Time (s),Main Avg Current (A),Main Avg Power (W)
0.0000,0.9558,4.1043
0.0002,0.9142,3.9293
0.0004,0.8983,3.8553
0.0006,0.9804,4.2099
0.0008,0.9107,3.9107
0.0010,0.9448,4.0494
0.0012,1.0147,4.3592
0.0014,0.963,4.1314
0.0016,1.013,4.3439
0.0018,1.0259,4.4031
0.0020,0.9754,4.1824
0.0022,1.0157,4.3573
0.0024,0.9364,4.0209
0.0026,0.928,3.9867
0.0028,0.9364,4.019
0.0030,1.0247,4.3959
0.0032,0.9925,4.2619
0.0034,0.9495,4.077
0.0036,0.9492,4.076
0.0038,0.9477,4.0731
0.0040,0.9021,3.8736
0.0042,0.9377,4.0266
0.0044,0.9486,4.0734
0.0046,0.9476,4.0688
0.0048,0.9736,4.1747
0.0050,1.067,4.5711
0.0052,1.1475,4.9067
0.0054,1.2285,5.2554
0.0056,1.1441,4.9061
0.0058,1.0595,4.5472
0.0060,1.0647,4.5677
0.0062,0.9756,4.1893
0.0064,0.9678,4.15
0.0066,1.0651,4.565
0.0068,1.1321,4.8479
0.0070,1.1635,4.9866
0.0072,1.1215,4.8066
0.0074,1.103,4.7275
0.0076,1.0782,4.6297
0.0078,0.9802,4.2089
0.0080,0.9922,4.2604
0.0082,0.9911,4.2538
0.0084,1.0531,4.5157
0.0086,1.1049,4.7379
0.0088,1.0614,4.5639
0.0090,0.9464,4.0655
0.0092,0.9688,4.1541
0.0094,1.0575,4.5432
0.0096,0.9597,4.1266
0.0098,0.8575,3.6906
0.0100,0.8171,3.5101
0.0102,0.9997,4.2908
0.0104,1.0327,4.4345
0.0106,1.0465,4.5042
0.0108,0.9262,3.9827
0.0110,0.914,3.9228
0.0112,0.9357,4.0309
0.0114,0.8172,3.5188
0.0116,0.8442,3.6265
0.0118,1.0436,4.473
0.0120,1.1088,4.7588
0.0122,0.9977,4.2941
0.0124,0.865,3.7214
0.0126,0.9377,4.0303
0.0128,0.954,4.0928
0.0130,0.9753,4.1878
0.0132,1.0276,4.4062
0.0134,1.1359,4.8683
0.0136,1.1444,4.9071
0.0138,1.0899,4.6758
0.0140,1.0944,4.6992
0.0142,1.1248,4.8188
0.0144,1.1092,4.7697
0.0146,0.9186,3.952
0.0148,0.8673,3.7381
0.0150,0.8753,3.7587
0.0152,1.0801,4.6271
0.0154,1.1896,5.0939
0.0156,1.1991,5.1416
0.0158,1.1644,4.9907
0.0160,1.105,4.7406
0.0162,1.0579,4.5553
0.0164,0.8362,3.5992
0.0166,0.8111,3.4973
0.0168,0.7448,3.2103
0.0170,0.7351,3.1743
0.0172,0.6337,2.7349
0.0174,0.6279,2.7113
0.0176,0.6635,2.8651
0.0178,0.609,2.6319
0.0180,0.6004,2.5963
0.0182,0.6021,2.5975
0.0184,0.7481,3.2198
0.0186,0.8355,3.6011
0.0188,0.7338,3.1642
0.0190,0.6713,2.8974
0.0192,0.6645,2.8666
0.0194,0.6875,2.9632
0.0196,0.7277,3.1393
0.0198,0.6608,2.8545
0.0200,0.5992,2.5899
0.0202,0.5971,2.5794
0.0204,0.5972,2.5787
0.0206,0.5956,2.5708
0.0208,0.6315,2.7281
0.0210,0.5932,2.5616
0.0212,0.637,2.7507
0.0214,0.6034,2.6081
0.0216,0.6133,2.642
0.0218,0.8131,3.4979
0.0220,0.8765,3.7657
0.0222,0.9133,3.9252
0.0224,0.8096,3.4943
0.0226,0.6767,2.9248
0.0228,0.5684,2.4567
0.0230,0.5544,2.3938
0.0232,0.6345,2.7385
0.0234,0.6409,2.7647
0.0236,0.6278,2.7095
0.0238,0.6327,2.7282
0.0240,0.6686,2.8855
0.0242,0.6231,2.6881
0.0244,0.6567,2.829
0.0246,0.7313,3.1504
0.0248,0.8143,3.5031
0.0250,0.8957,3.8481
0.0252,0.9617,4.1257
0.0254,0.9254,3.9791
0.0256,0.9105,3.9133
0.0258,0.9224,3.9625
0.0260,0.9424,4.0598
0.0262,0.8063,3.4766
0.0264,0.69,2.9754
0.0266,0.6791,2.9324
0.0268,0.6461,2.7861
0.0270,0.6632,2.8556
0.0272,0.7437,3.1992
0.0274,0.8583,3.6908
0.0276,0.8572,3.6913
0.0278,0.8709,3.7501
0.0280,0.8047,3.4683
0.0282,0.6912,2.9737
0.0284,0.8106,3.4887
0.0286,0.8143,3.5015
0.0288,0.8455,3.639
0.0290,0.873,3.7572
0.0292,0.8654,3.7368
0.0294,0.5772,2.4934
0.0296,0.5537,2.3907
0.0298,0.5742,2.485
0.0300,0.4957,2.1405
0.0302,0.5912,2.5493
0.0304,0.6796,2.9223
0.0306,0.7889,3.3937
0.0308,0.7938,3.4228
0.0310,0.7207,3.105
0.0312,0.7297,3.1481
0.0314,0.6872,2.9589
0.0316,0.7423,3.1965
0.0318,0.7203,3.1058
0.0320,0.69,2.9741
0.0322,0.7255,3.1169
0.0324,0.9185,3.9405
0.0326,1.0559,4.5297
0.0328,1.0916,4.6852
0.0330,1.0572,4.529
0.0332,1.1483,4.9172
0.0334,1.1233,4.8121
0.0336,1.1175,4.783
0.0338,1.1896,5.101
0.0340,1.1277,4.8266
0.0342,1.2376,5.2869
0.0344,1.289,5.5171
0.0346,1.2537,5.3631
0.0348,1.288,5.5073
0.0350,1.218,5.2107
0.0352,1.2185,5.2079
0.0354,1.2703,5.437
0.0356,1.2652,5.4174
0.0358,1.285,5.497
0.0360,1.2009,5.1446
0.0362,1.1949,5.1165
0.0364,1.2599,5.3948
0.0366,1.1581,4.9657
0.0368,1.1313,4.8443
0.0370,1.2325,5.2851
0.0372,1.1272,4.8516
0.0374,0.8431,3.632
0.0376,0.8072,3.4791
0.0378,0.7921,3.414
0.0380,0.7778,3.3509
0.0382,0.7711,3.3204
0.0384,0.8564,3.6808
0.0386,0.9099,3.9162
0.0388,0.9049,3.8945
0.0390,0.9015,3.8764
0.0392,0.9257,3.9788
0.0394,0.8413,3.6259
0.0396,0.7354,3.1709
0.0398,0.723,3.1191
0.0400,0.7548,3.2487
0.0402,0.7909,3.412
0.0404,0.7167,3.0903
0.0406,0.766,3.3059
0.0408,0.6785,2.9271
0.0410,0.6447,2.7825
0.0412,0.6219,2.6842
0.0414,0.6427,2.7724
0.0416,0.7786,3.3556
0.0418,0.7729,3.3328
0.0420,0.6965,3.0048
0.0422,0.7007,3.0187
0.0424,0.8112,3.4897
0.0426,0.8997,3.8705
0.0428,0.8367,3.608
0.0430,0.7625,3.2848
0.0432,0.7734,3.3318
0.0434,0.7849,3.3783
0.0436,0.8403,3.6168
0.0438,0.874,3.7671
0.0440,0.7523,3.2454
0.0442,0.6584,2.8389
0.0444,0.6884,2.9641
0.0446,0.8093,3.4895
0.0448,0.688,2.9708
0.0450,0.7023,3.0254
0.0452,0.7873,3.3902
0.0454,0.7757,3.3385
0.0456,0.8265,3.5557
0.0458,0.8299,3.5752
0.0460,0.7684,3.3193
0.0462,0.5493,2.3743
0.0464,0.5257,2.2711
0.0466,0.5886,2.5391
0.0468,0.6562,2.8309
0.0470,0.6893,2.9765
0.0472,0.5633,2.4355
0.0474,0.5096,2.2037
0.0476,0.5004,2.1628
0.0478,0.5056,2.185
0.0480,0.5041,2.1788
0.0482,0.5053,2.184
0.0484,0.6563,2.8288
0.0486,0.7028,3.0303
0.0488,0.7212,3.1027
0.0490,0.8245,3.547
0.0492,0.8281,3.5608
0.0494,0.7748,3.3411
0.0496,0.6754,2.9137
0.0498,0.6674,2.8804
0.0500,0.5738,2.48
0.0502,0.5144,2.2224
0.0504,0.594,2.5612
0.0506,0.6669,2.8796
0.0508,0.5622,2.4275
0.0510,0.6013,2.5903
0.0512,0.7188,3.0981
0.0514,0.77,3.3112
0.0516,0.8954,3.843
0.0518,0.937,4.0235
0.0520,0.9111,3.9195
0.0522,0.8613,3.7037
0.0524,0.821,3.5304
0.0526,0.8421,3.6245
0.0528,0.8336,3.5878
0.0530,0.807,3.4781
0.0532,0.6557,2.8328
0.0534,0.5968,2.5772
0.0536,0.5905,2.5473
0.0538,0.5772,2.4934
0.0540,0.5032,2.1737
0.0542,0.4928,2.1261
0.0544,0.5895,2.5432
0.0546,0.6134,2.6425
0.0548,0.7368,3.1698
0.0550,0.7959,3.4194
0.0552,0.9659,4.1495
0.0554,0.9681,4.1549
0.0556,0.9406,4.0352
0.0558,0.8985,3.8689
0.0560,0.7568,3.2696
0.0562,0.5403,2.3343
0.0564,0.5651,2.4354
0.0566,0.6917,2.9785
0.0568,0.757,3.2565
0.0570,0.7975,3.4277
0.0572,0.8332,3.5863
0.0574,0.7437,3.2007
0.0576,0.7269,3.1371
0.0578,0.6118,2.6443
0.0580,0.5707,2.4597
0.0582,0.6686,2.8775
0.0584,0.8081,3.473
0.0586,0.8716,3.7445
0.0588,0.9348,4.0217
0.0590,0.8035,3.4551
0.0592,0.7712,3.321
0.0594,0.759,3.2698
0.0596,0.6777,2.9235
0.0598,0.6446,2.7807
0.0600,0.6525,2.8122
0.0602,0.6303,2.7166
0.0604,0.6778,2.9186
0.0606,0.6682,2.8773
0.0608,0.7254,3.1222
0.0610,0.7282,3.1399
0.0612,0.7017,3.0228
0.0614,0.6963,3.0009
0.0616,0.6559,2.8215
0.0618,0.8532,3.6686
0.0620,0.7939,3.417
0.0622,0.7452,3.2074
0.0624,0.7249,3.1259
0.0626,0.6139,2.647
0.0628,0.616,2.6613
0.0630,0.5483,2.3652
0.0632,0.615,2.6554
0.0634,0.5766,2.4839
0.0636,0.6404,2.7652
0.0638,0.5287,2.2809
0.0640,0.5573,2.4029
0.0642,0.6091,2.6288
0.0644,0.5792,2.4999
0.0646,0.5649,2.4371
0.0648,0.6639,2.8547
0.0650,0.8249,3.5353
0.0652,0.9807,4.207
0.0654,0.9983,4.2747
0.0656,1.0952,4.6941
0.0658,1.0238,4.3943
0.0660,0.9954,4.2683
0.0662,1.0627,4.5462
0.0664,1.1381,4.8735
0.0666,1.0752,4.6039
0.0668,1.088,4.6589
0.0670,1.1505,4.9264
0.0672,1.1452,4.8993
0.0674,1.1577,4.9596
0.0676,1.1313,4.8443
0.0678,1.0978,4.7098
0.0680,1.0336,4.4319
0.0682,1.0878,4.66
0.0684,1.0761,4.608
0.0686,1.0152,4.3613
0.0688,0.8894,3.8243
0.0690,0.8598,3.6952
0.0692,0.9272,3.9757
0.0694,0.9936,4.2646
0.0696,1.0002,4.2909
0.0698,1.0538,4.5104
0.0700,1.0904,4.68
0.0702,0.9426,4.0515
0.0704,0.8891,3.8251
0.0706,0.8457,3.6349
0.0708,0.907,3.8983
0.0710,0.9592,4.1149
0.0712,0.9714,4.1752
0.0714,0.9412,4.0415
0.0716,0.9544,4.1001
0.0718,0.9976,4.2736
0.0720,1.0733,4.6043
0.0722,1.1094,4.7614
0.0724,1.0478,4.4931
0.0726,1.0697,4.6017
0.0728,0.8819,3.7959
0.0730,0.8642,3.7143
0.0732,0.8854,3.8056
0.0734,0.8895,3.8249
0.0736,0.8807,3.7854
0.0738,1.0025,4.2967
0.0740,1.0974,4.7011
0.0742,1.1671,4.9997
0.0744,1.1275,4.8233
0.0746,1.1967,5.1433
0.0748,0.9196,3.9617
0.0750,0.8949,3.8481
0.0752,0.9629,4.1405
0.0754,0.9509,4.0794
0.0756,0.9736,4.1884
0.0758,0.9043,3.8883
0.0760,0.9274,3.986
0.0762,0.9707,4.1701
0.0764,1.0326,4.4319
0.0766,1.0418,4.4736
0.0768,1.0075,4.3263
0.0770,1.0616,4.5565
0.0772,1.0438,4.4819
0.0774,0.9216,3.9705
0.0776,0.8057,3.4708
0.0778,0.7871,3.3907
0.0780,0.7445,3.2073
0.0782,0.806,3.4611
0.0784,0.967,4.16
0.0786,0.8684,3.7358
0.0788,0.8741,3.7553
0.0790,0.8911,3.8298
0.0792,0.8923,3.8403
0.0794,0.7372,3.1846
0.0796,0.6168,2.6656
0.0798,0.5868,2.536
0.0800,0.5904,2.548
0.0802,0.6391,2.7543
0.0804,0.7649,3.2966
0.0806,0.6664,2.8802
0.0808,0.587,2.5359
0.0810,0.58,2.5058
0.0812,0.5806,2.5084
0.0814,0.5842,2.5204
0.0816,0.6868,2.9573
0.0818,0.822,3.5394
0.0820,0.7991,3.4392
0.0822,0.7324,3.1624
0.0824,0.5922,2.557
0.0826,0.5768,2.4907
0.0828,0.5742,2.4781
0.0830,0.5747,2.4825
0.0832,0.5751,2.4857
0.0834,0.5729,2.4724
0.0836,0.5735,2.4773
0.0838,0.5769,2.49
0.0840,0.6213,2.6803
0.0842,0.5844,2.5221
0.0844,0.5735,2.4773
0.0846,0.573,2.4752
0.0848,0.5719,2.4683
0.0850,0.6485,2.7939
0.0852,0.7201,3.1053
0.0854,0.7056,3.0398
0.0856,0.6463,2.7892
0.0858,0.5884,2.5385
0.0860,0.5857,2.5266
0.0862,0.5865,2.5326
0.0864,0.6184,2.6667
0.0866,0.6585,2.842
0.0868,0.5887,2.5396
0.0870,0.5774,2.4921
0.0872,0.5919,2.5559
0.0874,0.577,2.4894
0.0876,0.5666,2.4444
0.0878,0.566,2.4429
0.0880,0.5643,2.4379
0.0882,0.5708,2.4625
0.0884,0.663,2.8511
0.0886,0.7757,3.3354
0.0888,0.8679,3.732
0.0890,0.8582,3.6885
0.0892,0.8764,3.7704
0.0894,0.7643,3.291
0.0896,0.8,3.4465
0.0898,0.7416,3.1919
0.0900,0.7819,3.3638
0.0902,0.8732,3.753
0.0904,0.8302,3.5817
0.0906,0.6555,2.8252
0.0908,0.6494,2.7975
0.0910,0.7318,3.1525
0.0912,0.7979,3.426
0.0914,0.9091,3.9107
0.0916,0.8834,3.788
0.0918,1.0584,4.5489
0.0920,0.8458,3.6354
0.0922,0.7919,3.4034
0.0924,0.7961,3.4263
0.0926,0.8177,3.5225
0.0928,0.7678,3.3075
0.0930,0.7327,3.1493
0.0932,0.8149,3.5041
0.0934,0.834,3.5827
0.0936,0.9087,3.8983
0.0938,0.9206,3.9566
0.0940,0.873,3.7502
0.0942,0.9987,4.2802
0.0944,1.1144,4.7763
0.0946,1.0802,4.6428
0.0948,0.8823,3.7922
0.0950,0.8328,3.5759
0.0952,0.9328,4.0055
0.0954,0.8906,3.8331
0.0956,0.8228,3.5447
0.0958,0.7681,3.306
0.0960,0.7871,3.3844
0.0962,0.8257,3.5538
0.0964,0.764,3.29
0.0966,0.7452,3.2014
0.0968,0.8817,3.7931
0.0970,0.8667,3.7286
0.0972,0.8613,3.7071
0.0974,0.816,3.5071
0.0976,0.7826,3.3747
0.0978,0.6714,2.8939
0.0980,0.6963,3.0009
0.0982,0.644,2.7743
0.0984,0.7249,3.1201
0.0986,0.7805,3.3638
0.0988,0.7207,3.1093
0.0990,0.6683,2.8818
0.0992,0.6214,2.6784
0.0994,0.7296,3.1374
0.0996,0.8773,3.7723
0.0998,0.8243,3.5476
0.1000,0.7553,3.2523
0.1002,0.7451,3.2098
0.1004,0.7475,3.2187
0.1006,0.8052,3.4607
0.1008,0.8582,3.6902
0.1010,0.87,3.739
0.1012,0.9069,3.8942
0.1014,0.9628,4.1304
0.1016,0.979,4.1979
0.1018,1.0022,4.2996
0.1020,0.9793,4.2053
0.1022,0.9708,4.1745
0.1024,0.8821,3.7894
0.1026,0.895,3.8468
0.1028,0.8439,3.6306
0.1030,0.8398,3.608
0.1032,0.8466,3.6385
0.1034,0.8795,3.7785
0.1036,0.8845,3.8014
0.1038,0.9122,3.9205
0.1040,0.923,3.9614
0.1042,0.8879,3.8128
0.1044,0.8893,3.8203
0.1046,0.874,3.7618
0.1048,0.8115,3.4864
0.1050,0.9826,4.2172
0.1052,1.0182,4.3661
0.1054,0.994,4.2721
0.1056,0.9186,3.9465
0.1058,0.925,3.9812
0.1060,0.7825,3.3695
0.1062,0.7369,3.1732
0.1064,0.8238,3.5472
0.1066,0.8226,3.5387
0.1068,0.8528,3.6653
0.1070,0.852,3.6651
0.1072,0.8606,3.704
0.1074,0.8377,3.6037
0.1076,0.8003,3.4475
0.1078,0.6766,2.9202
0.1080,0.641,2.7652
0.1082,0.6852,2.9506
0.1084,0.751,3.2337
0.1086,0.7524,3.2399
0.1088,0.7846,3.3736
0.1090,0.837,3.5973
0.1092,0.875,3.7625
0.1094,0.827,3.5578
0.1096,0.8344,3.5948
0.1098,0.7524,3.2399
0.1100,0.7879,3.3927
0.1102,0.7831,3.3721
0.1104,0.8353,3.5917
0.1106,0.6591,2.8393
0.1108,0.6965,3.0005
0.1110,0.7277,3.1319
0.1112,0.7888,3.3983
0.1114,0.7669,3.3038
0.1116,0.8018,3.4445
0.1118,0.9509,4.0812
0.1120,0.978,4.1956
0.1122,0.9229,3.9704
0.1124,0.8206,3.5352
0.1126,0.7554,3.2572
0.1128,0.7393,3.1864
0.1130,0.6803,2.9361
0.1132,0.5899,2.547
0.1134,0.5805,2.5055
0.1136,0.5829,2.5135
0.1138,0.6184,2.6678
0.1140,0.5749,2.4823
0.1142,0.5268,2.2746
0.1144,0.5941,2.5651
0.1146,0.6166,2.6539
0.1148,0.7761,3.3389
0.1150,0.803,3.4561
0.1152,0.7598,3.2642
0.1154,0.8048,3.467
0.1156,0.7421,3.1953
0.1158,0.721,3.1116
0.1160,0.5978,2.5836
0.1162,0.5586,2.4107
0.1164,0.5825,2.5108
0.1166,0.6135,2.6478
0.1168,0.5913,2.5509
0.1170,0.6466,2.7829
0.1172,0.747,3.2135
0.1174,0.8321,3.5749
0.1176,0.8567,3.6873
0.1178,0.7585,3.2646
0.1180,0.8371,3.5943
0.1182,0.9168,3.9405
0.1184,0.8409,3.6125
0.1186,0.8397,3.6107
0.1188,0.7704,3.3172
0.1190,0.7038,3.0362
0.1192,0.5852,2.528
0.1194,0.5556,2.4
0.1196,0.5629,2.4271
0.1198,0.6315,2.7217
0.1200,0.6917,2.9798
0.1202,0.6658,2.8735
0.1204,0.5276,2.2803
0.1206,0.4656,2.0142
0.1208,0.4633,2.0025
0.1210,0.4657,2.0129
0.1212,0.4637,2.005
0.1214,0.4902,2.1137
0.1216,0.5953,2.5679
0.1218,0.6113,2.6361
0.1220,0.6216,2.6793
0.1222,0.602,2.5981
0.1224,0.5352,2.3087
0.1226,0.5388,2.3253
0.1228,0.5547,2.3953
0.1230,0.5518,2.3817
0.1232,0.5452,2.3522
0.1234,0.5432,2.3434
0.1236,0.5427,2.3435
0.1238,0.539,2.3242
0.1240,0.5847,2.5212
0.1242,0.6046,2.6095
0.1244,0.5859,2.5276
0.1246,0.6019,2.5928
0.1248,0.6841,2.9431
0.1250,0.7627,3.2842
0.1252,0.7313,3.1459
0.1254,0.7096,3.0582
0.1256,0.5887,2.5371
0.1258,0.6202,2.6718
0.1260,0.6684,2.8782
0.1262,0.7009,3.014
0.1264,0.7026,3.0268
0.1266,0.6556,2.8269
0.1268,0.592,2.554
0.1270,0.5211,2.2513
0.1272,0.4911,2.1178
0.1274,0.5377,2.3228
0.1276,0.4897,2.1136
0.1278,0.4855,2.0984
0.1280,0.4812,2.0759
0.1282,0.6049,2.6057
0.1284,0.5578,2.4087
0.1286,0.4534,1.9586
0.1288,0.5143,2.2207
0.1290,0.4511,1.9487
0.1292,0.41,1.771
0.1294,0.4627,1.9999
0.1296,0.488,2.1063
0.1298,0.4876,2.1062
0.1300,0.5148,2.2218
0.1302,0.512,2.2099
0.1304,0.4776,2.0584
0.1306,0.5083,2.1898
0.1308,0.5668,2.4476
0.1310,0.5238,2.2575
0.1312,0.586,2.5234
0.1314,0.6257,2.6944
0.1316,0.6623,2.8519
0.1318,0.6936,2.9811
0.1320,0.7256,3.1202
0.1322,0.7355,3.1566
0.1324,0.8103,3.4843
0.1326,0.7458,3.2098
0.1328,0.802,3.4391
0.1330,0.9211,3.9498
0.1332,0.9316,4.0001
0.1334,0.8843,3.7937
0.1336,0.9343,4.0083
0.1338,0.9643,4.1311
0.1340,1.06,4.5411
0.1342,1.0201,4.3741
0.1344,1.0419,4.4573
0.1346,1.1027,4.7196
0.1348,1.0715,4.5905
0.1350,1.0852,4.6382
0.1352,1.086,4.657
0.1354,0.9039,3.8812
0.1356,0.886,3.8062
0.1358,0.8778,3.7642
0.1360,0.9071,3.8987
0.1362,0.8496,3.6518
0.1364,0.8993,3.8544
0.1366,0.9851,4.22
0.1368,1.0075,4.3181
0.1370,1.0179,4.3689
0.1372,0.932,4.0041
0.1374,0.9412,4.0357
0.1376,0.9378,4.0307
0.1378,0.8159,3.5086
0.1380,0.779,3.3513
0.1382,0.8176,3.5109
0.1384,0.8445,3.6262
0.1386,0.8481,3.6451
0.1388,0.8452,3.6327
0.1390,0.8945,3.8392
0.1392,0.927,3.9787
0.1394,0.8889,3.8239
0.1396,0.8087,3.4776
0.1398,0.8283,3.5567
0.1400,0.8947,3.8402
0.1402,0.9049,3.8876
0.1404,0.8802,3.7797
0.1406,0.8943,3.8436
0.1408,0.8602,3.6989
0.1410,0.8778,3.7694
0.1412,0.9192,3.9471
0.1414,0.9078,3.8964
0.1416,0.9205,3.9565
0.1418,0.8092,3.4764
0.1420,0.8573,3.6882
0.1422,0.8203,3.5255
0.1424,0.9073,3.8997
0.1426,0.8135,3.5048
0.1428,0.7226,3.1145
0.1430,0.6834,2.9441
0.1432,0.6654,2.8653
0.1434,0.6679,2.8788
0.1436,0.6676,2.8786
0.1438,0.6763,2.9123
0.1440,0.7315,3.147
0.1442,0.7547,3.248
0.1444,0.7824,3.361
0.1446,0.8345,3.5818
0.1448,0.8751,3.7593
0.1450,0.8941,3.8466
0.1452,0.862,3.7049
0.1454,0.9102,3.9085
0.1456,0.8696,3.7426
0.1458,0.755,3.2511
0.1460,0.6807,2.9377
0.1462,0.5824,2.5149
0.1464,0.5744,2.4779
0.1466,0.5896,2.5436
0.1468,0.6021,2.5974
0.1470,0.5755,2.486
0.1472,0.4993,2.156
0.1474,0.5055,2.1839
0.1476,0.5155,2.2228
0.1478,0.5533,2.3868
0.1480,0.5506,2.3733
0.1482,0.6478,2.7907
0.1484,0.6956,2.9982
0.1486,0.5918,2.5541
0.1488,0.5365,2.3155
0.1490,0.5316,2.2953
0.1492,0.5336,2.3031
0.1494,0.5972,2.5702
0.1496,0.6766,2.912
0.1498,0.6392,2.7599
0.1500,0.5496,2.373
0.1502,0.5554,2.3962
0.1504,0.589,2.541
0.1506,0.5612,2.4199
0.1508,0.6087,2.6235
0.1510,0.6227,2.6814
0.1512,0.6407,2.7589
0.1514,0.6675,2.8728
0.1516,0.6625,2.8609
0.1518,0.5359,2.3118
0.1520,0.5392,2.3252
0.1522,0.6091,2.6238
0.1524,0.6622,2.8514
0.1526,0.6904,2.9713
0.1528,0.7292,3.1386
0.1530,0.712,3.0657
0.1532,0.6958,2.9974
0.1534,0.6914,2.976
0.1536,0.6634,2.8592
0.1538,0.6255,2.6971
0.1540,0.6356,2.7367
0.1542,0.6466,2.7842
0.1544,0.6586,2.8345
0.1546,0.6807,2.9282
0.1548,0.7232,3.1128
0.1550,0.7389,3.1775
0.1552,0.7762,3.3348
0.1554,0.755,3.2541
0.1556,0.6594,2.8421
0.1558,0.641,2.7599
0.1560,0.6357,2.7398
0.1562,0.6322,2.7222
0.1564,0.6315,2.7204
0.1566,0.6353,2.7369
0.1568,0.6493,2.7987
0.1570,0.6643,2.862
0.1572,0.6707,2.884
0.1574,0.7421,3.1909
0.1576,0.7454,3.2068
0.1578,0.7668,3.2956
0.1580,0.7946,3.4199
0.1582,0.7645,3.2888
0.1584,0.7147,3.079
0.1586,0.6856,2.9507
0.1588,0.7487,3.2222
0.1590,0.6894,2.9686
0.1592,0.6061,2.6121
0.1594,0.5665,2.4404
0.1596,0.5984,2.5814
0.1598,0.5722,2.4675
0.1600,0.5817,2.506
0.1602,0.6387,2.754
0.1604,0.6052,2.6073
0.1606,0.6816,2.9309
0.1608,0.6922,2.9832
0.1610,0.5938,2.5594
0.1612,0.5803,2.5033
0.1614,0.5957,2.5641
0.1616,0.6838,2.9484
0.1618,0.5746,2.4801
0.1620,0.5478,2.363
0.1622,0.5311,2.2911
0.1624,0.5243,2.2606
0.1626,0.4983,2.1499
0.1628,0.4852,2.092
0.1630,0.5148,2.2238
0.1632,0.4234,1.8299
0.1634,0.4011,1.7335
0.1636,0.4025,1.7397
0.1638,0.4491,1.9381
0.1640,0.4927,2.1236
0.1642,0.5348,2.3072
0.1644,0.4955,2.1384
0.1646,0.4892,2.1096
0.1648,0.5078,2.1867
0.1650,0.6571,2.827
0.1652,0.7133,3.0699
0.1654,0.6931,2.9791
0.1656,0.7645,3.2873
0.1658,0.7072,3.0464
0.1660,0.6162,2.6523
0.1662,0.684,2.9413
0.1664,0.79,3.394
0.1666,0.8361,3.5885
0.1668,0.888,3.8079
0.1670,0.9239,3.9616
0.1672,0.9201,3.9452
0.1674,0.9583,4.1054
0.1676,0.9326,3.9955
0.1678,0.9992,4.2786
0.1680,1.0117,4.3361
0.1682,0.9957,4.2677
0.1684,0.975,4.1788
0.1686,0.9887,4.2374
0.1688,1.0197,4.3685
0.1690,1.0152,4.351
0.1692,1.0069,4.3095
0.1694,1.0837,4.6337
0.1696,1.0756,4.6079
0.1698,0.978,4.1975
0.1700,0.9348,4.0103
0.1702,0.9738,4.1717
0.1704,0.9819,4.2106
0.1706,0.9286,3.9836
0.1708,0.9302,3.9908
0.1710,0.9452,4.0589
0.1712,0.9131,3.9208
0.1714,0.9081,3.8974
0.1716,0.8901,3.8255
0.1718,0.8818,3.7882
0.1720,0.8433,3.6211
0.1722,0.8104,3.4767
0.1724,0.8841,3.798
0.1726,0.8846,3.8
0.1728,0.8702,3.7399
0.1730,0.8242,3.5442
0.1732,0.8251,3.5494
0.1734,0.8029,3.4475
0.1736,0.8277,3.5558
0.1738,0.7984,3.4333
0.1740,0.7543,3.2435
0.1742,0.7932,3.4137
0.1744,0.7411,3.1956
0.1746,0.6823,2.9395
0.1748,0.7216,3.1027
0.1750,0.7599,3.2692
0.1752,0.7958,3.4219
0.1754,0.8297,3.5646
0.1756,0.8327,3.5774
0.1758,0.8231,3.5379
0.1760,0.8333,3.5867
0.1762,0.7362,3.173
0.1764,0.7033,3.0257
0.1766,0.7255,3.127
0.1768,0.6177,2.661
0.1770,0.6166,2.6576
0.1772,0.6186,2.6651
0.1774,0.646,2.7842
0.1776,0.6832,2.9431
0.1778,0.6832,2.9404
0.1780,0.7192,3.0895
0.1782,0.8489,3.6521
0.1784,0.7258,3.1309
0.1786,0.6008,2.5893
0.1788,0.5652,2.4392
0.1790,0.4989,2.1544
0.1792,0.5335,2.3025
0.1794,0.5015,2.1673
0.1796,0.4485,1.9373
0.1798,0.4457,1.9254
0.1800,0.45,1.9458
0.1802,0.4482,1.9363
0.1804,0.4473,1.9303
0.1806,0.4453,1.9247
0.1808,0.4506,1.9475
0.1810,0.451,1.9482
0.1812,0.4503,1.9442
0.1814,0.4467,1.9286
0.1816,0.4492,1.9413
0.1818,0.4559,1.9694
0.1820,0.4616,1.9925
0.1822,0.4503,1.9442
0.1824,0.4494,1.9406
0.1826,0.4782,2.0649
0.1828,0.5455,2.3521
0.1830,0.5396,2.3279
0.1832,0.5343,2.3062
0.1834,0.4818,2.0804
0.1836,0.4504,1.9438
0.1838,0.4781,2.0634
0.1840,0.4777,2.0628
0.1842,0.4503,1.9433
0.1844,0.4477,1.9333
0.1846,0.4398,1.9
0.1848,0.4432,1.9145
0.1850,0.4471,1.9307
0.1852,0.4461,1.9243
0.1854,0.444,1.9155
0.1856,0.4459,1.9264
0.1858,0.4461,1.9252
0.1860,0.4449,1.9209
0.1862,0.4441,1.916
0.1864,0.4423,1.91
0.1866,0.4423,1.9109
0.1868,0.4751,2.0504
0.1870,0.4669,2.0143
0.1872,0.4486,1.9351
0.1874,0.471,2.031
0.1876,0.4687,2.0221
0.1878,0.4657,2.0101
0.1880,0.4594,1.9835
0.1882,0.4585,1.979
0.1884,0.4916,2.1199
0.1886,0.5396,2.3257
0.1888,0.5855,2.5202
0.1890,0.6213,2.674
0.1892,0.6249,2.6895
0.1894,0.6091,2.625
0.1896,0.5716,2.4614
0.1898,0.623,2.68
0.1900,0.643,2.7674
0.1902,0.6447,2.7785
0.1904,0.5764,2.4809
0.1906,0.6065,2.6105
0.1908,0.592,2.5492
0.1910,0.6206,2.6709
0.1912,0.6645,2.8545
0.1914,0.7401,3.1782
0.1916,0.7686,3.3049
0.1918,0.7517,3.2276
0.1920,0.8135,3.4917
0.1922,0.7815,3.3559
0.1924,0.7508,3.23
0.1926,0.6713,2.8893
0.1928,0.675,2.9053
0.1930,0.6899,2.9679
0.1932,0.7469,3.21
0.1934,0.7367,3.1706
0.1936,0.6634,2.8552
0.1938,0.5872,2.5309
0.1940,0.5752,2.4792
0.1942,0.5625,2.4222
0.1944,0.6153,2.6482
0.1946,0.6118,2.6344
0.1948,0.6814,2.934
0.1950,0.5917,2.5477
0.1952,0.5563,2.3976
0.1954,0.5329,2.2957
0.1956,0.5855,2.5237
0.1958,0.5343,2.3051
0.1960,0.4235,1.8287
0.1962,0.3917,1.6915
0.1964,0.3855,1.6645
0.1966,0.3836,1.657
0.1968,0.3926,1.6951
0.1970,0.4181,1.8037
0.1972,0.4393,1.8944
0.1974,0.4927,2.1226
0.1976,0.5446,2.3474
0.1978,0.5067,2.1851
0.1980,0.5063,2.182
0.1982,0.6041,2.5966
0.1984,0.6723,2.8894
0.1986,0.6652,2.8629
0.1988,0.6464,2.7793
0.1990,0.7153,3.073
0.1992,0.7157,3.076
0.1994,0.7172,3.0812
0.1996,0.781,3.3507
0.1998,0.8526,3.6562
0.2000,0.8928,3.8284
0.2002,0.9255,3.9646
0.2004,0.9636,4.1222
0.2006,0.9812,4.2036
0.2008,0.9813,4.206
0.2010,0.9631,4.126
0.2012,0.9608,4.1181
0.2014,0.9418,4.0402
0.2016,0.8574,3.6784
0.2018,0.8431,3.6184
0.2020,0.8633,3.7054
0.2022,0.8327,3.5708
0.2024,0.8818,3.7864
0.2026,0.7728,3.3214
0.2028,0.7608,3.2713
0.2030,0.7791,3.344
0.2032,0.8514,3.6544
0.2034,0.8567,3.6788
0.2036,0.8437,3.6243
0.2038,0.7993,3.4353
0.2040,0.7771,3.3337
0.2042,0.8615,3.6942
0.2044,0.8496,3.6518
0.2046,0.7848,3.3745
0.2048,0.7791,3.3471
0.2050,0.8066,3.4603
0.2052,0.8163,3.5069
0.2054,0.7783,3.3435
0.2056,0.7827,3.361
0.2058,0.846,3.6329
0.2060,0.8065,3.4662
0.2062,0.7286,3.1331
0.2064,0.7412,3.1843
0.2066,0.8117,3.4905
0.2068,0.7844,3.3667
0.2070,0.8269,3.5505
0.2072,0.7819,3.3637
0.2074,0.6901,2.9689
0.2076,0.6983,3.0026
0.2078,0.7608,3.2698
0.2080,0.8266,3.5512
0.2082,0.7802,3.3549
0.2084,0.7589,3.2616
0.2086,0.759,3.2651
0.2088,0.7374,3.1693
0.2090,0.7698,3.3085
0.2092,0.7957,3.423
0.2094,0.7652,3.2889
0.2096,0.7873,3.3869
0.2098,0.6974,3.0004
0.2100,0.7139,3.0697
0.2102,0.7099,3.0555
0.2104,0.7261,3.1223
0.2106,0.7555,3.2501
0.2108,0.7085,3.0507
0.2110,0.6835,2.9447
0.2112,0.6828,2.9361
0.2114,0.7524,3.2322
0.2116,0.7782,3.343
0.2118,0.7966,3.4239
0.2120,0.7704,3.3157
0.2122,0.6777,2.9193
0.2124,0.6124,2.6358
0.2126,0.6328,2.7286
0.2128,0.5937,2.5577
0.2130,0.6198,2.6678
0.2132,0.6839,2.9407
0.2134,0.7443,3.1962
0.2136,0.7699,3.3105
0.2138,0.7165,3.0853
0.2140,0.6257,2.6994
0.2142,0.5782,2.4922
0.2144,0.663,2.851
0.2146,0.7106,3.0572
0.2148,0.7385,3.1754
0.2150,0.7639,3.2832
0.2152,0.8465,3.6265
0.2154,0.9281,3.9871
0.2156,0.8079,3.4708
0.2158,0.7653,3.294
0.2160,0.698,3.0072
0.2162,0.6678,2.8783
0.2164,0.5812,2.5039
0.2166,0.5949,2.564
0.2168,0.5957,2.5676
0.2170,0.592,2.5516
0.2172,0.5861,2.5263
0.2174,0.5822,2.5104
0.2176,0.5763,2.485
0.2178,0.5902,2.5427
0.2180,0.6333,2.7231
0.2182,0.6849,2.9462
0.2184,0.6756,2.9119
0.2186,0.5837,2.5159
0.2188,0.575,2.4793
0.2190,0.5764,2.4856
0.2192,0.5677,2.4467
0.2194,0.577,2.4881
0.2196,0.5612,2.4188
0.2198,0.5492,2.3671
0.2200,0.5494,2.3681
0.2202,0.5499,2.368
0.2204,0.5502,2.3723
0.2206,0.5486,2.3656
0.2208,0.5527,2.382
0.2210,0.5506,2.3744
0.2212,0.5492,2.366
0.2214,0.6202,2.6694
0.2216,0.7217,3.0989
0.2218,0.8052,3.4541
0.2220,0.8193,3.5181
0.2222,0.8616,3.7051
0.2224,0.7905,3.4008
0.2226,0.749,3.2208
0.2228,0.6972,3.0036
0.2230,0.6508,2.8023
0.2232,0.6605,2.8389
0.2234,0.7267,3.1249
0.2236,0.6802,2.9275
0.2238,0.6521,2.8067
0.2240,0.6881,2.9574
0.2242,0.7551,3.2471
0.2244,0.7013,3.0169
0.2246,0.6358,2.7352
0.2248,0.716,3.0761
0.2250,0.7297,3.1392
0.2252,0.6851,2.9514
0.2254,0.6551,2.8196
0.2256,0.6628,2.8526
0.2258,0.6558,2.824
0.2260,0.6498,2.7995
0.2262,0.6595,2.8387
0.2264,0.6544,2.8152
0.2266,0.6546,2.8175
0.2268,0.7117,3.059
0.2270,0.72,3.1017
0.2272,0.6775,2.9161
0.2274,0.7267,3.1278
0.2276,0.66,2.8434
0.2278,0.5816,2.5066
0.2280,0.5279,2.2772
0.2282,0.5865,2.5267
0.2284,0.5605,2.4179
0.2286,0.4865,2.0986
0.2288,0.4395,1.8976
0.2290,0.4046,1.7485
0.2292,0.4018,1.7366
0.2294,0.4053,1.75
0.2296,0.3975,1.7163
0.2298,0.3917,1.6915
0.2300,0.3998,1.7262
0.2302,0.4538,1.9579
0.2304,0.4945,2.1303
0.2306,0.5444,2.3442
0.2308,0.6513,2.8044
0.2310,0.6269,2.7008
0.2312,0.6057,2.6069
0.2314,0.6738,2.8974
0.2316,0.7392,3.1726
0.2318,0.7724,3.3229
0.2320,0.681,2.9284
0.2322,0.7567,3.2477
0.2324,0.8097,3.4801
0.2326,0.7656,3.2874
0.2328,0.7826,3.3621
0.2330,0.7894,3.3883
0.2332,0.8259,3.5464
0.2334,0.8852,3.7938
0.2336,0.9894,4.2266
0.2338,1.1634,4.9701
0.2340,1.1241,4.8065
0.2342,1.1381,4.8665
0.2344,1.1481,4.9114
0.2346,1.1617,4.9629
0.2348,1.1457,4.908
0.2350,0.9491,4.0715
0.2352,0.9201,3.9433
0.2354,0.9711,4.1604
0.2356,1.0826,4.6334
0.2358,1.0889,4.6584
0.2360,1.0893,4.66
0.2362,1.1116,4.7554
0.2364,1.0919,4.68
0.2366,0.9632,4.1284
0.2368,0.9737,4.1731
0.2370,0.9911,4.2536
0.2372,0.9812,4.2075
0.2374,0.9816,4.209
0.2376,0.9787,4.1967
0.2378,0.9733,4.1755
0.2380,1.0009,4.2898
0.2382,1.0078,4.3196
0.2384,0.9885,4.2428
0.2386,0.9524,4.0898
0.2388,0.9276,3.9794
0.2390,0.9045,3.8838
0.2392,0.863,3.709
0.2394,0.8073,3.4714
0.2396,0.7359,3.166
0.2398,0.6984,3.0087
0.2400,0.7114,3.0631
0.2402,0.7274,3.1352
0.2404,0.6571,2.8297
0.2406,0.6938,2.9849
0.2408,0.7607,3.2769
0.2410,0.7002,3.0151
0.2412,0.6762,2.9131
0.2414,0.6763,2.911
0.2416,0.7555,3.2486
0.2418,0.7369,3.1731
0.2420,0.6516,2.8033
0.2422,0.7744,3.3317
0.2424,0.7404,3.1851
0.2426,0.7278,3.131
0.2428,0.7513,3.2321
0.2430,0.7557,3.2542
0.2432,0.717,3.086
0.2434,0.6719,2.8986
0.2436,0.6173,2.6619
0.2438,0.6384,2.7529
0.2440,0.601,2.5892
0.2442,0.6011,2.5921
0.2444,0.6119,2.635
0.2446,0.7252,3.1109
0.2448,0.8592,3.6965
0.2450,0.7379,3.1831
0.2452,0.561,2.4256
0.2454,0.456,1.969
0.2456,0.4894,2.1101
0.2458,0.5252,2.2679
0.2460,0.4547,1.9633
0.2462,0.4449,1.9218
0.2464,0.4465,1.9299
0.2466,0.4457,1.9254
0.2468,0.4619,1.9972
0.2470,0.4576,1.9785
0.2472,0.445,1.9223
0.2474,0.4464,1.9276
0.2476,0.4422,1.9113
0.2478,0.4428,1.9121
0.2480,0.4692,2.0232
0.2482,0.527,2.2704
0.2484,0.5662,2.4427
0.2486,0.4852,2.0949
0.2488,0.47,2.0306
0.2490,0.4662,2.0131
0.2492,0.4667,2.0142
0.2494,0.4651,2.0065
0.2496,0.4678,2.0198
0.2498,0.5043,2.1757
0.2500,0.4916,2.1209
0.2502,0.4622,1.9932
0.2504,0.5418,2.3339
0.2506,0.6507,2.8044
0.2508,0.605,2.6099
0.2510,0.5022,2.1654
0.2512,0.4739,2.0462
0.2514,0.4553,1.965
0.2516,0.4666,2.0118
0.2518,0.5036,2.1716
0.2520,0.5469,2.3583
0.2522,0.5668,2.4442
0.2524,0.5535,2.3857
0.2526,0.5466,2.3568
0.2528,0.5729,2.4671
0.2530,0.6167,2.6544
0.2532,0.6302,2.7122
0.2534,0.6503,2.7976
0.2536,0.6749,2.9061
0.2538,0.6519,2.8056
0.2540,0.6522,2.8098
0.2542,0.572,2.4676
0.2544,0.5463,2.3525
0.2546,0.6442,2.7726
0.2548,0.5676,2.445
0.2550,0.5701,2.4524
0.2552,0.661,2.8422
0.2554,0.6968,2.9978
0.2556,0.7147,3.0761
0.2558,0.6846,2.9438
0.2560,0.698,3.0002
0.2562,0.697,3.0039
0.2564,0.5618,2.4225
0.2566,0.5403,2.3266
0.2568,0.5848,2.5147
0.2570,0.624,2.6846
0.2572,0.6467,2.7847
0.2574,0.65,2.7974
0.2576,0.6564,2.8239
0.2578,0.7268,3.1167
0.2580,0.7942,3.4168
0.2582,0.6902,2.9722
0.2584,0.655,2.8151
0.2586,0.6844,2.9428
0.2588,0.7305,3.1457
0.2590,0.6476,2.7896
0.2592,0.5901,2.5422
0.2594,0.584,2.517
0.2596,0.6076,2.6212
0.2598,0.5145,2.2187
0.2600,0.4829,2.0822
0.2602,0.4733,2.0417
0.2604,0.4648,2.005
0.2606,0.464,2.0037
0.2608,0.4688,2.0216
0.2610,0.5099,2.1995
0.2612,0.5229,2.2528
0.2614,0.5768,2.486
0.2616,0.5178,2.2368
0.2618,0.4179,1.8035
0.2620,0.4079,1.7622
0.2622,0.3971,1.7155
0.2624,0.3945,1.7026
0.2626,0.3934,1.6987
0.2628,0.3938,1.701
0.2630,0.3966,1.7119
0.2632,0.3954,1.7067
0.2634,0.3988,1.7212
0.2636,0.3999,1.7251
0.2638,0.429,1.8491
0.2640,0.5087,2.1944
0.2642,0.5205,2.2425
0.2644,0.5277,2.2756
0.2646,0.5462,2.3476
0.2648,0.6774,2.9115
0.2650,0.6937,2.983
0.2652,0.688,2.9541
0.2654,0.74,3.1747
0.2656,0.7357,3.1621
0.2658,0.7652,3.2904
0.2660,0.7406,3.1862
0.2662,0.7085,3.0408
0.2664,0.8318,3.565
0.2666,0.8835,3.7919
0.2668,0.9118,3.9024
0.2670,0.9725,4.1602
0.2672,0.9941,4.2546
0.2674,0.9996,4.2842
0.2676,0.9338,4.0043
0.2678,0.9455,4.0504
0.2680,0.9461,4.0549
0.2682,0.9556,4.0993
0.2684,0.8769,3.7618
0.2686,0.8759,3.7559
0.2688,0.9305,3.9937
0.2690,0.8694,3.7386
0.2692,0.7502,3.2229
0.2694,0.7614,3.2709
0.2696,0.7573,3.2549
0.2698,0.7623,3.278
0.2700,0.7547,3.242
0.2702,0.7597,3.2591
0.2704,0.8508,3.6569
0.2706,0.7631,3.2796
0.2708,0.8203,3.5255
0.2710,0.8279,3.5486
0.2712,0.9207,3.9441
0.2714,0.9011,3.8639
0.2716,0.8896,3.8146
0.2718,0.8693,3.7311
0.2720,0.8559,3.6752
0.2722,0.8245,3.5402
0.2724,0.8674,3.7211
0.2726,0.8728,3.746
0.2728,0.8564,3.6807
0.2730,0.7616,3.2734
0.2732,0.7828,3.3647
0.2734,0.783,3.3605
0.2736,0.7962,3.4235
0.2738,0.7783,3.3482
0.2740,0.7849,3.3703
0.2742,0.8264,3.5468
0.2744,0.8513,3.6556
0.2746,0.8586,3.6836
0.2748,0.8934,3.8292
0.2750,0.9057,3.8835
0.2752,0.9383,4.0234
0.2754,0.9764,4.1908
0.2756,0.8988,3.8542
0.2758,0.9311,3.9925
0.2760,0.9719,4.1654
0.2762,0.9575,4.1114
0.2764,0.7921,3.4075
0.2766,0.7746,3.3306
0.2768,0.8005,3.4388
0.2770,0.7855,3.376
0.2772,0.8206,3.5254
0.2774,0.8408,3.6136
0.2776,0.7667,3.2935
0.2778,0.8097,3.4753
0.2780,0.8606,3.6953
0.2782,0.8548,3.6757
0.2784,0.7142,3.0812
0.2786,0.621,2.6767
0.2788,0.5539,2.3894
0.2790,0.4957,2.1395
0.2792,0.4909,2.1198
0.2794,0.5185,2.2358
0.2796,0.5383,2.3222
0.2798,0.5379,2.3206
0.2800,0.5367,2.3165
0.2802,0.5372,2.3186
0.2804,0.5356,2.3108
0.2806,0.5283,2.2782
0.2808,0.5243,2.2606
0.2810,0.5227,2.2539
0.2812,0.5251,2.2621
0.2814,0.5918,2.5494
0.2816,0.6155,2.6492
0.2818,0.6256,2.6988
0.2820,0.5485,2.3672
0.2822,0.5287,2.2808
0.2824,0.5305,2.2864
0.2826,0.5238,2.2596
0.2828,0.5288,2.2813
0.2830,0.5261,2.2704
0.2832,0.5269,2.272
0.2834,0.5246,2.2621
0.2836,0.525,2.2637
0.2838,0.5262,2.2699
0.2840,0.5247,2.2626
0.2842,0.5274,2.2719
0.2844,0.5743,2.4728
0.2846,0.6334,2.7249
0.2848,0.6964,2.9986
0.2850,0.6394,2.7558
0.2852,0.5685,2.4514
0.2854,0.5275,2.2745
0.2856,0.5222,2.2528
0.2858,0.5265,2.2704
0.2860,0.5273,2.2735
0.2862,0.5265,2.2704
0.2864,0.5229,2.2549
0.2866,0.5252,2.2658
0.2868,0.5389,2.3248
0.2870,0.5596,2.412
0.2872,0.5415,2.3361
0.2874,0.5262,2.2699
0.2876,0.5225,2.2539
0.2878,0.5234,2.2528
0.2880,0.6252,2.6898
0.2882,0.5948,2.5647
0.2884,0.5385,2.32
0.2886,0.6622,2.8487
0.2888,0.7339,3.1529
0.2890,0.7511,3.2296
0.2892,0.6672,2.8691
0.2894,0.6332,2.7251
0.2896,0.5671,2.4429
0.2898,0.5696,2.4549
0.2900,0.5695,2.4556
0.2902,0.5622,2.4184
0.2904,0.6693,2.8738
0.2906,0.7451,3.1993
0.2908,0.7896,3.3888
0.2910,0.7861,3.3801
0.2912,0.7222,3.1024
0.2914,0.7532,3.2373
0.2916,0.7385,3.1784
0.2918,0.6784,2.9197
0.2920,0.6851,2.9473
0.2922,0.758,3.2564
0.2924,0.7848,3.3698
0.2926,0.8141,3.4894
0.2928,0.8855,3.7971
0.2930,0.9051,3.8845
0.2932,0.8884,3.8165
0.2934,0.8167,3.5051
0.2936,0.8239,3.5377
0.2938,0.8422,3.6165
0.2940,0.7933,3.4111
0.2942,0.6737,2.8982
0.2944,0.6731,2.8984
0.2946,0.6689,2.8749
0.2948,0.6737,2.9009
0.2950,0.6357,2.741
0.2952,0.5752,2.4769
0.2954,0.5823,2.5074
0.2956,0.5779,2.4894
0.2958,0.5953,2.562
0.2960,0.6209,2.6737
0.2962,0.6212,2.6772
0.2964,0.5039,2.1757
0.2966,0.4764,2.0571
0.2968,0.4921,2.123
0.2970,0.4919,2.12
0.2972,0.5468,2.3567
0.2974,0.5771,2.4863
0.2976,0.6531,2.8056
0.2978,0.7627,3.2842
0.2980,0.6302,2.7135
0.2982,0.6256,2.6926
0.2984,0.6257,2.6931
0.2986,0.6778,2.9158
0.2988,0.6689,2.8789
0.2990,0.6268,2.6952
0.2992,0.7473,3.2031
0.2994,0.962,4.1233
0.2996,0.9918,4.2508
0.2998,0.9554,4.0969
0.3000,0.9187,3.9395
0.3002,0.9147,3.922
0.3004,0.9631,4.126
0.3006,0.9606,4.1171
0.3008,0.9506,4.0706
0.3010,0.9864,4.2276
0.3012,0.9827,4.2176
0.3014,0.9635,4.1314
0.3016,0.9593,4.1095
0.3018,1.0633,4.5508
0.3020,1.1001,4.704
0.3022,1.1102,4.747
0.3024,1.0874,4.6539
0.3026,1.0616,4.5478
0.3028,1.0233,4.3962
0.3030,0.9149,3.9286
0.3032,0.8727,3.7543
0.3034,0.7586,3.262
0.3036,0.715,3.08
0.3038,0.6833,2.9409
0.3040,0.7067,3.0373
0.3042,0.7084,3.0488
0.3044,0.6883,2.9612
0.3046,0.7024,3.0202
0.3048,0.8162,3.508
0.3050,0.8083,3.4756
0.3052,0.7759,3.3301
0.3054,0.8279,3.5535
0.3056,0.8706,3.7403
0.3058,0.8034,3.4592
0.3060,0.6665,2.87
0.3062,0.702,3.0214
0.3064,0.7199,3.1012
0.3066,0.6849,2.9476
0.3068,0.717,3.0845
0.3070,0.6858,2.9517
0.3072,0.6865,2.9562
0.3074,0.6841,2.9472
0.3076,0.6984,3.0073
0.3078,0.6907,2.9757
0.3080,0.621,2.6767
0.3082,0.6517,2.8064
0.3084,0.6897,2.9696
0.3086,0.6304,2.7158
0.3088,0.5836,2.5154
0.3090,0.5942,2.5597
0.3092,0.6462,2.7827
0.3094,0.6895,2.9705
0.3096,0.6676,2.8733
0.3098,0.7075,3.0466
0.3100,0.6629,2.8505
0.3102,0.6922,2.9832
0.3104,0.6531,2.8134
0.3106,0.6136,2.641
0.3108,0.6815,2.9291
0.3110,0.8023,3.4498
0.3112,0.7632,3.2847
0.3114,0.7188,3.0937
0.3116,0.6531,2.816
0.3118,0.5401,2.3278
0.3120,0.5332,2.2962
0.3122,0.647,2.7858
0.3124,0.6591,2.8379
0.3126,0.6695,2.8802
0.3128,0.6435,2.7747
0.3130,0.6005,2.5871
0.3132,0.6526,2.81
0.3134,0.6529,2.8116
0.3136,0.6116,2.6334
0.3138,0.6549,2.8199
0.3140,0.6346,2.7338
0.3142,0.5827,2.5101
0.3144,0.6134,2.6412
0.3146,0.6401,2.7563
0.3148,0.6805,2.9277
0.3150,0.7122,3.0653
0.3152,0.6669,2.8728
0.3154,0.636,2.7426
0.3156,0.607,2.6126
0.3158,0.6583,2.8335
0.3160,0.6673,2.8762
0.3162,0.6171,2.6584
0.3164,0.6465,2.7837
0.3166,0.5853,2.5238
0.3168,0.5033,2.1711
0.3170,0.4648,2.005
0.3172,0.4567,1.9712
0.3174,0.458,1.9788
0.3176,0.4578,1.9777
0.3178,0.4552,1.9645
0.3180,0.5336,2.3009
0.3182,0.5595,2.4138
0.3184,0.4658,2.0106
0.3186,0.4449,1.9218
0.3188,0.4453,1.923
0.3190,0.4445,1.9184
0.3192,0.4507,1.9445
0.3194,0.4469,1.9288
0.3196,0.456,1.969
0.3198,0.4609,1.9884
0.3200,0.459,1.9792
0.3202,0.4573,1.9738
0.3204,0.458,1.9769
0.3206,0.4564,1.9697
0.3208,0.4588,1.9782
0.3210,0.4564,1.9697
0.3212,0.4564,1.9706
0.3214,0.4426,1.9102
0.3216,0.4403,1.8986
0.3218,0.4947,2.1314
0.3220,0.5853,2.5203
0.3222,0.6406,2.7546
0.3224,0.697,2.9956
0.3226,0.6748,2.9042
0.3228,0.6565,2.8258
0.3230,0.6359,2.7408
0.3232,0.5696,2.4549
0.3234,0.565,2.433
0.3236,0.6075,2.6171
0.3238,0.6142,2.6411
0.3240,0.7094,3.0506
0.3242,0.735,3.1531
0.3244,0.7816,3.3595
0.3246,0.7368,3.1697
0.3248,0.6998,3.0135
0.3250,0.6315,2.7191
0.3252,0.6079,2.6186
0.3254,0.5614,2.4198
0.3256,0.5542,2.3865
0.3258,0.6065,2.6105
0.3260,0.5794,2.4962
0.3262,0.5696,2.4549
0.3264,0.5751,2.4787
0.3266,0.5965,2.5695
0.3268,0.5855,2.5213
0.3270,0.574,2.4729
0.3272,0.6132,2.637
0.3274,0.6366,2.7401
0.3276,0.5859,2.5206
0.3278,0.616,2.6562
0.3280,0.539,2.322
0.3282,0.6222,2.6794
0.3284,0.5853,2.5215
0.3286,0.5253,2.2642
0.3288,0.5271,2.2719
0.3290,0.5398,2.3267
0.3292,0.506,2.182
0.3294,0.4401,1.8984
0.3296,0.4019,1.7363
0.3298,0.4145,1.7898
0.3300,0.424,1.8291
0.3302,0.4113,1.775
0.3304,0.4104,1.7714
0.3306,0.4305,1.8553
0.3308,0.484,2.0849
0.3310,0.5576,2.3999
0.3312,0.6003,2.5825
0.3314,0.6617,2.844
0.3316,0.7096,3.0511
0.3318,0.7235,3.1066
0.3320,0.7607,3.2617
0.3322,0.7887,3.3915
0.3324,0.7232,3.107
0.3326,0.7826,3.3527
0.3328,0.9153,3.9155
0.3330,1.0047,4.3043
0.3332,0.9755,4.1769
0.3334,0.9797,4.1949
0.3336,0.9919,4.2493
0.3338,0.9871,4.2307
0.3340,0.9215,3.9495
0.3342,0.9692,4.1464
0.3344,1.1076,4.734
0.3346,1.152,4.9214
0.3348,1.1656,4.9863
0.3350,1.0884,4.6651
0.3352,0.9887,4.2295
0.3354,1.0314,4.4101
0.3356,1.0827,4.6339
0.3358,1.0937,4.6768
0.3360,1.1042,4.7258
0.3362,1.0884,4.6607
0.3364,1.092,4.674
0.3366,1.0936,4.6741
0.3368,1.1446,4.8942
0.3370,1.1038,4.7309
0.3372,0.9323,4.0014
0.3374,0.8923,3.83
0.3376,0.9282,3.9857
0.3378,0.9412,4.0338
0.3380,0.9855,4.226
0.3382,0.9391,4.027
0.3384,0.9755,4.1789
0.3386,0.9159,3.9382
0.3388,0.7613,3.2749
0.3390,0.7995,3.4331
0.3392,0.8836,3.7994
0.3394,0.8379,3.5996
0.3396,0.8552,3.6738
0.3398,0.8392,3.6036
0.3400,0.8333,3.5783
0.3402,0.826,3.5535
0.3404,0.7821,3.3616
0.3406,0.8038,3.4565
0.3408,0.8291,3.5686
0.3410,0.7471,3.214
0.3412,0.7771,3.3368
0.3414,0.8348,3.5845
0.3416,0.8705,3.738
0.3418,0.9149,3.9267
0.3420,0.8991,3.8606
0.3422,0.8802,3.7815
0.3424,0.8768,3.7648
0.3426,0.9084,3.9008
0.3428,0.8339,3.5859
0.3430,0.6865,2.9576
0.3432,0.6731,2.8984
0.3434,0.7112,3.0612
0.3436,0.7146,3.0756
0.3438,0.6907,2.9743
0.3440,0.6875,2.9631
0.3442,0.6785,2.9202
0.3444,0.6885,2.9631
0.3446,0.7301,3.1408
0.3448,0.7821,3.3631
0.3450,0.7714,3.3172
0.3452,0.727,3.1273
0.3454,0.6652,2.8709
0.3456,0.5875,2.5343
0.3458,0.5773,2.4869
0.3460,0.5956,2.5695
0.3462,0.581,2.5052
0.3464,0.5827,2.5124
0.3466,0.5297,2.286
0.3468,0.5025,2.17
0.3470,0.4895,2.1155
0.3472,0.5141,2.2177
0.3474,0.5359,2.3107
0.3476,0.5252,2.2668
0.3478,0.5286,2.2771
0.3480,0.6002,2.5844
0.3482,0.7003,3.0142
0.3484,0.6727,2.9008
0.3486,0.5529,2.3864
0.3488,0.5256,2.2663
0.3490,0.5268,2.2725
0.3492,0.5253,2.2663
0.3494,0.5491,2.3687
0.3496,0.5486,2.3656
0.3498,0.533,2.2983
0.3500,0.5299,2.2838
0.3502,0.5415,2.3361
0.3504,0.5738,2.4765
0.3506,0.5467,2.3573
0.3508,0.599,2.578
0.3510,0.6667,2.8683
0.3512,0.7046,3.0314
0.3514,0.7252,3.1196
0.3516,0.7283,3.1374
0.3518,0.5895,2.5407
0.3520,0.5813,2.5044
0.3522,0.6429,2.7695
0.3524,0.6446,2.7729
0.3526,0.7201,3.0965
0.3528,0.7353,3.1591
0.3530,0.7692,3.3028
0.3532,0.7874,3.3842
0.3534,0.7822,3.3636
0.3536,0.7876,3.3869
0.3538,0.7586,3.2636
0.3540,0.7376,3.1762
0.3542,0.6625,2.8516
0.3544,0.6583,2.8322
0.3546,0.746,3.2034
0.3548,0.7968,3.426
0.3550,0.7463,3.2089
0.3552,0.7363,3.1705
0.3554,0.7045,3.0337
0.3556,0.7054,3.0359
0.3558,0.7501,3.2239
0.3560,0.8447,3.6256
0.3562,0.8289,3.5609
0.3564,0.7762,3.3394
0.3566,0.7272,3.1298
0.3568,0.7392,3.1785
0.3570,0.8075,3.4644
0.3572,0.9049,3.8876
0.3574,0.8343,3.5825
0.3576,0.8702,3.733
0.3578,0.8654,3.7159
0.3580,0.803,3.4497
0.3582,0.8163,3.5085
0.3584,0.7272,3.1313
0.3586,0.6378,2.7503
0.3588,0.6288,2.709
0.3590,0.6646,2.8604
0.3592,0.6843,2.9464
0.3594,0.6525,2.8056
0.3596,0.6961,2.9989
0.3598,0.6631,2.8581
0.3600,0.6531,2.8147
0.3602,0.6335,2.7267
0.3604,0.7044,3.0317
0.3606,0.6557,2.8261
0.3608,0.5617,2.4264
0.3610,0.4371,1.889
0.3612,0.4207,1.8185
0.3614,0.4295,1.8529
0.3616,0.515,2.228
0.3618,0.4314,1.8646
0.3620,0.4052,1.7519
0.3622,0.4026,1.7394
0.3624,0.3995,1.7243
0.3626,0.3993,1.7257
0.3628,0.4054,1.7513
0.3630,0.41,1.7694
0.3632,0.4383,1.8941
0.3634,0.4187,1.8097
0.3636,0.4222,1.8222
0.3638,0.5088,2.1918
0.3640,0.5694,2.4505
0.3642,0.6375,2.745
0.3644,0.6219,2.6753
0.3646,0.7084,3.0431
0.3648,0.7346,3.1574
0.3650,0.7519,3.2317
0.3652,0.7969,3.4218
0.3654,0.8863,3.8007
0.3656,0.9546,4.0914
0.3658,0.948,4.0593
0.3660,0.9947,4.2611
0.3662,0.9835,4.2114
0.3664,1.0055,4.3073
0.3666,0.9787,4.1986
0.3668,0.9572,4.1065
0.3670,0.9583,4.1093
0.3672,0.9319,3.9961
0.3674,0.998,4.2815
0.3676,0.9329,3.9965
0.3678,0.9493,4.0707
0.3680,1.0021,4.293
0.3682,1.1111,4.7489
0.3684,1.1718,5.0106
0.3686,1.1545,4.9391
0.3688,1.1413,4.8804
0.3690,1.1559,4.9471
0.3692,1.1198,4.7925
0.3694,1.0167,4.3658
0.3696,0.9171,3.9287
0.3698,1.0694,4.5812
0.3700,0.9725,4.1797
0.3702,0.8646,3.7145
0.3704,0.8565,3.676
0.3706,0.8846,3.7947
0.3708,0.9159,3.9254
0.3710,0.9677,4.1532
0.3712,0.9669,4.1463
0.3714,0.9781,4.1961
0.3716,1.0196,4.368
0.3718,1.0495,4.5043
0.3720,0.9885,4.2389
0.3722,1.0218,4.3772
0.3724,0.9828,4.222
0.3726,0.9101,3.908
0.3728,0.9647,4.1404
0.3730,0.964,4.1373
0.3732,0.9769,4.187
0.3734,0.9636,4.1415
0.3736,0.9011,3.8711
0.3738,0.9045,3.8765
0.3740,0.9613,4.1279
0.3742,0.8598,3.699
0.3744,0.8,3.4432
0.3746,0.7888,3.3952
0.3748,0.7718,3.3234
0.3750,0.6994,3.0101
0.3752,0.6941,2.9915
0.3754,0.7024,3.0202
0.3756,0.7573,3.2579
0.3758,0.7792,3.3539
0.3760,0.7571,3.2644
0.3762,0.6724,2.8953
0.3764,0.7013,3.0197
0.3766,0.7325,3.1555
0.3768,0.6977,3.0056
0.3770,0.6802,2.9288
0.3772,0.6949,2.991
0.3774,0.7096,3.061
0.3776,0.6354,2.7362
0.3778,0.6874,2.9653
0.3780,0.5816,2.5136
0.3782,0.5085,2.1949
0.3784,0.5735,2.4743
0.3786,0.5238,2.2606
0.3788,0.4938,2.1312
0.3790,0.4792,2.0709
0.3792,0.4834,2.0891
0.3794,0.476,2.0565
0.3796,0.4729,2.043
0.3798,0.484,2.0916
0.3800,0.4889,2.1109
0.3802,0.5097,2.2
0.3804,0.4967,2.1436
0.3806,0.4512,1.951
0.3808,0.4141,1.79
0.3810,0.4206,1.8179
0.3812,0.4648,2.0087
0.3814,0.4588,1.98
0.3816,0.4705,2.0308
0.3818,0.4613,1.9928
0.3820,0.4576,1.9767
0.3822,0.4503,1.9451
0.3824,0.4546,1.961
0.3826,0.5071,2.1876
0.3828,0.461,1.9917
0.3830,0.4501,1.9446
0.3832,0.4638,2.0018
0.3834,0.4924,2.125
0.3836,0.5303,2.2886
0.3838,0.4997,2.1556
0.3840,0.4714,2.0334
0.3842,0.4764,2.0571
0.3844,0.4678,2.0179
0.3846,0.4657,2.0101
0.3848,0.4712,2.0358
0.3850,0.4751,2.0523
0.3852,0.4638,2.0018
0.3854,0.4607,1.9892
0.3856,0.4603,1.9886
0.3858,0.4518,1.9473
0.3860,0.543,2.338
0.3862,0.5329,2.2989
0.3864,0.4639,2.0032
0.3866,0.4831,2.0861
0.3868,0.458,1.976
0.3870,0.4642,2.0043
0.3872,0.4459,1.9255
0.3874,0.4415,1.9055
0.3876,0.4675,2.016
0.3878,0.482,2.0805
0.3880,0.5178,2.2327
0.3882,0.5434,2.3422
0.3884,0.5666,2.4386
0.3886,0.6248,2.689
0.3888,0.6639,2.8573
0.3890,0.6616,2.8475
0.3892,0.6454,2.7778
0.3894,0.648,2.7904
0.3896,0.5864,2.5273
0.3898,0.5582,2.4058
0.3900,0.5592,2.4088
0.3902,0.6156,2.651
0.3904,0.6485,2.786
0.3906,0.7168,3.0792
0.3908,0.7319,3.15
0.3910,0.6232,2.6835
0.3912,0.6088,2.6203
0.3914,0.6424,2.7661
0.3916,0.6544,2.8178
0.3918,0.6351,2.7321
0.3920,0.6513,2.8018
0.3922,0.6571,2.827
0.3924,0.6641,2.8583
0.3926,0.6535,2.8129
0.3928,0.6022,2.5919
0.3930,0.5848,2.5182
0.3932,0.6342,2.731
0.3934,0.6817,2.9315
0.3936,0.6804,2.9258
0.3938,0.7254,3.1177
0.3940,0.8008,3.442
0.3942,0.7644,3.2822
0.3944,0.7586,3.2605
0.3946,0.7139,3.0711
0.3948,0.6792,2.9233
0.3950,0.6088,2.6252
0.3952,0.4935,2.1252
0.3954,0.5816,2.5031
0.3956,0.6689,2.8776
0.3958,0.6493,2.7974
0.3960,0.5632,2.4275
0.3962,0.5851,2.5205
0.3964,0.6459,2.7811
0.3966,0.5771,2.4921
0.3968,0.4265,1.8433
0.3970,0.4109,1.7727
0.3972,0.4497,1.938
0.3974,0.4906,2.1143
0.3976,0.548,2.3619
0.3978,0.5744,2.4699
0.3980,0.6291,2.7088
0.3982,0.5877,2.5318
0.3984,0.6547,2.818
0.3986,0.6447,2.7721
0.3988,0.6877,2.9572
0.3990,0.7337,3.1504
0.3992,0.8684,3.7183
0.3994,0.9873,4.2258
0.3996,0.9973,4.2744
0.3998,0.9511,4.0879
0.4000,0.8355,3.5876
0.4002,0.8397,3.6023
0.4004,0.8842,3.7949
0.4006,0.9018,3.8724
0.4008,0.8778,3.7624
0.4010,0.8907,3.821
0.4012,0.9081,3.8956
0.4014,0.8885,3.8117
0.4016,0.9235,3.9546
0.4018,1.0453,4.4717
0.4020,1.0647,4.5569
0.4022,1.0242,4.3895
0.4024,0.9209,3.9506
0.4026,0.913,3.9167
0.4028,0.9041,3.8804
0.4030,0.8385,3.6072
0.4032,0.7428,3.1955
0.4034,0.7403,3.1831
0.4036,0.7704,3.3172
0.4038,0.7104,3.0505
0.4040,0.7722,3.3157
0.4042,0.7747,3.3281
0.4044,0.7862,3.3807
0.4046,0.8054,3.4583
0.4048,0.8456,3.6309
0.4050,0.8648,3.715
0.4052,0.8486,3.6438
0.4054,0.8104,3.4816
0.4056,0.7945,3.4131
0.4058,0.7938,3.4132
0.4060,0.7533,3.2393
0.4062,0.7615,3.2699
0.4064,0.832,3.576
0.4066,0.8807,3.78
0.4068,0.8744,3.7527
0.4070,0.8552,3.6772
0.4072,0.7845,3.3719
0.4074,0.7292,3.1386
0.4076,0.6857,2.9498
0.4078,0.759,3.2621
0.4080,0.8218,3.5322
0.4082,0.7855,3.3776
0.4084,0.8049,3.4595
0.4086,0.7942,3.4105
0.4088,0.8165,3.5111
0.4090,0.7637,3.2883
0.4092,0.6955,2.9908
0.4094,0.7159,3.0827
0.4096,0.6966,2.9996
0.4098,0.6901,2.9731
0.4100,0.6577,2.8309
0.4102,0.6737,2.8969
0.4104,0.6823,2.934
0.4106,0.7389,3.1819
0.4108,0.66,2.846
0.4110,0.6749,2.9034
0.4112,0.72,3.0974
0.4114,0.6707,2.888
0.4116,0.6474,2.7891
0.4118,0.7074,3.0404
0.4120,0.7531,3.2398
0.4122,0.6766,2.9133
0.4124,0.6754,2.9095
0.4126,0.6822,2.9376
0.4128,0.6982,3.0035
0.4130,0.712,3.0643
0.4132,0.7351,3.1654
0.4134,0.6917,2.9743
0.4136,0.7128,3.0665
0.4138,0.6503,2.8002
0.4140,0.6286,2.7042
0.4142,0.6922,2.9819
0.4144,0.7166,3.0858
0.4146,0.708,3.0458
0.4148,0.7183,3.0916
0.4150,0.6886,2.9636
0.4152,0.6441,2.776
0.4154,0.5883,2.5379
0.4156,0.5422,2.3392
0.4158,0.539,2.3253
0.4160,0.5396,2.3279
0.4162,0.538,2.3211
0.4164,0.5425,2.3392
0.4166,0.5545,2.3909
0.4168,0.5704,2.4574
0.4170,0.5996,2.5854
0.4172,0.549,2.3649
0.4174,0.6144,2.6458
0.4176,0.6612,2.8406
0.4178,0.7677,3.3074
0.4180,0.6437,2.777
0.4182,0.5518,2.3795
0.4184,0.5274,2.274
0.4186,0.5246,2.2642
0.4188,0.5245,2.2637
0.4190,0.5255,2.2668
0.4192,0.5233,2.2564
0.4194,0.5225,2.2528
0.4196,0.528,2.2777
0.4198,0.5228,2.2554
0.4200,0.5205,2.2456
0.4202,0.5225,2.2528
0.4204,0.5227,2.2528
0.4206,0.524,2.2606
0.4208,0.5279,2.2761
0.4210,0.5527,2.3776
0.4212,0.6791,2.9174
0.4214,0.7825,3.3631
0.4216,0.7405,3.1871
0.4218,0.6586,2.8359
0.4220,0.6531,2.8095
0.4222,0.6792,2.922
0.4224,0.6345,2.7333
0.4226,0.6807,2.9309
0.4228,0.6538,2.8165
0.4230,0.6099,2.6237
0.4232,0.6586,2.8359
0.4234,0.6688,2.8784
0.4236,0.6619,2.8477
0.4238,0.6809,2.9292
0.4240,0.6597,2.8405
0.4242,0.6971,2.9975
0.4244,0.7742,3.3229
0.4246,0.7965,3.4218
0.4248,0.7511,3.2281
0.4250,0.7487,3.2222
0.4252,0.6765,2.9115
0.4254,0.6531,2.8108
0.4256,0.6544,2.8178
0.4258,0.6687,2.8806
0.4260,0.584,2.5181
0.4262,0.5569,2.4013
0.4264,0.5551,2.3913
0.4266,0.5655,2.4374
0.4268,0.5538,2.3856
0.4270,0.6327,2.7256
0.4272,0.5546,2.3948
0.4274,0.4951,2.1349
0.4276,0.5419,2.3323
0.4278,0.6304,2.717
0.4280,0.5415,2.3361
0.4282,0.4843,2.0884
0.4284,0.4684,2.0196
0.4286,0.468,2.0199
0.4288,0.4678,2.0179
0.4290,0.4505,1.9452
0.4292,0.4474,1.9318
0.4294,0.4487,1.9366
0.4296,0.4567,1.9694
0.4298,0.4694,2.0261
0.4300,0.4506,1.9448
0.4302,0.4517,1.9468
0.4304,0.4837,2.0838
0.4306,0.5431,2.3396
0.4308,0.5937,2.5553
0.4310,0.6763,2.9055
0.4312,0.7288,3.1351
0.4314,0.6486,2.7891
0.4316,0.6822,2.9335
0.4318,0.7601,3.2606
0.4320,0.7885,3.3873
0.4322,0.7683,3.2992
0.4324,0.8137,3.4906
0.4326,0.8752,3.7598
0.4328,0.8895,3.814
0.4330,0.916,3.9277
0.4332,0.886,3.8009
0.4334,0.8657,3.7139
0.4336,0.8824,3.7819
0.4338,1.0174,4.3506
0.4340,1.0896,4.6637
0.4342,1.0918,4.6707
0.4344,1.1212,4.792
0.4346,1.1586,4.9496
0.4348,1.1523,4.9224
0.4350,1.1511,4.9288
0.4352,0.9835,4.2173
0.4354,0.9675,4.145
0.4356,0.9708,4.1627
0.4358,0.9655,4.144
0.4360,0.9562,4.1
0.4362,0.9801,4.2009
0.4364,0.9631,4.1221
0.4366,0.9933,4.2594
0.4368,0.9497,4.0703
0.4370,1.0399,4.4527
0.4372,1.1063,4.7328
0.4374,1.0825,4.6372
0.4376,1.0345,4.4358
0.4378,0.9759,4.1888
0.4380,0.862,3.7049
0.4382,0.7922,3.4096
0.4384,0.7531,3.2413
0.4386,0.7754,3.3327
0.4388,0.8097,3.4817
0.4390,0.8164,3.5074
0.4392,0.8266,3.5528
0.4394,0.8463,3.6374
0.4396,0.7855,3.3807
0.4398,0.7058,3.0379
0.4400,0.7214,3.1065
0.4402,0.7159,3.0842
0.4404,0.7027,3.0259
0.4406,0.6631,2.8528
0.4408,0.7685,3.3028
0.4410,0.7984,3.4333
0.4412,0.7447,3.2007
0.4414,0.7602,3.2703
0.4416,0.7989,3.4353
0.4418,0.8216,3.5328
0.4420,0.7448,3.2072
0.4422,0.6711,2.8923
0.4424,0.6683,2.8777
0.4426,0.7228,3.1122
0.4428,0.6624,2.855
0.4430,0.6058,2.6098
0.4432,0.6327,2.7231
0.4434,0.6739,2.9074
0.4436,0.6004,2.589
0.4438,0.6318,2.722
0.4440,0.6318,2.722
0.4442,0.6147,2.6505
0.4444,0.599,2.5828
0.4446,0.5789,2.4976
0.4448,0.5239,2.259
0.4450,0.5716,2.466
0.4452,0.5777,2.4947
0.4454,0.5197,2.243
0.4456,0.493,2.1276
0.4458,0.4816,2.0774
0.4460,0.4858,2.0975
0.4462,0.4946,2.1358
0.4464,0.5018,2.1649
0.4466,0.5366,2.3181
0.4468,0.4296,1.8577
0.4470,0.4091,1.769
0.4472,0.4402,1.8972
0.4474,0.5292,2.2828
0.4476,0.4823,2.0815
0.4478,0.5185,2.2368
0.4480,0.5378,2.3179
0.4482,0.4907,2.1177
0.4484,0.4398,1.9
0.4486,0.4526,1.9545
0.4488,0.4782,2.0629
0.4490,0.516,2.227
0.4492,0.4806,2.0752
0.4494,0.4494,1.9406
0.4496,0.4435,1.9134
0.4498,0.4475,1.9332
0.4500,0.4374,1.8896
0.4502,0.4365,1.8846
0.4504,0.435,1.8793
0.4506,0.4405,1.9014
0.4508,0.4879,2.1039
0.4510,0.5285,2.2797
0.4512,0.4735,2.0428
0.4514,0.4456,1.9222
0.4516,0.4642,2.0015
0.4518,0.5265,2.2662
0.4520,0.6448,2.7752
0.4522,0.6434,2.7677
0.4524,0.6376,2.7442
0.4526,0.6492,2.7982
0.4528,0.6098,2.6257
0.4530,0.6197,2.6698
0.4532,0.5915,2.546
0.4534,0.6377,2.7435
0.4536,0.6791,2.9201
0.4538,0.7093,3.0543
0.4540,0.6459,2.7772
0.4542,0.6138,2.6457
0.4544,0.5993,2.5795
0.4546,0.6585,2.8354
0.4548,0.5896,2.5377
0.4550,0.5931,2.5551
0.4552,0.6098,2.6232
0.4554,0.6595,2.836
0.4556,0.679,2.921
0.4558,0.6948,2.9932
0.4560,0.5931,2.5515
0.4562,0.5848,2.5147
0.4564,0.6892,2.9621
0.4566,0.7385,3.171
0.4568,0.7454,3.2098
0.4570,0.6953,2.9883
0.4572,0.7471,3.2095
0.4574,0.7608,3.2728
0.4576,0.6922,2.9749
0.4578,0.722,3.1019
0.4580,0.6968,2.9978
0.4582,0.6131,2.6426
0.4584,0.5794,2.495
0.4586,0.5865,2.5278
0.4588,0.5692,2.4534
0.4590,0.5715,2.4621
0.4592,0.5819,2.5059
0.4594,0.5771,2.4852
0.4596,0.5839,2.5118
0.4598,0.6454,2.7765
0.4600,0.6001,2.5874
0.4602,0.5398,2.3246
0.4604,0.5824,2.5102
0.4606,0.5316,2.2921
0.4608,0.5255,2.2658
0.4610,0.5414,2.3345
0.4612,0.5165,2.2259
0.4614,0.5121,2.2073
0.4616,0.5231,2.2544
0.4618,0.5117,2.2053
0.4620,0.4854,2.0959
0.4622,0.4079,1.7622
0.4624,0.3988,1.722
0.4626,0.3965,1.7114
0.4628,0.3977,1.7173
0.4630,0.3992,1.7228
0.4632,0.3969,1.7129
0.4634,0.4127,1.7813
0.4636,0.4237,1.8306
0.4638,0.4034,1.7409
0.4640,0.448,1.9308
0.4642,0.5093,2.1929
0.4644,0.5805,2.4973
0.4646,0.6455,2.7757
0.4648,0.6404,2.7535
0.4650,0.6761,2.9086
0.4652,0.6802,2.9234
0.4654,0.6867,2.9512
0.4656,0.6965,2.9935
0.4658,0.7795,3.344
0.4660,0.8397,3.5989
0.4662,0.8603,3.6959
0.4664,0.7983,3.4248
0.4666,0.8826,3.7812
0.4668,0.9444,4.0439
0.4670,0.9824,4.2126
0.4672,0.9384,4.022
0.4674,0.91,3.8983
0.4676,0.9719,4.1615
0.4678,1.0005,4.2883
0.4680,0.8933,3.8234
0.4682,1.0045,4.2972
0.4684,1.0033,4.2961
0.4686,0.9801,4.1989
0.4688,0.9863,4.2251
0.4690,0.9863,4.2232
0.4692,0.9508,4.0749
0.4694,0.9203,3.9481
0.4696,0.9231,3.9544
0.4698,0.9237,3.968
0.4700,0.8211,3.5291
0.4702,0.8135,3.4934
0.4704,0.8114,3.4873
0.4706,0.8085,3.475
0.4708,0.8011,3.4414
0.4710,0.7572,3.2483
0.4712,0.842,3.6137
0.4714,0.8603,3.6959
0.4716,0.8343,3.5841
0.4718,0.8242,3.5392
0.4720,0.891,3.8243
0.4722,0.8812,3.7821
0.4724,0.8893,3.8171
0.4726,0.9016,3.8696
0.4728,0.8985,3.858
0.4730,0.8991,3.857
0.4732,0.8747,3.756
0.4734,0.8538,3.6681
0.4736,0.8735,3.7544
0.4738,0.839,3.6009
0.4740,0.8508,3.6552
0.4742,0.8398,3.6078
0.4744,0.8342,3.582
0.4746,0.8717,3.7432
0.4748,0.9125,3.9128
0.4750,0.9914,4.2512
0.4752,0.9843,4.2228
0.4754,0.937,4.0196
0.4756,0.9679,4.1523
0.4758,0.9901,4.2396
0.4760,0.9865,4.236
0.4762,0.8308,3.5742
0.4764,0.7484,3.2242
0.4766,0.7067,3.0444
0.4768,0.6821,2.933
0.4770,0.7536,3.2404
0.4772,0.7851,3.3744
0.4774,0.814,3.5003
0.4776,0.7497,3.2254
0.4778,0.7506,3.229
0.4780,0.7365,3.1671
0.4782,0.7542,3.2445
0.4784,0.783,3.3667
0.4786,0.8159,3.5102
0.4788,0.7694,3.31
0.4790,0.7573,3.2624
0.4792,0.6156,2.6547
0.4794,0.6017,2.5923
0.4796,0.6394,2.7571
0.4798,0.5836,2.5154
0.4800,0.572,2.4664
0.4802,0.5647,2.436
0.4804,0.5823,2.5121
0.4806,0.5815,2.5061
0.4808,0.6112,2.6331
0.4810,0.6411,2.7617
0.4812,0.6635,2.8597
0.4814,0.5719,2.4682
0.4816,0.4943,2.1323
0.4818,0.5337,2.3025
0.4820,0.543,2.3402
0.4822,0.5774,2.4897
0.4824,0.5445,2.348
0.4826,0.5383,2.3222
0.4828,0.5367,2.3165
0.4830,0.537,2.3186
0.4832,0.5342,2.3046
0.4834,0.5365,2.3144
0.4836,0.5366,2.3138
0.4838,0.5356,2.3108
0.4840,0.5255,2.2658
0.4842,0.5257,2.2647
0.4844,0.5921,2.5521
0.4846,0.6164,2.6553
0.4848,0.5984,2.5802
0.4850,0.5315,2.2916
0.4852,0.5244,2.2611
0.4854,0.5197,2.242
0.4856,0.5244,2.2611
0.4858,0.5261,2.2683
0.4860,0.5256,2.2663
0.4862,0.5233,2.2585
0.4864,0.5317,2.2937
0.4866,0.5364,2.3139
0.4868,0.5252,2.2637
0.4870,0.5241,2.2622
0.4872,0.5225,2.2539
0.4874,0.5208,2.2445
0.4876,0.5906,2.543
0.4878,0.703,3.0213
0.4880,0.743,3.195
0.4882,0.7181,3.092
0.4884,0.6885,2.9603
0.4886,0.7465,3.204
0.4888,0.773,3.3224
0.4890,0.7593,3.2651
0.4892,0.7097,3.0474
0.4894,0.7389,3.1775
0.4896,0.7508,3.227
0.4898,0.7667,3.2966
0.4900,0.7138,3.0749
0.4902,0.642,2.7646
0.4904,0.666,2.8666
0.4906,0.6171,2.6572
0.4908,0.6106,2.6281
0.4910,0.6128,2.6398
0.4912,0.6007,2.59
0.4914,0.6101,2.626
0.4916,0.6305,2.7138
0.4918,0.6882,2.9593
0.4920,0.7397,3.1835
0.4922,0.704,3.026
0.4924,0.7568,3.2467
0.4926,0.7634,3.2842
0.4928,0.7075,3.0438
0.4930,0.7375,3.1727
0.4932,0.6497,2.799
0.4934,0.644,2.7741
0.4936,0.6828,2.9361
0.4938,0.7004,3.0147
0.4940,0.6324,2.7208
0.4942,0.6591,2.8353
0.4944,0.6471,2.7889
0.4946,0.5983,2.5761
0.4948,0.6826,2.9337
0.4950,0.7545,3.2445
0.4952,0.7395,3.1815
0.4954,0.7373,3.1732
0.4956,0.6745,2.9019
0.4958,0.7028,3.0236
0.4960,0.6922,2.9777
0.4962,0.719,3.0976
0.4964,0.6428,2.769
0.4966,0.5942,2.5597
0.4968,0.532,2.2985
0.4970,0.4271,1.8459
0.4972,0.4277,1.8434
0.4974,0.4975,2.1443
0.4976,0.5596,2.4087
0.4978,0.6955,2.9935
0.4980,0.6622,2.8474
0.4982,0.6867,2.9526
0.4984,0.7326,3.1472
0.4986,0.7909,3.3976
0.4988,0.8369,3.5921
0.4990,0.8415,3.61
0.4992,0.873,3.7418
0.4994,0.8928,3.832
0.4996,0.8654,3.7124
0.4998,0.9421,4.0361
0.5000,0.9653,4.1371
0.5002,0.9659,4.1397
0.5004,0.9857,4.2226
0.5006,0.9792,4.1929
0.5008,0.9716,4.1644
0.5010,0.9896,4.2474
0.5012,0.9358,4.0107
0.5014,0.9951,4.2572
0.5016,1.132,4.8449
0.5018,1.1032,4.7239
0.5020,1.0538,4.5102
0.5022,1.0925,4.676
0.5024,1.0913,4.6731
0.5026,1.0158,4.3637
0.5028,0.9006,3.8673
0.5030,0.8946,3.8433
0.5032,0.8061,3.4679
0.5034,0.7549,3.2476
0.5036,0.747,3.212
0.5038,0.7589,3.2661
0.5040,0.7478,3.2216
0.5042,0.6976,2.9995
0.5044,0.7882,3.3847
0.5046,0.8025,3.4524
0.5048,0.7999,3.4363
0.5050,0.8559,3.6752
0.5052,0.8099,3.4812
0.5054,0.7669,3.3022
0.5056,0.7267,3.1307
0.5058,0.6925,2.9793
0.5060,0.6959,2.9951
0.5062,0.6998,3.0135
0.5064,0.6703,2.8878
0.5066,0.6769,2.9095
0.5068,0.7687,3.3023
0.5070,0.8122,3.491
0.5072,0.7816,3.3611
0.5074,0.7568,3.2573
0.5076,0.7307,3.1492
0.5078,0.639,2.7517
0.5080,0.6477,2.7889
0.5082,0.6796,2.9249
0.5084,0.7506,3.232
0.5086,0.6973,3.0013
0.5088,0.6925,2.9806
0.5090,0.7392,3.1815
0.5092,0.7572,3.2589
0.5094,0.6663,2.8729
0.5096,0.5878,2.5347
0.5098,0.5775,2.4914
0.5100,0.5733,2.4698
0.5102,0.5918,2.5506
0.5104,0.6059,2.6128
0.5106,0.6174,2.6637
0.5108,0.5849,2.5211
0.5110,0.6356,2.738
0.5112,0.6694,2.885
0.5114,0.6459,2.7824
0.5116,0.6168,2.6598
0.5118,0.5586,2.4074
0.5120,0.5682,2.451
0.5122,0.5486,2.3667
0.5124,0.6082,2.6165
0.5126,0.6696,2.8861
0.5128,0.6286,2.7042
0.5130,0.6669,2.8702
0.5132,0.6045,2.6054
0.5134,0.5944,2.5608
0.5136,0.6617,2.8493
0.5138,0.6149,2.6479
0.5140,0.6177,2.6635
0.5142,0.6288,2.7078
0.5144,0.7034,3.0248
0.5146,0.6931,2.9846
0.5148,0.6645,2.8612
0.5150,0.5977,2.5771
0.5152,0.5511,2.3753
0.5154,0.5628,2.4266
0.5156,0.5494,2.3703
0.5158,0.5677,2.4489
0.5160,0.5467,2.3562
0.5162,0.5557,2.3961
0.5164,0.5732,2.4693
0.5166,0.6521,2.8093
0.5168,0.5362,2.3144
0.5170,0.4636,2.0026
0.5172,0.4568,1.9745
0.5174,0.4823,2.0796
0.5176,0.5511,2.3764
0.5178,0.495,2.1383
0.5180,0.4601,1.9867
0.5182,0.4572,1.9724
0.5184,0.4762,2.0503
0.5186,0.5534,2.3874
0.5188,0.4667,2.0142
0.5190,0.4543,1.9618
0.5192,0.452,1.9529
0.5194,0.4552,1.9645
0.5196,0.455,1.9631
0.5198,0.4522,1.9525
0.5200,0.4524,1.9535
0.5202,0.4513,1.947
0.5204,0.4529,1.9529
0.5206,0.4559,1.9667
0.5208,0.4914,2.1189
0.5210,0.5374,2.3164
0.5212,0.5522,2.3789
0.5214,0.57,2.4553
0.5216,0.5533,2.3846
0.5218,0.5502,2.369
0.5220,0.6034,2.5983
0.5222,0.6306,2.713
0.5224,0.6736,2.8977
0.5226,0.6955,2.9922
0.5228,0.6914,2.9746
0.5230,0.6765,2.9115
0.5232,0.6703,2.8838
0.5234,0.6712,2.8861
0.5236,0.6923,2.9768
0.5238,0.7265,3.1253
0.5240,0.6956,2.9913
0.5242,0.7216,3.1027
0.5244,0.6789,2.9191
0.5246,0.6748,2.9042
0.5248,0.657,2.8305
0.5250,0.5793,2.4957
0.5252,0.5634,2.4235
0.5254,0.6088,2.6203
0.5256,0.6023,2.5997
0.5258,0.4823,2.0805
0.5260,0.4667,2.0142
0.5262,0.4648,2.005
0.5264,0.479,2.0666
0.5266,0.4758,2.0526
0.5268,0.4396,1.8981
0.5270,0.4515,1.9467
0.5272,0.5112,2.2063
0.5274,0.4159,1.7969
0.5276,0.3951,1.706
0.5278,0.4492,1.9386
0.5280,0.4624,1.9965
0.5282,0.3962,1.7114
0.5284,0.3942,1.7015
0.5286,0.43,1.8515
0.5288,0.5292,2.285
0.5290,0.4089,1.7663
0.5292,0.3878,1.6736
0.5294,0.3887,1.6793
0.5296,0.386,1.665
0.5298,0.3888,1.6798
0.5300,0.4084,1.7634
0.5302,0.39,1.6842
0.5304,0.3839,1.6563
0.5306,0.4281,1.8467
0.5308,0.4616,1.9906
0.5310,0.5084,2.1893
0.5312,0.5304,2.2838
0.5314,0.5288,2.2802
0.5316,0.5514,2.3697
0.5318,0.7662,3.2853
0.5320,0.8546,3.6627
0.5322,0.8585,3.6814
0.5324,0.8741,3.7465
0.5326,0.8849,3.7892
0.5328,0.9289,3.9814
0.5330,0.9517,4.0753
0.5332,1.0123,4.3306
0.5334,1.0718,4.5743
0.5336,1.1429,4.887
0.5338,1.1037,4.7171
0.5340,1.1274,4.8164
0.5342,1.166,4.9814
0.5344,1.085,4.648
0.5346,0.9882,4.2334
0.5348,1.0165,4.3465
0.5350,1.0767,4.6018
0.5352,1.1141,4.764
0.5354,1.1058,4.733
0.5356,1.055,4.5153
0.5358,1.0453,4.4779
0.5360,0.9506,4.0763
0.5362,0.9467,4.0631
0.5364,0.9097,3.901
0.5366,0.9253,3.966
0.5368,0.8626,3.7023
0.5370,0.8398,3.6062
0.5372,0.8333,3.58
0.5374,0.8648,3.7133
0.5376,0.8957,3.839
0.5378,0.9312,3.9986
0.5380,0.9012,3.8662
0.5382,0.8712,3.7411
0.5384,0.8474,3.6386
0.5386,0.8935,3.8351
0.5388,0.9021,3.8735
0.5390,0.8609,3.6951
0.5392,0.8646,3.7128
0.5394,0.8042,3.4564
0.5396,0.8077,3.4681
0.5398,0.8337,3.5766
0.5400,0.8114,3.4938
0.5402,0.7028,3.0236
0.5404,0.7475,3.2156
0.5406,0.7783,3.3466
0.5408,0.7687,3.3054
0.5410,0.7656,3.292
0.5412,0.8083,3.4691
0.5414,0.8475,3.6425
0.5416,0.7531,3.2398
0.5418,0.6796,2.9249
0.5420,0.6666,2.8691
0.5422,0.7063,3.0386
0.5424,0.7529,3.2388
0.5426,0.7132,3.068
0.5428,0.6778,2.9171
0.5430,0.7056,3.0327
0.5432,0.7369,3.1657
0.5434,0.7952,3.4178
0.5436,0.7731,3.3275
0.5438,0.7205,3.1038
0.5440,0.6603,2.8444
0.5442,0.63,2.7104
0.5444,0.7513,3.2306
0.5446,0.7405,3.1871
0.5448,0.6821,2.9385
0.5450,0.6039,2.6028
0.5452,0.5593,2.4138
0.5454,0.546,2.3542
0.5456,0.554,2.3877
0.5458,0.563,2.4276
0.5460,0.5744,2.4779
0.5462,0.578,2.4934
0.5464,0.5208,2.2445
0.5466,0.4988,2.1519
0.5468,0.4878,2.1043
0.5470,0.5271,2.2751
0.5472,0.5324,2.2989
0.5474,0.5264,2.2699
0.5476,0.6286,2.7017
0.5478,0.7756,3.3368
0.5480,0.6641,2.8649
0.5482,0.5461,2.3525
0.5484,0.5472,2.3605
0.5486,0.5367,2.3165
0.5488,0.5358,2.3081
0.5490,0.6264,2.7
0.5492,0.5469,2.3605
0.5494,0.5303,2.2886
0.5496,0.5307,2.2874
0.5498,0.5317,2.2905
0.5500,0.5291,2.2792
0.5502,0.5558,2.3988
0.5504,0.5255,2.2668
0.5506,0.5322,2.2937
0.5508,0.5542,2.3854
0.5510,0.6747,2.9024
0.5512,0.6907,2.9743
0.5514,0.6639,2.8559
0.5516,0.6404,2.7561
0.5518,0.6378,2.7452
0.5520,0.6547,2.822
0.5522,0.6447,2.7747
0.5524,0.654,2.8123
0.5526,0.7103,3.0556
0.5528,0.7232,3.1085
0.5530,0.7736,3.3219
0.5532,0.7387,3.1779
0.5534,0.7441,3.2011
0.5536,0.7249,3.1229
0.5538,0.6521,2.8067
0.5540,0.6901,2.9689
0.5542,0.7569,3.2503
0.5544,0.8129,3.4892
0.5546,0.8075,3.4676
0.5548,0.7844,3.3698
0.5550,0.7884,3.3915
0.5552,0.7237,3.1134
0.5554,0.7249,3.1171
0.5556,0.778,3.344
0.5558,0.7765,3.3373
0.5560,0.7519,3.2271
0.5562,0.8085,3.4717
0.5564,0.8201,3.5201
0.5566,0.869,3.733
0.5568,0.8404,3.6171
0.5570,0.784,3.3667
0.5572,0.8246,3.5424
0.5574,0.7489,3.2203
0.5576,0.7983,3.4296
0.5578,0.7814,3.3647
0.5580,0.7025,3.0235
0.5582,0.6777,2.918
0.5584,0.6561,2.825
0.5586,0.6913,2.9769
0.5588,0.6864,2.9529
0.5590,0.7204,3.0961
0.5592,0.7196,3.0987
0.5594,0.6861,2.9541
0.5596,0.6754,2.9068
0.5598,0.6719,2.8945
0.5600,0.5749,2.4777
0.5602,0.5517,2.3812
0.5604,0.5197,2.242
0.5606,0.51,2.2021
0.5608,0.4258,1.8351
0.5610,0.5473,2.3566
0.5612,0.5514,2.3808
0.5614,0.4229,1.8269
0.5616,0.4522,1.9534
0.5618,0.4189,1.8107
0.5620,0.3904,1.6858
0.5622,0.3881,1.6767
0.5624,0.3894,1.6824
0.5626,0.3886,1.6803
0.5628,0.3861,1.6679
0.5630,0.3858,1.6661
0.5632,0.3878,1.6744
0.5634,0.3893,1.6826
0.5636,0.3976,1.7176
0.5638,0.4089,1.7647
0.5640,0.4242,1.831
0.5642,0.4574,1.9743
0.5644,0.5246,2.2611
0.5646,0.5828,2.5118
0.5648,0.5186,2.2352
0.5650,0.5534,2.3796
0.5652,0.7297,3.1377
0.5654,0.7301,3.1364
0.5656,0.7569,3.2503
0.5658,0.8008,3.442
0.5660,0.8188,3.5062
0.5662,0.9721,4.1626
0.5664,0.9578,4.1014
0.5666,0.9379,4.0181
0.5668,0.9686,4.1515
0.5670,0.9794,4.1978
0.5672,0.9684,4.1524
0.5674,0.9719,4.1674
0.5676,0.9283,3.977
0.5678,0.9788,4.1933
0.5680,0.9891,4.2296
0.5682,1.1286,4.826
0.5684,1.1096,4.7489
0.5686,1.0899,4.6713
0.5688,1.029,4.406
0.5690,1.0351,4.4301
0.5692,1.0648,4.551
0.5694,1.0541,4.5223
0.5696,0.9286,3.9836
0.5698,0.9071,3.8969
0.5700,0.8866,3.8017
0.5702,0.9059,3.8881
0.5704,0.9015,3.8691
0.5706,0.9127,3.9156
0.5708,0.8765,3.7673
0.5710,0.782,3.3657
0.5712,0.725,3.122
0.5714,0.7012,3.0136
0.5716,0.7508,3.227
0.5718,0.8624,3.703
0.5720,0.9191,3.9411
0.5722,0.9065,3.8907
0.5724,0.8293,3.5608
0.5726,0.8532,3.6638
0.5728,0.8187,3.5204
0.5730,0.7652,3.2919
0.5732,0.7915,3.4018
0.5734,0.8676,3.7239
0.5736,0.8734,3.7504
0.5738,0.8754,3.7574
0.5740,0.8726,3.752
0.5742,0.8078,3.4703
0.5744,0.8697,3.7344
0.5746,0.8596,3.6929
0.5748,0.8468,3.6394
0.5750,0.8682,3.7265
0.5752,0.8835,3.7954
0.5754,0.8594,3.6935
0.5756,0.8395,3.608
0.5758,0.7639,3.2878
0.5760,0.7266,3.1258
0.5762,0.7569,3.2563
0.5764,0.7568,3.2604
0.5766,0.7338,3.1538
0.5768,0.7484,3.2227
0.5770,0.6678,2.8783
0.5772,0.6254,2.6966
0.5774,0.5913,2.5473
0.5776,0.632,2.7212
0.5778,0.6754,2.9095
0.5780,0.6408,2.7684
0.5782,0.4884,2.1079
0.5784,0.463,2
0.5786,0.4628,1.9986
0.5788,0.4592,1.983
0.5790,0.4603,1.9877
0.5792,0.4622,1.9932
0.5794,0.5564,2.3992
0.5796,0.5649,2.4404
0.5798,0.4694,2.0289
0.5800,0.4544,1.9614
0.5802,0.4531,1.9566
0.5804,0.4573,1.9729
0.5806,0.4544,1.9623
0.5808,0.4608,1.9879
0.5810,0.5343,2.3051
0.5812,0.5045,2.1803
0.5814,0.4657,2.011
0.5816,0.4595,1.9841
0.5818,0.5004,2.1607
0.5820,0.4778,2.0623
0.5822,0.4474,1.9318
0.5824,0.4515,1.9494
0.5826,0.4483,1.935
0.5828,0.4461,1.9252
0.5830,0.4456,1.924
0.5832,0.4428,1.913
0.5834,0.4428,1.913
0.5836,0.447,1.9293
0.5838,0.4443,1.9165
0.5840,0.4486,1.936
0.5842,0.4585,1.9781
0.5844,0.4595,1.9822
0.5846,0.4561,1.9677
0.5848,0.457,1.9732
0.5850,0.4524,1.9526
0.5852,0.481,2.0729
0.5854,0.5261,2.2694
0.5856,0.4667,2.0133
0.5858,0.4504,1.9447
0.5860,0.4413,1.9036
0.5862,0.4416,1.906
0.5864,0.4562,1.9692
0.5866,0.4549,1.9653
0.5868,0.4477,1.9315
0.5870,0.4492,1.9377
0.5872,0.4753,2.0486
0.5874,0.558,2.4014
0.5876,0.5849,2.5199
0.5878,0.5815,2.5038
0.5880,0.5625,2.4222
0.5882,0.5601,2.413
0.5884,0.5581,2.4053
0.5886,0.5735,2.4674
0.5888,0.5997,2.5811
0.5890,0.6446,2.7703
0.5892,0.7595,3.2611
0.5894,0.7663,3.2889
0.5896,0.7982,3.4274
0.5898,0.7349,3.1585
0.5900,0.7202,3.0999
0.5902,0.6344,2.7328
0.5904,0.5697,2.452
0.5906,0.622,2.6759
0.5908,0.7104,3.0519
0.5910,0.7581,3.2569
0.5912,0.7195,3.0954
0.5914,0.6009,2.5899
0.5916,0.5723,2.4645
0.5918,0.6037,2.6017
0.5920,0.5698,2.456
0.5922,0.5676,2.4427
0.5924,0.6098,2.6232
0.5926,0.6838,2.9416
0.5928,0.6568,2.8281
0.5930,0.5841,2.5105
0.5932,0.6792,2.9233
0.5934,0.6581,2.8351
0.5936,0.5782,2.4922
0.5938,0.5474,2.3582
0.5940,0.5067,2.1851
0.5942,0.5003,2.1581
0.5944,0.5239,2.259
0.5946,0.5422,2.3371
0.5948,0.5679,2.4466
0.5950,0.5895,2.536
0.5952,0.6484,2.7881
0.5954,0.6769,2.9108
0.5956,0.6799,2.9305
0.5958,0.5047,2.1783
0.5960,0.4064,1.7546
0.5962,0.3902,1.6832
0.5964,0.405,1.7481
0.5966,0.3978,1.7187
0.5968,0.3969,1.7137
0.5970,0.3995,1.7259
0.5972,0.402,1.7344
0.5974,0.435,1.8767
0.5976,0.4801,2.0683
0.5978,0.5395,2.3252
0.5980,0.5084,2.1893
0.5982,0.5728,2.462
0.5984,0.7021,3.0163
0.5986,0.7664,3.291
0.5988,0.7896,3.3856
0.5990,0.8332,3.5762
0.5992,0.8468,3.6326
0.5994,0.8854,3.7948
0.5996,0.8766,3.7573
0.5998,0.8826,3.7812
0.6000,0.9629,4.1249
0.6002,0.9756,4.1794
0.6004,0.9656,4.1387
0.6006,0.9517,4.0733
0.6008,0.9979,4.271
0.6010,0.9852,4.2126
0.6012,1.002,4.2904
0.6014,1.0516,4.4968
0.6016,1.104,4.7319
0.6018,0.9792,4.1968
0.6020,0.9715,4.16
0.6022,1.0206,4.3721
0.6024,0.968,4.1548
0.6026,0.8321,3.5699
0.6028,0.8032,3.4523
0.6030,0.7952,3.4178
0.6032,0.8105,3.4805
0.6034,0.8349,3.5817
0.6036,0.9065,3.8871
0.6038,0.8822,3.7844
0.6040,0.9024,3.8732
0.6042,0.8303,3.5671
0.6044,0.7667,3.292
0.6046,0.8697,3.7327
0.6048,0.8915,3.8299
0.6050,0.8195,3.5208
0.6052,0.7848,3.3698
0.6054,0.8404,3.6054
0.6056,0.8735,3.7509
0.6058,0.8297,3.5679
0.6060,0.8075,3.4692
0.6062,0.807,3.465
0.6064,0.8016,3.4451
0.6066,0.7538,3.2399
0.6068,0.8092,3.4716
0.6070,0.8872,3.806
0.6072,0.8668,3.722
0.6074,0.8682,3.7282
0.6076,0.8715,3.7439
0.6078,0.7828,3.3694
0.6080,0.7172,3.0841
0.6082,0.746,3.2079
0.6084,0.6809,2.9306
0.6086,0.6789,2.9231
0.6088,0.6904,2.9672
0.6090,0.7532,3.2373
0.6092,0.734,3.1593
0.6094,0.6835,2.9433
0.6096,0.714,3.0716
0.6098,0.7093,3.0472
0.6100,0.7333,3.1532
0.6102,0.7061,3.0347
0.6104,0.7136,3.0686
0.6106,0.6757,2.9124
0.6108,0.608,2.6167
0.6110,0.6283,2.7107
0.6112,0.5614,2.4197
0.6114,0.5732,2.467
0.6116,0.6201,2.6688
0.6118,0.6418,2.7622
0.6120,0.6601,2.8386
0.6122,0.6968,2.9978
0.6124,0.687,2.9582
0.6126,0.6744,2.9026
0.6128,0.6811,2.9315
0.6130,0.6802,2.9274
0.6132,0.7052,3.0325
0.6134,0.7071,3.0407
0.6136,0.716,3.0832
0.6138,0.6708,2.8885
0.6140,0.7654,3.2898
0.6142,0.7845,3.3765
0.6144,0.7003,3.0127
0.6146,0.7257,3.1221
0.6148,0.7347,3.1608
0.6150,0.6662,2.8675
0.6152,0.6321,2.7242
0.6154,0.5594,2.4132
0.6156,0.5509,2.3765
0.6158,0.547,2.3599
0.6160,0.5475,2.3598
0.6162,0.5486,2.3633
0.6164,0.5946,2.5629
0.6166,0.6333,2.7268
0.6168,0.6609,2.8403
0.6170,0.6926,2.9839
0.6172,0.5669,2.4412
0.6174,0.6865,2.952
0.6176,0.7448,3.2086
0.6178,0.6355,2.7392
0.6180,0.5589,2.4111
0.6182,0.5323,2.2952
0.6184,0.5293,2.2812
0.6186,0.5286,2.2792
0.6188,0.5266,2.273
0.6190,0.5257,2.2678
0.6192,0.5272,2.2724
0.6194,0.5275,2.2756
0.6196,0.5248,2.2621
0.6198,0.5725,2.465
0.6200,0.5671,2.444
0.6202,0.5448,2.3457
0.6204,0.608,2.6167
0.6206,0.6357,2.7384
0.6208,0.6309,2.7165
0.6210,0.6295,2.7108
0.6212,0.6472,2.7842
0.6214,0.6379,2.7444
0.6216,0.6324,2.7207
0.6218,0.6535,2.8089
0.6220,0.7172,3.0812
0.6222,0.7889,3.3909
0.6224,0.8096,3.4779
0.6226,0.8146,3.5012
0.6228,0.7718,3.3156
0.6230,0.7495,3.2243
0.6232,0.6774,2.9169
0.6234,0.6155,2.6504
0.6236,0.6088,2.6203
0.6238,0.6147,2.6468
0.6240,0.6836,2.9356
0.6242,0.8873,3.8047
0.6244,0.9351,4.0099
0.6246,0.8791,3.7733
0.6248,0.8697,3.7343
0.6250,0.817,3.5115
0.6252,0.7244,3.115
0.6254,0.701,3.0172
0.6256,0.6745,2.9005
0.6258,0.7149,3.0757
0.6260,0.6964,2.9943
0.6262,0.6892,2.9716
0.6264,0.5625,2.4255
0.6266,0.5208,2.2445
0.6268,0.5415,2.335
0.6270,0.5181,2.2362
0.6272,0.5146,2.2212
0.6274,0.5805,2.4973
0.6276,0.5957,2.5723
0.6278,0.4086,1.7644
0.6280,0.3873,1.6738
0.6282,0.388,1.6769
0.6284,0.3864,1.6686
0.6286,0.3891,1.6808
0.6288,0.3887,1.6808
0.6290,0.3891,1.6816
0.6292,0.3879,1.6748
0.6294,0.387,1.6704
0.6296,0.4195,1.8116
0.6298,0.3837,1.6567
0.6300,0.4239,1.8268
0.6302,0.5091,2.1964
0.6304,0.4613,1.9918
0.6306,0.4278,1.8456
0.6308,0.495,2.1324
0.6310,0.5408,2.3319
0.6312,0.5527,2.3776
0.6314,0.7009,3.0069
0.6316,0.7916,3.4006
0.6318,0.7323,3.1432
0.6320,0.7909,3.3944
0.6322,0.8599,3.6926
0.6324,0.8065,3.4613
0.6326,0.8158,3.5031
0.6328,0.8464,3.6293
0.6330,0.9095,3.898
0.6332,0.8772,3.765
0.6334,0.8508,3.6535
0.6336,0.8486,3.6352
0.6338,0.944,4.0461
0.6340,0.9714,4.1633
0.6342,0.985,4.2219
0.6344,1.0076,4.3064
0.6346,1.1143,4.7627
0.6348,1.1588,4.9575
0.6350,1.1125,4.7594
0.6352,1.0991,4.6998
0.6354,1.1414,4.8922
0.6356,1.0319,4.4229
0.6358,0.9924,4.2493
0.6360,1.0305,4.4105
0.6362,1.0748,4.6042
0.6364,1.0457,4.4736
0.6366,1.0714,4.5834
0.6368,1.0461,4.4835
0.6370,1.061,4.5409
0.6372,1.1147,4.7731
0.6374,1.0359,4.4461
0.6376,0.9126,3.9169
0.6378,0.84,3.6054
0.6380,0.8184,3.5161
0.6382,0.7754,3.3357
0.6384,0.8133,3.4939
0.6386,0.8545,3.6677
0.6388,0.8225,3.5402
0.6390,0.7165,3.0838
0.6392,0.7091,3.0532
0.6394,0.7089,3.0513
0.6396,0.7201,3.0993
0.6398,0.6889,2.9665
0.6400,0.7085,3.0521
0.6402,0.719,3.0932
0.6404,0.7497,3.2268
0.6406,0.6654,2.8653
0.6408,0.6661,2.8697
0.6410,0.6762,2.9077
0.6412,0.747,3.2075
0.6414,0.827,3.5543
0.6416,0.8441,3.6246
0.6418,0.8571,3.694
0.6420,0.6387,2.7526
0.6422,0.5942,2.5597
0.6424,0.6399,2.7553
0.6426,0.6707,2.888
0.6428,0.6966,2.9981
0.6430,0.7016,3.017
0.6432,0.7474,3.2185
0.6434,0.6815,2.9372
0.6436,0.6316,2.7184
0.6438,0.6184,2.6702
0.6440,0.5521,2.3827
0.6442,0.5392,2.3263
0.6444,0.5536,2.3861
0.6446,0.5695,2.4555
0.6448,0.5828,2.5164
0.6450,0.5112,2.2072
0.6452,0.4919,2.1219
0.6454,0.4971,2.1466
0.6456,0.4979,2.1488
0.6458,0.5114,2.2062
0.6460,0.4949,2.1378
0.6462,0.4354,1.8808
0.6464,0.4133,1.7855
0.6466,0.4109,1.7751
0.6468,0.449,1.9399
0.6470,0.4386,1.8948
0.6472,0.4381,1.8918
0.6474,0.4465,1.9281
0.6476,0.4445,1.9184
0.6478,0.4778,2.0604
0.6480,0.563,2.4276
0.6482,0.5142,2.2202
0.6484,0.4591,1.9825
0.6486,0.4541,1.9607
0.6488,0.4678,2.017
0.6490,0.544,2.3437
0.6492,0.5924,2.5472
0.6494,0.6394,2.7532
0.6496,0.658,2.8306
0.6498,0.7428,3.1939
0.6500,0.7323,3.1476
0.6502,0.7349,3.1599
0.6504,0.7668,3.2925
0.6506,0.834,3.5764
0.6508,0.9144,3.9173
0.6510,0.9998,4.2851
0.6512,0.9451,4.0507
0.6514,0.9612,4.1177
0.6516,0.9679,4.1522
0.6518,0.9341,4.0072
0.6520,0.9417,4.0401
0.6522,0.9594,4.1138
0.6524,0.9524,4.0821
0.6526,0.9473,4.0619
0.6528,0.9396,4.0271
0.6530,0.9635,4.1294
0.6532,0.9666,4.1485
0.6534,0.9639,4.1333
0.6536,0.9419,4.0368
0.6538,0.9264,3.9816
0.6540,0.8423,3.6186
0.6542,0.8313,3.5695
0.6544,0.8115,3.4862
0.6546,0.8307,3.5653
0.6548,0.8922,3.8329
0.6550,0.9439,4.0437
0.6552,1.0557,4.5183
0.6554,1.0782,4.6127
0.6556,1.0996,4.704
0.6558,1.0644,4.5622
0.6560,1.0171,4.3591
0.6562,1.0124,4.3452
0.6564,0.9488,4.0723
0.6566,0.96,4.1183
0.6568,1.0298,4.4136
0.6570,1.0387,4.4517
0.6572,0.9234,3.9632
0.6574,0.8572,3.6808
0.6576,0.8603,3.701
0.6578,0.8351,3.591
0.6580,0.8403,3.6132
0.6582,0.8192,3.5192
0.6584,0.8,3.4399
0.6586,0.7663,3.2965
0.6588,0.8029,3.4459
0.6590,0.9575,4.1075
0.6592,0.9193,3.9475
0.6594,0.885,3.8038
0.6596,0.9029,3.8788
0.6598,0.8863,3.8041
0.6600,0.9109,3.9097
0.6602,0.8941,3.8412
0.6604,0.8499,3.6527
0.6606,0.8373,3.5953
0.6608,0.9054,3.886
0.6610,0.9537,4.0934
0.6612,0.9859,4.2314
0.6614,0.9566,4.1115
0.6616,0.8916,3.8286
0.6618,0.8741,3.7534
0.6620,0.8622,3.7058
0.6622,0.8778,3.7711
0.6624,0.882,3.7891
0.6626,0.9367,4.026
0.6628,0.9229,3.963
0.6630,0.8596,3.6997
0.6632,0.7838,3.3734
0.6634,0.7359,3.166
0.6636,0.7344,3.1607
0.6638,0.7644,3.2883
0.6640,0.8264,3.5484
0.6642,0.9662,4.1489
0.6644,0.9589,4.1098
0.6646,1.0093,4.3257
0.6648,1.049,4.498
0.6650,1.0604,4.5405
0.6652,1.0676,4.5841
0.6654,0.9428,4.0541
0.6656,0.8983,3.8592
0.6658,0.8959,3.8507
0.6660,0.8757,3.7653
0.6662,0.8918,3.8314
0.6664,0.8775,3.7696
0.6666,0.8718,3.7488
0.6668,0.8782,3.7726
0.6670,0.8844,3.8012
0.6672,0.85,3.6567
0.6674,0.8466,3.6456
0.6676,0.8414,3.6162
0.6678,0.8934,3.8345
0.6680,0.9595,4.1182
0.6682,0.9914,4.2571
0.6684,0.9615,4.1288
0.6686,0.9474,4.0681
0.6688,0.9914,4.259
0.6690,0.9963,4.2702
0.6692,1.0971,4.6998
0.6694,1.1098,4.7543
0.6696,1.0882,4.6618
0.6698,1.1134,4.7719
0.6700,1.0677,4.5782
0.6702,1.0756,4.6164
0.6704,1.001,4.2983
0.6706,1.0452,4.4779
0.6708,1.1429,4.8938
0.6710,1.1187,4.7878
0.6712,1.1419,4.8897
0.6714,1.129,4.8365
0.6716,1.1528,4.9433
0.6718,1.1357,4.8653
0.6720,1.1007,4.7196
0.6722,1.1216,4.8029
0.6724,1.1446,4.901
0.6726,1.1557,4.9464
0.6728,1.1803,5.0564
0.6730,1.2092,5.1754
0.6732,1.2176,5.2235
0.6734,1.0728,4.6132
0.6736,0.9835,4.225
0.6738,1.1329,4.8444
0.6740,1.3235,5.6619
0.6742,1.3011,5.5816
0.6744,1.1258,4.8254
0.6746,1.1296,4.8436
0.6748,1.1772,5.0313
0.6750,1.3748,5.8705
0.6752,1.4084,6.0168
0.6754,1.4234,6.0808
0.6756,1.3582,5.8075
0.6758,1.2651,5.4171
0.6760,1.237,5.292
0.6762,1.3058,5.5938
0.6764,1.2482,5.3472
0.6766,1.1607,4.9866
0.6768,0.995,4.2725
0.6770,0.9733,4.1832
0.6772,0.9746,4.1928
0.6774,0.9739,4.1916
0.6776,0.9817,4.2193
0.6778,0.9921,4.2641
0.6780,0.9843,4.2306
0.6782,1.003,4.311
0.6784,0.986,4.2319
0.6786,1.022,4.3843
0.6788,1.1258,4.8321
0.6790,1.1023,4.7334
0.6792,1.0613,4.5594
0.6794,1.0535,4.5217
0.6796,1.0301,4.4234
0.6798,1.0421,4.4791
0.6800,1.0239,4.3987
0.6802,1.058,4.5387
0.6804,1.0767,4.6232
0.6806,1.0977,4.7134
0.6808,1.1246,4.8135
0.6810,1.2477,5.3526
0.6812,1.1418,4.8983
0.6814,1.0897,4.6772
0.6816,1.1123,4.774
0.6818,1.1129,4.7721
0.6820,1.1109,4.7722
0.6822,1.0596,4.5501
0.6824,1.0812,4.645
0.6826,1.0847,4.6534
0.6828,1.1032,4.7371
0.6830,1.058,4.5429
0.6832,1.0357,4.4512
0.6834,1.0313,4.4286
0.6836,1.0703,4.5938
0.6838,1.0698,4.596
0.6840,1.0671,4.5842
0.6842,1.0502,4.5178
0.6844,0.9807,4.2191
0.6846,1.0619,4.5578
0.6848,1.1302,4.8529
0.6850,1.1272,4.8423
0.6852,1.1025,4.734
0.6854,1.0847,4.6534
0.6856,1.1624,4.9891
0.6858,1.1502,4.9412
0.6860,1.1204,4.8202
0.6862,1.0226,4.3991
0.6864,0.9889,4.2482
0.6866,1.0851,4.6615
0.6868,1.0879,4.6695
0.6870,1.081,4.6418
0.6872,1.1098,4.7587
0.6874,1.1807,5.065
0.6876,1.148,4.9297
0.6878,1.1257,4.8384
0.6880,1.0528,4.5229
0.6882,1.0889,4.6736
0.6884,1.191,5.1045
0.6886,1.2764,5.4629
0.6888,1.2225,5.2495
0.6890,1.1413,4.9031
0.6892,1.122,4.8157
0.6894,1.1929,5.1175
0.6896,1.2154,5.2118
0.6898,1.2439,5.3312
0.6900,1.206,5.1712
0.6902,1.1958,5.1275
0.6904,1.1865,5.0831
0.6906,1.2676,5.433
0.6908,1.3023,5.5868
0.6910,1.2146,5.2131
0.6912,1.2154,5.2094
0.6914,1.2964,5.546
0.6916,1.3489,5.7842
0.6918,1.2136,5.2089
0.6920,1.1509,4.942
0.6922,1.1347,4.8725
0.6924,1.1672,5.0144
0.6926,1.1901,5.1009
0.6928,1.2958,5.5616
0.6930,1.1844,5.0833
0.6932,1.1882,5.0974
0.6934,1.1542,4.9721
0.6936,0.9781,4.2155
0.6938,0.9794,4.2056
0.6940,1.1484,4.9289
0.6942,1.1871,5.0999
0.6944,1.1148,4.7959
0.6946,1.0353,4.4476
0.6948,1.0986,4.7175
0.6950,1.1098,4.772
0.6952,1.0798,4.6474
0.6954,0.9739,4.2013
0.6956,0.8557,3.6831
0.6958,0.9221,3.9705
0.6960,0.8746,3.7729
0.6962,0.7977,3.4445
0.6964,0.842,3.6356
0.6966,0.8023,3.4625
0.6968,0.8182,3.5314
0.6970,0.8765,3.7742
0.6972,0.9239,3.9856
0.6974,0.9109,3.9188
0.6976,1.0584,4.5407
0.6978,1.1787,5.0639
0.6980,1.1556,4.9621
0.6982,1.1813,5.0818
0.6984,1.0215,4.3925
0.6986,1.1152,4.7863
0.6988,1.2375,5.304
0.6990,1.3282,5.6926
0.6992,1.2653,5.4359
0.6994,1.1272,4.8446
0.6996,1.1292,4.8488
0.6998,1.1371,4.8896
0.7000,1.1549,4.9567
0.7002,1.1702,5.0249
0.7004,1.1471,4.9301
0.7006,1.1465,4.923
0.7008,1.2037,5.171
0.7010,1.2094,5.1885
0.7012,1.2379,5.3055
0.7014,1.2663,5.4425
0.7016,1.1536,4.9557
0.7018,1.1989,5.148
0.7020,1.206,5.1808
0.7022,1.1183,4.8064
0.7024,1.1429,4.9121
0.7026,1.096,4.7083
0.7028,1.1864,5.085
0.7030,1.3031,5.5904
0.7032,1.3123,5.6169
0.7034,1.3807,5.915
0.7036,1.3919,5.9488
0.7038,1.4726,6.3056
0.7040,1.4235,6.1013
0.7042,1.3339,5.7226
0.7044,1.3467,5.7691
0.7046,1.3757,5.8851
0.7048,1.3718,5.8797
0.7050,1.3177,5.64
0.7052,1.3933,5.9717
0.7054,1.4156,6.0645
0.7056,1.3866,5.9679
0.7058,0.9904,4.2688
0.7060,0.979,4.2158
0.7062,0.9741,4.1985
0.7064,1.0162,4.3759
0.7066,1.0093,4.3459
0.7068,0.9762,4.2112
0.7070,0.9389,4.0503
0.7072,0.9056,3.9088
0.7074,0.9206,3.9679
0.7076,0.9193,3.9604
0.7078,0.8956,3.8617
0.7080,0.8824,3.803
0.7082,0.9134,3.9406
0.7084,0.849,3.6678
0.7086,0.7669,3.3144
0.7088,0.7346,3.1779
0.7090,0.7594,3.2777
0.7092,0.794,3.4284
0.7094,0.8017,3.4664
0.7096,0.705,3.0484
0.7098,0.6851,2.9609
0.7100,0.723,3.1204
0.7102,0.8691,3.7561
0.7104,0.7734,3.3393
0.7106,0.8199,3.537
0.7108,0.8014,3.4669
0.7110,0.6746,2.9172
0.7112,0.7328,3.1658
0.7114,0.7424,3.2057
0.7116,0.7544,3.2605
0.7118,0.7105,3.068
0.7120,0.7308,3.1526
0.7122,0.8171,3.5251
0.7124,0.8388,3.6187
0.7126,0.8294,3.5828
0.7128,0.7476,3.228
0.7130,0.7784,3.358
0.7132,0.8319,3.5887
0.7134,0.7765,3.359
0.7136,0.6459,2.794
0.7138,0.6502,2.8088
0.7140,0.7574,3.2674
0.7142,0.8412,3.6224
0.7144,0.9205,3.9637
0.7146,0.8869,3.8262
0.7148,0.8099,3.5005
0.7150,0.6966,3.0079
0.7152,0.7402,3.1949
0.7154,0.7832,3.3802
0.7156,0.8072,3.4822
0.7158,0.8158,3.5145
0.7160,0.8711,3.751
0.7162,0.9245,3.9808
0.7164,0.9546,4.1123
0.7166,0.897,3.8679
0.7168,0.9055,3.8992
0.7170,0.898,3.8702
0.7172,0.8629,3.721
0.7174,0.8927,3.8404
0.7176,0.9342,4.0282
0.7178,0.8518,3.6729
0.7180,0.8243,3.5561
0.7182,0.8231,3.5493
0.7184,0.891,3.8367
0.7186,0.9072,3.901
0.7188,0.9437,4.0634
0.7190,0.9487,4.0851
0.7192,0.9476,4.0805
0.7194,0.911,3.9266
0.7196,0.7825,3.3818
0.7198,0.7177,3.099
0.7200,0.7895,3.4045
0.7202,0.8092,3.4909
0.7204,0.8122,3.5039
0.7206,0.8295,3.5734
0.7208,0.8366,3.6039
0.7210,0.829,3.573
0.7212,0.8403,3.6233
0.7214,0.824,3.5513
0.7216,0.8807,3.7905
0.7218,0.9422,4.0497
0.7220,1.0524,4.5255
0.7222,0.9937,4.2688
0.7224,1.0671,4.5906
0.7226,0.9907,4.2659
0.7228,0.9287,3.9989
0.7230,0.8711,3.7579
0.7232,0.8053,3.4771
0.7234,0.7969,3.4377
0.7236,0.7916,3.4117
0.7238,0.7876,3.3947
0.7240,0.7988,3.4443
0.7242,0.8271,3.5664
0.7244,0.8649,3.7276
0.7246,0.9246,3.9794
0.7248,0.9306,4.0053
0.7250,0.9843,4.2306
0.7252,1.0696,4.5929
0.7254,1.0351,4.4528
0.7256,0.9823,4.2277
0.7258,0.9796,4.2242
0.7260,0.8361,3.6035
0.7262,0.7813,3.3704
0.7264,0.7562,3.2668
0.7266,0.7293,3.1478
0.7268,0.6898,2.9798
0.7270,0.6595,2.8505
0.7272,0.6528,2.8215
0.7274,0.61,2.6352
0.7276,0.6853,2.9578
0.7278,0.7098,3.0606
0.7280,0.692,2.9882
0.7282,0.6731,2.9037
0.7284,0.7444,3.216
0.7286,0.5976,2.589
0.7288,0.4627,2.0054
0.7290,0.4875,2.112
0.7292,0.4746,2.0559
0.7294,0.4537,1.9646
0.7296,0.4438,1.9224
0.7298,0.4394,1.9037
0.7300,0.4523,1.9584
0.7302,0.4693,2.0321
0.7304,0.47,2.0324
0.7306,0.5701,2.4615
0.7308,0.6856,2.9534
0.7310,0.7755,3.3425
0.7312,0.7799,3.3585
0.7314,0.9019,3.8837
0.7316,0.8605,3.7004
0.7318,0.9181,3.9479
0.7320,0.9798,4.2071
0.7322,1.0593,4.5507
0.7324,1.0569,4.5383
0.7326,1.1206,4.7983
0.7328,1.2749,5.4465
0.7330,1.3764,5.8855
0.7332,1.3768,5.887
0.7334,1.3295,5.6903
0.7336,1.3182,5.6394
0.7338,1.3471,5.7603
0.7340,1.3273,5.6863
0.7342,1.3101,5.6019
0.7344,1.3311,5.6916
0.7346,1.3188,5.6446
0.7348,1.3374,5.7241
0.7350,1.3301,5.6928
0.7352,1.2707,5.4438
0.7354,1.2514,5.3636
0.7356,1.2114,5.1895
0.7358,1.289,5.5193
0.7360,1.3342,5.7129
0.7362,1.3321,5.6989
0.7364,1.3348,5.7209
0.7366,1.2392,5.3235
0.7368,1.1683,5.012
0.7370,1.2393,5.3092
0.7372,1.273,5.4485
0.7374,1.2517,5.3746
0.7376,1.1336,4.8724
0.7378,1.0583,4.5466
0.7380,1.055,4.5385
0.7382,1.0556,4.5389
0.7384,1.0357,4.4512
0.7386,0.9617,4.137
0.7388,0.9379,4.0405
0.7390,0.9337,4.0205
0.7392,0.9438,4.0639
0.7394,0.9228,3.9717
0.7396,0.9633,4.1462
0.7398,0.9954,4.284
0.7400,0.9874,4.2499
0.7402,0.9372,4.0299
0.7404,0.9539,4.1016
0.7406,1.0118,4.3426
0.7408,1.0528,4.5313
0.7410,0.9511,4.0954
0.7412,1.0211,4.3827
0.7414,1.1237,4.8319
0.7416,1.0101,4.3435
0.7418,0.9497,4.0873
0.7420,0.9677,4.159
0.7422,1.051,4.5067
0.7424,1.1333,4.8618
0.7426,1.1629,4.9959
0.7428,1.0557,4.5479
0.7430,0.9748,4.1938
0.7432,0.9825,4.2288
0.7434,0.9387,4.0422
0.7436,0.8878,3.8334
0.7438,0.7599,3.2813
0.7440,0.7634,3.2933
0.7442,0.7765,3.3512
0.7444,0.7325,3.1627
0.7446,0.7385,3.1931
0.7448,0.6932,2.9948
0.7450,0.6966,3.0065
0.7452,0.6899,2.9803
0.7454,0.6866,2.9676
0.7456,0.68,2.9378
0.7458,0.6978,3.0131
0.7460,0.6989,3.0205
0.7462,0.6515,2.8184
0.7464,0.5767,2.4888
0.7466,0.6576,2.8409
0.7468,0.6667,2.8803
0.7470,0.7208,3.1067
0.7472,0.8321,3.5815
0.7474,0.8655,3.7336
0.7476,0.769,3.3192
0.7478,0.7633,3.2943
0.7480,0.7674,3.3088
0.7482,0.7635,3.2908
0.7484,0.7466,3.2224
0.7486,0.7429,3.2063
0.7488,0.7497,3.2313
0.7490,0.8375,3.6097
0.7492,0.8737,3.7606
0.7494,0.8705,3.7501
0.7496,0.8581,3.6986
0.7498,0.8789,3.781
0.7500,0.9248,3.9805
0.7502,0.8986,3.8638
0.7504,0.9567,4.1121
0.7506,0.9206,3.9643
0.7508,0.9037,3.8896
0.7510,0.9937,4.2668
0.7512,1.0989,4.7097
0.7514,1.1496,4.9341
0.7516,1.1083,4.7592
0.7518,1.1134,4.7741
0.7520,1.1864,5.085
0.7522,1.1751,5.039
0.7524,1.1941,5.1203
0.7526,1.1226,4.8227
0.7528,1.1035,4.743
0.7530,1.0845,4.661
0.7532,0.9907,4.2619
0.7534,0.9445,4.067
0.7536,0.9507,4.0882
0.7538,1.0533,4.5228
0.7540,1.0769,4.6286
0.7542,1.0352,4.4513
0.7544,1.0328,4.4368
0.7546,1.0806,4.6381
0.7548,1.0914,4.6953
0.7550,1.0127,4.3528
0.7552,1.0643,4.5681
0.7554,1.1294,4.8498
0.7556,1.1498,4.9305
0.7558,1.1887,5.0995
0.7560,1.0962,4.705
0.7562,1.0968,4.7163
0.7564,1.0535,4.5323
0.7566,1.065,4.5797
0.7568,1.0704,4.6007
0.7570,1.0581,4.5434
0.7572,1.064,4.5793
0.7574,0.922,3.9644
0.7576,0.9776,4.2057
0.7578,1.0032,4.3156
0.7580,0.9515,4.1027
0.7582,0.8608,3.7117
0.7584,0.8217,3.5415
0.7586,0.782,3.3735
0.7588,0.849,3.6542
0.7590,0.8999,3.8731
0.7592,0.9276,3.9886
0.7594,0.9997,4.3046
0.7596,0.9308,4.0119
0.7598,0.8326,3.5918
0.7600,0.8182,3.5281
0.7602,0.7887,3.4072
0.7604,0.6791,2.9296
0.7606,0.7279,3.1401
0.7608,0.7401,3.1944
0.7610,0.702,3.0382
0.7612,0.5115,2.2159
0.7614,0.4761,2.0636
0.7616,0.4688,2.031
0.7618,0.4711,2.0399
0.7620,0.4724,2.0485
0.7622,0.4729,2.0477
0.7624,0.47,2.0343
0.7626,0.4824,2.0849
0.7628,0.5348,2.3167
0.7630,0.5407,2.34
0.7632,0.5376,2.3244
0.7634,0.5378,2.3265
0.7636,0.4886,2.1089
0.7638,0.6336,2.7309
0.7640,0.7389,3.1892
0.7642,0.7148,3.0809
0.7644,0.7788,3.3595
0.7646,0.7286,3.1418
0.7648,0.7646,3.2954
0.7650,0.8165,3.516
0.7652,0.8694,3.7385
0.7654,0.8862,3.816
0.7656,0.8857,3.8087
0.7658,0.9795,4.2061
0.7660,1.0345,4.444
0.7662,1.1153,4.7846
0.7664,1.1288,4.8427
0.7666,1.0704,4.5986
0.7668,1.0076,4.3286
0.7670,1.0553,4.5231
0.7672,1.1492,4.9279
0.7674,1.1849,5.0807
0.7676,1.1351,4.8695
0.7678,1.1448,4.9089
0.7680,1.185,5.0859
0.7682,1.1522,4.9431
0.7684,1.1653,4.9945
0.7686,1.1597,4.9703
0.7688,1.1558,4.9585
0.7690,1.2006,5.1528
0.7692,1.151,4.9356
0.7694,1.1844,5.0762
0.7696,1.2109,5.1923
0.7698,1.2018,5.1508
0.7700,1.2168,5.2102
0.7702,1.2918,5.5265
0.7704,1.3481,5.7671
0.7706,1.3246,5.6745
0.7708,1.2711,5.4428
0.7710,1.3332,5.7088
0.7712,1.3237,5.6709
0.7714,1.231,5.2836
0.7716,1.1625,4.9873
0.7718,1.2273,5.2603
0.7720,1.2531,5.3808
0.7722,1.1091,4.7623
0.7724,1.1163,4.7865
0.7726,1.1913,5.1084
0.7728,1.2417,5.3244
0.7730,1.1706,5.0312
0.7732,1.0317,4.4342
0.7734,1.0316,4.4399
0.7736,0.9307,4.0114
0.7738,0.9209,3.9634
0.7740,0.9822,4.2253
0.7742,1.0084,4.3362
0.7744,0.9904,4.2609
0.7746,0.9639,4.143
0.7748,0.9896,4.2592
0.7750,0.9888,4.2556
0.7752,0.9537,4.1087
0.7754,0.858,3.6964
0.7756,0.8495,3.6614
0.7758,0.8704,3.7444
0.7760,0.9163,3.9493
0.7762,0.8361,3.6035
0.7764,0.7889,3.4051
0.7766,0.8013,3.4568
0.7768,0.768,3.3145
0.7770,0.7943,3.422
0.7772,0.8488,3.66
0.7774,0.7653,3.3016
0.7776,0.7719,3.3331
0.7778,0.7277,3.1347
0.7780,0.8385,3.6189
0.7782,0.7624,3.2922
0.7784,0.7284,3.1422
0.7786,0.6968,3.0131
0.7788,0.5612,2.4322
0.7790,0.4745,2.0564
0.7792,0.4596,1.9891
0.7794,0.458,1.9842
0.7796,0.4878,2.1111
0.7798,0.5325,2.3047
0.7800,0.5181,2.2425
0.7802,0.5144,2.2253
0.7804,0.6242,2.6938
0.7806,0.698,3.0155
0.7808,0.6309,2.7228
0.7810,0.6276,2.7126
0.7812,0.6152,2.6587
0.7814,0.6147,2.6566
0.7816,0.6087,2.6319
0.7818,0.6136,2.6532
0.7820,0.6136,2.6495
0.7822,0.6547,2.8232
0.7824,0.7393,3.1849
0.7826,0.7368,3.177
0.7828,0.7522,3.2452
0.7830,0.7296,3.1459
0.7832,0.7307,3.1491
0.7834,0.7923,3.4132
0.7836,0.8318,3.5832
0.7838,0.7976,3.4376
0.7840,0.7269,3.136
0.7842,0.7205,3.1066
0.7844,0.7269,3.136
0.7846,0.7218,3.1123
0.7848,0.7681,3.3135
0.7850,0.743,3.2053
0.7852,0.7327,3.1608
0.7854,0.7277,3.1377
0.7856,0.7307,3.1506
0.7858,0.7486,3.2252
0.7860,0.8032,3.457
0.7862,0.8873,3.8154
0.7864,0.965,4.1573
0.7866,0.8271,3.568
0.7868,0.7367,3.175
0.7870,0.7402,3.186
0.7872,0.7972,3.4312
0.7874,0.8181,3.526
0.7876,0.8137,3.5036
0.7878,0.8493,3.6536
0.7880,0.9079,3.9041
0.7882,0.9041,3.8912
0.7884,0.873,3.761
0.7886,0.8508,3.662
0.7888,0.8217,3.5365
0.7890,0.833,3.5867
0.7892,0.8196,3.531
0.7894,0.7982,3.4402
0.7896,0.7845,3.3828
0.7898,0.726,3.1333
0.7900,0.6923,2.9851
0.7902,0.6907,2.9797
0.7904,0.6679,2.8814
0.7906,0.6787,2.9253
0.7908,0.7518,3.2416
0.7910,0.7646,3.2985
0.7912,0.7659,3.295
0.7914,0.8265,3.5605
0.7916,0.7711,3.3264
0.7918,0.7251,3.1268
0.7920,0.7364,3.1725
0.7922,0.7659,3.298
0.7924,0.8042,3.4644
0.7926,0.8243,3.5528
0.7928,0.7566,3.2608
0.7930,0.7202,3.1085
0.7932,0.6864,2.9611
0.7934,0.7012,3.0206
0.7936,0.7465,3.2144
0.7938,0.7953,3.4246
0.7940,0.7321,3.1553
0.7942,0.7425,3.2048
0.7944,0.5957,2.5747
0.7946,0.5915,2.5519
0.7948,0.6691,2.8866
0.7950,0.6655,2.8724
0.7952,0.5946,2.5701
0.7954,0.4704,2.0359
0.7956,0.4331,1.8744
0.7958,0.4655,2.0109
0.7960,0.5413,2.3405
0.7962,0.54,2.3337
0.7964,0.5683,2.4537
0.7966,0.5583,2.4119
0.7968,0.5228,2.2617
0.7970,0.4951,2.1378
0.7972,0.5931,2.5574
0.7974,0.628,2.7079
0.7976,0.6665,2.8712
0.7978,0.6924,2.987
0.7980,0.6599,2.8415
0.7982,0.7359,3.166
0.7984,0.7761,3.3419
0.7986,0.7917,3.4075
0.7988,0.8638,3.7108
0.7990,0.9398,4.0318
0.7992,0.9688,4.1564
0.7994,1.0505,4.5068
0.7996,1.0859,4.6585
0.7998,1.0905,4.6694
0.8000,1.1195,4.8004
0.8002,1.1225,4.8043
0.8004,1.2692,5.4244
0.8006,1.2703,5.4341
0.8008,1.2261,5.2453
0.8010,1.2454,5.3254
0.8012,1.2647,5.4105
0.8014,1.2057,5.1629
0.8016,1.1438,4.9002
0.8018,1.092,4.6892
0.8020,0.9902,4.2499
0.8022,0.9884,4.2481
0.8024,0.9999,4.2956
0.8026,1.0668,4.5789
0.8028,1.0228,4.394
0.8030,0.9396,4.0383
0.8032,0.9145,3.9306
0.8034,0.9121,3.9203
0.8036,0.9373,4.0267
0.8038,0.9897,4.2558
0.8040,1.0177,4.3698
0.8042,1.0403,4.4693
0.8044,0.9715,4.1755
0.8046,0.9347,4.0191
0.8048,0.9491,4.0791
0.8050,0.9446,4.0562
0.8052,0.9603,4.1294
0.8054,0.9107,3.9214
0.8056,0.876,3.7721
0.8058,0.877,3.7693
0.8060,0.8784,3.786
0.8062,0.7768,3.3435
0.8064,0.8867,3.811
0.8066,0.8879,3.8215
0.8068,0.8348,3.5945
0.8070,0.8363,3.5978
0.8072,0.8812,3.7926
0.8074,0.8023,3.4577
0.8076,0.7549,3.2535
0.8078,0.8195,3.5272
0.8080,0.8356,3.6014
0.8082,0.8051,3.4637
0.8084,0.8616,3.705
0.8086,0.8956,3.8545
0.8088,0.9078,3.909
0.8090,0.9122,3.9245
0.8092,0.7997,3.4501
0.8094,0.7205,3.1023
0.8096,0.75,3.2368
0.8098,0.6805,2.9371
0.8100,0.6673,2.8829
0.8102,0.6342,2.7335
0.8104,0.7513,3.238
0.8106,0.7448,3.2161
0.8108,0.6361,2.7456
0.8110,0.6528,2.8136
0.8112,0.7319,3.1558
0.8114,0.6827,2.9478
0.8116,0.6484,2.7984
0.8118,0.6678,2.8809
0.8120,0.7061,3.0417
0.8122,0.802,3.4519
0.8124,0.8268,3.5554
0.8126,0.8653,3.7244
0.8128,0.7719,3.3285
0.8130,0.7161,3.0894
0.8132,0.7299,3.146
0.8134,0.7626,3.2866
0.8136,0.7632,3.2801
0.8138,0.947,4.0665
0.8140,0.9782,4.2043
0.8142,0.8911,3.8354
0.8144,0.8007,3.4494
0.8146,0.7172,3.0912
0.8148,0.7545,3.252
0.8150,0.7995,3.4426
0.8152,0.8081,3.4782
0.8154,0.8312,3.579
0.8156,0.8331,3.5856
0.8158,0.8321,3.5781
0.8160,0.8731,3.7545
0.8162,0.8801,3.7862
0.8164,0.8577,3.6914
0.8166,0.8801,3.7897
0.8168,0.8405,3.6142
0.8170,0.9251,3.9723
0.8172,0.9717,4.1745
0.8174,0.9073,3.9033
0.8176,0.8117,3.4937
0.8178,0.8138,3.5025
0.8180,0.8144,3.5067
0.8182,0.8542,3.673
0.8184,0.898,3.8577
0.8186,0.9232,3.9733
0.8188,0.8286,3.5665
0.8190,0.8133,3.4988
0.8192,0.8092,3.4812
0.8194,0.8342,3.5936
0.8196,0.811,3.4938
0.8198,0.8035,3.4565
0.8200,0.8235,3.5459
0.8202,0.8099,3.4843
0.8204,0.8842,3.8002
0.8206,0.8793,3.7861
0.8208,0.8436,3.631
0.8210,0.8933,3.8394
0.8212,0.9271,3.9866
0.8214,0.8854,3.8089
0.8216,0.8719,3.7511
0.8218,0.8495,3.6529
0.8220,0.8869,3.8103
0.8222,0.9187,3.9505
0.8224,0.9012,3.8824
0.8226,0.8009,3.4488
0.8228,0.837,3.6043
0.8230,0.7877,3.392
0.8232,0.8075,3.4724
0.8234,0.8591,3.6976
0.8236,0.8494,3.649
0.8238,0.9204,3.9559
0.8240,0.9419,4.0481
0.8242,0.9379,4.0311
0.8244,0.9074,3.9002
0.8246,0.9631,4.1374
0.8248,0.9578,4.1205
0.8250,0.8386,3.6076
0.8252,0.7923,3.4101
0.8254,0.7996,3.4432
0.8256,0.8224,3.5413
0.8258,0.7868,3.3942
0.8260,0.7117,3.0717
0.8262,0.6537,2.8212
0.8264,0.6255,2.7033
0.8266,0.52,2.2487
0.8268,0.4916,2.1238
0.8270,0.5821,2.511
0.8272,0.6468,2.793
0.8274,0.6096,2.6324
0.8276,0.5656,2.4424
0.8278,0.5488,2.3699
0.8280,0.565,2.4398
0.8282,0.5151,2.2295
0.8284,0.4296,1.8602
0.8286,0.4126,1.7873
0.8288,0.4147,1.795
0.8290,0.4149,1.7955
0.8292,0.4057,1.7577
0.8294,0.393,1.701
0.8296,0.3928,1.6992
0.8298,0.4025,1.7404
0.8300,0.4532,1.9598
0.8302,0.4207,1.8167
0.8304,0.5982,2.5784
0.8306,0.6805,2.9317
0.8308,0.6559,2.831
0.8310,0.6432,2.771
0.8312,0.7194,3.0991
0.8314,0.6865,2.9575
0.8316,0.7271,3.1293
0.8318,0.7412,3.1887
0.8320,0.7928,3.4105
0.8322,0.8033,3.456
0.8324,0.8315,3.5772
0.8326,0.883,3.7897
0.8328,1.0022,4.2954
0.8330,1.0251,4.3956
0.8332,1.0285,4.4039
0.8334,1.101,4.7146
0.8336,1.1562,4.9462
0.8338,1.2025,5.1466
0.8340,1.134,4.8671
0.8342,1.0172,4.3678
0.8344,1.006,4.3098
0.8346,1.0798,4.6258
0.8348,1.0941,4.6848
0.8350,1.124,4.8132
0.8352,1.1362,4.8719
0.8354,1.1266,4.8307
0.8356,1.1063,4.7394
0.8358,1.1125,4.7639
0.8360,1.145,4.9076
0.8362,1.1037,4.7259
0.8364,1.1299,4.8383
0.8366,1.1318,4.8488
0.8368,1.1194,4.7999
0.8370,1.123,4.8153
0.8372,1.1002,4.7132
0.8374,1.1136,4.7774
0.8376,1.0732,4.6062
0.8378,1.0321,4.4317
0.8380,1.0006,4.2947
0.8382,0.9998,4.2951
0.8384,0.9832,4.224
0.8386,0.9985,4.2855
0.8388,1.033,4.4296
0.8390,1.0834,4.6434
0.8392,1.0676,4.5841
0.8394,1.0161,4.3611
0.8396,1.0372,4.4517
0.8398,1.0515,4.5193
0.8400,0.9665,4.1615
0.8402,0.8656,3.7237
0.8404,0.9136,3.9246
0.8406,0.9404,4.0476
0.8408,0.799,3.4438
0.8410,0.759,3.2696
0.8412,0.8009,3.452
0.8414,0.7609,3.2779
0.8416,0.764,3.2913
0.8418,0.8,3.4431
0.8420,0.8273,3.5641
0.8422,0.7606,3.2768
0.8424,0.6856,2.9616
0.8426,0.5925,2.5572
0.8428,0.6766,2.9187
0.8430,0.7357,3.1738
0.8432,0.6764,2.9168
0.8434,0.6547,2.8298
0.8436,0.5912,2.5527
0.8438,0.6504,2.8046
0.8440,0.6788,2.9272
0.8442,0.652,2.8126
0.8444,0.7268,3.1282
0.8446,0.8502,3.6577
0.8448,0.7768,3.3528
0.8450,0.6751,2.9125
0.8452,0.6559,2.8284
0.8454,0.6641,2.8622
0.8456,0.623,2.6936
0.8458,0.5464,2.3628
0.8460,0.5685,2.4536
0.8462,0.6225,2.6866
0.8464,0.5575,2.4105
0.8466,0.5217,2.2559
0.8468,0.5176,2.2342
0.8470,0.6321,2.7229
0.8472,0.6655,2.8711
0.8474,0.6384,2.7516
0.8476,0.6727,2.8981
0.8478,0.7157,3.0888
0.8480,0.5975,2.5837
0.8482,0.5282,2.2808
0.8484,0.5332,2.3025
0.8486,0.6099,2.6274
0.8488,0.7528,3.2417
0.8490,0.6918,2.9803
0.8492,0.6738,2.9068
0.8494,0.6722,2.9001
0.8496,0.7347,3.1608
0.8498,0.8097,3.4882
0.8500,0.7205,3.1066
0.8502,0.6743,2.9048
0.8504,0.6978,3.0047
0.8506,0.6924,2.9828
0.8508,0.6907,2.9784
0.8510,0.7008,3.0176
0.8512,0.7629,3.2821
0.8514,0.7867,3.3874
0.8516,0.7702,3.3166
0.8518,0.7743,3.3311
0.8520,0.8182,3.5167
0.8522,0.8752,3.7598
0.8524,0.923,3.969
0.8526,0.8953,3.8499
0.8528,0.8574,3.6887
0.8530,0.8442,3.6336
0.8532,0.7686,3.3079
0.8534,0.8127,3.4962
0.8536,0.7837,3.3745
0.8538,0.7567,3.2552
0.8540,0.769,3.3099
0.8542,0.8285,3.5643
0.8544,0.8933,3.8394
0.8546,0.9068,3.8922
0.8548,0.9151,3.9313
0.8550,0.9336,4.0088
0.8552,0.9543,4.0922
0.8554,0.9814,4.2163
0.8556,0.9084,3.9025
0.8558,0.8962,3.8517
0.8560,0.9001,3.8687
0.8562,0.873,3.7557
0.8564,0.8026,3.4577
0.8566,0.7575,3.2619
0.8568,0.8071,3.4687
0.8570,0.8879,3.8197
0.8572,0.7196,3.1059
0.8574,0.6415,2.7689
0.8576,0.6367,2.7456
0.8578,0.6324,2.727
0.8580,0.6177,2.6646
0.8582,0.6396,2.7568
0.8584,0.6631,2.8634
0.8586,0.6092,2.6279
0.8588,0.583,2.5186
0.8590,0.5468,2.3578
0.8592,0.6443,2.7834
0.8594,0.5795,2.5024
0.8596,0.556,2.3998
0.8598,0.5276,2.2782
0.8600,0.5094,2.1995
0.8602,0.5205,2.2466
0.8604,0.5137,2.2191
0.8606,0.5206,2.2502
0.8608,0.6126,2.6428
0.8610,0.5798,2.5022
0.8612,0.5478,2.3634
0.8614,0.5212,2.2496
0.8616,0.5041,2.1746
0.8618,0.5107,2.2051
0.8620,0.4918,2.1287
0.8622,0.4156,1.7986
0.8624,0.3993,1.7264
0.8626,0.3999,1.7282
0.8628,0.4005,1.7324
0.8630,0.432,1.8636
0.8632,0.5449,2.3483
0.8634,0.6188,2.6697
0.8636,0.578,2.4944
0.8638,0.5824,2.5101
0.8640,0.5995,2.5864
0.8642,0.5958,2.5704
0.8644,0.5973,2.573
0.8646,0.6776,2.9138
0.8648,0.7676,3.2975
0.8650,0.8003,3.4413
0.8652,0.8026,3.4479
0.8654,0.8755,3.7594
0.8656,0.8344,3.5844
0.8658,0.8796,3.7752
0.8660,0.9982,4.2803
0.8662,0.9868,4.2294
0.8664,1.0012,4.2891
0.8666,1.012,4.3374
0.8668,1.0171,4.3615
0.8670,1.0211,4.3785
0.8672,1.0554,4.5256
0.8674,1.0343,4.4371
0.8676,1.0041,4.3014
0.8678,1.0283,4.4073
0.8680,1.054,4.5173
0.8682,1.0218,4.3877
0.8684,0.9447,4.0566
0.8686,0.97,4.1633
0.8688,0.9734,4.1719
0.8690,1.0314,4.4268
0.8692,1.0531,4.5074
0.8694,1.1451,4.8965
0.8696,1.1534,4.9365
0.8698,1.1481,4.9208
0.8700,1.1109,4.7615
0.8702,1.0768,4.6107
0.8704,1.1364,4.8636
0.8706,1.1012,4.7286
0.8708,0.9728,4.1771
0.8710,0.9767,4.1843
0.8712,1.0904,4.6714
0.8714,1.1209,4.8131
0.8716,0.958,4.1195
0.8718,0.924,3.9638
0.8720,1.0159,4.3523
0.8722,1.0704,4.5877
0.8724,0.9804,4.2159
0.8726,0.8563,3.6839
0.8728,0.869,3.7351
0.8730,0.8883,3.8163
0.8732,0.9455,4.0583
0.8734,1.0117,4.3445
0.8736,0.9494,4.0786
0.8738,0.9186,3.9498
0.8740,0.9465,4.0643
0.8742,1.0091,4.3311
0.8744,1.0076,4.3305
0.8746,0.9547,4.1012
0.8748,0.9207,3.9628
0.8750,0.8653,3.7243
0.8752,0.8081,3.4748
0.8754,0.781,3.3677
0.8756,0.6963,2.9984
0.8758,0.791,3.4043
0.8760,0.7786,3.3542
0.8762,0.7737,3.333
0.8764,0.7854,3.3805
0.8766,0.7913,3.4042
0.8768,0.8465,3.6365
0.8770,0.9151,3.9349
0.8772,0.9255,3.9779
0.8774,0.9205,3.9525
0.8776,0.9433,4.0579
0.8778,0.8225,3.5499
0.8780,0.6835,2.9459
0.8782,0.6636,2.8627
0.8784,0.6304,2.7181
0.8786,0.6629,2.8596
0.8788,0.6175,2.664
0.8790,0.6215,2.6836
0.8792,0.6148,2.6546
0.8794,0.6412,2.7621
0.8796,0.7532,3.2371
0.8798,0.8545,3.6744
0.8800,0.8735,3.7577
0.8802,0.7796,3.3615
0.8804,0.6269,2.7056
0.8806,0.5999,2.5916
0.8808,0.6054,2.613
0.8810,0.6287,2.7109
0.8812,0.6827,2.9395
0.8814,0.739,3.1837
0.8816,0.7419,3.1946
0.8818,0.7312,3.1501
0.8820,0.7738,3.3304
0.8822,0.8105,3.49
0.8824,0.762,3.2814
0.8826,0.7737,3.3299
0.8828,0.7514,3.2354
0.8830,0.7953,3.4197
0.8832,0.89,3.8271
0.8834,0.8277,3.5622
0.8836,0.746,3.2137
0.8838,0.7318,3.1512
0.8840,0.7756,3.3382
0.8842,0.8296,3.5721
0.8844,0.7643,3.2912
0.8846,0.7451,3.2101
0.8848,0.7668,3.3066
0.8850,0.6908,2.976
0.8852,0.7481,3.22
0.8854,0.7573,3.2607
0.8856,0.7435,3.2028
0.8858,0.7961,3.4296
0.8860,0.7743,3.3294
0.8862,0.764,3.2866
0.8864,0.8516,3.6569
0.8866,0.8841,3.8036
0.8868,0.7866,3.3888
0.8870,0.8092,3.4811
0.8872,0.8269,3.5575
0.8874,0.8063,3.4703
0.8876,0.8201,3.5297
0.8878,0.7697,3.3175
0.8880,0.7358,3.1668
0.8882,0.7899,3.3965
0.8884,0.8292,3.5673
0.8886,0.8455,3.6374
0.8888,0.8293,3.5711
0.8890,0.7268,3.1296
0.8892,0.717,3.0915
0.8894,0.7161,3.0879
0.8896,0.7293,3.1346
0.8898,0.8658,3.7246
0.8900,0.8335,3.5825
0.8902,0.8179,3.5253
0.8904,0.7779,3.3449
0.8906,0.8585,3.6966
0.8908,0.79,3.3922
0.8910,0.8651,3.7198
0.8912,0.823,3.5404
0.8914,0.8149,3.5042
0.8916,0.8255,3.5529
0.8918,0.7726,3.3268
0.8920,0.766,3.2984
0.8922,0.8094,3.4821
0.8924,0.8406,3.6146
0.8926,0.7848,3.3811
0.8928,0.6473,2.791
0.8930,0.6636,2.8587
0.8932,0.7052,3.038
0.8934,0.6975,3.0105
0.8936,0.6115,2.6406
0.8938,0.5529,2.3885
0.8940,0.5425,2.3412
0.8942,0.5646,2.4347
0.8944,0.523,2.2616
0.8946,0.4308,1.8619
0.8948,0.4201,1.8141
0.8950,0.5043,2.1756
0.8952,0.5523,2.387
0.8954,0.5236,2.2642
0.8956,0.4598,1.9883
0.8958,0.4318,1.8643
0.8960,0.5016,2.1647
0.8962,0.5672,2.4445
0.8964,0.6618,2.8483
0.8966,0.6823,2.9366
0.8968,0.7255,3.1239
0.8970,0.6924,2.9827
0.8972,0.7128,3.0691
0.8974,0.7142,3.0768
0.8976,0.7324,3.1524
0.8978,0.7189,3.094
0.8980,0.7682,3.2985
0.8982,0.8605,3.6933
0.8984,0.868,3.7357
0.8986,0.8207,3.5323
0.8988,0.8353,3.5819
0.8990,0.9828,4.2144
0.8992,1.0281,4.4083
0.8994,1.0212,4.379
0.8996,1.0101,4.3312
0.8998,0.9942,4.2613
0.9000,1.0215,4.378
0.9002,1.1198,4.7995
0.9004,1.0396,4.4598
0.9006,1.0324,4.4268
0.9008,1.0349,4.4356
0.9010,1.0565,4.5218
0.9012,1.1178,4.7885
0.9014,1.0512,4.5055
0.9016,1.0747,4.6062
0.9018,1.0694,4.5922
0.9020,1.0272,4.4027
0.9022,1.0655,4.5666
0.9024,1.0408,4.4649
0.9026,1.0288,4.4114
0.9028,1.0383,4.4479
0.9030,1.104,4.7316
0.9032,1.1446,4.9082
0.9034,1.0744,4.6047
0.9036,1.0706,4.5866
0.9038,1.0861,4.6529
0.9040,1.1265,4.826
0.9042,1.1266,4.8378
0.9044,1.0065,4.3218
0.9046,0.952,4.0937
0.9048,0.9278,3.9877
0.9050,0.9334,4.01
0.9052,0.9765,4.1911
0.9054,0.9788,4.2028
0.9056,0.9084,3.906
0.9058,0.8628,3.71
0.9060,0.8392,3.6134
0.9062,0.837,3.6075
0.9064,0.7865,3.3883
0.9066,0.7702,3.315
0.9068,0.8065,3.4698
0.9070,0.8486,3.6492
0.9072,0.8955,3.8562
0.9074,0.7628,3.286
0.9076,0.7493,3.2251
0.9078,0.8514,3.6661
0.9080,0.8226,3.5438
0.9082,0.7242,3.1225
0.9084,0.6587,2.8402
0.9086,0.636,2.7475
0.9088,0.5979,2.578
0.9090,0.6001,2.5938
0.9092,0.5372,2.3227
0.9094,0.5437,2.3475
0.9096,0.603,2.6002
0.9098,0.703,3.0301
0.9100,0.6639,2.8669
0.9102,0.5549,2.3973
0.9104,0.5702,2.4597
0.9106,0.6247,2.6963
0.9108,0.5742,2.483
0.9110,0.5234,2.261
0.9112,0.5517,2.3811
0.9114,0.6071,2.6166
0.9116,0.6278,2.7085
0.9118,0.6107,2.637
0.9120,0.6095,2.6281
0.9122,0.6559,2.8283
0.9124,0.5886,2.544
0.9126,0.5704,2.4607
0.9128,0.6265,2.7003
0.9130,0.6792,2.9272
0.9132,0.7161,3.0822
0.9134,0.7665,3.2944
0.9136,0.7919,3.41
0.9138,0.7407,3.1909
0.9140,0.6966,3.0092
0.9142,0.591,2.5485
0.9144,0.6509,2.8027
0.9146,0.6841,2.9498
0.9148,0.6675,2.8771
0.9150,0.7113,3.0587
0.9152,0.7652,3.2902
0.9154,0.8004,3.445
0.9156,0.7667,3.3015
0.9158,0.7041,3.0348
0.9160,0.7246,3.1246
0.9162,0.7004,3.0145
0.9164,0.7581,3.2583
0.9166,0.7968,3.428
0.9168,0.7549,3.2504
0.9170,0.7634,3.2855
0.9172,0.7561,3.2586
0.9174,0.6871,2.9614
0.9176,0.7044,3.033
0.9178,0.7679,3.3036
0.9180,0.7918,3.4126
0.9182,0.6864,2.9555
0.9184,0.6817,2.9354
0.9186,0.6627,2.8564
0.9188,0.6684,2.8821
0.9190,0.6689,2.8828
0.9192,0.6776,2.9205
0.9194,0.7008,3.0175
0.9196,0.7273,3.1302
0.9198,0.7556,3.2459
0.9200,0.7635,3.2876
0.9202,0.6986,3.011
0.9204,0.6906,2.9736
0.9206,0.736,3.1678
0.9208,0.7638,3.2846
0.9210,0.8101,3.4869
0.9212,0.7829,3.3728
0.9214,0.7038,3.029
0.9216,0.7024,3.0233
0.9218,0.7271,3.1282
0.9220,0.7607,3.2757
0.9222,0.7555,3.253
0.9224,0.7271,3.1311
0.9226,0.7206,3.1056
0.9228,0.6818,2.9414
0.9230,0.6209,2.676
0.9232,0.646,2.7841
0.9234,0.6847,2.951
0.9236,0.668,2.8792
0.9238,0.6815,2.9357
0.9240,0.6675,2.8771
0.9242,0.6922,2.9836
0.9244,0.6809,2.9318
0.9246,0.6804,2.9324
0.9248,0.6716,2.8933
0.9250,0.6177,2.6621
0.9252,0.6366,2.7463
0.9254,0.5739,2.4768
0.9256,0.5879,2.5339
0.9258,0.6089,2.6268
0.9260,0.624,2.6907
0.9262,0.6306,2.7166
0.9264,0.6797,2.9225
0.9266,0.7234,3.1209
0.9268,0.5699,2.4598
0.9270,0.5478,2.3612
0.9272,0.584,2.5192
0.9274,0.5452,2.3553
0.9276,0.5365,2.3164
0.9278,0.5447,2.35
0.9280,0.5338,2.3008
0.9282,0.6017,2.5969
0.9284,0.5485,2.3638
0.9286,0.5603,2.415
0.9288,0.5586,2.4122
0.9290,0.5297,2.2885
0.9292,0.5881,2.5326
0.9294,0.7015,3.0206
0.9296,0.659,2.8365
0.9298,0.6494,2.7978
0.9300,0.6391,2.752
0.9302,0.6823,2.9366
0.9304,0.7424,3.1893
0.9306,0.8542,3.6712
0.9308,0.8134,3.4959
0.9310,0.793,3.4083
0.9312,0.8622,3.6988
0.9314,0.8889,3.8171
0.9316,0.9187,3.9411
0.9318,0.9058,3.8897
0.9320,0.922,3.9611
0.9322,0.9216,3.9535
0.9324,0.975,4.1752
0.9326,1.0525,4.509
0.9328,1.0313,4.4222
0.9330,1.0046,4.3075
0.9332,1.0393,4.4546
0.9334,1.0441,4.4689
0.9336,1.1649,4.9858
0.9338,1.1445,4.8985
0.9340,1.174,5.0201
0.9342,1.1769,5.0348
0.9344,1.1979,5.1222
0.9346,1.1837,5.0664
0.9348,1.1516,4.9265
0.9350,1.1767,5.0314
0.9352,1.1735,5.0298
0.9354,1.1248,4.8143
0.9356,1.1873,5.0818
0.9358,1.2225,5.2273
0.9360,1.2412,5.3073
0.9362,1.212,5.1802
0.9364,1.2142,5.1943
0.9366,1.2099,5.1855
0.9368,1.116,4.7853
0.9370,1.1282,4.831
0.9372,1.1908,5.0895
0.9374,1.1998,5.1352
0.9376,1.1492,4.9185
0.9378,1.1284,4.832
0.9380,1.1412,4.8956
0.9382,1.0964,4.7058
0.9384,1.0471,4.5006
0.9386,0.8859,3.8131
0.9388,0.8275,3.5617
0.9390,0.822,3.5396
0.9392,0.7703,3.3155
0.9394,0.8121,3.4967
0.9396,0.8725,3.7553
0.9398,0.8846,3.8039
0.9400,0.9022,3.8743
0.9402,0.9753,4.1937
0.9404,0.9315,4.0055
0.9406,0.9127,3.9191
0.9408,0.9351,4.0172
0.9410,0.9301,4.0012
0.9412,0.9232,3.9681
0.9414,0.9049,3.8946
0.9416,0.7953,3.4213
0.9418,0.8235,3.5458
0.9420,0.8059,3.4688
0.9422,0.7786,3.3527
0.9424,0.746,3.2152
0.9426,0.7213,3.113
0.9428,0.6552,2.8265
0.9430,0.7166,3.0842
0.9432,0.8037,3.4606
0.9434,0.7716,3.3289
0.9436,0.6517,2.8089
0.9438,0.7072,3.044
0.9440,0.8041,3.4578
0.9442,0.8093,3.4913
0.9444,0.7168,3.0896
0.9446,0.7484,3.2225
0.9448,0.7569,3.2637
0.9450,0.6821,2.9424
0.9452,0.6609,2.85
0.9454,0.6505,2.805
0.9456,0.6444,2.7773
0.9458,0.6958,3.0019
0.9460,0.6963,3.0012
0.9462,0.7411,3.1851
0.9464,0.8795,3.7817
0.9466,0.8376,3.6067
0.9468,0.763,3.2855
0.9470,0.7384,3.1782
0.9472,0.7435,3.1999
0.9474,0.7617,3.2829
0.9476,0.7535,3.2462
0.9478,0.7624,3.2829
0.9480,0.7772,3.3449
0.9482,0.8398,3.6093
0.9484,0.8766,3.7711
0.9486,0.8259,3.5528
0.9488,0.8118,3.4925
0.9490,0.8236,3.5463
0.9492,0.8019,3.4496
0.9494,0.8157,3.5106
0.9496,0.869,3.7299
0.9498,0.9861,4.2323
0.9500,0.9953,4.2679
0.9502,1.0678,4.5807
0.9504,1.0443,4.4777
0.9506,1.0189,4.3754
0.9508,1.0093,4.3341
0.9510,1.0105,4.3413
0.9512,0.9232,3.9681
0.9514,0.9064,3.8977
0.9516,0.8792,3.7824
0.9518,0.8479,3.6495
0.9520,0.8685,3.733
0.9522,0.9879,4.2459
0.9524,0.9436,4.0576
0.9526,0.8726,3.754
0.9528,0.8425,3.6245
0.9530,0.8937,3.8413
0.9532,0.9234,3.9704
0.9534,0.8293,3.5678
0.9536,0.8381,3.6038
0.9538,0.8696,3.7411
0.9540,0.8743,3.7613
0.9542,0.8869,3.8101
0.9544,0.8666,3.7282
0.9546,0.8107,3.4878
0.9548,0.8515,3.6598
0.9550,0.9319,4.0015
0.9552,0.9664,4.1498
0.9554,0.975,4.1888
0.9556,0.9583,4.1224
0.9558,0.8809,3.7879
0.9560,0.8404,3.6136
0.9562,0.8873,3.8152
0.9564,0.9147,3.9333
0.9566,0.8621,3.7104
0.9568,0.8322,3.5802
0.9570,0.8544,3.6773
0.9572,0.8396,3.6122
0.9574,0.8308,3.5756
0.9576,0.8015,3.4545
0.9578,0.7122,3.0722
0.9580,0.6781,2.9267
0.9582,0.672,2.8935
0.9584,0.6825,2.9499
0.9586,0.5711,2.4695
0.9588,0.5471,2.3636
0.9590,0.5768,2.4893
0.9592,0.6006,2.5935
0.9594,0.6048,2.6092
0.9596,0.6458,2.7823
0.9598,0.7138,3.0766
0.9600,0.7081,3.0561
0.9602,0.6533,2.8143
0.9604,0.7173,3.0902
0.9606,0.7137,3.079
0.9608,0.6271,2.7054
0.9610,0.6202,2.6742
0.9612,0.6414,2.7696
0.9614,0.5249,2.2709
0.9616,0.4878,2.1091
0.9618,0.4814,2.0806
0.9620,0.4816,2.0826
0.9622,0.4886,2.1127
0.9624,0.5076,2.1896
0.9626,0.6133,2.6447
0.9628,0.6738,2.9053
0.9630,0.6946,2.9925
0.9632,0.6747,2.9135
0.9634,0.6524,2.812
0.9636,0.7551,3.2484
0.9638,0.7954,3.4218
0.9640,0.8121,3.4967
0.9642,0.8051,3.462
0.9644,0.8485,3.6402
0.9646,0.9343,4.0136
0.9648,0.8338,3.5852
0.9650,0.8614,3.7038
0.9652,0.9012,3.8732
0.9654,0.8835,3.7975
0.9656,0.8775,3.7717
0.9658,0.8771,3.7679
0.9660,0.9622,4.126
0.9662,1.0109,4.3388
0.9664,1.005,4.3156
0.9666,0.996,4.271
0.9668,1.0451,4.4772
0.9670,1.1257,4.8224
0.9672,1.1438,4.9023
0.9674,1.054,4.5173
0.9676,1.1029,4.7248
0.9678,1.15,4.9244
0.9680,1.1597,4.9753
0.9682,1.017,4.363
0.9684,1.0179,4.3707
0.9686,0.9887,4.2475
0.9688,0.9228,3.9642
0.9690,0.9072,3.8972
0.9692,0.9078,3.9016
0.9694,0.9292,3.9957
0.9696,0.937,4.0274
0.9698,0.9839,4.225
0.9700,0.9713,4.1728
0.9702,0.94,4.0459
0.9704,0.8279,3.5616
0.9706,0.8432,3.6293
0.9708,0.9135,3.919
0.9710,1.0284,4.4181
0.9712,0.983,4.2248
0.9714,0.9786,4.2023
0.9716,1.0679,4.5769
0.9718,1.1589,4.9717
0.9720,1.0559,4.5276
0.9722,1.0853,4.658
0.9724,0.9974,4.2846
0.9726,0.958,4.1195
0.9728,0.9055,3.8936
0.9730,0.8849,3.8049
0.9732,0.9055,3.8936
0.9734,0.8626,3.709
0.9736,0.9021,3.8792
0.9738,0.8575,3.689
0.9740,0.8584,3.6961
0.9742,0.8119,3.4946
0.9744,0.8412,3.6239
0.9746,0.853,3.6677
0.9748,0.8582,3.6956
0.9750,0.7869,3.3899
0.9752,0.8005,3.4472
0.9754,0.7466,3.2148
0.9756,0.7896,3.4033
0.9758,0.7992,3.4431
0.9760,0.7996,3.4478
0.9762,0.7345,3.1626
0.9764,0.8237,3.5452
0.9766,0.8362,3.6005
0.9768,0.7792,3.3537
0.9770,0.8268,3.5569
0.9772,0.8423,3.6302
0.9774,0.8514,3.6644
0.9776,0.8303,3.5752
0.9778,0.755,3.2539
0.9780,0.6932,2.9947
0.9782,0.5692,2.4578
0.9784,0.573,2.4709
0.9786,0.6427,2.7791
0.9788,0.5645,2.441
0.9790,0.5638,2.4345
0.9792,0.6663,2.8693
0.9794,0.7321,3.1552
0.9796,0.7447,3.2035
0.9798,0.8173,3.5244
0.9800,0.6613,2.8529
0.9802,0.6028,2.604
0.9804,0.5844,2.5259
0.9806,0.5869,2.5309
0.9808,0.6407,2.7639
0.9810,0.6347,2.7367
0.9812,0.7147,3.0803
0.9814,0.726,3.1245
0.9816,0.7273,3.1331
0.9818,0.6639,2.8669
0.9820,0.6149,2.6539
0.9822,0.6085,2.6252
0.9824,0.6103,2.633
0.9826,0.6099,2.6334
0.9828,0.6071,2.6202
0.9830,0.6096,2.6323
0.9832,0.6076,2.6235
0.9834,0.6117,2.6375
0.9836,0.6125,2.6447
0.9838,0.6117,2.6411
0.9840,0.6118,2.6367
0.9842,0.6101,2.6332
0.9844,0.6105,2.6335
0.9846,0.6097,2.6304
0.9848,0.6113,2.6359
0.9850,0.6202,2.6729
0.9852,0.6827,2.9409
0.9854,0.7216,3.103
0.9856,0.7714,3.3201
0.9858,0.7196,3.1
0.9860,0.7317,3.1522
0.9862,0.7474,3.2139
0.9864,0.7893,3.3955
0.9866,0.7445,3.209
0.9868,0.7273,3.1331
0.9870,0.7875,3.3877
0.9872,0.8386,3.6042
0.9874,0.8912,3.8287
0.9876,0.8953,3.8498
0.9878,0.7658,3.2989
0.9880,0.7036,3.0313
0.9882,0.7588,3.2599
0.9884,0.8669,3.7241
0.9886,0.9177,3.9462
0.9888,0.9181,3.9514
0.9890,0.8239,3.5413
0.9892,0.8225,3.54
0.9894,0.7769,3.347
0.9896,0.7208,3.1066
0.9898,0.701,3.0213
0.9900,0.698,3.0056
0.9902,0.7224,3.1119
0.9904,0.7707,3.3139
0.9906,0.8407,3.6134
0.9908,0.8741,3.7602
0.9910,0.8362,3.6005
0.9912,0.7943,3.4187
0.9914,0.7467,3.2093
0.9916,0.8154,3.5096
0.9918,0.7736,3.3356
0.9920,0.6809,2.9345
0.9922,0.6763,2.9148
0.9924,0.6536,2.8171
0.9926,0.672,2.8922
0.9928,0.7256,3.1258
0.9930,0.7688,3.3088
0.9932,0.7514,3.2369
0.9934,0.7532,3.2462
0.9936,0.6535,2.8166
0.9938,0.6391,2.7597
0.9940,0.5556,2.4015
0.9942,0.5717,2.463
0.9944,0.6535,2.8127
0.9946,0.6964,3.0003
0.9948,0.6341,2.7316
0.9950,0.7261,3.1265
0.9952,0.7303,3.1504
0.9954,0.6404,2.7603
0.9956,0.628,2.7065
0.9958,0.714,3.0729
0.9960,0.7857,3.3768
0.9962,0.8989,3.858
0.9964,0.9756,4.1855
0.9966,0.9298,4.002
0.9968,0.8123,3.4961
0.9970,0.7824,3.3676
0.9972,0.7405,3.1825
0.9974,0.8326,3.5834
0.9976,0.8247,3.546
0.9978,0.8647,3.7165
0.9980,0.89,3.8253
0.9982,0.8771,3.7696
0.9984,0.9205,3.9525
0.9986,0.9683,4.1561
0.9988,1.006,4.3056
0.9990,1.2051,5.1529
0.9992,1.175,5.0289
0.9994,1.1424,4.8916
0.9996,1.1776,5.0425
0.9998,1.2026,5.147
1.0000,1.1952,5.1133
1.0002,1.2095,5.1695
1.0004,1.2164,5.206
1.0006,1.2195,5.2145
1.0008,1.2608,5.3889
1.0010,1.2851,5.5027
1.0012,1.1469,4.918
1.0014,1.0928,4.686
1.0016,1.1053,4.7329
1.0018,1.1306,4.8412
1.0020,1.1278,4.8317
1.0022,1.0663,4.5766
1.0024,1.0064,4.3233
1.0026,1.0079,4.326
1.0028,1.0565,4.5323
1.0030,1.0934,4.6908
1.0032,1.0299,4.4305
1.0034,0.912,3.916
1.0036,0.9822,4.2158
1.0038,1.0046,4.3095
1.0040,1.0721,4.5992
1.0042,1.0848,4.6581
1.0044,1.0291,4.4212
1.0046,1.0589,4.5405
1.0048,1.0669,4.5792
1.0050,1.0495,4.5004
1.0052,1.0872,4.664
1.0054,1.0414,4.4779
1.0056,0.9719,4.1774
1.0058,1.0164,4.3584
1.0060,1.0109,4.3469
1.0062,0.9798,4.2075
1.0064,0.9951,4.2808
1.0066,0.8657,3.7258
1.0068,0.8664,3.7237
1.0070,0.9634,4.1408
1.0072,0.9766,4.2014
1.0074,0.9218,3.9564
1.0076,1.0092,4.3296
1.0078,1.033,4.4418
1.0080,0.8869,3.8154
1.0082,0.8792,3.7859
1.0084,0.7883,3.4039
1.0086,0.709,3.056
1.0088,0.7152,3.0838
1.0090,0.7228,3.1111
1.0092,0.8576,3.6964
1.0094,0.8088,3.4876
1.0096,0.7824,3.3645
1.0098,0.8534,3.6749
1.0100,0.7577,3.2673
1.0102,0.7499,3.2307
1.0104,0.8428,3.6239
1.0106,0.9485,4.0806
1.0108,0.9058,3.9024
1.0110,0.8208,3.5344
1.0112,0.8411,3.615
1.0114,0.9259,3.9813
1.0116,0.8828,3.8032
1.0118,0.8055,3.4764
1.0120,0.6985,3.0147
1.0122,0.7137,3.0775
1.0124,0.7541,3.2458
1.0126,0.7751,3.3439
1.0128,0.7303,3.1416
1.0130,0.9201,3.9547
1.0132,0.8396,3.6239
1.0134,0.7281,3.1425
1.0136,0.7144,3.0821
1.0138,0.7136,3.077
1.0140,0.6589,2.8425
1.0142,0.631,2.722
1.0144,0.6882,2.9674
1.0146,0.7274,3.135
1.0148,0.7537,3.2498
1.0150,0.7492,3.2291
1.0152,0.7463,3.2167
1.0154,0.7335,3.1643
1.0156,0.7096,3.06
1.0158,0.7004,3.0187
1.0160,0.7985,3.4336
1.0162,0.8816,3.7945
1.0164,0.8882,3.8229
1.0166,0.8757,3.771
1.0168,0.7463,3.2197
1.0170,0.7315,3.1526
1.0172,0.785,3.3769
1.0174,0.8566,3.6815
1.0176,0.8459,3.6373
1.0178,0.8208,3.5394
1.0180,0.7202,3.1055
1.0182,0.7411,3.188
1.0184,0.8164,3.5137
1.0186,0.7916,3.4084
1.0188,0.7884,3.3966
1.0190,0.7946,3.4182
1.0192,0.8083,3.4775
1.0194,0.8437,3.6263
1.0196,0.9013,3.8737
1.0198,1.009,4.3306
1.0200,1.08,4.6288
1.0202,1.1085,4.76
1.0204,0.9193,3.9566
1.0206,0.8724,3.7548
1.0208,0.885,3.8019
1.0210,0.9373,4.0284
1.0212,0.9392,4.0404
1.0214,0.9342,4.0112
1.0216,0.9758,4.1919
1.0218,0.9439,4.0605
1.0220,0.8708,3.7463
1.0222,0.8507,3.6613
1.0224,0.8681,3.7362
1.0226,0.8285,3.5658
1.0228,0.8494,3.659
1.0230,0.8296,3.5738
1.0232,0.7935,3.4135
1.0234,0.8273,3.564
1.0236,0.8017,3.4539
1.0238,0.7648,3.2948
1.0240,0.7511,3.2374
1.0242,0.7547,3.2559
1.0244,0.7029,3.031
1.0246,0.6705,2.8927
1.0248,0.6397,2.7623
1.0250,0.598,2.5833
1.0252,0.5307,2.2926
1.0254,0.5312,2.2968
1.0256,0.4804,2.0803
1.0258,0.4433,1.9194
1.0260,0.4484,1.939
1.0262,0.4724,2.0446
1.0264,0.4884,2.1107
1.0266,0.4614,1.9968
1.0268,0.433,1.8738
1.0270,0.4727,2.0456
1.0272,0.4294,1.8583
1.0274,0.3939,1.7062
1.0276,0.3907,1.6927
1.0278,0.393,1.701
1.0280,0.4017,1.7376
1.0282,0.4454,1.9242
1.0284,0.4566,1.977
1.0286,0.4138,1.7891
1.0288,0.513,2.2118
1.0290,0.5897,2.5452
1.0292,0.5272,2.2776
1.0294,0.5468,2.3631
1.0296,0.5072,2.1911
1.0298,0.5013,2.1637
1.0300,0.5329,2.2977
1.0302,0.6358,2.7363
1.0304,0.7018,3.0207
1.0306,0.7316,3.1473
1.0308,0.7689,3.3077
1.0310,0.8172,3.514
1.0312,0.8506,3.6574
1.0314,0.8718,3.7435
1.0316,0.8859,3.8042
1.0318,0.9051,3.8884
1.0320,0.8603,3.6992
1.0322,0.876,3.758
1.0324,1.0204,4.3795
1.0326,1.0108,4.3383
1.0328,0.9885,4.2406
1.0330,0.9679,4.1598
1.0332,0.9098,3.9085
1.0334,0.9327,3.9995
1.0336,0.9625,4.1309
1.0338,0.9464,4.0638
1.0340,0.9917,4.2584
1.0342,0.9928,4.2571
1.0344,1.0098,4.3281
1.0346,1.0317,4.4258
1.0348,1.0574,4.5301
1.0350,1.1376,4.8687
1.0352,1.1024,4.7228
1.0354,1.0839,4.6436
1.0356,1.0916,4.6787
1.0358,1.1332,4.8548
1.0360,1.1737,5.0233
1.0362,1.1627,4.9789
1.0364,1.119,4.7937
1.0366,1.122,4.8043
1.0368,1.1187,4.7993
1.0370,1.0708,4.5935
1.0372,1.0878,4.6623
1.0374,1.0209,4.3836
1.0376,0.9454,4.0578
1.0378,0.9529,4.0973
1.0380,0.8879,3.8142
1.0382,0.959,4.1159
1.0384,1.0655,4.5773
1.0386,1.0971,4.7067
1.0388,1.0963,4.7075
1.0390,0.9849,4.233
1.0392,0.9692,4.1636
1.0394,0.9776,4.2035
1.0396,0.8768,3.7686
1.0398,0.8745,3.764
1.0400,0.8742,3.759
1.0402,0.952,4.0861
1.0404,0.9891,4.2491
1.0406,0.989,4.2466
1.0408,1.0279,4.414
1.0410,0.9333,4.017
1.0412,0.8155,3.5133
1.0414,0.7475,3.2234
1.0416,0.7299,3.1444
1.0418,0.7943,3.4235
1.0420,0.7256,3.1302
1.0422,0.6389,2.76
1.0424,0.5765,2.4894
1.0426,0.5571,2.401
1.0428,0.6705,2.8927
1.0430,0.6397,2.7649
1.0432,0.6003,2.5943
1.0434,0.5991,2.5903
1.0436,0.5273,2.2781
1.0438,0.5171,2.2361
1.0440,0.5035,2.176
1.0442,0.514,2.2216
1.0444,0.5156,2.2263
1.0446,0.5339,2.3077
1.0448,0.5431,2.3492
1.0450,0.4882,2.1121
1.0452,0.4524,1.9543
1.0454,0.5396,2.3277
1.0456,0.6858,2.9571
1.0458,0.6427,2.7727
1.0460,0.6125,2.6386
1.0462,0.6891,2.9743
1.0464,0.6242,2.6955
1.0466,0.5969,2.5762
1.0468,0.5896,2.5435
1.0470,0.5883,2.5401
1.0472,0.5877,2.5376
1.0474,0.5911,2.549
1.0476,0.6331,2.7275
1.0478,0.697,3.0029
1.0480,0.723,3.1159
1.0482,0.6877,2.964
1.0484,0.7309,3.1471
1.0486,0.6984,3.0127
1.0488,0.5693,2.4583
1.0490,0.5622,2.4278
1.0492,0.5633,2.4313
1.0494,0.5669,2.4434
1.0496,0.6618,2.851
1.0498,0.6777,2.9251
1.0500,0.598,2.5785
1.0502,0.6362,2.7397
1.0504,0.669,2.8833
1.0506,0.6601,2.8464
1.0508,0.6753,2.9094
1.0510,0.6857,2.9511
1.0512,0.7016,3.0197
1.0514,0.7444,3.2055
1.0516,0.7764,3.3387
1.0518,0.8467,3.6409
1.0520,0.7713,3.3227
1.0522,0.6931,2.9886
1.0524,0.6759,2.9146
1.0526,0.6703,2.885
1.0528,0.7183,3.0915
1.0530,0.7435,3.2028
1.0532,0.7405,3.1884
1.0534,0.7716,3.315
1.0536,0.8763,3.7683
1.0538,0.869,3.7351
1.0540,0.8805,3.7881
1.0542,0.7965,3.4296
1.0544,0.8101,3.4852
1.0546,0.7767,3.3382
1.0548,0.8116,3.4898
1.0550,0.8506,3.6574
1.0552,0.8528,3.6655
1.0554,0.8496,3.6482
1.0556,0.8272,3.5585
1.0558,0.786,3.3815
1.0560,0.7853,3.3784
1.0562,0.7641,3.2932
1.0564,0.7185,3.0968
1.0566,0.7312,3.1443
1.0568,0.771,3.3186
1.0570,0.698,3.007
1.0572,0.7045,3.0335
1.0574,0.6891,2.9729
1.0576,0.5712,2.4643
1.0578,0.6174,2.661
1.0580,0.6615,2.8552
1.0582,0.6228,2.6831
1.0584,0.6913,2.9725
1.0586,0.7854,3.3837
1.0588,0.64,2.7633
1.0590,0.5273,2.2771
1.0592,0.5193,2.2434
1.0594,0.5368,2.319
1.0596,0.5234,2.2589
1.0598,0.5335,2.3056
1.0600,0.4261,1.8434
1.0602,0.4023,1.741
1.0604,0.396,1.7116
1.0606,0.3957,1.7108
1.0608,0.4005,1.7324
1.0610,0.4009,1.7336
1.0612,0.4036,1.745
1.0614,0.4118,1.7808
1.0616,0.4115,1.7784
1.0618,0.4458,1.9258
1.0620,0.5203,2.2413
1.0622,0.5789,2.4986
1.0624,0.5159,2.2268
1.0626,0.5054,2.1813
1.0628,0.5078,2.1906
1.0630,0.5077,2.1921
1.0632,0.4986,2.1538
1.0634,0.5092,2.1968
1.0636,0.5355,2.3091
1.0638,0.5937,2.5575
1.0640,0.6244,2.691
1.0642,0.5941,2.5596
1.0644,0.5968,2.5686
1.0646,0.714,3.0743
1.0648,0.7496,3.2262
1.0650,0.7352,3.1628
1.0652,0.7561,3.251
1.0654,0.8023,3.4469
1.0656,0.8616,3.6928
1.0658,1.0036,4.3014
1.0660,0.9665,4.1406
1.0662,1.0116,4.3358
1.0664,0.998,4.2772
1.0666,1.0374,4.4443
1.0668,1.094,4.6802
1.0670,1.1017,4.7197
1.0672,1.0753,4.6002
1.0674,1.1329,4.851
1.0676,1.056,4.5281
1.0678,1.0179,4.3666
1.0680,0.9397,4.0331
1.0682,0.9625,4.127
1.0684,0.9727,4.1785
1.0686,0.8861,3.8065
1.0688,0.8484,3.6396
1.0690,0.8915,3.8226
1.0692,0.9255,3.9742
1.0694,0.9471,4.0688
1.0696,0.9145,3.9268
1.0698,0.924,3.9638
1.0700,0.8966,3.8536
1.0702,0.8466,3.6353
1.0704,0.8715,3.7442
1.0706,0.8701,3.7362
1.0708,0.8909,3.8289
1.0710,0.9097,3.908
1.0712,0.9289,3.9812
1.0714,0.9707,4.1644
1.0716,0.9657,4.1448
1.0718,0.9856,4.2263
1.0720,1.0187,4.3702
1.0722,0.9419,4.0485
1.0724,0.8185,3.5246
1.0726,0.79,3.3954
1.0728,0.8762,3.7608
1.0730,0.8975,3.8537
1.0732,0.9428,4.0446
1.0734,0.9878,4.2375
1.0736,1.0078,4.3214
1.0738,1.0026,4.3053
1.0740,0.9475,4.0722
1.0742,0.8567,3.6923
1.0744,0.7641,3.2871
1.0746,0.7691,3.3072
1.0748,0.7697,3.3175
1.0750,0.7086,3.0511
1.0752,0.7517,3.24
1.0754,0.693,2.9922
1.0756,0.5975,2.5776
1.0758,0.6087,2.6233
1.0760,0.6895,2.9676
1.0762,0.7716,3.3196
1.0764,0.7763,3.3428
1.0766,0.7672,3.3036
1.0768,0.7453,3.2106
1.0770,0.7413,3.1935
1.0772,0.7047,3.0359
1.0774,0.7306,3.1505
1.0776,0.6576,2.8342
1.0778,0.6642,2.8613
1.0780,0.644,2.7745
1.0782,0.6503,2.804
1.0784,0.6218,2.6814
1.0786,0.6224,2.6852
1.0788,0.5862,2.529
1.0790,0.5825,2.513
1.0792,0.5951,2.5661
1.0794,0.7074,3.0416
1.0796,0.7689,3.3077
1.0798,0.6955,3.0017
1.0800,0.5988,2.5869
1.0802,0.5049,2.1822
1.0804,0.4928,2.1289
1.0806,0.526,2.2693
1.0808,0.5457,2.3563
1.0810,0.5356,2.3139
1.0812,0.5372,2.3174
1.0814,0.5379,2.3205
1.0816,0.5397,2.3272
1.0818,0.554,2.392
1.0820,0.5537,2.391
1.0822,0.5508,2.3786
1.0824,0.5514,2.3789
1.0826,0.5639,2.4305
1.0828,0.6819,2.931
1.0830,0.8013,3.4487
1.0832,0.6761,2.9152
1.0834,0.556,2.4008
1.0836,0.5368,2.318
1.0838,0.5356,2.3117
1.0840,0.5359,2.3106
1.0842,0.5409,2.3345
1.0844,0.5416,2.3365
1.0846,0.5987,2.578
1.0848,0.6505,2.7998
1.0850,0.6536,2.8158
1.0852,0.6476,2.7913
1.0854,0.6479,2.7897
1.0856,0.6846,2.9478
1.0858,0.6421,2.7675
1.0860,0.6834,2.9399
1.0862,0.7546,3.2403
1.0864,0.9084,3.8969
1.0866,0.8923,3.8351
1.0868,0.79,3.4017
1.0870,0.7371,3.174
1.0872,0.6768,2.9169
1.0874,0.6307,2.7197
1.0876,0.6245,2.6915
1.0878,0.6286,2.7079
1.0880,0.6403,2.7546
1.0882,0.7068,3.0419
1.0884,0.7396,3.1804
1.0886,0.7869,3.3851
1.0888,0.7673,3.3072
1.0890,0.6693,2.8849
1.0892,0.6434,2.7642
1.0894,0.8223,3.5275
1.0896,0.8468,3.6431
1.0898,0.6997,3.0142
1.0900,0.6817,2.9367
1.0902,0.7359,3.1673
1.0904,0.748,3.218
1.0906,0.7057,3.0387
1.0908,0.6869,2.9576
1.0910,0.7195,3.0952
1.0912,0.6973,3.0039
1.0914,0.6853,2.9509
1.0916,0.7257,3.1191
1.0918,0.743,3.1993
1.0920,0.734,3.1591
1.0922,0.7316,3.1473
1.0924,0.7305,3.1426
1.0926,0.7692,3.3062
1.0928,0.7599,3.2721
1.0930,0.7069,3.0467
1.0932,0.6347,2.7329
1.0934,0.6858,2.9516
1.0936,0.6473,2.7936
1.0938,0.5252,2.2667
1.0940,0.5639,2.4294
1.0942,0.5982,2.5807
1.0944,0.5254,2.2698
1.0946,0.4224,1.8248
1.0948,0.4201,1.8141
1.0950,0.424,1.829
1.0952,0.5062,2.1849
1.0954,0.5726,2.4723
1.0956,0.5094,2.1973
1.0958,0.5012,2.1622
1.0960,0.5047,2.1782
1.0962,0.5029,2.1694
1.0964,0.5072,2.187
1.0966,0.5324,2.2935
1.0968,0.6165,2.652
1.0970,0.6962,2.9979
1.0972,0.7017,3.016
1.0974,0.7635,3.2799
1.0976,0.7698,3.3134
1.0978,0.6895,2.9607
1.0980,0.7706,3.3119
1.0982,0.7673,3.298
1.0984,0.7876,3.3867
1.0986,0.7551,3.2439
1.0988,0.8488,3.6412
1.0990,0.9412,4.0341
1.0992,0.9701,4.156
1.0994,0.9741,4.1769
1.0996,0.9712,4.1626
1.0998,1.05,4.4919
1.1000,1.1046,4.7298
1.1002,1.1307,4.8372
1.1004,1.1176,4.7835
1.1006,1.1245,4.8083
1.1008,1.1707,5.0128
1.1010,1.0199,4.3713
1.1012,0.979,4.1941
1.1014,0.9777,4.1923
1.1016,0.9789,4.2014
1.1018,0.9264,3.9796
1.1020,0.8819,3.7867
1.1022,0.8867,3.8055
1.1024,0.8832,3.7959
1.1026,0.8778,3.7692
1.1028,0.9288,3.9806
1.1030,0.9563,4.1027
1.1032,0.91,3.9168
1.1034,0.7635,3.2891
1.1036,0.7213,3.1029
1.1038,0.7239,3.1157
1.1040,0.7138,3.0738
1.1042,0.6897,2.9672
1.1044,0.7122,3.0651
1.1046,0.7075,3.0478
1.1048,0.7215,3.1097
1.1050,0.6994,3.0104
1.1052,0.7178,3.0865
1.1054,0.7907,3.3985
1.1056,0.8223,3.5373
1.1058,0.7625,3.2743
1.1060,0.8112,3.4866
1.1062,0.7985,3.4352
1.1064,0.7768,3.3434
1.1066,0.7559,3.2535
1.1068,0.7726,3.3222
1.1070,0.7887,3.3913
1.1072,0.7294,3.1453
1.1074,0.5771,2.4908
1.1076,0.5993,2.5842
1.1078,0.6246,2.6933
1.1080,0.6397,2.7572
1.1082,0.6913,2.9822
1.1084,0.5711,2.4672
1.1086,0.5437,2.3442
1.1088,0.6218,2.6802
1.1090,0.621,2.6765
1.1092,0.5788,2.4958
1.1094,0.6121,2.6358
1.1096,0.7162,3.0884
1.1098,0.6126,2.6453
1.1100,0.5556,2.3959
1.1102,0.6132,2.6417
1.1104,0.6358,2.7389
1.1106,0.694,2.9857
1.1108,0.7472,3.2203
1.1110,0.6703,2.8876
1.1112,0.6778,2.9229
1.1114,0.6023,2.5959
1.1116,0.6,2.586
1.1118,0.6306,2.7204
1.1120,0.6092,2.6271
1.1122,0.5963,2.5712
1.1124,0.597,2.5683
1.1126,0.6804,2.9324
1.1128,0.5902,2.5496
1.1130,0.4983,2.1527
1.1132,0.4903,2.118
1.1134,0.4921,2.1238
1.1136,0.4985,2.1537
1.1138,0.5071,2.1885
1.1140,0.4982,2.1452
1.1142,0.557,2.4005
1.1144,0.5452,2.3509
1.1146,0.5181,2.2392
1.1148,0.4786,2.0687
1.1150,0.4591,1.9814
1.1152,0.4554,1.9672
1.1154,0.4863,2.098
1.1156,0.4991,2.1553
1.1158,0.5288,2.2769
1.1160,0.6497,2.8013
1.1162,0.548,2.365
1.1164,0.5115,2.2066
1.1166,0.5603,2.4172
1.1168,0.5717,2.4663
1.1170,0.4914,2.1197
1.1172,0.4632,1.9981
1.1174,0.4615,1.9899
1.1176,0.5279,2.2733
1.1178,0.6266,2.6983
1.1180,0.6485,2.7923
1.1182,0.6711,2.8885
1.1184,0.6684,2.8793
1.1186,0.6325,2.7249
1.1188,0.6251,2.6941
1.1190,0.5671,2.4421
1.1192,0.612,2.6353
1.1194,0.6455,2.7768
1.1196,0.7403,3.1849
1.1198,0.7485,3.2215
1.1200,0.7088,3.0478
1.1202,0.7154,3.079
1.1204,0.7043,3.0329
1.1206,0.6854,2.9513
1.1208,0.6089,2.6219
1.1210,0.5897,2.5381
1.1212,0.6148,2.6496
1.1214,0.6193,2.668
1.1216,0.6527,2.8077
1.1218,0.6661,2.8669
1.1220,0.6493,2.7959
1.1222,0.6184,2.6639
1.1224,0.5881,2.5325
1.1226,0.635,2.737
1.1228,0.5761,2.4843
1.1230,0.5448,2.3483
1.1232,0.5468,2.3598
1.1234,0.5147,2.2206
1.1236,0.5512,2.3735
1.1238,0.5799,2.5015
1.1240,0.4741,2.0471
1.1242,0.4628,1.9966
1.1244,0.4616,1.9914
1.1246,0.4768,2.058
1.1248,0.473,2.0434
1.1250,0.4629,1.998
1.1252,0.4583,1.9778
1.1254,0.4493,1.9399
1.1256,0.4926,2.1229
1.1258,0.5209,2.2449
1.1260,0.5289,2.2816
1.1262,0.5031,2.1704
1.1264,0.5225,2.2542
1.1266,0.5175,2.2315
1.1268,0.5038,2.1715
1.1270,0.5556,2.3937
1.1272,0.5601,2.4139
1.1274,0.5412,2.3328
1.1276,0.5465,2.3555
1.1278,0.5815,2.5018
1.1280,0.582,2.5073
1.1282,0.5879,2.5327
1.1284,0.6017,2.5945
1.1286,0.5289,2.2806
1.1288,0.5302,2.282
1.1290,0.5748,2.4775
1.1292,0.5035,2.172
1.1294,0.4821,2.0779
1.1296,0.4996,2.1544
1.1298,0.5456,2.3492
1.1300,0.631,2.7156
1.1302,0.6528,2.8083
1.1304,0.6765,2.905
1.1306,0.7725,3.3185
1.1308,0.719,3.0916
1.1310,0.7147,3.0688
1.1312,0.7686,3.299
1.1314,0.7954,3.4153
1.1316,0.8466,3.6352
1.1318,0.8179,3.5154
1.1320,0.8238,3.5341
1.1322,0.8365,3.5886
1.1324,0.8496,3.6464
1.1326,0.7942,3.415
1.1328,0.7071,3.0391
1.1330,0.7196,3.0884
1.1332,0.8167,3.5086
1.1334,0.8233,3.5353
1.1336,0.8278,3.5527
1.1338,0.823,3.5321
1.1340,0.8262,3.546
1.1342,0.8216,3.5248
1.1344,0.8683,3.7285
1.1346,0.878,3.7649
1.1348,0.965,4.1339
1.1350,0.9965,4.267
1.1352,1.0118,4.3327
1.1354,0.9874,4.2319
1.1356,0.9861,4.2223
1.1358,0.9906,4.2418
1.1360,1.0029,4.3002
1.1362,1.0145,4.342
1.1364,1.1138,4.7626
1.1366,1.1185,4.7826
1.1368,1.1104,4.7415
1.1370,1.1762,5.0292
1.1372,1.086,4.6479
1.1374,0.9206,3.9585
1.1376,0.76,3.268
1.1378,0.7812,3.3593
1.1380,0.8117,3.4838
1.1382,0.8409,3.6094
1.1384,0.8695,3.7301
1.1386,0.9067,3.8878
1.1388,0.8719,3.7439
1.1390,0.7829,3.3602
1.1392,0.8299,3.5653
1.1394,0.8074,3.4717
1.1396,0.8222,3.5307
1.1398,0.8218,3.5319
1.1400,0.8423,3.6167
1.1402,0.8693,3.736
1.1404,0.7582,3.2602
1.1406,0.738,3.178
1.1408,0.6718,2.8943
1.1410,0.67,2.8852
1.1412,0.6572,2.83
1.1414,0.6808,2.9303
1.1416,0.7155,3.0795
1.1418,0.7186,3.0944
1.1420,0.7102,3.0554
1.1422,0.6982,3.0108
1.1424,0.6391,2.7546
1.1426,0.6962,2.995
1.1428,0.7313,3.1491
1.1430,0.6781,2.9185
1.1432,0.6956,2.9938
1.1434,0.6931,2.9872
1.1436,0.6026,2.5986
1.1438,0.6252,2.6946
1.1440,0.5959,2.5697
1.1442,0.6573,2.8331
1.1444,0.5971,2.5748
1.1446,0.5819,2.5092
1.1448,0.5819,2.5092
1.1450,0.5757,2.4823
1.1452,0.5889,2.5403
1.1454,0.5078,2.1896
1.1456,0.521,2.2475
1.1458,0.6066,2.612
1.1460,0.6322,2.7246
1.1462,0.5626,2.4259
1.1464,0.5344,2.3054
1.1466,0.535,2.307
1.1468,0.5325,2.2961
1.1470,0.5242,2.2615
1.1472,0.5211,2.248
1.1474,0.5322,2.2961
1.1476,0.5289,2.2816
1.1478,0.5322,2.2961
1.1480,0.5278,2.2759
1.1482,0.5224,2.2527
1.1484,0.5224,2.2527
1.1486,0.5267,2.2723
1.1488,0.534,2.3039
1.1490,0.5595,2.4091
1.1492,0.603,2.6002
1.1494,0.5498,2.3695
1.1496,0.5928,2.5515
1.1498,0.6642,2.8613
1.1500,0.6311,2.7174
1.1502,0.6282,2.7012
1.1504,0.6482,2.7886
1.1506,0.6946,2.9883
1.1508,0.7341,3.1551
1.1510,0.7421,3.1897
1.1512,0.7498,3.2241
1.1514,0.7043,3.0329
1.1516,0.6661,2.8655
1.1518,0.6399,2.7543
1.1520,0.6428,2.7667
1.1522,0.7153,3.0713
1.1524,0.8681,3.7205
1.1526,0.9154,3.9308
1.1528,0.8967,3.8469
1.1530,0.9009,3.8667
1.1532,0.8377,3.5955
1.1534,0.8651,3.7163
1.1536,0.8308,3.5689
1.1538,0.809,3.4773
1.1540,0.7775,3.3433
1.1542,0.7655,3.2932
1.1544,0.7885,3.3876
1.1546,0.8178,3.5067
1.1548,0.8663,3.7197
1.1550,0.8413,3.6227
1.1552,0.6714,2.8923
1.1554,0.6355,2.7327
1.1556,0.7799,3.3505
1.1558,0.8088,3.4811
1.1560,0.6739,2.9044
1.1562,0.6034,2.5969
1.1564,0.6529,2.8114
1.1566,0.6416,2.7641
1.1568,0.6053,2.6088
1.1570,0.6094,2.6251
1.1572,0.61,2.6289
1.1574,0.6047,2.6038
1.1576,0.6651,2.8627
1.1578,0.6822,2.9374
1.1580,0.6306,2.7191
1.1582,0.5835,2.5159
1.1584,0.5578,2.4063
1.1586,0.5482,2.3649
1.1588,0.5517,2.3744
1.1590,0.6615,2.8459
1.1592,0.6576,2.8342
1.1594,0.6417,2.7621
1.1596,0.6579,2.8331
1.1598,0.5524,2.3852
1.1600,0.4139,1.7888
1.1602,0.4003,1.7294
1.1604,0.4007,1.731
1.1606,0.4074,1.7592
1.1608,0.4399,1.8995
1.1610,0.406,1.7513
1.1612,0.4852,2.0904
1.1614,0.5478,2.3612
1.1616,0.5067,2.1859
1.1618,0.4899,2.1135
1.1620,0.4893,2.1099
1.1622,0.5345,2.3017
1.1624,0.5974,2.5759
1.1626,0.5291,2.2795
1.1628,0.5582,2.4034
1.1630,0.5645,2.4342
1.1632,0.5266,2.2697
1.1634,0.5591,2.4075
1.1636,0.6155,2.649
1.1638,0.6038,2.6026
1.1640,0.5835,2.5135
1.1642,0.6383,2.7445
1.1644,0.7414,3.1851
1.1646,0.7668,3.2912
1.1648,0.7672,3.2928
1.1650,0.8065,3.46
1.1652,0.8353,3.5852
1.1654,0.8664,3.7185
1.1656,0.8621,3.6999
1.1658,0.8384,3.5985
1.1660,0.8353,3.5868
1.1662,0.837,3.5907
1.1664,0.84,3.6052
1.1666,0.8198,3.5204
1.1668,0.8593,3.6898
1.1670,0.8178,3.5116
1.1672,0.8046,3.4566
1.1674,0.8427,3.6171
1.1676,0.8395,3.6032
1.1678,0.8593,3.6898
1.1680,0.831,3.565
1.1682,0.8571,3.6788
1.1684,0.9218,3.9544
1.1686,0.9373,4.0227
1.1688,0.8618,3.6972
1.1690,0.9211,3.9514
1.1692,0.9042,3.8788
1.1694,0.8904,3.8196
1.1696,0.8262,3.5444
1.1698,0.8316,3.5709
1.1700,0.8172,3.5091
1.1702,0.8359,3.5861
1.1704,0.9389,4.0261
1.1706,0.9423,4.0462
1.1708,0.8673,3.7243
1.1710,0.8661,3.7174
1.1712,0.8727,3.7423
1.1714,0.9392,4.0272
1.1716,0.9488,4.074
1.1718,0.9032,3.8783
1.1720,0.8752,3.7531
1.1722,0.9137,3.9255
1.1724,0.8342,3.5839
1.1726,0.7689,3.3015
1.1728,0.7984,3.4266
1.1730,0.8829,3.7966
1.1732,0.8549,3.6742
1.1734,0.823,3.5371
1.1736,0.7996,3.4366
1.1738,0.7556,3.2504
1.1740,0.7309,3.1471
1.1742,0.6602,2.8429
1.1744,0.6913,2.9794
1.1746,0.5754,2.4835
1.1748,0.5252,2.2687
1.1750,0.4646,2.0053
1.1752,0.5568,2.4
1.1754,0.5847,2.5187
1.1756,0.5866,2.5246
1.1758,0.6024,2.5952
1.1760,0.5759,2.4833
1.1762,0.5343,2.3071
1.1764,0.4977,2.1481
1.1766,0.5275,2.2744
1.1768,0.5725,2.4711
1.1770,0.5,2.1569
1.1772,0.5357,2.309
1.1774,0.5819,2.5057
1.1776,0.682,2.9355
1.1778,0.6883,2.9651
1.1780,0.6399,2.7582
1.1782,0.5856,2.524
1.1784,0.5283,2.2812
1.1786,0.5133,2.2144
1.1788,0.5932,2.553
1.1790,0.7053,3.0328
1.1792,0.6762,2.9116
1.1794,0.618,2.6611
1.1796,0.5992,2.5872
1.1798,0.493,2.1289
1.1800,0.4929,2.1274
1.1802,0.4923,2.1238
1.1804,0.5066,2.1844
1.1806,0.4885,2.1112
1.1808,0.4128,1.7816
1.1810,0.4665,2.0145
1.1812,0.4127,1.7828
1.1814,0.4545,1.9609
1.1816,0.4973,2.1485
1.1818,0.4535,1.9589
1.1820,0.4397,1.8976
1.1822,0.4383,1.8919
1.1824,0.4437,1.9143
1.1826,0.4502,1.9422
1.1828,0.444,1.9153
1.1830,0.4497,1.9411
1.1832,0.4644,2.0051
1.1834,0.4632,1.999
1.1836,0.4601,1.9847
1.1838,0.5185,2.2345
1.1840,0.5522,2.3798
1.1842,0.5859,2.5239
1.1844,0.6204,2.6727
1.1846,0.5711,2.4603
1.1848,0.5506,2.3731
1.1850,0.5601,2.415
1.1852,0.556,2.3952
1.1854,0.5646,2.4324
1.1856,0.558,2.4051
1.1858,0.5481,2.3622
1.1860,0.5741,2.4709
1.1862,0.6348,2.7271
1.1864,0.6734,2.8983
1.1866,0.7113,3.0572
1.1868,0.7779,3.3495
1.1870,0.591,2.5473
1.1872,0.5388,2.3224
1.1874,0.5346,2.3043
1.1876,0.5352,2.3069
1.1878,0.5592,2.4047
1.1880,0.6154,2.6473
1.1882,0.6522,2.8083
1.1884,0.6613,2.8449
1.1886,0.6403,2.7546
1.1888,0.6062,2.6117
1.1890,0.6164,2.6569
1.1892,0.5578,2.403
1.1894,0.5434,2.341
1.1896,0.5992,2.574
1.1898,0.7113,3.0572
1.1900,0.6858,2.9501
1.1902,0.6386,2.7487
1.1904,0.6403,2.7572
1.1906,0.6373,2.7417
1.1908,0.7079,3.0428
1.1910,0.7037,3.0275
1.1912,0.6452,2.7757
1.1914,0.6542,2.8158
1.1916,0.5973,2.5742
1.1918,0.5452,2.352
1.1920,0.5363,2.3116
1.1922,0.557,2.3949
1.1924,0.651,2.8005
1.1926,0.6937,2.987
1.1928,0.6194,2.6661
1.1930,0.6029,2.5948
1.1932,0.6363,2.7376
1.1934,0.6477,2.7879
1.1936,0.6841,2.9443
1.1938,0.647,2.7874
1.1940,0.5615,2.4212
1.1942,0.5547,2.3884
1.1944,0.6276,2.6974
1.1946,0.6543,2.8163
1.1948,0.5493,2.3696
1.1950,0.4904,2.1165
1.1952,0.4822,2.0794
1.1954,0.4797,2.0695
1.1956,0.4816,2.0778
1.1958,0.4856,2.0939
1.1960,0.4927,2.1244
1.1962,0.4933,2.125
1.1964,0.5144,2.218
1.1966,0.5495,2.3662
1.1968,0.6192,2.6626
1.1970,0.6789,2.9153
1.1972,0.7674,3.3
1.1974,0.7357,3.1618
1.1976,0.7245,3.111
1.1978,0.7637,3.2809
1.1980,0.7195,3.0937
1.1982,0.733,3.1432
1.1984,0.8928,3.8246
1.1986,0.9302,3.9867
1.1988,0.9995,4.2778
1.1990,1.0274,4.3892
1.1992,1.0908,4.6619
1.1994,1.0792,4.617
1.1996,1.0709,4.5854
1.1998,1.0639,4.5535
1.2000,1.0968,4.6876
1.2002,1.0366,4.4406
1.2004,0.9194,3.9423
1.2006,0.9165,3.93
1.2008,0.9248,3.9655
1.2010,0.9447,4.0508
1.2012,0.8871,3.8093
1.2014,0.8161,3.5044
1.2016,0.8242,3.5406
1.2018,0.8269,3.5524
1.2020,0.8249,3.5387
1.2022,0.8634,3.7004
1.2024,0.9143,3.9207
1.2026,0.8635,3.7079
1.2028,0.8486,3.6457
1.2030,0.8275,3.555
1.2032,0.7917,3.4025
1.2034,0.7951,3.4159
1.2036,0.7812,3.3577
1.2038,0.7923,3.4051
1.2040,0.7956,3.4164
1.2042,0.8262,3.546
1.2044,0.8275,3.5567
1.2046,0.8144,3.5005
1.2048,0.8093,3.4816
1.2050,0.7321,3.1478
1.2052,0.7572,3.2531
1.2054,0.8179,3.5122
1.2056,0.8124,3.4885
1.2058,0.7761,3.3371
1.2060,0.7619,3.2808
1.2062,0.6919,2.9806
1.2064,0.6384,2.7527
1.2066,0.6031,2.5959
1.2068,0.6439,2.7714
1.2070,0.6614,2.8441
1.2072,0.6748,2.9059
1.2074,0.642,2.7682
1.2076,0.6228,2.678
1.2078,0.7398,3.1828
1.2080,0.6877,2.9625
1.2082,0.6064,2.6122
1.2084,0.5947,2.5645
1.2086,0.6322,2.7182
1.2088,0.7351,3.1607
1.2090,0.7503,3.2187
1.2092,0.8111,3.4925
1.2094,0.6667,2.8708
1.2096,0.6722,2.8918
1.2098,0.7078,3.0437
1.2100,0.7305,3.147
1.2102,0.6263,2.6992
1.2104,0.6345,2.7298
1.2106,0.7269,3.1271
1.2108,0.7111,3.0633
1.2110,0.6192,2.67
1.2112,0.5995,2.584
1.2114,0.5771,2.485
1.2116,0.6812,2.9264
1.2118,0.7467,3.2092
1.2120,0.7509,3.2288
1.2122,0.7233,3.1116
1.2124,0.7434,3.1998
1.2126,0.6518,2.8093
1.2128,0.608,2.6207
1.2130,0.5609,2.4164
1.2132,0.5796,2.4982
1.2134,0.589,2.5373
1.2136,0.5478,2.3623
1.2138,0.5001,2.1585
1.2140,0.5107,2.203
1.2142,0.5015,2.1627
1.2144,0.5095,2.1978
1.2146,0.5522,2.3809
1.2148,0.5439,2.3452
1.2150,0.5391,2.3213
1.2152,0.6482,2.7835
1.2154,0.7698,3.3118
1.2156,0.6403,2.761
1.2158,0.5354,2.3096
1.2160,0.533,2.2982
1.2162,0.5348,2.3059
1.2164,0.5325,2.2961
1.2166,0.5767,2.4823
1.2168,0.6975,2.9965
1.2170,0.7422,3.1931
1.2172,0.6768,2.9155
1.2174,0.6536,2.8158
1.2176,0.6517,2.8062
1.2178,0.6529,2.8101
1.2180,0.6789,2.918
1.2182,0.75,3.2192
1.2184,0.8419,3.6101
1.2186,0.9111,3.9068
1.2188,0.917,3.9302
1.2190,0.9934,4.2537
1.2192,0.9562,4.1098
1.2194,0.8071,3.469
1.2196,0.7578,3.2542
1.2198,0.8108,3.4866
1.2200,0.7923,3.4067
1.2202,0.7005,3.015
1.2204,0.6293,2.7109
1.2206,0.6258,2.6947
1.2208,0.6796,2.9225
1.2210,0.7634,3.2824
1.2212,0.754,3.2437
1.2214,0.7085,3.051
1.2216,0.6263,2.6942
1.2218,0.7327,3.1475
1.2220,0.7707,3.3185
1.2222,0.6493,2.7972
1.2224,0.6254,2.6931
1.2226,0.6728,2.8971
1.2228,0.662,2.8506
1.2230,0.6032,2.6012
1.2232,0.57,2.458
1.2234,0.5907,2.5422
1.2236,0.5934,2.56
1.2238,0.4991,2.1553
1.2240,0.4969,2.1445
1.2242,0.4849,2.0918
1.2244,0.482,2.0803
1.2246,0.4822,2.0813
1.2248,0.4861,2.0969
1.2250,0.5001,2.1565
1.2252,0.5393,2.3256
1.2254,0.5376,2.3194
1.2256,0.5084,2.1921
1.2258,0.5173,2.2315
1.2260,0.5021,2.1653
1.2262,0.4981,2.1497
1.2264,0.4875,2.1012
1.2266,0.5197,2.2418
1.2268,0.492,2.1203
1.2270,0.4953,2.1358
1.2272,0.5248,2.2567
1.2274,0.6457,2.7765
1.2276,0.6577,2.8347
1.2278,0.5941,2.5607
1.2280,0.6083,2.6193
1.2282,0.5901,2.542
1.2284,0.5945,2.5587
1.2286,0.6248,2.6905
1.2288,0.5783,2.489
1.2290,0.5914,2.5488
1.2292,0.5606,2.4126
1.2294,0.6164,2.6507
1.2296,0.6666,2.8663
1.2298,0.685,2.9457
1.2300,0.7209,3.0984
1.2302,0.692,2.9784
1.2304,0.6811,2.9287
1.2306,0.7401,3.1809
1.2308,0.7749,3.3273
1.2310,0.8592,3.6876
1.2312,0.8752,3.7531
1.2314,0.8471,3.6356
1.2316,0.8463,3.6359
1.2318,0.8477,3.6331
1.2320,0.961,4.1208
1.2322,0.9454,4.052
1.2324,0.9915,4.2435
1.2326,1.0869,4.6499
1.2328,1.1143,4.7668
1.2330,1.15,4.9174
1.2332,1.1223,4.8035
1.2334,1.0856,4.6421
1.2336,1.129,4.8367
1.2338,1.0241,4.3892
1.2340,1.0248,4.3903
1.2342,1.053,4.5026
1.2344,1.1303,4.8311
1.2346,1.1407,4.882
1.2348,1.0988,4.7051
1.2350,1.025,4.3892
1.2352,1.042,4.4679
1.2354,0.9471,4.0725
1.2356,0.8372,3.6018
1.2358,0.8221,3.5318
1.2360,0.8172,3.5107
1.2362,0.8189,3.5212
1.2364,0.7587,3.2593
1.2366,0.7765,3.3376
1.2368,0.876,3.7597
1.2370,0.9341,4.0149
1.2372,0.8496,3.6515
1.2374,0.792,3.4057
1.2376,0.7873,3.3808
1.2378,0.8553,3.6711
1.2380,0.8833,3.7893
1.2382,0.962,4.1287
1.2384,0.9488,4.0664
1.2386,0.9177,3.9443
1.2388,0.8448,3.6326
1.2390,0.8604,3.6962
1.2392,0.8445,3.6248
1.2394,0.8236,3.5446
1.2396,0.6596,2.8429
1.2398,0.6114,2.6339
1.2400,0.6573,2.8305
1.2402,0.6559,2.8269
1.2404,0.6492,2.798
1.2406,0.6527,2.813
1.2408,0.6852,2.9489
1.2410,0.6553,2.8243
1.2412,0.6272,2.6996
1.2414,0.6966,3.0008
1.2416,0.5771,2.485
1.2418,0.6855,2.9518
1.2420,0.6939,2.9894
1.2422,0.6487,2.7985
1.2424,0.4836,2.089
1.2426,0.4951,2.1377
1.2428,0.4968,2.143
1.2430,0.5248,2.2619
1.2432,0.6065,2.6212
1.2434,0.4303,1.8589
1.2436,0.4216,1.8203
1.2438,0.4975,2.1481
1.2440,0.4885,2.1092
1.2442,0.4648,2.0063
1.2444,0.4613,1.9908
1.2446,0.4626,1.9974
1.2448,0.4726,2.0399
1.2450,0.5597,2.4124
1.2452,0.5642,2.436
1.2454,0.452,1.9527
1.2456,0.4436,1.9156
1.2458,0.4431,1.9126
1.2460,0.4473,1.9316
1.2462,0.4447,1.9202
1.2464,0.4499,1.9425
1.2466,0.4484,1.9363
1.2468,0.4502,1.944
1.2470,0.4473,1.9325
1.2472,0.4717,2.0377
1.2474,0.4495,1.9409
1.2476,0.4379,1.8898
1.2478,0.4598,1.9845
1.2480,0.4598,1.9864
1.2482,0.4495,1.94
1.2484,0.4467,1.929
1.2486,0.4417,1.9064
1.2488,0.4575,1.9747
1.2490,0.4981,2.1477
1.2492,0.5616,2.4184
1.2494,0.5935,2.5569
1.2496,0.6041,2.5988
1.2498,0.6536,2.8132
1.2500,0.6629,2.8516
1.2502,0.6687,2.8755
1.2504,0.7145,3.0725
1.2506,0.7241,3.1167
1.2508,0.68,2.9254
1.2510,0.7033,3.0226
1.2512,0.7781,3.3365
1.2514,0.8433,3.6264
1.2516,0.8033,3.4477
1.2518,0.8066,3.467
1.2520,0.8131,3.4948
1.2522,0.8038,3.4498
1.2524,0.8202,3.517
1.2526,0.8728,3.7498
1.2528,0.787,3.3824
1.2530,0.7686,3.299
1.2532,0.8521,3.6589
1.2534,0.8449,3.6297
1.2536,0.7312,3.1486
1.2538,0.6782,2.9176
1.2540,0.7154,3.0776
1.2542,0.75,3.2222
1.2544,0.7987,3.4346
1.2546,0.7402,3.1859
1.2548,0.6684,2.8753
1.2550,0.7085,3.051
1.2552,0.6939,2.9894
1.2554,0.5863,2.5283
1.2556,0.5029,2.1694
1.2558,0.5182,2.2356
1.2560,0.5355,2.3101
1.2562,0.5005,2.158
1.2564,0.4994,2.1524
1.2566,0.5686,2.4483
1.2568,0.5926,2.554
1.2570,0.6198,2.6701
1.2572,0.6031,2.5947
1.2574,0.6175,2.659
1.2576,0.5844,2.52
1.2578,0.4593,1.9834
1.2580,0.4674,2.0125
1.2582,0.5675,2.4482
1.2584,0.553,2.3834
1.2586,0.5394,2.3229
1.2588,0.5349,2.3064
1.2590,0.4861,2.0989
1.2592,0.4097,1.7706
1.2594,0.3955,1.7087
1.2596,0.4,1.7271
1.2598,0.4002,1.7265
1.2600,0.4619,1.9906
1.2602,0.5691,2.4527
1.2604,0.5544,2.3907
1.2606,0.4921,2.1228
1.2608,0.4857,2.0944
1.2610,0.4848,2.0893
1.2612,0.4866,2.0971
1.2614,0.5313,2.2888
1.2616,0.5541,2.3914
1.2618,0.4935,2.129
1.2620,0.4868,2.0991
1.2622,0.4892,2.1104
1.2624,0.4964,2.1394
1.2626,0.541,2.3285
1.2628,0.5707,2.4554
1.2630,0.5815,2.5053
1.2632,0.6396,2.7515
1.2634,0.6933,2.9785
1.2636,0.7306,3.1402
1.2638,0.7343,3.1576
1.2640,0.7276,3.1229
1.2642,0.777,3.335
1.2644,0.7732,3.3201
1.2646,0.8418,3.6045
1.2648,0.9835,4.2096
1.2650,0.9931,4.2526
1.2652,0.9814,4.2082
1.2654,0.9522,4.0813
1.2656,0.9576,4.1025
1.2658,0.9514,4.0739
1.2660,0.943,4.0436
1.2662,0.9301,3.9862
1.2664,0.9768,4.1828
1.2666,0.973,4.1683
1.2668,0.9761,4.1836
1.2670,0.9419,4.0409
1.2672,0.9007,3.8621
1.2674,0.9022,3.8688
1.2676,0.908,3.8953
1.2678,0.9075,3.8878
1.2680,0.9363,4.0148
1.2682,0.9177,3.9461
1.2684,0.8312,3.5677
1.2686,0.8353,3.5818
1.2688,0.9045,3.8804
1.2690,0.8677,3.7276
1.2692,0.8315,3.567
1.2694,0.9104,3.9037
1.2696,0.9381,4.0207
1.2698,0.9409,4.0325
1.2700,0.9749,4.1765
1.2702,1.0351,4.4282
1.2704,1.0527,4.5079
1.2706,0.9528,4.0858
1.2708,0.9012,3.8641
1.2710,0.8804,3.784
1.2712,0.8096,3.4831
1.2714,0.7918,3.4015
1.2716,0.8333,3.5764
1.2718,0.8714,3.7401
1.2720,0.8743,3.7559
1.2722,0.8399,3.6114
1.2724,0.7494,3.2271
1.2726,0.6577,2.832
1.2728,0.6618,2.8509
1.2730,0.6812,2.9319
1.2732,0.7283,3.1348
1.2734,0.6889,2.9636
1.2736,0.6665,2.8671
1.2738,0.7129,3.0682
1.2740,0.7179,3.0884
1.2742,0.7801,3.3577
1.2744,0.7325,3.1499
1.2746,0.7912,3.4021
1.2748,0.8003,3.4413
1.2750,0.815,3.5014
1.2752,0.8058,3.4618
1.2754,0.8154,3.5046
1.2756,0.8072,3.4744
1.2758,0.7306,3.1475
1.2760,0.6464,2.7874
1.2762,0.5931,2.5584
1.2764,0.5845,2.5217
1.2766,0.5805,2.5006
1.2768,0.633,2.7257
1.2770,0.6119,2.6335
1.2772,0.6655,2.8656
1.2774,0.6608,2.8481
1.2776,0.5886,2.5369
1.2778,0.5634,2.4306
1.2780,0.6074,2.6157
1.2782,0.6475,2.792
1.2784,0.5819,2.508
1.2786,0.5779,2.4909
1.2788,0.6194,2.6636
1.2790,0.7069,3.0452
1.2792,0.6037,2.6033
1.2794,0.5911,2.549
1.2796,0.5699,2.4586
1.2798,0.5446,2.3494
1.2800,0.53,2.2831
1.2802,0.5259,2.2687
1.2804,0.5302,2.2873
1.2806,0.5305,2.2873
1.2808,0.5464,2.3539
1.2810,0.5603,2.4172
1.2812,0.5264,2.2687
1.2814,0.6055,2.6086
1.2816,0.5674,2.4454
1.2818,0.5634,2.4295
1.2820,0.5327,2.2961
1.2822,0.5276,2.2749
1.2824,0.5332,2.2992
1.2826,0.5676,2.4453
1.2828,0.6469,2.7869
1.2830,0.625,2.6911
1.2832,0.6345,2.7324
1.2834,0.6891,2.9646
1.2836,0.6992,3.0065
1.2838,0.6898,2.9691
1.2840,0.6385,2.7494
1.2842,0.6578,2.8312
1.2844,0.7672,3.2943
1.2846,0.8486,3.6423
1.2848,0.8357,3.59
1.2850,0.8154,3.503
1.2852,0.7478,3.2214
1.2854,0.6269,2.7006
1.2856,0.6186,2.6637
1.2858,0.615,2.6507
1.2860,0.5963,2.57
1.2862,0.5922,2.5524
1.2864,0.598,2.5773
1.2866,0.6072,2.6158
1.2868,0.6071,2.6141
1.2870,0.6029,2.596
1.2872,0.638,2.7461
1.2874,0.6954,2.9914
1.2876,0.7368,3.1685
1.2878,0.7172,3.0853
1.2880,0.7383,3.1717
1.2882,0.7894,3.3943
1.2884,0.7694,3.3067
1.2886,0.7191,3.0964
1.2888,0.6668,2.8686
1.2890,0.6685,2.8785
1.2892,0.6488,2.7951
1.2894,0.6633,2.8537
1.2896,0.6855,2.9477
1.2898,0.7373,3.169
1.2900,0.7285,3.1324
1.2902,0.6966,3.0008
1.2904,0.5656,2.4366
1.2906,0.5778,2.4916
1.2908,0.5982,2.5771
1.2910,0.6016,2.5904
1.2912,0.6392,2.75
1.2914,0.6829,2.9391
1.2916,0.6916,2.9796
1.2918,0.6488,2.7925
1.2920,0.6736,2.8967
1.2922,0.6734,2.8997
1.2924,0.6313,2.721
1.2926,0.5901,2.5455
1.2928,0.5218,2.249
1.2930,0.5056,2.1833
1.2932,0.4686,2.0195
1.2934,0.5221,2.2511
1.2936,0.5399,2.3249
1.2938,0.5687,2.4534
1.2940,0.4999,2.1594
1.2942,0.4973,2.1456
1.2944,0.5055,2.1797
1.2946,0.5291,2.2806
1.2948,0.5898,2.5409
1.2950,0.5722,2.4684
1.2952,0.5007,2.158
1.2954,0.4966,2.1415
1.2956,0.4951,2.1367
1.2958,0.5048,2.1766
1.2960,0.5259,2.2666
1.2962,0.5679,2.4464
1.2964,0.6233,2.6851
1.2966,0.5775,2.4866
1.2968,0.5836,2.5106
1.2970,0.6913,2.9697
1.2972,0.7306,3.1373
1.2974,0.7917,3.4025
1.2976,0.7837,3.367
1.2978,0.7444,3.1995
1.2980,0.7442,3.1969
1.2982,0.8496,3.6447
1.2984,0.9175,3.9286
1.2986,0.9795,4.1941
1.2988,0.9313,3.9988
1.2990,0.9051,3.8829
1.2992,0.9532,4.0816
1.2994,0.9437,4.0486
1.2996,0.8754,3.7571
1.2998,0.913,3.9078
1.3000,1.0345,4.4277
1.3002,1.0056,4.308
1.3004,1.0072,4.3147
1.3006,1.0036,4.2953
1.3008,1.1115,4.755
1.3010,1.0868,4.6602
1.3012,0.9603,4.1138
1.3014,0.9708,4.1629
1.3016,0.9873,4.2294
1.3018,1.0201,4.3723
1.3020,1.067,4.569
1.3022,1.0759,4.6027
1.3024,1.1088,4.7499
1.3026,1.0193,4.3727
1.3028,0.9373,4.0339
1.3030,0.7514,3.2324
1.3032,0.7291,3.1364
1.3034,0.7138,3.0723
1.3036,0.7503,3.2262
1.3038,0.8052,3.4656
1.3040,0.7395,3.1828
1.3042,0.6807,2.9285
1.3044,0.7404,3.1869
1.3046,0.7178,3.0865
1.3048,0.742,3.1936
1.3050,0.6872,2.9591
1.3052,0.7051,3.0346
1.3054,0.6909,2.9765
1.3056,0.6736,2.8994
1.3058,0.6718,2.8943
1.3060,0.5764,2.4865
1.3062,0.5444,2.3495
1.3064,0.4818,2.0802
1.3066,0.4749,2.0517
1.3068,0.4683,2.0204
1.3070,0.5067,2.1849
1.3072,0.5616,2.4263
1.3074,0.4778,2.0622
1.3076,0.4764,2.055
1.3078,0.4854,2.0929
1.3080,0.5271,2.2718
1.3082,0.5818,2.5051
1.3084,0.6426,2.7644
1.3086,0.6561,2.8266
1.3088,0.6511,2.8049
1.3090,0.648,2.7915
1.3092,0.6007,2.5939
1.3094,0.5301,2.2836
1.3096,0.5808,2.5022
1.3098,0.6088,2.6238
1.3100,0.6224,2.6802
1.3102,0.602,2.5936
1.3104,0.6292,2.7104
1.3106,0.6733,2.8978
1.3108,0.667,2.871
1.3110,0.6692,2.8803
1.3112,0.6623,2.8477
1.3114,0.7017,3.0174
1.3116,0.7361,3.1683
1.3118,0.6824,2.9357
1.3120,0.6897,2.9713
1.3122,0.5596,2.4163
1.3124,0.5174,2.233
1.3126,0.5396,2.3244
1.3128,0.5891,2.5355
1.3130,0.5857,2.5245
1.3132,0.5513,2.374
1.3134,0.604,2.6043
1.3136,0.4946,2.1347
1.3138,0.5102,2.2009
1.3140,0.5245,2.2646
1.3142,0.4605,1.9886
1.3144,0.4549,1.9633
1.3146,0.49,2.112
1.3148,0.5823,2.506
1.3150,0.5719,2.4697
1.3152,0.4738,2.047
1.3154,0.4683,2.0222
1.3156,0.466,2.0115
1.3158,0.5073,2.1875
1.3160,0.5484,2.3627
1.3162,0.6041,2.6012
1.3164,0.5697,2.4553
1.3166,0.5494,2.3668
1.3168,0.5548,2.3901
1.3170,0.5536,2.386
1.3172,0.5899,2.5391
1.3174,0.6577,2.8294
1.3176,0.6584,2.8351
1.3178,0.6486,2.7889
1.3180,0.7313,3.1447
1.3182,0.7466,3.2057
1.3184,0.7391,3.1753
1.3186,0.7413,3.189
1.3188,0.7238,3.1137
1.3190,0.6564,2.8237
1.3192,0.6721,2.8954
1.3194,0.6395,2.7523
1.3196,0.6546,2.8186
1.3198,0.5656,2.4388
1.3200,0.5379,2.3194
1.3202,0.5375,2.3178
1.3204,0.5427,2.34
1.3206,0.6024,2.5952
1.3208,0.6363,2.7376
1.3210,0.6629,2.8516
1.3212,0.6799,2.9221
1.3214,0.7455,3.2086
1.3216,0.6567,2.8305
1.3218,0.562,2.4199
1.3220,0.5964,2.5658
1.3222,0.6214,2.6805
1.3224,0.4885,2.1092
1.3226,0.4713,2.0333
1.3228,0.4704,2.0282
1.3230,0.4675,2.0167
1.3232,0.4714,2.0338
1.3234,0.4748,2.0464
1.3236,0.4748,2.0483
1.3238,0.4664,2.0111
1.3240,0.5348,2.3091
1.3242,0.4586,1.9775
1.3244,0.4744,2.0439
1.3246,0.5113,2.2056
1.3248,0.506,2.1818
1.3250,0.5114,2.2051
1.3252,0.5191,2.2371
1.3254,0.5381,2.3215
1.3256,0.5168,2.2263
1.3258,0.5572,2.3971
1.3260,0.592,2.5538
1.3262,0.526,2.2661
1.3264,0.5717,2.4618
1.3266,0.5797,2.494
1.3268,0.5761,2.4786
1.3270,0.5911,2.5466
1.3272,0.5899,2.5414
1.3274,0.6102,2.6263
1.3276,0.5951,2.5637
1.3278,0.5227,2.2537
1.3280,0.4753,2.0504
1.3282,0.4702,2.0277
1.3284,0.4813,2.0733
1.3286,0.5037,2.169
1.3288,0.5634,2.4239
1.3290,0.6166,2.6512
1.3292,0.6588,2.8354
1.3294,0.6629,2.8516
1.3296,0.6852,2.9421
1.3298,0.7199,3.0943
1.3300,0.715,3.0717
1.3302,0.8093,3.4718
1.3304,0.8456,3.6294
1.3306,0.8732,3.7461
1.3308,0.8822,3.7864
1.3310,0.8718,3.7347
1.3312,0.8942,3.8272
1.3314,1.0284,4.3933
1.3316,1.1722,5.0076
1.3318,1.1403,4.8713
1.3320,1.1726,5.0092
1.3322,1.1781,5.0398
1.3324,1.138,4.8662
1.3326,1.1552,4.9349
1.3328,1.0808,4.6345
1.3330,0.9544,4.0887
1.3332,0.9663,4.1395
1.3334,0.966,4.1366
1.3336,0.9724,4.1716
1.3338,0.9197,3.9457
1.3340,0.9051,3.8793
1.3342,0.9628,4.1304
1.3344,0.9063,3.8899
1.3346,0.906,3.8811
1.3348,0.9611,4.1194
1.3350,0.884,3.7977
1.3352,0.8439,3.6239
1.3354,0.8493,3.6488
1.3356,0.8616,3.6962
1.3358,0.8792,3.7823
1.3360,0.7683,3.3005
1.3362,0.836,3.5832
1.3364,0.9361,4.0157
1.3366,0.8906,3.8225
1.3368,0.8481,3.6436
1.3370,0.8353,3.5902
1.3372,0.8312,3.5677
1.3374,0.8478,3.6387
1.3376,0.8563,3.6752
1.3378,0.8306,3.5667
1.3380,0.8583,3.6891
1.3382,0.7753,3.3324
1.3384,0.8212,3.5244
1.3386,0.8529,3.6659
1.3388,0.7761,3.3386
1.3390,0.746,3.2151
1.3392,0.5994,2.5799
1.3394,0.6645,2.8562
1.3396,0.7362,3.1688
1.3398,0.6481,2.7959
1.3400,0.5827,2.5128
1.3402,0.5919,2.5473
1.3404,0.6687,2.8769
1.3406,0.7413,3.189
1.3408,0.7196,3.0942
1.3410,0.6741,2.9068
1.3412,0.6184,2.6602
1.3414,0.7232,3.1169
1.3416,0.6258,2.6959
1.3418,0.6499,2.7972
1.3420,0.6432,2.7747
1.3422,0.5957,2.5686
1.3424,0.58,2.5009
1.3426,0.5627,2.4253
1.3428,0.5644,2.4325
1.3430,0.5712,2.462
1.3432,0.5862,2.5278
1.3434,0.5992,2.5836
1.3436,0.5162,2.2289
1.3438,0.4809,2.0766
1.3440,0.4801,2.0711
1.3442,0.5204,2.2428
1.3444,0.5531,2.385
1.3446,0.5825,2.5106
1.3448,0.6226,2.6807
1.3450,0.6023,2.5971
1.3452,0.5418,2.3364
1.3454,0.5397,2.3282
1.3456,0.5366,2.3148
1.3458,0.5361,2.3105
1.3460,0.5332,2.2981
1.3462,0.5434,2.3432
1.3464,0.5559,2.3969
1.3466,0.5375,2.3178
1.3468,0.5446,2.3494
1.3470,0.5319,2.2946
1.3472,0.5224,2.2527
1.3474,0.5216,2.249
1.3476,0.5266,2.2708
1.3478,0.5199,2.2408
1.3480,0.5773,2.4872
1.3482,0.6077,2.6203
1.3484,0.561,2.4203
1.3486,0.5578,2.403
1.3488,0.644,2.7706
1.3490,0.6777,2.9129
1.3492,0.7117,3.0573
1.3494,0.7331,3.1481
1.3496,0.7413,3.1875
1.3498,0.7413,3.189
1.3500,0.7442,3.1999
1.3502,0.7384,3.1722
1.3504,0.7499,3.2232
1.3506,0.7834,3.3638
1.3508,0.8727,3.7405
1.3510,0.8824,3.791
1.3512,0.7762,3.3314
1.3514,0.8455,3.634
1.3516,0.813,3.4975
1.3518,0.7457,3.2066
1.3520,0.7667,3.2938
1.3522,0.7705,3.3118
1.3524,0.7658,3.2958
1.3526,0.7376,3.1701
1.3528,0.7455,3.2056
1.3530,0.6836,2.945
1.3532,0.6579,2.8344
1.3534,0.6497,2.7974
1.3536,0.6283,2.7043
1.3538,0.6232,2.6821
1.3540,0.6969,2.9967
1.3542,0.7509,3.2258
1.3544,0.7729,3.3206
1.3546,0.7665,3.2943
1.3548,0.7552,3.2489
1.3550,0.6607,2.8502
1.3552,0.5464,2.3561
1.3554,0.5956,2.5622
1.3556,0.6391,2.7533
1.3558,0.5928,2.555
1.3560,0.5877,2.5293
1.3562,0.6332,2.7267
1.3564,0.6054,2.6105
1.3566,0.6176,2.6596
1.3568,0.692,2.977
1.3570,0.6531,2.815
1.3572,0.5382,2.3209
1.3574,0.5287,2.2785
1.3576,0.5717,2.4618
1.3578,0.601,2.589
1.3580,0.6304,2.713
1.3582,0.6709,2.8875
1.3584,0.5592,2.4159
1.3586,0.4249,1.8365
1.3588,0.44,1.8983
1.3590,0.4946,2.1337
1.3592,0.5254,2.2656
1.3594,0.5409,2.3334
1.3596,0.5554,2.3904
1.3598,0.6103,2.6354
1.3600,0.4936,2.1296
1.3602,0.4867,2.0996
1.3604,0.4861,2.097
1.3606,0.4832,2.0846
1.3608,0.4838,2.0862
1.3610,0.4834,2.0856
1.3612,0.4851,2.0938
1.3614,0.4843,2.0902
1.3616,0.4833,2.0841
1.3618,0.4807,2.0737
1.3620,0.4837,2.0857
1.3622,0.5043,2.1726
1.3624,0.5717,2.4618
1.3626,0.5845,2.5159
1.3628,0.5825,2.5071
1.3630,0.6058,2.6085
1.3632,0.6277,2.6992
1.3634,0.6614,2.8402
1.3636,0.7579,3.2572
1.3638,0.7756,3.332
1.3640,0.7946,3.4086
1.3642,0.8305,3.563
1.3644,0.7943,3.4076
1.3646,0.8799,3.7767
1.3648,0.8468,3.633
1.3650,0.84,3.6053
1.3652,0.8837,3.7927
1.3654,0.8546,3.6715
1.3656,0.8484,3.6362
1.3658,0.8951,3.838
1.3660,0.8651,3.7112
1.3662,0.8993,3.8524
1.3664,0.9916,4.252
1.3666,0.9219,3.9532
1.3668,0.9362,4.0125
1.3670,0.9929,4.2517
1.3672,0.9878,4.2316
1.3674,0.9398,4.0279
1.3676,0.9184,3.9401
1.3678,0.9368,4.0132
1.3680,0.9436,4.0463
1.3682,0.9,3.8609
1.3684,0.9007,3.864
1.3686,0.9529,4.0821
1.3688,0.9782,4.1905
1.3690,0.9458,4.0574
1.3692,0.9457,4.055
1.3694,0.9503,4.0713
1.3696,1.059,4.5346
1.3698,1.0681,4.5737
1.3700,1.0703,4.5786
1.3702,1.068,4.571
1.3704,1.0542,4.512
1.3706,1.0287,4.4129
1.3708,0.961,4.1228
1.3710,0.9188,3.9453
1.3712,0.8644,3.7133
1.3714,0.8358,3.5906
1.3716,0.7715,3.3191
1.3718,0.7419,3.1946
1.3720,0.7119,3.0598
1.3722,0.7694,3.3067
1.3724,0.7607,3.2742
1.3726,0.7147,3.0774
1.3728,0.6926,2.9851
1.3730,0.6382,2.7454
1.3732,0.7294,3.138
1.3734,0.7125,3.0695
1.3736,0.6167,2.6555
1.3738,0.6627,2.8511
1.3740,0.6901,2.9757
1.3742,0.5495,2.3685
1.3744,0.6253,2.6939
1.3746,0.6305,2.7149
1.3748,0.598,2.5797
1.3750,0.5011,2.1626
1.3752,0.488,2.1062
1.3754,0.5283,2.277
1.3756,0.5446,2.3505
1.3758,0.5059,2.1844
1.3760,0.493,2.128
1.3762,0.5324,2.2946
1.3764,0.514,2.2175
1.3766,0.4998,2.157
1.3768,0.5149,2.2222
1.3770,0.5082,2.1932
1.3772,0.4493,1.9399
1.3774,0.4151,1.7948
1.3776,0.4148,1.7905
1.3778,0.5305,2.2852
1.3780,0.5769,2.484
1.3782,0.5868,2.5269
1.3784,0.6253,2.6939
1.3786,0.5485,2.3627
1.3788,0.5157,2.2248
1.3790,0.4548,1.9619
1.3792,0.452,1.9536
1.3794,0.4509,1.9481
1.3796,0.4703,2.0287
1.3798,0.5181,2.233
1.3800,0.5342,2.3012
1.3802,0.556,2.3964
1.3804,0.5612,2.4186
1.3806,0.5609,2.4142
1.3808,0.5601,2.4173
1.3810,0.4617,1.9947
1.3812,0.4533,1.9575
1.3814,0.4531,1.9556
1.3816,0.4554,1.9645
1.3818,0.4517,1.9503
1.3820,0.4763,2.0536
1.3822,0.5513,2.374
1.3824,0.5583,2.4051
1.3826,0.581,2.5051
1.3828,0.5752,2.4814
1.3830,0.5781,2.488
1.3832,0.5818,2.5052
1.3834,0.5808,2.5011
1.3836,0.6266,2.6983
1.3838,0.6119,2.6311
1.3840,0.71,3.0502
1.3842,0.7418,3.1882
1.3844,0.7724,3.3227
1.3846,0.7328,3.1524
1.3848,0.6437,2.7742
1.3850,0.5299,2.2837
1.3852,0.5248,2.262
1.3854,0.5229,2.2548
1.3856,0.524,2.2584
1.3858,0.5257,2.2656
1.3860,0.5273,2.2728
1.3862,0.5309,2.2905
1.3864,0.536,2.3122
1.3866,0.5269,2.2718
1.3868,0.5223,2.2501
1.3870,0.5338,2.3008
1.3872,0.5973,2.5706
1.3874,0.6245,2.6865
1.3876,0.6198,2.6652
1.3878,0.6504,2.7941
1.3880,0.7064,3.0403
1.3882,0.6136,2.6433
1.3884,0.5754,2.4813
1.3886,0.6168,2.6486
1.3888,0.7325,3.1456
1.3890,0.6523,2.8075
1.3892,0.6205,2.6708
1.3894,0.6234,2.6831
1.3896,0.6341,2.7278
1.3898,0.6458,2.7771
1.3900,0.6587,2.8336
1.3902,0.7218,3.1035
1.3904,0.7141,3.072
1.3906,0.618,2.6587
1.3908,0.6142,2.6483
1.3910,0.5486,2.3621
1.3912,0.5824,2.5113
1.3914,0.5,2.156
1.3916,0.515,2.2196
1.3918,0.5368,2.3137
1.3920,0.5398,2.3255
1.3922,0.5561,2.3958
1.3924,0.5362,2.3143
1.3926,0.4605,1.9831
1.3928,0.5721,2.4679
1.3930,0.5047,2.1762
1.3932,0.5128,2.2103
1.3934,0.5074,2.187
1.3936,0.5434,2.3432
1.3938,0.5225,2.2522
1.3940,0.5014,2.1602
1.3942,0.5336,2.3008
1.3944,0.5345,2.3049
1.3946,0.5437,2.3431
1.3948,0.4862,2.0955
1.3950,0.4801,2.0711
1.3952,0.482,2.0784
1.3954,0.4897,2.1105
1.3956,0.4858,2.095
1.3958,0.5061,2.1814
1.3960,0.5459,2.3486
1.3962,0.6095,2.6245
1.3964,0.6137,2.6438
1.3966,0.5836,2.5129
1.3968,0.606,2.601
1.3970,0.7262,3.1197
1.3972,0.7391,3.1754
1.3974,0.7202,3.0911
1.3976,0.7611,3.2681
1.3978,0.8031,3.4484
1.3980,0.8484,3.6329
1.3982,0.9716,4.1583
1.3984,0.9743,4.1701
1.3986,0.9834,4.2131
1.3988,0.8887,3.8072
1.3990,0.9046,3.8809
1.3992,0.9001,3.8632
1.3994,0.8359,3.5861
1.3996,0.9062,3.884
1.3998,0.8801,3.7719
1.4000,0.8918,3.8223
1.4002,0.8958,3.8375
1.4004,0.9318,3.9935
1.4006,0.9746,4.1751
1.4008,0.9854,4.2252
1.4010,0.9559,4.0987
1.4012,0.8877,3.812
1.4014,0.8531,3.6597
1.4016,0.8911,3.8192
1.4018,0.918,3.9344
1.4020,0.9473,4.0622
1.4022,0.9255,3.9742
1.4024,0.8182,3.5165
1.4026,0.8076,3.4679
1.4028,0.814,3.4969
1.4030,0.8073,3.4696
1.4032,0.7857,3.3721
1.4034,0.8267,3.5449
1.4036,0.843,3.6215
1.4038,0.7905,3.399
1.4040,0.8417,3.6091
1.4042,0.9099,3.9054
1.4044,0.9234,3.9631
1.4046,0.828,3.5654
1.4048,0.6809,2.925
1.4050,0.687,2.9554
1.4052,0.666,2.8664
1.4054,0.6524,2.8107
1.4056,0.6436,2.7712
1.4058,0.6504,2.7993
1.4060,0.6992,3.0052
1.4062,0.7541,3.2473
1.4064,0.6806,2.9253
1.4066,0.746,3.2092
1.4068,0.6813,2.9297
1.4070,0.7503,3.2293
1.4072,0.7887,3.3913
1.4074,0.7472,3.2114
1.4076,0.7586,3.2634
1.4078,0.7253,3.1248
1.4080,0.6001,2.5854
1.4082,0.6064,2.6062
1.4084,0.7092,3.0536
1.4086,0.6655,2.8617
1.4088,0.6799,2.929
1.4090,0.6328,2.7272
1.4092,0.6206,2.6725
1.4094,0.6151,2.6488
1.4096,0.5916,2.5475
1.4098,0.5812,2.5038
1.4100,0.5883,2.5319
1.4102,0.6066,2.6121
1.4104,0.5838,2.5151
1.4106,0.6042,2.6018
1.4108,0.6723,2.8884
1.4110,0.7547,3.2454
1.4112,0.7546,3.2479
1.4114,0.6916,2.9769
1.4116,0.6516,2.8045
1.4118,0.6552,2.8147
1.4120,0.7269,3.1286
1.4122,0.6964,2.9989
1.4124,0.678,2.918
1.4126,0.6716,2.8893
1.4128,0.696,2.9968
1.4130,0.5916,2.5499
1.4132,0.5519,2.3799
1.4134,0.5435,2.3426
1.4136,0.574,2.4751
1.4138,0.5485,2.3649
1.4140,0.5462,2.3529
1.4142,0.7826,3.3634
1.4144,0.6612,2.8524
1.4146,0.5446,2.3484
1.4148,0.5661,2.4364
1.4150,0.6627,2.8564
1.4152,0.641,2.7603
1.4154,0.6407,2.7575
1.4156,0.6379,2.7482
1.4158,0.6533,2.813
1.4160,0.6523,2.8062
1.4162,0.6605,2.84
1.4164,0.7288,3.1281
1.4166,0.8526,3.6594
1.4168,0.8809,3.7861
1.4170,0.7876,3.3898
1.4172,0.7134,3.0646
1.4174,0.8209,3.5202
1.4176,0.8823,3.787
1.4178,0.8117,3.4919
1.4180,0.6384,2.7489
1.4182,0.6127,2.6409
1.4184,0.6141,2.6466
1.4186,0.6354,2.7348
1.4188,0.6884,2.9602
1.4190,0.6957,2.9902
1.4192,0.7253,3.119
1.4194,0.7234,3.1108
1.4196,0.6934,2.9888
1.4198,0.6269,2.6994
1.4200,0.641,2.7565
1.4202,0.7059,3.0355
1.4204,0.7716,3.3165
1.4206,0.8028,3.4489
1.4208,0.823,3.5371
1.4210,0.699,3.0097
1.4212,0.6033,2.6
1.4214,0.557,2.4016
1.4216,0.5476,2.3624
1.4218,0.5409,2.3323
1.4220,0.538,2.3199
1.4222,0.5482,2.3606
1.4224,0.5824,2.5078
1.4226,0.5962,2.5648
1.4228,0.6208,2.6718
1.4230,0.6515,2.8078
1.4232,0.5656,2.4389
1.4234,0.517,2.2294
1.4236,0.6001,2.5878
1.4238,0.567,2.4383
1.4240,0.6599,2.8387
1.4242,0.6257,2.6992
1.4244,0.5548,2.3934
1.4246,0.5215,2.2486
1.4248,0.547,2.3631
1.4250,0.4252,1.8375
1.4252,0.3981,1.7204
1.4254,0.4277,1.8433
1.4256,0.5297,2.2821
1.4258,0.5636,2.429
1.4260,0.5138,2.2155
1.4262,0.4957,2.1374
1.4264,0.5068,2.1865
1.4266,0.501,2.1621
1.4268,0.5067,2.185
1.4270,0.5375,2.3136
1.4272,0.5704,2.4584
1.4274,0.4998,2.156
1.4276,0.4801,2.0711
1.4278,0.4845,2.0893
1.4280,0.5104,2.2
1.4282,0.585,2.5191
1.4284,0.6365,2.7381
1.4286,0.6691,2.8785
1.4288,0.6891,2.9646
1.4290,0.6825,2.9294
1.4292,0.8052,3.456
1.4294,0.8118,3.4827
1.4296,0.7875,3.383
1.4298,0.8021,3.4475
1.4300,0.7937,3.4098
1.4302,0.8055,3.4538
1.4304,0.8202,3.522
1.4306,0.8376,3.595
1.4308,0.8762,3.759
1.4310,0.9009,3.856
1.4312,1.0151,4.3406
1.4314,1.061,4.5391
1.4316,1.1323,4.8416
1.4318,1.1366,4.8601
1.4320,1.1123,4.7582
1.4322,1.1205,4.7914
1.4324,1.1139,4.7654
1.4326,1.0095,4.3306
1.4328,0.9449,4.05
1.4330,0.9944,4.2618
1.4332,0.9765,4.1872
1.4334,0.971,4.1616
1.4336,0.978,4.188
1.4338,0.9797,4.1972
1.4340,0.9738,4.1798
1.4342,0.9105,3.908
1.4344,0.9975,4.2712
1.4346,1.0389,4.4525
1.4348,0.9569,4.1053
1.4350,0.9423,4.0406
1.4352,0.9643,4.1347
1.4354,0.9363,4.0224
1.4356,0.8106,3.4873
1.4358,0.7798,3.3469
1.4360,0.9086,3.8943
1.4362,0.9327,4.0125
1.4364,0.7689,3.3139
1.4366,0.7463,3.2093
1.4368,0.7987,3.4314
1.4370,0.7948,3.4176
1.4372,0.7583,3.2548
1.4374,0.8218,3.5353
1.4376,0.7827,3.3639
1.4378,0.8414,3.6182
1.4380,0.7082,3.0495
1.4382,0.6306,2.7192
1.4384,0.5829,2.5157
1.4386,0.5788,2.4923
1.4388,0.6588,2.8354
1.4390,0.705,3.037
1.4392,0.7295,3.14
1.4394,0.7591,3.2654
1.4396,0.6821,2.9397
1.4398,0.6263,2.7005
1.4400,0.5344,2.3055
1.4402,0.4956,2.1388
1.4404,0.4968,2.142
1.4406,0.5844,2.5142
1.4408,0.708,3.0499
1.4410,0.6451,2.7817
1.4412,0.6167,2.6567
1.4414,0.628,2.7053
1.4416,0.584,2.5168
1.4418,0.5838,2.5163
1.4420,0.627,2.6961
1.4422,0.6737,2.9048
1.4424,0.5816,2.5123
1.4426,0.4533,1.9575
1.4428,0.4295,1.8553
1.4430,0.42,1.8136
1.4432,0.4795,2.0704
1.4434,0.4711,2.0332
1.4436,0.4537,1.9591
1.4438,0.4903,2.1141
1.4440,0.5414,2.3344
1.4442,0.5399,2.3314
1.4444,0.4619,1.9943
1.4446,0.4929,2.1284
1.4448,0.471,2.0337
1.4450,0.4482,1.9344
1.4452,0.4434,1.9146
1.4454,0.4448,1.9199
1.4456,0.449,1.938
1.4458,0.449,1.9398
1.4460,0.4479,1.9333
1.4462,0.459,1.9791
1.4464,0.4887,2.1103
1.4466,0.4563,1.9696
1.4468,0.4601,1.9838
1.4470,0.4688,2.0225
1.4472,0.4575,1.9747
1.4474,0.4604,1.9872
1.4476,0.4695,2.0256
1.4478,0.4926,2.122
1.4480,0.5618,2.4212
1.4482,0.6082,2.62
1.4484,0.6241,2.6837
1.4486,0.6642,2.8573
1.4488,0.6617,2.8465
1.4490,0.6717,2.8885
1.4492,0.6825,2.9335
1.4494,0.7092,3.0508
1.4496,0.7245,3.1154
1.4498,0.7546,3.2403
1.4500,0.8124,3.4869
1.4502,0.8046,3.4567
1.4504,0.7943,3.4108
1.4506,0.7856,3.3763
1.4508,0.7203,3.0988
1.4510,0.642,2.7632
1.4512,0.6389,2.7523
1.4514,0.6349,2.7352
1.4516,0.6322,2.7183
1.4518,0.654,2.8122
1.4520,0.6683,2.8775
1.4522,0.669,2.8847
1.4524,0.5691,2.4516
1.4526,0.556,2.3953
1.4528,0.5469,2.3582
1.4530,0.5538,2.3871
1.4532,0.6395,2.7523
1.4534,0.6567,2.8253
1.4536,0.6678,2.8701
1.4538,0.7543,3.2403
1.4540,0.743,3.1933
1.4542,0.7222,3.1128
1.4544,0.5531,2.3862
1.4546,0.5173,2.2284
1.4548,0.53,2.2853
1.4550,0.5014,2.1632
1.4552,0.5494,2.3658
1.4554,0.603,2.5966
1.4556,0.5478,2.3623
1.4558,0.5258,2.2661
1.4560,0.5022,2.1673
1.4562,0.5011,2.1606
1.4564,0.5153,2.2222
1.4566,0.5619,2.4228
1.4568,0.5171,2.232
1.4570,0.4405,1.9012
1.4572,0.4523,1.9511
1.4574,0.4491,1.9385
1.4576,0.4404,1.8998
1.4578,0.5023,2.1658
1.4580,0.5384,2.3226
1.4582,0.4855,2.0963
1.4584,0.4366,1.8807
1.4586,0.5386,2.3225
1.4588,0.5116,2.2051
1.4590,0.4975,2.1411
1.4592,0.5649,2.4301
1.4594,0.5926,2.5481
1.4596,0.6698,2.8856
1.4598,0.6027,2.595
1.4600,0.5979,2.5732
1.4602,0.6105,2.6298
1.4604,0.5414,2.3355
1.4606,0.483,2.0826
1.4608,0.4833,2.0831
1.4610,0.4814,2.0749
1.4612,0.4857,2.0954
1.4614,0.488,2.1043
1.4616,0.4858,2.095
1.4618,0.5077,2.1871
1.4620,0.5474,2.357
1.4622,0.6037,2.5985
1.4624,0.6007,2.5844
1.4626,0.5819,2.5069
1.4628,0.6637,2.8553
1.4630,0.7348,3.1553
1.4632,0.7481,3.214
1.4634,0.7215,3.0982
1.4636,0.8097,3.4718
1.4638,0.8492,3.6432
1.4640,0.8303,3.5536
1.4642,0.912,3.9087
1.4644,0.8645,3.7086
1.4646,0.8334,3.5753
1.4648,0.8927,3.8241
1.4650,0.9768,4.1848
1.4652,0.9604,4.1125
1.4654,0.9094,3.8997
1.4656,0.8366,3.5892
1.4658,0.8353,3.5836
1.4660,0.8188,3.5142
1.4662,0.8515,3.6581
1.4664,0.8127,3.4879
1.4666,0.825,3.5393
1.4668,0.831,3.5667
1.4670,0.8347,3.5793
1.4672,0.881,3.7743
1.4674,0.9211,3.9496
1.4676,0.9244,3.9621
1.4678,0.9452,4.0548
1.4680,0.8959,3.8398
1.4682,0.8989,3.8544
1.4684,0.8978,3.8552
1.4686,0.8669,3.7154
1.4688,0.9603,4.1139
1.4690,0.967,4.1485
1.4692,0.9338,4.0097
1.4694,0.9026,3.8668
1.4696,0.9298,3.989
1.4698,0.8347,3.5843
1.4700,0.7762,3.3346
1.4702,0.8323,3.569
1.4704,0.8731,3.7526
1.4706,0.8026,3.4511
1.4708,0.7191,3.0922
1.4710,0.7226,3.1086
1.4712,0.7418,3.1911
1.4714,0.7515,3.2284
1.4716,0.7834,3.3639
1.4718,0.8046,3.4567
1.4720,0.7919,3.4005
1.4722,0.8167,3.5071
1.4724,0.8147,3.5016
1.4726,0.8152,3.502
1.4728,0.8526,3.6628
1.4730,0.7606,3.2721
1.4732,0.7108,3.0538
1.4734,0.6948,2.9875
1.4736,0.7264,3.1236
1.4738,0.7505,3.2273
1.4740,0.7943,3.4124
1.4742,0.8085,3.4764
1.4744,0.7911,3.4016
1.4746,0.7538,3.2412
1.4748,0.7209,3.0956
1.4750,0.7408,3.19
1.4752,0.6156,2.6508
1.4754,0.6524,2.812
1.4756,0.601,2.5902
1.4758,0.6087,2.6245
1.4760,0.5949,2.5627
1.4762,0.5764,2.4831
1.4764,0.5742,2.4727
1.4766,0.6336,2.7296
1.4768,0.6197,2.6659
1.4770,0.6697,2.8824
1.4772,0.629,2.7137
1.4774,0.5921,2.552
1.4776,0.5792,2.4938
1.4778,0.5835,2.5148
1.4780,0.651,2.8006
1.4782,0.6837,2.9442
1.4784,0.6,2.5897
1.4786,0.5037,2.176
1.4788,0.5061,2.1834
1.4790,0.544,2.3447
1.4792,0.5343,2.3018
1.4794,0.6012,2.5889
1.4796,0.6462,2.7812
1.4798,0.6545,2.8168
1.4800,0.615,2.6482
1.4802,0.6595,2.8385
1.4804,0.6607,2.8503
1.4806,0.5425,2.338
1.4808,0.5456,2.3503
1.4810,0.6238,2.6872
1.4812,0.6347,2.7304
1.4814,0.6436,2.7699
1.4816,0.6398,2.7526
1.4818,0.6407,2.7575
1.4820,0.643,2.7686
1.4822,0.6428,2.7693
1.4824,0.6551,2.8168
1.4826,0.7032,3.0194
1.4828,0.7647,3.2851
1.4830,0.7224,3.109
1.4832,0.642,2.7632
1.4834,0.6627,2.8472
1.4836,0.7972,3.4247
1.4838,0.7736,3.3325
1.4840,0.6426,2.7657
1.4842,0.6349,2.7327
1.4844,0.6611,2.8479
1.4846,0.639,2.7503
1.4848,0.6515,2.8039
1.4850,0.6299,2.7098
1.4852,0.6346,2.7337
1.4854,0.6286,2.7053
1.4856,0.6611,2.8439
1.4858,0.6244,2.6873
1.4860,0.6587,2.8375
1.4862,0.63,2.7141
1.4864,0.655,2.8137
1.4866,0.7625,3.2773
1.4868,0.8093,3.4768
1.4870,0.8295,3.565
1.4872,0.8212,3.5294
1.4874,0.6969,3.001
1.4876,0.6386,2.75
1.4878,0.6618,2.847
1.4880,0.6692,2.8777
1.4882,0.6695,2.8773
1.4884,0.6743,2.902
1.4886,0.6717,2.8912
1.4888,0.6996,3.0109
1.4890,0.6943,2.9854
1.4892,0.7071,3.0434
1.4894,0.7337,3.1536
1.4896,0.6795,2.9247
1.4898,0.6524,2.8081
1.4900,0.7101,3.0535
1.4902,0.778,3.3423
1.4904,0.7547,3.2529
1.4906,0.6305,2.7149
1.4908,0.6617,2.8465
1.4910,0.7021,3.019
1.4912,0.6506,2.8003
1.4914,0.6186,2.66
1.4916,0.7011,3.0148
1.4918,0.7104,3.0545
1.4920,0.6316,2.7233
1.4922,0.5573,2.4032
1.4924,0.5079,2.1932
1.4926,0.5029,2.1684
1.4928,0.4989,2.1523
1.4930,0.5019,2.1663
1.4932,0.5062,2.1809
1.4934,0.5934,2.5541
1.4936,0.5856,2.5264
1.4938,0.5047,2.1782
1.4940,0.5017,2.1642
1.4942,0.5373,2.3157
1.4944,0.5229,2.2537
1.4946,0.5459,2.3552
1.4948,0.5083,2.1907
1.4950,0.5439,2.3453
1.4952,0.577,2.4845
1.4954,0.6476,2.7887
1.4956,0.598,2.5761
1.4958,0.5814,2.5025
1.4960,0.6638,2.8558
1.4962,0.7003,3.0112
1.4964,0.7158,3.0792
1.4966,0.7342,3.1528
1.4968,0.8344,3.5794
1.4970,0.8539,3.665
1.4972,0.9286,3.9727
1.4974,1.0235,4.3847
1.4976,0.9794,4.1956
1.4978,0.9892,4.2377
1.4980,0.9994,4.2834
1.4982,0.9942,4.2653
1.4984,0.9695,4.1535
1.4986,0.9316,3.9911
1.4988,0.9476,4.0613
1.4990,0.965,4.1359
1.4992,0.9746,4.1712
1.4994,1.0191,4.3698
1.4996,1.0008,4.2876
1.4998,1.0325,4.4191
1.5000,1.0799,4.6262
1.5002,1.0646,4.5609
1.5004,1.033,4.4232
1.5006,1.0696,4.5756
1.5008,1.1149,4.7717
1.5010,1.0116,4.3399
1.5012,0.9425,4.0416
1.5014,0.9628,4.1324
1.5016,0.8187,3.5284
1.5018,0.7002,3.0149
1.5020,0.7132,3.0683
1.5022,0.7194,3.0961
1.5024,0.6937,2.9856
1.5026,0.6905,2.9703
1.5028,0.7158,3.0806
1.5030,0.7339,3.16
1.5032,0.7038,3.0304
1.5034,0.718,3.089
1.5036,0.7274,3.1292
1.5038,0.7402,3.1889
1.5040,0.675,2.9051
1.5042,0.7396,3.1848
1.5044,0.6614,2.8481
1.5046,0.6823,2.938
1.5048,0.6729,2.9017
1.5050,0.6371,2.7458
1.5052,0.6129,2.6426
1.5054,0.624,2.6857
1.5056,0.6581,2.835
1.5058,0.6518,2.8055
1.5060,0.6755,2.9058
1.5062,0.6653,2.8686
1.5064,0.5871,2.5361
1.5066,0.5613,2.418
1.5068,0.6512,2.8081
1.5070,0.6049,2.6073
1.5072,0.5782,2.492
1.5074,0.572,2.4606
1.5076,0.6131,2.64
1.5078,0.6373,2.7468
1.5080,0.6127,2.6421
1.5082,0.6187,2.6655
1.5084,0.594,2.5614
1.5086,0.5109,2.2061
1.5088,0.4917,2.1233
1.5090,0.5065,2.1839
1.5092,0.5119,2.2062
1.5094,0.5559,2.397
1.5096,0.5128,2.2123
1.5098,0.5335,2.3013
1.5100,0.5979,2.5756
1.5102,0.5706,2.4594
1.5104,0.5403,2.3308
1.5106,0.5315,2.2931
1.5108,0.5417,2.337
1.5110,0.5664,2.4391
1.5112,0.6284,2.7061
1.5114,0.6305,2.7161
1.5116,0.6121,2.6358
1.5118,0.6144,2.6457
1.5120,0.5296,2.2869
1.5122,0.4741,2.0462
1.5124,0.4584,1.9784
1.5126,0.4547,1.9623
1.5128,0.4536,1.9586
1.5130,0.4573,1.9728
1.5132,0.4572,1.9732
1.5134,0.4542,1.9612
1.5136,0.4587,1.979
1.5138,0.5317,2.2915
1.5140,0.5455,2.3487
1.5142,0.5892,2.5396
1.5144,0.5825,2.5106
1.5146,0.578,2.4887
1.5148,0.6005,2.587
1.5150,0.5674,2.4455
1.5152,0.5536,2.3849
1.5154,0.5679,2.4464
1.5156,0.6078,2.616
1.5158,0.6757,2.9069
1.5160,0.66,2.8353
1.5162,0.761,3.2646
1.5164,0.7641,3.2917
1.5166,0.624,2.687
1.5168,0.6691,2.8798
1.5170,0.6293,2.7097
1.5172,0.5945,2.5623
1.5174,0.5495,2.3696
1.5176,0.5401,2.3266
1.5178,0.577,2.4822
1.5180,0.6505,2.7959
1.5182,0.7108,3.0609
1.5184,0.6534,2.8135
1.5186,0.6306,2.7141
1.5188,0.5769,2.4863
1.5190,0.5351,2.3075
1.5192,0.5319,2.2914
1.5194,0.5272,2.2692
1.5196,0.5817,2.5047
1.5198,0.666,2.8664
1.5200,0.7262,3.1183
1.5202,0.7319,3.1444
1.5204,0.7473,3.2164
1.5206,0.6963,2.997
1.5208,0.717,3.0786
1.5210,0.6787,2.9279
1.5212,0.4747,2.0488
1.5214,0.4795,2.0676
1.5216,0.5102,2.1999
1.5218,0.4915,2.1193
1.5220,0.4999,2.1555
1.5222,0.5246,2.262
1.5224,0.5192,2.2387
1.5226,0.5035,2.169
1.5228,0.5441,2.3419
1.5230,0.542,2.3381
1.5232,0.533,2.2971
1.5234,0.5419,2.3354
1.5236,0.5331,2.2977
1.5238,0.5393,2.3256
1.5240,0.4777,2.0617
1.5242,0.4062,1.75
1.5244,0.5319,2.2914
1.5246,0.5326,2.2956
1.5248,0.5203,2.2455
1.5250,0.4897,2.1115
1.5252,0.4909,2.1147
1.5254,0.526,2.2682
1.5256,0.494,2.1301
1.5258,0.4825,2.0786
1.5260,0.5158,2.2212
1.5262,0.5553,2.3944
1.5264,0.4939,2.1306
1.5266,0.4854,2.0958
1.5268,0.476,2.0516
1.5270,0.5041,2.1726
1.5272,0.5488,2.3621
1.5274,0.6067,2.6078
1.5276,0.6488,2.7926
1.5278,0.6171,2.6558
1.5280,0.6286,2.7066
1.5282,0.6554,2.8197
1.5284,0.6138,2.6369
1.5286,0.6829,2.9392
1.5288,0.6191,2.667
1.5290,0.5969,2.5679
1.5292,0.6979,2.9967
1.5294,0.7887,3.3818
1.5296,0.8233,3.5338
1.5298,0.8539,3.6633
1.5300,0.8897,3.8149
1.5302,0.9048,3.876
1.5304,0.987,4.2245
1.5306,1.0383,4.4417
1.5308,1.0125,4.3293
1.5310,1.0309,4.4124
1.5312,1.0249,4.3908
1.5314,0.9956,4.267
1.5316,0.9711,4.1582
1.5318,1.0511,4.4902
1.5320,1.1256,4.8129
1.5322,1.1079,4.7309
1.5324,1.1497,4.9114
1.5326,1.1048,4.7308
1.5328,1.0555,4.524
1.5330,0.9301,3.9937
1.5332,0.833,3.5771
1.5334,0.8387,3.5963
1.5336,0.9748,4.1741
1.5338,1.0234,4.3801
1.5340,1.0198,4.3667
1.5342,0.9686,4.1474
1.5344,1.0517,4.5012
1.5346,1.0946,4.685
1.5348,1.0714,4.5875
1.5350,1.0138,4.3451
1.5352,0.9767,4.1902
1.5354,0.9634,4.135
1.5356,0.8205,3.5296
1.5358,0.7423,3.1932
1.5360,0.7922,3.4047
1.5362,0.8473,3.6401
1.5364,0.8067,3.4687
1.5366,0.7752,3.3304
1.5368,0.8117,3.4919
1.5370,0.7603,3.2645
1.5372,0.7852,3.3779
1.5374,0.7154,3.0791
1.5376,0.7377,3.1736
1.5378,0.7354,3.1579
1.5380,0.7991,3.4378
1.5382,0.7666,3.2995
1.5384,0.695,2.9899
1.5386,0.6684,2.8754
1.5388,0.6993,3.0099
1.5390,0.7275,3.1341
1.5392,0.6589,2.8373
1.5394,0.6564,2.8251
1.5396,0.7089,3.0498
1.5398,0.7456,3.2062
1.5400,0.7485,3.2155
1.5402,0.7607,3.2696
1.5404,0.7531,3.2411
1.5406,0.7503,3.2293
1.5408,0.7153,3.0828
1.5410,0.646,2.7828
1.5412,0.6018,2.5938
1.5414,0.5867,2.5264
1.5416,0.616,2.6573
1.5418,0.5854,2.5219
1.5420,0.5953,2.5659
1.5422,0.5817,2.507
1.5424,0.5675,2.4483
1.5426,0.5673,2.4461
1.5428,0.5729,2.4693
1.5430,0.6076,2.6126
1.5432,0.7263,3.1275
1.5434,0.6113,2.6371
1.5436,0.4898,2.112
1.5438,0.5126,2.2103
1.5440,0.5318,2.2941
1.5442,0.5421,2.3397
1.5444,0.5309,2.2884
1.5446,0.5656,2.4389
1.5448,0.5375,2.3146
1.5450,0.5723,2.4667
1.5452,0.5373,2.3147
1.5454,0.545,2.3477
1.5456,0.5535,2.3877
1.5458,0.5278,2.277
1.5460,0.5404,2.3303
1.5462,0.5526,2.3819
1.5464,0.5893,2.5365
1.5466,0.6007,2.5904
1.5468,0.5425,2.3336
1.5470,0.6594,2.8367
1.5472,0.7149,3.0741
1.5474,0.7504,3.2268
1.5476,0.7333,3.1545
1.5478,0.7394,3.1808
1.5480,0.7557,3.248
1.5482,0.7531,3.2396
1.5484,0.7557,3.248
1.5486,0.7817,3.3551
1.5488,0.8772,3.7614
1.5490,0.8534,3.6681
1.5492,0.8087,3.4758
1.5494,0.7912,3.4021
1.5496,0.7238,3.1109
1.5498,0.8104,3.4814
1.5500,0.8173,3.5096
1.5502,0.8194,3.5118
1.5504,0.8407,3.6151
1.5506,0.7358,3.1668
1.5508,0.7358,3.1639
1.5510,0.7479,3.213
1.5512,0.7245,3.1226
1.5514,0.6282,2.7076
1.5516,0.6154,2.6486
1.5518,0.6258,2.6935
1.5520,0.6366,2.7412
1.5522,0.6236,2.6892
1.5524,0.6192,2.67
1.5526,0.6185,2.662
1.5528,0.6703,2.885
1.5530,0.696,2.9899
1.5532,0.8298,3.5649
1.5534,0.7842,3.3738
1.5536,0.6734,2.9051
1.5538,0.5694,2.4543
1.5540,0.5981,2.5802
1.5542,0.5564,2.4002
1.5544,0.5468,2.3588
1.5546,0.5549,2.3928
1.5548,0.5537,2.3877
1.5550,0.5982,2.5724
1.5552,0.6244,2.691
1.5554,0.5875,2.5335
1.5556,0.625,2.6899
1.5558,0.6319,2.7236
1.5560,0.5991,2.582
1.5562,0.5792,2.4927
1.5564,0.654,2.8109
1.5566,0.678,2.918
1.5568,0.6204,2.6752
1.5570,0.5565,2.3996
1.5572,0.5242,2.2615
1.5574,0.5398,2.3277
1.5576,0.5536,2.386
1.5578,0.5807,2.5017
1.5580,0.5579,2.4047
1.5582,0.5889,2.5368
1.5584,0.6108,2.6302
1.5586,0.6119,2.6373
1.5588,0.5254,2.2667
1.5590,0.5034,2.1725
1.5592,0.497,2.145
1.5594,0.4846,2.0888
1.5596,0.5363,2.3116
1.5598,0.5771,2.4862
1.5600,0.5929,2.5532
1.5602,0.6006,2.5875
1.5604,0.6371,2.7445
1.5606,0.6138,2.6431
1.5608,0.6041,2.6037
1.5610,0.5564,2.4002
1.5612,0.493,2.128
1.5614,0.4929,2.1255
1.5616,0.5225,2.2511
1.5618,0.5706,2.4572
1.5620,0.6263,2.6993
1.5622,0.576,2.4839
1.5624,0.5847,2.5164
1.5626,0.6823,2.9339
1.5628,0.7102,3.0526
1.5630,0.718,3.0861
1.5632,0.7751,3.3284
1.5634,0.8143,3.4968
1.5636,0.8431,3.6153
1.5638,0.9205,3.9452
1.5640,0.9718,4.1652
1.5642,0.9868,4.2294
1.5644,0.9788,4.193
1.5646,0.9782,4.1924
1.5648,0.9629,4.1252
1.5650,0.9748,4.1761
1.5652,0.9477,4.0619
1.5654,0.9816,4.2093
1.5656,0.9777,4.1884
1.5658,0.9824,4.2104
1.5660,0.9652,4.1369
1.5662,1.0019,4.2942
1.5664,0.976,4.1812
1.5666,0.9399,4.0341
1.5668,0.8656,3.7132
1.5670,0.9118,3.9155
1.5672,0.9094,3.8979
1.5674,0.9225,3.9613
1.5676,0.8766,3.7588
1.5678,1.0205,4.3657
1.5680,1.1474,4.9131
1.5682,0.9933,4.2632
1.5684,0.8953,3.8426
1.5686,0.9915,4.2475
1.5688,1.0754,4.6093
1.5690,0.9204,3.9557
1.5692,0.8363,3.591
1.5694,0.8943,3.8367
1.5696,0.8925,3.8325
1.5698,0.8199,3.527
1.5700,0.7942,3.4166
1.5702,0.7875,3.3861
1.5704,0.7713,3.3211
1.5706,0.6842,2.949
1.5708,0.6593,2.8388
1.5710,0.6811,2.9287
1.5712,0.6896,2.9681
1.5714,0.7149,3.077
1.5716,0.7216,3.1117
1.5718,0.5955,2.5664
1.5720,0.5859,2.5263
1.5722,0.6016,2.5928
1.5724,0.6419,2.7665
1.5726,0.6508,2.8008
1.5728,0.6721,2.8914
1.5730,0.6833,2.9421
1.5732,0.7412,3.1915
1.5734,0.7297,3.1434
1.5736,0.655,2.8215
1.5738,0.669,2.8806
1.5740,0.6849,2.9466
1.5742,0.7191,3.0936
1.5744,0.6879,2.9609
1.5746,0.6571,2.8335
1.5748,0.5417,2.3392
1.5750,0.4933,2.131
1.5752,0.53,2.2863
1.5754,0.5138,2.2175
1.5756,0.5231,2.2589
1.5758,0.4801,2.0759
1.5760,0.415,1.7918
1.5762,0.4199,1.8122
1.5764,0.5439,2.342
1.5766,0.5995,2.5912
1.5768,0.4673,2.0176
1.5770,0.4569,1.9731
1.5772,0.4475,1.9331
1.5774,0.4483,1.9367
1.5776,0.4463,1.9261
1.5778,0.4532,1.9561
1.5780,0.4639,2.0013
1.5782,0.4633,2.0005
1.5784,0.4635,2.0016
1.5786,0.5047,2.1751
1.5788,0.576,2.4804
1.5790,0.6389,2.7536
1.5792,0.5868,2.5304
1.5794,0.524,2.2605
1.5796,0.4598,1.9837
1.5798,0.4512,1.9464
1.5800,0.4542,1.9593
1.5802,0.5516,2.3751
1.5804,0.6235,2.6849
1.5806,0.6397,2.7521
1.5808,0.6764,2.91
1.5810,0.6569,2.8259
1.5812,0.6457,2.7817
1.5814,0.5733,2.4697
1.5816,0.6079,2.6178
1.5818,0.6163,2.6539
1.5820,0.6687,2.8769
1.5822,0.6711,2.8886
1.5824,0.712,3.0589
1.5826,0.7827,3.3686
1.5828,0.6099,2.626
1.5830,0.5857,2.5187
1.5832,0.6792,2.9272
1.5834,0.5615,2.4224
1.5836,0.5378,2.3189
1.5838,0.5392,2.3251
1.5840,0.5396,2.3245
1.5842,0.5349,2.3054
1.5844,0.5812,2.5049
1.5846,0.5534,2.3861
1.5848,0.5327,2.2972
1.5850,0.5336,2.2997
1.5852,0.5314,2.2915
1.5854,0.5983,2.5777
1.5856,0.6078,2.6197
1.5858,0.5628,2.4225
1.5860,0.623,2.6816
1.5862,0.5914,2.5453
1.5864,0.6131,2.64
1.5866,0.6046,2.6057
1.5868,0.6091,2.6242
1.5870,0.6156,2.6521
1.5872,0.6149,2.6477
1.5874,0.6305,2.7149
1.5876,0.6076,2.6162
1.5878,0.5399,2.3271
1.5880,0.5261,2.2687
1.5882,0.5377,2.3184
1.5884,0.5455,2.3498
1.5886,0.5921,2.552
1.5888,0.5397,2.325
1.5890,0.5404,2.327
1.5892,0.622,2.677
1.5894,0.6442,2.7724
1.5896,0.6735,2.8949
1.5898,0.7357,3.1604
1.5900,0.7269,3.1272
1.5902,0.7086,3.0482
1.5904,0.6667,2.8708
1.5906,0.6126,2.6391
1.5908,0.6281,2.7008
1.5910,0.6529,2.8114
1.5912,0.5943,2.5577
1.5914,0.6347,2.7329
1.5916,0.598,2.5737
1.5918,0.6702,2.8858
1.5920,0.6287,2.7033
1.5922,0.6284,2.7061
1.5924,0.6454,2.7815
1.5926,0.6302,2.7151
1.5928,0.5195,2.2403
1.5930,0.4939,2.1296
1.5932,0.4911,2.1187
1.5934,0.4902,2.1155
1.5936,0.4887,2.1074
1.5938,0.4905,2.1161
1.5940,0.4885,2.1073
1.5942,0.487,2.0992
1.5944,0.4993,2.1499
1.5946,0.5458,2.3546
1.5948,0.5019,2.1623
1.5950,0.5267,2.2682
1.5952,0.5751,2.4763
1.5954,0.6115,2.6369
1.5956,0.5801,2.4956
1.5958,0.6403,2.7521
1.5960,0.7427,3.1908
1.5962,0.7592,3.2599
1.5964,0.7626,3.2733
1.5966,0.8181,3.5095
1.5968,0.8489,3.6434
1.5970,0.8527,3.6582
1.5972,0.8593,3.6865
1.5974,0.8291,3.5551
1.5976,0.8659,3.7113
1.5978,0.9151,3.9239
1.5980,0.8975,3.8483
1.5982,0.9496,4.0644
1.5984,1.0199,4.3693
1.5986,0.9631,4.1296
1.5988,0.9814,4.2043
1.5990,1.0053,4.3006
1.5992,0.9864,4.2318
1.5994,0.8918,3.8259
1.5996,0.9132,3.9138
1.5998,0.952,4.0804
1.6000,0.9625,4.1347
1.6002,0.8455,3.6324
1.6004,0.8386,3.6008
1.6006,0.8232,3.5349
1.6008,0.7968,3.4264
1.6010,0.7443,3.1975
1.6012,0.7568,3.2496
1.6014,0.7618,3.2743
1.6016,0.7826,3.3603
1.6018,0.8503,3.6479
1.6020,0.8723,3.7455
1.6022,0.8597,3.6863
1.6024,0.852,3.6551
1.6026,0.8179,3.5155
1.6028,0.7523,3.238
1.6030,0.7307,3.1437
1.6032,0.6891,2.9646
1.6034,0.6974,3.0016
1.6036,0.6991,3.0117
1.6038,0.6328,2.7247
1.6040,0.6651,2.8614
1.6042,0.6776,2.9151
1.6044,0.7022,3.0195
1.6046,0.7766,3.3408
1.6048,0.7505,3.2273
1.6050,0.6732,2.8987
1.6052,0.6356,2.7396
1.6054,0.6461,2.7794
1.6056,0.6758,2.906
1.6058,0.6602,2.8403
1.6060,0.6599,2.8374
1.6062,0.7401,3.1884
1.6064,0.704,3.0286
1.6066,0.7273,3.1273
1.6068,0.7294,3.1351
1.6070,0.78,3.351
1.6072,0.7883,3.3882
1.6074,0.8037,3.4509
1.6076,0.8013,3.4454
1.6078,0.6777,2.9224
1.6080,0.5758,2.4828
1.6082,0.5808,2.5022
1.6084,0.5893,2.5389
1.6086,0.6138,2.643
1.6088,0.6331,2.7287
1.6090,0.6176,2.6583
1.6092,0.6706,2.8864
1.6094,0.724,3.1118
1.6096,0.7193,3.0974
1.6098,0.6231,2.6858
1.6100,0.6155,2.6502
1.6102,0.6337,2.7287
1.6104,0.6449,2.7729
1.6106,0.6872,2.9549
1.6108,0.6626,2.8532
1.6110,0.6698,2.8841
1.6112,0.6699,2.89
1.6114,0.5753,2.4818
1.6116,0.5494,2.3679
1.6118,0.5364,2.3131
1.6120,0.5357,2.31
1.6122,0.5339,2.3001
1.6124,0.5373,2.3146
1.6126,0.5757,2.4753
1.6128,0.7349,3.166
1.6130,0.6564,2.8263
1.6132,0.584,2.5172
1.6134,0.5658,2.4387
1.6136,0.5641,2.4314
1.6138,0.5667,2.4412
1.6140,0.5671,2.441
1.6142,0.6182,2.6621
1.6144,0.6182,2.6608
1.6146,0.7356,3.1632
1.6148,0.7278,3.1297
1.6150,0.6974,3.0015
1.6152,0.626,2.6969
1.6154,0.6162,2.6545
1.6156,0.618,2.6586
1.6158,0.6697,2.8769
1.6160,0.7684,3.3056
1.6162,0.7289,3.1344
1.6164,0.7007,3.0146
1.6166,0.6365,2.7431
1.6168,0.6095,2.6256
1.6170,0.6032,2.5963
1.6172,0.6094,2.6239
1.6174,0.6187,2.6654
1.6176,0.6115,2.6319
1.6178,0.6143,2.6438
1.6180,0.6131,2.6399
1.6182,0.6825,2.9361
1.6184,0.6951,2.9889
1.6186,0.7096,3.0528
1.6188,0.6362,2.7395
1.6190,0.5775,2.4865
1.6192,0.6547,2.8138
1.6194,0.772,3.3149
1.6196,0.7945,3.4149
1.6198,0.7426,3.1961
1.6200,0.6971,2.9991
1.6202,0.6634,2.8568
1.6204,0.6026,2.5937
1.6206,0.62,2.6698
1.6208,0.583,2.5126
1.6210,0.581,2.5008
1.6212,0.6089,2.623
1.6214,0.5912,2.5483
1.6216,0.5878,2.5333
1.6218,0.6078,2.6172
1.6220,0.6342,2.7282
1.6222,0.5975,2.5727
1.6224,0.6251,2.6928
1.6226,0.6073,2.6151
1.6228,0.599,2.5831
1.6230,0.5331,2.2997
1.6232,0.4719,2.0358
1.6234,0.4687,2.0228
1.6236,0.5187,2.2335
1.6238,0.5641,2.4303
1.6240,0.5675,2.4436
1.6242,0.5849,2.5197
1.6244,0.604,2.6043
1.6246,0.5694,2.453
1.6248,0.5736,2.4665
1.6250,0.6249,2.6935
1.6252,0.5607,2.4165
1.6254,0.5674,2.442
1.6256,0.5844,2.5165
1.6258,0.5701,2.4516
1.6260,0.6714,2.8855
1.6262,0.7317,3.1491
1.6264,0.6313,2.7196
1.6266,0.5933,2.5535
1.6268,0.661,2.8438
1.6270,0.6672,2.8714
1.6272,0.656,2.8221
1.6274,0.6787,2.9183
1.6276,0.7103,3.0573
1.6278,0.6676,2.8748
1.6280,0.6614,2.848
1.6282,0.6776,2.9123
1.6284,0.7107,3.0546
1.6286,0.697,2.9958
1.6288,0.7372,3.1699
1.6290,0.7825,3.357
1.6292,0.8647,3.7129
1.6294,0.7886,3.388
1.6296,0.7907,3.3952
1.6298,0.7954,3.4153
1.6300,0.7951,3.4158
1.6302,0.862,3.6964
1.6304,0.8924,3.8247
1.6306,0.8935,3.8329
1.6308,0.925,3.9701
1.6310,0.8737,3.7533
1.6312,0.8346,3.582
1.6314,0.8191,3.5205
1.6316,0.7709,3.3118
1.6318,0.8159,3.5001
1.6320,0.842,3.6089
1.6322,0.9561,4.0996
1.6324,0.9392,4.0252
1.6326,0.9663,4.1472
1.6328,0.8607,3.6959
1.6330,0.8978,3.8497
1.6332,0.9416,4.0242
1.6334,1.1645,4.9771
1.6336,1.1698,4.9949
1.6338,1.2367,5.2782
1.6340,1.2776,5.4528
1.6342,1.1873,5.0863
1.6344,1.0221,4.387
1.6346,0.9341,4.0148
1.6348,0.8361,3.5904
1.6350,0.8204,3.5278
1.6352,0.781,3.3582
1.6354,0.7912,3.4036
1.6356,0.7304,3.142
1.6358,0.7174,3.0849
1.6360,0.788,3.3854
1.6362,0.824,3.5449
1.6364,0.7142,3.0709
1.6366,0.7095,3.0522
1.6368,0.7268,3.1236
1.6370,0.7962,3.4205
1.6372,0.802,3.45
1.6374,0.7907,3.3999
1.6376,0.7835,3.3659
1.6378,0.7974,3.4288
1.6380,0.7256,3.1214
1.6382,0.72,3.0962
1.6384,0.7957,3.4232
1.6386,0.7603,3.271
1.6388,0.8068,3.4642
1.6390,0.9074,3.8944
1.6392,0.9041,3.8824
1.6394,0.8394,3.6076
1.6396,0.8173,3.5079
1.6398,0.8587,3.6923
1.6400,0.7843,3.3804
1.6402,0.6815,2.9307
1.6404,0.7609,3.2812
1.6406,0.6471,2.7891
1.6408,0.6939,2.9824
1.6410,0.7425,3.2001
1.6412,0.6353,2.738
1.6414,0.6407,2.7574
1.6416,0.6868,2.9547
1.6418,0.6484,2.7961
1.6420,0.5742,2.476
1.6422,0.5524,2.3841
1.6424,0.565,2.4339
1.6426,0.6145,2.6485
1.6428,0.6126,2.639
1.6430,0.6271,2.6965
1.6432,0.7041,3.0276
1.6434,0.641,2.7705
1.6436,0.4862,2.1003
1.6438,0.4605,1.9885
1.6440,0.5073,2.1895
1.6442,0.5255,2.2682
1.6444,0.5487,2.3659
1.6446,0.5694,2.4542
1.6448,0.5375,2.3156
1.6450,0.5921,2.5554
1.6452,0.5369,2.3184
1.6454,0.5205,2.2454
1.6456,0.5163,2.2273
1.6458,0.5077,2.187
1.6460,0.601,2.5853
1.6462,0.7373,3.1719
1.6464,0.7401,3.1838
1.6466,0.7477,3.2183
1.6468,0.7708,3.3128
1.6470,0.7683,3.305
1.6472,0.7641,3.2855
1.6474,0.8002,3.4327
1.6476,0.9579,4.1131
1.6478,0.8598,3.6849
1.6480,0.9261,3.971
1.6482,0.8926,3.8365
1.6484,0.878,3.7683
1.6486,0.9246,3.9778
1.6488,0.7587,3.2592
1.6490,0.8159,3.5099
1.6492,0.7358,3.1682
1.6494,0.6753,2.9092
1.6496,0.6543,2.8188
1.6498,0.6338,2.7318
1.6500,0.6295,2.7144
1.6502,0.6421,2.7623
1.6504,0.6699,2.886
1.6506,0.6318,2.7242
1.6508,0.6343,2.7313
1.6510,0.6165,2.6586
1.6512,0.5596,2.4129
1.6514,0.603,2.6037
1.6516,0.5378,2.322
1.6518,0.4714,2.0357
1.6520,0.4729,2.0409
1.6522,0.5234,2.2578
1.6524,0.5698,2.4535
1.6526,0.6037,2.5996
1.6528,0.5881,2.5372
1.6530,0.5712,2.4642
1.6532,0.5655,2.4394
1.6534,0.5104,2.204
1.6536,0.466,2.0133
1.6538,0.4616,1.9932
1.6540,0.4642,2.0037
1.6542,0.4555,1.9659
1.6544,0.4542,1.9611
1.6546,0.4412,1.906
1.6548,0.4599,1.9859
1.6550,0.5568,2.3999
1.6552,0.5867,2.5298
1.6554,0.5163,2.2283
1.6556,0.5278,2.2759
1.6558,0.522,2.25
1.6560,0.5376,2.3151
1.6562,0.6243,2.6872
1.6564,0.6633,2.8549
1.6566,0.66,2.8431
1.6568,0.5975,2.5751
1.6570,0.5903,2.5441
1.6572,0.5899,2.5402
1.6574,0.6044,2.6051
1.6576,0.5743,2.4777
1.6578,0.5015,2.1636
1.6580,0.4963,2.1409
1.6582,0.5426,2.3373
1.6584,0.5866,2.5246
1.6586,0.6084,2.621
1.6588,0.598,2.5784
1.6590,0.5315,2.2919
1.6592,0.5069,2.1869
1.6594,0.5073,2.1875
1.6596,0.5065,2.1818
1.6598,0.564,2.4298
1.6600,0.6043,2.6046
1.6602,0.5929,2.5519
1.6604,0.654,2.8173
1.6606,0.6066,2.612
1.6608,0.6078,2.6172
1.6610,0.5957,2.5638
1.6612,0.6408,2.7566
1.6614,0.6155,2.6539
1.6616,0.5739,2.4722
1.6618,0.6332,2.7203
1.6620,0.7392,3.1772
1.6622,0.7444,3.1964
1.6624,0.7433,3.1948
1.6626,0.7605,3.2669
1.6628,0.7779,3.3401
1.6630,0.8583,3.6753
1.6632,0.9791,4.1944
1.6634,0.9653,4.1411
1.6636,0.9186,3.9355
1.6638,0.9483,4.0605
1.6640,0.9655,4.1364
1.6642,0.9811,4.2051
1.6644,0.9246,3.9686
1.6646,0.8975,3.8504
1.6648,0.8876,3.8095
1.6650,0.8815,3.785
1.6652,0.9465,4.0547
1.6654,0.9615,4.1208
1.6656,0.9489,4.0668
1.6658,0.9372,4.017
1.6660,0.9274,3.9786
1.6662,0.9519,4.0797
1.6664,0.9821,4.2171
1.6666,0.8546,3.6714
1.6668,0.8508,3.6515
1.6670,0.8965,3.8458
1.6672,0.873,3.7432
1.6674,0.8965,3.8476
1.6676,0.8974,3.8499
1.6678,0.9029,3.8754
1.6680,0.9318,3.9939
1.6682,0.9467,4.0671
1.6684,0.8875,3.8108
1.6686,0.8196,3.5209
1.6688,0.8042,3.4534
1.6690,0.8238,3.5373
1.6692,0.8516,3.6568
1.6694,0.8769,3.7655
1.6696,0.8722,3.7506
1.6698,0.7633,3.2824
1.6700,0.7644,3.287
1.6702,0.748,3.2193
1.6704,0.7228,3.1081
1.6706,0.7477,3.2123
1.6708,0.7871,3.3876
1.6710,0.7143,3.0757
1.6712,0.7317,3.1491
1.6714,0.7209,3.1041
1.6716,0.6706,2.8878
1.6718,0.7079,3.0469
1.6720,0.6901,2.9687
1.6722,0.7284,3.1338
1.6724,0.7674,3.303
1.6726,0.7046,3.0339
1.6728,0.6938,2.986
1.6730,0.7071,3.0462
1.6732,0.6915,2.9748
1.6734,0.6913,2.9807
1.6736,0.5942,2.5624
1.6738,0.5757,2.4776
1.6740,0.6201,2.6741
1.6742,0.5876,2.5351
1.6744,0.5819,2.5091
1.6746,0.5749,2.4791
1.6748,0.5617,2.42
1.6750,0.5785,2.4935
1.6752,0.5783,2.4936
1.6754,0.5995,2.5779
1.6756,0.7099,3.0566
1.6758,0.6507,2.8098
1.6760,0.5236,2.262
1.6762,0.4948,2.1347
1.6764,0.5766,2.4829
1.6766,0.5827,2.5162
1.6768,0.5339,2.3044
1.6770,0.534,2.3017
1.6772,0.5351,2.3074
1.6774,0.5362,2.3153
1.6776,0.5331,2.2997
1.6778,0.5327,2.2971
1.6780,0.5343,2.3027
1.6782,0.535,2.3037
1.6784,0.5403,2.3286
1.6786,0.5867,2.5251
1.6788,0.6733,2.8951
1.6790,0.765,3.2835
1.6792,0.7763,3.3381
1.6794,0.686,2.9552
1.6796,0.6506,2.8041
1.6798,0.6498,2.7953
1.6800,0.6975,2.9992
1.6802,0.7214,3.1019
1.6804,0.7438,3.1968
1.6806,0.7597,3.2684
1.6808,0.7376,3.1685
1.6810,0.7822,3.3665
1.6812,0.7456,3.2046
1.6814,0.7948,3.4143
1.6816,0.7872,3.3913
1.6818,0.6444,2.7772
1.6820,0.6212,2.6738
1.6822,0.7163,3.0773
1.6824,0.794,3.416
1.6826,0.7192,3.0998
1.6828,0.6273,2.7001
1.6830,0.6556,2.8245
1.6832,0.6213,2.6768
1.6834,0.6159,2.6523
1.6836,0.6104,2.6285
1.6838,0.612,2.6352
1.6840,0.6357,2.7375
1.6842,0.6305,2.7185
1.6844,0.614,2.6465
1.6846,0.6192,2.6662
1.6848,0.6239,2.6851
1.6850,0.6222,2.6791
1.6852,0.6288,2.705
1.6854,0.6949,2.9879
1.6856,0.7756,3.3288
1.6858,0.8411,3.6081
1.6860,0.7844,3.3731
1.6862,0.7193,3.0974
1.6864,0.712,3.0631
1.6866,0.714,3.0676
1.6868,0.703,3.0244
1.6870,0.6881,2.9576
1.6872,0.7224,3.1022
1.6874,0.7396,3.1758
1.6876,0.7577,3.2642
1.6878,0.6927,2.9842
1.6880,0.7192,3.0926
1.6882,0.7143,3.0757
1.6884,0.6939,2.9824
1.6886,0.7717,3.3123
1.6888,0.7762,3.3375
1.6890,0.7317,3.155
1.6892,0.5952,2.5689
1.6894,0.5531,2.385
1.6896,0.6168,2.6547
1.6898,0.6667,2.8694
1.6900,0.6486,2.7914
1.6902,0.6578,2.8325
1.6904,0.673,2.894
1.6906,0.6792,2.9258
1.6908,0.562,2.4255
1.6910,0.5116,2.2102
1.6912,0.493,2.1279
1.6914,0.4881,2.1057
1.6916,0.4894,2.1124
1.6918,0.4847,2.0922
1.6920,0.4923,2.1248
1.6922,0.4907,2.1181
1.6924,0.4883,2.1077
1.6926,0.4904,2.1165
1.6928,0.4891,2.1118
1.6930,0.4958,2.1388
1.6932,0.5503,2.3731
1.6934,0.4912,2.1182
1.6936,0.4823,2.0809
1.6938,0.4844,2.0896
1.6940,0.4849,2.0908
1.6942,0.5042,2.175
1.6944,0.5442,2.3446
1.6946,0.5977,2.5762
1.6948,0.5733,2.4684
1.6950,0.5917,2.542
1.6952,0.7245,3.1109
1.6954,0.8111,3.4779
1.6956,0.8487,3.6376
1.6958,0.8797,3.7738
1.6960,0.8474,3.6422
1.6962,0.7865,3.3772
1.6964,0.8751,3.7525
1.6966,0.9124,3.9124
1.6968,0.9473,4.0583
1.6970,0.9809,4.2041
1.6972,0.9687,4.1497
1.6974,0.9773,4.1926
1.6976,0.9845,4.2215
1.6978,0.9452,4.049
1.6980,0.9543,4.0881
1.6982,0.9953,4.2658
1.6984,0.9577,4.103
1.6986,0.9677,4.1475
1.6988,1.0237,4.3876
1.6990,1.0369,4.4379
1.6992,1.1247,4.8159
1.6994,1.0091,4.3269
1.6996,1.0049,4.3049
1.6998,1.0401,4.4476
1.7000,1.0874,4.6584
1.7002,1.034,4.4421
1.7004,0.8748,3.7544
1.7006,0.9387,4.0325
1.7008,0.8684,3.7341
1.7010,0.7751,3.3298
1.7012,0.8023,3.4467
1.7014,0.8137,3.4957
1.7016,0.7167,3.0861
1.7018,0.6946,2.991
1.7020,0.724,3.1176
1.7022,0.7182,3.0928
1.7024,0.6776,2.9191
1.7026,0.6951,2.9931
1.7028,0.6805,2.9328
1.7030,0.6459,2.7853
1.7032,0.5609,2.4197
1.7034,0.5456,2.3535
1.7036,0.5578,2.4074
1.7038,0.6074,2.6168
1.7040,0.6721,2.8899
1.7042,0.7276,3.1374
1.7044,0.6281,2.7057
1.7046,0.6626,2.8545
1.7048,0.6215,2.6773
1.7050,0.6029,2.5984
1.7052,0.6259,2.6964
1.7054,0.7094,3.0503
1.7056,0.7296,3.1418
1.7058,0.7094,3.0489
1.7060,0.7916,3.4009
1.7062,0.8336,3.5812
1.7064,0.7565,3.253
1.7066,0.7671,3.2983
1.7068,0.747,3.2242
1.7070,0.5418,2.3364
1.7072,0.5189,2.2387
1.7074,0.5231,2.2578
1.7076,0.5262,2.2702
1.7078,0.5358,2.3073
1.7080,0.5989,2.5801
1.7082,0.6245,2.6939
1.7084,0.5402,2.3313
1.7086,0.5753,2.4738
1.7088,0.6758,2.9154
1.7090,0.553,2.3856
1.7092,0.5637,2.4282
1.7094,0.5843,2.5194
1.7096,0.5585,2.4071
1.7098,0.5597,2.4112
1.7100,0.564,2.4321
1.7102,0.5681,2.4451
1.7104,0.5981,2.5813
1.7106,0.4859,2.0973
1.7108,0.4808,2.0751
1.7110,0.4634,2.001
1.7112,0.4518,1.9507
1.7114,0.4521,1.9532
1.7116,0.4531,1.9546
1.7118,0.4581,1.9745
1.7120,0.5614,2.4173
1.7122,0.6278,2.7084
1.7124,0.5619,2.4227
1.7126,0.5531,2.385
1.7128,0.5538,2.387
1.7130,0.5593,2.4108
1.7132,0.5531,2.3828
1.7134,0.5623,2.4226
1.7136,0.6169,2.6552
1.7138,0.6827,2.9372
1.7140,0.6607,2.8436
1.7142,0.7076,3.0468
1.7144,0.6439,2.7752
1.7146,0.5593,2.4085
1.7148,0.5998,2.5838
1.7150,0.5527,2.3823
1.7152,0.5599,2.4122
1.7154,0.6245,2.6902
1.7156,0.585,2.5202
1.7158,0.6058,2.6108
1.7160,0.5508,2.3752
1.7162,0.5343,2.3038
1.7164,0.5272,2.2722
1.7166,0.5279,2.2753
1.7168,0.5652,2.4338
1.7170,0.6142,2.6458
1.7172,0.6237,2.6908
1.7174,0.5289,2.2795
1.7176,0.5172,2.2283
1.7178,0.5232,2.2552
1.7180,0.5021,2.1642
1.7182,0.5278,2.2727
1.7184,0.5957,2.5626
1.7186,0.6992,3.0079
1.7188,0.6869,2.9539
1.7190,0.6696,2.8844
1.7192,0.5995,2.5839
1.7194,0.5717,2.4617
1.7196,0.5621,2.4193
1.7198,0.5862,2.5242
1.7200,0.6083,2.6192
1.7202,0.6038,2.6001
1.7204,0.591,2.5449
1.7206,0.6056,2.6054
1.7208,0.6714,2.8882
1.7210,0.6182,2.6633
1.7212,0.5375,2.3156
1.7214,0.5748,2.4774
1.7216,0.5375,2.3167
1.7218,0.5121,2.2061
1.7220,0.529,2.28
1.7222,0.5571,2.4032
1.7224,0.5107,2.2019
1.7226,0.5294,2.2794
1.7228,0.553,2.3834
1.7230,0.4916,2.1207
1.7232,0.4856,2.0939
1.7234,0.4875,2.1012
1.7236,0.4868,2.1
1.7238,0.4888,2.1068
1.7240,0.5268,2.2707
1.7242,0.4835,2.086
1.7244,0.4808,2.0741
1.7246,0.5001,2.1564
1.7248,0.5075,2.1844
1.7250,0.5621,2.4227
1.7252,0.4869,2.1005
1.7254,0.4713,2.0342
1.7256,0.4969,2.1415
1.7258,0.5435,2.3393
1.7260,0.6169,2.6515
1.7262,0.6499,2.7984
1.7264,0.6002,2.5822
1.7266,0.6192,2.66
1.7268,0.6799,2.9207
1.7270,0.7156,3.0757
1.7272,0.7428,3.1942
1.7274,0.7079,3.0413
1.7276,0.7487,3.212
1.7278,0.754,3.2406
1.7280,0.7007,3.009
1.7282,0.7697,3.3066
1.7284,0.7835,3.3659
1.7286,0.7948,3.4143
1.7288,0.7919,3.3972
1.7290,0.8491,3.6443
1.7292,0.8638,3.7007
1.7294,0.9456,4.0454
1.7296,1.0181,4.3594
1.7298,1.0115,4.3291
1.7300,1.0321,4.4133
1.7302,1.0285,4.4082
1.7304,1.004,4.3033
1.7306,1.0092,4.3214
1.7308,0.9699,4.1549
1.7310,0.9854,4.2236
1.7312,0.9845,4.2156
1.7314,0.9994,4.2793
1.7316,0.9908,4.2468
1.7318,1.0081,4.3228
1.7320,0.9326,4.0007
1.7322,0.8417,3.6191
1.7324,0.8111,3.4844
1.7326,0.8466,3.6335
1.7328,0.8671,3.7146
1.7330,0.9132,3.9251
1.7332,0.8361,3.5904
1.7334,0.8805,3.7774
1.7336,0.8457,3.6366
1.7338,0.7537,3.2411
1.7340,0.7771,3.337
1.7342,0.8132,3.492
1.7344,0.7994,3.436
1.7346,0.7536,3.2406
1.7348,0.7738,3.3257
1.7350,0.8214,3.5254
1.7352,0.884,3.7958
1.7354,0.7927,3.4071
1.7356,0.7969,3.4268
1.7358,0.7353,3.1617
1.7360,0.7023,3.0255
1.7362,0.6484,2.7909
1.7364,0.7286,3.1328
1.7366,0.7519,3.2304
1.7368,0.7528,3.2415
1.7370,0.7003,3.0125
1.7372,0.7006,3.0169
1.7374,0.6342,2.7308
1.7376,0.6534,2.8121
1.7378,0.6763,2.912
1.7380,0.668,2.8777
1.7382,0.6859,2.9492
1.7384,0.7426,3.1946
1.7386,0.7362,3.1717
1.7388,0.6968,2.9975
1.7390,0.6851,2.9502
1.7392,0.6028,2.5967
1.7394,0.6176,2.662
1.7396,0.61,2.6252
1.7398,0.6409,2.7635
1.7400,0.5856,2.5263
1.7402,0.5643,2.4297
1.7404,0.6116,2.6374
1.7406,0.5954,2.5664
1.7408,0.6029,2.596
1.7410,0.607,2.6123
1.7412,0.6464,2.7873
1.7414,0.608,2.6231
1.7416,0.5427,2.3378
1.7418,0.6408,2.7553
1.7420,0.6986,3.0109
1.7422,0.5497,2.3716
1.7424,0.5163,2.2273
1.7426,0.5172,2.2314
1.7428,0.5253,2.265
1.7430,0.5131,2.2133
1.7432,0.5086,2.1952
1.7434,0.5119,2.2071
1.7436,0.5186,2.2361
1.7438,0.5264,2.2697
1.7440,0.512,2.2086
1.7442,0.511,2.2035
1.7444,0.5128,2.2092
1.7446,0.5198,2.2402
1.7448,0.5291,2.2837
1.7450,0.5616,2.4172
1.7452,0.6856,2.9468
1.7454,0.6946,2.991
1.7456,0.6525,2.8059
1.7458,0.6985,2.9978
1.7460,0.7636,3.2834
1.7462,0.7148,3.0735
1.7464,0.7281,3.1293
1.7466,0.7539,3.2401
1.7468,0.7727,3.321
1.7470,0.7665,3.2958
1.7472,0.7674,3.2953
1.7474,0.8099,3.4776
1.7476,0.8222,3.529
1.7478,0.8205,3.53
1.7480,0.7913,3.4009
1.7482,0.8035,3.4487
1.7484,0.8268,3.5502
1.7486,0.8588,3.6791
1.7488,0.9206,3.9474
1.7490,0.97,4.1554
1.7492,0.9966,4.2694
1.7494,0.9802,4.2069
1.7496,0.9212,3.9555
1.7498,0.8998,3.8656
1.7500,0.7919,3.4098
1.7502,0.668,2.8777
1.7504,0.6408,2.7579
1.7506,0.6514,2.8038
1.7508,0.6315,2.7207
1.7510,0.636,2.7398
1.7512,0.6815,2.9361
1.7514,0.5876,2.5328
1.7516,0.5563,2.3945
1.7518,0.7125,3.0594
1.7520,0.7925,3.4029
1.7522,0.7738,3.3288
1.7524,0.7114,3.0605
1.7526,0.6998,3.0132
1.7528,0.6393,2.7517
1.7530,0.6293,2.7134
1.7532,0.5914,2.55
1.7534,0.6034,2.5981
1.7536,0.6215,2.676
1.7538,0.5989,2.5813
1.7540,0.594,2.5578
1.7542,0.6567,2.8265
1.7544,0.6484,2.7961
1.7546,0.6249,2.6935
1.7548,0.6094,2.6275
1.7550,0.5477,2.3573
1.7552,0.6619,2.8501
1.7554,0.6115,2.6381
1.7556,0.5501,2.3721
1.7558,0.5294,2.2837
1.7560,0.4957,2.1383
1.7562,0.4929,2.1254
1.7564,0.496,2.1418
1.7566,0.4933,2.1279
1.7568,0.4922,2.1223
1.7570,0.4941,2.1325
1.7572,0.4954,2.1333
1.7574,0.583,2.5138
1.7576,0.5172,2.2283
1.7578,0.5465,2.3587
1.7580,0.4933,2.1279
1.7582,0.4879,2.1037
1.7584,0.4871,2.0996
1.7586,0.532,2.2929
1.7588,0.5751,2.4773
1.7590,0.5803,2.4989
1.7592,0.5693,2.4514
1.7594,0.5772,2.4878
1.7596,0.5523,2.3836
1.7598,0.4984,2.1502
1.7600,0.505,2.1766
1.7602,0.5093,2.1952
1.7604,0.5477,2.3595
1.7606,0.6302,2.7112
1.7608,0.6157,2.6488
1.7610,0.6877,2.9583
1.7612,0.6796,2.9292
1.7614,0.614,2.6452
1.7616,0.6626,2.8492
1.7618,0.7112,3.0523
1.7620,0.746,3.2091
1.7622,0.7123,3.0598
1.7624,0.7672,3.2927
1.7626,0.782,3.3597
1.7628,0.8233,3.5386
1.7630,0.8273,3.5506
1.7632,0.8866,3.8036
1.7634,0.8787,3.7714
1.7636,0.8508,3.6532
1.7638,0.8761,3.7548
1.7640,0.9767,4.1802
1.7642,0.9803,4.1996
1.7644,0.9814,4.2101
1.7646,0.9833,4.2124
1.7648,1.0026,4.2951
1.7650,0.994,4.2601
1.7652,0.9426,4.0477
1.7654,0.8798,3.769
1.7656,1.0314,4.4122
1.7658,1.0684,4.5644
1.7660,1.0892,4.6639
1.7662,1.0351,4.4344
1.7664,1.049,4.4981
1.7666,0.9882,4.2394
1.7668,0.8959,3.8414
1.7670,0.9013,3.8664
1.7672,0.8991,3.8571
1.7674,0.937,4.0197
1.7676,0.8939,3.8404
1.7678,0.8652,3.7202
1.7680,0.7648,3.2916
1.7682,0.6419,2.7664
1.7684,0.6095,2.6232
1.7686,0.6722,2.8945
1.7688,0.679,2.9239
1.7690,0.6374,2.7473
1.7692,0.5996,2.5844
1.7694,0.6441,2.7736
1.7696,0.6884,2.9587
1.7698,0.6859,2.9492
1.7700,0.7227,3.1075
1.7702,0.7547,3.2437
1.7704,0.7882,3.3907
1.7706,0.7179,3.0898
1.7708,0.7146,3.0687
1.7710,0.8168,3.5124
1.7712,0.719,3.0959
1.7714,0.7245,3.1167
1.7716,0.6684,2.8779
1.7718,0.5866,2.5293
1.7720,0.5716,2.4646
1.7722,0.5857,2.5257
1.7724,0.617,2.6569
1.7726,0.6326,2.7266
1.7728,0.6278,2.7047
1.7730,0.6257,2.6979
1.7732,0.5538,2.3892
1.7734,0.4989,2.1503
1.7736,0.5394,2.326
1.7738,0.5816,2.5069
1.7740,0.6092,2.6246
1.7742,0.6832,2.9406
1.7744,0.6435,2.7736
1.7746,0.5898,2.5432
1.7748,0.5844,2.5176
1.7750,0.5798,2.4968
1.7752,0.621,2.6777
1.7754,0.5189,2.2387
1.7756,0.5049,2.1811
1.7758,0.5036,2.1744
1.7760,0.4814,2.0796
1.7762,0.4056,1.7522
1.7764,0.399,1.7253
1.7766,0.4015,1.733
1.7768,0.4515,1.9479
1.7770,0.4483,1.9357
1.7772,0.4439,1.9174
1.7774,0.4471,1.9296
1.7776,0.4459,1.9254
1.7778,0.4552,1.9639
1.7780,0.5077,2.188
1.7782,0.5656,2.4343
1.7784,0.63,2.7127
1.7786,0.6314,2.7189
1.7788,0.586,2.5243
1.7790,0.6072,2.6158
1.7792,0.6197,2.6658
1.7794,0.6619,2.8501
1.7796,0.649,2.7948
1.7798,0.6621,2.8511
1.7800,0.6062,2.6104
1.7802,0.6357,2.7349
1.7804,0.7077,3.0402
1.7806,0.7516,3.2288
1.7808,0.8225,3.5366
1.7810,0.7157,3.0791
1.7812,0.6963,2.9941
1.7814,0.6729,2.8962
1.7816,0.6903,2.9683
1.7818,0.774,3.3314
1.7820,0.5899,2.5426
1.7822,0.5398,2.3276
1.7824,0.5369,2.3173
1.7826,0.5333,2.2986
1.7828,0.5434,2.3398
1.7830,0.5948,2.5638
1.7832,0.5446,2.3483
1.7834,0.5327,2.2971
1.7836,0.5286,2.2774
1.7838,0.5302,2.2862
1.7840,0.5458,2.3513
1.7842,0.5539,2.3886
1.7844,0.4977,2.1471
1.7846,0.5495,2.3662
1.7848,0.597,2.5743
1.7850,0.4783,2.0633
1.7852,0.4893,2.1099
1.7854,0.5398,2.3244
1.7856,0.6077,2.613
1.7858,0.651,2.8018
1.7860,0.6604,2.8425
1.7862,0.6668,2.8712
1.7864,0.5959,2.566
1.7866,0.6058,2.6084
1.7868,0.6293,2.7071
1.7870,0.6493,2.7945
1.7872,0.6211,2.6708
1.7874,0.6192,2.6699
1.7876,0.565,2.4339
1.7878,0.6038,2.5977
1.7880,0.6413,2.76
1.7882,0.617,2.6557
1.7884,0.6733,2.8897
1.7886,0.7469,3.2117
1.7888,0.6916,2.9698
1.7890,0.7619,3.2731
1.7892,0.7765,3.3422
1.7894,0.6561,2.8253
1.7896,0.603,2.5953
1.7898,0.6065,2.6115
1.7900,0.6091,2.6241
1.7902,0.5778,2.4892
1.7904,0.5302,2.2852
1.7906,0.5247,2.2624
1.7908,0.4979,2.1481
1.7910,0.494,2.132
1.7912,0.494,2.131
1.7914,0.4955,2.1358
1.7916,0.4948,2.1337
1.7918,0.4933,2.126
1.7920,0.4921,2.1218
1.7922,0.4804,2.0726
1.7924,0.4798,2.071
1.7926,0.4805,2.0721
1.7928,0.4753,2.0503
1.7930,0.4924,2.1223
1.7932,0.5433,2.3404
1.7934,0.5462,2.3539
1.7936,0.4931,2.1274
1.7938,0.4876,2.1017
1.7940,0.5119,2.204
1.7942,0.5554,2.3915
1.7944,0.6159,2.6523
1.7946,0.5838,2.5139
1.7948,0.5917,2.5432
1.7950,0.6842,2.9379
1.7952,0.7567,3.2495
1.7954,0.79,3.3953
1.7956,0.7305,3.1367
1.7958,0.7674,3.2938
1.7960,0.7948,3.4095
1.7962,0.8649,3.7053
1.7964,0.9598,4.1136
1.7966,0.986,4.2222
1.7968,0.9383,4.0197
1.7970,0.8971,3.8448
1.7972,0.9044,3.8798
1.7974,0.8932,3.8301
1.7976,0.8889,3.817
1.7978,0.8592,3.6858
1.7980,0.8767,3.7609
1.7982,0.911,3.9026
1.7984,0.9629,4.1251
1.7986,0.9979,4.2731
1.7988,1.0195,4.3655
1.7990,1.0766,4.6057
1.7992,1.0977,4.7003
1.7994,1.0579,4.5235
1.7996,1.1089,4.7437
1.7998,1.0776,4.6184
1.8000,0.9417,4.0379
1.8002,0.8801,3.7741
1.8004,0.9198,3.9461
1.8006,0.9214,3.962
1.8008,0.8333,3.578
1.8010,0.8706,3.7382
1.8012,0.8136,3.4936
1.8014,0.7735,3.3293
1.8016,0.7135,3.065
1.8018,0.8117,3.4837
1.8020,0.8201,3.5214
1.8022,0.816,3.512
1.8024,0.7489,3.2235
1.8026,0.722,3.1059
1.8028,0.701,3.017
1.8030,0.655,2.8219
1.8032,0.6302,2.7137
1.8034,0.6639,2.8549
1.8036,0.6787,2.921
1.8038,0.7262,3.1239
1.8040,0.7034,3.0259
1.8042,0.7025,3.0223
1.8044,0.6555,2.824
1.8046,0.6235,2.6873
1.8048,0.5809,2.5026
1.8050,0.62,2.6649
1.8052,0.7164,3.085
1.8054,0.6795,2.926
1.8056,0.6732,2.8959
1.8058,0.6685,2.8731
1.8060,0.7126,3.0642
1.8062,0.6926,2.9823
1.8064,0.6687,2.8768
1.8066,0.6896,2.9666
1.8068,0.7372,3.167
1.8070,0.8201,3.5263
1.8072,0.7085,3.0481
1.8074,0.7103,3.0544
1.8076,0.7543,3.2422
1.8078,0.8144,3.4955
1.8080,0.8246,3.5459
1.8082,0.6742,2.9019
1.8084,0.7007,3.0118
1.8086,0.7005,3.0163
1.8088,0.6399,2.7594
1.8090,0.5854,2.5229
1.8092,0.6339,2.7272
1.8094,0.6427,2.7687
1.8096,0.5723,2.47
1.8098,0.4894,2.1114
1.8100,0.5146,2.219
1.8102,0.536,2.3121
1.8104,0.5398,2.3265
1.8106,0.5442,2.3467
1.8108,0.5438,2.3457
1.8110,0.5453,2.3525
1.8112,0.5421,2.3363
1.8114,0.5881,2.5301
1.8116,0.6423,2.7633
1.8118,0.6468,2.785
1.8120,0.6428,2.7692
1.8122,0.6389,2.7496
1.8124,0.6462,2.7824
1.8126,0.6284,2.706
1.8128,0.636,2.7385
1.8130,0.6772,2.9107
1.8132,0.788,3.3902
1.8134,0.7374,3.171
1.8136,0.7204,3.0992
1.8138,0.6733,2.9005
1.8140,0.648,2.7902
1.8142,0.6572,2.8299
1.8144,0.6143,2.6426
1.8146,0.612,2.6352
1.8148,0.6122,2.6363
1.8150,0.6275,2.6981
1.8152,0.727,3.1247
1.8154,0.781,3.3582
1.8156,0.7301,3.1439
1.8158,0.6294,2.7101
1.8160,0.6146,2.6466
1.8162,0.6143,2.6463
1.8164,0.6197,2.6683
1.8166,0.6223,2.6784
1.8168,0.6183,2.6638
1.8170,0.6158,2.6518
1.8172,0.6522,2.8121
1.8174,0.5556,2.3936
1.8176,0.5706,2.4582
1.8178,0.6054,2.6093
1.8180,0.5505,2.3714
1.8182,0.5451,2.3471
1.8184,0.6246,2.6895
1.8186,0.6399,2.7568
1.8188,0.6884,2.9587
1.8190,0.7558,3.2484
1.8192,0.741,3.1835
1.8194,0.7669,3.3009
1.8196,0.6167,2.6566
1.8198,0.5524,2.3808
1.8200,0.5488,2.3664
1.8202,0.5471,2.3602
1.8204,0.5633,2.4267
1.8206,0.6307,2.7158
1.8208,0.6251,2.6903
1.8210,0.657,2.8276
1.8212,0.6458,2.7822
1.8214,0.5946,2.5604
1.8216,0.5958,2.5631
1.8218,0.6688,2.8827
1.8220,0.6267,2.6975
1.8222,0.6667,2.868
1.8224,0.6815,2.9307
1.8226,0.7187,3.0877
1.8228,0.7966,3.4204
1.8230,0.7602,3.272
1.8232,0.6185,2.6631
1.8234,0.597,2.5695
1.8236,0.6071,2.6201
1.8238,0.5035,2.1729
1.8240,0.5168,2.2273
1.8242,0.5391,2.3223
1.8244,0.5117,2.2066
1.8246,0.5,2.1559
1.8248,0.4933,2.1279
1.8250,0.4865,2.1009
1.8252,0.4717,2.0348
1.8254,0.4759,2.052
1.8256,0.4954,2.1363
1.8258,0.5415,2.3327
1.8260,0.5977,2.5726
1.8262,0.6372,2.7437
1.8264,0.6011,2.587
1.8266,0.6094,2.6239
1.8268,0.6132,2.6404
1.8270,0.6415,2.7597
1.8272,0.6225,2.6794
1.8274,0.5767,2.4823
1.8276,0.5963,2.5652
1.8278,0.6345,2.731
1.8280,0.603,2.5929
1.8282,0.712,3.056
1.8284,0.7866,3.3793
1.8286,0.7961,3.4216
1.8288,0.7716,3.3133
1.8290,0.794,3.408
1.8292,0.824,3.5449
1.8294,0.7023,3.0199
1.8296,0.7204,3.092
1.8298,0.818,3.5126
1.8300,0.8697,3.7311
1.8302,0.915,3.9201
1.8304,0.9581,4.1026
1.8306,0.996,4.2669
1.8308,1.0002,4.2868
1.8310,0.9731,4.1648
1.8312,0.9792,4.193
1.8314,0.9977,4.2761
1.8316,0.9826,4.2152
1.8318,0.9841,4.214
1.8320,1.0014,4.29
1.8322,1.0425,4.46
1.8324,1.0811,4.623
1.8326,1.0646,4.5501
1.8328,1.1291,4.8304
1.8330,1.1482,4.9097
1.8332,1.1169,4.7847
1.8334,0.9929,4.2575
1.8336,0.9687,4.1575
1.8338,0.9182,3.9408
1.8340,0.8966,3.8499
1.8342,0.8145,3.5009
1.8344,0.7918,3.4046
1.8346,0.7961,3.4263
1.8348,0.7248,3.1212
1.8350,0.7053,3.0314
1.8352,0.7638,3.2829
1.8354,0.7517,3.2323
1.8356,0.7317,3.1535
1.8358,0.6283,2.708
1.8360,0.6168,2.6571
1.8362,0.6245,2.6927
1.8364,0.5669,2.4456
1.8366,0.5567,2.4016
1.8368,0.5761,2.482
1.8370,0.5724,2.4683
1.8372,0.5754,2.48
1.8374,0.5538,2.387
1.8376,0.5652,2.435
1.8378,0.5921,2.5531
1.8380,0.5884,2.5394
1.8382,0.5294,2.2826
1.8384,0.5747,2.4746
1.8386,0.6764,2.9112
1.8388,0.6574,2.8349
1.8390,0.5805,2.5017
1.8392,0.5909,2.5455
1.8394,0.6197,2.6683
1.8396,0.6645,2.8627
1.8398,0.6673,2.8733
1.8400,0.5868,2.5303
1.8402,0.5721,2.4656
1.8404,0.5942,2.5576
1.8406,0.6488,2.7938
1.8408,0.6151,2.6511
1.8410,0.587,2.5313
1.8412,0.6054,2.6129
1.8414,0.5375,2.3188
1.8416,0.545,2.3455
1.8418,0.6786,2.9218
1.8420,0.6414,2.763
1.8422,0.5976,2.5757
1.8424,0.5193,2.2381
1.8426,0.5132,2.2138
1.8428,0.5026,2.1693
1.8430,0.4973,2.1455
1.8432,0.4994,2.1543
1.8434,0.4973,2.1435
1.8436,0.5689,2.4544
1.8438,0.4805,2.075
1.8440,0.415,1.7926
1.8442,0.4381,1.8926
1.8444,0.4226,1.8232
1.8446,0.5268,2.2675
1.8448,0.6463,2.7803
1.8450,0.6807,2.9298
1.8452,0.6325,2.7248
1.8454,0.5822,2.5083
1.8456,0.5765,2.4835
1.8458,0.6306,2.7128
1.8460,0.6464,2.7821
1.8462,0.6398,2.7538
1.8464,0.6646,2.8619
1.8466,0.7105,3.0521
1.8468,0.8033,3.4477
1.8470,0.845,3.6285
1.8472,0.8349,3.5802
1.8474,0.8991,3.8607
1.8476,0.7638,3.2905
1.8478,0.6391,2.7519
1.8480,0.6263,2.6967
1.8482,0.6378,2.7424
1.8484,0.7304,3.1376
1.8486,0.7522,3.2359
1.8488,0.6664,2.8683
1.8490,0.6662,2.8673
1.8492,0.7184,3.0847
1.8494,0.7759,3.3319
1.8496,0.7599,3.2689
1.8498,0.6823,2.9392
1.8500,0.6379,2.7468
1.8502,0.6005,2.5893
1.8504,0.5436,2.3431
1.8506,0.5929,2.5567
1.8508,0.4675,2.0186
1.8510,0.4633,2.0004
1.8512,0.4676,2.0163
1.8514,0.5017,2.1621
1.8516,0.5484,2.3648
1.8518,0.5271,2.2707
1.8520,0.5664,2.4401
1.8522,0.613,2.6406
1.8524,0.6023,2.5934
1.8526,0.5916,2.5498
1.8528,0.5183,2.235
1.8530,0.4797,2.0714
1.8532,0.471,2.0308
1.8534,0.4686,2.0214
1.8536,0.4675,2.0167
1.8538,0.473,2.0396
1.8540,0.4668,2.0136
1.8542,0.4738,2.0451
1.8544,0.474,2.0437
1.8546,0.5244,2.2625
1.8548,0.4972,2.145
1.8550,0.5225,2.25
1.8552,0.6007,2.5855
1.8554,0.6008,2.5836
1.8556,0.6007,2.5867
1.8558,0.589,2.5361
1.8560,0.5944,2.5605
1.8562,0.6101,2.627
1.8564,0.6001,2.5829
1.8566,0.5918,2.5485
1.8568,0.6411,2.7582
1.8570,0.6634,2.8554
1.8572,0.6169,2.6552
1.8574,0.6012,2.59
1.8576,0.5839,2.5132
1.8578,0.589,2.536
1.8580,0.6288,2.705
1.8582,0.637,2.7444
1.8584,0.5098,2.1983
1.8586,0.4873,2.102
1.8588,0.4817,2.0753
1.8590,0.519,2.2329
1.8592,0.6304,2.7071
1.8594,0.7193,3.0959
1.8596,0.6273,2.705
1.8598,0.5111,2.2029
1.8600,0.5021,2.1642
1.8602,0.5184,2.2334
1.8604,0.5579,2.4001
1.8606,0.6372,2.7385
1.8608,0.739,3.1761
1.8610,0.7905,3.393
1.8612,0.7997,3.4322
1.8614,0.8061,3.4583
1.8616,0.8413,3.6158
1.8618,0.7299,3.134
1.8620,0.7722,3.3112
1.8622,0.8444,3.6191
1.8624,0.8821,3.7822
1.8626,0.8717,3.7415
1.8628,0.8725,3.7394
1.8630,0.966,4.1403
1.8632,0.9688,4.1482
1.8634,0.9635,4.1179
1.8636,1.0174,4.3587
1.8638,0.978,4.1917
1.8640,0.9702,4.1524
1.8642,1.0112,4.3401
1.8644,0.9101,3.9026
1.8646,0.9311,3.9907
1.8648,0.9577,4.1067
1.8650,0.8637,3.7105
1.8652,0.8329,3.5731
1.8654,0.8891,3.8108
1.8656,0.9076,3.8918
1.8658,0.8981,3.8583
1.8660,0.8593,3.6845
1.8662,0.9003,3.8658
1.8664,0.8479,3.6408
1.8666,0.8361,3.5903
1.8668,0.8174,3.5132
1.8670,0.7476,3.2207
1.8672,0.6626,2.8505
1.8674,0.7459,3.209
1.8676,0.7819,3.3591
1.8678,0.8199,3.5241
1.8680,0.7583,3.2561
1.8682,0.8095,3.4792
1.8684,0.831,3.5682
1.8686,0.8149,3.5024
1.8688,0.818,3.5125
1.8690,0.8053,3.4628
1.8692,0.7564,3.2539
1.8694,0.7211,3.1037
1.8696,0.7065,3.035
1.8698,0.758,3.2626
1.8700,0.7356,3.1646
1.8702,0.747,3.2152
1.8704,0.7318,3.1481
1.8706,0.7521,3.2338
1.8708,0.7655,3.2931
1.8710,0.7708,3.3127
1.8712,0.7897,3.3926
1.8714,0.8478,3.6386
1.8716,0.8787,3.7696
1.8718,0.8751,3.7594
1.8720,0.8792,3.7769
1.8722,0.878,3.7735
1.8724,0.7626,3.2823
1.8726,0.679,2.9266
1.8728,0.5985,2.5762
1.8730,0.6406,2.7599
1.8732,0.5938,2.5603
1.8734,0.5674,2.4476
1.8736,0.6031,2.5982
1.8738,0.665,2.8621
1.8740,0.6758,2.9072
1.8742,0.6751,2.9082
1.8744,0.7076,3.0439
1.8746,0.7257,3.1247
1.8748,0.606,2.6142
1.8750,0.5869,2.532
1.8752,0.5714,2.4675
1.8754,0.4877,2.1041
1.8756,0.4755,2.0532
1.8758,0.4765,2.0574
1.8760,0.4997,2.1558
1.8762,0.5076,2.189
1.8764,0.5038,2.1754
1.8766,0.5062,2.1838
1.8768,0.5062,2.1828
1.8770,0.5048,2.1786
1.8772,0.5243,2.2608
1.8774,0.5882,2.5318
1.8776,0.6078,2.6171
1.8778,0.6149,2.6476
1.8780,0.6126,2.639
1.8782,0.6162,2.6533
1.8784,0.62,2.6723
1.8786,0.6177,2.6624
1.8788,0.6186,2.6648
1.8790,0.6386,2.7473
1.8792,0.6812,2.9277
1.8794,0.7266,3.1201
1.8796,0.767,3.2952
1.8798,0.7991,3.4344
1.8800,0.7086,3.0514
1.8802,0.6078,2.6183
1.8804,0.5997,2.5861
1.8806,0.6247,2.6874
1.8808,0.6754,2.9043
1.8810,0.7205,3.0982
1.8812,0.7548,3.2442
1.8814,0.7602,3.2658
1.8816,0.7182,3.0927
1.8818,0.6231,2.6857
1.8820,0.6098,2.6283
1.8822,0.6037,2.6008
1.8824,0.6038,2.6013
1.8826,0.6026,2.5973
1.8828,0.6117,2.6317
1.8830,0.6607,2.8462
1.8832,0.5896,2.541
1.8834,0.6369,2.74
1.8836,0.6033,2.6028
1.8838,0.5186,2.2371
1.8840,0.5411,2.3322
1.8842,0.5328,2.2944
1.8844,0.6053,2.6063
1.8846,0.5997,2.5837
1.8848,0.6019,2.5882
1.8850,0.6982,3.0023
1.8852,0.7775,3.3416
1.8854,0.7329,3.1542
1.8856,0.641,2.7589
1.8858,0.6843,2.9411
1.8860,0.7715,3.3158
1.8862,0.7656,3.2906
1.8864,0.7365,3.1638
1.8866,0.775,3.3277
1.8868,0.8039,3.4534
1.8870,0.732,3.1506
1.8872,0.6953,2.9913
1.8874,0.6698,2.8854
1.8876,0.6032,2.5939
1.8878,0.6983,3
1.8880,0.7878,3.3828
1.8882,0.8103,3.4844
1.8884,0.7841,3.3699
1.8886,0.7811,3.3555
1.8888,0.7573,3.2641
1.8890,0.6175,2.6614
1.8892,0.6066,2.6119
1.8894,0.645,2.7733
1.8896,0.73,3.1316
1.8898,0.792,3.4024
1.8900,0.7463,3.2106
1.8902,0.6964,2.9987
1.8904,0.6204,2.6763
1.8906,0.5098,2.1993
1.8908,0.4833,2.085
1.8910,0.4795,2.0674
1.8912,0.4835,2.085
1.8914,0.4799,2.0705
1.8916,0.4862,2.0974
1.8918,0.499,2.1527
1.8920,0.4976,2.1465
1.8922,0.4916,2.1207
1.8924,0.4901,2.1154
1.8926,0.4919,2.1222
1.8928,0.4954,2.1362
1.8930,0.5049,2.174
1.8932,0.5565,2.3961
1.8934,0.5509,2.3745
1.8936,0.5501,2.3698
1.8938,0.5812,2.5001
1.8940,0.6613,2.8461
1.8942,0.7204,3.0948
1.8944,0.7768,3.3385
1.8946,0.7302,3.1341
1.8948,0.7751,3.3297
1.8950,0.8138,3.4929
1.8952,0.8166,3.5064
1.8954,0.7766,3.3395
1.8956,0.7529,3.2344
1.8958,0.7882,3.3812
1.8960,0.8491,3.6408
1.8962,0.8848,3.7958
1.8964,0.8833,3.7927
1.8966,0.8853,3.7979
1.8968,0.9245,3.9643
1.8970,0.898,3.8542
1.8972,0.8815,3.7744
1.8974,0.9602,4.1214
1.8976,0.8662,3.7196
1.8978,0.8371,3.5927
1.8980,0.8741,3.7483
1.8982,0.9548,4.0925
1.8984,0.9691,4.1556
1.8986,0.8956,3.8457
1.8988,0.8696,3.734
1.8990,0.884,3.794
1.8992,0.8843,3.792
1.8994,0.9243,3.9596
1.8996,0.9822,4.2097
1.8998,1.0022,4.2955
1.9000,0.9583,4.1189
1.9002,0.8119,3.4879
1.9004,0.8353,3.5867
1.9006,0.8476,3.638
1.9008,0.8695,3.7317
1.9010,0.8461,3.6297
1.9012,0.8212,3.5297
1.9014,0.7877,3.3854
1.9016,0.7995,3.4412
1.9018,0.7443,3.2003
1.9020,0.7492,3.2259
1.9022,0.6511,2.8048
1.9024,0.5981,2.5777
1.9026,0.5292,2.2799
1.9028,0.6019,2.5966
1.9030,0.5971,2.5735
1.9032,0.5689,2.4543
1.9034,0.5229,2.2557
1.9036,0.51,2.2024
1.9038,0.4825,2.0833
1.9040,0.499,2.1517
1.9042,0.5276,2.2759
1.9044,0.4814,2.0767
1.9046,0.5341,2.3032
1.9048,0.5801,2.5025
1.9050,0.5578,2.404
1.9052,0.5915,2.5492
1.9054,0.5922,2.5523
1.9056,0.5988,2.5772
1.9058,0.6165,2.6573
1.9060,0.5386,2.3191
1.9062,0.6053,2.6051
1.9064,0.6901,2.9727
1.9066,0.6465,2.7852
1.9068,0.667,2.8749
1.9070,0.6272,2.702
1.9072,0.5843,2.5194
1.9074,0.5708,2.4603
1.9076,0.5798,2.4979
1.9078,0.6065,2.6102
1.9080,0.6579,2.8356
1.9082,0.6008,2.5908
1.9084,0.5648,2.4368
1.9086,0.4912,2.1191
1.9088,0.4889,2.1112
1.9090,0.4984,2.1501
1.9092,0.4995,2.1528
1.9094,0.5321,2.2945
1.9096,0.5399,2.327
1.9098,0.5969,2.5713
1.9100,0.5338,2.306
1.9102,0.4549,1.9642
1.9104,0.4935,2.127
1.9106,0.5458,2.3523
1.9108,0.5609,2.4163
1.9110,0.5983,2.5751
1.9112,0.6217,2.677
1.9114,0.5577,2.4046
1.9116,0.5561,2.3979
1.9118,0.5565,2.3972
1.9120,0.5664,2.4412
1.9122,0.5816,2.5045
1.9124,0.635,2.728
1.9126,0.6966,2.997
1.9128,0.6856,2.9468
1.9130,0.7004,3.0116
1.9132,0.6488,2.7963
1.9134,0.6047,2.6061
1.9136,0.562,2.4221
1.9138,0.5394,2.3249
1.9140,0.5331,2.2975
1.9142,0.5325,2.2917
1.9144,0.5963,2.5651
1.9146,0.6085,2.6214
1.9148,0.5646,2.4335
1.9150,0.5452,2.3497
1.9152,0.5294,2.2804
1.9154,0.5267,2.2733
1.9156,0.5258,2.266
1.9158,0.5319,2.2913
1.9160,0.5313,2.2898
1.9162,0.529,2.281
1.9164,0.5297,2.2831
1.9166,0.5232,2.2572
1.9168,0.5074,2.1879
1.9170,0.5657,2.437
1.9172,0.5284,2.2774
1.9174,0.465,2.0058
1.9176,0.462,1.9938
1.9178,0.4636,1.9992
1.9180,0.4693,2.0235
1.9182,0.5207,2.2453
1.9184,0.5676,2.4453
1.9186,0.6032,2.5975
1.9188,0.5964,2.5681
1.9190,0.5713,2.4624
1.9192,0.5658,2.4364
1.9194,0.5585,2.4049
1.9196,0.5915,2.5469
1.9198,0.581,2.502
1.9200,0.5482,2.3605
1.9202,0.5216,2.25
1.9204,0.4727,2.0404
1.9206,0.4639,2.0002
1.9208,0.5036,2.1663
1.9210,0.5882,2.5271
1.9212,0.6686,2.8736
1.9214,0.6802,2.9277
1.9216,0.612,2.634
1.9218,0.6381,2.7478
1.9220,0.6298,2.7109
1.9222,0.6012,2.5839
1.9224,0.6249,2.6885
1.9226,0.6003,2.5839
1.9228,0.6175,2.6552
1.9230,0.6755,2.9062
1.9232,0.6381,2.7388
1.9234,0.7349,3.1616
1.9236,0.7214,3.1004
1.9238,0.7173,3.0814
1.9240,0.7214,3.0989
1.9242,0.6597,2.8381
1.9244,0.6249,2.6872
1.9246,0.6507,2.802
1.9248,0.5953,2.5646
1.9250,0.6291,2.7053
1.9252,0.7097,3.0504
1.9254,0.7032,3.0239
1.9256,0.7076,3.0425
1.9258,0.7173,3.08
1.9260,0.7387,3.1722
1.9262,0.7354,3.1548
1.9264,0.8027,3.4482
1.9266,0.7746,3.3292
1.9268,0.764,3.2808
1.9270,0.7981,3.4271
1.9272,0.8089,3.4637
1.9274,0.9119,3.9103
1.9276,0.8981,3.8476
1.9278,0.9524,4.0765
1.9280,1.0317,4.4158
1.9282,1.0679,4.5665
1.9284,1.0785,4.6181
1.9286,1.0189,4.3629
1.9288,1.0168,4.3521
1.9290,1.0432,4.4609
1.9292,1.0645,4.5559
1.9294,1.0571,4.5267
1.9296,1.0146,4.3464
1.9298,1.0345,4.4317
1.9300,1.06,4.5326
1.9302,1.1319,4.8376
1.9304,1.1562,4.9462
1.9306,1.137,4.8596
1.9308,1.1524,4.9298
1.9310,1.125,4.8106
1.9312,1.1815,5.0616
1.9314,1.0564,4.5299
1.9316,0.948,4.0613
1.9318,0.9961,4.2633
1.9320,1.0456,4.4711
1.9322,1.0773,4.6086
1.9324,1.1081,4.7449
1.9326,1.1253,4.8139
1.9328,1.0938,4.6904
1.9330,0.9743,4.1816
1.9332,0.956,4.1091
1.9334,0.8841,3.7927
1.9336,0.9298,3.9869
1.9338,0.9082,3.9052
1.9340,0.7811,3.3602
1.9342,0.8088,3.4794
1.9344,0.8505,3.6521
1.9346,0.8841,3.7998
1.9348,0.8003,3.4411
1.9350,0.825,3.5441
1.9352,0.8874,3.8107
1.9354,0.895,3.8414
1.9356,0.891,3.8262
1.9358,0.9147,3.9276
1.9360,0.9216,3.9612
1.9362,0.8318,3.5817
1.9364,0.7469,3.2131
1.9366,0.766,3.2952
1.9368,0.7807,3.3571
1.9370,0.7744,3.3282
1.9372,0.7781,3.3488
1.9374,0.7834,3.3731
1.9376,0.7546,3.2477
1.9378,0.762,3.2736
1.9380,0.8023,3.4499
1.9382,0.8289,3.566
1.9384,0.795,3.4137
1.9386,0.8745,3.7621
1.9388,0.7726,3.3266
1.9390,0.7345,3.1615
1.9392,0.6644,2.8662
1.9394,0.5936,2.5597
1.9396,0.6367,2.7467
1.9398,0.611,2.6311
1.9400,0.6253,2.6975
1.9402,0.6071,2.6189
1.9404,0.5796,2.4992
1.9406,0.5909,2.5443
1.9408,0.6782,2.9189
1.9410,0.7329,3.1542
1.9412,0.7079,3.0483
1.9414,0.6971,3.006
1.9416,0.5857,2.5244
1.9418,0.569,2.456
1.9420,0.5583,2.4083
1.9422,0.57,2.459
1.9424,0.5712,2.463
1.9426,0.589,2.5396
1.9428,0.5983,2.5847
1.9430,0.5222,2.2536
1.9432,0.4957,2.1382
1.9434,0.5144,2.22
1.9436,0.5668,2.445
1.9438,0.6291,2.709
1.9440,0.6836,2.9435
1.9442,0.6695,2.8831
1.9444,0.7187,3.0933
1.9446,0.6887,2.9657
1.9448,0.6574,2.8322
1.9450,0.6769,2.9132
1.9452,0.7125,3.0637
1.9454,0.7353,3.1616
1.9456,0.7741,3.3318
1.9458,0.7539,3.2401
1.9460,0.8137,3.4973
1.9462,0.7586,3.2622
1.9464,0.73,3.1419
1.9466,0.7435,3.1972
1.9468,0.7567,3.2524
1.9470,0.7729,3.3251
1.9472,0.7819,3.3638
1.9474,0.8143,3.4998
1.9476,0.8334,3.5768
1.9478,0.8812,3.7839
1.9480,0.797,3.4288
1.9482,0.7554,3.2452
1.9484,0.7976,3.4282
1.9486,0.8317,3.5779
1.9488,0.7645,3.2905
1.9490,0.7609,3.2766
1.9492,0.6807,2.9311
1.9494,0.6657,2.8692
1.9496,0.6379,2.748
1.9498,0.6896,2.9748
1.9500,0.5996,2.5868
1.9502,0.5615,2.4211
1.9504,0.5565,2.3994
1.9506,0.5562,2.3984
1.9508,0.63,2.7114
1.9510,0.6934,2.9817
1.9512,0.6947,2.9957
1.9514,0.5973,2.571
1.9516,0.6935,2.9849
1.9518,0.689,2.9667
1.9520,0.648,2.7888
1.9522,0.6454,2.7844
1.9524,0.5614,2.4218
1.9526,0.5527,2.3823
1.9528,0.5664,2.4412
1.9530,0.567,2.4461
1.9532,0.5626,2.4258
1.9534,0.5604,2.4154
1.9536,0.5634,2.4294
1.9538,0.5638,2.4321
1.9540,0.5571,2.402
1.9542,0.6091,2.6179
1.9544,0.7547,3.2467
1.9546,0.7127,3.0647
1.9548,0.7345,3.1615
1.9550,0.6783,2.9221
1.9552,0.694,2.9842
1.9554,0.7211,3.1022
1.9556,0.7019,3.0239
1.9558,0.6665,2.8701
1.9560,0.6982,3.0009
1.9562,0.7032,3.0211
1.9564,0.7342,3.1599
1.9566,0.6784,2.9186
1.9568,0.6723,2.8922
1.9570,0.6917,2.9827
1.9572,0.6149,2.6488
1.9574,0.6104,2.6334
1.9576,0.5376,2.3172
1.9578,0.5827,2.5138
1.9580,0.5147,2.2226
1.9582,0.4936,2.1304
1.9584,0.4899,2.1134
1.9586,0.4846,2.0926
1.9588,0.4903,2.1179
1.9590,0.4918,2.1227
1.9592,0.4934,2.1284
1.9594,0.494,2.129
1.9596,0.5445,2.3466
1.9598,0.5973,2.571
1.9600,0.6219,2.6793
1.9602,0.5742,2.4725
1.9604,0.6621,2.8537
1.9606,0.6279,2.7026
1.9608,0.6657,2.8625
1.9610,0.7565,3.2514
1.9612,0.7783,3.3452
1.9614,0.7601,3.2638
1.9616,0.8021,3.4457
1.9618,0.7651,3.2839
1.9620,0.8436,3.6222
1.9622,0.8563,3.6768
1.9624,0.8508,3.6582
1.9626,0.7965,3.422
1.9628,0.8445,3.6179
1.9630,0.972,4.1601
1.9632,0.973,4.1701
1.9634,0.9677,4.1494
1.9636,0.9854,4.2255
1.9638,0.9968,4.2704
1.9640,0.9512,4.0771
1.9642,0.9348,4.0104
1.9644,0.9359,4.0113
1.9646,0.9968,4.2684
1.9648,1.0255,4.3911
1.9650,1.0364,4.4316
1.9652,1.1125,4.7639
1.9654,1.1026,4.7213
1.9656,1.101,4.7124
1.9658,1.0637,4.5634
1.9660,0.9482,4.0699
1.9662,0.9235,3.9602
1.9664,0.9846,4.2199
1.9666,0.9714,4.1673
1.9668,0.9521,4.0845
1.9670,0.9793,4.1973
1.9672,1.0062,4.3165
1.9674,0.9879,4.2383
1.9676,0.8803,3.7868
1.9678,0.7883,3.388
1.9680,0.8253,3.5456
1.9682,0.8384,3.6051
1.9684,0.8029,3.4493
1.9686,0.8566,3.6801
1.9688,0.8106,3.4887
1.9690,0.7524,3.2384
1.9692,0.7348,3.1596
1.9694,0.704,3.0355
1.9696,0.6013,2.5892
1.9698,0.6623,2.8547
1.9700,0.6741,2.904
1.9702,0.6595,2.8423
1.9704,0.6054,2.608
1.9706,0.6282,2.7112
1.9708,0.529,2.2821
1.9710,0.5738,2.4779
1.9712,0.5333,2.3039
1.9714,0.5078,2.1915
1.9716,0.5025,2.1677
1.9718,0.562,2.4243
1.9720,0.5897,2.5427
1.9722,0.5902,2.5447
1.9724,0.6026,2.5985
1.9726,0.5609,2.4219
1.9728,0.4959,2.1422
1.9730,0.4895,2.1119
1.9732,0.5405,2.3328
1.9734,0.5358,2.3137
1.9736,0.4978,2.1476
1.9738,0.4904,2.1184
1.9740,0.4855,2.0952
1.9742,0.494,2.133
1.9744,0.5172,2.2314
1.9746,0.5854,2.5229
1.9748,0.6133,2.6445
1.9750,0.5009,2.165
1.9752,0.4039,1.7465
1.9754,0.3965,1.7128
1.9756,0.3983,1.7197
1.9758,0.4434,1.9144
1.9760,0.4538,1.9604
1.9762,0.4465,1.927
1.9764,0.4474,1.9312
1.9766,0.4482,1.9361
1.9768,0.4645,2.0047
1.9770,0.5327,2.2949
1.9772,0.5578,2.4062
1.9774,0.5511,2.3762
1.9776,0.5439,2.344
1.9778,0.5536,2.3848
1.9780,0.5537,2.3886
1.9782,0.552,2.3814
1.9784,0.5587,2.4081
1.9786,0.5535,2.3843
1.9788,0.5596,2.4118
1.9790,0.5731,2.4667
1.9792,0.6327,2.7195
1.9794,0.6995,3.008
1.9796,0.7387,3.1736
1.9798,0.8049,3.4645
1.9800,0.6165,2.6573
1.9802,0.5549,2.3916
1.9804,0.6213,2.6755
1.9806,0.6583,2.8332
1.9808,0.6138,2.6417
1.9810,0.6803,2.9282
1.9812,0.6422,2.7666
1.9814,0.5466,2.3548
1.9816,0.5926,2.5539
1.9818,0.655,2.8206
1.9820,0.653,2.8131
1.9822,0.6242,2.6866
1.9824,0.6271,2.7002
1.9826,0.624,2.6868
1.9828,0.6823,2.9378
1.9830,0.6084,2.6221
1.9832,0.5343,2.3027
1.9834,0.5658,2.4352
1.9836,0.6137,2.6473
1.9838,0.5105,2.2024
1.9840,0.4876,2.1036
1.9842,0.4718,2.0343
1.9844,0.4658,2.0085
1.9846,0.465,2.0058
1.9848,0.5123,2.2071
1.9850,0.6547,2.8164
1.9852,0.7148,3.0763
1.9854,0.654,2.812
1.9856,0.7007,3.0103
1.9858,0.7103,3.0558
1.9860,0.6298,2.7083
1.9862,0.6433,2.7661
1.9864,0.6609,2.8432
1.9866,0.6071,2.614
1.9868,0.6049,2.6035
1.9870,0.6809,2.9307
1.9872,0.6464,2.7821
1.9874,0.6026,2.5949
1.9876,0.6616,2.845
1.9878,0.7121,3.0607
1.9880,0.719,3.0872
1.9882,0.7762,3.3375
1.9884,0.7541,3.2411
1.9886,0.7759,3.3364
1.9888,0.7082,3.0465
1.9890,0.6815,2.9333
1.9892,0.618,2.6585
1.9894,0.6664,2.867
1.9896,0.6981,3.0032
1.9898,0.7462,3.2086
1.9900,0.7037,3.0288
1.9902,0.6225,2.6869
1.9904,0.5055,2.1807
1.9906,0.4937,2.129
1.9908,0.528,2.2748
1.9910,0.5409,2.3311
1.9912,0.5686,2.4494
1.9914,0.5162,2.2267
1.9916,0.4886,2.1097
1.9918,0.4925,2.1228
1.9920,0.5268,2.2717
1.9922,0.4894,2.1123
1.9924,0.4789,2.0668
1.9926,0.4792,2.0664
1.9928,0.4817,2.0763
1.9930,0.4875,2.1011
1.9932,0.4887,2.1082
1.9934,0.5104,2.1998
1.9936,0.5869,2.5273
1.9938,0.641,2.7563
1.9940,0.6986,3.0038
1.9942,0.6855,2.9463
1.9944,0.7278,3.1297
1.9946,0.7173,3.0771
1.9948,0.7879,3.3849
1.9950,0.7456,3.206
1.9952,0.6854,2.9498
1.9954,0.6893,2.9655
1.9956,0.7465,3.2071
1.9958,0.815,3.498
1.9960,0.807,3.4619
1.9962,0.8492,3.6362
1.9964,0.9463,4.0522
1.9966,0.9702,4.1583
1.9968,0.974,4.1689
1.9970,0.9991,4.2801
1.9972,0.9918,4.2508
1.9974,0.9767,4.1841
1.9976,0.9772,4.19
1.9978,0.9377,4.0246
1.9980,0.8689,3.7274
1.9982,0.9393,4.0275
1.9984,0.9468,4.058
1.9986,0.9384,4.0239
1.9988,0.951,4.076
1.9990,0.9929,4.2574
1.9992,0.8834,3.7932
1.9994,0.8151,3.4986
1.9996,0.8738,3.7555
1.9998,0.8094,3.4819
2.0000,0.7585,3.2602
2.0002,0.7729,3.322
2.0004,0.8024,3.4472
2.0006,0.8252,3.55
2.0008,0.6749,2.9009
2.0010,0.7583,3.2622
2.0012,0.7464,3.2081
2.0014,0.7989,3.4355
2.0016,0.7672,3.2957
2.0018,0.8011,3.4399
2.0020,0.8687,3.7304
2.0022,0.8572,3.6775
2.0024,0.8967,3.8557
2.0026,0.7507,3.2297
2.0028,0.7151,3.0793
2.0030,0.6649,2.8669
2.0032,0.6417,2.7645
2.0034,0.6219,2.6768
2.0036,0.6695,2.8777
2.0038,0.7696,3.3076
2.0040,0.7793,3.3524
2.0042,0.7645,3.2875
2.0044,0.7344,3.1624
2.0046,0.6847,2.9468
2.0048,0.7789,3.3478
2.0050,0.82,3.518
2.0052,0.8972,3.8506
2.0054,0.8786,3.7708
2.0056,0.8478,3.6419
2.0058,0.7218,3.1053
2.0060,0.6592,2.8373
2.0062,0.6796,2.9251
2.0064,0.6831,2.9428
2.0066,0.6813,2.9323
2.0068,0.6848,2.9473
2.0070,0.6859,2.9519
2.0072,0.727,3.1275
2.0074,0.7378,3.1725
2.0076,0.7507,3.2282
2.0078,0.7432,3.1986
2.0080,0.7634,3.2798
2.0082,0.8487,3.6427
2.0084,0.8833,3.7927
2.0086,0.85,3.6534
2.0088,0.8212,3.5297
2.0090,0.8029,3.4541
2.0092,0.6942,2.9894
2.0094,0.7097,3.0561
2.0096,0.7568,3.256
2.0098,0.7688,3.306
2.0100,0.7354,3.1695
2.0102,0.6475,2.7906
2.0104,0.6024,2.5951
2.0106,0.6332,2.7266
2.0108,0.6422,2.7653
2.0110,0.6861,2.9571
2.0112,0.6452,2.7782
2.0114,0.6911,2.9774
2.0116,0.6843,2.9425
2.0118,0.8043,3.4522
2.0120,0.8169,3.5095
2.0122,0.7958,3.4173
2.0124,0.8017,3.4457
2.0126,0.7806,3.3612
2.0128,0.7203,3.1015
2.0130,0.7175,3.0867
2.0132,0.712,3.063
2.0134,0.7206,3.1016
2.0136,0.718,3.0888
2.0138,0.7246,3.1157
2.0140,0.7485,3.2169
2.0142,0.8087,3.4772
2.0144,0.8402,3.6044
2.0146,0.8969,3.8496
2.0148,0.8799,3.7818
2.0150,0.832,3.5728
2.0152,0.8791,3.7729
2.0154,0.8639,3.7132
2.0156,0.7299,3.1428
2.0158,0.7161,3.0834
2.0160,0.686,2.9552
2.0162,0.661,2.8464
2.0164,0.652,2.809
2.0166,0.6616,2.8463
2.0168,0.664,2.858
2.0170,0.6856,2.9509
2.0172,0.7663,3.2906
2.0174,0.8713,3.7394
2.0176,0.8697,3.731
2.0178,0.9189,3.9456
2.0180,0.9246,3.9722
2.0182,0.852,3.6549
2.0184,0.8741,3.7483
2.0186,0.9253,3.9716
2.0188,0.8867,3.8147
2.0190,0.8322,3.5766
2.0192,0.8191,3.5205
2.0194,0.7929,3.4113
2.0196,0.774,3.3344
2.0198,0.739,3.1791
2.0200,0.7545,3.2426
2.0202,0.7868,3.3802
2.0204,0.8012,3.442
2.0206,0.847,3.6439
2.0208,0.8125,3.4905
2.0210,0.83,3.569
2.0212,0.7206,3.1045
2.0214,0.6701,2.8816
2.0216,0.7807,3.3571
2.0218,0.7704,3.3173
2.0220,0.7048,3.0321
2.0222,0.6966,2.9998
2.0224,0.6854,2.9553
2.0226,0.6462,2.7862
2.0228,0.643,2.7715
2.0230,0.6361,2.739
2.0232,0.6956,2.9951
2.0234,0.6646,2.8566
2.0236,0.7377,3.1764
2.0238,0.6462,2.7862
2.0240,0.6249,2.6922
2.0242,0.6502,2.8012
2.0244,0.6125,2.6409
2.0246,0.5461,2.355
2.0248,0.6122,2.6399
2.0250,0.5963,2.5651
2.0252,0.6493,2.7958
2.0254,0.6183,2.6638
2.0256,0.6193,2.6704
2.0258,0.6326,2.724
2.0260,0.6568,2.8296
2.0262,0.6314,2.7214
2.0264,0.6555,2.8239
2.0266,0.6428,2.7705
2.0268,0.651,2.7991
2.0270,0.7042,3.0309
2.0272,0.6657,2.8639
2.0274,0.7078,3.0492
2.0276,0.7178,3.0849
2.0278,0.7841,3.3699
2.0280,0.7875,3.3833
2.0282,0.8242,3.536
2.0284,0.8624,3.6996
2.0286,0.885,3.8022
2.0288,0.8624,3.7065
2.0290,0.8707,3.7404
2.0292,0.8704,3.7341
2.0294,0.8986,3.8622
2.0296,0.833,3.5752
2.0298,0.9221,3.9503
2.0300,0.9869,4.2297
2.0302,0.9805,4.2025
2.0304,1.0097,4.3314
2.0306,0.9995,4.2857
2.0308,0.9883,4.2359
2.0310,0.9973,4.2764
2.0312,1.0138,4.3413
2.0314,1.0363,4.4373
2.0316,1.1129,4.7677
2.0318,1.1321,4.8522
2.0320,1.0616,4.5499
2.0322,1.0695,4.5839
2.0324,1.0745,4.6054
2.0326,1.0383,4.4544
2.0328,0.913,3.924
2.0330,0.8412,3.6153
2.0332,0.8428,3.6242
2.0334,0.8244,3.5448
2.0336,0.8195,3.5204
2.0338,0.8716,3.7427
2.0340,0.8939,3.8439
2.0342,0.7973,3.4314
2.0344,0.7817,3.3628
2.0346,0.8215,3.5308
2.0348,0.8861,3.8086
2.0350,0.8468,3.6395
2.0352,0.854,3.667
2.0354,0.8878,3.8211
2.0356,0.8047,3.465
2.0358,0.782,3.3643
2.0360,0.7595,3.2719
2.0362,0.6646,2.8632
2.0364,0.6292,2.7146
2.0366,0.639,2.7527
2.0368,0.7102,3.061
2.0370,0.6963,2.9982
2.0372,0.671,2.8919
2.0374,0.6737,2.9025
2.0376,0.7273,3.1276
2.0378,0.7521,3.2383
2.0380,0.7178,3.0892
2.0382,0.7036,3.0325
2.0384,0.6921,2.9829
2.0386,0.6935,2.9836
2.0388,0.757,3.258
2.0390,0.76,3.2739
2.0392,0.6929,2.9824
2.0394,0.6862,2.9576
2.0396,0.6415,2.7673
2.0398,0.6298,2.7146
2.0400,0.615,2.6506
2.0402,0.6266,2.7044
2.0404,0.5899,2.5425
2.0406,0.6261,2.6974
2.0408,0.6352,2.7303
2.0410,0.8077,3.4731
2.0412,0.7893,3.3974
2.0414,0.6818,2.9385
2.0416,0.6316,2.7224
2.0418,0.6922,2.9807
2.0420,0.7146,3.0744
2.0422,0.7193,3.0988
2.0424,0.7126,3.0713
2.0426,0.6275,2.7031
2.0428,0.6743,2.9064
2.0430,0.7109,3.0612
2.0432,0.7122,3.064
2.0434,0.742,3.1964
2.0436,0.6794,2.9295
2.0438,0.6758,2.9126
2.0440,0.6781,2.9211
2.0442,0.7128,3.0638
2.0444,0.7986,3.4371
2.0446,0.6889,2.9662
2.0448,0.6987,3.0099
2.0450,0.7323,3.1487
2.0452,0.7973,3.425
2.0454,0.7959,3.4226
2.0456,0.7521,3.2368
2.0458,0.7166,3.0826
2.0460,0.7537,3.2426
2.0462,0.7446,3.2063
2.0464,0.7392,3.1816
2.0466,0.7483,3.2148
2.0468,0.8181,3.518
2.0470,0.7892,3.3953
2.0472,0.8007,3.4416
2.0474,0.8057,3.4643
2.0476,0.8266,3.5529
2.0478,0.8913,3.8325
2.0480,0.8046,3.4613
2.0482,0.783,3.37
2.0484,0.7487,3.2224
2.0486,0.723,3.1119
2.0488,0.7505,3.2316
2.0490,0.7403,3.1863
2.0492,0.7471,3.2142
2.0494,0.727,3.129
2.0496,0.7441,3.2057
2.0498,0.7276,3.1344
2.0500,0.6729,2.9002
2.0502,0.6215,2.6772
2.0504,0.5798,2.5049
2.0506,0.4883,2.1096
2.0508,0.4918,2.1217
2.0510,0.5626,2.4292
2.0512,0.5,2.1609
2.0514,0.4781,2.0656
2.0516,0.5099,2.1978
2.0518,0.6084,2.6197
2.0520,0.6295,2.7144
2.0522,0.6113,2.6333
2.0524,0.6102,2.6323
2.0526,0.541,2.336
2.0528,0.5415,2.3359
2.0530,0.5768,2.4885
2.0532,0.5571,2.4031
2.0534,0.5389,2.3261
2.0536,0.5505,2.3736
2.0538,0.6489,2.7903
2.0540,0.6783,2.9221
2.0542,0.6286,2.7107
2.0544,0.6123,2.638
2.0546,0.6179,2.6642
2.0548,0.63,2.7164
2.0550,0.6192,2.6674
2.0552,0.6234,2.6867
2.0554,0.6132,2.6453
2.0556,0.5595,2.4135
2.0558,0.5147,2.2205
2.0560,0.511,2.2045
2.0562,0.5054,2.1822
2.0564,0.4949,2.1351
2.0566,0.4979,2.1491
2.0568,0.4966,2.1434
2.0570,0.4988,2.1527
2.0572,0.4892,2.1103
2.0574,0.496,2.1398
2.0576,0.5531,2.3861
2.0578,0.5127,2.2117
2.0580,0.4991,2.1542
2.0582,0.4921,2.1247
2.0584,0.4942,2.134
2.0586,0.4989,2.1522
2.0588,0.4983,2.1496
2.0590,0.4953,2.1367
2.0592,0.4954,2.1362
2.0594,0.4985,2.1517
2.0596,0.5038,2.1744
2.0598,0.5146,2.2169
2.0600,0.5909,2.5443
2.0602,0.6063,2.6121
2.0604,0.6233,2.6837
2.0606,0.6189,2.6651
2.0608,0.6629,2.8494
2.0610,0.7461,3.2051
2.0612,0.8025,3.4493
2.0614,0.7913,3.3977
2.0616,0.8138,3.4945
2.0618,0.8584,3.6878
2.0620,0.8413,3.6124
2.0622,0.866,3.7133
2.0624,0.8942,3.836
2.0626,0.8946,3.838
2.0628,0.915,3.9255
2.0630,0.9286,3.9799
2.0632,0.9869,4.2277
2.0634,1.0192,4.3644
2.0636,1.0009,4.2919
2.0638,0.9457,4.0553
2.0640,0.9064,3.8884
2.0642,0.8482,3.644
2.0644,0.7699,3.3091
2.0646,0.8069,3.4663
2.0648,0.874,3.7495
2.0650,0.8903,3.8159
2.0652,0.9279,3.9824
2.0654,0.9167,3.9327
2.0656,0.9294,3.9872
2.0658,0.9018,3.8779
2.0660,0.8458,3.6371
2.0662,0.8102,3.4839
2.0664,0.7727,3.3194
2.0666,0.8175,3.5105
2.0668,0.84,3.6101
2.0670,0.7656,3.2936
2.0672,0.7952,3.4211
2.0674,0.7642,3.2874
2.0676,0.7692,3.306
2.0678,0.8268,3.5518
2.0680,0.8262,3.5509
2.0682,0.7819,3.3622
2.0684,0.7938,3.4069
2.0686,0.8848,3.7976
2.0688,0.8689,3.7361
2.0690,0.8081,3.4698
2.0692,0.9163,3.9311
2.0694,0.9099,3.9088
2.0696,0.8588,3.6911
2.0698,0.8407,3.6099
2.0700,0.8818,3.79
2.0702,0.7835,3.3705
2.0704,0.7651,3.2916
2.0706,0.7684,3.3024
2.0708,0.7852,3.3777
2.0710,0.6903,2.9724
2.0712,0.6772,2.9175
2.0714,0.6901,2.9686
2.0716,0.7401,3.1823
2.0718,0.7018,3.0192
2.0720,0.7341,3.1594
2.0722,0.7613,3.2766
2.0724,0.7325,3.1527
2.0726,0.7132,3.071
2.0728,0.682,2.9381
2.0730,0.6711,2.8925
2.0732,0.6231,2.6845
2.0734,0.5964,2.5681
2.0736,0.6404,2.7589
2.0738,0.57,2.4624
2.0740,0.5038,2.1764
2.0742,0.5719,2.4627
2.0744,0.6474,2.7875
2.0746,0.6476,2.7924
2.0748,0.5794,2.5005
2.0750,0.5634,2.4305
2.0752,0.5607,2.4186
2.0754,0.5561,2.4001
2.0756,0.5585,2.4093
2.0758,0.5583,2.4072
2.0760,0.5555,2.3964
2.0762,0.556,2.3985
2.0764,0.5597,2.4123
2.0766,0.6195,2.669
2.0768,0.5846,2.521
2.0770,0.5746,2.4775
2.0772,0.5724,2.4682
2.0774,0.5809,2.5038
2.0776,0.6671,2.8701
2.0778,0.7389,3.1756
2.0780,0.7188,3.0953
2.0782,0.6759,2.9064
2.0784,0.693,2.9843
2.0786,0.6962,2.9963
2.0788,0.7222,3.1069
2.0790,0.7084,3.0518
2.0792,0.6393,2.7568
2.0794,0.6239,2.6863
2.0796,0.6292,2.7083
2.0798,0.6398,2.755
2.0800,0.6288,2.7075
2.0802,0.6292,2.7108
2.0804,0.6249,2.6935
2.0806,0.6255,2.6948
2.0808,0.6457,2.7764
2.0810,0.7212,3.1027
2.0812,0.7363,3.1663
2.0814,0.7795,3.3504
2.0816,0.7408,3.1824
2.0818,0.754,3.2436
2.0820,0.6896,2.9707
2.0822,0.6471,2.7839
2.0824,0.6686,2.8776
2.0826,0.6855,2.9531
2.0828,0.6501,2.8007
2.0830,0.6511,2.8022
2.0832,0.6667,2.872
2.0834,0.618,2.6635
2.0836,0.5689,2.4532
2.0838,0.5725,2.4687
2.0840,0.5797,2.4997
2.0842,0.6167,2.6553
2.0844,0.637,2.7469
2.0846,0.571,2.4609
2.0848,0.5676,2.443
2.0850,0.6817,2.9298
2.0852,0.7239,3.117
2.0854,0.7084,3.0447
2.0856,0.7712,3.3179
2.0858,0.7525,3.2374
2.0860,0.7865,3.3771
2.0862,0.7804,3.3524
2.0864,0.7586,3.2592
2.0866,0.7224,3.1065
2.0868,0.7164,3.0864
2.0870,0.6488,2.795
2.0872,0.6707,2.8842
2.0874,0.7433,3.1962
2.0876,0.7816,3.3638
2.0878,0.6938,2.986
2.0880,0.6727,2.8938
2.0882,0.6679,2.8732
2.0884,0.7137,3.0645
2.0886,0.7688,3.3014
2.0888,0.8323,3.5788
2.0890,0.807,3.4652
2.0892,0.8179,3.5137
2.0894,0.8217,3.5318
2.0896,0.848,3.6345
2.0898,0.9199,3.9466
2.0900,0.8973,3.8493
2.0902,0.851,3.6559
2.0904,0.8144,3.4971
2.0906,0.8212,3.533
2.0908,0.7655,3.2916
2.0910,0.6839,2.9464
2.0912,0.5975,2.5763
2.0914,0.5886,2.5392
2.0916,0.5881,2.5348
2.0918,0.5893,2.5399
2.0920,0.6428,2.7718
2.0922,0.5976,2.5756
2.0924,0.63,2.7139
2.0926,0.5911,2.5465
2.0928,0.5809,2.5026
2.0930,0.5803,2.4977
2.0932,0.6589,2.8384
2.0934,0.6207,2.6741
2.0936,0.6411,2.7568
2.0938,0.6793,2.929
2.0940,0.6018,2.5925
2.0942,0.6821,2.9345
2.0944,0.7372,3.1669
2.0946,0.7349,3.1601
2.0948,0.7077,3.043
2.0950,0.7736,3.3297
2.0952,0.7432,3.1957
2.0954,0.7834,3.3637
2.0956,0.8138,3.4961
2.0958,0.8636,3.6996
2.0960,1.0083,4.3197
2.0962,1.0285,4.4081
2.0964,0.9972,4.2739
2.0966,1.0008,4.2873
2.0968,1.0002,4.2908
2.0970,0.9761,4.1874
2.0972,0.9724,4.1733
2.0974,0.9312,3.9912
2.0976,0.9726,4.1666
2.0978,1.0121,4.3356
2.0980,1.0209,4.3736
2.0982,1.0659,4.5684
2.0984,1.0797,4.6254
2.0986,1.0893,4.6665
2.0988,1.0142,4.3449
2.0990,1.0046,4.3018
2.0992,1.0278,4.407
2.0994,0.9136,3.923
2.0996,0.8894,3.8189
2.0998,0.9533,4.0953
2.1000,0.8595,3.6976
2.1002,0.7944,3.4174
2.1004,0.7844,3.3715
2.1006,0.8319,3.5739
2.1008,0.8416,3.614
2.1010,0.8749,3.7619
2.1012,0.8674,3.7316
2.1014,0.7945,3.4211
2.1016,0.7663,3.2998
2.1018,0.6883,2.9664
2.1020,0.6222,2.6803
2.1022,0.6415,2.7622
2.1024,0.6286,2.707
2.1026,0.6197,2.6732
2.1028,0.5892,2.5382
2.1030,0.6447,2.7813
2.1032,0.6231,2.6857
2.1034,0.6709,2.8887
2.1036,0.6934,2.983
2.1038,0.6951,2.993
2.1040,0.6791,2.9257
2.1042,0.654,2.8198
2.1044,0.6492,2.7953
2.1046,0.6605,2.8456
2.1048,0.6758,2.9126
2.1050,0.696,2.9944
2.1052,0.7145,3.0781
2.1054,0.6566,2.8325
2.1056,0.608,2.6206
2.1058,0.6111,2.634
2.1060,0.6186,2.6623
2.1062,0.7136,3.0697
2.1064,0.7614,3.274
2.1066,0.7469,3.2131
2.1068,0.748,3.2178
2.1070,0.7633,3.2854
2.1072,0.7054,3.0375
2.1074,0.6802,2.9263
2.1076,0.7303,3.1449
2.1078,0.7348,3.1624
2.1080,0.7177,3.0905
2.1082,0.7485,3.2187
2.1084,0.7924,3.4091
2.1086,0.6891,2.9671
2.1088,0.6562,2.8283
2.1090,0.6223,2.6845
2.1092,0.4968,2.1463
2.1094,0.434,1.8722
2.1096,0.5555,2.3974
2.1098,0.554,2.3901
2.1100,0.5467,2.3575
2.1102,0.5468,2.3602
2.1104,0.5508,2.3761
2.1106,0.5544,2.3928
2.1108,0.5539,2.3896
2.1110,0.5569,2.4003
2.1112,0.5519,2.3797
2.1114,0.5578,2.4061
2.1116,0.5707,2.4574
2.1118,0.6275,2.701
2.1120,0.6856,2.9535
2.1122,0.6758,2.9057
2.1124,0.7177,3.0862
2.1126,0.7053,3.0425
2.1128,0.5743,2.4798
2.1130,0.5404,2.33
2.1132,0.5399,2.328
2.1134,0.5443,2.3482
2.1136,0.545,2.3513
2.1138,0.5714,2.4594
2.1140,0.6204,2.6737
2.1142,0.6152,2.6539
2.1144,0.5736,2.4733
2.1146,0.5494,2.371
2.1148,0.5309,2.2913
2.1150,0.5304,2.2861
2.1152,0.5308,2.2887
2.1154,0.5472,2.3595
2.1156,0.5486,2.3668
2.1158,0.5464,2.3548
2.1160,0.5338,2.3027
2.1162,0.5631,2.4272
2.1164,0.5826,2.5097
2.1166,0.5923,2.5551
2.1168,0.4926,2.1272
2.1170,0.4604,1.987
2.1172,0.4594,1.9828
2.1174,0.4634,1.9999
2.1176,0.4637,2.0015
2.1178,0.4621,1.9952
2.1180,0.5056,2.1791
2.1182,0.5566,2.3976
2.1184,0.6,2.5822
2.1186,0.5989,2.58
2.1188,0.566,2.4384
2.1190,0.57,2.4566
2.1192,0.5497,2.3726
2.1194,0.5003,2.1583
2.1196,0.5187,2.2385
2.1198,0.4738,2.0421
2.1200,0.5555,2.3963
2.1202,0.5443,2.3449
2.1204,0.5835,2.5104
2.1206,0.6316,2.7185
2.1208,0.6443,2.7745
2.1210,0.6544,2.8179
2.1212,0.6819,2.932
2.1214,0.643,2.7688
2.1216,0.6539,2.8132
2.1218,0.6773,2.9124
2.1220,0.6916,2.9724
2.1222,0.7198,3.0936
2.1224,0.7308,3.1497
2.1226,0.605,2.6076
2.1228,0.5795,2.4928
2.1230,0.6341,2.7293
2.1232,0.6115,2.6342
2.1234,0.6066,2.6131
2.1236,0.569,2.4514
2.1238,0.555,2.392
2.1240,0.4966,2.1423
2.1242,0.4829,2.0833
2.1244,0.4996,2.1542
2.1246,0.5719,2.4649
2.1248,0.5863,2.5234
2.1250,0.5886,2.5332
2.1252,0.6015,2.5902
2.1254,0.6379,2.7441
2.1256,0.6701,2.8815
2.1258,0.6495,2.7941
2.1260,0.677,2.9136
2.1262,0.6863,2.9552
2.1264,0.6146,2.6464
2.1266,0.5989,2.5788
2.1268,0.6434,2.7678
2.1270,0.6768,2.9104
2.1272,0.7397,3.1762
2.1274,0.7896,3.3935
2.1276,0.7715,3.3142
2.1278,0.787,3.3764
2.1280,0.8239,3.5376
2.1282,0.8358,3.5925
2.1284,0.7228,3.105
2.1286,0.759,3.2575
2.1288,0.806,3.4545
2.1290,0.855,3.6664
2.1292,0.9096,3.8985
2.1294,0.9427,4.0461
2.1296,0.8903,3.8158
2.1298,0.9371,4.0144
2.1300,0.9525,4.0845
2.1302,0.9477,4.0601
2.1304,0.9539,4.0939
2.1306,0.8675,3.7199
2.1308,0.9287,3.9821
2.1310,0.927,3.9749
2.1312,0.8799,3.7816
2.1314,0.8277,3.5541
2.1316,0.8484,3.6398
2.1318,0.8435,3.6187
2.1320,0.8348,3.5912
2.1322,0.7517,3.2307
2.1324,0.8018,3.4477
2.1326,0.7066,3.0425
2.1328,0.6526,2.8114
2.1330,0.6513,2.8018
2.1332,0.651,2.8034
2.1334,0.6445,2.7776
2.1336,0.5775,2.488
2.1338,0.6217,2.6757
2.1340,0.6879,2.962
2.1342,0.7199,3.0998
2.1344,0.6939,2.9808
2.1346,0.7657,3.2925
2.1348,0.7217,3.1032
2.1350,0.7136,3.0715
2.1352,0.6825,2.9374
2.1354,0.7019,3.0196
2.1356,0.7148,3.0753
2.1358,0.6766,2.9134
2.1360,0.6335,2.7255
2.1362,0.6599,2.8403
2.1364,0.6838,2.9417
2.1366,0.7135,3.0696
2.1368,0.687,2.9542
2.1370,0.6777,2.914
2.1372,0.7291,3.1381
2.1374,0.7267,3.1278
2.1376,0.7484,3.2167
2.1378,0.8102,3.4854
2.1380,0.7542,3.2415
2.1382,0.7562,3.2533
2.1384,0.7196,3.0959
2.1386,0.6606,2.8474
2.1388,0.5899,2.5413
2.1390,0.6502,2.8011
2.1392,0.6634,2.8566
2.1394,0.6785,2.9176
2.1396,0.7217,3.1032
2.1398,0.7357,3.168
2.1400,0.6756,2.9093
2.1402,0.6746,2.9033
2.1404,0.7002,3.0123
2.1406,0.7398,3.187
2.1408,0.6496,2.7998
2.1410,0.6016,2.5895
2.1412,0.6263,2.6971
2.1414,0.563,2.4323
2.1416,0.4919,2.1231
2.1418,0.4882,2.1061
2.1420,0.5103,2.1972
2.1422,0.6109,2.6317
2.1424,0.6337,2.7285
2.1426,0.6753,2.905
2.1428,0.6983,3.0027
2.1430,0.7332,3.1542
2.1432,0.632,2.7213
2.1434,0.59,2.5418
2.1436,0.5989,2.5788
2.1438,0.7061,3.032
2.1440,0.8235,3.5377
2.1442,0.8338,3.582
2.1444,0.8212,3.528
2.1446,0.8149,3.5006
2.1448,0.7658,3.2884
2.1450,0.7497,3.2284
2.1452,0.7363,3.1676
2.1454,0.7348,3.1594
2.1456,0.732,3.1491
2.1458,0.7497,3.2239
2.1460,0.7905,3.3945
2.1462,0.8344,3.5813
2.1464,0.8197,3.518
2.1466,0.8084,3.4777
2.1468,0.7316,3.149
2.1470,0.729,3.1318
2.1472,0.8068,3.4661
2.1474,0.8053,3.461
2.1476,0.7623,3.2796
2.1478,0.734,3.1578
2.1480,0.6832,2.9377
2.1482,0.7282,3.1355
2.1484,0.6635,2.8571
2.1486,0.6696,2.8835
2.1488,0.6888,2.9688
2.1490,0.6021,2.5964
2.1492,0.5586,2.4064
2.1494,0.5603,2.4159
2.1496,0.5504,2.3724
2.1498,0.5495,2.3693
2.1500,0.5479,2.3626
2.1502,0.5492,2.3683
2.1504,0.5924,2.5497
2.1506,0.6359,2.7422
2.1508,0.5634,2.4316
2.1510,0.5423,2.3394
2.1512,0.5474,2.3573
2.1514,0.6112,2.6308
2.1516,0.6635,2.8571
2.1518,0.6802,2.9289
2.1520,0.6658,2.8656
2.1522,0.6904,2.9714
2.1524,0.6689,2.8857
2.1526,0.5747,2.4756
2.1528,0.5738,2.4732
2.1530,0.5724,2.4658
2.1532,0.6407,2.7577
2.1534,0.6788,2.9213
2.1536,0.6735,2.8973
2.1538,0.7049,3.031
2.1540,0.7241,3.1121
2.1542,0.8048,3.4606
2.1544,0.7041,3.0274
2.1546,0.6937,2.9803
2.1548,0.7771,3.3399
2.1550,0.7828,3.3678
2.1552,0.6985,3.0051
2.1554,0.7228,3.1093
2.1556,0.7494,3.2224
2.1558,0.7605,3.2749
2.1560,0.6211,2.6768
2.1562,0.5804,2.5016
2.1564,0.5729,2.469
2.1566,0.572,2.4643
2.1568,0.5762,2.4835
2.1570,0.5765,2.4822
2.1572,0.6293,2.71
2.1574,0.6428,2.7716
2.1576,0.5736,2.471
2.1578,0.5574,2.4001
2.1580,0.5574,2.4012
2.1582,0.5634,2.4282
2.1584,0.5815,2.5051
2.1586,0.5948,2.5624
2.1588,0.6139,2.647
2.1590,0.5149,2.2204
2.1592,0.5578,2.4039
2.1594,0.5911,2.5476
2.1596,0.5863,2.5246
2.1598,0.59,2.5418
2.1600,0.5623,2.4247
2.1602,0.5438,2.3461
2.1604,0.5819,2.5066
2.1606,0.6134,2.6413
2.1608,0.6009,2.5864
2.1610,0.652,2.8049
2.1612,0.7445,3.1997
2.1614,0.743,3.1906
2.1616,0.7409,3.1857
2.1618,0.7025,3.0221
2.1620,0.7241,3.1136
2.1622,0.7904,3.3908
2.1624,0.8499,3.6477
2.1626,0.8614,3.6954
2.1628,0.8487,3.6442
2.1630,0.8254,3.5443
2.1632,0.8225,3.532
2.1634,0.8442,3.6286
2.1636,0.8733,3.7463
2.1638,0.8812,3.782
2.1640,0.8971,3.8451
2.1642,0.9686,4.1475
2.1644,1.0336,4.4279
2.1646,0.9869,4.232
2.1648,0.9534,4.0861
2.1650,0.9953,4.266
2.1652,0.9664,4.1499
2.1654,0.8241,3.5436
2.1656,0.6897,2.9711
2.1658,0.6917,2.9688
2.1660,0.8808,3.7734
2.1662,0.9398,4.0299
2.1664,0.9626,4.1315
2.1666,0.9849,4.2194
2.1668,0.9929,4.2617
2.1670,0.9384,4.035
2.1672,0.7881,3.3936
2.1674,0.7002,3.0109
2.1676,0.7884,3.3868
2.1678,0.7977,3.4302
2.1680,0.7369,3.1717
2.1682,0.7045,3.0323
2.1684,0.7123,3.0644
2.1686,0.722,3.1048
2.1688,0.6905,2.9705
2.1690,0.7452,3.2058
2.1692,0.7485,3.2187
2.1694,0.7533,3.2394
2.1696,0.7406,3.1877
2.1698,0.761,3.2709
2.1700,0.7988,3.4396
2.1702,0.6478,2.796
2.1704,0.5817,2.5084
2.1706,0.6094,2.6242
2.1708,0.6103,2.6291
2.1710,0.5966,2.5702
2.1712,0.6003,2.5874
2.1714,0.6256,2.6965
2.1716,0.6174,2.662
2.1718,0.5988,2.5807
2.1720,0.6278,2.7032
2.1722,0.7043,3.0299
2.1724,0.7252,3.1196
2.1726,0.6821,2.9385
2.1728,0.6287,2.7099
2.1730,0.6139,2.6483
2.1732,0.5737,2.4715
2.1734,0.5879,2.5336
2.1736,0.5982,2.5805
2.1738,0.5044,2.1759
2.1740,0.4996,2.1542
2.1742,0.5588,2.4074
2.1744,0.5986,2.5814
2.1746,0.5816,2.5068
2.1748,0.5777,2.4862
2.1750,0.6359,2.7384
2.1752,0.6427,2.7698
2.1754,0.6357,2.7373
2.1756,0.6177,2.6623
2.1758,0.5134,2.2137
2.1760,0.5336,2.3022
2.1762,0.529,2.283
2.1764,0.5092,2.1956
2.1766,0.5197,2.2411
2.1768,0.5333,2.2974
2.1770,0.5673,2.4475
2.1772,0.4671,2.0178
2.1774,0.4038,1.7427
2.1776,0.4487,1.9368
2.1778,0.4357,1.8821
2.1780,0.4278,1.8496
2.1782,0.4286,1.8515
2.1784,0.4269,1.8417
2.1786,0.4306,1.8586
2.1788,0.4281,1.8486
2.1790,0.4414,1.9061
2.1792,0.4399,1.8976
2.1794,0.4311,1.8616
2.1796,0.4327,1.8692
2.1798,0.4258,1.8379
2.1800,0.428,1.8472
2.1802,0.4328,1.8688
2.1804,0.4336,1.8724
2.1806,0.4346,1.8748
2.1808,0.4345,1.8743
2.1810,0.4358,1.8817
2.1812,0.4347,1.8754
2.1814,0.4364,1.8835
2.1816,0.4923,2.1237
2.1818,0.5345,2.3015
2.1820,0.5634,2.4248
2.1822,0.6008,2.5895
2.1824,0.5346,2.3052
2.1826,0.5069,2.1858
2.1828,0.4899,2.1075
2.1830,0.5332,2.3001
2.1832,0.4794,2.0702
2.1834,0.4628,1.9964
2.1836,0.5058,2.1791
2.1838,0.5336,2.299
2.1840,0.5368,2.3135
2.1842,0.5554,2.3914
2.1844,0.6457,2.7737
2.1846,0.7313,3.1416
2.1848,0.7484,3.2167
2.1850,0.684,2.9441
2.1852,0.6538,2.814
2.1854,0.6562,2.8217
2.1856,0.6686,2.8748
2.1858,0.6627,2.8522
2.1860,0.6136,2.6411
2.1862,0.6333,2.727
2.1864,0.5708,2.4568
2.1866,0.5755,2.477
2.1868,0.6049,2.6022
2.1870,0.7117,3.0619
2.1872,0.6452,2.7768
2.1874,0.5949,2.5594
2.1876,0.5804,2.4981
2.1878,0.5675,2.4412
2.1880,0.5983,2.5714
2.1882,0.6218,2.6812
2.1884,0.5035,2.1743
2.1886,0.4684,2.0189
2.1888,0.508,2.1894
2.1890,0.5008,2.1594
2.1892,0.5079,2.1899
2.1894,0.5142,2.2153
2.1896,0.5094,2.1956
2.1898,0.486,2.0958
2.1900,0.4834,2.0854
2.1902,0.4912,2.1171
2.1904,0.513,2.2121
2.1906,0.484,2.0889
2.1908,0.4809,2.0736
2.1910,0.4882,2.1041
2.1912,0.4462,1.925
2.1914,0.3817,1.649
2.1916,0.3773,1.6283
2.1918,0.3738,1.6125
2.1920,0.377,1.6273
2.1922,0.4372,1.8853
2.1924,0.5063,2.1812
2.1926,0.5122,2.2075
2.1928,0.4991,2.1512
2.1930,0.5353,2.3051
2.1932,0.5617,2.4176
2.1934,0.519,2.2359
2.1936,0.5346,2.2999
2.1938,0.6136,2.6423
2.1940,0.5953,2.5609
2.1942,0.6433,2.7686
2.1944,0.6014,2.586
2.1946,0.7108,3.0535
2.1948,0.7439,3.1957
2.1950,0.7567,3.2478
2.1952,0.8134,3.4896
2.1954,0.8185,3.5128
2.1956,0.7605,3.2673
2.1958,0.7727,3.3178
2.1960,0.69,2.9588
2.1962,0.8008,3.4244
2.1964,0.9337,4
2.1966,0.9002,3.8549
2.1968,0.9285,3.9798
2.1970,0.9479,4.0625
2.1972,0.9506,4.0648
2.1974,0.9763,4.1824
2.1976,0.9216,3.9518
2.1978,0.909,3.8887
2.1980,0.9673,4.1458
2.1982,0.948,4.0649
2.1984,0.8934,3.8292
2.1986,0.8911,3.823
2.1988,0.8507,3.6479
2.1990,0.8379,3.5945
2.1992,0.7761,3.3358
2.1994,0.7398,3.1781
2.1996,0.7563,3.2492
2.1998,0.7856,3.3718
2.2000,0.8031,3.4469
2.2002,0.8185,3.5112
2.2004,0.8887,3.8073
2.2006,0.9184,3.9416
2.2008,0.7981,3.4285
2.2010,0.7807,3.3538
2.2012,0.7838,3.3657
2.2014,0.8572,3.6808
2.2016,0.8562,3.6732
2.2018,0.8175,3.5103
2.2020,0.7657,3.291
2.2022,0.7499,3.2229
2.2024,0.7914,3.3949
2.2026,0.8692,3.7305
2.2028,0.8902,3.8188
2.2030,0.8736,3.7478
2.2032,0.8565,3.6777
2.2034,0.8476,3.6379
2.2036,0.8412,3.6089
2.2038,0.8573,3.6813
2.2040,0.8522,3.6643
2.2042,0.7834,3.3672
2.2044,0.7601,3.2713
2.2046,0.7795,3.3471
2.2048,0.8373,3.5953
2.2050,0.8358,3.5958
2.2052,0.7214,3.1037
2.2054,0.7078,3.0448
2.2056,0.7108,3.0549
2.2058,0.718,3.0844
2.2060,0.802,3.4487
2.2062,0.7968,3.4292
2.2064,0.6892,2.9663
2.2066,0.6881,2.9534
2.2068,0.8338,3.582
2.2070,0.7632,3.2832
2.2072,0.7344,3.155
2.2074,0.7747,3.3281
2.2076,0.7663,3.292
2.2078,0.7673,3.2977
2.2080,0.8131,3.4929
2.2082,0.8156,3.5054
2.2084,0.7963,3.4192
2.2086,0.7717,3.3167
2.2088,0.7295,3.1397
2.2090,0.6895,2.9678
2.2092,0.684,2.9441
2.2094,0.6789,2.9259
2.2096,0.6801,2.927
2.2098,0.6789,2.9219
2.2100,0.7378,3.1664
2.2102,0.8627,3.6993
2.2104,0.8838,3.7951
2.2106,0.8253,3.5455
2.2108,0.8035,3.4581
2.2110,0.742,3.1919
2.2112,0.7332,3.1513
2.2114,0.7394,3.1796
2.2116,0.7501,3.227
2.2118,0.6967,3.0029
2.2120,0.656,2.8233
2.2122,0.6522,2.806
2.2124,0.6901,2.969
2.2126,0.7102,3.0594
2.2128,0.7083,3.0469
2.2130,0.7363,3.1617
2.2132,0.7677,3.2966
2.2134,0.8693,3.7293
2.2136,0.8902,3.826
2.2138,0.837,3.5893
2.2140,0.8458,3.6336
2.2142,0.8615,3.6993
2.2144,0.8278,3.5579
2.2146,0.7856,3.3797
2.2148,0.7662,3.29
2.2150,0.827,3.561
2.2152,0.6635,2.8571
2.2154,0.6171,2.6622
2.2156,0.5486,2.3657
2.2158,0.6139,2.6446
2.2160,0.6476,2.7897
2.2162,0.6134,2.6462
2.2164,0.5513,2.3782
2.2166,0.6067,2.6099
2.2168,0.7031,3.0303
2.2170,0.5714,2.464
2.2172,0.5489,2.3679
2.2174,0.547,2.3596
2.2176,0.558,2.4038
2.2178,0.6331,2.7272
2.2180,0.6849,2.9463
2.2182,0.6904,2.9687
2.2184,0.7175,3.0895
2.2186,0.6147,2.6506
2.2188,0.5563,2.3999
2.2190,0.5697,2.4533
2.2192,0.6477,2.7916
2.2194,0.6407,2.7603
2.2196,0.6327,2.7257
2.2198,0.6382,2.7469
2.2200,0.7465,3.2055
2.2202,0.8354,3.5887
2.2204,0.7344,3.1652
2.2206,0.6383,2.7487
2.2208,0.6332,2.7277
2.2210,0.6305,2.7176
2.2212,0.6337,2.7273
2.2214,0.6963,2.9939
2.2216,0.7482,3.2172
2.2218,0.7254,3.1265
2.2220,0.5912,2.5493
2.2222,0.5871,2.5317
2.2224,0.5498,2.3709
2.2226,0.5702,2.4565
2.2228,0.6395,2.7551
2.2230,0.6495,2.7941
2.2232,0.672,2.8911
2.2234,0.7336,3.1543
2.2236,0.7059,3.038
2.2238,0.6159,2.6534
2.2240,0.6009,2.5924
2.2242,0.6537,2.8135
2.2244,0.6734,2.8927
2.2246,0.6982,3.0036
2.2248,0.7416,3.1918
2.2250,0.7204,3.1019
2.2252,0.6416,2.7613
2.2254,0.6767,2.9126
2.2256,0.6892,2.969
2.2258,0.7144,3.0689
2.2260,0.802,3.4487
2.2262,0.7048,3.0334
2.2264,0.6979,3.0025
2.2266,0.7259,3.1213
2.2268,0.7674,3.2997
2.2270,0.7164,3.082
2.2272,0.6822,2.9377
2.2274,0.7192,3.0895
2.2276,0.8493,3.6434
2.2278,0.8673,3.7223
2.2280,0.9055,3.8774
2.2282,0.9998,4.2811
2.2284,1.0057,4.3102
2.2286,0.9808,4.2039
2.2288,1.0414,4.4592
2.2290,1.0733,4.5958
2.2292,1.0897,4.6662
2.2294,1.0968,4.6987
2.2296,1.087,4.6522
2.2298,1.0826,4.6337
2.2300,1.1343,4.8549
2.2302,1.1155,4.7744
2.2304,1.1259,4.8235
2.2306,1.1361,4.8558
2.2308,1.106,4.7404
2.2310,0.9869,4.2301
2.2312,0.9806,4.2048
2.2314,0.9067,3.8971
2.2316,0.8101,3.4865
2.2318,0.791,3.3997
2.2320,0.8549,3.6727
2.2322,0.8514,3.6629
2.2324,0.8006,3.4425
2.2326,0.7844,3.3698
2.2328,0.8421,3.6125
2.2330,0.8829,3.8051
2.2332,0.6473,2.7887
2.2334,0.6735,2.9054
2.2336,0.6391,2.7518
2.2338,0.6753,2.9064
2.2340,0.6868,2.9518
2.2342,0.8074,3.4719
2.2344,0.7278,3.1325
2.2346,0.6355,2.7388
2.2348,0.6099,2.63
2.2350,0.6108,2.6336
2.2352,0.6178,2.6641
2.2354,0.5616,2.4227
2.2356,0.5715,2.4622
2.2358,0.6917,2.9757
2.2360,0.7007,3.0158
2.2362,0.6894,2.9659
2.2364,0.6642,2.8642
2.2366,0.596,2.5712
2.2368,0.6706,2.8849
2.2370,0.7403,3.1906
2.2372,0.6323,2.7267
2.2374,0.6194,2.6659
2.2376,0.6712,2.8915
2.2378,0.6671,2.8766
2.2380,0.5755,2.4873
2.2382,0.5112,2.2085
2.2384,0.4968,2.1443
2.2386,0.5137,2.2153
2.2388,0.552,2.3824
2.2390,0.5068,2.1883
2.2392,0.4925,2.1257
2.2394,0.4916,2.1206
2.2396,0.4827,2.0842
2.2398,0.4809,2.0736
2.2400,0.5741,2.4742
2.2402,0.6608,2.8452
2.2404,0.613,2.6446
2.2406,0.4748,2.0529
2.2408,0.4146,1.7926
2.2410,0.4098,1.7694
2.2412,0.4056,1.7513
2.2414,0.4535,1.9539
2.2416,0.5453,2.348
2.2418,0.6148,2.6462
2.2420,0.6249,2.6934
2.2422,0.5837,2.5144
2.2424,0.6063,2.612
2.2426,0.5664,2.44
2.2428,0.6013,2.5879
2.2430,0.6573,2.8263
2.2432,0.6798,2.9233
2.2434,0.7709,3.3162
2.2436,0.7532,3.2374
2.2438,0.8325,3.5731
2.2440,0.8564,3.6806
2.2442,0.8111,3.4879
2.2444,0.7797,3.3528
2.2446,0.7423,3.1904
2.2448,0.7623,3.278
2.2450,0.7577,3.2625
2.2452,0.696,2.9929
2.2454,0.7326,3.1487
2.2456,0.6982,3.0064
2.2458,0.6499,2.7996
2.2460,0.6488,2.791
2.2462,0.6819,2.932
2.2464,0.6628,2.8514
2.2466,0.7205,3.0952
2.2468,0.8442,3.6269
2.2470,0.8265,3.5572
2.2472,0.6898,2.9716
2.2474,0.5774,2.491
2.2476,0.5253,2.2649
2.2478,0.5795,2.4963
2.2480,0.5386,2.3255
2.2482,0.4811,2.0784
2.2484,0.4764,2.0573
2.2486,0.4725,2.0402
2.2488,0.4833,2.0868
2.2490,0.4671,2.016
2.2492,0.4599,1.9849
2.2494,0.4598,1.9853
2.2496,0.4652,2.0058
2.2498,0.4658,2.0103
2.2500,0.5492,2.3661
2.2502,0.6307,2.7207
2.2504,0.5057,2.1816
2.2506,0.4685,2.0222
2.2508,0.4666,2.0139
2.2510,0.4852,2.0902
2.2512,0.5546,2.3894
2.2514,0.6024,2.595
2.2516,0.6145,2.6472
2.2518,0.5804,2.5039
2.2520,0.513,2.2142
2.2522,0.4726,2.0379
2.2524,0.576,2.4813
2.2526,0.6018,2.5924
2.2528,0.5903,2.5416
2.2530,0.5886,2.532
2.2532,0.6144,2.6454
2.2534,0.5911,2.5452
2.2536,0.6078,2.6158
2.2538,0.6663,2.8637
2.2540,0.6802,2.9289
2.2542,0.7128,3.0679
2.2544,0.6728,2.8969
2.2546,0.6626,2.8503
2.2548,0.5873,2.5322
2.2550,0.5032,2.1718
2.2552,0.4934,2.1303
2.2554,0.4917,2.1201
2.2556,0.4893,2.1098
2.2558,0.4877,2.104
2.2560,0.4923,2.1247
2.2562,0.5032,2.1687
2.2564,0.5187,2.2354
2.2566,0.492,2.1217
2.2568,0.5087,2.1925
2.2570,0.544,2.3456
2.2572,0.4964,2.1403
2.2574,0.5009,2.1589
2.2576,0.5025,2.1656
2.2578,0.5027,2.1687
2.2580,0.5033,2.1713
2.2582,0.502,2.1626
2.2584,0.5372,2.3123
2.2586,0.5956,2.5637
2.2588,0.6152,2.6515
2.2590,0.5889,2.5371
2.2592,0.5254,2.2654
2.2594,0.467,2.0155
2.2596,0.4599,1.984
2.2598,0.4967,2.1398
2.2600,0.5235,2.2529
2.2602,0.5851,2.5171
2.2604,0.5948,2.5624
2.2606,0.5726,2.4669
2.2608,0.5947,2.5572
2.2610,0.6729,2.888
2.2612,0.7461,3.2069
2.2614,0.7333,3.1518
2.2616,0.7557,3.2452
2.2618,0.8275,3.5514
2.2620,0.8145,3.4942
2.2622,0.8628,3.7033
2.2624,0.8772,3.7563
2.2626,0.9477,4.0563
2.2628,0.9987,4.2764
2.2630,0.9992,4.2785
2.2632,1.0035,4.297
2.2634,1.006,4.3057
2.2636,1.0685,4.5667
2.2638,1.1743,5.0235
2.2640,1.1133,4.7518
2.2642,1.1636,4.9709
2.2644,1.1391,4.8732
2.2646,1.0503,4.4993
2.2648,1.0018,4.2838
2.2650,1.0348,4.4331
2.2652,1.0252,4.394
2.2654,0.9961,4.2691
2.2656,0.9504,4.0771
2.2658,0.9257,3.9693
2.2660,0.9549,4.0928
2.2662,0.9916,4.2481
2.2664,1.007,4.3119
2.2666,1.0689,4.5768
2.2668,1.0567,4.5398
2.2670,0.8357,3.5869
2.2672,0.8578,3.6799
2.2674,0.9222,3.9488
2.2676,1.0036,4.3055
2.2678,0.9203,3.9461
2.2680,0.9308,3.9951
2.2682,0.9674,4.1502
2.2684,0.9871,4.2345
2.2686,0.9817,4.2016
2.2688,1.1072,4.7345
2.2690,1.0894,4.6712
2.2692,0.9073,3.9015
2.2694,0.7554,3.2497
2.2696,0.7273,3.1347
2.2698,0.6979,3.0067
2.2700,0.6965,2.9977
2.2702,0.7104,3.0576
2.2704,0.6675,2.8742
2.2706,0.6686,2.8721
2.2708,0.7687,3.3085
2.2710,0.6558,2.8201
2.2712,0.7408,3.1852
2.2714,0.7746,3.3353
2.2716,0.7093,3.0544
2.2718,0.726,3.1262
2.2720,0.6508,2.8063
2.2722,0.6345,2.7347
2.2724,0.6118,2.637
2.2726,0.5901,2.5423
2.2728,0.5942,2.5622
2.2730,0.5952,2.5664
2.2732,0.6335,2.7293
2.2734,0.706,3.0371
2.2736,0.6955,2.9936
2.2738,0.666,2.868
2.2740,0.643,2.7701
2.2742,0.6213,2.6766
2.2744,0.6356,2.7393
2.2746,0.6266,2.7018
2.2748,0.6211,2.6743
2.2750,0.6527,2.812
2.2752,0.6717,2.8949
2.2754,0.6588,2.8383
2.2756,0.6544,2.8153
2.2758,0.6893,2.9681
2.2760,0.6818,2.9356
2.2762,0.6863,2.9525
2.2764,0.8045,3.4515
2.2766,0.9222,3.9544
2.2768,0.947,4.0646
2.2770,0.8621,3.7105
2.2772,0.6976,3.0052
2.2774,0.663,2.8551
2.2776,0.6706,2.8876
2.2778,0.6828,2.9416
2.2780,0.6813,2.9335
2.2782,0.6771,2.9155
2.2784,0.6756,2.9079
2.2786,0.6777,2.9167
2.2788,0.6923,2.9783
2.2790,0.7278,3.1339
2.2792,0.6841,2.9459
2.2794,0.662,2.8517
2.2796,0.6812,2.9344
2.2798,0.687,2.9528
2.2800,0.7591,3.2626
2.2802,0.7869,3.3853
2.2804,0.7585,3.2646
2.2806,0.6617,2.8494
2.2808,0.6399,2.7554
2.2810,0.65,2.8014
2.2812,0.6326,2.7252
2.2814,0.6255,2.6947
2.2816,0.6274,2.7042
2.2818,0.6217,2.6769
2.2820,0.7154,3.075
2.2822,0.7746,3.3275
2.2824,0.7613,3.278
2.2826,0.7057,3.0389
2.2828,0.7256,3.1217
2.2830,0.6803,2.9321
2.2832,0.6623,2.8493
2.2834,0.7794,3.3544
2.2836,0.7719,3.3162
2.2838,0.7837,3.3651
2.2840,0.8199,3.5223
2.2842,0.8511,3.6613
2.2844,0.7832,3.3662
2.2846,0.8314,3.5634
2.2848,0.9295,3.9876
2.2850,0.9136,3.9246
2.2852,0.8625,3.7069
2.2854,0.8426,3.6146
2.2856,0.9145,3.9251
2.2858,0.8941,3.843
2.2860,0.7782,3.3477
2.2862,0.7484,3.2212
2.2864,0.7425,3.193
2.2866,0.7963,3.4192
2.2868,0.8612,3.6978
2.2870,0.8496,3.6534
2.2872,0.7938,3.4116
2.2874,0.8289,3.5626
2.2876,0.8153,3.5043
2.2878,0.7699,3.3136
2.2880,0.7355,3.167
2.2882,0.7267,3.1278
2.2884,0.7138,3.0706
2.2886,0.7396,3.1786
2.2888,0.7298,3.1427
2.2890,0.702,3.0257
2.2892,0.6882,2.9635
2.2894,0.6966,2.9969
2.2896,0.7024,3.0258
2.2898,0.6582,2.8384
2.2900,0.582,2.5083
2.2902,0.5518,2.3792
2.2904,0.5528,2.3849
2.2906,0.5477,2.3638
2.2908,0.5628,2.4267
2.2910,0.5813,2.5052
2.2912,0.5847,2.5214
2.2914,0.5739,2.4783
2.2916,0.545,2.3469
2.2918,0.6062,2.6091
2.2920,0.6349,2.7375
2.2922,0.5567,2.4037
2.2924,0.487,2.1029
2.2926,0.4836,2.0884
2.2928,0.4895,2.1128
2.2930,0.486,2.0968
2.2932,0.5085,2.1935
2.2934,0.5513,2.376
2.2936,0.615,2.6468
2.2938,0.6093,2.6274
2.2940,0.5796,2.4991
2.2942,0.6319,2.7195
2.2944,0.7139,3.0697
2.2946,0.7144,3.0718
2.2948,0.7192,3.0924
2.2950,0.7731,3.3229
2.2952,0.8129,3.4859
2.2954,0.9184,3.9324
2.2956,0.9963,4.2682
2.2958,0.978,4.1935
2.2960,0.9314,3.9958
2.2962,0.9124,3.9104
2.2964,0.9476,4.0615
2.2966,0.9754,4.1807
2.2968,1.0007,4.2932
2.2970,0.9716,4.1604
2.2972,1.0926,4.6785
2.2974,1.0894,4.6646
2.2976,1.0511,4.505
2.2978,1.0548,4.5189
2.2980,1.0075,4.322
2.2982,0.8922,3.8329
2.2984,0.7533,3.2424
2.2986,0.7521,3.2342
2.2988,0.8396,3.6051
2.2990,0.8538,3.6681
2.2992,0.8211,3.5324
2.2994,0.8153,3.5027
2.2996,0.8098,3.4806
2.2998,0.7602,3.2718
2.3000,0.7924,3.4027
2.3002,0.8596,3.6945
2.3004,0.8452,3.6361
2.3006,0.8011,3.4414
2.3008,0.8031,3.4502
2.3010,0.8288,3.5588
2.3012,0.8843,3.7936
2.3014,0.8637,3.7172
2.3016,0.7111,3.0607
2.3018,0.7214,3.1094
2.3020,0.6903,2.975
2.3022,0.6623,2.8533
2.3024,0.6443,2.7771
2.3026,0.6654,2.8641
2.3028,0.7145,3.0752
2.3030,0.693,2.9828
2.3032,0.7042,3.0322
2.3034,0.7063,3.0443
2.3036,0.6744,2.9041
2.3038,0.7345,3.1599
2.3040,0.7202,3.0971
2.3042,0.7057,3.0389
2.3044,0.6638,2.8635
2.3046,0.6213,2.6754
2.3048,0.7121,3.0705
2.3050,0.5954,2.5662
2.3052,0.6237,2.6882
2.3054,0.6545,2.821
2.3056,0.6841,2.9432
2.3058,0.6988,3.0089
2.3060,0.6156,2.653
2.3062,0.6063,2.6132
2.3064,0.5816,2.5068
2.3066,0.6669,2.8703
2.3068,0.7417,3.1953
2.3070,0.6375,2.7502
2.3072,0.533,2.3017
2.3074,0.4842,2.0909
2.3076,0.486,2.0968
2.3078,0.4984,2.153
2.3080,0.4997,2.1547
2.3082,0.591,2.5447
2.3084,0.6148,2.6524
2.3086,0.6124,2.6408
2.3088,0.6032,2.6022
2.3090,0.5501,2.3719
2.3092,0.5688,2.4537
2.3094,0.5673,2.4464
2.3096,0.5647,2.435
2.3098,0.5697,2.4579
2.3100,0.5877,2.5319
2.3102,0.644,2.7704
2.3104,0.6714,2.8926
2.3106,0.6659,2.8635
2.3108,0.7417,3.1864
2.3110,0.8025,3.4524
2.3112,0.6624,2.8578
2.3114,0.5424,2.3399
2.3116,0.5352,2.311
2.3118,0.5336,2.3022
2.3120,0.5356,2.3104
2.3122,0.5304,2.2882
2.3124,0.5286,2.2815
2.3126,0.5318,2.2933
2.3128,0.5328,2.2985
2.3130,0.532,2.297
2.3132,0.5307,2.2892
2.3134,0.5274,2.2742
2.3136,0.5311,2.2913
2.3138,0.56,2.4137
2.3140,0.5946,2.5614
2.3142,0.6221,2.6765
2.3144,0.6087,2.6236
2.3146,0.5913,2.5534
2.3148,0.5039,2.1759
2.3150,0.4687,2.0236
2.3152,0.4672,2.0184
2.3154,0.4607,1.9904
2.3156,0.461,1.9887
2.3158,0.5035,2.1713
2.3160,0.5515,2.3792
2.3162,0.4973,2.1434
2.3164,0.5437,2.3424
2.3166,0.5693,2.4558
2.3168,0.5509,2.3767
2.3170,0.4922,2.1232
2.3172,0.4894,2.1113
2.3174,0.5026,2.1702
2.3176,0.4639,2.0011
2.3178,0.4886,2.1067
2.3180,0.5459,2.3506
2.3182,0.5971,2.5699
2.3184,0.658,2.8334
2.3186,0.6133,2.6395
2.3188,0.6254,2.6929
2.3190,0.6353,2.737
2.3192,0.5724,2.4658
2.3194,0.5542,2.3906
2.3196,0.5485,2.3652
2.3198,0.5426,2.3388
2.3200,0.5458,2.3511
2.3202,0.5867,2.5261
2.3204,0.6331,2.726
2.3206,0.5944,2.5609
2.3208,0.6078,2.617
2.3210,0.5988,2.5771
2.3212,0.5905,2.5403
2.3214,0.6475,2.784
2.3216,0.6837,2.9439
2.3218,0.6582,2.8331
2.3220,0.7266,3.1215
2.3222,0.7394,3.1796
2.3224,0.7116,3.0599
2.3226,0.6925,2.9793
2.3228,0.5727,2.4697
2.3230,0.4916,2.1206
2.3232,0.4833,2.0858
2.3234,0.5095,2.1941
2.3236,0.6051,2.6044
2.3238,0.6256,2.6914
2.3240,0.6748,2.9057
2.3242,0.6596,2.8361
2.3244,0.7115,3.058
2.3246,0.6677,2.8725
2.3248,0.6889,2.9638
2.3250,0.634,2.7288
2.3252,0.6331,2.7247
2.3254,0.6405,2.7567
2.3256,0.6696,2.8781
2.3258,0.6927,2.9826
2.3260,0.6154,2.6501
2.3262,0.5835,2.5104
2.3264,0.6841,2.9459
2.3266,0.6868,2.9546
2.3268,0.7236,3.1086
2.3270,0.7441,3.1967
2.3272,0.7939,3.4105
2.3274,0.7134,3.0648
2.3276,0.7622,3.2714
2.3278,0.8026,3.4433
2.3280,0.8409,3.6091
2.3282,0.8506,3.6508
2.3284,0.8499,3.6477
2.3286,0.906,3.8795
2.3288,0.9866,4.2325
2.3290,0.9199,3.9483
2.3292,0.8531,3.6633
2.3294,0.8397,3.6039
2.3296,0.8502,3.6475
2.3298,0.9206,3.9458
2.3300,0.9299,3.991
2.3302,0.9216,3.9518
2.3304,0.9258,3.9698
2.3306,0.9156,3.9206
2.3308,0.9422,4.0497
2.3310,0.7655,3.2945
2.3312,0.7234,3.1134
2.3314,0.7258,3.1208
2.3316,0.7096,3.0512
2.3318,0.7089,3.0495
2.3320,0.7244,3.1151
2.3322,0.6693,2.8792
2.3324,0.6534,2.8124
2.3326,0.6521,2.8094
2.3328,0.6517,2.806
2.3330,0.6648,2.8601
2.3332,0.7125,3.0635
2.3334,0.7019,3.021
2.3336,0.7303,3.1404
2.3338,0.7591,3.2656
2.3340,0.7011,3.0145
2.3342,0.8006,3.4425
2.3344,0.7559,3.2547
2.3346,0.6841,2.9432
2.3348,0.6795,2.9231
2.3350,0.691,2.9712
2.3352,0.6918,2.9804
2.3354,0.6208,2.6721
2.3356,0.6676,2.8733
2.3358,0.7229,3.1084
2.3360,0.7361,3.1695
2.3362,0.6245,2.6881
2.3364,0.6761,2.9073
2.3366,0.7133,3.0714
2.3368,0.5949,2.5618
2.3370,0.5816,2.5044
2.3372,0.6416,2.7626
2.3374,0.6501,2.7954
2.3376,0.661,2.8463
2.3378,0.6929,2.9795
2.3380,0.7879,3.3863
2.3382,0.7065,3.0392
2.3384,0.7053,3.0312
2.3386,0.7079,3.0482
2.3388,0.6377,2.7474
2.3390,0.6554,2.822
2.3392,0.6915,2.9733
2.3394,0.7461,3.201
2.3396,0.8753,3.7603
2.3398,0.7596,3.2738
2.3400,0.5856,2.5262
2.3402,0.5485,2.3641
2.3404,0.5548,2.391
2.3406,0.57,2.4589
2.3408,0.547,2.3618
2.3410,0.508,2.1874
2.3412,0.5454,2.3539
2.3414,0.5152,2.2215
2.3416,0.5597,2.4122
2.3418,0.5556,2.3957
2.3420,0.581,2.503
2.3422,0.6574,2.8295
2.3424,0.6586,2.8307
2.3426,0.7524,3.2337
2.3428,0.8051,3.4573
2.3430,0.8645,3.7087
2.3432,0.8078,3.4735
2.3434,0.6832,2.9404
2.3436,0.6821,2.929
2.3438,0.7373,3.1717
2.3440,0.7368,3.1667
2.3442,0.7846,3.3724
2.3444,0.814,3.4987
2.3446,0.7938,3.4084
2.3448,0.7418,3.1869
2.3450,0.7784,3.3487
2.3452,0.7826,3.3621
2.3454,0.7802,3.3518
2.3456,0.8,3.4384
2.3458,0.7405,3.1872
2.3460,0.7405,3.1798
2.3462,0.842,3.6137
2.3464,0.8486,3.642
2.3466,0.8215,3.5323
2.3468,0.7828,3.3647
2.3470,0.7409,3.1887
2.3472,0.723,3.1147
2.3474,0.7041,3.0331
2.3476,0.599,2.5817
2.3478,0.5494,2.3699
2.3480,0.55,2.3714
2.3482,0.5515,2.3759
2.3484,0.5659,2.4402
2.3486,0.5663,2.4429
2.3488,0.5628,2.4267
2.3490,0.5611,2.4161
2.3492,0.5611,2.4184
2.3494,0.5815,2.5039
2.3496,0.6966,2.9983
2.3498,0.6207,2.674
2.3500,0.5564,2.3971
2.3502,0.5498,2.3698
2.3504,0.5399,2.3291
2.3506,0.537,2.3145
2.3508,0.5825,2.5069
2.3510,0.6832,2.9377
2.3512,0.6725,2.8959
2.3514,0.6796,2.9209
2.3516,0.6945,2.989
2.3518,0.6334,2.7275
2.3520,0.6296,2.7122
2.3522,0.6163,2.6549
2.3524,0.6814,2.9286
2.3526,0.7358,3.1597
2.3528,0.7448,3.2042
2.3530,0.678,2.9169
2.3532,0.7063,3.0401
2.3534,0.6658,2.8669
2.3536,0.66,2.8421
2.3538,0.6672,2.8705
2.3540,0.7319,3.1471
2.3542,0.7382,3.1729
2.3544,0.712,3.0643
2.3546,0.6694,2.8811
2.3548,0.6734,2.8968
2.3550,0.6466,2.7869
2.3552,0.5775,2.4915
2.3554,0.5719,2.4638
2.3556,0.5701,2.4571
2.3558,0.5649,2.4327
2.3560,0.6307,2.7169
2.3562,0.5982,2.5697
2.3564,0.6905,2.9747
2.3566,0.5932,2.5581
2.3568,0.583,2.5106
2.3570,0.6062,2.6139
2.3572,0.5706,2.4569
2.3574,0.6231,2.6831
2.3576,0.5988,2.5818
2.3578,0.5725,2.4674
2.3580,0.5738,2.4708
2.3582,0.5682,2.4488
2.3584,0.5757,2.4825
2.3586,0.5735,2.4716
2.3588,0.5748,2.4761
2.3590,0.5875,2.5297
2.3592,0.629,2.7071
2.3594,0.6612,2.842
2.3596,0.7255,3.1182
2.3598,0.7085,3.0479
2.3600,0.6784,2.9184
2.3602,0.7301,3.1393
2.3604,0.7204,3.099
2.3606,0.7037,3.0244
2.3608,0.7725,3.3187
2.3610,0.8225,3.5303
2.3612,0.9146,3.9146
2.3614,0.9571,4.1039
2.3616,0.8567,3.6769
2.3618,0.8879,3.809
2.3620,0.9385,4.0223
2.3622,0.9717,4.1647
2.3624,0.9617,4.1201
2.3626,0.9862,4.223
2.3628,0.9958,4.2561
2.3630,1.1015,4.7098
2.3632,1.1434,4.8916
2.3634,1.0988,4.7095
2.3636,0.9673,4.1457
2.3638,0.9965,4.2691
2.3640,1.0104,4.3287
2.3642,1.0124,4.3369
2.3644,1.0548,4.5167
2.3646,1.0355,4.4485
2.3648,0.8566,3.6816
2.3650,0.8584,3.6842
2.3652,0.8952,3.8404
2.3654,0.8923,3.8334
2.3656,0.8706,3.7419
2.3658,0.8253,3.5438
2.3660,0.8425,3.6213
2.3662,0.9776,4.1899
2.3664,0.9856,4.2263
2.3666,1.0005,4.2901
2.3668,0.9975,4.2732
2.3670,0.9496,4.0701
2.3672,0.9613,4.1238
2.3674,0.9161,3.9427
2.3676,0.754,3.2454
2.3678,0.7393,3.1805
2.3680,0.7875,3.3894
2.3682,0.7436,3.2005
2.3684,0.6822,2.9431
2.3686,0.6094,2.6266
2.3688,0.6037,2.6018
2.3690,0.6549,2.8264
2.3692,0.5228,2.2566
2.3694,0.4961,2.1412
2.3696,0.522,2.2551
2.3698,0.4986,2.1511
2.3700,0.551,2.3727
2.3702,0.6203,2.6761
2.3704,0.5348,2.3084
2.3706,0.4927,2.1267
2.3708,0.4974,2.1459
2.3710,0.5583,2.4087
2.3712,0.5884,2.5374
2.3714,0.5881,2.5335
2.3716,0.5877,2.5343
2.3718,0.5918,2.5506
2.3720,0.5965,2.5684
2.3722,0.6283,2.7053
2.3724,0.6436,2.7791
2.3726,0.52,2.2442
2.3728,0.5551,2.3925
2.3730,0.5784,2.4928
2.3732,0.5424,2.342
2.3734,0.4883,2.1085
2.3736,0.4905,2.1149
2.3738,0.5466,2.3558
2.3740,0.5682,2.45
2.3742,0.5779,2.4919
2.3744,0.5817,2.5072
2.3746,0.5922,2.5522
2.3748,0.5876,2.5361
2.3750,0.5269,2.2721
2.3752,0.5412,2.3271
2.3754,0.6991,3.0048
2.3756,0.753,3.2378
2.3758,0.7239,3.1144
2.3760,0.7196,3.0987
2.3762,0.6169,2.6599
2.3764,0.591,2.5459
2.3766,0.6201,2.6739
2.3768,0.5693,2.4501
2.3770,0.5908,2.5489
2.3772,0.5354,2.3099
2.3774,0.5298,2.2845
2.3776,0.533,2.2985
2.3778,0.5392,2.3259
2.3780,0.5382,2.3218
2.3782,0.5287,2.2788
2.3784,0.5328,2.2974
2.3786,0.5426,2.3398
2.3788,0.5469,2.3563
2.3790,0.5468,2.3601
2.3792,0.5164,2.2286
2.3794,0.5452,2.3463
2.3796,0.5912,2.5504
2.3798,0.4927,2.1277
2.3800,0.4764,2.0573
2.3802,0.4876,2.1015
2.3804,0.5315,2.2917
2.3806,0.4876,2.1005
2.3808,0.4914,2.12
2.3810,0.4655,2.0111
2.3812,0.4642,2.0035
2.3814,0.4689,2.0218
2.3816,0.4679,2.0186
2.3818,0.4702,2.0284
2.3820,0.4685,2.0193
2.3822,0.5063,2.1801
2.3824,0.5502,2.3702
2.3826,0.5604,2.4141
2.3828,0.6087,2.6211
2.3830,0.6165,2.651
2.3832,0.6712,2.8901
2.3834,0.6269,2.6996
2.3836,0.6441,2.767
2.3838,0.7033,3.0215
2.3840,0.7536,3.2358
2.3842,0.7918,3.4033
2.3844,0.7815,3.3574
2.3846,0.8481,3.6416
2.3848,0.7868,3.38
2.3850,0.7617,3.2739
2.3852,0.7164,3.0834
2.3854,0.6625,2.8516
2.3856,0.6971,2.9947
2.3858,0.7232,3.1113
2.3860,0.7042,3.0321
2.3862,0.6677,2.8725
2.3864,0.6843,2.945
2.3866,0.6652,2.8616
2.3868,0.6532,2.8127
2.3870,0.6805,2.925
2.3872,0.7056,3.0313
2.3874,0.7373,3.1702
2.3876,0.7522,3.2332
2.3878,0.7121,3.0648
2.3880,0.6265,2.6963
2.3882,0.611,2.6321
2.3884,0.5943,2.5603
2.3886,0.5935,2.5543
2.3888,0.6015,2.5913
2.3890,0.5785,2.4956
2.3892,0.5047,2.1754
2.3894,0.5008,2.1594
2.3896,0.5035,2.1723
2.3898,0.5043,2.1754
2.3900,0.5011,2.1609
2.3902,0.5131,2.2085
2.3904,0.592,2.5493
2.3906,0.633,2.7246
2.3908,0.632,2.7225
2.3910,0.5303,2.2866
2.3912,0.4685,2.024
2.3914,0.4644,2.0045
2.3916,0.4672,2.0146
2.3918,0.4671,2.015
2.3920,0.4665,2.0124
2.3922,0.478,2.0611
2.3924,0.5092,2.1935
2.3926,0.552,2.3757
2.3928,0.6241,2.6897
2.3930,0.5755,2.4804
2.3932,0.5763,2.4794
2.3934,0.6286,2.7056
2.3936,0.7298,3.1368
2.3938,0.7166,3.0815
2.3940,0.7451,3.1993
2.3942,0.7993,3.4288
2.3944,0.8689,3.7242
2.3946,0.8585,3.6864
2.3948,0.8001,3.4356
2.3950,0.8294,3.5579
2.3952,0.8472,3.6346
2.3954,0.8351,3.586
2.3956,0.8238,3.5326
2.3958,0.8778,3.764
2.3960,0.9241,3.9644
2.3962,0.9093,3.8956
2.3964,0.9218,3.9546
2.3966,0.8855,3.7987
2.3968,0.8874,3.8069
2.3970,0.8087,3.4792
2.3972,0.7045,3.028
2.3974,0.7558,3.2501
2.3976,0.7364,3.1651
2.3978,0.7407,3.1867
2.3980,0.7235,3.1138
2.3982,0.7245,3.1141
2.3984,0.732,3.1431
2.3986,0.7459,3.2133
2.3988,0.7014,3.0118
2.3990,0.8249,3.5439
2.3992,0.7588,3.2646
2.3994,0.7343,3.1588
2.3996,0.7473,3.209
2.3998,0.806,3.4625
2.4000,0.7863,3.378
2.4002,0.753,3.2317
2.4004,0.7995,3.4346
2.4006,0.7792,3.3523
2.4008,0.7599,3.2677
2.4010,0.7835,3.3708
2.4012,0.7164,3.0791
2.4014,0.7138,3.0691
2.4016,0.7254,3.1235
2.4018,0.6676,2.8693
2.4020,0.7367,3.1617
2.4022,0.8288,3.5587
2.4024,0.7925,3.4095
2.4026,0.66,2.8434
2.4028,0.6205,2.6729
2.4030,0.6742,2.899
2.4032,0.7015,3.018
2.4034,0.6793,2.9212
2.4036,0.7082,3.0454
2.4038,0.723,3.1103
2.4040,0.707,3.0431
2.4042,0.6983,3.0054
2.4044,0.707,3.0403
2.4046,0.7236,3.1143
2.4048,0.6578,2.8297
2.4050,0.7193,3.0914
2.4052,0.7274,3.1294
2.4054,0.7205,3.0966
2.4056,0.6832,2.9472
2.4058,0.5575,2.4051
2.4060,0.5475,2.3599
2.4062,0.6043,2.5972
2.4064,0.7195,3.0925
2.4066,0.7457,3.2063
2.4068,0.7441,3.1996
2.4070,0.7658,3.2929
2.4072,0.743,3.192
2.4074,0.8169,3.511
2.4076,0.8457,3.633
2.4078,0.8258,3.5475
2.4080,0.7741,3.3301
2.4082,0.7375,3.1712
2.4084,0.7369,3.1657
2.4086,0.6802,2.9329
2.4088,0.6311,2.7164
2.4090,0.7248,3.1195
2.4092,0.6317,2.7228
2.4094,0.5816,2.5079
2.4096,0.5989,2.5799
2.4098,0.6434,2.7703
2.4100,0.5599,2.4176
2.4102,0.5044,2.1769
2.4104,0.4992,2.1516
2.4106,0.551,2.376
2.4108,0.5356,2.3082
2.4110,0.5274,2.2752
2.4112,0.5276,2.2762
2.4114,0.5288,2.2804
2.4116,0.5316,2.2912
2.4118,0.5371,2.316
2.4120,0.5322,2.2927
2.4122,0.6464,2.7806
2.4124,0.693,2.9896
2.4126,0.5609,2.4173
2.4128,0.541,2.3326
2.4130,0.5282,2.2788
2.4132,0.5263,2.2695
2.4134,0.5267,2.27
2.4136,0.5285,2.2788
2.4138,0.5286,2.2793
2.4140,0.5292,2.2819
2.4142,0.5276,2.2741
2.4144,0.5258,2.2695
2.4146,0.5274,2.2752
2.4148,0.5273,2.2726
2.4150,0.5255,2.2648
2.4152,0.5267,2.2732
2.4154,0.5336,2.2978
2.4156,0.6364,2.7378
2.4158,0.678,2.9182
2.4160,0.6247,2.6898
2.4162,0.5842,2.5181
2.4164,0.531,2.2897
2.4166,0.5296,2.2824
2.4168,0.5308,2.2855
2.4170,0.6002,2.582
2.4172,0.7395,3.1756
2.4174,0.7642,3.2878
2.4176,0.699,3.0127
2.4178,0.5808,2.5031
2.4180,0.539,2.3232
2.4182,0.5347,2.3046
2.4184,0.5287,2.2798
2.4186,0.5303,2.2844
2.4188,0.6006,2.5812
2.4190,0.6648,2.8654
2.4192,0.5521,2.3818
2.4194,0.5363,2.3113
2.4196,0.5372,2.3155
2.4198,0.5342,2.3026
2.4200,0.537,2.3144
2.4202,0.5426,2.3377
2.4204,0.5583,2.4053
2.4206,0.5832,2.5099
2.4208,0.5742,2.477
2.4210,0.4832,2.0863
2.4212,0.4698,2.0288
2.4214,0.4147,1.7881
2.4216,0.4472,1.9273
2.4218,0.5168,2.2287
2.4220,0.4962,2.1387
2.4222,0.5395,2.3231
2.4224,0.5508,2.3673
2.4226,0.6151,2.6485
2.4228,0.5911,2.5499
2.4230,0.5316,2.2923
2.4232,0.5196,2.2395
2.4234,0.5225,2.2519
2.4236,0.5564,2.3948
2.4238,0.5894,2.538
2.4240,0.5928,2.5489
2.4242,0.6593,2.8337
2.4244,0.6769,2.9108
2.4246,0.695,2.9859
2.4248,0.7554,3.2481
2.4250,0.6967,2.9945
2.4252,0.7208,3.0952
2.4254,0.7686,3.2987
2.4256,0.7864,3.3785
2.4258,0.7645,3.2812
2.4260,0.8162,3.5046
2.4262,0.8146,3.4979
2.4264,0.8047,3.4536
2.4266,0.8172,3.5027
2.4268,0.9023,3.8635
2.4270,0.9409,4.0289
2.4272,0.9742,4.1736
2.4274,0.9797,4.1991
2.4276,0.9682,4.1498
2.4278,0.9849,4.2153
2.4280,1.0088,4.3235
2.4282,0.986,4.2278
2.4284,0.8884,3.8093
2.4286,0.8328,3.5745
2.4288,0.8471,3.6358
2.4290,0.917,3.934
2.4292,0.898,3.8468
2.4294,0.9832,4.2141
2.4296,0.9767,4.1882
2.4298,0.9534,4.0861
2.4300,0.9251,3.9703
2.4302,0.8079,3.4707
2.4304,0.7875,3.3831
2.4306,0.8473,3.6368
2.4308,0.9083,3.8964
2.4310,0.9072,3.8882
2.4312,0.9998,4.279
2.4314,1.0155,4.3523
2.4316,0.9812,4.2073
2.4318,0.9562,4.108
2.4320,0.7674,3.2981
2.4322,0.8062,3.4683
2.4324,0.7224,3.1092
2.4326,0.6828,2.9375
2.4328,0.6621,2.8495
2.4330,0.6527,2.8093
2.4332,0.6816,2.931
2.4334,0.7328,3.1511
2.4336,0.7013,3.0211
2.4338,0.6671,2.8726
2.4340,0.6929,2.9753
2.4342,0.8057,3.4647
2.4344,0.7622,3.2759
2.4346,0.7485,3.2187
2.4348,0.7338,3.1553
2.4350,0.728,3.1334
2.4352,0.7289,3.1356
2.4354,0.726,3.1217
2.4356,0.7211,3.1035
2.4358,0.704,3.0274
2.4360,0.7086,3.0441
2.4362,0.7675,3.2956
2.4364,0.884,3.7943
2.4366,0.8212,3.5345
2.4368,0.6827,2.9397
2.4370,0.6006,2.5884
2.4372,0.6097,2.6301
2.4374,0.6316,2.7185
2.4376,0.6661,2.8711
2.4378,0.5796,2.4956
2.4380,0.6438,2.7698
2.4382,0.6798,2.9273
2.4384,0.7022,3.0225
2.4386,0.6821,2.9385
2.4388,0.6086,2.623
2.4390,0.6393,2.7528
2.4392,0.6687,2.8766
2.4394,0.6816,2.9296
2.4396,0.7386,3.1759
2.4398,0.7297,3.1407
2.4400,0.6907,2.9729
2.4402,0.688,2.961
2.4404,0.7094,3.052
2.4406,0.7066,3.041
2.4408,0.7144,3.0732
2.4410,0.6955,2.9908
2.4412,0.6874,2.9585
2.4414,0.7009,3.0154
2.4416,0.7105,3.0538
2.4418,0.8099,3.4778
2.4420,0.8557,3.6763
2.4422,0.8423,3.6152
2.4424,0.8894,3.821
2.4426,0.8331,3.5839
2.4428,0.7199,3.0954
2.4430,0.7718,3.3125
2.4432,0.8031,3.4453
2.4434,0.8864,3.8028
2.4436,0.946,4.0623
2.4438,0.9373,4.0191
2.4440,0.9373,4.0209
2.4442,0.8825,3.7876
2.4444,0.8764,3.7684
2.4446,0.7822,3.362
2.4448,0.7762,3.3394
2.4450,0.7073,3.0441
2.4452,0.7046,3.0342
2.4454,0.7049,3.031
2.4456,0.7647,3.2852
2.4458,0.8261,3.549
2.4460,0.7665,3.3006
2.4462,0.6585,2.838
2.4464,0.6414,2.7595
2.4466,0.6923,2.9824
2.4468,0.6585,2.842
2.4470,0.5296,2.2877
2.4472,0.4743,2.0489
2.4474,0.47,2.0284
2.4476,0.5276,2.2762
2.4478,0.4984,2.152
2.4480,0.4745,2.0471
2.4482,0.468,2.0219
2.4484,0.473,2.0413
2.4486,0.5261,2.2706
2.4488,0.5411,2.3288
2.4490,0.6038,2.6072
2.4492,0.4784,2.0655
2.4494,0.4572,1.9735
2.4496,0.464,2.0015
2.4498,0.4749,2.0515
2.4500,0.4746,2.0514
2.4502,0.4751,2.0487
2.4504,0.5424,2.3345
2.4506,0.6664,2.8655
2.4508,0.7453,3.2018
2.4510,0.7138,3.0706
2.4512,0.6605,2.8455
2.4514,0.5956,2.5684
2.4516,0.5527,2.3833
2.4518,0.5505,2.3729
2.4520,0.5854,2.5244
2.4522,0.5528,2.3827
2.4524,0.5553,2.3924
2.4526,0.5976,2.5743
2.4528,0.5731,2.4689
2.4530,0.5499,2.3703
2.4532,0.549,2.3661
2.4534,0.5485,2.3652
2.4536,0.5513,2.3771
2.4538,0.5404,2.3289
2.4540,0.5354,2.3088
2.4542,0.5282,2.2767
2.4544,0.583,2.5083
2.4546,0.6456,2.7788
2.4548,0.632,2.7238
2.4550,0.5938,2.5606
2.4552,0.6098,2.6245
2.4554,0.6248,2.6903
2.4556,0.6239,2.6879
2.4558,0.6399,2.7553
2.4560,0.6622,2.8474
2.4562,0.6389,2.7474
2.4564,0.661,2.8462
2.4566,0.6183,2.6612
2.4568,0.6696,2.8794
2.4570,0.6623,2.8546
2.4572,0.5099,2.2007
2.4574,0.4935,2.1298
2.4576,0.5056,2.177
2.4578,0.5672,2.4447
2.4580,0.4983,2.1485
2.4582,0.4883,2.1066
2.4584,0.4823,2.0788
2.4586,0.5238,2.2565
2.4588,0.5792,2.4975
2.4590,0.5028,2.1682
2.4592,0.5159,2.2235
2.4594,0.5646,2.4311
2.4596,0.6031,2.598
2.4598,0.5769,2.4854
2.4600,0.5932,2.5509
2.4602,0.6732,2.8908
2.4604,0.7946,3.4103
2.4606,0.8554,3.6696
2.4608,0.8355,3.5859
2.4610,0.7955,3.4145
2.4612,0.8397,3.6055
2.4614,0.7851,3.3744
2.4616,0.7476,3.2101
2.4618,0.8001,3.434
2.4620,0.8171,3.5104
2.4622,0.8388,3.5986
2.4624,0.891,3.817
2.4626,0.964,4.128
2.4628,1.0036,4.3054
2.4630,0.9145,3.925
2.4632,0.8334,3.5771
2.4634,0.8657,3.7138
2.4636,0.9405,4.0386
2.4638,0.9077,3.8921
2.4640,0.9037,3.8733
2.4642,0.9237,3.9554
2.4644,0.9749,4.1766
2.4646,0.9721,4.1682
2.4648,0.9698,4.1623
2.4650,0.9137,3.9141
2.4652,0.9717,4.1686
2.4654,0.9691,4.1612
2.4656,0.892,3.8265
2.4658,0.8681,3.7258
2.4660,0.8742,3.7521
2.4662,0.8295,3.5701
2.4664,0.7677,3.3043
2.4666,0.7741,3.3285
2.4668,0.7754,3.3326
2.4670,0.7599,3.2692
2.4672,0.7786,3.3481
2.4674,0.7839,3.3661
2.4676,0.8108,3.4831
2.4678,0.7971,3.4227
2.4680,0.8318,3.5765
2.4682,0.8243,3.538
2.4684,0.8505,3.6587
2.4686,0.7846,3.3755
2.4688,0.7788,3.3486
2.4690,0.7461,3.2099
2.4692,0.6775,2.9188
2.4694,0.7003,3.0114
2.4696,0.7239,3.1144
2.4698,0.6876,2.965
2.4700,0.6568,2.8282
2.4702,0.6762,2.9078
2.4704,0.7636,3.2852
2.4706,0.7696,3.3125
2.4708,0.7295,3.1396
2.4710,0.6847,2.9457
2.4712,0.7088,3.0494
2.4714,0.6536,2.8168
2.4716,0.6085,2.6249
2.4718,0.5781,2.4929
2.4720,0.5666,2.441
2.4722,0.6348,2.7337
2.4724,0.7056,3.0383
2.4726,0.6392,2.7548
2.4728,0.5805,2.5044
2.4730,0.5562,2.3994
2.4732,0.5573,2.4018
2.4734,0.6151,2.6497
2.4736,0.6442,2.7739
2.4738,0.6658,2.8642
2.4740,0.6651,2.8598
2.4742,0.6621,2.8548
2.4744,0.6051,2.6092
2.4746,0.5931,2.5551
2.4748,0.6449,2.7745
2.4750,0.7717,3.3167
2.4752,0.8214,3.5306
2.4754,0.7919,3.4006
2.4756,0.7985,3.4337
2.4758,0.699,3.0127
2.4760,0.6175,2.6588
2.4762,0.6115,2.6366
2.4764,0.61,2.6292
2.4766,0.6169,2.6587
2.4768,0.6104,2.6283
2.4770,0.6103,2.6302
2.4772,0.6103,2.6302
2.4774,0.6147,2.6481
2.4776,0.6296,2.7122
2.4778,0.6208,2.6732
2.4780,0.6636,2.8563
2.4782,0.6879,2.9633
2.4784,0.6251,2.6918
2.4786,0.6206,2.6747
2.4788,0.6152,2.6477
2.4790,0.7042,3.0251
2.4792,0.7445,3.2026
2.4794,0.6263,2.7033
2.4796,0.5505,2.374
2.4798,0.5477,2.3626
2.4800,0.5441,2.3449
2.4802,0.5509,2.3755
2.4804,0.5574,2.4023
2.4806,0.5564,2.3971
2.4808,0.5579,2.4021
2.4810,0.5977,2.5772
2.4812,0.5899,2.5436
2.4814,0.552,2.3802
2.4816,0.5469,2.3574
2.4818,0.5758,2.4831
2.4820,0.5601,2.412
2.4822,0.6838,2.9389
2.4824,0.6754,2.9095
2.4826,0.5637,2.4308
2.4828,0.6069,2.6109
2.4830,0.6897,2.9655
2.4832,0.696,2.9956
2.4834,0.6597,2.8392
2.4836,0.6869,2.9523
2.4838,0.8186,3.5084
2.4840,0.9019,3.8656
2.4842,0.9185,3.9402
2.4844,0.9117,3.915
2.4846,0.8891,3.8141
2.4848,0.9075,3.8934
2.4850,0.8842,3.8001
2.4852,0.7671,3.2971
2.4854,0.757,3.2508
2.4856,0.7958,3.4171
2.4858,0.7797,3.3528
2.4860,0.7549,3.2445
2.4862,0.8105,3.482
2.4864,0.7463,3.2089
2.4866,0.7164,3.0848
2.4868,0.7299,3.1388
2.4870,0.7833,3.3651
2.4872,0.7598,3.2596
2.4874,0.8482,3.6421
2.4876,0.849,3.6542
2.4878,0.725,3.1205
2.4880,0.6477,2.7889
2.4882,0.6369,2.7424
2.4884,0.6456,2.7827
2.4886,0.59,2.5394
2.4888,0.6531,2.8108
2.4890,0.6632,2.8542
2.4892,0.6464,2.7884
2.4894,0.5109,2.2048
2.4896,0.4941,2.1314
2.4898,0.4933,2.1273
2.4900,0.5723,2.4664
2.4902,0.5852,2.5234
2.4904,0.5083,2.193
2.4906,0.5025,2.1686
2.4908,0.4996,2.1532
2.4910,0.5251,2.2643
2.4912,0.5882,2.541
2.4914,0.5002,2.1588
2.4916,0.4821,2.0787
2.4918,0.4806,2.0744
2.4920,0.4665,2.0105
2.4922,0.4871,2.1004
2.4924,0.5338,2.3005
2.4926,0.5804,2.4981
2.4928,0.5986,2.5813
2.4930,0.5742,2.4747
2.4932,0.5828,2.5084
2.4934,0.6726,2.8896
2.4936,0.7959,3.4192
2.4938,0.8005,3.4356
2.4940,0.8013,3.4424
2.4942,0.7772,3.3419
2.4944,0.8105,3.4853
2.4946,0.7449,3.2017
2.4948,0.7218,3.0965
2.4950,0.8596,3.6876
2.4952,0.9043,3.8759
2.4954,0.937,4.0124
2.4956,0.9782,4.1905
2.4958,0.9836,4.2176
2.4960,0.9107,3.9067
2.4962,0.9167,3.9398
2.4964,0.799,3.4374
2.4966,0.7451,3.2022
2.4968,0.7537,3.2348
2.4970,0.8164,3.5089
2.4972,0.8128,3.4902
2.4974,0.8232,3.5334
2.4976,0.8261,3.5507
2.4978,0.7863,3.3827
2.4980,0.8066,3.4602
2.4982,0.8906,3.8208
2.4984,0.8676,3.7255
2.4986,0.8411,3.6117
2.4988,0.8926,3.8326
2.4990,0.8848,3.7938
2.4992,0.9403,4.0395
2.4994,0.7973,3.4286
2.4996,0.7623,3.2749
2.4998,0.7786,3.3434
2.5000,0.7422,3.1943
2.5002,0.6858,2.9476
2.5004,0.7522,3.2332
2.5006,0.7517,3.2366
2.5008,0.6762,2.9132
2.5010,0.6374,2.7432
2.5012,0.6602,2.84
2.5014,0.6946,2.9964
2.5016,0.5541,2.3895
2.5018,0.5321,2.2922
2.5020,0.5718,2.4666
2.5022,0.5537,2.3874
2.5024,0.6028,2.5946
2.5026,0.6724,2.8939
2.5028,0.666,2.8706
2.5030,0.6338,2.7328
2.5032,0.5996,2.5818
2.5034,0.61,2.6268
2.5036,0.6077,2.6182
2.5038,0.5976,2.5755
2.5040,0.6082,2.619
2.5042,0.6759,2.9076
2.5044,0.7397,3.1805
2.5046,0.7599,3.2662
2.5048,0.7453,3.2063
2.5050,0.716,3.0804
2.5052,0.6992,3.0068
2.5054,0.7145,3.0737
2.5056,0.6711,2.8896
2.5058,0.7215,3.1027
2.5060,0.7658,3.2929
2.5062,0.6387,2.7515
2.5064,0.537,2.3155
2.5066,0.5372,2.3166
2.5068,0.5729,2.469
2.5070,0.5058,2.1851
2.5072,0.4689,2.0228
2.5074,0.462,1.996
2.5076,0.4562,1.9688
2.5078,0.451,1.9466
2.5080,0.4529,1.9549
2.5082,0.4991,2.1471
2.5084,0.607,2.6151
2.5086,0.5751,2.4834
2.5088,0.468,2.0191
2.5090,0.4949,2.133
2.5092,0.5255,2.269
2.5094,0.4599,1.9867
2.5096,0.4487,1.9358
2.5098,0.4447,1.9174
2.5100,0.4477,1.9321
2.5102,0.4501,1.9415
2.5104,0.4589,1.9817
2.5106,0.4612,1.9915
2.5108,0.4581,1.9762
2.5110,0.4546,1.963
2.5112,0.462,1.9923
2.5114,0.5089,2.1905
2.5116,0.5541,2.3884
2.5118,0.5523,2.3762
2.5120,0.5436,2.3451
2.5122,0.454,1.9613
2.5124,0.434,1.8731
2.5126,0.4262,1.8386
2.5128,0.4291,1.8519
2.5130,0.4274,1.8455
2.5132,0.4347,1.8753
2.5134,0.4298,1.8541
2.5136,0.4277,1.847
2.5138,0.4304,1.8567
2.5140,0.4313,1.8608
2.5142,0.4336,1.8715
2.5144,0.4327,1.8683
2.5146,0.4304,1.8567
2.5148,0.4321,1.8639
2.5150,0.4312,1.8595
2.5152,0.433,1.8689
2.5154,0.4328,1.8679
2.5156,0.4303,1.8562
2.5158,0.4312,1.8603
2.5160,0.4321,1.8648
2.5162,0.4322,1.8653
2.5164,0.4305,1.8581
2.5166,0.4505,1.9409
2.5168,0.5338,2.2962
2.5170,0.5747,2.4744
2.5172,0.5679,2.4433
2.5174,0.5733,2.4688
2.5176,0.5889,2.5359
2.5178,0.5787,2.4932
2.5180,0.4931,2.1263
2.5182,0.4775,2.059
2.5184,0.5001,2.1553
2.5186,0.5203,2.2426
2.5188,0.5375,2.3133
2.5190,0.5473,2.3567
2.5192,0.5555,2.394
2.5194,0.5442,2.3476
2.5196,0.5117,2.2044
2.5198,0.5115,2.2044
2.5200,0.4939,2.1299
2.5202,0.482,2.0772
2.5204,0.4811,2.0726
2.5206,0.5023,2.1601
2.5208,0.5381,2.3202
2.5210,0.4647,2.0074
2.5212,0.3935,1.6981
2.5214,0.4077,1.7597
2.5216,0.4039,1.7416
2.5218,0.4622,1.9919
2.5220,0.458,1.9766
2.5222,0.3914,1.6886
2.5224,0.4071,1.7531
2.5226,0.5726,2.4645
2.5228,0.6164,2.6504
2.5230,0.6344,2.7329
2.5232,0.5342,2.3004
2.5234,0.5058,2.1801
2.5236,0.5044,2.1729
2.5238,0.5062,2.1796
2.5240,0.5398,2.322
2.5242,0.5874,2.5245
2.5244,0.6548,2.8141
2.5246,0.6731,2.8943
2.5248,0.6508,2.7984
2.5250,0.6503,2.7938
2.5252,0.6745,2.8965
2.5254,0.6959,2.9895
2.5256,0.6883,2.9557
2.5258,0.738,3.1689
2.5260,0.734,3.1519
2.5262,0.7728,3.312
2.5264,0.8352,3.5831
2.5266,0.8407,3.6018
2.5268,0.8735,3.7403
2.5270,0.9233,3.9515
2.5272,0.9751,4.1791
2.5274,0.9614,4.1205
2.5276,0.9163,3.9199
2.5278,1.0016,4.2847
2.5280,1.0564,4.517
2.5282,1.0872,4.651
2.5284,1.0347,4.4304
2.5286,0.962,4.1231
2.5288,0.9041,3.873
2.5290,0.9336,3.9994
2.5292,0.9555,4.0934
2.5294,0.9987,4.2764
2.5296,0.9887,4.2298
2.5298,1.0113,4.3323
2.5300,0.9923,4.2491
2.5302,1.0136,4.3461
2.5304,0.8885,3.8151
2.5306,0.8394,3.6062
2.5308,0.7828,3.363
2.5310,0.7808,3.3543
2.5312,0.7738,3.3259
2.5314,0.768,3.2976
2.5316,0.8566,3.6713
2.5318,0.9192,3.9378
2.5320,0.9092,3.9006
2.5322,0.8279,3.5567
2.5324,0.7864,3.3785
2.5326,0.8089,3.4684
2.5328,0.8744,3.7514
2.5330,0.8795,3.7712
2.5332,0.911,3.9046
2.5334,0.9204,3.9484
2.5336,0.8807,3.7852
2.5338,0.8545,3.666
2.5340,0.8663,3.7216
2.5342,0.8029,3.4507
2.5344,0.7605,3.2703
2.5346,0.7052,3.0325
2.5348,0.7609,3.2672
2.5350,0.8356,3.583
2.5352,0.8545,3.6694
2.5354,0.8693,3.7345
2.5356,0.7969,3.4249
2.5358,0.7925,3.4032
2.5360,0.7823,3.3625
2.5362,0.7588,3.26
2.5364,0.7702,3.3105
2.5366,0.7284,3.1321
2.5368,0.6905,2.9705
2.5370,0.747,3.212
2.5372,0.7494,3.2253
2.5374,0.7056,3.0355
2.5376,0.6924,2.9787
2.5378,0.6947,2.9899
2.5380,0.8234,3.5339
2.5382,0.817,3.5131
2.5384,0.7435,3.2015
2.5386,0.6887,2.9628
2.5388,0.7003,3.0128
2.5390,0.7194,3.0948
2.5392,0.756,3.2522
2.5394,0.769,3.3022
2.5396,0.7277,3.1304
2.5398,0.685,2.9495
2.5400,0.69,2.9726
2.5402,0.6935,2.9806
2.5404,0.7771,3.3383
2.5406,0.818,3.5123
2.5408,0.8634,3.704
2.5410,0.8357,3.5936
2.5412,0.767,3.292
2.5414,0.8737,3.7518
2.5416,0.8506,3.6609
2.5418,0.7604,3.2713
2.5420,0.7428,3.191
2.5422,0.8021,3.446
2.5424,0.8145,3.4974
2.5426,0.8644,3.7116
2.5428,0.8619,3.6991
2.5430,0.8417,3.6177
2.5432,0.8352,3.5848
2.5434,0.9043,3.8795
2.5436,0.869,3.7317
2.5438,0.8828,3.7909
2.5440,0.8938,3.836
2.5442,0.8698,3.7313
2.5444,0.8761,3.7656
2.5446,0.868,3.7219
2.5448,0.9277,3.9872
2.5450,0.8061,3.4694
2.5452,0.7616,3.2764
2.5454,0.6873,2.9593
2.5456,0.7002,3.0151
2.5458,0.6853,2.9483
2.5460,0.6599,2.8482
2.5462,0.5617,2.4232
2.5464,0.5514,2.3776
2.5466,0.5503,2.3718
2.5468,0.614,2.6475
2.5470,0.5761,2.4864
2.5472,0.5517,2.3791
2.5474,0.5475,2.3599
2.5476,0.5507,2.3756
2.5478,0.5544,2.3894
2.5480,0.6615,2.8496
2.5482,0.6317,2.7228
2.5484,0.5508,2.375
2.5486,0.5463,2.3569
2.5488,0.5894,2.5368
2.5490,0.6482,2.791
2.5492,0.6533,2.8145
2.5494,0.6443,2.7745
2.5496,0.6798,2.9246
2.5498,0.7225,3.1082
2.5500,0.7624,3.28
2.5502,0.7729,3.3249
2.5504,0.7321,3.1524
2.5506,0.6745,2.9032
2.5508,0.6447,2.7747
2.5510,0.6418,2.7662
2.5512,0.6486,2.7917
2.5514,0.7387,3.1779
2.5516,0.7175,3.088
2.5518,0.6973,3.0041
2.5520,0.7004,3.0147
2.5522,0.714,3.0702
2.5524,0.7435,3.1985
2.5526,0.6909,2.9693
2.5528,0.7319,3.1485
2.5530,0.7115,3.0622
2.5532,0.6852,2.9505
2.5534,0.6916,2.9779
2.5536,0.6889,2.9638
2.5538,0.6897,2.9683
2.5540,0.6283,2.7128
2.5542,0.5016,2.165
2.5544,0.5434,2.3408
2.5546,0.5899,2.5447
2.5548,0.5089,2.1976
2.5550,0.4931,2.1282
2.5552,0.4903,2.1144
2.5554,0.5666,2.4398
2.5556,0.5865,2.5291
2.5558,0.5823,2.5122
2.5560,0.5222,2.253
2.5562,0.4844,2.0905
2.5564,0.4842,2.0899
2.5566,0.4998,2.1542
2.5568,0.5306,2.2849
2.5570,0.5559,2.3983
2.5572,0.4929,2.1262
2.5574,0.4809,2.0745
2.5576,0.4812,2.077
2.5578,0.4877,2.1059
2.5580,0.4854,2.0941
2.5582,0.5061,2.1811
2.5584,0.5473,2.3556
2.5586,0.6049,2.6034
2.5588,0.6251,2.6906
2.5590,0.6725,2.8918
2.5592,0.7242,3.114
2.5594,0.7361,3.1651
2.5596,0.7662,3.293
2.5598,0.8337,3.5765
2.5600,0.8154,3.5048
2.5602,0.7664,3.2894
2.5604,0.8538,3.6612
2.5606,0.8434,3.6164
2.5608,0.8985,3.8512
2.5610,0.9017,3.8682
2.5612,0.8891,3.8141
2.5614,0.9044,3.8782
2.5616,0.9343,4.0062
2.5618,0.8824,3.7836
2.5620,0.9266,3.9752
2.5622,0.9006,3.8653
2.5624,0.892,3.8265
2.5626,0.9137,3.9159
2.5628,0.9667,4.1412
2.5630,1.0103,4.3262
2.5632,1.0032,4.3019
2.5634,0.9204,3.9466
2.5636,0.9501,4.0722
2.5638,0.9826,4.2134
2.5640,0.9993,4.2809
2.5642,1.0207,4.3708
2.5644,0.9553,4.1
2.5646,0.8985,3.8566
2.5648,0.8608,3.6945
2.5650,0.9171,3.929
2.5652,0.9597,4.1191
2.5654,0.9327,4.0014
2.5656,0.9447,4.0528
2.5658,0.9439,4.0492
2.5660,0.9646,4.1402
2.5662,0.9225,3.9595
2.5664,0.9314,3.9939
2.5666,0.9739,4.1779
2.5668,0.9039,3.8852
2.5670,0.8198,3.5283
2.5672,0.7347,3.1638
2.5674,0.6572,2.8323
2.5676,0.6173,2.662
2.5678,0.596,2.5675
2.5680,0.6161,2.6568
2.5682,0.5657,2.4391
2.5684,0.5664,2.4433
2.5686,0.596,2.5675
2.5688,0.6153,2.6495
2.5690,0.6438,2.7724
2.5692,0.6376,2.7506
2.5694,0.5568,2.402
2.5696,0.5729,2.469
2.5698,0.5947,2.5619
2.5700,0.5832,2.5134
2.5702,0.6319,2.7233
2.5704,0.6679,2.8802
2.5706,0.5786,2.4973
2.5708,0.5065,2.1842
2.5710,0.5856,2.5249
2.5712,0.6085,2.6237
2.5714,0.6148,2.6511
2.5716,0.5378,2.3191
2.5718,0.5069,2.1867
2.5720,0.5764,2.4868
2.5722,0.584,2.5159
2.5724,0.6278,2.7045
2.5726,0.5742,2.4781
2.5728,0.505,2.1815
2.5730,0.498,2.1495
2.5732,0.5021,2.1651
2.5734,0.52,2.2411
2.5736,0.5731,2.4689
2.5738,0.6261,2.696
2.5740,0.6817,2.9369
2.5742,0.614,2.6426
2.5744,0.6778,2.9158
2.5746,0.7322,3.1471
2.5748,0.6985,3.0093
2.5750,0.5595,2.4139
2.5752,0.5358,2.3114
2.5754,0.5342,2.3036
2.5756,0.5368,2.3145
2.5758,0.5298,2.2834
2.5760,0.5272,2.2742
2.5762,0.5294,2.284
2.5764,0.5371,2.316
2.5766,0.5477,2.3615
2.5768,0.5321,2.2933
2.5770,0.5285,2.2799
2.5772,0.5299,2.2861
2.5774,0.5339,2.3021
2.5776,0.5339,2.301
2.5778,0.5736,2.4698
2.5780,0.6038,2.6023
2.5782,0.5828,2.5119
2.5784,0.5121,2.209
2.5786,0.4706,2.0319
2.5788,0.4662,2.0114
2.5790,0.4875,2.102
2.5792,0.5658,2.4408
2.5794,0.522,2.2498
2.5796,0.5071,2.1888
2.5798,0.467,2.0163
2.5800,0.4926,2.1252
2.5802,0.4605,1.9865
2.5804,0.4541,1.9582
2.5806,0.4794,2.0683
2.5808,0.4762,2.0562
2.5810,0.4748,2.0472
2.5812,0.473,2.0403
2.5814,0.4664,2.0119
2.5816,0.4846,2.0896
2.5818,0.5364,2.3076
2.5820,0.6014,2.5884
2.5822,0.5887,2.5337
2.5824,0.6485,2.7886
2.5826,0.7302,3.1383
2.5828,0.7303,3.133
2.5830,0.7894,3.3866
2.5832,0.8304,3.5626
2.5834,0.8724,3.7409
2.5836,0.9233,3.9589
2.5838,0.8415,3.6183
2.5840,0.7552,3.2476
2.5842,0.7308,3.1438
2.5844,0.6857,2.9499
2.5846,0.7126,3.0611
2.5848,0.7453,3.2063
2.5850,0.6784,2.917
2.5852,0.685,2.9481
2.5854,0.7033,3.0257
2.5856,0.717,3.0802
2.5858,0.749,3.2222
2.5860,0.7286,3.1302
2.5862,0.7446,3.2002
2.5864,0.7215,3.1027
2.5866,0.7704,3.311
2.5868,0.7659,3.2935
2.5870,0.7838,3.3625
2.5872,0.8195,3.5207
2.5874,0.7407,3.1911
2.5876,0.6113,2.6361
2.5878,0.5258,2.2664
2.5880,0.4968,2.1423
2.5882,0.4927,2.1237
2.5884,0.5624,2.4229
2.5886,0.5895,2.542
2.5888,0.5099,2.2017
2.5890,0.4951,2.1351
2.5892,0.5853,2.5216
2.5894,0.5806,2.5003
2.5896,0.573,2.4707
2.5898,0.4767,2.0554
2.5900,0.463,2.0002
2.5902,0.4618,1.9922
2.5904,0.4662,2.0114
2.5906,0.4689,2.0237
2.5908,0.4611,1.9891
2.5910,0.4798,2.0689
2.5912,0.4882,2.1051
2.5914,0.5314,2.2902
2.5916,0.5462,2.3499
2.5918,0.6122,2.6336
2.5920,0.5968,2.5688
2.5922,0.5858,2.5248
2.5924,0.6139,2.6396
2.5926,0.7169,3.0783
2.5928,0.7328,3.1511
2.5930,0.7397,3.1776
2.5932,0.7791,3.3455
2.5934,0.8037,3.4478
2.5936,0.8653,3.7105
2.5938,0.8765,3.7636
2.5940,0.8708,3.7359
2.5942,0.9307,3.9833
2.5944,0.9836,4.2156
2.5946,0.9218,3.9472
2.5948,1.0303,4.4099
2.5950,1.0338,4.4289
2.5952,1.0197,4.3723
2.5954,0.9692,4.1559
2.5956,0.8858,3.8127
2.5958,0.7458,3.2053
2.5960,0.7289,3.1341
2.5962,0.7309,3.14
2.5964,0.7669,3.296
2.5966,0.7602,3.2702
2.5968,0.7302,3.1369
2.5970,0.7859,3.3827
2.5972,0.7169,3.0826
2.5974,0.7732,3.3187
2.5976,0.8231,3.5394
2.5978,0.7634,3.2842
2.5980,0.737,3.1692
2.5982,0.7338,3.1553
2.5984,0.7314,3.1464
2.5986,0.6735,2.8999
2.5988,0.6634,2.8552
2.5990,0.6795,2.9217
2.5992,0.7311,3.1439
2.5994,0.7532,3.2343
2.5996,0.7548,3.2455
2.5998,0.7222,3.1038
2.6000,0.8234,3.5372
2.6002,0.8048,3.4589
2.6004,0.7841,3.3703
2.6006,0.7383,3.1763
2.6008,0.7088,3.0537
2.6010,0.6289,2.7028
2.6012,0.7187,3.0874
2.6014,0.7499,3.2229
2.6016,0.7754,3.3326
2.6018,0.8267,3.5565
2.6020,0.7538,3.2399
2.6022,0.7981,3.4253
2.6024,0.8936,3.8373
2.6026,0.8523,3.6613
2.6028,0.8017,3.4407
2.6030,0.8452,3.6292
2.6032,0.849,3.6457
2.6034,0.8572,3.6859
2.6036,0.7856,3.3765
2.6038,0.759,3.2666
2.6040,0.7092,3.051
2.6042,0.7771,3.3367
2.6044,0.8315,3.5722
2.6046,0.7404,3.1866
2.6048,0.7168,3.082
2.6050,0.7845,3.3687
2.6052,0.8472,3.6397
2.6054,0.8274,3.5613
2.6056,0.6252,2.6923
2.6058,0.6362,2.7367
2.6060,0.6663,2.8676
2.6062,0.683,2.9412
2.6064,0.648,2.7917
2.6066,0.6001,2.5875
2.6068,0.6039,2.604
2.6070,0.589,2.5375
2.6072,0.636,2.7362
2.6074,0.7099,3.054
2.6076,0.6495,2.7992
2.6078,0.5979,2.5794
2.6080,0.5762,2.4834
2.6082,0.5742,2.4758
2.6084,0.5905,2.5437
2.6086,0.5812,2.5028
2.6088,0.5875,2.532
2.6090,0.5833,2.5139
2.6092,0.6315,2.7154
2.6094,0.7242,3.114
2.6096,0.7053,3.0443
2.6098,0.5194,2.2405
2.6100,0.5305,2.2876
2.6102,0.5267,2.2731
2.6104,0.5236,2.2597
2.6106,0.5309,2.2902
2.6108,0.5251,2.2643
2.6110,0.5281,2.2772
2.6112,0.5533,2.3858
2.6114,0.5412,2.3336
2.6116,0.5394,2.3258
2.6118,0.5346,2.3051
2.6120,0.5387,2.3227
2.6122,0.5375,2.3154
2.6124,0.5826,2.5061
2.6126,0.592,2.5505
2.6128,0.539,2.3253
2.6130,0.5273,2.2736
2.6132,0.5249,2.2633
2.6134,0.5254,2.2664
2.6136,0.5256,2.2674
2.6138,0.5233,2.2544
2.6140,0.5829,2.51
2.6142,0.5522,2.38
2.6144,0.5278,2.2757
2.6146,0.5246,2.2622
2.6148,0.525,2.2627
2.6150,0.5267,2.2721
2.6152,0.529,2.2808
2.6154,0.5745,2.4762
2.6156,0.5325,2.2932
2.6158,0.5672,2.4435
2.6160,0.6317,2.7151
2.6162,0.6842,2.9422
2.6164,0.657,2.8291
2.6166,0.6388,2.7519
2.6168,0.595,2.5646
2.6170,0.5261,2.2684
2.6172,0.5348,2.303
2.6174,0.6436,2.7687
2.6176,0.6754,2.9068
2.6178,0.5856,2.5226
2.6180,0.5293,2.2813
2.6182,0.5256,2.2674
2.6184,0.5243,2.2596
2.6186,0.5343,2.302
2.6188,0.5459,2.3505
2.6190,0.5722,2.4641
2.6192,0.5642,2.4317
2.6194,0.5455,2.3533
2.6196,0.49,2.1157
2.6198,0.467,2.0163
2.6200,0.4562,1.9679
2.6202,0.4616,1.9921
2.6204,0.4419,1.9072
2.6206,0.4279,1.8466
2.6208,0.4153,1.7906
2.6210,0.4774,2.0547
2.6212,0.5638,2.429
2.6214,0.5589,2.4045
2.6216,0.6191,2.6647
2.6218,0.6637,2.8541
2.6220,0.6713,2.8879
2.6222,0.6252,2.6911
2.6224,0.6492,2.7904
2.6226,0.729,3.1331
2.6228,0.693,2.9757
2.6230,0.7623,3.2688
2.6232,0.8347,3.5877
2.6234,0.733,3.1521
2.6236,0.7309,3.1355
2.6238,0.85,3.6447
2.6240,0.9062,3.8804
2.6242,0.9575,4.1002
2.6244,0.9445,4.0404
2.6246,0.9407,4.0339
2.6248,0.8311,3.5722
2.6250,0.7845,3.367
2.6252,0.7862,3.3805
2.6254,0.7344,3.1563
2.6256,0.7303,3.1329
2.6258,0.7839,3.366
2.6260,0.7956,3.4149
2.6262,0.8298,3.5649
2.6264,0.7664,3.2955
2.6266,0.7724,3.3212
2.6268,0.8315,3.5671
2.6270,0.809,3.4753
2.6272,0.7358,3.161
2.6274,0.8344,3.5778
2.6276,0.8549,3.664
2.6278,0.9168,3.9237
2.6280,1.0559,4.5233
2.6282,1.0581,4.5246
2.6284,1.0379,4.44
2.6286,1.0834,4.635
2.6288,0.9779,4.1992
2.6290,0.8049,3.4594
2.6292,0.742,3.1893
2.6294,0.7657,3.2847
2.6296,0.8609,3.6949
2.6298,0.8429,3.6211
2.6300,0.8486,3.6424
2.6302,0.8646,3.7178
2.6304,0.7801,3.3527
2.6306,0.7925,3.4015
2.6308,0.8314,3.5716
2.6310,0.7609,3.2717
2.6312,0.755,3.251
2.6314,0.6761,2.9099
2.6316,0.6726,2.8949
2.6318,0.6639,2.8546
2.6320,0.7538,3.2413
2.6322,0.7864,3.3784
2.6324,0.7982,3.4273
2.6326,0.7834,3.3671
2.6328,0.7934,3.4115
2.6330,0.7994,3.4309
2.6332,0.8623,3.708
2.6334,0.7947,3.4187
2.6336,0.7807,3.3553
2.6338,0.7761,3.3357
2.6340,0.803,3.4511
2.6342,0.7804,3.3558
2.6344,0.7604,3.2682
2.6346,0.8081,3.4668
2.6348,0.8471,3.6408
2.6350,0.7717,3.3228
2.6352,0.6959,2.9923
2.6354,0.7012,3.0149
2.6356,0.7121,3.0633
2.6358,0.7628,3.28
2.6360,0.7622,3.2789
2.6362,0.7212,3.1025
2.6364,0.729,3.136
2.6366,0.7208,3.101
2.6368,0.7111,3.0592
2.6370,0.6889,2.9637
2.6372,0.7008,3.0148
2.6374,0.7431,3.2029
2.6376,0.6625,2.8529
2.6378,0.6591,2.8392
2.6380,0.6141,2.6443
2.6382,0.658,2.8372
2.6384,0.6064,2.6124
2.6386,0.593,2.5546
2.6388,0.5915,2.5496
2.6390,0.5961,2.5692
2.6392,0.6044,2.6037
2.6394,0.6286,2.7068
2.6396,0.7128,3.0635
2.6398,0.8142,3.4963
2.6400,0.8082,3.4754
2.6402,0.7707,3.3125
2.6404,0.7647,3.2882
2.6406,0.744,3.1975
2.6408,0.8146,3.5044
2.6410,0.7886,3.3909
2.6412,0.7148,3.078
2.6414,0.634,2.73
2.6416,0.6633,2.8547
2.6418,0.7065,3.0382
2.6420,0.7429,3.1914
2.6422,0.7576,3.2563
2.6424,0.779,3.3527
2.6426,0.7874,3.3825
2.6428,0.8058,3.4619
2.6430,0.8331,3.5755
2.6432,0.8471,3.6408
2.6434,0.8164,3.5105
2.6436,0.7586,3.265
2.6438,0.6761,2.9112
2.6440,0.6352,2.7352
2.6442,0.645,2.7749
2.6444,0.6956,2.9968
2.6446,0.639,2.7517
2.6448,0.6059,2.6104
2.6450,0.6435,2.7695
2.6452,0.642,2.7684
2.6454,0.5767,2.4855
2.6456,0.6213,2.6753
2.6458,0.6535,2.8181
2.6460,0.6297,2.7127
2.6462,0.6317,2.7227
2.6464,0.6157,2.6485
2.6466,0.6414,2.7633
2.6468,0.5323,2.2974
2.6470,0.4685,2.023
2.6472,0.4613,1.9929
2.6474,0.4606,1.9889
2.6476,0.4605,1.9883
2.6478,0.4594,1.9837
2.6480,0.4586,1.9801
2.6482,0.458,1.9756
2.6484,0.511,2.1992
2.6486,0.6231,2.683
2.6488,0.6097,2.6288
2.6490,0.554,2.3878
2.6492,0.5882,2.5316
2.6494,0.6342,2.7323
2.6496,0.6708,2.8885
2.6498,0.676,2.9067
2.6500,0.7001,3.0103
2.6502,0.6683,2.8777
2.6504,0.6288,2.7116
2.6506,0.5565,2.3986
2.6508,0.5492,2.3704
2.6510,0.5528,2.3826
2.6512,0.5625,2.4256
2.6514,0.5528,2.3826
2.6516,0.5444,2.3465
2.6518,0.5469,2.3584
2.6520,0.562,2.4213
2.6522,0.5593,2.4128
2.6524,0.5544,2.3916
2.6526,0.5379,2.3185
2.6528,0.5429,2.3397
2.6530,0.5839,2.5142
2.6532,0.6063,2.6107
2.6534,0.5977,2.5711
2.6536,0.5888,2.5365
2.6538,0.5972,2.5715
2.6540,0.5894,2.5391
2.6542,0.614,2.6438
2.6544,0.6155,2.6517
2.6546,0.5927,2.5488
2.6548,0.6663,2.8702
2.6550,0.6316,2.7209
2.6552,0.6158,2.6527
2.6554,0.6266,2.6942
2.6556,0.6461,2.7821
2.6558,0.5787,2.4954
2.6560,0.5192,2.2389
2.6562,0.5665,2.4438
2.6564,0.5248,2.2627
2.6566,0.486,2.0967
2.6568,0.4702,2.0293
2.6570,0.4704,2.0304
2.6572,0.4811,2.0755
2.6574,0.4801,2.0704
2.6576,0.4763,2.0538
2.6578,0.4824,2.0821
2.6580,0.5137,2.2141
2.6582,0.5622,2.4196
2.6584,0.6155,2.6505
2.6586,0.5728,2.4666
2.6588,0.5692,2.4489
2.6590,0.6785,2.9175
2.6592,0.7191,3.0894
2.6594,0.7143,3.0717
2.6596,0.7215,3.0997
2.6598,0.7646,3.2862
2.6600,0.7984,3.422
2.6602,0.9335,3.9937
2.6604,1.0083,4.3153
2.6606,0.989,4.2426
2.6608,0.9352,4.0121
2.6610,0.9328,3.9944
2.6612,1.0074,4.3158
2.6614,1.0622,4.5463
2.6616,1.024,4.3867
2.6618,0.9941,4.2528
2.6620,1.0572,4.5205
2.6622,1.1288,4.8289
2.6624,1.0382,4.454
2.6626,0.7877,3.3857
2.6628,0.815,3.5027
2.6630,0.8,3.4318
2.6632,0.8687,3.7249
2.6634,0.8957,3.8442
2.6636,0.8326,3.5734
2.6638,0.869,3.7229
2.6640,0.9684,4.1566
2.6642,0.9491,4.0699
2.6644,0.9162,3.9303
2.6646,0.8795,3.7694
2.6648,0.9417,4.038
2.6650,0.9451,4.0581
2.6652,0.8067,3.4719
2.6654,0.7076,3.047
2.6656,0.6937,2.9871
2.6658,0.6943,2.9869
2.6660,0.68,2.9242
2.6662,0.7332,3.1541
2.6664,0.7539,3.2433
2.6666,0.7624,3.283
2.6668,0.701,3.0186
2.6670,0.688,2.9596
2.6672,0.7544,3.2439
2.6674,0.8214,3.5256
2.6676,0.867,3.7246
2.6678,0.8159,3.5019
2.6680,0.8415,3.6132
2.6682,0.8757,3.7622
2.6684,0.8883,3.8181
2.6686,0.8309,3.5779
2.6688,0.7218,3.1036
2.6690,0.7131,3.0694
2.6692,0.7043,3.0298
2.6694,0.6787,2.9172
2.6696,0.7128,3.0635
2.6698,0.7494,3.2237
2.6700,0.7551,3.2485
2.6702,0.7617,3.2784
2.6704,0.7277,3.1289
2.6706,0.69,2.9753
2.6708,0.5814,2.5056
2.6710,0.6189,2.6662
2.6712,0.593,2.5581
2.6714,0.5835,2.5149
2.6716,0.5726,2.4702
2.6718,0.5656,2.4402
2.6720,0.5671,2.4453
2.6722,0.5865,2.5267
2.6724,0.5851,2.5228
2.6726,0.5526,2.3849
2.6728,0.4973,2.1453
2.6730,0.4954,2.137
2.6732,0.4996,2.1571
2.6734,0.5003,2.1583
2.6736,0.554,2.3845
2.6738,0.6848,2.9448
2.6740,0.6929,2.9877
2.6742,0.5659,2.4412
2.6744,0.5222,2.2529
2.6746,0.5216,2.2493
2.6748,0.526,2.2679
2.6750,0.527,2.2747
2.6752,0.5254,2.2664
2.6754,0.522,2.2508
2.6756,0.5231,2.2545
2.6758,0.5317,2.2917
2.6760,0.5379,2.3185
2.6762,0.528,2.2767
2.6764,0.5263,2.2695
2.6766,0.5209,2.2451
2.6768,0.5226,2.2555
2.6770,0.548,2.362
2.6772,0.6111,2.6314
2.6774,0.5912,2.548
2.6776,0.5294,2.2818
2.6778,0.5263,2.2705
2.6780,0.5252,2.2648
2.6782,0.5261,2.2695
2.6784,0.5236,2.2576
2.6786,0.524,2.2596
2.6788,0.5256,2.2674
2.6790,0.5286,2.2761
2.6792,0.5623,2.4235
2.6794,0.5171,2.2307
2.6796,0.5221,2.2503
2.6798,0.5409,2.3293
2.6800,0.6056,2.6076
2.6802,0.6402,2.7556
2.6804,0.6529,2.8064
2.6806,0.6904,2.9727
2.6808,0.6014,2.5932
2.6810,0.549,2.3639
2.6812,0.5996,2.5782
2.6814,0.6338,2.7277
2.6816,0.6206,2.6709
2.6818,0.646,2.7829
2.6820,0.6562,2.8229
2.6822,0.6948,2.9876
2.6824,0.6893,2.9625
2.6826,0.7681,3.2996
2.6828,0.784,3.3697
2.6830,0.8156,3.4971
2.6832,0.8394,3.6044
2.6834,0.7761,3.3388
2.6836,0.7428,3.1968
2.6838,0.6792,2.9219
2.6840,0.6737,2.8982
2.6842,0.7145,3.0765
2.6844,0.6443,2.7705
2.6846,0.675,2.8998
2.6848,0.7146,3.0756
2.6850,0.7023,3.0173
2.6852,0.7929,3.4031
2.6854,0.8066,3.465
2.6856,0.7715,3.3176
2.6858,0.7453,3.2032
2.6860,0.7238,3.111
2.6862,0.6995,3.0077
2.6864,0.6539,2.8131
2.6866,0.6533,2.817
2.6868,0.5923,2.5515
2.6870,0.616,2.6525
2.6872,0.5999,2.5833
2.6874,0.5553,2.3935
2.6876,0.5515,2.378
2.6878,0.5638,2.429
2.6880,0.5485,2.3651
2.6882,0.4915,2.1205
2.6884,0.4909,2.1179
2.6886,0.4851,2.0945
2.6888,0.4907,2.1169
2.6890,0.4873,2.1014
2.6892,0.4882,2.106
2.6894,0.5094,2.1925
2.6896,0.6303,2.7089
2.6898,0.714,3.0716
2.6900,0.6943,2.9828
2.6902,0.71,3.0545
2.6904,0.6755,2.9073
2.6906,0.6341,2.7343
2.6908,0.5833,2.5151
2.6910,0.5002,2.1557
2.6912,0.495,2.1325
2.6914,0.5303,2.2844
2.6916,0.5877,2.5319
2.6918,0.5585,2.4069
2.6920,0.5623,2.4223
2.6922,0.6028,2.5921
2.6924,0.6979,2.9996
2.6926,0.7083,3.0473
2.6928,0.7075,3.0409
2.6930,0.7573,3.2502
2.6932,0.7983,3.4246
2.6934,0.8038,3.4515
2.6936,0.7864,3.3768
2.6938,0.8136,3.4954
2.6940,0.8536,3.6567
2.6942,0.9677,4.1399
2.6944,1.0282,4.4026
2.6946,1.0364,4.438
2.6948,1.0462,4.4775
2.6950,1.0741,4.5928
2.6952,1.0473,4.4973
2.6954,0.8393,3.6039
2.6956,0.8827,3.7797
2.6958,0.9501,4.0759
2.6960,0.9148,3.9283
2.6962,0.8441,3.6245
2.6964,0.8211,3.524
2.6966,0.8279,3.5517
2.6968,0.8719,3.751
2.6970,0.801,3.4397
2.6972,0.8772,3.7666
2.6974,0.8179,3.5074
2.6976,0.8639,3.7095
2.6978,0.7995,3.4378
2.6980,0.7502,3.2258
2.6982,0.7598,3.2641
2.6984,0.748,3.2211
2.6986,0.6872,2.9579
2.6988,0.7041,3.0278
2.6990,0.726,3.1202
2.6992,0.7907,3.3954
2.6994,0.8374,3.594
2.6996,0.8543,3.6717
2.6998,0.8466,3.6404
2.7000,0.776,3.332
2.7002,0.8141,3.4974
2.7004,0.8241,3.5369
2.7006,0.8766,3.7711
2.7008,0.698,3.0001
2.7010,0.7593,3.265
2.7012,0.7906,3.3965
2.7014,0.7877,3.3857
2.7016,0.8215,3.5294
2.7018,0.8012,3.445
2.7020,0.7673,3.298
2.7022,0.7664,3.2955
2.7024,0.7768,3.3325
2.7026,0.8498,3.6492
2.7028,0.8385,3.6003
2.7030,0.7952,3.424
2.7032,0.744,3.202
2.7034,0.7309,3.1443
2.7036,0.782,3.3578
2.7038,0.8251,3.5432
2.7040,0.8269,3.5509
2.7042,0.8522,3.6595
2.7044,0.8278,3.5644
2.7046,0.7086,3.0497
2.7048,0.7416,3.1902
2.7050,0.7696,3.3078
2.7052,0.7787,3.3501
2.7054,0.6833,2.9409
2.7056,0.6688,2.8784
2.7058,0.64,2.7571
2.7060,0.6697,2.8825
2.7062,0.6586,2.8332
2.7064,0.7161,3.0808
2.7066,0.766,3.2939
2.7068,0.7273,3.1288
2.7070,0.7413,3.1847
2.7072,0.7878,3.3862
2.7074,0.7713,3.3228
2.7076,0.6687,2.8859
2.7078,0.5632,2.4298
2.7080,0.5511,2.3776
2.7082,0.552,2.3801
2.7084,0.5544,2.3927
2.7086,0.5527,2.3821
2.7088,0.5541,2.3894
2.7090,0.5551,2.3936
2.7092,0.5541,2.3905
2.7094,0.5429,2.343
2.7096,0.5565,2.3986
2.7098,0.5672,2.4446
2.7100,0.57,2.4577
2.7102,0.5017,2.1635
2.7104,0.5391,2.3205
2.7106,0.6065,2.6178
2.7108,0.4965,2.1447
2.7110,0.4619,1.9955
2.7112,0.4538,1.9593
2.7114,0.4918,2.1205
2.7116,0.5279,2.2793
2.7118,0.4395,1.8969
2.7120,0.4313,1.8617
2.7122,0.4347,1.877
2.7124,0.4313,1.8642
2.7126,0.4457,1.9247
2.7128,0.447,1.9304
2.7130,0.4443,1.9193
2.7132,0.4405,1.9028
2.7134,0.4381,1.8906
2.7136,0.4403,1.8996
2.7138,0.4435,1.9139
2.7140,0.444,1.9165
2.7142,0.44,1.8989
2.7144,0.4273,1.8432
2.7146,0.4735,2.0429
2.7148,0.5189,2.2395
2.7150,0.4929,2.1272
2.7152,0.4468,1.9284
2.7154,0.4504,1.9412
2.7156,0.5077,2.1883
2.7158,0.5479,2.3592
2.7160,0.5655,2.4352
2.7162,0.5736,2.472
2.7164,0.5565,2.3998
2.7166,0.5539,2.3862
2.7168,0.5599,2.4086
2.7170,0.6358,2.7377
2.7172,0.5559,2.3972
2.7174,0.4821,2.0777
2.7176,0.4809,2.0735
2.7178,0.486,2.0957
2.7180,0.4799,2.0703
2.7182,0.4801,2.0713
2.7184,0.512,2.2079
2.7186,0.4947,2.133
2.7188,0.4866,2.0973
2.7190,0.5147,2.2193
2.7192,0.504,2.1733
2.7194,0.5011,2.1569
2.7196,0.5743,2.4717
2.7198,0.5881,2.5358
2.7200,0.5111,2.2038
2.7202,0.4943,2.1284
2.7204,0.52,2.2431
2.7206,0.4636,1.9962
2.7208,0.5697,2.4521
2.7210,0.5774,2.4874
2.7212,0.4983,2.1465
2.7214,0.4785,2.0622
2.7216,0.5443,2.3438
2.7218,0.5648,2.4343
2.7220,0.5309,2.288
2.7222,0.5327,2.2947
2.7224,0.583,2.507
2.7226,0.6553,2.8193
2.7228,0.6468,2.7788
2.7230,0.7298,3.1338
2.7232,0.7241,3.112
2.7234,0.729,3.1317
2.7236,0.7524,3.2336
2.7238,0.7388,3.1769
2.7240,0.6329,2.7241
2.7242,0.6164,2.6529
2.7244,0.6485,2.7899
2.7246,0.6901,2.9647
2.7248,0.7509,3.2259
2.7250,0.6794,2.923
2.7252,0.6754,2.9027
2.7254,0.7634,3.278
2.7256,0.8423,3.6168
2.7258,0.8001,3.434
2.7260,0.8007,3.4333
2.7262,0.864,3.7083
2.7264,0.8316,3.571
2.7266,0.8054,3.455
2.7268,0.787,3.3747
2.7270,0.8734,3.7362
2.7272,0.9505,4.0699
2.7274,0.9523,4.0737
2.7276,1.049,4.4877
2.7278,1.1115,4.7572
2.7280,1.0824,4.639
2.7282,0.9271,3.9771
2.7284,0.8428,3.6222
2.7286,0.7847,3.3681
2.7288,0.7839,3.3707
2.7290,0.6359,2.737
2.7292,0.6627,2.8521
2.7294,0.6763,2.9069
2.7296,0.7274,3.1293
2.7298,0.674,2.9011
2.7300,0.72,3.0916
2.7302,0.7858,3.3727
2.7304,0.7729,3.3187
2.7306,0.8195,3.5157
2.7308,0.8684,3.7238
2.7310,0.9776,4.1898
2.7312,0.9457,4.0588
2.7314,0.8859,3.8025
2.7316,0.8828,3.7891
2.7318,0.8227,3.5345
2.7320,0.7623,3.2764
2.7322,0.7657,3.2878
2.7324,0.7857,3.3769
2.7326,0.7859,3.3764
2.7328,0.7967,3.4195
2.7330,0.8206,3.5252
2.7332,0.8203,3.5209
2.7334,0.8736,3.7477
2.7336,0.823,3.5372
2.7338,0.7275,3.1313
2.7340,0.7202,3.0998
2.7342,0.6896,2.9696
2.7344,0.6799,2.9237
2.7346,0.7779,3.345
2.7348,0.7593,3.2635
2.7350,0.7534,3.2398
2.7352,0.7492,3.2172
2.7354,0.7536,3.2403
2.7356,0.6888,2.9673
2.7358,0.6766,2.9106
2.7360,0.7381,3.1738
2.7362,0.7575,3.2528
2.7364,0.8123,3.4913
2.7366,0.8191,3.5174
2.7368,0.8476,3.6344
2.7370,0.8321,3.5764
2.7372,0.766,3.2985
2.7374,0.7163,3.0799
2.7376,0.731,3.1448
2.7378,0.7006,3.0152
2.7380,0.677,2.9154
2.7382,0.6691,2.8813
2.7384,0.6895,2.9622
2.7386,0.7936,3.4077
2.7388,0.8338,3.5819
2.7390,0.7863,3.3826
2.7392,0.7458,3.2083
2.7394,0.6893,2.9667
2.7396,0.6516,2.8059
2.7398,0.6462,2.7801
2.7400,0.7723,3.3145
2.7402,0.8443,3.6289
2.7404,0.7518,3.2356
2.7406,0.7411,3.1852
2.7408,0.8503,3.6496
2.7410,0.9343,4.008
2.7412,0.8907,3.8266
2.7414,0.8509,3.6539
2.7416,0.8582,3.6853
2.7418,0.8403,3.6064
2.7420,0.8524,3.6652
2.7422,0.7926,3.4116
2.7424,0.769,3.3083
2.7426,0.7531,3.2352
2.7428,0.7944,3.4098
2.7430,0.8496,3.6431
2.7432,0.884,3.7942
2.7434,0.8742,3.7573
2.7436,0.8076,3.4777
2.7438,0.7145,3.075
2.7440,0.7673,3.2996
2.7442,0.7708,3.3145
2.7444,0.7581,3.2614
2.7446,0.7699,3.3027
2.7448,0.8668,3.7218
2.7450,0.81,3.4864
2.7452,0.7452,3.2101
2.7454,0.637,2.7467
2.7456,0.5457,2.3532
2.7458,0.5337,2.3026
2.7460,0.5323,2.2953
2.7462,0.5355,2.3082
2.7464,0.5865,2.5279
2.7466,0.6215,2.6813
2.7468,0.5484,2.3657
2.7470,0.5303,2.2876
2.7472,0.5355,2.3093
2.7474,0.6095,2.6247
2.7476,0.6263,2.6982
2.7478,0.6266,2.698
2.7480,0.6273,2.7023
2.7482,0.6297,2.7127
2.7484,0.6378,2.7465
2.7486,0.7002,3.0108
2.7488,0.7436,3.199
2.7490,0.75,3.2278
2.7492,0.7287,3.1306
2.7494,0.7591,3.2625
2.7496,0.695,2.9914
2.7498,0.7219,3.1056
2.7500,0.7233,3.1132
2.7502,0.7393,3.1789
2.7504,0.7,3.014
2.7506,0.6296,2.7109
2.7508,0.6742,2.8976
2.7510,0.7763,3.3351
2.7512,0.7997,3.4324
2.7514,0.7816,3.3656
2.7516,0.7058,3.0379
2.7518,0.7172,3.0898
2.7520,0.6986,3.0041
2.7522,0.773,3.3254
2.7524,0.7494,3.2267
2.7526,0.6768,2.9116
2.7528,0.6763,2.915
2.7530,0.6461,2.7821
2.7532,0.6796,2.9262
2.7534,0.6757,2.9083
2.7536,0.6513,2.8083
2.7538,0.581,2.5064
2.7540,0.5738,2.4742
2.7542,0.5731,2.4711
2.7544,0.5733,2.471
2.7546,0.5659,2.439
2.7548,0.5574,2.4034
2.7550,0.5573,2.404
2.7552,0.5691,2.4541
2.7554,0.5697,2.4555
2.7556,0.5595,2.4127
2.7558,0.5598,2.4137
2.7560,0.5559,2.3961
2.7562,0.5573,2.3995
2.7564,0.6511,2.8064
2.7566,0.587,2.5323
2.7568,0.5626,2.425
2.7570,0.5921,2.551
2.7572,0.6315,2.7191
2.7574,0.6676,2.8706
2.7576,0.6893,2.9653
2.7578,0.6535,2.8115
2.7580,0.7095,3.0525
2.7582,0.7753,3.329
2.7584,0.8609,3.6932
2.7586,0.8769,3.7656
2.7588,0.8598,3.6903
2.7590,0.8737,3.7482
2.7592,0.885,3.7966
2.7594,0.9011,3.8673
2.7596,0.9036,3.8799
2.7598,0.9181,3.9367
2.7600,0.9628,4.1227
2.7602,1.0161,4.3548
2.7604,1.0396,4.4535
2.7606,1.035,4.4298
2.7608,0.9789,4.1935
2.7610,0.9955,4.2629
2.7612,1.0339,4.4376
2.7614,0.9291,3.9877
2.7616,0.9158,3.9251
2.7618,1.0126,4.3439
2.7620,0.9429,4.045
2.7622,0.9782,4.1924
2.7624,1.0039,4.3009
2.7626,1.0822,4.632
2.7628,1.0116,4.3418
2.7630,0.9159,3.933
2.7632,0.9056,3.8905
2.7634,0.9523,4.0814
2.7636,1.0285,4.4165
2.7638,0.9,3.8645
2.7640,0.8332,3.5877
2.7642,0.7578,3.2614
2.7644,0.7727,3.3259
2.7646,0.7103,3.0612
2.7648,0.6179,2.6608
2.7650,0.6791,2.9228
2.7652,0.6899,2.972
2.7654,0.677,2.914
2.7656,0.7262,3.1285
2.7658,0.7089,3.0541
2.7660,0.7494,3.2252
2.7662,0.7399,3.183
2.7664,0.7281,3.1339
2.7666,0.7478,3.22
2.7668,0.6943,2.9869
2.7670,0.7035,3.0309
2.7672,0.6871,2.9587
2.7674,0.6761,2.9139
2.7676,0.6395,2.7537
2.7678,0.71,3.0602
2.7680,0.6952,2.9919
2.7682,0.6986,3.0083
2.7684,0.6646,2.8657
2.7686,0.5873,2.5362
2.7688,0.4986,2.152
2.7690,0.5244,2.2633
2.7692,0.4968,2.1423
2.7694,0.5734,2.475
2.7696,0.5805,2.5067
2.7698,0.5318,2.2943
2.7700,0.516,2.226
2.7702,0.5677,2.4467
2.7704,0.5989,2.5823
2.7706,0.5515,2.3791
2.7708,0.4979,2.1479
2.7710,0.5276,2.2762
2.7712,0.5412,2.3368
2.7714,0.5003,2.1583
2.7716,0.4949,2.137
2.7718,0.4786,2.0656
2.7720,0.5152,2.2172
2.7722,0.6298,2.7132
2.7724,0.6041,2.6026
2.7726,0.6011,2.5957
2.7728,0.4893,2.1136
2.7730,0.506,2.1861
2.7732,0.4539,1.9608
2.7734,0.4057,1.7517
2.7736,0.4475,1.9324
2.7738,0.4411,1.9036
2.7740,0.4406,1.9024
2.7742,0.4435,1.9139
2.7744,0.4408,1.9034
2.7746,0.4389,1.8951
2.7748,0.4268,1.8437
2.7750,0.4369,1.8863
2.7752,0.4336,1.8741
2.7754,0.4287,1.8503
2.7756,0.4282,1.8491
2.7758,0.4244,1.8325
2.7760,0.4307,1.8591
2.7762,0.4335,1.8718
2.7764,0.4327,1.8691
2.7766,0.4317,1.8641
2.7768,0.4289,1.8513
2.7770,0.4316,1.8627
2.7772,0.4321,1.8639
2.7774,0.4319,1.8625
2.7776,0.4286,1.8489
2.7778,0.4325,1.866
2.7780,0.4341,1.8736
2.7782,0.4318,1.8646
2.7784,0.4343,1.8729
2.7786,0.4569,1.971
2.7788,0.4187,1.809
2.7790,0.4291,1.8501
2.7792,0.4467,1.927
2.7794,0.4381,1.8871
2.7796,0.4869,2.0984
2.7798,0.5239,2.256
2.7800,0.5903,2.5432
2.7802,0.5466,2.3536
2.7804,0.5809,2.5024
2.7806,0.5875,2.5332
2.7808,0.5521,2.3751
2.7810,0.6233,2.6828
2.7812,0.5936,2.556
2.7814,0.5841,2.5164
2.7816,0.625,2.69
2.7818,0.694,2.9798
2.7820,0.7313,3.1414
2.7822,0.7524,3.2291
2.7824,0.8175,3.5151
2.7826,0.685,2.9453
2.7828,0.6103,2.6265
2.7830,0.59,2.5417
2.7832,0.593,2.5534
2.7834,0.6522,2.8059
2.7836,0.6328,2.7248
2.7838,0.6264,2.6962
2.7840,0.626,2.6954
2.7842,0.5902,2.5415
2.7844,0.6107,2.6262
2.7846,0.6786,2.9207
2.7848,0.6326,2.7225
2.7850,0.5658,2.4362
2.7852,0.549,2.3672
2.7854,0.5267,2.27
2.7856,0.5015,2.1604
2.7858,0.5309,2.2849
2.7860,0.5526,2.3816
2.7862,0.5078,2.1878
2.7864,0.5532,2.3853
2.7866,0.5551,2.3947
2.7868,0.4924,2.1221
2.7870,0.486,2.0957
2.7872,0.4851,2.0916
2.7874,0.4864,2.0982
2.7876,0.4888,2.1076
2.7878,0.6041,2.5966
2.7880,0.7244,3.1179
2.7882,0.6617,2.8453
2.7884,0.6615,2.8443
2.7886,0.6689,2.8789
2.7888,0.6167,2.6519
2.7890,0.6463,2.7819
2.7892,0.5812,2.5028
2.7894,0.6095,2.6222
2.7896,0.6447,2.7747
2.7898,0.6123,2.6353
2.7900,0.5785,2.4909
2.7902,0.56,2.4136
2.7904,0.5475,2.3555
2.7906,0.5654,2.4335
2.7908,0.5683,2.4482
2.7910,0.5623,2.4212
2.7912,0.5872,2.5239
2.7914,0.6804,2.9244
2.7916,0.6851,2.95
2.7918,0.6159,2.6508
2.7920,0.6363,2.736
2.7922,0.7008,3.0078
2.7924,0.7739,3.3187
2.7926,0.806,3.4543
2.7928,0.8579,3.6837
2.7930,0.8034,3.45
2.7932,0.8416,3.6087
2.7934,0.8497,3.6436
2.7936,0.8747,3.7523
2.7938,0.8633,3.7
2.7940,0.9134,3.9203
2.7942,0.8488,3.6395
2.7944,0.8714,3.7367
2.7946,0.8768,3.7598
2.7948,0.8533,3.6642
2.7950,0.7895,3.395
2.7952,0.7394,3.1765
2.7954,0.7295,3.1337
2.7956,0.7442,3.2001
2.7958,0.781,3.3537
2.7960,0.8081,3.4701
2.7962,0.7843,3.366
2.7964,0.8465,3.6365
2.7966,0.8043,3.4552
2.7968,0.796,3.4133
2.7970,0.8206,3.5236
2.7972,0.7838,3.3655
2.7974,0.7753,3.3274
2.7976,0.7533,3.2377
2.7978,0.772,3.3166
2.7980,0.7801,3.3511
2.7982,0.7754,3.3326
2.7984,0.7747,3.3279
2.7986,0.7894,3.3913
2.7988,0.8063,3.4575
2.7990,0.8391,3.6079
2.7992,0.7649,3.2847
2.7994,0.8253,3.547
2.7996,0.7588,3.263
2.7998,0.7521,3.2371
2.8000,0.6989,3.0024
2.8002,0.7671,3.2939
2.8004,0.7414,3.1882
2.8006,0.7454,3.2052
2.8008,0.7655,3.2918
2.8010,0.7852,3.3733
2.8012,0.8387,3.598
2.8014,0.8566,3.6781
2.8016,0.8146,3.4979
2.8018,0.8169,3.5076
2.8020,0.8371,3.5947
2.8022,0.8397,3.6038
2.8024,0.8461,3.6333
2.8026,0.8364,3.5916
2.8028,0.7982,3.4273
2.8030,0.8688,3.7254
2.8032,0.9093,3.8937
2.8034,0.9779,4.1914
2.8036,0.958,4.1118
2.8038,0.9373,4.0209
2.8040,0.9371,4.0204
2.8042,0.9247,3.9743
2.8044,0.8431,3.6238
2.8046,0.8439,3.6218
2.8048,0.8415,3.6149
2.8050,0.785,3.3754
2.8052,0.772,3.3151
2.8054,0.8129,3.4939
2.8056,0.8839,3.7972
2.8058,0.8766,3.7606
2.8060,0.931,3.996
2.8062,0.8823,3.7923
2.8064,0.8332,3.576
2.8066,0.852,3.6687
2.8068,0.6932,2.9823
2.8070,0.6791,2.9269
2.8072,0.6109,2.634
2.8074,0.58,2.5023
2.8076,0.5779,2.4918
2.8078,0.6014,2.5895
2.8080,0.6257,2.6956
2.8082,0.6308,2.7148
2.8084,0.6437,2.7705
2.8086,0.6478,2.7881
2.8088,0.6358,2.7428
2.8090,0.587,2.5299
2.8092,0.625,2.69
2.8094,0.628,2.7042
2.8096,0.584,2.5193
2.8098,0.5456,2.3527
2.8100,0.5317,2.2927
2.8102,0.5272,2.2731
2.8104,0.5292,2.285
2.8106,0.5279,2.2772
2.8108,0.5279,2.2751
2.8110,0.5292,2.2819
2.8112,0.5285,2.2777
2.8114,0.5272,2.2731
2.8116,0.5278,2.2757
2.8118,0.5269,2.272
2.8120,0.5309,2.2891
2.8122,0.53,2.2844
2.8124,0.5961,2.5656
2.8126,0.7177,3.0832
2.8128,0.7843,3.3739
2.8130,0.6416,2.7664
2.8132,0.5571,2.4001
2.8134,0.5953,2.5644
2.8136,0.5579,2.4032
2.8138,0.5467,2.3585
2.8140,0.5418,2.3372
2.8142,0.5381,2.3191
2.8144,0.5377,2.3164
2.8146,0.5912,2.5433
2.8148,0.6499,2.7948
2.8150,0.7157,3.0745
2.8152,0.6871,2.9587
2.8154,0.6474,2.7943
2.8156,0.5382,2.3206
2.8158,0.5262,2.2658
2.8160,0.6543,2.8159
2.8162,0.6823,2.9354
2.8164,0.688,2.961
2.8166,0.6972,2.9951
2.8168,0.7799,3.349
2.8170,0.8284,3.5538
2.8172,0.8279,3.555
2.8174,0.807,3.4686
2.8176,0.8247,3.5444
2.8178,0.7187,3.0917
2.8180,0.664,2.8551
2.8182,0.7086,3.0455
2.8184,0.7591,3.261
2.8186,0.7838,3.3671
2.8188,0.7411,3.1926
2.8190,0.6826,2.9391
2.8192,0.6982,2.9993
2.8194,0.798,3.43
2.8196,0.7821,3.3599
2.8198,0.7861,3.3722
2.8200,0.8606,3.6921
2.8202,0.9006,3.8671
2.8204,0.8081,3.4781
2.8206,0.716,3.0803
2.8208,0.7146,3.0684
2.8210,0.8413,3.6127
2.8212,0.8393,3.6039
2.8214,0.8612,3.6964
2.8216,0.8393,3.6022
2.8218,0.8467,3.6359
2.8220,0.8388,3.6052
2.8222,0.8191,3.5207
2.8224,0.8097,3.4751
2.8226,0.8106,3.4825
2.8228,0.8121,3.4887
2.8230,0.8136,3.4954
2.8232,0.837,3.5958
2.8234,0.8504,3.6535
2.8236,0.8231,3.5394
2.8238,0.8209,3.5284
2.8240,0.8242,3.5391
2.8242,0.9067,3.8897
2.8244,0.8948,3.8423
2.8246,0.8913,3.8238
2.8248,0.956,4.1011
2.8250,0.9442,4.0507
2.8252,0.9567,4.1042
2.8254,0.9337,4.0017
2.8256,0.9422,4.042
2.8258,0.9526,4.0905
2.8260,0.9477,4.0637
2.8262,0.9374,4.0214
2.8264,0.9579,4.1074
2.8266,0.9635,4.1316
2.8268,0.9993,4.2828
2.8270,1.0653,4.5639
2.8272,1.0669,4.5684
2.8274,1.0451,4.4792
2.8276,1.0027,4.2977
2.8278,0.9996,4.2864
2.8280,1.0017,4.2971
2.8282,0.9591,4.1203
2.8284,0.9652,4.1388
2.8286,0.9783,4.2007
2.8288,0.9327,4.0013
2.8290,0.9243,3.9709
2.8292,0.9153,3.9231
2.8294,1.0097,4.3255
2.8296,1.0863,4.6538
2.8298,1.0874,4.6628
2.8300,0.9695,4.1612
2.8302,0.9678,4.1559
2.8304,0.9229,3.9628
2.8306,0.9022,3.8707
2.8308,0.9422,4.0457
2.8310,0.9545,4.1026
2.8312,0.8946,3.8449
2.8314,0.9231,3.962
2.8316,0.9347,4.0101
2.8318,0.9431,4.0499
2.8320,0.9352,4.0159
2.8322,0.9306,3.9921
2.8324,0.9405,4.0385
2.8326,0.9419,4.0485
2.8328,0.9148,3.9265
2.8330,0.9674,4.1519
2.8332,0.9431,4.0555
2.8334,0.8683,3.7407
2.8336,0.7402,3.189
2.8338,0.7484,3.2196
2.8340,0.7757,3.3341
2.8342,0.8365,3.5971
2.8344,0.8518,3.6626
2.8346,0.819,3.5185
2.8348,0.8804,3.7858
2.8350,0.8512,3.66
2.8352,0.8458,3.6334
2.8354,0.8624,3.7085
2.8356,0.8659,3.7234
2.8358,0.8638,3.7159
2.8360,0.8421,3.6225
2.8362,0.8221,3.5385
2.8364,0.8254,3.5508
2.8366,0.7968,3.4328
2.8368,0.7283,3.1344
2.8370,0.7631,3.2815
2.8372,0.8308,3.5757
2.8374,0.8117,3.492
2.8376,0.808,3.476
2.8378,0.7621,3.2799
2.8380,0.7712,3.3238
2.8382,0.6834,2.9441
2.8384,0.7155,3.0854
2.8386,0.6352,2.7364
2.8388,0.6615,2.8496
2.8390,0.7029,3.0297
2.8392,0.7399,3.18
2.8394,0.8251,3.5498
2.8396,0.7597,3.2681
2.8398,0.7564,3.2587
2.8400,0.739,3.1779
2.8402,0.7544,3.2499
2.8404,0.6098,2.6306
2.8406,0.5868,2.5312
2.8408,0.6065,2.6178
2.8410,0.6081,2.6221
2.8412,0.6009,2.5887
2.8414,0.6544,2.8191
2.8416,0.7123,3.0672
2.8418,0.7339,3.1543
2.8420,0.7609,3.2854
2.8422,0.566,2.4429
2.8424,0.5756,2.4854
2.8426,0.5262,2.2742
2.8428,0.5077,2.1934
2.8430,0.5449,2.3496
2.8432,0.6182,2.6631
2.8434,0.6701,2.8868
2.8436,0.691,2.9725
2.8438,0.7636,3.2851
2.8440,0.6822,2.9444
2.8442,0.5856,2.5296
2.8444,0.5796,2.4979
2.8446,0.6481,2.7935
2.8448,0.6254,2.6966
2.8450,0.6515,2.8067
2.8452,0.6423,2.7682
2.8454,0.5796,2.5002
2.8456,0.5749,2.4823
2.8458,0.5521,2.3851
2.8460,0.5525,2.3822
2.8462,0.5649,2.4371
2.8464,0.4956,2.1401
2.8466,0.4909,2.1189
2.8468,0.4865,2.1017
2.8470,0.4602,1.9892
2.8472,0.4553,1.9679
2.8474,0.4541,1.9627
2.8476,0.454,1.9613
2.8478,0.4556,1.968
2.8480,0.454,1.9622
2.8482,0.4813,2.0775
2.8484,0.5571,2.399
2.8486,0.6268,2.7028
2.8488,0.5785,2.4955
2.8490,0.5463,2.3569
2.8492,0.5473,2.3599
2.8494,0.5075,2.1934
2.8496,0.4514,1.9499
2.8498,0.4595,1.9842
2.8500,0.4486,1.9389
2.8502,0.4451,1.923
2.8504,0.4443,1.9184
2.8506,0.4474,1.9328
2.8508,0.4479,1.934
2.8510,0.4463,1.9264
2.8512,0.4452,1.9244
2.8514,0.4446,1.9209
2.8516,0.445,1.9215
2.8518,0.4454,1.9222
2.8520,0.4456,1.9241
2.8522,0.4444,1.919
2.8524,0.4442,1.9179
2.8526,0.4642,2.0016
2.8528,0.5183,2.2359
2.8530,0.5365,2.3134
2.8532,0.5519,2.3796
2.8534,0.5445,2.3481
2.8536,0.5324,2.2937
2.8538,0.5363,2.3124
2.8540,0.5655,2.4363
2.8542,0.6004,2.5854
2.8544,0.6019,2.5928
2.8546,0.6792,2.9247
2.8548,0.6613,2.8438
2.8550,0.7303,3.1417
2.8552,0.672,2.8896
2.8554,0.7088,3.0451
2.8556,0.7064,3.0405
2.8558,0.6645,2.8611
2.8560,0.6743,2.9035
2.8562,0.7106,3.0528
2.8564,0.7212,3.1025
2.8566,0.6697,2.8865
2.8568,0.5658,2.4373
2.8570,0.5549,2.3892
2.8572,0.6029,2.5975
2.8574,0.5844,2.5174
2.8576,0.5768,2.4848
2.8578,0.6474,2.7839
2.8580,0.7534,3.2383
2.8582,0.7502,3.2228
2.8584,0.769,3.3053
2.8586,0.8066,3.465
2.8588,0.789,3.3913
2.8590,0.7187,3.0902
2.8592,0.739,3.1838
2.8594,0.6449,2.7718
2.8596,0.7467,3.2094
2.8598,0.7757,3.3295
2.8600,0.8492,3.6467
2.8602,0.8684,3.7238
2.8604,0.9067,3.8879
2.8606,0.9313,3.9951
2.8608,0.9327,3.9995
2.8610,0.8951,3.838
2.8612,0.9187,3.943
2.8614,0.9232,3.9551
2.8616,0.9427,4.044
2.8618,0.9339,4.0065
2.8620,0.9112,3.9129
2.8622,0.8684,3.7256
2.8624,0.9153,3.9286
2.8626,0.8991,3.8591
2.8628,0.9168,3.9329
2.8630,0.9329,4.0005
2.8632,0.9849,4.2231
2.8634,0.986,4.2258
2.8636,0.9078,3.898
2.8638,0.851,3.6578
2.8640,0.8092,3.4779
2.8642,0.8002,3.4377
2.8644,0.8492,3.6433
2.8646,0.9368,4.0226
2.8648,0.8951,3.8434
2.8650,0.8948,3.8388
2.8652,0.9403,4.0319
2.8654,0.8991,3.8627
2.8656,0.9088,3.8989
2.8658,0.965,4.1397
2.8660,0.9401,4.0332
2.8662,0.9048,3.8887
2.8664,0.805,3.4647
2.8666,0.7069,3.0425
2.8668,0.6754,2.9095
2.8670,0.6649,2.8619
2.8672,0.7513,3.235
2.8674,0.7431,3.1939
2.8676,0.7617,3.2784
2.8678,0.7922,3.4031
2.8680,0.8196,3.526
2.8682,0.7585,3.2584
2.8684,0.7911,3.4017
2.8686,0.8121,3.4919
2.8688,0.8666,3.7231
2.8690,0.8502,3.6525
2.8692,0.8476,3.6428
2.8694,0.8212,3.5344
2.8696,0.7401,3.1855
2.8698,0.6735,2.8985
2.8700,0.7045,3.0322
2.8702,0.7492,3.2262
2.8704,0.7791,3.3501
2.8706,0.7741,3.3269
2.8708,0.7613,3.2753
2.8710,0.76,3.2696
2.8712,0.722,3.1076
2.8714,0.6803,2.9293
2.8716,0.6652,2.8696
2.8718,0.6021,2.5975
2.8720,0.5945,2.5637
2.8722,0.5932,2.5544
2.8724,0.7317,3.142
2.8726,0.848,3.65
2.8728,0.6967,3.0014
2.8730,0.6213,2.6765
2.8732,0.6155,2.6517
2.8734,0.6216,2.6818
2.8736,0.6192,2.6702
2.8738,0.6159,2.6545
2.8740,0.6195,2.67
2.8742,0.6098,2.6293
2.8744,0.6272,2.6993
2.8746,0.6696,2.878
2.8748,0.7293,3.142
2.8750,0.6592,2.8437
2.8752,0.5823,2.5086
2.8754,0.6158,2.6577
2.8756,0.573,2.4672
2.8758,0.6985,3.0036
2.8760,0.6889,2.9706
2.8762,0.5287,2.2809
2.8764,0.5032,2.1717
2.8766,0.5065,2.1872
2.8768,0.5068,2.1872
2.8770,0.5086,2.195
2.8772,0.5083,2.1939
2.8774,0.5092,2.1965
2.8776,0.5083,2.1919
2.8778,0.5107,2.2002
2.8780,0.5389,2.3248
2.8782,0.4961,2.1411
2.8784,0.5022,2.1675
2.8786,0.5206,2.2467
2.8788,0.5173,2.2317
2.8790,0.5158,2.224
2.8792,0.4947,2.1339
2.8794,0.5158,2.2209
2.8796,0.6329,2.7215
2.8798,0.6833,2.9436
2.8800,0.6432,2.7723
2.8802,0.6107,2.6323
2.8804,0.617,2.6567
2.8806,0.6371,2.7421
2.8808,0.6965,2.9948
2.8810,0.7034,3.0262
2.8812,0.6672,2.869
2.8814,0.7224,3.1048
2.8816,0.7581,3.2553
2.8818,0.7785,3.3507
2.8820,0.7365,3.17
2.8822,0.7419,3.1903
2.8824,0.7653,3.2893
2.8826,0.7572,3.2573
2.8828,0.7268,3.1224
2.8830,0.7747,3.3341
2.8832,0.6968,2.9978
2.8834,0.6959,2.995
2.8836,0.6539,2.8196
2.8838,0.6479,2.7886
2.8840,0.6642,2.8628
2.8842,0.6402,2.7568
2.8844,0.6184,2.6641
2.8846,0.6062,2.6126
2.8848,0.5903,2.5397
2.8850,0.6487,2.7974
2.8852,0.5913,2.5497
2.8854,0.5769,2.4888
2.8856,0.5345,2.3036
2.8858,0.5573,2.3984
2.8860,0.592,2.5528
2.8862,0.5068,2.1862
2.8864,0.4841,2.0894
2.8866,0.4836,2.0863
2.8868,0.4881,2.1065
2.8870,0.4803,2.0738
2.8872,0.498,2.1464
2.8874,0.6087,2.6174
2.8876,0.7088,3.0494
2.8878,0.7016,3.0156
2.8880,0.6788,2.9245
2.8882,0.5606,2.4196
2.8884,0.4846,2.0915
2.8886,0.4798,2.0717
2.8888,0.4721,2.0386
2.8890,0.4683,2.0201
2.8892,0.471,2.0311
2.8894,0.4779,2.0615
2.8896,0.509,2.194
2.8898,0.5414,2.3357
2.8900,0.4787,2.0623
2.8902,0.5012,2.1614
2.8904,0.5389,2.3216
2.8906,0.5949,2.564
2.8908,0.5624,2.424
2.8910,0.5529,2.382
2.8912,0.6123,2.6365
2.8914,0.6354,2.7349
2.8916,0.6288,2.7065
2.8918,0.6324,2.7245
2.8920,0.6146,2.6451
2.8922,0.6204,2.6692
2.8924,0.7043,3.0199
2.8926,0.9007,3.8658
2.8928,0.8226,3.5356
2.8930,0.7835,3.3629
2.8932,0.8179,3.509
2.8934,0.8328,3.5745
2.8936,0.8942,3.8362
2.8938,0.8939,3.8346
2.8940,0.8742,3.7468
2.8942,0.9006,3.8581
2.8944,0.9368,4.0169
2.8946,0.9106,3.9067
2.8948,0.9021,3.8683
2.8950,0.9479,4.0667
2.8952,0.9141,3.9234
2.8954,0.8416,3.6154
2.8956,0.8416,3.612
2.8958,0.8837,3.7909
2.8960,0.8747,3.7523
2.8962,0.879,3.7673
2.8964,0.8931,3.8316
2.8966,0.9062,3.8858
2.8968,0.9371,4.0222
2.8970,0.879,3.7779
2.8972,0.7798,3.3532
2.8974,0.7761,3.3341
2.8976,0.7856,3.378
2.8978,0.7309,3.1428
2.8980,0.7526,3.2377
2.8982,0.7151,3.0805
2.8984,0.691,2.9739
2.8986,0.7146,3.0713
2.8988,0.7426,3.1934
2.8990,0.7696,3.3125
2.8992,0.6731,2.8956
2.8994,0.6961,2.9919
2.8996,0.7733,3.3207
2.8998,0.8307,3.5752
2.9000,0.7424,3.1953
2.9002,0.7128,3.0664
2.9004,0.7384,3.1709
2.9006,0.8423,3.6151
2.9008,0.8588,3.6844
2.9010,0.8963,3.8467
2.9012,0.8669,3.7189
2.9014,0.869,3.7316
2.9016,0.8871,3.8094
2.9018,0.8665,3.7208
2.9020,0.8911,3.8264
2.9022,0.9086,3.8979
2.9024,0.9329,4.0024
2.9026,0.8793,3.7759
2.9028,0.8712,3.7444
2.9030,0.8104,3.4831
2.9032,0.781,3.3584
2.9034,0.7985,3.4336
2.9036,0.7503,3.2264
2.9038,0.7918,3.4
2.9040,0.8094,3.479
2.9042,0.8073,3.4681
2.9044,0.7815,3.362
2.9046,0.7363,3.169
2.9048,0.7556,3.2506
2.9050,0.7506,3.2304
2.9052,0.7479,3.2175
2.9054,0.702,3.0242
2.9056,0.6691,2.8759
2.9058,0.7685,3.3017
2.9060,0.7751,3.3362
2.9062,0.6743,2.9048
2.9064,0.6585,2.8353
2.9066,0.6383,2.755
2.9068,0.5408,2.3342
2.9070,0.529,2.2808
2.9072,0.578,2.4912
2.9074,0.581,2.5029
2.9076,0.6188,2.6681
2.9078,0.6052,2.6073
2.9080,0.6202,2.6719
2.9082,0.6483,2.7953
2.9084,0.6003,2.5849
2.9086,0.627,2.6975
2.9088,0.6529,2.8103
2.9090,0.6414,2.7633
2.9092,0.6025,2.599
2.9094,0.5323,2.2953
2.9096,0.5532,2.3853
2.9098,0.5809,2.5047
2.9100,0.567,2.4425
2.9102,0.5816,2.5055
2.9104,0.5989,2.5811
2.9106,0.5491,2.3688
2.9108,0.5143,2.2208
2.9110,0.496,2.1406
2.9112,0.4936,2.1293
2.9114,0.5046,2.1779
2.9116,0.5353,2.3093
2.9118,0.5502,2.3735
2.9120,0.5254,2.2653
2.9122,0.5369,2.315
2.9124,0.5054,2.1805
2.9126,0.5077,2.1883
2.9128,0.5424,2.3377
2.9130,0.5943,2.5615
2.9132,0.5844,2.5197
2.9134,0.5484,2.3635
2.9136,0.5345,2.3057
2.9138,0.5202,2.242
2.9140,0.5527,2.381
2.9142,0.5413,2.333
2.9144,0.5378,2.3191
2.9146,0.5318,2.2943
2.9148,0.5683,2.447
2.9150,0.6354,2.7336
2.9152,0.6778,2.9144
2.9154,0.7524,3.2351
2.9156,0.7503,3.2249
2.9158,0.6924,2.9801
2.9160,0.6392,2.7548
2.9162,0.5634,2.4326
2.9164,0.4993,2.1541
2.9166,0.5047,2.1764
2.9168,0.521,2.2488
2.9170,0.508,2.1914
2.9172,0.5084,2.1914
2.9174,0.5274,2.2741
2.9176,0.5086,2.1939
2.9178,0.4869,2.1023
2.9180,0.4641,2.003
2.9182,0.5058,2.181
2.9184,0.529,2.2819
2.9186,0.5346,2.3051
2.9188,0.5316,2.2911
2.9190,0.5221,2.2503
2.9192,0.5891,2.5333
2.9194,0.6543,2.8159
2.9196,0.6162,2.656
2.9198,0.5866,2.5284
2.9200,0.6064,2.61
2.9202,0.6532,2.81
2.9204,0.6282,2.7039
2.9206,0.6226,2.6797
2.9208,0.6616,2.8421
2.9210,0.7767,3.3382
2.9212,0.7595,3.2645
2.9214,0.7641,3.2857
2.9216,0.7663,3.2919
2.9218,0.7727,3.3197
2.9220,0.7508,3.2314
2.9222,0.6557,2.8235
2.9224,0.6432,2.7698
2.9226,0.6236,2.6851
2.9228,0.6701,2.8814
2.9230,0.7134,3.069
2.9232,0.6685,2.876
2.9234,0.6917,2.9742
2.9236,0.6888,2.9605
2.9238,0.7268,3.1238
2.9240,0.7176,3.0842
2.9242,0.6884,2.963
2.9244,0.6918,2.9747
2.9246,0.7619,3.2718
2.9248,0.7952,3.4144
2.9250,0.8231,3.5377
2.9252,0.789,3.3898
2.9254,0.8124,3.487
2.9256,0.8164,3.5039
2.9258,0.831,3.5667
2.9260,0.849,3.6456
2.9262,0.8316,3.571
2.9264,0.826,3.5484
2.9266,0.8193,3.5196
2.9268,0.8129,3.4906
2.9270,0.7823,3.364
2.9272,0.7646,3.2892
2.9274,0.708,3.0486
2.9276,0.681,2.927
2.9278,0.7423,3.1933
2.9280,0.7163,3.0785
2.9282,0.7789,3.3475
2.9284,0.7948,3.4113
2.9286,0.7934,3.4067
2.9288,0.8545,3.6625
2.9290,0.937,4.018
2.9292,0.9157,3.9264
2.9294,0.9554,4.0947
2.9296,0.9598,4.1195
2.9298,0.9237,3.9609
2.9300,0.9234,3.963
2.9302,0.8827,3.7903
2.9304,0.8964,3.8437
2.9306,0.9248,3.9618
2.9308,0.9851,4.2222
2.9310,0.9784,4.1993
2.9312,0.9285,3.9833
2.9314,0.9266,3.9732
2.9316,0.9194,3.9424
2.9318,0.9339,4.0027
2.9320,1.0075,4.3163
2.9322,1.044,4.4725
2.9324,1.0235,4.3908
2.9326,0.9809,4.2101
2.9328,0.994,4.2622
2.9330,0.9455,4.0583
2.9332,0.8852,3.8029
2.9334,0.8674,3.7244
2.9336,0.8955,3.8418
2.9338,0.9066,3.891
2.9340,0.9151,3.9312
2.9342,0.8991,3.8591
2.9344,0.9268,3.9761
2.9346,0.9447,4.0584
2.9348,0.8227,3.5378
2.9350,0.8021,3.4459
2.9352,0.8152,3.5053
2.9354,0.8355,3.5908
2.9356,0.8238,3.5392
2.9358,0.8858,3.8037
2.9360,0.8958,3.85
2.9362,0.8768,3.7633
2.9364,0.8912,3.8305
2.9366,0.8653,3.7139
2.9368,0.8507,3.6562
2.9370,0.8189,3.5229
2.9372,0.7827,3.3656
2.9374,0.8467,3.6359
2.9376,0.8762,3.7643
2.9378,0.7966,3.427
2.9380,0.7971,3.4259
2.9382,0.8506,3.6557
2.9384,0.7916,3.4085
2.9386,0.6968,3.002
2.9388,0.7197,3.0963
2.9390,0.7917,3.3995
2.9392,0.8353,3.597
2.9394,0.7324,3.1539
2.9396,0.6817,2.9314
2.9398,0.7406,3.1876
2.9400,0.7684,3.3088
2.9402,0.7665,3.2975
2.9404,0.7831,3.3687
2.9406,0.7266,3.1286
2.9408,0.7251,3.1195
2.9410,0.7587,3.264
2.9412,0.7894,3.3913
2.9414,0.8534,3.6664
2.9416,0.8437,3.6331
2.9418,0.7154,3.0849
2.9420,0.6298,2.7157
2.9422,0.6434,2.7703
2.9424,0.7506,3.2259
2.9426,0.7693,3.3109
2.9428,0.7209,3.1058
2.9430,0.6356,2.738
2.9432,0.6806,2.9322
2.9434,0.6308,2.7211
2.9436,0.5486,2.37
2.9438,0.5441,2.3482
2.9440,0.5859,2.5241
2.9442,0.6257,2.6981
2.9444,0.6082,2.6226
2.9446,0.5872,2.5321
2.9448,0.5728,2.4701
2.9450,0.5492,2.3704
2.9452,0.5762,2.4834
2.9454,0.638,2.7458
2.9456,0.7378,3.1713
2.9458,0.8124,3.4951
2.9460,0.701,3.0228
2.9462,0.5678,2.4472
2.9464,0.618,2.665
2.9466,0.5557,2.3995
2.9468,0.5403,2.3321
2.9470,0.5345,2.3068
2.9472,0.5345,2.3068
2.9474,0.5319,2.2959
2.9476,0.5225,2.2529
2.9478,0.5197,2.2421
2.9480,0.5189,2.2364
2.9482,0.5812,2.504
2.9484,0.6377,2.7473
2.9486,0.6672,2.8744
2.9488,0.6298,2.7107
2.9490,0.6696,2.886
2.9492,0.6149,2.6516
2.9494,0.5427,2.3425
2.9496,0.5366,2.3139
2.9498,0.5269,2.272
2.9500,0.5234,2.2581
2.9502,0.5216,2.2524
2.9504,0.5251,2.2643
2.9506,0.5243,2.2617
2.9508,0.5226,2.2545
2.9510,0.5252,2.2669
2.9512,0.5233,2.2565
2.9514,0.5245,2.2617
2.9516,0.5197,2.2421
2.9518,0.5158,2.226
2.9520,0.5118,2.2059
2.9522,0.5969,2.568
2.9524,0.7091,3.0518
2.9526,0.7375,3.1697
2.9528,0.7446,3.1986
2.9530,0.7618,3.2759
2.9532,0.7382,3.1772
2.9534,0.6816,2.9323
2.9536,0.6731,2.897
2.9538,0.6797,2.9294
2.9540,0.6707,2.888
2.9542,0.7203,3.0989
2.9544,0.6912,2.9735
2.9546,0.7002,3.0094
2.9548,0.73,3.1465
2.9550,0.596,2.5711
2.9552,0.5668,2.4442
2.9554,0.5359,2.3119
2.9556,0.4777,2.0639
2.9558,0.475,2.0519
2.9560,0.4803,2.0719
2.9562,0.4827,2.0812
2.9564,0.5125,2.209
2.9566,0.575,2.4771
2.9568,0.5487,2.3662
2.9570,0.5126,2.2115
2.9572,0.5448,2.3469
2.9574,0.6005,2.5847
2.9576,0.599,2.5828
2.9578,0.5592,2.4111
2.9580,0.5559,2.3916
2.9582,0.6805,2.9235
2.9584,0.791,3.398
2.9586,0.782,3.3641
2.9588,0.7013,3.0155
2.9590,0.735,3.1574
2.9592,0.7453,3.2122
2.9594,0.6312,2.7131
2.9596,0.7643,3.2806
2.9598,0.8748,3.7511
2.9600,0.8957,3.8442
2.9602,0.9093,3.901
2.9604,0.9501,4.0759
2.9606,0.9466,4.0553
2.9608,0.9744,4.1784
2.9610,0.907,3.8912
2.9612,0.8798,3.7762
2.9614,0.8804,3.7753
2.9616,0.9313,3.997
2.9618,0.8281,3.566
2.9620,0.7338,3.1567
2.9622,0.7323,3.1446
2.9624,0.81,3.4783
2.9626,0.8967,3.8452
2.9628,0.9607,4.1154
2.9630,0.9771,4.1917
2.9632,0.9654,4.1437
2.9634,0.9718,4.1632
2.9636,0.9824,4.2123
2.9638,0.9818,4.2137
2.9640,0.9229,3.9591
2.9642,0.9332,3.9996
2.9644,0.9672,4.1514
2.9646,0.9589,4.1192
2.9648,0.8789,3.7721
2.9650,0.9314,3.9975
2.9652,0.9337,4.0092
2.9654,0.921,3.9527
2.9656,0.9248,3.9692
2.9658,0.8904,3.8233
2.9660,0.8937,3.8359
2.9662,0.9229,3.9628
2.9664,0.8704,3.739
2.9666,0.8651,3.7164
2.9668,0.868,3.7322
2.9670,0.7612,3.2794
2.9672,0.6208,2.6769
2.9674,0.6047,2.6076
2.9676,0.6197,2.6685
2.9678,0.6648,2.8667
2.9680,0.6189,2.6674
2.9682,0.6315,2.7217
2.9684,0.5921,2.5545
2.9686,0.5896,2.5425
2.9688,0.6092,2.6231
2.9690,0.694,2.984
2.9692,0.7378,3.1786
2.9694,0.6974,2.999
2.9696,0.7555,3.2531
2.9698,0.7496,3.2323
2.9700,0.6171,2.6597
2.9702,0.6183,2.6611
2.9704,0.6492,2.7995
2.9706,0.5929,2.5576
2.9708,0.583,2.5129
2.9710,0.5762,2.4834
2.9712,0.5802,2.5005
2.9714,0.5811,2.5069
2.9716,0.5965,2.572
2.9718,0.6534,2.8136
2.9720,0.6327,2.7268
2.9722,0.537,2.3176
2.9724,0.5012,2.1624
2.9726,0.5366,2.3129
2.9728,0.5541,2.3905
2.9730,0.5523,2.385
2.9732,0.5516,2.3786
2.9734,0.5526,2.3816
2.9736,0.5472,2.3605
2.9738,0.5449,2.3507
2.9740,0.5534,2.383
2.9742,0.5835,2.5161
2.9744,0.5708,2.4613
2.9746,0.5891,2.5428
2.9748,0.5206,2.2457
2.9750,0.527,2.2726
2.9752,0.5278,2.2809
2.9754,0.4492,1.9406
2.9756,0.4462,1.9249
2.9758,0.4476,1.932
2.9760,0.4342,1.8749
2.9762,0.443,1.9127
2.9764,0.4527,1.9556
2.9766,0.4602,1.9873
2.9768,0.4881,2.1016
2.9770,0.5897,2.543
2.9772,0.549,2.3661
2.9774,0.512,2.2089
2.9776,0.4606,1.987
2.9778,0.4516,1.95
2.9780,0.4293,1.8537
2.9782,0.4264,1.8404
2.9784,0.4309,1.8604
2.9786,0.4402,1.9008
2.9788,0.4418,1.9058
2.9790,0.4704,2.0276
2.9792,0.5373,2.316
2.9794,0.5228,2.2555
2.9796,0.4762,2.0533
2.9798,0.533,2.2952
2.9800,0.5544,2.3905
2.9802,0.5475,2.361
2.9804,0.5658,2.4373
2.9806,0.5811,2.5034
2.9808,0.5726,2.4679
2.9810,0.5757,2.4802
2.9812,0.5658,2.4373
2.9814,0.5914,2.5443
2.9816,0.6636,2.8562
2.9818,0.6511,2.8012
2.9820,0.6682,2.8745
2.9822,0.6754,2.9068
2.9824,0.6715,2.8903
2.9826,0.601,2.5892
2.9828,0.5622,2.4241
2.9830,0.5481,2.3614
2.9832,0.5586,2.4063
2.9834,0.5648,2.4298
2.9836,0.682,2.9311
2.9838,0.7082,3.044
2.9840,0.7214,3.1021
2.9842,0.6773,2.9123
2.9844,0.7049,3.0295
2.9846,0.6773,2.9123
2.9848,0.6643,2.862
2.9850,0.6574,2.8294
2.9852,0.6624,2.8484
2.9854,0.6423,2.7669
2.9856,0.5894,2.5403
2.9858,0.5143,2.2147
2.9860,0.5588,2.4074
2.9862,0.5824,2.5068
2.9864,0.6064,2.6076
2.9866,0.6366,2.7401
2.9868,0.6466,2.7816
2.9870,0.7177,3.0847
2.9872,0.7436,3.1975
2.9874,0.6724,2.8899
2.9876,0.6936,2.9797
2.9878,0.6888,2.966
2.9880,0.5944,2.562
2.9882,0.5769,2.4877
2.9884,0.5596,2.4143
2.9886,0.483,2.0828
2.9888,0.4721,2.0338
2.9890,0.5375,2.3165
2.9892,0.5432,2.3456
2.9894,0.4679,2.0176
2.9896,0.4588,1.9774
2.9898,0.4553,1.9652
2.9900,0.4562,1.9697
2.9902,0.4708,2.0319
2.9904,0.5004,2.1558
2.9906,0.5322,2.2916
2.9908,0.571,2.46
2.9910,0.5844,2.5162
2.9912,0.5851,2.5181
2.9914,0.6641,2.8556
2.9916,0.6537,2.8134
2.9918,0.6917,2.9742
2.9920,0.7473,3.2105
2.9922,0.7878,3.3799
2.9924,0.789,3.3929
2.9926,0.7254,3.1177
2.9928,0.7357,3.159
2.9930,0.7658,3.2883
2.9932,0.7671,3.297
2.9934,0.7618,3.2713
2.9936,0.7774,3.3382
2.9938,0.7527,3.2337
2.9940,0.7843,3.3644
2.9942,0.7972,3.428
2.9944,0.6714,2.8924
2.9946,0.613,2.6384
2.9948,0.711,3.053
2.9950,0.7729,3.3187
2.9952,0.7422,3.1883
2.9954,0.7414,3.1867
2.9956,0.7651,3.2852
2.9958,0.8433,3.6192
2.9960,0.8229,3.5317
2.9962,0.7724,3.312
2.9964,0.8858,3.8037
2.9966,0.8497,3.6487
2.9968,0.8367,3.5893
2.9970,0.8376,3.5934
2.9972,0.934,4.0032
2.9974,0.9436,4.0406
2.9976,0.9499,4.0749
2.9978,0.8939,3.8346
2.9980,0.9048,3.8796
2.9982,0.9068,3.8902
2.9984,0.9126,3.9149
2.9986,0.9097,3.9025
2.9988,0.9116,3.9071
2.9990,0.9302,3.9849
2.9992,0.8888,3.8148
2.9994,0.8972,3.8473
2.9996,0.8972,3.8508
2.9998,0.882,3.7872
3.0000,0.8596,3.6892
3.0002,0.9019,3.8673
3.0004,0.9431,4.048
3.0006,0.8964,3.8472
3.0008,0.8701,3.7345
3.0010,0.8954,3.8449
3.0012,0.8829,3.7914
3.0014,0.7971,3.4306
3.0016,0.7669,3.2945
3.0018,0.8403,3.6097
3.0020,0.8525,3.6606
3.0022,0.8457,3.6312
3.0024,0.845,3.627
3.0026,0.8544,3.6739
3.0028,0.8211,3.5289
3.0030,0.8319,3.5753
3.0032,0.7627,3.2779
3.0034,0.7458,3.2068
3.0036,0.755,3.2434
3.0038,0.8209,3.5301
3.0040,0.7805,3.3547
3.0042,0.7871,3.3847
3.0044,0.7707,3.3125
3.0046,0.7801,3.3542
3.0048,0.7965,3.4249
3.0050,0.7906,3.3949
3.0052,0.8304,3.5642
3.0054,0.7642,3.2892
3.0056,0.7067,3.0387
3.0058,0.796,3.4228
3.0060,0.8061,3.4645
3.0062,0.7771,3.3382
3.0064,0.8012,3.4466
3.0066,0.7802,3.3548
3.0068,0.7417,3.1892
3.0070,0.7621,3.2784
3.0072,0.7761,3.331
3.0074,0.8658,3.7212
3.0076,0.8115,3.4893
3.0078,0.7995,3.441
3.0080,0.7368,3.1725
3.0082,0.6887,2.9655
3.0084,0.699,3.0071
3.0086,0.7387,3.1763
3.0088,0.7678,3.3001
3.0090,0.8416,3.6103
3.0092,0.9018,3.874
3.0094,0.8452,3.6342
3.0096,0.8126,3.4924
3.0098,0.7998,3.4361
3.0100,0.8032,3.4521
3.0102,0.767,3.3011
3.0104,0.7558,3.2516
3.0106,0.7293,3.1347
3.0108,0.7466,3.2089
3.0110,0.7554,3.251
3.0112,0.6883,2.9653
3.0114,0.6431,2.7679
3.0116,0.7124,3.0705
3.0118,0.6955,2.9949
3.0120,0.6888,2.9646
3.0122,0.6962,2.9952
3.0124,0.8037,3.4574
3.0126,0.7041,3.0363
3.0128,0.5509,2.3777
3.0130,0.539,2.3264
3.0132,0.5384,2.3228
3.0134,0.5391,2.3259
3.0136,0.5433,2.3451
3.0138,0.5419,2.3399
3.0140,0.5395,2.3285
3.0142,0.5307,2.2886
3.0144,0.5538,2.3879
3.0146,0.6186,2.6639
3.0148,0.6051,2.6056
3.0150,0.6225,2.6792
3.0152,0.6754,2.9081
3.0154,0.6918,2.9775
3.0156,0.7321,3.1509
3.0158,0.6828,2.9388
3.0160,0.6432,2.7749
3.0162,0.571,2.4623
3.0164,0.5487,2.3651
3.0166,0.5468,2.3568
3.0168,0.5466,2.3568
3.0170,0.5577,2.4038
3.0172,0.5869,2.5318
3.0174,0.58,2.4965
3.0176,0.6758,2.9116
3.0178,0.598,2.5787
3.0180,0.56,2.4159
3.0182,0.5555,2.394
3.0184,0.5565,2.3964
3.0186,0.6314,2.7186
3.0188,0.6392,2.7535
3.0190,0.6713,2.8879
3.0192,0.7033,3.027
3.0194,0.6612,2.8446
3.0196,0.6772,2.9132
3.0198,0.754,3.2423
3.0200,0.7452,3.2057
3.0202,0.737,3.1691
3.0204,0.7705,3.313
3.0206,0.7701,3.3114
3.0208,0.798,3.4284
3.0210,0.8205,3.5231
3.0212,0.8704,3.7356
3.0214,0.9073,3.8959
3.0216,0.822,3.5347
3.0218,0.722,3.1104
3.0220,0.6394,2.7545
3.0222,0.652,2.8074
3.0224,0.7151,3.0805
3.0226,0.6513,2.7991
3.0228,0.7268,3.1209
3.0230,0.7429,3.1959
3.0232,0.7244,3.1164
3.0234,0.7347,3.1564
3.0236,0.7188,3.0965
3.0238,0.6546,2.8201
3.0240,0.7176,3.0827
3.0242,0.7621,3.2799
3.0244,0.732,3.1489
3.0246,0.7611,3.2712
3.0248,0.8034,3.4516
3.0250,0.8184,3.5176
3.0252,0.7896,3.3986
3.0254,0.73,3.1392
3.0256,0.7766,3.3408
3.0258,0.7376,3.1732
3.0260,0.7293,3.1317
3.0262,0.8774,3.7659
3.0264,0.9424,4.0392
3.0266,0.9471,4.0631
3.0268,0.9031,3.8779
3.0270,0.9216,3.9553
3.0272,0.8745,3.7571
3.0274,0.8514,3.6576
3.0276,0.8376,3.5917
3.0278,0.907,3.8894
3.0280,0.937,4.0217
3.0282,0.9202,3.946
3.0284,0.9488,4.0703
3.0286,0.9154,3.9327
3.0288,0.8862,3.8088
3.0290,0.9147,3.926
3.0292,0.9051,3.8848
3.0294,0.974,4.1724
3.0296,1.0241,4.3933
3.0298,0.8885,3.8115
3.0300,0.8722,3.7502
3.0302,0.8358,3.594
3.0304,0.8311,3.5739
3.0306,0.7619,3.2733
3.0308,0.8251,3.5415
3.0310,0.8915,3.8261
3.0312,0.8562,3.6868
3.0314,0.7055,3.0377
3.0316,0.7202,3.1041
3.0318,0.7363,3.1704
3.0320,0.728,3.1348
3.0322,0.6955,2.9949
3.0324,0.7189,3.0956
3.0326,0.7255,3.1211
3.0328,0.6952,2.9919
3.0330,0.6678,2.8756
3.0332,0.6828,2.9415
3.0334,0.689,2.9656
3.0336,0.6603,2.847
3.0338,0.621,2.6755
3.0340,0.728,3.1363
3.0342,0.6557,2.8261
3.0344,0.6157,2.6535
3.0346,0.6182,2.6631
3.0348,0.6737,2.8996
3.0350,0.7942,3.4119
3.0352,0.7991,3.4362
3.0354,0.7329,3.1604
3.0356,0.6545,2.8183
3.0358,0.6682,2.8785
3.0360,0.6471,2.7876
3.0362,0.6317,2.7214
3.0364,0.6251,2.693
3.0366,0.6845,2.9474
3.0368,0.7543,3.2434
3.0370,0.7865,3.3789
3.0372,0.8091,3.4758
3.0374,0.8486,3.6526
3.0376,0.7492,3.2217
3.0378,0.7834,3.3671
3.0380,0.7588,3.2675
3.0382,0.6985,3.012
3.0384,0.6249,2.6908
3.0386,0.6356,2.7392
3.0388,0.6201,2.6689
3.0390,0.7272,3.1254
3.0392,0.754,3.2484
3.0394,0.6625,2.8569
3.0396,0.5772,2.4887
3.0398,0.6347,2.7344
3.0400,0.6774,2.9169
3.0402,0.6713,2.8919
3.0404,0.6866,2.9553
3.0406,0.7581,3.2614
3.0408,0.7145,3.0708
3.0410,0.7405,3.1885
3.0412,0.7155,3.084
3.0414,0.6563,2.83
3.0416,0.5884,2.5397
3.0418,0.554,2.3911
3.0420,0.5526,2.3827
3.0422,0.568,2.4483
3.0424,0.5983,2.5773
3.0426,0.6413,2.7653
3.0428,0.5966,2.5713
3.0430,0.5944,2.5608
3.0432,0.6167,2.6581
3.0434,0.6376,2.748
3.0436,0.6347,2.7356
3.0438,0.52,2.2462
3.0440,0.4678,2.0199
3.0442,0.4629,1.9987
3.0444,0.4782,2.0631
3.0446,0.4725,2.0401
3.0448,0.4866,2.1012
3.0450,0.5455,2.3533
3.0452,0.5608,2.4173
3.0454,0.5577,2.4061
3.0456,0.5679,2.4489
3.0458,0.5592,2.4111
3.0460,0.5062,2.1846
3.0462,0.464,2.0015
3.0464,0.4648,2.0061
3.0466,0.4626,1.9967
3.0468,0.4915,2.1215
3.0470,0.5406,2.3299
3.0472,0.5571,2.4035
3.0474,0.558,2.4037
3.0476,0.5742,2.4723
3.0478,0.5844,2.5174
3.0480,0.5718,2.4643
3.0482,0.613,2.6409
3.0484,0.6538,2.8139
3.0486,0.6776,2.9166
3.0488,0.6432,2.7685
3.0490,0.6227,2.6815
3.0492,0.6544,2.8152
3.0494,0.6467,2.7873
3.0496,0.5435,2.3434
3.0498,0.5483,2.3663
3.0500,0.5385,2.3211
3.0502,0.5496,2.3709
3.0504,0.498,2.1504
3.0506,0.4595,1.9824
3.0508,0.448,1.9327
3.0510,0.5046,2.1759
3.0512,0.5188,2.2369
3.0514,0.4986,2.151
3.0516,0.5017,2.1615
3.0518,0.5842,2.5169
3.0520,0.5803,2.4987
3.0522,0.5901,2.541
3.0524,0.634,2.7287
3.0526,0.6779,2.919
3.0528,0.6515,2.8028
3.0530,0.6799,2.9264
3.0532,0.6298,2.7119
3.0534,0.6135,2.6442
3.0536,0.6083,2.6207
3.0538,0.5955,2.563
3.0540,0.6186,2.6602
3.0542,0.7307,3.1433
3.0544,0.6204,2.6729
3.0546,0.5038,2.1722
3.0548,0.4896,2.1122
3.0550,0.487,2.1018
3.0552,0.4864,2.0973
3.0554,0.4923,2.1216
3.0556,0.5727,2.465
3.0558,0.6104,2.6319
3.0560,0.4953,2.1355
3.0562,0.4848,2.0905
3.0564,0.483,2.0828
3.0566,0.4811,2.0755
3.0568,0.4791,2.0667
3.0570,0.4965,2.1397
3.0572,0.5373,2.3138
3.0574,0.5915,2.546
3.0576,0.5973,2.5708
3.0578,0.6168,2.6574
3.0580,0.599,2.5768
3.0582,0.7008,3.0162
3.0584,0.6978,2.9963
3.0586,0.7978,3.4242
3.0588,0.8297,3.5644
3.0590,0.7904,3.397
3.0592,0.7313,3.1356
3.0594,0.8844,3.7887
3.0596,0.9523,4.0814
3.0598,0.9749,4.1785
3.0600,0.9371,4.0222
3.0602,0.917,3.9321
3.0604,0.949,4.0637
3.0606,0.9473,4.0641
3.0608,0.8893,3.8133
3.0610,0.9457,4.0531
3.0612,0.9397,4.0255
3.0614,0.9676,4.1491
3.0616,0.9435,4.0495
3.0618,0.9081,3.8922
3.0620,0.9509,4.0795
3.0622,0.9388,4.0276
3.0624,0.9148,3.9228
3.0626,0.9138,3.9219
3.0628,0.8811,3.7872
3.0630,0.8375,3.5962
3.0632,0.8953,3.8408
3.0634,0.8711,3.7404
3.0636,0.8301,3.5643
3.0638,0.7779,3.3387
3.0640,0.8585,3.6794
3.0642,0.9367,4.0183
3.0644,0.8987,3.857
3.0646,0.865,3.7141
3.0648,0.8845,3.7945
3.0650,0.9122,3.9115
3.0652,0.8885,3.8097
3.0654,0.9174,3.9355
3.0656,0.9339,4.0065
3.0658,0.9639,4.1312
3.0660,0.9866,4.2323
3.0662,0.9098,3.9085
3.0664,0.8367,3.5976
3.0666,0.7892,3.3887
3.0668,0.84,3.6053
3.0670,0.8407,3.6118
3.0672,0.8524,3.6566
3.0674,0.8599,3.6959
3.0676,0.8031,3.4532
3.0678,0.8449,3.6315
3.0680,0.8732,3.7462
3.0682,0.8763,3.7648
3.0684,0.864,3.7117
3.0686,0.862,3.7012
3.0688,0.87,3.7358
3.0690,0.8789,3.7739
3.0692,0.8668,3.7253
3.0694,0.8239,3.5463
3.0696,0.7663,3.298
3.0698,0.713,3.0688
3.0700,0.681,2.931
3.0702,0.6748,2.9056
3.0704,0.6808,2.9314
3.0706,0.6888,2.9673
3.0708,0.6912,2.9749
3.0710,0.7239,3.1173
3.0712,0.6299,2.715
3.0714,0.6037,2.6006
3.0716,0.6058,2.6123
3.0718,0.6179,2.662
3.0720,0.6588,2.8382
3.0722,0.6778,2.9144
3.0724,0.8343,3.5823
3.0726,0.8874,3.8175
3.0728,0.7315,3.1513
3.0730,0.6477,2.7902
3.0732,0.6448,2.7752
3.0734,0.6432,2.771
3.0736,0.6431,2.7705
3.0738,0.6625,2.8529
3.0740,0.6634,2.8592
3.0742,0.6639,2.8626
3.0744,0.626,2.6966
3.0746,0.6345,2.7346
3.0748,0.5876,2.5337
3.0750,0.5435,2.3445
3.0752,0.5389,2.3248
3.0754,0.5421,2.3366
3.0756,0.6509,2.8015
3.0758,0.6942,2.9934
3.0760,0.5579,2.4066
3.0762,0.5388,2.3243
3.0764,0.5461,2.3559
3.0766,0.5396,2.3269
3.0768,0.5364,2.3118
3.0770,0.5378,2.3191
3.0772,0.5387,2.3249
3.0774,0.5391,2.3248
3.0776,0.5406,2.3299
3.0778,0.5397,2.3263
3.0780,0.5817,2.5072
3.0782,0.5461,2.3537
3.0784,0.5511,2.3754
3.0786,0.5878,2.5312
3.0788,0.6432,2.7672
3.0790,0.7105,3.0566
3.0792,0.6816,2.9418
3.0794,0.5659,2.4378
3.0796,0.5936,2.5572
3.0798,0.6535,2.8142
3.0800,0.6468,2.7852
3.0802,0.6281,2.7034
3.0804,0.6629,2.8531
3.0806,0.6735,2.8985
3.0808,0.7022,3.0238
3.0810,0.6727,2.8968
3.0812,0.687,2.9541
3.0814,0.7243,3.1145
3.0816,0.7381,3.1723
3.0818,0.741,3.1847
3.0820,0.7538,3.2398
3.0822,0.7839,3.3707
3.0824,0.8209,3.5301
3.0826,0.7115,3.0636
3.0828,0.6736,2.9004
3.0830,0.6804,2.9298
3.0832,0.6907,2.9687
3.0834,0.7327,3.155
3.0836,0.6383,2.7524
3.0838,0.5914,2.5491
3.0840,0.6546,2.8162
3.0842,0.6859,2.9508
3.0844,0.6655,2.8658
3.0846,0.6007,2.5913
3.0848,0.5433,2.3407
3.0850,0.5623,2.4235
3.0852,0.5901,2.5457
3.0854,0.5309,2.2902
3.0856,0.5885,2.5331
3.0858,0.639,2.7517
3.0860,0.629,2.7108
3.0862,0.578,2.4935
3.0864,0.5124,2.2074
3.0866,0.5244,2.2601
3.0868,0.571,2.46
3.0870,0.6195,2.6638
3.0872,0.7178,3.0895
3.0874,0.6884,2.9644
3.0876,0.6468,2.7852
3.0878,0.6176,2.658
3.0880,0.5915,2.5496
3.0882,0.5406,2.3321
3.0884,0.5053,2.181
3.0886,0.5021,2.165
3.0888,0.5146,2.2157
3.0890,0.6473,2.7886
3.0892,0.5703,2.4604
3.0894,0.5113,2.2069
3.0896,0.4941,2.1314
3.0898,0.4885,2.1076
3.0900,0.486,2.0967
3.0902,0.4779,2.0625
3.0904,0.4993,2.1531
3.0906,0.536,2.3103
3.0908,0.5989,2.5811
3.0910,0.5709,2.4584
3.0912,0.602,2.5921
3.0914,0.6607,2.8438
3.0916,0.6567,2.825
3.0918,0.6702,2.8819
3.0920,0.7193,3.0928
3.0922,0.7646,3.2847
3.0924,0.7882,3.3846
3.0926,0.801,3.4397
3.0928,0.8086,3.4721
3.0930,0.8622,3.6988
3.0932,0.9133,3.9162
3.0934,0.9182,3.9354
3.0936,0.9208,3.9449
3.0938,0.9394,4.032
3.0940,0.9383,4.0236
3.0942,0.874,3.758
3.0944,0.7808,3.3526
3.0946,0.808,3.4695
3.0948,0.8382,3.5993
3.0950,0.817,3.5049
3.0952,0.8567,3.6752
3.0954,0.9355,4.0113
3.0956,0.9271,3.979
3.0958,0.8858,3.7984
3.0960,0.9545,4.0911
3.0962,0.9412,4.0378
3.0964,0.8907,3.8195
3.0966,0.8851,3.8006
3.0968,0.8889,3.8171
3.0970,0.8849,3.7961
3.0972,0.8614,3.7021
3.0974,0.8278,3.5562
3.0976,0.8504,3.6501
3.0978,0.8936,3.83
3.0980,0.9109,3.9113
3.0982,0.8536,3.6635
3.0984,0.8948,3.8388
3.0986,0.8826,3.7951
3.0988,0.8424,3.6156
3.0990,0.8922,3.8292
3.0992,0.9163,3.9272
3.0994,0.9537,4.1028
3.0996,0.7526,3.2362
3.0998,0.7775,3.3403
3.1000,0.8099,3.4794
3.1002,0.787,3.3841
3.1004,0.8182,3.5149
3.1006,0.8645,3.7103
3.1008,0.8628,3.71
3.1010,0.8142,3.5045
3.1012,0.7501,3.2223
3.1014,0.7825,3.363
3.1016,0.8297,3.5677
3.1018,0.8347,3.5894
3.1020,0.8199,3.5254
3.1022,0.7745,3.3321
3.1024,0.772,3.3166
3.1026,0.7968,3.4248
3.1028,0.7649,3.2954
3.1030,0.7018,3.0217
3.1032,0.7089,3.0499
3.1034,0.7405,3.187
3.1036,0.6937,2.9885
3.1038,0.6812,2.9348
3.1040,0.6474,2.7865
3.1042,0.651,2.8033
3.1044,0.6095,2.6283
3.1046,0.6005,2.5895
3.1048,0.5998,2.5863
3.1050,0.6064,2.616
3.1052,0.5575,2.4016
3.1054,0.6322,2.7196
3.1056,0.694,2.99
3.1058,0.6329,2.729
3.1060,0.5864,2.5272
3.1062,0.5572,2.4028
3.1064,0.5535,2.389
3.1066,0.5502,2.3723
3.1068,0.6151,2.6476
3.1070,0.6498,2.798
3.1072,0.6663,2.872
3.1074,0.6115,2.6333
3.1076,0.6239,2.6903
3.1078,0.569,2.4534
3.1080,0.5659,2.4445
3.1082,0.4836,2.0892
3.1084,0.4711,2.0353
3.1086,0.4721,2.0375
3.1088,0.469,2.0241
3.1090,0.4687,2.0221
3.1092,0.5249,2.2621
3.1094,0.6088,2.6288
3.1096,0.5025,2.169
3.1098,0.4657,2.0092
3.1100,0.4623,1.9979
3.1102,0.4533,1.959
3.1104,0.4516,1.9481
3.1106,0.4503,1.9434
3.1108,0.4645,2.0031
3.1110,0.5389,2.3258
3.1112,0.4674,2.0192
3.1114,0.4331,1.8694
3.1116,0.433,1.8697
3.1118,0.4398,1.8983
3.1120,0.4951,2.1339
3.1122,0.5308,2.288
3.1124,0.4931,2.1301
3.1126,0.434,1.8721
3.1128,0.4282,1.8498
3.1130,0.4304,1.8583
3.1132,0.432,1.8656
3.1134,0.4325,1.8668
3.1136,0.4299,1.8562
3.1138,0.4258,1.8386
3.1140,0.4265,1.8417
3.1142,0.4419,1.9071
3.1144,0.434,1.8721
3.1146,0.4301,1.8573
3.1148,0.4546,1.962
3.1150,0.5082,2.1893
3.1152,0.5397,2.3273
3.1154,0.5497,2.3691
3.1156,0.5962,2.566
3.1158,0.6216,2.6742
3.1160,0.6026,2.5934
3.1162,0.5264,2.273
3.1164,0.4813,2.0764
3.1166,0.4308,1.8587
3.1168,0.4427,1.9072
3.1170,0.5406,2.3309
3.1172,0.4985,2.1494
3.1174,0.5047,2.1743
3.1176,0.5186,2.2373
3.1178,0.48,2.0679
3.1180,0.5189,2.2321
3.1182,0.578,2.4864
3.1184,0.5722,2.4674
3.1186,0.5126,2.2084
3.1188,0.5487,2.365
3.1190,0.5079,2.1903
3.1192,0.516,2.2208
3.1194,0.6039,2.593
3.1196,0.7005,3.0137
3.1198,0.6629,2.853
3.1200,0.6307,2.7109
3.1202,0.6914,2.9703
3.1204,0.7642,3.283
3.1206,0.7684,3.301
3.1208,0.7369,3.1641
3.1210,0.7588,3.2598
3.1212,0.743,3.1918
3.1214,0.6683,2.8789
3.1216,0.5666,2.442
3.1218,0.5509,2.3721
3.1220,0.6071,2.6142
3.1222,0.6034,2.5982
3.1224,0.5852,2.5174
3.1226,0.6036,2.6005
3.1228,0.5803,2.4997
3.1230,0.5638,2.4278
3.1232,0.5805,2.4996
3.1234,0.5776,2.4837
3.1236,0.649,2.7957
3.1238,0.5526,2.3815
3.1240,0.6035,2.5939
3.1242,0.6233,2.6852
3.1244,0.5027,2.1665
3.1246,0.5256,2.261
3.1248,0.6449,2.773
3.1250,0.6738,2.8986
3.1252,0.6611,2.8426
3.1254,0.7226,3.1028
3.1256,0.7722,3.316
3.1258,0.772,3.3134
3.1260,0.8236,3.5248
3.1262,0.9069,3.8888
3.1264,0.8529,3.6591
3.1266,0.8871,3.8057
3.1268,0.8978,3.8479
3.1270,0.9001,3.8576
3.1272,0.9056,3.8831
3.1274,0.8979,3.8538
3.1276,0.8491,3.6409
3.1278,0.9037,3.8713
3.1280,0.9214,3.951
3.1282,0.9046,3.8772
3.1284,0.9179,3.9397
3.1286,0.9062,3.8857
3.1288,0.9105,3.9042
3.1290,0.9086,3.8905
3.1292,0.9411,4.0334
3.1294,0.9118,3.9098
3.1296,0.9025,3.8715
3.1298,0.8884,3.8096
3.1300,0.8785,3.7722
3.1302,0.8272,3.5501
3.1304,0.8497,3.6486
3.1306,0.8096,3.4766
3.1308,0.7877,3.3855
3.1310,0.7894,3.3864
3.1312,0.8293,3.5644
3.1314,0.7768,3.3386
3.1316,0.8432,3.6191
3.1318,0.8586,3.6867
3.1320,0.8068,3.4643
3.1322,0.8592,3.6858
3.1324,0.8635,3.7113
3.1326,0.8104,3.4846
3.1328,0.7342,3.1586
3.1330,0.746,3.2077
3.1332,0.7571,3.2571
3.1334,0.7758,3.333
3.1336,0.8142,3.4962
3.1338,0.7781,3.3443
3.1340,0.758,3.2577
3.1342,0.8164,3.5054
3.1344,0.8372,3.6001
3.1346,0.792,3.4073
3.1348,0.7546,3.2463
3.1350,0.756,3.2495
3.1352,0.7807,3.3525
3.1354,0.8426,3.6182
3.1356,0.7746,3.3325
3.1358,0.6865,2.9519
3.1360,0.7478,3.2124
3.1362,0.7642,3.2861
3.1364,0.7713,3.3134
3.1366,0.7773,3.3423
3.1368,0.7668,3.2974
3.1370,0.7363,3.1674
3.1372,0.6798,2.9244
3.1374,0.6903,2.967
3.1376,0.7125,3.0638
3.1378,0.6887,2.9653
3.1380,0.6102,2.6313
3.1382,0.6074,2.6165
3.1384,0.6039,2.6015
3.1386,0.6612,2.8392
3.1388,0.8108,3.4834
3.1390,0.751,3.2338
3.1392,0.6782,2.9164
3.1394,0.7403,3.176
3.1396,0.8442,3.63
3.1398,0.76,3.268
3.1400,0.7755,3.3314
3.1402,0.7957,3.4185
3.1404,0.8231,3.5376
3.1406,0.8011,3.4465
3.1408,0.7478,3.2184
3.1410,0.678,2.9221
3.1412,0.6436,2.7712
3.1414,0.6619,2.8475
3.1416,0.6741,2.9042
3.1418,0.6377,2.7433
3.1420,0.7576,3.2531
3.1422,0.8274,3.5561
3.1424,0.7155,3.0781
3.1426,0.7134,3.0717
3.1428,0.6315,2.7228
3.1430,0.537,2.3165
3.1432,0.5281,2.2792
3.1434,0.5313,2.29
3.1436,0.5288,2.2802
3.1438,0.5267,2.2709
3.1440,0.5322,2.2968
3.1442,0.5438,2.346
3.1444,0.5356,2.3108
3.1446,0.5328,2.2962
3.1448,0.5356,2.3108
3.1450,0.5485,2.3639
3.1452,0.5956,2.5635
3.1454,0.6117,2.6363
3.1456,0.5846,2.5183
3.1458,0.702,3.0184
3.1460,0.6853,2.9523
3.1462,0.6009,2.5922
3.1464,0.5458,2.3526
3.1466,0.5377,2.3174
3.1468,0.5348,2.3072
3.1470,0.5657,2.4361
3.1472,0.6287,2.7047
3.1474,0.6425,2.7665
3.1476,0.6286,2.7041
3.1478,0.653,2.8107
3.1480,0.6293,2.711
3.1482,0.5896,2.5388
3.1484,0.6638,2.8585
3.1486,0.6866,2.9511
3.1488,0.7196,3.0928
3.1490,0.7142,3.0739
3.1492,0.7,3.0144
3.1494,0.6776,2.9165
3.1496,0.7347,3.1577
3.1498,0.7298,3.1395
3.1500,0.6775,2.9173
3.1502,0.6683,2.8762
3.1504,0.671,2.8868
3.1506,0.6524,2.8081
3.1508,0.6023,2.5984
3.1510,0.5624,2.4239
3.1512,0.6,2.5838
3.1514,0.6153,2.6481
3.1516,0.654,2.8135
3.1518,0.6812,2.9347
3.1520,0.6291,2.7087
3.1522,0.6227,2.6814
3.1524,0.5902,2.5426
3.1526,0.6039,2.6027
3.1528,0.5402,2.3304
3.1530,0.4996,2.1531
3.1532,0.5449,2.3473
3.1534,0.5818,2.5064
3.1536,0.6421,2.7624
3.1538,0.6504,2.8006
3.1540,0.5738,2.4753
3.1542,0.4934,2.1307
3.1544,0.474,2.0468
3.1546,0.4684,2.0206
3.1548,0.4596,1.9828
3.1550,0.4621,1.9937
3.1552,0.4675,2.017
3.1554,0.4931,2.1242
3.1556,0.5297,2.286
3.1558,0.4693,2.0266
3.1560,0.4684,2.0206
3.1562,0.4674,2.0164
3.1564,0.4695,2.0252
3.1566,0.4721,2.0375
3.1568,0.4689,2.0208
3.1570,0.4987,2.1495
3.1572,0.5299,2.2828
3.1574,0.5807,2.4937
3.1576,0.6593,2.8375
3.1578,0.6359,2.7394
3.1580,0.6527,2.8065
3.1582,0.7185,3.0882
3.1584,0.7183,3.0871
3.1586,0.7441,3.1935
3.1588,0.7915,3.4004
3.1590,0.7848,3.3732
3.1592,0.7906,3.3868
3.1594,0.9123,3.9064
3.1596,0.9533,4.0858
3.1598,0.923,3.9595
3.1600,0.9179,3.9361
3.1602,0.9419,4.0332
3.1604,0.9495,4.0656
3.1606,0.9148,3.9227
3.1608,0.9225,3.9574
3.1610,0.9058,3.8823
3.1612,0.9167,3.9291
3.1614,0.9449,4.0499
3.1616,0.9086,3.8978
3.1618,0.8909,3.8221
3.1620,0.9147,3.9203
3.1622,0.9328,3.9961
3.1624,0.9595,4.1106
3.1626,0.9604,4.1219
3.1628,0.9418,4.0384
3.1630,0.9904,4.2407
3.1632,0.9698,4.1568
3.1634,0.9242,3.9665
3.1636,0.8754,3.7605
3.1638,0.8468,3.6328
3.1640,0.8734,3.747
3.1642,0.8877,3.8118
3.1644,0.9094,3.9014
3.1646,0.8751,3.7595
3.1648,0.7828,3.3644
3.1650,0.7664,3.2953
3.1652,0.7433,3.1963
3.1654,0.77,3.3077
3.1656,0.8245,3.5438
3.1658,0.8493,3.6572
3.1660,0.7179,3.087
3.1662,0.6769,2.9161
3.1664,0.6818,2.9359
3.1666,0.6732,2.8974
3.1668,0.6806,2.928
3.1670,0.7056,3.0381
3.1672,0.7232,3.1112
3.1674,0.8005,3.4391
3.1676,0.8075,3.4706
3.1678,0.7282,3.1328
3.1680,0.7674,3.2984
3.1682,0.7643,3.2866
3.1684,0.7105,3.0551
3.1686,0.7429,3.1958
3.1688,0.7144,3.0764
3.1690,0.7207,3.1003
3.1692,0.712,3.0646
3.1694,0.6791,2.9267
3.1696,0.6199,2.6707
3.1698,0.6747,2.9027
3.1700,0.6683,2.8776
3.1702,0.6203,2.6735
3.1704,0.6251,2.6917
3.1706,0.6219,2.6802
3.1708,0.5921,2.5521
3.1710,0.6084,2.6199
3.1712,0.597,2.5732
3.1714,0.6051,2.6115
3.1716,0.5213,2.2477
3.1718,0.5057,2.1794
3.1720,0.6223,2.6823
3.1722,0.6163,2.6565
3.1724,0.5505,2.3749
3.1726,0.5354,2.3097
3.1728,0.5314,2.2937
3.1730,0.529,2.2802
3.1732,0.553,2.3836
3.1734,0.5532,2.3863
3.1736,0.5538,2.3889
3.1738,0.5071,2.1866
3.1740,0.5067,2.1861
3.1742,0.5509,2.3765
3.1744,0.5455,2.3532
3.1746,0.5452,2.3489
3.1748,0.5263,2.2704
3.1750,0.4554,1.9656
3.1752,0.4473,1.9322
3.1754,0.4506,1.9458
3.1756,0.448,1.9335
3.1758,0.4457,1.9246
3.1760,0.4469,1.9298
3.1762,0.4488,1.938
3.1764,0.4486,1.937
3.1766,0.4457,1.9228
3.1768,0.445,1.9215
3.1770,0.447,1.9303
3.1772,0.4466,1.9255
3.1774,0.4487,1.9375
3.1776,0.4781,2.0634
3.1778,0.4788,2.0656
3.1780,0.5277,2.2756
3.1782,0.4897,2.1117
3.1784,0.5109,2.2063
3.1786,0.4569,1.9718
3.1788,0.438,1.8906
3.1790,0.4401,1.8994
3.1792,0.4707,2.0285
3.1794,0.55,2.3663
3.1796,0.6197,2.6709
3.1798,0.5659,2.4355
3.1800,0.5708,2.4578
3.1802,0.5884,2.5349
3.1804,0.613,2.6383
3.1806,0.6402,2.7529
3.1808,0.6646,2.8616
3.1810,0.5838,2.5152
3.1812,0.6062,2.6077
3.1814,0.606,2.6108
3.1816,0.5926,2.5518
3.1818,0.6166,2.6513
3.1820,0.6598,2.8343
3.1822,0.6781,2.9185
3.1824,0.6716,2.8934
3.1826,0.6114,2.6328
3.1828,0.5884,2.5372
3.1830,0.4778,2.0643
3.1832,0.4395,1.8959
3.1834,0.4862,2.0957
3.1836,0.5214,2.2492
3.1838,0.4824,2.0811
3.1840,0.5093,2.1939
3.1842,0.5099,2.1985
3.1844,0.5262,2.2657
3.1846,0.6315,2.7153
3.1848,0.6741,2.9002
3.1850,0.6647,2.8594
3.1852,0.6184,2.6628
3.1854,0.589,2.5339
3.1856,0.5898,2.5422
3.1858,0.5149,2.2192
3.1860,0.5076,2.1867
3.1862,0.6032,2.5924
3.1864,0.7083,3.0429
3.1866,0.7408,3.184
3.1868,0.6825,2.9404
3.1870,0.5855,2.5213
3.1872,0.5117,2.2063
3.1874,0.4813,2.0745
3.1876,0.4852,2.0911
3.1878,0.5385,2.321
3.1880,0.5542,2.3832
3.1882,0.6111,2.63
3.1884,0.5771,2.4851
3.1886,0.6082,2.6201
3.1888,0.5368,2.3149
3.1890,0.476,2.0518
3.1892,0.4802,2.0699
3.1894,0.4756,2.0516
3.1896,0.4721,2.0357
3.1898,0.4831,2.0823
3.1900,0.4835,2.0809
3.1902,0.537,2.3132
3.1904,0.4865,2.0948
3.1906,0.5067,2.18
3.1908,0.6203,2.6685
3.1910,0.6322,2.7196
3.1912,0.5733,2.4686
3.1914,0.6004,2.5841
3.1916,0.6299,2.7098
3.1918,0.6318,2.7143
3.1920,0.6982,2.9969
3.1922,0.7443,3.193
3.1924,0.7727,3.3087
3.1926,0.9299,3.9856
3.1928,0.9269,3.9746
3.1930,0.9196,3.9396
3.1932,0.9053,3.8803
3.1934,0.904,3.8746
3.1936,0.9176,3.9308
3.1938,0.9156,3.9263
3.1940,0.8664,3.715
3.1942,0.9216,3.9502
3.1944,0.9038,3.8826
3.1946,0.7655,3.2856
3.1948,0.8071,3.4658
3.1950,0.8123,3.4847
3.1952,0.8266,3.5443
3.1954,0.8578,3.6836
3.1956,0.7944,3.4112
3.1958,0.8189,3.5179
3.1960,0.8233,3.5337
3.1962,0.8335,3.5724
3.1964,0.8448,3.6275
3.1966,0.816,3.5006
3.1968,0.9074,3.8908
3.1970,0.8408,3.6071
3.1972,0.834,3.5811
3.1974,0.8475,3.6393
3.1976,0.8503,3.6529
3.1978,0.7682,3.2969
3.1980,0.8382,3.5992
3.1982,0.8644,3.7067
3.1984,0.864,3.7081
3.1986,0.8245,3.5454
3.1988,0.8107,3.4861
3.1990,0.7935,3.4055
3.1992,0.7786,3.3448
3.1994,0.7981,3.4288
3.1996,0.8498,3.6457
3.1998,0.8652,3.7133
3.2000,0.8718,3.7381
3.2002,0.8507,3.6544
3.2004,0.792,3.4073
3.2006,0.7522,3.2345
3.2008,0.7895,3.387
3.2010,0.8459,3.6304
3.2012,0.8656,3.7153
3.2014,0.8697,3.7311
3.2016,0.8617,3.6984
3.2018,0.8541,3.6711
3.2020,0.8477,3.6432
3.2022,0.806,3.4612
3.2024,0.8256,3.5451
3.2026,0.8417,3.6175
3.2028,0.7894,3.3943
3.2030,0.7777,3.3412
3.2032,0.7617,3.2737
3.2034,0.7413,3.1935
3.2036,0.6793,2.9237
3.2038,0.7154,3.0748
3.2040,0.7654,3.2912
3.2042,0.7753,3.3324
3.2044,0.7271,3.1282
3.2046,0.6749,2.906
3.2048,0.6632,2.8559
3.2050,0.6753,2.9067
3.2052,0.7024,3.0191
3.2054,0.8154,3.5079
3.2056,0.698,3.0098
3.2058,0.5916,2.55
3.2060,0.5822,2.5068
3.2062,0.6203,2.671
3.2064,0.7092,3.0508
3.2066,0.7135,3.0708
3.2068,0.6755,2.9099
3.2070,0.6252,2.6922
3.2072,0.6183,2.6647
3.2074,0.5498,2.3696
3.2076,0.5957,2.5664
3.2078,0.6204,2.6703
3.2080,0.6387,2.75
3.2082,0.6045,2.6077
3.2084,0.5452,2.3522
3.2086,0.6089,2.6195
3.2088,0.7024,3.0275
3.2090,0.5636,2.4291
3.2092,0.5492,2.3692
3.2094,0.5378,2.3201
3.2096,0.5352,2.3076
3.2098,0.5389,2.3226
3.2100,0.5811,2.5033
3.2102,0.5726,2.4701
3.2104,0.5514,2.3785
3.2106,0.5467,2.3573
3.2108,0.5454,2.3505
3.2110,0.5884,2.5372
3.2112,0.5571,2.4011
3.2114,0.5482,2.3618
3.2116,0.5412,2.3346
3.2118,0.5415,2.3307
3.2120,0.6598,2.8396
3.2122,0.5964,2.573
3.2124,0.5263,2.2694
3.2126,0.5256,2.2652
3.2128,0.5261,2.2683
3.2130,0.5279,2.2761
3.2132,0.5237,2.2569
3.2134,0.5265,2.2715
3.2136,0.5246,2.2621
3.2138,0.5191,2.2373
3.2140,0.5241,2.2601
3.2142,0.5337,2.3025
3.2144,0.5233,2.2554
3.2146,0.5235,2.2564
3.2148,0.5215,2.2456
3.2150,0.58,2.4964
3.2152,0.6479,2.7859
3.2154,0.7258,3.1225
3.2156,0.7171,3.082
3.2158,0.7167,3.0876
3.2160,0.6077,2.6217
3.2162,0.5547,2.3897
3.2164,0.5445,2.3469
3.2166,0.5148,2.2197
3.2168,0.5237,2.2569
3.2170,0.5269,2.272
3.2172,0.5166,2.2285
3.2174,0.54,2.3262
3.2176,0.5662,2.4382
3.2178,0.5645,2.4343
3.2180,0.5576,2.4032
3.2182,0.5601,2.4129
3.2184,0.5697,2.4531
3.2186,0.5915,2.5459
3.2188,0.6517,2.805
3.2190,0.6969,2.9968
3.2192,0.656,2.821
3.2194,0.7143,3.0673
3.2196,0.7745,3.3304
3.2198,0.7068,3.0405
3.2200,0.6805,2.9261
3.2202,0.7482,3.21
3.2204,0.8053,3.4581
3.2206,0.7973,3.4252
3.2208,0.7641,3.2825
3.2210,0.7589,3.2618
3.2212,0.7323,3.1489
3.2214,0.7167,3.0819
3.2216,0.7063,3.0342
3.2218,0.6577,2.8282
3.2220,0.6504,2.8019
3.2222,0.6545,2.8169
3.2224,0.6379,2.7469
3.2226,0.568,2.4459
3.2228,0.5747,2.476
3.2230,0.5534,2.3851
3.2232,0.553,2.3803
3.2234,0.6247,2.6901
3.2236,0.5717,2.4642
3.2238,0.5251,2.2653
3.2240,0.5072,2.1861
3.2242,0.5556,2.3955
3.2244,0.4974,2.1438
3.2246,0.5228,2.2481
3.2248,0.6403,2.7547
3.2250,0.6339,2.7294
3.2252,0.6571,2.8243
3.2254,0.7504,3.2223
3.2256,0.7915,3.4004
3.2258,0.8094,3.474
3.2260,0.8572,3.6776
3.2262,0.8883,3.8055
3.2264,0.912,3.909
3.2266,0.9142,3.9183
3.2268,0.9081,3.8921
3.2270,0.9039,3.8741
3.2272,0.9082,3.8999
3.2274,0.8535,3.6617
3.2276,0.8878,3.8035
3.2278,0.9074,3.8926
3.2280,0.8861,3.798
3.2282,0.9667,4.1415
3.2284,0.9785,4.1957
3.2286,0.971,4.16
3.2288,0.9634,4.129
3.2290,0.9298,3.987
3.2292,0.9479,4.0589
3.2294,0.9643,4.137
3.2296,0.8778,3.7691
3.2298,0.822,3.5313
3.2300,0.8528,3.6569
3.2302,0.9519,4.0816
3.2304,0.8526,3.6678
3.2306,0.7203,3.0959
3.2308,0.7616,3.2732
3.2310,0.7325,3.1485
3.2312,0.7389,3.1758
3.2314,0.7557,3.2479
3.2316,0.8051,3.4587
3.2318,0.8038,3.4562
3.2320,0.7731,3.3242
3.2322,0.762,3.2783
3.2324,0.7229,3.1101
3.2326,0.6985,3.0049
3.2328,0.6504,2.798
3.2330,0.6805,2.9302
3.2332,0.6763,2.9122
3.2334,0.6938,2.9834
3.2336,0.7435,3.1939
3.2338,0.7511,3.2298
3.2340,0.7333,3.153
3.2342,0.7712,3.316
3.2344,0.7698,3.3118
3.2346,0.7045,3.0321
3.2348,0.6928,2.9793
3.2350,0.7461,3.2082
3.2352,0.747,3.2123
3.2354,0.7285,3.1339
3.2356,0.7432,3.1988
3.2358,0.7027,3.0243
3.2360,0.6775,2.9146
3.2362,0.6956,2.9939
3.2364,0.7442,3.2044
3.2366,0.6922,2.9808
3.2368,0.6008,2.5905
3.2370,0.524,2.2606
3.2372,0.5397,2.3284
3.2374,0.5075,2.1912
3.2376,0.5132,2.212
3.2378,0.5689,2.4518
3.2380,0.5644,2.4338
3.2382,0.572,2.4664
3.2384,0.5625,2.4233
3.2386,0.6064,2.6099
3.2388,0.6259,2.699
3.2390,0.565,2.4353
3.2392,0.572,2.4629
3.2394,0.6154,2.6486
3.2396,0.6616,2.8473
3.2398,0.6684,2.8767
3.2400,0.6816,2.9321
3.2402,0.6605,2.844
3.2404,0.6384,2.749
3.2406,0.6,2.5862
3.2408,0.5938,2.5581
3.2410,0.639,2.7529
3.2412,0.6125,2.6375
3.2414,0.6295,2.712
3.2416,0.6385,2.7546
3.2418,0.4927,2.1266
3.2420,0.4657,2.0101
3.2422,0.4623,1.9951
3.2424,0.4583,1.9771
3.2426,0.4908,2.1183
3.2428,0.4512,1.9466
3.2430,0.4467,1.9278
3.2432,0.451,1.9474
3.2434,0.4478,1.9334
3.2436,0.4506,1.9458
3.2438,0.4491,1.9382
3.2440,0.4575,1.9744
3.2442,0.489,2.1086
3.2444,0.477,2.0578
3.2446,0.4503,1.9434
3.2448,0.4955,2.1375
3.2450,0.4831,2.0842
3.2452,0.4668,2.0138
3.2454,0.5192,2.2378
3.2456,0.547,2.3566
3.2458,0.5508,2.3716
3.2460,0.5898,2.5411
3.2462,0.5801,2.5004
3.2464,0.5276,2.2729
3.2466,0.5343,2.3008
3.2468,0.5494,2.3692
3.2470,0.5443,2.3458
3.2472,0.5475,2.3598
3.2474,0.5406,2.3309
3.2476,0.4804,2.0733
3.2478,0.4548,1.9621
3.2480,0.4491,1.9364
3.2482,0.4438,1.9119
3.2484,0.5125,2.2079
3.2486,0.5709,2.4594
3.2488,0.627,2.6962
3.2490,0.6395,2.7498
3.2492,0.6256,2.6912
3.2494,0.636,2.7374
3.2496,0.5896,2.5412
3.2498,0.5328,2.2962
3.2500,0.4984,2.1499
3.2502,0.5185,2.2347
3.2504,0.6261,2.6933
3.2506,0.607,2.6161
3.2508,0.5277,2.2724
3.2510,0.5831,2.5098
3.2512,0.606,2.6084
3.2514,0.6042,2.6018
3.2516,0.6088,2.6202
3.2518,0.6086,2.6192
3.2520,0.6028,2.6005
3.2522,0.524,2.2595
3.2524,0.5069,2.1846
3.2526,0.5283,2.2782
3.2528,0.562,2.4178
3.2530,0.6358,2.7325
3.2532,0.6583,2.8321
3.2534,0.661,2.8421
3.2536,0.6379,2.7482
3.2538,0.5716,2.4637
3.2540,0.5035,2.1711
3.2542,0.4945,2.1294
3.2544,0.533,2.2983
3.2546,0.4794,2.0682
3.2548,0.4661,2.0098
3.2550,0.4769,2.0563
3.2552,0.5071,2.1856
3.2554,0.5557,2.3972
3.2556,0.4703,2.0288
3.2558,0.4523,1.9513
3.2560,0.4546,1.9602
3.2562,0.45,1.9405
3.2564,0.4512,1.9466
3.2566,0.4403,1.9004
3.2568,0.4347,1.8735
3.2570,0.503,2.1671
3.2572,0.5641,2.4322
3.2574,0.5148,2.2156
3.2576,0.5811,2.5033
3.2578,0.4988,2.15
3.2580,0.5081,2.1847
3.2582,0.6341,2.7241
3.2584,0.6557,2.8168
3.2586,0.695,2.9844
3.2588,0.7225,3.1081
3.2590,0.6969,2.994
3.2592,0.7423,3.1843
3.2594,0.8353,3.5868
3.2596,0.831,3.5666
3.2598,0.8516,3.6483
3.2600,0.9124,3.9033
3.2602,0.9363,4.0185
3.2604,0.8634,3.7004
3.2606,0.8897,3.8117
3.2608,0.9131,3.9137
3.2610,0.8933,3.8253
3.2612,0.9758,4.1766
3.2614,0.9904,4.2347
3.2616,0.9965,4.2669
3.2618,0.9206,3.9437
3.2620,0.9569,4.0993
3.2622,0.942,4.0394
3.2624,0.9063,3.8862
3.2626,0.8706,3.7295
3.2628,0.869,3.728
3.2630,0.8527,3.6598
3.2632,0.8599,3.6872
3.2634,0.8803,3.7746
3.2636,0.9314,3.9937
3.2638,0.9757,4.1878
3.2640,0.8483,3.6356
3.2642,0.8636,3.7049
3.2644,0.9021,3.8682
3.2646,0.9221,3.9577
3.2648,0.819,3.5151
3.2650,0.8525,3.6604
3.2652,0.8257,3.5407
3.2654,0.8668,3.7257
3.2656,0.828,3.5554
3.2658,0.8186,3.5136
3.2660,0.7984,3.4282
3.2662,0.771,3.3139
3.2664,0.7578,3.2542
3.2666,0.8107,3.4829
3.2668,0.842,3.6156
3.2670,0.8598,3.6901
3.2672,0.8592,3.6858
3.2674,0.8479,3.6443
3.2676,0.7895,3.3948
3.2678,0.7113,3.0587
3.2680,0.7134,3.0674
3.2682,0.7496,3.2231
3.2684,0.7867,3.3798
3.2686,0.8106,3.4791
3.2688,0.8155,3.5035
3.2690,0.828,3.5554
3.2692,0.8294,3.5649
3.2694,0.7667,3.2984
3.2696,0.7089,3.0512
3.2698,0.6691,2.8825
3.2700,0.6607,2.8424
3.2702,0.7012,3.0153
3.2704,0.733,3.1564
3.2706,0.6714,2.8896
3.2708,0.6608,2.8442
3.2710,0.6581,2.8324
3.2712,0.6714,2.891
3.2714,0.6804,2.927
3.2716,0.7089,3.0469
3.2718,0.7626,3.2824
3.2720,0.6757,2.9096
3.2722,0.6654,2.8612
3.2724,0.698,3.0042
3.2726,0.6755,2.9085
3.2728,0.6834,2.9413
3.2730,0.663,2.8562
3.2732,0.6485,2.795
3.2734,0.6156,2.6521
3.2736,0.6008,2.5881
3.2738,0.5992,2.5837
3.2740,0.5505,2.3716
3.2742,0.5455,2.3521
3.2744,0.5368,2.3159
3.2746,0.5334,2.302
3.2748,0.5275,2.2756
3.2750,0.5317,2.2926
3.2752,0.6114,2.6267
3.2754,0.7291,3.1408
3.2756,0.5992,2.5837
3.2758,0.5359,2.3086
3.2760,0.536,2.3113
3.2762,0.5372,2.3186
3.2764,0.5338,2.3009
3.2766,0.5323,2.2952
3.2768,0.5308,2.289
3.2770,0.5325,2.2963
3.2772,0.5597,2.4114
3.2774,0.5856,2.5241
3.2776,0.5314,2.2916
3.2778,0.5412,2.3302
3.2780,0.5949,2.5651
3.2782,0.553,2.3847
3.2784,0.5346,2.3018
3.2786,0.6033,2.5977
3.2788,0.5698,2.4571
3.2790,0.5292,2.2807
3.2792,0.5545,2.3876
3.2794,0.6282,2.7051
3.2796,0.6285,2.7061
3.2798,0.6306,2.7142
3.2800,0.6475,2.7869
3.2802,0.6506,2.8017
3.2804,0.6432,2.7671
3.2806,0.6552,2.8187
3.2808,0.6616,2.8434
3.2810,0.7205,3.0998
3.2812,0.662,2.852
3.2814,0.6216,2.6755
3.2816,0.622,2.677
3.2818,0.6834,2.9372
3.2820,0.7931,3.404
3.2822,0.8553,3.6694
3.2824,0.8318,3.5719
3.2826,0.7931,3.4087
3.2828,0.7475,3.2144
3.2830,0.717,3.0872
3.2832,0.6726,2.8948
3.2834,0.631,2.7182
3.2836,0.5854,2.5231
3.2838,0.5827,2.5112
3.2840,0.594,2.5544
3.2842,0.6575,2.8258
3.2844,0.684,2.9452
3.2846,0.6569,2.8272
3.2848,0.6539,2.8143
3.2850,0.6607,2.8437
3.2852,0.6767,2.9096
3.2854,0.7287,3.1334
3.2856,0.6937,2.9829
3.2858,0.6658,2.8627
3.2860,0.6789,2.9167
3.2862,0.7383,3.1762
3.2864,0.7449,3.2045
3.2866,0.7057,3.0373
3.2868,0.6498,2.7967
3.2870,0.6552,2.8187
3.2872,0.7129,3.0654
3.2874,0.704,3.03
3.2876,0.6457,2.7805
3.2878,0.5919,2.551
3.2880,0.5758,2.4829
3.2882,0.5993,2.5807
3.2884,0.5573,2.4011
3.2886,0.6156,2.6509
3.2888,0.6213,2.6714
3.2890,0.657,2.8251
3.2892,0.6321,2.7204
3.2894,0.6656,2.8649
3.2896,0.6297,2.7163
3.2898,0.495,2.1354
3.2900,0.4725,2.0372
3.2902,0.5279,2.2793
3.2904,0.4563,1.9674
3.2906,0.4713,2.0311
3.2908,0.4979,2.1468
3.2910,0.5167,2.229
3.2912,0.5023,2.166
3.2914,0.5615,2.4169
3.2916,0.6884,2.9588
3.2918,0.7257,3.1191
3.2920,0.7956,3.4164
3.2922,0.8107,3.4812
3.2924,0.8117,3.4805
3.2926,0.8351,3.5908
3.2928,0.7589,3.2588
3.2930,0.8781,3.7654
3.2932,0.8981,3.853
3.2934,0.9011,3.8677
3.2936,0.9377,4.019
3.2938,0.9146,3.918
3.2940,0.914,3.9154
3.2942,0.9617,4.1295
3.2944,0.8832,3.7922
3.2946,0.8757,3.7586
3.2948,0.8811,3.78
3.2950,0.8762,3.7606
3.2952,0.8775,3.7628
3.2954,0.8823,3.7833
3.2956,0.8852,3.7992
3.2958,0.8725,3.7482
3.2960,0.8629,3.7018
3.2962,0.8985,3.8564
3.2964,0.8855,3.8025
3.2966,0.8757,3.7586
3.2968,0.8727,3.7475
3.2970,0.8667,3.7182
3.2972,0.9466,4.0665
3.2974,0.8266,3.5509
3.2976,0.8196,3.5243
3.2978,0.7721,3.3185
3.2980,0.7996,3.4382
3.2982,0.756,3.2525
3.2984,0.7393,3.1744
3.2986,0.8291,3.5617
3.2988,0.7484,3.221
3.2990,0.7032,3.025
3.2992,0.7745,3.3288
3.2994,0.8249,3.542
3.2996,0.761,3.2752
3.2998,0.687,2.9581
3.3000,0.7075,3.0436
3.3002,0.7299,3.1357
3.3004,0.7914,3.3999
3.3006,0.8649,3.7157
3.3008,0.8567,3.6802
3.3010,0.8188,3.5157
3.3012,0.8176,3.5171
3.3014,0.7991,3.4345
3.3016,0.8044,3.4556
3.3018,0.807,3.4621
3.3020,0.8257,3.5473
3.3022,0.8168,3.5157
3.3024,0.7602,3.2721
3.3026,0.7347,3.1636
3.3028,0.6442,2.7751
3.3030,0.6312,2.718
3.3032,0.6759,2.9079
3.3034,0.6951,2.9932
3.3036,0.7146,3.074
3.3038,0.7614,3.2727
3.3040,0.7557,3.257
3.3042,0.6157,2.6563
3.3044,0.5787,2.4919
3.3046,0.587,2.531
3.3048,0.5882,2.535
3.3050,0.6059,2.6103
3.3052,0.5998,2.5863
3.3054,0.5934,2.5613
3.3056,0.5113,2.2078
3.3058,0.4801,2.0713
3.3060,0.5457,2.3542
3.3062,0.5551,2.3935
3.3064,0.5564,2.4003
3.3066,0.5275,2.2777
3.3068,0.4963,2.1391
3.3070,0.5359,2.3097
3.3072,0.5916,2.5488
3.3074,0.6461,2.7846
3.3076,0.5553,2.3956
3.3078,0.5031,2.1746
3.3080,0.4559,1.9677
3.3082,0.4516,1.9481
3.3084,0.4528,1.9542
3.3086,0.4752,2.051
3.3088,0.524,2.2585
3.3090,0.5605,2.4167
3.3092,0.547,2.3599
3.3094,0.5478,2.363
3.3096,0.5569,2.4023
3.3098,0.5424,2.3376
3.3100,0.5617,2.4219
3.3102,0.5565,2.4019
3.3104,0.4747,2.048
3.3106,0.4524,1.9536
3.3108,0.4479,1.9348
3.3110,0.4497,1.9399
3.3112,0.5106,2.1996
3.3114,0.5503,2.3739
3.3116,0.4805,2.0747
3.3118,0.4573,1.973
3.3120,0.4662,2.0103
3.3122,0.4701,2.0278
3.3124,0.4673,2.0168
3.3126,0.4744,2.0455
3.3128,0.5076,2.1897
3.3130,0.4565,1.9694
3.3132,0.4585,1.98
3.3134,0.4582,1.9766
3.3136,0.4529,1.9547
3.3138,0.4511,1.9443
3.3140,0.4993,2.156
3.3142,0.4537,1.9575
3.3144,0.4478,1.9325
3.3146,0.4434,1.913
3.3148,0.4455,1.9218
3.3150,0.4543,1.96
3.3152,0.5061,2.1815
3.3154,0.5544,2.3837
3.3156,0.6169,2.6566
3.3158,0.556,2.3965
3.3160,0.569,2.4534
3.3162,0.4867,2.0997
3.3164,0.445,1.9206
3.3166,0.4409,1.9048
3.3168,0.4161,1.7942
3.3170,0.4657,2.0055
3.3172,0.5362,2.3091
3.3174,0.566,2.4371
3.3176,0.5777,2.4854
3.3178,0.6032,2.5948
3.3180,0.5845,2.5178
3.3182,0.5926,2.5529
3.3184,0.5895,2.5348
3.3186,0.6466,2.7815
3.3188,0.6211,2.6746
3.3190,0.6129,2.6378
3.3192,0.6018,2.5915
3.3194,0.6149,2.649
3.3196,0.5895,2.5348
3.3198,0.6875,2.9561
3.3200,0.7287,3.1305
3.3202,0.7535,3.2356
3.3204,0.7194,3.0903
3.3206,0.6974,3.0002
3.3208,0.6608,2.8442
3.3210,0.6461,2.7769
3.3212,0.6372,2.7451
3.3214,0.5606,2.415
3.3216,0.6102,2.6252
3.3218,0.6439,2.7689
3.3220,0.6532,2.8112
3.3222,0.6311,2.7162
3.3224,0.5921,2.5485
3.3226,0.5885,2.5342
3.3228,0.6271,2.6979
3.3230,0.6457,2.7818
3.3232,0.5811,2.5057
3.3234,0.4998,2.1541
3.3236,0.4708,2.029
3.3238,0.5497,2.368
3.3240,0.5644,2.4315
3.3242,0.5247,2.2585
3.3244,0.571,2.46
3.3246,0.5294,2.2828
3.3248,0.5408,2.3265
3.3250,0.6257,2.6918
3.3252,0.6413,2.7588
3.3254,0.6315,2.7153
3.3256,0.6707,2.8852
3.3258,0.6767,2.9069
3.3260,0.7424,3.1818
3.3262,0.8932,3.8319
3.3264,0.9033,3.8715
3.3266,0.9118,3.9062
3.3268,0.9114,3.9065
3.3270,0.9027,3.869
3.3272,0.9365,4.0139
3.3274,0.9269,3.9746
3.3276,0.8662,3.711
3.3278,0.9595,4.1106
3.3280,0.9961,4.2693
3.3282,0.8869,3.8047
3.3284,0.8132,3.4921
3.3286,0.8168,3.5075
3.3288,0.8009,3.4342
3.3290,0.8865,3.8013
3.3292,0.8719,3.7369
3.3294,0.9019,3.8708
3.3296,0.8754,3.7605
3.3298,0.7739,3.3263
3.3300,0.742,3.1892
3.3302,0.7425,3.1868
3.3304,0.7926,3.4035
3.3306,0.7545,3.2398
3.3308,0.8312,3.5693
3.3310,0.8423,3.615
3.3312,0.8421,3.6145
3.3314,0.8534,3.6628
3.3316,0.8066,3.4654
3.3318,0.7977,3.4251
3.3320,0.836,3.5899
3.3322,0.7756,3.3319
3.3324,0.7937,3.4113
3.3326,0.8041,3.4561
3.3328,0.7574,3.2536
3.3330,0.7601,3.2685
3.3332,0.7751,3.3314
3.3334,0.8045,3.4513
3.3336,0.8283,3.5569
3.3338,0.7921,3.4014
3.3340,0.8508,3.6583
3.3342,0.7399,3.1843
3.3344,0.7022,3.0181
3.3346,0.7421,3.1941
3.3348,0.6816,2.9349
3.3350,0.6709,2.8849
3.3352,0.749,3.2146
3.3354,0.8008,3.4433
3.3356,0.7714,3.317
3.3358,0.7608,3.2701
3.3360,0.7782,3.3417
3.3362,0.8021,3.4522
3.3364,0.6997,3.0086
3.3366,0.7304,3.1406
3.3368,0.7149,3.0727
3.3370,0.7462,3.2102
3.3372,0.7021,3.0232
3.3374,0.6665,2.8698
3.3376,0.6658,2.8641
3.3378,0.6776,2.9165
3.3380,0.6841,2.943
3.3382,0.6918,2.9774
3.3384,0.6974,2.9975
3.3386,0.7498,3.2242
3.3388,0.669,2.8833
3.3390,0.5884,2.536
3.3392,0.6614,2.8442
3.3394,0.7714,3.317
3.3396,0.7456,3.2046
3.3398,0.7219,3.1069
3.3400,0.6685,2.8773
3.3402,0.6716,2.8893
3.3404,0.6674,2.8726
3.3406,0.7003,3.0126
3.3408,0.7214,3.1049
3.3410,0.6476,2.79
3.3412,0.633,2.7283
3.3414,0.6169,2.6566
3.3416,0.6333,2.7255
3.3418,0.6801,2.926
3.3420,0.6797,2.9225
3.3422,0.7016,3.0197
3.3424,0.69,2.9683
3.3426,0.7134,3.0731
3.3428,0.5855,2.5225
3.3430,0.5932,2.5567
3.3432,0.5581,2.4064
3.3434,0.5427,2.3391
3.3436,0.539,2.3231
3.3438,0.5392,2.3252
3.3440,0.5553,2.3934
3.3442,0.5608,2.4183
3.3444,0.5461,2.3547
3.3446,0.5229,2.2559
3.3448,0.5208,2.2445
3.3450,0.5287,2.2765
3.3452,0.6002,2.5855
3.3454,0.5726,2.469
3.3456,0.5304,2.287
3.3458,0.5249,2.2632
3.3460,0.5268,2.2725
3.3462,0.5243,2.2606
3.3464,0.5223,2.2502
3.3466,0.5263,2.2704
3.3468,0.5267,2.2709
3.3470,0.5287,2.2765
3.3472,0.5295,2.2823
3.3474,0.5792,2.4928
3.3476,0.6897,2.9645
3.3478,0.7311,3.1481
3.3480,0.5936,2.5594
3.3482,0.5406,2.332
3.3484,0.5697,2.4509
3.3486,0.7027,3.0229
3.3488,0.6595,2.832
3.3490,0.7341,3.1596
3.3492,0.7018,3.0221
3.3494,0.6461,2.7833
3.3496,0.5984,2.5753
3.3498,0.6228,2.6831
3.3500,0.606,2.6108
3.3502,0.5498,2.3663
3.3504,0.5817,2.5048
3.3506,0.6334,2.726
3.3508,0.6632,2.8532
3.3510,0.6767,2.9096
3.3512,0.6733,2.9006
3.3514,0.5958,2.5669
3.3516,0.5684,2.4475
3.3518,0.6114,2.6267
3.3520,0.6896,2.964
3.3522,0.6903,2.9712
3.3524,0.6548,2.821
3.3526,0.6496,2.7944
3.3528,0.6647,2.8581
3.3530,0.7095,3.0523
3.3532,0.7298,3.1381
3.3534,0.6987,3.0045
3.3536,0.6909,2.9682
3.3538,0.7469,3.2118
3.3540,0.7136,3.0699
3.3542,0.7333,3.153
3.3544,0.6358,2.7402
3.3546,0.5692,2.4545
3.3548,0.5071,2.1897
3.3550,0.4498,1.9395
3.3552,0.4485,1.9347
3.3554,0.4561,1.9696
3.3556,0.456,1.9691
3.3558,0.4214,1.8178
3.3560,0.4422,1.9087
3.3562,0.4719,2.0346
3.3564,0.513,2.213
3.3566,0.4473,1.9313
3.3568,0.3979,1.7172
3.3570,0.4106,1.7721
3.3572,0.4509,1.9432
3.3574,0.5409,2.3325
3.3576,0.5039,2.1747
3.3578,0.4788,2.0637
3.3580,0.5324,2.2894
3.3582,0.6527,2.8078
3.3584,0.6746,2.8995
3.3586,0.7063,3.0342
3.3588,0.7451,3.1966
3.3590,0.7818,3.3525
3.3592,0.8325,3.5733
3.3594,0.8183,3.5137
3.3596,0.8583,3.6754
3.3598,0.9383,4.0216
3.3600,0.9365,4.012
3.3602,0.9262,3.9697
3.3604,0.9279,3.975
3.3606,0.9326,3.9988
3.3608,0.9743,4.1758
3.3610,0.9829,4.2147
3.3612,0.9472,4.0558
3.3614,0.9497,4.0666
3.3616,0.9796,4.1964
3.3618,0.9667,4.1415
3.3620,0.954,4.0908
3.3622,0.9255,3.9685
3.3624,0.9503,4.073
3.3626,0.9039,3.8777
3.3628,0.8981,3.8512
3.3630,0.9104,3.9
3.3632,0.9604,4.1142
3.3634,0.9622,4.1219
3.3636,0.977,4.1837
3.3638,1.0181,4.3654
3.3640,0.9609,4.1201
3.3642,0.9339,4.0007
3.3644,0.9527,4.0833
3.3646,0.9648,4.1332
3.3648,0.9908,4.2467
3.3650,0.968,4.151
3.3652,0.9184,3.9418
3.3654,0.8443,3.6322
3.3656,0.7565,3.253
3.3658,0.7911,3.4015
3.3660,0.755,3.2463
3.3662,0.7384,3.1811
3.3664,0.665,2.8596
3.3666,0.7265,3.1198
3.3668,0.8317,3.578
3.3670,0.7406,3.1904
3.3672,0.7117,3.0616
3.3674,0.7312,3.1457
3.3676,0.7032,3.032
3.3678,0.6306,2.718
3.3680,0.6084,2.6199
3.3682,0.6506,2.7991
3.3684,0.6999,3.0097
3.3686,0.7473,3.2148
3.3688,0.7526,3.239
3.3690,0.747,3.2108
3.3692,0.7431,3.1998
3.3694,0.6852,2.949
3.3696,0.6811,2.9301
3.3698,0.6741,2.9015
3.3700,0.6777,2.917
3.3702,0.6739,2.9032
3.3704,0.6096,2.6287
3.3706,0.5969,2.5739
3.3708,0.5961,2.5667
3.3710,0.5931,2.5526
3.3712,0.6536,2.8172
3.3714,0.636,2.7387
3.3716,0.6719,2.8904
3.3718,0.7032,3.0236
3.3720,0.79,3.3985
3.3722,0.7316,3.1517
3.3724,0.608,2.6215
3.3726,0.5317,2.2937
3.3728,0.5161,2.2285
3.3730,0.4933,2.1252
3.3732,0.5684,2.4497
3.3734,0.5392,2.3295
3.3736,0.4705,2.0327
3.3738,0.4755,2.052
3.3740,0.4642,2.0043
3.3742,0.4585,1.9809
3.3744,0.4679,2.0185
3.3746,0.4894,2.1131
3.3748,0.4426,1.9085
3.3750,0.4452,1.9234
3.3752,0.4456,1.9232
3.3754,0.4474,1.9309
3.3756,0.4486,1.937
3.3758,0.4492,1.9396
3.3760,0.4482,1.9337
3.3762,0.4476,1.9329
3.3764,0.4476,1.932
3.3766,0.4455,1.9218
3.3768,0.4482,1.9346
3.3770,0.4808,2.0734
3.3772,0.5312,2.2895
3.3774,0.5629,2.4282
3.3776,0.5409,2.3357
3.3778,0.4519,1.9497
3.3780,0.4528,1.9542
3.3782,0.4378,1.8904
3.3784,0.4307,1.8581
3.3786,0.4196,1.8125
3.3788,0.437,1.8842
3.3790,0.4764,2.0524
3.3792,0.5367,2.3154
3.3794,0.533,2.2973
3.3796,0.5415,2.3329
3.3798,0.5649,2.4325
3.3800,0.5657,2.4372
3.3802,0.5629,2.4248
3.3804,0.5653,2.434
3.3806,0.627,2.6962
3.3808,0.6443,2.7743
3.3810,0.6156,2.6521
3.3812,0.5475,2.3587
3.3814,0.5275,2.2735
3.3816,0.56,2.4091
3.3818,0.6198,2.6652
3.3820,0.6842,2.9421
3.3822,0.7239,3.1128
3.3824,0.6972,3.0006
3.3826,0.6795,2.9275
3.3828,0.5769,2.483
3.3830,0.5974,2.57
3.3832,0.5958,2.5693
3.3834,0.5251,2.2621
3.3836,0.5854,2.5173
3.3838,0.6527,2.8078
3.3840,0.595,2.5585
3.3842,0.6039,2.6003
3.3844,0.5975,2.5729
3.3846,0.6464,2.781
3.3848,0.6186,2.6601
3.3850,0.6018,2.5927
3.3852,0.5768,2.4836
3.3854,0.5955,2.5606
3.3856,0.6526,2.8112
3.3858,0.6397,2.7496
3.3860,0.6992,3.0052
3.3862,0.6939,2.9881
3.3864,0.6458,2.7823
3.3866,0.5898,2.5387
3.3868,0.5773,2.4834
3.3870,0.5781,2.487
3.3872,0.5741,2.4745
3.3874,0.5627,2.4254
3.3876,0.5305,2.2875
3.3878,0.4633,1.9979
3.3880,0.5157,2.2228
3.3882,0.5505,2.3694
3.3884,0.6183,2.6585
3.3886,0.656,2.8236
3.3888,0.6051,2.6055
3.3890,0.5668,2.443
3.3892,0.5016,2.1659
3.3894,0.4685,2.0211
3.3896,0.4529,1.9529
3.3898,0.4501,1.9401
3.3900,0.5565,2.3986
3.3902,0.5312,2.2895
3.3904,0.4973,2.1413
3.3906,0.5547,2.3853
3.3908,0.6168,2.6548
3.3910,0.6022,2.5943
3.3912,0.5994,2.5764
3.3914,0.7094,3.0476
3.3916,0.6909,2.9669
3.3918,0.7478,3.2079
3.3920,0.7831,3.3581
3.3922,0.7824,3.3629
3.3924,0.7439,3.1959
3.3926,0.7231,3.1106
3.3928,0.7058,3.0307
3.3930,0.8096,3.4734
3.3932,0.8316,3.5642
3.3934,0.8707,3.73
3.3936,0.9238,3.952
3.3938,0.9612,4.114
3.3940,0.993,4.256
3.3942,0.9746,4.1754
3.3944,0.984,4.2135
3.3946,0.9641,4.1282
3.3948,0.9189,3.9402
3.3950,0.9237,3.9589
3.3952,0.8945,3.8447
3.3954,0.7604,3.268
3.3956,0.7444,3.2039
3.3958,0.7036,3.0257
3.3960,0.7341,3.1537
3.3962,0.7401,3.1809
3.3964,0.7541,3.2412
3.3966,0.8089,3.4735
3.3968,0.8135,3.4915
3.3970,0.8261,3.5438
3.3972,0.8626,3.7007
3.3974,0.901,3.869
3.3976,0.8391,3.6033
3.3978,0.8587,3.6855
3.3980,0.8146,3.4961
3.3982,0.8312,3.5643
3.3984,0.866,3.7169
3.3986,0.8216,3.5314
3.3988,0.7775,3.3402
3.3990,0.8129,3.4889
3.3992,0.8884,3.8149
3.3994,0.8491,3.6494
3.3996,0.8092,3.4729
3.3998,0.8541,3.6625
3.4000,0.8833,3.791
3.4002,0.8799,3.7748
3.4004,0.8722,3.7454
3.4006,0.8619,3.7028
3.4008,0.8547,3.6685
3.4010,0.8147,3.5031
3.4012,0.7626,3.2763
3.4014,0.814,3.4951
3.4016,0.8646,3.709
3.4018,0.8602,3.6973
3.4020,0.7884,3.3918
3.4022,0.7613,3.2752
3.4024,0.7786,3.3417
3.4026,0.8221,3.5351
3.4028,0.7841,3.3701
3.4030,0.7759,3.3335
3.4032,0.7901,3.3943
3.4034,0.7899,3.398
3.4036,0.7635,3.283
3.4038,0.7559,3.249
3.4040,0.7598,3.267
3.4042,0.6945,2.9879
3.4044,0.6756,2.9077
3.4046,0.6528,2.8123
3.4048,0.6582,2.8289
3.4050,0.7985,3.4335
3.4052,0.7305,3.1485
3.4054,0.6533,2.8143
3.4056,0.6481,2.7895
3.4058,0.6509,2.804
3.4060,0.6319,2.7249
3.4062,0.5692,2.4556
3.4064,0.534,2.3035
3.4066,0.5304,2.288
3.4068,0.5314,2.2927
3.4070,0.531,2.2906
3.4072,0.5293,2.2834
3.4074,0.5282,2.2776
3.4076,0.5301,2.2849
3.4078,0.5803,2.4986
3.4080,0.609,2.6237
3.4082,0.6541,2.8166
3.4084,0.651,2.8045
3.4086,0.569,2.4546
3.4088,0.5559,2.3971
3.4090,0.5408,2.3309
3.4092,0.5884,2.5349
3.4094,0.5957,2.564
3.4096,0.6096,2.6239
3.4098,0.6083,2.623
3.4100,0.5354,2.3087
3.4102,0.5286,2.2792
3.4104,0.5816,2.5089
3.4106,0.5352,2.3076
3.4108,0.5264,2.2699
3.4110,0.5228,2.2554
3.4112,0.5241,2.259
3.4114,0.5234,2.2549
3.4116,0.5334,2.302
3.4118,0.531,2.2895
3.4120,0.5271,2.2719
3.4122,0.5225,2.2539
3.4124,0.515,2.2218
3.4126,0.5137,2.2141
3.4128,0.5189,2.2363
3.4130,0.5228,2.2544
3.4132,0.5233,2.2575
3.4134,0.525,2.2647
3.4136,0.5382,2.3195
3.4138,0.5526,2.3804
3.4140,0.5457,2.352
3.4142,0.5976,2.5746
3.4144,0.59,2.538
3.4146,0.628,2.7053
3.4148,0.6029,2.5974
3.4150,0.6042,2.5982
3.4152,0.6434,2.7668
3.4154,0.7282,3.1328
3.4156,0.7118,3.0621
3.4158,0.6662,2.8648
3.4160,0.6987,3.0087
3.4162,0.6045,2.6041
3.4164,0.5597,2.4114
3.4166,0.5854,2.5208
3.4168,0.6219,2.6777
3.4170,0.6305,2.7137
3.4172,0.6598,2.8409
3.4174,0.6291,2.7087
3.4176,0.5888,2.5352
3.4178,0.5909,2.5469
3.4180,0.5943,2.5614
3.4182,0.5639,2.425
3.4184,0.7283,3.129
3.4186,0.6902,2.9734
3.4188,0.6542,2.8171
3.4190,0.6387,2.7449
3.4192,0.6799,2.9249
3.4194,0.6401,2.7562
3.4196,0.6425,2.7653
3.4198,0.6725,2.8903
3.4200,0.728,3.1289
3.4202,0.7275,3.1283
3.4204,0.7352,3.1627
3.4206,0.6986,3.0054
3.4208,0.6461,2.782
3.4210,0.6392,2.7513
3.4212,0.6341,2.7279
3.4214,0.6467,2.7807
3.4216,0.6935,2.9846
3.4218,0.6861,2.9531
3.4220,0.6503,2.8014
3.4222,0.5972,2.5726
3.4224,0.5847,2.5212
3.4226,0.5755,2.4779
3.4228,0.6185,2.6645
3.4230,0.5184,2.2363
3.4232,0.4834,2.0843
3.4234,0.5061,2.1815
3.4236,0.5322,2.2926
3.4238,0.6207,2.6726
3.4240,0.5868,2.5281
3.4242,0.5737,2.4702
3.4244,0.5645,2.4309
3.4246,0.6329,2.7227
3.4248,0.6358,2.7351
3.4250,0.6864,2.9487
3.4252,0.7468,3.2098
3.4254,0.7539,3.2432
3.4256,0.6937,2.987
3.4258,0.6954,2.9831
3.4260,0.8248,3.5415
3.4262,0.7809,3.353
3.4264,0.778,3.3438
3.4266,0.7634,3.2824
3.4268,0.7915,3.3957
3.4270,0.8511,3.648
3.4272,0.9212,3.9555
3.4274,0.8589,3.6848
3.4276,0.921,3.9457
3.4278,0.951,4.0799
3.4280,0.8944,3.8371
3.4282,0.8664,3.715
3.4284,0.8855,3.8025
3.4286,0.8608,3.6965
3.4288,0.8002,3.4407
3.4290,0.7217,3.0992
3.4292,0.8024,3.4425
3.4294,0.9029,3.8754
3.4296,0.8776,3.765
3.4298,0.8744,3.7494
3.4300,0.9239,3.9618
3.4302,0.952,4.0802
3.4304,0.9677,4.1475
3.4306,0.925,3.9664
3.4308,0.9188,3.9433
3.4310,0.8533,3.664
3.4312,0.834,3.5778
3.4314,0.8427,3.6187
3.4316,0.8694,3.7348
3.4318,0.855,3.6712
3.4320,0.8616,3.6996
3.4322,0.8715,3.7406
3.4324,0.8647,3.713
3.4326,0.7797,3.3541
3.4328,0.7365,3.1684
3.4330,0.7419,3.1916
3.4332,0.709,3.0503
3.4334,0.7466,3.2132
3.4336,0.7243,3.1143
3.4338,0.7408,3.184
3.4340,0.7496,3.2246
3.4342,0.6523,2.8076
3.4344,0.6576,2.8303
3.4346,0.6806,2.9307
3.4348,0.7068,3.0391
3.4350,0.7382,3.1771
3.4352,0.7086,3.0468
3.4354,0.7619,3.2747
3.4356,0.8146,3.4994
3.4358,0.7497,3.2222
3.4360,0.7195,3.0995
3.4362,0.6777,2.9184
3.4364,0.6741,2.9015
3.4366,0.6732,2.896
3.4368,0.6416,2.7668
3.4370,0.5812,2.5062
3.4372,0.5835,2.5148
3.4374,0.5958,2.5669
3.4376,0.6189,2.6661
3.4378,0.616,2.6537
3.4380,0.6026,2.6018
3.4382,0.5322,2.2979
3.4384,0.496,2.1386
3.4386,0.5538,2.3867
3.4388,0.5891,2.5391
3.4390,0.6175,2.6567
3.4392,0.6502,2.8009
3.4394,0.6093,2.6247
3.4396,0.6303,2.7177
3.4398,0.5963,2.569
3.4400,0.6099,2.6273
3.4402,0.6189,2.6648
3.4404,0.6139,2.6424
3.4406,0.6492,2.7942
3.4408,0.6078,2.6185
3.4410,0.5536,2.3862
3.4412,0.5461,2.3558
3.4414,0.5596,2.4142
3.4416,0.5785,2.4885
3.4418,0.668,2.8725
3.4420,0.7233,3.1131
3.4422,0.71,3.0516
3.4424,0.6595,2.8399
3.4426,0.6101,2.6271
3.4428,0.6516,2.8045
3.4430,0.7024,3.0219
3.4432,0.7171,3.0834
3.4434,0.7003,3.0168
3.4436,0.6221,2.68
3.4438,0.5817,2.5059
3.4440,0.5741,2.4757
3.4442,0.5818,2.5088
3.4444,0.5809,2.5
3.4446,0.6263,2.6981
3.4448,0.6508,2.7996
3.4450,0.7738,3.3273
3.4452,0.6692,2.8817
3.4454,0.5854,2.5196
3.4456,0.6149,2.6478
3.4458,0.6378,2.7451
3.4460,0.7044,3.0288
3.4462,0.6812,2.9333
3.4464,0.6612,2.8431
3.4466,0.7191,3.0907
3.4468,0.7235,3.1098
3.4470,0.7375,3.1681
3.4472,0.7375,3.1681
3.4474,0.7816,3.3577
3.4476,0.7785,3.3474
3.4478,0.736,3.1663
3.4480,0.7584,3.2552
3.4482,0.8412,3.6171
3.4484,0.7658,3.2928
3.4486,0.7403,3.179
3.4488,0.7967,3.4226
3.4490,0.749,3.2206
3.4492,0.7353,3.1647
3.4494,0.7381,3.1736
3.4496,0.7451,3.2026
3.4498,0.7431,3.1968
3.4500,0.751,3.2278
3.4502,0.7836,3.3664
3.4504,0.7522,3.233
3.4506,0.7486,3.2175
3.4508,0.7502,3.2227
3.4510,0.7833,3.3696
3.4512,0.7346,3.1616
3.4514,0.7034,3.0218
3.4516,0.7888,3.387
3.4518,0.784,3.3696
3.4520,0.7405,3.1825
3.4522,0.7245,3.1183
3.4524,0.7315,3.1467
3.4526,0.758,3.2592
3.4528,0.7888,3.387
3.4530,0.7957,3.4201
3.4532,0.7481,3.2185
3.4534,0.7395,3.1784
3.4536,0.7689,3.3031
3.4538,0.7611,3.2711
3.4540,0.8092,3.4762
3.4542,0.824,3.545
3.4544,0.7818,3.3603
3.4546,0.7969,3.4204
3.4548,0.8468,3.6362
3.4550,0.8449,3.6297
3.4552,0.8114,3.486
3.4554,0.7511,3.2329
3.4556,0.7241,3.1196
3.4558,0.6703,2.8863
3.4560,0.6703,2.889
3.4562,0.6443,2.7743
3.4564,0.6139,2.6461
3.4566,0.6098,2.6256
3.4568,0.6582,2.8302
3.4570,0.6952,2.9923
3.4572,0.6894,2.9684
3.4574,0.6833,2.9407
3.4576,0.7317,3.1492
3.4578,0.7141,3.0734
3.4580,0.7066,3.0386
3.4582,0.7209,3.0985
3.4584,0.7656,3.2907
3.4586,0.7706,3.3118
3.4588,0.7873,3.3808
3.4590,0.8165,3.506
3.4592,0.8724,3.7546
3.4594,0.7734,3.3211
3.4596,0.8004,3.4418
3.4598,0.809,3.474
3.4600,0.846,3.6309
3.4602,0.8437,3.6212
3.4604,0.8828,3.7819
3.4606,1.0045,4.3053
3.4608,1.0181,4.3654
3.4610,1.0246,4.3896
3.4612,1.0208,4.3691
3.4614,1.0447,4.4775
3.4616,1.024,4.387
3.4618,1.0252,4.3963
3.4620,0.9629,4.127
3.4622,1.0067,4.3166
3.4624,0.9991,4.2862
3.4626,0.9786,4.1943
3.4628,0.9913,4.2488
3.4630,1.0104,4.3264
3.4632,1.0151,4.3485
3.4634,1.0154,4.3541
3.4636,1.0136,4.3504
3.4638,0.9332,4.0014
3.4640,0.9936,4.2585
3.4642,1.0369,4.4441
3.4644,1.0081,4.3227
3.4646,1.0338,4.4328
3.4648,1.0041,4.3098
3.4650,0.9258,3.9718
3.4652,0.964,4.1393
3.4654,0.9426,4.0495
3.4656,0.9407,4.0338
3.4658,0.9708,4.1648
3.4660,0.9545,4.1005
3.4662,0.9233,3.9647
3.4664,0.9113,3.9187
3.4666,0.8761,3.7636
3.4668,0.9207,3.9552
3.4670,0.9471,4.0629
3.4672,0.943,4.0511
3.4674,0.871,3.7437
3.4676,0.8748,3.7562
3.4678,0.8925,3.836
3.4680,0.868,3.7291
3.4682,0.8581,3.6898
3.4684,0.859,3.6956
3.4686,0.8549,3.6724
3.4688,0.8966,3.8517
3.4690,0.8778,3.7708
3.4692,0.8943,3.8401
3.4694,0.8817,3.7896
3.4696,0.8775,3.7733
3.4698,0.8736,3.7528
3.4700,0.8709,3.745
3.4702,0.8718,3.7486
3.4704,0.8679,3.7286
3.4706,0.8806,3.785
3.4708,0.8798,3.7831
3.4710,0.8586,3.6884
3.4712,0.855,3.6747
3.4714,0.8454,3.6385
3.4716,0.8427,3.6238
3.4718,0.8572,3.6862
3.4720,0.7972,3.431
3.4722,0.7851,3.3805
3.4724,0.7937,3.4177
3.4726,0.7492,3.2231
3.4728,0.7379,3.1776
3.4730,0.7366,3.1748
3.4732,0.7021,3.0246
3.4734,0.7316,3.1473
3.4736,0.7906,3.4011
3.4738,0.7776,3.3485
3.4740,0.7552,3.2474
3.4742,0.7688,3.3103
3.4744,0.7312,3.1486
3.4746,0.7661,3.3035
3.4748,0.7347,3.1607
3.4750,0.7947,3.417
3.4752,0.7913,3.4057
3.4754,0.7947,3.417
3.4756,0.8304,3.5723
3.4758,0.7909,3.401
3.4760,0.8166,3.5146
3.4762,0.8154,3.5144
3.4764,0.7178,3.0937
3.4766,0.6571,2.8335
3.4768,0.6558,2.8239
3.4770,0.7667,3.2953
3.4772,0.8515,3.658
3.4774,0.8472,3.6395
3.4776,0.8538,3.6695
3.4778,0.8189,3.5294
3.4780,0.7373,3.1779
3.4782,0.7684,3.3041
3.4784,0.816,3.5072
3.4786,0.8023,3.4516
3.4788,0.8328,3.5843
3.4790,0.8204,3.5295
3.4792,0.8122,3.4907
3.4794,0.8016,3.4533
3.4796,0.7659,3.2979
3.4798,0.758,3.2577
3.4800,0.84,3.6102
3.4802,0.8493,3.6538
3.4804,0.8327,3.5805
3.4806,0.8159,3.5132
3.4808,0.7706,3.3195
3.4810,0.7523,3.2425
3.4812,0.7313,3.1477
3.4814,0.7453,3.2061
3.4816,0.7942,3.4165
3.4818,0.8366,3.5975
3.4820,0.8748,3.7545
3.4822,0.8678,3.7333
3.4824,0.8303,3.5735
3.4826,0.8227,3.5377
3.4828,0.7831,3.3722
3.4830,0.7516,3.2349
3.4832,0.7445,3.2045
3.4834,0.766,3.2968
3.4836,0.7666,3.2994
3.4838,0.7753,3.3371
3.4840,0.784,3.3743
3.4842,0.7792,3.3536
3.4844,0.823,3.5371
3.4846,0.8956,3.8494
3.4848,0.9101,3.9045
3.4850,0.9618,4.1281
3.4852,0.9534,4.0978
3.4854,0.9172,3.9403
3.4856,0.914,3.9282
3.4858,0.8968,3.8509
3.4860,0.9166,3.9359
3.4862,0.8815,3.7903
3.4864,0.8809,3.7807
3.4866,0.879,3.7777
3.4868,0.8768,3.772
3.4870,0.87,3.7408
3.4872,0.8719,3.7438
3.4874,0.9266,3.9861
3.4876,0.8957,3.8517
3.4878,0.8869,3.8082
3.4880,0.8911,3.8244
3.4882,0.9209,3.9581
3.4884,0.9068,3.9009
3.4886,0.8288,3.5689
3.4888,0.7991,3.4409
3.4890,0.7746,3.334
3.4892,0.7753,3.3387
3.4894,0.7473,3.2223
3.4896,0.6999,3.0167
3.4898,0.6963,3.004
3.4900,0.7108,3.0637
3.4902,0.7455,3.2086
3.4904,0.7673,3.301
3.4906,0.858,3.6876
3.4908,0.8617,3.707
3.4910,0.8084,3.4747
3.4912,0.8251,3.548
3.4914,0.8751,3.7595
3.4916,0.9232,3.9698
3.4918,0.9173,3.9408
3.4920,0.9279,3.9843
3.4922,0.9297,3.992
3.4924,0.9567,4.1098
3.4926,0.9388,4.0312
3.4928,0.9689,4.1623
3.4930,0.9854,4.2295
3.4932,1.0083,4.3238
3.4934,1.0631,4.5545
3.4936,1.1588,4.9621
3.4938,1.1779,5.0437
3.4940,1.1348,4.8639
3.4942,1.0725,4.5946
3.4944,1.0908,4.6731
3.4946,1.0902,4.6749
3.4948,1.0994,4.714
3.4950,1.137,4.8709
3.4952,1.1196,4.7987
3.4954,1.117,4.7896
3.4956,1.1309,4.8492
3.4958,1.114,4.7745
3.4960,1.1527,4.9405
3.4962,1.1286,4.844
3.4964,1.1094,4.7594
3.4966,1.0948,4.6989
3.4968,1.1032,4.7283
3.4970,1.1056,4.7452
3.4972,1.0087,4.3354
3.4974,0.9766,4.1934
3.4976,1.0388,4.4606
3.4978,1.0221,4.3952
3.4980,0.9757,4.1937
3.4982,0.9797,4.2048
3.4984,1.0172,4.3638
3.4986,1.0454,4.4931
3.4988,0.9703,4.1646
3.4990,1.0181,4.3695
3.4992,1.0534,4.5297
3.4994,0.9519,4.093
3.4996,0.9136,3.9267
3.4998,0.9708,4.1706
3.5000,0.993,4.2659
3.5002,0.9712,4.1702
3.5004,0.9752,4.1896
3.5006,0.9641,4.1456
3.5008,0.9266,3.9861
3.5010,0.922,3.9665
3.5012,0.8846,3.802
3.5014,0.9219,3.9659
3.5016,0.9341,4.0129
3.5018,0.9257,3.9824
3.5020,0.9117,3.9203
3.5022,0.9401,4.0406
3.5024,0.9585,4.1194
3.5026,0.9577,4.1202
3.5028,0.9387,4.0363
3.5030,0.9397,4.039
3.5032,0.8843,3.808
3.5034,0.8074,3.4797
3.5036,0.7937,3.4224
3.5038,0.8058,3.4746
3.5040,0.7698,3.318
3.5042,0.774,3.333
3.5044,0.8273,3.5622
3.5046,0.8191,3.5255
3.5048,0.8379,3.6032
3.5050,0.8755,3.7698
3.5052,0.8658,3.7262
3.5054,0.8523,3.6736
3.5056,0.8129,3.5019
3.5058,0.7799,3.3552
3.5060,0.8066,3.475
3.5062,0.6938,2.9959
3.5064,0.5805,2.5089
3.5066,0.5475,2.3675
3.5068,0.5416,2.3421
3.5070,0.5883,2.5426
3.5072,0.5769,2.4922
3.5074,0.5835,2.5207
3.5076,0.5855,2.5271
3.5078,0.5912,2.5503
3.5080,0.6564,2.8304
3.5082,0.653,2.8211
3.5084,0.5969,2.5751
3.5086,0.6572,2.834
3.5088,0.7445,3.2119
3.5090,0.6889,2.9746
3.5092,0.6106,2.6341
3.5094,0.6107,2.637
3.5096,0.6012,2.5973
3.5098,0.6083,2.6243
3.5100,0.6556,2.8294
3.5102,0.6631,2.8593
3.5104,0.697,3.0057
3.5106,0.7118,3.0678
3.5108,0.7499,3.2352
3.5110,0.6428,2.7732
3.5112,0.6126,2.6404
3.5114,0.6782,2.9231
3.5116,0.6475,2.796
3.5118,0.6018,2.5999
3.5120,0.6002,2.5903
3.5122,0.5918,2.5529
3.5124,0.595,2.568
3.5126,0.6028,2.6005
3.5128,0.6035,2.6024
3.5130,0.6056,2.6124
3.5132,0.6039,2.6075
3.5134,0.6282,2.7089
3.5136,0.7047,3.0373
3.5138,0.6622,2.8565
3.5140,0.6041,2.6074
3.5142,0.6012,2.5937
3.5144,0.6175,2.6616
3.5146,0.6317,2.7251
3.5148,0.6058,2.6134
3.5150,0.6861,2.9559
3.5152,0.7773,3.3454
3.5154,0.7932,3.4124
3.5156,0.7671,3.303
3.5158,0.7821,3.3691
3.5160,0.7033,3.0297
3.5162,0.7719,3.319
3.5164,0.8191,3.5271
3.5166,0.7074,3.0515
3.5168,0.6532,2.8177
3.5170,0.6382,2.7518
3.5172,0.622,2.682
3.5174,0.6371,2.742
3.5176,0.7819,3.3639
3.5178,0.8256,3.5484
3.5180,0.8435,3.6252
3.5182,0.8826,3.7932
3.5184,0.8292,3.5705
3.5186,0.778,3.35
3.5188,0.7871,3.3861
3.5190,0.773,3.3252
3.5192,0.7606,3.2706
3.5194,0.7866,3.3793
3.5196,0.9044,3.887
3.5198,0.8876,3.8202
3.5200,0.8417,3.6175
3.5202,0.8906,3.8277
3.5204,0.8654,3.723
3.5206,0.8144,3.507
3.5208,0.764,3.2865
3.5210,0.7724,3.3227
3.5212,0.7957,3.4264
3.5214,0.8353,3.5968
3.5216,0.7908,3.4116
3.5218,0.6713,2.8918
3.5220,0.6315,2.7291
3.5222,0.4787,2.0698
3.5224,0.4623,1.9988
3.5226,0.4602,1.9891
3.5228,0.4602,1.9918
3.5230,0.4576,1.9786
3.5232,0.457,1.9742
3.5234,0.471,2.0338
3.5236,0.5219,2.2513
3.5238,0.628,2.7041
3.5240,0.7282,3.1328
3.5242,0.7204,3.1022
3.5244,0.6997,3.0156
3.5246,0.6727,2.8953
3.5248,0.789,3.3928
3.5250,0.7944,3.4208
3.5252,0.7107,3.066
3.5254,0.6702,2.8872
3.5256,0.7077,3.0446
3.5258,0.7867,3.383
3.5260,0.8337,3.5834
3.5262,0.9137,3.9199
3.5264,1.0215,4.3824
3.5266,0.9804,4.2059
3.5268,0.9294,3.9947
3.5270,0.8403,3.6101
3.5272,0.8194,3.5232
3.5274,0.8365,3.5936
3.5276,0.8924,3.8283
3.5278,0.9939,4.266
3.5280,0.98,4.2063
3.5282,0.9911,4.2517
3.5284,0.9945,4.2686
3.5286,1.0083,4.3157
3.5288,1.0887,4.6617
3.5290,1.0768,4.6238
3.5292,0.971,4.1658
3.5294,1.0383,4.4502
3.5296,1.0569,4.532
3.5298,1.0243,4.3962
3.5300,1.0198,4.3752
3.5302,1.0184,4.369
3.5304,1.0317,4.422
3.5306,1.0758,4.624
3.5308,0.9131,3.9228
3.5310,0.9485,4.0729
3.5312,0.9136,3.9267
3.5314,0.9309,4.0009
3.5316,0.8968,3.8545
3.5318,0.9041,3.8805
3.5320,0.9406,4.0445
3.5322,0.8748,3.7615
3.5324,0.9069,3.896
3.5326,0.9449,4.0593
3.5328,0.9352,4.0213
3.5330,0.8778,3.7743
3.5332,0.8954,3.8448
3.5334,0.9478,4.0717
3.5336,0.9055,3.8953
3.5338,0.8455,3.639
3.5340,0.8486,3.6473
3.5342,0.8714,3.7522
3.5344,0.8252,3.5469
3.5346,0.9166,3.9396
3.5348,0.8588,3.6963
3.5350,0.7606,3.2751
3.5352,0.7642,3.2906
3.5354,0.8254,3.554
3.5356,0.8403,3.6185
3.5358,0.843,3.6231
3.5360,0.8602,3.7008
3.5362,0.8553,3.6796
3.5364,0.8487,3.6513
3.5366,0.8521,3.6674
3.5368,0.808,3.4807
3.5370,0.7903,3.4048
3.5372,0.7944,3.4192
3.5374,0.7937,3.4161
3.5376,0.7927,3.4104
3.5378,0.8445,3.6281
3.5380,0.9261,3.9784
3.5382,0.926,3.9816
3.5384,0.8691,3.7424
3.5386,0.8078,3.4834
3.5388,0.6951,2.9974
3.5390,0.6957,2.9944
3.5392,0.7746,3.3325
3.5394,0.7929,3.4125
3.5396,0.7981,3.4368
3.5398,0.7665,3.3035
3.5400,0.7494,3.2271
3.5402,0.8124,3.495
3.5404,0.8648,3.7238
3.5406,0.8377,3.6021
3.5408,0.857,3.68
3.5410,0.8756,3.7651
3.5412,0.8564,3.6774
3.5414,0.9459,4.0653
3.5416,0.9656,4.1504
3.5418,0.9623,4.1302
3.5420,0.9841,4.2179
3.5422,1.0515,4.5131
3.5424,1.0013,4.3094
3.5426,0.7985,3.4383
3.5428,0.7341,3.164
3.5430,0.7261,3.1279
3.5432,0.7373,3.175
3.5434,0.7346,3.1646
3.5436,0.7384,3.184
3.5438,0.7247,3.1251
3.5440,0.7281,3.1367
3.5442,0.7331,3.1554
3.5444,0.7399,3.1873
3.5446,0.8168,3.5091
3.5448,0.892,3.8357
3.5450,0.7834,3.3748
3.5452,0.7215,3.1097
3.5454,0.7196,3.1014
3.5456,0.7281,3.1367
3.5458,0.7394,3.1852
3.5460,0.7421,3.1956
3.5462,0.7403,3.1864
3.5464,0.7662,3.2948
3.5466,0.908,3.9006
3.5468,0.9565,4.1055
3.5470,0.94,4.0401
3.5472,0.8584,3.6913
3.5474,0.8417,3.6259
3.5476,0.7638,3.2891
3.5478,0.7412,3.1885
3.5480,0.8618,3.7058
3.5482,0.8979,3.8628
3.5484,0.8882,3.8156
3.5486,0.9533,4.0877
3.5488,1.1763,5.0182
3.5490,1.3701,5.8476
3.5492,1.322,5.6794
3.5494,0.9886,4.2528
3.5496,0.9062,3.8784
3.5498,1.0721,4.6016
3.5500,1.0045,4.3133
3.5502,1.038,4.4466
3.5504,1.085,4.6501
3.5506,1.0826,4.6464
3.5508,1.0181,4.3756
3.5510,0.9451,4.0622
3.5512,0.9968,4.2744
3.5514,1.051,4.5152
3.5516,0.9906,4.2556
3.5518,0.958,4.1097
3.5520,0.9822,4.2176
3.5522,0.9677,4.1572
3.5524,0.9817,4.2214
3.5526,0.9905,4.2471
3.5528,1.0487,4.5033
3.5530,1.0275,4.4101
3.5532,1.0723,4.6021
3.5534,1.0034,4.3067
3.5536,1.0059,4.3276
3.5538,0.9028,3.8911
3.5540,0.8721,3.7379
3.5542,1.1214,4.8221
3.5544,0.8834,3.8021
3.5546,0.8484,3.6582
3.5548,0.7219,3.1113
3.5550,0.7767,3.3335
3.5552,0.867,3.7401
3.5554,0.6726,2.9015
3.5556,0.6508,2.8113
3.5558,0.6096,2.6336
3.5560,0.6226,2.6858
3.5562,0.6288,2.7152
3.5564,0.5771,2.4921
3.5566,0.6135,2.6453
3.5568,0.6786,2.926
3.5570,0.6508,2.8048
3.5572,0.7047,3.0373
3.5574,0.7553,3.2524
3.5576,0.7744,3.3392
3.5578,0.7246,3.1202
3.5580,0.7724,3.3227
3.5582,0.8153,3.5057
3.5584,0.8672,3.7324
3.5586,0.8602,3.7008
3.5588,0.8514,3.6643
3.5590,0.8285,3.5624
3.5592,0.936,4.0249
3.5594,0.9047,3.8885
3.5596,0.9774,4.1852
3.5598,1.1491,4.9159
3.5600,1.1925,5.1064
3.5602,1.1816,5.0597
3.5604,1.1923,5.1077
3.5606,1.2148,5.2019
3.5608,1.195,5.1219
3.5610,1.1269,4.8345
3.5612,1.1203,4.7995
3.5614,1.184,5.0723
3.5616,1.1528,4.9387
3.5618,1.1737,5.0328
3.5620,1.1488,4.9259
3.5622,1.1177,4.7927
3.5624,1.1631,4.9852
3.5626,1.1532,4.9426
3.5628,1.1907,5.0987
3.5630,1.1864,5.0849
3.5632,1.1467,4.9125
3.5634,1.1991,5.1442
3.5636,1.1203,4.8085
3.5638,1.0775,4.6247
3.5640,0.9997,4.3027
3.5642,0.8854,3.8109
3.5644,0.8721,3.7519
3.5646,0.8901,3.8257
3.5648,0.9553,4.1099
3.5650,0.9333,4.0187
3.5652,0.8858,3.8124
3.5654,0.9034,3.8811
3.5656,0.989,4.2469
3.5658,1.0181,4.3797
3.5660,0.9671,4.1527
3.5662,1.0086,4.3409
3.5664,0.8811,3.7905
3.5666,0.915,3.9219
3.5668,1.1931,5.1042
3.5670,1.3332,5.7007
3.5672,1.2897,5.5429
3.5674,0.9389,4.0429
3.5676,0.931,3.9996
3.5678,0.9776,4.1999
3.5680,0.9911,4.2676
3.5682,0.9173,3.9427
3.5684,0.9391,4.044
3.5686,0.8794,3.7851
3.5688,0.8477,3.65
3.5690,0.8185,3.5262
3.5692,0.822,3.5395
3.5694,0.837,3.6091
3.5696,0.7948,3.4302
3.5698,0.7411,3.1954
3.5700,0.7412,3.193
3.5702,0.7974,3.4369
3.5704,0.7716,3.3257
3.5706,0.7831,3.3722
3.5708,0.8129,3.5019
3.5710,0.7836,3.379
3.5712,0.8437,3.6313
3.5714,0.8516,3.6705
3.5716,0.7724,3.3288
3.5718,0.7684,3.3087
3.5720,0.9413,4.0344
3.5722,1.0541,4.5476
3.5724,0.6996,3.0207
3.5726,0.6678,2.8822
3.5728,0.6535,2.8258
3.5730,0.5867,2.5358
3.5732,0.5752,2.4861
3.5734,0.5937,2.5647
3.5736,0.588,2.5427
3.5738,0.5771,2.4932
3.5740,0.5744,2.4825
3.5742,0.5737,2.4782
3.5744,0.5817,2.5141
3.5746,0.5876,2.5371
3.5748,0.6596,2.8443
3.5750,0.7012,3.028
3.5752,0.671,2.8948
3.5754,0.6548,2.8302
3.5756,0.5907,2.5518
3.5758,0.5915,2.5554
3.5760,0.5868,2.534
3.5762,0.6083,2.623
3.5764,0.7008,3.0217
3.5766,0.7381,3.1825
3.5768,0.7438,3.2058
3.5770,0.7384,3.1767
3.5772,0.8068,3.4707
3.5774,0.7955,3.4302
3.5776,0.7232,3.1213
3.5778,0.6809,2.9345
3.5780,0.7027,3.0286
3.5782,0.7565,3.2606
3.5784,0.7843,3.3805
3.5786,0.7253,3.1262
3.5788,0.7192,3.0984
3.5790,0.7601,3.2792
3.5792,0.6834,2.9454
3.5794,0.7046,3.0368
3.5796,0.7131,3.0735
3.5798,0.7685,3.3077
3.5800,0.7907,3.4016
3.5802,0.781,3.3629
3.5804,0.7174,3.0936
3.5806,0.6919,2.9848
3.5808,0.6648,2.8692
3.5810,0.6819,2.9392
3.5812,0.7214,3.1106
3.5814,0.7038,3.036
3.5816,0.6871,2.9614
3.5818,0.7526,3.239
3.5820,0.8082,3.4769
3.5822,0.8594,3.6937
3.5824,0.8764,3.7774
3.5826,0.7622,3.288
3.5828,0.6911,2.9784
3.5830,0.6769,2.9188
3.5832,0.6824,2.944
3.5834,0.6957,2.9986
3.5836,0.6776,2.9178
3.5838,0.7204,3.1036
3.5840,0.7396,3.1892
3.5842,0.7315,3.1482
3.5844,0.8135,3.4996
3.5846,0.819,3.5217
3.5848,0.8162,3.5115
3.5850,0.8436,3.6291
3.5852,0.7871,3.3877
3.5854,0.7324,3.1582
3.5856,0.7433,3.2008
3.5858,0.829,3.5695
3.5860,0.7604,3.2756
3.5862,0.7238,3.1181
3.5864,0.7397,3.1868
3.5866,0.7425,3.1987
3.5868,0.7478,3.2214
3.5870,0.722,3.1118
3.5872,0.6582,2.8342
3.5874,0.7146,3.0826
3.5876,0.6631,2.862
3.5878,0.6424,2.7673
3.5880,0.6726,2.8962
3.5882,0.6994,3.0048
3.5884,0.8998,3.8674
3.5886,0.8906,3.8295
3.5888,0.7397,3.1957
3.5890,0.5239,2.2664
3.5892,0.5094,2.2026
3.5894,0.5174,2.2332
3.5896,0.5803,2.5009
3.5898,0.6473,2.7885
3.5900,0.6847,2.9551
3.5902,0.6204,2.6765
3.5904,0.5898,2.5434
3.5906,0.6208,2.6781
3.5908,0.6512,2.8082
3.5910,0.6494,2.7978
3.5912,0.6763,2.9067
3.5914,0.7876,3.3882
3.5916,0.8508,3.6583
3.5918,0.9082,3.898
3.5920,0.9362,4.0217
3.5922,0.9227,3.964
3.5924,0.969,4.159
3.5926,0.961,4.1264
3.5928,0.9977,4.276
3.5930,1.1242,4.8137
3.5932,1.1742,5.0231
3.5934,1.1561,4.9526
3.5936,1.0922,4.6766
3.5938,1.1155,4.7857
3.5940,1.0623,4.5615
3.5942,1.0357,4.4348
3.5944,1.0726,4.5929
3.5946,1.1119,4.7658
3.5948,1.0902,4.6706
3.5950,1.0895,4.6697
3.5952,1.0854,4.6544
3.5954,1.1079,4.755
3.5956,1.0712,4.5975
3.5958,0.9764,4.1909
3.5960,0.9839,4.2189
3.5962,1.0967,4.6961
3.5964,1.1253,4.8251
3.5966,1.0228,4.3942
3.5968,1.0087,4.3334
3.5970,1.0197,4.3767
3.5972,0.9668,4.1516
3.5974,1.0123,4.3448
3.5976,1.0778,4.6236
3.5978,1.0648,4.5659
3.5980,1.0285,4.4184
3.5982,0.976,4.1927
3.5984,1.0116,4.3397
3.5986,1.0287,4.4132
3.5988,1.041,4.4699
3.5990,1.0335,4.4359
3.5992,1.0546,4.5201
3.5994,1.0942,4.6985
3.5996,0.9957,4.2757
3.5998,1.0389,4.4632
3.6000,1.0321,4.4297
3.6002,1.0402,4.4647
3.6004,1.027,4.4081
3.6006,1.0345,4.4441
3.6008,0.9842,4.2283
3.6010,0.9782,4.2045
3.6012,0.9267,3.9884
3.6014,0.9266,3.9861
3.6016,0.9621,4.1291
3.6018,1.0032,4.3117
3.6020,0.9901,4.2555
3.6022,0.9408,4.0437
3.6024,0.9439,4.0533
3.6026,0.9722,4.1865
3.6028,0.8604,3.7065
3.6030,0.8372,3.6051
3.6032,0.8485,3.6468
3.6034,0.9471,4.0667
3.6036,0.919,3.9554
3.6038,0.8232,3.5414
3.6040,0.816,3.5137
3.6042,0.8177,3.5209
3.6044,0.8258,3.5527
3.6046,0.957,4.1094
3.6048,0.9764,4.2046
3.6050,0.6722,2.8972
3.6052,0.7156,3.0829
3.6054,0.7033,3.0353
3.6056,0.657,2.8382
3.6058,0.6531,2.819
3.6060,0.6503,2.8053
3.6062,0.6535,2.8218
3.6064,0.6553,2.8296
3.6066,0.6662,2.8727
3.6068,0.6666,2.8756
3.6070,0.663,2.8614
3.6072,0.6661,2.8735
3.6074,0.7078,3.0521
3.6076,0.7665,3.3034
3.6078,0.7606,3.2796
3.6080,0.6801,2.9341
3.6082,0.7732,3.32
3.6084,1.0137,4.3468
3.6086,1.0347,4.4513
3.6088,0.7882,3.4017
3.6090,0.6602,2.8508
3.6092,0.7048,3.0364
3.6094,0.8325,3.5849
3.6096,0.7773,3.3515
3.6098,0.6844,2.9527
3.6100,0.6877,2.9667
3.6102,0.6595,2.8464
3.6104,0.6602,2.8482
3.6106,0.7302,3.1459
3.6108,0.7386,3.1821
3.6110,0.848,3.6447
3.6112,0.8309,3.5777
3.6114,0.7727,3.3319
3.6116,0.6854,2.9582
3.6118,0.6603,2.8474
3.6120,0.6558,2.8291
3.6122,0.6656,2.8741
3.6124,0.6373,2.7494
3.6126,0.6288,2.7127
3.6128,0.631,2.7207
3.6130,0.6472,2.7918
3.6132,0.6569,2.835
3.6134,0.6462,2.7903
3.6136,0.6316,2.7271
3.6138,0.631,2.722
3.6140,0.6378,2.7502
3.6142,0.6579,2.8384
3.6144,0.6395,2.7574
3.6146,0.65,2.8003
3.6148,0.7365,3.1698
3.6150,0.7967,3.4305
3.6152,0.8023,3.4548
3.6154,0.8452,3.6396
3.6156,0.7678,3.3076
3.6158,0.7535,3.2476
3.6160,0.7576,3.2576
3.6162,0.8726,3.7521
3.6164,0.859,3.6956
3.6166,0.8295,3.5653
3.6168,0.9311,4.0037
3.6170,0.91,3.9111
3.6172,0.9479,4.0683
3.6174,0.9905,4.249
3.6176,0.9881,4.2427
3.6178,1.0016,4.2989
3.6180,1.0371,4.4574
3.6182,0.8951,3.8508
3.6184,0.8648,3.7203
3.6186,0.7933,3.4208
3.6188,0.7353,3.1691
3.6190,0.7836,3.3742
3.6192,0.839,3.6077
3.6194,0.8845,3.7996
3.6196,0.9023,3.8782
3.6198,0.9276,3.9869
3.6200,0.8952,3.8567
3.6202,0.7498,3.2316
3.6204,0.7004,3.0215
3.6206,0.6937,2.9842
3.6208,0.7553,3.2524
3.6210,0.7125,3.0723
3.6212,0.6501,2.8047
3.6214,0.6446,2.7797
3.6216,0.6223,2.6847
3.6218,0.6111,2.6386
3.6220,0.6451,2.7791
3.6222,0.7067,3.0503
3.6224,0.5686,2.4564
3.6226,0.5049,2.1823
3.6228,0.4979,2.1518
3.6230,0.5229,2.2601
3.6232,0.5176,2.2352
3.6234,0.529,2.2844
3.6236,0.5794,2.5007
3.6238,0.6472,2.7905
3.6240,0.6412,2.7634
3.6242,0.6509,2.8039
3.6244,0.7025,3.021
3.6246,0.8012,3.4469
3.6248,0.8378,3.6026
3.6250,0.8695,3.7335
3.6252,0.9416,4.0434
3.6254,0.9675,4.1585
3.6256,0.9394,4.0261
3.6258,1.066,4.5582
3.6260,1.166,4.9881
3.6262,1.1788,5.0501
3.6264,1.1715,5.0188
3.6266,1.1745,5.0269
3.6268,1.1917,5.1027
3.6270,1.1249,4.8234
3.6272,1.1206,4.796
3.6274,1.1873,5.0795
3.6276,1.1769,5.0372
3.6278,1.1695,5.0054
3.6280,1.1875,5.0895
3.6282,1.1457,4.9083
3.6284,1.1688,5.0093
3.6286,1.0676,4.5819
3.6288,1.0638,4.5639
3.6290,1.0647,4.5675
3.6292,1.1281,4.8328
3.6294,1.2924,5.5133
3.6296,1.4128,6.041
3.6298,1.2823,5.5037
3.6300,1.0036,4.3137
3.6302,0.9589,4.1157
3.6304,0.9891,4.2533
3.6306,0.9527,4.0946
3.6308,0.9207,3.9552
3.6310,0.9917,4.2601
3.6312,1.0201,4.3802
3.6314,0.954,4.106
3.6316,0.8503,3.6596
3.6318,0.854,3.6705
3.6320,0.9329,4.0059
3.6322,0.9584,4.1232
3.6324,0.8199,3.5339
3.6326,0.8017,3.4522
3.6328,0.8217,3.5335
3.6330,0.8541,3.6727
3.6332,0.8757,3.769
3.6334,0.8282,3.568
3.6336,0.7439,3.2048
3.6338,0.7352,3.1715
3.6340,0.754,3.2482
3.6342,0.8286,3.5645
3.6344,0.866,3.7237
3.6346,0.845,3.6369
3.6348,0.8361,3.5987
3.6350,0.8213,3.5347
3.6352,0.8198,3.5301
3.6354,0.754,3.2497
3.6356,0.7713,3.321
3.6358,0.7714,3.3231
3.6360,0.804,3.462
3.6362,0.7787,3.3546
3.6364,0.7436,3.2033
3.6366,0.7547,3.2498
3.6368,0.7666,3.3024
3.6370,0.7667,3.3075
3.6372,0.7013,3.0256
3.6374,0.7136,3.0713
3.6376,0.8656,3.7187
3.6378,0.8727,3.7613
3.6380,0.7174,3.0921
3.6382,0.7106,3.0569
3.6384,0.7978,3.4399
3.6386,0.701,3.0255
3.6388,0.6759,2.916
3.6390,0.7034,3.0344
3.6392,0.7106,3.0583
3.6394,0.748,3.2239
3.6396,0.7101,3.0605
3.6398,0.7287,3.1377
3.6400,0.7951,3.427
3.6402,0.7123,3.0741
3.6404,0.6649,2.871
3.6406,0.6611,2.8518
3.6408,0.686,2.958
3.6410,0.703,3.0315
3.6412,0.6858,2.9584
3.6414,0.6885,2.9675
3.6416,0.6885,2.9648
3.6418,0.7403,3.1878
3.6420,0.7831,3.3769
3.6422,0.6636,2.8653
3.6424,0.6049,2.6134
3.6426,0.581,2.5086
3.6428,0.5788,2.4981
3.6430,0.5906,2.5488
3.6432,0.5812,2.5073
3.6434,0.6097,2.6316
3.6436,0.6193,2.6755
3.6438,0.5782,2.4967
3.6440,0.5729,2.4728
3.6442,0.5764,2.4901
3.6444,0.5742,2.4796
3.6446,0.5717,2.4687
3.6448,0.5718,2.467
3.6450,0.5722,2.4708
3.6452,0.5728,2.4722
3.6454,0.5764,2.4912
3.6456,0.5739,2.478
3.6458,0.5708,2.4634
3.6460,0.5711,2.465
3.6462,0.5734,2.4748
3.6464,0.5721,2.4668
3.6466,0.5742,2.4796
3.6468,0.5735,2.4765
3.6470,0.582,2.5121
3.6472,0.5896,2.5447
3.6474,0.5879,2.5386
3.6476,0.5838,2.5187
3.6478,0.6131,2.6412
3.6480,0.7004,3.0145
3.6482,0.7076,3.0469
3.6484,0.7414,3.1895
3.6486,0.7967,3.4337
3.6488,0.7494,3.2271
3.6490,0.762,3.2782
3.6492,0.7878,3.3876
3.6494,0.8076,3.4678
3.6496,1.0132,4.3407
3.6498,1.1022,4.7219
3.6500,1.049,4.5148
3.6502,0.7816,3.3654
3.6504,0.8018,3.4495
3.6506,0.8474,3.6421
3.6508,0.8939,3.8403
3.6510,0.899,3.8601
3.6512,0.9757,4.1838
3.6514,0.9775,4.1974
3.6516,0.9203,3.961
3.6518,0.7836,3.3774
3.6520,0.6912,2.9817
3.6522,0.625,2.6949
3.6524,0.6191,2.6708
3.6526,0.6125,2.6423
3.6528,0.6133,2.6447
3.6530,0.6292,2.713
3.6532,0.6252,2.6971
3.6534,0.6191,2.6708
3.6536,0.6715,2.8941
3.6538,0.6342,2.7359
3.6540,0.6027,2.6011
3.6542,0.5595,2.4148
3.6544,0.6352,2.7375
3.6546,0.5814,2.5095
3.6548,0.5049,2.1823
3.6550,0.5009,2.1647
3.6552,0.504,2.1772
3.6554,0.5057,2.1834
3.6556,0.5065,2.1881
3.6558,0.5021,2.1669
3.6560,0.5299,2.287
3.6562,0.5102,2.2041
3.6564,0.5075,2.1912
3.6566,0.5264,2.2709
3.6568,0.5422,2.3392
3.6570,0.5974,2.5736
3.6572,0.6674,2.8766
3.6574,0.6392,2.7538
3.6576,0.8717,3.7398
3.6578,0.8828,3.7906
3.6580,0.89,3.8126
3.6582,0.9887,4.2433
3.6584,0.9359,4.0206
3.6586,0.9327,4.0011
3.6588,0.996,4.2687
3.6590,1.0437,4.4795
3.6592,0.9792,4.2046
3.6594,0.9991,4.2761
3.6596,1.1461,4.9099
3.6598,1.1256,4.8198
3.6600,1.136,4.8599
3.6602,1.1866,5.0764
3.6604,1.1981,5.128
3.6606,1.1845,5.0671
3.6608,1.1736,5.0205
3.6610,1.1309,4.8424
3.6612,1.1122,4.7578
3.6614,1.1761,5.0312
3.6616,1.1707,5.0152
3.6618,1.0977,4.7045
3.6620,1.0709,4.5964
3.6622,0.928,3.9847
3.6624,0.9003,3.8658
3.6626,0.9506,4.0783
3.6628,1.0062,4.3164
3.6630,1.0012,4.2973
3.6632,1.0213,4.3772
3.6634,1.1213,4.808
3.6636,1.0241,4.3874
3.6638,1.0505,4.5026
3.6640,1.0412,4.4687
3.6642,0.9958,4.2742
3.6644,0.9828,4.2161
3.6646,0.9932,4.2688
3.6648,0.9258,3.9773
3.6650,0.9727,4.171
3.6652,1.0568,4.5314
3.6654,1.0008,4.2973
3.6656,0.9707,4.1603
3.6658,1.0753,4.6197
3.6660,0.9124,3.9269
3.6662,0.8129,3.5018
3.6664,0.8012,3.4501
3.6666,0.8159,3.5115
3.6668,0.8343,3.5843
3.6670,0.8993,3.8599
3.6672,0.9722,4.1786
3.6674,0.9388,4.0367
3.6676,0.946,4.062
3.6678,0.9858,4.2329
3.6680,0.9781,4.198
3.6682,0.9889,4.2443
3.6684,0.9788,4.207
3.6686,0.9509,4.0907
3.6688,0.8695,3.7404
3.6690,0.833,3.5869
3.6692,0.8448,3.6359
3.6694,0.8987,3.8609
3.6696,0.9229,3.9687
3.6698,0.8801,3.7863
3.6700,0.8402,3.6179
3.6702,0.8311,3.577
3.6704,0.8619,3.7045
3.6706,0.9695,4.161
3.6708,1.0113,4.3466
3.6710,0.9544,4.1076
3.6712,0.7928,3.4171
3.6714,0.7261,3.1322
3.6716,0.663,2.8627
3.6718,0.6135,2.6489
3.6720,0.6623,2.857
3.6722,0.6643,2.8658
3.6724,0.6534,2.82
3.6726,0.6584,2.8404
3.6728,0.676,2.9151
3.6730,0.6662,2.8727
3.6732,0.6597,2.8461
3.6734,0.6756,2.9009
3.6736,1.0119,4.3371
3.6738,1.1195,4.7891
3.6740,1.1395,4.9067
3.6742,0.7661,3.3019
3.6744,0.6642,2.8639
3.6746,0.6601,2.8464
3.6748,0.6807,2.9312
3.6750,0.7482,3.2264
3.6752,0.733,3.1593
3.6754,0.7533,3.2451
3.6756,0.7503,3.2292
3.6758,0.7872,3.3881
3.6760,0.8589,3.6985
3.6762,0.729,3.1437
3.6764,0.6493,2.7985
3.6766,0.6716,2.8973
3.6768,0.6735,2.9056
3.6770,0.6798,2.9325
3.6772,0.6891,2.9687
3.6774,0.7444,3.2113
3.6776,0.6759,2.9146
3.6778,0.6849,2.9465
3.6780,0.7719,3.3159
3.6782,0.8551,3.6854
3.6784,0.8207,3.5305
3.6786,0.8793,3.781
3.6788,0.8948,3.8475
3.6790,0.8756,3.7667
3.6792,0.8556,3.6772
3.6794,0.8216,3.5379
3.6796,0.7573,3.2611
3.6798,0.7702,3.3164
3.6800,0.7739,3.3339
3.6802,0.79,3.4032
3.6804,0.7981,3.4351
3.6806,0.8166,3.5097
3.6808,0.8442,3.6299
3.6810,0.8035,3.4631
3.6812,0.7231,3.1149
3.6814,0.774,3.3298
3.6816,0.8668,3.7291
3.6818,0.83,3.5724
3.6820,0.7877,3.3933
3.6822,0.7049,3.0369
3.6824,0.6943,2.9909
3.6826,0.6985,3.0118
3.6828,0.6937,2.9897
3.6830,0.716,3.0816
3.6832,0.8466,3.6385
3.6834,0.9295,3.9952
3.6836,0.9066,3.8967
3.6838,0.8833,3.7962
3.6840,0.8936,3.8388
3.6842,0.8951,3.8472
3.6844,0.8956,3.8511
3.6846,0.9117,3.9184
3.6848,0.9263,3.9812
3.6850,0.8997,3.8668
3.6852,0.8921,3.8379
3.6854,0.8957,3.8498
3.6856,0.8951,3.8508
3.6858,0.8335,3.584
3.6860,0.8115,3.488
3.6862,0.8638,3.7179
3.6864,0.8249,3.5502
3.6866,0.7982,3.434
3.6868,0.7933,3.4145
3.6870,0.7988,3.4398
3.6872,0.786,3.3814
3.6874,0.8127,3.4997
3.6876,0.7768,3.3463
3.6878,0.7566,3.2611
3.6880,0.6814,2.9398
3.6882,0.6752,2.9129
3.6884,0.636,2.7462
3.6886,0.6244,2.6923
3.6888,0.6525,2.8151
3.6890,0.6023,2.5995
3.6892,0.5882,2.5373
3.6894,0.621,2.679
3.6896,0.6789,2.9221
3.6898,0.7494,3.2226
3.6900,0.8255,3.5478
3.6902,0.8506,3.6594
3.6904,0.8323,3.5772
3.6906,0.8378,3.6076
3.6908,0.7698,3.3179
3.6910,0.7836,3.3758
3.6912,0.7498,3.2271
3.6914,0.812,3.4966
3.6916,0.7808,3.3592
3.6918,0.9023,3.8619
3.6920,1.1064,4.7421
3.6922,1.042,4.4702
3.6924,1.0124,4.3412
3.6926,1.1006,4.7196
3.6928,1.1933,5.0836
3.6930,1.5029,6.3995
3.6932,1.5455,6.6148
3.6934,1.2291,5.2653
3.6936,1.198,5.1323
3.6938,1.181,5.057
3.6940,1.1407,4.8913
3.6942,1.0601,4.5543
3.6944,0.9968,4.2783
3.6946,0.9875,4.2401
3.6948,0.9704,4.1709
3.6950,0.9806,4.2088
3.6952,1.0046,4.3158
3.6954,1.0167,4.3658
3.6956,1.0438,4.4759
3.6958,1.1142,4.7732
3.6960,1.1053,4.7441
3.6962,0.9938,4.2734
3.6964,0.9086,3.9068
3.6966,0.901,3.8725
3.6968,0.8974,3.8606
3.6970,0.8831,3.7992
3.6972,0.9233,3.9702
3.6974,0.8986,3.8658
3.6976,0.9366,4.0218
3.6978,1.0106,4.3375
3.6980,1.0345,4.4378
3.6982,1.0653,4.57
3.6984,1.1596,4.9749
3.6986,1.0679,4.5899
3.6988,0.9509,4.0907
3.6990,0.8878,3.8176
3.6992,0.9467,4.0726
3.6994,0.8997,3.8668
3.6996,0.9316,4.0058
3.6998,0.8663,3.727
3.7000,0.9051,3.8918
3.7002,0.9805,4.2063
3.7004,1.0231,4.3951
3.7006,0.9739,4.1819
3.7008,1.0276,4.4208
3.7010,0.9493,4.0802
3.7012,0.9634,4.1405
3.7014,1.0309,4.4265
3.7016,1.0324,4.4353
3.7018,0.9982,4.2825
3.7020,1.0173,4.3765
3.7022,0.9249,3.9751
3.7024,0.9148,3.9391
3.7026,0.8166,3.5178
3.7028,0.769,3.3097
3.7030,0.8156,3.5153
3.7032,0.8299,3.5752
3.7034,0.7859,3.3856
3.7036,0.7566,3.258
3.7038,0.8071,3.4786
3.7040,0.7009,3.0222
3.7042,0.7036,3.034
3.7044,0.7354,3.1769
3.7046,0.6373,2.7545
3.7048,0.5426,2.3472
3.7050,0.5223,2.2606
3.7052,0.5233,2.2616
3.7054,0.5831,2.5179
3.7056,0.574,2.4786
3.7058,0.5751,2.4867
3.7060,0.5744,2.4813
3.7062,0.5784,2.4966
3.7064,0.6288,2.7164
3.7066,0.5889,2.5451
3.7068,0.5734,2.476
3.7070,0.5728,2.4711
3.7072,0.5733,2.4743
3.7074,0.577,2.4903
3.7076,0.5913,2.5519
3.7078,0.5904,2.5519
3.7080,0.5901,2.5491
3.7082,0.6193,2.6693
3.7084,0.6932,2.9891
3.7086,0.6352,2.7439
3.7088,0.5995,2.5864
3.7090,0.6511,2.8076
3.7092,0.6481,2.7972
3.7094,0.5872,2.5355
3.7096,0.6149,2.6527
3.7098,0.6569,2.8298
3.7100,0.6963,2.9997
3.7102,0.6813,2.9392
3.7104,0.606,2.6168
3.7106,0.5919,2.5569
3.7108,0.5903,2.5478
3.7110,0.5981,2.5814
3.7112,0.6584,2.8404
3.7114,0.8608,3.6895
3.7116,1.0825,4.6441
3.7118,1.0381,4.474
3.7120,0.7418,3.1955
3.7122,0.6939,2.9894
3.7124,0.7022,3.0278
3.7126,0.6529,2.8206
3.7128,0.5829,2.5145
3.7130,0.5754,2.4848
3.7132,0.5727,2.4729
3.7134,0.57,2.4569
3.7136,0.6099,2.6309
3.7138,0.5782,2.4955
3.7140,0.5675,2.4495
3.7142,0.5793,2.5002
3.7144,0.6047,2.6063
3.7146,0.7167,3.0861
3.7148,0.8252,3.5468
3.7150,0.8091,3.481
3.7152,0.7903,3.4
3.7154,0.751,3.2368
3.7156,0.6928,2.9847
3.7158,0.6883,2.9665
3.7160,0.6701,2.8906
3.7162,0.6659,2.8698
3.7164,0.7276,3.1258
3.7166,0.8675,3.7322
3.7168,0.8382,3.6024
3.7170,0.8444,3.6343
3.7172,0.7402,3.1903
3.7174,0.7028,3.0276
3.7176,0.7559,3.2565
3.7178,0.752,3.2364
3.7180,0.7753,3.3401
3.7182,0.7367,3.1723
3.7184,0.7957,3.4184
3.7186,0.9162,3.9306
3.7188,0.951,4.0855
3.7190,0.9399,4.0338
3.7192,0.9528,4.097
3.7194,0.7996,3.4397
3.7196,0.756,3.257
3.7198,0.7558,3.2499
3.7200,0.8716,3.741
3.7202,0.8792,3.7805
3.7204,0.8663,3.727
3.7206,0.855,3.6797
3.7208,0.8063,3.4686
3.7210,0.7588,3.2734
3.7212,0.6266,2.7084
3.7214,0.5199,2.243
3.7216,0.5511,2.3786
3.7218,0.5991,2.5868
3.7220,0.5512,2.3802
3.7222,0.5324,2.2989
3.7224,0.5148,2.2238
3.7226,0.5301,2.288
3.7228,0.5287,2.2818
3.7230,0.5277,2.2787
3.7232,0.5677,2.4477
3.7234,0.642,2.7631
3.7236,0.6994,3.0132
3.7238,0.7172,3.0853
3.7240,0.8113,3.4951
3.7242,0.7737,3.3267
3.7244,0.8412,3.6136
3.7246,0.8172,3.5139
3.7248,0.8311,3.5704
3.7250,0.9107,3.9051
3.7252,0.9878,4.2338
3.7254,1.0634,4.5575
3.7256,1.0841,4.6486
3.7258,1.1065,4.7359
3.7260,1.1375,4.8752
3.7262,1.1198,4.7951
3.7264,1.1136,4.7684
3.7266,1.1001,4.7192
3.7268,1.0222,4.3894
3.7270,1.0114,4.335
3.7272,1.0894,4.6713
3.7274,1.0803,4.6322
3.7276,1.083,4.644
3.7278,0.9964,4.2787
3.7280,0.984,4.2213
3.7282,1.0204,4.3797
3.7284,1.0053,4.3088
3.7286,1.0583,4.536
3.7288,1.0947,4.6961
3.7290,1.0605,4.5431
3.7292,1.0746,4.6059
3.7294,1.0689,4.5833
3.7296,1.0959,4.7012
3.7298,1.0311,4.4255
3.7300,0.9743,4.1893
3.7302,0.9452,4.0627
3.7304,0.9636,4.1377
3.7306,0.9765,4.1933
3.7308,0.9824,4.2165
3.7310,1.0273,4.4049
3.7312,1.0294,4.4142
3.7314,1.0604,4.532
3.7316,1.3254,5.6646
3.7318,1.3477,5.7572
3.7320,1.2839,5.5206
3.7322,0.9301,3.9959
3.7324,0.9226,3.9671
3.7326,0.9548,4.1001
3.7328,0.9901,4.2515
3.7330,0.9974,4.2789
3.7332,1.0698,4.6046
3.7334,0.8449,3.6364
3.7336,0.835,3.5874
3.7338,0.9576,4.1138
3.7340,0.9416,4.0453
3.7342,0.9336,4.0127
3.7344,0.9215,3.9606
3.7346,0.939,4.0396
3.7348,1.0789,4.6179
3.7350,1.2116,5.2073
3.7352,0.9413,4.0494
3.7354,0.8846,3.809
3.7356,0.8349,3.5935
3.7358,0.8229,3.5419
3.7360,0.7985,3.4398
3.7362,0.8071,3.4786
3.7364,0.8101,3.4851
3.7366,0.8805,3.7879
3.7368,0.863,3.716
3.7370,0.8184,3.5223
3.7372,0.7714,3.3231
3.7374,0.7013,3.0228
3.7376,0.7073,3.0501
3.7378,0.7804,3.3618
3.7380,0.7924,3.4151
3.7382,0.7709,3.3195
3.7384,0.8215,3.5325
3.7386,0.8944,3.8442
3.7388,0.9064,3.8939
3.7390,0.8615,3.7116
3.7392,0.7793,3.3572
3.7394,0.7907,3.4031
3.7396,0.8534,3.6747
3.7398,0.8306,3.5799
3.7400,0.8015,3.4512
3.7402,0.8073,3.4716
3.7404,0.866,3.7289
3.7406,0.8485,3.6603
3.7408,0.7119,3.074
3.7410,0.6578,2.8378
3.7412,0.6557,2.8312
3.7414,0.6549,2.8267
3.7416,0.6716,2.8947
3.7418,0.6974,3.0058
3.7420,0.6577,2.8373
3.7422,0.654,2.8226
3.7424,0.6614,2.8507
3.7426,0.6692,2.8883
3.7428,0.657,2.8355
3.7430,0.6557,2.8285
3.7432,0.651,2.8097
3.7434,0.6533,2.8182
3.7436,0.6786,2.9206
3.7438,0.8162,3.5179
3.7440,0.6896,2.9722
3.7442,0.6517,2.8115
3.7444,0.6523,2.8167
3.7446,0.6493,2.8011
3.7448,0.6488,2.7978
3.7450,0.6511,2.8063
3.7452,0.6482,2.7952
3.7454,0.651,2.8071
3.7456,0.6528,2.8174
3.7458,0.6513,2.8086
3.7460,0.65,2.8042
3.7462,0.6487,2.7985
3.7464,0.6527,2.8143
3.7466,0.6513,2.8073
3.7468,0.6543,2.8202
3.7470,0.6582,2.8394
3.7472,0.6481,2.7947
3.7474,0.6557,2.8272
3.7476,0.6591,2.8422
3.7478,0.7118,3.0592
3.7480,0.8607,3.6959
3.7482,0.9104,3.9127
3.7484,0.8849,3.8017
3.7486,0.9026,3.8792
3.7488,0.899,3.8691
3.7490,0.8698,3.7385
3.7492,0.9076,3.9027
3.7494,0.8661,3.7191
3.7496,0.9193,3.9477
3.7498,0.9764,4.1908
3.7500,0.9968,4.2803
3.7502,0.9726,4.1763
3.7504,0.9235,3.9731
3.7506,0.8251,3.5529
3.7508,0.8087,3.4821
3.7510,0.8389,3.6055
3.7512,0.8982,3.8588
3.7514,0.8981,3.8655
3.7516,0.799,3.4371
3.7518,0.7764,3.3463
3.7520,0.7391,3.1901
3.7522,0.6674,2.8792
3.7524,0.6368,2.7448
3.7526,0.6445,2.7791
3.7528,0.7252,3.1155
3.7530,0.9755,4.1867
3.7532,0.9586,4.1275
3.7534,0.7606,3.2796
3.7536,0.6515,2.8104
3.7538,0.5938,2.5664
3.7540,0.5641,2.4356
3.7542,0.5777,2.4969
3.7544,0.5304,2.288
3.7546,0.5883,2.5366
3.7548,0.6304,2.7194
3.7550,0.623,2.6928
3.7552,0.5425,2.3435
3.7554,0.5892,2.5408
3.7556,0.6396,2.7618
3.7558,0.5535,2.39
3.7560,0.572,2.472
3.7562,0.5221,2.2523
3.7564,0.5778,2.4917
3.7566,0.6071,2.6215
3.7568,0.5826,2.5123
3.7570,0.6985,3.0076
3.7572,0.728,3.1346
3.7574,0.7171,3.0862
3.7576,0.8149,3.4976
3.7578,0.9317,3.9988
3.7580,1.0369,4.446
3.7582,1.0449,4.4763
3.7584,1.1014,4.7227
3.7586,1.1801,5.0581
3.7588,1.1123,4.765
3.7590,1.0887,4.6551
3.7592,1.1442,4.9016
3.7594,1.1153,4.7801
3.7596,1.0677,4.5761
3.7598,1.0366,4.4492
3.7600,1.0581,4.5413
3.7602,1.0293,4.4157
3.7604,1.0038,4.3102
3.7606,0.9369,4.0285
3.7608,0.8969,3.8532
3.7610,0.951,4.0836
3.7612,0.9859,4.2334
3.7614,0.987,4.2361
3.7616,0.9899,4.2524
3.7618,0.9799,4.2077
3.7620,1.0724,4.6004
3.7622,1.0407,4.4687
3.7624,1.0227,4.3936
3.7626,0.9439,4.057
3.7628,0.967,4.1501
3.7630,1.0514,4.5125
3.7632,1.0359,4.4461
3.7634,1.0715,4.5989
3.7636,1.1343,4.8686
3.7638,0.9811,4.2187
3.7640,0.9251,3.9687
3.7642,1.0719,4.6005
3.7644,1.0379,4.4527
3.7646,1.0695,4.588
3.7648,1.0476,4.507
3.7650,0.9352,4.0007
3.7652,1.0447,4.4878
3.7654,0.9725,4.1738
3.7656,0.9846,4.2357
3.7658,1.0887,4.666
3.7660,1.1595,4.9697
3.7662,1.099,4.708
3.7664,1.0846,4.6572
3.7666,1.1149,4.783
3.7668,1.0359,4.444
3.7670,1.0186,4.3862
3.7672,0.9721,4.1762
3.7674,0.9598,4.1308
3.7676,0.8841,3.8069
3.7678,0.8605,3.7069
3.7680,0.8413,3.6209
3.7682,0.8807,3.7854
3.7684,0.9099,3.9106
3.7686,0.8807,3.7889
3.7688,0.8891,3.8304
3.7690,0.8608,3.705
3.7692,0.8283,3.5718
3.7694,0.7324,3.1596
3.7696,0.7672,3.3019
3.7698,0.8629,3.7069
3.7700,0.9414,4.0424
3.7702,0.9569,4.1184
3.7704,0.8528,3.6738
3.7706,0.8063,3.4799
3.7708,0.6583,2.8426
3.7710,0.6462,2.7864
3.7712,0.6993,3.014
3.7714,0.7354,3.1696
3.7716,0.7332,3.1574
3.7718,0.7896,3.3985
3.7720,0.8316,3.5874
3.7722,0.7371,3.1783
3.7724,0.7082,3.0537
3.7726,0.7213,3.1072
3.7728,0.7137,3.0803
3.7730,0.6354,2.7411
3.7732,0.6145,2.6511
3.7734,0.6443,2.7717
3.7736,0.9382,4.0191
3.7738,1.1325,4.8586
3.7740,0.9727,4.1963
3.7742,0.7147,3.083
3.7744,0.6825,2.9471
3.7746,0.6168,2.6622
3.7748,0.6112,2.6366
3.7750,0.6159,2.658
3.7752,0.6252,2.6971
3.7754,0.6595,2.8464
3.7756,0.6536,2.821
3.7758,0.6647,2.8687
3.7760,0.6667,2.8735
3.7762,0.7132,3.074
3.7764,0.6558,2.8317
3.7766,0.5874,2.5365
3.7768,0.6958,2.9893
3.7770,0.9012,3.8861
3.7772,0.7414,3.1984
3.7774,0.7181,3.0966
3.7776,0.6527,2.813
3.7778,0.6889,2.9705
3.7780,0.6967,3.0055
3.7782,0.6895,2.9703
3.7784,0.7088,3.0435
3.7786,0.828,3.5669
3.7788,0.7816,3.3654
3.7790,0.8213,3.5281
3.7792,0.9062,3.9037
3.7794,0.7474,3.2228
3.7796,0.6872,2.9618
3.7798,0.698,3.007
3.7800,0.7222,3.1156
3.7802,0.745,3.2094
3.7804,0.7777,3.3505
3.7806,0.7286,3.1387
3.7808,0.7526,3.2435
3.7810,0.7121,3.0708
3.7812,0.7267,3.1261
3.7814,0.8048,3.4592
3.7816,0.8319,3.5806
3.7818,0.818,3.5224
3.7820,0.8021,3.4537
3.7822,0.7553,3.2569
3.7824,0.7114,3.0662
3.7826,0.7129,3.071
3.7828,0.7166,3.0856
3.7830,0.7768,3.3448
3.7832,0.8345,3.5848
3.7834,0.8721,3.7553
3.7836,0.8002,3.4503
3.7838,0.7036,3.034
3.7840,0.669,2.8819
3.7842,0.6663,2.8692
3.7844,0.6716,2.8947
3.7846,0.6747,2.9094
3.7848,0.6732,2.9014
3.7850,0.7708,3.3251
3.7852,0.7722,3.3283
3.7854,0.7744,3.3267
3.7856,0.8758,3.7608
3.7858,0.9175,3.9528
3.7860,0.8655,3.7234
3.7862,0.8274,3.5577
3.7864,0.7693,3.3128
3.7866,0.8837,3.8071
3.7868,0.7521,3.2444
3.7870,0.6476,2.79
3.7872,0.7208,3.1008
3.7874,0.8015,3.4512
3.7876,0.7856,3.3861
3.7878,0.6531,2.8164
3.7880,0.6316,2.7233
3.7882,0.671,2.8948
3.7884,0.6398,2.759
3.7886,0.634,2.7349
3.7888,0.6332,2.7293
3.7890,0.7233,3.1174
3.7892,0.687,2.9608
3.7894,0.6588,2.8394
3.7896,0.6675,2.8784
3.7898,0.6748,2.9086
3.7900,0.7083,3.0556
3.7902,0.6686,2.8764
3.7904,0.8217,3.5335
3.7906,0.872,3.7495
3.7908,0.848,3.643
3.7910,0.8702,3.74
3.7912,0.8949,3.8444
3.7914,0.9062,3.8965
3.7916,0.8997,3.865
3.7918,0.9273,3.9761
3.7920,1.0048,4.3108
3.7922,1.075,4.5988
3.7924,1.2234,5.2339
3.7926,1.2343,5.2879
3.7928,1.1731,5.0255
3.7930,1.1818,5.0606
3.7932,1.1764,5.0398
3.7934,1.1882,5.0854
3.7936,1.1929,5.115
3.7938,1.0944,4.6907
3.7940,1.1517,4.9294
3.7942,1.236,5.2754
3.7944,1.4007,5.9752
3.7946,1.4252,6.0943
3.7948,1.2733,5.46
3.7950,1.1062,4.741
3.7952,1.0951,4.6937
3.7954,1.0629,4.5619
3.7956,1.0148,4.3596
3.7958,1.0011,4.3028
3.7960,0.9907,4.254
3.7962,0.9882,4.2412
3.7964,0.9927,4.2628
3.7966,0.9911,4.2635
3.7968,0.9214,3.9564
3.7970,0.9654,4.1493
3.7972,0.9704,4.1651
3.7974,1.0253,4.3987
3.7976,1.0931,4.6938
3.7978,1.0353,4.4476
3.7980,0.9687,4.1598
3.7982,0.9929,4.2633
3.7984,1.0418,4.4734
3.7986,1.0433,4.4717
3.7988,1.1606,4.9813
3.7990,1.0685,4.5925
3.7992,1.0164,4.3622
3.7994,1.0479,4.4954
3.7996,1.0488,4.5038
3.7998,1.0572,4.5377
3.8000,1.0293,4.4219
3.8002,1.0155,4.3626
3.8004,1.0263,4.409
3.8006,1.0277,4.4111
3.8008,1.0294,4.4224
3.8010,1.0317,4.4343
3.8012,0.9762,4.1956
3.8014,0.955,4.1006
3.8016,0.9813,4.2198
3.8018,1.0171,4.3714
3.8020,1.0283,4.4157
3.8022,1.03,4.425
3.8024,1.036,4.4549
3.8026,0.9722,4.1806
3.8028,0.9142,3.9292
3.8030,0.89,3.8322
3.8032,0.8463,3.6476
3.8034,0.8352,3.5979
3.8036,0.7883,3.3944
3.8038,0.9288,3.9865
3.8040,1.0713,4.6086
3.8042,0.8627,3.7167
3.8044,0.778,3.3562
3.8046,0.7103,3.0644
3.8048,0.6716,2.9027
3.8050,0.6472,2.7944
3.8052,0.6625,2.858
3.8054,0.6543,2.8242
3.8056,0.6549,2.8281
3.8058,0.6559,2.8296
3.8060,0.6549,2.8254
3.8062,0.6553,2.8283
3.8064,0.6607,2.8529
3.8066,0.6564,2.833
3.8068,0.6565,2.8322
3.8070,0.7034,3.0344
3.8072,0.751,3.2383
3.8074,0.7053,3.0427
3.8076,0.6745,2.9084
3.8078,0.6638,2.8637
3.8080,0.6707,2.8932
3.8082,0.6577,2.8413
3.8084,0.6588,2.8446
3.8086,0.6572,2.8353
3.8088,0.6558,2.8277
3.8090,0.6528,2.8148
3.8092,0.6536,2.8197
3.8094,0.6607,2.8476
3.8096,0.7159,3.0911
3.8098,0.676,2.9192
3.8100,0.6623,2.857
3.8102,0.6737,2.9007
3.8104,0.7838,3.3784
3.8106,0.7955,3.4206
3.8108,0.8478,3.6488
3.8110,0.7433,3.2037
3.8112,0.7013,3.027
3.8114,0.6591,2.8462
3.8116,0.6908,2.976
3.8118,0.7774,3.3474
3.8120,0.818,3.5191
3.8122,0.8,3.4434
3.8124,0.7726,3.3283
3.8126,0.7342,3.1674
3.8128,0.6591,2.8462
3.8130,0.6434,2.7783
3.8132,0.6389,2.7574
3.8134,0.6424,2.7711
3.8136,0.7172,3.0867
3.8138,0.801,3.4523
3.8140,0.707,3.0485
3.8142,0.7798,3.3483
3.8144,1.0402,4.4563
3.8146,1.1803,5.0539
3.8148,1.1642,4.9968
3.8150,0.9944,4.274
3.8152,0.8819,3.7958
3.8154,0.8728,3.7514
3.8156,0.9303,3.9927
3.8158,1.0106,4.3314
3.8160,1.1001,4.7236
3.8162,1.0142,4.359
3.8164,0.9337,4.0132
3.8166,0.9087,3.9018
3.8168,0.8937,3.8411
3.8170,0.8788,3.7789
3.8172,0.918,3.9457
3.8174,0.9175,3.9491
3.8176,0.8901,3.8256
3.8178,0.9263,3.9812
3.8180,0.9481,4.0731
3.8182,0.9863,4.235
3.8184,1.027,4.4059
3.8186,1.0287,4.4131
3.8188,1.0238,4.4002
3.8190,0.9936,4.2624
3.8192,1.0641,4.5585
3.8194,1.168,5.0039
3.8196,1.1664,5.0014
3.8198,1.1201,4.8074
3.8200,1.027,4.408
3.8202,1.0571,4.5435
3.8204,0.995,4.2785
3.8206,0.9691,4.1613
3.8208,0.9544,4.1076
3.8210,0.9193,3.955
3.8212,0.9141,3.9268
3.8214,0.8932,3.8444
3.8216,0.8286,3.5728
3.8218,0.774,3.3329
3.8220,0.8491,3.6578
3.8222,0.7498,3.2361
3.8224,0.698,3.0111
3.8226,0.7145,3.0825
3.8228,0.6266,2.7071
3.8230,0.5792,2.5008
3.8232,0.6248,2.6968
3.8234,0.6808,2.9331
3.8236,0.7761,3.3417
3.8238,0.7835,3.3784
3.8240,0.7422,3.1961
3.8242,0.8003,3.4444
3.8244,0.8871,3.8127
3.8246,0.9652,4.1424
3.8248,0.9974,4.2889
3.8250,0.9795,4.2081
3.8252,1.0081,4.3307
3.8254,1.0563,4.5336
3.8256,1.045,4.4852
3.8258,1.003,4.3091
3.8260,0.9905,4.255
3.8262,1.0016,4.3009
3.8264,1.0195,4.3756
3.8266,1.0136,4.3585
3.8268,0.9943,4.2715
3.8270,1.0448,4.4821
3.8272,1.1244,4.8056
3.8274,1.2654,5.4185
3.8276,1.2712,5.4406
3.8278,1.2436,5.3225
3.8280,1.2462,5.3338
3.8282,1.2066,5.1741
3.8284,1.1449,4.9208
3.8286,1.0211,4.3889
3.8288,0.918,3.9494
3.8290,0.9029,3.8844
3.8292,0.9331,4.0106
3.8294,0.9894,4.2563
3.8296,1.0222,4.3915
3.8298,1.0623,4.5614
3.8300,1.0324,4.4291
3.8302,1.0932,4.6877
3.8304,1.0749,4.6176
3.8306,1.004,4.3172
3.8308,0.977,4.2031
3.8310,0.9508,4.0902
3.8312,0.8988,3.8686
3.8314,0.8671,3.7318
3.8316,0.9367,4.028
3.8318,0.9548,4.1001
3.8320,0.9864,4.2375
3.8322,0.9806,4.2186
3.8324,0.8732,3.7669
3.8326,0.7775,3.3525
3.8328,0.7655,3.2993
3.8330,0.7415,3.196
3.8332,0.8114,3.4956
3.8334,0.8629,3.7172
3.8336,0.7793,3.3603
3.8338,0.7155,3.0867
3.8340,0.7322,3.1556
3.8342,0.8187,3.5271
3.8344,0.855,3.6797
3.8346,0.8882,3.8209
3.8348,0.8251,3.5611
3.8350,0.7445,3.2104
3.8352,0.7503,3.2337
3.8354,0.7516,3.2409
3.8356,0.7697,3.3143
3.8358,0.8487,3.658
3.8360,0.8598,3.6986
3.8362,0.9089,3.9047
3.8364,0.9571,4.1175
3.8366,0.8875,3.8196
3.8368,0.8165,3.519
3.8370,0.8082,3.4849
3.8372,0.7516,3.2379
3.8374,0.7527,3.2455
3.8376,0.7555,3.2594
3.8378,0.7319,3.1531
3.8380,0.748,3.2239
3.8382,0.7337,3.1638
3.8384,0.7112,3.068
3.8386,0.7183,3.0943
3.8388,0.8562,3.6815
3.8390,0.9528,4.097
3.8392,0.965,4.1574
3.8394,0.8039,3.4647
3.8396,0.769,3.3128
3.8398,0.8517,3.6624
3.8400,0.8553,3.683
3.8402,0.8016,3.4517
3.8404,0.8431,3.6286
3.8406,0.8785,3.7844
3.8408,0.7758,3.3438
3.8410,0.8024,3.4617
3.8412,0.7118,3.0735
3.8414,0.6184,2.6714
3.8416,0.5812,2.512
3.8418,0.5826,2.517
3.8420,0.5955,2.5736
3.8422,0.6127,2.6458
3.8424,0.6341,2.738
3.8426,0.5853,2.5284
3.8428,0.5818,2.5145
3.8430,0.582,2.5121
3.8432,0.6382,2.7505
3.8434,0.7057,3.0428
3.8436,0.7215,3.1082
3.8438,0.8024,3.4569
3.8440,0.8245,3.547
3.8442,0.8407,3.6166
3.8444,0.8034,3.4594
3.8446,0.7431,3.2012
3.8448,0.7861,3.3851
3.8450,0.8562,3.6866
3.8452,0.8428,3.6259
3.8454,0.8394,3.611
3.8456,0.8827,3.7972
3.8458,0.8612,3.7048
3.8460,0.8496,3.6565
3.8462,0.8111,3.4908
3.8464,0.847,3.6507
3.8466,0.8338,3.5889
3.8468,0.8428,3.6259
3.8470,0.8208,3.5326
3.8472,0.7886,3.3975
3.8474,0.8095,3.4841
3.8476,0.8221,3.5383
3.8478,0.8509,3.6622
3.8480,0.8643,3.7217
3.8482,0.8002,3.4439
3.8484,0.7962,3.4268
3.8486,0.8042,3.463
3.8488,0.8416,3.614
3.8490,0.9626,4.1374
3.8492,0.9371,4.0389
3.8494,0.7877,3.3902
3.8496,0.8545,3.6777
3.8498,0.8626,3.7145
3.8500,0.8336,3.5862
3.8502,0.834,3.5877
3.8504,0.8475,3.646
3.8506,0.8178,3.523
3.8508,0.8011,3.4512
3.8510,0.8174,3.5133
3.8512,0.9318,4.0049
3.8514,0.896,3.858
3.8516,0.8656,3.7205
3.8518,0.9462,4.0687
3.8520,0.8619,3.7062
3.8522,0.8997,3.865
3.8524,0.8743,3.7681
3.8526,0.7461,3.2186
3.8528,0.7169,3.0886
3.8530,0.7456,3.2105
3.8532,0.7338,3.1658
3.8534,0.7103,3.063
3.8536,0.6847,2.9565
3.8538,0.5909,2.548
3.8540,0.6828,2.944
3.8542,0.7097,3.066
3.8544,0.6024,2.5988
3.8546,0.6716,2.8946
3.8548,0.751,3.2367
3.8550,0.6998,3.0216
3.8552,0.5771,2.4874
3.8554,0.7194,3.095
3.8556,0.907,3.8946
3.8558,1.0168,4.3662
3.8560,0.9181,3.9516
3.8562,0.8625,3.7053
3.8564,0.9557,4.1036
3.8566,0.9518,4.0947
3.8568,0.8242,3.5508
3.8570,0.8049,3.4661
3.8572,0.8453,3.635
3.8574,0.9308,3.997
3.8576,0.9843,4.2306
3.8578,1.0091,4.3312
3.8580,1.0596,4.5373
3.8582,1.1343,4.8572
3.8584,1.1626,4.9783
3.8586,1.1949,5.1212
3.8588,1.1648,4.9899
3.8590,1.1807,5.0488
3.8592,1.2997,5.56
3.8594,1.286,5.499
3.8596,1.2961,5.5368
3.8598,1.3551,5.7943
3.8600,1.325,5.6735
3.8602,1.1841,5.0821
3.8604,1.1563,4.9558
3.8606,1.215,5.2027
3.8608,1.2021,5.1497
3.8610,1.2259,5.2519
3.8612,1.2255,5.2449
3.8614,1.2767,5.4615
3.8616,1.3005,5.5688
3.8618,1.2828,5.4902
3.8620,1.2927,5.5354
3.8622,1.2596,5.3937
3.8624,1.236,5.2926
3.8626,1.2347,5.2894
3.8628,1.2988,5.559
3.8630,1.3619,5.8235
3.8632,1.3627,5.8326
3.8634,1.2599,5.4048
3.8636,1.1451,4.9194
3.8638,1.097,4.7041
3.8640,1.2071,5.1616
3.8642,1.3533,5.7893
3.8644,1.3759,5.8918
3.8646,1.3385,5.7262
3.8648,1.3486,5.7612
3.8650,1.4287,6.112
3.8652,1.2894,5.5314
3.8654,1.1789,5.0623
3.8656,1.1169,4.7961
3.8658,1.0626,4.5693
3.8660,1.0227,4.3996
3.8662,1.0717,4.5977
3.8664,1.1924,5.1081
3.8666,1.2203,5.2326
3.8668,1.2216,5.231
3.8670,1.2607,5.4084
3.8672,1.256,5.3858
3.8674,1.256,5.3808
3.8676,1.225,5.26
3.8678,1.1547,4.9583
3.8680,1.1263,4.8408
3.8682,1.0524,4.5254
3.8684,1.0783,4.6346
3.8686,1.0846,4.6614
3.8688,1.0832,4.6558
3.8690,1.0389,4.4672
3.8692,1.0148,4.3615
3.8694,1.0222,4.3955
3.8696,1.0782,4.6233
3.8698,1.2294,5.2692
3.8700,1.2252,5.2562
3.8702,1.2203,5.24
3.8704,1.1828,5.0741
3.8706,1.2354,5.2925
3.8708,1.2817,5.4908
3.8710,1.2701,5.4435
3.8712,1.2904,5.5231
3.8714,1.2927,5.5432
3.8716,1.2353,5.3043
3.8718,1.2147,5.2085
3.8720,1.2491,5.3585
3.8722,1.2084,5.1817
3.8724,1.1988,5.1478
3.8726,1.1874,5.0989
3.8728,1.1463,4.9246
3.8730,1.1033,4.7485
3.8732,1.0449,4.495
3.8734,1.1118,4.7695
3.8736,1.1921,5.1166
3.8738,1.1589,4.9717
3.8740,1.1496,4.9316
3.8742,1.2084,5.1817
3.8744,1.2433,5.3338
3.8746,1.2967,5.5627
3.8748,1.2728,5.4553
3.8750,1.2997,5.5704
3.8752,1.2895,5.5241
3.8754,1.2852,5.5057
3.8756,1.3223,5.6649
3.8758,1.3042,5.5978
3.8760,1.257,5.3975
3.8762,1.2538,5.3736
3.8764,1.3141,5.6373
3.8766,1.2773,5.4794
3.8768,1.2888,5.5133
3.8770,1.5064,6.4323
3.8772,1.5422,6.5916
3.8774,1.4184,6.0905
3.8776,1.1838,5.0882
3.8778,1.1859,5.0898
3.8780,1.23,5.2767
3.8782,1.2463,5.3492
3.8784,1.1882,5.0996
3.8786,1.1575,4.9748
3.8788,1.1201,4.8185
3.8790,1.1428,4.9142
3.8792,1.1686,5.0297
3.8794,1.0822,4.6598
3.8796,1.015,4.3707
3.8798,0.9734,4.1934
3.8800,0.965,4.1573
3.8802,0.9581,4.1312
3.8804,0.9768,4.2138
3.8806,0.9316,4.015
3.8808,0.8981,3.8762
3.8810,0.8127,3.5094
3.8812,0.7706,3.3246
3.8814,0.8593,3.7068
3.8816,0.8286,3.5794
3.8818,0.8281,3.5723
3.8820,0.8759,3.7787
3.8822,0.876,3.7775
3.8824,0.9071,3.9132
3.8826,0.9051,3.8954
3.8828,1.0657,4.5741
3.8830,1.0944,4.7081
3.8832,1.0603,4.5637
3.8834,0.9605,4.1473
3.8836,0.81,3.5039
3.8838,0.7067,3.0573
3.8840,0.7009,3.0277
3.8842,0.7475,3.2292
3.8844,0.7398,3.1975
3.8846,0.7252,3.1329
3.8848,0.7239,3.1272
3.8850,0.7101,3.0704
3.8852,0.713,3.0829
3.8854,0.7451,3.2159
3.8856,0.7816,3.3716
3.8858,0.7911,3.4146
3.8860,0.7593,3.28
3.8862,0.7045,3.0447
3.8864,0.7054,3.0502
3.8866,0.6901,2.9825
3.8868,0.6824,2.9493
3.8870,0.7012,3.0307
3.8872,0.7053,3.0483
3.8874,0.6883,2.9733
3.8876,0.6863,2.9637
3.8878,0.7193,3.1075
3.8880,0.7053,3.0497
3.8882,0.6861,2.9667
3.8884,0.7087,3.06
3.8886,0.7191,3.1079
3.8888,0.7012,3.0279
3.8890,0.738,3.1824
3.8892,0.8428,3.6258
3.8894,0.9637,4.1497
3.8896,0.9354,4.0316
3.8898,0.8699,3.7511
3.8900,0.871,3.7471
3.8902,0.932,4.0171
3.8904,0.9066,3.9021
3.8906,0.9877,4.247
3.8908,0.9685,4.1684
3.8910,0.9671,4.1564
3.8912,1.0724,4.6051
3.8914,1.104,4.7449
3.8916,1.0756,4.6185
3.8918,1.104,4.7405
3.8920,1.0944,4.7015
3.8922,1.081,4.646
3.8924,1.0964,4.7081
3.8926,1.1561,4.9668
3.8928,1.1523,4.9411
3.8930,1.2193,5.2285
3.8932,1.2731,5.4589
3.8934,1.2749,5.4615
3.8936,1.3181,5.6575
3.8938,1.1416,4.9068
3.8940,1.0264,4.4197
3.8942,0.9794,4.2134
3.8944,1.0572,4.5503
3.8946,0.9756,4.2027
3.8948,0.9609,4.1359
3.8950,1.0559,4.534
3.8952,1.1037,4.7461
3.8954,1.0741,4.6145
3.8956,1.1342,4.8703
3.8958,1.1199,4.8135
3.8960,1.0888,4.6751
3.8962,1.1431,4.9129
3.8964,1.0832,4.6601
3.8966,1.0564,4.5446
3.8968,1.1042,4.7305
3.8970,1.3418,5.7454
3.8972,1.3293,5.7053
3.8974,1.1503,4.9508
3.8976,0.9575,4.1171
3.8978,1.0759,4.6136
3.8980,1.2639,5.4248
3.8982,1.2776,5.4758
3.8984,1.2777,5.484
3.8986,1.194,5.1344
3.8988,1.124,4.8287
3.8990,1.2299,5.2713
3.8992,1.3298,5.7047
3.8994,1.2131,5.2018
3.8996,1.2511,5.3623
3.8998,1.2937,5.5395
3.9000,1.3372,5.7366
3.9002,1.3448,5.7583
3.9004,1.3779,5.9
3.9006,1.3274,5.6997
3.9008,1.1866,5.0976
3.9010,1.1707,5.0244
3.9012,1.2199,5.2408
3.9014,1.0668,4.5894
3.9016,1.0275,4.4264
3.9018,0.9944,4.2799
3.9020,1.0378,4.475
3.9022,0.8242,3.5558
3.9024,0.8835,3.806
3.9026,0.9531,4.1157
3.9028,0.837,3.6156
3.9030,0.7383,3.1893
3.9032,0.8001,3.455
3.9034,0.7976,3.4425
3.9036,0.8322,3.5932
3.9038,0.8383,3.6197
3.9040,0.7617,3.2903
3.9042,0.6915,2.9887
3.9044,0.6758,2.9235
3.9046,0.7015,3.0331
3.9048,0.7493,3.2355
3.9050,0.7413,3.2038
3.9052,0.735,3.1753
3.9054,0.7627,3.2919
3.9056,0.767,3.306
3.9058,0.8932,3.855
3.9060,0.806,3.4788
3.9062,0.7704,3.3251
3.9064,0.7921,3.4156
3.9066,0.8456,3.6428
3.9068,0.8529,3.6777
3.9070,0.8095,3.4873
3.9072,0.8818,3.7935
3.9074,0.9554,4.116
3.9076,0.9328,4.0239
3.9078,0.8272,3.5687
3.9080,0.8352,3.6029
3.9082,0.8445,3.6432
3.9084,0.8161,3.5222
3.9086,0.8061,3.4744
3.9088,0.8467,3.6491
3.9090,0.8465,3.6537
3.9092,0.8446,3.642
3.9094,0.8688,3.7447
3.9096,0.8722,3.7592
3.9098,0.8511,3.6631
3.9100,0.9548,4.1057
3.9102,0.9924,4.2731
3.9104,0.8968,3.8669
3.9106,0.8607,3.713
3.9108,0.8771,3.7786
3.9110,0.9305,4.0048
3.9112,1.0066,4.3285
3.9114,1.0455,4.4934
3.9116,1.0379,4.4693
3.9118,0.8962,3.8626
3.9120,0.8332,3.5946
3.9122,0.8389,3.6189
3.9124,0.8663,3.7287
3.9126,0.9524,4.0954
3.9128,0.9482,4.0812
3.9130,0.9591,4.13
3.9132,0.981,4.2162
3.9134,1.0655,4.5752
3.9136,1.1274,4.8432
3.9138,1.1017,4.7329
3.9140,1.1195,4.8025
3.9142,1.1639,4.9956
3.9144,1.0945,4.702
3.9146,1.0114,4.3511
3.9148,0.9473,4.0808
3.9150,0.9503,4.0918
3.9152,0.9718,4.1848
3.9154,0.9256,3.9818
3.9156,1.0281,4.4208
3.9158,1.0177,4.3739
3.9160,1.0311,4.4337
3.9162,1.0192,4.3846
3.9164,1.0307,4.4259
3.9166,1.1114,4.7791
3.9168,1.1434,4.9099
3.9170,1.1677,5.0069
3.9172,1.2043,5.1618
3.9174,1.1961,5.1383
3.9176,1.0949,4.7014
3.9178,1.0926,4.6982
3.9180,1.075,4.6288
3.9182,1.0889,4.6713
3.9184,1.1919,5.1179
3.9186,1.1283,4.8473
3.9188,1.01,4.353
3.9190,0.9005,3.8776
3.9192,0.8692,3.748
3.9194,0.8435,3.6357
3.9196,0.8794,3.7902
3.9198,0.867,3.7404
3.9200,0.854,3.6806
3.9202,0.9414,4.0517
3.9204,0.9515,4.0989
3.9206,0.944,4.0631
3.9208,0.957,4.1227
3.9210,0.9017,3.8917
3.9212,0.8349,3.6018
3.9214,0.7895,3.3995
3.9216,0.8717,3.7606
3.9218,0.8337,3.59
3.9220,0.884,3.8063
3.9222,0.9702,4.1698
3.9224,1.0569,4.5445
3.9226,1.0251,4.412
3.9228,1.0001,4.3006
3.9230,1.1009,4.7205
3.9232,1.1993,5.145
3.9234,1.1705,5.0263
3.9236,1.1593,4.9779
3.9238,1.1774,5.0556
3.9240,1.1842,5.0779
3.9242,1.1795,5.0696
3.9244,1.0637,4.5739
3.9246,1.063,4.5729
3.9248,1.0448,4.4862
3.9250,1.0967,4.7069
3.9252,1.132,4.8633
3.9254,1.138,4.8936
3.9256,1.1304,4.8515
3.9258,1.2099,5.1952
3.9260,1.2175,5.2305
3.9262,1.1836,5.0824
3.9264,1.1684,5.003
3.9266,1.343,5.7506
3.9268,1.3732,5.8799
3.9270,1.293,5.552
3.9272,1.1879,5.1033
3.9274,1.2029,5.1629
3.9276,1.2017,5.1601
3.9278,1.1611,4.9949
3.9280,1.1314,4.8607
3.9282,1.1891,5.1061
3.9284,1.19,5.1073
3.9286,1.231,5.2858
3.9288,1.2491,5.3635
3.9290,1.175,5.043
3.9292,1.1642,5.0036
3.9294,1.1418,4.9027
3.9296,1.1517,4.9477
3.9298,1.1508,4.9413
3.9300,1.2097,5.185
3.9302,1.2558,5.3924
3.9304,1.1758,5.0513
3.9306,1.1529,4.9529
3.9308,1.1577,4.9781
3.9310,1.1361,4.8717
3.9312,1.2053,5.1756
3.9314,1.1593,4.9825
3.9316,1.1783,5.0621
3.9318,1.2088,5.1905
3.9320,1.2051,5.1746
3.9322,1.1506,4.9431
3.9324,1.1428,4.9165
3.9326,1.1325,4.8699
3.9328,1.1219,4.8217
3.9330,1.1795,5.0625
3.9332,1.2371,5.317
3.9334,1.1367,4.8856
3.9336,1.1316,4.8612
3.9338,1.1571,4.9756
3.9340,1.143,4.9147
3.9342,1.0836,4.6595
3.9344,1.1043,4.7465
3.9346,1.1347,4.8837
3.9348,1.1084,4.7684
3.9350,1.0161,4.3794
3.9352,0.9739,4.1994
3.9354,0.8681,3.7486
3.9356,0.8644,3.7256
3.9358,0.9522,4.1001
3.9360,0.9545,4.1214
3.9362,0.8474,3.6539
3.9364,0.8856,3.8171
3.9366,0.9007,3.884
3.9368,0.8909,3.8416
3.9370,0.9113,3.9295
3.9372,0.8951,3.8543
3.9374,0.9473,4.0846
3.9376,0.9491,4.0943
3.9378,0.9188,3.9602
3.9380,1.0085,4.3488
3.9382,0.8991,3.875
3.9384,0.965,4.1457
3.9386,1.1793,5.045
3.9388,1.4273,6.1229
3.9390,1.3179,5.6617
3.9392,1.1361,4.8944
3.9394,0.9814,4.2359
3.9396,0.8735,3.7701
3.9398,0.851,3.6677
3.9400,0.8932,3.8496
3.9402,0.8891,3.8374
3.9404,0.8648,3.7289
3.9406,0.9264,3.9835
3.9408,0.9998,4.3091
3.9410,0.8506,3.673
3.9412,0.7491,3.2314
3.9414,0.8238,3.5537
3.9416,0.838,3.6186
3.9418,0.8057,3.4692
3.9420,0.9693,4.1701
3.9422,1.003,4.323
3.9424,0.895,3.861
3.9426,0.7676,3.3147
3.9428,0.7991,3.4488
3.9430,0.8244,3.5612
3.9432,0.7893,3.4068
3.9434,0.7921,3.4187
3.9436,0.8145,3.5155
3.9438,0.847,3.6507
3.9440,0.8714,3.7556
3.9442,0.8262,3.5624
3.9444,0.8156,3.5202
3.9446,0.7971,3.4437
3.9448,0.7957,3.4343
3.9450,0.8233,3.55
3.9452,0.8589,3.695
3.9454,0.9977,4.2883
3.9456,1.0565,4.5387
3.9458,1.0129,4.3614
3.9460,0.9059,3.9044
3.9462,0.8898,3.8352
3.9464,0.9276,3.9943
3.9466,0.9747,4.1972
3.9468,0.9692,4.1734
3.9470,0.9227,3.9786
3.9472,0.8268,3.5683
3.9474,0.772,3.3333
3.9476,0.7882,3.4017
3.9478,0.8826,3.8006
3.9480,0.9501,4.0894
3.9482,0.978,4.2072
3.9484,1.0137,4.3629
3.9486,0.9975,4.2933
3.9488,0.8981,3.8708
3.9490,0.8132,3.5114
3.9492,0.7661,3.3095
3.9494,0.7383,3.1908
3.9496,0.717,3.0976
3.9498,0.7407,3.1938
3.9500,0.8178,3.5262
3.9502,0.8378,3.6176
3.9504,0.7515,3.2448
3.9506,0.7742,3.3401
3.9508,0.7772,3.3577
3.9510,0.7498,3.2346
3.9512,0.834,3.5943
3.9514,0.8697,3.7501
3.9516,0.8294,3.573
3.9518,0.801,3.4474
3.9520,0.8638,3.7248
3.9522,0.6907,2.9823
3.9524,0.7269,3.1401
3.9526,0.7223,3.1204
3.9528,0.6812,2.9428
3.9530,0.679,2.9348
3.9532,0.6658,2.8725
3.9534,0.7276,3.1418
3.9536,0.6834,2.9521
3.9538,0.747,3.2212
3.9540,0.8377,3.6171
3.9542,0.7035,3.0391
3.9544,0.6736,2.9142
3.9546,0.5988,2.5857
3.9548,0.6198,2.68
3.9550,0.6163,2.6637
3.9552,0.6631,2.8592
3.9554,0.7569,3.2651
3.9556,0.8033,3.4653
3.9558,0.8437,3.6278
3.9560,0.9009,3.8737
3.9562,1.023,4.3971
3.9564,1.0174,4.3749
3.9566,0.9806,4.2107
3.9568,1.0647,4.5674
3.9570,1.121,4.8159
3.9572,1.1133,4.7762
3.9574,1.1811,5.0669
3.9576,1.1946,5.1178
3.9578,1.269,5.4338
3.9580,1.2793,5.4779
3.9582,1.2789,5.4764
3.9584,1.2749,5.4615
3.9586,1.2901,5.5319
3.9588,1.2913,5.5293
3.9590,1.3014,5.575
3.9592,1.3643,5.831
3.9594,1.4207,6.0776
3.9596,1.4092,6.0453
3.9598,1.19,5.1097
3.9600,1.2301,5.2699
3.9602,1.2814,5.4923
3.9604,1.297,5.5513
3.9606,1.3433,5.7575
3.9608,1.3148,5.6246
3.9610,1.3563,5.7886
3.9612,1.3822,5.9185
3.9614,1.2511,5.3723
3.9616,1.1972,5.1406
3.9618,1.1974,5.1272
3.9620,1.3295,5.6984
3.9622,1.2855,5.52
3.9624,1.1707,5.0291
3.9626,1.134,4.8715
3.9628,1.1661,5.0096
3.9630,1.0832,4.6644
3.9632,1.0527,4.5307
3.9634,1.0023,4.3139
3.9636,0.9835,4.2368
3.9638,0.9389,4.0372
3.9640,1.0125,4.3578
3.9642,0.9534,4.1091
3.9644,0.9212,3.9724
3.9646,1.032,4.4357
3.9648,1.0651,4.5694
3.9650,1.093,4.7041
3.9652,1.104,4.7339
3.9654,1.1627,4.9998
3.9656,1.0648,4.5743
3.9658,1.1064,4.7641
3.9660,0.9976,4.2938
3.9662,1.0067,4.337
3.9664,0.8987,3.8716
3.9666,0.9117,3.9238
3.9668,0.9354,4.0297
3.9670,0.9075,3.9075
3.9672,0.888,3.831
3.9674,0.8577,3.7018
3.9676,0.8565,3.6932
3.9678,0.8187,3.5353
3.9680,0.7714,3.3307
3.9682,0.7264,3.1351
3.9684,0.7686,3.3204
3.9686,0.7691,3.3178
3.9688,0.8254,3.5643
3.9690,0.7652,3.3089
3.9692,0.6426,2.776
3.9694,0.6467,2.7949
3.9696,0.7065,3.0492
3.9698,0.7294,3.151
3.9700,0.6244,2.7022
3.9702,0.5777,2.4992
3.9704,0.5854,2.5336
3.9706,0.5946,2.5688
3.9708,0.6943,2.9964
3.9710,0.778,3.3499
3.9712,0.859,3.7058
3.9714,0.7531,3.2505
3.9716,0.7793,3.3618
3.9718,0.7579,3.2697
3.9720,0.8101,3.4899
3.9722,0.831,3.5814
3.9724,0.7976,3.4441
3.9726,0.7736,3.3421
3.9728,0.6575,2.8428
3.9730,0.6486,2.8019
3.9732,0.6563,2.8363
3.9734,0.6402,2.7682
3.9736,0.6415,2.7662
3.9738,0.7072,3.0566
3.9740,0.6552,2.8303
3.9742,0.6393,2.7632
3.9744,0.6084,2.6283
3.9746,0.6234,2.6956
3.9748,0.5923,2.5601
3.9750,0.595,2.5691
3.9752,0.6313,2.7285
3.9754,0.6094,2.6361
3.9756,0.5889,2.5451
3.9758,0.6417,2.7685
3.9760,0.7397,3.1926
3.9762,0.7434,3.2056
3.9764,0.7446,3.2123
3.9766,0.766,3.2998
3.9768,0.8083,3.4821
3.9770,0.8287,3.5683
3.9772,0.8281,3.569
3.9774,0.8075,3.4834
3.9776,0.7411,3.1973
3.9778,0.7358,3.1696
3.9780,0.8168,3.5188
3.9782,0.791,3.4077
3.9784,0.7646,3.2956
3.9786,0.7663,3.3044
3.9788,0.8392,3.6154
3.9790,0.8426,3.6282
3.9792,0.8732,3.7564
3.9794,0.9494,4.0844
3.9796,1.0179,4.3627
3.9798,1.1691,5.0037
3.9800,1.2787,5.4881
3.9802,1.1102,4.7695
3.9804,1.0794,4.6306
3.9806,1.1392,4.8851
3.9808,1.1425,4.8967
3.9810,1.1376,4.887
3.9812,0.998,4.2953
3.9814,0.8663,3.727
3.9816,0.9428,4.0579
3.9818,0.9343,4.0176
3.9820,1.0076,4.3346
3.9822,0.9269,3.993
3.9824,0.9052,3.8959
3.9826,0.8438,3.635
3.9828,0.8115,3.4961
3.9830,0.8873,3.8119
3.9832,0.907,3.9109
3.9834,0.8792,3.7839
3.9836,0.9228,3.9681
3.9838,0.9903,4.2623
3.9840,0.9218,3.9732
3.9842,0.8597,3.702
3.9844,0.8031,3.4679
3.9846,0.6446,2.7861
3.9848,0.5799,2.5074
3.9850,0.6003,2.5955
3.9852,0.5953,2.5742
3.9854,0.5483,2.3721
3.9856,0.5475,2.3652
3.9858,0.591,2.5544
3.9860,0.6035,2.6071
3.9862,0.5503,2.3782
3.9864,0.5644,2.4416
3.9866,0.5703,2.4659
3.9868,0.541,2.3394
3.9870,0.5521,2.3827
3.9872,0.6242,2.6992
3.9874,0.5558,2.402
3.9876,0.5373,2.3222
3.9878,0.5639,2.4373
3.9880,0.5739,2.4814
3.9882,0.5784,2.5011
3.9884,0.5946,2.5652
3.9886,0.692,2.9852
3.9888,0.6878,2.9657
3.9890,0.7555,3.2488
3.9892,0.9051,3.8918
3.9894,0.8579,3.6926
3.9896,0.8667,3.7268
3.9898,0.9673,4.1555
3.9900,1.0366,4.4491
3.9902,1.0241,4.4017
3.9904,1.0013,4.2998
3.9906,1.1052,4.7324
3.9908,1.2179,5.2199
3.9910,1.1611,4.9833
3.9912,1.094,4.6912
3.9914,1.1871,5.0831
3.9916,1.2621,5.407
3.9918,1.2606,5.3978
3.9920,1.2558,5.3798
3.9922,1.2554,5.3732
3.9924,1.2385,5.3034
3.9926,1.2747,5.4482
3.9928,1.3662,5.8447
3.9930,1.2685,5.4368
3.9932,1.1245,4.8263
3.9934,1.1109,4.7682
3.9936,1.0567,4.5355
3.9938,1.0868,4.656
3.9940,1.1496,4.9316
3.9942,1.1484,4.9241
3.9944,1.1787,5.0566
3.9946,1.1421,4.9065
3.9948,1.1003,4.7224
3.9950,1.0962,4.7027
3.9952,1.1103,4.7611
3.9954,1.1392,4.8851
3.9956,1.1955,5.1214
3.9958,1.2814,5.4846
3.9960,1.2566,5.3834
3.9962,1.298,5.5554
3.9964,1.3253,5.6777
3.9966,1.2129,5.2056
3.9968,1.0846,4.6593
3.9970,1.1109,4.7726
3.9972,1.1639,4.9956
3.9974,1.1825,5.0707
3.9976,1.228,5.2729
3.9978,1.1461,4.9212
3.9980,1.0874,4.6716
3.9982,1.0076,4.3306
3.9984,1.0166,4.3692
3.9986,1.0711,4.5994
3.9988,1.0789,4.6286
3.9990,1.1343,4.873
3.9992,1.096,4.706
3.9994,1.0992,4.7155
3.9996,1.1295,4.8434
3.9998,1.1466,4.921
4.0000,1.1542,4.9563
4.0002,1.1747,5.0396
4.0004,1.1446,4.9128
4.0006,1.1571,4.964
4.0008,1.1807,5.0724
4.0010,1.0825,4.6483
4.0012,1.1101,4.7712
4.0014,1.0657,4.5848
4.0016,1.0504,4.5083
4.0018,1.1481,4.9047
4.0020,1.294,5.567
4.0022,1.0141,4.3665
4.0024,1.0078,4.3336
4.0026,1.0774,4.6284
4.0028,1.1969,5.1443
4.0030,1.1195,4.8137
4.0032,1.1174,4.787
4.0034,1.2481,5.3469
4.0036,1.2294,5.2742
4.0038,1.1867,5.0863
4.0040,1.3026,5.5827
4.0042,1.2787,5.4933
4.0044,1.1635,4.9982
4.0046,1.1699,5.0143
4.0048,1.2412,5.3196
4.0050,1.1663,5.0083
4.0052,1.184,5.0792
4.0054,1.2239,5.2627
4.0056,1.0786,4.64
4.0058,1.0412,4.479
4.0060,1.0583,4.5507
4.0062,1.1142,4.7954
4.0064,1.1041,4.7432
4.0066,1.0364,4.4563
4.0068,1.0103,4.3525
4.0070,0.8959,3.8669
4.0072,0.7856,3.3876
4.0074,0.8241,3.5553
4.0076,0.8431,3.6387
4.0078,0.8252,3.555
4.0080,0.8589,3.707
4.0082,0.8012,3.4565
4.0084,0.8004,3.4512
4.0086,0.8953,3.8572
4.0088,0.9546,4.1104
4.0090,1.0123,4.3608
4.0092,0.8817,3.8036
4.0094,0.7788,3.3613
4.0096,0.7922,3.4177
4.0098,0.8118,3.502
4.0100,0.7843,3.3835
4.0102,0.7753,3.3447
4.0104,0.8065,3.4792
4.0106,0.8687,3.7442
4.0108,0.8814,3.8008
4.0110,0.8435,3.6374
4.0112,0.8385,3.6173
4.0114,0.8164,3.5189
4.0116,0.8343,3.5909
4.0118,0.9856,4.2363
4.0120,1.1368,4.877
4.0122,1.1898,5.1115
4.0124,1.0794,4.6436
4.0126,1.0181,4.38
4.0128,1.0102,4.346
4.0130,0.9879,4.248
4.0132,1.0989,4.7167
4.0134,1.2551,5.3792
4.0136,1.2163,5.2181
4.0138,1.1036,4.7478
4.0140,1.0208,4.3914
4.0142,1.0395,4.4718
4.0144,1.0111,4.3475
4.0146,0.9618,4.1453
4.0148,0.8963,3.8649
4.0150,0.8842,3.802
4.0152,1.0022,4.3074
4.0154,1.0571,4.5498
4.0156,0.9326,4.0178
4.0158,0.8687,3.739
4.0160,0.9753,4.1919
4.0162,1.0771,4.6316
4.0164,1.0326,4.4424
4.0166,1.0644,4.5727
4.0168,1.1109,4.777
4.0170,1.0653,4.5849
4.0172,1.0175,4.3795
4.0174,0.9741,4.1887
4.0176,0.9402,4.0485
4.0178,0.9143,3.9406
4.0180,0.9412,4.0507
4.0182,1.0061,4.3284
4.0184,1.0035,4.3211
4.0186,0.9626,4.1392
4.0188,0.9919,4.2631
4.0190,0.9986,4.2979
4.0192,0.9632,4.1515
4.0194,0.8884,3.829
4.0196,0.9155,3.9458
4.0198,0.8844,3.8155
4.0200,0.8114,3.5021
4.0202,0.8039,3.463
4.0204,0.9119,3.9284
4.0206,0.9248,3.9824
4.0208,0.9175,3.9435
4.0210,1.0009,4.3177
4.0212,0.8332,3.5812
4.0214,0.8915,3.8567
4.0216,0.6624,2.8575
4.0218,0.7679,3.3127
4.0220,0.8541,3.6812
4.0222,0.9232,3.9733
4.0224,1.053,4.5238
4.0226,1.1199,4.8157
4.0228,1.0848,4.6581
4.0230,1.1431,4.9129
4.0232,1.0736,4.6124
4.0234,1.0853,4.6667
4.0236,1.0156,4.3631
4.0238,1.1332,4.8684
4.0240,1.1386,4.8939
4.0242,1.1181,4.8013
4.0244,1.142,4.9037
4.0246,1.1523,4.9503
4.0248,1.0501,4.5177
4.0250,1.0151,4.3651
4.0252,1.101,4.7254
4.0254,1.1312,4.8642
4.0256,1.0482,4.5074
4.0258,1.0952,4.7007
4.0260,1.1829,5.0817
4.0262,1.0577,4.5545
4.0264,0.9178,3.9464
4.0266,0.9618,4.1318
4.0268,1.1065,4.758
4.0270,1.1011,4.7348
4.0272,1.106,4.7493
4.0274,1.1293,4.8537
4.0276,1.1089,4.7638
4.0278,1.1575,4.9655
4.0280,1.1674,5.0199
4.0282,1.0191,4.3841
4.0284,1.0601,4.5563
4.0286,1.1647,5.008
4.0288,1.1384,4.8883
4.0290,1.1853,5.0825
4.0292,1.1787,5.0566
4.0294,1.1087,4.7672
4.0296,1.11,4.7774
4.0298,1.0611,4.5626
4.0300,1.0493,4.5078
4.0302,1.1077,4.7631
4.0304,1.0964,4.7081
4.0306,1.1106,4.7644
4.0308,1.1324,4.8716
4.0310,1.045,4.4997
4.0312,0.9047,3.9011
4.0314,0.8601,3.7122
4.0316,0.8825,3.8072
4.0318,0.9051,3.8936
4.0320,0.9854,4.2392
4.0322,1.013,4.3578
4.0324,1.0485,4.5189
4.0326,0.9145,3.9435
4.0328,0.9233,3.9775
4.0330,0.9101,3.9207
4.0332,0.8819,3.8028
4.0334,0.916,3.9442
4.0336,0.9523,4.0987
4.0338,1.012,4.3476
4.0340,1.0466,4.4981
4.0342,0.9659,4.1648
4.0344,0.8913,3.8396
4.0346,0.8888,3.8341
4.0348,0.8364,3.6013
4.0350,0.9421,4.0548
4.0352,0.9967,4.2937
4.0354,1.0072,4.3371
4.0356,1.0125,4.3537
4.0358,1.0563,4.5398
4.0360,1.074,4.6204
4.0362,1.0173,4.3784
4.0364,1.0766,4.6296
4.0366,1.0824,4.6587
4.0368,0.9949,4.2879
4.0370,0.9167,3.9473
4.0372,0.904,3.9034
4.0374,0.8311,3.5853
4.0376,0.8608,3.7084
4.0378,0.9072,3.9083
4.0380,0.8776,3.7772
4.0382,0.9573,4.1146
4.0384,1.0513,4.5355
4.0386,0.8133,3.512
4.0388,0.7354,3.1769
4.0390,0.7383,3.1908
4.0392,0.7239,3.1257
4.0394,0.6991,3.0171
4.0396,0.7287,3.1479
4.0398,0.7214,3.1163
4.0400,0.6928,2.993
4.0402,0.6958,3.0059
4.0404,0.7455,3.2174
4.0406,0.8088,3.4955
4.0408,0.6841,2.9566
4.0410,0.7268,3.141
4.0412,0.7076,3.0581
4.0414,0.6693,2.8901
4.0416,0.6726,2.9028
4.0418,0.7328,3.1655
4.0420,0.7122,3.0769
4.0422,0.7027,3.0341
4.0424,0.7055,3.0465
4.0426,0.7632,3.2955
4.0428,0.7716,3.3287
4.0430,0.7664,3.3049
4.0432,0.9108,3.9256
4.0434,0.7933,3.4223
4.0436,0.7114,3.0719
4.0438,0.7039,3.0392
4.0440,0.7298,3.1525
4.0442,0.723,3.1192
4.0444,0.725,3.1275
4.0446,0.8029,3.4605
4.0448,0.7686,3.3112
4.0450,0.8371,3.6061
4.0452,0.8509,3.6638
4.0454,0.8626,3.7161
4.0456,0.8564,3.691
4.0458,0.8692,3.7428
4.0460,0.866,3.7289
4.0462,0.8437,3.6295
4.0464,1.0129,4.3472
4.0466,1.1404,4.8948
4.0468,1.1223,4.8148
4.0470,1.0497,4.522
4.0472,0.8531,3.6804
4.0474,0.8224,3.5431
4.0476,0.8096,3.4894
4.0478,0.7681,3.3168
4.0480,0.7914,3.4093
4.0482,0.8679,3.7423
4.0484,0.8272,3.5671
4.0486,0.8263,3.5547
4.0488,0.9063,3.9024
4.0490,0.8577,3.6898
4.0492,0.9168,3.9404
4.0494,0.9553,4.1116
4.0496,0.9016,3.884
4.0498,0.8601,3.7053
4.0500,0.8157,3.5142
4.0502,0.915,3.9382
4.0504,0.9418,4.0533
4.0506,0.9101,3.9243
4.0508,0.7901,3.4052
4.0510,0.7383,3.1878
4.0512,0.6543,2.8267
4.0514,0.6534,2.8173
4.0516,0.7733,3.3344
4.0518,0.7889,3.4032
4.0520,0.7657,3.3049
4.0522,0.7017,3.0299
4.0524,0.6432,2.7785
4.0526,0.619,2.6739
4.0528,0.6146,2.6528
4.0530,0.6428,2.777
4.0532,0.6178,2.6712
4.0534,0.6039,2.6098
4.0536,0.6513,2.8099
4.0538,0.6299,2.7223
4.0540,0.6073,2.6225
4.0542,0.6708,2.8896
4.0544,0.7967,3.4352
4.0546,0.804,3.4651
4.0548,0.9072,3.8974
4.0550,1.0007,4.2952
4.0552,1.0451,4.5002
4.0554,0.8868,3.8152
4.0556,0.8992,3.8593
4.0558,0.9971,4.2877
4.0560,1.0337,4.4429
4.0562,1.05,4.5088
4.0564,1.0766,4.6188
4.0566,1.0711,4.5973
4.0568,1.0762,4.6168
4.0570,1.0782,4.6212
4.0572,1.1564,4.9632
4.0574,1.1129,4.7742
4.0576,1.1474,4.92
4.0578,1.1981,5.1327
4.0580,1.2054,5.1737
4.0582,1.151,4.94
4.0584,1.1533,4.9383
4.0586,1.282,5.4846
4.0588,1.3299,5.6973
4.0590,1.2485,5.346
4.0592,1.334,5.704
4.0594,1.3602,5.8191
4.0596,1.3071,5.6101
4.0598,1.1793,5.0568
4.0600,1.1715,5.0281
4.0602,1.1571,4.964
4.0604,1.166,5.0044
4.0606,1.1299,4.8495
4.0608,1.1543,4.9591
4.0610,1.0853,4.6645
4.0612,1.0467,4.4923
4.0614,1.1352,4.8653
4.0616,1.2073,5.1819
4.0618,1.0782,4.6341
4.0620,1.0052,4.3223
4.0622,1.1129,4.7831
4.0624,1.0754,4.6244
4.0626,1.0324,4.4414
4.0628,0.9962,4.2856
4.0630,1.0035,4.295
4.0632,1.0585,4.5538
4.0634,0.9896,4.2572
4.0636,0.9663,4.1591
4.0638,0.9997,4.2946
4.0640,1.0376,4.4636
4.0642,1.0198,4.375
4.0644,1.0764,4.6264
4.0646,1.0318,4.4409
4.0648,0.9427,4.0612
4.0650,0.8685,3.7397
4.0652,0.9277,3.9929
4.0654,0.9709,4.1806
4.0656,0.9298,3.9998
4.0658,0.9566,4.1096
4.0660,1.0157,4.3738
4.0662,0.9659,4.159
4.0664,0.922,3.9681
4.0666,0.9916,4.2601
4.0668,1.087,4.6761
4.0670,0.973,4.1958
4.0672,0.819,3.5281
4.0674,0.8293,3.5742
4.0676,0.8072,3.4839
4.0678,0.7895,3.401
4.0680,0.9476,4.0786
4.0682,0.9758,4.2038
4.0684,0.8566,3.692
4.0686,0.8083,3.4854
4.0688,0.7474,3.2272
4.0690,0.7143,3.0829
4.0692,0.7622,3.2883
4.0694,0.827,3.5611
4.0696,0.8681,3.7434
4.0698,0.8245,3.5568
4.0700,0.8263,3.5629
4.0702,0.7927,3.4134
4.0704,0.8637,3.7225
4.0706,0.7765,3.3546
4.0708,0.7381,3.1859
4.0710,0.7503,3.2366
4.0712,0.7826,3.3716
4.0714,0.8587,3.6991
4.0716,0.8927,3.8422
4.0718,0.9063,3.9024
4.0720,0.8378,3.6142
4.0722,0.7957,3.4311
4.0724,0.8152,3.5154
4.0726,0.7812,3.3701
4.0728,0.7805,3.3654
4.0730,0.8099,3.4905
4.0732,0.7998,3.4503
4.0734,0.7849,3.3861
4.0736,0.7908,3.4099
4.0738,0.7905,3.4073
4.0740,0.7753,3.3478
4.0742,0.7639,3.2941
4.0744,0.7932,3.4155
4.0746,0.8608,3.7067
4.0748,0.857,3.6936
4.0750,0.8459,3.646
4.0752,0.8123,3.5024
4.0754,0.8191,3.527
4.0756,0.831,3.5814
4.0758,0.8529,3.676
4.0760,0.8804,3.7908
4.0762,0.8956,3.8528
4.0764,0.886,3.808
4.0766,0.9159,3.9418
4.0768,0.8536,3.6774
4.0770,0.8125,3.5018
4.0772,0.8534,3.6747
4.0774,0.8982,3.8678
4.0776,0.8805,3.7861
4.0778,0.9588,4.1189
4.0780,1.0105,4.347
4.0782,0.9082,3.9106
4.0784,0.8548,3.6808
4.0786,0.884,3.8081
4.0788,0.8835,3.8078
4.0790,0.8795,3.7784
4.0792,1.0314,4.429
4.0794,1.0636,4.5713
4.0796,1.0053,4.3168
4.0798,1.0667,4.5804
4.0800,1.0806,4.6488
4.0802,1.0446,4.4856
4.0804,1.0876,4.67
4.0806,1.0081,4.3347
4.0808,0.9605,4.1338
4.0810,1.0049,4.3132
4.0812,1.0185,4.3877
4.0814,0.8673,3.7363
4.0816,0.8597,3.7037
4.0818,0.8679,3.7406
4.0820,0.8818,3.7953
4.0822,0.8923,3.8353
4.0824,0.9362,4.0258
4.0826,0.9838,4.2285
4.0828,0.9932,4.2767
4.0830,0.9413,4.0494
4.0832,0.9194,3.9665
4.0834,0.7527,3.25
4.0836,0.7379,3.1804
4.0838,0.7609,3.2811
4.0840,0.7628,3.2925
4.0842,0.7762,3.3437
4.0844,0.842,3.6121
4.0846,1.0999,4.701
4.0848,1.2848,5.5221
4.0850,1.007,4.3361
4.0852,0.8434,3.6335
4.0854,0.7913,3.4135
4.0856,0.7468,3.2201
4.0858,0.719,3.103
4.0860,0.738,3.1868
4.0862,0.6909,2.9833
4.0864,0.6711,2.8979
4.0866,0.6812,2.9414
4.0868,0.7043,3.0399
4.0870,0.6893,2.9752
4.0872,0.6661,2.8775
4.0874,0.6441,2.784
4.0876,0.6216,2.6816
4.0878,0.7336,3.1603
4.0880,0.8276,3.567
4.0882,0.8262,3.5608
4.0884,0.8199,3.5273
4.0886,0.8865,3.8154
4.0888,0.886,3.8098
4.0890,0.9359,4.0243
4.0892,0.9424,4.0502
4.0894,1.0137,4.3609
4.0896,1.0138,4.3574
4.0898,1.0199,4.3816
4.0900,1.0094,4.3363
4.0902,1.0492,4.5094
4.0904,0.9949,4.272
4.0906,0.9823,4.2199
4.0908,0.9788,4.2069
4.0910,0.9765,4.1971
4.0912,1.0695,4.5858
4.0914,1.1674,5.0012
4.0916,1.1781,5.0564
4.0918,1.1155,4.7833
4.0920,1.1299,4.8472
4.0922,1.0918,4.6858
4.0924,1.089,4.6805
4.0926,0.9983,4.2929
4.0928,1.0121,4.3542
4.0930,0.9599,4.1293
4.0932,0.9963,4.2801
4.0934,1.0495,4.511
4.0936,1.0063,4.3209
4.0938,1.0728,4.6045
4.0940,1.1583,4.9738
4.0942,1.1246,4.8223
4.0944,1.1954,5.1281
4.0946,1.1467,4.9192
4.0948,1.1312,4.8642
4.0950,0.9957,4.2835
4.0952,0.9252,3.9802
4.0954,0.9444,4.0647
4.0956,0.9524,4.0973
4.0958,0.9596,4.1264
4.0960,1.0097,4.3378
4.0962,1.0719,4.6047
4.0964,1.0746,4.6101
4.0966,1.0989,4.7167
4.0968,1.1125,4.7771
4.0970,1.127,4.8349
4.0972,1.1546,4.9532
4.0974,1.1523,4.9457
4.0976,1.0982,4.718
4.0978,1.0674,4.5856
4.0980,1.0282,4.4233
4.0982,0.9308,4.0082
4.0984,0.901,3.8814
4.0986,0.9486,4.0808
4.0988,0.9988,4.295
4.0990,0.9904,4.2569
4.0992,0.9975,4.2833
4.0994,1.1172,4.7949
4.0996,1.1035,4.7473
4.0998,0.9534,4.1034
4.1000,0.9589,4.1252
4.1002,0.979,4.2138
4.1004,0.9958,4.288
4.1006,0.9699,4.1629
4.1008,1.0882,4.6726
4.1010,1.0853,4.6645
4.1012,1.1239,4.8237
4.1014,1.1675,5.0134
4.1016,1.0972,4.7177
4.1018,0.9728,4.1909
4.1020,0.9234,3.9762
4.1022,0.9109,3.9207
4.1024,0.9288,3.992
4.1026,1.0139,4.3578
4.1028,1.0464,4.4996
4.1030,1.0307,4.432
4.1032,1.0234,4.4026
4.1034,0.9896,4.2591
4.1036,0.9481,4.0806
4.1038,0.9106,3.9209
4.1040,0.8935,3.8386
4.1042,1.0461,4.5001
4.1044,0.9127,3.9338
4.1046,0.897,3.8661
4.1048,1.0688,4.6045
4.1050,0.8688,3.7481
4.1052,0.7984,3.4461
4.1054,0.7739,3.34
4.1056,0.7413,3.1963
4.1058,0.7397,3.191
4.1060,0.7278,3.1413
4.1062,0.7552,3.2623
4.1064,0.7175,3.0996
4.1066,0.6415,2.7725
4.1068,0.585,2.5296
4.1070,0.552,2.3859
4.1072,0.597,2.5826
4.1074,0.61,2.6314
4.1076,0.7134,3.082
4.1078,0.654,2.8277
4.1080,0.5971,2.5808
4.1082,0.5896,2.5493
4.1084,0.583,2.5208
4.1086,0.5863,2.533
4.1088,0.5919,2.5556
4.1090,0.5925,2.5594
4.1092,0.5907,2.554
4.1094,0.592,2.5597
4.1096,0.6037,2.6081
4.1098,0.6041,2.6096
4.1100,0.5981,2.5849
4.1102,0.593,2.5643
4.1104,0.5933,2.5559
4.1106,0.813,3.5006
4.1108,0.7916,3.4134
4.1110,0.7115,3.0723
4.1112,0.7212,3.1114
4.1114,0.715,3.083
4.1116,0.7314,3.1524
4.1118,0.7765,3.3452
4.1120,0.8275,3.5581
4.1122,0.9185,3.9421
4.1124,1.0011,4.3007
4.1126,0.983,4.219
4.1128,1.0089,4.3442
4.1130,0.8602,3.7092
4.1132,0.767,3.312
4.1134,0.6916,2.9822
4.1136,0.7285,3.14
4.1138,0.7072,3.0523
4.1140,0.6877,2.9679
4.1142,0.7704,3.3265
4.1144,0.7022,3.0291
4.1146,0.6673,2.8786
4.1148,0.714,3.0761
4.1150,0.7826,3.37
4.1152,0.8001,3.4485
4.1154,0.7592,3.2738
4.1156,0.7757,3.3447
4.1158,0.8019,3.4579
4.1160,0.7431,3.2025
4.1162,0.8329,3.5896
4.1164,0.8002,3.4491
4.1166,0.7624,3.2812
4.1168,0.8411,3.6236
4.1170,0.7385,3.1888
4.1172,0.6748,2.9139
4.1174,0.6733,2.9058
4.1176,0.6759,2.9145
4.1178,0.6978,3.0119
4.1180,0.6743,2.9078
4.1182,0.729,3.1421
4.1184,0.7656,3.2921
4.1186,0.8134,3.4994
4.1188,0.7823,3.37
4.1190,0.8127,3.5061
4.1192,0.7109,3.0683
4.1194,0.6736,2.9033
4.1196,0.7137,3.0759
4.1198,0.6987,3.0113
4.1200,0.7043,3.0384
4.1202,0.6561,2.8305
4.1204,0.6499,2.801
4.1206,0.6719,2.9028
4.1208,0.6282,2.7112
4.1210,0.6757,2.9121
4.1212,0.7115,3.0681
4.1214,0.7108,3.0593
4.1216,0.7378,3.1798
4.1218,0.7005,3.0205
4.1220,0.7363,3.1692
4.1222,0.8285,3.5644
4.1224,0.8856,3.8082
4.1226,0.8747,3.7647
4.1228,0.8691,3.737
4.1230,0.9054,3.8914
4.1232,0.9625,4.1271
4.1234,1.0805,4.6287
4.1236,1.1404,4.8878
4.1238,1.1309,4.8517
4.1240,1.1233,4.8166
4.1242,1.1233,4.8143
4.1244,1.1392,4.8804
4.1246,1.2025,5.1492
4.1248,1.2125,5.1943
4.1250,1.2272,5.255
4.1252,1.2567,5.3863
4.1254,1.1811,5.0691
4.1256,1.1321,4.8546
4.1258,1.1154,4.7893
4.1260,1.0312,4.43
4.1262,1.0349,4.4376
4.1264,1.1874,5.0869
4.1266,1.138,4.8844
4.1268,1.1038,4.7421
4.1270,1.0859,4.6649
4.1272,1.0246,4.3996
4.1274,1.0795,4.6246
4.1276,1.2619,5.4059
4.1278,1.1542,4.9538
4.1280,1.1409,4.9013
4.1282,1.001,4.3062
4.1284,0.9678,4.1613
4.1286,0.9993,4.2949
4.1288,1.0222,4.3913
4.1290,0.9731,4.1865
4.1292,0.9258,3.9827
4.1294,0.8873,3.8154
4.1296,0.932,4.0096
4.1298,0.9462,4.0742
4.1300,0.9235,3.9766
4.1302,0.8649,3.7207
4.1304,0.9444,4.0608
4.1306,0.9877,4.2469
4.1308,0.9889,4.2481
4.1310,1.0272,4.413
4.1312,0.989,4.2566
4.1314,0.9847,4.2281
4.1316,1.0537,4.5184
4.1318,1.098,4.7191
4.1320,1.0417,4.4753
4.1322,1.0375,4.4614
4.1324,0.9407,4.0448
4.1326,0.9512,4.0978
4.1328,0.8724,3.7602
4.1330,0.824,3.553
4.1332,0.7819,3.37
4.1334,0.7914,3.414
4.1336,0.7337,3.1681
4.1338,0.7251,3.1294
4.1340,0.7501,3.2345
4.1342,0.7452,3.2119
4.1344,0.7474,3.2271
4.1346,0.6993,3.0195
4.1348,0.7012,3.0264
4.1350,0.6996,3.0141
4.1352,0.7594,3.2789
4.1354,0.6995,3.015
4.1356,0.7857,3.3865
4.1358,0.8277,3.5641
4.1360,0.8052,3.4686
4.1362,0.8086,3.4885
4.1364,0.7691,3.3147
4.1366,0.81,3.4861
4.1368,0.8654,3.7228
4.1370,0.9331,4.0179
4.1372,0.8185,3.5243
4.1374,0.8271,3.5549
4.1376,0.9404,4.0494
4.1378,0.9012,3.877
4.1380,0.9662,4.1527
4.1382,0.9357,4.0255
4.1384,0.9076,3.9025
4.1386,0.9345,4.0166
4.1388,0.902,3.8878
4.1390,0.7752,3.3472
4.1392,0.6951,3
4.1394,0.6849,2.956
4.1396,0.6986,3.0136
4.1398,0.691,2.9796
4.1400,0.6872,2.9645
4.1402,0.6839,2.9491
4.1404,0.6843,2.9534
4.1406,0.6872,2.9645
4.1408,0.7428,3.2
4.1410,0.801,3.4506
4.1412,0.8102,3.4984
4.1414,0.6829,2.9472
4.1416,0.6493,2.801
4.1418,0.6543,2.8214
4.1420,0.6489,2.8008
4.1422,0.6464,2.7912
4.1424,0.6517,2.814
4.1426,0.6466,2.7896
4.1428,0.657,2.8341
4.1430,0.6638,2.8649
4.1432,0.6606,2.8523
4.1434,0.6573,2.837
4.1436,0.6596,2.8442
4.1438,0.7068,3.0436
4.1440,0.7681,3.309
4.1442,0.8151,3.5099
4.1444,0.8396,3.6186
4.1446,0.7775,3.3478
4.1448,0.763,3.2853
4.1450,0.756,3.2568
4.1452,0.7805,3.3591
4.1454,0.8434,3.6284
4.1456,0.8783,3.7767
4.1458,0.9215,3.9678
4.1460,0.8595,3.6975
4.1462,0.8695,3.7391
4.1464,0.8861,3.8067
4.1466,0.946,4.0661
4.1468,0.8775,3.7608
4.1470,1.0122,4.3567
4.1472,0.7908,3.4098
4.1474,0.7338,3.1628
4.1476,0.7845,3.3735
4.1478,0.8637,3.7121
4.1480,0.8803,3.7837
4.1482,0.8968,3.8579
4.1484,0.8879,3.8126
4.1486,0.9745,4.1883
4.1488,0.9167,3.9435
4.1490,0.8926,3.8363
4.1492,0.9143,3.935
4.1494,0.8186,3.5249
4.1496,0.8116,3.4884
4.1498,0.8466,3.6457
4.1500,0.7759,3.341
4.1502,0.7901,3.3988
4.1504,0.8718,3.7524
4.1506,0.8317,3.5811
4.1508,0.8513,3.6709
4.1510,0.7554,3.2528
4.1512,0.7721,3.3261
4.1514,0.7004,3.0214
4.1516,0.6616,2.8569
4.1518,0.6532,2.8181
4.1520,0.6851,2.9571
4.1522,0.6532,2.822
4.1524,0.6456,2.785
4.1526,0.7091,3.0549
4.1528,0.6848,2.9514
4.1530,0.7178,3.0964
4.1532,0.7224,3.1137
4.1534,0.7601,3.279
4.1536,0.6735,2.9082
4.1538,0.5658,2.4455
4.1540,0.5766,2.4876
4.1542,0.6686,2.8816
4.1544,0.6934,2.9886
4.1546,0.7071,3.0475
4.1548,0.7486,3.2233
4.1550,0.8018,3.4526
4.1552,0.8128,3.4968
4.1554,0.8592,3.6947
4.1556,0.9219,3.9662
4.1558,0.8992,3.8646
4.1560,0.9576,4.1099
4.1562,0.9664,4.1537
4.1564,0.9332,4.0072
4.1566,1.0478,4.4869
4.1568,1.236,5.2826
4.1570,1.3058,5.5835
4.1572,1.2769,5.4675
4.1574,1.2457,5.3266
4.1576,1.2751,5.4496
4.1578,1.3018,5.5691
4.1580,1.218,5.2203
4.1582,1.1849,5.0785
4.1584,1.1819,5.0585
4.1586,1.2151,5.208
4.1588,1.1429,4.8986
4.1590,1.1381,4.8803
4.1592,1.1369,4.8706
4.1594,1.1519,4.9372
4.1596,1.1254,4.8236
4.1598,1.176,5.0452
4.1600,1.161,4.9809
4.1602,1.1092,4.7564
4.1604,1.1067,4.7478
4.1606,1.1136,4.7683
4.1608,1.2227,5.2404
4.1610,1.2134,5.2105
4.1612,1.1,4.7278
4.1614,1.0092,4.3377
4.1616,0.996,4.279
4.1618,0.9844,4.2389
4.1620,0.8697,3.7465
4.1622,0.8282,3.5695
4.1624,0.8233,3.5466
4.1626,0.8124,3.4964
4.1628,0.8657,3.7312
4.1630,0.8343,3.5925
4.1632,0.833,3.5868
4.1634,0.7896,3.4015
4.1636,0.8408,3.6221
4.1638,0.8275,3.5647
4.1640,0.8272,3.562
4.1642,0.8692,3.7445
4.1644,0.8378,3.6091
4.1646,0.7966,3.4383
4.1648,0.7339,3.1647
4.1650,0.713,3.0757
4.1652,0.7434,3.2041
4.1654,0.7414,3.1983
4.1656,0.7538,3.2445
4.1658,0.8767,3.77
4.1660,0.9257,3.9915
4.1662,0.7408,3.1957
4.1664,0.6837,2.9508
4.1666,0.7191,3.1021
4.1668,0.7766,3.341
4.1670,0.7578,3.2676
4.1672,0.6662,2.8726
4.1674,0.7221,3.1121
4.1676,0.7572,3.2681
4.1678,0.7216,3.11
4.1680,0.7634,3.2874
4.1682,0.8056,3.4707
4.1684,0.7795,3.3581
4.1686,0.7668,3.2957
4.1688,0.9866,4.2502
4.1690,0.7843,3.3819
4.1692,0.7596,3.2754
4.1694,0.7341,3.1697
4.1696,0.6639,2.8628
4.1698,0.7037,3.0344
4.1700,0.8132,3.5049
4.1702,0.7873,3.3948
4.1704,0.7257,3.1204
4.1706,0.8121,3.4953
4.1708,0.8868,3.8186
4.1710,0.9288,3.9975
4.1712,0.8481,3.6536
4.1714,0.7255,3.1271
4.1716,0.7013,3.0311
4.1718,0.5674,2.4477
4.1720,0.6855,2.96
4.1722,0.6425,2.7754
4.1724,0.6379,2.7506
4.1726,0.676,2.9177
4.1728,0.6592,2.8453
4.1730,0.673,2.8981
4.1732,0.739,3.185
4.1734,0.7025,3.0293
4.1736,0.6535,2.8217
4.1738,0.6281,2.7145
4.1740,0.6152,2.6504
4.1742,0.73,3.1491
4.1744,0.6125,2.6471
4.1746,0.5893,2.5459
4.1748,0.6255,2.6961
4.1750,0.6934,2.99
4.1752,0.6892,2.9733
4.1754,0.6752,2.9127
4.1756,0.7014,3.0204
4.1758,0.7837,3.3777
4.1760,0.7383,3.1804
4.1762,0.7669,3.3008
4.1764,0.7935,3.4169
4.1766,0.7909,3.4056
4.1768,0.7796,3.3555
4.1770,0.7903,3.4046
4.1772,0.8082,3.4751
4.1774,0.9053,3.8909
4.1776,0.9151,3.935
4.1778,0.8542,3.6748
4.1780,0.8836,3.7976
4.1782,0.8805,3.7877
4.1784,0.8695,3.7443
4.1786,0.8657,3.7208
4.1788,0.883,3.7915
4.1790,0.9429,4.0471
4.1792,1.0133,4.3512
4.1794,1.0773,4.6197
4.1796,1.0535,4.5258
4.1798,0.9139,3.9317
4.1800,0.818,3.5272
4.1802,0.7338,3.1657
4.1804,0.7162,3.0882
4.1806,0.7198,3.098
4.1808,0.7809,3.3612
4.1810,0.7381,3.1828
4.1812,0.7109,3.0669
4.1814,0.7085,3.0523
4.1816,0.724,3.1189
4.1818,0.741,3.1938
4.1820,0.7585,3.2692
4.1822,0.7806,3.3596
4.1824,0.8301,3.5711
4.1826,0.8414,3.6179
4.1828,0.8441,3.6365
4.1830,0.7646,3.2956
4.1832,0.6865,2.9559
4.1834,0.7675,3.3034
4.1836,0.8249,3.5572
4.1838,0.7139,3.077
4.1840,0.7363,3.1721
4.1842,0.7157,3.0847
4.1844,0.6968,3.0031
4.1846,0.7194,3.0979
4.1848,0.7608,3.2775
4.1850,0.7609,3.2796
4.1852,0.7265,3.1298
4.1854,0.7415,3.1943
4.1856,0.7291,3.1397
4.1858,0.7496,3.219
4.1860,0.7992,3.446
4.1862,0.636,2.7461
4.1864,0.6205,2.6781
4.1866,0.6054,2.6105
4.1868,0.6263,2.703
4.1870,0.6201,2.6753
4.1872,0.6948,2.9906
4.1874,0.8329,3.5813
4.1876,0.8615,3.7045
4.1878,0.8233,3.54
4.1880,0.8323,3.5804
4.1882,0.8349,3.5901
4.1884,0.8855,3.8094
4.1886,0.8984,3.8579
4.1888,1.0218,4.351
4.1890,1.2596,5.4037
4.1892,1.0293,4.4073
4.1894,1.1085,4.7511
4.1896,1.1873,5.0864
4.1898,1.1781,5.0398
4.1900,1.2625,5.3933
4.1902,1.2919,5.5085
4.1904,1.4156,6.0333
4.1906,1.3869,5.925
4.1908,1.3709,5.8399
4.1910,1.4179,6.06
4.1912,1.4425,6.1564
4.1914,1.507,6.4317
4.1916,1.5317,6.5372
4.1918,1.3746,5.8832
4.1920,1.3229,5.6488
4.1922,1.3477,5.7656
4.1924,1.2953,5.5518
4.1926,1.1673,5.0076
4.1928,1.1332,4.8661
4.1930,1.0753,4.6109
4.1932,1.1369,4.8729
4.1934,1.1618,4.977
4.1936,1.1537,4.9495
4.1938,1.1711,5.0288
4.1940,1.1073,4.7526
4.1942,1.135,4.8715
4.1944,1.0462,4.4964
4.1946,1.0535,4.5173
4.1948,1.1573,4.9649
4.1950,1.1516,4.9356
4.1952,1.113,4.7768
4.1954,1.1205,4.8092
4.1956,1.1769,5.0417
4.1958,1.2085,5.1797
4.1960,1.1419,4.9008
4.1962,1.0977,4.7093
4.1964,1.0947,4.703
4.1966,1.1102,4.7694
4.1968,1.0518,4.5207
4.1970,0.9987,4.2944
4.1972,0.9799,4.2115
4.1974,0.9889,4.2501
4.1976,0.9955,4.2784
4.1978,0.9764,4.1965
4.1980,0.9984,4.2893
4.1982,1.0146,4.3629
4.1984,1.0969,4.7079
4.1986,1.1636,4.9893
4.1988,1.1715,5.0233
4.1990,1.214,5.2058
4.1992,1.2118,5.1984
4.1994,1.0992,4.7198
4.1996,1.0216,4.401
4.1998,0.9514,4.095
4.2000,0.9566,4.1172
4.2002,0.9578,4.1166
4.2004,1.017,4.3692
4.2006,1.0686,4.5864
4.2008,1.066,4.5751
4.2010,1.1017,4.7328
4.2012,1.0512,4.5265
4.2014,0.9221,3.9686
4.2016,0.9145,3.9379
4.2018,0.8317,3.5911
4.2020,0.7386,3.1893
4.2022,0.7574,3.2676
4.2024,0.7517,3.2428
4.2026,0.7235,3.1241
4.2028,0.7172,3.0981
4.2030,0.7142,3.0809
4.2032,0.7225,3.12
4.2034,0.7363,3.1766
4.2036,0.7319,3.1647
4.2038,0.645,2.785
4.2040,0.7149,3.0782
4.2042,0.8219,3.5442
4.2044,0.7948,3.429
4.2046,0.7434,3.21
4.2048,0.6958,3.0045
4.2050,0.6877,2.9693
4.2052,0.691,2.9852
4.2054,0.6866,2.9646
4.2056,0.6782,2.927
4.2058,0.6705,2.8939
4.2060,0.6715,2.9007
4.2062,0.6703,2.8929
4.2064,0.6748,2.9139
4.2066,0.6716,2.8972
4.2068,0.6771,2.9237
4.2070,0.6779,2.9274
4.2072,0.677,2.9232
4.2074,0.7173,3.0914
4.2076,0.7767,3.3447
4.2078,0.8112,3.4993
4.2080,0.7934,3.4212
4.2082,0.7481,3.2287
4.2084,0.6836,2.9503
4.2086,0.707,3.0498
4.2088,0.6904,2.9784
4.2090,0.6775,2.9226
4.2092,0.6901,2.9769
4.2094,0.6919,2.986
4.2096,0.7116,3.07
4.2098,0.7367,3.1796
4.2100,0.7001,3.0217
4.2102,0.7339,3.1559
4.2104,0.9114,3.9172
4.2106,0.9269,3.9614
4.2108,1.0809,4.6589
4.2110,0.8289,3.5759
4.2112,0.7975,3.4356
4.2114,0.8315,3.5756
4.2116,0.9516,4.086
4.2118,1.064,4.5668
4.2120,1.0504,4.5082
4.2122,1.005,4.3177
4.2124,0.974,4.1881
4.2126,0.9437,4.0596
4.2128,0.9859,4.2352
4.2130,0.9819,4.2241
4.2132,0.9128,3.927
4.2134,0.9276,3.9905
4.2136,0.8849,3.8121
4.2138,0.813,3.5022
4.2140,0.8536,3.6654
4.2142,1.0568,4.5486
4.2144,0.8891,3.8284
4.2146,0.8217,3.5366
4.2148,0.8471,3.6443
4.2150,0.9219,3.9625
4.2152,0.8923,3.8388
4.2154,0.9035,3.8868
4.2156,0.8857,3.8069
4.2158,0.9143,3.935
4.2160,0.8835,3.8077
4.2162,0.8378,3.5991
4.2164,0.9731,4.1806
4.2166,0.9212,3.965
4.2168,0.9102,3.9139
4.2170,0.8824,3.8013
4.2172,0.8568,3.6878
4.2174,0.8668,3.7307
4.2176,0.9419,4.05
4.2178,0.9216,3.9684
4.2180,0.7679,3.3095
4.2182,0.7085,3.0537
4.2184,0.7469,3.2176
4.2186,0.7935,3.4185
4.2188,0.783,3.3809
4.2190,0.6421,2.7738
4.2192,0.6312,2.7204
4.2194,0.7173,3.0929
4.2196,0.7101,3.0633
4.2198,0.7381,3.1769
4.2200,0.7931,3.426
4.2202,0.5859,2.5332
4.2204,0.5596,2.4152
4.2206,0.6958,2.9975
4.2208,0.7743,3.3374
4.2210,0.7555,3.2548
4.2212,0.7199,3.1042
4.2214,0.702,3.0258
4.2216,0.7709,3.3224
4.2218,0.764,3.293
4.2220,0.75,3.2355
4.2222,0.7719,3.324
4.2224,0.9036,3.8855
4.2226,0.9109,3.9133
4.2228,0.9363,4.0244
4.2230,1.0012,4.2972
4.2232,1.0772,4.6213
4.2234,1.059,4.5516
4.2236,0.9995,4.294
4.2238,1.0315,4.4315
4.2240,1.0258,4.4027
4.2242,1.0597,4.5483
4.2244,1.0749,4.6094
4.2246,1.1516,4.931
4.2248,1.1836,5.0728
4.2250,1.1981,5.135
4.2252,1.1978,5.1436
4.2254,1.0481,4.5026
4.2256,1.0416,4.4685
4.2258,1.1449,4.9091
4.2260,1.1825,5.0682
4.2262,1.154,4.9505
4.2264,1.1433,4.9024
4.2266,1.1785,5.056
4.2268,1.1514,4.9328
4.2270,1.1952,5.1251
4.2272,1.1359,4.8615
4.2274,1.2675,5.4224
4.2276,1.2499,5.352
4.2278,1.1673,5.0169
4.2280,1.0062,4.3289
4.2282,0.9776,4.2017
4.2284,1.0174,4.3728
4.2286,1.0019,4.3103
4.2288,0.9401,4.0347
4.2290,1.0354,4.4397
4.2292,1.174,5.0411
4.2294,1.0413,4.4795
4.2296,0.958,4.1196
4.2298,0.9826,4.2253
4.2300,0.9276,3.9979
4.2302,0.8335,3.5889
4.2304,0.8878,3.8174
4.2306,0.95,4.0831
4.2308,1.0343,4.4371
4.2310,1.0871,4.6809
4.2312,0.9231,3.9732
4.2314,0.9136,3.9338
4.2316,0.8634,3.718
4.2318,0.8676,3.7343
4.2320,0.9724,4.1814
4.2322,0.9511,4.0916
4.2324,0.9097,3.9191
4.2326,0.8478,3.6576
4.2328,0.7674,3.3105
4.2330,0.7661,3.3002
4.2332,0.8127,3.5012
4.2334,0.8524,3.6722
4.2336,0.7968,3.4325
4.2338,0.783,3.3762
4.2340,0.7724,3.3307
4.2342,0.8134,3.5092
4.2344,0.7421,3.2029
4.2346,0.6779,2.9246
4.2348,0.7157,3.0833
4.2350,0.7711,3.3204
4.2352,0.8181,3.5228
4.2354,0.8136,3.508
4.2356,0.7765,3.3514
4.2358,0.7291,3.1441
4.2360,0.7782,3.3555
4.2362,0.7842,3.3798
4.2364,0.8284,3.5688
4.2366,0.8408,3.6271
4.2368,0.7674,3.3105
4.2370,0.7251,3.1265
4.2372,0.7234,3.1163
4.2374,0.7944,3.4174
4.2376,0.8964,3.8599
4.2378,0.8494,3.6592
4.2380,0.854,3.6772
4.2382,0.8697,3.7448
4.2384,0.7773,3.3566
4.2386,0.6415,2.7725
4.2388,0.5983,2.5824
4.2390,0.6185,2.673
4.2392,0.6104,2.6383
4.2394,0.6439,2.7816
4.2396,0.6405,2.7658
4.2398,0.6239,2.6938
4.2400,0.6157,2.6586
4.2402,0.5989,2.5886
4.2404,0.611,2.6397
4.2406,0.6172,2.6624
4.2408,0.6877,2.9693
4.2410,0.651,2.8122
4.2412,0.6121,2.6407
4.2414,0.6649,2.8709
4.2416,0.609,2.6321
4.2418,0.5974,2.5794
4.2420,0.6,2.5908
4.2422,0.5977,2.5822
4.2424,0.5992,2.5896
4.2426,0.5984,2.5841
4.2428,0.5954,2.57
4.2430,0.6014,2.5994
4.2432,0.5941,2.5666
4.2434,0.6206,2.6749
4.2436,0.6857,2.9583
4.2438,0.7026,3.027
4.2440,0.704,3.0369
4.2442,0.7161,3.0891
4.2444,0.7146,3.0786
4.2446,0.746,3.214
4.2448,0.7359,3.1701
4.2450,0.7363,3.1707
4.2452,0.723,3.1177
4.2454,0.7351,3.1684
4.2456,0.7799,3.3565
4.2458,0.8932,3.8353
4.2460,0.9188,3.9491
4.2462,0.9538,4.0996
4.2464,0.9368,4.0227
4.2466,0.9543,4.1036
4.2468,0.7996,3.4481
4.2470,0.7199,3.1057
4.2472,0.7225,3.1113
4.2474,0.752,3.2458
4.2476,0.7146,3.0815
4.2478,0.7234,3.112
4.2480,0.7938,3.4132
4.2482,0.8227,3.5441
4.2484,0.7447,3.2113
4.2486,0.7154,3.0832
4.2488,0.7119,3.0696
4.2490,0.732,3.1521
4.2492,0.7748,3.338
4.2494,0.7194,3.1007
4.2496,0.716,3.09
4.2498,0.691,2.9727
4.2500,0.7066,3.0483
4.2502,0.6272,2.7058
4.2504,0.6844,2.9553
4.2506,0.6393,2.7555
4.2508,0.7032,3.0239
4.2510,0.8197,3.5295
4.2512,0.7687,3.3131
4.2514,0.7053,3.0384
4.2516,0.716,3.0843
4.2518,0.7458,3.2174
4.2520,0.7508,3.2391
4.2522,0.7061,3.0448
4.2524,0.6727,2.9019
4.2526,0.6837,2.9467
4.2528,0.664,2.8607
4.2530,0.6849,2.9519
4.2532,0.6835,2.9512
4.2534,0.6444,2.7772
4.2536,0.7572,3.2605
4.2538,0.7836,3.371
4.2540,0.867,3.73
4.2542,0.8195,3.5306
4.2544,0.7098,3.0594
4.2546,0.6988,3.0063
4.2548,0.7966,3.424
4.2550,0.8731,3.7563
4.2552,0.8026,3.4578
4.2554,0.7926,3.4112
4.2556,0.8482,3.6473
4.2558,0.8646,3.7162
4.2560,0.8953,3.8445
4.2562,0.9773,4.1928
4.2564,0.9668,4.1495
4.2566,0.9823,4.2178
4.2568,0.9978,4.2868
4.2570,1.0018,4.3018
4.2572,0.9952,4.2655
4.2574,1.0795,4.6289
4.2576,1.0916,4.6808
4.2578,1.0983,4.7008
4.2580,1.1072,4.7543
4.2582,1.03,4.4227
4.2584,1.0853,4.6493
4.2586,1.1318,4.8508
4.2588,1.1086,4.7627
4.2590,0.9923,4.2631
4.2592,0.9614,4.134
4.2594,0.919,3.9497
4.2596,0.9634,4.1389
4.2598,0.973,4.1821
4.2600,0.9672,4.1549
4.2602,0.9686,4.1591
4.2604,0.9652,4.1428
4.2606,0.995,4.2704
4.2608,1.0582,4.5374
4.2610,1.0734,4.6091
4.2612,1.0501,4.5008
4.2614,1.1564,4.9585
4.2616,1.1279,4.8366
4.2618,1.1208,4.8035
4.2620,1.1215,4.8089
4.2622,1.124,4.8174
4.2624,1.1341,4.8606
4.2626,1.1143,4.7825
4.2628,1.0634,4.5643
4.2630,1.1031,4.7346
4.2632,1.1156,4.7814
4.2634,1.1332,4.8593
4.2636,1.1289,4.8407
4.2638,1.1212,4.8123
4.2640,1.1255,4.8241
4.2642,1.172,5.023
4.2644,1.1947,5.1182
4.2646,1.2145,5.2127
4.2648,1.1578,4.9647
4.2650,1.1684,5.0099
4.2652,1.1652,4.9989
4.2654,1.1124,4.7698
4.2656,1.1333,4.8666
4.2658,1.0131,4.3542
4.2660,0.9526,4.0964
4.2662,0.9077,3.9067
4.2664,0.9287,3.9988
4.2666,0.8844,3.803
4.2668,0.8926,3.8416
4.2670,0.9001,3.8741
4.2672,0.8975,3.8592
4.2674,0.9669,4.1577
4.2676,0.9389,4.0408
4.2678,0.9314,4.0051
4.2680,0.9708,4.1723
4.2682,0.9457,4.0665
4.2684,0.897,3.8589
4.2686,0.9022,3.8793
4.2688,0.9531,4.1022
4.2690,0.9397,4.0482
4.2692,0.8216,3.5394
4.2694,0.7988,3.4397
4.2696,0.806,3.4739
4.2698,0.7922,3.4144
4.2700,0.8146,3.5094
4.2702,0.8127,3.5044
4.2704,0.7978,3.4387
4.2706,0.805,3.4697
4.2708,0.809,3.4852
4.2710,0.771,3.3199
4.2712,0.7745,3.3379
4.2714,0.8136,3.5032
4.2716,0.8339,3.5943
4.2718,0.8537,3.6693
4.2720,0.9295,4.0006
4.2722,0.8252,3.5549
4.2724,0.7796,3.3555
4.2726,0.8554,3.6885
4.2728,0.752,3.2443
4.2730,0.7275,3.1368
4.2732,0.7537,3.247
4.2734,0.7939,3.4201
4.2736,0.8074,3.4785
4.2738,0.8055,3.4702
4.2740,0.7974,3.4335
4.2742,0.7933,3.4175
4.2744,0.8191,3.5236
4.2746,0.9317,4.0043
4.2748,0.9441,4.056
4.2750,0.9595,4.1238
4.2752,0.9618,4.1336
4.2754,0.9555,4.1068
4.2756,0.9254,3.9867
4.2758,0.8544,3.6758
4.2760,0.8464,3.6514
4.2762,0.7414,3.1983
4.2764,0.7642,3.2904
4.2766,0.8673,3.731
4.2768,0.9184,3.9489
4.2770,0.8975,3.8646
4.2772,0.8815,3.7906
4.2774,0.9181,3.9405
4.2776,0.9953,4.274
4.2778,0.9755,4.2007
4.2780,0.9308,4.0025
4.2782,1.0299,4.4243
4.2784,0.9713,4.1787
4.2786,0.9178,3.9482
4.2788,0.8933,3.8358
4.2790,0.9941,4.2668
4.2792,1.0023,4.3118
4.2794,0.9766,4.1936
4.2796,1.1028,4.7331
4.2798,1.0571,4.5391
4.2800,1.0077,4.331
4.2802,0.9535,4.1019
4.2804,0.945,4.0596
4.2806,0.9975,4.2812
4.2808,1.0672,4.5824
4.2810,1.0536,4.5242
4.2812,1.0088,4.3377
4.2814,1.0017,4.3072
4.2816,1.0002,4.2971
4.2818,0.994,4.2723
4.2820,0.9632,4.1437
4.2822,0.9305,4.001
4.2824,0.9646,4.1479
4.2826,0.9592,4.1247
4.2828,1.0016,4.3027
4.2830,1.0254,4.4093
4.2832,0.9167,3.9527
4.2834,0.7963,3.4288
4.2836,0.8579,3.6891
4.2838,0.8999,3.8767
4.2840,0.8803,3.7855
4.2842,0.9519,4.1009
4.2844,0.8698,3.7453
4.2846,0.8396,3.6152
4.2848,0.8218,3.5388
4.2850,0.7874,3.3906
4.2852,0.8031,3.4631
4.2854,0.7699,3.3183
4.2856,0.8098,3.492
4.2858,0.8119,3.4992
4.2860,0.8336,3.5861
4.2862,0.8295,3.5752
4.2864,0.8323,3.5854
4.2866,0.846,3.6431
4.2868,0.8735,3.7613
4.2870,0.8791,3.7873
4.2872,0.9071,3.8968
4.2874,0.9972,4.2902
4.2876,0.9627,4.1435
4.2878,0.9155,3.9439
4.2880,0.863,3.7055
4.2882,1.0164,4.3585
4.2884,1.0836,4.6421
4.2886,1.1967,5.1336
4.2888,1.1597,4.9729
4.2890,1.1357,4.87
4.2892,1.1332,4.8615
4.2894,1.1513,4.9369
4.2896,1.1531,4.9423
4.2898,1.1416,4.8998
4.2900,1.1317,4.8594
4.2902,1.101,4.7231
4.2904,1.1355,4.8713
4.2906,1.117,4.7921
4.2908,1.1561,4.9575
4.2910,1.1642,4.9966
4.2912,1.1349,4.8665
4.2914,1.1609,4.9827
4.2916,1.1429,4.9055
4.2918,1.1196,4.8074
4.2920,1.0978,4.7142
4.2922,1.1405,4.8975
4.2924,1.1232,4.8138
4.2926,1.1508,4.9394
4.2928,1.1676,5.0091
4.2930,1.1625,4.987
4.2932,1.1607,4.9816
4.2934,1.1528,4.95
4.2936,1.1401,4.8954
4.2938,1.1145,4.7813
4.2940,1.2013,5.1441
4.2942,1.2301,5.2722
4.2944,1.1705,5.0192
4.2946,1.2411,5.322
4.2948,1.2542,5.3755
4.2950,1.2101,5.1912
4.2952,1.1562,4.9695
4.2954,1.1014,4.7274
4.2956,1.1836,5.0799
4.2958,1.1889,5.1002
4.2960,1.1958,5.1276
4.2962,1.2526,5.3714
4.2964,1.2806,5.4886
4.2966,1.2396,5.3178
4.2968,1.2332,5.293
4.2970,1.2288,5.269
4.2972,1.2582,5.3925
4.2974,1.2685,5.4392
4.2976,1.2682,5.4407
4.2978,1.2724,5.4562
4.2980,1.18,5.0645
4.2982,1.2076,5.178
4.2984,1.1565,4.9613
4.2986,1.2301,5.2796
4.2988,1.182,5.0827
4.2990,1.1158,4.7936
4.2992,1.1679,5.0125
4.2994,1.1348,4.8773
4.2996,1.0951,4.7067
4.2998,1.0978,4.7186
4.3000,1.0898,4.6884
4.3002,1.117,4.8032
4.3004,1.0859,4.6735
4.3006,0.9898,4.2621
4.3008,0.9395,4.0491
4.3010,0.9261,3.9917
4.3012,0.8898,3.8351
4.3014,0.9008,3.8826
4.3016,0.9077,3.9175
4.3018,0.8407,3.6299
4.3020,0.8064,3.4786
4.3022,0.8293,3.5774
4.3024,0.8253,3.562
4.3026,0.8143,3.5111
4.3028,0.8591,3.7028
4.3030,0.9384,4.0463
4.3032,0.9158,3.9472
4.3034,0.9019,3.8891
4.3036,0.8764,3.779
4.3038,0.9168,3.9477
4.3040,0.9546,4.1084
4.3042,0.9466,4.0725
4.3044,0.9651,4.1558
4.3046,0.9675,4.1661
4.3048,0.9229,3.9759
4.3050,0.8209,3.5494
4.3052,0.667,2.8802
4.3054,0.7018,3.0318
4.3056,0.7789,3.3586
4.3058,0.8138,3.5107
4.3060,0.7615,3.2882
4.3062,0.7602,3.2825
4.3064,0.7584,3.2732
4.3066,0.7959,3.4352
4.3068,0.7907,3.414
4.3070,0.7295,3.1427
4.3072,0.919,3.9533
4.3074,0.9319,4.0128
4.3076,0.8299,3.5817
4.3078,0.719,3.1073
4.3080,0.6853,2.9644
4.3082,0.677,2.9246
4.3084,0.6808,2.9398
4.3086,0.7114,3.0718
4.3088,0.7742,3.34
4.3090,0.7372,3.1875
4.3092,0.606,2.6179
4.3094,0.5983,2.5884
4.3096,0.6061,2.6184
4.3098,0.7084,3.0532
4.3100,0.7983,3.4456
4.3102,0.7044,3.0418
4.3104,0.7053,3.0426
4.3106,0.7729,3.3328
4.3108,0.7933,3.4207
4.3110,0.7976,3.4377
4.3112,0.8134,3.5027
4.3114,0.8595,3.6958
4.3116,0.9993,4.3029
4.3118,0.935,4.0262
4.3120,0.8799,3.7869
4.3122,0.9068,3.9085
4.3124,0.8313,3.5829
4.3126,0.8276,3.5669
4.3128,0.8222,3.5436
4.3130,0.8139,3.5161
4.3132,0.7225,3.12
4.3134,0.7228,3.1152
4.3136,0.7777,3.3503
4.3138,0.8297,3.5712
4.3140,0.8657,3.7295
4.3142,0.8861,3.8191
4.3144,0.8374,3.6109
4.3146,0.7881,3.3937
4.3148,0.8145,3.5122
4.3150,0.7755,3.3426
4.3152,0.8132,3.5016
4.3154,0.8649,3.7276
4.3156,0.8179,3.5299
4.3158,0.7829,3.3788
4.3160,0.7805,3.3669
4.3162,0.7395,3.1944
4.3164,0.7251,3.1279
4.3166,0.7228,3.1123
4.3168,0.7654,3.3002
4.3170,0.7609,3.278
4.3172,0.8016,3.4531
4.3174,0.7691,3.3178
4.3176,0.7425,3.2044
4.3178,0.691,2.9893
4.3180,0.5832,2.5195
4.3182,0.5948,2.5709
4.3184,0.5843,2.5277
4.3186,0.577,2.4914
4.3188,0.6753,2.9173
4.3190,0.6514,2.8129
4.3192,0.6403,2.7661
4.3194,0.6404,2.7653
4.3196,0.6548,2.8274
4.3198,0.6282,2.71
4.3200,0.7305,3.1468
4.3202,0.7748,3.3349
4.3204,0.7812,3.3638
4.3206,0.7993,3.4417
4.3208,0.817,3.523
4.3210,0.7118,3.0719
4.3212,0.692,2.9824
4.3214,0.7007,3.0201
4.3216,0.7573,3.264
4.3218,0.8091,3.4857
4.3220,0.805,3.4649
4.3222,0.8656,3.729
4.3224,0.768,3.3116
4.3226,0.7827,3.372
4.3228,0.8237,3.5471
4.3230,0.8203,3.5304
4.3232,0.8809,3.788
4.3234,0.9367,4.0278
4.3236,0.897,3.8553
4.3238,0.9562,4.1023
4.3240,1.0486,4.4984
4.3242,1.1012,4.7286
4.3244,1.0855,4.6633
4.3246,0.9968,4.2801
4.3248,1.0137,4.3507
4.3250,1.011,4.3394
4.3252,1.0568,4.5339
4.3254,1.0669,4.5792
4.3256,1.0525,4.5153
4.3258,1.0646,4.5715
4.3260,1.0747,4.6148
4.3262,1.0552,4.5245
4.3264,1.0837,4.6491
4.3266,1.1032,4.7329
4.3268,1.1026,4.7348
4.3270,1.0987,4.7112
4.3272,1.104,4.7338
4.3274,1.1287,4.8487
4.3276,1.0616,4.5481
4.3278,1.1576,4.9636
4.3280,1.1843,5.0759
4.3282,1.1898,5.1019
4.3284,1.1721,5.0235
4.3286,1.1728,5.0383
4.3288,1.0818,4.6495
4.3290,1.0415,4.4722
4.3292,1.0227,4.3913
4.3294,1.0558,4.5356
4.3296,1.0425,4.4805
4.3298,1.0048,4.3267
4.3300,0.9127,3.9265
4.3302,0.9152,3.941
4.3304,0.8957,3.855
4.3306,0.9168,3.9459
4.3308,0.9227,3.9601
4.3310,1.0265,4.4078
4.3312,1.0529,4.5253
4.3314,1.0554,4.5319
4.3316,1.0571,4.5433
4.3318,1.0606,4.554
4.3320,1.0678,4.5849
4.3322,0.9892,4.2497
4.3324,0.9935,4.2662
4.3326,1.0276,4.4268
4.3328,0.8537,3.683
4.3330,0.7475,3.2276
4.3332,0.7916,3.4071
4.3334,1.0002,4.3031
4.3336,0.9125,3.9273
4.3338,0.9007,3.8821
4.3340,0.8332,3.5845
4.3342,0.9182,3.9502
4.3344,0.9525,4.1016
4.3346,0.9212,3.9723
4.3348,0.8311,3.5835
4.3350,0.7974,3.4351
4.3352,0.8474,3.6454
4.3354,0.9211,3.9645
4.3356,0.9397,4.0463
4.3358,0.8808,3.7928
4.3360,0.8712,3.7515
4.3362,0.858,3.693
4.3364,0.883,3.8021
4.3366,0.8546,3.6797
4.3368,0.9022,3.8793
4.3370,0.9341,4.0146
4.3372,0.9899,4.2547
4.3374,1.0086,4.3372
4.3376,1.0157,4.3676
4.3378,0.9554,4.1159
4.3380,0.8363,3.6063
4.3382,0.8271,3.5665
4.3384,0.842,3.6238
4.3386,0.8919,3.8385
4.3388,0.9034,3.8899
4.3390,0.9026,3.8904
4.3392,0.8692,3.7427
4.3394,0.8721,3.7551
4.3396,0.894,3.8496
4.3398,0.8911,3.8354
4.3400,0.8794,3.7849
4.3402,0.8946,3.8522
4.3404,0.9019,3.8837
4.3406,0.9107,3.9196
4.3408,0.9526,4.1021
4.3410,0.9378,4.0343
4.3412,0.9476,4.0766
4.3414,0.9311,4.0073
4.3416,0.9233,3.9719
4.3418,0.9535,4.0981
4.3420,0.9998,4.305
4.3422,0.942,4.0524
4.3424,0.958,4.1215
4.3426,0.9294,3.9982
4.3428,0.9468,4.073
4.3430,0.9435,4.0591
4.3432,0.9357,4.0255
4.3434,0.9225,3.9725
4.3436,0.9407,4.0448
4.3438,0.9865,4.2398
4.3440,1.01,4.3428
4.3442,1.0131,4.3542
4.3444,1.0737,4.6064
4.3446,1.1372,4.8785
4.3448,1.098,4.7125
4.3450,1.0933,4.6968
4.3452,1.0872,4.6727
4.3454,1.0597,4.5526
4.3456,1.0588,4.5463
4.3458,1.0877,4.6704
4.3460,1.0987,4.709
4.3462,1.1315,4.8588
4.3464,1.1302,4.8509
4.3466,1.1317,4.8594
4.3468,1.1471,4.9166
4.3470,1.1877,5.0998
4.3472,1.1499,4.9399
4.3474,1.0895,4.6803
4.3476,1.0959,4.695
4.3478,1.202,5.152
4.3480,1.1794,5.0619
4.3482,1.1182,4.8039
4.3484,1.0892,4.6836
4.3486,1.0552,4.5288
4.3488,1.07,4.5947
4.3490,1.0921,4.6873
4.3492,1.1417,4.898
4.3494,1.135,4.8715
4.3496,1.1038,4.7443
4.3498,1.0891,4.6809
4.3500,1.07,4.5969
4.3502,1.0553,4.5356
4.3504,1.061,4.5582
4.3506,1.1287,4.8442
4.3508,1.1,4.7256
4.3510,1.0757,4.6168
4.3512,1.0861,4.6724
4.3514,1.0687,4.5912
4.3516,1.0758,4.628
4.3518,0.9737,4.191
4.3520,0.9772,4.2001
4.3522,1.03,4.4248
4.3524,1.0459,4.4954
4.3526,1.0295,4.4246
4.3528,1.022,4.3988
4.3530,1.0615,4.5601
4.3532,1.123,4.8199
4.3534,1.1061,4.7451
4.3536,1.1242,4.8228
4.3538,1.1602,4.9817
4.3540,1.14,4.8952
4.3542,1.1292,4.8534
4.3544,1.137,4.8801
4.3546,1.1743,5.0378
4.3548,1.1478,4.9379
4.3550,0.9665,4.1618
4.3552,0.988,4.2523
4.3554,1.0251,4.4102
4.3556,1.0387,4.4685
4.3558,1.0792,4.632
4.3560,1.1773,5.0483
4.3562,1.2382,5.3119
4.3564,1.1875,5.0943
4.3566,1.1227,4.8188
4.3568,1.1543,4.9496
4.3570,1.2045,5.1674
4.3572,1.2622,5.4148
4.3574,1.2484,5.3606
4.3576,1.1954,5.1283
4.3578,1.184,5.0771
4.3580,1.1633,4.9997
4.3582,1.1253,4.8386
4.3584,1.0792,4.6385
4.3586,1.0704,4.6025
4.3588,1.0958,4.714
4.3590,1.0832,4.6533
4.3592,1.122,4.818
4.3594,1.0989,4.7274
4.3596,1.0543,4.5313
4.3598,1.1124,4.7812
4.3600,1.1725,5.0301
4.3602,1.2868,5.5177
4.3604,1.2317,5.2891
4.3606,1.1833,5.0787
4.3608,1.1992,5.1472
4.3610,1.2411,5.3243
4.3612,1.2906,5.5341
4.3614,1.2567,5.3937
4.3616,1.2566,5.3931
4.3618,1.2791,5.4797
4.3620,1.2864,5.5161
4.3622,1.3131,5.6334
4.3624,1.2943,5.5552
4.3626,1.2954,5.5547
4.3628,1.2906,5.5341
4.3630,1.2508,5.3709
4.3632,1.2496,5.3658
4.3634,1.2474,5.344
4.3636,1.2928,5.5434
4.3638,1.2502,5.3684
4.3640,1.1928,5.1289
4.3642,1.0851,4.6811
4.3644,0.8925,3.8522
4.3646,0.9001,3.8758
4.3648,0.9897,4.2615
4.3650,0.9754,4.2
4.3652,0.9376,4.0411
4.3654,0.9557,4.1192
4.3656,0.9771,4.2112
4.3658,0.946,4.0773
4.3660,0.9164,3.9515
4.3662,0.9008,3.8861
4.3664,0.8937,3.852
4.3666,0.9202,3.9662
4.3668,0.9374,4.0382
4.3670,1.004,4.3315
4.3672,0.8758,3.7832
4.3674,0.8096,3.4957
4.3676,0.8062,3.478
4.3678,0.9178,3.9559
4.3680,0.8635,3.7287
4.3682,0.8719,3.758
4.3684,0.9314,4.0124
4.3686,0.937,4.0348
4.3688,0.9472,4.0787
4.3690,1.0028,4.3223
4.3692,0.9375,4.0406
4.3694,0.9202,3.9644
4.3696,0.9036,3.8926
4.3698,0.9151,3.9458
4.3700,0.9222,3.9745
4.3702,0.9859,4.2415
4.3704,1.0557,4.5438
4.3706,1.0115,4.3655
4.3708,0.9165,3.9447
4.3710,1.007,4.3343
4.3712,1.0129,4.3637
4.3714,0.879,3.792
4.3716,0.8242,3.5572
4.3718,0.8683,3.7459
4.3720,0.9099,3.9181
4.3722,0.9325,4.0208
4.3724,0.8911,3.8442
4.3726,0.8973,3.8657
4.3728,0.9246,3.9811
4.3730,0.9712,4.18
4.3732,1.0616,4.5691
4.3734,1.0717,4.6082
4.3736,1.1056,4.7519
4.3738,1.1114,4.7766
4.3740,1.0909,4.6929
4.3742,1.005,4.3255
4.3744,0.9496,4.0966
4.3746,0.821,3.5449
4.3748,0.7295,3.1513
4.3750,0.7838,3.3813
4.3752,0.8364,3.6067
4.3754,0.871,3.7573
4.3756,0.912,3.9287
4.3758,0.9405,4.0479
4.3760,0.9416,4.0582
4.3762,0.8363,3.6162
4.3764,0.7609,3.284
4.3766,0.8262,3.5644
4.3768,0.8182,3.5264
4.3770,0.9391,4.0417
4.3772,0.9856,4.238
4.3774,0.9647,4.1599
4.3776,0.8135,3.5079
4.3778,0.8822,3.8042
4.3780,0.9273,3.993
4.3782,0.9465,4.0813
4.3784,0.8283,3.5748
4.3786,0.8277,3.5673
4.3788,0.8825,3.7964
4.3790,0.9745,4.2003
4.3792,0.9351,4.0303
4.3794,0.9346,4.0245
4.3796,0.894,3.8566
4.3798,0.8421,3.636
4.3800,0.8307,3.5818
4.3802,0.8943,3.8456
4.3804,0.9731,4.1941
4.3806,0.8177,3.5358
4.3808,0.6874,2.9695
4.3810,0.6825,2.9496
4.3812,0.6746,2.9141
4.3814,0.6373,2.7568
4.3816,0.6906,2.9821
4.3818,0.7,3.0281
4.3820,0.5722,2.4752
4.3822,0.5657,2.446
4.3824,0.5977,2.5881
4.3826,0.5934,2.567
4.3828,0.5977,2.5857
4.3830,0.5554,2.4037
4.3832,0.5509,2.3823
4.3834,0.5519,2.3875
4.3836,0.5479,2.3693
4.3838,0.5477,2.3683
4.3840,0.565,2.4429
4.3842,0.5698,2.4659
4.3844,0.556,2.4063
4.3846,0.5509,2.3834
4.3848,0.5488,2.374
4.3850,0.555,2.4021
4.3852,0.5533,2.3937
4.3854,0.5484,2.3714
4.3856,0.5476,2.3689
4.3858,0.5934,2.5658
4.3860,0.5858,2.5331
4.3862,0.6342,2.7332
4.3864,0.7603,3.2814
4.3866,0.7207,3.1121
4.3868,0.666,2.876
4.3870,0.6699,2.8885
4.3872,0.6604,2.8517
4.3874,0.6635,2.8625
4.3876,0.7177,3.0948
4.3878,0.7523,3.2437
4.3880,0.8175,3.5201
4.3882,0.8365,3.6038
4.3884,0.7991,3.4443
4.3886,0.8596,3.6961
4.3888,0.9333,4.0113
4.3890,0.9349,4.018
4.3892,0.921,3.9638
4.3894,0.9549,4.1022
4.3896,1.0891,4.6655
4.3898,1.1779,5.0485
4.3900,1.2182,5.2114
4.3902,1.3285,5.678
4.3904,1.3578,5.803
4.3906,1.3648,5.8387
4.3908,1.3584,5.8083
4.3910,1.3616,5.8222
4.3912,1.3018,5.5871
4.3914,1.1777,5.0545
4.3916,1.1556,4.9575
4.3918,1.1409,4.8965
4.3920,1.1578,4.9622
4.3922,1.1409,4.9057
4.3924,1.0663,4.5743
4.3926,1.1349,4.8685
4.3928,1.1606,4.9838
4.3930,1.1212,4.8121
4.3932,1.1599,4.976
4.3934,1.0904,4.6842
4.3936,1.0545,4.5345
4.3938,1.011,4.3493
4.3940,0.9934,4.2715
4.3942,1.0109,4.3407
4.3944,1.0621,4.5669
4.3946,1.0834,4.65
4.3948,1.0775,4.627
4.3950,1.0828,4.6453
4.3952,1.0826,4.6508
4.3954,1.0792,4.632
4.3956,1.1272,4.8379
4.3958,1.161,4.9807
4.3960,1.1448,4.9112
4.3962,1.117,4.7986
4.3964,1.0689,4.5963
4.3966,1.0693,4.6021
4.3968,1.0291,4.4252
4.3970,1.0392,4.4664
4.3972,1.0557,4.5375
4.3974,1.0656,4.5755
4.3976,1.1231,4.8181
4.3978,1.1614,4.9822
4.3980,1.2159,5.2163
4.3982,1.1592,4.9845
4.3984,1.0148,4.3719
4.3986,0.9014,3.8869
4.3988,0.8574,3.692
4.3990,0.8756,3.7705
4.3992,0.857,3.6939
4.3994,0.8252,3.5564
4.3996,0.8418,3.6333
4.3998,0.735,3.1752
4.4000,0.7253,3.1245
4.4002,0.852,3.6739
4.4004,0.8332,3.5927
4.4006,0.8036,3.4666
4.4008,0.8115,3.4959
4.4010,0.8515,3.6667
4.4012,0.8937,3.852
4.4014,0.8785,3.7899
4.4016,0.8014,3.4573
4.4018,0.733,3.1634
4.4020,0.72,3.1133
4.4022,0.6084,2.6294
4.4024,0.633,2.7356
4.4026,0.6626,2.8636
4.4028,0.6955,3.0034
4.4030,0.7271,3.1424
4.4032,0.6454,2.7895
4.4034,0.6286,2.7132
4.4036,0.7102,3.0651
4.4038,0.6659,2.8781
4.4040,0.6366,2.7524
4.4042,0.6314,2.7302
4.4044,0.6506,2.8118
4.4046,0.6206,2.6847
4.4048,0.6208,2.6833
4.4050,0.6495,2.8058
4.4052,0.6511,2.8113
4.4054,0.6547,2.8281
4.4056,0.6354,2.746
4.4058,0.6308,2.725
4.4060,0.6354,2.7434
4.4062,0.6375,2.7553
4.4064,0.6196,2.6781
4.4066,0.6181,2.6714
4.4068,0.6093,2.6299
4.4070,0.6349,2.7414
4.4072,0.6345,2.7424
4.4074,0.6318,2.7292
4.4076,0.6459,2.789
4.4078,0.6333,2.7359
4.4080,0.6271,2.7065
4.4082,0.6171,2.666
4.4084,0.6295,2.7168
4.4086,0.6184,2.6692
4.4088,0.6509,2.8068
4.4090,0.7266,3.1345
4.4092,0.7588,3.2691
4.4094,0.8288,3.5669
4.4096,0.8356,3.598
4.4098,0.8133,3.5069
4.4100,0.8044,3.4622
4.4102,0.8542,3.6763
4.4104,0.8252,3.5581
4.4106,0.7864,3.3879
4.4108,0.8819,3.7956
4.4110,0.8843,3.8006
4.4112,0.94,4.0496
4.4114,0.7999,3.4506
4.4116,0.7419,3.1993
4.4118,0.7472,3.2205
4.4120,0.7598,3.2702
4.4122,0.8431,3.6289
4.4124,0.8993,3.8668
4.4126,0.968,4.1583
4.4128,0.9388,4.0426
4.4130,0.7921,3.4106
4.4132,0.8455,3.6307
4.4134,0.958,4.1194
4.4136,0.9369,4.0287
4.4138,0.9151,3.9385
4.4140,0.9218,3.96
4.4142,1.0257,4.4025
4.4144,0.9996,4.3003
4.4146,0.947,4.0758
4.4148,0.8863,3.82
4.4150,0.7011,3.023
4.4152,0.7511,3.2431
4.4154,0.6533,2.8224
4.4156,0.5993,2.5876
4.4158,0.5814,2.5128
4.4160,0.5885,2.5445
4.4162,0.6206,2.6773
4.4164,0.7235,3.1153
4.4166,0.7776,3.345
4.4168,0.8347,3.5978
4.4170,0.7622,3.2882
4.4172,0.7108,3.0705
4.4174,0.6692,2.8854
4.4176,0.6923,2.9866
4.4178,0.5906,2.5551
4.4180,0.4736,2.046
4.4182,0.5119,2.2102
4.4184,0.5131,2.2195
4.4186,0.5135,2.2195
4.4188,0.5216,2.2584
4.4190,0.4327,1.8719
4.4192,0.5053,2.1817
4.4194,0.5856,2.5309
4.4196,0.532,2.2993
4.4198,0.5228,2.2583
4.4200,0.5286,2.2827
4.4202,0.5244,2.2666
4.4204,0.5247,2.2666
4.4206,0.5262,2.2734
4.4208,0.5446,2.3515
4.4210,0.5791,2.4983
4.4212,0.6392,2.7549
4.4214,0.6476,2.7937
4.4216,0.6158,2.6554
4.4218,0.6678,2.8744
4.4220,0.7562,3.2532
4.4222,0.7909,3.4055
4.4224,0.7762,3.344
4.4226,0.812,3.4914
4.4228,0.8909,3.8254
4.4230,0.9526,4.0867
4.4232,1.0856,4.6506
4.4234,1.1016,4.7217
4.4236,1.1251,4.8179
4.4238,1.2006,5.1408
4.4240,1.1858,5.0729
4.4242,1.2326,5.2804
4.4244,1.1379,4.8746
4.4246,1.1298,4.8424
4.4248,1.0923,4.6837
4.4250,1.0496,4.5049
4.4252,1.0479,4.4977
4.4254,1.054,4.5197
4.4256,1.0558,4.5296
4.4258,1.0328,4.4308
4.4260,0.9628,4.1362
4.4262,0.899,3.8658
4.4264,0.95,4.083
4.4266,0.9636,4.1475
4.4268,0.8532,3.6722
4.4270,0.8063,3.4721
4.4272,0.8184,3.5242
4.4274,0.788,3.3915
4.4276,0.7571,3.2583
4.4278,0.7798,3.3595
4.4280,0.8074,3.4735
4.4282,0.8801,3.7861
4.4284,0.8419,3.6203
4.4286,0.8937,3.8484
4.4288,0.8141,3.5056
4.4290,0.7598,3.2687
4.4292,0.8051,3.4653
4.4294,0.813,3.5042
4.4296,0.7379,3.1846
4.4298,0.6997,3.0117
4.4300,0.7993,3.4368
4.4302,0.8413,3.6262
4.4304,0.8217,3.5349
4.4306,0.8455,3.6392
4.4308,0.7446,3.2091
4.4310,0.7393,3.1864
4.4312,0.6604,2.8569
4.4314,0.5408,2.3371
4.4316,0.5441,2.3473
4.4318,0.5836,2.521
4.4320,0.5694,2.4587
4.4322,0.5901,2.5494
4.4324,0.5645,2.4375
4.4326,0.6165,2.6597
4.4328,0.6361,2.7466
4.4330,0.6214,2.6809
4.4332,0.6809,2.9375
4.4334,0.6356,2.7458
4.4336,0.5513,2.3816
4.4338,0.5675,2.4493
4.4340,0.6339,2.7372
4.4342,0.6005,2.5904
4.4344,0.5814,2.507
4.4346,0.6362,2.7445
4.4348,0.6355,2.7427
4.4350,0.6458,2.7807
4.4352,0.7289,3.1385
4.4354,0.7383,3.1852
4.4356,0.6394,2.7572
4.4358,0.635,2.7406
4.4360,0.5591,2.4175
4.4362,0.5104,2.206
4.4364,0.5645,2.4375
4.4366,0.5711,2.4637
4.4368,0.5806,2.5034
4.4370,0.6355,2.7402
4.4372,0.6597,2.8472
4.4374,0.6147,2.6519
4.4376,0.6005,2.5916
4.4378,0.5995,2.5863
4.4380,0.593,2.5583
4.4382,0.6445,2.7764
4.4384,0.662,2.8571
4.4386,0.4961,2.1453
4.4388,0.4764,2.0588
4.4390,0.4725,2.0413
4.4392,0.471,2.0346
4.4394,0.4759,2.0577
4.4396,0.4748,2.0512
4.4398,0.4768,2.06
4.4400,0.4738,2.048
4.4402,0.4729,2.0429
4.4404,0.4867,2.0976
4.4406,0.53,2.2894
4.4408,0.4809,2.0766
4.4410,0.4712,2.0347
4.4412,0.4723,2.0412
4.4414,0.4746,2.0501
4.4416,0.485,2.0913
4.4418,0.5838,2.5162
4.4420,0.6206,2.6773
4.4422,0.6033,2.6004
4.4424,0.5996,2.5844
4.4426,0.6529,2.8138
4.4428,0.6813,2.939
4.4430,0.6083,2.6204
4.4432,0.6427,2.7673
4.4434,0.6875,2.9577
4.4436,0.7487,3.2222
4.4438,0.7752,3.3301
4.4440,0.7856,3.378
4.4442,0.7238,3.1212
4.4444,0.6043,2.6082
4.4446,0.5718,2.4668
4.4448,0.5625,2.4253
4.4450,0.578,2.4913
4.4452,0.6386,2.7498
4.4454,0.6764,2.9097
4.4456,0.6969,2.9951
4.4458,0.7431,3.1985
4.4460,0.7099,3.0584
4.4462,0.716,3.0804
4.4464,0.7141,3.0765
4.4466,0.602,2.5983
4.4468,0.5728,2.4709
4.4470,0.5548,2.3911
4.4472,0.5987,2.5778
4.4474,0.6544,2.8218
4.4476,0.5919,2.5537
4.4478,0.582,2.5084
4.4480,0.6439,2.7763
4.4482,0.5851,2.5218
4.4484,0.5701,2.4595
4.4486,0.5483,2.3665
4.4488,0.5356,2.3106
4.4490,0.5423,2.3363
4.4492,0.5547,2.3917
4.4494,0.5471,2.3602
4.4496,0.5314,2.2925
4.4498,0.5525,2.3824
4.4500,0.5412,2.3338
4.4502,0.5325,2.2971
4.4504,0.5074,2.1931
4.4506,0.4426,1.9083
4.4508,0.5036,2.1735
4.4510,0.4306,1.86
4.4512,0.4302,1.8602
4.4514,0.4079,1.7629
4.4516,0.4325,1.8683
4.4518,0.4267,1.8417
4.4520,0.5169,2.2268
4.4522,0.579,2.4966
4.4524,0.5689,2.4475
4.4526,0.6562,2.8243
4.4528,0.6716,2.8931
4.4530,0.6313,2.7195
4.4532,0.5735,2.474
4.4534,0.5308,2.2888
4.4536,0.5536,2.3815
4.4538,0.6503,2.7965
4.4540,0.7303,3.1389
4.4542,0.7599,3.2662
4.4544,0.7433,3.1945
4.4546,0.8041,3.4542
4.4548,0.8473,3.6351
4.4550,0.9032,3.8712
4.4552,0.954,4.0871
4.4554,0.9539,4.0904
4.4556,0.935,4.0111
4.4558,0.9159,3.9275
4.4560,0.9433,4.0466
4.4562,0.9382,4.0306
4.4564,0.8846,3.7897
4.4566,1.0002,4.2869
4.4568,1.0008,4.2895
4.4570,0.9997,4.2728
4.4572,1.1681,4.9877
4.4574,1.2259,5.2418
4.4576,1.2104,5.1732
4.4578,1.2774,5.4597
4.4580,1.1561,4.948
4.4582,1.107,4.7403
4.4584,1.0867,4.6618
4.4586,1.0116,4.3317
4.4588,1.0616,4.5479
4.4590,1.0646,4.5607
4.4592,1.0278,4.4113
4.4594,0.9434,4.0509
4.4596,0.9124,3.918
4.4598,0.9031,3.8725
4.4600,0.967,4.1445
4.4602,0.9841,4.2161
4.4604,1.0096,4.329
4.4606,1.069,4.5819
4.4608,1.0745,4.6077
4.4610,1.0165,4.3527
4.4612,0.9904,4.2428
4.4614,0.9946,4.2727
4.4616,0.8537,3.6657
4.4618,0.887,3.8124
4.4620,0.859,3.6936
4.4622,0.8476,3.6429
4.4624,0.8557,3.6728
4.4626,0.9406,4.0334
4.4628,0.9379,4.0272
4.4630,0.9394,4.0357
4.4632,0.8859,3.8131
4.4634,0.7928,3.4137
4.4636,0.7699,3.3136
4.4638,0.7327,3.158
4.4640,0.6719,2.896
4.4642,0.7512,3.2331
4.4644,0.7698,3.31
4.4646,0.7851,3.3775
4.4648,0.8031,3.4549
4.4650,0.7761,3.3404
4.4652,0.7315,3.1499
4.4654,0.7407,3.1941
4.4656,0.715,3.0772
4.4658,0.7063,3.0415
4.4660,0.7187,3.0918
4.4662,0.7604,3.2728
4.4664,0.6935,2.9862
4.4666,0.6573,2.8369
4.4668,0.6,2.5907
4.4670,0.5849,2.5231
4.4672,0.5876,2.5339
4.4674,0.634,2.734
4.4676,0.6454,2.7805
4.4678,0.646,2.7869
4.4680,0.5983,2.5775
4.4682,0.6579,2.8382
4.4684,0.6506,2.8053
4.4686,0.6399,2.7606
4.4688,0.5821,2.5101
4.4690,0.5755,2.484
4.4692,0.5637,2.4316
4.4694,0.6316,2.7211
4.4696,0.626,2.6993
4.4698,0.5707,2.4621
4.4700,0.6148,2.6525
4.4702,0.6383,2.7564
4.4704,0.5213,2.25
4.4706,0.503,2.1729
4.4708,0.4914,2.1217
4.4710,0.5412,2.3349
4.4712,0.5372,2.3184
4.4714,0.5306,2.2899
4.4716,0.5254,2.2666
4.4718,0.5218,2.2521
4.4720,0.5243,2.264
4.4722,0.531,2.293
4.4724,0.5505,2.3725
4.4726,0.6632,2.853
4.4728,0.7223,3.1072
4.4730,0.7549,3.2475
4.4732,0.7373,3.1747
4.4734,0.6507,2.8032
4.4736,0.663,2.8551
4.4738,0.6395,2.7565
4.4740,0.6368,2.7446
4.4742,0.6658,2.8643
4.4744,0.7296,3.1373
4.4746,0.7339,3.1587
4.4748,0.7447,3.2037
4.4750,0.7597,3.2667
4.4752,0.8121,3.492
4.4754,0.7642,3.2908
4.4756,0.6579,2.8355
4.4758,0.6429,2.7696
4.4760,0.6844,2.9429
4.4762,0.7361,3.1651
4.4764,0.8362,3.5889
4.4766,0.8098,3.4854
4.4768,0.7156,3.0841
4.4770,0.7403,3.1846
4.4772,0.7882,3.3862
4.4774,0.8212,3.5295
4.4776,0.8424,3.6157
4.4778,0.9102,3.9082
4.4780,0.861,3.6972
4.4782,0.8699,3.737
4.4784,0.9031,3.8797
4.4786,0.9066,3.8892
4.4788,0.9382,4.0306
4.4790,0.8252,3.5465
4.4792,0.834,3.583
4.4794,0.8326,3.5835
4.4796,0.7847,3.3791
4.4798,0.7491,3.2213
4.4800,0.7268,3.1341
4.4802,0.6219,2.683
4.4804,0.6095,2.6255
4.4806,0.6583,2.8397
4.4808,0.5681,2.4507
4.4810,0.5457,2.354
4.4812,0.5442,2.35
4.4814,0.5382,2.3209
4.4816,0.5358,2.3137
4.4818,0.5225,2.2552
4.4820,0.6054,2.6092
4.4822,0.6093,2.6262
4.4824,0.5864,2.5299
4.4826,0.6109,2.6317
4.4828,0.6903,2.9737
4.4830,0.6647,2.8623
4.4832,0.6442,2.7753
4.4834,0.6889,2.9707
4.4836,0.6159,2.6571
4.4838,0.5895,2.541
4.4840,0.5951,2.5671
4.4842,0.5256,2.2687
4.4844,0.5091,2.1952
4.4846,0.5159,2.2257
4.4848,0.4988,2.1538
4.4850,0.5135,2.2154
4.4852,0.5153,2.2231
4.4854,0.4894,2.1144
4.4856,0.4848,2.0932
4.4858,0.4854,2.0938
4.4860,0.5388,2.3234
4.4862,0.5423,2.3406
4.4864,0.4887,2.1093
4.4866,0.489,2.1123
4.4868,0.4836,2.089
4.4870,0.5054,2.1782
4.4872,0.5491,2.3646
4.4874,0.6102,2.6298
4.4876,0.5993,2.5828
4.4878,0.587,2.5278
4.4880,0.6273,2.6962
4.4882,0.7536,3.2404
4.4884,0.765,3.2893
4.4886,0.799,3.431
4.4888,0.8582,3.6836
4.4890,0.8574,3.68
4.4892,0.8341,3.5818
4.4894,0.843,3.6233
4.4896,0.8214,3.5256
4.4898,0.8416,3.6154
4.4900,0.8285,3.5593
4.4902,0.8398,3.606
4.4904,0.8174,3.5114
4.4906,0.8584,3.6893
4.4908,0.8166,3.5083
4.4910,0.8132,3.4885
4.4912,0.844,3.6224
4.4914,0.85,3.6515
4.4916,0.9664,4.1439
4.4918,0.9804,4.206
4.4920,0.9139,3.9224
4.4922,0.9072,3.8917
4.4924,0.9006,3.8635
4.4926,0.9048,3.8778
4.4928,0.9446,4.056
4.4930,0.9046,3.8827
4.4932,0.9882,4.2375
4.4934,0.9874,4.228
4.4936,1.0538,4.5145
4.4938,0.9827,4.2217
4.4940,0.8825,3.7875
4.4942,0.9509,4.0795
4.4944,0.9355,4.0187
4.4946,0.9115,3.9139
4.4948,0.9769,4.1872
4.4950,1.0727,4.5957
4.4952,1.0382,4.454
4.4954,0.9123,3.9175
4.4956,0.9104,3.9111
4.4958,0.9005,3.8719
4.4960,0.8404,3.6103
4.4962,0.8734,3.7519
4.4964,0.9258,3.9715
4.4966,0.9415,4.0426
4.4968,0.8734,3.7537
4.4970,0.8195,3.5207
4.4972,0.8085,3.483
4.4974,0.7218,3.111
4.4976,0.675,2.9081
4.4978,0.6527,2.8146
4.4980,0.6513,2.8097
4.4982,0.6121,2.643
4.4984,0.5717,2.4628
4.4986,0.6603,2.8406
4.4988,0.7395,3.186
4.4990,0.6327,2.7283
4.4992,0.6225,2.6856
4.4994,0.6073,2.6187
4.4996,0.5632,2.4318
4.4998,0.4892,2.1143
4.5000,0.4948,2.1357
4.5002,0.5623,2.4225
4.5004,0.5645,2.4341
4.5006,0.5756,2.4787
4.5008,0.5897,2.5427
4.5010,0.6048,2.6066
4.5012,0.5977,2.5785
4.5014,0.5702,2.46
4.5016,0.5452,2.3519
4.5018,0.5008,2.1616
4.5020,0.5328,2.2976
4.5022,0.6099,2.6288
4.5024,0.6041,2.6023
4.5026,0.5748,2.4797
4.5028,0.5289,2.2816
4.5030,0.5425,2.3438
4.5032,0.4923,2.1238
4.5034,0.5196,2.2407
4.5036,0.5844,2.5176
4.5038,0.5672,2.4494
4.5040,0.4858,2.0998
4.5042,0.4087,1.7666
4.5044,0.4003,1.7311
4.5046,0.4206,1.817
4.5048,0.455,1.9648
4.5050,0.449,1.9389
4.5052,0.4491,1.9403
4.5054,0.4458,1.9249
4.5056,0.4453,1.9228
4.5058,0.4471,1.9315
4.5060,0.4478,1.9346
4.5062,0.4532,1.9579
4.5064,0.4463,1.9252
4.5066,0.4441,1.9177
4.5068,0.4463,1.9279
4.5070,0.4476,1.9309
4.5072,0.4643,2.0019
4.5074,0.5213,2.25
4.5076,0.4914,2.1197
4.5078,0.5417,2.3348
4.5080,0.5901,2.5424
4.5082,0.571,2.4609
4.5084,0.5568,2.401
4.5086,0.5627,2.4252
4.5088,0.5677,2.448
4.5090,0.5681,2.4507
4.5092,0.5688,2.4504
4.5094,0.565,2.435
4.5096,0.5538,2.3881
4.5098,0.5808,2.5021
4.5100,0.6478,2.7856
4.5102,0.6704,2.8812
4.5104,0.7309,3.14
4.5106,0.7572,3.2543
4.5108,0.6282,2.7061
4.5110,0.5554,2.3937
4.5112,0.5684,2.45
4.5114,0.5774,2.4865
4.5116,0.6218,2.6775
4.5118,0.672,2.8898
4.5120,0.6983,3.0027
4.5122,0.6718,2.8928
4.5124,0.634,2.7289
4.5126,0.6121,2.6357
4.5128,0.5993,2.5816
4.5130,0.6906,2.9697
4.5132,0.6852,2.9479
4.5134,0.6911,2.969
4.5136,0.7325,3.1511
4.5138,0.6621,2.851
4.5140,0.6609,2.8458
4.5142,0.6078,2.6159
4.5144,0.6247,2.6899
4.5146,0.68,2.9252
4.5148,0.6958,2.9946
4.5150,0.6332,2.7253
4.5152,0.6984,3.0032
4.5154,0.6684,2.873
4.5156,0.6818,2.9288
4.5158,0.7553,3.2476
4.5160,0.7472,3.2145
4.5162,0.7189,3.0871
4.5164,0.7652,3.2934
4.5166,0.6587,2.8352
4.5168,0.674,2.898
4.5170,0.6746,2.9047
4.5172,0.5489,2.3647
4.5174,0.536,2.3089
4.5176,0.6091,2.624
4.5178,0.5943,2.5616
4.5180,0.5412,2.3327
4.5182,0.5744,2.4781
4.5184,0.5207,2.2464
4.5186,0.4965,2.1409
4.5188,0.5003,2.1575
4.5190,0.4988,2.1518
4.5192,0.5007,2.161
4.5194,0.4978,2.1466
4.5196,0.4942,2.1311
4.5198,0.49,2.115
4.5200,0.4866,2.0971
4.5202,0.5098,2.1963
4.5204,0.5496,2.3667
4.5206,0.6074,2.6155
4.5208,0.5929,2.5542
4.5210,0.5872,2.5283
4.5212,0.6814,2.9273
4.5214,0.7399,3.1786
4.5216,0.7627,3.2765
4.5218,0.8153,3.4977
4.5220,0.7931,3.4073
4.5222,0.7063,3.0358
4.5224,0.7743,3.3203
4.5226,0.9356,4.008
4.5228,0.9599,4.1142
4.5230,0.9543,4.092
4.5232,0.95,4.0716
4.5234,0.9598,4.108
4.5236,0.9136,3.9232
4.5238,0.7776,3.3419
4.5240,0.8273,3.5508
4.5242,0.8845,3.7945
4.5244,0.9018,3.8668
4.5246,0.9361,4.0138
4.5248,0.949,4.0637
4.5250,0.9815,4.2028
4.5252,0.938,4.0258
4.5254,0.8723,3.7438
4.5256,0.8995,3.8606
4.5258,0.9217,3.9485
4.5260,0.9524,4.0838
4.5262,0.9052,3.8835
4.5264,0.9241,3.9587
4.5266,0.9687,4.1576
4.5268,0.8401,3.6093
4.5270,0.8122,3.4909
4.5272,0.7768,3.3404
4.5274,0.7871,3.3832
4.5276,0.81,3.4783
4.5278,0.7863,3.378
4.5280,0.8007,3.4382
4.5282,0.8151,3.5032
4.5284,0.7915,3.4017
4.5286,0.8041,3.4574
4.5288,0.806,3.4624
4.5290,0.7952,3.4193
4.5292,0.7668,3.294
4.5294,0.8108,3.4814
4.5296,0.8388,3.5986
4.5298,0.89,3.8235
4.5300,0.7893,3.3893
4.5302,0.7893,3.3987
4.5304,0.6635,2.8611
4.5306,0.623,2.6839
4.5308,0.6725,2.8945
4.5310,0.6459,2.7851
4.5312,0.62,2.6685
4.5314,0.643,2.7702
4.5316,0.6314,2.7188
4.5318,0.6495,2.7993
4.5320,0.659,2.8375
4.5322,0.6881,2.9575
4.5324,0.7457,3.2048
4.5326,0.7424,3.1954
4.5328,0.7235,3.1139
4.5330,0.6652,2.8591
4.5332,0.6471,2.7825
4.5334,0.7395,3.1845
4.5336,0.6865,2.9563
4.5338,0.6832,2.9391
4.5340,0.73,3.1432
4.5342,0.6837,2.9439
4.5344,0.687,2.9542
4.5346,0.6645,2.86
4.5348,0.6405,2.758
4.5350,0.6577,2.8332
4.5352,0.6441,2.7787
4.5354,0.5786,2.4928
4.5356,0.625,2.6902
4.5358,0.7505,3.224
4.5360,0.8056,3.4657
4.5362,0.7376,3.1777
4.5364,0.6557,2.8236
4.5366,0.6423,2.7632
4.5368,0.6935,2.9876
4.5370,0.6821,2.9426
4.5372,0.5705,2.4611
4.5374,0.537,2.3157
4.5376,0.535,2.3069
4.5378,0.5378,2.3166
4.5380,0.5523,2.3802
4.5382,0.5415,2.3359
4.5384,0.549,2.3696
4.5386,0.5514,2.3777
4.5388,0.5487,2.3647
4.5390,0.5678,2.4417
4.5392,0.71,3.0561
4.5394,0.6193,2.6691
4.5396,0.5447,2.3477
4.5398,0.538,2.3198
4.5400,0.5379,2.3215
4.5402,0.5259,2.2687
4.5404,0.5212,2.2474
4.5406,0.5223,2.2521
4.5408,0.5285,2.2758
4.5410,0.5912,2.5482
4.5412,0.6309,2.718
4.5414,0.6322,2.7237
4.5416,0.6307,2.717
4.5418,0.6325,2.7234
4.5420,0.6367,2.7428
4.5422,0.631,2.7172
4.5424,0.6436,2.7676
4.5426,0.6897,2.9614
4.5428,0.8109,3.4803
4.5430,0.8267,3.5549
4.5432,0.7301,3.1408
4.5434,0.7198,3.0979
4.5436,0.7216,3.1013
4.5438,0.7195,3.0939
4.5440,0.7159,3.0842
4.5442,0.641,2.7601
4.5444,0.6271,2.6989
4.5446,0.6216,2.6765
4.5448,0.6791,2.9216
4.5450,0.7242,3.1155
4.5452,0.7431,3.1925
4.5454,0.7431,3.2015
4.5456,0.6443,2.7707
4.5458,0.7596,3.2631
4.5460,0.741,3.1862
4.5462,0.665,2.8633
4.5464,0.6042,2.6028
4.5466,0.6482,2.7885
4.5468,0.7539,3.2419
4.5470,0.6761,2.9127
4.5472,0.594,2.5589
4.5474,0.6231,2.6844
4.5476,0.5901,2.5435
4.5478,0.6206,2.6698
4.5480,0.7126,3.064
4.5482,0.7051,3.0377
4.5484,0.6244,2.6913
4.5486,0.6195,2.6652
4.5488,0.625,2.6939
4.5490,0.5852,2.5177
4.5492,0.668,2.8829
4.5494,0.4578,1.9776
4.5496,0.4044,1.7463
4.5498,0.399,1.7238
4.5500,0.3954,1.7091
4.5502,0.3993,1.7256
4.5504,0.3878,1.6743
4.5506,0.3862,1.6676
4.5508,0.3858,1.6668
4.5510,0.3899,1.6837
4.5512,0.4807,2.0717
4.5514,0.5652,2.4383
4.5516,0.5017,2.1632
4.5518,0.492,2.1213
4.5520,0.5029,2.1704
4.5522,0.5008,2.1606
4.5524,0.4911,2.1167
4.5526,0.4861,2.096
4.5528,0.4842,2.0877
4.5530,0.5314,2.2893
4.5532,0.6387,2.7439
4.5534,0.708,3.0473
4.5536,0.7099,3.057
4.5538,0.7051,3.0278
4.5540,0.7312,3.1396
4.5542,0.7433,3.1931
4.5544,0.767,3.295
4.5546,0.7289,3.1327
4.5548,0.7458,3.2024
4.5550,0.8406,3.6079
4.5552,0.8969,3.8475
4.5554,0.852,3.6551
4.5556,0.8345,3.58
4.5558,0.8711,3.7404
4.5560,0.861,3.6817
4.5562,1.1175,4.7671
4.5564,1.1937,5.102
4.5566,1.1567,4.9483
4.5568,1.1141,4.7684
4.5570,1.1154,4.7674
4.5572,1.154,4.9324
4.5574,1.1431,4.8972
4.5576,0.9963,4.266
4.5578,0.9885,4.2326
4.5580,0.9892,4.2376
4.5582,1.0007,4.289
4.5584,0.9744,4.1803
4.5586,0.9433,4.0466
4.5588,0.969,4.1513
4.5590,0.9775,4.1917
4.5592,0.9593,4.1136
4.5594,0.9757,4.1782
4.5596,1.0763,4.6111
4.5598,1.0212,4.3789
4.5600,0.9654,4.1398
4.5602,0.9677,4.1496
4.5604,0.9738,4.1797
4.5606,0.8582,3.687
4.5608,0.8558,3.6767
4.5610,0.8603,3.6941
4.5612,0.8788,3.7716
4.5614,0.9156,3.9296
4.5616,0.9407,4.0376
4.5618,0.9575,4.1059
4.5620,0.94,4.0327
4.5622,0.8851,3.7989
4.5624,0.9032,3.8748
4.5626,0.921,3.9564
4.5628,0.8368,3.5998
4.5630,0.7808,3.3574
4.5632,0.8111,3.4846
4.5634,0.7868,3.3863
4.5636,0.7321,3.151
4.5638,0.7259,3.1285
4.5640,0.6738,2.9056
4.5642,0.6222,2.6815
4.5644,0.6362,2.7407
4.5646,0.6067,2.6149
4.5648,0.6602,2.8427
4.5650,0.6586,2.8373
4.5652,0.616,2.6527
4.5654,0.6303,2.7154
4.5656,0.6389,2.7539
4.5658,0.6865,2.9604
4.5660,0.6688,2.8825
4.5662,0.6111,2.6352
4.5664,0.5565,2.4017
4.5666,0.4954,2.1393
4.5668,0.4874,2.1055
4.5670,0.4774,2.0616
4.5672,0.4839,2.0896
4.5674,0.4885,2.1102
4.5676,0.4918,2.1218
4.5678,0.5677,2.448
4.5680,0.5648,2.4368
4.5682,0.4869,2.1044
4.5684,0.4332,1.8723
4.5686,0.4508,1.9449
4.5688,0.4809,2.0766
4.5690,0.4894,2.1114
4.5692,0.5354,2.3127
4.5694,0.4571,1.9736
4.5696,0.4421,1.9098
4.5698,0.446,1.9268
4.5700,0.4513,1.9487
4.5702,0.4561,1.9676
4.5704,0.4746,2.0492
4.5706,0.4448,1.9217
4.5708,0.437,1.8854
4.5710,0.4573,1.9737
4.5712,0.4543,1.9617
4.5714,0.4544,1.9631
4.5716,0.4484,1.9363
4.5718,0.4565,1.971
4.5720,0.4623,1.9964
4.5722,0.4572,1.9723
4.5724,0.4523,1.9529
4.5726,0.444,1.918
4.5728,0.4469,1.9287
4.5730,0.4921,2.1228
4.5732,0.5497,2.3672
4.5734,0.6074,2.6167
4.5736,0.6477,2.7903
4.5738,0.6326,2.7227
4.5740,0.661,2.8423
4.5742,0.6615,2.8444
4.5744,0.6708,2.8886
4.5746,0.6354,2.7358
4.5748,0.6421,2.766
4.5750,0.6627,2.8522
4.5752,0.6756,2.9066
4.5754,0.6912,2.9709
4.5756,0.7365,3.1642
4.5758,0.7954,3.4155
4.5760,0.7762,3.3409
4.5762,0.6768,2.9104
4.5764,0.6983,3.0013
4.5766,0.7687,3.3023
4.5768,0.7813,3.3626
4.5770,0.6663,2.8637
4.5772,0.6923,2.9811
4.5774,0.6219,2.678
4.5776,0.6151,2.6486
4.5778,0.6284,2.7059
4.5780,0.6447,2.7735
4.5782,0.7036,3.0268
4.5784,0.703,3.0214
4.5786,0.7616,3.2749
4.5788,0.7071,3.0403
4.5790,0.7204,3.0976
4.5792,0.6996,3.0098
4.5794,0.7217,3.1047
4.5796,0.7096,3.0568
4.5798,0.6583,2.8331
4.5800,0.6622,2.8554
4.5802,0.5814,2.5058
4.5804,0.6141,2.6444
4.5806,0.6138,2.6453
4.5808,0.5205,2.2464
4.5810,0.5324,2.2945
4.5812,0.5848,2.5203
4.5814,0.5527,2.3834
4.5816,0.5206,2.2449
4.5818,0.5057,2.1828
4.5820,0.5475,2.3596
4.5822,0.5144,2.2169
4.5824,0.5089,2.1932
4.5826,0.4591,1.9833
4.5828,0.4008,1.7324
4.5830,0.4027,1.7399
4.5832,0.3934,1.6995
4.5834,0.3903,1.6868
4.5836,0.3887,1.6785
4.5838,0.3886,1.6772
4.5840,0.4085,1.7623
4.5842,0.4862,2.0955
4.5844,0.5149,2.218
4.5846,0.5555,2.3953
4.5848,0.4997,2.1549
4.5850,0.4928,2.1259
4.5852,0.4942,2.1321
4.5854,0.4953,2.1328
4.5856,0.5465,2.3543
4.5858,0.4947,2.1332
4.5860,0.4848,2.0903
4.5862,0.4861,2.095
4.5864,0.4855,2.0934
4.5866,0.4866,2.098
4.5868,0.4937,2.1271
4.5870,0.5236,2.2578
4.5872,0.5664,2.439
4.5874,0.6154,2.6514
4.5876,0.581,2.5008
4.5878,0.5858,2.5179
4.5880,0.6969,2.9965
4.5882,0.7127,3.0631
4.5884,0.7098,3.0522
4.5886,0.7353,3.1591
4.5888,0.7829,3.362
4.5890,0.8132,3.4852
4.5892,0.9633,4.119
4.5894,1.0146,4.3404
4.5896,1.0672,4.5592
4.5898,1.1261,4.8175
4.5900,1.1092,4.7451
4.5902,1.1406,4.875
4.5904,1.1304,4.8337
4.5906,0.996,4.2649
4.5908,0.9206,3.9457
4.5910,0.9332,4.0015
4.5912,0.9439,4.0454
4.5914,0.9575,4.1059
4.5916,0.9495,4.0695
4.5918,0.9339,4.0027
4.5920,0.9265,3.9764
4.5922,0.8421,3.6158
4.5924,0.8686,3.7261
4.5926,0.9151,3.9294
4.5928,0.8916,3.8284
4.5930,0.905,3.8789
4.5932,0.9658,4.1375
4.5934,0.9534,4.0979
4.5936,0.7686,3.3017
4.5938,0.8205,3.5199
4.5940,0.8496,3.6465
4.5942,0.8766,3.7606
4.5944,0.9332,4.0052
4.5946,0.9054,3.884
4.5948,0.9271,3.9771
4.5950,0.9216,3.9553
4.5952,0.9115,3.9084
4.5954,0.9429,4.0394
4.5956,0.9628,4.1304
4.5958,0.916,3.9371
4.5960,0.8292,3.5607
4.5962,0.8987,3.857
4.5964,0.8473,3.6419
4.5966,0.7985,3.4337
4.5968,0.7535,3.2399
4.5970,0.7357,3.1635
4.5972,0.7318,3.1495
4.5974,0.7502,3.2289
4.5976,0.7897,3.3956
4.5978,0.7942,3.4104
4.5980,0.8581,3.6899
4.5982,0.7882,3.3894
4.5984,0.7976,3.4296
4.5986,0.8361,3.5901
4.5988,0.8469,3.633
4.5990,0.9076,3.8956
4.5992,0.8881,3.8206
4.5994,0.7638,3.2872
4.5996,0.7018,3.0204
4.5998,0.7331,3.1522
4.6000,0.7152,3.0825
4.6002,0.606,2.6118
4.6004,0.5832,2.5171
4.6006,0.5748,2.4808
4.6008,0.5845,2.5204
4.6010,0.5832,2.5159
4.6012,0.6018,2.5937
4.6014,0.6012,2.5935
4.6016,0.526,2.2713
4.6018,0.493,2.1249
4.6020,0.5464,2.3538
4.6022,0.6457,2.7776
4.6024,0.6802,2.9329
4.6026,0.5777,2.4921
4.6028,0.5454,2.3518
4.6030,0.5308,2.2877
4.6032,0.5677,2.4457
4.6034,0.5853,2.5252
4.6036,0.5358,2.3115
4.6038,0.532,2.2939
4.6040,0.5308,2.2909
4.6042,0.5636,2.4293
4.6044,0.5484,2.3659
4.6046,0.5335,2.3017
4.6048,0.5323,2.2965
4.6050,0.5313,2.2898
4.6052,0.5327,2.2981
4.6054,0.5399,2.3259
4.6056,0.6648,2.8601
4.6058,0.6927,2.9853
4.6060,0.5645,2.4318
4.6062,0.5364,2.3141
4.6064,0.5311,2.2914
4.6066,0.5357,2.31
4.6068,0.5359,2.3121
4.6070,0.5389,2.3228
4.6072,0.6018,2.5912
4.6074,0.663,2.8537
4.6076,0.6514,2.805
4.6078,0.6557,2.8209
4.6080,0.6897,2.971
4.6082,0.6446,2.7768
4.6084,0.6297,2.709
4.6086,0.6399,2.7541
4.6088,0.6768,2.9117
4.6090,0.7465,3.2099
4.6092,0.7447,3.2022
4.6094,0.7251,3.1123
4.6096,0.799,3.4357
4.6098,0.7156,3.0812
4.6100,0.6347,2.7319
4.6102,0.6303,2.7166
4.6104,0.6315,2.7205
4.6106,0.6316,2.7172
4.6108,0.6659,2.8688
4.6110,0.6308,2.7174
4.6112,0.6168,2.6545
4.6114,0.6816,2.9323
4.6116,0.7195,3.091
4.6118,0.7626,3.2805
4.6120,0.7633,3.2821
4.6122,0.7935,3.4056
4.6124,0.8173,3.5113
4.6126,0.8096,3.4795
4.6128,0.7507,3.2324
4.6130,0.6888,2.9591
4.6132,0.7432,3.1989
4.6134,0.6759,2.9062
4.6136,0.7492,3.2187
4.6138,0.7837,3.3681
4.6140,0.7918,3.4048
4.6142,0.7689,3.3032
4.6144,0.7873,3.3915
4.6146,0.6506,2.8026
4.6148,0.6484,2.7908
4.6150,0.6564,2.8227
4.6152,0.7006,3.0166
4.6154,0.6799,2.9251
4.6156,0.7381,3.1723
4.6158,0.7591,3.2701
4.6160,0.6302,2.7161
4.6162,0.6293,2.7112
4.6164,0.6404,2.76
4.6166,0.5765,2.4846
4.6168,0.5102,2.2049
4.6170,0.4114,1.7788
4.6172,0.4023,1.7369
4.6174,0.459,1.9782
4.6176,0.5542,2.3896
4.6178,0.5098,2.1993
4.6180,0.5207,2.2443
4.6182,0.5805,2.5056
4.6184,0.4972,2.146
4.6186,0.4723,2.0393
4.6188,0.4692,2.0249
4.6190,0.4681,2.0202
4.6192,0.471,2.0317
4.6194,0.4638,2.0007
4.6196,0.4802,2.0715
4.6198,0.4825,2.0794
4.6200,0.4977,2.1471
4.6202,0.526,2.2681
4.6204,0.5628,2.4234
4.6206,0.6216,2.6789
4.6208,0.5874,2.5316
4.6210,0.5871,2.5271
4.6212,0.637,2.7379
4.6214,0.7249,3.1171
4.6216,0.7213,3.0987
4.6218,0.7726,3.3176
4.6220,0.7965,3.4217
4.6222,0.8496,3.6465
4.6224,0.8832,3.7888
4.6226,0.9239,3.9544
4.6228,1.0762,4.6019
4.6230,1.1166,4.7746
4.6232,1.1051,4.7232
4.6234,1.1364,4.8592
4.6236,1.1296,4.8413
4.6238,1.005,4.3054
4.6240,0.9696,4.1616
4.6242,0.9311,3.9945
4.6244,0.9501,4.0701
4.6246,0.9961,4.2673
4.6248,0.9709,4.1614
4.6250,0.9684,4.1526
4.6252,0.9703,4.1627
4.6254,0.9723,4.1651
4.6256,0.9561,4.0996
4.6258,0.9911,4.2497
4.6260,0.9238,3.9669
4.6262,0.8449,3.6264
4.6264,0.89,3.8235
4.6266,0.8938,3.8399
4.6268,0.8735,3.7559
4.6270,0.7375,3.1756
4.6272,0.7211,3.1035
4.6274,0.7267,3.1263
4.6276,0.7335,3.1557
4.6278,0.74,3.1791
4.6280,0.7918,3.4032
4.6282,0.8055,3.4668
4.6284,0.7526,3.2347
4.6286,0.7664,3.2955
4.6288,0.7615,3.2713
4.6290,0.802,3.4534
4.6292,0.7221,3.111
4.6294,0.6551,2.817
4.6296,0.6587,2.8378
4.6298,0.6548,2.8194
4.6300,0.7078,3.0462
4.6302,0.7449,3.2032
4.6304,0.7648,3.2903
4.6306,0.696,3.0012
4.6308,0.5911,2.5476
4.6310,0.5758,2.4815
4.6312,0.5723,2.4654
4.6314,0.6039,2.6053
4.6316,0.5796,2.5003
4.6318,0.5802,2.5018
4.6320,0.5475,2.3606
4.6322,0.5346,2.3085
4.6324,0.5008,2.1595
4.6326,0.5886,2.5356
4.6328,0.5752,2.4835
4.6330,0.5274,2.2774
4.6332,0.5003,2.1604
4.6334,0.4928,2.1259
4.6336,0.5785,2.4968
4.6338,0.5545,2.3878
4.6340,0.6182,2.6632
4.6342,0.6072,2.6144
4.6344,0.5738,2.4721
4.6346,0.6127,2.637
4.6348,0.7075,3.048
4.6350,0.6696,2.8821
4.6352,0.6428,2.7691
4.6354,0.6261,2.6948
4.6356,0.7225,3.1082
4.6358,0.6644,2.8594
4.6360,0.624,2.6842
4.6362,0.6967,2.9959
4.6364,0.7269,3.1302
4.6366,0.6706,2.8902
4.6368,0.654,2.8163
4.6370,0.6796,2.9249
4.6372,0.6696,2.8821
4.6374,0.6244,2.6875
4.6376,0.6259,2.695
4.6378,0.6525,2.8148
4.6380,0.5481,2.3687
4.6382,0.4628,1.9984
4.6384,0.4579,1.9772
4.6386,0.456,1.9698
4.6388,0.4517,1.9512
4.6390,0.4541,1.9606
4.6392,0.4537,1.9581
4.6394,0.4539,1.9601
4.6396,0.4596,1.9853
4.6398,0.4561,1.9694
4.6400,0.4686,2.0214
4.6402,0.4707,2.0297
4.6404,0.5351,2.3052
4.6406,0.603,2.5976
4.6408,0.617,2.6605
4.6410,0.5708,2.4614
4.6412,0.5671,2.4443
4.6414,0.5638,2.4276
4.6416,0.5524,2.3796
4.6418,0.557,2.3986
4.6420,0.5988,2.5783
4.6422,0.669,2.8782
4.6424,0.6696,2.8781
4.6426,0.7196,3.0944
4.6428,0.7128,3.0679
4.6430,0.659,2.8401
4.6432,0.5533,2.3837
4.6434,0.5454,2.3507
4.6436,0.5406,2.3312
4.6438,0.5367,2.3141
4.6440,0.5345,2.3026
4.6442,0.5393,2.3244
4.6444,0.5443,2.3461
4.6446,0.5987,2.5778
4.6448,0.6331,2.7247
4.6450,0.6817,2.9342
4.6452,0.6831,2.9385
4.6454,0.6703,2.8852
4.6456,0.6349,2.735
4.6458,0.5517,2.3765
4.6460,0.5656,2.4364
4.6462,0.6134,2.645
4.6464,0.532,2.2918
4.6466,0.5404,2.3258
4.6468,0.5865,2.5315
4.6470,0.4844,2.0896
4.6472,0.4634,1.9973
4.6474,0.4719,2.0359
4.6476,0.465,2.0059
4.6478,0.4574,1.9742
4.6480,0.4429,1.9116
4.6482,0.4682,2.0189
4.6484,0.5325,2.2939
4.6486,0.5608,2.4158
4.6488,0.5458,2.3523
4.6490,0.51,2.1973
4.6492,0.5331,2.2997
4.6494,0.511,2.2004
4.6496,0.5755,2.4747
4.6498,0.6145,2.6459
4.6500,0.6441,2.7735
4.6502,0.612,2.6339
4.6504,0.5605,2.4136
4.6506,0.6117,2.6341
4.6508,0.5666,2.4411
4.6510,0.5339,2.3022
4.6512,0.4934,2.1284
4.6514,0.4971,2.1445
4.6516,0.509,2.1947
4.6518,0.4941,2.1306
4.6520,0.4819,2.0788
4.6522,0.4678,2.0183
4.6524,0.484,2.0852
4.6526,0.5074,2.1839
4.6528,0.5754,2.4788
4.6530,0.5928,2.5513
4.6532,0.6097,2.6216
4.6534,0.6891,2.9602
4.6536,0.7706,3.3135
4.6538,0.7308,3.1394
4.6540,0.7597,3.2575
4.6542,0.8148,3.4972
4.6544,0.8556,3.6705
4.6546,0.8757,3.7604
4.6548,0.8118,3.4828
4.6550,0.8218,3.5271
4.6552,0.8362,3.5888
4.6554,0.8491,3.641
4.6556,0.8935,3.8259
4.6558,0.9942,4.2571
4.6560,0.9537,4.0817
4.6562,0.9983,4.2706
4.6564,1.08,4.6204
4.6566,1.1029,4.714
4.6568,1.1386,4.8639
4.6570,1.1272,4.8288
4.6572,0.9676,4.1451
4.6574,0.9298,3.9889
4.6576,0.9167,3.9328
4.6578,0.9007,3.8639
4.6580,0.8942,3.8325
4.6582,0.951,4.0723
4.6584,1.0545,4.507
4.6586,1.1594,4.96
4.6588,1.0591,4.5328
4.6590,1.0534,4.5129
4.6592,1.0605,4.5368
4.6594,1.0788,4.6218
4.6596,1.0189,4.369
4.6598,0.9437,4.0523
4.6600,0.8566,3.678
4.6602,0.8051,3.4588
4.6604,0.7996,3.4303
4.6606,0.9082,3.8963
4.6608,0.917,3.932
4.6610,0.876,3.7684
4.6612,0.8012,3.4418
4.6614,0.8032,3.4505
4.6616,0.805,3.4567
4.6618,0.8578,3.6832
4.6620,0.9195,3.941
4.6622,0.9768,4.1886
4.6624,0.9236,3.9751
4.6626,0.7243,3.1189
4.6628,0.7063,3.04
4.6630,0.6832,2.9363
4.6632,0.7703,3.3079
4.6634,0.8676,3.7254
4.6636,0.8643,3.7115
4.6638,0.8299,3.5687
4.6640,0.7954,3.4218
4.6642,0.8478,3.6371
4.6644,0.8893,3.8204
4.6646,0.8311,3.5755
4.6648,0.7201,3.0993
4.6650,0.6461,2.7822
4.6652,0.7055,3.035
4.6654,0.742,3.1938
4.6656,0.7525,3.2387
4.6658,0.7247,3.1175
4.6660,0.6913,2.9796
4.6662,0.6377,2.7423
4.6664,0.7166,3.0815
4.6666,0.7918,3.4032
4.6668,0.8062,3.465
4.6670,0.7959,3.4223
4.6672,0.8149,3.5059
4.6674,0.7488,3.2272
4.6676,0.6133,2.6457
4.6678,0.5774,2.4899
4.6680,0.5805,2.5022
4.6682,0.5897,2.5403
4.6684,0.6741,2.9012
4.6686,0.7144,3.0846
4.6688,0.5861,2.5283
4.6690,0.5582,2.4072
4.6692,0.5931,2.5552
4.6694,0.6,2.5907
4.6696,0.532,2.295
4.6698,0.521,2.2464
4.6700,0.5273,2.2738
4.6702,0.5404,2.3323
4.6704,0.5395,2.3297
4.6706,0.5371,2.3172
4.6708,0.5338,2.3017
4.6710,0.5573,2.403
4.6712,0.5404,2.3301
4.6714,0.5375,2.3166
4.6716,0.5493,2.3673
4.6718,0.5394,2.3281
4.6720,0.5277,2.2764
4.6722,0.5514,2.3788
4.6724,0.5574,2.3991
4.6726,0.6266,2.7006
4.6728,0.6307,2.7182
4.6730,0.6325,2.7221
4.6732,0.687,2.9528
4.6734,0.7555,3.247
4.6736,0.8163,3.505
4.6738,0.8207,3.5274
4.6740,0.7586,3.2635
4.6742,0.753,3.2407
4.6744,0.7408,3.1857
4.6746,0.7279,3.1271
4.6748,0.7815,3.3573
4.6750,0.8687,3.7283
4.6752,0.9038,3.8791
4.6754,0.9147,3.9241
4.6756,0.9702,4.1545
4.6758,1.0121,4.3377
4.6760,0.9973,4.2805
4.6762,0.8681,3.7309
4.6764,0.8637,3.7072
4.6766,0.9226,3.9599
4.6768,0.9641,4.1379
4.6770,0.9215,3.9645
4.6772,0.7332,3.16
4.6774,0.6422,2.7678
4.6776,0.6328,2.7224
4.6778,0.711,3.0587
4.6780,0.7524,3.2351
4.6782,0.7646,3.2862
4.6784,0.8422,3.6163
4.6786,0.8533,3.6761
4.6788,0.6869,2.9605
4.6790,0.6582,2.8344
4.6792,0.6162,2.6569
4.6794,0.5469,2.3591
4.6796,0.5358,2.3126
4.6798,0.5346,2.3074
4.6800,0.5231,2.2567
4.6802,0.5543,2.3879
4.6804,0.5988,2.5807
4.6806,0.5969,2.5736
4.6808,0.5976,2.5767
4.6810,0.6219,2.6792
4.6812,0.6204,2.6712
4.6814,0.6021,2.594
4.6816,0.6534,2.8124
4.6818,0.7568,3.2512
4.6820,0.7785,3.3507
4.6822,0.6817,2.9356
4.6824,0.6522,2.8112
4.6826,0.6267,2.6986
4.6828,0.613,2.6459
4.6830,0.5259,2.2676
4.6832,0.5123,2.2132
4.6834,0.4653,2.0074
4.6836,0.5309,2.2925
4.6838,0.4965,2.1419
4.6840,0.4913,2.1206
4.6842,0.4959,2.1403
4.6844,0.4966,2.1424
4.6846,0.4936,2.1285
4.6848,0.4928,2.1268
4.6850,0.5204,2.2427
4.6852,0.6436,2.7688
4.6854,0.6445,2.7815
4.6856,0.5073,2.1895
4.6858,0.5081,2.1921
4.6860,0.5121,2.2081
4.6862,0.4919,2.1222
4.6864,0.5129,2.2128
4.6866,0.5689,2.4509
4.6868,0.628,2.7043
4.6870,0.6075,2.6184
4.6872,0.5861,2.5248
4.6874,0.6261,2.6935
4.6876,0.7009,3.0126
4.6878,0.7474,3.214
4.6880,0.7172,3.0798
4.6882,0.7554,3.2435
4.6884,0.8241,3.5303
4.6886,0.9543,4.0919
4.6888,0.9622,4.122
4.6890,0.9723,4.1651
4.6892,0.9756,4.1815
4.6894,0.967,4.1483
4.6896,0.9665,4.1443
4.6898,0.9916,4.2538
4.6900,0.9332,3.9996
4.6902,0.9538,4.0879
4.6904,1.0238,4.384
4.6906,1.0019,4.294
4.6908,0.957,4.1018
4.6910,1.0055,4.3094
4.6912,1.0015,4.2925
4.6914,0.97,4.167
4.6916,0.8711,3.7421
4.6918,0.8966,3.8464
4.6920,0.8874,3.8086
4.6922,0.8542,3.6694
4.6924,0.8429,3.6227
4.6926,0.8498,3.6441
4.6928,0.9446,4.0559
4.6930,0.8046,3.4632
4.6932,0.7241,3.1164
4.6934,0.7238,3.1139
4.6936,0.7268,3.1282
4.6938,0.7504,3.2269
4.6940,0.8038,3.4531
4.6942,0.8494,3.6488
4.6944,0.8209,3.5317
4.6946,0.8185,3.5181
4.6948,0.8217,3.5282
4.6950,0.8907,3.823
4.6952,0.9269,3.9802
4.6954,0.8544,3.6705
4.6956,0.793,3.4099
4.6958,0.7712,3.3161
4.6960,0.7756,3.3429
4.6962,0.6671,2.8713
4.6964,0.7066,3.0396
4.6966,0.7422,3.1928
4.6968,0.7329,3.156
4.6970,0.714,3.0716
4.6972,0.7223,3.1101
4.6974,0.6823,2.9422
4.6976,0.6303,2.7166
4.6978,0.6546,2.8202
4.6980,0.6917,2.977
4.6982,0.741,3.1921
4.6984,0.6497,2.799
4.6986,0.6225,2.6805
4.6988,0.6267,2.6999
4.6990,0.5889,2.5419
4.6992,0.5094,2.2008
4.6994,0.4909,2.1205
4.6996,0.5002,2.1579
4.6998,0.5244,2.2624
4.7000,0.5027,2.1708
4.7002,0.487,2.103
4.7004,0.5009,2.161
4.7006,0.4977,2.1471
4.7008,0.5006,2.1625
4.7010,0.5092,2.1977
4.7012,0.5147,2.2195
4.7014,0.5536,2.3881
4.7016,0.5147,2.2226
4.7018,0.505,2.1816
4.7020,0.4459,1.9263
4.7022,0.4278,1.8472
4.7024,0.4529,1.9572
4.7026,0.4434,1.9145
4.7028,0.4442,1.919
4.7030,0.4477,1.935
4.7032,0.4466,1.9294
4.7034,0.4493,1.939
4.7036,0.4452,1.9232
4.7038,0.4441,1.9185
4.7040,0.4495,1.9409
4.7042,0.4482,1.9325
4.7044,0.4499,1.9425
4.7046,0.4488,1.9378
4.7048,0.4483,1.9349
4.7050,0.4496,1.9423
4.7052,0.4517,1.9512
4.7054,0.4579,1.9744
4.7056,0.5069,2.1839
4.7058,0.5187,2.2365
4.7060,0.5409,2.3311
4.7062,0.5598,2.4116
4.7064,0.5622,2.4197
4.7066,0.5906,2.5444
4.7068,0.6038,2.6024
4.7070,0.572,2.4632
4.7072,0.562,2.4221
4.7074,0.5602,2.4154
4.7076,0.5546,2.3894
4.7078,0.5605,2.4136
4.7080,0.6162,2.6519
4.7082,0.6985,3.0009
4.7084,0.8063,3.4672
4.7086,0.7504,3.2269
4.7088,0.715,3.0772
4.7090,0.6429,2.7709
4.7092,0.5442,2.3467
4.7094,0.5334,2.3023
4.7096,0.5282,2.2763
4.7098,0.5277,2.2764
4.7100,0.529,2.281
4.7102,0.537,2.3156
4.7104,0.5311,2.2882
4.7106,0.5662,2.4379
4.7108,0.5599,2.4088
4.7110,0.604,2.5986
4.7112,0.6605,2.8415
4.7114,0.6917,2.9743
4.7116,0.7248,3.1166
4.7118,0.7714,3.3125
4.7120,0.7289,3.1385
4.7122,0.6226,2.681
4.7124,0.6127,2.6382
4.7126,0.5983,2.5762
4.7128,0.6262,2.6928
4.7130,0.6954,2.9944
4.7132,0.6334,2.7275
4.7134,0.6719,2.8906
4.7136,0.6569,2.8274
4.7138,0.6972,3.0008
4.7140,0.6786,2.9154
4.7142,0.7202,3.097
4.7144,0.6526,2.8088
4.7146,0.6696,2.8808
4.7148,0.7031,3.0247
4.7150,0.6464,2.7846
4.7152,0.6265,2.6963
4.7154,0.6603,2.8418
4.7156,0.5815,2.5028
4.7158,0.6175,2.6551
4.7160,0.6875,2.9562
4.7162,0.6929,2.9864
4.7164,0.6013,2.5867
4.7166,0.6831,2.9399
4.7168,0.6316,2.7236
4.7170,0.5317,2.294
4.7172,0.5194,2.2386
4.7174,0.5142,2.2164
4.7176,0.5079,2.189
4.7178,0.509,2.1947
4.7180,0.517,2.2303
4.7182,0.5098,2.1983
4.7184,0.5241,2.2567
4.7186,0.5485,2.3664
4.7188,0.5045,2.1755
4.7190,0.4981,2.1486
4.7192,0.4929,2.1254
4.7194,0.5018,2.1626
4.7196,0.5356,2.3073
4.7198,0.596,2.5652
4.7200,0.5998,2.5842
4.7202,0.5747,2.4734
4.7204,0.6049,2.5974
4.7206,0.7194,3.0876
4.7208,0.7911,3.3906
4.7210,0.8591,3.6837
4.7212,0.8753,3.7548
4.7214,0.867,3.7194
4.7216,0.8719,3.7387
4.7218,0.9226,3.9506
4.7220,0.9774,4.1814
4.7222,0.9905,4.2392
4.7224,0.9824,4.2088
4.7226,0.9678,4.15
4.7228,0.9588,4.1114
4.7230,0.999,4.2777
4.7232,0.9864,4.2277
4.7234,0.926,3.965
4.7236,0.9893,4.2341
4.7238,0.9709,4.1653
4.7240,0.9217,3.9521
4.7242,0.8886,3.8173
4.7244,0.8295,3.565
4.7246,0.8139,3.4947
4.7248,0.8131,3.4933
4.7250,0.8001,3.4339
4.7252,0.838,3.5982
4.7254,0.8232,3.5333
4.7256,0.875,3.7573
4.7258,0.8741,3.7532
4.7260,0.8688,3.7306
4.7262,0.8482,3.642
4.7264,0.7916,3.4037
4.7266,0.7773,3.3362
4.7268,0.8498,3.6441
4.7270,0.8783,3.7695
4.7272,0.963,4.1294
4.7274,0.9907,4.2522
4.7276,0.842,3.6191
4.7278,0.8476,3.6394
4.7280,0.867,3.7263
4.7282,0.8073,3.4648
4.7284,0.7953,3.4181
4.7286,0.7369,3.1686
4.7288,0.7157,3.076
4.7290,0.752,3.2366
4.7292,0.7446,3.2046
4.7294,0.6813,2.9362
4.7296,0.5729,2.4702
4.7298,0.5903,2.5452
4.7300,0.5712,2.463
4.7302,0.5644,2.4324
4.7304,0.5503,2.373
4.7306,0.5647,2.4362
4.7308,0.5841,2.5165
4.7310,0.6486,2.7931
4.7312,0.6827,2.9397
4.7314,0.7405,3.1826
4.7316,0.7512,3.227
4.7318,0.7645,3.2842
4.7320,0.7688,3.3042
4.7322,0.7983,3.4374
4.7324,0.6941,2.9888
4.7326,0.6721,2.8902
4.7328,0.7078,3.0462
4.7330,0.7044,3.0317
4.7332,0.661,2.8463
4.7334,0.626,2.6955
4.7336,0.6797,2.9214
4.7338,0.7665,3.2991
4.7340,0.6829,2.9407
4.7342,0.6308,2.7174
4.7344,0.6225,2.683
4.7346,0.7038,3.0235
4.7348,0.7867,3.3779
4.7350,0.809,3.4801
4.7352,0.6952,2.9934
4.7354,0.6948,2.9891
4.7356,0.6934,2.9884
4.7358,0.6749,2.9075
4.7360,0.6747,2.9024
4.7362,0.7185,3.0898
4.7364,0.7239,3.1217
4.7366,0.5846,2.5221
4.7368,0.549,2.3662
4.7370,0.5734,2.4723
4.7372,0.5364,2.3141
4.7374,0.5298,2.2867
4.7376,0.5291,2.2826
4.7378,0.531,2.2877
4.7380,0.6069,2.6134
4.7382,0.6169,2.6612
4.7384,0.5442,2.3488
4.7386,0.5289,2.2794
4.7388,0.5298,2.2857
4.7390,0.5293,2.2826
4.7392,0.5901,2.5423
4.7394,0.6381,2.7464
4.7396,0.631,2.7172
4.7398,0.6303,2.7153
4.7400,0.6289,2.7079
4.7402,0.6313,2.717
4.7404,0.6303,2.7141
4.7406,0.6574,2.8281
4.7408,0.7566,3.2487
4.7410,0.7911,3.4017
4.7412,0.732,3.1475
4.7414,0.7153,3.0773
4.7416,0.671,2.8891
4.7418,0.6436,2.7701
4.7420,0.631,2.7197
4.7422,0.625,2.6939
4.7424,0.6181,2.6602
4.7426,0.616,2.6539
4.7428,0.61,2.6281
4.7430,0.6106,2.6319
4.7432,0.6037,2.5983
4.7434,0.607,2.6139
4.7436,0.6094,2.6255
4.7438,0.619,2.6668
4.7440,0.625,2.6901
4.7442,0.6787,2.9186
4.7444,0.701,3.0145
4.7446,0.7313,3.1459
4.7448,0.6828,2.9375
4.7450,0.637,2.7443
4.7452,0.569,2.4537
4.7454,0.5704,2.4559
4.7456,0.6171,2.6561
4.7458,0.6255,2.6947
4.7460,0.6459,2.7799
4.7462,0.6711,2.8896
4.7464,0.6266,2.6968
4.7466,0.6371,2.7435
4.7468,0.6172,2.6566
4.7470,0.5874,2.5304
4.7472,0.6069,2.6171
4.7474,0.5955,2.5656
4.7476,0.6036,2.6002
4.7478,0.6067,2.6124
4.7480,0.6224,2.6788
4.7482,0.5862,2.5311
4.7484,0.4225,1.8253
4.7486,0.3997,1.7277
4.7488,0.3977,1.7181
4.7490,0.3983,1.7207
4.7492,0.3973,1.7157
4.7494,0.4521,1.9496
4.7496,0.5153,2.2221
4.7498,0.488,2.1042
4.7500,0.4841,2.0876
4.7502,0.4838,2.0871
4.7504,0.5122,2.2096
4.7506,0.4913,2.1196
4.7508,0.4834,2.0855
4.7510,0.5092,2.1957
4.7512,0.5222,2.2484
4.7514,0.6079,2.6163
4.7516,0.5546,2.3905
4.7518,0.5064,2.1828
4.7520,0.5359,2.3078
4.7522,0.5924,2.5486
4.7524,0.5969,2.5712
4.7526,0.6034,2.5984
4.7528,0.6437,2.7719
4.7530,0.6718,2.8873
4.7532,0.7166,3.0758
4.7534,0.7561,3.2451
4.7536,0.7302,3.1368
4.7538,0.8001,3.4339
4.7540,0.8314,3.5683
4.7542,0.8199,3.5172
4.7544,0.8549,3.6708
4.7546,0.8666,3.7178
4.7548,0.861,3.6954
4.7550,0.8599,3.6804
4.7552,1.0197,4.3685
4.7554,1.0261,4.3958
4.7556,0.9818,4.2121
4.7558,0.9478,4.0603
4.7560,0.9595,4.1126
4.7562,0.9441,4.0463
4.7564,0.9509,4.0737
4.7566,0.9506,4.0684
4.7568,1.0599,4.5385
4.7570,0.986,4.2321
4.7572,0.8604,3.6945
4.7574,0.8512,3.6583
4.7576,0.8359,3.5845
4.7578,0.9432,4.0408
4.7580,0.9846,4.22
4.7582,0.966,4.1423
4.7584,0.9968,4.2645
4.7586,1.0398,4.4606
4.7588,0.9521,4.0827
4.7590,0.9858,4.2251
4.7592,0.9696,4.1538
4.7594,1.0426,4.4687
4.7596,0.9619,4.1248
4.7598,0.8872,3.8098
4.7600,0.8452,3.6308
4.7602,0.7861,3.3832
4.7604,0.7316,3.1489
4.7606,0.7244,3.1179
4.7608,0.698,3.0016
4.7610,0.7522,3.2346
4.7612,0.8223,3.5308
4.7614,0.855,3.6765
4.7616,0.7737,3.3285
4.7618,0.7677,3.3042
4.7620,0.759,3.2665
4.7622,0.6835,2.9433
4.7624,0.7001,3.0118
4.7626,0.748,3.2181
4.7628,0.7042,3.0307
4.7630,0.6644,2.862
4.7632,0.6894,2.97
4.7634,0.6721,2.8943
4.7636,0.6406,2.7623
4.7638,0.5906,2.5456
4.7640,0.6049,2.6046
4.7642,0.6174,2.6596
4.7644,0.5774,2.4887
4.7646,0.5719,2.4627
4.7648,0.7069,3.0412
4.7650,0.757,3.2568
4.7652,0.7093,3.0515
4.7654,0.6706,2.8889
4.7656,0.5973,2.5793
4.7658,0.5106,2.2009
4.7660,0.5616,2.4183
4.7662,0.617,2.6543
4.7664,0.725,3.122
4.7666,0.6909,2.9734
4.7668,0.667,2.8761
4.7670,0.5555,2.3964
4.7672,0.5574,2.4035
4.7674,0.5405,2.3328
4.7676,0.5433,2.3425
4.7678,0.5683,2.4449
4.7680,0.6621,2.8549
4.7682,0.5383,2.3256
4.7684,0.4724,2.0398
4.7686,0.4762,2.0545
4.7688,0.4834,2.0865
4.7690,0.4977,2.1481
4.7692,0.4511,1.9495
4.7694,0.3892,1.6813
4.7696,0.3943,1.7028
4.7698,0.4014,1.7341
4.7700,0.4374,1.8895
4.7702,0.4789,2.0687
4.7704,0.4415,1.9071
4.7706,0.4332,1.8697
4.7708,0.4551,1.9644
4.7710,0.4593,1.9825
4.7712,0.4471,1.9297
4.7714,0.4386,1.8938
4.7716,0.4479,1.9333
4.7718,0.4696,2.0251
4.7720,0.5011,2.1575
4.7722,0.5651,2.4344
4.7724,0.581,2.5019
4.7726,0.6489,2.7915
4.7728,0.6761,2.9073
4.7730,0.6771,2.9127
4.7732,0.6689,2.879
4.7734,0.6956,2.9955
4.7736,0.6948,2.9863
4.7738,0.7512,3.2255
4.7740,0.8085,3.4716
4.7742,0.8483,3.6374
4.7744,0.8637,3.7089
4.7746,0.7737,3.3223
4.7748,0.8027,3.4533
4.7750,0.6977,3.0042
4.7752,0.6373,2.7428
4.7754,0.7024,3.0174
4.7756,0.7516,3.2306
4.7758,0.7364,3.1622
4.7760,0.7163,3.0814
4.7762,0.665,2.8606
4.7764,0.6702,2.8874
4.7766,0.6731,2.8984
4.7768,0.6797,2.9268
4.7770,0.6502,2.7946
4.7772,0.7238,3.1153
4.7774,0.6891,2.9643
4.7776,0.6574,2.8295
4.7778,0.6814,2.9245
4.7780,0.8116,3.4882
4.7782,0.7365,3.17
4.7784,0.6275,2.7085
4.7786,0.4907,2.118
4.7788,0.4678,2.0192
4.7790,0.4664,2.0139
4.7792,0.4626,1.9955
4.7794,0.4646,2.0043
4.7796,0.465,2.0059
4.7798,0.4656,2.0084
4.7800,0.4698,2.0284
4.7802,0.4654,2.0107
4.7804,0.4543,1.9616
4.7806,0.4539,1.9592
4.7808,0.4405,1.8995
4.7810,0.4554,1.9636
4.7812,0.507,2.1854
4.7814,0.5192,2.2376
4.7816,0.5072,2.1849
4.7818,0.5301,2.2857
4.7820,0.5569,2.4015
4.7822,0.5216,2.2489
4.7824,0.5132,2.2117
4.7826,0.511,2.2024
4.7828,0.5682,2.4455
4.7830,0.626,2.6943
4.7832,0.6086,2.6206
4.7834,0.5882,2.5317
4.7836,0.5894,2.538
4.7838,0.5893,2.5387
4.7840,0.5839,2.5155
4.7842,0.5291,2.2826
4.7844,0.4889,2.1093
4.7846,0.4895,2.1109
4.7848,0.4847,2.0893
4.7850,0.4829,2.0825
4.7852,0.4859,2.0964
4.7854,0.484,2.0871
4.7856,0.5033,2.1684
4.7858,0.5605,2.4147
4.7860,0.5489,2.3635
4.7862,0.5403,2.3264
4.7864,0.6043,2.5996
4.7866,0.594,2.5565
4.7868,0.5966,2.5702
4.7870,0.5951,2.5587
4.7872,0.6815,2.9291
4.7874,0.7405,3.1811
4.7876,0.766,3.2924
4.7878,0.7253,3.1128
4.7880,0.7972,3.4184
4.7882,0.8435,3.6236
4.7884,0.7769,3.3346
4.7886,0.8438,3.6184
4.7888,0.9305,3.9864
4.7890,0.9655,4.1325
4.7892,0.967,4.1445
4.7894,0.933,3.9972
4.7896,0.9058,3.8878
4.7898,0.8253,3.5486
4.7900,0.7702,3.3058
4.7902,0.835,3.5804
4.7904,0.8792,3.7701
4.7906,0.8959,3.8433
4.7908,0.8833,3.7875
4.7910,0.901,3.86
4.7912,0.9412,4.0321
4.7914,0.9601,4.1133
4.7916,0.9484,4.0648
4.7918,0.938,4.0239
4.7920,0.9079,3.8948
4.7922,0.9348,4.0067
4.7924,0.9411,4.0297
4.7926,0.9539,4.0846
4.7928,0.9449,4.0556
4.7930,0.9193,3.9418
4.7932,0.9225,3.9594
4.7934,0.8223,3.5341
4.7936,0.8033,3.4559
4.7938,0.7797,3.348
4.7940,0.8117,3.4822
4.7942,0.8995,3.8569
4.7944,0.9498,4.0748
4.7946,0.9104,3.8983
4.7948,0.9601,4.1229
4.7950,0.867,3.7263
4.7952,0.7561,3.2557
4.7954,0.7073,3.0413
4.7956,0.7176,3.0885
4.7958,0.7104,3.0547
4.7960,0.7305,3.1399
4.7962,0.7347,3.1594
4.7964,0.744,3.202
4.7966,0.7418,3.1942
4.7968,0.7503,3.2264
4.7970,0.7424,3.1938
4.7972,0.7184,3.0907
4.7974,0.7422,3.1884
4.7976,0.8118,3.4876
4.7978,0.7911,3.4033
4.7980,0.7334,3.1552
4.7982,0.7313,3.1444
4.7984,0.7375,3.1727
4.7986,0.7355,3.1683
4.7988,0.6772,2.9105
4.7990,0.7151,3.0777
4.7992,0.6738,2.9015
4.7994,0.6827,2.9424
4.7996,0.6214,2.6784
4.7998,0.5874,2.534
4.8000,0.5988,2.5807
4.8002,0.5858,2.5237
4.8004,0.5844,2.5187
4.8006,0.5748,2.4785
4.8008,0.5662,2.439
4.8010,0.5766,2.4851
4.8012,0.6295,2.7067
4.8014,0.7431,3.1955
4.8016,0.716,3.0904
4.8018,0.532,2.295
4.8020,0.4958,2.1388
4.8022,0.4988,2.1517
4.8024,0.5278,2.2737
4.8026,0.5551,2.3926
4.8028,0.5467,2.3575
4.8030,0.5507,2.3735
4.8032,0.5873,2.5334
4.8034,0.5401,2.328
4.8036,0.5381,2.3214
4.8038,0.5291,2.2826
4.8040,0.5246,2.2608
4.8042,0.525,2.2629
4.8044,0.5264,2.2665
4.8046,0.5869,2.5248
4.8048,0.6906,2.9765
4.8050,0.5811,2.5071
4.8052,0.5406,2.3301
4.8054,0.5365,2.3125
4.8056,0.576,2.4791
4.8058,0.6664,2.8682
4.8060,0.6656,2.8659
4.8062,0.6502,2.7972
4.8064,0.6477,2.7864
4.8066,0.6931,2.9832
4.8068,0.6688,2.8798
4.8070,0.656,2.8233
4.8072,0.6861,2.9459
4.8074,0.8163,3.5018
4.8076,0.8248,3.5416
4.8078,0.8069,3.4633
4.8080,0.8629,3.7053
4.8082,0.779,3.3512
4.8084,0.6784,2.9238
4.8086,0.6208,2.6758
4.8088,0.6169,2.655
4.8090,0.6193,2.6641
4.8092,0.619,2.6656
4.8094,0.6726,2.899
4.8096,0.6345,2.7322
4.8098,0.6154,2.6501
4.8100,0.6138,2.6441
4.8102,0.6159,2.6497
4.8104,0.6477,2.7889
4.8106,0.6122,2.6349
4.8108,0.6572,2.8258
4.8110,0.7278,3.128
4.8112,0.787,3.3779
4.8114,0.8483,3.6425
4.8116,0.795,3.4219
4.8118,0.64,2.7572
4.8120,0.6335,2.728
4.8122,0.6765,2.9115
4.8124,0.6778,2.9158
4.8126,0.6814,2.9327
4.8128,0.6855,2.9516
4.8130,0.7211,3.102
4.8132,0.7513,3.229
4.8134,0.7514,3.2295
4.8136,0.7779,3.3419
4.8138,0.7859,3.3764
4.8140,0.7483,3.2221
4.8142,0.6455,2.7797
4.8144,0.6729,2.8947
4.8146,0.7447,3.2007
4.8148,0.7785,3.346
4.8150,0.7669,3.3006
4.8152,0.6772,2.9146
4.8154,0.6572,2.8271
4.8156,0.7117,3.0547
4.8158,0.8513,3.6537
4.8160,0.8836,3.7926
4.8162,0.946,4.0508
4.8164,0.9804,4.204
4.8166,0.9661,4.1409
4.8168,0.9679,4.1602
4.8170,0.7936,3.4157
4.8172,0.6092,2.6281
4.8174,0.5544,2.3917
4.8176,0.5421,2.3374
4.8178,0.5773,2.4882
4.8180,0.5775,2.4927
4.8182,0.5302,2.2851
4.8184,0.5799,2.5007
4.8186,0.5386,2.3234
4.8188,0.5224,2.2536
4.8190,0.5223,2.251
4.8192,0.5273,2.2727
4.8194,0.5284,2.2795
4.8196,0.5536,2.387
4.8198,0.6039,2.5993
4.8200,0.6663,2.8676
4.8202,0.6257,2.6957
4.8204,0.6253,2.6899
4.8206,0.7226,3.1058
4.8208,0.7833,3.3666
4.8210,0.7849,3.3749
4.8212,0.7878,3.3846
4.8214,0.8701,3.7292
4.8216,0.8976,3.8487
4.8218,0.946,4.0489
4.8220,1.0655,4.5605
4.8222,1.0764,4.6072
4.8224,1.0886,4.659
4.8226,1.0782,4.617
4.8228,1.0737,4.5997
4.8230,1.0772,4.6103
4.8232,1.0634,4.5534
4.8234,1.0818,4.6303
4.8236,1.0677,4.5719
4.8238,1.0419,4.4594
4.8240,1.1339,4.8553
4.8242,1.1022,4.7175
4.8244,1.0484,4.4913
4.8246,1.0286,4.4086
4.8248,1.0069,4.3196
4.8250,0.9776,4.1863
4.8252,1.0176,4.3613
4.8254,1.0675,4.5751
4.8256,1.1067,4.7476
4.8258,0.9808,4.2094
4.8260,0.9495,4.0694
4.8262,1.0476,4.4898
4.8264,1.0241,4.387
4.8266,0.9857,4.2286
4.8268,0.9256,3.9783
4.8270,0.8592,3.6997
4.8272,0.7733,3.3223
4.8274,0.8206,3.5285
4.8276,0.8671,3.7268
4.8278,0.878,3.7684
4.8280,0.8971,3.8538
4.8282,0.8739,3.7597
4.8284,0.8221,3.5369
4.8286,0.7333,3.1605
4.8288,0.5978,2.5825
4.8290,0.5226,2.2547
4.8292,0.5663,2.4395
4.8294,0.6238,2.6912
4.8296,0.6202,2.6732
4.8298,0.6381,2.7502
4.8300,0.6393,2.7554
4.8302,0.5857,2.5267
4.8304,0.5599,2.4178
4.8306,0.558,2.405
4.8308,0.6508,2.7998
4.8310,0.7096,3.0554
4.8312,0.705,3.0343
4.8314,0.7148,3.0738
4.8316,0.7914,3.3953
4.8318,0.8501,3.6587
4.8320,0.7798,3.3548
4.8322,0.7888,3.3903
4.8324,0.789,3.3929
4.8326,0.8094,3.4773
4.8328,0.8462,3.6371
4.8330,0.8012,3.4466
4.8332,0.6861,2.9583
4.8334,0.6399,2.7605
4.8336,0.6152,2.6515
4.8338,0.6503,2.8016
4.8340,0.646,2.7843
4.8342,0.6194,2.6696
4.8344,0.5871,2.5282
4.8346,0.6887,2.9628
4.8348,0.6796,2.9276
4.8350,0.5615,2.4267
4.8352,0.4632,2.0018
4.8354,0.4594,1.9848
4.8356,0.4934,2.1275
4.8358,0.5214,2.2505
4.8360,0.54,2.3286
4.8362,0.5687,2.4499
4.8364,0.5819,2.5078
4.8366,0.5807,2.5073
4.8368,0.4943,2.1336
4.8370,0.508,2.1946
4.8372,0.4636,2.003
4.8374,0.4553,1.9667
4.8376,0.4592,1.9829
4.8378,0.4585,1.9807
4.8380,0.4669,2.0132
4.8382,0.4965,2.1429
4.8384,0.4612,1.9898
4.8386,0.5176,2.2309
4.8388,0.5977,2.5784
4.8390,0.5508,2.3751
4.8392,0.5469,2.358
4.8394,0.5534,2.3876
4.8396,0.5467,2.3586
4.8398,0.5555,2.3942
4.8400,0.5543,2.3901
4.8402,0.5558,2.3968
4.8404,0.5562,2.3995
4.8406,0.5569,2.4004
4.8408,0.5674,2.4453
4.8410,0.6187,2.6628
4.8412,0.6745,2.9019
4.8414,0.7235,3.1095
4.8416,0.7645,3.2872
4.8418,0.7263,3.1233
4.8420,0.6584,2.8402
4.8422,0.5459,2.3561
4.8424,0.5386,2.3224
4.8426,0.5352,2.3057
4.8428,0.5447,2.3498
4.8430,0.5451,2.3503
4.8432,0.5439,2.3451
4.8434,0.5428,2.3415
4.8436,0.5443,2.3483
4.8438,0.5427,2.3399
4.8440,0.5409,2.3311
4.8442,0.5763,2.4829
4.8444,0.609,2.621
4.8446,0.6694,2.8797
4.8448,0.7106,3.0572
4.8450,0.6828,2.9334
4.8452,0.7297,3.1435
4.8454,0.5773,2.4905
4.8456,0.5292,2.2842
4.8458,0.5049,2.1791
4.8460,0.5315,2.2919
4.8462,0.5096,2.1983
4.8464,0.5008,2.1615
4.8466,0.506,2.1787
4.8468,0.5267,2.2691
4.8470,0.5615,2.42
4.8472,0.5519,2.3809
4.8474,0.5056,2.1832
4.8476,0.5039,2.1719
4.8478,0.5332,2.3002
4.8480,0.4433,1.9149
4.8482,0.4283,1.8476
4.8484,0.4903,2.116
4.8486,0.4236,1.8283
4.8488,0.4833,2.086
4.8490,0.4524,1.9497
4.8492,0.5228,2.2531
4.8494,0.5778,2.488
4.8496,0.6037,2.6031
4.8498,0.506,2.1817
4.8500,0.488,2.1052
4.8502,0.4714,2.0347
4.8504,0.4606,1.9872
4.8506,0.4623,1.9945
4.8508,0.4648,2.0063
4.8510,0.4662,2.012
4.8512,0.458,1.9759
4.8514,0.4631,1.9977
4.8516,0.483,2.0816
4.8518,0.5325,2.2929
4.8520,0.584,2.5149
4.8522,0.5701,2.455
4.8524,0.5924,2.551
4.8526,0.6155,2.6477
4.8528,0.6595,2.8344
4.8530,0.6926,2.9752
4.8532,0.7398,3.1797
4.8534,0.7291,3.1309
4.8536,0.7378,3.1679
4.8538,0.7803,3.3492
4.8540,0.8481,3.6416
4.8542,0.8206,3.5204
4.8544,0.8402,3.6009
4.8546,0.882,3.7838
4.8548,0.927,3.9711
4.8550,1.003,4.2888
4.8552,0.9927,4.2506
4.8554,1.0059,4.3011
4.8556,1.1156,4.7747
4.8558,1.0758,4.6043
4.8560,1.1008,4.7071
4.8562,1.1144,4.7628
4.8564,1.1159,4.7673
4.8566,1.1442,4.895
4.8568,1.0724,4.5985
4.8570,1.0222,4.3769
4.8572,1.1051,4.7234
4.8574,1.1403,4.8735
4.8576,1.1627,4.9787
4.8578,1.0439,4.472
4.8580,0.9973,4.2707
4.8582,1.0331,4.4195
4.8584,1.0726,4.5974
4.8586,1.0356,4.4365
4.8588,1.0644,4.5534
4.8590,1.1056,4.7343
4.8592,1.0641,4.5566
4.8594,0.9911,4.2558
4.8596,0.8996,3.8648
4.8598,0.8629,3.7089
4.8600,0.8203,3.5287
4.8602,0.8312,3.5723
4.8604,0.8697,3.7308
4.8606,0.9436,4.0463
4.8608,0.905,3.8862
4.8610,0.8224,3.5364
4.8612,0.7706,3.3152
4.8614,0.7691,3.3116
4.8616,0.73,3.1418
4.8618,0.7022,3.0221
4.8620,0.7511,3.2296
4.8622,0.7562,3.2563
4.8624,0.7177,3.0877
4.8626,0.7537,3.244
4.8628,0.7228,3.1123
4.8630,0.6982,3.0106
4.8632,0.6662,2.8686
4.8634,0.6623,2.8507
4.8636,0.7183,3.0932
4.8638,0.7085,3.0522
4.8640,0.6789,2.9219
4.8642,0.6451,2.779
4.8644,0.6909,2.9722
4.8646,0.7382,3.1774
4.8648,0.6827,2.9425
4.8650,0.6511,2.8061
4.8652,0.6556,2.8244
4.8654,0.6581,2.8353
4.8656,0.6555,2.8252
4.8658,0.6688,2.8799
4.8660,0.6824,2.9383
4.8662,0.7042,3.0322
4.8664,0.7203,3.1
4.8666,0.6832,2.9446
4.8668,0.598,2.5784
4.8670,0.5983,2.5799
4.8672,0.6018,2.5937
4.8674,0.5777,2.4898
4.8676,0.6231,2.6832
4.8678,0.6656,2.8673
4.8680,0.6024,2.5999
4.8682,0.574,2.4738
4.8684,0.6312,2.7153
4.8686,0.6875,2.9618
4.8688,0.6417,2.7671
4.8690,0.5554,2.3959
4.8692,0.5147,2.2206
4.8694,0.5069,2.189
4.8696,0.5053,2.1818
4.8698,0.5224,2.2527
4.8700,0.5246,2.2641
4.8702,0.4934,2.1305
4.8704,0.5102,2.2009
4.8706,0.5287,2.2795
4.8708,0.5228,2.2542
4.8710,0.521,2.2465
4.8712,0.5038,2.1755
4.8714,0.5055,2.1828
4.8716,0.5235,2.2573
4.8718,0.5776,2.487
4.8720,0.6242,2.6879
4.8722,0.605,2.6065
4.8724,0.6159,2.651
4.8726,0.6364,2.7393
4.8728,0.6372,2.7436
4.8730,0.6378,2.7475
4.8732,0.6557,2.825
4.8734,0.7213,3.0974
4.8736,0.8292,3.5608
4.8738,0.8103,3.4811
4.8740,0.7475,3.2156
4.8742,0.708,3.0445
4.8744,0.7629,3.2791
4.8746,0.7788,3.344
4.8748,0.8457,3.6347
4.8750,0.8047,3.4585
4.8752,0.7798,3.3533
4.8754,0.7786,3.3435
4.8756,0.7626,3.2821
4.8758,0.6851,2.946
4.8760,0.7234,3.112
4.8762,0.7523,3.2378
4.8764,0.7151,3.0792
4.8766,0.7097,3.0546
4.8768,0.7011,3.0146
4.8770,0.7223,3.1059
4.8772,0.7183,3.0888
4.8774,0.7018,3.0177
4.8776,0.7051,3.0307
4.8778,0.7439,3.1972
4.8780,0.7465,3.2115
4.8782,0.7374,3.1708
4.8784,0.8138,3.496
4.8786,0.8062,3.4684
4.8788,0.7192,3.0953
4.8790,0.7245,3.1166
4.8792,0.7061,3.0363
4.8794,0.7225,3.1069
4.8796,0.7502,3.2335
4.8798,0.621,2.6789
4.8800,0.5785,2.4935
4.8802,0.64,2.7547
4.8804,0.6658,2.8683
4.8806,0.6258,2.6958
4.8808,0.5995,2.5827
4.8810,0.6342,2.732
4.8812,0.6765,2.9143
4.8814,0.6234,2.6842
4.8816,0.6174,2.6609
4.8818,0.548,2.3672
4.8820,0.4988,2.1508
4.8822,0.5782,2.4931
4.8824,0.5687,2.4511
4.8826,0.5814,2.5059
4.8828,0.5917,2.5491
4.8830,0.6191,2.6694
4.8832,0.5662,2.4436
4.8834,0.5147,2.2196
4.8836,0.5083,2.1927
4.8838,0.5037,2.174
4.8840,0.499,2.1528
4.8842,0.5026,2.1643
4.8844,0.5767,2.4869
4.8846,0.5792,2.5
4.8848,0.511,2.2056
4.8850,0.5302,2.2852
4.8852,0.5577,2.4058
4.8854,0.4928,2.1259
4.8856,0.4793,2.0694
4.8858,0.4845,2.0893
4.8860,0.52,2.2413
4.8862,0.537,2.3136
4.8864,0.5734,2.4689
4.8866,0.63,2.7139
4.8868,0.5945,2.561
4.8870,0.5962,2.5635
4.8872,0.727,3.126
4.8874,0.7429,3.1945
4.8876,0.7257,3.1159
4.8878,0.8037,3.4527
4.8880,0.7637,3.2837
4.8882,0.699,3.01
4.8884,0.7277,3.1232
4.8886,0.8947,3.8312
4.8888,0.9553,4.0962
4.8890,0.9278,3.9747
4.8892,0.97,4.1594
4.8894,0.9731,4.1747
4.8896,0.9075,3.8915
4.8898,0.8767,3.7647
4.8900,0.8783,3.7679
4.8902,0.9523,4.0814
4.8904,0.9728,4.1693
4.8906,0.9583,4.1033
4.8908,0.9909,4.2449
4.8910,0.9554,4.0967
4.8912,0.9527,4.0854
4.8914,0.9914,4.243
4.8916,1.1085,4.7422
4.8918,1.1533,4.934
4.8920,1.0691,4.5798
4.8922,0.9881,4.2331
4.8924,1.0363,4.4417
4.8926,1.0173,4.3661
4.8928,0.9831,4.2135
4.8930,0.9641,4.14
4.8932,0.8253,3.552
4.8934,0.7836,3.3693
4.8936,0.8023,3.4465
4.8938,0.8212,3.5279
4.8940,0.8224,3.5397
4.8942,0.753,3.2439
4.8944,0.7241,3.1165
4.8946,0.6722,2.8957
4.8948,0.6357,2.7412
4.8950,0.6042,2.6053
4.8952,0.5915,2.5481
4.8954,0.6492,2.7953
4.8956,0.6663,2.8731
4.8958,0.6252,2.6907
4.8960,0.7035,3.0263
4.8962,0.6928,2.979
4.8964,0.7436,3.1991
4.8966,0.7399,3.1831
4.8968,0.7426,3.193
4.8970,0.7608,3.2714
4.8972,0.7626,3.2791
4.8974,0.7476,3.2176
4.8976,0.7772,3.3404
4.8978,0.8879,3.8143
4.8980,0.8279,3.5551
4.8982,0.8261,3.5474
4.8984,0.8538,3.6646
4.8986,0.8833,3.793
4.8988,0.8727,3.7559
4.8990,0.7492,3.2273
4.8992,0.6574,2.8348
4.8994,0.5819,2.5114
4.8996,0.5731,2.4702
4.8998,0.582,2.5085
4.9000,0.6133,2.6409
4.9002,0.6098,2.6332
4.9004,0.4954,2.1393
4.9006,0.5025,2.1668
4.9008,0.562,2.4255
4.9010,0.5222,2.2537
4.9012,0.4986,2.1538
4.9014,0.4234,1.829
4.9016,0.4018,1.7349
4.9018,0.411,1.7773
4.9020,0.4077,1.7628
4.9022,0.4436,1.9174
4.9024,0.4736,2.0422
4.9026,0.4912,2.1212
4.9028,0.4493,1.9418
4.9030,0.4499,1.9426
4.9032,0.4494,1.9396
4.9034,0.459,1.9801
4.9036,0.4595,1.984
4.9038,0.4623,1.9964
4.9040,0.4601,1.9866
4.9042,0.4608,1.9888
4.9044,0.4621,1.9954
4.9046,0.4615,1.9928
4.9048,0.4915,2.1173
4.9050,0.5468,2.3565
4.9052,0.5599,2.4145
4.9054,0.5494,2.3679
4.9056,0.5512,2.3778
4.9058,0.5583,2.4061
4.9060,0.5578,2.4041
4.9062,0.5737,2.4705
4.9064,0.5764,2.4842
4.9066,0.5632,2.4262
4.9068,0.5783,2.489
4.9070,0.6704,2.8866
4.9072,0.6598,2.8333
4.9074,0.8207,3.5275
4.9076,0.7753,3.3415
4.9078,0.5679,2.4486
4.9080,0.5451,2.3515
4.9082,0.5417,2.3348
4.9084,0.5406,2.3302
4.9086,0.5376,2.3183
4.9088,0.5391,2.3245
4.9090,0.5402,2.327
4.9092,0.5885,2.5364
4.9094,0.5488,2.3631
4.9096,0.5656,2.4388
4.9098,0.5263,2.2692
4.9100,0.5391,2.3224
4.9102,0.5575,2.4019
4.9104,0.608,2.6169
4.9106,0.7078,3.0392
4.9108,0.8198,3.525
4.9110,0.7183,3.0932
4.9112,0.6474,2.7862
4.9114,0.667,2.8695
4.9116,0.6962,2.9963
4.9118,0.6092,2.6233
4.9120,0.596,2.5689
4.9122,0.6043,2.6022
4.9124,0.6585,2.8329
4.9126,0.6598,2.8399
4.9128,0.6022,2.5892
4.9130,0.6434,2.7692
4.9132,0.6309,2.7143
4.9134,0.6651,2.8639
4.9136,0.6221,2.6773
4.9138,0.6508,2.8025
4.9140,0.6409,2.7596
4.9142,0.6614,2.8453
4.9144,0.7055,3.0323
4.9146,0.6577,2.8319
4.9148,0.6711,2.8844
4.9150,0.7375,3.1728
4.9152,0.7267,3.1235
4.9154,0.7024,3.0231
4.9156,0.623,2.6827
4.9158,0.6189,2.6676
4.9160,0.6498,2.7952
4.9162,0.697,2.9971
4.9164,0.7048,3.0278
4.9166,0.7804,3.3497
4.9168,0.821,3.5302
4.9170,0.7593,3.2621
4.9172,0.7827,3.3626
4.9174,0.7587,3.2672
4.9176,0.6404,2.7601
4.9178,0.6039,2.5994
4.9180,0.6105,2.6302
4.9182,0.6006,2.5874
4.9184,0.6047,2.6037
4.9186,0.6138,2.6454
4.9188,0.6059,2.6101
4.9190,0.6295,2.7081
4.9192,0.6472,2.7857
4.9194,0.6954,2.9904
4.9196,0.7448,3.2028
4.9198,0.6936,2.984
4.9200,0.7024,3.0203
4.9202,0.751,3.2231
4.9204,0.8478,3.6406
4.9206,0.8433,3.6193
4.9208,0.8908,3.8231
4.9210,0.8818,3.7845
4.9212,0.871,3.7347
4.9214,0.9026,3.865
4.9216,0.9957,4.2655
4.9218,1.0057,4.3086
4.9220,1.036,4.438
4.9222,1.0017,4.2931
4.9224,1.003,4.2948
4.9226,0.9785,4.192
4.9228,0.9746,4.1751
4.9230,1.0056,4.3061
4.9232,0.9966,4.2716
4.9234,0.9976,4.2737
4.9236,1.0265,4.3954
4.9238,1.0322,4.4159
4.9240,1.0414,4.4632
4.9242,1.0774,4.6093
4.9244,1.1294,4.8292
4.9246,1.1464,4.9043
4.9248,1.1499,4.9191
4.9250,1.1569,4.9494
4.9252,1.167,4.9948
4.9254,1.1211,4.8027
4.9256,1.0448,4.4802
4.9258,0.9622,4.1241
4.9260,0.9493,4.0781
4.9262,0.8975,3.8573
4.9264,0.9013,3.8738
4.9266,0.8821,3.7861
4.9268,0.9193,3.9474
4.9270,0.8855,3.8023
4.9272,0.8886,3.8174
4.9274,0.8566,3.6816
4.9276,0.8189,3.5198
4.9278,0.8617,3.702
4.9280,0.8928,3.8426
4.9282,0.7766,3.3425
4.9284,0.7466,3.215
4.9286,0.7069,3.0413
4.9288,0.7524,3.2428
4.9290,0.6548,2.8182
4.9292,0.6767,2.9154
4.9294,0.6464,2.7873
4.9296,0.6441,2.7761
4.9298,0.676,2.9096
4.9300,0.7426,3.196
4.9302,0.7095,3.055
4.9304,0.7381,3.1769
4.9306,0.7462,3.21
4.9308,0.7608,3.2759
4.9310,0.7153,3.0817
4.9312,0.7402,3.1856
4.9314,0.7391,3.184
4.9316,0.6776,2.9176
4.9318,0.6856,2.9522
4.9320,0.6916,2.9794
4.9322,0.6879,2.962
4.9324,0.6839,2.945
4.9326,0.6836,2.9462
4.9328,0.6869,2.9593
4.9330,0.6842,2.946
4.9332,0.645,2.7823
4.9334,0.5629,2.4285
4.9336,0.5912,2.5435
4.9338,0.7318,3.1466
4.9340,0.7563,3.2568
4.9342,0.6593,2.8457
4.9344,0.5903,2.5441
4.9346,0.6348,2.7346
4.9348,0.6656,2.8686
4.9350,0.6786,2.925
4.9352,0.632,2.724
4.9354,0.6206,2.6724
4.9356,0.6565,2.8281
4.9358,0.7062,3.0438
4.9360,0.6589,2.8397
4.9362,0.6566,2.8286
4.9364,0.6557,2.8263
4.9366,0.5974,2.5782
4.9368,0.5494,2.3701
4.9370,0.6532,2.8076
4.9372,0.747,3.218
4.9374,0.6308,2.72
4.9376,0.5809,2.505
4.9378,0.6309,2.7218
4.9380,0.6375,2.7464
4.9382,0.6426,2.7694
4.9384,0.6397,2.7583
4.9386,0.6385,2.7493
4.9388,0.6444,2.7746
4.9390,0.6406,2.7599
4.9392,0.6457,2.7803
4.9394,0.715,3.0715
4.9396,0.8253,3.5504
4.9398,0.8015,3.4483
4.9400,0.7333,3.1548
4.9402,0.7222,3.1039
4.9404,0.8412,3.6123
4.9406,0.8147,3.5099
4.9408,0.6659,2.8675
4.9410,0.6698,2.8881
4.9412,0.6135,2.6444
4.9414,0.6069,2.6159
4.9416,0.6138,2.6442
4.9418,0.6141,2.6482
4.9420,0.6113,2.6358
4.9422,0.611,2.6311
4.9424,0.6089,2.623
4.9426,0.6116,2.6373
4.9428,0.6095,2.628
4.9430,0.609,2.6235
4.9432,0.6031,2.5994
4.9434,0.6092,2.6209
4.9436,0.7193,3.093
4.9438,0.7821,3.3584
4.9440,0.7831,3.3673
4.9442,0.729,3.142
4.9444,0.6487,2.7971
4.9446,0.5641,2.4337
4.9448,0.5556,2.397
4.9450,0.5541,2.3891
4.9452,0.5519,2.3798
4.9454,0.5472,2.3586
4.9456,0.5378,2.3188
4.9458,0.5511,2.3784
4.9460,0.5414,2.3354
4.9462,0.5327,2.2982
4.9464,0.5222,2.2516
4.9466,0.5577,2.4024
4.9468,0.6127,2.6383
4.9470,0.6644,2.8595
4.9472,0.6319,2.7196
4.9474,0.5914,2.5476
4.9476,0.6235,2.6885
4.9478,0.5747,2.4792
4.9480,0.5875,2.5334
4.9482,0.5941,2.5595
4.9484,0.621,2.6752
4.9486,0.6539,2.8146
4.9488,0.67,2.8851
4.9490,0.6765,2.9157
4.9492,0.6022,2.5977
4.9494,0.5075,2.1916
4.9496,0.5014,2.1642
4.9498,0.4989,2.1543
4.9500,0.488,2.1052
4.9502,0.5133,2.2113
4.9504,0.62,2.6685
4.9506,0.6337,2.7312
4.9508,0.5285,2.2801
4.9510,0.5634,2.4295
4.9512,0.6018,2.5925
4.9514,0.5842,2.5166
4.9516,0.5858,2.525
4.9518,0.6084,2.6197
4.9520,0.633,2.7268
4.9522,0.6041,2.5999
4.9524,0.6578,2.8324
4.9526,0.7005,3.0092
4.9528,0.7938,3.41
4.9530,0.8187,3.5188
4.9532,0.752,3.2292
4.9534,0.7826,3.3605
4.9536,0.7983,3.4311
4.9538,0.7998,3.4341
4.9540,0.8663,3.7181
4.9542,0.8804,3.7771
4.9544,0.9086,3.8944
4.9546,1.0187,4.3661
4.9548,1.0174,4.3564
4.9550,1.0167,4.3533
4.9552,1.0149,4.3497
4.9554,1.0235,4.3764
4.9556,1.1133,4.7627
4.9558,1.0884,4.6625
4.9560,1.0999,4.7096
4.9562,1.0964,4.6925
4.9564,1.0789,4.6155
4.9566,1.1418,4.8802
4.9568,1.1583,4.9689
4.9570,1.02,4.3697
4.9572,0.9904,4.2429
4.9574,1.0457,4.4734
4.9576,1.1658,4.9874
4.9578,1.1712,5.0104
4.9580,1.1551,4.944
4.9582,1.1041,4.7254
4.9584,1.0867,4.6532
4.9586,1.1367,4.8695
4.9588,1.1152,4.7932
4.9590,0.917,3.9358
4.9592,0.9081,3.8996
4.9594,0.9122,3.9189
4.9596,0.9049,3.882
4.9598,0.9625,4.127
4.9600,0.9988,4.2908
4.9602,0.8619,3.7094
4.9604,0.7225,3.1098
4.9606,0.7537,3.2455
4.9608,0.7523,3.2363
4.9610,0.7298,3.1413
4.9612,0.6848,2.9486
4.9614,0.6957,2.997
4.9616,0.6801,2.9285
4.9618,0.692,2.9823
4.9620,0.6936,2.9854
4.9622,0.6703,2.8942
4.9624,0.5687,2.45
4.9626,0.6434,2.773
4.9628,0.6607,2.8475
4.9630,0.5983,2.5823
4.9632,0.5255,2.2693
4.9634,0.5591,2.4131
4.9636,0.5783,2.4936
4.9638,0.5802,2.5042
4.9640,0.5586,2.4099
4.9642,0.5861,2.5307
4.9644,0.5428,2.3427
4.9646,0.5025,2.1688
4.9648,0.5011,2.1626
4.9650,0.4988,2.1538
4.9652,0.5504,2.3753
4.9654,0.5665,2.4463
4.9656,0.5164,2.2268
4.9658,0.5703,2.4624
4.9660,0.5199,2.2449
4.9662,0.493,2.128
4.9664,0.5302,2.2884
4.9666,0.5273,2.277
4.9668,0.4963,2.1419
4.9670,0.5225,2.2532
4.9672,0.559,2.4148
4.9674,0.4927,2.1274
4.9676,0.4834,2.0856
4.9678,0.5417,2.337
4.9680,0.5469,2.3581
4.9682,0.5747,2.4838
4.9684,0.4386,1.8948
4.9686,0.4041,1.7472
4.9688,0.423,1.8274
4.9690,0.456,1.9708
4.9692,0.4482,1.9344
4.9694,0.446,1.9251
4.9696,0.4757,2.0548
4.9698,0.446,1.926
4.9700,0.454,1.9611
4.9702,0.4675,2.0159
4.9704,0.5327,2.3014
4.9706,0.4994,2.1534
4.9708,0.5746,2.473
4.9710,0.6313,2.7171
4.9712,0.6091,2.6228
4.9714,0.6252,2.692
4.9716,0.647,2.7834
4.9718,0.6745,2.9042
4.9720,0.6772,2.9161
4.9722,0.6759,2.909
4.9724,0.6681,2.8728
4.9726,0.6927,2.9785
4.9728,0.6983,3.0027
4.9730,0.7505,3.2225
4.9732,0.7976,3.4233
4.9734,0.8512,3.6567
4.9736,0.8599,3.6943
4.9738,0.8506,3.6541
4.9740,0.7974,3.4286
4.9742,0.7198,3.0936
4.9744,0.7545,3.243
4.9746,0.7929,3.4064
4.9748,0.8203,3.5156
4.9750,0.9563,4.0989
4.9752,0.9463,4.0652
4.9754,0.8595,3.6922
4.9756,0.8229,3.5368
4.9758,0.834,3.5797
4.9760,0.8265,3.5522
4.9762,0.755,3.2496
4.9764,0.6822,2.9391
4.9766,0.5677,2.4504
4.9768,0.5918,2.5485
4.9770,0.6917,2.9772
4.9772,0.7061,3.0363
4.9774,0.7477,3.2137
4.9776,0.7356,3.166
4.9778,0.6778,2.9173
4.9780,0.6721,2.8966
4.9782,0.5887,2.5397
4.9784,0.4888,2.1108
4.9786,0.4661,2.0134
4.9788,0.4671,2.0162
4.9790,0.4679,2.0193
4.9792,0.4628,1.9975
4.9794,0.4541,1.9589
4.9796,0.4451,1.9218
4.9798,0.45,1.9422
4.9800,0.4875,2.1042
4.9802,0.5111,2.2061
4.9804,0.5069,2.187
4.9806,0.5079,2.1891
4.9808,0.6002,2.5846
4.9810,0.6108,2.6337
4.9812,0.5481,2.36
4.9814,0.6332,2.7241
4.9816,0.6934,2.9844
4.9818,0.6427,2.7687
4.9820,0.6161,2.6528
4.9822,0.626,2.6994
4.9824,0.5928,2.555
4.9826,0.5905,2.544
4.9828,0.5966,2.5691
4.9830,0.5572,2.4037
4.9832,0.4975,2.1461
4.9834,0.5129,2.2098
4.9836,0.5734,2.4712
4.9838,0.5886,2.5357
4.9840,0.6181,2.6615
4.9842,0.5987,2.5791
4.9844,0.5941,2.5595
4.9846,0.6005,2.5844
4.9848,0.6022,2.5929
4.9850,0.6008,2.5884
4.9852,0.5966,2.5715
4.9854,0.5938,2.5579
4.9856,0.6175,2.6565
4.9858,0.6645,2.86
4.9860,0.7006,3.0125
4.9862,0.7189,3.0943
4.9864,0.6627,2.8496
4.9866,0.7398,3.1767
4.9868,0.8579,3.6838
4.9870,0.8626,3.7039
4.9872,0.8405,3.6092
4.9874,0.8474,3.6318
4.9876,0.9719,4.1657
4.9878,0.9964,4.2626
4.9880,1.0808,4.6172
4.9882,1.1738,5.0217
4.9884,1.1286,4.8374
4.9886,0.9951,4.2649
4.9888,0.9767,4.1863
4.9890,0.9838,4.2185
4.9892,0.978,4.1919
4.9894,0.9599,4.1201
4.9896,0.9659,4.14
4.9898,0.9839,4.2171
4.9900,1.0589,4.534
4.9902,1.109,4.742
4.9904,1.1355,4.8553
4.9906,1.1845,5.0674
4.9908,1.1283,4.8313
4.9910,1.0405,4.4534
4.9912,1.1006,4.7127
4.9914,1.032,4.4273
4.9916,0.9802,4.2031
4.9918,0.9826,4.2095
4.9920,0.9729,4.1737
4.9922,0.9635,4.1278
4.9924,0.9677,4.1535
4.9926,0.915,3.9216
4.9928,1.0746,4.6034
4.9930,1.0773,4.6153
4.9932,1.0209,4.3815
4.9934,0.9778,4.1967
4.9936,1.0054,4.3091
4.9938,0.9803,4.2036
4.9940,0.8749,3.7622
4.9942,0.8179,3.5201
4.9944,0.8006,3.4425
4.9946,0.8084,3.4809
4.9948,0.7601,3.2713
4.9950,0.7893,3.3988
4.9952,0.7073,3.0414
4.9954,0.8067,3.4624
4.9956,0.8965,3.8478
4.9958,0.932,4.002
4.9960,0.9005,3.8684
4.9962,0.8848,3.8045
4.9964,0.8912,3.8252
4.9966,0.9114,3.9208
4.9968,0.7626,3.2791
4.9970,0.7742,3.3291
4.9972,0.7996,3.44
4.9974,0.8412,3.6123
4.9976,0.996,4.271
4.9978,0.9851,4.2281
4.9980,0.9869,4.2299
4.9982,1.0485,4.4941
4.9984,1.0386,4.4618
4.9986,0.9079,3.8967
4.9988,0.8978,3.8571
4.9990,0.842,3.6221
4.9992,0.8301,3.571
4.9994,0.8544,3.6706
4.9996,0.8988,3.8594
4.9998,0.9041,3.8803
5.0000,0.9072,3.8918
5.0002,0.952,4.0785
5.0004,1.0543,4.5166
5.0006,1.097,4.7017
5.0008,1.1117,4.7627
5.0010,1.0197,4.3784
5.0012,0.9249,3.9735
5.0014,0.9345,4.0184
5.0016,0.8932,3.8459
5.0018,0.7068,3.0492
5.0020,0.6429,2.771
5.0022,0.6827,2.9439
5.0024,0.7328,3.1556
5.0026,0.7609,3.2795
5.0028,0.6517,2.8087
5.0030,0.6152,2.6528
5.0032,0.6185,2.6668
5.0034,0.6643,2.863
5.0036,0.6994,3.0074
5.0038,0.8199,3.5239
5.0040,0.7938,3.4179
5.0042,0.7649,3.292
5.0044,0.8204,3.5243
5.0046,0.8494,3.6473
5.0048,0.8989,3.8617
5.0050,0.9075,3.9024
5.0052,0.8809,3.7862
5.0054,0.8942,3.8434
5.0056,0.8722,3.7521
5.0058,0.8398,3.6128
5.0060,0.8051,3.4637
5.0062,0.8083,3.4707
5.0064,0.8646,3.7179
5.0066,0.8645,3.7173
5.0068,0.8691,3.7335
5.0070,0.9435,4.0496
5.0072,0.992,4.2535
5.0074,1.0408,4.469
5.0076,0.9465,4.07
5.0078,0.8665,3.7278
5.0080,0.8228,3.5412
5.0082,0.7627,3.2811
5.0084,0.7569,3.267
5.0086,0.6481,2.7958
5.0088,0.6411,2.7645
5.0090,0.6409,2.7622
5.0092,0.6433,2.7725
5.0094,0.6432,2.7733
5.0096,0.6394,2.756
5.0098,0.6432,2.772
5.0100,0.6554,2.8273
5.0102,0.7197,3.0945
5.0104,0.8803,3.7872
5.0106,0.7849,3.3781
5.0108,0.781,3.3601
5.0110,0.7798,3.3549
5.0112,0.8054,3.4664
5.0114,0.8033,3.4592
5.0116,0.7554,3.2572
5.0118,0.7331,3.1567
5.0120,0.74,3.1851
5.0122,0.7248,3.121
5.0124,0.7308,3.1512
5.0126,0.6699,2.8873
5.0128,0.6668,2.8751
5.0130,0.6773,2.9179
5.0132,0.7298,3.1456
5.0134,0.7268,3.1269
5.0136,0.7964,3.4229
5.0138,0.8542,3.6747
5.0140,0.7356,3.1719
5.0142,0.6084,2.6234
5.0144,0.6957,2.9956
5.0146,0.7356,3.1675
5.0148,0.6948,2.9934
5.0150,0.7218,3.1096
5.0152,0.7191,3.0977
5.0154,0.7253,3.1217
5.0156,0.7433,3.2005
5.0158,0.724,3.1203
5.0160,0.7382,3.1774
5.0162,0.7596,3.2723
5.0164,0.7222,3.1068
5.0166,0.7597,3.2713
5.0168,0.7902,3.3961
5.0170,0.8617,3.7038
5.0172,0.7315,3.1558
5.0174,0.5964,2.5729
5.0176,0.5844,2.5223
5.0178,0.5824,2.5123
5.0180,0.5846,2.5233
5.0182,0.609,2.6272
5.0184,0.6077,2.619
5.0186,0.6019,2.593
5.0188,0.6535,2.8178
5.0190,0.6313,2.7221
5.0192,0.6251,2.6977
5.0194,0.6006,2.5898
5.0196,0.6309,2.7155
5.0198,0.7062,3.041
5.0200,0.7736,3.3281
5.0202,0.7929,3.4064
5.0204,0.8659,3.7183
5.0206,0.885,3.8037
5.0208,0.9006,3.8689
5.0210,0.9211,3.9533
5.0212,0.9717,4.1705
5.0214,0.9596,4.1185
5.0216,0.9866,4.2304
5.0218,0.9633,4.1306
5.0220,0.9858,4.2312
5.0222,0.9972,4.2801
5.0224,0.9529,4.0859
5.0226,0.9754,4.1865
5.0228,1.0026,4.3053
5.0230,0.9744,4.1823
5.0232,0.9899,4.2467
5.0234,0.9834,4.2209
5.0236,0.9721,4.172
5.0238,0.9873,4.2413
5.0240,0.9185,3.9494
5.0242,0.9215,3.9567
5.0244,0.9261,3.9768
5.0246,0.9179,3.9431
5.0248,0.9168,3.9385
5.0250,0.9225,3.9595
5.0252,0.9285,3.9889
5.0254,0.8788,3.7787
5.0256,0.8778,3.7711
5.0258,0.9236,3.9678
5.0260,0.9665,4.1445
5.0262,1.0246,4.3954
5.0264,0.9476,4.0784
5.0266,0.8101,3.48
5.0268,0.914,3.9284
5.0270,0.9544,4.0983
5.0272,0.9887,4.2396
5.0274,1.0117,4.3424
5.0276,0.8621,3.7122
5.0278,0.7565,3.2558
5.0280,0.8011,3.4478
5.0282,0.7766,3.3472
5.0284,0.7248,3.121
5.0286,0.7403,3.1921
5.0288,0.7385,3.1828
5.0290,0.7121,3.072
5.0292,0.6429,2.7723
5.0294,0.6532,2.8193
5.0296,0.6344,2.7368
5.0298,0.6349,2.7402
5.0300,0.63,2.7139
5.0302,0.7336,3.1617
5.0304,0.7049,3.041
5.0306,0.6393,2.7593
5.0308,0.6452,2.7769
5.0310,0.7237,3.1178
5.0312,0.7083,3.0498
5.0314,0.7357,3.168
5.0316,0.7662,3.3022
5.0318,0.7331,3.1552
5.0320,0.7307,3.1493
5.0322,0.7382,3.1848
5.0324,0.6938,2.9873
5.0326,0.6844,2.9511
5.0328,0.6557,2.8276
5.0330,0.6631,2.8591
5.0332,0.6711,2.8911
5.0334,0.7529,3.2373
5.0336,0.7721,3.326
5.0338,0.6946,2.9965
5.0340,0.6802,2.929
5.0342,0.729,3.1406
5.0344,0.7233,3.1158
5.0346,0.6325,2.7298
5.0348,0.5831,2.5178
5.0350,0.5966,2.5715
5.0352,0.6881,2.9575
5.0354,0.8044,3.4671
5.0356,0.6862,2.9603
5.0358,0.5978,2.5767
5.0360,0.5884,2.537
5.0362,0.5917,2.5539
5.0364,0.6072,2.617
5.0366,0.7093,3.0587
5.0368,0.6675,2.8716
5.0370,0.7581,3.2615
5.0372,0.7832,3.3725
5.0374,0.7221,3.1092
5.0376,0.6772,2.9161
5.0378,0.6808,2.9356
5.0380,0.6802,2.9331
5.0382,0.676,2.9136
5.0384,0.6857,2.9555
5.0386,0.7029,3.0251
5.0388,0.7626,3.2776
5.0390,0.8393,3.599
5.0392,0.8838,3.8074
5.0394,0.7061,3.0433
5.0396,0.6489,2.7981
5.0398,0.638,2.7523
5.0400,0.6361,2.7428
5.0402,0.6412,2.7637
5.0404,0.6579,2.8356
5.0406,0.6439,2.7751
5.0408,0.6384,2.7513
5.0410,0.6408,2.7591
5.0412,0.6857,2.9555
5.0414,0.6858,2.9574
5.0416,0.6646,2.8632
5.0418,0.6308,2.72
5.0420,0.6302,2.7175
5.0422,0.6506,2.8028
5.0424,0.6478,2.7896
5.0426,0.6493,2.7984
5.0428,0.5932,2.5624
5.0430,0.52,2.2444
5.0432,0.5816,2.5046
5.0434,0.6595,2.8397
5.0436,0.7569,3.2609
5.0438,0.6687,2.8848
5.0440,0.5334,2.3013
5.0442,0.5306,2.2857
5.0444,0.6093,2.6312
5.0446,0.5345,2.3081
5.0448,0.5189,2.2397
5.0450,0.5175,2.2335
5.0452,0.595,2.5655
5.0454,0.6409,2.7622
5.0456,0.5584,2.4078
5.0458,0.531,2.2931
5.0460,0.5319,2.2988
5.0462,0.517,2.2335
5.0464,0.4769,2.0591
5.0466,0.5085,2.1978
5.0468,0.4558,1.9707
5.0470,0.404,1.7443
5.0472,0.4848,2.0932
5.0474,0.5063,2.1844
5.0476,0.5028,2.1699
5.0478,0.4989,2.1543
5.0480,0.4989,2.1553
5.0482,0.5014,2.1632
5.0484,0.5012,2.1631
5.0486,0.5028,2.1669
5.0488,0.5517,2.3755
5.0490,0.6101,2.6294
5.0492,0.5314,2.2914
5.0494,0.5291,2.2837
5.0496,0.5123,2.2123
5.0498,0.5057,2.1838
5.0500,0.4971,2.1446
5.0502,0.5158,2.2253
5.0504,0.5559,2.3947
5.0506,0.6147,2.6471
5.0508,0.6048,2.6054
5.0510,0.621,2.6739
5.0512,0.6625,2.8512
5.0514,0.6798,2.9274
5.0516,0.6224,2.6801
5.0518,0.6848,2.9459
5.0520,0.7393,3.1776
5.0522,0.7303,3.1419
5.0524,0.693,2.9814
5.0526,0.6761,2.9074
5.0528,0.7604,3.2653
5.0530,0.8378,3.5957
5.0532,0.8273,3.5542
5.0534,0.8507,3.6512
5.0536,0.8748,3.7529
5.0538,0.8783,3.7714
5.0540,0.8527,3.6617
5.0542,0.8825,3.7841
5.0544,0.9424,4.0393
5.0546,0.9942,4.2633
5.0548,1.0032,4.2998
5.0550,0.9971,4.2736
5.0552,1.0176,4.3615
5.0554,1.0163,4.3579
5.0556,0.9768,4.1868
5.0558,0.9766,4.1838
5.0560,1.0248,4.3964
5.0562,1.0081,4.3209
5.0564,0.9966,4.2696
5.0566,1.0408,4.4607
5.0568,1.0397,4.4561
5.0570,1.008,4.3224
5.0572,0.9794,4.1936
5.0574,1.065,4.5581
5.0576,1.1035,4.7272
5.0578,1.0968,4.7007
5.0580,1.0933,4.6748
5.0582,1.1308,4.8376
5.0584,1.0408,4.4607
5.0586,0.936,4.0228
5.0588,0.838,3.6068
5.0590,0.8539,3.6686
5.0592,0.8731,3.7527
5.0594,0.837,3.5959
5.0596,0.8158,3.5096
5.0598,0.7965,3.425
5.0600,0.7879,3.3879
5.0602,0.756,3.2553
5.0604,0.7639,3.2878
5.0606,0.7451,3.2083
5.0608,0.6944,2.9955
5.0610,0.6326,2.7265
5.0612,0.6808,2.9302
5.0614,0.7535,3.2399
5.0616,0.7712,3.3162
5.0618,0.7874,3.3921
5.0620,0.6966,3.0025
5.0622,0.6935,2.9877
5.0624,0.6879,2.9606
5.0626,0.7107,3.0644
5.0628,0.677,2.915
5.0630,0.7297,3.1407
5.0632,0.7506,3.2305
5.0634,0.7596,3.2647
5.0636,0.7434,3.2055
5.0638,0.5981,2.5813
5.0640,0.587,2.5313
5.0642,0.6453,2.7826
5.0644,0.6327,2.7258
5.0646,0.6555,2.8266
5.0648,0.5854,2.5241
5.0650,0.5828,2.5109
5.0652,0.6079,2.6213
5.0654,0.6104,2.6334
5.0656,0.5543,2.3935
5.0658,0.5111,2.2071
5.0660,0.5073,2.1926
5.0662,0.5201,2.2408
5.0664,0.691,2.9741
5.0666,0.6915,2.9775
5.0668,0.6104,2.6334
5.0670,0.5447,2.351
5.0672,0.537,2.319
5.0674,0.5351,2.3107
5.0676,0.533,2.2992
5.0678,0.5379,2.3215
5.0680,0.5372,2.3195
5.0682,0.5415,2.3338
5.0684,0.5406,2.3345
5.0686,0.5394,2.3272
5.0688,0.5369,2.3152
5.0690,0.5707,2.4633
5.0692,0.5727,2.4659
5.0694,0.6047,2.6073
5.0696,0.614,2.6415
5.0698,0.7075,3.0453
5.0700,0.6807,2.931
5.0702,0.6739,2.9003
5.0704,0.7081,3.045
5.0706,0.7472,3.2146
5.0708,0.7343,3.1604
5.0710,0.7398,3.1811
5.0712,0.7661,3.2925
5.0714,0.7856,3.3749
5.0716,0.8368,3.5932
5.0718,0.9033,3.8754
5.0720,0.8882,3.8159
5.0722,0.841,3.6163
5.0724,0.8278,3.5596
5.0726,0.7976,3.4312
5.0728,0.7215,3.1008
5.0730,0.7935,3.4089
5.0732,0.8625,3.7051
5.0734,0.7952,3.4193
5.0736,0.753,3.2394
5.0738,0.8069,3.4715
5.0740,0.7772,3.3451
5.0742,0.735,3.159
5.0744,0.7685,3.3028
5.0746,0.7668,3.3017
5.0748,0.6613,2.8474
5.0750,0.6512,2.8053
5.0752,0.6974,3.0028
5.0754,0.7096,3.054
5.0756,0.7087,3.049
5.0758,0.7288,3.1381
5.0760,0.6932,2.9833
5.0762,0.7536,3.2374
5.0764,0.8021,3.4492
5.0766,0.7933,3.4111
5.0768,0.7789,3.3523
5.0770,0.7441,3.2057
5.0772,0.6707,2.8882
5.0774,0.6749,2.9063
5.0776,0.7049,3.0382
5.0778,0.6213,2.678
5.0780,0.6033,2.598
5.0782,0.6364,2.7418
5.0784,0.6063,2.6097
5.0786,0.6499,2.797
5.0788,0.7168,3.085
5.0790,0.7868,3.3895
5.0792,0.6736,2.9019
5.0794,0.6398,2.7537
5.0796,0.6999,3.0178
5.0798,0.564,2.4354
5.0800,0.4977,2.1462
5.0802,0.5842,2.5189
5.0804,0.5965,2.5734
5.0806,0.5958,2.5691
5.0808,0.6014,2.591
5.0810,0.6315,2.7219
5.0812,0.606,2.6142
5.0814,0.5271,2.276
5.0816,0.5079,2.1921
5.0818,0.5384,2.3225
5.0820,0.5912,2.5506
5.0822,0.5188,2.2382
5.0824,0.5127,2.2108
5.0826,0.5414,2.3376
5.0828,0.505,2.1767
5.0830,0.5617,2.4234
5.0832,0.5204,2.2449
5.0834,0.5031,2.1724
5.0836,0.4923,2.1258
5.0838,0.4941,2.1316
5.0840,0.501,2.1611
5.0842,0.5018,2.1657
5.0844,0.4942,2.1321
5.0846,0.4915,2.1193
5.0848,0.499,2.1518
5.0850,0.5045,2.1756
5.0852,0.5464,2.3572
5.0854,0.5706,2.4571
5.0856,0.6356,2.7369
5.0858,0.6116,2.6361
5.0860,0.6014,2.5898
5.0862,0.671,2.8852
5.0864,0.7252,3.1168
5.0866,0.721,3.0987
5.0868,0.7674,3.2982
5.0870,0.7495,3.2244
5.0872,0.7129,3.0685
5.0874,0.7015,3.0181
5.0876,0.7206,3.0972
5.0878,0.8179,3.5119
5.0880,0.8972,3.8419
5.0882,0.9614,4.1243
5.0884,0.9019,3.8674
5.0886,0.9381,4.0283
5.0888,0.8633,3.7018
5.0890,0.9162,3.9286
5.0892,0.9288,3.9881
5.0894,0.864,3.7135
5.0896,0.8876,3.8044
5.0898,0.9832,4.2101
5.0900,1.0081,4.3088
5.0902,1.1175,4.7806
5.0904,1.1307,4.8371
5.0906,1.1391,4.873
5.0908,1.1229,4.8037
5.0910,1.1248,4.8119
5.0912,1.1485,4.9089
5.0914,1.1422,4.8909
5.0916,1.0268,4.4052
5.0918,0.9562,4.1099
5.0920,0.9487,4.066
5.0922,1.033,4.4293
5.0924,0.8904,3.8287
5.0926,0.8601,3.6931
5.0928,0.8879,3.8108
5.0930,0.8927,3.8331
5.0932,0.8418,3.6216
5.0934,0.7734,3.3301
5.0936,0.7295,3.1368
5.0938,0.7658,3.2945
5.0940,0.7502,3.2275
5.0942,0.7502,3.2275
5.0944,0.7086,3.0513
5.0946,0.7059,3.0437
5.0948,0.7408,3.1867
5.0950,0.7896,3.3967
5.0952,0.765,3.2925
5.0954,0.6858,2.9532
5.0956,0.7125,3.065
5.0958,0.7452,3.2073
5.0960,0.7056,3.0384
5.0962,0.6386,2.7549
5.0964,0.6127,2.6383
5.0966,0.7055,3.0351
5.0968,0.726,3.1291
5.0970,0.6496,2.7973
5.0972,0.667,2.8722
5.0974,0.6637,2.8564
5.0976,0.687,2.9598
5.0978,0.6863,2.9539
5.0980,0.7539,3.2495
5.0982,0.6343,2.7363
5.0984,0.5318,2.2951
5.0986,0.5057,2.1848
5.0988,0.4974,2.1466
5.0990,0.5469,2.3592
5.0992,0.5336,2.3029
5.0994,0.5462,2.3561
5.0996,0.5977,2.5821
5.0998,0.5167,2.2299
5.1000,0.4985,2.1507
5.1002,0.5065,2.1859
5.1004,0.5038,2.1775
5.1006,0.4316,1.8656
5.1008,0.4138,1.7867
5.1010,0.4748,2.0464
5.1012,0.5578,2.4085
5.1014,0.4771,2.062
5.1016,0.4573,1.9737
5.1018,0.4929,2.1244
5.1020,0.4957,2.1403
5.1022,0.45,1.9439
5.1024,0.4444,1.9187
5.1026,0.4455,1.9221
5.1028,0.4953,2.1348
5.1030,0.5716,2.4646
5.1032,0.5689,2.4544
5.1034,0.549,2.3674
5.1036,0.5521,2.3797
5.1038,0.5544,2.3907
5.1040,0.5599,2.4144
5.1042,0.5539,2.3886
5.1044,0.5538,2.387
5.1046,0.5592,2.4113
5.1048,0.5729,2.4703
5.1050,0.5675,2.4447
5.1052,0.6219,2.6768
5.1054,0.6505,2.797
5.1056,0.7517,3.2291
5.1058,0.8126,3.4908
5.1060,0.7153,3.0831
5.1062,0.5728,2.4698
5.1064,0.5533,2.386
5.1066,0.5519,2.3809
5.1068,0.55,2.3715
5.1070,0.5469,2.3559
5.1072,0.5731,2.4679
5.1074,0.5837,2.5168
5.1076,0.5352,2.3079
5.1078,0.528,2.2759
5.1080,0.5296,2.2836
5.1082,0.527,2.2733
5.1084,0.5605,2.4159
5.1086,0.5366,2.3125
5.1088,0.5303,2.2867
5.1090,0.5489,2.3669
5.1092,0.5356,2.3084
5.1094,0.5373,2.3124
5.1096,0.6779,2.9123
5.1098,0.7153,3.0802
5.1100,0.6857,2.9513
5.1102,0.637,2.7431
5.1104,0.5884,2.5334
5.1106,0.6496,2.7973
5.1108,0.6687,2.874
5.1110,0.728,3.1306
5.1112,0.686,2.9523
5.1114,0.6734,2.9008
5.1116,0.6176,2.6607
5.1118,0.582,2.5061
5.1120,0.6157,2.6512
5.1122,0.615,2.6505
5.1124,0.5566,2.4
5.1126,0.5222,2.2495
5.1128,0.5201,2.2428
5.1130,0.5548,2.3878
5.1132,0.6881,2.9589
5.1134,0.7112,3.0569
5.1136,0.7071,3.0417
5.1138,0.7112,3.0598
5.1140,0.7379,3.1684
5.1142,0.7345,3.1584
5.1144,0.6322,2.7237
5.1146,0.6117,2.6366
5.1148,0.6195,2.6702
5.1150,0.5857,2.5244
5.1152,0.5238,2.2578
5.1154,0.5592,2.4091
5.1156,0.6096,2.6224
5.1158,0.6119,2.6322
5.1160,0.5933,2.5582
5.1162,0.5204,2.2459
5.1164,0.5033,2.1704
5.1166,0.5072,2.188
5.1168,0.5155,2.2216
5.1170,0.5744,2.4747
5.1172,0.6012,2.5875
5.1174,0.6367,2.739
5.1176,0.6238,2.685
5.1178,0.6029,2.5971
5.1180,0.6055,2.6097
5.1182,0.5704,2.456
5.1184,0.5694,2.4519
5.1186,0.6232,2.6849
5.1188,0.5866,2.5269
5.1190,0.6128,2.6351
5.1192,0.6692,2.8787
5.1194,0.6971,2.9961
5.1196,0.7322,3.1501
5.1198,0.7388,3.177
5.1200,0.6808,2.9329
5.1202,0.6125,2.636
5.1204,0.6821,2.929
5.1206,0.8391,3.5962
5.1208,0.9313,3.9895
5.1210,0.918,3.9325
5.1212,0.9027,3.8709
5.1214,0.8963,3.8431
5.1216,0.9724,4.1657
5.1218,0.974,4.1763
5.1220,0.897,3.848
5.1222,0.9265,3.9709
5.1224,0.9479,4.059
5.1226,0.951,4.0743
5.1228,0.9512,4.0824
5.1230,0.9033,3.8771
5.1232,0.9042,3.8771
5.1234,0.9104,3.9093
5.1236,0.8489,3.6435
5.1238,0.8741,3.755
5.1240,0.8644,3.7081
5.1242,0.8964,3.8454
5.1244,0.8961,3.8444
5.1246,0.9476,4.067
5.1248,0.8921,3.8287
5.1250,0.8728,3.7441
5.1252,0.8642,3.7162
5.1254,0.7495,3.2198
5.1256,0.7089,3.0495
5.1258,0.8177,3.5129
5.1260,0.7722,3.3249
5.1262,0.6862,2.9506
5.1264,0.7276,3.1285
5.1266,0.7571,3.2568
5.1268,0.7217,3.1076
5.1270,0.6422,2.7601
5.1272,0.7073,3.0456
5.1274,0.6539,2.8158
5.1276,0.6885,2.9632
5.1278,0.6713,2.8907
5.1280,0.6463,2.7841
5.1282,0.6453,2.7774
5.1284,0.6984,3.0032
5.1286,0.6851,2.9501
5.1288,0.6517,2.8099
5.1290,0.5786,2.4951
5.1292,0.537,2.3157
5.1294,0.5668,2.4416
5.1296,0.6485,2.7887
5.1298,0.7196,3.0945
5.1300,0.7127,3.0617
5.1302,0.7755,3.3347
5.1304,0.7397,3.185
5.1306,0.7199,3.0969
5.1308,0.7568,3.2543
5.1310,0.762,3.2765
5.1312,0.7425,3.1959
5.1314,0.6748,2.9043
5.1316,0.6614,2.8479
5.1318,0.6378,2.7462
5.1320,0.6652,2.8604
5.1322,0.7496,3.2234
5.1324,0.7704,3.3141
5.1326,0.7271,3.1308
5.1328,0.6928,2.979
5.1330,0.7258,3.1208
5.1332,0.6844,2.9497
5.1334,0.6033,2.598
5.1336,0.6767,2.9139
5.1338,0.6714,2.8912
5.1340,0.6431,2.772
5.1342,0.6382,2.752
5.1344,0.5925,2.5539
5.1346,0.5922,2.5511
5.1348,0.5764,2.4853
5.1350,0.5708,2.4569
5.1352,0.6344,2.7304
5.1354,0.6234,2.6842
5.1356,0.6417,2.7593
5.1358,0.7529,3.2373
5.1360,0.7548,3.2455
5.1362,0.6929,2.9823
5.1364,0.6789,2.9205
5.1366,0.7774,3.3352
5.1368,0.8165,3.5078
5.1370,0.7493,3.2218
5.1372,0.7395,3.1771
5.1374,0.8088,3.4797
5.1376,0.7493,3.2248
5.1378,0.7235,3.111
5.1380,0.6768,2.9145
5.1382,0.627,2.6984
5.1384,0.6344,2.7304
5.1386,0.6333,2.7283
5.1388,0.6315,2.7218
5.1390,0.7145,3.0694
5.1392,0.777,3.3393
5.1394,0.7224,3.1107
5.1396,0.6527,2.812
5.1398,0.6776,2.9149
5.1400,0.6394,2.7534
5.1402,0.6265,2.7001
5.1404,0.6298,2.7133
5.1406,0.6247,2.6899
5.1408,0.6244,2.6901
5.1410,0.618,2.6585
5.1412,0.6815,2.9319
5.1414,0.6658,2.867
5.1416,0.5947,2.5656
5.1418,0.5646,2.4335
5.1420,0.5632,2.4228
5.1422,0.7211,3.0978
5.1424,0.8159,3.5068
5.1426,0.782,3.3657
5.1428,0.7071,3.0403
5.1430,0.6831,2.9427
5.1432,0.6399,2.7567
5.1434,0.5771,2.4872
5.1436,0.5517,2.3788
5.1438,0.5501,2.3731
5.1440,0.5457,2.3518
5.1442,0.5725,2.4653
5.1444,0.6019,2.5954
5.1446,0.5754,2.4777
5.1448,0.6039,2.6018
5.1450,0.5605,2.4193
5.1452,0.4789,2.0678
5.1454,0.5463,2.3522
5.1456,0.623,2.6864
5.1458,0.5491,2.3635
5.1460,0.6261,2.6948
5.1462,0.5873,2.53
5.1464,0.5662,2.4402
5.1466,0.5632,2.4284
5.1468,0.5557,2.3952
5.1470,0.5483,2.3632
5.1472,0.5373,2.3156
5.1474,0.588,2.5342
5.1476,0.5952,2.5629
5.1478,0.5825,2.5081
5.1480,0.5922,2.5511
5.1482,0.5911,2.5489
5.1484,0.6223,2.682
5.1486,0.5959,2.5684
5.1488,0.5821,2.5066
5.1490,0.6264,2.6946
5.1492,0.6598,2.8425
5.1494,0.6296,2.7085
5.1496,0.6918,2.9748
5.1498,0.659,2.8362
5.1500,0.6267,2.7024
5.1502,0.6026,2.5961
5.1504,0.6099,2.6276
5.1506,0.6314,2.7175
5.1508,0.6689,2.8817
5.1510,0.6267,2.6974
5.1512,0.6726,2.8897
5.1514,0.7392,3.1726
5.1516,0.8445,3.6295
5.1518,0.7786,3.345
5.1520,0.8074,3.4654
5.1522,0.8566,3.6713
5.1524,0.972,4.1681
5.1526,0.9329,4.0023
5.1528,0.9108,3.9054
5.1530,0.9051,3.8812
5.1532,0.9394,4.0263
5.1534,1.0062,4.3146
5.1536,0.921,3.9527
5.1538,0.8507,3.6512
5.1540,0.8484,3.6431
5.1542,0.8399,3.6049
5.1544,0.8635,3.6993
5.1546,0.9645,4.1376
5.1548,0.9762,4.1822
5.1550,1.0075,4.3182
5.1552,0.9728,4.1673
5.1554,0.9961,4.2694
5.1556,0.9618,4.1282
5.1558,0.8729,3.7499
5.1560,0.8463,3.6372
5.1562,0.8545,3.6625
5.1564,0.947,4.0625
5.1566,0.9524,4.0876
5.1568,0.9189,3.9458
5.1570,0.8907,3.8195
5.1572,0.8935,3.8349
5.1574,0.9248,3.9655
5.1576,0.9327,4.0088
5.1578,0.8383,3.6015
5.1580,0.7864,3.3801
5.1582,0.7922,3.4096
5.1584,0.7344,3.1608
5.1586,0.7473,3.2091
5.1588,0.8249,3.5438
5.1590,0.834,3.5846
5.1592,0.7746,3.3321
5.1594,0.7464,3.2124
5.1596,0.7222,3.1082
5.1598,0.7316,3.1489
5.1600,0.7627,3.2795
5.1602,0.6994,3.0115
5.1604,0.6612,2.846
5.1606,0.6532,2.8154
5.1608,0.5948,2.5637
5.1610,0.6689,2.8831
5.1612,0.631,2.721
5.1614,0.5333,2.3007
5.1616,0.52,2.2444
5.1618,0.5308,2.2899
5.1620,0.5374,2.314
5.1622,0.5873,2.5311
5.1624,0.6142,2.6413
5.1626,0.7249,3.1215
5.1628,0.6601,2.8527
5.1630,0.462,1.9967
5.1632,0.4485,1.9359
5.1634,0.4904,2.1156
5.1636,0.5508,2.3762
5.1638,0.5629,2.4274
5.1640,0.5675,2.4447
5.1642,0.5568,2.3999
5.1644,0.5749,2.4814
5.1646,0.5051,2.1812
5.1648,0.5392,2.3239
5.1650,0.5806,2.4999
5.1652,0.6107,2.6331
5.1654,0.5933,2.5558
5.1656,0.6242,2.6891
5.1658,0.5882,2.5365
5.1660,0.574,2.4761
5.1662,0.5057,2.1818
5.1664,0.5132,2.2128
5.1666,0.5822,2.5083
5.1668,0.59,2.5407
5.1670,0.5693,2.457
5.1672,0.5073,2.1865
5.1674,0.5345,2.3048
5.1676,0.5024,2.1693
5.1678,0.5015,2.1637
5.1680,0.5255,2.2671
5.1682,0.4591,1.9815
5.1684,0.4328,1.8699
5.1686,0.4073,1.7571
5.1688,0.5255,2.265
5.1690,0.5901,2.5424
5.1692,0.5736,2.4699
5.1694,0.5916,2.5474
5.1696,0.6521,2.8081
5.1698,0.6583,2.8358
5.1700,0.6342,2.7269
5.1702,0.6627,2.8496
5.1704,0.6706,2.8876
5.1706,0.6656,2.8646
5.1708,0.6797,2.9201
5.1710,0.7912,3.3975
5.1712,0.788,3.3868
5.1714,0.7473,3.2151
5.1716,0.672,2.8952
5.1718,0.6231,2.6832
5.1720,0.6264,2.6946
5.1722,0.6838,2.9389
5.1724,0.7029,3.0223
5.1726,0.7252,3.1153
5.1728,0.7449,3.2047
5.1730,0.6746,2.9047
5.1732,0.6471,2.7864
5.1734,0.6373,2.7428
5.1736,0.6288,2.7062
5.1738,0.6704,2.8852
5.1740,0.7121,3.0648
5.1742,0.6523,2.8099
5.1744,0.5694,2.4564
5.1746,0.5205,2.2454
5.1748,0.5074,2.188
5.1750,0.531,2.2898
5.1752,0.5714,2.4595
5.1754,0.6445,2.7751
5.1756,0.5864,2.5252
5.1758,0.6133,2.6396
5.1760,0.6326,2.7239
5.1762,0.6101,2.6293
5.1764,0.6049,2.6083
5.1766,0.5858,2.5238
5.1768,0.5934,2.5551
5.1770,0.5863,2.5258
5.1772,0.5899,2.539
5.1774,0.6141,2.6444
5.1776,0.6018,2.5937
5.1778,0.5692,2.4577
5.1780,0.4921,2.1238
5.1782,0.4725,2.0375
5.1784,0.469,2.0225
5.1786,0.492,2.1213
5.1788,0.4722,2.0369
5.1790,0.4969,2.1395
5.1792,0.5875,2.5298
5.1794,0.5604,2.4143
5.1796,0.5471,2.358
5.1798,0.5312,2.2904
5.1800,0.5616,2.4161
5.1802,0.6283,2.7041
5.1804,0.5999,2.5818
5.1806,0.5899,2.5402
5.1808,0.6101,2.6269
5.1810,0.5854,2.5182
5.1812,0.5958,2.5655
5.1814,0.6519,2.8058
5.1816,0.6646,2.8618
5.1818,0.6168,2.6558
5.1820,0.594,2.5577
5.1822,0.5948,2.5601
5.1824,0.5929,2.5495
5.1826,0.6223,2.6808
5.1828,0.5794,2.4994
5.1830,0.5007,2.16
5.1832,0.4875,2.1031
5.1834,0.4818,2.0764
5.1836,0.4851,2.0928
5.1838,0.4882,2.1062
5.1840,0.4892,2.1104
5.1842,0.4959,2.1364
5.1844,0.515,2.2175
5.1846,0.5531,2.3828
5.1848,0.5843,2.5135
5.1850,0.6285,2.7064
5.1852,0.5867,2.525
5.1854,0.6392,2.746
5.1856,0.7954,3.4139
5.1858,0.8106,3.4825
5.1860,0.7865,3.3711
5.1862,0.8381,3.5971
5.1864,0.8256,3.542
5.1866,0.8867,3.8038
5.1868,0.8458,3.6335
5.1870,0.8039,3.4505
5.1872,0.8484,3.638
5.1874,0.8561,3.6692
5.1876,0.89,3.8217
5.1878,0.8335,3.5776
5.1880,0.8563,3.6702
5.1882,0.8863,3.804
5.1884,0.8759,3.7592
5.1886,0.756,3.2492
5.1888,0.7091,3.0406
5.1890,0.8477,3.64
5.1892,0.8472,3.6363
5.1894,0.882,3.7855
5.1896,0.8984,3.8542
5.1898,0.8928,3.8264
5.1900,0.9159,3.9275
5.1902,0.8886,3.8102
5.1904,0.9272,3.9721
5.1906,1.0012,4.287
5.1908,0.9934,4.2596
5.1910,0.9816,4.2131
5.1912,0.9267,3.9737
5.1914,0.8977,3.8493
5.1916,0.8767,3.7646
5.1918,0.8796,3.7717
5.1920,0.951,4.0762
5.1922,0.89,3.8217
5.1924,0.8602,3.6953
5.1926,0.8746,3.7518
5.1928,0.897,3.848
5.1930,0.8826,3.7863
5.1932,0.8395,3.6167
5.1934,0.684,2.94
5.1936,0.7129,3.067
5.1938,0.7012,3.0179
5.1940,0.6989,3.0123
5.1942,0.6889,2.9652
5.1944,0.6394,2.7534
5.1946,0.6121,2.6357
5.1948,0.5907,2.5461
5.1950,0.6061,2.6111
5.1952,0.6545,2.8171
5.1954,0.7006,3.0181
5.1956,0.6291,2.7115
5.1958,0.6356,2.7369
5.1960,0.6597,2.8406
5.1962,0.6596,2.8388
5.1964,0.6304,2.7134
5.1966,0.6705,2.8871
5.1968,0.6519,2.8084
5.1970,0.6012,2.5887
5.1972,0.6729,2.8961
5.1974,0.7118,3.0652
5.1976,0.6922,2.9792
5.1978,0.6782,2.9188
5.1980,0.6605,2.8495
5.1982,0.5898,2.542
5.1984,0.5762,2.4813
5.1986,0.6343,2.7299
5.1988,0.6482,2.7937
5.1990,0.5973,2.5757
5.1992,0.5864,2.5263
5.1994,0.6381,2.7464
5.1996,0.6025,2.5968
5.1998,0.5684,2.4511
5.2000,0.5608,2.4169
5.2002,0.571,2.4597
5.2004,0.5734,2.4723
5.2006,0.5776,2.4939
5.2008,0.4981,2.1487
5.2010,0.4904,2.1136
5.2012,0.5256,2.2676
5.2014,0.4896,2.111
5.2016,0.5388,2.3202
5.2018,0.6069,2.6122
5.2020,0.64,2.7572
5.2022,0.6398,2.7562
5.2024,0.6391,2.7506
5.2026,0.6358,2.7366
5.2028,0.6596,2.8362
5.2030,0.7043,3.0299
5.2032,0.6464,2.782
5.2034,0.6503,2.7991
5.2036,0.668,2.8722
5.2038,0.6955,2.9922
5.2040,0.7135,3.0696
5.2042,0.7337,3.1562
5.2044,0.7225,3.1068
5.2046,0.6768,2.9158
5.2048,0.6138,2.6429
5.2050,0.6069,2.611
5.2052,0.6325,2.7222
5.2054,0.6882,2.9621
5.2056,0.6573,2.8316
5.2058,0.6009,2.5876
5.2060,0.6024,2.595
5.2062,0.6062,2.6092
5.2064,0.6105,2.629
5.2066,0.6025,2.5932
5.2068,0.6104,2.6284
5.2070,0.6204,2.6725
5.2072,0.6248,2.6929
5.2074,0.6216,2.6789
5.2076,0.5964,2.568
5.2078,0.653,2.8091
5.2080,0.6527,2.8094
5.2082,0.5942,2.5611
5.2084,0.5501,2.3709
5.2086,0.5923,2.5505
5.2088,0.5734,2.47
5.2090,0.6145,2.6472
5.2092,0.6824,2.9328
5.2094,0.7597,3.2636
5.2096,0.7507,3.225
5.2098,0.7506,3.226
5.2100,0.7271,3.1279
5.2102,0.7213,3.0988
5.2104,0.7301,3.1393
5.2106,0.7084,3.0446
5.2108,0.7477,3.2166
5.2110,0.6824,2.9341
5.2112,0.6693,2.8806
5.2114,0.6533,2.8093
5.2116,0.6933,2.9783
5.2118,0.7424,3.188
5.2120,0.7225,3.1097
5.2122,0.7541,3.2424
5.2124,0.7628,3.277
5.2126,0.8067,3.4623
5.2128,0.8194,3.5251
5.2130,0.678,2.9183
5.2132,0.6121,2.6344
5.2134,0.6368,2.7407
5.2136,0.6284,2.7097
5.2138,0.6164,2.6567
5.2140,0.6148,2.6463
5.2142,0.6407,2.7565
5.2144,0.677,2.915
5.2146,0.6247,2.6911
5.2148,0.5935,2.5556
5.2150,0.6236,2.689
5.2152,0.5982,2.577
5.2154,0.5976,2.572
5.2156,0.6343,2.7337
5.2158,0.6129,2.643
5.2160,0.5816,2.5045
5.2162,0.5748,2.4774
5.2164,0.5038,2.1715
5.2166,0.4876,2.1027
5.2168,0.4898,2.1139
5.2170,0.5042,2.174
5.2172,0.5519,2.3776
5.2174,0.5878,2.5297
5.2176,0.6019,2.5894
5.2178,0.6346,2.7302
5.2180,0.7135,3.0667
5.2182,0.7527,3.2322
5.2184,0.803,3.448
5.2186,0.7832,3.3693
5.2188,0.6796,2.9209
5.2190,0.753,3.2393
5.2192,0.7481,3.2152
5.2194,0.7756,3.3321
5.2196,0.8554,3.6695
5.2198,0.8692,3.7304
5.2200,0.8638,3.7004
5.2202,0.9496,4.0719
5.2204,0.965,4.1358
5.2206,0.9698,4.1525
5.2208,0.9638,4.1307
5.2210,0.9572,4.0967
5.2212,1.0129,4.3393
5.2214,0.9522,4.0832
5.2216,0.9586,4.1105
5.2218,1.0037,4.3018
5.2220,1.0144,4.3435
5.2222,1.0174,4.3583
5.2224,1.0367,4.439
5.2226,1.0397,4.456
5.2228,1.0383,4.4462
5.2230,1.0243,4.384
5.2232,1.0205,4.3819
5.2234,0.9567,4.108
5.2236,0.9139,3.9205
5.2238,0.9487,4.0678
5.2240,0.9242,3.9648
5.2242,0.8693,3.7396
5.2244,0.7608,3.2774
5.2246,0.6777,2.9194
5.2248,0.6722,2.897
5.2250,0.6171,2.6598
5.2252,0.6044,2.6026
5.2254,0.6491,2.7952
5.2256,0.6897,2.9697
5.2258,0.6436,2.774
5.2260,0.5935,2.558
5.2262,0.6719,2.8919
5.2264,0.6947,2.9886
5.2266,0.6684,2.8823
5.2268,0.6132,2.6415
5.2270,0.6752,2.9059
5.2272,0.6596,2.8388
5.2274,0.6804,2.9259
5.2276,0.7398,3.1885
5.2278,0.6385,2.7531
5.2280,0.6172,2.6591
5.2282,0.6005,2.588
5.2284,0.5842,2.5189
5.2286,0.572,2.4701
5.2288,0.511,2.2025
5.2290,0.589,2.5372
5.2292,0.6616,2.8476
5.2294,0.6738,2.9029
5.2296,0.6621,2.8523
5.2298,0.6809,2.9293
5.2300,0.6683,2.8805
5.2302,0.6057,2.6107
5.2304,0.6399,2.7567
5.2306,0.5837,2.518
5.2308,0.5241,2.2619
5.2310,0.5212,2.2495
5.2312,0.4955,2.1378
5.2314,0.5043,2.1756
5.2316,0.5828,2.5109
5.2318,0.6623,2.8533
5.2320,0.5928,2.5549
5.2322,0.5676,2.443
5.2324,0.6168,2.6558
5.2326,0.6407,2.7642
5.2328,0.5382,2.3219
5.2330,0.5508,2.3751
5.2332,0.5722,2.4649
5.2334,0.5892,2.5371
5.2336,0.5979,2.5783
5.2338,0.5872,2.5283
5.2340,0.6201,2.6703
5.2342,0.6032,2.5975
5.2344,0.5544,2.3929
5.2346,0.4681,2.0193
5.2348,0.5163,2.2242
5.2350,0.6196,2.6707
5.2352,0.5759,2.4797
5.2354,0.6304,2.7134
5.2356,0.6587,2.8339
5.2358,0.6481,2.7918
5.2360,0.6075,2.6185
5.2362,0.5994,2.5785
5.2364,0.7043,3.0285
5.2366,0.7284,3.1321
5.2368,0.7294,3.1377
5.2370,0.6768,2.909
5.2372,0.7122,3.0625
5.2374,0.6853,2.9511
5.2376,0.678,2.9223
5.2378,0.6087,2.6249
5.2380,0.5855,2.5175
5.2382,0.6671,2.8753
5.2384,0.5571,2.4031
5.2386,0.5475,2.3596
5.2388,0.5303,2.2846
5.2390,0.5289,2.2816
5.2392,0.5276,2.2759
5.2394,0.5279,2.2753
5.2396,0.5285,2.279
5.2398,0.5309,2.2904
5.2400,0.5337,2.3012
5.2402,0.5029,2.1673
5.2404,0.5379,2.3161
5.2406,0.5645,2.4341
5.2408,0.4755,2.0505
5.2410,0.4682,2.0217
5.2412,0.4667,2.0141
5.2414,0.4905,2.1151
5.2416,0.5079,2.1921
5.2418,0.4744,2.0458
5.2420,0.5246,2.2598
5.2422,0.5729,2.4668
5.2424,0.6055,2.6073
5.2426,0.5897,2.5403
5.2428,0.569,2.4526
5.2430,0.5482,2.3649
5.2432,0.5119,2.2071
5.2434,0.5023,2.1658
5.2436,0.4706,2.0302
5.2438,0.4917,2.1193
5.2440,0.5126,2.2082
5.2442,0.4964,2.1404
5.2444,0.5235,2.2552
5.2446,0.5541,2.3891
5.2448,0.5411,2.33
5.2450,0.6235,2.6822
5.2452,0.6761,2.9073
5.2454,0.6784,2.9198
5.2456,0.6113,2.6308
5.2458,0.6141,2.6408
5.2460,0.5983,2.5751
5.2462,0.5924,2.5522
5.2464,0.5838,2.515
5.2466,0.5942,2.5564
5.2468,0.6272,2.6982
5.2470,0.606,2.6093
5.2472,0.5828,2.5144
5.2474,0.5158,2.2242
5.2476,0.5053,2.1777
5.2478,0.5041,2.1735
5.2480,0.4908,2.1171
5.2482,0.5029,2.1663
5.2484,0.5597,2.41
5.2486,0.5572,2.4014
5.2488,0.5237,2.2573
5.2490,0.5786,2.4905
5.2492,0.5801,2.4978
5.2494,0.5822,2.5059
5.2496,0.6085,2.6214
5.2498,0.6302,2.7136
5.2500,0.6125,2.636
5.2502,0.606,2.6057
5.2504,0.6646,2.8618
5.2506,0.5761,2.4808
5.2508,0.5935,2.5521
5.2510,0.6442,2.774
5.2512,0.6216,2.6727
5.2514,0.6662,2.8645
5.2516,0.6536,2.8143
5.2518,0.6072,2.6109
5.2520,0.7032,3.0224
5.2522,0.7621,3.2694
5.2524,0.8514,3.6509
5.2526,0.8695,3.7285
5.2528,0.884,3.7942
5.2530,0.9014,3.858
5.2532,0.9925,4.248
5.2534,1.016,4.3507
5.2536,0.9822,4.2039
5.2538,1.001,4.2765
5.2540,1.1513,4.9229
5.2542,1.097,4.7082
5.2544,0.868,3.7218
5.2546,0.8734,3.7432
5.2548,0.9718,4.1632
5.2550,0.9829,4.2109
5.2552,0.9093,3.8992
5.2554,0.9436,4.0425
5.2556,0.9945,4.2642
5.2558,0.955,4.0989
5.2560,0.8961,3.848
5.2562,0.8223,3.5341
5.2564,0.7725,3.3203
5.2566,0.8043,3.4552
5.2568,0.7765,3.3373
5.2570,0.7934,3.4052
5.2572,0.7846,3.3739
5.2574,0.7943,3.4093
5.2576,0.9405,4.0291
5.2578,0.9527,4.0891
5.2580,0.8887,3.8143
5.2582,0.8909,3.8218
5.2584,0.9001,3.8596
5.2586,0.9651,4.1363
5.2588,0.9635,4.1374
5.2590,0.7969,3.4265
5.2592,0.7563,3.2507
5.2594,0.781,3.3569
5.2596,0.7642,3.2893
5.2598,0.6963,2.9981
5.2600,0.6895,2.9651
5.2602,0.7099,3.057
5.2604,0.7147,3.079
5.2606,0.6489,2.7916
5.2608,0.7328,3.1482
5.2610,0.766,3.2925
5.2612,0.7628,3.2785
5.2614,0.7385,3.1754
5.2616,0.7651,3.2853
5.2618,0.8308,3.5691
5.2620,0.8031,3.4501
5.2622,0.8249,3.5471
5.2624,0.8228,3.5329
5.2626,0.8746,3.7571
5.2628,0.8026,3.4544
5.2630,0.6647,2.865
5.2632,0.5711,2.4591
5.2634,0.6186,2.6635
5.2636,0.65,2.8027
5.2638,0.5804,2.5017
5.2640,0.561,2.4202
5.2642,0.5509,2.3768
5.2644,0.5613,2.4179
5.2646,0.5996,2.5796
5.2648,0.6587,2.8378
5.2650,0.5855,2.5281
5.2652,0.4933,2.129
5.2654,0.4779,2.0656
5.2656,0.4831,2.0859
5.2658,0.5111,2.204
5.2660,0.5294,2.2826
5.2662,0.5182,2.2366
5.2664,0.5254,2.2666
5.2666,0.5252,2.2624
5.2668,0.5307,2.2872
5.2670,0.5254,2.2666
5.2672,0.5402,2.3302
5.2674,0.5602,2.4143
5.2676,0.5952,2.5605
5.2678,0.6801,2.9243
5.2680,0.7225,3.1083
5.2682,0.682,2.9353
5.2684,0.6693,2.8793
5.2686,0.6838,2.9376
5.2688,0.7375,3.1742
5.2690,0.7205,3.0981
5.2692,0.7232,3.107
5.2694,0.7433,3.196
5.2696,0.7428,3.194
5.2698,0.7424,3.188
5.2700,0.8003,3.4398
5.2702,0.8142,3.5045
5.2704,0.762,3.2734
5.2706,0.7617,3.2769
5.2708,0.7012,3.0179
5.2710,0.7002,3.0151
5.2712,0.7252,3.1109
5.2714,0.8453,3.6263
5.2716,0.8861,3.803
5.2718,0.8954,3.8449
5.2720,0.8523,3.6647
5.2722,0.7654,3.2868
5.2724,0.7539,3.2449
5.2726,0.6887,2.9683
5.2728,0.632,2.7214
5.2730,0.62,2.671
5.2732,0.619,2.6656
5.2734,0.6618,2.8473
5.2736,0.6778,2.9172
5.2738,0.6496,2.7973
5.2740,0.6312,2.7228
5.2742,0.5565,2.3983
5.2744,0.553,2.38
5.2746,0.6828,2.9362
5.2748,0.7297,3.1407
5.2750,0.6495,2.798
5.2752,0.6309,2.7167
5.2754,0.6983,3.0041
5.2756,0.7629,3.2775
5.2758,0.7916,3.407
5.2760,0.6743,2.9077
5.2762,0.5657,2.4381
5.2764,0.5539,2.3864
5.2766,0.5469,2.3548
5.2768,0.6296,2.7098
5.2770,0.6738,2.9029
5.2772,0.6401,2.7552
5.2774,0.667,2.8721
5.2776,0.6398,2.7536
5.2778,0.6538,2.8088
5.2780,0.8038,3.45
5.2782,0.834,3.5863
5.2784,0.7461,3.2084
5.2786,0.7471,3.2125
5.2788,0.7228,3.1122
5.2790,0.6936,2.9867
5.2792,0.6664,2.8682
5.2794,0.663,2.8524
5.2796,0.6616,2.8449
5.2798,0.6532,2.8141
5.2800,0.577,2.4867
5.2802,0.5662,2.4425
5.2804,0.5668,2.4428
5.2806,0.5648,2.4345
5.2808,0.5646,2.4335
5.2810,0.5646,2.4335
5.2812,0.5958,2.5643
5.2814,0.6571,2.828
5.2816,0.6481,2.7918
5.2818,0.623,2.6851
5.2820,0.6068,2.6142
5.2822,0.622,2.6798
5.2824,0.5806,2.5034
5.2826,0.5044,2.1761
5.2828,0.4958,2.1388
5.2830,0.4982,2.1502
5.2832,0.5192,2.2376
5.2834,0.5562,2.3951
5.2836,0.5619,2.4216
5.2838,0.5706,2.4593
5.2840,0.6465,2.7787
5.2842,0.7351,3.1595
5.2844,0.7813,3.3563
5.2846,0.7183,3.0888
5.2848,0.7254,3.1207
5.2850,0.7074,3.0433
5.2852,0.7383,3.1734
5.2854,0.7774,3.3383
5.2856,0.8213,3.5202
5.2858,0.9563,4.0988
5.2860,0.9943,4.2617
5.2862,0.9765,4.1832
5.2864,0.9696,4.1539
5.2866,0.9767,4.1862
5.2868,0.9939,4.2616
5.2870,0.9712,4.1625
5.2872,0.9223,3.951
5.2874,0.9904,4.2428
5.2876,1.0117,4.3362
5.2878,0.9784,4.1953
5.2880,0.9898,4.2382
5.2882,1.0813,4.6256
5.2884,1.126,4.817
5.2886,1.1466,4.9144
5.2888,1.0275,4.3979
5.2890,1.051,4.4985
5.2892,1.0733,4.6047
5.2894,0.9761,4.1875
5.2896,0.9415,4.0407
5.2898,0.8666,3.73
5.2900,0.7469,3.219
5.2902,0.6247,2.6911
5.2904,0.6515,2.8029
5.2906,0.7084,3.0517
5.2908,0.7073,3.0442
5.2910,0.6939,2.985
5.2912,0.7286,3.136
5.2914,0.7449,3.2077
5.2916,0.7518,3.2326
5.2918,0.7582,3.2574
5.2920,0.8345,3.59
5.2922,0.7759,3.3378
5.2924,0.7183,3.0945
5.2926,0.7038,3.025
5.2928,0.7624,3.2816
5.2930,0.7626,3.2806
5.2932,0.7897,3.3971
5.2934,0.7791,3.3502
5.2936,0.7606,3.2708
5.2938,0.7401,3.19
5.2940,0.6123,2.6379
5.2942,0.655,2.8244
5.2944,0.6103,2.6291
5.2946,0.5936,2.5585
5.2948,0.641,2.7639
5.2950,0.6135,2.6455
5.2952,0.5665,2.444
5.2954,0.5023,2.1688
5.2956,0.4973,2.1446
5.2958,0.5907,2.5449
5.2960,0.6031,2.6018
5.2962,0.5603,2.4171
5.2964,0.527,2.2754
5.2966,0.4848,2.0942
5.2968,0.4743,2.0481
5.2970,0.4864,2.0985
5.2972,0.5171,2.2299
5.2974,0.5712,2.4608
5.2976,0.6103,2.6316
5.2978,0.5973,2.5745
5.2980,0.5617,2.4233
5.2982,0.5519,2.3809
5.2984,0.532,2.295
5.2986,0.476,2.0544
5.2988,0.4583,1.9778
5.2990,0.4627,1.9979
5.2992,0.4591,1.9824
5.2994,0.4478,1.9337
5.2996,0.4455,1.9239
5.2998,0.4418,1.9096
5.3000,0.4488,1.9388
5.3002,0.4506,1.9456
5.3004,0.4514,1.9484
5.3006,0.4935,2.128
5.3008,0.5778,2.4869
5.3010,0.6413,2.7591
5.3012,0.6214,2.6784
5.3014,0.5666,2.4445
5.3016,0.5634,2.4294
5.3018,0.5856,2.5216
5.3020,0.5924,2.5534
5.3022,0.5717,2.4628
5.3024,0.6291,2.7065
5.3026,0.6626,2.8477
5.3028,0.7181,3.0906
5.3030,0.6535,2.819
5.3032,0.5732,2.4707
5.3034,0.5459,2.3518
5.3036,0.5975,2.5727
5.3038,0.6174,2.6609
5.3040,0.5951,2.5612
5.3042,0.6208,2.6746
5.3044,0.6256,2.694
5.3046,0.6044,2.605
5.3048,0.5276,2.277
5.3050,0.5158,2.2262
5.3052,0.511,2.2035
5.3054,0.5126,2.2102
5.3056,0.515,2.2216
5.3058,0.5174,2.2309
5.3060,0.5176,2.2319
5.3062,0.5199,2.2418
5.3064,0.5081,2.1911
5.3066,0.5013,2.1626
5.3068,0.5301,2.2846
5.3070,0.6009,2.5876
5.3072,0.5637,2.4316
5.3074,0.4856,2.0949
5.3076,0.4738,2.0432
5.3078,0.4762,2.0526
5.3080,0.4858,2.094
5.3082,0.5078,2.1875
5.3084,0.5891,2.5354
5.3086,0.6133,2.6396
5.3088,0.6154,2.6452
5.3090,0.6934,2.9802
5.3092,0.7292,3.1357
5.3094,0.7333,3.1532
5.3096,0.6654,2.8641
5.3098,0.6318,2.7191
5.3100,0.6553,2.8176
5.3102,0.7259,3.1213
5.3104,0.6837,2.9425
5.3106,0.6422,2.7653
5.3108,0.6175,2.6527
5.3110,0.7495,3.2138
5.3112,0.7894,3.3882
5.3114,0.762,3.2795
5.3116,0.6976,3.0024
5.3118,0.6848,2.9444
5.3120,0.7294,3.1348
5.3122,0.7798,3.3517
5.3124,0.7411,3.1882
5.3126,0.6788,2.9227
5.3128,0.6415,2.7634
5.3130,0.5418,2.3364
5.3132,0.5284,2.2795
5.3134,0.5057,2.1818
5.3136,0.5024,2.1612
5.3138,0.6044,2.605
5.3140,0.5146,2.219
5.3142,0.5199,2.2407
5.3144,0.5479,2.3638
5.3146,0.4923,2.1228
5.3148,0.4874,2.1016
5.3150,0.4904,2.1156
5.3152,0.4844,2.0887
5.3154,0.4849,2.0918
5.3156,0.4896,2.111
5.3158,0.5303,2.2846
5.3160,0.6011,2.5858
5.3162,0.6407,2.7565
5.3164,0.615,2.6493
5.3166,0.5493,2.3695
5.3168,0.494,2.1301
5.3170,0.534,2.3006
5.3172,0.6013,2.5832
5.3174,0.7635,3.2755
5.3176,0.8334,3.5771
5.3178,0.8188,3.5159
5.3180,0.7236,3.1071
5.3182,0.7668,3.2955
5.3184,0.7706,3.312
5.3186,0.7584,3.258
5.3188,0.7762,3.33
5.3190,0.8187,3.5105
5.3192,0.8862,3.7929
5.3194,0.9593,4.1117
5.3196,0.9165,3.93
5.3198,0.8912,3.8198
5.3200,0.9011,3.8655
5.3202,0.9037,3.8732
5.3204,0.9427,4.0383
5.3206,0.9594,4.1122
5.3208,0.9422,4.0363
5.3210,0.9604,4.1144
5.3212,0.9708,4.1552
5.3214,0.9831,4.2154
5.3216,0.9578,4.105
5.3218,0.9893,4.2421
5.3220,0.9731,4.1688
5.3222,0.882,3.7837
5.3224,0.8501,3.6469
5.3226,0.8738,3.7487
5.3228,0.8919,3.83
5.3230,0.8404,3.6136
5.3232,0.7993,3.4368
5.3234,0.7529,3.2358
5.3236,0.7314,3.145
5.3238,0.7457,3.2034
5.3240,0.7603,3.2723
5.3242,0.7124,3.0621
5.3244,0.7707,3.3141
5.3246,0.7809,3.361
5.3248,0.7325,3.154
5.3250,0.713,3.0675
5.3252,0.7469,3.21
5.3254,0.7549,3.2445
5.3256,0.7365,3.1672
5.3258,0.7115,3.0622
5.3260,0.6981,3.0086
5.3262,0.6508,2.8037
5.3264,0.6506,2.8014
5.3266,0.6779,2.9137
5.3268,0.7312,3.1454
5.3270,0.7431,3.1955
5.3272,0.7114,3.0632
5.3274,0.6381,2.7515
5.3276,0.621,2.6751
5.3278,0.6447,2.7735
5.3280,0.6716,2.8931
5.3282,0.6865,2.9563
5.3284,0.6991,3.0021
5.3286,0.7795,3.3502
5.3288,0.7568,3.2543
5.3290,0.7731,3.3229
5.3292,0.782,3.3626
5.3294,0.7837,3.3698
5.3296,0.7055,3.0407
5.3298,0.6032,2.6011
5.3300,0.5881,2.5348
5.3302,0.6164,2.653
5.3304,0.6499,2.7996
5.3306,0.6186,2.6635
5.3308,0.6589,2.8344
5.3310,0.6732,2.899
5.3312,0.6379,2.7479
5.3314,0.6204,2.6713
5.3316,0.6877,2.9573
5.3318,0.7157,3.0803
5.3320,0.6569,2.8235
5.3322,0.712,3.0615
5.3324,0.6999,3.0136
5.3326,0.6794,2.9253
5.3328,0.6555,2.8252
5.3330,0.5587,2.4093
5.3332,0.5587,2.4104
5.3334,0.547,2.3597
5.3336,0.5445,2.3456
5.3338,0.6198,2.665
5.3340,0.7078,3.0463
5.3342,0.6743,2.8969
5.3344,0.7972,3.4264
5.3346,0.7442,3.2061
5.3348,0.647,2.7872
5.3350,0.6389,2.75
5.3352,0.6439,2.7725
5.3354,0.6699,2.8805
5.3356,0.7217,3.1003
5.3358,0.7946,3.4119
5.3360,0.775,3.3327
5.3362,0.7603,3.2753
5.3364,0.669,2.8822
5.3366,0.6302,2.7149
5.3368,0.6308,2.7175
5.3370,0.6723,2.8908
5.3372,0.7248,3.1137
5.3374,0.7591,3.2641
5.3376,0.7698,3.3069
5.3378,0.874,3.7615
5.3380,0.7025,3.0278
5.3382,0.6397,2.7544
5.3384,0.6283,2.7054
5.3386,0.6204,2.6713
5.3388,0.6236,2.6852
5.3390,0.6295,2.7105
5.3392,0.6272,2.702
5.3394,0.6226,2.6848
5.3396,0.6121,2.6381
5.3398,0.6194,2.6634
5.3400,0.6601,2.8475
5.3402,0.5562,2.3984
5.3404,0.5423,2.3374
5.3406,0.5403,2.3296
5.3408,0.5431,2.341
5.3410,0.6133,2.6433
5.3412,0.6038,2.6037
5.3414,0.5466,2.3581
5.3416,0.5695,2.4524
5.3418,0.6378,2.7423
5.3420,0.6801,2.927
5.3422,0.7051,3.0293
5.3424,0.7559,3.2502
5.3426,0.6954,2.9917
5.3428,0.6773,2.9179
5.3430,0.6029,2.5971
5.3432,0.6297,2.7103
5.3434,0.714,3.0717
5.3436,0.732,3.152
5.3438,0.6357,2.7336
5.3440,0.6551,2.8223
5.3442,0.6392,2.7485
5.3444,0.7356,3.163
5.3446,0.6526,2.8167
5.3448,0.5077,2.1911
5.3450,0.4903,2.1131
5.3452,0.4897,2.1144
5.3454,0.4899,2.1125
5.3456,0.4872,2.1016
5.3458,0.4879,2.1037
5.3460,0.5343,2.307
5.3462,0.4905,2.1161
5.3464,0.4842,2.0877
5.3466,0.4862,2.0984
5.3468,0.4873,2.0992
5.3470,0.5189,2.2387
5.3472,0.4822,2.0794
5.3474,0.5198,2.2412
5.3476,0.5445,2.3467
5.3478,0.5655,2.4405
5.3480,0.5164,2.2257
5.3482,0.5042,2.173
5.3484,0.5369,2.312
5.3486,0.5861,2.5248
5.3488,0.6069,2.6135
5.3490,0.618,2.6597
5.3492,0.617,2.6544
5.3494,0.6244,2.6888
5.3496,0.6062,2.6128
5.3498,0.6328,2.7199
5.3500,0.6554,2.8194
5.3502,0.6271,2.6964
5.3504,0.6822,2.9322
5.3506,0.8031,3.4469
5.3508,0.8188,3.5159
5.3510,0.8347,3.5877
5.3512,0.8264,3.55
5.3514,0.8285,3.5527
5.3516,0.8509,3.6522
5.3518,0.8035,3.45
5.3520,0.8458,3.6284
5.3522,0.87,3.7305
5.3524,0.8764,3.7666
5.3526,0.8276,3.5502
5.3528,0.9427,4.0383
5.3530,0.958,4.106
5.3532,0.9409,4.0344
5.3534,0.9558,4.0948
5.3536,0.9674,4.1461
5.3538,0.9719,4.1695
5.3540,0.9368,4.0169
5.3542,0.9802,4.1972
5.3544,1.0082,4.3173
5.3546,1.0401,4.4539
5.3548,1.0845,4.6395
5.3550,1.102,4.7078
5.3552,1.1213,4.797
5.3554,1.1045,4.7251
5.3556,1.1163,4.7754
5.3558,1.0622,4.5505
5.3560,0.9981,4.2816
5.3562,0.9263,3.9722
5.3564,0.9105,3.9061
5.3566,0.8729,3.7516
5.3568,0.7578,3.266
5.3570,0.6195,2.6714
5.3572,0.635,2.733
5.3574,0.7012,3.0165
5.3576,0.7633,3.2821
5.3578,0.7719,3.3177
5.3580,0.8317,3.5649
5.3582,0.9133,3.9253
5.3584,0.8337,3.5848
5.3586,0.7605,3.2703
5.3588,0.7517,3.2336
5.3590,0.7737,3.3285
5.3592,0.7662,3.3022
5.3594,0.5886,2.5368
5.3596,0.5857,2.5256
5.3598,0.5808,2.5056
5.3600,0.5795,2.4952
5.3602,0.6537,2.8135
5.3604,0.6942,2.9935
5.3606,0.5858,2.5296
5.3608,0.5425,2.3373
5.3610,0.6517,2.8047
5.3612,0.6806,2.9332
5.3614,0.5922,2.5535
5.3616,0.5322,2.2971
5.3618,0.4996,2.1554
5.3620,0.5367,2.3152
5.3622,0.589,2.5384
5.3624,0.5702,2.4589
5.3626,0.5951,2.5659
5.3628,0.5897,2.5427
5.3630,0.5807,2.5039
5.3632,0.5591,2.4119
5.3634,0.5226,2.2536
5.3636,0.524,2.2604
5.3638,0.5092,2.1988
5.3640,0.5177,2.2293
5.3642,0.6206,2.6798
5.3644,0.5496,2.3667
5.3646,0.5874,2.5328
5.3648,0.5286,2.2816
5.3650,0.4954,2.1373
5.3652,0.4882,2.1082
5.3654,0.4815,2.0792
5.3656,0.4937,2.132
5.3658,0.5037,2.174
5.3660,0.5186,2.2381
5.3662,0.4306,1.8574
5.3664,0.458,1.9777
5.3666,0.4496,1.9388
5.3668,0.4851,2.0938
5.3670,0.5176,2.2299
5.3672,0.5753,2.4783
5.3674,0.5844,2.5176
5.3676,0.6286,2.7069
5.3678,0.5957,2.5661
5.3680,0.5699,2.4551
5.3682,0.6204,2.6713
5.3684,0.6532,2.8114
5.3686,0.6479,2.7849
5.3688,0.6728,2.8956
5.3690,0.6834,2.9415
5.3692,0.6762,2.9092
5.3694,0.6846,2.9425
5.3696,0.7557,3.2451
5.3698,0.8192,3.5224
5.3700,0.7535,3.2383
5.3702,0.725,3.122
5.3704,0.6283,2.7079
5.3706,0.6146,2.649
5.3708,0.6286,2.7057
5.3710,0.6813,2.9281
5.3712,0.6777,2.9167
5.3714,0.6735,2.9
5.3716,0.6404,2.7562
5.3718,0.6356,2.7381
5.3720,0.6573,2.8303
5.3722,0.6529,2.8099
5.3724,0.6627,2.8549
5.3726,0.5955,2.5692
5.3728,0.5499,2.371
5.3730,0.55,2.3693
5.3732,0.5339,2.3012
5.3734,0.5303,2.2857
5.3736,0.5919,2.5537
5.3738,0.5143,2.2205
5.3740,0.4755,2.0514
5.3742,0.4723,2.0374
5.3744,0.4782,2.0609
5.3746,0.5256,2.2666
5.3748,0.5043,2.1725
5.3750,0.55,2.3671
5.3752,0.5997,2.5825
5.3754,0.6042,2.6016
5.3756,0.5725,2.4664
5.3758,0.5815,2.5052
5.3760,0.6433,2.7673
5.3762,0.6176,2.6607
5.3764,0.5759,2.4832
5.3766,0.5177,2.2293
5.3768,0.5342,2.3054
5.3770,0.5211,2.2448
5.3772,0.6159,2.6485
5.3774,0.662,2.8504
5.3776,0.6422,2.764
5.3778,0.6313,2.7157
5.3780,0.6411,2.7593
5.3782,0.6669,2.8716
5.3784,0.6073,2.6138
5.3786,0.6315,2.7155
5.3788,0.7043,3.0313
5.3790,0.6798,2.9287
5.3792,0.6081,2.6174
5.3794,0.6037,2.5971
5.3796,0.5967,2.5672
5.3798,0.6242,2.6878
5.3800,0.5996,2.5808
5.3802,0.6258,2.6933
5.3804,0.6668,2.8711
5.3806,0.6235,2.686
5.3808,0.5955,2.5644
5.3810,0.5879,2.5325
5.3812,0.5845,2.5169
5.3814,0.5797,2.4963
5.3816,0.5873,2.53
5.3818,0.5463,2.3555
5.3820,0.4912,2.1192
5.3822,0.485,2.0923
5.3824,0.4803,2.074
5.3826,0.485,2.0913
5.3828,0.5375,2.3135
5.3830,0.5637,2.4305
5.3832,0.5031,2.1684
5.3834,0.5158,2.219
5.3836,0.6285,2.7026
5.3838,0.7481,3.2137
5.3840,0.7614,3.2739
5.3842,0.6882,2.9608
5.3844,0.6844,2.9429
5.3846,0.6916,2.9738
5.3848,0.7201,3.0965
5.3850,0.708,3.0388
5.3852,0.7674,3.2951
5.3854,0.8297,3.5628
5.3856,0.8238,3.5326
5.3858,0.8989,3.858
5.3860,0.8364,3.5933
5.3862,0.8157,3.5009
5.3864,0.8111,3.4814
5.3866,0.8899,3.8123
5.3868,0.9442,4.0431
5.3870,0.9738,4.1777
5.3872,0.9714,4.1616
5.3874,0.99,4.2393
5.3876,0.987,4.2284
5.3878,0.9694,4.1568
5.3880,0.9301,3.9844
5.3882,0.9513,4.0791
5.3884,0.9152,3.9244
5.3886,0.9157,3.9301
5.3888,0.9054,3.8786
5.3890,0.9852,4.2167
5.3892,1.0087,4.3274
5.3894,0.8711,3.7439
5.3896,0.7647,3.2868
5.3898,0.758,3.2579
5.3900,0.7554,3.2496
5.3902,0.6795,2.9258
5.3904,0.6912,2.9764
5.3906,0.6891,2.963
5.3908,0.7244,3.1165
5.3910,0.7267,3.1249
5.3912,0.7517,3.2261
5.3914,0.7886,3.3909
5.3916,0.7951,3.414
5.3918,0.8024,3.4502
5.3920,0.788,3.3899
5.3922,0.7798,3.3533
5.3924,0.6877,2.9587
5.3926,0.6389,2.7513
5.3928,0.6577,2.8319
5.3930,0.682,2.9326
5.3932,0.7007,3.013
5.3934,0.7419,3.1948
5.3936,0.7007,3.0144
5.3938,0.7334,3.1552
5.3940,0.7487,3.2207
5.3942,0.7428,3.1925
5.3944,0.7411,3.1838
5.3946,0.7483,3.2177
5.3948,0.7043,3.0327
5.3950,0.6601,2.8422
5.3952,0.644,2.7782
5.3954,0.5869,2.5296
5.3956,0.5935,2.5556
5.3958,0.6051,2.6081
5.3960,0.6337,2.7273
5.3962,0.669,2.8809
5.3964,0.649,2.7921
5.3966,0.7009,3.0182
5.3968,0.679,2.9278
5.3970,0.6105,2.6314
5.3972,0.6129,2.6381
5.3974,0.6801,2.9216
5.3976,0.7074,3.0475
5.3978,0.6589,2.837
5.3980,0.6719,2.8893
5.3982,0.7182,3.0883
5.3984,0.6409,2.7647
5.3986,0.5764,2.4864
5.3988,0.5683,2.4495
5.3990,0.5796,2.4969
5.3992,0.615,2.6517
5.3994,0.5995,2.5827
5.3996,0.6057,2.6071
5.3998,0.6012,2.5887
5.4000,0.6142,2.6462
5.4002,0.6304,2.7184
5.4004,0.6192,2.6649
5.4006,0.6635,2.8505
5.4008,0.7856,3.3749
5.4010,0.7899,3.3982
5.4012,0.6862,2.9534
5.4014,0.6449,2.7758
5.4016,0.6583,2.8331
5.4018,0.716,3.0804
5.4020,0.7277,3.1275
5.4022,0.727,3.1288
5.4024,0.7097,3.0573
5.4026,0.634,2.7289
5.4028,0.6334,2.7276
5.4030,0.643,2.7702
5.4032,0.6798,2.9287
5.4034,0.6413,2.7629
5.4036,0.6259,2.6963
5.4038,0.628,2.7056
5.4040,0.6783,2.9098
5.4042,0.8672,3.7205
5.4044,0.8394,3.6129
5.4046,0.647,2.7885
5.4048,0.6312,2.719
5.4050,0.6431,2.772
5.4052,0.6159,2.6534
5.4054,0.611,2.6322
5.4056,0.6107,2.6307
5.4058,0.6127,2.6382
5.4060,0.6107,2.6234
5.4062,0.6628,2.8594
5.4064,0.5987,2.5826
5.4066,0.5491,2.3679
5.4068,0.544,2.3424
5.4070,0.6056,2.6102
5.4072,0.5622,2.4231
5.4074,0.6331,2.721
5.4076,0.7735,3.3275
5.4078,0.644,2.7756
5.4080,0.5749,2.4745
5.4082,0.6776,2.9162
5.4084,0.7489,3.2203
5.4086,0.778,3.3424
5.4088,0.7832,3.3661
5.4090,0.7526,3.2377
5.4092,0.7062,3.0339
5.4094,0.7903,3.395
5.4096,0.7754,3.3358
5.4098,0.7862,3.3759
5.4100,0.8538,3.6646
5.4102,0.7965,3.4265
5.4104,0.6867,2.9541
5.4106,0.6734,2.8928
5.4108,0.81,3.48
5.4110,0.7771,3.3414
5.4112,0.7362,3.1715
5.4114,0.6571,2.8306
5.4116,0.6779,2.9164
5.4118,0.714,3.0702
5.4120,0.6954,2.9917
5.4122,0.6767,2.9153
5.4124,0.6668,2.8644
5.4126,0.7368,3.1682
5.4128,0.7413,3.1893
5.4130,0.6838,2.9458
5.4132,0.6178,2.6629
5.4134,0.605,2.6076
5.4136,0.6116,2.6312
5.4138,0.611,2.6347
5.4140,0.5542,2.3885
5.4142,0.5979,2.5783
5.4144,0.5176,2.234
5.4146,0.496,2.1418
5.4148,0.4892,2.1104
5.4150,0.5382,2.3219
5.4152,0.5055,2.1827
5.4154,0.4863,2.0999
5.4156,0.4852,2.0933
5.4158,0.4864,2.0975
5.4160,0.4885,2.1073
5.4162,0.487,2.1011
5.4164,0.5813,2.5053
5.4166,0.6019,2.593
5.4168,0.6538,2.8127
5.4170,0.678,2.9156
5.4172,0.7098,3.0564
5.4174,0.6001,2.5852
5.4176,0.6029,2.5935
5.4178,0.7201,3.0951
5.4180,0.7473,3.2121
5.4182,0.7537,3.2424
5.4184,0.7096,3.0497
5.4186,0.7692,3.3028
5.4188,0.8351,3.5843
5.4190,0.808,3.4744
5.4192,0.7573,3.2473
5.4194,0.8847,3.7885
5.4196,0.9747,4.1794
5.4198,0.9501,4.074
5.4200,0.9569,4.1014
5.4202,0.9159,3.9293
5.4204,0.9295,3.9874
5.4206,0.9231,3.962
5.4208,0.9074,3.891
5.4210,0.9212,3.9538
5.4212,0.9057,3.8892
5.4214,0.8716,3.7407
5.4216,0.8845,3.7945
5.4218,0.9399,4.0246
5.4220,0.9686,4.1532
5.4222,0.9142,3.9276
5.4224,0.8514,3.6594
5.4226,0.8344,3.5812
5.4228,0.8776,3.77
5.4230,0.852,3.6585
5.4232,0.9025,3.8735
5.4234,0.8731,3.7474
5.4236,0.7826,3.3761
5.4238,0.6113,2.6345
5.4240,0.6291,2.7115
5.4242,0.6313,2.7208
5.4244,0.6083,2.624
5.4246,0.6062,2.6128
5.4248,0.6268,2.6979
5.4250,0.6622,2.8515
5.4252,0.6067,2.6149
5.4254,0.6039,2.603
5.4256,0.6172,2.6579
5.4258,0.6313,2.7233
5.4260,0.6006,2.5897
5.4262,0.5731,2.4713
5.4264,0.5592,2.4102
5.4266,0.6093,2.6238
5.4268,0.6217,2.6782
5.4270,0.5744,2.4735
5.4272,0.5762,2.4836
5.4274,0.5869,2.5343
5.4276,0.5495,2.3695
5.4278,0.5645,2.4341
5.4280,0.583,2.509
5.4282,0.6642,2.8589
5.4284,0.6804,2.9286
5.4286,0.687,2.9529
5.4288,0.7371,3.1742
5.4290,0.6698,2.8867
5.4292,0.6164,2.6567
5.4294,0.6541,2.8124
5.4296,0.6744,2.9041
5.4298,0.6334,2.7314
5.4300,0.6145,2.6497
5.4302,0.5978,2.573
5.4304,0.6752,2.9032
5.4306,0.7318,3.1451
5.4308,0.7663,3.2981
5.4310,0.7241,3.1179
5.4312,0.6985,3.0037
5.4314,0.7091,3.0533
5.4316,0.6436,2.774
5.4318,0.4997,2.1559
5.4320,0.5319,2.2903
5.4322,0.5852,2.5224
5.4324,0.5556,2.398
5.4326,0.5073,2.1885
5.4328,0.52,2.2402
5.4330,0.5927,2.5497
5.4332,0.6623,2.852
5.4334,0.5633,2.43
5.4336,0.574,2.4703
5.4338,0.6652,2.8657
5.4340,0.5975,2.5787
5.4342,0.5053,2.1797
5.4344,0.5097,2.1948
5.4346,0.6246,2.6894
5.4348,0.6913,2.9755
5.4350,0.6276,2.7023
5.4352,0.5899,2.5413
5.4354,0.5826,2.5133
5.4356,0.5033,2.1714
5.4358,0.4955,2.1388
5.4360,0.5039,2.173
5.4362,0.6194,2.6659
5.4364,0.644,2.7743
5.4366,0.5664,2.4412
5.4368,0.5671,2.4421
5.4370,0.6389,2.7513
5.4372,0.637,2.7418
5.4374,0.6604,2.8451
5.4376,0.6431,2.7694
5.4378,0.6322,2.7186
5.4380,0.6708,2.8886
5.4382,0.6603,2.8445
5.4384,0.5806,2.501
5.4386,0.5587,2.4059
5.4388,0.5958,2.5666
5.4390,0.6005,2.5892
5.4392,0.544,2.3479
5.4394,0.4825,2.0814
5.4396,0.481,2.0762
5.4398,0.4916,2.1207
5.4400,0.4975,2.1451
5.4402,0.4798,2.0681
5.4404,0.497,2.144
5.4406,0.5097,2.1998
5.4408,0.4839,2.0886
5.4410,0.4746,2.0463
5.4412,0.511,2.2015
5.4414,0.5598,2.4128
5.4416,0.5987,2.5778
5.4418,0.5917,2.5479
5.4420,0.5656,2.4365
5.4422,0.5591,2.4108
5.4424,0.5109,2.204
5.4426,0.4994,2.1533
5.4428,0.4748,2.0493
5.4430,0.4892,2.1084
5.4432,0.5815,2.5005
5.4434,0.6549,2.8174
5.4436,0.5989,2.5801
5.4438,0.5589,2.4087
5.4440,0.5641,2.4269
5.4442,0.599,2.5794
5.4444,0.5569,2.4015
5.4446,0.5517,2.3766
5.4448,0.5501,2.3676
5.4450,0.5928,2.5514
5.4452,0.6196,2.667
5.4454,0.5878,2.5332
5.4456,0.5545,2.3901
5.4458,0.5561,2.3946
5.4460,0.5596,2.4118
5.4462,0.5557,2.3952
5.4464,0.5586,2.4065
5.4466,0.5423,2.3352
5.4468,0.5373,2.3135
5.4470,0.5505,2.3692
5.4472,0.6223,2.6796
5.4474,0.6039,2.5993
5.4476,0.6147,2.6446
5.4478,0.674,2.8953
5.4480,0.7189,3.0914
5.4482,0.6706,2.8863
5.4484,0.6125,2.6372
5.4486,0.6193,2.6629
5.4488,0.69,2.9657
5.4490,0.7651,3.2837
5.4492,0.7753,3.329
5.4494,0.8048,3.4573
5.4496,0.8009,3.4392
5.4498,0.7764,3.3306
5.4500,0.7689,3.3064
5.4502,0.6767,2.9058
5.4504,0.759,3.2575
5.4506,0.7871,3.3816
5.4508,0.7615,3.2744
5.4510,0.7478,3.2111
5.4512,0.7977,3.4253
5.4514,0.8331,3.5739
5.4516,0.8593,3.6848
5.4518,0.8692,3.7269
5.4520,0.8977,3.8475
5.4522,0.9255,3.9649
5.4524,0.993,4.2521
5.4526,1.028,4.4123
5.4528,0.8746,3.7536
5.4530,0.7905,3.3944
5.4532,0.7985,3.4161
5.4534,1.025,4.3851
5.4536,1.0831,4.6333
5.4538,1.1357,4.854
5.4540,1.1479,4.9131
5.4542,1.0883,4.6581
5.4544,1.0644,4.5618
5.4546,0.9678,4.1462
5.4548,0.9678,4.1443
5.4550,1.0153,4.3456
5.4552,1.0822,4.6319
5.4554,1.0019,4.2981
5.4556,0.9247,3.9668
5.4558,0.9478,4.068
5.4560,0.8632,3.703
5.4562,0.9425,4.0435
5.4564,0.8659,3.7183
5.4566,0.8819,3.7885
5.4568,0.8478,3.6422
5.4570,0.8664,3.7221
5.4572,0.8315,3.5688
5.4574,0.8597,3.6915
5.4576,0.8678,3.7248
5.4578,0.9374,4.0214
5.4580,0.9148,3.9302
5.4582,0.8532,3.662
5.4584,0.9067,3.8897
5.4586,0.9524,4.0895
5.4588,0.8969,3.8511
5.4590,0.8515,3.6616
5.4592,0.8114,3.4921
5.4594,0.7279,3.1315
5.4596,0.734,3.1563
5.4598,0.8091,3.4742
5.4600,0.819,3.5202
5.4602,0.8218,3.5272
5.4604,0.9042,3.8843
5.4606,0.8953,3.8426
5.4608,0.9097,3.908
5.4610,0.8017,3.4487
5.4612,0.7476,3.2146
5.4614,0.7526,3.2393
5.4616,0.7178,3.0939
5.4618,0.6749,2.9035
5.4620,0.7658,3.2945
5.4622,0.743,3.1965
5.4624,0.7995,3.4378
5.4626,0.8463,3.6304
5.4628,0.8766,3.7623
5.4630,0.8692,3.7356
5.4632,0.7906,3.3997
5.4634,0.7506,3.2305
5.4636,0.8021,3.446
5.4638,0.8758,3.7605
5.4640,0.8605,3.6968
5.4642,0.8266,3.551
5.4644,0.871,3.7399
5.4646,0.8887,3.8161
5.4648,0.8971,3.8557
5.4650,0.8512,3.6617
5.4652,0.7795,3.3502
5.4654,0.8415,3.6183
5.4656,0.8669,3.7206
5.4658,0.8773,3.7689
5.4660,0.8496,3.6601
5.4662,0.687,2.9638
5.4664,0.6511,2.8061
5.4666,0.65,2.8014
5.4668,0.6555,2.8226
5.4670,0.753,3.2378
5.4672,0.7779,3.3497
5.4674,0.7169,3.0797
5.4676,0.8292,3.5624
5.4678,0.8831,3.7901
5.4680,0.8622,3.704
5.4682,0.8927,3.8349
5.4684,0.9226,3.9636
5.4686,0.9407,4.0339
5.4688,0.9531,4.0907
5.4690,0.9281,3.9818
5.4692,0.9385,4.0297
5.4694,0.9181,3.9441
5.4696,0.9114,3.917
5.4698,0.9253,3.9731
5.4700,0.919,3.9445
5.4702,0.9434,4.049
5.4704,0.9153,3.9322
5.4706,0.9531,4.0849
5.4708,0.9996,4.2903
5.4710,0.9399,4.0397
5.4712,0.9019,3.8745
5.4714,0.9352,4.014
5.4716,0.91,3.9059
5.4718,0.9105,3.9098
5.4720,0.8911,3.8317
5.4722,0.7875,3.3942
5.4724,0.7027,3.026
5.4726,0.7483,3.2222
5.4728,0.7535,3.2414
5.4730,0.7789,3.3554
5.4732,0.6845,2.9543
5.4734,0.5863,2.5305
5.4736,0.608,2.6193
5.4738,0.6252,2.6944
5.4740,0.6104,2.6358
5.4742,0.5591,2.4131
5.4744,0.5631,2.4279
5.4746,0.6473,2.79
5.4748,0.6886,2.9637
5.4750,0.6839,2.949
5.4752,0.5935,2.5604
5.4754,0.5792,2.4988
5.4756,0.5788,2.4991
5.4758,0.5583,2.4105
5.4760,0.5542,2.3907
5.4762,0.5706,2.4593
5.4764,0.6867,2.9554
5.4766,0.7451,3.2082
5.4768,0.7234,3.1119
5.4770,0.7404,3.1881
5.4772,0.6815,2.9387
5.4774,0.6531,2.8148
5.4776,0.6821,2.9358
5.4778,0.7225,3.1083
5.4780,0.7261,3.1281
5.4782,0.7089,3.0523
5.4784,0.7243,3.1146
5.4786,0.7192,3.0967
5.4788,0.6529,2.8151
5.4790,0.6496,2.7986
5.4792,0.6984,3.0102
5.4794,0.6081,2.6235
5.4796,0.5565,2.3994
5.4798,0.5465,2.3598
5.4800,0.5427,2.3411
5.4802,0.5469,2.3592
5.4804,0.5653,2.4366
5.4806,0.6175,2.6626
5.4808,0.6206,2.6773
5.4810,0.6027,2.599
5.4812,0.6176,2.6619
5.4814,0.6062,2.614
5.4816,0.5953,2.5646
5.4818,0.6448,2.7766
5.4820,0.6526,2.8141
5.4822,0.621,2.6751
5.4824,0.6244,2.6926
5.4826,0.6343,2.735
5.4828,0.6548,2.8208
5.4830,0.6636,2.8563
5.4832,0.6668,2.8724
5.4834,0.6666,2.8719
5.4836,0.7105,3.0539
5.4838,0.769,3.3115
5.4840,0.6802,2.9289
5.4842,0.7014,3.0203
5.4844,0.7325,3.1555
5.4846,0.7419,3.1889
5.4848,0.7759,3.3332
5.4850,0.8224,3.5314
5.4852,0.8328,3.5795
5.4854,0.7585,3.263
5.4856,0.7237,3.1163
5.4858,0.7238,3.1125
5.4860,0.7953,3.4198
5.4862,0.8009,3.4424
5.4864,0.8085,3.4749
5.4866,0.8133,3.4955
5.4868,0.8163,3.5051
5.4870,0.8809,3.7791
5.4872,0.921,3.9527
5.4874,0.9226,3.9599
5.4876,0.9647,4.1406
5.4878,1.0007,4.291
5.4880,1.0056,4.308
5.4882,1.0055,4.3075
5.4884,1.0004,4.2879
5.4886,1.0194,4.3671
5.4888,1.0139,4.3455
5.4890,0.9749,4.1843
5.4892,0.9531,4.0887
5.4894,0.9877,4.2374
5.4896,0.9845,4.2314
5.4898,0.8387,3.6047
5.4900,0.8102,3.4853
5.4902,0.7893,3.3972
5.4904,0.8219,3.5359
5.4906,0.8373,3.5969
5.4908,0.9236,3.9622
5.4910,1.0308,4.4221
5.4912,1.0154,4.3562
5.4914,0.9599,4.1181
5.4916,0.9636,4.1379
5.4918,0.8045,3.4627
5.4920,0.7659,3.2996
5.4922,0.7306,3.1472
5.4924,0.7139,3.0769
5.4926,0.6682,2.8773
5.4928,0.7302,3.1442
5.4930,0.7529,3.2418
5.4932,0.7571,3.2614
5.4934,0.7406,3.1921
5.4936,0.665,2.8687
5.4938,0.6254,2.6967
5.4940,0.6712,2.8929
5.4942,0.674,2.9061
5.4944,0.6031,2.603
5.4946,0.6183,2.6637
5.4948,0.6548,2.8221
5.4950,0.6378,2.7474
5.4952,0.6369,2.7489
5.4954,0.5437,2.349
5.4956,0.5804,2.5028
5.4958,0.6103,2.6328
5.4960,0.5345,2.307
5.4962,0.5839,2.5167
5.4964,0.6078,2.6232
5.4966,0.5638,2.4321
5.4968,0.6139,2.6422
5.4970,0.6796,2.9263
5.4972,0.6994,3.0129
5.4974,0.6882,2.9718
5.4976,0.5333,2.3018
5.4978,0.5206,2.2459
5.4980,0.5164,2.2288
5.4982,0.5463,2.3566
5.4984,0.549,2.3718
5.4986,0.5153,2.2252
5.4988,0.5272,2.2754
5.4990,0.53,2.2862
5.4992,0.5529,2.3806
5.4994,0.6449,2.7823
5.4996,0.5864,2.5299
5.4998,0.5625,2.4253
5.5000,0.5601,2.4161
5.5002,0.5856,2.5239
5.5004,0.6702,2.8887
5.5006,0.5929,2.5554
5.5008,0.5879,2.5337
5.5010,0.6454,2.7792
5.5012,0.6943,2.9857
5.5014,0.7103,3.0571
5.5016,0.7355,3.1596
5.5018,0.7724,3.3306
5.5020,0.603,2.6025
5.5022,0.555,2.3955
5.5024,0.5503,2.3742
5.5026,0.5421,2.3374
5.5028,0.537,2.3168
5.5030,0.5433,2.3426
5.5032,0.5373,2.3178
5.5034,0.5408,2.3328
5.5036,0.538,2.3198
5.5038,0.5422,2.3379
5.5040,0.5412,2.3349
5.5042,0.5514,2.3766
5.5044,0.6174,2.6609
5.5046,0.5839,2.5167
5.5048,0.5372,2.3162
5.5050,0.5382,2.323
5.5052,0.5357,2.3121
5.5054,0.5229,2.2547
5.5056,0.5573,2.3953
5.5058,0.6864,2.9571
5.5060,0.5598,2.4173
5.5062,0.4694,2.025
5.5064,0.4788,2.0654
5.5066,0.4929,2.1274
5.5068,0.4827,2.0844
5.5070,0.4815,2.0792
5.5072,0.4617,1.9929
5.5074,0.4686,2.0214
5.5076,0.5026,2.1683
5.5078,0.5815,2.5017
5.5080,0.6698,2.8813
5.5082,0.6318,2.7178
5.5084,0.7091,3.0463
5.5086,0.7322,3.153
5.5088,0.6346,2.7353
5.5090,0.661,2.8437
5.5092,0.6816,2.931
5.5094,0.727,3.1288
5.5096,0.7261,3.1238
5.5098,0.6682,2.876
5.5100,0.6229,2.6834
5.5102,0.6766,2.9134
5.5104,0.6266,2.6994
5.5106,0.6186,2.6611
5.5108,0.6427,2.7686
5.5110,0.6322,2.7199
5.5112,0.7047,3.0272
5.5114,0.7712,3.31
5.5116,0.7918,3.4048
5.5118,0.7237,3.1134
5.5120,0.6537,2.8174
5.5122,0.6533,2.812
5.5124,0.6557,2.8223
5.5126,0.6573,2.8303
5.5128,0.638,2.751
5.5130,0.5274,2.2743
5.5132,0.4953,2.1368
5.5134,0.4952,2.1382
5.5136,0.486,2.0974
5.5138,0.4846,2.0898
5.5140,0.4897,2.1124
5.5142,0.5262,2.2702
5.5144,0.5127,2.2118
5.5146,0.4839,2.0876
5.5148,0.4818,2.0793
5.5150,0.4891,2.1099
5.5152,0.4885,2.1083
5.5154,0.4876,2.1037
5.5156,0.4916,2.1178
5.5158,0.5736,2.4676
5.5160,0.693,2.9842
5.5162,0.6312,2.719
5.5164,0.5633,2.4255
5.5166,0.576,2.478
5.5168,0.6428,2.7653
5.5170,0.6778,2.9186
5.5172,0.6657,2.8664
5.5174,0.6381,2.74
5.5176,0.7415,3.1883
5.5178,0.7681,3.3043
5.5180,0.7427,3.1875
5.5182,0.8237,3.5354
5.5184,0.7973,3.4238
5.5186,0.8302,3.5615
5.5188,0.9231,3.9583
5.5190,0.9488,4.0664
5.5192,0.9236,3.9604
5.5194,0.9361,4.0157
5.5196,0.8991,3.8573
5.5198,0.8405,3.6091
5.5200,0.8058,3.4635
5.5202,0.84,3.602
5.5204,0.916,3.928
5.5206,0.906,3.8884
5.5208,0.8635,3.7062
5.5210,0.9183,3.9359
5.5212,0.9329,3.9967
5.5214,0.9449,4.0538
5.5216,0.844,3.6257
5.5218,0.828,3.5572
5.5220,0.8249,3.5422
5.5222,0.8702,3.7403
5.5224,0.7772,3.3404
5.5226,0.7292,3.1357
5.5228,0.7362,3.1671
5.5230,0.7345,3.1628
5.5232,0.7182,3.0868
5.5234,0.7975,3.4291
5.5236,0.7428,3.1999
5.5238,0.6828,2.9403
5.5240,0.6774,2.9143
5.5242,0.7027,3.0218
5.5244,0.7614,3.2754
5.5246,0.6935,2.9835
5.5248,0.6856,2.9522
5.5250,0.6937,2.9859
5.5252,0.7096,3.054
5.5254,0.6573,2.829
5.5256,0.6653,2.8609
5.5258,0.7187,3.0903
5.5260,0.7069,3.0455
5.5262,0.6705,2.8831
5.5264,0.6749,2.9049
5.5266,0.7036,3.0282
5.5268,0.6941,2.9888
5.5270,0.6593,2.8404
5.5272,0.6144,2.6455
5.5274,0.6732,2.9003
5.5276,0.624,2.688
5.5278,0.6437,2.772
5.5280,0.6965,2.9936
5.5282,0.7957,3.4245
5.5284,0.7223,3.1058
5.5286,0.7457,3.2048
5.5288,0.726,3.1232
5.5290,0.6699,2.8845
5.5292,0.6463,2.7802
5.5294,0.6632,2.8569
5.5296,0.6616,2.8502
5.5298,0.6836,2.9393
5.5300,0.7302,3.1398
5.5302,0.6913,2.9755
5.5304,0.6879,2.9606
5.5306,0.6856,2.948
5.5308,0.7002,3.0109
5.5310,0.717,3.0831
5.5312,0.7346,3.1604
5.5314,0.7342,3.1583
5.5316,0.7677,3.3012
5.5318,0.7182,3.0926
5.5320,0.6095,2.6255
5.5322,0.6024,2.5975
5.5324,0.5789,2.495
5.5326,0.5682,2.4501
5.5328,0.5678,2.4474
5.5330,0.5719,2.4639
5.5332,0.6517,2.8034
5.5334,0.7464,3.2109
5.5336,0.7481,3.2166
5.5338,0.6897,2.9683
5.5340,0.6614,2.8479
5.5342,0.6466,2.7844
5.5344,0.6493,2.7983
5.5346,0.6473,2.7887
5.5348,0.6497,2.7991
5.5350,0.6557,2.8223
5.5352,0.6568,2.8282
5.5354,0.6259,2.6975
5.5356,0.5706,2.4582
5.5358,0.5833,2.5106
5.5360,0.6291,2.7115
5.5362,0.6266,2.6994
5.5364,0.641,2.7524
5.5366,0.8403,3.6064
5.5368,0.8112,3.49
5.5370,0.7358,3.1699
5.5372,0.6478,2.7908
5.5374,0.6174,2.6584
5.5376,0.6222,2.6778
5.5378,0.6971,3.0017
5.5380,0.6618,2.8499
5.5382,0.6535,2.8125
5.5384,0.6596,2.8401
5.5386,0.6584,2.835
5.5388,0.622,2.6798
5.5390,0.5613,2.4201
5.5392,0.5593,2.413
5.5394,0.555,2.3932
5.5396,0.5505,2.3736
5.5398,0.6122,2.6325
5.5400,0.7174,3.0918
5.5402,0.5948,2.5661
5.5404,0.5527,2.3801
5.5406,0.5437,2.3457
5.5408,0.5668,2.4416
5.5410,0.6945,2.9862
5.5412,0.7031,3.0233
5.5414,0.7141,3.0722
5.5416,0.631,2.7198
5.5418,0.5894,2.5393
5.5420,0.5872,2.5306
5.5422,0.6686,2.8802
5.5424,0.6533,2.8107
5.5426,0.6369,2.7438
5.5428,0.6403,2.7544
5.5430,0.7663,3.2889
5.5432,0.7447,3.2037
5.5434,0.6864,2.9544
5.5436,0.641,2.7614
5.5438,0.6388,2.7521
5.5440,0.6393,2.7516
5.5442,0.6354,2.7358
5.5444,0.6357,2.7374
5.5446,0.6376,2.7444
5.5448,0.6777,2.9167
5.5450,0.6539,2.8119
5.5452,0.7003,3.0129
5.5454,0.6999,3.0136
5.5456,0.6074,2.618
5.5458,0.6115,2.6343
5.5460,0.6013,2.5916
5.5462,0.5794,2.4936
5.5464,0.5919,2.5501
5.5466,0.5368,2.3147
5.5468,0.5471,2.3536
5.5470,0.6303,2.7078
5.5472,0.7164,3.0877
5.5474,0.6063,2.6121
5.5476,0.646,2.7753
5.5478,0.7497,3.2224
5.5480,0.7247,3.1176
5.5482,0.7262,3.1243
5.5484,0.6702,2.8807
5.5486,0.7463,3.2104
5.5488,0.7417,3.1849
5.5490,0.7833,3.3682
5.5492,0.7266,3.1273
5.5494,0.6747,2.9011
5.5496,0.7235,3.1066
5.5498,0.7877,3.3842
5.5500,0.7447,3.2007
5.5502,0.788,3.3757
5.5504,0.9779,4.1894
5.5506,0.976,4.1811
5.5508,1.0361,4.4405
5.5510,1.0108,4.3261
5.5512,0.9443,4.0474
5.5514,0.9057,3.8874
5.5516,0.8967,3.8398
5.5518,0.9626,4.1255
5.5520,1.0628,4.5488
5.5522,1.102,4.721
5.5524,1.0504,4.498
5.5526,1.0225,4.3804
5.5528,1.0102,4.3215
5.5530,1.1103,4.7475
5.5532,1.1462,4.9105
5.5534,1.0634,4.5471
5.5536,1.1269,4.8211
5.5538,1.1562,4.9532
5.5540,1.0548,4.5292
5.5542,0.9072,3.899
5.5544,0.8341,3.5835
5.5546,0.7918,3.4017
5.5548,0.7948,3.413
5.5550,0.8501,3.6503
5.5552,0.8993,3.8668
5.5554,0.8271,3.5548
5.5556,0.8072,3.4692
5.5558,0.8189,3.5148
5.5560,0.8536,3.6704
5.5562,0.7551,3.2531
5.5564,0.6744,2.9041
5.5566,0.7347,3.1638
5.5568,0.7176,3.0886
5.5570,0.6837,2.9453
5.5572,0.6617,2.8521
5.5574,0.6318,2.7216
5.5576,0.6154,2.6514
5.5578,0.6148,2.6463
5.5580,0.7295,3.1353
5.5582,0.8007,3.443
5.5584,0.7074,3.0447
5.5586,0.6348,2.7345
5.5588,0.674,2.9048
5.5590,0.6551,2.8184
5.5592,0.6909,2.9749
5.5594,0.7252,3.1211
5.5596,0.7183,3.0945
5.5598,0.6656,2.8686
5.5600,0.6144,2.6492
5.5602,0.6053,2.6111
5.5604,0.5936,2.5597
5.5606,0.5959,2.566
5.5608,0.65,2.7988
5.5610,0.7123,3.063
5.5612,0.6882,2.9663
5.5614,0.664,2.8579
5.5616,0.7195,3.0968
5.5618,0.6736,2.8992
5.5620,0.6707,2.8908
5.5622,0.6177,2.6636
5.5624,0.5936,2.5609
5.5626,0.5506,2.3741
5.5628,0.5704,2.4594
5.5630,0.5348,2.3091
5.5632,0.4918,2.1267
5.5634,0.4145,1.7906
5.5636,0.4009,1.7337
5.5638,0.4075,1.7614
5.5640,0.4066,1.7548
5.5642,0.4581,1.9792
5.5644,0.4554,1.9672
5.5646,0.4758,2.0534
5.5648,0.4801,2.0691
5.5650,0.5891,2.5365
5.5652,0.6372,2.7474
5.5654,0.6044,2.6063
5.5656,0.5766,2.4852
5.5658,0.5653,2.4388
5.5660,0.5529,2.3828
5.5662,0.5563,2.3978
5.5664,0.5536,2.3859
5.5666,0.5786,2.4928
5.5668,0.6665,2.8634
5.5670,0.7539,3.2419
5.5672,0.7283,3.133
5.5674,0.7254,3.1178
5.5676,0.7794,3.345
5.5678,0.8224,3.5347
5.5680,0.8193,3.5229
5.5682,0.7803,3.3569
5.5684,0.724,3.1174
5.5686,0.7071,3.0403
5.5688,0.7237,3.1105
5.5690,0.7624,3.277
5.5692,0.7117,3.0647
5.5694,0.678,2.9156
5.5696,0.7533,3.2393
5.5698,0.7484,3.2212
5.5700,0.6833,2.9437
5.5702,0.6376,2.7456
5.5704,0.6382,2.7495
5.5706,0.6244,2.6913
5.5708,0.6393,2.7478
5.5710,0.7242,3.1198
5.5712,0.6756,2.9052
5.5714,0.7483,3.2252
5.5716,0.5842,2.5224
5.5718,0.488,2.1081
5.5720,0.4761,2.055
5.5722,0.4753,2.0523
5.5724,0.4766,2.0561
5.5726,0.464,2.0036
5.5728,0.4614,1.9931
5.5730,0.4607,1.9891
5.5732,0.4629,1.9971
5.5734,0.4659,2.01
5.5736,0.4825,2.0804
5.5738,0.5345,2.3027
5.5740,0.5788,2.491
5.5742,0.6014,2.5909
5.5744,0.5825,2.5093
5.5746,0.6074,2.6204
5.5748,0.494,2.1291
5.5750,0.5584,2.4044
5.5752,0.63,2.7126
5.5754,0.5978,2.573
5.5756,0.6053,2.605
5.5758,0.6252,2.6932
5.5760,0.6084,2.6209
5.5762,0.6378,2.741
5.5764,0.7276,3.1314
5.5766,0.7029,3.0265
5.5768,0.6806,2.9305
5.5770,0.6146,2.6465
5.5772,0.6954,2.9889
5.5774,0.6864,2.9544
5.5776,0.6856,2.948
5.5778,0.6822,2.9404
5.5780,0.584,2.516
5.5782,0.5919,2.5513
5.5784,0.5959,2.5695
5.5786,0.58,2.4985
5.5788,0.5965,2.5709
5.5790,0.5854,2.5252
5.5792,0.5029,2.1693
5.5794,0.4946,2.1337
5.5796,0.4915,2.1202
5.5798,0.4891,2.1108
5.5800,0.487,2.1011
5.5802,0.4868,2.1
5.5804,0.4856,2.0939
5.5806,0.4946,2.1337
5.5808,0.4915,2.1192
5.5810,0.5026,2.1673
5.5812,0.5069,2.1859
5.5814,0.5866,2.5245
5.5816,0.6572,2.8298
5.5818,0.6103,2.6279
5.5820,0.5798,2.5003
5.5822,0.5125,2.2097
5.5824,0.5171,2.2278
5.5826,0.5507,2.3691
5.5828,0.6001,2.5828
5.5830,0.5856,2.5239
5.5832,0.5668,2.4416
5.5834,0.627,2.6934
5.5836,0.7151,3.0734
5.5838,0.7529,3.2343
5.5840,0.8012,3.437
5.5842,0.8362,3.5872
5.5844,0.8605,3.6917
5.5846,0.8801,3.7737
5.5848,0.878,3.765
5.5850,0.9608,4.1159
5.5852,0.9887,4.2336
5.5854,0.9841,4.2161
5.5856,0.9761,4.1836
5.5858,0.9937,4.2552
5.5860,1.0394,4.4466
5.5862,0.9921,4.2539
5.5864,1.0415,4.4553
5.5866,1.1486,4.9093
5.5868,1.1036,4.7232
5.5870,1.0545,4.5176
5.5872,1.0175,4.3589
5.5874,0.9704,4.1667
5.5876,0.8413,3.6127
5.5878,0.8639,3.7061
5.5880,0.9532,4.0797
5.5882,1.0427,4.4688
5.5884,0.9793,4.1994
5.5886,0.957,4.1019
5.5888,0.951,4.0762
5.5890,0.9704,4.1628
5.5892,0.8598,3.6972
5.5894,0.794,3.4141
5.5896,0.8,3.4319
5.5898,0.8469,3.6415
5.5900,0.7337,3.1533
5.5902,0.7821,3.3615
5.5904,0.8013,3.4456
5.5906,0.7953,3.4166
5.5908,0.8208,3.5247
5.5910,0.8425,3.6263
5.5912,0.7636,3.2837
5.5914,0.7798,3.3517
5.5916,0.7717,3.3182
5.5918,0.7554,3.2481
5.5920,0.7541,3.2439
5.5922,0.7334,3.1552
5.5924,0.69,2.9699
5.5926,0.7423,3.1964
5.5928,0.699,3.0086
5.5930,0.6925,2.9793
5.5932,0.7219,3.11
5.5934,0.6699,2.8859
5.5936,0.5996,2.5832
5.5938,0.5692,2.4542
5.5940,0.5791,2.4983
5.5942,0.5694,2.4564
5.5944,0.5795,2.4976
5.5946,0.6378,2.7474
5.5948,0.6493,2.7983
5.5950,0.6123,2.6379
5.5952,0.5807,2.5039
5.5954,0.5746,2.4764
5.5956,0.5726,2.4704
5.5958,0.6128,2.6363
5.5960,0.7241,3.115
5.5962,0.6851,2.9487
5.5964,0.6754,2.911
5.5966,0.5885,2.5375
5.5968,0.6018,2.5913
5.5970,0.6048,2.6066
5.5972,0.5816,2.5057
5.5974,0.6129,2.6454
5.5976,0.5175,2.2325
5.5978,0.5803,2.5
5.5980,0.5901,2.5424
5.5982,0.635,2.7355
5.5984,0.6405,2.7567
5.5986,0.6429,2.7684
5.5988,0.6413,2.7629
5.5990,0.7116,3.0585
5.5992,0.7918,3.3985
5.5994,0.8801,3.7773
5.5996,0.8997,3.8634
5.5998,0.8568,3.6757
5.6000,0.8531,3.6649
5.6002,0.8105,3.4853
5.6004,0.7684,3.3043
5.6006,0.8226,3.5308
5.6008,0.8616,3.7032
5.6010,0.7747,3.3358
5.6012,0.6665,2.8714
5.6014,0.6385,2.748
5.6016,0.631,2.7172
5.6018,0.6297,2.7128
5.6020,0.6368,2.7446
5.6022,0.6391,2.7531
5.6024,0.7124,3.0635
5.6026,0.7806,3.3611
5.6028,0.6511,2.8022
5.6030,0.6201,2.6727
5.6032,0.6295,2.7093
5.6034,0.6264,2.6996
5.6036,0.5531,2.3861
5.6038,0.5421,2.3385
5.6040,0.5539,2.3864
5.6042,0.5869,2.5319
5.6044,0.5485,2.3664
5.6046,0.5487,2.3636
5.6048,0.5658,2.4398
5.6050,0.5336,2.3007
5.6052,0.5479,2.3605
5.6054,0.5622,2.4254
5.6056,0.5806,2.501
5.6058,0.6146,2.6502
5.6060,0.5408,2.3328
5.6062,0.577,2.4821
5.6064,0.6939,2.9808
5.6066,0.7369,3.1702
5.6068,0.6574,2.8308
5.6070,0.6605,2.8416
5.6072,0.6864,2.953
5.6074,0.7699,3.3089
5.6076,0.8026,3.4464
5.6078,0.7967,3.4228
5.6080,0.8166,3.5067
5.6082,0.8298,3.5633
5.6084,0.7804,3.3559
5.6086,0.7309,3.1415
5.6088,0.7963,3.4191
5.6090,0.8734,3.7502
5.6092,0.862,3.7013
5.6094,0.799,3.4342
5.6096,0.7499,3.2259
5.6098,0.7404,3.1822
5.6100,0.7362,3.1686
5.6102,0.7482,3.2172
5.6104,0.7544,3.2485
5.6106,0.6304,2.7172
5.6108,0.6597,2.838
5.6110,0.7234,3.1076
5.6112,0.7723,3.3177
5.6114,0.793,3.41
5.6116,0.7834,3.3687
5.6118,0.7948,3.4161
5.6120,0.7571,3.2553
5.6122,0.7755,3.3316
5.6124,0.7797,3.3528
5.6126,0.6828,2.9389
5.6128,0.6447,2.7761
5.6130,0.5917,2.5526
5.6132,0.5014,2.1651
5.6134,0.4878,2.1061
5.6136,0.4881,2.1057
5.6138,0.4912,2.1192
5.6140,0.4894,2.1134
5.6142,0.5255,2.2661
5.6144,0.5915,2.5492
5.6146,0.59,2.5418
5.6148,0.5845,2.5181
5.6150,0.5223,2.2552
5.6152,0.4937,2.132
5.6154,0.4908,2.1171
5.6156,0.5127,2.2107
5.6158,0.555,2.3921
5.6160,0.619,2.6644
5.6162,0.612,2.6364
5.6164,0.6015,2.5866
5.6166,0.6985,3.0023
5.6168,0.8139,3.4964
5.6170,0.8576,3.6827
5.6172,0.8219,3.5326
5.6174,0.8144,3.4952
5.6176,0.8669,3.7172
5.6178,0.875,3.7556
5.6180,0.8723,3.7421
5.6182,0.9572,4.1005
5.6184,0.9801,4.2006
5.6186,0.9861,4.2282
5.6188,0.9816,4.2072
5.6190,0.9707,4.1624
5.6192,0.9765,4.1851
5.6194,0.9937,4.2552
5.6196,1.0813,4.6256
5.6198,1.155,4.9434
5.6200,1.1013,4.7157
5.6202,1.0538,4.5124
5.6204,1.032,4.419
5.6206,1.0163,4.3619
5.6208,0.8933,3.8428
5.6210,0.7862,3.3806
5.6212,0.8014,3.4429
5.6214,0.8114,3.4889
5.6216,0.8175,3.5152
5.6218,0.8035,3.4548
5.6220,0.8247,3.5395
5.6222,0.8954,3.8467
5.6224,0.8166,3.5165
5.6226,0.6436,2.7714
5.6228,0.6348,2.7332
5.6230,0.7129,3.0699
5.6232,0.7435,3.1971
5.6234,0.7511,3.2355
5.6236,0.6549,2.8226
5.6238,0.6156,2.6482
5.6240,0.6622,2.8502
5.6242,0.6549,2.8226
5.6244,0.6585,2.8381
5.6246,0.647,2.7859
5.6248,0.6103,2.6304
5.6250,0.6009,2.5888
5.6252,0.6602,2.8453
5.6254,0.6467,2.7888
5.6256,0.6322,2.7262
5.6258,0.5746,2.4821
5.6260,0.505,2.1787
5.6262,0.5505,2.3736
5.6264,0.5772,2.4866
5.6266,0.6439,2.7751
5.6268,0.658,2.8334
5.6270,0.7172,3.0841
5.6272,0.7415,3.1898
5.6274,0.7327,3.1492
5.6276,0.7633,3.2791
5.6278,0.7593,3.2666
5.6280,0.76,3.2697
5.6282,0.7543,3.2495
5.6284,0.6981,3.0072
5.6286,0.6168,2.6595
5.6288,0.6002,2.5882
5.6290,0.6072,2.6169
5.6292,0.6001,2.5864
5.6294,0.5573,2.4064
5.6296,0.5093,2.1993
5.6298,0.5422,2.3358
5.6300,0.6045,2.6104
5.6302,0.4897,2.1154
5.6304,0.4562,1.97
5.6306,0.4539,1.9592
5.6308,0.4539,1.9565
5.6310,0.5376,2.3183
5.6312,0.5707,2.461
5.6314,0.5513,2.3772
5.6316,0.5596,2.4129
5.6318,0.5669,2.4456
5.6320,0.5694,2.4541
5.6322,0.5684,2.4511
5.6324,0.5674,2.4442
5.6326,0.5695,2.4547
5.6328,0.5712,2.463
5.6330,0.5816,2.5057
5.6332,0.6336,2.7268
5.6334,0.6572,2.8298
5.6336,0.7055,3.0364
5.6338,0.709,3.0528
5.6340,0.6015,2.5938
5.6342,0.5408,2.3317
5.6344,0.5387,2.324
5.6346,0.5388,2.3245
5.6348,0.5318,2.2929
5.6350,0.5322,2.295
5.6352,0.5326,2.2976
5.6354,0.5537,2.3842
5.6356,0.5778,2.4915
5.6358,0.535,2.3058
5.6360,0.5408,2.3317
5.6362,0.5527,2.3845
5.6364,0.5424,2.3411
5.6366,0.5465,2.3533
5.6368,0.6267,2.6936
5.6370,0.713,3.069
5.6372,0.6217,2.6807
5.6374,0.5339,2.299
5.6376,0.5916,2.5521
5.6378,0.54,2.3308
5.6380,0.5097,2.1978
5.6382,0.5602,2.4143
5.6384,0.5701,2.455
5.6386,0.561,2.4146
5.6388,0.6007,2.589
5.6390,0.6289,2.7054
5.6392,0.6704,2.8826
5.6394,0.616,2.6552
5.6396,0.5533,2.3882
5.6398,0.477,2.0586
5.6400,0.4664,2.0112
5.6402,0.5035,2.1699
5.6404,0.5641,2.4291
5.6406,0.5961,2.5658
5.6408,0.62,2.666
5.6410,0.6195,2.6702
5.6412,0.5521,2.3797
5.6414,0.5863,2.5258
5.6416,0.5985,2.5773
5.6418,0.6054,2.6068
5.6420,0.614,2.6439
5.6422,0.6065,2.6114
5.6424,0.6043,2.5985
5.6426,0.661,2.845
5.6428,0.6219,2.678
5.6430,0.6449,2.7745
5.6432,0.6743,2.8982
5.6434,0.6642,2.8589
5.6436,0.6017,2.592
5.6438,0.5162,2.2257
5.6440,0.4888,2.1079
5.6442,0.4876,2.1037
5.6444,0.4937,2.13
5.6446,0.5041,2.1735
5.6448,0.5072,2.187
5.6450,0.4827,2.0824
5.6452,0.5041,2.1735
5.6454,0.5045,2.1746
5.6456,0.5333,2.3007
5.6458,0.5,2.1559
5.6460,0.4824,2.079
5.6462,0.5027,2.1658
5.6464,0.5693,2.4513
5.6466,0.6072,2.6145
5.6468,0.5808,2.5009
5.6470,0.6085,2.6165
5.6472,0.6858,2.9463
5.6474,0.6675,2.8702
5.6476,0.6946,2.9825
5.6478,0.755,3.239
5.6480,0.7557,3.2466
5.6482,0.756,3.2507
5.6484,0.662,2.8531
5.6486,0.5819,2.5056
5.6488,0.5798,2.4956
5.6490,0.6207,2.6666
5.6492,0.7202,3.0942
5.6494,0.7947,3.4124
5.6496,0.7702,3.309
5.6498,0.7831,3.3625
5.6500,0.8758,3.7517
5.6502,0.9295,3.9837
5.6504,0.9124,3.9162
5.6506,0.8593,3.6831
5.6508,0.9361,4.0045
5.6510,1.0148,4.3394
5.6512,1.0686,4.5755
5.6514,0.9891,4.2371
5.6516,0.955,4.097
5.6518,0.9238,3.9632
5.6520,0.938,4.0202
5.6522,0.9153,3.9212
5.6524,0.9762,4.1802
5.6526,0.9663,4.1453
5.6528,0.8738,3.747
5.6530,0.9784,4.1953
5.6532,0.9887,4.2415
5.6534,0.8816,3.7804
5.6536,0.9079,3.8912
5.6538,0.891,3.8259
5.6540,0.8134,3.4993
5.6542,0.7276,3.1285
5.6544,0.7726,3.3208
5.6546,0.8123,3.4914
5.6548,0.7416,3.1858
5.6550,0.7742,3.3229
5.6552,0.7871,3.3816
5.6554,0.7333,3.1532
5.6556,0.7338,3.1568
5.6558,0.7204,3.099
5.6560,0.7575,3.2619
5.6562,0.7201,3.0994
5.6564,0.7189,3.0928
5.6566,0.6882,2.9594
5.6568,0.726,3.1232
5.6570,0.7409,3.1872
5.6572,0.7181,3.0878
5.6574,0.7253,3.1216
5.6576,0.7214,3.108
5.6578,0.7186,3.0884
5.6580,0.7112,3.0626
5.6582,0.7079,3.0439
5.6584,0.738,3.1719
5.6586,0.7358,3.1685
5.6588,0.6804,2.9259
5.6590,0.7373,3.1702
5.6592,0.6741,2.9066
5.6594,0.6147,2.6507
5.6596,0.628,2.7031
5.6598,0.6766,2.9121
5.6600,0.7172,3.0856
5.6602,0.7407,3.1852
5.6604,0.6875,2.9604
5.6606,0.625,2.6939
5.6608,0.6054,2.608
5.6610,0.6445,2.7764
5.6612,0.5802,2.5018
5.6614,0.5767,2.4857
5.6616,0.6316,2.7211
5.6618,0.5814,2.507
5.6620,0.5708,2.4592
5.6622,0.6139,2.641
5.6624,0.7256,3.1231
5.6626,0.6845,2.9489
5.6628,0.6024,2.5975
5.6630,0.6111,2.634
5.6632,0.5897,2.5391
5.6634,0.5869,2.5296
5.6636,0.593,2.5536
5.6638,0.6405,2.7606
5.6640,0.5864,2.524
5.6642,0.6549,2.8226
5.6644,0.647,2.7872
5.6646,0.6455,2.7784
5.6648,0.6572,2.8285
5.6650,0.6729,2.8988
5.6652,0.6599,2.839
5.6654,0.6666,2.8692
5.6656,0.6509,2.8029
5.6658,0.6996,3.0056
5.6660,0.7672,3.2945
5.6662,0.8079,3.4707
5.6664,0.8242,3.544
5.6666,0.7404,3.1851
5.6668,0.7154,3.0736
5.6670,0.7325,3.1467
5.6672,0.7865,3.3837
5.6674,0.7648,3.2873
5.6676,0.7686,3.3017
5.6678,0.7887,3.3914
5.6680,0.7356,3.1645
5.6682,0.7285,3.1312
5.6684,0.7442,3.1987
5.6686,0.7943,3.4141
5.6688,0.7807,3.3538
5.6690,0.8038,3.4548
5.6692,0.8048,3.4605
5.6694,0.7851,3.3744
5.6696,0.7273,3.1289
5.6698,0.7256,3.1246
5.6700,0.709,3.0557
5.6702,0.583,2.5125
5.6704,0.5577,2.4046
5.6706,0.5538,2.3892
5.6708,0.5554,2.3959
5.6710,0.5577,2.4046
5.6712,0.5631,2.4268
5.6714,0.5513,2.3783
5.6716,0.55,2.3726
5.6718,0.5485,2.3653
5.6720,0.5556,2.3936
5.6722,0.5913,2.544
5.6724,0.7282,3.1369
5.6726,0.6246,2.6919
5.6728,0.5632,2.4295
5.6730,0.5577,2.4057
5.6732,0.5577,2.4046
5.6734,0.553,2.3822
5.6736,0.6054,2.6055
5.6738,0.6645,2.8573
5.6740,0.7038,3.0306
5.6742,0.6935,2.9876
5.6744,0.6719,2.8919
5.6746,0.6533,2.8146
5.6748,0.6352,2.7378
5.6750,0.6366,2.741
5.6752,0.6413,2.7604
5.6754,0.6363,2.74
5.6756,0.6955,2.9936
5.6758,0.7047,3.0342
5.6760,0.6477,2.7877
5.6762,0.6556,2.8231
5.6764,0.6862,2.9547
5.6766,0.6458,2.7807
5.6768,0.6369,2.7413
5.6770,0.6836,2.9393
5.6772,0.7023,3.0183
5.6774,0.7539,3.2434
5.6776,0.705,3.0358
5.6778,0.6387,2.7528
5.6780,0.6035,2.5973
5.6782,0.6294,2.71
5.6784,0.6705,2.8858
5.6786,0.711,3.0545
5.6788,0.7343,3.1588
5.6790,0.718,3.0858
5.6792,0.7501,3.2239
5.6794,0.7181,3.0935
5.6796,0.6116,2.6336
5.6798,0.6128,2.6412
5.6800,0.5978,2.5766
5.6802,0.5963,2.5675
5.6804,0.5623,2.4248
5.6806,0.4989,2.1513
5.6808,0.5555,2.3953
5.6810,0.6014,2.5909
5.6812,0.5994,2.5833
5.6814,0.5418,2.3385
5.6816,0.4872,2.1035
5.6818,0.4813,2.0772
5.6820,0.4864,2.0985
5.6822,0.4945,2.1292
5.6824,0.5236,2.2567
5.6826,0.5772,2.4866
5.6828,0.6292,2.7108
5.6830,0.5947,2.5608
5.6832,0.5892,2.5371
5.6834,0.6867,2.9541
5.6836,0.724,3.1145
5.6838,0.7206,3.0971
5.6840,0.7457,3.2048
5.6842,0.8008,3.4419
5.6844,0.8111,3.4732
5.6846,0.9964,4.2685
5.6848,0.9669,4.144
5.6850,0.9827,4.2099
5.6852,0.9937,4.2532
5.6854,0.9963,4.2699
5.6856,0.9838,4.2185
5.6858,0.981,4.2086
5.6860,0.9753,4.1722
5.6862,1.1175,4.7783
5.6864,1.1314,4.8423
5.6866,1.0989,4.7054
5.6868,1.0593,4.536
5.6870,1.0525,4.511
5.6872,0.9568,4.1085
5.6874,0.8978,3.8606
5.6876,0.8636,3.7068
5.6878,0.9093,3.901
5.6880,0.9164,3.9295
5.6882,0.9091,3.9036
5.6884,0.8975,3.8537
5.6886,0.8981,3.8544
5.6888,0.8807,3.7816
5.6890,0.8171,3.5169
5.6892,0.7158,3.0837
5.6894,0.6943,2.9885
5.6896,0.716,3.0776
5.6898,0.7303,3.1433
5.6900,0.7111,3.0607
5.6902,0.7248,3.121
5.6904,0.7115,3.0651
5.6906,0.726,3.1218
5.6908,0.7995,3.4394
5.6910,0.7633,3.2776
5.6912,0.8305,3.5747
5.6914,0.6755,2.9128
5.6916,0.6188,2.6646
5.6918,0.6575,2.8287
5.6920,0.661,2.849
5.6922,0.6657,2.8678
5.6924,0.7075,3.0452
5.6926,0.6541,2.8164
5.6928,0.6217,2.6782
5.6930,0.6345,2.7373
5.6932,0.6017,2.5956
5.6934,0.5788,2.4898
5.6936,0.6748,2.9043
5.6938,0.6977,3.0071
5.6940,0.6485,2.7952
5.6942,0.6357,2.7361
5.6944,0.6833,2.9423
5.6946,0.6573,2.8316
5.6948,0.6391,2.7557
5.6950,0.5942,2.5611
5.6952,0.6312,2.7203
5.6954,0.5863,2.5294
5.6956,0.5648,2.4368
5.6958,0.5379,2.3225
5.6960,0.5137,2.2149
5.6962,0.5067,2.1889
5.6964,0.4183,1.8064
5.6966,0.4095,1.7705
5.6968,0.4078,1.7624
5.6970,0.4427,1.9115
5.6972,0.465,2.0068
5.6974,0.5272,2.2712
5.6976,0.6785,2.9163
5.6978,0.7722,3.3218
5.6980,0.6352,2.7378
5.6982,0.5695,2.4547
5.6984,0.5672,2.4437
5.6986,0.5951,2.5635
5.6988,0.6364,2.7405
5.6990,0.6506,2.8001
5.6992,0.7328,3.1468
5.6994,0.7744,3.3301
5.6996,0.756,3.2522
5.6998,0.7594,3.2641
5.7000,0.7663,3.295
5.7002,0.6954,2.9931
5.7004,0.6952,2.9921
5.7006,0.7561,3.2512
5.7008,0.7885,3.3888
5.7010,0.7579,3.262
5.7012,0.6839,2.9463
5.7014,0.5921,2.5518
5.7016,0.5429,2.3421
5.7018,0.5368,2.3157
5.7020,0.5333,2.2986
5.7022,0.5629,2.4251
5.7024,0.6006,2.5909
5.7026,0.5394,2.326
5.7028,0.5326,2.2955
5.7030,0.5313,2.2898
5.7032,0.5327,2.296
5.7034,0.5915,2.548
5.7036,0.5298,2.2878
5.7038,0.4876,2.1046
5.7040,0.5354,2.3063
5.7042,0.5398,2.3287
5.7044,0.4803,2.0731
5.7046,0.4702,2.0305
5.7048,0.4808,2.0742
5.7050,0.4617,1.9919
5.7052,0.465,2.0078
5.7054,0.4834,2.0875
5.7056,0.4682,2.0199
5.7058,0.4662,2.012
5.7060,0.4674,2.0172
5.7062,0.4856,2.0929
5.7064,0.5364,2.3099
5.7066,0.5614,2.4195
5.7068,0.5646,2.4323
5.7070,0.6356,2.7343
5.7072,0.6718,2.8914
5.7074,0.7007,3.0144
5.7076,0.7635,3.277
5.7078,0.7874,3.3795
5.7080,0.8104,3.4766
5.7082,0.8682,3.7298
5.7084,0.7585,3.2615
5.7086,0.7124,3.0607
5.7088,0.7912,3.4007
5.7090,0.7812,3.3605
5.7092,0.7374,3.1693
5.7094,0.7422,3.1884
5.7096,0.7577,3.2594
5.7098,0.6927,2.9812
5.7100,0.6132,2.6403
5.7102,0.6043,2.6033
5.7104,0.6135,2.6419
5.7106,0.6019,2.593
5.7108,0.6286,2.7069
5.7110,0.6573,2.8303
5.7112,0.6764,2.907
5.7114,0.6726,2.8991
5.7116,0.5459,2.355
5.7118,0.5021,2.1642
5.7120,0.5062,2.1838
5.7122,0.5085,2.1947
5.7124,0.5083,2.1916
5.7126,0.5056,2.1802
5.7128,0.5063,2.1843
5.7130,0.5066,2.1834
5.7132,0.5178,2.2319
5.7134,0.5196,2.2428
5.7136,0.5145,2.2185
5.7138,0.5158,2.2231
5.7140,0.556,2.3952
5.7142,0.6196,2.6657
5.7144,0.6761,2.9114
5.7146,0.5586,2.4088
5.7148,0.4886,2.1078
5.7150,0.4812,2.0748
5.7152,0.4802,2.0716
5.7154,0.4806,2.0731
5.7156,0.4911,2.1187
5.7158,0.5207,2.2433
5.7160,0.5815,2.5028
5.7162,0.6242,2.6891
5.7164,0.5857,2.5233
5.7166,0.589,2.5313
5.7168,0.729,3.1318
5.7170,0.7448,3.2042
5.7172,0.7163,3.0786
5.7174,0.753,3.2333
5.7176,0.8235,3.5327
5.7178,0.8443,3.6171
5.7180,0.8949,3.8411
5.7182,0.8985,3.8457
5.7184,0.9755,4.181
5.7186,0.9298,3.9852
5.7188,0.9568,4.1009
5.7190,0.9807,4.2012
5.7192,0.9982,4.2762
5.7194,0.9992,4.2728
5.7196,1.0912,4.6617
5.7198,1.0955,4.6889
5.7200,1.0272,4.4046
5.7202,1.0114,4.3367
5.7204,0.9457,4.0625
5.7206,0.8471,3.6374
5.7208,0.8382,3.5993
5.7210,0.8633,3.7069
5.7212,0.8903,3.8228
5.7214,0.7819,3.3605
5.7216,0.7443,3.2036
5.7218,0.7315,3.1426
5.7220,0.7792,3.3491
5.7222,0.7801,3.3559
5.7224,0.6862,2.9561
5.7226,0.6707,2.8855
5.7228,0.6821,2.9331
5.7230,0.6788,2.9214
5.7232,0.6731,2.8971
5.7234,0.7231,3.1138
5.7236,0.7074,3.0447
5.7238,0.69,2.9713
5.7240,0.6773,2.9138
5.7242,0.7223,3.1087
5.7244,0.7054,3.0331
5.7246,0.6731,2.8985
5.7248,0.6129,2.6393
5.7250,0.6664,2.8709
5.7252,0.6411,2.7606
5.7254,0.6442,2.774
5.7256,0.6682,2.8786
5.7258,0.6553,2.8202
5.7260,0.6472,2.7818
5.7262,0.711,3.0602
5.7264,0.7436,3.2005
5.7266,0.6931,2.9833
5.7268,0.6901,2.9718
5.7270,0.674,2.9034
5.7272,0.686,2.9537
5.7274,0.703,3.0214
5.7276,0.7557,3.2481
5.7278,0.8198,3.5233
5.7280,0.7497,3.2254
5.7282,0.7029,3.0237
5.7284,0.7282,3.1383
5.7286,0.6644,2.8608
5.7288,0.6837,2.9384
5.7290,0.7362,3.1671
5.7292,0.7298,3.1427
5.7294,0.6595,2.8396
5.7296,0.6551,2.8184
5.7298,0.6967,2.996
5.7300,0.7175,3.0895
5.7302,0.7127,3.0646
5.7304,0.7818,3.36
5.7306,0.7925,3.4048
5.7308,0.7961,3.4202
5.7310,0.8228,3.5329
5.7312,0.8409,3.6123
5.7314,0.7559,3.2547
5.7316,0.6928,2.9831
5.7318,0.7105,3.0524
5.7320,0.7514,3.2296
5.7322,0.8288,3.5553
5.7324,0.9307,3.9926
5.7326,0.9093,3.9046
5.7328,0.8658,3.7177
5.7330,0.8688,3.7393
5.7332,0.6875,2.9604
5.7334,0.6318,2.7229
5.7336,0.6331,2.7285
5.7338,0.6294,2.7113
5.7340,0.6332,2.7278
5.7342,0.6348,2.732
5.7344,0.633,2.728
5.7346,0.6289,2.7105
5.7348,0.629,2.711
5.7350,0.6325,2.7247
5.7352,0.626,2.6981
5.7354,0.6152,2.6503
5.7356,0.684,2.9427
5.7358,0.7044,3.029
5.7360,0.6726,2.8977
5.7362,0.617,2.6581
5.7364,0.6601,2.8448
5.7366,0.5737,2.475
5.7368,0.5476,2.3623
5.7370,0.5515,2.3782
5.7372,0.5483,2.3621
5.7374,0.5578,2.4007
5.7376,0.655,2.8179
5.7378,0.6642,2.8629
5.7380,0.5915,2.5528
5.7382,0.5569,2.4015
5.7384,0.562,2.4187
5.7386,0.6017,2.592
5.7388,0.6455,2.7758
5.7390,0.7645,3.2858
5.7392,0.7578,3.2584
5.7394,0.7553,3.2506
5.7396,0.6454,2.7818
5.7398,0.5639,2.4292
5.7400,0.593,2.5583
5.7402,0.5712,2.4596
5.7404,0.6538,2.8114
5.7406,0.6984,3.0018
5.7408,0.7397,3.1806
5.7410,0.7062,3.041
5.7412,0.6593,2.8391
5.7414,0.6798,2.926
5.7416,0.6597,2.842
5.7418,0.6413,2.7629
5.7420,0.6473,2.7875
5.7422,0.7484,3.2122
5.7424,0.8434,3.6248
5.7426,0.713,3.0704
5.7428,0.6217,2.6795
5.7430,0.6069,2.6147
5.7432,0.6404,2.7562
5.7434,0.677,2.9123
5.7436,0.6771,2.9114
5.7438,0.693,2.98
5.7440,0.7105,3.0595
5.7442,0.6808,2.9301
5.7444,0.6154,2.6464
5.7446,0.6374,2.7472
5.7448,0.6405,2.7567
5.7450,0.7009,3.0168
5.7452,0.6322,2.7237
5.7454,0.6075,2.6148
5.7456,0.6876,2.9582
5.7458,0.6873,2.9635
5.7460,0.5282,2.2785
5.7462,0.52,2.2433
5.7464,0.5916,2.5497
5.7466,0.6007,2.5866
5.7468,0.5893,2.5387
5.7470,0.6074,2.6167
5.7472,0.6566,2.8233
5.7474,0.6919,2.9754
5.7476,0.6586,2.8373
5.7478,0.6501,2.7993
5.7480,0.6695,2.8776
5.7482,0.7036,3.024
5.7484,0.7332,3.1557
5.7486,0.688,2.9611
5.7488,0.6572,2.8311
5.7490,0.6157,2.6499
5.7492,0.6395,2.7539
5.7494,0.6687,2.8753
5.7496,0.7488,3.2168
5.7498,0.7853,3.377
5.7500,0.7947,3.4109
5.7502,0.8127,3.4897
5.7504,0.7677,3.2981
5.7506,0.7674,3.2997
5.7508,0.7681,3.3012
5.7510,0.8007,3.4366
5.7512,0.8487,3.6356
5.7514,0.9749,4.1785
5.7516,1.0153,4.3557
5.7518,0.9676,4.1529
5.7520,0.9043,3.8794
5.7522,0.9123,3.9084
5.7524,0.9671,4.1451
5.7526,0.9676,4.151
5.7528,0.9301,3.9844
5.7530,0.9476,4.0632
5.7532,0.8874,3.814
5.7534,0.7954,3.4171
5.7536,0.7777,3.3456
5.7538,0.8204,3.5259
5.7540,0.8152,3.5054
5.7542,0.8003,3.4414
5.7544,0.7917,3.4012
5.7546,0.8063,3.464
5.7548,0.8409,3.6174
5.7550,0.7947,3.4156
5.7552,0.7707,3.3126
5.7554,0.7441,3.1982
5.7556,0.7449,3.2077
5.7558,0.7415,3.1913
5.7560,0.7122,3.0682
5.7562,0.6267,2.6987
5.7564,0.6158,2.6554
5.7566,0.6093,2.625
5.7568,0.6132,2.6403
5.7570,0.6183,2.6637
5.7572,0.6162,2.6557
5.7574,0.6477,2.7864
5.7576,0.747,3.2105
5.7578,0.7274,3.128
5.7580,0.7057,3.0361
5.7582,0.6984,3.0074
5.7584,0.6264,2.6996
5.7586,0.5928,2.5561
5.7588,0.5872,2.5318
5.7590,0.5922,2.5547
5.7592,0.5768,2.4816
5.7594,0.6797,2.9255
5.7596,0.7291,3.1381
5.7598,0.6766,2.9121
5.7600,0.6806,2.9291
5.7602,0.723,3.1176
5.7604,0.6366,2.7448
5.7606,0.5957,2.5673
5.7608,0.5957,2.5649
5.7610,0.6148,2.65
5.7612,0.6127,2.6407
5.7614,0.6043,2.6045
5.7616,0.5767,2.4857
5.7618,0.5678,2.4463
5.7620,0.623,2.6851
5.7622,0.6138,2.649
5.7624,0.5386,2.3235
5.7626,0.4832,2.0855
5.7628,0.473,2.0415
5.7630,0.4905,2.117
5.7632,0.4924,2.1243
5.7634,0.5177,2.2304
5.7636,0.5753,2.4806
5.7638,0.5387,2.3251
5.7640,0.5146,2.22
5.7642,0.5175,2.2304
5.7644,0.5939,2.5596
5.7646,0.5628,2.4257
5.7648,0.5615,2.42
5.7650,0.5943,2.5604
5.7652,0.5822,2.5071
5.7654,0.5804,2.5017
5.7656,0.6139,2.6446
5.7658,0.6472,2.7843
5.7660,0.7152,3.0754
5.7662,0.7278,3.1353
5.7664,0.6425,2.7668
5.7666,0.6259,2.6925
5.7668,0.6508,2.8011
5.7670,0.6916,2.9752
5.7672,0.7292,3.1415
5.7674,0.683,2.9381
5.7676,0.6748,2.9003
5.7678,0.7521,3.2327
5.7680,0.7742,3.3321
5.7682,0.7162,3.0781
5.7684,0.7256,3.1231
5.7686,0.6744,2.896
5.7688,0.7713,3.3151
5.7690,0.7919,3.4085
5.7692,0.6895,2.9678
5.7694,0.6356,2.733
5.7696,0.6634,2.854
5.7698,0.6658,2.8656
5.7700,0.649,2.7973
5.7702,0.5725,2.4676
5.7704,0.5053,2.1817
5.7706,0.4676,2.0182
5.7708,0.4764,2.055
5.7710,0.4704,2.0301
5.7712,0.4634,2.001
5.7714,0.4613,1.9908
5.7716,0.4616,1.9914
5.7718,0.4661,2.0115
5.7720,0.4664,2.014
5.7722,0.4658,2.0095
5.7724,0.4664,2.013
5.7726,0.4615,1.9918
5.7728,0.464,2.0018
5.7730,0.464,2.0018
5.7732,0.4637,2.0002
5.7734,0.4922,2.1213
5.7736,0.5735,2.4706
5.7738,0.609,2.6174
5.7740,0.7392,3.1755
5.7742,0.7226,3.1102
5.7744,0.6689,2.8804
5.7746,0.6137,2.6436
5.7748,0.5608,2.4158
5.7750,0.5559,2.3946
5.7752,0.5398,2.3265
5.7754,0.5623,2.4225
5.7756,0.6042,2.6028
5.7758,0.5999,2.5842
5.7760,0.5815,2.5028
5.7762,0.6095,2.6243
5.7764,0.5843,2.5147
5.7766,0.6153,2.6471
5.7768,0.6774,2.917
5.7770,0.6115,2.6343
5.7772,0.6222,2.679
5.7774,0.6119,2.631
5.7776,0.6587,2.8325
5.7778,0.6609,2.8471
5.7780,0.6634,2.8513
5.7782,0.6614,2.8479
5.7784,0.5307,2.2883
5.7786,0.5175,2.2335
5.7788,0.5343,2.2985
5.7790,0.6361,2.7389
5.7792,0.6238,2.6875
5.7794,0.6111,2.6291
5.7796,0.5961,2.5706
5.7798,0.5683,2.4472
5.7800,0.6098,2.6246
5.7802,0.6178,2.6617
5.7804,0.587,2.5289
5.7806,0.5947,2.562
5.7808,0.5111,2.205
5.7810,0.4675,2.0177
5.7812,0.4599,1.9851
5.7814,0.4611,1.9893
5.7816,0.4681,2.0184
5.7818,0.4676,2.0163
5.7820,0.4881,2.1047
5.7822,0.5222,2.2505
5.7824,0.5665,2.4395
5.7826,0.6038,2.5988
5.7828,0.5725,2.4664
5.7830,0.5824,2.5053
5.7832,0.6472,2.7792
5.7834,0.7452,3.2043
5.7836,0.7351,3.158
5.7838,0.7876,3.3805
5.7840,0.8362,3.5839
5.7842,0.9018,3.8632
5.7844,0.8989,3.858
5.7846,0.8285,3.5493
5.7848,0.9483,4.0587
5.7850,0.9809,4.2002
5.7852,0.9826,4.2094
5.7854,1.0188,4.3625
5.7856,1.0879,4.6473
5.7858,1.0995,4.7124
5.7860,1.0001,4.2884
5.7862,0.9279,3.9789
5.7864,0.914,3.9192
5.7866,0.9279,3.9789
5.7868,0.9702,4.1604
5.7870,0.9005,3.8683
5.7872,0.846,3.6311
5.7874,0.8846,3.7897
5.7876,0.9638,4.1307
5.7878,0.9708,4.1629
5.7880,0.9259,3.9757
5.7882,0.8405,3.6091
5.7884,0.8493,3.645
5.7886,0.8815,3.787
5.7888,0.8242,3.5407
5.7890,0.8579,3.6838
5.7892,0.8145,3.5006
5.7894,0.7464,3.2064
5.7896,0.7591,3.261
5.7898,0.7224,3.1049
5.7900,0.7376,3.1733
5.7902,0.7823,3.361
5.7904,0.8598,3.6903
5.7906,0.814,3.5018
5.7908,0.7308,3.1453
5.7910,0.7295,3.1382
5.7912,0.6906,2.9711
5.7914,0.6632,2.8569
5.7916,0.6822,2.9336
5.7918,0.737,3.1692
5.7920,0.743,3.1965
5.7922,0.7513,3.2321
5.7924,0.7108,3.0577
5.7926,0.6618,2.8499
5.7928,0.6688,2.8772
5.7930,0.7139,3.0669
5.7932,0.7463,3.2119
5.7934,0.7006,3.0181
5.7936,0.6584,2.8323
5.7938,0.6581,2.8313
5.7940,0.6716,2.8917
5.7942,0.6734,2.8981
5.7944,0.6711,2.8924
5.7946,0.5923,2.554
5.7948,0.5945,2.5574
5.7950,0.6898,2.9661
5.7952,0.7158,3.0866
5.7954,0.5746,2.4752
5.7956,0.6044,2.6026
5.7958,0.5979,2.5747
5.7960,0.6318,2.7165
5.7962,0.7326,3.1545
5.7964,0.7308,3.1453
5.7966,0.7163,3.0858
5.7968,0.6463,2.7802
5.7970,0.6415,2.7634
5.7972,0.6409,2.7596
5.7974,0.6441,2.7709
5.7976,0.6445,2.7751
5.7978,0.6598,2.8385
5.7980,0.7218,3.1052
5.7982,0.7312,3.1454
5.7984,0.7779,3.3435
5.7986,0.809,3.4786
5.7988,0.7435,3.1926
5.7990,0.7639,3.2893
5.7992,0.653,2.8104
5.7994,0.647,2.7846
5.7996,0.6947,2.99
5.7998,0.7182,3.0883
5.8000,0.7351,3.1624
5.8002,0.706,3.0413
5.8004,0.6422,2.764
5.8006,0.626,2.6968
5.8008,0.623,2.6826
5.8010,0.6205,2.673
5.8012,0.6187,2.6653
5.8014,0.619,2.6644
5.8016,0.7282,3.1267
5.8018,0.7499,3.2319
5.8020,0.6238,2.6888
5.8022,0.6115,2.6306
5.8024,0.6605,2.8442
5.8026,0.5653,2.4377
5.8028,0.5428,2.3416
5.8030,0.5668,2.4405
5.8032,0.6541,2.8151
5.8034,0.6183,2.6637
5.8036,0.5844,2.5187
5.8038,0.54,2.3286
5.8040,0.5465,2.3565
5.8042,0.5641,2.4314
5.8044,0.5736,2.4699
5.8046,0.6404,2.7601
5.8048,0.6085,2.6214
5.8050,0.6321,2.7232
5.8052,0.5599,2.4144
5.8054,0.5616,2.4206
5.8056,0.5965,2.565
5.8058,0.6814,2.9327
5.8060,0.6899,2.9666
5.8062,0.711,3.0616
5.8064,0.679,2.921
5.8066,0.7443,3.1962
5.8068,0.8184,3.5127
5.8070,0.8392,3.5984
5.8072,0.8572,3.679
5.8074,0.8556,3.6757
5.8076,0.7994,3.4405
5.8078,0.7549,3.243
5.8080,0.78,3.3538
5.8082,0.8229,3.5384
5.8084,0.774,3.3234
5.8086,0.8451,3.6287
5.8088,0.8345,3.5817
5.8090,0.8526,3.6577
5.8092,0.9249,3.9734
5.8094,0.866,3.7188
5.8096,0.8044,3.4557
5.8098,0.8079,3.4739
5.8100,0.7611,3.2668
5.8102,0.8985,3.8529
5.8104,0.9034,3.883
5.8106,0.8127,3.4962
5.8108,0.8,3.4383
5.8110,0.8614,3.6953
5.8112,0.9011,3.8727
5.8114,0.6772,2.9174
5.8116,0.6539,2.8211
5.8118,0.5372,2.3194
5.8120,0.4902,2.1155
5.8122,0.4875,2.1041
5.8124,0.4894,2.1134
5.8126,0.4882,2.1082
5.8128,0.4866,2.099
5.8130,0.52,2.2402
5.8132,0.591,2.5448
5.8134,0.6538,2.8153
5.8136,0.6228,2.6853
5.8138,0.5077,2.1921
5.8140,0.4699,2.0299
5.8142,0.4734,2.044
5.8144,0.4838,2.0881
5.8146,0.4833,2.085
5.8148,0.4852,2.0933
5.8150,0.4796,2.068
5.8152,0.5049,2.1781
5.8154,0.5513,2.375
5.8156,0.5939,2.556
5.8158,0.6572,2.8298
5.8160,0.635,2.7381
5.8162,0.5857,2.5221
5.8164,0.6759,2.9076
5.8166,0.7236,3.1144
5.8168,0.7075,3.041
5.8170,0.7472,3.2071
5.8172,0.7991,3.4283
5.8174,0.8491,3.6445
5.8176,0.8493,3.6484
5.8178,0.8358,3.5907
5.8180,0.8889,3.81
5.8182,0.9792,4.193
5.8184,0.9901,4.2437
5.8186,0.9905,4.2453
5.8188,1.0196,4.3681
5.8190,0.979,4.194
5.8192,0.978,4.1918
5.8194,1.0064,4.3156
5.8196,0.9813,4.2057
5.8198,0.9234,3.963
5.8200,0.8562,3.6748
5.8202,0.8881,3.81
5.8204,0.9534,4.0922
5.8206,0.9069,3.8943
5.8208,0.8865,3.805
5.8210,0.8694,3.7367
5.8212,0.8266,3.5494
5.8214,0.8187,3.5138
5.8216,0.8756,3.76
5.8218,0.8305,3.568
5.8220,0.817,3.5115
5.8222,0.8511,3.6527
5.8224,0.8887,3.8196
5.8226,0.8178,3.5118
5.8228,0.8373,3.5969
5.8230,0.8994,3.8565
5.8232,0.9048,3.8887
5.8234,0.7906,3.4028
5.8236,0.7081,3.0492
5.8238,0.6491,2.7991
5.8240,0.6337,2.7286
5.8242,0.6579,2.8316
5.8244,0.6485,2.7939
5.8246,0.6345,2.7373
5.8248,0.5919,2.5525
5.8250,0.6282,2.7061
5.8252,0.6568,2.8282
5.8254,0.6771,2.9196
5.8256,0.6435,2.7696
5.8258,0.7494,3.2268
5.8260,0.6928,2.9817
5.8262,0.6862,2.9506
5.8264,0.7019,3.0238
5.8266,0.6101,2.6305
5.8268,0.616,2.6527
5.8270,0.6639,2.8614
5.8272,0.6274,2.7005
5.8274,0.6881,2.9616
5.8276,0.7051,3.0349
5.8278,0.6989,3.0067
5.8280,0.7467,3.214
5.8282,0.7479,3.2146
5.8284,0.7988,3.4331
5.8286,0.8053,3.4594
5.8288,0.8329,3.58
5.8290,0.7816,3.3657
5.8292,0.6605,2.8416
5.8294,0.6815,2.9346
5.8296,0.676,2.9136
5.8298,0.6431,2.7707
5.8300,0.6388,2.7534
5.8302,0.6409,2.7609
5.8304,0.723,3.106
5.8306,0.7835,3.3724
5.8308,0.6565,2.8333
5.8310,0.4729,2.0457
5.8312,0.4354,1.8799
5.8314,0.4619,1.9924
5.8316,0.5259,2.2687
5.8318,0.537,2.32
5.8320,0.4627,1.9998
5.8322,0.4488,1.9379
5.8324,0.4495,1.9419
5.8326,0.4494,1.9413
5.8328,0.4482,1.9344
5.8330,0.452,1.9518
5.8332,0.4489,1.9402
5.8334,0.449,1.9407
5.8336,0.4497,1.942
5.8338,0.4463,1.927
5.8340,0.4444,1.9196
5.8342,0.4503,1.9446
5.8344,0.4507,1.9452
5.8346,0.4556,1.9674
5.8348,0.4616,1.9923
5.8350,0.4615,1.9909
5.8352,0.462,1.9939
5.8354,0.4765,2.0575
5.8356,0.4667,2.0141
5.8358,0.4592,1.9811
5.8360,0.4569,1.9712
5.8362,0.4575,1.9766
5.8364,0.4506,1.9447
5.8366,0.4415,1.9045
5.8368,0.4421,1.908
5.8370,0.4614,1.9895
5.8372,0.5213,2.248
5.8374,0.5049,2.1791
5.8376,0.4584,1.9765
5.8378,0.4559,1.9657
5.8380,0.5054,2.1782
5.8382,0.5728,2.4652
5.8384,0.6368,2.7407
5.8386,0.5741,2.4754
5.8388,0.4876,2.1056
5.8390,0.4599,1.9842
5.8392,0.459,1.9791
5.8394,0.462,1.993
5.8396,0.5346,2.3032
5.8398,0.597,2.5646
5.8400,0.6813,2.9281
5.8402,0.6802,2.9262
5.8404,0.6784,2.9212
5.8406,0.6153,2.6496
5.8408,0.6063,2.6121
5.8410,0.5262,2.2713
5.8412,0.4466,1.9277
5.8414,0.443,1.913
5.8416,0.4381,1.8909
5.8418,0.4258,1.8376
5.8420,0.4133,1.7846
5.8422,0.4216,1.8195
5.8424,0.4647,2.0021
5.8426,0.4934,2.1285
5.8428,0.4665,2.0136
5.8430,0.4615,1.989
5.8432,0.5012,2.1591
5.8434,0.5098,2.1963
5.8436,0.4741,2.0424
5.8438,0.4798,2.0691
5.8440,0.529,2.2779
5.8442,0.5674,2.4442
5.8444,0.5813,2.5018
5.8446,0.57,2.4579
5.8448,0.5128,2.2092
5.8450,0.5253,2.264
5.8452,0.5195,2.2381
5.8454,0.4714,2.0338
5.8456,0.4628,1.9947
5.8458,0.5331,2.2986
5.8460,0.4941,2.1296
5.8462,0.5085,2.1886
5.8464,0.619,2.6619
5.8466,0.6518,2.8053
5.8468,0.6055,2.6036
5.8470,0.6208,2.6671
5.8472,0.6279,2.7013
5.8474,0.6368,2.7433
5.8476,0.5846,2.5163
5.8478,0.6363,2.7349
5.8480,0.6913,2.9714
5.8482,0.7122,3.0611
5.8484,0.7122,3.0596
5.8486,0.6545,2.8132
5.8488,0.617,2.6556
5.8490,0.5887,2.535
5.8492,0.5729,2.4657
5.8494,0.6304,2.7046
5.8496,0.79,3.3924
5.8498,0.7945,3.4082
5.8500,0.8404,3.5952
5.8502,0.9447,4.0433
5.8504,0.9711,4.1601
5.8506,0.9536,4.0851
5.8508,0.9877,4.2295
5.8510,0.9983,4.2707
5.8512,1.0302,4.4009
5.8514,1.1078,4.7301
5.8516,1.1165,4.7764
5.8518,0.9937,4.2631
5.8520,0.8657,3.7155
5.8522,0.9222,3.9505
5.8524,0.959,4.1082
5.8526,0.902,3.8732
5.8528,0.8508,3.6517
5.8530,0.8762,3.7573
5.8532,0.8844,3.7905
5.8534,0.9539,4.0866
5.8536,0.9283,3.9823
5.8538,0.9132,3.9175
5.8540,0.8993,3.8578
5.8542,0.8999,3.8568
5.8544,0.9244,3.9658
5.8546,0.9307,3.9926
5.8548,0.9262,3.9735
5.8550,0.855,3.6731
5.8552,0.8301,3.5676
5.8554,0.8098,3.4773
5.8556,0.8352,3.5881
5.8558,0.8007,3.4366
5.8560,0.8479,3.6427
5.8562,0.7748,3.3223
5.8564,0.8982,3.8496
5.8566,0.9096,3.902
5.8568,0.9379,4.0253
5.8570,0.9506,4.076
5.8572,0.9522,4.0851
5.8574,0.8687,3.7284
5.8576,0.8494,3.6489
5.8578,0.8237,3.5403
5.8580,0.8369,3.5987
5.8582,0.8453,3.6297
5.8584,0.8731,3.7439
5.8586,0.9689,4.1528
5.8588,1.0172,4.3639
5.8590,0.9869,4.2299
5.8592,1.0127,4.3363
5.8594,1.0359,4.438
5.8596,0.9585,4.1157
5.8598,0.912,3.916
5.8600,0.8753,3.7584
5.8602,0.8586,3.6903
5.8604,0.8128,3.4951
5.8606,0.8341,3.5835
5.8608,0.8479,3.6393
5.8610,0.8629,3.7071
5.8612,0.8646,3.7143
5.8614,0.8777,3.7705
5.8616,0.8353,3.592
5.8618,0.8169,3.5077
5.8620,0.8265,3.5522
5.8622,0.7879,3.3878
5.8624,0.7774,3.343
5.8626,0.7636,3.2837
5.8628,0.7253,3.1245
5.8630,0.6834,2.9456
5.8632,0.671,2.8878
5.8634,0.6833,2.9423
5.8636,0.679,2.9238
5.8638,0.7053,3.0354
5.8640,0.697,2.9998
5.8642,0.6895,2.9664
5.8644,0.7338,3.1582
5.8646,0.7567,3.2523
5.8648,0.8463,3.6406
5.8650,0.7383,3.1793
5.8652,0.665,2.8647
5.8654,0.7087,3.049
5.8656,0.7545,3.2445
5.8658,0.7358,3.1641
5.8660,0.7383,3.1764
5.8662,0.7961,3.425
5.8664,0.7903,3.3981
5.8666,0.7942,3.4151
5.8668,0.7321,3.1495
5.8670,0.7176,3.0857
5.8672,0.7261,3.1238
5.8674,0.759,3.2651
5.8676,0.7471,3.2125
5.8678,0.805,3.4599
5.8680,0.8552,3.6707
5.8682,0.8996,3.8647
5.8684,0.8032,3.4651
5.8686,0.594,2.5601
5.8688,0.6013,2.594
5.8690,0.527,2.2754
5.8692,0.5202,2.2475
5.8694,0.5207,2.2495
5.8696,0.518,2.2335
5.8698,0.5568,2.4021
5.8700,0.5258,2.2692
5.8702,0.5324,2.2977
5.8704,0.5199,2.2418
5.8706,0.5175,2.2325
5.8708,0.517,2.2304
5.8710,0.5171,2.2309
5.8712,0.5862,2.5265
5.8714,0.6188,2.6671
5.8716,0.5735,2.474
5.8718,0.5416,2.3397
5.8720,0.5096,2.1993
5.8722,0.5085,2.1926
5.8724,0.5073,2.1875
5.8726,0.5103,2.2014
5.8728,0.5079,2.1911
5.8730,0.5607,2.4153
5.8732,0.6314,2.7175
5.8734,0.6463,2.7841
5.8736,0.614,2.6464
5.8738,0.6295,2.7118
5.8740,0.6267,2.6999
5.8742,0.6087,2.6249
5.8744,0.567,2.4449
5.8746,0.5795,2.4929
5.8748,0.6767,2.9139
5.8750,0.683,2.9408
5.8752,0.6615,2.8484
5.8754,0.5988,2.5796
5.8756,0.5885,2.5351
5.8758,0.6021,2.5928
5.8760,0.6132,2.6428
5.8762,0.5967,2.5732
5.8764,0.5771,2.4872
5.8766,0.5761,2.4842
5.8768,0.5705,2.4611
5.8770,0.5901,2.5424
5.8772,0.5651,2.4401
5.8774,0.4706,2.033
5.8776,0.4587,1.9808
5.8778,0.4547,1.9623
5.8780,0.5193,2.2371
5.8782,0.6202,2.672
5.8784,0.5483,2.3665
5.8786,0.4719,2.0359
5.8788,0.4644,2.0042
5.8790,0.4667,2.0131
5.8792,0.5129,2.2077
5.8794,0.6267,2.6999
5.8796,0.6585,2.8355
5.8798,0.6809,2.9279
5.8800,0.7091,3.0533
5.8802,0.6542,2.8221
5.8804,0.5214,2.2495
5.8806,0.4982,2.1492
5.8808,0.5211,2.2428
5.8810,0.635,2.7343
5.8812,0.6585,2.8342
5.8814,0.6948,2.9863
5.8816,0.7343,3.1588
5.8818,0.7102,3.058
5.8820,0.6578,2.8271
5.8822,0.722,3.1062
5.8824,0.6782,2.9188
5.8826,0.6639,2.8547
5.8828,0.6642,2.8576
5.8830,0.696,2.9985
5.8832,0.7035,3.0234
5.8834,0.7383,3.1705
5.8836,0.8066,3.4618
5.8838,0.847,3.6301
5.8840,0.921,3.9491
5.8842,0.8959,3.8452
5.8844,0.8652,3.7169
5.8846,0.8604,3.6929
5.8848,0.8833,3.7911
5.8850,0.8831,3.7901
5.8852,0.9009,3.8668
5.8854,0.8584,3.6772
5.8856,0.9592,4.1188
5.8858,0.9062,3.8931
5.8860,0.9317,3.9916
5.8862,1.0037,4.3018
5.8864,1.0389,4.4487
5.8866,1.0544,4.5086
5.8868,1.0339,4.4334
5.8870,0.9494,4.069
5.8872,1.0245,4.3892
5.8874,1.0449,4.4807
5.8876,0.9508,4.079
5.8878,0.9148,3.9265
5.8880,0.9038,3.8791
5.8882,0.9042,3.8807
5.8884,0.8617,3.7002
5.8886,0.829,3.563
5.8888,0.776,3.3414
5.8890,0.7391,3.1809
5.8892,0.7162,3.0824
5.8894,0.7292,3.1357
5.8896,0.7837,3.3698
5.8898,0.8285,3.5609
5.8900,0.8827,3.7903
5.8902,0.8933,3.8392
5.8904,0.8442,3.6234
5.8906,0.8582,3.6939
5.8908,0.7982,3.4322
5.8910,0.7818,3.3647
5.8912,0.708,3.0459
5.8914,0.7182,3.0926
5.8916,0.7008,3.0135
5.8918,0.7846,3.3676
5.8920,0.7885,3.3983
5.8922,0.6952,2.9948
5.8924,0.7335,3.1528
5.8926,0.8204,3.5259
5.8928,0.8295,3.5651
5.8930,0.7942,3.4199
5.8932,0.6987,3.0084
5.8934,0.6826,2.9379
5.8936,0.684,2.9482
5.8938,0.6228,2.6853
5.8940,0.597,2.573
5.8942,0.6495,2.7954
5.8944,0.6489,2.7968
5.8946,0.5951,2.5647
5.8948,0.5907,2.5473
5.8950,0.5915,2.5504
5.8952,0.6055,2.6097
5.8954,0.6047,2.6049
5.8956,0.611,2.6322
5.8958,0.6533,2.8159
5.8960,0.6603,2.8432
5.8962,0.6772,2.916
5.8964,0.62,2.671
5.8966,0.629,2.7059
5.8968,0.6618,2.8486
5.8970,0.6646,2.8618
5.8972,0.6571,2.828
5.8974,0.6603,2.8419
5.8976,0.7457,3.2034
5.8978,0.8603,3.6941
5.8980,0.8791,3.7714
5.8982,0.8539,3.6719
5.8984,0.7073,3.047
5.8986,0.6925,2.9807
5.8988,0.7617,3.2769
5.8990,0.7303,3.1403
5.8992,0.7008,3.0205
5.8994,0.6476,2.7898
5.8996,0.6416,2.764
5.8998,0.6415,2.7622
5.9000,0.6743,2.8969
5.9002,0.7859,3.3827
5.9004,0.7585,3.2645
5.9006,0.735,3.1575
5.9008,0.7066,3.0453
5.9010,0.6523,2.8086
5.9012,0.6699,2.8778
5.9014,0.7779,3.3513
5.9016,0.6511,2.8074
5.9018,0.6086,2.6256
5.9020,0.6212,2.6761
5.9022,0.5862,2.5312
5.9024,0.4863,2.1019
5.9026,0.4742,2.0476
5.9028,0.4694,2.026
5.9030,0.5157,2.2257
5.9032,0.4837,2.0885
5.9034,0.4656,2.0103
5.9036,0.4645,2.0075
5.9038,0.4622,1.9968
5.9040,0.4797,2.0695
5.9042,0.4821,2.0808
5.9044,0.4662,2.0129
5.9046,0.4671,2.018
5.9048,0.4653,2.0093
5.9050,0.469,2.0235
5.9052,0.4924,2.1234
5.9054,0.5178,2.234
5.9056,0.5731,2.469
5.9058,0.6254,2.6942
5.9060,0.6073,2.6114
5.9062,0.7008,3.0121
5.9064,0.7223,3.1072
5.9066,0.6864,2.9516
5.9068,0.6796,2.9236
5.9070,0.6903,2.9681
5.9072,0.7282,3.1325
5.9074,0.7626,3.2806
5.9076,0.7656,3.2858
5.9078,0.8134,3.4976
5.9080,0.7244,3.118
5.9082,0.69,2.9713
5.9084,0.7059,3.0352
5.9086,0.7059,3.0338
5.9088,0.7563,3.2522
5.9090,0.7597,3.2712
5.9092,0.6339,2.7296
5.9094,0.676,2.9095
5.9096,0.7057,3.0347
5.9098,0.73,3.133
5.9100,0.7784,3.3409
5.9102,0.8463,3.6355
5.9104,0.8416,3.6188
5.9106,0.7656,3.295
5.9108,0.6496,2.7973
5.9110,0.6339,2.7309
5.9112,0.6202,2.6708
5.9114,0.6258,2.6945
5.9116,0.621,2.6764
5.9118,0.6366,2.741
5.9120,0.6869,2.9565
5.9122,0.6614,2.8439
5.9124,0.6966,2.9983
5.9126,0.7015,3.0222
5.9128,0.6298,2.7146
5.9130,0.6307,2.7106
5.9132,0.6651,2.8639
5.9134,0.6162,2.6569
5.9136,0.6105,2.6314
5.9138,0.5988,2.5796
5.9140,0.6041,2.6023
5.9142,0.611,2.6335
5.9144,0.6033,2.598
5.9146,0.6015,2.5902
5.9148,0.6021,2.594
5.9150,0.6266,2.6969
5.9152,0.6584,2.8323
5.9154,0.6839,2.9408
5.9156,0.7369,3.1717
5.9158,0.7256,3.1202
5.9160,0.7045,3.0309
5.9162,0.7416,3.1844
5.9164,0.8407,3.6085
5.9166,0.8536,3.6635
5.9168,0.8214,3.5273
5.9170,0.8665,3.7191
5.9172,0.902,3.875
5.9174,0.879,3.7656
5.9176,1.0086,4.3188
5.9178,1.028,4.4041
5.9180,1.0026,4.2932
5.9182,1.0374,4.4462
5.9184,1.0024,4.2961
5.9186,1.0293,4.4118
5.9188,1.0486,4.4882
5.9190,1.0181,4.3614
5.9192,1.0186,4.3635
5.9194,1.0672,4.5699
5.9196,1.0891,4.6633
5.9198,1.0091,4.333
5.9200,0.8849,3.7996
5.9202,0.8855,3.8004
5.9204,0.8705,3.7378
5.9206,0.8798,3.778
5.9208,0.863,3.7076
5.9210,0.878,3.772
5.9212,0.82,3.5244
5.9214,0.8093,3.4801
5.9216,0.8243,3.5462
5.9218,0.7844,3.3744
5.9220,0.7368,3.1667
5.9222,0.7609,3.2718
5.9224,0.8248,3.545
5.9226,0.8098,3.4854
5.9228,0.7861,3.3801
5.9230,0.8019,3.4449
5.9232,0.8406,3.6113
5.9234,0.8887,3.8214
5.9236,0.8154,3.5064
5.9238,0.8093,3.4753
5.9240,0.8641,3.7088
5.9242,0.803,3.4608
5.9244,0.6683,2.8778
5.9246,0.696,2.9957
5.9248,0.7379,3.1714
5.9250,0.7747,3.3296
5.9252,0.8259,3.5513
5.9254,0.8122,3.4892
5.9256,0.8286,3.5565
5.9258,0.8767,3.7681
5.9260,0.8383,3.6032
5.9262,0.8164,3.5073
5.9264,0.7772,3.3482
5.9266,0.7443,3.2007
5.9268,0.8069,3.4666
5.9270,0.8616,3.7015
5.9272,0.8434,3.6316
5.9274,0.6682,2.88
5.9276,0.6054,2.6104
5.9278,0.6461,2.7849
5.9280,0.662,2.8491
5.9282,0.717,3.0874
5.9284,0.7325,3.1511
5.9286,0.7356,3.1645
5.9288,0.7248,3.121
5.9290,0.6809,2.932
5.9292,0.6774,2.9184
5.9294,0.6822,2.9391
5.9296,0.6801,2.9284
5.9298,0.6772,2.9174
5.9300,0.6888,2.9661
5.9302,0.6919,2.9781
5.9304,0.7007,3.0158
5.9306,0.7134,3.0705
5.9308,0.6752,2.9072
5.9310,0.6665,2.8767
5.9312,0.6342,2.7281
5.9314,0.7315,3.1484
5.9316,0.6738,2.9043
5.9318,0.6259,2.6963
5.9320,0.6273,2.7012
5.9322,0.661,2.8476
5.9324,0.6346,2.7302
5.9326,0.6659,2.8688
5.9328,0.6244,2.6913
5.9330,0.6219,2.6817
5.9332,0.6187,2.6665
5.9334,0.6156,2.6519
5.9336,0.6169,2.6588
5.9338,0.6189,2.6676
5.9340,0.6238,2.6888
5.9342,0.6213,2.6791
5.9344,0.6139,2.6446
5.9346,0.6987,3.0056
5.9348,0.7273,3.1289
5.9350,0.7404,3.1851
5.9352,0.724,3.1174
5.9354,0.6526,2.8141
5.9356,0.5603,2.4171
5.9358,0.5543,2.3935
5.9360,0.5541,2.3902
5.9362,0.5623,2.4259
5.9364,0.5972,2.5752
5.9366,0.5813,2.5076
5.9368,0.561,2.4191
5.9370,0.5647,2.4351
5.9372,0.5641,2.4314
5.9374,0.5658,2.4386
5.9376,0.5623,2.4248
5.9378,0.5672,2.4414
5.9380,0.7005,3.0134
5.9382,0.7069,3.0455
5.9384,0.5928,2.5561
5.9386,0.6171,2.6561
5.9388,0.629,2.7097
5.9390,0.569,2.4549
5.9392,0.5629,2.4262
5.9394,0.6235,2.6847
5.9396,0.6527,2.8068
5.9398,0.7482,3.2157
5.9400,0.7852,3.3765
5.9402,0.7671,3.2956
5.9404,0.7692,3.3043
5.9406,0.7663,3.295
5.9408,0.7103,3.0599
5.9410,0.644,2.7743
5.9412,0.6695,2.8763
5.9414,0.7882,3.3957
5.9416,0.6557,2.8249
5.9418,0.6272,2.7007
5.9420,0.6232,2.6862
5.9422,0.6356,2.7356
5.9424,0.6527,2.812
5.9426,0.6836,2.9379
5.9428,0.7371,3.1727
5.9430,0.6779,2.9205
5.9432,0.6684,2.877
5.9434,0.6916,2.9724
5.9436,0.6861,2.9542
5.9438,0.6906,2.9697
5.9440,0.7164,3.082
5.9442,0.7428,3.1969
5.9444,0.7536,3.2404
5.9446,0.721,3.103
5.9448,0.6815,2.9332
5.9450,0.6741,2.8999
5.9452,0.6971,3.0003
5.9454,0.6873,2.958
5.9456,0.672,2.8925
5.9458,0.6819,2.9348
5.9460,0.7065,3.0434
5.9462,0.6963,2.9939
5.9464,0.7205,3.0995
5.9466,0.7656,3.2904
5.9468,0.7592,3.2631
5.9470,0.7493,3.2233
5.9472,0.7683,3.3069
5.9474,0.6713,2.8934
5.9476,0.6529,2.8125
5.9478,0.6553,2.8202
5.9480,0.6809,2.932
5.9482,0.6832,2.9418
5.9484,0.6762,2.9092
5.9486,0.6804,2.9299
5.9488,0.6469,2.7854
5.9490,0.6909,2.9776
5.9492,0.6684,2.8756
5.9494,0.7212,3.0997
5.9496,0.8409,3.6123
5.9498,0.8735,3.7472
5.9500,0.8658,3.716
5.9502,0.8846,3.7968
5.9504,0.8621,3.7052
5.9506,0.8291,3.5668
5.9508,0.8038,3.4532
5.9510,0.8651,3.7112
5.9512,0.8744,3.7548
5.9514,0.8671,3.7234
5.9516,0.8264,3.55
5.9518,0.8118,3.4877
5.9520,0.9195,3.9484
5.9522,0.9178,3.9412
5.9524,0.8795,3.7747
5.9526,0.8921,3.8341
5.9528,0.8065,3.471
5.9530,0.6713,2.8894
5.9532,0.6669,2.8649
5.9534,0.7855,3.3775
5.9536,0.8156,3.5069
5.9538,0.7935,3.4105
5.9540,0.7963,3.4223
5.9542,0.8018,3.4492
5.9544,0.7439,3.2016
5.9546,0.7296,3.1387
5.9548,0.7421,3.1894
5.9550,0.7481,3.2181
5.9552,0.7575,3.2619
5.9554,0.753,3.2378
5.9556,0.7868,3.3832
5.9558,0.7543,3.2495
5.9560,0.7114,3.0575
5.9562,0.7326,3.1531
5.9564,0.6669,2.8689
5.9566,0.7169,3.084
5.9568,0.7821,3.3678
5.9570,0.7307,3.1448
5.9572,0.6774,2.9184
5.9574,0.6501,2.798
5.9576,0.6351,2.7411
5.9578,0.5693,2.4525
5.9580,0.6403,2.7557
5.9582,0.664,2.8619
5.9584,0.616,2.6539
5.9586,0.6194,2.6684
5.9588,0.6701,2.8829
5.9590,0.7206,3.0986
5.9592,0.7031,3.0289
5.9594,0.6482,2.7963
5.9596,0.5443,2.3472
5.9598,0.5338,2.3049
5.9600,0.4979,2.1481
5.9602,0.5419,2.3369
5.9604,0.5683,2.4518
5.9606,0.5966,2.5691
5.9608,0.6681,2.8754
5.9610,0.6738,2.9002
5.9612,0.7095,3.0563
5.9614,0.6527,2.8133
5.9616,0.5987,2.579
5.9618,0.5794,2.4982
5.9620,0.5921,2.5506
5.9622,0.6513,2.8045
5.9624,0.6338,2.7316
5.9626,0.5915,2.5528
5.9628,0.5153,2.2211
5.9630,0.5643,2.4319
5.9632,0.5792,2.5
5.9634,0.5246,2.2661
5.9636,0.4904,2.1146
5.9638,0.5061,2.1843
5.9640,0.4726,2.039
5.9642,0.4918,2.1227
5.9644,0.5078,2.1895
5.9646,0.5159,2.2237
5.9648,0.5569,2.3993
5.9650,0.5362,2.3142
5.9652,0.4473,1.9325
5.9654,0.4909,2.1176
5.9656,0.5548,2.3911
5.9658,0.5548,2.3922
5.9660,0.5619,2.4227
5.9662,0.5736,2.4688
5.9664,0.594,2.5577
5.9666,0.6213,2.6729
5.9668,0.6598,2.8398
5.9670,0.6436,2.7727
5.9672,0.5855,2.5246
5.9674,0.5719,2.4639
5.9676,0.5761,2.4808
5.9678,0.6017,2.592
5.9680,0.6151,2.6461
5.9682,0.7124,3.0635
5.9684,0.6369,2.7464
5.9686,0.6091,2.6252
5.9688,0.6569,2.8274
5.9690,0.6319,2.7234
5.9692,0.5999,2.5806
5.9694,0.6941,2.9888
5.9696,0.6818,2.9329
5.9698,0.718,3.0901
5.9700,0.6575,2.834
5.9702,0.5479,2.3649
5.9704,0.4596,1.9854
5.9706,0.4521,1.9533
5.9708,0.4481,1.933
5.9710,0.4488,1.9361
5.9712,0.4693,2.0217
5.9714,0.5187,2.2376
5.9716,0.4559,1.9684
5.9718,0.4499,1.9416
5.9720,0.4478,1.9319
5.9722,0.4467,1.9291
5.9724,0.4493,1.9399
5.9726,0.4714,2.0329
5.9728,0.5225,2.251
5.9730,0.5032,2.1699
5.9732,0.5271,2.2707
5.9734,0.5647,2.4317
5.9736,0.5648,2.4322
5.9738,0.589,2.5384
5.9740,0.5684,2.4511
5.9742,0.5559,2.3946
5.9744,0.543,2.3415
5.9746,0.4786,2.0658
5.9748,0.4586,1.9766
5.9750,0.5218,2.249
5.9752,0.5559,2.3946
5.9754,0.5646,2.4323
5.9756,0.5523,2.3802
5.9758,0.5425,2.3384
5.9760,0.5455,2.3513
5.9762,0.541,2.3295
5.9764,0.5467,2.3554
5.9766,0.5762,2.4813
5.9768,0.5838,2.5138
5.9770,0.5963,2.5675
5.9772,0.5919,2.5525
5.9774,0.6102,2.6262
5.9776,0.6235,2.6797
5.9778,0.6574,2.8282
5.9780,0.6067,2.6112
5.9782,0.6178,2.6617
5.9784,0.6379,2.7428
5.9786,0.6749,2.9076
5.9788,0.6129,2.6381
5.9790,0.6676,2.872
5.9792,0.6765,2.9061
5.9794,0.6928,2.9804
5.9796,0.6294,2.7113
5.9798,0.588,2.5319
5.9800,0.6252,2.6857
5.9802,0.7219,3.1014
5.9804,0.7061,3.0404
5.9806,0.6712,2.8848
5.9808,0.746,3.2034
5.9810,0.7988,3.4299
5.9812,0.8147,3.4968
5.9814,0.8121,3.4838
5.9816,0.764,3.2867
5.9818,0.6332,2.7265
5.9820,0.6422,2.764
5.9822,0.6283,2.7054
5.9824,0.6419,2.7642
5.9826,0.6475,2.7841
5.9828,0.6877,2.9546
5.9830,0.7543,3.2359
5.9832,0.8434,3.6215
5.9834,0.8192,3.5191
5.9836,0.7717,3.3151
5.9838,0.8206,3.5286
5.9840,0.794,3.4078
5.9842,0.8529,3.6519
5.9844,0.9749,4.1785
5.9846,0.9518,4.0812
5.9848,0.9545,4.0911
5.9850,0.964,4.124
5.9852,1.0274,4.4077
5.9854,0.9254,3.9718
5.9856,0.8484,3.6448
5.9858,0.8334,3.5671
5.9860,1.0837,4.6337
5.9862,1.126,4.8147
5.9864,1.1007,4.7087
5.9866,1.1339,4.844
5.9868,1.1627,4.9762
5.9870,1.1265,4.8213
5.9872,1.1067,4.7322
5.9874,1.1411,4.877
5.9876,1.1473,4.9037
5.9878,1.1544,4.9247
5.9880,1.301,5.5554
5.9882,1.2844,5.4766
5.9884,1.3341,5.6861
5.9886,1.3395,5.7278
5.9888,1.1736,5.0276
5.9890,1.0918,4.6686
5.9892,1.1368,4.8609
5.9894,1.169,5.0034
5.9896,1.1444,4.8982
5.9898,1.1375,4.8639
5.9900,1.1918,5.1009
5.9902,1.1563,4.949
5.9904,1.1796,5.0392
5.9906,1.2654,5.4059
5.9908,1.2757,5.4423
5.9910,1.2837,5.4992
5.9912,1.1057,4.748
5.9914,0.9897,4.2516
5.9916,0.9341,4.0112
5.9918,0.9298,3.9927
5.9920,0.9252,3.9726
5.9922,0.9555,4.0933
5.9924,1.0451,4.4749
5.9926,1.035,4.4463
5.9928,0.9434,4.0509
5.9930,0.9947,4.2672
5.9932,1.0093,4.33
5.9934,1.0368,4.4478
5.9936,0.9885,4.2484
5.9938,0.8774,3.7677
5.9940,0.8933,3.841
5.9942,0.8424,3.6241
5.9944,0.8369,3.5953
5.9946,0.8949,3.8446
5.9948,0.9081,3.9013
5.9950,0.8858,3.8108
5.9952,0.8477,3.6451
5.9954,0.8897,3.822
5.9956,0.9347,4.0138
5.9958,0.8885,3.8222
5.9960,0.8339,3.5875
5.9962,0.8351,3.591
5.9964,0.8393,3.609
5.9966,0.8352,3.5915
5.9968,0.8662,3.7228
5.9970,0.8831,3.7919
5.9972,0.9513,4.081
5.9974,1.0076,4.3167
5.9976,1.0762,4.6213
5.9978,1.0387,4.4519
5.9980,1.0696,4.578
5.9982,1.0712,4.589
5.9984,1.0416,4.4704
5.9986,0.9677,4.1573
5.9988,0.9076,3.9047
5.9990,0.8901,3.8258
5.9992,0.9013,3.8683
5.9994,0.9861,4.2263
5.9996,1.0242,4.402
5.9998,0.9552,4.0999
6.0000,0.9728,4.1809
6.0002,0.9407,4.0414
6.0004,0.8965,3.8621
6.0006,0.7675,3.3078
6.0008,0.7774,3.3492
6.0010,0.7738,3.3321
6.0012,0.8519,3.6614
6.0014,0.8708,3.7463
6.0016,0.8061,3.4726
6.0018,0.7517,3.2411
6.0020,0.6339,2.7398
6.0022,0.5467,2.3619
6.0024,0.6008,2.5943
6.0026,0.5897,2.545
6.0028,0.579,2.5001
6.0030,0.584,2.5207
6.0032,0.6288,2.7137
6.0034,0.5963,2.5747
6.0036,0.5925,2.5586
6.0038,0.6193,2.6728
6.0040,0.5909,2.5502
6.0042,0.5813,2.5076
6.0044,0.5899,2.5425
6.0046,0.6608,2.844
6.0048,0.7505,3.236
6.0050,0.6309,2.7243
6.0052,0.6276,2.706
6.0054,0.6984,3.0102
6.0056,0.7055,3.0336
6.0058,0.8021,3.4508
6.0060,0.8358,3.5924
6.0062,0.8767,3.7664
6.0064,0.8578,3.6867
6.0066,0.8943,3.8385
6.0068,0.944,4.0534
6.0070,0.8819,3.7956
6.0072,0.8172,3.519
6.0074,0.8337,3.5798
6.0076,0.9309,3.9936
6.0078,0.9699,4.1588
6.0080,0.9864,4.2317
6.0082,0.9809,4.212
6.0084,0.9913,4.2588
6.0086,0.9082,3.9127
6.0088,0.7568,3.2603
6.0090,0.7182,3.0955
6.0092,0.711,3.0659
6.0094,0.7007,3.0172
6.0096,0.7007,3.02
6.0098,0.6988,3.0117
6.0100,0.7153,3.0816
6.0102,0.7133,3.0728
6.0104,0.7075,3.0495
6.0106,0.7171,3.0922
6.0108,0.6996,3.014
6.0110,0.6947,2.9914
6.0112,0.7024,3.0272
6.0114,0.6952,2.9948
6.0116,0.6958,2.9988
6.0118,0.7494,3.2253
6.0120,0.8259,3.548
6.0122,0.8556,3.6808
6.0124,0.8055,3.4636
6.0126,0.8183,3.5204
6.0128,0.8249,3.5438
6.0130,0.8443,3.6357
6.0132,0.7588,3.2615
6.0134,0.8162,3.516
6.0136,0.7565,3.2588
6.0138,0.779,3.345
6.0140,0.9225,3.9557
6.0142,0.9875,4.2383
6.0144,0.9506,4.0817
6.0146,0.923,3.9689
6.0148,0.8982,3.8604
6.0150,0.9327,4.0125
6.0152,0.8352,3.5931
6.0154,0.7994,3.4405
6.0156,0.8222,3.532
6.0158,0.8728,3.7494
6.0160,0.8482,3.6472
6.0162,0.8736,3.7547
6.0164,0.915,3.9325
6.0166,0.8913,3.831
6.0168,0.8634,3.7092
6.0170,0.9481,4.0671
6.0172,0.9976,4.2796
6.0174,0.9694,4.1587
6.0176,1.0385,4.4488
6.0178,1.1122,4.7735
6.0180,1.0287,4.4133
6.0182,1.0423,4.4714
6.0184,1.0153,4.3618
6.0186,0.9633,4.1383
6.0188,0.8937,3.8466
6.0190,0.8116,3.4915
6.0192,0.9127,3.9209
6.0194,0.9549,4.1041
6.0196,0.9153,3.9359
6.0198,0.9274,3.9842
6.0200,0.9692,4.1577
6.0202,0.9863,4.2391
6.0204,0.9435,4.0476
6.0206,1.0286,4.4149
6.0208,0.9973,4.2905
6.0210,0.9453,4.0572
6.0212,1.0328,4.4287
6.0214,1.0698,4.5871
6.0216,1.0393,4.4648
6.0218,0.9927,4.2585
6.0220,1.005,4.3195
6.0222,1.0146,4.3587
6.0224,1.0415,4.4658
6.0226,1.1048,4.7438
6.0228,1.0193,4.387
6.0230,0.8633,3.7104
6.0232,0.8899,3.8248
6.0234,0.9205,3.9562
6.0236,0.8659,3.7304
6.0238,0.8139,3.5046
6.0240,0.8166,3.5165
6.0242,0.7698,3.3161
6.0244,0.7726,3.3301
6.0246,0.7999,3.4426
6.0248,0.8304,3.5725
6.0250,0.8404,3.6187
6.0252,0.7875,3.391
6.0254,0.7877,3.3936
6.0256,0.766,3.3001
6.0258,0.7877,3.3889
6.0260,0.8483,3.6443
6.0262,0.8391,3.6113
6.0264,0.8796,3.7805
6.0266,0.8566,3.6867
6.0268,0.7847,3.376
6.0270,0.8386,3.6059
6.0272,0.8912,3.8305
6.0274,0.9196,3.9581
6.0276,0.8907,3.8337
6.0278,0.8407,3.6135
6.0280,0.8994,3.8673
6.0282,0.8393,3.6107
6.0284,0.8737,3.764
6.0286,0.8001,3.4468
6.0288,0.7961,3.4234
6.0290,0.8515,3.665
6.0292,0.7858,3.3869
6.0294,0.7618,3.2836
6.0296,0.7477,3.2211
6.0298,0.7409,3.1887
6.0300,0.7614,3.2769
6.0302,0.796,3.4261
6.0304,0.9172,3.9441
6.0306,0.9422,4.0495
6.0308,0.9074,3.9
6.0310,0.8705,3.7448
6.0312,0.865,3.7193
6.0314,0.8427,3.6268
6.0316,0.7633,3.2928
6.0318,0.7206,3.1058
6.0320,0.7371,3.1742
6.0322,0.7983,3.4359
6.0324,0.7791,3.358
6.0326,0.72,3.1032
6.0328,0.7199,3.1013
6.0330,0.7216,3.1114
6.0332,0.7127,3.0745
6.0334,0.7089,3.0566
6.0336,0.7271,3.1322
6.0338,0.7307,3.1492
6.0340,0.727,3.1346
6.0342,0.7104,3.0604
6.0344,0.7308,3.1526
6.0346,0.5852,2.5282
6.0348,0.6496,2.7973
6.0350,0.7748,3.3409
6.0352,0.6467,2.7913
6.0354,0.5818,2.5143
6.0356,0.5062,2.1879
6.0358,0.4958,2.1428
6.0360,0.4981,2.1516
6.0362,0.4988,2.1548
6.0364,0.5036,2.1775
6.0366,0.4961,2.1463
6.0368,0.4905,2.119
6.0370,0.4952,2.1402
6.0372,0.4965,2.1459
6.0374,0.4977,2.1501
6.0376,0.4988,2.1548
6.0378,0.4996,2.1564
6.0380,0.566,2.4442
6.0382,0.5321,2.3009
6.0384,0.522,2.2552
6.0386,0.5614,2.4229
6.0388,0.5279,2.2775
6.0390,0.622,2.6798
6.0392,0.6748,2.9097
6.0394,0.6429,2.7684
6.0396,0.6987,3.0056
6.0398,0.7188,3.0923
6.0400,0.7608,3.2759
6.0402,0.8154,3.508
6.0404,0.7921,3.409
6.0406,0.7401,3.1871
6.0408,0.7236,3.1173
6.0410,0.7037,3.0343
6.0412,0.6773,2.9138
6.0414,0.7259,3.1256
6.0416,0.7217,3.1104
6.0418,0.7324,3.155
6.0420,0.7153,3.0802
6.0422,0.6963,2.9981
6.0424,0.7326,3.1575
6.0426,0.6644,2.8648
6.0428,0.6566,2.8285
6.0430,0.6906,2.978
6.0432,0.6873,2.9608
6.0434,0.7027,3.0246
6.0436,0.7212,3.1055
6.0438,0.7945,3.4178
6.0440,0.7399,3.1846
6.0442,0.6711,2.8897
6.0444,0.666,2.876
6.0446,0.5603,2.4182
6.0448,0.5434,2.3442
6.0450,0.6031,2.603
6.0452,0.6111,2.634
6.0454,0.7434,3.201
6.0456,0.6789,2.9246
6.0458,0.6479,2.7913
6.0460,0.6807,2.931
6.0462,0.6916,2.9766
6.0464,0.6779,2.9218
6.0466,0.666,2.8693
6.0468,0.7326,3.1516
6.0470,0.7286,3.1375
6.0472,0.6547,2.8203
6.0474,0.6229,2.6846
6.0476,0.6217,2.6795
6.0478,0.6475,2.788
6.0480,0.6653,2.8662
6.0482,0.6657,2.8704
6.0484,0.6741,2.9053
6.0486,0.6489,2.7968
6.0488,0.6388,2.7521
6.0490,0.6647,2.861
6.0492,0.6828,2.943
6.0494,0.6584,2.835
6.0496,0.7495,3.2153
6.0498,0.9202,3.9515
6.0500,0.9652,4.1446
6.0502,0.9531,4.0887
6.0504,0.9142,3.9257
6.0506,0.9415,4.037
6.0508,1.0162,4.3634
6.0510,0.9045,3.8877
6.0512,0.8218,3.5337
6.0514,0.855,3.6765
6.0516,0.8566,3.6764
6.0518,0.9266,3.9714
6.0520,0.9686,4.157
6.0522,0.9373,4.0171
6.0524,1.0442,4.4797
6.0526,0.9706,4.1697
6.0528,0.8194,3.53
6.0530,0.6991,3.0161
6.0532,0.7482,3.2187
6.0534,0.8102,3.4837
6.0536,0.8326,3.5801
6.0538,0.8409,3.6157
6.0540,0.8376,3.6018
6.0542,0.8049,3.4562
6.0544,0.8653,3.7226
6.0546,0.8023,3.4561
6.0548,0.7481,3.2152
6.0550,0.808,3.4744
6.0552,0.8094,3.4774
6.0554,0.8939,3.8346
6.0556,0.9355,4.0225
6.0558,0.8304,3.5642
6.0560,0.8976,3.8596
6.0562,0.81,3.4848
6.0564,0.8169,3.511
6.0566,0.8033,3.4543
6.0568,0.8018,3.4476
6.0570,0.8237,3.5403
6.0572,0.8326,3.5818
6.0574,0.8395,3.61
6.0576,0.7611,3.282
6.0578,0.688,2.9583
6.0580,0.8325,3.5796
6.0582,0.8399,3.6082
6.0584,0.7953,3.423
6.0586,0.7452,3.2058
6.0588,0.7517,3.2366
6.0590,0.7465,3.2114
6.0592,0.7289,3.1385
6.0594,0.737,3.1736
6.0596,0.7995,3.4394
6.0598,0.7832,3.374
6.0600,0.6766,2.9161
6.0602,0.6668,2.8724
6.0604,0.6933,2.988
6.0606,0.69,2.9726
6.0608,0.7036,3.0296
6.0610,0.7605,3.2779
6.0612,0.722,3.1105
6.0614,0.7078,3.0463
6.0616,0.7289,3.1371
6.0618,0.7782,3.3492
6.0620,0.776,3.3368
6.0622,0.7806,3.3595
6.0624,0.7308,3.1497
6.0626,0.7307,3.1477
6.0628,0.7375,3.1772
6.0630,0.6608,2.8466
6.0632,0.6202,2.667
6.0634,0.6824,2.9396
6.0636,0.6207,2.6766
6.0638,0.6153,2.6496
6.0640,0.6748,2.9124
6.0642,0.624,2.6905
6.0644,0.628,2.7043
6.0646,0.6836,2.942
6.0648,0.706,3.0427
6.0650,0.6063,2.6169
6.0652,0.591,2.546
6.0654,0.6579,2.8355
6.0656,0.6342,2.7345
6.0658,0.6907,2.9757
6.0660,0.7033,3.0286
6.0662,0.7054,3.0373
6.0664,0.7324,3.1506
6.0666,0.7291,3.1381
6.0668,0.6743,2.905
6.0670,0.6885,2.9673
6.0672,0.7065,3.0448
6.0674,0.7141,3.0707
6.0676,0.7518,3.2386
6.0678,0.7334,3.1552
6.0680,0.7756,3.3383
6.0682,0.7628,3.2801
6.0684,0.7451,3.2112
6.0686,0.6925,2.9849
6.0688,0.6312,2.7215
6.0690,0.5922,2.5535
6.0692,0.5856,2.5262
6.0694,0.597,2.5706
6.0696,0.6748,2.9043
6.0698,0.7074,3.0419
6.0700,0.7717,3.3198
6.0702,0.7278,3.1324
6.0704,0.715,3.0815
6.0706,0.615,2.6542
6.0708,0.5759,2.4855
6.0710,0.58,2.4985
6.0712,0.6924,2.9788
6.0714,0.7284,3.1379
6.0716,0.6352,2.7391
6.0718,0.5767,2.488
6.0720,0.5755,2.4851
6.0722,0.5819,2.5102
6.0724,0.5707,2.4621
6.0726,0.572,2.4644
6.0728,0.6113,2.6357
6.0730,0.577,2.489
6.0732,0.5825,2.5093
6.0734,0.6618,2.846
6.0736,0.7248,3.1195
6.0738,0.7254,3.1236
6.0740,0.6969,3.0063
6.0742,0.6002,2.5882
6.0744,0.5927,2.5485
6.0746,0.7416,3.1947
6.0748,0.6951,2.9929
6.0750,0.681,2.9298
6.0752,0.6738,2.9029
6.0754,0.6499,2.8022
6.0756,0.6255,2.6972
6.0758,0.6156,2.6531
6.0760,0.5994,2.5809
6.0762,0.6483,2.7942
6.0764,0.5995,2.591
6.0766,0.4796,2.07
6.0768,0.529,2.2821
6.0770,0.546,2.3556
6.0772,0.5232,2.2583
6.0774,0.5402,2.3302
6.0776,0.5339,2.3001
6.0778,0.5626,2.4247
6.0780,0.565,2.435
6.0782,0.539,2.3283
6.0784,0.5025,2.1678
6.0786,0.5484,2.3637
6.0788,0.5796,2.5015
6.0790,0.5274,2.2785
6.0792,0.5162,2.2268
6.0794,0.5141,2.2169
6.0796,0.5183,2.2371
6.0798,0.5378,2.3177
6.0800,0.6103,2.6279
6.0802,0.6083,2.6167
6.0804,0.6549,2.8134
6.0806,0.7442,3.2061
6.0808,0.6723,2.8962
6.0810,0.6626,2.8504
6.0812,0.6923,2.9783
6.0814,0.7145,3.078
6.0816,0.6587,2.8378
6.0818,0.6689,2.8804
6.0820,0.6292,2.7082
6.0822,0.6716,2.8931
6.0824,0.6919,2.9781
6.0826,0.7003,3.0157
6.0828,0.6557,2.821
6.0830,0.6972,2.9967
6.0832,0.7725,3.3172
6.0834,0.8338,3.5736
6.0836,0.9013,3.8683
6.0838,0.8785,3.7706
6.0840,0.9326,3.9989
6.0842,0.9895,4.2372
6.0844,1.0404,4.4549
6.0846,1.0692,4.576
6.0848,1.0783,4.6171
6.0850,1.0846,4.6465
6.0852,0.9861,4.2302
6.0854,0.9413,4.0421
6.0856,0.9057,3.8856
6.0858,0.8788,3.7663
6.0860,1.006,4.3116
6.0862,1.0392,4.4518
6.0864,0.9823,4.2162
6.0866,0.9617,4.1219
6.0868,1.069,4.5819
6.0870,1.082,4.6352
6.0872,0.957,4.1191
6.0874,0.797,3.4286
6.0876,0.79,3.3892
6.0878,0.9478,4.0642
6.0880,0.9801,4.2084
6.0882,0.8935,3.8402
6.0884,0.8604,3.6963
6.0886,0.8658,3.7195
6.0888,0.8668,3.7201
6.0890,0.8895,3.8286
6.0892,0.8042,3.4579
6.0894,0.7983,3.4343
6.0896,0.7761,3.3342
6.0898,0.8401,3.6126
6.0900,0.8506,3.6524
6.0902,0.8802,3.7795
6.0904,0.896,3.8493
6.0906,0.8947,3.8454
6.0908,0.8735,3.7507
6.0910,0.8617,3.7037
6.0912,0.8218,3.5304
6.0914,0.8322,3.5852
6.0916,0.7609,3.2749
6.0918,0.7596,3.2692
6.0920,0.7636,3.2806
6.0922,0.8851,3.8024
6.0924,0.9144,3.9226
6.0926,0.9617,4.1277
6.0928,0.9518,4.0793
6.0930,1.0364,4.4442
6.0932,1.061,4.5496
6.0934,1.0791,4.6272
6.0936,1.0069,4.3217
6.0938,0.9091,3.9
6.0940,1.0003,4.2914
6.0942,1.047,4.4831
6.0944,1.0329,4.4396
6.0946,0.7835,3.3755
6.0948,0.7144,3.0803
6.0950,0.6837,2.9466
6.0952,0.7356,3.1645
6.0954,0.7638,3.2827
6.0956,0.8153,3.5124
6.0958,0.743,3.2024
6.0960,0.6513,2.8071
6.0962,0.6417,2.7658
6.0964,0.6338,2.7342
6.0966,0.6423,2.7696
6.0968,0.6836,2.9406
6.0970,0.7626,3.2836
6.0972,0.7722,3.3203
6.0974,0.8484,3.6533
6.0976,0.7886,3.3893
6.0978,0.8352,3.5948
6.0980,0.7453,3.2108
6.0982,0.7128,3.0708
6.0984,0.7252,3.1211
6.0986,0.7235,3.1124
6.0988,0.7993,3.4368
6.0990,0.78,3.3554
6.0992,0.7594,3.2732
6.0994,0.7243,3.1218
6.0996,0.717,3.086
6.0998,0.7789,3.3507
6.1000,0.7806,3.3548
6.1002,0.8416,3.6121
6.1004,0.9281,3.9873
6.1006,0.8828,3.7997
6.1008,0.769,3.313
6.1010,0.8386,3.6109
6.1012,0.7217,3.109
6.1014,0.6169,2.6613
6.1016,0.6283,2.7066
6.1018,0.718,3.0901
6.1020,0.7181,3.0906
6.1022,0.6818,2.937
6.1024,0.6803,2.9294
6.1026,0.6851,2.9528
6.1028,0.6487,2.8009
6.1030,0.5947,2.5644
6.1032,0.6101,2.6293
6.1034,0.5915,2.554
6.1036,0.5737,2.475
6.1038,0.5608,2.4181
6.1040,0.5478,2.3633
6.1042,0.5933,2.5617
6.1044,0.5648,2.4379
6.1046,0.5373,2.3156
6.1048,0.6333,2.7296
6.1050,0.6375,2.7426
6.1052,0.7491,3.2198
6.1054,0.8247,3.5445
6.1056,0.7928,3.4121
6.1058,0.7891,3.3946
6.1060,0.8494,3.6489
6.1062,0.826,3.5534
6.1064,0.8178,3.52
6.1066,0.7946,3.4135
6.1068,0.8262,3.5511
6.1070,0.8796,3.7805
6.1072,0.8598,3.6903
6.1074,0.8861,3.8101
6.1076,0.8388,3.6053
6.1078,0.8319,3.582
6.1080,0.7606,3.2723
6.1082,0.7632,3.2847
6.1084,0.7494,3.2268
6.1086,0.7156,3.0827
6.1088,0.6428,2.773
6.1090,0.6303,2.7192
6.1092,0.6518,2.8079
6.1094,0.6668,2.8738
6.1096,0.6616,2.8515
6.1098,0.6421,2.7699
6.1100,0.5854,2.5264
6.1102,0.5728,2.4709
6.1104,0.5767,2.4868
6.1106,0.5551,2.3949
6.1108,0.5899,2.5461
6.1110,0.5893,2.5399
6.1112,0.6324,2.728
6.1114,0.5951,2.5671
6.1116,0.6069,2.6135
6.1118,0.6723,2.8989
6.1120,0.612,2.64
6.1122,0.6246,2.6894
6.1124,0.6883,2.9654
6.1126,0.6453,2.7838
6.1128,0.6248,2.6929
6.1130,0.6015,2.5926
6.1132,0.5994,2.5797
6.1134,0.6259,2.7
6.1136,0.5155,2.2247
6.1138,0.5029,2.1724
6.1140,0.4991,2.1543
6.1142,0.5068,2.1874
6.1144,0.558,2.4084
6.1146,0.5057,2.1828
6.1148,0.5202,2.2433
6.1150,0.5593,2.4141
6.1152,0.5343,2.3038
6.1154,0.5816,2.5022
6.1156,0.7228,3.1079
6.1158,0.7284,3.1379
6.1160,0.6869,2.9578
6.1162,0.6942,2.9865
6.1164,0.7202,3.0985
6.1166,0.7261,3.1252
6.1168,0.7296,3.1358
6.1170,0.8186,3.5149
6.1172,0.8766,3.7641
6.1174,0.9022,3.8743
6.1176,0.9091,3.9036
6.1178,0.849,3.6474
6.1180,0.8503,3.653
6.1182,0.8698,3.7313
6.1184,0.862,3.7047
6.1186,0.8055,3.4636
6.1188,0.812,3.4931
6.1190,0.7641,3.2873
6.1192,0.8021,3.4476
6.1194,0.844,3.6291
6.1196,0.8213,3.5267
6.1198,0.8886,3.812
6.1200,0.8975,3.8555
6.1202,0.8485,3.6419
6.1204,0.8539,3.6719
6.1206,0.8338,3.587
6.1208,0.7951,3.4172
6.1210,0.7909,3.3991
6.1212,0.7525,3.2372
6.1214,0.7792,3.3507
6.1216,0.8007,3.4414
6.1218,0.7825,3.3693
6.1220,0.7117,3.0604
6.1222,0.7754,3.3404
6.1224,0.7081,3.0492
6.1226,0.675,2.9067
6.1228,0.6943,2.9871
6.1230,0.7737,3.3285
6.1232,0.7792,3.3491
6.1234,0.7532,3.2388
6.1236,0.7683,3.3084
6.1238,0.7379,3.1743
6.1240,0.7204,3.1048
6.1242,0.6487,2.7931
6.1244,0.7093,3.053
6.1246,0.7268,3.1268
6.1248,0.7874,3.3858
6.1250,0.7654,3.2929
6.1252,0.791,3.4044
6.1254,0.7302,3.1428
6.1256,0.7298,3.1427
6.1258,0.7473,3.218
6.1260,0.7199,3.0969
6.1262,0.6656,2.8686
6.1264,0.599,2.583
6.1266,0.5958,2.5678
6.1268,0.6343,2.7337
6.1270,0.6813,2.9349
6.1272,0.7238,3.1154
6.1274,0.7054,3.0345
6.1276,0.7443,3.2007
6.1278,0.7616,3.2764
6.1280,0.7657,3.2924
6.1282,0.7858,3.3791
6.1284,0.7898,3.3961
6.1286,0.7912,3.4038
6.1288,0.8084,3.4776
6.1290,0.8151,3.5097
6.1292,0.693,2.9842
6.1294,0.6728,2.8956
6.1296,0.7612,3.2688
6.1298,0.9472,4.0692
6.1300,0.8464,3.6394
6.1302,0.8027,3.4534
6.1304,0.7713,3.3198
6.1306,0.7852,3.3733
6.1308,0.825,3.5427
6.1310,0.8704,3.7425
6.1312,0.7466,3.2164
6.1314,0.6561,2.8251
6.1316,0.6471,2.7916
6.1318,0.6416,2.7652
6.1320,0.6496,2.7999
6.1322,0.6542,2.8182
6.1324,0.6574,2.8321
6.1326,0.6924,2.9816
6.1328,0.6187,2.6665
6.1330,0.5765,2.4846
6.1332,0.5729,2.4714
6.1334,0.588,2.5342
6.1336,0.6713,2.8934
6.1338,0.6794,2.928
6.1340,0.5674,2.4476
6.1342,0.5747,2.4757
6.1344,0.633,2.728
6.1346,0.5651,2.4389
6.1348,0.5854,2.5252
6.1350,0.5623,2.4259
6.1352,0.546,2.3545
6.1354,0.6048,2.6054
6.1356,0.6505,2.8009
6.1358,0.6433,2.7725
6.1360,0.5818,2.5039
6.1362,0.6369,2.7476
6.1364,0.5647,2.434
6.1366,0.5572,2.4037
6.1368,0.5545,2.3912
6.1370,0.5533,2.3849
6.1372,0.5532,2.3866
6.1374,0.5519,2.3787
6.1376,0.6084,2.6184
6.1378,0.6057,2.6083
6.1380,0.5591,2.4108
6.1382,0.5601,2.415
6.1384,0.6405,2.758
6.1386,0.6893,2.9682
6.1388,0.6439,2.7712
6.1390,0.6373,2.7441
6.1392,0.655,2.8205
6.1394,0.6485,2.7926
6.1396,0.655,2.8205
6.1398,0.699,3.0058
6.1400,0.7762,3.3378
6.1402,0.8846,3.795
6.1404,0.9152,3.9299
6.1406,0.8045,3.4595
6.1408,0.7265,3.1238
6.1410,0.7491,3.2228
6.1412,0.6977,3.0057
6.1414,0.6969,3.0007
6.1416,0.7343,3.1588
6.1418,0.7434,3.1995
6.1420,0.7114,3.0603
6.1422,0.7253,3.1201
6.1424,0.68,2.9279
6.1426,0.6325,2.7247
6.1428,0.6292,2.707
6.1430,0.6695,2.8856
6.1432,0.6364,2.7443
6.1434,0.6567,2.8277
6.1436,0.6671,2.8673
6.1438,0.7588,3.26
6.1440,0.7459,3.2118
6.1442,0.6153,2.6545
6.1444,0.5634,2.4294
6.1446,0.6084,2.6233
6.1448,0.6244,2.6863
6.1450,0.6735,2.8987
6.1452,0.6907,2.9744
6.1454,0.6785,2.9163
6.1456,0.7602,3.2672
6.1458,0.7529,3.2403
6.1460,0.7166,3.083
6.1462,0.7622,3.2805
6.1464,0.6828,2.943
6.1466,0.6151,2.6498
6.1468,0.6971,2.9961
6.1470,0.779,3.3528
6.1472,0.7079,3.0468
6.1474,0.6547,2.8216
6.1476,0.5963,2.5723
6.1478,0.5736,2.4734
6.1480,0.5665,2.444
6.1482,0.5797,2.5009
6.1484,0.5917,2.5479
6.1486,0.6276,2.6998
6.1488,0.6475,2.7854
6.1490,0.7507,3.2235
6.1492,0.8279,3.5584
6.1494,0.7797,3.3512
6.1496,0.7942,3.4136
6.1498,0.8665,3.7208
6.1500,0.7765,3.3404
6.1502,0.7736,3.328
6.1504,0.775,3.328
6.1506,0.796,3.4229
6.1508,0.7949,3.4151
6.1510,0.8204,3.5243
6.1512,0.8395,3.6067
6.1514,0.8687,3.7284
6.1516,0.9254,3.9699
6.1518,0.9621,4.1235
6.1520,1.0042,4.3018
6.1522,1.0464,4.4827
6.1524,1.0087,4.3294
6.1526,0.8808,3.7821
6.1528,0.8535,3.6681
6.1530,0.8596,3.691
6.1532,0.911,3.91
6.1534,0.8547,3.6716
6.1536,0.7834,3.3719
6.1538,0.7357,3.1665
6.1540,0.7415,3.1927
6.1542,0.7075,3.0466
6.1544,0.6747,2.9079
6.1546,0.669,2.8822
6.1548,0.6753,2.9051
6.1550,0.6856,2.9535
6.1552,0.6879,2.9633
6.1554,0.6669,2.8743
6.1556,0.5879,2.5349
6.1558,0.6036,2.6026
6.1560,0.6303,2.7141
6.1562,0.6806,2.9332
6.1564,0.6031,2.5982
6.1566,0.6153,2.6533
6.1568,0.6395,2.759
6.1570,0.6205,2.6743
6.1572,0.5848,2.518
6.1574,0.6151,2.6535
6.1576,0.6318,2.7203
6.1578,0.6612,2.8513
6.1580,0.5978,2.5754
6.1582,0.6307,2.7157
6.1584,0.5777,2.4886
6.1586,0.5738,2.4744
6.1588,0.571,2.4643
6.1590,0.5488,2.3675
6.1592,0.5852,2.5188
6.1594,0.6217,2.6807
6.1596,0.5838,2.515
6.1598,0.6735,2.8946
6.1600,0.7351,3.1683
6.1602,0.581,2.5054
6.1604,0.5643,2.4319
6.1606,0.5831,2.5154
6.1608,0.5803,2.5012
6.1610,0.5955,2.5656
6.1612,0.5875,2.5345
6.1614,0.5878,2.5344
6.1616,0.5591,2.4086
6.1618,0.6037,2.5995
6.1620,0.6284,2.7046
6.1622,0.6525,2.8057
6.1624,0.7074,3.0419
6.1626,0.7291,3.1425
6.1628,0.6381,2.7515
6.1630,0.5899,2.5437
6.1632,0.5235,2.2573
6.1634,0.519,2.2392
6.1636,0.4921,2.1228
6.1638,0.4921,2.1228
6.1640,0.4892,2.1114
6.1642,0.5169,2.2288
6.1644,0.5957,2.5685
6.1646,0.5419,2.338
6.1648,0.5175,2.2304
6.1650,0.5212,2.2464
6.1652,0.5388,2.3245
6.1654,0.4979,2.1471
6.1656,0.5067,2.1839
6.1658,0.5831,2.5107
6.1660,0.6055,2.6097
6.1662,0.6047,2.6049
6.1664,0.6403,2.7557
6.1666,0.6671,2.8713
6.1668,0.6605,2.8456
6.1670,0.5682,2.4501
6.1672,0.5327,2.2949
6.1674,0.5692,2.4531
6.1676,0.5743,2.4776
6.1678,0.5566,2.4
6.1680,0.5675,2.4447
6.1682,0.5457,2.3518
6.1684,0.5484,2.3648
6.1686,0.5655,2.4371
6.1688,0.5485,2.3631
6.1690,0.568,2.4457
6.1692,0.5947,2.5668
6.1694,0.4719,2.0368
6.1696,0.4544,1.9604
6.1698,0.4656,2.0103
6.1700,0.4527,1.954
6.1702,0.4614,1.9895
6.1704,0.4596,1.9835
6.1706,0.4603,1.9876
6.1708,0.4603,1.9857
6.1710,0.4614,1.9922
6.1712,0.4565,1.9701
6.1714,0.4573,1.9746
6.1716,0.4663,2.0097
6.1718,0.5165,2.2273
6.1720,0.4705,2.0297
6.1722,0.4429,1.9107
6.1724,0.4391,1.8933
6.1726,0.4475,1.9313
6.1728,0.4478,1.9346
6.1730,0.45,1.9412
6.1732,0.4687,2.0201
6.1734,0.5232,2.251
6.1736,0.5731,2.4679
6.1738,0.585,2.5213
6.1740,0.5566,2.3955
6.1742,0.5979,2.5712
6.1744,0.6903,2.9681
6.1746,0.5741,2.4754
6.1748,0.4824,2.079
6.1750,0.5129,2.2118
6.1752,0.4667,2.0131
6.1754,0.4541,1.9588
6.1756,0.4538,1.9569
6.1758,0.4566,1.9669
6.1760,0.4903,2.115
6.1762,0.4541,1.9606
6.1764,0.4427,1.9115
6.1766,0.4661,2.0087
6.1768,0.479,2.0645
6.1770,0.4972,2.145
6.1772,0.4776,2.0593
6.1774,0.4778,2.0584
6.1776,0.4854,2.0909
6.1778,0.5192,2.2376
6.1780,0.5089,2.1922
6.1782,0.5581,2.4022
6.1784,0.6035,2.5949
6.1786,0.6646,2.8605
6.1788,0.6404,2.7549
6.1790,0.6037,2.5959
6.1792,0.5851,2.5195
6.1794,0.5857,2.5209
6.1796,0.6125,2.6335
6.1798,0.6871,2.952
6.1800,0.7406,3.1876
6.1802,0.679,2.9183
6.1804,0.6948,2.9863
6.1806,0.6388,2.7495
6.1808,0.581,2.5019
6.1810,0.5791,2.4925
6.1812,0.5672,2.4426
6.1814,0.5417,2.3369
6.1816,0.493,2.1259
6.1818,0.4838,2.0852
6.1820,0.5029,2.1673
6.1822,0.5503,2.3654
6.1824,0.6494,2.7897
6.1826,0.7242,3.1083
6.1828,0.7303,3.1389
6.1830,0.7561,3.2451
6.1832,0.8371,3.593
6.1834,0.8176,3.5091
6.1836,0.7466,3.206
6.1838,0.7105,3.0524
6.1840,0.7682,3.2987
6.1842,0.7873,3.3789
6.1844,0.8265,3.5439
6.1846,0.8996,3.8539
6.1848,0.9158,3.9269
6.1850,0.9609,4.1126
6.1852,0.9851,4.2143
6.1854,1.0002,4.2809
6.1856,1.0582,4.5272
6.1858,0.9832,4.2179
6.1860,0.8791,3.7661
6.1862,0.9499,4.0749
6.1864,0.9099,3.9018
6.1866,0.9313,3.9877
6.1868,0.9672,4.1398
6.1870,1.0376,4.4452
6.1872,0.9882,4.2355
6.1874,0.9424,4.0354
6.1876,1.0317,4.4097
6.1878,1.103,4.7273
6.1880,1.0473,4.4826
6.1882,1.0879,4.6517
6.1884,1.0961,4.6892
6.1886,1.0075,4.3203
6.1888,0.9046,3.8864
6.1890,0.7692,3.3043
6.1892,0.7692,3.3074
6.1894,0.7782,3.3461
6.1896,0.7802,3.3517
6.1898,0.7755,3.3347
6.1900,0.7933,3.4063
6.1902,0.8479,3.6359
6.1904,0.9037,3.8768
6.1906,0.8735,3.7472
6.1908,0.9058,3.8879
6.1910,0.9268,3.9742
6.1912,0.87,3.7427
6.1914,0.7526,3.2362
6.1916,0.8184,3.5144
6.1918,0.8573,3.6778
6.1920,0.8532,3.6654
6.1922,0.8115,3.491
6.1924,0.7495,3.2198
6.1926,0.796,3.4197
6.1928,0.8015,3.4434
6.1930,0.8068,3.4725
6.1932,0.6939,2.985
6.1934,0.68,2.9265
6.1936,0.738,3.1748
6.1938,0.7207,3.1005
6.1940,0.7577,3.2579
6.1942,0.7964,3.4212
6.1944,0.7669,3.2961
6.1946,0.7792,3.346
6.1948,0.7946,3.4167
6.1950,0.761,3.2708
6.1952,0.7572,3.2619
6.1954,0.6874,2.9599
6.1956,0.667,2.8721
6.1958,0.6639,2.8587
6.1960,0.7171,3.0836
6.1962,0.722,3.1062
6.1964,0.6742,2.9018
6.1966,0.6681,2.8768
6.1968,0.6629,2.8519
6.1970,0.7199,3.0955
6.1972,0.7267,3.1278
6.1974,0.6945,2.9848
6.1976,0.7976,3.4296
6.1978,0.732,3.1549
6.1980,0.6013,2.5904
6.1982,0.5852,2.52
6.1984,0.6226,2.6799
6.1986,0.6437,2.7745
6.1988,0.6675,2.8755
6.1990,0.6581,2.8339
6.1992,0.6344,2.733
6.1994,0.6273,2.7037
6.1996,0.6278,2.7008
6.1998,0.6568,2.8256
6.2000,0.6531,2.8109
6.2002,0.6579,2.8355
6.2004,0.6071,2.6176
6.2006,0.6236,2.684
6.2008,0.6723,2.8908
6.2010,0.733,3.1546
6.2012,0.6825,2.9401
6.2014,0.5831,2.5142
6.2016,0.5412,2.3327
6.2018,0.5452,2.3508
6.2020,0.5452,2.3508
6.2022,0.583,2.5125
6.2024,0.6165,2.6585
6.2026,0.6125,2.6348
6.2028,0.6952,2.9893
6.2030,0.6626,2.857
6.2032,0.5632,2.4273
6.2034,0.5454,2.3508
6.2036,0.5415,2.3337
6.2038,0.5453,2.3525
6.2040,0.5328,2.2997
6.2042,0.6059,2.6064
6.2044,0.6385,2.7531
6.2046,0.5354,2.3085
6.2048,0.5639,2.427
6.2050,0.6593,2.8378
6.2052,0.6555,2.8199
6.2054,0.634,2.7314
6.2056,0.6509,2.8003
6.2058,0.7002,3.0137
6.2060,0.6906,2.9725
6.2062,0.6844,2.9443
6.2064,0.6947,2.9872
6.2066,0.6993,3.0054
6.2068,0.7629,3.2791
6.2070,0.7551,3.2486
6.2072,0.749,3.2208
6.2074,0.7539,3.2389
6.2076,0.7567,3.2568
6.2078,0.6639,2.8587
6.2080,0.6838,2.9444
6.2082,0.6482,2.7898
6.2084,0.6813,2.9308
6.2086,0.7104,3.0619
6.2088,0.6374,2.7472
6.2090,0.5591,2.4153
6.2092,0.4527,1.9559
6.2094,0.4762,2.0536
6.2096,0.5398,2.3276
6.2098,0.5125,2.2118
6.2100,0.5013,2.1606
6.2102,0.5376,2.3183
6.2104,0.5105,2.2035
6.2106,0.5236,2.2578
6.2108,0.6078,2.6146
6.2110,0.6201,2.6715
6.2112,0.6009,2.5888
6.2114,0.6129,2.6405
6.2116,0.5785,2.4934
6.2118,0.5128,2.2123
6.2120,0.5068,2.1854
6.2122,0.4997,2.1559
6.2124,0.5043,2.1776
6.2126,0.4928,2.1259
6.2128,0.4961,2.1374
6.2130,0.5716,2.4589
6.2132,0.7081,3.045
6.2134,0.6773,2.9165
6.2136,0.6567,2.8251
6.2138,0.7104,3.0548
6.2140,0.7077,3.0471
6.2142,0.6505,2.8061
6.2144,0.5211,2.248
6.2146,0.4824,2.079
6.2148,0.4887,2.1073
6.2150,0.4837,2.0876
6.2152,0.4836,2.0851
6.2154,0.5231,2.2536
6.2156,0.5533,2.3849
6.2158,0.6147,2.6458
6.2160,0.6591,2.8328
6.2162,0.6868,2.9559
6.2164,0.6541,2.8151
6.2166,0.6665,2.8661
6.2168,0.7178,3.0882
6.2170,0.6764,2.9083
6.2172,0.7085,3.0493
6.2174,0.7246,3.1156
6.2176,0.7158,3.0751
6.2178,0.713,3.0632
6.2180,0.7966,3.4191
6.2182,0.8361,3.5884
6.2184,0.8503,3.6462
6.2186,0.8942,3.8308
6.2188,0.9261,3.9712
6.2190,0.9006,3.8635
6.2192,0.9102,3.9064
6.2194,0.8628,3.6997
6.2196,0.8778,3.7622
6.2198,0.9332,3.9996
6.2200,0.922,3.9518
6.2202,0.9128,3.9159
6.2204,0.8485,3.6453
6.2206,0.8427,3.615
6.2208,0.8338,3.5786
6.2210,0.8519,3.6529
6.2212,0.9165,3.9282
6.2214,0.9299,3.9895
6.2216,0.9156,3.9259
6.2218,0.9899,4.2447
6.2220,0.859,3.697
6.2222,0.7501,3.2269
6.2224,0.7345,3.1569
6.2226,0.8065,3.4597
6.2228,0.8087,3.4743
6.2230,0.7887,3.3914
6.2232,0.7415,3.1898
6.2234,0.706,3.0371
6.2236,0.7048,3.0333
6.2238,0.6869,2.9578
6.2240,0.6881,2.9589
6.2242,0.7112,3.0569
6.2244,0.7648,3.2904
6.2246,0.7507,3.225
6.2248,0.8051,3.4588
6.2250,0.7894,3.3929
6.2252,0.8248,3.5499
6.2254,0.718,3.0915
6.2256,0.6953,2.9912
6.2258,0.7226,3.1059
6.2260,0.7947,3.414
6.2262,0.8463,3.6355
6.2264,0.7612,3.2718
6.2266,0.6959,2.9938
6.2268,0.7266,3.1258
6.2270,0.7654,3.2929
6.2272,0.781,3.3522
6.2274,0.8479,3.6427
6.2276,0.8512,3.66
6.2278,0.7582,3.2559
6.2280,0.8264,3.5417
6.2282,0.9611,4.1213
6.2284,0.9304,3.9971
6.2286,0.8746,3.7553
6.2288,0.8226,3.5324
6.2290,0.8427,3.6184
6.2292,0.8517,3.6655
6.2294,0.7217,3.1032
6.2296,0.724,3.1116
6.2298,0.8168,3.5104
6.2300,0.7961,3.425
6.2302,0.7905,3.3992
6.2304,0.8074,3.4686
6.2306,0.8435,3.622
6.2308,0.8412,3.6156
6.2310,0.8311,3.5773
6.2312,0.7031,3.0233
6.2314,0.67,2.8864
6.2316,0.6702,2.8887
6.2318,0.6668,2.8764
6.2320,0.6005,2.588
6.2322,0.58,2.5008
6.2324,0.5773,2.4882
6.2326,0.5808,2.5056
6.2328,0.5801,2.4978
6.2330,0.6207,2.6728
6.2332,0.6272,2.7032
6.2334,0.629,2.7122
6.2336,0.5729,2.4726
6.2338,0.5518,2.3793
6.2340,0.5848,2.5203
6.2342,0.5748,2.4808
6.2344,0.502,2.1677
6.2346,0.4753,2.0504
6.2348,0.4818,2.0793
6.2350,0.4686,2.0223
6.2352,0.5198,2.2402
6.2354,0.5708,2.4626
6.2356,0.5809,2.5026
6.2358,0.5777,2.491
6.2360,0.4978,2.1486
6.2362,0.5406,2.3323
6.2364,0.5319,2.2956
6.2366,0.4848,2.0903
6.2368,0.4822,2.0823
6.2370,0.4794,2.0699
6.2372,0.4795,2.0685
6.2374,0.5107,2.203
6.2376,0.5206,2.2449
6.2378,0.5092,2.1968
6.2380,0.552,2.3759
6.2382,0.6162,2.6557
6.2384,0.5592,2.4113
6.2386,0.5541,2.3913
6.2388,0.5503,2.3731
6.2390,0.55,2.3704
6.2392,0.5508,2.374
6.2394,0.55,2.3704
6.2396,0.5561,2.3957
6.2398,0.5638,2.4276
6.2400,0.5891,2.5365
6.2402,0.6429,2.7632
6.2404,0.7211,3.1021
6.2406,0.6894,2.9673
6.2408,0.699,3.01
6.2410,0.6906,2.9683
6.2412,0.7243,3.1117
6.2414,0.7778,3.3398
6.2416,0.7734,3.3316
6.2418,0.611,2.6322
6.2420,0.5682,2.4501
6.2422,0.5659,2.4392
6.2424,0.5626,2.4236
6.2426,0.6027,2.5942
6.2428,0.6413,2.7591
6.2430,0.6602,2.8414
6.2432,0.6533,2.8133
6.2434,0.6724,2.894
6.2436,0.6515,2.8055
6.2438,0.6695,2.883
6.2440,0.6593,2.8378
6.2442,0.6883,2.9599
6.2444,0.6638,2.8555
6.2446,0.6595,2.8343
6.2448,0.6464,2.782
6.2450,0.641,2.7614
6.2452,0.5897,2.5427
6.2454,0.5821,2.5078
6.2456,0.5941,2.557
6.2458,0.6068,2.6129
6.2460,0.6622,2.8488
6.2462,0.7126,3.0612
6.2464,0.771,3.3136
6.2466,0.7126,3.0655
6.2468,0.7533,3.2393
6.2470,0.7747,3.3342
6.2472,0.685,2.9468
6.2474,0.6807,2.9255
6.2476,0.7404,3.1851
6.2478,0.6953,2.9954
6.2480,0.6105,2.6265
6.2482,0.6142,2.645
6.2484,0.5995,2.5815
6.2486,0.612,2.6351
6.2488,0.6532,2.8128
6.2490,0.7054,3.0303
6.2492,0.7573,3.2609
6.2494,0.5929,2.5531
6.2496,0.6089,2.6181
6.2498,0.7477,3.2151
6.2500,0.7478,3.2171
6.2502,0.7489,3.2233
6.2504,0.711,3.0573
6.2506,0.7217,3.1018
6.2508,0.7638,3.2827
6.2510,0.7581,3.2554
6.2512,0.7495,3.2183
6.2514,0.787,3.3826
6.2516,0.776,3.3352
6.2518,0.7682,3.3002
6.2520,0.8158,3.5014
6.2522,0.8398,3.6077
6.2524,0.7951,3.4156
6.2526,0.8278,3.5446
6.2528,0.931,3.9978
6.2530,0.8493,3.6484
6.2532,0.8623,3.7045
6.2534,0.8147,3.5001
6.2536,0.8011,3.4397
6.2538,0.8136,3.4954
6.2540,0.7633,3.2837
6.2542,0.7413,3.1818
6.2544,0.7993,3.4352
6.2546,0.7464,3.2079
6.2548,0.7376,3.1747
6.2550,0.7244,3.1165
6.2552,0.721,3.0987
6.2554,0.719,3.0976
6.2556,0.6645,2.86
6.2558,0.6877,2.9587
6.2560,0.6982,3.0022
6.2562,0.7166,3.0816
6.2564,0.7716,3.3162
6.2566,0.7828,3.3709
6.2568,0.7298,3.1354
6.2570,0.7862,3.3806
6.2572,0.7316,3.1489
6.2574,0.7324,3.1476
6.2576,0.762,3.2749
6.2578,0.703,3.0242
6.2580,0.6642,2.8616
6.2582,0.6473,2.79
6.2584,0.6512,2.804
6.2586,0.6413,2.7604
6.2588,0.6592,2.8372
6.2590,0.6802,2.9262
6.2592,0.7014,3.0189
6.2594,0.6634,2.854
6.2596,0.67,2.8837
6.2598,0.6996,3.0084
6.2600,0.7365,3.1657
6.2602,0.7054,3.0345
6.2604,0.6741,2.8972
6.2606,0.7298,3.1368
6.2608,0.7266,3.1287
6.2610,0.6677,2.8779
6.2612,0.636,2.7359
6.2614,0.6979,3.0039
6.2616,0.6607,2.8434
6.2618,0.6688,2.8825
6.2620,0.6035,2.6009
6.2622,0.58,2.4985
6.2624,0.5699,2.4551
6.2626,0.6307,2.717
6.2628,0.6512,2.8053
6.2630,0.6574,2.8335
6.2632,0.6307,2.7132
6.2634,0.6752,2.9113
6.2636,0.5999,2.5878
6.2638,0.5164,2.2278
6.2640,0.4856,2.0929
6.2642,0.5382,2.3209
6.2644,0.5993,2.584
6.2646,0.5772,2.49
6.2648,0.555,2.391
6.2650,0.6229,2.6809
6.2652,0.6328,2.7262
6.2654,0.6285,2.7064
6.2656,0.6499,2.7957
6.2658,0.6778,2.9159
6.2660,0.6871,2.9561
6.2662,0.7428,3.194
6.2664,0.7213,3.1046
6.2666,0.6804,2.9313
6.2668,0.653,2.8143
6.2670,0.6282,2.7048
6.2672,0.6455,2.7771
6.2674,0.7157,3.0717
6.2676,0.8118,3.4877
6.2678,0.7927,3.4053
6.2680,0.7405,3.1886
6.2682,0.7124,3.0721
6.2684,0.5731,2.4736
6.2686,0.541,2.3317
6.2688,0.5396,2.3255
6.2690,0.5397,2.326
6.2692,0.5356,2.3095
6.2694,0.5352,2.309
6.2696,0.547,2.3553
6.2698,0.6013,2.5916
6.2700,0.5447,2.3499
6.2702,0.5356,2.3095
6.2704,0.5328,2.2965
6.2706,0.5333,2.2986
6.2708,0.5845,2.5122
6.2710,0.6738,2.9056
6.2712,0.5574,2.4025
6.2714,0.5792,2.5
6.2716,0.5343,2.3038
6.2718,0.5284,2.2774
6.2720,0.5384,2.3203
6.2722,0.5375,2.3178
6.2724,0.5357,2.3089
6.2726,0.5378,2.3177
6.2728,0.5392,2.3228
6.2730,0.5358,2.3105
6.2732,0.535,2.3058
6.2734,0.5806,2.4987
6.2736,0.6455,2.7771
6.2738,0.6614,2.8492
6.2740,0.6268,2.6967
6.2742,0.691,2.9726
6.2744,0.6563,2.8249
6.2746,0.6301,2.7144
6.2748,0.5724,2.4705
6.2750,0.5242,2.2614
6.2752,0.5129,2.2107
6.2754,0.5608,2.4136
6.2756,0.6212,2.6737
6.2758,0.5893,2.5387
6.2760,0.5748,2.4739
6.2762,0.6138,2.6453
6.2764,0.5803,2.4988
6.2766,0.626,2.6893
6.2768,0.7171,3.0894
6.2770,0.6132,2.6415
6.2772,0.574,2.4715
6.2774,0.5637,2.426
6.2776,0.6166,2.654
6.2778,0.6688,2.8799
6.2780,0.6423,2.7658
6.2782,0.6113,2.6321
6.2784,0.6042,2.6064
6.2786,0.5131,2.2123
6.2788,0.4973,2.1446
6.2790,0.515,2.2164
6.2792,0.6296,2.7073
6.2794,0.6785,2.9163
6.2796,0.688,2.9611
6.2798,0.6927,2.9729
6.2800,0.7776,3.345
6.2802,0.67,2.8891
6.2804,0.5755,2.4828
6.2806,0.5092,2.1968
6.2808,0.4575,1.9729
6.2810,0.456,1.968
6.2812,0.4527,1.9549
6.2814,0.4768,2.0552
6.2816,0.5348,2.3037
6.2818,0.5779,2.4897
6.2820,0.5894,2.5369
6.2822,0.6577,2.8292
6.2824,0.6602,2.8335
6.2826,0.7788,3.3455
6.2828,0.699,3.0072
6.2830,0.6642,2.8549
6.2832,0.7547,3.245
6.2834,0.6716,2.8917
6.2836,0.6198,2.6699
6.2838,0.6423,2.7632
6.2840,0.7178,3.0824
6.2842,0.773,3.3223
6.2844,0.7629,3.2791
6.2846,0.7373,3.1717
6.2848,0.6976,2.9912
6.2850,0.9159,3.9256
6.2852,0.8876,3.8079
6.2854,0.8416,3.6104
6.2856,0.8502,3.6508
6.2858,0.8484,3.6397
6.2860,0.8957,3.8406
6.2862,0.9285,3.9852
6.2864,0.8663,3.7129
6.2866,0.9122,3.9079
6.2868,0.9591,4.1145
6.2870,0.9126,3.9131
6.2872,0.8891,3.8141
6.2874,0.8449,3.6214
6.2876,0.8439,3.6269
6.2878,0.7801,3.3496
6.2880,0.8536,3.6652
6.2882,0.876,3.7598
6.2884,0.9008,3.8645
6.2886,0.8909,3.8254
6.2888,0.8455,3.6274
6.2890,0.9286,3.9782
6.2892,0.9757,4.186
6.2894,0.8582,3.6853
6.2896,0.9175,3.936
6.2898,0.9532,4.0912
6.2900,0.8877,3.812
6.2902,0.8307,3.5669
6.2904,0.8569,3.6796
6.2906,0.8321,3.5731
6.2908,0.8723,3.7421
6.2910,0.869,3.7316
6.2912,0.8224,3.533
6.2914,0.8467,3.6342
6.2916,0.8242,3.5457
6.2918,0.7146,3.0728
6.2920,0.7762,3.3363
6.2922,0.775,3.3311
6.2924,0.7898,3.3945
6.2926,0.797,3.4286
6.2928,0.6748,2.9097
6.2930,0.6145,2.6448
6.2932,0.6861,2.9501
6.2934,0.759,3.2651
6.2936,0.7139,3.0726
6.2938,0.6924,2.9802
6.2940,0.6887,2.9628
6.2942,0.6798,2.926
6.2944,0.6797,2.9269
6.2946,0.686,2.9523
6.2948,0.6767,2.9112
6.2950,0.732,3.149
6.2952,0.7473,3.2151
6.2954,0.7244,3.1136
6.2956,0.7871,3.38
6.2958,0.8465,3.6382
6.2960,0.7847,3.376
6.2962,0.7536,3.2419
6.2964,0.6982,3.005
6.2966,0.6672,2.8718
6.2968,0.6614,2.8452
6.2970,0.6596,2.8414
6.2972,0.6223,2.6796
6.2974,0.6674,2.8737
6.2976,0.6804,2.9299
6.2978,0.6711,2.8883
6.2980,0.6702,2.8834
6.2982,0.6699,2.8872
6.2984,0.6244,2.6901
6.2986,0.6186,2.6635
6.2988,0.6216,2.6765
6.2990,0.6137,2.6436
6.2992,0.626,2.6968
6.2994,0.6358,2.7392
6.2996,0.6451,2.7764
6.2998,0.6295,2.7143
6.3000,0.5579,2.4012
6.3002,0.6436,2.7753
6.3004,0.5676,2.4475
6.3006,0.5599,2.4156
6.3008,0.4844,2.0916
6.3010,0.4647,2.0067
6.3012,0.4619,1.9952
6.3014,0.4609,1.9883
6.3016,0.4778,2.0603
6.3018,0.5591,2.4086
6.3020,0.5722,2.466
6.3022,0.522,2.2521
6.3024,0.5382,2.3252
6.3026,0.4918,2.1227
6.3028,0.4765,2.0556
6.3030,0.4942,2.1301
6.3032,0.55,2.3682
6.3034,0.6095,2.6267
6.3036,0.6023,2.5945
6.3038,0.5809,2.5026
6.3040,0.6061,2.6135
6.3042,0.5488,2.3642
6.3044,0.6292,2.7095
6.3046,0.6084,2.6184
6.3048,0.625,2.6889
6.3050,0.6416,2.7627
6.3052,0.6511,2.8022
6.3054,0.6696,2.8821
6.3056,0.6776,2.9149
6.3058,0.6931,2.9805
6.3060,0.7099,3.0513
6.3062,0.7386,3.1774
6.3064,0.7017,3.0185
6.3066,0.7246,3.1127
6.3068,0.7717,3.3151
6.3070,0.7549,3.246
6.3072,0.7924,3.4058
6.3074,0.7873,3.3868
6.3076,0.722,3.1077
6.3078,0.7072,3.0394
6.3080,0.7496,3.2219
6.3082,0.766,3.2925
6.3084,0.749,3.2223
6.3086,0.6871,2.9589
6.3088,0.6612,2.8447
6.3090,0.6433,2.7725
6.3092,0.6043,2.6033
6.3094,0.6418,2.7637
6.3096,0.6551,2.8197
6.3098,0.6388,2.7482
6.3100,0.6789,2.9165
6.3102,0.7288,3.1395
6.3104,0.62,2.6685
6.3106,0.6657,2.8638
6.3108,0.663,2.8604
6.3110,0.5131,2.2133
6.3112,0.4869,2.1006
6.3114,0.4833,2.0841
6.3116,0.4822,2.0794
6.3118,0.4836,2.0861
6.3120,0.4796,2.069
6.3122,0.5044,2.1751
6.3124,0.5613,2.4212
6.3126,0.5019,2.1632
6.3128,0.4925,2.1249
6.3130,0.4917,2.1212
6.3132,0.4959,2.1384
6.3134,0.4966,2.1415
6.3136,0.4923,2.1228
6.3138,0.4925,2.1249
6.3140,0.4834,2.0856
6.3142,0.4867,2.0995
6.3144,0.4894,2.1095
6.3146,0.4866,2.098
6.3148,0.4851,2.0928
6.3150,0.4978,2.1456
6.3152,0.5315,2.2919
6.3154,0.5746,2.4729
6.3156,0.6186,2.6623
6.3158,0.6014,2.5909
6.3160,0.6132,2.6354
6.3162,0.723,3.1118
6.3164,0.6463,2.7828
6.3166,0.6267,2.6974
6.3168,0.6436,2.765
6.3170,0.7,3.0057
6.3172,0.7598,3.2626
6.3174,0.7827,3.3641
6.3176,0.7737,3.3239
6.3178,0.841,3.6061
6.3180,0.8515,3.6565
6.3182,0.8434,3.6164
6.3184,0.8614,3.697
6.3186,0.8477,3.6366
6.3188,0.8104,3.4815
6.3190,0.8086,3.4722
6.3192,0.8525,3.6538
6.3194,0.8608,3.6927
6.3196,0.8322,3.5769
6.3198,0.8358,3.5874
6.3200,0.8198,3.5184
6.3202,0.8238,3.5392
6.3204,0.8189,3.5148
6.3206,0.8947,3.8383
6.3208,0.8809,3.7826
6.3210,0.8134,3.4944
6.3212,0.791,3.3996
6.3214,0.7877,3.381
6.3216,0.8198,3.5233
6.3218,0.7903,3.3966
6.3220,0.753,3.2378
6.3222,0.7338,3.1597
6.3224,0.7006,3.0125
6.3226,0.6852,2.9465
6.3228,0.7206,3.0957
6.3230,0.7688,3.3074
6.3232,0.7176,3.09
6.3234,0.6861,2.9515
6.3236,0.7027,3.0218
6.3238,0.7466,3.2134
6.3240,0.6999,3.0136
6.3242,0.6319,2.7171
6.3244,0.6939,2.985
6.3246,0.7638,3.2842
6.3248,0.7389,3.176
6.3250,0.7302,3.1369
6.3252,0.7383,3.1778
6.3254,0.6979,3.0053
6.3256,0.6804,2.9286
6.3258,0.677,2.9123
6.3260,0.7298,3.1368
6.3262,0.7639,3.2801
6.3264,0.7502,3.2244
6.3266,0.7391,3.175
6.3268,0.8068,3.4725
6.3270,0.7519,3.2347
6.3272,0.7127,3.0674
6.3274,0.6635,2.8572
6.3276,0.6644,2.8581
6.3278,0.7268,3.1225
6.3280,0.7419,3.1904
6.3282,0.7134,3.0691
6.3284,0.7247,3.1161
6.3286,0.7427,3.192
6.3288,0.7172,3.0885
6.3290,0.6051,2.6081
6.3292,0.6289,2.7079
6.3294,0.6541,2.8177
6.3296,0.6223,2.6808
6.3298,0.5701,2.4572
6.3300,0.5572,2.4003
6.3302,0.5712,2.4608
6.3304,0.6476,2.7859
6.3306,0.735,3.159
6.3308,0.7193,3.0958
6.3310,0.6198,2.6737
6.3312,0.5242,2.2635
6.3314,0.4795,2.0685
6.3316,0.5153,2.2211
6.3318,0.5283,2.2801
6.3320,0.5232,2.2573
6.3322,0.5307,2.2883
6.3324,0.5272,2.2733
6.3326,0.5373,2.3167
6.3328,0.5387,2.3229
6.3330,0.5373,2.3156
6.3332,0.5399,2.3259
6.3334,0.5413,2.3332
6.3336,0.5451,2.3492
6.3338,0.6163,2.65
6.3340,0.703,3.0214
6.3342,0.6925,2.9835
6.3344,0.5521,2.3808
6.3346,0.5265,2.2702
6.3348,0.5236,2.2567
6.3350,0.526,2.2671
6.3352,0.531,2.2898
6.3354,0.5339,2.3033
6.3356,0.5277,2.2743
6.3358,0.5254,2.2634
6.3360,0.525,2.2619
6.3362,0.5285,2.2769
6.3364,0.5292,2.28
6.3366,0.5258,2.2671
6.3368,0.5267,2.2723
6.3370,0.5499,2.3677
6.3372,0.616,2.649
6.3374,0.6464,2.782
6.3376,0.6376,2.7495
6.3378,0.5428,2.3383
6.3380,0.5572,2.3992
6.3382,0.5415,2.3327
6.3384,0.5428,2.3372
6.3386,0.6114,2.6326
6.3388,0.5821,2.5101
6.3390,0.5369,2.313
6.3392,0.5475,2.3596
6.3394,0.5398,2.3265
6.3396,0.5478,2.3578
6.3398,0.6394,2.7508
6.3400,0.6705,2.8831
6.3402,0.681,2.9284
6.3404,0.671,2.8851
6.3406,0.6945,2.9904
6.3408,0.6194,2.6684
6.3410,0.5458,2.3491
6.3412,0.5936,2.5585
6.3414,0.539,2.3207
6.3416,0.5867,2.525
6.3418,0.6127,2.6346
6.3420,0.6302,2.7187
6.3422,0.5668,2.4405
6.3424,0.5689,2.4498
6.3426,0.5592,2.4102
6.3428,0.519,2.234
6.3430,0.6006,2.5849
6.3432,0.5879,2.5267
6.3434,0.6489,2.7877
6.3436,0.6949,2.9883
6.3438,0.7712,3.3131
6.3440,0.7635,3.2847
6.3442,0.6363,2.74
6.3444,0.6561,2.8199
6.3446,0.7184,3.0879
6.3448,0.7067,3.0388
6.3450,0.7322,3.1486
6.3452,0.7266,3.1244
6.3454,0.6556,2.8244
6.3456,0.6129,2.6381
6.3458,0.6889,2.9611
6.3460,0.7524,3.2292
6.3462,0.8393,3.6023
6.3464,0.7689,3.3079
6.3466,0.6246,2.6881
6.3468,0.7069,3.0398
6.3470,0.7434,3.1936
6.3472,0.7295,3.1338
6.3474,0.7313,3.1415
6.3476,0.717,3.0831
6.3478,0.6712,2.8875
6.3480,0.6213,2.6729
6.3482,0.602,2.5922
6.3484,0.5621,2.4214
6.3486,0.6241,2.6872
6.3488,0.6062,2.6127
6.3490,0.5707,2.4586
6.3492,0.5628,2.4234
6.3494,0.5768,2.4781
6.3496,0.7208,3.101
6.3498,0.7132,3.0651
6.3500,0.7447,3.1992
6.3502,0.7768,3.3388
6.3504,0.7749,3.329
6.3506,0.8465,3.6195
6.3508,1.0429,4.4572
6.3510,1.0543,4.5101
6.3512,1.0191,4.3619
6.3514,0.993,4.25
6.3516,1.0473,4.4867
6.3518,1.0208,4.3813
6.3520,0.837,3.5958
6.3522,0.7856,3.3701
6.3524,0.8508,3.6533
6.3526,0.8159,3.5035
6.3528,0.8183,3.5105
6.3530,0.8658,3.7177
6.3532,0.8471,3.6357
6.3534,0.8798,3.7726
6.3536,0.8841,3.7929
6.3538,0.9164,3.9258
6.3540,0.9878,4.2319
6.3542,0.953,4.0882
6.3544,0.9157,3.93
6.3546,0.9024,3.8729
6.3548,0.901,3.8672
6.3550,0.8613,3.7038
6.3552,0.8176,3.5123
6.3554,0.8804,3.7734
6.3556,0.934,4.005
6.3558,0.8478,3.6455
6.3560,0.7755,3.3378
6.3562,0.729,3.1346
6.3564,0.8148,3.5021
6.3566,0.7977,3.4252
6.3568,0.8339,3.5791
6.3570,0.8335,3.5842
6.3572,0.7362,3.167
6.3574,0.694,2.9882
6.3576,0.6991,3.0048
6.3578,0.7875,3.3815
6.3580,0.7796,3.3584
6.3582,0.6907,2.9743
6.3584,0.6968,2.9951
6.3586,0.7815,3.3557
6.3588,0.8404,3.6102
6.3590,0.8155,3.5085
6.3592,0.7302,3.1412
6.3594,0.7295,3.1396
6.3596,0.6757,2.9071
6.3598,0.6839,2.9421
6.3600,0.7646,3.2831
6.3602,0.8136,3.497
6.3604,0.7244,3.1194
6.3606,0.693,2.9841
6.3608,0.6954,2.9916
6.3610,0.6919,2.9781
6.3612,0.6894,2.9672
6.3614,0.7377,3.1737
6.3616,0.7367,3.1632
6.3618,0.8446,3.6265
6.3620,0.8302,3.5697
6.3622,0.7742,3.3274
6.3624,0.7955,3.4192
6.3626,0.738,3.1792
6.3628,0.6248,2.6916
6.3630,0.6839,2.9435
6.3632,0.7063,3.0329
6.3634,0.8418,3.6097
6.3636,0.8931,3.8368
6.3638,0.8038,3.4579
6.3640,0.7745,3.3305
6.3642,0.7563,3.2537
6.3644,0.7254,3.122
6.3646,0.7145,3.0765
6.3648,0.7205,3.0995
6.3650,0.7313,3.14
6.3652,0.7679,3.3022
6.3654,0.7843,3.3739
6.3656,0.747,3.2149
6.3658,0.7484,3.2196
6.3660,0.6819,2.9429
6.3662,0.5696,2.4585
6.3664,0.5572,2.4025
6.3666,0.6021,2.5904
6.3668,0.6711,2.8923
6.3670,0.6058,2.6112
6.3672,0.6092,2.6257
6.3674,0.6136,2.6411
6.3676,0.6895,2.9705
6.3678,0.6052,2.6134
6.3680,0.5325,2.2971
6.3682,0.5048,2.1796
6.3684,0.4834,2.0865
6.3686,0.5045,2.1776
6.3688,0.5108,2.2034
6.3690,0.4888,2.1059
6.3692,0.5276,2.279
6.3694,0.4749,2.0507
6.3696,0.4695,2.0265
6.3698,0.4738,2.0422
6.3700,0.5272,2.2722
6.3702,0.6103,2.6266
6.3704,0.6389,2.7538
6.3706,0.5485,2.3642
6.3708,0.5379,2.3203
6.3710,0.5357,2.3121
6.3712,0.537,2.3156
6.3714,0.5358,2.3094
6.3716,0.5343,2.3048
6.3718,0.5351,2.3084
6.3720,0.5322,2.2939
6.3722,0.535,2.309
6.3724,0.5501,2.3709
6.3726,0.6088,2.6192
6.3728,0.6473,2.7874
6.3730,0.6585,2.8341
6.3732,0.6538,2.8087
6.3734,0.7326,3.1457
6.3736,0.7573,3.2578
6.3738,0.6801,2.927
6.3740,0.6513,2.8057
6.3742,0.5787,2.4932
6.3744,0.5714,2.4606
6.3746,0.5984,2.578
6.3748,0.5834,2.5146
6.3750,0.5837,2.5144
6.3752,0.5984,2.5768
6.3754,0.6085,2.6189
6.3756,0.5961,2.5681
6.3758,0.6121,2.6368
6.3760,0.6731,2.8957
6.3762,0.6568,2.8269
6.3764,0.6466,2.783
6.3766,0.6475,2.7879
6.3768,0.6024,2.5962
6.3770,0.599,2.5781
6.3772,0.6238,2.6912
6.3774,0.5404,2.3312
6.3776,0.5618,2.4204
6.3778,0.5382,2.3176
6.3780,0.5515,2.3782
6.3782,0.5015,2.1626
6.3784,0.4976,2.1436
6.3786,0.5606,2.4175
6.3788,0.5021,2.1682
6.3790,0.5319,2.2924
6.3792,0.5746,2.4775
6.3794,0.4824,2.0818
6.3796,0.4699,2.028
6.3798,0.4696,2.026
6.3800,0.4618,1.9924
6.3802,0.467,2.0147
6.3804,0.4708,2.0321
6.3806,0.4723,2.0365
6.3808,0.4773,2.0591
6.3810,0.4747,2.0478
6.3812,0.5031,2.1683
6.3814,0.5892,2.5335
6.3816,0.6808,2.9287
6.3818,0.6856,2.9494
6.3820,0.6618,2.8472
6.3822,0.6132,2.6354
6.3824,0.7255,3.1182
6.3826,0.7313,3.1429
6.3828,0.7249,3.1156
6.3830,0.7731,3.3197
6.3832,0.7992,3.4303
6.3834,0.8356,3.5813
6.3836,0.9004,3.8557
6.3838,0.9309,3.9898
6.3840,0.9416,4.0393
6.3842,0.9002,3.8636
6.3844,0.8845,3.7874
6.3846,0.9984,4.2711
6.3848,1.0822,4.6405
6.3850,0.9209,3.9527
6.3852,0.8986,3.8516
6.3854,0.9332,4.0033
6.3856,0.9207,3.9461
6.3858,0.9195,3.9446
6.3860,0.8513,3.6554
6.3862,0.8365,3.5921
6.3864,0.8894,3.8191
6.3866,0.8034,3.45
6.3868,0.7729,3.3171
6.3870,0.8465,3.6348
6.3872,0.8591,3.6803
6.3874,0.9256,3.9764
6.3876,0.9515,4.0782
6.3878,0.9327,4.0031
6.3880,0.8321,3.573
6.3882,0.822,3.5298
6.3884,0.8846,3.795
6.3886,0.911,3.91
6.3888,0.8528,3.6621
6.3890,0.859,3.69
6.3892,0.8366,3.5909
6.3894,0.8601,3.6918
6.3896,0.8231,3.5327
6.3898,0.8488,3.6446
6.3900,0.7928,3.4152
6.3902,0.7128,3.0693
6.3904,0.7049,3.0366
6.3906,0.6988,3.0047
6.3908,0.7377,3.1708
6.3910,0.7641,3.2964
6.3912,0.5747,2.4745
6.3914,0.6183,2.6612
6.3916,0.6452,2.7794
6.3918,0.6555,2.8251
6.3920,0.6699,2.8858
6.3922,0.6121,2.6381
6.3924,0.5819,2.5055
6.3926,0.6052,2.6062
6.3928,0.6821,2.933
6.3930,0.7518,3.2356
6.3932,0.6971,3.0003
6.3934,0.6786,2.9235
6.3936,0.678,2.9155
6.3938,0.7356,3.163
6.3940,0.6645,2.8626
6.3942,0.5983,2.5762
6.3944,0.6195,2.6726
6.3946,0.5841,2.5188
6.3948,0.5707,2.4598
6.3950,0.5578,2.4062
6.3952,0.5481,2.3643
6.3954,0.5598,2.415
6.3956,0.5627,2.4252
6.3958,0.5717,2.4639
6.3960,0.5713,2.4635
6.3962,0.5865,2.5268
6.3964,0.5753,2.4817
6.3966,0.4982,2.1481
6.3968,0.5174,2.2319
6.3970,0.5375,2.3188
6.3972,0.532,2.2939
6.3974,0.5334,2.3012
6.3976,0.5401,2.328
6.3978,0.6082,2.6142
6.3980,0.6859,2.9536
6.3982,0.5741,2.4754
6.3984,0.5526,2.3829
6.3986,0.5711,2.4625
6.3988,0.5339,2.3011
6.3990,0.5271,2.2738
6.3992,0.5289,2.2805
6.3994,0.5337,2.2969
6.3996,0.6128,2.6387
6.3998,0.5791,2.4983
6.4000,0.5243,2.2608
6.4002,0.5252,2.2634
6.4004,0.5267,2.2722
6.4006,0.5307,2.2872
6.4008,0.5303,2.2856
6.4010,0.5376,2.315
6.4012,0.6032,2.5986
6.4014,0.5539,2.3885
6.4016,0.5532,2.3821
6.4018,0.6068,2.6093
6.4020,0.6452,2.7794
6.4022,0.5657,2.4403
6.4024,0.5333,2.2986
6.4026,0.5514,2.3766
6.4028,0.5629,2.4194
6.4030,0.6642,2.8615
6.4032,0.6458,2.782
6.4034,0.6349,2.7312
6.4036,0.6612,2.8486
6.4038,0.6435,2.7709
6.4040,0.6445,2.7724
6.4042,0.6621,2.8469
6.4044,0.6614,2.8452
6.4046,0.6837,2.9425
6.4048,0.7004,3.0105
6.4050,0.7297,3.1406
6.4052,0.6913,2.9727
6.4054,0.6802,2.9221
6.4056,0.7162,3.078
6.4058,0.7403,3.1801
6.4060,0.7678,3.294
6.4062,0.8484,3.6379
6.4064,0.8964,3.8508
6.4066,0.729,3.1361
6.4068,0.702,3.02
6.4070,0.737,3.1692
6.4072,0.757,3.2522
6.4074,0.7333,3.1502
6.4076,0.7554,3.2465
6.4078,0.7136,3.07
6.4080,0.6791,2.9242
6.4082,0.6928,2.9789
6.4084,0.7074,3.0418
6.4086,0.6856,2.9548
6.4088,0.6277,2.7002
6.4090,0.6839,2.9421
6.4092,0.6737,2.8956
6.4094,0.7157,3.0803
6.4096,0.6048,2.6078
6.4098,0.4987,2.1542
6.4100,0.496,2.1388
6.4102,0.4924,2.1263
6.4104,0.4942,2.1321
6.4106,0.5114,2.2019
6.4108,0.5704,2.4548
6.4110,0.6172,2.6566
6.4112,0.6157,2.6486
6.4114,0.6765,2.9088
6.4116,0.7277,3.1333
6.4118,0.6164,2.6579
6.4120,0.4961,2.1423
6.4122,0.4497,1.9402
6.4124,0.4458,1.9231
6.4126,0.4553,1.9658
6.4128,0.4517,1.9493
6.4130,0.4569,1.9694
6.4132,0.4804,2.0726
6.4134,0.4686,2.0232
6.4136,0.4614,1.9913
6.4138,0.4698,2.0265
6.4140,0.4657,2.008
6.4142,0.4948,2.1337
6.4144,0.5231,2.2515
6.4146,0.5831,2.5083
6.4148,0.576,2.4825
6.4150,0.5343,2.3016
6.4152,0.5608,2.4146
6.4154,0.6622,2.8474
6.4156,0.7287,3.1278
6.4158,0.7858,3.3727
6.4160,0.7849,3.3717
6.4162,0.7664,3.2924
6.4164,0.7863,3.3732
6.4166,0.8483,3.6391
6.4168,0.9422,4.0324
6.4170,1.0467,4.4757
6.4172,1.0161,4.3511
6.4174,0.9875,4.2304
6.4176,0.9936,4.2605
6.4178,0.9199,3.9444
6.4180,0.9292,3.9752
6.4182,0.9793,4.1994
6.4184,0.9104,3.9074
6.4186,0.8711,3.7351
6.4188,0.8827,3.7885
6.4190,0.8759,3.7574
6.4192,0.8328,3.5744
6.4194,0.8869,3.8065
6.4196,0.8736,3.7511
6.4198,0.8284,3.5554
6.4200,0.8488,3.6446
6.4202,0.8627,3.7043
6.4204,0.8793,3.7688
6.4206,0.9304,3.9896
6.4208,0.8804,3.777
6.4210,0.9082,3.8945
6.4212,0.9576,4.1082
6.4214,0.9441,4.0482
6.4216,0.9485,4.0634
6.4218,1.0134,4.3433
6.4220,0.9765,4.1909
6.4222,0.9193,3.9381
6.4224,0.9664,4.1419
6.4226,0.9619,4.1267
6.4228,0.977,4.1974
6.4230,0.887,3.8088
6.4232,0.8687,3.7283
6.4234,0.9038,3.8827
6.4236,0.8803,3.7747
6.4238,0.8717,3.7464
6.4240,0.8208,3.523
6.4242,0.8556,3.6722
6.4244,0.8522,3.6595
6.4246,0.9179,3.9361
6.4248,0.9802,4.2069
6.4250,0.9176,3.9364
6.4252,0.908,3.9007
6.4254,0.9051,3.8793
6.4256,0.9705,4.1574
6.4258,0.8895,3.8232
6.4260,0.8372,3.6002
6.4262,0.8622,3.7022
6.4264,0.8778,3.7674
6.4266,0.9464,4.0561
6.4268,0.9853,4.227
6.4270,0.9565,4.1074
6.4272,0.9326,4.0026
6.4274,0.8616,3.7083
6.4276,0.7467,3.2154
6.4278,0.7575,3.2558
6.4280,0.8376,3.6
6.4282,0.7554,3.2526
6.4284,0.7285,3.1355
6.4286,0.7124,3.0677
6.4288,0.6513,2.807
6.4290,0.6104,2.6345
6.4292,0.6181,2.6614
6.4294,0.7211,3.1064
6.4296,0.6163,2.6549
6.4298,0.5692,2.4588
6.4300,0.4931,2.1294
6.4302,0.5087,2.1946
6.4304,0.5397,2.3281
6.4306,0.5261,2.2718
6.4308,0.5386,2.3245
6.4310,0.5501,2.3731
6.4312,0.5532,2.3865
6.4314,0.5308,2.2919
6.4316,0.4894,2.1114
6.4318,0.5303,2.2867
6.4320,0.5481,2.3643
6.4322,0.5461,2.356
6.4324,0.4911,2.1206
6.4326,0.4518,1.9517
6.4328,0.4467,1.9299
6.4330,0.4518,1.9508
6.4332,0.4971,2.1465
6.4334,0.4768,2.059
6.4336,0.4693,2.0282
6.4338,0.4943,2.1316
6.4340,0.4946,2.1346
6.4342,0.471,2.0345
6.4344,0.4633,2.0014
6.4346,0.4606,1.9882
6.4348,0.4553,1.9676
6.4350,0.4563,1.9714
6.4352,0.4465,1.9262
6.4354,0.4441,1.9167
6.4356,0.4666,2.015
6.4358,0.4572,1.9722
6.4360,0.4861,2.0959
6.4362,0.5451,2.3492
6.4364,0.5578,2.4095
6.4366,0.4674,2.0181
6.4368,0.4502,1.9431
6.4370,0.4526,1.9535
6.4372,0.4572,1.9732
6.4374,0.4535,1.9562
6.4376,0.4538,1.9605
6.4378,0.4531,1.9565
6.4380,0.4684,2.0199
6.4382,0.5418,2.3363
6.4384,0.4801,2.0701
6.4386,0.5015,2.1656
6.4388,0.4969,2.1395
6.4390,0.5816,2.5056
6.4392,0.5654,2.4359
6.4394,0.5832,2.51
6.4396,0.5695,2.4558
6.4398,0.5506,2.3741
6.4400,0.5496,2.3688
6.4402,0.5297,2.2831
6.4404,0.4618,1.9933
6.4406,0.4312,1.86
6.4408,0.4491,1.9367
6.4410,0.4394,1.8966
6.4412,0.4503,1.9428
6.4414,0.4801,2.0682
6.4416,0.5452,2.3486
6.4418,0.5549,2.3927
6.4420,0.5181,2.234
6.4422,0.5298,2.2836
6.4424,0.5623,2.4225
6.4426,0.5388,2.3202
6.4428,0.5483,2.3621
6.4430,0.5624,2.4219
6.4432,0.6184,2.6605
6.4434,0.6242,2.6803
6.4436,0.6494,2.7936
6.4438,0.663,2.8511
6.4440,0.731,3.139
6.4442,0.7913,3.398
6.4444,0.7833,3.3619
6.4446,0.7962,3.4143
6.4448,0.8816,3.7786
6.4450,0.9263,3.9758
6.4452,0.8573,3.6777
6.4454,0.7906,3.3996
6.4456,0.6213,2.6741
6.4458,0.6598,2.8345
6.4460,0.7751,3.3316
6.4462,0.7373,3.1643
6.4464,0.796,3.418
6.4466,0.7977,3.43
6.4468,0.7206,3.0971
6.4470,0.6905,2.9746
6.4472,0.5804,2.497
6.4474,0.6007,2.5866
6.4476,0.5712,2.4584
6.4478,0.6482,2.7858
6.4480,0.7835,3.3645
6.4482,0.7562,3.2501
6.4484,0.7449,3.2032
6.4486,0.7195,3.0953
6.4488,0.6876,2.9595
6.4490,0.6798,2.9205
6.4492,0.7013,3.0155
6.4494,0.752,3.2381
6.4496,0.6781,2.9147
6.4498,0.8211,3.5174
6.4500,0.9037,3.8768
6.4502,0.856,3.6737
6.4504,0.8675,3.7214
6.4506,0.8392,3.6
6.4508,0.8785,3.767
6.4510,0.872,3.7462
6.4512,0.8021,3.4427
6.4514,0.8799,3.7767
6.4516,0.8377,3.5955
6.4518,0.8544,3.6688
6.4520,0.7864,3.38
6.4522,0.7461,3.2068
6.4524,0.7568,3.2497
6.4526,0.8139,3.4931
6.4528,0.8485,3.6452
6.4530,0.8462,3.6287
6.4532,0.9142,3.9165
6.4534,0.9117,3.9112
6.4536,0.8506,3.6506
6.4538,0.8348,3.5832
6.4540,0.8366,3.5959
6.4542,0.7706,3.3135
6.4544,0.7725,3.3187
6.4546,0.789,3.3866
6.4548,0.8362,3.5905
6.4550,0.7971,3.4259
6.4552,0.7929,3.4047
6.4554,0.8181,3.5144
6.4556,0.7863,3.3795
6.4558,0.7652,3.2903
6.4560,0.8117,3.4855
6.4562,0.8465,3.6331
6.4564,0.8358,3.589
6.4566,0.7852,3.3733
6.4568,0.805,3.4615
6.4570,0.7768,3.3341
6.4572,0.8028,3.4554
6.4574,0.7051,3.0363
6.4576,0.6735,2.9013
6.4578,0.7201,3.095
6.4580,0.8076,3.4647
6.4582,0.864,3.7169
6.4584,0.729,3.1375
6.4586,0.6904,2.97
6.4588,0.7331,3.1492
6.4590,0.805,3.4599
6.4592,0.7821,3.363
6.4594,0.8115,3.4861
6.4596,0.8185,3.5148
6.4598,0.8207,3.5274
6.4600,0.7863,3.3826
6.4602,0.758,3.2609
6.4604,0.7521,3.2311
6.4606,0.7998,3.4409
6.4608,0.7791,3.3517
6.4610,0.7418,3.1927
6.4612,0.6833,2.9409
6.4614,0.7238,3.111
6.4616,0.7621,3.2769
6.4618,0.6899,2.9748
6.4620,0.6103,2.6303
6.4622,0.6253,2.6924
6.4624,0.6621,2.8536
6.4626,0.7072,3.0408
6.4628,0.8022,3.448
6.4630,0.8239,3.538
6.4632,0.8283,3.5565
6.4634,0.846,3.6344
6.4636,0.8378,3.5994
6.4638,0.8106,3.4857
6.4640,0.8049,3.461
6.4642,0.8026,3.448
6.4644,0.8331,3.5788
6.4646,0.8003,3.4414
6.4648,0.7689,3.3078
6.4650,0.7014,3.0174
6.4652,0.665,2.866
6.4654,0.6562,2.8282
6.4656,0.6918,2.972
6.4658,0.7539,3.2388
6.4660,0.7979,3.4311
6.4662,0.7618,3.2789
6.4664,0.6657,2.8664
6.4666,0.6289,2.7117
6.4668,0.5533,2.3882
6.4670,0.5381,2.3224
6.4672,0.5346,2.3064
6.4674,0.5362,2.312
6.4676,0.5343,2.3059
6.4678,0.5319,2.2945
6.4680,0.5365,2.3125
6.4682,0.5463,2.3544
6.4684,0.5407,2.3306
6.4686,0.5699,2.4596
6.4688,0.5579,2.4067
6.4690,0.5421,2.3374
6.4692,0.5973,2.5709
6.4694,0.704,3.0302
6.4696,0.6018,2.5948
6.4698,0.5296,2.2847
6.4700,0.5279,2.2785
6.4702,0.5279,2.2764
6.4704,0.5288,2.2821
6.4706,0.525,2.266
6.4708,0.522,2.251
6.4710,0.5253,2.2639
6.4712,0.5261,2.2675
6.4714,0.5242,2.2582
6.4716,0.5244,2.2614
6.4718,0.526,2.2691
6.4720,0.5242,2.2614
6.4722,0.5645,2.4318
6.4724,0.631,2.7134
6.4726,0.6777,2.9153
6.4728,0.7136,3.0715
6.4730,0.7036,3.0281
6.4732,0.6784,2.9143
6.4734,0.6737,2.901
6.4736,0.6512,2.8052
6.4738,0.6186,2.6672
6.4740,0.5952,2.5628
6.4742,0.6118,2.6346
6.4744,0.6088,2.6217
6.4746,0.6817,2.9342
6.4748,0.6717,2.8882
6.4750,0.6586,2.8386
6.4752,0.5262,2.2712
6.4754,0.5283,2.2779
6.4756,0.6021,2.5952
6.4758,0.5358,2.3126
6.4760,0.4706,2.0302
6.4762,0.4825,2.0823
6.4764,0.4839,2.0866
6.4766,0.4889,2.1083
6.4768,0.4894,2.1124
6.4770,0.4887,2.1092
6.4772,0.4915,2.1182
6.4774,0.5273,2.2696
6.4776,0.6183,2.6563
6.4778,0.7602,3.2641
6.4780,0.8256,3.5386
6.4782,0.844,3.6257
6.4784,0.738,3.1733
6.4786,0.7339,3.1587
6.4788,0.6056,2.6114
6.4790,0.5096,2.1993
6.4792,0.5032,2.1668
6.4794,0.6233,2.6841
6.4796,0.546,2.3555
6.4798,0.4641,2.0013
6.4800,0.461,1.9888
6.4802,0.4641,2.0032
6.4804,0.4683,2.0213
6.4806,0.4636,2.002
6.4808,0.4645,2.0038
6.4810,0.4959,2.1363
6.4812,0.541,2.3284
6.4814,0.6026,2.5972
6.4816,0.5412,2.3316
6.4818,0.5982,2.5697
6.4820,0.6731,2.8917
6.4822,0.753,3.2377
6.4824,0.7058,3.0337
6.4826,0.751,3.2265
6.4828,0.7578,3.2553
6.4830,0.7894,3.3866
6.4832,0.8393,3.6039
6.4834,0.8233,3.5305
6.4836,0.8468,3.6313
6.4838,0.9178,3.9374
6.4840,0.9537,4.0836
6.4842,1.0477,4.4798
6.4844,1.0911,4.6676
6.4846,1.0719,4.5834
6.4848,1.0817,4.6254
6.4850,1.0418,4.463
6.4852,1.0076,4.3167
6.4854,1.0543,4.5123
6.4856,1.0398,4.4481
6.4858,1.0736,4.5949
6.4860,1.0434,4.4697
6.4862,1.0487,4.4865
6.4864,1.1203,4.7905
6.4866,1.0496,4.4985
6.4868,0.932,4
6.4870,0.9064,3.8922
6.4872,0.8952,3.842
6.4874,0.86,3.693
6.4876,0.8594,3.6852
6.4878,0.8996,3.8611
6.4880,0.8291,3.5651
6.4882,0.7886,3.3924
6.4884,0.7852,3.3764
6.4886,0.7856,3.3764
6.4888,0.8202,3.527
6.4890,0.8356,3.5846
6.4892,0.8724,3.7442
6.4894,0.8743,3.7542
6.4896,0.8494,3.6522
6.4898,0.8221,3.5336
6.4900,0.8143,3.5017
6.4902,0.8339,3.5874
6.4904,0.7533,3.2408
6.4906,0.7536,3.2418
6.4908,0.762,3.2779
6.4910,0.7847,3.3696
6.4912,0.8079,3.4739
6.4914,0.7257,3.1236
6.4916,0.695,2.9943
6.4918,0.6799,2.9265
6.4920,0.6798,2.9287
6.4922,0.6875,2.959
6.4924,0.6983,3.0012
6.4926,0.7729,3.3187
6.4928,0.7714,3.3202
6.4930,0.665,2.866
6.4932,0.6226,2.6835
6.4934,0.647,2.7897
6.4936,0.6021,2.594
6.4938,0.5909,2.5478
6.4940,0.5925,2.555
6.4942,0.5873,2.5299
6.4944,0.6034,2.6021
6.4946,0.6087,2.6236
6.4948,0.6405,2.7593
6.4950,0.6355,2.7388
6.4952,0.5847,2.5226
6.4954,0.5273,2.2748
6.4956,0.5255,2.266
6.4958,0.5692,2.4496
6.4960,0.6407,2.7603
6.4962,0.5847,2.5214
6.4964,0.5536,2.3892
6.4966,0.5488,2.3685
6.4968,0.5447,2.3498
6.4970,0.5431,2.342
6.4972,0.5543,2.389
6.4974,0.5687,2.4521
6.4976,0.5688,2.4515
6.4978,0.5496,2.3699
6.4980,0.5088,2.1941
6.4982,0.5489,2.3679
6.4984,0.5188,2.2422
6.4986,0.4562,1.9699
6.4988,0.4575,1.9729
6.4990,0.5079,2.19
6.4992,0.5108,2.2055
6.4994,0.4571,1.9717
6.4996,0.4533,1.9539
6.4998,0.4877,2.108
6.5000,0.4544,1.9631
6.5002,0.452,1.9509
6.5004,0.4524,1.9525
6.5006,0.4491,1.9394
6.5008,0.4479,1.9342
6.5010,0.449,1.938
6.5012,0.4523,1.951
6.5014,0.4541,1.9588
6.5016,0.4551,1.9625
6.5018,0.5325,2.3003
6.5020,0.4559,1.9684
6.5022,0.4719,2.033
6.5024,0.5614,2.4172
6.5026,0.608,2.6168
6.5028,0.6364,2.7366
6.5030,0.6118,2.6346
6.5032,0.5246,2.2598
6.5034,0.5135,2.2143
6.5036,0.5418,2.3374
6.5038,0.5546,2.3872
6.5040,0.6313,2.7144
6.5042,0.667,2.8681
6.5044,0.701,3.0173
6.5046,0.6659,2.8634
6.5048,0.7078,3.0434
6.5050,0.7235,3.1109
6.5052,0.678,2.9196
6.5054,0.5924,2.5533
6.5056,0.6037,2.5983
6.5058,0.6182,2.6595
6.5060,0.6754,2.9069
6.5062,0.6738,2.8975
6.5064,0.711,3.0544
6.5066,0.7141,3.0721
6.5068,0.708,3.0458
6.5070,0.6922,2.9819
6.5072,0.6114,2.6337
6.5074,0.6073,2.615
6.5076,0.6242,2.6865
6.5078,0.6539,2.8106
6.5080,0.7042,3.0293
6.5082,0.6514,2.805
6.5084,0.5898,2.5443
6.5086,0.5122,2.2086
6.5088,0.5319,2.2913
6.5090,0.5126,2.2092
6.5092,0.5382,2.3197
6.5094,0.5223,2.2531
6.5096,0.4918,2.1207
6.5098,0.517,2.2272
6.5100,0.5063,2.1843
6.5102,0.4945,2.1331
6.5104,0.5198,2.237
6.5106,0.6566,2.8232
6.5108,0.6738,2.9028
6.5110,0.6551,2.8183
6.5112,0.5725,2.4698
6.5114,0.4832,2.0835
6.5116,0.472,2.0364
6.5118,0.4839,2.0837
6.5120,0.5525,2.3845
6.5122,0.4983,2.1506
6.5124,0.4555,1.965
6.5126,0.4485,1.935
6.5128,0.4471,1.9279
6.5130,0.4562,1.9681
6.5132,0.4665,2.0107
6.5134,0.4543,1.9598
6.5136,0.4483,1.9349
6.5138,0.4481,1.9338
6.5140,0.4566,1.9687
6.5142,0.4622,1.993
6.5144,0.453,1.9532
6.5146,0.5111,2.2019
6.5148,0.5741,2.4754
6.5150,0.5187,2.2345
6.5152,0.5117,2.2035
6.5154,0.5628,2.4212
6.5156,0.6334,2.7237
6.5158,0.6681,2.8767
6.5160,0.6634,2.8499
6.5162,0.7169,3.0768
6.5164,0.7787,3.3439
6.5166,0.7697,3.3099
6.5168,0.652,2.8049
6.5170,0.6664,2.8588
6.5172,0.7954,3.4171
6.5174,0.7712,3.3145
6.5176,0.7598,3.2641
6.5178,0.7568,3.2482
6.5180,0.7536,3.2358
6.5182,0.7713,3.3104
6.5184,0.7986,3.4294
6.5186,0.8311,3.5656
6.5188,0.8856,3.7955
6.5190,0.9181,3.9366
6.5192,0.899,3.8495
6.5194,0.9064,3.885
6.5196,0.9496,4.0681
6.5198,0.9497,4.0724
6.5200,0.9173,3.9354
6.5202,0.8563,3.6736
6.5204,0.8817,3.7844
6.5206,0.8492,3.6466
6.5208,0.825,3.536
6.5210,0.8646,3.7091
6.5212,0.8135,3.4916
6.5214,0.8079,3.469
6.5216,0.7988,3.4331
6.5218,0.8271,3.5481
6.5220,0.9004,3.8593
6.5222,0.9107,3.9035
6.5224,0.9296,3.9841
6.5226,0.9508,4.0751
6.5228,0.9106,3.9084
6.5230,0.8327,3.5722
6.5232,0.8863,3.8057
6.5234,0.9153,3.9303
6.5236,0.8448,3.6276
6.5238,0.8496,3.6482
6.5240,0.8611,3.6942
6.5242,0.8757,3.7569
6.5244,0.8835,3.7833
6.5246,0.9883,4.234
6.5248,0.9691,4.1595
6.5250,0.9828,4.2123
6.5252,0.9982,4.2741
6.5254,1.0057,4.3084
6.5256,0.9906,4.2398
6.5258,0.9683,4.1521
6.5260,0.8606,3.7007
6.5262,0.7747,3.3341
6.5264,0.7568,3.2557
6.5266,0.7814,3.3552
6.5268,0.8302,3.5648
6.5270,0.8322,3.5769
6.5272,0.8048,3.4605
6.5274,0.7688,3.3042
6.5276,0.7996,3.4367
6.5278,0.7996,3.4415
6.5280,0.71,3.0603
6.5282,0.7165,3.0824
6.5284,0.7308,3.1453
6.5286,0.6833,2.9409
6.5288,0.6742,2.9044
6.5290,0.7064,3.0377
6.5292,0.7652,3.2934
6.5294,0.7148,3.0766
6.5296,0.7309,3.1458
6.5298,0.7539,3.2419
6.5300,0.6966,3.0038
6.5302,0.5954,2.5686
6.5304,0.5952,2.5652
6.5306,0.6302,2.7111
6.5308,0.6377,2.7474
6.5310,0.5928,2.5549
6.5312,0.6301,2.7181
6.5314,0.561,2.4202
6.5316,0.5353,2.3084
6.5318,0.5334,2.3012
6.5320,0.5327,2.2992
6.5322,0.5334,2.2991
6.5324,0.625,2.6864
6.5326,0.6762,2.9145
6.5328,0.5675,2.4481
6.5330,0.546,2.3544
6.5332,0.5351,2.3074
6.5334,0.5301,2.2867
6.5336,0.528,2.2758
6.5338,0.529,2.2799
6.5340,0.5291,2.2836
6.5342,0.5303,2.2867
6.5344,0.5311,2.2903
6.5346,0.5305,2.2888
6.5348,0.5422,2.3379
6.5350,0.5838,2.5149
6.5352,0.5901,2.5423
6.5354,0.5717,2.4628
6.5356,0.6277,2.7052
6.5358,0.5716,2.4634
6.5360,0.5412,2.3327
6.5362,0.5377,2.3187
6.5364,0.5315,2.2919
6.5366,0.5229,2.2536
6.5368,0.5241,2.2588
6.5370,0.5213,2.249
6.5372,0.5226,2.2536
6.5374,0.5193,2.2402
6.5376,0.5369,2.3141
6.5378,0.5373,2.3156
6.5380,0.527,2.2722
6.5382,0.5247,2.2645
6.5384,0.5204,2.2427
6.5386,0.5827,2.508
6.5388,0.651,2.7982
6.5390,0.7157,3.0788
6.5392,0.7012,3.015
6.5394,0.7142,3.0726
6.5396,0.6377,2.7499
6.5398,0.5917,2.5502
6.5400,0.5452,2.3486
6.5402,0.5325,2.296
6.5404,0.5295,2.2831
6.5406,0.5289,2.2773
6.5408,0.5641,2.4314
6.5410,0.5234,2.2567
6.5412,0.5099,2.1988
6.5414,0.5769,2.4843
6.5416,0.6301,2.7105
6.5418,0.6545,2.8145
6.5420,0.7075,3.0395
6.5422,0.7419,3.1873
6.5424,0.7672,3.2991
6.5426,0.6989,3.0066
6.5428,0.7124,3.062
6.5430,0.7599,3.2676
6.5432,0.7628,3.28
6.5434,0.7525,3.2281
6.5436,0.8009,3.4375
6.5438,0.8146,3.493
6.5440,0.8544,3.6688
6.5442,0.8392,3.6067
6.5444,0.7646,3.2923
6.5446,0.6921,2.9758
6.5448,0.7015,3.018
6.5450,0.6916,2.9751
6.5452,0.6486,2.797
6.5454,0.6244,2.6863
6.5456,0.696,2.9928
6.5458,0.669,2.8755
6.5460,0.6641,2.861
6.5462,0.5829,2.5148
6.5464,0.5719,2.4649
6.5466,0.6347,2.7319
6.5468,0.631,2.7159
6.5470,0.5899,2.5413
6.5472,0.554,2.3902
6.5474,0.5472,2.3607
6.5476,0.5427,2.3399
6.5478,0.6141,2.6444
6.5480,0.5859,2.5266
6.5482,0.5769,2.4843
6.5484,0.6615,2.8444
6.5486,0.6948,2.9835
6.5488,0.7907,3.3954
6.5490,0.8085,3.47
6.5492,0.9446,4.0408
6.5494,1.0797,4.6189
6.5496,1.1028,4.7179
6.5498,1.0896,4.6615
6.5500,1.0425,4.462
6.5502,0.9327,3.9994
6.5504,0.8838,3.7914
6.5506,0.8542,3.6643
6.5508,0.8961,3.8443
6.5510,0.899,3.8585
6.5512,0.9251,3.967
6.5514,0.9038,3.8791
6.5516,0.8925,3.8289
6.5518,0.8828,3.789
6.5520,0.891,3.8258
6.5522,0.878,3.7667
6.5524,0.8952,3.8438
6.5526,0.8406,3.6129
6.5528,0.7759,3.3346
6.5530,0.7454,3.2052
6.5532,0.7403,3.1846
6.5534,0.7407,3.1881
6.5536,0.7199,3.0998
6.5538,0.7398,3.181
6.5540,0.7738,3.3243
6.5542,0.7874,3.3841
6.5544,0.8272,3.5536
6.5546,0.8169,3.5093
6.5548,0.7895,3.3871
6.5550,0.8943,3.8384
6.5552,0.8407,3.6151
6.5554,0.7931,3.4104
6.5556,0.7936,3.4109
6.5558,0.7996,3.4399
6.5560,0.7368,3.1696
6.5562,0.7665,3.2945
6.5564,0.7539,3.2434
6.5566,0.7,3.0112
6.5568,0.7761,3.3357
6.5570,0.8328,3.5828
6.5572,0.7768,3.3419
6.5574,0.7191,3.0923
6.5576,0.7163,3.08
6.5578,0.7756,3.3367
6.5580,0.7691,3.3073
6.5582,0.7122,3.0624
6.5584,0.6903,2.975
6.5586,0.6393,2.7541
6.5588,0.67,2.8863
6.5590,0.6319,2.7246
6.5592,0.5969,2.5689
6.5594,0.6869,2.955
6.5596,0.7129,3.067
6.5598,0.6759,2.913
6.5600,0.5934,2.5598
6.5602,0.5828,2.5155
6.5604,0.5809,2.506
6.5606,0.5879,2.5337
6.5608,0.5881,2.5335
6.5610,0.6316,2.7223
6.5612,0.6072,2.6205
6.5614,0.5352,2.309
6.5616,0.5298,2.2846
6.5618,0.5391,2.3223
6.5620,0.6912,2.9764
6.5622,0.6888,2.966
6.5624,0.6654,2.864
6.5626,0.6556,2.823
6.5628,0.7042,3.0293
6.5630,0.705,3.0343
6.5632,0.6696,2.8821
6.5634,0.7006,3.0138
6.5636,0.7114,3.0631
6.5638,0.6814,2.9354
6.5640,0.6584,2.8349
6.5642,0.7117,3.0618
6.5644,0.7034,3.0276
6.5646,0.7057,3.0388
6.5648,0.6051,2.6081
6.5650,0.5423,2.3395
6.5652,0.555,2.391
6.5654,0.5772,2.4888
6.5656,0.6075,2.6184
6.5658,0.6392,2.7561
6.5660,0.5852,2.5223
6.5662,0.5692,2.4531
6.5664,0.6158,2.6516
6.5666,0.6527,2.8146
6.5668,0.5317,2.2972
6.5670,0.4574,1.9751
6.5672,0.4485,1.9377
6.5674,0.4594,1.9811
6.5676,0.5128,2.2122
6.5678,0.4652,2.0097
6.5680,0.453,1.955
6.5682,0.4873,2.1011
6.5684,0.4852,2.0933
6.5686,0.4563,1.9704
6.5688,0.453,1.9559
6.5690,0.4508,1.9457
6.5692,0.4511,1.9477
6.5694,0.4568,1.9716
6.5696,0.4527,1.9513
6.5698,0.5307,2.2851
6.5700,0.5473,2.3612
6.5702,0.4883,2.1077
6.5704,0.4521,1.9505
6.5706,0.4463,1.927
6.5708,0.4476,1.9326
6.5710,0.447,1.9283
6.5712,0.4467,1.9263
6.5714,0.4483,1.9349
6.5716,0.4491,1.9376
6.5718,0.4964,2.1384
6.5720,0.5482,2.3604
6.5722,0.5846,2.5197
6.5724,0.5777,2.4909
6.5726,0.5475,2.3617
6.5728,0.5255,2.266
6.5730,0.5174,2.2298
6.5732,0.5116,2.206
6.5734,0.4862,2.0955
6.5736,0.5174,2.2309
6.5738,0.4973,2.1455
6.5740,0.4929,2.1234
6.5742,0.5562,2.3973
6.5744,0.5309,2.285
6.5746,0.6135,2.6394
6.5748,0.6597,2.8406
6.5750,0.5407,2.3306
6.5752,0.5014,2.1591
6.5754,0.59,2.5394
6.5756,0.613,2.6434
6.5758,0.5282,2.2774
6.5760,0.4996,2.1533
6.5762,0.5085,2.1906
6.5764,0.5579,2.4
6.5766,0.6316,2.7185
6.5768,0.6138,2.6392
6.5770,0.6494,2.7936
6.5772,0.6484,2.7933
6.5774,0.6399,2.7554
6.5776,0.594,2.5588
6.5778,0.5461,2.3517
6.5780,0.5249,2.2645
6.5782,0.4857,2.0944
6.5784,0.4777,2.0597
6.5786,0.519,2.2381
6.5788,0.4969,2.1415
6.5790,0.4788,2.0653
6.5792,0.4738,2.0451
6.5794,0.4725,2.0375
6.5796,0.4711,2.0313
6.5798,0.4852,2.0904
6.5800,0.5368,2.3114
6.5802,0.5608,2.4169
6.5804,0.5367,2.313
6.5806,0.491,2.1171
6.5808,0.5377,2.3166
6.5810,0.6242,2.6853
6.5812,0.6719,2.8906
6.5814,0.6145,2.6423
6.5816,0.6241,2.6822
6.5818,0.6604,2.841
6.5820,0.6791,2.9161
6.5822,0.7639,3.2801
6.5824,0.7702,3.312
6.5826,0.734,3.1563
6.5828,0.7441,3.1921
6.5830,0.8118,3.4811
6.5832,0.8581,3.6813
6.5834,0.9118,3.9044
6.5836,0.9208,3.9448
6.5838,0.9398,4.0259
6.5840,0.9414,4.0369
6.5842,0.9369,4.0155
6.5844,0.8883,3.8074
6.5846,0.9241,3.9587
6.5848,0.9823,4.2044
6.5850,0.9769,4.1871
6.5852,0.9719,4.1616
6.5854,0.9988,4.2767
6.5856,1.0201,4.366
6.5858,1.0532,4.5097
6.5860,0.9996,4.2862
6.5862,0.9661,4.1389
6.5864,1.0292,4.4009
6.5866,1.0974,4.6904
6.5868,1.0281,4.4065
6.5870,0.9381,4.0225
6.5872,0.9739,4.1762
6.5874,0.9179,3.9361
6.5876,0.8741,3.7549
6.5878,0.7966,3.4206
6.5880,0.8285,3.5592
6.5882,0.8413,3.6143
6.5884,0.8629,3.7088
6.5886,0.8383,3.6015
6.5888,0.7974,3.4306
6.5890,0.7754,3.3295
6.5892,0.8826,3.7862
6.5894,0.8498,3.6475
6.5896,0.8936,3.8353
6.5898,0.8486,3.6475
6.5900,0.8104,3.4814
6.5902,0.8196,3.526
6.5904,0.7771,3.3414
6.5906,0.7611,3.2713
6.5908,0.7935,3.4088
6.5910,0.849,3.649
6.5912,0.8351,3.5842
6.5914,0.8105,3.4884
6.5916,0.7088,3.0494
6.5918,0.7578,3.2553
6.5920,0.8193,3.5179
6.5922,0.8422,3.6196
6.5924,0.8401,3.6058
6.5926,0.8959,3.8451
6.5928,0.8597,3.6897
6.5930,0.8661,3.7192
6.5932,0.8413,3.616
6.5934,0.8221,3.5401
6.5936,0.7292,3.1356
6.5938,0.7458,3.2068
6.5940,0.7503,3.2294
6.5942,0.6798,2.926
6.5944,0.6674,2.8696
6.5946,0.6742,2.9044
6.5948,0.6733,2.9035
6.5950,0.6187,2.6677
6.5952,0.6311,2.7127
6.5954,0.756,3.2536
6.5956,0.6615,2.8523
6.5958,0.6206,2.6723
6.5960,0.6377,2.7461
6.5962,0.6585,2.8367
6.5964,0.6604,2.8476
6.5966,0.6526,2.814
6.5968,0.596,2.5664
6.5970,0.6296,2.711
6.5972,0.6395,2.7538
6.5974,0.5897,2.5426
6.5976,0.532,2.295
6.5978,0.526,2.2712
6.5980,0.5253,2.2671
6.5982,0.5328,2.2976
6.5984,0.5407,2.3328
6.5986,0.5377,2.3177
6.5988,0.532,2.295
6.5990,0.529,2.2821
6.5992,0.5328,2.2986
6.5994,0.5386,2.3234
6.5996,0.5367,2.3162
6.5998,0.5502,2.3725
6.6000,0.6122,2.6398
6.6002,0.5694,2.4541
6.6004,0.5319,2.2955
6.6006,0.5292,2.282
6.6008,0.5578,2.4051
6.6010,0.5205,2.2433
6.6012,0.5403,2.3264
6.6014,0.5973,2.5757
6.6016,0.5446,2.346
6.6018,0.582,2.5049
6.6020,0.6022,2.5945
6.6022,0.547,2.3586
6.6024,0.5786,2.4893
6.6026,0.6949,2.991
6.6028,0.6437,2.7732
6.6030,0.6309,2.7192
6.6032,0.6508,2.8011
6.6034,0.659,2.8348
6.6036,0.6514,2.805
6.6038,0.6706,2.8849
6.6040,0.7207,3.099
6.6042,0.7102,3.0508
6.6044,0.7792,3.3475
6.6046,0.7845,3.3749
6.6048,0.6648,2.8668
6.6050,0.6383,2.7474
6.6052,0.738,3.1718
6.6054,0.7434,3.195
6.6056,0.7689,3.3063
6.6058,0.792,3.4042
6.6060,0.7164,3.0819
6.6062,0.6886,2.9609
6.6064,0.7153,3.083
6.6066,0.6082,2.6215
6.6068,0.5819,2.5055
6.6070,0.578,2.4913
6.6072,0.6044,2.6038
6.6074,0.5966,2.5702
6.6076,0.612,2.6314
6.6078,0.6567,2.8264
6.6080,0.6415,2.7647
6.6082,0.5814,2.5058
6.6084,0.6492,2.7918
6.6086,0.7272,3.1254
6.6088,0.7154,3.0764
6.6090,0.6787,2.92
6.6092,0.6857,2.9471
6.6094,0.797,3.419
6.6096,0.8594,3.6904
6.6098,0.8028,3.4538
6.6100,0.7467,3.2139
6.6102,0.675,2.9094
6.6104,0.5621,2.4248
6.6106,0.4762,2.0564
6.6108,0.4689,2.0239
6.6110,0.4687,2.0219
6.6112,0.4752,2.0517
6.6114,0.5039,2.175
6.6116,0.5555,2.3975
6.6118,0.47,2.0276
6.6120,0.4543,1.9616
6.6122,0.4682,2.0208
6.6124,0.4579,1.9753
6.6126,0.449,1.938
6.6128,0.4515,1.9479
6.6130,0.4514,1.951
6.6132,0.434,1.8741
6.6134,0.4572,1.9713
6.6136,0.4996,2.1523
6.6138,0.552,2.3814
6.6140,0.521,2.2422
6.6142,0.5778,2.4903
6.6144,0.4945,2.1311
6.6146,0.5496,2.3666
6.6148,0.6105,2.6289
6.6150,0.6418,2.7624
6.6152,0.6435,2.767
6.6154,0.6947,2.9844
6.6156,0.7181,3.0834
6.6158,0.8043,3.4455
6.6160,0.9691,4.1537
6.6162,0.8741,3.7532
6.6164,0.7279,3.1329
6.6166,0.681,2.9311
6.6168,0.673,2.8965
6.6170,0.6708,2.8832
6.6172,0.6723,2.8948
6.6174,0.613,2.6385
6.6176,0.6483,2.7889
6.6178,0.6883,2.9585
6.6180,0.7408,3.1812
6.6182,0.8705,3.7325
6.6184,0.958,4.104
6.6186,0.966,4.1365
6.6188,0.9709,4.1634
6.6190,0.9642,4.1269
6.6192,0.9986,4.2741
6.6194,0.9726,4.1706
6.6196,0.9037,3.8749
6.6198,0.9232,3.9643
6.6200,0.8791,3.7713
6.6202,0.9043,3.8739
6.6204,0.9303,3.9928
6.6206,0.8893,3.8186
6.6208,0.8586,3.6851
6.6210,0.8884,3.8185
6.6212,0.8358,3.5906
6.6214,0.8639,3.7112
6.6216,0.8476,3.6343
6.6218,0.923,3.9596
6.6220,0.8786,3.7728
6.6222,0.8462,3.6371
6.6224,0.8236,3.5397
6.6226,0.7634,3.2841
6.6228,0.7534,3.2398
6.6230,0.7774,3.3413
6.6232,0.7934,3.4083
6.6234,0.8105,3.4852
6.6236,0.7805,3.3563
6.6238,0.8025,3.4458
6.6240,0.8376,3.5984
6.6242,0.7786,3.3481
6.6244,0.7839,3.3707
6.6246,0.835,3.587
6.6248,0.8086,3.4737
6.6250,0.7985,3.4304
6.6252,0.8099,3.4826
6.6254,0.7868,3.3831
6.6256,0.7904,3.3986
6.6258,0.7791,3.3486
6.6260,0.7989,3.4336
6.6262,0.8619,3.7046
6.6264,0.8818,3.7867
6.6266,0.8705,3.743
6.6268,0.7496,3.2263
6.6270,0.697,2.9984
6.6272,0.7375,3.1742
6.6274,0.6763,2.915
6.6276,0.6073,2.6174
6.6278,0.6501,2.8006
6.6280,0.682,2.9352
6.6282,0.7199,3.0983
6.6284,0.7079,3.0467
6.6286,0.7151,3.0748
6.6288,0.6991,3.0132
6.6290,0.5961,2.5681
6.6292,0.5958,2.569
6.6294,0.6078,2.6195
6.6296,0.6146,2.6489
6.6298,0.5592,2.4158
6.6300,0.4644,2.0042
6.6302,0.5008,2.1615
6.6304,0.4807,2.0746
6.6306,0.5328,2.2986
6.6308,0.4862,2.1013
6.6310,0.4334,1.8742
6.6312,0.4346,1.8767
6.6314,0.4331,1.87
6.6316,0.4333,1.871
6.6318,0.4309,1.8607
6.6320,0.4309,1.8607
6.6322,0.4465,1.9298
6.6324,0.4419,1.9092
6.6326,0.4349,1.8769
6.6328,0.4325,1.8683
6.6330,0.4336,1.8738
6.6332,0.4343,1.8769
6.6334,0.433,1.8686
6.6336,0.435,1.8774
6.6338,0.4325,1.8665
6.6340,0.4332,1.8697
6.6342,0.4356,1.88
6.6344,0.4626,1.9955
6.6346,0.5158,2.2231
6.6348,0.4965,2.1429
6.6350,0.4511,1.9486
6.6352,0.4466,1.9267
6.6354,0.4489,1.9356
6.6356,0.4515,1.9488
6.6358,0.4491,1.9385
6.6360,0.4494,1.9395
6.6362,0.4612,1.9898
6.6364,0.4641,2.0022
6.6366,0.4611,1.9912
6.6368,0.4592,1.9819
6.6370,0.4657,2.0071
6.6372,0.5502,2.3725
6.6374,0.5021,2.1672
6.6376,0.4592,1.9801
6.6378,0.4491,1.9367
6.6380,0.4364,1.8854
6.6382,0.4512,1.9455
6.6384,0.5041,2.1715
6.6386,0.5455,2.3513
6.6388,0.5711,2.4602
6.6390,0.5694,2.453
6.6392,0.5472,2.3563
6.6394,0.5496,2.3699
6.6396,0.5,2.1589
6.6398,0.4762,2.0564
6.6400,0.4447,1.9184
6.6402,0.4427,1.9088
6.6404,0.4657,2.0071
6.6406,0.4953,2.1328
6.6408,0.5612,2.4133
6.6410,0.5815,2.5028
6.6412,0.5394,2.3227
6.6414,0.5304,2.2861
6.6416,0.5482,2.3615
6.6418,0.5875,2.5298
6.6420,0.5775,2.4858
6.6422,0.5951,2.5599
6.6424,0.6052,2.6026
6.6426,0.6771,2.91
6.6428,0.6602,2.8387
6.6430,0.6841,2.9391
6.6432,0.7604,3.2682
6.6434,0.7537,3.2393
6.6436,0.6832,2.9349
6.6438,0.7116,3.0556
6.6440,0.7844,3.3681
6.6442,0.7484,3.2166
6.6444,0.6761,2.9032
6.6446,0.7316,3.1386
6.6448,0.7937,3.4083
6.6450,0.7777,3.3424
6.6452,0.7507,3.2279
6.6454,0.6448,2.7753
6.6456,0.5756,2.4798
6.6458,0.5638,2.4287
6.6460,0.5525,2.379
6.6462,0.5627,2.4207
6.6464,0.5911,2.5441
6.6466,0.6642,2.8575
6.6468,0.656,2.8233
6.6470,0.5561,2.3956
6.6472,0.6184,2.6617
6.6474,0.6593,2.8324
6.6476,0.6915,2.9732
6.6478,0.6307,2.7144
6.6480,0.5574,2.3991
6.6482,0.6477,2.7864
6.6484,0.7211,3.0963
6.6486,0.7434,3.195
6.6488,0.6651,2.8598
6.6490,0.6819,2.9334
6.6492,0.7048,3.0277
6.6494,0.6988,3.0005
6.6496,0.7598,3.2626
6.6498,0.8113,3.4839
6.6500,0.8452,3.6257
6.6502,0.8569,3.6727
6.6504,0.9291,3.9802
6.6506,0.9356,4.0098
6.6508,0.8766,3.7623
6.6510,0.85,3.6429
6.6512,0.9201,3.9417
6.6514,0.9377,4.0228
6.6516,0.8784,3.7752
6.6518,0.8004,3.4403
6.6520,0.7568,3.2542
6.6522,0.747,3.2105
6.6524,0.7086,3.0456
6.6526,0.7253,3.1186
6.6528,0.7359,3.166
6.6530,0.7556,3.243
6.6532,0.8196,3.5162
6.6534,0.9071,3.8935
6.6536,0.9051,3.8811
6.6538,0.8753,3.7566
6.6540,0.8953,3.8372
6.6542,0.9363,4.0223
6.6544,0.8024,3.4469
6.6546,0.7584,3.2579
6.6548,0.7567,3.2522
6.6550,0.797,3.419
6.6552,0.8702,3.7332
6.6554,0.8372,3.5935
6.6556,0.864,3.7065
6.6558,0.891,3.8204
6.6560,0.8953,3.8461
6.6562,0.7949,3.4166
6.6564,0.8196,3.5178
6.6566,0.8539,3.665
6.6568,0.8268,3.552
6.6570,0.8226,3.529
6.6572,0.8341,3.5851
6.6574,0.84,3.6087
6.6576,0.8778,3.7692
6.6578,0.835,3.587
6.6580,0.7838,3.3655
6.6582,0.8235,3.5392
6.6584,0.7833,3.365
6.6586,0.751,3.231
6.6588,0.7404,3.1836
6.6590,0.7572,3.2573
6.6592,0.7568,3.2573
6.6594,0.7038,3.0278
6.6596,0.7159,3.0798
6.6598,0.7032,3.0266
6.6600,0.6733,2.9008
6.6602,0.664,2.8578
6.6604,0.6711,2.8883
6.6606,0.6731,2.8997
6.6608,0.6777,2.914
6.6610,0.7136,3.0715
6.6612,0.6795,2.9217
6.6614,0.7331,3.1551
6.6616,0.726,3.1188
6.6618,0.8048,3.4524
6.6620,0.8386,3.6042
6.6622,0.7753,3.3367
6.6624,0.7371,3.1682
6.6626,0.7996,3.4351
6.6628,0.7709,3.3151
6.6630,0.7603,3.2722
6.6632,0.7645,3.2872
6.6634,0.7557,3.2466
6.6636,0.7536,3.2433
6.6638,0.7525,3.2372
6.6640,0.7387,3.1779
6.6642,0.7456,3.2048
6.6644,0.785,3.3738
6.6646,0.8096,3.4795
6.6648,0.8033,3.4543
6.6650,0.7876,3.382
6.6652,0.8185,3.5165
6.6654,0.7785,3.3507
6.6656,0.7299,3.1431
6.6658,0.6862,2.9574
6.6660,0.6154,2.6513
6.6662,0.6106,2.6294
6.6664,0.6105,2.6313
6.6666,0.6658,2.8642
6.6668,0.7279,3.1271
6.6670,0.7408,3.1871
6.6672,0.7436,3.202
6.6674,0.6955,2.9908
6.6676,0.7241,3.1149
6.6678,0.7327,3.1535
6.6680,0.7321,3.1495
6.6682,0.7496,3.2218
6.6684,0.808,3.4679
6.6686,0.8434,3.6248
6.6688,0.8362,3.5939
6.6690,0.8545,3.6693
6.6692,0.8034,3.458
6.6694,0.6877,2.9614
6.6696,0.684,2.9454
6.6698,0.6494,2.8001
6.6700,0.5431,2.3442
6.6702,0.5344,2.3053
6.6704,0.5331,2.2997
6.6706,0.531,2.2898
6.6708,0.5307,2.2914
6.6710,0.5307,2.2904
6.6712,0.531,2.2898
6.6714,0.5556,2.3958
6.6716,0.6534,2.8098
6.6718,0.7875,3.3831
6.6720,0.7374,3.1737
6.6722,0.6743,2.9063
6.6724,0.6357,2.7411
6.6726,0.5991,2.5847
6.6728,0.5557,2.3941
6.6730,0.5982,2.5805
6.6732,0.5659,2.4391
6.6734,0.563,2.4245
6.6736,0.5928,2.5549
6.6738,0.5657,2.4403
6.6740,0.6057,2.6095
6.6742,0.6629,2.8532
6.6744,0.6785,2.9216
6.6746,0.6303,2.7191
6.6748,0.6061,2.6086
6.6750,0.7126,3.0583
6.6752,0.8164,3.5121
6.6754,0.8044,3.4605
6.6756,0.7765,3.3326
6.6758,0.8455,3.6374
6.6760,0.766,3.2939
6.6762,0.7856,3.3764
6.6764,0.8079,3.4706
6.6766,0.7494,3.2268
6.6768,0.6628,2.8527
6.6770,0.7118,3.0609
6.6772,0.7236,3.1201
6.6774,0.5819,2.509
6.6776,0.5639,2.4303
6.6778,0.5627,2.4274
6.6780,0.5593,2.4118
6.6782,0.5598,2.4139
6.6784,0.6147,2.6433
6.6786,0.7054,3.0373
6.6788,0.6117,2.6377
6.6790,0.5633,2.4266
6.6792,0.6265,2.7001
6.6794,0.613,2.6434
6.6796,0.6009,2.5912
6.6798,0.4777,2.0664
6.6800,0.4002,1.729
6.6802,0.3999,1.7266
6.6804,0.4357,1.8796
6.6806,0.5112,2.2065
6.6808,0.5292,2.2842
6.6810,0.5018,2.1636
6.6812,0.5174,2.2288
6.6814,0.6164,2.6517
6.6816,0.7132,3.0651
6.6818,0.7537,3.2393
6.6820,0.7387,3.1734
6.6822,0.7971,3.4259
6.6824,0.8179,3.509
6.6826,0.8612,3.6964
6.6828,0.8829,3.7825
6.6830,1.0181,4.3573
6.6832,1.0639,4.5533
6.6834,1.046,4.481
6.6836,1.0356,4.4343
6.6838,1.0502,4.4948
6.6840,1.0323,4.4266
6.6842,1.0052,4.2983
6.6844,1.1155,4.7722
6.6846,1.0804,4.6263
6.6848,1.0672,4.5677
6.6850,1.1308,4.8374
6.6852,1.1563,4.9443
6.6854,1.1412,4.8889
6.6856,1.0292,4.4215
6.6858,0.9031,3.876
6.6860,0.9255,3.9667
6.6862,0.9265,3.9708
6.6864,0.9244,3.962
6.6866,0.9242,3.9684
6.6868,0.876,3.7649
6.6870,0.8886,3.8173
6.6872,0.9094,3.9033
6.6874,0.9407,4.0395
6.6876,0.9255,3.9704
6.6878,0.947,4.0605
6.6880,0.9214,3.9566
6.6882,0.9616,4.1175
6.6884,1.0863,4.6471
6.6886,1.1198,4.7974
6.6888,1.0633,4.5571
6.6890,0.9864,4.2317
6.6892,0.9311,3.9983
6.6894,0.859,3.6969
6.6896,0.8116,3.4882
6.6898,0.8297,3.5677
6.6900,0.7753,3.3367
6.6902,0.813,3.4944
6.6904,0.8642,3.7144
6.6906,0.8235,3.5409
6.6908,0.812,3.4963
6.6910,0.6976,3.0051
6.6912,0.6405,2.7631
6.6914,0.6189,2.6712
6.6916,0.681,2.927
6.6918,0.8404,3.6119
6.6920,0.8496,3.6567
6.6922,0.759,3.265
6.6924,0.751,3.234
6.6926,0.6874,2.9612
6.6928,0.6773,2.9192
6.6930,0.6845,2.9461
6.6932,0.7387,3.1838
6.6934,0.6467,2.7887
6.6936,0.5904,2.5504
6.6938,0.5174,2.2329
6.6940,0.512,2.2107
6.6942,0.5543,2.3901
6.6944,0.5633,2.4311
6.6946,0.5626,2.4291
6.6948,0.5608,2.4191
6.6950,0.611,2.6322
6.6952,0.6472,2.7921
6.6954,0.5572,2.4047
6.6956,0.5375,2.3188
6.6958,0.5477,2.3628
6.6960,0.5514,2.3799
6.6962,0.5483,2.3675
6.6964,0.4933,2.1289
6.6966,0.5148,2.221
6.6968,0.5483,2.3664
6.6970,0.5439,2.3484
6.6972,0.4996,2.1573
6.6974,0.4683,2.0222
6.6976,0.4623,1.9982
6.6978,0.4579,1.979
6.6980,0.462,1.9957
6.6982,0.4611,1.993
6.6984,0.4612,1.9926
6.6986,0.4587,1.979
6.6988,0.4559,1.9693
6.6990,0.4419,1.9092
6.6992,0.441,1.9042
6.6994,0.4437,1.917
6.6996,0.4443,1.9187
6.6998,0.4465,1.9289
6.7000,0.4469,1.9304
6.7002,0.4509,1.9489
6.7004,0.4499,1.9425
6.7006,0.4446,1.9188
6.7008,0.461,1.9851
6.7010,0.5762,2.4847
6.7012,0.5199,2.2438
6.7014,0.4704,2.0291
6.7016,0.4859,2.0944
6.7018,0.5574,2.4024
6.7020,0.5963,2.5722
6.7022,0.5648,2.4345
6.7024,0.5418,2.3352
6.7026,0.5686,2.4516
6.7028,0.5435,2.3414
6.7030,0.5736,2.4699
6.7032,0.6121,2.6332
6.7034,0.6745,2.9019
6.7036,0.6557,2.8222
6.7038,0.6636,2.8576
6.7040,0.6518,2.8065
6.7042,0.6037,2.5995
6.7044,0.5877,2.532
6.7046,0.6158,2.6516
6.7048,0.6592,2.8385
6.7050,0.6451,2.775
6.7052,0.6985,3.0037
6.7054,0.7241,3.1164
6.7056,0.7253,3.1172
6.7058,0.7313,3.1459
6.7060,0.6086,2.6231
6.7062,0.6054,2.6091
6.7064,0.5973,2.5721
6.7066,0.6078,2.6158
6.7068,0.6454,2.7804
6.7070,0.6359,2.7396
6.7072,0.6689,2.875
6.7074,0.7079,3.0453
6.7076,0.6718,2.8941
6.7078,0.6266,2.6968
6.7080,0.6244,2.69
6.7082,0.6082,2.6215
6.7084,0.5729,2.4691
6.7086,0.5754,2.4811
6.7088,0.5319,2.2902
6.7090,0.5743,2.473
6.7092,0.6411,2.7606
6.7094,0.6194,2.6646
6.7096,0.6664,2.8735
6.7098,0.5413,2.3343
6.7100,0.4829,2.0854
6.7102,0.4786,2.0639
6.7104,0.4754,2.0499
6.7106,0.4754,2.0509
6.7108,0.4798,2.071
6.7110,0.4749,2.0478
6.7112,0.4934,2.1265
6.7114,0.5585,2.4071
6.7116,0.5358,2.3073
6.7118,0.5566,2.401
6.7120,0.5421,2.3363
6.7122,0.56,2.4127
6.7124,0.5285,2.28
6.7126,0.473,2.0396
6.7128,0.4668,2.0136
6.7130,0.469,2.0234
6.7132,0.4525,1.9539
6.7134,0.4507,1.9443
6.7136,0.516,2.2252
6.7138,0.4692,2.0249
6.7140,0.4699,2.0261
6.7142,0.5266,2.2696
6.7144,0.5045,2.1735
6.7146,0.4858,2.0939
6.7148,0.5134,2.2117
6.7150,0.611,2.6285
6.7152,0.657,2.8292
6.7154,0.6159,2.6497
6.7156,0.6217,2.6719
6.7158,0.7364,3.1563
6.7160,0.9184,3.9363
6.7162,0.878,3.7632
6.7164,0.8737,3.7429
6.7166,0.9195,3.9428
6.7168,0.9118,3.9081
6.7170,0.929,3.9834
6.7172,0.9335,4.003
6.7174,0.8998,3.8549
6.7176,0.9618,4.1185
6.7178,0.9329,4.0041
6.7180,0.8087,3.4742
6.7182,0.8007,3.4365
6.7184,0.8358,3.5873
6.7186,0.8224,3.5297
6.7188,0.8275,3.5568
6.7190,0.8134,3.4911
6.7192,0.829,3.558
6.7194,0.7621,3.2754
6.7196,0.7341,3.1597
6.7198,0.7202,3.0984
6.7200,0.7248,3.1151
6.7202,0.7251,3.1196
6.7204,0.6894,2.9645
6.7206,0.7522,3.2271
6.7208,0.8244,3.5401
6.7210,0.7888,3.3856
6.7212,0.812,3.4865
6.7214,0.8676,3.7254
6.7216,0.854,3.6621
6.7218,0.8708,3.7393
6.7220,0.8171,3.507
6.7222,0.8649,3.7123
6.7224,0.8661,3.7123
6.7226,0.8994,3.8636
6.7228,0.79,3.3923
6.7230,0.8477,3.6382
6.7232,0.8829,3.7878
6.7234,0.9225,3.9575
6.7236,0.9159,3.9219
6.7238,1.0064,4.3156
6.7240,0.9673,4.1518
6.7242,0.9195,3.9483
6.7244,0.8875,3.8038
6.7246,0.981,4.2066
6.7248,0.976,4.1889
6.7250,0.9107,3.9107
6.7252,0.8627,3.7026
6.7254,0.845,3.6303
6.7256,0.8546,3.6664
6.7258,0.8853,3.7981
6.7260,0.9057,3.8891
6.7262,0.9151,3.9274
6.7264,0.8952,3.8438
6.7266,0.9135,3.9226
6.7268,0.9352,4.0139
6.7270,0.8621,3.7017
6.7272,0.7886,3.3893
6.7274,0.7496,3.2293
6.7276,0.6725,2.8985
6.7278,0.6821,2.9344
6.7280,0.7206,3.1014
6.7282,0.7054,3.033
6.7284,0.8211,3.5273
6.7286,0.8142,3.4996
6.7288,0.7834,3.3655
6.7290,0.7853,3.3785
6.7292,0.7127,3.0702
6.7294,0.6799,2.9319
6.7296,0.5961,2.5705
6.7298,0.5702,2.46
6.7300,0.5642,2.4319
6.7302,0.5706,2.4604
6.7304,0.5785,2.4957
6.7306,0.5755,2.4828
6.7308,0.5834,2.5181
6.7310,0.5829,2.5125
6.7312,0.5829,2.5113
6.7314,0.5863,2.5293
6.7316,0.6287,2.7049
6.7318,0.7363,3.1631
6.7320,0.7429,3.1929
6.7322,0.688,2.9665
6.7324,0.5939,2.5619
6.7326,0.5903,2.5464
6.7328,0.554,2.3891
6.7330,0.5548,2.3922
6.7332,0.555,2.3943
6.7334,0.5521,2.3808
6.7336,0.5532,2.3843
6.7338,0.5511,2.3772
6.7340,0.5525,2.3834
6.7342,0.5566,2.3999
6.7344,0.5566,2.3999
6.7346,0.5573,2.4041
6.7348,0.5546,2.3894
6.7350,0.6284,2.7046
6.7352,0.6486,2.7931
6.7354,0.5937,2.5578
6.7356,0.5973,2.5781
6.7358,0.5419,2.3379
6.7360,0.5478,2.3611
6.7362,0.615,2.648
6.7364,0.6754,2.9082
6.7366,0.619,2.668
6.7368,0.5407,2.3328
6.7370,0.5373,2.3145
6.7372,0.5855,2.5245
6.7374,0.5592,2.4102
6.7376,0.5415,2.3337
6.7378,0.5907,2.5461
6.7380,0.6202,2.672
6.7382,0.6482,2.7845
6.7384,0.7537,3.2348
6.7386,0.869,3.7264
6.7388,0.9182,3.9408
6.7390,0.7868,3.3878
6.7392,0.6341,2.7319
6.7394,0.6725,2.8945
6.7396,0.6642,2.8602
6.7398,0.6368,2.7432
6.7400,0.668,2.8762
6.7402,0.6641,2.8544
6.7404,0.7021,3.0233
6.7406,0.6918,2.9789
6.7408,0.6644,2.8634
6.7410,0.6588,2.8356
6.7412,0.7159,3.077
6.7414,0.7177,3.0876
6.7416,0.7382,3.1714
6.7418,0.8298,3.5582
6.7420,0.8633,3.7069
6.7422,0.8315,3.5688
6.7424,0.8595,3.6857
6.7426,0.9637,4.1325
6.7428,0.9285,3.9907
6.7430,0.8563,3.6753
6.7432,0.8296,3.5605
6.7434,0.8489,3.6485
6.7436,0.8416,3.6086
6.7438,0.8965,3.8477
6.7440,0.8965,3.8495
6.7442,0.9009,3.8685
6.7444,0.8256,3.5419
6.7446,0.8677,3.7294
6.7448,0.8479,3.6359
6.7450,0.9531,4.0925
6.7452,0.8532,3.6687
6.7454,0.7385,3.1798
6.7456,0.6675,2.8768
6.7458,0.6771,2.9195
6.7460,0.6478,2.7921
6.7462,0.6004,2.5855
6.7464,0.6976,3.0065
6.7466,0.6389,2.7538
6.7468,0.6024,2.595
6.7470,0.651,2.8021
6.7472,0.6235,2.6884
6.7474,0.5732,2.4718
6.7476,0.6148,2.6499
6.7478,0.5638,2.4287
6.7480,0.6484,2.792
6.7482,0.6283,2.7053
6.7484,0.6322,2.7249
6.7486,0.638,2.7471
6.7488,0.7364,3.1636
6.7490,0.7635,3.2877
6.7492,0.7176,3.0899
6.7494,0.7277,3.1289
6.7496,0.7519,3.2256
6.7498,0.8982,3.8549
6.7500,0.9172,3.9367
6.7502,0.9109,3.9094
6.7504,0.905,3.8842
6.7506,0.9266,3.975
6.7508,0.9666,4.1449
6.7510,0.9816,4.2072
6.7512,0.9175,3.9322
6.7514,0.9708,4.1609
6.7516,0.9918,4.2528
6.7518,0.9784,4.1972
6.7520,0.989,4.2331
6.7522,1.1192,4.7881
6.7524,1.1011,4.7107
6.7526,1.0522,4.5098
6.7528,1.0414,4.4594
6.7530,1.0985,4.7082
6.7532,0.934,4.0162
6.7534,0.8434,3.6214
6.7536,0.9007,3.8621
6.7538,0.93,3.9955
6.7540,0.8815,3.7975
6.7542,0.698,3.0044
6.7544,0.6982,3.0063
6.7546,0.7057,3.036
6.7548,0.7033,3.0299
6.7550,0.7048,3.0333
6.7552,0.7676,3.3022
6.7554,0.7642,3.2908
6.7556,0.744,3.2035
6.7558,0.7781,3.3476
6.7560,0.8056,3.4641
6.7562,0.8407,3.6151
6.7564,0.751,3.2385
6.7566,0.6928,2.9817
6.7568,0.7713,3.3166
6.7570,0.7934,3.4131
6.7572,0.7952,3.4208
6.7574,0.7952,3.424
6.7576,0.7093,3.0557
6.7578,0.6876,2.9609
6.7580,0.7273,3.1318
6.7582,0.7694,3.313
6.7584,0.7193,3.0957
6.7586,0.7069,3.0454
6.7588,0.6828,2.943
6.7590,0.7287,3.1321
6.7592,0.8166,3.5099
6.7594,0.7403,3.1905
6.7596,0.6094,2.6279
6.7598,0.591,2.5483
6.7600,0.5925,2.5538
6.7602,0.6527,2.8132
6.7604,0.6628,2.8567
6.7606,0.5867,2.5297
6.7608,0.576,2.486
6.7610,0.5726,2.4703
6.7612,0.5906,2.5467
6.7614,0.5877,2.5343
6.7616,0.5937,2.5602
6.7618,0.6744,2.9054
6.7620,0.7078,3.0504
6.7622,0.5897,2.5426
6.7624,0.5844,2.5152
6.7626,0.7043,3.0326
6.7628,0.6701,2.8868
6.7630,0.6611,2.8468
6.7632,0.652,2.8088
6.7634,0.7452,3.2057
6.7636,0.7742,3.329
6.7638,0.7292,3.1356
6.7640,0.7579,3.2589
6.7642,0.75,3.2248
6.7644,0.701,3.0271
6.7646,0.5537,2.3919
6.7648,0.5422,2.3379
6.7650,0.5714,2.4606
6.7652,0.6404,2.7587
6.7654,0.6769,2.9163
6.7656,0.6536,2.8169
6.7658,0.6056,2.6102
6.7660,0.6573,2.8303
6.7662,0.6483,2.7954
6.7664,0.5759,2.4832
6.7666,0.6081,2.6198
6.7668,0.6453,2.7838
6.7670,0.5311,2.2935
6.7672,0.4875,2.1021
6.7674,0.5067,2.1899
6.7676,0.4568,1.9725
6.7678,0.4499,1.9425
6.7680,0.4566,1.9733
6.7682,0.4537,1.9609
6.7684,0.4835,2.086
6.7686,0.5279,2.2785
6.7688,0.4658,2.0104
6.7690,0.4608,1.9896
6.7692,0.4586,1.9812
6.7694,0.4573,1.9737
6.7696,0.4586,1.9794
6.7698,0.4548,1.9646
6.7700,0.4577,1.9771
6.7702,0.4499,1.9425
6.7704,0.4436,1.9156
6.7706,0.4418,1.906
6.7708,0.4413,1.9048
6.7710,0.4477,1.9332
6.7712,0.4487,1.9364
6.7714,0.4503,1.9446
6.7716,0.4463,1.927
6.7718,0.4785,2.0653
6.7720,0.5395,2.3243
6.7722,0.5933,2.5546
6.7724,0.5829,2.5113
6.7726,0.5514,2.3744
6.7728,0.5948,2.5565
6.7730,0.6445,2.7789
6.7732,0.5622,2.4253
6.7734,0.5405,2.3285
6.7736,0.6109,2.6268
6.7738,0.6527,2.8093
6.7740,0.6624,2.8538
6.7742,0.5905,2.5427
6.7744,0.6056,2.6077
6.7746,0.5807,2.5015
6.7748,0.5881,2.5312
6.7750,0.664,2.8539
6.7752,0.7334,3.1537
6.7754,0.7313,3.1429
6.7756,0.7319,3.1382
6.7758,0.8756,3.7581
6.7760,0.8125,3.4875
6.7762,0.8063,3.4655
6.7764,0.7971,3.4243
6.7766,0.8182,3.5133
6.7768,0.8129,3.4971
6.7770,0.7074,3.0461
6.7772,0.6646,2.8644
6.7774,0.5797,2.4962
6.7776,0.5682,2.4467
6.7778,0.5792,2.4942
6.7780,0.5814,2.5069
6.7782,0.5767,2.4868
6.7784,0.5676,2.4452
6.7786,0.6163,2.6525
6.7788,0.6358,2.7404
6.7790,0.5954,2.565
6.7792,0.5804,2.5005
6.7794,0.5765,2.4823
6.7796,0.6268,2.6979
6.7798,0.6579,2.8342
6.7800,0.6524,2.8065
6.7802,0.7036,3.0253
6.7804,0.6791,2.9283
6.7806,0.5586,2.4054
6.7808,0.5766,2.4816
6.7810,0.64,2.7559
6.7812,0.6204,2.6725
6.7814,0.6104,2.6272
6.7816,0.6748,2.9002
6.7818,0.761,3.2738
6.7820,0.7162,3.078
6.7822,0.7743,3.3233
6.7824,0.8149,3.5026
6.7826,0.7901,3.3928
6.7828,0.8977,3.8421
6.7830,1.0564,4.5215
6.7832,1.0992,4.7047
6.7834,1.08,4.6226
6.7836,1.0597,4.5375
6.7838,1.0594,4.5322
6.7840,1.1032,4.7194
6.7842,1.0892,4.6638
6.7844,1.0704,4.5837
6.7846,1.0293,4.4055
6.7848,1.1154,4.774
6.7850,1.1282,4.8311
6.7852,1.0863,4.6471
6.7854,1.0727,4.587
6.7856,1.1005,4.7125
6.7858,1.042,4.462
6.7860,1.0603,4.5421
6.7862,1.0577,4.5314
6.7864,1.0407,4.4605
6.7866,1.0224,4.3798
6.7868,1.0235,4.3845
6.7870,1.0345,4.4276
6.7872,1.0547,4.5185
6.7874,1.0443,4.4738
6.7876,1.0635,4.556
6.7878,1.0818,4.6346
6.7880,1.0557,4.529
6.7882,1.0302,4.4112
6.7884,1.0828,4.6387
6.7886,1.0517,4.5099
6.7888,1.0796,4.6227
6.7890,1.1351,4.8559
6.7892,1.1292,4.8465
6.7894,0.9889,4.2504
6.7896,0.8735,3.7524
6.7898,0.8223,3.5357
6.7900,0.7862,3.3837
6.7902,0.8026,3.4512
6.7904,0.8322,3.5785
6.7906,0.8337,3.5847
6.7908,0.8302,3.5731
6.7910,0.8404,3.6119
6.7912,0.8504,3.6501
6.7914,0.9316,3.9947
6.7916,1.0178,4.3644
6.7918,1.0326,4.4297
6.7920,1.0249,4.3968
6.7922,0.997,4.2809
6.7924,0.953,4.0901
6.7926,0.9643,4.137
6.7928,0.9559,4.1067
6.7930,0.8618,3.7059
6.7932,0.7847,3.3791
6.7934,0.7467,3.2094
6.7936,0.8102,3.4901
6.7938,0.7386,3.1803
6.7940,0.7805,3.3547
6.7942,0.8293,3.5678
6.7944,0.8091,3.4774
6.7946,0.8081,3.4765
6.7948,0.8297,3.5644
6.7950,0.9115,3.9138
6.7952,0.9842,4.2224
6.7954,1.0233,4.3942
6.7956,0.8424,3.6274
6.7958,0.7208,3.1096
6.7960,0.6369,2.7463
6.7962,0.6792,2.9207
6.7964,0.74,3.1924
6.7966,0.64,2.761
6.7968,0.6103,2.6352
6.7970,0.5933,2.5593
6.7972,0.6158,2.6541
6.7974,0.602,2.5995
6.7976,0.6088,2.6241
6.7978,0.6412,2.7649
6.7980,0.6498,2.8008
6.7982,0.7046,3.0342
6.7984,0.7503,3.2369
6.7986,0.6284,2.7109
6.7988,0.5722,2.4683
6.7990,0.5852,2.5246
6.7992,0.582,2.5118
6.7994,0.5088,2.1982
6.7996,0.4901,2.1164
6.7998,0.4978,2.1506
6.8000,0.5021,2.1672
6.8002,0.5678,2.4508
6.8004,0.6508,2.8024
6.8006,0.719,3.0947
6.8008,0.6802,2.9316
6.8010,0.6251,2.6944
6.8012,0.6267,2.7011
6.8014,0.6814,2.9354
6.8016,0.6851,2.9541
6.8018,0.6353,2.737
6.8020,0.6376,2.7481
6.8022,0.6623,2.8506
6.8024,0.7831,3.3656
6.8026,0.8375,3.5945
6.8028,0.8799,3.7802
6.8030,0.8781,3.7672
6.8032,0.9136,3.9286
6.8034,0.8916,3.8319
6.8036,0.8949,3.8428
6.8038,0.8813,3.7823
6.8040,0.9159,3.9347
6.8042,0.9179,3.9416
6.8044,0.9042,3.8806
6.8046,0.9015,3.8729
6.8048,0.9069,3.8979
6.8050,0.9425,4.0434
6.8052,1.0175,4.3588
6.8054,1.0507,4.5032
6.8056,1.038,4.4487
6.8058,1.0432,4.4734
6.8060,1.0408,4.4631
6.8062,1.0383,4.4523
6.8064,1.037,4.4467
6.8066,1.0696,4.5865
6.8068,1.0599,4.5512
6.8070,0.9277,3.9833
6.8072,0.9048,3.8814
6.8074,0.9547,4.094
6.8076,1.0305,4.423
6.8078,1.0384,4.4549
6.8080,1.0323,4.4287
6.8082,0.978,4.1996
6.8084,0.9612,4.1256
6.8086,0.9827,4.2138
6.8088,1.0597,4.5417
6.8090,1.0575,4.5324
6.8092,1.0695,4.586
6.8094,1.0708,4.5959
6.8096,1.0676,4.5756
6.8098,1.0613,4.5489
6.8100,1.0827,4.6404
6.8102,1.0959,4.6991
6.8104,1.0878,4.6668
6.8106,1.0792,4.6276
6.8108,1.0737,4.6018
6.8110,1.111,4.7639
6.8112,1.0731,4.6014
6.8114,1.0877,4.662
6.8116,1.1077,4.7478
6.8118,1.0798,4.6302
6.8120,1.1299,4.8428
6.8122,1.1139,4.7784
6.8124,1.0882,4.6662
6.8126,1.0877,4.6707
6.8128,1.0201,4.3864
6.8130,0.8713,3.7518
6.8132,0.812,3.4946
6.8134,0.8942,3.8451
6.8136,0.8973,3.8585
6.8138,0.8841,3.8088
6.8140,0.8579,3.6923
6.8142,0.8585,3.6914
6.8144,0.8705,3.743
6.8146,0.8848,3.8048
6.8148,0.8888,3.8254
6.8150,0.8343,3.5956
6.8152,0.7817,3.3599
6.8154,0.9418,4.0441
6.8156,1.0044,4.3169
6.8158,0.8702,3.7541
6.8160,0.7087,3.0546
6.8162,0.7582,3.2604
6.8164,0.8665,3.7294
6.8166,0.8526,3.6696
6.8168,0.8443,3.6289
6.8170,0.929,3.9909
6.8172,0.9765,4.1987
6.8174,0.9268,3.9816
6.8176,0.914,3.9265
6.8178,0.9277,3.9889
6.8180,0.9013,3.8773
6.8182,0.8956,3.8495
6.8184,0.9616,4.1348
6.8186,0.9672,4.1532
6.8188,1.0611,4.5479
6.8190,1.0869,4.6627
6.8192,1.0483,4.4971
6.8194,1.034,4.4441
6.8196,1.0058,4.325
6.8198,0.9971,4.2854
6.8200,0.9857,4.2345
6.8202,0.9827,4.2118
6.8204,1.0557,4.5311
6.8206,0.9712,4.1761
6.8208,0.9074,3.9018
6.8210,0.883,3.8006
6.8212,0.9217,3.9576
6.8214,0.9851,4.2299
6.8216,1.0085,4.3324
6.8218,1.0495,4.5001
6.8220,1.0651,4.5733
6.8222,1.025,4.4014
6.8224,1.0702,4.5955
6.8226,1.066,4.5732
6.8228,1.0738,4.6066
6.8230,1.084,4.6569
6.8232,1.0323,4.4307
6.8234,1.0682,4.5825
6.8236,1.078,4.6225
6.8238,1.0452,4.4921
6.8240,1.0104,4.3386
6.8242,1.0799,4.6415
6.8244,0.9856,4.2399
6.8246,0.8882,3.8246
6.8248,0.8858,3.8072
6.8250,0.9477,4.0769
6.8252,0.8703,3.7459
6.8254,0.8651,3.7232
6.8256,0.8928,3.8389
6.8258,0.9031,3.885
6.8260,0.9353,4.0238
6.8262,0.9362,4.0218
6.8264,0.9663,4.1549
6.8266,0.9375,4.0331
6.8268,0.9139,3.9333
6.8270,0.9051,3.8992
6.8272,0.8334,3.592
6.8274,0.7648,3.3025
6.8276,0.6832,2.9472
6.8278,0.7038,3.0376
6.8280,0.6938,2.9919
6.8282,0.7251,3.1283
6.8284,0.725,3.1278
6.8286,0.691,2.9822
6.8288,0.7003,3.0226
6.8290,0.7267,3.1394
6.8292,0.5979,2.5819
6.8294,0.5978,2.579
6.8296,0.6238,2.6974
6.8298,0.5977,2.5808
6.8300,0.6262,2.7053
6.8302,0.5844,2.5245
6.8304,0.5555,2.4008
6.8306,0.5502,2.3791
6.8308,0.549,2.3761
6.8310,0.4863,2.1038
6.8312,0.4635,2.0071
6.8314,0.4521,1.955
6.8316,0.5218,2.2542
6.8318,0.5538,2.3936
6.8320,0.5749,2.4825
6.8322,0.6121,2.6442
6.8324,0.6148,2.6536
6.8326,0.5903,2.5523
6.8328,0.5048,2.1816
6.8330,0.5003,2.1624
6.8332,0.4963,2.1458
6.8334,0.5013,2.1626
6.8336,0.5911,2.5488
6.8338,0.6805,2.9386
6.8340,0.6152,2.6564
6.8342,0.6012,2.5922
6.8344,0.5969,2.5784
6.8346,0.5957,2.572
6.8348,0.6013,2.5916
6.8350,0.6769,2.919
6.8352,0.6383,2.7563
6.8354,0.6049,2.6095
6.8356,0.6369,2.7438
6.8358,0.7205,3.1095
6.8360,0.6141,2.6518
6.8362,0.5979,2.5807
6.8364,0.5916,2.5521
6.8366,0.5895,2.5433
6.8368,0.5826,2.5144
6.8370,0.5996,2.5879
6.8372,0.6021,2.5988
6.8374,0.5942,2.5634
6.8376,0.5936,2.5644
6.8378,0.6009,2.5912
6.8380,0.6176,2.6631
6.8382,0.5948,2.566
6.8384,0.6007,2.5914
6.8386,0.6459,2.7825
6.8388,0.6996,3.0111
6.8390,0.7363,3.1734
6.8392,0.7223,3.113
6.8394,0.6989,3.008
6.8396,0.76,3.2697
6.8398,0.7304,3.1452
6.8400,0.7103,3.0584
6.8402,0.7254,3.1235
6.8404,0.7624,3.2846
6.8406,0.7127,3.0673
6.8408,0.7096,3.0582
6.8410,0.7063,3.0442
6.8412,0.7255,3.1197
6.8414,0.784,3.3681
6.8416,0.8516,3.6603
6.8418,0.897,3.8569
6.8420,0.8442,3.6318
6.8422,0.7833,3.3713
6.8424,0.7907,3.4017
6.8426,0.7873,3.3883
6.8428,0.7626,3.2805
6.8430,0.8293,3.5661
6.8432,0.8441,3.6279
6.8434,0.8537,3.6708
6.8436,0.8694,3.7349
6.8438,0.9027,3.8781
6.8440,0.9456,4.0625
6.8442,0.9241,3.9642
6.8444,0.9424,4.0485
6.8446,0.9283,3.9896
6.8448,0.8958,3.8518
6.8450,0.8458,3.6334
6.8452,0.8539,3.6735
6.8454,0.8595,3.6995
6.8456,0.8188,3.524
6.8458,0.7852,3.378
6.8460,0.7775,3.3527
6.8462,0.6321,2.7269
6.8464,0.6725,2.8999
6.8466,0.6895,2.9719
6.8468,0.6242,2.6953
6.8470,0.5194,2.2459
6.8472,0.4833,2.0879
6.8474,0.5259,2.2666
6.8476,0.5556,2.4003
6.8478,0.5143,2.2216
6.8480,0.5406,2.3301
6.8482,0.6676,2.8747
6.8484,0.7066,3.0467
6.8486,0.6804,2.934
6.8488,0.718,3.0887
6.8490,0.8094,3.4806
6.8492,0.8104,3.4815
6.8494,0.9452,4.0567
6.8496,0.9981,4.2836
6.8498,0.9877,4.2414
6.8500,1.0244,4.3907
6.8502,1.0787,4.6213
6.8504,1.0816,4.6337
6.8506,1.0793,4.6282
6.8508,1.0375,4.4467
6.8510,1.091,4.6759
6.8512,1.0338,4.437
6.8514,0.904,3.8874
6.8516,0.8635,3.7114
6.8518,0.8862,3.8053
6.8520,0.9093,3.9083
6.8522,0.9021,3.8792
6.8524,0.8588,3.693
6.8526,0.9176,3.9402
6.8528,0.9648,4.1469
6.8530,0.8949,3.8482
6.8532,0.8734,3.7554
6.8534,0.8711,3.7421
6.8536,0.8861,3.8101
6.8538,0.8156,3.5069
6.8540,0.8327,3.5823
6.8542,0.8744,3.7566
6.8544,0.9754,4.1786
6.8546,1.0641,4.5693
6.8548,0.9929,4.2655
6.8550,0.9508,4.0828
6.8552,0.9222,3.9653
6.8554,0.8246,3.5472
6.8556,0.86,3.693
6.8558,0.9431,4.0498
6.8560,0.9501,4.0854
6.8562,0.8943,3.8456
6.8564,0.8694,3.7384
6.8566,0.7898,3.404
6.8568,0.7771,3.3476
6.8570,0.733,3.159
6.8572,0.7184,3.0965
6.8574,0.7463,3.2149
6.8576,0.7296,3.1416
6.8578,0.7253,3.1216
6.8580,0.7906,3.3981
6.8582,0.8907,3.8284
6.8584,0.8941,3.841
6.8586,0.8846,3.8003
6.8588,0.8875,3.8127
6.8590,0.8754,3.7677
6.8592,0.8273,3.5608
6.8594,0.8268,3.557
6.8596,0.8232,3.5399
6.8598,0.7987,3.4438
6.8600,0.6735,2.9054
6.8602,0.6524,2.8117
6.8604,0.674,2.9061
6.8606,0.6694,2.8865
6.8608,0.6839,2.949
6.8610,0.6971,3.0059
6.8612,0.681,2.9298
6.8614,0.8177,3.5129
6.8616,0.8594,3.6973
6.8618,0.8314,3.5766
6.8620,0.8061,3.4742
6.8622,0.6893,2.975
6.8624,0.6367,2.7491
6.8626,0.6312,2.719
6.8628,0.7133,3.07
6.8630,0.699,3.0128
6.8632,0.7228,3.118
6.8634,0.6734,2.9022
6.8636,0.6913,2.9811
6.8638,0.6736,2.9005
6.8640,0.7254,3.125
6.8642,0.7014,3.0259
6.8644,0.6609,2.8511
6.8646,0.6675,2.8729
6.8648,0.7868,3.3848
6.8650,0.7541,3.2485
6.8652,0.6868,2.9628
6.8654,0.6687,2.882
6.8656,0.7023,3.0253
6.8658,0.6942,2.9921
6.8660,0.709,3.0599
6.8662,0.588,2.5389
6.8664,0.5641,2.437
6.8666,0.555,2.3932
6.8668,0.6182,2.6694
6.8670,0.5446,2.3537
6.8672,0.5228,2.2573
6.8674,0.5201,2.2459
6.8676,0.5187,2.2407
6.8678,0.5247,2.2656
6.8680,0.6484,2.7882
6.8682,0.7452,3.2147
6.8684,0.5663,2.4452
6.8686,0.5081,2.1962
6.8688,0.5069,2.19
6.8690,0.5057,2.1848
6.8692,0.5083,2.1977
6.8694,0.5037,2.177
6.8696,0.5012,2.1621
6.8698,0.5488,2.3686
6.8700,0.5838,2.5197
6.8702,0.5907,2.5497
6.8704,0.5807,2.505
6.8706,0.5845,2.5181
6.8708,0.6292,2.7145
6.8710,0.5836,2.5175
6.8712,0.624,2.6855
6.8714,0.7312,3.1454
6.8716,0.7253,3.1259
6.8718,0.635,2.7394
6.8720,0.616,2.6564
6.8722,0.6159,2.6522
6.8724,0.6887,2.967
6.8726,0.6869,2.9578
6.8728,0.6707,2.8895
6.8730,0.6577,2.8332
6.8732,0.6747,2.9052
6.8734,0.6683,2.8791
6.8736,0.65,2.8027
6.8738,0.5933,2.5594
6.8740,0.5766,2.4886
6.8742,0.5913,2.5475
6.8744,0.6836,2.9406
6.8746,0.7445,3.1997
6.8748,0.8142,3.5012
6.8750,0.8066,3.4731
6.8752,0.6943,2.994
6.8754,0.5778,2.4949
6.8756,0.4885,2.1102
6.8758,0.4808,2.078
6.8760,0.5127,2.2118
6.8762,0.5367,2.3184
6.8764,0.485,2.0923
6.8766,0.5265,2.2733
6.8768,0.4887,2.1103
6.8770,0.4788,2.0683
6.8772,0.4665,2.0154
6.8774,0.4614,1.9922
6.8776,0.4656,2.0103
6.8778,0.4714,2.0338
6.8780,0.4979,2.1501
6.8782,0.5153,2.2221
6.8784,0.5743,2.4788
6.8786,0.5183,2.2392
6.8788,0.4149,1.7947
6.8790,0.3876,1.6761
6.8792,0.3862,1.6692
6.8794,0.3852,1.665
6.8796,0.3833,1.6567
6.8798,0.3923,1.6948
6.8800,0.3918,1.6919
6.8802,0.4007,1.7287
6.8804,0.4511,1.9477
6.8806,0.4484,1.9345
6.8808,0.5149,2.218
6.8810,0.5633,2.43
6.8812,0.508,2.1906
6.8814,0.5566,2.3955
6.8816,0.6581,2.8326
6.8818,0.6686,2.8748
6.8820,0.7264,3.119
6.8822,0.8045,3.4579
6.8824,0.7985,3.4321
6.8826,0.8116,3.4883
6.8828,0.756,3.2461
6.8830,0.8539,3.6634
6.8832,0.9403,4.0262
6.8834,0.9823,4.2084
6.8836,0.9895,4.2352
6.8838,1.0141,4.3424
6.8840,0.9994,4.2853
6.8842,0.9933,4.2611
6.8844,0.9562,4.1002
6.8846,0.9388,4.0238
6.8848,0.9545,4.0911
6.8850,0.9846,4.2221
6.8852,0.9716,4.166
6.8854,0.9592,4.1169
6.8856,0.9152,3.9262
6.8858,0.9481,4.0728
6.8860,0.9054,3.884
6.8862,0.971,4.1615
6.8864,0.9912,4.2484
6.8866,0.9858,4.2233
6.8868,0.9941,4.2627
6.8870,0.9895,4.2451
6.8872,0.9445,4.0555
6.8874,0.8187,3.5252
6.8876,0.7451,3.2082
6.8878,0.7121,3.0663
6.8880,0.7205,3.0966
6.8882,0.759,3.2636
6.8884,0.7987,3.4326
6.8886,0.8493,3.6501
6.8888,0.8255,3.5448
6.8890,0.8116,3.4883
6.8892,0.8489,3.6452
6.8894,0.9134,3.9185
6.8896,0.8772,3.7737
6.8898,0.7921,3.3995
6.8900,0.8886,3.8227
6.8902,0.7746,3.3368
6.8904,0.7314,3.1464
6.8906,0.715,3.0772
6.8908,0.6922,2.9792
6.8910,0.7031,3.0275
6.8912,0.7261,3.1209
6.8914,0.7471,3.2155
6.8916,0.732,3.1461
6.8918,0.8001,3.4404
6.8920,0.7716,3.3239
6.8922,0.7368,3.1726
6.8924,0.7057,3.0361
6.8926,0.717,3.0846
6.8928,0.776,3.3399
6.8930,0.6842,2.9501
6.8932,0.6119,2.6383
6.8934,0.5993,2.584
6.8936,0.5979,2.5783
6.8938,0.6419,2.7642
6.8940,0.6676,2.8747
6.8942,0.606,2.6118
6.8944,0.5892,2.5418
6.8946,0.6079,2.6164
6.8948,0.722,3.1048
6.8950,0.7322,3.153
6.8952,0.6874,2.9654
6.8954,0.5578,2.4107
6.8956,0.4965,2.1429
6.8958,0.4891,2.1118
6.8960,0.4254,1.8386
6.8962,0.4503,1.941
6.8964,0.5789,2.5008
6.8966,0.476,2.0544
6.8968,0.4639,2.0031
6.8970,0.4554,1.9672
6.8972,0.4481,1.9374
6.8974,0.4487,1.9373
6.8976,0.4453,1.9228
6.8978,0.45,1.9412
6.8980,0.5109,2.203
6.8982,0.525,2.2661
6.8984,0.4556,1.9674
6.8986,0.446,1.926
6.8988,0.4472,1.932
6.8990,0.4519,1.9522
6.8992,0.4472,1.9302
6.8994,0.4457,1.9253
6.8996,0.4442,1.9182
6.8998,0.453,1.9542
6.9000,0.5021,2.1652
6.9002,0.5479,2.3638
6.9004,0.5351,2.3074
6.9006,0.4981,2.1497
6.9008,0.4622,1.9958
6.9010,0.4661,2.0115
6.9012,0.4747,2.0487
6.9014,0.4595,1.9812
6.9016,0.4593,1.9816
6.9018,0.465,2.0068
6.9020,0.4862,2.0974
6.9022,0.5482,2.3638
6.9024,0.5988,2.5796
6.9026,0.574,2.4715
6.9028,0.63,2.7151
6.9030,0.5955,2.5656
6.9032,0.6069,2.6135
6.9034,0.5676,2.4441
6.9036,0.5982,2.5722
6.9038,0.6473,2.7887
6.9040,0.578,2.4925
6.9042,0.5354,2.3085
6.9044,0.5372,2.3151
6.9046,0.5753,2.4772
6.9048,0.6139,2.6434
6.9050,0.6548,2.8142
6.9052,0.7141,3.0693
6.9054,0.6867,2.9527
6.9056,0.7274,3.1294
6.9058,0.7184,3.0893
6.9060,0.6851,2.9487
6.9062,0.6393,2.7503
6.9064,0.7186,3.0884
6.9066,0.734,3.1578
6.9068,0.681,2.9284
6.9070,0.6585,2.8368
6.9072,0.5907,2.5449
6.9074,0.6274,2.6967
6.9076,0.7549,3.2445
6.9078,0.7666,3.295
6.9080,0.7442,3.2016
6.9082,0.6907,2.9744
6.9084,0.5851,2.5195
6.9086,0.5918,2.5496
6.9088,0.5732,2.473
6.9090,0.5777,2.4863
6.9092,0.638,2.7434
6.9094,0.6587,2.8352
6.9096,0.6306,2.7177
6.9098,0.5977,2.5725
6.9100,0.6603,2.8393
6.9102,0.6788,2.92
6.9104,0.6795,2.9217
6.9106,0.6916,2.9752
6.9108,0.6981,3.0058
6.9110,0.6614,2.8465
6.9112,0.597,2.5742
6.9114,0.5439,2.3408
6.9116,0.6569,2.8274
6.9118,0.6525,2.8084
6.9120,0.616,2.6539
6.9122,0.5848,2.5191
6.9124,0.6039,2.603
6.9126,0.5656,2.4342
6.9128,0.606,2.6105
6.9130,0.6085,2.6214
6.9132,0.5813,2.5041
6.9134,0.5874,2.5328
6.9136,0.5364,2.3131
6.9138,0.5557,2.3941
6.9140,0.5933,2.5522
6.9142,0.6342,2.7281
6.9144,0.6308,2.7175
6.9146,0.6314,2.7125
6.9148,0.7072,3.038
6.9150,0.8128,3.4902
6.9152,0.8219,3.5293
6.9154,0.7765,3.3373
6.9156,0.7656,3.2873
6.9158,0.79,3.3955
6.9160,0.766,3.294
6.9162,0.7296,3.1329
6.9164,0.7749,3.3259
6.9166,0.8236,3.5365
6.9168,0.858,3.6843
6.9170,0.8424,3.614
6.9172,0.8506,3.6524
6.9174,0.8549,3.6675
6.9176,0.8598,3.6868
6.9178,0.8677,3.7225
6.9180,0.8754,3.7519
6.9182,0.8573,3.6812
6.9184,0.8717,3.7395
6.9186,0.8907,3.8284
6.9188,0.8397,3.6072
6.9190,0.8265,3.5489
6.9192,0.8276,3.5519
6.9194,0.824,3.5381
6.9196,0.8265,3.5456
6.9198,0.8586,3.6886
6.9200,0.8573,3.6812
6.9202,0.923,3.9578
6.9204,0.9334,4.0007
6.9206,0.9128,3.9141
6.9208,0.9825,4.2108
6.9210,0.9809,4.2061
6.9212,0.9558,4.0948
6.9214,0.9811,4.2013
6.9216,0.9928,4.257
6.9218,0.9623,4.1264
6.9220,1.0063,4.3111
6.9222,1.0498,4.4933
6.9224,1.0292,4.4092
6.9226,1.01,4.325
6.9228,0.9867,4.2269
6.9230,1.0057,4.3105
6.9232,1.0172,4.3639
6.9234,0.9834,4.215
6.9236,0.9728,4.1731
6.9238,0.9151,3.9294
6.9240,0.9006,3.8653
6.9242,0.9122,3.9152
6.9244,0.8718,3.7435
6.9246,0.8969,3.8475
6.9248,0.957,4.1038
6.9250,0.9658,4.151
6.9252,0.8847,3.7973
6.9254,0.8888,3.8166
6.9256,0.8898,3.8225
6.9258,0.8885,3.8151
6.9260,0.8959,3.847
6.9262,0.8694,3.7349
6.9264,0.8526,3.6628
6.9266,0.8612,3.6982
6.9268,0.9056,3.8887
6.9270,0.8766,3.7676
6.9272,0.8636,3.7085
6.9274,0.8707,3.7423
6.9276,0.8657,3.719
6.9278,0.8573,3.6829
6.9280,0.8774,3.7712
6.9282,0.8791,3.7767
6.9284,0.8791,3.7767
6.9286,0.8507,3.6597
6.9288,0.7788,3.3486
6.9290,0.7352,3.1674
6.9292,0.6954,2.9987
6.9294,0.6696,2.8862
6.9296,0.6268,2.7029
6.9298,0.5731,2.4736
6.9300,0.5604,2.4187
6.9302,0.5531,2.3872
6.9304,0.561,2.4202
6.9306,0.5668,2.445
6.9308,0.589,2.5407
6.9310,0.591,2.5531
6.9312,0.5194,2.2428
6.9314,0.5006,2.1625
6.9316,0.4908,2.1191
6.9318,0.5551,2.396
6.9320,0.5458,2.3556
6.9322,0.5352,2.3079
6.9324,0.5357,2.3111
6.9326,0.5364,2.3142
6.9328,0.5387,2.3262
6.9330,0.5307,2.2883
6.9332,0.573,2.4719
6.9334,0.5255,2.2671
6.9336,0.5591,2.4075
6.9338,0.6188,2.6658
6.9340,0.6128,2.6461
6.9342,0.539,2.3272
6.9344,0.528,2.278
6.9346,0.5533,2.3838
6.9348,0.6139,2.6459
6.9350,0.6101,2.633
6.9352,0.5374,2.3172
6.9354,0.5238,2.262
6.9356,0.5258,2.2681
6.9358,0.5282,2.2774
6.9360,0.5265,2.2712
6.9362,0.5255,2.2692
6.9364,0.522,2.2542
6.9366,0.5208,2.2459
6.9368,0.5369,2.313
6.9370,0.5789,2.4938
6.9372,0.5774,2.4888
6.9374,0.5607,2.4187
6.9376,0.532,2.294
6.9378,0.5292,2.2821
6.9380,0.5892,2.5394
6.9382,0.5858,2.5273
6.9384,0.5398,2.3254
6.9386,0.635,2.733
6.9388,0.6819,2.9321
6.9390,0.6897,2.9642
6.9392,0.7081,3.0435
6.9394,0.7451,3.2053
6.9396,0.7084,3.0517
6.9398,0.6378,2.7474
6.9400,0.632,2.7201
6.9402,0.6249,2.6922
6.9404,0.6177,2.6612
6.9406,0.6381,2.7451
6.9408,0.7296,3.1329
6.9410,0.8399,3.6082
6.9412,0.8177,3.5129
6.9414,0.8428,3.6256
6.9416,0.7404,3.1881
6.9418,0.5964,2.5716
6.9420,0.5961,2.567
6.9422,0.6629,2.8532
6.9424,0.6379,2.7479
6.9426,0.6388,2.7521
6.9428,0.6833,2.9423
6.9430,0.688,2.9583
6.9432,0.7201,3.0965
6.9434,0.7347,3.1565
6.9436,0.7543,3.245
6.9438,0.7421,3.1864
6.9440,0.7567,3.2583
6.9442,0.6947,2.9886
6.9444,0.7211,3.105
6.9446,0.7017,3.0185
6.9448,0.7157,3.0774
6.9450,0.768,3.3068
6.9452,0.6573,2.8316
6.9454,0.59,2.5418
6.9456,0.5625,2.4242
6.9458,0.5638,2.4321
6.9460,0.552,2.3803
6.9462,0.5044,2.1761
6.9464,0.485,2.0942
6.9466,0.4828,2.083
6.9468,0.5451,2.3492
6.9470,0.5355,2.3079
6.9472,0.5466,2.3592
6.9474,0.5253,2.2661
6.9476,0.5506,2.3741
6.9478,0.5218,2.2511
6.9480,0.5146,2.22
6.9482,0.5746,2.4718
6.9484,0.6526,2.8063
6.9486,0.6988,3.0075
6.9488,0.7184,3.0893
6.9490,0.7665,3.293
6.9492,0.7978,3.4242
6.9494,0.8024,3.4454
6.9496,0.8675,3.7198
6.9498,0.9669,4.144
6.9500,0.9713,4.163
6.9502,0.9748,4.1799
6.9504,0.9621,4.1216
6.9506,0.9722,4.1628
6.9508,0.9785,4.1978
6.9510,0.9261,3.973
6.9512,0.9791,4.1984
6.9514,0.954,4.089
6.9516,0.9651,4.1344
6.9518,1.0144,4.3496
6.9520,0.9675,4.1485
6.9522,0.9449,4.0576
6.9524,0.9032,3.8784
6.9526,0.8761,3.7603
6.9528,0.8965,3.8478
6.9530,0.8726,3.7488
6.9532,0.8305,3.5697
6.9534,0.8202,3.5221
6.9536,0.8493,3.6433
6.9538,0.8328,3.5795
6.9540,0.8283,3.5583
6.9542,0.8666,3.7196
6.9544,0.9022,3.8761
6.9546,0.8418,3.6165
6.9548,0.8232,3.5333
6.9550,0.8332,3.581
6.9552,0.7648,3.2919
6.9554,0.7134,3.0734
6.9556,0.7024,3.0216
6.9558,0.7888,3.3888
6.9560,0.7832,3.3693
6.9562,0.7159,3.0856
6.9564,0.6464,2.7846
6.9566,0.6738,2.8989
6.9568,0.6977,3.0029
6.9570,0.6828,2.9389
6.9572,0.6689,2.8817
6.9574,0.6593,2.8391
6.9576,0.7122,3.0696
6.9578,0.6071,2.6128
6.9580,0.666,2.8693
6.9582,0.6273,2.7037
6.9584,0.6551,2.8236
6.9586,0.6881,2.9644
6.9588,0.6832,2.9405
6.9590,0.6858,2.9532
6.9592,0.6999,3.015
6.9594,0.693,2.9842
6.9596,0.6422,2.7678
6.9598,0.5947,2.562
6.9600,0.6075,2.6148
6.9602,0.6731,2.8931
6.9604,0.7429,3.2019
6.9606,0.6374,2.7497
6.9608,0.5953,2.5658
6.9610,0.5923,2.554
6.9612,0.612,2.6351
6.9614,0.6517,2.8073
6.9616,0.6187,2.6641
6.9618,0.5973,2.571
6.9620,0.5875,2.5287
6.9622,0.6352,2.7404
6.9624,0.5699,2.4608
6.9626,0.523,2.2562
6.9628,0.5442,2.3445
6.9630,0.616,2.6539
6.9632,0.5838,2.5173
6.9634,0.588,2.5366
6.9636,0.6195,2.6689
6.9638,0.5819,2.509
6.9640,0.5343,2.3049
6.9642,0.5337,2.3023
6.9644,0.5623,2.4248
6.9646,0.5627,2.4241
6.9648,0.5876,2.5315
6.9650,0.6285,2.7039
6.9652,0.7704,3.3125
6.9654,0.713,3.0718
6.9656,0.6123,2.6404
6.9658,0.6208,2.6721
6.9660,0.7008,3.0163
6.9662,0.6566,2.8285
6.9664,0.6327,2.7245
6.9666,0.6447,2.78
6.9668,0.6119,2.6334
6.9670,0.6029,2.5959
6.9672,0.6439,2.7776
6.9674,0.578,2.4925
6.9676,0.5436,2.3452
6.9678,0.4634,2.002
6.9680,0.4537,1.9591
6.9682,0.4884,2.1068
6.9684,0.5349,2.3042
6.9686,0.5536,2.3881
6.9688,0.5472,2.3596
6.9690,0.5566,2.3988
6.9692,0.5523,2.3825
6.9694,0.5506,2.3741
6.9696,0.5549,2.3916
6.9698,0.5515,2.3771
6.9700,0.5495,2.3684
6.9702,0.5573,2.4019
6.9704,0.5563,2.3967
6.9706,0.5567,2.4016
6.9708,0.5572,2.4003
6.9710,0.5512,2.3745
6.9712,0.5551,2.3904
6.9714,0.6208,2.6734
6.9716,0.6548,2.8208
6.9718,0.6169,2.6538
6.9720,0.6574,2.8256
6.9722,0.6579,2.8303
6.9724,0.719,3.0933
6.9726,0.7441,3.1996
6.9728,0.6991,3.0063
6.9730,0.6599,2.8403
6.9732,0.6593,2.8378
6.9734,0.6573,2.829
6.9736,0.6326,2.7227
6.9738,0.623,2.6826
6.9740,0.6636,2.8577
6.9742,0.7085,3.0451
6.9744,0.7675,3.2971
6.9746,0.7834,3.364
6.9748,0.8104,3.4783
6.9750,0.8217,3.5316
6.9752,0.7717,3.3151
6.9754,0.7784,3.3455
6.9756,0.7418,3.1928
6.9758,0.7345,3.1584
6.9760,0.7551,3.241
6.9762,0.8024,3.4502
6.9764,0.7496,3.2264
6.9766,0.7007,3.0144
6.9768,0.6967,2.9988
6.9770,0.6411,2.7593
6.9772,0.6942,2.9852
6.9774,0.7606,3.2708
6.9776,0.7548,3.244
6.9778,0.7861,3.3754
6.9780,0.8497,3.6471
6.9782,0.8048,3.4605
6.9784,0.7104,3.0548
6.9786,0.7333,3.1562
6.9788,0.6961,2.9962
6.9790,0.6822,2.9391
6.9792,0.5866,2.5257
6.9794,0.5806,2.4999
6.9796,0.5868,2.5267
6.9798,0.5778,2.488
6.9800,0.5556,2.3925
6.9802,0.6354,2.7409
6.9804,0.5687,2.4522
6.9806,0.5813,2.5065
6.9808,0.5762,2.4813
6.9810,0.6316,2.716
6.9812,0.6783,2.9166
6.9814,0.7015,3.0208
6.9816,0.685,2.9441
6.9818,0.7557,3.2481
6.9820,0.7688,3.2997
6.9822,0.8081,3.4701
6.9824,0.827,3.5559
6.9826,0.816,3.5073
6.9828,0.8118,3.4828
6.9830,0.8681,3.7189
6.9832,0.9657,4.1331
6.9834,1.0027,4.2937
6.9836,0.9797,4.2029
6.9838,0.9784,4.1914
6.9840,0.9994,4.2813
6.9842,0.9973,4.2726
6.9844,1.0214,4.3799
6.9846,0.9766,4.1818
6.9848,1.0092,4.3214
6.9850,1.0261,4.3958
6.9852,1.0128,4.3469
6.9854,0.9767,4.1881
6.9856,0.9437,4.0467
6.9858,0.9754,4.1825
6.9860,0.9891,4.2431
6.9862,0.9424,4.0449
6.9864,0.9081,3.894
6.9866,0.9156,3.9314
6.9868,0.919,3.9445
6.9870,0.9579,4.1074
6.9872,0.9387,4.0289
6.9874,0.9327,4.0069
6.9876,0.899,3.8532
6.9878,0.9634,4.1272
6.9880,0.917,3.9413
6.9882,0.8171,3.5169
6.9884,0.8086,3.4738
6.9886,0.8906,3.8225
6.9888,0.8936,3.8354
6.9890,0.9082,3.8982
6.9892,0.9238,3.9688
6.9894,0.84,3.6104
6.9896,0.8086,3.4786
6.9898,0.7734,3.3285
6.9900,0.7731,3.3213
6.9902,0.8096,3.4844
6.9904,0.7764,3.3399
6.9906,0.7985,3.4337
6.9908,0.7862,3.379
6.9910,0.8156,3.5004
6.9912,0.8574,3.6834
6.9914,0.8573,3.6863
6.9916,0.8597,3.6932
6.9918,0.8797,3.781
6.9920,0.8106,3.4842
6.9922,0.8148,3.5022
6.9924,0.797,3.4238
6.9926,0.8334,3.5837
6.9928,0.7598,3.2733
6.9930,0.7074,3.0447
6.9932,0.749,3.2208
6.9934,0.7892,3.3919
6.9936,0.7865,3.3837
6.9938,0.7846,3.3755
6.9940,0.7502,3.2289
6.9942,0.6907,2.9744
6.9944,0.6982,3.005
6.9946,0.8003,3.4382
6.9948,0.8834,3.7952
6.9950,0.7776,3.3497
6.9952,0.6717,2.8923
6.9954,0.7132,3.0709
6.9956,0.7129,3.0684
6.9958,0.6746,2.9073
6.9960,0.5987,2.5826
6.9962,0.5693,2.4582
6.9964,0.5623,2.4282
6.9966,0.5674,2.4465
6.9968,0.5816,2.508
6.9970,0.5692,2.4554
6.9972,0.566,2.4419
6.9974,0.559,2.4125
6.9976,0.5608,2.4192
6.9978,0.6223,2.6758
6.9980,0.7386,3.1804
6.9982,0.6782,2.9229
6.9984,0.624,2.6905
6.9986,0.5671,2.4466
6.9988,0.5657,2.4404
6.9990,0.5677,2.4492
6.9992,0.5708,2.4592
6.9994,0.6439,2.7712
6.9996,0.6604,2.8464
6.9998,0.6573,2.8329
7.0000,0.6699,2.8845
7.0002,0.6502,2.8011
7.0004,0.643,2.7714
7.0006,0.64,2.7572
7.0008,0.6479,2.7887
7.0010,0.6439,2.7763
7.0012,0.6795,2.9217
7.0014,0.7959,3.4271
7.0016,0.6849,2.9491
7.0018,0.6641,2.8584
7.0020,0.7318,3.1451
7.0022,0.7689,3.3048
7.0024,0.7505,3.23
7.0026,0.7633,3.2821
7.0028,0.7747,3.3327
7.0030,0.7726,3.3239
7.0032,0.7882,3.3894
7.0034,0.797,3.4222
7.0036,0.8061,3.4678
7.0038,0.7603,3.2677
7.0040,0.7475,3.2156
7.0042,0.7353,3.1635
7.0044,0.778,3.3455
7.0046,0.8726,3.7436
7.0048,0.9036,3.8835
7.0050,0.8229,3.5367
7.0052,0.7853,3.3754
7.0054,0.7915,3.3985
7.0056,0.8364,3.5916
7.0058,0.8622,3.7057
7.0060,0.8967,3.8506
7.0062,0.8701,3.7432
7.0064,0.765,3.2909
7.0066,0.7851,3.3728
7.0068,0.8252,3.5449
7.0070,0.7843,3.3724
7.0072,0.8403,3.6081
7.0074,0.8922,3.831
7.0076,0.8732,3.7549
7.0078,0.8313,3.5728
7.0080,0.8587,3.6839
7.0082,0.9202,3.9478
7.0084,0.9001,3.8668
7.0086,0.8547,3.6699
7.0088,0.8548,3.6738
7.0090,0.8535,3.6715
7.0092,0.7867,3.3827
7.0094,0.7834,3.3719
7.0096,0.7543,3.245
7.0098,0.7527,3.2398
7.0100,0.7508,3.2285
7.0102,0.7157,3.0846
7.0104,0.6724,2.8967
7.0106,0.6885,2.9632
7.0108,0.6776,2.923
7.0110,0.5999,2.5854
7.0112,0.6543,2.8174
7.0114,0.7069,3.044
7.0116,0.5826,2.518
7.0118,0.4848,2.0922
7.0120,0.5638,2.4332
7.0122,0.5256,2.2697
7.0124,0.4893,2.1148
7.0126,0.4361,1.8847
7.0128,0.4278,1.849
7.0130,0.4617,1.9938
7.0132,0.4513,1.9514
7.0134,0.415,1.7935
7.0136,0.4192,1.8108
7.0138,0.4259,1.839
7.0140,0.449,1.9398
7.0142,0.4891,2.1118
7.0144,0.5422,2.339
7.0146,0.5502,2.3704
7.0148,0.6403,2.7596
7.0150,0.6369,2.7438
7.0152,0.6451,2.7764
7.0154,0.6936,2.9854
7.0156,0.7126,3.0626
7.0158,0.7773,3.3456
7.0160,0.7379,3.1728
7.0162,0.7804,3.3543
7.0164,0.8344,3.5795
7.0166,0.9114,3.9061
7.0168,0.9487,4.0678
7.0170,0.9487,4.0697
7.0172,0.9774,4.1834
7.0174,1.0458,4.4822
7.0176,0.9977,4.2821
7.0178,0.9648,4.1353
7.0180,1.014,4.348
7.0182,0.9639,4.137
7.0184,0.911,3.91
7.0186,0.8753,3.7619
7.0188,0.8401,3.6109
7.0190,0.8238,3.5425
7.0192,0.8225,3.5319
7.0194,0.8576,3.6862
7.0196,0.9061,3.8871
7.0198,0.9193,3.9455
7.0200,0.9382,4.0268
7.0202,0.9165,3.9374
7.0204,0.8535,3.6664
7.0206,0.8668,3.7271
7.0208,0.8114,3.4873
7.0210,0.7999,3.441
7.0212,0.7346,3.1633
7.0214,0.7146,3.0785
7.0216,0.7145,3.0709
7.0218,0.7636,3.2821
7.0220,0.8096,3.4811
7.0222,0.8556,3.6791
7.0224,0.8433,3.6243
7.0226,0.8241,3.5386
7.0228,0.8465,3.6349
7.0230,0.8037,3.4543
7.0232,0.8217,3.5283
7.0234,0.8856,3.8027
7.0236,0.8833,3.7982
7.0238,0.8687,3.7318
7.0240,0.8722,3.7485
7.0242,0.8184,3.5226
7.0244,0.7778,3.343
7.0246,0.8374,3.5974
7.0248,0.8045,3.4611
7.0250,0.7798,3.3517
7.0252,0.8232,3.5465
7.0254,0.7517,3.2351
7.0256,0.7618,3.2744
7.0258,0.7562,3.2517
7.0260,0.8043,3.4536
7.0262,0.8701,3.7398
7.0264,0.8129,3.4988
7.0266,0.8164,3.5138
7.0268,0.8115,3.4894
7.0270,0.8331,3.5822
7.0272,0.7918,3.4096
7.0274,0.709,3.0557
7.0276,0.6389,2.7488
7.0278,0.7622,3.276
7.0280,0.8069,3.4698
7.0282,0.7395,3.1874
7.0284,0.6549,2.8252
7.0286,0.6437,2.7745
7.0288,0.6102,2.6323
7.0290,0.5396,2.3309
7.0292,0.5501,2.3731
7.0294,0.5366,2.3168
7.0296,0.5161,2.2283
7.0298,0.4985,2.1527
7.0300,0.5032,2.1719
7.0302,0.5071,2.1915
7.0304,0.4949,2.1382
7.0306,0.5006,2.1595
7.0308,0.5102,2.2019
7.0310,0.512,2.2087
7.0312,0.565,2.4384
7.0314,0.4951,2.1407
7.0316,0.4225,1.8262
7.0318,0.4265,1.8424
7.0320,0.4338,1.874
7.0322,0.4718,2.0392
7.0324,0.4625,1.9978
7.0326,0.4602,1.9861
7.0328,0.511,2.2045
7.0330,0.5285,2.2811
7.0332,0.4796,2.07
7.0334,0.4717,2.0386
7.0336,0.471,2.0346
7.0338,0.4765,2.0565
7.0340,0.475,2.0522
7.0342,0.4734,2.0449
7.0344,0.4702,2.0315
7.0346,0.4645,2.0048
7.0348,0.4579,1.9763
7.0350,0.458,1.9786
7.0352,0.4575,1.9757
7.0354,0.4575,1.9775
7.0356,0.4533,1.9575
7.0358,0.462,1.993
7.0360,0.4613,1.9908
7.0362,0.4581,1.9792
7.0364,0.4579,1.9763
7.0366,0.4616,1.9914
7.0368,0.4723,2.0384
7.0370,0.4632,2.0009
7.0372,0.4602,1.988
7.0374,0.458,1.9759
7.0376,0.5032,2.1659
7.0378,0.5744,2.4781
7.0380,0.4725,2.0404
7.0382,0.4581,1.9755
7.0384,0.5093,2.1922
7.0386,0.6059,2.604
7.0388,0.7569,3.2533
7.0390,0.8151,3.5081
7.0392,0.7036,3.0282
7.0394,0.6585,2.8342
7.0396,0.6319,2.7234
7.0398,0.5764,2.4841
7.0400,0.5676,2.4453
7.0402,0.5635,2.4277
7.0404,0.5792,2.4954
7.0406,0.6395,2.7539
7.0408,0.6789,2.9205
7.0410,0.7294,3.1348
7.0412,0.7266,3.1229
7.0414,0.655,2.8231
7.0416,0.5541,2.3869
7.0418,0.5605,2.4148
7.0420,0.6104,2.626
7.0422,0.6523,2.8099
7.0424,0.629,2.7097
7.0426,0.6419,2.7617
7.0428,0.641,2.7575
7.0430,0.6795,2.9231
7.0432,0.7422,3.1869
7.0434,0.7773,3.3393
7.0436,0.746,3.2034
7.0438,0.8104,3.4848
7.0440,0.7743,3.328
7.0442,0.7559,3.2487
7.0444,0.7717,3.3182
7.0446,0.7304,3.1423
7.0448,0.6821,2.9372
7.0450,0.618,2.6622
7.0452,0.5971,2.5735
7.0454,0.6194,2.6659
7.0456,0.6338,2.7316
7.0458,0.5607,2.4175
7.0460,0.6175,2.6589
7.0462,0.6509,2.8016
7.0464,0.5485,2.3664
7.0466,0.4331,1.8709
7.0468,0.4333,1.8711
7.0470,0.4277,1.8467
7.0472,0.4592,1.9801
7.0474,0.5526,2.3807
7.0476,0.6183,2.6613
7.0478,0.6828,2.9334
7.0480,0.7614,3.2724
7.0482,0.7358,3.1655
7.0484,0.694,2.9827
7.0486,0.7525,3.2372
7.0488,0.7268,3.1268
7.0490,0.71,3.0561
7.0492,0.6966,2.9913
7.0494,0.7975,3.4243
7.0496,0.7943,3.4125
7.0498,0.796,3.4117
7.0500,0.9542,4.0857
7.0502,0.9951,4.2628
7.0504,0.9801,4.1986
7.0506,1.003,4.3007
7.0508,0.9931,4.2566
7.0510,0.9194,3.9405
7.0512,0.9368,4.0169
7.0514,0.9256,3.9691
7.0516,0.9152,3.9299
7.0518,0.8425,3.6212
7.0520,0.8146,3.5012
7.0522,0.8126,3.4875
7.0524,0.8448,3.6293
7.0526,0.8373,3.5919
7.0528,0.8645,3.7121
7.0530,0.8088,3.4716
7.0532,0.8407,3.6118
7.0534,0.8547,3.6682
7.0536,0.9045,3.884
7.0538,0.8545,3.6711
7.0540,0.8523,3.6596
7.0542,0.8457,3.6329
7.0544,0.7724,3.3167
7.0546,0.8401,3.6059
7.0548,0.875,3.7591
7.0550,0.8653,3.7226
7.0552,0.8288,3.5553
7.0554,0.8682,3.7298
7.0556,0.8104,3.4815
7.0558,0.8114,3.4856
7.0560,0.8523,3.6562
7.0562,0.8809,3.7826
7.0564,0.8798,3.7797
7.0566,0.8286,3.5648
7.0568,0.8003,3.4382
7.0570,0.8469,3.6347
7.0572,0.8566,3.6781
7.0574,0.8472,3.6379
7.0576,0.821,3.5334
7.0578,0.7933,3.4094
7.0580,0.8526,3.6645
7.0582,0.8423,3.6185
7.0584,0.8502,3.6525
7.0586,0.8436,3.6242
7.0588,0.8592,3.6911
7.0590,0.865,3.7141
7.0592,0.8521,3.6591
7.0594,0.8295,3.5651
7.0596,0.8302,3.5731
7.0598,0.8019,3.4465
7.0600,0.7843,3.3786
7.0602,0.675,2.904
7.0604,0.7235,3.1153
7.0606,0.6952,2.9935
7.0608,0.6955,2.9922
7.0610,0.6942,2.9865
7.0612,0.7326,3.1516
7.0614,0.7183,3.0988
7.0616,0.5988,2.5831
7.0618,0.6044,2.6026
7.0620,0.6382,2.7469
7.0622,0.7003,3.0157
7.0624,0.6814,2.9341
7.0626,0.6913,2.9769
7.0628,0.6623,2.8533
7.0630,0.6548,2.8208
7.0632,0.6988,3.0089
7.0634,0.6784,2.9171
7.0636,0.7395,3.183
7.0638,0.6801,2.9284
7.0640,0.6559,2.8267
7.0642,0.5764,2.4853
7.0644,0.5553,2.3909
7.0646,0.6616,2.8476
7.0648,0.6844,2.9538
7.0650,0.5551,2.3949
7.0652,0.5303,2.2878
7.0654,0.5266,2.2728
7.0656,0.5302,2.2873
7.0658,0.5326,2.2955
7.0660,0.6119,2.6359
7.0662,0.6889,2.9666
7.0664,0.6448,2.7831
7.0666,0.5577,2.4068
7.0668,0.5517,2.3788
7.0670,0.5398,2.3276
7.0672,0.5535,2.3843
7.0674,0.6057,2.6095
7.0676,0.6277,2.704
7.0678,0.6471,2.7851
7.0680,0.6981,3.0031
7.0682,0.6461,2.7875
7.0684,0.5425,2.3406
7.0686,0.5818,2.5062
7.0688,0.5782,2.493
7.0690,0.5689,2.4509
7.0692,0.6025,2.5992
7.0694,0.541,2.3349
7.0696,0.5339,2.3033
7.0698,0.5325,2.296
7.0700,0.5304,2.2883
7.0702,0.5318,2.294
7.0704,0.5307,2.2883
7.0706,0.5318,2.2908
7.0708,0.5303,2.2857
7.0710,0.5307,2.2893
7.0712,0.5921,2.5518
7.0714,0.5806,2.5045
7.0716,0.5361,2.3105
7.0718,0.5455,2.3502
7.0720,0.6451,2.7764
7.0722,0.7169,3.0797
7.0724,0.7482,3.2157
7.0726,0.7417,3.1878
7.0728,0.7327,3.1521
7.0730,0.717,3.0889
7.0732,0.637,2.7443
7.0734,0.6204,2.67
7.0736,0.724,3.1087
7.0738,0.7942,3.4167
7.0740,0.6892,2.9649
7.0742,0.6621,2.8483
7.0744,0.6554,2.8207
7.0746,0.714,3.0717
7.0748,0.7075,3.0466
7.0750,0.6425,2.7681
7.0752,0.6429,2.7671
7.0754,0.7023,3.0183
7.0756,0.7518,3.2266
7.0758,0.781,3.3569
7.0760,0.7158,3.0851
7.0762,0.5832,2.5124
7.0764,0.5717,2.464
7.0766,0.5774,2.4899
7.0768,0.5225,2.2563
7.0770,0.4738,2.0451
7.0772,0.4693,2.0245
7.0774,0.4671,2.0161
7.0776,0.5149,2.2252
7.0778,0.4333,1.8728
7.0780,0.3966,1.7134
7.0782,0.3881,1.6782
7.0784,0.3802,1.6432
7.0786,0.3833,1.6559
7.0788,0.4179,1.8018
7.0790,0.4806,2.0731
7.0792,0.4378,1.8911
7.0794,0.3887,1.6769
7.0796,0.4309,1.8616
7.0798,0.3861,1.6679
7.0800,0.3788,1.6363
7.0802,0.4036,1.7419
7.0804,0.4095,1.7672
7.0806,0.4404,1.8999
7.0808,0.4804,2.0697
7.0810,0.5549,2.3883
7.0812,0.6282,2.7036
7.0814,0.6119,2.6346
7.0816,0.6392,2.7498
7.0818,0.7098,3.0493
7.0820,0.7779,3.3404
7.0822,0.7304,3.1379
7.0824,0.8319,3.5687
7.0826,0.8776,3.7612
7.0828,0.9098,3.9031
7.0830,0.8833,3.7929
7.0832,0.906,3.8812
7.0834,0.9726,4.1629
7.0836,1.0078,4.3173
7.0838,0.9861,4.2203
7.0840,1.0074,4.3157
7.0842,0.984,4.2156
7.0844,0.9796,4.2005
7.0846,0.9272,3.9758
7.0848,0.9608,4.1178
7.0850,0.9771,4.1916
7.0852,0.9654,4.1379
7.0854,0.9646,4.1343
7.0856,0.9513,4.0772
7.0858,0.9347,4.0063
7.0860,0.9767,4.1901
7.0862,0.9365,4.0215
7.0864,0.8825,3.7823
7.0866,0.9153,3.9249
7.0868,0.8666,3.7248
7.0870,0.7627,3.275
7.0872,0.7885,3.3857
7.0874,0.816,3.5106
7.0876,0.8123,3.4914
7.0878,0.8449,3.6248
7.0880,0.9266,3.9806
7.0882,0.8188,3.5176
7.0884,0.8031,3.4469
7.0886,0.8487,3.6407
7.0888,0.8754,3.7607
7.0890,0.8863,3.8058
7.0892,0.9048,3.8833
7.0894,0.8596,3.6944
7.0896,0.8008,3.4435
7.0898,0.8146,3.5028
7.0900,0.7792,3.3476
7.0902,0.8153,3.501
7.0904,0.8389,3.6058
7.0906,0.791,3.4044
7.0908,0.7616,3.2749
7.0910,0.7641,3.2842
7.0912,0.7465,3.2129
7.0914,0.7144,3.0746
7.0916,0.7174,3.0861
7.0918,0.7605,3.2657
7.0920,0.8255,3.5481
7.0922,0.7827,3.3672
7.0924,0.7802,3.3533
7.0926,0.8387,3.6031
7.0928,0.761,3.2815
7.0930,0.6073,2.6187
7.0932,0.5804,2.5028
7.0934,0.589,2.5384
7.0936,0.5845,2.5181
7.0938,0.624,2.6893
7.0940,0.6321,2.7244
7.0942,0.6301,2.7118
7.0944,0.6433,2.7725
7.0946,0.6093,2.6274
7.0948,0.5713,2.4624
7.0950,0.5123,2.2143
7.0952,0.4639,2.004
7.0954,0.4475,1.9322
7.0956,0.4441,1.9177
7.0958,0.4426,1.9109
7.0960,0.4566,1.9706
7.0962,0.4649,2.0054
7.0964,0.4523,1.9529
7.0966,0.4597,1.9841
7.0968,0.5345,2.308
7.0970,0.4731,2.043
7.0972,0.455,1.9648
7.0974,0.4536,1.9568
7.0976,0.4507,1.9452
7.0978,0.4439,1.9166
7.0980,0.4487,1.9364
7.0982,0.4525,1.953
7.0984,0.4535,1.9571
7.0986,0.4635,2.0006
7.0988,0.5087,2.1906
7.0990,0.6014,2.5945
7.0992,0.48,2.0734
7.0994,0.4615,1.9909
7.0996,0.4675,2.0168
7.0998,0.4338,1.8714
7.1000,0.4481,1.933
7.1002,0.4647,2.0039
7.1004,0.4538,1.9578
7.1006,0.4473,1.9316
7.1008,0.4414,1.9049
7.1010,0.4423,1.9072
7.1012,0.4689,2.023
7.1014,0.5247,2.2624
7.1016,0.5441,2.3429
7.1018,0.5507,2.3713
7.1020,0.5704,2.4583
7.1022,0.5759,2.482
7.1024,0.5729,2.4691
7.1026,0.5653,2.4332
7.1028,0.5711,2.4602
7.1030,0.6072,2.6157
7.1032,0.6405,2.7542
7.1034,0.6951,2.9888
7.1036,0.6228,2.6841
7.1038,0.5575,2.403
7.1040,0.568,2.4445
7.1042,0.5861,2.526
7.1044,0.603,2.5976
7.1046,0.6272,2.6982
7.1048,0.684,2.94
7.1050,0.6653,2.8596
7.1052,0.6586,2.832
7.1054,0.6719,2.8919
7.1056,0.6828,2.9403
7.1058,0.6178,2.6617
7.1060,0.6189,2.6589
7.1062,0.6963,2.9911
7.1064,0.7537,3.2379
7.1066,0.7382,3.1699
7.1068,0.7442,3.1972
7.1070,0.8061,3.463
7.1072,0.7798,3.3502
7.1074,0.7377,3.1782
7.1076,0.6602,2.8427
7.1078,0.6084,2.6172
7.1080,0.6431,2.7668
7.1082,0.6646,2.8591
7.1084,0.6772,2.9133
7.1086,0.6672,2.8718
7.1088,0.6277,2.7028
7.1090,0.6042,2.6064
7.1092,0.5131,2.2133
7.1094,0.4724,2.038
7.1096,0.4681,2.0203
7.1098,0.4669,2.0123
7.1100,0.5158,2.2252
7.1102,0.4307,1.858
7.1104,0.4957,2.1373
7.1106,0.4767,2.0594
7.1108,0.4072,1.7574
7.1110,0.3988,1.7228
7.1112,0.3869,1.6715
7.1114,0.3849,1.6611
7.1116,0.4081,1.7591
7.1118,0.4708,2.0303
7.1120,0.4258,1.8376
7.1122,0.3886,1.6787
7.1124,0.3875,1.6749
7.1126,0.3842,1.6573
7.1128,0.3891,1.6793
7.1130,0.393,1.6963
7.1132,0.4031,1.7398
7.1134,0.4366,1.8824
7.1136,0.5021,2.1602
7.1138,0.5994,2.5821
7.1140,0.5225,2.2531
7.1142,0.515,2.2175
7.1144,0.6493,2.7905
7.1146,0.6651,2.8559
7.1148,0.7296,3.13
7.1150,0.8473,3.6334
7.1152,0.859,3.6798
7.1154,0.8788,3.7698
7.1156,0.811,3.4825
7.1158,0.7981,3.4253
7.1160,0.8517,3.6519
7.1162,0.8587,3.6822
7.1164,0.8422,3.6113
7.1166,0.8327,3.5723
7.1168,0.8357,3.5835
7.1170,0.8343,3.5773
7.1172,0.8659,3.7131
7.1174,0.8117,3.4807
7.1176,0.8808,3.7786
7.1178,0.8273,3.5492
7.1180,0.8308,3.5608
7.1182,0.8547,3.6682
7.1184,0.8295,3.5584
7.1186,0.8319,3.572
7.1188,0.8261,3.549
7.1190,0.8368,3.5898
7.1192,0.8409,3.6056
7.1194,0.8975,3.8483
7.1196,0.8741,3.7498
7.1198,0.8165,3.5012
7.1200,0.8271,3.5481
7.1202,0.9267,3.9682
7.1204,0.9654,4.1398
7.1206,0.9298,3.989
7.1208,0.907,3.8894
7.1210,0.8923,3.8262
7.1212,0.9255,3.9686
7.1214,0.9122,3.9133
7.1216,0.9011,3.8619
7.1218,0.9096,3.9057
7.1220,0.8648,3.7102
7.1222,0.9098,3.9031
7.1224,0.9001,3.8596
7.1226,0.8953,3.8462
7.1228,0.8543,3.6717
7.1230,0.7953,3.4166
7.1232,0.7849,3.3749
7.1234,0.7982,3.4306
7.1236,0.8457,3.6279
7.1238,0.899,3.8586
7.1240,0.8841,3.793
7.1242,0.8519,3.6614
7.1244,0.7917,3.4027
7.1246,0.7898,3.3945
7.1248,0.8017,3.4391
7.1250,0.8606,3.6991
7.1252,0.8138,3.4959
7.1254,0.8094,3.4758
7.1256,0.8006,3.4393
7.1258,0.7737,3.3239
7.1260,0.7989,3.4353
7.1262,0.8058,3.4619
7.1264,0.849,3.644
7.1266,0.8693,3.7344
7.1268,0.7807,3.3569
7.1270,0.7614,3.2724
7.1272,0.7332,3.1571
7.1274,0.6901,2.9731
7.1276,0.6241,2.6885
7.1278,0.6195,2.6714
7.1280,0.5765,2.4858
7.1282,0.5702,2.4589
7.1284,0.5595,2.4135
7.1286,0.5585,2.4071
7.1288,0.5728,2.4675
7.1290,0.6001,2.5828
7.1292,0.6621,2.8523
7.1294,0.5963,2.5723
7.1296,0.5071,2.1874
7.1298,0.4863,2.0999
7.1300,0.4923,2.1238
7.1302,0.538,2.3177
7.1304,0.606,2.6105
7.1306,0.6105,2.6314
7.1308,0.5538,2.387
7.1310,0.5349,2.3064
7.1312,0.5271,2.2728
7.1314,0.5244,2.2614
7.1316,0.569,2.456
7.1318,0.5399,2.3292
7.1320,0.5286,2.2795
7.1322,0.5316,2.2924
7.1324,0.5267,2.2723
7.1326,0.5274,2.2754
7.1328,0.5314,2.2925
7.1330,0.5312,2.2914
7.1332,0.5292,2.2821
7.1334,0.5302,2.2873
7.1336,0.5526,2.3785
7.1338,0.6959,2.991
7.1340,0.7371,3.1668
7.1342,0.784,3.3666
7.1344,0.7212,3.104
7.1346,0.636,2.7384
7.1348,0.6466,2.7869
7.1350,0.5838,2.5173
7.1352,0.5452,2.3487
7.1354,0.5406,2.3301
7.1356,0.5315,2.2898
7.1358,0.5374,2.3151
7.1360,0.536,2.31
7.1362,0.5312,2.2819
7.1364,0.6358,2.7417
7.1366,0.5433,2.3426
7.1368,0.5418,2.3353
7.1370,0.6117,2.6292
7.1372,0.6953,2.9926
7.1374,0.6249,2.6872
7.1376,0.6873,2.9553
7.1378,0.7141,3.0679
7.1380,0.7967,3.4212
7.1382,0.8327,3.579
7.1384,0.7406,3.1847
7.1386,0.7427,3.1949
7.1388,0.6647,2.8636
7.1390,0.6537,2.8135
7.1392,0.7005,3.0078
7.1394,0.8038,3.4532
7.1396,0.7446,3.2032
7.1398,0.7123,3.0687
7.1400,0.6389,2.7526
7.1402,0.6247,2.6861
7.1404,0.6925,2.9793
7.1406,0.6748,2.907
7.1408,0.6182,2.662
7.1410,0.6249,2.6859
7.1412,0.755,3.245
7.1414,0.7683,3.3038
7.1416,0.753,3.2363
7.1418,0.7623,3.275
7.1420,0.7471,3.214
7.1422,0.6412,2.7611
7.1424,0.6416,2.7614
7.1426,0.6773,2.9111
7.1428,0.7517,3.2276
7.1430,0.7654,3.2929
7.1432,0.6481,2.7944
7.1434,0.6135,2.6431
7.1436,0.6132,2.6391
7.1438,0.6175,2.6589
7.1440,0.5818,2.5085
7.1442,0.5252,2.2645
7.1444,0.5007,2.159
7.1446,0.4909,2.1166
7.1448,0.5153,2.2242
7.1450,0.531,2.292
7.1452,0.5091,2.1952
7.1454,0.5249,2.2645
7.1456,0.5036,2.1714
7.1458,0.5256,2.2655
7.1460,0.5723,2.462
7.1462,0.6566,2.8298
7.1464,0.5714,2.4664
7.1466,0.4635,1.9997
7.1468,0.4801,2.0701
7.1470,0.5547,2.385
7.1472,0.6725,2.8972
7.1474,0.6446,2.7717
7.1476,0.6803,2.924
7.1478,0.6838,2.9403
7.1480,0.7073,3.0399
7.1482,0.7762,3.33
7.1484,0.8395,3.605
7.1486,0.8558,3.6733
7.1488,0.8305,3.568
7.1490,0.7891,3.3867
7.1492,0.8315,3.5672
7.1494,0.8977,3.8475
7.1496,0.9682,4.1497
7.1498,0.9728,4.1692
7.1500,0.9732,4.1693
7.1502,0.9965,4.273
7.1504,0.9587,4.1129
7.1506,0.9311,3.9872
7.1508,1.0109,4.3266
7.1510,0.966,4.1462
7.1512,0.8813,3.7842
7.1514,0.8947,3.84
7.1516,0.8997,3.8616
7.1518,0.8918,3.8277
7.1520,0.8741,3.7515
7.1522,0.8811,3.7784
7.1524,0.8856,3.8009
7.1526,0.888,3.8112
7.1528,0.8865,3.8033
7.1530,0.8966,3.8465
7.1532,0.8668,3.7253
7.1534,0.8023,3.4513
7.1536,0.794,3.4062
7.1538,0.8901,3.8151
7.1540,0.9358,4.0147
7.1542,0.8942,3.838
7.1544,0.8778,3.7727
7.1546,0.7969,3.4265
7.1548,0.7496,3.2249
7.1550,0.6991,3.0105
7.1552,0.7041,3.0288
7.1554,0.7106,3.0572
7.1556,0.7048,3.0348
7.1558,0.6578,2.8324
7.1560,0.6615,2.8497
7.1562,0.6705,2.8884
7.1564,0.6755,2.9061
7.1566,0.7392,3.1755
7.1568,0.7533,3.2423
7.1570,0.6924,2.9816
7.1572,0.6915,2.9733
7.1574,0.7351,3.1654
7.1576,0.679,2.9251
7.1578,0.6834,2.9401
7.1580,0.7186,3.0898
7.1582,0.7923,3.4069
7.1584,0.8047,3.4632
7.1586,0.7182,3.0883
7.1588,0.7196,3.0945
7.1590,0.7405,3.1886
7.1592,0.6953,2.9981
7.1594,0.6071,2.6164
7.1596,0.6744,2.9041
7.1598,0.675,2.9094
7.1600,0.5524,2.3841
7.1602,0.5115,2.2066
7.1604,0.5376,2.3161
7.1606,0.5933,2.5582
7.1608,0.5563,2.4034
7.1610,0.4784,2.0619
7.1612,0.5372,2.3184
7.1614,0.5356,2.3106
7.1616,0.5405,2.3296
7.1618,0.57,2.4544
7.1620,0.5684,2.45
7.1622,0.5688,2.4504
7.1624,0.6023,2.5933
7.1626,0.5876,2.5327
7.1628,0.5789,2.495
7.1630,0.6235,2.686
7.1632,0.6163,2.6562
7.1634,0.534,2.3049
7.1636,0.5372,2.3151
7.1638,0.5367,2.312
7.1640,0.5696,2.4563
7.1642,0.5494,2.3689
7.1644,0.5779,2.4897
7.1646,0.5652,2.4361
7.1648,0.6122,2.6399
7.1650,0.5814,2.5023
7.1652,0.6098,2.6246
7.1654,0.6507,2.8045
7.1656,0.5587,2.4115
7.1658,0.491,2.1181
7.1660,0.4791,2.0669
7.1662,0.535,2.3048
7.1664,0.6381,2.7515
7.1666,0.5382,2.3219
7.1668,0.462,1.993
7.1670,0.496,2.1399
7.1672,0.5132,2.2107
7.1674,0.4975,2.1451
7.1676,0.5029,2.1673
7.1678,0.5406,2.3312
7.1680,0.5446,2.3483
7.1682,0.5467,2.3543
7.1684,0.5482,2.3616
7.1686,0.5471,2.358
7.1688,0.5779,2.4908
7.1690,0.5131,2.2133
7.1692,0.4571,1.9736
7.1694,0.4545,1.9618
7.1696,0.4549,1.9615
7.1698,0.517,2.2293
7.1700,0.534,2.306
7.1702,0.4613,1.9899
7.1704,0.4529,1.9546
7.1706,0.4608,1.9859
7.1708,0.5449,2.3465
7.1710,0.5525,2.3835
7.1712,0.5467,2.3576
7.1714,0.5585,2.4049
7.1716,0.6254,2.6942
7.1718,0.6026,2.5937
7.1720,0.6044,2.6014
7.1722,0.6153,2.6496
7.1724,0.5942,2.5599
7.1726,0.5449,2.3487
7.1728,0.5216,2.2438
7.1730,0.6485,2.79
7.1732,0.6578,2.8297
7.1734,0.6943,2.9857
7.1736,0.7202,3.097
7.1738,0.6976,3.0024
7.1740,0.6265,2.6951
7.1742,0.6067,2.6136
7.1744,0.5714,2.4606
7.1746,0.58,2.4996
7.1748,0.6049,2.6035
7.1750,0.6724,2.8886
7.1752,0.6681,2.8754
7.1754,0.5887,2.5338
7.1756,0.5797,2.4963
7.1758,0.6162,2.652
7.1760,0.6461,2.7862
7.1762,0.5119,2.2081
7.1764,0.47,2.0286
7.1766,0.4659,2.0119
7.1768,0.4369,1.8866
7.1770,0.4909,2.1147
7.1772,0.5764,2.4841
7.1774,0.4965,2.1429
7.1776,0.3957,1.7093
7.1778,0.387,1.6728
7.1780,0.3866,1.6684
7.1782,0.3868,1.6694
7.1784,0.3836,1.657
7.1786,0.3837,1.656
7.1788,0.3875,1.6725
7.1790,0.3878,1.6728
7.1792,0.387,1.6697
7.1794,0.3855,1.6645
7.1796,0.4103,1.7709
7.1798,0.4019,1.7354
7.1800,0.412,1.7773
7.1802,0.4592,1.9801
7.1804,0.5128,2.2072
7.1806,0.5358,2.3073
7.1808,0.5298,2.2815
7.1810,0.5797,2.4893
7.1812,0.7163,3.0772
7.1814,0.7684,3.2966
7.1816,0.8284,3.5538
7.1818,0.8807,3.7781
7.1820,0.8994,3.8529
7.1822,0.9034,3.8758
7.1824,0.8217,3.5217
7.1826,0.8834,3.7811
7.1828,0.9749,4.1765
7.1830,0.9898,4.2382
7.1832,0.9699,4.1511
7.1834,0.9725,4.1643
7.1836,0.9392,4.0234
7.1838,0.9417,4.0399
7.1840,0.8599,3.6891
7.1842,0.8726,3.7401
7.1844,0.8875,3.8056
7.1846,0.9013,3.8665
7.1848,0.949,4.0675
7.1850,0.9849,4.2132
7.1852,0.9976,4.2736
7.1854,0.9862,4.2268
7.1856,0.9686,4.1474
7.1858,0.9904,4.2428
7.1860,0.9612,4.116
7.1862,0.9983,4.2807
7.1864,0.984,4.2175
7.1866,0.9433,4.0466
7.1868,0.8961,3.8444
7.1870,0.9163,3.9327
7.1872,0.8915,3.8172
7.1874,0.9497,4.0705
7.1876,0.951,4.0838
7.1878,0.8855,3.7986
7.1880,0.9519,4.0798
7.1882,0.957,4.1019
7.1884,0.9329,3.9949
7.1886,0.9594,4.1141
7.1888,0.9562,4.1002
7.1890,0.956,4.1049
7.1892,0.837,3.5959
7.1894,0.8244,3.5418
7.1896,0.8411,3.6117
7.1898,0.8511,3.651
7.1900,0.872,3.748
7.1902,0.8029,3.4475
7.1904,0.8441,3.6279
7.1906,0.828,3.5572
7.1908,0.7847,3.3744
7.1910,0.7581,3.2615
7.1912,0.7544,3.2425
7.1914,0.8088,3.47
7.1916,0.8364,3.5933
7.1918,0.7718,3.3156
7.1920,0.8126,3.4892
7.1922,0.8002,3.4441
7.1924,0.7248,3.1195
7.1926,0.6891,2.9657
7.1928,0.6955,2.9936
7.1930,0.7326,3.1531
7.1932,0.6556,2.827
7.1934,0.5869,2.5249
7.1936,0.6656,2.8673
7.1938,0.5888,2.5402
7.1940,0.5394,2.3293
7.1942,0.5261,2.2697
7.1944,0.5264,2.2707
7.1946,0.5273,2.2749
7.1948,0.5387,2.3229
7.1950,0.5405,2.3285
7.1952,0.5388,2.3245
7.1954,0.5393,2.3266
7.1956,0.5535,2.3854
7.1958,0.5428,2.3405
7.1960,0.5417,2.3369
7.1962,0.536,2.31
7.1964,0.5343,2.3027
7.1966,0.5264,2.2686
7.1968,0.5822,2.5094
7.1970,0.6147,2.6519
7.1972,0.5455,2.3535
7.1974,0.5208,2.2459
7.1976,0.5296,2.2836
7.1978,0.57,2.4579
7.1980,0.5404,2.3291
7.1982,0.5256,2.2676
7.1984,0.5236,2.2567
7.1986,0.5273,2.2738
7.1988,0.5276,2.2759
7.1990,0.5279,2.2775
7.1992,0.5454,2.3497
7.1994,0.5298,2.2847
7.1996,0.5201,2.2428
7.1998,0.541,2.3327
7.2000,0.5457,2.3485
7.2002,0.612,2.6327
7.2004,0.6121,2.6344
7.2006,0.6174,2.6584
7.2008,0.6463,2.7815
7.2010,0.6615,2.8484
7.2012,0.6314,2.7188
7.2014,0.6301,2.7093
7.2016,0.6533,2.8093
7.2018,0.671,2.8865
7.2020,0.6971,2.9961
7.2022,0.7831,3.3672
7.2024,0.7177,3.0891
7.2026,0.6509,2.8029
7.2028,0.6178,2.6604
7.2030,0.6168,2.657
7.2032,0.6563,2.8235
7.2034,0.7232,3.107
7.2036,0.7838,3.3687
7.2038,0.7062,3.0367
7.2040,0.7421,3.1924
7.2042,0.7236,3.1115
7.2044,0.7322,3.1471
7.2046,0.771,3.3151
7.2048,0.7484,3.2152
7.2050,0.7657,3.2863
7.2052,0.7875,3.3831
7.2054,0.7728,3.3229
7.2056,0.775,3.3311
7.2058,0.7717,3.3182
7.2060,0.7499,3.2244
7.2062,0.7469,3.21
7.2064,0.761,3.2693
7.2066,0.7205,3.0981
7.2068,0.7397,3.1806
7.2070,0.7895,3.3935
7.2072,0.778,3.3455
7.2074,0.737,3.1707
7.2076,0.6663,2.873
7.2078,0.5937,2.559
7.2080,0.6057,2.6095
7.2082,0.5616,2.4183
7.2084,0.5655,2.436
7.2086,0.5951,2.5671
7.2088,0.5903,2.5476
7.2090,0.502,2.1647
7.2092,0.4736,2.0431
7.2094,0.5186,2.2392
7.2096,0.4411,1.9056
7.2098,0.4029,1.7412
7.2100,0.4185,1.8044
7.2102,0.49,2.113
7.2104,0.4608,1.9878
7.2106,0.4967,2.145
7.2108,0.43,1.854
7.2110,0.4586,1.9822
7.2112,0.3962,1.7114
7.2114,0.3886,1.678
7.2116,0.3909,1.6878
7.2118,0.3911,1.6888
7.2120,0.3916,1.6909
7.2122,0.3862,1.6684
7.2124,0.3891,1.6816
7.2126,0.3926,1.6958
7.2128,0.3966,1.7126
7.2130,0.3948,1.7049
7.2132,0.411,1.7731
7.2134,0.4539,1.9574
7.2136,0.52,2.2412
7.2138,0.5313,2.2877
7.2140,0.5183,2.235
7.2142,0.5515,2.3716
7.2144,0.7357,3.1591
7.2146,0.7846,3.3692
7.2148,0.7277,3.1275
7.2150,0.7541,3.2334
7.2152,0.8552,3.6656
7.2154,0.8158,3.5047
7.2156,0.7431,3.1911
7.2158,0.8566,3.6678
7.2160,0.968,4.1467
7.2162,0.9859,4.2218
7.2164,0.9957,4.2634
7.2166,0.9979,4.2711
7.2168,0.9827,4.206
7.2170,0.9692,4.1499
7.2172,0.9536,4.0889
7.2174,0.9568,4.1009
7.2176,0.9484,4.0668
7.2178,0.8947,3.8365
7.2180,0.9114,3.9116
7.2182,0.8844,3.794
7.2184,0.9091,3.8963
7.2186,0.9003,3.8696
7.2188,0.8111,3.4862
7.2190,0.8175,3.507
7.2192,0.8598,3.692
7.2194,0.8555,3.6752
7.2196,0.8422,3.6163
7.2198,0.8213,3.5267
7.2200,0.8519,3.6546
7.2202,0.9037,3.8768
7.2204,0.8933,3.8356
7.2206,0.8803,3.7818
7.2208,0.8133,3.4906
7.2210,0.7918,3.4017
7.2212,0.7869,3.3821
7.2214,0.7978,3.4258
7.2216,0.8207,3.5274
7.2218,0.8217,3.5283
7.2220,0.8341,3.5835
7.2222,0.8246,3.5423
7.2224,0.8605,3.6968
7.2226,0.8166,3.5067
7.2228,0.8464,3.6343
7.2230,0.8618,3.7025
7.2232,0.8413,3.6161
7.2234,0.7531,3.2413
7.2236,0.7078,3.0463
7.2238,0.728,3.1335
7.2240,0.7395,3.18
7.2242,0.7668,3.2909
7.2244,0.8341,3.5902
7.2246,0.7297,3.1378
7.2248,0.7382,3.1744
7.2250,0.7664,3.3017
7.2252,0.6664,2.8695
7.2254,0.671,2.8905
7.2256,0.6298,2.7133
7.2258,0.631,2.7172
7.2260,0.6485,2.79
7.2262,0.6897,2.9669
7.2264,0.7018,3.0204
7.2266,0.6748,2.9043
7.2268,0.6913,2.9769
7.2270,0.6502,2.8037
7.2272,0.5786,2.4974
7.2274,0.5006,2.1595
7.2276,0.5393,2.3223
7.2278,0.5922,2.5547
7.2280,0.5315,2.294
7.2282,0.4881,2.1077
7.2284,0.4771,2.0591
7.2286,0.4862,2.0984
7.2288,0.5208,2.2469
7.2290,0.5855,2.521
7.2292,0.6356,2.7381
7.2294,0.5826,2.511
7.2296,0.5366,2.3147
7.2298,0.4549,1.9643
7.2300,0.4711,2.0294
7.2302,0.5616,2.425
7.2304,0.4695,2.0274
7.2306,0.4806,2.0703
7.2308,0.5463,2.3555
7.2310,0.4808,2.0761
7.2312,0.4503,1.9446
7.2314,0.4495,1.9401
7.2316,0.4502,1.9423
7.2318,0.4521,1.9505
7.2320,0.4517,1.9512
7.2322,0.4514,1.9493
7.2324,0.4509,1.9454
7.2326,0.4525,1.9521
7.2328,0.4507,1.9425
7.2330,0.5036,2.1714
7.2332,0.4598,1.9837
7.2334,0.4488,1.9352
7.2336,0.4487,1.9347
7.2338,0.45,1.9421
7.2340,0.447,1.931
7.2342,0.4454,1.9234
7.2344,0.4453,1.922
7.2346,0.442,1.9084
7.2348,0.4442,1.9182
7.2350,0.4494,1.9387
7.2352,0.4382,1.8923
7.2354,0.4477,1.9314
7.2356,0.4755,2.0514
7.2358,0.4635,1.9997
7.2360,0.4573,1.9737
7.2362,0.4565,1.9692
7.2364,0.4566,1.9669
7.2366,0.493,2.1269
7.2368,0.4596,1.9808
7.2370,0.4933,2.123
7.2372,0.5525,2.3813
7.2374,0.5472,2.3585
7.2376,0.5726,2.467
7.2378,0.5734,2.4666
7.2380,0.623,2.6802
7.2382,0.6583,2.8305
7.2384,0.665,2.8607
7.2386,0.6568,2.8243
7.2388,0.6598,2.8398
7.2390,0.6066,2.6107
7.2392,0.6322,2.7211
7.2394,0.6732,2.8922
7.2396,0.7124,3.0607
7.2398,0.7023,3.0253
7.2400,0.5631,2.4279
7.2402,0.5325,2.295
7.2404,0.5278,2.2748
7.2406,0.5425,2.3362
7.2408,0.6187,2.6579
7.2410,0.6993,3.0124
7.2412,0.5912,2.5458
7.2414,0.5736,2.4676
7.2416,0.6134,2.6377
7.2418,0.6668,2.8631
7.2420,0.7195,3.0939
7.2422,0.734,3.1549
7.2424,0.735,3.1619
7.2426,0.6802,2.9221
7.2428,0.7074,3.0405
7.2430,0.7368,3.1682
7.2432,0.7163,3.08
7.2434,0.72,3.0931
7.2436,0.7065,3.0377
7.2438,0.6399,2.7567
7.2440,0.5907,2.5461
7.2442,0.5707,2.4587
7.2444,0.573,2.4662
7.2446,0.5538,2.3892
7.2448,0.4262,1.8405
7.2450,0.3989,1.7225
7.2452,0.3996,1.7256
7.2454,0.3946,1.7031
7.2456,0.4215,1.8181
7.2458,0.4173,1.8017
7.2460,0.4137,1.7853
7.2462,0.4132,1.7816
7.2464,0.4191,1.8086
7.2466,0.4755,2.0467
7.2468,0.5913,2.544
7.2470,0.6417,2.7568
7.2472,0.7411,3.1867
7.2474,0.6433,2.766
7.2476,0.6868,2.9491
7.2478,0.7497,3.2209
7.2480,0.747,3.206
7.2482,0.755,3.242
7.2484,0.7642,3.2847
7.2486,0.7288,3.1264
7.2488,0.8116,3.4769
7.2490,0.9012,3.866
7.2492,0.8995,3.8552
7.2494,0.941,4.0311
7.2496,0.8969,3.8511
7.2498,0.8153,3.501
7.2500,0.8175,3.5054
7.2502,0.8418,3.6148
7.2504,0.7654,3.2853
7.2506,0.8247,3.5395
7.2508,0.8633,3.6983
7.2510,0.9279,3.9733
7.2512,0.9921,4.252
7.2514,0.947,4.0549
7.2516,0.8991,3.8501
7.2518,0.8982,3.8514
7.2520,0.9115,3.9066
7.2522,0.9219,3.9532
7.2524,0.9135,3.9154
7.2526,0.937,4.0179
7.2528,0.9218,3.9582
7.2530,0.8341,3.5785
7.2532,0.8196,3.5163
7.2534,0.8364,3.5866
7.2536,0.8803,3.7818
7.2538,0.8653,3.7105
7.2540,0.8564,3.681
7.2542,0.7617,3.2754
7.2544,0.8012,3.4418
7.2546,0.7921,3.3995
7.2548,0.7888,3.3919
7.2550,0.7636,3.2821
7.2552,0.7761,3.3326
7.2554,0.793,3.41
7.2556,0.7738,3.3244
7.2558,0.8086,3.4722
7.2560,0.8308,3.5641
7.2562,0.9061,3.8835
7.2564,0.8734,3.7502
7.2566,0.8115,3.4829
7.2568,0.8267,3.5532
7.2570,0.8455,3.6324
7.2572,0.8588,3.6896
7.2574,0.8495,3.646
7.2576,0.8511,3.6493
7.2578,0.8554,3.6764
7.2580,0.7535,3.2429
7.2582,0.7428,3.1984
7.2584,0.6952,2.9921
7.2586,0.6883,2.9613
7.2588,0.7335,3.1572
7.2590,0.7144,3.0732
7.2592,0.7018,3.0176
7.2594,0.7717,3.3167
7.2596,0.7682,3.3079
7.2598,0.6665,2.8687
7.2600,0.7024,3.0216
7.2602,0.741,3.1892
7.2604,0.6849,2.9491
7.2606,0.6174,2.6621
7.2608,0.6212,2.6749
7.2610,0.6651,2.8625
7.2612,0.6656,2.8659
7.2614,0.6252,2.6932
7.2616,0.6549,2.82
7.2618,0.6959,2.9952
7.2620,0.7075,3.0466
7.2622,0.6392,2.7536
7.2624,0.629,2.7072
7.2626,0.6433,2.7686
7.2628,0.6566,2.8246
7.2630,0.6645,2.8613
7.2632,0.6681,2.8714
7.2634,0.7686,3.3017
7.2636,0.8151,3.5049
7.2638,0.6857,2.9582
7.2640,0.541,2.3327
7.2642,0.5643,2.4308
7.2644,0.5545,2.3934
7.2646,0.5322,2.295
7.2648,0.5309,2.2883
7.2650,0.5288,2.2811
7.2652,0.527,2.2733
7.2654,0.5298,2.2847
7.2656,0.5465,2.3554
7.2658,0.5337,2.3001
7.2660,0.5423,2.3374
7.2662,0.5419,2.3347
7.2664,0.5437,2.3457
7.2666,0.5525,2.3802
7.2668,0.6881,2.9602
7.2670,0.7427,3.1949
7.2672,0.6457,2.7815
7.2674,0.5509,2.3746
7.2676,0.5415,2.3359
7.2678,0.5295,2.2831
7.2680,0.5314,2.2893
7.2682,0.5937,2.5555
7.2684,0.6716,2.8891
7.2686,0.6924,2.983
7.2688,0.6493,2.797
7.2690,0.6249,2.6934
7.2692,0.5421,2.3374
7.2694,0.533,2.297
7.2696,0.5336,2.3007
7.2698,0.5327,2.2971
7.2700,0.5405,2.3307
7.2702,0.5919,2.5477
7.2704,0.6547,2.8163
7.2706,0.6421,2.7635
7.2708,0.6391,2.7518
7.2710,0.6352,2.7328
7.2712,0.6888,2.9537
7.2714,0.8141,3.4958
7.2716,0.8364,3.595
7.2718,0.7737,3.3285
7.2720,0.717,3.0817
7.2722,0.7258,3.1208
7.2724,0.7594,3.2626
7.2726,0.7695,3.3089
7.2728,0.6818,2.9329
7.2730,0.6642,2.8603
7.2732,0.6539,2.8145
7.2734,0.7279,3.1257
7.2736,0.7791,3.3502
7.2738,0.722,3.1077
7.2740,0.741,3.1847
7.2742,0.8112,3.4835
7.2744,0.7644,3.2929
7.2746,0.6212,2.6774
7.2748,0.5796,2.5004
7.2750,0.5713,2.4613
7.2752,0.5724,2.4636
7.2754,0.6261,2.6973
7.2756,0.572,2.4678
7.2758,0.4894,2.1134
7.2760,0.4758,2.0515
7.2762,0.4857,2.0954
7.2764,0.54,2.3319
7.2766,0.4702,2.0258
7.2768,0.5762,2.4859
7.2770,0.5168,2.2324
7.2772,0.411,1.7748
7.2774,0.3956,1.7072
7.2776,0.3941,1.7018
7.2778,0.3942,1.7031
7.2780,0.3863,1.6704
7.2782,0.3844,1.6614
7.2784,0.3864,1.6671
7.2786,0.4337,1.8709
7.2788,0.4696,2.0289
7.2790,0.4126,1.779
7.2792,0.4073,1.7595
7.2794,0.3738,1.615
7.2796,0.4,1.7255
7.2798,0.4108,1.7737
7.2800,0.422,1.8207
7.2802,0.4789,2.063
7.2804,0.5562,2.3962
7.2806,0.535,2.3015
7.2808,0.6548,2.8129
7.2810,0.7365,3.1613
7.2812,0.7228,3.1064
7.2814,0.7393,3.1746
7.2816,0.7778,3.3445
7.2818,0.7553,3.2446
7.2820,0.8693,3.7275
7.2822,0.8688,3.7271
7.2824,0.8722,3.7381
7.2826,0.9423,4.033
7.2828,0.9928,4.2511
7.2830,0.9967,4.268
7.2832,0.9797,4.199
7.2834,0.9791,4.1964
7.2836,0.9734,4.1698
7.2838,0.9683,4.1502
7.2840,0.9277,3.9741
7.2842,0.9543,4.0863
7.2844,0.9954,4.2624
7.2846,0.9798,4.2015
7.2848,0.9369,4.0137
7.2850,0.9628,4.1266
7.2852,0.9676,4.1471
7.2854,0.9809,4.2042
7.2856,0.9163,3.9272
7.2858,0.9377,4.0135
7.2860,0.9948,4.2578
7.2862,0.9871,4.2348
7.2864,0.9622,4.1259
7.2866,0.9874,4.2319
7.2868,0.964,4.1394
7.2870,0.8302,3.5665
7.2872,0.7953,3.4214
7.2874,0.7296,3.1402
7.2876,0.7236,3.1173
7.2878,0.6911,2.9731
7.2880,0.7477,3.2151
7.2882,0.7527,3.2322
7.2884,0.8036,3.4521
7.2886,0.8674,3.7175
7.2888,0.9105,3.9043
7.2890,0.8527,3.6667
7.2892,0.7223,3.1072
7.2894,0.7437,3.1951
7.2896,0.8379,3.6011
7.2898,0.8326,3.5751
7.2900,0.8032,3.4506
7.2902,0.7777,3.3393
7.2904,0.7813,3.3563
7.2906,0.8102,3.4821
7.2908,0.816,3.509
7.2910,0.8255,3.5497
7.2912,0.7559,3.2502
7.2914,0.7328,3.1556
7.2916,0.6418,2.7663
7.2918,0.6029,2.5923
7.2920,0.6838,2.943
7.2922,0.6412,2.7611
7.2924,0.6633,2.8548
7.2926,0.6783,2.9261
7.2928,0.579,2.4955
7.2930,0.5764,2.4841
7.2932,0.5737,2.4716
7.2934,0.6171,2.6611
7.2936,0.5268,2.2717
7.2938,0.4983,2.1487
7.2940,0.5288,2.2832
7.2942,0.4887,2.1103
7.2944,0.4899,2.1135
7.2946,0.497,2.144
7.2948,0.4997,2.1569
7.2950,0.4704,2.0348
7.2952,0.3952,1.7064
7.2954,0.3968,1.714
7.2956,0.4078,1.7592
7.2958,0.4412,1.9061
7.2960,0.4295,1.8554
7.2962,0.4302,1.8576
7.2964,0.4455,1.9221
7.2966,0.4458,1.9258
7.2968,0.443,1.913
7.2970,0.4356,1.8792
7.2972,0.4724,2.0351
7.2974,0.5228,2.2573
7.2976,0.465,2.0059
7.2978,0.4527,1.9549
7.2980,0.4469,1.9287
7.2982,0.4452,1.9197
7.2984,0.4457,1.9235
7.2986,0.4505,1.9442
7.2988,0.4537,1.9564
7.2990,0.4677,2.0178
7.2992,0.4463,1.9279
7.2994,0.4597,1.9841
7.2996,0.4578,1.9749
7.2998,0.4484,1.9336
7.3000,0.453,1.9533
7.3002,0.4623,1.9936
7.3004,0.5053,2.1767
7.3006,0.5381,2.3182
7.3008,0.5417,2.3337
7.3010,0.5541,2.3869
7.3012,0.575,2.4761
7.3014,0.6479,2.7887
7.3016,0.6248,2.6879
7.3018,0.6182,2.6583
7.3020,0.6605,2.8403
7.3022,0.6273,2.7025
7.3024,0.5585,2.4049
7.3026,0.54,2.3275
7.3028,0.5453,2.347
7.3030,0.6671,2.8673
7.3032,0.6448,2.7766
7.3034,0.562,2.421
7.3036,0.5526,2.3818
7.3038,0.5581,2.4011
7.3040,0.6163,2.6537
7.3042,0.6204,2.67
7.3044,0.6376,2.7431
7.3046,0.7476,3.2086
7.3048,0.8114,3.484
7.3050,0.78,3.3491
7.3052,0.788,3.3883
7.3054,0.7359,3.1631
7.3056,0.7728,3.3244
7.3058,0.6983,3.0041
7.3060,0.6918,2.9762
7.3062,0.611,2.6347
7.3064,0.5366,2.3136
7.3066,0.5538,2.3859
7.3068,0.567,2.4404
7.3070,0.6141,2.6432
7.3072,0.6416,2.7601
7.3074,0.6621,2.8496
7.3076,0.5941,2.557
7.3078,0.6011,2.5906
7.3080,0.5755,2.4793
7.3082,0.5843,2.5171
7.3084,0.5738,2.4698
7.3086,0.5985,2.5761
7.3088,0.6001,2.5828
7.3090,0.6029,2.5947
7.3092,0.643,2.7663
7.3094,0.6796,2.925
7.3096,0.5989,2.5837
7.3098,0.517,2.2293
7.3100,0.5119,2.2051
7.3102,0.5214,2.2474
7.3104,0.511,2.2035
7.3106,0.4494,1.9422
7.3108,0.3917,1.6922
7.3110,0.394,1.7013
7.3112,0.3918,1.6927
7.3114,0.3914,1.6891
7.3116,0.4327,1.865
7.3118,0.4813,2.0782
7.3120,0.4303,1.8581
7.3122,0.4519,1.9477
7.3124,0.4569,1.9731
7.3126,0.4032,1.7419
7.3128,0.4009,1.7305
7.3130,0.4327,1.865
7.3132,0.5143,2.2164
7.3134,0.5479,2.3594
7.3136,0.5983,2.5703
7.3138,0.709,3.0457
7.3140,0.702,3.0159
7.3142,0.7481,3.2122
7.3144,0.7419,3.1904
7.3146,0.7347,3.1565
7.3148,0.7572,3.2528
7.3150,0.8213,3.5185
7.3152,0.9596,4.1088
7.3154,0.9243,3.9616
7.3156,0.8518,3.6558
7.3158,0.8166,3.5018
7.3160,0.8422,3.6113
7.3162,0.8838,3.7879
7.3164,0.9608,4.1178
7.3166,0.9031,3.8688
7.3168,0.9068,3.8848
7.3170,0.9333,4.002
7.3172,0.9018,3.865
7.3174,0.9038,3.8719
7.3176,0.9248,3.9674
7.3178,0.8993,3.856
7.3180,0.8738,3.7505
7.3182,0.8072,3.4644
7.3184,0.8266,3.551
7.3186,0.8805,3.7705
7.3188,0.9686,4.1551
7.3190,0.8801,3.7773
7.3192,0.8638,3.709
7.3194,0.841,3.6129
7.3196,0.7767,3.3337
7.3198,0.8146,3.493
7.3200,0.8894,3.821
7.3202,0.8247,3.5412
7.3204,0.8338,3.5786
7.3206,0.8671,3.7199
7.3208,0.8654,3.7162
7.3210,0.8809,3.7826
7.3212,0.9158,3.9233
7.3214,0.9391,4.0304
7.3216,0.9032,3.8748
7.3218,0.9242,3.9648
7.3220,0.87,3.7358
7.3222,0.8011,3.4445
7.3224,0.7706,3.3151
7.3226,0.7646,3.2847
7.3228,0.7859,3.3733
7.3230,0.8491,3.6479
7.3232,0.8424,3.6157
7.3234,0.8482,3.6404
7.3236,0.8261,3.5473
7.3238,0.8023,3.4465
7.3240,0.8398,3.6111
7.3242,0.791,3.3949
7.3244,0.8446,3.6249
7.3246,0.8417,3.6176
7.3248,0.796,3.4213
7.3250,0.7556,3.2491
7.3252,0.763,3.2811
7.3254,0.784,3.3713
7.3256,0.7621,3.28
7.3258,0.714,3.0702
7.3260,0.7047,3.0328
7.3262,0.6873,2.958
7.3264,0.7398,3.1796
7.3266,0.7277,3.1319
7.3268,0.6526,2.8102
7.3270,0.6658,2.8696
7.3272,0.659,2.8415
7.3274,0.6049,2.6059
7.3276,0.5894,2.5393
7.3278,0.5886,2.5345
7.3280,0.6431,2.7707
7.3282,0.6568,2.8269
7.3284,0.5678,2.4497
7.3286,0.5647,2.4329
7.3288,0.6132,2.6415
7.3290,0.5856,2.5239
7.3292,0.5887,2.5338
7.3294,0.702,3.0201
7.3296,0.7459,3.2059
7.3298,0.7321,3.1481
7.3300,0.6804,2.9313
7.3302,0.5723,2.47
7.3304,0.5285,2.2811
7.3306,0.5241,2.2588
7.3308,0.529,2.281
7.3310,0.5278,2.2769
7.3312,0.5306,2.2878
7.3314,0.5258,2.266
7.3316,0.525,2.264
7.3318,0.5393,2.3234
7.3320,0.5825,2.5128
7.3322,0.5325,2.296
7.3324,0.5265,2.2723
7.3326,0.5315,2.2908
7.3328,0.6128,2.6351
7.3330,0.6929,2.9864
7.3332,0.5592,2.4113
7.3334,0.5291,2.2816
7.3336,0.5243,2.2619
7.3338,0.5242,2.2593
7.3340,0.5274,2.2754
7.3342,0.5256,2.2676
7.3344,0.5499,2.3688
7.3346,0.6103,2.6267
7.3348,0.6023,2.5957
7.3350,0.5501,2.372
7.3352,0.5291,2.2826
7.3354,0.5234,2.2578
7.3356,0.5194,2.2397
7.3358,0.5387,2.3218
7.3360,0.6005,2.5832
7.3362,0.7335,3.1528
7.3364,0.7563,3.2522
7.3366,0.6678,2.8731
7.3368,0.6581,2.8326
7.3370,0.6559,2.8241
7.3372,0.6415,2.7596
7.3374,0.6737,2.897
7.3376,0.7249,3.1171
7.3378,0.7754,3.3264
7.3380,0.8867,3.802
7.3382,0.8791,3.7714
7.3384,0.8271,3.5548
7.3386,0.6966,3.001
7.3388,0.6485,2.7939
7.3390,0.6431,2.7681
7.3392,0.6194,2.6659
7.3394,0.7114,3.0546
7.3396,0.7831,3.3656
7.3398,0.6966,2.9969
7.3400,0.6315,2.7193
7.3402,0.6495,2.7993
7.3404,0.6391,2.7531
7.3406,0.613,2.6386
7.3408,0.6307,2.7144
7.3410,0.6391,2.7493
7.3412,0.6755,2.9047
7.3414,0.724,3.1101
7.3416,0.7134,3.0705
7.3418,0.644,2.7743
7.3420,0.6505,2.8009
7.3422,0.6457,2.7802
7.3424,0.609,2.6235
7.3426,0.6485,2.7887
7.3428,0.7459,3.2029
7.3430,0.7314,3.1494
7.3432,0.6098,2.6283
7.3434,0.6005,2.5904
7.3436,0.53,2.2841
7.3438,0.5583,2.405
7.3440,0.5644,2.4358
7.3442,0.4532,1.9579
7.3444,0.432,1.8637
7.3446,0.4507,1.9461
7.3448,0.4115,1.7768
7.3450,0.3947,1.706
7.3452,0.391,1.6891
7.3454,0.3999,1.7267
7.3456,0.4206,1.8129
7.3458,0.5225,2.2521
7.3460,0.5511,2.3729
7.3462,0.674,2.894
7.3464,0.8195,3.5191
7.3466,0.7852,3.375
7.3468,0.7578,3.2585
7.3470,0.7339,3.1515
7.3472,0.7983,3.4232
7.3474,0.8218,3.5289
7.3476,0.7307,3.142
7.3478,0.7525,3.2268
7.3480,0.9451,4.0449
7.3482,1.0027,4.2998
7.3484,0.9387,4.029
7.3486,0.9228,3.9513
7.3488,0.9667,4.1392
7.3490,0.9755,4.1772
7.3492,0.977,4.1892
7.3494,0.9187,3.9357
7.3496,0.9888,4.2362
7.3498,0.9898,4.2442
7.3500,0.9615,4.121
7.3502,0.9727,4.1727
7.3504,0.9222,3.9561
7.3506,0.8951,3.8399
7.3508,0.8772,3.765
7.3510,0.8691,3.7265
7.3512,0.92,3.9469
7.3514,0.9167,3.9343
7.3516,0.9162,3.9286
7.3518,0.9589,4.1116
7.3520,0.9045,3.8841
7.3522,0.8439,3.6219
7.3524,0.8893,3.8116
7.3526,0.9332,4.0053
7.3528,0.8673,3.7309
7.3530,0.7538,3.2475
7.3532,0.6894,2.9646
7.3534,0.7198,3.0936
7.3536,0.8029,3.4459
7.3538,0.8566,3.6833
7.3540,0.7231,3.1095
7.3542,0.7839,3.3709
7.3544,0.8074,3.4719
7.3546,0.7019,3.028
7.3548,0.5965,2.5698
7.3550,0.6544,2.8154
7.3552,0.6728,2.8956
7.3554,0.6728,2.897
7.3556,0.6745,2.9028
7.3558,0.6766,2.9108
7.3560,0.7033,3.023
7.3562,0.781,3.3616
7.3564,0.6964,2.9959
7.3566,0.6952,2.9907
7.3568,0.7211,3.1007
7.3570,0.7729,3.3219
7.3572,0.7906,3.395
7.3574,0.8193,3.5262
7.3576,0.744,3.2036
7.3578,0.7325,3.1555
7.3580,0.6475,2.7867
7.3582,0.6578,2.8351
7.3584,0.5703,2.4567
7.3586,0.6512,2.8053
7.3588,0.6796,2.9237
7.3590,0.6876,2.9679
7.3592,0.5161,2.2294
7.3594,0.5116,2.2071
7.3596,0.5249,2.2625
7.3598,0.5733,2.4696
7.3600,0.5659,2.4415
7.3602,0.5544,2.3918
7.3604,0.5375,2.3156
7.3606,0.5668,2.444
7.3608,0.601,2.5901
7.3610,0.6249,2.6897
7.3612,0.6181,2.664
7.3614,0.6505,2.8009
7.3616,0.6953,2.994
7.3618,0.7228,3.105
7.3620,0.7852,3.3734
7.3622,0.7914,3.3997
7.3624,0.7597,3.2713
7.3626,0.6249,2.6947
7.3628,0.6072,2.6158
7.3630,0.6243,2.6884
7.3632,0.6215,2.6785
7.3634,0.5812,2.5048
7.3636,0.6144,2.6431
7.3638,0.6699,2.8832
7.3640,0.5886,2.5392
7.3642,0.4963,2.1439
7.3644,0.5068,2.1854
7.3646,0.5438,2.3458
7.3648,0.4806,2.0751
7.3650,0.4731,2.043
7.3652,0.4745,2.0468
7.3654,0.4718,2.0364
7.3656,0.4721,2.0364
7.3658,0.4741,2.0452
7.3660,0.4737,2.0437
7.3662,0.471,2.0327
7.3664,0.4755,2.0534
7.3666,0.4808,2.0713
7.3668,0.5698,2.4512
7.3670,0.6676,2.8748
7.3672,0.6086,2.622
7.3674,0.5566,2.4011
7.3676,0.5013,2.1627
7.3678,0.5012,2.1601
7.3680,0.5571,2.3998
7.3682,0.6217,2.6783
7.3684,0.6525,2.8058
7.3686,0.6902,2.9663
7.3688,0.7507,3.2251
7.3690,0.7537,3.244
7.3692,0.6646,2.8592
7.3694,0.6719,2.8907
7.3696,0.7229,3.1099
7.3698,0.7011,3.0146
7.3700,0.7086,3.0443
7.3702,0.7463,3.206
7.3704,0.8378,3.5923
7.3706,0.9222,3.9487
7.3708,0.9613,4.118
7.3710,0.9538,4.0976
7.3712,0.7814,3.3647
7.3714,0.6794,2.924
7.3716,0.6683,2.8765
7.3718,0.6585,2.8329
7.3720,0.7385,3.1769
7.3722,0.7162,3.0753
7.3724,0.7222,3.1082
7.3726,0.6894,2.9673
7.3728,0.6661,2.8641
7.3730,0.6947,2.9901
7.3732,0.6747,2.9039
7.3734,0.6717,2.891
7.3736,0.6856,2.9481
7.3738,0.6893,2.9655
7.3740,0.7219,3.1058
7.3742,0.6686,2.8749
7.3744,0.7065,3.0392
7.3746,0.7253,3.1202
7.3748,0.6824,2.9383
7.3750,0.5711,2.4649
7.3752,0.4909,2.1177
7.3754,0.4952,2.1373
7.3756,0.4637,1.9993
7.3758,0.4704,2.0302
7.3760,0.477,2.0596
7.3762,0.4239,1.8319
7.3764,0.4284,1.849
7.3766,0.4628,1.9975
7.3768,0.4719,2.0378
7.3770,0.4932,2.1245
7.3772,0.5512,2.3778
7.3774,0.4716,2.0344
7.3776,0.4477,1.9323
7.3778,0.4372,1.8886
7.3780,0.4313,1.8623
7.3782,0.4488,1.937
7.3784,0.4821,2.0799
7.3786,0.482,2.0784
7.3788,0.4433,1.9123
7.3790,0.4578,1.9749
7.3792,0.4759,2.0521
7.3794,0.5843,2.5113
7.3796,0.7152,3.074
7.3798,0.8012,3.4451
7.3800,0.717,3.0817
7.3802,0.7292,3.1314
7.3804,0.7374,3.1679
7.3806,0.7669,3.2946
7.3808,0.7916,3.396
7.3810,0.8334,3.5705
7.3812,0.939,4.0225
7.3814,1.0025,4.2967
7.3816,1.0068,4.3112
7.3818,1.0097,4.3215
7.3820,1.0256,4.3898
7.3822,1.0019,4.2902
7.3824,0.9493,4.0781
7.3826,0.8506,3.6507
7.3828,0.9061,3.8817
7.3830,0.9456,4.0583
7.3832,0.9496,4.0682
7.3834,0.9879,4.2321
7.3836,0.9744,4.1765
7.3838,0.9507,4.0766
7.3840,0.9331,4.0067
7.3842,0.8607,3.694
7.3844,0.8424,3.6191
7.3846,0.8348,3.5845
7.3848,0.8503,3.6514
7.3850,0.8412,3.614
7.3852,0.8392,3.6035
7.3854,0.865,3.7108
7.3856,0.8391,3.6064
7.3858,0.7995,3.4395
7.3860,0.782,3.3626
7.3862,0.8108,3.4847
7.3864,0.7693,3.308
7.3866,0.7858,3.3775
7.3868,0.8253,3.5421
7.3870,0.8987,3.8589
7.3872,0.8677,3.7243
7.3874,0.8938,3.8396
7.3876,0.8358,3.5908
7.3878,0.8404,3.6171
7.3880,0.727,3.126
7.3882,0.7587,3.2611
7.3884,0.8012,3.4419
7.3886,0.8282,3.5578
7.3888,0.8115,3.4878
7.3890,0.8237,3.5387
7.3892,0.8191,3.5219
7.3894,0.7891,3.3899
7.3896,0.8241,3.5436
7.3898,0.8421,3.6176
7.3900,0.7652,3.2904
7.3902,0.7138,3.0735
7.3904,0.6928,2.986
7.3906,0.679,2.9252
7.3908,0.6773,2.9152
7.3910,0.7138,3.0707
7.3912,0.7578,3.2585
7.3914,0.7765,3.342
7.3916,0.6687,2.8794
7.3918,0.6237,2.687
7.3920,0.5743,2.4765
7.3922,0.6071,2.6152
7.3924,0.6593,2.8391
7.3926,0.6216,2.6815
7.3928,0.5655,2.4394
7.3930,0.5516,2.3783
7.3932,0.5523,2.3814
7.3934,0.561,2.4203
7.3936,0.5675,2.4471
7.3938,0.605,2.6065
7.3940,0.6071,2.6189
7.3942,0.4953,2.1378
7.3944,0.4978,2.1477
7.3946,0.5131,2.2134
7.3948,0.5436,2.3431
7.3950,0.5761,2.4843
7.3952,0.537,2.3157
7.3954,0.537,2.3157
7.3956,0.6225,2.6794
7.3958,0.6514,2.8116
7.3960,0.5563,2.3967
7.3962,0.5591,2.412
7.3964,0.524,2.2594
7.3966,0.5245,2.2614
7.3968,0.5255,2.2671
7.3970,0.5249,2.2656
7.3972,0.5318,2.294
7.3974,0.5693,2.4537
7.3976,0.5563,2.4001
7.3978,0.5325,2.2971
7.3980,0.5505,2.3736
7.3982,0.552,2.3793
7.3984,0.5547,2.3917
7.3986,0.545,2.3499
7.3988,0.5321,2.2945
7.3990,0.5795,2.4964
7.3992,0.5833,2.5153
7.3994,0.5313,2.292
7.3996,0.5499,2.3689
7.3998,0.6324,2.7217
7.4000,0.6294,2.7075
7.4002,0.6249,2.691
7.4004,0.6493,2.7958
7.4006,0.6563,2.8236
7.4008,0.6832,2.9364
7.4010,0.731,3.1479
7.4012,0.7123,3.0645
7.4014,0.6724,2.8927
7.4016,0.6233,2.6837
7.4018,0.6098,2.6271
7.4020,0.646,2.7805
7.4022,0.7132,3.0695
7.4024,0.7137,3.0687
7.4026,0.7327,3.1522
7.4028,0.6885,2.9632
7.4030,0.6854,2.9498
7.4032,0.6562,2.8231
7.4034,0.6798,2.9247
7.4036,0.6259,2.6951
7.4038,0.6561,2.8186
7.4040,0.7792,3.3476
7.4042,0.8107,3.4858
7.4044,0.7797,3.3497
7.4046,0.7417,3.1924
7.4048,0.6465,2.7839
7.4050,0.6328,2.7238
7.4052,0.6391,2.7532
7.4054,0.601,2.5889
7.4056,0.6465,2.78
7.4058,0.7327,3.1536
7.4060,0.68,2.9252
7.4062,0.656,2.8247
7.4064,0.6728,2.8943
7.4066,0.6459,2.7787
7.4068,0.6707,2.8855
7.4070,0.7247,3.1176
7.4072,0.7276,3.1256
7.4074,0.7381,3.1769
7.4076,0.6713,2.8894
7.4078,0.6685,2.8757
7.4080,0.6231,2.6845
7.4082,0.6197,2.6707
7.4084,0.636,2.7397
7.4086,0.6602,2.8401
7.4088,0.6773,2.9139
7.4090,0.6761,2.9101
7.4092,0.6408,2.7591
7.4094,0.5951,2.5672
7.4096,0.488,2.1082
7.4098,0.4266,1.8404
7.4100,0.4459,1.9246
7.4102,0.4087,1.7666
7.4104,0.398,1.72
7.4106,0.3977,1.7173
7.4108,0.3962,1.7098
7.4110,0.3986,1.7218
7.4112,0.4008,1.7324
7.4114,0.3984,1.722
7.4116,0.3995,1.7243
7.4118,0.4028,1.7399
7.4120,0.4001,1.7285
7.4122,0.4342,1.8704
7.4124,0.6177,2.6575
7.4126,0.6551,2.8158
7.4128,0.6668,2.8698
7.4130,0.5854,2.5218
7.4132,0.6318,2.7166
7.4134,0.6934,2.9802
7.4136,0.758,3.2565
7.4138,0.7242,3.1156
7.4140,0.73,3.1359
7.4142,0.7894,3.3899
7.4144,0.8083,3.4642
7.4146,0.9191,3.9336
7.4148,0.9935,4.2542
7.4150,0.9825,4.205
7.4152,0.9737,4.1754
7.4154,0.9614,4.1205
7.4156,0.971,4.1596
7.4158,0.9681,4.1493
7.4160,0.9374,4.0177
7.4162,0.9539,4.0848
7.4164,0.9487,4.0641
7.4166,0.9532,4.0836
7.4168,0.9836,4.2195
7.4170,0.961,4.117
7.4172,0.9592,4.1093
7.4174,0.9494,4.0767
7.4176,0.8908,3.8196
7.4178,0.9328,4
7.4180,0.9215,3.953
7.4182,0.9047,3.8792
7.4184,0.9209,3.956
7.4186,0.8605,3.6934
7.4188,0.8477,3.6435
7.4190,0.7264,3.1219
7.4192,0.7294,3.1377
7.4194,0.7454,3.2069
7.4196,0.8019,3.4482
7.4198,0.7845,3.3687
7.4200,0.8452,3.6293
7.4202,0.8688,3.729
7.4204,0.9312,3.991
7.4206,0.914,3.9211
7.4208,0.8974,3.8514
7.4210,0.8721,3.7446
7.4212,0.8481,3.6484
7.4214,0.7882,3.3879
7.4216,0.7808,3.3606
7.4218,0.7734,3.3255
7.4220,0.8127,3.4881
7.4222,0.858,3.6826
7.4224,0.8378,3.594
7.4226,0.8772,3.7685
7.4228,0.8591,3.6924
7.4230,0.8225,3.5352
7.4232,0.7625,3.2786
7.4234,0.7703,3.3106
7.4236,0.7857,3.3755
7.4238,0.8451,3.6304
7.4240,0.8206,3.527
7.4242,0.7802,3.3518
7.4244,0.8294,3.5713
7.4246,0.6816,2.9406
7.4248,0.6227,2.6836
7.4250,0.6149,2.6501
7.4252,0.5679,2.4475
7.4254,0.6285,2.7052
7.4256,0.6976,3.0066
7.4258,0.5523,2.3825
7.4260,0.5025,2.1709
7.4262,0.4688,2.0253
7.4264,0.4948,2.1377
7.4266,0.5028,2.1679
7.4268,0.5487,2.367
7.4270,0.549,2.3652
7.4272,0.631,2.716
7.4274,0.6266,2.7019
7.4276,0.545,2.3542
7.4278,0.4839,2.0906
7.4280,0.4718,2.0382
7.4282,0.4766,2.059
7.4284,0.4869,2.0996
7.4286,0.5554,2.3893
7.4288,0.7036,3.0282
7.4290,0.6603,2.8459
7.4292,0.584,2.5161
7.4294,0.5838,2.5174
7.4296,0.5743,2.4765
7.4298,0.5687,2.4522
7.4300,0.5632,2.4296
7.4302,0.5129,2.2159
7.4304,0.4643,2.0028
7.4306,0.4511,1.9468
7.4308,0.4416,1.9068
7.4310,0.4405,1.9013
7.4312,0.4499,1.9426
7.4314,0.4478,1.9355
7.4316,0.4466,1.9286
7.4318,0.4759,2.053
7.4320,0.4536,1.9577
7.4322,0.4513,1.947
7.4324,0.4777,2.0589
7.4326,0.4999,2.1535
7.4328,0.5422,2.3369
7.4330,0.4799,2.071
7.4332,0.4793,2.0665
7.4334,0.5113,2.2056
7.4336,0.4501,1.9427
7.4338,0.4316,1.8621
7.4340,0.4314,1.8611
7.4342,0.4513,1.9488
7.4344,0.4569,1.9731
7.4346,0.4424,1.9087
7.4348,0.4314,1.862
7.4350,0.4709,2.0303
7.4352,0.5674,2.4431
7.4354,0.5652,2.4338
7.4356,0.546,2.3545
7.4358,0.5423,2.3385
7.4360,0.5412,2.3295
7.4362,0.5577,2.4013
7.4364,0.555,2.39
7.4366,0.5516,2.3772
7.4368,0.5727,2.4647
7.4370,0.6782,2.9161
7.4372,0.7333,3.143
7.4374,0.8527,3.6549
7.4376,0.6692,2.8815
7.4378,0.5996,2.5808
7.4380,0.5932,2.5541
7.4382,0.6111,2.6316
7.4384,0.5888,2.5344
7.4386,0.6315,2.7168
7.4388,0.6276,2.7023
7.4390,0.6319,2.7171
7.4392,0.6309,2.718
7.4394,0.602,2.5935
7.4396,0.5839,2.5156
7.4398,0.6179,2.658
7.4400,0.6458,2.7756
7.4402,0.6587,2.8366
7.4404,0.6092,2.6245
7.4406,0.6173,2.6567
7.4408,0.6448,2.7728
7.4410,0.6882,2.9581
7.4412,0.709,3.0529
7.4414,0.601,2.5949
7.4416,0.4837,2.0876
7.4418,0.4911,2.1157
7.4420,0.5616,2.4184
7.4422,0.589,2.5384
7.4424,0.5541,2.388
7.4426,0.5578,2.3996
7.4428,0.6439,2.7674
7.4430,0.6075,2.6185
7.4432,0.5477,2.3639
7.4434,0.5346,2.3086
7.4436,0.4321,1.8659
7.4438,0.399,1.7222
7.4440,0.4126,1.7807
7.4442,0.4049,1.75
7.4444,0.3992,1.7236
7.4446,0.3972,1.7145
7.4448,0.4006,1.729
7.4450,0.4223,1.8226
7.4452,0.4682,2.019
7.4454,0.5222,2.2474
7.4456,0.5885,2.5328
7.4458,0.5951,2.5612
7.4460,0.618,2.6585
7.4462,0.5825,2.507
7.4464,0.6019,2.5858
7.4466,0.7048,3.0292
7.4468,0.7518,3.2297
7.4470,0.7731,3.3183
7.4472,0.8054,3.4551
7.4474,0.8541,3.6605
7.4476,0.864,3.7049
7.4478,0.8728,3.739
7.4480,0.9632,4.1263
7.4482,0.9912,4.2465
7.4484,0.9946,4.2569
7.4486,0.9724,4.1658
7.4488,0.9634,4.1234
7.4490,1.0289,4.4057
7.4492,0.9878,4.2316
7.4494,0.8963,3.8414
7.4496,0.8936,3.8337
7.4498,0.9381,4.0189
7.4500,0.9511,4.082
7.4502,0.829,3.5581
7.4504,0.8085,3.4701
7.4506,0.8147,3.4969
7.4508,0.8298,3.5617
7.4510,0.815,3.5011
7.4512,0.8376,3.6002
7.4514,0.8402,3.6043
7.4516,0.8831,3.7867
7.4518,0.884,3.7943
7.4520,0.892,3.8283
7.4522,0.8897,3.8238
7.4524,0.8191,3.5203
7.4526,0.7888,3.3873
7.4528,0.8392,3.6052
7.4530,0.8446,3.625
7.4532,0.8756,3.7618
7.4534,0.8012,3.4371
7.4536,0.8568,3.6792
7.4538,0.8141,3.4927
7.4540,0.8274,3.5531
7.4542,0.7952,3.4193
7.4544,0.7539,3.242
7.4546,0.7525,3.2343
7.4548,0.758,3.2595
7.4550,0.7906,3.395
7.4552,0.8423,3.6135
7.4554,0.8621,3.7036
7.4556,0.7752,3.3348
7.4558,0.7627,3.2796
7.4560,0.8031,3.4469
7.4562,0.8489,3.6486
7.4564,0.7794,3.3513
7.4566,0.7723,3.3178
7.4568,0.7773,3.3394
7.4570,0.7818,3.3616
7.4572,0.7782,3.3508
7.4574,0.7324,3.1565
7.4576,0.6217,2.6795
7.4578,0.5832,2.5136
7.4580,0.5918,2.5508
7.4582,0.5852,2.5212
7.4584,0.5722,2.4649
7.4586,0.5735,2.4729
7.4588,0.5869,2.5296
7.4590,0.6038,2.5989
7.4592,0.6721,2.8898
7.4594,0.6724,2.8954
7.4596,0.6709,2.8874
7.4598,0.6767,2.9113
7.4600,0.706,3.0329
7.4602,0.7203,3.0985
7.4604,0.6933,2.9866
7.4606,0.6368,2.7433
7.4608,0.6325,2.7235
7.4610,0.6343,2.7312
7.4612,0.6386,2.7498
7.4614,0.696,2.9943
7.4616,0.7247,3.1118
7.4618,0.7634,3.2812
7.4620,0.7975,3.4291
7.4622,0.7614,3.277
7.4624,0.6231,2.687
7.4626,0.5459,2.3529
7.4628,0.6031,2.6006
7.4630,0.5834,2.5158
7.4632,0.5378,2.3199
7.4634,0.5367,2.3153
7.4636,0.5364,2.3131
7.4638,0.5514,2.3789
7.4640,0.542,2.338
7.4642,0.5374,2.3184
7.4644,0.5328,2.2966
7.4646,0.5326,2.2977
7.4648,0.5396,2.3223
7.4650,0.6635,2.8546
7.4652,0.6164,2.6555
7.4654,0.5679,2.4475
7.4656,0.544,2.3479
7.4658,0.5346,2.3043
7.4660,0.5953,2.5646
7.4662,0.5591,2.4097
7.4664,0.533,2.2982
7.4666,0.5266,2.2718
7.4668,0.5302,2.2841
7.4670,0.5928,2.5502
7.4672,0.6272,2.6995
7.4674,0.6263,2.6979
7.4676,0.586,2.5278
7.4678,0.6036,2.5991
7.4680,0.6493,2.7945
7.4682,0.6719,2.8907
7.4684,0.668,2.871
7.4686,0.7121,3.0592
7.4688,0.7435,3.1971
7.4690,0.7428,3.1925
7.4692,0.7819,3.3605
7.4694,0.7873,3.3822
7.4696,0.7439,3.1972
7.4698,0.7284,3.1307
7.4700,0.7411,3.1838
7.4702,0.8131,3.4913
7.4704,0.8122,3.4893
7.4706,0.7834,3.3704
7.4708,0.7104,3.0619
7.4710,0.6339,2.7284
7.4712,0.6796,2.9237
7.4714,0.6628,2.8541
7.4716,0.6566,2.8233
7.4718,0.706,3.0357
7.4720,0.7072,3.0437
7.4722,0.6609,2.8458
7.4724,0.664,2.8553
7.4726,0.7228,3.1065
7.4728,0.7613,3.2734
7.4730,0.7291,3.1353
7.4732,0.6875,2.9563
7.4734,0.6573,2.829
7.4736,0.6581,2.834
7.4738,0.6128,2.6413
7.4740,0.6294,2.7151
7.4742,0.5101,2.2035
7.4744,0.4122,1.78
7.4746,0.4023,1.737
7.4748,0.4059,1.7517
7.4750,0.5211,2.2438
7.4752,0.5735,2.4729
7.4754,0.5006,2.1596
7.4756,0.4893,2.1129
7.4758,0.4186,1.8083
7.4760,0.3956,1.708
7.4762,0.4472,1.9267
7.4764,0.4626,1.9993
7.4766,0.4023,1.7386
7.4768,0.4167,1.7975
7.4770,0.411,1.7765
7.4772,0.3825,1.6531
7.4774,0.396,1.7109
7.4776,0.394,1.6997
7.4778,0.4048,1.7479
7.4780,0.3977,1.7181
7.4782,0.4058,1.7504
7.4784,0.4921,2.1179
7.4786,0.5819,2.5033
7.4788,0.5803,2.4966
7.4790,0.6392,2.7447
7.4792,0.7391,3.178
7.4794,0.728,3.1306
7.4796,0.7041,3.0247
7.4798,0.717,3.0832
7.4800,0.7253,3.1159
7.4802,0.7867,3.3749
7.4804,0.853,3.6559
7.4806,0.8773,3.7637
7.4808,0.8682,3.7281
7.4810,0.848,3.6377
7.4812,0.8706,3.7314
7.4814,0.8733,3.748
7.4816,0.8501,3.6504
7.4818,0.838,3.5967
7.4820,0.8386,3.6009
7.4822,0.8326,3.5752
7.4824,0.8376,3.5968
7.4826,0.8481,3.645
7.4828,0.8268,3.5472
7.4830,0.8616,3.6963
7.4832,0.8149,3.4974
7.4834,0.8318,3.5716
7.4836,0.8459,3.6324
7.4838,0.8456,3.6274
7.4840,0.7984,3.4349
7.4842,0.7875,3.3816
7.4844,0.8995,3.8535
7.4846,0.947,4.0588
7.4848,0.8971,3.8522
7.4850,0.8688,3.7307
7.4852,0.8924,3.8321
7.4854,0.8651,3.7199
7.4856,0.7669,3.3007
7.4858,0.7144,3.0704
7.4860,0.7303,3.1389
7.4862,0.7565,3.2513
7.4864,0.7816,3.3595
7.4866,0.7945,3.4162
7.4868,0.7477,3.2122
7.4870,0.8081,3.4686
7.4872,0.8686,3.7314
7.4874,0.8447,3.6255
7.4876,0.8408,3.6119
7.4878,0.8262,3.5512
7.4880,0.7622,3.2745
7.4882,0.7676,3.3023
7.4884,0.7831,3.3641
7.4886,0.8464,3.6412
7.4888,0.7897,3.3909
7.4890,0.8145,3.4991
7.4892,0.833,3.5767
7.4894,0.8194,3.5202
7.4896,0.7995,3.4331
7.4898,0.8601,3.6983
7.4900,0.7415,3.1958
7.4902,0.6126,2.6378
7.4904,0.6139,2.6484
7.4906,0.5777,2.491
7.4908,0.5908,2.5462
7.4910,0.5416,2.3365
7.4912,0.544,2.3446
7.4914,0.5622,2.4243
7.4916,0.5757,2.4822
7.4918,0.6002,2.5858
7.4920,0.5626,2.4259
7.4922,0.5042,2.1761
7.4924,0.5283,2.2769
7.4926,0.5749,2.4768
7.4928,0.5866,2.5269
7.4930,0.6373,2.7416
7.4932,0.7018,3.0205
7.4934,0.6573,2.833
7.4936,0.5375,2.321
7.4938,0.5105,2.2025
7.4940,0.499,2.1508
7.4942,0.5593,2.4097
7.4944,0.5348,2.3059
7.4946,0.4971,2.1446
7.4948,0.4839,2.0886
7.4950,0.5002,2.159
7.4952,0.5457,2.3541
7.4954,0.4996,2.1554
7.4956,0.5143,2.2144
7.4958,0.6352,2.7379
7.4960,0.5263,2.2724
7.4962,0.4115,1.7777
7.4964,0.3972,1.7153
7.4966,0.4518,1.949
7.4968,0.4542,1.9621
7.4970,0.4475,1.9331
7.4972,0.4442,1.9182
7.4974,0.4408,1.9014
7.4976,0.4583,1.9779
7.4978,0.4556,1.9674
7.4980,0.4492,1.9377
7.4982,0.4499,1.9408
7.4984,0.4544,1.9604
7.4986,0.4712,2.0328
7.4988,0.4866,2.1
7.4990,0.5017,2.1602
7.4992,0.5457,2.3519
7.4994,0.5587,2.4093
7.4996,0.5679,2.4452
7.4998,0.5869,2.5261
7.5000,0.6227,2.6836
7.5002,0.602,2.5948
7.5004,0.6213,2.6742
7.5006,0.644,2.7743
7.5008,0.5772,2.4878
7.5010,0.5861,2.5213
7.5012,0.6309,2.7143
7.5014,0.6512,2.8027
7.5016,0.6603,2.8419
7.5018,0.6489,2.7916
7.5020,0.6428,2.7627
7.5022,0.6969,2.9993
7.5024,0.6657,2.8652
7.5026,0.6893,2.9599
7.5028,0.7119,3.0596
7.5030,0.7242,3.1127
7.5032,0.7508,3.2241
7.5034,0.7815,3.3559
7.5036,0.7638,3.2827
7.5038,0.7966,3.4255
7.5040,0.6884,2.9613
7.5042,0.6378,2.7462
7.5044,0.5671,2.4455
7.5046,0.5412,2.3327
7.5048,0.541,2.3285
7.5050,0.5988,2.5808
7.5052,0.5512,2.3756
7.5054,0.5324,2.2977
7.5056,0.5283,2.2759
7.5058,0.5399,2.3227
7.5060,0.591,2.5437
7.5062,0.6005,2.588
7.5064,0.5373,2.3135
7.5066,0.5362,2.31
7.5068,0.526,2.2692
7.5070,0.5104,2.1999
7.5072,0.5689,2.451
7.5074,0.508,2.1937
7.5076,0.4791,2.0651
7.5078,0.5578,2.3996
7.5080,0.5876,2.5304
7.5082,0.5727,2.4681
7.5084,0.5248,2.2619
7.5086,0.535,2.3059
7.5088,0.5382,2.3198
7.5090,0.571,2.4575
7.5092,0.6084,2.6197
7.5094,0.6312,2.7153
7.5096,0.6468,2.781
7.5098,0.679,2.9157
7.5100,0.7001,3.0077
7.5102,0.6257,2.6966
7.5104,0.4639,2.0041
7.5106,0.393,1.6972
7.5108,0.3882,1.6764
7.5110,0.3876,1.6746
7.5112,0.3933,1.699
7.5114,0.3938,1.6979
7.5116,0.4916,2.1168
7.5118,0.5105,2.1994
7.5120,0.5277,2.2733
7.5122,0.5692,2.4532
7.5124,0.6126,2.6378
7.5126,0.6028,2.5942
7.5128,0.5891,2.5342
7.5130,0.6737,2.8971
7.5132,0.7141,3.0679
7.5134,0.7257,3.1116
7.5136,0.8043,3.4505
7.5138,0.8536,3.6636
7.5140,0.8316,3.5661
7.5142,0.9141,3.918
7.5144,0.9378,4.0192
7.5146,0.9616,4.1196
7.5148,0.9758,4.1782
7.5150,0.9665,4.1387
7.5152,0.958,4.1042
7.5154,1.0069,4.3158
7.5156,0.9236,3.9604
7.5158,0.8996,3.8576
7.5160,0.9334,4.0045
7.5162,0.9231,3.9528
7.5164,0.9394,4.0302
7.5166,0.8351,3.5843
7.5168,0.8111,3.483
7.5170,0.8435,3.6237
7.5172,0.8523,3.6579
7.5174,0.8682,3.7264
7.5176,0.8282,3.5562
7.5178,0.8579,3.6753
7.5180,0.8773,3.7672
7.5182,0.8296,3.5607
7.5184,0.8833,3.7948
7.5186,0.7797,3.3497
7.5188,0.8197,3.5212
7.5190,0.8554,3.6679
7.5192,0.8997,3.8599
7.5194,0.8525,3.6521
7.5196,0.9494,4.0672
7.5198,0.9507,4.0804
7.5200,0.8605,3.6934
7.5202,0.8621,3.6967
7.5204,0.9445,4.048
7.5206,1.0085,4.3265
7.5208,0.9568,4.1048
7.5210,0.8686,3.7297
7.5212,0.842,3.6137
7.5214,0.846,3.6346
7.5216,0.8533,3.6643
7.5218,0.8433,3.6244
7.5220,0.8434,3.6232
7.5222,0.852,3.6586
7.5224,0.8526,3.6629
7.5226,0.853,3.6627
7.5228,0.8472,3.638
7.5230,0.8518,3.6576
7.5232,0.8906,3.8244
7.5234,0.888,3.8166
7.5236,0.7774,3.3446
7.5238,0.7108,3.0606
7.5240,0.6616,2.8516
7.5242,0.6126,2.6378
7.5244,0.6393,2.7542
7.5246,0.6664,2.8723
7.5248,0.6832,2.9391
7.5250,0.7426,3.1975
7.5252,0.6964,3.0001
7.5254,0.667,2.8722
7.5256,0.6314,2.7239
7.5258,0.5633,2.429
7.5260,0.5687,2.4511
7.5262,0.5766,2.4852
7.5264,0.6326,2.7265
7.5266,0.611,2.6384
7.5268,0.4999,2.1595
7.5270,0.4894,2.1124
7.5272,0.4899,2.1135
7.5274,0.5141,2.218
7.5276,0.5759,2.4832
7.5278,0.596,2.5689
7.5280,0.5658,2.4398
7.5282,0.598,2.5736
7.5284,0.6888,2.9703
7.5286,0.5748,2.4774
7.5288,0.5758,2.4804
7.5290,0.6186,2.6624
7.5292,0.6339,2.7297
7.5294,0.6481,2.7932
7.5296,0.597,2.5778
7.5298,0.5465,2.3566
7.5300,0.542,2.3369
7.5302,0.5409,2.3323
7.5304,0.5378,2.3199
7.5306,0.5374,2.3173
7.5308,0.5294,2.2805
7.5310,0.5257,2.2656
7.5312,0.5257,2.2656
7.5314,0.5254,2.2666
7.5316,0.5884,2.5347
7.5318,0.5837,2.5157
7.5320,0.5321,2.2945
7.5322,0.5278,2.277
7.5324,0.5242,2.2604
7.5326,0.5211,2.2459
7.5328,0.5282,2.2764
7.5330,0.5285,2.279
7.5332,0.5267,2.2734
7.5334,0.5245,2.2604
7.5336,0.553,2.3823
7.5338,0.5864,2.5241
7.5340,0.6289,2.7067
7.5342,0.6468,2.7849
7.5344,0.6393,2.7529
7.5346,0.6441,2.7736
7.5348,0.6707,2.8842
7.5350,0.7062,3.0368
7.5352,0.6809,2.9334
7.5354,0.6416,2.7627
7.5356,0.652,2.8011
7.5358,0.7402,3.1782
7.5360,0.7252,3.1182
7.5362,0.7067,3.0388
7.5364,0.7276,3.13
7.5366,0.73,3.1418
7.5368,0.7075,3.0396
7.5370,0.738,3.1705
7.5372,0.743,3.1906
7.5374,0.7779,3.3466
7.5376,0.6585,2.8368
7.5378,0.6191,2.6657
7.5380,0.6127,2.6371
7.5382,0.6529,2.8086
7.5384,0.7358,3.1641
7.5386,0.7231,3.1095
7.5388,0.6712,2.8876
7.5390,0.6569,2.8249
7.5392,0.6909,2.9722
7.5394,0.6585,2.8329
7.5396,0.6441,2.7723
7.5398,0.7091,3.0506
7.5400,0.7089,3.0481
7.5402,0.7316,3.1446
7.5404,0.7027,3.0232
7.5406,0.6851,2.9488
7.5408,0.6867,2.9541
7.5410,0.6338,2.7304
7.5412,0.6598,2.8399
7.5414,0.7074,3.0448
7.5416,0.6464,2.7834
7.5418,0.6754,2.9043
7.5420,0.6962,2.9935
7.5422,0.6932,2.982
7.5424,0.6397,2.757
7.5426,0.5022,2.1683
7.5428,0.4107,1.7733
7.5430,0.404,1.7451
7.5432,0.3993,1.7241
7.5434,0.3958,1.7098
7.5436,0.3998,1.7245
7.5438,0.4807,2.0737
7.5440,0.468,2.0198
7.5442,0.473,2.0396
7.5444,0.4953,2.1398
7.5446,0.4231,1.8271
7.5448,0.5119,2.202
7.5450,0.6392,2.7537
7.5452,0.5456,2.3524
7.5454,0.5372,2.3141
7.5456,0.5687,2.4465
7.5458,0.6231,2.6782
7.5460,0.6776,2.9136
7.5462,0.7039,3.0326
7.5464,0.6598,2.832
7.5466,0.8063,3.4592
7.5468,0.8402,3.6076
7.5470,0.8044,3.4542
7.5472,0.8542,3.661
7.5474,0.8964,3.8419
7.5476,0.873,3.74
7.5478,0.9309,3.9881
7.5480,0.9784,4.1915
7.5482,0.9613,4.1219
7.5484,0.9547,4.0936
7.5486,0.9585,4.1043
7.5488,0.9784,4.1915
7.5490,0.9734,4.1699
7.5492,0.9607,4.1193
7.5494,0.9555,4.0953
7.5496,0.9687,4.1518
7.5498,0.9842,4.2181
7.5500,0.9798,4.1996
7.5502,0.9711,4.164
7.5504,0.9096,3.9021
7.5506,0.8834,3.7935
7.5508,0.8549,3.6641
7.5510,0.8944,3.8386
7.5512,0.8813,3.786
7.5514,0.829,3.5598
7.5516,0.8478,3.6389
7.5518,0.8812,3.782
7.5520,0.8643,3.7146
7.5522,0.7933,3.4079
7.5524,0.8265,3.5456
7.5526,0.8978,3.8517
7.5528,0.9315,4.0056
7.5530,0.777,3.3425
7.5532,0.7159,3.08
7.5534,0.701,3.0169
7.5536,0.7135,3.0682
7.5538,0.7035,3.0235
7.5540,0.7935,3.4121
7.5542,0.7629,3.2822
7.5544,0.7038,3.0321
7.5546,0.6528,2.8107
7.5548,0.7119,3.061
7.5550,0.7601,3.2713
7.5552,0.7222,3.1025
7.5554,0.7751,3.3327
7.5556,0.6692,2.8868
7.5558,0.612,2.6376
7.5560,0.6619,2.8487
7.5562,0.7133,3.0686
7.5564,0.7683,3.3038
7.5566,0.7807,3.3523
7.5568,0.7845,3.3797
7.5570,0.6054,2.608
7.5572,0.6001,2.5865
7.5574,0.5649,2.4379
7.5576,0.5121,2.2092
7.5578,0.5453,2.3536
7.5580,0.5145,2.2196
7.5582,0.5315,2.2919
7.5584,0.5291,2.2837
7.5586,0.4737,2.0437
7.5588,0.497,2.144
7.5590,0.5277,2.2754
7.5592,0.5956,2.5645
7.5594,0.6117,2.6378
7.5596,0.5706,2.4605
7.5598,0.5567,2.3994
7.5600,0.5557,2.3964
7.5602,0.5722,2.4638
7.5604,0.5918,2.5461
7.5606,0.659,2.8389
7.5608,0.6103,2.6329
7.5610,0.5526,2.3829
7.5612,0.539,2.3251
7.5614,0.5408,2.3328
7.5616,0.5483,2.3632
7.5618,0.5543,2.3891
7.5620,0.5705,2.4588
7.5622,0.5766,2.4864
7.5624,0.5598,2.4117
7.5626,0.6006,2.5898
7.5628,0.5059,2.1843
7.5630,0.4628,1.9975
7.5632,0.4548,1.962
7.5634,0.454,1.9602
7.5636,0.4585,1.9789
7.5638,0.4669,2.0133
7.5640,0.497,2.1421
7.5642,0.5134,2.217
7.5644,0.4538,1.9596
7.5646,0.4534,1.9549
7.5648,0.492,2.1213
7.5650,0.5604,2.4132
7.5652,0.6227,2.6787
7.5654,0.5754,2.4812
7.5656,0.4707,2.0308
7.5658,0.4627,1.9961
7.5660,0.4617,1.991
7.5662,0.4605,1.9886
7.5664,0.4589,1.9814
7.5666,0.4601,1.9847
7.5668,0.4626,1.9947
7.5670,0.5066,2.1874
7.5672,0.4637,2.0002
7.5674,0.4813,2.0734
7.5676,0.5387,2.3187
7.5678,0.5656,2.4377
7.5680,0.6175,2.6577
7.5682,0.6924,2.9733
7.5684,0.7504,3.225
7.5686,0.6724,2.8941
7.5688,0.6245,2.6889
7.5690,0.6318,2.7166
7.5692,0.6249,2.6922
7.5694,0.6079,2.6164
7.5696,0.6412,2.7573
7.5698,0.7065,3.035
7.5700,0.7438,3.1967
7.5702,0.7906,3.3903
7.5704,0.9086,3.8962
7.5706,0.8054,3.4664
7.5708,0.6502,2.8012
7.5710,0.5795,2.4976
7.5712,0.6042,2.6004
7.5714,0.594,2.5566
7.5716,0.6417,2.762
7.5718,0.6378,2.7424
7.5720,0.6519,2.8058
7.5722,0.5777,2.4887
7.5724,0.6111,2.6304
7.5726,0.6602,2.8375
7.5728,0.6998,3.0117
7.5730,0.6089,2.623
7.5732,0.5682,2.449
7.5734,0.5675,2.4459
7.5736,0.5773,2.4883
7.5738,0.5737,2.4728
7.5740,0.4996,2.1534
7.5742,0.5165,2.2284
7.5744,0.4755,2.0543
7.5746,0.3989,1.7217
7.5748,0.4126,1.7782
7.5750,0.464,2.0027
7.5752,0.4735,2.0427
7.5754,0.431,1.8604
7.5756,0.3928,1.6945
7.5758,0.3966,1.7111
7.5760,0.3983,1.7183
7.5762,0.3974,1.7158
7.5764,0.3898,1.6839
7.5766,0.393,1.6964
7.5768,0.3959,1.7088
7.5770,0.4227,1.8225
7.5772,0.4093,1.7676
7.5774,0.3866,1.6676
7.5776,0.4141,1.7883
7.5778,0.3926,1.6927
7.5780,0.4758,2.0496
7.5782,0.5601,2.415
7.5784,0.5069,2.1849
7.5786,0.5044,2.1731
7.5788,0.5442,2.3413
7.5790,0.6132,2.6367
7.5792,0.6412,2.7586
7.5794,0.582,2.5061
7.5796,0.5886,2.5333
7.5798,0.6116,2.6275
7.5800,0.6753,2.9024
7.5802,0.7135,3.0639
7.5804,0.7837,3.3573
7.5806,0.8827,3.7798
7.5808,0.8851,3.7936
7.5810,0.874,3.7493
7.5812,0.8712,3.7375
7.5814,0.8718,3.7383
7.5816,0.8918,3.826
7.5818,0.8608,3.6928
7.5820,0.8436,3.6175
7.5822,0.8518,3.6525
7.5824,0.8509,3.6506
7.5826,0.8435,3.6119
7.5828,0.9614,4.1224
7.5830,0.9699,4.155
7.5832,0.975,4.1713
7.5834,1.0158,4.3518
7.5836,0.9716,4.1583
7.5838,0.9951,4.2609
7.5840,0.9837,4.222
7.5842,0.8662,3.7211
7.5844,0.865,3.7108
7.5846,0.8675,3.7198
7.5848,0.8884,3.8164
7.5850,0.8436,3.6226
7.5852,0.8327,3.5707
7.5854,0.8846,3.7916
7.5856,0.873,3.7487
7.5858,0.8638,3.7125
7.5860,0.8297,3.5628
7.5862,0.8216,3.5278
7.5864,0.8279,3.5551
7.5866,0.8212,3.5279
7.5868,0.8221,3.5315
7.5870,0.8429,3.6195
7.5872,0.8728,3.7442
7.5874,0.9418,4.0424
7.5876,0.8562,3.6749
7.5878,0.8146,3.5045
7.5880,0.7918,3.3986
7.5882,0.9039,3.8761
7.5884,0.8605,3.69
7.5886,0.8568,3.6826
7.5888,0.7899,3.3951
7.5890,0.8047,3.4568
7.5892,0.8078,3.4735
7.5894,0.7411,3.1883
7.5896,0.7607,3.2648
7.5898,0.8469,3.6365
7.5900,0.8096,3.4796
7.5902,0.7609,3.2764
7.5904,0.7369,3.1717
7.5906,0.6964,2.9959
7.5908,0.691,2.9768
7.5910,0.6728,2.897
7.5912,0.6487,2.7932
7.5914,0.6689,2.8764
7.5916,0.6952,2.9907
7.5918,0.6644,2.8608
7.5920,0.6795,2.9245
7.5922,0.7242,3.1156
7.5924,0.6763,2.9119
7.5926,0.7001,3.0147
7.5928,0.6749,2.9049
7.5930,0.6861,2.9556
7.5932,0.6049,2.6072
7.5934,0.5808,2.5021
7.5936,0.594,2.5578
7.5938,0.6319,2.726
7.5940,0.5309,2.2915
7.5942,0.4928,2.1259
7.5944,0.4914,2.1187
7.5946,0.6453,2.78
7.5948,0.6288,2.7087
7.5950,0.6086,2.6232
7.5952,0.5308,2.2899
7.5954,0.5213,2.248
7.5956,0.5236,2.2589
7.5958,0.5279,2.2764
7.5960,0.5269,2.2707
7.5962,0.5234,2.2547
7.5964,0.5269,2.2718
7.5966,0.5265,2.2681
7.5968,0.527,2.2723
7.5970,0.5454,2.3476
7.5972,0.6385,2.7506
7.5974,0.6065,2.6139
7.5976,0.5483,2.3643
7.5978,0.5444,2.3462
7.5980,0.586,2.5196
7.5982,0.6875,2.9577
7.5984,0.6516,2.8082
7.5986,0.5719,2.465
7.5988,0.6398,2.7537
7.5990,0.6379,2.7467
7.5992,0.6308,2.7163
7.5994,0.6477,2.7878
7.5996,0.6633,2.8535
7.5998,0.652,2.8037
7.6000,0.6897,2.9656
7.6002,0.7573,3.261
7.6004,0.6707,2.8868
7.6006,0.7197,3.0945
7.6008,0.7101,3.0547
7.6010,0.7271,3.1294
7.6012,0.6783,2.9139
7.6014,0.7591,3.2581
7.6016,0.7767,3.3384
7.6018,0.7342,3.1584
7.6020,0.6511,2.8048
7.6022,0.6337,2.7286
7.6024,0.6697,2.8809
7.6026,0.7189,3.0885
7.6028,0.7731,3.3214
7.6030,0.7952,3.4162
7.6032,0.7764,3.3337
7.6034,0.8219,3.5261
7.6036,0.8376,3.6002
7.6038,0.7873,3.3822
7.6040,0.8065,3.4662
7.6042,0.7363,3.1691
7.6044,0.6825,2.932
7.6046,0.7527,3.2308
7.6048,0.8277,3.564
7.6050,0.6453,2.7813
7.6052,0.6001,2.5853
7.6054,0.6327,2.722
7.6056,0.686,2.9538
7.6058,0.6565,2.8267
7.6060,0.6462,2.7798
7.6062,0.6768,2.9145
7.6064,0.6602,2.8414
7.6066,0.6471,2.7839
7.6068,0.671,2.8906
7.6070,0.554,2.3886
7.6072,0.5586,2.4054
7.6074,0.5667,2.4412
7.6076,0.5336,2.3007
7.6078,0.5139,2.2159
7.6080,0.5548,2.3878
7.6082,0.6647,2.8597
7.6084,0.6694,2.8838
7.6086,0.5598,2.4151
7.6088,0.5072,2.19
7.6090,0.4546,1.9646
7.6092,0.4104,1.7722
7.6094,0.4096,1.7686
7.6096,0.4561,1.9667
7.6098,0.5054,2.1772
7.6100,0.549,2.3674
7.6102,0.5984,2.5828
7.6104,0.4531,1.9574
7.6106,0.412,1.779
7.6108,0.4872,2.0987
7.6110,0.5522,2.3776
7.6112,0.5846,2.5175
7.6114,0.544,2.3446
7.6116,0.5078,2.1896
7.6118,0.5185,2.2366
7.6120,0.5544,2.3896
7.6122,0.6144,2.6468
7.6124,0.5735,2.4706
7.6126,0.5771,2.4826
7.6128,0.6739,2.8976
7.6130,0.7095,3.0507
7.6132,0.7195,3.0954
7.6134,0.7474,3.2121
7.6136,0.7809,3.3533
7.6138,0.8072,3.4596
7.6140,0.9408,4.0302
7.6142,0.9736,4.1729
7.6144,0.9762,4.1803
7.6146,0.9796,4.1986
7.6148,0.9762,4.1822
7.6150,0.967,4.1446
7.6152,0.9747,4.1795
7.6154,0.9307,3.9889
7.6156,0.9445,4.048
7.6158,0.9855,4.2218
7.6160,0.9682,4.1498
7.6162,0.9482,4.062
7.6164,0.9792,4.199
7.6166,0.9649,4.145
7.6168,0.8995,3.8571
7.6170,0.9459,4.0561
7.6172,0.9506,4.0742
7.6174,0.9669,4.1538
7.6176,0.853,3.6627
7.6178,0.8526,3.6561
7.6180,0.8622,3.7075
7.6182,0.8246,3.544
7.6184,0.8213,3.5268
7.6186,0.8524,3.6567
7.6188,0.89,3.8218
7.6190,0.883,3.7879
7.6192,0.8764,3.7649
7.6194,0.8246,3.5424
7.6196,0.8494,3.6456
7.6198,0.9451,4.0544
7.6200,0.928,3.9813
7.6202,0.9673,4.1495
7.6204,0.9182,3.941
7.6206,0.9015,3.8749
7.6208,0.8515,3.6583
7.6210,0.8779,3.7698
7.6212,0.8748,3.7564
7.6214,0.8791,3.775
7.6216,0.8813,3.7895
7.6218,0.7888,3.3904
7.6220,0.7671,3.2956
7.6222,0.8161,3.509
7.6224,0.7645,3.2904
7.6226,0.7554,3.2497
7.6228,0.7773,3.341
7.6230,0.764,3.2914
7.6232,0.6441,2.7774
7.6234,0.6563,2.8262
7.6236,0.6614,2.8506
7.6238,0.6179,2.663
7.6240,0.6107,2.6344
7.6242,0.5454,2.353
7.6244,0.5242,2.2604
7.6246,0.6544,2.8193
7.6248,0.6989,3.0137
7.6250,0.5228,2.2584
7.6252,0.4938,2.1311
7.6254,0.5061,2.1823
7.6256,0.5042,2.1731
7.6258,0.6102,2.6323
7.6260,0.489,2.1133
7.6262,0.409,1.7685
7.6264,0.4083,1.7654
7.6266,0.4084,1.7634
7.6268,0.459,1.9819
7.6270,0.4609,1.9893
7.6272,0.4888,2.1079
7.6274,0.5303,2.2868
7.6276,0.5486,2.3676
7.6278,0.5464,2.3561
7.6280,0.5507,2.3736
7.6282,0.559,2.4103
7.6284,0.5532,2.3855
7.6286,0.5454,2.353
7.6288,0.5044,2.1771
7.6290,0.4573,1.9747
7.6292,0.451,1.9481
7.6294,0.4528,1.955
7.6296,0.4716,2.0344
7.6298,0.5252,2.2656
7.6300,0.5484,2.3659
7.6302,0.5468,2.3554
7.6304,0.5687,2.4488
7.6306,0.5911,2.5465
7.6308,0.567,2.4427
7.6310,0.5725,2.4665
7.6312,0.5787,2.4975
7.6314,0.5044,2.1771
7.6316,0.467,2.0147
7.6318,0.4596,1.9817
7.6320,0.4705,2.0278
7.6322,0.5,2.159
7.6324,0.4528,1.955
7.6326,0.4504,1.9428
7.6328,0.4498,1.942
7.6330,0.4614,1.9923
7.6332,0.4771,2.0572
7.6334,0.5308,2.2867
7.6336,0.5435,2.3404
7.6338,0.6068,2.6142
7.6340,0.5547,2.3895
7.6342,0.5565,2.395
7.6344,0.5665,2.4407
7.6346,0.5631,2.4279
7.6348,0.5548,2.39
7.6350,0.5519,2.3743
7.6352,0.6016,2.5867
7.6354,0.6376,2.7444
7.6356,0.6856,2.9454
7.6358,0.7788,3.3425
7.6360,0.7247,3.122
7.6362,0.6356,2.7356
7.6364,0.6501,2.7968
7.6366,0.6721,2.8898
7.6368,0.68,2.9307
7.6370,0.5826,2.511
7.6372,0.5456,2.3481
7.6374,0.5844,2.5164
7.6376,0.6218,2.6738
7.6378,0.6555,2.8239
7.6380,0.5966,2.5715
7.6382,0.5834,2.5135
7.6384,0.5959,2.5684
7.6386,0.5728,2.4687
7.6388,0.5656,2.4354
7.6390,0.5822,2.506
7.6392,0.6251,2.689
7.6394,0.638,2.7485
7.6396,0.6304,2.7134
7.6398,0.6628,2.8488
7.6400,0.6916,2.978
7.6402,0.6321,2.7194
7.6404,0.5988,2.5784
7.6406,0.6403,2.7545
7.6408,0.6464,2.7769
7.6410,0.6692,2.8842
7.6412,0.581,2.5043
7.6414,0.5243,2.2578
7.6416,0.5524,2.3786
7.6418,0.5677,2.4458
7.6420,0.5893,2.5329
7.6422,0.5635,2.4322
7.6424,0.408,1.761
7.6426,0.3935,1.7
7.6428,0.4022,1.7365
7.6430,0.4102,1.7712
7.6432,0.399,1.723
7.6434,0.3952,1.7057
7.6436,0.4589,1.9777
7.6438,0.5132,2.2118
7.6440,0.4898,2.1101
7.6442,0.4891,2.1079
7.6444,0.488,2.1033
7.6446,0.501,2.1591
7.6448,0.548,2.3606
7.6450,0.5804,2.4971
7.6452,0.6494,2.7911
7.6454,0.7065,3.0378
7.6456,0.661,2.8411
7.6458,0.7129,3.0599
7.6460,0.7599,3.2662
7.6462,0.7218,3.0995
7.6464,0.7563,3.2508
7.6466,0.7361,3.1593
7.6468,0.8393,3.594
7.6470,0.9586,4.1067
7.6472,0.9512,4.073
7.6474,0.9703,4.1604
7.6476,0.8505,3.6502
7.6478,0.8577,3.6794
7.6480,0.8966,3.8448
7.6482,0.8705,3.7379
7.6484,0.8704,3.7304
7.6486,0.9315,3.9925
7.6488,0.9009,3.8615
7.6490,0.8984,3.8525
7.6492,0.9025,3.8718
7.6494,0.8798,3.771
7.6496,0.9107,3.9049
7.6498,0.8765,3.7584
7.6500,0.8994,3.8584
7.6502,0.9337,3.9999
7.6504,0.9361,4.0158
7.6506,0.8635,3.7098
7.6508,0.8213,3.5284
7.6510,0.8235,3.5361
7.6512,0.8043,3.4585
7.6514,0.7651,3.2853
7.6516,0.8006,3.4393
7.6518,0.8099,3.4828
7.6520,0.7254,3.1193
7.6522,0.6909,2.9722
7.6524,0.701,3.0183
7.6526,0.6989,3.0067
7.6528,0.6905,2.9692
7.6530,0.6995,3.0079
7.6532,0.7061,3.0391
7.6534,0.7026,3.0241
7.6536,0.671,2.8852
7.6538,0.7255,3.1183
7.6540,0.7524,3.2353
7.6542,0.7586,3.2621
7.6544,0.7593,3.2652
7.6546,0.7592,3.2571
7.6548,0.8252,3.5449
7.6550,0.7549,3.2461
7.6552,0.7182,3.0883
7.6554,0.7291,3.1382
7.6556,0.6965,2.9964
7.6558,0.6858,2.9532
7.6560,0.6808,2.9316
7.6562,0.7152,3.074
7.6564,0.6741,2.9026
7.6566,0.5976,2.5756
7.6568,0.5836,2.514
7.6570,0.6234,2.6855
7.6572,0.5994,2.5762
7.6574,0.791,3.4013
7.6576,0.7286,3.139
7.6578,0.6014,2.591
7.6580,0.5911,2.5477
7.6582,0.5796,2.4981
7.6584,0.556,2.3941
7.6586,0.596,2.5665
7.6588,0.6687,2.8781
7.6590,0.687,2.957
7.6592,0.6749,2.9049
7.6594,0.6681,2.8795
7.6596,0.6664,2.8669
7.6598,0.6798,2.9261
7.6600,0.649,2.796
7.6602,0.5929,2.5531
7.6604,0.6187,2.6641
7.6606,0.6622,2.8462
7.6608,0.7458,3.2069
7.6610,0.7025,3.0278
7.6612,0.6227,2.6799
7.6614,0.6252,2.6907
7.6616,0.6517,2.8022
7.6618,0.6935,2.9835
7.6620,0.6899,2.9722
7.6622,0.6414,2.7617
7.6624,0.6391,2.7506
7.6626,0.6797,2.9255
7.6628,0.6434,2.773
7.6630,0.5518,2.3793
7.6632,0.5313,2.2909
7.6634,0.5319,2.2946
7.6636,0.5302,2.2852
7.6638,0.5369,2.3152
7.6640,0.584,2.5161
7.6642,0.6045,2.608
7.6644,0.5348,2.3059
7.6646,0.5291,2.2827
7.6648,0.5294,2.2826
7.6650,0.5295,2.281
7.6652,0.5284,2.2775
7.6654,0.5267,2.2713
7.6656,0.5257,2.2666
7.6658,0.5287,2.2785
7.6660,0.5321,2.2913
7.6662,0.6486,2.7888
7.6664,0.6718,2.8928
7.6666,0.5802,2.4984
7.6668,0.5705,2.4554
7.6670,0.5706,2.4582
7.6672,0.5747,2.4758
7.6674,0.6596,2.8336
7.6676,0.7638,3.2827
7.6678,0.7499,3.2199
7.6680,0.79,3.394
7.6682,0.8048,3.4541
7.6684,0.8575,3.6771
7.6686,0.8605,3.702
7.6688,0.6589,2.8358
7.6690,0.6251,2.694
7.6692,0.6632,2.8543
7.6694,0.6887,2.9615
7.6696,0.7223,3.103
7.6698,0.7282,3.1282
7.6700,0.7189,3.09
7.6702,0.7422,3.19
7.6704,0.7405,3.1857
7.6706,0.6986,3.0038
7.6708,0.7946,3.4136
7.6710,0.755,3.2496
7.6712,0.6388,2.7508
7.6714,0.6251,2.6927
7.6716,0.6223,2.6771
7.6718,0.6504,2.7991
7.6720,0.6236,2.684
7.6722,0.6212,2.6725
7.6724,0.7176,3.0886
7.6726,0.6406,2.7599
7.6728,0.5974,2.5722
7.6730,0.6188,2.6646
7.6732,0.5896,2.5386
7.6734,0.6276,2.7011
7.6736,0.6399,2.7517
7.6738,0.6791,2.9243
7.6740,0.6731,2.8972
7.6742,0.682,2.934
7.6744,0.5719,2.4673
7.6746,0.4682,2.0199
7.6748,0.4705,2.0297
7.6750,0.4715,2.0329
7.6752,0.4725,2.0395
7.6754,0.4707,2.0326
7.6756,0.4679,2.0183
7.6758,0.4712,2.0319
7.6760,0.4698,2.0276
7.6762,0.5099,2.1968
7.6764,0.5641,2.4315
7.6766,0.5396,2.3234
7.6768,0.5581,2.4023
7.6770,0.6275,2.7043
7.6772,0.6378,2.7475
7.6774,0.6253,2.6938
7.6776,0.5518,2.3782
7.6778,0.5366,2.3147
7.6780,0.5197,2.2387
7.6782,0.596,2.5665
7.6784,0.6036,2.5954
7.6786,0.6572,2.8272
7.6788,0.6039,2.6018
7.6790,0.6109,2.6293
7.6792,0.6898,2.9661
7.6794,0.7252,3.1095
7.6796,0.809,3.4722
7.6798,0.8334,3.5755
7.6800,0.8777,3.7635
7.6802,0.8646,3.7092
7.6804,0.8502,3.6509
7.6806,0.8482,3.6421
7.6808,0.8711,3.737
7.6810,0.8698,3.7296
7.6812,0.8766,3.7554
7.6814,0.9627,4.1261
7.6816,0.9649,4.1334
7.6818,0.9826,4.2095
7.6820,0.9971,4.2716
7.6822,1.0024,4.2962
7.6824,0.9836,4.2155
7.6826,0.9656,4.1385
7.6828,0.9783,4.191
7.6830,0.977,4.1834
7.6832,0.9715,4.1675
7.6834,0.9069,3.8926
7.6836,0.8772,3.765
7.6838,0.8867,3.8039
7.6840,0.8952,3.8386
7.6842,0.915,3.9289
7.6844,0.8918,3.826
7.6846,0.9084,3.8951
7.6848,0.9089,3.9008
7.6850,0.8945,3.8427
7.6852,0.8899,3.8231
7.6854,0.8833,3.7895
7.6856,0.9092,3.9078
7.6858,0.7894,3.3946
7.6860,0.793,3.4101
7.6862,0.8186,3.5133
7.6864,0.8999,3.8604
7.6866,0.9346,4.0133
7.6868,0.8468,3.6393
7.6870,0.7821,3.3663
7.6872,0.7063,3.0401
7.6874,0.7233,3.1114
7.6876,0.7478,3.2127
7.6878,0.7912,3.4039
7.6880,0.6782,2.9202
7.6882,0.7004,3.0129
7.6884,0.8081,3.4734
7.6886,0.8099,3.4828
7.6888,0.7977,3.427
7.6890,0.8029,3.4539
7.6892,0.6731,2.9039
7.6894,0.5528,2.3846
7.6896,0.5833,2.513
7.6898,0.6269,2.7005
7.6900,0.6039,2.6054
7.6902,0.5981,2.5777
7.6904,0.6295,2.7118
7.6906,0.6494,2.7924
7.6908,0.7059,3.0395
7.6910,0.6826,2.9393
7.6912,0.6194,2.6734
7.6914,0.5257,2.2708
7.6916,0.4978,2.1477
7.6918,0.5427,2.3411
7.6920,0.5623,2.4271
7.6922,0.5054,2.1802
7.6924,0.4917,2.1223
7.6926,0.4788,2.0673
7.6928,0.4941,2.1326
7.6930,0.4904,2.1156
7.6932,0.5042,2.1751
7.6934,0.5324,2.2988
7.6936,0.4447,1.9221
7.6938,0.3999,1.7275
7.6940,0.3995,1.7275
7.6942,0.4333,1.872
7.6944,0.451,1.9472
7.6946,0.4436,1.9156
7.6948,0.4458,1.9241
7.6950,0.4488,1.9379
7.6952,0.4469,1.9314
7.6954,0.4444,1.9179
7.6956,0.4415,1.9054
7.6958,0.4472,1.9294
7.6960,0.4882,2.1073
7.6962,0.444,1.9163
7.6964,0.4386,1.8939
7.6966,0.4544,1.9604
7.6968,0.487,2.0992
7.6970,0.5605,2.4159
7.6972,0.5572,2.4048
7.6974,0.4626,1.9956
7.6976,0.4367,1.8856
7.6978,0.4629,1.9971
7.6980,0.5406,2.3258
7.6982,0.6018,2.5913
7.6984,0.5627,2.4252
7.6986,0.5561,2.3968
7.6988,0.5844,2.5153
7.6990,0.6016,2.5891
7.6992,0.6767,2.9126
7.6994,0.6851,2.9474
7.6996,0.6863,2.9498
7.6998,0.6941,2.9833
7.7000,0.7199,3.0984
7.7002,0.6831,2.9427
7.7004,0.6099,2.6276
7.7006,0.5813,2.503
7.7008,0.6349,2.7338
7.7010,0.6748,2.903
7.7012,0.7019,3.014
7.7014,0.7578,3.2539
7.7016,0.7846,3.3693
7.7018,0.8248,3.5384
7.7020,0.8158,3.5064
7.7022,0.7074,3.0462
7.7024,0.6095,2.6268
7.7026,0.5622,2.4198
7.7028,0.6087,2.6213
7.7030,0.6501,2.7981
7.7032,0.6571,2.8267
7.7034,0.651,2.8017
7.7036,0.6416,2.7614
7.7038,0.662,2.8505
7.7040,0.6433,2.77
7.7042,0.574,2.4738
7.7044,0.5508,2.3741
7.7046,0.538,2.3177
7.7048,0.5426,2.3384
7.7050,0.531,2.2878
7.7052,0.5406,2.3291
7.7054,0.5482,2.3627
7.7056,0.5882,2.533
7.7058,0.5814,2.507
7.7060,0.5188,2.2361
7.7062,0.5475,2.3607
7.7064,0.5222,2.2495
7.7066,0.5348,2.3027
7.7068,0.6379,2.7442
7.7070,0.6959,2.9952
7.7072,0.617,2.6569
7.7074,0.5767,2.488
7.7076,0.5251,2.2619
7.7078,0.5326,2.2966
7.7080,0.4664,2.0149
7.7082,0.45,1.9422
7.7084,0.4122,1.78
7.7086,0.4233,1.8268
7.7088,0.5146,2.218
7.7090,0.497,2.1421
7.7092,0.515,2.2237
7.7094,0.4295,1.8545
7.7096,0.3993,1.7225
7.7098,0.4068,1.7534
7.7100,0.4779,2.0542
7.7102,0.6266,2.6957
7.7104,0.6115,2.6331
7.7106,0.5908,2.5414
7.7108,0.6066,2.6108
7.7110,0.6075,2.6149
7.7112,0.5482,2.3627
7.7114,0.5236,2.2557
7.7116,0.5669,2.4411
7.7118,0.6081,2.6114
7.7120,0.6926,2.9766
7.7122,0.7145,3.0738
7.7124,0.6946,2.9882
7.7126,0.7218,3.0995
7.7128,0.7397,3.1762
7.7130,0.7679,3.2956
7.7132,0.7872,3.3801
7.7134,0.7964,3.4165
7.7136,0.918,3.9308
7.7138,1.0175,4.3569
7.7140,0.9868,4.2235
7.7142,0.9463,4.0576
7.7144,0.8941,3.8322
7.7146,0.9013,3.8612
7.7148,0.9518,4.0756
7.7150,0.95,4.0736
7.7152,0.9405,4.0329
7.7154,0.9459,4.0504
7.7156,0.9994,4.2814
7.7158,0.9825,4.2109
7.7160,0.9278,3.9766
7.7162,0.9073,3.8923
7.7164,0.8433,3.621
7.7166,0.8045,3.4531
7.7168,0.8448,3.6277
7.7170,0.8369,3.5937
7.7172,0.8651,3.7095
7.7174,0.9103,3.9088
7.7176,0.8302,3.5632
7.7178,0.8724,3.7461
7.7180,0.8183,3.5156
7.7182,0.8646,3.7127
7.7184,0.8844,3.7976
7.7186,0.8721,3.7446
7.7188,0.8794,3.7725
7.7190,0.8995,3.8589
7.7192,0.9087,3.8931
7.7194,0.9399,4.0304
7.7196,0.9292,3.9846
7.7198,0.927,3.9711
7.7200,0.9912,4.2524
7.7202,0.925,3.9759
7.7204,0.8171,3.5071
7.7206,0.8525,3.6573
7.7208,0.8661,3.7171
7.7210,0.8557,3.678
7.7212,0.836,3.5896
7.7214,0.8333,3.58
7.7216,0.8626,3.7056
7.7218,0.891,3.8224
7.7220,0.8963,3.845
7.7222,0.8563,3.684
7.7224,0.7388,3.18
7.7226,0.7111,3.0579
7.7228,0.7729,3.3219
7.7230,0.78,3.3554
7.7232,0.7494,3.2269
7.7234,0.6796,2.9278
7.7236,0.6602,2.8454
7.7238,0.5848,2.5168
7.7240,0.6346,2.7341
7.7242,0.6549,2.82
7.7244,0.6531,2.8175
7.7246,0.5828,2.5144
7.7248,0.5572,2.4026
7.7250,0.5577,2.4047
7.7252,0.5623,2.4259
7.7254,0.5664,2.4413
7.7256,0.6042,2.6016
7.7258,0.5911,2.5501
7.7260,0.4875,2.1061
7.7262,0.4793,2.0704
7.7264,0.4934,2.1285
7.7266,0.537,2.3147
7.7268,0.5785,2.4981
7.7270,0.5388,2.3246
7.7272,0.5457,2.3464
7.7274,0.6869,2.9565
7.7276,0.6704,2.8853
7.7278,0.7161,3.0819
7.7280,0.6363,2.7451
7.7282,0.543,2.3448
7.7284,0.5585,2.4083
7.7286,0.5623,2.4226
7.7288,0.6102,2.6275
7.7290,0.6079,2.6201
7.7292,0.5857,2.5256
7.7294,0.5474,2.3613
7.7296,0.5457,2.3541
7.7298,0.5496,2.3722
7.7300,0.5749,2.4768
7.7302,0.6288,2.7062
7.7304,0.6403,2.7558
7.7306,0.6965,2.9936
7.7308,0.7713,3.3198
7.7310,0.6143,2.6475
7.7312,0.5339,2.3012
7.7314,0.5301,2.2879
7.7316,0.5221,2.2511
7.7318,0.5351,2.3064
7.7320,0.5408,2.3307
7.7322,0.5387,2.3208
7.7324,0.5367,2.311
7.7326,0.541,2.3285
7.7328,0.6448,2.7767
7.7330,0.6938,2.9845
7.7332,0.7121,3.0663
7.7334,0.636,2.7385
7.7336,0.628,2.7031
7.7338,0.6439,2.7712
7.7340,0.6533,2.8107
7.7342,0.6585,2.8329
7.7344,0.7219,3.1029
7.7346,0.7551,3.2486
7.7348,0.7103,3.0571
7.7350,0.7045,3.0324
7.7352,0.6388,2.7534
7.7354,0.6062,2.6092
7.7356,0.6074,2.6156
7.7358,0.6084,2.6197
7.7360,0.6195,2.6652
7.7362,0.683,2.9395
7.7364,0.7192,3.0939
7.7366,0.736,3.1646
7.7368,0.7255,3.1241
7.7370,0.6272,2.6995
7.7372,0.6109,2.6269
7.7374,0.6874,2.9545
7.7376,0.7325,3.1468
7.7378,0.7578,3.26
7.7380,0.6936,2.9868
7.7382,0.6812,2.9317
7.7384,0.6675,2.8716
7.7386,0.6816,2.9338
7.7388,0.7249,3.1172
7.7390,0.7032,3.0253
7.7392,0.693,2.9814
7.7394,0.6851,2.9501
7.7396,0.7228,3.1123
7.7398,0.7331,3.1537
7.7400,0.7367,3.1677
7.7402,0.6789,2.926
7.7404,0.612,2.634
7.7406,0.6892,2.9622
7.7408,0.7424,3.191
7.7410,0.6607,2.8488
7.7412,0.5569,2.4027
7.7414,0.5572,2.4015
7.7416,0.4989,2.1543
7.7418,0.4062,1.7549
7.7420,0.4095,1.7689
7.7422,0.4125,1.7802
7.7424,0.4091,1.7665
7.7426,0.4066,1.7548
7.7428,0.4435,1.916
7.7430,0.4227,1.8242
7.7432,0.5221,2.2501
7.7434,0.5623,2.4237
7.7436,0.5251,2.2651
7.7438,0.4862,2.0975
7.7440,0.4808,2.0742
7.7442,0.4776,2.0593
7.7444,0.4837,2.0847
7.7446,0.4862,2.0975
7.7448,0.5049,2.1762
7.7450,0.5368,2.3126
7.7452,0.5887,2.5327
7.7454,0.6031,2.5982
7.7456,0.573,2.4685
7.7458,0.5978,2.5719
7.7460,0.7108,3.0549
7.7462,0.7223,3.1059
7.7464,0.7053,3.0341
7.7466,0.7569,3.2503
7.7468,0.803,3.4464
7.7470,0.8574,3.6732
7.7472,0.9735,4.1724
7.7474,0.9722,4.1648
7.7476,0.9784,4.1895
7.7478,0.9918,4.249
7.7480,0.9848,4.2227
7.7482,0.9669,4.148
7.7484,0.8934,3.8327
7.7486,0.8644,3.7065
7.7488,0.941,4.0312
7.7490,0.9514,4.0759
7.7492,0.9398,4.028
7.7494,0.948,4.0648
7.7496,0.9651,4.1345
7.7498,0.9524,4.0857
7.7500,0.9517,4.0788
7.7502,0.9667,4.145
7.7504,0.8964,3.8437
7.7506,0.9478,4.0643
7.7508,0.9179,3.9394
7.7510,0.9117,3.9168
7.7512,0.8255,3.5481
7.7514,0.7488,3.2183
7.7516,0.7785,3.3461
7.7518,0.8151,3.5033
7.7520,0.809,3.477
7.7522,0.8183,3.5123
7.7524,0.8147,3.4985
7.7526,0.8729,3.7464
7.7528,0.8838,3.7986
7.7530,0.8126,3.486
7.7532,0.9211,3.9589
7.7534,0.7908,3.3971
7.7536,0.7183,3.0932
7.7538,0.6632,2.8557
7.7540,0.6621,2.8537
7.7542,0.6655,2.8695
7.7544,0.6544,2.818
7.7546,0.6938,2.9845
7.7548,0.7221,3.1077
7.7550,0.7228,3.1079
7.7552,0.7894,3.4009
7.7554,0.5784,2.4953
7.7556,0.5024,2.1703
7.7558,0.4862,2.1014
7.7560,0.483,2.0835
7.7562,0.5157,2.2237
7.7564,0.5638,2.431
7.7566,0.5868,2.5303
7.7568,0.5824,2.5112
7.7570,0.5952,2.5653
7.7572,0.6197,2.6707
7.7574,0.5975,2.5751
7.7576,0.5887,2.5374
7.7578,0.5896,2.5398
7.7580,0.6161,2.6565
7.7582,0.568,2.4503
7.7584,0.4974,2.1446
7.7586,0.5629,2.4252
7.7588,0.6382,2.7495
7.7590,0.5947,2.5632
7.7592,0.6525,2.8084
7.7594,0.6295,2.7131
7.7596,0.584,2.5207
7.7598,0.5649,2.4323
7.7600,0.545,2.3509
7.7602,0.5252,2.2635
7.7604,0.6091,2.6228
7.7606,0.6598,2.8452
7.7608,0.5423,2.3406
7.7610,0.5302,2.2863
7.7612,0.5655,2.436
7.7614,0.5778,2.4892
7.7616,0.589,2.5408
7.7618,0.4999,2.1585
7.7620,0.4512,1.9464
7.7622,0.4607,1.9892
7.7624,0.4613,1.9917
7.7626,0.4746,2.0483
7.7628,0.4613,1.9908
7.7630,0.4599,1.9851
7.7632,0.4571,1.9745
7.7634,0.458,1.9778
7.7636,0.458,1.9768
7.7638,0.4546,1.96
7.7640,0.4456,1.9239
7.7642,0.4426,1.911
7.7644,0.444,1.9163
7.7646,0.4502,1.9432
7.7648,0.4471,1.9307
7.7650,0.4504,1.9446
7.7652,0.4601,1.9829
7.7654,0.517,2.2284
7.7656,0.4873,2.0992
7.7658,0.5188,2.232
7.7660,0.5808,2.5021
7.7662,0.5496,2.3689
7.7664,0.5591,2.4097
7.7666,0.5605,2.4137
7.7668,0.5603,2.4127
7.7670,0.564,2.4287
7.7672,0.5909,2.5443
7.7674,0.561,2.4146
7.7676,0.6641,2.8571
7.7678,0.7194,3.0935
7.7680,0.7227,3.106
7.7682,0.7218,3.1081
7.7684,0.6224,2.6826
7.7686,0.5554,2.3904
7.7688,0.6264,2.6921
7.7690,0.6818,2.933
7.7692,0.6428,2.7653
7.7694,0.6874,2.9586
7.7696,0.6655,2.8615
7.7698,0.6736,2.8979
7.7700,0.653,2.8118
7.7702,0.5982,2.5746
7.7704,0.6555,2.8161
7.7706,0.6786,2.9168
7.7708,0.6766,2.9148
7.7710,0.6286,2.7057
7.7712,0.6408,2.7604
7.7714,0.5385,2.3209
7.7716,0.5422,2.3347
7.7718,0.5939,2.5608
7.7720,0.4806,2.0732
7.7722,0.4646,2.0044
7.7724,0.4673,2.0111
7.7726,0.5728,2.4652
7.7728,0.6247,2.6899
7.7730,0.6109,2.6306
7.7732,0.5915,2.5481
7.7734,0.5324,2.2945
7.7736,0.5379,2.3194
7.7738,0.5197,2.2387
7.7740,0.5122,2.2077
7.7742,0.5224,2.2495
7.7744,0.5444,2.3473
7.7746,0.5113,2.2056
7.7748,0.5068,2.1854
7.7750,0.5025,2.1638
7.7752,0.5174,2.232
7.7754,0.412,1.7765
7.7756,0.4532,1.9552
7.7758,0.4287,1.8492
7.7760,0.4213,1.8177
7.7762,0.4555,1.9632
7.7764,0.5197,2.2418
7.7766,0.5061,2.1803
7.7768,0.5069,2.1829
7.7770,0.4959,2.1364
7.7772,0.4944,2.1307
7.7774,0.4856,2.091
7.7776,0.509,2.1927
7.7778,0.5629,2.4218
7.7780,0.6418,2.7573
7.7782,0.6764,2.9084
7.7784,0.7145,3.0666
7.7786,0.7626,3.2745
7.7788,0.7458,3.2009
7.7790,0.8191,3.5137
7.7792,0.7953,3.4135
7.7794,0.839,3.5991
7.7796,0.8729,3.7412
7.7798,0.8774,3.7643
7.7800,0.8357,3.5836
7.7802,0.845,3.6249
7.7804,0.8312,3.564
7.7806,0.8332,3.5711
7.7808,0.8502,3.6458
7.7810,0.8493,3.6417
7.7812,0.8498,3.6471
7.7814,0.8478,3.6389
7.7816,0.8366,3.5855
7.7818,0.8625,3.7034
7.7820,0.8417,3.6126
7.7822,0.8289,3.5592
7.7824,0.9103,3.8961
7.7826,1.0206,4.3703
7.7828,1.0018,4.2917
7.7830,0.9975,4.2732
7.7832,0.9975,4.2732
7.7834,0.9302,3.9924
7.7836,0.8716,3.7408
7.7838,0.8063,3.4608
7.7840,0.8097,3.4769
7.7842,0.8422,3.6181
7.7844,0.8249,3.5422
7.7846,0.8265,3.544
7.7848,0.8838,3.795
7.7850,0.8223,3.5326
7.7852,0.8061,3.463
7.7854,0.7822,3.3574
7.7856,0.8228,3.5297
7.7858,0.8903,3.8228
7.7860,0.8876,3.8097
7.7862,0.8276,3.5552
7.7864,0.8198,3.5217
7.7866,0.8544,3.6655
7.7868,0.8869,3.8084
7.7870,0.8885,3.8062
7.7872,1.0081,4.331
7.7874,0.8656,3.7168
7.7876,0.7878,3.3858
7.7878,0.7903,3.395
7.7880,0.8036,3.4522
7.7882,0.799,3.4326
7.7884,0.7745,3.3286
7.7886,0.8012,3.4467
7.7888,0.7838,3.3672
7.7890,0.8127,3.4995
7.7892,0.7191,3.0934
7.7894,0.7019,3.021
7.7896,0.6569,2.8314
7.7898,0.6113,2.6358
7.7900,0.5806,2.5022
7.7902,0.6161,2.6515
7.7904,0.6451,2.779
7.7906,0.6718,2.8901
7.7908,0.7188,3.0909
7.7910,0.7313,3.1445
7.7912,0.6838,2.9431
7.7914,0.6736,2.8965
7.7916,0.7219,3.1072
7.7918,0.6507,2.8033
7.7920,0.5963,2.5688
7.7922,0.636,2.7423
7.7924,0.5792,2.4954
7.7926,0.5874,2.5305
7.7928,0.6128,2.64
7.7930,0.6638,2.8569
7.7932,0.6727,2.8938
7.7934,0.626,2.6994
7.7936,0.5886,2.5333
7.7938,0.7198,3.095
7.7940,0.7108,3.0578
7.7942,0.6453,2.7826
7.7944,0.5278,2.278
7.7946,0.4724,2.0371
7.7948,0.4689,2.0249
7.7950,0.471,2.0327
7.7952,0.5083,2.1927
7.7954,0.5308,2.2899
7.7956,0.549,2.3652
7.7958,0.5417,2.3381
7.7960,0.5146,2.2201
7.7962,0.5253,2.2661
7.7964,0.5269,2.2707
7.7966,0.5357,2.309
7.7968,0.5253,2.2661
7.7970,0.5364,2.3121
7.7972,0.598,2.5748
7.7974,0.5713,2.4659
7.7976,0.5406,2.3291
7.7978,0.5891,2.5331
7.7980,0.6561,2.8252
7.7982,0.6357,2.7336
7.7984,0.6905,2.9679
7.7986,0.6869,2.9579
7.7988,0.6758,2.9072
7.7990,0.7309,3.143
7.7992,0.7089,3.0495
7.7994,0.6639,2.8574
7.7996,0.7054,3.0332
7.7998,0.7092,3.0497
7.8000,0.656,2.8221
7.8002,0.6902,2.9677
7.8004,0.7551,3.2441
7.8006,0.8316,3.5678
7.8008,0.8795,3.7783
7.8010,0.806,3.4641
7.8012,0.7956,3.4193
7.8014,0.7771,3.3368
7.8016,0.7981,3.4285
7.8018,0.7996,3.432
7.8020,0.8899,3.8177
7.8022,0.9212,3.9502
7.8024,0.9237,3.9591
7.8026,0.9445,4.048
7.8028,0.9234,3.9594
7.8030,0.9059,3.8862
7.8032,0.9099,3.9018
7.8034,0.9674,4.1442
7.8036,0.9627,4.128
7.8038,0.9875,4.2305
7.8040,1.0102,4.3236
7.8042,1.0527,4.51
7.8044,0.9755,4.1811
7.8046,0.9271,3.9809
7.8048,0.9081,3.9014
7.8050,0.9006,3.8671
7.8052,0.9032,3.8748
7.8054,0.9402,4.0352
7.8056,0.9195,3.9448
7.8058,0.9236,3.9623
7.8060,0.8851,3.8007
7.8062,0.8716,3.7408
7.8064,0.8852,3.803
7.8066,0.8489,3.652
7.8068,0.7834,3.3657
7.8070,0.8078,3.467
7.8072,0.8152,3.5054
7.8074,0.7301,3.1438
7.8076,0.7229,3.1113
7.8078,0.6343,2.7338
7.8080,0.5827,2.5127
7.8082,0.6505,2.8022
7.8084,0.6471,2.7852
7.8086,0.634,2.7277
7.8088,0.6923,2.9756
7.8090,0.8276,3.5635
7.8092,0.6896,2.9679
7.8094,0.6677,2.8699
7.8096,0.7505,3.227
7.8098,0.7375,3.1743
7.8100,0.6932,2.9847
7.8102,0.6614,2.8466
7.8104,0.7482,3.2172
7.8106,0.732,3.1549
7.8108,0.6174,2.6609
7.8110,0.612,2.634
7.8112,0.6355,2.7364
7.8114,0.6554,2.8247
7.8116,0.6629,2.8533
7.8118,0.7388,3.1741
7.8120,0.7157,3.0789
7.8122,0.7115,3.0552
7.8124,0.7928,3.4074
7.8126,0.7784,3.3487
7.8128,0.8038,3.4565
7.8130,0.8062,3.4652
7.8132,0.8471,3.6375
7.8134,0.8844,3.7888
7.8136,1.0011,4.2886
7.8138,1.0297,4.4052
7.8140,1.056,4.5238
7.8142,0.9922,4.2565
7.8144,0.9345,4.0166
7.8146,0.8945,3.8391
7.8148,0.9255,3.9724
7.8150,0.9141,3.9253
7.8152,0.9385,4.0279
7.8154,0.934,4.0052
7.8156,0.956,4.1012
7.8158,0.9686,4.1591
7.8160,0.9656,4.1423
7.8162,0.9752,4.1854
7.8164,0.9538,4.0938
7.8166,0.9746,4.1848
7.8168,0.925,3.9759
7.8170,0.8633,3.7087
7.8172,0.9093,3.9011
7.8174,0.937,4.0255
7.8176,0.9157,3.9357
7.8178,0.9079,3.8985
7.8180,0.8737,3.7535
7.8182,0.8694,3.7367
7.8184,0.8331,3.5806
7.8186,0.8456,3.6308
7.8188,0.8972,3.8581
7.8190,0.8229,3.5417
7.8192,0.8173,3.5142
7.8194,0.8711,3.744
7.8196,0.8616,3.705
7.8198,0.8571,3.6854
7.8200,0.8393,3.6057
7.8202,0.9126,3.9168
7.8204,0.9783,4.1949
7.8206,0.9869,4.2477
7.8208,0.7868,3.388
7.8210,0.7802,3.3533
7.8212,0.834,3.583
7.8214,0.8846,3.8075
7.8216,0.7288,3.1424
7.8218,0.6162,2.6557
7.8220,0.6475,2.7906
7.8222,0.6475,2.7919
7.8224,0.6605,2.8443
7.8226,0.6849,2.9518
7.8228,0.7035,3.0263
7.8230,0.7616,3.2765
7.8232,0.7753,3.3353
7.8234,0.7704,3.3172
7.8236,0.7022,3.0263
7.8238,0.6692,2.8815
7.8240,0.6924,2.9858
7.8242,0.6261,2.7011
7.8244,0.6303,2.718
7.8246,0.6631,2.8578
7.8248,0.6174,2.6621
7.8250,0.5795,2.4976
7.8252,0.5537,2.392
7.8254,0.5077,2.1901
7.8256,0.5798,2.4991
7.8258,0.5542,2.3941
7.8260,0.4984,2.1532
7.8262,0.4926,2.1269
7.8264,0.4891,2.1119
7.8266,0.5051,2.1822
7.8268,0.5557,2.3942
7.8270,0.6897,2.9739
7.8272,0.5894,2.5499
7.8274,0.4385,1.896
7.8276,0.4091,1.769
7.8278,0.4068,1.7583
7.8280,0.4014,1.7342
7.8282,0.4514,1.9502
7.8284,0.4616,1.9942
7.8286,0.4571,1.9755
7.8288,0.4578,1.9776
7.8290,0.4651,2.0065
7.8292,0.5782,2.4931
7.8294,0.5947,2.5656
7.8296,0.5421,2.3418
7.8298,0.4633,2.0005
7.8300,0.4535,1.959
7.8302,0.453,1.9569
7.8304,0.4814,2.0768
7.8306,0.5374,2.3173
7.8308,0.5498,2.3694
7.8310,0.5626,2.427
7.8312,0.5569,2.4004
7.8314,0.5691,2.4561
7.8316,0.4676,2.0173
7.8318,0.4486,1.9342
7.8320,0.512,2.2077
7.8322,0.5506,2.3753
7.8324,0.5629,2.4285
7.8326,0.5501,2.371
7.8328,0.5513,2.3784
7.8330,0.5821,2.509
7.8332,0.5669,2.4433
7.8334,0.5718,2.4657
7.8336,0.5839,2.5179
7.8338,0.6053,2.6051
7.8340,0.6551,2.8171
7.8342,0.7227,3.1089
7.8344,0.7251,3.1177
7.8346,0.7351,3.1566
7.8348,0.7911,3.4066
7.8350,0.5933,2.5594
7.8352,0.5356,2.3085
7.8354,0.535,2.3069
7.8356,0.5364,2.3142
7.8358,0.5647,2.4318
7.8360,0.6279,2.7026
7.8362,0.6603,2.8433
7.8364,0.6742,2.8991
7.8366,0.6993,3.0097
7.8368,0.6609,2.8458
7.8370,0.5879,2.5349
7.8372,0.5337,2.3002
7.8374,0.5483,2.361
7.8376,0.6181,2.6603
7.8378,0.6599,2.843
7.8380,0.5682,2.4456
7.8382,0.6117,2.6342
7.8384,0.6043,2.6022
7.8386,0.5917,2.5479
7.8388,0.6131,2.6435
7.8390,0.5918,2.552
7.8392,0.6125,2.6324
7.8394,0.7116,3.0614
7.8396,0.6918,2.9791
7.8398,0.6358,2.7392
7.8400,0.5921,2.5495
7.8402,0.6426,2.7656
7.8404,0.6528,2.8094
7.8406,0.6477,2.7904
7.8408,0.6484,2.7922
7.8410,0.674,2.8981
7.8412,0.6992,3.0119
7.8414,0.5825,2.5128
7.8416,0.5557,2.3908
7.8418,0.6246,2.6882
7.8420,0.6518,2.804
7.8422,0.645,2.7785
7.8424,0.5886,2.5333
7.8426,0.6663,2.8704
7.8428,0.6529,2.8073
7.8430,0.6843,2.9411
7.8432,0.6872,2.9575
7.8434,0.6583,2.8319
7.8436,0.7209,3.1011
7.8438,0.6397,2.7557
7.8440,0.5711,2.4603
7.8442,0.5757,2.4834
7.8444,0.5378,2.3178
7.8446,0.5646,2.4301
7.8448,0.6187,2.6641
7.8450,0.582,2.5085
7.8452,0.5712,2.4608
7.8454,0.6514,2.8038
7.8456,0.7157,3.0746
7.8458,0.7464,3.2095
7.8460,0.715,3.0715
7.8462,0.7596,3.2632
7.8464,0.7855,3.3744
7.8466,0.8253,3.5355
7.8468,0.9664,4.1401
7.8470,1.0152,4.3492
7.8472,0.9975,4.2732
7.8474,0.9768,4.1848
7.8476,0.9698,4.1603
7.8478,0.9193,3.9438
7.8480,0.8836,3.794
7.8482,0.8565,3.6742
7.8484,0.8941,3.8375
7.8486,0.9129,3.9165
7.8488,0.9734,4.1758
7.8490,0.9268,3.9725
7.8492,0.9469,4.0564
7.8494,0.9586,4.1106
7.8496,0.9332,4.0034
7.8498,0.9252,3.9653
7.8500,0.944,4.0535
7.8502,0.8844,3.7994
7.8504,0.871,3.7382
7.8506,0.8733,3.7515
7.8508,0.8709,3.7394
7.8510,0.8899,3.8249
7.8512,0.8119,3.4878
7.8514,0.8194,3.5218
7.8516,0.8093,3.4802
7.8518,0.7806,3.3596
7.8520,0.7608,3.2698
7.8522,0.7969,3.4234
7.8524,0.8374,3.5908
7.8526,0.8886,3.8139
7.8528,0.8674,3.7245
7.8530,0.8731,3.7562
7.8532,0.8321,3.5748
7.8534,0.8521,3.6591
7.8536,0.8324,3.5758
7.8538,0.87,3.7358
7.8540,0.87,3.7324
7.8542,0.8627,3.7096
7.8544,0.808,3.4794
7.8546,0.7376,3.1733
7.8548,0.761,3.2739
7.8550,0.7556,3.2522
7.8552,0.7396,3.1875
7.8554,0.6255,2.6948
7.8556,0.6464,2.7808
7.8558,0.6892,2.9732
7.8560,0.6144,2.6517
7.8562,0.59,2.5454
7.8564,0.618,2.661
7.8566,0.639,2.7514
7.8568,0.6555,2.8266
7.8570,0.5933,2.557
7.8572,0.5716,2.4635
7.8574,0.6165,2.6548
7.8576,0.651,2.803
7.8578,0.664,2.8606
7.8580,0.6312,2.7216
7.8582,0.6092,2.627
7.8584,0.6463,2.7842
7.8586,0.6533,2.8133
7.8588,0.6922,2.9778
7.8590,0.6956,2.9951
7.8592,0.629,2.7085
7.8594,0.6492,2.8004
7.8596,0.6369,2.7426
7.8598,0.6764,2.9097
7.8600,0.7233,3.11
7.8602,0.7794,3.356
7.8604,0.7326,3.1531
7.8606,0.7187,3.0875
7.8608,0.7537,3.2394
7.8610,0.6585,2.8434
7.8612,0.53,2.2884
7.8614,0.5156,2.2242
7.8616,0.5137,2.2159
7.8618,0.5156,2.2252
7.8620,0.5203,2.2444
7.8622,0.5259,2.2687
7.8624,0.5128,2.2144
7.8626,0.5107,2.204
7.8628,0.5138,2.2165
7.8630,0.5141,2.218
7.8632,0.5369,2.3131
7.8634,0.6815,2.9319
7.8636,0.7125,3.0693
7.8638,0.5754,2.4812
7.8640,0.5282,2.2785
7.8642,0.5265,2.2713
7.8644,0.5261,2.2697
7.8646,0.5258,2.2682
7.8648,0.5241,2.2609
7.8650,0.5701,2.4539
7.8652,0.6439,2.7751
7.8654,0.6004,2.5863
7.8656,0.6137,2.6412
7.8658,0.6125,2.636
7.8660,0.62,2.671
7.8662,0.6243,2.6896
7.8664,0.6213,2.6767
7.8666,0.6673,2.8692
7.8668,0.7333,3.1518
7.8670,0.7862,3.3807
7.8672,0.7216,3.1028
7.8674,0.695,2.9939
7.8676,0.6164,2.658
7.8678,0.588,2.5331
7.8680,0.6338,2.7266
7.8682,0.6571,2.8293
7.8684,0.6603,2.8433
7.8686,0.6568,2.8257
7.8688,0.6715,2.8886
7.8690,0.6798,2.9261
7.8692,0.721,3.1002
7.8694,0.7651,3.2884
7.8696,0.7531,3.2384
7.8698,0.6842,2.9392
7.8700,0.8318,3.5699
7.8702,0.8295,3.5635
7.8704,0.7831,3.3704
7.8706,0.7319,3.15
7.8708,0.743,3.1965
7.8710,0.736,3.1646
7.8712,0.7036,3.0297
7.8714,0.67,2.8851
7.8716,0.718,3.0873
7.8718,0.6959,2.9938
7.8720,0.6958,2.9933
7.8722,0.6826,2.9352
7.8724,0.69,2.9713
7.8726,0.6396,2.7552
7.8728,0.6656,2.8713
7.8730,0.5936,2.5586
7.8732,0.5777,2.4841
7.8734,0.7354,3.1621
7.8736,0.723,3.1147
7.8738,0.5469,2.3614
7.8740,0.4152,1.7946
7.8742,0.4083,1.7654
7.8744,0.4086,1.7653
7.8746,0.4016,1.7347
7.8748,0.4011,1.7342
7.8750,0.4042,1.7469
7.8752,0.4315,1.8608
7.8754,0.532,2.2908
7.8756,0.5743,2.4777
7.8758,0.5158,2.2242
7.8760,0.4864,2.0976
7.8762,0.4899,2.1145
7.8764,0.4932,2.1275
7.8766,0.5247,2.2593
7.8768,0.6078,2.6196
7.8770,0.5114,2.2051
7.8772,0.5026,2.1663
7.8774,0.5538,2.3859
7.8776,0.5854,2.5206
7.8778,0.627,2.6985
7.8780,0.6529,2.8073
7.8782,0.7288,3.1337
7.8784,0.7518,3.2327
7.8786,0.7254,3.1178
7.8788,0.7418,3.1825
7.8790,0.8316,3.5694
7.8792,0.8477,3.6435
7.8794,0.7936,3.4095
7.8796,0.8409,3.6107
7.8798,0.8644,3.7082
7.8800,0.8947,3.8294
7.8802,1.0342,4.4303
7.8804,0.9876,4.233
7.8806,0.992,4.2456
7.8808,1.0171,4.3615
7.8810,0.9818,4.2098
7.8812,0.9794,4.2054
7.8814,0.8965,3.8478
7.8816,0.867,3.7126
7.8818,0.9707,4.1625
7.8820,0.982,4.2069
7.8822,1.0242,4.3918
7.8824,0.9908,4.2444
7.8826,0.9804,4.2022
7.8828,1.0027,4.2978
7.8830,0.9878,4.2316
7.8832,1.0261,4.3939
7.8834,1.0701,4.578
7.8836,1.0995,4.7103
7.8838,0.9645,4.1416
7.8840,0.8627,3.7062
7.8842,0.8451,3.6321
7.8844,0.8242,3.5474
7.8846,0.7602,3.2688
7.8848,0.7868,3.3801
7.8850,0.8472,3.6346
7.8852,0.9183,3.947
7.8854,0.8296,3.564
7.8856,0.8759,3.7593
7.8858,0.9175,3.9361
7.8860,0.9159,3.933
7.8862,0.9267,3.9757
7.8864,0.9601,4.1167
7.8866,0.9677,4.1496
7.8868,0.897,3.8553
7.8870,0.8489,3.6469
7.8872,0.8924,3.8303
7.8874,0.8885,3.8187
7.8876,0.8326,3.5835
7.8878,0.803,3.448
7.8880,0.8273,3.5641
7.8882,0.6627,2.8536
7.8884,0.6146,2.6539
7.8886,0.5446,2.3505
7.8888,0.5269,2.2728
7.8890,0.5361,2.3127
7.8892,0.5251,2.2651
7.8894,0.5493,2.3663
7.8896,0.6074,2.6168
7.8898,0.5942,2.5588
7.8900,0.6566,2.8325
7.8902,0.6066,2.6156
7.8904,0.6145,2.6448
7.8906,0.6848,2.9527
7.8908,0.6165,2.6573
7.8910,0.6482,2.7924
7.8912,0.6573,2.8317
7.8914,0.646,2.7805
7.8916,0.6723,2.8949
7.8918,0.6518,2.8105
7.8920,0.5962,2.5718
7.8922,0.5587,2.4104
7.8924,0.5258,2.2671
7.8926,0.5418,2.3418
7.8928,0.4704,2.0311
7.8930,0.4617,1.9929
7.8932,0.5026,2.1643
7.8934,0.5604,2.4222
7.8936,0.4596,1.9873
7.8938,0.4421,1.9098
7.8940,0.4476,1.9327
7.8942,0.4587,1.9809
7.8944,0.4619,1.9953
7.8946,0.4572,1.9751
7.8948,0.4538,1.9596
7.8950,0.4597,1.985
7.8952,0.4611,1.9912
7.8954,0.4585,1.9798
7.8956,0.4587,1.9818
7.8958,0.4432,1.9136
7.8960,0.4736,2.0451
7.8962,0.4462,1.9256
7.8964,0.4438,1.9153
7.8966,0.4537,1.9582
7.8968,0.4475,1.9304
7.8970,0.4652,2.0088
7.8972,0.4824,2.0819
7.8974,0.5097,2.1979
7.8976,0.5373,2.3157
7.8978,0.5465,2.3555
7.8980,0.5643,2.4308
7.8982,0.596,2.5677
7.8984,0.661,2.8411
7.8986,0.6717,2.895
7.8988,0.5834,2.517
7.8990,0.5778,2.4904
7.8992,0.5852,2.5224
7.8994,0.5619,2.4205
7.8996,0.5641,2.4292
7.8998,0.6286,2.7007
7.9000,0.802,3.4375
7.9002,0.8627,3.7027
7.9004,0.8101,3.4849
7.9006,0.7481,3.2182
7.9008,0.7424,3.1925
7.9010,0.697,2.9999
7.9012,0.617,2.6581
7.9014,0.6114,2.6326
7.9016,0.6177,2.66
7.9018,0.6308,2.715
7.9020,0.6629,2.8533
7.9022,0.6384,2.7475
7.9024,0.6385,2.7455
7.9026,0.7103,3.0543
7.9028,0.7513,3.2291
7.9030,0.7869,3.3869
7.9032,0.7069,3.0399
7.9034,0.6958,2.9933
7.9036,0.6242,2.6929
7.9038,0.5688,2.4562
7.9040,0.496,2.1399
7.9042,0.4891,2.1099
7.9044,0.5044,2.1751
7.9046,0.5236,2.2578
7.9048,0.5361,2.3073
7.9050,0.6194,2.666
7.9052,0.6512,2.8053
7.9054,0.5398,2.3276
7.9056,0.5553,2.3943
7.9058,0.5758,2.477
7.9060,0.6459,2.7826
7.9062,0.6212,2.675
7.9064,0.6236,2.6878
7.9066,0.5381,2.3204
7.9068,0.5318,2.2919
7.9070,0.5302,2.2863
7.9072,0.5411,2.3355
7.9074,0.5199,2.2418
7.9076,0.5241,2.2588
7.9078,0.5231,2.2547
7.9080,0.5267,2.2723
7.9082,0.5269,2.2707
7.9084,0.533,2.296
7.9086,0.5333,2.2965
7.9088,0.6551,2.8184
7.9090,0.6819,2.9348
7.9092,0.6212,2.6737
7.9094,0.615,2.6481
7.9096,0.6145,2.646
7.9098,0.6265,2.6939
7.9100,0.7099,3.0471
7.9102,0.8084,3.4712
7.9104,0.7733,3.325
7.9106,0.746,3.2094
7.9108,0.6879,2.9593
7.9110,0.6592,2.836
7.9112,0.6711,2.8857
7.9114,0.7272,3.1226
7.9116,0.7888,3.3889
7.9118,0.7803,3.3523
7.9120,0.7894,3.3883
7.9122,0.8547,3.6699
7.9124,0.8655,3.7128
7.9126,0.8644,3.7116
7.9128,0.8308,3.5658
7.9130,0.8747,3.7489
7.9132,0.8878,3.8085
7.9134,0.9019,3.8638
7.9136,0.9988,4.2828
7.9138,0.9248,3.9656
7.9140,0.9134,3.9167
7.9142,0.9755,4.1792
7.9144,0.9905,4.2473
7.9146,0.9313,3.9933
7.9148,0.9165,3.9301
7.9150,0.9379,4.016
7.9152,1.015,4.3482
7.9154,1.0087,4.3235
7.9156,1.0167,4.3513
7.9158,1.0584,4.532
7.9160,1.0159,4.3543
7.9162,0.9941,4.2568
7.9164,0.9945,4.2623
7.9166,1.0005,4.288
7.9168,1.0385,4.4509
7.9170,1.027,4.3954
7.9172,1.0979,4.6992
7.9174,1.1123,4.763
7.9176,1.0478,4.4826
7.9178,1.0532,4.5099
7.9180,1.0411,4.4664
7.9182,0.9635,4.1374
7.9184,0.9198,3.9495
7.9186,0.8992,3.8627
7.9188,0.9039,3.8834
7.9190,0.9403,4.0319
7.9192,0.9689,4.1528
7.9194,0.9481,4.0653
7.9196,0.9722,4.1706
7.9198,0.9843,4.2226
7.9200,0.9611,4.1271
7.9202,0.9561,4.1017
7.9204,1.003,4.3028
7.9206,0.9593,4.1175
7.9208,0.9003,3.8679
7.9210,0.8284,3.5622
7.9212,0.7857,3.3817
7.9214,0.7235,3.1139
7.9216,0.7536,3.2434
7.9218,0.7513,3.2261
7.9220,0.911,3.9083
7.9222,0.8917,3.8379
7.9224,0.7338,3.1554
7.9226,0.7777,3.3456
7.9228,0.7596,3.2708
7.9230,0.7201,3.1009
7.9232,0.7596,3.2662
7.9234,0.8671,3.727
7.9236,0.8689,3.7329
7.9238,0.8228,3.5445
7.9240,0.6623,2.8587
7.9242,0.5773,2.4918
7.9244,0.576,2.4838
7.9246,0.6066,2.6156
7.9248,0.5858,2.5273
7.9250,0.5825,2.5105
7.9252,0.6536,2.817
7.9254,0.6704,2.8893
7.9256,0.6105,2.629
7.9258,0.6175,2.6639
7.9260,0.5945,2.5646
7.9262,0.5852,2.5236
7.9264,0.6291,2.7078
7.9266,0.7027,3.026
7.9268,0.6915,2.9803
7.9270,0.6637,2.8617
7.9272,0.5968,2.572
7.9274,0.5652,2.4372
7.9276,0.5647,2.4374
7.9278,0.5739,2.4756
7.9280,0.5749,2.4791
7.9282,0.5336,2.3039
7.9284,0.4849,2.0928
7.9286,0.4771,2.0601
7.9288,0.5179,2.234
7.9290,0.5349,2.3064
7.9292,0.5295,2.2832
7.9294,0.5314,2.2957
7.9296,0.529,2.2853
7.9298,0.5501,2.3688
7.9300,0.6833,2.9369
7.9302,0.7429,3.1975
7.9304,0.7155,3.0836
7.9306,0.6706,2.8917
7.9308,0.5703,2.4589
7.9310,0.5492,2.3669
7.9312,0.6006,2.5886
7.9314,0.6472,2.7857
7.9316,0.7469,3.2116
7.9318,0.7204,3.1005
7.9320,0.671,2.8906
7.9322,0.6459,2.7813
7.9324,0.6441,2.7736
7.9326,0.6398,2.7575
7.9328,0.6544,2.8167
7.9330,0.7424,3.1969
7.9332,0.7641,3.2843
7.9334,0.7891,3.3899
7.9336,0.7409,3.1932
7.9338,0.624,2.6881
7.9340,0.6108,2.6313
7.9342,0.6087,2.6237
7.9344,0.6125,2.6422
7.9346,0.6093,2.6263
7.9348,0.6212,2.6774
7.9350,0.6301,2.7119
7.9352,0.6854,2.9498
7.9354,0.6716,2.8918
7.9356,0.6284,2.7034
7.9358,0.7137,3.0702
7.9360,0.7274,3.1309
7.9362,0.7494,3.2239
7.9364,0.7607,3.2708
7.9366,0.7566,3.2533
7.9368,0.7746,3.3353
7.9370,0.6933,2.988
7.9372,0.6103,2.628
7.9374,0.6416,2.764
7.9376,0.6603,2.8433
7.9378,0.6538,2.8167
7.9380,0.6669,2.873
7.9382,0.6804,2.9286
7.9384,0.689,2.9653
7.9386,0.7099,3.0584
7.9388,0.7035,3.0263
7.9390,0.6664,2.8709
7.9392,0.6408,2.7617
7.9394,0.6374,2.7472
7.9396,0.6635,2.8546
7.9398,0.7122,3.0626
7.9400,0.7428,3.197
7.9402,0.7215,3.1037
7.9404,0.6945,2.9876
7.9406,0.7054,3.0388
7.9408,0.6688,2.8853
7.9410,0.6022,2.5953
7.9412,0.5929,2.5543
7.9414,0.6474,2.7875
7.9416,0.6804,2.9259
7.9418,0.6813,2.9323
7.9420,0.6628,2.8541
7.9422,0.6622,2.8542
7.9424,0.5785,2.4958
7.9426,0.5633,2.4301
7.9428,0.5605,2.4193
7.9430,0.5637,2.4305
7.9432,0.5745,2.477
7.9434,0.5655,2.4371
7.9436,0.561,2.4191
7.9438,0.558,2.4062
7.9440,0.5644,2.4336
7.9442,0.5668,2.4428
7.9444,0.5945,2.5622
7.9446,0.6398,2.7563
7.9448,0.6868,2.9491
7.9450,0.7589,3.2631
7.9452,0.7047,3.0287
7.9454,0.7543,3.245
7.9456,0.7613,3.2734
7.9458,0.7665,3.2946
7.9460,0.803,3.448
7.9462,0.8424,3.6174
7.9464,0.8065,3.4694
7.9466,0.7391,3.1766
7.9468,0.8005,3.4388
7.9470,0.8291,3.5619
7.9472,0.8223,3.5326
7.9474,0.812,3.4899
7.9476,0.8096,3.4796
7.9478,0.8163,3.5101
7.9480,0.8255,3.5481
7.9482,0.847,3.6302
7.9484,0.9523,4.0833
7.9486,0.9463,4.0576
7.9488,0.9476,4.0633
7.9490,0.9892,4.2437
7.9492,0.9747,4.1814
7.9494,0.921,3.9547
7.9496,0.8772,3.765
7.9498,0.9354,4.0052
7.9500,0.9786,4.1984
7.9502,0.9151,3.9239
7.9504,0.9144,3.9263
7.9506,0.8652,3.7204
7.9508,0.8182,3.5167
7.9510,0.8448,3.6328
7.9512,0.8036,3.4506
7.9514,0.8539,3.6686
7.9516,0.8665,3.7192
7.9518,0.9079,3.8985
7.9520,0.8808,3.7822
7.9522,0.9303,3.9911
7.9524,0.9429,4.0489
7.9526,0.8724,3.7479
7.9528,0.8917,3.8326
7.9530,0.8568,3.6843
7.9532,0.7384,3.1779
7.9534,0.6765,2.9157
7.9536,0.7155,3.0793
7.9538,0.7803,3.3538
7.9540,0.8203,3.5287
7.9542,0.7278,3.1369
7.9544,0.6028,2.5991
7.9546,0.5809,2.505
7.9548,0.626,2.6956
7.9550,0.6366,2.741
7.9552,0.6824,2.9396
7.9554,0.7054,3.0402
7.9556,0.6801,2.9298
7.9558,0.6327,2.7233
7.9560,0.6938,2.9901
7.9562,0.6007,2.5927
7.9564,0.5697,2.4552
7.9566,0.638,2.7485
7.9568,0.6595,2.8449
7.9570,0.5441,2.3473
7.9572,0.5745,2.4747
7.9574,0.6976,3.0052
7.9576,0.6486,2.7979
7.9578,0.5224,2.2537
7.9580,0.536,2.3122
7.9582,0.5381,2.3182
7.9584,0.5876,2.5339
7.9586,0.6152,2.6516
7.9588,0.6053,2.6111
7.9590,0.5935,2.5581
7.9592,0.6834,2.9429
7.9594,0.6609,2.8485
7.9596,0.5827,2.5127
7.9598,0.5721,2.4656
7.9600,0.6348,2.7346
7.9602,0.6529,2.8113
7.9604,0.7129,3.0685
7.9606,0.6844,2.9511
7.9608,0.6496,2.7947
7.9610,0.7298,3.1383
7.9612,0.7376,3.1719
7.9614,0.7599,3.2678
7.9616,0.7085,3.0551
7.9618,0.5438,2.3479
7.9620,0.4809,2.0757
7.9622,0.5149,2.2211
7.9624,0.5179,2.2372
7.9626,0.4546,1.9646
7.9628,0.4463,1.9279
7.9630,0.4493,1.94
7.9632,0.4488,1.9388
7.9634,0.451,1.9499
7.9636,0.4523,1.9529
7.9638,0.4495,1.941
7.9640,0.4502,1.945
7.9642,0.448,1.9352
7.9644,0.4486,1.936
7.9646,0.4879,2.1018
7.9648,0.5378,2.3188
7.9650,0.5595,2.4135
7.9652,0.565,2.4373
7.9654,0.5607,2.4165
7.9656,0.568,2.448
7.9658,0.5643,2.4342
7.9660,0.5659,2.4381
7.9662,0.5704,2.4572
7.9664,0.5633,2.4245
7.9666,0.6104,2.6273
7.9668,0.6801,2.923
7.9670,0.7593,3.2667
7.9672,0.7243,3.1146
7.9674,0.77,3.3095
7.9676,0.6803,2.9309
7.9678,0.5528,2.3846
7.9680,0.5441,2.3473
7.9682,0.5469,2.3592
7.9684,0.5363,2.3126
7.9686,0.536,2.31
7.9688,0.5373,2.3189
7.9690,0.5488,2.3664
7.9692,0.6077,2.6166
7.9694,0.6446,2.7718
7.9696,0.6703,2.8834
7.9698,0.6978,2.9993
7.9700,0.7602,3.2673
7.9702,0.7326,3.1487
7.9704,0.7665,3.3038
7.9706,0.5806,2.5046
7.9708,0.5469,2.3548
7.9710,0.6063,2.6146
7.9712,0.5107,2.1989
7.9714,0.5906,2.5457
7.9716,0.5667,2.4389
7.9718,0.5977,2.5738
7.9720,0.5849,2.5209
7.9722,0.6057,2.612
7.9724,0.5639,2.427
7.9726,0.5948,2.5673
7.9728,0.5099,2.1999
7.9730,0.5265,2.2681
7.9732,0.5494,2.3668
7.9734,0.5217,2.2496
7.9736,0.5451,2.3493
7.9738,0.564,2.4309
7.9740,0.553,2.3823
7.9742,0.5545,2.3934
7.9744,0.5041,2.1746
7.9746,0.4974,2.1426
7.9748,0.5006,2.1596
7.9750,0.4741,2.0443
7.9752,0.5151,2.2211
7.9754,0.5028,2.1669
7.9756,0.5261,2.2687
7.9758,0.5181,2.2361
7.9760,0.4993,2.1529
7.9762,0.5156,2.2222
7.9764,0.5131,2.2113
7.9766,0.5073,2.1855
7.9768,0.4995,2.1519
7.9770,0.5717,2.464
7.9772,0.5705,2.4543
7.9774,0.6433,2.7725
7.9776,0.5837,2.5134
7.9778,0.6011,2.5846
7.9780,0.6604,2.8425
7.9782,0.7022,3.0164
7.9784,0.794,3.4126
7.9786,0.7025,3.0208
7.9788,0.6996,3.0056
7.9790,0.7735,3.3229
7.9792,0.7957,3.415
7.9794,0.8056,3.4594
7.9796,0.7998,3.4325
7.9798,0.8289,3.5592
7.9800,0.7999,3.4282
7.9802,0.9051,3.8776
7.9804,0.9844,4.2152
7.9806,1.0119,4.3328
7.9808,0.9848,4.2187
7.9810,0.983,4.211
7.9812,0.9683,4.1503
7.9814,0.9933,4.2552
7.9816,0.9369,4.0194
7.9818,0.8988,3.8522
7.9820,0.9146,3.92
7.9822,0.9298,3.9835
7.9824,0.9876,4.237
7.9826,0.9647,4.1349
7.9828,0.9577,4.1026
7.9830,0.9515,4.0764
7.9832,0.9513,4.0754
7.9834,0.9418,4.0329
7.9836,0.9668,4.1417
7.9838,0.9879,4.238
7.9840,0.9754,4.1786
7.9842,0.9762,4.1842
7.9844,0.9723,4.1653
7.9846,0.9973,4.2786
7.9848,0.9415,4.0333
7.9850,1.0408,4.4565
7.9852,1.059,4.5346
7.9854,1.0181,4.3615
7.9856,0.9749,4.1844
7.9858,0.9318,3.9973
7.9860,0.9224,3.9535
7.9862,0.9682,4.144
7.9864,1.1053,4.7327
7.9866,1.1448,4.9045
7.9868,1.0774,4.6136
7.9870,1.0503,4.5123
7.9872,0.8292,3.5691
7.9874,0.711,3.0574
7.9876,0.7527,3.2368
7.9878,0.762,3.2811
7.9880,0.7324,3.155
7.9882,0.7237,3.1164
7.9884,0.7036,3.0339
7.9886,0.6562,2.8231
7.9888,0.7703,3.3152
7.9890,0.7742,3.3291
7.9892,0.7633,3.2868
7.9894,0.7217,3.1062
7.9896,0.7936,3.4095
7.9898,0.8818,3.7881
7.9900,0.8816,3.7928
7.9902,0.8104,3.4848
7.9904,0.8414,3.6128
7.9906,0.8658,3.7213
7.9908,0.8632,3.7065
7.9910,0.8948,3.8406
7.9912,0.8724,3.7531
7.9914,0.8177,3.5179
7.9916,0.8227,3.5308
7.9918,0.8489,3.6469
7.9920,0.8092,3.4829
7.9922,0.78,3.357
7.9924,0.7579,3.2605
7.9926,0.7597,3.2622
7.9928,0.8641,3.7175
7.9930,0.7983,3.4311
7.9932,0.8164,3.5171
7.9934,0.7355,3.1655
7.9936,0.6972,3.0023
7.9938,0.7309,3.1459
7.9940,0.7556,3.2492
7.9942,0.751,3.2336
7.9944,0.6819,2.9403
7.9946,0.6382,2.7547
7.9948,0.5703,2.4589
7.9950,0.5686,2.4528
7.9952,0.5777,2.491
7.9954,0.6197,2.6682
7.9956,0.7145,3.0795
7.9958,0.5763,2.486
7.9960,0.5121,2.2113
7.9962,0.517,2.2294
7.9964,0.6457,2.7816
7.9966,0.6259,2.6988
7.9968,0.5995,2.5851
7.9970,0.6185,2.6643
7.9972,0.6573,2.8304
7.9974,0.6556,2.8258
7.9976,0.6697,2.8822
7.9978,0.7693,3.3064
7.9980,0.8121,3.492
7.9982,0.8194,3.5251
7.9984,0.8101,3.4784
7.9986,0.8358,3.5924
7.9988,0.8249,3.5455
7.9990,0.8041,3.4591
7.9992,0.7953,3.4135
7.9994,0.8687,3.7284
7.9996,0.9103,3.907
7.9998,0.973,4.1684
8.0000,1.1,4.7079
8.0002,1.1002,4.7112
8.0004,1.0767,4.6148
8.0006,1.0306,4.4232
8.0008,0.9598,4.1138
8.0010,1.0003,4.2895
8.0012,1.0237,4.3877
8.0014,1.0595,4.5387
8.0016,1.0709,4.5875
8.0018,1.0527,4.5121
8.0020,1.0314,4.4227
8.0022,1.0337,4.4304
8.0024,1.1237,4.8163
8.0026,1.0786,4.6252
8.0028,1.0344,4.4231
8.0030,1.1598,4.9617
8.0032,1.1669,4.999
8.0034,1.0496,4.5176
8.0036,0.8066,3.4699
8.0038,0.7713,3.3291
8.0040,0.6664,2.8723
8.0042,0.6508,2.8051
8.0044,0.6385,2.7531
8.0046,0.6532,2.818
8.0048,0.6378,2.7488
8.0050,0.6326,2.7278
8.0052,0.6334,2.7327
8.0054,0.6378,2.7513
8.0056,0.673,2.898
8.0058,0.7422,3.1944
8.0060,0.7222,3.114
8.0062,0.6869,2.9524
8.0064,0.8357,3.5919
8.0066,0.799,3.4406
8.0068,0.7444,3.2067
8.0070,0.739,3.1849
8.0072,0.7063,3.0415
8.0074,0.7459,3.2119
8.0076,0.8091,3.4808
8.0078,0.8225,3.5402
8.0080,0.7922,3.4033
8.0082,0.885,3.802
8.0084,0.8936,3.8408
8.0086,0.9265,3.9746
8.0088,1.0432,4.471
8.0090,0.9868,4.2432
8.0092,0.8563,3.6823
8.0094,0.8483,3.6477
8.0096,0.9207,3.9463
8.0098,1.0328,4.4288
8.0100,0.9423,4.0538
8.0102,0.8498,3.659
8.0104,0.7559,3.2563
8.0106,0.7456,3.2074
8.0108,0.7758,3.3405
8.0110,0.7768,3.3405
8.0112,0.7951,3.4204
8.0114,0.7824,3.3642
8.0116,0.9067,3.8952
8.0118,0.9098,3.9122
8.0120,0.8645,3.7104
8.0122,0.9331,4.0029
8.0124,0.9902,4.2497
8.0126,1.0033,4.3044
8.0128,1.0231,4.3831
8.0130,1.0729,4.5898
8.0132,1.2342,5.2871
8.0134,1.1559,4.9471
8.0136,1.171,5.0071
8.0138,1.2091,5.1725
8.0140,1.2075,5.1707
8.0142,1.2249,5.2353
8.0144,1.2815,5.4823
8.0146,1.1797,5.0539
8.0148,1.2381,5.3016
8.0150,1.2254,5.2472
8.0152,1.17,5.0076
8.0154,1.2485,5.3413
8.0156,1.2884,5.5038
8.0158,1.3208,5.6427
8.0160,1.3448,5.7639
8.0162,1.1912,5.0985
8.0164,1.2995,5.5645
8.0166,1.2276,5.2515
8.0168,1.2632,5.4064
8.0170,1.1903,5.1015
8.0172,1.1328,4.8554
8.0174,1.1252,4.827
8.0176,1.0542,4.5246
8.0178,1.0655,4.5815
8.0180,0.9792,4.2088
8.0182,0.9613,4.1315
8.0184,0.9328,4.0094
8.0186,0.9727,4.1804
8.0188,0.9604,4.1279
8.0190,0.9215,3.9715
8.0192,0.8169,3.5176
8.0194,0.8502,3.6594
8.0196,0.9485,4.0674
8.0198,1.0481,4.5046
8.0200,0.9844,4.2329
8.0202,0.9418,4.048
8.0204,0.9451,4.0695
8.0206,0.849,3.6559
8.0208,0.8127,3.506
8.0210,0.7139,3.0812
8.0212,0.7085,3.0537
8.0214,0.7968,3.4292
8.0216,0.836,3.603
8.0218,0.793,3.4164
8.0220,0.7784,3.3565
8.0222,0.7326,3.1619
8.0224,0.7108,3.0663
8.0226,0.7235,3.1211
8.0228,0.6604,2.8464
8.0230,0.7315,3.1485
8.0232,0.8006,3.4521
8.0234,0.711,3.0702
8.0236,0.601,2.5997
8.0238,0.6207,2.6754
8.0240,0.7426,3.2049
8.0242,0.6844,2.9511
8.0244,0.739,3.1864
8.0246,0.6906,2.978
8.0248,0.7059,3.0479
8.0250,0.6151,2.6597
8.0252,0.5536,2.3948
8.0254,0.5589,2.4132
8.0256,0.5734,2.4758
8.0258,0.5731,2.4759
8.0260,0.5846,2.5268
8.0262,0.5941,2.5654
8.0264,0.6098,2.6344
8.0266,0.5551,2.3982
8.0268,0.5553,2.3965
8.0270,0.5653,2.4423
8.0272,0.6175,2.6664
8.0274,0.5555,2.4031
8.0276,0.4563,1.9751
8.0278,0.4453,1.9247
8.0280,0.4999,2.1615
8.0282,0.4868,2.103
8.0284,0.4826,2.0858
8.0286,0.4852,2.0992
8.0288,0.4852,2.0982
8.0290,0.4904,2.1205
8.0292,0.4846,2.0937
8.0294,0.4857,2.0993
8.0296,0.488,2.1092
8.0298,0.4921,2.1268
8.0300,0.4904,2.1195
8.0302,0.4896,2.1149
8.0304,0.4969,2.1455
8.0306,0.5553,2.3988
8.0308,0.6325,2.7235
8.0310,0.7517,3.2337
8.0312,0.7857,3.3865
8.0314,0.6549,2.8253
8.0316,0.6176,2.6619
8.0318,0.6394,2.7547
8.0320,0.6682,2.88
8.0322,0.7081,3.0521
8.0324,0.7393,3.1865
8.0326,0.7342,3.1584
8.0328,0.8114,3.4906
8.0330,0.8397,3.6106
8.0332,0.8428,3.619
8.0334,0.7545,3.2506
8.0336,0.6423,2.7697
8.0338,0.6459,2.7878
8.0340,0.6078,2.622
8.0342,0.6025,2.598
8.0344,0.603,2.5989
8.0346,0.6488,2.7989
8.0348,0.6512,2.8092
8.0350,0.6059,2.6149
8.0352,0.5971,2.5736
8.0354,0.6237,2.6895
8.0356,0.6346,2.7353
8.0358,0.7128,3.0694
8.0360,0.7533,3.2394
8.0362,0.8005,3.4436
8.0364,0.7838,3.3766
8.0366,0.727,3.1318
8.0368,0.6489,2.7981
8.0370,0.7011,3.0202
8.0372,0.7103,3.0628
8.0374,0.6315,2.7219
8.0376,0.6319,2.7234
8.0378,0.6728,2.8983
8.0380,0.6623,2.8573
8.0382,0.6556,2.8218
8.0384,0.7508,3.2301
8.0386,0.7579,3.2635
8.0388,0.7336,3.1573
8.0390,0.7289,3.1415
8.0392,0.6722,2.8971
8.0394,0.6523,2.8113
8.0396,0.6006,2.591
8.0398,0.5875,2.531
8.0400,0.708,3.0473
8.0402,0.7282,3.134
8.0404,0.7332,3.1572
8.0406,0.661,2.845
8.0408,0.7159,3.0828
8.0410,0.7213,3.1089
8.0412,0.6717,2.895
8.0414,0.7001,3.0133
8.0416,0.6712,2.8943
8.0418,0.5715,2.4675
8.0420,0.5471,2.3614
8.0422,0.5837,2.5157
8.0424,0.6135,2.6468
8.0426,0.5501,2.3754
8.0428,0.5432,2.3421
8.0430,0.5412,2.3349
8.0432,0.5368,2.3168
8.0434,0.5381,2.3215
8.0436,0.5382,2.322
8.0438,0.582,2.5108
8.0440,0.5519,2.3832
8.0442,0.5452,2.3509
8.0444,0.5772,2.4866
8.0446,0.6392,2.7511
8.0448,0.7286,3.1361
8.0450,0.7665,3.2961
8.0452,0.7689,3.3126
8.0454,0.7023,3.0155
8.0456,0.8384,3.5999
8.0458,0.8777,3.767
8.0460,0.9418,4.0405
8.0462,0.9464,4.0543
8.0464,0.9902,4.2478
8.0466,1.003,4.2928
8.0468,1.1686,4.9945
8.0470,1.2326,5.2681
8.0472,1.2173,5.205
8.0474,1.2312,5.262
8.0476,1.2686,5.4143
8.0478,1.1964,5.1253
8.0480,1.0394,4.4529
8.0482,1.0099,4.3387
8.0484,0.9144,3.9282
8.0486,0.8806,3.7847
8.0488,0.8893,3.8205
8.0490,0.9044,3.8836
8.0492,0.9018,3.8723
8.0494,0.8946,3.8414
8.0496,0.9038,3.881
8.0498,0.9314,4.0032
8.0500,0.9176,3.9402
8.0502,0.9159,3.9349
8.0504,0.9006,3.8653
8.0506,0.9948,4.2698
8.0508,1.0083,4.3254
8.0510,0.9468,4.0653
8.0512,0.8927,3.8367
8.0514,0.875,3.7557
8.0516,0.9797,4.2069
8.0518,0.949,4.0808
8.0520,0.8868,3.8026
8.0522,0.9872,4.2389
8.0524,0.9569,4.1091
8.0526,0.9735,4.1841
8.0528,0.9217,3.9596
8.0530,0.8821,3.7931
8.0532,0.8935,3.8421
8.0534,0.8863,3.8147
8.0536,0.7638,3.2858
8.0538,0.8298,3.5683
8.0540,0.8391,3.6114
8.0542,0.7224,3.1208
8.0544,0.5996,2.5868
8.0546,0.646,2.7831
8.0548,0.6688,2.888
8.0550,0.6223,2.6871
8.0552,0.6024,2.5963
8.0554,0.6494,2.7976
8.0556,0.6523,2.8152
8.0558,0.6102,2.6323
8.0560,0.6198,2.6725
8.0562,0.6745,2.9055
8.0564,0.7704,3.3172
8.0566,0.7545,3.2461
8.0568,0.7611,3.276
8.0570,0.7426,3.196
8.0572,0.7629,3.2852
8.0574,0.7151,3.0778
8.0576,0.7444,3.2022
8.0578,0.7344,3.1653
8.0580,0.7131,3.0747
8.0582,0.699,3.0058
8.0584,0.7631,3.2842
8.0586,0.7778,3.3477
8.0588,0.828,3.5606
8.0590,0.8165,3.516
8.0592,0.7556,3.2492
8.0594,0.7372,3.1772
8.0596,0.6725,2.8973
8.0598,0.7344,3.1579
8.0600,0.8336,3.5843
8.0602,0.7782,3.3555
8.0604,0.7272,3.1299
8.0606,0.7581,3.26
8.0608,0.7326,3.1546
8.0610,0.7205,3.1039
8.0612,0.6854,2.9594
8.0614,0.5833,2.52
8.0616,0.5752,2.4813
8.0618,0.589,2.5408
8.0620,0.5778,2.4938
8.0622,0.5721,2.4667
8.0624,0.5721,2.4667
8.0626,0.6125,2.6446
8.0628,0.5958,2.5679
8.0630,0.6605,2.8496
8.0632,0.6013,2.5965
8.0634,0.5701,2.4607
8.0636,0.5693,2.4537
8.0638,0.5705,2.46
8.0640,0.6247,2.6849
8.0642,0.776,3.3353
8.0644,0.7818,3.3678
8.0646,0.7095,3.0564
8.0648,0.6885,2.9646
8.0650,0.6873,2.9594
8.0652,0.6898,2.9717
8.0654,0.7039,3.0298
8.0656,0.8161,3.5058
8.0658,0.8454,3.6387
8.0660,0.73,3.1476
8.0662,0.7122,3.0654
8.0664,0.7862,3.3775
8.0666,0.7816,3.3642
8.0668,0.7103,3.06
8.0670,0.6994,3.013
8.0672,0.689,2.9653
8.0674,0.6892,2.9677
8.0676,0.692,2.981
8.0678,0.6969,3.0007
8.0680,0.6908,2.9758
8.0682,0.6819,2.9362
8.0684,0.683,2.9422
8.0686,0.6776,2.9203
8.0688,0.6749,2.9063
8.0690,0.7004,3.0143
8.0692,0.7625,3.2786
8.0694,0.7892,3.3951
8.0696,0.8115,3.4862
8.0698,0.8509,3.6557
8.0700,0.799,3.4358
8.0702,0.7647,3.2914
8.0704,0.6845,2.9517
8.0706,0.5966,2.5739
8.0708,0.6536,2.8157
8.0710,0.7278,3.1339
8.0712,0.6599,2.8457
8.0714,0.6388,2.7496
8.0716,0.6962,2.999
8.0718,0.6628,2.8554
8.0720,0.6807,2.9324
8.0722,0.6785,2.9258
8.0724,0.6114,2.6363
8.0726,0.624,2.6918
8.0728,0.6286,2.707
8.0730,0.6728,2.897
8.0732,0.7053,3.0369
8.0734,0.7283,3.1346
8.0736,0.7436,3.2006
8.0738,0.67,2.8864
8.0740,0.6573,2.8369
8.0742,0.5766,2.4887
8.0744,0.6038,2.6037
8.0746,0.6551,2.8171
8.0748,0.7521,3.2433
8.0750,0.6601,2.8422
8.0752,0.6388,2.7547
8.0754,0.5843,2.5183
8.0756,0.6421,2.7661
8.0758,0.6212,2.6787
8.0760,0.534,2.3071
8.0762,0.515,2.2247
8.0764,0.5084,2.1962
8.0766,0.5538,2.3859
8.0768,0.5705,2.4611
8.0770,0.573,2.4663
8.0772,0.6628,2.8541
8.0774,0.6459,2.7813
8.0776,0.6492,2.794
8.0778,0.7053,3.0355
8.0780,0.7472,3.2131
8.0782,0.8041,3.4575
8.0784,0.8205,3.5281
8.0786,0.8382,3.6011
8.0788,0.8554,3.6782
8.0790,0.8048,3.459
8.0792,0.8243,3.5397
8.0794,0.8633,3.707
8.0796,0.9242,3.9612
8.0798,1.0563,4.5169
8.0800,1.1096,4.7468
8.0802,1.0898,4.6665
8.0804,1.0917,4.6747
8.0806,1.0876,4.6573
8.0808,1.0469,4.4869
8.0810,1.0676,4.5779
8.0812,1.012,4.3373
8.0814,1.0705,4.5817
8.0816,1.0845,4.6483
8.0818,1.0077,4.3289
8.0820,0.8956,3.8491
8.0822,0.8832,3.7925
8.0824,0.9157,3.9338
8.0826,0.9043,3.8813
8.0828,0.9463,4.0557
8.0830,0.9838,4.2185
8.0832,0.9837,4.222
8.0834,0.9711,4.1679
8.0836,1.0077,4.3249
8.0838,0.9989,4.2853
8.0840,1.0044,4.311
8.0842,0.9399,4.0341
8.0844,0.9348,4.0157
8.0846,0.9063,3.8955
8.0848,0.8819,3.7868
8.0850,0.8911,3.8336
8.0852,0.8526,3.668
8.0854,0.8692,3.7374
8.0856,0.7797,3.3591
8.0858,0.7327,3.1551
8.0860,0.779,3.3528
8.0862,0.7987,3.4343
8.0864,0.8005,3.4468
8.0866,0.7397,3.1865
8.0868,0.7253,3.1246
8.0870,0.6742,2.9072
8.0872,0.6132,2.6453
8.0874,0.6397,2.7596
8.0876,0.5718,2.4668
8.0878,0.5254,2.2687
8.0880,0.5336,2.3039
8.0882,0.5715,2.4664
8.0884,0.6192,2.6711
8.0886,0.5587,2.4127
8.0888,0.5313,2.2941
8.0890,0.5605,2.4182
8.0892,0.5977,2.5773
8.0894,0.6315,2.7194
8.0896,0.6333,2.736
8.0898,0.54,2.3319
8.0900,0.5144,2.2221
8.0902,0.4989,2.1533
8.0904,0.5225,2.2563
8.0906,0.5194,2.2418
8.0908,0.5593,2.4108
8.0910,0.5922,2.5571
8.0912,0.5609,2.422
8.0914,0.5488,2.3686
8.0916,0.5483,2.3676
8.0918,0.5205,2.2485
8.0920,0.5315,2.293
8.0922,0.5487,2.367
8.0924,0.5439,2.3463
8.0926,0.5776,2.4905
8.0928,0.6508,2.8012
8.0930,0.6554,2.8208
8.0932,0.627,2.706
8.0934,0.5579,2.409
8.0936,0.4788,2.0673
8.0938,0.4787,2.0659
8.0940,0.477,2.0596
8.0942,0.5054,2.1802
8.0944,0.5366,2.3158
8.0946,0.487,2.1031
8.0948,0.4601,1.9884
8.0950,0.4747,2.0488
8.0952,0.4751,2.0494
8.0954,0.5295,2.2832
8.0956,0.5288,2.2822
8.0958,0.4597,1.9832
8.0960,0.4543,1.9617
8.0962,0.4601,1.9875
8.0964,0.5031,2.1674
8.0966,0.5904,2.5446
8.0968,0.6087,2.6225
8.0970,0.6623,2.8494
8.0972,0.7085,3.0452
8.0974,0.7295,3.1383
8.0976,0.7274,3.1266
8.0978,0.7641,3.2873
8.0980,0.7314,3.1465
8.0982,0.74,3.1822
8.0984,0.8257,3.542
8.0986,0.8995,3.8643
8.0988,0.8007,3.4415
8.0990,0.8221,3.5299
8.0992,0.8941,3.8322
8.0994,0.8882,3.8141
8.0996,0.771,3.3167
8.0998,0.7603,3.2708
8.1000,0.7562,3.2578
8.1002,0.7032,3.0253
8.1004,0.6884,2.96
8.1006,0.7179,3.0868
8.1008,0.7336,3.1558
8.1010,0.7247,3.1234
8.1012,0.6127,2.6407
8.1014,0.6091,2.6252
8.1016,0.5959,2.5684
8.1018,0.5971,2.5736
8.1020,0.6257,2.6941
8.1022,0.6569,2.8314
8.1024,0.6922,2.9737
8.1026,0.8085,3.4685
8.1028,0.814,3.5035
8.1030,0.6458,2.7885
8.1032,0.5131,2.2144
8.1034,0.4963,2.1429
8.1036,0.4856,2.0988
8.1038,0.482,2.0813
8.1040,0.4773,2.0573
8.1042,0.5524,2.3786
8.1044,0.5839,2.5191
8.1046,0.5281,2.278
8.1048,0.556,2.3963
8.1050,0.545,2.352
8.1052,0.5462,2.3539
8.1054,0.6096,2.6285
8.1056,0.5739,2.4733
8.1058,0.621,2.6752
8.1060,0.5888,2.5391
8.1062,0.5444,2.3451
8.1064,0.5595,2.4113
8.1066,0.5822,2.5141
8.1068,0.476,2.0573
8.1070,0.4174,1.8006
8.1072,0.4862,2.0955
8.1074,0.5538,2.3859
8.1076,0.6246,2.6882
8.1078,0.5954,2.5675
8.1080,0.5235,2.2573
8.1082,0.5224,2.2537
8.1084,0.523,2.2563
8.1086,0.5183,2.234
8.1088,0.5177,2.2335
8.1090,0.5041,2.1756
8.1092,0.5019,2.1642
8.1094,0.5034,2.1715
8.1096,0.5031,2.1704
8.1098,0.5108,2.2025
8.1100,0.5098,2.1984
8.1102,0.5151,2.2222
8.1104,0.5152,2.2206
8.1106,0.5451,2.3471
8.1108,0.6049,2.6023
8.1110,0.717,3.0789
8.1112,0.784,3.3682
8.1114,0.8077,3.473
8.1116,0.7627,3.2735
8.1118,0.8315,3.5672
8.1120,0.8274,3.5547
8.1122,0.8374,3.5874
8.1124,0.9782,4.1905
8.1126,0.9302,3.985
8.1128,0.9872,4.227
8.1130,1.0766,4.6079
8.1132,1.0697,4.5738
8.1134,1.058,4.5347
8.1136,1.0155,4.3522
8.1138,0.9108,3.9145
8.1140,0.7766,3.3317
8.1142,0.923,3.9542
8.1144,0.9423,4.0425
8.1146,0.915,3.9289
8.1148,0.8628,3.7067
8.1150,0.8938,3.8342
8.1152,0.9011,3.8638
8.1154,0.8656,3.7168
8.1156,0.8517,3.652
8.1158,0.934,4.0089
8.1160,0.8988,3.8576
8.1162,0.8968,3.8471
8.1164,0.9358,4.0054
8.1166,1.0673,4.57
8.1168,1.0117,4.3404
8.1170,0.9938,4.2433
8.1172,1.1638,4.9786
8.1174,1.0947,4.6854
8.1176,1.0973,4.6988
8.1178,1.0551,4.5245
8.1180,0.9872,4.231
8.1182,0.9909,4.2469
8.1184,0.9651,4.1422
8.1186,0.9279,3.979
8.1188,0.9963,4.266
8.1190,1.0917,4.6725
8.1192,1.0774,4.6222
8.1194,0.9826,4.2154
8.1196,0.9845,4.2315
8.1198,0.8599,3.6995
8.1200,0.8185,3.5194
8.1202,0.8066,3.4635
8.1204,0.838,3.6
8.1206,0.881,3.7885
8.1208,0.8434,3.63
8.1210,0.7717,3.3183
8.1212,0.7433,3.202
8.1214,0.6737,2.9024
8.1216,0.701,3.0183
8.1218,0.7309,3.1474
8.1220,0.735,3.1635
8.1222,0.7929,3.4111
8.1224,0.8597,3.695
8.1226,0.8794,3.7778
8.1228,0.881,3.7832
8.1230,0.8688,3.7342
8.1232,0.8378,3.599
8.1234,0.8069,3.4715
8.1236,0.7954,3.4188
8.1238,0.8099,3.4828
8.1240,0.7701,3.3147
8.1242,0.7903,3.4014
8.1244,0.7789,3.3508
8.1246,0.7465,3.2145
8.1248,0.6892,2.9663
8.1250,0.6902,2.9718
8.1252,0.6266,2.7007
8.1254,0.7562,3.2472
8.1256,0.8906,3.8226
8.1258,0.8816,3.7911
8.1260,0.7559,3.2563
8.1262,0.6634,2.8567
8.1264,0.658,2.8374
8.1266,0.595,2.5631
8.1268,0.6292,2.7158
8.1270,0.5794,2.5006
8.1272,0.5819,2.5091
8.1274,0.5734,2.4724
8.1276,0.5769,2.4885
8.1278,0.582,2.5108
8.1280,0.5936,2.5598
8.1282,0.5742,2.4795
8.1284,0.5018,2.1667
8.1286,0.5127,2.2108
8.1288,0.6384,2.7526
8.1290,0.6084,2.6246
8.1292,0.5362,2.3132
8.1294,0.5197,2.2428
8.1296,0.5314,2.2914
8.1298,0.5986,2.5798
8.1300,0.6252,2.6932
8.1302,0.6348,2.7371
8.1304,0.6334,2.7302
8.1306,0.6459,2.7813
8.1308,0.7296,3.1373
8.1310,0.7804,3.359
8.1312,0.7156,3.077
8.1314,0.7486,3.2173
8.1316,0.7736,3.3296
8.1318,0.7424,3.1954
8.1320,0.7403,3.1802
8.1322,0.8133,3.4956
8.1324,0.7978,3.4307
8.1326,0.7647,3.2868
8.1328,0.8303,3.5737
8.1330,0.7458,3.2099
8.1332,0.7177,3.0877
8.1334,0.7168,3.0864
8.1336,0.6862,2.9603
8.1338,0.6271,2.7028
8.1340,0.6193,2.6692
8.1342,0.6152,2.6479
8.1344,0.6602,2.8428
8.1346,0.6452,2.7808
8.1348,0.6126,2.6415
8.1350,0.6764,2.9125
8.1352,0.7337,3.1563
8.1354,0.758,3.2519
8.1356,0.9325,4.0078
8.1358,0.7952,3.4193
8.1360,0.685,2.9496
8.1362,0.645,2.7798
8.1364,0.6512,2.804
8.1366,0.705,3.0373
8.1368,0.678,2.9183
8.1370,0.7423,3.1949
8.1372,0.7331,3.1523
8.1374,0.761,3.2754
8.1376,0.6954,2.9973
8.1378,0.6639,2.8601
8.1380,0.6804,2.93
8.1382,0.688,2.9612
8.1384,0.7453,3.2078
8.1386,0.7396,3.1831
8.1388,0.7641,3.2843
8.1390,0.7891,3.3946
8.1392,0.7677,3.3059
8.1394,0.6429,2.7761
8.1396,0.505,2.1787
8.1398,0.493,2.128
8.1400,0.5054,2.1802
8.1402,0.6245,2.6914
8.1404,0.6168,2.6571
8.1406,0.6207,2.6729
8.1408,0.6496,2.7999
8.1410,0.6234,2.688
8.1412,0.6117,2.6342
8.1414,0.658,2.8361
8.1416,0.6219,2.6793
8.1418,0.6863,2.9553
8.1420,0.696,2.9943
8.1422,0.6878,2.9642
8.1424,0.6044,2.6063
8.1426,0.593,2.5584
8.1428,0.5279,2.2754
8.1430,0.568,2.4537
8.1432,0.5197,2.2439
8.1434,0.4946,2.1367
8.1436,0.5048,2.1756
8.1438,0.5621,2.4238
8.1440,0.5693,2.4514
8.1442,0.6161,2.654
8.1444,0.5846,2.5187
8.1446,0.6838,2.9458
8.1448,0.7079,3.0426
8.1450,0.7277,3.132
8.1452,0.7188,3.0923
8.1454,0.7608,3.2683
8.1456,0.8119,3.4878
8.1458,0.8591,3.6855
8.1460,0.9391,4.0268
8.1462,0.9531,4.0869
8.1464,0.979,4.1999
8.1466,0.9947,4.2673
8.1468,0.9408,4.0377
8.1470,0.9074,3.8928
8.1472,0.9361,4.0195
8.1474,0.9163,3.9272
8.1476,0.9795,4.2
8.1478,0.9707,4.1625
8.1480,0.9953,4.2719
8.1482,0.9754,4.1865
8.1484,0.9572,4.1025
8.1486,0.9887,4.2396
8.1488,0.9797,4.203
8.1490,0.9727,4.1785
8.1492,0.8843,3.7953
8.1494,0.9289,3.9849
8.1496,0.9472,4.0655
8.1498,0.9928,4.2571
8.1500,0.9532,4.0932
8.1502,0.8634,3.711
8.1504,0.8057,3.4615
8.1506,0.832,3.5743
8.1508,0.8701,3.7364
8.1510,0.9205,3.9563
8.1512,0.9035,3.8777
8.1514,0.8938,3.8467
8.1516,0.7698,3.3147
8.1518,0.7662,3.2992
8.1520,0.7721,3.3121
8.1522,0.9532,4.0874
8.1524,0.974,4.1842
8.1526,0.8488,3.6566
8.1528,0.7405,3.1872
8.1530,0.7192,3.0982
8.1532,0.7047,3.0357
8.1534,0.7132,3.0653
8.1536,0.7161,3.0848
8.1538,0.6006,2.5861
8.1540,0.6887,2.9684
8.1542,0.6779,2.9232
8.1544,0.6878,2.9642
8.1546,0.6507,2.8059
8.1548,0.6541,2.8177
8.1550,0.6729,2.9002
8.1552,0.6392,2.7537
8.1554,0.687,2.9557
8.1556,0.7092,3.0568
8.1558,0.6404,2.7652
8.1560,0.5526,2.3841
8.1562,0.6123,2.638
8.1564,0.6222,2.6816
8.1566,0.5804,2.5006
8.1568,0.592,2.5549
8.1570,0.5528,2.3857
8.1572,0.5772,2.4889
8.1574,0.6033,2.6029
8.1576,0.5519,2.3787
8.1578,0.6188,2.6696
8.1580,0.5605,2.4204
8.1582,0.5127,2.2128
8.1584,0.5102,2.203
8.1586,0.5186,2.2361
8.1588,0.6319,2.7196
8.1590,0.6735,2.9001
8.1592,0.624,2.6943
8.1594,0.4994,2.1574
8.1596,0.4982,2.1502
8.1598,0.5173,2.2304
8.1600,0.6054,2.6056
8.1602,0.6307,2.722
8.1604,0.5731,2.4702
8.1606,0.5929,2.5555
8.1608,0.6091,2.6252
8.1610,0.5363,2.3169
8.1612,0.4619,1.9962
8.1614,0.4546,1.9628
8.1616,0.4534,1.9567
8.1618,0.4589,1.9823
8.1620,0.4822,2.0804
8.1622,0.514,2.2185
8.1624,0.4608,1.9897
8.1626,0.4584,1.9802
8.1628,0.4712,2.0319
8.1630,0.5575,2.4041
8.1632,0.5868,2.5303
8.1634,0.6137,2.6461
8.1636,0.5692,2.4532
8.1638,0.5575,2.4019
8.1640,0.5595,2.4124
8.1642,0.5551,2.3938
8.1644,0.5587,2.4082
8.1646,0.5911,2.5454
8.1648,0.6639,2.8561
8.1650,0.6681,2.8755
8.1652,0.7026,3.0241
8.1654,0.7117,3.0662
8.1656,0.6086,2.6232
8.1658,0.5776,2.4882
8.1660,0.5916,2.5522
8.1662,0.5403,2.3329
8.1664,0.5292,2.2811
8.1666,0.5276,2.2759
8.1668,0.5427,2.3389
8.1670,0.5881,2.5336
8.1672,0.6198,2.67
8.1674,0.5599,2.4145
8.1676,0.5169,2.2309
8.1678,0.5639,2.4327
8.1680,0.5381,2.3215
8.1682,0.5289,2.2774
8.1684,0.5866,2.5269
8.1686,0.628,2.7044
8.1688,0.6566,2.8246
8.1690,0.6498,2.7952
8.1692,0.6998,3.0145
8.1694,0.687,2.9598
8.1696,0.6068,2.6142
8.1698,0.5327,2.2992
8.1700,0.4892,2.1114
8.1702,0.4698,2.0266
8.1704,0.4682,2.0199
8.1706,0.4643,2.0038
8.1708,0.4609,1.9883
8.1710,0.494,2.1311
8.1712,0.5641,2.4292
8.1714,0.6152,2.6491
8.1716,0.5742,2.476
8.1718,0.5153,2.2201
8.1720,0.539,2.324
8.1722,0.5442,2.3478
8.1724,0.5135,2.2154
8.1726,0.5507,2.3714
8.1728,0.6215,2.6797
8.1730,0.5448,2.3504
8.1732,0.5522,2.3765
8.1734,0.6697,2.8768
8.1736,0.6944,2.9871
8.1738,0.6434,2.7692
8.1740,0.635,2.7343
8.1742,0.6011,2.5894
8.1744,0.5722,2.4695
8.1746,0.498,2.1482
8.1748,0.4917,2.1183
8.1750,0.5295,2.2832
8.1752,0.4864,2.0985
8.1754,0.4748,2.0455
8.1756,0.4852,2.0895
8.1758,0.561,2.4158
8.1760,0.592,2.5502
8.1762,0.5987,2.5803
8.1764,0.5812,2.5025
8.1766,0.5998,2.5813
8.1768,0.6171,2.6549
8.1770,0.6219,2.6805
8.1772,0.5854,2.5194
8.1774,0.6321,2.7219
8.1776,0.5964,2.5669
8.1778,0.6043,2.6009
8.1780,0.6528,2.8055
8.1782,0.7697,3.3018
8.1784,0.8349,3.5783
8.1786,0.8637,3.7034
8.1788,0.8772,3.765
8.1790,0.8549,3.6658
8.1792,0.9243,3.958
8.1794,1.0113,4.3322
8.1796,1.0125,4.3374
8.1798,0.9978,4.2727
8.1800,0.9789,4.1955
8.1802,0.9634,4.1254
8.1804,0.9868,4.2314
8.1806,0.9164,3.9314
8.1808,0.9123,3.9121
8.1810,0.9216,3.9517
8.1812,0.9399,4.0285
8.1814,0.9916,4.248
8.1816,0.9687,4.1479
8.1818,0.9813,4.1999
8.1820,1.0077,4.3209
8.1822,0.9097,3.9044
8.1824,0.9271,3.9735
8.1826,0.9565,4.0994
8.1828,0.9521,4.079
8.1830,0.9531,4.0831
8.1832,0.9481,4.0653
8.1834,0.9036,3.8764
8.1836,0.888,3.8077
8.1838,0.9026,3.8741
8.1840,0.912,3.916
8.1842,0.9068,3.8903
8.1844,0.8623,3.6994
8.1846,0.928,3.9776
8.1848,0.9906,4.2518
8.1850,0.8951,3.8381
8.1852,0.9273,3.9801
8.1854,0.921,3.9565
8.1856,0.8876,3.8186
8.1858,0.7819,3.3637
8.1860,0.7511,3.2326
8.1862,0.6998,3.0103
8.1864,0.7388,3.1785
8.1866,0.7067,3.0402
8.1868,0.6893,2.9696
8.1870,0.6634,2.8607
8.1872,0.6507,2.802
8.1874,0.6476,2.7872
8.1876,0.6915,2.9734
8.1878,0.7257,3.1218
8.1880,0.7022,3.0206
8.1882,0.724,3.1189
8.1884,0.6984,3.0075
8.1886,0.694,2.9856
8.1888,0.7418,3.1929
8.1890,0.687,2.9625
8.1892,0.6288,2.7075
8.1894,0.6711,2.8884
8.1896,0.6205,2.6756
8.1898,0.58,2.4973
8.1900,0.6161,2.6565
8.1902,0.5852,2.5247
8.1904,0.5697,2.4575
8.1906,0.5749,2.478
8.1908,0.6068,2.6118
8.1910,0.6435,2.7723
8.1912,0.6254,2.6968
8.1914,0.6055,2.6122
8.1916,0.5242,2.2615
8.1918,0.576,2.4769
8.1920,0.7261,3.1238
8.1922,0.678,2.9224
8.1924,0.6276,2.7036
8.1926,0.6115,2.6344
8.1928,0.6319,2.7209
8.1930,0.6014,2.591
8.1932,0.5364,2.3121
8.1934,0.5306,2.2878
8.1936,0.5332,2.3003
8.1938,0.5769,2.4874
8.1940,0.5416,2.3354
8.1942,0.5349,2.3086
8.1944,0.5583,2.4084
8.1946,0.5309,2.2883
8.1948,0.538,2.3177
8.1950,0.5596,2.4073
8.1952,0.7023,3.017
8.1954,0.7689,3.308
8.1956,0.6948,2.9961
8.1958,0.595,2.5619
8.1960,0.6754,2.9083
8.1962,0.6603,2.8446
8.1964,0.6333,2.7258
8.1966,0.6561,2.8226
8.1968,0.6598,2.8412
8.1970,0.6595,2.841
8.1972,0.6609,2.8432
8.1974,0.7179,3.0839
8.1976,0.7541,3.238
8.1978,0.783,3.3667
8.1980,0.7255,3.1212
8.1982,0.7294,3.1363
8.1984,0.7374,3.1693
8.1986,0.8212,3.5246
8.1988,0.8923,3.8316
8.1990,0.8633,3.7053
8.1992,0.8459,3.6357
8.1994,0.817,3.5099
8.1996,0.8026,3.4465
8.1998,0.8032,3.4507
8.2000,0.7875,3.3863
8.2002,0.7294,3.1407
8.2004,0.7135,3.0697
8.2006,0.7677,3.3028
8.2008,0.7495,3.2229
8.2010,0.7651,3.2884
8.2012,0.7411,3.1927
8.2014,0.6369,2.7413
8.2016,0.7077,3.0458
8.2018,0.7301,3.135
8.2020,0.8408,3.6136
8.2022,0.8132,3.4967
8.2024,0.7132,3.0695
8.2026,0.6054,2.6104
8.2028,0.5452,2.352
8.2030,0.5387,2.3262
8.2032,0.5307,2.2894
8.2034,0.5845,2.5181
8.2036,0.5976,2.5756
8.2038,0.5851,2.5219
8.2040,0.5996,2.5844
8.2042,0.6129,2.6406
8.2044,0.5875,2.531
8.2046,0.6378,2.7449
8.2048,0.6722,2.893
8.2050,0.6356,2.7331
8.2052,0.7201,3.0966
8.2054,0.7435,3.2001
8.2056,0.6873,2.9608
8.2058,0.6315,2.7194
8.2060,0.6495,2.7968
8.2062,0.605,2.6101
8.2064,0.5209,2.248
8.2066,0.5147,2.2216
8.2068,0.4996,2.1554
8.2070,0.4944,2.1336
8.2072,0.4927,2.1274
8.2074,0.5168,2.2273
8.2076,0.5313,2.2909
8.2078,0.4948,2.1347
8.2080,0.4946,2.1347
8.2082,0.4892,2.1114
8.2084,0.5141,2.2139
8.2086,0.6113,2.6345
8.2088,0.573,2.472
8.2090,0.5591,2.4075
8.2092,0.6085,2.6227
8.2094,0.5334,2.3013
8.2096,0.5036,2.1735
8.2098,0.501,2.1601
8.2100,0.5182,2.2335
8.2102,0.5475,2.3629
8.2104,0.5279,2.2754
8.2106,0.5795,2.4941
8.2108,0.6236,2.6878
8.2110,0.5761,2.4831
8.2112,0.5948,2.5554
8.2114,0.7144,3.069
8.2116,0.7824,3.3595
8.2118,0.8447,3.6272
8.2120,0.8601,3.6914
8.2122,0.8559,3.6751
8.2124,0.8589,3.688
8.2126,0.8879,3.8054
8.2128,0.9719,4.1618
8.2130,0.9893,4.2363
8.2132,0.9809,4.2042
8.2134,0.9697,4.1598
8.2136,0.9721,4.1643
8.2138,0.9764,4.1847
8.2140,0.944,4.0478
8.2142,0.9548,4.0884
8.2144,1.0007,4.291
8.2146,0.9561,4.0998
8.2148,0.9994,4.2854
8.2150,0.9918,4.249
8.2152,0.982,4.2108
8.2154,1.0007,4.289
8.2156,1.0087,4.3194
8.2158,1.0515,4.5027
8.2160,1.0411,4.4581
8.2162,1.0005,4.292
8.2164,0.9386,4.036
8.2166,0.8619,3.7008
8.2168,0.8791,3.7732
8.2170,0.8622,3.7075
8.2172,0.8161,3.5058
8.2174,0.8686,3.7244
8.2176,0.9109,3.9114
8.2178,0.8579,3.6856
8.2180,0.8996,3.8612
8.2182,0.9265,3.9765
8.2184,0.9358,4.0091
8.2186,1.0081,4.3189
8.2188,1.0234,4.3841
8.2190,1.0055,4.3176
8.2192,0.9039,3.887
8.2194,0.7694,3.3085
8.2196,0.7863,3.3875
8.2198,0.7283,3.1346
8.2200,0.7589,3.2631
8.2202,0.7705,3.3177
8.2204,0.6956,2.9965
8.2206,0.7098,3.0579
8.2208,0.6445,2.7777
8.2210,0.6012,2.5911
8.2212,0.6033,2.6029
8.2214,0.6207,2.6754
8.2216,0.685,2.9496
8.2218,0.7186,3.0913
8.2220,0.6897,2.9711
8.2222,0.6635,2.8559
8.2224,0.6548,2.8221
8.2226,0.611,2.636
8.2228,0.5945,2.5646
8.2230,0.5875,2.5334
8.2232,0.5939,2.5572
8.2234,0.7036,3.0297
8.2236,0.6524,2.8157
8.2238,0.532,2.2972
8.2240,0.5283,2.2812
8.2242,0.4938,2.134
8.2244,0.4364,1.8872
8.2246,0.4314,1.8645
8.2248,0.4331,1.8709
8.2250,0.4839,2.0867
8.2252,0.582,2.5061
8.2254,0.639,2.7552
8.2256,0.576,2.4872
8.2258,0.4826,2.0849
8.2260,0.4724,2.0399
8.2262,0.4563,1.9705
8.2264,0.4638,2.0035
8.2266,0.4711,2.0361
8.2268,0.4589,1.9805
8.2270,0.4548,1.962
8.2272,0.4573,1.9756
8.2274,0.453,1.9542
8.2276,0.4787,2.0649
8.2278,0.4909,2.1206
8.2280,0.4484,1.9363
8.2282,0.4486,1.936
8.2284,0.4475,1.9322
8.2286,0.4508,1.9467
8.2288,0.4613,1.9908
8.2290,0.4629,1.9962
8.2292,0.5036,2.1715
8.2294,0.5519,2.3809
8.2296,0.5611,2.4185
8.2298,0.5827,2.5116
8.2300,0.5751,2.4796
8.2302,0.5615,2.419
8.2304,0.558,2.404
8.2306,0.5667,2.4423
8.2308,0.5592,2.4091
8.2310,0.5526,2.3829
8.2312,0.614,2.6415
8.2314,0.7504,3.2205
8.2316,0.8089,3.4749
8.2318,0.8369,3.5937
8.2320,0.7615,3.2821
8.2322,0.5662,2.4391
8.2324,0.5489,2.3625
8.2326,0.5836,2.5163
8.2328,0.5834,2.5135
8.2330,0.63,2.7114
8.2332,0.6528,2.8094
8.2334,0.6468,2.7823
8.2336,0.676,2.9109
8.2338,0.6574,2.8309
8.2340,0.5651,2.4356
8.2342,0.5626,2.4259
8.2344,0.5697,2.4575
8.2346,0.5372,2.3173
8.2348,0.5376,2.3151
8.2350,0.5994,2.5774
8.2352,0.7195,3.0926
8.2354,0.7146,3.0757
8.2356,0.602,2.5935
8.2358,0.639,2.7475
8.2360,0.6959,2.998
8.2362,0.6187,2.6653
8.2364,0.5745,2.4759
8.2366,0.5366,2.3137
8.2368,0.5812,2.5048
8.2370,0.6174,2.6547
8.2372,0.6529,2.8047
8.2374,0.7097,3.0531
8.2376,0.6229,2.6822
8.2378,0.6107,2.6344
8.2380,0.6079,2.6164
8.2382,0.661,2.845
8.2384,0.6632,2.853
8.2386,0.6502,2.7999
8.2388,0.621,2.6764
8.2390,0.5776,2.4916
8.2392,0.538,2.3209
8.2394,0.5573,2.3998
8.2396,0.6325,2.7222
8.2398,0.7182,3.0912
8.2400,0.6399,2.7581
8.2402,0.5233,2.2552
8.2404,0.509,2.1947
8.2406,0.5249,2.2656
8.2408,0.4964,2.1415
8.2410,0.4844,2.0907
8.2412,0.4809,2.0747
8.2414,0.4818,2.0784
8.2416,0.4831,2.084
8.2418,0.4861,2.097
8.2420,0.5209,2.2428
8.2422,0.5647,2.4329
8.2424,0.5054,2.1802
8.2426,0.4861,2.0979
8.2428,0.4834,2.0866
8.2430,0.4808,2.0742
8.2432,0.4854,2.0919
8.2434,0.4846,2.0898
8.2436,0.4971,2.1416
8.2438,0.5283,2.2759
8.2440,0.5784,2.4895
8.2442,0.6022,2.5917
8.2444,0.6248,2.6867
8.2446,0.6974,2.9972
8.2448,0.7286,3.1317
8.2450,0.7613,3.2689
8.2452,0.771,3.309
8.2454,0.8404,3.6103
8.2456,0.7984,3.4269
8.2458,0.8129,3.4859
8.2460,0.8863,3.8005
8.2462,0.9627,4.1261
8.2464,0.9496,4.0701
8.2466,0.9157,3.9247
8.2468,0.9219,3.9514
8.2470,0.9578,4.1031
8.2472,0.9674,4.1423
8.2474,0.9556,4.0958
8.2476,0.9485,4.0636
8.2478,0.9717,4.1627
8.2480,0.9767,4.1941
8.2482,0.9014,3.8653
8.2484,0.9139,3.9115
8.2486,0.915,3.9289
8.2488,0.8054,3.4615
8.2490,0.8059,3.4604
8.2492,0.8354,3.587
8.2494,0.8321,3.5731
8.2496,0.8316,3.5727
8.2498,0.8314,3.5701
8.2500,0.8375,3.5913
8.2502,0.8706,3.7349
8.2504,0.8804,3.7753
8.2506,0.9274,3.9787
8.2508,0.8697,3.7378
8.2510,0.8556,3.6706
8.2512,0.9253,3.9713
8.2514,0.8632,3.703
8.2516,0.8941,3.8411
8.2518,0.8694,3.735
8.2520,0.8278,3.553
8.2522,0.8307,3.5703
8.2524,0.7938,3.4163
8.2526,0.6984,3.0088
8.2528,0.6531,2.8097
8.2530,0.6989,3.0081
8.2532,0.7169,3.0841
8.2534,0.7231,3.1124
8.2536,0.7197,3.0945
8.2538,0.6803,2.9336
8.2540,0.587,2.5337
8.2542,0.5921,2.5507
8.2544,0.631,2.7186
8.2546,0.6193,2.6679
8.2548,0.5712,2.4597
8.2550,0.595,2.5607
8.2552,0.6556,2.8231
8.2554,0.6096,2.6273
8.2556,0.5791,2.4972
8.2558,0.6073,2.6163
8.2560,0.6836,2.9421
8.2562,0.6783,2.9194
8.2564,0.6808,2.9316
8.2566,0.7187,3.089
8.2568,0.7513,3.2276
8.2570,0.7626,3.276
8.2572,0.7384,3.1809
8.2574,0.68,2.9293
8.2576,0.6695,2.8803
8.2578,0.6668,2.8698
8.2580,0.6522,2.8042
8.2582,0.7043,3.0313
8.2584,0.7312,3.144
8.2586,0.7723,3.3209
8.2588,0.7451,3.2038
8.2590,0.7239,3.114
8.2592,0.6912,2.9765
8.2594,0.6709,2.89
8.2596,0.6465,2.7839
8.2598,0.6675,2.8716
8.2600,0.7265,3.1254
8.2602,0.7276,3.1315
8.2604,0.7198,3.0994
8.2606,0.6482,2.7937
8.2608,0.589,2.5408
8.2610,0.5687,2.4522
8.2612,0.5611,2.4208
8.2614,0.5584,2.4066
8.2616,0.5626,2.4225
8.2618,0.6173,2.653
8.2620,0.7422,3.1944
8.2622,0.7091,3.0506
8.2624,0.6892,2.9663
8.2626,0.6711,2.8897
8.2628,0.6339,2.7309
8.2630,0.6391,2.7506
8.2632,0.638,2.7485
8.2634,0.6384,2.7462
8.2636,0.6453,2.7749
8.2638,0.6911,2.9746
8.2640,0.6629,2.852
8.2642,0.7565,3.2513
8.2644,0.8235,3.5344
8.2646,0.8205,3.5248
8.2648,0.8084,3.4777
8.2650,0.7114,3.0618
8.2652,0.7007,3.0159
8.2654,0.6429,2.771
8.2656,0.6298,2.7159
8.2658,0.6213,2.6767
8.2660,0.609,2.6235
8.2662,0.6157,2.6512
8.2664,0.6459,2.7813
8.2666,0.6211,2.6732
8.2668,0.6155,2.6526
8.2670,0.6096,2.6273
8.2672,0.6102,2.6275
8.2674,0.6127,2.6395
8.2676,0.6171,2.6599
8.2678,0.6168,2.6596
8.2680,0.595,2.5631
8.2682,0.6318,2.7179
8.2684,0.7536,3.2389
8.2686,0.8019,3.4482
8.2688,0.718,3.0887
8.2690,0.7297,3.1393
8.2692,0.6809,2.9362
8.2694,0.5716,2.4623
8.2696,0.561,2.4191
8.2698,0.5559,2.3958
8.2700,0.5532,2.3855
8.2702,0.5456,2.3535
8.2704,0.5434,2.3431
8.2706,0.55,2.3705
8.2708,0.5727,2.467
8.2710,0.6057,2.612
8.2712,0.5813,2.5054
8.2714,0.5885,2.5328
8.2716,0.6595,2.837
8.2718,0.7022,3.0192
8.2720,0.7345,3.1614
8.2722,0.7123,3.0659
8.2724,0.6828,2.9403
8.2726,0.6182,2.6645
8.2728,0.592,2.5466
8.2730,0.6858,2.9505
8.2732,0.6807,2.9283
8.2734,0.7445,3.1953
8.2736,0.821,3.5253
8.2738,0.8075,3.4789
8.2740,0.6173,2.6641
8.2742,0.5117,2.2077
8.2744,0.4887,2.1074
8.2746,0.5053,2.1797
8.2748,0.5292,2.2821
8.2750,0.5364,2.3142
8.2752,0.4836,2.0861
8.2754,0.48,2.0716
8.2756,0.497,2.145
8.2758,0.542,2.3326
8.2760,0.6059,2.6101
8.2762,0.5814,2.5059
8.2764,0.5828,2.5109
8.2766,0.6063,2.6085
8.2768,0.6182,2.6633
8.2770,0.6168,2.6559
8.2772,0.6507,2.7994
8.2774,0.7268,3.124
8.2776,0.7337,3.1592
8.2778,0.6794,2.9226
8.2780,0.6824,2.9314
8.2782,0.767,3.2936
8.2784,0.8532,3.6603
8.2786,0.8718,3.7401
8.2788,0.8638,3.7004
8.2790,0.9499,4.0673
8.2792,1.0824,4.6282
8.2794,1.121,4.7978
8.2796,1.1013,4.7092
8.2798,1.1457,4.8989
8.2800,1.0855,4.6524
8.2802,1.0047,4.304
8.2804,1.0098,4.3261
8.2806,1.0095,4.3306
8.2808,0.982,4.2049
8.2810,1.0084,4.3159
8.2812,0.9962,4.2695
8.2814,0.9523,4.0795
8.2816,0.9892,4.2417
8.2818,0.987,4.2364
8.2820,0.9858,4.2233
8.2822,1.0246,4.3852
8.2824,1.0637,4.5524
8.2826,1.092,4.6779
8.2828,1.0398,4.4586
8.2830,0.9568,4.1086
8.2832,0.9387,4.0271
8.2834,0.9364,4.0173
8.2836,0.8886,3.8174
8.2838,0.8773,3.7655
8.2840,0.8938,3.8378
8.2842,0.8608,3.6996
8.2844,0.7914,3.4013
8.2846,0.7626,3.2791
8.2848,0.8066,3.4699
8.2850,0.7699,3.309
8.2852,0.8125,3.4887
8.2854,0.8573,3.683
8.2856,0.875,3.7662
8.2858,0.7192,3.1011
8.2860,0.6078,2.6171
8.2862,0.6537,2.8175
8.2864,0.7045,3.0324
8.2866,0.7422,3.1959
8.2868,0.7043,3.0342
8.2870,0.6432,2.7746
8.2872,0.6109,2.6318
8.2874,0.6615,2.8471
8.2876,0.6402,2.7617
8.2878,0.5842,2.5189
8.2880,0.5559,2.4002
8.2882,0.5097,2.2009
8.2884,0.5399,2.3292
8.2886,0.5941,2.563
8.2888,0.5775,2.4923
8.2890,0.5079,2.1921
8.2892,0.5381,2.3225
8.2894,0.5193,2.2382
8.2896,0.5888,2.5379
8.2898,0.6504,2.803
8.2900,0.6005,2.5928
8.2902,0.5144,2.218
8.2904,0.5399,2.3292
8.2906,0.5408,2.3328
8.2908,0.5141,2.217
8.2910,0.5017,2.1662
8.2912,0.4942,2.1331
8.2914,0.5048,2.1777
8.2916,0.5022,2.1643
8.2918,0.6002,2.5846
8.2920,0.6721,2.8979
8.2922,0.5719,2.4708
8.2924,0.432,1.8663
8.2926,0.4258,1.8359
8.2928,0.4852,2.0943
8.2930,0.4522,1.9515
8.2932,0.5,2.157
8.2934,0.551,2.3779
8.2936,0.5492,2.3658
8.2938,0.5873,2.5324
8.2940,0.5481,2.3633
8.2942,0.5685,2.4535
8.2944,0.4797,2.0734
8.2946,0.451,1.9481
8.2948,0.4522,1.9515
8.2950,0.4458,1.925
8.2952,0.4492,1.9377
8.2954,0.5221,2.248
8.2956,0.568,2.4491
8.2958,0.5692,2.4532
8.2960,0.6081,2.6162
8.2962,0.638,2.7447
8.2964,0.6408,2.7553
8.2966,0.6657,2.8638
8.2968,0.6731,2.8972
8.2970,0.6704,2.8853
8.2972,0.7071,3.0432
8.2974,0.683,2.9367
8.2976,0.6972,2.9995
8.2978,0.6694,2.8798
8.2980,0.7333,3.1474
8.2982,0.7958,3.4187
8.2984,0.7804,3.3528
8.2986,0.7953,3.4214
8.2988,0.752,3.2307
8.2990,0.8265,3.5522
8.2992,0.7111,3.0593
8.2994,0.6333,2.7258
8.2996,0.6446,2.7731
8.2998,0.6795,2.9272
8.3000,0.653,2.8118
8.3002,0.6746,2.9047
8.3004,0.7074,3.0476
8.3006,0.5911,2.5454
8.3008,0.5555,2.3942
8.3010,0.5571,2.4021
8.3012,0.552,2.3793
8.3014,0.5652,2.4327
8.3016,0.7039,3.027
8.3018,0.7504,3.2265
8.3020,0.6707,2.8868
8.3022,0.5896,2.5398
8.3024,0.5741,2.4743
8.3026,0.5646,2.4369
8.3028,0.494,2.1331
8.3030,0.4569,1.9722
8.3032,0.4528,1.9559
8.3034,0.4415,1.9063
8.3036,0.476,2.0535
8.3038,0.5089,2.1942
8.3040,0.5038,2.1735
8.3042,0.5026,2.1684
8.3044,0.5328,2.2966
8.3046,0.5242,2.2615
8.3048,0.5105,2.2015
8.3050,0.5511,2.3729
8.3052,0.5691,2.4492
8.3054,0.6261,2.6961
8.3056,0.562,2.4199
8.3058,0.6007,2.5843
8.3060,0.6373,2.7441
8.3062,0.5977,2.5762
8.3064,0.5484,2.367
8.3066,0.4972,2.1451
8.3068,0.4935,2.1271
8.3070,0.4989,2.1493
8.3072,0.5318,2.294
8.3074,0.4939,2.1316
8.3076,0.4873,2.1002
8.3078,0.4849,2.0908
8.3080,0.4852,2.0924
8.3082,0.4845,2.0912
8.3084,0.4902,2.1136
8.3086,0.4845,2.0883
8.3088,0.5366,2.3147
8.3090,0.4968,2.139
8.3092,0.5235,2.2531
8.3094,0.5962,2.5682
8.3096,0.5585,2.4083
8.3098,0.4941,2.1316
8.3100,0.4984,2.1483
8.3102,0.5321,2.2935
8.3104,0.5879,2.5326
8.3106,0.6163,2.6526
8.3108,0.6145,2.6448
8.3110,0.5969,2.5666
8.3112,0.6767,2.9072
8.3114,0.7253,3.1188
8.3116,0.7139,3.0669
8.3118,0.7512,3.2286
8.3120,0.79,3.3908
8.3122,0.8368,3.5832
8.3124,0.9767,4.1804
8.3126,1.0416,4.4518
8.3128,1.1159,4.7717
8.3130,1.1105,4.7487
8.3132,1.1131,4.7617
8.3134,1.102,4.7145
8.3136,1.0776,4.6055
8.3138,1.1111,4.7601
8.3140,0.9586,4.1067
8.3142,0.991,4.2514
8.3144,0.9264,3.976
8.3146,0.8706,3.7384
8.3148,0.8499,3.6493
8.3150,0.8653,3.714
8.3152,0.8635,3.7029
8.3154,0.9152,3.9226
8.3156,0.9318,3.9954
8.3158,0.8946,3.836
8.3160,0.9007,3.864
8.3162,0.9236,3.9623
8.3164,0.9232,3.9607
8.3166,0.9024,3.8694
8.3168,0.9292,3.9865
8.3170,0.9391,4.0249
8.3172,0.9523,4.0852
8.3174,0.8975,3.8466
8.3176,0.9533,4.0899
8.3178,0.9472,4.0674
8.3180,0.8894,3.8175
8.3182,0.8782,3.7673
8.3184,0.8911,3.8265
8.3186,0.8715,3.7455
8.3188,0.78,3.357
8.3190,0.7032,3.0267
8.3192,0.7397,3.1851
8.3194,0.7408,3.1838
8.3196,0.7494,3.2239
8.3198,0.7506,3.2275
8.3200,0.7848,3.3729
8.3202,0.7812,3.359
8.3204,0.7614,3.2709
8.3206,0.7432,3.1985
8.3208,0.6818,2.937
8.3210,0.6983,3.0027
8.3212,0.7515,3.2362
8.3214,0.7152,3.0797
8.3216,0.6615,2.8484
8.3218,0.6037,2.5996
8.3220,0.6205,2.6694
8.3222,0.639,2.7552
8.3224,0.5725,2.4711
8.3226,0.5589,2.4098
8.3228,0.5504,2.372
8.3230,0.5569,2.3993
8.3232,0.5649,2.4334
8.3234,0.576,2.4815
8.3236,0.593,2.5572
8.3238,0.5229,2.2579
8.3240,0.48,2.0735
8.3242,0.4778,2.0641
8.3244,0.5135,2.2154
8.3246,0.547,2.3565
8.3248,0.6043,2.6046
8.3250,0.6153,2.6546
8.3252,0.5575,2.403
8.3254,0.5797,2.4986
8.3256,0.535,2.3091
8.3258,0.5234,2.2599
8.3260,0.5229,2.2568
8.3262,0.5272,2.2733
8.3264,0.5276,2.2738
8.3266,0.5263,2.2681
8.3268,0.5247,2.2614
8.3270,0.5277,2.2733
8.3272,0.5629,2.424
8.3274,0.6206,2.6736
8.3276,0.5886,2.5392
8.3278,0.5324,2.2956
8.3280,0.673,2.894
8.3282,0.6659,2.8675
8.3284,0.6445,2.7738
8.3286,0.661,2.8424
8.3288,0.641,2.7601
8.3290,0.6406,2.7599
8.3292,0.6436,2.7728
8.3294,0.6411,2.7594
8.3296,0.6599,2.8378
8.3298,0.7562,3.2503
8.3300,0.782,3.3611
8.3302,0.7374,3.1693
8.3304,0.7475,3.2171
8.3306,0.6644,2.8621
8.3308,0.631,2.7211
8.3310,0.631,2.7135
8.3312,0.7045,3.0296
8.3314,0.6786,2.9209
8.3316,0.6446,2.7731
8.3318,0.6966,2.9983
8.3320,0.7143,3.0713
8.3322,0.7448,3.2073
8.3324,0.649,2.7973
8.3326,0.6151,2.6511
8.3328,0.6177,2.6637
8.3330,0.6322,2.7212
8.3332,0.6795,2.9218
8.3334,0.6995,3.0093
8.3336,0.6764,2.9057
8.3338,0.7291,3.1367
8.3340,0.6804,2.93
8.3342,0.628,2.7094
8.3344,0.6235,2.6785
8.3346,0.7772,3.3436
8.3348,0.7157,3.0789
8.3350,0.7144,3.0733
8.3352,0.7357,3.1636
8.3354,0.7308,3.1498
8.3356,0.6115,2.6344
8.3358,0.592,2.5502
8.3360,0.6083,2.6216
8.3362,0.612,2.6364
8.3364,0.6225,2.6781
8.3366,0.7008,3.015
8.3368,0.6942,2.9866
8.3370,0.6914,2.9728
8.3372,0.6916,2.978
8.3374,0.6987,3.0029
8.3376,0.6984,3.0047
8.3378,0.7062,3.0339
8.3380,0.7668,3.2987
8.3382,0.7167,3.0802
8.3384,0.7753,3.3368
8.3386,0.7248,3.1138
8.3388,0.7806,3.3549
8.3390,0.7533,3.2439
8.3392,0.6996,3.0098
8.3394,0.7187,3.089
8.3396,0.7385,3.1755
8.3398,0.7508,3.2271
8.3400,0.7869,3.379
8.3402,0.7351,3.1654
8.3404,0.6263,2.6966
8.3406,0.6085,2.6239
8.3408,0.5452,2.352
8.3410,0.5397,2.326
8.3412,0.6469,2.7816
8.3414,0.6962,2.9949
8.3416,0.6954,2.9987
8.3418,0.5534,2.3872
8.3420,0.483,2.0845
8.3422,0.4796,2.0729
8.3424,0.4808,2.0742
8.3426,0.4878,2.1042
8.3428,0.489,2.1094
8.3430,0.5059,2.1823
8.3432,0.6029,2.596
8.3434,0.5934,2.5575
8.3436,0.5769,2.4862
8.3438,0.6392,2.7498
8.3440,0.6935,2.9835
8.3442,0.7116,3.0614
8.3444,0.7469,3.2041
8.3446,0.8452,3.6259
8.3448,0.8701,3.7329
8.3450,0.8709,3.7342
8.3452,0.9132,3.9157
8.3454,0.9547,4.0936
8.3456,0.9798,4.1977
8.3458,0.9719,4.1638
8.3460,0.9559,4.0968
8.3462,0.9643,4.1309
8.3464,0.987,4.2304
8.3466,0.9296,3.988
8.3468,0.9584,4.1076
8.3470,0.9766,4.1877
8.3472,0.9466,4.0573
8.3474,0.949,4.0656
8.3476,1.0044,4.303
8.3478,0.9876,4.2271
8.3480,1.0113,4.3322
8.3482,1.0367,4.4411
8.3484,0.9899,4.2448
8.3486,1.0283,4.4093
8.3488,0.993,4.2641
8.3490,0.8677,3.7243
8.3492,0.8828,3.7892
8.3494,0.8959,3.8524
8.3496,0.732,3.1535
8.3498,0.7002,3.0138
8.3500,0.7599,3.2708
8.3502,0.7454,3.2054
8.3504,0.7791,3.3549
8.3506,0.7223,3.1087
8.3508,0.7257,3.1188
8.3510,0.7458,3.2084
8.3512,0.6731,2.8945
8.3514,0.7754,3.3358
8.3516,0.7242,3.1214
8.3518,0.6837,2.948
8.3520,0.5956,2.568
8.3522,0.5953,2.5646
8.3524,0.6195,2.6727
8.3526,0.6055,2.6073
8.3528,0.6694,2.8812
8.3530,0.7114,3.0632
8.3532,0.738,3.1764
8.3534,0.7363,3.1721
8.3536,0.677,2.915
8.3538,0.7246,3.12
8.3540,0.6777,2.9208
8.3542,0.6516,2.8043
8.3544,0.6236,2.6865
8.3546,0.6041,2.6035
8.3548,0.5849,2.5232
8.3550,0.5358,2.3106
8.3552,0.5108,2.2045
8.3554,0.4953,2.1358
8.3556,0.5743,2.4754
8.3558,0.59,2.5407
8.3560,0.6382,2.747
8.3562,0.6711,2.8871
8.3564,0.6529,2.8152
8.3566,0.5838,2.5174
8.3568,0.5779,2.4909
8.3570,0.6069,2.6111
8.3572,0.6691,2.8769
8.3574,0.6875,2.9591
8.3576,0.6531,2.8162
8.3578,0.5342,2.3044
8.3580,0.5008,2.1576
8.3582,0.6084,2.6234
8.3584,0.5553,2.3988
8.3586,0.4651,2.0055
8.3588,0.5043,2.1736
8.3590,0.5159,2.2289
8.3592,0.4511,1.9486
8.3594,0.448,1.9334
8.3596,0.4626,1.9993
8.3598,0.4507,1.9453
8.3600,0.4536,1.9586
8.3602,0.4595,1.984
8.3604,0.4621,1.9935
8.3606,0.4599,1.986
8.3608,0.4584,1.9775
8.3610,0.491,2.1162
8.3612,0.5493,2.3674
8.3614,0.5589,2.4109
8.3616,0.5717,2.4629
8.3618,0.5777,2.4898
8.3620,0.5508,2.3752
8.3622,0.5495,2.3684
8.3624,0.551,2.3735
8.3626,0.5551,2.3938
8.3628,0.5585,2.406
8.3630,0.5734,2.4689
8.3632,0.6265,2.6964
8.3634,0.6822,2.9378
8.3636,0.6725,2.8906
8.3638,0.7183,3.0874
8.3640,0.6978,3.0049
8.3642,0.6222,2.6828
8.3644,0.5456,2.3514
8.3646,0.5534,2.3849
8.3648,0.5427,2.3411
8.3650,0.5366,2.3158
8.3652,0.5611,2.4174
8.3654,0.564,2.4309
8.3656,0.5339,2.3012
8.3658,0.5348,2.3059
8.3660,0.5295,2.2832
8.3662,0.527,2.2723
8.3664,0.5292,2.2832
8.3666,0.5334,2.2992
8.3668,0.5342,2.3023
8.3670,0.5295,2.2832
8.3672,0.5296,2.2826
8.3674,0.5545,2.389
8.3676,0.5822,2.5037
8.3678,0.6215,2.6772
8.3680,0.5924,2.5522
8.3682,0.6022,2.5929
8.3684,0.584,2.5161
8.3686,0.5694,2.4553
8.3688,0.5508,2.3774
8.3690,0.4729,2.0382
8.3692,0.518,2.2315
8.3694,0.5604,2.4154
8.3696,0.5169,2.2278
8.3698,0.5194,2.2397
8.3700,0.54,2.3308
8.3702,0.5125,2.2067
8.3704,0.558,2.4062
8.3706,0.5195,2.2382
8.3708,0.5754,2.4754
8.3710,0.63,2.7139
8.3712,0.5496,2.37
8.3714,0.5197,2.2366
8.3716,0.6984,3.0019
8.3718,0.7709,3.3116
8.3720,0.7125,3.065
8.3722,0.598,2.5796
8.3724,0.497,2.1421
8.3726,0.4886,2.1059
8.3728,0.535,2.3037
8.3730,0.5741,2.4743
8.3732,0.5692,2.4475
8.3734,0.6337,2.7274
8.3736,0.6121,2.6357
8.3738,0.6285,2.7102
8.3740,0.5423,2.3352
8.3742,0.5237,2.2583
8.3744,0.4837,2.0847
8.3746,0.5623,2.4214
8.3748,0.6043,2.6034
8.3750,0.5821,2.5078
8.3752,0.589,2.5361
8.3754,0.6097,2.6205
8.3756,0.6574,2.8269
8.3758,0.6167,2.6529
8.3760,0.5954,2.5592
8.3762,0.6899,2.9639
8.3764,0.777,3.3394
8.3766,0.6933,2.9811
8.3768,0.6607,2.8409
8.3770,0.7246,3.1084
8.3772,0.7837,3.362
8.3774,0.834,3.5764
8.3776,0.8316,3.5661
8.3778,0.8828,3.7821
8.3780,0.9548,4.0884
8.3782,1.0134,4.3354
8.3784,1.0858,4.6496
8.3786,1.0442,4.4651
8.3788,1.015,4.3461
8.3790,0.977,4.1873
8.3792,0.9795,4.1942
8.3794,0.9909,4.2429
8.3796,0.9729,4.1679
8.3798,0.9779,4.1836
8.3800,1.071,4.5816
8.3802,1.0908,4.6619
8.3804,1.123,4.7997
8.3806,1.112,4.757
8.3808,1.0107,4.3317
8.3810,0.9723,4.1672
8.3812,0.9633,4.1287
8.3814,0.9541,4.0948
8.3816,0.9032,3.8785
8.3818,0.8924,3.8285
8.3820,0.8996,3.8594
8.3822,0.8828,3.7874
8.3824,0.928,3.9832
8.3826,0.9192,3.9524
8.3828,0.7649,3.2874
8.3830,0.7646,3.2879
8.3832,0.7688,3.3074
8.3834,0.7325,3.1526
8.3836,0.6733,2.895
8.3838,0.7745,3.3224
8.3840,0.9114,3.9062
8.3842,0.9481,4.0691
8.3844,0.8668,3.7254
8.3846,0.7867,3.3874
8.3848,0.7006,3.0167
8.3850,0.6376,2.7457
8.3852,0.6411,2.7607
8.3854,0.6614,2.8479
8.3856,0.6611,2.8442
8.3858,0.6622,2.8502
8.3860,0.6705,2.8872
8.3862,0.7018,3.0205
8.3864,0.6986,3.0052
8.3866,0.6815,2.9333
8.3868,0.7261,3.1224
8.3870,0.7417,3.1894
8.3872,0.7408,3.1853
8.3874,0.6962,2.9976
8.3876,0.6852,2.9465
8.3878,0.7712,3.3147
8.3880,0.7464,3.2095
8.3882,0.7379,3.1744
8.3884,0.7369,3.1717
8.3886,0.694,2.9897
8.3888,0.6346,2.7277
8.3890,0.6849,2.9505
8.3892,0.601,2.5889
8.3894,0.6239,2.6913
8.3896,0.6042,2.6028
8.3898,0.648,2.7888
8.3900,0.6179,2.663
8.3902,0.5906,2.5445
8.3904,0.6245,2.6839
8.3906,0.7535,3.2384
8.3908,0.7243,3.1204
8.3910,0.6195,2.6702
8.3912,0.5773,2.486
8.3914,0.6161,2.654
8.3916,0.6362,2.7382
8.3918,0.6319,2.7209
8.3920,0.594,2.5637
8.3922,0.5267,2.2734
8.3924,0.4933,2.129
8.3926,0.5085,2.1917
8.3928,0.5959,2.566
8.3930,0.6242,2.6891
8.3932,0.6257,2.6941
8.3934,0.6331,2.7286
8.3936,0.5537,2.3865
8.3938,0.6276,2.696
8.3940,0.7797,3.3559
8.3942,0.6905,2.9734
8.3944,0.6567,2.8265
8.3946,0.6864,2.9503
8.3948,0.7477,3.2137
8.3950,0.7265,3.1254
8.3952,0.7417,3.1879
8.3954,0.7601,3.2652
8.3956,0.7831,3.361
8.3958,0.79,3.3956
8.3960,0.8282,3.5562
8.3962,0.8277,3.5591
8.3964,0.7393,3.1791
8.3966,0.7048,3.0334
8.3968,0.698,2.9998
8.3970,0.7489,3.2188
8.3972,0.8169,3.5061
8.3974,0.8307,3.5736
8.3976,0.686,2.9551
8.3978,0.6887,2.9601
8.3980,0.7399,3.1817
8.3982,0.7619,3.2714
8.3984,0.8013,3.4424
8.3986,0.7936,3.4142
8.3988,0.7524,3.2338
8.3990,0.7767,3.3384
8.3992,0.7668,3.2956
8.3994,0.8,3.4416
8.3996,0.782,3.3626
8.3998,0.7957,3.4182
8.4000,0.7969,3.4313
8.4002,0.6313,2.7234
8.4004,0.62,2.6623
8.4006,0.8797,3.774
8.4008,0.9177,3.9389
8.4010,0.7966,3.4287
8.4012,0.6814,2.9328
8.4014,0.696,2.9985
8.4016,0.6723,2.8922
8.4018,0.6627,2.8562
8.4020,0.5788,2.4968
8.4022,0.5637,2.4316
8.4024,0.5502,2.3715
8.4026,0.5477,2.3628
8.4028,0.5492,2.3669
8.4030,0.6096,2.6285
8.4032,0.5534,2.3849
8.4034,0.5421,2.3374
8.4036,0.5308,2.2888
8.4038,0.5966,2.5691
8.4040,0.6651,2.8626
8.4042,0.6263,2.6991
8.4044,0.6077,2.6166
8.4046,0.6728,2.8916
8.4048,0.7078,3.0421
8.4050,0.7547,3.2436
8.4052,0.7357,3.1666
8.4054,0.6856,2.9508
8.4056,0.6869,2.9565
8.4058,0.7105,3.0568
8.4060,0.7115,3.0552
8.4062,0.7532,3.2419
8.4064,0.6916,2.9766
8.4066,0.6581,2.834
8.4068,0.5975,2.5775
8.4070,0.5199,2.2408
8.4072,0.6181,2.6665
8.4074,0.5251,2.2651
8.4076,0.4932,2.1275
8.4078,0.4863,2.099
8.4080,0.4867,2.1015
8.4082,0.4888,2.1108
8.4084,0.5223,2.2532
8.4086,0.5007,2.1621
8.4088,0.4839,2.0896
8.4090,0.4882,2.1063
8.4092,0.5004,2.1575
8.4094,0.5472,2.3575
8.4096,0.6098,2.6271
8.4098,0.6176,2.6595
8.4100,0.5783,2.4913
8.4102,0.5975,2.5715
8.4104,0.6625,2.8499
8.4106,0.7301,3.1379
8.4108,0.7923,3.407
8.4110,0.7349,3.1571
8.4112,0.7589,3.2616
8.4114,0.7855,3.3744
8.4116,0.8139,3.4933
8.4118,0.88,3.7715
8.4120,0.9279,3.979
8.4122,0.9535,4.0866
8.4124,0.9989,4.2853
8.4126,0.9789,4.1955
8.4128,1.0038,4.3044
8.4130,0.9653,4.1374
8.4132,0.9426,4.0417
8.4134,0.9699,4.155
8.4136,1.0147,4.3532
8.4138,0.9832,4.216
8.4140,0.9409,4.0382
8.4142,0.9212,3.9483
8.4144,1.0143,4.343
8.4146,1.0374,4.4421
8.4148,1.026,4.3913
8.4150,1.0707,4.5892
8.4152,1.0243,4.3903
8.4154,0.975,4.183
8.4156,0.9466,4.061
8.4158,0.9946,4.2588
8.4160,1.029,4.4144
8.4162,0.9122,3.9171
8.4164,0.8603,3.6941
8.4166,0.8595,3.694
8.4168,0.7707,3.3142
8.4170,0.7698,3.3039
8.4172,0.9393,4.0259
8.4174,0.9985,4.2778
8.4176,0.9719,4.1754
8.4178,0.7887,3.3931
8.4180,0.7791,3.3502
8.4182,0.8304,3.5693
8.4184,0.8626,3.7108
8.4186,0.7575,3.259
8.4188,0.7646,3.2894
8.4190,0.7189,3.0943
8.4192,0.7326,3.1502
8.4194,0.8147,3.5017
8.4196,0.7939,3.4184
8.4198,0.7035,3.0263
8.4200,0.7187,3.0918
8.4202,0.7526,3.2378
8.4204,0.7857,3.3739
8.4206,0.8446,3.6267
8.4208,0.846,3.6362
8.4210,0.7884,3.3947
8.4212,0.7102,3.0609
8.4214,0.6501,2.802
8.4216,0.6373,2.7454
8.4218,0.6265,2.7039
8.4220,0.5517,2.3799
8.4222,0.5838,2.5197
8.4224,0.5565,2.3995
8.4226,0.5498,2.3705
8.4228,0.567,2.4461
8.4230,0.548,2.3628
8.4232,0.6081,2.6235
8.4234,0.6029,2.5984
8.4236,0.6114,2.6363
8.4238,0.6049,2.6035
8.4240,0.753,3.2379
8.4242,0.7517,3.2382
8.4244,0.5604,2.4177
8.4246,0.4929,2.1245
8.4248,0.5519,2.3843
8.4250,0.4945,2.1371
8.4252,0.4944,2.1327
8.4254,0.5221,2.2511
8.4256,0.5105,2.2035
8.4258,0.4897,2.1135
8.4260,0.4914,2.1227
8.4262,0.4197,1.8121
8.4264,0.453,1.9533
8.4266,0.5045,2.1786
8.4268,0.461,1.9926
8.4270,0.4826,2.081
8.4272,0.5806,2.4999
8.4274,0.6747,2.9039
8.4276,0.6767,2.9167
8.4278,0.582,2.5073
8.4280,0.5595,2.4113
8.4282,0.5653,2.4389
8.4284,0.565,2.4373
8.4286,0.5658,2.4398
8.4288,0.5882,2.533
8.4290,0.6622,2.8502
8.4292,0.6796,2.9237
8.4294,0.7332,3.1528
8.4296,0.7826,3.3683
8.4298,0.6661,2.872
8.4300,0.5477,2.3639
8.4302,0.5434,2.3464
8.4304,0.5729,2.4646
8.4306,0.6797,2.9283
8.4308,0.5647,2.4363
8.4310,0.5438,2.3458
8.4312,0.5601,2.4128
8.4314,0.5601,2.4139
8.4316,0.5513,2.3751
8.4318,0.5989,2.5789
8.4320,0.6373,2.7429
8.4322,0.6698,2.8841
8.4324,0.6286,2.7082
8.4326,0.564,2.4276
8.4328,0.6081,2.6199
8.4330,0.5368,2.3147
8.4332,0.5102,2.1989
8.4334,0.6175,2.6602
8.4336,0.6284,2.7097
8.4338,0.5579,2.4012
8.4340,0.594,2.5578
8.4342,0.6386,2.7434
8.4344,0.7842,3.3672
8.4346,0.8333,3.5783
8.4348,0.794,3.4174
8.4350,0.6502,2.8025
8.4352,0.601,2.5901
8.4354,0.6047,2.6049
8.4356,0.6249,2.6885
8.4358,0.652,2.805
8.4360,0.6775,2.9171
8.4362,0.6278,2.7046
8.4364,0.5838,2.5162
8.4366,0.6145,2.6448
8.4368,0.6476,2.7898
8.4370,0.5992,2.5812
8.4372,0.6258,2.6971
8.4374,0.5984,2.5757
8.4376,0.6403,2.7532
8.4378,0.6917,2.9772
8.4380,0.698,3.0012
8.4382,0.6763,2.9119
8.4384,0.6234,2.6842
8.4386,0.6128,2.6388
8.4388,0.6247,2.6899
8.4390,0.6049,2.6059
8.4392,0.639,2.7463
8.4394,0.7237,3.1106
8.4396,0.6634,2.858
8.4398,0.5922,2.5512
8.4400,0.5845,2.517
8.4402,0.6043,2.6034
8.4404,0.5767,2.4869
8.4406,0.5273,2.2749
8.4408,0.4874,2.1027
8.4410,0.4772,2.0596
8.4412,0.488,2.1052
8.4414,0.4982,2.1482
8.4416,0.4928,2.124
8.4418,0.4906,2.1176
8.4420,0.4887,2.1103
8.4422,0.4935,2.1281
8.4424,0.4995,2.1529
8.4426,0.5019,2.1642
8.4428,0.5489,2.3614
8.4430,0.6352,2.7328
8.4432,0.7033,3.023
8.4434,0.7215,3.1023
8.4436,0.6833,2.941
8.4438,0.6995,3.0065
8.4440,0.7655,3.2884
8.4442,0.7736,3.3203
8.4444,0.7934,3.4021
8.4446,0.8361,3.5901
8.4448,0.8288,3.5554
8.4450,0.855,3.6766
8.4452,0.7349,3.1571
8.4454,0.8035,3.4437
8.4456,0.9038,3.8774
8.4458,0.9032,3.873
8.4460,0.9709,4.1552
8.4462,1.0073,4.3113
8.4464,1.0163,4.3497
8.4466,1.0061,4.3162
8.4468,0.97,4.1594
8.4470,0.9868,4.2274
8.4472,0.9578,4.1051
8.4474,0.9266,3.977
8.4476,0.9155,3.9255
8.4478,0.8984,3.8561
8.4480,0.8403,3.6115
8.4482,0.8191,3.5203
8.4484,0.789,3.3909
8.4486,0.82,3.5211
8.4488,0.8195,3.5207
8.4490,0.8397,3.6056
8.4492,0.8453,3.623
8.4494,0.8886,3.8139
8.4496,0.8957,3.846
8.4498,0.883,3.7897
8.4500,0.8854,3.8
8.4502,0.8709,3.7464
8.4504,0.7695,3.3059
8.4506,0.7729,3.3203
8.4508,0.7566,3.2548
8.4510,0.7203,3.1
8.4512,0.6912,2.9765
8.4514,0.6673,2.8705
8.4516,0.7165,3.084
8.4518,0.7318,3.1495
8.4520,0.7152,3.0769
8.4522,0.7123,3.0645
8.4524,0.7251,3.1192
8.4526,0.6801,2.9271
8.4528,0.6731,2.8972
8.4530,0.7101,3.0575
8.4532,0.6075,2.6197
8.4534,0.6125,2.6397
8.4536,0.6307,2.7145
8.4538,0.6653,2.8596
8.4540,0.7213,3.1032
8.4542,0.7254,3.1222
8.4544,0.676,2.9109
8.4546,0.7167,3.0802
8.4548,0.7816,3.3626
8.4550,0.8072,3.4644
8.4552,0.8314,3.5767
8.4554,0.7398,3.1826
8.4556,0.7274,3.1266
8.4558,0.7453,3.2063
8.4560,0.6971,3.0018
8.4562,0.6814,2.9341
8.4564,0.7098,3.0522
8.4566,0.7251,3.1206
8.4568,0.7302,3.1428
8.4570,0.7445,3.1998
8.4572,0.8451,3.6203
8.4574,0.9601,4.1187
8.4576,0.9071,3.9004
8.4578,0.7601,3.2744
8.4580,0.6556,2.8218
8.4582,0.7014,3.0204
8.4584,0.6755,2.9115
8.4586,0.6265,2.6989
8.4588,0.6586,2.8347
8.4590,0.6381,2.7465
8.4592,0.714,3.0731
8.4594,0.7386,3.1804
8.4596,0.729,3.1362
8.4598,0.7266,3.1273
8.4600,0.7243,3.119
8.4602,0.6603,2.8459
8.4604,0.6685,2.8717
8.4606,0.796,3.4277
8.4608,0.6639,2.8614
8.4610,0.6322,2.7237
8.4612,0.6381,2.7503
8.4614,0.6346,2.7328
8.4616,0.6386,2.7498
8.4618,0.6554,2.8208
8.4620,0.7073,3.0414
8.4622,0.7745,3.3286
8.4624,0.7543,3.242
8.4626,0.7608,3.2744
8.4628,0.6662,2.8712
8.4630,0.6263,2.6979
8.4632,0.6289,2.7105
8.4634,0.617,2.6581
8.4636,0.6156,2.647
8.4638,0.679,2.9211
8.4640,0.6759,2.9117
8.4642,0.6251,2.6927
8.4644,0.6245,2.6901
8.4646,0.6169,2.6601
8.4648,0.6063,2.6121
8.4650,0.6079,2.6176
8.4652,0.6137,2.6424
8.4654,0.6129,2.643
8.4656,0.6121,2.6382
8.4658,0.609,2.6223
8.4660,0.6116,2.6336
8.4662,0.6092,2.627
8.4664,0.6056,2.609
8.4666,0.6673,2.8732
8.4668,0.6433,2.7725
8.4670,0.5728,2.4664
8.4672,0.6528,2.8068
8.4674,0.7507,3.2266
8.4676,0.7119,3.0653
8.4678,0.6691,2.8796
8.4680,0.693,2.9842
8.4682,0.7361,3.1666
8.4684,0.6716,2.8891
8.4686,0.6282,2.7087
8.4688,0.5965,2.571
8.4690,0.5932,2.5541
8.4692,0.6589,2.8384
8.4694,0.6476,2.7937
8.4696,0.5981,2.5777
8.4698,0.6284,2.7059
8.4700,0.6188,2.6671
8.4702,0.5903,2.5477
8.4704,0.6276,2.6973
8.4706,0.6914,2.9784
8.4708,0.5604,2.4154
8.4710,0.5845,2.5193
8.4712,0.5701,2.455
8.4714,0.5874,2.5294
8.4716,0.6079,2.6189
8.4718,0.5772,2.4912
8.4720,0.5165,2.2263
8.4722,0.5838,2.5139
8.4724,0.599,2.577
8.4726,0.628,2.7056
8.4728,0.5662,2.4448
8.4730,0.5117,2.2077
8.4732,0.5163,2.2273
8.4734,0.5352,2.308
8.4736,0.5882,2.5306
8.4738,0.7307,3.139
8.4740,0.7715,3.3126
8.4742,0.7875,3.3911
8.4744,0.6309,2.7243
8.4746,0.5751,2.4785
8.4748,0.5848,2.5192
8.4750,0.5743,2.4742
8.4752,0.6062,2.6104
8.4754,0.6155,2.6502
8.4756,0.6215,2.6735
8.4758,0.6283,2.7029
8.4760,0.6482,2.7885
8.4762,0.6934,2.9899
8.4764,0.5953,2.5622
8.4766,0.6483,2.7942
8.4768,0.5833,2.5118
8.4770,0.6873,2.9526
8.4772,0.8242,3.5392
8.4774,0.7397,3.1821
8.4776,0.6928,2.9818
8.4778,0.714,3.0674
8.4780,0.7573,3.2549
8.4782,0.8192,3.5175
8.4784,0.8406,3.6013
8.4786,0.9915,4.2455
8.4788,0.9831,4.2135
8.4790,0.9015,3.864
8.4792,0.9047,3.8846
8.4794,0.8465,3.6383
8.4796,0.8465,3.6349
8.4798,0.8995,3.8589
8.4800,0.9337,3.998
8.4802,0.9996,4.2824
8.4804,1.0294,4.4057
8.4806,1.0774,4.6072
8.4808,1.0888,4.6689
8.4810,0.921,3.9583
8.4812,0.8538,3.6697
8.4814,0.7994,3.4326
8.4816,0.8229,3.5384
8.4818,0.834,3.5814
8.4820,0.8495,3.6444
8.4822,0.8703,3.7334
8.4824,0.9055,3.8864
8.4826,0.9204,3.9502
8.4828,0.908,3.8991
8.4830,0.8554,3.6764
8.4832,0.8304,3.5693
8.4834,0.8168,3.5089
8.4836,0.8156,3.5021
8.4838,0.8478,3.644
8.4840,0.8,3.4416
8.4842,0.8026,3.4513
8.4844,0.764,3.2853
8.4846,0.773,3.3224
8.4848,0.8448,3.6294
8.4850,0.8152,3.5005
8.4852,0.8283,3.56
8.4854,0.7602,3.2703
8.4856,0.7452,3.2043
8.4858,0.7506,3.232
8.4860,0.7071,3.0446
8.4862,0.6741,2.904
8.4864,0.655,2.8232
8.4866,0.6346,2.7379
8.4868,0.5953,2.5646
8.4870,0.6138,2.6417
8.4872,0.6691,2.8823
8.4874,0.6282,2.7099
8.4876,0.5852,2.5224
8.4878,0.5971,2.576
8.4880,0.5324,2.2977
8.4882,0.5586,2.4088
8.4884,0.5739,2.4699
8.4886,0.6205,2.6743
8.4888,0.5933,2.5594
8.4890,0.571,2.462
8.4892,0.6019,2.593
8.4894,0.5734,2.4747
8.4896,0.5276,2.2738
8.4898,0.5797,2.4975
8.4900,0.5697,2.4575
8.4902,0.5048,2.1777
8.4904,0.5542,2.3852
8.4906,0.6751,2.9122
8.4908,0.5602,2.4189
8.4910,0.4863,2.099
8.4912,0.4896,2.112
8.4914,0.5179,2.234
8.4916,0.4908,2.1191
8.4918,0.4176,1.8041
8.4920,0.4044,1.7471
8.4922,0.4385,1.8925
8.4924,0.5267,2.2723
8.4926,0.5707,2.461
8.4928,0.5524,2.3819
8.4930,0.5212,2.2506
8.4932,0.4716,2.0353
8.4934,0.4769,2.0571
8.4936,0.5436,2.3409
8.4938,0.6137,2.6437
8.4940,0.6014,2.5922
8.4942,0.6508,2.8038
8.4944,0.6652,2.8631
8.4946,0.6619,2.85
8.4948,0.6384,2.7501
8.4950,0.6459,2.7787
8.4952,0.6951,2.993
8.4954,0.6271,2.699
8.4956,0.665,2.8621
8.4958,0.6906,2.9753
8.4960,0.6933,2.9797
8.4962,0.7446,3.1958
8.4964,0.8114,3.4873
8.4966,0.7346,3.159
8.4968,0.6948,2.9878
8.4970,0.6963,2.994
8.4972,0.7414,3.1908
8.4974,0.7301,3.1394
8.4976,0.6801,2.9271
8.4978,0.6191,2.6657
8.4980,0.6528,2.8081
8.4982,0.6525,2.8058
8.4984,0.6988,3.0076
8.4986,0.6505,2.7996
8.4988,0.6453,2.7761
8.4990,0.6775,2.9171
8.4992,0.637,2.7457
8.4994,0.5577,2.4047
8.4996,0.5385,2.3209
8.4998,0.5874,2.5329
8.5000,0.4996,2.1514
8.5002,0.6354,2.7371
8.5004,0.6356,2.7382
8.5006,0.614,2.6427
8.5008,0.6243,2.6909
8.5010,0.6248,2.6904
8.5012,0.6158,2.653
8.5014,0.5842,2.5143
8.5016,0.5902,2.5424
8.5018,0.5556,2.3992
8.5020,0.4952,2.1363
8.5022,0.4984,2.1502
8.5024,0.4763,2.0555
8.5026,0.4653,2.0084
8.5028,0.4731,2.0402
8.5030,0.4651,2.0065
8.5032,0.5073,2.1865
8.5034,0.5571,2.401
8.5036,0.5848,2.5203
8.5038,0.5412,2.3295
8.5040,0.6322,2.7174
8.5042,0.6507,2.8046
8.5044,0.5862,2.5254
8.5046,0.6295,2.7055
8.5048,0.6602,2.8414
8.5050,0.6321,2.7194
8.5052,0.6146,2.6478
8.5054,0.6438,2.7733
8.5056,0.5975,2.5739
8.5058,0.5561,2.3979
8.5060,0.4963,2.1409
8.5062,0.4861,2.097
8.5064,0.4836,2.0851
8.5066,0.4863,2.0961
8.5068,0.4856,2.0939
8.5070,0.5426,2.3406
8.5072,0.4998,2.1569
8.5074,0.486,2.0955
8.5076,0.4833,2.0841
8.5078,0.4818,2.0755
8.5080,0.5227,2.2547
8.5082,0.4833,2.0831
8.5084,0.482,2.0784
8.5086,0.4832,2.0846
8.5088,0.4875,2.1032
8.5090,0.4956,2.1359
8.5092,0.5252,2.2624
8.5094,0.5615,2.4201
8.5096,0.5757,2.4765
8.5098,0.627,2.696
8.5100,0.6663,2.8651
8.5102,0.7403,3.1817
8.5104,0.7447,3.1933
8.5106,0.8098,3.4806
8.5108,0.7873,3.3759
8.5110,0.8813,3.7825
8.5112,0.8261,3.5441
8.5114,0.8993,3.8507
8.5116,0.9959,4.2605
8.5118,0.9951,4.2609
8.5120,1.0035,4.2988
8.5122,0.9736,4.1709
8.5124,0.9849,4.2192
8.5126,0.9942,4.2613
8.5128,0.9777,4.1904
8.5130,0.9572,4.1025
8.5132,0.9924,4.2516
8.5134,1.0173,4.3579
8.5136,0.8924,3.8339
8.5138,0.8397,3.6073
8.5140,0.894,3.8334
8.5142,0.9032,3.8748
8.5144,0.8679,3.7266
8.5146,0.8457,3.6296
8.5148,0.8987,3.8535
8.5150,0.9387,4.0233
8.5152,0.9402,4.0276
8.5154,1.0614,4.5363
8.5156,1.0894,4.6737
8.5158,0.9236,3.9623
8.5160,0.874,3.7493
8.5162,0.8977,3.8476
8.5164,0.9316,4.0023
8.5166,0.8488,3.6515
8.5168,0.7912,3.4023
8.5170,0.8132,3.4918
8.5172,0.8301,3.571
8.5174,0.7718,3.3203
8.5176,0.701,3.0141
8.5178,0.7249,3.1143
8.5180,0.7689,3.3033
8.5182,0.8153,3.5043
8.5184,0.7664,3.2987
8.5186,0.7463,3.2075
8.5188,0.7641,3.2843
8.5190,0.7255,3.1227
8.5192,0.7188,3.0923
8.5194,0.7422,3.1914
8.5196,0.7452,3.2043
8.5198,0.7548,3.2471
8.5200,0.7566,3.2563
8.5202,0.7334,3.1523
8.5204,0.7171,3.0851
8.5206,0.6758,2.9085
8.5208,0.6535,2.8165
8.5210,0.5999,2.5855
8.5212,0.5887,2.5397
8.5214,0.591,2.5472
8.5216,0.574,2.4738
8.5218,0.59,2.5395
8.5220,0.647,2.7873
8.5222,0.5996,2.5844
8.5224,0.602,2.596
8.5226,0.5941,2.5595
8.5228,0.6121,2.6369
8.5230,0.6105,2.6327
8.5232,0.589,2.5337
8.5234,0.7248,3.1181
8.5236,0.7199,3.1013
8.5238,0.6185,2.6631
8.5240,0.5924,2.5546
8.5242,0.5662,2.4414
8.5244,0.5177,2.2356
8.5246,0.4776,2.0612
8.5248,0.496,2.1389
8.5250,0.5349,2.3075
8.5252,0.5302,2.2884
8.5254,0.5248,2.264
8.5256,0.5253,2.264
8.5258,0.5269,2.2697
8.5260,0.5272,2.2733
8.5262,0.5278,2.277
8.5264,0.5604,2.4132
8.5266,0.6375,2.7452
8.5268,0.6342,2.732
8.5270,0.6319,2.7222
8.5272,0.631,2.716
8.5274,0.6351,2.7323
8.5276,0.6301,2.7132
8.5278,0.6416,2.764
8.5280,0.6435,2.7671
8.5282,0.7233,3.1114
8.5284,0.7228,3.1094
8.5286,0.7227,3.1089
8.5288,0.7327,3.1536
8.5290,0.6596,2.8375
8.5292,0.6206,2.6724
8.5294,0.6235,2.6848
8.5296,0.624,2.6906
8.5298,0.6193,2.6655
8.5300,0.6748,2.9017
8.5302,0.7091,3.0506
8.5304,0.6848,2.9486
8.5306,0.6144,2.6443
8.5308,0.6392,2.7537
8.5310,0.6277,2.7028
8.5312,0.6171,2.6574
8.5314,0.6099,2.6276
8.5316,0.6153,2.6509
8.5318,0.6188,2.6659
8.5320,0.645,2.7759
8.5322,0.6328,2.7187
8.5324,0.7851,3.3697
8.5326,0.7637,3.2868
8.5328,0.6722,2.8971
8.5330,0.6059,2.6089
8.5332,0.6617,2.8495
8.5334,0.6043,2.6022
8.5336,0.6742,2.8991
8.5338,0.6971,2.9976
8.5340,0.7273,3.1275
8.5342,0.7442,3.1987
8.5344,0.7655,3.2899
8.5346,0.767,3.2982
8.5348,0.7661,3.294
8.5350,0.7698,3.3085
8.5352,0.7223,3.1073
8.5354,0.6957,2.9914
8.5356,0.7042,3.0266
8.5358,0.6899,2.9694
8.5360,0.6673,2.8759
8.5362,0.6117,2.6305
8.5364,0.6529,2.8126
8.5366,0.6097,2.6254
8.5368,0.6581,2.83
8.5370,0.7445,3.1968
8.5372,0.7603,3.2647
8.5374,0.7573,3.2549
8.5376,0.8122,3.4893
8.5378,0.7989,3.4417
8.5380,0.6573,2.829
8.5382,0.6994,3.0088
8.5384,0.7224,3.1078
8.5386,0.6885,2.9605
8.5388,0.7225,3.1069
8.5390,0.7169,3.0841
8.5392,0.6748,2.9017
8.5394,0.7504,3.2295
8.5396,0.6951,2.993
8.5398,0.6935,2.9807
8.5400,0.7435,3.1971
8.5402,0.728,3.1379
8.5404,0.5616,2.424
8.5406,0.4959,2.1394
8.5408,0.4954,2.1363
8.5410,0.5328,2.2987
8.5412,0.4863,2.097
8.5414,0.4836,2.0851
8.5416,0.4857,2.0964
8.5418,0.4856,2.0968
8.5420,0.4905,2.1141
8.5422,0.5249,2.2614
8.5424,0.5707,2.4599
8.5426,0.6023,2.5934
8.5428,0.6354,2.7359
8.5430,0.6704,2.8799
8.5432,0.7712,3.3162
8.5434,0.7837,3.3667
8.5436,0.7676,3.2992
8.5438,0.7482,3.2112
8.5440,0.7928,3.4043
8.5442,0.8151,3.5
8.5444,0.9241,3.9606
8.5446,0.9852,4.2208
8.5448,0.9762,4.1842
8.5450,0.9717,4.1647
8.5452,0.9586,4.1087
8.5454,0.9762,4.1803
8.5456,0.9626,4.1237
8.5458,0.9515,4.0802
8.5460,0.952,4.0842
8.5462,0.9557,4.0944
8.5464,0.9862,4.2268
8.5466,0.987,4.2285
8.5468,1.0503,4.4913
8.5470,1.1069,4.7421
8.5472,0.9888,4.2441
8.5474,1.0227,4.379
8.5476,1.0945,4.6843
8.5478,0.9912,4.2603
8.5480,0.8605,3.6917
8.5482,0.9021,3.872
8.5484,0.8876,3.8204
8.5486,0.7261,3.1296
8.5488,0.6205,2.6743
8.5490,0.6553,2.8255
8.5492,0.6279,2.7051
8.5494,0.6313,2.7208
8.5496,0.6411,2.7581
8.5498,0.7581,3.2615
8.5500,0.7297,3.1364
8.5502,0.7536,3.2434
8.5504,0.6916,2.9808
8.5506,0.6579,2.8329
8.5508,0.6845,2.9489
8.5510,0.5908,2.5474
8.5512,0.5649,2.4368
8.5514,0.5917,2.5503
8.5516,0.6083,2.6204
8.5518,0.5927,2.5556
8.5520,0.553,2.3856
8.5522,0.5947,2.5644
8.5524,0.6505,2.8009
8.5526,0.5971,2.5748
8.5528,0.5626,2.4225
8.5530,0.6159,2.6572
8.5532,0.5452,2.3498
8.5534,0.573,2.4685
8.5536,0.5936,2.5562
8.5538,0.6868,2.9532
8.5540,0.7376,3.1704
8.5542,0.7307,3.1463
8.5544,0.7135,3.0668
8.5546,0.7572,3.2544
8.5548,0.7592,3.2662
8.5550,0.7193,3.0987
8.5552,0.6398,2.755
8.5554,0.6627,2.8576
8.5556,0.6264,2.6972
8.5558,0.6043,2.6082
8.5560,0.5312,2.2883
8.5562,0.6332,2.7253
8.5564,0.7017,3.02
8.5566,0.6321,2.7257
8.5568,0.5719,2.4662
8.5570,0.5517,2.3777
8.5572,0.6004,2.5863
8.5574,0.6078,2.6208
8.5576,0.6161,2.6503
8.5578,0.6679,2.8758
8.5580,0.5882,2.5341
8.5582,0.6327,2.7233
8.5584,0.651,2.8069
8.5586,0.5349,2.3096
8.5588,0.4667,2.0141
8.5590,0.4621,1.9954
8.5592,0.492,2.1213
8.5594,0.5656,2.4365
8.5596,0.6577,2.824
8.5598,0.7412,3.1888
8.5600,0.6409,2.7648
8.5602,0.5797,2.4986
8.5604,0.5947,2.5644
8.5606,0.5647,2.4352
8.5608,0.5554,2.3937
8.5610,0.5718,2.4645
8.5612,0.6466,2.7792
8.5614,0.7139,3.0655
8.5616,0.7555,3.2487
8.5618,0.7298,3.1398
8.5620,0.6658,2.8697
8.5622,0.5873,2.5335
8.5624,0.5477,2.3628
8.5626,0.5866,2.5257
8.5628,0.5972,2.5729
8.5630,0.6102,2.6287
8.5632,0.6062,2.6116
8.5634,0.5752,2.4801
8.5636,0.5493,2.3685
8.5638,0.5415,2.3359
8.5640,0.5368,2.3147
8.5642,0.54,2.3276
8.5644,0.5346,2.3033
8.5646,0.5261,2.2708
8.5648,0.5257,2.2666
8.5650,0.5168,2.2273
8.5652,0.5101,2.2004
8.5654,0.5748,2.4786
8.5656,0.5652,2.4395
8.5658,0.4782,2.0628
8.5660,0.4638,2.0008
8.5662,0.465,2.0069
8.5664,0.4657,2.009
8.5666,0.4705,2.0269
8.5668,0.5248,2.2609
8.5670,0.5671,2.4432
8.5672,0.5959,2.5684
8.5674,0.5658,2.4364
8.5676,0.5674,2.4465
8.5678,0.5496,2.37
8.5680,0.5212,2.2464
8.5682,0.505,2.1736
8.5684,0.5956,2.5657
8.5686,0.5572,2.4026
8.5688,0.5265,2.2671
8.5690,0.6105,2.6278
8.5692,0.6273,2.705
8.5694,0.5504,2.372
8.5696,0.5692,2.4463
8.5698,0.6791,2.9203
8.5700,0.6764,2.9111
8.5702,0.5923,2.5493
8.5704,0.6318,2.7179
8.5706,0.6001,2.5889
8.5708,0.5091,2.1963
8.5710,0.5032,2.1709
8.5712,0.5017,2.1632
8.5714,0.505,2.1767
8.5716,0.4968,2.142
8.5718,0.4825,2.0805
8.5720,0.4794,2.068
8.5722,0.4896,2.109
8.5724,0.58,2.495
8.5726,0.6646,2.8592
8.5728,0.6439,2.7751
8.5730,0.5155,2.2227
8.5732,0.5258,2.265
8.5734,0.5561,2.3957
8.5736,0.5352,2.3026
8.5738,0.6056,2.6054
8.5740,0.5916,2.5462
8.5742,0.5981,2.5765
8.5744,0.6179,2.658
8.5746,0.6222,2.6754
8.5748,0.6535,2.8086
8.5750,0.659,2.831
8.5752,0.7186,3.0899
8.5754,0.7442,3.1972
8.5756,0.7617,3.2724
8.5758,0.7439,3.1942
8.5760,0.7322,3.153
8.5762,0.6737,2.8957
8.5764,0.7215,3.0994
8.5766,0.7592,3.2571
8.5768,0.8137,3.4922
8.5770,0.8512,3.6516
8.5772,0.8587,3.6857
8.5774,0.8601,3.6897
8.5776,0.8873,3.8047
8.5778,0.8982,3.8461
8.5780,0.9772,4.1864
8.5782,0.9356,4.01
8.5784,0.9134,3.9131
8.5786,0.9404,4.0249
8.5788,0.9894,4.2427
8.5790,0.9243,3.9709
8.5792,0.8013,3.4392
8.5794,0.8723,3.7404
8.5796,0.9258,3.9697
8.5798,0.9215,3.9512
8.5800,0.8729,3.7464
8.5802,0.8417,3.6126
8.5804,0.8963,3.8414
8.5806,0.936,4.0209
8.5808,0.8095,3.4758
8.5810,0.8146,3.498
8.5812,0.8277,3.5524
8.5814,0.8428,3.619
8.5816,0.8331,3.5756
8.5818,0.8252,3.5416
8.5820,0.8198,3.5217
8.5822,0.7772,3.3467
8.5824,0.6837,2.9398
8.5826,0.7282,3.134
8.5828,0.7138,3.0664
8.5830,0.7759,3.3317
8.5832,0.8044,3.4526
8.5834,0.8514,3.6594
8.5836,0.7397,3.1806
8.5838,0.7614,3.2679
8.5840,0.8398,3.6128
8.5842,0.768,3.3023
8.5844,0.7185,3.0922
8.5846,0.6277,2.7016
8.5848,0.6464,2.7847
8.5850,0.639,2.7526
8.5852,0.6653,2.8623
8.5854,0.7095,3.0521
8.5856,0.6966,2.9997
8.5858,0.6939,2.9851
8.5860,0.6903,2.971
8.5862,0.6815,2.9306
8.5864,0.7168,3.0821
8.5866,0.7369,3.1702
8.5868,0.7506,3.2275
8.5870,0.7332,3.1557
8.5872,0.6692,2.8815
8.5874,0.6661,2.8667
8.5876,0.6703,2.8848
8.5878,0.665,2.8634
8.5880,0.6586,2.8347
8.5882,0.6643,2.8616
8.5884,0.6687,2.8807
8.5886,0.6018,2.5913
8.5888,0.5795,2.4976
8.5890,0.5361,2.3127
8.5892,0.4988,2.1518
8.5894,0.496,2.1349
8.5896,0.7237,3.1135
8.5898,0.6948,2.9961
8.5900,0.5745,2.477
8.5902,0.5333,2.3008
8.5904,0.5643,2.4308
8.5906,0.6344,2.7343
8.5908,0.5585,2.4083
8.5910,0.5343,2.3049
8.5912,0.5319,2.2924
8.5914,0.5385,2.3198
8.5916,0.5555,2.3965
8.5918,0.5463,2.3566
8.5920,0.5247,2.2604
8.5922,0.6033,2.5956
8.5924,0.7122,3.0583
8.5926,0.8186,3.5117
8.5928,0.8149,3.5006
8.5930,0.7646,3.2879
8.5932,0.7105,3.0568
8.5934,0.7381,3.1724
8.5936,0.7538,3.2415
8.5938,0.7406,3.1833
8.5940,0.7394,3.1766
8.5942,0.7986,3.4322
8.5944,0.7731,3.3198
8.5946,0.8053,3.461
8.5948,0.8025,3.4476
8.5950,0.8201,3.52
8.5952,0.8662,3.7176
8.5954,0.8643,3.7146
8.5956,0.7682,3.2987
8.5958,0.7965,3.4186
8.5960,0.8385,3.5971
8.5962,0.8746,3.7572
8.5964,0.7874,3.3874
8.5966,0.7768,3.3389
8.5968,0.7905,3.3992
8.5970,0.7268,3.1269
8.5972,0.7224,3.1064
8.5974,0.7364,3.1667
8.5976,0.7542,3.243
8.5978,0.6723,2.8949
8.5980,0.6338,2.7304
8.5982,0.6457,2.7816
8.5984,0.6737,2.9038
8.5986,0.6038,2.6037
8.5988,0.5707,2.4576
8.5990,0.595,2.5643
8.5992,0.5674,2.4363
8.5994,0.7614,3.2709
8.5996,0.7444,3.2097
8.5998,0.6019,2.593
8.6000,0.6551,2.8184
8.6002,0.658,2.8321
8.6004,0.6444,2.7707
8.6006,0.6742,2.9005
8.6008,0.6542,2.8169
8.6010,0.626,2.6969
8.6012,0.6146,2.6502
8.6014,0.6156,2.6482
8.6016,0.7169,3.0827
8.6018,0.6768,2.9172
8.6020,0.6128,2.64
8.6022,0.6158,2.6542
8.6024,0.6024,2.5963
8.6026,0.634,2.7226
8.6028,0.8031,3.4534
8.6030,0.7411,3.1942
8.6032,0.6197,2.6695
8.6034,0.6355,2.7377
8.6036,0.5866,2.5269
8.6038,0.5758,2.4804
8.6040,0.5771,2.4861
8.6042,0.5764,2.4842
8.6044,0.5785,2.4923
8.6046,0.5917,2.5491
8.6048,0.5988,2.5796
8.6050,0.6061,2.6123
8.6052,0.5381,2.3204
8.6054,0.4878,2.1052
8.6056,0.4842,2.0906
8.6058,0.4791,2.067
8.6060,0.5203,2.2381
8.6062,0.6364,2.7367
8.6064,0.5815,2.5087
8.6066,0.4909,2.1177
8.6068,0.4874,2.1046
8.6070,0.5269,2.2697
8.6072,0.573,2.472
8.6074,0.5105,2.2035
8.6076,0.4873,2.1021
8.6078,0.4821,2.0799
8.6080,0.486,2.0965
8.6082,0.5031,2.1714
8.6084,0.492,2.1233
8.6086,0.5709,2.457
8.6088,0.7121,3.0549
8.6090,0.8003,3.4383
8.6092,0.7428,3.1955
8.6094,0.6987,3.0015
8.6096,0.7295,3.1383
8.6098,0.7138,3.0721
8.6100,0.7252,3.1139
8.6102,0.7885,3.3826
8.6104,0.8645,3.707
8.6106,0.923,3.9523
8.6108,0.978,4.1919
8.6110,0.9386,4.0285
8.6112,0.9179,3.9394
8.6114,0.9279,3.9771
8.6116,0.9579,4.1037
8.6118,0.9975,4.2732
8.6120,0.956,4.0935
8.6122,0.9556,4.0939
8.6124,0.9858,4.2233
8.6126,1.0361,4.4386
8.6128,1.0116,4.3318
8.6130,1.0888,4.658
8.6132,1.1249,4.8147
8.6134,1.1075,4.7403
8.6136,1.1169,4.7714
8.6138,1.1717,5.0125
8.6140,1.1003,4.7161
8.6142,1.0241,4.3872
8.6144,0.9981,4.2777
8.6146,0.9914,4.2529
8.6148,1.0072,4.3228
8.6150,0.8966,3.8555
8.6152,0.8081,3.4686
8.6154,0.8122,3.4877
8.6156,0.8262,3.5463
8.6158,0.8691,3.7282
8.6160,0.9712,4.1646
8.6162,0.968,4.1565
8.6164,0.8613,3.7
8.6166,0.8085,3.4733
8.6168,0.8369,3.5988
8.6170,0.8037,3.4559
8.6172,0.8215,3.5355
8.6174,0.7319,3.1544
8.6176,0.6754,2.9097
8.6178,0.6703,2.8848
8.6180,0.7036,3.0282
8.6182,0.7385,3.1799
8.6184,0.6864,2.9544
8.6186,0.6627,2.8536
8.6188,0.685,2.9524
8.6190,0.6583,2.8345
8.6192,0.6747,2.9052
8.6194,0.645,2.7772
8.6196,0.6516,2.8056
8.6198,0.6758,2.9112
8.6200,0.6568,2.8322
8.6202,0.5833,2.5176
8.6204,0.5054,2.1802
8.6206,0.5628,2.4258
8.6208,0.5875,2.5369
8.6210,0.5141,2.219
8.6212,0.4978,2.1477
8.6214,0.5441,2.3495
8.6216,0.5031,2.1704
8.6218,0.4896,2.1129
8.6220,0.4766,2.058
8.6222,0.4785,2.0663
8.6224,0.4898,2.113
8.6226,0.547,2.3597
8.6228,0.5911,2.5489
8.6230,0.5659,2.4449
8.6232,0.4472,1.9312
8.6234,0.4237,1.8314
8.6236,0.4215,1.8199
8.6238,0.4718,2.0373
8.6240,0.4655,2.0099
8.6242,0.4679,2.0193
8.6244,0.4705,2.0288
8.6246,0.5243,2.262
8.6248,0.4665,2.0136
8.6250,0.4748,2.0483
8.6252,0.5314,2.2914
8.6254,0.5523,2.3803
8.6256,0.5565,2.4017
8.6258,0.5472,2.3597
8.6260,0.5556,2.3948
8.6262,0.5528,2.3835
8.6264,0.5529,2.3829
8.6266,0.5607,2.4176
8.6268,0.5551,2.3905
8.6270,0.5597,2.4134
8.6272,0.5699,2.4551
8.6274,0.6249,2.6885
8.6276,0.6964,2.9945
8.6278,0.7343,3.1574
8.6280,0.721,3.1031
8.6282,0.6637,2.8577
8.6284,0.5704,2.4583
8.6286,0.5484,2.3648
8.6288,0.5511,2.3751
8.6290,0.6121,2.6333
8.6292,0.6469,2.7867
8.6294,0.5524,2.3808
8.6296,0.5529,2.3818
8.6298,0.5956,2.5668
8.6300,0.5405,2.3286
8.6302,0.5357,2.3079
8.6304,0.5375,2.3156
8.6306,0.5477,2.3585
8.6308,0.5922,2.5536
8.6310,0.5361,2.3105
8.6312,0.5312,2.2915
8.6314,0.5278,2.2749
8.6316,0.5446,2.3472
8.6318,0.571,2.4586
8.6320,0.545,2.352
8.6322,0.4902,2.1126
8.6324,0.535,2.3048
8.6326,0.5679,2.4463
8.6328,0.5969,2.5689
8.6330,0.6773,2.9112
8.6332,0.7313,3.1416
8.6334,0.7209,3.0968
8.6336,0.7167,3.0802
8.6338,0.7084,3.0475
8.6340,0.6777,2.9127
8.6342,0.733,3.1576
8.6344,0.6681,2.8742
8.6346,0.7366,3.1628
8.6348,0.773,3.324
8.6350,0.6939,2.9878
8.6352,0.5995,2.5791
8.6354,0.5993,2.5793
8.6356,0.7228,3.1036
8.6358,0.8354,3.5837
8.6360,0.8578,3.685
8.6362,0.8195,3.5256
8.6364,0.7819,3.3605
8.6366,0.7587,3.2641
8.6368,0.6629,2.8533
8.6370,0.6487,2.7919
8.6372,0.7235,3.111
8.6374,0.7422,3.1929
8.6376,0.7053,3.0312
8.6378,0.7254,3.1193
8.6380,0.7687,3.3008
8.6382,0.7911,3.3986
8.6384,0.6844,2.9484
8.6386,0.5567,2.4005
8.6388,0.5382,2.3209
8.6390,0.5387,2.323
8.6392,0.5763,2.4836
8.6394,0.5482,2.3627
8.6396,0.5309,2.2894
8.6398,0.5694,2.4542
8.6400,0.5475,2.3596
8.6402,0.5331,2.2976
8.6404,0.5291,2.2827
8.6406,0.5303,2.2878
8.6408,0.5681,2.4474
8.6410,0.5501,2.3721
8.6412,0.5339,2.3023
8.6414,0.5346,2.3033
8.6416,0.5792,2.4908
8.6418,0.7038,3.0251
8.6420,0.8114,3.4808
8.6422,0.8469,3.6382
8.6424,0.7631,3.2827
8.6426,0.7096,3.047
8.6428,0.8086,3.469
8.6430,0.795,3.4088
8.6432,0.8517,3.6554
8.6434,0.8909,3.8165
8.6436,0.9679,4.1385
8.6438,1.1092,4.7475
8.6440,1.0724,4.5921
8.6442,1.0491,4.4904
8.6444,1.0415,4.4575
8.6446,1.0712,4.5805
8.6448,1.1162,4.7683
8.6450,1.1434,4.896
8.6452,1.0729,4.592
8.6454,1.1587,4.9501
8.6456,1.1756,5.0224
8.6458,1.196,5.1214
8.6460,1.0844,4.6391
8.6462,1.1037,4.7194
8.6464,1.105,4.7295
8.6466,1.0911,4.6787
8.6468,1.0479,4.4915
8.6470,1.1001,4.7107
8.6472,1.0309,4.4165
8.6474,1.0061,4.3182
8.6476,0.9657,4.1428
8.6478,0.9093,3.9011
8.6480,0.8891,3.8248
8.6482,0.7357,3.1636
8.6484,0.7857,3.3786
8.6486,0.8035,3.4549
8.6488,0.8165,3.5127
8.6490,0.7938,3.4084
8.6492,0.8753,3.755
8.6494,0.9631,4.1373
8.6496,0.8737,3.7588
8.6498,0.8233,3.54
8.6500,0.8047,3.4617
8.6502,0.7734,3.3255
8.6504,0.7525,3.2388
8.6506,0.7403,3.1832
8.6508,0.7816,3.3595
8.6510,0.7888,3.392
8.6512,0.7972,3.4281
8.6514,0.7846,3.3755
8.6516,0.7694,3.3085
8.6518,0.7868,3.3864
8.6520,0.7495,3.2244
8.6522,0.8104,3.4816
8.6524,0.8477,3.6418
8.6526,0.835,3.5905
8.6528,0.7771,3.3399
8.6530,0.8083,3.4788
8.6532,0.7567,3.2569
8.6534,0.7434,3.1996
8.6536,0.6803,2.9295
8.6538,0.6932,2.9861
8.6540,0.6989,3.0095
8.6542,0.7086,3.0499
8.6544,0.6701,2.8856
8.6546,0.6574,2.8322
8.6548,0.6803,2.9295
8.6550,0.7249,3.1158
8.6552,0.7471,3.2171
8.6554,0.6694,2.8825
8.6556,0.7248,3.1167
8.6558,0.7556,3.2507
8.6560,0.7784,3.3425
8.6562,0.8746,3.7589
8.6564,0.8119,3.5007
8.6566,0.6538,2.8167
8.6568,0.6536,2.817
8.6570,0.6675,2.8742
8.6572,0.7167,3.0831
8.6574,0.6936,2.9868
8.6576,0.7135,3.0711
8.6578,0.733,3.1591
8.6580,0.6436,2.7754
8.6582,0.5959,2.5636
8.6584,0.6965,3.0006
8.6586,0.692,2.9796
8.6588,0.6998,3.0061
8.6590,0.8358,3.5858
8.6592,0.8827,3.7922
8.6594,0.8414,3.6195
8.6596,0.7946,3.4136
8.6598,0.824,3.5398
8.6600,0.8776,3.7735
8.6602,0.8319,3.5738
8.6604,0.7977,3.4286
8.6606,0.7831,3.3688
8.6608,0.7227,3.1117
8.6610,0.7143,3.077
8.6612,0.7161,3.079
8.6614,0.7336,3.1573
8.6616,0.7163,3.0815
8.6618,0.7415,3.1928
8.6620,0.7069,3.0427
8.6622,0.7456,3.2044
8.6624,0.7832,3.3725
8.6626,0.7221,3.1121
8.6628,0.7173,3.0914
8.6630,0.7011,3.0174
8.6632,0.7012,3.0179
8.6634,0.7105,3.0596
8.6636,0.7177,3.0906
8.6638,0.7086,3.0485
8.6640,0.7468,3.2125
8.6642,0.7285,3.1429
8.6644,0.5852,2.5259
8.6646,0.5667,2.4423
8.6648,0.5632,2.4284
8.6650,0.6025,2.5992
8.6652,0.5662,2.4414
8.6654,0.5575,2.3997
8.6656,0.7177,3.0848
8.6658,0.7427,3.1965
8.6660,0.6285,2.7115
8.6662,0.5854,2.5229
8.6664,0.6804,2.93
8.6666,0.6994,3.0116
8.6668,0.6773,2.9179
8.6670,0.6282,2.7099
8.6672,0.5776,2.4916
8.6674,0.5771,2.4873
8.6676,0.6086,2.6207
8.6678,0.6072,2.617
8.6680,0.6197,2.6695
8.6682,0.6681,2.8808
8.6684,0.55,2.3727
8.6686,0.5116,2.2051
8.6688,0.5779,2.4897
8.6690,0.681,2.9326
8.6692,0.6539,2.8133
8.6694,0.6875,2.9618
8.6696,0.7183,3.0874
8.6698,0.8139,3.5014
8.6700,0.7568,3.2559
8.6702,0.6526,2.8154
8.6704,0.5987,2.5779
8.6706,0.5857,2.5256
8.6708,0.5169,2.2309
8.6710,0.5014,2.1662
8.6712,0.4894,2.1134
8.6714,0.5176,2.232
8.6716,0.4971,2.1465
8.6718,0.5242,2.2604
8.6720,0.5115,2.2066
8.6722,0.4771,2.0601
8.6724,0.4833,2.0851
8.6726,0.537,2.3157
8.6728,0.5929,2.5555
8.6730,0.6156,2.6519
8.6732,0.6063,2.6134
8.6734,0.586,2.5267
8.6736,0.6068,2.6142
8.6738,0.6241,2.6861
8.6740,0.6595,2.837
8.6742,0.6833,2.9397
8.6744,0.6957,2.9914
8.6746,0.7641,3.2889
8.6748,0.7223,3.1102
8.6750,0.7089,3.0467
8.6752,0.7548,3.2441
8.6754,0.7616,3.275
8.6756,0.7981,3.4285
8.6758,0.7719,3.3178
8.6760,0.7767,3.3399
8.6762,0.778,3.3441
8.6764,0.8342,3.5836
8.6766,0.8194,3.5186
8.6768,0.8503,3.6497
8.6770,0.8482,3.6404
8.6772,0.8874,3.8069
8.6774,0.8815,3.7853
8.6776,0.888,3.8113
8.6778,0.9101,3.9096
8.6780,0.9115,3.9103
8.6782,0.9464,4.0562
8.6784,0.9851,4.2222
8.6786,0.9659,4.1419
8.6788,0.9531,4.0869
8.6790,0.9613,4.12
8.6792,1.015,4.3502
8.6794,1.039,4.4488
8.6796,1.0382,4.4499
8.6798,1.0278,4.4072
8.6800,0.9938,4.2572
8.6802,1.006,4.3096
8.6804,0.9802,4.2168
8.6806,0.8291,3.5636
8.6808,0.8292,3.5658
8.6810,0.7683,3.3054
8.6812,0.788,3.3884
8.6814,0.7749,3.3322
8.6816,0.78,3.3539
8.6818,0.8167,3.5133
8.6820,0.7169,3.087
8.6822,0.7432,3.1956
8.6824,0.7782,3.3461
8.6826,0.7952,3.4209
8.6828,0.7566,3.2609
8.6830,0.6904,2.9715
8.6832,0.6854,2.9498
8.6834,0.6561,2.8291
8.6836,0.5897,2.5415
8.6838,0.6194,2.6734
8.6840,0.6075,2.6185
8.6842,0.59,2.5443
8.6844,0.6025,2.5956
8.6846,0.6773,2.9179
8.6848,0.6826,2.9379
8.6850,0.6517,2.8074
8.6852,0.6216,2.684
8.6854,0.5572,2.4015
8.6856,0.6073,2.6175
8.6858,0.5656,2.4388
8.6860,0.5674,2.4454
8.6862,0.5869,2.5308
8.6864,0.5802,2.5007
8.6866,0.6195,2.6677
8.6868,0.6695,2.887
8.6870,0.5974,2.5794
8.6872,0.5079,2.1931
8.6874,0.4875,2.1051
8.6876,0.4894,2.1105
8.6878,0.5275,2.2723
8.6880,0.5639,2.4361
8.6882,0.4964,2.1434
8.6884,0.4806,2.0741
8.6886,0.4764,2.056
8.6888,0.4846,2.0937
8.6890,0.4875,2.1061
8.6892,0.4933,2.128
8.6894,0.532,2.2919
8.6896,0.5206,2.2491
8.6898,0.4162,1.7987
8.6900,0.4439,1.9184
8.6902,0.4433,1.9123
8.6904,0.4549,1.9652
8.6906,0.4486,1.9387
8.6908,0.4483,1.9331
8.6910,0.4879,2.1067
8.6912,0.4412,1.9062
8.6914,0.4415,1.9037
8.6916,0.5489,2.3647
8.6918,0.5803,2.4966
8.6920,0.6228,2.6804
8.6922,0.6301,2.7169
8.6924,0.5625,2.4253
8.6926,0.5572,2.4015
8.6928,0.6243,2.6871
8.6930,0.7163,3.0786
8.6932,0.7456,3.2029
8.6934,0.7405,3.1798
8.6936,0.7831,3.3641
8.6938,0.7176,3.0829
8.6940,0.7831,3.3626
8.6942,0.8308,3.5708
8.6944,0.7478,3.2112
8.6946,0.8103,3.4794
8.6948,0.8569,3.6797
8.6950,0.8241,3.537
8.6952,0.8421,3.6142
8.6954,0.8309,3.5697
8.6956,0.8073,3.473
8.6958,0.6983,3.0083
8.6960,0.635,2.7356
8.6962,0.6288,2.7087
8.6964,0.6547,2.819
8.6966,0.6436,2.7715
8.6968,0.6439,2.77
8.6970,0.6463,2.7829
8.6972,0.6727,2.8924
8.6974,0.6965,2.9978
8.6976,0.7265,3.1268
8.6978,0.7032,3.0323
8.6980,0.5633,2.4301
8.6982,0.4775,2.0597
8.6984,0.4698,2.0266
8.6986,0.4861,2.097
8.6988,0.4964,2.1415
8.6990,0.4962,2.1404
8.6992,0.4893,2.11
8.6994,0.4843,2.0892
8.6996,0.5258,2.2661
8.6998,0.5906,2.5421
8.7000,0.6315,2.7168
8.7002,0.6567,2.8278
8.7004,0.582,2.5119
8.7006,0.4947,2.1372
8.7008,0.4651,2.0083
8.7010,0.4505,1.9442
8.7012,0.4739,2.0423
8.7014,0.5363,2.3116
8.7016,0.512,2.2087
8.7018,0.5018,2.1627
8.7020,0.5656,2.4377
8.7022,0.6125,2.6348
8.7024,0.6523,2.8074
8.7026,0.6427,2.7648
8.7028,0.6887,2.9656
8.7030,0.615,2.6469
8.7032,0.6393,2.7491
8.7034,0.6571,2.8293
8.7036,0.5992,2.58
8.7038,0.5957,2.5638
8.7040,0.5894,2.5417
8.7042,0.5002,2.16
8.7044,0.4872,2.1007
8.7046,0.5025,2.1658
8.7048,0.5051,2.1792
8.7050,0.504,2.174
8.7052,0.5157,2.2206
8.7054,0.5794,2.4936
8.7056,0.5629,2.4297
8.7058,0.4981,2.1487
8.7060,0.4897,2.1115
8.7062,0.5085,2.1937
8.7064,0.4808,2.0752
8.7066,0.4728,2.0396
8.7068,0.4993,2.1529
8.7070,0.4968,2.141
8.7072,0.4848,2.0903
8.7074,0.5152,2.2216
8.7076,0.5613,2.4213
8.7078,0.5229,2.2547
8.7080,0.486,2.0955
8.7082,0.5195,2.2382
8.7084,0.6081,2.6162
8.7086,0.6791,2.9148
8.7088,0.7585,3.2616
8.7090,0.6956,2.9923
8.7092,0.6842,2.9405
8.7094,0.7049,3.0283
8.7096,0.7296,3.1359
8.7098,0.7354,3.1591
8.7100,0.7343,3.1515
8.7102,0.8141,3.4894
8.7104,0.8795,3.7783
8.7106,0.7451,3.2053
8.7108,0.7517,3.2292
8.7110,0.8099,3.4811
8.7112,0.8456,3.6274
8.7114,0.8858,3.7932
8.7116,0.9442,4.047
8.7118,0.943,4.0437
8.7120,0.8858,3.7985
8.7122,0.8713,3.7345
8.7124,0.9632,4.1301
8.7126,0.9814,4.2043
8.7128,0.9722,4.1706
8.7130,0.927,3.973
8.7132,0.9607,4.1155
8.7134,0.9502,4.067
8.7136,0.9918,4.249
8.7138,0.9471,4.0631
8.7140,0.9439,4.0511
8.7142,0.8972,3.8491
8.7144,0.8747,3.7507
8.7146,0.9368,4.017
8.7148,0.9475,4.0684
8.7150,0.8767,3.7629
8.7152,0.8509,3.654
8.7154,0.8081,3.4766
8.7156,0.7875,3.3848
8.7158,0.7717,3.3167
8.7160,0.736,3.1661
8.7162,0.7155,3.0765
8.7164,0.7866,3.3759
8.7166,0.8452,3.6326
8.7168,0.8326,3.5769
8.7170,0.8068,3.4677
8.7172,0.7846,3.3724
8.7174,0.7909,3.4039
8.7176,0.7454,3.2024
8.7178,0.7607,3.2708
8.7180,0.7464,3.2095
8.7182,0.7007,3.0159
8.7184,0.6655,2.8681
8.7186,0.6566,2.826
8.7188,0.7175,3.0852
8.7190,0.745,3.2018
8.7192,0.7551,3.2441
8.7194,0.8351,3.5827
8.7196,0.8675,3.7216
8.7198,0.7795,3.3549
8.7200,0.7265,3.1268
8.7202,0.7352,3.1645
8.7204,0.6784,2.9226
8.7206,0.6659,2.8689
8.7208,0.6912,2.9737
8.7210,0.6775,2.9185
8.7212,0.6422,2.7653
8.7214,0.6783,2.918
8.7216,0.6882,2.9594
8.7218,0.6777,2.9195
8.7220,0.644,2.7756
8.7222,0.6484,2.7883
8.7224,0.714,3.0717
8.7226,0.6634,2.858
8.7228,0.621,2.6764
8.7230,0.5801,2.5002
8.7232,0.5704,2.4606
8.7234,0.5824,2.5112
8.7236,0.5795,2.4976
8.7238,0.6062,2.6092
8.7240,0.6127,2.6432
8.7242,0.5133,2.2144
8.7244,0.4926,2.1249
8.7246,0.4993,2.1509
8.7248,0.6139,2.6422
8.7250,0.6885,2.9632
8.7252,0.6641,2.8558
8.7254,0.7361,3.1622
8.7256,0.8155,3.5032
8.7258,0.7995,3.4395
8.7260,0.6751,2.9081
8.7262,0.6478,2.7883
8.7264,0.6713,2.8854
8.7266,0.737,3.1663
8.7268,0.7511,3.2326
8.7270,0.7474,3.2166
8.7272,0.708,3.0459
8.7274,0.6362,2.742
8.7276,0.6307,2.7157
8.7278,0.6362,2.7408
8.7280,0.6186,2.6611
8.7282,0.6186,2.6661
8.7284,0.6201,2.6728
8.7286,0.6233,2.685
8.7288,0.6661,2.8627
8.7290,0.7843,3.3724
8.7292,0.7774,3.3446
8.7294,0.6526,2.8102
8.7296,0.621,2.6727
8.7298,0.611,2.6335
8.7300,0.6093,2.6251
8.7302,0.6096,2.6249
8.7304,0.612,2.6364
8.7306,0.6623,2.8507
8.7308,0.6837,2.9398
8.7310,0.7188,3.0909
8.7312,0.6289,2.7118
8.7314,0.5426,2.3406
8.7316,0.5508,2.3741
8.7318,0.5764,2.4842
8.7320,0.5658,2.4376
8.7322,0.6667,2.868
8.7324,0.7074,3.0448
8.7326,0.6032,2.5987
8.7328,0.5968,2.5649
8.7330,0.734,3.1535
8.7332,0.8027,3.4518
8.7334,0.7762,3.3379
8.7336,0.8252,3.5433
8.7338,0.7515,3.2347
8.7340,0.6934,2.983
8.7342,0.7242,3.1141
8.7344,0.7568,3.2513
8.7346,0.7912,3.4039
8.7348,0.7444,3.2052
8.7350,0.7051,3.0321
8.7352,0.7083,3.0484
8.7354,0.7633,3.2776
8.7356,0.7812,3.3559
8.7358,0.7669,3.3007
8.7360,0.6486,2.7927
8.7362,0.6306,2.7127
8.7364,0.6872,2.9562
8.7366,0.6633,2.8575
8.7368,0.6209,2.6746
8.7370,0.6233,2.6837
8.7372,0.6246,2.6869
8.7374,0.6285,2.7077
8.7376,0.6404,2.755
8.7378,0.7038,3.0265
8.7380,0.7309,3.1459
8.7382,0.6665,2.8728
8.7384,0.6093,2.6251
8.7386,0.6451,2.779
8.7388,0.5936,2.5562
8.7390,0.5893,2.5412
8.7392,0.5343,2.306
8.7394,0.4826,2.081
8.7396,0.4812,2.0758
8.7398,0.483,2.0835
8.7400,0.4839,2.0896
8.7402,0.4794,2.0709
8.7404,0.4795,2.0695
8.7406,0.4831,2.085
8.7408,0.4987,2.1513
8.7410,0.5482,2.3616
8.7412,0.5315,2.2919
8.7414,0.5444,2.3451
8.7416,0.6366,2.7359
8.7418,0.688,2.9653
8.7420,0.5813,2.503
8.7422,0.6444,2.7707
8.7424,0.7019,3.0168
8.7426,0.6789,2.9206
8.7428,0.6569,2.8249
8.7430,0.7061,3.0377
8.7432,0.7103,3.0543
8.7434,0.7725,3.3188
8.7436,0.8274,3.5481
8.7438,0.9085,3.8938
8.7440,0.9485,4.0674
8.7442,0.9545,4.0874
8.7444,0.9698,4.1526
8.7446,0.9845,4.2177
8.7448,0.9748,4.178
8.7450,0.9732,4.1713
8.7452,0.9626,4.1295
8.7454,0.9535,4.0866
8.7456,0.9939,4.2578
8.7458,1.0211,4.3703
8.7460,1.0551,4.5139
8.7462,1.1097,4.7495
8.7464,1.0958,4.6922
8.7466,1.0452,4.4776
8.7468,1.0322,4.4221
8.7470,1.0364,4.4463
8.7472,0.9165,3.9356
8.7474,0.8448,3.6345
8.7476,0.7533,3.2334
8.7478,0.8334,3.5788
8.7480,0.8494,3.6558
8.7482,0.6685,2.8824
8.7484,0.6033,2.5992
8.7486,0.6215,2.6797
8.7488,0.6156,2.6531
8.7490,0.6169,2.6576
8.7492,0.6083,2.6192
8.7494,0.648,2.794
8.7496,0.6218,2.6825
8.7498,0.5936,2.5586
8.7500,0.6038,2.6025
8.7502,0.6356,2.7369
8.7504,0.6923,2.9811
8.7506,0.592,2.5525
8.7508,0.5585,2.4072
8.7510,0.6415,2.7609
8.7512,0.6295,2.7106
8.7514,0.6313,2.7234
8.7516,0.5595,2.4135
8.7518,0.5993,2.5805
8.7520,0.6189,2.6627
8.7522,0.6494,2.7937
8.7524,0.6629,2.856
8.7526,0.6248,2.6904
8.7528,0.6241,2.6898
8.7530,0.6318,2.7217
8.7532,0.6783,2.9139
8.7534,0.7054,3.0374
8.7536,0.6849,2.9491
8.7538,0.6821,2.9345
8.7540,0.687,2.9584
8.7542,0.6246,2.6894
8.7544,0.6372,2.7411
8.7546,0.7199,3.097
8.7548,0.7162,3.0839
8.7550,0.6518,2.8053
8.7552,0.6522,2.8082
8.7554,0.6718,2.8915
8.7556,0.6947,2.9901
8.7558,0.6962,2.999
8.7560,0.6432,2.7694
8.7562,0.6215,2.6772
8.7564,0.5752,2.4824
8.7566,0.5487,2.367
8.7568,0.549,2.3663
8.7570,0.5475,2.3585
8.7572,0.5757,2.4811
8.7574,0.5574,2.4047
8.7576,0.5625,2.422
8.7578,0.628,2.7056
8.7580,0.6406,2.756
8.7582,0.6766,2.9121
8.7584,0.678,2.9224
8.7586,0.5813,2.5054
8.7588,0.6004,2.5839
8.7590,0.6468,2.7888
8.7592,0.5782,2.4919
8.7594,0.5627,2.4241
8.7596,0.6072,2.6158
8.7598,0.6773,2.9152
8.7600,0.6647,2.8584
8.7602,0.717,3.0817
8.7604,0.7168,3.085
8.7606,0.6158,2.6542
8.7608,0.5557,2.3953
8.7610,0.5529,2.384
8.7612,0.5501,2.3721
8.7614,0.587,2.529
8.7616,0.5722,2.4661
8.7618,0.5496,2.37
8.7620,0.5498,2.3661
8.7622,0.7071,3.0404
8.7624,0.687,2.9625
8.7626,0.5729,2.4692
8.7628,0.5604,2.4154
8.7630,0.5679,2.4475
8.7632,0.6037,2.6008
8.7634,0.5729,2.4692
8.7636,0.5392,2.325
8.7638,0.5338,2.3028
8.7640,0.5072,2.187
8.7642,0.5468,2.3576
8.7644,0.5561,2.4013
8.7646,0.4728,2.0414
8.7648,0.4634,1.9992
8.7650,0.4634,1.9992
8.7652,0.4625,1.9969
8.7654,0.4607,1.9892
8.7656,0.4765,2.0546
8.7658,0.4809,2.0747
8.7660,0.4903,2.1151
8.7662,0.5375,2.3178
8.7664,0.5797,2.4952
8.7666,0.6198,2.6688
8.7668,0.6083,2.6228
8.7670,0.5683,2.4507
8.7672,0.5607,2.4176
8.7674,0.4723,2.0375
8.7676,0.4899,2.1106
8.7678,0.5471,2.3592
8.7680,0.4999,2.1565
8.7682,0.4956,2.1359
8.7684,0.5721,2.4633
8.7686,0.5864,2.5241
8.7688,0.5864,2.5252
8.7690,0.5611,2.4163
8.7692,0.5812,2.499
8.7694,0.6607,2.8435
8.7696,0.6352,2.7354
8.7698,0.6284,2.7047
8.7700,0.6095,2.6207
8.7702,0.6798,2.9247
8.7704,0.6428,2.7692
8.7706,0.603,2.5953
8.7708,0.585,2.5214
8.7710,0.5057,2.1808
8.7712,0.4945,2.1342
8.7714,0.5165,2.2263
8.7716,0.551,2.3746
8.7718,0.5025,2.1658
8.7720,0.5036,2.1715
8.7722,0.4947,2.1312
8.7724,0.4915,2.1173
8.7726,0.5036,2.1705
8.7728,0.5223,2.2511
8.7730,0.5936,2.5562
8.7732,0.6338,2.7266
8.7734,0.7057,3.0319
8.7736,0.7366,3.1643
8.7738,0.7209,3.0997
8.7740,0.6843,2.9424
8.7742,0.6539,2.8107
8.7744,0.6659,2.8622
8.7746,0.6892,2.9636
8.7748,0.7062,3.0368
8.7750,0.706,3.0386
8.7752,0.6445,2.77
8.7754,0.718,3.0816
8.7756,0.8129,3.4891
8.7758,0.8337,3.5732
8.7760,0.8832,3.7889
8.7762,0.8635,3.7063
8.7764,0.8619,3.6957
8.7766,0.9156,3.9278
8.7768,0.9159,3.9294
8.7770,0.8273,3.5509
8.7772,0.8911,3.8175
8.7774,0.9905,4.2454
8.7776,1.0066,4.3062
8.7778,1.0319,4.4185
8.7780,0.9768,4.1887
8.7782,0.9415,4.037
8.7784,0.9358,4.0073
8.7786,0.9706,4.1542
8.7788,1.0601,4.5328
8.7790,1.0364,4.4339
8.7792,1.0681,4.5714
8.7794,1.0544,4.5214
8.7796,0.9537,4.0895
8.7798,0.9309,3.9937
8.7800,0.9229,3.961
8.7802,0.9083,3.8946
8.7804,0.888,3.8148
8.7806,0.7892,3.3888
8.7808,0.8753,3.762
8.7810,0.8098,3.479
8.7812,0.7845,3.3719
8.7814,0.7445,3.2027
8.7816,0.7384,3.1779
8.7818,0.6994,3.0088
8.7820,0.7183,3.0903
8.7822,0.7191,3.0919
8.7824,0.799,3.4374
8.7826,0.7054,3.0332
8.7828,0.6975,3.0019
8.7830,0.7303,3.1404
8.7832,0.7113,3.057
8.7834,0.7219,3.1043
8.7836,0.7224,3.1093
8.7838,0.6936,2.9882
8.7840,0.6952,2.9949
8.7842,0.6331,2.7261
8.7844,0.6432,2.7707
8.7846,0.6522,2.8095
8.7848,0.6717,2.8883
8.7850,0.7325,3.1482
8.7852,0.7555,3.2426
8.7854,0.839,3.6109
8.7856,0.7169,3.087
8.7858,0.6917,2.9702
8.7860,0.789,3.3894
8.7862,0.7462,3.2055
8.7864,0.7645,3.2873
8.7866,0.746,3.2094
8.7868,0.7189,3.0943
8.7870,0.6978,3.0035
8.7872,0.6749,2.909
8.7874,0.6191,2.6681
8.7876,0.5897,2.5439
8.7878,0.5731,2.4725
8.7880,0.5695,2.4558
8.7882,0.5743,2.4731
8.7884,0.6351,2.7336
8.7886,0.6978,3.0049
8.7888,0.6622,2.8542
8.7890,0.5779,2.4909
8.7892,0.5657,2.4382
8.7894,0.5661,2.4397
8.7896,0.5791,2.4972
8.7898,0.5176,2.234
8.7900,0.4794,2.0699
8.7902,0.4825,2.0834
8.7904,0.4852,2.0934
8.7906,0.5264,2.2708
8.7908,0.5372,2.3152
8.7910,0.6255,2.6923
8.7912,0.6609,2.8458
8.7914,0.6452,2.7769
8.7916,0.6556,2.8231
8.7918,0.6471,2.7826
8.7920,0.7186,3.0899
8.7922,0.7193,3.0944
8.7924,0.7231,3.1138
8.7926,0.6939,2.9837
8.7928,0.7767,3.3384
8.7930,0.7392,3.1771
8.7932,0.749,3.2133
8.7934,0.8158,3.5031
8.7936,0.8173,3.5142
8.7938,0.7181,3.0936
8.7940,0.6361,2.739
8.7942,0.6334,2.7276
8.7944,0.6432,2.7669
8.7946,0.6941,2.9875
8.7948,0.6942,2.988
8.7950,0.6911,2.9704
8.7952,0.7646,3.2817
8.7954,0.8554,3.6747
8.7956,0.828,3.5623
8.7958,0.7364,3.1682
8.7960,0.7186,3.0913
8.7962,0.6628,2.8515
8.7964,0.6704,2.8853
8.7966,0.6336,2.7307
8.7968,0.6315,2.7181
8.7970,0.6718,2.8942
8.7972,0.587,2.5313
8.7974,0.5601,2.4161
8.7976,0.5418,2.3342
8.7978,0.6141,2.6445
8.7980,0.6433,2.7674
8.7982,0.6504,2.7978
8.7984,0.6858,2.9505
8.7986,0.7375,3.1713
8.7988,0.7532,3.2359
8.7990,0.8086,3.4755
8.7992,0.7932,3.4074
8.7994,0.8098,3.4774
8.7996,0.7774,3.3415
8.7998,0.7456,3.2059
8.8000,0.7609,3.2704
8.8002,0.7922,3.408
8.8004,0.7025,3.0222
8.8006,0.692,2.9796
8.8008,0.6828,2.9444
8.8010,0.582,2.5073
8.8012,0.6321,2.7219
8.8014,0.6713,2.8894
8.8016,0.6966,2.9955
8.8018,0.7578,3.2554
8.8020,0.777,3.3441
8.8022,0.6757,2.9107
8.8024,0.6025,2.5956
8.8026,0.589,2.5372
8.8028,0.6068,2.613
8.8030,0.6289,2.7093
8.8032,0.6272,2.702
8.8034,0.6104,2.626
8.8036,0.6767,2.9126
8.8038,0.687,2.9584
8.8040,0.6384,2.7513
8.8042,0.5397,2.3271
8.8044,0.489,2.1113
8.8046,0.4815,2.0792
8.8048,0.4782,2.0628
8.8050,0.4802,2.0716
8.8052,0.4852,2.0953
8.8054,0.4825,2.0843
8.8056,0.4805,2.0746
8.8058,0.4838,2.0871
8.8060,0.4934,2.1275
8.8062,0.496,2.1389
8.8064,0.5259,2.2645
8.8066,0.574,2.475
8.8068,0.5245,2.2635
8.8070,0.4958,2.1399
8.8072,0.5089,2.1942
8.8074,0.5292,2.28
8.8076,0.5795,2.4953
8.8078,0.5858,2.5226
8.8080,0.5929,2.5543
8.8082,0.5779,2.4897
8.8084,0.5857,2.521
8.8086,0.6111,2.6353
8.8088,0.5845,2.5205
8.8090,0.5792,2.4943
8.8092,0.6863,2.9484
8.8094,0.7379,3.1685
8.8096,0.7506,3.2245
8.8098,0.7764,3.3337
8.8100,0.7983,3.428
8.8102,0.8557,3.6711
8.8104,0.8916,3.8285
8.8106,0.8322,3.5737
8.8108,0.8316,3.5594
8.8110,0.9958,4.266
8.8112,0.9734,4.1719
8.8114,0.9734,4.166
8.8116,0.9891,4.2392
8.8118,1.0075,4.3183
8.8120,1.0584,4.5278
8.8122,1.1045,4.7274
8.8124,1.0972,4.6961
8.8126,1.0845,4.6417
8.8128,1.0731,4.593
8.8130,1.0628,4.5616
8.8132,0.9206,3.9531
8.8134,0.8938,3.8396
8.8136,0.8596,3.691
8.8138,0.8581,3.6831
8.8140,0.8777,3.7653
8.8142,0.8596,3.6928
8.8144,0.8427,3.6201
8.8146,0.8454,3.6371
8.8148,0.8116,3.4867
8.8150,0.8709,3.7412
8.8152,0.806,3.4609
8.8154,0.867,3.7247
8.8156,0.8021,3.4508
8.8158,0.7676,3.2977
8.8160,0.8432,3.6188
8.8162,0.8796,3.7823
8.8164,0.8242,3.5441
8.8166,0.7603,3.2723
8.8168,0.7862,3.3791
8.8170,0.8616,3.7032
8.8172,0.847,3.6421
8.8174,0.746,3.2079
8.8176,0.736,3.1676
8.8178,0.7165,3.0868
8.8180,0.7036,3.0254
8.8182,0.7993,3.4321
8.8184,0.859,3.6902
8.8186,0.8603,3.701
8.8188,0.777,3.3441
8.8190,0.7381,3.1769
8.8192,0.727,3.1274
8.8194,0.6717,2.8963
8.8196,0.6155,2.6551
8.8198,0.6117,2.6342
8.8200,0.6715,2.8899
8.8202,0.6593,2.8405
8.8204,0.6267,2.7012
8.8206,0.621,2.6752
8.8208,0.606,2.6118
8.8210,0.6098,2.6296
8.8212,0.6087,2.6298
8.8214,0.5259,2.2677
8.8216,0.6193,2.6679
8.8218,0.5942,2.5612
8.8220,0.6222,2.6778
8.8222,0.6531,2.8149
8.8224,0.6137,2.6449
8.8226,0.6296,2.7124
8.8228,0.6252,2.6957
8.8230,0.6385,2.7531
8.8232,0.6239,2.6901
8.8234,0.5119,2.2092
8.8236,0.453,1.9551
8.8238,0.4674,2.0153
8.8240,0.5396,2.3266
8.8242,0.561,2.4191
8.8244,0.565,2.4362
8.8246,0.5583,2.4072
8.8248,0.5875,2.5322
8.8250,0.5969,2.5749
8.8252,0.5619,2.4228
8.8254,0.5651,2.4367
8.8256,0.6025,2.5884
8.8258,0.6826,2.9379
8.8260,0.6757,2.9094
8.8262,0.7163,3.0815
8.8264,0.7107,3.0644
8.8266,0.5694,2.4553
8.8268,0.5508,2.3719
8.8270,0.6271,2.7003
8.8272,0.5709,2.4615
8.8274,0.5472,2.363
8.8276,0.5404,2.3302
8.8278,0.5334,2.3002
8.8280,0.5304,2.2873
8.8282,0.5332,2.3013
8.8284,0.526,2.2692
8.8286,0.5272,2.2712
8.8288,0.5258,2.2661
8.8290,0.5318,2.294
8.8292,0.5352,2.3101
8.8294,0.5276,2.277
8.8296,0.5281,2.2791
8.8298,0.5189,2.2387
8.8300,0.5099,2.1979
8.8302,0.6137,2.6424
8.8304,0.5739,2.4779
8.8306,0.4946,2.1337
8.8308,0.4645,2.0029
8.8310,0.4619,1.9934
8.8312,0.4842,2.0906
8.8314,0.4687,2.022
8.8316,0.4662,2.0111
8.8318,0.4538,1.9596
8.8320,0.4981,2.1477
8.8322,0.5334,2.297
8.8324,0.5735,2.4683
8.8326,0.6241,2.6886
8.8328,0.5794,2.4971
8.8330,0.5954,2.5663
8.8332,0.6177,2.6563
8.8334,0.7101,3.0533
8.8336,0.7801,3.3497
8.8338,0.8129,3.4875
8.8340,0.8255,3.5481
8.8342,0.7261,3.1267
8.8344,0.6471,2.7852
8.8346,0.6429,2.7671
8.8348,0.6591,2.8368
8.8350,0.7031,3.022
8.8352,0.6874,2.9517
8.8354,0.7271,3.125
8.8356,0.7616,3.2735
8.8358,0.767,3.2951
8.8360,0.7457,3.1989
8.8362,0.8332,3.5794
8.8364,0.8126,3.499
8.8366,0.6849,2.9477
8.8368,0.6566,2.822
8.8370,0.7682,3.2987
8.8372,0.7927,3.4101
8.8374,0.7045,3.0296
8.8376,0.6861,2.9502
8.8378,0.7249,3.1187
8.8380,0.7447,3.2038
8.8382,0.6892,2.9677
8.8384,0.6,2.5824
8.8386,0.6435,2.7723
8.8388,0.6266,2.7007
8.8390,0.593,2.5536
8.8392,0.5875,2.5299
8.8394,0.5957,2.5686
8.8396,0.5831,2.5143
8.8398,0.5276,2.2759
8.8400,0.4941,2.1297
8.8402,0.4909,2.1157
8.8404,0.552,2.3748
8.8406,0.689,2.9653
8.8408,0.5048,2.1757
8.8410,0.5366,2.3116
8.8412,0.5662,2.4392
8.8414,0.6397,2.752
8.8416,0.7404,3.1853
8.8418,0.7049,3.0298
8.8420,0.7014,3.0148
8.8422,0.7667,3.2906
8.8424,0.7291,3.1368
8.8426,0.7439,3.1958
8.8428,0.8065,3.463
8.8430,0.7983,3.428
8.8432,0.8409,3.6057
8.8434,0.8992,3.8484
8.8436,0.957,4.0958
8.8438,0.9911,4.248
8.8440,0.991,4.2475
8.8442,0.9669,4.1423
8.8444,0.9523,4.0891
8.8446,0.8917,3.8255
8.8448,0.9407,4.0298
8.8450,0.9699,4.1551
8.8452,0.9385,4.0318
8.8454,0.8236,3.5383
8.8456,0.8182,3.5184
8.8458,0.8055,3.4621
8.8460,0.7607,3.2724
8.8462,0.7783,3.3436
8.8464,0.7938,3.41
8.8466,0.7601,3.2683
8.8468,0.8022,3.4461
8.8470,0.7796,3.3571
8.8472,0.747,3.2121
8.8474,0.7395,3.1797
8.8476,0.6977,3.0016
8.8478,0.7103,3.0572
8.8480,0.7188,3.0895
8.8482,0.7678,3.3013
8.8484,0.7255,3.1213
8.8486,0.7204,3.1006
8.8488,0.7195,3.0984
8.8490,0.699,3.0073
8.8492,0.7277,3.1291
8.8494,0.7462,3.21
8.8496,0.7758,3.3328
8.8498,0.7216,3.1086
8.8500,0.6065,2.6115
8.8502,0.7053,3.0355
8.8504,0.7224,3.1079
8.8506,0.7448,3.2058
8.8508,0.7052,3.0392
8.8510,0.6562,2.8258
8.8512,0.6819,2.9335
8.8514,0.6863,2.9512
8.8516,0.6908,2.9703
8.8518,0.7377,3.169
8.8520,0.7913,3.4055
8.8522,0.748,3.2207
8.8524,0.7061,3.0377
8.8526,0.751,3.2306
8.8528,0.7373,3.1704
8.8530,0.742,3.192
8.8532,0.7511,3.2282
8.8534,0.7636,3.2833
8.8536,0.77,3.3111
8.8538,0.7359,3.1686
8.8540,0.6636,2.8573
8.8542,0.6616,2.849
8.8544,0.716,3.0757
8.8546,0.755,3.2467
8.8548,0.7525,3.2374
8.8550,0.7199,3.0956
8.8552,0.739,3.1791
8.8554,0.7245,3.1224
8.8556,0.6639,2.8588
8.8558,0.6336,2.7307
8.8560,0.6044,2.6088
8.8562,0.5418,2.3375
8.8564,0.5373,2.3125
8.8566,0.6415,2.7623
8.8568,0.6597,2.8407
8.8570,0.6674,2.8765
8.8572,0.6395,2.7535
8.8574,0.6425,2.7664
8.8576,0.6422,2.7628
8.8578,0.7586,3.2606
8.8580,0.7583,3.2636
8.8582,0.6871,2.9516
8.8584,0.747,3.2106
8.8586,0.7296,3.1388
8.8588,0.7359,3.1715
8.8590,0.6312,2.7216
8.8592,0.6017,2.5921
8.8594,0.599,2.5819
8.8596,0.6023,2.5934
8.8598,0.6034,2.5969
8.8600,0.6037,2.5996
8.8602,0.5983,2.5788
8.8604,0.5984,2.5805
8.8606,0.6024,2.5964
8.8608,0.6038,2.6013
8.8610,0.624,2.6819
8.8612,0.7574,3.2555
8.8614,0.7276,3.133
8.8616,0.6245,2.6914
8.8618,0.61,2.6277
8.8620,0.6562,2.8231
8.8622,0.6842,2.9461
8.8624,0.6236,2.6891
8.8626,0.5938,2.5556
8.8628,0.6319,2.7247
8.8630,0.5354,2.3096
8.8632,0.5257,2.2677
8.8634,0.5242,2.2594
8.8636,0.5283,2.2801
8.8638,0.5265,2.2703
8.8640,0.5239,2.2599
8.8642,0.5241,2.261
8.8644,0.5752,2.4744
8.8646,0.7028,3.0219
8.8648,0.7174,3.092
8.8650,0.5954,2.5676
8.8652,0.6037,2.5984
8.8654,0.6633,2.8549
8.8656,0.6781,2.9157
8.8658,0.7565,3.2514
8.8660,0.8055,3.4637
8.8662,0.7699,3.3137
8.8664,0.6456,2.7772
8.8666,0.6646,2.8593
8.8668,0.7022,3.0235
8.8670,0.7128,3.0666
8.8672,0.6561,2.8266
8.8674,0.5881,2.5349
8.8676,0.5887,2.5304
8.8678,0.7223,3.103
8.8680,0.689,2.9653
8.8682,0.699,3.0073
8.8684,0.6391,2.7545
8.8686,0.567,2.4439
8.8688,0.5628,2.4269
8.8690,0.5691,2.4515
8.8692,0.5827,2.5093
8.8694,0.6065,2.6103
8.8696,0.5944,2.5641
8.8698,0.5023,2.1668
8.8700,0.5211,2.2481
8.8702,0.4836,2.0871
8.8704,0.4776,2.0622
8.8706,0.5008,2.1616
8.8708,0.5007,2.1601
8.8710,0.504,2.1711
8.8712,0.5597,2.4101
8.8714,0.5779,2.4921
8.8716,0.5435,2.3393
8.8718,0.6537,2.8084
8.8720,0.7361,3.1637
8.8722,0.7819,3.3559
8.8724,0.8225,3.5287
8.8726,0.8109,3.4853
8.8728,0.6963,2.9968
8.8730,0.652,2.8051
8.8732,0.6903,2.9669
8.8734,0.7378,3.171
8.8736,0.7411,3.1928
8.8738,0.6073,2.6151
8.8740,0.6513,2.8046
8.8742,0.682,2.9272
8.8744,0.8071,3.4608
8.8746,0.8327,3.5725
8.8748,0.8293,3.5642
8.8750,0.7347,3.1561
8.8752,0.8066,3.4635
8.8754,0.8464,3.6311
8.8756,0.8403,3.6082
8.8758,0.7893,3.391
8.8760,0.8053,3.4579
8.8762,0.803,3.4449
8.8764,0.8567,3.6753
8.8766,0.8715,3.7438
8.8768,0.854,3.6703
8.8770,0.8633,3.7002
8.8772,0.9017,3.8682
8.8774,0.9007,3.8641
8.8776,0.9652,4.1409
8.8778,0.9441,4.0465
8.8780,0.9823,4.21
8.8782,0.9763,4.1921
8.8784,0.947,4.0627
8.8786,0.9692,4.1598
8.8788,0.9014,3.869
8.8790,0.8546,3.6695
8.8792,0.8205,3.5315
8.8794,0.7132,3.071
8.8796,0.7331,3.1538
8.8798,0.7272,3.1271
8.8800,0.7258,3.1238
8.8802,0.7215,3.1023
8.8804,0.7252,3.1168
8.8806,0.7584,3.2611
8.8808,0.736,3.1647
8.8810,0.7534,3.241
8.8812,0.7711,3.3127
8.8814,0.8148,3.5002
8.8816,0.8314,3.5734
8.8818,0.8254,3.5427
8.8820,0.8664,3.717
8.8822,0.8765,3.776
8.8824,0.6913,2.9765
8.8826,0.6959,2.9967
8.8828,0.6904,2.9743
8.8830,0.6149,2.6526
8.8832,0.5761,2.482
8.8834,0.6538,2.8102
8.8836,0.6966,2.9984
8.8838,0.6995,3.0094
8.8840,0.6915,2.9776
8.8842,0.6681,2.8769
8.8844,0.6355,2.7403
8.8846,0.5977,2.5762
8.8848,0.6326,2.7266
8.8850,0.5948,2.5626
8.8852,0.5998,2.5826
8.8854,0.6661,2.8654
8.8856,0.6871,2.953
8.8858,0.7002,3.0195
8.8860,0.6019,2.5943
8.8862,0.6481,2.7933
8.8864,0.6107,2.6332
8.8866,0.5387,2.3252
8.8868,0.523,2.2574
8.8870,0.5137,2.216
8.8872,0.4898,2.115
8.8874,0.4353,1.8768
8.8876,0.4974,2.1476
8.8878,0.4789,2.0679
8.8880,0.4662,2.013
8.8882,0.4582,1.9792
8.8884,0.4512,1.9492
8.8886,0.4492,1.9377
8.8888,0.4448,1.9191
8.8890,0.4507,1.9462
8.8892,0.458,1.976
8.8894,0.517,2.2325
8.8896,0.5447,2.3456
8.8898,0.579,2.4956
8.8900,0.5508,2.3763
8.8902,0.5542,2.3886
8.8904,0.5733,2.4685
8.8906,0.5576,2.4042
8.8908,0.5585,2.4072
8.8910,0.5562,2.3974
8.8912,0.5674,2.4443
8.8914,0.6092,2.6209
8.8916,0.6547,2.8164
8.8918,0.6796,2.9264
8.8920,0.685,2.9415
8.8922,0.8122,3.4845
8.8924,0.8235,3.5378
8.8926,0.7413,3.1918
8.8928,0.6707,2.8842
8.8930,0.6809,2.9267
8.8932,0.751,3.2261
8.8934,0.7817,3.3643
8.8936,0.6887,2.9629
8.8938,0.6881,2.9576
8.8940,0.76,3.2617
8.8942,0.8156,3.5005
8.8944,0.8547,3.6717
8.8946,0.8636,3.6995
8.8948,0.9056,3.8906
8.8950,0.8609,3.6985
8.8952,0.8363,3.5946
8.8954,0.7152,3.0755
8.8956,0.7433,3.1932
8.8958,0.7145,3.0738
8.8960,0.7795,3.3503
8.8962,0.7903,3.3998
8.8964,0.6143,2.6487
8.8966,0.5236,2.26
8.8968,0.5144,2.2191
8.8970,0.5271,2.2686
8.8972,0.5829,2.511
8.8974,0.6484,2.7883
8.8976,0.7264,3.1235
8.8978,0.7258,3.1281
8.8980,0.6024,2.5951
8.8982,0.5683,2.4507
8.8984,0.5573,2.3987
8.8986,0.6199,2.6693
8.8988,0.6154,2.6497
8.8990,0.6026,2.5962
8.8992,0.5996,2.5833
8.8994,0.6074,2.6181
8.8996,0.617,2.6557
8.8998,0.6462,2.7785
8.9000,0.7073,3.0429
8.9002,0.702,3.0202
8.9004,0.7006,3.0126
8.9006,0.7046,3.0268
8.9008,0.7621,3.2786
8.9010,0.7398,3.1842
8.9012,0.7213,3.1018
8.9014,0.7392,3.1742
8.9016,0.8216,3.5295
8.9018,0.8197,3.5213
8.9020,0.7974,3.4239
8.9022,0.8034,3.4448
8.9024,0.8512,3.6551
8.9026,0.8287,3.5616
8.9028,0.871,3.7383
8.9030,0.9386,4.0229
8.9032,0.9598,4.112
8.9034,1.0038,4.3005
8.9036,0.976,4.1852
8.9038,0.9208,3.9482
8.9040,0.9514,4.0817
8.9042,0.9847,4.2202
8.9044,0.9866,4.2364
8.9046,0.908,3.8937
8.9048,0.9484,4.0669
8.9050,0.9273,3.9765
8.9052,0.9458,4.0575
8.9054,0.9353,4.0104
8.9056,0.8984,3.8543
8.9058,0.9524,4.0839
8.9060,1.0637,4.5483
8.9062,1.1089,4.746
8.9064,1.0859,4.6475
8.9066,1.0752,4.6061
8.9068,1.0892,4.6662
8.9070,1.0507,4.5013
8.9072,1.0121,4.342
8.9074,0.9863,4.2255
8.9076,1.1017,4.713
8.9078,1.1922,5.0979
8.9080,1.1934,5.1078
8.9082,1.1594,4.9574
8.9084,1.1909,5.0923
8.9086,1.1672,4.9978
8.9088,1.1602,4.9587
8.9090,1.2447,5.3125
8.9092,1.2917,5.5131
8.9094,1.2869,5.5004
8.9096,1.2372,5.2877
8.9098,1.2524,5.3553
8.9100,1.3002,5.5625
8.9102,1.2574,5.3793
8.9104,1.1662,4.9913
8.9106,1.1799,5.0427
8.9108,1.2409,5.3061
8.9110,1.1916,5.1025
8.9112,1.2068,5.1605
8.9114,1.3217,5.6569
8.9116,1.2508,5.3586
8.9118,1.1549,4.95
8.9120,1.1024,4.7293
8.9122,1.0946,4.6915
8.9124,1.1008,4.7116
8.9126,1.1637,4.9875
8.9128,1.1237,4.8141
8.9130,1.1408,4.8894
8.9132,1.0651,4.5736
8.9134,1.0273,4.4114
8.9136,1.0363,4.4438
8.9138,1.0453,4.4782
8.9140,1.1546,4.9438
8.9142,1.1937,5.1088
8.9144,1.1519,4.9418
8.9146,1.1487,4.9256
8.9148,1.1528,4.9408
8.9150,1.1285,4.8392
8.9152,1.0541,4.5178
8.9154,1.0499,4.5082
8.9156,0.9205,3.96
8.9158,0.9349,4.0219
8.9160,0.9371,4.0256
8.9162,0.9615,4.1326
8.9164,0.9674,4.1579
8.9166,0.9718,4.1711
8.9168,0.9866,4.2403
8.9170,0.9252,3.9746
8.9172,1.0016,4.3007
8.9174,0.992,4.2655
8.9176,0.98,4.208
8.9178,1.0832,4.6449
8.9180,1.058,4.5496
8.9182,0.9192,3.9599
8.9184,0.7987,3.4407
8.9186,0.8016,3.4563
8.9188,0.8152,3.5055
8.9190,0.9769,4.1908
8.9192,1.0125,4.3435
8.9194,1.1172,4.7904
8.9196,1.1652,4.9942
8.9198,1.1802,5.0537
8.9200,1.1516,4.9379
8.9202,1.0785,4.6377
8.9204,1.0511,4.5071
8.9206,1.1438,4.8999
8.9208,1.1211,4.8118
8.9210,1.0739,4.6069
8.9212,1.108,4.7579
8.9214,1.027,4.4099
8.9216,1.0576,4.5369
8.9218,1.1559,4.9611
8.9220,1.16,4.9623
8.9222,1.2893,5.5338
8.9224,1.1083,4.7634
8.9226,0.9984,4.2873
8.9228,1.0884,4.6648
8.9230,1.1656,4.9934
8.9232,1.2355,5.2879
8.9234,1.2484,5.3608
8.9236,1.1313,4.8465
8.9238,1.2889,5.5163
8.9240,1.3012,5.5822
8.9242,1.1232,4.8228
8.9244,1.0547,4.533
8.9246,1.0467,4.488
8.9248,1.1145,4.788
8.9250,1.0501,4.5113
8.9252,1.0344,4.4377
8.9254,1.1663,4.9942
8.9256,1.2511,5.3547
8.9258,1.2198,5.2402
8.9260,1.0706,4.6037
8.9262,1.0248,4.4027
8.9264,1.0712,4.6084
8.9266,0.9975,4.2832
8.9268,1.1202,4.8099
8.9270,1.0938,4.6967
8.9272,1.0613,4.5593
8.9274,0.9928,4.2691
8.9276,1.0208,4.3913
8.9278,0.9968,4.2841
8.9280,0.998,4.2953
8.9282,0.9929,4.2696
8.9284,1.0161,4.3651
8.9286,1.0362,4.462
8.9288,0.8582,3.6952
8.9290,0.8751,3.7645
8.9292,0.9126,3.9315
8.9294,0.8651,3.7321
8.9296,0.8236,3.5449
8.9298,0.8883,3.8266
8.9300,0.8781,3.7809
8.9302,0.8233,3.5483
8.9304,0.8548,3.6808
8.9306,0.911,3.9229
8.9308,0.9206,3.955
8.9310,1.0213,4.3877
8.9312,1.0331,4.4403
8.9314,1.0385,4.4593
8.9316,1.0638,4.5658
8.9318,1.0957,4.7137
8.9320,0.9978,4.2927
8.9322,0.9841,4.2393
8.9324,0.8939,3.8509
8.9326,0.9112,3.9234
8.9328,0.9556,4.1035
8.9330,0.952,4.0995
8.9332,0.8777,3.7829
8.9334,0.8717,3.7553
8.9336,0.9209,3.9561
8.9338,1.0845,4.6657
8.9340,1.0148,4.3695
8.9342,0.9335,4.0176
8.9344,0.8974,3.8623
8.9346,0.9466,4.0744
8.9348,0.9024,3.8894
8.9350,0.77,3.325
8.9352,0.7417,3.1969
8.9354,0.8541,3.6743
8.9356,0.9218,3.9731
8.9358,0.8646,3.73
8.9360,0.7627,3.2919
8.9362,0.6952,2.9991
8.9364,0.6842,2.9515
8.9366,0.7144,3.089
8.9368,0.6784,2.9294
8.9370,0.7072,3.0466
8.9372,0.8048,3.4719
8.9374,0.7115,3.0737
8.9376,0.6911,2.9829
8.9378,0.6994,3.02
8.9380,0.6886,2.9748
8.9382,0.6699,2.8913
8.9384,0.6656,2.8767
8.9386,0.685,2.9593
8.9388,0.6559,2.8308
8.9390,0.702,3.0286
8.9392,0.763,3.2883
8.9394,0.7656,3.3012
8.9396,0.7633,3.2914
8.9398,0.7753,3.34
8.9400,0.7735,3.3369
8.9402,0.7863,3.386
8.9404,0.9163,3.9383
8.9406,1.02,4.3821
8.9408,1.0181,4.3677
8.9410,1.156,4.9593
8.9412,1.1313,4.842
8.9414,1.2327,5.2811
8.9416,1.2333,5.2886
8.9418,1.2228,5.2531
8.9420,1.0901,4.6785
8.9422,1.1048,4.7352
8.9424,1.1919,5.1059
8.9426,1.2156,5.2076
8.9428,1.2559,5.3752
8.9430,1.3173,5.6327
8.9432,1.3293,5.6946
8.9434,1.2686,5.4397
8.9436,1.2827,5.4901
8.9438,1.3474,5.7587
8.9440,1.3772,5.8973
8.9442,1.3859,5.9232
8.9444,1.4525,6.2197
8.9446,1.3591,5.8198
8.9448,1.3308,5.6933
8.9450,1.3525,5.7915
8.9452,1.3188,5.6578
8.9454,1.1474,4.9291
8.9456,1.1314,4.8629
8.9458,1.0649,4.5768
8.9460,1.0288,4.4197
8.9462,1.0788,4.6366
8.9464,1.0632,4.576
8.9466,0.9481,4.0787
8.9468,0.9546,4.1065
8.9470,1.011,4.3475
8.9472,1.0565,4.5429
8.9474,0.9932,4.2786
8.9476,0.9257,3.9878
8.9478,0.9584,4.1173
8.9480,1.0355,4.4506
8.9482,1.0702,4.6016
8.9484,1.0213,4.3918
8.9486,1.0619,4.5597
8.9488,1.1548,4.961
8.9490,1.0771,4.6316
8.9492,1.0053,4.3388
8.9494,0.8561,3.6882
8.9496,0.9379,4.0292
8.9498,1.0638,4.5637
8.9500,1.145,4.9165
8.9502,1.0987,4.7134
8.9504,1.1368,4.886
8.9506,1.0928,4.6991
8.9508,1.0475,4.5105
8.9510,0.9469,4.0754
8.9512,0.9554,4.1082
8.9514,1.0138,4.3614
8.9516,1.0031,4.3134
8.9518,1.0639,4.5812
8.9520,0.917,3.9524
8.9522,0.8895,3.8353
8.9524,0.9197,3.9619
8.9526,0.9167,3.9454
8.9528,0.9356,4.0306
8.9530,0.8951,3.856
8.9532,0.918,3.951
8.9534,0.9565,4.111
8.9536,1.0385,4.4738
8.9538,0.9697,4.1773
8.9540,0.9137,3.927
8.9542,1.0494,4.5167
8.9544,0.995,4.2764
8.9546,1.0561,4.5371
8.9548,1.0755,4.6227
8.9550,1.116,4.7941
8.9552,1.1062,4.7546
8.9554,1.0626,4.5649
8.9556,1.0728,4.6023
8.9558,1.1537,4.9495
8.9560,1.1204,4.8266
8.9562,0.877,3.7816
8.9564,0.8608,3.7135
8.9566,0.9151,3.9387
8.9568,0.9895,4.2547
8.9570,1.0867,4.6554
8.9572,1.2847,5.5086
8.9574,1.2074,5.1872
8.9576,1.0309,4.4392
8.9578,0.9173,3.9553
8.9580,0.8835,3.8042
8.9582,0.9172,3.9511
8.9584,0.8643,3.7268
8.9586,0.8541,3.6828
8.9588,0.8566,3.6937
8.9590,0.8493,3.657
8.9592,0.8471,3.6562
8.9594,0.8402,3.6245
8.9596,0.8425,3.631
8.9598,0.8649,3.7293
8.9600,0.8537,3.6813
8.9602,0.8483,3.6546
8.9604,0.8891,3.8213
8.9606,0.9799,4.2193
8.9608,0.9742,4.1989
8.9610,0.8546,3.6917
8.9612,0.756,3.2644
8.9614,0.7395,3.1959
8.9616,0.6736,2.9074
8.9618,0.8067,3.4802
8.9620,0.7391,3.1958
8.9622,0.6306,2.7292
8.9624,0.5964,2.5801
8.9626,0.6028,2.6088
8.9628,0.5897,2.5522
8.9630,0.5995,2.5935
8.9632,0.5977,2.5834
8.9634,0.5947,2.5704
8.9636,0.595,2.5726
8.9638,0.5903,2.5512
8.9640,0.6149,2.6599
8.9642,0.6032,2.6096
8.9644,0.5971,2.5844
8.9646,0.5849,2.5279
8.9648,0.6682,2.8787
8.9650,0.7889,3.3984
8.9652,0.8603,3.708
8.9654,0.866,3.734
8.9656,0.7377,3.1881
8.9658,0.6986,3.0122
8.9660,0.8005,3.4565
8.9662,0.7407,3.1952
8.9664,0.7253,3.129
8.9666,0.7068,3.0507
8.9668,0.7213,3.1105
8.9670,0.7186,3.1
8.9672,0.759,3.2774
8.9674,0.7335,3.1641
8.9676,0.7361,3.1755
8.9678,0.7303,3.1507
8.9680,0.7721,3.3183
8.9682,0.9413,4.0493
8.9684,0.8817,3.7982
8.9686,0.861,3.7007
8.9688,0.9761,4.1994
8.9690,0.8904,3.8359
8.9692,0.8633,3.7174
8.9694,0.8628,3.7154
8.9696,0.8956,3.8527
8.9698,0.9264,3.9909
8.9700,0.7749,3.3431
8.9702,0.8029,3.4588
8.9704,0.8451,3.6406
8.9706,0.8008,3.4532
8.9708,0.7873,3.3964
8.9710,0.7752,3.3395
8.9712,0.809,3.4819
8.9714,0.8645,3.7191
8.9716,0.9252,3.9764
8.9718,0.9585,4.1216
8.9720,0.9542,4.1069
8.9722,0.9339,4.0234
8.9724,0.8349,3.5934
8.9726,0.8459,3.6443
8.9728,0.8636,3.7202
8.9730,0.857,3.6884
8.9732,0.8404,3.6171
8.9734,0.8845,3.8071
8.9736,0.9838,4.2285
8.9738,1.045,4.4892
8.9740,1.0366,4.4469
8.9742,1.0591,4.55
8.9744,1.02,4.378
8.9746,1.0946,4.6959
8.9748,1.1607,4.984
8.9750,1.0311,4.4315
8.9752,0.9914,4.2589
8.9754,0.9951,4.2749
8.9756,1.0772,4.6235
8.9758,1.1374,4.8841
8.9760,1.115,4.7833
8.9762,1.0502,4.5182
8.9764,0.9859,4.2412
8.9766,1.0204,4.3754
8.9768,1.1055,4.7493
8.9770,1.0478,4.5016
8.9772,1.0806,4.6335
8.9774,1.1374,4.8772
8.9776,1.1307,4.8507
8.9778,1.1622,4.986
8.9780,1.1409,4.8967
8.9782,1.1306,4.8502
8.9784,1.1434,4.9075
8.9786,1.1172,4.7904
8.9788,1.1441,4.9083
8.9790,1.1628,4.9862
8.9792,1.1367,4.8787
8.9794,1.1049,4.7468
8.9796,1.1133,4.7828
8.9798,1.1482,4.9258
8.9800,1.0788,4.6388
8.9802,1.0534,4.5274
8.9804,1.0414,4.4779
8.9806,0.9884,4.254
8.9808,0.9475,4.0837
8.9810,0.8499,3.663
8.9812,0.8522,3.6745
8.9814,0.8504,3.6702
8.9816,0.7884,3.3963
8.9818,0.8422,3.6282
8.9820,0.8377,3.6086
8.9822,0.7552,3.2593
8.9824,0.7432,3.206
8.9826,0.7345,3.1732
8.9828,0.6977,3.0114
8.9830,0.7323,3.159
8.9832,0.7664,3.3018
8.9834,0.8084,3.4858
8.9836,0.7716,3.3255
8.9838,0.797,3.4367
8.9840,0.7167,3.0975
8.9842,0.6823,2.9474
8.9844,0.6945,2.9932
8.9846,0.7041,3.0416
8.9848,0.6688,2.8893
8.9850,0.6646,2.8672
8.9852,0.6831,2.9496
8.9854,0.6787,2.9305
8.9856,0.7239,3.1228
8.9858,0.6959,3.0078
8.9860,0.6588,2.8458
8.9862,0.6849,2.9546
8.9864,0.7161,3.0906
8.9866,0.7218,3.1125
8.9868,0.713,3.0785
8.9870,0.642,2.7707
8.9872,0.6781,2.9292
8.9874,0.6806,2.9374
8.9876,0.6681,2.8862
8.9878,0.5948,2.5721
8.9880,0.577,2.4937
8.9882,0.585,2.5273
8.9884,0.6427,2.7649
8.9886,0.8248,3.555
8.9888,0.7685,3.3152
8.9890,0.7359,3.1745
8.9892,0.7584,3.2687
8.9894,0.7534,3.2455
8.9896,0.7442,3.2077
8.9898,0.7492,3.2259
8.9900,0.8621,3.7037
8.9902,0.9777,4.2061
8.9904,0.96,4.1297
8.9906,0.9389,4.0408
8.9908,0.8957,3.8515
8.9910,0.9458,4.0689
8.9912,0.8913,3.8377
8.9914,0.9089,3.9064
8.9916,0.9315,4.0075
8.9918,0.8974,3.8587
8.9920,0.8709,3.7517
8.9922,0.8438,3.635
8.9924,0.8383,3.6095
8.9926,0.8573,3.6899
8.9928,0.8693,3.7433
8.9930,0.8842,3.8002
8.9932,0.9416,4.0433
8.9934,1.0073,4.3335
8.9936,0.9379,4.0442
8.9938,0.7737,3.3302
8.9940,0.774,3.3421
8.9942,0.6693,2.8914
8.9944,0.6693,2.8861
8.9946,0.7384,3.1794
8.9948,0.7847,3.3787
8.9950,0.8324,3.5892
8.9952,0.7794,3.3623
8.9954,0.6944,2.9969
8.9956,0.6534,2.8173
8.9958,0.6929,2.9893
8.9960,0.6518,2.8119
8.9962,0.6805,2.9369
8.9964,0.6421,2.77
8.9966,0.6988,3.0091
8.9968,0.8017,3.4617
8.9970,0.6583,2.8424
8.9972,0.6421,2.7687
8.9974,0.6809,2.9403
8.9976,0.6518,2.8093
8.9978,0.735,3.162
8.9980,0.8103,3.4892
8.9982,0.8052,3.4735
8.9984,0.6935,2.9877
8.9986,0.7452,3.2119
8.9988,0.7597,3.2744
8.9990,0.7399,3.1876
8.9992,0.7618,3.2832
8.9994,0.7789,3.354
8.9996,0.7794,3.3545
8.9998,0.8445,3.6279
9.0000,0.907,3.9017
9.0002,0.8878,3.8228
9.0004,0.8108,3.488
9.0006,0.8573,3.6865
9.0008,0.8361,3.5986
9.0010,0.7877,3.3901
9.0012,0.792,3.4134
9.0014,0.7879,3.3943
9.0016,0.7722,3.3312
9.0018,0.6916,2.9767
9.0020,0.7284,3.1424
9.0022,0.7065,3.0463
9.0024,0.7314,3.1495
9.0026,0.6983,3.0154
9.0028,0.606,2.6155
9.0030,0.6107,2.6345
9.0032,0.6954,3.0016
9.0034,0.646,2.7909
9.0036,0.6114,2.64
9.0038,0.6136,2.6481
9.0040,0.62,2.6773
9.0042,0.6197,2.6733
9.0044,0.5981,2.5801
9.0046,0.6106,2.6376
9.0048,0.6198,2.6713
9.0050,0.7072,3.0523
9.0052,0.6283,2.7105
9.0054,0.6125,2.6447
9.0056,0.6277,2.7067
9.0058,0.6634,2.8607
9.0060,0.6566,2.8326
9.0062,0.6264,2.7035
9.0064,0.6576,2.8367
9.0066,0.7169,3.0885
9.0068,0.7288,3.1396
9.0070,0.7035,3.032
9.0072,0.8018,3.451
9.0074,0.7767,3.34
9.0076,0.8574,3.6801
9.0078,0.9904,4.2509
9.0080,1.0008,4.2956
9.0082,1.0145,4.3563
9.0084,0.9926,4.2581
9.0086,0.9883,4.2455
9.0088,0.9705,4.1654
9.0090,0.9881,4.2411
9.0092,1.0002,4.2911
9.0094,1.0017,4.3012
9.0096,0.9976,4.2857
9.0098,0.9632,4.134
9.0100,1.0443,4.4694
9.0102,1.2185,5.2078
9.0104,1.2556,5.3742
9.0106,1.2127,5.1929
9.0108,1.1419,4.8986
9.0110,1.0778,4.626
9.0112,1.0716,4.5971
9.0114,1.0627,4.5591
9.0116,1.0901,4.6698
9.0118,1.0837,4.6556
9.0120,0.9573,4.1107
9.0122,0.9381,4.0284
9.0124,1.0222,4.3954
9.0126,0.9243,3.9765
9.0128,0.9088,3.904
9.0130,1.0554,4.5319
9.0132,1.0355,4.4526
9.0134,0.9549,4.1004
9.0136,0.9431,4.0495
9.0138,0.9416,4.0489
9.0140,0.9658,4.1531
9.0142,0.9016,3.8839
9.0144,0.829,3.5665
9.0146,0.8458,3.6404
9.0148,0.8456,3.6343
9.0150,0.9055,3.8865
9.0152,0.9802,4.2169
9.0154,0.9234,3.9706
9.0156,0.9556,4.1054
9.0158,0.9838,4.2186
9.0160,1.0702,4.5995
9.0162,0.9777,4.208
9.0164,0.8482,3.6592
9.0166,0.6859,2.956
9.0168,0.7025,3.0335
9.0170,0.6795,2.9286
9.0172,0.7832,3.3757
9.0174,0.7421,3.2043
9.0176,0.6373,2.748
9.0178,0.6911,2.9788
9.0180,0.7504,3.2356
9.0182,0.7186,3.1
9.0184,0.7064,3.0458
9.0186,0.7277,3.1379
9.0188,0.7366,3.1791
9.0190,0.6468,2.7953
9.0192,0.6409,2.7648
9.0194,0.6736,2.906
9.0196,0.6656,2.8714
9.0198,0.6564,2.8328
9.0200,0.6413,2.7676
9.0202,0.6103,2.6353
9.0204,0.5958,2.5727
9.0206,0.6007,2.5927
9.0208,0.6108,2.6411
9.0210,0.5179,2.2382
9.0212,0.5565,2.4007
9.0214,0.6438,2.7746
9.0216,0.6773,2.9207
9.0218,0.6746,2.9102
9.0220,0.6688,2.8853
9.0222,0.6737,2.9052
9.0224,0.6729,2.9016
9.0226,0.7416,3.1889
9.0228,0.8928,3.8391
9.0230,0.8907,3.8298
9.0232,0.8637,3.7138
9.0234,0.8278,3.563
9.0236,0.7938,3.4196
9.0238,0.779,3.356
9.0240,0.7466,3.2181
9.0242,0.6781,2.9224
9.0244,0.6969,3.0064
9.0246,0.6532,2.8168
9.0248,0.6648,2.8651
9.0250,0.6893,2.9696
9.0252,0.6956,3.0007
9.0254,0.6748,2.9112
9.0256,0.6686,2.8803
9.0258,0.6919,2.9819
9.0260,0.6958,2.9961
9.0262,0.7615,3.2852
9.0264,0.6753,2.9106
9.0266,0.6928,2.986
9.0268,0.7264,3.1351
9.0270,0.6308,2.7239
9.0272,0.5966,2.5763
9.0274,0.5693,2.4605
9.0276,0.5478,2.3645
9.0278,0.5634,2.4306
9.0280,0.5625,2.4276
9.0282,0.5777,2.4934
9.0284,0.565,2.4396
9.0286,0.5627,2.4298
9.0288,0.5559,2.4003
9.0290,0.5586,2.4111
9.0292,0.5842,2.5201
9.0294,0.563,2.4308
9.0296,0.5477,2.3662
9.0298,0.5444,2.3495
9.0300,0.5531,2.3884
9.0302,0.6038,2.6026
9.0304,0.703,3.0271
9.0306,0.7349,3.1689
9.0308,0.6865,2.9545
9.0310,0.7657,3.2941
9.0312,0.7549,3.2431
9.0314,0.8622,3.7076
9.0316,0.874,3.7512
9.0318,0.8976,3.8651
9.0320,0.7856,3.3797
9.0322,0.776,3.34
9.0324,0.8249,3.5456
9.0326,0.8496,3.6552
9.0328,0.7763,3.3426
9.0330,0.7465,3.2101
9.0332,0.7843,3.3772
9.0334,0.7517,3.2322
9.0336,0.7909,3.4056
9.0338,0.7405,3.1902
9.0340,0.7682,3.3034
9.0342,0.8737,3.7536
9.0344,0.7959,3.4225
9.0346,0.7848,3.3808
9.0348,0.768,3.3039
9.0350,0.8404,3.6121
9.0352,0.7745,3.3395
9.0354,0.6312,2.7242
9.0356,0.609,2.626
9.0358,0.663,2.8573
9.0360,0.6507,2.8046
9.0362,0.6468,2.7863
9.0364,0.6374,2.7511
9.0366,0.6116,2.6398
9.0368,0.6078,2.622
9.0370,0.6139,2.6472
9.0372,0.6173,2.6604
9.0374,0.6583,2.8372
9.0376,0.6231,2.6895
9.0378,0.6289,2.7043
9.0380,0.7718,3.3235
9.0382,0.7288,3.1411
9.0384,0.6789,2.9274
9.0386,0.6132,2.6465
9.0388,0.5974,2.5746
9.0390,0.608,2.6194
9.0392,0.6308,2.7188
9.0394,0.6241,2.6911
9.0396,0.6583,2.8319
9.0398,0.7011,3.0189
9.0400,0.7188,3.0982
9.0402,0.7098,3.0566
9.0404,0.7628,3.2817
9.0406,0.7585,3.2571
9.0408,0.9014,3.8618
9.0410,1.0904,4.6735
9.0412,1.0624,4.5554
9.0414,1.0685,4.5752
9.0416,1.1002,4.7135
9.0418,1.0624,4.5575
9.0420,1.0079,4.328
9.0422,0.9687,4.1577
9.0424,0.9419,4.0405
9.0426,0.9735,4.1763
9.0428,1.0104,4.3388
9.0430,0.9749,4.1747
9.0432,1.0602,4.5483
9.0434,0.9556,4.0978
9.0436,1.0387,4.452
9.0438,1.1088,4.7544
9.0440,1.0309,4.4186
9.0442,1.0368,4.4438
9.0444,1.0315,4.4274
9.0446,0.9712,4.1763
9.0448,0.892,3.8301
9.0450,0.8416,3.6206
9.0452,0.8035,3.455
9.0454,0.8854,3.8054
9.0456,0.8857,3.8069
9.0458,0.8601,3.6915
9.0460,0.9897,4.2458
9.0462,1.0856,4.6551
9.0464,1.0469,4.4953
9.0466,0.8879,3.8162
9.0468,0.8901,3.8272
9.0470,0.8706,3.7367
9.0472,0.9228,3.9625
9.0474,0.9967,4.2796
9.0476,1.0031,4.3074
9.0478,0.9751,4.185
9.0480,0.9397,4.0482
9.0482,0.7862,3.387
9.0484,0.7535,3.246
9.0486,0.7029,3.0294
9.0488,0.6698,2.8881
9.0490,0.7138,3.0765
9.0492,0.7548,3.2517
9.0494,0.7813,3.358
9.0496,0.8309,3.5764
9.0498,0.7827,3.3705
9.0500,0.769,3.3096
9.0502,0.7654,3.2895
9.0504,0.8371,3.6027
9.0506,0.8143,3.5063
9.0508,0.8186,3.5183
9.0510,0.8998,3.8654
9.0512,0.9655,4.1477
9.0514,0.9302,3.9944
9.0516,0.9447,4.0586
9.0518,0.916,3.9423
9.0520,0.8043,3.457
9.0522,0.8812,3.7856
9.0524,1.0016,4.3007
9.0526,1.0299,4.4243
9.0528,0.9347,4.0153
9.0530,0.9451,4.0658
9.0532,0.8128,3.5017
9.0534,0.7801,3.356
9.0536,0.8833,3.7895
9.0538,1.0163,4.3641
9.0540,0.9781,4.2037
9.0542,0.9692,4.1636
9.0544,0.9737,4.1832
9.0546,0.963,4.1369
9.0548,0.9646,4.1421
9.0550,0.9564,4.1124
9.0552,0.9034,3.8845
9.0554,0.9682,4.1595
9.0556,1.0106,4.3333
9.0558,0.9831,4.2214
9.0560,1.0037,4.302
9.0562,1.1389,4.872
9.0564,1.1567,4.9623
9.0566,0.9904,4.2627
9.0568,0.8041,3.4656
9.0570,0.7638,3.292
9.0572,0.7681,3.3059
9.0574,0.7911,3.4035
9.0576,0.7989,3.4434
9.0578,0.7554,3.2543
9.0580,0.7945,3.4227
9.0582,0.805,3.4697
9.0584,0.7674,3.3059
9.0586,0.7682,3.3126
9.0588,0.7721,3.3245
9.0590,0.7953,3.4263
9.0592,0.7694,3.3147
9.0594,0.7669,3.2947
9.0596,0.9324,4.0092
9.0598,0.9047,3.8938
9.0600,0.8837,3.8034
9.0602,0.849,3.6543
9.0604,0.8621,3.7071
9.0606,0.8717,3.7536
9.0608,0.8116,3.4917
9.0610,0.8036,3.4571
9.0612,0.8026,3.4578
9.0614,0.7958,3.4252
9.0616,0.7933,3.4159
9.0618,0.7739,3.3338
9.0620,0.8065,3.4759
9.0622,0.7506,3.2336
9.0624,0.7267,3.1323
9.0626,0.7091,3.0549
9.0628,0.7487,3.2193
9.0630,0.8791,3.7873
9.0632,0.7386,3.1849
9.0634,0.7083,3.0527
9.0636,0.7012,3.0208
9.0638,0.718,3.0917
9.0640,0.7325,3.1585
9.0642,0.7168,3.0865
9.0644,0.8038,3.4581
9.0646,0.8719,3.7494
9.0648,0.8448,3.6362
9.0650,0.7736,3.3359
9.0652,0.7032,3.0324
9.0654,0.7029,3.028
9.0656,0.7188,3.0938
9.0658,0.8108,3.4897
9.0660,0.7784,3.3472
9.0662,0.8914,3.8365
9.0664,0.8297,3.5745
9.0666,0.7295,3.1471
9.0668,0.6553,2.8256
9.0670,0.6718,2.8929
9.0672,0.7796,3.3555
9.0674,0.7597,3.2759
9.0676,0.7133,3.0744
9.0678,0.6911,2.976
9.0680,0.7285,3.1371
9.0682,0.7353,3.169
9.0684,0.6353,2.7443
9.0686,0.583,2.5161
9.0688,0.6014,2.5958
9.0690,0.5863,2.5294
9.0692,0.5715,2.4699
9.0694,0.5543,2.3936
9.0696,0.5729,2.475
9.0698,0.562,2.4267
9.0700,0.5693,2.456
9.0702,0.6172,2.6599
9.0704,0.706,3.0386
9.0706,0.7211,3.1065
9.0708,0.6815,2.932
9.0710,0.7893,3.3989
9.0712,0.817,3.5181
9.0714,0.8116,3.4884
9.0716,0.7971,3.4308
9.0718,0.7504,3.2296
9.0720,0.7773,3.3441
9.0722,0.7944,3.4174
9.0724,0.8,3.4448
9.0726,0.8098,3.4823
9.0728,0.9005,3.8631
9.0730,0.9518,4.0871
9.0732,0.8692,3.7375
9.0734,0.8456,3.6343
9.0736,0.9139,3.9207
9.0738,0.9472,4.0656
9.0740,0.9717,4.1725
9.0742,0.9987,4.2884
9.0744,1.0221,4.3826
9.0746,1.0108,4.3424
9.0748,0.9252,3.9746
9.0750,0.9702,4.1658
9.0752,0.9765,4.1853
9.0754,1.0518,4.5059
9.0756,1.0305,4.4186
9.0758,1.0699,4.5878
9.0760,1.1203,4.7992
9.0762,1.1435,4.9012
9.0764,1.1068,4.7439
9.0766,1.0998,4.7202
9.0768,1.0034,4.3044
9.0770,1.0007,4.2911
9.0772,1.026,4.4099
9.0774,0.9712,4.1724
9.0776,1.0136,4.3482
9.0778,1.0115,4.3455
9.0780,0.9452,4.0606
9.0782,0.9613,4.1297
9.0784,0.917,3.9451
9.0786,0.8252,3.5466
9.0788,0.9571,4.1174
9.0790,0.946,4.0642
9.0792,0.8925,3.8358
9.0794,0.9175,3.9361
9.0796,1.0869,4.6586
9.0798,1.1007,4.7177
9.0800,1.0522,4.5264
9.0802,0.8966,3.8556
9.0804,0.8877,3.8205
9.0806,0.8245,3.5551
9.0808,0.7826,3.3668
9.0810,0.8854,3.8036
9.0812,0.9429,4.0603
9.0814,0.8803,3.7819
9.0816,0.9965,4.2751
9.0818,1.0371,4.4469
9.0820,1.0841,4.6593
9.0822,0.9588,4.1246
9.0824,0.9212,3.9594
9.0826,0.9348,4.0195
9.0828,0.9663,4.1552
9.0830,0.9475,4.0723
9.0832,0.909,3.9087
9.0834,0.911,3.9175
9.0836,0.9065,3.9015
9.0838,0.8341,3.5898
9.0840,0.86,3.7013
9.0842,0.8507,3.6649
9.0844,0.7267,3.1381
9.0846,0.6797,2.9338
9.0848,0.6755,2.9143
9.0850,0.6964,3.0029
9.0852,0.7168,3.0908
9.0854,0.7666,3.3023
9.0856,0.8103,3.4892
9.0858,0.7379,3.1848
9.0860,0.6664,2.8723
9.0862,0.7295,3.1456
9.0864,0.7841,3.3699
9.0866,0.9224,3.9646
9.0868,0.8616,3.7137
9.0870,0.8043,3.4602
9.0872,0.8811,3.785
9.0874,0.9249,3.9699
9.0876,0.9633,4.1384
9.0878,0.9102,3.9175
9.0880,0.8562,3.6853
9.0882,0.8528,3.6737
9.0884,0.7945,3.4195
9.0886,0.7927,3.4165
9.0888,0.7736,3.3312
9.0890,0.8193,3.5198
9.0892,0.9272,3.9815
9.0894,0.9761,4.1973
9.0896,0.9512,4.0882
9.0898,0.9536,4.0985
9.0900,0.9273,3.9857
9.0902,0.9432,4.0537
9.0904,0.9375,4.0295
9.0906,0.9605,4.1265
9.0908,0.9663,4.157
9.0910,0.8637,3.7155
9.0912,0.8468,3.6444
9.0914,0.8481,3.6501
9.0916,0.8946,3.8503
9.0918,0.8634,3.7127
9.0920,0.8683,3.7338
9.0922,0.9579,4.1151
9.0924,0.939,4.0413
9.0926,0.9026,3.8813
9.0928,0.8903,3.8318
9.0930,0.8535,3.6733
9.0932,0.8593,3.6969
9.0934,0.8092,3.4845
9.0936,0.8091,3.4791
9.0938,0.8807,3.7852
9.0940,0.902,3.8841
9.0942,0.834,3.5914
9.0944,0.8135,3.4998
9.0946,0.8358,3.6008
9.0948,0.7717,3.326
9.0950,0.7575,3.262
9.0952,0.7978,3.4371
9.0954,0.7845,3.3766
9.0956,0.7334,3.1641
9.0958,0.6565,2.8294
9.0960,0.7483,3.2282
9.0962,0.6814,2.941
9.0964,0.649,2.7999
9.0966,0.6448,2.7818
9.0968,0.6605,2.8456
9.0970,0.7403,3.1891
9.0972,0.7971,3.4324
9.0974,0.762,3.2765
9.0976,0.8834,3.797
9.0978,0.9249,3.9772
9.0980,0.8923,3.8387
9.0982,0.8292,3.5707
9.0984,0.837,3.6009
9.0986,0.8557,3.6831
9.0988,0.8384,3.6083
9.0990,0.8481,3.6484
9.0992,0.8756,3.7635
9.0994,0.8712,3.7514
9.0996,0.8245,3.5484
9.0998,0.8444,3.6324
9.1000,0.8469,3.6415
9.1002,0.8573,3.6864
9.1004,0.8445,3.6312
9.1006,0.8318,3.5816
9.1008,0.8423,3.6287
9.1010,0.8357,3.6003
9.1012,0.8002,3.4458
9.1014,0.8126,3.5006
9.1016,0.8239,3.5426
9.1018,0.8435,3.6372
9.1020,0.755,3.2527
9.1022,0.7315,3.1529
9.1024,0.7295,3.1412
9.1026,0.7466,3.2195
9.1028,0.7349,3.1659
9.1030,0.7273,3.1333
9.1032,0.727,3.1303
9.1034,0.7396,3.1845
9.1036,0.7462,3.2189
9.1038,0.7173,3.0914
9.1040,0.7898,3.3961
9.1042,0.8566,3.6867
9.1044,0.7849,3.3828
9.1046,0.765,3.2925
9.1048,0.809,3.4819
9.1050,0.7912,3.4055
9.1052,0.8152,3.5054
9.1054,0.9201,3.9547
9.1056,0.9213,3.9654
9.1058,0.837,3.6026
9.1060,0.7761,3.342
9.1062,0.7343,3.1633
9.1064,0.7355,3.1685
9.1066,0.7597,3.2682
9.1068,0.7753,3.3431
9.1070,0.7923,3.4117
9.1072,0.8388,3.6053
9.1074,0.9962,4.2795
9.1076,0.9977,4.2842
9.1078,1.0109,4.3388
9.1080,1.0153,4.3599
9.1082,1.0355,4.4319
9.1084,1.1563,4.9607
9.1086,1.127,4.8302
9.1088,1.1596,4.9676
9.1090,1.1772,5.0384
9.1092,1.1786,5.0517
9.1094,1.1505,4.9286
9.1096,1.1779,5.0486
9.1098,1.2306,5.2594
9.1100,1.2953,5.5413
9.1102,1.2706,5.4458
9.1104,1.2121,5.195
9.1106,1.1791,5.0584
9.1108,1.0741,4.6121
9.1110,1.0074,4.3259
9.1112,0.9512,4.092
9.1114,0.9234,3.9668
9.1116,0.98,4.2119
9.1118,1.0232,4.3918
9.1120,1.0808,4.6366
9.1122,1.1043,4.733
9.1124,1.1182,4.7949
9.1126,1.1363,4.8793
9.1128,1.0459,4.4932
9.1130,1.0535,4.5215
9.1132,1.0482,4.503
9.1134,0.9701,4.1716
9.1136,0.984,4.2255
9.1138,1.0379,4.4566
9.1140,1.0397,4.4623
9.1142,1.0212,4.3912
9.1144,1.0303,4.4263
9.1146,1.0703,4.5957
9.1148,1.0364,4.4567
9.1150,0.9026,3.8885
9.1152,0.8168,3.5203
9.1154,0.7968,3.434
9.1156,0.8045,3.4628
9.1158,0.8165,3.5144
9.1160,0.9103,3.9179
9.1162,0.9083,3.9092
9.1164,0.8191,3.5334
9.1166,0.696,3.0041
9.1168,0.7095,3.0578
9.1170,0.7637,3.2944
9.1172,0.7277,3.1393
9.1174,0.6836,2.9503
9.1176,0.6712,2.8943
9.1178,0.7158,3.0852
9.1180,0.7213,3.1118
9.1182,0.7033,3.0328
9.1184,0.697,3.0068
9.1186,0.6725,2.9013
9.1188,0.6909,2.9818
9.1190,0.6516,2.8121
9.1192,0.6704,2.8933
9.1194,0.724,3.1232
9.1196,0.7468,3.22
9.1198,0.6882,2.9691
9.1200,0.6069,2.622
9.1202,0.5905,2.551
9.1204,0.5864,2.5346
9.1206,0.5887,2.5409
9.1208,0.6562,2.8323
9.1210,0.6243,2.6996
9.1212,0.577,2.4925
9.1214,0.5737,2.4785
9.1216,0.5782,2.4954
9.1218,0.5806,2.5069
9.1220,0.5855,2.5269
9.1222,0.6611,2.8495
9.1224,0.7746,3.3384
9.1226,0.7673,3.3038
9.1228,0.7512,3.2376
9.1230,0.753,3.2454
9.1232,0.7448,3.2043
9.1234,0.7929,3.4143
9.1236,0.7821,3.3725
9.1238,0.6918,2.986
9.1240,0.6217,2.6845
9.1242,0.6162,2.6582
9.1244,0.6629,2.8599
9.1246,0.673,2.9034
9.1248,0.677,2.9204
9.1250,0.6679,2.8798
9.1252,0.6669,2.8743
9.1254,0.6707,2.8909
9.1256,0.6693,2.8887
9.1258,0.6697,2.8889
9.1260,0.7213,3.1017
9.1262,0.9003,3.8643
9.1264,0.9503,4.0922
9.1266,0.7219,3.1188
9.1268,0.5649,2.4402
9.1270,0.5584,2.4111
9.1272,0.5559,2.4013
9.1274,0.554,2.392
9.1276,0.5953,2.5706
9.1278,0.598,2.5808
9.1280,0.5854,2.5288
9.1282,0.5671,2.45
9.1284,0.5493,2.3685
9.1286,0.5797,2.5033
9.1288,0.5761,2.4877
9.1290,0.5784,2.4987
9.1292,0.5963,2.5688
9.1294,0.7249,3.1201
9.1296,0.689,2.9722
9.1298,0.5803,2.5047
9.1300,0.6063,2.6146
9.1302,0.6706,2.893
9.1304,0.665,2.8661
9.1306,0.6725,2.8986
9.1308,0.7014,3.019
9.1310,0.8135,3.4982
9.1312,0.8285,3.5627
9.1314,0.8337,3.5832
9.1316,0.8616,3.6998
9.1318,0.9015,3.8749
9.1320,0.8688,3.7376
9.1322,0.8511,3.663
9.1324,0.7547,3.2496
9.1326,0.7683,3.3023
9.1328,0.8318,3.5799
9.1330,0.8427,3.6269
9.1332,0.7614,3.28
9.1334,0.7418,3.1973
9.1336,0.8459,3.6408
9.1338,0.7926,3.408
9.1340,0.809,3.4819
9.1342,0.7644,3.296
9.1344,0.6721,2.8952
9.1346,0.667,2.8735
9.1348,0.6675,2.8783
9.1350,0.6626,2.8584
9.1352,0.6063,2.617
9.1354,0.6167,2.659
9.1356,0.6681,2.8822
9.1358,0.638,2.7536
9.1360,0.6155,2.6489
9.1362,0.6874,2.9641
9.1364,0.6523,2.8126
9.1366,0.6318,2.7254
9.1368,0.6513,2.8072
9.1370,0.6093,2.6287
9.1372,0.6005,2.5916
9.1374,0.6392,2.755
9.1376,0.6453,2.78
9.1378,0.6319,2.7209
9.1380,0.6855,2.9503
9.1382,0.6875,2.966
9.1384,0.5784,2.4999
9.1386,0.5157,2.2278
9.1388,0.5115,2.2077
9.1390,0.565,2.4362
9.1392,0.5685,2.4569
9.1394,0.4777,2.0627
9.1396,0.5077,2.1901
9.1398,0.5583,2.4095
9.1400,0.5978,2.5779
9.1402,0.6125,2.6434
9.1404,0.5862,2.5277
9.1406,0.5969,2.5713
9.1408,0.6918,2.9749
9.1410,0.8119,3.4894
9.1412,0.8129,3.494
9.1414,0.8001,3.4437
9.1416,0.7766,3.3394
9.1418,0.811,3.489
9.1420,0.7391,3.1825
9.1422,0.7258,3.1194
9.1424,0.8565,3.6777
9.1426,0.9108,3.9054
9.1428,0.9651,4.1383
9.1430,0.9914,4.2529
9.1432,0.9966,4.2736
9.1434,0.9615,4.1325
9.1436,0.8593,3.6986
9.1438,0.8006,3.4409
9.1440,0.8137,3.4971
9.1442,0.8691,3.7404
9.1444,0.7918,3.4081
9.1446,0.8103,3.4827
9.1448,0.8345,3.5918
9.1450,0.7561,3.2573
9.1452,0.72,3.1004
9.1454,0.7183,3.0917
9.1456,0.7114,3.0646
9.1458,0.7297,3.1407
9.1460,0.7776,3.342
9.1462,0.8105,3.4837
9.1464,0.7959,3.4224
9.1466,0.7827,3.3735
9.1468,0.7277,3.132
9.1470,0.7691,3.3069
9.1472,0.8332,3.5744
9.1474,0.9071,3.9058
9.1476,0.7458,3.2084
9.1478,0.7568,3.2543
9.1480,0.7833,3.373
9.1482,0.7248,3.121
9.1484,0.7349,3.1673
9.1486,0.7104,3.0577
9.1488,0.7498,3.2239
9.1490,0.7486,3.2263
9.1492,0.684,2.9455
9.1494,0.7024,3.0301
9.1496,0.6012,2.5899
9.1498,0.6976,3.0024
9.1500,0.7842,3.3688
9.1502,0.8697,3.7413
9.1504,0.7595,3.2687
9.1506,0.7481,3.2212
9.1508,0.6601,2.8488
9.1510,0.5663,2.4408
9.1512,0.6513,2.8032
9.1514,0.7258,3.1324
9.1516,0.6221,2.6823
9.1518,0.6372,2.7436
9.1520,0.6923,2.9839
9.1522,0.6819,2.9376
9.1524,0.6644,2.8621
9.1526,0.678,2.9224
9.1528,0.6743,2.9064
9.1530,0.6135,2.6468
9.1532,0.6171,2.6623
9.1534,0.6037,2.6044
9.1536,0.5737,2.4762
9.1538,0.5174,2.232
9.1540,0.5484,2.3638
9.1542,0.5851,2.5231
9.1544,0.5897,2.5439
9.1546,0.5885,2.5399
9.1548,0.6006,2.5898
9.1550,0.559,2.4137
9.1552,0.4942,2.1341
9.1554,0.4962,2.1424
9.1556,0.5511,2.3751
9.1558,0.6304,2.7134
9.1560,0.697,2.9985
9.1562,0.7474,3.2181
9.1564,0.7376,3.1748
9.1566,0.7421,3.1909
9.1568,0.7932,3.4153
9.1570,0.702,3.0243
9.1572,0.6619,2.8539
9.1574,0.5935,2.5581
9.1576,0.596,2.5689
9.1578,0.595,2.569
9.1580,0.5411,2.3376
9.1582,0.52,2.2454
9.1584,0.5423,2.3374
9.1586,0.5695,2.457
9.1588,0.5513,2.3784
9.1590,0.5427,2.3389
9.1592,0.5703,2.4544
9.1594,0.6956,2.9923
9.1596,0.67,2.8878
9.1598,0.6505,2.8061
9.1600,0.5866,2.5293
9.1602,0.5856,2.5251
9.1604,0.5921,2.5542
9.1606,0.5188,2.2392
9.1608,0.484,2.0891
9.1610,0.4781,2.0652
9.1612,0.4763,2.0584
9.1614,0.4771,2.0601
9.1616,0.4748,2.0502
9.1618,0.4658,2.0124
9.1620,0.4628,1.9994
9.1622,0.4598,1.9846
9.1624,0.4621,1.9963
9.1626,0.4629,1.9981
9.1628,0.4693,2.0264
9.1630,0.4663,2.0154
9.1632,0.4631,2.0004
9.1634,0.461,1.9898
9.1636,0.464,2.0037
9.1638,0.4914,2.1197
9.1640,0.5121,2.2102
9.1642,0.5145,2.2134
9.1644,0.6566,2.8233
9.1646,0.6826,2.9379
9.1648,0.6958,2.9961
9.1650,0.6661,2.8681
9.1652,0.6548,2.8182
9.1654,0.6386,2.7524
9.1656,0.5716,2.4658
9.1658,0.5542,2.3875
9.1660,0.5474,2.3569
9.1662,0.5496,2.3689
9.1664,0.5496,2.37
9.1666,0.5476,2.3601
9.1668,0.5498,2.3683
9.1670,0.55,2.3716
9.1672,0.5498,2.3705
9.1674,0.5458,2.3524
9.1676,0.5474,2.358
9.1678,0.5523,2.3803
9.1680,0.5827,2.5104
9.1682,0.6297,2.7116
9.1684,0.6062,2.6104
9.1686,0.594,2.5625
9.1688,0.5522,2.3809
9.1690,0.5614,2.4207
9.1692,0.5396,2.3244
9.1694,0.5538,2.3848
9.1696,0.6386,2.7511
9.1698,0.6306,2.7152
9.1700,0.6499,2.7957
9.1702,0.6448,2.778
9.1704,0.5996,2.5844
9.1706,0.6248,2.6867
9.1708,0.6972,2.9939
9.1710,0.6761,2.9101
9.1712,0.6159,2.6535
9.1714,0.6336,2.7281
9.1716,0.7127,3.0646
9.1718,0.7093,3.053
9.1720,0.674,2.8954
9.1722,0.7581,3.2585
9.1724,0.705,3.0316
9.1726,0.7041,3.0275
9.1728,0.7252,3.1197
9.1730,0.6751,2.9054
9.1732,0.6495,2.7955
9.1734,0.6849,2.9491
9.1736,0.6884,2.9613
9.1738,0.7372,3.1654
9.1740,0.7831,3.3626
9.1742,0.8068,3.4629
9.1744,0.8577,3.6794
9.1746,0.8645,3.7122
9.1748,0.8856,3.801
9.1750,0.8798,3.7728
9.1752,0.939,4.0225
9.1754,0.9713,4.1651
9.1756,0.9718,4.1652
9.1758,0.9896,4.2333
9.1760,0.997,4.2711
9.1762,1.0029,4.2963
9.1764,1.0531,4.5115
9.1766,0.9985,4.2818
9.1768,1.0101,4.3271
9.1770,1.0336,4.4236
9.1772,1.0296,4.4149
9.1774,0.9135,3.9246
9.1776,0.8029,3.4539
9.1778,0.7652,3.2904
9.1780,0.7695,3.309
9.1782,0.7573,3.2519
9.1784,0.8319,3.5754
9.1786,0.8057,3.4631
9.1788,0.8276,3.5569
9.1790,0.7753,3.3337
9.1792,0.7891,3.3867
9.1794,0.861,3.6972
9.1796,0.8513,3.6555
9.1798,0.8137,3.4987
9.1800,0.7754,3.3343
9.1802,0.7718,3.3203
9.1804,0.7147,3.0748
9.1806,0.715,3.0773
9.1808,0.7095,3.0507
9.1810,0.7562,3.2563
9.1812,0.7448,3.1998
9.1814,0.8537,3.6692
9.1816,0.8163,3.5101
9.1818,0.7746,3.3369
9.1820,0.6888,2.962
9.1822,0.7288,3.1366
9.1824,0.7394,3.1811
9.1826,0.7458,3.2069
9.1828,0.7386,3.1804
9.1830,0.7099,3.0513
9.1832,0.8084,3.4761
9.1834,0.7938,3.41
9.1836,0.8074,3.4687
9.1838,0.8591,3.6907
9.1840,0.8457,3.6398
9.1842,0.6969,3.0007
9.1844,0.6627,2.8589
9.1846,0.5933,2.5582
9.1848,0.6086,2.622
9.1850,0.6579,2.8316
9.1852,0.6623,2.8494
9.1854,0.6662,2.8739
9.1856,0.5855,2.5211
9.1858,0.6482,2.7937
9.1860,0.5872,2.533
9.1862,0.5585,2.4072
9.1864,0.5669,2.4433
9.1866,0.577,2.4833
9.1868,0.638,2.7472
9.1870,0.6428,2.7717
9.1872,0.5994,2.5858
9.1874,0.5897,2.5403
9.1876,0.6175,2.6577
9.1878,0.6494,2.795
9.1880,0.6706,2.8877
9.1882,0.6459,2.78
9.1884,0.7205,3.0924
9.1886,0.8447,3.6221
9.1888,0.881,3.7814
9.1890,0.8573,3.6864
9.1892,0.7845,3.3782
9.1894,0.6662,2.8672
9.1896,0.6313,2.7183
9.1898,0.6827,2.9385
9.1900,0.7115,3.0595
9.1902,0.7101,3.0533
9.1904,0.7334,3.1538
9.1906,0.7496,3.2234
9.1908,0.7633,3.2852
9.1910,0.7549,3.2446
9.1912,0.7487,3.2193
9.1914,0.7999,3.4394
9.1916,0.7423,3.1949
9.1918,0.7123,3.0659
9.1920,0.709,3.0486
9.1922,0.7382,3.1774
9.1924,0.7302,3.1414
9.1926,0.7604,3.2744
9.1928,0.6833,2.9424
9.1930,0.6566,2.826
9.1932,0.7121,3.0649
9.1934,0.6876,2.9582
9.1936,0.6613,2.8487
9.1938,0.5986,2.5798
9.1940,0.5592,2.4125
9.1942,0.5542,2.3908
9.1944,0.6206,2.6699
9.1946,0.6429,2.771
9.1948,0.5679,2.4497
9.1950,0.5609,2.4175
9.1952,0.5593,2.4119
9.1954,0.5784,2.4906
9.1956,0.68,2.9252
9.1958,0.7363,3.1691
9.1960,0.7315,3.15
9.1962,0.6279,2.7064
9.1964,0.5598,2.4128
9.1966,0.5538,2.3881
9.1968,0.556,2.3963
9.1970,0.5536,2.386
9.1972,0.6013,2.5892
9.1974,0.6962,2.9935
9.1976,0.7464,3.208
9.1978,0.7711,3.3172
9.1980,0.7741,3.3255
9.1982,0.7246,3.1171
9.1984,0.6682,2.8773
9.1986,0.6765,2.913
9.1988,0.6921,2.9759
9.1990,0.7727,3.3162
9.1992,0.7818,3.3678
9.1994,0.6772,2.912
9.1996,0.6868,2.9546
9.1998,0.7307,3.139
9.2000,0.7474,3.2151
9.2002,0.6912,2.9751
9.2004,0.6993,3.0083
9.2006,0.7646,3.2848
9.2008,0.7806,3.3596
9.2010,0.7193,3.0944
9.2012,0.6968,3.003
9.2014,0.5601,2.415
9.2016,0.5135,2.2154
9.2018,0.5095,2.1989
9.2020,0.5065,2.1839
9.2022,0.5007,2.1601
9.2024,0.581,2.5043
9.2026,0.5657,2.4404
9.2028,0.495,2.1362
9.2030,0.4917,2.1213
9.2032,0.4852,2.0924
9.2034,0.4922,2.1224
9.2036,0.5602,2.4133
9.2038,0.6235,2.686
9.2040,0.5393,2.3277
9.2042,0.488,2.1062
9.2044,0.4906,2.1156
9.2046,0.5085,2.1917
9.2048,0.5468,2.3565
9.2050,0.5469,2.3581
9.2052,0.491,2.1192
9.2054,0.4852,2.0953
9.2056,0.4852,2.0934
9.2058,0.4905,2.1151
9.2060,0.4888,2.1089
9.2062,0.512,2.2077
9.2064,0.5551,2.3894
9.2066,0.6128,2.6376
9.2068,0.5888,2.5379
9.2070,0.5754,2.4789
9.2072,0.6459,2.7774
9.2074,0.7183,3.0874
9.2076,0.7739,3.3245
9.2078,0.7765,3.3311
9.2080,0.8616,3.6998
9.2082,0.8557,3.6746
9.2084,0.8426,3.6112
9.2086,0.8862,3.8036
9.2088,0.8717,3.743
9.2090,0.8716,3.739
9.2092,0.8796,3.7753
9.2094,0.8545,3.6694
9.2096,0.8628,3.698
9.2098,0.9304,3.9916
9.2100,0.9107,3.9031
9.2102,0.9085,3.8993
9.2104,0.8897,3.8238
9.2106,0.826,3.5436
9.2108,0.9197,3.9435
9.2110,0.9599,4.1143
9.2112,0.9553,4.0943
9.2114,0.9572,4.1044
9.2116,0.9496,4.0739
9.2118,0.942,4.0429
9.2120,0.9111,3.9143
9.2122,0.8271,3.5449
9.2124,0.9574,4.1035
9.2126,0.9762,4.1803
9.2128,0.9758,4.1899
9.2130,0.8262,3.5529
9.2132,0.7948,3.4194
9.2134,0.8248,3.5434
9.2136,0.8651,3.7147
9.2138,0.8239,3.5393
9.2140,0.7803,3.3554
9.2142,0.7531,3.2369
9.2144,0.7514,3.2281
9.2146,0.8097,3.4769
9.2148,0.8928,3.8319
9.2150,0.9042,3.8898
9.2152,0.7788,3.3487
9.2154,0.727,3.1303
9.2156,0.6544,2.8167
9.2158,0.7382,3.1774
9.2160,0.6784,2.9226
9.2162,0.6294,2.7088
9.2164,0.6917,2.9758
9.2166,0.7259,3.1213
9.2168,0.7404,3.1882
9.2170,0.6581,2.8353
9.2172,0.5808,2.5033
9.2174,0.5633,2.4278
9.2176,0.5662,2.4402
9.2178,0.5822,2.5118
9.2180,0.5356,2.3106
9.2182,0.5452,2.3553
9.2184,0.5204,2.2459
9.2186,0.5733,2.4696
9.2188,0.5924,2.5522
9.2190,0.606,2.6094
9.2192,0.6586,2.8347
9.2194,0.6695,2.887
9.2196,0.6364,2.7482
9.2198,0.5236,2.2599
9.2200,0.494,2.1321
9.2202,0.4953,2.1368
9.2204,0.511,2.2046
9.2206,0.518,2.2366
9.2208,0.5005,2.16
9.2210,0.489,2.1094
9.2212,0.4962,2.1434
9.2214,0.5004,2.1595
9.2216,0.5083,2.1916
9.2218,0.4813,2.0792
9.2220,0.4203,1.813
9.2222,0.4996,2.1544
9.2224,0.5392,2.3261
9.2226,0.5243,2.2609
9.2228,0.4717,2.0358
9.2230,0.4453,1.9238
9.2232,0.4499,1.9426
9.2234,0.4495,1.9401
9.2236,0.4506,1.9448
9.2238,0.4464,1.9275
9.2240,0.444,1.9172
9.2242,0.4518,1.9499
9.2244,0.4629,1.999
9.2246,0.4488,1.9379
9.2248,0.4495,1.941
9.2250,0.4487,1.9374
9.2252,0.45,1.944
9.2254,0.4519,1.9523
9.2256,0.4489,1.9375
9.2258,0.4483,1.934
9.2260,0.4427,1.9106
9.2262,0.4444,1.9179
9.2264,0.4488,1.9379
9.2266,0.4488,1.937
9.2268,0.4496,1.9379
9.2270,0.4863,2.097
9.2272,0.5276,2.277
9.2274,0.464,2.0018
9.2276,0.4482,1.9326
9.2278,0.4785,2.0644
9.2280,0.4394,1.8966
9.2282,0.4394,1.8958
9.2284,0.4686,2.0205
9.2286,0.4905,2.1132
9.2288,0.5309,2.2915
9.2290,0.4548,1.9638
9.2292,0.4481,1.9321
9.2294,0.5179,2.2299
9.2296,0.5547,2.3895
9.2298,0.5481,2.36
9.2300,0.5482,2.3605
9.2302,0.5643,2.4286
9.2304,0.6222,2.6791
9.2306,0.6253,2.6888
9.2308,0.6556,2.8231
9.2310,0.6153,2.6435
9.2312,0.6962,2.9921
9.2314,0.6963,2.9954
9.2316,0.6785,2.9163
9.2318,0.7078,3.0435
9.2320,0.6778,2.9159
9.2322,0.6976,3.001
9.2324,0.6375,2.7464
9.2326,0.5385,2.3209
9.2328,0.5295,2.2832
9.2330,0.5424,2.3379
9.2332,0.5444,2.344
9.2334,0.5453,2.3503
9.2336,0.5381,2.3172
9.2338,0.5733,2.4673
9.2340,0.5816,2.5069
9.2342,0.5049,2.1772
9.2344,0.5342,2.2969
9.2346,0.6219,2.6731
9.2348,0.6601,2.837
9.2350,0.6554,2.8208
9.2352,0.6133,2.6397
9.2354,0.5734,2.4712
9.2356,0.5237,2.2573
9.2358,0.5182,2.2325
9.2360,0.4959,2.1374
9.2362,0.5464,2.3528
9.2364,0.5591,2.4075
9.2366,0.5918,2.5461
9.2368,0.6056,2.6054
9.2370,0.673,2.8966
9.2372,0.6683,2.8779
9.2374,0.5568,2.3988
9.2376,0.5034,2.1684
9.2378,0.495,2.1333
9.2380,0.497,2.143
9.2382,0.5617,2.4155
9.2384,0.6512,2.7988
9.2386,0.699,3.0072
9.2388,0.6735,2.896
9.2390,0.7126,3.0641
9.2392,0.6024,2.5927
9.2394,0.5625,2.4197
9.2396,0.6411,2.7594
9.2398,0.6266,2.6969
9.2400,0.5641,2.4303
9.2402,0.5565,2.395
9.2404,0.6441,2.7697
9.2406,0.7066,3.0355
9.2408,0.7194,3.0906
9.2410,0.7465,3.204
9.2412,0.8084,3.4664
9.2414,0.8402,3.6009
9.2416,0.8319,3.5705
9.2418,0.8183,3.5107
9.2420,0.8235,3.5377
9.2422,0.7839,3.3662
9.2424,0.798,3.4264
9.2426,0.848,3.6326
9.2428,0.9132,3.9121
9.2430,0.9502,4.0689
9.2432,0.9319,3.9903
9.2434,0.9697,4.1637
9.2436,0.8418,3.6182
9.2438,0.7563,3.2508
9.2440,0.7488,3.2123
9.2442,0.8332,3.5744
9.2444,0.8373,3.5936
9.2446,0.7909,3.3976
9.2448,0.7909,3.396
9.2450,0.7974,3.427
9.2452,0.7934,3.4053
9.2454,0.8415,3.6133
9.2456,0.8761,3.7568
9.2458,0.8977,3.8476
9.2460,0.885,3.8037
9.2462,0.7712,3.3131
9.2464,0.7754,3.3312
9.2466,0.7416,3.1874
9.2468,0.784,3.3651
9.2470,0.8561,3.6744
9.2472,0.891,3.8206
9.2474,0.8843,3.7953
9.2476,0.8381,3.5955
9.2478,0.8932,3.8316
9.2480,0.893,3.8329
9.2482,0.8559,3.6734
9.2484,0.8583,3.6922
9.2486,0.7743,3.3281
9.2488,0.8342,3.5802
9.2490,0.8515,3.6583
9.2492,0.8354,3.5887
9.2494,0.8132,3.4902
9.2496,0.8992,3.8574
9.2498,0.9465,4.0624
9.2500,0.8559,3.6785
9.2502,0.7825,3.3631
9.2504,0.808,3.4713
9.2506,0.8292,3.5624
9.2508,0.7905,3.3945
9.2510,0.808,3.468
9.2512,0.8651,3.7147
9.2514,0.8637,3.712
9.2516,0.7911,3.4018
9.2518,0.7855,3.3729
9.2520,0.8155,3.5032
9.2522,0.785,3.3724
9.2524,0.8198,3.5168
9.2526,0.8957,3.8496
9.2528,0.8319,3.5738
9.2530,0.8507,3.6529
9.2532,0.8764,3.7631
9.2534,0.8905,3.8185
9.2536,0.8785,3.7724
9.2538,0.8283,3.555
9.2540,0.9249,3.9698
9.2542,0.9265,3.9783
9.2544,0.9478,4.0662
9.2546,0.925,3.9685
9.2548,0.9428,4.0427
9.2550,1.0018,4.2977
9.2552,0.9019,3.8764
9.2554,0.784,3.3651
9.2556,0.8845,3.7946
9.2558,0.9322,3.9956
9.2560,1.0055,4.3156
9.2562,0.9645,4.1358
9.2564,0.9332,4.0034
9.2566,0.9051,3.8885
9.2568,0.8857,3.8086
9.2570,0.7972,3.4249
9.2572,0.7779,3.3466
9.2574,0.7631,3.2873
9.2576,0.7207,3.1035
9.2578,0.7174,3.0876
9.2580,0.7121,3.0677
9.2582,0.7092,3.0525
9.2584,0.7243,3.1161
9.2586,0.7308,3.1425
9.2588,0.8221,3.5299
9.2590,0.8728,3.7599
9.2592,0.721,3.1031
9.2594,0.743,3.201
9.2596,0.6508,2.8051
9.2598,0.6207,2.6791
9.2600,0.5466,2.3593
9.2602,0.5368,2.3147
9.2604,0.5364,2.3164
9.2606,0.5375,2.3199
9.2608,0.5354,2.3106
9.2610,0.5385,2.323
9.2612,0.5382,2.3231
9.2614,0.5508,2.3774
9.2616,0.5524,2.3819
9.2618,0.5487,2.3659
9.2620,0.5487,2.3615
9.2622,0.6802,2.9303
9.2624,0.6165,2.6585
9.2626,0.558,2.4084
9.2628,0.5499,2.3722
9.2630,0.556,2.3974
9.2632,0.5355,2.3101
9.2634,0.574,2.4727
9.2636,0.6297,2.7104
9.2638,0.6788,2.9187
9.2640,0.7524,3.2353
9.2642,0.7857,3.3786
9.2644,0.7734,3.327
9.2646,0.7213,3.1075
9.2648,0.6484,2.7934
9.2650,0.6349,2.7351
9.2652,0.6704,2.8826
9.2654,0.7216,3.1085
9.2656,0.6475,2.7919
9.2658,0.6303,2.7155
9.2660,0.6312,2.7191
9.2662,0.6301,2.7144
9.2664,0.6272,2.7033
9.2666,0.6241,2.6848
9.2668,0.6599,2.8417
9.2670,0.6296,2.7124
9.2672,0.6387,2.7503
9.2674,0.6462,2.7823
9.2676,0.6342,2.732
9.2678,0.6272,2.7045
9.2680,0.6164,2.6531
9.2682,0.6122,2.6375
9.2684,0.6222,2.6778
9.2686,0.6796,2.9223
9.2688,0.7445,3.2027
9.2690,0.7051,3.035
9.2692,0.7506,3.226
9.2694,0.7746,3.3353
9.2696,0.6773,2.9166
9.2698,0.6674,2.8697
9.2700,0.7157,3.0775
9.2702,0.6743,2.9064
9.2704,0.631,2.716
9.2706,0.7056,3.037
9.2708,0.7081,3.0464
9.2710,0.7523,3.2317
9.2712,0.7789,3.3477
9.2714,0.7675,3.2987
9.2716,0.7645,3.2858
9.2718,0.7855,3.376
9.2720,0.8325,3.5797
9.2722,0.7574,3.2584
9.2724,0.6836,2.9448
9.2726,0.6417,2.7645
9.2728,0.6253,2.6888
9.2730,0.7536,3.2374
9.2732,0.7664,3.2941
9.2734,0.758,3.258
9.2736,0.8167,3.5051
9.2738,0.8826,3.7899
9.2740,0.9259,3.9721
9.2742,0.9466,4.0592
9.2744,0.9277,3.9891
9.2746,0.8129,3.494
9.2748,0.881,3.7709
9.2750,1.059,4.5346
9.2752,0.9995,4.2839
9.2754,1.0211,4.3784
9.2756,0.9973,4.2766
9.2758,0.977,4.1873
9.2760,0.9741,4.1749
9.2762,0.955,4.1009
9.2764,0.887,3.8001
9.2766,0.9713,4.167
9.2768,0.9185,3.942
9.2770,0.9441,4.0502
9.2772,0.9531,4.0907
9.2774,0.9429,4.0451
9.2776,0.9283,3.9805
9.2778,0.9385,4.0279
9.2780,0.9391,4.0286
9.2782,0.9515,4.0878
9.2784,0.835,3.5922
9.2786,0.8448,3.6311
9.2788,0.8361,3.5918
9.2790,0.8278,3.5629
9.2792,0.724,3.1189
9.2794,0.6821,2.9372
9.2796,0.6659,2.8702
9.2798,0.7035,3.0277
9.2800,0.7556,3.2537
9.2802,0.7474,3.2196
9.2804,0.7635,3.2863
9.2806,0.762,3.2811
9.2808,0.6743,2.9064
9.2810,0.6427,2.7687
9.2812,0.7183,3.0917
9.2814,0.7194,3.0978
9.2816,0.6896,2.9748
9.2818,0.678,2.917
9.2820,0.7683,3.3038
9.2822,0.7993,3.4353
9.2824,0.8228,3.5379
9.2826,0.7818,3.3647
9.2828,0.7396,3.1816
9.2830,0.6938,2.9887
9.2832,0.7032,3.0253
9.2834,0.7633,3.2822
9.2836,0.811,3.4874
9.2838,0.8012,3.4467
9.2840,0.7222,3.1111
9.2842,0.6399,2.7619
9.2844,0.5687,2.4534
9.2846,0.6135,2.6468
9.2848,0.6092,2.6282
9.2850,0.6577,2.8359
9.2852,0.6435,2.7697
9.2854,0.6422,2.773
9.2856,0.5452,2.3531
9.2858,0.5604,2.4177
9.2860,0.5695,2.4524
9.2862,0.6493,2.7958
9.2864,0.677,2.9177
9.2866,0.6055,2.6134
9.2868,0.5803,2.5035
9.2870,0.6096,2.6249
9.2872,0.6587,2.8379
9.2874,0.6372,2.7474
9.2876,0.651,2.8004
9.2878,0.7866,3.3728
9.2880,0.9224,3.9571
9.2882,0.8518,3.6661
9.2884,0.7707,3.3157
9.2886,0.7543,3.2465
9.2888,0.6487,2.7945
9.2890,0.6551,2.8224
9.2892,0.6998,3.0117
9.2894,0.738,3.1734
9.2896,0.7667,3.2982
9.2898,0.7458,3.2039
9.2900,0.8151,3.5066
9.2902,0.8111,3.4895
9.2904,0.7789,3.3523
9.2906,0.7489,3.2188
9.2908,0.7828,3.3647
9.2910,0.7813,3.3627
9.2912,0.7456,3.2089
9.2914,0.7215,3.1051
9.2916,0.6731,2.8999
9.2918,0.6845,2.9489
9.2920,0.6838,2.9445
9.2922,0.6627,2.8523
9.2924,0.7188,3.0995
9.2926,0.5795,2.4999
9.2928,0.5128,2.2123
9.2930,0.5432,2.3432
9.2932,0.5463,2.361
9.2934,0.476,2.0554
9.2936,0.4596,1.9863
9.2938,0.4575,1.9757
9.2940,0.4706,2.0331
9.2942,0.4791,2.0689
9.2944,0.4677,2.0188
9.2946,0.4715,2.0358
9.2948,0.4689,2.0249
9.2950,0.5114,2.2051
9.2952,0.5587,2.4093
9.2954,0.5608,2.4192
9.2956,0.5724,2.4694
9.2958,0.5309,2.2915
9.2960,0.4926,2.1259
9.2962,0.4773,2.0602
9.2964,0.5182,2.2335
9.2966,0.6339,2.7284
9.2968,0.6631,2.8565
9.2970,0.6492,2.7953
9.2972,0.6903,2.971
9.2974,0.7019,3.0168
9.2976,0.7529,3.2358
9.2978,0.7667,3.2982
9.2980,0.6697,2.8835
9.2982,0.6336,2.7319
9.2984,0.6168,2.6596
9.2986,0.5963,2.5711
9.2988,0.6176,2.6607
9.2990,0.6147,2.6471
9.2992,0.6065,2.6151
9.2994,0.6036,2.5966
9.2996,0.6917,2.9772
9.2998,0.6492,2.7966
9.3000,0.6306,2.714
9.3002,0.6927,2.9799
9.3004,0.7014,3.0232
9.3006,0.5777,2.4922
9.3008,0.4892,2.1124
9.3010,0.4848,2.0922
9.3012,0.4855,2.0934
9.3014,0.49,2.116
9.3016,0.4836,2.088
9.3018,0.4862,2.0965
9.3020,0.502,2.1658
9.3022,0.5017,2.1652
9.3024,0.499,2.1528
9.3026,0.4942,2.1331
9.3028,0.5435,2.3393
9.3030,0.6069,2.6123
9.3032,0.6205,2.6706
9.3034,0.6463,2.7867
9.3036,0.5928,2.5597
9.3038,0.4797,2.0696
9.3040,0.4716,2.0344
9.3042,0.4695,2.0265
9.3044,0.4674,2.0163
9.3046,0.4892,2.1085
9.3048,0.4953,2.1338
9.3050,0.5611,2.4174
9.3052,0.5864,2.5252
9.3054,0.5904,2.5423
9.3056,0.597,2.5719
9.3058,0.6261,2.6911
9.3060,0.6685,2.8797
9.3062,0.5498,2.365
9.3064,0.6132,2.6416
9.3066,0.5993,2.5829
9.3068,0.5915,2.5469
9.3070,0.6182,2.6596
9.3072,0.7134,3.0634
9.3074,0.7948,3.413
9.3076,0.8186,3.5133
9.3078,0.7971,3.4244
9.3080,0.8199,3.5206
9.3082,0.8336,3.5843
9.3084,0.7279,3.1272
9.3086,0.8015,3.4402
9.3088,0.8804,3.7789
9.3090,0.8814,3.7759
9.3092,0.9357,4.0124
9.3094,0.9432,4.0405
9.3096,0.9462,4.0552
9.3098,0.9852,4.2188
9.3100,1.0439,4.472
9.3102,1.0272,4.3985
9.3104,1.0318,4.418
9.3106,0.9803,4.2056
9.3108,0.9002,3.8602
9.3110,0.8942,3.8327
9.3112,0.9223,3.9566
9.3114,0.9415,4.0389
9.3116,0.8958,3.8465
9.3118,0.8833,3.7842
9.3120,1.02,4.3697
9.3122,1.0585,4.5346
9.3124,0.9567,4.1062
9.3126,0.8476,3.6396
9.3128,0.8387,3.5981
9.3130,0.9009,3.8687
9.3132,0.8881,3.81
9.3134,0.9241,3.968
9.3136,0.9308,3.9913
9.3138,0.9096,3.9039
9.3140,0.9169,3.939
9.3142,0.8567,3.6838
9.3144,0.8411,3.6134
9.3146,0.8239,3.536
9.3148,0.8334,3.5821
9.3150,0.8863,3.8076
9.3152,0.9315,3.9944
9.3154,0.9316,3.9986
9.3156,0.9011,3.871
9.3158,0.8219,3.5409
9.3160,0.6821,2.9359
9.3162,0.7438,3.1952
9.3164,0.8758,3.7658
9.3166,0.8181,3.5162
9.3168,0.8484,3.6432
9.3170,0.8794,3.7742
9.3172,0.8704,3.7374
9.3174,0.8675,3.7285
9.3176,0.7906,3.4045
9.3178,0.7632,3.2801
9.3180,0.8446,3.6334
9.3182,0.8061,3.4663
9.3184,0.795,3.4183
9.3186,0.7585,3.2646
9.3188,0.7276,3.1373
9.3190,0.6229,2.6872
9.3192,0.5957,2.5686
9.3194,0.5938,2.5591
9.3196,0.59,2.5431
9.3198,0.6397,2.7583
9.3200,0.6298,2.7134
9.3202,0.6828,2.9362
9.3204,0.7019,3.021
9.3206,0.6852,2.9534
9.3208,0.6498,2.7991
9.3210,0.6987,3.0085
9.3212,0.6962,2.9976
9.3214,0.6273,2.7063
9.3216,0.6193,2.6667
9.3218,0.6731,2.8931
9.3220,0.7852,3.3765
9.3222,0.8053,3.461
9.3224,0.7435,3.2105
9.3226,0.5903,2.5453
9.3228,0.5733,2.4707
9.3230,0.5694,2.4553
9.3232,0.5643,2.4331
9.3234,0.5718,2.4657
9.3236,0.5722,2.4661
9.3238,0.5952,2.5641
9.3240,0.5917,2.5527
9.3242,0.4972,2.1471
9.3244,0.4757,2.0567
9.3246,0.4751,2.0494
9.3248,0.5292,2.2821
9.3250,0.5295,2.2853
9.3252,0.5644,2.4325
9.3254,0.618,2.661
9.3256,0.5856,2.5286
9.3258,0.526,2.2713
9.3260,0.521,2.2475
9.3262,0.524,2.2583
9.3264,0.5247,2.2635
9.3266,0.5258,2.2692
9.3268,0.5229,2.2558
9.3270,0.5275,2.2754
9.3272,0.5301,2.2826
9.3274,0.5661,2.4431
9.3276,0.5189,2.2387
9.3278,0.523,2.2542
9.3280,0.5511,2.3762
9.3282,0.55,2.3727
9.3284,0.5403,2.3275
9.3286,0.5959,2.5672
9.3288,0.5941,2.563
9.3290,0.5386,2.3246
9.3292,0.5628,2.4258
9.3294,0.6345,2.7297
9.3296,0.6487,2.7945
9.3298,0.6298,2.7121
9.3300,0.6572,2.8272
9.3302,0.714,3.0689
9.3304,0.7374,3.1693
9.3306,0.7193,3.0959
9.3308,0.6741,2.9013
9.3310,0.7191,3.0919
9.3312,0.7591,3.2657
9.3314,0.7352,3.1601
9.3316,0.7223,3.1073
9.3318,0.7207,3.0992
9.3320,0.7285,3.1356
9.3322,0.6683,2.8752
9.3324,0.6608,2.8467
9.3326,0.6519,2.8071
9.3328,0.6608,2.8414
9.3330,0.6556,2.8231
9.3332,0.6844,2.9443
9.3334,0.682,2.9394
9.3336,0.5516,2.3772
9.3338,0.5356,2.3085
9.3340,0.5487,2.367
9.3342,0.5339,2.3034
9.3344,0.5243,2.262
9.3346,0.5246,2.262
9.3348,0.5257,2.2666
9.3350,0.5319,2.2946
9.3352,0.5475,2.3618
9.3354,0.5673,2.4438
9.3356,0.6158,2.653
9.3358,0.6117,2.6354
9.3360,0.588,2.5355
9.3362,0.554,2.3908
9.3364,0.4956,2.1378
9.3366,0.4906,2.1166
9.3368,0.4923,2.1229
9.3370,0.511,2.1995
9.3372,0.5628,2.4258
9.3374,0.5688,2.4505
9.3376,0.6755,2.9021
9.3378,0.733,3.1503
9.3380,0.7343,3.1545
9.3382,0.8239,3.531
9.3384,0.9186,3.9352
9.3386,0.944,4.0573
9.3388,0.7123,3.0659
9.3390,0.6464,2.7821
9.3392,0.6456,2.7798
9.3394,0.6941,2.9848
9.3396,0.7323,3.1472
9.3398,0.7537,3.238
9.3400,0.8017,3.4408
9.3402,0.8994,3.8567
9.3404,0.8958,3.8466
9.3406,0.8996,3.8595
9.3408,0.9048,3.8798
9.3410,0.8895,3.8158
9.3412,0.9018,3.8705
9.3414,0.9037,3.877
9.3416,0.9172,3.9291
9.3418,0.8773,3.7673
9.3420,0.8393,3.6041
9.3422,0.8878,3.8068
9.3424,0.9392,4.0255
9.3426,0.9604,4.1164
9.3428,0.9624,4.1285
9.3430,0.9688,4.1505
9.3432,0.9943,4.2634
9.3434,0.9182,3.9411
9.3436,0.9453,4.0555
9.3438,0.9727,4.1689
9.3440,0.9859,4.2254
9.3442,0.9446,4.058
9.3444,0.8528,3.6635
9.3446,0.8422,3.6165
9.3448,0.8631,3.706
9.3450,0.8636,3.7029
9.3452,0.9518,4.0851
9.3454,0.9443,4.0584
9.3456,0.827,3.5527
9.3458,0.8417,3.6195
9.3460,0.7332,3.1558
9.3462,0.7404,3.1838
9.3464,0.7243,3.1205
9.3466,0.6704,2.888
9.3468,0.7175,3.0882
9.3470,0.7019,3.0197
9.3472,0.6745,2.9029
9.3474,0.6935,2.9863
9.3476,0.6913,2.9724
9.3478,0.6937,2.9813
9.3480,0.7459,3.2015
9.3482,0.8959,3.8471
9.3484,0.8994,3.8639
9.3486,0.8362,3.5974
9.3488,0.7567,3.2569
9.3490,0.72,3.0932
9.3492,0.8067,3.4705
9.3494,0.7885,3.3905
9.3496,0.7992,3.4348
9.3498,0.8507,3.6564
9.3500,0.8197,3.5246
9.3502,0.8211,3.5275
9.3504,0.8361,3.5902
9.3506,0.8584,3.6842
9.3508,0.8743,3.7544
9.3510,0.8276,3.5586
9.3512,0.8348,3.5879
9.3514,0.7984,3.4317
9.3516,0.8404,3.6104
9.3518,0.8648,3.715
9.3520,0.8315,3.574
9.3522,0.839,3.6026
9.3524,0.913,3.9129
9.3526,0.9819,4.2045
9.3528,1.0104,4.3348
9.3530,0.9062,3.9023
9.3532,0.709,3.0572
9.3534,0.635,2.7344
9.3536,0.6716,2.8878
9.3538,0.7615,3.2745
9.3540,0.789,3.3879
9.3542,0.895,3.8412
9.3544,0.8857,3.8087
9.3546,0.8959,3.8507
9.3548,0.8564,3.6772
9.3550,0.9353,4.0085
9.3552,0.9187,3.9505
9.3554,0.7999,3.4395
9.3556,0.8089,3.4798
9.3558,0.7549,3.2507
9.3560,0.6945,2.9932
9.3562,0.6752,2.9141
9.3564,0.6032,2.6036
9.3566,0.5796,2.4993
9.3568,0.614,2.6465
9.3570,0.6567,2.8291
9.3572,0.7158,3.0809
9.3574,0.7162,3.0825
9.3576,0.7335,3.1568
9.3578,0.7525,3.2389
9.3580,0.7077,3.0501
9.3582,0.6547,2.8243
9.3584,0.6042,2.6041
9.3586,0.647,2.7847
9.3588,0.6251,2.6978
9.3590,0.5229,2.26
9.3592,0.4606,1.9896
9.3594,0.4548,1.9647
9.3596,0.4546,1.9655
9.3598,0.4544,1.9641
9.3600,0.4549,1.9653
9.3602,0.457,1.9722
9.3604,0.4994,2.1544
9.3606,0.5228,2.2584
9.3608,0.4651,2.0093
9.3610,0.4586,1.9804
9.3612,0.4615,1.9937
9.3614,0.455,1.9667
9.3616,0.4482,1.9353
9.3618,0.5277,2.2723
9.3620,0.5645,2.4387
9.3622,0.4634,2.002
9.3624,0.4549,1.9634
9.3626,0.4845,2.0864
9.3628,0.6068,2.6118
9.3630,0.6549,2.8253
9.3632,0.563,2.4286
9.3634,0.5453,2.3514
9.3636,0.5456,2.3514
9.3638,0.6169,2.6577
9.3640,0.6458,2.7796
9.3642,0.6529,2.8074
9.3644,0.673,2.8981
9.3646,0.6638,2.861
9.3648,0.6609,2.8459
9.3650,0.6522,2.8095
9.3652,0.6157,2.6562
9.3654,0.552,2.3771
9.3656,0.5833,2.513
9.3658,0.5476,2.3624
9.3660,0.5535,2.3855
9.3662,0.5664,2.4413
9.3664,0.5541,2.3903
9.3666,0.5555,2.3965
9.3668,0.5512,2.3746
9.3670,0.5456,2.3525
9.3672,0.5429,2.3422
9.3674,0.535,2.307
9.3676,0.53,2.2853
9.3678,0.5345,2.3039
9.3680,0.5246,2.262
9.3682,0.5511,2.3774
9.3684,0.5866,2.5281
9.3686,0.585,2.5202
9.3688,0.6037,2.6008
9.3690,0.623,2.6828
9.3692,0.7187,3.0933
9.3694,0.6217,2.6796
9.3696,0.5896,2.5387
9.3698,0.6145,2.6498
9.3700,0.6207,2.6742
9.3702,0.6763,2.9079
9.3704,0.7146,3.0744
9.3706,0.7574,3.254
9.3708,0.81,3.4812
9.3710,0.7591,3.2657
9.3712,0.7225,3.1098
9.3714,0.7061,3.0363
9.3716,0.7448,3.1969
9.3718,0.8245,3.5419
9.3720,0.8741,3.7517
9.3722,0.8469,3.6382
9.3724,0.792,3.4023
9.3726,0.7591,3.2612
9.3728,0.826,3.547
9.3730,0.8512,3.6602
9.3732,0.7866,3.3776
9.3734,0.7797,3.3482
9.3736,0.8255,3.5498
9.3738,0.7687,3.3055
9.3740,0.7464,3.2096
9.3742,0.7181,3.0893
9.3744,0.7791,3.3472
9.3746,0.894,3.8353
9.3748,0.9902,4.2439
9.3750,0.9176,3.9458
9.3752,0.7718,3.3189
9.3754,0.7832,3.36
9.3756,0.8666,3.7192
9.3758,0.8398,3.6062
9.3760,0.8302,3.565
9.3762,0.8335,3.5839
9.3764,0.8114,3.4841
9.3766,0.7945,3.4147
9.3768,0.8261,3.5475
9.3770,0.8552,3.6704
9.3772,0.8398,3.6062
9.3774,0.8543,3.6702
9.3776,0.8872,3.8042
9.3778,0.9196,3.9467
9.3780,0.8745,3.7567
9.3782,0.861,3.6956
9.3784,0.8785,3.776
9.3786,0.7625,3.2786
9.3788,0.7077,3.0473
9.3790,0.7357,3.1666
9.3792,0.7759,3.341
9.3794,0.7168,3.0836
9.3796,0.6856,2.9523
9.3798,0.6944,2.99
9.3800,0.7005,3.0149
9.3802,0.6956,2.9937
9.3804,0.6748,2.9044
9.3806,0.7451,3.2069
9.3808,0.7357,3.1637
9.3810,0.7472,3.2176
9.3812,0.6567,2.8278
9.3814,0.7263,3.1244
9.3816,0.7325,3.1497
9.3818,0.711,3.0589
9.3820,0.7138,3.0693
9.3822,0.7516,3.2392
9.3824,0.6546,2.8198
9.3826,0.7019,3.0225
9.3828,0.7222,3.1068
9.3830,0.7309,3.146
9.3832,0.7459,3.209
9.3834,0.7452,3.2044
9.3836,0.7319,3.153
9.3838,0.6305,2.7185
9.3840,0.6113,2.6346
9.3842,0.5995,2.5839
9.3844,0.5821,2.5113
9.3846,0.5913,2.5495
9.3848,0.5899,2.5414
9.3850,0.6419,2.7625
9.3852,0.699,3.0073
9.3854,0.6688,2.88
9.3856,0.6729,2.8962
9.3858,0.6827,2.944
9.3860,0.5847,2.5222
9.3862,0.5387,2.323
9.3864,0.6022,2.5905
9.3866,0.6628,2.8502
9.3868,0.6877,2.961
9.3870,0.6881,2.9604
9.3872,0.7429,3.1931
9.3874,0.747,3.2151
9.3876,0.6778,2.9255
9.3878,0.5872,2.5295
9.3880,0.583,2.5138
9.3882,0.5832,2.509
9.3884,0.7127,3.0661
9.3886,0.5612,2.4219
9.3888,0.5294,2.2816
9.3890,0.6024,2.5964
9.3892,0.6022,2.5953
9.3894,0.6408,2.7592
9.3896,0.6584,2.8337
9.3898,0.6866,2.955
9.3900,0.6994,3.0102
9.3902,0.699,3.0087
9.3904,0.73,3.1404
9.3906,0.697,3.0027
9.3908,0.6683,2.8793
9.3910,0.6519,2.8072
9.3912,0.7019,3.0197
9.3914,0.7445,3.1983
9.3916,0.8066,3.4668
9.3918,0.8174,3.5164
9.3920,0.738,3.172
9.3922,0.7679,3.3065
9.3924,0.7314,3.148
9.3926,0.732,3.1506
9.3928,0.6831,2.9387
9.3930,0.6981,3.0046
9.3932,0.7094,3.0587
9.3934,0.5925,2.5523
9.3936,0.5727,2.4693
9.3938,0.5584,2.4089
9.3940,0.5541,2.3903
9.3942,0.5532,2.3845
9.3944,0.5811,2.5044
9.3946,0.5689,2.4488
9.3948,0.6836,2.9394
9.3950,0.6277,2.7067
9.3952,0.5333,2.2997
9.3954,0.5748,2.4763
9.3956,0.6384,2.7514
9.3958,0.6494,2.795
9.3960,0.6031,2.6007
9.3962,0.5341,2.3061
9.3964,0.5307,2.2884
9.3966,0.5345,2.3039
9.3968,0.5561,2.3946
9.3970,0.6676,2.8721
9.3972,0.7452,3.2014
9.3974,0.7654,3.291
9.3976,0.7558,3.2498
9.3978,0.733,3.1591
9.3980,0.6675,2.8716
9.3982,0.7163,3.0816
9.3984,0.6512,2.8041
9.3986,0.6538,2.8167
9.3988,0.6296,2.7124
9.3990,0.6191,2.6694
9.3992,0.5468,2.3587
9.3994,0.5349,2.3075
9.3996,0.5357,2.309
9.3998,0.5458,2.3502
9.4000,0.5656,2.4388
9.4002,0.5294,2.2848
9.4004,0.5176,2.2331
9.4006,0.4968,2.145
9.4008,0.4928,2.127
9.4010,0.503,2.1699
9.4012,0.5092,2.1979
9.4014,0.4926,2.1249
9.4016,0.5282,2.2743
9.4018,0.5735,2.473
9.4020,0.5896,2.5375
9.4022,0.6415,2.7635
9.4024,0.5995,2.5851
9.4026,0.5885,2.5364
9.4028,0.5966,2.5692
9.4030,0.6151,2.6511
9.4032,0.5751,2.4797
9.4034,0.5179,2.232
9.4036,0.557,2.3983
9.4038,0.6546,2.8172
9.4040,0.6802,2.925
9.4042,0.7257,3.1189
9.4044,0.6915,2.9762
9.4046,0.5642,2.436
9.4048,0.4612,1.9913
9.4050,0.4498,1.9412
9.4052,0.4488,1.9352
9.4054,0.4793,2.0675
9.4056,0.5128,2.2134
9.4058,0.5537,2.3832
9.4060,0.5817,2.5046
9.4062,0.5565,2.3951
9.4064,0.571,2.4564
9.4066,0.6561,2.8213
9.4068,0.699,3.0087
9.4070,0.7032,3.0239
9.4072,0.7365,3.1653
9.4074,0.716,3.0757
9.4076,0.7857,3.3755
9.4078,0.7856,3.375
9.4080,0.7023,3.0212
9.4082,0.6825,2.9307
9.4084,0.8289,3.5577
9.4086,0.8496,3.6416
9.4088,0.91,3.9019
9.4090,0.8797,3.7794
9.4092,0.8389,3.5987
9.4094,0.9049,3.8785
9.4096,0.9162,3.925
9.4098,0.9526,4.0773
9.4100,1.0544,4.5088
9.4102,1.0983,4.703
9.4104,1.0584,4.5321
9.4106,1.0427,4.4669
9.4108,1.0019,4.2943
9.4110,0.9484,4.0669
9.4112,0.9562,4.0946
9.4114,1.002,4.2888
9.4116,1.0264,4.4032
9.4118,1.0186,4.3657
9.4120,0.9674,4.1521
9.4122,0.9249,3.968
9.4124,0.9532,4.0875
9.4126,0.9407,4.0335
9.4128,0.8638,3.7074
9.4130,0.8603,3.6959
9.4132,0.8395,3.6063
9.4134,0.8925,3.8304
9.4136,0.8811,3.7798
9.4138,0.9174,3.9319
9.4140,0.9733,4.1753
9.4142,0.942,4.0373
9.4144,0.9592,4.1094
9.4146,0.9519,4.0857
9.4148,0.9108,3.9183
9.4150,0.7588,3.2627
9.4152,0.798,3.4281
9.4154,0.8554,3.6765
9.4156,0.8498,3.6489
9.4158,0.8395,3.6113
9.4160,0.7407,3.1878
9.4162,0.7252,3.1212
9.4164,0.7012,3.0166
9.4166,0.7674,3.3044
9.4168,0.7098,3.0537
9.4170,0.7543,3.2436
9.4172,0.7591,3.2642
9.4174,0.7366,3.1658
9.4176,0.7554,3.2467
9.4178,0.7277,3.1379
9.4180,0.614,2.6477
9.4182,0.5983,2.5812
9.4184,0.6456,2.7811
9.4186,0.6807,2.9325
9.4188,0.6765,2.913
9.4190,0.6253,2.6938
9.4192,0.6092,2.6246
9.4194,0.6076,2.6186
9.4196,0.633,2.7269
9.4198,0.6598,2.8373
9.4200,0.7096,3.0555
9.4202,0.7176,3.0887
9.4204,0.7547,3.2421
9.4206,0.7706,3.3183
9.4208,0.7041,3.0233
9.4210,0.8484,3.6415
9.4212,0.8877,3.8187
9.4214,0.7531,3.2445
9.4216,0.6913,2.9751
9.4218,0.7019,3.0239
9.4220,0.6797,2.9256
9.4222,0.6986,3.0108
9.4224,0.5962,2.5707
9.4226,0.5713,2.4625
9.4228,0.5701,2.4596
9.4230,0.5683,2.4507
9.4232,0.6347,2.7354
9.4234,0.6387,2.7491
9.4236,0.6397,2.7545
9.4238,0.6386,2.7524
9.4240,0.6233,2.6888
9.4242,0.5565,2.3984
9.4244,0.5633,2.4256
9.4246,0.591,2.552
9.4248,0.4903,2.1181
9.4250,0.4652,2.0089
9.4252,0.4616,1.9933
9.4254,0.4637,2.0031
9.4256,0.464,2.0028
9.4258,0.4627,1.9971
9.4260,0.4929,2.1295
9.4262,0.4757,2.0549
9.4264,0.4697,2.0252
9.4266,0.5314,2.2947
9.4268,0.4764,2.058
9.4270,0.4715,2.0358
9.4272,0.4662,2.0121
9.4274,0.4646,2.0053
9.4276,0.4562,1.97
9.4278,0.4506,1.9457
9.4280,0.4537,1.9601
9.4282,0.4758,2.0506
9.4284,0.545,2.3445
9.4286,0.6966,2.997
9.4288,0.726,3.1205
9.4290,0.7576,3.256
9.4292,0.7469,3.2146
9.4294,0.6913,2.9738
9.4296,0.7392,3.1786
9.4298,0.7004,3.0144
9.4300,0.7415,3.1854
9.4302,0.8463,3.6323
9.4304,0.8234,3.5389
9.4306,0.7416,3.1889
9.4308,0.7243,3.1161
9.4310,0.6884,2.96
9.4312,0.7492,3.2274
9.4314,0.6764,2.9125
9.4316,0.6717,2.8897
9.4318,0.679,2.9198
9.4320,0.6938,2.9846
9.4322,0.7103,3.0572
9.4324,0.6848,2.9459
9.4326,0.7331,3.1553
9.4328,0.6318,2.7242
9.4330,0.5658,2.4399
9.4332,0.5722,2.4673
9.4334,0.5678,2.447
9.4336,0.5602,2.4144
9.4338,0.5585,2.4094
9.4340,0.5499,2.3689
9.4342,0.6094,2.619
9.4344,0.6512,2.8054
9.4346,0.6084,2.6222
9.4348,0.6713,2.8881
9.4350,0.6354,2.7385
9.4352,0.6128,2.6376
9.4354,0.698,2.9985
9.4356,0.7393,3.1791
9.4358,0.7067,3.0403
9.4360,0.6717,2.8951
9.4362,0.6041,2.6012
9.4364,0.6222,2.6804
9.4366,0.5661,2.442
9.4368,0.558,2.4051
9.4370,0.5845,2.517
9.4372,0.5721,2.4633
9.4374,0.5861,2.5249
9.4376,0.5946,2.5639
9.4378,0.5833,2.5142
9.4380,0.6116,2.6349
9.4382,0.605,2.6065
9.4384,0.5594,2.4097
9.4386,0.5513,2.3751
9.4388,0.6056,2.6103
9.4390,0.5968,2.5697
9.4392,0.5837,2.5146
9.4394,0.6576,2.8288
9.4396,0.7337,3.1534
9.4398,0.7598,3.2627
9.4400,0.8252,3.5417
9.4402,0.8148,3.5051
9.4404,0.7125,3.0636
9.4406,0.7175,3.0796
9.4408,0.8194,3.5203
9.4410,0.8139,3.4933
9.4412,0.8506,3.6525
9.4414,0.8132,3.4935
9.4416,0.8032,3.4523
9.4418,0.7855,3.3776
9.4420,0.7195,3.0926
9.4422,0.7839,3.3647
9.4424,0.8459,3.6324
9.4426,0.8224,3.5364
9.4428,0.7365,3.1668
9.4430,0.7312,3.147
9.4432,0.7242,3.1113
9.4434,0.7796,3.3508
9.4436,0.7903,3.3951
9.4438,0.8462,3.6318
9.4440,0.8559,3.6734
9.4442,0.8505,3.6571
9.4444,0.7699,3.3137
9.4446,0.7205,3.0953
9.4448,0.765,3.2925
9.4450,0.691,2.9755
9.4452,0.674,2.9008
9.4454,0.6862,2.9535
9.4456,0.6887,2.9616
9.4458,0.6841,2.9428
9.4460,0.738,3.1749
9.4462,0.7142,3.0723
9.4464,0.704,3.0256
9.4466,0.7261,3.1195
9.4468,0.7446,3.2048
9.4470,0.7076,3.0453
9.4472,0.7061,3.0406
9.4474,0.6432,2.7708
9.4476,0.6454,2.7819
9.4478,0.6493,2.7945
9.4480,0.6824,2.9356
9.4482,0.7362,3.1643
9.4484,0.7776,3.3436
9.4486,0.7502,3.2186
9.4488,0.8011,3.4447
9.4490,0.7487,3.2179
9.4492,0.7562,3.2549
9.4494,0.6974,3.0015
9.4496,0.747,3.2106
9.4498,0.7616,3.2689
9.4500,0.7735,3.3245
9.4502,0.7395,3.1811
9.4504,0.6781,2.9184
9.4506,0.6917,2.9772
9.4508,0.761,3.2694
9.4510,0.7716,3.3132
9.4512,0.8528,3.6601
9.4514,0.8901,3.8183
9.4516,0.8747,3.756
9.4518,0.8169,3.5046
9.4520,0.8116,3.49
9.4522,0.7425,3.197
9.4524,0.7107,3.0587
9.4526,0.656,2.826
9.4528,0.6293,2.7121
9.4530,0.621,2.674
9.4532,0.6022,2.5941
9.4534,0.6356,2.7382
9.4536,0.6495,2.7995
9.4538,0.6399,2.7543
9.4540,0.6682,2.8747
9.4542,0.7881,3.3874
9.4544,0.827,3.5544
9.4546,0.7459,3.2135
9.4548,0.6607,2.8422
9.4550,0.7313,3.1461
9.4552,0.6618,2.8495
9.4554,0.6115,2.6369
9.4556,0.613,2.6443
9.4558,0.6012,2.5936
9.4560,0.5514,2.3767
9.4562,0.5291,2.2817
9.4564,0.5347,2.3054
9.4566,0.5294,2.2806
9.4568,0.5836,2.514
9.4570,0.6158,2.653
9.4572,0.6204,2.6739
9.4574,0.6615,2.8445
9.4576,0.7197,3.0989
9.4578,0.6496,2.7974
9.4580,0.6254,2.6956
9.4582,0.5432,2.3421
9.4584,0.5289,2.2817
9.4586,0.5289,2.2817
9.4588,0.53,2.2842
9.4590,0.5269,2.2729
9.4592,0.5291,2.2827
9.4594,0.5255,2.2682
9.4596,0.5243,2.261
9.4598,0.5282,2.2765
9.4600,0.5273,2.2728
9.4602,0.527,2.2713
9.4604,0.5267,2.2734
9.4606,0.5272,2.2744
9.4608,0.5634,2.4273
9.4610,0.618,2.6586
9.4612,0.6613,2.8448
9.4614,0.6772,2.9175
9.4616,0.5984,2.5805
9.4618,0.5583,2.4073
9.4620,0.5606,2.4149
9.4622,0.5802,2.5007
9.4624,0.5368,2.3158
9.4626,0.5187,2.2377
9.4628,0.5199,2.2398
9.4630,0.5572,2.3993
9.4632,0.621,2.6727
9.4634,0.6648,2.8584
9.4636,0.6445,2.7752
9.4638,0.6555,2.8253
9.4640,0.5913,2.5459
9.4642,0.633,2.7231
9.4644,0.6112,2.6341
9.4646,0.5337,2.3024
9.4648,0.527,2.2713
9.4650,0.5582,2.4068
9.4652,0.5402,2.3292
9.4654,0.5336,2.2997
9.4656,0.5195,2.2403
9.4658,0.5408,2.3318
9.4660,0.5812,2.5026
9.4662,0.6128,2.6389
9.4664,0.5284,2.2796
9.4666,0.4831,2.0821
9.4668,0.518,2.2346
9.4670,0.4939,2.1296
9.4672,0.5332,2.296
9.4674,0.6199,2.6718
9.4676,0.5583,2.4073
9.4678,0.5445,2.3446
9.4680,0.6167,2.6529
9.4682,0.6486,2.7875
9.4684,0.6863,2.9554
9.4686,0.5936,2.5574
9.4688,0.5893,2.5365
9.4690,0.6095,2.6256
9.4692,0.6046,2.6044
9.4694,0.5995,2.5816
9.4696,0.5978,2.5731
9.4698,0.6288,2.7075
9.4700,0.6213,2.6743
9.4702,0.6363,2.735
9.4704,0.7252,3.1197
9.4706,0.6407,2.7586
9.4708,0.6303,2.7117
9.4710,0.6666,2.8675
9.4712,0.666,2.8623
9.4714,0.7216,3.0956
9.4716,0.7682,3.3065
9.4718,0.6579,2.8317
9.4720,0.6474,2.7837
9.4722,0.7327,3.1493
9.4724,0.7693,3.3065
9.4726,0.7582,3.2586
9.4728,0.7421,3.1895
9.4730,0.7586,3.2591
9.4732,0.7549,3.2447
9.4734,0.7731,3.3183
9.4736,0.8202,3.5168
9.4738,0.8486,3.6387
9.4740,0.8626,3.6971
9.4742,0.9193,3.9365
9.4744,0.9614,4.1225
9.4746,0.9493,4.0667
9.4748,0.9797,4.1953
9.4750,0.9772,4.1884
9.4752,0.9872,4.2251
9.4754,1.0132,4.3466
9.4756,0.9146,3.9274
9.4758,0.8757,3.7601
9.4760,0.8788,3.7682
9.4762,0.9103,3.9053
9.4764,0.8886,3.8122
9.4766,0.8968,3.8507
9.4768,0.8589,3.6863
9.4770,0.8686,3.7315
9.4772,0.8706,3.7385
9.4774,0.8893,3.8135
9.4776,0.9076,3.8934
9.4778,0.8815,3.7765
9.4780,0.9572,4.1045
9.4782,0.9415,4.0352
9.4784,0.961,4.1209
9.4786,0.9275,3.9788
9.4788,0.9443,4.0527
9.4790,0.932,4.0058
9.4792,0.7688,3.309
9.4794,0.6835,2.9416
9.4796,0.6995,3.0122
9.4798,0.6969,2.9994
9.4800,0.7167,3.086
9.4802,0.6823,2.9378
9.4804,0.6987,3.0085
9.4806,0.7049,3.0326
9.4808,0.6929,2.981
9.4810,0.7251,3.1163
9.4812,0.732,3.1506
9.4814,0.6844,2.9444
9.4816,0.7468,3.2126
9.4818,0.6706,2.8904
9.4820,0.6761,2.9088
9.4822,0.7402,3.1813
9.4824,0.8042,3.4549
9.4826,0.7938,3.41
9.4828,0.7853,3.3766
9.4830,0.7017,3.0243
9.4832,0.6024,2.5976
9.4834,0.6152,2.6516
9.4836,0.6242,2.6892
9.4838,0.6348,2.7283
9.4840,0.7707,3.3111
9.4842,0.7976,3.4297
9.4844,0.7211,3.1022
9.4846,0.665,2.8635
9.4848,0.6112,2.6316
9.4850,0.6219,2.6781
9.4852,0.6743,2.9051
9.4854,0.6754,2.9057
9.4856,0.6915,2.9776
9.4858,0.639,2.754
9.4860,0.6084,2.621
9.4862,0.5995,2.5839
9.4864,0.591,2.5484
9.4866,0.6002,2.5871
9.4868,0.6023,2.5982
9.4870,0.5277,2.2754
9.4872,0.5579,2.4046
9.4874,0.568,2.4514
9.4876,0.5036,2.1715
9.4878,0.5512,2.3757
9.4880,0.6065,2.6115
9.4882,0.6508,2.8025
9.4884,0.6502,2.8
9.4886,0.6613,2.8488
9.4888,0.68,2.9253
9.4890,0.6934,2.9803
9.4892,0.6761,2.9115
9.4894,0.6625,2.8526
9.4896,0.6805,2.9246
9.4898,0.7219,3.1058
9.4900,0.7342,3.1672
9.4902,0.6047,2.6038
9.4904,0.6227,2.6812
9.4906,0.5787,2.4963
9.4908,0.5572,2.4026
9.4910,0.5793,2.4955
9.4912,0.5889,2.5368
9.4914,0.5829,2.5121
9.4916,0.6434,2.7731
9.4918,0.6058,2.6132
9.4920,0.4936,2.1276
9.4922,0.5269,2.2729
9.4924,0.4884,2.1088
9.4926,0.4585,1.9799
9.4928,0.4625,1.997
9.4930,0.4512,1.9474
9.4932,0.4462,1.9248
9.4934,0.4452,1.9224
9.4936,0.4519,1.9523
9.4938,0.4506,1.9439
9.4940,0.457,1.9695
9.4942,0.5363,2.3127
9.4944,0.5191,2.2403
9.4946,0.4773,2.0564
9.4948,0.5299,2.2837
9.4950,0.5448,2.3516
9.4952,0.4759,2.054
9.4954,0.4468,1.9256
9.4956,0.4964,2.1395
9.4958,0.5368,2.3126
9.4960,0.6219,2.6719
9.4962,0.647,2.786
9.4964,0.5441,2.3452
9.4966,0.5567,2.3983
9.4968,0.5797,2.4975
9.4970,0.5742,2.4738
9.4972,0.5494,2.3679
9.4974,0.5886,2.5334
9.4976,0.6237,2.6834
9.4978,0.5999,2.5831
9.4980,0.6001,2.5817
9.4982,0.6042,2.6005
9.4984,0.5977,2.5786
9.4986,0.5672,2.4444
9.4988,0.52,2.2413
9.4990,0.5258,2.2672
9.4992,0.4872,2.1026
9.4994,0.4835,2.0847
9.4996,0.5132,2.2129
9.4998,0.4856,2.094
9.5000,0.4851,2.0929
9.5002,0.5064,2.1844
9.5004,0.5173,2.2305
9.5006,0.5383,2.3199
9.5008,0.5195,2.2382
9.5010,0.5638,2.4288
9.5012,0.5801,2.4991
9.5014,0.5808,2.5033
9.5016,0.5201,2.2408
9.5018,0.5507,2.3758
9.5020,0.4992,2.1524
9.5022,0.5257,2.2635
9.5024,0.5933,2.5488
9.5026,0.738,3.172
9.5028,0.6895,2.966
9.5030,0.6769,2.9078
9.5032,0.6965,3.002
9.5034,0.542,2.3391
9.5036,0.4799,2.0682
9.5038,0.4959,2.1345
9.5040,0.544,2.3458
9.5042,0.5118,2.2046
9.5044,0.5661,2.442
9.5046,0.4886,2.1059
9.5048,0.4704,2.0274
9.5050,0.5019,2.1643
9.5052,0.532,2.293
9.5054,0.5909,2.5456
9.5056,0.5741,2.4709
9.5058,0.5692,2.4486
9.5060,0.6303,2.7117
9.5062,0.6678,2.8687
9.5064,0.6966,2.9928
9.5066,0.7047,3.0259
9.5068,0.7217,3.1019
9.5070,0.7227,3.106
9.5072,0.7495,3.2185
9.5074,0.7576,3.259
9.5076,0.6478,2.7819
9.5078,0.8034,3.4448
9.5080,0.8861,3.7978
9.5082,0.932,3.9909
9.5084,0.8753,3.7621
9.5086,0.803,3.4465
9.5088,0.8558,3.6661
9.5090,0.9166,3.9283
9.5092,0.9091,3.8947
9.5094,0.9977,4.2743
9.5096,0.9354,4.009
9.5098,0.8435,3.6187
9.5100,0.8531,3.6667
9.5102,0.8116,3.4819
9.5104,0.901,3.8543
9.5106,1.0383,4.4479
9.5108,0.9682,4.1518
9.5110,0.9243,3.9581
9.5112,0.9518,4.0756
9.5114,0.9833,4.2185
9.5116,0.9843,4.2187
9.5118,0.9761,4.1857
9.5120,0.8819,3.7851
9.5122,0.8808,3.7805
9.5124,0.8975,3.8466
9.5126,0.9408,4.0284
9.5128,0.9964,4.2706
9.5130,0.9101,3.9024
9.5132,0.8874,3.807
9.5134,0.8652,3.7188
9.5136,0.8373,3.597
9.5138,0.8789,3.767
9.5140,0.9996,4.2785
9.5142,1.0218,4.3796
9.5144,0.9297,3.9979
9.5146,0.7821,3.3585
9.5148,0.8541,3.664
9.5150,0.9499,4.0731
9.5152,0.9719,4.1677
9.5154,0.9427,4.0423
9.5156,0.9355,4.0133
9.5158,0.8632,3.7048
9.5160,0.8,3.4416
9.5162,0.7547,3.2482
9.5164,0.7313,3.1446
9.5166,0.729,3.1348
9.5168,0.7869,3.3823
9.5170,0.8162,3.5015
9.5172,0.9149,3.9157
9.5174,0.9889,4.2402
9.5176,0.9419,4.0443
9.5178,0.8578,3.6885
9.5180,0.805,3.4601
9.5182,0.8302,3.5666
9.5184,0.8411,3.6135
9.5186,0.8439,3.6254
9.5188,0.8162,3.508
9.5190,0.7771,3.3415
9.5192,0.7691,3.3101
9.5194,0.7278,3.1369
9.5196,0.6808,2.9316
9.5198,0.6752,2.9046
9.5200,0.7036,3.0283
9.5202,0.7041,3.0332
9.5204,0.6814,2.9287
9.5206,0.7899,3.3951
9.5208,0.8254,3.5477
9.5210,0.8532,3.6672
9.5212,0.8142,3.5025
9.5214,0.7644,3.2915
9.5216,0.7002,3.0153
9.5218,0.6932,2.9834
9.5220,0.6853,2.948
9.5222,0.7133,3.0673
9.5224,0.6966,2.9998
9.5226,0.6802,2.9331
9.5228,0.6257,2.6929
9.5230,0.6613,2.8475
9.5232,0.6552,2.8277
9.5234,0.5885,2.5376
9.5236,0.6261,2.6962
9.5238,0.6842,2.942
9.5240,0.7695,3.3152
9.5242,0.5907,2.5504
9.5244,0.5283,2.2801
9.5246,0.5337,2.3024
9.5248,0.5427,2.3412
9.5250,0.5423,2.3385
9.5252,0.5377,2.3184
9.5254,0.5367,2.3142
9.5256,0.5381,2.3204
9.5258,0.5433,2.3437
9.5260,0.5435,2.3426
9.5262,0.5691,2.4561
9.5264,0.5206,2.247
9.5266,0.5229,2.2548
9.5268,0.5457,2.3519
9.5270,0.5313,2.291
9.5272,0.5662,2.4392
9.5274,0.6058,2.6108
9.5276,0.5771,2.4885
9.5278,0.577,2.4868
9.5280,0.6341,2.7302
9.5282,0.6291,2.7116
9.5284,0.6297,2.7117
9.5286,0.6523,2.8074
9.5288,0.6692,2.8789
9.5290,0.7302,3.1414
9.5292,0.7114,3.0604
9.5294,0.6801,2.9299
9.5296,0.6529,2.8139
9.5298,0.645,2.7747
9.5300,0.6952,2.9866
9.5302,0.7901,3.3909
9.5304,0.8157,3.5076
9.5306,0.7219,3.1058
9.5308,0.7282,3.1326
9.5310,0.699,3.0115
9.5312,0.6645,2.8601
9.5314,0.6794,2.9254
9.5316,0.629,2.7111
9.5318,0.5516,2.3805
9.5320,0.5338,2.3029
9.5322,0.5324,2.2956
9.5324,0.5313,2.2899
9.5326,0.5663,2.4397
9.5328,0.6006,2.5922
9.5330,0.5492,2.3636
9.5332,0.6133,2.6397
9.5334,0.6157,2.6549
9.5336,0.538,2.321
9.5338,0.5299,2.2826
9.5340,0.568,2.4446
9.5342,0.6302,2.7162
9.5344,0.5844,2.5188
9.5346,0.5698,2.4558
9.5348,0.5873,2.5312
9.5350,0.5992,2.58
9.5352,0.6241,2.6861
9.5354,0.5795,2.4988
9.5356,0.5237,2.2573
9.5358,0.5761,2.4809
9.5360,0.6602,2.8402
9.5362,0.6706,2.8864
9.5364,0.659,2.8376
9.5366,0.6592,2.8374
9.5368,0.6942,2.9853
9.5370,0.7092,3.0526
9.5372,0.6582,2.8314
9.5374,0.6578,2.8298
9.5376,0.6576,2.8288
9.5378,0.6357,2.7413
9.5380,0.5873,2.5277
9.5382,0.6528,2.8095
9.5384,0.6433,2.7674
9.5386,0.7178,3.082
9.5388,0.8144,3.5019
9.5390,0.7779,3.3452
9.5392,0.7606,3.2658
9.5394,0.7718,3.3173
9.5396,0.7466,3.2151
9.5398,0.703,3.0243
9.5400,0.7216,3.0999
9.5402,0.7453,3.2019
9.5404,0.7619,3.27
9.5406,0.8895,3.8122
9.5408,0.9582,4.1067
9.5410,0.9982,4.2703
9.5412,1.0821,4.6359
9.5414,1.049,4.4941
9.5416,1.0446,4.4668
9.5418,1.0688,4.5746
9.5420,0.9916,4.254
9.5422,0.9146,3.9238
9.5424,0.9104,3.9058
9.5426,0.9122,3.9153
9.5428,0.9112,3.9107
9.5430,0.9168,3.9349
9.5432,0.8865,3.8029
9.5434,0.904,3.8816
9.5436,0.8883,3.8124
9.5438,0.908,3.8955
9.5440,0.9359,4.0167
9.5442,0.8681,3.7277
9.5444,0.8956,3.8402
9.5446,0.9656,4.1405
9.5448,0.9151,3.9313
9.5450,0.824,3.5382
9.5452,0.8552,3.6755
9.5454,0.7722,3.322
9.5456,0.7193,3.0988
9.5458,0.6972,3.0023
9.5460,0.7074,3.0434
9.5462,0.7409,3.1873
9.5464,0.7415,3.1929
9.5466,0.6851,2.9488
9.5468,0.7198,3.0994
9.5470,0.7204,3.0962
9.5472,0.7409,3.1918
9.5474,0.699,3.0087
9.5476,0.7482,3.2188
9.5478,0.7789,3.3477
9.5480,0.7981,3.427
9.5482,0.7869,3.387
9.5484,0.7228,3.1109
9.5486,0.723,3.1105
9.5488,0.7522,3.2328
9.5490,0.8381,3.6006
9.5492,0.8455,3.6304
9.5494,0.8612,3.6995
9.5496,0.8349,3.5917
9.5498,0.738,3.1779
9.5500,0.6863,2.954
9.5502,0.6838,2.9459
9.5504,0.6963,2.9996
9.5506,0.7068,3.0422
9.5508,0.762,3.2781
9.5510,0.7217,3.1062
9.5512,0.7279,3.1302
9.5514,0.7896,3.3952
9.5516,0.7658,3.2946
9.5518,0.7086,3.0514
9.5520,0.7291,3.1382
9.5522,0.78,3.3555
9.5524,0.7916,3.4039
9.5526,0.7377,3.1734
9.5528,0.7504,3.2281
9.5530,0.7131,3.0719
9.5532,0.6077,2.6191
9.5534,0.6011,2.5931
9.5536,0.6303,2.7155
9.5538,0.6164,2.6605
9.5540,0.5369,2.3163
9.5542,0.5312,2.2915
9.5544,0.5326,2.2966
9.5546,0.5379,2.3205
9.5548,0.5436,2.3453
9.5550,0.5401,2.3287
9.5552,0.5504,2.3721
9.5554,0.5523,2.3836
9.5556,0.5495,2.3717
9.5558,0.551,2.3747
9.5560,0.594,2.5566
9.5562,0.6427,2.7674
9.5564,0.6937,2.9841
9.5566,0.6863,2.9567
9.5568,0.6383,2.7522
9.5570,0.5403,2.3319
9.5572,0.4549,1.9662
9.5574,0.4474,1.9326
9.5576,0.461,1.9907
9.5578,0.4794,2.068
9.5580,0.5218,2.2512
9.5582,0.5371,2.3147
9.5584,0.5561,2.3969
9.5586,0.5679,2.4498
9.5588,0.5915,2.5481
9.5590,0.6576,2.8328
9.5592,0.5908,2.5486
9.5594,0.4914,2.1227
9.5596,0.4584,1.9803
9.5598,0.4582,1.9774
9.5600,0.4525,1.9531
9.5602,0.4514,1.9484
9.5604,0.5083,2.1937
9.5606,0.4718,2.0373
9.5608,0.4494,1.9396
9.5610,0.465,2.005
9.5612,0.4966,2.1435
9.5614,0.4531,1.9566
9.5616,0.45,1.9431
9.5618,0.4504,1.9438
9.5620,0.4511,1.9469
9.5622,0.4511,1.9478
9.5624,0.4435,1.916
9.5626,0.4552,1.9654
9.5628,0.4607,1.9873
9.5630,0.5222,2.2475
9.5632,0.6566,2.8273
9.5634,0.607,2.6148
9.5636,0.6217,2.6758
9.5638,0.5758,2.4793
9.5640,0.5506,2.3775
9.5642,0.4351,1.878
9.5644,0.4164,1.7973
9.5646,0.4468,1.9273
9.5648,0.5007,2.1601
9.5650,0.4958,2.1359
9.5652,0.5329,2.2966
9.5654,0.5133,2.2134
9.5656,0.4869,2.1006
9.5658,0.5312,2.2915
9.5660,0.4987,2.1513
9.5662,0.4912,2.1173
9.5664,0.5516,2.375
9.5666,0.5646,2.4324
9.5668,0.5263,2.2671
9.5670,0.4921,2.1209
9.5672,0.4833,2.0832
9.5674,0.5312,2.2894
9.5676,0.5618,2.4212
9.5678,0.5255,2.263
9.5680,0.5899,2.5402
9.5682,0.5856,2.5228
9.5684,0.5795,2.4965
9.5686,0.5929,2.5508
9.5688,0.61,2.6228
9.5690,0.6385,2.743
9.5692,0.702,3.0216
9.5694,0.6678,2.8753
9.5696,0.6681,2.8729
9.5698,0.6712,2.8863
9.5700,0.6627,2.8483
9.5702,0.7098,3.0551
9.5704,0.6205,2.6669
9.5706,0.6869,2.9538
9.5708,0.7004,3.0144
9.5710,0.7,3.01
9.5712,0.6874,2.9559
9.5714,0.6357,2.7388
9.5716,0.5927,2.5521
9.5718,0.6259,2.6914
9.5720,0.6016,2.5891
9.5722,0.6109,2.6318
9.5724,0.5733,2.4708
9.5726,0.6113,2.626
9.5728,0.7217,3.1019
9.5730,0.747,3.2077
9.5732,0.754,3.239
9.5734,0.7432,3.1912
9.5736,0.8016,3.4451
9.5738,0.7704,3.3065
9.5740,0.8819,3.7834
9.5742,0.8837,3.7928
9.5744,0.8843,3.7919
9.5746,0.9236,3.9568
9.5748,0.9084,3.897
9.5750,0.8929,3.8307
9.5752,0.8567,3.6753
9.5754,0.8315,3.5723
9.5756,0.8314,3.5685
9.5758,0.8794,3.7726
9.5760,0.8294,3.5597
9.5762,0.841,3.6096
9.5764,0.8522,3.6592
9.5766,0.8464,3.6328
9.5768,0.8475,3.6425
9.5770,0.7552,3.2457
9.5772,0.7662,3.2946
9.5774,0.7724,3.3183
9.5776,0.8698,3.7279
9.5778,0.9295,3.9857
9.5780,0.9173,3.9314
9.5782,0.9422,4.0364
9.5784,0.8848,3.7992
9.5786,0.8493,3.6468
9.5788,0.8596,3.6946
9.5790,0.7895,3.3915
9.5792,0.7615,3.2745
9.5794,0.7703,3.3091
9.5796,0.7797,3.3498
9.5798,0.7953,3.4183
9.5800,0.7745,3.3302
9.5802,0.7797,3.3529
9.5804,0.7861,3.3802
9.5806,0.7897,3.3988
9.5808,0.7568,3.2514
9.5810,0.8066,3.4652
9.5812,0.7937,3.4079
9.5814,0.8431,3.6218
9.5816,0.7975,3.4276
9.5818,0.8018,3.4413
9.5820,0.8272,3.5554
9.5822,0.7775,3.3431
9.5824,0.7926,3.4081
9.5826,0.702,3.0202
9.5828,0.6777,2.9168
9.5830,0.6879,2.9566
9.5832,0.7673,3.2947
9.5834,0.8654,3.7193
9.5836,0.7883,3.3911
9.5838,0.7288,3.1338
9.5840,0.7811,3.3539
9.5842,0.8161,3.5075
9.5844,0.7574,3.2555
9.5846,0.8006,3.4378
9.5848,0.8354,3.5888
9.5850,0.7859,3.3792
9.5852,0.759,3.2667
9.5854,0.7516,3.2332
9.5856,0.7578,3.257
9.5858,0.7448,3.2073
9.5860,0.6862,2.9576
9.5862,0.6384,2.7501
9.5864,0.5889,2.538
9.5866,0.5932,2.5566
9.5868,0.6062,2.6141
9.5870,0.6454,2.7767
9.5872,0.7273,3.1276
9.5874,0.6868,2.9574
9.5876,0.7042,3.0281
9.5878,0.7247,3.1191
9.5880,0.7353,3.1645
9.5882,0.7255,3.1227
9.5884,0.7511,3.2312
9.5886,0.7649,3.2844
9.5888,0.8276,3.552
9.5890,0.8862,3.8019
9.5892,0.9142,3.9254
9.5894,0.8675,3.7286
9.5896,0.8109,3.4886
9.5898,0.7319,3.1516
9.5900,0.7319,3.153
9.5902,0.7078,3.0435
9.5904,0.7704,3.3096
9.5906,0.7373,3.1748
9.5908,0.6621,2.8471
9.5910,0.7028,3.0261
9.5912,0.7404,3.1867
9.5914,0.7168,3.0894
9.5916,0.5837,2.5169
9.5918,0.5403,2.3297
9.5920,0.5371,2.3179
9.5922,0.536,2.3133
9.5924,0.5462,2.354
9.5926,0.547,2.3598
9.5928,0.5362,2.3143
9.5930,0.5353,2.3102
9.5932,0.5536,2.3827
9.5934,0.6001,2.5865
9.5936,0.6101,2.6233
9.5938,0.7505,3.2301
9.5940,0.6454,2.7806
9.5942,0.5668,2.4451
9.5944,0.5313,2.2931
9.5946,0.5271,2.2739
9.5948,0.5243,2.262
9.5950,0.5193,2.2413
9.5952,0.5276,2.276
9.5954,0.5305,2.2873
9.5956,0.5347,2.3065
9.5958,0.5458,2.3535
9.5960,0.5441,2.343
9.5962,0.6373,2.7404
9.5964,0.7398,3.1812
9.5966,0.7657,3.2956
9.5968,0.7235,3.1125
9.5970,0.6618,2.8508
9.5972,0.599,2.5843
9.5974,0.5484,2.3638
9.5976,0.5974,2.5711
9.5978,0.6313,2.7171
9.5980,0.6294,2.7114
9.5982,0.6466,2.7858
9.5984,0.6697,2.8809
9.5986,0.6688,2.8813
9.5988,0.5802,2.4996
9.5990,0.5962,2.5647
9.5992,0.6643,2.8617
9.5994,0.5597,2.4157
9.5996,0.5273,2.276
9.5998,0.5127,2.2108
9.6000,0.5137,2.218
9.6002,0.4921,2.1219
9.6004,0.5495,2.3673
9.6006,0.58,2.4962
9.6008,0.6259,2.6926
9.6010,0.6012,2.5936
9.6012,0.5085,2.1958
9.6014,0.5097,2.1989
9.6016,0.4994,2.1534
9.6018,0.5048,2.1777
9.6020,0.5351,2.3043
9.6022,0.6225,2.6807
9.6024,0.6221,2.6736
9.6026,0.7224,3.105
9.6028,0.6379,2.7544
9.6030,0.4915,2.1223
9.6032,0.4769,2.0572
9.6034,0.5501,2.3688
9.6036,0.5188,2.2403
9.6038,0.5076,2.1896
9.6040,0.5044,2.1772
9.6042,0.4695,2.0247
9.6044,0.4712,2.0338
9.6046,0.4711,2.0342
9.6048,0.4793,2.0675
9.6050,0.5044,2.1741
9.6052,0.5436,2.341
9.6054,0.6011,2.5895
9.6056,0.5968,2.5733
9.6058,0.5668,2.4395
9.6060,0.6701,2.8763
9.6062,0.7247,3.1177
9.6064,0.729,3.1348
9.6066,0.7354,3.1621
9.6068,0.7282,3.1268
9.6070,0.7703,3.3075
9.6072,0.7698,3.3055
9.6074,0.7712,3.3132
9.6076,0.8143,3.4932
9.6078,0.801,3.4361
9.6080,0.8404,3.6037
9.6082,0.9056,3.8798
9.6084,0.9384,4.0219
9.6086,0.9007,3.8623
9.6088,0.8644,3.7083
9.6090,0.8971,3.8451
9.6092,0.9173,3.9351
9.6094,0.9423,4.0351
9.6096,1.0249,4.3909
9.6098,1.0106,4.3292
9.6100,1.0386,4.4453
9.6102,1.0162,4.3513
9.6104,0.9987,4.2784
9.6106,0.9829,4.2125
9.6108,0.9361,4.014
9.6110,0.9314,3.9977
9.6112,0.9241,3.9681
9.6114,0.8833,3.7913
9.6116,0.8613,3.7018
9.6118,0.777,3.341
9.6120,0.7291,3.1368
9.6122,0.7458,3.2085
9.6124,0.7546,3.2416
9.6126,0.8139,3.495
9.6128,0.836,3.5914
9.6130,0.8254,3.5477
9.6132,0.7765,3.3328
9.6134,0.8608,3.6997
9.6136,0.8006,3.4394
9.6138,0.7824,3.3658
9.6140,0.7237,3.1136
9.6142,0.7152,3.0798
9.6144,0.7227,3.1104
9.6146,0.7026,3.0228
9.6148,0.7162,3.0782
9.6150,0.776,3.3369
9.6152,0.6983,3.0084
9.6154,0.6078,2.6184
9.6156,0.6092,2.6234
9.6158,0.6288,2.71
9.6160,0.6348,2.7384
9.6162,0.5807,2.5017
9.6164,0.6357,2.7337
9.6166,0.7241,3.1151
9.6168,0.7739,3.3276
9.6170,0.7811,3.3554
9.6172,0.8013,3.4489
9.6174,0.6579,2.8369
9.6176,0.5909,2.5491
9.6178,0.5922,2.5512
9.6180,0.5969,2.5726
9.6182,0.5824,2.5089
9.6184,0.6468,2.785
9.6186,0.6666,2.8688
9.6188,0.6911,2.9732
9.6190,0.7203,3.0986
9.6192,0.7102,3.0567
9.6194,0.7108,3.0578
9.6196,0.7584,3.2626
9.6198,0.6966,3.0012
9.6200,0.5947,2.5645
9.6202,0.5813,2.5054
9.6204,0.5844,2.5188
9.6206,0.5992,2.5788
9.6208,0.6543,2.8175
9.6210,0.6474,2.7902
9.6212,0.6142,2.6445
9.6214,0.6337,2.7262
9.6216,0.6249,2.691
9.6218,0.6249,2.691
9.6220,0.6056,2.6115
9.6222,0.5923,2.5541
9.6224,0.5282,2.2775
9.6226,0.5272,2.2776
9.6228,0.4603,1.9876
9.6230,0.4597,1.9832
9.6232,0.4654,2.0038
9.6234,0.5752,2.4767
9.6236,0.5559,2.397
9.6238,0.579,2.4967
9.6240,0.5625,2.4243
9.6242,0.5638,2.4299
9.6244,0.5615,2.4224
9.6246,0.5601,2.4139
9.6248,0.5594,2.4063
9.6250,0.6253,2.6938
9.6252,0.5796,2.5005
9.6254,0.5338,2.3029
9.6256,0.5458,2.3513
9.6258,0.5688,2.4517
9.6260,0.5772,2.4878
9.6262,0.5705,2.46
9.6264,0.5591,2.4076
9.6266,0.6401,2.7497
9.6268,0.6737,2.9012
9.6270,0.579,2.4933
9.6272,0.5944,2.5582
9.6274,0.6697,2.8823
9.6276,0.6594,2.8379
9.6278,0.6429,2.762
9.6280,0.6954,2.989
9.6282,0.6697,2.8796
9.6284,0.6722,2.8877
9.6286,0.7296,3.1359
9.6288,0.7092,3.054
9.6290,0.6731,2.8972
9.6292,0.6977,3.0002
9.6294,0.7257,3.1189
9.6296,0.7488,3.2169
9.6298,0.766,3.2875
9.6300,0.8072,3.4661
9.6302,0.785,3.374
9.6304,0.7169,3.0842
9.6306,0.6915,2.9762
9.6308,0.7042,3.0267
9.6310,0.7745,3.3271
9.6312,0.7128,3.0623
9.6314,0.7398,3.1797
9.6316,0.7766,3.3364
9.6318,0.847,3.6337
9.6320,0.8773,3.7638
9.6322,0.8974,3.8515
9.6324,0.8848,3.8045
9.6326,0.7741,3.3287
9.6328,0.7489,3.2189
9.6330,0.72,3.0961
9.6332,0.7024,3.0189
9.6334,0.7323,3.156
9.6336,0.594,2.5661
9.6338,0.5454,2.3465
9.6340,0.6964,2.9959
9.6342,0.6598,2.8386
9.6344,0.7193,3.0902
9.6346,0.7776,3.3389
9.6348,0.8205,3.5183
9.6350,0.8319,3.5772
9.6352,0.7505,3.2286
9.6354,0.7824,3.3642
9.6356,0.7976,3.4313
9.6358,0.7318,3.1481
9.6360,0.7285,3.1356
9.6362,0.7341,3.155
9.6364,0.7998,3.4262
9.6366,0.9367,4.0109
9.6368,0.9602,4.1212
9.6370,0.8612,3.7081
9.6372,0.6624,2.8548
9.6374,0.5983,2.5764
9.6376,0.651,2.8004
9.6378,0.6749,2.9077
9.6380,0.6369,2.7426
9.6382,0.7205,3.0924
9.6384,0.7728,3.3292
9.6386,0.6862,2.9521
9.6388,0.736,3.1662
9.6390,0.7061,3.0391
9.6392,0.68,2.928
9.6394,0.655,2.8206
9.6396,0.6719,2.8867
9.6398,0.7431,3.1907
9.6400,0.8025,3.4525
9.6402,0.7476,3.2147
9.6404,0.8486,3.6387
9.6406,0.9601,4.1091
9.6408,0.9777,4.1963
9.6410,0.883,3.7933
9.6412,0.8676,3.7187
9.6414,0.9143,3.9241
9.6416,0.8978,3.8536
9.6418,0.8529,3.6606
9.6420,0.8625,3.7017
9.6422,0.9243,3.9691
9.6424,0.8731,3.7493
9.6426,0.8537,3.6625
9.6428,0.9145,3.9251
9.6430,0.8875,3.8093
9.6432,0.9646,4.1344
9.6434,1.0181,4.3596
9.6436,1.1066,4.7429
9.6438,1.0028,4.3019
9.6440,0.9983,4.2848
9.6442,0.9343,4.0044
9.6444,0.9825,4.209
9.6446,1.0018,4.3018
9.6448,0.9206,3.9569
9.6450,0.8602,3.6954
9.6452,0.8297,3.5646
9.6454,0.8684,3.7339
9.6456,0.8103,3.4795
9.6458,0.8618,3.6969
9.6460,0.9282,3.9801
9.6462,0.9327,4.0052
9.6464,0.8562,3.675
9.6466,0.9672,4.1472
9.6468,0.9951,4.265
9.6470,0.9588,4.1265
9.6472,0.7648,3.29
9.6474,0.7883,3.3879
9.6476,0.8303,3.5705
9.6478,0.7835,3.3736
9.6480,0.8248,3.5402
9.6482,0.9577,4.1046
9.6484,0.9813,4.2098
9.6486,0.9676,4.1511
9.6488,0.9778,4.1929
9.6490,0.9767,4.1922
9.6492,0.9212,3.9613
9.6494,0.848,3.6446
9.6496,0.8645,3.714
9.6498,0.9184,3.9397
9.6500,0.992,4.2536
9.6502,1.0053,4.3107
9.6504,0.9863,4.2334
9.6506,0.904,3.887
9.6508,0.8374,3.5992
9.6510,0.8351,3.5928
9.6512,0.8372,3.6015
9.6514,0.8437,3.626
9.6516,0.8426,3.6214
9.6518,0.852,3.6587
9.6520,0.9558,4.1002
9.6522,0.9865,4.2359
9.6524,0.9824,4.2164
9.6526,0.9702,4.1658
9.6528,0.9447,4.0567
9.6530,0.9559,4.1065
9.6532,0.9536,4.0891
9.6534,1.0217,4.3831
9.6536,0.9812,4.221
9.6538,0.8633,3.7123
9.6540,0.8538,3.6732
9.6542,0.8462,3.6368
9.6544,0.8407,3.6165
9.6546,0.8263,3.5562
9.6548,0.8433,3.6245
9.6550,0.8285,3.5644
9.6552,0.776,3.3431
9.6554,0.7698,3.3178
9.6556,0.7463,3.215
9.6558,0.7429,3.2005
9.6560,0.685,2.9524
9.6562,0.6747,2.9093
9.6564,0.7004,3.0158
9.6566,0.746,3.211
9.6568,0.7516,3.2377
9.6570,0.6989,3.0152
9.6572,0.6811,2.9381
9.6574,0.6753,2.9106
9.6576,0.7023,3.024
9.6578,0.7466,3.2181
9.6580,0.6901,2.9741
9.6582,0.6325,2.7286
9.6584,0.5883,2.5389
9.6586,0.5612,2.4242
9.6588,0.5261,2.2719
9.6590,0.5385,2.3274
9.6592,0.5354,2.3117
9.6594,0.5303,2.29
9.6596,0.5312,2.2926
9.6598,0.577,2.4868
9.6600,0.623,2.684
9.6602,0.6562,2.8231
9.6604,0.6977,3.0114
9.6606,0.5426,2.345
9.6608,0.5311,2.2942
9.6610,0.5422,2.3402
9.6612,0.5436,2.3464
9.6614,0.523,2.2574
9.6616,0.5131,2.2154
9.6618,0.5124,2.2134
9.6620,0.532,2.2973
9.6622,0.5336,2.304
9.6624,0.5263,2.2703
9.6626,0.592,2.5526
9.6628,0.6464,2.786
9.6630,0.6529,2.8126
9.6632,0.6408,2.7592
9.6634,0.6861,2.9557
9.6636,0.6523,2.8074
9.6638,0.6525,2.8163
9.6640,0.5483,2.3677
9.6642,0.5355,2.3101
9.6644,0.5293,2.2832
9.6646,0.5418,2.3397
9.6648,0.5339,2.3034
9.6650,0.554,2.3876
9.6652,0.5835,2.5205
9.6654,0.4679,2.0221
9.6656,0.4392,1.8974
9.6658,0.4379,1.8926
9.6660,0.4457,1.9263
9.6662,0.4578,1.9759
9.6664,0.5302,2.2821
9.6666,0.6349,2.7351
9.6668,0.6213,2.678
9.6670,0.5826,2.5111
9.6672,0.6029,2.5948
9.6674,0.6845,2.949
9.6676,0.6692,2.8815
9.6678,0.709,3.0515
9.6680,0.7102,3.0553
9.6682,0.7463,3.2105
9.6684,0.7808,3.3544
9.6686,0.8016,3.4419
9.6688,0.8658,3.7127
9.6690,0.8272,3.5637
9.6692,0.697,3.0041
9.6694,0.591,2.5473
9.6696,0.6258,2.6934
9.6698,0.665,2.8581
9.6700,0.7353,3.1601
9.6702,0.7583,3.2667
9.6704,0.6752,2.9073
9.6706,0.6879,2.9621
9.6708,0.6857,2.9528
9.6710,0.6719,2.8947
9.6712,0.636,2.7347
9.6714,0.71,3.0514
9.6716,0.7685,3.306
9.6718,0.7144,3.0776
9.6720,0.6582,2.8301
9.6722,0.7682,3.3019
9.6724,0.766,3.2951
9.6726,0.7879,3.3864
9.6728,0.8324,3.5726
9.6730,0.8357,3.5937
9.6732,0.7777,3.341
9.6734,0.8717,3.7396
9.6736,0.9331,4.0011
9.6738,0.9474,4.068
9.6740,0.907,3.8927
9.6742,0.8669,3.7225
9.6744,0.8616,3.7033
9.6746,0.8596,3.6946
9.6748,0.7827,3.3642
9.6750,0.8455,3.627
9.6752,0.9139,3.9244
9.6754,0.8559,3.6786
9.6756,0.845,3.6283
9.6758,0.9097,3.9045
9.6760,0.8667,3.7232
9.6762,0.8728,3.7443
9.6764,1.0139,4.3396
9.6766,1.1612,4.9674
9.6768,1.1408,4.8894
9.6770,1.0269,4.4053
9.6772,0.9939,4.2618
9.6774,0.9905,4.2494
9.6776,0.9956,4.271
9.6778,0.9389,4.0277
9.6780,1.0096,4.3292
9.6782,1.0279,4.4078
9.6784,1.002,4.3028
9.6786,0.949,4.0695
9.6788,0.9897,4.2517
9.6790,0.9219,3.9588
9.6792,0.9338,4.0173
9.6794,0.8266,3.5545
9.6796,0.8733,3.7498
9.6798,0.9568,4.1087
9.6800,0.9245,3.9771
9.6802,0.7963,3.4288
9.6804,0.7122,3.0697
9.6806,0.6789,2.9247
9.6808,0.7126,3.0656
9.6810,0.7413,3.1918
9.6812,0.6487,2.7971
9.6814,0.6017,2.5945
9.6816,0.6567,2.8305
9.6818,0.7026,3.027
9.6820,0.6951,2.9917
9.6822,0.7178,3.0906
9.6824,0.7186,3.0928
9.6826,0.7235,3.114
9.6828,0.7728,3.323
9.6830,0.8297,3.5712
9.6832,0.7275,3.1383
9.6834,0.5915,2.5517
9.6836,0.5907,2.5469
9.6838,0.6469,2.7855
9.6840,0.6849,2.9533
9.6842,0.6824,2.9397
9.6844,0.6642,2.8638
9.6846,0.6472,2.7922
9.6848,0.6302,2.7162
9.6850,0.694,2.9815
9.6852,0.7742,3.3307
9.6854,0.7464,3.214
9.6856,0.6748,2.9058
9.6858,0.6219,2.6831
9.6860,0.6279,2.7039
9.6862,0.7523,3.2393
9.6864,0.6646,2.8659
9.6866,0.6195,2.6703
9.6868,0.6145,2.6473
9.6870,0.6215,2.6785
9.6872,0.6199,2.6743
9.6874,0.6124,2.6417
9.6876,0.6289,2.7093
9.6878,0.7307,3.1449
9.6880,0.7251,3.1192
9.6882,0.7518,3.2403
9.6884,0.6471,2.7878
9.6886,0.6215,2.676
9.6888,0.6773,2.918
9.6890,0.6448,2.7819
9.6892,0.5574,2.4048
9.6894,0.5953,2.5671
9.6896,0.6324,2.7293
9.6898,0.5619,2.4206
9.6900,0.6263,2.6967
9.6902,0.617,2.6606
9.6904,0.6028,2.5991
9.6906,0.6113,2.6309
9.6908,0.6601,2.8476
9.6910,0.5796,2.5016
9.6912,0.5725,2.47
9.6914,0.6194,2.666
9.6916,0.6705,2.8926
9.6918,0.5284,2.2828
9.6920,0.4791,2.068
9.6922,0.4727,2.04
9.6924,0.4818,2.0803
9.6926,0.4853,2.0953
9.6928,0.494,2.1312
9.6930,0.5283,2.2823
9.6932,0.4831,2.086
9.6934,0.4718,2.0355
9.6936,0.4751,2.0494
9.6938,0.5041,2.1726
9.6940,0.5276,2.276
9.6942,0.4676,2.0211
9.6944,0.4682,2.0209
9.6946,0.5215,2.2496
9.6948,0.5465,2.3566
9.6950,0.5277,2.2786
9.6952,0.4544,1.9632
9.6954,0.4592,1.9793
9.6956,0.5149,2.2201
9.6958,0.5631,2.4268
9.6960,0.586,2.5256
9.6962,0.5761,2.4843
9.6964,0.5977,2.5738
9.6966,0.6469,2.7855
9.6968,0.5772,2.489
9.6970,0.5572,2.4038
9.6972,0.5446,2.3483
9.6974,0.4795,2.0695
9.6976,0.4747,2.0498
9.6978,0.4764,2.058
9.6980,0.4725,2.0386
9.6982,0.5347,2.3044
9.6984,0.5662,2.4425
9.6986,0.5507,2.3736
9.6988,0.6049,2.6072
9.6990,0.5606,2.4126
9.6992,0.6001,2.5865
9.6994,0.5826,2.5099
9.6996,0.6048,2.6067
9.6998,0.5857,2.5257
9.7000,0.5843,2.516
9.7002,0.6301,2.7132
9.7004,0.6695,2.8804
9.7006,0.679,2.9198
9.7008,0.796,3.4135
9.7010,0.9408,4.0359
9.7012,0.8513,3.6573
9.7014,0.8037,3.4528
9.7016,0.7862,3.3792
9.7018,0.759,3.2561
9.7020,0.8118,3.4906
9.7022,0.7528,3.2369
9.7024,0.7154,3.0789
9.7026,0.7438,3.1923
9.7028,0.8337,3.5782
9.7030,0.8378,3.6058
9.7032,0.6701,2.8883
9.7034,0.5815,2.5053
9.7036,0.5759,2.4844
9.7038,0.5136,2.2144
9.7040,0.5387,2.3241
9.7042,0.5379,2.3194
9.7044,0.5475,2.3586
9.7046,0.5602,2.4144
9.7048,0.5866,2.5281
9.7050,0.6101,2.6258
9.7052,0.6011,2.5895
9.7054,0.6281,2.7007
9.7056,0.6713,2.8908
9.7058,0.6413,2.7574
9.7060,0.6948,2.9906
9.7062,0.7056,3.0343
9.7064,0.8131,3.4832
9.7066,0.9192,3.9397
9.7068,0.9386,4.021
9.7070,0.9721,4.1663
9.7072,0.9324,3.9943
9.7074,0.9482,4.0602
9.7076,1.0203,4.3749
9.7078,0.9739,4.1779
9.7080,0.9967,4.2657
9.7082,1.0507,4.495
9.7084,1.0819,4.6262
9.7086,1.1208,4.8035
9.7088,0.9345,4.0073
9.7090,0.9142,3.9236
9.7092,0.9498,4.0707
9.7094,1.0353,4.435
9.7096,1.0193,4.3708
9.7098,1.0119,4.341
9.7100,0.9651,4.1384
9.7102,0.9902,4.2459
9.7104,0.9899,4.2468
9.7106,1.0076,4.3204
9.7108,0.994,4.2623
9.7110,0.9844,4.2192
9.7112,0.9972,4.2822
9.7114,0.8861,3.8031
9.7116,0.8843,3.7954
9.7118,0.9185,3.9421
9.7120,0.9202,3.9511
9.7122,0.8826,3.79
9.7124,0.8777,3.7706
9.7126,0.9297,3.9867
9.7128,0.9295,3.9894
9.7130,0.9488,4.0761
9.7132,0.8276,3.5652
9.7134,0.7373,3.1674
9.7136,0.8314,3.5718
9.7138,0.8386,3.6094
9.7140,0.8248,3.5468
9.7142,0.7944,3.4174
9.7144,0.7666,3.2977
9.7146,0.7843,3.3693
9.7148,0.8556,3.6775
9.7150,0.7925,3.4075
9.7152,0.7769,3.3436
9.7154,0.7865,3.3865
9.7156,0.7301,3.1438
9.7158,0.7331,3.1553
9.7160,0.7655,3.29
9.7162,0.8118,3.4889
9.7164,0.8421,3.621
9.7166,0.7927,3.4086
9.7168,0.8025,3.4476
9.7170,0.8173,3.5175
9.7172,0.8001,3.4389
9.7174,0.8158,3.5065
9.7176,0.7964,3.423
9.7178,0.8299,3.5651
9.7180,0.8233,3.5417
9.7182,0.8257,3.552
9.7184,0.8414,3.6162
9.7186,0.8224,3.5364
9.7188,0.808,3.481
9.7190,0.6972,3.0051
9.7192,0.7065,3.0407
9.7194,0.7441,3.1983
9.7196,0.7552,3.2517
9.7198,0.7109,3.064
9.7200,0.7004,3.0158
9.7202,0.6995,3.0136
9.7204,0.6976,3.0053
9.7206,0.6977,3.0044
9.7208,0.7077,3.0459
9.7210,0.7102,3.0567
9.7212,0.7173,3.0886
9.7214,0.6885,2.9702
9.7216,0.6272,2.7058
9.7218,0.6508,2.8038
9.7220,0.6583,2.8385
9.7222,0.623,2.689
9.7224,0.5583,2.4095
9.7226,0.5516,2.3794
9.7228,0.5458,2.3546
9.7230,0.5441,2.3485
9.7232,0.5422,2.3402
9.7234,0.545,2.3521
9.7236,0.5435,2.3448
9.7238,0.5433,2.3448
9.7240,0.5643,2.4331
9.7242,0.6217,2.6808
9.7244,0.5579,2.4046
9.7246,0.5428,2.3395
9.7248,0.6038,2.6026
9.7250,0.6426,2.772
9.7252,0.6975,3.002
9.7254,0.7035,3.0292
9.7256,0.6518,2.8093
9.7258,0.6519,2.8059
9.7260,0.7301,3.1394
9.7262,0.7236,3.1145
9.7264,0.6625,2.8539
9.7266,0.6837,2.944
9.7268,0.7203,3.0986
9.7270,0.7447,3.1994
9.7272,0.797,3.4271
9.7274,0.7838,3.3704
9.7276,0.7682,3.3034
9.7278,0.7668,3.2987
9.7280,0.7805,3.3544
9.7282,0.8178,3.5131
9.7284,0.8294,3.5697
9.7286,0.759,3.2622
9.7288,0.8126,3.4893
9.7290,0.8288,3.5605
9.7292,0.8685,3.7292
9.7294,0.9138,3.9184
9.7296,0.8877,3.8169
9.7298,0.8594,3.6918
9.7300,0.9032,3.8821
9.7302,0.8621,3.7019
9.7304,0.8499,3.646
9.7306,0.901,3.8724
9.7308,0.8209,3.5347
9.7310,0.7127,3.0675
9.7312,0.705,3.0359
9.7314,0.7174,3.0877
9.7316,0.7058,3.039
9.7318,0.7266,3.1259
9.7320,0.7751,3.3343
9.7322,0.7899,3.3967
9.7324,0.7705,3.3055
9.7326,0.9291,3.986
9.7328,0.9538,4.1015
9.7330,0.8421,3.6244
9.7332,0.6969,3.0022
9.7334,0.6456,2.7824
9.7336,0.6062,2.6153
9.7338,0.5993,2.5841
9.7340,0.5482,2.3661
9.7342,0.5242,2.2605
9.7344,0.5439,2.3496
9.7346,0.5018,2.1678
9.7348,0.4968,2.143
9.7350,0.5486,2.3687
9.7352,0.5062,2.1839
9.7354,0.5566,2.3967
9.7356,0.562,2.4267
9.7358,0.4793,2.0704
9.7360,0.4739,2.0461
9.7362,0.4749,2.0508
9.7364,0.4908,2.1201
9.7366,0.5001,2.1585
9.7368,0.5483,2.3644
9.7370,0.603,2.5965
9.7372,0.6666,2.8702
9.7374,0.6176,2.6632
9.7376,0.5791,2.4961
9.7378,0.626,2.7007
9.7380,0.5691,2.4561
9.7382,0.5542,2.3886
9.7384,0.6174,2.6597
9.7386,0.6277,2.7054
9.7388,0.6603,2.8433
9.7390,0.6789,2.9206
9.7392,0.719,3.09
9.7394,0.7375,3.1744
9.7396,0.7425,3.194
9.7398,0.7898,3.3978
9.7400,0.7217,3.1005
9.7402,0.8338,3.5804
9.7404,0.869,3.7365
9.7406,0.7951,3.4205
9.7408,0.7338,3.1569
9.7410,0.7445,3.2028
9.7412,0.741,3.1908
9.7414,0.7207,3.1064
9.7416,0.6699,2.8779
9.7418,0.7421,3.1925
9.7420,0.7765,3.339
9.7422,0.8205,3.5233
9.7424,0.8441,3.6247
9.7426,0.8425,3.6175
9.7428,0.8898,3.828
9.7430,0.7749,3.3369
9.7432,0.7127,3.0661
9.7434,0.7353,3.1645
9.7436,0.7351,3.1611
9.7438,0.7284,3.1322
9.7440,0.7314,3.1436
9.7442,0.7796,3.3524
9.7444,0.7842,3.3751
9.7446,0.7278,3.1267
9.7448,0.8155,3.5016
9.7450,0.8427,3.6202
9.7452,0.8634,3.7093
9.7454,0.8904,3.8217
9.7456,0.8638,3.716
9.7458,0.7907,3.3998
9.7460,0.7715,3.3189
9.7462,0.7644,3.2869
9.7464,0.7308,3.1469
9.7466,0.75,3.2265
9.7468,0.7607,3.2709
9.7470,0.7372,3.1684
9.7472,0.7701,3.3086
9.7474,0.7953,3.4215
9.7476,0.7848,3.3777
9.7478,0.7795,3.355
9.7480,0.7007,3.0159
9.7482,0.6532,2.8168
9.7484,0.6154,2.6534
9.7486,0.6234,2.6855
9.7488,0.601,2.5902
9.7490,0.6052,2.6058
9.7492,0.685,2.9483
9.7494,0.7287,3.1332
9.7496,0.7211,3.1065
9.7498,0.6944,2.99
9.7500,0.6954,2.9918
9.7502,0.7393,3.1806
9.7504,0.7061,3.0377
9.7506,0.7188,3.0938
9.7508,0.6981,3.006
9.7510,0.6172,2.6612
9.7512,0.6391,2.7519
9.7514,0.6149,2.6526
9.7516,0.5113,2.2056
9.7518,0.5031,2.1725
9.7520,0.5034,2.1745
9.7522,0.4444,1.9214
9.7524,0.4173,1.8018
9.7526,0.4958,2.1409
9.7528,0.527,2.2745
9.7530,0.5102,2.204
9.7532,0.4504,1.9438
9.7534,0.4465,1.929
9.7536,0.4486,1.9387
9.7538,0.447,1.9284
9.7540,0.4429,1.9126
9.7542,0.4459,1.9273
9.7544,0.4526,1.9527
9.7546,0.5046,2.1767
9.7548,0.5438,2.3447
9.7550,0.527,2.2745
9.7552,0.4941,2.1297
9.7554,0.5234,2.2589
9.7556,0.4621,1.9954
9.7558,0.4543,1.9599
9.7560,0.4538,1.9606
9.7562,0.4555,1.9669
9.7564,0.4649,2.0064
9.7566,0.4773,2.0583
9.7568,0.5436,2.342
9.7570,0.5958,2.5655
9.7572,0.589,2.5385
9.7574,0.5809,2.5027
9.7576,0.5849,2.5209
9.7578,0.5107,2.2041
9.7580,0.4499,1.9435
9.7582,0.4463,1.9271
9.7584,0.462,1.9921
9.7586,0.5155,2.2217
9.7588,0.5488,2.3664
9.7590,0.553,2.3823
9.7592,0.5664,2.4413
9.7594,0.5492,2.3658
9.7596,0.5453,2.3504
9.7598,0.5442,2.3468
9.7600,0.5426,2.3385
9.7602,0.5648,2.4318
9.7604,0.5365,2.3121
9.7606,0.4588,1.98
9.7608,0.4462,1.9265
9.7610,0.4406,1.901
9.7612,0.4448,1.92
9.7614,0.4603,1.9867
9.7616,0.4489,1.9376
9.7618,0.444,1.9155
9.7620,0.4681,2.0175
9.7622,0.5236,2.2558
9.7624,0.5577,2.4025
9.7626,0.5843,2.5125
9.7628,0.6028,2.5967
9.7630,0.5421,2.3364
9.7632,0.5276,2.276
9.7634,0.4765,2.0556
9.7636,0.4458,1.9232
9.7638,0.4578,1.974
9.7640,0.5295,2.2821
9.7642,0.5137,2.215
9.7644,0.4874,2.0998
9.7646,0.5018,2.1628
9.7648,0.5361,2.3084
9.7650,0.5745,2.4794
9.7652,0.5042,2.1711
9.7654,0.5898,2.5362
9.7656,0.643,2.7677
9.7658,0.6416,2.7615
9.7660,0.6379,2.7442
9.7662,0.5932,2.553
9.7664,0.6012,2.5876
9.7666,0.5953,2.5623
9.7668,0.6118,2.6342
9.7670,0.5835,2.5112
9.7672,0.6213,2.673
9.7674,0.6303,2.7092
9.7676,0.7385,3.174
9.7678,0.7428,3.1867
9.7680,0.7805,3.3497
9.7682,0.7678,3.3013
9.7684,0.6829,2.939
9.7686,0.6607,2.8449
9.7688,0.6035,2.5986
9.7690,0.566,2.4336
9.7692,0.6378,2.745
9.7694,0.5983,2.5764
9.7696,0.5591,2.412
9.7698,0.5312,2.2883
9.7700,0.5877,2.5281
9.7702,0.6309,2.7156
9.7704,0.5959,2.5661
9.7706,0.5813,2.5054
9.7708,0.5396,2.3212
9.7710,0.6161,2.6466
9.7712,0.7144,3.0719
9.7714,0.7227,3.106
9.7716,0.6765,2.913
9.7718,0.6512,2.8015
9.7720,0.6772,2.9107
9.7722,0.7193,3.0902
9.7724,0.7201,3.0952
9.7726,0.7309,3.1401
9.7728,0.7258,3.1165
9.7730,0.7299,3.1355
9.7732,0.7463,3.2046
9.7734,0.7826,3.359
9.7736,0.8206,3.5287
9.7738,0.7697,3.305
9.7740,0.8018,3.4397
9.7742,0.8213,3.5252
9.7744,0.8432,3.6189
9.7746,0.8471,3.6308
9.7748,0.9218,3.9583
9.7750,0.8366,3.5906
9.7752,0.8371,3.5893
9.7754,0.8741,3.7517
9.7756,0.8941,3.834
9.7758,0.9291,3.9804
9.7760,0.8937,3.8356
9.7762,0.8218,3.5256
9.7764,0.8989,3.8564
9.7766,0.8656,3.7169
9.7768,0.8541,3.664
9.7770,0.9086,3.8944
9.7772,0.9149,3.9248
9.7774,0.8355,3.591
9.7776,0.7868,3.3802
9.7778,0.857,3.6764
9.7780,0.897,3.8518
9.7782,0.8591,3.6925
9.7784,0.8713,3.7398
9.7786,0.9331,4.003
9.7788,0.9016,3.8713
9.7790,0.9066,3.8911
9.7792,0.8758,3.7624
9.7794,0.7965,3.4251
9.7796,0.7486,3.2203
9.7798,0.7209,3.0983
9.7800,0.7474,3.2122
9.7802,0.7585,3.2616
9.7804,0.769,3.3065
9.7806,0.776,3.3338
9.7808,0.8132,3.4951
9.7810,0.783,3.3652
9.7812,0.7854,3.3787
9.7814,0.7927,3.4086
9.7816,0.7651,3.2869
9.7818,0.8061,3.4615
9.7820,0.8176,3.5158
9.7822,0.7643,3.2864
9.7824,0.7636,3.2833
9.7826,0.7073,3.0457
9.7828,0.6836,2.9421
9.7830,0.7416,3.1874
9.7832,0.7817,3.358
9.7834,0.7729,3.3266
9.7836,0.6802,2.9263
9.7838,0.6806,2.9292
9.7840,0.6815,2.9347
9.7842,0.6749,2.9104
9.7844,0.6049,2.6072
9.7846,0.5928,2.5515
9.7848,0.6264,2.701
9.7850,0.594,2.5602
9.7852,0.6164,2.6494
9.7854,0.7405,3.1873
9.7856,0.7543,3.2421
9.7858,0.802,3.4488
9.7860,0.7088,3.0519
9.7862,0.6631,2.8552
9.7864,0.7089,3.0482
9.7866,0.7366,3.1688
9.7868,0.7173,3.0857
9.7870,0.7492,3.2214
9.7872,0.7772,3.3421
9.7874,0.7848,3.3745
9.7876,0.765,3.291
9.7878,0.7542,3.2446
9.7880,0.7207,3.1007
9.7882,0.666,2.8676
9.7884,0.6402,2.7553
9.7886,0.6374,2.7434
9.7888,0.696,2.9944
9.7890,0.7359,3.1612
9.7892,0.7988,3.4317
9.7894,0.8086,3.482
9.7896,0.6879,2.9593
9.7898,0.7283,3.1361
9.7900,0.6187,2.6666
9.7902,0.5469,2.356
9.7904,0.5489,2.3681
9.7906,0.5451,2.3515
9.7908,0.5421,2.3386
9.7910,0.5794,2.496
9.7912,0.6092,2.6258
9.7914,0.5942,2.5624
9.7916,0.5513,2.3773
9.7918,0.5337,2.3002
9.7920,0.5435,2.3437
9.7922,0.5656,2.4366
9.7924,0.621,2.674
9.7926,0.6108,2.6338
9.7928,0.5379,2.3205
9.7930,0.5293,2.2832
9.7932,0.5282,2.2765
9.7934,0.5269,2.2718
9.7936,0.5228,2.2553
9.7938,0.5234,2.2558
9.7940,0.5269,2.2729
9.7942,0.5254,2.2667
9.7944,0.5254,2.2656
9.7946,0.5248,2.263
9.7948,0.5258,2.2672
9.7950,0.5251,2.263
9.7952,0.5692,2.4521
9.7954,0.6296,2.7099
9.7956,0.6832,2.9324
9.7958,0.7836,3.3694
9.7960,0.6952,2.9964
9.7962,0.6255,2.6948
9.7964,0.5771,2.485
9.7966,0.5642,2.4304
9.7968,0.5964,2.5669
9.7970,0.6716,2.8905
9.7972,0.6301,2.717
9.7974,0.5731,2.4714
9.7976,0.5769,2.4874
9.7978,0.5685,2.4467
9.7980,0.6524,2.8066
9.7982,0.7323,3.1458
9.7984,0.7597,3.2622
9.7986,0.7655,3.29
9.7988,0.7118,3.062
9.7990,0.7219,3.1044
9.7992,0.6703,2.8848
9.7994,0.5915,2.5481
9.7996,0.5779,2.4909
9.7998,0.5881,2.5313
9.8000,0.6844,2.9403
9.8002,0.7381,3.1696
9.8004,0.7441,3.1998
9.8006,0.6706,2.885
9.8008,0.6612,2.8483
9.8010,0.5755,2.484
9.8012,0.4956,2.1379
9.8014,0.4893,2.109
9.8016,0.5401,2.3319
9.8018,0.4748,2.0493
9.8020,0.4704,2.0274
9.8022,0.4698,2.0276
9.8024,0.4712,2.0348
9.8026,0.4674,2.0182
9.8028,0.4622,1.9941
9.8030,0.4644,2.0043
9.8032,0.4665,2.0136
9.8034,0.4713,2.0324
9.8036,0.4722,2.0389
9.8038,0.4459,1.9255
9.8040,0.4725,2.0367
9.8042,0.5752,2.4767
9.8044,0.5723,2.4678
9.8046,0.5108,2.2025
9.8048,0.5058,2.1798
9.8050,0.5627,2.4197
9.8052,0.6584,2.8298
9.8054,0.6532,2.8089
9.8056,0.6626,2.8505
9.8058,0.701,3.0169
9.8060,0.7059,3.0339
9.8062,0.7022,3.0151
9.8064,0.8554,3.6697
9.8066,0.896,3.8423
9.8068,0.904,3.8744
9.8070,0.9225,3.9522
9.8072,0.9182,3.9337
9.8074,0.9435,4.044
9.8076,0.9468,4.0616
9.8078,0.906,3.8795
9.8080,1.0071,4.3043
9.8082,1.0978,4.6988
9.8084,1.0552,4.5182
9.8086,1.0307,4.4135
9.8088,1.048,4.4832
9.8090,1.1179,4.7823
9.8092,1.1214,4.7949
9.8094,1.0944,4.6861
9.8096,1.016,4.3584
9.8098,0.9441,4.0409
9.8100,1.0532,4.5016
9.8102,1.1232,4.8048
9.8104,1.115,4.7722
9.8106,1.0847,4.6575
9.8108,0.9246,3.9646
9.8110,0.9721,4.1702
9.8112,0.9301,3.9976
9.8114,0.7923,3.4086
9.8116,0.7203,3.0957
9.8118,0.7451,3.2054
9.8120,0.7684,3.3039
9.8122,0.8333,3.5767
9.8124,0.9166,3.9283
9.8126,0.952,4.0843
9.8128,0.8567,3.6788
9.8130,0.7722,3.3204
9.8132,0.7384,3.1735
9.8134,0.7718,3.3158
9.8136,0.8133,3.4956
9.8138,0.798,3.4392
9.8140,0.6718,2.8902
9.8142,0.7079,3.0469
9.8144,0.7008,3.0192
9.8146,0.6172,2.6575
9.8148,0.6222,2.6766
9.8150,0.7459,3.2075
9.8152,0.7547,3.2482
9.8154,0.6475,2.7881
9.8156,0.6565,2.8294
9.8158,0.6577,2.8346
9.8160,0.6441,2.7698
9.8162,0.7172,3.0866
9.8164,0.7302,3.1414
9.8166,0.7092,3.0483
9.8168,0.7372,3.1758
9.8170,0.6699,2.886
9.8172,0.7109,3.0584
9.8174,0.7008,3.0164
9.8176,0.6821,2.9373
9.8178,0.6815,2.9333
9.8180,0.6959,2.9967
9.8182,0.6733,2.9004
9.8184,0.6235,2.6848
9.8186,0.6716,2.8945
9.8188,0.6419,2.7625
9.8190,0.7548,3.2472
9.8192,0.7457,3.2094
9.8194,0.6783,2.9235
9.8196,0.6126,2.6403
9.8198,0.5929,2.5555
9.8200,0.5969,2.575
9.8202,0.6194,2.6673
9.8204,0.6634,2.8554
9.8206,0.6875,2.9633
9.8208,0.5974,2.577
9.8210,0.5233,2.2584
9.8212,0.4416,1.9078
9.8214,0.4091,1.7674
9.8216,0.4475,1.9331
9.8218,0.457,1.9741
9.8220,0.457,1.9741
9.8222,0.4873,2.1012
9.8224,0.5428,2.3417
9.8226,0.4927,2.1294
9.8228,0.4428,1.912
9.8230,0.445,1.9205
9.8232,0.4483,1.9359
9.8234,0.4508,1.9476
9.8236,0.4464,1.9267
9.8238,0.4472,1.9303
9.8240,0.4505,1.9443
9.8242,0.4494,1.9414
9.8244,0.4481,1.9339
9.8246,0.4818,2.0794
9.8248,0.4397,1.8977
9.8250,0.4451,1.9201
9.8252,0.4693,2.0246
9.8254,0.5072,2.1881
9.8256,0.4711,2.0324
9.8258,0.453,1.9524
9.8260,0.5019,2.1633
9.8262,0.5233,2.2574
9.8264,0.5335,2.2992
9.8266,0.5466,2.3539
9.8268,0.5457,2.3508
9.8270,0.5725,2.4665
9.8272,0.5891,2.539
9.8274,0.5874,2.5294
9.8276,0.5712,2.4608
9.8278,0.6191,2.6657
9.8280,0.5981,2.5754
9.8282,0.6143,2.6426
9.8284,0.6204,2.6726
9.8286,0.563,2.4252
9.8288,0.551,2.3724
9.8290,0.6151,2.6474
9.8292,0.6666,2.8675
9.8294,0.6913,2.971
9.8296,0.7094,3.0517
9.8298,0.6144,2.6468
9.8300,0.5722,2.4661
9.8302,0.5869,2.5238
9.8304,0.671,2.8866
9.8306,0.7095,3.0536
9.8308,0.6952,2.9936
9.8310,0.6048,2.6043
9.8312,0.5636,2.43
9.8314,0.5272,2.2734
9.8316,0.523,2.2532
9.8318,0.5454,2.3487
9.8320,0.546,2.3535
9.8322,0.5516,2.3783
9.8324,0.5257,2.2635
9.8326,0.5624,2.4215
9.8328,0.5966,2.5692
9.8330,0.5867,2.524
9.8332,0.583,2.5103
9.8334,0.5976,2.5745
9.8336,0.5947,2.5609
9.8338,0.596,2.5666
9.8340,0.6118,2.6342
9.8342,0.6275,2.6993
9.8344,0.6795,2.9178
9.8346,0.7734,3.3225
9.8348,0.7,3.0086
9.8350,0.7321,3.1467
9.8352,0.6856,2.9509
9.8354,0.5883,2.533
9.8356,0.6345,2.7323
9.8358,0.5988,2.5832
9.8360,0.5339,2.3013
9.8362,0.5309,2.2873
9.8364,0.4926,2.124
9.8366,0.471,2.0318
9.8368,0.4735,2.0427
9.8370,0.4767,2.0576
9.8372,0.5543,2.3858
9.8374,0.6206,2.6675
9.8376,0.7065,3.0393
9.8378,0.6513,2.8059
9.8380,0.549,2.3642
9.8382,0.5487,2.3637
9.8384,0.5221,2.2459
9.8386,0.5994,2.5774
9.8388,0.7156,3.077
9.8390,0.71,3.05
9.8392,0.7829,3.3569
9.8394,0.8447,3.6205
9.8396,0.876,3.7529
9.8398,0.9224,3.9554
9.8400,0.9151,3.9258
9.8402,0.8556,3.6758
9.8404,0.8301,3.5661
9.8406,0.7562,3.2458
9.8408,0.8217,3.5268
9.8410,0.8463,3.6306
9.8412,0.8428,3.619
9.8414,0.7441,3.1998
9.8416,0.7885,3.3826
9.8418,0.8721,3.7429
9.8420,0.8373,3.597
9.8422,0.8423,3.6153
9.8424,0.8946,3.8325
9.8426,0.8704,3.734
9.8428,0.8265,3.549
9.8430,0.8223,3.531
9.8432,0.8169,3.5078
9.8434,0.8207,3.5276
9.8436,0.768,3.3024
9.8438,0.7619,3.273
9.8440,0.7739,3.3199
9.8442,0.8374,3.5925
9.8444,0.8962,3.8446
9.8446,0.8772,3.7686
9.8448,0.795,3.4152
9.8450,0.8169,3.5111
9.8452,0.8109,3.4837
9.8454,0.8489,3.6419
9.8456,0.8359,3.5892
9.8458,0.7826,3.3668
9.8460,0.738,3.172
9.8462,0.8047,3.4569
9.8464,0.8312,3.5708
9.8466,0.842,3.6171
9.8468,0.8011,3.4431
9.8470,0.8202,3.5234
9.8472,0.8583,3.682
9.8474,0.802,3.4488
9.8476,0.698,3.0026
9.8478,0.6952,2.9908
9.8480,0.7546,3.2461
9.8482,0.792,3.4007
9.8484,0.8469,3.6365
9.8486,0.8713,3.7451
9.8488,0.8203,3.5272
9.8490,0.7998,3.4342
9.8492,0.839,3.6009
9.8494,0.8618,3.7038
9.8496,0.8607,3.6975
9.8498,0.8656,3.7186
9.8500,0.8656,3.7151
9.8502,0.8694,3.7316
9.8504,0.8736,3.7514
9.8506,0.8589,3.6863
9.8508,0.8619,3.7026
9.8510,0.7914,3.4092
9.8512,0.6841,2.9442
9.8514,0.6742,2.9019
9.8516,0.7362,3.1687
9.8518,0.6993,3.0097
9.8520,0.7439,3.1928
9.8522,0.8173,3.5143
9.8524,0.7071,3.0433
9.8526,0.6686,2.8803
9.8528,0.6602,2.8454
9.8530,0.651,2.8044
9.8532,0.6735,2.9001
9.8534,0.6862,2.9535
9.8536,0.735,3.1591
9.8538,0.6618,2.8508
9.8540,0.5763,2.4848
9.8542,0.5054,2.1813
9.8544,0.5108,2.2056
9.8546,0.517,2.2315
9.8548,0.5149,2.2212
9.8550,0.5146,2.2201
9.8552,0.5164,2.2258
9.8554,0.5948,2.5626
9.8556,0.5763,2.4872
9.8558,0.5284,2.2786
9.8560,0.5301,2.2858
9.8562,0.5326,2.2956
9.8564,0.6034,2.6017
9.8566,0.6018,2.5962
9.8568,0.5297,2.2842
9.8570,0.5128,2.2113
9.8572,0.5484,2.3627
9.8574,0.6187,2.6654
9.8576,0.6013,2.5905
9.8578,0.5945,2.5646
9.8580,0.5265,2.2724
9.8582,0.524,2.2605
9.8584,0.5203,2.2434
9.8586,0.5477,2.3574
9.8588,0.6739,2.899
9.8590,0.7006,3.014
9.8592,0.668,2.875
9.8594,0.5953,2.5659
9.8596,0.5252,2.2656
9.8598,0.5205,2.2455
9.8600,0.5205,2.2434
9.8602,0.5186,2.2362
9.8604,0.5128,2.2134
9.8606,0.5048,2.1777
9.8608,0.5139,2.215
9.8610,0.5523,2.3803
9.8612,0.5149,2.2222
9.8614,0.5058,2.1829
9.8616,0.5024,2.1664
9.8618,0.6136,2.6395
9.8620,0.6625,2.85
9.8622,0.6902,2.9664
9.8624,0.7299,3.1384
9.8626,0.6285,2.709
9.8628,0.5278,2.2781
9.8630,0.5116,2.2082
9.8632,0.4986,2.1508
9.8634,0.4855,2.0935
9.8636,0.5237,2.2552
9.8638,0.5941,2.5595
9.8640,0.5657,2.4393
9.8642,0.5583,2.4028
9.8644,0.601,2.5914
9.8646,0.5757,2.4788
9.8648,0.6354,2.7334
9.8650,0.653,2.8105
9.8652,0.6559,2.8229
9.8654,0.6736,2.8926
9.8656,0.73,3.1331
9.8658,0.7578,3.2555
9.8660,0.6954,2.9932
9.8662,0.6607,2.8462
9.8664,0.6125,2.6349
9.8666,0.6934,2.9803
9.8668,0.7024,3.0175
9.8670,0.7416,3.1874
9.8672,0.7279,3.1287
9.8674,0.7279,3.1316
9.8676,0.6601,2.8423
9.8678,0.6531,2.811
9.8680,0.6621,2.8537
9.8682,0.5987,2.5803
9.8684,0.5495,2.3663
9.8686,0.5649,2.4335
9.8688,0.5727,2.4659
9.8690,0.5987,2.5755
9.8692,0.664,2.8527
9.8694,0.7187,3.0919
9.8696,0.703,3.0299
9.8698,0.6307,2.7158
9.8700,0.5675,2.446
9.8702,0.4947,2.1333
9.8704,0.5029,2.1684
9.8706,0.5451,2.3471
9.8708,0.5951,2.5589
9.8710,0.647,2.7873
9.8712,0.5867,2.5287
9.8714,0.5514,2.3734
9.8716,0.6112,2.6292
9.8718,0.6276,2.7024
9.8720,0.6536,2.8131
9.8722,0.7032,3.0225
9.8724,0.7028,3.0205
9.8726,0.7295,3.1296
9.8728,0.8126,3.4877
9.8730,0.8193,3.5198
9.8732,0.7818,3.3601
9.8734,0.7682,3.2972
9.8736,0.8674,3.7176
9.8738,0.8989,3.8528
9.8740,0.9072,3.8883
9.8742,0.9055,3.8847
9.8744,0.9205,3.949
9.8746,0.906,3.8886
9.8748,0.9011,3.8639
9.8750,0.9333,3.9984
9.8752,0.9389,4.0258
9.8754,0.9324,3.9943
9.8756,0.944,4.0517
9.8758,0.9181,3.9442
9.8760,0.8622,3.7024
9.8762,0.8294,3.563
9.8764,0.8399,3.61
9.8766,0.8157,3.4994
9.8768,0.8926,3.8309
9.8770,0.7883,3.3911
9.8772,0.7493,3.2204
9.8774,0.8022,3.4445
9.8776,0.8344,3.583
9.8778,0.8194,3.5285
9.8780,0.6842,2.9447
9.8782,0.7,3.0086
9.8784,0.7735,3.3214
9.8786,0.8537,3.6693
9.8788,0.8102,3.4806
9.8790,0.8373,3.5953
9.8792,0.8284,3.5572
9.8794,0.8097,3.4818
9.8796,0.8073,3.4666
9.8798,0.8538,3.6664
9.8800,0.8832,3.7908
9.8802,0.8513,3.659
9.8804,0.8175,3.5088
9.8806,0.8886,3.8157
9.8808,0.8927,3.8332
9.8810,0.8498,3.6557
9.8812,0.6975,3.0048
9.8814,0.6441,2.7723
9.8816,0.6308,2.7188
9.8818,0.6121,2.6382
9.8820,0.6088,2.6213
9.8822,0.6207,2.6754
9.8824,0.6729,2.8962
9.8826,0.7345,3.1541
9.8828,0.8234,3.5389
9.8830,0.7703,3.3152
9.8832,0.6982,3.0009
9.8834,0.7549,3.2492
9.8836,0.7181,3.0893
9.8838,0.755,3.2512
9.8840,0.6393,2.7581
9.8842,0.5964,2.5717
9.8844,0.6023,2.5958
9.8846,0.6295,2.7106
9.8848,0.6173,2.6592
9.8850,0.5761,2.4855
9.8852,0.539,2.3219
9.8854,0.6513,2.8046
9.8856,0.6966,3.0012
9.8858,0.6379,2.748
9.8860,0.5957,2.565
9.8862,0.6433,2.77
9.8864,0.6632,2.8544
9.8866,0.6724,2.8941
9.8868,0.7176,3.0858
9.8870,0.7437,3.2007
9.8872,0.6332,2.7304
9.8874,0.5741,2.4755
9.8876,0.6148,2.6484
9.8878,0.6642,2.8598
9.8880,0.5789,2.4974
9.8882,0.5272,2.2755
9.8884,0.5295,2.2821
9.8886,0.5368,2.3147
9.8888,0.5584,2.4089
9.8890,0.5767,2.4881
9.8892,0.5493,2.3685
9.8894,0.5633,2.4301
9.8896,0.5709,2.4582
9.8898,0.6173,2.6567
9.8900,0.6536,2.817
9.8902,0.5441,2.3474
9.8904,0.4745,2.0487
9.8906,0.4665,2.0146
9.8908,0.479,2.0675
9.8910,0.4757,2.0501
9.8912,0.5327,2.2972
9.8914,0.5464,2.3583
9.8916,0.4953,2.1368
9.8918,0.5173,2.2294
9.8920,0.5018,2.1668
9.8922,0.4493,1.9391
9.8924,0.4476,1.9319
9.8926,0.446,1.9269
9.8928,0.4498,1.9421
9.8930,0.4477,1.9315
9.8932,0.4464,1.9267
9.8934,0.4462,1.9257
9.8936,0.445,1.9214
9.8938,0.4475,1.9305
9.8940,0.4465,1.9281
9.8942,0.4484,1.9364
9.8944,0.4462,1.9257
9.8946,0.4438,1.9153
9.8948,0.4477,1.9333
9.8950,0.4501,1.9418
9.8952,0.4963,2.139
9.8954,0.5349,2.3043
9.8956,0.5592,2.4058
9.8958,0.5889,2.5344
9.8960,0.5682,2.4479
9.8962,0.5333,2.3019
9.8964,0.4456,1.9248
9.8966,0.4267,1.8401
9.8968,0.4773,2.0564
9.8970,0.5541,2.3859
9.8972,0.5784,2.493
9.8974,0.5032,2.167
9.8976,0.5725,2.4665
9.8978,0.5737,2.4717
9.8980,0.5929,2.5496
9.8982,0.6212,2.68
9.8984,0.5056,2.1813
9.8986,0.4972,2.1411
9.8988,0.5453,2.3482
9.8990,0.5201,2.2398
9.8992,0.5616,2.4206
9.8994,0.5747,2.4735
9.8996,0.6083,2.618
9.8998,0.6889,2.9593
9.9000,0.766,3.2921
9.9002,0.7357,3.1578
9.9004,0.7946,3.4089
9.9006,0.8355,3.591
9.9008,0.7276,3.1286
9.9010,0.6809,2.928
9.9012,0.6851,2.9433
9.9014,0.7295,3.1369
9.9016,0.6945,2.9891
9.9018,0.6136,2.6407
9.9020,0.6436,2.7651
9.9022,0.6875,2.9578
9.9024,0.6579,2.8356
9.9026,0.5996,2.5821
9.9028,0.5884,2.5324
9.9030,0.5899,2.5402
9.9032,0.5859,2.5227
9.9034,0.5956,2.5645
9.9036,0.5701,2.4539
9.9038,0.5819,2.5033
9.9040,0.5903,2.5418
9.9042,0.6116,2.6264
9.9044,0.7085,3.0523
9.9046,0.609,2.6223
9.9048,0.6444,2.7695
9.9050,0.7178,3.0849
9.9052,0.7416,3.1874
9.9054,0.7838,3.3673
9.9056,0.7507,3.2206
9.9058,0.8096,3.4748
9.9060,0.8215,3.5241
9.9062,0.891,3.8153
9.9064,0.996,4.2671
9.9066,0.9805,4.1925
9.9068,1.0457,4.4672
9.9070,1.0867,4.6445
9.9072,1.0927,4.6724
9.9074,1.095,4.6821
9.9076,1.0826,4.638
9.9078,1.0421,4.4581
9.9080,1.0863,4.6452
9.9082,1.1115,4.7484
9.9084,1.1512,4.9226
9.9086,1.1206,4.7896
9.9088,1.116,4.7718
9.9090,1.1331,4.8451
9.9092,1.129,4.8255
9.9094,1.1333,4.8462
9.9096,1.1065,4.7357
9.9098,1.1013,4.7137
9.9100,1.1145,4.7701
9.9102,1.066,4.5666
9.9104,1.0107,4.3318
9.9106,0.9959,4.2745
9.9108,0.9401,4.0366
9.9110,0.8984,3.8579
9.9112,0.8778,3.7694
9.9114,0.8843,3.7936
9.9116,0.9794,4.1898
9.9118,1.0949,4.686
9.9120,1.1679,4.9892
9.9122,1.2638,5.3964
9.9124,1.2567,5.3788
9.9126,1.1208,4.7991
9.9128,1.1085,4.7445
9.9130,1.0443,4.4798
9.9132,1.0019,4.2923
9.9134,1.0554,4.5192
9.9136,1.0303,4.4222
9.9138,1.0077,4.323
9.9140,1.0176,4.3616
9.9142,1.0206,4.3703
9.9144,1.0638,4.5509
9.9146,1.1112,4.7647
9.9148,0.9896,4.2512
9.9150,0.9162,3.936
9.9152,0.9661,4.1406
9.9154,1.0452,4.4819
9.9156,1.0098,4.3302
9.9158,0.968,4.1566
9.9160,0.9426,4.0436
9.9162,1.0673,4.5765
9.9164,1.0407,4.4644
9.9166,1.0155,4.3645
9.9168,0.9243,3.9728
9.9170,0.8956,3.8492
9.9172,0.8383,3.6095
9.9174,0.7433,3.2006
9.9176,0.7263,3.1244
9.9178,0.8,3.4448
9.9180,0.7601,3.2668
9.9182,0.8212,3.5346
9.9184,0.7848,3.3714
9.9186,0.9399,4.0323
9.9188,0.9423,4.0445
9.9190,0.9277,3.9799
9.9192,1.0041,4.3095
9.9194,0.9998,4.291
9.9196,1.0323,4.4222
9.9198,1.0405,4.4722
9.9200,0.9498,4.0821
9.9202,0.9626,4.1353
9.9204,0.8589,3.6915
9.9206,0.8272,3.5587
9.9208,0.7908,3.4051
9.9210,0.7568,3.259
9.9212,0.7476,3.2192
9.9214,0.7576,3.262
9.9216,0.7086,3.0613
9.9218,0.5741,2.4744
9.9220,0.726,3.1234
9.9222,0.7693,3.3188
9.9224,0.6367,2.7467
9.9226,0.6323,2.7263
9.9228,0.6489,2.8008
9.9230,0.6271,2.7053
9.9232,0.6213,2.6792
9.9234,0.5982,2.583
9.9236,0.5817,2.5104
9.9238,0.5989,2.5826
9.9240,0.6054,2.6117
9.9242,0.5911,2.5525
9.9244,0.5914,2.5512
9.9246,0.5861,2.5261
9.9248,0.6504,2.8057
9.9250,0.6143,2.6512
9.9252,0.6016,2.5939
9.9254,0.6975,3.0006
9.9256,0.7378,3.1769
9.9258,0.7082,3.0522
9.9260,0.7169,3.0856
9.9262,0.7686,3.3096
9.9264,0.7835,3.3689
9.9266,0.7778,3.3462
9.9268,0.7907,3.4014
9.9270,0.7861,3.3786
9.9272,0.8488,3.6482
9.9274,0.8128,3.4952
9.9276,0.7633,3.2868
9.9278,0.7351,3.1684
9.9280,0.6749,2.9104
9.9282,0.6344,2.7331
9.9284,0.6553,2.8203
9.9286,0.8116,3.4852
9.9288,0.9143,3.9296
9.9290,0.8195,3.5257
9.9292,0.7578,3.2691
9.9294,0.6294,2.7164
9.9296,0.6072,2.617
9.9298,0.6318,2.7242
9.9300,0.6207,2.6779
9.9302,0.5907,2.5492
9.9304,0.5628,2.4281
9.9306,0.6026,2.5974
9.9308,0.6462,2.7889
9.9310,0.6115,2.6381
9.9312,0.6488,2.7951
9.9314,0.6511,2.8062
9.9316,0.6446,2.7796
9.9318,0.6447,2.7801
9.9320,0.6371,2.747
9.9322,0.6293,2.7109
9.9324,0.629,2.7123
9.9326,0.6363,2.7451
9.9328,0.6554,2.8222
9.9330,0.7101,3.0533
9.9332,0.75,3.231
9.9334,0.7294,3.1378
9.9336,0.8023,3.4482
9.9338,0.7483,3.2208
9.9340,0.6777,2.9223
9.9342,0.6463,2.7881
9.9344,0.6428,2.7705
9.9346,0.6524,2.8145
9.9348,0.5867,2.5298
9.9350,0.6113,2.637
9.9352,0.6224,2.6802
9.9354,0.6576,2.8341
9.9356,0.5964,2.5729
9.9358,0.5954,2.5664
9.9360,0.5989,2.5886
9.9362,0.4797,2.0725
9.9364,0.4692,2.026
9.9366,0.4707,2.0327
9.9368,0.4801,2.0721
9.9370,0.4767,2.0595
9.9372,0.4704,2.0311
9.9374,0.5347,2.3044
9.9376,0.635,2.7318
9.9378,0.7082,3.0493
9.9380,0.7085,3.048
9.9382,0.7128,3.0695
9.9384,0.7222,3.1068
9.9386,0.7648,3.2884
9.9388,0.7243,3.1161
9.9390,0.7428,3.2
9.9392,0.6692,2.8789
9.9394,0.7706,3.3122
9.9396,0.8419,3.6183
9.9398,0.8585,3.683
9.9400,0.9181,3.9387
9.9402,0.9088,3.8986
9.9404,0.9068,3.8903
9.9406,0.9447,4.0548
9.9408,0.9054,3.895
9.9410,0.8839,3.7921
9.9412,0.9494,4.0711
9.9414,0.9451,4.0582
9.9416,0.9016,3.8677
9.9418,0.9626,4.1276
9.9420,0.9301,3.9939
9.9422,0.8657,3.7208
9.9424,0.7928,3.4075
9.9426,0.7999,3.4395
9.9428,0.8142,3.5009
9.9430,0.7983,3.4344
9.9432,0.7556,3.2477
9.9434,0.7966,3.4272
9.9436,0.8036,3.4587
9.9438,0.7877,3.3916
9.9440,0.7706,3.3091
9.9442,0.8526,3.6681
9.9444,0.7959,3.4241
9.9446,0.8164,3.5074
9.9448,0.8206,3.5287
9.9450,0.8076,3.4693
9.9452,0.8178,3.5147
9.9454,0.8459,3.6392
9.9456,0.7989,3.4338
9.9458,0.8092,3.4765
9.9460,0.8506,3.6576
9.9462,0.8275,3.5614
9.9464,0.8074,3.4688
9.9466,0.8561,3.6762
9.9468,0.8627,3.7062
9.9470,0.8667,3.7267
9.9472,0.8233,3.54
9.9474,0.7902,3.3993
9.9476,0.7844,3.3714
9.9478,0.8006,3.449
9.9480,0.7109,3.0598
9.9482,0.7459,3.209
9.9484,0.7974,3.4287
9.9486,0.8624,3.6978
9.9488,0.9717,4.1667
9.9490,1.0155,4.3625
9.9492,0.8855,3.813
9.9494,0.742,3.192
9.9496,0.7737,3.3271
9.9498,0.7722,3.325
9.9500,0.7851,3.3792
9.9502,0.7966,3.4272
9.9504,0.7823,3.3653
9.9506,0.7933,3.4127
9.9508,0.8169,3.5127
9.9510,0.8134,3.4978
9.9512,0.7548,3.2532
9.9514,0.6489,2.7982
9.9516,0.6799,2.9288
9.9518,0.6854,2.9526
9.9520,0.6989,3.0096
9.9522,0.7422,3.1974
9.9524,0.7044,3.0333
9.9526,0.7064,3.0458
9.9528,0.6255,2.6986
9.9530,0.5742,2.4772
9.9532,0.5649,2.4391
9.9534,0.5415,2.3414
9.9536,0.5024,2.1684
9.9538,0.5405,2.3319
9.9540,0.496,2.1439
9.9542,0.4483,1.9377
9.9544,0.4457,1.9254
9.9546,0.447,1.9302
9.9548,0.4487,1.9392
9.9550,0.45,1.9467
9.9552,0.4556,1.9684
9.9554,0.5049,2.1772
9.9556,0.5189,2.2429
9.9558,0.47,2.0324
9.9560,0.4529,1.9574
9.9562,0.4496,1.9416
9.9564,0.4466,1.9304
9.9566,0.4555,1.966
9.9568,0.5106,2.2046
9.9570,0.5189,2.2419
9.9572,0.4558,1.968
9.9574,0.45,1.9449
9.9576,0.4508,1.9485
9.9578,0.45,1.9404
9.9580,0.5136,2.2144
9.9582,0.5634,2.4295
9.9584,0.5953,2.5659
9.9586,0.5977,2.5726
9.9588,0.5811,2.5113
9.9590,0.4729,2.0429
9.9592,0.4638,2.0027
9.9594,0.4547,1.9633
9.9596,0.4679,2.0175
9.9598,0.529,2.2801
9.9600,0.544,2.3447
9.9602,0.6025,2.5957
9.9604,0.6436,2.7703
9.9606,0.6615,2.8472
9.9608,0.647,2.7886
9.9610,0.5773,2.4895
9.9612,0.5638,2.4288
9.9614,0.5953,2.5671
9.9616,0.5565,2.3995
9.9618,0.5612,2.4186
9.9620,0.621,2.674
9.9622,0.6561,2.8226
9.9624,0.6725,2.8946
9.9626,0.6856,2.9536
9.9628,0.6794,2.92
9.9630,0.707,3.0428
9.9632,0.6506,2.8041
9.9634,0.5685,2.4512
9.9636,0.5582,2.4057
9.9638,0.5728,2.4676
9.9640,0.5951,2.5648
9.9642,0.6383,2.747
9.9644,0.661,2.8411
9.9646,0.6609,2.8472
9.9648,0.6765,2.9103
9.9650,0.6634,2.8554
9.9652,0.6609,2.8446
9.9654,0.7004,3.013
9.9656,0.7396,3.1816
9.9658,0.7855,3.3729
9.9660,0.8197,3.5164
9.9662,0.8764,3.7667
9.9664,0.7625,3.2725
9.9666,0.8669,3.7139
9.9668,0.8821,3.7932
9.9670,0.7974,3.4303
9.9672,0.7806,3.3534
9.9674,0.8053,3.4563
9.9676,0.8426,3.6247
9.9678,0.7692,3.3029
9.9680,0.7722,3.325
9.9682,0.6736,2.8979
9.9684,0.6984,3.0005
9.9686,0.7875,3.3785
9.9688,0.9407,4.0354
9.9690,0.9095,3.9089
9.9692,0.7638,3.2858
9.9694,0.7217,3.1005
9.9696,0.7499,3.2245
9.9698,0.6743,2.9024
9.9700,0.7337,3.1549
9.9702,0.7952,3.4194
9.9704,0.7694,3.3085
9.9706,0.7782,3.3462
9.9708,0.7591,3.2597
9.9710,0.8079,3.4692
9.9712,0.869,3.7348
9.9714,0.8271,3.5516
9.9716,0.8477,3.6384
9.9718,0.9137,3.9197
9.9720,0.9279,3.9809
9.9722,0.9391,4.025
9.9724,0.9578,4.1032
9.9726,0.9887,4.2397
9.9728,0.9911,4.246
9.9730,0.9847,4.2222
9.9732,1.0122,4.3465
9.9734,0.9458,4.0575
9.9736,0.924,3.9676
9.9738,0.9013,3.8685
9.9740,0.8868,3.8098
9.9742,0.8716,3.7374
9.9744,0.9435,4.0459
9.9746,0.9922,4.2606
9.9748,0.9325,4.0098
9.9750,0.8977,3.8513
9.9752,0.9627,4.1262
9.9754,0.988,4.2406
9.9756,0.948,4.0725
9.9758,0.8506,3.6559
9.9760,0.7715,3.3189
9.9762,0.75,3.228
9.9764,0.7245,3.1181
9.9766,0.7409,3.1873
9.9768,0.7669,3.2947
9.9770,0.8558,3.6729
9.9772,0.9112,3.9125
9.9774,0.8602,3.692
9.9776,0.8686,3.7297
9.9778,0.9089,3.9045
9.9780,0.9259,3.9721
9.9782,0.9877,4.2351
9.9784,0.9455,4.0635
9.9786,0.9022,3.8757
9.9788,0.8968,3.8453
9.9790,0.9449,4.061
9.9792,0.8981,3.8564
9.9794,0.874,3.7564
9.9796,0.8655,3.7181
9.9798,0.8854,3.8036
9.9800,0.908,3.9046
9.9802,0.829,3.5615
9.9804,0.8301,3.5645
9.9806,0.8651,3.7165
9.9808,0.8537,3.6744
9.9810,0.8056,3.4691
9.9812,0.8031,3.455
9.9814,0.7971,3.4308
9.9816,0.7281,3.1321
9.9818,0.7637,3.2853
9.9820,0.8104,3.4833
9.9822,0.8499,3.6528
9.9824,0.8116,3.4933
9.9826,0.7914,3.4061
9.9828,0.7751,3.3328
9.9830,0.7827,3.3658
9.9832,0.8341,3.5831
9.9834,0.8375,3.6031
9.9836,0.7814,3.3664
9.9838,0.7224,3.1108
9.9840,0.6927,2.9855
9.9842,0.6781,2.9224
9.9844,0.7188,3.0967
9.9846,0.7229,3.1128
9.9848,0.7084,3.0504
9.9850,0.691,2.9783
9.9852,0.7179,3.084
9.9854,0.8314,3.5734
9.9856,0.8052,3.467
9.9858,0.7166,3.0883
9.9860,0.7106,3.0568
9.9862,0.7849,3.3782
9.9864,0.7163,3.083
9.9866,0.6922,2.9848
9.9868,0.6897,2.9712
9.9870,0.7076,3.0496
9.9872,0.7092,3.0526
9.9874,0.6914,2.9784
9.9876,0.6185,2.6668
9.9878,0.667,2.8749
9.9880,0.7014,3.0218
9.9882,0.7098,3.0537
9.9884,0.7465,3.2131
9.9886,0.8345,3.5902
9.9888,0.8469,3.6399
9.9890,0.8856,3.8046
9.9892,0.862,3.7083
9.9894,0.7946,3.4216
9.9896,0.7871,3.3843
9.9898,0.7508,3.2316
9.9900,0.7841,3.3714
9.9902,0.7947,3.4189
9.9904,0.8067,3.4624
9.9906,0.8921,3.836
9.9908,0.861,3.7093
9.9910,0.7416,3.1904
9.9912,0.7655,3.2961
9.9914,0.7127,3.0704
9.9916,0.7016,3.0209
9.9918,0.7073,3.0372
9.9920,0.9178,3.9372
9.9922,0.9952,4.2774
9.9924,0.8859,3.8163
9.9926,0.6842,2.9502
9.9928,0.6576,2.8354
9.9930,0.6484,2.7961
9.9932,0.6386,2.7524
9.9934,0.6383,2.7509
9.9936,0.6393,2.7581
9.9938,0.6456,2.7837
9.9940,0.643,2.7715
9.9942,0.645,2.7811
9.9944,0.6399,2.7594
9.9946,0.6407,2.7599
9.9948,0.6444,2.7772
9.9950,0.6456,2.7837
9.9952,0.6761,2.9101
9.9954,0.7809,3.358
9.9956,0.832,3.5794
9.9958,0.7986,3.4322
9.9960,0.8143,3.503
9.9962,0.7398,3.1856
9.9964,0.6579,2.8343
9.9966,0.653,2.8131
9.9968,0.6536,2.8157
9.9970,0.6483,2.7969
9.9972,0.6448,2.7819
9.9974,0.6577,2.8293
9.9976,0.7083,3.0484
9.9978,0.7585,3.2631
9.9980,0.7783,3.3451
9.9982,0.7844,3.3714
9.9984,0.8029,3.454
9.9986,0.8011,3.4511
9.9988,0.7848,3.373
9.9990,0.8333,3.58
9.9992,0.8595,3.6958
9.9994,0.8475,3.6442
9.9996,0.8396,3.6035
9.9998,0.8622,3.7076
10.0000,0.8344,3.5913
10.0002,0.7947,3.4126
10.0004,0.8984,3.8561
10.0006,0.9507,4.0805
10.0008,0.9686,4.1514
10.0010,1.0193,4.3688
10.0012,0.9713,4.1729
10.0014,0.805,3.4665
10.0016,0.7529,3.2419
10.0018,0.7493,3.2249
10.0020,0.8043,3.4586
10.0022,0.8443,3.6286
10.0024,0.7821,3.3695
10.0026,0.7187,3.0948
10.0028,0.7144,3.0762
10.0030,0.7175,3.0896
10.0032,0.6958,3.0031
10.0034,0.6423,2.7697
10.0036,0.6713,2.8908
10.0038,0.7222,3.1141
10.0040,0.6438,2.7798
10.0042,0.5945,2.5622
10.0044,0.6832,2.9406
10.0046,0.6987,3.0085
10.0048,0.7398,3.1827
10.0050,0.7115,3.0666
10.0052,0.6947,2.9915
10.0054,0.7745,3.3271
10.0056,0.8312,3.5724
10.0058,0.8317,3.5761
10.0060,0.8295,3.5652
10.0062,0.8875,3.8058
10.0064,0.9411,4.0412
10.0066,0.9475,4.0704
10.0068,0.9913,4.2485
10.0070,1.0638,4.5552
10.0072,1.0726,4.5948
10.0074,1.0783,4.6216
10.0076,1.0422,4.4648
10.0078,1.0969,4.6947
10.0080,1.1259,4.8211
10.0082,1.0937,4.6961
10.0084,1.0426,4.4685
10.0086,1.113,4.7657
10.0088,1.1077,4.7564
10.0090,0.9872,4.2389
10.0092,0.9493,4.0724
10.0094,0.9871,4.2345
10.0096,0.9874,4.24
10.0098,1.0014,4.2982
10.0100,1.0136,4.3461
10.0102,0.9688,4.1621
10.0104,0.9046,3.8896
10.0106,0.8673,3.731
10.0108,0.8146,3.5029
10.0110,0.8392,3.612
10.0112,0.7697,3.3173
10.0114,0.7284,3.1366
10.0116,0.7977,3.4286
10.0118,0.867,3.7248
10.0120,0.9596,4.1224
10.0122,0.8992,3.8628
10.0124,0.9036,3.8837
10.0126,0.8703,3.7439
10.0128,0.8279,3.5668
10.0130,0.7245,3.121
10.0132,0.7554,3.2512
10.0134,0.7769,3.3405
10.0136,0.82,3.5294
10.0138,0.8059,3.4733
10.0140,0.7414,3.1909
10.0142,0.7847,3.3787
10.0144,0.7385,3.1859
10.0146,0.711,3.0631
10.0148,0.7437,3.2066
10.0150,0.7113,3.067
10.0152,0.7251,3.1192
10.0154,0.756,3.2614
10.0156,0.6308,2.7214
10.0158,0.6207,2.6791
10.0160,0.6036,2.6051
10.0162,0.6321,2.7245
10.0164,0.6926,2.9836
10.0166,0.6891,2.9727
10.0168,0.6133,2.6458
10.0170,0.5966,2.5751
10.0172,0.5946,2.5675
10.0174,0.6007,2.5915
10.0176,0.6028,2.6015
10.0178,0.6172,2.6624
10.0180,0.6211,2.6795
10.0182,0.5625,2.4288
10.0184,0.5235,2.2615
10.0186,0.5209,2.2481
10.0188,0.5525,2.3836
10.0190,0.6209,2.6735
10.0192,0.7454,3.2084
10.0194,0.7421,3.1969
10.0196,0.6947,2.9929
10.0198,0.6367,2.7505
10.0200,0.5283,2.2801
10.0202,0.5602,2.4167
10.0204,0.5574,2.4048
10.0206,0.5531,2.3862
10.0208,0.579,2.5014
10.0210,0.5591,2.412
10.0212,0.561,2.4181
10.0214,0.5728,2.4721
10.0216,0.565,2.4385
10.0218,0.598,2.5796
10.0220,0.5707,2.4668
10.0222,0.491,2.1212
10.0224,0.4681,2.0232
10.0226,0.4693,2.0283
10.0228,0.4715,2.0367
10.0230,0.4745,2.0497
10.0232,0.4703,2.0316
10.0234,0.4693,2.0274
10.0236,0.4576,1.9766
10.0238,0.4929,2.1285
10.0240,0.4639,2.005
10.0242,0.4492,1.9395
10.0244,0.5206,2.246
10.0246,0.5228,2.2574
10.0248,0.4874,2.1056
10.0250,0.5177,2.2336
10.0252,0.5098,2.2025
10.0254,0.4488,1.9388
10.0256,0.4501,1.9436
10.0258,0.4739,2.0461
10.0260,0.5089,2.1953
10.0262,0.5676,2.4465
10.0264,0.5672,2.4478
10.0266,0.5621,2.4238
10.0268,0.6181,2.6653
10.0270,0.5914,2.5476
10.0272,0.5992,2.58
10.0274,0.5975,2.5752
10.0276,0.5929,2.5543
10.0278,0.6307,2.7196
10.0280,0.6091,2.6241
10.0282,0.5929,2.5567
10.0284,0.5414,2.3344
10.0286,0.6007,2.5855
10.0288,0.6672,2.8687
10.0290,0.6734,2.9036
10.0292,0.6207,2.6717
10.0294,0.6468,2.7889
10.0296,0.6157,2.6537
10.0298,0.5727,2.4682
10.0300,0.5101,2.1994
10.0302,0.5079,2.1901
10.0304,0.5805,2.4971
10.0306,0.6321,2.722
10.0308,0.6143,2.6475
10.0310,0.6407,2.7599
10.0312,0.6516,2.803
10.0314,0.6469,2.792
10.0316,0.5169,2.2299
10.0318,0.5683,2.4473
10.0320,0.6178,2.6588
10.0322,0.6727,2.8952
10.0324,0.677,2.9164
10.0326,0.6758,2.9086
10.0328,0.719,3.0872
10.0330,0.8018,3.4478
10.0332,0.8164,3.5139
10.0334,0.6697,2.8849
10.0336,0.5897,2.5404
10.0338,0.5964,2.5741
10.0340,0.5082,2.1942
10.0342,0.4922,2.1234
10.0344,0.4855,2.0944
10.0346,0.4891,2.1109
10.0348,0.4875,2.1032
10.0350,0.5502,2.366
10.0352,0.6419,2.7651
10.0354,0.5476,2.3613
10.0356,0.501,2.1632
10.0358,0.48,2.0735
10.0360,0.4421,1.9072
10.0362,0.5026,2.1664
10.0364,0.4975,2.1481
10.0366,0.4079,1.7622
10.0368,0.4049,1.7501
10.0370,0.4076,1.759
10.0372,0.4282,1.8472
10.0374,0.4838,2.0843
10.0376,0.5486,2.3665
10.0378,0.5206,2.246
10.0380,0.5066,2.1834
10.0382,0.5452,2.3455
10.0384,0.6921,2.9746
10.0386,0.7448,3.2029
10.0388,0.7401,3.1778
10.0390,0.7909,3.3977
10.0392,0.779,3.3436
10.0394,0.8463,3.6289
10.0396,0.9118,3.9114
10.0398,0.9083,3.8929
10.0400,0.9213,3.9471
10.0402,0.9296,3.9862
10.0404,0.9301,3.9883
10.0406,0.936,4.0097
10.0408,0.9766,4.1858
10.0410,0.959,4.1141
10.0412,0.983,4.2091
10.0414,1.0068,4.3113
10.0416,0.9814,4.2064
10.0418,0.9965,4.2691
10.0420,0.9495,4.0697
10.0422,0.9187,3.9413
10.0424,0.9407,4.0373
10.0426,0.9313,3.9897
10.0428,0.9874,4.2281
10.0430,1.0251,4.3914
10.0432,0.9594,4.1176
10.0434,0.8562,3.675
10.0436,0.8571,3.6803
10.0438,0.8432,3.6273
10.0440,0.755,3.2467
10.0442,0.8444,3.619
10.0444,0.959,4.116
10.0446,0.8255,3.5498
10.0448,0.8116,3.4868
10.0450,0.8253,3.5439
10.0452,0.8426,3.618
10.0454,0.8247,3.5462
10.0456,0.8494,3.6457
10.0458,0.9498,4.0745
10.0460,0.9332,4.0035
10.0462,0.912,3.9179
10.0464,0.871,3.7435
10.0466,0.8145,3.4992
10.0468,0.8,3.44
10.0470,0.8097,3.4769
10.0472,0.8687,3.732
10.0474,0.8771,3.7645
10.0476,0.8682,3.7317
10.0478,0.8337,3.5832
10.0480,0.8704,3.734
10.0482,0.8803,3.7802
10.0484,0.8787,3.7747
10.0486,0.8873,3.8118
10.0488,0.9088,3.8968
10.0490,0.9801,4.2007
10.0492,1.0017,4.2932
10.0494,1.0109,4.3368
10.0496,0.9971,4.2777
10.0498,0.9595,4.12
10.0500,0.9493,4.0762
10.0502,0.8812,3.7944
10.0504,0.7317,3.1476
10.0506,0.7646,3.2833
10.0508,0.858,3.681
10.0510,0.8627,3.7062
10.0512,0.8395,3.6097
10.0514,0.7506,3.2321
10.0516,0.7537,3.238
10.0518,0.8713,3.7451
10.0520,0.8175,3.5169
10.0522,0.8089,3.4798
10.0524,0.8314,3.5718
10.0526,0.8355,3.5876
10.0528,0.8361,3.6002
10.0530,0.6999,3.0137
10.0532,0.7276,3.1315
10.0534,0.7505,3.2286
10.0536,0.7405,3.1947
10.0538,0.6251,2.6928
10.0540,0.697,3.0027
10.0542,0.6404,2.764
10.0544,0.5558,2.3987
10.0546,0.5427,2.3422
10.0548,0.5402,2.3303
10.0550,0.63,2.7127
10.0552,0.6637,2.8644
10.0554,0.5578,2.4075
10.0556,0.5428,2.3417
10.0558,0.5279,2.2796
10.0560,0.5266,2.274
10.0562,0.5247,2.2657
10.0564,0.5295,2.2843
10.0566,0.5312,2.2936
10.0568,0.527,2.2766
10.0570,0.5263,2.2714
10.0572,0.5261,2.2687
10.0574,0.5683,2.4519
10.0576,0.5385,2.3241
10.0578,0.5293,2.2832
10.0580,0.5306,2.2879
10.0582,0.5345,2.3049
10.0584,0.611,2.636
10.0586,0.5687,2.4534
10.0588,0.5836,2.5117
10.0590,0.7363,3.1677
10.0592,0.7372,3.1772
10.0594,0.5917,2.5504
10.0596,0.5703,2.4567
10.0598,0.5842,2.5201
10.0600,0.5974,2.5735
10.0602,0.6389,2.7483
10.0604,0.6446,2.7757
10.0606,0.6657,2.8666
10.0608,0.632,2.7227
10.0610,0.5439,2.3452
10.0612,0.5591,2.412
10.0614,0.5559,2.3958
10.0616,0.6411,2.7581
10.0618,0.7107,3.0587
10.0620,0.6829,2.939
10.0622,0.6597,2.8434
10.0624,0.5784,2.4953
10.0626,0.5423,2.3385
10.0628,0.5307,2.2905
10.0630,0.5309,2.2915
10.0632,0.5336,2.3019
10.0634,0.567,2.4394
10.0636,0.6413,2.7599
10.0638,0.6558,2.8263
10.0640,0.618,2.6623
10.0642,0.6128,2.6376
10.0644,0.6151,2.6499
10.0646,0.6154,2.6509
10.0648,0.6654,2.8623
10.0650,0.736,3.1647
10.0652,0.724,3.1117
10.0654,0.7908,3.4035
10.0656,0.721,3.0974
10.0658,0.7548,3.2396
10.0660,0.7492,3.2229
10.0662,0.7643,3.2848
10.0664,0.7648,3.2869
10.0666,0.7751,3.3297
10.0668,0.8356,3.5898
10.0670,0.8185,3.5194
10.0672,0.7788,3.3425
10.0674,0.8667,3.7198
10.0676,0.8291,3.5653
10.0678,0.7942,3.4121
10.0680,0.8349,3.5851
10.0682,0.8062,3.4668
10.0684,0.754,3.2481
10.0686,0.6471,2.7891
10.0688,0.5947,2.5585
10.0690,0.6586,2.8361
10.0692,0.6295,2.7119
10.0694,0.6649,2.859
10.0696,0.6779,2.9274
10.0698,0.4613,1.9927
10.0700,0.4561,1.9723
10.0702,0.4082,1.7632
10.0704,0.4349,1.8761
10.0706,0.4766,2.0552
10.0708,0.5359,2.3138
10.0710,0.5014,2.1662
10.0712,0.4927,2.1255
10.0714,0.551,2.3713
10.0716,0.656,2.8247
10.0718,0.6417,2.7646
10.0720,0.643,2.7664
10.0722,0.7168,3.0822
10.0724,0.7839,3.3678
10.0726,0.8596,3.6894
10.0728,0.889,3.8173
10.0730,0.8356,3.5881
10.0732,0.9074,3.8947
10.0734,0.9295,3.9876
10.0736,0.9198,3.9422
10.0738,0.9668,4.1417
10.0740,0.9583,4.111
10.0742,0.9248,3.962
10.0744,0.9926,4.2581
10.0746,0.9579,4.1095
10.0748,0.9549,4.0928
10.0750,0.9741,4.1711
10.0752,1.0227,4.3791
10.0754,1.0483,4.4889
10.0756,0.994,4.2564
10.0758,1.0071,4.3143
10.0760,1.0688,4.5789
10.0762,1.0837,4.6491
10.0764,0.9365,4.023
10.0766,0.8441,3.6247
10.0768,0.8275,3.5564
10.0770,0.7992,3.4396
10.0772,0.7514,3.2312
10.0774,0.8297,3.5613
10.0776,0.8572,3.6894
10.0778,0.7672,3.3034
10.0780,0.7293,3.1387
10.0782,0.751,3.2291
10.0784,0.7628,3.2817
10.0786,0.7188,3.091
10.0788,0.8297,3.5646
10.0790,0.883,3.7968
10.0792,0.8835,3.7989
10.0794,0.7839,3.3709
10.0796,0.7614,3.2786
10.0798,0.7736,3.3281
10.0800,0.806,3.4626
10.0802,0.8267,3.5517
10.0804,0.815,3.5061
10.0806,0.7823,3.3653
10.0808,0.8036,3.4555
10.0810,0.8152,3.5022
10.0812,0.8321,3.5782
10.0814,0.7783,3.3483
10.0816,0.7241,3.118
10.0818,0.6837,2.9413
10.0820,0.7454,3.2054
10.0822,0.7632,3.2863
10.0824,0.7221,3.1092
10.0826,0.6642,2.8625
10.0828,0.6201,2.6728
10.0830,0.6543,2.8149
10.0832,0.7052,3.035
10.0834,0.6898,2.9703
10.0836,0.6686,2.883
10.0838,0.6225,2.6857
10.0840,0.6306,2.7178
10.0842,0.633,2.7281
10.0844,0.6124,2.6392
10.0846,0.6145,2.651
10.0848,0.6558,2.8198
10.0850,0.6692,2.8869
10.0852,0.542,2.3381
10.0854,0.5528,2.3824
10.0856,0.6558,2.8224
10.0858,0.6796,2.9305
10.0860,0.5872,2.5331
10.0862,0.5885,2.5364
10.0864,0.6476,2.7912
10.0866,0.5939,2.5585
10.0868,0.5964,2.5717
10.0870,0.5764,2.4866
10.0872,0.5745,2.4771
10.0874,0.6151,2.6475
10.0876,0.6233,2.6876
10.0878,0.5423,2.3386
10.0880,0.5395,2.3272
10.0882,0.5383,2.3199
10.0884,0.5543,2.3903
10.0886,0.5624,2.426
10.0888,0.5573,2.4043
10.0890,0.5845,2.5206
10.0892,0.5964,2.5694
10.0894,0.5745,2.4794
10.0896,0.4716,2.0363
10.0898,0.4958,2.138
10.0900,0.5269,2.2729
10.0902,0.5194,2.2409
10.0904,0.4909,2.1217
10.0906,0.4542,1.9622
10.0908,0.454,1.9602
10.0910,0.4598,1.9828
10.0912,0.5138,2.2196
10.0914,0.4567,1.9721
10.0916,0.4455,1.9235
10.0918,0.4417,1.9065
10.0920,0.45,1.9431
10.0922,0.4467,1.9287
10.0924,0.4516,1.9499
10.0926,0.4596,1.9846
10.0928,0.4567,1.9712
10.0930,0.4597,1.9851
10.0932,0.4589,1.9815
10.0934,0.4592,1.9812
10.0936,0.4576,1.9739
10.0938,0.4564,1.9706
10.0940,0.4592,1.983
10.0942,0.4493,1.94
10.0944,0.4423,1.9082
10.0946,0.4402,1.8998
10.0948,0.4759,2.0531
10.0950,0.5407,2.3281
10.0952,0.5905,2.5429
10.0954,0.5855,2.5235
10.0956,0.551,2.3725
10.0958,0.5494,2.3691
10.0960,0.5229,2.259
10.0962,0.4373,1.8874
10.0964,0.4561,1.9659
10.0966,0.5048,2.1767
10.0968,0.5456,2.3514
10.0970,0.581,2.5004
10.0972,0.5842,2.5167
10.0974,0.5886,2.5358
10.0976,0.6043,2.5998
10.0978,0.631,2.7156
10.0980,0.6104,2.6298
10.0982,0.6451,2.7726
10.0984,0.6998,3.009
10.0986,0.6747,2.8999
10.0988,0.7246,3.1129
10.0990,0.7547,3.2437
10.0992,0.759,3.2638
10.0994,0.756,3.2554
10.0996,0.6399,2.7518
10.0998,0.6781,2.9184
10.1000,0.6628,2.8489
10.1002,0.7053,3.0314
10.1004,0.7069,3.0423
10.1006,0.6867,2.9583
10.1008,0.5935,2.5558
10.1010,0.6174,2.661
10.1012,0.6278,2.6984
10.1014,0.737,3.1733
10.1016,0.6059,2.6126
10.1018,0.4814,2.0759
10.1020,0.4548,1.963
10.1022,0.4324,1.8679
10.1024,0.4384,1.892
10.1026,0.476,2.0517
10.1028,0.5276,2.276
10.1030,0.465,2.0079
10.1032,0.4112,1.7738
10.1034,0.415,1.7911
10.1036,0.4716,2.0345
10.1038,0.4775,2.0569
10.1040,0.5345,2.3028
10.1042,0.5234,2.2579
10.1044,0.4992,2.1524
10.1046,0.5553,2.3877
10.1048,0.6522,2.8057
10.1050,0.6323,2.72
10.1052,0.6678,2.8687
10.1054,0.7724,3.3169
10.1056,0.801,3.4346
10.1058,0.8732,3.7389
10.1060,0.9902,4.244
10.1062,0.9807,4.1975
10.1064,1.0498,4.4889
10.1066,1.0656,4.5566
10.1068,1.0823,4.63
10.1070,1.1036,4.7191
10.1072,1.0934,4.6755
10.1074,1.1143,4.7647
10.1076,1.1451,4.8942
10.1078,1.0976,4.7044
10.1080,0.9716,4.1643
10.1082,0.9671,4.1351
10.1084,1.1001,4.7042
10.1086,1.0866,4.6572
10.1088,0.9959,4.2627
10.1090,1.0524,4.5023
10.1092,1.0831,4.6379
10.1094,1.0252,4.3961
10.1096,0.9322,4.0008
10.1098,0.8885,3.8099
10.1100,0.8945,3.8392
10.1102,0.8372,3.5999
10.1104,0.78,3.354
10.1106,0.7853,3.3735
10.1108,0.7819,3.3607
10.1110,0.7798,3.3483
10.1112,0.8729,3.7448
10.1114,0.9312,3.9948
10.1116,0.8965,3.8498
10.1118,0.8579,3.6823
10.1120,0.9352,4.0156
10.1122,0.9003,3.8621
10.1124,0.9022,3.874
10.1126,0.8551,3.675
10.1128,0.8471,3.6393
10.1130,0.857,3.6781
10.1132,0.8669,3.7243
10.1134,0.8566,3.68
10.1136,0.8583,3.6872
10.1138,0.874,3.7512
10.1140,0.8706,3.742
10.1142,0.8558,3.6747
10.1144,0.8548,3.6723
10.1146,0.8488,3.6465
10.1148,0.848,3.6412
10.1150,0.8829,3.7875
10.1152,0.9675,4.1546
10.1154,0.9591,4.1147
10.1156,0.9148,3.9262
10.1158,0.9531,4.0909
10.1160,0.9072,3.9029
10.1162,0.7682,3.3081
10.1164,0.6799,2.9303
10.1166,0.6668,2.8739
10.1168,0.6301,2.717
10.1170,0.5886,2.537
10.1172,0.5862,2.5278
10.1174,0.5782,2.492
10.1176,0.6025,2.5957
10.1178,0.6483,2.793
10.1180,0.7151,3.0793
10.1182,0.7001,3.0148
10.1184,0.6581,2.8362
10.1186,0.6548,2.8222
10.1188,0.639,2.7553
10.1190,0.5962,2.5671
10.1192,0.6728,2.893
10.1194,0.7091,3.0521
10.1196,0.6308,2.7214
10.1198,0.5474,2.3636
10.1200,0.5475,2.3641
10.1202,0.564,2.4299
10.1204,0.6209,2.6747
10.1206,0.6197,2.6708
10.1208,0.6233,2.6863
10.1210,0.628,2.704
10.1212,0.6807,2.9284
10.1214,0.6699,2.8927
10.1216,0.5405,2.3341
10.1218,0.521,2.2476
10.1220,0.5234,2.2569
10.1222,0.5232,2.2579
10.1224,0.5252,2.2657
10.1226,0.527,2.2734
10.1228,0.5233,2.2564
10.1230,0.539,2.3252
10.1232,0.5404,2.3314
10.1234,0.578,2.4933
10.1236,0.5468,2.3588
10.1238,0.5651,2.4379
10.1240,0.5372,2.3163
10.1242,0.5409,2.3324
10.1244,0.5546,2.3891
10.1246,0.6082,2.6212
10.1248,0.6277,2.7054
10.1250,0.6414,2.7605
10.1252,0.6324,2.7269
10.1254,0.6161,2.6529
10.1256,0.6323,2.7226
10.1258,0.6227,2.6788
10.1260,0.6469,2.7843
10.1262,0.6563,2.8245
10.1264,0.6977,3.0031
10.1266,0.7061,3.042
10.1268,0.6619,2.8474
10.1270,0.7103,3.0558
10.1272,0.7119,3.0668
10.1274,0.6169,2.6565
10.1276,0.6077,2.6155
10.1278,0.624,2.6819
10.1280,0.7317,3.1462
10.1282,0.7831,3.3658
10.1284,0.7921,3.4061
10.1286,0.7151,3.075
10.1288,0.7509,3.2302
10.1290,0.7233,3.1087
10.1292,0.744,3.2038
10.1294,0.6107,2.6308
10.1296,0.613,2.6382
10.1298,0.7169,3.0813
10.1300,0.7801,3.3545
10.1302,0.7455,3.2085
10.1304,0.6706,2.8878
10.1306,0.6583,2.832
10.1308,0.6816,2.9334
10.1310,0.6626,2.8519
10.1312,0.6783,2.9181
10.1314,0.7126,3.0656
10.1316,0.7577,3.2581
10.1318,0.7506,3.2262
10.1320,0.7214,3.1047
10.1322,0.6857,2.9473
10.1324,0.7817,3.3581
10.1326,0.7846,3.3751
10.1328,0.6965,3.0021
10.1330,0.7094,3.0546
10.1332,0.6991,3.0046
10.1334,0.7895,3.39
10.1336,0.8113,3.4886
10.1338,0.7367,3.1782
10.1340,0.5275,2.2745
10.1342,0.5009,2.1607
10.1344,0.5012,2.1612
10.1346,0.6035,2.6011
10.1348,0.5792,2.4985
10.1350,0.5257,2.2657
10.1352,0.5688,2.4551
10.1354,0.4745,2.0469
10.1356,0.4578,1.9759
10.1358,0.436,1.8843
10.1360,0.4538,1.9588
10.1362,0.4961,2.14
10.1364,0.5301,2.2869
10.1366,0.4765,2.0595
10.1368,0.418,1.8057
10.1370,0.4438,1.9153
10.1372,0.4865,2.0967
10.1374,0.5354,2.3075
10.1376,0.4974,2.1467
10.1378,0.4962,2.1395
10.1380,0.5934,2.5517
10.1382,0.6883,2.9595
10.1384,0.6935,2.9836
10.1386,0.733,3.1519
10.1388,0.7638,3.2798
10.1390,0.7965,3.4188
10.1392,0.7868,3.3834
10.1394,0.7888,3.3869
10.1396,0.8771,3.7628
10.1398,0.9131,3.9099
10.1400,0.972,4.1659
10.1402,0.9763,4.1804
10.1404,0.9775,4.1875
10.1406,0.9855,4.222
10.1408,0.9931,4.2543
10.1410,0.9971,4.2678
10.1412,1.0938,4.6836
10.1414,1.0968,4.6965
10.1416,1.0998,4.7115
10.1418,1.0364,4.4439
10.1420,0.9396,4.029
10.1422,0.9058,3.884
10.1424,0.8961,3.8495
10.1426,0.8904,3.8217
10.1428,0.8919,3.8279
10.1430,0.8741,3.7552
10.1432,0.8699,3.732
10.1434,0.9277,3.9781
10.1436,0.9687,4.1578
10.1438,0.8728,3.7531
10.1440,0.7511,3.2327
10.1442,0.7599,3.2719
10.1444,0.7549,3.2432
10.1446,0.8529,3.6572
10.1448,0.8967,3.8449
10.1450,0.9042,3.89
10.1452,0.7804,3.354
10.1454,0.7998,3.4391
10.1456,0.7632,3.2803
10.1458,0.7878,3.3859
10.1460,0.8379,3.603
10.1462,0.8204,3.5294
10.1464,0.7819,3.3622
10.1466,0.7808,3.3576
10.1468,0.8167,3.5052
10.1470,0.8728,3.7443
10.1472,0.8035,3.4615
10.1474,0.679,2.9266
10.1476,0.6681,2.8756
10.1478,0.7492,3.2215
10.1480,0.7133,3.0687
10.1482,0.7292,3.1368
10.1484,0.77,3.3096
10.1486,0.8287,3.5633
10.1488,0.8588,3.6945
10.1490,0.8047,3.4554
10.1492,0.866,3.7202
10.1494,0.884,3.801
10.1496,0.8342,3.5837
10.1498,0.8341,3.5848
10.1500,0.7615,3.2746
10.1502,0.7403,3.1848
10.1504,0.7108,3.065
10.1506,0.6444,2.7786
10.1508,0.6142,2.6495
10.1510,0.601,2.5902
10.1512,0.6329,2.7239
10.1514,0.7024,3.0218
10.1516,0.7282,3.1327
10.1518,0.7067,3.0446
10.1520,0.6582,2.838
10.1522,0.5752,2.4837
10.1524,0.4989,2.1534
10.1526,0.4855,2.0974
10.1528,0.4762,2.056
10.1530,0.4947,2.1353
10.1532,0.4943,2.1342
10.1534,0.4952,2.1403
10.1536,0.4308,1.8603
10.1538,0.417,1.8016
10.1540,0.421,1.8187
10.1542,0.4179,1.8061
10.1544,0.4594,1.9835
10.1546,0.5414,2.3344
10.1548,0.5373,2.3179
10.1550,0.4805,2.0737
10.1552,0.4646,2.0082
10.1554,0.4449,1.9218
10.1556,0.4408,1.9042
10.1558,0.4408,1.905
10.1560,0.4489,1.9403
10.1562,0.4462,1.9275
10.1564,0.45,1.9413
10.1566,0.4758,2.0526
10.1568,0.5043,2.1767
10.1570,0.4568,1.9708
10.1572,0.4504,1.9456
10.1574,0.4495,1.942
10.1576,0.4481,1.9349
10.1578,0.4421,1.909
10.1580,0.4473,1.9312
10.1582,0.4479,1.9338
10.1584,0.4474,1.93
10.1586,0.448,1.9343
10.1588,0.4464,1.9267
10.1590,0.4503,1.9433
10.1592,0.478,2.0609
10.1594,0.5395,2.324
10.1596,0.6169,2.6577
10.1598,0.5853,2.5213
10.1600,0.5626,2.4282
10.1602,0.472,2.0379
10.1604,0.4565,1.9702
10.1606,0.4787,2.0659
10.1608,0.4898,2.1092
10.1610,0.5938,2.5604
10.1612,0.5717,2.463
10.1614,0.5899,2.5403
10.1616,0.6,2.5837
10.1618,0.6108,2.6289
10.1620,0.5937,2.5563
10.1622,0.5987,2.578
10.1624,0.5729,2.4704
10.1626,0.5136,2.2176
10.1628,0.454,1.9566
10.1630,0.5283,2.277
10.1632,0.5549,2.3929
10.1634,0.5441,2.3442
10.1636,0.5386,2.3193
10.1638,0.5523,2.3793
10.1640,0.5644,2.4314
10.1642,0.568,2.4469
10.1644,0.5639,2.4283
10.1646,0.5574,2.4026
10.1648,0.5515,2.3779
10.1650,0.5776,2.486
10.1652,0.6173,2.6531
10.1654,0.6925,2.9762
10.1656,0.7355,3.1583
10.1658,0.7882,3.3827
10.1660,0.7824,3.3596
10.1662,0.766,3.2937
10.1664,0.7446,3.2019
10.1666,0.7314,3.1422
10.1668,0.7374,3.168
10.1670,0.7247,3.1148
10.1672,0.7614,3.271
10.1674,0.7721,3.3184
10.1676,0.7451,3.2054
10.1678,0.6784,2.9186
10.1680,0.7103,3.0544
10.1682,0.6691,2.8837
10.1684,0.5728,2.4699
10.1686,0.5712,2.4609
10.1688,0.5756,2.4772
10.1690,0.6037,2.5985
10.1692,0.5893,2.5413
10.1694,0.5806,2.5023
10.1696,0.5697,2.4542
10.1698,0.5562,2.3952
10.1700,0.5574,2.4082
10.1702,0.461,1.9871
10.1704,0.4815,2.0774
10.1706,0.495,2.1314
10.1708,0.529,2.2812
10.1710,0.5089,2.1933
10.1712,0.5764,2.4785
10.1714,0.6655,2.8642
10.1716,0.6361,2.7404
10.1718,0.6511,2.7997
10.1720,0.7102,3.0511
10.1722,0.7197,3.0903
10.1724,0.8039,3.4486
10.1726,0.8638,3.7092
10.1728,0.8408,3.6087
10.1730,0.8961,3.8388
10.1732,0.9609,4.1147
10.1734,0.9639,4.1295
10.1736,0.973,4.1685
10.1738,0.9488,4.0705
10.1740,0.895,3.8377
10.1742,0.9121,3.9112
10.1744,0.9275,3.9789
10.1746,0.9383,4.0252
10.1748,0.9342,4.0058
10.1750,0.931,3.992
10.1752,0.8645,3.7088
10.1754,0.8013,3.441
10.1756,0.8268,3.5534
10.1758,0.8259,3.5465
10.1760,0.8131,3.4914
10.1762,0.8174,3.5132
10.1764,0.8164,3.5075
10.1766,0.8161,3.4994
10.1768,0.888,3.8132
10.1770,0.8066,3.462
10.1772,0.7814,3.3555
10.1774,0.7848,3.3715
10.1776,0.8223,3.5278
10.1778,0.9236,3.9606
10.1780,0.8758,3.7589
10.1782,0.8937,3.8285
10.1784,0.943,4.0415
10.1786,0.9552,4.0958
10.1788,0.9377,4.0245
10.1790,0.9294,3.989
10.1792,0.8951,3.8436
10.1794,0.8513,3.6557
10.1796,0.809,3.4771
10.1798,0.7901,3.3941
10.1800,0.8411,3.6136
10.1802,0.7952,3.4163
10.1804,0.788,3.387
10.1806,0.8299,3.5668
10.1808,0.8007,3.4432
10.1810,0.7891,3.3869
10.1812,0.8456,3.6309
10.1814,0.8624,3.703
10.1816,0.892,3.8231
10.1818,0.972,4.1659
10.1820,0.9684,4.1621
10.1822,0.8461,3.6364
10.1824,0.8525,3.6608
10.1826,0.8605,3.7034
10.1828,0.7065,3.0436
10.1830,0.6781,2.9198
10.1832,0.6668,2.8699
10.1834,0.6782,2.9176
10.1836,0.7266,3.1304
10.1838,0.6867,2.9556
10.1840,0.6727,2.8966
10.1842,0.6308,2.7201
10.1844,0.6193,2.6618
10.1846,0.8733,3.7534
10.1848,0.738,3.1735
10.1850,0.6842,2.9448
10.1852,0.6729,2.8989
10.1854,0.6381,2.7479
10.1856,0.632,2.7241
10.1858,0.6506,2.8029
10.1860,0.651,2.8018
10.1862,0.6573,2.8292
10.1864,0.6889,2.9663
10.1866,0.6889,2.9663
10.1868,0.6728,2.9011
10.1870,0.636,2.7411
10.1872,0.6208,2.6742
10.1874,0.6474,2.7902
10.1876,0.6831,2.936
10.1878,0.7771,3.3369
10.1880,0.7893,3.3958
10.1882,0.6877,2.9583
10.1884,0.6856,2.9523
10.1886,0.5976,2.5769
10.1888,0.5347,2.3076
10.1890,0.529,2.2833
10.1892,0.5275,2.2755
10.1894,0.5252,2.2657
10.1896,0.5609,2.4198
10.1898,0.5584,2.409
10.1900,0.5357,2.3101
10.1902,0.5286,2.2812
10.1904,0.5284,2.2807
10.1906,0.528,2.2776
10.1908,0.5296,2.2827
10.1910,0.5416,2.3355
10.1912,0.5735,2.4696
10.1914,0.6931,2.9774
10.1916,0.6868,2.9616
10.1918,0.5427,2.3412
10.1920,0.5283,2.2812
10.1922,0.5253,2.2662
10.1924,0.5284,2.2786
10.1926,0.5214,2.2491
10.1928,0.5226,2.2543
10.1930,0.524,2.2605
10.1932,0.5236,2.259
10.1934,0.5217,2.2486
10.1936,0.5266,2.2708
10.1938,0.5271,2.274
10.1940,0.5307,2.2916
10.1942,0.5456,2.3493
10.1944,0.5998,2.5826
10.1946,0.6121,2.637
10.1948,0.6326,2.7228
10.1950,0.669,2.8779
10.1952,0.6657,2.8653
10.1954,0.6301,2.7133
10.1956,0.6275,2.7019
10.1958,0.6426,2.7695
10.1960,0.5835,2.5147
10.1962,0.5668,2.4418
10.1964,0.5637,2.4306
10.1966,0.5633,2.4279
10.1968,0.5703,2.4556
10.1970,0.5673,2.445
10.1972,0.57,2.4569
10.1974,0.6059,2.6102
10.1976,0.6957,2.9901
10.1978,0.7419,3.1885
10.1980,0.7435,3.1958
10.1982,0.6817,2.9312
10.1984,0.6724,2.8928
10.1986,0.6897,2.9713
10.1988,0.6682,2.8761
10.1990,0.6837,2.9413
10.1992,0.6703,2.8849
10.1994,0.6524,2.8028
10.1996,0.6794,2.9214
10.1998,0.661,2.8465
10.2000,0.613,2.6394
10.2002,0.6094,2.6239
10.2004,0.5916,2.5499
10.2006,0.626,2.692
10.2008,0.7256,3.1214
10.2010,0.6828,2.9358
10.2012,0.6754,2.9084
10.2014,0.6582,2.8301
10.2016,0.7234,3.1164
10.2018,0.5775,2.4901
10.2020,0.4768,2.0596
10.2022,0.3995,1.7276
10.2024,0.3877,1.6755
10.2026,0.3905,1.6871
10.2028,0.3903,1.6861
10.2030,0.3907,1.6884
10.2032,0.3897,1.6812
10.2034,0.4212,1.8172
10.2036,0.453,1.9543
10.2038,0.5062,2.1809
10.2040,0.5392,2.3251
10.2042,0.506,2.1799
10.2044,0.5673,2.4438
10.2046,0.6405,2.7569
10.2048,0.688,2.9571
10.2050,0.7085,3.0424
10.2052,0.762,3.2736
10.2054,0.8065,3.4631
10.2056,0.8471,3.6326
10.2058,0.9138,3.9184
10.2060,0.9076,3.8881
10.2062,0.9901,4.2395
10.2064,1.0274,4.391
10.2066,1.0945,4.6801
10.2068,1.1362,4.8608
10.2070,1.1211,4.7984
10.2072,1.0511,4.4987
10.2074,1.0641,4.5542
10.2076,1.0626,4.548
10.2078,1.1145,4.768
10.2080,1.0377,4.4433
10.2082,1.0012,4.2812
10.2084,1.085,4.644
10.2086,1.0581,4.5433
10.2088,0.9932,4.2509
10.2090,1.1022,4.7196
10.2092,1.0513,4.504
10.2094,0.9781,4.1921
10.2096,0.9605,4.1184
10.2098,0.9686,4.1573
10.2100,0.9367,4.0185
10.2102,0.8824,3.7925
10.2104,0.8757,3.7619
10.2106,0.8664,3.724
10.2108,0.8033,3.4476
10.2110,0.8497,3.6417
10.2112,0.9406,4.0331
10.2114,0.9407,4.0355
10.2116,0.9113,3.9149
10.2118,0.8206,3.5271
10.2120,0.8001,3.4342
10.2122,0.9071,3.8915
10.2124,0.9324,4.0019
10.2126,0.8476,3.6346
10.2128,0.8601,3.6984
10.2130,0.7589,3.2663
10.2132,0.683,2.9437
10.2134,0.678,2.922
10.2136,0.689,2.964
10.2138,0.7546,3.2462
10.2140,0.7288,3.1353
10.2142,0.6845,2.9449
10.2144,0.7443,3.1974
10.2146,0.8411,3.6153
10.2148,0.809,3.4852
10.2150,0.6995,3.0122
10.2152,0.7176,3.0844
10.2154,0.7567,3.26
10.2156,0.6055,2.6123
10.2158,0.5977,2.5762
10.2160,0.5998,2.5826
10.2162,0.664,2.8607
10.2164,0.6836,2.9476
10.2166,0.6075,2.6181
10.2168,0.5872,2.5308
10.2170,0.5813,2.5078
10.2172,0.5789,2.4963
10.2174,0.6003,2.5847
10.2176,0.6831,2.936
10.2178,0.7397,3.1896
10.2180,0.6006,2.5959
10.2182,0.4571,1.9737
10.2184,0.4811,2.0763
10.2186,0.4911,2.1207
10.2188,0.4675,2.0187
10.2190,0.4494,1.9406
10.2192,0.4489,1.9394
10.2194,0.4505,1.9452
10.2196,0.4666,2.0137
10.2198,0.4951,2.1358
10.2200,0.5568,2.4011
10.2202,0.6197,2.6708
10.2204,0.5663,2.4408
10.2206,0.5209,2.2471
10.2208,0.5137,2.2171
10.2210,0.4789,2.0679
10.2212,0.4578,1.9777
10.2214,0.4785,2.0635
10.2216,0.5914,2.5489
10.2218,0.5892,2.5431
10.2220,0.5521,2.3793
10.2222,0.5527,2.383
10.2224,0.551,2.3736
10.2226,0.5783,2.4914
10.2228,0.5366,2.3159
10.2230,0.457,1.9723
10.2232,0.4746,2.0493
10.2234,0.4373,1.8883
10.2236,0.4474,1.9318
10.2238,0.4791,2.067
10.2240,0.4732,2.0412
10.2242,0.4595,1.9822
10.2244,0.4517,1.9486
10.2246,0.5059,2.1804
10.2248,0.5848,2.5169
10.2250,0.5901,2.542
10.2252,0.5619,2.424
10.2254,0.5625,2.4232
10.2256,0.592,2.5467
10.2258,0.6055,2.6086
10.2260,0.5916,2.5499
10.2262,0.5632,2.4263
10.2264,0.5708,2.46
10.2266,0.5877,2.5293
10.2268,0.6326,2.7216
10.2270,0.6426,2.767
10.2272,0.6398,2.7564
10.2274,0.6462,2.7799
10.2276,0.6569,2.8284
10.2278,0.5688,2.4528
10.2280,0.5353,2.307
10.2282,0.5621,2.4216
10.2284,0.6455,2.7768
10.2286,0.68,2.9226
10.2288,0.6828,2.9386
10.2290,0.6512,2.8028
10.2292,0.6537,2.8111
10.2294,0.6613,2.8422
10.2296,0.6854,2.9499
10.2298,0.6269,2.7006
10.2300,0.617,2.6557
10.2302,0.6391,2.7533
10.2304,0.592,2.5503
10.2306,0.5915,2.5458
10.2308,0.7298,3.1336
10.2310,0.7971,3.4229
10.2312,0.7395,3.1782
10.2314,0.7235,3.1097
10.2316,0.7335,3.1539
10.2318,0.6763,2.9107
10.2320,0.6517,2.8049
10.2322,0.6463,2.7843
10.2324,0.5926,2.5505
10.2326,0.5796,2.4982
10.2328,0.5234,2.2579
10.2330,0.4784,2.063
10.2332,0.4729,2.042
10.2334,0.4722,2.038
10.2336,0.4754,2.052
10.2338,0.4728,2.0396
10.2340,0.4843,2.0864
10.2342,0.5449,2.3494
10.2344,0.4769,2.0572
10.2346,0.4598,1.9819
10.2348,0.5118,2.2037
10.2350,0.5578,2.4053
10.2352,0.4748,2.0513
10.2354,0.4048,1.7471
10.2356,0.3994,1.7255
10.2358,0.4022,1.7374
10.2360,0.3996,1.7249
10.2362,0.4013,1.7329
10.2364,0.3927,1.6949
10.2366,0.4115,1.7753
10.2368,0.4512,1.9465
10.2370,0.5122,2.2088
10.2372,0.517,2.2295
10.2374,0.51,2.1939
10.2376,0.611,2.6275
10.2378,0.656,2.8209
10.2380,0.6693,2.8767
10.2382,0.7084,3.0405
10.2384,0.7402,3.1798
10.2386,0.7728,3.3215
10.2388,0.726,3.1176
10.2390,0.7456,3.2
10.2392,0.8215,3.5209
10.2394,0.8763,3.7592
10.2396,0.851,3.649
10.2398,0.9126,3.9115
10.2400,0.9197,3.9381
10.2402,0.9705,4.1655
10.2404,0.8902,3.8154
10.2406,0.944,4.0442
10.2408,0.9585,4.1045
10.2410,0.9873,4.2277
10.2412,0.9347,4.0098
10.2414,0.8788,3.7736
10.2416,0.8983,3.8485
10.2418,0.9443,4.049
10.2420,0.9324,3.9981
10.2422,0.9376,4.0259
10.2424,0.8523,3.6581
10.2426,0.8423,3.612
10.2428,0.8464,3.6362
10.2430,0.8096,3.4765
10.2432,0.8154,3.5028
10.2434,0.7485,3.2169
10.2436,0.7952,3.4163
10.2438,0.7959,3.4178
10.2440,0.7866,3.3808
10.2442,0.7644,3.2839
10.2444,0.8046,3.4532
10.2446,0.8883,3.8107
10.2448,0.9311,3.9887
10.2450,0.9516,4.0766
10.2452,0.9443,4.0509
10.2454,0.9084,3.8989
10.2456,0.9121,3.9167
10.2458,0.836,3.5864
10.2460,0.9013,3.865
10.2462,0.9042,3.8809
10.2464,0.897,3.8482
10.2466,0.8228,3.5348
10.2468,0.8069,3.4646
10.2470,0.8001,3.4406
10.2472,0.8073,3.4619
10.2474,0.9238,3.9593
10.2476,0.9948,4.2595
10.2478,0.9805,4.2121
10.2480,0.8623,3.7042
10.2482,0.8316,3.5724
10.2484,0.844,3.6209
10.2486,0.8606,3.6936
10.2488,0.8661,3.7173
10.2490,0.8676,3.7292
10.2492,0.8299,3.5618
10.2494,0.9356,4.0101
10.2496,0.984,4.2232
10.2498,0.9147,3.9257
10.2500,0.9067,3.8899
10.2502,0.8876,3.8129
10.2504,0.8621,3.6968
10.2506,0.9759,4.1887
10.2508,0.9394,4.0355
10.2510,0.9317,4.0025
10.2512,0.8242,3.5508
10.2514,0.6608,2.8494
10.2516,0.5826,2.5123
10.2518,0.5845,2.5194
10.2520,0.6415,2.7687
10.2522,0.5206,2.2492
10.2524,0.4909,2.1197
10.2526,0.486,2.0995
10.2528,0.5202,2.244
10.2530,0.5392,2.3262
10.2532,0.5315,2.2942
10.2534,0.5303,2.289
10.2536,0.5312,2.2905
10.2538,0.5601,2.4129
10.2540,0.6181,2.6666
10.2542,0.5513,2.3785
10.2544,0.5437,2.3453
10.2546,0.5327,2.2983
10.2548,0.5402,2.3303
10.2550,0.5383,2.321
10.2552,0.5379,2.3194
10.2554,0.5387,2.3231
10.2556,0.5704,2.4561
10.2558,0.6278,2.7035
10.2560,0.5917,2.5516
10.2562,0.5411,2.3356
10.2564,0.5362,2.3133
10.2566,0.5264,2.2709
10.2568,0.5251,2.2641
10.2570,0.5198,2.2414
10.2572,0.5583,2.4051
10.2574,0.6128,2.6414
10.2576,0.5913,2.5507
10.2578,0.5299,2.2859
10.2580,0.5168,2.2315
10.2582,0.5176,2.2331
10.2584,0.5224,2.2517
10.2586,0.5269,2.2708
10.2588,0.5271,2.274
10.2590,0.5239,2.2589
10.2592,0.5784,2.4907
10.2594,0.6886,2.9597
10.2596,0.7215,3.1053
10.2598,0.631,2.7169
10.2600,0.6369,2.7465
10.2602,0.5746,2.4777
10.2604,0.5686,2.4461
10.2606,0.6422,2.7641
10.2608,0.621,2.6753
10.2610,0.6184,2.6651
10.2612,0.6523,2.8062
10.2614,0.6633,2.855
10.2616,0.6566,2.8261
10.2618,0.6727,2.8939
10.2620,0.7263,3.1186
10.2622,0.7922,3.405
10.2624,0.7289,3.1416
10.2626,0.6447,2.7763
10.2628,0.6239,2.6852
10.2630,0.6227,2.6825
10.2632,0.6224,2.6802
10.2634,0.6446,2.7706
10.2636,0.6871,2.9544
10.2638,0.7175,3.0825
10.2640,0.8138,3.4945
10.2642,0.8091,3.4793
10.2644,0.7762,3.3344
10.2646,0.7753,3.3292
10.2648,0.8483,3.6411
10.2650,0.9105,3.904
10.2652,0.9232,3.9622
10.2654,0.8042,3.4565
10.2656,0.7482,3.2159
10.2658,0.7551,3.2498
10.2660,0.7373,3.1719
10.2662,0.7097,3.0533
10.2664,0.7662,3.2978
10.2666,0.6744,2.9024
10.2668,0.6385,2.7532
10.2670,0.5666,2.4419
10.2672,0.5805,2.5007
10.2674,0.6552,2.8186
10.2676,0.7064,3.0402
10.2678,0.618,2.6648
10.2680,0.5715,2.4619
10.2682,0.6451,2.7739
10.2684,0.7158,3.0753
10.2686,0.7663,3.2891
10.2688,0.7764,3.3401
10.2690,0.686,2.9594
10.2692,0.573,2.4732
10.2694,0.4638,2.0018
10.2696,0.4903,2.1181
10.2698,0.4528,1.9532
10.2700,0.4891,2.108
10.2702,0.513,2.2129
10.2704,0.5097,2.1969
10.2706,0.5788,2.4911
10.2708,0.6465,2.7801
10.2710,0.6911,2.9719
10.2712,0.7028,3.0219
10.2714,0.7434,3.1952
10.2716,0.7923,3.4008
10.2718,0.7914,3.3982
10.2720,0.7975,3.4197
10.2722,0.8979,3.8482
10.2724,0.9681,4.1494
10.2726,0.9796,4.1968
10.2728,0.9706,4.1641
10.2730,0.9657,4.1391
10.2732,0.9876,4.2307
10.2734,0.9226,3.9523
10.2736,0.9703,4.1606
10.2738,0.972,4.1697
10.2740,0.9595,4.1105
10.2742,0.9724,4.166
10.2744,1.0376,4.4449
10.2746,0.9995,4.2821
10.2748,0.9986,4.2779
10.2750,1.0027,4.2954
10.2752,1.0609,4.5472
10.2754,0.9958,4.2721
10.2756,0.917,3.9341
10.2758,0.9085,3.8994
10.2760,0.969,4.153
10.2762,0.9555,4.1069
10.2764,0.7947,3.4174
10.2766,0.7206,3.1002
10.2768,0.7114,3.0633
10.2770,0.7052,3.0365
10.2772,0.6992,3.0093
10.2774,0.7666,3.2932
10.2776,0.8401,3.6106
10.2778,0.7819,3.3607
10.2780,0.7682,3.3065
10.2782,0.7389,3.1801
10.2784,0.7143,3.0714
10.2786,0.7625,3.2818
10.2788,0.704,3.0271
10.2790,0.7552,3.2488
10.2792,0.7708,3.3143
10.2794,0.7962,3.4204
10.2796,0.7721,3.3215
10.2798,0.7621,3.2787
10.2800,0.7916,3.4072
10.2802,0.7057,3.0371
10.2804,0.718,3.0932
10.2806,0.6842,2.9461
10.2808,0.7,3.0101
10.2810,0.7599,3.2674
10.2812,0.7596,3.2663
10.2814,0.7505,3.2271
10.2816,0.739,3.1821
10.2818,0.751,3.2307
10.2820,0.7663,3.2952
10.2822,0.7691,3.3117
10.2824,0.7059,3.041
10.2826,0.6813,2.9337
10.2828,0.6413,2.7638
10.2830,0.5815,2.5088
10.2832,0.5208,2.2486
10.2834,0.528,2.2797
10.2836,0.5242,2.2605
10.2838,0.598,2.5761
10.2840,0.6706,2.8918
10.2842,0.5857,2.5269
10.2844,0.5025,2.1669
10.2846,0.5473,2.3554
10.2848,0.6359,2.7431
10.2850,0.5557,2.3971
10.2852,0.5592,2.4115
10.2854,0.5861,2.5273
10.2856,0.583,2.5138
10.2858,0.5957,2.5651
10.2860,0.6156,2.652
10.2862,0.5871,2.5303
10.2864,0.6156,2.6471
10.2866,0.6567,2.8305
10.2868,0.5807,2.5063
10.2870,0.5345,2.3082
10.2872,0.539,2.3241
10.2874,0.5383,2.3199
10.2876,0.5625,2.4266
10.2878,0.5552,2.3939
10.2880,0.5571,2.4011
10.2882,0.5885,2.5329
10.2884,0.6208,2.6717
10.2886,0.6124,2.6393
10.2888,0.5618,2.4268
10.2890,0.4565,1.9711
10.2892,0.4512,1.9474
10.2894,0.4638,2.0018
10.2896,0.452,1.9529
10.2898,0.4488,1.9371
10.2900,0.4504,1.9447
10.2902,0.4957,2.1404
10.2904,0.4819,2.0818
10.2906,0.4497,1.9416
10.2908,0.4467,1.9295
10.2910,0.4447,1.9204
10.2912,0.4483,1.9341
10.2914,0.4481,1.9349
10.2916,0.4473,1.9303
10.2918,0.4463,1.9253
10.2920,0.4481,1.9349
10.2922,0.4493,1.94
10.2924,0.4486,1.9351
10.2926,0.4884,2.1039
10.2928,0.554,2.3898
10.2930,0.5329,2.3009
10.2932,0.4614,1.9914
10.2934,0.4504,1.9438
10.2936,0.4482,1.9336
10.2938,0.4534,1.9586
10.2940,0.4491,1.939
10.2942,0.4421,1.9072
10.2944,0.4781,2.0605
10.2946,0.5232,2.2538
10.2948,0.5907,2.5434
10.2950,0.6416,2.7615
10.2952,0.5861,2.5238
10.2954,0.5896,2.5399
10.2956,0.6145,2.6474
10.2958,0.6083,2.6193
10.2960,0.5907,2.5434
10.2962,0.5911,2.5466
10.2964,0.6071,2.6105
10.2966,0.6428,2.7616
10.2968,0.68,2.924
10.2970,0.7012,3.0138
10.2972,0.757,3.2474
10.2974,0.7938,3.4165
10.2976,0.6747,2.9067
10.2978,0.5784,2.4896
10.2980,0.6217,2.6734
10.2982,0.592,2.5538
10.2984,0.483,2.0855
10.2986,0.4648,2.005
10.2988,0.4727,2.0363
10.2990,0.4926,2.124
10.2992,0.4729,2.0402
10.2994,0.4908,2.1172
10.2996,0.4862,2.0966
10.2998,0.476,2.0517
10.3000,0.5158,2.2212
10.3002,0.5619,2.4184
10.3004,0.5685,2.4456
10.3006,0.6302,2.7125
10.3008,0.5679,2.4487
10.3010,0.525,2.2647
10.3012,0.4471,1.9289
10.3014,0.3996,1.7265
10.3016,0.4241,1.8288
10.3018,0.4706,2.0284
10.3020,0.4785,2.0606
10.3022,0.5003,2.1551
10.3024,0.5019,2.1623
10.3026,0.506,2.186
10.3028,0.4128,1.7802
10.3030,0.4939,2.1277
10.3032,0.5174,2.23
10.3034,0.4898,2.1111
10.3036,0.5315,2.291
10.3038,0.5133,2.2114
10.3040,0.5347,2.3023
10.3042,0.5949,2.5567
10.3044,0.6631,2.8486
10.3046,0.7115,3.0525
10.3048,0.7986,3.4291
10.3050,0.7795,3.3472
10.3052,0.8093,3.4668
10.3054,0.8727,3.7403
10.3056,0.8585,3.6848
10.3058,0.8759,3.7524
10.3060,0.923,3.9543
10.3062,0.95,4.068
10.3064,0.9789,4.1937
10.3066,1.0112,4.3258
10.3068,1.0319,4.4146
10.3070,1.0583,4.5232
10.3072,1.139,4.8635
10.3074,1.1458,4.8973
10.3076,1.1806,5.0483
10.3078,1.1254,4.8192
10.3080,1.0125,4.3315
10.3082,1.0227,4.3792
10.3084,0.9577,4.1009
10.3086,0.9537,4.0877
10.3088,0.9323,3.9995
10.3090,0.8781,3.7687
10.3092,0.909,3.896
10.3094,0.9522,4.0792
10.3096,0.9471,4.0595
10.3098,0.9641,4.13
10.3100,0.9927,4.2587
10.3102,0.924,3.964
10.3104,0.9402,4.0315
10.3106,1.0283,4.4033
10.3108,1.0727,4.589
10.3110,1.0479,4.4995
10.3112,0.8488,3.6482
10.3114,0.8094,3.4738
10.3116,0.8371,3.5961
10.3118,0.8208,3.526
10.3120,0.8445,3.6297
10.3122,0.7958,3.4173
10.3124,0.7774,3.3442
10.3126,0.7543,3.2452
10.3128,0.7643,3.2819
10.3130,0.8198,3.5219
10.3132,0.7783,3.3483
10.3134,0.7558,3.2513
10.3136,0.762,3.2766
10.3138,0.7702,3.3132
10.3140,0.7818,3.3648
10.3142,0.7634,3.2859
10.3144,0.7437,3.1963
10.3146,0.7468,3.2112
10.3148,0.7247,3.1163
10.3150,0.7634,3.2889
10.3152,0.6787,2.9224
10.3154,0.6622,2.8503
10.3156,0.6726,2.896
10.3158,0.6734,2.8997
10.3160,0.7138,3.0708
10.3162,0.6951,2.9875
10.3164,0.7612,3.2746
10.3166,0.7,3.0157
10.3168,0.7276,3.1272
10.3170,0.7854,3.374
10.3172,0.8458,3.632
10.3174,0.863,3.7125
10.3176,0.7174,3.092
10.3178,0.5811,2.5056
10.3180,0.5979,2.5768
10.3182,0.6324,2.7243
10.3184,0.6098,2.6309
10.3186,0.5754,2.4813
10.3188,0.5644,2.4337
10.3190,0.5557,2.3971
10.3192,0.5754,2.4801
10.3194,0.5901,2.5432
10.3196,0.6169,2.6602
10.3198,0.5244,2.2621
10.3200,0.4849,2.0938
10.3202,0.4891,2.11
10.3204,0.553,2.3791
10.3206,0.7624,3.2736
10.3208,0.8149,3.5089
10.3210,0.6222,2.6842
10.3212,0.5347,2.3065
10.3214,0.5326,2.2967
10.3216,0.5331,2.2977
10.3218,0.5728,2.4688
10.3220,0.6034,2.6005
10.3222,0.6122,2.6376
10.3224,0.6351,2.7362
10.3226,0.5763,2.486
10.3228,0.5573,2.4032
10.3230,0.5282,2.2786
10.3232,0.5232,2.2558
10.3234,0.5555,2.3943
10.3236,0.6186,2.6637
10.3238,0.6756,2.9076
10.3240,0.717,3.0876
10.3242,0.6158,2.6543
10.3244,0.5548,2.3901
10.3246,0.5945,2.5587
10.3248,0.6238,2.6847
10.3250,0.6221,2.6799
10.3252,0.6413,2.7613
10.3254,0.6831,2.9374
10.3256,0.724,3.1161
10.3258,0.6872,2.9577
10.3260,0.6849,2.9451
10.3262,0.7398,3.1798
10.3264,0.7413,3.1904
10.3266,0.6533,2.8116
10.3268,0.6644,2.8596
10.3270,0.7234,3.1106
10.3272,0.7542,3.2401
10.3274,0.7967,3.4225
10.3276,0.775,3.3308
10.3278,0.783,3.3653
10.3280,0.7649,3.2905
10.3282,0.6727,2.8939
10.3284,0.6986,3.0081
10.3286,0.6679,2.8759
10.3288,0.6433,2.7701
10.3290,0.6389,2.751
10.3292,0.6469,2.7855
10.3294,0.6566,2.8261
10.3296,0.6385,2.7494
10.3298,0.6642,2.8533
10.3300,0.748,3.2193
10.3302,0.7274,3.1305
10.3304,0.7265,3.124
10.3306,0.7196,3.0956
10.3308,0.6836,2.9408
10.3310,0.6504,2.8031
10.3312,0.6098,2.6284
10.3314,0.6017,2.5921
10.3316,0.6481,2.7881
10.3318,0.7232,3.1125
10.3320,0.6614,2.848
10.3322,0.5926,2.554
10.3324,0.5746,2.4742
10.3326,0.6012,2.5912
10.3328,0.5753,2.4785
10.3330,0.6015,2.5875
10.3332,0.7025,3.0209
10.3334,0.7247,3.1221
10.3336,0.6185,2.6632
10.3338,0.633,2.7219
10.3340,0.7319,3.1516
10.3342,0.6415,2.761
10.3344,0.6276,2.7062
10.3346,0.5089,2.2004
10.3348,0.3988,1.7245
10.3350,0.3877,1.6755
10.3352,0.3874,1.6737
10.3354,0.3855,1.6638
10.3356,0.3884,1.6786
10.3358,0.391,1.6908
10.3360,0.3883,1.6757
10.3362,0.4082,1.7616
10.3364,0.4131,1.7829
10.3366,0.4861,2.0961
10.3368,0.5459,2.353
10.3370,0.5525,2.377
10.3372,0.6479,2.7897
10.3374,0.6322,2.7196
10.3376,0.6442,2.7712
10.3378,0.6781,2.9158
10.3380,0.7065,3.0352
10.3382,0.7546,3.2462
10.3384,0.7174,3.082
10.3386,0.822,3.5279
10.3388,0.8737,3.748
10.3390,0.8716,3.7375
10.3392,0.8896,3.82
10.3394,0.835,3.584
10.3396,0.8197,3.5231
10.3398,0.8403,3.6117
10.3400,0.8132,3.4969
10.3402,0.7665,3.2881
10.3404,0.8468,3.6328
10.3406,0.9293,3.9811
10.3408,0.9882,4.2353
10.3410,0.9349,4.0071
10.3412,0.9677,4.1455
10.3414,0.9727,4.171
10.3416,0.9369,4.0154
10.3418,0.9448,4.0493
10.3420,0.9828,4.2122
10.3422,0.9571,4.0965
10.3424,1.0048,4.3067
10.3426,0.9264,3.9743
10.3428,0.8837,3.7965
10.3430,0.8875,3.8143
10.3432,0.846,3.6309
10.3434,0.8584,3.6844
10.3436,0.8548,3.6707
10.3438,0.8762,3.7658
10.3440,0.8215,3.5242
10.3442,0.8903,3.8177
10.3444,0.9297,3.9957
10.3446,0.8287,3.5601
10.3448,0.843,3.6146
10.3450,0.9112,3.9108
10.3452,0.9408,4.0342
10.3454,0.924,3.9678
10.3456,0.8614,3.6973
10.3458,0.8714,3.7435
10.3460,0.8499,3.6512
10.3462,0.8824,3.7926
10.3464,0.8602,3.6938
10.3466,0.8727,3.7509
10.3468,0.8,3.4386
10.3470,0.8303,3.5668
10.3472,0.8293,3.5643
10.3474,0.7982,3.4308
10.3476,0.7632,3.2864
10.3478,0.7524,3.2355
10.3480,0.7719,3.319
10.3482,0.7755,3.3345
10.3484,0.7744,3.3314
10.3486,0.7695,3.3118
10.3488,0.7031,3.0264
10.3490,0.7138,3.0709
10.3492,0.7561,3.2575
10.3494,0.7257,3.1219
10.3496,0.715,3.0774
10.3498,0.7094,3.0532
10.3500,0.7167,3.0904
10.3502,0.5925,2.5524
10.3504,0.6001,2.5878
10.3506,0.523,2.2575
10.3508,0.5229,2.2569
10.3510,0.5384,2.3259
10.3512,0.4632,2.002
10.3514,0.4486,1.937
10.3516,0.4458,1.9268
10.3518,0.4441,1.9196
10.3520,0.4474,1.9327
10.3522,0.4488,1.938
10.3524,0.4507,1.9472
10.3526,0.4493,1.9419
10.3528,0.447,1.932
10.3530,0.4494,1.9415
10.3532,0.4507,1.9454
10.3534,0.4499,1.9436
10.3536,0.4474,1.9318
10.3538,0.4565,1.9693
10.3540,0.5178,2.2285
10.3542,0.5776,2.4918
10.3544,0.5272,2.2777
10.3546,0.4587,1.9814
10.3548,0.4489,1.9385
10.3550,0.4609,1.9875
10.3552,0.494,2.1352
10.3554,0.4516,1.949
10.3556,0.4475,1.9314
10.3558,0.4467,1.9269
10.3560,0.4481,1.9367
10.3562,0.4528,1.9551
10.3564,0.4619,1.9926
10.3566,0.4624,1.9965
10.3568,0.4585,1.9799
10.3570,0.4563,1.9683
10.3572,0.4597,1.9824
10.3574,0.498,2.1463
10.3576,0.4832,2.0847
10.3578,0.4563,1.9692
10.3580,0.4513,1.9471
10.3582,0.4443,1.9174
10.3584,0.4425,1.9097
10.3586,0.4413,1.9054
10.3588,0.4413,1.9036
10.3590,0.4458,1.9224
10.3592,0.46,1.9834
10.3594,0.4491,1.9372
10.3596,0.4513,1.9498
10.3598,0.4487,1.9384
10.3600,0.4469,1.9261
10.3602,0.5125,2.2088
10.3604,0.5377,2.3174
10.3606,0.5918,2.5469
10.3608,0.5897,2.5393
10.3610,0.5559,2.3948
10.3612,0.5933,2.556
10.3614,0.6093,2.6223
10.3616,0.6511,2.7998
10.3618,0.6482,2.7926
10.3620,0.578,2.4899
10.3622,0.6004,2.5829
10.3624,0.6145,2.6425
10.3626,0.6575,2.8271
10.3628,0.6462,2.7851
10.3630,0.5174,2.23
10.3632,0.5392,2.323
10.3634,0.6322,2.7208
10.3636,0.6916,2.9713
10.3638,0.7406,3.1814
10.3640,0.7491,3.221
10.3642,0.6868,2.9548
10.3644,0.7133,3.0659
10.3646,0.6786,2.9178
10.3648,0.6854,2.9486
10.3650,0.6991,3.006
10.3652,0.6997,3.0072
10.3654,0.6987,3.0059
10.3656,0.7073,3.0402
10.3658,0.7267,3.1246
10.3660,0.6464,2.7822
10.3662,0.5808,2.5034
10.3664,0.5669,2.4435
10.3666,0.5877,2.5305
10.3668,0.6344,2.7294
10.3670,0.6551,2.8181
10.3672,0.662,2.8467
10.3674,0.6775,2.9146
10.3676,0.643,2.766
10.3678,0.6156,2.6533
10.3680,0.5035,2.1741
10.3682,0.406,1.7548
10.3684,0.3903,1.6853
10.3686,0.3854,1.6649
10.3688,0.3836,1.6563
10.3690,0.3993,1.7242
10.3692,0.4019,1.7356
10.3694,0.4023,1.7355
10.3696,0.4072,1.7575
10.3698,0.4519,1.9497
10.3700,0.4937,2.1277
10.3702,0.5744,2.4721
10.3704,0.625,2.6886
10.3706,0.6004,2.5829
10.3708,0.648,2.789
10.3710,0.6117,2.6326
10.3712,0.6139,2.6412
10.3714,0.6566,2.8222
10.3716,0.7217,3.1006
10.3718,0.7793,3.3432
10.3720,0.8613,3.6899
10.3722,0.9451,4.0451
10.3724,0.9822,4.2057
10.3726,0.963,4.1255
10.3728,0.914,3.9208
10.3730,0.8506,3.6526
10.3732,0.8355,3.5861
10.3734,0.8085,3.4687
10.3736,0.8845,3.7925
10.3738,0.9401,4.0255
10.3740,0.9737,4.1712
10.3742,0.9478,4.0583
10.3744,1.022,4.3741
10.3746,1.0456,4.4752
10.3748,0.9845,4.2253
10.3750,0.8595,3.6907
10.3752,0.8589,3.6847
10.3754,0.8645,3.7072
10.3756,0.8649,3.7087
10.3758,0.8574,3.678
10.3760,0.8863,3.8038
10.3762,0.8606,3.7005
10.3764,0.7331,3.1539
10.3766,0.7197,3.0961
10.3768,0.7538,3.2336
10.3770,0.875,3.7484
10.3772,0.9214,3.9491
10.3774,0.9034,3.8792
10.3776,0.8178,3.5116
10.3778,0.8556,3.6772
10.3780,0.7886,3.388
10.3782,0.787,3.3824
10.3784,0.7798,3.3499
10.3786,0.7908,3.4036
10.3788,0.7045,3.0278
10.3790,0.7781,3.3365
10.3792,0.8516,3.6568
10.3794,0.8207,3.5272
10.3796,0.8017,3.4474
10.3798,0.784,3.3695
10.3800,0.7343,3.1576
10.3802,0.7464,3.2067
10.3804,0.7978,3.4304
10.3806,0.7966,3.4236
10.3808,0.8151,3.5035
10.3810,0.7792,3.3489
10.3812,0.8458,3.6337
10.3814,0.834,3.5827
10.3816,0.7665,3.2912
10.3818,0.8135,3.4946
10.3820,0.8257,3.5488
10.3822,0.7918,3.4014
10.3824,0.7645,3.2845
10.3826,0.7638,3.2814
10.3828,0.7725,3.3277
10.3830,0.6725,2.8929
10.3832,0.7201,3.0962
10.3834,0.7271,3.1296
10.3836,0.695,2.9899
10.3838,0.6258,2.696
10.3840,0.6464,2.7848
10.3842,0.6661,2.8682
10.3844,0.6776,2.9178
10.3846,0.6541,2.8153
10.3848,0.6512,2.8029
10.3850,0.6734,2.8984
10.3852,0.6771,2.913
10.3854,0.6747,2.904
10.3856,0.6713,2.8904
10.3858,0.6723,2.8964
10.3860,0.6207,2.6738
10.3862,0.5687,2.4535
10.3864,0.5765,2.486
10.3866,0.591,2.5474
10.3868,0.739,3.1762
10.3870,0.7326,3.1548
10.3872,0.6907,2.9727
10.3874,0.681,2.9363
10.3876,0.5534,2.3884
10.3878,0.5422,2.3381
10.3880,0.5579,2.4047
10.3882,0.5763,2.4861
10.3884,0.5319,2.2947
10.3886,0.5229,2.2549
10.3888,0.5314,2.2937
10.3890,0.5354,2.3108
10.3892,0.5293,2.2833
10.3894,0.5281,2.2771
10.3896,0.5288,2.2802
10.3898,0.5278,2.2761
10.3900,0.559,2.4082
10.3902,0.6168,2.6585
10.3904,0.5561,2.3992
10.3906,0.5271,2.274
10.3908,0.5292,2.2828
10.3910,0.5258,2.2683
10.3912,0.5271,2.2719
10.3914,0.526,2.2693
10.3916,0.5238,2.2595
10.3918,0.5464,2.354
10.3920,0.6017,2.5958
10.3922,0.538,2.32
10.3924,0.5269,2.2719
10.3926,0.5254,2.2668
10.3928,0.5287,2.2807
10.3930,0.5238,2.2574
10.3932,0.5252,2.2636
10.3934,0.53,2.2854
10.3936,0.5235,2.2574
10.3938,0.535,2.3071
10.3940,0.5364,2.3106
10.3942,0.5795,2.4943
10.3944,0.6541,2.8113
10.3946,0.7401,3.1838
10.3948,0.7509,3.2273
10.3950,0.7478,3.2109
10.3952,0.7247,3.1207
10.3954,0.6472,2.7866
10.3956,0.6347,2.7317
10.3958,0.6378,2.7464
10.3960,0.6472,2.784
10.3962,0.7247,3.1135
10.3964,0.7481,3.2184
10.3966,0.7129,3.0653
10.3968,0.7179,3.087
10.3970,0.6605,2.8439
10.3972,0.6183,2.6634
10.3974,0.6036,2.598
10.3976,0.6289,2.7082
10.3978,0.669,2.8793
10.3980,0.6601,2.8384
10.3982,0.6626,2.8493
10.3984,0.6614,2.8454
10.3986,0.6783,2.9195
10.3988,0.6619,2.8475
10.3990,0.6535,2.8127
10.3992,0.7002,3.0106
10.3994,0.7132,3.0669
10.3996,0.6696,2.8818
10.3998,0.653,2.8119
10.4000,0.6336,2.7308
10.4002,0.6003,2.5835
10.4004,0.6501,2.7956
10.4006,0.6913,2.9753
10.4008,0.6918,2.9773
10.4010,0.6107,2.6321
10.4012,0.503,2.172
10.4014,0.415,1.7928
10.4016,0.427,1.8421
10.4018,0.4888,2.1055
10.4020,0.5278,2.275
10.4022,0.5254,2.2647
10.4024,0.5305,2.2895
10.4026,0.4342,1.874
10.4028,0.4667,2.0114
10.4030,0.5129,2.2073
10.4032,0.6161,2.6492
10.4034,0.6512,2.8042
10.4036,0.6133,2.641
10.4038,0.6499,2.7946
10.4040,0.7202,3.0953
10.4042,0.7737,3.3221
10.4044,0.8002,3.4343
10.4046,0.8337,3.5767
10.4048,0.8693,3.7312
10.4050,0.8964,3.8368
10.4052,0.9927,4.2568
10.4054,1.003,4.297
10.4056,1.009,4.3207
10.4058,1.0136,4.3341
10.4060,1.1034,4.7204
10.4062,1.0643,4.551
10.4064,1.0502,4.4947
10.4066,1.106,4.7294
10.4068,1.1397,4.8826
10.4070,1.0271,4.4023
10.4072,0.9714,4.1614
10.4074,0.9962,4.2638
10.4076,0.9972,4.2699
10.4078,0.9914,4.2492
10.4080,0.9554,4.0969
10.4082,0.968,4.1451
10.4084,1.0341,4.4363
10.4086,0.9897,4.2479
10.4088,0.9582,4.1087
10.4090,0.9275,3.9771
10.4092,0.9607,4.1176
10.4094,0.9346,4.0149
10.4096,0.8892,3.8149
10.4098,0.9711,4.1565
10.4100,1.1062,4.7366
10.4102,1.1017,4.7198
10.4104,1.0217,4.3813
10.4106,0.9309,3.9934
10.4108,0.8813,3.7845
10.4110,0.8789,3.7706
10.4112,0.931,3.9976
10.4114,0.9475,4.0668
10.4116,0.9559,4.1028
10.4118,0.8964,3.8529
10.4120,0.8534,3.6628
10.4122,0.8673,3.7311
10.4124,0.7462,3.2131
10.4126,0.7276,3.1345
10.4128,0.6981,3.0089
10.4130,0.6558,2.8225
10.4132,0.752,3.2319
10.4134,0.8247,3.548
10.4136,0.7976,3.4298
10.4138,0.8313,3.5714
10.4140,0.7607,3.2771
10.4142,0.6293,2.7135
10.4144,0.6053,2.6052
10.4146,0.6763,2.9175
10.4148,0.604,2.6044
10.4150,0.6022,2.5942
10.4152,0.6242,2.6918
10.4154,0.6298,2.713
10.4156,0.6788,2.9202
10.4158,0.7049,3.0355
10.4160,0.693,2.9866
10.4162,0.6933,2.9868
10.4164,0.6943,2.9882
10.4166,0.6637,2.8632
10.4168,0.5871,2.5315
10.4170,0.6202,2.6705
10.4172,0.6854,2.9486
10.4174,0.6643,2.8684
10.4176,0.5338,2.3051
10.4178,0.518,2.2388
10.4180,0.4722,2.0399
10.4182,0.4518,1.9528
10.4184,0.4402,1.9025
10.4186,0.4517,1.9513
10.4188,0.4399,1.8988
10.4190,0.4286,1.8514
10.4192,0.4274,1.847
10.4194,0.4257,1.8389
10.4196,0.4306,1.8593
10.4198,0.4395,1.8985
10.4200,0.4361,1.8849
10.4202,0.4317,1.8631
10.4204,0.4274,1.8445
10.4206,0.4371,1.8864
10.4208,0.4828,2.0826
10.4210,0.5412,2.3324
10.4212,0.6311,2.7174
10.4214,0.6228,2.6818
10.4216,0.5874,2.533
10.4218,0.535,2.3103
10.4220,0.4668,2.0138
10.4222,0.4798,2.0697
10.4224,0.5111,2.2057
10.4226,0.5193,2.2393
10.4228,0.5552,2.3951
10.4230,0.5445,2.3479
10.4232,0.5645,2.4331
10.4234,0.5452,2.3499
10.4236,0.5671,2.4463
10.4238,0.5233,2.2543
10.4240,0.6063,2.613
10.4242,0.5683,2.4503
10.4244,0.5441,2.3442
10.4246,0.5722,2.4662
10.4248,0.5926,2.5553
10.4250,0.6,2.5813
10.4252,0.688,2.9599
10.4254,0.6452,2.781
10.4256,0.5708,2.4612
10.4258,0.5599,2.4141
10.4260,0.5391,2.3225
10.4262,0.5679,2.4419
10.4264,0.6704,2.8855
10.4266,0.6759,2.9079
10.4268,0.6601,2.8437
10.4270,0.6029,2.5949
10.4272,0.675,2.9091
10.4274,0.631,2.7157
10.4276,0.6976,2.9998
10.4278,0.6804,2.9283
10.4280,0.5964,2.5694
10.4282,0.5659,2.44
10.4284,0.5584,2.4079
10.4286,0.5671,2.4429
10.4288,0.5567,2.3984
10.4290,0.5565,2.3974
10.4292,0.6117,2.6326
10.4294,0.6343,2.725
10.4296,0.6964,2.9975
10.4298,0.6746,2.9022
10.4300,0.7364,3.1634
10.4302,0.7293,3.1345
10.4304,0.697,3.0014
10.4306,0.6168,2.6585
10.4308,0.5674,2.4444
10.4310,0.595,2.5585
10.4312,0.6377,2.7484
10.4314,0.6022,2.5906
10.4316,0.6595,2.8385
10.4318,0.6418,2.7634
10.4320,0.6207,2.675
10.4322,0.5507,2.3759
10.4324,0.4811,2.0744
10.4326,0.4706,2.0313
10.4328,0.4664,2.0123
10.4330,0.4699,2.0263
10.4332,0.5184,2.2342
10.4334,0.5205,2.2456
10.4336,0.4566,1.9717
10.4338,0.4024,1.7352
10.4340,0.4593,1.984
10.4342,0.3959,1.7105
10.4344,0.3921,1.6931
10.4346,0.3914,1.6916
10.4348,0.3887,1.6802
10.4350,0.389,1.6781
10.4352,0.4336,1.8696
10.4354,0.4621,1.9955
10.4356,0.4079,1.7615
10.4358,0.4311,1.8579
10.4360,0.4807,2.0729
10.4362,0.4983,2.1469
10.4364,0.573,2.4675
10.4366,0.6324,2.7206
10.4368,0.5782,2.4886
10.4370,0.6037,2.5973
10.4372,0.681,2.9254
10.4374,0.7747,3.3252
10.4376,0.7834,3.3638
10.4378,0.7933,3.4049
10.4380,0.8556,3.6635
10.4382,0.9753,4.1706
10.4384,1.0381,4.445
10.4386,1.0023,4.294
10.4388,0.9184,3.9362
10.4390,0.8879,3.8074
10.4392,0.8908,3.818
10.4394,0.892,3.8249
10.4396,0.9232,3.9586
10.4398,0.9975,4.2734
10.4400,1.0194,4.3628
10.4402,1.0654,4.5578
10.4404,1.0552,4.5078
10.4406,1.1089,4.7373
10.4408,1.1078,4.7349
10.4410,1.0673,4.5702
10.4412,1.003,4.301
10.4414,0.9047,3.883
10.4416,0.8467,3.6356
10.4418,0.8169,3.508
10.4420,0.8263,3.5432
10.4422,0.9258,3.9755
10.4424,0.8189,3.5195
10.4426,0.781,3.3504
10.4428,0.8644,3.7136
10.4430,0.8102,3.4824
10.4432,0.7873,3.3824
10.4434,0.8135,3.4914
10.4436,0.8588,3.6808
10.4438,0.9422,4.0404
10.4440,0.8717,3.7467
10.4442,0.8574,3.6815
10.4444,0.8926,3.8293
10.4446,0.8982,3.8588
10.4448,0.8403,3.605
10.4450,0.878,3.763
10.4452,0.9371,4.022
10.4454,0.8817,3.7842
10.4456,0.8776,3.7685
10.4458,0.8532,3.6669
10.4460,0.7897,3.3942
10.4462,0.8273,3.5539
10.4464,0.8488,3.6432
10.4466,0.8625,3.6984
10.4468,0.8773,3.7652
10.4470,0.9256,3.9763
10.4472,0.9215,3.9514
10.4474,0.9144,3.9247
10.4476,0.8987,3.8573
10.4478,0.892,3.8267
10.4480,0.8547,3.6684
10.4482,0.8774,3.7675
10.4484,0.8649,3.7174
10.4486,0.8768,3.7684
10.4488,0.8818,3.7847
10.4490,0.9136,3.9248
10.4492,0.8921,3.8254
10.4494,0.8944,3.8477
10.4496,0.7365,3.1772
10.4498,0.6077,2.6192
10.4500,0.6276,2.7087
10.4502,0.5635,2.4307
10.4504,0.5573,2.4044
10.4506,0.56,2.4157
10.4508,0.5597,2.4125
10.4510,0.5746,2.4789
10.4512,0.571,2.4633
10.4514,0.4969,2.1446
10.4516,0.4795,2.0715
10.4518,0.4782,2.0639
10.4520,0.5188,2.2383
10.4522,0.5346,2.3082
10.4524,0.5262,2.2678
10.4526,0.5308,2.2869
10.4528,0.6139,2.6424
10.4530,0.6966,3.0008
10.4532,0.6391,2.7572
10.4534,0.5492,2.3692
10.4536,0.5298,2.2854
10.4538,0.5366,2.3159
10.4540,0.5292,2.2817
10.4542,0.5302,2.2875
10.4544,0.5282,2.2776
10.4546,0.5293,2.2812
10.4548,0.5305,2.2864
10.4550,0.5302,2.2885
10.4552,0.5316,2.2942
10.4554,0.5342,2.3024
10.4556,0.5708,2.4612
10.4558,0.5331,2.2988
10.4560,0.5612,2.4175
10.4562,0.6041,2.6049
10.4564,0.5331,2.2988
10.4566,0.5265,2.2714
10.4568,0.5266,2.2709
10.4570,0.522,2.2518
10.4572,0.5636,2.429
10.4574,0.5992,2.5801
10.4576,0.6377,2.7471
10.4578,0.5621,2.4228
10.4580,0.5456,2.3504
10.4582,0.6205,2.6745
10.4584,0.5892,2.5396
10.4586,0.5474,2.3592
10.4588,0.5385,2.321
10.4590,0.5636,2.4313
10.4592,0.5247,2.2595
10.4594,0.6281,2.702
10.4596,0.6838,2.9433
10.4598,0.6491,2.7923
10.4600,0.6637,2.8605
10.4602,0.6066,2.6109
10.4604,0.7211,3.0951
10.4606,0.7756,3.3365
10.4608,0.7144,3.0763
10.4610,0.6413,2.7613
10.4612,0.6329,2.7239
10.4614,0.6371,2.7445
10.4616,0.6461,2.7807
10.4618,0.7003,3.0084
10.4620,0.7761,3.3339
10.4622,0.7906,3.3978
10.4624,0.7866,3.3777
10.4626,0.8022,3.4462
10.4628,0.7475,3.2113
10.4630,0.7873,3.3808
10.4632,0.8088,3.4794
10.4634,0.7179,3.0884
10.4636,0.729,3.1364
10.4638,0.6859,2.952
10.4640,0.666,2.865
10.4642,0.7288,3.1339
10.4644,0.759,3.2608
10.4646,0.7407,3.179
10.4648,0.7265,3.1241
10.4650,0.7348,3.1597
10.4652,0.7842,3.3752
10.4654,0.639,2.7541
10.4656,0.5836,2.5165
10.4658,0.5631,2.4292
10.4660,0.5254,2.2636
10.4662,0.5656,2.4412
10.4664,0.5078,2.1927
10.4666,0.5366,2.3127
10.4668,0.5808,2.5011
10.4670,0.5861,2.5273
10.4672,0.5226,2.2543
10.4674,0.5397,2.3251
10.4676,0.6029,2.5949
10.4678,0.5714,2.4637
10.4680,0.5175,2.2347
10.4682,0.4344,1.8759
10.4684,0.4657,2.0082
10.4686,0.4784,2.0678
10.4688,0.417,1.8008
10.4690,0.4334,1.8686
10.4692,0.4777,2.0599
10.4694,0.5637,2.4228
10.4696,0.6644,2.861
10.4698,0.6015,2.5887
10.4700,0.6145,2.6437
10.4702,0.6407,2.7562
10.4704,0.7063,3.0384
10.4706,0.7064,3.0375
10.4708,0.7257,3.1147
10.4710,0.8048,3.4511
10.4712,0.8558,3.6696
10.4714,0.9503,4.0729
10.4716,0.9569,4.1031
10.4718,0.9029,3.8717
10.4720,0.8952,3.8442
10.4722,0.9089,3.8974
10.4724,0.94,4.0268
10.4726,0.9685,4.1491
10.4728,0.9243,3.9614
10.4730,0.967,4.1405
10.4732,1.0845,4.635
10.4734,1.1189,4.7933
10.4736,1.0315,4.4229
10.4738,1.0369,4.4377
10.4740,1.059,4.5306
10.4742,1.0264,4.4013
10.4744,0.9238,3.963
10.4746,0.9707,4.168
10.4748,0.9422,4.046
10.4750,0.8919,3.828
10.4752,0.8633,3.7141
10.4754,0.7708,3.3174
10.4756,0.7536,3.2406
10.4758,0.7302,3.143
10.4760,0.7093,3.0498
10.4762,0.775,3.3324
10.4764,0.7744,3.3298
10.4766,0.735,3.1636
10.4768,0.7448,3.2039
10.4770,0.7962,3.4237
10.4772,0.731,3.1446
10.4774,0.7232,3.1111
10.4776,0.7262,3.1225
10.4778,0.786,3.3798
10.4780,0.8036,3.4556
10.4782,0.7046,3.0311
10.4784,0.7213,3.1014
10.4786,0.7704,3.3113
10.4788,0.8324,3.576
10.4790,0.7745,3.3303
10.4792,0.772,3.3195
10.4794,0.7791,3.3499
10.4796,0.7102,3.0582
10.4798,0.7278,3.1312
10.4800,0.7316,3.1457
10.4802,0.7618,3.2742
10.4804,0.7681,3.3045
10.4806,0.7749,3.335
10.4808,0.7252,3.1228
10.4810,0.6876,2.9579
10.4812,0.7174,3.0892
10.4814,0.7376,3.1789
10.4816,0.6239,2.6865
10.4818,0.6455,2.7807
10.4820,0.6847,2.9482
10.4822,0.7087,3.0458
10.4824,0.7884,3.3886
10.4826,0.7394,3.1793
10.4828,0.665,2.8689
10.4830,0.5832,2.5173
10.4832,0.5293,2.2833
10.4834,0.4974,2.1437
10.4836,0.5329,2.2988
10.4838,0.5728,2.4722
10.4840,0.5216,2.2492
10.4842,0.5246,2.2631
10.4844,0.5269,2.273
10.4846,0.5143,2.2197
10.4848,0.5507,2.3759
10.4850,0.6179,2.6619
10.4852,0.5859,2.5251
10.4854,0.5545,2.3908
10.4856,0.5342,2.3056
10.4858,0.569,2.4523
10.4860,0.5872,2.532
10.4862,0.5768,2.4835
10.4864,0.6316,2.7233
10.4866,0.6037,2.6033
10.4868,0.583,2.5127
10.4870,0.5963,2.5725
10.4872,0.4968,2.1451
10.4874,0.4746,2.0474
10.4876,0.4913,2.1203
10.4878,0.4644,2.0035
10.4880,0.5254,2.2689
10.4882,0.4878,2.1053
10.4884,0.4658,2.0097
10.4886,0.4602,1.9863
10.4888,0.4571,1.9737
10.4890,0.4581,1.977
10.4892,0.459,1.9802
10.4894,0.4577,1.9736
10.4896,0.4485,1.9365
10.4898,0.4428,1.913
10.4900,0.4432,1.9137
10.4902,0.4435,1.9135
10.4904,0.448,1.9353
10.4906,0.4615,1.991
10.4908,0.5187,2.2357
10.4910,0.4927,2.1246
10.4912,0.4519,1.9497
10.4914,0.4495,1.9411
10.4916,0.4451,1.9228
10.4918,0.4462,1.9266
10.4920,0.4456,1.9214
10.4922,0.448,1.9344
10.4924,0.4488,1.9371
10.4926,0.4446,1.9199
10.4928,0.4443,1.9166
10.4930,0.4462,1.9257
10.4932,0.4627,1.9962
10.4934,0.4657,2.0082
10.4936,0.5226,2.2523
10.4938,0.5734,2.4679
10.4940,0.6474,2.7812
10.4942,0.6907,2.9713
10.4944,0.6554,2.8209
10.4946,0.6565,2.8243
10.4948,0.5769,2.4841
10.4950,0.5638,2.4312
10.4952,0.5641,2.4322
10.4954,0.5546,2.3891
10.4956,0.5601,2.4084
10.4958,0.678,2.9126
10.4960,0.7401,3.1749
10.4962,0.7981,3.4239
10.4964,0.7738,3.3288
10.4966,0.6873,2.9582
10.4968,0.6461,2.7833
10.4970,0.5724,2.4673
10.4972,0.5748,2.4753
10.4974,0.6298,2.708
10.4976,0.6695,2.884
10.4978,0.6054,2.607
10.4980,0.6161,2.6517
10.4982,0.6118,2.6343
10.4984,0.6036,2.598
10.4986,0.5973,2.5718
10.4988,0.5945,2.5623
10.4990,0.5566,2.399
10.4992,0.5318,2.291
10.4994,0.5877,2.5282
10.4996,0.6211,2.6684
10.4998,0.6838,2.9378
10.5000,0.7201,3.0977
10.5002,0.6518,2.8068
10.5004,0.5043,2.1777
10.5006,0.4079,1.7606
10.5008,0.4735,2.0399
10.5010,0.5618,2.4213
10.5012,0.4949,2.1349
10.5014,0.4132,1.7826
10.5016,0.4331,1.871
10.5018,0.4048,1.7488
10.5020,0.4012,1.73
10.5022,0.5011,2.1587
10.5024,0.5637,2.4273
10.5026,0.598,2.5749
10.5028,0.606,2.6083
10.5030,0.5377,2.3174
10.5032,0.5058,2.1799
10.5034,0.5548,2.3846
10.5036,0.6829,2.9309
10.5038,0.7818,3.3602
10.5040,0.7783,3.3422
10.5042,0.8066,3.4588
10.5044,0.8515,3.6511
10.5046,0.8926,3.8239
10.5048,0.8835,3.7884
10.5050,0.8653,3.7085
10.5052,0.871,3.7384
10.5054,0.8629,3.7034
10.5056,0.884,3.7869
10.5058,0.9124,3.9087
10.5060,0.943,4.0378
10.5062,0.9759,4.1868
10.5064,0.8846,3.7948
10.5066,0.8517,3.659
10.5068,0.794,3.4096
10.5070,0.7954,3.4185
10.5072,0.7896,3.3906
10.5074,0.8207,3.519
10.5076,0.8023,3.4451
10.5078,0.8017,3.4442
10.5080,0.8199,3.5143
10.5082,0.9491,4.0716
10.5084,0.8456,3.6276
10.5086,0.918,3.9328
10.5088,0.9617,4.1256
10.5090,0.8499,3.6478
10.5092,0.8927,3.8173
10.5094,1.0873,4.6473
10.5096,1.1487,4.912
10.5098,1.122,4.8111
10.5100,0.9478,4.0716
10.5102,0.8335,3.579
10.5104,0.859,3.6835
10.5106,0.8914,3.8206
10.5108,0.9129,3.9071
10.5110,1.002,4.2884
10.5112,1.0514,4.5041
10.5114,1.0211,4.3807
10.5116,0.9163,3.9311
10.5118,0.9276,3.9813
10.5120,0.9002,3.8671
10.5122,0.8786,3.7656
10.5124,0.9668,4.14
10.5126,1.0413,4.4505
10.5128,1.1232,4.8095
10.5130,1.0402,4.4604
10.5132,0.9811,4.2128
10.5134,0.8991,3.8589
10.5136,0.8536,3.6689
10.5138,0.7937,3.4097
10.5140,0.8026,3.4526
10.5142,0.7889,3.3938
10.5144,0.7571,3.2571
10.5146,0.7746,3.3324
10.5148,0.771,3.3169
10.5150,0.7856,3.3736
10.5152,0.8069,3.4647
10.5154,0.8022,3.4478
10.5156,0.8046,3.4581
10.5158,0.7663,3.3014
10.5160,0.6801,2.9273
10.5162,0.7053,3.0371
10.5164,0.7179,3.0884
10.5166,0.7438,3.2013
10.5168,0.6954,2.9984
10.5170,0.591,2.5462
10.5172,0.5982,2.5784
10.5174,0.6079,2.6227
10.5176,0.5849,2.5233
10.5178,0.6058,2.6085
10.5180,0.6968,3.0018
10.5182,0.677,2.9166
10.5184,0.6792,2.9231
10.5186,0.6443,2.7768
10.5188,0.584,2.518
10.5190,0.5738,2.4729
10.5192,0.6018,2.5915
10.5194,0.6583,2.8386
10.5196,0.5936,2.5594
10.5198,0.5718,2.4681
10.5200,0.5585,2.4095
10.5202,0.5536,2.3883
10.5204,0.5576,2.4021
10.5206,0.5789,2.4928
10.5208,0.6442,2.775
10.5210,0.6367,2.7455
10.5212,0.559,2.4082
10.5214,0.5949,2.5675
10.5216,0.5401,2.332
10.5218,0.5504,2.3722
10.5220,0.5402,2.3293
10.5222,0.5293,2.2833
10.5224,0.5494,2.3669
10.5226,0.6075,2.6145
10.5228,0.6266,2.6996
10.5230,0.6438,2.7722
10.5232,0.7103,3.0516
10.5234,0.7367,3.165
10.5236,0.7412,3.1885
10.5238,0.6768,2.9169
10.5240,0.6504,2.8006
10.5242,0.7096,3.0528
10.5244,0.6927,2.9801
10.5246,0.702,3.024
10.5248,0.6364,2.7414
10.5250,0.627,2.6999
10.5252,0.6431,2.7665
10.5254,0.6914,2.9772
10.5256,0.6713,2.885
10.5258,0.747,3.2063
10.5260,0.8208,3.531
10.5262,0.7956,3.4195
10.5264,0.796,3.4226
10.5266,0.7948,3.4159
10.5268,0.7567,3.2525
10.5270,0.7768,3.3355
10.5272,0.855,3.6729
10.5274,0.8136,3.4968
10.5276,0.7723,3.3195
10.5278,0.7763,3.335
10.5280,0.866,3.722
10.5282,0.8085,3.4719
10.5284,0.7957,3.4168
10.5286,0.7476,3.2193
10.5288,0.6667,2.8721
10.5290,0.6582,2.8328
10.5292,0.6617,2.8478
10.5294,0.7633,3.2778
10.5296,0.8633,3.7038
10.5298,0.8472,3.6496
10.5300,0.6632,2.8545
10.5302,0.6238,2.6859
10.5304,0.6114,2.6352
10.5306,0.6094,2.6301
10.5308,0.6033,2.5989
10.5310,0.6085,2.6216
10.5312,0.6107,2.6321
10.5314,0.6178,2.6614
10.5316,0.6136,2.6433
10.5318,0.5922,2.5525
10.5320,0.6432,2.7696
10.5322,0.6183,2.6634
10.5324,0.5795,2.4954
10.5326,0.6298,2.7168
10.5328,0.5559,2.3982
10.5330,0.5103,2.2006
10.5332,0.5265,2.2704
10.5334,0.5559,2.397
10.5336,0.5078,2.1897
10.5338,0.5113,2.2047
10.5340,0.534,2.3056
10.5342,0.5001,2.1576
10.5344,0.5063,2.182
10.5346,0.5635,2.4285
10.5348,0.5334,2.2977
10.5350,0.607,2.6149
10.5352,0.6084,2.6223
10.5354,0.5575,2.4049
10.5356,0.4789,2.067
10.5358,0.4693,2.0237
10.5360,0.5607,2.4132
10.5362,0.7006,3.0183
10.5364,0.6268,2.7001
10.5366,0.6071,2.613
10.5368,0.6318,2.7193
10.5370,0.6987,3.0045
10.5372,0.7632,3.2834
10.5374,0.7239,3.1098
10.5376,0.7967,3.4225
10.5378,0.8428,3.6209
10.5380,0.8443,3.6203
10.5382,0.9509,4.0755
10.5384,0.9383,4.0253
10.5386,0.942,4.0375
10.5388,0.9506,4.0745
10.5390,0.925,3.97
10.5392,0.9095,3.9054
10.5394,0.9277,3.98
10.5396,0.9551,4.0935
10.5398,0.936,4.0155
10.5400,0.8906,3.8223
10.5402,0.9046,3.8771
10.5404,0.9542,4.0937
10.5406,0.96,4.1145
10.5408,0.9836,4.2158
10.5410,0.95,4.0776
10.5412,0.9492,4.0702
10.5414,0.9713,4.1609
10.5416,0.9589,4.1118
10.5418,0.9641,4.1359
10.5420,0.9069,3.8996
10.5422,0.8257,3.5521
10.5424,0.7696,3.3092
10.5426,0.7591,3.2643
10.5428,0.7859,3.3746
10.5430,0.8541,3.6693
10.5432,0.8391,3.6049
10.5434,0.8227,3.5327
10.5436,0.8333,3.5846
10.5438,0.7916,3.4041
10.5440,0.8101,3.4786
10.5442,0.854,3.6671
10.5444,0.9093,3.9044
10.5446,0.9118,3.9134
10.5448,0.8847,3.8042
10.5450,0.7993,3.4355
10.5452,0.8473,3.6416
10.5454,0.8535,3.6667
10.5456,0.8214,3.5319
10.5458,0.7912,3.4036
10.5460,0.7926,3.4082
10.5462,0.7933,3.4065
10.5464,0.8211,3.5293
10.5466,0.8737,3.748
10.5468,0.9363,4.024
10.5470,0.8715,3.7405
10.5472,0.9104,3.9127
10.5474,0.8384,3.6052
10.5476,0.8636,3.7082
10.5478,0.8274,3.5594
10.5480,0.7979,3.4277
10.5482,0.8746,3.7539
10.5484,0.9038,3.8789
10.5486,0.9521,4.0882
10.5488,0.9452,4.0646
10.5490,0.755,3.2569
10.5492,0.5706,2.4584
10.5494,0.6708,2.887
10.5496,0.677,2.9179
10.5498,0.6245,2.694
10.5500,0.613,2.6419
10.5502,0.6505,2.805
10.5504,0.6022,2.5978
10.5506,0.563,2.4332
10.5508,0.4814,2.0798
10.5510,0.4558,1.968
10.5512,0.4662,2.0122
10.5514,0.5353,2.3113
10.5516,0.5069,2.1886
10.5518,0.4965,2.1451
10.5520,0.4997,2.1565
10.5522,0.5215,2.2497
10.5524,0.4879,2.1058
10.5526,0.5123,2.2078
10.5528,0.6023,2.5983
10.5530,0.5251,2.2673
10.5532,0.4933,2.1321
10.5534,0.4853,2.0944
10.5536,0.5354,2.3076
10.5538,0.5805,2.5065
10.5540,0.5023,2.1699
10.5542,0.4778,2.0614
10.5544,0.4754,2.0511
10.5546,0.4744,2.0473
10.5548,0.4686,2.0216
10.5550,0.4681,2.0223
10.5552,0.4721,2.0385
10.5554,0.471,2.0329
10.5556,0.47,2.0297
10.5558,0.4688,2.0245
10.5560,0.4721,2.0366
10.5562,0.4723,2.0395
10.5564,0.4698,2.0277
10.5566,0.4706,2.0322
10.5568,0.4691,2.0227
10.5570,0.5298,2.2811
10.5572,0.5708,2.4646
10.5574,0.4866,2.0982
10.5576,0.5619,2.4195
10.5578,0.5808,2.5023
10.5580,0.5626,2.4237
10.5582,0.5807,2.5041
10.5584,0.5678,2.446
10.5586,0.5686,2.453
10.5588,0.5298,2.2833
10.5590,0.5813,2.5055
10.5592,0.557,2.3984
10.5594,0.6364,2.7389
10.5596,0.6805,2.9275
10.5598,0.703,3.023
10.5600,0.7268,3.1222
10.5602,0.6948,2.9902
10.5604,0.6693,2.8808
10.5606,0.7288,3.131
10.5608,0.7662,3.2917
10.5610,0.7681,3.2984
10.5612,0.809,3.4691
10.5614,0.8932,3.8283
10.5616,0.9329,3.9984
10.5618,0.9403,4.0359
10.5620,0.893,3.8362
10.5622,0.8464,3.6431
10.5624,0.7069,3.0424
10.5626,0.7195,3.0922
10.5628,0.7609,3.2705
10.5630,0.7384,3.1751
10.5632,0.7078,3.0465
10.5634,0.7458,3.2056
10.5636,0.7846,3.3705
10.5638,0.7985,3.435
10.5640,0.7786,3.3447
10.5642,0.7984,3.4281
10.5644,0.845,3.6234
10.5646,0.8931,3.8331
10.5648,0.8466,3.6368
10.5650,0.8671,3.7249
10.5652,0.7874,3.3907
10.5654,0.7183,3.0928
10.5656,0.6371,2.7445
10.5658,0.6055,2.6087
10.5660,0.6059,2.6102
10.5662,0.606,2.6144
10.5664,0.509,2.1959
10.5666,0.4828,2.0836
10.5668,0.4838,2.0863
10.5670,0.501,2.1642
10.5672,0.517,2.2326
10.5674,0.478,2.0629
10.5676,0.4571,1.9728
10.5678,0.4913,2.1213
10.5680,0.4765,2.0548
10.5682,0.5145,2.2187
10.5684,0.5003,2.1591
10.5686,0.4981,2.1518
10.5688,0.4404,1.9018
10.5690,0.4594,1.9817
10.5692,0.5083,2.1928
10.5694,0.5094,2.1954
10.5696,0.5453,2.3494
10.5698,0.5295,2.2812
10.5700,0.6274,2.6964
10.5702,0.7063,3.0369
10.5704,0.7498,3.2211
10.5706,0.7721,3.3185
10.5708,0.7384,3.1737
10.5710,0.7834,3.3669
10.5712,0.7874,3.3781
10.5714,0.8884,3.8059
10.5716,0.995,4.2666
10.5718,0.9562,4.1
10.5720,0.9169,3.9337
10.5722,0.899,3.8583
10.5724,0.898,3.8524
10.5726,0.9161,3.9283
10.5728,0.9077,3.8905
10.5730,0.9584,4.104
10.5732,0.9638,4.1406
10.5734,0.8671,3.7249
10.5736,0.8325,3.5799
10.5738,0.8136,3.4935
10.5740,0.8143,3.4983
10.5742,0.8101,3.4835
10.5744,0.7781,3.3411
10.5746,0.8145,3.4944
10.5748,0.8434,3.6251
10.5750,0.793,3.4129
10.5752,0.7546,3.2478
10.5754,0.7365,3.1669
10.5756,0.7334,3.1535
10.5758,0.6915,2.9777
10.5760,0.6998,3.0091
10.5762,0.8082,3.4688
10.5764,0.8948,3.8439
10.5766,0.8331,3.5825
10.5768,0.8072,3.4695
10.5770,0.8217,3.5269
10.5772,0.9175,3.9344
10.5774,0.958,4.1135
10.5776,0.8553,3.6727
10.5778,0.836,3.5932
10.5780,0.7974,3.4304
10.5782,0.7533,3.2361
10.5784,0.8041,3.4545
10.5786,0.7998,3.4375
10.5788,0.8547,3.6701
10.5790,0.8496,3.6497
10.5792,0.803,3.453
10.5794,0.7834,3.3669
10.5796,0.7939,3.4107
10.5798,0.7795,3.3535
10.5800,0.8051,3.4602
10.5802,0.8553,3.6761
10.5804,0.7856,3.3783
10.5806,0.7843,3.3695
10.5808,0.8172,3.5106
10.5810,0.7764,3.3432
10.5812,0.6978,3.0059
10.5814,0.7073,3.0402
10.5816,0.7931,3.4087
10.5818,0.8081,3.4763
10.5820,0.782,3.3644
10.5822,0.6689,2.8801
10.5824,0.5918,2.5516
10.5826,0.6358,2.735
10.5828,0.7143,3.0744
10.5830,0.6844,2.9513
10.5832,0.5961,2.5714
10.5834,0.5907,2.5458
10.5836,0.5794,2.4972
10.5838,0.5531,2.3851
10.5840,0.5695,2.4532
10.5842,0.6093,2.6247
10.5844,0.6565,2.8256
10.5846,0.6768,2.9115
10.5848,0.7003,3.014
10.5850,0.7274,3.1321
10.5852,0.7042,3.031
10.5854,0.6969,2.9995
10.5856,0.703,3.0216
10.5858,0.809,3.4691
10.5860,0.9283,3.9881
10.5862,0.8462,3.6387
10.5864,0.8029,3.4509
10.5866,0.8129,3.4904
10.5868,0.8377,3.6054
10.5870,0.7437,3.2008
10.5872,0.7278,3.1268
10.5874,0.7583,3.2683
10.5876,0.5926,2.5564
10.5878,0.5798,2.5011
10.5880,0.586,2.5256
10.5882,0.5717,2.4641
10.5884,0.5692,2.4544
10.5886,0.5649,2.4347
10.5888,0.6078,2.6185
10.5890,0.6644,2.8543
10.5892,0.7846,3.3752
10.5894,0.7608,3.2731
10.5896,0.6811,2.9368
10.5898,0.5536,2.3861
10.5900,0.5407,2.3335
10.5902,0.541,2.3329
10.5904,0.601,2.5902
10.5906,0.5613,2.4214
10.5908,0.5401,2.331
10.5910,0.5425,2.3413
10.5912,0.5316,2.2931
10.5914,0.5252,2.2657
10.5916,0.5218,2.2512
10.5918,0.525,2.2647
10.5920,0.5296,2.2838
10.5922,0.527,2.2714
10.5924,0.5635,2.4262
10.5926,0.6179,2.6619
10.5928,0.6241,2.6863
10.5930,0.6476,2.7913
10.5932,0.6346,2.735
10.5934,0.6296,2.71
10.5936,0.6601,2.8384
10.5938,0.7107,3.0546
10.5940,0.7533,3.2361
10.5942,0.8187,3.5157
10.5944,0.8605,3.6931
10.5946,0.8581,3.6914
10.5948,0.7683,3.3035
10.5950,0.7617,3.2797
10.5952,0.64,2.7569
10.5954,0.6192,2.67
10.5956,0.6191,2.6646
10.5958,0.6904,2.9703
10.5960,0.7133,3.0731
10.5962,0.6342,2.7309
10.5964,0.6025,2.597
10.5966,0.6495,2.797
10.5968,0.6546,2.8173
10.5970,0.663,2.8561
10.5972,0.6546,2.816
10.5974,0.7126,3.0686
10.5976,0.6733,2.8992
10.5978,0.6715,2.8888
10.5980,0.7518,3.2329
10.5982,0.7124,3.0675
10.5984,0.6119,2.6361
10.5986,0.5965,2.5699
10.5988,0.6257,2.6905
10.5990,0.7064,3.0332
10.5992,0.8143,3.5015
10.5994,0.7223,3.106
10.5996,0.6981,3.0005
10.5998,0.7389,3.1801
10.6000,0.7067,3.0418
10.6002,0.6781,2.9212
10.6004,0.6236,2.6867
10.6006,0.6223,2.6785
10.6008,0.6268,2.6989
10.6010,0.5431,2.3428
10.6012,0.4916,2.1229
10.6014,0.4837,2.0858
10.6016,0.5738,2.4718
10.6018,0.5537,2.39
10.6020,0.4838,2.0882
10.6022,0.4706,2.0313
10.6024,0.5253,2.2599
10.6026,0.7129,3.0625
10.6028,0.7801,3.3499
10.6030,0.8062,3.4616
10.6032,0.8311,3.5737
10.6034,0.7597,3.2654
10.6036,0.7677,3.2948
10.6038,0.7921,3.4014
10.6040,0.8377,3.597
10.6042,0.8389,3.5988
10.6044,0.8643,3.7113
10.6046,0.8662,3.7161
10.6048,0.887,3.8033
10.6050,0.8876,3.813
10.6052,0.8443,3.6186
10.6054,0.9418,4.0345
10.6056,0.9848,4.2249
10.6058,0.9809,4.2079
10.6060,1.0223,4.3736
10.6062,1.1225,4.8042
10.6064,1.1052,4.7303
10.6066,1.1074,4.7395
10.6068,1.0487,4.4948
10.6070,1.0415,4.464
10.6072,1.0028,4.3
10.6074,0.9931,4.2584
10.6076,1.02,4.3715
10.6078,1.0261,4.3936
10.6080,1.0293,4.4095
10.6082,1.0034,4.3126
10.6084,0.8823,3.7921
10.6086,0.8147,3.5014
10.6088,0.8679,3.7233
10.6090,1.0406,4.4557
10.6092,1.0763,4.6109
10.6094,0.9697,4.1659
10.6096,0.8436,3.629
10.6098,0.7614,3.2757
10.6100,0.7799,3.3567
10.6102,0.7906,3.3963
10.6104,0.8516,3.6636
10.6106,0.8359,3.5927
10.6108,0.845,3.6352
10.6110,0.8159,3.5033
10.6112,0.9066,3.8895
10.6114,0.9264,3.9725
10.6116,0.9426,4.0476
10.6118,0.8782,3.7798
10.6120,0.7403,3.1893
10.6122,0.6942,2.9904
10.6124,0.6853,2.9508
10.6126,0.6771,2.9144
10.6128,0.6946,2.9911
10.6130,0.7018,3.0207
10.6132,0.6954,2.9942
10.6134,0.7366,3.1659
10.6136,0.8106,3.4888
10.6138,0.693,2.9908
10.6140,0.6004,2.5889
10.6142,0.5949,2.5627
10.6144,0.6119,2.6373
10.6146,0.6223,2.681
10.6148,0.6907,2.9741
10.6150,0.6678,2.8794
10.6152,0.5896,2.5412
10.6154,0.6201,2.6699
10.6156,0.7208,3.1037
10.6158,0.6888,2.9672
10.6160,0.6452,2.781
10.6162,0.6358,2.7401
10.6164,0.6145,2.6487
10.6166,0.5896,2.5447
10.6168,0.5227,2.258
10.6170,0.5069,2.1886
10.6172,0.516,2.2238
10.6174,0.5896,2.5459
10.6176,0.4941,2.1367
10.6178,0.4372,1.8895
10.6180,0.4411,1.9058
10.6182,0.4769,2.0582
10.6184,0.4752,2.0538
10.6186,0.4571,1.9756
10.6188,0.4933,2.1242
10.6190,0.687,2.9539
10.6192,0.6647,2.8673
10.6194,0.4979,2.1488
10.6196,0.4965,2.1421
10.6198,0.4913,2.1213
10.6200,0.4475,1.9314
10.6202,0.4452,1.9234
10.6204,0.4523,1.9521
10.6206,0.4623,1.9969
10.6208,0.46,1.9871
10.6210,0.4477,1.9333
10.6212,0.4444,1.918
10.6214,0.4371,1.8873
10.6216,0.4834,2.0852
10.6218,0.5328,2.2983
10.6220,0.5326,2.2967
10.6222,0.5316,2.2931
10.6224,0.5547,2.393
10.6226,0.5209,2.2471
10.6228,0.5516,2.3762
10.6230,0.5783,2.4937
10.6232,0.5588,2.4095
10.6234,0.5926,2.5505
10.6236,0.619,2.6653
10.6238,0.6262,2.6963
10.6240,0.6907,2.9699
10.6242,0.7013,3.0172
10.6244,0.699,3.0083
10.6246,0.6964,3.0002
10.6248,0.5934,2.5577
10.6250,0.5374,2.3185
10.6252,0.5509,2.372
10.6254,0.6698,2.8815
10.6256,0.6888,2.9617
10.6258,0.7113,3.0629
10.6260,0.6805,2.9261
10.6262,0.7057,3.0372
10.6264,0.6264,2.6973
10.6266,0.6006,2.5863
10.6268,0.6362,2.7396
10.6270,0.6774,2.914
10.6272,0.6943,2.9826
10.6274,0.7523,3.2364
10.6276,0.7625,3.2772
10.6278,0.7555,3.2474
10.6280,0.6972,3.0019
10.6282,0.6358,2.7427
10.6284,0.545,2.3522
10.6286,0.5289,2.2828
10.6288,0.5176,2.23
10.6290,0.5964,2.5682
10.6292,0.6356,2.7409
10.6294,0.5783,2.4937
10.6296,0.5715,2.462
10.6298,0.5987,2.578
10.6300,0.5963,2.5701
10.6302,0.5824,2.5113
10.6304,0.6268,2.6976
10.6306,0.6772,2.9135
10.6308,0.6412,2.7595
10.6310,0.6469,2.7869
10.6312,0.6111,2.6312
10.6314,0.6414,2.7619
10.6316,0.5787,2.4953
10.6318,0.5292,2.2828
10.6320,0.5067,2.1901
10.6322,0.3988,1.7221
10.6324,0.3963,1.7104
10.6326,0.4096,1.7679
10.6328,0.3932,1.6986
10.6330,0.3902,1.6848
10.6332,0.3893,1.682
10.6334,0.3935,1.7001
10.6336,0.4489,1.9394
10.6338,0.4046,1.747
10.6340,0.3905,1.6864
10.6342,0.3884,1.6763
10.6344,0.3914,1.6908
10.6346,0.3908,1.6874
10.6348,0.3926,1.6952
10.6350,0.3988,1.7221
10.6352,0.4055,1.7495
10.6354,0.5162,2.2238
10.6356,0.6127,2.6335
10.6358,0.6613,2.8423
10.6360,0.7127,3.0662
10.6362,0.689,2.9586
10.6364,0.7558,3.2438
10.6366,0.7874,3.3813
10.6368,0.8117,3.4885
10.6370,0.8293,3.556
10.6372,0.8535,3.6616
10.6374,0.8897,3.8187
10.6376,0.857,3.6748
10.6378,0.8376,3.5948
10.6380,0.8298,3.5614
10.6382,0.8265,3.5442
10.6384,0.857,3.6799
10.6386,0.868,3.7238
10.6388,0.8797,3.7737
10.6390,0.9234,3.9449
10.6392,1.1014,4.7161
10.6394,0.9828,4.2142
10.6396,0.9529,4.0804
10.6398,0.9762,4.1839
10.6400,0.913,3.9222
10.6402,0.8297,3.5609
10.6404,0.8298,3.563
10.6406,0.784,3.3632
10.6408,0.8439,3.6221
10.6410,0.8683,3.7266
10.6412,0.8663,3.7132
10.6414,0.9346,4.0131
10.6416,0.8764,3.7651
10.6418,0.8709,3.7344
10.6420,0.9029,3.8753
10.6422,0.8633,3.7038
10.6424,0.8994,3.8586
10.6426,0.9159,3.9272
10.6428,0.9166,3.9358
10.6430,0.9107,3.9088
10.6432,0.9337,4.0001
10.6434,0.9389,4.0297
10.6436,0.911,3.908
10.6438,0.9401,4.0311
10.6440,0.9764,4.1869
10.6442,0.9231,3.9599
10.6444,0.9163,3.9348
10.6446,0.907,3.8983
10.6448,0.8584,3.6861
10.6450,0.8323,3.5822
10.6452,0.7572,3.2576
10.6454,0.7679,3.2989
10.6456,0.775,3.3293
10.6458,0.8237,3.545
10.6460,0.7524,3.2355
10.6462,0.7579,3.2592
10.6464,0.7565,3.253
10.6466,0.8017,3.4442
10.6468,0.825,3.5441
10.6470,0.7816,3.3608
10.6472,0.7633,3.2824
10.6474,0.7583,3.2607
10.6476,0.7915,3.3988
10.6478,0.8486,3.6473
10.6480,0.8521,3.6605
10.6482,0.8213,3.5265
10.6484,0.8614,3.7007
10.6486,0.8457,3.6332
10.6488,0.7844,3.3778
10.6490,0.6539,2.8195
10.6492,0.6386,2.7513
10.6494,0.6764,2.9153
10.6496,0.6298,2.713
10.6498,0.6171,2.6558
10.6500,0.6234,2.6881
10.6502,0.6191,2.667
10.6504,0.6299,2.7135
10.6506,0.6289,2.7094
10.6508,0.6611,2.8452
10.6510,0.6469,2.7908
10.6512,0.5395,2.3284
10.6514,0.5292,2.2828
10.6516,0.524,2.2564
10.6518,0.6722,2.8878
10.6520,0.7618,3.2757
10.6522,0.739,3.1821
10.6524,0.6394,2.7544
10.6526,0.6115,2.6394
10.6528,0.5402,2.3315
10.6530,0.5263,2.2704
10.6532,0.5283,2.2781
10.6534,0.5313,2.291
10.6536,0.5289,2.2796
10.6538,0.5256,2.2673
10.6540,0.5259,2.2709
10.6542,0.5301,2.2859
10.6544,0.53,2.2875
10.6546,0.5295,2.2854
10.6548,0.5534,2.3884
10.6550,0.566,2.4371
10.6552,0.6138,2.6468
10.6554,0.5427,2.3413
10.6556,0.5298,2.2843
10.6558,0.527,2.2745
10.6560,0.5264,2.2698
10.6562,0.5281,2.2781
10.6564,0.5269,2.273
10.6566,0.5266,2.273
10.6568,0.5229,2.2559
10.6570,0.5242,2.2595
10.6572,0.5334,2.2977
10.6574,0.5365,2.3144
10.6576,0.5281,2.2781
10.6578,0.5238,2.2585
10.6580,0.524,2.2585
10.6582,0.5289,2.2807
10.6584,0.5693,2.4504
10.6586,0.6287,2.7059
10.6588,0.6416,2.7603
10.6590,0.6955,2.9919
10.6592,0.6551,2.8207
10.6594,0.6583,2.8347
10.6596,0.7149,3.0769
10.6598,0.7467,3.2062
10.6600,0.8223,3.5262
10.6602,0.8695,3.7265
10.6604,0.9211,3.9536
10.6606,0.8373,3.6005
10.6608,0.7377,3.172
10.6610,0.7635,3.2814
10.6612,0.7921,3.4045
10.6614,0.7862,3.3777
10.6616,0.7758,3.3329
10.6618,0.8059,3.4638
10.6620,0.7713,3.321
10.6622,0.6509,2.8026
10.6624,0.6323,2.7239
10.6626,0.6696,2.8805
10.6628,0.7653,3.286
10.6630,0.8047,3.4587
10.6632,0.7607,3.271
10.6634,0.7528,3.2355
10.6636,0.7475,3.2113
10.6638,0.7496,3.2246
10.6640,0.7025,3.0252
10.6642,0.6949,2.9894
10.6644,0.6649,2.8657
10.6646,0.6216,2.6779
10.6648,0.6605,2.8479
10.6650,0.6137,2.6401
10.6652,0.6772,2.9122
10.6654,0.6861,2.9503
10.6656,0.678,2.918
10.6658,0.703,3.0272
10.6660,0.681,2.935
10.6662,0.6012,2.5925
10.6664,0.5172,2.2331
10.6666,0.53,2.2854
10.6668,0.5394,2.3246
10.6670,0.5516,2.3795
10.6672,0.4678,2.0217
10.6674,0.4132,1.7867
10.6676,0.3992,1.7252
10.6678,0.3959,1.7105
10.6680,0.3946,1.7048
10.6682,0.4033,1.7429
10.6684,0.4656,2.0068
10.6686,0.5533,2.3823
10.6688,0.6,2.5777
10.6690,0.7494,3.2211
10.6692,0.7486,3.222
10.6694,0.6878,2.9589
10.6696,0.7023,3.0185
10.6698,0.7858,3.3788
10.6700,0.7669,3.2963
10.6702,0.7811,3.354
10.6704,0.7867,3.3766
10.6706,0.7874,3.3844
10.6708,0.7717,3.3154
10.6710,0.835,3.584
10.6712,0.8861,3.8015
10.6714,0.8979,3.8537
10.6716,0.8897,3.8152
10.6718,0.9354,4.0054
10.6720,0.9819,4.2106
10.6722,0.9494,4.0712
10.6724,0.9837,4.2045
10.6726,1.1514,4.9302
10.6728,1.0437,4.4712
10.6730,1.0451,4.4753
10.6732,1.0644,4.5622
10.6734,0.9384,4.0277
10.6736,0.8987,3.8555
10.6738,0.901,3.8653
10.6740,0.9148,3.9244
10.6742,0.937,4.0215
10.6744,0.9373,4.0212
10.6746,0.9317,3.9951
10.6748,0.9299,3.9874
10.6750,0.9258,3.9699
10.6752,0.9424,4.039
10.6754,1.0574,4.5319
10.6756,1.0897,4.6663
10.6758,1.0009,4.2958
10.6760,0.8699,3.7373
10.6762,0.9058,3.8913
10.6764,0.8437,3.6329
10.6766,0.727,3.1261
10.6768,0.7233,3.1102
10.6770,0.8156,3.5039
10.6772,0.8713,3.7429
10.6774,0.8083,3.4806
10.6776,0.7112,3.0638
10.6778,0.702,3.0184
10.6780,0.7564,3.251
10.6782,0.7678,3.3015
10.6784,0.8162,3.513
10.6786,0.7665,3.3004
10.6788,0.6942,2.989
10.6790,0.6967,2.9985
10.6792,0.7709,3.3149
10.6794,0.806,3.4692
10.6796,0.6975,3.0021
10.6798,0.7213,3.1028
10.6800,0.7004,3.0187
10.6802,0.5975,2.5729
10.6804,0.6686,2.8791
10.6806,0.7283,3.1376
10.6808,0.6879,2.9636
10.6810,0.5854,2.5242
10.6812,0.5746,2.4766
10.6814,0.6262,2.6975
10.6816,0.6284,2.7073
10.6818,0.6004,2.5913
10.6820,0.588,2.5344
10.6822,0.5543,2.3903
10.6824,0.5715,2.4677
10.6826,0.4971,2.1447
10.6828,0.5307,2.2863
10.6830,0.5876,2.5324
10.6832,0.6145,2.6499
10.6834,0.6499,2.7998
10.6836,0.7075,3.0421
10.6838,0.7781,3.3489
10.6840,0.6348,2.736
10.6842,0.5963,2.5725
10.6844,0.5311,2.2911
10.6846,0.5402,2.3304
10.6848,0.543,2.3412
10.6850,0.5688,2.454
10.6852,0.5686,2.453
10.6854,0.5551,2.3912
10.6856,0.5892,2.542
10.6858,0.5511,2.3764
10.6860,0.5635,2.4285
10.6862,0.5709,2.4617
10.6864,0.5585,2.4073
10.6866,0.5884,2.5325
10.6868,0.6595,2.8451
10.6870,0.5559,2.3982
10.6872,0.4888,2.1085
10.6874,0.4751,2.0504
10.6876,0.4739,2.0462
10.6878,0.4808,2.0743
10.6880,0.4829,2.0822
10.6882,0.5323,2.2962
10.6884,0.4981,2.1488
10.6886,0.4805,2.0747
10.6888,0.4763,2.0566
10.6890,0.4752,2.051
10.6892,0.4919,2.12
10.6894,0.5042,2.1752
10.6896,0.5215,2.2476
10.6898,0.5625,2.4232
10.6900,0.5173,2.2326
10.6902,0.4583,1.978
10.6904,0.4624,1.9965
10.6906,0.4688,2.0254
10.6908,0.4644,2.0025
10.6910,0.4668,2.0157
10.6912,0.4646,2.0054
10.6914,0.4945,2.1303
10.6916,0.5473,2.3565
10.6918,0.5631,2.4292
10.6920,0.5796,2.5006
10.6922,0.5553,2.3922
10.6924,0.5483,2.3623
10.6926,0.5482,2.3629
10.6928,0.548,2.3607
10.6930,0.6087,2.6172
10.6932,0.6443,2.7704
10.6934,0.6816,2.9348
10.6936,0.6591,2.8369
10.6938,0.6524,2.8067
10.6940,0.6516,2.8031
10.6942,0.754,3.2361
10.6944,0.8378,3.6042
10.6946,0.6181,2.6642
10.6948,0.5727,2.4626
10.6950,0.6906,2.9763
10.6952,0.5726,2.4712
10.6954,0.5085,2.1928
10.6956,0.5232,2.2527
10.6958,0.5704,2.4573
10.6960,0.5927,2.5558
10.6962,0.5805,2.4996
10.6964,0.5777,2.4865
10.6966,0.5886,2.5335
10.6968,0.586,2.5256
10.6970,0.5888,2.5375
10.6972,0.5807,2.5017
10.6974,0.5871,2.528
10.6976,0.5943,2.5577
10.6978,0.6373,2.7468
10.6980,0.5262,2.2678
10.6982,0.5654,2.43
10.6984,0.7002,3.0163
10.6986,0.5679,2.4465
10.6988,0.5212,2.2497
10.6990,0.425,1.8358
10.6992,0.4082,1.7633
10.6994,0.4434,1.9138
10.6996,0.4042,1.7446
10.6998,0.435,1.8767
10.7000,0.4649,2.0055
10.7002,0.4179,1.8061
10.7004,0.3768,1.6276
10.7006,0.3796,1.6393
10.7008,0.3854,1.6649
10.7010,0.3951,1.706
10.7012,0.4061,1.7521
10.7014,0.4288,1.8473
10.7016,0.5286,2.2749
10.7018,0.6118,2.6306
10.7020,0.7175,3.0782
10.7022,0.8048,3.4559
10.7024,0.7948,3.4143
10.7026,0.7756,3.3272
10.7028,0.8034,3.4466
10.7030,0.8473,3.6314
10.7032,0.8599,3.6854
10.7034,0.8598,3.6901
10.7036,0.8355,3.5861
10.7038,0.8753,3.7465
10.7040,1.0185,4.3613
10.7042,1.0044,4.3047
10.7044,0.9872,4.2273
10.7046,0.9728,4.1656
10.7048,0.9667,4.1375
10.7050,1.0118,4.3325
10.7052,0.9908,4.2466
10.7054,0.9925,4.2439
10.7056,1.092,4.6716
10.7058,1.1029,4.7161
10.7060,1.1165,4.7696
10.7062,1.1259,4.8101
10.7064,1.0835,4.6439
10.7066,0.9616,4.1231
10.7068,0.9533,4.0839
10.7070,0.9887,4.2334
10.7072,1.0453,4.4758
10.7074,1.0626,4.5481
10.7076,1.046,4.4747
10.7078,1.043,4.4681
10.7080,1.0052,4.3002
10.7082,1.0746,4.6102
10.7084,0.9879,4.2343
10.7086,0.9891,4.2335
10.7088,1.0288,4.4075
10.7090,1.034,4.4358
10.7092,0.8834,3.795
10.7094,0.8073,3.4684
10.7096,0.8378,3.6042
10.7098,0.7888,3.3933
10.7100,0.8143,3.4966
10.7102,0.8566,3.6784
10.7104,0.8409,3.616
10.7106,0.7484,3.2209
10.7108,0.7591,3.2598
10.7110,0.7925,3.4061
10.7112,0.7745,3.3272
10.7114,0.8073,3.4732
10.7116,0.7844,3.3747
10.7118,0.7645,3.2845
10.7120,0.8021,3.4441
10.7122,0.8256,3.545
10.7124,0.8156,3.5056
10.7126,0.8009,3.4486
10.7128,0.7249,3.1169
10.7130,0.7484,3.2224
10.7132,0.7394,3.1793
10.7134,0.7843,3.3648
10.7136,0.8433,3.6246
10.7138,0.8193,3.5232
10.7140,0.7542,3.2447
10.7142,0.7353,3.1647
10.7144,0.6796,2.9306
10.7146,0.6202,2.6729
10.7148,0.6786,2.9192
10.7150,0.7439,3.1988
10.7152,0.7207,3.1075
10.7154,0.5768,2.4893
10.7156,0.5583,2.4074
10.7158,0.5637,2.4295
10.7160,0.5799,2.4993
10.7162,0.5762,2.4867
10.7164,0.5199,2.245
10.7166,0.4807,2.0748
10.7168,0.4763,2.0547
10.7170,0.5368,2.3159
10.7172,0.5392,2.3252
10.7174,0.5272,2.2745
10.7176,0.5259,2.2699
10.7178,0.5254,2.2689
10.7180,0.5298,2.2864
10.7182,0.5974,2.5676
10.7184,0.7463,3.2092
10.7186,0.7416,3.198
10.7188,0.5678,2.4494
10.7190,0.5364,2.3117
10.7192,0.536,2.3101
10.7194,0.5371,2.318
10.7196,0.5636,2.4324
10.7198,0.5384,2.3216
10.7200,0.5294,2.2828
10.7202,0.5334,2.2966
10.7204,0.5745,2.4783
10.7206,0.529,2.2802
10.7208,0.5575,2.4026
10.7210,0.5431,2.3417
10.7212,0.553,2.3824
10.7214,0.5679,2.4476
10.7216,0.6347,2.7355
10.7218,0.5842,2.5191
10.7220,0.6067,2.609
10.7222,0.725,3.1174
10.7224,0.7462,3.2072
10.7226,0.7296,3.1404
10.7228,0.646,2.7815
10.7230,0.6531,2.8138
10.7232,0.6746,2.9035
10.7234,0.6853,2.9453
10.7236,0.6858,2.9488
10.7238,0.7035,3.0321
10.7240,0.6432,2.7657
10.7242,0.6837,2.9386
10.7244,0.6781,2.9185
10.7246,0.7147,3.0759
10.7248,0.7384,3.1722
10.7250,0.7943,3.4122
10.7252,0.8201,3.5246
10.7254,0.7936,3.4123
10.7256,0.734,3.1502
10.7258,0.8237,3.5368
10.7260,0.8486,3.649
10.7262,0.8499,3.6478
10.7264,0.9005,3.8632
10.7266,0.8974,3.8534
10.7268,0.837,3.5956
10.7270,0.8171,3.5117
10.7272,0.8147,3.4982
10.7274,0.8631,3.7027
10.7276,0.9375,4.0217
10.7278,0.9211,3.9536
10.7280,0.8889,3.8116
10.7282,0.9295,3.984
10.7284,0.9594,4.1216
10.7286,0.8569,3.6846
10.7288,0.7018,3.0221
10.7290,0.7043,3.0357
10.7292,0.6052,2.6108
10.7294,0.579,2.4968
10.7296,0.5853,2.5214
10.7298,0.7093,3.0513
10.7300,0.7106,3.0626
10.7302,0.6156,2.6484
10.7304,0.6522,2.8135
10.7306,0.5382,2.3216
10.7308,0.5113,2.2088
10.7310,0.4234,1.8308
10.7312,0.4148,1.7926
10.7314,0.4228,1.8223
10.7316,0.5695,2.4532
10.7318,0.5073,2.1917
10.7320,0.4193,1.8123
10.7322,0.4081,1.762
10.7324,0.4023,1.7371
10.7326,0.3987,1.7232
10.7328,0.3944,1.7045
10.7330,0.3881,1.6776
10.7332,0.3889,1.6799
10.7334,0.3847,1.6618
10.7336,0.3875,1.675
10.7338,0.3857,1.6672
10.7340,0.3921,1.6931
10.7342,0.3901,1.6851
10.7344,0.3898,1.6848
10.7346,0.4115,1.7762
10.7348,0.4495,1.9402
10.7350,0.4453,1.9185
10.7352,0.5856,2.5241
10.7354,0.6035,2.5963
10.7356,0.6677,2.8696
10.7358,0.6341,2.7278
10.7360,0.6555,2.8202
10.7362,0.6933,2.9799
10.7364,0.7667,3.2968
10.7366,0.716,3.0758
10.7368,0.7473,3.2073
10.7370,0.7978,3.424
10.7372,0.843,3.6129
10.7374,0.9524,4.0841
10.7376,0.9232,3.9605
10.7378,0.8916,3.8234
10.7380,0.8987,3.8573
10.7382,0.9136,3.9175
10.7384,0.9487,4.0605
10.7386,0.9864,4.2276
10.7388,0.9504,4.0753
10.7390,0.9733,4.1696
10.7392,1.0014,4.2959
10.7394,0.9604,4.1161
10.7396,0.9617,4.1237
10.7398,0.9759,4.1809
10.7400,0.9761,4.1854
10.7402,0.8928,3.8303
10.7404,0.8918,3.8257
10.7406,0.9701,4.1577
10.7408,0.9367,4.0205
10.7410,0.8979,3.8537
10.7412,0.9072,3.892
10.7414,0.9078,3.8946
10.7416,0.8962,3.8465
10.7418,0.8511,3.6547
10.7420,0.8753,3.757
10.7422,0.8963,3.8452
10.7424,0.9281,3.9871
10.7426,0.8987,3.8591
10.7428,0.8751,3.7594
10.7430,0.8368,3.5951
10.7432,0.812,3.4917
10.7434,0.8161,3.506
10.7436,0.8418,3.6129
10.7438,0.8763,3.7628
10.7440,0.8502,3.6591
10.7442,0.7564,3.2525
10.7444,0.8006,3.4379
10.7446,0.8293,3.566
10.7448,0.8255,3.5445
10.7450,0.8409,3.6109
10.7452,0.8069,3.4647
10.7454,0.8816,3.7855
10.7456,0.943,4.0453
10.7458,0.9616,4.127
10.7460,0.9333,4.0037
10.7462,0.9201,3.9471
10.7464,0.8878,3.8176
10.7466,0.7221,3.1079
10.7468,0.7306,3.1489
10.7470,0.6702,2.8911
10.7472,0.5976,2.5782
10.7474,0.5546,2.3925
10.7476,0.5795,2.4977
10.7478,0.6216,2.6779
10.7480,0.5693,2.4572
10.7482,0.5529,2.3841
10.7484,0.5804,2.5037
10.7486,0.5212,2.2487
10.7488,0.5461,2.3557
10.7490,0.579,2.498
10.7492,0.5328,2.2994
10.7494,0.5054,2.1804
10.7496,0.494,2.1332
10.7498,0.4848,2.0933
10.7500,0.4876,2.1033
10.7502,0.4969,2.1446
10.7504,0.4941,2.1337
10.7506,0.5153,2.2259
10.7508,0.4859,2.0961
10.7510,0.4949,2.1368
10.7512,0.4269,1.8441
10.7514,0.4361,1.8788
10.7516,0.6172,2.6625
10.7518,0.5182,2.2347
10.7520,0.5668,2.4464
10.7522,0.4777,2.0637
10.7524,0.4456,1.9258
10.7526,0.4409,1.9038
10.7528,0.4403,1.9012
10.7530,0.4421,1.909
10.7532,0.4377,1.8907
10.7534,0.4292,1.8548
10.7536,0.4254,1.8379
10.7538,0.426,1.8396
10.7540,0.4337,1.8728
10.7542,0.4314,1.8629
10.7544,0.4374,1.8897
10.7546,0.4302,1.8569
10.7548,0.4308,1.8612
10.7550,0.432,1.8655
10.7552,0.431,1.8591
10.7554,0.4312,1.8619
10.7556,0.4324,1.8679
10.7558,0.4301,1.8572
10.7560,0.432,1.8638
10.7562,0.4325,1.8685
10.7564,0.4318,1.8654
10.7566,0.4277,1.846
10.7568,0.4292,1.8522
10.7570,0.4433,1.9142
10.7572,0.4366,1.8834
10.7574,0.4312,1.8602
10.7576,0.4281,1.8484
10.7578,0.4284,1.85
10.7580,0.4711,2.0305
10.7582,0.5178,2.2305
10.7584,0.5515,2.3757
10.7586,0.5485,2.3617
10.7588,0.5611,2.417
10.7590,0.5619,2.4229
10.7592,0.5495,2.3685
10.7594,0.5497,2.3669
10.7596,0.5589,2.4066
10.7598,0.6137,2.6426
10.7600,0.6527,2.8065
10.7602,0.699,3.0013
10.7604,0.7177,3.0845
10.7606,0.7276,3.1273
10.7608,0.7567,3.2495
10.7610,0.8402,3.6062
10.7612,0.7608,3.2746
10.7614,0.6192,2.6626
10.7616,0.7089,3.0525
10.7618,0.596,2.5626
10.7620,0.6626,2.8466
10.7622,0.6867,2.9543
10.7624,0.6813,2.9297
10.7626,0.6816,2.9307
10.7628,0.6808,2.929
10.7630,0.69,2.971
10.7632,0.6218,2.6777
10.7634,0.6132,2.6368
10.7636,0.6974,2.9974
10.7638,0.6758,2.9073
10.7640,0.6696,2.8792
10.7642,0.7331,3.1524
10.7644,0.6788,2.9189
10.7646,0.6431,2.7716
10.7648,0.6159,2.6494
10.7650,0.6908,2.9663
10.7652,0.7613,3.269
10.7654,0.7046,3.0325
10.7656,0.6137,2.645
10.7658,0.5227,2.2538
10.7660,0.5132,2.213
10.7662,0.5434,2.3433
10.7664,0.5428,2.3396
10.7666,0.5091,2.1974
10.7668,0.5318,2.292
10.7670,0.5494,2.3647
10.7672,0.5492,2.3692
10.7674,0.4301,1.8564
10.7676,0.3967,1.7136
10.7678,0.397,1.7135
10.7680,0.4031,1.7399
10.7682,0.4624,1.9928
10.7684,0.5473,2.3554
10.7686,0.5878,2.5299
10.7688,0.6039,2.5978
10.7690,0.6159,2.6531
10.7692,0.58,2.4963
10.7694,0.6208,2.6656
10.7696,0.7408,3.184
10.7698,0.7653,3.2891
10.7700,0.7946,3.4058
10.7702,0.8327,3.5704
10.7704,0.8378,3.5925
10.7706,0.88,3.7717
10.7708,0.925,3.9663
10.7710,0.9464,4.0546
10.7712,0.9835,4.2172
10.7714,0.9851,4.218
10.7716,0.9758,4.1765
10.7718,0.9894,4.2306
10.7720,1.052,4.5024
10.7722,1.0601,4.5394
10.7724,0.9955,4.2687
10.7726,0.9674,4.1464
10.7728,0.9871,4.2267
10.7730,0.9462,4.063
10.7732,0.8317,3.5713
10.7734,0.8575,3.6768
10.7736,0.8468,3.6328
10.7738,0.8645,3.7124
10.7740,0.8373,3.5988
10.7742,0.8235,3.5346
10.7744,0.8327,3.5737
10.7746,0.8618,3.6988
10.7748,0.8755,3.7575
10.7750,0.9147,3.9294
10.7752,0.8289,3.5545
10.7754,0.8889,3.8204
10.7756,0.7883,3.388
10.7758,0.7708,3.3159
10.7760,0.7611,3.2695
10.7762,0.7798,3.3483
10.7764,0.8014,3.4442
10.7766,0.7708,3.3113
10.7768,0.7674,3.2953
10.7770,0.805,3.4597
10.7772,0.8515,3.6545
10.7774,0.8762,3.7623
10.7776,0.7793,3.3556
10.7778,0.6826,2.9395
10.7780,0.7123,3.057
10.7782,0.7934,3.4118
10.7784,0.7746,3.3293
10.7786,0.7636,3.2834
10.7788,0.7721,3.32
10.7790,0.8097,3.4803
10.7792,0.7729,3.3252
10.7794,0.7657,3.2896
10.7796,0.81,3.4813
10.7798,0.8066,3.4588
10.7800,0.8944,3.8424
10.7802,0.8175,3.5138
10.7804,0.7238,3.1166
10.7806,0.6924,2.9854
10.7808,0.628,2.704
10.7810,0.6433,2.7675
10.7812,0.672,2.8895
10.7814,0.7307,3.1421
10.7816,0.7243,3.1172
10.7818,0.6443,2.7794
10.7820,0.5979,2.5768
10.7822,0.6,2.5801
10.7824,0.7166,3.0842
10.7826,0.7376,3.173
10.7828,0.7547,3.2453
10.7830,0.7532,3.2355
10.7832,0.7367,3.1694
10.7834,0.6889,2.9677
10.7836,0.7221,3.1093
10.7838,0.6818,2.9359
10.7840,0.6566,2.8248
10.7842,0.68,2.9281
10.7844,0.6582,2.8341
10.7846,0.6294,2.7102
10.7848,0.659,2.8298
10.7850,0.8576,3.6791
10.7852,0.861,3.7004
10.7854,0.7729,3.3283
10.7856,0.6751,2.9069
10.7858,0.6444,2.7786
10.7860,0.6018,2.5915
10.7862,0.6479,2.7858
10.7864,0.6907,2.9727
10.7866,0.6609,2.846
10.7868,0.6578,2.83
10.7870,0.7046,3.0368
10.7872,0.6319,2.7261
10.7874,0.5471,2.3593
10.7876,0.5347,2.3045
10.7878,0.5348,2.305
10.7880,0.5398,2.3224
10.7882,0.6715,2.8901
10.7884,0.6944,2.9915
10.7886,0.6337,2.7301
10.7888,0.5801,2.5026
10.7890,0.5347,2.3066
10.7892,0.5289,2.2828
10.7894,0.5314,2.2926
10.7896,0.5287,2.2786
10.7898,0.5282,2.2765
10.7900,0.5288,2.2812
10.7902,0.5288,2.2812
10.7904,0.5354,2.3076
10.7906,0.6054,2.6033
10.7908,0.6656,2.8675
10.7910,0.5879,2.5363
10.7912,0.5828,2.5082
10.7914,0.6632,2.8505
10.7916,0.7693,3.3035
10.7918,0.8173,3.5177
10.7920,0.6932,2.9849
10.7922,0.6542,2.8158
10.7924,0.6469,2.7869
10.7926,0.6479,2.7884
10.7928,0.706,3.0317
10.7930,0.7866,3.3824
10.7932,0.7798,3.3515
10.7934,0.7371,3.1665
10.7936,0.7473,3.2133
10.7938,0.7626,3.2808
10.7940,0.8002,3.4407
10.7942,0.7081,3.0489
10.7944,0.6218,2.6789
10.7946,0.6162,2.6534
10.7948,0.7016,3.014
10.7950,0.7725,3.3231
10.7952,0.6687,2.8809
10.7954,0.6138,2.6431
10.7956,0.6136,2.6445
10.7958,0.6109,2.6331
10.7960,0.6106,2.6292
10.7962,0.6099,2.6273
10.7964,0.6064,2.6123
10.7966,0.6077,2.618
10.7968,0.58,2.4986
10.7970,0.6528,2.8096
10.7972,0.6504,2.8019
10.7974,0.6204,2.6727
10.7976,0.6214,2.6756
10.7978,0.6589,2.8385
10.7980,0.5659,2.4366
10.7982,0.6382,2.7492
10.7984,0.6295,2.7095
10.7986,0.6084,2.6235
10.7988,0.5487,2.366
10.7990,0.6161,2.6517
10.7992,0.6214,2.6756
10.7994,0.6004,2.5889
10.7996,0.5331,2.2999
10.7998,0.4515,1.9494
10.8000,0.4075,1.7602
10.8002,0.4079,1.7623
10.8004,0.4252,1.8377
10.8006,0.4054,1.7498
10.8008,0.4867,2.1016
10.8010,0.4542,1.9622
10.8012,0.4132,1.7851
10.8014,0.4423,1.9047
10.8016,0.5814,2.506
10.8018,0.5674,2.4433
10.8020,0.5896,2.5376
10.8022,0.6507,2.7982
10.8024,0.7511,3.2268
10.8026,0.749,3.216
10.8028,0.7564,3.251
10.8030,0.7806,3.3519
10.8032,0.8451,3.6256
10.8034,0.8209,3.5249
10.8036,0.8285,3.5524
10.8038,0.88,3.7753
10.8040,0.8888,3.811
10.8042,0.9065,3.8871
10.8044,0.862,3.6964
10.8046,0.912,3.9108
10.8048,0.9719,4.1654
10.8050,0.9896,4.2395
10.8052,0.9906,4.2396
10.8054,1.0903,4.6645
10.8056,1.1206,4.7937
10.8058,1.1027,4.7217
10.8060,1.0668,4.5682
10.8062,1.0457,4.4778
10.8064,1.0632,4.5507
10.8066,1.0799,4.6263
10.8068,1.0596,4.5416
10.8070,1.0522,4.5055
10.8072,1.0186,4.3659
10.8074,0.9964,4.2768
10.8076,0.9647,4.1327
10.8078,0.9895,4.239
10.8080,1.0352,4.4388
10.8082,1.0379,4.4548
10.8084,0.9286,3.9817
10.8086,0.9497,4.0741
10.8088,0.9607,4.1253
10.8090,0.9024,3.8751
10.8092,0.8261,3.5471
10.8094,0.8681,3.733
10.8096,0.835,3.5857
10.8098,0.8316,3.5741
10.8100,0.7753,3.3355
10.8102,0.7798,3.3499
10.8104,0.8156,3.5072
10.8106,0.7546,3.2447
10.8108,0.7771,3.3386
10.8110,0.8257,3.5488
10.8112,0.7618,3.2787
10.8114,0.7915,3.4004
10.8116,0.9187,3.9414
10.8118,0.9276,3.9795
10.8120,0.9059,3.8918
10.8122,0.8305,3.5678
10.8124,0.8036,3.4572
10.8126,0.7912,3.4067
10.8128,0.7238,3.118
10.8130,0.712,3.0674
10.8132,0.7578,3.2602
10.8134,0.7613,3.2751
10.8136,0.7538,3.2457
10.8138,0.698,3.0056
10.8140,0.6474,2.7941
10.8142,0.5389,2.3247
10.8144,0.5175,2.2357
10.8146,0.5175,2.2326
10.8148,0.591,2.5485
10.8150,0.6009,2.5897
10.8152,0.6376,2.7466
10.8154,0.653,2.8159
10.8156,0.5868,2.5281
10.8158,0.5753,2.482
10.8160,0.5421,2.3419
10.8162,0.4934,2.1326
10.8164,0.4951,2.1359
10.8166,0.4993,2.156
10.8168,0.4959,2.1435
10.8170,0.4396,1.8999
10.8172,0.4036,1.7436
10.8174,0.4268,1.8427
10.8176,0.4525,1.955
10.8178,0.4511,1.9487
10.8180,0.4492,1.9405
10.8182,0.4801,2.0712
10.8184,0.5292,2.2828
10.8186,0.4856,2.0979
10.8188,0.4433,1.9142
10.8190,0.4473,1.9304
10.8192,0.4495,1.9393
10.8194,0.4486,1.9361
10.8196,0.4457,1.9245
10.8198,0.4483,1.9377
10.8200,0.4475,1.9314
10.8202,0.4477,1.9333
10.8204,0.4524,1.9526
10.8206,0.4675,2.0169
10.8208,0.4381,1.8919
10.8210,0.4668,2.0119
10.8212,0.5337,2.3014
10.8214,0.5069,2.1856
10.8216,0.5555,2.3955
10.8218,0.4808,2.0753
10.8220,0.4708,2.0309
10.8222,0.5264,2.2667
10.8224,0.5614,2.4186
10.8226,0.5971,2.5737
10.8228,0.591,2.5438
10.8230,0.6454,2.775
10.8232,0.6865,2.9532
10.8234,0.6871,2.9572
10.8236,0.6891,2.9687
10.8238,0.6449,2.7755
10.8240,0.5965,2.5723
10.8242,0.5813,2.5043
10.8244,0.6031,2.5923
10.8246,0.6748,2.9019
10.8248,0.7458,3.2056
10.8250,0.7786,3.3447
10.8252,0.7919,3.4019
10.8254,0.7289,3.1373
10.8256,0.6624,2.8522
10.8258,0.646,2.7789
10.8260,0.7118,3.0564
10.8262,0.7596,3.2618
10.8264,0.8388,3.5983
10.8266,0.8384,3.5934
10.8268,0.9217,3.9488
10.8270,0.9648,4.137
10.8272,0.9251,3.9724
10.8274,0.8341,3.5849
10.8276,0.7384,3.1722
10.8278,0.7203,3.1016
10.8280,0.7051,3.0318
10.8282,0.7503,3.2262
10.8284,0.7045,3.0306
10.8286,0.6559,2.8283
10.8288,0.5506,2.3721
10.8290,0.5858,2.5246
10.8292,0.578,2.4887
10.8294,0.5613,2.4169
10.8296,0.5746,2.4766
10.8298,0.575,2.4781
10.8300,0.5968,2.5734
10.8302,0.5221,2.2502
10.8304,0.5295,2.2822
10.8306,0.5027,2.1695
10.8308,0.4989,2.1504
10.8310,0.5153,2.2197
10.8312,0.5384,2.3194
10.8314,0.5764,2.4843
10.8316,0.5386,2.3247
10.8318,0.5037,2.1711
10.8320,0.5236,2.259
10.8322,0.4957,2.1405
10.8324,0.4326,1.8681
10.8326,0.4298,1.8514
10.8328,0.5035,2.1731
10.8330,0.4245,1.8337
10.8332,0.4146,1.7896
10.8334,0.4076,1.7599
10.8336,0.4067,1.7555
10.8338,0.4099,1.7706
10.8340,0.4052,1.7504
10.8342,0.4077,1.758
10.8344,0.465,2.0079
10.8346,0.4473,1.9277
10.8348,0.5265,2.2693
10.8350,0.5853,2.5225
10.8352,0.5325,2.2941
10.8354,0.5852,2.5186
10.8356,0.5963,2.5678
10.8358,0.5765,2.4837
10.8360,0.5962,2.5637
10.8362,0.6835,2.9336
10.8364,0.7396,3.1803
10.8366,0.7322,3.144
10.8368,0.789,3.3865
10.8370,0.8209,3.5184
10.8372,0.867,3.721
10.8374,0.8113,3.4838
10.8376,0.8379,3.5864
10.8378,0.9738,4.1679
10.8380,0.9776,4.1863
10.8382,1.0528,4.5061
10.8384,1.1001,4.7017
10.8386,1.108,4.7355
10.8388,1.0681,4.5734
10.8390,1.0192,4.3624
10.8392,1.001,4.2964
10.8394,0.8478,3.642
10.8396,0.8128,3.4933
10.8398,0.8292,3.5622
10.8400,0.8141,3.494
10.8402,0.852,3.6601
10.8404,0.7959,3.419
10.8406,0.8117,3.4805
10.8408,0.9021,3.8664
10.8410,0.924,3.966
10.8412,0.9195,3.9483
10.8414,0.8528,3.6603
10.8416,0.8426,3.6182
10.8418,0.8725,3.7412
10.8420,0.8845,3.7979
10.8422,0.8297,3.5593
10.8424,0.9459,4.0521
10.8426,1.0316,4.4194
10.8428,1.057,4.5241
10.8430,1.0468,4.4909
10.8432,0.9219,3.9567
10.8434,0.8684,3.7272
10.8436,0.9038,3.8718
10.8438,0.9287,3.9805
10.8440,0.9736,4.1785
10.8442,0.9064,3.8903
10.8444,0.9278,3.9819
10.8446,0.9562,4.0963
10.8448,0.9856,4.2261
10.8450,0.9285,3.9887
10.8452,0.855,3.6695
10.8454,0.8911,3.8173
10.8456,0.9703,4.1724
10.8458,0.8478,3.642
10.8460,0.8887,3.8124
10.8462,0.93,3.9954
10.8464,0.8366,3.6008
10.8466,0.7533,3.2391
10.8468,0.7673,3.2979
10.8470,0.7871,3.3845
10.8472,0.7851,3.3695
10.8474,0.8438,3.625
10.8476,0.8698,3.7386
10.8478,0.867,3.7227
10.8480,0.8834,3.7933
10.8482,0.871,3.749
10.8484,0.702,3.0212
10.8486,0.7098,3.0548
10.8488,0.7475,3.2189
10.8490,0.7456,3.2076
10.8492,0.7593,3.2679
10.8494,0.6875,2.9616
10.8496,0.6727,2.894
10.8498,0.7524,3.237
10.8500,0.719,3.0931
10.8502,0.7059,3.0411
10.8504,0.6897,2.9727
10.8506,0.6307,2.7197
10.8508,0.6186,2.665
10.8510,0.6997,3.0086
10.8512,0.8027,3.4516
10.8514,0.7985,3.4383
10.8516,0.6517,2.8128
10.8518,0.5235,2.2606
10.8520,0.4808,2.0773
10.8522,0.4762,2.0571
10.8524,0.4824,2.0821
10.8526,0.5063,2.183
10.8528,0.5768,2.4905
10.8530,0.5265,2.2715
10.8532,0.5175,2.2327
10.8534,0.5161,2.2265
10.8536,0.5175,2.2347
10.8538,0.5192,2.2399
10.8540,0.5179,2.2353
10.8542,0.5168,2.2306
10.8544,0.5926,2.5494
10.8546,0.6788,2.923
10.8548,0.5998,2.5887
10.8550,0.5144,2.2202
10.8552,0.5009,2.1618
10.8554,0.5067,2.1871
10.8556,0.5099,2.2016
10.8558,0.5097,2.2001
10.8560,0.5048,2.1788
10.8562,0.5048,2.1778
10.8564,0.5088,2.1929
10.8566,0.5205,2.2456
10.8568,0.5079,2.1913
10.8570,0.5058,2.181
10.8572,0.5061,2.1835
10.8574,0.5649,2.4359
10.8576,0.6119,2.6361
10.8578,0.6121,2.6371
10.8580,0.6081,2.6196
10.8582,0.6056,2.6087
10.8584,0.6135,2.6404
10.8586,0.6107,2.6285
10.8588,0.6265,2.6941
10.8590,0.7152,3.0737
10.8592,0.8185,3.518
10.8594,0.8178,3.5133
10.8596,0.7937,3.4129
10.8598,0.7369,3.17
10.8600,0.7661,3.2928
10.8602,0.7124,3.069
10.8604,0.6078,2.6173
10.8606,0.6189,2.6661
10.8608,0.6166,2.6575
10.8610,0.6732,2.892
10.8612,0.7702,3.3087
10.8614,0.7517,3.2369
10.8616,0.6328,2.7247
10.8618,0.6739,2.8964
10.8620,0.7556,3.2489
10.8622,0.7475,3.2129
10.8624,0.7541,3.2412
10.8626,0.7864,3.3751
10.8628,0.8385,3.6057
10.8630,0.751,3.2278
10.8632,0.7637,3.2886
10.8634,0.6847,2.9428
10.8636,0.7052,3.0324
10.8638,0.7396,3.1833
10.8640,0.7132,3.0669
10.8642,0.7727,3.3211
10.8644,0.8048,3.4544
10.8646,0.8748,3.7545
10.8648,0.8258,3.5428
10.8650,0.8345,3.5815
10.8652,0.8177,3.5177
10.8654,0.7105,3.0593
10.8656,0.6382,2.7531
10.8658,0.6032,2.5984
10.8660,0.6126,2.6392
10.8662,0.609,2.6213
10.8664,0.6492,2.7955
10.8666,0.6542,2.8171
10.8668,0.6305,2.7187
10.8670,0.4892,2.1135
10.8672,0.4298,1.8566
10.8674,0.4608,1.988
10.8676,0.5823,2.5085
10.8678,0.6461,2.7807
10.8680,0.6485,2.7911
10.8682,0.6322,2.7272
10.8684,0.5438,2.3438
10.8686,0.6086,2.6229
10.8688,0.5873,2.5302
10.8690,0.58,2.4999
10.8692,0.6365,2.7369
10.8694,0.7504,3.2268
10.8696,0.7288,3.1325
10.8698,0.7678,3.3
10.8700,0.8035,3.4487
10.8702,0.834,3.5828
10.8704,0.7376,3.1745
10.8706,0.6975,3.0008
10.8708,0.8012,3.4374
10.8710,0.9161,3.9302
10.8712,0.9382,4.0248
10.8714,0.923,3.9577
10.8716,0.9406,4.0332
10.8718,0.8846,3.7967
10.8720,0.9232,3.9642
10.8722,0.8646,3.7124
10.8724,0.868,3.7239
10.8726,0.8749,3.7567
10.8728,0.8881,3.8098
10.8730,0.9224,3.9532
10.8732,0.9557,4.0942
10.8734,0.9877,4.2373
10.8736,0.9792,4.2047
10.8738,0.9785,4.1996
10.8740,0.8995,3.8605
10.8742,0.8365,3.5919
10.8744,0.8706,3.7347
10.8746,0.9389,4.0204
10.8748,0.9763,4.1884
10.8750,0.8955,3.8524
10.8752,0.7205,3.1027
10.8754,0.6825,2.9376
10.8756,0.7161,3.0836
10.8758,0.7084,3.0477
10.8760,0.6907,2.9714
10.8762,0.7039,3.0267
10.8764,0.7209,3.1014
10.8766,0.7164,3.0875
10.8768,0.6792,2.9232
10.8770,0.6987,3.0073
10.8772,0.7114,3.062
10.8774,0.6958,2.9977
10.8776,0.6524,2.8094
10.8778,0.6774,2.9141
10.8780,0.6936,2.9824
10.8782,0.7524,3.237
10.8784,0.7469,3.2178
10.8786,0.7113,3.0572
10.8788,0.7906,3.4058
10.8790,0.6553,2.8179
10.8792,0.7701,3.3082
10.8794,0.8168,3.5091
10.8796,0.7628,3.2783
10.8798,0.7158,3.082
10.8800,0.6415,2.7663
10.8802,0.5919,2.5534
10.8804,0.5648,2.4376
10.8806,0.5072,2.1872
10.8808,0.5951,2.5638
10.8810,0.6794,2.9242
10.8812,0.7203,3.1017
10.8814,0.6538,2.8151
10.8816,0.6262,2.7001
10.8818,0.6355,2.7391
10.8820,0.6276,2.7063
10.8822,0.5888,2.5364
10.8824,0.6062,2.6101
10.8826,0.6769,2.9215
10.8828,0.5818,2.5076
10.8830,0.6336,2.7296
10.8832,0.6479,2.7898
10.8834,0.6088,2.6251
10.8836,0.6126,2.6368
10.8838,0.7116,3.064
10.8840,0.6643,2.8619
10.8842,0.5738,2.473
10.8844,0.6589,2.8412
10.8846,0.5553,2.3945
10.8848,0.5356,2.3108
10.8850,0.5679,2.4545
10.8852,0.4611,1.9918
10.8854,0.4286,1.8514
10.8856,0.429,1.8543
10.8858,0.4276,1.8473
10.8860,0.4286,1.8497
10.8862,0.4288,1.8516
10.8864,0.436,1.8826
10.8866,0.4456,1.9258
10.8868,0.4311,1.8631
10.8870,0.4318,1.8645
10.8872,0.4314,1.8638
10.8874,0.4337,1.8728
10.8876,0.4342,1.8757
10.8878,0.4302,1.8578
10.8880,0.431,1.86
10.8882,0.4312,1.8628
10.8884,0.4354,1.8809
10.8886,0.4334,1.8721
10.8888,0.4314,1.8621
10.8890,0.43,1.8559
10.8892,0.4287,1.8519
10.8894,0.4307,1.8607
10.8896,0.4322,1.8652
10.8898,0.4293,1.8536
10.8900,0.4289,1.853
10.8902,0.4286,1.8505
10.8904,0.4305,1.858
10.8906,0.4618,1.993
10.8908,0.5143,2.2177
10.8910,0.5791,2.4922
10.8912,0.624,2.6833
10.8914,0.6032,2.596
10.8916,0.5879,2.5316
10.8918,0.6183,2.661
10.8920,0.5683,2.4492
10.8922,0.555,2.3929
10.8924,0.5579,2.4048
10.8926,0.5591,2.4077
10.8928,0.5912,2.5444
10.8930,0.6439,2.7689
10.8932,0.7174,3.0807
10.8934,0.7526,3.2315
10.8936,0.7318,3.141
10.8938,0.8324,3.5778
10.8940,0.7083,3.0486
10.8942,0.6324,2.7244
10.8944,0.5406,2.3287
10.8946,0.527,2.2704
10.8948,0.5283,2.275
10.8950,0.5286,2.2781
10.8952,0.5196,2.2404
10.8954,0.5065,2.183
10.8956,0.4994,2.1526
10.8958,0.4944,2.1318
10.8960,0.5267,2.2709
10.8962,0.5481,2.3613
10.8964,0.5873,2.5267
10.8966,0.5862,2.5232
10.8968,0.578,2.4899
10.8970,0.5637,2.4284
10.8972,0.584,2.5157
10.8974,0.5545,2.3898
10.8976,0.5638,2.4244
10.8978,0.6514,2.7982
10.8980,0.6741,2.9015
10.8982,0.6335,2.7291
10.8984,0.6083,2.6133
10.8986,0.6996,3.0039
10.8988,0.705,3.0327
10.8990,0.6709,2.8849
10.8992,0.692,2.9756
10.8994,0.7128,3.0677
10.8996,0.6562,2.8241
10.8998,0.6016,2.5905
10.9000,0.6434,2.7681
10.9002,0.6337,2.7263
10.9004,0.6285,2.7049
10.9006,0.6888,2.9603
10.9008,0.7312,3.1413
10.9010,0.7461,3.2067
10.9012,0.7557,3.2449
10.9014,0.7734,3.3211
10.9016,0.8367,3.588
10.9018,0.8612,3.6946
10.9020,0.8319,3.5724
10.9022,0.8945,3.8358
10.9024,0.9138,3.9149
10.9026,0.9388,4.0236
10.9028,0.9098,3.8938
10.9030,1.0002,4.2788
10.9032,1.0491,4.4923
10.9034,1.0244,4.3865
10.9036,1.028,4.3937
10.9038,1.1281,4.8149
10.9040,1.1905,5.0881
10.9042,1.1979,5.1127
10.9044,1.2213,5.2198
10.9046,1.1607,4.9633
10.9048,1.1435,4.8918
10.9050,1.1513,4.9251
10.9052,1.1038,4.7198
10.9054,1.094,4.6821
10.9056,1.0889,4.6584
10.9058,1.1074,4.744
10.9060,1.0741,4.5969
10.9062,1.0943,4.6793
10.9064,1.1023,4.7247
10.9066,1.0296,4.4168
10.9068,1.041,4.4574
10.9070,1.0847,4.6426
10.9072,1.0498,4.4954
10.9074,1.0365,4.4384
10.9076,1.061,4.5474
10.9078,0.9803,4.2074
10.9080,0.9557,4.1057
10.9082,0.9001,3.8576
10.9084,0.9698,4.1568
10.9086,1.0094,4.3284
10.9088,1.0179,4.3588
10.9090,1.0324,4.4271
10.9092,0.9691,4.1614
10.9094,0.9254,3.9772
10.9096,0.9126,3.9171
10.9098,0.9164,3.9349
10.9100,0.9041,3.8824
10.9102,0.9107,3.9125
10.9104,0.901,3.869
10.9106,0.8969,3.8479
10.9108,0.9186,3.9428
10.9110,0.921,3.9605
10.9112,0.8689,3.7379
10.9114,0.8491,3.6494
10.9116,0.8465,3.6347
10.9118,0.8955,3.8489
10.9120,0.8821,3.7841
10.9122,0.9698,4.1606
10.9124,0.9437,4.056
10.9126,0.8602,3.7042
10.9128,0.7652,3.2978
10.9130,0.7405,3.1869
10.9132,0.7836,3.3711
10.9134,0.7962,3.4174
10.9136,0.8677,3.7293
10.9138,0.8761,3.7706
10.9140,0.7739,3.3263
10.9142,0.8555,3.6784
10.9144,0.7823,3.3686
10.9146,0.7057,3.0415
10.9148,0.702,3.0255
10.9150,0.6924,2.9813
10.9152,0.731,3.1418
10.9154,0.7648,3.2917
10.9156,0.7426,3.2007
10.9158,0.7294,3.1394
10.9160,0.7069,3.0452
10.9162,0.7429,3.1972
10.9164,0.7713,3.3149
10.9166,0.8341,3.5867
10.9168,0.7998,3.4424
10.9170,0.7564,3.2571
10.9172,0.7592,3.2629
10.9174,0.8558,3.6766
10.9176,0.8786,3.7832
10.9178,0.7902,3.4011
10.9180,0.7289,3.1388
10.9182,0.7514,3.2324
10.9184,0.7642,3.2891
10.9186,0.7322,3.1498
10.9188,0.7435,3.1968
10.9190,0.7475,3.2159
10.9192,0.7448,3.207
10.9194,0.7155,3.0853
10.9196,0.6616,2.846
10.9198,0.7346,3.1616
10.9200,0.7002,3.0149
10.9202,0.7039,3.0309
10.9204,0.7129,3.0696
10.9206,0.7179,3.0913
10.9208,0.8122,3.4874
10.9210,0.9383,4.0253
10.9212,0.9697,4.1718
10.9214,0.7385,3.186
10.9216,0.654,2.8187
10.9218,0.6387,2.7513
10.9220,0.6347,2.7343
10.9222,0.669,2.882
10.9224,0.7348,3.1656
10.9226,0.7214,3.1049
10.9228,0.7316,3.1487
10.9230,0.7369,3.1714
10.9232,0.7492,3.2231
10.9234,0.793,3.4098
10.9236,0.7752,3.335
10.9238,0.7587,3.2684
10.9240,0.7202,3.0983
10.9242,0.7948,3.4207
10.9244,0.7509,3.2318
10.9246,0.7304,3.145
10.9248,0.7149,3.0784
10.9250,0.7345,3.1611
10.9252,0.7437,3.1949
10.9254,0.7959,3.4269
10.9256,0.7427,3.1997
10.9258,0.7108,3.058
10.9260,0.7858,3.3789
10.9262,0.8134,3.4958
10.9264,0.8207,3.5289
10.9266,0.8089,3.4768
10.9268,0.8237,3.5434
10.9270,0.8712,3.7355
10.9272,0.9641,4.1437
10.9274,0.8948,3.8476
10.9276,0.8477,3.6466
10.9278,0.7176,3.0898
10.9280,0.6494,2.7991
10.9282,0.6472,2.7893
10.9284,0.6487,2.796
10.9286,0.6497,2.8014
10.9288,0.6433,2.7727
10.9290,0.6442,2.7764
10.9292,0.6418,2.7673
10.9294,0.6366,2.7412
10.9296,0.6908,2.9746
10.9298,0.642,2.7709
10.9300,0.581,2.5075
10.9302,0.5733,2.4732
10.9304,0.5714,2.4649
10.9306,0.5547,2.3908
10.9308,0.7105,3.0551
10.9310,0.8141,3.5022
10.9312,0.7835,3.3753
10.9314,0.6575,2.835
10.9316,0.597,2.5709
10.9318,0.6293,2.7148
10.9320,0.6082,2.6225
10.9322,0.6379,2.7469
10.9324,0.698,3.0084
10.9326,0.6156,2.6546
10.9328,0.5885,2.5389
10.9330,0.5534,2.3873
10.9332,0.5009,2.1658
10.9334,0.4212,1.8223
10.9336,0.4355,1.8797
10.9338,0.533,2.2994
10.9340,0.5908,2.5476
10.9342,0.6232,2.6872
10.9344,0.5464,2.3595
10.9346,0.5082,2.1933
10.9348,0.53,2.2865
10.9350,0.5743,2.475
10.9352,0.6259,2.699
10.9354,0.5968,2.5746
10.9356,0.5974,2.5712
10.9358,0.7541,3.2427
10.9360,0.751,3.2263
10.9362,0.8174,3.5101
10.9364,0.8653,3.719
10.9366,0.773,3.3283
10.9368,0.699,3.0056
10.9370,0.7716,3.3149
10.9372,0.874,3.7531
10.9374,0.9134,3.9183
10.9376,0.9376,4.0241
10.9378,0.9009,3.8648
10.9380,0.8931,3.8368
10.9382,0.8273,3.5573
10.9384,0.8119,3.4864
10.9386,0.9038,3.8826
10.9388,0.8245,3.5454
10.9390,0.8427,3.6154
10.9392,0.9499,4.0714
10.9394,0.9848,4.223
10.9396,0.9291,3.9932
10.9398,0.8299,3.5719
10.9400,0.7783,3.3469
10.9402,0.8161,3.5077
10.9404,0.84,3.6069
10.9406,0.8787,3.775
10.9408,0.852,3.6601
10.9410,0.8279,3.5549
10.9412,0.8531,3.6664
10.9414,0.8216,3.5347
10.9416,0.8768,3.7632
10.9418,0.9457,4.0572
10.9420,0.9685,4.1569
10.9422,0.9522,4.0812
10.9424,0.9881,4.2388
10.9426,0.9533,4.0897
10.9428,0.9732,4.177
10.9430,0.9623,4.1282
10.9432,0.9598,4.1213
10.9434,0.9306,3.9961
10.9436,0.9032,3.88
10.9438,0.8339,3.5856
10.9440,0.7908,3.3958
10.9442,0.849,3.6472
10.9444,0.9102,3.905
10.9446,0.9552,4.0979
10.9448,1.0065,4.3181
10.9450,0.9847,4.2323
10.9452,0.9228,3.9608
10.9454,0.9847,4.2225
10.9456,0.9541,4.1009
10.9458,0.859,3.6991
10.9460,0.7072,3.044
10.9462,0.7653,3.2876
10.9464,0.8843,3.8045
10.9466,0.8274,3.5611
10.9468,0.752,3.2395
10.9470,0.7173,3.0916
10.9472,0.6897,2.9714
10.9474,0.7023,3.0228
10.9476,0.6613,2.8529
10.9478,0.6006,2.5924
10.9480,0.5486,2.371
10.9482,0.4997,2.1576
10.9484,0.492,2.1244
10.9486,0.5154,2.2254
10.9488,0.5822,2.5115
10.9490,0.5692,2.4579
10.9492,0.5546,2.3914
10.9494,0.5595,2.4171
10.9496,0.4859,2.1
10.9498,0.4806,2.0772
10.9500,0.4847,2.0929
10.9502,0.4963,2.1421
10.9504,0.4534,1.9613
10.9506,0.4046,1.7478
10.9508,0.4702,2.0302
10.9510,0.4356,1.8846
10.9512,0.4359,1.8839
10.9514,0.4642,2.0043
10.9516,0.4489,1.9395
10.9518,0.4462,1.9293
10.9520,0.4461,1.9279
10.9522,0.4484,1.9369
10.9524,0.4438,1.9181
10.9526,0.4457,1.9264
10.9528,0.4524,1.9536
10.9530,0.4985,2.1494
10.9532,0.5538,2.3889
10.9534,0.6162,2.6572
10.9536,0.5836,2.5177
10.9538,0.5541,2.3882
10.9540,0.5642,2.4316
10.9542,0.5651,2.4358
10.9544,0.5679,2.4488
10.9546,0.5777,2.4923
10.9548,0.5774,2.4908
10.9550,0.5693,2.4527
10.9552,0.572,2.4641
10.9554,0.6102,2.6264
10.9556,0.6717,2.8899
10.9558,0.7165,3.0808
10.9560,0.7357,3.1619
10.9562,0.7583,3.2669
10.9564,0.6565,2.827
10.9566,0.599,2.5803
10.9568,0.597,2.5756
10.9570,0.5762,2.4822
10.9572,0.6354,2.7335
10.9574,0.666,2.8651
10.9576,0.6273,2.7035
10.9578,0.5578,2.4054
10.9580,0.5526,2.3848
10.9582,0.5562,2.3981
10.9584,0.5571,2.4011
10.9586,0.5727,2.4683
10.9588,0.6292,2.708
10.9590,0.653,2.8055
10.9592,0.7509,3.2243
10.9594,0.8283,3.5636
10.9596,0.7457,3.2022
10.9598,0.7839,3.3722
10.9600,0.7281,3.1308
10.9602,0.7283,3.1304
10.9604,0.7503,3.2307
10.9606,0.6763,2.9122
10.9608,0.6484,2.7906
10.9610,0.6404,2.7578
10.9612,0.6532,2.8125
10.9614,0.6982,3.0053
10.9616,0.7259,3.1216
10.9618,0.7511,3.2283
10.9620,0.7683,3.3036
10.9622,0.7694,3.3036
10.9624,0.8015,3.4416
10.9626,0.7935,3.4103
10.9628,0.7805,3.3562
10.9630,0.7593,3.2649
10.9632,0.7396,3.1789
10.9634,0.6876,2.9621
10.9636,0.6322,2.7221
10.9638,0.6436,2.7699
10.9640,0.7351,3.1608
10.9642,0.7881,3.3871
10.9644,0.8234,3.5441
10.9646,0.7631,3.2814
10.9648,0.7793,3.3448
10.9650,0.8189,3.5244
10.9652,0.7524,3.24
10.9654,0.6777,2.917
10.9656,0.6848,2.9502
10.9658,0.7114,3.0606
10.9660,0.7409,3.1831
10.9662,0.8102,3.4776
10.9664,0.8823,3.7816
10.9666,0.9772,4.1979
10.9668,0.9061,3.8888
10.9670,0.9854,4.2137
10.9672,1.0565,4.522
10.9674,0.9724,4.1656
10.9676,0.9575,4.1115
10.9678,0.9033,3.8806
10.9680,0.8833,3.7981
10.9682,0.7921,3.4078
10.9684,0.8009,3.4406
10.9686,0.8513,3.6536
10.9688,0.8402,3.6146
10.9690,0.8215,3.5243
10.9692,0.9551,4.0974
10.9694,0.9775,4.1916
10.9696,0.945,4.056
10.9698,0.9368,4.0262
10.9700,0.8352,3.588
10.9702,0.8132,3.4888
10.9704,0.9459,4.0521
10.9706,1.0311,4.4173
10.9708,1.0941,4.6826
10.9710,1.135,4.8599
10.9712,1.1193,4.7927
10.9714,1.1395,4.8772
10.9716,1.1488,4.9144
10.9718,1.1302,4.8303
10.9720,1.2064,5.1587
10.9722,1.2314,5.2777
10.9724,1.1062,4.7389
10.9726,1.054,4.5197
10.9728,0.9907,4.2561
10.9730,0.928,3.983
10.9732,0.9324,4.0095
10.9734,0.8818,3.7848
10.9736,0.966,4.1422
10.9738,1.0412,4.4709
10.9740,1.0322,4.424
10.9742,1.0875,4.6631
10.9744,1.0298,4.4096
10.9746,1.117,4.7851
10.9748,1.0866,4.6573
10.9750,1.1083,4.7415
10.9752,1.2284,5.2501
10.9754,1.2691,5.437
10.9756,1.0695,4.5945
10.9758,0.9901,4.2555
10.9760,0.9844,4.2229
10.9762,1.0092,4.3294
10.9764,0.9582,4.1146
10.9766,0.9661,4.1505
10.9768,0.9246,3.9778
10.9770,0.8389,3.6123
10.9772,0.7967,3.4274
10.9774,0.8375,3.6028
10.9776,0.8706,3.7434
10.9778,0.905,3.8878
10.9780,0.918,3.9402
10.9782,0.9252,3.9767
10.9784,0.9081,3.9066
10.9786,0.866,3.7255
10.9788,0.8552,3.6723
10.9790,0.893,3.8488
10.9792,0.7613,3.2767
10.9794,0.8433,3.6314
10.9796,0.7118,3.0707
10.9798,0.7,3.0186
10.9800,0.6643,2.8658
10.9802,0.6336,2.7347
10.9804,0.6264,2.7024
10.9806,0.6234,2.6869
10.9808,0.7414,3.1925
10.9810,0.7586,3.2679
10.9812,0.6966,3.0022
10.9814,0.6777,2.9197
10.9816,0.7353,3.1706
10.9818,0.6686,2.8845
10.9820,0.6632,2.8572
10.9822,0.7611,3.2742
10.9824,0.7795,3.3567
10.9826,0.771,3.3154
10.9828,0.755,3.2509
10.9830,0.6986,3.011
10.9832,0.7126,3.0715
10.9834,0.7532,3.2386
10.9836,0.8678,3.7315
10.9838,0.8664,3.7202
10.9840,0.9633,4.1304
10.9842,0.9956,4.2772
10.9844,0.9209,3.96
10.9846,0.8679,3.7321
10.9848,0.8313,3.5765
10.9850,0.8287,3.5701
10.9852,0.7539,3.2477
10.9854,0.7202,3.1011
10.9856,0.7152,3.0795
10.9858,0.711,3.0614
10.9860,0.7987,3.4345
10.9862,0.843,3.6282
10.9864,0.8361,3.6004
10.9866,0.7626,3.287
10.9868,0.7057,3.0401
10.9870,0.7022,3.0265
10.9872,0.7072,3.044
10.9874,0.8409,3.611
10.9876,0.8605,3.707
10.9878,0.7164,3.0889
10.9880,0.6993,3.0127
10.9882,0.7408,3.1914
10.9884,0.7101,3.0606
10.9886,0.6919,2.9834
10.9888,0.6875,2.9616
10.9890,0.6877,2.9612
10.9892,0.6925,2.9819
10.9894,0.693,2.9853
10.9896,0.6909,2.9793
10.9898,0.6857,2.9565
10.9900,0.6873,2.9597
10.9902,0.7293,3.1404
10.9904,0.7947,3.4218
10.9906,0.81,3.483
10.9908,0.8142,3.5011
10.9910,0.8009,3.4454
10.9912,0.8141,3.5054
10.9914,0.8084,3.4795
10.9916,0.802,3.4517
10.9918,0.8024,3.4505
10.9920,0.8118,3.4924
10.9922,0.8721,3.7431
10.9924,0.9613,4.1241
10.9926,1.0226,4.3849
10.9928,1.0511,4.5157
10.9930,0.9918,4.2548
10.9932,1.0104,4.3446
10.9934,0.8758,3.7643
10.9936,0.8744,3.7564
10.9938,0.8636,3.7152
10.9940,0.876,3.7561
10.9942,0.9989,4.2831
10.9944,0.9829,4.2285
10.9946,0.8508,3.6617
10.9948,0.8176,3.5171
10.9950,0.8219,3.5341
10.9952,0.8648,3.7187
10.9954,0.8691,3.7372
10.9956,0.7947,3.425
10.9958,0.6762,2.917
10.9960,0.6568,2.8306
10.9962,0.6834,2.9495
10.9964,0.5798,2.5023
10.9966,0.5601,2.423
10.9968,0.4499,1.9472
10.9970,0.4238,1.8332
10.9972,0.4229,1.8287
10.9974,0.4813,2.0813
10.9976,0.5467,2.3638
10.9978,0.4557,1.9721
10.9980,0.4229,1.8304
10.9982,0.4596,1.9828
10.9984,0.5179,2.2373
10.9986,0.4743,2.0497
10.9988,0.4643,2.0086
10.9990,0.444,1.9209
10.9992,0.4525,1.955
10.9994,0.4732,2.0441
10.9996,0.5035,2.1731
10.9998,0.592,2.5551
11.0000,0.5751,2.4821
11.0002,0.5914,2.549
11.0004,0.6408,2.7632
11.0006,0.6245,2.6941
11.0008,0.5385,2.3243
11.0010,0.5346,2.3072
11.0012,0.547,2.361
11.0014,0.5799,2.4993
11.0016,0.675,2.9092
11.0018,0.6735,2.8976
11.0020,0.7171,3.0891
11.0022,0.6876,2.9621
11.0024,0.6798,2.9271
11.0026,0.7144,3.0749
11.0028,0.7546,3.2433
11.0030,0.8292,3.5605
11.0032,0.9423,4.0442
11.0034,0.9844,4.2249
11.0036,0.9439,4.0514
11.0038,0.9191,3.9412
11.0040,0.9366,4.0163
11.0042,0.9993,4.2892
11.0044,0.9791,4.2003
11.0046,1.0341,4.4302
11.0048,1.0582,4.5334
11.0050,1.1218,4.7967
11.0052,1.2111,5.1787
11.0054,1.2233,5.231
11.0056,1.2283,5.2496
11.0058,1.237,5.2944
11.0060,1.2561,5.366
11.0062,1.323,5.6544
11.0064,1.1846,5.0914
11.0066,0.8863,3.8074
11.0068,0.9351,4.0077
11.0070,1.0978,4.7029
11.0072,1.0912,4.6769
11.0074,1.1249,4.8258
11.0076,1.1242,4.8115
11.0078,1.1944,5.1122
11.0080,1.144,4.9007
11.0082,1.0966,4.711
11.0084,0.9491,4.0792
11.0086,0.9045,3.8911
11.0088,0.9011,3.8785
11.0090,0.8888,3.8182
11.0092,0.8954,3.8448
11.0094,0.9137,3.9309
11.0096,0.8939,3.8368
11.0098,0.9427,4.0444
11.0100,0.9728,4.1735
11.0102,0.9984,4.2891
11.0104,0.9607,4.1254
11.0106,0.985,4.2333
11.0108,0.8987,3.8646
11.0110,0.8547,3.6753
11.0112,0.8876,3.8166
11.0114,0.8796,3.7803
11.0116,0.8666,3.7299
11.0118,0.8238,3.5456
11.0120,0.8848,3.8048
11.0122,0.9126,3.9299
11.0124,0.7926,3.4146
11.0126,0.7957,3.4264
11.0128,0.7914,3.4158
11.0130,0.5891,2.5427
11.0132,0.6108,2.6376
11.0134,0.6369,2.7499
11.0136,0.6505,2.805
11.0138,0.7023,3.0256
11.0140,0.6705,2.8914
11.0142,0.6695,2.8921
11.0144,0.5608,2.4194
11.0146,0.608,2.6227
11.0148,0.606,2.6181
11.0150,0.5557,2.4005
11.0152,0.5505,2.3782
11.0154,0.5353,2.3135
11.0156,0.5494,2.3703
11.0158,0.5621,2.4262
11.0160,0.5657,2.4395
11.0162,0.5883,2.5449
11.0164,0.548,2.3663
11.0166,0.5011,2.1658
11.0168,0.4798,2.0716
11.0170,0.5938,2.564
11.0172,0.5751,2.4833
11.0174,0.5656,2.4401
11.0176,0.529,2.2866
11.0178,0.4798,2.0736
11.0180,0.4835,2.0877
11.0182,0.4837,2.0887
11.0184,0.4921,2.1269
11.0186,0.4885,2.1124
11.0188,0.4866,2.1031
11.0190,0.4848,2.0943
11.0192,0.487,2.1027
11.0194,0.5267,2.2762
11.0196,0.4812,2.0778
11.0198,0.4758,2.0536
11.0200,0.4994,2.1565
11.0202,0.5043,2.1788
11.0204,0.4997,2.1586
11.0206,0.4723,2.0395
11.0208,0.4685,2.0248
11.0210,0.4678,2.0217
11.0212,0.4897,2.1126
11.0214,0.5204,2.243
11.0216,0.5922,2.5514
11.0218,0.5975,2.5765
11.0220,0.6029,2.5986
11.0222,0.6265,2.6991
11.0224,0.6428,2.7694
11.0226,0.6522,2.8058
11.0228,0.7752,3.3288
11.0230,0.8586,3.6867
11.0232,0.7805,3.3577
11.0234,0.7046,3.0354
11.0236,0.697,3.0015
11.0238,0.7168,3.0838
11.0240,0.7382,3.1786
11.0242,0.7851,3.3711
11.0244,0.904,3.8836
11.0246,0.8891,3.8162
11.0248,0.821,3.5321
11.0250,0.8195,3.5238
11.0252,0.824,3.5417
11.0254,0.7799,3.3536
11.0256,0.7845,3.3732
11.0258,0.7775,3.3433
11.0260,0.7436,3.2003
11.0262,0.7683,3.299
11.0264,0.8535,3.6719
11.0266,0.7232,3.1184
11.0268,0.634,2.7312
11.0270,0.6244,2.6898
11.0272,0.7136,3.0727
11.0274,0.6619,2.8555
11.0276,0.5751,2.4798
11.0278,0.5991,2.5808
11.0280,0.6508,2.8061
11.0282,0.6003,2.5884
11.0284,0.6493,2.7986
11.0286,0.6127,2.6385
11.0288,0.5944,2.5666
11.0290,0.5542,2.391
11.0292,0.5825,2.5095
11.0294,0.6305,2.72
11.0296,0.5657,2.4395
11.0298,0.5988,2.5834
11.0300,0.6508,2.8022
11.0302,0.698,3.0098
11.0304,0.5837,2.5182
11.0306,0.5438,2.3503
11.0308,0.4431,1.9132
11.0310,0.4379,1.8927
11.0312,0.4323,1.8692
11.0314,0.4282,1.8498
11.0316,0.4224,1.8258
11.0318,0.4218,1.8232
11.0320,0.4259,1.8409
11.0322,0.4296,1.8569
11.0324,0.4238,1.8298
11.0326,0.4264,1.8412
11.0328,0.4745,2.0441
11.0330,0.5253,2.2663
11.0332,0.5637,2.4284
11.0334,0.637,2.7466
11.0336,0.5556,2.3966
11.0338,0.5394,2.3268
11.0340,0.5478,2.3619
11.0342,0.5491,2.3665
11.0344,0.5438,2.3449
11.0346,0.5837,2.5112
11.0348,0.7074,3.0402
11.0350,0.777,3.3397
11.0352,0.801,3.4459
11.0354,0.7564,3.2525
11.0356,0.7524,3.231
11.0358,0.8341,3.5833
11.0360,0.8685,3.7277
11.0362,0.9025,3.8661
11.0364,0.9396,4.031
11.0366,0.8763,3.7646
11.0368,0.8822,3.7864
11.0370,0.9342,4.006
11.0372,0.9583,4.1017
11.0374,1.0453,4.4717
11.0376,1.06,4.539
11.0378,1.0648,4.5595
11.0380,1.07,4.5859
11.0382,1.0257,4.3983
11.0384,1.0413,4.461
11.0386,1.0767,4.6061
11.0388,1.114,4.7767
11.0390,0.998,4.2795
11.0392,0.987,4.2263
11.0394,1.0517,4.4994
11.0396,1.0616,4.5542
11.0398,1.0159,4.3602
11.0400,0.9826,4.2152
11.0402,0.9444,4.0497
11.0404,0.9535,4.0869
11.0406,1.0328,4.4307
11.0408,0.9242,3.9683
11.0410,0.912,3.9182
11.0412,0.8926,3.8311
11.0414,0.9407,4.0413
11.0416,0.8857,3.8031
11.0418,0.9408,4.0305
11.0420,0.9993,4.2852
11.0422,1.0194,4.3711
11.0424,0.9987,4.2826
11.0426,1.0288,4.4117
11.0428,1.0383,4.4523
11.0430,1.0676,4.5735
11.0432,1.0745,4.6011
11.0434,1.0286,4.4168
11.0436,0.9333,4.0075
11.0438,0.9533,4.0916
11.0440,0.9461,4.055
11.0442,0.996,4.2808
11.0444,0.954,4.1004
11.0446,0.9101,3.9063
11.0448,0.9742,4.1753
11.0450,1.0621,4.5477
11.0452,1.1291,4.8393
11.0454,1.0431,4.4854
11.0456,0.8496,3.6549
11.0458,0.8267,3.5563
11.0460,0.8442,3.6333
11.0462,0.8323,3.5773
11.0464,0.796,3.4259
11.0466,0.7375,3.1755
11.0468,0.7375,3.177
11.0470,0.7203,3.1002
11.0472,0.7184,3.0963
11.0474,0.7116,3.0682
11.0476,0.7161,3.085
11.0478,0.771,3.317
11.0480,0.7558,3.2575
11.0482,0.6608,2.8495
11.0484,0.6365,2.7458
11.0486,0.6138,2.6468
11.0488,0.599,2.5827
11.0490,0.6156,2.657
11.0492,0.6211,2.6796
11.0494,0.6532,2.8151
11.0496,0.64,2.7621
11.0498,0.5909,2.5481
11.0500,0.6522,2.8123
11.0502,0.6185,2.6658
11.0504,0.6602,2.8443
11.0506,0.7082,3.0509
11.0508,0.7752,3.3381
11.0510,0.728,3.1405
11.0512,0.5777,2.4923
11.0514,0.5544,2.3937
11.0516,0.5491,2.3698
11.0518,0.5496,2.3719
11.0520,0.5529,2.3853
11.0522,0.5532,2.3896
11.0524,0.5509,2.3787
11.0526,0.5491,2.3698
11.0528,0.5526,2.3859
11.0530,0.5557,2.3983
11.0532,0.5542,2.3898
11.0534,0.5516,2.3785
11.0536,0.5518,2.3806
11.0538,0.6153,2.6481
11.0540,0.7689,3.3108
11.0542,0.7135,3.0765
11.0544,0.587,2.531
11.0546,0.5687,2.4535
11.0548,0.5649,2.4381
11.0550,0.5702,2.4563
11.0552,0.6087,2.6246
11.0554,0.569,2.4523
11.0556,0.5704,2.4597
11.0558,0.7521,3.237
11.0560,0.7084,3.0505
11.0562,0.6876,2.9593
11.0564,0.7102,3.054
11.0566,0.7094,3.0547
11.0568,0.6938,2.9862
11.0570,0.7712,3.3175
11.0572,0.8501,3.6467
11.0574,0.9316,3.9984
11.0576,0.8743,3.7576
11.0578,0.8492,3.6499
11.0580,0.7482,3.222
11.0582,0.6722,2.8959
11.0584,0.6722,2.8959
11.0586,0.6755,2.9099
11.0588,0.6734,2.9025
11.0590,0.6746,2.8995
11.0592,0.8022,3.4479
11.0594,0.8023,3.4484
11.0596,0.8008,3.4449
11.0598,0.7158,3.082
11.0600,0.6869,2.959
11.0602,0.7017,3.0174
11.0604,0.8183,3.517
11.0606,0.7806,3.3598
11.0608,0.6926,2.9838
11.0610,0.6472,2.7828
11.0612,0.7584,3.2613
11.0614,0.8323,3.5773
11.0616,0.7301,3.1455
11.0618,0.6565,2.8283
11.0620,0.6845,2.9473
11.0622,0.698,3.0028
11.0624,0.7183,3.0914
11.0626,0.6974,3.0072
11.0628,0.6508,2.8009
11.0630,0.7062,3.0337
11.0632,0.7205,3.1041
11.0634,0.6304,2.7169
11.0636,0.6853,2.9468
11.0638,0.8007,3.4428
11.0640,0.7611,3.2757
11.0642,0.7131,3.0735
11.0644,0.6611,2.8479
11.0646,0.6246,2.6921
11.0648,0.6647,2.8621
11.0650,0.702,3.0212
11.0652,0.6911,2.9757
11.0654,0.6612,2.8524
11.0656,0.591,2.5545
11.0658,0.4527,1.9528
11.0660,0.4674,2.0183
11.0662,0.5245,2.2616
11.0664,0.5916,2.55
11.0666,0.5799,2.504
11.0668,0.5186,2.2384
11.0670,0.5741,2.478
11.0672,0.5168,2.2306
11.0674,0.4994,2.1575
11.0676,0.4982,2.1524
11.0678,0.5058,2.1799
11.0680,0.5305,2.2864
11.0682,0.5885,2.5377
11.0684,0.5968,2.5722
11.0686,0.572,2.4641
11.0688,0.6118,2.6319
11.0690,0.7132,3.0669
11.0692,0.7611,3.2726
11.0694,0.7683,3.302
11.0696,0.7893,3.3875
11.0698,0.8461,3.6298
11.0700,0.8748,3.758
11.0702,0.8553,3.6728
11.0704,0.9213,3.9505
11.0706,0.9769,4.1851
11.0708,1.0005,4.2883
11.0710,0.9752,4.1838
11.0712,0.9755,4.1848
11.0714,0.9573,4.1124
11.0716,0.9296,3.9859
11.0718,0.9793,4.1993
11.0720,0.9528,4.0876
11.0722,0.9634,4.1348
11.0724,0.9754,4.1804
11.0726,0.9806,4.2089
11.0728,0.9261,3.9766
11.0730,0.9108,3.9075
11.0732,0.9117,3.9184
11.0734,0.861,3.7022
11.0736,0.8341,3.5833
11.0738,0.8486,3.6473
11.0740,0.8492,3.6431
11.0742,0.8372,3.6034
11.0744,0.7385,3.1831
11.0746,0.6601,2.8398
11.0748,0.7466,3.2147
11.0750,0.7377,3.1765
11.0752,0.708,3.0485
11.0754,0.7494,3.2196
11.0756,0.8501,3.6535
11.0758,0.8299,3.5703
11.0760,0.7984,3.4362
11.0762,0.7372,3.1715
11.0764,0.7667,3.2984
11.0766,0.7951,3.4223
11.0768,0.7225,3.1109
11.0770,0.6761,2.9098
11.0772,0.6873,2.9583
11.0774,0.7463,3.2092
11.0776,0.8002,3.4391
11.0778,0.8473,3.6434
11.0780,0.8021,3.4586
11.0782,0.5861,2.5286
11.0784,0.5759,2.4846
11.0786,0.6342,2.7322
11.0788,0.6656,2.8649
11.0790,0.6232,2.6884
11.0792,0.6033,2.6013
11.0794,0.6223,2.6835
11.0796,0.5874,2.5331
11.0798,0.5588,2.4151
11.0800,0.5025,2.167
11.0802,0.6044,2.6048
11.0804,0.5737,2.4725
11.0806,0.5624,2.4261
11.0808,0.556,2.3954
11.0810,0.6121,2.6384
11.0812,0.5783,2.4949
11.0814,0.588,2.5368
11.0816,0.6139,2.6437
11.0818,0.6409,2.7611
11.0820,0.5897,2.5429
11.0822,0.5551,2.3924
11.0824,0.5781,2.4951
11.0826,0.5216,2.2523
11.0828,0.5175,2.2337
11.0830,0.5442,2.3464
11.0832,0.5635,2.4263
11.0834,0.6408,2.7593
11.0836,0.7226,3.1086
11.0838,0.7273,3.1258
11.0840,0.7733,3.3299
11.0842,0.6408,2.7644
11.0844,0.5672,2.448
11.0846,0.6082,2.6262
11.0848,0.5368,2.3159
11.0850,0.5777,2.4889
11.0852,0.5767,2.4865
11.0854,0.6006,2.5887
11.0856,0.5871,2.5292
11.0858,0.5261,2.2715
11.0860,0.4734,2.0442
11.0862,0.4732,2.0441
11.0864,0.6034,2.6006
11.0866,0.5581,2.4086
11.0868,0.4763,2.0576
11.0870,0.468,2.019
11.0872,0.4681,2.0214
11.0874,0.4659,2.0134
11.0876,0.4711,2.0315
11.0878,0.5249,2.2653
11.0880,0.4671,2.0158
11.0882,0.5383,2.32
11.0884,0.5481,2.3624
11.0886,0.5544,2.3904
11.0888,0.5492,2.3681
11.0890,0.5565,2.4008
11.0892,0.5558,2.3955
11.0894,0.5577,2.4037
11.0896,0.5554,2.395
11.0898,0.5518,2.3806
11.0900,0.5656,2.4356
11.0902,0.6588,2.8328
11.0904,0.7771,3.3402
11.0906,0.743,3.1933
11.0908,0.7666,3.2948
11.0910,0.7552,3.2549
11.0912,0.5849,2.5222
11.0914,0.5365,2.3123
11.0916,0.532,2.2931
11.0918,0.5451,2.3462
11.0920,0.5987,2.5793
11.0922,0.6298,2.7106
11.0924,0.6582,2.8329
11.0926,0.6512,2.8055
11.0928,0.6215,2.6762
11.0930,0.689,2.9628
11.0932,0.6506,2.8056
11.0934,0.5681,2.4476
11.0936,0.5864,2.5226
11.0938,0.6379,2.7482
11.0940,0.6099,2.6298
11.0942,0.5294,2.2828
11.0944,0.538,2.3222
11.0946,0.5268,2.2704
11.0948,0.5642,2.4316
11.0950,0.521,2.2477
11.0952,0.5214,2.2471
11.0954,0.5214,2.2471
11.0956,0.5342,2.3024
11.0958,0.5354,2.3076
11.0960,0.5259,2.2689
11.0962,0.5331,2.2956
11.0964,0.6309,2.7152
11.0966,0.5873,2.5373
11.0968,0.4196,1.8117
11.0970,0.4023,1.7371
11.0972,0.4083,1.763
11.0974,0.4095,1.769
11.0976,0.4059,1.7543
11.0978,0.4018,1.7327
11.0980,0.4462,1.9284
11.0982,0.3982,1.7187
11.0984,0.3958,1.7092
11.0986,0.4154,1.7903
11.0988,0.5006,2.1567
11.0990,0.5512,2.378
11.0992,0.5071,2.1846
11.0994,0.4958,2.138
11.0996,0.489,2.1105
11.0998,0.4819,2.079
11.1000,0.4788,2.0646
11.1002,0.5022,2.1644
11.1004,0.543,2.3369
11.1006,0.6068,2.6078
11.1008,0.6463,2.7792
11.1010,0.6992,3.0038
11.1012,0.7661,3.2928
11.1014,0.7557,3.2479
11.1016,0.7518,3.2269
11.1018,0.8375,3.5927
11.1020,0.8782,3.7641
11.1022,0.8559,3.6719
11.1024,0.8238,3.5357
11.1026,0.8764,3.7564
11.1028,0.8786,3.7692
11.1030,0.8513,3.6519
11.1032,0.8345,3.5832
11.1034,0.8341,3.5783
11.1036,0.8577,3.6779
11.1038,0.9308,3.9818
11.1040,1.055,4.5132
11.1042,1.1196,4.7852
11.1044,1.1121,4.7596
11.1046,1.1076,4.734
11.1048,1.1377,4.8581
11.1050,1.1858,5.0729
11.1052,1.0711,4.5927
11.1054,0.9136,3.9176
11.1056,0.9296,3.9915
11.1058,0.8812,3.7787
11.1060,0.8834,3.7897
11.1062,0.9272,3.9719
11.1064,0.9682,4.1534
11.1066,0.9345,4.0033
11.1068,0.9785,4.1899
11.1070,1.0357,4.4368
11.1072,1.0483,4.4887
11.1074,1.0298,4.4055
11.1076,1.0498,4.4912
11.1078,1.079,4.6201
11.1080,0.9887,4.2434
11.1082,0.9204,3.9487
11.1084,0.8802,3.7759
11.1086,0.8668,3.724
11.1088,0.8612,3.6997
11.1090,0.8522,3.6577
11.1092,0.8571,3.6771
11.1094,0.9285,3.9795
11.1096,0.9529,4.0919
11.1098,0.8325,3.5766
11.1100,0.8239,3.5445
11.1102,0.8095,3.4826
11.1104,0.8208,3.5278
11.1106,0.767,3.2994
11.1108,0.7057,3.0387
11.1110,0.6607,2.8464
11.1112,0.6806,2.9267
11.1114,0.7297,3.1448
11.1116,0.6003,2.5908
11.1118,0.5788,2.497
11.1120,0.5904,2.5436
11.1122,0.6512,2.8029
11.1124,0.6699,2.8808
11.1126,0.7048,3.0308
11.1128,0.737,3.169
11.1130,0.7514,3.2369
11.1132,0.6387,2.7539
11.1134,0.5727,2.4683
11.1136,0.6155,2.6528
11.1138,0.6279,2.7061
11.1140,0.5848,2.5205
11.1142,0.5708,2.4589
11.1144,0.5683,2.4481
11.1146,0.5822,2.5103
11.1148,0.6077,2.6168
11.1150,0.6249,2.6944
11.1152,0.5123,2.212
11.1154,0.4884,2.1099
11.1156,0.4882,2.1089
11.1158,0.4904,2.1148
11.1160,0.5251,2.2568
11.1162,0.7893,3.3907
11.1164,0.7866,3.3872
11.1166,0.6077,2.6217
11.1168,0.5443,2.3491
11.1170,0.5391,2.3258
11.1172,0.5349,2.3077
11.1174,0.533,2.2983
11.1176,0.5318,2.2921
11.1178,0.5247,2.2637
11.1180,0.5216,2.2503
11.1182,0.5304,2.288
11.1184,0.5461,2.3569
11.1186,0.5157,2.2239
11.1188,0.5394,2.3257
11.1190,0.5439,2.3465
11.1192,0.5587,2.4056
11.1194,0.653,2.8068
11.1196,0.7046,3.0298
11.1198,0.7108,3.0637
11.1200,0.633,2.727
11.1202,0.6304,2.7131
11.1204,0.6247,2.6914
11.1206,0.6469,2.7857
11.1208,0.6558,2.8212
11.1210,0.6909,2.9696
11.1212,0.7345,3.1596
11.1214,0.7407,3.188
11.1216,0.6773,2.9176
11.1218,0.6547,2.8179
11.1220,0.6475,2.7895
11.1222,0.6324,2.7244
11.1224,0.6391,2.7521
11.1226,0.6852,2.9408
11.1228,0.8106,3.4759
11.1230,0.8859,3.8076
11.1232,0.8208,3.5294
11.1234,0.7707,3.3108
11.1236,0.8054,3.457
11.1238,0.8431,3.622
11.1240,0.8069,3.4664
11.1242,0.7786,3.3479
11.1244,0.7135,3.0665
11.1246,0.7728,3.3185
11.1248,0.8278,3.5511
11.1250,0.8822,3.7864
11.1252,0.8833,3.791
11.1254,0.8773,3.7705
11.1256,0.8028,3.4489
11.1258,0.8081,3.4651
11.1260,0.8418,3.6163
11.1262,0.7695,3.3134
11.1264,0.6944,2.9943
11.1266,0.6187,2.6668
11.1268,0.6039,2.5979
11.1270,0.677,2.918
11.1272,0.6082,2.6213
11.1274,0.5967,2.5717
11.1276,0.6223,2.6773
11.1278,0.6092,2.6267
11.1280,0.6108,2.6327
11.1282,0.6425,2.7691
11.1284,0.6476,2.7888
11.1286,0.6285,2.7061
11.1288,0.6098,2.6268
11.1290,0.6002,2.5867
11.1292,0.6613,2.841
11.1294,0.7574,3.2582
11.1296,0.6382,2.7518
11.1298,0.506,2.184
11.1300,0.4796,2.0711
11.1302,0.476,2.0556
11.1304,0.4737,2.0443
11.1306,0.4938,2.1283
11.1308,0.562,2.4235
11.1310,0.5442,2.3464
11.1312,0.5163,2.2296
11.1314,0.4427,1.9125
11.1316,0.489,2.1095
11.1318,0.5366,2.3106
11.1320,0.5602,2.4179
11.1322,0.4961,2.1411
11.1324,0.4884,2.104
11.1326,0.553,2.3847
11.1328,0.5099,2.1996
11.1330,0.4888,2.1095
11.1332,0.4909,2.1188
11.1334,0.4862,2.0967
11.1336,0.5108,2.2027
11.1338,0.5492,2.3659
11.1340,0.6092,2.6242
11.1342,0.595,2.5597
11.1344,0.6455,2.7795
11.1346,0.6708,2.8817
11.1348,0.7667,3.2892
11.1350,0.8383,3.5997
11.1352,0.7863,3.3809
11.1354,0.7726,3.3175
11.1356,0.8411,3.6082
11.1358,0.8254,3.5424
11.1360,0.8516,3.6551
11.1362,0.8008,3.4401
11.1364,0.8201,3.5165
11.1366,0.9496,4.0699
11.1368,0.996,4.2668
11.1370,1.0134,4.3413
11.1372,0.9945,4.2587
11.1374,1.0192,4.3644
11.1376,0.9845,4.2136
11.1378,0.9805,4.2084
11.1380,0.9091,3.8962
11.1382,1.0157,4.3531
11.1384,0.9695,4.1572
11.1386,0.9505,4.0816
11.1388,0.8668,3.7222
11.1390,0.8243,3.5411
11.1392,0.8465,3.633
11.1394,0.9262,3.9771
11.1396,0.8381,3.602
11.1398,0.8156,3.5073
11.1400,0.8256,3.5467
11.1402,0.8249,3.542
11.1404,0.817,3.5097
11.1406,0.8269,3.5524
11.1408,0.8316,3.5758
11.1410,0.8065,3.4697
11.1412,0.8498,3.6474
11.1414,0.8774,3.7675
11.1416,0.8776,3.7721
11.1418,0.8473,3.6451
11.1420,0.801,3.4411
11.1422,0.7955,3.419
11.1424,0.7845,3.3748
11.1426,0.8098,3.4804
11.1428,0.8578,3.687
11.1430,0.8021,3.4458
11.1432,0.7727,3.3257
11.1434,0.7454,3.2036
11.1436,0.799,3.4308
11.1438,0.8093,3.4783
11.1440,0.7679,3.3036
11.1442,0.6877,2.9708
11.1444,0.5247,2.2637
11.1446,0.5829,2.5111
11.1448,0.6017,2.5934
11.1450,0.6247,2.6889
11.1452,0.675,2.9092
11.1454,0.584,2.5122
11.1456,0.6746,2.9063
11.1458,0.6145,2.6499
11.1460,0.6083,2.623
11.1462,0.5818,2.5088
11.1464,0.553,2.3858
11.1466,0.5111,2.2068
11.1468,0.5222,2.2518
11.1470,0.5798,2.4977
11.1472,0.5952,2.5643
11.1474,0.6491,2.7949
11.1476,0.6889,2.9678
11.1478,0.6372,2.7464
11.1480,0.5818,2.5111
11.1482,0.5106,2.2027
11.1484,0.5269,2.2751
11.1486,0.4842,2.0898
11.1488,0.4837,2.0839
11.1490,0.5469,2.3572
11.1492,0.5902,2.5426
11.1494,0.6402,2.7606
11.1496,0.5494,2.3703
11.1498,0.5239,2.2601
11.1500,0.5533,2.3868
11.1502,0.5359,2.3107
11.1504,0.5849,2.5199
11.1506,0.553,2.3869
11.1508,0.4818,2.0804
11.1510,0.4569,1.9718
11.1512,0.4543,1.9628
11.1514,0.4513,1.9498
11.1516,0.4518,1.951
11.1518,0.4534,1.9568
11.1520,0.4537,1.9584
11.1522,0.4522,1.9498
11.1524,0.4817,2.0761
11.1526,0.5286,2.2813
11.1528,0.4614,1.9933
11.1530,0.4492,1.9387
11.1532,0.4455,1.9218
11.1534,0.4473,1.9304
11.1536,0.4511,1.9479
11.1538,0.4486,1.9379
11.1540,0.4481,1.9331
11.1542,0.4783,2.0616
11.1544,0.5342,2.3014
11.1546,0.5539,2.3883
11.1548,0.5593,2.4127
11.1550,0.5533,2.3813
11.1552,0.6081,2.6159
11.1554,0.6464,2.7836
11.1556,0.6151,2.6501
11.1558,0.5672,2.4434
11.1560,0.5579,2.4025
11.1562,0.5663,2.4409
11.1564,0.6078,2.6149
11.1566,0.7441,3.1979
11.1568,0.7424,3.1907
11.1570,0.7275,3.1268
11.1572,0.7291,3.135
11.1574,0.7064,3.0389
11.1576,0.5975,2.5741
11.1578,0.5565,2.3997
11.1580,0.5457,2.352
11.1582,0.6088,2.619
11.1584,0.6253,2.6927
11.1586,0.6538,2.8125
11.1588,0.6781,2.9145
11.1590,0.6625,2.8488
11.1592,0.6449,2.7743
11.1594,0.6165,2.6582
11.1596,0.5462,2.3552
11.1598,0.5491,2.3654
11.1600,0.6005,2.5846
11.1602,0.6172,2.6564
11.1604,0.6074,2.6177
11.1606,0.5777,2.4877
11.1608,0.5975,2.5693
11.1610,0.6745,2.899
11.1612,0.6575,2.8337
11.1614,0.6207,2.6726
11.1616,0.6755,2.9031
11.1618,0.7388,3.1738
11.1620,0.669,2.882
11.1622,0.6024,2.5929
11.1624,0.6322,2.7184
11.1626,0.657,2.829
11.1628,0.643,2.7686
11.1630,0.6517,2.8024
11.1632,0.72,3.0943
11.1634,0.6881,2.96
11.1636,0.6444,2.7748
11.1638,0.5913,2.5449
11.1640,0.6077,2.6168
11.1642,0.604,2.602
11.1644,0.6024,2.5977
11.1646,0.5912,2.5467
11.1648,0.575,2.4747
11.1650,0.6225,2.6816
11.1652,0.5987,2.5733
11.1654,0.6577,2.8334
11.1656,0.6331,2.7237
11.1658,0.6933,2.9799
11.1660,0.639,2.7541
11.1662,0.4986,2.1509
11.1664,0.489,2.1095
11.1666,0.4906,2.1153
11.1668,0.5046,2.1728
11.1670,0.557,2.3973
11.1672,0.6312,2.7142
11.1674,0.6287,2.7059
11.1676,0.5964,2.5695
11.1678,0.5985,2.5759
11.1680,0.675,2.8997
11.1682,0.7352,3.1598
11.1684,0.7413,3.1876
11.1686,0.724,3.109
11.1688,0.7846,3.3659
11.1690,0.826,3.545
11.1692,0.8786,3.7674
11.1694,0.9401,4.0274
11.1696,0.9526,4.077
11.1698,0.9856,4.2241
11.1700,0.976,4.183
11.1702,0.9419,4.037
11.1704,0.9093,3.899
11.1706,0.8762,3.7659
11.1708,0.8782,3.7659
11.1710,0.9549,4.0925
11.1712,0.9522,4.0831
11.1714,0.9102,3.9068
11.1716,0.9197,3.9438
11.1718,0.9615,4.1208
11.1720,0.9255,3.9666
11.1722,0.8967,3.8504
11.1724,0.89,3.8216
11.1726,0.9037,3.8767
11.1728,0.934,4.005
11.1730,0.8963,3.8471
11.1732,0.8341,3.58
11.1734,0.8474,3.6371
11.1736,0.8245,3.5471
11.1738,0.7472,3.2143
11.1740,0.7813,3.3535
11.1742,0.8244,3.5432
11.1744,0.7779,3.3464
11.1746,0.7736,3.3216
11.1748,0.8493,3.6436
11.1750,0.9405,4.0308
11.1752,0.9053,3.8875
11.1754,0.869,3.735
11.1756,0.8491,3.6494
11.1758,0.8339,3.5823
11.1760,0.7775,3.3386
11.1762,0.8383,3.6013
11.1764,0.8455,3.6306
11.1766,0.8781,3.7689
11.1768,0.8938,3.8399
11.1770,0.7767,3.3412
11.1772,0.7625,3.2804
11.1774,0.7533,3.2421
11.1776,0.711,3.0557
11.1778,0.736,3.1678
11.1780,0.684,2.9425
11.1782,0.703,3.0259
11.1784,0.6478,2.7906
11.1786,0.5879,2.5363
11.1788,0.5684,2.4531
11.1790,0.5756,2.4761
11.1792,0.6835,2.9404
11.1794,0.6725,2.897
11.1796,0.6102,2.6301
11.1798,0.5792,2.4951
11.1800,0.6535,2.8154
11.1802,0.6629,2.8557
11.1804,0.6613,2.8489
11.1806,0.6882,2.9619
11.1808,0.6917,2.9769
11.1810,0.6893,2.9665
11.1812,0.6813,2.9338
11.1814,0.6855,2.9464
11.1816,0.7439,3.1959
11.1818,0.7307,3.1495
11.1820,0.6618,2.8457
11.1822,0.7915,3.4004
11.1824,0.8364,3.5898
11.1826,0.8751,3.7595
11.1828,0.8546,3.6731
11.1830,0.8167,3.507
11.1832,0.8342,3.5838
11.1834,0.7568,3.2601
11.1836,0.651,2.8058
11.1838,0.6518,2.8016
11.1840,0.7093,3.0542
11.1842,0.6553,2.8205
11.1844,0.6457,2.7844
11.1846,0.5625,2.4233
11.1848,0.5615,2.4203
11.1850,0.5581,2.4053
11.1852,0.6165,2.6557
11.1854,0.645,2.7774
11.1856,0.7436,3.2003
11.1858,0.7038,3.0248
11.1860,0.7352,3.1642
11.1862,0.6253,2.694
11.1864,0.5768,2.4871
11.1866,0.5707,2.4618
11.1868,0.5752,2.4826
11.1870,0.5617,2.4208
11.1872,0.5821,2.5063
11.1874,0.6968,2.9977
11.1876,0.7347,3.1592
11.1878,0.7511,3.2298
11.1880,0.7309,3.1427
11.1882,0.718,3.0918
11.1884,0.7111,3.0605
11.1886,0.7135,3.0708
11.1888,0.7158,3.0792
11.1890,0.7099,3.0539
11.1892,0.727,3.1262
11.1894,0.7584,3.2568
11.1896,0.8222,3.534
11.1898,0.8177,3.5127
11.1900,0.8619,3.7011
11.1902,0.7888,3.3965
11.1904,0.6828,2.94
11.1906,0.6734,2.8984
11.1908,0.6731,2.8955
11.1910,0.6759,2.9093
11.1912,0.678,2.9194
11.1914,0.6707,2.8879
11.1916,0.7197,3.0948
11.1918,0.7929,3.4093
11.1920,0.7936,3.4124
11.1922,0.7173,3.0902
11.1924,0.6877,2.9557
11.1926,0.7963,3.4195
11.1928,0.7991,3.4361
11.1930,0.7328,3.1539
11.1932,0.7365,3.1728
11.1934,0.7086,3.0525
11.1936,0.6653,2.862
11.1938,0.7161,3.0807
11.1940,0.707,3.0472
11.1942,0.6431,2.7704
11.1944,0.6355,2.7328
11.1946,0.7346,3.1587
11.1948,0.7816,3.3702
11.1950,0.5473,2.3653
11.1952,0.4028,1.7392
11.1954,0.4597,1.9842
11.1956,0.5002,2.1577
11.1958,0.5786,2.4913
11.1960,0.6249,2.6906
11.1962,0.5882,2.5362
11.1964,0.4867,2.1026
11.1966,0.4794,2.0701
11.1968,0.469,2.0241
11.1970,0.51,2.2001
11.1972,0.529,2.2813
11.1974,0.5264,2.2657
11.1976,0.613,2.6371
11.1978,0.7024,3.0233
11.1980,0.648,2.7916
11.1982,0.6464,2.7836
11.1984,0.6524,2.8133
11.1986,0.5643,2.4322
11.1988,0.5781,2.4916
11.1990,0.59,2.5428
11.1992,0.5709,2.4594
11.1994,0.5601,2.4129
11.1996,0.5789,2.4964
11.1998,0.5794,2.4961
11.2000,0.6472,2.7854
11.2002,0.6906,2.9681
11.2004,0.7312,3.1472
11.2006,0.7046,3.0298
11.2008,0.7797,3.3494
11.2010,0.7661,3.2897
11.2012,0.8222,3.5225
11.2014,0.9209,3.9526
11.2016,0.9185,3.9386
11.2018,0.979,4.1939
11.2020,0.9914,4.2493
11.2022,0.9929,4.2554
11.2024,1.0134,4.3393
11.2026,1.0296,4.4065
11.2028,0.9986,4.2841
11.2030,0.9146,3.9253
11.2032,0.9454,4.0519
11.2034,0.9513,4.079
11.2036,1.0215,4.3783
11.2038,1.03,4.4106
11.2040,1.0224,4.3737
11.2042,1.0564,4.5173
11.2044,1.1037,4.7193
11.2046,1.2239,5.2262
11.2048,1.2858,5.4981
11.2050,1.1721,5.0097
11.2052,1.166,4.9836
11.2054,1.1886,5.0823
11.2056,1.1851,5.0698
11.2058,1.0622,4.5567
11.2060,0.9188,3.9433
11.2062,0.9228,3.9627
11.2064,0.9582,4.1127
11.2066,0.96,4.1185
11.2068,0.9764,4.1909
11.2070,0.9286,3.9855
11.2072,0.8968,3.8527
11.2074,0.902,3.8677
11.2076,0.963,4.1332
11.2078,0.97,4.1689
11.2080,0.9142,3.9274
11.2082,0.9162,3.9325
11.2084,0.9451,4.0547
11.2086,0.9694,4.1586
11.2088,0.9358,4.022
11.2090,0.8587,3.6941
11.2092,0.8021,3.4522
11.2094,0.7563,3.255
11.2096,0.7804,3.3603
11.2098,0.7461,3.2127
11.2100,0.7244,3.1163
11.2102,0.6828,2.9455
11.2104,0.6074,2.6177
11.2106,0.6648,2.8652
11.2108,0.6684,2.8821
11.2110,0.6798,2.9312
11.2112,0.65,2.8056
11.2114,0.5161,2.2285
11.2116,0.4921,2.1259
11.2118,0.5258,2.2684
11.2120,0.5897,2.5453
11.2122,0.5131,2.2166
11.2124,0.4885,2.1104
11.2126,0.5422,2.3436
11.2128,0.518,2.2368
11.2130,0.5258,2.2663
11.2132,0.6197,2.6734
11.2134,0.5886,2.5359
11.2136,0.6159,2.6569
11.2138,0.5279,2.2803
11.2140,0.4954,2.1399
11.2142,0.5102,2.2031
11.2144,0.5487,2.3672
11.2146,0.5491,2.3698
11.2148,0.5287,2.2818
11.2150,0.479,2.0695
11.2152,0.4659,2.0125
11.2154,0.48,2.0717
11.2156,0.488,2.1074
11.2158,0.5197,2.2409
11.2160,0.5966,2.5724
11.2162,0.5264,2.2741
11.2164,0.412,1.7799
11.2166,0.4561,1.9696
11.2168,0.4649,2.0074
11.2170,0.4464,1.9295
11.2172,0.4372,1.8887
11.2174,0.4413,1.9054
11.2176,0.4491,1.9382
11.2178,0.4826,2.0831
11.2180,0.4847,2.0929
11.2182,0.5033,2.1731
11.2184,0.453,1.9571
11.2186,0.4527,1.9555
11.2188,0.4595,1.9823
11.2190,0.4499,1.9418
11.2192,0.4444,1.918
11.2194,0.4392,1.8966
11.2196,0.4442,1.9187
11.2198,0.4661,2.0117
11.2200,0.5364,2.3117
11.2202,0.5457,2.3531
11.2204,0.5452,2.3489
11.2206,0.6161,2.6505
11.2208,0.6623,2.8491
11.2210,0.6644,2.8597
11.2212,0.6769,2.9134
11.2214,0.6704,2.8869
11.2216,0.669,2.8793
11.2218,0.6744,2.9039
11.2220,0.639,2.7529
11.2222,0.6395,2.7524
11.2224,0.698,2.9972
11.2226,0.8077,3.4651
11.2228,0.8634,3.709
11.2230,0.8678,3.7263
11.2232,0.7948,3.4159
11.2234,0.7174,3.0907
11.2236,0.6578,2.834
11.2238,0.6494,2.7952
11.2240,0.6265,2.6966
11.2242,0.6325,2.7237
11.2244,0.6279,2.7073
11.2246,0.6268,2.6989
11.2248,0.6487,2.7908
11.2250,0.6734,2.8998
11.2252,0.6681,2.877
11.2254,0.6722,2.8946
11.2256,0.6797,2.9225
11.2258,0.7089,3.0483
11.2260,0.6996,3.0151
11.2262,0.6618,2.851
11.2264,0.6652,2.8641
11.2266,0.6181,2.6617
11.2268,0.674,2.9023
11.2270,0.5722,2.4697
11.2272,0.4625,1.9952
11.2274,0.4567,1.9713
11.2276,0.4503,1.9425
11.2278,0.5374,2.3164
11.2280,0.5729,2.4728
11.2282,0.5211,2.2482
11.2284,0.5127,2.2079
11.2286,0.5463,2.3546
11.2288,0.5187,2.2368
11.2290,0.5433,2.3417
11.2292,0.5931,2.5562
11.2294,0.5745,2.4761
11.2296,0.5499,2.3712
11.2298,0.5183,2.2368
11.2300,0.5048,2.1778
11.2302,0.5172,2.2311
11.2304,0.4232,1.8289
11.2306,0.3988,1.7229
11.2308,0.4042,1.7438
11.2310,0.3994,1.7215
11.2312,0.5204,2.242
11.2314,0.577,2.4892
11.2316,0.5037,2.1722
11.2318,0.484,2.0869
11.2320,0.4853,2.0925
11.2322,0.4852,2.092
11.2324,0.4829,2.0822
11.2326,0.4861,2.0971
11.2328,0.4847,2.0909
11.2330,0.4842,2.0889
11.2332,0.485,2.0934
11.2334,0.4854,2.0931
11.2336,0.495,2.1324
11.2338,0.5219,2.2492
11.2340,0.5653,2.4329
11.2342,0.6142,2.6435
11.2344,0.5757,2.4778
11.2346,0.5895,2.536
11.2348,0.6933,2.9855
11.2350,0.7042,3.0268
11.2352,0.7082,3.0438
11.2354,0.7381,3.1692
11.2356,0.7865,3.3772
11.2358,0.8186,3.507
11.2360,0.9521,4.075
11.2362,0.9878,4.2259
11.2364,1.0667,4.5635
11.2366,1.0631,4.5524
11.2368,1.0619,4.5387
11.2370,1.1277,4.8173
11.2372,1.133,4.8517
11.2374,0.9914,4.2493
11.2376,0.9664,4.1419
11.2378,0.9658,4.1335
11.2380,1.0429,4.4718
11.2382,0.9811,4.2051
11.2384,0.9919,4.2434
11.2386,1.0424,4.4677
11.2388,0.9176,3.94
11.2390,0.8137,3.4957
11.2392,0.8756,3.7563
11.2394,0.8938,3.8345
11.2396,0.8551,3.6752
11.2398,0.8387,3.6012
11.2400,0.8786,3.7692
11.2402,0.8845,3.7979
11.2404,0.8355,3.5845
11.2406,0.8712,3.7373
11.2408,0.9176,3.9308
11.2410,1.0164,4.3643
11.2412,0.9232,3.9587
11.2414,0.9907,4.2442
11.2416,1.0039,4.3007
11.2418,1.0676,4.5671
11.2420,1.0429,4.476
11.2422,0.9377,4.0228
11.2424,0.9599,4.1218
11.2426,0.8762,3.7606
11.2428,0.9314,3.9918
11.2430,0.9721,4.1665
11.2432,0.917,3.9356
11.2434,0.8895,3.8213
11.2436,0.8734,3.754
11.2438,0.8125,3.4955
11.2440,0.7553,3.2494
11.2442,0.7557,3.2525
11.2444,0.7598,3.2685
11.2446,0.7647,3.2896
11.2448,0.7506,3.2278
11.2450,0.754,3.2452
11.2452,0.7405,3.1899
11.2454,0.668,2.8752
11.2456,0.7263,3.126
11.2458,0.7676,3.3005
11.2460,0.761,3.2797
11.2462,0.6101,2.6296
11.2464,0.591,2.5474
11.2466,0.618,2.6649
11.2468,0.5946,2.5617
11.2470,0.6299,2.7123
11.2472,0.6781,2.9213
11.2474,0.7033,3.0297
11.2476,0.6735,2.9003
11.2478,0.6463,2.7844
11.2480,0.5809,2.5046
11.2482,0.5898,2.5434
11.2484,0.5964,2.573
11.2486,0.5975,2.5753
11.2488,0.6069,2.6108
11.2490,0.7315,3.1467
11.2492,0.6551,2.8286
11.2494,0.5125,2.2109
11.2496,0.5167,2.229
11.2498,0.5349,2.3087
11.2500,0.5205,2.2477
11.2502,0.518,2.2347
11.2504,0.5228,2.2554
11.2506,0.5252,2.2679
11.2508,0.5233,2.2575
11.2510,0.5257,2.2668
11.2512,0.5184,2.2352
11.2514,0.5263,2.2683
11.2516,0.5286,2.2803
11.2518,0.5251,2.2663
11.2520,0.5214,2.2503
11.2522,0.5304,2.2859
11.2524,0.5954,2.5636
11.2526,0.6187,2.6693
11.2528,0.5455,2.3521
11.2530,0.5286,2.2781
11.2532,0.5237,2.258
11.2534,0.5292,2.2839
11.2536,0.5707,2.4595
11.2538,0.6221,2.6788
11.2540,0.6622,2.8499
11.2542,0.6295,2.7108
11.2544,0.6384,2.749
11.2546,0.6595,2.8386
11.2548,0.6371,2.742
11.2550,0.6343,2.7289
11.2552,0.6704,2.8828
11.2554,0.7972,3.4247
11.2556,0.8154,3.503
11.2558,0.8027,3.4484
11.2560,0.7315,3.1526
11.2562,0.6223,2.6798
11.2564,0.6288,2.7052
11.2566,0.6652,2.8628
11.2568,0.6205,2.6721
11.2570,0.6318,2.7219
11.2572,0.6376,2.7479
11.2574,0.6131,2.64
11.2576,0.6113,2.6323
11.2578,0.6135,2.644
11.2580,0.61,2.6254
11.2582,0.6758,2.9047
11.2584,0.728,3.1303
11.2586,0.7581,3.2567
11.2588,0.8182,3.5099
11.2590,0.8726,3.7522
11.2592,0.7191,3.0936
11.2594,0.6987,3.0087
11.2596,0.6371,2.7433
11.2598,0.6662,2.8701
11.2600,0.6353,2.7381
11.2602,0.6324,2.7219
11.2604,0.6568,2.8267
11.2606,0.6907,2.97
11.2608,0.7444,3.2039
11.2610,0.6564,2.8251
11.2612,0.604,2.5996
11.2614,0.6514,2.8022
11.2616,0.7196,3.0986
11.2618,0.6813,2.9311
11.2620,0.6735,2.8989
11.2622,0.6564,2.8264
11.2624,0.6786,2.922
11.2626,0.6662,2.8661
11.2628,0.6847,2.9456
11.2630,0.6911,2.9701
11.2632,0.7333,3.153
11.2634,0.7192,3.0941
11.2636,0.6842,2.9462
11.2638,0.612,2.6391
11.2640,0.5362,2.3112
11.2642,0.6251,2.6879
11.2644,0.7447,3.1975
11.2646,0.7364,3.1694
11.2648,0.6265,2.7029
11.2650,0.509,2.1959
11.2652,0.499,2.1525
11.2654,0.5003,2.1582
11.2656,0.5135,2.214
11.2658,0.5874,2.5284
11.2660,0.6407,2.7575
11.2662,0.6226,2.6796
11.2664,0.6162,2.6535
11.2666,0.6372,2.7438
11.2668,0.6334,2.7298
11.2670,0.5727,2.466
11.2672,0.6225,2.6778
11.2674,0.6919,2.9751
11.2676,0.6957,2.9972
11.2678,0.6358,2.7325
11.2680,0.7389,3.1743
11.2682,0.7322,3.1484
11.2684,0.7581,3.2598
11.2686,0.7348,3.1568
11.2688,0.7897,3.3864
11.2690,0.9593,4.1115
11.2692,0.9758,4.1825
11.2694,0.958,4.102
11.2696,0.9441,4.0482
11.2698,0.9029,3.8718
11.2700,0.9471,4.061
11.2702,0.9607,4.1177
11.2704,0.9263,3.9739
11.2706,0.9377,4.0209
11.2708,0.9829,4.2108
11.2710,0.9784,4.1913
11.2712,0.9679,4.1485
11.2714,0.971,4.1658
11.2716,0.9806,4.205
11.2718,0.9972,4.2739
11.2720,0.9272,3.9775
11.2722,0.9246,3.9649
11.2724,0.9588,4.1152
11.2726,0.8968,3.8474
11.2728,0.8624,3.7101
11.2730,0.7294,3.1409
11.2732,0.6665,2.8685
11.2734,0.6867,2.9571
11.2736,0.6962,2.9965
11.2738,0.7058,3.0364
11.2740,0.7367,3.1694
11.2742,0.7348,3.1627
11.2744,0.7161,3.0836
11.2746,0.7146,3.0754
11.2748,0.6998,3.0106
11.2750,0.7078,3.0465
11.2752,0.7173,3.0859
11.2754,0.6968,2.9991
11.2756,0.6962,2.9951
11.2758,0.704,3.0314
11.2760,0.6812,2.9333
11.2762,0.6828,2.94
11.2764,0.6739,2.9045
11.2766,0.6221,2.6813
11.2768,0.6363,2.7422
11.2770,0.6213,2.6739
11.2772,0.6919,2.9779
11.2774,0.6425,2.7743
11.2776,0.4934,2.1316
11.2778,0.4782,2.063
11.2780,0.5334,2.3009
11.2782,0.568,2.4493
11.2784,0.6056,2.6111
11.2786,0.5921,2.5509
11.2788,0.6295,2.7095
11.2790,0.6713,2.8918
11.2792,0.6352,2.7376
11.2794,0.5607,2.4189
11.2796,0.556,2.3976
11.2798,0.5726,2.4667
11.2800,0.5877,2.5329
11.2802,0.6027,2.5963
11.2804,0.6321,2.7229
11.2806,0.6,2.5874
11.2808,0.53,2.2865
11.2810,0.5029,2.1696
11.2812,0.5065,2.183
11.2814,0.5197,2.2441
11.2816,0.5006,2.1577
11.2818,0.5582,2.4069
11.2820,0.5716,2.4602
11.2822,0.6771,2.9144
11.2824,0.6123,2.6401
11.2826,0.4908,2.1183
11.2828,0.4921,2.124
11.2830,0.5396,2.3268
11.2832,0.5546,2.3903
11.2834,0.5674,2.4479
11.2836,0.5479,2.3613
11.2838,0.5671,2.444
11.2840,0.5504,2.3711
11.2842,0.5815,2.5061
11.2844,0.6213,2.6764
11.2846,0.6703,2.889
11.2848,0.5922,2.5526
11.2850,0.5585,2.4107
11.2852,0.4865,2.0987
11.2854,0.5235,2.2575
11.2856,0.4831,2.0842
11.2858,0.4571,1.971
11.2860,0.5205,2.2435
11.2862,0.5428,2.3396
11.2864,0.5866,2.5259
11.2866,0.6299,2.7111
11.2868,0.6583,2.836
11.2870,0.5908,2.544
11.2872,0.6024,2.5929
11.2874,0.6155,2.6516
11.2876,0.569,2.4523
11.2878,0.5611,2.4193
11.2880,0.5666,2.4408
11.2882,0.6455,2.7743
11.2884,0.7324,3.1479
11.2886,0.7773,3.3376
11.2888,0.7744,3.3299
11.2890,0.6852,2.9531
11.2892,0.5756,2.4796
11.2894,0.5457,2.352
11.2896,0.54,2.3272
11.2898,0.5373,2.3169
11.2900,0.5353,2.3092
11.2902,0.5305,2.2843
11.2904,0.5247,2.2627
11.2906,0.5222,2.2518
11.2908,0.5302,2.2864
11.2910,0.5334,2.2977
11.2912,0.5868,2.5258
11.2914,0.6193,2.6657
11.2916,0.6556,2.8215
11.2918,0.6426,2.7671
11.2920,0.5637,2.4284
11.2922,0.6323,2.7176
11.2924,0.6655,2.8697
11.2926,0.4943,2.1313
11.2928,0.4649,2.0065
11.2930,0.4587,1.9805
11.2932,0.4531,1.9549
11.2934,0.4506,1.944
11.2936,0.4414,1.9033
11.2938,0.4726,2.0349
11.2940,0.5243,2.2606
11.2942,0.5008,2.1612
11.2944,0.4997,2.1546
11.2946,0.5156,2.2223
11.2948,0.5183,2.2347
11.2950,0.5046,2.1748
11.2952,0.5563,2.3931
11.2954,0.6241,2.6838
11.2956,0.6352,2.7325
11.2958,0.6418,2.7635
11.2960,0.6064,2.6099
11.2962,0.5744,2.4744
11.2964,0.556,2.3954
11.2966,0.5503,2.375
11.2968,0.4216,1.818
11.2970,0.4672,2.0098
11.2972,0.6099,2.6237
11.2974,0.5868,2.5293
11.2976,0.5006,2.1587
11.2978,0.4958,2.14
11.2980,0.4999,2.1576
11.2982,0.4936,2.1282
11.2984,0.4777,2.0581
11.2986,0.4848,2.0885
11.2988,0.4864,2.0943
11.2990,0.542,2.3317
11.2992,0.5882,2.5291
11.2994,0.6307,2.7159
11.2996,0.6226,2.6759
11.2998,0.698,3.0014
11.3000,0.713,3.0673
11.3002,0.743,3.1874
11.3004,0.8391,3.5999
11.3006,0.7752,3.3304
11.3008,0.7137,3.0661
11.3010,0.7438,3.1969
11.3012,0.7323,3.1504
11.3014,0.7372,3.1656
11.3016,0.7917,3.3962
11.3018,0.8624,3.6963
11.3020,0.9186,3.9355
11.3022,0.8713,3.7326
11.3024,0.9178,3.9264
11.3026,0.9933,4.2575
11.3028,0.9742,4.1772
11.3030,0.9575,4.1019
11.3032,0.9834,4.2089
11.3034,1.0452,4.4691
11.3036,1.0971,4.6933
11.3038,0.9168,3.9223
11.3040,0.9971,4.2734
11.3042,0.9736,4.1727
11.3044,0.9792,4.191
11.3046,0.9754,4.1843
11.3048,0.9504,4.0735
11.3050,0.954,4.0851
11.3052,0.9656,4.1388
11.3054,0.999,4.2816
11.3056,1.0694,4.5833
11.3058,0.9926,4.2524
11.3060,0.9497,4.0723
11.3062,0.9726,4.1686
11.3064,0.9742,4.1772
11.3066,0.8353,3.5918
11.3068,0.7611,3.2681
11.3070,0.8189,3.5179
11.3072,0.8562,3.6764
11.3074,0.8576,3.6809
11.3076,0.8936,3.8335
11.3078,0.9315,3.9942
11.3080,0.9282,3.984
11.3082,0.8419,3.6118
11.3084,0.8784,3.7699
11.3086,0.8572,3.681
11.3088,0.8449,3.6331
11.3090,0.759,3.2684
11.3092,0.7333,3.153
11.3094,0.7044,3.033
11.3096,0.6593,2.8375
11.3098,0.7313,3.1433
11.3100,0.7195,3.0966
11.3102,0.6823,2.9339
11.3104,0.7111,3.0619
11.3106,0.6777,2.9197
11.3108,0.6631,2.8554
11.3110,0.6154,2.6499
11.3112,0.6238,2.6897
11.3114,0.5854,2.5219
11.3116,0.6842,2.9435
11.3118,0.7316,3.1502
11.3120,0.6854,2.9473
11.3122,0.7252,3.1228
11.3124,0.638,2.7525
11.3126,0.5715,2.4643
11.3128,0.5645,2.4343
11.3130,0.5925,2.5512
11.3132,0.6279,2.7048
11.3134,0.5829,2.5134
11.3136,0.5741,2.4768
11.3138,0.5726,2.469
11.3140,0.5729,2.4682
11.3142,0.5701,2.457
11.3144,0.5903,2.5443
11.3146,0.6048,2.608
11.3148,0.5139,2.2161
11.3150,0.5886,2.5359
11.3152,0.6219,2.684
11.3154,0.5361,2.3118
11.3156,0.5283,2.2792
11.3158,0.5233,2.2575
11.3160,0.5267,2.273
11.3162,0.5265,2.2704
11.3164,0.5233,2.2554
11.3166,0.5215,2.2476
11.3168,0.528,2.2777
11.3170,0.5331,2.2988
11.3172,0.5308,2.289
11.3174,0.5577,2.4048
11.3176,0.5482,2.364
11.3178,0.5487,2.3661
11.3180,0.5322,2.2958
11.3182,0.5524,2.3766
11.3184,0.6163,2.6552
11.3186,0.5551,2.3924
11.3188,0.5686,2.4519
11.3190,0.5937,2.5576
11.3192,0.636,2.7387
11.3194,0.6658,2.8614
11.3196,0.7216,3.1016
11.3198,0.7576,3.2516
11.3200,0.8076,3.4695
11.3202,0.8317,3.573
11.3204,0.8303,3.5652
11.3206,0.8254,3.5457
11.3208,0.8108,3.4882
11.3210,0.7333,3.1501
11.3212,0.8093,3.4734
11.3214,0.8752,3.7513
11.3216,0.9038,3.8772
11.3218,0.8721,3.7449
11.3220,0.8706,3.7417
11.3222,0.8394,3.606
11.3224,0.8636,3.71
11.3226,0.7792,3.3489
11.3228,0.7574,3.2597
11.3230,0.6781,2.9199
11.3232,0.6219,2.6765
11.3234,0.6217,2.6797
11.3236,0.6246,2.6871
11.3238,0.6422,2.7655
11.3240,0.6268,2.7014
11.3242,0.6363,2.7372
11.3244,0.7129,3.0611
11.3246,0.7854,3.3679
11.3248,0.8399,3.6064
11.3250,0.8405,3.6106
11.3252,0.848,3.6465
11.3254,0.719,3.0989
11.3256,0.5729,2.4705
11.3258,0.5503,2.3728
11.3260,0.5541,2.3882
11.3262,0.6028,2.5956
11.3264,0.659,2.8352
11.3266,0.6739,2.9018
11.3268,0.6783,2.9209
11.3270,0.6584,2.8365
11.3272,0.6048,2.6044
11.3274,0.6439,2.7727
11.3276,0.6786,2.9193
11.3278,0.7072,3.0411
11.3280,0.6954,2.9956
11.3282,0.6526,2.806
11.3284,0.759,3.2639
11.3286,0.7009,3.0194
11.3288,0.6586,2.8357
11.3290,0.6113,2.636
11.3292,0.4798,2.0716
11.3294,0.4177,1.8043
11.3296,0.4179,1.8061
11.3298,0.4192,1.8102
11.3300,0.478,2.0581
11.3302,0.6255,2.697
11.3304,0.5304,2.2891
11.3306,0.4955,2.1375
11.3308,0.5191,2.2384
11.3310,0.5029,2.1685
11.3312,0.4824,2.0801
11.3314,0.4858,2.0946
11.3316,0.5358,2.3059
11.3318,0.5931,2.5574
11.3320,0.5216,2.2513
11.3322,0.4822,2.0791
11.3324,0.4804,2.0723
11.3326,0.4868,2.1002
11.3328,0.4852,2.093
11.3330,0.5022,2.1644
11.3332,0.5356,2.3065
11.3334,0.604,2.602
11.3336,0.5874,2.5319
11.3338,0.6183,2.6585
11.3340,0.6993,3.0057
11.3342,0.7134,3.0689
11.3344,0.7063,3.0328
11.3346,0.7955,3.4143
11.3348,0.8484,3.6361
11.3350,0.9696,4.1557
11.3352,0.9694,4.1528
11.3354,0.9755,4.1809
11.3356,0.9752,4.1799
11.3358,0.9686,4.1477
11.3360,0.9698,4.1548
11.3362,0.9619,4.1325
11.3364,0.9081,3.8957
11.3366,0.9454,4.05
11.3368,0.9665,4.1385
11.3370,0.9856,4.2221
11.3372,0.9924,4.2494
11.3374,1.0504,4.4895
11.3376,1.1145,4.761
11.3378,1.1353,4.8615
11.3380,1.0705,4.5837
11.3382,1.1087,4.7386
11.3384,1.1586,4.9541
11.3386,1.0607,4.5463
11.3388,1.0122,4.3362
11.3390,1.0061,4.316
11.3392,0.8792,3.7788
11.3394,0.8007,3.4396
11.3396,0.8283,3.5586
11.3398,0.8991,3.8589
11.3400,0.9194,3.9477
11.3402,0.868,3.7222
11.3404,0.9413,4.0363
11.3406,0.8796,3.7838
11.3408,0.8068,3.4675
11.3410,0.8909,3.8204
11.3412,0.9282,3.9858
11.3414,0.8779,3.7713
11.3416,0.8298,3.5681
11.3418,0.7909,3.401
11.3420,0.7623,3.2778
11.3422,0.7626,3.2793
11.3424,0.7673,3.2995
11.3426,0.7456,3.2091
11.3428,0.7351,3.1681
11.3430,0.639,2.7516
11.3432,0.6419,2.764
11.3434,0.711,3.0642
11.3436,0.668,2.8752
11.3438,0.6672,2.8743
11.3440,0.6511,2.8076
11.3442,0.672,2.8976
11.3444,0.6273,2.7022
11.3446,0.6815,2.9357
11.3448,0.6327,2.728
11.3450,0.5133,2.2156
11.3452,0.5408,2.3319
11.3454,0.5777,2.49
11.3456,0.5486,2.3677
11.3458,0.5705,2.4613
11.3460,0.5739,2.4781
11.3462,0.5228,2.2554
11.3464,0.5356,2.3118
11.3466,0.5005,2.1612
11.3468,0.4934,2.1297
11.3470,0.4972,2.1437
11.3472,0.469,2.0269
11.3474,0.4111,1.7758
11.3476,0.4052,1.752
11.3478,0.433,1.8671
11.3480,0.5951,2.5638
11.3482,0.6261,2.6996
11.3484,0.5087,2.1964
11.3486,0.4601,1.9867
11.3488,0.4631,1.9987
11.3490,0.468,2.02
11.3492,0.4677,2.0212
11.3494,0.4638,2.0037
11.3496,0.466,2.0102
11.3498,0.4657,2.0111
11.3500,0.5003,2.1582
11.3502,0.4623,1.996
11.3504,0.4481,1.934
11.3506,0.4455,1.9227
11.3508,0.4449,1.9201
11.3510,0.472,2.0342
11.3512,0.5283,2.2771
11.3514,0.5274,2.2772
11.3516,0.4582,1.9766
11.3518,0.4479,1.9312
11.3520,0.4745,2.046
11.3522,0.5494,2.367
11.3524,0.5739,2.4724
11.3526,0.5503,2.3728
11.3528,0.549,2.366
11.3530,0.5568,2.3985
11.3532,0.5761,2.484
11.3534,0.6033,2.5977
11.3536,0.5806,2.5001
11.3538,0.5539,2.3872
11.3540,0.5582,2.4069
11.3542,0.5902,2.5379
11.3544,0.733,3.1461
11.3546,0.8172,3.5156
11.3548,0.7303,3.1387
11.3550,0.7167,3.0804
11.3552,0.6984,3.0086
11.3554,0.5603,2.4151
11.3556,0.5344,2.3035
11.3558,0.5349,2.3077
11.3560,0.5308,2.289
11.3562,0.5294,2.2828
11.3564,0.5277,2.2745
11.3566,0.531,2.2885
11.3568,0.5427,2.3402
11.3570,0.562,2.4201
11.3572,0.5967,2.5669
11.3574,0.6378,2.7439
11.3576,0.6592,2.8344
11.3578,0.6611,2.8426
11.3580,0.6998,3.0106
11.3582,0.6733,2.8966
11.3584,0.7072,3.044
11.3586,0.6034,2.5994
11.3588,0.577,2.4858
11.3590,0.5696,2.4515
11.3592,0.6058,2.6073
11.3594,0.643,2.7686
11.3596,0.6403,2.756
11.3598,0.6443,2.7691
11.3600,0.6781,2.9172
11.3602,0.7265,3.1256
11.3604,0.664,2.855
11.3606,0.7032,3.0194
11.3608,0.7562,3.25
11.3610,0.8044,3.4572
11.3612,0.7774,3.335
11.3614,0.8294,3.5583
11.3616,0.8303,3.5702
11.3618,0.7171,3.0949
11.3620,0.4883,2.1084
11.3622,0.4247,1.8357
11.3624,0.4166,1.7988
11.3626,0.4671,2.0121
11.3628,0.5546,2.3892
11.3630,0.5141,2.2177
11.3632,0.5243,2.2606
11.3634,0.502,2.1604
11.3636,0.5558,2.3943
11.3638,0.4993,2.154
11.3640,0.5213,2.2466
11.3642,0.5733,2.4698
11.3644,0.5855,2.5236
11.3646,0.5795,2.4966
11.3648,0.5738,2.473
11.3650,0.5196,2.2404
11.3652,0.4891,2.1091
11.3654,0.4913,2.1184
11.3656,0.531,2.2874
11.3658,0.6018,2.5879
11.3660,0.6677,2.871
11.3662,0.6829,2.9351
11.3664,0.7102,3.0498
11.3666,0.7324,3.1479
11.3668,0.7372,3.1671
11.3670,0.7533,3.2376
11.3672,0.7182,3.0866
11.3674,0.7698,3.3057
11.3676,0.8328,3.576
11.3678,0.8029,3.4446
11.3680,0.8671,3.7163
11.3682,0.9378,4.0177
11.3684,0.9772,4.1842
11.3686,0.9613,4.1184
11.3688,0.9486,4.0677
11.3690,0.8957,3.8463
11.3692,0.8313,3.5748
11.3694,0.795,3.4122
11.3696,0.8453,3.6262
11.3698,0.8985,3.8528
11.3700,0.9332,4.0014
11.3702,0.9137,3.9217
11.3704,0.8382,3.5992
11.3706,0.8093,3.4751
11.3708,0.8206,3.5235
11.3710,0.8498,3.6457
11.3712,0.8808,3.7749
11.3714,0.8989,3.8525
11.3716,0.9347,4.0043
11.3718,0.9251,3.9688
11.3720,0.9113,3.9114
11.3722,0.8188,3.5207
11.3724,0.748,3.2164
11.3726,0.7885,3.3891
11.3728,0.7889,3.3875
11.3730,0.8113,3.4871
11.3732,0.7824,3.3613
11.3734,0.8123,3.4879
11.3736,0.8243,3.5444
11.3738,0.7662,3.2948
11.3740,0.7901,3.3943
11.3742,0.8282,3.5548
11.3744,0.8378,3.5993
11.3746,0.7179,3.0928
11.3748,0.6559,2.8218
11.3750,0.7408,3.184
11.3752,0.704,3.0328
11.3754,0.6716,2.8907
11.3756,0.7247,3.1193
11.3758,0.6576,2.8316
11.3760,0.6462,2.7826
11.3762,0.6496,2.797
11.3764,0.6418,2.7596
11.3766,0.6604,2.8435
11.3768,0.6751,2.9056
11.3770,0.6782,2.9164
11.3772,0.7249,3.1227
11.3774,0.7124,3.0647
11.3776,0.7365,3.1728
11.3778,0.5992,2.5813
11.3780,0.6461,2.782
11.3782,0.6805,2.9289
11.3784,0.6836,2.9396
11.3786,0.7161,3.0836
11.3788,0.6767,2.9124
11.3790,0.695,2.9899
11.3792,0.6869,2.9562
11.3794,0.6711,2.8913
11.3796,0.6395,2.7536
11.3798,0.6637,2.8579
11.3800,0.6147,2.6492
11.3802,0.624,2.682
11.3804,0.7183,3.0914
11.3806,0.7112,3.0581
11.3808,0.7712,3.3129
11.3810,0.7441,3.2009
11.3812,0.7179,3.0841
11.3814,0.7981,3.4272
11.3816,0.7867,3.3861
11.3818,0.6527,2.8131
11.3820,0.5715,2.4632
11.3822,0.5779,2.4906
11.3824,0.6154,2.6511
11.3826,0.6534,2.8188
11.3828,0.5276,2.2761
11.3830,0.5006,2.1577
11.3832,0.5347,2.3066
11.3834,0.5401,2.331
11.3836,0.5336,2.2998
11.3838,0.5359,2.3107
11.3840,0.5648,2.4308
11.3842,0.6737,2.8941
11.3844,0.7274,3.1278
11.3846,0.6731,2.8996
11.3848,0.5633,2.4291
11.3850,0.5842,2.5168
11.3852,0.6559,2.8231
11.3854,0.6522,2.8071
11.3856,0.6952,2.9923
11.3858,0.7114,3.0592
11.3860,0.7262,3.1211
11.3862,0.6827,2.9395
11.3864,0.6456,2.7813
11.3866,0.6681,2.8717
11.3868,0.7992,3.4318
11.3870,0.8161,3.5077
11.3872,0.7548,3.2473
11.3874,0.7492,3.2171
11.3876,0.7831,3.3691
11.3878,0.7185,3.0925
11.3880,0.6467,2.7833
11.3882,0.6123,2.6377
11.3884,0.6105,2.6299
11.3886,0.6468,2.7851
11.3888,0.6181,2.663
11.3890,0.6112,2.633
11.3892,0.6228,2.6831
11.3894,0.6274,2.7002
11.3896,0.6262,2.6976
11.3898,0.624,2.687
11.3900,0.6238,2.686
11.3902,0.6408,2.7555
11.3904,0.7191,3.0936
11.3906,0.7269,3.1257
11.3908,0.7509,3.2243
11.3910,0.7776,3.3391
11.3912,0.7956,3.4195
11.3914,0.6963,3.0026
11.3916,0.5599,2.4153
11.3918,0.5427,2.3402
11.3920,0.543,2.3402
11.3922,0.5419,2.3355
11.3924,0.5419,2.3366
11.3926,0.5408,2.3319
11.3928,0.5572,2.3994
11.3930,0.5809,2.5023
11.3932,0.5957,2.5676
11.3934,0.5764,2.4901
11.3936,0.4745,2.0489
11.3938,0.4603,1.9859
11.3940,0.4589,1.9779
11.3942,0.5955,2.563
11.3944,0.6551,2.8234
11.3946,0.5234,2.2549
11.3948,0.5985,2.5747
11.3950,0.6699,2.8888
11.3952,0.5581,2.4042
11.3954,0.5969,2.5691
11.3956,0.6321,2.7191
11.3958,0.6789,2.9222
11.3960,0.6442,2.7725
11.3962,0.6589,2.8347
11.3964,0.6078,2.6173
11.3966,0.5734,2.4737
11.3968,0.5137,2.2151
11.3970,0.4934,2.1277
11.3972,0.4997,2.1556
11.3974,0.5331,2.2967
11.3976,0.5997,2.581
11.3978,0.5904,2.5436
11.3980,0.5234,2.2549
11.3982,0.577,2.4869
11.3984,0.5837,2.5147
11.3986,0.5818,2.5064
11.3988,0.6006,2.5851
11.3990,0.6317,2.7201
11.3992,0.5943,2.5566
11.3994,0.6468,2.7826
11.3996,0.6294,2.709
11.3998,0.6106,2.628
11.4000,0.6634,2.8524
11.4002,0.7864,3.3767
11.4004,0.851,3.6508
11.4006,0.8405,3.6073
11.4008,0.8389,3.6039
11.4010,0.784,3.3664
11.4012,0.7466,3.2058
11.4014,0.8185,3.5114
11.4016,0.9044,3.878
11.4018,0.9245,3.9606
11.4020,0.9683,4.1481
11.4022,0.9582,4.1088
11.4024,0.9034,3.8738
11.4026,0.9079,3.8929
11.4028,0.8986,3.8497
11.4030,0.9809,4.1982
11.4032,1.0779,4.6069
11.4034,1.1279,4.8274
11.4036,1.0726,4.5951
11.4038,1.0682,4.5654
11.4040,1.1396,4.8708
11.4042,1.1338,4.8616
11.4044,0.9985,4.2796
11.4046,0.9991,4.2802
11.4048,1.0031,4.2911
11.4050,1.0746,4.5995
11.4052,1.0936,4.6828
11.4054,1.0688,4.5722
11.4056,1.0877,4.6576
11.4058,0.9871,4.2387
11.4060,0.9342,4.0097
11.4062,0.9026,3.8739
11.4064,0.8686,3.7334
11.4066,0.8937,3.8304
11.4068,0.925,3.9682
11.4070,0.9023,3.871
11.4072,0.8918,3.8329
11.4074,0.8096,3.475
11.4076,0.9003,3.8641
11.4078,0.9014,3.8795
11.4080,0.7297,3.1434
11.4082,0.6729,2.8964
11.4084,0.6739,2.9018
11.4086,0.6689,2.8801
11.4088,0.7289,3.133
11.4090,0.8137,3.5055
11.4092,0.6306,2.7192
11.4094,0.6226,2.6858
11.4096,0.6172,2.6588
11.4098,0.66,2.8406
11.4100,0.6876,2.9621
11.4102,0.6294,2.714
11.4104,0.5933,2.5596
11.4106,0.6046,2.6058
11.4108,0.6312,2.7243
11.4110,0.5472,2.3626
11.4112,0.4948,2.1354
11.4114,0.5341,2.303
11.4116,0.5457,2.3553
11.4118,0.5463,2.3546
11.4120,0.6022,2.5943
11.4122,0.5912,2.5491
11.4124,0.5213,2.2487
11.4126,0.5533,2.3857
11.4128,0.5816,2.5042
11.4130,0.6171,2.662
11.4132,0.5081,2.1948
11.4134,0.4828,2.0817
11.4136,0.4913,2.1194
11.4138,0.4886,2.109
11.4140,0.5161,2.2275
11.4142,0.5008,2.1642
11.4144,0.4124,1.7823
11.4146,0.3951,1.7069
11.4148,0.3951,1.7061
11.4150,0.4463,1.9272
11.4152,0.4488,1.938
11.4154,0.4452,1.9225
11.4156,0.4445,1.9185
11.4158,0.4665,2.0132
11.4160,0.462,1.9959
11.4162,0.4446,1.9199
11.4164,0.4487,1.9357
11.4166,0.4521,1.952
11.4168,0.4536,1.9588
11.4170,0.4554,1.9656
11.4172,0.4437,1.914
11.4174,0.4341,1.8735
11.4176,0.432,1.8664
11.4178,0.4407,1.902
11.4180,0.469,2.0222
11.4182,0.519,2.2378
11.4184,0.5806,2.499
11.4186,0.6168,2.6536
11.4188,0.6442,2.7712
11.4190,0.6631,2.8527
11.4192,0.6647,2.8607
11.4194,0.66,2.8367
11.4196,0.6882,2.9619
11.4198,0.6922,2.9753
11.4200,0.7511,3.2298
11.4202,0.7583,3.2578
11.4204,0.7634,3.2809
11.4206,0.7366,3.166
11.4208,0.7878,3.3845
11.4210,0.8477,3.6415
11.4212,0.7569,3.2546
11.4214,0.7111,3.0633
11.4216,0.6346,2.7312
11.4218,0.6286,2.7041
11.4220,0.6763,2.9081
11.4222,0.6981,3.0019
11.4224,0.6478,2.7854
11.4226,0.6738,2.8973
11.4228,0.6943,2.9868
11.4230,0.6911,2.9757
11.4232,0.6105,2.6324
11.4234,0.5444,2.3464
11.4236,0.5716,2.4602
11.4238,0.6291,2.7075
11.4240,0.659,2.8352
11.4242,0.6727,2.894
11.4244,0.6529,2.8102
11.4246,0.5993,2.5819
11.4248,0.578,2.4899
11.4250,0.5749,2.4753
11.4252,0.5711,2.4605
11.4254,0.544,2.3437
11.4256,0.5365,2.3165
11.4258,0.4522,1.9525
11.4260,0.4693,2.0228
11.4262,0.5185,2.2378
11.4264,0.497,2.1442
11.4266,0.4943,2.1323
11.4268,0.4991,2.153
11.4270,0.5159,2.2244
11.4272,0.5359,2.3097
11.4274,0.5456,2.3526
11.4276,0.5388,2.321
11.4278,0.542,2.3382
11.4280,0.5247,2.2616
11.4282,0.5841,2.5116
11.4284,0.6643,2.8565
11.4286,0.6323,2.7252
11.4288,0.555,2.3907
11.4290,0.5883,2.5296
11.4292,0.671,2.8881
11.4294,0.5391,2.3258
11.4296,0.4897,2.1126
11.4298,0.4963,2.1401
11.4300,0.504,2.1732
11.4302,0.5008,2.1602
11.4304,0.4987,2.1505
11.4306,0.4962,2.1386
11.4308,0.4991,2.151
11.4310,0.5036,2.1706
11.4312,0.5785,2.4885
11.4314,0.6257,2.6955
11.4316,0.5294,2.2839
11.4318,0.4841,2.0874
11.4320,0.4846,2.0885
11.4322,0.4836,2.0853
11.4324,0.5136,2.2125
11.4326,0.5546,2.3859
11.4328,0.6207,2.6713
11.4330,0.5962,2.5684
11.4332,0.5769,2.483
11.4334,0.6578,2.8274
11.4336,0.6988,3.0036
11.4338,0.7146,3.0726
11.4340,0.7256,3.1142
11.4342,0.8119,3.4799
11.4344,0.8472,3.6327
11.4346,0.8968,3.842
11.4348,0.9682,4.1496
11.4350,0.9461,4.0512
11.4352,0.968,4.1491
11.4354,0.9842,4.2165
11.4356,0.9646,4.1303
11.4358,0.9535,4.0811
11.4360,0.9619,4.1248
11.4362,0.948,4.0651
11.4364,0.9688,4.1502
11.4366,0.9857,4.2246
11.4368,0.976,4.181
11.4370,0.966,4.1422
11.4372,0.8394,3.6009
11.4374,0.8349,3.5819
11.4376,0.8462,3.6303
11.4378,0.8866,3.8054
11.4380,0.8532,3.6601
11.4382,0.8941,3.8319
11.4384,0.908,3.8934
11.4386,0.8872,3.8027
11.4388,0.9371,4.0127
11.4390,0.9641,4.1379
11.4392,0.8897,3.817
11.4394,0.9407,4.0356
11.4396,0.9273,3.978
11.4398,0.9232,3.9587
11.4400,0.9414,4.035
11.4402,0.9713,4.161
11.4404,0.9886,4.229
11.4406,1.0599,4.5364
11.4408,1.1438,4.8956
11.4410,1.1348,4.8571
11.4412,1.0322,4.4281
11.4414,0.9196,3.9469
11.4416,0.9053,3.8893
11.4418,0.8643,3.7201
11.4420,0.694,2.9886
11.4422,0.6857,2.9497
11.4424,0.7972,3.4231
11.4426,0.8803,3.7852
11.4428,0.8266,3.5509
11.4430,0.8171,3.5102
11.4432,0.8255,3.5446
11.4434,0.8858,3.8036
11.4436,0.9125,3.9147
11.4438,0.8601,3.7003
11.4440,0.7643,3.2896
11.4442,0.7433,3.2008
11.4444,0.6945,2.9906
11.4446,0.672,2.8936
11.4448,0.6834,2.944
11.4450,0.6587,2.8336
11.4452,0.6641,2.8582
11.4454,0.6517,2.8115
11.4456,0.5821,2.5086
11.4458,0.6449,2.7769
11.4460,0.6262,2.6988
11.4462,0.5828,2.5117
11.4464,0.6275,2.7058
11.4466,0.5716,2.4637
11.4468,0.5733,2.4732
11.4470,0.5733,2.4732
11.4472,0.5807,2.5041
11.4474,0.6329,2.7227
11.4476,0.7104,3.0588
11.4478,0.6414,2.7696
11.4480,0.5147,2.2213
11.4482,0.5364,2.3128
11.4484,0.5348,2.3072
11.4486,0.5337,2.3025
11.4488,0.5332,2.3004
11.4490,0.5302,2.2886
11.4492,0.531,2.2917
11.4494,0.5629,2.4271
11.4496,0.531,2.2895
11.4498,0.5308,2.289
11.4500,0.5274,2.2751
11.4502,0.537,2.3154
11.4504,0.5421,2.3376
11.4506,0.5478,2.3575
11.4508,0.674,2.9023
11.4510,0.6847,2.9524
11.4512,0.5714,2.4626
11.4514,0.5988,2.5762
11.4516,0.7132,3.0641
11.4518,0.7578,3.2602
11.4520,0.6553,2.8231
11.4522,0.6376,2.7467
11.4524,0.6404,2.7616
11.4526,0.6336,2.7283
11.4528,0.6547,2.814
11.4530,0.7474,3.2109
11.4532,0.7636,3.2835
11.4534,0.7058,3.0406
11.4536,0.6325,2.7237
11.4538,0.6228,2.6831
11.4540,0.6511,2.7998
11.4542,0.7763,3.3397
11.4544,0.7208,3.0994
11.4546,0.6943,2.9896
11.4548,0.6264,2.6999
11.4550,0.6108,2.6302
11.4552,0.6104,2.6282
11.4554,0.6126,2.6404
11.4556,0.6106,2.6329
11.4558,0.6088,2.6215
11.4560,0.6075,2.6158
11.4562,0.6075,2.6158
11.4564,0.6229,2.6811
11.4566,0.6325,2.7262
11.4568,0.5898,2.5399
11.4570,0.6789,2.9194
11.4572,0.7122,3.0637
11.4574,0.7503,3.2277
11.4576,0.7342,3.1557
11.4578,0.7805,3.3546
11.4580,0.7197,3.1005
11.4582,0.6658,2.8654
11.4584,0.6468,2.7877
11.4586,0.638,2.7462
11.4588,0.6606,2.8445
11.4590,0.664,2.8576
11.4592,0.7141,3.0691
11.4594,0.7339,3.1556
11.4596,0.7345,3.1596
11.4598,0.6956,2.9925
11.4600,0.6414,2.7606
11.4602,0.6282,2.7013
11.4604,0.7577,3.2628
11.4606,0.6612,2.8418
11.4608,0.7787,3.3484
11.4610,0.7825,3.3587
11.4612,0.8812,3.7822
11.4614,0.843,3.6181
11.4616,0.8903,3.8178
11.4618,0.9143,3.9298
11.4620,0.757,3.2597
11.4622,0.6647,2.8621
11.4624,0.6069,2.6144
11.4626,0.5938,2.5581
11.4628,0.6225,2.6791
11.4630,0.6222,2.6793
11.4632,0.5499,2.3734
11.4634,0.4912,2.1208
11.4636,0.4838,2.0873
11.4638,0.4871,2.1013
11.4640,0.4866,2.1011
11.4642,0.4882,2.1059
11.4644,0.4855,2.0955
11.4646,0.4889,2.1061
11.4648,0.5396,2.3268
11.4650,0.6233,2.6827
11.4652,0.681,2.9337
11.4654,0.611,2.6344
11.4656,0.5415,2.3361
11.4658,0.525,2.2616
11.4660,0.5666,2.4386
11.4662,0.6205,2.6708
11.4664,0.6129,2.639
11.4666,0.6512,2.8003
11.4668,0.7846,3.369
11.4670,0.8268,3.5502
11.4672,0.8523,3.6599
11.4674,0.8671,3.7198
11.4676,0.8507,3.6527
11.4678,0.8473,3.6349
11.4680,0.9498,4.0728
11.4682,0.9597,4.115
11.4684,0.9798,4.2014
11.4686,0.9804,4.2
11.4688,0.9782,4.1947
11.4690,0.9764,4.1889
11.4692,0.9704,4.1613
11.4694,0.9298,3.9832
11.4696,0.9399,4.0283
11.4698,0.9943,4.2636
11.4700,0.9667,4.1434
11.4702,0.9498,4.0728
11.4704,0.9593,4.1192
11.4706,0.8718,3.7433
11.4708,0.8944,3.8371
11.4710,0.858,3.6824
11.4712,0.8533,3.6657
11.4714,0.8438,3.6267
11.4716,0.8486,3.6456
11.4718,0.8757,3.7586
11.4720,0.8865,3.8049
11.4722,0.8858,3.8036
11.4724,0.8194,3.5249
11.4726,0.7202,3.0968
11.4728,0.7137,3.0733
11.4730,0.7143,3.0773
11.4732,0.683,2.9397
11.4734,0.6847,2.9469
11.4736,0.7065,3.0394
11.4738,0.7385,3.1772
11.4740,0.7125,3.0638
11.4742,0.7191,3.0965
11.4744,0.6752,2.9075
11.4746,0.709,3.0545
11.4748,0.647,2.7849
11.4750,0.6847,2.9538
11.4752,0.6433,2.7714
11.4754,0.6137,2.6475
11.4756,0.4927,2.1256
11.4758,0.515,2.2218
11.4760,0.563,2.4276
11.4762,0.5591,2.4099
11.4764,0.5779,2.4906
11.4766,0.646,2.7815
11.4768,0.6526,2.8099
11.4770,0.6279,2.7023
11.4772,0.6526,2.8086
11.4774,0.7333,3.153
11.4776,0.7012,3.0224
11.4778,0.6106,2.6304
11.4780,0.6449,2.7795
11.4782,0.7076,3.0469
11.4784,0.6777,2.9184
11.4786,0.6396,2.7554
11.4788,0.6144,2.6482
11.4790,0.6458,2.781
11.4792,0.661,2.8447
11.4794,0.6095,2.6233
11.4796,0.645,2.78
11.4798,0.6042,2.6055
11.4800,0.5964,2.5707
11.4802,0.587,2.5298
11.4804,0.6366,2.7412
11.4806,0.6358,2.7351
11.4808,0.7123,3.0628
11.4810,0.7065,3.0465
11.4812,0.5818,2.5123
11.4814,0.5615,2.4236
11.4816,0.5193,2.2404
11.4818,0.4876,2.1033
11.4820,0.5286,2.2813
11.4822,0.4749,2.0485
11.4824,0.4969,2.1457
11.4826,0.4711,2.0344
11.4828,0.4529,1.9556
11.4830,0.454,1.9603
11.4832,0.4479,1.9339
11.4834,0.4428,1.9122
11.4836,0.4472,1.9308
11.4838,0.4497,1.9408
11.4840,0.4503,1.9443
11.4842,0.4516,1.95
11.4844,0.4486,1.9352
11.4846,0.4693,2.0247
11.4848,0.5452,2.3522
11.4850,0.601,2.5867
11.4852,0.6908,2.9691
11.4854,0.7045,3.0335
11.4856,0.6237,2.6867
11.4858,0.5641,2.43
11.4860,0.5597,2.4125
11.4862,0.5627,2.4243
11.4864,0.5625,2.4222
11.4866,0.616,2.6512
11.4868,0.7052,3.0281
11.4870,0.8119,3.4848
11.4872,0.8122,3.4874
11.4874,0.7658,3.2943
11.4876,0.7707,3.3077
11.4878,0.8021,3.4506
11.4880,0.6902,2.9707
11.4882,0.6839,2.942
11.4884,0.7408,3.1811
11.4886,0.8058,3.4585
11.4888,0.8034,3.4547
11.4890,0.7062,3.0393
11.4892,0.6611,2.8492
11.4894,0.5683,2.4515
11.4896,0.5368,2.3138
11.4898,0.5391,2.3225
11.4900,0.5385,2.321
11.4902,0.54,2.3283
11.4904,0.596,2.5662
11.4906,0.6679,2.872
11.4908,0.7445,3.2
11.4910,0.684,2.9466
11.4912,0.598,2.5798
11.4914,0.5265,2.2725
11.4916,0.483,2.0837
11.4918,0.4852,2.0949
11.4920,0.5526,2.3826
11.4922,0.4854,2.0911
11.4924,0.522,2.2497
11.4926,0.5499,2.3712
11.4928,0.5132,2.213
11.4930,0.5054,2.1814
11.4932,0.5112,2.2042
11.4934,0.5514,2.3774
11.4936,0.5187,2.2337
11.4938,0.5666,2.4397
11.4940,0.5739,2.4724
11.4942,0.5858,2.5211
11.4944,0.5413,2.3329
11.4946,0.5106,2.2037
11.4948,0.5117,2.2042
11.4950,0.5336,2.2998
11.4952,0.5374,2.3175
11.4954,0.5353,2.3082
11.4956,0.4896,2.1112
11.4958,0.4835,2.0828
11.4960,0.4862,2.0938
11.4962,0.5196,2.2425
11.4964,0.4807,2.0748
11.4966,0.485,2.0915
11.4968,0.5006,2.1577
11.4970,0.4888,2.1085
11.4972,0.4871,2.1013
11.4974,0.4722,2.0343
11.4976,0.5084,2.1893
11.4978,0.5703,2.4569
11.4980,0.6046,2.6034
11.4982,0.5845,2.5178
11.4984,0.5823,2.5085
11.4986,0.621,2.6704
11.4988,0.6535,2.8101
11.4990,0.6919,2.971
11.4992,0.7477,3.2104
11.4994,0.8026,3.4478
11.4996,0.7654,3.2866
11.4998,0.7493,3.2206
11.5000,0.7162,3.0798
11.5002,0.7431,3.1908
11.5004,0.8072,3.4631
11.5006,0.8355,3.5845
11.5008,0.8544,3.6653
11.5010,0.8521,3.6589
11.5012,0.795,3.4074
11.5014,0.9062,3.8875
11.5016,0.9381,4.0206
11.5018,0.9436,4.0423
11.5020,0.982,4.2028
11.5022,0.9841,4.216
11.5024,0.9722,4.1612
11.5026,1.0005,4.2903
11.5028,0.9394,4.0262
11.5030,0.9666,4.1429
11.5032,0.9736,4.1669
11.5034,0.9935,4.256
11.5036,0.881,3.783
11.5038,0.8222,3.529
11.5040,0.866,3.7134
11.5042,0.9347,4.0043
11.5044,0.945,4.0542
11.5046,0.8814,3.7863
11.5048,0.8562,3.673
11.5050,0.886,3.7993
11.5052,0.9014,3.8651
11.5054,0.8661,3.7174
11.5056,0.8307,3.5639
11.5058,0.8116,3.4865
11.5060,0.8355,3.5928
11.5062,0.8221,3.5285
11.5064,0.8511,3.6514
11.5066,0.8941,3.8355
11.5068,0.9467,4.0576
11.5070,0.9373,4.0231
11.5072,0.8706,3.7382
11.5074,0.8201,3.5263
11.5076,0.7568,3.2556
11.5078,0.7412,3.1885
11.5080,0.6773,2.9163
11.5082,0.6866,2.9538
11.5084,0.7275,3.1312
11.5086,0.7377,3.1691
11.5088,0.7712,3.3129
11.5090,0.7647,3.2927
11.5092,0.6937,2.9856
11.5094,0.7281,3.1308
11.5096,0.6921,2.9817
11.5098,0.6541,2.8166
11.5100,0.6584,2.8339
11.5102,0.6734,2.8984
11.5104,0.6859,2.9507
11.5106,0.7331,3.1569
11.5108,0.6467,2.7911
11.5110,0.5833,2.5138
11.5112,0.5837,2.5135
11.5114,0.6329,2.729
11.5116,0.5914,2.5525
11.5118,0.5771,2.4886
11.5120,0.5703,2.458
11.5122,0.5727,2.4695
11.5124,0.5768,2.4882
11.5126,0.5964,2.5683
11.5128,0.6503,2.8001
11.5130,0.6169,2.6603
11.5132,0.5481,2.3668
11.5134,0.4853,2.0955
11.5136,0.5112,2.2032
11.5138,0.6223,2.6761
11.5140,0.6843,2.9481
11.5142,0.5886,2.5394
11.5144,0.5264,2.2699
11.5146,0.5247,2.2627
11.5148,0.525,2.2658
11.5150,0.5235,2.2575
11.5152,0.5232,2.257
11.5154,0.5232,2.2559
11.5156,0.5275,2.2714
11.5158,0.5651,2.4358
11.5160,0.5265,2.2715
11.5162,0.5175,2.2316
11.5164,0.5353,2.3071
11.5166,0.5342,2.3024
11.5168,0.5409,2.3335
11.5170,0.5294,2.2818
11.5172,0.5788,2.4924
11.5174,0.5999,2.588
11.5176,0.5831,2.5121
11.5178,0.6451,2.7753
11.5180,0.7172,3.0839
11.5182,0.7231,3.1106
11.5184,0.7147,3.0702
11.5186,0.7441,3.1979
11.5188,0.7449,3.2015
11.5190,0.7518,3.2314
11.5192,0.7956,3.4164
11.5194,0.901,3.8636
11.5196,0.8923,3.8314
11.5198,0.8243,3.5394
11.5200,0.8039,3.4567
11.5202,0.7418,3.1867
11.5204,0.7871,3.383
11.5206,0.7924,3.4072
11.5208,0.7469,3.2103
11.5210,0.7801,3.3546
11.5212,0.7005,3.0207
11.5214,0.6365,2.7407
11.5216,0.6334,2.726
11.5218,0.6289,2.7095
11.5220,0.6297,2.7126
11.5222,0.6275,2.7033
11.5224,0.6253,2.6927
11.5226,0.64,2.7557
11.5228,0.6569,2.8272
11.5230,0.6872,2.9605
11.5232,0.6,2.5826
11.5234,0.6317,2.715
11.5236,0.7168,3.0838
11.5238,0.742,3.1877
11.5240,0.7582,3.2603
11.5242,0.7252,3.1228
11.5244,0.6492,2.7994
11.5246,0.5783,2.4915
11.5248,0.5927,2.5546
11.5250,0.584,2.5157
11.5252,0.6372,2.7438
11.5254,0.6556,2.8241
11.5256,0.6596,2.8391
11.5258,0.6395,2.7485
11.5260,0.6918,2.9774
11.5262,0.6325,2.7262
11.5264,0.5794,2.495
11.5266,0.6426,2.7658
11.5268,0.6758,2.9047
11.5270,0.7345,3.1552
11.5272,0.6982,3.0066
11.5274,0.5556,2.3978
11.5276,0.5047,2.1793
11.5278,0.4979,2.1478
11.5280,0.534,2.2982
11.5282,0.6294,2.7115
11.5284,0.5966,2.5724
11.5286,0.5149,2.2203
11.5288,0.5004,2.1587
11.5290,0.4984,2.1499
11.5292,0.4958,2.138
11.5294,0.5014,2.1608
11.5296,0.5367,2.3144
11.5298,0.5184,2.2363
11.5300,0.4889,2.1071
11.5302,0.5133,2.2105
11.5304,0.5431,2.3407
11.5306,0.5293,2.2844
11.5308,0.4921,2.123
11.5310,0.4801,2.0703
11.5312,0.4885,2.1075
11.5314,0.4978,2.1473
11.5316,0.4985,2.1494
11.5318,0.4972,2.1447
11.5320,0.5243,2.2595
11.5322,0.5721,2.4646
11.5324,0.598,2.5738
11.5326,0.6325,2.7237
11.5328,0.6251,2.6867
11.5330,0.6987,3.0073
11.5332,0.6908,2.9691
11.5334,0.7041,3.0249
11.5336,0.7276,3.1244
11.5338,0.7769,3.336
11.5340,0.7956,3.41
11.5342,0.9276,3.974
11.5344,1.0143,4.3474
11.5346,0.9827,4.2059
11.5348,0.9834,4.2089
11.5350,0.9754,4.1785
11.5352,0.9659,4.1359
11.5354,1.0046,4.3038
11.5356,0.9503,4.073
11.5358,0.9423,4.0386
11.5360,0.9972,4.2739
11.5362,0.9738,4.1718
11.5364,0.9592,4.1053
11.5366,0.9858,4.2231
11.5368,0.9716,4.1684
11.5370,0.9478,4.0679
11.5372,0.9194,3.9459
11.5374,0.9316,3.9947
11.5376,0.9298,3.9851
11.5378,0.9371,4.0202
11.5380,0.9281,3.9798
11.5382,0.9828,4.2103
11.5384,0.938,4.0257
11.5386,0.8377,3.6004
11.5388,0.8359,3.5961
11.5390,0.815,3.4982
11.5392,0.8599,3.6975
11.5394,0.7961,3.4232
11.5396,0.7987,3.4282
11.5398,0.8474,3.6388
11.5400,0.8186,3.5152
11.5402,0.8394,3.606
11.5404,0.8605,3.6984
11.5406,0.8255,3.5446
11.5408,0.8062,3.473
11.5410,0.6569,2.8272
11.5412,0.7183,3.0871
11.5414,0.767,3.2964
11.5416,0.6993,3.0113
11.5418,0.6371,2.7446
11.5420,0.6389,2.7472
11.5422,0.7469,3.2163
11.5424,0.6711,2.89
11.5426,0.6512,2.8055
11.5428,0.6315,2.7203
11.5430,0.5957,2.5652
11.5432,0.6104,2.6306
11.5434,0.5848,2.5229
11.5436,0.5825,2.5119
11.5438,0.5286,2.2803
11.5440,0.4986,2.1489
11.5442,0.5663,2.4398
11.5444,0.5925,2.556
11.5446,0.55,2.3729
11.5448,0.51,2.2011
11.5450,0.5189,2.2373
11.5452,0.5828,2.5176
11.5454,0.5207,2.2451
11.5456,0.5484,2.3645
11.5458,0.5052,2.1794
11.5460,0.5049,2.1794
11.5462,0.4786,2.0674
11.5464,0.4314,1.8621
11.5466,0.4903,2.1123
11.5468,0.5855,2.5236
11.5470,0.5663,2.4421
11.5472,0.5661,2.4399
11.5474,0.5521,2.3783
11.5476,0.5615,2.4214
11.5478,0.5505,2.376
11.5480,0.4745,2.047
11.5482,0.4516,1.95
11.5484,0.4503,1.9461
11.5486,0.4462,1.9275
11.5488,0.4446,1.919
11.5490,0.4446,1.9199
11.5492,0.4507,1.9454
11.5494,0.448,1.9335
11.5496,0.4466,1.9282
11.5498,0.4528,1.9542
11.5500,0.4479,1.9339
11.5502,0.4478,1.9316
11.5504,0.4599,1.9829
11.5506,0.5184,2.2342
11.5508,0.6012,2.5865
11.5510,0.6118,2.6331
11.5512,0.5654,2.4357
11.5514,0.5683,2.4481
11.5516,0.5733,2.4709
11.5518,0.5785,2.4908
11.5520,0.571,2.46
11.5522,0.5903,2.5419
11.5524,0.6267,2.6959
11.5526,0.695,2.9885
11.5528,0.7068,3.0348
11.5530,0.7918,3.4031
11.5532,0.6852,2.9476
11.5534,0.6192,2.6689
11.5536,0.528,2.2777
11.5538,0.5165,2.2259
11.5540,0.5155,2.2228
11.5542,0.5162,2.2259
11.5544,0.5115,2.2058
11.5546,0.5137,2.2151
11.5548,0.515,2.2187
11.5550,0.5191,2.2384
11.5552,0.5163,2.2275
11.5554,0.5151,2.2172
11.5556,0.5505,2.3727
11.5558,0.5138,2.2156
11.5560,0.5171,2.2306
11.5562,0.5344,2.3035
11.5564,0.5371,2.3116
11.5566,0.5807,2.4995
11.5568,0.5915,2.5483
11.5570,0.5892,2.5373
11.5572,0.5964,2.5683
11.5574,0.6133,2.6349
11.5576,0.6617,2.8478
11.5578,0.663,2.8509
11.5580,0.6811,2.9328
11.5582,0.5512,2.3769
11.5584,0.5258,2.2652
11.5586,0.574,2.4717
11.5588,0.5759,2.4823
11.5590,0.5967,2.5669
11.5592,0.6601,2.8385
11.5594,0.6523,2.805
11.5596,0.6726,2.8908
11.5598,0.6861,2.9518
11.5600,0.6894,2.9629
11.5602,0.66,2.8419
11.5604,0.5908,2.5452
11.5606,0.5994,2.5776
11.5608,0.6744,2.8972
11.5610,0.6801,2.9192
11.5612,0.6859,2.9521
11.5614,0.6421,2.7663
11.5616,0.5378,2.319
11.5618,0.5129,2.2125
11.5620,0.5142,2.2171
11.5622,0.5261,2.2641
11.5624,0.5324,2.2957
11.5626,0.5069,2.1856
11.5628,0.5021,2.1639
11.5630,0.5106,2.1976
11.5632,0.6042,2.5994
11.5634,0.5585,2.4096
11.5636,0.4852,2.093
11.5638,0.4807,2.0729
11.5640,0.4823,2.0796
11.5642,0.4844,2.0889
11.5644,0.4879,2.1039
11.5646,0.4856,2.0931
11.5648,0.4901,2.1103
11.5650,0.5222,2.2476
11.5652,0.6,2.5838
11.5654,0.6424,2.7635
11.5656,0.6355,2.7315
11.5658,0.6698,2.8843
11.5660,0.5967,2.5705
11.5662,0.5967,2.5657
11.5664,0.6731,2.8861
11.5666,0.8032,3.4488
11.5668,0.8263,3.5465
11.5670,0.7919,3.4004
11.5672,0.811,3.4774
11.5674,0.8924,3.8301
11.5676,0.8537,3.6553
11.5678,0.9302,3.9829
11.5680,0.9833,4.2084
11.5682,0.9389,4.026
11.5684,0.9043,3.8774
11.5686,0.8728,3.7462
11.5688,0.8532,3.6567
11.5690,0.9606,4.1191
11.5692,0.9269,3.9691
11.5694,0.9336,4.0016
11.5696,0.9232,3.9568
11.5698,0.9323,3.9959
11.5700,0.9381,4.0168
11.5702,0.9569,4.0993
11.5704,0.9473,4.0658
11.5706,0.8937,3.8322
11.5708,0.9228,3.9571
11.5710,0.9179,3.9397
11.5712,0.9149,3.9214
11.5714,0.9429,4.0392
11.5716,0.9423,4.0442
11.5718,0.8876,3.8095
11.5720,0.9502,4.0725
11.5722,0.9507,4.0783
11.5724,0.8863,3.8092
11.5726,0.871,3.735
11.5728,0.8879,3.8093
11.5730,0.8672,3.7203
11.5732,0.8407,3.615
11.5734,0.7835,3.3691
11.5736,0.7768,3.3402
11.5738,0.718,3.089
11.5740,0.6249,2.6906
11.5742,0.6286,2.7054
11.5744,0.6741,2.9029
11.5746,0.6648,2.8599
11.5748,0.7209,3.1014
11.5750,0.7463,3.2122
11.5752,0.7289,3.1374
11.5754,0.6342,2.7309
11.5756,0.6334,2.7311
11.5758,0.5852,2.5209
11.5760,0.6365,2.7395
11.5762,0.6536,2.8146
11.5764,0.6705,2.886
11.5766,0.6729,2.8937
11.5768,0.7156,3.0815
11.5770,0.6632,2.8532
11.5772,0.6211,2.6746
11.5774,0.6024,2.5917
11.5776,0.6848,2.9474
11.5778,0.694,2.9886
11.5780,0.6605,2.8387
11.5782,0.7222,3.1085
11.5784,0.6765,2.9172
11.5786,0.5888,2.5376
11.5788,0.584,2.5157
11.5790,0.5894,2.5413
11.5792,0.5976,2.5734
11.5794,0.604,2.6008
11.5796,0.5937,2.554
11.5798,0.6369,2.7448
11.5800,0.621,2.6741
11.5802,0.6725,2.8903
11.5804,0.7056,3.0367
11.5806,0.6427,2.7663
11.5808,0.6678,2.8675
11.5810,0.7553,3.2464
11.5812,0.7447,3.2035
11.5814,0.7371,3.1725
11.5816,0.6674,2.8766
11.5818,0.5529,2.3842
11.5820,0.5553,2.3934
11.5822,0.5739,2.4735
11.5824,0.5536,2.3862
11.5826,0.5558,2.3955
11.5828,0.5532,2.3863
11.5830,0.5592,2.4066
11.5832,0.7041,3.025
11.5834,0.7451,3.2026
11.5836,0.7021,3.0218
11.5838,0.6531,2.812
11.5840,0.6399,2.754
11.5842,0.6429,2.7682
11.5844,0.6408,2.7581
11.5846,0.6483,2.7927
11.5848,0.6608,2.8416
11.5850,0.7125,3.0624
11.5852,0.7449,3.1956
11.5854,0.844,3.6206
11.5856,0.836,3.5883
11.5858,0.8086,3.4704
11.5860,0.7581,3.2644
11.5862,0.6495,2.7965
11.5864,0.7115,3.0535
11.5866,0.8299,3.562
11.5868,0.8672,3.7256
11.5870,0.7974,3.4273
11.5872,0.7208,3.1009
11.5874,0.6531,2.8147
11.5876,0.6124,2.6407
11.5878,0.6108,2.6315
11.5880,0.6108,2.6291
11.5882,0.6128,2.6398
11.5884,0.6104,2.6319
11.5886,0.6059,2.6091
11.5888,0.6092,2.6218
11.5890,0.6136,2.6434
11.5892,0.6158,2.6551
11.5894,0.5956,2.5647
11.5896,0.6555,2.8184
11.5898,0.7456,3.2002
11.5900,0.8491,3.6495
11.5902,0.7538,3.2413
11.5904,0.7285,3.1354
11.5906,0.6107,2.6334
11.5908,0.5379,2.3206
11.5910,0.5476,2.3604
11.5912,0.5726,2.4667
11.5914,0.5773,2.488
11.5916,0.5841,2.5175
11.5918,0.6189,2.6624
11.5920,0.6662,2.8675
11.5922,0.616,2.6488
11.5924,0.6606,2.8459
11.5926,0.6233,2.684
11.5928,0.6971,2.996
11.5930,0.7625,3.2789
11.5932,0.7389,3.1817
11.5934,0.6206,2.6758
11.5936,0.551,2.377
11.5938,0.4455,1.9236
11.5940,0.4028,1.7393
11.5942,0.5172,2.2312
11.5944,0.5138,2.2156
11.5946,0.4888,2.1085
11.5948,0.4919,2.122
11.5950,0.5309,2.288
11.5952,0.5191,2.2384
11.5954,0.5118,2.2079
11.5956,0.4924,2.1241
11.5958,0.4764,2.0543
11.5960,0.4966,2.1422
11.5962,0.4997,2.1566
11.5964,0.4828,2.0837
11.5966,0.4816,2.0775
11.5968,0.4745,2.047
11.5970,0.4913,2.1184
11.5972,0.5179,2.2301
11.5974,0.5721,2.4624
11.5976,0.5804,2.5003
11.5978,0.59,2.5416
11.5980,0.6107,2.6298
11.5982,0.6065,2.6093
11.5984,0.6219,2.6778
11.5986,0.673,2.8937
11.5988,0.7586,3.2543
11.5990,0.8504,3.65
11.5992,0.7775,3.3418
11.5994,0.7623,3.2763
11.5996,0.7804,3.3495
11.5998,0.835,3.5837
11.6000,0.8751,3.7561
11.6002,0.892,3.8215
11.6004,0.9685,4.1434
11.6006,1.0036,4.2952
11.6008,1.0474,4.4789
11.6010,1.125,4.8106
11.6012,1.1428,4.8842
11.6014,1.0563,4.5253
11.6016,0.9789,4.1954
11.6018,0.9705,4.1555
11.6020,1.0062,4.3085
11.6022,0.9819,4.2122
11.6024,0.9273,3.9744
11.6026,0.9657,4.1389
11.6028,0.9953,4.2678
11.6030,0.9755,4.179
11.6032,0.9841,4.216
11.6034,0.9773,4.1887
11.6036,0.9994,4.2793
11.6038,1.0486,4.4924
11.6040,1.1002,4.7067
11.6042,1.1003,4.705
11.6044,1.1084,4.7482
11.6046,1.0357,4.4369
11.6048,1.0496,4.4923
11.6050,0.9994,4.2873
11.6052,0.887,3.8159
11.6054,0.7817,3.3614
11.6056,0.7888,3.3934
11.6058,0.7351,3.1638
11.6060,0.7242,3.1153
11.6062,0.7916,3.4021
11.6064,0.7739,3.3279
11.6066,0.7526,3.2376
11.6068,0.6974,3.0017
11.6070,0.7431,3.1983
11.6072,0.8025,3.4506
11.6074,0.7836,3.3743
11.6076,0.6572,2.8341
11.6078,0.6569,2.8299
11.6080,0.6487,2.7909
11.6082,0.6611,2.848
11.6084,0.6584,2.8392
11.6086,0.6209,2.6749
11.6088,0.6273,2.7073
11.6090,0.5842,2.5203
11.6092,0.5204,2.2472
11.6094,0.4956,2.138
11.6096,0.5417,2.3323
11.6098,0.6258,2.6948
11.6100,0.6596,2.8431
11.6102,0.5981,2.5791
11.6104,0.5861,2.5298
11.6106,0.5846,2.5195
11.6108,0.6258,2.6948
11.6110,0.5691,2.4551
11.6112,0.5022,2.1665
11.6114,0.5155,2.226
11.6116,0.4937,2.1298
11.6118,0.5294,2.285
11.6120,0.508,2.1934
11.6122,0.4901,2.1142
11.6124,0.5074,2.1877
11.6126,0.5048,2.1759
11.6128,0.5244,2.259
11.6130,0.5936,2.5571
11.6132,0.5803,2.5033
11.6134,0.4386,1.8941
11.6136,0.4071,1.7595
11.6138,0.4529,1.9566
11.6140,0.4743,2.046
11.6142,0.5137,2.2151
11.6144,0.5087,2.1975
11.6146,0.4457,1.9255
11.6148,0.446,1.9257
11.6150,0.4468,1.9275
11.6152,0.4486,1.9344
11.6154,0.4836,2.0882
11.6156,0.4397,1.8996
11.6158,0.4407,1.9038
11.6160,0.4651,2.0066
11.6162,0.4574,1.973
11.6164,0.4451,1.9229
11.6166,0.4478,1.9316
11.6168,0.5084,2.1903
11.6170,0.5528,2.3793
11.6172,0.5695,2.4544
11.6174,0.5673,2.4451
11.6176,0.6126,2.6368
11.6178,0.6445,2.7728
11.6180,0.663,2.8536
11.6182,0.6616,2.8461
11.6184,0.6708,2.8831
11.6186,0.675,2.9011
11.6188,0.7124,3.0648
11.6190,0.7353,3.1589
11.6192,0.7929,3.4078
11.6194,0.7365,3.1685
11.6196,0.7112,3.0582
11.6198,0.7104,3.0532
11.6200,0.6995,3.0077
11.6202,0.6535,2.8141
11.6204,0.6342,2.731
11.6206,0.6761,2.9098
11.6208,0.686,2.9499
11.6210,0.7111,3.0605
11.6212,0.6706,2.8847
11.6214,0.7051,3.0319
11.6216,0.6764,2.91
11.6218,0.6147,2.6456
11.6220,0.6095,2.6283
11.6222,0.5485,2.3662
11.6224,0.5427,2.3392
11.6226,0.5506,2.3744
11.6228,0.5504,2.3722
11.6230,0.5941,2.5568
11.6232,0.6638,2.8585
11.6234,0.6267,2.6972
11.6236,0.6113,2.6324
11.6238,0.5825,2.5096
11.6240,0.5853,2.5215
11.6242,0.5423,2.3382
11.6244,0.4973,2.1433
11.6246,0.5156,2.2234
11.6248,0.5277,2.2756
11.6250,0.5143,2.2157
11.6252,0.5034,2.1696
11.6254,0.5137,2.2162
11.6256,0.5081,2.1888
11.6258,0.5871,2.528
11.6260,0.6081,2.6184
11.6262,0.6336,2.7271
11.6264,0.6246,2.6884
11.6266,0.5776,2.4907
11.6268,0.5335,2.3004
11.6270,0.5275,2.2746
11.6272,0.5429,2.3364
11.6274,0.6203,2.6736
11.6276,0.5891,2.5368
11.6278,0.5785,2.4909
11.6280,0.6027,2.5928
11.6282,0.6724,2.8938
11.6284,0.6236,2.6838
11.6286,0.6173,2.6594
11.6288,0.5159,2.2255
11.6290,0.4921,2.124
11.6292,0.4886,2.108
11.6294,0.4846,2.0885
11.6296,0.4834,2.0843
11.6298,0.4847,2.091
11.6300,0.4861,2.0933
11.6302,0.5493,2.3665
11.6304,0.508,2.1913
11.6306,0.4801,2.0694
11.6308,0.4807,2.0729
11.6310,0.4889,2.1081
11.6312,0.4824,2.0811
11.6314,0.4797,2.0683
11.6316,0.4793,2.0667
11.6318,0.5018,2.1609
11.6320,0.58,2.4906
11.6322,0.6617,2.8466
11.6324,0.6018,2.5928
11.6326,0.5865,2.5243
11.6328,0.6529,2.8011
11.6330,0.7564,3.2496
11.6332,0.7727,3.3181
11.6334,0.7985,3.4224
11.6336,0.8441,3.6228
11.6338,0.7385,3.1787
11.6340,0.74,3.1775
11.6342,0.8495,3.6391
11.6344,0.9129,3.9164
11.6346,0.8381,3.5987
11.6348,0.8328,3.5711
11.6350,0.8676,3.7236
11.6352,0.8214,3.5222
11.6354,0.8455,3.6273
11.6356,0.9092,3.8913
11.6358,1.0057,4.3085
11.6360,0.9506,4.0741
11.6362,0.9628,4.1265
11.6364,0.9043,3.8793
11.6366,0.8842,3.7952
11.6368,0.8544,3.6653
11.6370,0.851,3.6526
11.6372,0.8936,3.8335
11.6374,0.9309,3.9898
11.6376,0.9134,3.9166
11.6378,0.9197,3.9438
11.6380,0.9467,4.0576
11.6382,0.9118,3.9044
11.6384,0.9317,4.0009
11.6386,0.8702,3.7332
11.6388,0.9494,4.0671
11.6390,0.9673,4.148
11.6392,0.967,4.1445
11.6394,0.9791,4.1905
11.6396,0.9883,4.234
11.6398,1.0117,4.3403
11.6400,0.9519,4.0778
11.6402,0.9742,4.1773
11.6404,0.939,4.0323
11.6406,0.8583,3.6909
11.6408,0.7635,3.283
11.6410,0.7481,3.217
11.6412,0.6888,2.9632
11.6414,0.6587,2.835
11.6416,0.692,2.9771
11.6418,0.7485,3.2186
11.6420,0.7272,3.1282
11.6422,0.7328,3.1539
11.6424,0.6888,2.9673
11.6426,0.6231,2.6817
11.6428,0.663,2.8536
11.6430,0.6953,2.991
11.6432,0.6882,2.9606
11.6434,0.6659,2.8646
11.6436,0.6628,2.8539
11.6438,0.7166,3.0814
11.6440,0.7497,3.2267
11.6442,0.6887,2.9613
11.6444,0.6917,2.9825
11.6446,0.5623,2.4245
11.6448,0.575,2.4759
11.6450,0.6357,2.7397
11.6452,0.606,2.6108
11.6454,0.6732,2.9001
11.6456,0.6393,2.7552
11.6458,0.5726,2.469
11.6460,0.6081,2.6196
11.6462,0.6105,2.6287
11.6464,0.6227,2.6814
11.6466,0.6545,2.8195
11.6468,0.656,2.825
11.6470,0.6569,2.8273
11.6472,0.6712,2.8887
11.6474,0.7183,3.0901
11.6476,0.7167,3.0848
11.6478,0.6309,2.7178
11.6480,0.5624,2.4228
11.6482,0.5646,2.4344
11.6484,0.5676,2.4473
11.6486,0.5755,2.4814
11.6488,0.5643,2.4345
11.6490,0.4914,2.1189
11.6492,0.4842,2.0889
11.6494,0.4855,2.0926
11.6496,0.5318,2.2921
11.6498,0.6172,2.6552
11.6500,0.7049,3.0309
11.6502,0.7167,3.0848
11.6504,0.6433,2.7702
11.6506,0.6289,2.707
11.6508,0.6322,2.7197
11.6510,0.6328,2.7235
11.6512,0.6383,2.7485
11.6514,0.6566,2.8249
11.6516,0.7104,3.0503
11.6518,0.7625,3.2789
11.6520,0.7598,3.267
11.6522,0.7089,3.0512
11.6524,0.6824,2.9358
11.6526,0.6911,2.9757
11.6528,0.6264,2.6962
11.6530,0.6417,2.7591
11.6532,0.7178,3.0909
11.6534,0.6667,2.8722
11.6536,0.6243,2.6881
11.6538,0.6219,2.6778
11.6540,0.6218,2.6773
11.6542,0.6288,2.7103
11.6544,0.6237,2.6868
11.6546,0.6225,2.6829
11.6548,0.6113,2.6348
11.6550,0.6106,2.6268
11.6552,0.6641,2.8595
11.6554,0.6513,2.8017
11.6556,0.6538,2.8164
11.6558,0.5992,2.579
11.6560,0.6461,2.7756
11.6562,0.6906,2.9737
11.6564,0.7091,3.0489
11.6566,0.7368,3.1725
11.6568,0.6772,2.9118
11.6570,0.6903,2.9712
11.6572,0.7176,3.0855
11.6574,0.7388,3.1783
11.6576,0.681,2.931
11.6578,0.6676,2.8705
11.6580,0.6873,2.9542
11.6582,0.7272,3.1297
11.6584,0.73,3.1406
11.6586,0.7362,3.1625
11.6588,0.7804,3.3573
11.6590,0.6864,2.9583
11.6592,0.5847,2.5166
11.6594,0.6227,2.6826
11.6596,0.6328,2.7248
11.6598,0.6779,2.9135
11.6600,0.7177,3.0875
11.6602,0.7439,3.2034
11.6604,0.6778,2.9116
11.6606,0.6873,2.9597
11.6608,0.614,2.6449
11.6610,0.6141,2.6467
11.6612,0.6255,2.6945
11.6614,0.619,2.6654
11.6616,0.6069,2.6145
11.6618,0.6116,2.6322
11.6620,0.6696,2.8806
11.6622,0.651,2.8046
11.6624,0.5974,2.5737
11.6626,0.6226,2.6796
11.6628,0.6255,2.6958
11.6630,0.5491,2.3655
11.6632,0.5955,2.5654
11.6634,0.5514,2.3775
11.6636,0.5034,2.1707
11.6638,0.499,2.1515
11.6640,0.4988,2.151
11.6642,0.501,2.1613
11.6644,0.5038,2.1732
11.6646,0.5008,2.1613
11.6648,0.501,2.1613
11.6650,0.4927,2.1246
11.6652,0.5584,2.4013
11.6654,0.6403,2.7535
11.6656,0.6788,2.919
11.6658,0.6817,2.9341
11.6660,0.6287,2.7047
11.6662,0.6455,2.7743
11.6664,0.7384,3.1723
11.6666,0.7812,3.3546
11.6668,0.789,3.3897
11.6670,0.8163,3.5017
11.6672,0.8462,3.6303
11.6674,0.8522,3.6544
11.6676,0.8514,3.6559
11.6678,0.8485,3.6418
11.6680,0.8609,3.6965
11.6682,0.8464,3.6359
11.6684,0.8376,3.595
11.6686,0.8302,3.5647
11.6688,0.8459,3.6322
11.6690,0.8438,3.6251
11.6692,0.8486,3.644
11.6694,0.8326,3.575
11.6696,0.799,3.4324
11.6698,0.8458,3.6317
11.6700,0.8765,3.7635
11.6702,0.8448,3.6208
11.6704,0.9679,4.1447
11.6706,1.0136,4.3404
11.6708,1.0087,4.3193
11.6710,1.0407,4.4585
11.6712,1.0346,4.4385
11.6714,0.9167,3.9365
11.6716,0.8513,3.6571
11.6718,0.8442,3.625
11.6720,0.8356,3.5879
11.6722,0.7715,3.3145
11.6724,0.7938,3.4151
11.6726,0.74,3.1849
11.6728,0.7155,3.0768
11.6730,0.7556,3.246
11.6732,0.8131,3.4997
11.6734,0.7288,3.1282
11.6736,0.8045,3.461
11.6738,0.7316,3.1473
11.6740,0.7263,3.129
11.6742,0.6855,2.9547
11.6744,0.6414,2.7607
11.6746,0.6483,2.7953
11.6748,0.6125,2.6375
11.6750,0.6132,2.6406
11.6752,0.6335,2.7279
11.6754,0.6772,2.9172
11.6756,0.6104,2.6343
11.6758,0.5166,2.2317
11.6760,0.5027,2.1706
11.6762,0.5052,2.1804
11.6764,0.466,2.0103
11.6766,0.4907,2.1178
11.6768,0.5002,2.1577
11.6770,0.504,2.1773
11.6772,0.4725,2.0382
11.6774,0.5209,2.2472
11.6776,0.5004,2.1577
11.6778,0.5613,2.4193
11.6780,0.6006,2.5864
11.6782,0.6136,2.6422
11.6784,0.6129,2.6378
11.6786,0.636,2.7387
11.6788,0.6565,2.8257
11.6790,0.6547,2.8206
11.6792,0.6486,2.7929
11.6794,0.6246,2.6909
11.6796,0.5959,2.5657
11.6798,0.6306,2.7142
11.6800,0.6695,2.8801
11.6802,0.6954,2.9887
11.6804,0.7597,3.2665
11.6806,0.732,3.1489
11.6808,0.6895,2.9663
11.6810,0.7709,3.315
11.6812,0.733,3.152
11.6814,0.6782,2.9191
11.6816,0.689,2.9669
11.6818,0.661,2.8435
11.6820,0.6997,3.0087
11.6822,0.6586,2.8437
11.6824,0.4572,1.9734
11.6826,0.4755,2.0511
11.6828,0.4916,2.1219
11.6830,0.5204,2.241
11.6832,0.6891,2.9661
11.6834,0.6387,2.7501
11.6836,0.5957,2.5652
11.6838,0.592,2.5504
11.6840,0.5959,2.5681
11.6842,0.5932,2.5544
11.6844,0.5959,2.5693
11.6846,0.6098,2.6256
11.6848,0.6866,2.9552
11.6850,0.6744,2.8999
11.6852,0.7164,3.0775
11.6854,0.7222,3.1056
11.6856,0.6809,2.9373
11.6858,0.5697,2.4532
11.6860,0.6093,2.6224
11.6862,0.6782,2.9218
11.6864,0.6345,2.732
11.6866,0.6203,2.6698
11.6868,0.6276,2.7051
11.6870,0.5485,2.3651
11.6872,0.5238,2.2607
11.6874,0.5192,2.241
11.6876,0.5575,2.4016
11.6878,0.6003,2.5848
11.6880,0.611,2.6308
11.6882,0.6372,2.7439
11.6884,0.6266,2.6967
11.6886,0.6351,2.7346
11.6888,0.6431,2.773
11.6890,0.5636,2.4302
11.6892,0.5497,2.3658
11.6894,0.6093,2.6224
11.6896,0.607,2.6186
11.6898,0.5355,2.306
11.6900,0.5863,2.5244
11.6902,0.5925,2.5513
11.6904,0.5977,2.5735
11.6906,0.5692,2.4534
11.6908,0.5689,2.4518
11.6910,0.5281,2.2772
11.6912,0.4774,2.0604
11.6914,0.4711,2.0325
11.6916,0.4617,1.9916
11.6918,0.4716,2.0327
11.6920,0.4882,2.104
11.6922,0.4734,2.0433
11.6924,0.4684,2.0234
11.6926,0.4637,2.0014
11.6928,0.4638,2.0028
11.6930,0.4593,1.9813
11.6932,0.5202,2.243
11.6934,0.481,2.074
11.6936,0.4921,2.1161
11.6938,0.676,2.9066
11.6940,0.6701,2.8827
11.6942,0.623,2.6799
11.6944,0.6318,2.7219
11.6946,0.601,2.5879
11.6948,0.6517,2.7985
11.6950,0.7059,3.0355
11.6952,0.712,3.0632
11.6954,0.6287,2.7072
11.6956,0.6251,2.6905
11.6958,0.6443,2.7743
11.6960,0.5809,2.5012
11.6962,0.5275,2.2767
11.6964,0.4728,2.0407
11.6966,0.4752,2.0491
11.6968,0.4791,2.0647
11.6970,0.4979,2.1449
11.6972,0.5578,2.4032
11.6974,0.5794,2.495
11.6976,0.5828,2.5106
11.6978,0.6004,2.5842
11.6980,0.6113,2.6311
11.6982,0.6366,2.7375
11.6984,0.6668,2.8674
11.6986,0.6772,2.9131
11.6988,0.7081,3.0405
11.6990,0.824,3.5368
11.6992,0.8049,3.4561
11.6994,0.7604,3.2666
11.6996,0.7758,3.3315
11.6998,0.7865,3.3742
11.7000,0.8262,3.5444
11.7002,0.9024,3.8639
11.7004,0.992,4.2499
11.7006,0.9961,4.2654
11.7008,1.0259,4.3825
11.7010,1.1377,4.8604
11.7012,1.1404,4.8877
11.7014,0.9618,4.1205
11.7016,0.9696,4.1558
11.7018,0.959,4.1043
11.7020,1.0177,4.3599
11.7022,0.9925,4.2579
11.7024,0.8808,3.7785
11.7026,0.9223,3.9583
11.7028,0.8509,3.6555
11.7030,0.8169,3.5076
11.7032,0.8112,3.4817
11.7034,0.8627,3.6991
11.7036,0.8514,3.6559
11.7038,0.8323,3.579
11.7040,0.7484,3.218
11.7042,0.7607,3.2712
11.7044,0.7533,3.2377
11.7046,0.7475,3.2144
11.7048,0.7462,3.2088
11.7050,0.7469,3.2104
11.7052,0.7975,3.4263
11.7054,0.7824,3.3629
11.7056,0.783,3.3624
11.7058,0.8467,3.6358
11.7060,0.8786,3.7745
11.7062,0.8069,3.4681
11.7064,0.7827,3.3624
11.7066,0.8713,3.7361
11.7068,0.8641,3.7174
11.7070,0.724,3.1134
11.7072,0.7659,3.2918
11.7074,0.7414,3.1896
11.7076,0.6937,2.9829
11.7078,0.7385,3.1787
11.7080,0.6956,2.994
11.7082,0.7517,3.231
11.7084,0.7668,3.3005
11.7086,0.6905,2.9745
11.7088,0.6622,2.8513
11.7090,0.664,2.859
11.7092,0.6577,2.8335
11.7094,0.607,2.6101
11.7096,0.7221,3.1037
11.7098,0.761,3.2737
11.7100,0.7152,3.0809
11.7102,0.6623,2.8544
11.7104,0.6092,2.6255
11.7106,0.565,2.4364
11.7108,0.5612,2.4199
11.7110,0.5649,2.4359
11.7112,0.5629,2.426
11.7114,0.5605,2.4168
11.7116,0.5583,2.4064
11.7118,0.5734,2.4715
11.7120,0.565,2.4364
11.7122,0.5743,2.4762
11.7124,0.5749,2.4777
11.7126,0.5702,2.4587
11.7128,0.5401,2.3235
11.7130,0.6371,2.7421
11.7132,0.5997,2.5847
11.7134,0.5672,2.448
11.7136,0.5253,2.2642
11.7138,0.5327,2.2968
11.7140,0.5415,2.3362
11.7142,0.5372,2.3175
11.7144,0.5345,2.3035
11.7146,0.5389,2.3226
11.7148,0.5379,2.3163
11.7150,0.5414,2.3346
11.7152,0.5381,2.3179
11.7154,0.5632,2.4298
11.7156,0.5261,2.2673
11.7158,0.5794,2.4973
11.7160,0.5789,2.4918
11.7162,0.6445,2.7715
11.7164,0.6551,2.8195
11.7166,0.5852,2.5198
11.7168,0.5828,2.5118
11.7170,0.634,2.7325
11.7172,0.6379,2.747
11.7174,0.6417,2.7604
11.7176,0.6619,2.8476
11.7178,0.7093,3.0514
11.7180,0.6872,2.9523
11.7182,0.726,3.1187
11.7184,0.7244,3.1164
11.7186,0.725,3.1175
11.7188,0.7427,3.1908
11.7190,0.7746,3.3263
11.7192,0.7966,3.4237
11.7194,0.7922,3.4015
11.7196,0.7905,3.3975
11.7198,0.7685,3.3031
11.7200,0.719,3.0946
11.7202,0.7445,3.2015
11.7204,0.7963,3.4195
11.7206,0.8049,3.4561
11.7208,0.7557,3.2495
11.7210,0.7577,3.2583
11.7212,0.7575,3.2603
11.7214,0.6576,2.833
11.7216,0.6303,2.7127
11.7218,0.6281,2.7034
11.7220,0.6246,2.6922
11.7222,0.5726,2.4679
11.7224,0.5616,2.4203
11.7226,0.5589,2.4112
11.7228,0.5981,2.572
11.7230,0.7201,3.0935
11.7232,0.7375,3.1711
11.7234,0.7158,3.0821
11.7236,0.6611,2.8493
11.7238,0.5912,2.5492
11.7240,0.5403,2.3288
11.7242,0.5787,2.4919
11.7244,0.6378,2.7465
11.7246,0.6048,2.6045
11.7248,0.6014,2.5883
11.7250,0.6352,2.7389
11.7252,0.6034,2.6007
11.7254,0.654,2.8136
11.7256,0.7093,3.05
11.7258,0.6824,2.9385
11.7260,0.5996,2.5805
11.7262,0.6495,2.7927
11.7264,0.7451,3.2041
11.7266,0.7037,3.0299
11.7268,0.6727,2.8981
11.7270,0.5882,2.5362
11.7272,0.5667,2.4437
11.7274,0.5664,2.4387
11.7276,0.6286,2.7042
11.7278,0.6439,2.7702
11.7280,0.6403,2.7547
11.7282,0.6565,2.827
11.7284,0.5992,2.5838
11.7286,0.572,2.4653
11.7288,0.5696,2.4549
11.7290,0.5676,2.4427
11.7292,0.6219,2.6778
11.7294,0.5911,2.5463
11.7296,0.6534,2.8123
11.7298,0.612,2.6367
11.7300,0.5642,2.4328
11.7302,0.5614,2.4209
11.7304,0.5577,2.4027
11.7306,0.5607,2.4156
11.7308,0.5638,2.4313
11.7310,0.5594,2.411
11.7312,0.5586,2.404
11.7314,0.563,2.4254
11.7316,0.5887,2.5359
11.7318,0.6378,2.7452
11.7320,0.6592,2.8331
11.7322,0.7538,3.2428
11.7324,0.6966,2.9953
11.7326,0.6923,2.9767
11.7328,0.712,3.0575
11.7330,0.8151,3.4966
11.7332,0.8466,3.6353
11.7334,0.8086,3.4753
11.7336,0.7712,3.3083
11.7338,0.8386,3.6058
11.7340,0.7364,3.1665
11.7342,0.811,3.4775
11.7344,0.8895,3.8125
11.7346,0.8989,3.8562
11.7348,0.8956,3.8387
11.7350,0.9384,4.0222
11.7352,0.9525,4.0823
11.7354,0.9375,4.0181
11.7356,0.9669,4.1498
11.7358,0.8899,3.8212
11.7360,0.8883,3.8056
11.7362,0.9694,4.1548
11.7364,0.9278,3.9802
11.7366,0.8872,3.8081
11.7368,0.9057,3.8855
11.7370,0.9678,4.152
11.7372,0.9359,4.0076
11.7374,0.9684,4.1468
11.7376,0.9922,4.2485
11.7378,0.9968,4.2745
11.7380,0.9888,4.244
11.7382,0.9769,4.1852
11.7384,0.9892,4.2455
11.7386,0.9437,4.0486
11.7388,0.9117,3.9112
11.7390,0.886,3.8082
11.7392,0.8086,3.4753
11.7394,0.858,3.679
11.7396,0.9163,3.9363
11.7398,0.8742,3.7572
11.7400,0.7913,3.4026
11.7402,0.7593,3.2635
11.7404,0.8035,3.4585
11.7406,0.7296,3.14
11.7408,0.6698,2.8857
11.7410,0.628,2.7029
11.7412,0.6911,2.9799
11.7414,0.6778,2.9184
11.7416,0.7106,3.0556
11.7418,0.7411,3.1896
11.7420,0.6427,2.7676
11.7422,0.654,2.8214
11.7424,0.5197,2.242
11.7426,0.5516,2.3752
11.7428,0.672,2.8909
11.7430,0.6673,2.8788
11.7432,0.5918,2.5494
11.7434,0.6361,2.7431
11.7436,0.5749,2.48
11.7438,0.5692,2.4534
11.7440,0.5468,2.3589
11.7442,0.4961,2.1401
11.7444,0.5743,2.4762
11.7446,0.5842,2.5192
11.7448,0.57,2.4588
11.7450,0.515,2.2239
11.7452,0.4937,2.1298
11.7454,0.4999,2.1567
11.7456,0.5104,2.1996
11.7458,0.5129,2.2136
11.7460,0.4455,1.9236
11.7462,0.519,2.2389
11.7464,0.5919,2.5511
11.7466,0.595,2.5645
11.7468,0.5252,2.2658
11.7470,0.4621,1.9946
11.7472,0.4539,1.9589
11.7474,0.4512,1.9484
11.7476,0.4892,2.1096
11.7478,0.5339,2.302
11.7480,0.5594,2.4121
11.7482,0.5533,2.3835
11.7484,0.5589,2.4089
11.7486,0.5545,2.3931
11.7488,0.4649,2.0056
11.7490,0.4572,1.9743
11.7492,0.475,2.0481
11.7494,0.5354,2.3066
11.7496,0.561,2.4166
11.7498,0.5539,2.3895
11.7500,0.5455,2.3521
11.7502,0.5524,2.381
11.7504,0.5485,2.3629
11.7506,0.5551,2.3913
11.7508,0.5589,2.4089
11.7510,0.5518,2.3773
11.7512,0.5598,2.4126
11.7514,0.5718,2.4608
11.7516,0.6445,2.7715
11.7518,0.7467,3.2078
11.7520,0.8109,3.4786
11.7522,0.7833,3.3744
11.7524,0.572,2.4653
11.7526,0.5446,2.3496
11.7528,0.5776,2.4849
11.7530,0.6236,2.6863
11.7532,0.5521,2.3828
11.7534,0.534,2.3014
11.7536,0.5455,2.3478
11.7538,0.609,2.6262
11.7540,0.552,2.3801
11.7542,0.5315,2.2906
11.7544,0.5268,2.2715
11.7546,0.5401,2.3289
11.7548,0.5451,2.3484
11.7550,0.5454,2.3516
11.7552,0.5694,2.4539
11.7554,0.5396,2.3257
11.7556,0.531,2.2875
11.7558,0.5463,2.3525
11.7560,0.5965,2.5707
11.7562,0.5064,2.1836
11.7564,0.5147,2.2182
11.7566,0.6246,2.6847
11.7568,0.6865,2.952
11.7570,0.6671,2.8725
11.7572,0.5727,2.4672
11.7574,0.5598,2.4126
11.7576,0.5721,2.4635
11.7578,0.6017,2.5874
11.7580,0.6688,2.877
11.7582,0.655,2.8203
11.7584,0.6896,2.9626
11.7586,0.689,2.9642
11.7588,0.6466,2.7829
11.7590,0.5992,2.5778
11.7592,0.5997,2.5823
11.7594,0.6309,2.7127
11.7596,0.6912,2.9707
11.7598,0.6616,2.8487
11.7600,0.6334,2.7236
11.7602,0.6738,2.8973
11.7604,0.6951,2.9863
11.7606,0.7275,3.1269
11.7608,0.711,3.0586
11.7610,0.6944,2.9916
11.7612,0.5835,2.5137
11.7614,0.5042,2.1753
11.7616,0.5058,2.181
11.7618,0.5047,2.1753
11.7620,0.5113,2.2027
11.7622,0.5569,2.399
11.7624,0.5527,2.3832
11.7626,0.4925,2.1226
11.7628,0.4863,2.0967
11.7630,0.4846,2.0914
11.7632,0.4845,2.0909
11.7634,0.4791,2.0657
11.7636,0.4835,2.0848
11.7638,0.5041,2.1727
11.7640,0.5526,2.3816
11.7642,0.5143,2.2177
11.7644,0.4846,2.0895
11.7646,0.4904,2.1158
11.7648,0.5024,2.1665
11.7650,0.5034,2.1707
11.7652,0.5301,2.2849
11.7654,0.5738,2.4673
11.7656,0.6355,2.7379
11.7658,0.5984,2.5754
11.7660,0.6487,2.7857
11.7662,0.7654,3.2836
11.7664,0.8145,3.4989
11.7666,0.7877,3.3824
11.7668,0.835,3.582
11.7670,0.8522,3.6561
11.7672,0.8273,3.5474
11.7674,0.9178,3.9301
11.7676,0.945,4.0467
11.7678,0.9649,4.128
11.7680,1.0124,4.3332
11.7682,1.0024,4.2901
11.7684,1.0702,4.5763
11.7686,1.1273,4.8159
11.7688,1.0755,4.601
11.7690,1.0477,4.4736
11.7692,1.1079,4.7307
11.7694,1.163,4.9685
11.7696,1.1248,4.8254
11.7698,0.9472,4.0616
11.7700,0.9119,3.9122
11.7702,0.8824,3.7804
11.7704,0.9182,3.9335
11.7706,0.9684,4.1487
11.7708,0.9857,4.2227
11.7710,1.023,4.3784
11.7712,1.0202,4.3829
11.7714,0.8647,3.7165
11.7716,0.8444,3.626
11.7718,0.8122,3.4907
11.7720,0.7793,3.3495
11.7722,0.7387,3.1763
11.7724,0.7479,3.21
11.7726,0.7978,3.4321
11.7728,0.7038,3.0319
11.7730,0.6978,3.0032
11.7732,0.7103,3.0527
11.7734,0.7011,3.0149
11.7736,0.8077,3.4684
11.7738,0.8442,3.6317
11.7740,0.7165,3.0795
11.7742,0.7334,3.158
11.7744,0.6786,2.9234
11.7746,0.6553,2.8232
11.7748,0.6981,3.002
11.7750,0.7567,3.2551
11.7752,0.7366,3.169
11.7754,0.7215,3.0997
11.7756,0.7678,3.3
11.7758,0.7703,3.314
11.7760,0.7448,3.2041
11.7762,0.7582,3.2618
11.7764,0.7339,3.1542
11.7766,0.717,3.0873
11.7768,0.6867,2.9544
11.7770,0.7576,3.2547
11.7772,0.7192,3.0999
11.7774,0.6057,2.6117
11.7776,0.5981,2.5791
11.7778,0.6154,2.6487
11.7780,0.6616,2.8487
11.7782,0.6361,2.7392
11.7784,0.6384,2.7465
11.7786,0.6695,2.8814
11.7788,0.6784,2.921
11.7790,0.6496,2.7971
11.7792,0.6445,2.778
11.7794,0.659,2.8365
11.7796,0.7388,3.1768
11.7798,0.7315,3.1483
11.7800,0.6743,2.9021
11.7802,0.6667,2.8722
11.7804,0.6213,2.6764
11.7806,0.6473,2.786
11.7808,0.6617,2.8545
11.7810,0.5551,2.3946
11.7812,0.5415,2.3362
11.7814,0.5317,2.2937
11.7816,0.5458,2.3537
11.7818,0.5444,2.3464
11.7820,0.5349,2.3056
11.7822,0.5328,2.2995
11.7824,0.5468,2.3556
11.7826,0.6349,2.7341
11.7828,0.6847,2.9456
11.7830,0.7065,3.0437
11.7832,0.6407,2.7589
11.7834,0.6715,2.8862
11.7836,0.6791,2.9227
11.7838,0.6455,2.7795
11.7840,0.6749,2.9006
11.7842,0.8044,3.4556
11.7844,0.7715,3.3207
11.7846,0.7467,3.2093
11.7848,0.7651,3.2882
11.7850,0.682,2.9365
11.7852,0.6402,2.7581
11.7854,0.6339,2.7294
11.7856,0.6345,2.7333
11.7858,0.6361,2.7405
11.7860,0.6391,2.747
11.7862,0.7661,3.2928
11.7864,0.7503,3.2308
11.7866,0.6833,2.9353
11.7868,0.7652,3.2841
11.7870,0.7904,3.4033
11.7872,0.6592,2.841
11.7874,0.6183,2.6635
11.7876,0.625,2.6912
11.7878,0.626,2.6953
11.7880,0.6473,2.786
11.7882,0.6547,2.8206
11.7884,0.6363,2.7398
11.7886,0.6519,2.8043
11.7888,0.6204,2.6741
11.7890,0.5503,2.3728
11.7892,0.5426,2.3408
11.7894,0.5654,2.4346
11.7896,0.684,2.9439
11.7898,0.7316,3.1444
11.7900,0.7953,3.4149
11.7902,0.7775,3.3402
11.7904,0.7486,3.2221
11.7906,0.7011,3.0191
11.7908,0.6407,2.7627
11.7910,0.5577,2.406
11.7912,0.5444,2.3486
11.7914,0.5347,2.3045
11.7916,0.5437,2.3433
11.7918,0.5303,2.2854
11.7920,0.5697,2.452
11.7922,0.631,2.7158
11.7924,0.6035,2.6024
11.7926,0.5811,2.5034
11.7928,0.6289,2.707
11.7930,0.6607,2.8438
11.7932,0.643,2.7687
11.7934,0.6619,2.8463
11.7936,0.757,3.2537
11.7938,0.7338,3.1566
11.7940,0.6763,2.9109
11.7942,0.6786,2.9207
11.7944,0.7333,3.1516
11.7946,0.7649,3.2846
11.7948,0.7368,3.1783
11.7950,0.5333,2.3026
11.7952,0.5229,2.2549
11.7954,0.5076,2.1888
11.7956,0.5065,2.1861
11.7958,0.5219,2.2534
11.7960,0.5105,2.2012
11.7962,0.5906,2.5418
11.7964,0.5878,2.5347
11.7966,0.5123,2.2099
11.7968,0.5277,2.2725
11.7970,0.6057,2.6057
11.7972,0.637,2.7441
11.7974,0.5827,2.5113
11.7976,0.6017,2.5922
11.7978,0.63,2.7142
11.7980,0.6132,2.6418
11.7982,0.6147,2.6431
11.7984,0.624,2.6883
11.7986,0.5997,2.5811
11.7988,0.6683,2.8749
11.7990,0.6963,2.9971
11.7992,0.6802,2.9233
11.7994,0.7359,3.1659
11.7996,0.7086,3.0497
11.7998,0.711,3.0515
11.8000,0.8128,3.4884
11.8002,0.8505,3.6506
11.8004,0.8663,3.718
11.8006,0.8699,3.7352
11.8008,0.8561,3.6725
11.8010,0.8901,3.8204
11.8012,0.8914,3.8278
11.8014,0.8544,3.6653
11.8016,0.8621,3.6982
11.8018,0.898,3.8454
11.8020,0.9663,4.1395
11.8022,0.9808,4.2056
11.8024,0.975,4.1789
11.8026,0.9645,4.1337
11.8028,0.9942,4.2632
11.8030,1.0019,4.2961
11.8032,0.9171,3.9289
11.8034,1.0021,4.2931
11.8036,1.026,4.3933
11.8038,1.0163,4.3578
11.8040,1.0259,4.3989
11.8042,1.029,4.4123
11.8044,0.922,3.9555
11.8046,0.9295,3.9874
11.8048,0.8681,3.7292
11.8050,0.836,3.59
11.8052,0.8476,3.6428
11.8054,0.8292,3.5606
11.8056,0.889,3.8176
11.8058,0.8844,3.7992
11.8060,0.7986,3.4373
11.8062,0.7032,3.0265
11.8064,0.7085,3.0449
11.8066,0.8004,3.4434
11.8068,0.7703,3.314
11.8070,0.7324,3.1539
11.8072,0.6402,2.7594
11.8074,0.6311,2.7188
11.8076,0.6218,2.6773
11.8078,0.6306,2.7142
11.8080,0.7055,3.0363
11.8082,0.6589,2.8413
11.8084,0.5803,2.5021
11.8086,0.6321,2.7217
11.8088,0.6692,2.8791
11.8090,0.6719,2.8945
11.8092,0.6363,2.7436
11.8094,0.5757,2.4836
11.8096,0.5426,2.3397
11.8098,0.5536,2.3917
11.8100,0.5033,2.1742
11.8102,0.489,2.1096
11.8104,0.4913,2.1194
11.8106,0.4932,2.1277
11.8108,0.5538,2.3878
11.8110,0.59,2.544
11.8112,0.5726,2.4679
11.8114,0.6107,2.6298
11.8116,0.6578,2.8366
11.8118,0.5944,2.5619
11.8120,0.5815,2.5061
11.8122,0.5948,2.5611
11.8124,0.6387,2.7501
11.8126,0.6535,2.8141
11.8128,0.5718,2.4654
11.8130,0.4677,2.0222
11.8132,0.4011,1.7344
11.8134,0.3969,1.7147
11.8136,0.4418,1.9058
11.8138,0.4556,1.968
11.8140,0.4438,1.9172
11.8142,0.4418,1.9066
11.8144,0.4466,1.9265
11.8146,0.471,2.031
11.8148,0.5312,2.2906
11.8150,0.4896,2.1141
11.8152,0.439,1.8965
11.8154,0.4727,2.0373
11.8156,0.5696,2.4538
11.8158,0.6034,2.5959
11.8160,0.6304,2.7145
11.8162,0.5752,2.4781
11.8164,0.5879,2.5328
11.8166,0.6263,2.6956
11.8168,0.6872,2.9578
11.8170,0.6673,2.8695
11.8172,0.7194,3.0933
11.8174,0.689,2.9628
11.8176,0.7044,3.0316
11.8178,0.6667,2.8642
11.8180,0.7168,3.081
11.8182,0.766,3.2908
11.8184,0.8049,3.4609
11.8186,0.7432,3.1974
11.8188,0.707,3.0444
11.8190,0.6256,2.695
11.8192,0.618,2.66
11.8194,0.692,2.9757
11.8196,0.729,3.1331
11.8198,0.7702,3.3073
11.8200,0.7463,3.2108
11.8202,0.6538,2.8164
11.8204,0.6436,2.7725
11.8206,0.6275,2.7008
11.8208,0.6228,2.6807
11.8210,0.6855,2.9479
11.8212,0.734,3.1488
11.8214,0.7924,3.4057
11.8216,0.692,2.9826
11.8218,0.607,2.6162
11.8220,0.6342,2.7348
11.8222,0.5793,2.4968
11.8224,0.5582,2.4092
11.8226,0.4809,2.0754
11.8228,0.4731,2.0379
11.8230,0.5979,2.5721
11.8232,0.639,2.7491
11.8234,0.6507,2.803
11.8236,0.5913,2.5485
11.8238,0.5824,2.5079
11.8240,0.5876,2.5336
11.8242,0.5251,2.2653
11.8244,0.4735,2.0419
11.8246,0.4861,2.0943
11.8248,0.5352,2.3055
11.8250,0.5729,2.4706
11.8252,0.5479,2.3625
11.8254,0.5299,2.2839
11.8256,0.5396,2.3257
11.8258,0.5915,2.5483
11.8260,0.5893,2.5373
11.8262,0.6036,2.5933
11.8264,0.7294,3.1337
11.8266,0.7586,3.2619
11.8268,0.7258,3.124
11.8270,0.7131,3.0607
11.8272,0.8532,3.6585
11.8274,0.8595,3.7029
11.8276,0.5867,2.5288
11.8278,0.5333,2.2983
11.8280,0.5269,2.2709
11.8282,0.5678,2.4449
11.8284,0.6396,2.7542
11.8286,0.6262,2.6964
11.8288,0.627,2.6975
11.8290,0.6348,2.7348
11.8292,0.6261,2.6946
11.8294,0.6493,2.7947
11.8296,0.6263,2.6981
11.8298,0.551,2.3748
11.8300,0.5249,2.2632
11.8302,0.5175,2.2317
11.8304,0.5204,2.2451
11.8306,0.5217,2.2487
11.8308,0.5207,2.2441
11.8310,0.5211,2.2472
11.8312,0.5222,2.2529
11.8314,0.5372,2.3154
11.8316,0.5437,2.34
11.8318,0.6084,2.62
11.8320,0.6391,2.7496
11.8322,0.8328,3.5743
11.8324,0.823,3.5338
11.8326,0.7866,3.3762
11.8328,0.8334,3.5736
11.8330,0.8951,3.8366
11.8332,0.9308,3.9892
11.8334,0.8951,3.8384
11.8336,0.9526,4.0828
11.8338,0.9623,4.1205
11.8340,1.0111,4.3275
11.8342,0.9811,4.2031
11.8344,0.9736,4.1707
11.8346,0.9816,4.2012
11.8348,1.0118,4.3346
11.8350,1.0178,4.3603
11.8352,1.0446,4.4686
11.8354,1.1127,4.7622
11.8356,1.0658,4.5573
11.8358,1.1263,4.8162
11.8360,1.1269,4.8165
11.8362,1.1527,4.9359
11.8364,1.0643,4.5554
11.8366,1.0601,4.5374
11.8368,1.0701,4.58
11.8370,1.0835,4.6353
11.8372,1.1548,4.9446
11.8374,1.0785,4.6159
11.8376,1.0798,4.6216
11.8378,1.0639,4.5554
11.8380,1.0828,4.6474
11.8382,0.9532,4.0872
11.8384,0.9733,4.1697
11.8386,0.9899,4.2406
11.8388,1.0067,4.3226
11.8390,0.8631,3.7063
11.8392,0.8453,3.6329
11.8394,0.8236,3.5413
11.8396,0.8487,3.6445
11.8398,0.8636,3.7118
11.8400,0.819,3.5168
11.8402,0.8455,3.6356
11.8404,0.8021,3.449
11.8406,0.7876,3.3834
11.8408,0.848,3.6448
11.8410,0.8114,3.4925
11.8412,0.7918,3.4015
11.8414,0.7738,3.3304
11.8416,0.6711,2.8913
11.8418,0.6776,2.9165
11.8420,0.7415,3.1886
11.8422,0.7712,3.3144
11.8424,0.8264,3.5553
11.8426,0.8022,3.4527
11.8428,0.7406,3.186
11.8430,0.789,3.3896
11.8432,0.825,3.5491
11.8434,0.7099,3.0567
11.8436,0.6939,2.9881
11.8438,0.6821,2.9342
11.8440,0.7161,3.0879
11.8442,0.6261,2.7008
11.8444,0.6058,2.6134
11.8446,0.5956,2.5682
11.8448,0.5506,2.3776
11.8450,0.4939,2.1308
11.8452,0.5234,2.2612
11.8454,0.5014,2.1638
11.8456,0.5331,2.2967
11.8458,0.6759,2.912
11.8460,0.6498,2.8019
11.8462,0.5539,2.3894
11.8464,0.5352,2.3087
11.8466,0.5282,2.2776
11.8468,0.5685,2.4491
11.8470,0.5921,2.5509
11.8472,0.6045,2.6041
11.8474,0.5667,2.4482
11.8476,0.5205,2.2477
11.8478,0.5121,2.2104
11.8480,0.5308,2.2869
11.8482,0.593,2.5545
11.8484,0.6142,2.6447
11.8486,0.6759,2.9079
11.8488,0.7064,3.0389
11.8490,0.7166,3.0856
11.8492,0.7276,3.1361
11.8494,0.6452,2.781
11.8496,0.6132,2.6418
11.8498,0.6325,2.7237
11.8500,0.6402,2.7567
11.8502,0.6472,2.7841
11.8504,0.6873,2.961
11.8506,0.6518,2.8068
11.8508,0.678,2.9153
11.8510,0.7241,3.1167
11.8512,0.7298,3.1424
11.8514,0.6912,2.9776
11.8516,0.6075,2.617
11.8518,0.5885,2.5354
11.8520,0.5933,2.556
11.8522,0.5956,2.5659
11.8524,0.6595,2.8386
11.8526,0.678,2.9194
11.8528,0.6264,2.6986
11.8530,0.5884,2.5349
11.8532,0.5891,2.5391
11.8534,0.5873,2.5314
11.8536,0.5854,2.5243
11.8538,0.5866,2.5283
11.8540,0.589,2.5398
11.8542,0.592,2.5515
11.8544,0.589,2.5374
11.8546,0.6319,2.7249
11.8548,0.6038,2.5986
11.8550,0.6445,2.7779
11.8552,0.587,2.531
11.8554,0.6042,2.603
11.8556,0.615,2.6508
11.8558,0.6382,2.7518
11.8560,0.5961,2.5655
11.8562,0.6685,2.8759
11.8564,0.7168,3.0781
11.8566,0.762,3.2783
11.8568,0.698,2.9958
11.8570,0.7667,3.2923
11.8572,0.7716,3.3165
11.8574,0.7871,3.3861
11.8576,0.7437,3.1994
11.8578,0.7306,3.1402
11.8580,0.7433,3.1978
11.8582,0.6955,2.9934
11.8584,0.6993,3.0071
11.8586,0.68,2.9268
11.8588,0.6463,2.7857
11.8590,0.6201,2.6712
11.8592,0.6855,2.9478
11.8594,0.7413,3.1846
11.8596,0.7243,3.1172
11.8598,0.6795,2.9261
11.8600,0.7094,3.049
11.8602,0.775,3.3294
11.8604,0.7307,3.151
11.8606,0.6028,2.6005
11.8608,0.5788,2.4958
11.8610,0.5788,2.4935
11.8612,0.6185,2.6645
11.8614,0.6141,2.6466
11.8616,0.5906,2.5418
11.8618,0.6014,2.5906
11.8620,0.612,2.6354
11.8622,0.6305,2.72
11.8624,0.5743,2.4785
11.8626,0.5025,2.169
11.8628,0.4812,2.0778
11.8630,0.482,2.0815
11.8632,0.4842,2.0889
11.8634,0.4805,2.0728
11.8636,0.4823,2.0806
11.8638,0.4788,2.0675
11.8640,0.4798,2.0707
11.8642,0.4822,2.0801
11.8644,0.4867,2.0987
11.8646,0.4891,2.1091
11.8648,0.4962,2.1406
11.8650,0.5312,2.2895
11.8652,0.639,2.7477
11.8654,0.6911,2.9701
11.8656,0.7005,3.0137
11.8658,0.7064,3.0361
11.8660,0.7878,3.3861
11.8662,0.7595,3.2614
11.8664,0.7889,3.3875
11.8666,0.7995,3.4328
11.8668,0.8522,3.6543
11.8670,0.8784,3.7681
11.8672,0.8654,3.716
11.8674,0.8614,3.6939
11.8676,0.9716,4.1625
11.8678,0.9851,4.2201
11.8680,0.9631,4.128
11.8682,0.9724,4.1656
11.8684,0.9818,4.2101
11.8686,0.9673,4.146
11.8688,0.9811,4.211
11.8690,0.9252,3.9674
11.8692,0.9839,4.2189
11.8694,1.0183,4.3562
11.8696,1.0562,4.5268
11.8698,0.9655,4.1402
11.8700,0.9623,4.1225
11.8702,1.02,4.3675
11.8704,1.0093,4.3319
11.8706,0.9327,4.003
11.8708,0.952,4.0821
11.8710,0.9515,4.0819
11.8712,0.8871,3.811
11.8714,0.8471,3.6407
11.8716,0.8003,3.4429
11.8718,0.7268,3.1295
11.8720,0.6716,2.8893
11.8722,0.7815,3.3634
11.8724,0.7367,3.168
11.8726,0.7354,3.1667
11.8728,0.6467,2.782
11.8730,0.6843,2.944
11.8732,0.7182,3.0952
11.8734,0.6391,2.7572
11.8736,0.6234,2.682
11.8738,0.6986,3.0082
11.8740,0.6576,2.8342
11.8742,0.6069,2.6181
11.8744,0.5753,2.4797
11.8746,0.5572,2.4028
11.8748,0.598,2.5738
11.8750,0.6909,2.9751
11.8752,0.6883,2.9665
11.8754,0.6894,2.974
11.8756,0.6252,2.6947
11.8758,0.5824,2.5114
11.8760,0.5008,2.1602
11.8762,0.5143,2.2177
11.8764,0.5558,2.3932
11.8766,0.6398,2.7539
11.8768,0.705,3.0356
11.8770,0.7666,3.2979
11.8772,0.7427,3.1938
11.8774,0.7493,3.2191
11.8776,0.7653,3.2968
11.8778,0.654,2.8174
11.8780,0.616,2.6549
11.8782,0.6312,2.7167
11.8784,0.6616,2.8539
11.8786,0.5479,2.3646
11.8788,0.5216,2.2503
11.8790,0.5669,2.4401
11.8792,0.6505,2.8024
11.8794,0.6169,2.6627
11.8796,0.5382,2.3206
11.8798,0.5354,2.3087
11.8800,0.5541,2.3904
11.8802,0.5651,2.4369
11.8804,0.5556,2.3955
11.8806,0.5619,2.4229
11.8808,0.5713,2.4633
11.8810,0.5503,2.3739
11.8812,0.482,2.0795
11.8814,0.4621,1.9955
11.8816,0.4679,2.0176
11.8818,0.5608,2.4194
11.8820,0.5769,2.4876
11.8822,0.5629,2.426
11.8824,0.5541,2.3893
11.8826,0.552,2.38
11.8828,0.5545,2.3898
11.8830,0.557,2.4006
11.8832,0.5618,2.4224
11.8834,0.577,2.4881
11.8836,0.63,2.7103
11.8838,0.6821,2.9342
11.8840,0.6746,2.9009
11.8842,0.702,3.0212
11.8844,0.6335,2.7304
11.8846,0.5491,2.3665
11.8848,0.5418,2.335
11.8850,0.5434,2.3433
11.8852,0.5426,2.3408
11.8854,0.5415,2.334
11.8856,0.5988,2.5798
11.8858,0.6189,2.6648
11.8860,0.5721,2.4646
11.8862,0.5614,2.4186
11.8864,0.5451,2.3484
11.8866,0.5515,2.3758
11.8868,0.5524,2.3821
11.8870,0.5756,2.4784
11.8872,0.6719,2.8863
11.8874,0.7144,3.0764
11.8876,0.6478,2.7854
11.8878,0.675,2.9105
11.8880,0.5468,2.3578
11.8882,0.5261,2.2694
11.8884,0.5418,2.335
11.8886,0.6139,2.6449
11.8888,0.5946,2.5641
11.8890,0.5683,2.4492
11.8892,0.556,2.3943
11.8894,0.5744,2.4744
11.8896,0.6285,2.7074
11.8898,0.5752,2.478
11.8900,0.5942,2.5585
11.8902,0.6407,2.7588
11.8904,0.607,2.6149
11.8906,0.5662,2.4404
11.8908,0.5306,2.2869
11.8910,0.4975,2.1453
11.8912,0.5613,2.4192
11.8914,0.541,2.3319
11.8916,0.5398,2.3267
11.8918,0.6276,2.7038
11.8920,0.6022,2.5919
11.8922,0.6186,2.6626
11.8924,0.6263,2.6918
11.8926,0.6792,2.9232
11.8928,0.6737,2.8968
11.8930,0.6958,2.9935
11.8932,0.6553,2.8192
11.8934,0.6127,2.6397
11.8936,0.596,2.5686
11.8938,0.5976,2.5734
11.8940,0.588,2.5333
11.8942,0.6036,2.6005
11.8944,0.6,2.585
11.8946,0.597,2.5697
11.8948,0.5945,2.5588
11.8950,0.6056,2.6099
11.8952,0.6099,2.6273
11.8954,0.6044,2.6024
11.8956,0.5879,2.5304
11.8958,0.6189,2.6624
11.8960,0.6845,2.9459
11.8962,0.6588,2.8355
11.8964,0.6605,2.8361
11.8966,0.7285,3.1324
11.8968,0.7179,3.0885
11.8970,0.721,3.0975
11.8972,0.7463,3.2062
11.8974,0.7329,3.1485
11.8976,0.7734,3.3211
11.8978,0.8046,3.4534
11.8980,0.8071,3.469
11.8982,0.7303,3.1387
11.8984,0.7235,3.1084
11.8986,0.7791,3.3438
11.8988,0.8058,3.4634
11.8990,0.7907,3.3937
11.8992,0.8426,3.6132
11.8994,0.886,3.8011
11.8996,0.8839,3.7953
11.8998,0.8664,3.7132
11.9000,0.9087,3.8983
11.9002,0.8851,3.7969
11.9004,0.9251,3.9669
11.9006,0.914,3.9154
11.9008,0.9915,4.2458
11.9010,1.0202,4.3685
11.9012,1.025,4.3891
11.9014,1.0288,4.4096
11.9016,1.0139,4.3434
11.9018,1.0148,4.3495
11.9020,0.9908,4.2507
11.9022,0.9491,4.0641
11.9024,1.0058,4.3049
11.9026,1.0529,4.5129
11.9028,1.0597,4.5332
11.9030,1.1398,4.8782
11.9032,1.1411,4.8838
11.9034,1.1491,4.9159
11.9036,1.1528,4.9318
11.9038,1.1109,4.7545
11.9040,1.0484,4.4976
11.9042,0.9305,3.9994
11.9044,0.8619,3.7028
11.9046,0.8325,3.58
11.9048,0.7668,3.2989
11.9050,0.769,3.3051
11.9052,0.7636,3.2804
11.9054,0.8027,3.45
11.9056,0.8039,3.4551
11.9058,0.817,3.5113
11.9060,0.8216,3.5297
11.9062,0.877,3.773
11.9064,0.7835,3.3691
11.9066,0.736,3.1693
11.9068,0.6559,2.8257
11.9070,0.6482,2.7939
11.9072,0.645,2.7774
11.9074,0.6677,2.875
11.9076,0.6634,2.8564
11.9078,0.7321,3.1508
11.9080,0.7655,3.2917
11.9082,0.764,3.2865
11.9084,0.7713,3.318
11.9086,0.7474,3.2183
11.9088,0.6506,2.8043
11.9090,0.5919,2.5534
11.9092,0.5985,2.5782
11.9094,0.7023,3.0214
11.9096,0.6897,2.9714
11.9098,0.6749,2.906
11.9100,0.7029,3.0226
11.9102,0.7454,3.2066
11.9104,0.7357,3.1707
11.9106,0.6207,2.6763
11.9108,0.5691,2.454
11.9110,0.5648,2.4365
11.9112,0.5787,2.4942
11.9114,0.6169,2.6578
11.9116,0.5901,2.5445
11.9118,0.5685,2.4525
11.9120,0.5596,2.4131
11.9122,0.5645,2.4309
11.9124,0.6502,2.7957
11.9126,0.7076,3.0483
11.9128,0.6702,2.8912
11.9130,0.5334,2.3041
11.9132,0.4924,2.125
11.9134,0.4906,2.1163
11.9136,0.4934,2.1287
11.9138,0.5438,2.3481
11.9140,0.5438,2.3427
11.9142,0.5831,2.5156
11.9144,0.5384,2.3238
11.9146,0.5302,2.2854
11.9148,0.5692,2.4533
11.9150,0.6032,2.5996
11.9152,0.5845,2.519
11.9154,0.5903,2.5443
11.9156,0.6098,2.6244
11.9158,0.6542,2.8211
11.9160,0.6364,2.7428
11.9162,0.658,2.8305
11.9164,0.7289,3.1315
11.9166,0.7605,3.2655
11.9168,0.7942,3.4118
11.9170,0.8094,3.4756
11.9172,0.8291,3.5584
11.9174,0.8328,3.576
11.9176,0.8249,3.5453
11.9178,0.8244,3.5449
11.9180,0.8126,3.4911
11.9182,0.7486,3.216
11.9184,0.7577,3.2597
11.9186,0.7129,3.0682
11.9188,0.7293,3.136
11.9190,0.7955,3.4206
11.9192,0.7855,3.3763
11.9194,0.7951,3.4175
11.9196,0.7632,3.2834
11.9198,0.7535,3.2447
11.9200,0.6425,2.7665
11.9202,0.6193,2.6669
11.9204,0.6135,2.644
11.9206,0.6147,2.648
11.9208,0.6577,2.8348
11.9210,0.5663,2.4421
11.9212,0.5607,2.4189
11.9214,0.5478,2.3619
11.9216,0.5431,2.3418
11.9218,0.5391,2.3258
11.9220,0.5443,2.348
11.9222,0.5538,2.3845
11.9224,0.6329,2.7265
11.9226,0.5891,2.5415
11.9228,0.5633,2.4269
11.9230,0.6313,2.7185
11.9232,0.6771,2.9131
11.9234,0.6773,2.9109
11.9236,0.7087,3.0516
11.9238,0.6497,2.8001
11.9240,0.5745,2.4784
11.9242,0.5755,2.4802
11.9244,0.5589,2.4111
11.9246,0.5379,2.3174
11.9248,0.5841,2.5163
11.9250,0.5846,2.5183
11.9252,0.5855,2.5236
11.9254,0.6063,2.6106
11.9256,0.6289,2.7057
11.9258,0.6647,2.8621
11.9260,0.69,2.9641
11.9262,0.7618,3.2742
11.9264,0.768,3.301
11.9266,0.7594,3.2654
11.9268,0.7604,3.2695
11.9270,0.6969,2.9996
11.9272,0.6876,2.9607
11.9274,0.6679,2.8787
11.9276,0.5967,2.5705
11.9278,0.6502,2.7996
11.9280,0.6587,2.8376
11.9282,0.6138,2.6444
11.9284,0.6023,2.5912
11.9286,0.6445,2.7753
11.9288,0.5872,2.5273
11.9290,0.6533,2.8091
11.9292,0.6969,2.9996
11.9294,0.6725,2.8943
11.9296,0.6617,2.8478
11.9298,0.5866,2.5295
11.9300,0.565,2.4353
11.9302,0.5641,2.43
11.9304,0.56,2.4135
11.9306,0.56,2.4158
11.9308,0.5606,2.4184
11.9310,0.5643,2.4299
11.9312,0.5791,2.4946
11.9314,0.5696,2.4515
11.9316,0.6704,2.8828
11.9318,0.7035,3.0266
11.9320,0.6861,2.9545
11.9322,0.6741,2.9015
11.9324,0.7258,3.1181
11.9326,0.8098,3.4755
11.9328,0.8309,3.5678
11.9330,0.8104,3.4862
11.9332,0.7346,3.1587
11.9334,0.7739,3.3232
11.9336,0.7665,3.2928
11.9338,0.7769,3.336
11.9340,0.8507,3.6493
11.9342,0.9248,3.9672
11.9344,0.8909,3.8239
11.9346,0.8871,3.8057
11.9348,0.9014,3.8633
11.9350,0.9435,4.0418
11.9352,0.9604,4.1162
11.9354,1.025,4.3952
11.9356,1.0234,4.3783
11.9358,1.0766,4.6142
11.9360,1.0077,4.3171
11.9362,0.9905,4.2471
11.9364,0.9413,4.0307
11.9366,1.0458,4.4842
11.9368,0.969,4.1629
11.9370,0.8708,3.7392
11.9372,0.8553,3.6728
11.9374,0.8688,3.7322
11.9376,0.8751,3.7577
11.9378,0.839,3.6061
11.9380,0.7827,3.3639
11.9382,0.7885,3.3907
11.9384,0.8226,3.5388
11.9386,0.8406,3.6111
11.9388,0.866,3.7169
11.9390,0.8575,3.6838
11.9392,0.8659,3.7198
11.9394,0.8963,3.8417
11.9396,0.973,4.1662
11.9398,1.0339,4.4312
11.9400,1.0359,4.442
11.9402,1.022,4.3783
11.9404,0.9886,4.2528
11.9406,0.78,3.3557
11.9408,0.7436,3.1974
11.9410,0.752,3.232
11.9412,0.8443,3.6271
11.9414,0.8696,3.7358
11.9416,0.8612,3.698
11.9418,0.8682,3.7296
11.9420,0.8716,3.7463
11.9422,0.8709,3.7362
11.9424,0.8774,3.7693
11.9426,0.8846,3.802
11.9428,0.8134,3.5007
11.9430,0.7529,3.2421
11.9432,0.6846,2.9505
11.9434,0.7275,3.1312
11.9436,0.8029,3.4542
11.9438,0.7419,3.1976
11.9440,0.6445,2.7753
11.9442,0.6632,2.8585
11.9444,0.6952,2.991
11.9446,0.6952,2.9937
11.9448,0.6661,2.8683
11.9450,0.6996,3.0151
11.9452,0.6702,2.8858
11.9454,0.6349,2.7378
11.9456,0.6505,2.7972
11.9458,0.7945,3.4181
11.9460,0.7469,3.2148
11.9462,0.6223,2.686
11.9464,0.5117,2.2104
11.9466,0.5249,2.2653
11.9468,0.5988,2.5834
11.9470,0.5827,2.5112
11.9472,0.6008,2.5917
11.9474,0.5952,2.5667
11.9476,0.5969,2.5727
11.9478,0.6372,2.7438
11.9480,0.7137,3.0704
11.9482,0.7515,3.2344
11.9484,0.7425,3.1972
11.9486,0.7071,3.0406
11.9488,0.7054,3.0362
11.9490,0.7491,3.2211
11.9492,0.7704,3.3159
11.9494,0.7313,3.1433
11.9496,0.7468,3.2113
11.9498,0.7574,3.2597
11.9500,0.8119,3.488
11.9502,0.8394,3.6043
11.9504,0.814,3.5049
11.9506,0.6966,3.0008
11.9508,0.6476,2.79
11.9510,0.6147,2.648
11.9512,0.666,2.8717
11.9514,0.658,2.8358
11.9516,0.648,2.789
11.9518,0.6452,2.7784
11.9520,0.6684,2.8767
11.9522,0.6893,2.9638
11.9524,0.8052,3.464
11.9526,0.7275,3.1312
11.9528,0.664,2.8603
11.9530,0.6608,2.8482
11.9532,0.6945,2.9893
11.9534,0.7694,3.3082
11.9536,0.7707,3.3154
11.9538,0.7646,3.2861
11.9540,0.7829,3.3602
11.9542,0.8242,3.5439
11.9544,0.7953,3.4164
11.9546,0.8176,3.5139
11.9548,0.8407,3.6201
11.9550,0.7997,3.4467
11.9552,0.6631,2.8527
11.9554,0.646,2.7789
11.9556,0.7395,3.1769
11.9558,0.8062,3.4746
11.9560,0.6933,2.9827
11.9562,0.7071,3.0434
11.9564,0.8105,3.4851
11.9566,0.8076,3.4711
11.9568,0.8632,3.7068
11.9570,0.8491,3.646
11.9572,0.7911,3.4031
11.9574,0.7253,3.1233
11.9576,0.695,2.9955
11.9578,0.6512,2.8029
11.9580,0.6699,2.8888
11.9582,0.6187,2.6668
11.9584,0.6179,2.6644
11.9586,0.5979,2.5721
11.9588,0.6932,2.9822
11.9590,0.777,3.3381
11.9592,0.7974,3.4289
11.9594,0.763,3.2855
11.9596,0.6877,2.964
11.9598,0.7032,3.0264
11.9600,0.714,3.0771
11.9602,0.611,2.6356
11.9604,0.5621,2.4251
11.9606,0.6016,2.5893
11.9608,0.6665,2.8671
11.9610,0.6936,2.9893
11.9612,0.6467,2.7898
11.9614,0.6304,2.7157
11.9616,0.6346,2.7337
11.9618,0.6151,2.6525
11.9620,0.6238,2.686
11.9622,0.6848,2.9474
11.9624,0.6801,2.93
11.9626,0.6398,2.7552
11.9628,0.6351,2.7371
11.9630,0.6033,2.6013
11.9632,0.5991,2.582
11.9634,0.6021,2.5937
11.9636,0.5618,2.4247
11.9638,0.5041,2.1757
11.9640,0.5015,2.1633
11.9642,0.5018,2.1679
11.9644,0.5028,2.171
11.9646,0.5132,2.212
11.9648,0.6289,2.7069
11.9650,0.6786,2.9233
11.9652,0.6739,2.9005
11.9654,0.6887,2.964
11.9656,0.7112,3.0553
11.9658,0.7643,3.2881
11.9660,0.755,3.2403
11.9662,0.8517,3.6607
11.9664,0.8491,3.6443
11.9666,0.8726,3.7434
11.9668,0.8847,3.8007
11.9670,0.8871,3.8075
11.9672,0.8484,3.6361
11.9674,0.9085,3.8991
11.9676,0.9164,3.9312
11.9678,0.9592,4.111
11.9680,0.9955,4.2667
11.9682,1.0324,4.425
11.9684,1.0197,4.3726
11.9686,0.9594,4.1178
11.9688,0.9588,4.1076
11.9690,0.9956,4.2692
11.9692,0.9991,4.2842
11.9694,0.9969,4.2749
11.9696,0.9808,4.2055
11.9698,0.921,3.9494
11.9700,0.9949,4.2682
11.9702,0.9539,4.0979
11.9704,0.8614,3.7025
11.9706,0.8531,3.6681
11.9708,0.8526,3.6627
11.9710,0.852,3.6652
11.9712,0.7846,3.3784
11.9714,0.7722,3.3221
11.9716,0.7589,3.2679
11.9718,0.708,3.0456
11.9720,0.7408,3.1899
11.9722,0.7571,3.2556
11.9724,0.8307,3.5706
11.9726,0.8366,3.5941
11.9728,0.8168,3.5124
11.9730,0.8143,3.5032
11.9732,0.7804,3.3603
11.9734,0.7478,3.2199
11.9736,0.7331,3.154
11.9738,0.7327,3.1578
11.9740,0.6824,2.9399
11.9742,0.7076,3.0483
11.9744,0.7088,3.0507
11.9746,0.7521,3.2355
11.9748,0.7738,3.3304
11.9750,0.7253,3.1233
11.9752,0.702,3.0227
11.9754,0.7011,3.0162
11.9756,0.7942,3.415
11.9758,0.8426,3.625
11.9760,0.806,3.4644
11.9762,0.7917,3.4025
11.9764,0.7941,3.4129
11.9766,0.8071,3.4723
11.9768,0.7207,3.1032
11.9770,0.7291,3.135
11.9772,0.781,3.366
11.9774,0.7484,3.2195
11.9776,0.7887,3.3912
11.9778,0.7913,3.3994
11.9780,0.7945,3.4165
11.9782,0.7917,3.4073
11.9784,0.7818,3.3634
11.9786,0.778,3.3469
11.9788,0.7979,3.4293
11.9790,0.872,3.7496
11.9792,0.8772,3.7683
11.9794,0.8204,3.5279
11.9796,0.8081,3.4748
11.9798,0.8135,3.5012
11.9800,0.7035,3.0322
11.9802,0.6542,2.8198
11.9804,0.6475,2.7908
11.9806,0.671,2.8881
11.9808,0.7536,3.2437
11.9810,0.7623,3.2854
11.9812,0.6955,2.9934
11.9814,0.7228,3.1096
11.9816,0.7319,3.1517
11.9818,0.7425,3.1972
11.9820,0.7512,3.2349
11.9822,0.7756,3.3319
11.9824,0.8858,3.8
11.9826,0.9213,3.9578
11.9828,0.8059,3.4687
11.9830,0.7516,3.2334
11.9832,0.7514,3.2309
11.9834,0.7911,3.4031
11.9836,0.7767,3.3412
11.9838,0.8054,3.465
11.9840,0.8042,3.4631
11.9842,0.7258,3.124
11.9844,0.7111,3.0619
11.9846,0.7106,3.0584
11.9848,0.7204,3.0978
11.9850,0.7629,3.2834
11.9852,0.7179,3.0899
11.9854,0.7108,3.0609
11.9856,0.7599,3.2644
11.9858,0.8764,3.7669
11.9860,0.8052,3.464
11.9862,0.7352,3.1642
11.9864,0.7156,3.0815
11.9866,0.7166,3.0899
11.9868,0.706,3.0416
11.9870,0.7197,3.0962
11.9872,0.7581,3.2613
11.9874,0.842,3.6207
11.9876,0.772,3.3242
11.9878,0.697,3.0001
11.9880,0.6866,2.9607
11.9882,0.6387,2.7551
11.9884,0.597,2.5768
11.9886,0.5831,2.5156
11.9888,0.583,2.5093
11.9890,0.6655,2.8644
11.9892,0.7219,3.1026
11.9894,0.8008,3.4449
11.9896,0.7665,3.2974
11.9898,0.7789,3.3526
11.9900,0.7002,3.0191
11.9902,0.6547,2.8231
11.9904,0.6044,2.6084
11.9906,0.5391,2.3247
11.9908,0.5972,2.5726
11.9910,0.6269,2.7032
11.9912,0.6063,2.6155
11.9914,0.6221,2.6813
11.9916,0.6076,2.6224
11.9918,0.5978,2.5763
11.9920,0.7046,3.0312
11.9922,0.7664,3.2938
11.9924,0.8054,3.465
11.9926,0.7572,3.2561
11.9928,0.7798,3.3531
11.9930,0.7488,3.226
11.9932,0.7105,3.0607
11.9934,0.698,3.0056
11.9936,0.6809,2.9359
11.9938,0.6238,2.6872
11.9940,0.672,2.8895
11.9942,0.7264,3.128
11.9944,0.7016,3.0211
11.9946,0.6907,2.9796
11.9948,0.6046,2.6082
11.9950,0.6227,2.6851
11.9952,0.6154,2.6523
11.9954,0.5823,2.5108
11.9956,0.6329,2.7278
11.9958,0.6297,2.7151
11.9960,0.5807,2.5006
11.9962,0.5944,2.5619
11.9964,0.6691,2.8825
11.9966,0.6873,2.961
11.9968,0.6765,2.9145
11.9970,0.697,3.0001
11.9972,0.7164,3.0803
11.9974,0.7534,3.2396
11.9976,0.8148,3.5069
11.9978,0.7027,3.0258
11.9980,0.6891,2.966
11.9982,0.7141,3.0748
11.9984,0.6192,2.6701
11.9986,0.6566,2.8262
11.9988,0.7156,3.0744
11.9990,0.7891,3.3917
11.9992,0.8353,3.5868
11.9994,0.8774,3.7675
11.9996,0.8719,3.7473
11.9998,0.8746,3.7574
12.0000,0.87,3.7373
12.0002,0.845,3.6285
12.0004,0.8901,3.8275
12.0006,0.8005,3.4407
12.0008,0.8099,3.476
12.0010,0.9038,3.8772
12.0012,0.9465,4.0603
12.0014,0.9621,4.1272
12.0016,0.9674,4.1523
12.0018,1.0212,4.3747
12.0020,1.0023,4.296
12.0022,0.9995,4.2837
12.0024,0.9918,4.2468
12.0026,1.0202,4.3767
12.0028,1.0387,4.4497
12.0030,1.1257,4.8181
12.0032,1.1236,4.8134
12.0034,1.0687,4.5824
12.0036,1.0713,4.5851
12.0038,1.0257,4.4045
12.0040,0.8803,3.7816
12.0042,0.8431,3.6253
12.0044,0.8213,3.5331
12.0046,0.783,3.3686
12.0048,0.7258,3.1254
12.0050,0.6921,2.9831
12.0052,0.6786,2.9274
12.0054,0.6102,2.6301
12.0056,0.665,2.8636
12.0058,0.7107,3.0632
12.0060,0.6815,2.9398
12.0062,0.6839,2.9433
12.0064,0.7417,3.1921
12.0066,0.7646,3.2922
12.0068,0.6944,2.9915
12.0070,0.6582,2.8342
12.0072,0.6558,2.8278
12.0074,0.6039,2.6039
12.0076,0.6343,2.7327
12.0078,0.6371,2.7459
12.0080,0.6181,2.6654
12.0082,0.5629,2.4271
12.0084,0.5972,2.5714
12.0086,0.6443,2.7807
12.0088,0.6084,2.6223
12.0090,0.649,2.7931
12.0092,0.7189,3.0955
12.0094,0.6818,2.9414
12.0096,0.6173,2.6606
12.0098,0.664,2.8576
12.0100,0.6547,2.8258
12.0102,0.5114,2.2073
12.0104,0.515,2.2228
12.0106,0.5155,2.227
12.0108,0.5103,2.2037
12.0110,0.5704,2.4585
12.0112,0.6191,2.6721
12.0114,0.5512,2.378
12.0116,0.5988,2.5858
12.0118,0.5238,2.2596
12.0120,0.5332,2.2962
12.0122,0.6389,2.7536
12.0124,0.5966,2.5736
12.0126,0.5723,2.4725
12.0128,0.502,2.1654
12.0130,0.5438,2.3438
12.0132,0.5716,2.4683
12.0134,0.5282,2.2787
12.0136,0.4916,2.1219
12.0138,0.4884,2.1089
12.0140,0.4834,2.0872
12.0142,0.4903,2.1172
12.0144,0.5288,2.2792
12.0146,0.5713,2.461
12.0148,0.5708,2.4612
12.0150,0.5273,2.2746
12.0152,0.5184,2.2352
12.0154,0.5902,2.5402
12.0156,0.7026,3.0252
12.0158,0.6922,2.9794
12.0160,0.7039,3.0309
12.0162,0.7082,3.0453
12.0164,0.7094,3.0547
12.0166,0.6586,2.8331
12.0168,0.6997,3.01
12.0170,0.7613,3.2782
12.0172,0.7083,3.0486
12.0174,0.6846,2.9492
12.0176,0.6931,2.9817
12.0178,0.7491,3.2211
12.0180,0.7512,3.2304
12.0182,0.7593,3.2634
12.0184,0.7068,3.0419
12.0186,0.6658,2.8601
12.0188,0.8063,3.4606
12.0190,0.8298,3.5698
12.0192,0.7692,3.3108
12.0194,0.753,3.2366
12.0196,0.7353,3.1618
12.0198,0.6774,2.9168
12.0200,0.6798,2.9258
12.0202,0.7223,3.1047
12.0204,0.7094,3.0575
12.0206,0.5749,2.4822
12.0208,0.5636,2.4279
12.0210,0.6121,2.6408
12.0212,0.5006,2.1597
12.0214,0.4838,2.0873
12.0216,0.4829,2.0851
12.0218,0.4837,2.0887
12.0220,0.5168,2.2275
12.0222,0.5758,2.4841
12.0224,0.5202,2.2461
12.0226,0.4752,2.051
12.0228,0.5125,2.2099
12.0230,0.5644,2.4304
12.0232,0.6087,2.6209
12.0234,0.6107,2.6334
12.0236,0.5803,2.5009
12.0238,0.5888,2.5376
12.0240,0.5609,2.4199
12.0242,0.4901,2.1142
12.0244,0.4792,2.069
12.0246,0.485,2.0915
12.0248,0.5412,2.3324
12.0250,0.5768,2.4824
12.0252,0.6321,2.7204
12.0254,0.5838,2.5176
12.0256,0.5644,2.4338
12.0258,0.5725,2.4673
12.0260,0.5762,2.4833
12.0262,0.5591,2.4099
12.0264,0.5565,2.4008
12.0266,0.5413,2.3318
12.0268,0.5554,2.3906
12.0270,0.5949,2.5604
12.0272,0.6132,2.6418
12.0274,0.6151,2.6513
12.0276,0.6082,2.6164
12.0278,0.6785,2.9215
12.0280,0.6186,2.6638
12.0282,0.6358,2.7338
12.0284,0.6942,2.9849
12.0286,0.6634,2.8537
12.0288,0.7028,3.0206
12.0290,0.7451,3.2056
12.0292,0.7323,3.1489
12.0294,0.7094,3.0532
12.0296,0.6914,2.9786
12.0298,0.6418,2.7647
12.0300,0.6352,2.7351
12.0302,0.616,2.6512
12.0304,0.6419,2.764
12.0306,0.6163,2.6565
12.0308,0.5853,2.5238
12.0310,0.5895,2.5383
12.0312,0.6033,2.6001
12.0314,0.6036,2.6005
12.0316,0.5804,2.5002
12.0318,0.5821,2.5028
12.0320,0.6406,2.7532
12.0322,0.7423,3.1902
12.0324,0.7875,3.3877
12.0326,0.7677,3.3025
12.0328,0.7329,3.1471
12.0330,0.7968,3.4231
12.0332,0.8294,3.5616
12.0334,0.8559,3.6737
12.0336,0.8148,3.4971
12.0338,0.7883,3.3881
12.0340,0.7744,3.3268
12.0342,0.8507,3.6476
12.0344,0.921,3.9494
12.0346,0.9011,3.8659
12.0348,0.9382,4.0211
12.0350,0.995,4.2587
12.0352,1.0238,4.3839
12.0354,1.0003,4.2893
12.0356,1.023,4.3865
12.0358,1.0007,4.2828
12.0360,1.0701,4.5843
12.0362,1.0685,4.5733
12.0364,1.0896,4.6637
12.0366,1.0715,4.5883
12.0368,1.0183,4.3705
12.0370,0.9586,4.1065
12.0372,1.0625,4.5562
12.0374,0.9362,4.018
12.0376,0.9039,3.8795
12.0378,0.8987,3.8502
12.0380,0.9846,4.2279
12.0382,0.8767,3.7644
12.0384,0.8242,3.5439
12.0386,0.8172,3.5058
12.0388,0.9455,4.0562
12.0390,0.9835,4.2153
12.0392,0.9851,4.2299
12.0394,0.8649,3.7157
12.0396,0.8848,3.8012
12.0398,0.8646,3.7124
12.0400,0.8906,3.8242
12.0402,0.9046,3.888
12.0404,0.8471,3.644
12.0406,0.803,3.4531
12.0408,0.7654,3.2912
12.0410,0.7539,3.2417
12.0412,0.7488,3.226
12.0414,0.6877,2.9653
12.0416,0.6532,2.8138
12.0418,0.6845,2.9445
12.0420,0.7359,3.1702
12.0422,0.6571,2.8309
12.0424,0.6355,2.7353
12.0426,0.6764,2.9127
12.0428,0.6786,2.9247
12.0430,0.657,2.833
12.0432,0.587,2.531
12.0434,0.5757,2.4789
12.0436,0.6469,2.7869
12.0438,0.6607,2.8464
12.0440,0.6366,2.7438
12.0442,0.6316,2.7234
12.0444,0.5912,2.5479
12.0446,0.6226,2.6846
12.0448,0.596,2.5698
12.0450,0.589,2.5374
12.0452,0.6854,2.9487
12.0454,0.7295,3.1385
12.0456,0.6791,2.9254
12.0458,0.5979,2.5781
12.0460,0.5698,2.4582
12.0462,0.5792,2.4974
12.0464,0.5553,2.3989
12.0466,0.4855,2.0984
12.0468,0.4806,2.0743
12.0470,0.4868,2.1002
12.0472,0.5341,2.2987
12.0474,0.6438,2.7697
12.0476,0.7099,3.0553
12.0478,0.7213,3.1058
12.0480,0.7204,3.1007
12.0482,0.7493,3.2206
12.0484,0.811,3.4823
12.0486,0.825,3.5442
12.0488,0.7925,3.4109
12.0490,0.7503,3.2232
12.0492,0.8144,3.494
12.0494,0.866,3.7186
12.0496,0.8684,3.7307
12.0498,0.8385,3.6024
12.0500,0.8196,3.5259
12.0502,0.7252,3.1257
12.0504,0.6498,2.798
12.0506,0.6714,2.887
12.0508,0.7165,3.0823
12.0510,0.7331,3.1554
12.0512,0.7271,3.1311
12.0514,0.6764,2.9154
12.0516,0.6285,2.7099
12.0518,0.7237,3.1103
12.0520,0.8287,3.5635
12.0522,0.7358,3.1712
12.0524,0.6241,2.6913
12.0526,0.6181,2.6617
12.0528,0.6193,2.6694
12.0530,0.6179,2.6656
12.0532,0.6057,2.6092
12.0534,0.6928,2.9834
12.0536,0.598,2.5786
12.0538,0.5529,2.3853
12.0540,0.5533,2.3857
12.0542,0.5774,2.4908
12.0544,0.5408,2.3319
12.0546,0.556,2.3976
12.0548,0.5692,2.4556
12.0550,0.5547,2.3908
12.0552,0.6744,2.8972
12.0554,0.7498,3.2317
12.0556,0.5825,2.5095
12.0558,0.5775,2.4867
12.0560,0.6911,2.9729
12.0562,0.7665,3.2974
12.0564,0.7601,3.2685
12.0566,0.7696,3.3077
12.0568,0.7589,3.2649
12.0570,0.7311,3.1437
12.0572,0.701,3.0143
12.0574,0.7024,3.0247
12.0576,0.662,2.852
12.0578,0.6494,2.7952
12.0580,0.6946,2.9856
12.0582,0.7842,3.3722
12.0584,0.7795,3.3489
12.0586,0.7881,3.3871
12.0588,0.7696,3.3093
12.0590,0.7977,3.4283
12.0592,0.7923,3.4051
12.0594,0.7762,3.3361
12.0596,0.8188,3.5157
12.0598,0.8842,3.8004
12.0600,0.8373,3.6023
12.0602,0.746,3.2092
12.0604,0.7241,3.1138
12.0606,0.7328,3.1524
12.0608,0.7195,3.098
12.0610,0.6074,2.6226
12.0612,0.5069,2.1887
12.0614,0.5058,2.182
12.0616,0.507,2.1902
12.0618,0.5532,2.3852
12.0620,0.5601,2.4163
12.0622,0.4894,2.1131
12.0624,0.4814,2.077
12.0626,0.4844,2.0899
12.0628,0.4796,2.0692
12.0630,0.4817,2.0799
12.0632,0.4807,2.0767
12.0634,0.4807,2.0739
12.0636,0.5237,2.2569
12.0638,0.5672,2.4468
12.0640,0.5403,2.3299
12.0642,0.5716,2.4614
12.0644,0.6474,2.789
12.0646,0.6034,2.6006
12.0648,0.5504,2.3733
12.0650,0.5711,2.4605
12.0652,0.6598,2.8396
12.0654,0.7159,3.0797
12.0656,0.6976,2.9985
12.0658,0.7045,3.0279
12.0660,0.7186,3.0901
12.0662,0.758,3.2592
12.0664,0.7703,3.3123
12.0666,0.7624,3.2753
12.0668,0.764,3.285
12.0670,0.7631,3.2784
12.0672,0.8168,3.5026
12.0674,0.8564,3.6723
12.0676,0.8824,3.7874
12.0678,0.8423,3.6183
12.0680,0.8186,3.5185
12.0682,0.836,3.5882
12.0684,0.8786,3.7674
12.0686,0.9198,3.9406
12.0688,0.9961,4.2693
12.0690,0.9722,4.1612
12.0692,1.1224,4.8015
12.0694,1.1172,4.7839
12.0696,1.0571,4.5267
12.0698,1.0673,4.5746
12.0700,1.0128,4.3387
12.0702,0.9716,4.1703
12.0704,0.937,4.0197
12.0706,0.9616,4.1232
12.0708,0.9937,4.267
12.0710,0.931,3.9958
12.0712,0.89,3.8198
12.0714,0.8499,3.6581
12.0716,0.7924,3.4025
12.0718,0.9267,3.9736
12.0720,0.9287,3.9842
12.0722,0.9406,4.0426
12.0724,0.8022,3.4527
12.0726,0.7983,3.4309
12.0728,0.855,3.6747
12.0730,0.7865,3.382
12.0732,0.7937,3.4065
12.0734,0.8118,3.494
12.0736,0.7088,3.0507
12.0738,0.6854,2.9487
12.0740,0.6998,3.0176
12.0742,0.6313,2.7236
12.0744,0.5729,2.4728
12.0746,0.5714,2.4626
12.0748,0.6068,2.6151
12.0750,0.5892,2.5397
12.0752,0.6553,2.8231
12.0754,0.6181,2.6654
12.0756,0.6093,2.6247
12.0758,0.672,2.8949
12.0760,0.6334,2.7349
12.0762,0.5137,2.2161
12.0764,0.5421,2.3387
12.0766,0.5445,2.3458
12.0768,0.6258,2.6923
12.0770,0.7189,3.0926
12.0772,0.7333,3.1545
12.0774,0.7435,3.1998
12.0776,0.72,3.1001
12.0778,0.6668,2.874
12.0780,0.5841,2.5186
12.0782,0.5733,2.4732
12.0784,0.5696,2.4549
12.0786,0.6026,2.5934
12.0788,0.6288,2.7127
12.0790,0.5225,2.257
12.0792,0.4978,2.1493
12.0794,0.4892,2.1106
12.0796,0.5191,2.2415
12.0798,0.5178,2.2337
12.0800,0.5817,2.5036
12.0802,0.6454,2.7789
12.0804,0.6552,2.8213
12.0806,0.6721,2.9008
12.0808,0.5365,2.3123
12.0810,0.5681,2.4498
12.0812,0.5669,2.4458
12.0814,0.5518,2.3806
12.0816,0.5627,2.4254
12.0818,0.6018,2.5915
12.0820,0.6154,2.6511
12.0822,0.6491,2.7949
12.0824,0.6787,2.9211
12.0826,0.6964,2.9961
12.0828,0.6679,2.88
12.0830,0.555,2.3941
12.0832,0.5438,2.3449
12.0834,0.544,2.347
12.0836,0.5401,2.331
12.0838,0.5391,2.3258
12.0840,0.5403,2.3288
12.0842,0.5403,2.3331
12.0844,0.5402,2.3315
12.0846,0.537,2.3143
12.0848,0.5407,2.3293
12.0850,0.6066,2.6146
12.0852,0.5669,2.4469
12.0854,0.5464,2.3562
12.0856,0.5404,2.3282
12.0858,0.5755,2.4802
12.0860,0.6385,2.7495
12.0862,0.6325,2.7262
12.0864,0.5252,2.2637
12.0866,0.5292,2.2807
12.0868,0.5836,2.5177
12.0870,0.4836,2.0853
12.0872,0.4639,2.0033
12.0874,0.4645,2.0059
12.0876,0.4684,2.0224
12.0878,0.4699,2.0273
12.0880,0.4631,1.9997
12.0882,0.48,2.0698
12.0884,0.5426,2.3354
12.0886,0.5603,2.4151
12.0888,0.5568,2.3996
12.0890,0.5624,2.4239
12.0892,0.552,2.3778
12.0894,0.596,2.5662
12.0896,0.6298,2.7106
12.0898,0.6574,2.824
12.0900,0.7144,3.0735
12.0902,0.6847,2.9469
12.0904,0.7041,3.0263
12.0906,0.7375,3.1666
12.0908,0.7324,3.1597
12.0910,0.5436,2.3417
12.0912,0.6071,2.6142
12.0914,0.5732,2.4727
12.0916,0.5243,2.2595
12.0918,0.5462,2.353
12.0920,0.5921,2.5497
12.0922,0.5823,2.5085
12.0924,0.5957,2.5687
12.0926,0.5885,2.5342
12.0928,0.6064,2.6111
12.0930,0.5855,2.5213
12.0932,0.598,2.5714
12.0934,0.6693,2.8809
12.0936,0.6167,2.6555
12.0938,0.6476,2.79
12.0940,0.6175,2.6579
12.0942,0.654,2.8161
12.0944,0.6147,2.6468
12.0946,0.6011,2.5884
12.0948,0.6076,2.6163
12.0950,0.5641,2.4311
12.0952,0.4854,2.094
12.0954,0.4918,2.1214
12.0956,0.5119,2.2053
12.0958,0.5786,2.4913
12.0960,0.5798,2.4965
12.0962,0.6395,2.7511
12.0964,0.6517,2.8037
12.0966,0.6281,2.7033
12.0968,0.6181,2.6593
12.0970,0.6337,2.7251
12.0972,0.6946,2.9842
12.0974,0.7028,3.0277
12.0976,0.6151,2.6525
12.0978,0.5908,2.5428
12.0980,0.6229,2.6811
12.0982,0.6598,2.833
12.0984,0.7451,3.1966
12.0986,0.7918,3.4031
12.0988,0.7689,3.3062
12.0990,0.7257,3.1176
12.0992,0.7737,3.3252
12.0994,0.7758,3.3361
12.0996,0.7798,3.3468
12.0998,0.8489,3.6382
12.1000,0.8945,3.8322
12.1002,0.9622,4.1162
12.1004,1.0061,4.31
12.1006,0.951,4.078
12.1008,0.8942,3.836
12.1010,0.8768,3.7597
12.1012,0.9102,3.9013
12.1014,0.932,3.9981
12.1016,0.8776,3.7598
12.1018,0.9633,4.1285
12.1020,0.9462,4.0593
12.1022,0.8842,3.7933
12.1024,0.9064,3.8903
12.1026,0.9135,3.9152
12.1028,0.9511,4.0785
12.1030,0.908,3.9006
12.1032,0.8327,3.5738
12.1034,0.8641,3.7104
12.1036,0.8142,3.5011
12.1038,0.7798,3.3546
12.1040,0.7442,3.1999
12.1042,0.7347,3.1592
12.1044,0.7352,3.1657
12.1046,0.6734,2.8984
12.1048,0.6823,2.9339
12.1050,0.748,3.2149
12.1052,0.7861,3.3773
12.1054,0.7972,3.431
12.1056,0.7198,3.0981
12.1058,0.7568,3.2571
12.1060,0.7192,3.0941
12.1062,0.6863,2.9536
12.1064,0.7024,3.0219
12.1066,0.705,3.0313
12.1068,0.6798,2.9299
12.1070,0.6321,2.7229
12.1072,0.6508,2.8048
12.1074,0.6663,2.8666
12.1076,0.6791,2.9227
12.1078,0.6967,2.9999
12.1080,0.6738,2.9013
12.1082,0.6853,2.9468
12.1084,0.6984,3.0058
12.1086,0.7064,3.0418
12.1088,0.7009,3.018
12.1090,0.6474,2.7916
12.1092,0.5793,2.4968
12.1094,0.5981,2.5767
12.1096,0.6586,2.8331
12.1098,0.7217,3.105
12.1100,0.686,2.9485
12.1102,0.7227,3.1076
12.1104,0.7429,3.2002
12.1106,0.6907,2.9727
12.1108,0.6375,2.7461
12.1110,0.5906,2.5453
12.1112,0.5837,2.5159
12.1114,0.5806,2.499
12.1116,0.6414,2.7581
12.1118,0.7159,3.0797
12.1120,0.6219,2.6802
12.1122,0.5662,2.4427
12.1124,0.5613,2.4215
12.1126,0.5637,2.4284
12.1128,0.5722,2.4651
12.1130,0.5717,2.4642
12.1132,0.6133,2.6435
12.1134,0.5799,2.497
12.1136,0.5815,2.5061
12.1138,0.5774,2.4873
12.1140,0.6402,2.7555
12.1142,0.6518,2.8081
12.1144,0.63,2.7154
12.1146,0.6455,2.7782
12.1148,0.6497,2.7936
12.1150,0.7371,3.1666
12.1152,0.7899,3.3948
12.1154,0.793,3.4082
12.1156,0.8209,3.5283
12.1158,0.8442,3.6249
12.1160,0.8248,3.5415
12.1162,0.81,3.483
12.1164,0.7504,3.2253
12.1166,0.7323,3.1474
12.1168,0.7388,3.1753
12.1170,0.7401,3.1824
12.1172,0.7846,3.3706
12.1174,0.7736,3.3216
12.1176,0.7803,3.352
12.1178,0.7733,3.3237
12.1180,0.7871,3.3798
12.1182,0.7919,3.4004
12.1184,0.7888,3.3917
12.1186,0.7198,3.0967
12.1188,0.7508,3.2328
12.1190,0.7118,3.0607
12.1192,0.6793,2.9264
12.1194,0.6691,2.8798
12.1196,0.6837,2.9401
12.1198,0.7297,3.1376
12.1200,0.7466,3.2117
12.1202,0.7563,3.255
12.1204,0.7649,3.2953
12.1206,0.6257,2.6968
12.1208,0.5674,2.4467
12.1210,0.5603,2.4162
12.1212,0.5613,2.4204
12.1214,0.5617,2.4174
12.1216,0.6855,2.9492
12.1218,0.7288,3.1369
12.1220,0.6142,2.6508
12.1222,0.5499,2.3723
12.1224,0.5514,2.3741
12.1226,0.6401,2.7524
12.1228,0.6891,2.9619
12.1230,0.6848,2.9529
12.1232,0.5787,2.4942
12.1234,0.5547,2.3908
12.1236,0.5988,2.5846
12.1238,0.5572,2.4028
12.1240,0.5487,2.3628
12.1242,0.6002,2.5807
12.1244,0.6641,2.8608
12.1246,0.6299,2.7136
12.1248,0.6463,2.7779
12.1250,0.807,3.4653
12.1252,0.8267,3.5547
12.1254,0.7441,3.2024
12.1256,0.66,2.8459
12.1258,0.6163,2.6528
12.1260,0.6391,2.7521
12.1262,0.5987,2.5757
12.1264,0.6517,2.8037
12.1266,0.6901,2.9702
12.1268,0.6319,2.7198
12.1270,0.6125,2.6411
12.1272,0.5904,2.5448
12.1274,0.5993,2.5807
12.1276,0.5715,2.4643
12.1278,0.5015,2.1623
12.1280,0.497,2.1442
12.1282,0.5496,2.3642
12.1284,0.6246,2.6934
12.1286,0.5153,2.2249
12.1288,0.4952,2.1364
12.1290,0.5532,2.383
12.1292,0.6071,2.6154
12.1294,0.5349,2.3077
12.1296,0.4973,2.1452
12.1298,0.4991,2.152
12.1300,0.4974,2.1438
12.1302,0.5932,2.5531
12.1304,0.6666,2.8677
12.1306,0.6788,2.923
12.1308,0.6595,2.8359
12.1310,0.706,3.0374
12.1312,0.6479,2.7911
12.1314,0.5835,2.5137
12.1316,0.6237,2.6718
12.1318,0.8047,3.4603
12.1320,0.7105,3.0607
12.1322,0.6198,2.6652
12.1324,0.6949,2.9908
12.1326,0.7082,3.0495
12.1328,0.725,3.1145
12.1330,0.7848,3.3685
12.1332,0.8215,3.521
12.1334,0.932,3.9925
12.1336,0.9997,4.2867
12.1338,0.9551,4.0935
12.1340,0.9411,4.0409
12.1342,0.8906,3.8224
12.1344,0.9362,4.0086
12.1346,0.9911,4.2457
12.1348,0.9784,4.1933
12.1350,0.9923,4.2489
12.1352,1.0171,4.3593
12.1354,1.0845,4.6416
12.1356,1.1189,4.7844
12.1358,1.1675,4.9944
12.1360,1.113,4.7593
12.1362,1.1516,4.9198
12.1364,1.1623,4.984
12.1366,0.9841,4.2238
12.1368,0.9489,4.0687
12.1370,0.9505,4.0797
12.1372,0.9414,4.0444
12.1374,0.8715,3.7423
12.1376,0.8146,3.5042
12.1378,0.721,3.1033
12.1380,0.7548,3.2473
12.1382,0.8248,3.5431
12.1384,0.7996,3.4414
12.1386,0.7642,3.2891
12.1388,0.7393,3.1803
12.1390,0.7437,3.1964
12.1392,0.756,3.251
12.1394,0.7833,3.368
12.1396,0.8069,3.4696
12.1398,0.7807,3.3541
12.1400,0.7834,3.3764
12.1402,0.6522,2.8123
12.1404,0.6324,2.7257
12.1406,0.6564,2.8278
12.1408,0.6074,2.6201
12.1410,0.5764,2.4855
12.1412,0.5805,2.5019
12.1414,0.6186,2.665
12.1416,0.7064,3.0389
12.1418,0.7647,3.2912
12.1420,0.7122,3.0708
12.1422,0.6003,2.5872
12.1424,0.6346,2.7363
12.1426,0.5542,2.3921
12.1428,0.4784,2.0659
12.1430,0.4896,2.1151
12.1432,0.4934,2.1287
12.1434,0.5415,2.3372
12.1436,0.5822,2.5092
12.1438,0.6127,2.6434
12.1440,0.5443,2.348
12.1442,0.5619,2.4241
12.1444,0.5615,2.4225
12.1446,0.5455,2.3565
12.1448,0.4974,2.1468
12.1450,0.4896,2.1131
12.1452,0.5382,2.3206
12.1454,0.5522,2.38
12.1456,0.5535,2.3845
12.1458,0.5782,2.4944
12.1460,0.5189,2.2415
12.1462,0.481,2.0749
12.1464,0.4906,2.1163
12.1466,0.4867,2.1017
12.1468,0.4919,2.12
12.1470,0.5521,2.3794
12.1472,0.5661,2.4388
12.1474,0.5916,2.5488
12.1476,0.6175,2.6591
12.1478,0.5849,2.5222
12.1480,0.5431,2.3439
12.1482,0.544,2.3437
12.1484,0.5948,2.5622
12.1486,0.5984,2.5801
12.1488,0.525,2.2668
12.1490,0.4599,1.9848
12.1492,0.5222,2.2518
12.1494,0.5045,2.1763
12.1496,0.4686,2.0235
12.1498,0.4552,1.9664
12.1500,0.4491,1.94
12.1502,0.4507,1.9454
12.1504,0.5258,2.2663
12.1506,0.5606,2.4139
12.1508,0.6192,2.6689
12.1510,0.5672,2.4434
12.1512,0.5644,2.4304
12.1514,0.5847,2.52
12.1516,0.5922,2.5549
12.1518,0.5669,2.4458
12.1520,0.4994,2.1555
12.1522,0.4421,1.9073
12.1524,0.4324,1.8671
12.1526,0.4305,1.8588
12.1528,0.4271,1.8435
12.1530,0.4292,1.8514
12.1532,0.4292,1.8523
12.1534,0.4575,1.9744
12.1536,0.4507,1.9472
12.1538,0.4205,1.8158
12.1540,0.4312,1.8611
12.1542,0.4344,1.8742
12.1544,0.4398,1.8992
12.1546,0.4528,1.9551
12.1548,0.4229,1.8254
12.1550,0.415,1.7912
12.1552,0.4179,1.8045
12.1554,0.4413,1.9054
12.1556,0.4749,2.0447
12.1558,0.5457,2.3488
12.1560,0.5926,2.5529
12.1562,0.5667,2.4402
12.1564,0.5942,2.5537
12.1566,0.6719,2.8877
12.1568,0.6722,2.8906
12.1570,0.6623,2.8544
12.1572,0.5858,2.5223
12.1574,0.6147,2.6443
12.1576,0.6414,2.7581
12.1578,0.6672,2.8702
12.1580,0.598,2.575
12.1582,0.5979,2.5697
12.1584,0.6704,2.8828
12.1586,0.6485,2.7937
12.1588,0.562,2.4268
12.1590,0.4766,2.0563
12.1592,0.4701,2.0259
12.1594,0.4686,2.0216
12.1596,0.4626,1.9957
12.1598,0.4608,1.9861
12.1600,0.454,1.9585
12.1602,0.4609,1.9885
12.1604,0.4589,1.9797
12.1606,0.5131,2.2104
12.1608,0.5546,2.3903
12.1610,0.5102,2.197
12.1612,0.5186,2.2321
12.1614,0.5376,2.3169
12.1616,0.5329,2.2957
12.1618,0.5648,2.4308
12.1620,0.5539,2.3883
12.1622,0.5354,2.3076
12.1624,0.5244,2.259
12.1626,0.515,2.2197
12.1628,0.4931,2.1261
12.1630,0.4813,2.0745
12.1632,0.492,2.1205
12.1634,0.495,2.1324
12.1636,0.4853,2.0916
12.1638,0.4834,2.0833
12.1640,0.485,2.0915
12.1642,0.4852,2.0911
12.1644,0.4956,2.135
12.1646,0.5154,2.2203
12.1648,0.5445,2.3447
12.1650,0.5837,2.51
12.1652,0.6021,2.5889
12.1654,0.5914,2.5454
12.1656,0.6178,2.6552
12.1658,0.7226,3.1028
12.1660,0.7287,3.1276
12.1662,0.7878,3.3813
12.1664,0.813,3.4862
12.1666,0.8311,3.5655
12.1668,0.7833,3.3649
12.1670,0.7599,3.2614
12.1672,0.8707,3.73
12.1674,0.93,3.9843
12.1676,0.8939,3.8332
12.1678,0.8814,3.7757
12.1680,0.913,3.9132
12.1682,0.9421,4.0362
12.1684,0.9565,4.0978
12.1686,0.9532,4.0796
12.1688,1.0063,4.309
12.1690,1.0209,4.3675
12.1692,1.021,4.3701
12.1694,0.9803,4.1976
12.1696,0.9495,4.0637
12.1698,0.9905,4.2432
12.1700,0.9754,4.1785
12.1702,0.9296,3.9897
12.1704,0.9204,3.9487
12.1706,0.9087,3.8965
12.1708,0.9011,3.8641
12.1710,0.9134,3.9165
12.1712,0.9382,4.0248
12.1714,0.9089,3.8957
12.1716,0.8953,3.8389
12.1718,0.8805,3.7809
12.1720,0.7728,3.3216
12.1722,0.7116,3.0597
12.1724,0.7203,3.0988
12.1726,0.6973,2.9983
12.1728,0.7094,3.0504
12.1730,0.7247,3.115
12.1732,0.8048,3.4608
12.1734,0.754,3.2407
12.1736,0.7205,3.0984
12.1738,0.7129,3.0625
12.1740,0.8423,3.6099
12.1742,0.9029,3.8754
12.1744,0.8443,3.6237
12.1746,0.8399,3.6064
12.1748,0.8373,3.5972
12.1750,0.7938,3.4102
12.1752,0.8347,3.5876
12.1754,0.8014,3.4347
12.1756,0.8527,3.6615
12.1758,0.8293,3.5594
12.1760,0.8466,3.6335
12.1762,0.8498,3.6542
12.1764,0.7863,3.3809
12.1766,0.7812,3.3577
12.1768,0.778,3.3438
12.1770,0.7414,3.1881
12.1772,0.6996,3.0137
12.1774,0.6884,2.9588
12.1776,0.728,3.1303
12.1778,0.7316,3.1473
12.1780,0.7298,3.1395
12.1782,0.7494,3.2226
12.1784,0.7106,3.0584
12.1786,0.6687,2.8796
12.1788,0.6658,2.8654
12.1790,0.7002,3.0107
12.1792,0.7583,3.2593
12.1794,0.7548,3.2458
12.1796,0.6836,2.9437
12.1798,0.7289,3.1345
12.1800,0.8047,3.4555
12.1802,0.8268,3.5536
12.1804,0.8216,3.5314
12.1806,0.8202,3.5203
12.1808,0.8263,3.5482
12.1810,0.8355,3.5912
12.1812,0.8004,3.4386
12.1814,0.8505,3.6437
12.1816,0.9673,4.1518
12.1818,0.8761,3.7636
12.1820,0.8623,3.7009
12.1822,0.8221,3.5318
12.1824,0.7656,3.2968
12.1826,0.7102,3.0597
12.1828,0.7044,3.0288
12.1830,0.7295,3.14
12.1832,0.699,3.0083
12.1834,0.7034,3.0303
12.1836,0.6975,2.9994
12.1838,0.7006,3.0142
12.1840,0.7008,3.0147
12.1842,0.7065,3.038
12.1844,0.7059,3.0397
12.1846,0.7209,3.0985
12.1848,0.8534,3.6663
12.1850,0.7866,3.384
12.1852,0.7189,3.0926
12.1854,0.7203,3.0988
12.1856,0.6679,2.876
12.1858,0.651,2.8045
12.1860,0.6262,2.7013
12.1862,0.6325,2.7224
12.1864,0.6409,2.7624
12.1866,0.553,2.3836
12.1868,0.5431,2.3428
12.1870,0.5436,2.3449
12.1872,0.5451,2.3495
12.1874,0.5461,2.3558
12.1876,0.5451,2.3506
12.1878,0.5414,2.3334
12.1880,0.6113,2.6347
12.1882,0.602,2.5944
12.1884,0.552,2.3789
12.1886,0.547,2.3588
12.1888,0.5904,2.5377
12.1890,0.7083,3.0472
12.1892,0.6806,2.9307
12.1894,0.6922,2.9767
12.1896,0.6895,2.9703
12.1898,0.5955,2.5665
12.1900,0.5656,2.4356
12.1902,0.6379,2.7405
12.1904,0.7204,3.0978
12.1906,0.7191,3.0922
12.1908,0.7402,3.1859
12.1910,0.6954,2.9901
12.1912,0.7222,3.1056
12.1914,0.7395,3.1798
12.1916,0.7353,3.1633
12.1918,0.7219,3.1069
12.1920,0.6837,2.9401
12.1922,0.6855,2.9492
12.1924,0.7686,3.3067
12.1926,0.7331,3.1554
12.1928,0.7081,3.0462
12.1930,0.6884,2.9657
12.1932,0.6867,2.953
12.1934,0.7071,3.042
12.1936,0.6728,2.8958
12.1938,0.6574,2.8306
12.1940,0.612,2.6391
12.1942,0.5077,2.1923
12.1944,0.4921,2.1259
12.1946,0.4838,2.0892
12.1948,0.4756,2.0507
12.1950,0.4939,2.1288
12.1952,0.533,2.2962
12.1954,0.5751,2.4787
12.1956,0.5837,2.5147
12.1958,0.5949,2.5616
12.1960,0.6058,2.611
12.1962,0.6327,2.7229
12.1964,0.7105,3.0551
12.1966,0.7146,3.0754
12.1968,0.6087,2.6197
12.1970,0.6486,2.7916
12.1972,0.7034,3.0274
12.1974,0.7345,3.1596
12.1976,0.6623,2.8504
12.1978,0.6461,2.782
12.1980,0.6781,2.9172
12.1982,0.6878,2.9617
12.1984,0.6707,2.8825
12.1986,0.7431,3.1923
12.1988,0.7435,3.1924
12.1990,0.8146,3.4961
12.1992,0.8649,3.7105
12.1994,0.856,3.6759
12.1996,0.8278,3.5577
12.1998,0.8442,3.6148
12.2000,0.9679,4.1447
12.2002,0.9859,4.2276
12.2004,0.9782,4.1927
12.2006,0.9836,4.2198
12.2008,0.9786,4.1962
12.2010,0.979,4.1978
12.2012,0.9803,4.1995
12.2014,0.9939,4.2621
12.2016,0.995,4.2647
12.2018,1.03,4.4086
12.2020,1.0641,4.5522
12.2022,1.1116,4.7598
12.2024,1.0766,4.6206
12.2026,0.9479,4.0665
12.2028,0.911,3.9081
12.2030,0.9179,3.9471
12.2032,0.8318,3.5702
12.2034,0.864,3.7099
12.2036,0.8818,3.7866
12.2038,0.8715,3.7406
12.2040,0.8961,3.8443
12.2042,0.9069,3.8996
12.2044,0.8378,3.5943
12.2046,0.9114,3.9119
12.2048,0.8986,3.8605
12.2050,0.811,3.492
12.2052,0.6979,3.0037
12.2054,0.6434,2.7745
12.2056,0.6205,2.6733
12.2058,0.6032,2.6008
12.2060,0.6647,2.8594
12.2062,0.7209,3.0999
12.2064,0.752,3.244
12.2066,0.6247,2.6926
12.2068,0.6315,2.7228
12.2070,0.5933,2.5572
12.2072,0.5789,2.4975
12.2074,0.5573,2.4055
12.2076,0.5708,2.4589
12.2078,0.5787,2.4965
12.2080,0.554,2.3899
12.2082,0.5741,2.4768
12.2084,0.6048,2.6056
12.2086,0.6063,2.613
12.2088,0.6652,2.8641
12.2090,0.7048,3.035
12.2092,0.6919,2.9779
12.2094,0.7017,3.023
12.2096,0.6697,2.8878
12.2098,0.5565,2.403
12.2100,0.5505,2.3727
12.2102,0.639,2.7529
12.2104,0.6349,2.7353
12.2106,0.6237,2.688
12.2108,0.6156,2.6509
12.2110,0.686,2.954
12.2112,0.638,2.7487
12.2114,0.615,2.6495
12.2116,0.6323,2.7227
12.2118,0.7068,3.0362
12.2120,0.727,3.1306
12.2122,0.705,3.0398
12.2124,0.565,2.4364
12.2126,0.5285,2.2776
12.2128,0.6032,2.5972
12.2130,0.6268,2.7027
12.2132,0.5927,2.5546
12.2134,0.5898,2.5422
12.2136,0.6005,2.5882
12.2138,0.6039,2.6027
12.2140,0.6111,2.63
12.2142,0.6914,2.9675
12.2144,0.8866,3.8072
12.2146,0.8357,3.5917
12.2148,0.7364,3.1708
12.2150,0.6741,2.9002
12.2152,0.733,3.1505
12.2154,0.7523,3.238
12.2156,0.7752,3.3304
12.2158,0.8232,3.5315
12.2160,0.7945,3.4181
12.2162,0.6673,2.8734
12.2164,0.6859,2.9535
12.2166,0.7271,3.1325
12.2168,0.68,2.9268
12.2170,0.6577,2.8282
12.2172,0.6705,2.8914
12.2174,0.618,2.6637
12.2176,0.6628,2.8512
12.2178,0.7024,3.0233
12.2180,0.6546,2.8187
12.2182,0.6656,2.8702
12.2184,0.6267,2.6996
12.2186,0.6349,2.7328
12.2188,0.6599,2.8414
12.2190,0.6855,2.9547
12.2192,0.5753,2.482
12.2194,0.527,2.2725
12.2196,0.5041,2.1747
12.2198,0.4861,2.0991
12.2200,0.4687,2.024
12.2202,0.4669,2.0162
12.2204,0.4672,2.0173
12.2206,0.4678,2.0199
12.2208,0.4846,2.0904
12.2210,0.5205,2.2466
12.2212,0.4796,2.0692
12.2214,0.4793,2.0676
12.2216,0.493,2.1266
12.2218,0.5066,2.1866
12.2220,0.5149,2.2172
12.2222,0.5943,2.5566
12.2224,0.6372,2.7438
12.2226,0.6565,2.8256
12.2228,0.6323,2.7227
12.2230,0.5355,2.3113
12.2232,0.5035,2.1721
12.2234,0.589,2.5363
12.2236,0.6279,2.7048
12.2238,0.5612,2.4198
12.2240,0.5668,2.443
12.2242,0.5738,2.4684
12.2244,0.6106,2.6304
12.2246,0.5948,2.561
12.2248,0.6072,2.616
12.2250,0.6258,2.696
12.2252,0.6011,2.5896
12.2254,0.591,2.5439
12.2256,0.6353,2.7318
12.2258,0.6935,2.986
12.2260,0.6298,2.7118
12.2262,0.6299,2.7098
12.2264,0.6157,2.6526
12.2266,0.6144,2.6457
12.2268,0.6437,2.7717
12.2270,0.6563,2.8286
12.2272,0.5906,2.5453
12.2274,0.5217,2.2487
12.2276,0.4949,2.1339
12.2278,0.4867,2.0968
12.2280,0.5033,2.1701
12.2282,0.4973,2.1462
12.2284,0.4859,2.0961
12.2286,0.4873,2.1013
12.2288,0.4882,2.1059
12.2290,0.4912,2.1179
12.2292,0.5353,2.3028
12.2294,0.6389,2.7459
12.2296,0.7203,3.093
12.2298,0.7223,3.1133
12.2300,0.5308,2.2901
12.2302,0.4864,2.0972
12.2304,0.4891,2.1101
12.2306,0.495,2.1334
12.2308,0.5818,2.5041
12.2310,0.5849,2.5164
12.2312,0.6035,2.5999
12.2314,0.5914,2.543
12.2316,0.6767,2.9096
12.2318,0.7341,3.1508
12.2320,0.8698,3.7281
12.2322,0.8859,3.8023
12.2324,0.8266,3.5492
12.2326,0.8346,3.582
12.2328,0.871,3.7333
12.2330,0.8957,3.8427
12.2332,0.8341,3.5833
12.2334,0.8206,3.5251
12.2336,0.8341,3.58
12.2338,0.8521,3.6572
12.2340,0.837,3.594
12.2342,0.8124,3.4868
12.2344,0.8026,3.4527
12.2346,0.693,2.9784
12.2348,0.7846,3.3737
12.2350,0.7616,3.2732
12.2352,0.8263,3.5416
12.2354,0.9471,4.0629
12.2356,0.8839,3.7953
12.2358,0.836,3.5899
12.2360,0.7529,3.2361
12.2362,0.7382,3.1727
12.2364,0.7313,3.1448
12.2366,0.7143,3.0758
12.2368,0.728,3.1274
12.2370,0.8498,3.6457
12.2372,0.8377,3.5971
12.2374,0.8104,3.4797
12.2376,0.8608,3.6965
12.2378,0.8366,3.5908
12.2380,0.8857,3.7977
12.2382,0.8722,3.7454
12.2384,0.8785,3.7757
12.2386,0.767,3.2964
12.2388,0.7229,3.1087
12.2390,0.7246,3.1159
12.2392,0.8053,3.4565
12.2394,0.879,3.776
12.2396,0.8242,3.5389
12.2398,0.8215,3.5325
12.2400,0.7582,3.2618
12.2402,0.721,3.0975
12.2404,0.783,3.3654
12.2406,0.8165,3.506
12.2408,0.8799,3.7748
12.2410,0.9654,4.1397
12.2412,0.969,4.1551
12.2414,0.9316,4.0059
12.2416,0.8281,3.5592
12.2418,0.7764,3.3386
12.2420,0.6864,2.9555
12.2422,0.6628,2.8525
12.2424,0.6714,2.8923
12.2426,0.6582,2.8329
12.2428,0.6649,2.8644
12.2430,0.6612,2.8471
12.2432,0.7117,3.0588
12.2434,0.7662,3.2994
12.2436,0.6672,2.8769
12.2438,0.6132,2.6442
12.2440,0.5975,2.5753
12.2442,0.6347,2.7304
12.2444,0.7933,3.4066
12.2446,0.8336,3.5813
12.2448,0.7683,3.3082
12.2450,0.6805,2.9302
12.2452,0.6698,2.8856
12.2454,0.5838,2.5152
12.2456,0.5951,2.5638
12.2458,0.5853,2.5238
12.2460,0.5913,2.5496
12.2462,0.5701,2.4592
12.2464,0.5824,2.509
12.2466,0.6235,2.685
12.2468,0.5909,2.5481
12.2470,0.5689,2.4529
12.2472,0.5582,2.4058
12.2474,0.5663,2.4387
12.2476,0.6643,2.8579
12.2478,0.7165,3.0894
12.2480,0.6035,2.6024
12.2482,0.5697,2.4566
12.2484,0.5,2.1591
12.2486,0.479,2.0676
12.2488,0.4766,2.0553
12.2490,0.5181,2.2321
12.2492,0.5744,2.4733
12.2494,0.6099,2.6298
12.2496,0.5987,2.5805
12.2498,0.5689,2.4518
12.2500,0.541,2.333
12.2502,0.5394,2.3257
12.2504,0.5326,2.2946
12.2506,0.5854,2.5196
12.2508,0.6348,2.731
12.2510,0.7511,3.2268
12.2512,0.809,3.4805
12.2514,0.6761,2.9152
12.2516,0.5686,2.4519
12.2518,0.5557,2.3938
12.2520,0.5949,2.5639
12.2522,0.5609,2.4177
12.2524,0.5436,2.3427
12.2526,0.5474,2.3604
12.2528,0.5515,2.3758
12.2530,0.5776,2.4895
12.2532,0.5494,2.367
12.2534,0.5692,2.4556
12.2536,0.5322,2.2958
12.2538,0.5354,2.3087
12.2540,0.5239,2.259
12.2542,0.5579,2.4025
12.2544,0.6693,2.8822
12.2546,0.6193,2.6694
12.2548,0.5514,2.3752
12.2550,0.5981,2.5743
12.2552,0.6408,2.7593
12.2554,0.6276,2.7
12.2556,0.7129,3.0625
12.2558,0.7698,3.3072
12.2560,0.7865,3.3804
12.2562,0.7864,3.3751
12.2564,0.8345,3.5782
12.2566,0.8278,3.5527
12.2568,0.8598,3.6936
12.2570,0.7776,3.3422
12.2572,0.7668,3.2974
12.2574,0.7244,3.1134
12.2576,0.7412,3.1856
12.2578,0.7581,3.2628
12.2580,0.7214,3.1049
12.2582,0.6449,2.7743
12.2584,0.64,2.7544
12.2586,0.6385,2.7508
12.2588,0.646,2.7789
12.2590,0.7016,3.0253
12.2592,0.5715,2.4643
12.2594,0.5257,2.2668
12.2596,0.5444,2.3474
12.2598,0.5488,2.3655
12.2600,0.5255,2.2647
12.2602,0.5207,2.244
12.2604,0.493,2.1256
12.2606,0.4925,2.1236
12.2608,0.5241,2.2622
12.2610,0.4922,2.1225
12.2612,0.5009,2.1588
12.2614,0.5662,2.4404
12.2616,0.5777,2.4889
12.2618,0.5448,2.3479
12.2620,0.5349,2.3023
12.2622,0.5789,2.4964
12.2624,0.534,2.3014
12.2626,0.5916,2.5453
12.2628,0.6253,2.6952
12.2630,0.5207,2.244
12.2632,0.5065,2.183
12.2634,0.5578,2.4054
12.2636,0.5285,2.2787
12.2638,0.4975,2.1443
12.2640,0.5109,2.2011
12.2642,0.5883,2.532
12.2644,0.6726,2.8935
12.2646,0.7105,3.0508
12.2648,0.7628,3.2753
12.2650,0.7566,3.2536
12.2652,0.7572,3.2516
12.2654,0.8179,3.5089
12.2656,0.8234,3.5375
12.2658,0.7436,3.1974
12.2660,0.7381,3.1692
12.2662,0.8138,3.4898
12.2664,0.8516,3.6551
12.2666,0.7914,3.3999
12.2668,0.7912,3.3942
12.2670,0.8582,3.68
12.2672,0.9086,3.896
12.2674,0.937,4.0178
12.2676,0.9436,4.0461
12.2678,0.9341,4.0055
12.2680,0.9824,4.2029
12.2682,1.0671,4.565
12.2684,1.0498,4.4975
12.2686,1.0517,4.5015
12.2688,1.0709,4.5836
12.2690,1.0466,4.4962
12.2692,0.8667,3.7234
12.2694,0.8527,3.6615
12.2696,0.8457,3.6333
12.2698,0.8357,3.5883
12.2700,0.82,3.5258
12.2702,0.7701,3.3113
12.2704,0.7686,3.3036
12.2706,0.8027,3.45
12.2708,0.8243,3.5394
12.2710,0.8829,3.7947
12.2712,0.7638,3.286
12.2714,0.753,3.2366
12.2716,0.7553,3.2479
12.2718,0.7243,3.1187
12.2720,0.6498,2.7941
12.2722,0.7399,3.1873
12.2724,0.6884,2.9643
12.2726,0.6598,2.8409
12.2728,0.6279,2.7061
12.2730,0.6444,2.7735
12.2732,0.7309,3.1383
12.2734,0.7893,3.3938
12.2736,0.7451,3.2056
12.2738,0.7238,3.1123
12.2740,0.759,3.2654
12.2742,0.8011,3.4417
12.2744,0.8335,3.5857
12.2746,0.7508,3.2268
12.2748,0.7475,3.2189
12.2750,0.6746,2.9049
12.2752,0.6961,2.996
12.2754,0.6938,2.9875
12.2756,0.6958,2.9977
12.2758,0.6544,2.819
12.2760,0.6656,2.8649
12.2762,0.6986,3.0068
12.2764,0.7413,3.1831
12.2766,0.8147,3.4999
12.2768,0.8293,3.5611
12.2770,0.8578,3.6888
12.2772,0.7528,3.2416
12.2774,0.6289,2.7069
12.2776,0.6658,2.8654
12.2778,0.7098,3.0562
12.2780,0.7048,3.0322
12.2782,0.7435,3.1968
12.2784,0.7124,3.0647
12.2786,0.6936,2.9879
12.2788,0.7186,3.0901
12.2790,0.8083,3.4726
12.2792,0.7997,3.4387
12.2794,0.7408,3.187
12.2796,0.7774,3.3397
12.2798,0.8234,3.5325
12.2800,0.8726,3.7469
12.2802,0.7716,3.3211
12.2804,0.6996,3.0109
12.2806,0.775,3.3309
12.2808,0.7899,3.3901
12.2810,0.8472,3.6412
12.2812,0.7666,3.2964
12.2814,0.799,3.4324
12.2816,0.7677,3.3025
12.2818,0.7078,3.0508
12.2820,0.6697,2.8878
12.2822,0.6189,2.6624
12.2824,0.6668,2.874
12.2826,0.639,2.7529
12.2828,0.6506,2.8004
12.2830,0.6512,2.8055
12.2832,0.6533,2.8143
12.2834,0.6476,2.7888
12.2836,0.703,3.0231
12.2838,0.7275,3.1355
12.2840,0.6563,2.8272
12.2842,0.6858,2.9488
12.2844,0.6827,2.9436
12.2846,0.6167,2.6555
12.2848,0.653,2.812
12.2850,0.6586,2.8357
12.2852,0.6059,2.6175
12.2854,0.5057,2.1835
12.2856,0.5426,2.3375
12.2858,0.6461,2.7846
12.2860,0.5768,2.4871
12.2862,0.548,2.3641
12.2864,0.5101,2.2016
12.2866,0.4613,1.9928
12.2868,0.4553,1.9678
12.2870,0.4546,1.9629
12.2872,0.4525,1.955
12.2874,0.4509,1.9477
12.2876,0.4536,1.9588
12.2878,0.4528,1.9533
12.2880,0.4518,1.951
12.2882,0.4505,1.9462
12.2884,0.4452,1.9234
12.2886,0.4878,2.1044
12.2888,0.5365,2.3123
12.2890,0.5833,2.5091
12.2892,0.6371,2.742
12.2894,0.6872,2.955
12.2896,0.7171,3.0834
12.2898,0.6667,2.8668
12.2900,0.6131,2.6425
12.2902,0.5933,2.5572
12.2904,0.5699,2.4564
12.2906,0.6048,2.602
12.2908,0.6611,2.8466
12.2910,0.6756,2.9077
12.2912,0.6674,2.8699
12.2914,0.699,3.0014
12.2916,0.7461,3.2142
12.2918,0.6208,2.6768
12.2920,0.5608,2.4172
12.2922,0.5943,2.559
12.2924,0.6071,2.6154
12.2926,0.5768,2.4859
12.2928,0.5612,2.4187
12.2930,0.5539,2.3861
12.2932,0.547,2.3577
12.2934,0.5717,2.4608
12.2936,0.6728,2.8945
12.2938,0.6853,2.9509
12.2940,0.5987,2.5805
12.2942,0.5816,2.5054
12.2944,0.5984,2.5753
12.2946,0.6027,2.5939
12.2948,0.6729,2.895
12.2950,0.7051,3.0333
12.2952,0.6767,2.911
12.2954,0.6967,2.9944
12.2956,0.7631,3.2814
12.2958,0.7154,3.0791
12.2960,0.6197,2.6697
12.2962,0.5999,2.5844
12.2964,0.6101,2.6271
12.2966,0.6121,2.6371
12.2968,0.5891,2.5391
12.2970,0.5918,2.5505
12.2972,0.6039,2.5979
12.2974,0.6865,2.9506
12.2976,0.6919,2.9737
12.2978,0.6919,2.9765
12.2980,0.654,2.8148
12.2982,0.6644,2.8584
12.2984,0.7261,3.1206
12.2986,0.7455,3.2041
12.2988,0.7923,3.4035
12.2990,0.8469,3.6334
12.2992,0.8556,3.6738
12.2994,0.8655,3.7131
12.2996,0.871,3.735
12.2998,0.9197,3.9401
12.3000,0.948,4.0651
12.3002,0.9847,4.2225
12.3004,0.98,4.1985
12.3006,0.9822,4.2117
12.3008,0.9666,4.1429
12.3010,1.0032,4.2936
12.3012,1.0601,4.5353
12.3014,1.0908,4.6731
12.3016,1.0378,4.4482
12.3018,1.0073,4.3211
12.3020,0.9649,4.1395
12.3022,0.8345,3.5882
12.3024,0.7405,3.184
12.3026,0.7384,3.1752
12.3028,0.7391,3.1753
12.3030,0.771,3.317
12.3032,0.7554,3.2499
12.3034,0.7494,3.2241
12.3036,0.7818,3.3587
12.3038,0.7842,3.3722
12.3040,0.7882,3.3908
12.3042,0.7153,3.0771
12.3044,0.6913,2.9753
12.3046,0.7366,3.1704
12.3048,0.7539,3.2432
12.3050,0.7548,3.2428
12.3052,0.8228,3.5332
12.3054,0.8628,3.7064
12.3056,0.7937,3.4177
12.3058,0.6986,3.0068
12.3060,0.7029,3.0226
12.3062,0.733,3.1535
12.3064,0.6801,2.9328
12.3066,0.6426,2.7671
12.3068,0.7159,3.0811
12.3070,0.7365,3.1655
12.3072,0.7801,3.3546
12.3074,0.7602,3.269
12.3076,0.758,3.2638
12.3078,0.6794,2.9297
12.3080,0.5996,2.5877
12.3082,0.5633,2.4291
12.3084,0.6442,2.7738
12.3086,0.6623,2.8478
12.3088,0.7142,3.0725
12.3090,0.7425,3.1942
12.3092,0.7486,3.219
12.3094,0.6804,2.9243
12.3096,0.7361,3.1683
12.3098,0.6761,2.9165
12.3100,0.5981,2.5767
12.3102,0.6139,2.6437
12.3104,0.6622,2.8473
12.3106,0.7762,3.3361
12.3108,0.8054,3.4634
12.3110,0.7684,3.3118
12.3112,0.6106,2.6341
12.3114,0.5635,2.4285
12.3116,0.5721,2.468
12.3118,0.5613,2.4215
12.3120,0.5987,2.5745
12.3122,0.697,2.9987
12.3124,0.7592,3.2644
12.3126,0.7255,3.1253
12.3128,0.6629,2.8543
12.3130,0.6535,2.8114
12.3132,0.678,2.9207
12.3134,0.6594,2.8367
12.3136,0.7788,3.3427
12.3138,0.862,3.7016
12.3140,0.8148,3.5004
12.3142,0.8212,3.5293
12.3144,0.7221,3.1094
12.3146,0.6319,2.7224
12.3148,0.6848,2.9488
12.3150,0.7,3.0116
12.3152,0.7052,3.0324
12.3154,0.7246,3.1173
12.3156,0.7307,3.1422
12.3158,0.7429,3.1928
12.3160,0.766,3.2953
12.3162,0.7653,3.2892
12.3164,0.7594,3.2685
12.3166,0.7138,3.0738
12.3168,0.7002,3.0135
12.3170,0.7057,3.0358
12.3172,0.7333,3.1545
12.3174,0.7538,3.2412
12.3176,0.7811,3.3556
12.3178,0.8306,3.5717
12.3180,0.7654,3.2958
12.3182,0.6958,2.9963
12.3184,0.7077,3.046
12.3186,0.6319,2.7249
12.3188,0.5571,2.4045
12.3190,0.5491,2.3676
12.3192,0.5458,2.3526
12.3194,0.5601,2.4163
12.3196,0.5595,2.416
12.3198,0.5492,2.3692
12.3200,0.5472,2.3604
12.3202,0.5484,2.3656
12.3204,0.5508,2.376
12.3206,0.598,2.575
12.3208,0.6202,2.673
12.3210,0.5512,2.3791
12.3212,0.5479,2.3635
12.3214,0.5421,2.3365
12.3216,0.5395,2.3263
12.3218,0.596,2.5662
12.3220,0.662,2.8481
12.3222,0.6981,3.0019
12.3224,0.7166,3.0785
12.3226,0.7955,3.4174
12.3228,0.7959,3.4285
12.3230,0.6722,2.8959
12.3232,0.6359,2.7369
12.3234,0.6729,2.895
12.3236,0.7325,3.147
12.3238,0.799,3.434
12.3240,0.7459,3.2072
12.3242,0.7286,3.1373
12.3244,0.6764,2.9127
12.3246,0.7039,3.0267
12.3248,0.7435,3.2013
12.3250,0.6999,3.0125
12.3252,0.7303,3.1372
12.3254,0.7824,3.366
12.3256,0.6825,2.9376
12.3258,0.672,2.8922
12.3260,0.6414,2.7658
12.3262,0.5809,2.5046
12.3264,0.5721,2.4669
12.3266,0.5741,2.4734
12.3268,0.5879,2.5328
12.3270,0.6021,2.5925
12.3272,0.6318,2.7181
12.3274,0.607,2.6174
12.3276,0.5213,2.2466
12.3278,0.5836,2.52
12.3280,0.5017,2.1644
12.3282,0.5008,2.1612
12.3284,0.5289,2.2797
12.3286,0.5878,2.5311
12.3288,0.592,2.5504
12.3290,0.5606,2.4184
12.3292,0.5071,2.1877
12.3294,0.4972,2.1457
12.3296,0.4898,2.1132
12.3298,0.5298,2.2822
12.3300,0.5767,2.4831
12.3302,0.5843,2.5161
12.3304,0.6059,2.6079
12.3306,0.5967,2.5705
12.3308,0.5806,2.499
12.3310,0.6225,2.6816
12.3312,0.6438,2.7645
12.3314,0.7677,3.2979
12.3316,0.8088,3.473
12.3318,0.8462,3.6303
12.3320,0.8208,3.5229
12.3322,0.8164,3.5038
12.3324,0.8962,3.8448
12.3326,0.9204,3.9524
12.3328,0.8484,3.6429
12.3330,0.9236,3.9565
12.3332,1.0086,4.3187
12.3334,0.9959,4.2643
12.3336,0.9785,4.1918
12.3338,0.9984,4.2791
12.3340,1.0377,4.4373
12.3342,1.1595,4.9559
12.3344,1.1348,4.8594
12.3346,1.0227,4.3834
12.3348,1.0093,4.3238
12.3350,0.9975,4.2815
12.3352,0.8972,3.8507
12.3354,0.8846,3.7949
12.3356,0.9243,3.967
12.3358,0.9287,3.9879
12.3360,0.8455,3.6356
12.3362,0.7863,3.3778
12.3364,0.7956,3.418
12.3366,0.7963,3.4242
12.3368,0.8173,3.5079
12.3370,0.9471,4.061
12.3372,0.9673,4.1498
12.3374,0.8763,3.7699
12.3376,0.7466,3.2147
12.3378,0.638,2.7462
12.3380,0.6474,2.7864
12.3382,0.7081,3.0476
12.3384,0.716,3.0816
12.3386,0.7387,3.1777
12.3388,0.7456,3.2061
12.3390,0.7568,3.2526
12.3392,0.7107,3.0618
12.3394,0.6144,2.6482
12.3396,0.5765,2.4826
12.3398,0.6696,2.8819
12.3400,0.7433,3.1993
12.3402,0.786,3.3815
12.3404,0.6794,2.9256
12.3406,0.6345,2.7358
12.3408,0.59,2.5451
12.3410,0.5896,2.54
12.3412,0.6604,2.8408
12.3414,0.6681,2.8784
12.3416,0.6943,2.9868
12.3418,0.7146,3.0769
12.3420,0.6351,2.7383
12.3422,0.6115,2.6394
12.3424,0.5927,2.5558
12.3426,0.5336,2.3009
12.3428,0.5091,2.1975
12.3430,0.5542,2.3887
12.3432,0.6023,2.5924
12.3434,0.6675,2.8758
12.3436,0.6251,2.6942
12.3438,0.588,2.5404
12.3440,0.5053,2.1789
12.3442,0.5406,2.3298
12.3444,0.5529,2.3842
12.3446,0.5223,2.2544
12.3448,0.5034,2.1746
12.3450,0.4925,2.1255
12.3452,0.4914,2.1209
12.3454,0.4829,2.0841
12.3456,0.4866,2.1002
12.3458,0.4978,2.1473
12.3460,0.4997,2.1546
12.3462,0.5258,2.2684
12.3464,0.4709,2.0343
12.3466,0.4335,1.8692
12.3468,0.5445,2.3501
12.3470,0.5486,2.3666
12.3472,0.5478,2.3641
12.3474,0.445,1.9224
12.3476,0.43,1.8576
12.3478,0.4313,1.8624
12.3480,0.4306,1.8593
12.3482,0.4304,1.8592
12.3484,0.4305,1.8588
12.3486,0.4308,1.8595
12.3488,0.4468,1.9292
12.3490,0.4433,1.9151
12.3492,0.4364,1.8842
12.3494,0.4757,2.0502
12.3496,0.5221,2.2492
12.3498,0.5562,2.3959
12.3500,0.5679,2.4454
12.3502,0.5577,2.4026
12.3504,0.5466,2.3579
12.3506,0.4829,2.0861
12.3508,0.457,1.9723
12.3510,0.4553,1.9633
12.3512,0.504,2.1722
12.3514,0.5337,2.3004
12.3516,0.5352,2.3034
12.3518,0.5845,2.5166
12.3520,0.5729,2.4694
12.3522,0.5847,2.5224
12.3524,0.5119,2.2063
12.3526,0.5097,2.199
12.3528,0.4752,2.0472
12.3530,0.5135,2.214
12.3532,0.4639,2.0014
12.3534,0.4533,1.9545
12.3536,0.4967,2.1417
12.3538,0.481,2.0749
12.3540,0.4994,2.1496
12.3542,0.5793,2.4968
12.3544,0.5657,2.4361
12.3546,0.6263,2.6943
12.3548,0.6293,2.7072
12.3550,0.6077,2.6168
12.3552,0.6348,2.7284
12.3554,0.6906,2.9695
12.3556,0.6713,2.8878
12.3558,0.6917,2.9769
12.3560,0.669,2.8807
12.3562,0.5595,2.4092
12.3564,0.5277,2.2756
12.3566,0.5389,2.3226
12.3568,0.5404,2.325
12.3570,0.5842,2.5109
12.3572,0.6336,2.7245
12.3574,0.6324,2.7219
12.3576,0.6232,2.6822
12.3578,0.5685,2.448
12.3580,0.5394,2.3247
12.3582,0.5548,2.3913
12.3584,0.4901,2.1132
12.3586,0.48,2.0669
12.3588,0.53,2.2833
12.3590,0.4994,2.1526
12.3592,0.5215,2.2456
12.3594,0.5692,2.4522
12.3596,0.5231,2.2565
12.3598,0.4948,2.1314
12.3600,0.5486,2.3623
12.3602,0.539,2.322
12.3604,0.5087,2.1913
12.3606,0.4904,2.1138
12.3608,0.4884,2.107
12.3610,0.4962,2.1406
12.3612,0.5334,2.2967
12.3614,0.5833,2.5126
12.3616,0.527,2.2704
12.3618,0.4992,2.1525
12.3620,0.492,2.1205
12.3622,0.4954,2.135
12.3624,0.4951,2.1339
12.3626,0.5076,2.1847
12.3628,0.574,2.4683
12.3630,0.7411,3.1791
12.3632,0.7678,3.2969
12.3634,0.737,3.1661
12.3636,0.6839,2.9392
12.3638,0.6488,2.79
12.3640,0.6492,2.7955
12.3642,0.6052,2.6035
12.3644,0.6415,2.7573
12.3646,0.6986,2.9998
12.3648,0.7607,3.2665
12.3650,0.7626,3.2748
12.3652,0.7781,3.3396
12.3654,0.7788,3.3458
12.3656,0.7769,3.3345
12.3658,0.8266,3.5492
12.3660,0.8081,3.4651
12.3662,0.8288,3.5607
12.3664,0.7998,3.4344
12.3666,0.8118,3.4794
12.3668,0.886,3.8011
12.3670,0.8441,3.6193
12.3672,0.8186,3.5103
12.3674,0.8571,3.6805
12.3676,0.8212,3.5228
12.3678,0.8594,3.6869
12.3680,0.8329,3.5715
12.3682,0.8439,3.6239
12.3684,0.7295,3.137
12.3686,0.6402,2.7516
12.3688,0.7351,3.1549
12.3690,0.7948,3.4144
12.3692,0.8176,3.5073
12.3694,0.9038,3.8736
12.3696,0.9149,3.925
12.3698,0.8159,3.5034
12.3700,0.7183,3.0886
12.3702,0.6823,2.9312
12.3704,0.716,3.0759
12.3706,0.7562,3.25
12.3708,0.774,3.3268
12.3710,0.7896,3.3906
12.3712,0.7815,3.354
12.3714,0.8015,3.4432
12.3716,0.7773,3.3391
12.3718,0.7996,3.4334
12.3720,0.805,3.4565
12.3722,0.8161,3.5077
12.3724,0.7929,3.4061
12.3726,0.7755,3.3345
12.3728,0.7606,3.263
12.3730,0.8525,3.6519
12.3732,0.901,3.8636
12.3734,0.8835,3.7867
12.3736,0.8695,3.7318
12.3738,0.8378,3.6026
12.3740,0.7726,3.3237
12.3742,0.7194,3.0889
12.3744,0.777,3.3366
12.3746,0.7825,3.3618
12.3748,0.7469,3.2118
12.3750,0.7672,3.2943
12.3752,0.8396,3.607
12.3754,0.793,3.4114
12.3756,0.7695,3.3087
12.3758,0.771,3.3108
12.3760,0.7769,3.3392
12.3762,0.7776,3.3454
12.3764,0.704,3.03
12.3766,0.7111,3.0519
12.3768,0.8357,3.5883
12.3770,0.8526,3.6627
12.3772,0.8239,3.5428
12.3774,0.7624,3.2798
12.3776,0.6889,2.965
12.3778,0.6992,3.0066
12.3780,0.7477,3.2134
12.3782,0.7532,3.2386
12.3784,0.7642,3.2861
12.3786,0.7648,3.284
12.3788,0.7853,3.3721
12.3790,0.8399,3.6047
12.3792,0.8613,3.6951
12.3794,0.9225,3.9519
12.3796,0.98,4.1985
12.3798,0.9498,4.0747
12.3800,0.9619,4.1248
12.3802,0.9978,4.2785
12.3804,0.9405,4.0346
12.3806,0.9093,3.9045
12.3808,0.8538,3.6712
12.3810,0.7846,3.3753
12.3812,0.7343,3.1591
12.3814,0.7347,3.1607
12.3816,0.7448,3.2025
12.3818,0.7382,3.1786
12.3820,0.7292,3.1369
12.3822,0.7312,3.1457
12.3824,0.7393,3.1803
12.3826,0.7367,3.1709
12.3828,0.7403,3.1834
12.3830,0.7355,3.1658
12.3832,0.7556,3.2489
12.3834,0.8227,3.5294
12.3836,0.9543,4.0899
12.3838,1.0052,4.3064
12.3840,0.9504,4.0906
12.3842,0.707,3.0401
12.3844,0.7502,3.2302
12.3846,0.655,2.8255
12.3848,0.5904,2.546
12.3850,0.5805,2.5031
12.3852,0.5481,2.3646
12.3854,0.5456,2.3537
12.3856,0.5482,2.3629
12.3858,0.5551,2.3946
12.3860,0.549,2.3682
12.3862,0.555,2.3929
12.3864,0.5522,2.3811
12.3866,0.6148,2.6436
12.3868,0.7229,3.1145
12.3870,0.6401,2.7601
12.3872,0.5502,2.3712
12.3874,0.5407,2.3325
12.3876,0.5413,2.3351
12.3878,0.5449,2.3506
12.3880,0.5493,2.3665
12.3882,0.6173,2.6581
12.3884,0.6919,2.9751
12.3886,0.7774,3.3381
12.3888,0.8245,3.5405
12.3890,0.763,3.2855
12.3892,0.6516,2.8071
12.3894,0.6336,2.7309
12.3896,0.677,2.9166
12.3898,0.7118,3.0593
12.3900,0.8209,3.5234
12.3902,0.7966,3.4285
12.3904,0.6806,2.9307
12.3906,0.6875,2.9574
12.3908,0.6768,2.9088
12.3910,0.7,3.0144
12.3912,0.6614,2.8495
12.3914,0.6799,2.9249
12.3916,0.7423,3.1887
12.3918,0.7793,3.3479
12.3920,0.8221,3.5351
12.3922,0.7559,3.2535
12.3924,0.6846,2.9437
12.3926,0.6788,2.9244
12.3928,0.6839,2.9433
12.3930,0.6848,2.9474
12.3932,0.6759,2.9106
12.3934,0.6795,2.9275
12.3936,0.6704,2.8895
12.3938,0.6378,2.7451
12.3940,0.636,2.7374
12.3942,0.7002,3.0107
12.3944,0.7587,3.2608
12.3946,0.7415,3.193
12.3948,0.7171,3.082
12.3950,0.8035,3.4568
12.3952,0.7291,3.1335
12.3954,0.7388,3.1782
12.3956,0.704,3.03
12.3958,0.6842,2.9462
12.3960,0.5951,2.5662
12.3962,0.59,2.5439
12.3964,0.595,2.5609
12.3966,0.6232,2.6859
12.3968,0.6217,2.6772
12.3970,0.7034,3.0246
12.3972,0.7183,3.0857
12.3974,0.7815,3.365
12.3976,0.6487,2.7973
12.3978,0.591,2.5462
12.3980,0.6921,2.9775
12.3982,0.7277,3.1293
12.3984,0.7259,3.1259
12.3986,0.718,3.0847
12.3988,0.7861,3.3773
12.3990,0.7899,3.3901
12.3992,0.8697,3.7311
12.3994,0.9032,3.8764
12.3996,0.9284,3.9789
12.3998,0.9724,4.1695
12.4000,0.9684,4.1506
12.4002,0.993,4.2579
12.4004,1.0279,4.3952
12.4006,1.1044,4.7312
12.4008,1.0191,4.366
12.4010,1.0086,4.3228
12.4012,1.0425,4.4703
12.4014,1.0322,4.4281
12.4016,0.9248,3.9654
12.4018,0.9092,3.9003
12.4020,0.9678,4.148
12.4022,1.0041,4.3058
12.4024,1.0179,4.369
12.4026,0.9164,3.9404
12.4028,0.825,3.5491
12.4030,0.7881,3.3855
12.4032,0.8135,3.4915
12.4034,0.9155,3.9294
12.4036,0.9222,3.9601
12.4038,0.8508,3.6617
12.4040,0.7346,3.1646
12.4042,0.7324,3.1494
12.4044,0.7849,3.3753
12.4046,0.769,3.3098
12.4048,0.7709,3.3149
12.4050,0.804,3.454
12.4052,0.799,3.4404
12.4054,0.6342,2.7347
12.4056,0.6162,2.6584
12.4058,0.6588,2.8407
12.4060,0.5867,2.53
12.4062,0.5681,2.4498
12.4064,0.5786,2.496
12.4066,0.6022,2.5919
12.4068,0.724,3.1133
12.4070,0.7403,3.1864
12.4072,0.658,2.8397
12.4074,0.5491,2.3676
12.4076,0.5892,2.5408
12.4078,0.5397,2.3305
12.4080,0.5396,2.3311
12.4082,0.4992,2.1525
12.4084,0.546,2.3531
12.4086,0.5918,2.5529
12.4088,0.5889,2.5393
12.4090,0.6004,2.5889
12.4092,0.6364,2.7402
12.4094,0.6717,2.8952
12.4096,0.6216,2.6767
12.4098,0.6869,2.9535
12.4100,0.7423,3.1932
12.4102,0.6871,2.9614
12.4104,0.5656,2.4424
12.4106,0.5059,2.1835
12.4108,0.5691,2.454
12.4110,0.6089,2.622
12.4112,0.6613,2.8489
12.4114,0.6295,2.7133
12.4116,0.6716,2.8893
12.4118,0.7223,3.1032
12.4120,0.7026,3.0309
12.4122,0.5791,2.4992
12.4124,0.5791,2.4957
12.4126,0.5801,2.4992
12.4128,0.5835,2.5172
12.4130,0.5726,2.4667
12.4132,0.6391,2.7483
12.4134,0.724,3.1162
12.4136,0.698,3.007
12.4138,0.6891,2.9674
12.4140,0.6806,2.928
12.4142,0.6899,2.9705
12.4144,0.6811,2.9287
12.4146,0.7867,3.3861
12.4148,0.7275,3.1283
12.4150,0.7569,3.2531
12.4152,0.8138,3.4963
12.4154,0.7803,3.3551
12.4156,0.7528,3.2401
12.4158,0.7514,3.2324
12.4160,0.7448,3.207
12.4162,0.7262,3.1255
12.4164,0.7197,3.0962
12.4166,0.7327,3.149
12.4168,0.7843,3.3758
12.4170,0.75,3.2282
12.4172,0.7348,3.1612
12.4174,0.7096,3.0529
12.4176,0.7102,3.0569
12.4178,0.6926,2.9824
12.4180,0.6637,2.8553
12.4182,0.7041,3.0263
12.4184,0.7183,3.0929
12.4186,0.6781,2.9185
12.4188,0.7317,3.1522
12.4190,0.6646,2.8655
12.4192,0.5714,2.4638
12.4194,0.5925,2.5536
12.4196,0.6432,2.7696
12.4198,0.6587,2.8389
12.4200,0.5687,2.4524
12.4202,0.5538,2.3889
12.4204,0.5545,2.3898
12.4206,0.6017,2.5898
12.4208,0.6775,2.9173
12.4210,0.7066,3.0428
12.4212,0.6684,2.8794
12.4214,0.6577,2.8282
12.4216,0.7112,3.0596
12.4218,0.7333,3.1516
12.4220,0.7303,3.1416
12.4222,0.7391,3.1812
12.4224,0.739,3.1807
12.4226,0.7108,3.0594
12.4228,0.6897,2.9714
12.4230,0.6372,2.7426
12.4232,0.6654,2.8598
12.4234,0.7198,3.0967
12.4236,0.6918,2.9788
12.4238,0.6954,2.9929
12.4240,0.6956,2.9939
12.4242,0.7108,3.0609
12.4244,0.689,2.9655
12.4246,0.7011,3.012
12.4248,0.7613,3.2752
12.4250,0.7443,3.2005
12.4252,0.7441,3.1964
12.4254,0.8484,3.6412
12.4256,0.8489,3.6467
12.4258,0.8112,3.4882
12.4260,0.7971,3.4241
12.4262,0.7894,3.3943
12.4264,0.7403,3.1805
12.4266,0.7854,3.3726
12.4268,0.7736,3.3294
12.4270,0.724,3.1177
12.4272,0.6949,2.9894
12.4274,0.766,3.2923
12.4276,0.7974,3.4273
12.4278,0.7683,3.3082
12.4280,0.6335,2.7304
12.4282,0.5835,2.5137
12.4284,0.5843,2.5173
12.4286,0.5723,2.4714
12.4288,0.5211,2.2503
12.4290,0.4898,2.1151
12.4292,0.4864,2.0972
12.4294,0.5286,2.2781
12.4296,0.6018,2.5939
12.4298,0.6078,2.6173
12.4300,0.6518,2.8042
12.4302,0.7389,3.1758
12.4304,0.7287,3.1407
12.4306,0.6859,2.9521
12.4308,0.706,3.043
12.4310,0.5797,2.4995
12.4312,0.5786,2.489
12.4314,0.6687,2.8743
12.4316,0.7411,3.1851
12.4318,0.8042,3.4583
12.4320,0.7918,3.4015
12.4322,0.8389,3.6006
12.4324,0.8743,3.7541
12.4326,0.8505,3.6573
12.4328,0.8322,3.5751
12.4330,0.8366,3.5908
12.4332,0.8164,3.5038
12.4334,0.8847,3.7936
12.4336,0.9444,4.0497
12.4338,1.0069,4.3095
12.4340,1.0663,4.5657
12.4342,1.0812,4.632
12.4344,1.0642,4.5527
12.4346,1.1239,4.8059
12.4348,1.0667,4.5742
12.4350,0.9692,4.1658
12.4352,0.855,3.6764
12.4354,0.8697,3.7346
12.4356,0.8625,3.7071
12.4358,0.8537,3.6707
12.4360,0.8385,3.6024
12.4362,0.8267,3.5481
12.4364,0.8411,3.6115
12.4366,0.8954,3.8483
12.4368,0.9094,3.905
12.4370,0.9363,4.0166
12.4372,0.9676,4.1489
12.4374,0.9983,4.2885
12.4376,0.9028,3.8767
12.4378,0.8456,3.6345
12.4380,0.8225,3.5399
12.4382,0.7444,3.2069
12.4384,0.7548,3.2443
12.4386,0.809,3.4789
12.4388,0.7931,3.4119
12.4390,0.7884,3.3886
12.4392,0.8313,3.5698
12.4394,0.8513,3.6536
12.4396,0.905,3.8878
12.4398,0.9178,3.9411
12.4400,0.8838,3.7984
12.4402,0.8154,3.5046
12.4404,0.8201,3.5263
12.4406,0.761,3.2737
12.4408,0.7545,3.2443
12.4410,0.7527,3.2381
12.4412,0.7381,3.1736
12.4414,0.8219,3.5341
12.4416,0.7825,3.3665
12.4418,0.7468,3.2143
12.4420,0.7475,3.2114
12.4422,0.8445,3.6265
12.4424,0.8812,3.7858
12.4426,0.884,3.7958
12.4428,0.9117,3.9148
12.4430,0.8993,3.8636
12.4432,0.9052,3.887
12.4434,0.9335,4.0048
12.4436,0.9393,4.0276
12.4438,1.0221,4.3788
12.4440,1.048,4.4898
12.4442,1.0428,4.4672
12.4444,1.0701,4.5907
12.4446,1.0824,4.6415
12.4448,1.0022,4.3056
12.4450,0.9164,3.9404
12.4452,0.8441,3.6278
12.4454,0.8383,3.598
12.4456,0.9582,4.1069
12.4458,1.0116,4.3417
12.4460,1.0242,4.3957
12.4462,1.0153,4.3515
12.4464,1.0324,4.425
12.4466,1.0878,4.656
12.4468,1.131,4.8543
12.4470,0.9668,4.1575
12.4472,0.8903,3.8249
12.4474,0.9527,4.0909
12.4476,1.013,4.3499
12.4478,1.0088,4.3298
12.4480,0.9835,4.2252
12.4482,0.9244,3.9712
12.4484,0.9327,4.0105
12.4486,0.8203,3.529
12.4488,0.8202,3.5219
12.4490,0.9919,4.2573
12.4492,0.9605,4.1282
12.4494,0.8559,3.6822
12.4496,0.8134,3.4975
12.4498,0.8297,3.5593
12.4500,0.9806,4.2128
12.4502,0.9709,4.1692
12.4504,0.9218,3.9673
12.4506,0.7859,3.3872
12.4508,0.7132,3.074
12.4510,0.7104,3.0645
12.4512,0.6717,2.8952
12.4514,0.6758,2.9128
12.4516,0.6931,2.9858
12.4518,0.7045,3.0363
12.4520,0.7279,3.1342
12.4522,0.7409,3.1934
12.4524,0.707,3.0528
12.4526,0.6021,2.5986
12.4528,0.5764,2.489
12.4530,0.5785,2.4978
12.4532,0.597,2.572
12.4534,0.6487,2.7973
12.4536,0.6306,2.7192
12.4538,0.6069,2.6168
12.4540,0.6698,2.8896
12.4542,0.6993,3.0113
12.4544,0.7229,3.1145
12.4546,0.7394,3.1838
12.4548,0.7903,3.3937
12.4550,0.9073,3.8957
12.4552,0.8758,3.7626
12.4554,0.8983,3.8625
12.4556,0.8708,3.7427
12.4558,0.8418,3.623
12.4560,0.8378,3.5993
12.4562,0.9281,3.9798
12.4564,0.9525,4.088
12.4566,0.9616,4.129
12.4568,0.9646,4.1438
12.4570,0.9755,4.1887
12.4572,0.9587,4.1205
12.4574,0.9134,3.9238
12.4576,0.9737,4.1771
12.4578,0.9617,4.1334
12.4580,0.9104,3.9091
12.4582,0.9304,3.9933
12.4584,0.9894,4.2425
12.4586,1.0583,4.5382
12.4588,1.0755,4.6246
12.4590,0.9083,3.9058
12.4592,0.8632,3.7154
12.4594,0.8219,3.539
12.4596,0.7295,3.1458
12.4598,0.6485,2.7963
12.4600,0.6897,2.9741
12.4602,0.704,3.0357
12.4604,0.6869,2.9617
12.4606,0.6849,2.9507
12.4608,0.7232,3.1184
12.4610,0.6925,2.9832
12.4612,0.6884,2.9643
12.4614,0.6877,2.9612
12.4616,0.736,3.1708
12.4618,0.747,3.2183
12.4620,0.7361,3.1728
12.4622,0.7093,3.057
12.4624,0.7587,3.2578
12.4626,0.919,3.9499
12.4628,0.8468,3.6379
12.4630,0.8532,3.6721
12.4632,0.8045,3.4593
12.4634,0.864,3.7081
12.4636,0.983,4.2192
12.4638,1.0279,4.4137
12.4640,0.9809,4.208
12.4642,1.032,4.4209
12.4644,1.0779,4.6241
12.4646,1.0714,4.5921
12.4648,1.0851,4.655
12.4650,1.1124,4.7678
12.4652,1.1315,4.8496
12.4654,1.1147,4.7731
12.4656,1.1357,4.8653
12.4658,1.2918,5.5031
12.4660,1.41,6.0322
12.4662,1.1968,5.1297
12.4664,1.1576,4.9593
12.4666,1.2241,5.2316
12.4668,1.2976,5.5458
12.4670,1.3455,5.7427
12.4672,1.3747,5.8753
12.4674,1.3186,5.6302
12.4676,1.3238,5.6686
12.4678,1.239,5.3081
12.4680,1.2202,5.225
12.4682,1.1832,5.0687
12.4684,1.1612,4.977
12.4686,1.1689,5.0076
12.4688,1.1539,4.9434
12.4690,1.1682,5.0068
12.4692,1.1705,5.0189
12.4694,1.1615,4.9757
12.4696,1.1648,4.9971
12.4698,1.1181,4.783
12.4700,1.2626,5.4037
12.4702,1.2044,5.162
12.4704,1.1377,4.8831
12.4706,1.0443,4.4905
12.4708,0.7815,3.3697
12.4710,0.8065,3.4713
12.4712,0.8978,3.864
12.4714,0.9495,4.0789
12.4716,0.9845,4.2313
12.4718,1.0185,4.3797
12.4720,0.9888,4.2479
12.4722,1.0035,4.3213
12.4724,0.8984,3.872
12.4726,0.8722,3.7541
12.4728,0.8532,3.6755
12.4730,0.7744,3.3376
12.4732,0.7616,3.2838
12.4734,0.7818,3.3697
12.4736,0.8041,3.4626
12.4738,0.8569,3.6915
12.4740,0.8727,3.7562
12.4742,0.9007,3.8692
12.4744,0.9486,4.081
12.4746,0.908,3.9025
12.4748,0.9312,4.0006
12.4750,0.9624,4.1403
12.4752,0.9622,4.1431
12.4754,0.9365,4.0251
12.4756,0.9749,4.19
12.4758,0.9156,3.9409
12.4760,0.8218,3.5401
12.4762,0.8496,3.6532
12.4764,0.9383,4.0385
12.4766,0.9296,3.9971
12.4768,1.0573,4.5357
12.4770,1.0775,4.6269
12.4772,1.0285,4.4163
12.4774,0.9821,4.2249
12.4776,0.9236,3.975
12.4778,0.9087,3.9165
12.4780,0.814,3.5098
12.4782,0.7825,3.3743
12.4784,0.7918,3.4141
12.4786,0.7965,3.4343
12.4788,0.7616,3.2869
12.4790,0.7588,3.2735
12.4792,0.7521,3.24
12.4794,0.7753,3.3371
12.4796,0.8867,3.813
12.4798,0.948,4.0841
12.4800,0.8634,3.7176
12.4802,0.8363,3.6076
12.4804,0.7638,3.2967
12.4806,0.7238,3.121
12.4808,0.7114,3.0663
12.4810,0.7101,3.062
12.4812,0.7337,3.161
12.4814,0.7505,3.2408
12.4816,0.7066,3.0499
12.4818,0.7078,3.0522
12.4820,0.708,3.0541
12.4822,0.7099,3.0638
12.4824,0.7057,3.0443
12.4826,0.7004,3.0229
12.4828,0.7008,3.0203
12.4830,0.75,3.2327
12.4832,0.7851,3.3883
12.4834,0.7021,3.0274
12.4836,0.6482,2.8004
12.4838,0.6415,2.7701
12.4840,0.5725,2.4765
12.4842,0.5083,2.1989
12.4844,0.5105,2.2072
12.4846,0.5093,2.2031
12.4848,0.5151,2.2306
12.4850,0.5222,2.257
12.4852,0.5711,2.4639
12.4854,0.6033,2.6086
12.4856,0.5314,2.298
12.4858,0.5177,2.2363
12.4860,0.5168,2.2347
12.4862,0.5159,2.2285
12.4864,0.5521,2.385
12.4866,0.6233,2.6914
12.4868,0.6044,2.612
12.4870,0.5183,2.2399
12.4872,0.5015,2.1684
12.4874,0.5107,2.2062
12.4876,0.5559,2.3993
12.4878,0.5302,2.2928
12.4880,0.6184,2.6665
12.4882,0.7159,3.0825
12.4884,0.7599,3.269
12.4886,0.7834,3.3779
12.4888,0.7178,3.0951
12.4890,0.638,2.7513
12.4892,0.6168,2.6598
12.4894,0.6207,2.6775
12.4896,0.6265,2.7054
12.4898,0.6434,2.772
12.4900,0.7123,3.0671
12.4902,0.7375,3.1725
12.4904,0.7861,3.3836
12.4906,0.7502,3.2362
12.4908,0.6709,2.8916
12.4910,0.6379,2.752
12.4912,0.6087,2.6258
12.4914,0.6847,2.9469
12.4916,0.7411,3.191
12.4918,0.6869,2.9645
12.4920,0.6575,2.835
12.4922,0.6819,2.9364
12.4924,0.7104,3.0574
12.4926,0.7372,3.1789
12.4928,0.6912,2.9748
12.4930,0.7419,3.1901
12.4932,0.8047,3.4635
12.4934,0.801,3.4443
12.4936,0.8276,3.5621
12.4938,0.781,3.3582
12.4940,0.7758,3.3407
12.4942,0.7589,3.2694
12.4944,0.7724,3.3242
12.4946,0.7825,3.3681
12.4948,0.7482,3.222
12.4950,0.7644,3.2917
12.4952,0.7854,3.3773
12.4954,0.8515,3.6597
12.4956,0.8589,3.69
12.4958,0.8979,3.8592
12.4960,0.8035,3.46
12.4962,0.7613,3.2767
12.4964,0.828,3.5637
12.4966,0.7342,3.1601
12.4968,0.75,3.2312
12.4970,0.7503,3.2262
12.4972,0.8938,3.8345
12.4974,0.9996,4.2842
12.4976,0.9642,4.1442
12.4978,0.8897,3.8259
12.4980,0.8804,3.7822
12.4982,0.9043,3.8847
12.4984,0.9174,3.9377
12.4986,0.9678,4.1558
12.4988,0.9372,4.0245
12.4990,0.9587,4.109
12.4992,1.035,4.4379
12.4994,1.089,4.6742
12.4996,1.0435,4.4786
12.4998,1.0658,4.57
12.5000,1.0791,4.6228
12.5002,1.0645,4.5644
12.5004,0.9761,4.1932
12.5006,0.9292,3.9937
12.5008,0.9028,3.8839
12.5010,0.8596,3.6982
12.5012,0.819,3.5282
12.5014,0.823,3.5387
12.5016,0.8804,3.7857
12.5018,0.8303,3.5702
12.5020,0.8263,3.5548
12.5022,0.8358,3.5972
12.5024,0.8242,3.5472
12.5026,0.8728,3.748
12.5028,0.9443,4.0567
12.5030,0.8654,3.723
12.5032,0.8493,3.6521
12.5034,0.8558,3.6783
12.5036,0.8737,3.7568
12.5038,0.9664,4.1573
12.5040,0.916,3.9443
12.5042,0.8054,3.4666
12.5044,0.8346,3.5871
12.5046,0.8956,3.8458
12.5048,0.9574,4.111
12.5050,0.9467,4.0689
12.5052,0.8756,3.7651
12.5054,0.9126,3.9226
12.5056,0.9346,4.015
12.5058,0.939,4.0397
12.5060,0.8149,3.509
12.5062,0.7697,3.3128
12.5064,0.8649,3.7174
12.5066,0.8315,3.5803
12.5068,0.7532,3.2477
12.5070,0.7306,3.1504
12.5072,0.7469,3.2133
12.5074,0.8538,3.6729
12.5076,0.7993,3.4419
12.5078,0.7384,3.184
12.5080,0.7301,3.144
12.5082,0.7963,3.4274
12.5084,0.8287,3.5635
12.5086,0.8758,3.7713
12.5088,0.8538,3.6746
12.5090,0.8359,3.5944
12.5092,0.8361,3.5971
12.5094,0.8361,3.5971
12.5096,0.8478,3.6387
12.5098,0.9408,4.0512
12.5100,0.78,3.3619
12.5102,0.7442,3.2074
12.5104,0.7835,3.3691
12.5106,0.8677,3.731
12.5108,0.8841,3.8052
12.5110,0.82,3.5275
12.5112,0.8204,3.5328
12.5114,0.8154,3.5095
12.5116,0.8143,3.5048
12.5118,0.8691,3.739
12.5120,0.9085,3.8991
12.5122,0.9942,4.2671
12.5124,0.9757,4.1937
12.5126,0.8984,3.8612
12.5128,0.896,3.8509
12.5130,0.9658,4.1451
12.5132,1.0258,4.4152
12.5134,0.8456,3.6395
12.5136,0.8075,3.477
12.5138,0.8834,3.7968
12.5140,0.9049,3.8927
12.5142,0.8894,3.8226
12.5144,0.9101,3.9099
12.5146,0.92,3.954
12.5148,0.9305,4.0012
12.5150,0.9469,4.0681
12.5152,0.9571,4.1099
12.5154,0.9746,4.1871
12.5156,0.9433,4.0526
12.5158,0.9435,4.0531
12.5160,0.9593,4.1211
12.5162,0.9385,4.032
12.5164,0.9823,4.2181
12.5166,0.9833,4.2301
12.5168,0.8541,3.6779
12.5170,0.8396,3.6121
12.5172,0.8004,3.4434
12.5174,0.8671,3.7285
12.5176,0.8702,3.7471
12.5178,0.7935,3.4182
12.5180,0.6981,3.0173
12.5182,0.6256,2.7012
12.5184,0.6241,2.6913
12.5186,0.6303,2.7202
12.5188,0.6197,2.6746
12.5190,0.6155,2.6553
12.5192,0.6162,2.6621
12.5194,0.6172,2.6662
12.5196,0.6323,2.7239
12.5198,0.7592,3.2674
12.5200,0.7469,3.2237
12.5202,0.6078,2.6258
12.5204,0.5856,2.5288
12.5206,0.586,2.5292
12.5208,0.595,2.568
12.5210,0.6852,2.9545
12.5212,0.7316,3.1487
12.5214,0.8176,3.5171
12.5216,0.8099,3.489
12.5218,0.8063,3.467
12.5220,0.8799,3.7801
12.5222,0.9178,3.9466
12.5224,0.862,3.7102
12.5226,0.8345,3.5949
12.5228,0.7762,3.3407
12.5230,0.8161,3.5109
12.5232,0.8135,3.4947
12.5234,0.8584,3.6948
12.5236,0.7972,3.431
12.5238,0.8256,3.5517
12.5240,0.8088,3.4811
12.5242,0.7768,3.3464
12.5244,0.6986,3.0138
12.5246,0.6667,2.8762
12.5248,0.6599,2.8467
12.5250,0.5775,2.4948
12.5252,0.5582,2.4114
12.5254,0.5663,2.4443
12.5256,0.6197,2.6759
12.5258,0.6413,2.7691
12.5260,0.5999,2.5868
12.5262,0.6436,2.7738
12.5264,0.616,2.6586
12.5266,0.572,2.4698
12.5268,0.583,2.5104
12.5270,0.6906,2.9805
12.5272,0.5705,2.4636
12.5274,0.5915,2.5542
12.5276,0.596,2.5746
12.5278,0.5396,2.33
12.5280,0.5282,2.2798
12.5282,0.5594,2.4132
12.5284,0.5683,2.4515
12.5286,0.5534,2.3907
12.5288,0.5304,2.2933
12.5290,0.5281,2.2792
12.5292,0.5305,2.2885
12.5294,0.536,2.3134
12.5296,0.5427,2.3446
12.5298,0.5361,2.315
12.5300,0.5641,2.4311
12.5302,0.6127,2.6385
12.5304,0.6938,2.9862
12.5306,0.7403,3.1834
12.5308,0.8411,3.6216
12.5310,0.7776,3.3454
12.5312,0.789,3.3896
12.5314,0.8358,3.5955
12.5316,0.814,3.4951
12.5318,0.8612,3.6997
12.5320,0.8745,3.7534
12.5322,1.0129,4.3392
12.5324,1.1389,4.8814
12.5326,1.1345,4.8533
12.5328,1.2256,5.2334
12.5330,1.2634,5.3997
12.5332,1.2554,5.3704
12.5334,1.1731,5.0279
12.5336,1.1002,4.7154
12.5338,1.1314,4.8468
12.5340,1.1372,4.8765
12.5342,1.089,4.6698
12.5344,1.036,4.4405
12.5346,1.0738,4.6023
12.5348,1.0354,4.4441
12.5350,1.0028,4.3121
12.5352,0.9427,4.05
12.5354,0.9751,4.1833
12.5356,1.0105,4.333
12.5358,1.1009,4.7229
12.5360,1.0784,4.6284
12.5362,0.9582,4.1184
12.5364,0.8631,3.7132
12.5366,0.7542,3.2448
12.5368,0.9487,4.0796
12.5370,0.8472,3.6462
12.5372,0.7746,3.334
12.5374,0.8395,3.6082
12.5376,0.8835,3.7938
12.5378,0.9552,4.1055
12.5380,0.8683,3.7388
12.5382,0.7954,3.4281
12.5384,0.7665,3.2989
12.5386,0.7935,3.4198
12.5388,0.7436,3.2018
12.5390,0.8018,3.4528
12.5392,0.7721,3.3232
12.5394,0.803,3.4547
12.5396,0.828,3.5653
12.5398,0.7468,3.2247
12.5400,0.7044,3.0344
12.5402,0.7,3.0158
12.5404,0.6731,2.9023
12.5406,0.6475,2.7947
12.5408,0.6448,2.7815
12.5410,0.6558,2.8252
12.5412,0.6678,2.8848
12.5414,0.5588,2.4151
12.5416,0.5403,2.3364
12.5418,0.5402,2.3304
12.5420,0.6172,2.6601
12.5422,0.6199,2.6757
12.5424,0.5891,2.545
12.5426,0.5566,2.4046
12.5428,0.5463,2.3601
12.5430,0.5496,2.373
12.5432,0.5979,2.5769
12.5434,0.6401,2.7613
12.5436,0.5689,2.4552
12.5438,0.5553,2.3978
12.5440,0.5603,2.4162
12.5442,0.6101,2.6308
12.5444,0.6157,2.6576
12.5446,0.6101,2.6332
12.5448,0.6064,2.616
12.5450,0.6197,2.6697
12.5452,0.677,2.9153
12.5454,0.7515,3.2359
12.5456,0.7752,3.3288
12.5458,0.8385,3.6041
12.5460,0.8641,3.719
12.5462,0.7788,3.3583
12.5464,0.6668,2.8754
12.5466,0.622,2.6832
12.5468,0.6208,2.6793
12.5470,0.6256,2.6962
12.5472,0.6205,2.6758
12.5474,0.603,2.6003
12.5476,0.6024,2.5953
12.5478,0.6598,2.8462
12.5480,0.6208,2.6781
12.5482,0.6156,2.657
12.5484,0.6,2.5862
12.5486,0.5976,2.577
12.5488,0.5984,2.5789
12.5490,0.606,2.6144
12.5492,0.6069,2.6193
12.5494,0.5587,2.4123
12.5496,0.5804,2.5014
12.5498,0.6767,2.9151
12.5500,0.6437,2.7756
12.5502,0.5738,2.4787
12.5504,0.5141,2.2197
12.5506,0.546,2.3531
12.5508,0.5961,2.5703
12.5510,0.603,2.6027
12.5512,0.6279,2.7086
12.5514,0.598,2.5834
12.5516,0.5041,2.1778
12.5518,0.5108,2.2027
12.5520,0.5243,2.2627
12.5522,0.5565,2.3986
12.5524,0.6204,2.674
12.5526,0.6298,2.7143
12.5528,0.6369,2.7423
12.5530,0.6428,2.772
12.5532,0.6445,2.7779
12.5534,0.6584,2.8365
12.5536,0.6976,3.0041
12.5538,0.6478,2.7893
12.5540,0.7106,3.0513
12.5542,0.789,3.3928
12.5544,0.7858,3.3773
12.5546,0.8758,3.7591
12.5548,0.9032,3.8855
12.5550,0.7432,3.1973
12.5552,0.7605,3.2701
12.5554,0.8234,3.5325
12.5556,0.8661,3.7209
12.5558,0.8556,3.6738
12.5560,0.8984,3.8612
12.5562,0.9069,3.8924
12.5564,0.8945,3.8447
12.5566,0.7775,3.3464
12.5568,0.7106,3.0598
12.5570,0.7155,3.0796
12.5572,0.7745,3.3288
12.5574,0.7664,3.2953
12.5576,0.7596,3.2725
12.5578,0.6996,3.0165
12.5580,0.6335,2.7304
12.5582,0.6329,2.729
12.5584,0.6165,2.6582
12.5586,0.6185,2.667
12.5588,0.5915,2.5495
12.5590,0.5868,2.5305
12.5592,0.6051,2.6091
12.5594,0.7197,3.0991
12.5596,0.6575,2.8364
12.5598,0.539,2.3242
12.5600,0.6257,2.6943
12.5602,0.6562,2.828
12.5604,0.5974,2.5772
12.5606,0.5165,2.2301
12.5608,0.4904,2.1197
12.5610,0.4725,2.041
12.5612,0.4705,2.0318
12.5614,0.4668,2.0157
12.5616,0.4654,2.0104
12.5618,0.4644,2.0063
12.5620,0.4666,2.0137
12.5622,0.468,2.0209
12.5624,0.4685,2.0239
12.5626,0.4677,2.0184
12.5628,0.4717,2.036
12.5630,0.4849,2.0939
12.5632,0.5191,2.2394
12.5634,0.5404,2.3282
12.5636,0.5993,2.5843
12.5638,0.5779,2.4917
12.5640,0.5841,2.5139
12.5642,0.6521,2.8052
12.5644,0.7176,3.0869
12.5646,0.7213,3.1015
12.5648,0.7596,3.2665
12.5650,0.8234,3.5375
12.5652,0.8525,3.657
12.5654,0.8379,3.5965
12.5656,0.7972,3.4262
12.5658,0.8484,3.6344
12.5660,1.0026,4.2951
12.5662,0.9719,4.1674
12.5664,0.9822,4.2097
12.5666,1.039,4.4492
12.5668,1.001,4.2884
12.5670,0.9745,4.1788
12.5672,0.9309,3.9953
12.5674,0.9186,3.9483
12.5676,0.8328,3.5777
12.5678,0.8026,3.4494
12.5680,0.8513,3.6553
12.5682,0.8864,3.8079
12.5684,0.8174,3.5101
12.5686,0.8293,3.5611
12.5688,0.8062,3.4681
12.5690,0.7635,3.286
12.5692,0.763,3.2809
12.5694,0.8349,3.5869
12.5696,0.7985,3.4351
12.5698,0.7273,3.1301
12.5700,0.7466,3.2103
12.5702,0.7505,3.2303
12.5704,0.7431,3.1938
12.5706,0.8215,3.5358
12.5708,0.7789,3.3557
12.5710,0.6888,2.9645
12.5712,0.7016,3.0155
12.5714,0.7794,3.35
12.5716,0.8088,3.4795
12.5718,0.7606,3.2736
12.5720,0.7186,3.0916
12.5722,0.7252,3.1199
12.5724,0.8116,3.4962
12.5726,0.7116,3.064
12.5728,0.6815,2.9344
12.5730,0.6759,2.9093
12.5732,0.7499,3.2247
12.5734,0.7686,3.3036
12.5736,0.761,3.2782
12.5738,0.7123,3.0685
12.5740,0.7265,3.1285
12.5742,0.761,3.2691
12.5744,0.8056,3.4672
12.5746,0.7516,3.2319
12.5748,0.7682,3.3
12.5750,0.7978,3.4304
12.5752,0.8236,3.5396
12.5754,0.817,3.508
12.5756,0.8913,3.8273
12.5758,0.8917,3.8324
12.5760,0.8545,3.676
12.5762,0.7337,3.1565
12.5764,0.7523,3.235
12.5766,0.7662,3.2963
12.5768,0.7468,3.2188
12.5770,0.7053,3.0343
12.5772,0.7614,3.2742
12.5774,0.748,3.2164
12.5776,0.8213,3.5298
12.5778,0.8027,3.4548
12.5780,0.6524,2.8146
12.5782,0.6027,2.5963
12.5784,0.6117,2.6363
12.5786,0.5774,2.492
12.5788,0.5705,2.4613
12.5790,0.5894,2.5413
12.5792,0.6201,2.6725
12.5794,0.6395,2.7549
12.5796,0.6508,2.8061
12.5798,0.5594,2.411
12.5800,0.5426,2.3419
12.5802,0.5297,2.287
12.5804,0.5241,2.2632
12.5806,0.5234,2.2591
12.5808,0.5249,2.2642
12.5810,0.5252,2.2647
12.5812,0.5263,2.2704
12.5814,0.5239,2.2611
12.5816,0.5223,2.2554
12.5818,0.5292,2.2839
12.5820,0.5268,2.2746
12.5822,0.5271,2.2762
12.5824,0.569,2.4523
12.5826,0.6123,2.6401
12.5828,0.5558,2.3977
12.5830,0.5404,2.3325
12.5832,0.5305,2.2885
12.5834,0.528,2.2777
12.5836,0.5257,2.2689
12.5838,0.5282,2.2798
12.5840,0.5277,2.2756
12.5842,0.5279,2.275
12.5844,0.5848,2.5194
12.5846,0.5741,2.4757
12.5848,0.5292,2.2818
12.5850,0.5259,2.2689
12.5852,0.5275,2.2756
12.5854,0.5227,2.256
12.5856,0.5317,2.2916
12.5858,0.5902,2.5426
12.5860,0.5521,2.3816
12.5862,0.5486,2.3623
12.5864,0.6149,2.6453
12.5866,0.6595,2.8412
12.5868,0.5713,2.4644
12.5870,0.5591,2.4099
12.5872,0.5895,2.5419
12.5874,0.5431,2.3396
12.5876,0.611,2.6283
12.5878,0.6726,2.8962
12.5880,0.669,2.878
12.5882,0.6822,2.9361
12.5884,0.6201,2.6762
12.5886,0.5368,2.3159
12.5888,0.5263,2.2715
12.5890,0.5331,2.2988
12.5892,0.5259,2.2668
12.5894,0.5215,2.2497
12.5896,0.5472,2.3593
12.5898,0.5318,2.2921
12.5900,0.528,2.2756
12.5902,0.5341,2.3051
12.5904,0.5234,2.258
12.5906,0.541,2.3297
12.5908,0.6285,2.7036
12.5910,0.6306,2.7154
12.5912,0.6024,2.5977
12.5914,0.4951,2.1349
12.5916,0.4841,2.0845
12.5918,0.5285,2.2787
12.5920,0.5084,2.1923
12.5922,0.5546,2.3925
12.5924,0.5843,2.515
12.5926,0.6463,2.7805
12.5928,0.6361,2.7405
12.5930,0.6279,2.6998
12.5932,0.696,2.9927
12.5934,0.6643,2.8632
12.5936,0.6363,2.7372
12.5938,0.731,3.1403
12.5940,0.7202,3.0983
12.5942,0.6544,2.8177
12.5944,0.6171,2.6559
12.5946,0.6485,2.7898
12.5948,0.6443,2.7743
12.5950,0.6098,2.6231
12.5952,0.6687,2.8756
12.5954,0.7643,3.2881
12.5956,0.7415,3.1871
12.5958,0.7656,3.2922
12.5960,0.6987,3.0101
12.5962,0.6491,2.7936
12.5964,0.6442,2.7699
12.5966,0.6997,3.0086
12.5968,0.7059,3.0383
12.5970,0.6907,2.9714
12.5972,0.6994,3.009
12.5974,0.7142,3.071
12.5976,0.7884,3.3855
12.5978,0.8293,3.5611
12.5980,0.8062,3.4617
12.5982,0.7779,3.3464
12.5984,0.7572,3.2546
12.5986,0.7929,3.4045
12.5988,0.8715,3.7388
12.5990,0.8955,3.8435
12.5992,0.9161,3.932
12.5994,0.9207,3.9497
12.5996,0.875,3.7537
12.5998,0.8971,3.8466
12.6000,0.9022,3.8759
12.6002,0.8562,3.673
12.6004,0.9275,3.9828
12.6006,0.8867,3.8024
12.6008,0.8734,3.7436
12.6010,0.9243,3.9652
12.6012,0.8962,3.8484
12.6014,0.9046,3.8844
12.6016,0.8287,3.5601
12.6018,0.7897,3.3975
12.6020,0.7665,3.2989
12.6022,0.7038,3.0276
12.6024,0.7022,3.0167
12.6026,0.775,3.3325
12.6028,0.6978,3.0018
12.6030,0.658,2.8384
12.6032,0.5961,2.5691
12.6034,0.6209,2.6749
12.6036,0.6529,2.8076
12.6038,0.7478,3.2154
12.6040,0.7966,3.4221
12.6042,0.8641,3.7121
12.6044,0.8086,3.472
12.6046,0.8406,3.6095
12.6048,0.8329,3.5848
12.6050,0.7498,3.2272
12.6052,0.7223,3.1104
12.6054,0.6693,2.8795
12.6056,0.6725,2.8943
12.6058,0.7316,3.1487
12.6060,0.7251,3.1165
12.6062,0.7369,3.1714
12.6064,0.754,3.2422
12.6066,0.7558,3.2545
12.6068,0.6174,2.6623
12.6070,0.6339,2.7319
12.6072,0.6331,2.7237
12.6074,0.7113,3.0587
12.6076,0.7267,3.1232
12.6078,0.7165,3.0851
12.6080,0.6307,2.7172
12.6082,0.6111,2.6325
12.6084,0.6424,2.7686
12.6086,0.5902,2.5426
12.6088,0.5885,2.5377
12.6090,0.6016,2.5893
12.6092,0.6613,2.8463
12.6094,0.6883,2.961
12.6096,0.6824,2.9371
12.6098,0.7028,3.0263
12.6100,0.6867,2.9585
12.6102,0.6714,2.8923
12.6104,0.6944,2.986
12.6106,0.7547,3.2408
12.6108,0.821,3.5239
12.6110,0.8093,3.4783
12.6112,0.7646,3.2876
12.6114,0.7948,3.4159
12.6116,0.7912,3.4021
12.6118,0.696,2.9968
12.6120,0.6942,2.9863
12.6122,0.7397,3.1764
12.6124,0.8087,3.4725
12.6126,0.7818,3.3634
12.6128,0.7563,3.2535
12.6130,0.7215,3.1054
12.6132,0.7311,3.1408
12.6134,0.8426,3.625
12.6136,0.7728,3.3216
12.6138,0.743,3.1963
12.6140,0.7655,3.2887
12.6142,0.8032,3.4504
12.6144,0.7858,3.3773
12.6146,0.7962,3.4237
12.6148,0.7902,3.3979
12.6150,0.8367,3.5913
12.6152,0.862,3.7102
12.6154,0.7395,3.1828
12.6156,0.7382,3.1727
12.6158,0.7782,3.3542
12.6160,0.6291,2.71
12.6162,0.628,2.7041
12.6164,0.6583,2.8373
12.6166,0.6424,2.7647
12.6168,0.6998,3.0134
12.6170,0.6792,2.9245
12.6172,0.6129,2.6451
12.6174,0.5004,2.1577
12.6176,0.4885,2.1085
12.6178,0.4997,2.1576
12.6180,0.4931,2.1281
12.6182,0.4824,2.0811
12.6184,0.5033,2.1721
12.6186,0.4975,2.1493
12.6188,0.4687,2.0221
12.6190,0.4689,2.0226
12.6192,0.4702,2.0302
12.6194,0.4727,2.042
12.6196,0.4733,2.0427
12.6198,0.487,2.1027
12.6200,0.4721,2.0366
12.6202,0.5546,2.3892
12.6204,0.6186,2.6663
12.6206,0.5588,2.4095
12.6208,0.5522,2.38
12.6210,0.5922,2.5502
12.6212,0.6385,2.7508
12.6214,0.6755,2.9085
12.6216,0.6747,2.9054
12.6218,0.6488,2.7926
12.6220,0.6511,2.8024
12.6222,0.645,2.7813
12.6224,0.5605,2.4167
12.6226,0.5496,2.3675
12.6228,0.5655,2.4385
12.6230,0.5629,2.4271
12.6232,0.5493,2.3665
12.6234,0.5457,2.352
12.6236,0.5439,2.3465
12.6238,0.5427,2.3402
12.6240,0.5421,2.3376
12.6242,0.524,2.2575
12.6244,0.5547,2.3886
12.6246,0.5943,2.5625
12.6248,0.5854,2.5219
12.6250,0.5921,2.5509
12.6252,0.5907,2.5435
12.6254,0.6105,2.6324
12.6256,0.5838,2.5141
12.6258,0.5856,2.523
12.6260,0.593,2.5521
12.6262,0.6157,2.6526
12.6264,0.6312,2.718
12.6266,0.6935,2.9818
12.6268,0.6931,2.9831
12.6270,0.6286,2.7079
12.6272,0.6346,2.7325
12.6274,0.5999,2.5844
12.6276,0.5431,2.3385
12.6278,0.6286,2.7067
12.6280,0.6323,2.7214
12.6282,0.6377,2.7446
12.6284,0.6436,2.7686
12.6286,0.6737,2.9062
12.6288,0.5112,2.2073
12.6290,0.4813,2.0755
12.6292,0.4838,2.0873
12.6294,0.4846,2.0914
12.6296,0.496,2.1386
12.6298,0.5251,2.2632
12.6300,0.5726,2.4644
12.6302,0.6428,2.7668
12.6304,0.6731,2.8928
12.6306,0.7261,3.1206
12.6308,0.7136,3.0656
12.6310,0.7595,3.2614
12.6312,0.8184,3.5126
12.6314,0.8419,3.6168
12.6316,0.8152,3.5003
12.6318,0.8715,3.7336
12.6320,0.9889,4.2325
12.6322,1.0095,4.3208
12.6324,0.9544,4.0924
12.6326,0.8382,3.5958
12.6328,0.8811,3.7764
12.6330,0.9968,4.2684
12.6332,1.0434,4.4718
12.6334,0.9786,4.1884
12.6336,1.0286,4.3983
12.6338,1.0471,4.4856
12.6340,0.9503,4.0806
12.6342,0.846,3.6343
12.6344,0.8854,3.7949
12.6346,0.9731,4.1726
12.6348,0.9904,4.2486
12.6350,0.9896,4.2376
12.6352,1.0081,4.3167
12.6354,1.0094,4.3264
12.6356,0.9815,4.2066
12.6358,0.9689,4.1565
12.6360,0.9737,4.181
12.6362,0.8938,3.8381
12.6364,0.8584,3.6845
12.6366,0.8642,3.7109
12.6368,0.8589,3.69
12.6370,0.825,3.5458
12.6372,0.8041,3.4545
12.6374,0.8233,3.5419
12.6376,0.7955,3.4174
12.6378,0.8444,3.6327
12.6380,0.7831,3.366
12.6382,0.8065,3.4632
12.6384,0.8348,3.5831
12.6386,0.8385,3.6041
12.6388,0.7516,3.2334
12.6390,0.7926,3.4051
12.6392,0.846,3.6377
12.6394,0.8022,3.4479
12.6396,0.7484,3.224
12.6398,0.6705,2.8874
12.6400,0.7086,3.0482
12.6402,0.7148,3.075
12.6404,0.6951,2.9974
12.6406,0.5903,2.5467
12.6408,0.6493,2.796
12.6410,0.714,3.0714
12.6412,0.6864,2.9583
12.6414,0.6021,2.5925
12.6416,0.6532,2.8125
12.6418,0.6148,2.6473
12.6420,0.681,2.9309
12.6422,0.7156,3.0844
12.6424,0.6606,2.8445
12.6426,0.6749,2.9033
12.6428,0.7343,3.1635
12.6430,0.6665,2.8698
12.6432,0.63,2.7166
12.6434,0.5722,2.4651
12.6436,0.6303,2.7151
12.6438,0.6404,2.7629
12.6440,0.586,2.5245
12.6442,0.6352,2.7363
12.6444,0.6438,2.7761
12.6446,0.5803,2.5032
12.6448,0.5867,2.5265
12.6450,0.6196,2.6704
12.6452,0.5655,2.4396
12.6454,0.5763,2.485
12.6456,0.6215,2.6762
12.6458,0.6636,2.8588
12.6460,0.6267,2.7034
12.6462,0.5744,2.4767
12.6464,0.5659,2.4366
12.6466,0.5855,2.526
12.6468,0.4878,2.1044
12.6470,0.4775,2.0618
12.6472,0.492,2.1244
12.6474,0.4908,2.1163
12.6476,0.585,2.5216
12.6478,0.587,2.531
12.6480,0.5577,2.406
12.6482,0.5377,2.3206
12.6484,0.5346,2.305
12.6486,0.5349,2.3077
12.6488,0.5355,2.307
12.6490,0.5807,2.5064
12.6492,0.5277,2.2766
12.6494,0.5195,2.2409
12.6496,0.5196,2.2415
12.6498,0.5202,2.244
12.6500,0.5274,2.273
12.6502,0.5268,2.2704
12.6504,0.5273,2.2746
12.6506,0.5263,2.2694
12.6508,0.5318,2.2953
12.6510,0.5326,2.2957
12.6512,0.5729,2.4648
12.6514,0.7094,3.0504
12.6516,0.6608,2.8456
12.6518,0.5599,2.4142
12.6520,0.5541,2.3893
12.6522,0.5516,2.3752
12.6524,0.6035,2.6024
12.6526,0.5811,2.5033
12.6528,0.6256,2.6925
12.6530,0.6313,2.7173
12.6532,0.6909,2.9738
12.6534,0.7213,3.1015
12.6536,0.7182,3.0866
12.6538,0.722,3.1046
12.6540,0.6912,2.9748
12.6542,0.6667,2.8722
12.6544,0.6556,2.8189
12.6546,0.7427,3.1908
12.6548,0.7803,3.3489
12.6550,0.8204,3.5262
12.6552,0.822,3.5296
12.6554,0.7749,3.3319
12.6556,0.7686,3.3021
12.6558,0.7957,3.4201
12.6560,0.7602,3.2706
12.6562,0.704,3.0272
12.6564,0.7138,3.0738
12.6566,0.6696,2.8819
12.6568,0.6528,2.811
12.6570,0.6607,2.8424
12.6572,0.7039,3.0267
12.6574,0.7499,3.2277
12.6576,0.6871,2.9586
12.6578,0.6392,2.7513
12.6580,0.6068,2.6151
12.6582,0.5962,2.572
12.6584,0.5906,2.5418
12.6586,0.6469,2.7869
12.6588,0.5711,2.4628
12.6590,0.5974,2.5748
12.6592,0.6506,2.7991
12.6594,0.6737,2.9021
12.6596,0.5937,2.5588
12.6598,0.5705,2.4613
12.6600,0.4968,2.1432
12.6602,0.4886,2.109
12.6604,0.4865,2.1006
12.6606,0.4874,2.1038
12.6608,0.489,2.1115
12.6610,0.5079,2.1892
12.6612,0.5731,2.4664
12.6614,0.6127,2.6373
12.6616,0.6414,2.7606
12.6618,0.6852,2.9449
12.6620,0.7165,3.0837
12.6622,0.6705,2.882
12.6624,0.7403,3.1879
12.6626,0.643,2.7712
12.6628,0.6041,2.6001
12.6630,0.6287,2.7059
12.6632,0.6427,2.7676
12.6634,0.6496,2.7957
12.6636,0.656,2.8223
12.6638,0.6992,3.0052
12.6640,0.7858,3.3789
12.6642,0.7498,3.2227
12.6644,0.7532,3.2416
12.6646,0.6882,2.9578
12.6648,0.7343,3.1533
12.6650,0.8228,3.5365
12.6652,0.769,3.3021
12.6654,0.7824,3.3566
12.6656,0.8733,3.7465
12.6658,0.9194,3.9459
12.6660,0.896,3.8402
12.6662,0.9405,4.029
12.6664,0.9457,4.0497
12.6666,0.9848,4.2269
12.6668,0.8697,3.7328
12.6670,0.8442,3.6249
12.6672,0.8883,3.8162
12.6674,0.8528,3.6603
12.6676,0.8634,3.7056
12.6678,0.8556,3.6704
12.6680,0.9005,3.8669
12.6682,0.8644,3.7102
12.6684,0.8986,3.8551
12.6686,0.9017,3.8648
12.6688,0.9556,4.0975
12.6690,0.9915,4.2458
12.6692,1.0718,4.5872
12.6694,1.0574,4.5319
12.6696,0.9527,4.0909
12.6698,0.7426,3.1992
12.6700,0.692,2.9756
12.6702,0.7765,3.3376
12.6704,0.7499,3.2292
12.6706,0.7082,3.0481
12.6708,0.766,3.2953
12.6710,0.7331,3.154
12.6712,0.7155,3.0796
12.6714,0.7405,3.1795
12.6716,0.8046,3.4582
12.6718,0.839,3.6044
12.6720,0.8044,3.4636
12.6722,0.7189,3.094
12.6724,0.7457,3.2066
12.6726,0.7575,3.2526
12.6728,0.7899,3.4027
12.6730,0.6747,2.9041
12.6732,0.7045,3.0307
12.6734,0.7216,3.1088
12.6736,0.7184,3.0905
12.6738,0.7581,3.2598
12.6740,0.8003,3.4348
12.6742,0.8306,3.5667
12.6744,0.8165,3.506
12.6746,0.8261,3.5472
12.6748,0.825,3.5458
12.6750,0.7556,3.2519
12.6752,0.7158,3.082
12.6754,0.6949,2.9936
12.6756,0.7096,3.0529
12.6758,0.7223,3.1075
12.6760,0.6979,2.9995
12.6762,0.763,3.2824
12.6764,0.7905,3.4006
12.6766,0.7649,3.2953
12.6768,0.7147,3.0745
12.6770,0.7286,3.1344
12.6772,0.7388,3.1797
12.6774,0.7009,3.0208
12.6776,0.6287,2.7059
12.6778,0.6614,2.8428
12.6780,0.7202,3.0968
12.6782,0.7359,3.1673
12.6784,0.754,3.2437
12.6786,0.7027,3.0258
12.6788,0.6372,2.7426
12.6790,0.7068,3.0377
12.6792,0.8231,3.5376
12.6794,0.803,3.4579
12.6796,0.6607,2.849
12.6798,0.6349,2.7366
12.6800,0.6136,2.6458
12.6802,0.6082,2.6213
12.6804,0.5994,2.586
12.6806,0.603,2.6003
12.6808,0.6052,2.606
12.6810,0.6358,2.7414
12.6812,0.5237,2.2611
12.6814,0.4999,2.1586
12.6816,0.5179,2.2353
12.6818,0.5245,2.2616
12.6820,0.5685,2.4514
12.6822,0.543,2.3412
12.6824,0.6107,2.6285
12.6826,0.6286,2.7092
12.6828,0.5684,2.4554
12.6830,0.4623,1.997
12.6832,0.434,1.8747
12.6834,0.4305,1.8588
12.6836,0.4312,1.8637
12.6838,0.435,1.8785
12.6840,0.4335,1.8709
12.6842,0.4331,1.8711
12.6844,0.4335,1.8735
12.6846,0.4295,1.8547
12.6848,0.4323,1.8657
12.6850,0.4376,1.8894
12.6852,0.4353,1.8813
12.6854,0.4266,1.8431
12.6856,0.4235,1.8279
12.6858,0.4324,1.868
12.6860,0.4346,1.8773
12.6862,0.4365,1.8847
12.6864,0.4324,1.868
12.6866,0.4347,1.8752
12.6868,0.4936,2.1272
12.6870,0.5395,2.3273
12.6872,0.4737,2.0443
12.6874,0.4383,1.8925
12.6876,0.4657,2.0045
12.6878,0.5807,2.5006
12.6880,0.5985,2.5771
12.6882,0.6303,2.7114
12.6884,0.6436,2.766
12.6886,0.7113,3.0572
12.6888,0.6469,2.7934
12.6890,0.4783,2.0654
12.6892,0.4481,1.934
12.6894,0.444,1.9138
12.6896,0.5195,2.2389
12.6898,0.5048,2.1778
12.6900,0.4559,1.9668
12.6902,0.44,1.8997
12.6904,0.439,1.8965
12.6906,0.4409,1.903
12.6908,0.4527,1.9537
12.6910,0.4897,2.1146
12.6912,0.4966,2.1401
12.6914,0.4841,2.0864
12.6916,0.5189,2.2363
12.6918,0.5446,2.3441
12.6920,0.5475,2.3598
12.6922,0.5314,2.2927
12.6924,0.5361,2.3096
12.6926,0.5297,2.2807
12.6928,0.5491,2.3654
12.6930,0.5879,2.5281
12.6932,0.683,2.937
12.6934,0.6636,2.8548
12.6936,0.6725,2.8889
12.6938,0.6944,2.9873
12.6940,0.6881,2.9614
12.6942,0.6741,2.8975
12.6944,0.6842,2.9408
12.6946,0.7092,3.0465
12.6948,0.7906,3.3979
12.6950,0.7119,3.0584
12.6952,0.7168,3.0795
12.6954,0.7292,3.134
12.6956,0.7255,3.121
12.6958,0.7191,3.0879
12.6960,0.7691,3.3072
12.6962,0.6786,2.922
12.6964,0.606,2.6072
12.6966,0.622,2.6758
12.6968,0.6588,2.8341
12.6970,0.6943,2.9841
12.6972,0.7529,3.2331
12.6974,0.7461,3.2052
12.6976,0.7989,3.4303
12.6978,0.815,3.503
12.6980,0.7771,3.3355
12.6982,0.8242,3.534
12.6984,0.8487,3.6411
12.6986,0.8343,3.581
12.6988,0.8388,3.5967
12.6990,0.9046,3.8772
12.6992,0.9474,4.0607
12.6994,0.9483,4.0624
12.6996,0.9628,4.1207
12.6998,0.9917,4.2443
12.7000,1.0333,4.4286
12.7002,0.9368,4.028
12.7004,0.7716,3.3118
12.7006,0.8361,3.5871
12.7008,0.9019,3.8708
12.7010,0.8683,3.7215
12.7012,0.9034,3.8775
12.7014,0.8975,3.8469
12.7016,0.8907,3.8229
12.7018,0.871,3.7402
12.7020,0.8624,3.7014
12.7022,0.9011,3.8641
12.7024,0.9251,3.9688
12.7026,0.9029,3.8754
12.7028,0.8842,3.7951
12.7030,0.8316,3.5758
12.7032,0.7647,3.2881
12.7034,0.7383,3.1747
12.7036,0.7656,3.2892
12.7038,0.7845,3.3701
12.7040,0.8015,3.4464
12.7042,0.7602,3.266
12.7044,0.7799,3.3489
12.7046,0.7912,3.3957
12.7048,0.8656,3.7153
12.7050,0.8888,3.8164
12.7052,0.8347,3.5859
12.7054,0.8632,3.7085
12.7056,0.8496,3.6481
12.7058,0.7929,3.4077
12.7060,0.7619,3.2732
12.7062,0.7721,3.3154
12.7064,0.8237,3.5385
12.7066,0.8213,3.5331
12.7068,0.7584,3.2628
12.7070,0.758,3.2577
12.7072,0.7908,3.3942
12.7074,0.8008,3.4385
12.7076,0.8214,3.5254
12.7078,0.8148,3.502
12.7080,0.717,3.0815
12.7082,0.8075,3.4706
12.7084,0.7649,3.2937
12.7086,0.7078,3.048
12.7088,0.7287,3.1334
12.7090,0.7771,3.3386
12.7092,0.7482,3.219
12.7094,0.6877,2.9598
12.7096,0.6825,2.9376
12.7098,0.6819,2.9351
12.7100,0.7117,3.0659
12.7102,0.668,2.8779
12.7104,0.6723,2.8924
12.7106,0.7441,3.195
12.7108,0.7825,3.3649
12.7110,0.7526,3.236
12.7112,0.7582,3.2542
12.7114,0.8147,3.5064
12.7116,0.7487,3.2195
12.7118,0.816,3.5072
12.7120,0.8226,3.5372
12.7122,0.7849,3.3737
12.7124,0.8261,3.5505
12.7126,0.7712,3.3144
12.7128,0.7548,3.2488
12.7130,0.7628,3.2799
12.7132,0.8246,3.5459
12.7134,0.8167,3.507
12.7136,0.7966,3.4253
12.7138,0.7783,3.3469
12.7140,0.7743,3.3278
12.7142,0.8002,3.4407
12.7144,0.7865,3.3851
12.7146,0.7021,3.026
12.7148,0.6704,2.8855
12.7150,0.6741,2.9029
12.7152,0.6559,2.8257
12.7154,0.6126,2.6392
12.7156,0.6834,2.9344
12.7158,0.8039,3.4535
12.7160,0.733,3.1622
12.7162,0.5745,2.4784
12.7164,0.5502,2.3723
12.7166,0.5508,2.376
12.7168,0.5568,2.4018
12.7170,0.5518,2.3806
12.7172,0.5493,2.3687
12.7174,0.548,2.3619
12.7176,0.552,2.3811
12.7178,0.5663,2.4432
12.7180,0.5596,2.4154
12.7182,0.5757,2.4847
12.7184,0.5821,2.5086
12.7186,0.6246,2.6921
12.7188,0.597,2.5697
12.7190,0.6829,2.9419
12.7192,0.6033,2.5989
12.7194,0.5632,2.4286
12.7196,0.5624,2.425
12.7198,0.6351,2.7345
12.7200,0.674,2.8983
12.7202,0.675,2.9092
12.7204,0.6346,2.7325
12.7206,0.6324,2.7244
12.7208,0.6345,2.732
12.7210,0.6487,2.7908
12.7212,0.7165,3.0808
12.7214,0.7586,3.2618
12.7216,0.767,3.2994
12.7218,0.7403,3.1834
12.7220,0.6866,2.9566
12.7222,0.6655,2.863
12.7224,0.7017,3.0216
12.7226,0.6382,2.7467
12.7228,0.6448,2.7776
12.7230,0.6317,2.7213
12.7232,0.6253,2.6915
12.7234,0.6283,2.7081
12.7236,0.6301,2.7146
12.7238,0.6275,2.7008
12.7240,0.6318,2.7231
12.7242,0.6283,2.7056
12.7244,0.6258,2.696
12.7246,0.6222,2.6818
12.7248,0.6342,2.7335
12.7250,0.6298,2.7106
12.7252,0.6773,2.9109
12.7254,0.712,3.0646
12.7256,0.6919,2.9779
12.7258,0.6921,2.9775
12.7260,0.6659,2.8659
12.7262,0.6227,2.6826
12.7264,0.594,2.5603
12.7266,0.6291,2.71
12.7268,0.6412,2.7596
12.7270,0.6337,2.7289
12.7272,0.6265,2.6979
12.7274,0.6004,2.5877
12.7276,0.5931,2.5586
12.7278,0.5487,2.3694
12.7280,0.5009,2.1598
12.7282,0.4963,2.1391
12.7284,0.5434,2.3466
12.7286,0.516,2.2249
12.7288,0.5667,2.4436
12.7290,0.5481,2.3624
12.7292,0.5151,2.2233
12.7294,0.4994,2.1555
12.7296,0.4958,2.138
12.7298,0.5488,2.3655
12.7300,0.5768,2.4859
12.7302,0.6165,2.652
12.7304,0.6825,2.9322
12.7306,0.7038,3.029
12.7308,0.6505,2.7946
12.7310,0.7926,3.4067
12.7312,0.7342,3.1601
12.7314,0.7277,3.1264
12.7316,0.8036,3.4477
12.7318,0.8457,3.6316
12.7320,0.8808,3.7784
12.7322,0.9269,3.9765
12.7324,0.9204,3.9487
12.7326,0.9083,3.8931
12.7328,0.9981,4.2761
12.7330,1.0372,4.4435
12.7332,1.0353,4.4291
12.7334,1.063,4.554
12.7336,1.0166,4.3511
12.7338,0.9975,4.2735
12.7340,0.9306,3.9943
12.7342,0.9222,3.9527
12.7344,0.9996,4.2842
12.7346,1.0164,4.3562
12.7348,1.0359,4.4358
12.7350,1.0014,4.2939
12.7352,0.9971,4.2714
12.7354,1.0208,4.3691
12.7356,1.0553,4.5169
12.7358,1.0864,4.652
12.7360,1.0677,4.5761
12.7362,0.9218,3.9599
12.7364,0.93,3.9861
12.7366,0.9936,4.2605
12.7368,0.9041,3.886
12.7370,0.7909,3.4042
12.7372,0.6884,2.9643
12.7374,0.7327,3.1504
12.7376,0.7839,3.369
12.7378,0.7807,3.3603
12.7380,0.7759,3.335
12.7382,0.8001,3.4402
12.7384,0.8192,3.526
12.7386,0.7607,3.2741
12.7388,0.7545,3.2443
12.7390,0.7575,3.2587
12.7392,0.7589,3.2649
12.7394,0.8101,3.4868
12.7396,0.7088,3.0521
12.7398,0.6592,2.8357
12.7400,0.6847,2.9483
12.7402,0.656,2.8262
12.7404,0.6532,2.8164
12.7406,0.6341,2.7329
12.7408,0.5945,2.5636
12.7410,0.6263,2.7019
12.7412,0.5845,2.519
12.7414,0.6166,2.655
12.7416,0.6548,2.8237
12.7418,0.5269,2.2751
12.7420,0.5246,2.2632
12.7422,0.5926,2.5529
12.7424,0.6406,2.7621
12.7426,0.5739,2.4758
12.7428,0.5415,2.335
12.7430,0.5564,2.4014
12.7432,0.4951,2.1379
12.7434,0.4814,2.0779
12.7436,0.4784,2.064
12.7438,0.4914,2.1238
12.7440,0.48,2.0736
12.7442,0.4746,2.0475
12.7444,0.4847,2.0919
12.7446,0.4874,2.1048
12.7448,0.5117,2.2094
12.7450,0.5053,2.1819
12.7452,0.4342,1.8766
12.7454,0.3995,1.7284
12.7456,0.3982,1.7203
12.7458,0.445,1.9206
12.7460,0.4485,1.9365
12.7462,0.4407,1.9037
12.7464,0.4439,1.9159
12.7466,0.4468,1.9292
12.7468,0.4448,1.9204
12.7470,0.4456,1.9241
12.7472,0.4455,1.9235
12.7474,0.4461,1.9261
12.7476,0.4596,1.9856
12.7478,0.446,1.9247
12.7480,0.4454,1.9212
12.7482,0.4476,1.9329
12.7484,0.4555,1.9652
12.7486,0.5076,2.1867
12.7488,0.5029,2.1675
12.7490,0.5414,2.3367
12.7492,0.4766,2.0582
12.7494,0.4733,2.0389
12.7496,0.5113,2.2068
12.7498,0.4703,2.0298
12.7500,0.4666,2.0119
12.7502,0.4603,1.9868
12.7504,0.486,2.0956
12.7506,0.482,2.0786
12.7508,0.4481,1.934
12.7510,0.4438,1.9154
12.7512,0.4741,2.0463
12.7514,0.4401,1.8985
12.7516,0.4812,2.074
12.7518,0.5533,2.3835
12.7520,0.5512,2.3758
12.7522,0.5702,2.4563
12.7524,0.6056,2.6063
12.7526,0.5856,2.5241
12.7528,0.6052,2.6072
12.7530,0.5544,2.3881
12.7532,0.5691,2.4505
12.7534,0.5765,2.4826
12.7536,0.6191,2.6609
12.7538,0.6678,2.8715
12.7540,0.6654,2.8585
12.7542,0.73,3.1376
12.7544,0.7341,3.1522
12.7546,0.798,3.4299
12.7548,0.7424,3.1907
12.7550,0.6723,2.8965
12.7552,0.596,2.5638
12.7554,0.6135,2.6379
12.7556,0.6169,2.659
12.7558,0.5542,2.3887
12.7560,0.5609,2.4166
12.7562,0.5523,2.3805
12.7564,0.5336,2.2977
12.7566,0.581,2.4993
12.7568,0.6117,2.6339
12.7570,0.5924,2.5507
12.7572,0.5836,2.5107
12.7574,0.6587,2.8363
12.7576,0.6127,2.6409
12.7578,0.5681,2.443
12.7580,0.5984,2.5801
12.7582,0.5257,2.2678
12.7584,0.5221,2.2461
12.7586,0.6331,2.7237
12.7588,0.6487,2.7934
12.7590,0.5872,2.5285
12.7592,0.6289,2.7057
12.7594,0.6834,2.9385
12.7596,0.6586,2.8344
12.7598,0.6392,2.75
12.7600,0.6788,2.9189
12.7602,0.6936,2.9824
12.7604,0.5966,2.5664
12.7606,0.6193,2.6706
12.7608,0.5361,2.3075
12.7610,0.5581,2.403
12.7612,0.5449,2.3495
12.7614,0.4798,2.0697
12.7616,0.4714,2.0307
12.7618,0.5373,2.3137
12.7620,0.4918,2.1214
12.7622,0.4776,2.0604
12.7624,0.4852,2.093
12.7626,0.4689,2.0208
12.7628,0.486,2.0947
12.7630,0.5222,2.2497
12.7632,0.5861,2.5227
12.7634,0.5768,2.4836
12.7636,0.5522,2.3777
12.7638,0.5806,2.4943
12.7640,0.6942,2.9822
12.7642,0.717,3.0829
12.7644,0.7569,3.2501
12.7646,0.787,3.3777
12.7648,0.7803,3.3505
12.7650,0.7799,3.3427
12.7652,0.9312,3.9857
12.7654,0.9431,4.0422
12.7656,0.9419,4.0332
12.7658,1.0125,4.3316
12.7660,1.0541,4.5117
12.7662,1.0309,4.4101
12.7664,1.088,4.6608
12.7666,1.0119,4.3372
12.7668,0.9106,3.9047
12.7670,0.9234,3.9616
12.7672,0.929,3.9852
12.7674,0.8955,3.8471
12.7676,0.7629,3.2773
12.7678,0.7467,3.2093
12.7680,0.7587,3.2639
12.7682,0.7689,3.2969
12.7684,0.8137,3.4941
12.7686,0.7811,3.3572
12.7688,0.7664,3.2938
12.7690,0.8052,3.4592
12.7692,0.8164,3.5038
12.7694,0.8426,3.6182
12.7696,0.8164,3.5071
12.7698,0.7888,3.3854
12.7700,0.7943,3.4091
12.7702,0.8383,3.598
12.7704,0.852,3.6601
12.7706,0.8301,3.568
12.7708,0.7999,3.4317
12.7710,0.8937,3.8376
12.7712,0.8203,3.5241
12.7714,0.8403,3.6051
12.7716,0.8647,3.7095
12.7718,0.822,3.5329
12.7720,0.8088,3.4762
12.7722,0.8432,3.6157
12.7724,0.8888,3.8147
12.7726,0.8465,3.633
12.7728,0.8286,3.558
12.7730,0.8426,3.6182
12.7732,0.8378,3.5959
12.7734,0.8594,3.6851
12.7736,0.9236,3.9621
12.7738,0.9067,3.8986
12.7740,0.8339,3.584
12.7742,0.8191,3.5157
12.7744,0.8089,3.4751
12.7746,0.8179,3.5105
12.7748,0.8851,3.7987
12.7750,0.9125,3.9111
12.7752,0.9598,4.1193
12.7754,0.8719,3.7438
12.7756,0.8517,3.6607
12.7758,0.8445,3.6248
12.7760,0.8507,3.651
12.7762,0.8897,3.8117
12.7764,0.9677,4.1475
12.7766,0.9514,4.0833
12.7768,0.9449,4.0555
12.7770,0.9918,4.2508
12.7772,0.9785,4.1996
12.7774,0.8237,3.5451
12.7776,0.6963,2.997
12.7778,0.68,2.9295
12.7780,0.7258,3.124
12.7782,0.7294,3.1365
12.7784,0.737,3.1705
12.7786,0.7661,3.2974
12.7788,0.708,3.0471
12.7790,0.6526,2.8086
12.7792,0.6662,2.8701
12.7794,0.6496,2.7996
12.7796,0.6752,2.9089
12.7798,0.6545,2.8208
12.7800,0.6452,2.7797
12.7802,0.6444,2.7735
12.7804,0.6448,2.7751
12.7806,0.695,2.9941
12.7808,0.6608,2.8482
12.7810,0.6563,2.8233
12.7812,0.6737,2.9021
12.7814,0.6167,2.6592
12.7816,0.6053,2.6077
12.7818,0.6925,2.9777
12.7820,0.7348,3.1685
12.7822,0.5823,2.5132
12.7824,0.5448,2.349
12.7826,0.5338,2.3019
12.7828,0.5304,2.2901
12.7830,0.5635,2.4319
12.7832,0.5432,2.3445
12.7834,0.5285,2.2787
12.7836,0.5269,2.273
12.7838,0.5275,2.2756
12.7840,0.5268,2.2735
12.7842,0.5243,2.2606
12.7844,0.5281,2.2761
12.7846,0.5283,2.2782
12.7848,0.5267,2.2741
12.7850,0.5243,2.2606
12.7852,0.6023,2.5936
12.7854,0.5768,2.4871
12.7856,0.5297,2.2849
12.7858,0.5719,2.4647
12.7860,0.5331,2.2988
12.7862,0.5293,2.2834
12.7864,0.5257,2.2689
12.7866,0.5229,2.2549
12.7868,0.5238,2.2585
12.7870,0.5281,2.2771
12.7872,0.5642,2.4305
12.7874,0.6247,2.6889
12.7876,0.6624,2.8483
12.7878,0.6751,2.907
12.7880,0.6412,2.7634
12.7882,0.5684,2.4486
12.7884,0.5751,2.481
12.7886,0.5365,2.3144
12.7888,0.5302,2.2854
12.7890,0.5711,2.4616
12.7892,0.5499,2.3701
12.7894,0.5409,2.3314
12.7896,0.543,2.3434
12.7898,0.504,2.1752
12.7900,0.5406,2.3277
12.7902,0.6324,2.7206
12.7904,0.6135,2.644
12.7906,0.5632,2.4252
12.7908,0.5963,2.5678
12.7910,0.6195,2.6687
12.7912,0.6071,2.6142
12.7914,0.606,2.6084
12.7916,0.6457,2.7805
12.7918,0.5928,2.5552
12.7920,0.5703,2.4557
12.7922,0.6072,2.616
12.7924,0.6588,2.8381
12.7926,0.6245,2.6903
12.7928,0.6002,2.5843
12.7930,0.6648,2.8613
12.7932,0.6782,2.915
12.7934,0.7884,3.3902
12.7936,0.8334,3.5719
12.7938,0.9097,3.9006
12.7940,0.8854,3.8003
12.7942,0.8611,3.6958
12.7944,0.8903,3.8214
12.7946,0.8148,3.5069
12.7948,0.7072,3.0425
12.7950,0.765,3.2851
12.7952,0.8123,3.4944
12.7954,0.677,2.9153
12.7956,0.6464,2.7784
12.7958,0.7201,3.0977
12.7960,0.7247,3.1208
12.7962,0.6445,2.7753
12.7964,0.6071,2.6154
12.7966,0.5934,2.5566
12.7968,0.6416,2.7629
12.7970,0.7162,3.0755
12.7972,0.812,3.4918
12.7974,0.716,3.0773
12.7976,0.7462,3.2102
12.7978,0.7126,3.0643
12.7980,0.7038,3.0248
12.7982,0.7713,3.3088
12.7984,0.9233,3.961
12.7986,0.9268,3.9741
12.7988,0.9136,3.9176
12.7990,0.9053,3.8785
12.7992,0.9182,3.9389
12.7994,0.9165,3.9317
12.7996,0.9037,3.8785
12.7998,0.8793,3.774
12.8000,0.8823,3.7869
12.8002,0.928,3.9811
12.8004,0.9079,3.8965
12.8006,0.8997,3.8615
12.8008,0.9057,3.8872
12.8010,0.8858,3.8053
12.8012,0.8413,3.6142
12.8014,0.8445,3.6298
12.8016,0.7793,3.3495
12.8018,0.7763,3.3381
12.8020,0.8152,3.5019
12.8022,0.8418,3.623
12.8024,0.7215,3.1068
12.8026,0.6902,2.9721
12.8028,0.7317,3.1449
12.8030,0.761,3.2737
12.8032,0.7276,3.1317
12.8034,0.7295,3.1385
12.8036,0.7059,3.0369
12.8038,0.7189,3.0926
12.8040,0.7885,3.386
12.8042,0.8563,3.6838
12.8044,0.7815,3.3603
12.8046,0.7859,3.3825
12.8048,0.725,3.116
12.8050,0.7872,3.3835
12.8052,0.7618,3.2757
12.8054,0.7665,3.2943
12.8056,0.7701,3.3144
12.8058,0.7713,3.318
12.8060,0.7689,3.3046
12.8062,0.7682,3.3031
12.8064,0.815,3.5063
12.8066,0.7679,3.302
12.8068,0.7282,3.1314
12.8070,0.7548,3.2488
12.8072,0.7315,3.1511
12.8074,0.6914,2.9758
12.8076,0.7137,3.0718
12.8078,0.668,2.8792
12.8080,0.6499,2.7973
12.8082,0.704,3.0258
12.8084,0.6769,2.9174
12.8086,0.5865,2.5289
12.8088,0.5991,2.5832
12.8090,0.6365,2.7407
12.8092,0.702,3.0212
12.8094,0.6601,2.8425
12.8096,0.656,2.8301
12.8098,0.5914,2.5478
12.8100,0.607,2.6161
12.8102,0.5618,2.4235
12.8104,0.5629,2.426
12.8106,0.5729,2.4717
12.8108,0.5708,2.4635
12.8110,0.5827,2.5112
12.8112,0.6205,2.6733
12.8114,0.5848,2.5205
12.8116,0.5488,2.3677
12.8118,0.6086,2.6192
12.8120,0.6935,2.9804
12.8122,0.7623,3.2793
12.8124,0.7526,3.2421
12.8126,0.6975,3.0008
12.8128,0.6875,2.9588
12.8130,0.6786,2.9206
12.8132,0.6716,2.888
12.8134,0.7076,3.0384
12.8136,0.784,3.368
12.8138,0.7781,3.3443
12.8140,0.7488,3.2245
12.8142,0.6735,2.8989
12.8144,0.7041,3.0277
12.8146,0.711,3.0585
12.8148,0.7397,3.1823
12.8150,0.6598,2.8449
12.8152,0.5446,2.3496
12.8154,0.5392,2.3285
12.8156,0.5834,2.5143
12.8158,0.622,2.6795
12.8160,0.5942,2.5608
12.8162,0.5964,2.573
12.8164,0.5518,2.3784
12.8166,0.6263,2.6943
12.8168,0.6596,2.843
12.8170,0.5323,2.2995
12.8172,0.4619,1.9954
12.8174,0.4524,1.9527
12.8176,0.4501,1.9437
12.8178,0.46,1.9871
12.8180,0.4552,1.9655
12.8182,0.4523,1.9522
12.8184,0.4501,1.9428
12.8186,0.4541,1.9608
12.8188,0.5033,2.1741
12.8190,0.4689,2.0217
12.8192,0.5084,2.1933
12.8194,0.4802,2.0727
12.8196,0.4763,2.0538
12.8198,0.5189,2.2373
12.8200,0.4648,2.0051
12.8202,0.4523,1.9531
12.8204,0.4755,2.052
12.8206,0.5144,2.2161
12.8208,0.5969,2.5691
12.8210,0.6217,2.6822
12.8212,0.5235,2.2564
12.8214,0.5452,2.3511
12.8216,0.5047,2.1743
12.8218,0.5873,2.5326
12.8220,0.5095,2.198
12.8222,0.5117,2.2032
12.8224,0.5684,2.452
12.8226,0.5232,2.2549
12.8228,0.5806,2.499
12.8230,0.5996,2.5853
12.8232,0.5365,2.3155
12.8234,0.4999,2.1556
12.8236,0.4564,1.9707
12.8238,0.3897,1.6828
12.8240,0.383,1.6546
12.8242,0.3802,1.6434
12.8244,0.3884,1.6748
12.8246,0.4685,2.0202
12.8248,0.4798,2.0697
12.8250,0.5085,2.1929
12.8252,0.4981,2.1459
12.8254,0.488,2.1035
12.8256,0.4859,2.0961
12.8258,0.4921,2.123
12.8260,0.4849,2.091
12.8262,0.4915,2.1184
12.8264,0.5067,2.1841
12.8266,0.5708,2.4555
12.8268,0.631,2.7132
12.8270,0.672,2.8855
12.8272,0.7172,3.0925
12.8274,0.5454,2.3538
12.8276,0.4885,2.1055
12.8278,0.4882,2.105
12.8280,0.5229,2.2507
12.8282,0.6385,2.7482
12.8284,0.5886,2.5335
12.8286,0.5704,2.4574
12.8288,0.5575,2.4027
12.8290,0.5559,2.3949
12.8292,0.5438,2.3449
12.8294,0.5481,2.358
12.8296,0.6114,2.6304
12.8298,0.6238,2.6848
12.8300,0.7166,3.0785
12.8302,0.7303,3.1343
12.8304,0.7382,3.1712
12.8306,0.7235,3.1084
12.8308,0.7678,3.3031
12.8310,0.6908,2.9746
12.8312,0.6922,2.9656
12.8314,0.8492,3.6431
12.8316,0.8684,3.7237
12.8318,0.9075,3.895
12.8320,0.8486,3.6372
12.8322,0.8867,3.8006
12.8324,0.8829,3.7806
12.8326,0.9709,4.1614
12.8328,1.0017,4.2875
12.8330,1.0501,4.488
12.8332,1.0639,4.5512
12.8334,1.0624,4.5429
12.8336,1.0896,4.6615
12.8338,1.0257,4.3963
12.8340,0.9748,4.1817
12.8342,0.9459,4.0483
12.8344,1.0374,4.4357
12.8346,1.077,4.6141
12.8348,0.9212,3.9555
12.8350,0.8544,3.6687
12.8352,0.9203,3.9427
12.8354,1.0286,4.4004
12.8356,1.0682,4.5761
12.8358,1.0249,4.3845
12.8360,1.0894,4.6561
12.8362,1.0882,4.6684
12.8364,0.9001,3.863
12.8366,0.8756,3.7563
12.8368,0.9445,4.054
12.8370,0.9385,4.0207
12.8372,0.9938,4.2596
12.8374,0.9339,4.0063
12.8376,0.9178,3.9374
12.8378,0.9889,4.2365
12.8380,0.9989,4.2811
12.8382,0.9662,4.1452
12.8384,0.9306,4.0017
12.8386,0.8503,3.6512
12.8388,0.8412,3.6103
12.8390,0.8895,3.8178
12.8392,0.8907,3.8211
12.8394,0.8847,3.7989
12.8396,0.9154,3.9271
12.8398,0.9621,4.1253
12.8400,0.9818,4.2101
12.8402,1.0741,4.6055
12.8404,1.0285,4.406
12.8406,0.9582,4.1165
12.8408,0.872,3.7444
12.8410,0.8698,3.7351
12.8412,0.8618,3.7058
12.8414,0.8339,3.5823
12.8416,0.8183,3.5202
12.8418,0.7804,3.3588
12.8420,0.7472,3.2173
12.8422,0.6729,2.8964
12.8424,0.7195,3.0923
12.8426,0.7575,3.2572
12.8428,0.7499,3.2262
12.8430,0.7123,3.0685
12.8432,0.6757,2.9109
12.8434,0.6864,2.9528
12.8436,0.714,3.0743
12.8438,0.6758,2.9114
12.8440,0.6734,2.8998
12.8442,0.6656,2.8649
12.8444,0.6702,2.8818
12.8446,0.7417,3.1906
12.8448,0.7552,3.2519
12.8450,0.7034,3.0288
12.8452,0.6769,2.9147
12.8454,0.63,2.7166
12.8456,0.587,2.531
12.8458,0.5786,2.4937
12.8460,0.5934,2.5554
12.8462,0.6466,2.7867
12.8464,0.5956,2.5682
12.8466,0.6216,2.6779
12.8468,0.6551,2.8221
12.8470,0.6352,2.7376
12.8472,0.6024,2.5989
12.8474,0.5633,2.428
12.8476,0.5848,2.524
12.8478,0.5669,2.4435
12.8480,0.5522,2.3855
12.8482,0.4991,2.155
12.8484,0.4924,2.125
12.8486,0.4945,2.1333
12.8488,0.5048,2.1768
12.8490,0.5024,2.1685
12.8492,0.4986,2.1519
12.8494,0.4957,2.1395
12.8496,0.5031,2.1696
12.8498,0.605,2.6061
12.8500,0.6349,2.7328
12.8502,0.6604,2.8488
12.8504,0.5319,2.2969
12.8506,0.5101,2.2006
12.8508,0.5174,2.2301
12.8510,0.5127,2.212
12.8512,0.5133,2.2166
12.8514,0.5024,2.1685
12.8516,0.5546,2.387
12.8518,0.6686,2.8751
12.8520,0.7444,3.1995
12.8522,0.7853,3.3768
12.8524,0.7087,3.0501
12.8526,0.6704,2.8842
12.8528,0.6841,2.9457
12.8530,0.6789,2.9235
12.8532,0.6986,3.0096
12.8534,0.6652,2.8628
12.8536,0.6734,2.8998
12.8538,0.712,3.066
12.8540,0.693,2.9853
12.8542,0.6257,2.693
12.8544,0.6964,2.9919
12.8546,0.7987,3.4329
12.8548,0.7744,3.3299
12.8550,0.7724,3.3242
12.8552,0.7391,3.1783
12.8554,0.724,3.1148
12.8556,0.6966,2.998
12.8558,0.6921,2.9803
12.8560,0.6582,2.8342
12.8562,0.628,2.7053
12.8564,0.607,2.6149
12.8566,0.6285,2.7074
12.8568,0.6663,2.8693
12.8570,0.6563,2.8233
12.8572,0.6681,2.8744
12.8574,0.68,2.9227
12.8576,0.7062,3.0407
12.8578,0.6604,2.8395
12.8580,0.8257,3.5489
12.8582,0.8484,3.6446
12.8584,0.7482,3.2235
12.8586,0.6319,2.7236
12.8588,0.5975,2.5741
12.8590,0.5956,2.567
12.8592,0.6062,2.6101
12.8594,0.657,2.833
12.8596,0.6388,2.7544
12.8598,0.6303,2.7126
12.8600,0.7018,3.0151
12.8602,0.7604,3.2726
12.8604,0.675,2.9132
12.8606,0.5112,2.2052
12.8608,0.4877,2.1039
12.8610,0.4871,2.1003
12.8612,0.5884,2.5349
12.8614,0.555,2.3952
12.8616,0.4901,2.1152
12.8618,0.5201,2.2446
12.8620,0.4906,2.1163
12.8622,0.4731,2.0417
12.8624,0.5015,2.1623
12.8626,0.5389,2.3215
12.8628,0.5889,2.5369
12.8630,0.5663,2.4421
12.8632,0.5644,2.4327
12.8634,0.6758,2.9087
12.8636,0.6823,2.9366
12.8638,0.6716,2.892
12.8640,0.6948,2.9861
12.8642,0.754,3.2437
12.8644,0.693,2.9812
12.8646,0.6842,2.9435
12.8648,0.7569,3.2531
12.8650,0.8365,3.5869
12.8652,0.8893,3.8185
12.8654,0.8545,3.6658
12.8656,0.8455,3.6323
12.8658,0.754,3.2407
12.8660,0.7277,3.1308
12.8662,0.709,3.0474
12.8664,0.8078,3.477
12.8666,0.7834,3.3591
12.8668,0.8804,3.7734
12.8670,0.9268,3.976
12.8672,0.8158,3.5078
12.8674,0.7407,3.185
12.8676,0.7318,3.1468
12.8678,0.7431,3.1953
12.8680,0.795,3.4202
12.8682,0.7817,3.3582
12.8684,0.8168,3.5059
12.8686,0.8266,3.5492
12.8688,0.8942,3.8343
12.8690,0.9505,4.0816
12.8692,0.8232,3.5397
12.8694,0.7304,3.1436
12.8696,0.7297,3.1405
12.8698,0.7086,3.0468
12.8700,0.7466,3.2058
12.8702,0.8215,3.5292
12.8704,0.856,3.6725
12.8706,0.895,3.8414
12.8708,0.9627,4.1279
12.8710,0.9816,4.2091
12.8712,0.9539,4.0922
12.8714,0.9629,4.1404
12.8716,0.818,3.5176
12.8718,0.7339,3.1556
12.8720,0.7336,3.1531
12.8722,0.8046,3.463
12.8724,0.764,3.2804
12.8726,0.8317,3.5714
12.8728,0.8915,3.8247
12.8730,0.952,4.0821
12.8732,0.951,4.078
12.8734,0.927,3.9733
12.8736,0.9397,4.0296
12.8738,0.9485,4.0748
12.8740,0.8676,3.7253
12.8742,0.8347,3.5909
12.8744,0.7951,3.4159
12.8746,0.8592,3.6875
12.8748,0.8766,3.7604
12.8750,0.8751,3.7577
12.8752,0.8537,3.6622
12.8754,0.8652,3.7185
12.8756,0.8576,3.686
12.8758,0.8418,3.6213
12.8760,0.7863,3.3793
12.8762,0.7758,3.3392
12.8764,0.7406,3.1889
12.8766,0.7216,3.1059
12.8768,0.7126,3.0658
12.8770,0.7039,3.0295
12.8772,0.6805,2.9316
12.8774,0.6776,2.9205
12.8776,0.6389,2.7549
12.8778,0.591,2.5474
12.8780,0.5877,2.5341
12.8782,0.589,2.541
12.8784,0.6101,2.6296
12.8786,0.604,2.6056
12.8788,0.5505,2.3782
12.8790,0.5039,2.1747
12.8792,0.515,2.2208
12.8794,0.5487,2.3661
12.8796,0.5404,2.3325
12.8798,0.5571,2.4034
12.8800,0.5617,2.423
12.8802,0.5948,2.5599
12.8804,0.6351,2.7345
12.8806,0.6265,2.7029
12.8808,0.5763,2.4896
12.8810,0.4801,2.0751
12.8812,0.4578,1.9769
12.8814,0.4571,1.9719
12.8816,0.4693,2.0247
12.8818,0.4667,2.0143
12.8820,0.4481,1.934
12.8822,0.4693,2.0247
12.8824,0.5221,2.2523
12.8826,0.5253,2.2694
12.8828,0.4576,1.9758
12.8830,0.4462,1.9267
12.8832,0.4485,1.9374
12.8834,0.4479,1.9339
12.8836,0.4498,1.9413
12.8838,0.4474,1.9327
12.8840,0.4472,1.9326
12.8842,0.4454,1.923
12.8844,0.4451,1.9211
12.8846,0.4468,1.9292
12.8848,0.4446,1.919
12.8850,0.4829,2.0841
12.8852,0.4766,2.0582
12.8854,0.4482,1.9337
12.8856,0.4466,1.9264
12.8858,0.4505,1.9426
12.8860,0.5054,2.1824
12.8862,0.4525,1.9541
12.8864,0.44,1.898
12.8866,0.4545,1.9606
12.8868,0.4541,1.9608
12.8870,0.4874,2.1009
12.8872,0.5374,2.3142
12.8874,0.5816,2.5031
12.8876,0.615,2.6532
12.8878,0.5506,2.3732
12.8880,0.5556,2.3933
12.8882,0.5237,2.2622
12.8884,0.4546,1.9629
12.8886,0.4486,1.9352
12.8888,0.4505,1.9435
12.8890,0.4366,1.8835
12.8892,0.4293,1.8536
12.8894,0.4287,1.8519
12.8896,0.4329,1.8692
12.8898,0.4347,1.8743
12.8900,0.4204,1.8153
12.8902,0.416,1.7945
12.8904,0.4638,1.9981
12.8906,0.5422,2.336
12.8908,0.5539,2.385
12.8910,0.555,2.3918
12.8912,0.5271,2.274
12.8914,0.4997,2.1546
12.8916,0.5118,2.2058
12.8918,0.551,2.3693
12.8920,0.6252,2.6922
12.8922,0.612,2.6293
12.8924,0.6939,2.9839
12.8926,0.7147,3.0774
12.8928,0.6327,2.7229
12.8930,0.6719,2.889
12.8932,0.6882,2.9605
12.8934,0.705,3.0285
12.8936,0.7402,3.18
12.8938,0.7411,3.1821
12.8940,0.7275,3.1268
12.8942,0.7286,3.1285
12.8944,0.7538,3.2352
12.8946,0.7833,3.3649
12.8948,0.7726,3.3191
12.8950,0.7935,3.4087
12.8952,0.7559,3.2474
12.8954,0.725,3.1174
12.8956,0.7291,3.1291
12.8958,0.8385,3.5973
12.8960,0.8489,3.6416
12.8962,0.8877,3.8136
12.8964,0.8278,3.5511
12.8966,0.8768,3.7632
12.8968,0.7829,3.3665
12.8970,0.7065,3.0394
12.8972,0.7191,3.0821
12.8974,0.881,3.7777
12.8976,0.8487,3.6445
12.8978,0.7709,3.3103
12.8980,0.862,3.6965
12.8982,0.8997,3.8633
12.8984,0.7975,3.4166
12.8986,0.9412,4.0283
12.8988,1.0103,4.3279
12.8990,0.9682,4.1496
12.8992,0.9662,4.1413
12.8994,0.9505,4.0721
12.8996,0.9743,4.1738
12.8998,0.9967,4.2759
12.9000,0.9099,3.898
12.9002,0.9848,4.2171
12.9004,1.0079,4.3197
12.9006,0.9583,4.1093
12.9008,0.9628,4.1226
12.9010,0.9709,4.1614
12.9012,1.0378,4.444
12.9014,1.0834,4.6326
12.9016,1.1031,4.7255
12.9018,0.9863,4.2291
12.9020,0.9703,4.1588
12.9022,0.954,4.0966
12.9024,0.8658,3.7193
12.9026,0.8559,3.6737
12.9028,0.9062,3.8929
12.9030,0.8385,3.5957
12.9032,0.9342,4.0079
12.9034,0.9292,3.9881
12.9036,0.9049,3.8873
12.9038,0.89,3.818
12.9040,0.9176,3.9419
12.9042,0.8558,3.68
12.9044,0.8119,3.4913
12.9046,0.8376,3.5983
12.9048,0.8347,3.5859
12.9050,0.8171,3.5118
12.9052,0.7811,3.3588
12.9054,0.7533,3.2361
12.9056,0.8522,3.6611
12.9058,0.8668,3.7222
12.9060,0.8796,3.775
12.9062,0.871,3.7402
12.9064,0.865,3.718
12.9066,0.7977,3.4251
12.9068,0.8525,3.6604
12.9070,0.8682,3.7314
12.9072,0.8394,3.611
12.9074,0.7947,3.4154
12.9076,0.8605,3.6915
12.9078,0.8902,3.8244
12.9080,0.837,3.5974
12.9082,0.8323,3.5773
12.9084,0.8413,3.6159
12.9086,0.8546,3.6697
12.9088,0.8612,3.7015
12.9090,0.8525,3.6621
12.9092,0.8664,3.7254
12.9094,0.7978,3.4288
12.9096,0.8027,3.45
12.9098,0.7884,3.3934
12.9100,0.7696,3.3093
12.9102,0.8032,3.4568
12.9104,0.7879,3.3881
12.9106,0.7658,3.2973
12.9108,0.7678,3.3031
12.9110,0.7893,3.397
12.9112,0.7843,3.3711
12.9114,0.7475,3.2174
12.9116,0.7455,3.2101
12.9118,0.7581,3.2628
12.9120,0.7216,3.1088
12.9122,0.7186,3.093
12.9124,0.7712,3.3129
12.9126,0.8242,3.5406
12.9128,0.8047,3.4603
12.9130,0.7972,3.431
12.9132,0.7467,3.2138
12.9134,0.724,3.1148
12.9136,0.7708,3.3175
12.9138,0.6931,2.9886
12.9140,0.622,2.6845
12.9142,0.6099,2.6298
12.9144,0.6665,2.8658
12.9146,0.7709,3.3165
12.9148,0.7641,3.2886
12.9150,0.7667,3.3045
12.9152,0.6729,2.9017
12.9154,0.6353,2.7356
12.9156,0.6472,2.788
12.9158,0.6418,2.7635
12.9160,0.6711,2.8886
12.9162,0.6576,2.8369
12.9164,0.543,2.3423
12.9166,0.5428,2.3429
12.9168,0.5365,2.3176
12.9170,0.529,2.2823
12.9172,0.5255,2.2668
12.9174,0.5229,2.258
12.9176,0.53,2.2865
12.9178,0.5601,2.4141
12.9180,0.6154,2.6523
12.9182,0.6179,2.6619
12.9184,0.6292,2.7118
12.9186,0.6286,2.7117
12.9188,0.5673,2.4496
12.9190,0.5293,2.2834
12.9192,0.5234,2.2591
12.9194,0.5283,2.2803
12.9196,0.5268,2.2725
12.9198,0.5235,2.2596
12.9200,0.5285,2.2808
12.9202,0.5883,2.5343
12.9204,0.6215,2.6749
12.9206,0.655,2.8189
12.9208,0.6702,2.8858
12.9210,0.6701,2.8826
12.9212,0.7189,3.0926
12.9214,0.6638,2.8611
12.9216,0.5692,2.4545
12.9218,0.5536,2.3895
12.9220,0.5421,2.3387
12.9222,0.5407,2.3314
12.9224,0.538,2.3211
12.9226,0.5392,2.3263
12.9228,0.5325,2.2941
12.9230,0.5713,2.4644
12.9232,0.5256,2.2684
12.9234,0.5243,2.2627
12.9236,0.5249,2.2642
12.9238,0.532,2.2931
12.9240,0.5821,2.5086
12.9242,0.6033,2.5977
12.9244,0.6174,2.6586
12.9246,0.6084,2.6211
12.9248,0.5564,2.3992
12.9250,0.5432,2.3434
12.9252,0.5414,2.3334
12.9254,0.5714,2.4615
12.9256,0.6186,2.6663
12.9258,0.6649,2.8591
12.9260,0.7084,3.0491
12.9262,0.6614,2.8481
12.9264,0.644,2.7746
12.9266,0.6485,2.7911
12.9268,0.6704,2.8869
12.9270,0.645,2.7761
12.9272,0.6562,2.8215
12.9274,0.7093,3.0485
12.9276,0.7228,3.1096
12.9278,0.7393,3.1803
12.9280,0.7443,3.2034
12.9282,0.6608,2.8442
12.9284,0.6517,2.8076
12.9286,0.6536,2.8185
12.9288,0.5847,2.52
12.9290,0.5878,2.5311
12.9292,0.6174,2.6599
12.9294,0.6357,2.7346
12.9296,0.6659,2.8686
12.9298,0.6404,2.7514
12.9300,0.6984,3.003
12.9302,0.7194,3.0946
12.9304,0.7412,3.1885
12.9306,0.7241,3.1095
12.9308,0.7847,3.3742
12.9310,0.7461,3.2067
12.9312,0.8297,3.5526
12.9314,0.9985,4.2776
12.9316,0.9987,4.2786
12.9318,1.0658,4.5679
12.9320,1.0219,4.3819
12.9322,0.9731,4.1687
12.9324,0.9787,4.1948
12.9326,0.9646,4.1361
12.9328,0.9661,4.1408
12.9330,1.0143,4.3434
12.9332,1.0299,4.4163
12.9334,1.0273,4.4029
12.9336,1.0087,4.3253
12.9338,0.961,4.1149
12.9340,0.9977,4.27
12.9342,0.9996,4.2882
12.9344,0.922,3.9609
12.9346,0.9214,3.9528
12.9348,0.972,4.1602
12.9350,1.078,4.6182
12.9352,1.061,4.5431
12.9354,1.1134,4.772
12.9356,1.0745,4.6054
12.9358,1.0087,4.3273
12.9360,0.9519,4.0873
12.9362,0.9234,3.9653
12.9364,0.8919,3.8316
12.9366,0.9221,3.9577
12.9368,0.9905,4.2471
12.9370,0.8936,3.8424
12.9372,0.8319,3.5774
12.9374,0.8531,3.6647
12.9376,0.9297,3.9865
12.9378,0.9733,4.1756
12.9380,0.9556,4.1032
12.9382,0.8908,3.8288
12.9384,0.8493,3.6487
12.9386,0.8407,3.615
12.9388,0.7949,3.4165
12.9390,0.8328,3.5793
12.9392,0.8197,3.5264
12.9394,0.7824,3.3707
12.9396,0.6642,2.8613
12.9398,0.6821,2.9342
12.9400,0.7113,3.0601
12.9402,0.7329,3.1515
12.9404,0.824,3.5483
12.9406,0.7562,3.256
12.9408,0.7406,3.1874
12.9410,0.7301,3.1425
12.9412,0.7258,3.1298
12.9414,0.6526,2.8112
12.9416,0.6378,2.749
12.9418,0.6167,2.6543
12.9420,0.6945,2.9962
12.9422,0.6305,2.7174
12.9424,0.6518,2.8068
12.9426,0.7087,3.0544
12.9428,0.672,2.8963
12.9430,0.6144,2.6457
12.9432,0.6695,2.8841
12.9434,0.6111,2.6325
12.9436,0.6057,2.6129
12.9438,0.5913,2.5508
12.9440,0.5988,2.5822
12.9442,0.6559,2.8218
12.9444,0.7736,3.3278
12.9446,0.7188,3.0978
12.9448,0.6163,2.6577
12.9450,0.603,2.6015
12.9452,0.5165,2.2301
12.9454,0.4919,2.1229
12.9456,0.5328,2.2994
12.9458,0.5275,2.2777
12.9460,0.5328,2.2994
12.9462,0.5475,2.3609
12.9464,0.5649,2.437
12.9466,0.5401,2.3321
12.9468,0.4891,2.111
12.9470,0.5222,2.2528
12.9472,0.5444,2.3485
12.9474,0.531,2.2938
12.9476,0.4595,1.986
12.9478,0.4487,1.9384
12.9480,0.4443,1.9184
12.9482,0.4433,1.9142
12.9484,0.4467,1.9287
12.9486,0.4482,1.9373
12.9488,0.4486,1.9388
12.9490,0.4475,1.9332
12.9492,0.4457,1.9246
12.9494,0.4503,1.9452
12.9496,0.4515,1.9494
12.9498,0.4479,1.9339
12.9500,0.4633,1.9998
12.9502,0.4462,1.9258
12.9504,0.4425,1.9106
12.9506,0.4633,1.9998
12.9508,0.4518,1.9519
12.9510,0.4455,1.9235
12.9512,0.4895,2.1077
12.9514,0.5783,2.4915
12.9516,0.6342,2.7284
12.9518,0.596,2.5674
12.9520,0.5853,2.5179
12.9522,0.6472,2.788
12.9524,0.6125,2.6375
12.9526,0.6674,2.8739
12.9528,0.6479,2.7885
12.9530,0.6925,2.9749
12.9532,0.7202,3.0983
12.9534,0.6686,2.8751
12.9536,0.713,3.0645
12.9538,0.7317,3.1449
12.9540,0.7572,3.2546
12.9542,0.7854,3.3742
12.9544,0.7783,3.3422
12.9546,0.8011,3.4433
12.9548,0.7978,3.4272
12.9550,0.799,3.434
12.9552,0.7544,3.2453
12.9554,0.6428,2.7694
12.9556,0.6575,2.8311
12.9558,0.6845,2.9473
12.9560,0.6873,2.9583
12.9562,0.7108,3.0523
12.9564,0.7767,3.3412
12.9566,0.7414,3.1896
12.9568,0.7042,3.0254
12.9570,0.7514,3.2279
12.9572,0.8024,3.4473
12.9574,0.865,3.711
12.9576,0.8961,3.8479
12.9578,0.8281,3.5625
12.9580,0.6863,2.955
12.9582,0.6187,2.6643
12.9584,0.6102,2.6277
12.9586,0.6557,2.8207
12.9588,0.7086,3.0511
12.9590,0.6893,2.9652
12.9592,0.6988,3.0064
12.9594,0.7009,3.0166
12.9596,0.6677,2.871
12.9598,0.6921,2.9775
12.9600,0.6717,2.8912
12.9602,0.68,2.9268
12.9604,0.7492,3.2216
12.9606,0.8212,3.5228
12.9608,0.8521,3.6623
12.9610,0.7496,3.2261
12.9612,0.6999,3.0125
12.9614,0.7065,3.038
12.9616,0.747,3.2138
12.9618,0.6876,2.9552
12.9620,0.7558,3.2454
12.9622,0.8262,3.5543
12.9624,0.7851,3.3726
12.9626,0.796,3.4195
12.9628,0.8258,3.5461
12.9630,0.8095,3.481
12.9632,0.8252,3.5419
12.9634,0.882,3.7818
12.9636,0.8821,3.7911
12.9638,0.8664,3.7202
12.9640,0.8827,3.7867
12.9642,0.9114,3.9138
12.9644,0.8659,3.7146
12.9646,0.899,3.853
12.9648,1.023,4.3783
12.9650,1.0497,4.5011
12.9652,0.9823,4.2122
12.9654,1.0142,4.3449
12.9656,0.9936,4.2645
12.9658,0.9405,4.0384
12.9660,0.8838,3.7966
12.9662,0.8228,3.5332
12.9664,0.8384,3.6019
12.9666,0.8692,3.736
12.9668,0.875,3.7572
12.9670,0.8733,3.7483
12.9672,0.927,3.977
12.9674,0.898,3.8615
12.9676,0.8963,3.8399
12.9678,1.0362,4.4368
12.9680,1.0561,4.5263
12.9682,1.0517,4.5036
12.9684,1.09,4.6696
12.9686,1.0432,4.4692
12.9688,0.98,4.2181
12.9690,0.7863,3.3809
12.9692,0.8035,3.452
12.9694,0.8614,3.7008
12.9696,0.8246,3.5459
12.9698,0.7902,3.3964
12.9700,0.8406,3.6145
12.9702,0.805,3.463
12.9704,0.803,3.4467
12.9706,0.9162,3.9307
12.9708,0.9767,4.188
12.9710,0.9856,4.2359
12.9712,0.8331,3.5842
12.9714,0.8393,3.6071
12.9716,0.8412,3.6154
12.9718,0.8671,3.7285
12.9720,0.8521,3.6623
12.9722,0.8828,3.7907
12.9724,0.8648,3.7135
12.9726,0.8788,3.7737
12.9728,0.8828,3.7907
12.9730,0.8782,3.7799
12.9732,0.8222,3.5356
12.9734,0.854,3.6705
12.9736,0.8094,3.4821
12.9738,0.8294,3.5665
12.9740,0.8642,3.7143
12.9742,0.8525,3.6655
12.9744,0.8743,3.7506
12.9746,0.9691,4.1614
12.9748,0.9907,4.2541
12.9750,0.936,4.0156
12.9752,0.9532,4.093
12.9754,0.9293,3.9923
12.9756,0.9174,3.9413
12.9758,0.9182,3.9426
12.9760,0.9381,4.0281
12.9762,0.9383,4.031
12.9764,0.8949,3.8427
12.9766,0.8865,3.8084
12.9768,0.865,3.7162
12.9770,0.8352,3.588
12.9772,0.8993,3.8672
12.9774,0.8209,3.5381
12.9776,0.7262,3.1284
12.9778,0.7294,3.1409
12.9780,0.7348,3.1641
12.9782,0.7742,3.3304
12.9784,0.7412,3.1974
12.9786,0.6288,2.7115
12.9788,0.6324,2.727
12.9790,0.6846,2.9492
12.9792,0.7033,3.0297
12.9794,0.6842,2.9517
12.9796,0.6358,2.7402
12.9798,0.7149,3.077
12.9800,0.6813,2.9379
12.9802,0.5991,2.5844
12.9804,0.6114,2.6365
12.9806,0.76,3.271
12.9808,0.7606,3.2812
12.9810,0.6241,2.6913
12.9812,0.5932,2.5603
12.9814,0.6066,2.6134
12.9816,0.6559,2.827
12.9818,0.606,2.6132
12.9820,0.6015,2.5948
12.9822,0.6028,2.6005
12.9824,0.598,2.5798
12.9826,0.5958,2.5669
12.9828,0.5964,2.573
12.9830,0.5984,2.5813
12.9832,0.5906,2.5477
12.9834,0.6293,2.7098
12.9836,0.6622,2.8539
12.9838,0.6848,2.9447
12.9840,0.8116,3.493
12.9842,0.7691,3.3103
12.9844,0.6997,3.0156
12.9846,0.6782,2.9218
12.9848,0.6755,2.9085
12.9850,0.6795,2.9247
12.9852,0.6809,2.9331
12.9854,0.6773,2.919
12.9856,0.6732,2.9001
12.9858,0.6749,2.906
12.9860,0.6925,2.9819
12.9862,0.6809,2.9331
12.9864,0.6863,2.9536
12.9866,0.7456,3.2091
12.9868,0.7848,3.3732
12.9870,0.8319,3.5707
12.9872,0.9207,3.9571
12.9874,0.8875,3.8108
12.9876,0.8677,3.7328
12.9878,0.7824,3.366
12.9880,0.7611,3.2772
12.9882,0.6957,2.9958
12.9884,0.6799,2.9304
12.9886,0.6656,2.8702
12.9888,0.6634,2.8577
12.9890,0.6705,2.886
12.9892,0.6891,2.9674
12.9894,0.7432,3.1958
12.9896,0.8372,3.595
12.9898,0.8605,3.7001
12.9900,0.8352,3.5946
12.9902,0.7937,3.4129
12.9904,0.8252,3.5402
12.9906,0.9666,4.1448
12.9908,0.973,4.176
12.9910,0.9117,3.9148
12.9912,0.8631,3.7097
12.9914,0.8471,3.644
12.9916,0.8921,3.8273
12.9918,1.0181,4.3735
12.9920,0.8758,3.7696
12.9922,0.8808,3.7784
12.9924,1.002,4.2885
12.9926,1.09,4.6696
12.9928,1.0469,4.4977
12.9930,0.8365,3.6053
12.9932,0.7238,3.1181
12.9934,0.6877,2.9598
12.9936,0.7253,3.119
12.9938,0.8185,3.5213
12.9940,0.8118,3.4924
12.9942,0.8065,3.4616
12.9944,0.8643,3.7166
12.9946,0.7981,3.4384
12.9948,0.7672,3.302
12.9950,0.7557,3.2525
12.9952,0.7656,3.2968
12.9954,0.7378,3.1785
12.9956,0.7515,3.2299
12.9958,0.7918,3.4094
12.9960,0.7378,3.177
12.9962,0.7204,3.1007
12.9964,0.7613,3.2752
12.9966,0.7923,3.413
12.9968,0.7449,3.2045
12.9970,0.8486,3.6406
12.9972,0.9661,4.1447
12.9974,0.9745,4.1846
12.9976,0.913,3.9278
12.9978,0.8451,3.6273
12.9980,0.9563,4.1044
12.9982,0.949,4.0806
12.9984,0.8606,3.6972
12.9986,0.842,3.6207
12.9988,0.8563,3.6786
12.9990,0.877,3.7713
12.9992,0.7969,3.4332
12.9994,0.7517,3.2354
12.9996,0.8102,3.4824
12.9998,0.8724,3.7529
13.0000,0.8502,3.6591
13.0002,0.7979,3.4293
13.0004,0.8679,3.7286
13.0006,0.875,3.7625
13.0008,0.8134,3.4975
13.0010,0.8593,3.6932
13.0012,0.8419,3.6202
13.0014,0.8342,3.5855
13.0016,0.8812,3.7822
13.0018,0.9445,4.0521
13.0020,0.9479,4.0741
13.0022,0.8485,3.6451
13.0024,0.8867,3.8095
13.0026,0.9418,4.0421
13.0028,0.9267,3.981
13.0030,0.9189,3.9494
13.0032,0.9152,3.9279
13.0034,0.9215,3.9589
13.0036,0.9274,3.9841
13.0038,0.9362,4.0198
13.0040,0.9296,3.9859
13.0042,1.0031,4.3152
13.0044,0.8736,3.758
13.0046,0.8529,3.6642
13.0048,0.8764,3.7652
13.0050,0.9299,3.9986
13.0052,0.7912,3.4084
13.0054,0.7732,3.3294
13.0056,0.8339,3.5873
13.0058,0.8186,3.5267
13.0060,0.7481,3.2229
13.0062,0.7524,3.24
13.0064,0.7938,3.4134
13.0066,0.8089,3.4832
13.0068,0.7666,3.2979
13.0070,0.809,3.4837
13.0072,0.7347,3.1651
13.0074,0.7048,3.0379
13.0076,0.7275,3.137
13.0078,0.7461,3.2127
13.0080,0.8399,3.6114
13.0082,0.8559,3.6839
13.0084,0.736,3.1752
13.0086,0.641,2.7668
13.0088,0.6456,2.7838
13.0090,0.6673,2.8774
13.0092,0.627,2.7062
13.0094,0.6223,2.6873
13.0096,0.6038,2.6034
13.0098,0.6193,2.6694
13.0100,0.6384,2.7554
13.0102,0.588,2.5392
13.0104,0.6142,2.6508
13.0106,0.5603,2.4196
13.0108,0.5313,2.2943
13.0110,0.6096,2.6287
13.0112,0.6576,2.8342
13.0114,0.6678,2.8768
13.0116,0.7059,3.0355
13.0118,0.8116,3.4881
13.0120,0.8486,3.6558
13.0122,0.755,3.2524
13.0124,0.7431,3.1998
13.0126,0.7732,3.3263
13.0128,0.755,3.2524
13.0130,0.6877,2.9653
13.0132,0.5774,2.4908
13.0134,0.5618,2.4269
13.0136,0.6032,2.602
13.0138,0.6498,2.8019
13.0140,0.6498,2.8045
13.0142,0.6059,2.6139
13.0144,0.5721,2.4669
13.0146,0.6121,2.6396
13.0148,0.6427,2.7663
13.0150,0.7126,3.0672
13.0152,0.7032,3.0348
13.0154,0.6028,2.6017
13.0156,0.5725,2.4696
13.0158,0.5444,2.3496
13.0160,0.5509,2.3787
13.0162,0.4926,2.128
13.0164,0.4597,1.987
13.0166,0.459,1.9848
13.0168,0.463,2.0001
13.0170,0.4882,2.1079
13.0172,0.5193,2.2435
13.0174,0.4661,2.0163
13.0176,0.4601,1.9886
13.0178,0.46,1.988
13.0180,0.4613,1.9919
13.0182,0.4605,1.9901
13.0184,0.4583,1.9789
13.0186,0.4597,1.9852
13.0188,0.4608,1.9917
13.0190,0.4593,1.9849
13.0192,0.459,1.983
13.0194,0.4575,1.9753
13.0196,0.4726,2.0406
13.0198,0.5262,2.2689
13.0200,0.5759,2.4811
13.0202,0.5993,2.5807
13.0204,0.6476,2.7875
13.0206,0.6539,2.8156
13.0208,0.6414,2.767
13.0210,0.5879,2.5363
13.0212,0.5342,2.3046
13.0214,0.5377,2.3174
13.0216,0.5178,2.2358
13.0218,0.4565,1.9703
13.0220,0.5514,2.3752
13.0222,0.5862,2.5302
13.0224,0.5166,2.2306
13.0226,0.5155,2.2197
13.0228,0.6008,2.5845
13.0230,0.6442,2.7738
13.0232,0.6159,2.6519
13.0234,0.5932,2.5591
13.0236,0.548,2.3652
13.0238,0.5293,2.2823
13.0240,0.5414,2.3356
13.0242,0.4973,2.1462
13.0244,0.5006,2.1607
13.0246,0.531,2.2874
13.0248,0.5883,2.5332
13.0250,0.6293,2.7072
13.0252,0.72,3.0943
13.0254,0.7353,3.1662
13.0256,0.6153,2.6506
13.0258,0.6034,2.6018
13.0260,0.5896,2.5377
13.0262,0.6454,2.7751
13.0264,0.6418,2.7647
13.0266,0.5524,2.3854
13.0268,0.502,2.1644
13.0270,0.5518,2.3795
13.0272,0.4894,2.1121
13.0274,0.4795,2.0706
13.0276,0.4854,2.095
13.0278,0.4794,2.0682
13.0280,0.4822,2.0801
13.0282,0.4834,2.0852
13.0284,0.5053,2.1769
13.0286,0.5396,2.3246
13.0288,0.5692,2.4533
13.0290,0.5922,2.5466
13.0292,0.6613,2.8436
13.0294,0.6663,2.8693
13.0296,0.6466,2.7828
13.0298,0.7008,3.0091
13.0300,0.7341,3.1537
13.0302,0.7728,3.3232
13.0304,0.749,3.2206
13.0306,0.7757,3.3324
13.0308,0.7167,3.0819
13.0310,0.7812,3.3546
13.0312,0.8733,3.743
13.0314,0.9191,3.9394
13.0316,0.9208,3.9429
13.0318,0.9715,4.164
13.0320,0.9643,4.1331
13.0322,0.9668,4.1478
13.0324,0.922,3.9517
13.0326,0.9836,4.2159
13.0328,0.985,4.2195
13.0330,0.9642,4.1345
13.0332,0.9165,3.9299
13.0334,0.927,3.9733
13.0336,0.9727,4.1671
13.0338,0.958,4.1135
13.0340,0.926,3.9668
13.0342,1.0358,4.4291
13.0344,1.1059,4.729
13.0346,1.0821,4.6378
13.0348,1.0228,4.3798
13.0350,0.9871,4.2308
13.0352,0.9351,4.0115
13.0354,0.9389,4.0298
13.0356,0.9095,3.9037
13.0358,0.8873,3.8049
13.0360,0.8935,3.8383
13.0362,0.8311,3.5704
13.0364,0.8891,3.8144
13.0366,0.9105,3.9096
13.0368,0.8641,3.7086
13.0370,0.9122,3.9096
13.0372,1.007,4.3161
13.0374,0.9945,4.2686
13.0376,0.8943,3.8419
13.0378,0.7959,3.4222
13.0380,0.7728,3.3247
13.0382,0.7782,3.3495
13.0384,0.7925,3.403
13.0386,0.8487,3.653
13.0388,0.7455,3.2086
13.0390,0.7776,3.3422
13.0392,0.8354,3.5873
13.0394,0.8295,3.5654
13.0396,0.8498,3.6542
13.0398,0.7944,3.4112
13.0400,0.8395,3.6082
13.0402,0.8635,3.7113
13.0404,0.8642,3.7126
13.0406,0.8587,3.6924
13.0408,0.7417,3.1936
13.0410,0.6922,2.9794
13.0412,0.6811,2.9328
13.0414,0.677,2.9166
13.0416,0.6968,3.0018
13.0418,0.6879,2.9609
13.0420,0.7342,3.1586
13.0422,0.7209,3.1014
13.0424,0.7083,3.0472
13.0426,0.7033,3.0269
13.0428,0.7077,3.0446
13.0430,0.7646,3.2907
13.0432,0.7112,3.0624
13.0434,0.7134,3.0689
13.0436,0.8072,3.4695
13.0438,0.8372,3.6034
13.0440,0.7251,3.1238
13.0442,0.6927,2.9801
13.0444,0.7866,3.3825
13.0446,0.7514,3.2309
13.0448,0.73,3.1435
13.0450,0.7083,3.05
13.0452,0.709,3.0517
13.0454,0.7557,3.2479
13.0456,0.7522,3.242
13.0458,0.6315,2.7216
13.0460,0.5776,2.4918
13.0462,0.538,2.3211
13.0464,0.5362,2.3155
13.0466,0.5341,2.3041
13.0468,0.5597,2.4092
13.0470,0.6949,2.9964
13.0472,0.5738,2.4776
13.0474,0.5214,2.2503
13.0476,0.5222,2.2508
13.0478,0.5283,2.2813
13.0480,0.5276,2.2782
13.0482,0.5281,2.2782
13.0484,0.5233,2.2596
13.0486,0.5257,2.2689
13.0488,0.5256,2.2684
13.0490,0.5261,2.2673
13.0492,0.5569,2.4023
13.0494,0.5157,2.2249
13.0496,0.5243,2.2606
13.0498,0.5514,2.3796
13.0500,0.5355,2.3092
13.0502,0.5606,2.415
13.0504,0.6,2.5874
13.0506,0.5999,2.5844
13.0508,0.6797,2.9239
13.0510,0.6842,2.9449
13.0512,0.6404,2.7591
13.0514,0.6262,2.6988
13.0516,0.6414,2.7632
13.0518,0.651,2.8019
13.0520,0.6861,2.9545
13.0522,0.6879,2.9609
13.0524,0.7035,3.0251
13.0526,0.7389,3.1728
13.0528,0.7704,3.3113
13.0530,0.7989,3.4319
13.0532,0.8626,3.6973
13.0534,0.9567,4.1002
13.0536,0.9707,4.1642
13.0538,0.9426,4.0495
13.0540,0.8414,3.6198
13.0542,0.7022,3.0223
13.0544,0.7286,3.13
13.0546,0.8027,3.45
13.0548,0.7816,3.3639
13.0550,0.7306,3.1446
13.0552,0.708,3.0456
13.0554,0.7381,3.1766
13.0556,0.7154,3.0848
13.0558,0.6145,2.6487
13.0560,0.6135,2.6416
13.0562,0.6119,2.6398
13.0564,0.6083,2.623
13.0566,0.6076,2.6175
13.0568,0.6297,2.7075
13.0570,0.7533,3.2361
13.0572,0.7995,3.436
13.0574,0.7581,3.2598
13.0576,0.7415,3.1901
13.0578,0.7474,3.2169
13.0580,0.7391,3.1827
13.0582,0.7231,3.1092
13.0584,0.7359,3.1644
13.0586,0.7646,3.2891
13.0588,0.7095,3.0538
13.0590,0.6487,2.7908
13.0592,0.6474,2.7903
13.0594,0.5915,2.5495
13.0596,0.6018,2.5963
13.0598,0.5734,2.4737
13.0600,0.5028,2.17
13.0602,0.5183,2.2337
13.0604,0.5211,2.2513
13.0606,0.4783,2.0654
13.0608,0.4908,2.1153
13.0610,0.5323,2.2952
13.0612,0.5311,2.2954
13.0614,0.4436,1.9144
13.0616,0.498,2.1483
13.0618,0.5129,2.2145
13.0620,0.4891,2.111
13.0622,0.5388,2.3242
13.0624,0.5018,2.1629
13.0626,0.5233,2.2554
13.0628,0.6168,2.6573
13.0630,0.6584,2.8326
13.0632,0.666,2.8638
13.0634,0.7002,3.0107
13.0636,0.7358,3.1624
13.0638,0.7857,3.3689
13.0640,0.9335,4.0066
13.0642,0.9076,3.8918
13.0644,0.9118,3.9135
13.0646,0.9123,3.9174
13.0648,0.9112,3.9109
13.0650,0.8877,3.8065
13.0652,0.9142,3.9256
13.0654,0.84,3.6018
13.0656,0.9111,3.9031
13.0658,0.9104,3.9073
13.0660,0.8719,3.7421
13.0662,0.9025,3.877
13.0664,0.8926,3.8347
13.0666,0.8865,3.8031
13.0668,0.9144,3.9248
13.0670,0.9102,3.9068
13.0672,0.8441,3.6227
13.0674,0.8544,3.6704
13.0676,0.8243,3.5411
13.0678,0.883,3.79
13.0680,0.8967,3.8504
13.0682,0.7963,3.4274
13.0684,0.6705,2.8874
13.0686,0.6914,2.9772
13.0688,0.6969,2.9982
13.0690,0.7304,3.1479
13.0692,0.6878,2.9604
13.0694,0.7327,3.1519
13.0696,0.7096,3.05
13.0698,0.7484,3.2195
13.0700,0.7876,3.3882
13.0702,0.7893,3.3907
13.0704,0.8162,3.5066
13.0706,0.778,3.35
13.0708,0.7277,3.1337
13.0710,0.733,3.152
13.0712,0.7828,3.366
13.0714,0.7962,3.4269
13.0716,0.7774,3.3412
13.0718,0.7853,3.3721
13.0720,0.8191,3.5189
13.0722,0.8082,3.4688
13.0724,0.8695,3.7353
13.0726,0.8574,3.6833
13.0728,0.8757,3.7603
13.0730,0.8594,3.692
13.0732,0.8559,3.6788
13.0734,0.8373,3.5956
13.0736,0.8775,3.7663
13.0738,0.8623,3.7113
13.0740,0.7878,3.3845
13.0742,0.852,3.6567
13.0744,0.9058,3.8914
13.0746,0.8625,3.7071
13.0748,0.8268,3.5519
13.0750,0.7823,3.3655
13.0752,0.7325,3.1529
13.0754,0.7088,3.0492
13.0756,0.7583,3.2623
13.0758,0.7653,3.2983
13.0760,0.7076,3.0483
13.0762,0.7009,3.018
13.0764,0.6786,2.926
13.0766,0.5805,2.5054
13.0768,0.5677,2.4432
13.0770,0.7554,3.2484
13.0772,0.8184,3.5175
13.0774,0.7959,3.4301
13.0776,0.5921,2.5556
13.0778,0.5548,2.3947
13.0780,0.5452,2.3522
13.0782,0.553,2.3836
13.0784,0.5675,2.4461
13.0786,0.5705,2.4579
13.0788,0.5666,2.4465
13.0790,0.5045,2.1783
13.0792,0.5239,2.2601
13.0794,0.4645,2.0068
13.0796,0.4503,1.9461
13.0798,0.4497,1.9435
13.0800,0.4493,1.941
13.0802,0.448,1.9353
13.0804,0.4548,1.9639
13.0806,0.465,2.0089
13.0808,0.4518,1.9528
13.0810,0.448,1.9344
13.0812,0.4488,1.9362
13.0814,0.4494,1.9415
13.0816,0.448,1.9353
13.0818,0.445,1.9215
13.0820,0.4451,1.9238
13.0822,0.4415,1.9056
13.0824,0.4848,2.0905
13.0826,0.5253,2.2673
13.0828,0.4739,2.0472
13.0830,0.4744,2.0455
13.0832,0.5683,2.4481
13.0834,0.5734,2.4737
13.0836,0.4772,2.0598
13.0838,0.4654,2.0095
13.0840,0.4552,1.9664
13.0842,0.4597,1.9852
13.0844,0.4631,1.996
13.0846,0.4964,2.1426
13.0848,0.4462,1.9267
13.0850,0.439,1.8947
13.0852,0.4506,1.9431
13.0854,0.4606,1.9879
13.0856,0.4499,1.9436
13.0858,0.4455,1.9227
13.0860,0.4687,2.0174
13.0862,0.5606,2.415
13.0864,0.5735,2.4708
13.0866,0.5876,2.5289
13.0868,0.5727,2.4672
13.0870,0.5582,2.4058
13.0872,0.5539,2.3916
13.0874,0.4691,2.0265
13.0876,0.4322,1.8669
13.0878,0.4095,1.7666
13.0880,0.4414,1.9033
13.0882,0.4884,2.106
13.0884,0.4755,2.0501
13.0886,0.4734,2.0413
13.0888,0.5172,2.2259
13.0890,0.5978,2.5752
13.0892,0.5777,2.4877
13.0894,0.5788,2.4935
13.0896,0.5767,2.4842
13.0898,0.6004,2.5817
13.0900,0.6562,2.8215
13.0902,0.6758,2.906
13.0904,0.6654,2.8625
13.0906,0.6872,2.9578
13.0908,0.6899,2.9636
13.0910,0.7306,3.1402
13.0912,0.7565,3.2515
13.0914,0.7528,3.2341
13.0916,0.7688,3.3026
13.0918,0.7207,3.0946
13.0920,0.7303,3.1372
13.0922,0.7225,3.1124
13.0924,0.6141,2.6442
13.0926,0.6246,2.6871
13.0928,0.6577,2.8295
13.0930,0.7159,3.0711
13.0932,0.8624,3.6997
13.0934,0.8165,3.5076
13.0936,0.7546,3.2433
13.0938,0.677,2.9125
13.0940,0.6719,2.8877
13.0942,0.7108,3.0523
13.0944,0.7523,3.238
13.0946,0.6695,2.8841
13.0948,0.643,2.7673
13.0950,0.628,2.7028
13.0952,0.7002,3.0093
13.0954,0.6305,2.7162
13.0956,0.5366,2.3138
13.0958,0.5954,2.5612
13.0960,0.6978,3.0004
13.0962,0.6949,2.9894
13.0964,0.7021,3.0176
13.0966,0.7914,3.3936
13.0968,0.8806,3.7814
13.0970,0.7299,3.1357
13.0972,0.7265,3.1183
13.0974,0.8792,3.7717
13.0976,0.9003,3.8605
13.0978,0.8999,3.8535
13.0980,0.9709,4.1594
13.0982,0.9391,4.0252
13.0984,0.9905,4.2372
13.0986,1.0105,4.3391
13.0988,0.7911,3.4
13.0990,0.7769,3.3407
13.0992,0.7733,3.3237
13.0994,0.7894,3.3912
13.0996,0.8596,3.6879
13.0998,0.8805,3.7756
13.1000,0.8798,3.7743
13.1002,0.8048,3.4576
13.1004,0.8405,3.6089
13.1006,0.8328,3.5777
13.1008,0.8065,3.4616
13.1010,0.8407,3.6083
13.1012,0.8588,3.6894
13.1014,0.8594,3.6903
13.1016,0.8382,3.5941
13.1018,0.9058,3.8859
13.1020,0.9477,4.0617
13.1022,1.0134,4.3474
13.1024,0.9294,3.9854
13.1026,0.895,3.8396
13.1028,0.9004,3.861
13.1030,0.9697,4.1562
13.1032,0.9744,4.1782
13.1034,0.914,3.9264
13.1036,0.8533,3.664
13.1038,0.8496,3.6481
13.1040,0.8461,3.6314
13.1042,0.8785,3.7651
13.1044,0.9562,4.102
13.1046,0.9677,4.1514
13.1048,1.0047,4.3103
13.1050,0.9702,4.1602
13.1052,0.9463,4.0655
13.1054,0.8978,3.8569
13.1056,0.8623,3.7027
13.1058,0.8592,3.691
13.1060,0.9047,3.8849
13.1062,0.9079,3.8947
13.1064,0.9341,4.0148
13.1066,0.8415,3.622
13.1068,0.7833,3.368
13.1070,0.7935,3.4119
13.1072,0.764,3.285
13.1074,0.7648,3.2871
13.1076,0.7572,3.2546
13.1078,0.7656,3.2907
13.1080,0.8022,3.4479
13.1082,0.7995,3.4392
13.1084,0.798,3.4378
13.1086,0.6852,2.949
13.1088,0.6816,2.9335
13.1090,0.6919,2.9793
13.1092,0.6805,2.9275
13.1094,0.7213,3.0986
13.1096,0.836,3.5899
13.1098,0.9274,3.9841
13.1100,0.8637,3.7157
13.1102,0.7624,3.2783
13.1104,0.7992,3.435
13.1106,0.819,3.5217
13.1108,0.8149,3.4993
13.1110,0.8295,3.5637
13.1112,0.8498,3.6542
13.1114,0.8094,3.4821
13.1116,0.7283,3.1362
13.1118,0.6984,3.0058
13.1120,0.6957,2.9944
13.1122,0.6716,2.8974
13.1124,0.5835,2.516
13.1126,0.5838,2.5141
13.1128,0.6881,2.9559
13.1130,0.9226,3.958
13.1132,0.9582,4.1069
13.1134,0.8995,3.8659
13.1136,0.773,3.3314
13.1138,0.6401,2.7588
13.1140,0.589,2.5386
13.1142,0.6327,2.7255
13.1144,0.6683,2.8829
13.1146,0.6517,2.8076
13.1148,0.6757,2.9096
13.1150,0.6479,2.7937
13.1152,0.5823,2.512
13.1154,0.5681,2.4498
13.1156,0.5653,2.4374
13.1158,0.5702,2.4598
13.1160,0.5714,2.4661
13.1162,0.6268,2.6939
13.1164,0.8294,3.5649
13.1166,0.6878,2.9672
13.1168,0.5466,2.3568
13.1170,0.5542,2.391
13.1172,0.5625,2.4267
13.1174,0.5553,2.3956
13.1176,0.5518,2.3817
13.1178,0.5334,2.302
13.1180,0.5247,2.2648
13.1182,0.5237,2.259
13.1184,0.5244,2.2621
13.1186,0.5235,2.2596
13.1188,0.5246,2.2621
13.1190,0.5679,2.4465
13.1192,0.6263,2.6981
13.1194,0.6774,2.9154
13.1196,0.7164,3.0803
13.1198,0.7689,3.3031
13.1200,0.7538,3.2457
13.1202,0.6999,3.0125
13.1204,0.6172,2.6601
13.1206,0.5708,2.4612
13.1208,0.5892,2.5408
13.1210,0.5894,2.5425
13.1212,0.5729,2.4682
13.1214,0.6488,2.7926
13.1216,0.6812,2.932
13.1218,0.6831,2.9416
13.1220,0.66,2.8446
13.1222,0.5952,2.5703
13.1224,0.5358,2.3113
13.1226,0.5131,2.2115
13.1228,0.6107,2.6322
13.1230,0.6245,2.6903
13.1232,0.6658,2.8627
13.1234,0.6843,2.9454
13.1236,0.6729,2.891
13.1238,0.7388,3.1797
13.1240,0.6275,2.707
13.1242,0.5576,2.4054
13.1244,0.5539,2.3883
13.1246,0.5558,2.3943
13.1248,0.6141,2.6479
13.1250,0.565,2.4375
13.1252,0.5408,2.3319
13.1254,0.5443,2.3458
13.1256,0.5442,2.3453
13.1258,0.5579,2.407
13.1260,0.5842,2.5168
13.1262,0.6247,2.6939
13.1264,0.5547,2.3919
13.1266,0.5416,2.3345
13.1268,0.5461,2.3558
13.1270,0.5428,2.3407
13.1272,0.5437,2.3454
13.1274,0.5492,2.3692
13.1276,0.5491,2.3654
13.1278,0.5918,2.5517
13.1280,0.5969,2.568
13.1282,0.6758,2.9114
13.1284,0.5921,2.5532
13.1286,0.574,2.4717
13.1288,0.6506,2.7991
13.1290,0.6466,2.7841
13.1292,0.6541,2.814
13.1294,0.7216,3.1044
13.1296,0.6937,2.9829
13.1298,0.7546,3.2373
13.1300,0.8575,3.6838
13.1302,0.8688,3.7183
13.1304,1.0127,4.3423
13.1306,0.9372,4.0207
13.1308,0.91,3.9058
13.1310,0.8764,3.7634
13.1312,0.8817,3.7861
13.1314,0.924,3.9604
13.1316,0.9308,3.9929
13.1318,0.9238,3.9613
13.1320,0.9336,3.9978
13.1322,1.0123,4.3346
13.1324,1.0589,4.5301
13.1326,1.1115,4.7548
13.1328,1.1219,4.7995
13.1330,1.1616,4.9693
13.1332,1.026,4.3932
13.1334,1.1208,4.7904
13.1336,1.1564,4.9495
13.1338,1.1637,4.9808
13.1340,1.0545,4.5259
13.1342,0.9399,4.032
13.1344,0.9905,4.2432
13.1346,1.0501,4.4985
13.1348,1.024,4.3891
13.1350,1.0214,4.3798
13.1352,0.9571,4.1119
13.1354,0.8942,3.8432
13.1356,0.8833,3.7945
13.1358,0.9467,4.0538
13.1360,1.0589,4.5386
13.1362,0.9933,4.2694
13.1364,0.8012,3.4502
13.1366,0.6922,2.9822
13.1368,0.6767,2.9164
13.1370,0.6757,2.9109
13.1372,0.6854,2.95
13.1374,0.6855,2.9505
13.1376,0.7274,3.1292
13.1378,0.7481,3.2199
13.1380,0.7208,3.1066
13.1382,0.6869,2.9617
13.1384,0.6281,2.7071
13.1386,0.6535,2.8154
13.1388,0.6883,2.9624
13.1390,0.669,2.8833
13.1392,0.6449,2.7782
13.1394,0.6376,2.7479
13.1396,0.6129,2.639
13.1398,0.6774,2.9168
13.1400,0.6704,2.8895
13.1402,0.6635,2.8582
13.1404,0.6973,2.9997
13.1406,0.7382,3.1786
13.1408,0.6998,3.0092
13.1410,0.7637,3.2901
13.1412,0.6806,2.9321
13.1414,0.6741,2.9042
13.1416,0.6497,2.8014
13.1418,0.6038,2.6034
13.1420,0.6144,2.6457
13.1422,0.6607,2.8464
13.1424,0.6336,2.7245
13.1426,0.7546,3.2478
13.1428,0.7128,3.0734
13.1430,0.6156,2.6534
13.1432,0.6076,2.6199
13.1434,0.596,2.571
13.1436,0.608,2.6215
13.1438,0.6246,2.6921
13.1440,0.6305,2.7149
13.1442,0.6687,2.885
13.1444,0.5838,2.5176
13.1446,0.5029,2.1726
13.1448,0.4607,1.993
13.1450,0.4414,1.9077
13.1452,0.4489,1.9395
13.1454,0.4406,1.9023
13.1456,0.4515,1.9503
13.1458,0.4877,2.1039
13.1460,0.5474,2.3615
13.1462,0.4522,1.9525
13.1464,0.4284,1.8517
13.1466,0.4299,1.858
13.1468,0.4325,1.8694
13.1470,0.4318,1.8637
13.1472,0.4306,1.8602
13.1474,0.4312,1.8628
13.1476,0.4335,1.8718
13.1478,0.434,1.8712
13.1480,0.4709,2.0314
13.1482,0.4244,1.8333
13.1484,0.4254,1.8379
13.1486,0.4575,1.9762
13.1488,0.4757,2.0512
13.1490,0.5229,2.2559
13.1492,0.5283,2.2824
13.1494,0.4501,1.9428
13.1496,0.4478,1.9316
13.1498,0.532,2.2942
13.1500,0.5534,2.384
13.1502,0.6137,2.6414
13.1504,0.6469,2.7869
13.1506,0.609,2.6237
13.1508,0.5765,2.4826
13.1510,0.6114,2.6316
13.1512,0.6339,2.7294
13.1514,0.6767,2.911
13.1516,0.6845,2.9486
13.1518,0.5715,2.4632
13.1520,0.608,2.6178
13.1522,0.6604,2.8382
13.1524,0.708,3.0442
13.1526,0.7209,3.097
13.1528,0.742,3.1921
13.1530,0.6515,2.804
13.1532,0.6257,2.6943
13.1534,0.6716,2.8934
13.1536,0.6342,2.7322
13.1538,0.5529,2.3831
13.1540,0.5546,2.3925
13.1542,0.5868,2.5258
13.1544,0.6675,2.8678
13.1546,0.7074,3.0416
13.1548,0.6795,2.9302
13.1550,0.5822,2.5115
13.1552,0.5452,2.3489
13.1554,0.5469,2.3561
13.1556,0.5385,2.321
13.1558,0.5505,2.3716
13.1560,0.5991,2.5784
13.1562,0.6551,2.8168
13.1564,0.6795,2.9207
13.1566,0.7335,3.1526
13.1568,0.7437,3.2023
13.1570,0.6628,2.8551
13.1572,0.6361,2.7354
13.1574,0.6782,2.9177
13.1576,0.6517,2.8037
13.1578,0.6587,2.8349
13.1580,0.6528,2.8123
13.1582,0.5801,2.5004
13.1584,0.5491,2.3709
13.1586,0.4816,2.0775
13.1588,0.4751,2.0467
13.1590,0.5873,2.5255
13.1592,0.6323,2.7252
13.1594,0.5217,2.2529
13.1596,0.4755,2.0511
13.1598,0.4645,2.0049
13.1600,0.465,2.0079
13.1602,0.4704,2.0322
13.1604,0.4415,1.9047
13.1606,0.4834,2.0814
13.1608,0.5642,2.4339
13.1610,0.5077,2.1872
13.1612,0.5386,2.3216
13.1614,0.4937,2.1287
13.1616,0.5203,2.2404
13.1618,0.6317,2.7201
13.1620,0.6317,2.7176
13.1622,0.6321,2.7166
13.1624,0.7143,3.0716
13.1626,0.7595,3.2629
13.1628,0.7917,3.3994
13.1630,0.7935,3.4071
13.1632,0.8381,3.5936
13.1634,0.9189,3.9383
13.1636,0.9203,3.9463
13.1638,0.9303,3.9872
13.1640,0.9514,4.0795
13.1642,0.8908,3.8163
13.1644,0.9521,4.0826
13.1646,0.8896,3.8147
13.1648,0.9117,3.9111
13.1650,0.9108,3.9057
13.1652,0.9538,4.0841
13.1654,0.9667,4.1492
13.1656,0.8563,3.6769
13.1658,0.8099,3.4744
13.1660,0.8189,3.5179
13.1662,0.8007,3.438
13.1664,0.8364,3.5914
13.1666,0.8321,3.5729
13.1668,0.8478,3.6404
13.1670,0.8726,3.7452
13.1672,0.8146,3.4977
13.1674,0.8078,3.4721
13.1676,0.7518,3.2329
13.1678,0.7834,3.3685
13.1680,0.7752,3.3304
13.1682,0.771,3.317
13.1684,0.7661,3.2912
13.1686,0.8455,3.6289
13.1688,0.8734,3.747
13.1690,0.9025,3.8715
13.1692,0.868,3.7274
13.1694,0.8369,3.5968
13.1696,0.8156,3.5024
13.1698,0.8724,3.7476
13.1700,0.7881,3.3871
13.1702,0.8153,3.4992
13.1704,0.8511,3.6514
13.1706,0.8507,3.6544
13.1708,0.8387,3.6012
13.1710,0.8396,3.602
13.1712,0.8923,3.8349
13.1714,0.875,3.7607
13.1716,0.8345,3.5865
13.1718,0.7759,3.3335
13.1720,0.8384,3.6002
13.1722,0.8578,3.6819
13.1724,0.8459,3.6321
13.1726,0.833,3.5754
13.1728,0.8388,3.6084
13.1730,0.825,3.5442
13.1732,0.8394,3.6043
13.1734,0.8076,3.4727
13.1736,0.7918,3.4015
13.1738,0.8385,3.6007
13.1740,0.8511,3.6565
13.1742,0.8515,3.658
13.1744,0.8774,3.771
13.1746,0.8196,3.5275
13.1748,0.7534,3.2427
13.1750,0.6837,2.9442
13.1752,0.6613,2.8476
13.1754,0.6825,2.9363
13.1756,0.7718,3.317
13.1758,0.7664,3.2984
13.1760,0.6506,2.8069
13.1762,0.5855,2.5248
13.1764,0.5821,2.5075
13.1766,0.6277,2.703
13.1768,0.6478,2.7893
13.1770,0.6479,2.7898
13.1772,0.65,2.8017
13.1774,0.5926,2.5541
13.1776,0.6177,2.6621
13.1778,0.5797,2.5029
13.1780,0.5285,2.2808
13.1782,0.5246,2.2632
13.1784,0.5274,2.274
13.1786,0.5281,2.2782
13.1788,0.5306,2.2869
13.1790,0.6271,2.6979
13.1792,0.701,3.0213
13.1794,0.6279,2.7086
13.1796,0.5467,2.3584
13.1798,0.5304,2.2859
13.1800,0.5277,2.2766
13.1802,0.5299,2.2859
13.1804,0.53,2.2865
13.1806,0.5277,2.2766
13.1808,0.5282,2.2787
13.1810,0.5255,2.2679
13.1812,0.5241,2.2622
13.1814,0.53,2.2865
13.1816,0.5262,2.2678
13.1818,0.5452,2.3511
13.1820,0.5552,2.394
13.1822,0.553,2.3803
13.1824,0.6208,2.6731
13.1826,0.6293,2.7135
13.1828,0.5668,2.4453
13.1830,0.5307,2.2874
13.1832,0.5283,2.2792
13.1834,0.529,2.2823
13.1836,0.5424,2.3376
13.1838,0.5468,2.3567
13.1840,0.5687,2.4513
13.1842,0.5671,2.4463
13.1844,0.5527,2.382
13.1846,0.544,2.347
13.1848,0.5379,2.3206
13.1850,0.5347,2.3045
13.1852,0.5337,2.3004
13.1854,0.6169,2.6541
13.1856,0.7024,3.0191
13.1858,0.7038,3.0304
13.1860,0.6903,2.9698
13.1862,0.6698,2.8829
13.1864,0.6004,2.5889
13.1866,0.5415,2.3361
13.1868,0.5115,2.2068
13.1870,0.4997,2.1546
13.1872,0.4993,2.154
13.1874,0.4991,2.151
13.1876,0.5737,2.469
13.1878,0.6624,2.8509
13.1880,0.6698,2.8816
13.1882,0.5906,2.5489
13.1884,0.4936,2.1302
13.1886,0.4867,2.0997
13.1888,0.4836,2.0834
13.1890,0.5114,2.2022
13.1892,0.5639,2.4295
13.1894,0.6009,2.585
13.1896,0.6598,2.8383
13.1898,0.6884,2.9657
13.1900,0.6438,2.7684
13.1902,0.6475,2.7843
13.1904,0.6791,2.92
13.1906,0.653,2.8068
13.1908,0.6955,2.9906
13.1910,0.6756,2.905
13.1912,0.7035,3.0251
13.1914,0.7283,3.1348
13.1916,0.678,2.9167
13.1918,0.6205,2.6758
13.1920,0.5678,2.4449
13.1922,0.6486,2.7916
13.1924,0.6964,2.9919
13.1926,0.713,3.0645
13.1928,0.7152,3.0795
13.1930,0.7258,3.1181
13.1932,0.7405,3.181
13.1934,0.7694,3.3098
13.1936,0.6751,2.911
13.1938,0.5368,2.3181
13.1940,0.4547,1.9589
13.1942,0.5386,2.3205
13.1944,0.5879,2.5304
13.1946,0.6587,2.8389
13.1948,0.5961,2.5655
13.1950,0.6358,2.7364
13.1952,0.6669,2.8692
13.1954,0.7087,3.0501
13.1956,0.6448,2.7738
13.1958,0.6719,2.8917
13.1960,0.6613,2.845
13.1962,0.7183,3.0871
13.1964,0.8165,3.506
13.1966,0.8629,3.7018
13.1968,0.8619,3.7011
13.1970,0.8333,3.5764
13.1972,0.8676,3.7236
13.1974,0.8866,3.8054
13.1976,0.9189,3.9383
13.1978,0.8742,3.7519
13.1980,0.9056,3.8849
13.1982,0.8917,3.8252
13.1984,0.8792,3.7717
13.1986,0.8938,3.8363
13.1988,0.8901,3.8186
13.1990,0.9335,4.0029
13.1992,0.8689,3.724
13.1994,0.8833,3.7945
13.1996,0.8472,3.6361
13.1998,0.8455,3.6306
13.2000,0.8391,3.6016
13.2002,0.8578,3.6888
13.2004,0.7547,3.2468
13.2006,0.7005,3.0179
13.2008,0.7064,3.0361
13.2010,0.7728,3.3216
13.2012,0.7985,3.4303
13.2014,0.824,3.5417
13.2016,0.7725,3.3216
13.2018,0.7188,3.0921
13.2020,0.7088,3.0492
13.2022,0.7475,3.2159
13.2024,0.8184,3.5142
13.2026,0.8513,3.657
13.2028,0.8198,3.5319
13.2030,0.6671,2.8684
13.2032,0.6791,2.9227
13.2034,0.6931,2.9803
13.2036,0.7851,3.3773
13.2038,0.7895,3.3964
13.2040,0.7686,3.3021
13.2042,0.8206,3.535
13.2044,0.6888,2.9645
13.2046,0.6909,2.9751
13.2048,0.6184,2.664
13.2050,0.6389,2.7498
13.2052,0.7006,3.0114
13.2054,0.7375,3.1755
13.2056,0.6883,2.9652
13.2058,0.6485,2.7924
13.2060,0.6141,2.6479
13.2062,0.6265,2.6991
13.2064,0.6502,2.8009
13.2066,0.6033,2.6001
13.2068,0.5831,2.5133
13.2070,0.5926,2.5529
13.2072,0.5957,2.5652
13.2074,0.6275,2.7045
13.2076,0.6502,2.8022
13.2078,0.6027,2.5987
13.2080,0.6063,2.6094
13.2082,0.6108,2.6327
13.2084,0.6048,2.6068
13.2086,0.6057,2.6044
13.2088,0.7431,3.1894
13.2090,0.7912,3.4005
13.2092,0.7214,3.1121
13.2094,0.5823,2.5085
13.2096,0.6205,2.6721
13.2098,0.6148,2.6485
13.2100,0.6258,2.6948
13.2102,0.6889,2.9664
13.2104,0.6376,2.7454
13.2106,0.6175,2.6616
13.2108,0.5793,2.4991
13.2110,0.5789,2.494
13.2112,0.6243,2.6856
13.2114,0.6662,2.8661
13.2116,0.6671,2.8764
13.2118,0.5491,2.3654
13.2120,0.5472,2.3572
13.2122,0.6139,2.6437
13.2124,0.6378,2.749
13.2126,0.584,2.5169
13.2128,0.6268,2.6964
13.2130,0.7111,3.0591
13.2132,0.7057,3.0387
13.2134,0.6159,2.6556
13.2136,0.535,2.3093
13.2138,0.4668,2.0138
13.2140,0.4727,2.0392
13.2142,0.4914,2.1189
13.2144,0.5526,2.3837
13.2146,0.5505,2.3727
13.2148,0.5657,2.4361
13.2150,0.5708,2.4578
13.2152,0.5739,2.4689
13.2154,0.604,2.6044
13.2156,0.4824,2.083
13.2158,0.454,1.9594
13.2160,0.4594,1.9836
13.2162,0.4476,1.932
13.2164,0.4436,1.9144
13.2166,0.4462,1.9267
13.2168,0.4461,1.9252
13.2170,0.4478,1.9334
13.2172,0.446,1.9247
13.2174,0.4461,1.9261
13.2176,0.4452,1.9225
13.2178,0.4456,1.9223
13.2180,0.4472,1.9281
13.2182,0.4499,1.9391
13.2184,0.4974,2.1428
13.2186,0.5482,2.3607
13.2188,0.5877,2.5306
13.2190,0.5882,2.5362
13.2192,0.5584,2.4079
13.2194,0.5504,2.3733
13.2196,0.4932,2.1286
13.2198,0.4506,1.9431
13.2200,0.4512,1.9466
13.2202,0.4726,2.0377
13.2204,0.5378,2.3158
13.2206,0.5606,2.4173
13.2208,0.5282,2.2755
13.2210,0.5821,2.5063
13.2212,0.5823,2.5073
13.2214,0.5835,2.5137
13.2216,0.5937,2.5552
13.2218,0.5866,2.5283
13.2220,0.5213,2.2477
13.2222,0.4992,2.1525
13.2224,0.5169,2.2239
13.2226,0.6303,2.7114
13.2228,0.6509,2.8001
13.2230,0.6419,2.7614
13.2232,0.5957,2.5616
13.2234,0.661,2.8408
13.2236,0.6869,2.9521
13.2238,0.6677,2.871
13.2240,0.6312,2.718
13.2242,0.5939,2.5574
13.2244,0.6432,2.7696
13.2246,0.6119,2.6373
13.2248,0.51,2.1991
13.2250,0.4874,2.0989
13.2252,0.5919,2.5475
13.2254,0.5674,2.4467
13.2256,0.4865,2.0987
13.2258,0.4878,2.1024
13.2260,0.5064,2.1835
13.2262,0.4681,2.0205
13.2264,0.4299,1.8562
13.2266,0.4666,2.0091
13.2268,0.5129,2.2125
13.2270,0.4241,1.8297
13.2272,0.4446,1.9164
13.2274,0.5028,2.166
13.2276,0.525,2.2605
13.2278,0.5144,2.2182
13.2280,0.5144,2.2141
13.2282,0.6298,2.708
13.2284,0.6493,2.7921
13.2286,0.6548,2.8145
13.2288,0.6859,2.9507
13.2290,0.6658,2.8587
13.2292,0.7222,3.0998
13.2294,0.872,3.7391
13.2296,0.9061,3.8852
13.2298,0.9035,3.8707
13.2300,0.8992,3.8469
13.2302,1.023,4.3763
13.2304,1.0533,4.5039
13.2306,1.0495,4.4917
13.2308,1.0441,4.4665
13.2310,1.0833,4.6321
13.2312,1.0965,4.6973
13.2314,1.0155,4.3505
13.2316,0.968,4.1432
13.2318,1.0059,4.3074
13.2320,0.9911,4.2398
13.2322,1.0514,4.4957
13.2324,1.1217,4.8007
13.2326,1.0973,4.6965
13.2328,1.1085,4.7442
13.2330,1.0884,4.652
13.2332,1.1366,4.8512
13.2334,1.1628,4.979
13.2336,1.0486,4.5007
13.2338,0.9362,4.0142
13.2340,0.9848,4.221
13.2342,0.987,4.2362
13.2344,0.924,3.9604
13.2346,0.9198,3.9424
13.2348,0.9597,4.115
13.2350,0.9691,4.1556
13.2352,0.9641,4.1379
13.2354,0.8267,3.5497
13.2356,0.8004,3.4402
13.2358,0.8012,3.4422
13.2360,0.7861,3.3788
13.2362,0.753,3.2366
13.2364,0.7521,3.234
13.2366,0.7497,3.2297
13.2368,0.6759,2.912
13.2370,0.6768,2.9115
13.2372,0.737,3.1705
13.2374,0.7811,3.3619
13.2376,0.7618,3.2757
13.2378,0.767,3.2948
13.2380,0.7841,3.3701
13.2382,0.7738,3.3288
13.2384,0.7734,3.3227
13.2386,0.824,3.5466
13.2388,0.7029,3.0296
13.2390,0.6807,2.9285
13.2392,0.7274,3.1278
13.2394,0.7487,3.221
13.2396,0.76,3.2695
13.2398,0.7599,3.266
13.2400,0.7884,3.3902
13.2402,0.7774,3.3459
13.2404,0.7424,3.1967
13.2406,0.6847,2.9483
13.2408,0.7084,3.0477
13.2410,0.7023,3.0242
13.2412,0.6798,2.9258
13.2414,0.6728,2.8972
13.2416,0.6755,2.9072
13.2418,0.7541,3.2382
13.2420,0.8347,3.5909
13.2422,0.7815,3.3634
13.2424,0.6897,2.9727
13.2426,0.5974,2.5736
13.2428,0.6046,2.6058
13.2430,0.6041,2.6037
13.2432,0.6273,2.7035
13.2434,0.6068,2.6139
13.2436,0.6169,2.6578
13.2438,0.5879,2.5375
13.2440,0.552,2.38
13.2442,0.544,2.3426
13.2444,0.5964,2.573
13.2446,0.5933,2.5584
13.2448,0.5541,2.3893
13.2450,0.5505,2.3694
13.2452,0.7249,3.1184
13.2454,0.7389,3.1861
13.2456,0.5701,2.457
13.2458,0.5398,2.3278
13.2460,0.5515,2.3769
13.2462,0.5636,2.4313
13.2464,0.5246,2.2621
13.2466,0.524,2.2606
13.2468,0.5288,2.2823
13.2470,0.5273,2.2746
13.2472,0.53,2.2854
13.2474,0.5285,2.2755
13.2476,0.5532,2.3874
13.2478,0.5308,2.288
13.2480,0.5651,2.4358
13.2482,0.5436,2.3449
13.2484,0.5529,2.3819
13.2486,0.6072,2.6172
13.2488,0.5313,2.2922
13.2490,0.5402,2.3283
13.2492,0.5856,2.5218
13.2494,0.6532,2.8099
13.2496,0.6699,2.8861
13.2498,0.6403,2.7547
13.2500,0.6534,2.8122
13.2502,0.65,2.7991
13.2504,0.6486,2.7916
13.2506,0.6685,2.8759
13.2508,0.6939,2.9825
13.2510,0.7315,3.1482
13.2512,0.6641,2.8595
13.2514,0.6105,2.6275
13.2516,0.6323,2.7227
13.2518,0.7319,3.1473
13.2520,0.7993,3.4291
13.2522,0.8349,3.5853
13.2524,0.7985,3.4351
13.2526,0.695,2.9913
13.2528,0.6836,2.9409
13.2530,0.6804,2.9297
13.2532,0.6233,2.6827
13.2534,0.656,2.8262
13.2536,0.6253,2.6927
13.2538,0.6568,2.8254
13.2540,0.6446,2.7771
13.2542,0.649,2.7931
13.2544,0.6909,2.9669
13.2546,0.7553,3.2464
13.2548,0.737,3.1749
13.2550,0.6846,2.945
13.2552,0.7469,3.2088
13.2554,0.7447,3.199
13.2556,0.8116,3.4849
13.2558,0.8776,3.765
13.2560,0.8656,3.7171
13.2562,0.8631,3.6959
13.2564,0.9369,4.0229
13.2566,0.8983,3.8679
13.2568,0.6803,2.9306
13.2570,0.5767,2.4877
13.2572,0.5677,2.4478
13.2574,0.562,2.4257
13.2576,0.4823,2.0806
13.2578,0.4697,2.0263
13.2580,0.4714,2.0354
13.2582,0.4734,2.0423
13.2584,0.4884,2.105
13.2586,0.5539,2.3883
13.2588,0.5696,2.456
13.2590,0.5034,2.1716
13.2592,0.4599,1.9857
13.2594,0.422,1.8212
13.2596,0.4534,1.9559
13.2598,0.4805,2.0728
13.2600,0.5223,2.2565
13.2602,0.4263,1.8416
13.2604,0.4115,1.777
13.2606,0.4451,1.9202
13.2608,0.4963,2.1401
13.2610,0.5173,2.2316
13.2612,0.4847,2.0909
13.2614,0.5091,2.1903
13.2616,0.6373,2.7443
13.2618,0.6598,2.8383
13.2620,0.7512,3.2259
13.2622,0.7565,3.2485
13.2624,0.7793,3.351
13.2626,0.7871,3.3798
13.2628,0.8254,3.5408
13.2630,0.8053,3.4613
13.2632,0.814,3.4935
13.2634,0.878,3.7684
13.2636,0.9067,3.8895
13.2638,0.9051,3.8847
13.2640,0.9071,3.888
13.2642,0.9156,3.9281
13.2644,0.9281,3.9779
13.2646,0.9565,4.1035
13.2648,0.9845,4.2195
13.2650,1.0082,4.3192
13.2652,1.0063,4.311
13.2654,1.004,4.2952
13.2656,1.0311,4.4153
13.2658,1.0378,4.4419
13.2660,1.0576,4.5287
13.2662,1.0793,4.626
13.2664,1.0551,4.5264
13.2666,0.9069,3.8906
13.2668,0.8578,3.687
13.2670,0.7478,3.2169
13.2672,0.7402,3.1844
13.2674,0.7172,3.0897
13.2676,0.6969,2.9968
13.2678,0.7375,3.1755
13.2680,0.7485,3.2185
13.2682,0.8015,3.44
13.2684,0.8679,3.7251
13.2686,0.854,3.6705
13.2688,0.7804,3.3557
13.2690,0.7504,3.2253
13.2692,0.7907,3.3953
13.2694,0.8089,3.4784
13.2696,0.825,3.5508
13.2698,0.7812,3.3561
13.2700,0.8396,3.6053
13.2702,0.8365,3.6003
13.2704,0.7467,3.2093
13.2706,0.8376,3.5999
13.2708,0.8021,3.4522
13.2710,0.7467,3.2138
13.2712,0.7493,3.2251
13.2714,0.7361,3.1624
13.2716,0.8477,3.6398
13.2718,0.8989,3.8579
13.2720,0.8896,3.8254
13.2722,0.7673,3.301
13.2724,0.7357,3.1692
13.2726,0.734,3.159
13.2728,0.7719,3.319
13.2730,0.7836,3.3711
13.2732,0.7957,3.4217
13.2734,0.7737,3.3283
13.2736,0.6872,2.9619
13.2738,0.6252,2.6947
13.2740,0.6132,2.6442
13.2742,0.6208,2.6743
13.2744,0.6518,2.8042
13.2746,0.6815,2.933
13.2748,0.7179,3.0913
13.2750,0.7143,3.0744
13.2752,0.7245,3.1125
13.2754,0.8602,3.7025
13.2756,0.7238,3.1166
13.2758,0.7214,3.1063
13.2760,0.7352,3.1613
13.2762,0.7635,3.2814
13.2764,0.7075,3.0549
13.2766,0.5342,2.3024
13.2768,0.5421,2.342
13.2770,0.4727,2.042
13.2772,0.4494,1.9415
13.2774,0.4481,1.9349
13.2776,0.4506,1.9467
13.2778,0.4489,1.9395
13.2780,0.448,1.9344
13.2782,0.4493,1.941
13.2784,0.4494,1.9406
13.2786,0.4495,1.9421
13.2788,0.4633,2.0016
13.2790,0.4529,1.9566
13.2792,0.4486,1.937
13.2794,0.447,1.9312
13.2796,0.4475,1.9341
13.2798,0.448,1.9335
13.2800,0.4498,1.9413
13.2802,0.4619,1.9917
13.2804,0.5144,2.2192
13.2806,0.547,2.3621
13.2808,0.4642,2.0034
13.2810,0.4992,2.1525
13.2812,0.5281,2.2814
13.2814,0.4635,2.0021
13.2816,0.4484,1.9351
13.2818,0.4434,1.9147
13.2820,0.4473,1.9313
13.2822,0.4473,1.9295
13.2824,0.4432,1.9128
13.2826,0.4427,1.9125
13.2828,0.4456,1.9232
13.2830,0.4466,1.9273
13.2832,0.4503,1.9452
13.2834,0.438,1.8914
13.2836,0.4407,1.9011
13.2838,0.4576,1.974
13.2840,0.4482,1.9355
13.2842,0.4442,1.917
13.2844,0.4485,1.9365
13.2846,0.4675,2.0179
13.2848,0.4806,2.0724
13.2850,0.5234,2.2559
13.2852,0.5618,2.4202
13.2854,0.5829,2.5088
13.2856,0.5874,2.5319
13.2858,0.5557,2.3927
13.2860,0.5526,2.3804
13.2862,0.5397,2.3262
13.2864,0.569,2.4523
13.2866,0.5494,2.3703
13.2868,0.5203,2.2414
13.2870,0.54,2.3283
13.2872,0.4802,2.0708
13.2874,0.4707,2.0295
13.2876,0.4762,2.0532
13.2878,0.4898,2.1122
13.2880,0.4865,2.0977
13.2882,0.4837,2.0868
13.2884,0.542,2.3339
13.2886,0.6298,2.7093
13.2888,0.6698,2.8803
13.2890,0.6735,2.8935
13.2892,0.6815,2.9316
13.2894,0.6741,2.9015
13.2896,0.6809,2.9263
13.2898,0.7232,3.1068
13.2900,0.7517,3.2324
13.2902,0.7329,3.1515
13.2904,0.7167,3.0804
13.2906,0.7587,3.2532
13.2908,0.8412,3.6171
13.2910,0.703,3.0245
13.2912,0.7011,3.0106
13.2914,0.7366,3.1719
13.2916,0.6644,2.8637
13.2918,0.5855,2.5189
13.2920,0.6348,2.7322
13.2922,0.6327,2.7242
13.2924,0.6005,2.5834
13.2926,0.6317,2.7201
13.2928,0.5597,2.4159
13.2930,0.4969,2.1427
13.2932,0.5279,2.275
13.2934,0.5016,2.1629
13.2936,0.5149,2.2182
13.2938,0.5719,2.4624
13.2940,0.5703,2.4591
13.2942,0.5217,2.2497
13.2944,0.4955,2.1335
13.2946,0.5812,2.5004
13.2948,0.6623,2.8504
13.2950,0.6976,2.9985
13.2952,0.7063,3.0384
13.2954,0.6918,2.9746
13.2956,0.7339,3.1512
13.2958,0.7456,3.2031
13.2960,0.771,3.3046
13.2962,0.9219,3.9549
13.2964,0.8748,3.751
13.2966,0.8903,3.8214
13.2968,0.793,3.4082
13.2970,0.7703,3.3077
13.2972,0.8099,3.476
13.2974,0.8472,3.6361
13.2976,0.8539,3.6632
13.2978,0.8866,3.8001
13.2980,0.9189,3.942
13.2982,0.9144,3.9193
13.2984,0.9444,4.0459
13.2986,0.9141,3.9178
13.2988,0.9408,4.0362
13.2990,0.9104,3.9037
13.2992,0.9243,3.9633
13.2994,0.9409,4.0367
13.2996,0.8793,3.7758
13.2998,0.8515,3.658
13.3000,0.8291,3.56
13.3002,0.8257,3.544
13.3004,0.816,3.5055
13.3006,0.755,3.2403
13.3008,0.8048,3.456
13.3010,0.8044,3.4556
13.3012,0.8478,3.6404
13.3014,0.855,3.6695
13.3016,0.8056,3.4607
13.3018,0.7864,3.3799
13.3020,0.7877,3.3871
13.3022,0.7829,3.3634
13.3024,0.8077,3.47
13.3026,0.7943,3.4123
13.3028,0.7504,3.2298
13.3030,0.7188,3.0906
13.3032,0.7496,3.2216
13.3034,0.762,3.2752
13.3036,0.7758,3.333
13.3038,0.7745,3.3273
13.3040,0.7542,3.2448
13.3042,0.7536,3.2437
13.3044,0.6952,2.9882
13.3046,0.7906,3.3932
13.3048,0.8218,3.5385
13.3050,0.6866,2.9524
13.3052,0.734,3.1561
13.3054,0.7226,3.1129
13.3056,0.6804,2.9284
13.3058,0.684,2.9452
13.3060,0.6852,2.949
13.3062,0.6842,2.9435
13.3064,0.6878,2.9576
13.3066,0.7494,3.2226
13.3068,0.7728,3.3232
13.3070,0.7582,3.2618
13.3072,0.7407,3.1865
13.3074,0.6738,2.8986
13.3076,0.7086,3.0496
13.3078,0.6783,2.9182
13.3080,0.7176,3.084
13.3082,0.7889,3.3891
13.3084,0.7872,3.3882
13.3086,0.6693,2.8809
13.3088,0.7038,3.0248
13.3090,0.768,3.2995
13.3092,0.8138,3.4963
13.3094,0.8164,3.5087
13.3096,0.7635,3.2845
13.3098,0.6913,2.9767
13.3100,0.6379,2.7482
13.3102,0.6709,2.8876
13.3104,0.6948,2.9875
13.3106,0.6678,2.8768
13.3108,0.6275,2.7045
13.3110,0.6138,2.6444
13.3112,0.6077,2.6168
13.3114,0.6463,2.7805
13.3116,0.7736,3.3232
13.3118,0.772,3.3165
13.3120,0.7666,3.2964
13.3122,0.692,2.9798
13.3124,0.6966,3.005
13.3126,0.6299,2.7136
13.3128,0.6217,2.6785
13.3130,0.6444,2.7748
13.3132,0.6741,2.9015
13.3134,0.6463,2.7805
13.3136,0.7544,3.2392
13.3138,0.7984,3.433
13.3140,0.7274,3.135
13.3142,0.6142,2.6508
13.3144,0.5347,2.3066
13.3146,0.5318,2.2932
13.3148,0.5776,2.4895
13.3150,0.6181,2.663
13.3152,0.6407,2.7562
13.3154,0.6509,2.8027
13.3156,0.631,2.722
13.3158,0.5551,2.3946
13.3160,0.5409,2.3335
13.3162,0.5379,2.3206
13.3164,0.5355,2.3103
13.3166,0.5424,2.3354
13.3168,0.6142,2.6422
13.3170,0.6671,2.8764
13.3172,0.565,2.4375
13.3174,0.5299,2.2859
13.3176,0.5283,2.2782
13.3178,0.5332,2.3004
13.3180,0.5302,2.2864
13.3182,0.5967,2.5669
13.3184,0.683,2.9397
13.3186,0.6715,2.8888
13.3188,0.6733,2.8992
13.3190,0.643,2.7686
13.3192,0.6143,2.6501
13.3194,0.5329,2.2999
13.3196,0.5282,2.2776
13.3198,0.5654,2.4334
13.3200,0.6227,2.6814
13.3202,0.6312,2.7193
13.3204,0.6313,2.7173
13.3206,0.634,2.7286
13.3208,0.6385,2.7495
13.3210,0.6309,2.7177
13.3212,0.6397,2.7534
13.3214,0.6969,2.994
13.3216,0.8128,3.4884
13.3218,0.8072,3.4695
13.3220,0.7192,3.0941
13.3222,0.6684,2.8794
13.3224,0.6298,2.7131
13.3226,0.6301,2.7121
13.3228,0.6668,2.87
13.3230,0.66,2.8459
13.3232,0.5532,2.3841
13.3234,0.539,2.322
13.3236,0.5858,2.5223
13.3238,0.5815,2.5061
13.3240,0.5743,2.4773
13.3242,0.5661,2.4399
13.3244,0.5897,2.5417
13.3246,0.569,2.4512
13.3248,0.5725,2.4673
13.3250,0.5627,2.4243
13.3252,0.5699,2.4553
13.3254,0.5753,2.4762
13.3256,0.6539,2.8169
13.3258,0.5755,2.4825
13.3260,0.5289,2.2797
13.3262,0.5611,2.416
13.3264,0.5762,2.4856
13.3266,0.5325,2.2963
13.3268,0.4788,2.0656
13.3270,0.4861,2.0923
13.3272,0.6363,2.7448
13.3274,0.5545,2.3931
13.3276,0.4934,2.1287
13.3278,0.5171,2.2285
13.3280,0.5936,2.5535
13.3282,0.6213,2.6739
13.3284,0.6408,2.7541
13.3286,0.6877,2.9584
13.3288,0.6981,3.0019
13.3290,0.7567,3.251
13.3292,0.8909,3.8203
13.3294,0.9256,3.967
13.3296,0.9094,3.8995
13.3298,0.8907,3.8228
13.3300,0.8607,3.6942
13.3302,0.9118,3.9061
13.3304,0.9416,4.0321
13.3306,1.0297,4.4131
13.3308,1.0118,4.3386
13.3310,0.9731,4.1744
13.3312,0.9544,4.0866
13.3314,1.0456,4.4731
13.3316,1.104,4.7251
13.3318,1.0767,4.6189
13.3320,0.9505,4.0758
13.3322,0.9685,4.1491
13.3324,0.9804,4.2019
13.3326,0.9771,4.19
13.3328,0.9813,4.206
13.3330,0.9668,4.1477
13.3332,0.9274,3.9766
13.3334,0.959,4.1162
13.3336,0.9252,3.9711
13.3338,0.9321,4.0004
13.3340,0.9611,4.1269
13.3342,0.8421,3.6194
13.3344,0.8054,3.4634
13.3346,0.8177,3.5078
13.3348,0.9062,3.891
13.3350,0.8952,3.8424
13.3352,0.9322,4.0028
13.3354,0.8853,3.7997
13.3356,0.9446,4.0601
13.3358,0.8331,3.5775
13.3360,0.7866,3.3871
13.3362,0.7149,3.0755
13.3364,0.7547,3.2437
13.3366,0.6958,2.999
13.3368,0.6563,2.8259
13.3370,0.7118,3.0607
13.3372,0.7577,3.2612
13.3374,0.6891,2.966
13.3376,0.6999,3.011
13.3378,0.7584,3.2643
13.3380,0.7016,3.0196
13.3382,0.6666,2.8716
13.3384,0.6003,2.5884
13.3386,0.5933,2.5595
13.3388,0.5919,2.551
13.3390,0.6168,2.656
13.3392,0.6498,2.7993
13.3394,0.6491,2.7936
13.3396,0.6811,2.93
13.3398,0.6669,2.8758
13.3400,0.6083,2.6206
13.3402,0.6475,2.7882
13.3404,0.6745,2.903
13.3406,0.6806,2.9307
13.3408,0.715,3.0789
13.3410,0.6861,2.9531
13.3412,0.6264,2.6923
13.3414,0.7354,3.1622
13.3416,0.7317,3.155
13.3418,0.6256,2.6949
13.3420,0.6054,2.6106
13.3422,0.5976,2.5782
13.3424,0.6021,2.5937
13.3426,0.563,2.4298
13.3428,0.4975,2.1482
13.3430,0.4871,2.1012
13.3432,0.5141,2.2186
13.3434,0.4834,2.09
13.3436,0.417,1.8033
13.3438,0.4028,1.7408
13.3440,0.4101,1.7699
13.3442,0.4865,2.0986
13.3444,0.529,2.2823
13.3446,0.4842,2.0869
13.3448,0.5385,2.321
13.3450,0.4783,2.0644
13.3452,0.4503,1.9451
13.3454,0.4467,1.9287
13.3456,0.4513,1.948
13.3458,0.4614,1.9914
13.3460,0.4614,1.9924
13.3462,0.4577,1.9763
13.3464,0.4572,1.9715
13.3466,0.4606,1.9878
13.3468,0.463,1.9973
13.3470,0.4955,2.1364
13.3472,0.5343,2.304
13.3474,0.556,2.3976
13.3476,0.5693,2.4561
13.3478,0.4757,2.0521
13.3480,0.4487,1.9384
13.3482,0.4438,1.9163
13.3484,0.4421,1.9064
13.3486,0.5175,2.2316
13.3488,0.5368,2.3138
13.3490,0.5479,2.3613
13.3492,0.5661,2.4399
13.3494,0.5747,2.4748
13.3496,0.5963,2.5665
13.3498,0.5816,2.5042
13.3500,0.6017,2.5897
13.3502,0.6101,2.6295
13.3504,0.6155,2.6491
13.3506,0.633,2.7282
13.3508,0.5487,2.366
13.3510,0.5296,2.2827
13.3512,0.5724,2.4604
13.3514,0.6524,2.8041
13.3516,0.6878,2.9603
13.3518,0.6524,2.8067
13.3520,0.6721,2.8927
13.3522,0.6042,2.6054
13.3524,0.5595,2.4114
13.3526,0.5987,2.5744
13.3528,0.691,2.9742
13.3530,0.6468,2.7825
13.3532,0.6625,2.8541
13.3534,0.5922,2.5513
13.3536,0.6247,2.6863
13.3538,0.6743,2.902
13.3540,0.6524,2.8107
13.3542,0.6037,2.5973
13.3544,0.6298,2.708
13.3546,0.6915,2.9735
13.3548,0.6933,2.9813
13.3550,0.7319,3.1473
13.3552,0.7355,3.1657
13.3554,0.6611,2.8452
13.3556,0.663,2.8508
13.3558,0.7,3.0087
13.3560,0.692,2.9784
13.3562,0.6492,2.7941
13.3564,0.5946,2.5593
13.3566,0.5953,2.5624
13.3568,0.6528,2.807
13.3570,0.6732,2.8973
13.3572,0.6418,2.7621
13.3574,0.6906,2.9708
13.3576,0.6595,2.8398
13.3578,0.6244,2.6873
13.3580,0.6021,2.5925
13.3582,0.589,2.5409
13.3584,0.4806,2.0733
13.3586,0.4527,1.9546
13.3588,0.472,2.0351
13.3590,0.5163,2.2274
13.3592,0.4399,1.8997
13.3594,0.3953,1.7071
13.3596,0.3962,1.7107
13.3598,0.3975,1.7148
13.3600,0.4167,1.7976
13.3602,0.4595,1.9813
13.3604,0.5263,2.2704
13.3606,0.4968,2.1441
13.3608,0.4817,2.077
13.3610,0.5499,2.3679
13.3612,0.6281,2.702
13.3614,0.6603,2.8395
13.3616,0.6799,2.9249
13.3618,0.6437,2.7678
13.3620,0.7208,3.0979
13.3622,0.7924,3.4087
13.3624,0.6775,2.9118
13.3626,0.7566,3.2414
13.3628,0.8884,3.8059
13.3630,0.91,3.9021
13.3632,0.9136,3.9102
13.3634,0.9714,4.1595
13.3636,0.941,4.0371
13.3638,0.9187,3.9359
13.3640,0.9317,3.9933
13.3642,0.9385,4.0188
13.3644,0.9556,4.0974
13.3646,0.8779,3.7695
13.3648,0.8091,3.4745
13.3650,0.8106,3.4823
13.3652,0.8258,3.5444
13.3654,0.8159,3.5033
13.3656,0.8353,3.58
13.3658,0.8883,3.809
13.3660,0.8395,3.6031
13.3662,0.8414,3.6113
13.3664,0.8343,3.5809
13.3666,0.8279,3.5498
13.3668,0.9433,4.0488
13.3670,0.8396,3.6069
13.3672,0.7751,3.3267
13.3674,0.8336,3.5795
13.3676,0.843,3.618
13.3678,0.8069,3.4615
13.3680,0.8255,3.5462
13.3682,0.8145,3.4977
13.3684,0.8568,3.6823
13.3686,0.8467,3.634
13.3688,0.8648,3.7134
13.3690,0.8659,3.7163
13.3692,0.9262,3.9715
13.3694,0.8722,3.7453
13.3696,0.8615,3.7012
13.3698,0.8623,3.7026
13.3700,0.8659,3.718
13.3702,0.8352,3.5845
13.3704,0.85,3.6518
13.3706,0.8528,3.6636
13.3708,0.8219,3.5241
13.3710,0.9087,3.8946
13.3712,1.0075,4.3181
13.3714,1.0064,4.3175
13.3716,0.9613,4.124
13.3718,0.9156,3.9299
13.3720,0.8505,3.6521
13.3722,0.8424,3.6188
13.3724,0.8747,3.7544
13.3726,0.8823,3.785
13.3728,0.9021,3.8717
13.3730,0.9532,4.0967
13.3732,0.8767,3.7679
13.3734,0.8261,3.552
13.3736,0.8006,3.4411
13.3738,0.8313,3.5697
13.3740,0.8234,3.5358
13.3742,0.8175,3.5138
13.3744,0.815,3.503
13.3746,0.9042,3.881
13.3748,0.9619,4.1305
13.3750,0.9238,3.9741
13.3752,0.722,3.1132
13.3754,0.6202,2.6729
13.3756,0.5781,2.4939
13.3758,0.6239,2.6865
13.3760,0.6738,2.904
13.3762,0.675,2.9078
13.3764,0.6795,2.926
13.3766,0.6342,2.7347
13.3768,0.5618,2.4235
13.3770,0.55,2.3728
13.3772,0.5547,2.3919
13.3774,0.554,2.3877
13.3776,0.6191,2.6658
13.3778,0.7243,3.1143
13.3780,0.6934,2.9901
13.3782,0.556,2.3987
13.3784,0.5816,2.5089
13.3786,0.5485,2.365
13.3788,0.531,2.2895
13.3790,0.5258,2.2683
13.3792,0.531,2.2916
13.3794,0.5311,2.29
13.3796,0.5276,2.2761
13.3798,0.5272,2.2756
13.3800,0.5332,2.2993
13.3802,0.5728,2.4722
13.3804,0.5334,2.2998
13.3806,0.5258,2.2683
13.3808,0.527,2.2735
13.3810,0.5337,2.3025
13.3812,0.6263,2.6955
13.3814,0.6837,2.9469
13.3816,0.5497,2.3702
13.3818,0.5256,2.2673
13.3820,0.5196,2.2404
13.3822,0.5235,2.2574
13.3824,0.5247,2.2647
13.3826,0.524,2.2606
13.3828,0.5252,2.2647
13.3830,0.524,2.2616
13.3832,0.5328,2.2983
13.3834,0.5364,2.3117
13.3836,0.5257,2.2678
13.3838,0.5215,2.2497
13.3840,0.5288,2.2812
13.3842,0.5426,2.3396
13.3844,0.5421,2.3354
13.3846,0.6552,2.8186
13.3848,0.7112,3.0595
13.3850,0.6848,2.9433
13.3852,0.6771,2.9184
13.3854,0.5693,2.4561
13.3856,0.5282,2.2765
13.3858,0.5439,2.3399
13.3860,0.6889,2.9636
13.3862,0.6939,2.9894
13.3864,0.6567,2.8266
13.3866,0.6415,2.7637
13.3868,0.6597,2.8369
13.3870,0.7024,3.0247
13.3872,0.672,2.8922
13.3874,0.6808,2.9249
13.3876,0.7564,3.2494
13.3878,0.8112,3.4865
13.3880,0.7824,3.3628
13.3882,0.7382,3.1771
13.3884,0.6859,2.952
13.3886,0.7606,3.269
13.3888,0.735,3.1622
13.3890,0.6679,2.872
13.3892,0.6759,2.9092
13.3894,0.6549,2.8189
13.3896,0.6647,2.862
13.3898,0.6542,2.8197
13.3900,0.6031,2.5971
13.3902,0.6217,2.6734
13.3904,0.677,2.9111
13.3906,0.7065,3.0394
13.3908,0.6775,2.9159
13.3910,0.6889,2.9594
13.3912,0.7225,3.1109
13.3914,0.6232,2.6884
13.3916,0.5072,2.1891
13.3918,0.4758,2.0526
13.3920,0.4774,2.0574
13.3922,0.5445,2.3479
13.3924,0.5388,2.3242
13.3926,0.5141,2.2176
13.3928,0.4992,2.1525
13.3930,0.5011,2.1617
13.3932,0.5233,2.2575
13.3934,0.5383,2.3189
13.3936,0.5262,2.2667
13.3938,0.5753,2.4785
13.3940,0.5855,2.5212
13.3942,0.6278,2.6972
13.3944,0.7211,3.0966
13.3946,0.7675,3.2989
13.3948,0.7938,3.4118
13.3950,0.769,3.302
13.3952,0.7879,3.3865
13.3954,0.7992,3.4318
13.3956,0.8082,3.4752
13.3958,0.7626,3.2762
13.3960,0.7825,3.3602
13.3962,0.8756,3.758
13.3964,0.9002,3.8581
13.3966,0.9418,4.0383
13.3968,0.9703,4.1587
13.3970,0.9785,4.1917
13.3972,1.0156,4.3469
13.3974,0.957,4.1074
13.3976,0.9029,3.8681
13.3978,0.9912,4.2442
13.3980,1.0033,4.3041
13.3982,0.958,4.1039
13.3984,1.0086,4.3166
13.3986,1.0369,4.4357
13.3988,1.1005,4.7169
13.3990,1.0472,4.4924
13.3992,0.9402,4.0297
13.3994,0.9692,4.1541
13.3996,0.9677,4.1513
13.3998,0.9014,3.8722
13.4000,0.8185,3.513
13.4002,0.815,3.503
13.4004,0.7563,3.255
13.4006,0.7468,3.2112
13.4008,0.7505,3.2317
13.4010,0.713,3.0701
13.4012,0.7091,3.0507
13.4014,0.7192,3.0912
13.4016,0.7908,3.391
13.4018,0.8993,3.8635
13.4020,0.8237,3.5417
13.4022,0.8115,3.4864
13.4024,0.8026,3.4494
13.4026,0.7691,3.3056
13.4028,0.8094,3.4788
13.4030,0.7898,3.3963
13.4032,0.7552,3.2458
13.4034,0.7755,3.336
13.4036,0.7542,3.2507
13.4038,0.6939,2.9852
13.4040,0.7324,3.1537
13.4042,0.6897,2.9713
13.4044,0.7133,3.0674
13.4046,0.7301,3.1425
13.4048,0.6961,2.9931
13.4050,0.7502,3.2302
13.4052,0.7241,3.1152
13.4054,0.7121,3.0665
13.4056,0.6802,2.9332
13.4058,0.6378,2.7464
13.4060,0.668,2.8778
13.4062,0.6203,2.6735
13.4064,0.6169,2.659
13.4066,0.6113,2.6347
13.4068,0.6129,2.6414
13.4070,0.6203,2.6722
13.4072,0.6096,2.6275
13.4074,0.6103,2.6293
13.4076,0.6866,2.9579
13.4078,0.6421,2.7688
13.4080,0.5738,2.4752
13.4082,0.5569,2.3978
13.4084,0.6755,2.9085
13.4086,0.6394,2.7556
13.4088,0.6362,2.7409
13.4090,0.6137,2.645
13.4092,0.5991,2.582
13.4094,0.5953,2.566
13.4096,0.5747,2.4782
13.4098,0.6004,2.5841
13.4100,0.6758,2.9087
13.4102,0.6439,2.7778
13.4104,0.5445,2.349
13.4106,0.5318,2.2931
13.4108,0.538,2.32
13.4110,0.6107,2.6309
13.4112,0.6391,2.7533
13.4114,0.6179,2.6619
13.4116,0.5808,2.5046
13.4118,0.5512,2.378
13.4120,0.5546,2.3902
13.4122,0.6011,2.592
13.4124,0.592,2.5527
13.4126,0.501,2.1632
13.4128,0.4554,1.9656
13.4130,0.4714,2.0325
13.4132,0.5245,2.2626
13.4134,0.4708,2.0309
13.4136,0.4662,2.0112
13.4138,0.5368,2.3159
13.4140,0.5841,2.5197
13.4142,0.557,2.4017
13.4144,0.4973,2.1452
13.4146,0.4539,1.9598
13.4148,0.4509,1.945
13.4150,0.4551,1.9622
13.4152,0.4946,2.1338
13.4154,0.531,2.2895
13.4156,0.5421,2.3376
13.4158,0.5356,2.3075
13.4160,0.5786,2.4936
13.4162,0.6005,2.5858
13.4164,0.6537,2.8137
13.4166,0.5915,2.5506
13.4168,0.4884,2.1069
13.4170,0.4794,2.07
13.4172,0.4741,2.0463
13.4174,0.4744,2.0464
13.4176,0.4687,2.0221
13.4178,0.5385,2.3188
13.4180,0.6868,2.9548
13.4182,0.6467,2.782
13.4184,0.6113,2.6384
13.4186,0.4872,2.1037
13.4188,0.4907,2.1138
13.4190,0.5778,2.4894
13.4192,0.5353,2.3081
13.4194,0.5582,2.4035
13.4196,0.6227,2.6776
13.4198,0.6359,2.7394
13.4200,0.5862,2.5267
13.4202,0.603,2.5954
13.4204,0.5877,2.5305
13.4206,0.5852,2.5197
13.4208,0.6223,2.6773
13.4210,0.7222,3.1026
13.4212,0.7412,3.1825
13.4214,0.7506,3.2262
13.4216,0.7308,3.1456
13.4218,0.6253,2.6927
13.4220,0.5781,2.4892
13.4222,0.5822,2.5056
13.4224,0.6365,2.7407
13.4226,0.556,2.4009
13.4228,0.4685,2.021
13.4230,0.4757,2.0511
13.4232,0.4752,2.0491
13.4234,0.4699,2.0263
13.4236,0.4675,2.0178
13.4238,0.4666,2.0128
13.4240,0.4682,2.0209
13.4242,0.4685,2.021
13.4244,0.5045,2.1732
13.4246,0.5494,2.368
13.4248,0.5608,2.4171
13.4250,0.4814,2.0769
13.4252,0.4462,1.9239
13.4254,0.5094,2.1964
13.4256,0.4741,2.0482
13.4258,0.3952,1.7074
13.4260,0.4106,1.772
13.4262,0.4157,1.7943
13.4264,0.4037,1.7425
13.4266,0.4626,1.9948
13.4268,0.5133,2.2104
13.4270,0.5624,2.4227
13.4272,0.5266,2.2698
13.4274,0.5451,2.3483
13.4276,0.6265,2.6928
13.4278,0.7029,3.0225
13.4280,0.7259,3.1157
13.4282,0.7984,3.425
13.4284,0.8174,3.5084
13.4286,0.8208,3.5228
13.4288,0.831,3.5649
13.4290,0.8449,3.6212
13.4292,0.9231,3.9507
13.4294,1.036,4.4362
13.4296,1.0424,4.453
13.4298,1.0981,4.6956
13.4300,1.1123,4.7517
13.4302,1.11,4.7441
13.4304,1.1427,4.8886
13.4306,1.0589,4.5407
13.4308,0.9817,4.1977
13.4310,1.1138,4.765
13.4312,1.0412,4.4521
13.4314,1.0589,4.5301
13.4316,1.0335,4.4316
13.4318,0.8857,3.8065
13.4320,0.8023,3.4451
13.4322,0.8942,3.8288
13.4324,1.0259,4.391
13.4326,1.0078,4.3176
13.4328,1.0074,4.3135
13.4330,1.0509,4.4999
13.4332,1.0629,4.5534
13.4334,0.9659,4.1532
13.4336,0.8226,3.5289
13.4338,0.9665,4.1384
13.4340,0.9957,4.2757
13.4342,0.8759,3.763
13.4344,0.8395,3.6031
13.4346,0.843,3.6247
13.4348,0.7968,3.4278
13.4350,0.7878,3.386
13.4352,0.7844,3.3716
13.4354,0.8217,3.5302
13.4356,0.8568,3.6823
13.4358,0.7683,3.3004
13.4360,0.7916,3.3977
13.4362,0.843,3.6214
13.4364,0.8431,3.6236
13.4366,0.8604,3.6961
13.4368,0.792,3.4072
13.4370,0.74,3.1804
13.4372,0.8034,3.4546
13.4374,0.7889,3.3875
13.4376,0.8366,3.5924
13.4378,0.865,3.7144
13.4380,0.8721,3.7466
13.4382,0.8558,3.6765
13.4384,0.7925,3.4093
13.4386,0.7569,3.2561
13.4388,0.7409,3.1889
13.4390,0.6847,2.9469
13.4392,0.679,2.9226
13.4394,0.6426,2.7722
13.4396,0.594,2.5615
13.4398,0.6313,2.721
13.4400,0.6039,2.6039
13.4402,0.5932,2.5555
13.4404,0.6383,2.751
13.4406,0.6729,2.8909
13.4408,0.7931,3.4071
13.4410,0.7594,3.2714
13.4412,0.669,2.8833
13.4414,0.6511,2.8037
13.4416,0.6148,2.6497
13.4418,0.5987,2.5804
13.4420,0.6045,2.6077
13.4422,0.5353,2.3081
13.4424,0.5258,2.2694
13.4426,0.5253,2.2662
13.4428,0.5416,2.3355
13.4430,0.538,2.3222
13.4432,0.5294,2.2859
13.4434,0.5276,2.2771
13.4436,0.5275,2.2745
13.4438,0.533,2.2983
13.4440,0.601,2.5866
13.4442,0.6715,2.8914
13.4444,0.5818,2.5099
13.4446,0.5264,2.272
13.4448,0.5265,2.2735
13.4450,0.5258,2.2683
13.4452,0.5311,2.29
13.4454,0.527,2.2724
13.4456,0.5236,2.259
13.4458,0.5374,2.3174
13.4460,0.559,2.4094
13.4462,0.5832,2.5161
13.4464,0.57,2.4581
13.4466,0.556,2.3964
13.4468,0.5659,2.4388
13.4470,0.5667,2.4447
13.4472,0.544,2.3415
13.4474,0.6408,2.758
13.4476,0.688,2.9627
13.4478,0.654,2.8148
13.4480,0.6755,2.9071
13.4482,0.6618,2.8496
13.4484,0.6841,2.9416
13.4486,0.7039,3.0266
13.4488,0.6974,3.0016
13.4490,0.7005,3.0108
13.4492,0.7348,3.1655
13.4494,0.6647,2.8633
13.4496,0.644,2.7719
13.4498,0.6799,2.9303
13.4500,0.6456,2.7786
13.4502,0.6479,2.7897
13.4504,0.6414,2.7606
13.4506,0.6659,2.8658
13.4508,0.6951,2.989
13.4510,0.6888,2.963
13.4512,0.7383,3.1746
13.4514,0.7464,3.2127
13.4516,0.6975,2.9993
13.4518,0.6832,2.9393
13.4520,0.675,2.9064
13.4522,0.6615,2.8473
13.4524,0.648,2.7915
13.4526,0.6225,2.6765
13.4528,0.6934,2.9818
13.4530,0.6981,3.0033
13.4532,0.7183,3.0871
13.4534,0.7627,3.2752
13.4536,0.7548,3.2427
13.4538,0.8009,3.439
13.4540,0.8448,3.6274
13.4542,0.8528,3.6653
13.4544,0.7301,3.141
13.4546,0.7344,3.1581
13.4548,0.7108,3.0622
13.4550,0.6573,2.8292
13.4552,0.621,2.6753
13.4554,0.6102,2.6276
13.4556,0.6245,2.689
13.4558,0.5831,2.5121
13.4560,0.575,2.4781
13.4562,0.6408,2.7605
13.4564,0.6162,2.6534
13.4566,0.5832,2.5161
13.4568,0.4969,2.1446
13.4570,0.4973,2.1402
13.4572,0.6043,2.6059
13.4574,0.543,2.3445
13.4576,0.4642,2.0061
13.4578,0.4169,1.8011
13.4580,0.4081,1.7612
13.4582,0.4408,1.9042
13.4584,0.3998,1.7278
13.4586,0.3919,1.6921
13.4588,0.386,1.6667
13.4590,0.3866,1.6708
13.4592,0.403,1.7386
13.4594,0.4728,2.0406
13.4596,0.4908,2.1173
13.4598,0.5312,2.2873
13.4600,0.5534,2.3873
13.4602,0.501,2.1582
13.4604,0.5483,2.3623
13.4606,0.5832,2.5103
13.4608,0.6617,2.8451
13.4610,0.7117,3.0573
13.4612,0.757,3.2566
13.4614,0.7305,3.1426
13.4616,0.7434,3.1864
13.4618,0.9153,3.9247
13.4620,0.8745,3.7516
13.4622,0.8665,3.7137
13.4624,0.9116,3.9051
13.4626,0.9723,4.1675
13.4628,0.9776,4.1901
13.4630,0.9774,4.191
13.4632,0.9072,3.8902
13.4634,0.9827,4.2136
13.4636,0.9644,4.1297
13.4638,0.9628,4.1244
13.4640,0.9905,4.2411
13.4642,1.08,4.6247
13.4644,1.0652,4.5653
13.4646,1.0081,4.3146
13.4648,1.0649,4.5621
13.4650,1.0478,4.4886
13.4652,0.939,4.0321
13.4654,0.9098,3.901
13.4656,0.9197,3.9474
13.4658,0.9117,3.9257
13.4660,0.6974,2.9974
13.4662,0.7433,3.1992
13.4664,0.7181,3.0909
13.4666,0.7144,3.0763
13.4668,0.7129,3.0653
13.4670,0.7306,3.1416
13.4672,0.7269,3.1271
13.4674,0.7406,3.1844
13.4676,0.8033,3.446
13.4678,0.9298,3.985
13.4680,0.9582,4.1087
13.4682,0.8668,3.7291
13.4684,0.7472,3.2128
13.4686,0.7743,3.3262
13.4688,0.7825,3.3664
13.4690,0.7781,3.3474
13.4692,0.7788,3.3473
13.4694,0.7998,3.4343
13.4696,0.861,3.6969
13.4698,0.8745,3.7551
13.4700,0.8613,3.6967
13.4702,0.8572,3.681
13.4704,0.8631,3.7096
13.4706,0.8564,3.6808
13.4708,0.8571,3.6822
13.4710,0.8384,3.5984
13.4712,0.8508,3.66
13.4714,0.7503,3.2262
13.4716,0.7626,3.2808
13.4718,0.7382,3.1741
13.4720,0.7945,3.4148
13.4722,0.822,3.5329
13.4724,0.8589,3.6882
13.4726,0.8731,3.7542
13.4728,0.7505,3.2302
13.4730,0.7336,3.1604
13.4732,0.6516,2.8083
13.4734,0.6123,2.6376
13.4736,0.6491,2.7936
13.4738,0.7096,3.0571
13.4740,0.7144,3.0763
13.4742,0.7264,3.1279
13.4744,0.6467,2.7872
13.4746,0.5378,2.32
13.4748,0.5491,2.3709
13.4750,0.4835,2.0896
13.4752,0.4512,1.9493
13.4754,0.4745,2.0479
13.4756,0.5175,2.2347
13.4758,0.5422,2.3413
13.4760,0.5305,2.2885
13.4762,0.5443,2.3469
13.4764,0.5612,2.4198
13.4766,0.5512,2.3769
13.4768,0.5639,2.4294
13.4770,0.5894,2.5448
13.4772,0.4956,2.1409
13.4774,0.4805,2.0737
13.4776,0.4704,2.0303
13.4778,0.4642,2.0034
13.4780,0.4595,1.9841
13.4782,0.4739,2.0443
13.4784,0.4949,2.1349
13.4786,0.4635,2.0021
13.4788,0.45,1.9441
13.4790,0.4879,2.1078
13.4792,0.4582,1.9784
13.4794,0.4573,1.9729
13.4796,0.5035,2.1741
13.4798,0.4693,2.0256
13.4800,0.4873,2.1023
13.4802,0.4488,1.9362
13.4804,0.4705,2.0298
13.4806,0.4703,2.0307
13.4808,0.5073,2.1907
13.4810,0.4553,1.966
13.4812,0.4573,1.9729
13.4814,0.4516,1.9499
13.4816,0.4314,1.8621
13.4818,0.4289,1.8521
13.4820,0.4326,1.8664
13.4822,0.4519,1.9506
13.4824,0.4503,1.9451
13.4826,0.434,1.8747
13.4828,0.4316,1.8617
13.4830,0.4314,1.8621
13.4832,0.4404,1.9009
13.4834,0.4449,1.9191
13.4836,0.4383,1.8898
13.4838,0.4843,2.0893
13.4840,0.5389,2.3204
13.4842,0.5856,2.5206
13.4844,0.579,2.4945
13.4846,0.6001,2.5818
13.4848,0.6533,2.8104
13.4850,0.565,2.4352
13.4852,0.5467,2.3572
13.4854,0.5296,2.2817
13.4856,0.5595,2.4092
13.4858,0.5854,2.5219
13.4860,0.5712,2.4609
13.4862,0.577,2.4857
13.4864,0.5865,2.5242
13.4866,0.6282,2.7013
13.4868,0.7249,3.114
13.4870,0.7228,3.1081
13.4872,0.6852,2.9448
13.4874,0.7034,3.0189
13.4876,0.7805,3.3561
13.4878,0.7304,3.1391
13.4880,0.7165,3.0793
13.4882,0.699,3.0041
13.4884,0.6618,2.8496
13.4886,0.6106,2.6292
13.4888,0.5943,2.5566
13.4890,0.5936,2.5546
13.4892,0.6548,2.821
13.4894,0.6302,2.7113
13.4896,0.6007,2.5892
13.4898,0.5543,2.3892
13.4900,0.595,2.5597
13.4902,0.6485,2.7884
13.4904,0.6347,2.7329
13.4906,0.603,2.5942
13.4908,0.6284,2.7048
13.4910,0.6239,2.6865
13.4912,0.6175,2.6603
13.4914,0.6053,2.604
13.4916,0.607,2.6112
13.4918,0.6561,2.824
13.4920,0.5506,2.3776
13.4922,0.4226,1.8246
13.4924,0.4108,1.7722
13.4926,0.4427,1.9107
13.4928,0.4965,2.1401
13.4930,0.5391,2.3247
13.4932,0.4951,2.1339
13.4934,0.5254,2.2605
13.4936,0.6678,2.8701
13.4938,0.7154,3.0733
13.4940,0.702,3.017
13.4942,0.7143,3.0701
13.4944,0.7267,3.1231
13.4946,0.7867,3.3782
13.4948,0.7247,3.1149
13.4950,0.7039,3.021
13.4952,0.8487,3.6376
13.4954,0.9186,3.9409
13.4956,0.9024,3.8697
13.4958,0.914,3.9135
13.4960,0.9656,4.1426
13.4962,0.8714,3.7417
13.4964,0.8192,3.5194
13.4966,0.7949,3.41
13.4968,0.8539,3.6614
13.4970,0.8554,3.6698
13.4972,0.8714,3.7417
13.4974,0.8372,3.5916
13.4976,0.8313,3.5681
13.4978,0.9012,3.8663
13.4980,0.9044,3.8779
13.4982,0.8782,3.7658
13.4984,0.8776,3.7667
13.4986,0.8552,3.6671
13.4988,0.8672,3.7237
13.4990,0.8253,3.5473
13.4992,0.8198,3.5203
13.4994,0.7907,3.3952
13.4996,0.788,3.3854
13.4998,0.7934,3.407
13.5000,0.8307,3.5655
13.5002,0.8813,3.7862
13.5004,0.7957,3.4216
13.5006,0.7908,3.3989
13.5008,0.7933,3.4049
13.5010,0.8053,3.458
13.5012,0.8412,3.6069
13.5014,0.9147,3.9239
13.5016,0.8792,3.7787
13.5018,0.7413,3.186
13.5020,0.7414,3.188
13.5022,0.7708,3.3143
13.5024,0.7757,3.3339
13.5026,0.7535,3.2371
13.5028,0.7573,3.2566
13.5030,0.7773,3.3406
13.5032,0.7747,3.3283
13.5034,0.8052,3.4591
13.5036,0.7902,3.4042
13.5038,0.7506,3.2187
13.5040,0.9244,3.9656
13.5042,0.8635,3.7008
13.5044,0.9004,3.8627
13.5046,0.9313,3.9954
13.5048,0.9089,3.9083
13.5050,0.7743,3.3247
13.5052,0.7901,3.3958
13.5054,0.7883,3.3928
13.5056,0.7966,3.4188
13.5058,0.8292,3.5638
13.5060,0.7564,3.2494
13.5062,0.7446,3.2049
13.5064,0.6988,3.0078
13.5066,0.725,3.113
13.5068,0.8292,3.5605
13.5070,0.8179,3.5186
13.5072,0.7558,3.2514
13.5074,0.7591,3.2613
13.5076,0.7803,3.3551
13.5078,0.7201,3.1034
13.5080,0.6171,2.657
13.5082,0.6355,2.7391
13.5084,0.6316,2.7233
13.5086,0.5987,2.5804
13.5088,0.5888,2.5375
13.5090,0.5908,2.5487
13.5092,0.5907,2.5434
13.5094,0.6009,2.5873
13.5096,0.6149,2.649
13.5098,0.638,2.7487
13.5100,0.6686,2.8804
13.5102,0.7048,3.0294
13.5104,0.7346,3.1586
13.5106,0.7611,3.2711
13.5108,0.754,3.2437
13.5110,0.6891,2.9687
13.5112,0.6479,2.791
13.5114,0.6419,2.7639
13.5116,0.6521,2.8052
13.5118,0.7113,3.0629
13.5120,0.6454,2.7841
13.5122,0.5738,2.4729
13.5124,0.5467,2.3561
13.5126,0.5419,2.3376
13.5128,0.5416,2.3366
13.5130,0.5438,2.3437
13.5132,0.5511,2.372
13.5134,0.6753,2.908
13.5136,0.6485,2.7962
13.5138,0.5558,2.3943
13.5140,0.6148,2.6472
13.5142,0.6266,2.7008
13.5144,0.5776,2.4906
13.5146,0.5366,2.3149
13.5148,0.5305,2.2885
13.5150,0.5304,2.2869
13.5152,0.5691,2.4516
13.5154,0.6118,2.6368
13.5156,0.6382,2.7479
13.5158,0.6346,2.7312
13.5160,0.6364,2.7376
13.5162,0.6487,2.7946
13.5164,0.5958,2.5692
13.5166,0.58,2.4952
13.5168,0.684,2.9479
13.5170,0.5927,2.5534
13.5172,0.6547,2.8165
13.5174,0.6812,2.9292
13.5176,0.6928,2.9806
13.5178,0.6661,2.8682
13.5180,0.6623,2.8517
13.5182,0.6539,2.8155
13.5184,0.6599,2.8374
13.5186,0.697,3.0014
13.5188,0.6636,2.856
13.5190,0.6583,2.832
13.5192,0.6554,2.8209
13.5194,0.6766,2.9082
13.5196,0.7884,3.387
13.5198,0.7756,3.3303
13.5200,0.8343,3.5843
13.5202,0.7504,3.2312
13.5204,0.6693,2.8822
13.5206,0.6386,2.7551
13.5208,0.5324,2.2957
13.5210,0.5043,2.1757
13.5212,0.5058,2.1809
13.5214,0.5373,2.3169
13.5216,0.5563,2.3975
13.5218,0.5918,2.5516
13.5220,0.5751,2.4763
13.5222,0.6157,2.6526
13.5224,0.6139,2.6387
13.5226,0.7082,3.048
13.5228,0.6931,2.983
13.5230,0.7167,3.0818
13.5232,0.7602,3.2735
13.5234,0.6109,2.6331
13.5236,0.5427,2.3369
13.5238,0.6159,2.6519
13.5240,0.6438,2.7735
13.5242,0.6169,2.6528
13.5244,0.5916,2.5499
13.5246,0.5175,2.2326
13.5248,0.5036,2.1766
13.5250,0.409,1.7669
13.5252,0.3977,1.7158
13.5254,0.4402,1.9016
13.5256,0.3895,1.6825
13.5258,0.4463,1.9245
13.5260,0.4961,2.14
13.5262,0.5194,2.2367
13.5264,0.5422,2.3348
13.5266,0.5614,2.4197
13.5268,0.596,2.5662
13.5270,0.6246,2.6883
13.5272,0.6379,2.743
13.5274,0.6765,2.905
13.5276,0.7353,3.1588
13.5278,0.7319,3.1444
13.5280,0.81,3.4781
13.5282,0.8349,3.5852
13.5284,0.8053,3.458
13.5286,0.8327,3.5737
13.5288,0.9034,3.8647
13.5290,1.0823,4.6279
13.5292,1.0769,4.6049
13.5294,1.0775,4.6096
13.5296,1.0406,4.4578
13.5298,1.009,4.3207
13.5300,1.0548,4.5063
13.5302,1.0575,4.5218
13.5304,1.1066,4.732
13.5306,1.0983,4.7093
13.5308,0.9997,4.2846
13.5310,0.9729,4.172
13.5312,0.9713,4.1667
13.5314,0.9592,4.1109
13.5316,0.9463,4.0616
13.5318,0.9439,4.0438
13.5320,1.0053,4.3088
13.5322,0.9992,4.2846
13.5324,0.9339,4.01
13.5326,0.909,3.9034
13.5328,0.8764,3.7668
13.5330,0.7649,3.2921
13.5332,0.7373,3.1734
13.5334,0.7229,3.1101
13.5336,0.7039,3.028
13.5338,0.698,3.0056
13.5340,0.6876,2.9579
13.5342,0.7771,3.3401
13.5344,0.8443,3.627
13.5346,0.8014,3.449
13.5348,0.7213,3.1028
13.5350,0.7107,3.0574
13.5352,0.718,3.0875
13.5354,0.7011,3.0204
13.5356,0.66,2.8432
13.5358,0.7137,3.0703
13.5360,0.7593,3.2648
13.5362,0.8018,3.4463
13.5364,0.8335,3.584
13.5366,0.685,2.9498
13.5368,0.6591,2.8369
13.5370,0.7221,3.1093
13.5372,0.7022,3.0222
13.5374,0.7385,3.1727
13.5376,0.8203,3.5306
13.5378,0.7468,3.2157
13.5380,0.6342,2.7334
13.5382,0.6064,2.6123
13.5384,0.6049,2.6061
13.5386,0.6639,2.8616
13.5388,0.6479,2.7845
13.5390,0.7185,3.0953
13.5392,0.6743,2.902
13.5394,0.7078,3.0465
13.5396,0.6517,2.8076
13.5398,0.6805,2.9275
13.5400,0.78,3.3509
13.5402,0.7551,3.2498
13.5404,0.6294,2.714
13.5406,0.5822,2.5114
13.5408,0.6106,2.6292
13.5410,0.607,2.6185
13.5412,0.5548,2.3968
13.5414,0.4805,2.0737
13.5416,0.4764,2.0561
13.5418,0.4855,2.0955
13.5420,0.4981,2.1508
13.5422,0.451,1.9491
13.5424,0.4033,1.7437
13.5426,0.3977,1.7206
13.5428,0.401,1.733
13.5430,0.4003,1.7275
13.5432,0.4482,1.9345
13.5434,0.451,1.9473
13.5436,0.4443,1.9192
13.5438,0.4455,1.9226
13.5440,0.4488,1.9389
13.5442,0.4523,1.9512
13.5444,0.5217,2.2518
13.5446,0.4639,2.0023
13.5448,0.447,1.9302
13.5450,0.4868,2.0982
13.5452,0.4994,2.1545
13.5454,0.4521,1.9511
13.5456,0.445,1.9197
13.5458,0.4784,2.0669
13.5460,0.4511,1.9478
13.5462,0.4584,1.9785
13.5464,0.4547,1.9634
13.5466,0.4445,1.9185
13.5468,0.4493,1.9392
13.5470,0.4646,2.0045
13.5472,0.4915,2.1174
13.5474,0.5361,2.3085
13.5476,0.5475,2.3608
13.5478,0.5644,2.4326
13.5480,0.5892,2.5361
13.5482,0.6311,2.7137
13.5484,0.6647,2.8607
13.5486,0.6308,2.7139
13.5488,0.6534,2.8122
13.5490,0.6487,2.7908
13.5492,0.6841,2.9416
13.5494,0.6594,2.8433
13.5496,0.5465,2.3556
13.5498,0.5711,2.4593
13.5500,0.6504,2.7967
13.5502,0.6732,2.8973
13.5504,0.6292,2.7054
13.5506,0.6324,2.7206
13.5508,0.6557,2.8207
13.5510,0.7139,3.0671
13.5512,0.7551,3.2453
13.5514,0.7547,3.2422
13.5516,0.7797,3.3478
13.5518,0.7547,3.2483
13.5520,0.6617,2.8504
13.5522,0.5872,2.5261
13.5524,0.6311,2.7137
13.5526,0.6703,2.8823
13.5528,0.7131,3.0692
13.5530,0.6595,2.8359
13.5532,0.6912,2.972
13.5534,0.6605,2.8453
13.5536,0.5406,2.3298
13.5538,0.5325,2.2952
13.5540,0.5187,2.2357
13.5542,0.5685,2.4468
13.5544,0.6332,2.7267
13.5546,0.6065,2.6128
13.5548,0.5897,2.5405
13.5550,0.5735,2.4719
13.5552,0.5896,2.54
13.5554,0.5762,2.481
13.5556,0.5768,2.4824
13.5558,0.5948,2.5598
13.5560,0.6641,2.8581
13.5562,0.66,2.8379
13.5564,0.6421,2.7624
13.5566,0.6618,2.847
13.5568,0.6558,2.8264
13.5570,0.5795,2.4954
13.5572,0.5835,2.5136
13.5574,0.5107,2.2031
13.5576,0.4375,1.8911
13.5578,0.3931,1.698
13.5580,0.4009,1.7301
13.5582,0.4069,1.7568
13.5584,0.4041,1.7457
13.5586,0.4053,1.7484
13.5588,0.4636,1.998
13.5590,0.4764,2.0542
13.5592,0.498,2.1463
13.5594,0.5187,2.2347
13.5596,0.5294,2.2838
13.5598,0.5028,2.164
13.5600,0.6129,2.6341
13.5602,0.6286,2.7079
13.5604,0.6245,2.6853
13.5606,0.6926,2.9782
13.5608,0.6469,2.783
13.5610,0.654,2.8082
13.5612,0.8378,3.5875
13.5614,0.9563,4.0929
13.5616,0.9793,4.1992
13.5618,0.912,3.9144
13.5620,0.8443,3.6237
13.5622,0.8356,3.5816
13.5624,0.8744,3.7511
13.5626,0.858,3.6755
13.5628,0.9413,4.0362
13.5630,0.9659,4.1378
13.5632,1.0058,4.3028
13.5634,1.0244,4.3864
13.5636,1.0355,4.43
13.5638,1.034,4.4254
13.5640,1.013,4.3457
13.5642,0.9413,4.0306
13.5644,1.0108,4.3304
13.5646,0.9794,4.2056
13.5648,0.8693,3.726
13.5650,0.9209,3.9525
13.5652,0.8198,3.5236
13.5654,0.7456,3.2031
13.5656,0.7113,3.06
13.5658,0.6898,2.9691
13.5660,0.7073,3.043
13.5662,0.7132,3.0697
13.5664,0.6879,2.9553
13.5666,0.7612,3.2685
13.5668,0.816,3.5006
13.5670,0.9262,3.9789
13.5672,0.8443,3.622
13.5674,0.886,3.8063
13.5676,0.8707,3.7386
13.5678,0.8751,3.7577
13.5680,0.8003,3.4364
13.5682,0.8566,3.675
13.5684,0.8825,3.7878
13.5686,0.8595,3.6925
13.5688,0.8249,3.5403
13.5690,0.8635,3.7146
13.5692,0.8089,3.4783
13.5694,0.7852,3.3731
13.5696,0.8026,3.4526
13.5698,0.8042,3.455
13.5700,0.8149,3.5025
13.5702,0.736,3.1663
13.5704,0.6918,2.9773
13.5706,0.6715,2.8914
13.5708,0.7067,3.0418
13.5710,0.7645,3.2875
13.5712,0.7861,3.3756
13.5714,0.8402,3.6078
13.5716,0.8749,3.7549
13.5718,0.9311,3.9944
13.5720,0.8961,3.8496
13.5722,0.8268,3.5551
13.5724,0.8263,3.5514
13.5726,0.7813,3.3582
13.5728,0.7861,3.3772
13.5730,0.8056,3.4574
13.5732,0.9455,4.0467
13.5734,1.0642,4.5697
13.5736,0.895,3.8557
13.5738,0.6979,3.005
13.5740,0.6793,2.9264
13.5742,0.6968,3.0018
13.5744,0.6842,2.9462
13.5746,0.6769,2.9106
13.5748,0.7119,3.0697
13.5750,0.5995,2.5828
13.5752,0.6169,2.659
13.5754,0.5772,2.4902
13.5756,0.5822,2.5103
13.5758,0.6052,2.6071
13.5760,0.5895,2.5418
13.5762,0.6215,2.6774
13.5764,0.7138,3.0666
13.5766,0.7671,3.303
13.5768,0.6487,2.7959
13.5770,0.6113,2.6359
13.5772,0.5348,2.3092
13.5774,0.5258,2.2704
13.5776,0.5259,2.2667
13.5778,0.5304,2.2869
13.5780,0.5756,2.4818
13.5782,0.5647,2.4348
13.5784,0.5499,2.3723
13.5786,0.5476,2.3603
13.5788,0.5892,2.542
13.5790,0.5617,2.423
13.5792,0.5497,2.3713
13.5794,0.545,2.3467
13.5796,0.6178,2.6601
13.5798,0.6028,2.6004
13.5800,0.5372,2.3185
13.5802,0.5324,2.2957
13.5804,0.5696,2.456
13.5806,0.5264,2.2698
13.5808,0.5228,2.2554
13.5810,0.5268,2.2725
13.5812,0.5389,2.3215
13.5814,0.5948,2.5634
13.5816,0.5408,2.3308
13.5818,0.5412,2.3345
13.5820,0.53,2.2875
13.5822,0.5245,2.2626
13.5824,0.5251,2.2631
13.5826,0.5474,2.3592
13.5828,0.531,2.2874
13.5830,0.5983,2.5765
13.5832,0.5968,2.5734
13.5834,0.5543,2.387
13.5836,0.6311,2.7137
13.5838,0.7316,3.1443
13.5840,0.7585,3.2633
13.5842,0.7226,3.1056
13.5844,0.6756,2.9077
13.5846,0.6341,2.7291
13.5848,0.6428,2.7693
13.5850,0.6503,2.7975
13.5852,0.6907,2.9713
13.5854,0.7022,3.0194
13.5856,0.7497,3.2251
13.5858,0.7109,3.0556
13.5860,0.6998,3.0133
13.5862,0.6293,2.711
13.5864,0.6078,2.6173
13.5866,0.6078,2.6161
13.5868,0.6204,2.6715
13.5870,0.6583,2.8333
13.5872,0.7183,3.0842
13.5874,0.7805,3.3546
13.5876,0.7677,3.3009
13.5878,0.7277,3.1278
13.5880,0.7371,3.1636
13.5882,0.792,3.4024
13.5884,0.8541,3.6624
13.5886,0.8936,3.837
13.5888,0.8511,3.6479
13.5890,0.9283,3.9789
13.5892,0.8366,3.6008
13.5894,0.6991,3.0074
13.5896,0.7195,3.0879
13.5898,0.7747,3.3345
13.5900,0.6223,2.6872
13.5902,0.5063,2.185
13.5904,0.5043,2.1757
13.5906,0.4933,2.1291
13.5908,0.4823,2.0796
13.5910,0.5591,2.4043
13.5912,0.6554,2.8183
13.5914,0.6901,2.9729
13.5916,0.5886,2.5358
13.5918,0.5635,2.4285
13.5920,0.5583,2.4074
13.5922,0.5659,2.4422
13.5924,0.5132,2.214
13.5926,0.5527,2.3776
13.5928,0.609,2.6237
13.5930,0.6312,2.718
13.5932,0.6179,2.6594
13.5934,0.6374,2.7435
13.5936,0.7081,3.0433
13.5938,0.7671,3.2984
13.5940,0.6853,2.9481
13.5942,0.6734,2.8903
13.5944,0.834,3.5744
13.5946,0.9138,3.9185
13.5948,0.9229,3.952
13.5950,0.9699,4.1553
13.5952,0.9726,4.1704
13.5954,0.962,4.1214
13.5956,0.9817,4.2095
13.5958,0.9053,3.8784
13.5960,1.0137,4.3387
13.5962,1.0854,4.6413
13.5964,1.125,4.8195
13.5966,1.0986,4.6955
13.5968,1.1349,4.853
13.5970,1.1424,4.9008
13.5972,0.9497,4.0703
13.5974,0.9769,4.189
13.5976,0.9461,4.0587
13.5978,0.9086,3.8977
13.5980,0.9171,3.9361
13.5982,0.8993,3.8635
13.5984,0.8839,3.7988
13.5986,0.8346,3.5836
13.5988,0.8794,3.7727
13.5990,0.9337,4.0057
13.5992,0.8866,3.8107
13.5994,0.878,3.7683
13.5996,0.8894,3.8172
13.5998,0.8745,3.7621
13.6000,0.7425,3.1956
13.6002,0.7734,3.321
13.6004,0.8473,3.6416
13.6006,0.7545,3.2487
13.6008,0.6921,2.9872
13.6010,0.6199,2.6744
13.6012,0.5982,2.5784
13.6014,0.6888,2.9672
13.6016,0.6389,2.7536
13.6018,0.66,2.8419
13.6020,0.6756,2.905
13.6022,0.7353,3.1603
13.6024,0.789,3.3943
13.6026,0.7269,3.1314
13.6028,0.6868,2.9589
13.6030,0.7095,3.0509
13.6032,0.7645,3.286
13.6034,0.7901,3.3974
13.6036,0.7798,3.3546
13.6038,0.7667,3.2983
13.6040,0.7752,3.3334
13.6042,0.7277,3.1365
13.6044,0.6951,2.9946
13.6046,0.6648,2.8652
13.6048,0.6069,2.6156
13.6050,0.5965,2.5711
13.6052,0.6559,2.8256
13.6054,0.6595,2.8411
13.6056,0.6419,2.7639
13.6058,0.6548,2.8223
13.6060,0.6964,2.9919
13.6062,0.8165,3.5157
13.6064,0.6389,2.7574
13.6066,0.5668,2.443
13.6068,0.6462,2.7864
13.6070,0.5741,2.4768
13.6072,0.5053,2.1809
13.6074,0.5163,2.2295
13.6076,0.5361,2.3139
13.6078,0.5456,2.3515
13.6080,0.6205,2.6745
13.6082,0.6373,2.7494
13.6084,0.5706,2.4595
13.6086,0.5722,2.4674
13.6088,0.5565,2.4019
13.6090,0.5742,2.4739
13.6092,0.6564,2.8251
13.6094,0.6601,2.8437
13.6096,0.6313,2.7197
13.6098,0.6713,2.8891
13.6100,0.722,3.1103
13.6102,0.5584,2.409
13.6104,0.4892,2.1125
13.6106,0.4781,2.0653
13.6108,0.4501,1.9419
13.6110,0.4949,2.1368
13.6112,0.4798,2.0716
13.6114,0.4759,2.0522
13.6116,0.5139,2.2192
13.6118,0.4549,1.9653
13.6120,0.4489,1.9394
13.6122,0.4492,1.9396
13.6124,0.4518,1.9501
13.6126,0.4471,1.9317
13.6128,0.4469,1.9306
13.6130,0.4459,1.9256
13.6132,0.4458,1.9233
13.6134,0.448,1.9344
13.6136,0.4518,1.9482
13.6138,0.4975,2.1452
13.6140,0.5319,2.2958
13.6142,0.5202,2.243
13.6144,0.551,2.3747
13.6146,0.5519,2.38
13.6148,0.5414,2.3356
13.6150,0.5406,2.3319
13.6152,0.4846,2.0904
13.6154,0.4601,1.9867
13.6156,0.4595,1.9832
13.6158,0.4587,1.9777
13.6160,0.5438,2.3405
13.6162,0.5669,2.4457
13.6164,0.5742,2.4739
13.6166,0.6066,2.606
13.6168,0.6794,2.9215
13.6170,0.6764,2.9099
13.6172,0.6813,2.9311
13.6174,0.669,2.8779
13.6176,0.6323,2.7226
13.6178,0.5722,2.4662
13.6180,0.5659,2.4388
13.6182,0.6184,2.6578
13.6184,0.7043,3.0287
13.6186,0.7119,3.0626
13.6188,0.7,3.0087
13.6190,0.7149,3.0741
13.6192,0.7353,3.1647
13.6194,0.669,2.8819
13.6196,0.5983,2.5789
13.6198,0.6076,2.6187
13.6200,0.5888,2.5375
13.6202,0.5914,2.543
13.6204,0.6818,2.9318
13.6206,0.6889,2.9649
13.6208,0.6332,2.7267
13.6210,0.568,2.4447
13.6212,0.569,2.4523
13.6214,0.5764,2.4843
13.6216,0.5946,2.5593
13.6218,0.5951,2.5649
13.6220,0.5214,2.2513
13.6222,0.4429,1.9091
13.6224,0.5023,2.1649
13.6226,0.4668,2.0166
13.6228,0.3967,1.7136
13.6230,0.3934,1.6996
13.6232,0.3849,1.662
13.6234,0.3855,1.6646
13.6236,0.3911,1.6897
13.6238,0.3923,1.6934
13.6240,0.4176,1.8
13.6242,0.4367,1.8866
13.6244,0.3931,1.698
13.6246,0.3915,1.6897
13.6248,0.3905,1.6872
13.6250,0.3943,1.704
13.6252,0.4181,1.8038
13.6254,0.4162,1.7938
13.6256,0.4704,2.0256
13.6258,0.5473,2.3598
13.6260,0.5305,2.2853
13.6262,0.594,2.5543
13.6264,0.6539,2.8116
13.6266,0.6548,2.8158
13.6268,0.7301,3.1381
13.6270,0.725,3.1116
13.6272,0.778,3.3406
13.6274,0.806,3.4563
13.6276,0.8719,3.7385
13.6278,0.853,3.6561
13.6280,0.9171,3.9287
13.6282,0.9765,4.1777
13.6284,0.9956,4.2652
13.6286,0.9901,4.2396
13.6288,1.0039,4.2966
13.6290,0.9907,4.2402
13.6292,0.9448,4.0493
13.6294,0.9381,4.0186
13.6296,0.9835,4.2133
13.6298,0.9815,4.2065
13.6300,0.981,4.2025
13.6302,0.9771,4.1861
13.6304,0.9792,4.1929
13.6306,0.9643,4.1311
13.6308,0.8731,3.7472
13.6310,0.85,3.6501
13.6312,0.8509,3.652
13.6314,0.8746,3.7504
13.6316,0.839,3.601
13.6318,0.7994,3.4376
13.6320,0.7759,3.3334
13.6322,0.7861,3.3803
13.6324,0.7461,3.2051
13.6326,0.7892,3.389
13.6328,0.8801,3.7758
13.6330,0.914,3.9208
13.6332,0.9185,3.933
13.6334,0.9448,4.0474
13.6336,0.9521,4.0844
13.6338,0.8824,3.7856
13.6340,0.8957,3.8409
13.6342,0.9491,4.0735
13.6344,0.891,3.8262
13.6346,0.8204,3.5262
13.6348,0.8382,3.6008
13.6350,0.8486,3.6422
13.6352,0.8835,3.7902
13.6354,0.8627,3.7046
13.6356,0.8571,3.6856
13.6358,0.8091,3.4745
13.6360,0.8469,3.6367
13.6362,0.8414,3.6164
13.6364,0.8345,3.5865
13.6366,0.7981,3.4287
13.6368,0.7871,3.3813
13.6370,0.8264,3.5552
13.6372,0.7746,3.3324
13.6374,0.775,3.3308
13.6376,0.7216,3.1044
13.6378,0.7124,3.0675
13.6380,0.7073,3.0402
13.6382,0.7553,3.2478
13.6384,0.7174,3.0892
13.6386,0.6955,2.9947
13.6388,0.6885,2.9648
13.6390,0.6932,2.9807
13.6392,0.7626,3.2762
13.6394,0.8592,3.6892
13.6396,0.8686,3.7368
13.6398,0.6639,2.8602
13.6400,0.5886,2.537
13.6402,0.5824,2.5113
13.6404,0.5882,2.5373
13.6406,0.5967,2.5728
13.6408,0.5554,2.3961
13.6410,0.495,2.1373
13.6412,0.4799,2.0721
13.6414,0.4967,2.1406
13.6416,0.5539,2.3894
13.6418,0.5566,2.399
13.6420,0.5579,2.4058
13.6422,0.5332,2.3015
13.6424,0.534,2.3046
13.6426,0.592,2.5444
13.6428,0.765,3.2881
13.6430,0.6722,2.8999
13.6432,0.5304,2.288
13.6434,0.5233,2.2554
13.6436,0.5258,2.2662
13.6438,0.5268,2.2746
13.6440,0.5245,2.2616
13.6442,0.523,2.2543
13.6444,0.5266,2.2719
13.6446,0.5266,2.2719
13.6448,0.5262,2.2688
13.6450,0.5504,2.3711
13.6452,0.5263,2.2704
13.6454,0.5215,2.2497
13.6456,0.5456,2.3526
13.6458,0.5323,2.2941
13.6460,0.5901,2.5385
13.6462,0.7156,3.0757
13.6464,0.7891,3.3948
13.6466,0.6744,2.9038
13.6468,0.6296,2.7113
13.6470,0.6266,2.6983
13.6472,0.6248,2.6918
13.6474,0.6488,2.7952
13.6476,0.6629,2.8529
13.6478,0.6606,2.8418
13.6480,0.6826,2.9395
13.6482,0.6842,2.9448
13.6484,0.6577,2.8334
13.6486,0.6244,2.6885
13.6488,0.6199,2.6707
13.6490,0.6275,2.702
13.6492,0.6717,2.8898
13.6494,0.7356,3.1618
13.6496,0.7267,3.1231
13.6498,0.7757,3.3324
13.6500,0.79,3.3968
13.6502,0.7541,3.2427
13.6504,0.7714,3.3169
13.6506,0.7234,3.1136
13.6508,0.626,2.697
13.6510,0.6073,2.6176
13.6512,0.5708,2.4577
13.6514,0.6096,2.6214
13.6516,0.7231,3.1091
13.6518,0.6762,2.9102
13.6520,0.675,2.9064
13.6522,0.6227,2.6825
13.6524,0.6093,2.6247
13.6526,0.6902,2.9665
13.6528,0.7974,3.4272
13.6530,0.7187,3.0934
13.6532,0.6518,2.8068
13.6534,0.6723,2.8924
13.6536,0.6535,2.814
13.6538,0.6493,2.7933
13.6540,0.7021,3.0189
13.6542,0.7124,3.0661
13.6544,0.687,2.9539
13.6546,0.7181,3.0837
13.6548,0.7817,3.3613
13.6550,0.7054,3.0362
13.6552,0.6578,2.8352
13.6554,0.6361,2.7391
13.6556,0.5738,2.4752
13.6558,0.5047,2.1763
13.6560,0.5686,2.4519
13.6562,0.5867,2.5252
13.6564,0.6529,2.814
13.6566,0.5786,2.4913
13.6568,0.5529,2.3852
13.6570,0.4757,2.053
13.6572,0.4662,2.015
13.6574,0.4686,2.0225
13.6576,0.4644,2.0035
13.6578,0.4708,2.0309
13.6580,0.4655,2.01
13.6582,0.4623,1.9942
13.6584,0.4732,2.0412
13.6586,0.4817,2.076
13.6588,0.5226,2.2502
13.6590,0.5575,2.4015
13.6592,0.603,2.5966
13.6594,0.6943,2.9812
13.6596,0.7823,3.3607
13.6598,0.7623,3.2716
13.6600,0.7901,3.3958
13.6602,0.7506,3.2247
13.6604,0.7657,3.2866
13.6606,0.7862,3.3746
13.6608,0.8196,3.5176
13.6610,0.8949,3.8337
13.6612,0.9699,4.1533
13.6614,0.9783,4.1912
13.6616,0.993,4.2579
13.6618,0.964,4.1354
13.6620,0.9699,4.1553
13.6622,0.9769,4.1909
13.6624,0.899,3.8565
13.6626,0.9479,4.0607
13.6628,1.0154,4.3499
13.6630,0.9998,4.2752
13.6632,1.095,4.691
13.6634,0.9982,4.2765
13.6636,1.0372,4.4434
13.6638,1.055,4.5195
13.6640,1.0263,4.3987
13.6642,0.9659,4.1436
13.6644,0.9391,4.0251
13.6646,0.9707,4.17
13.6648,0.8846,3.8037
13.6650,0.7588,3.2673
13.6652,0.6855,2.9519
13.6654,0.7535,3.2356
13.6656,0.8487,3.6427
13.6658,0.8548,3.6741
13.6660,0.777,3.3427
13.6662,0.782,3.3613
13.6664,0.8231,3.5342
13.6666,0.8321,3.5795
13.6668,0.8129,3.4937
13.6670,0.8072,3.4695
13.6672,0.8277,3.5543
13.6674,0.8144,3.502
13.6676,0.7607,3.2726
13.6678,0.7756,3.3319
13.6680,0.7889,3.389
13.6682,0.7738,3.3334
13.6684,0.7094,3.056
13.6686,0.7114,3.0634
13.6688,0.7256,3.1214
13.6690,0.746,3.2061
13.6692,0.7873,3.3808
13.6694,0.8354,3.5973
13.6696,0.7354,3.1667
13.6698,0.7545,3.2442
13.6700,0.7496,3.2246
13.6702,0.7585,3.2633
13.6704,0.7831,3.3643
13.6706,0.8327,3.5771
13.6708,0.8197,3.5247
13.6710,0.702,3.0254
13.6712,0.6395,2.7561
13.6714,0.628,2.709
13.6716,0.6042,2.6042
13.6718,0.5976,2.5758
13.6720,0.6282,2.7076
13.6722,0.6476,2.79
13.6724,0.6702,2.8831
13.6726,0.7714,3.3185
13.6728,0.7061,3.0435
13.6730,0.5974,2.5807
13.6732,0.5181,2.2394
13.6734,0.4359,1.8821
13.6736,0.4296,1.8534
13.6738,0.4805,2.0757
13.6740,0.4564,1.9715
13.6742,0.4516,1.9499
13.6744,0.456,1.9682
13.6746,0.506,2.1819
13.6748,0.5431,2.3428
13.6750,0.55,2.3728
13.6752,0.5404,2.3314
13.6754,0.5438,2.3459
13.6756,0.4968,2.1431
13.6758,0.5113,2.2078
13.6760,0.4636,2.0008
13.6762,0.4636,1.9989
13.6764,0.52,2.2414
13.6766,0.5425,2.3402
13.6768,0.5752,2.4814
13.6770,0.5552,2.3939
13.6772,0.5629,2.4237
13.6774,0.5459,2.3563
13.6776,0.465,2.0079
13.6778,0.4558,1.9662
13.6780,0.4939,2.1307
13.6782,0.465,2.0088
13.6784,0.4515,1.9485
13.6786,0.4477,1.9333
13.6788,0.4453,1.9221
13.6790,0.4386,1.8922
13.6792,0.445,1.9214
13.6794,0.4499,1.9427
13.6796,0.4619,1.9926
13.6798,0.4642,2.0034
13.6800,0.5019,2.1674
13.6802,0.4729,2.0392
13.6804,0.494,2.1312
13.6806,0.453,1.9561
13.6808,0.4655,2.0081
13.6810,0.4959,2.1385
13.6812,0.5031,2.1675
13.6814,0.4718,2.0355
13.6816,0.4367,1.8857
13.6818,0.4305,1.8579
13.6820,0.432,1.8638
13.6822,0.479,2.0685
13.6824,0.4565,1.9702
13.6826,0.4398,1.8983
13.6828,0.4414,1.9024
13.6830,0.5162,2.2228
13.6832,0.58,2.4928
13.6834,0.6426,2.7632
13.6836,0.6726,2.8934
13.6838,0.6627,2.8511
13.6840,0.68,2.9268
13.6842,0.5898,2.5398
13.6844,0.5537,2.3877
13.6846,0.5358,2.3091
13.6848,0.595,2.5585
13.6850,0.6579,2.8278
13.6852,0.6693,2.8781
13.6854,0.7184,3.089
13.6856,0.7803,3.3551
13.6858,0.6802,2.9251
13.6860,0.6481,2.7869
13.6862,0.6789,2.9207
13.6864,0.7118,3.0592
13.6866,0.7481,3.2139
13.6868,0.7006,3.0141
13.6870,0.6575,2.8271
13.6872,0.6806,2.9307
13.6874,0.6545,2.8168
13.6876,0.5883,2.5308
13.6878,0.6111,2.6276
13.6880,0.6427,2.7675
13.6882,0.5891,2.5379
13.6884,0.573,2.4687
13.6886,0.5506,2.371
13.6888,0.5594,2.4109
13.6890,0.576,2.4839
13.6892,0.5184,2.2321
13.6894,0.5377,2.3174
13.6896,0.5343,2.3018
13.6898,0.5706,2.4595
13.6900,0.5814,2.5025
13.6902,0.5842,2.5202
13.6904,0.4668,2.0166
13.6906,0.4137,1.7855
13.6908,0.406,1.7532
13.6910,0.4037,1.7425
13.6912,0.4575,1.9735
13.6914,0.4158,1.794
13.6916,0.3974,1.7159
13.6918,0.4034,1.741
13.6920,0.4491,1.9364
13.6922,0.5168,2.2254
13.6924,0.6308,2.7101
13.6926,0.712,3.0631
13.6928,0.6041,2.6013
13.6930,0.5944,2.5523
13.6932,0.704,3.0243
13.6934,0.7107,3.0518
13.6936,0.6962,2.9922
13.6938,0.7114,3.0577
13.6940,0.7726,3.3113
13.6942,0.8794,3.7692
13.6944,0.8515,3.6511
13.6946,0.8835,3.7867
13.6948,0.9222,3.9527
13.6950,0.9201,3.9452
13.6952,0.9038,3.8789
13.6954,0.8295,3.562
13.6956,0.7993,3.4323
13.6958,0.8244,3.5333
13.6960,0.916,3.9223
13.6962,0.992,4.2478
13.6964,0.9715,4.1581
13.6966,0.9656,4.1329
13.6968,0.9726,4.1685
13.6970,0.9433,4.0507
13.6972,0.8825,3.7825
13.6974,0.9391,4.0289
13.6976,0.8515,3.6545
13.6978,0.825,3.5441
13.6980,0.8084,3.4698
13.6982,0.8175,3.5089
13.6984,0.8153,3.504
13.6986,0.7649,3.2876
13.6988,0.7871,3.3813
13.6990,0.786,3.3751
13.6992,0.7926,3.405
13.6994,0.7786,3.3447
13.6996,0.8604,3.6943
13.6998,0.8765,3.7586
13.7000,0.8948,3.8403
13.7002,0.9161,3.9356
13.7004,0.8633,3.7072
13.7006,0.8271,3.5517
13.7008,0.7795,3.3551
13.7010,0.7196,3.0927
13.7012,0.7752,3.3334
13.7014,0.7673,3.2963
13.7016,0.7596,3.2679
13.7018,0.7757,3.3355
13.7020,0.7639,3.2819
13.7022,0.7589,3.2618
13.7024,0.7939,3.4091
13.7026,0.8181,3.5196
13.7028,0.7199,3.0972
13.7030,0.7543,3.2437
13.7032,0.712,3.0645
13.7034,0.6729,2.8976
13.7036,0.6653,2.8633
13.7038,0.7091,3.0465
13.7040,0.7599,3.2705
13.7042,0.6894,2.9684
13.7044,0.6945,2.9878
13.7046,0.6859,2.952
13.7048,0.6714,2.8842
13.7050,0.6958,2.9963
13.7052,0.6746,2.9022
13.7054,0.7388,3.1782
13.7056,0.7189,3.0882
13.7058,0.7966,3.4188
13.7060,0.7853,3.3767
13.7062,0.6844,2.9513
13.7064,0.5838,2.5163
13.7066,0.5777,2.4923
13.7068,0.5663,2.4409
13.7070,0.6272,2.6997
13.7072,0.6349,2.7352
13.7074,0.6179,2.6606
13.7076,0.6372,2.7438
13.7078,0.6282,2.7063
13.7080,0.6434,2.7655
13.7082,0.6994,3.0132
13.7084,0.6356,2.7396
13.7086,0.6175,2.6603
13.7088,0.6222,2.6755
13.7090,0.657,2.8237
13.7092,0.7083,3.0485
13.7094,0.7072,3.0411
13.7096,0.7129,3.0667
13.7098,0.6968,2.999
13.7100,0.6222,2.683
13.7102,0.579,2.4945
13.7104,0.6186,2.6687
13.7106,0.5533,2.3857
13.7108,0.5452,2.3499
13.7110,0.5451,2.3494
13.7112,0.5583,2.4063
13.7114,0.6072,2.6147
13.7116,0.6419,2.7626
13.7118,0.5865,2.5301
13.7120,0.5324,2.2968
13.7122,0.5336,2.2998
13.7124,0.6458,2.7771
13.7126,0.5741,2.4745
13.7128,0.5311,2.2911
13.7130,0.5269,2.273
13.7132,0.5262,2.2699
13.7134,0.5246,2.261
13.7136,0.5234,2.2569
13.7138,0.5239,2.259
13.7140,0.5311,2.289
13.7142,0.5277,2.2755
13.7144,0.5268,2.2703
13.7146,0.5447,2.3446
13.7148,0.6148,2.6472
13.7150,0.6061,2.6113
13.7152,0.6031,2.5983
13.7154,0.5534,2.3851
13.7156,0.5335,2.3004
13.7158,0.5322,2.2925
13.7160,0.6088,2.6226
13.7162,0.639,2.7515
13.7164,0.6819,2.9323
13.7166,0.7229,3.1086
13.7168,0.7443,3.1989
13.7170,0.7698,3.3056
13.7172,0.8023,3.4516
13.7174,0.6901,2.9701
13.7176,0.659,2.8338
13.7178,0.7324,3.1494
13.7180,0.73,3.139
13.7182,0.7033,3.0255
13.7184,0.7123,3.0613
13.7186,0.7155,3.0752
13.7188,0.7015,3.0107
13.7190,0.7735,3.3185
13.7192,0.8024,3.4537
13.7194,0.6765,2.9145
13.7196,0.683,2.941
13.7198,0.6611,2.8439
13.7200,0.6805,2.9247
13.7202,0.7408,3.1884
13.7204,0.7057,3.0358
13.7206,0.6828,2.9359
13.7208,0.6824,2.9302
13.7210,0.7059,3.0368
13.7212,0.6826,2.9395
13.7214,0.7059,3.0368
13.7216,0.6555,2.8215
13.7218,0.6308,2.7215
13.7220,0.5359,2.3085
13.7222,0.6028,2.5908
13.7224,0.6686,2.8844
13.7226,0.4474,1.9345
13.7228,0.3825,1.654
13.7230,0.3855,1.6662
13.7232,0.3874,1.6729
13.7234,0.3872,1.6726
13.7236,0.3857,1.6664
13.7238,0.385,1.6633
13.7240,0.3878,1.6752
13.7242,0.3877,1.6732
13.7244,0.3866,1.6693
13.7246,0.4143,1.7889
13.7248,0.3884,1.6778
13.7250,0.3985,1.719
13.7252,0.4468,1.9274
13.7254,0.4917,2.1185
13.7256,0.581,2.5005
13.7258,0.6403,2.7546
13.7260,0.6136,2.6384
13.7262,0.6478,2.7801
13.7264,0.754,3.2407
13.7266,0.7201,3.0977
13.7268,0.7277,3.1249
13.7270,0.8048,3.4511
13.7272,0.8656,3.7083
13.7274,0.8919,3.8226
13.7276,0.8673,3.7207
13.7278,0.8605,3.6914
13.7280,0.8765,3.7639
13.7282,0.8575,3.6786
13.7284,0.8689,3.7292
13.7286,0.8691,3.7285
13.7288,0.8559,3.6667
13.7290,0.967,4.1347
13.7292,0.9987,4.2765
13.7294,0.9901,4.2455
13.7296,0.9703,4.1607
13.7298,0.9552,4.0806
13.7300,1.1902,5.0822
13.7302,1.2243,5.2301
13.7304,1.1871,5.0666
13.7306,1.2378,5.2855
13.7308,1.2035,5.1463
13.7310,1.1038,4.7219
13.7312,1.0935,4.68
13.7314,1.0785,4.6158
13.7316,1.0836,4.6422
13.7318,0.9894,4.2444
13.7320,0.8853,3.7961
13.7322,0.9291,3.9801
13.7324,1.0273,4.4008
13.7326,1.0661,4.5694
13.7328,1.0426,4.4707
13.7330,0.9674,4.1483
13.7332,0.9241,3.9738
13.7334,0.7721,3.3216
13.7336,0.7811,3.354
13.7338,0.8685,3.7328
13.7340,0.8115,3.4913
13.7342,0.7561,3.2545
13.7344,0.7732,3.3231
13.7346,0.843,3.6214
13.7348,0.8015,3.4463
13.7350,0.7516,3.2288
13.7352,0.8348,3.5797
13.7354,0.8663,3.7201
13.7356,0.827,3.5595
13.7358,0.7138,3.0737
13.7360,0.7301,3.1396
13.7362,0.7648,3.2886
13.7364,0.7843,3.3695
13.7366,0.8395,3.6031
13.7368,0.8909,3.8292
13.7370,0.7936,3.4139
13.7372,0.7467,3.2107
13.7374,0.8227,3.5376
13.7376,0.8072,3.4727
13.7378,0.7611,3.2741
13.7380,0.8103,3.4813
13.7382,0.9069,3.8977
13.7384,0.8299,3.5685
13.7386,0.8318,3.5768
13.7388,0.8536,3.6723
13.7390,0.7569,3.2606
13.7392,0.7355,3.1672
13.7394,0.6662,2.8727
13.7396,0.5638,2.4289
13.7398,0.6233,2.6864
13.7400,0.641,2.7629
13.7402,0.6567,2.8253
13.7404,0.7087,3.0558
13.7406,0.6069,2.6192
13.7408,0.5364,2.3149
13.7410,0.5223,2.2523
13.7412,0.5558,2.3976
13.7414,0.5311,2.2911
13.7416,0.5535,2.3834
13.7418,0.6235,2.6887
13.7420,0.5608,2.4205
13.7422,0.5505,2.3771
13.7424,0.5344,2.3077
13.7426,0.5234,2.2569
13.7428,0.584,2.5169
13.7430,0.6197,2.6734
13.7432,0.5495,2.3707
13.7434,0.5388,2.322
13.7436,0.576,2.4862
13.7438,0.5168,2.2306
13.7440,0.5172,2.2321
13.7442,0.5334,2.302
13.7444,0.5108,2.2026
13.7446,0.507,2.1861
13.7448,0.5145,2.2176
13.7450,0.5506,2.3721
13.7452,0.5638,2.4323
13.7454,0.556,2.3976
13.7456,0.5193,2.2414
13.7458,0.5082,2.1923
13.7460,0.569,2.4488
13.7462,0.6265,2.6978
13.7464,0.6541,2.814
13.7466,0.6906,2.9694
13.7468,0.737,3.1748
13.7470,0.6912,2.9761
13.7472,0.7466,3.2087
13.7474,0.7382,3.1785
13.7476,0.6666,2.8663
13.7478,0.6978,3.0059
13.7480,0.6455,2.7794
13.7482,0.6388,2.7492
13.7484,0.6287,2.7096
13.7486,0.5985,2.5794
13.7488,0.5985,2.5794
13.7490,0.6445,2.7779
13.7492,0.6099,2.6285
13.7494,0.5662,2.4404
13.7496,0.604,2.602
13.7498,0.6515,2.8052
13.7500,0.676,2.9124
13.7502,0.6223,2.6785
13.7504,0.6118,2.638
13.7506,0.5977,2.5739
13.7508,0.7141,3.0719
13.7510,0.7377,3.1706
13.7512,0.741,3.182
13.7514,0.7635,3.2814
13.7516,0.76,3.2786
13.7518,0.5844,2.5189
13.7520,0.6201,2.6712
13.7522,0.5847,2.52
13.7524,0.5818,2.5087
13.7526,0.5721,2.4634
13.7528,0.6439,2.774
13.7530,0.5778,2.4905
13.7532,0.5836,2.5141
13.7534,0.6541,2.8179
13.7536,0.6487,2.7959
13.7538,0.6012,2.5889
13.7540,0.5813,2.5055
13.7542,0.5874,2.5318
13.7544,0.5717,2.4641
13.7546,0.5516,2.3773
13.7548,0.6006,2.5851
13.7550,0.6636,2.8614
13.7552,0.5341,2.304
13.7554,0.4956,2.1399
13.7556,0.4423,1.9109
13.7558,0.4176,1.8042
13.7560,0.41,1.7694
13.7562,0.4031,1.7423
13.7564,0.4399,1.8979
13.7566,0.5,2.1561
13.7568,0.5346,2.3039
13.7570,0.5474,2.3614
13.7572,0.5242,2.2605
13.7574,0.4935,2.1321
13.7576,0.4095,1.7682
13.7578,0.4003,1.7291
13.7580,0.3995,1.726
13.7582,0.4204,1.8128
13.7584,0.468,2.018
13.7586,0.523,2.2501
13.7588,0.6744,2.9052
13.7590,0.6097,2.6268
13.7592,0.5804,2.5002
13.7594,0.6366,2.7386
13.7596,0.6886,2.9598
13.7598,0.7245,3.1124
13.7600,0.8118,3.4842
13.7602,0.8243,3.5377
13.7604,0.8138,3.4946
13.7606,0.7873,3.3839
13.7608,0.7801,3.3499
13.7610,0.8443,3.6186
13.7612,0.9526,4.077
13.7614,0.9775,4.1857
13.7616,0.9913,4.2427
13.7618,0.9929,4.2474
13.7620,0.9866,4.2247
13.7622,1.0275,4.4039
13.7624,1.0015,4.2884
13.7626,1.0612,4.5419
13.7628,1.071,4.5862
13.7630,1.0493,4.4911
13.7632,1.0378,4.4481
13.7634,0.9779,4.1989
13.7636,0.8697,3.7328
13.7638,0.9116,3.916
13.7640,0.8362,3.5909
13.7642,0.8289,3.5628
13.7644,0.8069,3.4663
13.7646,0.8225,3.5316
13.7648,0.8829,3.7894
13.7650,0.8623,3.7026
13.7652,0.8198,3.5252
13.7654,0.7698,3.3102
13.7656,0.821,3.5255
13.7658,0.902,3.8694
13.7660,0.958,4.1001
13.7662,1.012,4.3437
13.7664,0.9123,3.9118
13.7666,0.9205,3.9473
13.7668,0.8964,3.8529
13.7670,0.8747,3.7544
13.7672,0.9209,3.9488
13.7674,0.9105,3.9041
13.7676,0.9251,3.9687
13.7678,0.8984,3.8576
13.7680,0.8492,3.6482
13.7682,0.8343,3.5843
13.7684,0.8392,3.6071
13.7686,0.8488,3.6483
13.7688,0.8496,3.648
13.7690,0.8427,3.6153
13.7692,0.9053,3.882
13.7694,0.96,4.1222
13.7696,0.9123,3.9155
13.7698,0.9747,4.1758
13.7700,0.9697,4.1659
13.7702,0.8488,3.6517
13.7704,0.7779,3.3448
13.7706,0.7703,3.3123
13.7708,0.7457,3.2096
13.7710,0.7202,3.0982
13.7712,0.7567,3.2586
13.7714,0.7179,3.0913
13.7716,0.7111,3.0633
13.7718,0.7378,3.1726
13.7720,0.775,3.3355
13.7722,0.7538,3.2411
13.7724,0.7112,3.0652
13.7726,0.5916,2.5511
13.7728,0.5771,2.4897
13.7730,0.5679,2.4499
13.7732,0.5078,2.1938
13.7734,0.4768,2.0596
13.7736,0.5015,2.1633
13.7738,0.539,2.3252
13.7740,0.5282,2.2787
13.7742,0.5338,2.3051
13.7744,0.5306,2.2879
13.7746,0.5316,2.2931
13.7748,0.5389,2.3258
13.7750,0.6043,2.6059
13.7752,0.6645,2.8562
13.7754,0.7823,3.367
13.7756,0.7282,3.1328
13.7758,0.6957,2.9999
13.7760,0.5585,2.4095
13.7762,0.54,2.3294
13.7764,0.5957,2.5687
13.7766,0.6277,2.703
13.7768,0.6722,2.8945
13.7770,0.6475,2.7908
13.7772,0.5976,2.5782
13.7774,0.5401,2.3288
13.7776,0.5371,2.3159
13.7778,0.5396,2.3289
13.7780,0.5359,2.3128
13.7782,0.5368,2.3159
13.7784,0.5323,2.2941
13.7786,0.7043,3.0357
13.7788,0.5939,2.5609
13.7790,0.5349,2.3055
13.7792,0.531,2.2906
13.7794,0.5287,2.2797
13.7796,0.526,2.2683
13.7798,0.5244,2.2632
13.7800,0.5268,2.2735
13.7802,0.5238,2.2585
13.7804,0.5577,2.4037
13.7806,0.5497,2.3702
13.7808,0.5445,2.3479
13.7810,0.5435,2.3427
13.7812,0.5391,2.3268
13.7814,0.5352,2.3087
13.7816,0.5366,2.3095
13.7818,0.583,2.5104
13.7820,0.6319,2.7198
13.7822,0.6866,2.9538
13.7824,0.6787,2.9224
13.7826,0.6329,2.7227
13.7828,0.6729,2.8909
13.7830,0.7241,3.1138
13.7832,0.7497,3.2236
13.7834,0.7473,3.2148
13.7836,0.7571,3.251
13.7838,0.8514,3.6574
13.7840,0.807,3.4668
13.7842,0.785,3.3757
13.7844,0.7198,3.0981
13.7846,0.7072,3.0453
13.7848,0.6922,2.9808
13.7850,0.6665,2.8658
13.7852,0.7326,3.1445
13.7854,0.8334,3.5785
13.7856,0.7892,3.3922
13.7858,0.7591,3.2659
13.7860,0.7063,3.0384
13.7862,0.7364,3.1664
13.7864,0.7492,3.22
13.7866,0.7539,3.2462
13.7868,0.7064,3.0389
13.7870,0.7332,3.1515
13.7872,0.7318,3.1482
13.7874,0.6687,2.8849
13.7876,0.5421,2.3365
13.7878,0.5511,2.3775
13.7880,0.5118,2.2088
13.7882,0.51,2.199
13.7884,0.5491,2.3654
13.7886,0.6181,2.6604
13.7888,0.6597,2.8408
13.7890,0.5866,2.5271
13.7892,0.5617,2.4219
13.7894,0.5561,2.3992
13.7896,0.4879,2.1078
13.7898,0.4047,1.7467
13.7900,0.3968,1.7141
13.7902,0.3956,1.7105
13.7904,0.3987,1.72
13.7906,0.4548,1.963
13.7908,0.4046,1.747
13.7910,0.4132,1.7859
13.7912,0.4055,1.7511
13.7914,0.4294,1.8533
13.7916,0.4824,2.0811
13.7918,0.5751,2.4717
13.7920,0.7091,3.0507
13.7922,0.6402,2.7567
13.7924,0.6288,2.7039
13.7926,0.6677,2.8749
13.7928,0.6829,2.935
13.7930,0.7623,3.2777
13.7932,0.7817,3.3581
13.7934,0.83,3.5608
13.7936,0.7818,3.3633
13.7938,0.7088,3.0449
13.7940,0.827,3.5446
13.7942,0.8867,3.8041
13.7944,0.9059,3.8828
13.7946,0.9829,4.2127
13.7948,0.9925,4.2538
13.7950,0.9963,4.2683
13.7952,0.9997,4.2827
13.7954,0.9764,4.1791
13.7956,1.0692,4.5763
13.7958,1.0158,4.3474
13.7960,1.0178,4.3561
13.7962,1.0075,4.3181
13.7964,1.0071,4.3145
13.7966,0.9811,4.2128
13.7968,0.9004,3.8645
13.7970,0.8574,3.6815
13.7972,0.8801,3.7793
13.7974,0.89,3.8215
13.7976,0.8869,3.8081
13.7978,0.9016,3.8679
13.7980,0.9391,4.0289
13.7982,0.9625,4.1273
13.7984,0.91,3.9039
13.7986,0.9318,3.9975
13.7988,0.9107,3.907
13.7990,0.9205,3.9491
13.7992,0.9776,4.196
13.7994,0.8979,3.8573
13.7996,0.8276,3.5587
13.7998,0.7478,3.2153
13.8000,0.733,3.1549
13.8002,0.7055,3.0339
13.8004,0.7119,3.0598
13.8006,0.7627,3.2798
13.8008,0.7596,3.2679
13.8010,0.7938,3.4133
13.8012,0.7797,3.3509
13.8014,0.7948,3.4175
13.8016,0.7115,3.0625
13.8018,0.7067,3.0376
13.8020,0.7859,3.3777
13.8022,0.8156,3.5104
13.8024,0.7141,3.0733
13.8026,0.6888,2.9672
13.8028,0.6906,2.9749
13.8030,0.6768,2.9182
13.8032,0.6588,2.8367
13.8034,0.6638,2.8571
13.8036,0.6626,2.8572
13.8038,0.6077,2.6204
13.8040,0.5908,2.5463
13.8042,0.5784,2.4931
13.8044,0.6103,2.6318
13.8046,0.619,2.6653
13.8048,0.6269,2.7006
13.8050,0.6455,2.7781
13.8052,0.6746,2.913
13.8054,0.521,2.2518
13.8056,0.4203,1.8165
13.8058,0.4711,2.0305
13.8060,0.5515,2.3801
13.8062,0.5307,2.2895
13.8064,0.5516,2.3762
13.8066,0.5712,2.4632
13.8068,0.5695,2.4566
13.8070,0.5691,2.4551
13.8072,0.5727,2.4671
13.8074,0.6222,2.683
13.8076,0.5991,2.5844
13.8078,0.5724,2.4673
13.8080,0.6356,2.7371
13.8082,0.6787,2.9184
13.8084,0.6691,2.8865
13.8086,0.5447,2.3479
13.8088,0.5374,2.3185
13.8090,0.5483,2.3645
13.8092,0.544,2.3469
13.8094,0.5298,2.2833
13.8096,0.6077,2.618
13.8098,0.5605,2.4156
13.8100,0.5884,2.536
13.8102,0.5931,2.5538
13.8104,0.5961,2.5726
13.8106,0.498,2.1483
13.8108,0.5165,2.23
13.8110,0.4657,2.0119
13.8112,0.4594,1.9827
13.8114,0.5027,2.1695
13.8116,0.4882,2.1069
13.8118,0.4697,2.0262
13.8120,0.4947,2.1353
13.8122,0.4661,2.0126
13.8124,0.4649,2.0083
13.8126,0.4645,2.004
13.8128,0.4517,1.9513
13.8130,0.4501,1.941
13.8132,0.5052,2.1783
13.8134,0.4531,1.9548
13.8136,0.4488,1.938
13.8138,0.4433,1.9151
13.8140,0.4487,1.9366
13.8142,0.4495,1.9402
13.8144,0.4506,1.9458
13.8146,0.451,1.9473
13.8148,0.4576,1.9712
13.8150,0.542,2.3316
13.8152,0.6486,2.7928
13.8154,0.649,2.7905
13.8156,0.6348,2.7322
13.8158,0.6051,2.6066
13.8160,0.6178,2.6589
13.8162,0.6605,2.84
13.8164,0.6479,2.7871
13.8166,0.6414,2.7606
13.8168,0.657,2.8237
13.8170,0.6879,2.9526
13.8172,0.7473,3.2133
13.8174,0.6954,2.9928
13.8176,0.6421,2.7637
13.8178,0.649,2.7905
13.8180,0.6609,2.8447
13.8182,0.6954,2.9845
13.8184,0.7832,3.3695
13.8186,0.7268,3.1193
13.8188,0.746,3.2091
13.8190,0.6192,2.6676
13.8192,0.595,2.5632
13.8194,0.5736,2.4713
13.8196,0.5778,2.4905
13.8198,0.5503,2.3738
13.8200,0.4802,2.0708
13.8202,0.4796,2.0701
13.8204,0.4883,2.1064
13.8206,0.4933,2.1252
13.8208,0.5073,2.1897
13.8210,0.4728,2.0387
13.8212,0.5366,2.3127
13.8214,0.4988,2.1479
13.8216,0.5605,2.4201
13.8218,0.4379,1.8891
13.8220,0.4531,1.9557
13.8222,0.4071,1.7562
13.8224,0.407,1.7557
13.8226,0.4043,1.7467
13.8228,0.4029,1.7405
13.8230,0.3927,1.6957
13.8232,0.4203,1.8131
13.8234,0.4235,1.8296
13.8236,0.3868,1.6703
13.8238,0.4145,1.7899
13.8240,0.3822,1.6509
13.8242,0.3849,1.662
13.8244,0.4133,1.7831
13.8246,0.4206,1.8146
13.8248,0.4547,1.9588
13.8250,0.5138,2.2135
13.8252,0.5166,2.2254
13.8254,0.5416,2.3323
13.8256,0.5957,2.5556
13.8258,0.8446,3.6201
13.8260,0.8684,3.7271
13.8262,0.8354,3.5856
13.8264,0.853,3.6561
13.8266,0.9184,3.938
13.8268,0.8912,3.8213
13.8270,0.8689,3.7274
13.8272,0.8699,3.7303
13.8274,0.8709,3.7275
13.8276,0.9692,4.1541
13.8278,0.9692,4.1541
13.8280,0.9863,4.2231
13.8282,1.0056,4.3038
13.8284,1.0029,4.2865
13.8286,1.1125,4.7527
13.8288,1.0989,4.7053
13.8290,1.066,4.5582
13.8292,1.1054,4.7313
13.8294,1.0476,4.486
13.8296,0.9776,4.196
13.8298,0.8546,3.6696
13.8300,0.8246,3.5393
13.8302,0.8281,3.5542
13.8304,0.7985,3.4303
13.8306,0.8265,3.5525
13.8308,0.8318,3.5685
13.8310,0.8744,3.7458
13.8312,0.91,3.9002
13.8314,0.9137,3.918
13.8316,0.9283,3.9826
13.8318,0.9328,3.9997
13.8320,0.9347,4.0061
13.8322,0.9606,4.1113
13.8324,1.0959,4.6903
13.8326,1.0911,4.6785
13.8328,0.9438,4.0433
13.8330,0.9535,4.0868
13.8332,0.9219,3.9511
13.8334,0.9153,3.9265
13.8336,0.9335,4.0066
13.8338,0.9141,3.9214
13.8340,0.9168,3.9369
13.8342,0.8687,3.7304
13.8344,0.8432,3.6157
13.8346,0.9342,4.004
13.8348,0.9927,4.2548
13.8350,0.9924,4.2553
13.8352,0.9373,4.0268
13.8354,0.8177,3.5143
13.8356,0.8029,3.4541
13.8358,0.8269,3.549
13.8360,0.9096,3.9041
13.8362,0.8306,3.5683
13.8364,0.8669,3.7244
13.8366,0.8879,3.8199
13.8368,0.7792,3.3504
13.8370,0.7678,3.3015
13.8372,0.7741,3.3272
13.8374,0.7945,3.4164
13.8376,0.7864,3.3845
13.8378,0.7264,3.1265
13.8380,0.6732,2.8987
13.8382,0.6362,2.746
13.8384,0.6064,2.6147
13.8386,0.5908,2.5463
13.8388,0.5698,2.4582
13.8390,0.5655,2.4395
13.8392,0.5552,2.3917
13.8394,0.5693,2.4561
13.8396,0.5716,2.4648
13.8398,0.5994,2.5835
13.8400,0.5404,2.3314
13.8402,0.4963,2.143
13.8404,0.4879,2.1078
13.8406,0.488,2.1024
13.8408,0.5559,2.3982
13.8410,0.5226,2.2564
13.8412,0.5244,2.2579
13.8414,0.6114,2.634
13.8416,0.5852,2.5267
13.8418,0.5246,2.2631
13.8420,0.5565,2.4007
13.8422,0.5543,2.3903
13.8424,0.5697,2.4576
13.8426,0.5216,2.2492
13.8428,0.5131,2.2135
13.8430,0.5163,2.2285
13.8432,0.5078,2.1927
13.8434,0.5558,2.3943
13.8436,0.5894,2.5425
13.8438,0.5787,2.4964
13.8440,0.5276,2.275
13.8442,0.5227,2.2538
13.8444,0.5136,2.2145
13.8446,0.6469,2.7856
13.8448,0.6022,2.5978
13.8450,0.5308,2.2879
13.8452,0.5714,2.4626
13.8454,0.6434,2.7706
13.8456,0.619,2.6641
13.8458,0.6274,2.7027
13.8460,0.6481,2.7895
13.8462,0.665,2.8609
13.8464,0.6856,2.951
13.8466,0.6966,2.998
13.8468,0.7171,3.0877
13.8470,0.6407,2.7588
13.8472,0.5957,2.5663
13.8474,0.5971,2.5725
13.8476,0.6263,2.6943
13.8478,0.684,2.941
13.8480,0.7181,3.0851
13.8482,0.7786,3.3479
13.8484,0.7273,3.1315
13.8486,0.6591,2.8396
13.8488,0.6495,2.7944
13.8490,0.7043,3.0287
13.8492,0.7384,3.1722
13.8494,0.7529,3.233
13.8496,0.7693,3.3066
13.8498,0.7847,3.371
13.8500,0.7675,3.2989
13.8502,0.7466,3.2087
13.8504,0.7756,3.3381
13.8506,0.7564,3.2494
13.8508,0.7629,3.2818
13.8510,0.6543,2.8124
13.8512,0.7579,3.2607
13.8514,0.7069,3.0438
13.8516,0.7162,3.084
13.8518,0.7432,3.1928
13.8520,0.8199,3.5159
13.8522,0.8752,3.7582
13.8524,0.7707,3.3154
13.8526,0.7418,3.1911
13.8528,0.7227,3.1076
13.8530,0.7201,3.102
13.8532,0.6733,2.9019
13.8534,0.6376,2.7441
13.8536,0.6873,2.9555
13.8538,0.7072,3.0439
13.8540,0.6729,2.8976
13.8542,0.6282,2.7088
13.8544,0.6137,2.6401
13.8546,0.6641,2.8581
13.8548,0.656,2.8235
13.8550,0.5937,2.5611
13.8552,0.5173,2.2326
13.8554,0.5015,2.1613
13.8556,0.4956,2.1399
13.8558,0.4051,1.7498
13.8560,0.3994,1.7263
13.8562,0.3964,1.7117
13.8564,0.4259,1.8374
13.8566,0.4712,2.0329
13.8568,0.4951,2.1369
13.8570,0.485,2.0915
13.8572,0.516,2.2249
13.8574,0.5239,2.2579
13.8576,0.5228,2.2522
13.8578,0.5766,2.4796
13.8580,0.676,2.9097
13.8582,0.6336,2.7296
13.8584,0.575,2.4781
13.8586,0.635,2.7307
13.8588,0.7492,3.2155
13.8590,0.7738,3.3226
13.8592,0.7926,3.405
13.8594,0.763,3.2763
13.8596,0.8219,3.5307
13.8598,0.7838,3.3705
13.8600,0.7389,3.1698
13.8602,0.8651,3.708
13.8604,0.8912,3.8178
13.8606,0.9664,4.1418
13.8608,0.9702,4.1543
13.8610,0.9855,4.2201
13.8612,0.9942,4.261
13.8614,0.9306,3.9961
13.8616,0.9516,4.071
13.8618,1.0654,4.562
13.8620,1.0719,4.5855
13.8622,1.1023,4.7202
13.8624,1.0407,4.4542
13.8626,1.0341,4.4259
13.8628,1.1173,4.7866
13.8630,1.0143,4.3555
13.8632,0.8378,3.5992
13.8634,0.8071,3.4722
13.8636,0.7615,3.2686
13.8638,0.8036,3.4572
13.8640,0.7401,3.1838
13.8642,0.7439,3.1944
13.8644,0.825,3.5491
13.8646,0.8221,3.535
13.8648,0.8118,3.4858
13.8650,0.8227,3.531
13.8652,0.9105,3.9114
13.8654,0.8386,3.6062
13.8656,0.8157,3.5061
13.8658,0.8186,3.5152
13.8660,0.8294,3.5632
13.8662,0.8614,3.699
13.8664,0.9318,3.9956
13.8666,0.9686,4.1515
13.8668,0.9144,3.9229
13.8670,0.8657,3.7158
13.8672,0.8545,3.6725
13.8674,0.8352,3.5896
13.8676,0.851,3.6576
13.8678,0.8515,3.6579
13.8680,0.8677,3.731
13.8682,0.8414,3.6147
13.8684,0.8473,3.6416
13.8686,0.8445,3.6247
13.8688,0.8913,3.8218
13.8690,0.9108,3.9111
13.8692,0.8697,3.7415
13.8694,0.7573,3.2611
13.8696,0.6993,3.0112
13.8698,0.6817,2.9326
13.8700,0.7244,3.1119
13.8702,0.8349,3.5885
13.8704,0.7931,3.415
13.8706,0.7202,3.1025
13.8708,0.6698,2.8856
13.8710,0.6298,2.7118
13.8712,0.7179,3.0913
13.8714,0.6834,2.9453
13.8716,0.5642,2.4338
13.8718,0.5137,2.2202
13.8720,0.4373,1.8909
13.8722,0.467,2.0195
13.8724,0.4248,1.8362
13.8726,0.4341,1.8752
13.8728,0.4778,2.0633
13.8730,0.4702,2.0311
13.8732,0.4654,2.0104
13.8734,0.4632,2.0001
13.8736,0.4518,1.9501
13.8738,0.5021,2.1689
13.8740,0.4697,2.029
13.8742,0.4596,1.9846
13.8744,0.4968,2.1421
13.8746,0.5474,2.3614
13.8748,0.4928,2.128
13.8750,0.4698,2.0277
13.8752,0.4973,2.1432
13.8754,0.5992,2.5801
13.8756,0.6344,2.7306
13.8758,0.6049,2.6097
13.8760,0.4987,2.1544
13.8762,0.4555,1.967
13.8764,0.4521,1.9511
13.8766,0.4528,1.9533
13.8768,0.4861,2.0971
13.8770,0.5289,2.2796
13.8772,0.5464,2.3584
13.8774,0.5422,2.3403
13.8776,0.5451,2.3472
13.8778,0.5673,2.445
13.8780,0.5698,2.4547
13.8782,0.5236,2.259
13.8784,0.4575,1.9753
13.8786,0.4626,1.9948
13.8788,0.5301,2.288
13.8790,0.4783,2.0644
13.8792,0.4548,1.963
13.8794,0.4517,1.9513
13.8796,0.4553,1.9651
13.8798,0.4668,2.0138
13.8800,0.4555,1.9661
13.8802,0.4541,1.9599
13.8804,0.4507,1.9436
13.8806,0.4522,1.9489
13.8808,0.5435,2.3438
13.8810,0.5494,2.368
13.8812,0.5727,2.466
13.8814,0.5537,2.3877
13.8816,0.5517,2.3767
13.8818,0.5661,2.4387
13.8820,0.5938,2.5533
13.8822,0.6751,2.9029
13.8824,0.6769,2.912
13.8826,0.7199,3.0957
13.8828,0.7571,3.2525
13.8830,0.7627,3.2706
13.8832,0.8491,3.6442
13.8834,0.8107,3.486
13.8836,0.7159,3.0753
13.8838,0.6858,2.9515
13.8840,0.5986,2.5775
13.8842,0.5928,2.5563
13.8844,0.5805,2.5007
13.8846,0.5927,2.5522
13.8848,0.6235,2.6812
13.8850,0.6265,2.6978
13.8852,0.6377,2.742
13.8854,0.6889,2.9636
13.8856,0.6497,2.7936
13.8858,0.6464,2.7822
13.8860,0.6954,2.9886
13.8862,0.7685,3.2999
13.8864,0.7514,3.2308
13.8866,0.7138,3.0694
13.8868,0.7325,3.1499
13.8870,0.7211,3.0966
13.8872,0.7296,3.1375
13.8874,0.702,3.0212
13.8876,0.6645,2.8628
13.8878,0.6106,2.6316
13.8880,0.6075,2.6133
13.8882,0.6222,2.6792
13.8884,0.64,2.7569
13.8886,0.6278,2.701
13.8888,0.6731,2.8941
13.8890,0.716,3.083
13.8892,0.6729,2.895
13.8894,0.6287,2.7109
13.8896,0.5373,2.3169
13.8898,0.5384,2.3194
13.8900,0.5257,2.2667
13.8902,0.5258,2.2652
13.8904,0.5305,2.2874
13.8906,0.5352,2.3076
13.8908,0.574,2.4705
13.8910,0.6499,2.7972
13.8912,0.6713,2.8877
13.8914,0.6493,2.7972
13.8916,0.6312,2.7129
13.8918,0.7548,3.2382
13.8920,0.835,3.579
13.8922,0.8792,3.7717
13.8924,0.8663,3.7184
13.8926,0.8891,3.8126
13.8928,0.905,3.8786
13.8930,0.912,3.909
13.8932,0.9893,4.2399
13.8934,0.9593,4.1115
13.8936,0.9835,4.2113
13.8938,0.9757,4.1819
13.8940,0.9791,4.1982
13.8942,0.967,4.1443
13.8944,0.9684,4.1505
13.8946,0.9888,4.23
13.8948,1.0971,4.6932
13.8950,1.1138,4.7628
13.8952,1.1262,4.8133
13.8954,1.1358,4.8589
13.8956,1.1477,4.9143
13.8958,1.0287,4.4131
13.8960,0.9252,3.9711
13.8962,0.9216,3.9519
13.8964,0.9228,3.9608
13.8966,0.9157,3.9322
13.8968,0.8992,3.8594
13.8970,0.8877,3.8117
13.8972,0.891,3.8244
13.8974,0.9039,3.8794
13.8976,0.8804,3.7768
13.8978,0.9416,4.0359
13.8980,0.9554,4.0969
13.8982,0.9678,4.1538
13.8984,0.9554,4.0988
13.8986,0.9817,4.2076
13.8988,0.9558,4.1004
13.8990,0.9719,4.1693
13.8992,1.0032,4.3036
13.8994,0.9824,4.2146
13.8996,0.9894,4.2385
13.8998,0.9798,4.2033
13.9000,0.8991,3.8607
13.9002,0.9063,3.8915
13.9004,0.906,3.8923
13.9006,0.9015,3.8691
13.9008,0.8774,3.771
13.9010,0.8497,3.6468
13.9012,0.9191,3.9411
13.9014,1.011,4.333
13.9016,1.0502,4.5052
13.9018,1.0004,4.2937
13.9020,0.9876,4.2446
13.9022,0.8424,3.6239
13.9024,0.8114,3.4859
13.9026,0.8427,3.6187
13.9028,0.8247,3.5414
13.9030,0.8785,3.7721
13.9032,0.9481,4.0731
13.9034,0.9159,3.9327
13.9036,0.925,3.9737
13.9038,0.9003,3.8676
13.9040,0.9044,3.8779
13.9042,0.9156,3.9299
13.9044,0.9346,4.0112
13.9046,0.925,3.97
13.9048,0.9181,3.9444
13.9050,0.9539,4.096
13.9052,0.969,4.157
13.9054,0.9373,4.023
13.9056,0.96,4.1165
13.9058,0.9864,4.2296
13.9060,0.964,4.1392
13.9062,0.9626,4.1355
13.9064,0.9807,4.2074
13.9066,1.0095,4.3268
13.9068,1.0473,4.4992
13.9070,0.9823,4.22
13.9072,0.9108,3.9129
13.9074,0.863,3.7074
13.9076,0.9165,3.9426
13.9078,0.8356,3.5966
13.9080,0.8452,3.6345
13.9082,0.8962,3.8465
13.9084,0.9508,4.0826
13.9086,0.9047,3.8867
13.9088,0.9809,4.2059
13.9090,1.046,4.4872
13.9092,1.0583,4.5381
13.9094,1.0949,4.6949
13.9096,1.0668,4.5746
13.9098,0.951,4.0893
13.9100,0.927,3.9788
13.9102,1.0369,4.4398
13.9104,1.127,4.8259
13.9106,1.1529,4.9322
13.9108,1.1905,5.0952
13.9110,1.221,5.226
13.9112,1.2228,5.2337
13.9114,1.2215,5.233
13.9116,1.1407,4.8868
13.9118,1.1298,4.84
13.9120,1.1581,4.9612
13.9122,1.162,4.9805
13.9124,1.2003,5.1397
13.9126,1.2312,5.2672
13.9128,1.2258,5.249
13.9130,1.1918,5.1008
13.9132,1.2574,5.3815
13.9134,1.3321,5.696
13.9136,1.3126,5.6155
13.9138,1.2943,5.5422
13.9140,1.2194,5.2164
13.9142,1.2774,5.4647
13.9144,1.2412,5.3073
13.9146,1.2468,5.3364
13.9148,1.2828,5.4904
13.9150,1.2985,5.5576
13.9152,1.2634,5.4047
13.9154,1.2854,5.5042
13.9156,1.3178,5.6323
13.9158,1.3856,5.9191
13.9160,1.3898,5.9398
13.9162,1.3477,5.768
13.9164,1.3526,5.7863
13.9166,1.3369,5.7191
13.9168,1.3671,5.8429
13.9170,1.3944,5.957
13.9172,1.4051,6.0335
13.9174,1.1125,4.7816
13.9176,1.0361,4.4575
13.9178,1.0345,4.4275
13.9180,1.3495,5.7676
13.9182,1.4877,6.3674
13.9184,1.2661,5.4342
13.9186,1.1345,4.8691
13.9188,1.114,4.7611
13.9190,1.4119,6.0233
13.9192,1.5179,6.4846
13.9194,1.5322,6.5456
13.9196,1.5255,6.5138
13.9198,1.5124,6.458
13.9200,1.5115,6.4509
13.9202,1.5598,6.6603
13.9204,1.5438,6.5922
13.9206,1.4775,6.3179
13.9208,1.4681,6.2745
13.9210,1.5101,6.4513
13.9212,1.5378,6.5696
13.9214,1.5515,6.628
13.9216,1.4667,6.2688
13.9218,1.4491,6.208
13.9220,1.3591,5.8276
13.9222,1.3587,5.8125
13.9224,1.4537,6.21
13.9226,1.4738,6.2932
13.9228,1.4695,6.2953
13.9230,1.3544,5.8076
13.9232,1.2749,5.4692
13.9234,1.2598,5.4044
13.9236,1.2431,5.3379
13.9238,1.1732,5.0447
13.9240,1.1406,4.8999
13.9242,1.1498,4.9557
13.9244,0.9239,3.9746
13.9246,0.9946,4.277
13.9248,1.1524,4.944
13.9250,1.282,5.5021
13.9252,1.2897,5.5253
13.9254,1.3273,5.6861
13.9256,1.3363,5.7326
13.9258,1.2851,5.5104
13.9260,1.3312,5.7057
13.9262,1.335,5.7296
13.9264,1.2411,5.3316
13.9266,1.201,5.1548
13.9268,1.2267,5.2698
13.9270,1.2075,5.1825
13.9272,1.2626,5.4193
13.9274,1.2582,5.3977
13.9276,1.2752,5.4759
13.9278,1.27,5.4481
13.9280,1.2472,5.3479
13.9282,1.3468,5.7725
13.9284,1.3406,5.7458
13.9286,1.2867,5.5227
13.9288,1.2286,5.2731
13.9290,1.2174,5.2326
13.9292,1.1911,5.1144
13.9294,1.2179,5.2176
13.9296,1.3147,5.6374
13.9298,1.3141,5.6322
13.9300,1.3338,5.7271
13.9302,1.3239,5.6823
13.9304,1.3671,5.8566
13.9306,1.4486,6.2175
13.9308,1.2816,5.5134
13.9310,1.1346,4.8742
13.9312,1.1707,5.0292
13.9314,1.2058,5.1777
13.9316,1.2302,5.2847
13.9318,1.2686,5.4526
13.9320,1.2414,5.3257
13.9322,1.3029,5.5948
13.9324,1.2558,5.3925
13.9326,1.2864,5.5186
13.9328,1.2316,5.2934
13.9330,1.2132,5.2097
13.9332,1.3079,5.6185
13.9334,1.2471,5.3449
13.9336,1.3195,5.6711
13.9338,1.267,5.4403
13.9340,1.2756,5.4749
13.9342,1.2196,5.2492
13.9344,1.0763,4.641
13.9346,0.9872,4.2529
13.9348,1.0512,4.5246
13.9350,1.0822,4.662
13.9352,1.0903,4.6928
13.9354,1.0984,4.723
13.9356,1.0822,4.6642
13.9358,0.9408,4.0662
13.9360,0.8329,3.5981
13.9362,0.8232,3.5528
13.9364,0.927,3.9955
13.9366,0.9793,4.2149
13.9368,1.0271,4.429
13.9370,0.9171,3.9562
13.9372,0.8409,3.6345
13.9374,0.8328,3.5959
13.9376,0.8931,3.8563
13.9378,0.9042,3.9009
13.9380,0.9656,4.1599
13.9382,1.0347,4.4575
13.9384,0.9968,4.2962
13.9386,0.9252,3.9859
13.9388,0.9691,4.1749
13.9390,1.0229,4.413
13.9392,0.9864,4.2552
13.9394,0.9185,3.9643
13.9396,0.8559,3.6975
13.9398,0.8559,3.6975
13.9400,0.7798,3.3733
13.9402,0.7346,3.1733
13.9404,0.8171,3.5215
13.9406,0.9873,4.2554
13.9408,0.8937,3.8607
13.9410,0.8402,3.6263
13.9412,0.8819,3.8064
13.9414,0.8649,3.7295
13.9416,0.8897,3.8418
13.9418,0.8633,3.7245
13.9420,0.858,3.7029
13.9422,0.8841,3.814
13.9424,0.9136,3.9449
13.9426,0.8656,3.7326
13.9428,0.9574,4.1205
13.9430,1.02,4.3878
13.9432,1.0367,4.4642
13.9434,1.0309,4.4389
13.9436,0.9958,4.2881
13.9438,0.9797,4.2223
13.9440,0.9926,4.2762
13.9442,0.9897,4.2618
13.9444,1.0177,4.378
13.9446,1.0966,4.7153
13.9448,1.1479,4.9314
13.9450,1.1899,5.1116
13.9452,1.1455,4.9233
13.9454,1.1739,5.0408
13.9456,1.2402,5.3255
13.9458,1.1957,5.1465
13.9460,1.1059,4.7555
13.9462,1.0848,4.6626
13.9464,1.1059,4.7488
13.9466,1.154,4.9599
13.9468,1.1752,5.0535
13.9470,1.123,4.8309
13.9472,1.1301,4.8596
13.9474,1.0734,4.6179
13.9476,1.0574,4.5467
13.9478,1.0336,4.4446
13.9480,1.0923,4.6923
13.9482,1.1688,5.0163
13.9484,1.3132,5.6365
13.9486,1.3552,5.8057
13.9488,1.3857,5.9362
13.9490,1.3491,5.7876
13.9492,1.2495,5.3702
13.9494,1.2376,5.3216
13.9496,1.1957,5.1465
13.9498,1.0951,4.7156
13.9500,1.0831,4.6553
13.9502,1.2182,5.2357
13.9504,1.2692,5.445
13.9506,1.2678,5.4414
13.9508,1.2604,5.4019
13.9510,1.2836,5.4991
13.9512,1.3898,5.9843
13.9514,1.2007,5.1724
13.9516,1.1002,4.7263
13.9518,1.1417,4.9046
13.9520,1.1472,4.9191
13.9522,1.1749,5.0496
13.9524,1.1745,5.0457
13.9526,1.2584,5.4088
13.9528,1.1601,4.9816
13.9530,1.1843,5.0927
13.9532,1.1451,4.931
13.9534,1.0568,4.5568
13.9536,0.886,3.8293
13.9538,0.8506,3.6782
13.9540,0.7734,3.3458
13.9542,0.6949,3.0088
13.9544,0.6795,2.9437
13.9546,0.6719,2.9078
13.9548,0.6703,2.901
13.9550,0.6651,2.8761
13.9552,0.6727,2.906
13.9554,0.792,3.4214
13.9556,0.7788,3.3676
13.9558,0.7346,3.1792
13.9560,0.6618,2.8629
13.9562,0.6578,2.8431
13.9564,0.7296,3.1492
13.9566,0.8004,3.4529
13.9568,0.8353,3.5951
13.9570,0.9046,3.906
13.9572,0.8066,3.4814
13.9574,0.8093,3.4912
13.9576,0.8509,3.6673
13.9578,0.9628,4.1495
13.9580,0.9576,4.1253
13.9582,1.0058,4.327
13.9584,1.0731,4.6121
13.9586,1.0954,4.7123
13.9588,1.1342,4.8726
13.9590,1.2353,5.2921
13.9592,1.3673,5.8686
13.9594,1.2504,5.3693
13.9596,1.2168,5.2251
13.9598,1.2184,5.2318
13.9600,1.1887,5.1113
13.9602,1.2084,5.1939
13.9604,1.1879,5.1058
13.9606,1.1828,5.0671
13.9608,1.2715,5.4574
13.9610,1.2168,5.2178
13.9612,1.2537,5.3757
13.9614,1.304,5.5916
13.9616,1.3473,5.7853
13.9618,1.2492,5.3641
13.9620,1.1611,4.9811
13.9622,1.2429,5.3219
13.9624,1.3387,5.7456
13.9626,1.2196,5.2345
13.9628,1.2755,5.4743
13.9630,1.2745,5.4779
13.9632,1.2174,5.2253
13.9634,1.218,5.24
13.9636,1.1411,4.9043
13.9638,1.1877,5.1048
13.9640,1.1852,5.0939
13.9642,1.1643,5.0019
13.9644,1.1733,5.0359
13.9646,1.3101,5.6205
13.9648,1.3143,5.6437
13.9650,1.2674,5.4399
13.9652,1.2626,5.4193
13.9654,1.2527,5.3841
13.9656,1.2202,5.2493
13.9658,1.166,5.0068
13.9660,1.2533,5.3816
13.9662,1.2579,5.4012
13.9664,1.2809,5.5001
13.9666,1.2545,5.3843
13.9668,1.229,5.2747
13.9670,1.2727,5.4574
13.9672,1.3107,5.6257
13.9674,1.3149,5.6489
13.9676,1.2132,5.2194
13.9678,1.1377,4.8921
13.9680,1.1708,5.0297
13.9682,1.1893,5.1114
13.9684,1.1327,4.8705
13.9686,1.1691,5.0249
13.9688,1.1769,5.056
13.9690,1.196,5.1403
13.9692,1.2185,5.2348
13.9694,1.2188,5.2334
13.9696,1.1914,5.1279
13.9698,1.0944,4.7125
13.9700,1.0384,4.4735
13.9702,1.0149,4.3763
13.9704,1.0273,4.4193
13.9706,1.1196,4.8187
13.9708,1.1068,4.7613
13.9710,1.1275,4.8483
13.9712,1.0956,4.7155
13.9714,1.1153,4.8068
13.9716,0.9782,4.22
13.9718,0.9324,4.0206
13.9720,0.94,4.0532
13.9722,0.9384,4.0427
13.9724,1.0737,4.6232
13.9726,1.0607,4.5675
13.9728,1.0554,4.5468
13.9730,1.0388,4.4792
13.9732,0.9751,4.2046
13.9734,0.9662,4.1645
13.9736,0.9604,4.1353
13.9738,1.1203,4.8151
13.9740,1.1895,5.1196
13.9742,1.0734,4.6222
13.9744,0.9505,4.1025
13.9746,0.8789,3.797
13.9748,0.8985,3.8778
13.9750,0.8979,3.8753
13.9752,0.8969,3.8693
13.9754,0.9387,4.0475
13.9756,0.9347,4.0304
13.9758,0.8824,3.8067
13.9760,0.872,3.7617
13.9762,0.877,3.7852
13.9764,0.9327,4.0235
13.9766,0.9613,4.1471
13.9768,0.975,4.2022
13.9770,0.958,4.1192
13.9772,1.0716,4.608
13.9774,1.0472,4.5175
13.9776,0.9004,3.8879
13.9778,0.8642,3.7281
13.9780,0.8835,3.8132
13.9782,0.8697,3.7536
13.9784,0.8633,3.7245
13.9786,0.8641,3.7293
13.9788,0.8739,3.77
13.9790,0.8982,3.8714
13.9792,0.9131,3.9373
13.9794,0.8721,3.7622
13.9796,0.8852,3.8204
13.9798,0.8674,3.7403
13.9800,0.9325,4.0136
13.9802,1.0032,4.3216
13.9804,1.0752,4.6192
13.9806,1.1828,5.086
13.9808,1.0646,4.584
13.9810,1.0081,4.3428
13.9812,1.0348,4.4621
13.9814,1.0739,4.6157
13.9816,1.1336,4.87
13.9818,1.1619,4.987
13.9820,1.2559,5.398
13.9822,1.2419,5.3327
13.9824,1.2044,5.1788
13.9826,1.1317,4.8663
13.9828,1.0923,4.6967
13.9830,1.1319,4.8651
13.9832,1.1571,4.9756
13.9834,1.1385,4.8934
13.9836,1.0951,4.7047
13.9838,1.1974,5.1465
13.9840,1.1188,4.8241
13.9842,0.989,4.2587
13.9844,0.9992,4.2906
13.9846,1.1282,4.8536
13.9848,1.0833,4.6602
13.9850,1.062,4.5689
13.9852,1.0858,4.671
13.9854,1.0604,4.5723
13.9856,0.9946,4.2849
13.9858,1.0788,4.6411
13.9860,1.0488,4.5163
13.9862,1.0271,4.4208
13.9864,1.0083,4.3378
13.9866,1.0685,4.601
13.9868,1.0149,4.3783
13.9870,0.9342,4.0265
13.9872,0.975,4.2002
13.9874,1.0028,4.3181
13.9876,1.0271,4.4249
13.9878,0.9202,3.9697
13.9880,0.9015,3.8908
13.9882,0.8647,3.7267
13.9884,0.9132,3.9415
13.9886,0.8885,3.8384
13.9888,0.8331,3.5908
13.9890,0.8986,3.8748
13.9892,0.9286,4.0003
13.9894,1.0075,4.3402
13.9896,0.9455,4.0864
13.9898,0.7776,3.3593
13.9900,0.8175,3.5318
13.9902,0.7993,3.4515
13.9904,0.8088,3.4875
13.9906,0.8596,3.7119
13.9908,0.8372,3.6
13.9910,1.0192,4.3888
13.9912,0.9546,4.1105
13.9914,0.9981,4.2979
13.9916,1.0695,4.5987
13.9918,1.1189,4.8112
13.9920,1.0141,4.3767
13.9922,0.8341,3.5949
13.9924,0.9544,4.1057
13.9926,1.0485,4.5085
13.9928,1.0831,4.6553
13.9930,1.1033,4.7463
13.9932,1.12,4.8113
13.9934,1.1577,4.9713
13.9936,1.1485,4.9293
13.9938,1.1971,5.1402
13.9940,1.1481,4.9324
13.9942,1.1774,5.0463
13.9944,1.286,5.5222
13.9946,1.2605,5.4125
13.9948,1.1485,4.9385
13.9950,1.0842,4.6622
13.9952,1.0396,4.4807
13.9954,0.9484,4.0818
13.9956,1.0087,4.3393
13.9958,1.025,4.4177
13.9960,0.9891,4.2592
13.9962,1.0164,4.3764
13.9964,0.9858,4.2428
13.9966,1.0226,4.3992
13.9968,0.9993,4.3051
13.9970,1.0204,4.3899
13.9972,1.0456,4.5045
13.9974,1.018,4.3836
13.9976,1.0229,4.4028
13.9978,1.0554,4.5342
13.9980,1.1006,4.7372
13.9982,1.0092,4.3575
13.9984,0.831,3.5881
13.9986,0.8257,3.567
13.9988,0.8216,3.5478
13.9990,0.8127,3.5111
13.9992,0.8686,3.7472
13.9994,0.8873,3.8244
13.9996,0.8771,3.777
13.9998,0.9132,3.9415
14.0000,0.8048,3.4753
14.0002,0.8424,3.6373
14.0004,0.8196,3.5406
14.0006,0.7651,3.3054
14.0008,0.7804,3.3696
14.0010,0.8054,3.473
14.0012,0.894,3.8533
14.0014,0.8786,3.7867
14.0016,0.9265,3.9934
14.0018,0.8547,3.6924
14.0020,0.8178,3.5328
14.0022,0.8033,3.4669
14.0024,0.8196,3.539
14.0026,0.7524,3.2535
14.0028,0.7233,3.1246
14.0030,0.6832,2.9571
14.0032,0.588,2.5438
14.0034,0.5846,2.5358
14.0036,0.4979,2.1528
14.0038,0.6838,2.961
14.0040,0.5579,2.4159
14.0042,0.529,2.2907
14.0044,0.5536,2.3939
14.0046,0.6392,2.7628
14.0048,0.6473,2.7975
14.0050,0.6533,2.8234
14.0052,0.6849,2.963
14.0054,0.6865,2.9656
14.0056,0.7029,3.0366
14.0058,0.6539,2.8208
14.0060,0.7027,3.0341
14.0062,0.7304,3.1581
14.0064,0.6414,2.7734
14.0066,0.609,2.6297
14.0068,0.6372,2.7552
14.0070,0.6663,2.8786
14.0072,0.7583,3.2713
14.0074,0.7804,3.3634
14.0076,0.8304,3.5822
14.0078,0.7992,3.4477
14.0080,0.7673,3.3132
14.0082,0.7106,3.064
14.0084,0.7932,3.4235
14.0086,0.7067,3.056
14.0088,0.5783,2.503
14.0090,0.5072,2.1952
14.0092,0.4987,2.1584
14.0094,0.4958,2.1469
14.0096,0.4871,2.108
14.0098,0.503,2.1761
14.0100,0.5654,2.4458
14.0102,0.5507,2.3858
14.0104,0.4925,2.1334
14.0106,0.4888,2.1163
14.0108,0.4848,2.0992
14.0110,0.483,2.0914
14.0112,0.4874,2.1086
14.0114,0.4892,2.1154
14.0116,0.4865,2.1064
14.0118,0.4849,2.1006
14.0120,0.488,2.1132
14.0122,0.4871,2.1071
14.0124,0.4841,2.0941
14.0126,0.4846,2.0971
14.0128,0.4819,2.0848
14.0130,0.481,2.0787
14.0132,0.5206,2.2502
14.0134,0.5759,2.4891
14.0136,0.6017,2.5994
14.0138,0.6091,2.6315
14.0140,0.6052,2.6156
14.0142,0.6204,2.6789
14.0144,0.6198,2.6776
14.0146,0.5956,2.5718
14.0148,0.6413,2.7665
14.0150,0.6727,2.9006
14.0152,0.7145,3.0782
14.0154,0.765,3.2957
14.0156,0.7961,3.4295
14.0158,0.8167,3.5135
14.0160,0.8346,3.592
14.0162,0.805,3.471
14.0164,0.7596,3.2694
14.0166,0.7848,3.3857
14.0168,0.6729,2.9003
14.0170,0.7398,3.1858
14.0172,0.8558,3.6799
14.0174,0.8765,3.7709
14.0176,0.8195,3.527
14.0178,0.7897,3.4006
14.0180,0.7878,3.3907
14.0182,0.7711,3.3251
14.0184,0.6518,2.8159
14.0186,0.6359,2.7483
14.0188,0.6083,2.6242
14.0190,0.6007,2.5916
14.0192,0.6274,2.709
14.0194,0.591,2.558
14.0196,0.4992,2.1575
14.0198,0.5674,2.4546
14.0200,0.4688,2.0264
14.0202,0.5087,2.1994
14.0204,0.4551,1.9704
14.0206,0.423,1.8309
14.0208,0.4161,1.8
14.0210,0.4139,1.7906
14.0212,0.4493,1.9437
14.0214,0.4324,1.8714
14.0216,0.4083,1.7655
14.0218,0.4364,1.8868
14.0220,0.424,1.8359
14.0222,0.4401,1.9046
14.0224,0.4302,1.8612
14.0226,0.4013,1.7362
14.0228,0.3946,1.7079
14.0230,0.3962,1.7139
14.0232,0.4079,1.7623
14.0234,0.4224,1.8266
14.0236,0.4411,1.9066
14.0238,0.4894,2.115
14.0240,0.5504,2.37
14.0242,0.7415,3.1841
14.0244,0.874,3.7548
14.0246,0.8888,3.8199
14.0248,0.843,3.6247
14.0250,0.7913,3.4041
14.0252,0.8009,3.4454
14.0254,0.8237,3.5401
14.0256,0.8721,3.7466
14.0258,0.8757,3.7603
14.0260,0.9185,3.9459
14.0262,0.9352,4.0156
14.0264,0.9641,4.1301
14.0266,1.0313,4.4203
14.0268,0.9987,4.2865
14.0270,0.9993,4.2871
14.0272,1.0533,4.5144
14.0274,1.062,4.5455
14.0276,1.1042,4.7328
14.0278,1.0601,4.5522
14.0280,0.9764,4.1889
14.0282,1.0023,4.3
14.0284,0.9829,4.2186
14.0286,0.9714,4.1692
14.0288,1.0068,4.321
14.0290,1.0281,4.4065
14.0292,1.0811,4.6314
14.0294,1.0604,4.5553
14.0296,0.9799,4.2038
14.0298,1.0246,4.3977
14.0300,1.0018,4.3039
14.0302,0.9497,4.0779
14.0304,1.0135,4.3519
14.0306,0.9788,4.1991
14.0308,0.968,4.1587
14.0310,0.8984,3.8594
14.0312,0.9433,4.0525
14.0314,0.9932,4.2609
14.0316,1.0168,4.3724
14.0318,0.9263,3.9812
14.0320,0.949,4.0749
14.0322,0.958,4.1135
14.0324,0.9642,4.1383
14.0326,0.9446,4.0582
14.0328,0.965,4.1477
14.0330,0.9655,4.1459
14.0332,0.9083,3.9076
14.0334,0.9059,3.8936
14.0336,0.9237,3.9662
14.0338,0.9678,4.1538
14.0340,0.9786,4.1942
14.0342,1.0375,4.4569
14.0344,0.9628,4.1418
14.0346,0.9221,3.9632
14.0348,0.8936,3.8459
14.0350,0.8394,3.6126
14.0352,0.7982,3.4436
14.0354,0.6969,3.0037
14.0356,0.7502,3.2272
14.0358,0.765,3.2988
14.0360,0.7139,3.0771
14.0362,0.7391,3.1856
14.0364,0.6945,2.9934
14.0366,0.7449,3.2089
14.0368,0.7167,3.0904
14.0370,0.7153,3.0785
14.0372,0.7527,3.2425
14.0374,0.707,3.0457
14.0376,0.7343,3.1635
14.0378,0.7985,3.4382
14.0380,0.7727,3.3257
14.0382,0.8222,3.5405
14.0384,0.8258,3.5543
14.0386,0.7739,3.3386
14.0388,0.6033,2.6049
14.0390,0.5635,2.433
14.0392,0.5914,2.5548
14.0394,0.5855,2.5306
14.0396,0.6081,2.6256
14.0398,0.5258,2.2715
14.0400,0.4843,2.0922
14.0402,0.4901,2.1161
14.0404,0.6113,2.6335
14.0406,0.6846,2.9546
14.0408,0.5824,2.516
14.0410,0.5229,2.2601
14.0412,0.5262,2.2741
14.0414,0.524,2.2647
14.0416,0.5241,2.2642
14.0418,0.5242,2.2647
14.0420,0.525,2.2678
14.0422,0.5274,2.2782
14.0424,0.5348,2.306
14.0426,0.5578,2.4109
14.0428,0.5138,2.2207
14.0430,0.5217,2.2528
14.0432,0.539,2.3252
14.0434,0.5395,2.3316
14.0436,0.5938,2.5604
14.0438,0.6007,2.594
14.0440,0.5603,2.4173
14.0442,0.5898,2.5422
14.0444,0.6509,2.8065
14.0446,0.6385,2.7533
14.0448,0.6457,2.7791
14.0450,0.6638,2.8597
14.0452,0.6644,2.861
14.0454,0.6648,2.8612
14.0456,0.7119,3.0669
14.0458,0.709,3.0545
14.0460,0.6588,2.8407
14.0462,0.698,3.0028
14.0464,0.8103,3.4829
14.0466,0.8398,3.6063
14.0468,0.8516,3.6602
14.0470,0.8384,3.6085
14.0472,0.7826,3.367
14.0474,0.792,3.4072
14.0476,0.7782,3.3541
14.0478,0.6722,2.8959
14.0480,0.7274,3.1262
14.0482,0.8239,3.5428
14.0484,0.8186,3.5184
14.0486,0.8362,3.5975
14.0488,0.8197,3.5231
14.0490,0.8497,3.6485
14.0492,0.8822,3.7933
14.0494,0.8481,3.6486
14.0496,0.7657,3.2973
14.0498,0.7566,3.2535
14.0500,0.7565,3.253
14.0502,0.8102,3.4791
14.0504,0.8472,3.6445
14.0506,0.7179,3.0984
14.0508,0.6253,2.6977
14.0510,0.6259,2.7002
14.0512,0.6013,2.5894
14.0514,0.7139,3.0742
14.0516,0.7421,3.1941
14.0518,0.7872,3.3897
14.0520,0.6409,2.7649
14.0522,0.5912,2.5526
14.0524,0.5584,2.4101
14.0526,0.5495,2.3718
14.0528,0.5119,2.2093
14.0530,0.5132,2.216
14.0532,0.5729,2.4728
14.0534,0.5756,2.4807
14.0536,0.6018,2.5951
14.0538,0.5856,2.53
14.0540,0.5311,2.2943
14.0542,0.525,2.2689
14.0544,0.4577,1.9791
14.0546,0.4078,1.7634
14.0548,0.4023,1.7395
14.0550,0.4075,1.7626
14.0552,0.4067,1.7571
14.0554,0.4071,1.7586
14.0556,0.4302,1.8586
14.0558,0.464,2.0065
14.0560,0.4398,1.8983
14.0562,0.479,2.0666
14.0564,0.4917,2.1234
14.0566,0.5139,2.2192
14.0568,0.4435,1.9135
14.0570,0.5035,2.1691
14.0572,0.6113,2.6359
14.0574,0.6109,2.6295
14.0576,0.6723,2.8964
14.0578,0.6569,2.8298
14.0580,0.6746,2.9008
14.0582,0.7384,3.1722
14.0584,0.8193,3.5183
14.0586,0.8474,3.6421
14.0588,0.8151,3.5019
14.0590,0.7949,3.4132
14.0592,0.7901,3.3989
14.0594,0.7657,3.2927
14.0596,0.7961,3.4168
14.0598,0.8809,3.7824
14.0600,0.8997,3.8596
14.0602,0.9425,4.0433
14.0604,0.906,3.8833
14.0606,0.9875,4.2362
14.0608,0.9894,4.2405
14.0610,1.0239,4.3864
14.0612,1.057,4.5303
14.0614,1.0454,4.4742
14.0616,1.098,4.6995
14.0618,1.0747,4.6042
14.0620,1.0235,4.3951
14.0622,0.9632,4.14
14.0624,0.8629,3.7034
14.0626,0.9086,3.8977
14.0628,0.931,3.992
14.0630,0.9304,3.9932
14.0632,0.8707,3.7421
14.0634,0.8725,3.7516
14.0636,0.8265,3.5591
14.0638,0.7673,3.3025
14.0640,0.7872,3.3803
14.0642,0.8863,3.8056
14.0644,0.89,3.8233
14.0646,0.9226,3.9542
14.0648,0.9768,4.1884
14.0650,0.9767,4.1918
14.0652,0.9903,4.2525
14.0654,0.9746,4.1772
14.0656,1.0152,4.3489
14.0658,1.0355,4.4425
14.0660,0.9523,4.0893
14.0662,0.8612,3.7014
14.0664,0.8214,3.527
14.0666,0.9074,3.8944
14.0668,0.9448,4.0606
14.0670,0.8948,3.8457
14.0672,0.8725,3.7498
14.0674,0.8355,3.5928
14.0676,0.8642,3.7143
14.0678,0.8734,3.754
14.0680,0.8464,3.6482
14.0682,0.6848,2.946
14.0684,0.8028,3.4504
14.0686,0.8896,3.8218
14.0688,0.8642,3.716
14.0690,0.8147,3.5079
14.0692,0.8095,3.4857
14.0694,0.7541,3.2472
14.0696,0.7908,3.4036
14.0698,0.7663,3.2999
14.0700,0.7522,3.2465
14.0702,0.6382,2.7505
14.0704,0.6431,2.7755
14.0706,0.5378,2.3254
14.0708,0.4921,2.1269
14.0710,0.481,2.0768
14.0712,0.4835,2.0896
14.0714,0.4884,2.1118
14.0716,0.4907,2.1197
14.0718,0.4973,2.1462
14.0720,0.5216,2.2544
14.0722,0.4939,2.1347
14.0724,0.4519,1.9551
14.0726,0.4035,1.7431
14.0728,0.4319,1.8659
14.0730,0.4564,1.9725
14.0732,0.4541,1.9626
14.0734,0.5067,2.1861
14.0736,0.5969,2.5727
14.0738,0.5648,2.4387
14.0740,0.4639,2.0032
14.0742,0.4505,1.9471
14.0744,0.459,1.9829
14.0746,0.4627,1.9971
14.0748,0.464,2.0065
14.0750,0.4652,2.0098
14.0752,0.4616,1.9934
14.0754,0.4628,1.9995
14.0756,0.471,2.0328
14.0758,0.5167,2.229
14.0760,0.541,2.334
14.0762,0.5485,2.366
14.0764,0.5369,2.3142
14.0766,0.4571,1.9746
14.0768,0.4584,1.9794
14.0770,0.4519,1.9532
14.0772,0.4857,2.0945
14.0774,0.5398,2.3256
14.0776,0.5895,2.5418
14.0778,0.5792,2.4961
14.0780,0.576,2.485
14.0782,0.5172,2.229
14.0784,0.5922,2.5572
14.0786,0.4931,2.128
14.0788,0.5203,2.2403
14.0790,0.564,2.431
14.0792,0.571,2.4621
14.0794,0.565,2.4352
14.0796,0.5625,2.4243
14.0798,0.5625,2.4266
14.0800,0.5734,2.4702
14.0802,0.6003,2.5859
14.0804,0.5612,2.4186
14.0806,0.5681,2.4475
14.0808,0.6216,2.6741
14.0810,0.6935,2.985
14.0812,0.729,3.129
14.0814,0.8301,3.5695
14.0816,0.7646,3.2941
14.0818,0.717,3.0833
14.0820,0.7551,3.2543
14.0822,0.5718,2.4646
14.0824,0.5535,2.3855
14.0826,0.5385,2.3231
14.0828,0.5333,2.2987
14.0830,0.5993,2.5818
14.0832,0.545,2.3521
14.0834,0.5373,2.3158
14.0836,0.6077,2.6119
14.0838,0.6854,2.9513
14.0840,0.6092,2.6234
14.0842,0.6378,2.7438
14.0844,0.6505,2.7984
14.0846,0.6865,2.9518
14.0848,0.6983,3.0057
14.0850,0.6764,2.9153
14.0852,0.6645,2.8575
14.0854,0.6869,2.9594
14.0856,0.6236,2.6841
14.0858,0.6959,2.9898
14.0860,0.7746,3.3277
14.0862,0.8097,3.4802
14.0864,0.8109,3.4821
14.0866,0.8118,3.4906
14.0868,0.7362,3.1717
14.0870,0.6476,2.7925
14.0872,0.588,2.5344
14.0874,0.5744,2.4743
14.0876,0.5481,2.3601
14.0878,0.6121,2.6395
14.0880,0.4855,2.0964
14.0882,0.4386,1.8948
14.0884,0.4676,2.0183
14.0886,0.4722,2.037
14.0888,0.4434,1.9156
14.0890,0.4011,1.7327
14.0892,0.3998,1.7254
14.0894,0.4076,1.7582
14.0896,0.4649,2.0036
14.0898,0.5801,2.5003
14.0900,0.5726,2.4654
14.0902,0.6254,2.6919
14.0904,0.6853,2.9453
14.0906,0.7101,3.0548
14.0908,0.6733,2.8951
14.0910,0.7184,3.0904
14.0912,0.7163,3.0816
14.0914,0.727,3.1246
14.0916,0.7691,3.3071
14.0918,0.7697,3.3035
14.0920,0.8985,3.8544
14.0922,0.9224,3.9536
14.0924,0.934,4.0029
14.0926,0.9295,3.9839
14.0928,0.9467,4.0574
14.0930,0.9757,4.1798
14.0932,0.9686,4.1553
14.0934,0.9828,4.2141
14.0936,0.9653,4.139
14.0938,0.8698,3.7332
14.0940,0.8142,3.496
14.0942,0.8365,3.5918
14.0944,0.8557,3.6759
14.0946,0.8505,3.6538
14.0948,0.8174,3.5116
14.0950,0.8578,3.68
14.0952,0.9058,3.884
14.0954,0.9394,4.0242
14.0956,0.965,4.136
14.0958,0.91,3.9093
14.0960,0.8561,3.6797
14.0962,0.8199,3.5257
14.0964,0.7637,3.2808
14.0966,0.8031,3.4503
14.0968,0.8483,3.6428
14.0970,0.8438,3.6249
14.0972,0.8742,3.747
14.0974,0.9073,3.8997
14.0976,0.8019,3.4499
14.0978,0.7567,3.2555
14.0980,0.7847,3.371
14.0982,0.8118,3.4857
14.0984,0.8421,3.6227
14.0986,0.7337,3.155
14.0988,0.7545,3.2427
14.0990,0.7591,3.2658
14.0992,0.7676,3.2993
14.0994,0.7652,3.2936
14.0996,0.7198,3.0952
14.0998,0.7705,3.3148
14.1000,0.7716,3.3163
14.1002,0.8045,3.4576
14.1004,0.7916,3.404
14.1006,0.8029,3.4493
14.1008,0.7971,3.4325
14.1010,0.722,3.1059
14.1012,0.7487,3.2194
14.1014,0.7547,3.2437
14.1016,0.7793,3.3509
14.1018,0.7037,3.0289
14.1020,0.684,2.9465
14.1022,0.6744,2.9065
14.1024,0.6114,2.6352
14.1026,0.6543,2.8176
14.1028,0.727,3.1319
14.1030,0.6681,2.8756
14.1032,0.6381,2.7517
14.1034,0.5929,2.5556
14.1036,0.5901,2.5455
14.1038,0.5652,2.4373
14.1040,0.5973,2.5754
14.1042,0.6137,2.645
14.1044,0.6006,2.5874
14.1046,0.5944,2.563
14.1048,0.6016,2.594
14.1050,0.6289,2.7081
14.1052,0.6417,2.7608
14.1054,0.6928,2.9833
14.1056,0.6668,2.8713
14.1058,0.6482,2.7912
14.1060,0.7253,3.1189
14.1062,0.7622,3.2777
14.1064,0.6632,2.8584
14.1066,0.6209,2.6735
14.1068,0.6718,2.8916
14.1070,0.6804,2.931
14.1072,0.6675,2.8757
14.1074,0.6567,2.8266
14.1076,0.6879,2.9676
14.1078,0.5793,2.5013
14.1080,0.5419,2.3365
14.1082,0.5521,2.3793
14.1084,0.575,2.4792
14.1086,0.5637,2.4329
14.1088,0.5632,2.4274
14.1090,0.6031,2.6007
14.1092,0.568,2.4458
14.1094,0.7072,3.0424
14.1096,0.6799,2.9262
14.1098,0.6355,2.7378
14.1100,0.5781,2.4915
14.1102,0.5522,2.381
14.1104,0.5597,2.4158
14.1106,0.5321,2.2957
14.1108,0.5293,2.2822
14.1110,0.5317,2.2936
14.1112,0.5293,2.2822
14.1114,0.5306,2.2879
14.1116,0.5282,2.2776
14.1118,0.5693,2.4515
14.1120,0.6536,2.8132
14.1122,0.653,2.8093
14.1124,0.642,2.7657
14.1126,0.6619,2.8474
14.1128,0.7212,3.1028
14.1130,0.6584,2.8351
14.1132,0.6468,2.7863
14.1134,0.6493,2.7946
14.1136,0.7001,3.0078
14.1138,0.7644,3.2854
14.1140,0.7482,3.2144
14.1142,0.8617,3.7034
14.1144,0.8058,3.4632
14.1146,0.7705,3.3117
14.1148,0.7668,3.2988
14.1150,0.6955,2.9919
14.1152,0.7133,3.0716
14.1154,0.662,2.8493
14.1156,0.6687,2.8782
14.1158,0.717,3.0847
14.1160,0.7819,3.3607
14.1162,0.7766,3.338
14.1164,0.7398,3.1842
14.1166,0.7087,3.0486
14.1168,0.7575,3.2571
14.1170,0.7277,3.1335
14.1172,0.7114,3.0619
14.1174,0.7287,3.1304
14.1176,0.7474,3.2152
14.1178,0.682,2.9382
14.1180,0.6531,2.8111
14.1182,0.6275,2.7057
14.1184,0.6151,2.6512
14.1186,0.6164,2.6593
14.1188,0.5383,2.3231
14.1190,0.5323,2.293
14.1192,0.6161,2.6529
14.1194,0.6286,2.7128
14.1196,0.5241,2.261
14.1198,0.4536,1.9596
14.1200,0.3899,1.6845
14.1202,0.3981,1.7198
14.1204,0.4494,1.9433
14.1206,0.3952,1.7081
14.1208,0.3796,1.6415
14.1210,0.3799,1.641
14.1212,0.3932,1.6977
14.1214,0.3914,1.69
14.1216,0.3793,1.6392
14.1218,0.3758,1.6242
14.1220,0.38,1.6415
14.1222,0.3932,1.6993
14.1224,0.395,1.7063
14.1226,0.4384,1.8903
14.1228,0.5362,2.309
14.1230,0.5624,2.4227
14.1232,0.5646,2.4314
14.1234,0.6579,2.8252
14.1236,0.7197,3.0961
14.1238,0.6654,2.8637
14.1240,0.6902,2.965
14.1242,0.7554,3.2453
14.1244,0.7723,3.3133
14.1246,0.8239,3.5377
14.1248,0.8361,3.5869
14.1250,0.8968,3.8436
14.1252,0.9025,3.8701
14.1254,0.8867,3.8022
14.1256,0.9017,3.8719
14.1258,0.8106,3.4838
14.1260,0.828,3.5553
14.1262,0.856,3.6757
14.1264,0.8764,3.751
14.1266,0.9721,4.1625
14.1268,0.9939,4.2559
14.1270,0.9993,4.283
14.1272,0.9726,4.1684
14.1274,0.986,4.228
14.1276,0.9402,4.0297
14.1278,1.0142,4.3488
14.1280,0.9557,4.094
14.1282,0.969,4.1588
14.1284,0.9239,3.9598
14.1286,0.9734,4.1798
14.1288,0.927,3.9806
14.1290,0.9027,3.867
14.1292,0.9516,4.0785
14.1294,1.0186,4.3617
14.1296,1.0859,4.6476
14.1298,1.0593,4.5294
14.1300,1.1253,4.8164
14.1302,1.1083,4.7435
14.1304,1.1202,4.7966
14.1306,1.0631,4.5628
14.1308,0.9107,3.9105
14.1310,0.9155,3.9293
14.1312,0.8641,3.712
14.1314,0.8244,3.5431
14.1316,0.8182,3.5234
14.1318,0.7543,3.2452
14.1320,0.7166,3.0855
14.1322,0.6834,2.9411
14.1324,0.7214,3.1033
14.1326,0.7704,3.3081
14.1328,0.8043,3.4619
14.1330,0.7465,3.2146
14.1332,0.7563,3.2534
14.1334,0.7208,3.1036
14.1336,0.6947,2.9943
14.1338,0.6098,2.6309
14.1340,0.5872,2.5296
14.1342,0.5987,2.5816
14.1344,0.5516,2.3784
14.1346,0.5646,2.4347
14.1348,0.5933,2.5595
14.1350,0.5898,2.5433
14.1352,0.5865,2.5288
14.1354,0.5908,2.5439
14.1356,0.6474,2.7915
14.1358,0.5577,2.4059
14.1360,0.5181,2.2352
14.1362,0.5838,2.5151
14.1364,0.6573,2.8318
14.1366,0.6302,2.715
14.1368,0.6133,2.6459
14.1370,0.5886,2.537
14.1372,0.6242,2.6905
14.1374,0.6197,2.6696
14.1376,0.5895,2.5394
14.1378,0.5831,2.5155
14.1380,0.6007,2.5868
14.1382,0.6214,2.6818
14.1384,0.5239,2.26
14.1386,0.5824,2.5101
14.1388,0.6048,2.6067
14.1390,0.5594,2.4131
14.1392,0.5242,2.2605
14.1394,0.5523,2.3848
14.1396,0.4941,2.1337
14.1398,0.4901,2.1141
14.1400,0.5021,2.1669
14.1402,0.466,2.0157
14.1404,0.405,1.7514
14.1406,0.43,1.8567
14.1408,0.4995,2.154
14.1410,0.4921,2.1239
14.1412,0.4493,1.9391
14.1414,0.4476,1.931
14.1416,0.4815,2.0812
14.1418,0.4374,1.8897
14.1420,0.4434,1.9129
14.1422,0.4739,2.0462
14.1424,0.4572,1.9742
14.1426,0.4515,1.9485
14.1428,0.4383,1.8924
14.1430,0.4407,1.901
14.1432,0.4832,2.0827
14.1434,0.5903,2.543
14.1436,0.5826,2.5111
14.1438,0.5499,2.3689
14.1440,0.5681,2.4486
14.1442,0.5786,2.4936
14.1444,0.5792,2.4915
14.1446,0.6109,2.6294
14.1448,0.6199,2.6681
14.1450,0.6826,2.9326
14.1452,0.7591,3.2658
14.1454,0.7151,3.0808
14.1456,0.6483,2.7904
14.1458,0.6501,2.7969
14.1460,0.6853,2.9453
14.1462,0.7415,3.187
14.1464,0.7411,3.1854
14.1466,0.7132,3.0668
14.1468,0.6923,2.9771
14.1470,0.7503,3.2246
14.1472,0.7464,3.2081
14.1474,0.7328,3.1494
14.1476,0.7792,3.3473
14.1478,0.7812,3.356
14.1480,0.7811,3.3539
14.1482,0.7669,3.3024
14.1484,0.6437,2.7755
14.1486,0.5517,2.3778
14.1488,0.5463,2.3556
14.1490,0.5856,2.5241
14.1492,0.5805,2.4995
14.1494,0.5956,2.5669
14.1496,0.5408,2.3308
14.1498,0.5355,2.308
14.1500,0.535,2.307
14.1502,0.5324,2.2935
14.1504,0.5317,2.2926
14.1506,0.5309,2.2905
14.1508,0.5052,2.1773
14.1510,0.5928,2.5479
14.1512,0.6248,2.6968
14.1514,0.4763,2.0546
14.1516,0.4471,1.9298
14.1518,0.4505,1.9416
14.1520,0.5035,2.1731
14.1522,0.4975,2.1462
14.1524,0.5511,2.3763
14.1526,0.5079,2.1892
14.1528,0.519,2.2357
14.1530,0.5489,2.3637
14.1532,0.5914,2.5477
14.1534,0.5214,2.246
14.1536,0.5522,2.3765
14.1538,0.6411,2.7608
14.1540,0.6145,2.6498
14.1542,0.5127,2.2098
14.1544,0.5079,2.1902
14.1546,0.5055,2.1788
14.1548,0.5122,2.2067
14.1550,0.4926,2.126
14.1552,0.4267,1.8427
14.1554,0.442,1.9067
14.1556,0.4168,1.7981
14.1558,0.4554,1.9619
14.1560,0.566,2.437
14.1562,0.6064,2.611
14.1564,0.6136,2.6383
14.1566,0.6517,2.8023
14.1568,0.7282,3.1298
14.1570,0.6804,2.9296
14.1572,0.5921,2.5484
14.1574,0.6892,2.9609
14.1576,0.7352,3.1597
14.1578,0.7595,3.2628
14.1580,0.8041,3.4464
14.1582,0.8648,3.7116
14.1584,0.8558,3.6696
14.1586,0.951,4.0721
14.1588,0.9812,4.2054
14.1590,0.926,3.9709
14.1592,0.9703,4.1567
14.1594,0.9742,4.1698
14.1596,1.0262,4.3899
14.1598,1.0753,4.5981
14.1600,1.0732,4.591
14.1602,1.0964,4.6927
14.1604,1.0742,4.5999
14.1606,1.0145,4.3483
14.1608,0.9222,3.9636
14.1610,0.8176,3.5093
14.1612,0.8771,3.7541
14.1614,0.9924,4.2532
14.1616,0.9307,3.9891
14.1618,0.9264,3.978
14.1620,0.8607,3.6958
14.1622,0.8528,3.6618
14.1624,0.826,3.547
14.1626,0.8656,3.7083
14.1628,0.9083,3.9002
14.1630,0.7788,3.3488
14.1632,0.7916,3.4008
14.1634,0.8486,3.6421
14.1636,0.865,3.7126
14.1638,0.8512,3.6517
14.1640,0.895,3.8377
14.1642,0.9641,4.1339
14.1644,0.921,3.9511
14.1646,0.9323,3.9939
14.1648,0.9751,4.1831
14.1650,0.9396,4.0346
14.1652,0.9239,3.9709
14.1654,0.8631,3.7061
14.1656,0.8612,3.6979
14.1658,0.85,3.65
14.1660,0.8563,3.6802
14.1662,0.8443,3.6253
14.1664,0.8521,3.657
14.1666,0.8501,3.6556
14.1668,0.8595,3.6924
14.1670,0.8704,3.7375
14.1672,0.8461,3.6313
14.1674,0.8678,3.7245
14.1676,0.9335,4.0028
14.1678,0.9963,4.2762
14.1680,0.9157,3.9303
14.1682,0.8988,3.8631
14.1684,0.8699,3.7355
14.1686,0.8264,3.5519
14.1688,0.7732,3.3323
14.1690,0.654,2.8212
14.1692,0.6179,2.6581
14.1694,0.7226,3.1142
14.1696,0.6046,2.6057
14.1698,0.609,2.6273
14.1700,0.576,2.4839
14.1702,0.574,2.4739
14.1704,0.58,2.4974
14.1706,0.5926,2.5576
14.1708,0.489,2.1134
14.1710,0.4793,2.0704
14.1712,0.4812,2.0778
14.1714,0.5082,2.1902
14.1716,0.5765,2.4882
14.1718,0.5323,2.2983
14.1720,0.5309,2.2916
14.1722,0.5289,2.2807
14.1724,0.5302,2.2863
14.1726,0.6333,2.7247
14.1728,0.7178,3.0864
14.1730,0.6699,2.89
14.1732,0.5557,2.3982
14.1734,0.532,2.2952
14.1736,0.5271,2.274
14.1738,0.5309,2.2905
14.1740,0.5325,2.2983
14.1742,0.5268,2.2703
14.1744,0.5272,2.2734
14.1746,0.5232,2.2569
14.1748,0.5254,2.2678
14.1750,0.5303,2.2869
14.1752,0.5286,2.2802
14.1754,0.5339,2.3034
14.1756,0.5433,2.3427
14.1758,0.5431,2.3406
14.1760,0.551,2.3736
14.1762,0.6262,2.695
14.1764,0.7016,3.0238
14.1766,0.6125,2.6398
14.1768,0.5479,2.3613
14.1770,0.545,2.3499
14.1772,0.5399,2.3293
14.1774,0.5486,2.3611
14.1776,0.6405,2.7569
14.1778,0.6558,2.8251
14.1780,0.6293,2.7084
14.1782,0.6554,2.8222
14.1784,0.6489,2.7956
14.1786,0.6378,2.7463
14.1788,0.638,2.7473
14.1790,0.642,2.7618
14.1792,0.6651,2.86
14.1794,0.7648,3.2839
14.1796,0.8176,3.511
14.1798,0.8465,3.6368
14.1800,0.8018,3.4478
14.1802,0.7289,3.1358
14.1804,0.7176,3.0887
14.1806,0.7124,3.0689
14.1808,0.6357,2.7388
14.1810,0.6658,2.8618
14.1812,0.729,3.1334
14.1814,0.747,3.2137
14.1816,0.7524,3.2414
14.1818,0.667,2.871
14.1820,0.6344,2.7344
14.1822,0.6043,2.6035
14.1824,0.6408,2.7541
14.1826,0.784,3.3663
14.1828,0.8212,3.5297
14.1830,0.721,3.1032
14.1832,0.6825,2.9389
14.1834,0.6862,2.9563
14.1836,0.6234,2.6856
14.1838,0.5862,2.5231
14.1840,0.6733,2.8978
14.1842,0.6606,2.8431
14.1844,0.6949,2.9907
14.1846,0.677,2.9111
14.1848,0.6775,2.9199
14.1850,0.6377,2.7432
14.1852,0.7144,3.0748
14.1854,0.7149,3.0726
14.1856,0.7404,3.1809
14.1858,0.7919,3.4003
14.1860,0.8518,3.6577
14.1862,0.8706,3.7386
14.1864,0.8587,3.6871
14.1866,0.8718,3.7489
14.1868,0.7834,3.3731
14.1870,0.6817,2.9312
14.1872,0.6883,2.9651
14.1874,0.6441,2.775
14.1876,0.674,2.8995
14.1878,0.7168,3.0851
14.1880,0.6928,2.9833
14.1882,0.6204,2.6789
14.1884,0.4957,2.1414
14.1886,0.4715,2.0349
14.1888,0.4686,2.0215
14.1890,0.4956,2.1369
14.1892,0.5698,2.4536
14.1894,0.595,2.5632
14.1896,0.5856,2.5241
14.1898,0.5796,2.4971
14.1900,0.6794,2.9214
14.1902,0.7447,3.2054
14.1904,0.6943,2.9853
14.1906,0.6699,2.8833
14.1908,0.6768,2.9087
14.1910,0.7537,3.2396
14.1912,0.7736,3.3251
14.1914,0.7947,3.4174
14.1916,0.8396,3.6069
14.1918,0.8547,3.6667
14.1920,0.874,3.7512
14.1922,0.8581,3.6845
14.1924,0.8276,3.5504
14.1926,0.9192,3.9397
14.1928,0.9593,4.1133
14.1930,1.0126,4.332
14.1932,1.0772,4.6128
14.1934,1.0787,4.6168
14.1936,1.1264,4.8233
14.1938,1.1242,4.8118
14.1940,1.0641,4.5627
14.1942,0.9274,3.9821
14.1944,0.8968,3.8526
14.1946,0.9065,3.8871
14.1948,0.9271,3.9811
14.1950,0.9025,3.8773
14.1952,0.8855,3.8024
14.1954,0.8747,3.7561
14.1956,0.8495,3.6513
14.1958,0.8722,3.7435
14.1960,0.9638,4.1328
14.1962,0.9385,4.0319
14.1964,0.8411,3.6169
14.1966,0.8087,3.4724
14.1968,0.788,3.3901
14.1970,0.7109,3.0556
14.1972,0.7846,3.3704
14.1974,0.8125,3.5002
14.1976,0.7397,3.1822
14.1978,0.8222,3.5305
14.1980,0.8748,3.7583
14.1982,0.8248,3.5468
14.1984,0.8127,3.4899
14.1986,0.7916,3.4056
14.1988,0.7203,3.0987
14.1990,0.738,3.1765
14.1992,0.7493,3.225
14.1994,0.7457,3.2035
14.1996,0.8043,3.4603
14.1998,0.7658,3.2947
14.2000,0.775,3.3339
14.2002,0.6869,2.9621
14.2004,0.6054,2.6081
14.2006,0.6765,2.9131
14.2008,0.7409,3.1889
14.2010,0.7745,3.3318
14.2012,0.7439,3.2077
14.2014,0.6393,2.7569
14.2016,0.5458,2.3536
14.2018,0.559,2.4116
14.2020,0.4995,2.158
14.2022,0.4859,2.0989
14.2024,0.5152,2.2227
14.2026,0.5571,2.4022
14.2028,0.5602,2.4134
14.2030,0.5959,2.5721
14.2032,0.5185,2.2378
14.2034,0.5772,2.489
14.2036,0.5021,2.1689
14.2038,0.479,2.0684
14.2040,0.5042,2.1752
14.2042,0.5362,2.3143
14.2044,0.6033,2.6012
14.2046,0.6094,2.6252
14.2048,0.6667,2.8721
14.2050,0.6057,2.6116
14.2052,0.5044,2.1792
14.2054,0.4843,2.0912
14.2056,0.5003,2.1571
14.2058,0.5732,2.4703
14.2060,0.5817,2.5082
14.2062,0.5632,2.4285
14.2064,0.5764,2.4854
14.2066,0.5622,2.4222
14.2068,0.5681,2.4497
14.2070,0.5698,2.4558
14.2072,0.564,2.431
14.2074,0.5985,2.5758
14.2076,0.6391,2.7597
14.2078,0.4974,2.1477
14.2080,0.4625,1.997
14.2082,0.4651,2.0075
14.2084,0.4507,1.9472
14.2086,0.4541,1.9608
14.2088,0.4552,1.9645
14.2090,0.4608,1.9879
14.2092,0.4525,1.9549
14.2094,0.4558,1.9662
14.2096,0.4603,1.9858
14.2098,0.5313,2.291
14.2100,0.5034,2.1695
14.2102,0.5283,2.2791
14.2104,0.4621,1.9936
14.2106,0.4483,1.9359
14.2108,0.4516,1.9508
14.2110,0.4475,1.9323
14.2112,0.463,1.9972
14.2114,0.518,2.2346
14.2116,0.5604,2.4155
14.2118,0.5633,2.4279
14.2120,0.5957,2.5663
14.2122,0.5667,2.4424
14.2124,0.5741,2.471
14.2126,0.614,2.6478
14.2128,0.573,2.4675
14.2130,0.5684,2.4508
14.2132,0.5696,2.4514
14.2134,0.6679,2.8692
14.2136,0.7621,3.2741
14.2138,0.7304,3.1405
14.2140,0.7149,3.0712
14.2142,0.7348,3.1596
14.2144,0.689,2.9654
14.2146,0.6607,2.8423
14.2148,0.6534,2.8147
14.2150,0.626,2.6945
14.2152,0.6311,2.7161
14.2154,0.6094,2.6227
14.2156,0.5522,2.381
14.2158,0.5372,2.3163
14.2160,0.5362,2.3122
14.2162,0.5506,2.3709
14.2164,0.5867,2.5264
14.2166,0.6299,2.7135
14.2168,0.6446,2.7719
14.2170,0.6416,2.7615
14.2172,0.5818,2.5087
14.2174,0.5354,2.3086
14.2176,0.5489,2.3659
14.2178,0.5256,2.2672
14.2180,0.5485,2.366
14.2182,0.5146,2.2181
14.2184,0.5107,2.2011
14.2186,0.5054,2.1773
14.2188,0.5439,2.3431
14.2190,0.575,2.4746
14.2192,0.6443,2.7716
14.2194,0.6589,2.8359
14.2196,0.6893,2.9628
14.2198,0.7413,3.1874
14.2200,0.6156,2.6569
14.2202,0.4529,1.9538
14.2204,0.4475,1.9323
14.2206,0.4035,1.7431
14.2208,0.4052,1.7503
14.2210,0.4048,1.7471
14.2212,0.4036,1.7428
14.2214,0.4016,1.7356
14.2216,0.4385,1.8943
14.2218,0.4011,1.7303
14.2220,0.452,1.9447
14.2222,0.5904,2.5424
14.2224,0.581,2.4992
14.2226,0.561,2.4192
14.2228,0.495,2.1343
14.2230,0.5344,2.3012
14.2232,0.6173,2.6531
14.2234,0.6867,2.9528
14.2236,0.6655,2.8629
14.2238,0.6772,2.9108
14.2240,0.6883,2.9554
14.2242,0.7435,3.1958
14.2244,0.7636,3.2757
14.2246,0.8379,3.593
14.2248,0.8758,3.7572
14.2250,0.8675,3.7234
14.2252,0.8441,3.6214
14.2254,0.8624,3.6979
14.2256,0.865,3.7022
14.2258,0.9826,4.2057
14.2260,1.0251,4.3874
14.2262,1.0563,4.5145
14.2264,1.1221,4.7958
14.2266,1.1187,4.7837
14.2268,1.1149,4.7673
14.2270,1.1283,4.8292
14.2272,1.056,4.5134
14.2274,1.0901,4.659
14.2276,1.1323,4.8439
14.2278,1.1286,4.8258
14.2280,1.1561,4.9414
14.2282,1.1121,4.7644
14.2284,0.9819,4.2085
14.2286,0.9439,4.0475
14.2288,0.9577,4.1047
14.2290,1.0733,4.5958
14.2292,1.0398,4.4547
14.2294,1.0166,4.3611
14.2296,0.9726,4.1665
14.2298,1.0313,4.412
14.2300,1.0607,4.544
14.2302,0.9497,4.0741
14.2304,0.8578,3.6903
14.2306,0.7902,3.401
14.2308,0.7784,3.3504
14.2310,0.754,3.2406
14.2312,0.7937,3.4096
14.2314,0.7973,3.4298
14.2316,0.7747,3.3313
14.2318,0.7699,3.3091
14.2320,0.8093,3.4749
14.2322,0.8704,3.7358
14.2324,0.8764,3.7633
14.2326,0.8828,3.7959
14.2328,0.8069,3.4679
14.2330,0.7808,3.356
14.2332,0.7535,3.2385
14.2334,0.7468,3.2097
14.2336,0.7848,3.3715
14.2338,0.857,3.685
14.2340,0.8113,3.4869
14.2342,0.7927,3.4071
14.2344,0.769,3.3081
14.2346,0.7275,3.1311
14.2348,0.6794,2.9241
14.2350,0.6658,2.8671
14.2352,0.6786,2.9246
14.2354,0.6896,2.9749
14.2356,0.609,2.6212
14.2358,0.6518,2.8106
14.2360,0.5843,2.5219
14.2362,0.5857,2.5222
14.2364,0.6517,2.8049
14.2366,0.6752,2.9087
14.2368,0.6558,2.8238
14.2370,0.6602,2.8415
14.2372,0.6387,2.753
14.2374,0.6191,2.6707
14.2376,0.594,2.5602
14.2378,0.6088,2.6226
14.2380,0.5706,2.4617
14.2382,0.519,2.2377
14.2384,0.5631,2.4291
14.2386,0.5995,2.5852
14.2388,0.6396,2.7553
14.2390,0.6581,2.8309
14.2392,0.6866,2.9592
14.2394,0.5991,2.5831
14.2396,0.5258,2.2672
14.2398,0.5245,2.2626
14.2400,0.5421,2.3365
14.2402,0.5525,2.3858
14.2404,0.5367,2.3143
14.2406,0.5977,2.5762
14.2408,0.5488,2.3665
14.2410,0.5356,2.3096
14.2412,0.5354,2.3086
14.2414,0.535,2.306
14.2416,0.5609,2.4187
14.2418,0.5313,2.2921
14.2420,0.5561,2.3947
14.2422,0.6679,2.8772
14.2424,0.565,2.4386
14.2426,0.5326,2.2956
14.2428,0.555,2.3878
14.2430,0.639,2.7515
14.2432,0.6259,2.6939
14.2434,0.628,2.7065
14.2436,0.6546,2.8186
14.2438,0.665,2.8609
14.2440,0.7124,3.0646
14.2442,0.7109,3.0584
14.2444,0.7326,3.1518
14.2446,0.6883,2.9609
14.2448,0.6663,2.8665
14.2450,0.6386,2.7512
14.2452,0.6359,2.7406
14.2454,0.6525,2.8059
14.2456,0.7175,3.0854
14.2458,0.7164,3.0793
14.2460,0.7687,3.3009
14.2462,0.8235,3.5395
14.2464,0.8004,3.4368
14.2466,0.8053,3.4628
14.2468,0.8059,3.4637
14.2470,0.7994,3.4327
14.2472,0.7838,3.3689
14.2474,0.8109,3.4805
14.2476,0.8136,3.4951
14.2478,0.764,3.2854
14.2480,0.7525,3.2359
14.2482,0.6969,3.0009
14.2484,0.6238,2.6871
14.2486,0.6202,2.6729
14.2488,0.6585,2.8343
14.2490,0.6726,2.8987
14.2492,0.6095,2.6232
14.2494,0.6521,2.8077
14.2496,0.6774,2.918
14.2498,0.6385,2.7494
14.2500,0.6685,2.8758
14.2502,0.7161,3.0849
14.2504,0.6804,2.9242
14.2506,0.716,3.0787
14.2508,0.7178,3.0921
14.2510,0.6341,2.7316
14.2512,0.6027,2.5962
14.2514,0.6027,2.5962
14.2516,0.6084,2.6235
14.2518,0.5296,2.2838
14.2520,0.466,2.012
14.2522,0.5097,2.201
14.2524,0.4353,1.8812
14.2526,0.4114,1.7764
14.2528,0.4094,1.7693
14.2530,0.3985,1.7229
14.2532,0.3964,1.7125
14.2534,0.3955,1.7076
14.2536,0.3986,1.7218
14.2538,0.3975,1.718
14.2540,0.3955,1.7084
14.2542,0.3932,1.6977
14.2544,0.3935,1.6985
14.2546,0.4447,1.9186
14.2548,0.475,2.0518
14.2550,0.4112,1.7729
14.2552,0.5154,2.2202
14.2554,0.5287,2.2817
14.2556,0.4875,2.1013
14.2558,0.4904,2.1147
14.2560,0.4976,2.1457
14.2562,0.5253,2.263
14.2564,0.5716,2.459
14.2566,0.6624,2.8482
14.2568,0.6939,2.9866
14.2570,0.686,2.9484
14.2572,0.7468,3.2082
14.2574,0.7546,3.2401
14.2576,0.8057,3.4579
14.2578,0.8217,3.5268
14.2580,0.8639,3.7063
14.2582,0.8805,3.7755
14.2584,0.882,3.7822
14.2586,0.8551,3.6699
14.2588,0.8479,3.639
14.2590,0.9287,3.9748
14.2592,1.0005,4.2742
14.2594,1.074,4.5989
14.2596,1.0724,4.5901
14.2598,1.0636,4.5521
14.2600,1.0364,4.4398
14.2602,1.0567,4.5271
14.2604,0.9559,4.097
14.2606,0.9631,4.1278
14.2608,0.9667,4.1452
14.2610,0.9732,4.171
14.2612,0.9293,3.9829
14.2614,0.9329,4.0058
14.2616,0.8985,3.8562
14.2618,0.9096,3.9023
14.2620,0.8734,3.7452
14.2622,0.9505,4.0739
14.2624,0.9673,4.1497
14.2626,0.9161,3.9319
14.2628,0.9142,3.9218
14.2630,0.9486,4.0713
14.2632,0.9025,3.8737
14.2634,0.8923,3.8282
14.2636,0.9612,4.1234
14.2638,0.9352,4.0118
14.2640,0.9517,4.079
14.2642,0.9531,4.0947
14.2644,0.8536,3.6689
14.2646,0.8669,3.7243
14.2648,0.8528,3.6635
14.2650,0.8013,3.4426
14.2652,0.7841,3.3731
14.2654,0.7758,3.3313
14.2656,0.7915,3.4082
14.2658,0.7431,3.1952
14.2660,0.8115,3.488
14.2662,0.8338,3.5822
14.2664,0.842,3.6172
14.2666,0.8498,3.649
14.2668,0.8443,3.6303
14.2670,0.8001,3.4406
14.2672,0.784,3.3741
14.2674,0.6658,2.8725
14.2676,0.5288,2.2833
14.2678,0.5142,2.2202
14.2680,0.5018,2.1668
14.2682,0.5058,2.1799
14.2684,0.6031,2.5947
14.2686,0.6787,2.9197
14.2688,0.6891,2.9701
14.2690,0.6112,2.6317
14.2692,0.6714,2.8895
14.2694,0.6716,2.8959
14.2696,0.606,2.6131
14.2698,0.6335,2.7277
14.2700,0.5992,2.5848
14.2702,0.5085,2.1968
14.2704,0.5227,2.2559
14.2706,0.4753,2.0543
14.2708,0.4461,1.927
14.2710,0.419,1.8107
14.2712,0.4085,1.7656
14.2714,0.4431,1.9131
14.2716,0.4644,2.0053
14.2718,0.4703,2.0288
14.2720,0.461,1.988
14.2722,0.5687,2.4523
14.2724,0.597,2.5743
14.2726,0.5311,2.2932
14.2728,0.4624,1.9956
14.2730,0.4489,1.9376
14.2732,0.4493,1.9418
14.2734,0.447,1.9302
14.2736,0.4515,1.9476
14.2738,0.4482,1.9345
14.2740,0.4473,1.9303
14.2742,0.4479,1.9347
14.2744,0.4483,1.9359
14.2746,0.4538,1.9579
14.2748,0.448,1.9343
14.2750,0.4481,1.9349
14.2752,0.4506,1.9439
14.2754,0.4488,1.9362
14.2756,0.4476,1.9328
14.2758,0.4476,1.9328
14.2760,0.4483,1.935
14.2762,0.452,1.951
14.2764,0.4613,1.99
14.2766,0.5419,2.3322
14.2768,0.653,2.8093
14.2770,0.6134,2.6427
14.2772,0.5704,2.4561
14.2774,0.6031,2.5983
14.2776,0.5739,2.4711
14.2778,0.572,2.464
14.2780,0.561,2.417
14.2782,0.5968,2.5697
14.2784,0.6313,2.7159
14.2786,0.6662,2.8633
14.2788,0.6667,2.8694
14.2790,0.6345,2.7298
14.2792,0.6601,2.8371
14.2794,0.6997,3.0085
14.2796,0.6992,3.0093
14.2798,0.6723,2.8923
14.2800,0.7173,3.0843
14.2802,0.6974,3.0043
14.2804,0.5917,2.5445
14.2806,0.6714,2.8855
14.2808,0.6892,2.9637
14.2810,0.7114,3.0619
14.2812,0.677,2.9151
14.2814,0.6344,2.7319
14.2816,0.5678,2.4493
14.2818,0.5374,2.3174
14.2820,0.5278,2.2739
14.2822,0.5626,2.4214
14.2824,0.6181,2.6604
14.2826,0.6059,2.6065
14.2828,0.6614,2.8467
14.2830,0.6824,2.9329
14.2832,0.6825,2.9375
14.2834,0.6814,2.9315
14.2836,0.6606,2.8404
14.2838,0.715,3.0731
14.2840,0.6956,2.9938
14.2842,0.6286,2.7091
14.2844,0.5441,2.3452
14.2846,0.5402,2.3293
14.2848,0.5182,2.2357
14.2850,0.5084,2.1912
14.2852,0.5499,2.37
14.2854,0.5774,2.4884
14.2856,0.5397,2.3261
14.2858,0.4919,2.1199
14.2860,0.4931,2.1271
14.2862,0.5264,2.2677
14.2864,0.5525,2.3803
14.2866,0.567,2.4451
14.2868,0.5668,2.4372
14.2870,0.6251,2.6928
14.2872,0.4945,2.1342
14.2874,0.4518,1.95
14.2876,0.4438,1.9171
14.2878,0.4122,1.7801
14.2880,0.436,1.8791
14.2882,0.5327,2.2972
14.2884,0.5307,2.2895
14.2886,0.4907,2.1157
14.2888,0.4825,2.0796
14.2890,0.4849,2.0899
14.2892,0.5003,2.1541
14.2894,0.5527,2.3797
14.2896,0.581,2.5004
14.2898,0.6176,2.6608
14.2900,0.5813,2.5031
14.2902,0.6228,2.678
14.2904,0.7415,3.184
14.2906,0.8029,3.4412
14.2908,0.8457,3.6298
14.2910,0.8162,3.4999
14.2912,0.8829,3.7928
14.2914,0.8103,3.4796
14.2916,0.8958,3.8377
14.2918,0.977,4.1796
14.2920,1.0196,4.3658
14.2922,1.0507,4.4909
14.2924,1.11,4.7485
14.2926,1.0541,4.5137
14.2928,0.9919,4.2531
14.2930,0.9258,3.9661
14.2932,1.012,4.3395
14.2934,0.9011,3.8639
14.2936,0.92,3.947
14.2938,0.8681,3.7277
14.2940,0.8124,3.4883
14.2942,0.8216,3.5296
14.2944,0.826,3.5569
14.2946,0.7319,3.1458
14.2948,0.7487,3.2179
14.2950,0.7476,3.2103
14.2952,0.8121,3.4889
14.2954,0.8199,3.5257
14.2956,0.8176,3.511
14.2958,0.8522,3.661
14.2960,0.7583,3.2607
14.2962,0.7697,3.305
14.2964,0.8433,3.6161
14.2966,0.9023,3.8745
14.2968,0.8588,3.6841
14.2970,0.8307,3.5671
14.2972,0.8686,3.7298
14.2974,0.8518,3.6543
14.2976,0.8953,3.841
14.2978,0.875,3.7553
14.2980,0.9025,3.8737
14.2982,0.8551,3.6716
14.2984,0.8427,3.6186
14.2986,0.8459,3.6291
14.2988,0.8585,3.6848
14.2990,0.857,3.6816
14.2992,0.8441,3.6281
14.2994,0.8111,3.4875
14.2996,0.7316,3.1486
14.2998,0.7266,3.1231
14.3000,0.7716,3.3179
14.3002,0.7409,3.1859
14.3004,0.7521,3.2369
14.3006,0.7069,3.0423
14.3008,0.6745,2.9057
14.3010,0.6218,2.6826
14.3012,0.5765,2.4836
14.3014,0.6216,2.6778
14.3016,0.5871,2.5267
14.3018,0.6698,2.8842
14.3020,0.614,2.6465
14.3022,0.5661,2.4375
14.3024,0.6312,2.7154
14.3026,0.6307,2.7171
14.3028,0.6377,2.7458
14.3030,0.6678,2.8741
14.3032,0.6919,2.9778
14.3034,0.6881,2.9604
14.3036,0.6553,2.8204
14.3038,0.6658,2.8711
14.3040,0.633,2.7282
14.3042,0.6331,2.7274
14.3044,0.6343,2.7313
14.3046,0.6256,2.6924
14.3048,0.6363,2.7376
14.3050,0.6946,2.9897
14.3052,0.7408,3.1809
14.3054,0.7794,3.353
14.3056,0.6926,2.9809
14.3058,0.6887,2.9671
14.3060,0.6126,2.6428
14.3062,0.5389,2.3236
14.3064,0.528,2.2776
14.3066,0.5317,2.2936
14.3068,0.5262,2.2719
14.3070,0.5375,2.32
14.3072,0.5583,2.4073
14.3074,0.5499,2.37
14.3076,0.5399,2.3293
14.3078,0.5391,2.3246
14.3080,0.5385,2.322
14.3082,0.5439,2.342
14.3084,0.612,2.6341
14.3086,0.5872,2.5331
14.3088,0.5308,2.2911
14.3090,0.523,2.2553
14.3092,0.5475,2.3575
14.3094,0.6161,2.6516
14.3096,0.5968,2.5745
14.3098,0.538,2.3189
14.3100,0.5323,2.2962
14.3102,0.5572,2.3982
14.3104,0.6221,2.6774
14.3106,0.6463,2.783
14.3108,0.6588,2.8367
14.3110,0.6585,2.8356
14.3112,0.6407,2.7561
14.3114,0.6427,2.7688
14.3116,0.6465,2.7814
14.3118,0.7193,3.0917
14.3120,0.7898,3.3931
14.3122,0.7919,3.4034
14.3124,0.7316,3.1457
14.3126,0.7727,3.3225
14.3128,0.6875,2.9606
14.3130,0.6131,2.6399
14.3132,0.611,2.6299
14.3134,0.6096,2.6262
14.3136,0.6148,2.6472
14.3138,0.6724,2.8915
14.3140,0.711,3.0575
14.3142,0.734,3.156
14.3144,0.7085,3.0453
14.3146,0.7041,3.0332
14.3148,0.6083,2.6193
14.3150,0.6868,2.9492
14.3152,0.7722,3.3236
14.3154,0.6866,2.9578
14.3156,0.656,2.8235
14.3158,0.659,2.8377
14.3160,0.6534,2.8108
14.3162,0.63,2.7153
14.3164,0.5856,2.5241
14.3166,0.603,2.5942
14.3168,0.6685,2.8785
14.3170,0.6256,2.6924
14.3172,0.6428,2.7693
14.3174,0.612,2.6353
14.3176,0.6475,2.7868
14.3178,0.6216,2.6741
14.3180,0.6507,2.8034
14.3182,0.614,2.6428
14.3184,0.6541,2.8126
14.3186,0.6699,2.8847
14.3188,0.6465,2.7853
14.3190,0.5982,2.5807
14.3192,0.4835,2.0847
14.3194,0.4805,2.0718
14.3196,0.5517,2.3778
14.3198,0.5296,2.2838
14.3200,0.5092,2.1959
14.3202,0.5429,2.339
14.3204,0.5184,2.2383
14.3206,0.4586,1.9813
14.3208,0.4467,1.9278
14.3210,0.4628,1.9958
14.3212,0.5365,2.3132
14.3214,0.5028,2.1679
14.3216,0.5047,2.1752
14.3218,0.544,2.3458
14.3220,0.4897,2.1135
14.3222,0.4991,2.1539
14.3224,0.5269,2.2687
14.3226,0.604,2.5971
14.3228,0.6776,2.9137
14.3230,0.7557,3.2448
14.3232,0.8081,3.4666
14.3234,0.7935,3.4091
14.3236,0.8166,3.5031
14.3238,0.8796,3.7719
14.3240,0.8687,3.7286
14.3242,0.866,3.7167
14.3244,0.8684,3.7218
14.3246,0.8901,3.8166
14.3248,0.8581,3.6828
14.3250,0.89,3.8108
14.3252,0.9946,4.255
14.3254,1.0825,4.6289
14.3256,1.1341,4.8539
14.3258,1.0982,4.6938
14.3260,1.1136,4.7661
14.3262,1.0828,4.6321
14.3264,1.0734,4.5942
14.3266,1.1028,4.7155
14.3268,1.1504,4.9168
14.3270,1.1463,4.9108
14.3272,1.0162,4.3494
14.3274,1.0051,4.3057
14.3276,1.0456,4.4772
14.3278,1.043,4.468
14.3280,1.0181,4.3576
14.3282,1.0657,4.572
14.3284,1.0388,4.4521
14.3286,1.0734,4.5942
14.3288,1.0626,4.5565
14.3290,0.9685,4.1587
14.3292,0.9126,3.9188
14.3294,0.8558,3.6816
14.3296,0.8042,3.463
14.3298,0.7184,3.0933
14.3300,0.7174,3.0863
14.3302,0.757,3.255
14.3304,0.7762,3.3344
14.3306,0.8371,3.5927
14.3308,0.8584,3.6912
14.3310,0.7666,3.2993
14.3312,0.7246,3.1187
14.3314,0.7666,3.2962
14.3316,0.7589,3.2663
14.3318,0.6567,2.8279
14.3320,0.6977,3.0017
14.3322,0.7781,3.3457
14.3324,0.7814,3.3602
14.3326,0.7882,3.3875
14.3328,0.7931,3.4134
14.3330,0.6561,2.8319
14.3332,0.5247,2.2657
14.3334,0.4923,2.124
14.3336,0.5091,2.1964
14.3338,0.5643,2.4343
14.3340,0.5977,2.5774
14.3342,0.5851,2.5232
14.3344,0.5837,2.5181
14.3346,0.5259,2.2719
14.3348,0.5301,2.2869
14.3350,0.5258,2.2683
14.3352,0.4922,2.1244
14.3354,0.4857,2.0965
14.3356,0.511,2.2036
14.3358,0.566,2.4427
14.3360,0.5088,2.1969
14.3362,0.4962,2.1435
14.3364,0.4825,2.0844
14.3366,0.4904,2.1157
14.3368,0.503,2.168
14.3370,0.6119,2.6323
14.3372,0.6777,2.9155
14.3374,0.6004,2.5912
14.3376,0.4609,1.9921
14.3378,0.4247,1.8348
14.3380,0.4631,1.9968
14.3382,0.5495,2.3696
14.3384,0.5564,2.4002
14.3386,0.5546,2.3913
14.3388,0.5497,2.3668
14.3390,0.5573,2.4032
14.3392,0.553,2.3835
14.3394,0.5429,2.3422
14.3396,0.548,2.364
14.3398,0.5676,2.4477
14.3400,0.5404,2.3335
14.3402,0.4699,2.03
14.3404,0.4507,1.9472
14.3406,0.4663,2.0126
14.3408,0.4926,2.123
14.3410,0.5205,2.2455
14.3412,0.4696,2.0266
14.3414,0.4518,1.9518
14.3416,0.4481,1.9349
14.3418,0.445,1.9196
14.3420,0.4591,1.9825
14.3422,0.4862,2.0956
14.3424,0.5393,2.3235
14.3426,0.5457,2.3509
14.3428,0.5546,2.3891
14.3430,0.6274,2.6989
14.3432,0.6679,2.8746
14.3434,0.6655,2.8629
14.3436,0.6738,2.9025
14.3438,0.6598,2.84
14.3440,0.6818,2.9317
14.3442,0.7143,3.0743
14.3444,0.6377,2.7445
14.3446,0.6345,2.7336
14.3448,0.6503,2.7974
14.3450,0.7495,3.2185
14.3452,0.7611,3.2725
14.3454,0.7155,3.078
14.3456,0.7115,3.0582
14.3458,0.7181,3.0865
14.3460,0.7274,3.1276
14.3462,0.71,3.0557
14.3464,0.7452,3.2059
14.3466,0.672,2.8921
14.3468,0.6637,2.8578
14.3470,0.6577,2.8307
14.3472,0.6703,2.8822
14.3474,0.6774,2.914
14.3476,0.6522,2.8096
14.3478,0.6027,2.5962
14.3480,0.5594,2.4075
14.3482,0.6179,2.6618
14.3484,0.5752,2.4791
14.3486,0.5389,2.3236
14.3488,0.4963,2.14
14.3490,0.5218,2.2491
14.3492,0.5603,2.415
14.3494,0.5035,2.171
14.3496,0.4917,2.1214
14.3498,0.4969,2.1416
14.3500,0.5413,2.3339
14.3502,0.5027,2.1684
14.3504,0.5238,2.2574
14.3506,0.5752,2.4768
14.3508,0.5607,2.4132
14.3510,0.5959,2.5661
14.3512,0.5443,2.3479
14.3514,0.5163,2.2284
14.3516,0.5122,2.2088
14.3518,0.5168,2.2253
14.3520,0.4904,2.1186
14.3522,0.4114,1.7764
14.3524,0.3989,1.721
14.3526,0.3921,1.6931
14.3528,0.3963,1.712
14.3530,0.3974,1.7151
14.3532,0.4409,1.9012
14.3534,0.475,2.0518
14.3536,0.4022,1.7366
14.3538,0.3965,1.7114
14.3540,0.4217,1.8184
14.3542,0.5151,2.2212
14.3544,0.4901,2.1131
14.3546,0.4848,2.0904
14.3548,0.486,2.0936
14.3550,0.4895,2.1106
14.3552,0.4919,2.1219
14.3554,0.4911,2.1168
14.3556,0.5343,2.2975
14.3558,0.5927,2.5522
14.3560,0.5983,2.5717
14.3562,0.6172,2.6563
14.3564,0.5782,2.4885
14.3566,0.6397,2.7533
14.3568,0.6771,2.9075
14.3570,0.7582,3.2541
14.3572,0.8223,3.5278
14.3574,0.8611,3.6905
14.3576,0.8193,3.51
14.3578,1.0186,4.3617
14.3580,1.0233,4.3817
14.3582,0.9631,4.1278
14.3584,0.9406,4.0312
14.3586,0.9813,4.2001
14.3588,0.9745,4.1786
14.3590,0.9188,3.9327
14.3592,0.9971,4.2738
14.3594,0.9727,4.1689
14.3596,0.9329,4.002
14.3598,0.9013,3.8632
14.3600,0.9329,4.0002
14.3602,0.8551,3.6699
14.3604,0.7718,3.322
14.3606,0.6985,3.002
14.3608,0.766,3.2891
14.3610,0.8193,3.5215
14.3612,0.7742,3.323
14.3614,0.8519,3.6582
14.3616,0.84,3.6034
14.3618,0.8296,3.5641
14.3620,0.8089,3.4702
14.3622,0.9246,3.961
14.3624,0.9215,3.955
14.3626,0.8883,3.8089
14.3628,0.9262,3.9732
14.3630,0.8983,3.8503
14.3632,0.915,3.9254
14.3634,0.9101,3.908
14.3636,0.875,3.7536
14.3638,0.9063,3.8897
14.3640,0.8609,3.6969
14.3642,0.8271,3.5517
14.3644,0.8548,3.6655
14.3646,0.965,4.1399
14.3648,0.9378,4.025
14.3650,0.9089,3.8974
14.3652,0.8985,3.8526
14.3654,0.9292,3.9824
14.3656,0.9561,4.1095
14.3658,0.8915,3.8281
14.3660,0.8864,3.806
14.3662,0.8202,3.5283
14.3664,0.7378,3.171
14.3666,0.7637,3.2823
14.3668,0.7753,3.3339
14.3670,0.7548,3.2487
14.3672,0.6505,2.8049
14.3674,0.6115,2.6357
14.3676,0.6381,2.7453
14.3678,0.7962,3.4188
14.3680,0.7921,3.4045
14.3682,0.7549,3.2492
14.3684,0.7034,3.0273
14.3686,0.6509,2.8013
14.3688,0.6938,2.9888
14.3690,0.6706,2.8891
14.3692,0.6384,2.7502
14.3694,0.5995,2.5852
14.3696,0.5875,2.5347
14.3698,0.5986,2.5787
14.3700,0.6088,2.6189
14.3702,0.6464,2.7874
14.3704,0.6029,2.6009
14.3706,0.5437,2.3453
14.3708,0.5186,2.2352
14.3710,0.61,2.6277
14.3712,0.6411,2.762
14.3714,0.6469,2.7868
14.3716,0.608,2.6195
14.3718,0.5757,2.4823
14.3720,0.5573,2.4054
14.3722,0.5488,2.3654
14.3724,0.5511,2.3774
14.3726,0.5491,2.3686
14.3728,0.5518,2.3783
14.3730,0.5534,2.3861
14.3732,0.5495,2.3674
14.3734,0.5964,2.5682
14.3736,0.6522,2.8096
14.3738,0.6212,2.6775
14.3740,0.5602,2.4145
14.3742,0.5533,2.3856
14.3744,0.5553,2.3911
14.3746,0.66,2.8379
14.3748,0.7564,3.2509
14.3750,0.7326,3.1503
14.3752,0.732,3.1477
14.3754,0.7759,3.3318
14.3756,0.8244,3.5398
14.3758,0.8584,3.6843
14.3760,0.8428,3.6208
14.3762,0.8477,3.6317
14.3764,0.9468,4.056
14.3766,0.9742,4.1776
14.3768,0.9147,3.9275
14.3770,0.8218,3.5323
14.3772,0.8136,3.4951
14.3774,0.7884,3.3917
14.3776,0.7433,3.1932
14.3778,0.8581,3.6811
14.3780,0.9132,3.9177
14.3782,0.9203,3.9462
14.3784,0.9105,3.9004
14.3786,0.9326,3.9992
14.3788,0.9378,4.0231
14.3790,0.9452,4.0607
14.3792,0.8742,3.761
14.3794,0.7324,3.1508
14.3796,0.7119,3.0597
14.3798,0.7161,3.0806
14.3800,0.7278,3.1282
14.3802,0.8276,3.5554
14.3804,0.8446,3.6302
14.3806,0.8078,3.4704
14.3808,0.7998,3.4391
14.3810,0.7347,3.1576
14.3812,0.8251,3.5445
14.3814,0.8395,3.6114
14.3816,0.8059,3.4654
14.3818,0.7384,3.1765
14.3820,0.7747,3.3313
14.3822,0.8107,3.486
14.3824,0.8283,3.5618
14.3826,0.81,3.4796
14.3828,0.81,3.4796
14.3830,0.8049,3.4596
14.3832,0.7928,3.4123
14.3834,0.787,3.3839
14.3836,0.797,3.4288
14.3838,0.7461,3.2111
14.3840,0.765,3.2849
14.3842,0.8034,3.4545
14.3844,0.7372,3.1684
14.3846,0.8449,3.6279
14.3848,0.8135,3.5011
14.3850,0.6943,2.9923
14.3852,0.6822,2.9387
14.3854,0.7198,3.098
14.3856,0.7391,3.1826
14.3858,0.6329,2.7289
14.3860,0.5552,2.3961
14.3862,0.5091,2.1974
14.3864,0.5215,2.2496
14.3866,0.5487,2.3671
14.3868,0.5253,2.2673
14.3870,0.5299,2.2859
14.3872,0.6029,2.6009
14.3874,0.5781,2.4915
14.3876,0.5646,2.4359
14.3878,0.5649,2.4358
14.3880,0.5758,2.4828
14.3882,0.5772,2.4879
14.3884,0.5946,2.564
14.3886,0.6019,2.5943
14.3888,0.5993,2.5806
14.3890,0.6281,2.707
14.3892,0.6381,2.7453
14.3894,0.6625,2.8566
14.3896,0.5944,2.5606
14.3898,0.6363,2.735
14.3900,0.7232,3.111
14.3902,0.7782,3.3478
14.3904,0.7311,3.1436
14.3906,0.7421,3.1881
14.3908,0.8373,3.5971
14.3910,0.8168,3.5155
14.3912,0.721,3.1003
14.3914,0.8313,3.5647
14.3916,0.9468,4.0598
14.3918,0.941,4.0408
14.3920,0.9438,4.0489
14.3922,0.9635,4.1294
14.3924,0.969,4.1549
14.3926,0.9678,4.1517
14.3928,0.9308,3.9952
14.3930,0.9555,4.0974
14.3932,0.9579,4.1076
14.3934,0.9936,4.2564
14.3936,1.0247,4.394
14.3938,0.9848,4.2248
14.3940,0.979,4.1942
14.3942,0.9902,4.2499
14.3944,0.9108,3.911
14.3946,0.9276,3.9776
14.3948,0.9552,4.1015
14.3950,0.9344,4.0143
14.3952,0.9094,3.9012
14.3954,0.9396,4.0327
14.3956,0.9143,3.9296
14.3958,0.8242,3.5459
14.3960,0.7842,3.3752
14.3962,0.7398,3.1857
14.3964,0.7081,3.0503
14.3966,0.7006,3.0169
14.3968,0.7235,3.1126
14.3970,0.7681,3.3014
14.3972,0.8166,3.5161
14.3974,0.7727,3.3241
14.3976,0.7579,3.2606
14.3978,0.7428,3.1956
14.3980,0.7985,3.4382
14.3982,0.7401,3.1882
14.3984,0.6927,2.9814
14.3986,0.7052,3.0322
14.3988,0.7561,3.2544
14.3990,0.7355,3.1671
14.3992,0.7179,3.0912
14.3994,0.6885,2.9661
14.3996,0.6501,2.8034
14.3998,0.6615,2.8512
14.4000,0.6331,2.7363
14.4002,0.5043,2.1747
14.4004,0.5574,2.4059
14.4006,0.5637,2.4284
14.4008,0.6169,2.6602
14.4010,0.5873,2.5336
14.4012,0.5949,2.5638
14.4014,0.6276,2.7074
14.4016,0.5842,2.5179
14.4018,0.5504,2.3765
14.4020,0.5579,2.4069
14.4022,0.5908,2.5475
14.4024,0.5736,2.4747
14.4026,0.5308,2.2889
14.4028,0.5482,2.365
14.4030,0.5499,2.3722
14.4032,0.5214,2.2502
14.4034,0.5167,2.2321
14.4036,0.5071,2.1876
14.4038,0.5584,2.4079
14.4040,0.5638,2.4322
14.4042,0.5298,2.2853
14.4044,0.5645,2.4331
14.4046,0.6065,2.6128
14.4048,0.6643,2.8657
14.4050,0.5277,2.2787
14.4052,0.4861,2.0961
14.4054,0.5348,2.3071
14.4056,0.5589,2.4077
14.4058,0.6567,2.8239
14.4060,0.7121,3.0664
14.4062,0.6696,2.8831
14.4064,0.5874,2.5318
14.4066,0.6286,2.7078
14.4068,0.6439,2.7752
14.4070,0.5786,2.4959
14.4072,0.4716,2.0354
14.4074,0.4475,1.9332
14.4076,0.4495,1.9411
14.4078,0.4501,1.9428
14.4080,0.4554,1.9664
14.4082,0.4501,1.9446
14.4084,0.4578,1.9777
14.4086,0.4649,2.0064
14.4088,0.4633,2.0015
14.4090,0.4604,1.9873
14.4092,0.4626,1.9966
14.4094,0.4805,2.0699
14.4096,0.5525,2.3803
14.4098,0.5655,2.435
14.4100,0.5947,2.5645
14.4102,0.558,2.4052
14.4104,0.5475,2.3608
14.4106,0.5511,2.3763
14.4108,0.5548,2.3935
14.4110,0.5536,2.385
14.4112,0.5598,2.4118
14.4114,0.6091,2.6217
14.4116,0.7312,3.1383
14.4118,0.8446,3.6319
14.4120,0.7453,3.2035
14.4122,0.7335,3.1569
14.4124,0.6481,2.7946
14.4126,0.5492,2.3658
14.4128,0.5408,2.3297
14.4130,0.5431,2.3406
14.4132,0.5372,2.3174
14.4134,0.5618,2.4212
14.4136,0.6248,2.688
14.4138,0.6602,2.8389
14.4140,0.6666,2.8716
14.4142,0.6625,2.8527
14.4144,0.6379,2.7481
14.4146,0.5601,2.4151
14.4148,0.5227,2.2559
14.4150,0.517,2.2315
14.4152,0.5125,2.2088
14.4154,0.5064,2.1835
14.4156,0.5017,2.1623
14.4158,0.5274,2.2739
14.4160,0.5613,2.4191
14.4162,0.5332,2.2993
14.4164,0.4968,2.1411
14.4166,0.5548,2.389
14.4168,0.5355,2.3112
14.4170,0.5186,2.2341
14.4172,0.5739,2.4711
14.4174,0.5873,2.5301
14.4176,0.6013,2.593
14.4178,0.5257,2.2667
14.4180,0.5426,2.3353
14.4182,0.6131,2.6375
14.4184,0.6669,2.8691
14.4186,0.6557,2.8219
14.4188,0.6602,2.8429
14.4190,0.618,2.6611
14.4192,0.6232,2.6821
14.4194,0.5866,2.5305
14.4196,0.4326,1.8698
14.4198,0.435,1.8767
14.4200,0.4479,1.9347
14.4202,0.4095,1.7657
14.4204,0.5024,2.1664
14.4206,0.5042,2.1731
14.4208,0.503,2.168
14.4210,0.4961,2.139
14.4212,0.4875,2.1033
14.4214,0.4802,2.0698
14.4216,0.4829,2.0821
14.4218,0.5104,2.199
14.4220,0.6092,2.6185
14.4222,0.7021,3.0188
14.4224,0.682,2.9327
14.4226,0.7047,3.0274
14.4228,0.6985,3.0006
14.4230,0.7444,3.1979
14.4232,0.7804,3.3493
14.4234,0.8079,3.4693
14.4236,0.8443,3.6236
14.4238,0.8585,3.6831
14.4240,0.8238,3.5339
14.4242,0.8517,3.6504
14.4244,0.9643,4.1272
14.4246,1.0135,4.3335
14.4248,1.0353,4.4351
14.4250,1.0316,4.413
14.4252,1.0542,4.5142
14.4254,1.041,4.4598
14.4256,1.0391,4.4495
14.4258,0.9997,4.2746
14.4260,1.0703,4.583
14.4262,0.957,4.0997
14.4264,0.9457,4.0495
14.4266,0.9659,4.1454
14.4268,0.907,3.8927
14.4270,0.9107,3.9032
14.4272,0.9609,4.1224
14.4274,0.9501,4.0704
14.4276,0.9854,4.2234
14.4278,0.9274,3.9802
14.4280,0.9221,3.9557
14.4282,0.9459,4.0543
14.4284,0.9541,4.0969
14.4286,0.8378,3.5992
14.4288,0.7715,3.3143
14.4290,0.7786,3.3462
14.4292,0.7886,3.3927
14.4294,0.7812,3.3591
14.4296,0.7718,3.3158
14.4298,0.8341,3.5815
14.4300,0.8879,3.8091
14.4302,0.9108,3.9074
14.4304,0.898,3.8577
14.4306,0.8676,3.7257
14.4308,0.8766,3.7625
14.4310,0.8271,3.5566
14.4312,0.7907,3.3951
14.4314,0.866,3.7237
14.4316,0.85,3.6517
14.4318,0.8531,3.6634
14.4320,0.835,3.5873
14.4322,0.7861,3.3771
14.4324,0.8132,3.4968
14.4326,0.7458,3.2085
14.4328,0.7504,3.2296
14.4330,0.7504,3.2296
14.4332,0.7328,3.1523
14.4334,0.683,2.9396
14.4336,0.7262,3.1254
14.4338,0.6656,2.8701
14.4340,0.5851,2.522
14.4342,0.5783,2.4925
14.4344,0.5691,2.4516
14.4346,0.675,2.9037
14.4348,0.7025,3.0293
14.4350,0.5793,2.4967
14.4352,0.5609,2.4198
14.4354,0.5476,2.3613
14.4356,0.5586,2.41
14.4358,0.565,2.4374
14.4360,0.5938,2.5556
14.4362,0.6296,2.7137
14.4364,0.5572,2.4071
14.4366,0.48,2.0726
14.4368,0.4986,2.1499
14.4370,0.5228,2.2512
14.4372,0.5714,2.4637
14.4374,0.5377,2.3216
14.4376,0.5318,2.2909
14.4378,0.6161,2.6516
14.4380,0.6349,2.7352
14.4382,0.61,2.6277
14.4384,0.6146,2.6491
14.4386,0.5572,2.4038
14.4388,0.5327,2.2972
14.4390,0.5387,2.3231
14.4392,0.5747,2.477
14.4394,0.6166,2.6574
14.4396,0.6217,2.6759
14.4398,0.6628,2.8542
14.4400,0.6423,2.7672
14.4402,0.6173,2.6617
14.4404,0.5378,2.32
14.4406,0.5336,2.3008
14.4408,0.5329,2.2977
14.4410,0.5734,2.4713
14.4412,0.5621,2.425
14.4414,0.5276,2.276
14.4416,0.5598,2.4107
14.4418,0.6518,2.8041
14.4420,0.6386,2.7461
14.4422,0.682,2.9341
14.4424,0.6818,2.9317
14.4426,0.732,3.1536
14.4428,0.6706,2.8891
14.4430,0.6819,2.9349
14.4432,0.6604,2.8439
14.4434,0.6651,2.864
14.4436,0.6542,2.8157
14.4438,0.6449,2.7742
14.4440,0.7073,3.0373
14.4442,0.8163,3.5069
14.4444,0.8536,3.6654
14.4446,0.8539,3.6682
14.4448,0.8011,3.4399
14.4450,0.7931,3.407
14.4452,0.7937,3.4112
14.4454,0.7323,3.1502
14.4456,0.6957,2.9943
14.4458,0.6964,2.9974
14.4460,0.7047,3.026
14.4462,0.7688,3.303
14.4464,0.8017,3.4457
14.4466,0.8075,3.4721
14.4468,0.7573,3.2535
14.4470,0.7379,3.1715
14.4472,0.7489,3.2189
14.4474,0.7391,3.1826
14.4476,0.673,2.8954
14.4478,0.7501,3.2271
14.4480,0.7324,3.1537
14.4482,0.654,2.8147
14.4484,0.6205,2.6732
14.4486,0.5838,2.5116
14.4488,0.6224,2.6802
14.4490,0.6527,2.8129
14.4492,0.6266,2.697
14.4494,0.6855,2.9504
14.4496,0.6205,2.6744
14.4498,0.5495,2.3718
14.4500,0.5341,2.305
14.4502,0.5223,2.2522
14.4504,0.5214,2.247
14.4506,0.5196,2.2466
14.4508,0.4148,1.7909
14.4510,0.4781,2.0614
14.4512,0.5429,2.3455
14.4514,0.4552,1.9654
14.4516,0.4134,1.7844
14.4518,0.4034,1.7409
14.4520,0.3975,1.7164
14.4522,0.4084,1.7619
14.4524,0.4542,1.9631
14.4526,0.402,1.736
14.4528,0.4005,1.7301
14.4530,0.4017,1.7337
14.4532,0.4564,1.9697
14.4534,0.519,2.2388
14.4536,0.5006,2.1586
14.4538,0.4932,2.1276
14.4540,0.4927,2.1265
14.4542,0.4952,2.1344
14.4544,0.57,2.4546
14.4546,0.5854,2.5242
14.4548,0.5443,2.3479
14.4550,0.4927,2.1265
14.4552,0.4842,2.0868
14.4554,0.5109,2.2011
14.4556,0.5451,2.3461
14.4558,0.62,2.6687
14.4560,0.6662,2.866
14.4562,0.7012,3.0152
14.4564,0.7121,3.0593
14.4566,0.767,3.2968
14.4568,0.7885,3.3859
14.4570,0.8016,3.4404
14.4572,0.8334,3.5768
14.4574,0.8632,3.7032
14.4576,0.8816,3.7854
14.4578,0.8109,3.4789
14.4580,0.8549,3.6677
14.4582,0.9024,3.866
14.4584,0.9392,4.0274
14.4586,0.956,4.0918
14.4588,1.0028,4.2979
14.4590,0.986,4.226
14.4592,0.9732,4.1749
14.4594,0.9007,3.8588
14.4596,0.973,4.1705
14.4598,0.9961,4.2672
14.4600,0.99,4.241
14.4602,0.9519,4.0857
14.4604,0.9377,4.0189
14.4606,0.9642,4.1324
14.4608,0.9142,3.9309
14.4610,0.7636,3.2849
14.4612,0.7475,3.2113
14.4614,0.768,3.2978
14.4616,0.8251,3.5429
14.4618,0.8317,3.5712
14.4620,0.8146,3.4997
14.4622,0.871,3.7418
14.4624,0.8632,3.7049
14.4626,0.8636,3.7047
14.4628,0.8859,3.8039
14.4630,0.8993,3.8544
14.4632,0.9331,4.0049
14.4634,0.8733,3.7534
14.4636,0.87,3.7377
14.4638,0.8874,3.8106
14.4640,0.9435,4.0459
14.4642,0.9681,4.1494
14.4644,0.9688,4.1583
14.4646,0.9554,4.0968
14.4648,0.987,4.2321
14.4650,0.9557,4.1017
14.4652,0.925,3.9755
14.4654,0.8234,3.5439
14.4656,0.763,3.2808
14.4658,0.7421,3.1925
14.4660,0.7401,3.1823
14.4662,0.7116,3.0658
14.4664,0.6109,2.6343
14.4666,0.6017,2.5921
14.4668,0.6675,2.873
14.4670,0.6772,2.9162
14.4672,0.6855,2.9532
14.4674,0.701,3.0184
14.4676,0.6688,2.8827
14.4678,0.606,2.6119
14.4680,0.588,2.5309
14.4682,0.6181,2.6653
14.4684,0.5956,2.5693
14.4686,0.603,2.6002
14.4688,0.5615,2.4224
14.4690,0.5035,2.1721
14.4692,0.5064,2.1855
14.4694,0.5205,2.2455
14.4696,0.5176,2.2321
14.4698,0.5143,2.2217
14.4700,0.4272,1.8465
14.4702,0.4228,1.8282
14.4704,0.4267,1.8436
14.4706,0.4285,1.8488
14.4708,0.5775,2.4831
14.4710,0.6692,2.8843
14.4712,0.545,2.3543
14.4714,0.4714,2.0344
14.4716,0.4571,1.9737
14.4718,0.4523,1.9539
14.4720,0.4525,1.9549
14.4722,0.4534,1.9576
14.4724,0.4536,1.9569
14.4726,0.4992,2.1524
14.4728,0.4714,2.0363
14.4730,0.4506,1.9448
14.4732,0.454,1.9584
14.4734,0.4519,1.9514
14.4736,0.4517,1.9513
14.4738,0.4497,1.9407
14.4740,0.453,1.9534
14.4742,0.4973,2.1471
14.4744,0.4555,1.967
14.4746,0.4578,1.9731
14.4748,0.5262,2.2656
14.4750,0.5592,2.4115
14.4752,0.483,2.0846
14.4754,0.4901,2.1141
14.4756,0.562,2.4211
14.4758,0.5705,2.4567
14.4760,0.5656,2.4366
14.4762,0.5674,2.4444
14.4764,0.5729,2.4693
14.4766,0.5633,2.4245
14.4768,0.5681,2.4486
14.4770,0.5639,2.4316
14.4772,0.5908,2.5415
14.4774,0.7302,3.1327
14.4776,0.8564,3.6756
14.4778,0.8378,3.6008
14.4780,0.7539,3.2431
14.4782,0.7148,3.0735
14.4784,0.6469,2.7855
14.4786,0.569,2.4522
14.4788,0.5782,2.4909
14.4790,0.6075,2.6132
14.4792,0.6413,2.7587
14.4794,0.672,2.8908
14.4796,0.6493,2.7946
14.4798,0.6712,2.8863
14.4800,0.7164,3.0836
14.4802,0.6728,2.8944
14.4804,0.6925,2.979
14.4806,0.6857,2.9515
14.4808,0.6643,2.8591
14.4810,0.6357,2.735
14.4812,0.577,2.4857
14.4814,0.5632,2.424
14.4816,0.6374,2.746
14.4818,0.6045,2.6028
14.4820,0.5904,2.5412
14.4822,0.5961,2.5702
14.4824,0.5331,2.2988
14.4826,0.5194,2.2377
14.4828,0.5751,2.4763
14.4830,0.6515,2.8052
14.4832,0.6433,2.7662
14.4834,0.6679,2.8732
14.4836,0.688,2.9599
14.4838,0.7157,3.0791
14.4840,0.6515,2.8078
14.4842,0.5579,2.4002
14.4844,0.6083,2.6181
14.4846,0.6253,2.6901
14.4848,0.6534,2.8108
14.4850,0.7352,3.1523
14.4852,0.8539,3.6648
14.4854,0.8536,3.6654
14.4856,0.8386,3.6061
14.4858,0.7061,3.0392
14.4860,0.5916,2.5499
14.4862,0.5552,2.3939
14.4864,0.5481,2.3634
14.4866,0.5292,2.2817
14.4868,0.5028,2.17
14.4870,0.4856,2.095
14.4872,0.4916,2.1208
14.4874,0.4865,2.0976
14.4876,0.4849,2.0928
14.4878,0.4917,2.1214
14.4880,0.5095,2.1928
14.4882,0.5422,2.337
14.4884,0.4941,2.1287
14.4886,0.5142,2.216
14.4888,0.5513,2.374
14.4890,0.6156,2.6508
14.4892,0.5851,2.5196
14.4894,0.583,2.508
14.4896,0.6676,2.8709
14.4898,0.7336,3.153
14.4900,0.7619,3.27
14.4902,0.8253,3.5439
14.4904,0.8686,3.7229
14.4906,0.8745,3.7515
14.4908,0.8912,3.8159
14.4910,0.9511,4.0707
14.4912,0.98,4.1983
14.4914,0.9609,4.1166
14.4916,0.9112,3.9089
14.4918,0.8959,3.8472
14.4920,0.9281,3.9759
14.4922,0.9294,3.9834
14.4924,0.8977,3.8477
14.4926,0.9133,3.9182
14.4928,0.9087,3.8927
14.4930,0.9564,4.101
14.4932,0.913,3.9185
14.4934,0.8941,3.8395
14.4936,0.9031,3.8709
14.4938,0.8788,3.7701
14.4940,0.8898,3.8174
14.4942,0.867,3.7214
14.4944,0.8298,3.5646
14.4946,0.8263,3.5431
14.4948,0.8829,3.7911
14.4950,0.8499,3.6512
14.4952,0.8692,3.7306
14.4954,0.83,3.5657
14.4956,0.784,3.3694
14.4958,0.7877,3.3807
14.4960,0.8366,3.589
14.4962,0.8756,3.7649
14.4964,0.8046,3.4549
14.4966,0.8373,3.5954
14.4968,0.8407,3.6149
14.4970,0.8192,3.516
14.4972,0.9174,3.9357
14.4974,0.8837,3.8017
14.4976,0.7554,3.2422
14.4978,0.8681,3.7295
14.4980,0.8992,3.8593
14.4982,0.8919,3.835
14.4984,0.8081,3.4746
14.4986,0.7468,3.2112
14.4988,0.7006,3.0197
14.4990,0.5925,2.5535
14.4992,0.6294,2.7089
14.4994,0.6895,2.9688
14.4996,0.6634,2.8555
14.4998,0.6625,2.8513
14.5000,0.6758,2.9086
14.5002,0.7349,3.1601
14.5004,0.7594,3.2653
14.5006,0.7441,3.2013
14.5008,0.6754,2.9084
14.5010,0.662,2.8546
14.5012,0.5951,2.5673
14.5014,0.6431,2.7677
14.5016,0.6674,2.8752
14.5018,0.6566,2.8287
14.5020,0.6193,2.6656
14.5022,0.6805,2.9301
14.5024,0.6386,2.7448
14.5026,0.7001,3.0176
14.5028,0.6349,2.7365
14.5030,0.6685,2.8812
14.5032,0.644,2.7719
14.5034,0.6551,2.8193
14.5036,0.6559,2.8216
14.5038,0.7035,3.0278
14.5040,0.7238,3.1136
14.5042,0.7134,3.0721
14.5044,0.6411,2.7646
14.5046,0.557,2.4028
14.5048,0.5252,2.2657
14.5050,0.5295,2.2832
14.5052,0.5721,2.4634
14.5054,0.6217,2.6759
14.5056,0.6192,2.6712
14.5058,0.5451,2.3516
14.5060,0.5389,2.3225
14.5062,0.5389,2.3257
14.5064,0.5296,2.2859
14.5066,0.5264,2.2698
14.5068,0.5253,2.2662
14.5070,0.5264,2.2719
14.5072,0.5489,2.3637
14.5074,0.6091,2.6229
14.5076,0.6034,2.6017
14.5078,0.533,2.2982
14.5080,0.5296,2.2869
14.5082,0.5252,2.2657
14.5084,0.5326,2.2946
14.5086,0.5998,2.5814
14.5088,0.6325,2.7223
14.5090,0.6317,2.7174
14.5092,0.633,2.7257
14.5094,0.6656,2.8648
14.5096,0.7307,3.1435
14.5098,0.6987,3.0058
14.5100,0.6563,2.8245
14.5102,0.7144,3.0691
14.5104,0.794,3.4095
14.5106,0.7937,3.408
14.5108,0.7932,3.4123
14.5110,0.6751,2.9082
14.5112,0.6413,2.7626
14.5114,0.6178,2.6613
14.5116,0.6098,2.626
14.5118,0.6091,2.6205
14.5120,0.6176,2.6608
14.5122,0.6174,2.6598
14.5124,0.6216,2.6766
14.5126,0.6166,2.6525
14.5128,0.6134,2.6403
14.5130,0.672,2.8921
14.5132,0.7041,3.029
14.5134,0.7099,3.0509
14.5136,0.7206,3.0988
14.5138,0.7705,3.3117
14.5140,0.7569,3.2545
14.5142,0.6976,2.9998
14.5144,0.7071,3.0419
14.5146,0.6825,2.9375
14.5148,0.6986,3.0067
14.5150,0.6332,2.7242
14.5152,0.6781,2.9171
14.5154,0.7031,3.0263
14.5156,0.6345,2.7349
14.5158,0.5736,2.4712
14.5160,0.5931,2.5561
14.5162,0.5983,2.58
14.5164,0.5955,2.564
14.5166,0.5793,2.4978
14.5168,0.5114,2.2062
14.5170,0.5242,2.2605
14.5172,0.5847,2.5187
14.5174,0.6004,2.5864
14.5176,0.5866,2.5305
14.5178,0.4961,2.141
14.5180,0.4711,2.0314
14.5182,0.4718,2.0364
14.5184,0.408,1.7619
14.5186,0.4011,1.7303
14.5188,0.4609,1.9875
14.5190,0.5092,2.1969
14.5192,0.5064,2.1824
14.5194,0.5841,2.5103
14.5196,0.6932,2.9835
14.5198,0.6499,2.8011
14.5200,0.5395,2.3272
14.5202,0.5168,2.2284
14.5204,0.5025,2.1659
14.5206,0.4933,2.1271
14.5208,0.4842,2.0888
14.5210,0.4992,2.1524
14.5212,0.5158,2.2233
14.5214,0.58,2.4974
14.5216,0.5827,2.5105
14.5218,0.6222,2.6779
14.5220,0.6656,2.8594
14.5222,0.723,3.1076
14.5224,0.7058,3.0292
14.5226,0.7938,3.4101
14.5228,0.7962,3.4188
14.5230,0.8428,3.6157
14.5232,0.8575,3.6802
14.5234,0.8531,3.6617
14.5236,0.8585,3.6866
14.5238,0.8816,3.7748
14.5240,0.9877,4.2233
14.5242,1.04,4.451
14.5244,1.0394,4.4464
14.5246,1.1016,4.7104
14.5248,1.1087,4.7429
14.5250,1.1024,4.7206
14.5252,1.0724,4.5879
14.5254,1.0501,4.4946
14.5256,1.078,4.6137
14.5258,1.0974,4.6968
14.5260,1.1341,4.8493
14.5262,1.1012,4.7155
14.5264,1.0848,4.6364
14.5266,1.1379,4.868
14.5268,1.1221,4.7958
14.5270,1.0879,4.665
14.5272,0.9383,4.0214
14.5274,0.9559,4.1046
14.5276,0.9533,4.0895
14.5278,0.9591,4.1185
14.5280,0.8909,3.8238
14.5282,0.8681,3.7295
14.5284,0.8328,3.5775
14.5286,0.7692,3.3122
14.5288,0.7041,3.0332
14.5290,0.7023,3.0227
14.5292,0.7289,3.1373
14.5294,0.7064,3.0416
14.5296,0.7076,3.0468
14.5298,0.7156,3.0742
14.5300,0.8224,3.5283
14.5302,0.8938,3.8433
14.5304,0.8103,3.4909
14.5306,0.6764,2.9099
14.5308,0.7588,3.2627
14.5310,0.7676,3.3009
14.5312,0.7915,3.4035
14.5314,0.781,3.3581
14.5316,0.7332,3.1602
14.5318,0.6194,2.671
14.5320,0.5802,2.5031
14.5322,0.5903,2.5442
14.5324,0.6251,2.6953
14.5326,0.5863,2.5272
14.5328,0.5938,2.5616
14.5330,0.5823,2.5084
14.5332,0.6455,2.7755
14.5334,0.7405,3.1873
14.5336,0.6369,2.7427
14.5338,0.6632,2.8571
14.5340,0.6254,2.6969
14.5342,0.5271,2.275
14.5344,0.5188,2.2383
14.5346,0.5325,2.2983
14.5348,0.4907,2.1187
14.5350,0.4875,2.1042
14.5352,0.4764,2.0552
14.5354,0.4853,2.0954
14.5356,0.4847,2.0928
14.5358,0.5039,2.1726
14.5360,0.5687,2.4512
14.5362,0.5293,2.2843
14.5364,0.4806,2.0761
14.5366,0.4124,1.7798
14.5368,0.4561,1.9677
14.5370,0.4655,2.009
14.5372,0.5052,2.1803
14.5374,0.501,2.1632
14.5376,0.4528,1.9542
14.5378,0.4493,1.94
14.5380,0.5052,2.1773
14.5382,0.5805,2.4983
14.5384,0.6278,2.706
14.5386,0.5515,2.3757
14.5388,0.5679,2.4453
14.5390,0.6007,2.5916
14.5392,0.5036,2.1726
14.5394,0.4536,1.9578
14.5396,0.4714,2.0334
14.5398,0.5521,2.3793
14.5400,0.548,2.3618
14.5402,0.5806,2.5012
14.5404,0.592,2.5514
14.5406,0.5793,2.4943
14.5408,0.5817,2.507
14.5410,0.594,2.559
14.5412,0.5959,2.5673
14.5414,0.5818,2.5087
14.5416,0.5632,2.4274
14.5418,0.6138,2.6418
14.5420,0.6531,2.8098
14.5422,0.6666,2.8676
14.5424,0.6759,2.9105
14.5426,0.7047,3.033
14.5428,0.6915,2.9707
14.5430,0.7051,3.0317
14.5432,0.6983,3.0043
14.5434,0.7248,3.1125
14.5436,0.819,3.5166
14.5438,0.8072,3.4678
14.5440,0.8541,3.6658
14.5442,0.8584,3.686
14.5444,0.7612,3.2746
14.5446,0.681,2.9308
14.5448,0.6877,2.957
14.5450,0.7451,3.1995
14.5452,0.7631,3.2798
14.5454,0.7492,3.226
14.5456,0.6643,2.8617
14.5458,0.6547,2.8191
14.5460,0.6675,2.8703
14.5462,0.6729,2.8936
14.5464,0.7218,3.1054
14.5466,0.6633,2.8523
14.5468,0.6786,2.9191
14.5470,0.6947,2.986
14.5472,0.6897,2.9699
14.5474,0.6254,2.6981
14.5476,0.5284,2.2828
14.5478,0.4717,2.035
14.5480,0.5134,2.2129
14.5482,0.4985,2.1503
14.5484,0.4994,2.1545
14.5486,0.5025,2.1669
14.5488,0.5417,2.3349
14.5490,0.516,2.2279
14.5492,0.4983,2.1498
14.5494,0.5309,2.2863
14.5496,0.5724,2.4672
14.5498,0.5421,2.3375
14.5500,0.539,2.3241
14.5502,0.5347,2.3023
14.5504,0.5674,2.4421
14.5506,0.5941,2.5619
14.5508,0.5392,2.3251
14.5510,0.5203,2.2455
14.5512,0.4299,1.8553
14.5514,0.4118,1.778
14.5516,0.4092,1.7663
14.5518,0.406,1.7539
14.5520,0.4054,1.7497
14.5522,0.4222,1.8239
14.5524,0.4035,1.7414
14.5526,0.4698,2.0248
14.5528,0.5337,2.3024
14.5530,0.4932,2.1266
14.5532,0.5197,2.2388
14.5534,0.5122,2.2078
14.5536,0.4875,2.1013
14.5538,0.4868,2.1002
14.5540,0.506,2.1809
14.5542,0.6022,2.5954
14.5544,0.5212,2.2476
14.5546,0.4862,2.0966
14.5548,0.4837,2.0867
14.5550,0.4964,2.1396
14.5552,0.5246,2.26
14.5554,0.5714,2.4591
14.5556,0.6187,2.663
14.5558,0.5742,2.4715
14.5560,0.5997,2.5773
14.5562,0.6968,2.9948
14.5564,0.7498,3.2181
14.5566,0.7696,3.3076
14.5568,0.7307,3.1362
14.5570,0.8069,3.463
14.5572,0.7994,3.4263
14.5574,0.9025,3.8683
14.5576,0.9784,4.1916
14.5578,0.9877,4.2253
14.5580,0.987,4.2222
14.5582,0.9834,4.2088
14.5584,0.9698,4.1527
14.5586,1.0476,4.4818
14.5588,1.0221,4.3807
14.5590,1.0048,4.2986
14.5592,1.0494,4.4937
14.5594,1.0406,4.4536
14.5596,1.0775,4.603
14.5598,1.0607,4.5419
14.5600,0.9653,4.1332
14.5602,0.9679,4.1484
14.5604,0.9391,4.0269
14.5606,0.9637,4.1304
14.5608,0.9898,4.2385
14.5610,0.9481,4.0693
14.5612,0.8808,3.7788
14.5614,0.9234,3.9633
14.5616,0.8382,3.5973
14.5618,0.7993,3.4354
14.5620,0.7877,3.387
14.5622,0.8149,3.5008
14.5624,0.8579,3.6805
14.5626,0.8692,3.7289
14.5628,0.879,3.7711
14.5630,0.8965,3.8444
14.5632,0.9531,4.0871
14.5634,0.9468,4.056
14.5636,0.9895,4.2429
14.5638,0.9842,4.2222
14.5640,0.9594,4.1196
14.5642,0.9069,3.8904
14.5644,0.965,4.1341
14.5646,0.9799,4.2017
14.5648,0.8772,3.7669
14.5650,0.8096,3.483
14.5652,0.7648,3.2885
14.5654,0.8346,3.5836
14.5656,0.8584,3.686
14.5658,0.8876,3.8165
14.5660,0.7899,3.3968
14.5662,0.7566,3.2534
14.5664,0.7495,3.2245
14.5666,0.7512,3.2317
14.5668,0.7301,3.1424
14.5670,0.7298,3.1409
14.5672,0.7372,3.1758
14.5674,0.6305,2.7136
14.5676,0.6608,2.8454
14.5678,0.6736,2.9034
14.5680,0.5838,2.5186
14.5682,0.5663,2.442
14.5684,0.5739,2.4734
14.5686,0.6299,2.716
14.5688,0.5866,2.5294
14.5690,0.576,2.4816
14.5692,0.5585,2.4095
14.5694,0.5565,2.3996
14.5696,0.5686,2.4507
14.5698,0.5686,2.4529
14.5700,0.5764,2.4854
14.5702,0.6295,2.7145
14.5704,0.5537,2.3877
14.5706,0.5786,2.4959
14.5708,0.5217,2.2517
14.5710,0.5264,2.2709
14.5712,0.5511,2.3763
14.5714,0.5377,2.3195
14.5716,0.5363,2.3149
14.5718,0.5344,2.3055
14.5720,0.5366,2.3148
14.5722,0.5357,2.3101
14.5724,0.5272,2.2745
14.5726,0.5199,2.2429
14.5728,0.5173,2.2305
14.5730,0.5248,2.262
14.5732,0.5272,2.2755
14.5734,0.5289,2.2807
14.5736,0.5305,2.2884
14.5738,0.5275,2.2734
14.5740,0.5594,2.4075
14.5742,0.6125,2.6386
14.5744,0.5513,2.3751
14.5746,0.6046,2.6045
14.5748,0.6716,2.8919
14.5750,0.6697,2.8823
14.5752,0.6323,2.7226
14.5754,0.6294,2.7102
14.5756,0.6654,2.8624
14.5758,0.7076,3.044
14.5760,0.6547,2.8178
14.5762,0.6798,2.9216
14.5764,0.7983,3.4345
14.5766,0.7395,3.1812
14.5768,0.7126,3.0628
14.5770,0.685,2.9525
14.5772,0.6202,2.6729
14.5774,0.6173,2.6543
14.5776,0.6921,2.9719
14.5778,0.7938,3.4085
14.5780,0.7393,3.1851
14.5782,0.628,2.7065
14.5784,0.6175,2.6603
14.5786,0.617,2.657
14.5788,0.6258,2.6922
14.5790,0.6826,2.938
14.5792,0.7212,3.0999
14.5794,0.76,3.2679
14.5796,0.7317,3.1447
14.5798,0.7585,3.2602
14.5800,0.7651,3.2916
14.5802,0.7473,3.2117
14.5804,0.7967,3.4272
14.5806,0.7077,3.0445
14.5808,0.633,2.7231
14.5810,0.6504,2.8018
14.5812,0.6476,2.7874
14.5814,0.6416,2.7628
14.5816,0.6753,2.9066
14.5818,0.7122,3.0612
14.5820,0.707,3.0456
14.5822,0.6227,2.6813
14.5824,0.6795,2.9219
14.5826,0.701,3.0142
14.5828,0.6698,2.8828
14.5830,0.6421,2.7636
14.5832,0.7082,3.048
14.5834,0.7853,3.3704
14.5836,0.8774,3.7656
14.5838,0.8265,3.5474
14.5840,0.8114,3.4842
14.5842,0.833,3.5752
14.5844,0.881,3.7828
14.5846,0.7835,3.3705
14.5848,0.6899,2.9723
14.5850,0.6305,2.7173
14.5852,0.6536,2.8105
14.5854,0.7481,3.2108
14.5856,0.7832,3.371
14.5858,0.6293,2.7084
14.5860,0.5574,2.4059
14.5862,0.5047,2.1803
14.5864,0.5245,2.2615
14.5866,0.5217,2.2476
14.5868,0.5568,2.4022
14.5870,0.5151,2.2233
14.5872,0.4825,2.0825
14.5874,0.4824,2.082
14.5876,0.486,2.0965
14.5878,0.4855,2.0954
14.5880,0.4957,2.1394
14.5882,0.5239,2.2568
14.5884,0.5758,2.4782
14.5886,0.6139,2.6436
14.5888,0.5736,2.4712
14.5890,0.5945,2.5564
14.5892,0.6962,2.9936
14.5894,0.7334,3.1505
14.5896,0.7753,3.3292
14.5898,0.8175,3.5105
14.5900,0.8495,3.6462
14.5902,0.8625,3.7018
14.5904,0.8481,3.6367
14.5906,0.9465,4.0569
14.5908,0.9992,4.2785
14.5910,0.9915,4.2476
14.5912,0.9918,4.2546
14.5914,0.9751,4.1812
14.5916,0.9828,4.2101
14.5918,0.9772,4.1904
14.5920,0.9323,3.992
14.5922,0.9878,4.2337
14.5924,0.9549,4.0948
14.5926,0.9668,4.1399
14.5928,0.9946,4.267
14.5930,0.9645,4.1417
14.5932,0.8804,3.7785
14.5934,0.9081,3.8992
14.5936,0.8814,3.7814
14.5938,0.8716,3.7427
14.5940,0.877,3.7658
14.5942,0.8391,3.6031
14.5944,0.8644,3.7152
14.5946,0.8605,3.6931
14.5948,0.9172,3.9347
14.5950,0.8614,3.7006
14.5952,0.8019,3.4467
14.5954,0.7775,3.3447
14.5956,0.764,3.2915
14.5958,0.716,3.0801
14.5960,0.7664,3.2957
14.5962,0.7204,3.1021
14.5964,0.6939,2.9852
14.5966,0.7688,3.306
14.5968,0.7591,3.2673
14.5970,0.7288,3.1353
14.5972,0.7389,3.1786
14.5974,0.7408,3.1898
14.5976,0.6879,2.9635
14.5978,0.6957,2.9929
14.5980,0.6992,3.0107
14.5982,0.6325,2.7286
14.5984,0.5457,2.3552
14.5986,0.5107,2.2011
14.5988,0.5672,2.4456
14.5990,0.5651,2.4379
14.5992,0.6021,2.5973
14.5994,0.6064,2.611
14.5996,0.6535,2.8113
14.5998,0.6974,3.0057
14.6000,0.6066,2.6157
14.6002,0.575,2.4781
14.6004,0.5208,2.2476
14.6006,0.5443,2.3447
14.6008,0.6151,2.6463
14.6010,0.6652,2.8685
14.6012,0.5847,2.5246
14.6014,0.5265,2.2714
14.6016,0.536,2.308
14.6018,0.5787,2.4918
14.6020,0.6079,2.6165
14.6022,0.6414,2.7605
14.6024,0.6415,2.7662
14.6026,0.5903,2.543
14.6028,0.5917,2.5492
14.6030,0.5838,2.5198
14.6032,0.5361,2.3128
14.6034,0.5469,2.356
14.6036,0.5989,2.5766
14.6038,0.6275,2.7044
14.6040,0.5542,2.3898
14.6042,0.5845,2.5182
14.6044,0.5708,2.4634
14.6046,0.4738,2.0457
14.6048,0.4574,1.9753
14.6050,0.5082,2.1882
14.6052,0.5477,2.3651
14.6054,0.4624,1.9956
14.6056,0.472,2.036
14.6058,0.4602,1.9872
14.6060,0.4554,1.9664
14.6062,0.4529,1.9538
14.6064,0.4548,1.963
14.6066,0.4585,1.979
14.6068,0.5003,2.1561
14.6070,0.5039,2.1746
14.6072,0.4615,1.9901
14.6074,0.4638,1.9999
14.6076,0.5235,2.2574
14.6078,0.5416,2.3333
14.6080,0.5582,2.4057
14.6082,0.5522,2.381
14.6084,0.5475,2.3597
14.6086,0.5528,2.3813
14.6088,0.553,2.3846
14.6090,0.5524,2.3809
14.6092,0.5562,2.3963
14.6094,0.5588,2.4094
14.6096,0.5591,2.4098
14.6098,0.5926,2.5481
14.6100,0.7109,3.0527
14.6102,0.8029,3.4509
14.6104,0.7438,3.1953
14.6106,0.7375,3.1715
14.6108,0.7114,3.0662
14.6110,0.5798,2.4987
14.6112,0.553,2.3846
14.6114,0.5507,2.3759
14.6116,0.541,2.3329
14.6118,0.5426,2.3374
14.6120,0.5401,2.3277
14.6122,0.5473,2.3576
14.6124,0.5452,2.3488
14.6126,0.5462,2.354
14.6128,0.5976,2.5757
14.6130,0.6311,2.7149
14.6132,0.6633,2.8523
14.6134,0.6792,2.9231
14.6136,0.6777,2.9142
14.6138,0.5961,2.5678
14.6140,0.5355,2.3048
14.6142,0.5838,2.5186
14.6144,0.4849,2.0919
14.6146,0.4612,1.9885
14.6148,0.5205,2.2424
14.6150,0.5132,2.2129
14.6152,0.5512,2.3724
14.6154,0.5521,2.3793
14.6156,0.5487,2.3638
14.6158,0.5179,2.231
14.6160,0.5405,2.3297
14.6162,0.51,2.1979
14.6164,0.5021,2.1648
14.6166,0.5329,2.2956
14.6168,0.529,2.2791
14.6170,0.5499,2.3689
14.6172,0.5439,2.3442
14.6174,0.5311,2.2878
14.6176,0.5477,2.3564
14.6178,0.585,2.5226
14.6180,0.6023,2.5959
14.6182,0.5819,2.5092
14.6184,0.4473,1.9277
14.6186,0.5006,2.1546
14.6188,0.5482,2.3573
14.6190,0.6179,2.6581
14.6192,0.5871,2.5303
14.6194,0.5865,2.5265
14.6196,0.6188,2.6623
14.6198,0.5909,2.5432
14.6200,0.597,2.5696
14.6202,0.5887,2.5363
14.6204,0.5721,2.4634
14.6206,0.6047,2.6002
14.6208,0.6515,2.8
14.6210,0.6349,2.7339
14.6212,0.6009,2.5873
14.6214,0.6232,2.6796
14.6216,0.6734,2.8943
14.6218,0.7083,3.04
14.6220,0.8274,3.5527
14.6222,0.7969,3.4203
14.6224,0.8019,3.4403
14.6226,0.8349,3.5801
14.6228,0.8519,3.6599
14.6230,0.7774,3.338
14.6232,0.8575,3.6768
14.6234,0.8919,3.8172
14.6236,0.9873,4.2218
14.6238,1.1071,4.7273
14.6240,1.0871,4.6527
14.6242,1.0909,4.6691
14.6244,1.0735,4.5969
14.6246,1.0064,4.3033
14.6248,1.0558,4.5209
14.6250,1.0599,4.5277
14.6252,1.1454,4.8907
14.6254,1.1681,5.0043
14.6256,0.9964,4.2687
14.6258,0.9774,4.1909
14.6260,0.9376,4.0202
14.6262,0.9543,4.0903
14.6264,0.9626,4.1296
14.6266,0.903,3.8722
14.6268,0.9567,4.0987
14.6270,0.9806,4.2068
14.6272,0.9124,3.9214
14.6274,0.8408,3.6103
14.6276,0.8679,3.7267
14.6278,0.8233,3.5385
14.6280,0.7435,3.1958
14.6282,0.7694,3.304
14.6284,0.7915,3.4003
14.6286,0.7916,3.4072
14.6288,0.76,3.2664
14.6290,0.7837,3.3668
14.6292,0.8209,3.5232
14.6294,0.8639,3.7149
14.6296,0.8028,3.4503
14.6298,0.8,3.4321
14.6300,0.934,4.0104
14.6302,0.8152,3.5039
14.6304,0.7883,3.3911
14.6306,0.7905,3.4025
14.6308,0.7452,3.2045
14.6310,0.7235,3.1169
14.6312,0.6854,2.9458
14.6314,0.7561,3.2514
14.6316,0.7037,3.0317
14.6318,0.7185,3.0895
14.6320,0.7372,3.1714
14.6322,0.7127,3.0704
14.6324,0.6848,2.9446
14.6326,0.6961,2.9958
14.6328,0.6795,2.9246
14.6330,0.7166,3.0841
14.6332,0.7051,3.036
14.6334,0.6563,2.8298
14.6336,0.5851,2.5243
14.6338,0.5609,2.4187
14.6340,0.5512,2.3779
14.6342,0.5555,2.3966
14.6344,0.5637,2.4295
14.6346,0.5775,2.4866
14.6348,0.62,2.6749
14.6350,0.5491,2.3697
14.6352,0.5072,2.185
14.6354,0.5446,2.3506
14.6356,0.53,2.2864
14.6358,0.5384,2.3226
14.6360,0.5311,2.29
14.6362,0.533,2.2982
14.6364,0.5401,2.3266
14.6366,0.6217,2.6784
14.6368,0.5868,2.5316
14.6370,0.5282,2.2797
14.6372,0.5386,2.3225
14.6374,0.5742,2.4761
14.6376,0.5331,2.2988
14.6378,0.5274,2.2761
14.6380,0.523,2.2553
14.6382,0.544,2.3415
14.6384,0.6425,2.7626
14.6386,0.7344,3.1625
14.6388,0.6239,2.6864
14.6390,0.5806,2.5035
14.6392,0.5401,2.3298
14.6394,0.5943,2.5577
14.6396,0.6678,2.8687
14.6398,0.766,3.2998
14.6400,0.6596,2.8403
14.6402,0.594,2.5602
14.6404,0.6151,2.6463
14.6406,0.6982,3.0037
14.6408,0.7069,3.0395
14.6410,0.7307,3.1377
14.6412,0.7579,3.2576
14.6414,0.7549,3.2447
14.6416,0.754,3.2391
14.6418,0.7462,3.2056
14.6420,0.7628,3.2787
14.6422,0.8288,3.5572
14.6424,0.9167,3.9326
14.6426,0.862,3.698
14.6428,0.8365,3.5918
14.6430,0.8702,3.7348
14.6432,0.8853,3.8085
14.6434,0.7747,3.3297
14.6436,0.786,3.3766
14.6438,0.7753,3.3354
14.6440,0.7338,3.1569
14.6442,0.7383,3.1746
14.6444,0.7603,3.2649
14.6446,0.7648,3.287
14.6448,0.7356,3.1676
14.6450,0.6763,2.9134
14.6452,0.7109,3.0613
14.6454,0.6693,2.8821
14.6456,0.6547,2.8165
14.6458,0.7311,3.1436
14.6460,0.77,3.3081
14.6462,0.7456,3.203
14.6464,0.786,3.3782
14.6466,0.7655,3.2977
14.6468,0.6235,2.6849
14.6470,0.6013,2.5905
14.6472,0.6563,2.8245
14.6474,0.6705,2.8832
14.6476,0.6735,2.8961
14.6478,0.6658,2.8685
14.6480,0.6318,2.7218
14.6482,0.6458,2.7861
14.6484,0.5486,2.3655
14.6486,0.5152,2.2217
14.6488,0.5094,2.2015
14.6490,0.418,1.8057
14.6492,0.4023,1.7379
14.6494,0.3992,1.7236
14.6496,0.4353,1.8751
14.6498,0.5644,2.4371
14.6500,0.445,1.9241
14.6502,0.4173,1.8026
14.6504,0.3987,1.7223
14.6506,0.3953,1.7086
14.6508,0.3983,1.7224
14.6510,0.3992,1.7252
14.6512,0.4041,1.7432
14.6514,0.4931,2.1241
14.6516,0.562,2.4256
14.6518,0.5104,2.2031
14.6520,0.5271,2.2697
14.6522,0.5467,2.3594
14.6524,0.5016,2.1638
14.6526,0.4941,2.1307
14.6528,0.4934,2.1276
14.6530,0.4871,2.1012
14.6532,0.479,2.0665
14.6534,0.4806,2.0723
14.6536,0.4764,2.0561
14.6538,0.4782,2.0639
14.6540,0.483,2.0826
14.6542,0.4872,2.1007
14.6544,0.5021,2.1648
14.6546,0.5309,2.2863
14.6548,0.5945,2.5587
14.6550,0.6075,2.6157
14.6552,0.6076,2.6138
14.6554,0.6921,2.9733
14.6556,0.7658,3.2901
14.6558,0.7899,3.3889
14.6560,0.8143,3.4949
14.6562,0.8461,3.6296
14.6564,0.8632,3.698
14.6566,0.904,3.8763
14.6568,0.9085,3.894
14.6570,1.0123,4.3284
14.6572,1.1169,4.776
14.6574,1.1144,4.7675
14.6576,1.1171,4.7765
14.6578,1.1087,4.7451
14.6580,0.9949,4.264
14.6582,0.9944,4.262
14.6584,0.9535,4.0886
14.6586,0.9302,3.987
14.6588,1.0137,4.3406
14.6590,1.0335,4.4274
14.6592,1.0082,4.317
14.6594,1.018,4.3551
14.6596,1.0772,4.6085
14.6598,1.0455,4.4851
14.6600,0.9389,4.0278
14.6602,0.9852,4.2184
14.6604,1.003,4.299
14.6606,0.9786,4.2
14.6608,0.9217,3.9505
14.6610,0.956,4.0975
14.6612,0.9072,3.892
14.6614,0.8745,3.7568
14.6616,0.8558,3.673
14.6618,0.9305,3.9918
14.6620,0.8657,3.7157
14.6622,0.8657,3.7192
14.6624,0.8907,3.8192
14.6626,0.9113,3.9076
14.6628,0.9482,4.066
14.6630,0.9794,4.2036
14.6632,0.9306,3.9923
14.6634,0.8784,3.772
14.6636,0.8422,3.6249
14.6638,0.7696,3.3107
14.6640,0.7693,3.3112
14.6642,0.7149,3.0769
14.6644,0.7423,3.1936
14.6646,0.783,3.3716
14.6648,0.7276,3.1345
14.6650,0.7029,3.0225
14.6652,0.7757,3.3339
14.6654,0.7504,3.2266
14.6656,0.7944,3.4159
14.6658,0.7944,3.419
14.6660,0.7284,3.141
14.6662,0.6317,2.725
14.6664,0.6163,2.6601
14.6666,0.5557,2.3993
14.6668,0.4993,2.1559
14.6670,0.5149,2.2212
14.6672,0.5728,2.4699
14.6674,0.608,2.6219
14.6676,0.5258,2.2704
14.6678,0.4874,2.1057
14.6680,0.5108,2.2036
14.6682,0.5692,2.4567
14.6684,0.5091,2.1964
14.6686,0.4982,2.1503
14.6688,0.4878,2.1062
14.6690,0.4993,2.153
14.6692,0.5035,2.1741
14.6694,0.5112,2.2052
14.6696,0.5812,2.5038
14.6698,0.5537,2.3921
14.6700,0.4379,1.8935
14.6702,0.4116,1.7791
14.6704,0.4283,1.8486
14.6706,0.4503,1.9451
14.6708,0.4411,1.9048
14.6710,0.445,1.9196
14.6712,0.4507,1.9454
14.6714,0.4477,1.9333
14.6716,0.4534,1.9586
14.6718,0.4588,1.9819
14.6720,0.4603,1.9877
14.6722,0.4607,1.9874
14.6724,0.4595,1.9831
14.6726,0.4591,1.9834
14.6728,0.461,1.9899
14.6730,0.461,1.9889
14.6732,0.4609,1.9903
14.6734,0.4498,1.9412
14.6736,0.4464,1.9258
14.6738,0.4909,2.1168
14.6740,0.5294,2.2785
14.6742,0.5841,2.5173
14.6744,0.5536,2.3861
14.6746,0.5613,2.4191
14.6748,0.5607,2.4166
14.6750,0.5625,2.4232
14.6752,0.5804,2.5013
14.6754,0.5644,2.4326
14.6756,0.5727,2.4648
14.6758,0.6264,2.691
14.6760,0.7211,3.0979
14.6762,0.7121,3.065
14.6764,0.6949,2.9879
14.6766,0.703,3.0314
14.6768,0.566,2.4393
14.6770,0.5379,2.3194
14.6772,0.5325,2.2962
14.6774,0.5344,2.3034
14.6776,0.5432,2.3378
14.6778,0.6373,2.7442
14.6780,0.6196,2.6678
14.6782,0.6116,2.6301
14.6784,0.7099,3.0509
14.6786,0.7107,3.0588
14.6788,0.6494,2.7977
14.6790,0.5718,2.4612
14.6792,0.6238,2.6847
14.6794,0.6612,2.843
14.6796,0.6958,2.9865
14.6798,0.7762,3.3282
14.6800,0.778,3.3468
14.6802,0.6792,2.9244
14.6804,0.6278,2.7035
14.6806,0.5859,2.5251
14.6808,0.5783,2.4902
14.6810,0.641,2.7577
14.6812,0.6146,2.6467
14.6814,0.6216,2.6791
14.6816,0.5902,2.5413
14.6818,0.6054,2.6045
14.6820,0.6522,2.807
14.6822,0.6794,2.92
14.6824,0.7034,3.0231
14.6826,0.6692,2.8789
14.6828,0.6837,2.94
14.6830,0.7233,3.1101
14.6832,0.7202,3.0981
14.6834,0.6734,2.9023
14.6836,0.6036,2.6004
14.6838,0.5825,2.5083
14.6840,0.6068,2.6155
14.6842,0.5633,2.4268
14.6844,0.548,2.3574
14.6846,0.603,2.593
14.6848,0.622,2.6819
14.6850,0.5074,2.1901
14.6852,0.5034,2.1705
14.6854,0.4952,2.1354
14.6856,0.4923,2.124
14.6858,0.491,2.1183
14.6860,0.4922,2.1205
14.6862,0.5241,2.2547
14.6864,0.6083,2.6205
14.6866,0.5444,2.3463
14.6868,0.4874,2.1018
14.6870,0.4847,2.0908
14.6872,0.485,2.0934
14.6874,0.4878,2.1043
14.6876,0.4866,2.0981
14.6878,0.5028,2.1659
14.6880,0.5414,2.3301
14.6882,0.6053,2.604
14.6884,0.5953,2.5647
14.6886,0.5727,2.4682
14.6888,0.6091,2.6168
14.6890,0.7192,3.0883
14.6892,0.7224,3.1036
14.6894,0.7069,3.0338
14.6896,0.7721,3.3138
14.6898,0.7914,3.3998
14.6900,0.7979,3.4228
14.6902,0.8976,3.8472
14.6904,0.9151,3.9223
14.6906,0.9336,4.0051
14.6908,0.9048,3.8762
14.6910,0.9573,4.0993
14.6912,0.965,4.1303
14.6914,0.9916,4.2482
14.6916,0.9379,4.0218
14.6918,0.9209,3.9524
14.6920,0.9193,3.9421
14.6922,0.9259,3.9722
14.6924,0.9181,3.9351
14.6926,0.8715,3.7404
14.6928,0.8256,3.545
14.6930,0.819,3.5183
14.6932,0.8311,3.5703
14.6934,0.8341,3.5782
14.6936,0.8873,3.8083
14.6938,0.885,3.8003
14.6940,0.8168,3.5074
14.6942,0.8136,3.4935
14.6944,0.807,3.4684
14.6946,0.7551,3.2392
14.6948,0.8069,3.4663
14.6950,0.8006,3.4379
14.6952,0.8747,3.7596
14.6954,0.7997,3.4337
14.6956,0.8106,3.4806
14.6958,0.7837,3.3668
14.6960,0.7754,3.3344
14.6962,0.7819,3.3575
14.6964,0.8481,3.6418
14.6966,0.8463,3.6374
14.6968,0.72,3.0991
14.6970,0.668,2.8737
14.6972,0.6998,3.0104
14.6974,0.7221,3.1122
14.6976,0.5919,2.5486
14.6978,0.6158,2.6543
14.6980,0.568,2.4492
14.6982,0.611,2.6312
14.6984,0.6985,3.0034
14.6986,0.7467,3.2047
14.6988,0.8027,3.4514
14.6990,0.6685,2.8785
14.6992,0.5898,2.5386
14.6994,0.6763,2.9107
14.6996,0.7274,3.132
14.6998,0.6748,2.9059
14.7000,0.6645,2.8601
14.7002,0.7013,3.0172
14.7004,0.7501,3.2226
14.7006,0.7777,3.3411
14.7008,0.7524,3.2354
14.7010,0.6871,2.9571
14.7012,0.7024,3.0246
14.7014,0.7072,3.0438
14.7016,0.7151,3.0736
14.7018,0.7621,3.2756
14.7020,0.7513,3.2323
14.7022,0.7471,3.2127
14.7024,0.7298,3.135
14.7026,0.7456,3.209
14.7028,0.7066,3.0427
14.7030,0.6979,3.0036
14.7032,0.6667,2.8721
14.7034,0.5923,2.553
14.7036,0.588,2.5356
14.7038,0.6239,2.6864
14.7040,0.6822,2.9319
14.7042,0.7078,3.0464
14.7044,0.6441,2.775
14.7046,0.5788,2.4958
14.7048,0.5399,2.3304
14.7050,0.5413,2.3339
14.7052,0.5481,2.3634
14.7054,0.5341,2.3029
14.7056,0.5313,2.291
14.7058,0.529,2.2801
14.7060,0.5353,2.3091
14.7062,0.5644,2.4292
14.7064,0.6993,3.0056
14.7066,0.6825,2.9389
14.7068,0.5872,2.5296
14.7070,0.6009,2.5873
14.7072,0.6311,2.7187
14.7074,0.6385,2.7494
14.7076,0.6374,2.7435
14.7078,0.6387,2.7504
14.7080,0.6474,2.7876
14.7082,0.6392,2.7525
14.7084,0.6473,2.7845
14.7086,0.7491,3.212
14.7088,0.8226,3.537
14.7090,0.7106,3.0597
14.7092,0.6371,2.7432
14.7094,0.6222,2.6792
14.7096,0.686,2.9511
14.7098,0.8023,3.4467
14.7100,0.7732,3.3277
14.7102,0.6411,2.7595
14.7104,0.6101,2.627
14.7106,0.6092,2.6222
14.7108,0.6151,2.6487
14.7110,0.6157,2.6525
14.7112,0.6079,2.619
14.7114,0.6028,2.5955
14.7116,0.6063,2.6129
14.7118,0.6108,2.6301
14.7120,0.6152,2.6505
14.7122,0.6125,2.6361
14.7124,0.6302,2.7125
14.7126,0.6857,2.9446
14.7128,0.7738,3.3256
14.7130,0.8304,3.5689
14.7132,0.7497,3.231
14.7134,0.5955,2.5652
14.7136,0.5573,2.4043
14.7138,0.5527,2.3808
14.7140,0.6048,2.6079
14.7142,0.5597,2.4135
14.7144,0.5397,2.3283
14.7146,0.5361,2.3128
14.7148,0.5402,2.3282
14.7150,0.5379,2.3173
14.7152,0.5493,2.3675
14.7154,0.5222,2.2507
14.7156,0.5479,2.3602
14.7158,0.588,2.5332
14.7160,0.5741,2.4733
14.7162,0.5845,2.5194
14.7164,0.5687,2.4535
14.7166,0.553,2.3791
14.7168,0.6513,2.8034
14.7170,0.6083,2.6205
14.7172,0.5919,2.5474
14.7174,0.6799,2.9235
14.7176,0.7077,3.0431
14.7178,0.7407,3.1849
14.7180,0.7034,3.0259
14.7182,0.673,2.8954
14.7184,0.6602,2.8376
14.7186,0.7029,3.021
14.7188,0.7393,3.1792
14.7190,0.6742,2.9033
14.7192,0.5801,2.5026
14.7194,0.4973,2.1462
14.7196,0.4808,2.0743
14.7198,0.4781,2.0624
14.7200,0.4929,2.1236
14.7202,0.5591,2.4087
14.7204,0.6433,2.7662
14.7206,0.6409,2.7572
14.7208,0.6777,2.9155
14.7210,0.7048,3.0349
14.7212,0.6615,2.8459
14.7214,0.6765,2.9063
14.7216,0.7564,3.2464
14.7218,0.8662,3.7178
14.7220,0.853,3.6612
14.7222,0.7922,3.3971
14.7224,0.8398,3.6046
14.7226,0.8618,3.6987
14.7228,0.8553,3.6692
14.7230,0.8521,3.6553
14.7232,0.9247,3.9597
14.7234,0.9717,4.1648
14.7236,0.9931,4.2563
14.7238,1.0099,4.3303
14.7240,0.9901,4.2415
14.7242,0.9721,4.1683
14.7244,0.969,4.1569
14.7246,0.9491,4.0677
14.7248,0.977,4.1816
14.7250,1.0191,4.3658
14.7252,0.929,3.9893
14.7254,0.8778,3.7712
14.7256,0.8802,3.7797
14.7258,0.8796,3.7754
14.7260,0.8848,3.7975
14.7262,0.9127,3.9102
14.7264,0.9343,4.0138
14.7266,0.8633,3.7054
14.7268,0.8805,3.7825
14.7270,0.8106,3.4871
14.7272,0.7962,3.4236
14.7274,0.778,3.3514
14.7276,0.6871,2.9544
14.7278,0.7628,3.2772
14.7280,0.7789,3.3478
14.7282,0.7919,3.405
14.7284,0.823,3.5341
14.7286,0.8413,3.6141
14.7288,0.8485,3.6433
14.7290,0.8495,3.6513
14.7292,0.8091,3.4777
14.7294,0.8331,3.5774
14.7296,0.8697,3.7362
14.7298,0.7625,3.2833
14.7300,0.6638,2.8583
14.7302,0.706,3.0344
14.7304,0.7858,3.3772
14.7306,0.7758,3.3344
14.7308,0.7724,3.3246
14.7310,0.6595,2.845
14.7312,0.5395,2.3272
14.7314,0.5721,2.4668
14.7316,0.5953,2.5671
14.7318,0.5871,2.5314
14.7320,0.5964,2.5706
14.7322,0.6065,2.6152
14.7324,0.5807,2.5063
14.7326,0.5149,2.2212
14.7328,0.5479,2.3635
14.7330,0.581,2.5027
14.7332,0.6281,2.7045
14.7334,0.6319,2.7299
14.7336,0.5137,2.2181
14.7338,0.4952,2.1383
14.7340,0.4839,2.0868
14.7342,0.4874,2.1037
14.7344,0.4794,2.0681
14.7346,0.4952,2.1354
14.7348,0.5122,2.2088
14.7350,0.4909,2.1227
14.7352,0.4112,1.7779
14.7354,0.4017,1.7345
14.7356,0.4411,1.904
14.7358,0.4519,1.9523
14.7360,0.4465,1.9272
14.7362,0.4471,1.9307
14.7364,0.4462,1.9266
14.7366,0.4413,1.9045
14.7368,0.4616,1.9897
14.7370,0.5215,2.2496
14.7372,0.5125,2.2139
14.7374,0.4528,1.9551
14.7376,0.4469,1.9288
14.7378,0.4516,1.949
14.7380,0.4518,1.9509
14.7382,0.45,1.9413
14.7384,0.4524,1.9508
14.7386,0.4562,1.9673
14.7388,0.5578,2.403
14.7390,0.6277,2.7004
14.7392,0.6608,2.8454
14.7394,0.5853,2.5272
14.7396,0.4862,2.0946
14.7398,0.556,2.392
14.7400,0.6691,2.8784
14.7402,0.6718,2.8916
14.7404,0.6971,3.0019
14.7406,0.7091,3.0493
14.7408,0.7263,3.1244
14.7410,0.7079,3.0413
14.7412,0.7361,3.1638
14.7414,0.7276,3.1272
14.7416,0.7637,3.2808
14.7418,0.7871,3.3813
14.7420,0.7991,3.4312
14.7422,0.8022,3.4494
14.7424,0.7407,3.1849
14.7426,0.7445,3.1999
14.7428,0.7682,3.3004
14.7430,0.7874,3.3828
14.7432,0.7063,3.0397
14.7434,0.6339,2.7311
14.7436,0.6517,2.8062
14.7438,0.6582,2.8341
14.7440,0.6485,2.791
14.7442,0.6324,2.7218
14.7444,0.6305,2.7123
14.7446,0.6428,2.7654
14.7448,0.6752,2.906
14.7450,0.6878,2.963
14.7452,0.5658,2.4388
14.7454,0.5934,2.5553
14.7456,0.6539,2.8142
14.7458,0.6383,2.7471
14.7460,0.6492,2.7941
14.7462,0.6174,2.6598
14.7464,0.5778,2.4905
14.7466,0.5461,2.3546
14.7468,0.5119,2.2052
14.7470,0.5636,2.4312
14.7472,0.5477,2.3629
14.7474,0.5094,2.1964
14.7476,0.518,2.2305
14.7478,0.5799,2.4992
14.7480,0.5673,2.4461
14.7482,0.5134,2.214
14.7484,0.4975,2.1472
14.7486,0.5107,2.2031
14.7488,0.5109,2.2021
14.7490,0.5188,2.2372
14.7492,0.5015,2.1643
14.7494,0.4173,1.8026
14.7496,0.4121,1.7779
14.7498,0.4155,1.7932
14.7500,0.4047,1.7458
14.7502,0.423,1.825
14.7504,0.4013,1.7321
14.7506,0.4678,2.0151
14.7508,0.5983,2.5776
14.7510,0.5999,2.5844
14.7512,0.4931,2.1271
14.7514,0.4675,2.0159
14.7516,0.471,2.03
14.7518,0.4715,2.033
14.7520,0.4669,2.0143
14.7522,0.4717,2.0359
14.7524,0.4649,2.0046
14.7526,0.4704,2.0274
14.7528,0.4805,2.0718
14.7530,0.48,2.0707
14.7532,0.475,2.047
14.7534,0.4747,2.047
14.7536,0.4806,2.0723
14.7538,0.4838,2.0872
14.7540,0.4824,2.0781
14.7542,0.5151,2.2171
14.7544,0.5354,2.3032
14.7546,0.6179,2.6581
14.7548,0.6215,2.6748
14.7550,0.57,2.4534
14.7552,0.6246,2.6845
14.7554,0.7323,3.1458
14.7556,0.7601,3.2623
14.7558,0.7754,3.3282
14.7560,0.7914,3.3982
14.7562,0.8407,3.5981
14.7564,0.8963,3.8398
14.7566,0.8656,3.7117
14.7568,0.8535,3.6649
14.7570,0.8334,3.5701
14.7572,0.9385,4.0187
14.7574,0.9376,4.0202
14.7576,0.9284,3.9756
14.7578,0.9858,4.219
14.7580,0.9593,4.1075
14.7582,0.9741,4.1751
14.7584,0.9693,4.1584
14.7586,0.9112,3.9053
14.7588,0.9517,4.0771
14.7590,0.9505,4.0739
14.7592,0.9597,4.1134
14.7594,0.9135,3.9169
14.7596,0.9054,3.8861
14.7598,0.9072,3.8938
14.7600,0.894,3.8354
14.7602,0.8736,3.7409
14.7604,0.9661,4.1407
14.7606,1.0077,4.317
14.7608,1.0224,4.3822
14.7610,0.9655,4.142
14.7612,0.9293,3.9848
14.7614,0.9596,4.1206
14.7616,0.9211,3.9516
14.7618,0.9317,3.995
14.7620,0.9179,3.9359
14.7622,0.9167,3.9363
14.7624,0.8991,3.8588
14.7626,0.8573,3.6831
14.7628,0.8042,3.4549
14.7630,0.7872,3.3865
14.7632,0.7535,3.24
14.7634,0.815,3.4996
14.7636,0.8864,3.8025
14.7638,0.8283,3.5651
14.7640,0.7271,3.1281
14.7642,0.737,3.1733
14.7644,0.671,2.888
14.7646,0.6712,2.8904
14.7648,0.6469,2.7868
14.7650,0.6539,2.8168
14.7652,0.6521,2.8051
14.7654,0.6763,2.908
14.7656,0.7205,3.0968
14.7658,0.8222,3.5322
14.7660,0.8248,3.5419
14.7662,0.8361,3.5936
14.7664,0.8084,3.4762
14.7666,0.8057,3.4643
14.7668,0.7784,3.3504
14.7670,0.7223,3.1074
14.7672,0.6235,2.6874
14.7674,0.6085,2.6228
14.7676,0.582,2.5097
14.7678,0.5744,2.4778
14.7680,0.5667,2.4424
14.7682,0.598,2.5749
14.7684,0.6152,2.6529
14.7686,0.5804,2.5025
14.7688,0.5739,2.4734
14.7690,0.5985,2.5793
14.7692,0.5872,2.5296
14.7694,0.6274,2.7039
14.7696,0.5881,2.5337
14.7698,0.6115,2.6369
14.7700,0.5842,2.5214
14.7702,0.4964,2.1435
14.7704,0.4861,2.0971
14.7706,0.4979,2.1467
14.7708,0.5453,2.3493
14.7710,0.5967,2.5728
14.7712,0.5504,2.3743
14.7714,0.5309,2.2916
14.7716,0.5268,2.2735
14.7718,0.526,2.2672
14.7720,0.5728,2.4665
14.7722,0.6343,2.7301
14.7724,0.6341,2.7278
14.7726,0.6832,2.942
14.7728,0.6511,2.8023
14.7730,0.6463,2.783
14.7732,0.6444,2.7747
14.7734,0.6473,2.7845
14.7736,0.6432,2.7695
14.7738,0.6491,2.7935
14.7740,0.6783,2.9154
14.7742,0.7957,3.4215
14.7744,0.7679,3.3004
14.7746,0.7379,3.1715
14.7748,0.6931,2.9857
14.7750,0.6196,2.6666
14.7752,0.6162,2.6509
14.7754,0.6554,2.8183
14.7756,0.6961,2.9986
14.7758,0.6228,2.6843
14.7760,0.6068,2.6119
14.7762,0.6118,2.6355
14.7764,0.6143,2.6463
14.7766,0.6126,2.6391
14.7768,0.6194,2.6636
14.7770,0.6547,2.8191
14.7772,0.617,2.657
14.7774,0.6172,2.6587
14.7776,0.6192,2.6675
14.7778,0.6164,2.6569
14.7780,0.606,2.6095
14.7782,0.7191,3.0863
14.7784,0.7976,3.4282
14.7786,0.7161,3.0763
14.7788,0.7905,3.3962
14.7790,0.8029,3.4493
14.7792,0.7334,3.1607
14.7794,0.5955,2.5664
14.7796,0.6386,2.7499
14.7798,0.6477,2.7866
14.7800,0.6471,2.7827
14.7802,0.6789,2.922
14.7804,0.7083,3.0457
14.7806,0.7516,3.2288
14.7808,0.7581,3.2627
14.7810,0.7072,3.0424
14.7812,0.729,3.1363
14.7814,0.6951,2.9903
14.7816,0.6843,2.9453
14.7818,0.68,2.9253
14.7820,0.6628,2.8516
14.7822,0.6938,2.986
14.7824,0.697,3.0014
14.7826,0.6805,2.9274
14.7828,0.7224,3.1079
14.7830,0.7128,3.0695
14.7832,0.6543,2.8162
14.7834,0.6999,3.0096
14.7836,0.6772,2.9162
14.7838,0.6139,2.6436
14.7840,0.5951,2.5649
14.7842,0.6518,2.808
14.7844,0.6536,2.8145
14.7846,0.6692,2.8816
14.7848,0.603,2.6038
14.7850,0.4973,2.1442
14.7852,0.4919,2.1219
14.7854,0.4859,2.096
14.7856,0.4914,2.1198
14.7858,0.489,2.1104
14.7860,0.4869,2.1026
14.7862,0.4896,2.1111
14.7864,0.4889,2.108
14.7866,0.4875,2.1023
14.7868,0.4889,2.108
14.7870,0.5252,2.2625
14.7872,0.5597,2.4113
14.7874,0.5676,2.442
14.7876,0.6138,2.643
14.7878,0.5788,2.4934
14.7880,0.6155,2.6466
14.7882,0.6929,2.9783
14.7884,0.7167,3.0789
14.7886,0.7969,3.4203
14.7888,0.7708,3.3127
14.7890,0.8328,3.5692
14.7892,0.9468,4.0579
14.7894,0.9525,4.0864
14.7896,0.9046,3.877
14.7898,0.9234,3.9577
14.7900,0.9034,3.8719
14.7902,0.8855,3.8006
14.7904,0.8635,3.7111
14.7906,0.8366,3.5907
14.7908,0.8721,3.743
14.7910,0.8816,3.7801
14.7912,0.9135,3.9187
14.7914,0.9137,3.9197
14.7916,0.8796,3.7719
14.7918,0.8769,3.7601
14.7920,0.9078,3.8927
14.7922,0.9585,4.1121
14.7924,0.9792,4.1967
14.7926,0.9921,4.2462
14.7928,0.9991,4.282
14.7930,0.9626,4.1277
14.7932,0.9084,3.8935
14.7934,0.9341,4.0091
14.7936,0.8786,3.7796
14.7938,0.7411,3.1884
14.7940,0.7317,3.1462
14.7942,0.7157,3.0819
14.7944,0.7166,3.0798
14.7946,0.7548,3.2457
14.7948,0.7453,3.205
14.7950,0.7241,3.1166
14.7952,0.712,3.0645
14.7954,0.6994,3.0117
14.7956,0.7011,3.0189
14.7958,0.6481,2.7894
14.7960,0.6691,2.8771
14.7962,0.691,2.9756
14.7964,0.6491,2.7948
14.7966,0.664,2.862
14.7968,0.6132,2.6417
14.7970,0.6479,2.791
14.7972,0.6205,2.6744
14.7974,0.6312,2.7179
14.7976,0.6384,2.7451
14.7978,0.7078,3.0464
14.7980,0.6603,2.8407
14.7982,0.7295,3.1369
14.7984,0.7459,3.209
14.7986,0.7155,3.078
14.7988,0.6682,2.8788
14.7990,0.6347,2.7342
14.7992,0.6716,2.8933
14.7994,0.6282,2.705
14.7996,0.6196,2.6666
14.7998,0.6493,2.7959
14.8000,0.6476,2.7886
14.8002,0.6215,2.6786
14.8004,0.5968,2.5769
14.8006,0.5198,2.2434
14.8008,0.5133,2.2124
14.8010,0.5351,2.3086
14.8012,0.5208,2.2465
14.8014,0.5299,2.2859
14.8016,0.5626,2.4248
14.8018,0.5738,2.4706
14.8020,0.6435,2.7724
14.8022,0.6588,2.838
14.8024,0.6348,2.7372
14.8026,0.5385,2.322
14.8028,0.5298,2.2832
14.8030,0.5509,2.372
14.8032,0.5672,2.4445
14.8034,0.6094,2.6264
14.8036,0.5961,2.5666
14.8038,0.6085,2.6215
14.8040,0.5794,2.496
14.8042,0.6086,2.6221
14.8044,0.5759,2.4856
14.8046,0.47,2.0277
14.8048,0.4529,1.9538
14.8050,0.4561,1.9686
14.8052,0.4543,1.9627
14.8054,0.4578,1.975
14.8056,0.5308,2.2879
14.8058,0.5515,2.3757
14.8060,0.5723,2.4667
14.8062,0.5666,2.4407
14.8064,0.5566,2.3979
14.8066,0.5534,2.3839
14.8068,0.557,2.4017
14.8070,0.5588,2.4083
14.8072,0.6094,2.6215
14.8074,0.669,2.8752
14.8076,0.7551,3.2452
14.8078,0.7569,3.2545
14.8080,0.7477,3.2093
14.8082,0.7913,3.4025
14.8084,0.645,2.7773
14.8086,0.645,2.7773
14.8088,0.6335,2.7315
14.8090,0.5565,2.3974
14.8092,0.5487,2.3649
14.8094,0.5904,2.5412
14.8096,0.6284,2.706
14.8098,0.5613,2.4191
14.8100,0.5208,2.2455
14.8102,0.5146,2.2202
14.8104,0.5158,2.2233
14.8106,0.519,2.2377
14.8108,0.5127,2.2109
14.8110,0.5174,2.231
14.8112,0.5104,2.2
14.8114,0.5043,2.1716
14.8116,0.5757,2.4789
14.8118,0.5945,2.5587
14.8120,0.6533,2.8116
14.8122,0.6529,2.8114
14.8124,0.6043,2.6047
14.8126,0.5673,2.445
14.8128,0.5636,2.4278
14.8130,0.5311,2.29
14.8132,0.4747,2.0479
14.8134,0.5041,2.1726
14.8136,0.5199,2.2419
14.8138,0.5076,2.1886
14.8140,0.523,2.2553
14.8142,0.5445,2.3479
14.8144,0.5264,2.2687
14.8146,0.5144,2.216
14.8148,0.5046,2.1737
14.8150,0.5112,2.2041
14.8152,0.5221,2.2491
14.8154,0.5827,2.5105
14.8156,0.5482,2.3617
14.8158,0.5332,2.2993
14.8160,0.5046,2.1757
14.8162,0.5101,2.1964
14.8164,0.564,2.4265
14.8166,0.5583,2.4085
14.8168,0.4873,2.1022
14.8170,0.4881,2.1039
14.8172,0.5264,2.2687
14.8174,0.5004,2.1566
14.8176,0.5379,2.3162
14.8178,0.5981,2.5778
14.8180,0.5318,2.292
14.8182,0.53,2.2779
14.8184,0.6158,2.6506
14.8186,0.6539,2.8155
14.8188,0.5962,2.5683
14.8190,0.5473,2.3587
14.8192,0.5259,2.2635
14.8194,0.6191,2.6645
14.8196,0.6369,2.7401
14.8198,0.6589,2.8306
14.8200,0.7058,3.032
14.8202,0.6992,3.0023
14.8204,0.7509,3.2257
14.8206,0.7437,3.1933
14.8208,0.8311,3.567
14.8210,0.8489,3.642
14.8212,0.8349,3.5835
14.8214,0.8844,3.7925
14.8216,1.0091,4.3211
14.8218,0.979,4.1923
14.8220,1.0091,4.3171
14.8222,1.0998,4.7005
14.8224,1.1163,4.7757
14.8226,1.0835,4.6308
14.8228,1.0807,4.619
14.8230,1.0548,4.521
14.8232,0.9262,3.9751
14.8234,0.916,3.9295
14.8236,0.9252,3.9617
14.8238,1.001,4.2862
14.8240,0.9957,4.2656
14.8242,0.98,4.1944
14.8244,1.0049,4.3032
14.8246,1.0258,4.3946
14.8248,0.9933,4.2553
14.8250,0.9832,4.2181
14.8252,0.9204,3.9486
14.8254,0.9729,4.1661
14.8256,1.053,4.5027
14.8258,1.0582,4.5332
14.8260,0.9565,4.1072
14.8262,0.9163,3.9292
14.8264,0.9553,4.0944
14.8266,0.918,3.9346
14.8268,0.9459,4.06
14.8270,0.936,4.0154
14.8272,0.947,4.0627
14.8274,1.007,4.3119
14.8276,1.0608,4.5467
14.8278,1.0684,4.5748
14.8280,1.0748,4.5982
14.8282,1.0989,4.7079
14.8284,0.9967,4.2817
14.8286,0.8145,3.5025
14.8288,0.6983,3.007
14.8290,0.6935,2.9836
14.8292,0.7661,3.2926
14.8294,0.819,3.5183
14.8296,0.8015,3.4479
14.8298,0.7758,3.339
14.8300,0.7269,3.1285
14.8302,0.689,2.9682
14.8304,0.6618,2.8509
14.8306,0.6146,2.6491
14.8308,0.5769,2.4886
14.8310,0.6058,2.6133
14.8312,0.5838,2.5186
14.8314,0.5949,2.5615
14.8316,0.6971,3.0019
14.8318,0.6455,2.7845
14.8320,0.5783,2.4948
14.8322,0.5717,2.4641
14.8324,0.6156,2.6557
14.8326,0.6097,2.6243
14.8328,0.6441,2.7788
14.8330,0.603,2.6014
14.8332,0.5783,2.4925
14.8334,0.5853,2.5225
14.8336,0.5971,2.5737
14.8338,0.5891,2.5379
14.8340,0.6463,2.7881
14.8342,0.5902,2.5449
14.8344,0.5875,2.5323
14.8346,0.5802,2.4996
14.8348,0.667,2.871
14.8350,0.7341,3.1624
14.8352,0.6182,2.6646
14.8354,0.5686,2.4484
14.8356,0.5705,2.4635
14.8358,0.4839,2.0906
14.8360,0.4801,2.0721
14.8362,0.4745,2.0478
14.8364,0.4811,2.0753
14.8366,0.51,2.201
14.8368,0.508,2.1917
14.8370,0.5074,2.1881
14.8372,0.5083,2.1917
14.8374,0.5127,2.2088
14.8376,0.6131,2.6436
14.8378,0.5248,2.2652
14.8380,0.5276,2.2739
14.8382,0.6246,2.687
14.8384,0.6967,2.9942
14.8386,0.7667,3.2922
14.8388,0.7427,3.1936
14.8390,0.7348,3.1596
14.8392,0.7211,3.1037
14.8394,0.692,2.9769
14.8396,0.7269,3.127
14.8398,0.7455,3.201
14.8400,0.7784,3.3426
14.8402,0.8447,3.6223
14.8404,0.844,3.6293
14.8406,0.7493,3.2205
14.8408,0.7519,3.2363
14.8410,0.7196,3.0927
14.8412,0.7674,3.2968
14.8414,0.7971,3.4229
14.8416,0.8651,3.7149
14.8418,0.7985,3.4366
14.8420,0.6826,2.9367
14.8422,0.6727,2.8939
14.8424,0.6925,2.9804
14.8426,0.7103,3.0601
14.8428,0.7058,3.0377
14.8430,0.6908,2.9704
14.8432,0.711,3.0547
14.8434,0.7438,3.1968
14.8436,0.7843,3.3725
14.8438,0.7567,3.26
14.8440,0.6278,2.7072
14.8442,0.6398,2.7551
14.8444,0.6548,2.8183
14.8446,0.6516,2.8031
14.8448,0.7342,3.157
14.8450,0.7317,3.1477
14.8452,0.7125,3.0651
14.8454,0.6264,2.7023
14.8456,0.5513,2.3773
14.8458,0.5778,2.4928
14.8460,0.5805,2.5018
14.8462,0.5907,2.5422
14.8464,0.6399,2.7582
14.8466,0.5975,2.5752
14.8468,0.618,2.6586
14.8470,0.6895,2.9688
14.8472,0.5835,2.5124
14.8474,0.6046,2.6021
14.8476,0.6775,2.9186
14.8478,0.608,2.6219
14.8480,0.5443,2.3447
14.8482,0.6173,2.6605
14.8484,0.5257,2.272
14.8486,0.4226,1.8254
14.8488,0.4092,1.7671
14.8490,0.4016,1.7348
14.8492,0.4421,1.9072
14.8494,0.5156,2.2243
14.8496,0.5173,2.2305
14.8498,0.5056,2.1814
14.8500,0.4907,2.1177
14.8502,0.4849,2.0909
14.8504,0.4844,2.0888
14.8506,0.4908,2.1182
14.8508,0.511,2.2026
14.8510,0.5302,2.2874
14.8512,0.4871,2.1012
14.8514,0.4811,2.0753
14.8516,0.4808,2.0762
14.8518,0.4875,2.1033
14.8520,0.4825,2.0796
14.8522,0.477,2.0587
14.8524,0.4787,2.065
14.8526,0.4796,2.0691
14.8528,0.4825,2.0815
14.8530,0.4845,2.0913
14.8532,0.4943,2.1312
14.8534,0.5318,2.2888
14.8536,0.6041,2.5988
14.8538,0.6399,2.7556
14.8540,0.5877,2.5317
14.8542,0.5959,2.5649
14.8544,0.707,3.0386
14.8546,0.721,3.0989
14.8548,0.7164,3.0807
14.8550,0.7588,3.2597
14.8552,0.7756,3.3303
14.8554,0.7764,3.3354
14.8556,0.8294,3.5565
14.8558,0.9477,4.062
14.8560,0.9748,4.1801
14.8562,0.9252,3.9654
14.8564,0.9069,3.8886
14.8566,0.9226,3.9523
14.8568,0.9529,4.0803
14.8570,0.9698,4.1605
14.8572,0.9286,3.9798
14.8574,0.9928,4.2533
14.8576,1.0075,4.318
14.8578,0.9449,4.0478
14.8580,0.9659,4.1377
14.8582,1.0041,4.3036
14.8584,0.9432,4.0425
14.8586,0.9221,3.9539
14.8588,0.9238,3.9537
14.8590,1.0177,4.3657
14.8592,0.9463,4.0634
14.8594,0.9179,3.9341
14.8596,0.9837,4.2162
14.8598,1.0019,4.2923
14.8600,0.9774,4.1968
14.8602,0.838,3.6019
14.8604,0.842,3.6189
14.8606,0.8487,3.6426
14.8608,0.892,3.8249
14.8610,0.9355,4.0152
14.8612,0.8907,3.8299
14.8614,0.8263,3.553
14.8616,0.7756,3.3303
14.8618,0.7953,3.4168
14.8620,0.8509,3.657
14.8622,0.8131,3.5012
14.8624,0.7085,3.0467
14.8626,0.7094,3.0546
14.8628,0.6667,2.8681
14.8630,0.6591,2.8356
14.8632,0.6914,2.9771
14.8634,0.6708,2.8843
14.8636,0.7489,3.2219
14.8638,0.748,3.2178
14.8640,0.7724,3.323
14.8642,0.7664,3.2988
14.8644,0.7337,3.1564
14.8646,0.7233,3.1087
14.8648,0.756,3.2584
14.8650,0.625,2.6961
14.8652,0.6078,2.6209
14.8654,0.6486,2.7941
14.8656,0.6145,2.6498
14.8658,0.5801,2.5026
14.8660,0.5528,2.388
14.8662,0.5028,2.169
14.8664,0.57,2.4591
14.8666,0.5351,2.3086
14.8668,0.5035,2.1731
14.8670,0.4958,2.1419
14.8672,0.4825,2.0835
14.8674,0.4868,2.1002
14.8676,0.4938,2.1311
14.8678,0.4985,2.1483
14.8680,0.5541,2.3881
14.8682,0.5908,2.5475
14.8684,0.5393,2.3278
14.8686,0.4461,1.9278
14.8688,0.4294,1.855
14.8690,0.4548,1.963
14.8692,0.4463,1.928
14.8694,0.4473,1.9312
14.8696,0.4499,1.9399
14.8698,0.4494,1.9406
14.8700,0.4759,2.054
14.8702,0.4756,2.0544
14.8704,0.4513,1.9488
14.8706,0.4509,1.9468
14.8708,0.4485,1.9364
14.8710,0.4473,1.9295
14.8712,0.4468,1.9274
14.8714,0.4471,1.9289
14.8716,0.4866,2.0981
14.8718,0.5385,2.3209
14.8720,0.5491,2.3653
14.8722,0.5554,2.3949
14.8724,0.5517,2.3767
14.8726,0.5583,2.4062
14.8728,0.5583,2.4062
14.8730,0.558,2.403
14.8732,0.5615,2.4202
14.8734,0.5645,2.432
14.8736,0.5823,2.5073
14.8738,0.5975,2.5716
14.8740,0.6904,2.9716
14.8742,0.6739,2.8977
14.8744,0.732,3.1433
14.8746,0.8097,3.477
14.8748,0.7735,3.3277
14.8750,0.6286,2.7091
14.8752,0.5509,2.3731
14.8754,0.5429,2.3412
14.8756,0.5288,2.2801
14.8758,0.5221,2.2512
14.8760,0.5246,2.262
14.8762,0.5266,2.2687
14.8764,0.5307,2.2884
14.8766,0.5315,2.291
14.8768,0.5276,2.275
14.8770,0.5312,2.2905
14.8772,0.5335,2.2992
14.8774,0.5494,2.3691
14.8776,0.5633,2.4279
14.8778,0.5428,2.3363
14.8780,0.6031,2.5947
14.8782,0.6389,2.7471
14.8784,0.7587,3.2577
14.8786,0.7806,3.3581
14.8788,0.6909,2.9695
14.8790,0.7276,3.1287
14.8792,0.6461,2.7819
14.8794,0.5877,2.5328
14.8796,0.6,2.5849
14.8798,0.606,2.6058
14.8800,0.6365,2.7355
14.8802,0.6842,2.9461
14.8804,0.6151,2.6512
14.8806,0.6146,2.6442
14.8808,0.7063,3.0369
14.8810,0.6951,2.9875
14.8812,0.7341,3.1477
14.8814,0.8904,3.8164
14.8816,0.8636,3.7099
14.8818,0.8151,3.5018
14.8820,0.7685,3.3029
14.8822,0.7282,3.1342
14.8824,0.718,3.086
14.8826,0.7844,3.3668
14.8828,0.8504,3.6498
14.8830,0.8396,3.6069
14.8832,0.719,3.0887
14.8834,0.7459,3.2046
14.8836,0.7878,3.3843
14.8838,0.7151,3.0779
14.8840,0.6416,2.7641
14.8842,0.627,2.6998
14.8844,0.6438,2.7683
14.8846,0.6884,2.9642
14.8848,0.6292,2.7091
14.8850,0.618,2.6599
14.8852,0.6204,2.669
14.8854,0.6184,2.6639
14.8856,0.6133,2.6434
14.8858,0.6003,2.5835
14.8860,0.6037,2.6009
14.8862,0.6024,2.5952
14.8864,0.6104,2.6286
14.8866,0.6224,2.6765
14.8868,0.6661,2.8655
14.8870,0.7039,3.0224
14.8872,0.7353,3.1631
14.8874,0.7108,3.0607
14.8876,0.7088,3.0435
14.8878,0.8235,3.5329
14.8880,0.8308,3.566
14.8882,0.8398,3.6062
14.8884,0.8211,3.5226
14.8886,0.8885,3.8117
14.8888,0.8849,3.7945
14.8890,0.8913,3.8218
14.8892,0.9515,4.0799
14.8894,0.974,4.1707
14.8896,1.0178,4.3581
14.8898,1.012,4.3314
14.8900,1.0101,4.3273
14.8902,0.9921,4.2502
14.8904,1.0226,4.3848
14.8906,0.9542,4.0898
14.8908,0.9638,4.1251
14.8910,1.0332,4.4243
14.8912,0.9964,4.2707
14.8914,0.963,4.1292
14.8916,1.0163,4.354
14.8918,1.0527,4.5054
14.8920,1.097,4.6997
14.8922,1.1144,4.7675
14.8924,1.1338,4.8483
14.8926,1.0963,4.69
14.8928,1.0952,4.6942
14.8930,1.0103,4.3344
14.8932,1.0003,4.2871
14.8934,0.9748,4.186
14.8936,0.8712,3.7394
14.8938,0.8813,3.7826
14.8940,0.892,3.8302
14.8942,0.9154,3.9306
14.8944,0.9004,3.8644
14.8946,0.9415,4.0447
14.8948,0.8774,3.7656
14.8950,0.9043,3.8887
14.8952,0.8341,3.5882
14.8954,0.8217,3.5301
14.8956,0.8456,3.6326
14.8958,0.7909,3.4025
14.8960,0.7439,3.1988
14.8962,0.763,3.2853
14.8964,0.7606,3.2735
14.8966,0.7783,3.3468
14.8968,0.7391,3.1841
14.8970,0.6795,2.926
14.8972,0.6706,2.8878
14.8974,0.694,2.9829
14.8976,0.7597,3.2729
14.8978,0.6137,2.6474
14.8980,0.6395,2.7535
14.8982,0.7246,3.1172
14.8984,0.7379,3.1774
14.8986,0.6907,2.9671
14.8988,0.7611,3.2771
14.8990,0.7408,3.1913
14.8992,0.7411,3.1869
14.8994,0.7329,3.1572
14.8996,0.6943,2.9909
14.8998,0.6952,2.9895
14.9000,0.7338,3.1584
14.9002,0.6751,2.9042
14.9004,0.7246,3.1172
14.9006,0.7632,3.2849
14.9008,0.6995,3.0094
14.9010,0.7299,3.1414
14.9012,0.6923,2.9812
14.9014,0.7023,3.0241
14.9016,0.748,3.2163
14.9018,0.7736,3.3282
14.9020,0.7462,3.2116
14.9022,0.7337,3.1579
14.9024,0.7306,3.1474
14.9026,0.642,2.7669
14.9028,0.6513,2.8099
14.9030,0.6251,2.6941
14.9032,0.6625,2.8553
14.9034,0.6332,2.728
14.9036,0.5977,2.5786
14.9038,0.5217,2.2486
14.9040,0.5432,2.3433
14.9042,0.5345,2.3071
14.9044,0.5451,2.3526
14.9046,0.5516,2.3751
14.9048,0.6684,2.8766
14.9050,0.7283,3.1376
14.9052,0.6721,2.8967
14.9054,0.6432,2.7683
14.9056,0.644,2.7744
14.9058,0.6463,2.7843
14.9060,0.6383,2.7496
14.9062,0.6343,2.7339
14.9064,0.6628,2.8516
14.9066,0.7254,3.1194
14.9068,0.753,3.2395
14.9070,0.7668,3.2988
14.9072,0.6848,2.9487
14.9074,0.6233,2.6863
14.9076,0.6238,2.6896
14.9078,0.623,2.6853
14.9080,0.6371,2.7419
14.9082,0.6979,3.0022
14.9084,0.6546,2.8212
14.9086,0.6319,2.721
14.9088,0.6173,2.6593
14.9090,0.6307,2.7146
14.9092,0.688,2.9654
14.9094,0.6288,2.7101
14.9096,0.6182,2.6646
14.9098,0.6113,2.6334
14.9100,0.6078,2.6197
14.9102,0.6107,2.6308
14.9104,0.6214,2.6743
14.9106,0.6875,2.962
14.9108,0.632,2.7228
14.9110,0.6662,2.8687
14.9112,0.6813,2.931
14.9114,0.7584,3.2597
14.9116,0.7614,3.2741
14.9118,0.6681,2.8783
14.9120,0.6746,2.9048
14.9122,0.647,2.7912
14.9124,0.5836,2.5153
14.9126,0.5847,2.5211
14.9128,0.5479,2.3624
14.9130,0.5429,2.3422
14.9132,0.5396,2.3278
14.9134,0.542,2.337
14.9136,0.5562,2.3974
14.9138,0.5459,2.3519
14.9140,0.5619,2.424
14.9142,0.5631,2.4291
14.9144,0.5939,2.5621
14.9146,0.5385,2.322
14.9148,0.5787,2.4906
14.9150,0.6675,2.873
14.9152,0.6483,2.7943
14.9154,0.5887,2.5375
14.9156,0.622,2.6769
14.9158,0.664,2.8634
14.9160,0.6041,2.6048
14.9162,0.5983,2.574
14.9164,0.6471,2.7892
14.9166,0.6499,2.7985
14.9168,0.6566,2.8274
14.9170,0.6232,2.6846
14.9172,0.5999,2.5844
14.9174,0.6185,2.6694
14.9176,0.5133,2.2145
14.9178,0.4919,2.1209
14.9180,0.5097,2.1969
14.9182,0.5765,2.4859
14.9184,0.5284,2.2775
14.9186,0.5079,2.1892
14.9188,0.5847,2.5141
14.9190,0.7106,3.0583
14.9192,0.6765,2.9117
14.9194,0.6889,2.9621
14.9196,0.7072,3.0438
14.9198,0.673,2.8968
14.9200,0.6849,2.9451
14.9202,0.6777,2.9155
14.9204,0.6934,2.9803
14.9206,0.7516,3.2333
14.9208,0.7539,3.2386
14.9210,0.7644,3.2854
14.9212,0.7684,3.2994
14.9214,0.8581,3.6862
14.9216,0.8606,3.6919
14.9218,0.8546,3.6696
14.9220,0.8474,3.637
14.9222,0.8648,3.7116
14.9224,0.8898,3.8156
14.9226,0.9618,4.1241
14.9228,0.9669,4.1443
14.9230,1.0007,4.2872
14.9232,1.01,4.3227
14.9234,1.0719,4.5811
14.9236,1.1427,4.884
14.9238,1.1127,4.7692
14.9240,0.9891,4.2413
14.9242,1.0241,4.3874
14.9244,1.0599,4.5341
14.9246,1.1185,4.7827
14.9248,1.1337,4.8546
14.9250,1.0466,4.4876
14.9252,0.9606,4.1209
14.9254,0.9541,4.0874
14.9256,1.0648,4.5572
14.9258,1.1023,4.7223
14.9260,1.0557,4.5182
14.9262,1.0677,4.5717
14.9264,1.0159,4.358
14.9266,0.9139,3.9244
14.9268,0.8894,3.8242
14.9270,0.8064,3.4642
14.9272,0.8364,3.5946
14.9274,0.8674,3.7316
14.9276,0.8185,3.5195
14.9278,0.7595,3.2643
14.9280,0.803,3.4498
14.9282,0.8284,3.5673
14.9284,0.6895,2.9702
14.9286,0.6744,2.9038
14.9288,0.7232,3.111
14.9290,0.774,3.3282
14.9292,0.7166,3.0827
14.9294,0.7221,3.1107
14.9296,0.6859,2.9547
14.9298,0.6589,2.8385
14.9300,0.6714,2.8909
14.9302,0.6852,2.9516
14.9304,0.6588,2.838
14.9306,0.6308,2.7201
14.9308,0.6206,2.6725
14.9310,0.6793,2.925
14.9312,0.6782,2.9244
14.9314,0.6021,2.5961
14.9316,0.6234,2.6856
14.9318,0.6706,2.8905
14.9320,0.6234,2.6918
14.9322,0.5168,2.2295
14.9324,0.5387,2.3252
14.9326,0.5303,2.2879
14.9328,0.5726,2.4689
14.9330,0.5977,2.5786
14.9332,0.5209,2.2491
14.9334,0.4874,2.1047
14.9336,0.5013,2.1648
14.9338,0.498,2.1483
14.9340,0.563,2.4252
14.9342,0.5955,2.57
14.9344,0.5182,2.2357
14.9346,0.5097,2.1979
14.9348,0.5074,2.1901
14.9350,0.5463,2.3567
14.9352,0.5691,2.4539
14.9354,0.5627,2.4276
14.9356,0.5668,2.4452
14.9358,0.5664,2.4425
14.9360,0.5596,2.4119
14.9362,0.5608,2.4171
14.9364,0.567,2.4439
14.9366,0.5585,2.4106
14.9368,0.5549,2.3962
14.9370,0.553,2.3824
14.9372,0.6289,2.7018
14.9374,0.7534,3.241
14.9376,0.7041,3.0332
14.9378,0.6419,2.7613
14.9380,0.7101,3.0576
14.9382,0.6769,2.9119
14.9384,0.6928,2.9833
14.9386,0.6759,2.9119
14.9388,0.7079,3.0469
14.9390,0.7479,3.2158
14.9392,0.7208,3.0993
14.9394,0.7493,3.2175
14.9396,0.8384,3.5984
14.9398,0.8958,3.8485
14.9400,0.8453,3.6333
14.9402,0.7956,3.4178
14.9404,0.7982,3.4292
14.9406,0.804,3.4555
14.9408,0.8185,3.5129
14.9410,0.8342,3.5854
14.9412,0.7561,3.2499
14.9414,0.8023,3.4467
14.9416,0.8516,3.6635
14.9418,0.7786,3.3478
14.9420,0.7072,3.041
14.9422,0.7051,3.0331
14.9424,0.7696,3.3076
14.9426,0.797,3.4272
14.9428,0.7149,3.074
14.9430,0.7256,3.1199
14.9432,0.7741,3.3287
14.9434,0.7976,3.4282
14.9436,0.7583,3.2561
14.9438,0.7998,3.4407
14.9440,0.6877,2.9652
14.9442,0.592,2.5514
14.9444,0.6192,2.665
14.9446,0.7373,3.1616
14.9448,0.9076,3.9008
14.9450,0.8278,3.5547
14.9452,0.851,3.6541
14.9454,0.8468,3.6361
14.9456,0.831,3.5731
14.9458,0.7917,3.4029
14.9460,0.709,3.0502
14.9462,0.7235,3.1111
14.9464,0.7752,3.3411
14.9466,0.6985,3.0104
14.9468,0.6703,2.8835
14.9470,0.6983,3.0043
14.9472,0.6938,2.9888
14.9474,0.6547,2.8139
14.9476,0.6976,3.0053
14.9478,0.7118,3.0649
14.9480,0.6504,2.8031
14.9482,0.6455,2.7819
14.9484,0.6065,2.6164
14.9486,0.5504,2.3732
14.9488,0.5349,2.3054
14.9490,0.5849,2.5198
14.9492,0.6124,2.6417
14.9494,0.5262,2.2698
14.9496,0.5216,2.2491
14.9498,0.5615,2.4235
14.9500,0.5228,2.2564
14.9502,0.5161,2.2264
14.9504,0.5571,2.4022
14.9506,0.5932,2.5566
14.9508,0.6152,2.6492
14.9510,0.6338,2.7293
14.9512,0.6443,2.7729
14.9514,0.6627,2.855
14.9516,0.6832,2.9406
14.9518,0.6831,2.9387
14.9520,0.729,3.1378
14.9522,0.7157,3.0805
14.9524,0.6878,2.9589
14.9526,0.6375,2.744
14.9528,0.6557,2.8219
14.9530,0.6602,2.8468
14.9532,0.6119,2.636
14.9534,0.6289,2.7068
14.9536,0.6681,2.8783
14.9538,0.695,2.9898
14.9540,0.7103,3.0544
14.9542,0.6744,2.9024
14.9544,0.6956,2.9896
14.9546,0.7932,3.4075
14.9548,0.8324,3.576
14.9550,0.8257,3.5488
14.9552,0.8292,3.5571
14.9554,0.8615,3.7011
14.9556,0.8066,3.4668
14.9558,0.8748,3.7531
14.9560,0.989,4.2349
14.9562,1.0324,4.429
14.9564,0.976,4.1872
14.9566,0.9509,4.0792
14.9568,0.9494,4.0711
14.9570,0.9497,4.0703
14.9572,0.9951,4.267
14.9574,1.0286,4.4043
14.9576,1.0529,4.5064
14.9578,1.1313,4.8466
14.9580,1.1011,4.7149
14.9582,1.1199,4.7956
14.9584,1.1404,4.8742
14.9586,1.244,5.317
14.9588,1.224,5.2314
14.9590,1.2467,5.3233
14.9592,1.2734,5.44
14.9594,1.287,5.4953
14.9596,1.3072,5.5923
14.9598,1.2013,5.1466
14.9600,1.0975,4.7017
14.9602,0.9982,4.2824
14.9604,0.9679,4.1542
14.9606,1.0271,4.4023
14.9608,1.0719,4.6004
14.9610,0.995,4.2685
14.9612,1.0251,4.3935
14.9614,1.0051,4.3097
14.9616,1.0141,4.3483
14.9618,0.9671,4.1487
14.9620,1.0312,4.4218
14.9622,1.0153,4.3554
14.9624,0.9579,4.1191
14.9626,0.877,3.7711
14.9628,0.8461,3.6432
14.9630,0.7004,3.0186
14.9632,0.7342,3.1614
14.9634,0.7788,3.3488
14.9636,0.7939,3.417
14.9638,0.7777,3.352
14.9640,0.7679,3.3096
14.9642,0.7655,3.2962
14.9644,0.7645,3.2936
14.9646,0.7091,3.0535
14.9648,0.7506,3.2322
14.9650,0.7567,3.263
14.9652,0.6931,2.9899
14.9654,0.6342,2.7321
14.9656,0.6986,3.0095
14.9658,0.7371,3.1768
14.9660,0.7581,3.2596
14.9662,0.8251,3.5445
14.9664,0.8714,3.7434
14.9666,0.8878,3.8104
14.9668,0.9136,3.9211
14.9670,0.9157,3.9358
14.9672,0.9107,3.9142
14.9674,0.91,3.9129
14.9676,0.8005,3.4454
14.9678,0.7605,3.2745
14.9680,0.8139,3.4934
14.9682,0.9424,4.054
14.9684,0.8139,3.5032
14.9686,0.7626,3.2884
14.9688,0.7304,3.1464
14.9690,0.7248,3.1168
14.9692,0.7733,3.3313
14.9694,0.7372,3.1743
14.9696,0.7298,3.1409
14.9698,0.7281,3.1351
14.9700,0.7271,3.1324
14.9702,0.7218,3.1097
14.9704,0.7185,3.0967
14.9706,0.7509,3.2317
14.9708,0.8082,3.4735
14.9710,0.8421,3.6177
14.9712,0.8812,3.7839
14.9714,0.8417,3.6246
14.9716,0.7627,3.2813
14.9718,0.7974,3.4319
14.9720,0.7952,3.4211
14.9722,0.8222,3.5371
14.9724,0.8229,3.5369
14.9726,0.8801,3.7792
14.9728,0.9346,4.0111
14.9730,0.9528,4.0932
14.9732,0.9331,4.0105
14.9734,0.8758,3.7695
14.9736,0.7813,3.3643
14.9738,0.7619,3.2822
14.9740,0.7613,3.2766
14.9742,0.7569,3.256
14.9744,0.783,3.3543
14.9746,1.0729,4.6007
14.9748,1.021,4.3883
14.9750,0.9027,3.8796
14.9752,0.9015,3.8781
14.9754,0.8135,3.5011
14.9756,0.789,3.3974
14.9758,0.7764,3.3416
14.9760,0.7982,3.4324
14.9762,0.8238,3.5455
14.9764,0.8146,3.5079
14.9766,0.7599,3.2734
14.9768,0.7081,3.0531
14.9770,0.6744,2.9092
14.9772,0.6727,2.8952
14.9774,0.7331,3.1539
14.9776,0.7307,3.1435
14.9778,0.7822,3.3664
14.9780,0.841,3.6164
14.9782,0.8708,3.7426
14.9784,0.868,3.7376
14.9786,0.7142,3.0781
14.9788,0.6962,3.0019
14.9790,0.6753,2.9093
14.9792,0.7205,3.1026
14.9794,0.7328,3.1567
14.9796,0.7212,3.1086
14.9798,0.7446,3.2093
14.9800,0.7404,3.1898
14.9802,0.7166,3.0855
14.9804,0.7185,3.0952
14.9806,0.7372,3.1729
14.9808,0.7365,3.1712
14.9810,0.7155,3.0823
14.9812,0.7746,3.3339
14.9814,0.8199,3.5273
14.9816,0.7674,3.3075
14.9818,0.7301,3.1424
14.9820,0.8066,3.4765
14.9822,0.684,2.9465
14.9824,0.7083,3.0527
14.9826,0.6662,2.8713
14.9828,0.6907,2.9781
14.9830,0.6933,2.9867
14.9832,0.71,3.0571
14.9834,0.7203,3.1044
14.9836,0.7191,3.0935
14.9838,0.8043,3.4603
14.9840,0.7511,3.2357
14.9842,0.7269,3.1299
14.9844,0.764,3.2839
14.9846,0.8331,3.5891
14.9848,0.7318,3.1584
14.9850,0.6241,2.6912
14.9852,0.6604,2.8518
14.9854,0.5372,2.3206
14.9856,0.517,2.2326
14.9858,0.5181,2.2362
14.9860,0.5157,2.2269
14.9862,0.5168,2.2336
14.9864,0.5193,2.2424
14.9866,0.5584,2.4079
14.9868,0.5975,2.5764
14.9870,0.6444,2.7786
14.9872,0.6186,2.6662
14.9874,0.6187,2.6655
14.9876,0.7101,3.0548
14.9878,0.8242,3.5426
14.9880,0.8746,3.759
14.9882,0.8751,3.7629
14.9884,0.8871,3.8109
14.9886,0.8637,3.7104
14.9888,0.8696,3.7287
14.9890,0.9575,4.1075
14.9892,0.9918,4.2566
14.9894,0.9908,4.2485
14.9896,0.9904,4.2529
14.9898,0.978,4.1955
14.9900,0.9971,4.2738
14.9902,1.01,4.3368
14.9904,0.9516,4.0823
14.9906,0.99,4.2489
14.9908,0.9049,3.8876
14.9910,0.9031,3.8799
14.9912,0.9482,4.0736
14.9914,0.9403,4.0377
14.9916,0.9407,4.0411
14.9918,0.9053,3.8928
14.9920,0.9007,3.8678
14.9922,0.9154,3.9306
14.9924,0.9284,3.9849
14.9926,0.9932,4.2648
14.9928,0.9656,4.1502
14.9930,0.9324,4.0093
14.9932,0.8258,3.5542
14.9934,0.7765,3.3452
14.9936,0.7577,3.2581
14.9938,0.8197,3.5214
14.9940,0.8188,3.5309
14.9942,0.6772,2.9189
14.9944,0.7175,3.0911
14.9946,0.6844,2.9513
14.9948,0.6148,2.6521
14.9950,0.6756,2.9117
14.9952,0.7292,3.1368
14.9954,0.7156,3.0843
14.9956,0.6569,2.835
14.9958,0.6405,2.7607
14.9960,0.6925,2.9831
14.9962,0.6841,2.9497
14.9964,0.6939,2.9879
14.9966,0.731,3.1475
14.9968,0.6768,2.9141
14.9970,0.6702,2.8911
14.9972,0.656,2.83
14.9974,0.6226,2.6845
14.9976,0.6109,2.6343
14.9978,0.6651,2.868
14.9980,0.6801,2.9313
14.9982,0.6601,2.8437
14.9984,0.6404,2.7628
14.9986,0.5806,2.5058
14.9988,0.5567,2.404
14.9990,0.5422,2.3424
14.9992,0.5381,2.3215
14.9994,0.6336,2.7308
14.9996,0.6622,2.853
14.9998,0.6873,2.9609
15.0000,0.6826,2.9394
15.0002,0.7197,3.099
15.0004,0.741,3.1894
15.0006,0.7439,3.2062
15.0008,0.6445,2.7765
15.0010,0.6657,2.8706
15.0012,0.6619,2.8567
15.0014,0.6414,2.7644
15.0016,0.6777,2.9196
15.0018,0.6429,2.7724
15.0020,0.6066,2.6157
15.0022,0.6206,2.6762
15.0024,0.6091,2.6278
15.0026,0.6184,2.6664
15.0028,0.6742,2.9033
15.0030,0.6789,2.9302
15.0032,0.5289,2.2849
15.0034,0.4937,2.1306
15.0036,0.5187,2.2409
15.0038,0.5134,2.2181
15.0040,0.5059,2.1824
15.0042,0.5788,2.4969
15.0044,0.6098,2.6284
15.0046,0.6661,2.8682
15.0048,0.7099,3.0566
15.0050,0.6452,2.7822
15.0052,0.6343,2.7326
15.0054,0.668,2.8791
15.0056,0.6691,2.8811
15.0058,0.6716,2.8906
15.0060,0.6883,2.9623
15.0062,0.7168,3.0866
15.0064,0.7602,3.2674
15.0066,0.8097,3.477
15.0068,0.8989,3.8529
15.0070,0.9775,4.1934
15.0072,0.8624,3.7151
15.0074,0.7094,3.056
15.0076,0.6845,2.949
15.0078,0.67,2.8892
15.0080,0.6661,2.8695
15.0082,0.674,2.8995
15.0084,0.7005,3.0107
15.0086,0.7509,3.2347
15.0088,0.6889,2.9704
15.0090,0.659,2.8403
15.0092,0.6601,2.8437
15.0094,0.6632,2.8544
15.0096,0.665,2.8662
15.0098,0.6673,2.8733
15.0100,0.6633,2.8576
15.0102,0.6648,2.8611
15.0104,0.6393,2.7543
15.0106,0.6542,2.8131
15.0108,0.7687,3.3101
15.0110,0.6899,2.9668
15.0112,0.7679,3.305
15.0114,0.7152,3.0798
15.0116,0.7197,3.0961
15.0118,0.7459,3.2105
15.0120,0.7268,3.1338
15.0122,0.6276,2.71
15.0124,0.572,2.4674
15.0126,0.5879,2.5339
15.0128,0.6287,2.7108
15.0130,0.6363,2.7439
15.0132,0.6456,2.7786
15.0134,0.6463,2.7843
15.0136,0.6221,2.6836
15.0138,0.6022,2.5978
15.0140,0.6053,2.6064
15.0142,0.7168,3.0837
15.0144,0.7363,3.1678
15.0146,0.7548,3.2442
15.0148,0.7867,3.3781
15.0150,0.8426,3.6164
15.0152,0.8036,3.4572
15.0154,0.7558,3.2529
15.0156,0.7811,3.3586
15.0158,0.8028,3.4536
15.0160,0.784,3.371
15.0162,0.7999,3.4364
15.0164,0.8317,3.5729
15.0166,0.8226,3.5387
15.0168,0.7323,3.1546
15.0170,0.6806,2.9334
15.0172,0.673,2.8954
15.0174,0.7209,3.107
15.0176,0.651,2.807
15.0178,0.6307,2.7184
15.0180,0.6313,2.7184
15.0182,0.6434,2.7719
15.0184,0.6646,2.862
15.0186,0.7247,3.1163
15.0188,0.7806,3.355
15.0190,0.7865,3.3834
15.0192,0.7939,3.4138
15.0194,0.8193,3.5165
15.0196,0.8784,3.772
15.0198,0.9179,3.9396
15.0200,0.9912,4.252
15.0202,0.9862,4.2211
15.0204,1.0684,4.579
15.0206,0.9599,4.1216
15.0208,1.0065,4.3139
15.0210,1.0653,4.5593
15.0212,1.1623,4.9745
15.0214,1.1615,4.9667
15.0216,1.2202,5.2175
15.0218,1.2394,5.2945
15.0220,1.1165,4.8008
15.0222,0.8898,3.8245
15.0224,0.9151,3.9204
15.0226,1.1252,4.8159
15.0228,1.1618,4.9771
15.0230,1.1131,4.7685
15.0232,1.1171,4.781
15.0234,1.1352,4.8744
15.0236,0.979,4.2001
15.0238,0.9709,4.1651
15.0240,1.0066,4.3164
15.0242,1.0766,4.6167
15.0244,1.0661,4.565
15.0246,1.1054,4.7423
15.0248,1.0741,4.6123
15.0250,0.9585,4.116
15.0252,0.9494,4.0768
15.0254,1.0021,4.2888
15.0256,1.1788,5.0429
15.0258,1.2186,5.2108
15.0260,1.2731,5.4436
15.0262,1.234,5.2912
15.0264,1.0884,4.6671
15.0266,1.0754,4.6137
15.0268,0.9824,4.2243
15.0270,0.9127,3.9229
15.0272,0.9112,3.9199
15.0274,0.8287,3.5617
15.0276,0.887,3.8086
15.0278,0.9264,3.9891
15.0280,0.8338,3.5938
15.0282,0.7801,3.3607
15.0284,0.7483,3.2224
15.0286,0.7535,3.2431
15.0288,0.7891,3.3995
15.0290,0.7669,3.3024
15.0292,0.6933,2.9881
15.0294,0.7168,3.088
15.0296,0.7373,3.1808
15.0298,0.7325,3.1542
15.0300,0.7825,3.3726
15.0302,0.7259,3.1244
15.0304,0.7699,3.3122
15.0306,0.7838,3.3768
15.0308,0.7121,3.0721
15.0310,0.7073,3.0472
15.0312,0.7205,3.104
15.0314,0.7103,3.0587
15.0316,0.742,3.1994
15.0318,0.7362,3.1732
15.0320,0.683,2.941
15.0322,0.7143,3.0814
15.0324,0.6898,2.9787
15.0326,0.6582,2.8367
15.0328,0.7101,3.0605
15.0330,0.6674,2.8778
15.0332,0.6769,2.92
15.0334,0.665,2.8688
15.0336,0.654,2.8186
15.0338,0.6583,2.8399
15.0340,0.6244,2.6935
15.0342,0.6079,2.6226
15.0344,0.6637,2.8578
15.0346,0.7858,3.3834
15.0348,0.7888,3.3995
15.0350,0.6437,2.7793
15.0352,0.5272,2.2776
15.0354,0.5233,2.2595
15.0356,0.5736,2.4758
15.0358,0.5631,2.4314
15.0360,0.5612,2.422
15.0362,0.5634,2.4318
15.0364,0.5815,2.51
15.0366,0.5787,2.4987
15.0368,0.5676,2.4477
15.0370,0.5658,2.4399
15.0372,0.5759,2.4822
15.0374,0.7286,3.1342
15.0376,0.817,3.5117
15.0378,0.8505,3.6572
15.0380,0.7959,3.4242
15.0382,0.7636,3.2879
15.0384,0.8005,3.4405
15.0386,0.7997,3.4401
15.0388,0.8523,3.6615
15.0390,0.928,3.9828
15.0392,0.9274,3.9839
15.0394,0.9304,3.9968
15.0396,0.929,3.9912
15.0398,0.8786,3.7708
15.0400,0.9063,3.8915
15.0402,0.8601,3.7036
15.0404,0.7872,3.3881
15.0406,0.7861,3.3819
15.0408,0.8615,3.6994
15.0410,0.9714,4.1691
15.0412,0.9298,3.998
15.0414,0.8896,3.8199
15.0416,0.923,3.9617
15.0418,0.9602,4.1251
15.0420,0.9497,4.0741
15.0422,1.0007,4.2912
15.0424,1.0189,4.377
15.0426,0.945,4.0672
15.0428,0.8163,3.5102
15.0430,0.7584,3.2657
15.0432,0.7669,3.3055
15.0434,0.7252,3.1227
15.0436,0.7284,3.1381
15.0438,0.7172,3.0953
15.0440,0.6246,2.697
15.0442,0.6558,2.8224
15.0444,0.775,3.337
15.0446,0.7753,3.3385
15.0448,0.7432,3.1987
15.0450,0.725,3.1246
15.0452,0.7347,3.165
15.0454,0.7594,3.2699
15.0456,0.6862,2.9631
15.0458,0.5814,2.5095
15.0460,0.5804,2.506
15.0462,0.5798,2.4987
15.0464,0.6698,2.8855
15.0466,0.6298,2.718
15.0468,0.648,2.7928
15.0470,0.6609,2.8486
15.0472,0.6473,2.7884
15.0474,0.7373,3.1734
15.0476,0.8084,3.4762
15.0478,0.8095,3.4792
15.0480,0.7792,3.3519
15.0482,0.7812,3.3607
15.0484,0.7397,3.1852
15.0486,0.6656,2.8741
15.0488,0.5509,2.3797
15.0490,0.538,2.3232
15.0492,0.5359,2.3128
15.0494,0.5361,2.3138
15.0496,0.5336,2.303
15.0498,0.5331,2.3009
15.0500,0.5375,2.3222
15.0502,0.5349,2.3108
15.0504,0.5369,2.3185
15.0506,0.535,2.3092
15.0508,0.5494,2.3658
15.0510,0.7392,3.1876
15.0512,0.6187,2.6679
15.0514,0.5369,2.3175
15.0516,0.5244,2.2631
15.0518,0.5598,2.4174
15.0520,0.5374,2.3217
15.0522,0.5271,2.275
15.0524,0.5228,2.2543
15.0526,0.5727,2.4728
15.0528,0.5332,2.3025
15.0530,0.5401,2.3298
15.0532,0.5682,2.4491
15.0534,0.6064,2.611
15.0536,0.6609,2.8512
15.0538,0.6798,2.9257
15.0540,0.7599,3.2658
15.0542,0.8263,3.548
15.0544,0.8407,3.6166
15.0546,0.7579,3.2591
15.0548,0.7485,3.2154
15.0550,0.8296,3.5625
15.0552,0.9084,3.8989
15.0554,0.9177,3.9386
15.0556,0.8979,3.8572
15.0558,0.8829,3.7911
15.0560,0.9368,4.0209
15.0562,0.9033,3.8768
15.0564,0.9744,4.1839
15.0566,0.9215,3.9587
15.0568,0.9011,3.8675
15.0570,0.8926,3.8381
15.0572,0.8611,3.7008
15.0574,0.8393,3.6109
15.0576,0.7642,3.2859
15.0578,0.7324,3.1508
15.0580,0.7468,3.2156
15.0582,0.7088,3.0534
15.0584,0.7453,3.208
15.0586,0.724,3.1175
15.0588,0.7329,3.1558
15.0590,0.7877,3.3854
15.0592,0.8651,3.7131
15.0594,0.9124,3.9159
15.0596,0.9517,4.079
15.0598,1.0095,4.3308
15.0600,0.9832,4.2201
15.0602,0.9848,4.2346
15.0604,0.84,3.6135
15.0606,0.7804,3.3587
15.0608,0.804,3.4539
15.0610,0.8248,3.5419
15.0612,0.9001,3.8688
15.0614,0.835,3.5906
15.0616,0.8456,3.6394
15.0618,0.8248,3.5435
15.0620,0.8328,3.5775
15.0622,0.8627,3.7011
15.0624,0.9324,4.0093
15.0626,0.8553,3.6744
15.0628,0.8959,3.8526
15.0630,0.7666,3.3024
15.0632,0.7138,3.0765
15.0634,0.6946,2.991
15.0636,0.7132,3.0682
15.0638,0.7256,3.1257
15.0640,0.6854,2.9527
15.0642,0.7288,3.1397
15.0644,0.6631,2.8579
15.0646,0.6339,2.7336
15.0648,0.6492,2.8005
15.0650,0.6064,2.6159
15.0652,0.5664,2.4436
15.0654,0.5591,2.4143
15.0656,0.5307,2.2916
15.0658,0.5521,2.3805
15.0660,0.5614,2.4208
15.0662,0.5589,2.4166
15.0664,0.4832,2.0866
15.0666,0.5655,2.4384
15.0668,0.5949,2.565
15.0670,0.6206,2.6762
15.0672,0.6146,2.6491
15.0674,0.611,2.6324
15.0676,0.6106,2.6328
15.0678,0.5682,2.4491
15.0680,0.6236,2.6916
15.0682,0.5441,2.3507
15.0684,0.5218,2.2512
15.0686,0.5203,2.2466
15.0688,0.5415,2.336
15.0690,0.5902,2.546
15.0692,0.6019,2.5931
15.0694,0.5848,2.5193
15.0696,0.5547,2.394
15.0698,0.5296,2.2869
15.0700,0.5242,2.2615
15.0702,0.5258,2.2662
15.0704,0.5897,2.544
15.0706,0.5662,2.4437
15.0708,0.5536,2.3805
15.0710,0.6535,2.8153
15.0712,0.6106,2.634
15.0714,0.5235,2.2595
15.0716,0.5342,2.3034
15.0718,0.6223,2.6772
15.0720,0.7192,3.0969
15.0722,0.6493,2.7972
15.0724,0.6332,2.7267
15.0726,0.673,2.8981
15.0728,0.6431,2.7703
15.0730,0.6545,2.8194
15.0732,0.6644,2.8623
15.0734,0.6621,2.8471
15.0736,0.6787,2.9224
15.0738,0.6344,2.7382
15.0740,0.628,2.704
15.0742,0.6513,2.8073
15.0744,0.5726,2.4689
15.0746,0.5651,2.4379
15.0748,0.5645,2.4342
15.0750,0.5621,2.4216
15.0752,0.5566,2.4001
15.0754,0.5547,2.3929
15.0756,0.551,2.3769
15.0758,0.5181,2.2321
15.0760,0.5616,2.4218
15.0762,0.6018,2.595
15.0764,0.5825,2.5141
15.0766,0.4877,2.1038
15.0768,0.4952,2.1374
15.0770,0.5031,2.1725
15.0772,0.4887,2.1084
15.0774,0.4796,2.0682
15.0776,0.5256,2.2641
15.0778,0.6017,2.5909
15.0780,0.6681,2.8743
15.0782,0.7531,3.2385
15.0784,0.7199,3.0942
15.0786,0.7474,3.2182
15.0788,0.6739,2.9004
15.0790,0.6429,2.7647
15.0792,0.682,2.9341
15.0794,0.6639,2.8575
15.0796,0.7079,3.0427
15.0798,0.7907,3.3983
15.0800,0.7685,3.3091
15.0802,0.6461,2.7858
15.0804,0.6022,2.5906
15.0806,0.718,3.086
15.0808,0.7049,3.0326
15.0810,0.6751,2.9015
15.0812,0.788,3.3854
15.0814,0.7801,3.3529
15.0816,0.7899,3.3984
15.0818,0.7331,3.1509
15.0820,0.7617,3.2736
15.0822,0.7525,3.2419
15.0824,0.6325,2.7236
15.0826,0.6067,2.6114
15.0828,0.618,2.6636
15.0830,0.615,2.6507
15.0832,0.6029,2.5985
15.0834,0.6203,2.6709
15.0836,0.6432,2.7708
15.0838,0.6083,2.6205
15.0840,0.6048,2.6019
15.0842,0.6587,2.8388
15.0844,0.6064,2.6147
15.0846,0.5904,2.5435
15.0848,0.5887,2.5375
15.0850,0.5873,2.5325
15.0852,0.5706,2.4583
15.0854,0.5824,2.5078
15.0856,0.6299,2.7097
15.0858,0.6319,2.7223
15.0860,0.635,2.7357
15.0862,0.7112,3.0609
15.0864,0.7137,3.0646
15.0866,0.7992,3.4317
15.0868,0.8187,3.5172
15.0870,0.8422,3.6199
15.0872,0.8132,3.4968
15.0874,0.8246,3.5408
15.0876,0.8856,3.7976
15.0878,0.9108,3.9056
15.0880,0.9414,4.0404
15.0882,0.8588,3.6876
15.0884,0.8626,3.6937
15.0886,1.0082,4.3231
15.0888,0.9868,4.2296
15.0890,0.9795,4.1982
15.0892,0.9855,4.222
15.0894,1.0275,4.3997
15.0896,1.029,4.4146
15.0898,0.9932,4.2608
15.0900,0.9577,4.097
15.0902,1.0126,4.3461
15.0904,0.9757,4.1857
15.0906,0.9993,4.283
15.0908,1.0209,4.3776
15.0910,1.0063,4.3169
15.0912,1.0015,4.2943
15.0914,0.9337,4.0038
15.0916,0.9161,3.9282
15.0918,0.9188,3.9437
15.0920,0.9547,4.0957
15.0922,0.9613,4.1297
15.0924,0.8895,3.8194
15.0926,0.9096,3.9059
15.0928,0.877,3.7711
15.0930,0.8299,3.5652
15.0932,0.8142,3.4993
15.0934,0.8206,3.5304
15.0936,0.7473,3.2147
15.0938,0.769,3.3065
15.0940,0.8144,3.5068
15.0942,0.7552,3.2488
15.0944,0.7132,3.0668
15.0946,0.7368,3.1713
15.0948,0.7483,3.2194
15.0950,0.7381,3.1829
15.0952,0.667,2.875
15.0954,0.7328,3.1523
15.0956,0.7682,3.3019
15.0958,0.7799,3.3535
15.0960,0.7624,3.2828
15.0962,0.6982,3.0037
15.0964,0.6999,3.0124
15.0966,0.6933,2.9812
15.0968,0.7615,3.2792
15.0970,0.7312,3.1456
15.0972,0.7395,3.1827
15.0974,0.7128,3.0695
15.0976,0.7197,3.099
15.0978,0.7258,3.1209
15.0980,0.7072,3.0467
15.0982,0.6386,2.7525
15.0984,0.6553,2.8204
15.0986,0.7365,3.1742
15.0988,0.6648,2.8665
15.0990,0.6751,2.9055
15.0992,0.7005,3.0135
15.0994,0.6813,2.9337
15.0996,0.667,2.8696
15.0998,0.6722,2.8958
15.1000,0.656,2.8287
15.1002,0.6263,2.6992
15.1004,0.6716,2.8919
15.1006,0.7328,3.1552
15.1008,0.7209,3.1012
15.1010,0.7007,3.0146
15.1012,0.7763,3.338
15.1014,0.8102,3.4855
15.1016,0.7667,3.2983
15.1018,0.7306,3.1474
15.1020,0.717,3.0876
15.1022,0.7419,3.193
15.1024,0.6886,2.9666
15.1026,0.5859,2.5251
15.1028,0.5697,2.4576
15.1030,0.5609,2.4198
15.1032,0.6872,2.9577
15.1034,0.6985,3.0076
15.1036,0.7354,3.1637
15.1038,0.7518,3.2343
15.1040,0.6812,2.9346
15.1042,0.6736,2.9007
15.1044,0.7006,3.0127
15.1046,0.7979,3.4276
15.1048,0.791,3.403
15.1050,0.7745,3.3349
15.1052,0.7052,3.0379
15.1054,0.6722,2.8945
15.1056,0.6652,2.8645
15.1058,0.6673,2.8733
15.1060,0.6686,2.879
15.1062,0.6704,2.8894
15.1064,0.6706,2.8891
15.1066,0.6655,2.8669
15.1068,0.6795,2.9206
15.1070,0.7698,3.3132
15.1072,0.7145,3.0753
15.1074,0.6895,2.9688
15.1076,0.6801,2.9286
15.1078,0.673,2.8968
15.1080,0.6774,2.9167
15.1082,0.6778,2.9215
15.1084,0.6413,2.7613
15.1086,0.695,2.9912
15.1088,0.7132,3.0711
15.1090,0.7133,3.073
15.1092,0.5868,2.5304
15.1094,0.5787,2.4952
15.1096,0.5759,2.4845
15.1098,0.5774,2.4895
15.1100,0.5738,2.474
15.1102,0.5777,2.4899
15.1104,0.579,2.4945
15.1106,0.6437,2.7703
15.1108,0.712,3.0631
15.1110,0.7272,3.1286
15.1112,0.7404,3.1883
15.1114,0.6921,2.9816
15.1116,0.6445,2.7804
15.1118,0.5741,2.4756
15.1120,0.5916,2.5487
15.1122,0.6266,2.6983
15.1124,0.6417,2.7659
15.1126,0.6174,2.661
15.1128,0.6555,2.824
15.1130,0.6465,2.7853
15.1132,0.613,2.6407
15.1134,0.6805,2.926
15.1136,0.7609,3.275
15.1138,0.7133,3.0673
15.1140,0.7678,3.2983
15.1142,0.7745,3.3256
15.1144,0.7542,3.2492
15.1146,0.6483,2.7943
15.1148,0.6423,2.7659
15.1150,0.6488,2.7951
15.1152,0.6184,2.6651
15.1154,0.6552,2.8172
15.1156,0.8016,3.4404
15.1158,0.8664,3.7188
15.1160,0.7872,3.3912
15.1162,0.6148,2.6546
15.1164,0.5287,2.2796
15.1166,0.5238,2.2595
15.1168,0.5134,2.217
15.1170,0.5146,2.2212
15.1172,0.5212,2.2486
15.1174,0.5391,2.3235
15.1176,0.5621,2.4205
15.1178,0.6452,2.7809
15.1180,0.6337,2.73
15.1182,0.636,2.7373
15.1184,0.6592,2.8387
15.1186,0.6861,2.9544
15.1188,0.6673,2.8733
15.1190,0.6539,2.8129
15.1192,0.6563,2.8258
15.1194,0.6354,2.7373
15.1196,0.6694,2.8759
15.1198,0.7974,3.4272
15.1200,0.8059,3.4654
15.1202,0.7543,3.2406
15.1204,0.7993,3.4322
15.1206,0.8702,3.7313
15.1208,0.8557,3.6793
15.1210,0.8247,3.5381
15.1212,0.9196,3.9413
15.1214,0.9377,4.0282
15.1216,0.8501,3.6488
15.1218,0.9118,3.9133
15.1220,0.8614,3.6989
15.1222,0.8425,3.6192
15.1224,0.8849,3.7945
15.1226,0.9904,4.245
15.1228,1.0563,4.5166
15.1230,1.1078,4.7437
15.1232,1.0442,4.4731
15.1234,1.0284,4.4059
15.1236,1.0195,4.3653
15.1238,1.0033,4.31
15.1240,0.8852,3.8026
15.1242,0.8872,3.8149
15.1244,0.8618,3.7005
15.1246,0.8771,3.7699
15.1248,0.884,3.7975
15.1250,0.8947,3.842
15.1252,0.8781,3.774
15.1254,0.7855,3.3808
15.1256,0.7597,3.2699
15.1258,0.7546,3.2447
15.1260,0.7537,3.2441
15.1262,0.8245,3.5469
15.1264,0.7864,3.3813
15.1266,0.8115,3.488
15.1268,0.8005,3.4454
15.1270,0.8066,3.462
15.1272,0.8706,3.7386
15.1274,0.9216,3.9537
15.1276,0.9971,4.2818
15.1278,0.9341,4.0091
15.1280,0.9284,3.983
15.1282,0.9482,4.0679
15.1284,0.8655,3.7233
15.1286,0.7759,3.3365
15.1288,0.7899,3.3952
15.1290,0.7958,3.4252
15.1292,0.7223,3.1118
15.1294,0.7399,3.1833
15.1296,0.7477,3.2228
15.1298,0.6305,2.7148
15.1300,0.684,2.9451
15.1302,0.7174,3.0891
15.1304,0.7481,3.2243
15.1306,0.6211,2.6758
15.1308,0.6555,2.8253
15.1310,0.6491,2.7974
15.1312,0.6527,2.8116
15.1314,0.7076,3.0397
15.1316,0.815,3.5045
15.1318,0.7325,3.1557
15.1320,0.6787,2.9278
15.1322,0.5804,2.5036
15.1324,0.5187,2.2409
15.1326,0.4946,2.1367
15.1328,0.5007,2.1622
15.1330,0.5013,2.1648
15.1332,0.5104,2.2021
15.1334,0.5234,2.2558
15.1336,0.588,2.5332
15.1338,0.6515,2.8091
15.1340,0.6173,2.663
15.1342,0.5832,2.5184
15.1344,0.4789,2.0679
15.1346,0.4554,1.9664
15.1348,0.454,1.9611
15.1350,0.4511,1.9478
15.1352,0.4507,1.9463
15.1354,0.4556,1.9693
15.1356,0.4548,1.9666
15.1358,0.4857,2.0974
15.1360,0.4517,1.9513
15.1362,0.4915,2.1213
15.1364,0.5784,2.4942
15.1366,0.5703,2.4579
15.1368,0.5634,2.4307
15.1370,0.5401,2.3277
15.1372,0.5727,2.4694
15.1374,0.5916,2.5487
15.1376,0.6549,2.8215
15.1378,0.6509,2.8026
15.1380,0.6601,2.845
15.1382,0.6434,2.7706
15.1384,0.6739,2.8963
15.1386,0.7158,3.0781
15.1388,0.7408,3.1883
15.1390,0.6937,2.9883
15.1392,0.6546,2.8186
15.1394,0.7019,3.0169
15.1396,0.7728,3.3261
15.1398,0.7118,3.062
15.1400,0.7216,3.1014
15.1402,0.7317,3.1462
15.1404,0.683,2.9423
15.1406,0.6265,2.699
15.1408,0.6272,2.7021
15.1410,0.6567,2.8253
15.1412,0.7076,3.0397
15.1414,0.7561,3.2499
15.1416,0.6899,2.9695
15.1418,0.6521,2.8064
15.1420,0.6554,2.8222
15.1422,0.7373,3.1719
15.1424,0.7404,3.1853
15.1426,0.6519,2.8151
15.1428,0.4932,2.1305
15.1430,0.4747,2.0489
15.1432,0.4753,2.0514
15.1434,0.4754,2.052
15.1436,0.5678,2.4425
15.1438,0.6549,2.8201
15.1440,0.5949,2.565
15.1442,0.6084,2.6235
15.1444,0.5756,2.4806
15.1446,0.5744,2.4789
15.1448,0.479,2.0684
15.1450,0.4813,2.0764
15.1452,0.5428,2.3396
15.1454,0.5082,2.1932
15.1456,0.504,2.1721
15.1458,0.5489,2.3681
15.1460,0.5003,2.1571
15.1462,0.5151,2.2212
15.1464,0.6064,2.6098
15.1466,0.6445,2.7765
15.1468,0.6621,2.8485
15.1470,0.7035,3.0278
15.1472,0.6536,2.8184
15.1474,0.5377,2.3216
15.1476,0.5004,2.1586
15.1478,0.4957,2.1384
15.1480,0.4959,2.1395
15.1482,0.4977,2.1472
15.1484,0.495,2.1353
15.1486,0.4988,2.1519
15.1488,0.494,2.1322
15.1490,0.4916,2.1199
15.1492,0.4836,2.0872
15.1494,0.479,2.0665
15.1496,0.4796,2.0691
15.1498,0.5146,2.2181
15.1500,0.562,2.4234
15.1502,0.5071,2.1876
15.1504,0.4819,2.0789
15.1506,0.4842,2.0878
15.1508,0.4863,2.0981
15.1510,0.4869,2.1007
15.1512,0.482,2.0804
15.1514,0.4969,2.1426
15.1516,0.5262,2.2688
15.1518,0.4857,2.0936
15.1520,0.4851,2.0919
15.1522,0.4985,2.1503
15.1524,0.5029,2.1695
15.1526,0.5491,2.362
15.1528,0.6572,2.8247
15.1530,0.7036,3.0241
15.1532,0.7264,3.1235
15.1534,0.7178,3.0849
15.1536,0.7211,3.0965
15.1538,0.7926,3.4065
15.1540,0.7378,3.174
15.1542,0.7271,3.1237
15.1544,0.8051,3.4537
15.1546,0.8566,3.6817
15.1548,0.7834,3.359
15.1550,0.8792,3.7681
15.1552,0.9063,3.8824
15.1554,0.9477,4.0564
15.1556,0.9814,4.2065
15.1558,0.933,3.9988
15.1560,0.9067,3.8845
15.1562,0.9716,4.1643
15.1564,0.9463,4.0597
15.1566,0.8835,3.783
15.1568,0.9374,4.0141
15.1570,0.9447,4.0511
15.1572,0.9389,4.0296
15.1574,0.9182,3.9375
15.1576,0.9427,4.0405
15.1578,0.977,4.1913
15.1580,0.9424,4.0408
15.1582,0.9493,4.0706
15.1584,0.9385,4.0187
15.1586,0.9904,4.243
15.1588,1.0209,4.3755
15.1590,1.0179,4.3627
15.1592,0.9579,4.1153
15.1594,0.8234,3.5373
15.1596,0.8487,3.6443
15.1598,0.8497,3.6518
15.1600,0.8175,3.5137
15.1602,0.827,3.5528
15.1604,0.8312,3.5741
15.1606,0.7971,3.4261
15.1608,0.8203,3.5289
15.1610,0.8013,3.4458
15.1612,0.7962,3.422
15.1614,0.7859,3.373
15.1616,0.795,3.42
15.1618,0.7395,3.1812
15.1620,0.7547,3.2467
15.1622,0.7703,3.3122
15.1624,0.7516,3.2333
15.1626,0.7464,3.2141
15.1628,0.6812,2.9305
15.1630,0.6991,3.006
15.1632,0.7614,3.2756
15.1634,0.7433,3.1992
15.1636,0.6982,3.0079
15.1638,0.6344,2.7331
15.1640,0.6554,2.8248
15.1642,0.6493,2.7972
15.1644,0.6527,2.8103
15.1646,0.6637,2.8552
15.1648,0.6965,2.9979
15.1650,0.6579,2.837
15.1652,0.589,2.5409
15.1654,0.5692,2.4544
15.1656,0.6,2.5849
15.1658,0.5959,2.5697
15.1660,0.5741,2.4767
15.1662,0.5792,2.495
15.1664,0.5627,2.4253
15.1666,0.5964,2.567
15.1668,0.7205,3.0997
15.1670,0.7236,3.1203
15.1672,0.6065,2.6176
15.1674,0.5041,2.1767
15.1676,0.4859,2.096
15.1678,0.5113,2.2047
15.1680,0.5499,2.3711
15.1682,0.5533,2.3834
15.1684,0.5489,2.3659
15.1686,0.5461,2.3557
15.1688,0.5435,2.3448
15.1690,0.5445,2.3479
15.1692,0.5794,2.4937
15.1694,0.6485,2.791
15.1696,0.6516,2.8083
15.1698,0.6332,2.7254
15.1700,0.6829,2.935
15.1702,0.7087,3.0529
15.1704,0.6497,2.7987
15.1706,0.6441,2.7724
15.1708,0.6451,2.7752
15.1710,0.7039,3.028
15.1712,0.7322,3.1497
15.1714,0.732,3.1477
15.1716,0.6747,2.9067
15.1718,0.6293,2.7071
15.1720,0.6668,2.8726
15.1722,0.6416,2.7654
15.1724,0.6286,2.7078
15.1726,0.6187,2.6642
15.1728,0.6188,2.6623
15.1730,0.6616,2.8491
15.1732,0.628,2.6977
15.1734,0.7575,3.2555
15.1736,0.7511,3.2357
15.1738,0.6246,2.6883
15.1740,0.6639,2.8575
15.1742,0.6642,2.8626
15.1744,0.6152,2.6517
15.1746,0.6084,2.6174
15.1748,0.6109,2.6319
15.1750,0.6096,2.6262
15.1752,0.6057,2.6043
15.1754,0.6552,2.8251
15.1756,0.5596,2.4141
15.1758,0.5517,2.3778
15.1760,0.5565,2.3985
15.1762,0.5451,2.3494
15.1764,0.5577,2.4036
15.1766,0.58,2.4974
15.1768,0.6256,2.6961
15.1770,0.5614,2.4185
15.1772,0.6386,2.7461
15.1774,0.7747,3.3282
15.1776,0.7817,3.3581
15.1778,0.7632,3.2772
15.1780,0.8461,3.6347
15.1782,0.7722,3.3189
15.1784,0.7087,3.0515
15.1786,0.6958,2.9948
15.1788,0.7007,3.0132
15.1790,0.7011,3.0161
15.1792,0.6962,2.9964
15.1794,0.6891,2.9645
15.1796,0.6878,2.9575
15.1798,0.6777,2.9169
15.1800,0.6745,2.9016
15.1802,0.7083,3.0428
15.1804,0.759,3.2622
15.1806,0.7958,3.4189
15.1808,0.7961,3.4215
15.1810,0.7191,3.0921
15.1812,0.6762,2.9129
15.1814,0.6375,2.7453
15.1816,0.6421,2.7623
15.1818,0.7046,3.0325
15.1820,0.709,3.053
15.1822,0.6733,2.8991
15.1824,0.6353,2.738
15.1826,0.5283,2.2802
15.1828,0.5029,2.1705
15.1830,0.5292,2.2796
15.1832,0.5407,2.3281
15.1834,0.5762,2.4832
15.1836,0.5398,2.331
15.1838,0.4931,2.129
15.1840,0.4917,2.1194
15.1842,0.5404,2.3281
15.1844,0.5024,2.1664
15.1846,0.4805,2.0718
15.1848,0.4811,2.0744
15.1850,0.4856,2.096
15.1852,0.4851,2.0939
15.1854,0.4884,2.1069
15.1856,0.4851,2.0919
15.1858,0.5095,2.1969
15.1860,0.5874,2.5283
15.1862,0.6789,2.9166
15.1864,0.7838,3.3642
15.1866,0.7765,3.3344
15.1868,0.7471,3.2097
15.1870,0.7392,3.1772
15.1872,0.7533,3.2405
15.1874,0.7099,3.0495
15.1876,0.7751,3.3266
15.1878,0.837,3.5905
15.1880,0.8401,3.6056
15.1882,0.8753,3.7499
15.1884,0.9527,4.0793
15.1886,0.9933,4.2534
15.1888,1.0012,4.2933
15.1890,0.9949,4.264
15.1892,0.9969,4.2747
15.1894,0.9355,4.0059
15.1896,0.9447,4.0511
15.1898,0.9328,3.9959
15.1900,0.97,4.1596
15.1902,0.9828,4.2141
15.1904,0.9974,4.2728
15.1906,1.0207,4.3684
15.1908,1.0352,4.4367
15.1910,1.0241,4.3853
15.1912,1.0264,4.4012
15.1914,1.0442,4.4815
15.1916,0.9383,4.0233
15.1918,0.92,3.958
15.1920,0.7911,3.3972
15.1922,0.8323,3.5821
15.1924,0.7217,3.1048
15.1926,0.6792,2.9231
15.1928,0.6732,2.8986
15.1930,0.6372,2.7425
15.1932,0.6521,2.8091
15.1934,0.6247,2.6925
15.1936,0.6463,2.783
15.1938,0.6324,2.7231
15.1940,0.6282,2.7075
15.1942,0.6149,2.6477
15.1944,0.6379,2.7468
15.1946,0.6229,2.6823
15.1948,0.6511,2.8088
15.1950,0.5639,2.4328
15.1952,0.5747,2.4759
15.1954,0.6036,2.5967
15.1956,0.7383,3.1731
15.1958,0.766,3.2937
15.1960,0.7226,3.1142
15.1962,0.6188,2.6684
15.1964,0.5542,2.3875
15.1966,0.5867,2.531
15.1968,0.518,2.2378
15.1970,0.4807,2.0738
15.1972,0.5036,2.1726
15.1974,0.5431,2.3384
15.1976,0.5895,2.5418
15.1978,0.5958,2.5668
15.1980,0.647,2.7861
15.1982,0.6348,2.7309
15.1984,0.6935,2.985
15.1986,0.6868,2.9602
15.1988,0.6735,2.9015
15.1990,0.6901,2.9673
15.1992,0.7025,3.0251
15.1994,0.6252,2.6933
15.1996,0.6086,2.6245
15.1998,0.6322,2.722
15.2000,0.6495,2.7969
15.2002,0.7037,3.0289
15.2004,0.6609,2.846
15.2006,0.6251,2.6916
15.2008,0.6679,2.8746
15.2010,0.647,2.7887
15.2012,0.5283,2.2791
15.2014,0.5041,2.1746
15.2016,0.518,2.2336
15.2018,0.5708,2.4588
15.2020,0.594,2.559
15.2022,0.6563,2.8245
15.2024,0.6947,2.986
15.2026,0.7059,3.0396
15.2028,0.5959,2.5697
15.2030,0.56,2.4101
15.2032,0.6585,2.833
15.2034,0.6223,2.6834
15.2036,0.5619,2.4217
15.2038,0.6104,2.6261
15.2040,0.6491,2.7909
15.2042,0.7076,3.0411
15.2044,0.7154,3.0761
15.2046,0.6632,2.8558
15.2048,0.6269,2.7043
15.2050,0.5348,2.3049
15.2052,0.5187,2.2377
15.2054,0.5157,2.2248
15.2056,0.5144,2.2191
15.2058,0.5197,2.2398
15.2060,0.5197,2.2398
15.2062,0.5151,2.2202
15.2064,0.5149,2.2212
15.2066,0.5196,2.2414
15.2068,0.5227,2.2517
15.2070,0.53,2.2853
15.2072,0.514,2.2165
15.2074,0.5125,2.2098
15.2076,0.5138,2.2135
15.2078,0.5229,2.2548
15.2080,0.4956,2.1349
15.2082,0.5269,2.2708
15.2084,0.5545,2.3875
15.2086,0.5983,2.58
15.2088,0.5215,2.2496
15.2090,0.4799,2.0692
15.2092,0.4774,2.0593
15.2094,0.475,2.0489
15.2096,0.4715,2.033
15.2098,0.473,2.0397
15.2100,0.4657,2.01
15.2102,0.47,2.0268
15.2104,0.5215,2.2455
15.2106,0.5578,2.3997
15.2108,0.5959,2.5661
15.2110,0.5898,2.541
15.2112,0.567,2.4439
15.2114,0.5598,2.4141
15.2116,0.488,2.1053
15.2118,0.4711,2.0324
15.2120,0.4836,2.0862
15.2122,0.4718,2.0355
15.2124,0.5015,2.1613
15.2126,0.5055,2.1788
15.2128,0.5048,2.1747
15.2130,0.5492,2.3669
15.2132,0.5824,2.5054
15.2134,0.5776,2.4883
15.2136,0.5739,2.4734
15.2138,0.5307,2.2863
15.2140,0.5871,2.5232
15.2142,0.663,2.8508
15.2144,0.6919,2.9764
15.2146,0.6342,2.727
15.2148,0.623,2.6828
15.2150,0.5881,2.5337
15.2152,0.5821,2.5079
15.2154,0.5969,2.5679
15.2156,0.6493,2.7959
15.2158,0.6173,2.6568
15.2160,0.5962,2.5648
15.2162,0.5835,2.5124
15.2164,0.5777,2.4876
15.2166,0.56,2.4123
15.2168,0.5554,2.3883
15.2170,0.6369,2.7414
15.2172,0.6615,2.8472
15.2174,0.608,2.6183
15.2176,0.5788,2.4911
15.2178,0.5964,2.5646
15.2180,0.6293,2.7071
15.2182,0.6529,2.8088
15.2184,0.6904,2.9688
15.2186,0.6486,2.7915
15.2188,0.6342,2.727
15.2190,0.6902,2.9678
15.2192,0.7133,3.063
15.2194,0.7516,3.2318
15.2196,0.7196,3.0869
15.2198,0.7986,3.4291
15.2200,0.8319,3.5722
15.2202,0.8453,3.6248
15.2204,0.8847,3.7917
15.2206,0.9064,3.8775
15.2208,0.9943,4.2535
15.2210,1.0434,4.4659
15.2212,1.0043,4.2986
15.2214,1.0744,4.5983
15.2216,1.1167,4.7728
15.2218,1.1732,5.0141
15.2220,1.1464,4.9044
15.2222,1.0124,4.333
15.2224,0.9992,4.2845
15.2226,0.9477,4.062
15.2228,0.9651,4.1288
15.2230,1.1454,4.893
15.2232,1.1707,5.0104
15.2234,1.0918,4.6727
15.2236,1.084,4.6372
15.2238,1.1,4.7081
15.2240,1.0073,4.3275
15.2242,0.8433,3.6279
15.2244,0.8174,3.5099
15.2246,0.8059,3.4637
15.2248,0.7596,3.2679
15.2250,0.7525,3.2374
15.2252,0.7257,3.119
15.2254,0.7753,3.3292
15.2256,0.7875,3.3865
15.2258,0.681,2.9335
15.2260,0.7178,3.0849
15.2262,0.8244,3.5398
15.2264,0.8097,3.4802
15.2266,0.7617,3.269
15.2268,0.8668,3.7255
15.2270,0.7521,3.2338
15.2272,0.7142,3.0766
15.2274,0.6895,2.9661
15.2276,0.7505,3.2331
15.2278,0.6896,2.9666
15.2280,0.6724,2.8982
15.2282,0.6025,2.5945
15.2284,0.65,2.8003
15.2286,0.666,2.865
15.2288,0.7088,3.0491
15.2290,0.7558,3.2544
15.2292,0.7072,3.0438
15.2294,0.6943,2.9853
15.2296,0.7404,3.1853
15.2298,0.7102,3.0596
15.2300,0.6772,2.9135
15.2302,0.7239,3.1127
15.2304,0.7082,3.0466
15.2306,0.712,3.0673
15.2308,0.673,2.8995
15.2310,0.668,2.8751
15.2312,0.7093,3.0498
15.2314,0.7096,3.0542
15.2316,0.6507,2.8047
15.2318,0.612,2.6377
15.2320,0.5898,2.5445
15.2322,0.5161,2.2274
15.2324,0.5109,2.2051
15.2326,0.5246,2.2631
15.2328,0.5726,2.462
15.2330,0.767,3.2983
15.2332,0.6817,2.9407
15.2334,0.5709,2.4639
15.2336,0.5302,2.2874
15.2338,0.529,2.2812
15.2340,0.5283,2.2781
15.2342,0.526,2.2704
15.2344,0.5434,2.3443
15.2346,0.5444,2.3474
15.2348,0.5282,2.2786
15.2350,0.5259,2.2688
15.2352,0.5897,2.5393
15.2354,0.6447,2.7724
15.2356,0.66,2.8445
15.2358,0.6523,2.8101
15.2360,0.6682,2.8734
15.2362,0.7687,3.304
15.2364,0.779,3.3467
15.2366,0.7362,3.1643
15.2368,0.7253,3.1174
15.2370,0.7281,3.1278
15.2372,0.7624,3.2736
15.2374,0.8438,3.6266
15.2376,0.7672,3.3003
15.2378,0.7426,3.1916
15.2380,0.7612,3.2685
15.2382,0.8054,3.4617
15.2384,0.8133,3.4908
15.2386,0.7939,3.4154
15.2388,0.7242,3.1171
15.2390,0.7173,3.0858
15.2392,0.7678,3.2937
15.2394,0.8708,3.7373
15.2396,0.8675,3.7304
15.2398,0.7627,3.2782
15.2400,0.8012,3.4404
15.2402,0.813,3.4941
15.2404,0.8087,3.4756
15.2406,0.7619,3.2792
15.2408,0.65,2.8003
15.2410,0.633,2.7244
15.2412,0.6717,2.8965
15.2414,0.588,2.532
15.2416,0.6591,2.8356
15.2418,0.6777,2.9155
15.2420,0.672,2.8935
15.2422,0.614,2.6478
15.2424,0.6041,2.6061
15.2426,0.6104,2.6225
15.2428,0.7923,3.4087
15.2430,0.6772,2.9189
15.2432,0.6563,2.8219
15.2434,0.7244,3.1133
15.2436,0.77,3.3173
15.2438,0.6429,2.7724
15.2440,0.5979,2.5756
15.2442,0.6133,2.6422
15.2444,0.6433,2.7739
15.2446,0.6149,2.6452
15.2448,0.694,2.9829
15.2450,0.7399,3.1862
15.2452,0.6361,2.7416
15.2454,0.6005,2.5857
15.2456,0.5807,2.5063
15.2458,0.4999,2.1575
15.2460,0.6242,2.6817
15.2462,0.8036,3.4572
15.2464,0.6777,2.9196
15.2466,0.5877,2.5328
15.2468,0.5663,2.4397
15.2470,0.5636,2.4301
15.2472,0.5668,2.444
15.2474,0.5792,2.4973
15.2476,0.5932,2.5542
15.2478,0.6097,2.6304
15.2480,0.5224,2.2559
15.2482,0.4902,2.1146
15.2484,0.4866,2.1001
15.2486,0.4967,2.1436
15.2488,0.5024,2.1694
15.2490,0.4959,2.1395
15.2492,0.4962,2.1375
15.2494,0.5588,2.4094
15.2496,0.5043,2.1767
15.2498,0.4968,2.1431
15.2500,0.4923,2.124
15.2502,0.4872,2.1027
15.2504,0.4807,2.0728
15.2506,0.4813,2.0764
15.2508,0.4791,2.068
15.2510,0.4807,2.0738
15.2512,0.4781,2.0614
15.2514,0.4889,2.1089
15.2516,0.5116,2.2052
15.2518,0.5505,2.3704
15.2520,0.6398,2.7512
15.2522,0.6362,2.7396
15.2524,0.6524,2.8054
15.2526,0.7157,3.0776
15.2528,0.7168,3.0851
15.2530,0.6494,2.7899
15.2532,0.7371,3.1694
15.2534,0.733,3.1504
15.2536,0.7573,3.255
15.2538,0.7892,3.3889
15.2540,0.8123,3.4829
15.2542,0.9384,4.022
15.2544,1.0115,4.3334
15.2546,0.9814,4.2045
15.2548,0.9615,4.1135
15.2550,1.0082,4.319
15.2552,0.9775,4.1875
15.2554,0.965,4.136
15.2556,0.9611,4.121
15.2558,0.9638,4.1328
15.2560,0.9708,4.1627
15.2562,0.9699,4.1532
15.2564,1.0157,4.3494
15.2566,1.0782,4.6126
15.2568,1.1389,4.8721
15.2570,1.1031,4.7259
15.2572,1.0254,4.391
15.2574,1.048,4.4896
15.2576,1.0961,4.689
15.2578,1.0871,4.6549
15.2580,1.0171,4.3571
15.2582,0.9212,3.9595
15.2584,0.8036,3.4588
15.2586,0.7368,3.1713
15.2588,0.7482,3.2174
15.2590,0.7768,3.337
15.2592,0.8256,3.5433
15.2594,0.9131,3.919
15.2596,0.9422,4.0497
15.2598,0.8071,3.4689
15.2600,0.8123,3.4927
15.2602,0.8294,3.5648
15.2604,0.8403,3.6133
15.2606,0.7735,3.3277
15.2608,0.6777,2.921
15.2610,0.617,2.6582
15.2612,0.6711,2.8912
15.2614,0.6945,2.985
15.2616,0.7617,3.2766
15.2618,0.7491,3.224
15.2620,0.7438,3.1998
15.2622,0.639,2.754
15.2624,0.6041,2.6024
15.2626,0.6706,2.8851
15.2628,0.7349,3.1645
15.2630,0.6295,2.7145
15.2632,0.5899,2.5474
15.2634,0.5794,2.496
15.2636,0.6535,2.8139
15.2638,0.639,2.7553
15.2640,0.6054,2.6117
15.2642,0.5875,2.5323
15.2644,0.6016,2.594
15.2646,0.5355,2.3112
15.2648,0.5192,2.2429
15.2650,0.5272,2.2734
15.2652,0.5959,2.5721
15.2654,0.5094,2.1984
15.2656,0.5329,2.2977
15.2658,0.5914,2.5477
15.2660,0.6457,2.7778
15.2662,0.6817,2.938
15.2664,0.5923,2.5554
15.2666,0.5298,2.2864
15.2668,0.4905,2.1191
15.2670,0.4841,2.0912
15.2672,0.4754,2.051
15.2674,0.4891,2.111
15.2676,0.4862,2.0995
15.2678,0.4971,2.1436
15.2680,0.5507,2.3781
15.2682,0.4941,2.1347
15.2684,0.4985,2.1503
15.2686,0.5068,2.1845
15.2688,0.5603,2.4161
15.2690,0.5639,2.4294
15.2692,0.5655,2.435
15.2694,0.5941,2.5619
15.2696,0.5956,2.5669
15.2698,0.5652,2.4373
15.2700,0.5702,2.4597
15.2702,0.5832,2.5102
15.2704,0.6392,2.7525
15.2706,0.6559,2.8203
15.2708,0.7138,3.0694
15.2710,0.6602,2.8468
15.2712,0.5603,2.4128
15.2714,0.5512,2.3735
15.2716,0.5457,2.353
15.2718,0.5439,2.3464
15.2720,0.545,2.3499
15.2722,0.5414,2.3334
15.2724,0.5476,2.3591
15.2726,0.6011,2.5907
15.2728,0.5467,2.355
15.2730,0.5287,2.2807
15.2732,0.5305,2.2884
15.2734,0.5308,2.2889
15.2736,0.5727,2.4659
15.2738,0.5985,2.5782
15.2740,0.5387,2.3241
15.2742,0.5363,2.3127
15.2744,0.5308,2.2868
15.2746,0.5764,2.4843
15.2748,0.525,2.2636
15.2750,0.5022,2.1634
15.2752,0.6039,2.6038
15.2754,0.5299,2.2848
15.2756,0.4721,2.0365
15.2758,0.4613,1.99
15.2760,0.4491,1.9372
15.2762,0.4576,1.973
15.2764,0.5041,2.1726
15.2766,0.6118,2.633
15.2768,0.6697,2.8796
15.2770,0.6903,2.9711
15.2772,0.6959,2.9939
15.2774,0.6896,2.9611
15.2776,0.71,3.0557
15.2778,0.6492,2.7928
15.2780,0.6619,2.8501
15.2782,0.5985,2.5805
15.2784,0.5796,2.4982
15.2786,0.581,2.5027
15.2788,0.5715,2.4585
15.2790,0.6425,2.7613
15.2792,0.7534,3.2395
15.2794,0.701,3.0128
15.2796,0.6812,2.9305
15.2798,0.7223,3.1074
15.2800,0.7746,3.3261
15.2802,0.7714,3.3169
15.2804,0.6598,2.84
15.2806,0.6771,2.9157
15.2808,0.6019,2.5907
15.2810,0.5901,2.5385
15.2812,0.6601,2.8397
15.2814,0.6515,2.8039
15.2816,0.6595,2.8371
15.2818,0.6439,2.7701
15.2820,0.6415,2.761
15.2822,0.6805,2.9247
15.2824,0.7294,3.1393
15.2826,0.5926,2.5528
15.2828,0.526,2.2683
15.2830,0.4934,2.1276
15.2832,0.4908,2.1162
15.2834,0.489,2.1095
15.2836,0.4893,2.111
15.2838,0.5065,2.183
15.2840,0.5143,2.2176
15.2842,0.4874,2.1027
15.2844,0.4832,2.0846
15.2846,0.5048,2.1727
15.2848,0.5835,2.5124
15.2850,0.5684,2.4508
15.2852,0.5818,2.5017
15.2854,0.6493,2.7946
15.2856,0.6203,2.6722
15.2858,0.604,2.5971
15.2860,0.6919,2.9736
15.2862,0.7126,3.0628
15.2864,0.7619,3.2731
15.2866,0.7724,3.3169
15.2868,0.8166,3.5063
15.2870,0.7762,3.3344
15.2872,0.7822,3.3586
15.2874,0.7927,3.4023
15.2876,0.8325,3.5732
15.2878,0.872,3.7355
15.2880,0.9058,3.884
15.2882,0.9058,3.8804
15.2884,0.96,4.1125
15.2886,1.0024,4.2984
15.2888,0.9435,4.0478
15.2890,0.9029,3.868
15.2892,0.9479,4.0588
15.2894,0.9433,4.043
15.2896,0.9895,4.2468
15.2898,0.8983,3.8575
15.2900,0.7964,3.423
15.2902,0.7439,3.2003
15.2904,0.7012,3.0138
15.2906,0.7602,3.2644
15.2908,0.8347,3.5808
15.2910,0.8866,3.8017
15.2912,0.866,3.7202
15.2914,0.8228,3.5364
15.2916,0.8109,3.4854
15.2918,0.7509,3.2272
15.2920,0.78,3.3555
15.2922,0.7051,3.0331
15.2924,0.6965,2.9937
15.2926,0.726,3.1205
15.2928,0.7528,3.24
15.2930,0.6904,2.973
15.2932,0.6988,3.0091
15.2934,0.6979,3.0022
15.2936,0.7037,3.0261
15.2938,0.7245,3.1138
15.2940,0.7744,3.3344
15.2942,0.6271,2.7016
15.2944,0.5987,2.5804
15.2946,0.5986,2.5787
15.2948,0.6185,2.6681
15.2950,0.5703,2.459
15.2952,0.5908,2.5439
15.2954,0.6626,2.8479
15.2956,0.6787,2.9251
15.2958,0.6244,2.6872
15.2960,0.6459,2.7801
15.2962,0.6732,2.8986
15.2964,0.6836,2.9408
15.2966,0.748,3.2163
15.2968,0.7433,3.1962
15.2970,0.7467,3.2106
15.2972,0.7569,3.2514
15.2974,0.7269,3.127
15.2976,0.6618,2.8496
15.2978,0.6218,2.6801
15.2980,0.5748,2.4775
15.2982,0.5887,2.5375
15.2984,0.5893,2.5413
15.2986,0.573,2.4698
15.2988,0.5848,2.5181
15.2990,0.5892,2.5348
15.2992,0.6829,2.9377
15.2994,0.6979,3.005
15.2996,0.6601,2.841
15.2998,0.6408,2.7618
15.3000,0.5957,2.5639
15.3002,0.6927,2.98
15.3004,0.7434,3.1952
15.3006,0.7375,3.1729
15.3008,0.6736,2.8993
15.3010,0.6819,2.9336
15.3012,0.7194,3.095
15.3014,0.6953,2.9914
15.3016,0.6989,3.0082
15.3018,0.6772,2.9148
15.3020,0.66,2.8445
15.3022,0.6228,2.6793
15.3024,0.6669,2.8718
15.3026,0.6794,2.92
15.3028,0.7859,3.3745
15.3030,0.7982,3.4276
15.3032,0.7756,3.3365
15.3034,0.6922,2.9793
15.3036,0.6246,2.6895
15.3038,0.625,2.6898
15.3040,0.668,2.8764
15.3042,0.6179,2.6631
15.3044,0.6128,2.6426
15.3046,0.6109,2.6331
15.3048,0.613,2.6407
15.3050,0.6127,2.6396
15.3052,0.61,2.629
15.3054,0.6396,2.7477
15.3056,0.7528,3.2324
15.3058,0.7804,3.3602
15.3060,0.6497,2.8
15.3062,0.6253,2.6939
15.3064,0.6138,2.6443
15.3066,0.5932,2.5554
15.3068,0.6517,2.8075
15.3070,0.6515,2.8052
15.3072,0.5885,2.5365
15.3074,0.5446,2.3462
15.3076,0.5468,2.3588
15.3078,0.5387,2.3231
15.3080,0.5386,2.3236
15.3082,0.5402,2.3282
15.3084,0.538,2.32
15.3086,0.5374,2.3152
15.3088,0.547,2.3555
15.3090,0.604,2.5983
15.3092,0.6392,2.7551
15.3094,0.575,2.4792
15.3096,0.5969,2.5702
15.3098,0.6819,2.9336
15.3100,0.6866,2.9537
15.3102,0.661,2.8425
15.3104,0.6644,2.8623
15.3106,0.5602,2.4167
15.3108,0.5429,2.3401
15.3110,0.6071,2.6117
15.3112,0.6548,2.8222
15.3114,0.5823,2.5096
15.3116,0.6001,2.5854
15.3118,0.5873,2.5301
15.3120,0.598,2.5725
15.3122,0.7283,3.1303
15.3124,0.7573,3.255
15.3126,0.7536,3.239
15.3128,0.7107,3.0602
15.3130,0.7125,3.0651
15.3132,0.7018,3.0178
15.3134,0.6567,2.8292
15.3136,0.5661,2.4375
15.3138,0.5583,2.4062
15.3140,0.5958,2.5656
15.3142,0.6041,2.6061
15.3144,0.555,2.3923
15.3146,0.5511,2.3763
15.3148,0.5504,2.3732
15.3150,0.5553,2.3922
15.3152,0.5604,2.4133
15.3154,0.5519,2.3777
15.3156,0.5995,2.578
15.3158,0.7377,3.1705
15.3160,0.7075,3.0435
15.3162,0.6528,2.8082
15.3164,0.6999,3.0138
15.3166,0.6694,2.8826
15.3168,0.6676,2.8695
15.3170,0.7101,3.0491
15.3172,0.7378,3.171
15.3174,0.7283,3.1288
15.3176,0.7762,3.3375
15.3178,0.7697,3.3127
15.3180,0.6407,2.7587
15.3182,0.612,2.6341
15.3184,0.6588,2.834
15.3186,0.7468,3.2052
15.3188,0.8174,3.5132
15.3190,0.7884,3.3901
15.3192,0.7891,3.3869
15.3194,0.8482,3.6406
15.3196,0.7946,3.4169
15.3198,0.7941,3.4101
15.3200,0.8334,3.5751
15.3202,0.8983,3.8539
15.3204,0.883,3.7881
15.3206,0.8578,3.6852
15.3208,0.8417,3.6162
15.3210,0.824,3.5399
15.3212,0.8154,3.4979
15.3214,0.8355,3.586
15.3216,0.8306,3.5633
15.3218,0.8617,3.6982
15.3220,0.8578,3.6835
15.3222,0.8656,3.7135
15.3224,0.9318,3.9918
15.3226,1.0185,4.3551
15.3228,1.0728,4.5895
15.3230,1.0485,4.4874
15.3232,1.0696,4.5756
15.3234,1.0677,4.5738
15.3236,1.0485,4.4854
15.3238,1.1133,4.7762
15.3240,0.8901,3.8291
15.3242,0.7274,3.132
15.3244,0.6654,2.8637
15.3246,0.6505,2.7997
15.3248,0.6777,2.9182
15.3250,0.644,2.777
15.3252,0.6356,2.7396
15.3254,0.6445,2.7726
15.3256,0.6986,3.0039
15.3258,0.7694,3.3071
15.3260,0.7771,3.3432
15.3262,0.7416,3.189
15.3264,0.7157,3.0805
15.3266,0.6752,2.9101
15.3268,0.639,2.7527
15.3270,0.6298,2.7142
15.3272,0.5693,2.4538
15.3274,0.6247,2.6913
15.3276,0.6329,2.7264
15.3278,0.6293,2.7109
15.3280,0.6317,2.7238
15.3282,0.5554,2.396
15.3284,0.5889,2.538
15.3286,0.607,2.616
15.3288,0.5591,2.4121
15.3290,0.5222,2.2528
15.3292,0.5277,2.2765
15.3294,0.4893,2.112
15.3296,0.4606,1.9869
15.3298,0.5278,2.275
15.3300,0.5754,2.4824
15.3302,0.6089,2.6194
15.3304,0.6579,2.8396
15.3306,0.5266,2.2729
15.3308,0.5047,2.1772
15.3310,0.4987,2.1524
15.3312,0.4801,2.0693
15.3314,0.4704,2.0293
15.3316,0.4856,2.095
15.3318,0.5029,2.1685
15.3320,0.592,2.5538
15.3322,0.5329,2.2967
15.3324,0.5715,2.4596
15.3326,0.6441,2.7685
15.3328,0.6946,2.9924
15.3330,0.6144,2.6456
15.3332,0.5832,2.5137
15.3334,0.5974,2.5711
15.3336,0.6595,2.8371
15.3338,0.6829,2.9404
15.3340,0.6142,2.6434
15.3342,0.5638,2.4334
15.3344,0.4638,2.0036
15.3346,0.4152,1.7922
15.3348,0.4247,1.8348
15.3350,0.4126,1.7791
15.3352,0.5182,2.2346
15.3354,0.5149,2.2233
15.3356,0.4778,2.0614
15.3358,0.4992,2.1494
15.3360,0.5606,2.416
15.3362,0.556,2.3964
15.3364,0.554,2.3854
15.3366,0.5805,2.4983
15.3368,0.5994,2.5835
15.3370,0.5967,2.5716
15.3372,0.6076,2.6174
15.3374,0.5848,2.5169
15.3376,0.617,2.6533
15.3378,0.6887,2.9616
15.3380,0.6901,2.9659
15.3382,0.684,2.9451
15.3384,0.5835,2.5171
15.3386,0.4685,2.0229
15.3388,0.4486,1.936
15.3390,0.4505,1.9434
15.3392,0.4493,1.9382
15.3394,0.4608,1.9879
15.3396,0.4664,2.0132
15.3398,0.4648,2.0059
15.3400,0.4614,1.9905
15.3402,0.4728,2.0377
15.3404,0.5227,2.2517
15.3406,0.5729,2.4681
15.3408,0.5768,2.4823
15.3410,0.5875,2.53
15.3412,0.5831,2.512
15.3414,0.4992,2.1514
15.3416,0.4564,1.9679
15.3418,0.4571,1.9728
15.3420,0.4566,1.9707
15.3422,0.4921,2.1209
15.3424,0.5429,2.3368
15.3426,0.5998,2.5814
15.3428,0.6609,2.842
15.3430,0.7133,3.0616
15.3432,0.7501,3.2241
15.3434,0.6885,2.9647
15.3436,0.5666,2.4453
15.3438,0.4697,2.0262
15.3440,0.4952,2.1364
15.3442,0.4583,1.9761
15.3444,0.4492,1.9377
15.3446,0.451,1.9464
15.3448,0.4536,1.9541
15.3450,0.5064,2.1824
15.3452,0.464,2.0028
15.3454,0.4499,1.9417
15.3456,0.4561,1.9659
15.3458,0.4934,2.1286
15.3460,0.4667,2.0123
15.3462,0.4814,2.0769
15.3464,0.4878,2.1033
15.3466,0.4902,2.1117
15.3468,0.5139,2.214
15.3470,0.5074,2.1871
15.3472,0.4922,2.1215
15.3474,0.4859,2.095
15.3476,0.5096,2.1974
15.3478,0.5182,2.2336
15.3480,0.4944,2.1278
15.3482,0.5438,2.3404
15.3484,0.5606,2.416
15.3486,0.4979,2.1448
15.3488,0.4843,2.0893
15.3490,0.4694,2.0261
15.3492,0.4552,1.9636
15.3494,0.4717,2.034
15.3496,0.4096,1.7678
15.3498,0.3929,1.6959
15.3500,0.3892,1.6791
15.3502,0.3849,1.6612
15.3504,0.4206,1.8121
15.3506,0.4884,2.1039
15.3508,0.4994,2.1535
15.3510,0.4921,2.119
15.3512,0.5282,2.2744
15.3514,0.5529,2.3785
15.3516,0.6163,2.6502
15.3518,0.6485,2.7871
15.3520,0.5812,2.5014
15.3522,0.5644,2.4269
15.3524,0.639,2.7451
15.3526,0.7404,3.1809
15.3528,0.7656,3.2814
15.3530,0.8112,3.4751
15.3532,0.8397,3.604
15.3534,0.8432,3.6139
15.3536,0.8663,3.7183
15.3538,0.8164,3.4977
15.3540,0.9058,3.8822
15.3542,0.9047,3.8812
15.3544,0.8916,3.8197
15.3546,0.9218,3.951
15.3548,0.8738,3.745
15.3550,0.884,3.7833
15.3552,0.9477,4.0658
15.3554,0.8789,3.7653
15.3556,0.974,4.1687
15.3558,1.051,4.4982
15.3560,1.0033,4.294
15.3562,1.012,4.3314
15.3564,1.0259,4.3848
15.3566,1.0722,4.5848
15.3568,1.0119,4.339
15.3570,0.9413,4.0343
15.3572,0.9204,3.9412
15.3574,1.001,4.2822
15.3576,1.0486,4.4942
15.3578,0.9643,4.1349
15.3580,0.9095,3.8963
15.3582,0.9987,4.2765
15.3584,1.0413,4.4608
15.3586,0.9522,4.0868
15.3588,0.8633,3.7106
15.3590,0.7979,3.426
15.3592,0.8047,3.4538
15.3594,0.8021,3.4424
15.3596,0.8571,3.6769
15.3598,0.9281,3.9815
15.3600,0.9047,3.8866
15.3602,0.8029,3.4541
15.3604,0.7618,3.271
15.3606,0.7709,3.3133
15.3608,0.7832,3.3648
15.3610,0.785,3.3772
15.3612,0.7553,3.2463
15.3614,0.7895,3.3868
15.3616,0.8438,3.6249
15.3618,0.8185,3.5146
15.3620,0.8658,3.711
15.3622,0.9575,4.1018
15.3624,0.9796,4.1987
15.3626,0.9573,4.1051
15.3628,0.9226,3.956
15.3630,0.9156,3.9335
15.3632,0.8606,3.7005
15.3634,0.7831,3.369
15.3636,0.6914,2.9771
15.3638,0.6726,2.8974
15.3640,0.7155,3.0766
15.3642,0.7176,3.0902
15.3644,0.6783,2.9195
15.3646,0.6649,2.8617
15.3648,0.6694,2.8786
15.3650,0.7396,3.1802
15.3652,0.7263,3.1303
15.3654,0.6462,2.7825
15.3656,0.6581,2.8296
15.3658,0.675,2.9037
15.3660,0.6757,2.9108
15.3662,0.6089,2.6255
15.3664,0.5827,2.5128
15.3666,0.5786,2.4912
15.3668,0.6361,2.7378
15.3670,0.6997,3.0071
15.3672,0.7754,3.3297
15.3674,0.7608,3.2745
15.3676,0.7387,3.1796
15.3678,0.7398,3.1798
15.3680,0.7739,3.323
15.3682,0.8793,3.7774
15.3684,0.7986,3.4307
15.3686,0.7729,3.3205
15.3688,0.8108,3.4816
15.3690,0.8403,3.6133
15.3692,0.7384,3.1765
15.3694,0.7088,3.052
15.3696,0.7187,3.0948
15.3698,0.7214,3.1033
15.3700,0.719,3.0915
15.3702,0.7296,3.1345
15.3704,0.7274,3.1291
15.3706,0.7186,3.0929
15.3708,0.719,3.0959
15.3710,0.7158,3.081
15.3712,0.7139,3.0699
15.3714,0.7573,3.2535
15.3716,0.7898,3.3978
15.3718,0.7193,3.0917
15.3720,0.7455,3.207
15.3722,0.7041,3.0276
15.3724,0.7007,3.0146
15.3726,0.7154,3.0804
15.3728,0.7144,3.072
15.3730,0.7492,3.22
15.3732,0.7156,3.0814
15.3734,0.6251,2.6891
15.3736,0.7256,3.1272
15.3738,0.5874,2.533
15.3740,0.5651,2.4334
15.3742,0.6467,2.7858
15.3744,0.5949,2.5662
15.3746,0.5757,2.4777
15.3748,0.7055,3.0394
15.3750,0.5967,2.5716
15.3752,0.5723,2.4655
15.3754,0.619,2.664
15.3756,0.7145,3.0739
15.3758,0.7667,3.2952
15.3760,0.789,3.3895
15.3762,0.7884,3.3901
15.3764,0.7771,3.3447
15.3766,0.735,3.1606
15.3768,0.7166,3.0827
15.3770,0.6991,3.0074
15.3772,0.632,2.7241
15.3774,0.5975,2.5752
15.3776,0.631,2.7156
15.3778,0.7289,3.1329
15.3780,0.7904,3.3925
15.3782,0.8473,3.6398
15.3784,0.7917,3.3998
15.3786,0.7979,3.4292
15.3788,0.7884,3.3885
15.3790,0.8301,3.5662
15.3792,0.8076,3.4726
15.3794,0.7929,3.4113
15.3796,0.7217,3.1063
15.3798,0.6938,2.9847
15.3800,0.7416,3.1875
15.3802,0.8108,3.493
15.3804,0.6452,2.7796
15.3806,0.5919,2.5521
15.3808,0.5865,2.5277
15.3810,0.6024,2.594
15.3812,0.6548,2.8209
15.3814,0.6744,2.8997
15.3816,0.7052,3.0351
15.3818,0.6793,2.9209
15.3820,0.6856,2.9551
15.3822,0.5728,2.4733
15.3824,0.4991,2.1549
15.3826,0.4958,2.1409
15.3828,0.4893,2.111
15.3830,0.4897,2.1126
15.3832,0.5054,2.1783
15.3834,0.5914,2.5512
15.3836,0.5232,2.2548
15.3838,0.5286,2.2812
15.3840,0.4959,2.1415
15.3842,0.5121,2.2093
15.3844,0.5503,2.3705
15.3846,0.5839,2.5133
15.3848,0.7397,3.1793
15.3850,0.7824,3.3643
15.3852,0.7126,3.0642
15.3854,0.6923,2.9771
15.3856,0.7579,3.2606
15.3858,0.7184,3.0875
15.3860,0.765,3.2865
15.3862,0.8061,3.4632
15.3864,0.8621,3.6968
15.3866,0.9871,4.2286
15.3868,0.9889,4.2383
15.3870,0.9723,4.1693
15.3872,1.0051,4.3097
15.3874,0.9889,4.2383
15.3876,0.9721,4.1683
15.3878,0.9924,4.2552
15.3880,0.9497,4.0703
15.3882,0.9854,4.2214
15.3884,1.0349,4.4295
15.3886,1.0519,4.5002
15.3888,1.1053,4.7373
15.3890,1.0816,4.6291
15.3892,1.097,4.6909
15.3894,1.1023,4.7223
15.3896,1.0989,4.7101
15.3898,1.0001,4.2886
15.3900,0.9265,3.9785
15.3902,0.8101,3.4834
15.3904,0.7521,3.2369
15.3906,0.7507,3.2357
15.3908,0.6748,2.9086
15.3910,0.601,2.5902
15.3912,0.6272,2.7034
15.3914,0.6578,2.8352
15.3916,0.6383,2.7522
15.3918,0.6077,2.6216
15.3920,0.6065,2.614
15.3922,0.6408,2.7592
15.3924,0.7017,3.0187
15.3926,0.7664,3.2942
15.3928,0.771,3.3184
15.3930,0.6992,3.0135
15.3932,0.6199,2.6743
15.3934,0.6359,2.7393
15.3936,0.636,2.7398
15.3938,0.6902,2.9706
15.3940,0.7278,3.137
15.3942,0.6169,2.6565
15.3944,0.6543,2.8189
15.3946,0.6746,2.9008
15.3948,0.7314,3.1496
15.3950,0.6729,2.903
15.3952,0.6363,2.7414
15.3954,0.668,2.8751
15.3956,0.7012,3.0166
15.3958,0.6654,2.8704
15.3960,0.5896,2.5411
15.3962,0.6287,2.7083
15.3964,0.612,2.6414
15.3966,0.5383,2.321
15.3968,0.525,2.2636
15.3970,0.5622,2.4278
15.3972,0.5272,2.2766
15.3974,0.5179,2.2341
15.3976,0.5217,2.2496
15.3978,0.551,2.3736
15.3980,0.5908,2.5439
15.3982,0.6535,2.8153
15.3984,0.6247,2.6938
15.3986,0.5476,2.3624
15.3988,0.5405,2.333
15.3990,0.5441,2.3463
15.3992,0.5722,2.465
15.3994,0.5747,2.4782
15.3996,0.5992,2.5824
15.3998,0.5935,2.5558
15.4000,0.6397,2.7507
15.4002,0.7787,3.3514
15.4004,0.7433,3.1962
15.4006,0.7186,3.0957
15.4008,0.5904,2.5459
15.4010,0.579,2.4945
15.4012,0.6071,2.6129
15.4014,0.642,2.7682
15.4016,0.6518,2.8015
15.4018,0.7632,3.2818
15.4020,0.787,3.3839
15.4022,0.7977,3.4303
15.4024,0.7503,3.2261
15.4026,0.728,3.1302
15.4028,0.6651,2.868
15.4030,0.5552,2.3928
15.4032,0.5413,2.335
15.4034,0.542,2.3381
15.4036,0.5399,2.3293
15.4038,0.5673,2.4438
15.4040,0.6278,2.7072
15.4042,0.5668,2.4418
15.4044,0.563,2.4241
15.4046,0.691,2.9783
15.4048,0.6361,2.7416
15.4050,0.5555,2.3943
15.4052,0.5398,2.3288
15.4054,0.5354,2.3107
15.4056,0.5013,2.1627
15.4058,0.5286,2.2749
15.4060,0.5865,2.53
15.4062,0.488,2.1083
15.4064,0.4656,2.0105
15.4066,0.4609,1.9884
15.4068,0.4726,2.0377
15.4070,0.5301,2.2858
15.4072,0.5535,2.3867
15.4074,0.4775,2.0608
15.4076,0.4601,1.9857
15.4078,0.4645,2.003
15.4080,0.4684,2.0196
15.4082,0.4649,2.0074
15.4084,0.4692,2.0251
15.4086,0.4626,1.9947
15.4088,0.4995,2.153
15.4090,0.5546,2.3891
15.4092,0.5811,2.5009
15.4094,0.5979,2.5732
15.4096,0.6322,2.7246
15.4098,0.5844,2.5201
15.4100,0.5387,2.3231
15.4102,0.5691,2.4516
15.4104,0.5377,2.3163
15.4106,0.5735,2.4684
15.4108,0.681,2.9267
15.4110,0.7459,3.209
15.4112,0.6368,2.7409
15.4114,0.6455,2.7794
15.4116,0.616,2.6536
15.4118,0.5783,2.4902
15.4120,0.6013,2.5905
15.4122,0.6015,2.5887
15.4124,0.5855,2.5247
15.4126,0.5018,2.1638
15.4128,0.4794,2.0662
15.4130,0.485,2.0924
15.4132,0.4843,2.0893
15.4134,0.4744,2.0454
15.4136,0.475,2.0489
15.4138,0.4751,2.0504
15.4140,0.4853,2.0895
15.4142,0.5534,2.3828
15.4144,0.5313,2.2921
15.4146,0.4941,2.1297
15.4148,0.561,2.4159
15.4150,0.5296,2.2827
15.4152,0.5215,2.2455
15.4154,0.5868,2.528
15.4156,0.581,2.5016
15.4158,0.5902,2.5401
15.4160,0.6079,2.6141
15.4162,0.6148,2.6423
15.4164,0.6662,2.862
15.4166,0.6758,2.9086
15.4168,0.618,2.6599
15.4170,0.6684,2.8713
15.4172,0.6765,2.909
15.4174,0.6756,2.9062
15.4176,0.6403,2.7546
15.4178,0.6691,2.873
15.4180,0.7588,3.2597
15.4182,0.7534,3.232
15.4184,0.787,3.3807
15.4186,0.77,3.3066
15.4188,0.8138,3.4896
15.4190,0.866,3.7167
15.4192,0.8459,3.6308
15.4194,0.8467,3.6305
15.4196,0.8071,3.4641
15.4198,0.8877,3.7992
15.4200,1.0257,4.3899
15.4202,1.0232,4.3853
15.4204,1.024,4.3848
15.4206,1.0204,4.3633
15.4208,1.0922,4.6638
15.4210,1.1427,4.8863
15.4212,1.1013,4.7138
15.4214,1.1037,4.7196
15.4216,1.1829,5.058
15.4218,1.1258,4.8207
15.4220,0.9997,4.2866
15.4222,0.9474,4.0643
15.4224,0.9127,3.9138
15.4226,0.8998,3.8601
15.4228,0.8698,3.7384
15.4230,0.8397,3.6091
15.4232,0.7858,3.3803
15.4234,0.765,3.2895
15.4236,0.7425,3.1896
15.4238,0.7818,3.3586
15.4240,0.8012,3.4468
15.4242,0.7644,3.287
15.4244,0.7648,3.287
15.4246,0.7385,3.1785
15.4248,0.7471,3.2112
15.4250,0.7786,3.3447
15.4252,0.7787,3.3468
15.4254,0.7858,3.3756
15.4256,0.7684,3.3024
15.4258,0.7494,3.2255
15.4260,0.7212,3.1013
15.4262,0.7106,3.0583
15.4264,0.7209,3.1056
15.4266,0.6646,2.8593
15.4268,0.7162,3.0797
15.4270,0.7417,3.1865
15.4272,0.7549,3.2447
15.4274,0.7316,3.1442
15.4276,0.7312,3.1471
15.4278,0.6717,2.8938
15.4280,0.6709,2.8875
15.4282,0.7043,3.0329
15.4284,0.6733,2.8978
15.4286,0.6654,2.8624
15.4288,0.6676,2.8735
15.4290,0.609,2.626
15.4292,0.5943,2.5613
15.4294,0.6236,2.6891
15.4296,0.5642,2.4315
15.4298,0.5928,2.5527
15.4300,0.6245,2.6915
15.4302,0.568,2.4458
15.4304,0.5751,2.4774
15.4306,0.5667,2.4424
15.4308,0.5687,2.4512
15.4310,0.5732,2.4703
15.4312,0.6363,2.7388
15.4314,0.7348,3.1655
15.4316,0.6019,2.5967
15.4318,0.4934,2.1296
15.4320,0.4871,2.1022
15.4322,0.4775,2.0598
15.4324,0.5241,2.26
15.4326,0.5205,2.2434
15.4328,0.5367,2.3132
15.4330,0.6185,2.6644
15.4332,0.6386,2.7512
15.4334,0.6186,2.6637
15.4336,0.6311,2.7174
15.4338,0.6369,2.7427
15.4340,0.6479,2.7897
15.4342,0.6331,2.7274
15.4344,0.6342,2.7308
15.4346,0.6964,2.9918
15.4348,0.782,3.3581
15.4350,0.7825,3.3648
15.4352,0.726,3.1205
15.4354,0.7313,3.1432
15.4356,0.7072,3.0424
15.4358,0.7138,3.0708
15.4360,0.7475,3.2128
15.4362,0.7951,3.4158
15.4364,0.7675,3.3004
15.4366,0.7458,3.2041
15.4368,0.777,3.3395
15.4370,0.7164,3.0807
15.4372,0.6975,3.002
15.4374,0.7039,3.0294
15.4376,0.7185,3.088
15.4378,0.7698,3.3102
15.4380,0.7856,3.3766
15.4382,0.7893,3.391
15.4384,0.7777,3.3442
15.4386,0.7343,3.1546
15.4388,0.7505,3.2271
15.4390,0.7194,3.0994
15.4392,0.6325,2.7274
15.4394,0.5525,2.3836
15.4396,0.5423,2.3397
15.4398,0.5458,2.3536
15.4400,0.5583,2.4062
15.4402,0.5503,2.3705
15.4404,0.5445,2.3479
15.4406,0.5727,2.4671
15.4408,0.6696,2.8778
15.4410,0.6778,2.9174
15.4412,0.7031,3.0263
15.4414,0.6336,2.732
15.4416,0.565,2.4352
15.4418,0.5619,2.4228
15.4420,0.5805,2.4983
15.4422,0.6943,2.9853
15.4424,0.7498,3.2211
15.4426,0.7578,3.2631
15.4428,0.6698,2.8882
15.4430,0.557,2.4017
15.4432,0.5312,2.2894
15.4434,0.6179,2.6618
15.4436,0.5967,2.5716
15.4438,0.5885,2.5317
15.4440,0.6513,2.8034
15.4442,0.6929,2.9824
15.4444,0.6801,2.9259
15.4446,0.6825,2.9348
15.4448,0.7573,3.252
15.4450,0.8643,3.7147
15.4452,0.7714,3.3184
15.4454,0.6723,2.891
15.4456,0.6676,2.8775
15.4458,0.5901,2.5444
15.4460,0.5679,2.4476
15.4462,0.5643,2.4343
15.4464,0.5642,2.4315
15.4466,0.5627,2.4242
15.4468,0.5625,2.4243
15.4470,0.5666,2.4396
15.4472,0.5609,2.4165
15.4474,0.5615,2.4202
15.4476,0.5646,2.4347
15.4478,0.6034,2.6005
15.4480,0.586,2.5244
15.4482,0.566,2.437
15.4484,0.6287,2.7058
15.4486,0.6258,2.6959
15.4488,0.613,2.6382
15.4490,0.5697,2.4565
15.4492,0.5012,2.1642
15.4494,0.5029,2.1654
15.4496,0.5814,2.5048
15.4498,0.5829,2.5122
15.4500,0.5849,2.5233
15.4502,0.5049,2.1762
15.4504,0.491,2.1173
15.4506,0.4881,2.1058
15.4508,0.5137,2.215
15.4510,0.5516,2.3773
15.4512,0.5968,2.5685
15.4514,0.6196,2.6703
15.4516,0.5855,2.5224
15.4518,0.5986,2.5727
15.4520,0.7143,3.0671
15.4522,0.7525,3.2314
15.4524,0.7781,3.3457
15.4526,0.7738,3.3225
15.4528,0.8355,3.5844
15.4530,0.8614,3.6989
15.4532,0.8456,3.6259
15.4534,0.9174,3.9265
15.4536,1.0111,4.3294
15.4538,0.9829,4.2087
15.4540,0.9769,4.183
15.4542,0.9909,4.2471
15.4544,1.0012,4.2933
15.4546,0.9817,4.2114
15.4548,0.9403,4.0208
15.4550,1.1034,4.7181
15.4552,1.1202,4.7921
15.4554,1.079,4.6183
15.4556,1.0415,4.4598
15.4558,1.0648,4.5572
15.4560,1.0009,4.2977
15.4562,0.8601,3.695
15.4564,0.8396,3.6002
15.4566,0.9069,3.8904
15.4568,0.8982,3.8552
15.4570,0.9233,3.959
15.4572,0.9577,4.1143
15.4574,0.9407,4.0336
15.4576,0.9501,4.0761
15.4578,0.9111,3.9139
15.4580,0.8632,3.7153
15.4582,0.7488,3.2199
15.4584,0.7015,3.0205
15.4586,0.651,2.8057
15.4588,0.6253,2.6964
15.4590,0.6199,2.6706
15.4592,0.5979,2.5792
15.4594,0.578,2.4921
15.4596,0.6037,2.6009
15.4598,0.6536,2.8118
15.4600,0.7007,3.0174
15.4602,0.6639,2.8575
15.4604,0.692,2.9783
15.4606,0.6766,2.9122
15.4608,0.7287,3.1333
15.4610,0.7661,3.2926
15.4612,0.7734,3.3287
15.4614,0.7438,3.1983
15.4616,0.7566,3.2519
15.4618,0.8223,3.5327
15.4620,0.8545,3.6708
15.4622,0.8811,3.7816
15.4624,0.9199,3.9483
15.4626,0.874,3.76
15.4628,0.7426,3.1961
15.4630,0.6854,2.9527
15.4632,0.6065,2.614
15.4634,0.5859,2.5274
15.4636,0.5814,2.5106
15.4638,0.5226,2.2543
15.4640,0.578,2.491
15.4642,0.5504,2.3765
15.4644,0.5447,2.3467
15.4646,0.6585,2.8343
15.4648,0.6354,2.7385
15.4650,0.6339,2.7349
15.4652,0.5664,2.4436
15.4654,0.513,2.215
15.4656,0.4905,2.1172
15.4658,0.5062,2.185
15.4660,0.5277,2.2755
15.4662,0.5696,2.4548
15.4664,0.5409,2.3324
15.4666,0.5109,2.2051
15.4668,0.5161,2.2284
15.4670,0.5272,2.2734
15.4672,0.569,2.4522
15.4674,0.5613,2.4203
15.4676,0.562,2.4222
15.4678,0.6096,2.6213
15.4680,0.7292,3.1325
15.4682,0.797,3.4256
15.4684,0.7324,3.1493
15.4686,0.7439,3.2003
15.4688,0.6718,2.897
15.4690,0.6398,2.7564
15.4692,0.5724,2.4672
15.4694,0.5471,2.3603
15.4696,0.5429,2.3401
15.4698,0.5384,2.3215
15.4700,0.5497,2.369
15.4702,0.5421,2.3375
15.4704,0.5391,2.3257
15.4706,0.541,2.3329
15.4708,0.5351,2.3086
15.4710,0.5455,2.3487
15.4712,0.6052,2.6071
15.4714,0.5542,2.3886
15.4716,0.5426,2.3396
15.4718,0.5402,2.326
15.4720,0.5866,2.5294
15.4722,0.4916,2.1199
15.4724,0.473,2.0426
15.4726,0.4709,2.0332
15.4728,0.4692,2.0241
15.4730,0.4616,1.9924
15.4732,0.462,1.9949
15.4734,0.4601,1.982
15.4736,0.5178,2.2326
15.4738,0.5044,2.1782
15.4740,0.4789,2.067
15.4742,0.4795,2.0676
15.4744,0.4637,2.0003
15.4746,0.456,1.969
15.4748,0.453,1.9552
15.4750,0.4781,2.0605
15.4752,0.5228,2.2522
15.4754,0.6073,2.6115
15.4756,0.6909,2.975
15.4758,0.6693,2.8808
15.4760,0.6102,2.6276
15.4762,0.6238,2.6847
15.4764,0.6983,3.0029
15.4766,0.7036,3.0213
15.4768,0.7252,3.1169
15.4770,0.7626,3.2777
15.4772,0.7353,3.1587
15.4774,0.6866,2.9551
15.4776,0.6338,2.728
15.4778,0.636,2.7373
15.4780,0.6542,2.8118
15.4782,0.734,3.1531
15.4784,0.7296,3.1345
15.4786,0.7118,3.062
15.4788,0.6932,2.9807
15.4790,0.7152,3.0756
15.4792,0.7515,3.2343
15.4794,0.6341,2.7316
15.4796,0.5265,2.2682
15.4798,0.5742,2.4715
15.4800,0.6234,2.6831
15.4802,0.616,2.6523
15.4804,0.6294,2.7089
15.4806,0.6652,2.8592
15.4808,0.7657,3.288
15.4810,0.8224,3.5299
15.4812,0.8715,3.7404
15.4814,0.8401,3.614
15.4816,0.6512,2.8041
15.4818,0.6113,2.6322
15.4820,0.614,2.6416
15.4822,0.6328,2.7272
15.4824,0.5739,2.4734
15.4826,0.5993,2.5806
15.4828,0.607,2.6124
15.4830,0.6569,2.8245
15.4832,0.6696,2.8845
15.4834,0.5056,2.1793
15.4836,0.5536,2.3894
15.4838,0.5058,2.1829
15.4840,0.5019,2.1623
15.4842,0.535,2.3049
15.4844,0.589,2.5373
15.4846,0.5975,2.5728
15.4848,0.5925,2.55
15.4850,0.6347,2.7253
15.4852,0.7352,3.1597
15.4854,0.7444,3.1994
15.4856,0.787,3.3776
15.4858,0.8096,3.4732
15.4860,0.8443,3.6219
15.4862,0.783,3.3669
15.4864,0.7018,3.0164
15.4866,0.7578,3.2571
15.4868,0.756,3.2509
15.4870,0.763,3.2762
15.4872,0.7561,3.2529
15.4874,0.6758,2.9086
15.4876,0.6952,2.9853
15.4878,0.7427,3.1862
15.4880,0.8263,3.5464
15.4882,0.8146,3.4965
15.4884,0.8197,3.5246
15.4886,0.7041,3.0304
15.4888,0.7154,3.0761
15.4890,0.7387,3.1766
15.4892,0.6802,2.9277
15.4894,0.6578,2.8352
15.4896,0.6288,2.7051
15.4898,0.6215,2.6748
15.4900,0.581,2.4992
15.4902,0.6357,2.7375
15.4904,0.6752,2.9114
15.4906,0.5423,2.3386
15.4908,0.4824,2.0781
15.4910,0.5668,2.4406
15.4912,0.5838,2.514
15.4914,0.6097,2.6182
15.4916,0.7425,3.1911
15.4918,0.7489,3.2219
15.4920,0.7391,3.1796
15.4922,0.7336,3.1544
15.4924,0.7319,3.1487
15.4926,0.7312,3.1427
15.4928,0.7073,3.0429
15.4930,0.6753,2.9025
15.4932,0.7408,3.1839
15.4934,0.7186,3.09
15.4936,0.7728,3.32
15.4938,0.8341,3.5815
15.4940,0.8286,3.5578
15.4942,0.7685,3.3014
15.4944,0.7346,3.1571
15.4946,0.7903,3.3904
15.4948,0.8101,3.4785
15.4950,0.8449,3.6279
15.4952,0.8506,3.6509
15.4954,0.8446,3.6268
15.4956,0.8739,3.7507
15.4958,0.8307,3.5721
15.4960,0.7952,3.4099
15.4962,0.8776,3.7649
15.4964,0.8746,3.752
15.4966,0.8712,3.7464
15.4968,0.8064,3.4658
15.4970,0.7837,3.37
15.4972,0.7097,3.0533
15.4974,0.7007,3.0118
15.4976,0.7945,3.4116
15.4978,0.8049,3.458
15.4980,0.7781,3.3473
15.4982,0.6949,2.9879
15.4984,0.7311,3.1407
15.4986,0.7852,3.3746
15.4988,0.8028,3.4487
15.4990,0.8489,3.6437
15.4992,0.8064,3.469
15.4994,0.7205,3.0954
15.4996,0.7871,3.3797
15.4998,0.8525,3.6642
15.5000,0.7919,3.4082
15.5002,0.6926,2.9823
15.5004,0.6776,2.9191
15.5006,0.6657,2.8639
15.5008,0.7097,3.0504
15.5010,0.7076,3.0468
15.5012,0.5856,2.5252
15.5014,0.5764,2.4854
15.5016,0.5836,2.5129
15.5018,0.6513,2.8034
15.5020,0.6997,3.0127
15.5022,0.6674,2.8712
15.5024,0.6531,2.8098
15.5026,0.6921,2.9774
15.5028,0.6843,2.9466
15.5030,0.6284,2.7098
15.5032,0.5831,2.5144
15.5034,0.581,2.5039
15.5036,0.5458,2.3547
15.5038,0.4992,2.1544
15.5040,0.4845,2.0903
15.5042,0.5492,2.3626
15.5044,0.6909,2.9723
15.5046,0.6185,2.6669
15.5048,0.5523,2.3826
15.5050,0.5353,2.307
15.5052,0.532,2.2952
15.5054,0.5288,2.2823
15.5056,0.5293,2.2812
15.5058,0.5319,2.2936
15.5060,0.5311,2.291
15.5062,0.5309,2.2884
15.5064,0.5512,2.3746
15.5066,0.5724,2.4672
15.5068,0.5697,2.4576
15.5070,0.5344,2.3044
15.5072,0.5284,2.2786
15.5074,0.5277,2.2744
15.5076,0.6036,2.598
15.5078,0.5871,2.5291
15.5080,0.5323,2.2951
15.5082,0.5292,2.2828
15.5084,0.5246,2.2631
15.5086,0.5455,2.3487
15.5088,0.6112,2.6305
15.5090,0.6585,2.8317
15.5092,0.6729,2.8949
15.5094,0.6504,2.7953
15.5096,0.6939,2.9852
15.5098,0.6011,2.5931
15.5100,0.5373,2.3169
15.5102,0.5782,2.4897
15.5104,0.6167,2.6567
15.5106,0.5456,2.3525
15.5108,0.5639,2.4271
15.5110,0.6372,2.7425
15.5112,0.5554,2.3927
15.5114,0.5289,2.2796
15.5116,0.5708,2.4611
15.5118,0.5842,2.5155
15.5120,0.5959,2.5673
15.5122,0.554,2.3887
15.5124,0.4897,2.1135
15.5126,0.4487,1.9375
15.5128,0.4559,1.9676
15.5130,0.4516,1.9481
15.5132,0.4416,1.9069
15.5134,0.4303,1.8591
15.5136,0.432,1.8646
15.5138,0.4403,1.8994
15.5140,0.438,1.8905
15.5142,0.4306,1.8584
15.5144,0.432,1.8646
15.5146,0.439,1.8938
15.5148,0.4564,1.9679
15.5150,0.5122,2.2057
15.5152,0.5217,2.2476
15.5154,0.5431,2.3406
15.5156,0.5108,2.2036
15.5158,0.5036,2.1696
15.5160,0.5288,2.2738
15.5162,0.5931,2.5525
15.5164,0.5935,2.557
15.5166,0.6184,2.6614
15.5168,0.6835,2.9389
15.5170,0.6874,2.9601
15.5172,0.6636,2.8547
15.5174,0.6369,2.7389
15.5176,0.6706,2.8838
15.5178,0.6727,2.8925
15.5180,0.7082,3.0437
15.5182,0.7152,3.0727
15.5184,0.7278,3.1297
15.5186,0.7392,3.1757
15.5188,0.7694,3.304
15.5190,0.7796,3.3478
15.5192,0.7601,3.2608
15.5194,0.819,3.5117
15.5196,0.8295,3.5553
15.5198,0.8439,3.6237
15.5200,0.8343,3.5809
15.5202,0.8503,3.6476
15.5204,0.8627,3.7063
15.5206,0.7953,3.4184
15.5208,0.8148,3.4905
15.5210,0.9287,3.9766
15.5212,0.9596,4.1091
15.5214,1.0088,4.3156
15.5216,1.0692,4.5741
15.5218,1.0717,4.5892
15.5220,1.0576,4.5265
15.5222,1.0422,4.4628
15.5224,1.0424,4.4592
15.5226,1.0783,4.6195
15.5228,0.9642,4.1344
15.5230,0.9155,3.9256
15.5232,0.9022,3.8704
15.5234,0.9121,3.9131
15.5236,0.9045,3.8819
15.5238,0.8795,3.7784
15.5240,0.872,3.7425
15.5242,0.9073,3.8889
15.5244,0.9133,3.92
15.5246,0.9163,3.9311
15.5248,0.9651,4.1366
15.5250,0.9521,4.0786
15.5252,0.9615,4.1308
15.5254,0.8818,3.7829
15.5256,0.9179,3.9322
15.5258,0.9468,4.0655
15.5260,0.8,3.4417
15.5262,0.748,3.2193
15.5264,0.7091,3.0549
15.5266,0.6812,2.9291
15.5268,0.7896,3.3952
15.5270,0.77,3.3127
15.5272,0.7407,3.1834
15.5274,0.7483,3.2179
15.5276,0.7962,3.4284
15.5278,0.7266,3.1289
15.5280,0.6886,2.9639
15.5282,0.6976,3.0026
15.5284,0.7456,3.2075
15.5286,0.7488,3.2259
15.5288,0.6704,2.8841
15.5290,0.6741,2.9028
15.5292,0.6764,2.9139
15.5294,0.7176,3.0873
15.5296,0.7298,3.1409
15.5298,0.6621,2.8524
15.5300,0.6012,2.5924
15.5302,0.618,2.6586
15.5304,0.6254,2.6931
15.5306,0.6504,2.8005
15.5308,0.6849,2.9465
15.5310,0.6933,2.9881
15.5312,0.5956,2.5693
15.5314,0.5877,2.534
15.5316,0.5956,2.5646
15.5318,0.6053,2.6064
15.5320,0.6174,2.6585
15.5322,0.581,2.5062
15.5324,0.5286,2.2823
15.5326,0.5561,2.3969
15.5328,0.6492,2.7915
15.5330,0.6581,2.8309
15.5332,0.6896,2.9666
15.5334,0.6571,2.8307
15.5336,0.6553,2.8204
15.5338,0.6661,2.8682
15.5340,0.6533,2.8116
15.5342,0.6845,2.949
15.5344,0.6722,2.8918
15.5346,0.7413,3.186
15.5348,0.8155,3.4984
15.5350,0.9067,3.8881
15.5352,0.8867,3.8111
15.5354,0.7613,3.2751
15.5356,0.7503,3.2276
15.5358,0.7551,3.2422
15.5360,0.8336,3.5778
15.5362,0.8205,3.5283
15.5364,0.7964,3.4246
15.5366,0.7415,3.1855
15.5368,0.7818,3.3602
15.5370,0.7378,3.1754
15.5372,0.7292,3.1368
15.5374,0.729,3.1349
15.5376,0.7539,3.2416
15.5378,0.7637,3.2823
15.5380,0.8022,3.4478
15.5382,0.8179,3.5169
15.5384,0.7997,3.4401
15.5386,0.719,3.0987
15.5388,0.5762,2.4855
15.5390,0.5902,2.546
15.5392,0.5303,2.29
15.5394,0.4832,2.0837
15.5396,0.5413,2.3382
15.5398,0.4821,2.0809
15.5400,0.4662,2.013
15.5402,0.4685,2.0229
15.5404,0.4732,2.044
15.5406,0.4687,2.0249
15.5408,0.4662,2.0112
15.5410,0.4735,2.0427
15.5412,0.5296,2.2848
15.5414,0.5661,2.4409
15.5416,0.5649,2.4335
15.5418,0.607,2.6124
15.5420,0.6059,2.6078
15.5422,0.625,2.6936
15.5424,0.6343,2.7339
15.5426,0.6224,2.6815
15.5428,0.5945,2.5611
15.5430,0.6064,2.611
15.5432,0.6961,2.9917
15.5434,0.7337,3.155
15.5436,0.6456,2.7786
15.5438,0.6525,2.8085
15.5440,0.6727,2.8952
15.5442,0.6874,2.9614
15.5444,0.6146,2.6479
15.5446,0.621,2.674
15.5448,0.598,2.5749
15.5450,0.5947,2.5633
15.5452,0.6083,2.6193
15.5454,0.6679,2.8772
15.5456,0.6421,2.7623
15.5458,0.6786,2.9205
15.5460,0.689,2.9668
15.5462,0.653,2.8171
15.5464,0.5149,2.2222
15.5466,0.4935,2.1281
15.5468,0.5107,2.2011
15.5470,0.5561,2.4003
15.5472,0.4916,2.1218
15.5474,0.4817,2.0789
15.5476,0.4809,2.0748
15.5478,0.4851,2.0929
15.5480,0.4829,2.0831
15.5482,0.4823,2.0805
15.5484,0.4814,2.075
15.5486,0.5076,2.1876
15.5488,0.5597,2.4147
15.5490,0.5351,2.3065
15.5492,0.5583,2.404
15.5494,0.5923,2.5494
15.5496,0.6063,2.6105
15.5498,0.5899,2.5415
15.5500,0.4987,2.1504
15.5502,0.4784,2.0639
15.5504,0.5022,2.1644
15.5506,0.5258,2.2672
15.5508,0.5871,2.5291
15.5510,0.5781,2.4903
15.5512,0.5669,2.44
15.5514,0.6015,2.5887
15.5516,0.6914,2.9702
15.5518,0.7353,3.1617
15.5520,0.7467,3.2077
15.5522,0.8013,3.4394
15.5524,0.8642,3.7073
15.5526,0.8908,3.8197
15.5528,0.8696,3.7339
15.5530,0.8497,3.64
15.5532,0.9777,4.1866
15.5534,1.0163,4.3499
15.5536,0.9896,4.2454
15.5538,0.9735,4.1725
15.5540,0.9793,4.1992
15.5542,0.9555,4.0935
15.5544,1.0191,4.3678
15.5546,1.0799,4.6133
15.5548,1.1099,4.7435
15.5550,1.1234,4.8082
15.5552,1.0643,4.5637
15.5554,0.9697,4.1638
15.5556,0.9059,3.8899
15.5558,0.8483,3.6428
15.5560,0.8035,3.4518
15.5562,0.8167,3.5101
15.5564,0.7545,3.2411
15.5566,0.7413,3.1889
15.5568,0.7786,3.3478
15.5570,0.7826,3.3653
15.5572,0.776,3.3339
15.5574,0.7781,3.3457
15.5576,0.7563,3.2489
15.5578,0.7706,3.3138
15.5580,0.7771,3.3401
15.5582,0.801,3.4394
15.5584,0.8432,3.624
15.5586,0.8642,3.7108
15.5588,0.9162,3.936
15.5590,0.7982,3.4292
15.5592,0.791,3.3983
15.5594,0.7983,3.4281
15.5596,0.7927,3.4102
15.5598,0.7301,3.1439
15.5600,0.7324,3.1522
15.5602,0.7431,3.1937
15.5604,0.7786,3.3462
15.5606,0.7727,3.3241
15.5608,0.7308,3.144
15.5610,0.7292,3.1325
15.5612,0.837,3.5972
15.5614,0.7686,3.3096
15.5616,0.7127,3.069
15.5618,0.7091,3.0493
15.5620,0.7644,3.2854
15.5622,0.7631,3.2859
15.5624,0.7346,3.1615
15.5626,0.678,2.9166
15.5628,0.6712,2.8917
15.5630,0.5999,2.5856
15.5632,0.5862,2.5278
15.5634,0.5874,2.5342
15.5636,0.5801,2.5003
15.5638,0.629,2.7074
15.5640,0.6855,2.9491
15.5642,0.6837,2.9441
15.5644,0.6893,2.9683
15.5646,0.6473,2.7923
15.5648,0.5684,2.4508
15.5650,0.5884,2.5359
15.5652,0.6084,2.6198
15.5654,0.6422,2.7641
15.5656,0.6777,2.9169
15.5658,0.6989,3.0068
15.5660,0.6909,2.9709
15.5662,0.6903,2.9711
15.5664,0.709,3.053
15.5666,0.7004,3.0158
15.5668,0.6891,2.9618
15.5670,0.7738,3.3225
15.5672,0.9141,3.9195
15.5674,0.9287,3.984
15.5676,0.8988,3.8613
15.5678,0.8245,3.5535
15.5680,0.6305,2.7211
15.5682,0.5746,2.4765
15.5684,0.615,2.6507
15.5686,0.6196,2.6691
15.5688,0.6113,2.6322
15.5690,0.6235,2.6836
15.5692,0.6296,2.7137
15.5694,0.6209,2.676
15.5696,0.6247,2.6913
15.5698,0.6468,2.7863
15.5700,0.6134,2.6427
15.5702,0.6453,2.7763
15.5704,0.7057,3.0385
15.5706,0.63,2.714
15.5708,0.5953,2.5647
15.5710,0.6234,2.6843
15.5712,0.6667,2.8734
15.5714,0.6423,2.7698
15.5716,0.5661,2.4409
15.5718,0.5409,2.3334
15.5720,0.5483,2.3655
15.5722,0.5574,2.4026
15.5724,0.5576,2.4009
15.5726,0.5854,2.5242
15.5728,0.5429,2.3422
15.5730,0.5535,2.3855
15.5732,0.5808,2.5022
15.5734,0.5583,2.4062
15.5736,0.5614,2.4208
15.5738,0.5367,2.3121
15.5740,0.536,2.3101
15.5742,0.5584,2.4079
15.5744,0.6215,2.6761
15.5746,0.642,2.7618
15.5748,0.6383,2.7484
15.5750,0.6684,2.8753
15.5752,0.6753,2.9039
15.5754,0.7329,3.1514
15.5756,0.7787,3.3483
15.5758,0.7636,3.2818
15.5760,0.832,3.5711
15.5762,0.9129,3.9107
15.5764,1.0153,4.3493
15.5766,0.9825,4.215
15.5768,0.9132,3.9086
15.5770,1.0338,4.4248
15.5772,1.0199,4.3714
15.5774,0.9469,4.0565
15.5776,0.9552,4.1015
15.5778,0.8422,3.6199
15.5780,0.8455,3.6338
15.5782,0.8111,3.4908
15.5784,0.6678,2.8754
15.5786,0.6325,2.7249
15.5788,0.6289,2.7081
15.5790,0.6295,2.7094
15.5792,0.6961,2.9931
15.5794,0.7271,3.1324
15.5796,0.6937,2.9883
15.5798,0.6728,2.8944
15.5800,0.6416,2.7654
15.5802,0.6305,2.7161
15.5804,0.6316,2.7157
15.5806,0.7091,3.0535
15.5808,0.7422,3.1931
15.5810,0.7554,3.2513
15.5812,0.6903,2.9683
15.5814,0.7075,3.0491
15.5816,0.6322,2.7246
15.5818,0.5831,2.512
15.5820,0.5981,2.5766
15.5822,0.598,2.5761
15.5824,0.6398,2.7576
15.5826,0.6181,2.6653
15.5828,0.5923,2.553
15.5830,0.6192,2.6688
15.5832,0.6018,2.5926
15.5834,0.5624,2.4238
15.5836,0.5672,2.4411
15.5838,0.6257,2.6967
15.5840,0.5944,2.563
15.5842,0.5705,2.4578
15.5844,0.648,2.7863
15.5846,0.7049,3.0312
15.5848,0.7163,3.0816
15.5850,0.7262,3.1181
15.5852,0.7807,3.3524
15.5854,0.8278,3.5547
15.5856,0.9143,3.9223
15.5858,0.9394,4.0261
15.5860,0.9495,4.0716
15.5862,0.976,4.1833
15.5864,0.989,4.2369
15.5866,0.9699,4.1552
15.5868,0.9898,4.2404
15.5870,0.9578,4.109
15.5872,0.9955,4.2606
15.5874,1.136,4.8553
15.5876,1.1437,4.8949
15.5878,1.0946,4.6916
15.5880,1.0582,4.5354
15.5882,0.9842,4.2222
15.5884,0.8567,3.6874
15.5886,0.6881,2.9645
15.5888,0.722,3.1073
15.5890,0.7325,3.1498
15.5892,0.7283,3.1347
15.5894,0.7136,3.0683
15.5896,0.7832,3.3648
15.5898,0.8256,3.5532
15.5900,0.6694,2.884
15.5902,0.6039,2.6026
15.5904,0.6369,2.7452
15.5906,0.6519,2.8098
15.5908,0.6019,2.5955
15.5910,0.608,2.6219
15.5912,0.6241,2.6862
15.5914,0.6748,2.9072
15.5916,0.6011,2.5895
15.5918,0.6299,2.7135
15.5920,0.6263,2.7005
15.5922,0.6176,2.6608
15.5924,0.6205,2.6744
15.5926,0.6018,2.5926
15.5928,0.6573,2.8278
15.5930,0.7109,3.0613
15.5932,0.7172,3.0881
15.5934,0.7155,3.0837
15.5936,0.6247,2.6913
15.5938,0.6831,2.9401
15.5940,0.7184,3.0918
15.5942,0.694,2.9871
15.5944,0.6355,2.7403
15.5946,0.5753,2.4785
15.5948,0.5993,2.583
15.5950,0.6281,2.7045
15.5952,0.6742,2.9019
15.5954,0.6915,2.9762
15.5956,0.6842,2.9475
15.5958,0.692,2.9797
15.5960,0.6835,2.9458
15.5962,0.6166,2.6562
15.5964,0.5993,2.5806
15.5966,0.6281,2.7045
15.5968,0.6655,2.8669
15.5970,0.6257,2.6967
15.5972,0.6252,2.6908
15.5974,0.6733,2.9005
15.5976,0.6391,2.752
15.5978,0.6989,3.0068
15.5980,0.7652,3.2875
15.5982,0.7392,3.1861
15.5984,0.6079,2.6226
15.5986,0.5375,2.32
15.5988,0.5252,2.2657
15.5990,0.5263,2.2714
15.5992,0.5058,2.1819
15.5994,0.5076,2.1907
15.5996,0.5017,2.1643
15.5998,0.539,2.3209
15.6000,0.6331,2.7274
15.6002,0.6467,2.791
15.6004,0.518,2.2346
15.6006,0.4703,2.0297
15.6008,0.504,2.1751
15.6010,0.5359,2.3085
15.6012,0.5622,2.4233
15.6014,0.5515,2.3779
15.6016,0.5354,2.3097
15.6018,0.5396,2.3288
15.6020,0.4911,2.1198
15.6022,0.4397,1.9004
15.6024,0.4471,1.9316
15.6026,0.4669,2.0134
15.6028,0.5196,2.2393
15.6030,0.5493,2.3664
15.6032,0.5631,2.4258
15.6034,0.5698,2.457
15.6036,0.5676,2.4454
15.6038,0.5768,2.4847
15.6040,0.5691,2.4539
15.6042,0.548,2.3629
15.6044,0.5636,2.4312
15.6046,0.5143,2.2186
15.6048,0.4542,1.9585
15.6050,0.4471,1.9298
15.6052,0.4494,1.9397
15.6054,0.447,1.9302
15.6056,0.4445,1.9202
15.6058,0.4477,1.9324
15.6060,0.4462,1.9248
15.6062,0.4458,1.9241
15.6064,0.4452,1.9207
15.6066,0.4509,1.9432
15.6068,0.5031,2.1695
15.6070,0.4741,2.0482
15.6072,0.4531,1.9566
15.6074,0.45,1.9413
15.6076,0.4962,2.1365
15.6078,0.5073,2.1886
15.6080,0.5306,2.2847
15.6082,0.5913,2.546
15.6084,0.5879,2.5292
15.6086,0.5702,2.4562
15.6088,0.5564,2.3957
15.6090,0.558,2.4052
15.6092,0.472,2.0379
15.6094,0.4537,1.9583
15.6096,0.4493,1.9382
15.6098,0.4608,1.9842
15.6100,0.5335,2.3014
15.6102,0.4655,2.009
15.6104,0.4476,1.9301
15.6106,0.4509,1.9468
15.6108,0.4567,1.9712
15.6110,0.4572,1.9724
15.6112,0.424,1.8291
15.6114,0.4176,1.8025
15.6116,0.4032,1.7404
15.6118,0.4445,1.9149
15.6120,0.4817,2.075
15.6122,0.5132,2.2109
15.6124,0.4847,2.0908
15.6126,0.5007,2.1552
15.6128,0.6134,2.6403
15.6130,0.5525,2.3792
15.6132,0.5613,2.4158
15.6134,0.621,2.6715
15.6136,0.6049,2.6036
15.6138,0.5517,2.3701
15.6140,0.6381,2.7428
15.6142,0.6564,2.8277
15.6144,0.5851,2.5196
15.6146,0.5763,2.4814
15.6148,0.606,2.6083
15.6150,0.6363,2.7388
15.6152,0.5801,2.4991
15.6154,0.5104,2.198
15.6156,0.5009,2.1587
15.6158,0.5091,2.1943
15.6160,0.5049,2.1773
15.6162,0.4855,2.0916
15.6164,0.4951,2.1339
15.6166,0.5405,2.3265
15.6168,0.618,2.6562
15.6170,0.6675,2.8663
15.6172,0.7244,3.1118
15.6174,0.7139,3.0685
15.6176,0.7246,3.1114
15.6178,0.7824,3.3565
15.6180,0.8337,3.5783
15.6182,0.8316,3.5674
15.6184,0.8317,3.5696
15.6186,0.8362,3.5874
15.6188,0.8848,3.7887
15.6190,0.9453,4.0461
15.6192,0.969,4.1569
15.6194,0.9228,3.9533
15.6196,1.0138,4.3371
15.6198,1.0395,4.4448
15.6200,1.0819,4.6263
15.6202,1.1101,4.7468
15.6204,1.1004,4.7031
15.6206,1.1185,4.7737
15.6208,1.1521,4.9401
15.6210,0.9229,3.9594
15.6212,0.8965,3.8444
15.6214,0.9334,3.9948
15.6216,0.9953,4.2601
15.6218,1.0156,4.3509
15.6220,1.0069,4.3134
15.6222,0.9619,4.1285
15.6224,0.9256,3.9744
15.6226,0.8795,3.7767
15.6228,0.8105,3.4801
15.6230,0.8095,3.476
15.6232,0.7989,3.4275
15.6234,0.925,3.9607
15.6236,1.0336,4.4238
15.6238,1.0458,4.4866
15.6240,0.8944,3.8441
15.6242,0.8105,3.4849
15.6244,0.7299,3.1385
15.6246,0.7,3.0115
15.6248,0.683,2.9369
15.6250,0.7605,3.2669
15.6252,0.8686,3.7333
15.6254,0.7581,3.2596
15.6256,0.7819,3.356
15.6258,0.8244,3.5415
15.6260,0.8473,3.6382
15.6262,0.8463,3.6374
15.6264,0.7626,3.2777
15.6266,0.7816,3.3544
15.6268,0.8475,3.6392
15.6270,0.8443,3.627
15.6272,0.8438,3.6232
15.6274,0.8114,3.4891
15.6276,0.7678,3.2983
15.6278,0.8404,3.6105
15.6280,0.7928,3.4092
15.6282,0.8067,3.4641
15.6284,0.8447,3.6256
15.6286,0.8001,3.4422
15.6288,0.7341,3.1609
15.6290,0.701,3.0156
15.6292,0.7281,3.1307
15.6294,0.7926,3.4113
15.6296,0.7302,3.1429
15.6298,0.6977,3.0017
15.6300,0.7137,3.0703
15.6302,0.7576,3.2591
15.6304,0.7324,3.1522
15.6306,0.7058,3.0391
15.6308,0.6765,2.9131
15.6310,0.6897,2.9685
15.6312,0.7048,3.0363
15.6314,0.6331,2.7249
15.6316,0.6702,2.8844
15.6318,0.6808,2.933
15.6320,0.7154,3.0775
15.6322,0.7305,3.141
15.6324,0.7631,3.2843
15.6326,0.7425,3.1926
15.6328,0.7515,3.2313
15.6330,0.7771,3.3385
15.6332,0.8841,3.7874
15.6334,0.9716,4.1643
15.6336,0.9811,4.2108
15.6338,0.9148,3.9244
15.6340,0.868,3.7272
15.6342,0.8126,3.4894
15.6344,0.8059,3.4637
15.6346,0.822,3.5312
15.6348,0.8784,3.7738
15.6350,0.8614,3.7041
15.6352,0.8376,3.5964
15.6354,0.8877,3.8134
15.6356,0.8259,3.5531
15.6358,0.7939,3.4122
15.6360,0.784,3.3647
15.6362,0.8392,3.6037
15.6364,0.885,3.8003
15.6366,0.9352,4.0099
15.6368,0.9826,4.2136
15.6370,0.9461,4.0681
15.6372,0.7826,3.3653
15.6374,0.7519,3.2393
15.6376,0.6537,2.8111
15.6378,0.7235,3.1184
15.6380,0.6552,2.8264
15.6382,0.6284,2.7098
15.6384,0.5643,2.4343
15.6386,0.5619,2.424
15.6388,0.5545,2.393
15.6390,0.5452,2.3521
15.6392,0.5457,2.353
15.6394,0.5474,2.3581
15.6396,0.5905,2.5464
15.6398,0.6896,2.9666
15.6400,0.7503,3.2321
15.6402,0.6066,2.6133
15.6404,0.5921,2.5496
15.6406,0.6444,2.7773
15.6408,0.5851,2.5232
15.6410,0.565,2.434
15.6412,0.6453,2.7763
15.6414,0.692,2.9783
15.6416,0.692,2.9783
15.6418,0.7238,3.1107
15.6420,0.8549,3.666
15.6422,0.879,3.7764
15.6424,0.7922,3.4097
15.6426,0.7061,3.0364
15.6428,0.7843,3.371
15.6430,0.7932,3.4059
15.6432,0.841,3.6131
15.6434,0.8431,3.6218
15.6436,0.8456,3.6259
15.6438,0.8605,3.6982
15.6440,0.7823,3.3685
15.6442,0.7566,3.2504
15.6444,0.8079,3.4741
15.6446,0.7787,3.3468
15.6448,0.7614,3.2817
15.6450,0.6463,2.7843
15.6452,0.6301,2.7158
15.6454,0.621,2.6753
15.6456,0.5851,2.5255
15.6458,0.5398,2.3288
15.6460,0.5324,2.2978
15.6462,0.527,2.2734
15.6464,0.5554,2.3916
15.6466,0.6982,3.0093
15.6468,0.5645,2.4342
15.6470,0.5242,2.2626
15.6472,0.5229,2.2559
15.6474,0.5203,2.2424
15.6476,0.5288,2.2801
15.6478,0.5262,2.2677
15.6480,0.6184,2.6664
15.6482,0.6247,2.69
15.6484,0.6487,2.7933
15.6486,0.6223,2.6834
15.6488,0.5958,2.5704
15.6490,0.5456,2.3536
15.6492,0.5312,2.2894
15.6494,0.5896,2.5423
15.6496,0.6094,2.6264
15.6498,0.6258,2.6947
15.6500,0.6595,2.8384
15.6502,0.6921,2.9774
15.6504,0.725,3.1188
15.6506,0.7395,3.1738
15.6508,0.8366,3.594
15.6510,0.8462,3.6318
15.6512,0.866,3.7219
15.6514,0.8744,3.7493
15.6516,0.9627,4.1244
15.6518,1.0011,4.2867
15.6520,1.0915,4.6695
15.6522,1.0946,4.6894
15.6524,1.0245,4.391
15.6526,1.0418,4.4629
15.6528,1.0852,4.6467
15.6530,1.1402,4.88
15.6532,1.1402,4.8755
15.6534,1.121,4.7979
15.6536,1.2457,5.3192
15.6538,1.2972,5.5415
15.6540,1.2763,5.46
15.6542,1.248,5.3389
15.6544,1.2275,5.2463
15.6546,1.1997,5.1394
15.6548,1.0844,4.6501
15.6550,0.9997,4.2826
15.6552,1.0067,4.3149
15.6554,1.0208,4.373
15.6556,1.0203,4.3811
15.6558,0.9541,4.0969
15.6560,0.9835,4.2132
15.6562,1.1003,4.7136
15.6564,1.0383,4.4584
15.6566,0.9224,3.9573
15.6568,0.9597,4.1173
15.6570,0.9886,4.2432
15.6572,0.9669,4.152
15.6574,0.9003,3.8729
15.6576,0.8112,3.4913
15.6578,0.7852,3.3777
15.6580,0.7962,3.4268
15.6582,0.7759,3.3396
15.6584,0.7627,3.2843
15.6586,0.7642,3.2951
15.6588,0.6438,2.776
15.6590,0.6391,2.7545
15.6592,0.6693,2.8875
15.6594,0.644,2.777
15.6596,0.6325,2.7274
15.6598,0.6134,2.6439
15.6600,0.6363,2.7439
15.6602,0.6173,2.663
15.6604,0.638,2.7524
15.6606,0.6432,2.7747
15.6608,0.6028,2.598
15.6610,0.6122,2.6388
15.6612,0.6757,2.9122
15.6614,0.6971,3.0005
15.6616,0.7003,3.0181
15.6618,0.6317,2.7263
15.6620,0.6098,2.6309
15.6622,0.6302,2.7163
15.6624,0.6242,2.693
15.6626,0.6229,2.686
15.6628,0.6488,2.7951
15.6630,0.6892,2.9664
15.6632,0.7144,3.0762
15.6634,0.7018,3.0248
15.6636,0.6784,2.9227
15.6638,0.6515,2.8065
15.6640,0.6616,2.8557
15.6642,0.5806,2.5058
15.6644,0.5444,2.3474
15.6646,0.6009,2.5873
15.6648,0.6619,2.8527
15.6650,0.6396,2.7553
15.6652,0.6361,2.7467
15.6654,0.5637,2.4351
15.6656,0.5488,2.3698
15.6658,0.5481,2.3634
15.6660,0.7817,3.3612
15.6662,0.7859,3.3792
15.6664,0.7642,3.2905
15.6666,0.7101,3.0605
15.6668,0.6764,2.9153
15.6670,0.6082,2.62
15.6672,0.6238,2.6909
15.6674,0.5854,2.5265
15.6676,0.5854,2.5242
15.6678,0.609,2.6224
15.6680,0.6039,2.6014
15.6682,0.6043,2.6059
15.6684,0.6218,2.6801
15.6686,0.6333,2.7297
15.6688,0.5788,2.4958
15.6690,0.5772,2.4902
15.6692,0.5815,2.5088
15.6694,0.5838,2.5175
15.6696,0.5723,2.4655
15.6698,0.598,2.5809
15.6700,0.4866,2.102
15.6702,0.4748,2.0513
15.6704,0.4844,2.0927
15.6706,0.4898,2.1141
15.6708,0.4742,2.0477
15.6710,0.5211,2.2471
15.6712,0.5782,2.4932
15.6714,0.5812,2.5061
15.6716,0.5133,2.2145
15.6718,0.4751,2.0523
15.6720,0.4687,2.0258
15.6722,0.4655,2.009
15.6724,0.4796,2.0691
15.6726,0.4859,2.098
15.6728,0.479,2.0665
15.6730,0.5262,2.2667
15.6732,0.5533,2.3867
15.6734,0.5235,2.2595
15.6736,0.5403,2.3265
15.6738,0.6401,2.7536
15.6740,0.6784,2.9241
15.6742,0.6276,2.7012
15.6744,0.7168,3.0794
15.6746,0.792,3.4024
15.6748,0.7849,3.3704
15.6750,0.8169,3.5063
15.6752,0.8224,3.5349
15.6754,0.8204,3.5261
15.6756,0.8194,3.522
15.6758,0.7341,3.1609
15.6760,0.6813,2.9337
15.6762,0.6867,2.957
15.6764,0.7119,3.0611
15.6766,0.7399,3.1833
15.6768,0.6998,3.0118
15.6770,0.7585,3.2617
15.6772,0.801,3.4426
15.6774,0.7595,3.2643
15.6776,0.7572,3.2575
15.6778,0.6896,2.9694
15.6780,0.6381,2.7479
15.6782,0.6488,2.7925
15.6784,0.6787,2.9251
15.6786,0.6873,2.9609
15.6788,0.6583,2.8346
15.6790,0.6378,2.7476
15.6792,0.6013,2.5942
15.6794,0.5375,2.3179
15.6796,0.5321,2.2946
15.6798,0.5326,2.2967
15.6800,0.5296,2.2848
15.6802,0.5307,2.2895
15.6804,0.5331,2.2998
15.6806,0.5367,2.3143
15.6808,0.5362,2.309
15.6810,0.6536,2.8105
15.6812,0.7356,3.1676
15.6814,0.6601,2.841
15.6816,0.6384,2.7527
15.6818,0.5615,2.4247
15.6820,0.5079,2.1902
15.6822,0.5067,2.186
15.6824,0.5265,2.2682
15.6826,0.5815,2.5053
15.6828,0.6131,2.6412
15.6830,0.6403,2.7533
15.6832,0.6694,2.8773
15.6834,0.7401,3.1793
15.6836,0.8534,3.6661
15.6838,0.8426,3.6147
15.6840,0.868,3.729
15.6842,0.8133,3.4941
15.6844,0.7786,3.3447
15.6846,0.7813,3.355
15.6848,0.8407,3.6082
15.6850,0.9015,3.8655
15.6852,0.9913,4.2446
15.6854,1.0233,4.3838
15.6856,0.9856,4.2244
15.6858,0.973,4.1666
15.6860,1.0082,4.317
15.6862,1.0486,4.488
15.6864,1.0852,4.6423
15.6866,1.0976,4.7023
15.6868,1.0787,4.6103
15.6870,1.1681,4.9973
15.6872,1.0861,4.6529
15.6874,1.041,4.464
15.6876,0.9511,4.0859
15.6878,0.8326,3.582
15.6880,0.7899,3.3968
15.6882,0.7691,3.3071
15.6884,0.8161,3.5043
15.6886,0.835,3.5906
15.6888,0.825,3.5457
15.6890,0.8158,3.5065
15.6892,0.7741,3.3272
15.6894,0.7759,3.3365
15.6896,0.789,3.3974
15.6898,0.7451,3.2069
15.6900,0.7491,3.221
15.6902,0.7452,3.203
15.6904,0.7668,3.2957
15.6906,0.8602,3.6886
15.6908,0.9565,4.111
15.6910,0.81,3.4813
15.6912,0.7964,3.4262
15.6914,0.78,3.3555
15.6916,0.7878,3.3859
15.6918,0.7794,3.3545
15.6920,0.7172,3.0881
15.6922,0.6944,2.9872
15.6924,0.7203,3.1015
15.6926,0.7007,3.023
15.6928,0.6094,2.6252
15.6930,0.6736,2.9007
15.6932,0.7184,3.0947
15.6934,0.6968,3.0031
15.6936,0.6726,2.892
15.6938,0.7331,3.1524
15.6940,0.7715,3.3143
15.6942,0.807,3.4732
15.6944,0.7606,3.275
15.6946,0.7323,3.1517
15.6948,0.7395,3.1827
15.6950,0.7455,3.2085
15.6952,0.6741,2.9054
15.6954,0.6005,2.5893
15.6956,0.5947,2.5645
15.6958,0.6366,2.7399
15.6960,0.7058,3.0377
15.6962,0.7518,3.2358
15.6964,0.7981,3.4302
15.6966,0.8218,3.5257
15.6968,0.8895,3.8212
15.6970,0.8498,3.6524
15.6972,0.7796,3.354
15.6974,0.76,3.2664
15.6976,0.8235,3.5411
15.6978,0.7482,3.2263
15.6980,0.6252,2.6971
15.6982,0.6108,2.6314
15.6984,0.6319,2.7223
15.6986,0.6259,2.6964
15.6988,0.6626,2.8492
15.6990,0.7822,3.3617
15.6992,0.7909,3.4025
15.6994,0.7523,3.2349
15.6996,0.8162,3.5048
15.6998,0.8744,3.758
15.7000,0.7788,3.3551
15.7002,0.7109,3.0598
15.7004,0.7125,3.0651
15.7006,0.7043,3.0357
15.7008,0.6373,2.7493
15.7010,0.6233,2.6851
15.7012,0.7078,3.0422
15.7014,0.7882,3.3922
15.7016,0.7642,3.2875
15.7018,0.731,3.1475
15.7020,0.6878,2.9602
15.7022,0.6863,2.9568
15.7024,0.6862,2.9522
15.7026,0.7465,3.2071
15.7028,0.871,3.7401
15.7030,0.8867,3.8146
15.7032,0.8042,3.4565
15.7034,0.7404,3.1912
15.7036,0.5922,2.5513
15.7038,0.5857,2.5246
15.7040,0.5825,2.5118
15.7042,0.575,2.4804
15.7044,0.58,2.5009
15.7046,0.5817,2.507
15.7048,0.5788,2.4958
15.7050,0.5727,2.4705
15.7052,0.5741,2.4744
15.7054,0.5775,2.4912
15.7056,0.565,2.4386
15.7058,0.5622,2.4266
15.7060,0.5626,2.4271
15.7062,0.6112,2.6244
15.7064,0.8091,3.4744
15.7066,0.7753,3.3416
15.7068,0.5914,2.5489
15.7070,0.5808,2.5034
15.7072,0.5777,2.4934
15.7074,0.5862,2.529
15.7076,0.5778,2.4893
15.7078,0.6687,2.8782
15.7080,0.7073,3.0458
15.7082,0.7531,3.234
15.7084,0.815,3.5062
15.7086,0.7021,3.0231
15.7088,0.6729,2.8976
15.7090,0.6692,2.8802
15.7092,0.7214,3.1047
15.7094,0.728,3.1346
15.7096,0.6967,2.997
15.7098,0.756,3.2509
15.7100,0.6934,2.9887
15.7102,0.5973,2.573
15.7104,0.5988,2.5797
15.7106,0.6,2.5849
15.7108,0.5901,2.5432
15.7110,0.5897,2.5428
15.7112,0.5917,2.5504
15.7114,0.6211,2.6733
15.7116,0.6102,2.63
15.7118,0.6064,2.6135
15.7120,0.5795,2.4977
15.7122,0.6036,2.5992
15.7124,0.6881,2.9618
15.7126,0.7003,3.0167
15.7128,0.6816,2.9293
15.7130,0.6788,2.9242
15.7132,0.6256,2.6936
15.7134,0.6723,2.8923
15.7136,0.7296,3.1316
15.7138,0.7941,3.4148
15.7140,0.7831,3.3674
15.7142,0.7728,3.3246
15.7144,0.7738,3.3287
15.7146,0.695,2.9912
15.7148,0.6668,2.8713
15.7150,0.68,2.9281
15.7152,0.6756,2.9089
15.7154,0.661,2.8452
15.7156,0.7179,3.0941
15.7158,0.6461,2.7819
15.7160,0.6191,2.6682
15.7162,0.6348,2.7334
15.7164,0.6381,2.7479
15.7166,0.6616,2.8411
15.7168,0.7569,3.256
15.7170,0.7443,3.2033
15.7172,0.7649,3.2875
15.7174,0.8422,3.6098
15.7176,0.9469,4.0603
15.7178,0.9392,4.0293
15.7180,0.932,3.9947
15.7182,0.9631,4.1278
15.7184,0.9558,4.1003
15.7186,0.9499,4.0789
15.7188,0.9159,3.9272
15.7190,0.9699,4.1552
15.7192,1.0467,4.486
15.7194,1.0602,4.5356
15.7196,1.1171,4.7788
15.7198,1.1059,4.7288
15.7200,1.2434,5.3194
15.7202,1.1625,4.9801
15.7204,1.0207,4.3704
15.7206,1.0847,4.6468
15.7208,1.0406,4.4723
15.7210,0.8745,3.7533
15.7212,0.8826,3.7883
15.7214,0.9069,3.8977
15.7216,0.8831,3.7939
15.7218,0.8844,3.8013
15.7220,0.8229,3.5369
15.7222,0.842,3.6172
15.7224,0.8763,3.7645
15.7226,0.8263,3.5514
15.7228,0.854,3.6704
15.7230,0.8379,3.603
15.7232,0.8284,3.5623
15.7234,0.7263,3.1332
15.7236,0.66,2.8405
15.7238,0.7856,3.3782
15.7240,0.7758,3.3359
15.7242,0.7499,3.2261
15.7244,0.7164,3.0879
15.7246,0.6982,3.0065
15.7248,0.7011,3.0203
15.7250,0.6421,2.77
15.7252,0.6554,2.8248
15.7254,0.6808,2.9289
15.7256,0.6982,3.0135
15.7258,0.5862,2.529
15.7260,0.6262,2.695
15.7262,0.6711,2.8952
15.7264,0.5914,2.5548
15.7266,0.5131,2.2155
15.7268,0.5009,2.1617
15.7270,0.5691,2.455
15.7272,0.5843,2.5219
15.7274,0.5401,2.3277
15.7276,0.5993,2.5818
15.7278,0.6679,2.8772
15.7280,0.6631,2.8539
15.7282,0.6983,3.0098
15.7284,0.6493,2.7985
15.7286,0.5845,2.5217
15.7288,0.5256,2.2672
15.7290,0.5932,2.5602
15.7292,0.5582,2.4046
15.7294,0.6752,2.906
15.7296,0.6453,2.784
15.7298,0.5137,2.2181
15.7300,0.5132,2.216
15.7302,0.5229,2.2559
15.7304,0.5031,2.1695
15.7306,0.518,2.2367
15.7308,0.5218,2.2512
15.7310,0.5579,2.4047
15.7312,0.5827,2.5105
15.7314,0.6381,2.7504
15.7316,0.6607,2.8489
15.7318,0.6491,2.7961
15.7320,0.6209,2.676
15.7322,0.6311,2.7161
15.7324,0.692,2.9769
15.7326,0.7385,3.1726
15.7328,0.7686,3.305
15.7330,0.7583,3.2667
15.7332,0.6585,2.8369
15.7334,0.6387,2.7517
15.7336,0.6819,2.9349
15.7338,0.6871,2.9558
15.7340,0.7031,3.0249
15.7342,0.7302,3.1429
15.7344,0.7404,3.1868
15.7346,0.7367,3.1679
15.7348,0.7167,3.086
15.7350,0.7427,3.1981
15.7352,0.7754,3.3359
15.7354,0.7176,3.0887
15.7356,0.6823,2.9379
15.7358,0.6801,2.9272
15.7360,0.6897,2.9657
15.7362,0.7511,3.2342
15.7364,0.6471,2.7892
15.7366,0.6378,2.7501
15.7368,0.6218,2.6801
15.7370,0.6168,2.6584
15.7372,0.5973,2.573
15.7374,0.6088,2.625
15.7376,0.6035,2.5962
15.7378,0.6847,2.9496
15.7380,0.6088,2.6287
15.7382,0.5256,2.2704
15.7384,0.4988,2.1509
15.7386,0.4962,2.1425
15.7388,0.4938,2.1311
15.7390,0.4958,2.139
15.7392,0.5001,2.1556
15.7394,0.498,2.1463
15.7396,0.5506,2.3765
15.7398,0.5077,2.1932
15.7400,0.4899,2.1146
15.7402,0.4919,2.1238
15.7404,0.489,2.1095
15.7406,0.4935,2.1271
15.7408,0.5479,2.3613
15.7410,0.6023,2.5923
15.7412,0.7073,3.0387
15.7414,0.7908,3.3972
15.7416,0.7389,3.1757
15.7418,0.7608,3.27
15.7420,0.7509,3.2332
15.7422,0.6982,3.0037
15.7424,0.7283,3.1303
15.7426,0.6893,2.9697
15.7428,0.6374,2.7435
15.7430,0.6634,2.8568
15.7432,0.6579,2.8357
15.7434,0.6501,2.7969
15.7436,0.7087,3.0444
15.7438,0.8069,3.4695
15.7440,0.7706,3.3107
15.7442,0.8091,3.4777
15.7444,0.7016,3.0196
15.7446,0.6557,2.8272
15.7448,0.5702,2.4597
15.7450,0.545,2.3489
15.7452,0.545,2.3489
15.7454,0.5365,2.3132
15.7456,0.535,2.307
15.7458,0.5363,2.3116
15.7460,0.5337,2.3013
15.7462,0.5449,2.3472
15.7464,0.5877,2.534
15.7466,0.5197,2.2419
15.7468,0.5198,2.2424
15.7470,0.5186,2.2352
15.7472,0.5582,2.4024
15.7474,0.6163,2.6527
15.7476,0.6245,2.6902
15.7478,0.6216,2.6778
15.7480,0.5684,2.4519
15.7482,0.538,2.321
15.7484,0.5233,2.2553
15.7486,0.5163,2.2264
15.7488,0.5157,2.2238
15.7490,0.5152,2.2217
15.7492,0.524,2.2595
15.7494,0.5246,2.262
15.7496,0.5385,2.3199
15.7498,0.5756,2.4795
15.7500,0.639,2.7527
15.7502,0.6439,2.7739
15.7504,0.6253,2.6901
15.7506,0.6883,2.9554
15.7508,0.7844,3.3684
15.7510,0.8059,3.4605
15.7512,0.7979,3.4228
15.7514,0.8482,3.6406
15.7516,0.8559,3.6769
15.7518,0.8804,3.7732
15.7520,0.9812,4.1995
15.7522,1.0201,4.3719
15.7524,0.9844,4.2173
15.7526,1.0084,4.3201
15.7528,0.9352,4.0099
15.7530,0.9971,4.2778
15.7532,0.943,4.0453
15.7534,0.913,3.9167
15.7536,0.8871,3.8109
15.7538,0.8547,3.6667
15.7540,0.866,3.715
15.7542,0.8878,3.8086
15.7544,0.9148,3.9207
15.7546,0.9453,4.0555
15.7548,0.8964,3.8475
15.7550,0.9824,4.2125
15.7552,1.0239,4.3863
15.7554,1.0742,4.5935
15.7556,1.1656,4.9795
15.7558,1.1397,4.8871
15.7560,1.0069,4.3235
15.7562,0.8928,3.8338
15.7564,0.8944,3.8369
15.7566,0.9594,4.1157
15.7568,0.9642,4.1402
15.7570,0.8614,3.6972
15.7572,0.8874,3.8071
15.7574,0.9708,4.1627
15.7576,0.9856,4.2304
15.7578,0.8894,3.8207
15.7580,0.8427,3.6186
15.7582,0.8308,3.5759
15.7584,0.7506,3.2322
15.7586,0.6982,3.0051
15.7588,0.6901,2.9687
15.7590,0.6995,3.0122
15.7592,0.7233,3.1116
15.7594,0.7902,3.401
15.7596,0.7576,3.2561
15.7598,0.8089,3.4782
15.7600,0.7644,3.287
15.7602,0.7721,3.32
15.7604,0.7572,3.2545
15.7606,0.7993,3.4354
15.7608,0.8426,3.6214
15.7610,0.8835,3.8007
15.7612,0.7576,3.2621
15.7614,0.6825,2.9389
15.7616,0.7293,3.1373
15.7618,0.7455,3.207
15.7620,0.7105,3.0578
15.7622,0.6855,2.9545
15.7624,0.6639,2.8602
15.7626,0.7053,3.0384
15.7628,0.6669,2.8718
15.7630,0.7234,3.1121
15.7632,0.7525,3.2404
15.7634,0.6844,2.9458
15.7636,0.6567,2.8266
15.7638,0.6524,2.8106
15.7640,0.6542,2.8223
15.7642,0.5877,2.5364
15.7644,0.5499,2.3722
15.7646,0.5615,2.4224
15.7648,0.574,2.4751
15.7650,0.5854,2.523
15.7652,0.5814,2.5048
15.7654,0.5403,2.333
15.7656,0.5013,2.1658
15.7658,0.4964,2.1396
15.7660,0.641,2.759
15.7662,0.6917,2.9786
15.7664,0.7027,3.0256
15.7666,0.6463,2.7868
15.7668,0.5417,2.3382
15.7670,0.529,2.2822
15.7672,0.5343,2.3039
15.7674,0.5854,2.5242
15.7676,0.5396,2.3288
15.7678,0.526,2.2693
15.7680,0.5296,2.2838
15.7682,0.5405,2.3308
15.7684,0.5298,2.2853
15.7686,0.5278,2.2771
15.7688,0.5278,2.276
15.7690,0.5305,2.2884
15.7692,0.5377,2.3184
15.7694,0.6287,2.7046
15.7696,0.6967,2.9984
15.7698,0.5947,2.5657
15.7700,0.5355,2.3102
15.7702,0.5344,2.3044
15.7704,0.5326,2.2978
15.7706,0.5702,2.4585
15.7708,0.5427,2.3412
15.7710,0.5356,2.3118
15.7712,0.5324,2.2967
15.7714,0.5351,2.3075
15.7716,0.5404,2.3303
15.7718,0.5524,2.3831
15.7720,0.5271,2.2729
15.7722,0.5879,2.5327
15.7724,0.5693,2.4549
15.7726,0.6155,2.6454
15.7728,0.7595,3.2719
15.7730,0.6079,2.6214
15.7732,0.5501,2.3711
15.7734,0.5925,2.55
15.7736,0.6206,2.6712
15.7738,0.6223,2.6797
15.7740,0.6428,2.768
15.7742,0.6692,2.8802
15.7744,0.7379,3.1715
15.7746,0.7661,3.2926
15.7748,0.7558,3.2453
15.7750,0.8244,3.5481
15.7752,0.673,2.8981
15.7754,0.622,2.6769
15.7756,0.6282,2.7037
15.7758,0.6506,2.799
15.7760,0.7229,3.1071
15.7762,0.7606,3.2735
15.7764,0.6961,2.9972
15.7766,0.6286,2.7065
15.7768,0.6114,2.6339
15.7770,0.6286,2.704
15.7772,0.6631,2.8513
15.7774,0.6862,2.9576
15.7776,0.5867,2.5287
15.7778,0.6218,2.6752
15.7780,0.6254,2.6956
15.7782,0.5595,2.4114
15.7784,0.563,2.4275
15.7786,0.5341,2.304
15.7788,0.5079,2.1881
15.7790,0.5247,2.2636
15.7792,0.4945,2.1342
15.7794,0.5391,2.3235
15.7796,0.5313,2.2921
15.7798,0.4857,2.0984
15.7800,0.4211,1.8201
15.7802,0.3813,1.6449
15.7804,0.4571,1.971
15.7806,0.5029,2.1654
15.7808,0.5771,2.4885
15.7810,0.5236,2.259
15.7812,0.4934,2.1286
15.7814,0.4944,2.1318
15.7816,0.4992,2.1514
15.7818,0.5679,2.4453
15.7820,0.601,2.583
15.7822,0.6513,2.802
15.7824,0.7025,3.0237
15.7826,0.6985,3.0034
15.7828,0.6937,2.9869
15.7830,0.5752,2.4791
15.7832,0.5523,2.3793
15.7834,0.6304,2.7118
15.7836,0.6595,2.8358
15.7838,0.642,2.7618
15.7840,0.6661,2.8642
15.7842,0.7021,3.0217
15.7844,0.707,3.0372
15.7846,0.7855,3.3746
15.7848,0.731,3.1416
15.7850,0.747,3.2122
15.7852,0.719,3.0887
15.7854,0.7834,3.3575
15.7856,0.925,3.9662
15.7858,0.9316,3.9983
15.7860,0.9196,3.9394
15.7862,0.934,4.0029
15.7864,0.9045,3.8783
15.7866,0.9197,3.9436
15.7868,0.8721,3.7465
15.7870,0.8542,3.6629
15.7872,0.8871,3.8091
15.7874,0.8253,3.5472
15.7876,0.7908,3.3941
15.7878,0.8302,3.5634
15.7880,0.8338,3.5772
15.7882,0.8908,3.8268
15.7884,0.8089,3.4782
15.7886,0.7783,3.3421
15.7888,0.8301,3.5645
15.7890,0.8072,3.471
15.7892,0.786,3.375
15.7894,0.8656,3.7169
15.7896,0.7766,3.3364
15.7898,0.7396,3.1802
15.7900,0.6889,2.9635
15.7902,0.7262,3.1225
15.7904,0.7933,3.4112
15.7906,0.7712,3.3163
15.7908,0.707,3.0428
15.7910,0.7179,3.0855
15.7912,0.774,3.3267
15.7914,0.7264,3.1235
15.7916,0.7337,3.155
15.7918,0.7456,3.203
15.7920,0.7726,3.322
15.7922,0.7401,3.1823
15.7924,0.7807,3.3586
15.7926,0.7402,3.1813
15.7928,0.7373,3.1734
15.7930,0.6602,2.8415
15.7932,0.6687,2.8768
15.7934,0.7648,3.2916
15.7936,0.7108,3.0593
15.7938,0.7326,3.1474
15.7940,0.7787,3.3468
15.7942,0.7613,3.2781
15.7944,0.704,3.0285
15.7946,0.7122,3.0598
15.7948,0.7578,3.2586
15.7950,0.7256,3.1199
15.7952,0.762,3.2782
15.7954,0.767,3.3014
15.7956,0.7101,3.0548
15.7958,0.7118,3.0606
15.7960,0.7794,3.3514
15.7962,0.7594,3.2653
15.7964,0.7379,3.173
15.7966,0.748,3.2148
15.7968,0.7841,3.3715
15.7970,0.8082,3.4703
15.7972,0.8071,3.4705
15.7974,0.7864,3.3766
15.7976,0.8408,3.612
15.7978,0.8095,3.476
15.7980,0.7896,3.3968
15.7982,0.7251,3.1193
15.7984,0.7407,3.1878
15.7986,0.6585,2.8396
15.7988,0.6006,2.5911
15.7990,0.5886,2.5381
15.7992,0.608,2.617
15.7994,0.6699,2.882
15.7996,0.6698,2.8842
15.7998,0.5937,2.5634
15.8000,0.5158,2.2274
15.8002,0.5082,2.1922
15.8004,0.5089,2.1953
15.8006,0.5186,2.2372
15.8008,0.5938,2.5604
15.8010,0.6001,2.5854
15.8012,0.5885,2.5353
15.8014,0.5622,2.4222
15.8016,0.5571,2.4022
15.8018,0.5554,2.3949
15.8020,0.6017,2.5897
15.8022,0.6897,2.9644
15.8024,0.756,3.2509
15.8026,0.7524,3.2384
15.8028,0.6828,2.9413
15.8030,0.5854,2.5242
15.8032,0.5247,2.2647
15.8034,0.5179,2.2352
15.8036,0.579,2.4933
15.8038,0.623,2.684
15.8040,0.5874,2.5342
15.8042,0.55,2.3706
15.8044,0.5576,2.4042
15.8046,0.5411,2.3323
15.8048,0.5594,2.4098
15.8050,0.5615,2.4202
15.8052,0.5272,2.2766
15.8054,0.4558,1.968
15.8056,0.4457,1.9236
15.8058,0.444,1.9164
15.8060,0.4428,1.9121
15.8062,0.4437,1.9157
15.8064,0.4426,1.911
15.8066,0.4419,1.9079
15.8068,0.4377,1.8898
15.8070,0.4391,1.8952
15.8072,0.4297,1.8548
15.8074,0.4257,1.838
15.8076,0.4526,1.9518
15.8078,0.5386,2.3193
15.8080,0.5899,2.5403
15.8082,0.5768,2.4858
15.8084,0.575,2.4769
15.8086,0.5636,2.4278
15.8088,0.5534,2.3895
15.8090,0.4717,2.034
15.8092,0.476,2.0545
15.8094,0.442,1.9085
15.8096,0.4493,1.9382
15.8098,0.4586,1.9786
15.8100,0.4554,1.9646
15.8102,0.4614,1.9933
15.8104,0.4427,1.9107
15.8106,0.4336,1.8713
15.8108,0.433,1.867
15.8110,0.507,2.186
15.8112,0.5035,2.1721
15.8114,0.4295,1.8529
15.8116,0.4124,1.7806
15.8118,0.4461,1.9234
15.8120,0.4857,2.0936
15.8122,0.478,2.0628
15.8124,0.4722,2.037
15.8126,0.4929,2.1216
15.8128,0.5835,2.5136
15.8130,0.5119,2.2062
15.8132,0.5431,2.3384
15.8134,0.633,2.7206
15.8136,0.6218,2.6789
15.8138,0.5666,2.4407
15.8140,0.5368,2.3148
15.8142,0.5095,2.1959
15.8144,0.5018,2.1628
15.8146,0.5037,2.1731
15.8148,0.4975,2.1432
15.8150,0.5375,2.3136
15.8152,0.669,2.8765
15.8154,0.6788,2.9161
15.8156,0.6902,2.9706
15.8158,0.6939,2.9796
15.8160,0.73,3.1361
15.8162,0.6904,2.9661
15.8164,0.7216,3.0957
15.8166,0.7856,3.3751
15.8168,0.7248,3.1154
15.8170,0.7304,3.1361
15.8172,0.7775,3.34
15.8174,0.784,3.3679
15.8176,0.8052,3.4526
15.8178,0.8352,3.5828
15.8180,0.8258,3.5443
15.8182,0.8105,3.4785
15.8184,0.8051,3.4585
15.8186,0.8218,3.529
15.8188,0.791,3.3983
15.8190,0.7686,3.3019
15.8192,0.7625,3.2696
15.8194,0.9057,3.8817
15.8196,0.9242,3.9576
15.8198,0.9184,3.9361
15.8200,0.907,3.8873
15.8202,0.9312,3.9967
15.8204,0.9021,3.8644
15.8206,0.9457,4.0533
15.8208,0.9199,3.9428
15.8210,0.9099,3.9051
15.8212,0.8861,3.8014
15.8214,0.8571,3.6752
15.8216,0.8913,3.82
15.8218,0.86,3.6944
15.8220,0.8642,3.7073
15.8222,0.9078,3.8945
15.8224,0.8861,3.7997
15.8226,0.9049,3.8786
15.8228,0.8811,3.7798
15.8230,0.8668,3.7238
15.8232,0.8168,3.5123
15.8234,0.7318,3.1453
15.8236,0.775,3.3277
15.8238,0.891,3.819
15.8240,0.9717,4.1648
15.8242,0.9801,4.1988
15.8244,0.9326,4.0047
15.8246,0.8458,3.6303
15.8248,0.8975,3.8521
15.8250,0.8995,3.8626
15.8252,0.8854,3.8001
15.8254,0.8582,3.6816
15.8256,0.8742,3.7523
15.8258,0.8337,3.585
15.8260,0.7989,3.4323
15.8262,0.7853,3.3751
15.8264,0.7753,3.3339
15.8266,0.7772,3.3421
15.8268,0.8047,3.457
15.8270,0.8185,3.5228
15.8272,0.721,3.1032
15.8274,0.7678,3.2968
15.8276,0.8094,3.4787
15.8278,0.7776,3.3452
15.8280,0.7367,3.1708
15.8282,0.7404,3.1838
15.8284,0.748,3.2163
15.8286,0.7551,3.2467
15.8288,0.7606,3.2689
15.8290,0.7841,3.3684
15.8292,0.806,3.4659
15.8294,0.7563,3.2504
15.8296,0.7655,3.2962
15.8298,0.7392,3.1787
15.8300,0.7696,3.3107
15.8302,0.7637,3.2823
15.8304,0.7419,3.1945
15.8306,0.68,2.9281
15.8308,0.6898,2.9676
15.8310,0.7196,3.097
15.8312,0.7034,3.0259
15.8314,0.7874,3.3844
15.8316,0.8432,3.624
15.8318,0.7752,3.3318
15.8320,0.7638,3.2813
15.8322,0.8781,3.767
15.8324,0.8805,3.7843
15.8326,0.7852,3.3746
15.8328,0.8182,3.5168
15.8330,0.8403,3.6066
15.8332,0.8624,3.7065
15.8334,0.8804,3.7785
15.8336,0.9504,4.0714
15.8338,0.9999,4.2836
15.8340,0.9865,4.2359
15.8342,0.8094,3.4835
15.8344,0.7688,3.3076
15.8346,0.8301,3.5629
15.8348,0.8579,3.6874
15.8350,0.8065,3.4695
15.8352,0.8373,3.5954
15.8354,0.8988,3.8506
15.8356,0.9991,4.28
15.8358,1.0326,4.4362
15.8360,0.8756,3.7649
15.8362,0.7926,3.4113
15.8364,0.7278,3.1355
15.8366,0.713,3.07
15.8368,0.6778,2.9188
15.8370,0.6663,2.8705
15.8372,0.6628,2.8569
15.8374,0.6777,2.9223
15.8376,0.6384,2.7527
15.8378,0.5521,2.3838
15.8380,0.5362,2.3154
15.8382,0.5296,2.2848
15.8384,0.5337,2.3035
15.8386,0.5333,2.3009
15.8388,0.5829,2.511
15.8390,0.6927,2.9869
15.8392,0.5615,2.4235
15.8394,0.5269,2.274
15.8396,0.5271,2.275
15.8398,0.5268,2.2724
15.8400,0.5383,2.3231
15.8402,0.5295,2.2832
15.8404,0.6048,2.6043
15.8406,0.6615,2.8472
15.8408,0.711,3.0604
15.8410,0.7667,3.2983
15.8412,0.8173,3.5143
15.8414,0.7108,3.0622
15.8416,0.6361,2.7416
15.8418,0.6304,2.7143
15.8420,0.6272,2.6971
15.8422,0.7428,3.1912
15.8424,0.8318,3.5817
15.8426,0.6895,2.9688
15.8428,0.6726,2.8974
15.8430,0.6438,2.7773
15.8432,0.6148,2.6496
15.8434,0.6555,2.8201
15.8436,0.7031,3.0249
15.8438,0.7033,3.0254
15.8440,0.7025,3.0223
15.8442,0.7108,3.065
15.8444,0.6277,2.7042
15.8446,0.621,2.6753
15.8448,0.6353,2.7367
15.8450,0.6891,2.9673
15.8452,0.6445,2.7752
15.8454,0.5893,2.5389
15.8456,0.5995,2.5816
15.8458,0.6378,2.7501
15.8460,0.6017,2.5921
15.8462,0.6284,2.706
15.8464,0.6935,2.9808
15.8466,0.7656,3.2952
15.8468,0.7161,3.0849
15.8470,0.6877,2.9611
15.8472,0.703,3.0258
15.8474,0.6305,2.7161
15.8476,0.6345,2.7324
15.8478,0.6631,2.8592
15.8480,0.5667,2.4458
15.8482,0.4959,2.1405
15.8484,0.4835,2.0866
15.8486,0.4859,2.096
15.8488,0.4808,2.0762
15.8490,0.4887,2.1094
15.8492,0.4919,2.1219
15.8494,0.5076,2.1886
15.8496,0.554,2.3876
15.8498,0.6163,2.6539
15.8500,0.5909,2.5456
15.8502,0.5823,2.5061
15.8504,0.6841,2.9429
15.8506,0.7444,3.2038
15.8508,0.7202,3.0996
15.8510,0.7434,3.1938
15.8512,0.7838,3.3689
15.8514,0.8209,3.5249
15.8516,0.854,3.6653
15.8518,0.8288,3.5555
15.8520,0.9262,3.9695
15.8522,0.9635,4.1274
15.8524,0.9666,4.1447
15.8526,0.9247,3.9708
15.8528,0.8479,3.6441
15.8530,0.8203,3.5207
15.8532,0.8921,3.8289
15.8534,0.8685,3.7258
15.8536,0.8758,3.7572
15.8538,0.9276,3.9813
15.8540,0.8969,3.8495
15.8542,0.9155,3.9275
15.8544,0.8975,3.8575
15.8546,0.8645,3.714
15.8548,0.8842,3.7932
15.8550,0.8963,3.8469
15.8552,0.8721,3.7412
15.8554,0.8981,3.8547
15.8556,0.9203,3.9499
15.8558,0.9471,4.067
15.8560,0.8137,3.4972
15.8562,0.8217,3.5301
15.8564,0.8681,3.726
15.8566,0.9091,3.9002
15.8568,0.8967,3.8539
15.8570,0.8362,3.6042
15.8572,0.6554,2.8275
15.8574,0.6191,2.6682
15.8576,0.6039,2.6026
15.8578,0.6699,2.8833
15.8580,0.7269,3.1285
15.8582,0.7118,3.0649
15.8584,0.6682,2.8734
15.8586,0.7314,3.1525
15.8588,0.7024,3.0246
15.8590,0.7269,3.1328
15.8592,0.6051,2.609
15.8594,0.612,2.6365
15.8596,0.6646,2.8606
15.8598,0.6547,2.8204
15.8600,0.6196,2.6703
15.8602,0.6197,2.6733
15.8604,0.5898,2.5445
15.8606,0.606,2.6119
15.8608,0.5943,2.5589
15.8610,0.6722,2.8999
15.8612,0.5851,2.5232
15.8614,0.6035,2.5998
15.8616,0.5482,2.3672
15.8618,0.492,2.1244
15.8620,0.5118,2.2057
15.8622,0.6471,2.7853
15.8624,0.7065,3.0422
15.8626,0.6398,2.7615
15.8628,0.5567,2.4006
15.8630,0.5565,2.4018
15.8632,0.4995,2.156
15.8634,0.4969,2.1436
15.8636,0.5555,2.3977
15.8638,0.5464,2.3561
15.8640,0.5692,2.4532
15.8642,0.5883,2.5366
15.8644,0.6113,2.631
15.8646,0.6389,2.7497
15.8648,0.6462,2.7837
15.8650,0.6503,2.8
15.8652,0.62,2.6749
15.8654,0.5191,2.2383
15.8656,0.6112,2.6341
15.8658,0.5908,2.5463
15.8660,0.5586,2.4089
15.8662,0.4963,2.145
15.8664,0.4208,1.8185
15.8666,0.4197,1.813
15.8668,0.4198,1.811
15.8670,0.4614,1.9914
15.8672,0.4699,2.03
15.8674,0.4614,1.9914
15.8676,0.4726,2.0386
15.8678,0.4643,2.0038
15.8680,0.4967,2.1436
15.8682,0.476,2.0555
15.8684,0.4414,1.9041
15.8686,0.448,1.9326
15.8688,0.45,1.944
15.8690,0.447,1.932
15.8692,0.4476,1.9319
15.8694,0.4403,1.9012
15.8696,0.445,1.9214
15.8698,0.4488,1.938
15.8700,0.4462,1.9239
15.8702,0.4477,1.9306
15.8704,0.4437,1.9139
15.8706,0.4489,1.9385
15.8708,0.4486,1.936
15.8710,0.4491,1.9372
15.8712,0.4487,1.9366
15.8714,0.4727,2.0401
15.8716,0.4812,2.0739
15.8718,0.5281,2.276
15.8720,0.4778,2.0614
15.8722,0.4516,1.9481
15.8724,0.4456,1.9222
15.8726,0.4532,1.9544
15.8728,0.4716,2.0326
15.8730,0.5218,2.2502
15.8732,0.5435,2.3405
15.8734,0.5474,2.357
15.8736,0.589,2.5326
15.8738,0.6505,2.7971
15.8740,0.6322,2.722
15.8742,0.578,2.4875
15.8744,0.5899,2.5379
15.8746,0.665,2.8595
15.8748,0.6789,2.9248
15.8750,0.6271,2.6953
15.8752,0.661,2.8491
15.8754,0.565,2.434
15.8756,0.5375,2.3168
15.8758,0.5362,2.3111
15.8760,0.5648,2.433
15.8762,0.5652,2.4339
15.8764,0.5757,2.48
15.8766,0.5678,2.4436
15.8768,0.604,2.5995
15.8770,0.5666,2.4373
15.8772,0.6004,2.584
15.8774,0.5609,2.4198
15.8776,0.4756,2.0506
15.8778,0.4549,1.9607
15.8780,0.482,2.0766
15.8782,0.5414,2.3334
15.8784,0.4896,2.1111
15.8786,0.4907,2.1138
15.8788,0.5187,2.2336
15.8790,0.4949,2.1309
15.8792,0.5657,2.436
15.8794,0.6103,2.6269
15.8796,0.6398,2.7551
15.8798,0.5927,2.5522
15.8800,0.5829,2.5075
15.8802,0.5865,2.5253
15.8804,0.6035,2.5974
15.8806,0.5678,2.4459
15.8808,0.4951,2.1339
15.8810,0.497,2.1421
15.8812,0.5427,2.338
15.8814,0.5819,2.5022
15.8816,0.644,2.7693
15.8818,0.6872,2.9522
15.8820,0.7366,3.16
15.8822,0.8089,3.4718
15.8824,0.8187,3.5107
15.8826,0.8306,3.5649
15.8828,0.8132,3.4903
15.8830,0.8112,3.4832
15.8832,0.8211,3.5259
15.8834,0.832,3.5694
15.8836,0.8468,3.6293
15.8838,0.8605,3.6896
15.8840,0.8612,3.6944
15.8842,0.8667,3.7164
15.8844,0.877,3.7641
15.8846,0.8675,3.7182
15.8848,0.9511,4.0707
15.8850,0.9965,4.2692
15.8852,0.9533,4.0914
15.8854,0.8644,3.7066
15.8856,0.889,3.8084
15.8858,0.9644,4.1335
15.8860,0.9699,4.1629
15.8862,0.8926,3.8274
15.8864,0.9136,3.9156
15.8866,0.8981,3.8547
15.8868,0.8753,3.7534
15.8870,0.8858,3.8017
15.8872,0.9052,3.8778
15.8874,0.9925,4.2577
15.8876,0.9477,4.062
15.8878,0.9732,4.1652
15.8880,1.041,4.4577
15.8882,0.9981,4.2739
15.8884,0.9988,4.277
15.8886,0.995,4.2625
15.8888,0.9878,4.2396
15.8890,0.9386,4.0249
15.8892,0.9766,4.18
15.8894,1.0438,4.4674
15.8896,1.0621,4.5481
15.8898,1.0583,4.5295
15.8900,1.0278,4.4033
15.8902,1.047,4.4792
15.8904,1.0979,4.6989
15.8906,1.0078,4.3276
15.8908,0.8999,3.8624
15.8910,0.9418,4.042
15.8912,0.9094,3.9103
15.8914,0.8287,3.5583
15.8916,0.8361,3.5886
15.8918,0.8535,3.6649
15.8920,0.8708,3.7373
15.8922,0.9541,4.0931
15.8924,0.9178,3.9409
15.8926,0.9117,3.9146
15.8928,0.8852,3.7991
15.8930,0.8916,3.8304
15.8932,0.8247,3.543
15.8934,0.86,3.691
15.8936,0.9398,4.0338
15.8938,0.9316,3.9964
15.8940,0.9346,4.0074
15.8942,1.0042,4.3021
15.8944,1.0481,4.4901
15.8946,1.0504,4.5062
15.8948,0.9016,3.8768
15.8950,0.8497,3.6518
15.8952,0.8959,3.849
15.8954,0.8489,3.6454
15.8956,0.9344,4.0143
15.8958,0.9558,4.1003
15.8960,0.9626,4.1238
15.8962,1.0055,4.3178
15.8964,0.9794,4.2016
15.8966,1.0191,4.3699
15.8968,0.9696,4.1692
15.8970,0.8125,3.497
15.8972,0.7491,3.2255
15.8974,0.6842,2.9475
15.8976,0.7531,3.2415
15.8978,0.7995,3.4364
15.8980,0.8721,3.7465
15.8982,0.8283,3.5651
15.8984,0.7765,3.3421
15.8986,0.8317,3.5696
15.8988,0.9179,3.9396
15.8990,0.944,4.0537
15.8992,0.8959,3.849
15.8994,0.8824,3.7872
15.8996,0.9301,3.9939
15.8998,0.9109,3.9225
15.9000,0.7134,3.0735
15.9002,0.6923,2.984
15.9004,0.6789,2.9261
15.9006,0.6783,2.9235
15.9008,0.6852,2.953
15.9010,0.6789,2.9234
15.9012,0.716,3.0844
15.9014,0.6898,2.9745
15.9016,0.68,2.9294
15.9018,0.7307,3.1479
15.9020,0.6475,2.7881
15.9022,0.7491,3.224
15.9024,0.7416,3.1905
15.9026,0.7113,3.0642
15.9028,0.6258,2.6997
15.9030,0.5543,2.3947
15.9032,0.5427,2.3434
15.9034,0.542,2.337
15.9036,0.5987,2.584
15.9038,0.6054,2.6117
15.9040,0.6155,2.6503
15.9042,0.6301,2.7183
15.9044,0.5861,2.532
15.9046,0.5462,2.3584
15.9048,0.5372,2.3185
15.9050,0.5371,2.3169
15.9052,0.5393,2.3289
15.9054,0.5738,2.4706
15.9056,0.6974,3.0029
15.9058,0.6354,2.7411
15.9060,0.5452,2.3543
15.9062,0.5257,2.2699
15.9064,0.5223,2.2543
15.9066,0.5257,2.2688
15.9068,0.5403,2.333
15.9070,0.5384,2.3237
15.9072,0.5344,2.3055
15.9074,0.5839,2.5145
15.9076,0.6581,2.8336
15.9078,0.6886,2.968
15.9080,0.668,2.8751
15.9082,0.6934,2.9845
15.9084,0.7126,3.0713
15.9086,0.6232,2.6846
15.9088,0.6431,2.769
15.9090,0.6812,2.9305
15.9092,0.7133,3.0759
15.9094,0.5902,2.546
15.9096,0.6258,2.6972
15.9098,0.6312,2.7192
15.9100,0.6294,2.7127
15.9102,0.6163,2.6588
15.9104,0.5462,2.354
15.9106,0.5499,2.3689
15.9108,0.5591,2.4132
15.9110,0.5432,2.3433
15.9112,0.5489,2.3648
15.9114,0.5753,2.4831
15.9116,0.5474,2.3614
15.9118,0.5527,2.383
15.9120,0.5429,2.3401
15.9122,0.6192,2.6675
15.9124,0.5898,2.5445
15.9126,0.5616,2.4218
15.9128,0.5928,2.5491
15.9130,0.701,3.0156
15.9132,0.6926,2.9809
15.9134,0.6913,2.9766
15.9136,0.7199,3.0957
15.9138,0.7566,3.2504
15.9140,0.7539,3.2416
15.9142,0.7204,3.0948
15.9144,0.8751,3.7576
15.9146,0.9018,3.867
15.9148,0.9437,4.0483
15.9150,0.9132,3.9213
15.9152,0.8923,3.8317
15.9154,0.886,3.7974
15.9156,0.9795,4.2021
15.9158,0.9277,3.9873
15.9160,0.8549,3.6711
15.9162,0.9055,3.883
15.9164,0.9607,4.1156
15.9166,1.0472,4.4902
15.9168,1.0332,4.4347
15.9170,0.9268,3.9703
15.9172,0.9552,4.0977
15.9174,0.9679,4.1464
15.9176,1.0482,4.4906
15.9178,1.0516,4.505
15.9180,1.0378,4.4542
15.9182,0.9951,4.2611
15.9184,1.1075,4.7377
15.9186,1.1311,4.8433
15.9188,1.1019,4.7119
15.9190,1.1625,4.9848
15.9192,1.116,4.7741
15.9194,1.2051,5.1505
15.9196,1.1964,5.1231
15.9198,1.0909,4.6735
15.9200,1.1119,4.7634
15.9202,1.0811,4.6314
15.9204,1.0675,4.5755
15.9206,1.0536,4.5222
15.9208,0.998,4.2794
15.9210,1.0895,4.6651
15.9212,1.1034,4.7291
15.9214,1.1061,4.7365
15.9216,1.1262,4.8335
15.9218,0.9377,4.0282
15.9220,0.9013,3.8686
15.9222,0.9686,4.1573
15.9224,0.9931,4.2583
15.9226,1.0108,4.3384
15.9228,0.962,4.1328
15.9230,0.9217,3.9579
15.9232,0.917,3.9341
15.9234,1.0156,4.3529
15.9236,1.0639,4.5622
15.9238,1.0461,4.4918
15.9240,1.0238,4.3879
15.9242,1.1089,4.7483
15.9244,1.0949,4.6926
15.9246,1.0504,4.502
15.9248,1.045,4.4851
15.9250,0.9988,4.297
15.9252,0.9301,3.9977
15.9254,1.0313,4.4223
15.9256,1.0831,4.6401
15.9258,1.0709,4.6005
15.9260,0.9539,4.0978
15.9262,0.9708,4.1685
15.9264,0.9879,4.2441
15.9266,0.9106,3.9155
15.9268,0.8754,3.7697
15.9270,0.8161,3.5124
15.9272,0.8476,3.6397
15.9274,0.9115,3.916
15.9276,0.9458,4.0633
15.9278,0.9481,4.0693
15.9280,1.0384,4.4547
15.9282,1.0313,4.4285
15.9284,1.0193,4.379
15.9286,1.0075,4.324
15.9288,1.0196,4.374
15.9290,0.9588,4.1247
15.9292,0.8292,3.567
15.9294,0.862,3.7049
15.9296,0.9548,4.1095
15.9298,0.9082,3.9106
15.9300,0.8505,3.6606
15.9302,0.8164,3.5173
15.9304,0.8087,3.4788
15.9306,0.83,3.5707
15.9308,0.8435,3.6289
15.9310,0.8672,3.7323
15.9312,0.8388,3.6066
15.9314,0.8909,3.8309
15.9316,0.9304,3.9987
15.9318,0.9049,3.8931
15.9320,0.8364,3.598
15.9322,0.8722,3.747
15.9324,0.8643,3.7147
15.9326,0.8776,3.7772
15.9328,0.8632,3.7135
15.9330,0.8882,3.8191
15.9332,0.9018,3.8778
15.9334,0.8958,3.8521
15.9336,0.9069,3.9013
15.9338,0.8777,3.7724
15.9340,0.8844,3.8031
15.9342,0.878,3.7787
15.9344,0.9111,3.9121
15.9346,1.0077,4.3271
15.9348,1.0016,4.2988
15.9350,1.0163,4.3601
15.9352,1.0209,4.3837
15.9354,1.0647,4.5652
15.9356,1.1121,4.7622
15.9358,1.0572,4.5566
15.9360,0.8323,3.5871
15.9362,0.8211,3.5292
15.9364,0.9113,3.9113
15.9366,0.9479,4.0701
15.9368,0.9812,4.2172
15.9370,0.9661,4.1523
15.9372,0.9848,4.2346
15.9374,0.9572,4.1141
15.9376,0.9822,4.2115
15.9378,1.0259,4.4094
15.9380,1.0212,4.3934
15.9382,0.938,4.026
15.9384,0.9659,4.1474
15.9386,1.0035,4.3131
15.9388,0.9775,4.209
15.9390,0.8271,3.5715
15.9392,0.7172,3.0895
15.9394,0.6965,3.0091
15.9396,0.5735,2.4787
15.9398,0.5965,2.5747
15.9400,0.6977,3.0045
15.9402,0.8162,3.5113
15.9404,0.8439,3.6389
15.9406,0.7194,3.1066
15.9408,0.679,2.9266
15.9410,0.7251,3.1251
15.9412,0.7456,3.2135
15.9414,0.7649,3.2997
15.9416,0.7245,3.1254
15.9418,0.6666,2.8769
15.9420,0.6552,2.8251
15.9422,0.721,3.1061
15.9424,0.806,3.4723
15.9426,0.8161,3.5124
15.9428,0.8199,3.5322
15.9430,0.7715,3.3205
15.9432,0.833,3.5819
15.9434,0.8795,3.7802
15.9436,0.915,3.9309
15.9438,0.9836,4.2295
15.9440,0.9587,4.128
15.9442,0.791,3.4093
15.9444,0.7314,3.1539
15.9446,0.7557,3.2508
15.9448,0.8467,3.644
15.9450,0.8264,3.5585
15.9452,0.8049,3.4693
15.9454,0.8278,3.563
15.9456,0.8203,3.5371
15.9458,0.6919,2.9806
15.9460,0.8252,3.5451
15.9462,0.9684,4.1543
15.9464,1.0217,4.3873
15.9466,1.0156,4.3671
15.9468,0.9293,3.9996
15.9470,0.8987,3.8644
15.9472,0.9494,4.0806
15.9474,0.927,3.9806
15.9476,0.9371,4.0275
15.9478,0.9324,4.0112
15.9480,0.9229,3.9686
15.9482,0.9673,4.1477
15.9484,1.1143,4.7737
15.9486,1.1496,4.9339
15.9488,1.0811,4.6357
15.9490,1.0852,4.6597
15.9492,0.9747,4.1894
15.9494,0.9005,3.8722
15.9496,0.8916,3.8358
15.9498,0.8485,3.6484
15.9500,0.8455,3.644
15.9502,0.7925,3.4124
15.9504,0.824,3.5399
15.9506,0.9722,4.1747
15.9508,0.9498,4.0765
15.9510,1.0006,4.2967
15.9512,1.0416,4.4769
15.9514,1.0802,4.6364
15.9516,1.1021,4.7323
15.9518,1.0593,4.5485
15.9520,1.1356,4.8696
15.9522,1.1794,5.0479
15.9524,1.2185,5.22
15.9526,1.1448,4.9064
15.9528,1.1751,5.0411
15.9530,1.1336,4.8632
15.9532,1.1539,4.9455
15.9534,1.1083,4.7546
15.9536,1.1342,4.8589
15.9538,1.159,4.9699
15.9540,1.1449,4.9138
15.9542,1.1165,4.7896
15.9544,1.1085,4.7579
15.9546,1.0892,4.6663
15.9548,1.1792,5.0586
15.9550,1.1376,4.8779
15.9552,1.1235,4.8222
15.9554,1.059,4.5453
15.9556,1.0904,4.6802
15.9558,1.1215,4.809
15.9560,1.1457,4.9174
15.9562,1.1403,4.8965
15.9564,1.0782,4.6341
15.9566,1.0721,4.5993
15.9568,1.1699,5.019
15.9570,1.1277,4.8425
15.9572,1.0841,4.655
15.9574,1.1018,4.7246
15.9576,1.1632,4.9925
15.9578,1.1478,4.9284
15.9580,1.1179,4.7958
15.9582,1.0361,4.4574
15.9584,0.8919,3.8404
15.9586,0.8718,3.7594
15.9588,0.8192,3.5291
15.9590,0.8976,3.8616
15.9592,0.9094,3.914
15.9594,0.9112,3.9235
15.9596,0.9078,3.9036
15.9598,0.9172,3.9475
15.9600,0.9216,3.9721
15.9602,0.8723,3.7562
15.9604,0.9342,4.0189
15.9606,0.9878,4.2495
15.9608,0.9435,4.0629
15.9610,0.8828,3.7994
15.9612,0.9059,3.8954
15.9614,0.9674,4.1618
15.9616,1.0099,4.3444
15.9618,1.0347,4.445
15.9620,1.0427,4.4795
15.9622,1.0607,4.5568
15.9624,1.0877,4.6705
15.9626,1.0426,4.479
15.9628,1.0469,4.4996
15.9630,1.0638,4.568
15.9632,1.0919,4.6929
15.9634,1.035,4.4507
15.9636,1.0071,4.3426
15.9638,0.8095,3.4922
15.9640,0.7476,3.2252
15.9642,0.7905,3.4041
15.9644,0.9227,3.9694
15.9646,0.939,4.0414
15.9648,0.9302,4.0019
15.9650,0.974,4.1863
15.9652,1.0483,4.4995
15.9654,1.1246,4.8291
15.9656,1.0236,4.3996
15.9658,0.9836,4.2295
15.9660,1.0113,4.3506
15.9662,0.9521,4.0996
15.9664,0.8824,3.8031
15.9666,0.8383,3.6129
15.9668,0.7679,3.3142
15.9670,0.7381,3.1844
15.9672,0.7425,3.2015
15.9674,0.7874,3.3954
15.9676,0.8103,3.4942
15.9678,0.7951,3.4253
15.9680,0.8259,3.5647
15.9682,0.7549,3.2553
15.9684,0.8513,3.6642
15.9686,0.9549,4.1062
15.9688,0.9671,4.1641
15.9690,0.8232,3.5561
15.9692,0.6579,2.8462
15.9694,0.6188,2.6759
15.9696,0.6148,2.657
15.9698,0.6185,2.6681
15.9700,0.6885,2.9688
15.9702,0.7087,3.0543
15.9704,0.741,3.1953
15.9706,0.73,3.1565
15.9708,0.6104,2.6396
15.9710,0.5796,2.5052
15.9712,0.5781,2.4984
15.9714,0.5895,2.5488
15.9716,0.5922,2.5596
15.9718,0.6036,2.6004
15.9720,0.7354,3.1739
15.9722,0.6132,2.649
15.9724,0.6071,2.6214
15.9726,0.6664,2.8764
15.9728,0.7294,3.1481
15.9730,0.7209,3.1012
15.9732,0.824,3.5498
15.9734,0.8388,3.6117
15.9736,0.8459,3.6376
15.9738,0.8784,3.7826
15.9740,0.8909,3.8345
15.9742,0.8807,3.7871
15.9744,0.9019,3.882
15.9746,0.8838,3.8076
15.9748,0.8293,3.5725
15.9750,0.7877,3.3917
15.9752,0.8432,3.624
15.9754,0.9041,3.8985
15.9756,0.7392,3.1905
15.9758,0.6944,2.9956
15.9760,0.6866,2.9647
15.9762,0.6914,2.9826
15.9764,0.6905,2.9804
15.9766,0.6848,2.9528
15.9768,0.6875,2.9647
15.9770,0.6893,2.9725
15.9772,0.6896,2.9749
15.9774,0.7091,3.0592
15.9776,0.6899,2.9778
15.9778,0.6898,2.9773
15.9780,0.6926,2.9892
15.9782,0.678,2.922
15.9784,0.7322,3.1512
15.9786,0.804,3.4635
15.9788,0.7874,3.3954
15.9790,0.7379,3.1833
15.9792,0.7066,3.0469
15.9794,0.7168,3.0923
15.9796,0.695,2.9954
15.9798,0.753,3.2425
15.9800,0.742,3.198
15.9802,0.7404,3.1883
15.9804,0.7651,3.3023
15.9806,0.6642,2.8665
15.9808,0.661,2.8504
15.9810,0.684,2.9492
15.9812,0.7307,3.1523
15.9814,0.6742,2.9087
15.9816,0.6146,2.6553
15.9818,0.5739,2.4746
15.9820,0.6369,2.7478
15.9822,0.589,2.5456
15.9824,0.5646,2.4404
15.9826,0.564,2.4344
15.9828,0.6071,2.6166
15.9830,0.7103,3.0573
15.9832,0.7989,3.4386
15.9834,0.8614,3.7041
15.9836,0.8625,3.7104
15.9838,0.8039,3.4598
15.9840,0.8459,3.6426
15.9842,0.8741,3.7622
15.9844,0.8789,3.7741
15.9846,0.9269,3.98
15.9848,0.9311,4.0036
15.9850,0.9239,3.9653
15.9852,1.0334,4.4331
15.9854,1.0312,4.4259
15.9856,1.0129,4.3492
15.9858,1.0299,4.4182
15.9860,1.0716,4.5886
15.9862,1.1071,4.745
15.9864,1.0758,4.6195
15.9866,0.9925,4.2637
15.9868,0.9083,3.9075
15.9870,0.8618,3.7056
15.9872,0.8829,3.7964
15.9874,0.9197,3.9547
15.9876,0.8741,3.7587
15.9878,0.8687,3.739
15.9880,0.7992,3.4461
15.9882,0.7601,3.2699
15.9884,0.8324,3.581
15.9886,0.8909,3.8327
15.9888,0.8838,3.8023
15.9890,0.884,3.8063
15.9892,0.8125,3.4986
15.9894,0.7871,3.3907
15.9896,0.6985,3.009
15.9898,0.7229,3.1172
15.9900,0.6919,2.9792
15.9902,0.7678,3.3121
15.9904,0.725,3.1246
15.9906,0.7657,3.2957
15.9908,0.8456,3.6343
15.9910,0.8895,3.8318
15.9912,0.7738,3.3272
15.9914,0.8557,3.6879
15.9916,0.7368,3.1757
15.9918,0.6752,2.9128
15.9920,0.683,2.9451
15.9922,0.7023,3.0255
15.9924,0.7308,3.1455
15.9926,0.7618,3.2771
15.9928,0.8021,3.4601
15.9930,0.6655,2.8696
15.9932,0.6673,2.876
15.9934,0.7069,3.048
15.9936,0.7227,3.1148
15.9938,0.7483,3.2239
15.9940,0.7271,3.1295
15.9942,0.7699,3.3138
15.9944,0.8093,3.4879
15.9946,0.7429,3.2036
15.9948,0.7358,3.1711
15.9950,0.7124,3.0717
15.9952,0.7227,3.1133
15.9954,0.7882,3.3954
15.9956,0.7402,3.1917
15.9958,0.748,3.2223
15.9960,0.7182,3.0956
15.9962,0.6842,2.9516
15.9964,0.6622,2.8583
15.9966,0.6416,2.7667
15.9968,0.6299,2.7185
15.9970,0.6594,2.8379
15.9972,0.8228,3.5381
15.9974,0.754,3.2436
15.9976,0.7965,3.4283
15.9978,0.6964,3.0044
15.9980,0.6481,2.7959
15.9982,0.6399,2.7582
15.9984,0.7358,3.1696
15.9986,0.734,3.1648
15.9988,0.6323,2.7263
15.9990,0.6203,2.6759
15.9992,0.6317,2.7276
15.9994,0.613,2.6443
15.9996,0.6115,2.6381
15.9998,0.6156,2.6582
16.0000,0.6289,2.7131
16.0002,0.6259,2.7002
16.0004,0.6226,2.6857
16.0006,0.5993,2.5866
16.0008,0.5961,2.5702
16.0010,0.6636,2.8613
16.0012,0.6429,2.7762
16.0014,0.6077,2.6252
16.0016,0.5138,2.2186
16.0018,0.5199,2.2471
16.0020,0.5094,2.1994
16.0022,0.526,2.2714
16.0024,0.5386,2.3258
16.0026,0.5173,2.2326
16.0028,0.5136,2.2186
16.0030,0.5642,2.4338
16.0032,0.6455,2.7819
16.0034,0.6305,2.7161
16.0036,0.662,2.8585
16.0038,0.5501,2.3755
16.0040,0.5305,2.2895
16.0042,0.5407,2.3324
16.0044,0.5501,2.3744
16.0046,0.6139,2.6472
16.0048,0.6319,2.7248
16.0050,0.6464,2.7835
16.0052,0.7292,3.1354
16.0054,0.7329,3.1528
16.0056,0.6957,3.0013
16.0058,0.614,2.649
16.0060,0.6131,2.6399
16.0062,0.6908,2.98
16.0064,0.6245,2.6952
16.0066,0.6064,2.6135
16.0068,0.5982,2.5795
16.0070,0.6174,2.6573
16.0072,0.7748,3.3318
16.0074,0.7971,3.4309
16.0076,0.7637,3.2869
16.0078,0.7905,3.3994
16.0080,0.7615,3.2822
16.0082,0.6813,2.9324
16.0084,0.7793,3.3493
16.0086,0.7678,3.306
16.0088,0.7241,3.1137
16.0090,0.7763,3.3396
16.0092,0.7108,3.0636
16.0094,0.6636,2.8613
16.0096,0.6173,2.6642
16.0098,0.5435,2.347
16.0100,0.529,2.2854
16.0102,0.5329,2.302
16.0104,0.533,2.2993
16.0106,0.5275,2.2755
16.0108,0.5239,2.261
16.0110,0.5307,2.2927
16.0112,0.536,2.3144
16.0114,0.5379,2.3205
16.0116,0.5299,2.2859
16.0118,0.526,2.2693
16.0120,0.5384,2.3204
16.0122,0.6553,2.8217
16.0124,0.6533,2.8077
16.0126,0.7234,3.115
16.0128,0.6878,2.963
16.0130,0.6904,2.9716
16.0132,0.7828,3.3627
16.0134,0.8178,3.5115
16.0136,0.8814,3.7814
16.0138,0.9334,4.0022
16.0140,0.9055,3.8938
16.0142,0.7814,3.3602
16.0144,0.7693,3.3143
16.0146,0.6543,2.8215
16.0148,0.6354,2.7373
16.0150,0.6516,2.8031
16.0152,0.7311,3.1436
16.0154,0.7853,3.3782
16.0156,0.7311,3.1451
16.0158,0.7072,3.0453
16.0160,0.6446,2.7796
16.0162,0.6637,2.8552
16.0164,0.7465,3.2116
16.0166,0.7469,3.2102
16.0168,0.8087,3.4707
16.0170,0.8982,3.8534
16.0172,0.9757,4.1837
16.0174,0.9118,3.9115
16.0176,0.9316,3.9983
16.0178,0.9788,4.1951
16.0180,0.9919,4.2571
16.0182,0.9577,4.1066
16.0184,0.9924,4.2512
16.0186,1.0155,4.3544
16.0188,1.0603,4.5361
16.0190,1.1546,4.9439
16.0192,1.1302,4.842
16.0194,1.1349,4.8597
16.0196,1.1175,4.7831
16.0198,1.109,4.7621
16.0200,0.931,3.9957
16.0202,0.8623,3.7094
16.0204,0.8029,3.4525
16.0206,0.7925,3.4124
16.0208,0.782,3.3674
16.0210,0.7776,3.3468
16.0212,0.7564,3.2554
16.0214,0.7932,3.4123
16.0216,0.8105,3.4817
16.0218,0.8716,3.7427
16.0220,0.8618,3.7022
16.0222,0.868,3.729
16.0224,0.8612,3.7082
16.0226,0.7519,3.2348
16.0228,0.8305,3.5661
16.0230,0.8824,3.7943
16.0232,0.8908,3.8215
16.0234,0.8559,3.6786
16.0236,0.8143,3.5014
16.0238,0.8125,3.4986
16.0240,0.7736,3.3298
16.0242,0.8114,3.4874
16.0244,0.8459,3.6342
16.0246,0.8837,3.8
16.0248,0.8039,3.463
16.0250,0.7469,3.2117
16.0252,0.8054,3.4633
16.0254,0.7589,3.2663
16.0256,0.7627,3.2843
16.0258,0.7292,3.1456
16.0260,0.6128,2.6426
16.0262,0.6204,2.6739
16.0264,0.6637,2.8552
16.0266,0.7029,3.0309
16.0268,0.6289,2.7068
16.0270,0.6696,2.8831
16.0272,0.7332,3.1588
16.0274,0.728,3.1375
16.0276,0.6463,2.7881
16.0278,0.6063,2.6142
16.0280,0.5963,2.5724
16.0282,0.639,2.7502
16.0284,0.7619,3.2777
16.0286,0.7575,3.2601
16.0288,0.7202,3.1039
16.0290,0.7113,3.0628
16.0292,0.7245,3.1138
16.0294,0.7615,3.2822
16.0296,0.6522,2.8135
16.0298,0.6025,2.5969
16.0300,0.6031,2.5995
16.0302,0.6063,2.6154
16.0304,0.6227,2.6837
16.0306,0.7323,3.1517
16.0308,0.7194,3.0965
16.0310,0.7343,3.159
16.0312,0.7253,3.1261
16.0314,0.6992,3.0051
16.0316,0.8035,3.4599
16.0318,0.7158,3.0853
16.0320,0.6715,2.8941
16.0322,0.6742,2.9033
16.0324,0.6896,2.9707
16.0326,0.6642,2.8599
16.0328,0.6776,2.9177
16.0330,0.7497,3.2235
16.0332,0.8066,3.4684
16.0334,0.7763,3.338
16.0336,0.8024,3.4552
16.0338,0.7672,3.3019
16.0340,0.722,3.1073
16.0342,0.6959,2.9995
16.0344,0.67,2.8865
16.0346,0.6848,2.9432
16.0348,0.8188,3.5178
16.0350,0.8295,3.5702
16.0352,0.7802,3.3597
16.0354,0.78,3.3555
16.0356,0.726,3.1292
16.0358,0.5886,2.5393
16.0360,0.5522,2.3843
16.0362,0.545,2.3521
16.0364,0.5465,2.3589
16.0366,0.5467,2.3594
16.0368,0.5554,2.3983
16.0370,0.564,2.4333
16.0372,0.5463,2.3567
16.0374,0.5441,2.3485
16.0376,0.5426,2.3407
16.0378,0.5445,2.349
16.0380,0.5604,2.4155
16.0382,0.6337,2.7313
16.0384,0.6421,2.7675
16.0386,0.5782,2.4955
16.0388,0.5609,2.4198
16.0390,0.6023,2.5911
16.0392,0.67,2.8865
16.0394,0.6452,2.7809
16.0396,0.6434,2.7731
16.0398,0.6445,2.7765
16.0400,0.6426,2.7708
16.0402,0.6498,2.7979
16.0404,0.7091,3.0493
16.0406,0.7539,3.2431
16.0408,0.7661,3.2926
16.0410,0.8103,3.4812
16.0412,0.735,3.1665
16.0414,0.6893,2.9656
16.0416,0.7916,3.4024
16.0418,0.7236,3.1174
16.0420,0.6499,2.8011
16.0422,0.632,2.7215
16.0424,0.6283,2.7068
16.0426,0.6288,2.7101
16.0428,0.6338,2.7305
16.0430,0.6337,2.7288
16.0432,0.6349,2.7377
16.0434,0.6513,2.8047
16.0436,0.7046,3.0339
16.0438,0.7148,3.0764
16.0440,0.6979,3.0008
16.0442,0.7636,3.2864
16.0444,0.717,3.0876
16.0446,0.7122,3.0655
16.0448,0.709,3.0516
16.0450,0.6836,2.9463
16.0452,0.6844,2.9458
16.0454,0.7298,3.1365
16.0456,0.7617,3.2812
16.0458,0.6458,2.7835
16.0460,0.6353,2.7367
16.0462,0.6622,2.8516
16.0464,0.6028,2.5992
16.0466,0.5971,2.5749
16.0468,0.6187,2.6655
16.0470,0.6571,2.8294
16.0472,0.629,2.7124
16.0474,0.5911,2.5478
16.0476,0.5968,2.5745
16.0478,0.4987,2.1534
16.0480,0.4704,2.0312
16.0482,0.4729,2.043
16.0484,0.4681,2.0213
16.0486,0.4741,2.0472
16.0488,0.4854,2.0939
16.0490,0.5121,2.2072
16.0492,0.5397,2.324
16.0494,0.595,2.5608
16.0496,0.6127,2.6408
16.0498,0.5929,2.5544
16.0500,0.6048,2.6055
16.0502,0.7028,3.0219
16.0504,0.7543,3.2436
16.0506,0.7217,3.1034
16.0508,0.7946,3.4137
16.0510,0.8402,3.6061
16.0512,0.8808,3.7841
16.0514,0.7938,3.4117
16.0516,0.7813,3.3581
16.0518,0.7838,3.3673
16.0520,0.8599,3.6888
16.0522,0.9168,3.9331
16.0524,0.8649,3.7087
16.0526,0.8999,3.8624
16.0528,0.8652,3.7171
16.0530,0.8516,3.6567
16.0532,0.9046,3.8825
16.0534,0.8828,3.7906
16.0536,0.8796,3.7807
16.0538,0.8716,3.7357
16.0540,0.9244,3.9637
16.0542,0.956,4.0956
16.0544,1.0165,4.3586
16.0546,0.9246,3.9758
16.0548,0.831,3.5715
16.0550,0.8109,3.4854
16.0552,0.8419,3.6183
16.0554,0.8372,3.5983
16.0556,0.7888,3.3948
16.0558,0.6831,2.9415
16.0560,0.6425,2.7677
16.0562,0.6347,2.7367
16.0564,0.6296,2.715
16.0566,0.6322,2.7246
16.0568,0.6715,2.89
16.0570,0.7069,3.0409
16.0572,0.7891,3.3963
16.0574,0.7473,3.2147
16.0576,0.7437,3.1948
16.0578,0.8421,3.6126
16.0580,0.8903,3.823
16.0582,0.9012,3.8735
16.0584,0.8652,3.7171
16.0586,0.7806,3.3581
16.0588,0.7438,3.2027
16.0590,0.6998,3.0118
16.0592,0.7427,3.1907
16.0594,0.7765,3.3359
16.0596,0.8192,3.5242
16.0598,0.7546,3.2537
16.0600,0.6517,2.8049
16.0602,0.663,2.8574
16.0604,0.7024,3.0232
16.0606,0.6595,2.8477
16.0608,0.5572,2.4016
16.0610,0.5892,2.5431
16.0612,0.598,2.5797
16.0614,0.5963,2.57
16.0616,0.6395,2.7574
16.0618,0.5609,2.4221
16.0620,0.525,2.2636
16.0622,0.597,2.572
16.0624,0.627,2.7011
16.0626,0.6095,2.6293
16.0628,0.6022,2.5966
16.0630,0.6109,2.6343
16.0632,0.5914,2.5489
16.0634,0.6319,2.7261
16.0636,0.5782,2.4966
16.0638,0.5311,2.2921
16.0640,0.5735,2.473
16.0642,0.5851,2.522
16.0644,0.6109,2.6343
16.0646,0.607,2.6173
16.0648,0.575,2.4815
16.0650,0.5128,2.2134
16.0652,0.5082,2.1922
16.0654,0.5131,2.2093
16.0656,0.6048,2.6092
16.0658,0.5186,2.2372
16.0660,0.577,2.4903
16.0662,0.5513,2.3762
16.0664,0.5612,2.4186
16.0666,0.5618,2.4246
16.0668,0.4872,2.1027
16.0670,0.4488,1.9371
16.0672,0.4476,1.931
16.0674,0.4426,1.9101
16.0676,0.4456,1.9248
16.0678,0.4448,1.9217
16.0680,0.4457,1.9254
16.0682,0.4664,2.0122
16.0684,0.4523,1.952
16.0686,0.4614,1.9914
16.0688,0.4724,2.0371
16.0690,0.4677,2.0179
16.0692,0.4558,1.9689
16.0694,0.4538,1.9588
16.0696,0.4606,1.9859
16.0698,0.4558,1.968
16.0700,0.4452,1.9233
16.0702,0.4743,2.0463
16.0704,0.5239,2.2589
16.0706,0.4739,2.0452
16.0708,0.441,1.906
16.0710,0.4329,1.8699
16.0712,0.4297,1.8539
16.0714,0.4433,1.9123
16.0716,0.4657,2.0091
16.0718,0.5237,2.2552
16.0720,0.5825,2.5071
16.0722,0.5654,2.4344
16.0724,0.5638,2.4277
16.0726,0.6048,2.6055
16.0728,0.5781,2.488
16.0730,0.592,2.549
16.0732,0.5995,2.5804
16.0734,0.6282,2.705
16.0736,0.5939,2.5549
16.0738,0.6337,2.7236
16.0740,0.7,3.01
16.0742,0.6825,2.9388
16.0744,0.629,2.7048
16.0746,0.6482,2.7951
16.0748,0.5612,2.4197
16.0750,0.5392,2.324
16.0752,0.546,2.3535
16.0754,0.6266,2.6957
16.0756,0.6119,2.636
16.0758,0.559,2.4082
16.0760,0.5929,2.5532
16.0762,0.5568,2.3989
16.0764,0.5908,2.5439
16.0766,0.5975,2.5776
16.0768,0.4656,2.0095
16.0770,0.443,1.9131
16.0772,0.4408,1.9006
16.0774,0.5225,2.2511
16.0776,0.5418,2.3365
16.0778,0.491,2.1182
16.0780,0.5356,2.3085
16.0782,0.5492,2.3669
16.0784,0.5034,2.1705
16.0786,0.4962,2.1395
16.0788,0.506,2.1829
16.0790,0.5095,2.1969
16.0792,0.5052,2.1772
16.0794,0.5225,2.2501
16.0796,0.6005,2.5845
16.0798,0.6183,2.6577
16.0800,0.7013,3.0129
16.0802,0.7507,3.2266
16.0804,0.7323,3.1429
16.0806,0.7309,3.1474
16.0808,0.6247,2.69
16.0810,0.5872,2.5284
16.0812,0.5741,2.4709
16.0814,0.5942,2.56
16.0816,0.5814,2.5036
16.0818,0.5802,2.4973
16.0820,0.5534,2.3806
16.0822,0.5969,2.5702
16.0824,0.5857,2.5233
16.0826,0.5715,2.4596
16.0828,0.6548,2.813
16.0830,0.7522,3.2313
16.0832,0.7279,3.1258
16.0834,0.7661,3.291
16.0836,0.7531,3.2324
16.0838,0.8032,3.4475
16.0840,0.7919,3.405
16.0842,0.7395,3.1723
16.0844,0.8863,3.8024
16.0846,0.8452,3.6243
16.0848,0.8915,3.8192
16.0850,0.8853,3.7995
16.0852,0.8438,3.6181
16.0854,0.8879,3.8091
16.0856,0.8995,3.8644
16.0858,0.8371,3.5926
16.0860,0.824,3.5382
16.0862,0.8282,3.5529
16.0864,0.8648,3.7167
16.0866,0.8053,3.4563
16.0868,0.8347,3.5807
16.0870,0.8438,3.6181
16.0872,0.8663,3.7234
16.0874,0.7875,3.3848
16.0876,0.7565,3.2514
16.0878,0.779,3.3451
16.0880,0.8031,3.4486
16.0882,0.8261,3.5458
16.0884,0.883,3.7862
16.0886,0.8487,3.6443
16.0888,0.8273,3.5559
16.0890,0.8519,3.6599
16.0892,0.8596,3.6928
16.0894,0.8513,3.6573
16.0896,0.827,3.5511
16.0898,0.8431,3.6184
16.0900,0.8458,3.6285
16.0902,0.8644,3.7134
16.0904,0.8307,3.5704
16.0906,0.8014,3.4446
16.0908,0.794,3.4127
16.0910,0.7513,3.2292
16.0912,0.7722,3.3142
16.0914,0.8507,3.6513
16.0916,0.8612,3.6978
16.0918,0.8935,3.8315
16.0920,0.9172,3.9291
16.0922,0.9553,4.0982
16.0924,0.9475,4.0647
16.0926,0.9437,4.0426
16.0928,0.9837,4.2142
16.0930,1.0062,4.3087
16.0932,0.9621,4.1352
16.0934,0.7909,3.4056
16.0936,0.7711,3.3142
16.0938,0.7956,3.4178
16.0940,0.8055,3.4589
16.0942,0.8425,3.6209
16.0944,0.8348,3.5845
16.0946,0.836,3.593
16.0948,0.801,3.4409
16.0950,0.827,3.5544
16.0952,0.8542,3.6714
16.0954,0.8489,3.6453
16.0956,0.8429,3.6196
16.0958,0.8375,3.5997
16.0960,0.8215,3.5356
16.0962,0.7114,3.0633
16.0964,0.699,3.0087
16.0966,0.7591,3.2642
16.0968,0.7231,3.1139
16.0970,0.6847,2.9495
16.0972,0.6743,2.9051
16.0974,0.7142,3.0694
16.0976,0.8241,3.5371
16.0978,0.8395,3.6113
16.0980,0.7255,3.1256
16.0982,0.68,2.9321
16.0984,0.6126,2.6415
16.0986,0.5851,2.5243
16.0988,0.5911,2.5466
16.0990,0.6465,2.7852
16.0992,0.6498,2.7979
16.0994,0.6435,2.771
16.0996,0.6361,2.7403
16.0998,0.6486,2.794
16.1000,0.6583,2.8359
16.1002,0.6628,2.8542
16.1004,0.6432,2.7721
16.1006,0.6121,2.637
16.1008,0.6648,2.8584
16.1010,0.7071,3.0419
16.1012,0.6818,2.9412
16.1014,0.5625,2.4288
16.1016,0.5309,2.2905
16.1018,0.5311,2.2931
16.1020,0.527,2.2745
16.1022,0.5344,2.3055
16.1024,0.5325,2.2961
16.1026,0.5329,2.2966
16.1028,0.5337,2.3002
16.1030,0.5855,2.5235
16.1032,0.6192,2.6687
16.1034,0.6142,2.6482
16.1036,0.5484,2.366
16.1038,0.5383,2.3209
16.1040,0.5856,2.5193
16.1042,0.7119,3.0639
16.1044,0.6927,2.9786
16.1046,0.7061,3.0391
16.1048,0.704,3.0327
16.1050,0.6679,2.8758
16.1052,0.6417,2.7646
16.1054,0.6134,2.6439
16.1056,0.6199,2.6693
16.1058,0.6301,2.7132
16.1060,0.5618,2.4212
16.1062,0.543,2.3395
16.1064,0.5766,2.4864
16.1066,0.6323,2.7212
16.1068,0.6976,3.0025
16.1070,0.6775,2.9185
16.1072,0.6252,2.6958
16.1074,0.5927,2.5509
16.1076,0.6252,2.6945
16.1078,0.548,2.3628
16.1080,0.5174,2.232
16.1082,0.5216,2.2491
16.1084,0.5271,2.2729
16.1086,0.5337,2.3002
16.1088,0.5438,2.3458
16.1090,0.5718,2.4634
16.1092,0.5881,2.5372
16.1094,0.495,2.1353
16.1096,0.4523,1.9529
16.1098,0.4361,1.8804
16.1100,0.4914,2.1188
16.1102,0.5024,2.1694
16.1104,0.5036,2.1725
16.1106,0.5258,2.2661
16.1108,0.5034,2.1695
16.1110,0.5601,2.4128
16.1112,0.5761,2.4797
16.1114,0.6514,2.8025
16.1116,0.6673,2.8706
16.1118,0.6542,2.817
16.1120,0.6793,2.9222
16.1122,0.7209,3.1012
16.1124,0.6983,3.0028
16.1126,0.6747,2.9012
16.1128,0.7137,3.0645
16.1130,0.7772,3.3405
16.1132,0.7595,3.2642
16.1134,0.7537,3.238
16.1136,0.7041,3.0346
16.1138,0.6372,2.7411
16.1140,0.6646,2.8632
16.1142,0.602,2.5948
16.1144,0.5747,2.4735
16.1146,0.5824,2.51
16.1148,0.5968,2.5697
16.1150,0.648,2.7875
16.1152,0.7389,3.1726
16.1154,0.8022,3.4445
16.1156,0.804,3.4506
16.1158,0.7962,3.4187
16.1160,0.8278,3.5481
16.1162,0.9188,3.9418
16.1164,0.8877,3.8098
16.1166,0.8825,3.7912
16.1168,0.8471,3.641
16.1170,0.8071,3.464
16.1172,0.882,3.7803
16.1174,0.9419,4.0405
16.1176,0.9333,4.0059
16.1178,0.8901,3.8201
16.1180,0.9243,3.9636
16.1182,0.9118,3.9133
16.1184,0.9198,3.9477
16.1186,0.8951,3.8399
16.1188,0.8841,3.7908
16.1190,0.8656,3.7099
16.1192,0.9213,3.9563
16.1194,0.8544,3.6724
16.1196,0.8202,3.5217
16.1198,0.8291,3.5603
16.1200,0.8422,3.6181
16.1202,0.8276,3.5553
16.1204,0.8343,3.5808
16.1206,0.8431,3.6184
16.1208,0.8236,3.5383
16.1210,0.8157,3.5059
16.1212,0.819,3.5149
16.1214,0.8895,3.8122
16.1216,0.8861,3.8102
16.1218,0.7676,3.2993
16.1220,0.8333,3.5734
16.1222,0.8715,3.7421
16.1224,0.8046,3.4596
16.1226,0.803,3.4561
16.1228,0.7592,3.2632
16.1230,0.8138,3.4993
16.1232,0.8229,3.5352
16.1234,0.8184,3.5173
16.1236,0.7793,3.3524
16.1238,0.7035,3.0334
16.1240,0.6996,3.0113
16.1242,0.7446,3.2048
16.1244,0.7223,3.1103
16.1246,0.6847,2.9495
16.1248,0.6926,2.9781
16.1250,0.7506,3.2291
16.1252,0.7263,3.1258
16.1254,0.7538,3.24
16.1256,0.7646,3.2986
16.1258,0.6532,2.8129
16.1260,0.7092,3.0526
16.1262,0.6956,2.9951
16.1264,0.6838,2.9418
16.1266,0.7007,3.0131
16.1268,0.7578,3.257
16.1270,0.7815,3.3575
16.1272,0.7802,3.3581
16.1274,0.7773,3.3441
16.1276,0.7735,3.3292
16.1278,0.688,2.9667
16.1280,0.6205,2.6756
16.1282,0.6181,2.6641
16.1284,0.5958,2.5667
16.1286,0.5859,2.525
16.1288,0.6597,2.8381
16.1290,0.7999,3.4379
16.1292,0.7925,3.4091
16.1294,0.7606,3.2704
16.1296,0.7577,3.2595
16.1298,0.6968,3.0017
16.1300,0.6747,2.9053
16.1302,0.6838,2.9432
16.1304,0.6866,2.955
16.1306,0.7669,3.3008
16.1308,0.7212,3.1085
16.1310,0.6136,2.6444
16.1312,0.6182,2.6596
16.1314,0.7076,3.0453
16.1316,0.7016,3.0195
16.1318,0.7166,3.0783
16.1320,0.769,3.3096
16.1322,0.7433,3.2006
16.1324,0.7541,3.2456
16.1326,0.7626,3.2776
16.1328,0.7753,3.3338
16.1330,0.8029,3.454
16.1332,0.7227,3.1132
16.1334,0.6469,2.7868
16.1336,0.6006,2.585
16.1338,0.6914,2.9743
16.1340,0.7259,3.1315
16.1342,0.6243,2.6909
16.1344,0.621,2.6765
16.1346,0.615,2.6518
16.1348,0.6288,2.7088
16.1350,0.5957,2.5674
16.1352,0.5411,2.3366
16.1354,0.4813,2.0782
16.1356,0.4711,2.0333
16.1358,0.4707,2.0336
16.1360,0.5176,2.2341
16.1362,0.5529,2.3873
16.1364,0.4797,2.0706
16.1366,0.468,2.0208
16.1368,0.4673,2.0158
16.1370,0.5161,2.2263
16.1372,0.4745,2.0497
16.1374,0.468,2.0217
16.1376,0.4661,2.0106
16.1378,0.5225,2.2501
16.1380,0.6055,2.6098
16.1382,0.6036,2.6015
16.1384,0.63,2.7114
16.1386,0.629,2.7111
16.1388,0.5699,2.4574
16.1390,0.5446,2.3473
16.1392,0.5378,2.3178
16.1394,0.5408,2.3318
16.1396,0.58,2.4986
16.1398,0.6272,2.7008
16.1400,0.6486,2.7914
16.1402,0.67,2.8811
16.1404,0.6783,2.9153
16.1406,0.7038,3.0265
16.1408,0.7073,3.0443
16.1410,0.6925,2.9803
16.1412,0.6855,2.9504
16.1414,0.666,2.8663
16.1416,0.6817,2.9339
16.1418,0.6747,2.9026
16.1420,0.68,2.9239
16.1422,0.6496,2.8013
16.1424,0.5771,2.4873
16.1426,0.6049,2.606
16.1428,0.5867,2.5287
16.1430,0.5951,2.5648
16.1432,0.5953,2.5623
16.1434,0.6269,2.698
16.1436,0.668,2.875
16.1438,0.6377,2.7419
16.1440,0.6618,2.8455
16.1442,0.7132,3.071
16.1444,0.6558,2.8237
16.1446,0.6219,2.6781
16.1448,0.6332,2.7241
16.1450,0.7161,3.082
16.1452,0.6838,2.9404
16.1454,0.6761,2.9074
16.1456,0.7259,3.1228
16.1458,0.7194,3.0993
16.1460,0.6095,2.6281
16.1462,0.5504,2.3743
16.1464,0.5241,2.2631
16.1466,0.4912,2.1202
16.1468,0.4878,2.1033
16.1470,0.5107,2.202
16.1472,0.5764,2.4854
16.1474,0.4988,2.1518
16.1476,0.4698,2.0276
16.1478,0.4625,1.996
16.1480,0.4727,2.04
16.1482,0.4777,2.0598
16.1484,0.5084,2.1912
16.1486,0.5368,2.3126
16.1488,0.6023,2.5946
16.1490,0.5805,2.5006
16.1492,0.5731,2.468
16.1494,0.6101,2.627
16.1496,0.7146,3.0672
16.1498,0.8036,3.4539
16.1500,0.7621,3.2741
16.1502,0.7336,3.15
16.1504,0.7666,3.29
16.1506,0.8187,3.5123
16.1508,0.8146,3.5013
16.1510,0.7831,3.3611
16.1512,0.9564,4.0932
16.1514,1.0486,4.49
16.1516,1.0017,4.2872
16.1518,1.0034,4.2964
16.1520,1.0097,4.3216
16.1522,1.0041,4.2995
16.1524,1.0532,4.5121
16.1526,0.9994,4.2855
16.1528,0.9213,3.9526
16.1530,0.8748,3.7583
16.1532,0.8176,3.5125
16.1534,0.8263,3.548
16.1536,0.8818,3.7864
16.1538,0.8877,3.808
16.1540,0.9059,3.888
16.1542,0.906,3.8867
16.1544,0.9281,3.9758
16.1546,1.0198,4.3729
16.1548,0.9685,4.1547
16.1550,0.9673,4.1419
16.1552,1.0532,4.51
16.1554,0.9901,4.2513
16.1556,0.8152,3.5088
16.1558,0.768,3.3039
16.1560,0.801,3.4425
16.1562,0.8072,3.4661
16.1564,0.8331,3.5807
16.1566,0.7879,3.3911
16.1568,0.7037,3.0288
16.1570,0.7017,3.02
16.1572,0.7351,3.164
16.1574,0.7642,3.2874
16.1576,0.7986,3.429
16.1578,0.8928,3.8409
16.1580,0.7223,3.1088
16.1582,0.7044,3.0291
16.1584,0.7284,3.1337
16.1586,0.7379,3.1774
16.1588,0.7401,3.1867
16.1590,0.6944,2.9886
16.1592,0.6881,2.9631
16.1594,0.6656,2.866
16.1596,0.6754,2.907
16.1598,0.6968,2.9975
16.1600,0.7142,3.0723
16.1602,0.7183,3.0947
16.1604,0.6966,2.9984
16.1606,0.7463,3.2105
16.1608,0.7361,3.1682
16.1610,0.7332,3.1528
16.1612,0.6926,2.9878
16.1614,0.5873,2.5336
16.1616,0.5645,2.4342
16.1618,0.5486,2.3654
16.1620,0.5556,2.3992
16.1622,0.5592,2.4137
16.1624,0.5661,2.4409
16.1626,0.579,2.4944
16.1628,0.5522,2.3842
16.1630,0.4936,2.1306
16.1632,0.4872,2.1026
16.1634,0.5078,2.1876
16.1636,0.6283,2.7067
16.1638,0.6758,2.9059
16.1640,0.7788,3.355
16.1642,0.6746,2.9075
16.1644,0.5731,2.4691
16.1646,0.5478,2.3601
16.1648,0.6113,2.6334
16.1650,0.6252,2.6908
16.1652,0.7001,3.0161
16.1654,0.665,2.8674
16.1656,0.5809,2.505
16.1658,0.5436,2.3431
16.1660,0.5537,2.3865
16.1662,0.5541,2.3892
16.1664,0.5687,2.4523
16.1666,0.5765,2.4859
16.1668,0.5429,2.34
16.1670,0.5423,2.3374
16.1672,0.624,2.6869
16.1674,0.6886,2.9693
16.1676,0.5695,2.4559
16.1678,0.5237,2.2594
16.1680,0.5243,2.261
16.1682,0.5263,2.2703
16.1684,0.5318,2.2941
16.1686,0.5245,2.2615
16.1688,0.5198,2.2434
16.1690,0.5248,2.2641
16.1692,0.5258,2.2672
16.1694,0.5248,2.2641
16.1696,0.5276,2.2749
16.1698,0.5784,2.4895
16.1700,0.6083,2.6205
16.1702,0.5471,2.3592
16.1704,0.551,2.3735
16.1706,0.5831,2.5131
16.1708,0.5606,2.4138
16.1710,0.5728,2.4676
16.1712,0.6343,2.7275
16.1714,0.7287,3.1303
16.1716,0.7273,3.1305
16.1718,0.6615,2.8472
16.1720,0.654,2.816
16.1722,0.6771,2.9156
16.1724,0.6636,2.8559
16.1726,0.6651,2.8613
16.1728,0.7078,3.0435
16.1730,0.7476,3.2102
16.1732,0.8048,3.4558
16.1734,0.7666,3.2962
16.1736,0.7252,3.1226
16.1738,0.6686,2.8749
16.1740,0.7212,3.1027
16.1742,0.6921,2.9815
16.1744,0.6008,2.5908
16.1746,0.5765,2.4836
16.1748,0.5666,2.4396
16.1750,0.5701,2.4573
16.1752,0.6068,2.6143
16.1754,0.6562,2.8231
16.1756,0.6865,2.9531
16.1758,0.6749,2.9036
16.1760,0.6789,2.922
16.1762,0.6685,2.8824
16.1764,0.5285,2.277
16.1766,0.549,2.3708
16.1768,0.4174,1.8023
16.1770,0.3971,1.7124
16.1772,0.5371,2.3147
16.1774,0.6179,2.6643
16.1776,0.5308,2.2878
16.1778,0.4983,2.1488
16.1780,0.4968,2.143
16.1782,0.4984,2.1503
16.1784,0.4971,2.1436
16.1786,0.4993,2.1539
16.1788,0.5317,2.2914
16.1790,0.6143,2.6451
16.1792,0.5928,2.5503
16.1794,0.6389,2.7496
16.1796,0.6291,2.7103
16.1798,0.5561,2.3969
16.1800,0.5227,2.2537
16.1802,0.51,2.1999
16.1804,0.4899,2.1126
16.1806,0.5526,2.3841
16.1808,0.5001,2.1575
16.1810,0.4909,2.1167
16.1812,0.4886,2.1059
16.1814,0.4869,2.1016
16.1816,0.4831,2.0821
16.1818,0.5084,2.1881
16.1820,0.5383,2.3188
16.1822,0.5996,2.5845
16.1824,0.5624,2.4237
16.1826,0.5512,2.3724
16.1828,0.6343,2.7275
16.1830,0.7127,3.0661
16.1832,0.689,2.9585
16.1834,0.7237,3.1092
16.1836,0.7657,3.288
16.1838,0.7785,3.3477
16.1840,0.771,3.3122
16.1842,0.798,3.4265
16.1844,0.7966,3.424
16.1846,0.7769,3.3374
16.1848,0.764,3.2808
16.1850,0.7553,3.2432
16.1852,0.761,3.2709
16.1854,0.7731,3.323
16.1856,0.7595,3.2627
16.1858,0.7845,3.3719
16.1860,0.7579,3.2591
16.1862,0.7217,3.1019
16.1864,0.7337,3.1549
16.1866,0.6883,2.954
16.1868,0.835,3.5856
16.1870,0.8437,3.6159
16.1872,0.8933,3.8322
16.1874,0.8968,3.8525
16.1876,0.8195,3.5142
16.1878,0.9199,3.9391
16.1880,0.9849,4.2331
16.1882,0.7487,3.2149
16.1884,0.7326,3.1473
16.1886,0.7282,3.1297
16.1888,0.7258,3.1223
16.1890,0.7233,3.1115
16.1892,0.7236,3.1087
16.1894,0.7608,3.2684
16.1896,0.7377,3.1734
16.1898,0.7012,3.0138
16.1900,0.7819,3.359
16.1902,0.8567,3.677
16.1904,0.8914,3.8204
16.1906,0.889,3.8226
16.1908,0.7947,3.4173
16.1910,0.7803,3.3539
16.1912,0.7205,3.0953
16.1914,0.7932,3.4106
16.1916,0.805,3.4585
16.1918,0.7964,3.4277
16.1920,0.7273,3.1276
16.1922,0.7901,3.3925
16.1924,0.823,3.5341
16.1926,0.868,3.7254
16.1928,0.8779,3.7681
16.1930,0.8319,3.5705
16.1932,0.8215,3.5323
16.1934,0.7049,3.0368
16.1936,0.6632,2.8544
16.1938,0.7572,3.2514
16.1940,0.8264,3.5501
16.1942,0.7833,3.3668
16.1944,0.7704,3.3158
16.1946,0.7251,3.1178
16.1948,0.7315,3.1456
16.1950,0.7378,3.1754
16.1952,0.633,2.7281
16.1954,0.6076,2.6186
16.1956,0.6017,2.5896
16.1958,0.6855,2.9504
16.1960,0.6963,2.9968
16.1962,0.68,2.928
16.1964,0.6124,2.638
16.1966,0.5954,2.5664
16.1968,0.6271,2.7016
16.1970,0.6568,2.8297
16.1972,0.613,2.6406
16.1974,0.5959,2.5673
16.1976,0.5879,2.5315
16.1978,0.608,2.617
16.1980,0.6246,2.6882
16.1982,0.5957,2.5674
16.1984,0.6103,2.6292
16.1986,0.6645,2.8641
16.1988,0.5612,2.4197
16.1990,0.5028,2.1679
16.1992,0.5025,2.1659
16.1994,0.5577,2.4025
16.1996,0.5632,2.4274
16.1998,0.5564,2.4024
16.2000,0.5059,2.1824
16.2002,0.5302,2.2852
16.2004,0.5457,2.353
16.2006,0.5608,2.4193
16.2008,0.5006,2.1596
16.2010,0.4758,2.0525
16.2012,0.4673,2.0167
16.2014,0.4614,1.9923
16.2016,0.4598,1.9846
16.2018,0.4615,1.9919
16.2020,0.463,2
16.2022,0.4549,1.9653
16.2024,0.4476,1.9319
16.2026,0.4465,1.9254
16.2028,0.444,1.9146
16.2030,0.4542,1.9594
16.2032,0.4528,1.9514
16.2034,0.5047,2.1752
16.2036,0.5235,2.2584
16.2038,0.5055,2.1778
16.2040,0.5529,2.3818
16.2042,0.5508,2.3741
16.2044,0.5675,2.4448
16.2046,0.5523,2.3814
16.2048,0.4622,1.9941
16.2050,0.4613,1.9909
16.2052,0.4582,1.9783
16.2054,0.4783,2.0624
16.2056,0.5337,2.2992
16.2058,0.5548,2.3856
16.2060,0.645,2.7785
16.2062,0.58,2.4974
16.2064,0.6259,2.6964
16.2066,0.5855,2.5211
16.2068,0.5902,2.5389
16.2070,0.598,2.5772
16.2072,0.544,2.3479
16.2074,0.4644,2.0025
16.2076,0.4534,1.9567
16.2078,0.4536,1.9559
16.2080,0.4952,2.1363
16.2082,0.4535,1.9554
16.2084,0.4496,1.9407
16.2086,0.4483,1.9341
16.2088,0.4477,1.9315
16.2090,0.4517,1.9486
16.2092,0.4482,1.9353
16.2094,0.467,2.0138
16.2096,0.448,1.9325
16.2098,0.4246,1.8317
16.2100,0.4464,1.9249
16.2102,0.444,1.9119
16.2104,0.541,2.3339
16.2106,0.5104,2.199
16.2108,0.5695,2.4536
16.2110,0.5415,2.3349
16.2112,0.5448,2.345
16.2114,0.5914,2.5441
16.2116,0.6047,2.6025
16.2118,0.5934,2.554
16.2120,0.6148,2.6471
16.2122,0.6251,2.6878
16.2124,0.7067,3.0375
16.2126,0.6952,2.9866
16.2128,0.7458,3.204
16.2130,0.7284,3.1293
16.2132,0.7555,3.2427
16.2134,0.7516,3.2272
16.2136,0.7524,3.2293
16.2138,0.8001,3.4373
16.2140,0.7548,3.2441
16.2142,0.741,3.1849
16.2144,0.7299,3.1355
16.2146,0.6824,2.9315
16.2148,0.6964,2.9959
16.2150,0.6707,2.8869
16.2152,0.6115,2.6307
16.2154,0.61,2.6265
16.2156,0.5727,2.4659
16.2158,0.6263,2.6929
16.2160,0.686,2.9483
16.2162,0.6537,2.8123
16.2164,0.6472,2.7819
16.2166,0.691,2.9741
16.2168,0.6452,2.7731
16.2170,0.7565,3.2453
16.2172,0.9002,3.8639
16.2174,0.8785,3.7637
16.2176,0.908,3.8882
16.2178,0.9517,4.0789
16.2180,0.9391,4.0231
16.2182,0.9118,3.9078
16.2184,0.88,3.7769
16.2186,0.8708,3.7355
16.2188,0.8911,3.8194
16.2190,0.9391,4.025
16.2192,0.917,3.9286
16.2194,0.8981,3.8474
16.2196,0.9155,3.9292
16.2198,0.8518,3.6611
16.2200,0.7315,3.1456
16.2202,0.7493,3.2219
16.2204,0.7514,3.2297
16.2206,0.7601,3.2638
16.2208,0.8162,3.5047
16.2210,0.8411,3.6085
16.2212,0.9305,3.9898
16.2214,0.8758,3.7641
16.2216,0.7654,3.291
16.2218,0.794,3.4127
16.2220,0.7986,3.4274
16.2222,0.8366,3.5889
16.2224,0.8318,3.57
16.2226,0.8215,3.5307
16.2228,0.8197,3.518
16.2230,0.8265,3.5474
16.2232,0.8041,3.4543
16.2234,0.7933,3.4096
16.2236,0.8462,3.6301
16.2238,0.8498,3.6489
16.2240,0.826,3.5453
16.2242,0.849,3.6424
16.2244,0.8712,3.7411
16.2246,0.8522,3.6575
16.2248,0.8425,3.6209
16.2250,0.7309,3.143
16.2252,0.7231,3.1095
16.2254,0.7759,3.3348
16.2256,0.8005,3.4357
16.2258,0.8578,3.6782
16.2260,0.8649,3.712
16.2262,0.8642,3.7176
16.2264,0.7516,3.2287
16.2266,0.7966,3.4224
16.2268,0.8192,3.5176
16.2270,0.8663,3.7165
16.2272,0.8747,3.756
16.2274,0.8656,3.7151
16.2276,0.8513,3.659
16.2278,0.8017,3.4521
16.2280,0.7172,3.0852
16.2282,0.7474,3.2182
16.2284,0.716,3.0786
16.2286,0.8181,3.513
16.2288,0.8457,3.6331
16.2290,0.7903,3.3983
16.2292,0.7462,3.21
16.2294,0.7006,3.0196
16.2296,0.6379,2.748
16.2298,0.641,2.7602
16.2300,0.6576,2.8301
16.2302,0.6903,2.971
16.2304,0.6929,2.981
16.2306,0.6868,2.9547
16.2308,0.7142,3.0723
16.2310,0.7496,3.219
16.2312,0.8146,3.5029
16.2314,0.8023,3.4498
16.2316,0.808,3.4713
16.2318,0.8291,3.5603
16.2320,0.8353,3.5866
16.2322,0.8896,3.8163
16.2324,0.8885,3.8152
16.2326,0.8375,3.5981
16.2328,0.8044,3.4607
16.2330,0.7282,3.1312
16.2332,0.7366,3.1717
16.2334,0.6472,2.7883
16.2336,0.6771,2.9102
16.2338,0.7815,3.3559
16.2340,0.8026,3.453
16.2342,0.7361,3.1696
16.2344,0.705,3.0331
16.2346,0.7302,3.1473
16.2348,0.608,2.6182
16.2350,0.6282,2.7075
16.2352,0.5681,2.4485
16.2354,0.556,2.3986
16.2356,0.5567,2.3995
16.2358,0.5731,2.4703
16.2360,0.5673,2.4449
16.2362,0.5874,2.5341
16.2364,0.5525,2.3825
16.2366,0.55,2.3716
16.2368,0.5525,2.3781
16.2370,0.6779,2.9165
16.2372,0.6934,2.983
16.2374,0.7343,3.1604
16.2376,0.6716,2.8919
16.2378,0.6405,2.7594
16.2380,0.6375,2.749
16.2382,0.6666,2.8702
16.2384,0.6423,2.7672
16.2386,0.6272,2.6996
16.2388,0.6297,2.7117
16.2390,0.6276,2.7036
16.2392,0.626,2.6994
16.2394,0.633,2.7256
16.2396,0.6899,2.9681
16.2398,0.7389,3.1786
16.2400,0.7567,3.2569
16.2402,0.7465,3.2101
16.2404,0.7925,3.4012
16.2406,0.7945,3.4211
16.2408,0.6669,2.8744
16.2410,0.638,2.7473
16.2412,0.6935,2.9836
16.2414,0.7353,3.1616
16.2416,0.6984,3.0047
16.2418,0.6813,2.931
16.2420,0.7026,3.0256
16.2422,0.6767,2.91
16.2424,0.7104,3.0549
16.2426,0.7526,3.2364
16.2428,0.7094,3.0545
16.2430,0.6927,2.9827
16.2432,0.6883,2.9636
16.2434,0.6675,2.8716
16.2436,0.7323,3.1443
16.2438,0.7999,3.4443
16.2440,0.6173,2.6629
16.2442,0.6143,2.6451
16.2444,0.6535,2.8139
16.2446,0.6362,2.7434
16.2448,0.5889,2.538
16.2450,0.6215,2.6748
16.2452,0.6342,2.7308
16.2454,0.5941,2.5595
16.2456,0.577,2.4868
16.2458,0.6166,2.6586
16.2460,0.6421,2.7674
16.2462,0.6198,2.67
16.2464,0.6126,2.6391
16.2466,0.518,2.2356
16.2468,0.4941,2.1327
16.2470,0.4919,2.1218
16.2472,0.4936,2.1276
16.2474,0.5287,2.2828
16.2476,0.5,2.157
16.2478,0.4932,2.1256
16.2480,0.5207,2.2444
16.2482,0.5601,2.4139
16.2484,0.5736,2.47
16.2486,0.6068,2.6143
16.2488,0.599,2.5771
16.2490,0.6571,2.8281
16.2492,0.7041,3.0261
16.2494,0.752,3.2353
16.2496,0.7115,3.0567
16.2498,0.7649,3.2874
16.2500,0.7403,3.1862
16.2502,0.717,3.0761
16.2504,0.8712,3.7341
16.2506,0.9531,4.0889
16.2508,0.9101,3.9079
16.2510,0.9038,3.8775
16.2512,0.9239,3.956
16.2514,1.0043,4.2965
16.2516,1.0561,4.5202
16.2518,1.01,4.3267
16.2520,1.0393,4.4504
16.2522,1.0681,4.5758
16.2524,1.0119,4.3369
16.2526,1.0036,4.3014
16.2528,1.0218,4.3796
16.2530,0.986,4.2259
16.2532,0.9206,3.9532
16.2534,0.9536,4.0871
16.2536,0.974,4.1784
16.2538,0.9429,4.0452
16.2540,0.991,4.2514
16.2542,1.0104,4.3388
16.2544,0.8899,3.8267
16.2546,0.7604,3.276
16.2548,0.6782,2.9189
16.2550,0.7483,3.2178
16.2552,0.7926,3.4065
16.2554,0.7782,3.3493
16.2556,0.7421,3.1969
16.2558,0.7149,3.074
16.2560,0.7893,3.391
16.2562,0.8416,3.6189
16.2564,0.8031,3.455
16.2566,0.7305,3.1468
16.2568,0.6435,2.7736
16.2570,0.6156,2.6581
16.2572,0.5698,2.4535
16.2574,0.646,2.7832
16.2576,0.6526,2.8116
16.2578,0.6806,2.9265
16.2580,0.727,3.1289
16.2582,0.6651,2.8666
16.2584,0.6419,2.7638
16.2586,0.6207,2.6754
16.2588,0.5994,2.5846
16.2590,0.5879,2.5326
16.2592,0.585,2.5202
16.2594,0.6572,2.8246
16.2596,0.7325,3.1571
16.2598,0.6175,2.6615
16.2600,0.5801,2.5002
16.2602,0.5812,2.5072
16.2604,0.5631,2.4291
16.2606,0.5824,2.5112
16.2608,0.5863,2.5271
16.2610,0.5871,2.5314
16.2612,0.5723,2.4678
16.2614,0.4897,2.1164
16.2616,0.4237,1.8314
16.2618,0.4132,1.785
16.2620,0.4546,1.9628
16.2622,0.4637,2.0031
16.2624,0.46,1.9861
16.2626,0.4613,1.9909
16.2628,0.4606,1.9887
16.2630,0.4488,1.9388
16.2632,0.446,1.926
16.2634,0.4914,2.1178
16.2636,0.5336,2.3029
16.2638,0.5261,2.2687
16.2640,0.559,2.4082
16.2642,0.5929,2.5543
16.2644,0.5672,2.4444
16.2646,0.5398,2.3277
16.2648,0.4685,2.0228
16.2650,0.4618,1.9948
16.2652,0.459,1.981
16.2654,0.4728,2.0405
16.2656,0.5457,2.353
16.2658,0.5625,2.4243
16.2660,0.5502,2.3727
16.2662,0.6071,2.6153
16.2664,0.601,2.5889
16.2666,0.5203,2.2444
16.2668,0.4604,1.9882
16.2670,0.4584,1.9794
16.2672,0.4519,1.9505
16.2674,0.4478,1.9338
16.2676,0.453,1.9561
16.2678,0.457,1.9704
16.2680,0.5145,2.2186
16.2682,0.4654,2.0094
16.2684,0.4548,1.9629
16.2686,0.503,2.1689
16.2688,0.4843,2.0863
16.2690,0.5207,2.2455
16.2692,0.5447,2.351
16.2694,0.4727,2.04
16.2696,0.4325,1.8658
16.2698,0.4453,1.922
16.2700,0.4423,1.9082
16.2702,0.4324,1.8653
16.2704,0.4513,1.9452
16.2706,0.5185,2.2336
16.2708,0.5727,2.4693
16.2710,0.5478,2.3601
16.2712,0.5393,2.3245
16.2714,0.5761,2.4809
16.2716,0.6194,2.6673
16.2718,0.5879,2.5291
16.2720,0.633,2.7231
16.2722,0.6612,2.8483
16.2724,0.5883,2.5365
16.2726,0.5954,2.5604
16.2728,0.6631,2.8512
16.2730,0.7017,3.0172
16.2732,0.7562,3.2473
16.2734,0.7625,3.2771
16.2736,0.7505,3.2271
16.2738,0.6397,2.752
16.2740,0.6082,2.6199
16.2742,0.5929,2.5555
16.2744,0.6001,2.5841
16.2746,0.5733,2.4708
16.2748,0.5301,2.2858
16.2750,0.5014,2.1612
16.2752,0.4916,2.1208
16.2754,0.4935,2.1281
16.2756,0.5146,2.2191
16.2758,0.5126,2.2093
16.2760,0.5603,2.4161
16.2762,0.4757,2.0511
16.2764,0.5128,2.2052
16.2766,0.5887,2.5386
16.2768,0.5077,2.1891
16.2770,0.4972,2.1441
16.2772,0.4933,2.1261
16.2774,0.5086,2.1932
16.2776,0.5249,2.2636
16.2778,0.5049,2.1742
16.2780,0.5782,2.4873
16.2782,0.6465,2.7852
16.2784,0.6387,2.7453
16.2786,0.6678,2.8727
16.2788,0.5927,2.5557
16.2790,0.5052,2.1782
16.2792,0.5325,2.2929
16.2794,0.5673,2.4438
16.2796,0.5848,2.5157
16.2798,0.6031,2.5982
16.2800,0.5333,2.2987
16.2802,0.5134,2.2129
16.2804,0.5257,2.2635
16.2806,0.5371,2.3115
16.2808,0.5264,2.2698
16.2810,0.5463,2.3556
16.2812,0.5252,2.2625
16.2814,0.543,2.3395
16.2816,0.5969,2.5678
16.2818,0.6554,2.8169
16.2820,0.6909,2.9736
16.2822,0.6162,2.6509
16.2824,0.6615,2.8485
16.2826,0.6895,2.9578
16.2828,0.7813,3.3549
16.2830,0.7247,3.1104
16.2832,0.765,3.2803
16.2834,0.8241,3.5321
16.2836,0.907,3.889
16.2838,0.832,3.5644
16.2840,1.0025,4.2848
16.2842,1.1249,4.8058
16.2844,1.138,4.8616
16.2846,1.1345,4.849
16.2848,1.1381,4.8735
16.2850,1.0252,4.3878
16.2852,0.991,4.2415
16.2854,0.9654,4.1394
16.2856,0.9374,4.0121
16.2858,1.0215,4.3801
16.2860,0.9082,3.896
16.2862,0.8824,3.7872
16.2864,0.8236,3.5367
16.2866,0.8592,3.6844
16.2868,0.9191,3.9447
16.2870,0.8795,3.7731
16.2872,0.9013,3.8631
16.2874,0.9337,4.0037
16.2876,1.0017,4.2872
16.2878,1.0848,4.6515
16.2880,0.9634,4.1312
16.2882,0.9464,4.0563
16.2884,0.9264,3.9723
16.2886,0.9561,4.0941
16.2888,1.0824,4.6326
16.2890,1.0654,4.5661
16.2892,0.9353,4.0085
16.2894,0.997,4.2752
16.2896,1.002,4.2908
16.2898,0.9796,4.2045
16.2900,0.8982,3.8515
16.2902,0.9742,4.1833
16.2904,0.9319,3.9997
16.2906,0.9411,4.0375
16.2908,0.8885,3.8134
16.2910,0.9008,3.8664
16.2912,0.9019,3.8657
16.2914,0.9632,4.1263
16.2916,1.0014,4.2982
16.2918,0.9464,4.0601
16.2920,0.9622,4.1241
16.2922,1.0221,4.3806
16.2924,1.0925,4.6757
16.2926,1.0315,4.4233
16.2928,0.9502,4.0804
16.2930,0.8928,3.8355
16.2932,0.8925,3.8304
16.2934,0.9361,4.0196
16.2936,0.9499,4.0769
16.2938,0.9203,3.948
16.2940,0.9464,4.0639
16.2942,0.892,3.8301
16.2944,0.9621,4.1294
16.2946,0.9478,4.0644
16.2948,0.9955,4.2685
16.2950,0.949,4.0714
16.2952,0.9797,4.2051
16.2954,0.8958,3.852
16.2956,0.7788,3.3503
16.2958,0.7799,3.3534
16.2960,0.7919,3.4113
16.2962,0.7083,3.0513
16.2964,0.7119,3.0596
16.2966,0.8878,3.8157
16.2968,0.8403,3.6166
16.2970,0.7588,3.2672
16.2972,0.7181,3.0893
16.2974,0.727,3.1289
16.2976,0.7399,3.1876
16.2978,0.7384,3.1809
16.2980,0.7164,3.0878
16.2982,0.6579,2.8356
16.2984,0.7005,3.0205
16.2986,0.6806,2.9306
16.2988,0.6513,2.8098
16.2990,0.5887,2.5386
16.2992,0.6236,2.6891
16.2994,0.5825,2.5129
16.2996,0.5747,2.4804
16.2998,0.6052,2.607
16.3000,0.6871,2.964
16.3002,0.5596,2.4152
16.3004,0.5448,2.3516
16.3006,0.5586,2.41
16.3008,0.546,2.3556
16.3010,0.5284,2.2817
16.3012,0.5299,2.2879
16.3014,0.5289,2.2817
16.3016,0.5329,2.3009
16.3018,0.5408,2.334
16.3020,0.535,2.3081
16.3022,0.5353,2.3091
16.3024,0.5397,2.3304
16.3026,0.5416,2.3376
16.3028,0.5372,2.3174
16.3030,0.5369,2.3153
16.3032,0.6046,2.6044
16.3034,0.6504,2.8044
16.3036,0.5384,2.3236
16.3038,0.5154,2.2222
16.3040,0.6269,2.6955
16.3042,0.7044,3.0347
16.3044,0.6483,2.7956
16.3046,0.5628,2.4292
16.3048,0.5279,2.2775
16.3050,0.5242,2.2626
16.3052,0.5345,2.3028
16.3054,0.6189,2.664
16.3056,0.6253,2.6926
16.3058,0.6428,2.7667
16.3060,0.6817,2.9366
16.3062,0.6448,2.778
16.3064,0.6724,2.8928
16.3066,0.7421,3.191
16.3068,0.732,3.155
16.3070,0.5781,2.4961
16.3072,0.512,2.2077
16.3074,0.5175,2.2325
16.3076,0.5064,2.1854
16.3078,0.5143,2.2186
16.3080,0.5766,2.4876
16.3082,0.5613,2.4202
16.3084,0.5592,2.4114
16.3086,0.5869,2.5309
16.3088,0.5733,2.4708
16.3090,0.5719,2.4639
16.3092,0.599,2.5831
16.3094,0.6162,2.657
16.3096,0.6396,2.7514
16.3098,0.6781,2.9184
16.3100,0.6466,2.7883
16.3102,0.5915,2.5481
16.3104,0.5947,2.5633
16.3106,0.5767,2.4835
16.3108,0.5818,2.5063
16.3110,0.6083,2.6205
16.3112,0.6516,2.8017
16.3114,0.73,3.1418
16.3116,0.6959,2.9967
16.3118,0.7068,3.0394
16.3120,0.7663,3.2982
16.3122,0.6578,2.8325
16.3124,0.6167,2.6554
16.3126,0.6488,2.7925
16.3128,0.6631,2.8565
16.3130,0.599,2.5807
16.3132,0.6728,2.8957
16.3134,0.6562,2.8258
16.3136,0.6386,2.7499
16.3138,0.6016,2.5927
16.3140,0.5582,2.4079
16.3142,0.5699,2.454
16.3144,0.6282,2.7062
16.3146,0.603,2.6001
16.3148,0.611,2.6311
16.3150,0.6603,2.8407
16.3152,0.652,2.8038
16.3154,0.6311,2.7161
16.3156,0.6463,2.7777
16.3158,0.7303,3.139
16.3160,0.7553,3.2477
16.3162,0.7704,3.3127
16.3164,0.7577,3.2595
16.3166,0.7954,3.4141
16.3168,0.8667,3.7128
16.3170,1.0089,4.318
16.3172,1.0529,4.5106
16.3174,1.0537,4.5099
16.3176,1.062,4.5475
16.3178,1.0166,4.361
16.3180,0.9375,4.0202
16.3182,0.8928,3.8337
16.3184,0.8801,3.7792
16.3186,0.8884,3.8147
16.3188,0.8791,3.7733
16.3190,0.9261,3.9732
16.3192,0.8825,3.7948
16.3194,0.8186,3.5199
16.3196,0.8272,3.5521
16.3198,0.8766,3.7572
16.3200,0.9324,4.0018
16.3202,0.9198,3.9477
16.3204,0.8902,3.826
16.3206,0.849,3.6458
16.3208,0.8739,3.7541
16.3210,0.7873,3.3885
16.3212,0.7252,3.1226
16.3214,0.6827,2.9371
16.3216,0.692,2.9796
16.3218,0.703,3.0271
16.3220,0.7181,3.0922
16.3222,0.7495,3.22
16.3224,0.8002,3.4443
16.3226,0.7282,3.1341
16.3228,0.7054,3.036
16.3230,0.757,3.2504
16.3232,0.8404,3.6138
16.3234,0.7603,3.2709
16.3236,0.6694,2.8839
16.3238,0.6644,2.8622
16.3240,0.699,3.0073
16.3242,0.7178,3.0892
16.3244,0.6408,2.763
16.3246,0.5978,2.5743
16.3248,0.6898,2.9662
16.3250,0.7437,3.2036
16.3252,0.7142,3.0737
16.3254,0.7148,3.0734
16.3256,0.7058,3.0404
16.3258,0.68,2.9266
16.3260,0.7463,3.209
16.3262,0.7819,3.3544
16.3264,0.853,3.6679
16.3266,0.7811,3.3617
16.3268,0.7667,3.2952
16.3270,0.8465,3.6333
16.3272,0.9235,3.96
16.3274,0.899,3.8677
16.3276,0.8245,3.5386
16.3278,0.8681,3.7259
16.3280,0.8644,3.7152
16.3282,0.7903,3.3998
16.3284,0.6215,2.6798
16.3286,0.6064,2.6122
16.3288,0.5773,2.493
16.3290,0.5213,2.2491
16.3292,0.5176,2.2341
16.3294,0.5685,2.4456
16.3296,0.6637,2.8591
16.3298,0.6201,2.6704
16.3300,0.6687,2.8821
16.3302,0.6523,2.8113
16.3304,0.6444,2.7747
16.3306,0.6284,2.706
16.3308,0.6508,2.8038
16.3310,0.6578,2.8325
16.3312,0.6772,2.9175
16.3314,0.6963,2.9954
16.3316,0.7239,3.1199
16.3318,0.6678,2.878
16.3320,0.657,2.8289
16.3322,0.6483,2.7943
16.3324,0.6095,2.6305
16.3326,0.5487,2.3659
16.3328,0.5526,2.3819
16.3330,0.5453,2.3525
16.3332,0.5506,2.3753
16.3334,0.5679,2.4464
16.3336,0.5713,2.4625
16.3338,0.5921,2.5507
16.3340,0.6043,2.6058
16.3342,0.5506,2.372
16.3344,0.5978,2.5755
16.3346,0.555,2.3967
16.3348,0.4668,2.0165
16.3350,0.4676,2.0211
16.3352,0.4769,2.0581
16.3354,0.4755,2.0543
16.3356,0.4555,1.9688
16.3358,0.4694,2.027
16.3360,0.4821,2.078
16.3362,0.5729,2.4704
16.3364,0.509,2.1968
16.3366,0.4711,2.0352
16.3368,0.4687,2.0248
16.3370,0.4874,2.1046
16.3372,0.4716,2.0363
16.3374,0.465,2.0069
16.3376,0.458,1.9778
16.3378,0.4507,1.9435
16.3380,0.4686,2.0234
16.3382,0.454,1.9593
16.3384,0.4578,1.9749
16.3386,0.5369,2.3163
16.3388,0.5413,2.3328
16.3390,0.5608,2.4159
16.3392,0.5763,2.4825
16.3394,0.5782,2.4908
16.3396,0.5637,2.4283
16.3398,0.5567,2.3983
16.3400,0.5948,2.5638
16.3402,0.5237,2.2626
16.3404,0.4415,1.9064
16.3406,0.462,1.9912
16.3408,0.5223,2.2543
16.3410,0.4859,2.0979
16.3412,0.4909,2.1167
16.3414,0.5066,2.1845
16.3416,0.4851,2.0919
16.3418,0.5283,2.2749
16.3420,0.5785,2.4958
16.3422,0.541,2.3307
16.3424,0.5891,2.5366
16.3426,0.6074,2.6144
16.3428,0.5996,2.5809
16.3430,0.5962,2.5683
16.3432,0.5907,2.5469
16.3434,0.5138,2.2165
16.3436,0.5023,2.1668
16.3438,0.4947,2.1333
16.3440,0.5272,2.2734
16.3442,0.5381,2.3172
16.3444,0.6758,2.9032
16.3446,0.6903,2.9669
16.3448,0.7727,3.3286
16.3450,0.5234,2.2568
16.3452,0.482,2.0794
16.3454,0.4782,2.0619
16.3456,0.5167,2.2268
16.3458,0.5923,2.5482
16.3460,0.6438,2.7682
16.3462,0.6049,2.6036
16.3464,0.588,2.5367
16.3466,0.4896,2.112
16.3468,0.4755,2.0515
16.3470,0.4765,2.0556
16.3472,0.4718,2.0355
16.3474,0.508,2.1907
16.3476,0.5451,2.3482
16.3478,0.5939,2.5561
16.3480,0.5802,2.4961
16.3482,0.5716,2.4578
16.3484,0.6356,2.7331
16.3486,0.7031,3.022
16.3488,0.7043,3.0272
16.3490,0.7079,3.0412
16.3492,0.7544,3.2411
16.3494,0.7632,3.2787
16.3496,0.8127,3.4833
16.3498,0.8344,3.5797
16.3500,0.8387,3.5999
16.3502,0.852,3.6553
16.3504,0.9092,3.8915
16.3506,1.0124,4.3309
16.3508,1.0462,4.4776
16.3510,1.055,4.5135
16.3512,1.05,4.4961
16.3514,1.0378,4.4417
16.3516,1.0331,4.4217
16.3518,1.0275,4.3996
16.3520,0.949,4.0733
16.3522,0.8978,3.8572
16.3524,0.8447,3.6256
16.3526,0.8896,3.8092
16.3528,0.9413,4.0342
16.3530,0.9299,3.9854
16.3532,0.9115,3.9141
16.3534,0.9085,3.8939
16.3536,1.0133,4.339
16.3538,0.9947,4.2634
16.3540,0.9713,4.1593
16.3542,1.0431,4.4622
16.3544,1.082,4.6311
16.3546,1.0447,4.4777
16.3548,0.9885,4.2486
16.3550,0.8378,3.5991
16.3552,0.8541,3.6657
16.3554,0.8612,3.6926
16.3556,0.9234,3.9613
16.3558,0.9435,4.0478
16.3560,0.9449,4.0572
16.3562,0.9253,3.964
16.3564,1.0143,4.3411
16.3566,1.1055,4.7316
16.3568,1.0977,4.7027
16.3570,1.0494,4.4999
16.3572,0.9789,4.1975
16.3574,0.9881,4.2391
16.3576,0.956,4.1089
16.3578,0.8758,3.7659
16.3580,0.8654,3.7193
16.3582,0.8578,3.6851
16.3584,0.8341,3.5881
16.3586,0.7773,3.3426
16.3588,0.7701,3.3086
16.3590,0.7981,3.4302
16.3592,0.8154,3.5044
16.3594,0.8186,3.5183
16.3596,0.8446,3.6284
16.3598,0.8026,3.4546
16.3600,0.7495,3.2245
16.3602,0.7242,3.1156
16.3604,0.7484,3.2213
16.3606,0.6974,2.9987
16.3608,0.7167,3.0831
16.3610,0.6983,3.0098
16.3612,0.6622,2.8529
16.3614,0.6549,2.8214
16.3616,0.6613,2.8488
16.3618,0.6644,2.8635
16.3620,0.6676,2.8735
16.3622,0.6812,2.9304
16.3624,0.6754,2.9084
16.3626,0.7109,3.0598
16.3628,0.7166,3.0883
16.3630,0.6789,2.9234
16.3632,0.658,2.8375
16.3634,0.6458,2.7834
16.3636,0.6441,2.7749
16.3638,0.6416,2.7666
16.3640,0.6347,2.7328
16.3642,0.7318,3.1452
16.3644,0.7988,3.4413
16.3646,0.735,3.1679
16.3648,0.6477,2.7917
16.3650,0.6241,2.6886
16.3652,0.5813,2.5089
16.3654,0.5335,2.3013
16.3656,0.5675,2.4437
16.3658,0.6174,2.661
16.3660,0.6297,2.7129
16.3662,0.6343,2.7338
16.3664,0.6116,2.6398
16.3666,0.5381,2.3215
16.3668,0.5315,2.2931
16.3670,0.5277,2.2765
16.3672,0.5275,2.2776
16.3674,0.5277,2.2776
16.3676,0.5287,2.2796
16.3678,0.5319,2.2978
16.3680,0.5269,2.276
16.3682,0.533,2.2982
16.3684,0.5435,2.3448
16.3686,0.5634,2.4306
16.3688,0.5866,2.527
16.3690,0.6207,2.6742
16.3692,0.646,2.7819
16.3694,0.6043,2.6095
16.3696,0.5378,2.32
16.3698,0.5498,2.3706
16.3700,0.6275,2.7031
16.3702,0.6821,2.9387
16.3704,0.6447,2.7762
16.3706,0.6777,2.9141
16.3708,0.6981,3.0018
16.3710,0.6814,2.9342
16.3712,0.6602,2.8454
16.3714,0.6507,2.802
16.3716,0.6809,2.9267
16.3718,0.7234,3.1163
16.3720,0.6547,2.8177
16.3722,0.6851,2.9433
16.3724,0.7493,3.2234
16.3726,0.7498,3.2255
16.3728,0.7736,3.3266
16.3730,0.7743,3.3235
16.3732,0.7954,3.4236
16.3734,0.6909,2.9764
16.3736,0.644,2.7718
16.3738,0.6404,2.7576
16.3740,0.6878,2.9616
16.3742,0.6279,2.7052
16.3744,0.5841,2.5185
16.3746,0.5723,2.4701
16.3748,0.589,2.5373
16.3750,0.597,2.5719
16.3752,0.5974,2.5711
16.3754,0.6573,2.8304
16.3756,0.6384,2.7539
16.3758,0.5614,2.4196
16.3760,0.6336,2.7345
16.3762,0.533,2.3003
16.3764,0.4927,2.1274
16.3766,0.4857,2.0974
16.3768,0.4907,2.1147
16.3770,0.5425,2.3369
16.3772,0.6119,2.6372
16.3774,0.5966,2.5704
16.3776,0.6705,2.8845
16.3778,0.709,3.0501
16.3780,0.7368,3.1713
16.3782,0.5889,2.5368
16.3784,0.5838,2.5163
16.3786,0.593,2.556
16.3788,0.5234,2.2547
16.3790,0.5718,2.4646
16.3792,0.558,2.4085
16.3794,0.4928,2.126
16.3796,0.4848,2.0933
16.3798,0.4737,2.0456
16.3800,0.4815,2.0745
16.3802,0.5678,2.447
16.3804,0.5095,2.1969
16.3806,0.4909,2.1157
16.3808,0.5179,2.232
16.3810,0.5725,2.4677
16.3812,0.562,2.4211
16.3814,0.5935,2.5569
16.3816,0.6029,2.5912
16.3818,0.7283,3.1361
16.3820,0.6534,2.8095
16.3822,0.7206,3.0958
16.3824,0.8207,3.5243
16.3826,0.8325,3.5831
16.3828,0.6903,2.9738
16.3830,0.7066,3.0327
16.3832,0.8233,3.5335
16.3834,0.8344,3.583
16.3836,0.9013,3.8649
16.3838,0.9513,4.0793
16.3840,0.9248,3.9657
16.3842,0.9314,3.9977
16.3844,0.904,3.8744
16.3846,0.9784,4.1877
16.3848,1.0301,4.4109
16.3850,1.0336,4.4217
16.3852,1.0706,4.5844
16.3854,1.0676,4.5673
16.3856,1.1275,4.8256
16.3858,1.0584,4.5384
16.3860,0.9116,3.9109
16.3862,0.9558,4.0983
16.3864,0.9651,4.1307
16.3866,1.0131,4.342
16.3868,0.9483,4.0664
16.3870,0.9305,3.9917
16.3872,0.9119,3.9174
16.3874,0.8639,3.7148
16.3876,0.8639,3.7114
16.3878,0.8308,3.5692
16.3880,0.8004,3.4448
16.3882,0.7121,3.0607
16.3884,0.7761,3.3328
16.3886,0.8383,3.6011
16.3888,0.8462,3.6368
16.3890,0.8361,3.5885
16.3892,0.8733,3.7568
16.3894,0.7341,3.1594
16.3896,0.7246,3.1215
16.3898,0.7031,3.0276
16.3900,0.7217,3.1048
16.3902,0.768,3.3024
16.3904,0.8016,3.4435
16.3906,0.8552,3.6772
16.3908,0.8279,3.5552
16.3910,0.8512,3.6568
16.3912,0.7958,3.4252
16.3914,0.7501,3.2285
16.3916,0.7247,3.1177
16.3918,0.7266,3.1259
16.3920,0.7983,3.4312
16.3922,0.8207,3.5309
16.3924,0.7745,3.3333
16.3926,0.8012,3.4436
16.3928,0.7854,3.3771
16.3930,0.7721,3.3183
16.3932,0.8205,3.5233
16.3934,0.8038,3.4613
16.3936,0.7143,3.0728
16.3938,0.7066,3.0412
16.3940,0.739,3.1805
16.3942,0.7198,3.098
16.3944,0.6896,2.9721
16.3946,0.6058,2.6096
16.3948,0.5886,2.5381
16.3950,0.5947,2.5657
16.3952,0.6004,2.5888
16.3954,0.6271,2.7003
16.3956,0.6422,2.7705
16.3958,0.5916,2.5534
16.3960,0.5157,2.2258
16.3962,0.5049,2.1782
16.3964,0.5456,2.3514
16.3966,0.552,2.3826
16.3968,0.5414,2.3366
16.3970,0.5607,2.4176
16.3972,0.5681,2.4485
16.3974,0.5668,2.4451
16.3976,0.5185,2.2377
16.3978,0.5119,2.2072
16.3980,0.5418,2.3386
16.3982,0.4812,2.0777
16.3984,0.4547,1.9633
16.3986,0.4562,1.9709
16.3988,0.501,2.1602
16.3990,0.5474,2.3624
16.3992,0.5396,2.3299
16.3994,0.4771,2.0611
16.3996,0.4546,1.9628
16.3998,0.4504,1.9438
16.4000,0.4486,1.9378
16.4002,0.4548,1.9638
16.4004,0.4951,2.1348
16.4006,0.574,2.475
16.4008,0.5751,2.482
16.4010,0.4514,1.9502
16.4012,0.4332,1.8715
16.4014,0.432,1.8637
16.4016,0.4333,1.872
16.4018,0.4289,1.8537
16.4020,0.4405,1.9013
16.4022,0.4983,2.1498
16.4024,0.5345,2.3049
16.4026,0.5106,2.2025
16.4028,0.4481,1.9339
16.4030,0.4393,1.8962
16.4032,0.4464,1.9267
16.4034,0.4474,1.9308
16.4036,0.4464,1.9285
16.4038,0.4489,1.9367
16.4040,0.4993,2.1519
16.4042,0.5459,2.3508
16.4044,0.6127,2.6371
16.4046,0.6172,2.6587
16.4048,0.5416,2.3322
16.4050,0.5552,2.3905
16.4052,0.5968,2.5709
16.4054,0.5799,2.498
16.4056,0.5806,2.5011
16.4058,0.5506,2.3731
16.4060,0.5667,2.4423
16.4062,0.5868,2.528
16.4064,0.5469,2.3549
16.4066,0.5669,2.44
16.4068,0.5778,2.4893
16.4070,0.5456,2.3503
16.4072,0.5566,2.4012
16.4074,0.5144,2.216
16.4076,0.5267,2.2724
16.4078,0.4853,2.0944
16.4080,0.4843,2.0854
16.4082,0.5801,2.4968
16.4084,0.5537,2.3854
16.4086,0.496,2.138
16.4088,0.5104,2.203
16.4090,0.5218,2.2501
16.4092,0.5372,2.3131
16.4094,0.5823,2.5049
16.4096,0.6369,2.7439
16.4098,0.586,2.5232
16.4100,0.6227,2.68
16.4102,0.6299,2.7046
16.4104,0.6963,2.9913
16.4106,0.7435,3.1957
16.4108,0.7529,3.2359
16.4110,0.7568,3.2559
16.4112,0.6988,3.0035
16.4114,0.7451,3.2024
16.4116,0.6966,2.997
16.4118,0.6721,2.8885
16.4120,0.6908,2.9676
16.4122,0.752,3.2323
16.4124,0.6942,2.9908
16.4126,0.6326,2.7253
16.4128,0.596,2.5642
16.4130,0.6417,2.762
16.4132,0.6078,2.6172
16.4134,0.5936,2.5539
16.4136,0.6018,2.5914
16.4138,0.6456,2.7785
16.4140,0.6553,2.8164
16.4142,0.7187,3.089
16.4144,0.7884,3.3884
16.4146,0.6787,2.9223
16.4148,0.5813,2.4996
16.4150,0.6731,2.8945
16.4152,0.6498,2.794
16.4154,0.6923,2.9743
16.4156,0.7181,3.0922
16.4158,0.6651,2.8547
16.4160,0.8456,3.6224
16.4162,0.935,4.0075
16.4164,0.9078,3.9035
16.4166,0.763,3.2761
16.4168,0.7419,3.187
16.4170,0.7417,3.1865
16.4172,0.7296,3.1388
16.4174,0.6848,2.9445
16.4176,0.7312,3.1455
16.4178,0.7285,3.1313
16.4180,0.7466,3.2061
16.4182,0.7512,3.2287
16.4184,0.7451,3.2009
16.4186,0.756,3.2432
16.4188,0.8118,3.4841
16.4190,0.8501,3.647
16.4192,0.9585,4.1063
16.4194,0.9889,4.2343
16.4196,0.9582,4.1067
16.4198,0.9348,4.0046
16.4200,0.9687,4.148
16.4202,0.9691,4.1612
16.4204,0.8585,3.6848
16.4206,0.8975,3.8484
16.4208,0.9381,4.0284
16.4210,0.8188,3.5193
16.4212,0.7706,3.3106
16.4214,0.7797,3.3498
16.4216,0.7919,3.4065
16.4218,0.7805,3.3544
16.4220,0.7638,3.2843
16.4222,0.8252,3.5417
16.4224,0.8157,3.5043
16.4226,0.8059,3.4621
16.4228,0.7715,3.3096
16.4230,0.8558,3.6729
16.4232,0.8202,3.525
16.4234,0.7832,3.3647
16.4236,0.7778,3.34
16.4238,0.8333,3.5834
16.4240,0.8044,3.4559
16.4242,0.8257,3.5454
16.4244,0.8643,3.7147
16.4246,0.8078,3.4703
16.4248,0.7835,3.372
16.4250,0.6913,2.9738
16.4252,0.7775,3.3431
16.4254,0.8357,3.5887
16.4256,0.8432,3.6223
16.4258,0.8704,3.7375
16.4260,0.8464,3.6328
16.4262,0.847,3.6354
16.4264,0.8416,3.6173
16.4266,0.7839,3.3709
16.4268,0.7155,3.0837
16.4270,0.6532,2.8129
16.4272,0.6571,2.8281
16.4274,0.6618,2.8508
16.4276,0.6704,2.8853
16.4278,0.6853,2.9507
16.4280,0.6074,2.6193
16.4282,0.5808,2.5045
16.4284,0.5848,2.5204
16.4286,0.6209,2.6722
16.4288,0.6932,2.9848
16.4290,0.682,2.9381
16.4292,0.6426,2.7669
16.4294,0.6833,2.9356
16.4296,0.7614,3.2755
16.4298,0.7293,3.1387
16.4300,0.7185,3.0909
16.4302,0.761,3.2725
16.4304,0.7799,3.3487
16.4306,0.7939,3.4106
16.4308,0.7954,3.422
16.4310,0.7506,3.2276
16.4312,0.7367,3.1678
16.4314,0.6851,2.9529
16.4316,0.6186,2.6686
16.4318,0.6235,2.6836
16.4320,0.7133,3.0673
16.4322,0.733,3.1533
16.4324,0.6959,2.9939
16.4326,0.7193,3.0959
16.4328,0.7035,3.0278
16.4330,0.7044,3.0361
16.4332,0.5964,2.5717
16.4334,0.5552,2.3938
16.4336,0.5484,2.366
16.4338,0.5462,2.3562
16.4340,0.5438,2.3447
16.4342,0.557,2.4005
16.4344,0.5529,2.3829
16.4346,0.543,2.3438
16.4348,0.5347,2.3076
16.4350,0.5299,2.2837
16.4352,0.5475,2.3586
16.4354,0.6631,2.8539
16.4356,0.6915,2.9803
16.4358,0.601,2.5914
16.4360,0.5311,2.2899
16.4362,0.5284,2.2786
16.4364,0.527,2.2734
16.4366,0.5267,2.2734
16.4368,0.5224,2.2527
16.4370,0.5189,2.2377
16.4372,0.5243,2.2631
16.4374,0.5247,2.2636
16.4376,0.5236,2.2568
16.4378,0.5236,2.2568
16.4380,0.5255,2.2661
16.4382,0.5255,2.2661
16.4384,0.5706,2.4594
16.4386,0.6332,2.7228
16.4388,0.7383,3.1701
16.4390,0.7908,3.3972
16.4392,0.7596,3.2708
16.4394,0.6672,2.8674
16.4396,0.691,2.9714
16.4398,0.6905,2.9762
16.4400,0.5907,2.5469
16.4402,0.5945,2.5622
16.4404,0.5873,2.5312
16.4406,0.5757,2.4788
16.4408,0.6265,2.6965
16.4410,0.6753,2.9065
16.4412,0.6835,2.9443
16.4414,0.6032,2.6
16.4416,0.5886,2.5369
16.4418,0.5854,2.523
16.4420,0.614,2.6403
16.4422,0.6998,3.0132
16.4424,0.6168,2.6608
16.4426,0.5106,2.2025
16.4428,0.5067,2.1819
16.4430,0.6026,2.5914
16.4432,0.7118,3.062
16.4434,0.6911,2.976
16.4436,0.6811,2.9313
16.4438,0.6365,2.7406
16.4440,0.5922,2.5501
16.4442,0.623,2.6815
16.4444,0.6789,2.9234
16.4446,0.627,2.701
16.4448,0.5817,2.5058
16.4450,0.5679,2.4498
16.4452,0.5048,2.1797
16.4454,0.5765,2.4813
16.4456,0.5795,2.5
16.4458,0.4776,2.0584
16.4460,0.5378,2.3146
16.4462,0.5825,2.5117
16.4464,0.5667,2.4435
16.4466,0.5783,2.4902
16.4468,0.5747,2.4793
16.4470,0.5248,2.263
16.4472,0.5529,2.3785
16.4474,0.6152,2.6467
16.4476,0.6613,2.8501
16.4478,0.5658,2.441
16.4480,0.5116,2.2031
16.4482,0.6166,2.6524
16.4484,0.6368,2.7434
16.4486,0.6178,2.6576
16.4488,0.6863,2.954
16.4490,0.648,2.7875
16.4492,0.6983,2.9986
16.4494,0.7779,3.3358
16.4496,0.8861,3.7996
16.4498,0.9161,3.93
16.4500,0.9185,3.9439
16.4502,0.8898,3.8173
16.4504,0.8982,3.8497
16.4506,0.9357,4.0124
16.4508,0.8944,3.8369
16.4510,0.9065,3.8834
16.4512,0.958,4.11
16.4514,0.9011,3.8693
16.4516,0.8651,3.7113
16.4518,0.9318,3.9917
16.4520,0.9573,4.105
16.4522,0.9871,4.2286
16.4524,0.9652,4.1351
16.4526,1.0061,4.3042
16.4528,1.0511,4.5029
16.4530,1.0459,4.4829
16.4532,1.0347,4.4283
16.4534,1.0901,4.6611
16.4536,1.0543,4.5252
16.4538,0.8407,3.6081
16.4540,0.8477,3.6418
16.4542,0.8361,3.5935
16.4544,0.8155,3.5049
16.4546,0.7939,3.4137
16.4548,0.7861,3.3786
16.4550,0.8047,3.4553
16.4552,0.8517,3.6588
16.4554,0.8684,3.7252
16.4556,0.8719,3.7459
16.4558,0.8391,3.6081
16.4560,0.764,3.2915
16.4562,0.6779,2.9206
16.4564,0.6809,2.9321
16.4566,0.6742,2.9019
16.4568,0.6727,2.8992
16.4570,0.606,2.6131
16.4572,0.6331,2.7287
16.4574,0.6761,2.9115
16.4576,0.686,2.9538
16.4578,0.6932,2.9834
16.4580,0.7006,3.0112
16.4582,0.7722,3.3189
16.4584,0.7664,3.3018
16.4586,0.6366,2.7436
16.4588,0.6715,2.8846
16.4590,0.7692,3.3106
16.4592,0.7092,3.054
16.4594,0.7067,3.0431
16.4596,0.7172,3.0866
16.4598,0.7367,3.1693
16.4600,0.7276,3.1315
16.4602,0.6989,3.0082
16.4604,0.6614,2.8466
16.4606,0.6737,2.9025
16.4608,0.6651,2.8653
16.4610,0.641,2.7628
16.4612,0.5989,2.5814
16.4614,0.6096,2.6261
16.4616,0.6023,2.5934
16.4618,0.6213,2.6755
16.4620,0.6731,2.9026
16.4622,0.6085,2.6251
16.4624,0.5329,2.3009
16.4626,0.4978,2.1497
16.4628,0.5329,2.2977
16.4630,0.5481,2.3612
16.4632,0.5592,2.4081
16.4634,0.5797,2.4987
16.4636,0.5831,2.5155
16.4638,0.5416,2.3365
16.4640,0.5351,2.3075
16.4642,0.571,2.4632
16.4644,0.5638,2.4288
16.4646,0.6011,2.5859
16.4648,0.6228,2.683
16.4650,0.5692,2.4509
16.4652,0.5837,2.5146
16.4654,0.5084,2.1932
16.4656,0.4523,1.9539
16.4658,0.4502,1.9441
16.4660,0.4895,2.1115
16.4662,0.5377,2.3173
16.4664,0.5472,2.3586
16.4666,0.5441,2.3452
16.4668,0.5481,2.3622
16.4670,0.555,2.3922
16.4672,0.5548,2.3901
16.4674,0.5576,2.4042
16.4676,0.5578,2.4019
16.4678,0.6018,2.595
16.4680,0.5047,2.1762
16.4682,0.461,1.9889
16.4684,0.5067,2.186
16.4686,0.486,2.0984
16.4688,0.4369,1.8876
16.4690,0.4537,1.9573
16.4692,0.4753,2.0505
16.4694,0.5374,2.3173
16.4696,0.546,2.3513
16.4698,0.6114,2.629
16.4700,0.7064,3.0416
16.4702,0.6321,2.7207
16.4704,0.599,2.5783
16.4706,0.6247,2.69
16.4708,0.6459,2.7852
16.4710,0.5892,2.5383
16.4712,0.5652,2.4373
16.4714,0.5333,2.2997
16.4716,0.5752,2.4756
16.4718,0.6573,2.8225
16.4720,0.748,3.2148
16.4722,0.7097,3.0546
16.4724,0.6817,2.9339
16.4726,0.6927,2.9827
16.4728,0.6295,2.7119
16.4730,0.5597,2.4146
16.4732,0.4594,1.9826
16.4734,0.4474,1.9308
16.4736,0.4434,1.9111
16.4738,0.4782,2.061
16.4740,0.5502,2.3716
16.4742,0.5097,2.1969
16.4744,0.5507,2.3736
16.4746,0.5927,2.5521
16.4748,0.6014,2.5886
16.4750,0.6005,2.5833
16.4752,0.6472,2.7858
16.4754,0.6777,2.9155
16.4756,0.6764,2.9125
16.4758,0.5849,2.5209
16.4760,0.5415,2.3327
16.4762,0.6466,2.7793
16.4764,0.7625,3.2786
16.4766,0.7432,3.1867
16.4768,0.8425,3.6141
16.4770,0.7767,3.3462
16.4772,0.5941,2.5583
16.4774,0.5829,2.5098
16.4776,0.5996,2.5833
16.4778,0.6287,2.707
16.4780,0.6392,2.7537
16.4782,0.5231,2.2558
16.4784,0.4789,2.0641
16.4786,0.5451,2.3504
16.4788,0.5143,2.2175
16.4790,0.4868,2.1011
16.4792,0.4749,2.0499
16.4794,0.4654,2.0075
16.4796,0.4677,2.0169
16.4798,0.4718,2.0355
16.4800,0.4749,2.0489
16.4802,0.5348,2.2995
16.4804,0.6276,2.7036
16.4806,0.5908,2.5415
16.4808,0.609,2.6248
16.4810,0.5233,2.2553
16.4812,0.5787,2.4917
16.4814,0.6456,2.7759
16.4816,0.6676,2.8735
16.4818,0.6548,2.8156
16.4820,0.7056,3.0314
16.4822,0.6865,2.949
16.4824,0.7433,3.1887
16.4826,0.8205,3.5282
16.4828,0.7752,3.3271
16.4830,0.8472,3.6381
16.4832,0.845,3.6232
16.4834,0.8867,3.8057
16.4836,0.7878,3.3811
16.4838,0.7772,3.339
16.4840,0.7139,3.0684
16.4842,0.7847,3.3709
16.4844,0.836,3.588
16.4846,0.8231,3.5313
16.4848,0.864,3.7015
16.4850,0.8983,3.8556
16.4852,0.8568,3.6758
16.4854,0.8718,3.7401
16.4856,0.8516,3.6481
16.4858,0.8999,3.8623
16.4860,0.9295,3.9838
16.4862,0.9715,4.1657
16.4864,0.9477,4.0563
16.4866,0.9751,4.1772
16.4868,0.9848,4.2188
16.4870,0.9246,3.9683
16.4872,0.8422,3.6181
16.4874,0.8047,3.4553
16.4876,0.7977,3.4302
16.4878,0.811,3.4826
16.4880,0.8717,3.7414
16.4882,0.8139,3.4966
16.4884,0.8031,3.4518
16.4886,0.7761,3.3328
16.4888,0.7999,3.4347
16.4890,0.8398,3.6095
16.4892,0.7815,3.3637
16.4894,0.7446,3.1974
16.4896,0.8077,3.4666
16.4898,0.8415,3.6151
16.4900,0.7989,3.4354
16.4902,0.8187,3.5139
16.4904,0.8482,3.6473
16.4906,0.7833,3.3684
16.4908,0.7614,3.2755
16.4910,0.7983,3.428
16.4912,0.8264,3.5485
16.4914,0.7643,3.2848
16.4916,0.7472,3.2147
16.4918,0.6903,2.971
16.4920,0.745,3.2049
16.4922,0.8012,3.442
16.4924,0.8311,3.5702
16.4926,0.8374,3.5992
16.4928,0.8074,3.4736
16.4930,0.7465,3.2086
16.4932,0.769,3.3003
16.4934,0.8318,3.5717
16.4936,0.8178,3.5147
16.4938,0.7989,3.4354
16.4940,0.7969,3.4282
16.4942,0.8162,3.5064
16.4944,0.8215,3.5274
16.4946,0.867,3.7248
16.4948,0.8054,3.4664
16.4950,0.7136,3.0697
16.4952,0.7978,3.426
16.4954,0.8492,3.6497
16.4956,0.8345,3.5868
16.4958,0.8228,3.5331
16.4960,0.8234,3.5455
16.4962,0.6765,2.913
16.4964,0.6776,2.9136
16.4966,0.691,2.9714
16.4968,0.6928,2.9846
16.4970,0.6209,2.6772
16.4972,0.5755,2.4829
16.4974,0.5023,2.1678
16.4976,0.485,2.0943
16.4978,0.4854,2.0949
16.4980,0.5191,2.2372
16.4982,0.594,2.5602
16.4984,0.5689,2.4488
16.4986,0.6964,3.0015
16.4988,0.6218,2.6826
16.4990,0.5529,2.384
16.4992,0.5415,2.3349
16.4994,0.5335,2.3013
16.4996,0.5323,2.2951
16.4998,0.5345,2.3049
16.5000,0.538,2.3199
16.5002,0.5354,2.3117
16.5004,0.5386,2.3214
16.5006,0.5832,2.5148
16.5008,0.5356,2.3117
16.5010,0.5333,2.3008
16.5012,0.53,2.2832
16.5014,0.5877,2.5304
16.5016,0.6181,2.6653
16.5018,0.6016,2.5903
16.5020,0.6669,2.8731
16.5022,0.5672,2.4421
16.5024,0.5501,2.3732
16.5026,0.5524,2.382
16.5028,0.5441,2.3452
16.5030,0.5502,2.3705
16.5032,0.546,2.3556
16.5034,0.5423,2.3396
16.5036,0.5423,2.3385
16.5038,0.5336,2.2997
16.5040,0.5481,2.3622
16.5042,0.5664,2.4413
16.5044,0.5474,2.357
16.5046,0.5976,2.5733
16.5048,0.6372,2.7411
16.5050,0.6844,2.9416
16.5052,0.7384,3.1735
16.5054,0.7266,3.1259
16.5056,0.7211,3.0993
16.5058,0.7314,3.1466
16.5060,0.6719,2.8934
16.5062,0.6229,2.6772
16.5064,0.6777,2.9168
16.5066,0.6306,2.7165
16.5068,0.6294,2.7114
16.5070,0.5685,2.4512
16.5072,0.5602,2.4156
16.5074,0.5656,2.4343
16.5076,0.643,2.7651
16.5078,0.6146,2.6503
16.5080,0.5562,2.3974
16.5082,0.5695,2.4513
16.5084,0.5877,2.5316
16.5086,0.5386,2.3247
16.5088,0.5295,2.2832
16.5090,0.5658,2.4365
16.5092,0.6189,2.6627
16.5094,0.6243,2.6897
16.5096,0.6112,2.6353
16.5098,0.6118,2.633
16.5100,0.6733,2.8964
16.5102,0.6849,2.9478
16.5104,0.6899,2.9681
16.5106,0.6873,2.9554
16.5108,0.7272,3.1271
16.5110,0.7355,3.1626
16.5112,0.7576,3.2575
16.5114,0.7838,3.3657
16.5116,0.7673,3.2977
16.5118,0.7267,3.1235
16.5120,0.7349,3.1615
16.5122,0.7294,3.1378
16.5124,0.6742,2.9046
16.5126,0.5948,2.5638
16.5128,0.5778,2.4893
16.5130,0.5905,2.5405
16.5132,0.6524,2.8079
16.5134,0.6556,2.8245
16.5136,0.5717,2.4641
16.5138,0.6371,2.7393
16.5140,0.7061,3.0349
16.5142,0.6752,2.906
16.5144,0.6554,2.8222
16.5146,0.6098,2.6284
16.5148,0.6522,2.8043
16.5150,0.6698,2.8828
16.5152,0.6705,2.8845
16.5154,0.7176,3.0829
16.5156,0.7661,3.2864
16.5158,0.8498,3.6455
16.5160,0.8591,3.6856
16.5162,0.8642,3.7072
16.5164,0.9073,3.8942
16.5166,0.9094,3.8975
16.5168,0.9066,3.8929
16.5170,0.8901,3.8166
16.5172,0.8974,3.8533
16.5174,0.8477,3.6368
16.5176,0.8666,3.7158
16.5178,0.9231,3.9585
16.5180,0.9002,3.8567
16.5182,0.9428,4.0465
16.5184,0.9266,3.9771
16.5186,0.9493,4.0705
16.5188,0.9122,3.9062
16.5190,1.039,4.451
16.5192,1.0571,4.5264
16.5194,0.9887,4.2377
16.5196,0.9963,4.2681
16.5198,0.9877,4.237
16.5200,0.9487,4.0737
16.5202,0.8422,3.6181
16.5204,0.7712,3.3178
16.5206,0.7132,3.0667
16.5208,0.7434,3.1996
16.5210,0.6995,3.0094
16.5212,0.7303,3.1419
16.5214,0.7048,3.0335
16.5216,0.7073,3.0429
16.5218,0.7466,3.2076
16.5220,0.8566,3.6748
16.5222,0.8331,3.5823
16.5224,0.794,3.4142
16.5226,0.6981,3.0046
16.5228,0.6817,2.9352
16.5230,0.6795,2.9259
16.5232,0.7209,3.0997
16.5234,0.7484,3.2153
16.5236,0.8243,3.543
16.5238,0.8001,3.4405
16.5240,0.7513,3.2322
16.5242,0.7429,3.1961
16.5244,0.718,3.0931
16.5246,0.6311,2.7161
16.5248,0.6983,3.0042
16.5250,0.802,3.4456
16.5252,0.8817,3.7841
16.5254,0.7917,3.406
16.5256,0.7182,3.0913
16.5258,0.7112,3.0608
16.5260,0.6413,2.7638
16.5262,0.6313,2.7196
16.5264,0.6594,2.8405
16.5266,0.6311,2.7173
16.5268,0.6516,2.8056
16.5270,0.6749,2.905
16.5272,0.6805,2.9273
16.5274,0.7293,3.1446
16.5276,0.6002,2.5895
16.5278,0.5728,2.4687
16.5280,0.5878,2.5345
16.5282,0.5854,2.5241
16.5284,0.5862,2.5266
16.5286,0.6213,2.6768
16.5288,0.5975,2.5776
16.5290,0.5476,2.3613
16.5292,0.546,2.3524
16.5294,0.6305,2.7148
16.5296,0.6541,2.8178
16.5298,0.6679,2.8758
16.5300,0.6878,2.9602
16.5302,0.6601,2.8423
16.5304,0.6321,2.7245
16.5306,0.5954,2.5664
16.5308,0.6266,2.6982
16.5310,0.6377,2.7445
16.5312,0.6803,2.9295
16.5314,0.7175,3.0882
16.5316,0.6701,2.8857
16.5318,0.6048,2.6067
16.5320,0.6205,2.6719
16.5322,0.6408,2.7579
16.5324,0.5965,2.5722
16.5326,0.5966,2.5727
16.5328,0.5701,2.4585
16.5330,0.5718,2.4623
16.5332,0.6128,2.6389
16.5334,0.6242,2.6942
16.5336,0.5008,2.1636
16.5338,0.4591,1.9806
16.5340,0.4682,2.0199
16.5342,0.4625,1.9988
16.5344,0.4727,2.0381
16.5346,0.553,2.3834
16.5348,0.5169,2.2299
16.5350,0.53,2.2842
16.5352,0.538,2.321
16.5354,0.4711,2.0333
16.5356,0.4432,1.9154
16.5358,0.4439,1.9149
16.5360,0.4439,1.9149
16.5362,0.4401,1.901
16.5364,0.4295,1.8572
16.5366,0.4243,1.8323
16.5368,0.4267,1.8418
16.5370,0.4312,1.8618
16.5372,0.4291,1.8522
16.5374,0.4312,1.8592
16.5376,0.4299,1.8553
16.5378,0.4315,1.8625
16.5380,0.4336,1.8713
16.5382,0.4378,1.8886
16.5384,0.4909,2.1177
16.5386,0.5283,2.277
16.5388,0.5495,2.3663
16.5390,0.5887,2.5351
16.5392,0.5799,2.5004
16.5394,0.5616,2.4206
16.5396,0.5474,2.3602
16.5398,0.4757,2.052
16.5400,0.4488,1.937
16.5402,0.4319,1.8632
16.5404,0.4651,2.0037
16.5406,0.5137,2.215
16.5408,0.541,2.3318
16.5410,0.5488,2.361
16.5412,0.5591,2.4098
16.5414,0.5041,2.1746
16.5416,0.4933,2.128
16.5418,0.511,2.2026
16.5420,0.5747,2.4747
16.5422,0.591,2.5473
16.5424,0.5082,2.1912
16.5426,0.5295,2.279
16.5428,0.6096,2.6213
16.5430,0.5947,2.5573
16.5432,0.6712,2.8876
16.5434,0.6981,3.0018
16.5436,0.6946,2.9882
16.5438,0.6736,2.8952
16.5440,0.6536,2.8118
16.5442,0.6077,2.6167
16.5444,0.632,2.7164
16.5446,0.6707,2.8856
16.5448,0.6078,2.6184
16.5450,0.601,2.5841
16.5452,0.6699,2.8833
16.5454,0.5996,2.5833
16.5456,0.5765,2.4824
16.5458,0.5687,2.4489
16.5460,0.5733,2.4719
16.5462,0.5025,2.1679
16.5464,0.4797,2.0696
16.5466,0.4729,2.0392
16.5468,0.4663,2.0126
16.5470,0.4742,2.043
16.5472,0.5891,2.5331
16.5474,0.6495,2.793
16.5476,0.6481,2.7868
16.5478,0.6644,2.8529
16.5480,0.7084,3.0461
16.5482,0.7024,3.0189
16.5484,0.7306,3.14
16.5486,0.6911,2.9746
16.5488,0.6514,2.796
16.5490,0.7577,3.255
16.5492,0.7565,3.2468
16.5494,0.7812,3.3481
16.5496,0.864,3.7015
16.5498,0.8968,3.8489
16.5500,0.8878,3.8068
16.5502,0.9182,3.9355
16.5504,0.9034,3.87
16.5506,0.9759,4.1808
16.5508,0.9917,4.2486
16.5510,0.9354,4.0034
16.5512,0.9869,4.228
16.5514,0.9628,4.1306
16.5516,0.9007,3.8623
16.5518,0.9329,3.9964
16.5520,0.9751,4.1772
16.5522,0.9971,4.2677
16.5524,1.0719,4.5858
16.5526,1.0493,4.4931
16.5528,1.0271,4.394
16.5530,1.0718,4.5831
16.5532,1.1137,4.7688
16.5534,1.0223,4.3796
16.5536,0.9968,4.2722
16.5538,0.9567,4.1005
16.5540,1.0061,4.3102
16.5542,0.9872,4.235
16.5544,0.9169,3.9336
16.5546,0.9036,3.8783
16.5548,0.9257,3.9693
16.5550,1.0184,4.3586
16.5552,1.0815,4.629
16.5554,0.9863,4.2353
16.5556,0.8676,3.7239
16.5558,0.915,3.9235
16.5560,1.0243,4.3842
16.5562,1.0664,4.5707
16.5564,0.9427,4.0441
16.5566,0.901,3.8687
16.5568,0.8957,3.8515
16.5570,0.7956,3.4194
16.5572,0.8591,3.6873
16.5574,0.8508,3.6586
16.5576,0.8413,3.6107
16.5578,0.899,3.8623
16.5580,0.8095,3.4808
16.5582,0.8004,3.4432
16.5584,0.7962,3.4187
16.5586,0.8372,3.5948
16.5588,0.8453,3.6315
16.5590,0.8468,3.6411
16.5592,0.8101,3.485
16.5594,0.8096,3.4813
16.5596,0.7886,3.391
16.5598,0.767,3.3044
16.5600,0.6904,2.9729
16.5602,0.6776,2.915
16.5604,0.7753,3.3338
16.5606,0.8175,3.5137
16.5608,0.801,3.4458
16.5610,0.7265,3.1269
16.5612,0.7255,3.1242
16.5614,0.6808,2.9289
16.5616,0.745,3.2019
16.5618,0.7891,3.3994
16.5620,0.6878,2.9629
16.5622,0.6745,2.9083
16.5624,0.6002,2.5907
16.5626,0.5857,2.5233
16.5628,0.6419,2.7651
16.5630,0.6494,2.7976
16.5632,0.621,2.6752
16.5634,0.5972,2.5729
16.5636,0.61,2.6326
16.5638,0.554,2.392
16.5640,0.5295,2.2864
16.5642,0.5269,2.275
16.5644,0.5242,2.2636
16.5646,0.5272,2.2744
16.5648,0.5371,2.3136
16.5650,0.6218,2.6739
16.5652,0.701,3.0184
16.5654,0.6464,2.7886
16.5656,0.5612,2.4197
16.5658,0.5698,2.4581
16.5660,0.5422,2.3358
16.5662,0.6082,2.6187
16.5664,0.635,2.7382
16.5666,0.6552,2.8224
16.5668,0.636,2.7398
16.5670,0.6261,2.6987
16.5672,0.5901,2.5455
16.5674,0.5276,2.2749
16.5676,0.5831,2.5143
16.5678,0.5397,2.3272
16.5680,0.5548,2.3901
16.5682,0.5829,2.5144
16.5684,0.5245,2.2604
16.5686,0.5451,2.3493
16.5688,0.6229,2.6835
16.5690,0.6425,2.7677
16.5692,0.6229,2.6822
16.5694,0.6734,2.8983
16.5696,0.6832,2.9406
16.5698,0.6528,2.8082
16.5700,0.6451,2.7765
16.5702,0.6801,2.9258
16.5704,0.7155,3.0823
16.5706,0.6278,2.7072
16.5708,0.6071,2.6153
16.5710,0.6384,2.7463
16.5712,0.7023,3.0226
16.5714,0.7155,3.0737
16.5716,0.7977,3.4238
16.5718,0.8138,3.5042
16.5720,0.7245,3.1181
16.5722,0.7209,3.1012
16.5724,0.6769,2.9119
16.5726,0.6324,2.7281
16.5728,0.5403,2.3319
16.5730,0.5257,2.2667
16.5732,0.5236,2.2589
16.5734,0.5236,2.2558
16.5736,0.633,2.7256
16.5738,0.6796,2.9251
16.5740,0.6838,2.9418
16.5742,0.6729,2.8935
16.5744,0.6574,2.8349
16.5746,0.5842,2.5155
16.5748,0.5827,2.5104
16.5750,0.5946,2.5628
16.5752,0.604,2.6019
16.5754,0.6327,2.7258
16.5756,0.6104,2.6298
16.5758,0.6452,2.7821
16.5760,0.6239,2.6826
16.5762,0.6642,2.8572
16.5764,0.6705,2.8859
16.5766,0.666,2.8689
16.5768,0.5832,2.5148
16.5770,0.546,2.3578
16.5772,0.4745,2.0478
16.5774,0.4745,2.0468
16.5776,0.4671,2.0162
16.5778,0.4691,2.0245
16.5780,0.4657,2.0081
16.5782,0.4706,2.0303
16.5784,0.4765,2.0566
16.5786,0.4848,2.0923
16.5788,0.4673,2.0167
16.5790,0.4664,2.0131
16.5792,0.4703,2.0297
16.5794,0.4742,2.0439
16.5796,0.5357,2.309
16.5798,0.4701,2.0282
16.5800,0.4996,2.1515
16.5802,0.5572,2.4026
16.5804,0.5465,2.3533
16.5806,0.5777,2.4934
16.5808,0.5041,2.1736
16.5810,0.5795,2.4942
16.5812,0.6547,2.8138
16.5814,0.7568,3.2484
16.5816,0.7824,3.3595
16.5818,0.766,3.2905
16.5820,0.7704,3.3142
16.5822,0.7317,3.1432
16.5824,0.7838,3.3657
16.5826,0.7718,3.3142
16.5828,0.8066,3.4635
16.5830,0.8357,3.587
16.5832,0.8393,3.6024
16.5834,0.9017,3.861
16.5836,0.9668,4.1495
16.5838,0.8764,3.7597
16.5840,0.9356,4.0063
16.5842,0.9686,4.1514
16.5844,0.9562,4.0965
16.5846,0.9215,3.9457
16.5848,0.9625,4.1213
16.5850,0.9709,4.1573
16.5852,1.0341,4.432
16.5854,1.0176,4.3575
16.5856,1.0312,4.4155
16.5858,1.0423,4.4612
16.5860,1.0643,4.5551
16.5862,1.051,4.5044
16.5864,0.98,4.2022
16.5866,0.9378,4.0287
16.5868,0.8751,3.7575
16.5870,0.9068,3.894
16.5872,0.8419,3.6149
16.5874,0.8158,3.5065
16.5876,0.788,3.3837
16.5878,0.8727,3.7455
16.5880,0.9006,3.8636
16.5882,0.923,3.969
16.5884,0.8342,3.582
16.5886,0.889,3.8208
16.5888,0.8435,3.6272
16.5890,0.7929,3.4112
16.5892,0.7282,3.1297
16.5894,0.7486,3.2233
16.5896,0.7106,3.0582
16.5898,0.7699,3.3152
16.5900,0.7098,3.0551
16.5902,0.7385,3.1755
16.5904,0.7875,3.3817
16.5906,0.8219,3.5294
16.5908,0.8396,3.6102
16.5910,0.7715,3.3173
16.5912,0.7862,3.3792
16.5914,0.7951,3.4173
16.5916,0.7972,3.4298
16.5918,0.7821,3.3616
16.5920,0.8267,3.555
16.5922,0.7359,3.1642
16.5924,0.7624,3.2751
16.5926,0.8827,3.7887
16.5928,0.912,3.9143
16.5930,0.8983,3.8628
16.5932,0.8357,3.592
16.5934,0.8765,3.7672
16.5936,0.7493,3.2294
16.5938,0.6495,2.7995
16.5940,0.6259,2.6976
16.5942,0.6294,2.7101
16.5944,0.646,2.7858
16.5946,0.6578,2.8325
16.5948,0.7785,3.3524
16.5950,0.6701,2.891
16.5952,0.5407,2.3356
16.5954,0.5158,2.2274
16.5956,0.542,2.3359
16.5958,0.5849,2.5197
16.5960,0.5867,2.5287
16.5962,0.5656,2.44
16.5964,0.5319,2.2946
16.5966,0.5838,2.5174
16.5968,0.6088,2.625
16.5970,0.5233,2.2595
16.5972,0.4686,2.0243
16.5974,0.47,2.0305
16.5976,0.4683,2.0223
16.5978,0.4718,2.0392
16.5980,0.4718,2.0373
16.5982,0.4741,2.0472
16.5984,0.4751,2.0513
16.5986,0.485,2.0943
16.5988,0.4751,2.0504
16.5990,0.4711,2.0324
16.5992,0.4692,2.0241
16.5994,0.4712,2.0357
16.5996,0.4729,2.042
16.5998,0.4711,2.0352
16.6000,0.4747,2.0479
16.6002,0.4705,2.0316
16.6004,0.4713,2.0353
16.6006,0.47,2.0268
16.6008,0.5079,2.1891
16.6010,0.5324,2.2977
16.6012,0.5006,2.1586
16.6014,0.5698,2.4489
16.6016,0.6974,3.0015
16.6018,0.6813,2.9337
16.6020,0.6326,2.7241
16.6022,0.6067,2.6125
16.6024,0.6224,2.6827
16.6026,0.509,2.1958
16.6028,0.449,1.939
16.6030,0.4476,1.9328
16.6032,0.4456,1.9248
16.6034,0.446,1.9242
16.6036,0.4578,1.9749
16.6038,0.4535,1.959
16.6040,0.446,1.926
16.6042,0.4421,1.9081
16.6044,0.4469,1.9279
16.6046,0.4603,1.9849
16.6048,0.5134,2.2139
16.6050,0.5616,2.4173
16.6052,0.6409,2.7597
16.6054,0.6542,2.817
16.6056,0.6662,2.866
16.6058,0.5523,2.3825
16.6060,0.4625,1.996
16.6062,0.4542,1.9594
16.6064,0.4468,1.9256
16.6066,0.4881,2.1029
16.6068,0.5807,2.5017
16.6070,0.6089,2.6194
16.6072,0.6492,2.7927
16.6074,0.633,2.7256
16.6076,0.6059,2.6077
16.6078,0.6276,2.6973
16.6080,0.652,2.8064
16.6082,0.6106,2.6315
16.6084,0.5758,2.4805
16.6086,0.5535,2.3855
16.6088,0.5891,2.5366
16.6090,0.6237,2.6858
16.6092,0.5956,2.5598
16.6094,0.6634,2.8514
16.6096,0.7282,3.1283
16.6098,0.7729,3.3204
16.6100,0.7832,3.3631
16.6102,0.7621,3.2756
16.6104,0.6817,2.9352
16.6106,0.6065,2.6127
16.6108,0.6289,2.7043
16.6110,0.7132,3.0625
16.6112,0.7492,3.2184
16.6114,0.761,3.2709
16.6116,0.7405,3.1873
16.6118,0.6454,2.7793
16.6120,0.6331,2.7261
16.6122,0.5695,2.4548
16.6124,0.5064,2.1824
16.6126,0.5488,2.3686
16.6128,0.4974,2.1456
16.6130,0.4893,2.1061
16.6132,0.5329,2.2987
16.6134,0.4938,2.1301
16.6136,0.5198,2.2413
16.6138,0.5459,2.3519
16.6140,0.5462,2.3551
16.6142,0.5168,2.2263
16.6144,0.6049,2.6024
16.6146,0.6693,2.8767
16.6148,0.7383,3.1701
16.6150,0.7561,3.2483
16.6152,0.6998,3.009
16.6154,0.6966,2.9956
16.6156,0.7752,3.3255
16.6158,0.8041,3.4511
16.6160,0.8136,3.4885
16.6162,0.897,3.8428
16.6164,0.9339,4.0047
16.6166,0.9126,3.9132
16.6168,0.9573,4.105
16.6170,0.8409,3.6108
16.6172,0.8207,3.5161
16.6174,0.9421,4.0378
16.6176,0.9154,3.9305
16.6178,0.8157,3.501
16.6180,0.8185,3.5096
16.6182,0.8691,3.7301
16.6184,0.861,3.6973
16.6186,0.8074,3.4655
16.6188,0.8092,3.4765
16.6190,0.8167,3.5084
16.6192,0.835,3.5856
16.6194,0.8326,3.5753
16.6196,0.8224,3.5315
16.6198,0.8299,3.5634
16.6200,0.7827,3.3673
16.6202,0.7528,3.2369
16.6204,0.783,3.3605
16.6206,0.8458,3.6268
16.6208,0.851,3.6557
16.6210,0.7902,3.3962
16.6212,0.7898,3.3946
16.6214,0.7971,3.4261
16.6216,0.8242,3.5359
16.6218,0.9199,3.9446
16.6220,0.8791,3.7733
16.6222,0.8584,3.6894
16.6224,0.7655,3.2869
16.6226,0.7626,3.2776
16.6228,0.7691,3.307
16.6230,0.7642,3.2859
16.6232,0.7567,3.2524
16.6234,0.8556,3.6741
16.6236,0.8132,3.4967
16.6238,0.7916,3.396
16.6240,0.8697,3.7326
16.6242,0.8475,3.6391
16.6244,0.7863,3.3812
16.6246,0.7926,3.4081
16.6248,0.8329,3.5763
16.6250,0.8451,3.6305
16.6252,0.8422,3.6181
16.6254,0.8377,3.6019
16.6256,0.7401,3.1852
16.6258,0.7284,3.1337
16.6260,0.7029,3.0252
16.6262,0.7049,3.0368
16.6264,0.6898,2.9731
16.6266,0.6817,2.9352
16.6268,0.6734,2.8969
16.6270,0.6754,2.9097
16.6272,0.6764,2.9125
16.6274,0.6857,2.9487
16.6276,0.6802,2.9304
16.6278,0.6823,2.9378
16.6280,0.7193,3.0945
16.6282,0.7692,3.306
16.6284,0.7522,3.2358
16.6286,0.7381,3.1755
16.6288,0.763,3.2807
16.6290,0.7519,3.2318
16.6292,0.7381,3.1755
16.6294,0.7447,3.2038
16.6296,0.7162,3.0796
16.6298,0.7145,3.0767
16.6300,0.6923,2.9798
16.6302,0.6958,2.9948
16.6304,0.6409,2.7622
16.6306,0.6189,2.6664
16.6308,0.6236,2.6853
16.6310,0.6427,2.7687
16.6312,0.6694,2.8812
16.6314,0.7248,3.1153
16.6316,0.7261,3.1253
16.6318,0.7361,3.1667
16.6320,0.7559,3.2548
16.6322,0.651,2.8017
16.6324,0.5865,2.53
16.6326,0.543,2.3438
16.6328,0.5367,2.3153
16.6330,0.5413,2.3339
16.6332,0.5649,2.438
16.6334,0.5434,2.3432
16.6336,0.5496,2.3701
16.6338,0.5383,2.3209
16.6340,0.5439,2.3442
16.6342,0.533,2.2993
16.6344,0.547,2.3587
16.6346,0.6302,2.7112
16.6348,0.7363,3.1692
16.6350,0.6513,2.8098
16.6352,0.5349,2.3075
16.6354,0.5263,2.2703
16.6356,0.5266,2.2708
16.6358,0.5255,2.2672
16.6360,0.5325,2.2983
16.6362,0.5362,2.3143
16.6364,0.5367,2.3142
16.6366,0.5335,2.3003
16.6368,0.5362,2.3132
16.6370,0.5338,2.3018
16.6372,0.5333,2.2987
16.6374,0.536,2.3101
16.6376,0.5362,2.3132
16.6378,0.5239,2.261
16.6380,0.5481,2.3612
16.6382,0.6143,2.6438
16.6384,0.6681,2.8755
16.6386,0.6555,2.8227
16.6388,0.6362,2.7383
16.6390,0.6283,2.708
16.6392,0.5607,2.4165
16.6394,0.602,2.5912
16.6396,0.6471,2.7891
16.6398,0.5753,2.4807
16.6400,0.6227,2.6787
16.6402,0.6342,2.732
16.6404,0.5866,2.5281
16.6406,0.5789,2.4939
16.6408,0.5759,2.481
16.6410,0.5806,2.5035
16.6412,0.5754,2.4778
16.6414,0.6454,2.7754
16.6416,0.697,2.9957
16.6418,0.7601,3.2683
16.6420,0.7369,3.1688
16.6422,0.7062,3.0382
16.6424,0.6553,2.819
16.6426,0.6981,3.0018
16.6428,0.7734,3.3256
16.6430,0.7319,3.1501
16.6432,0.6978,2.9993
16.6434,0.708,3.046
16.6436,0.7047,3.0273
16.6438,0.763,3.2761
16.6440,0.7399,3.1847
16.6442,0.6293,2.7083
16.6444,0.6277,2.7054
16.6446,0.6683,2.8779
16.6448,0.6002,2.5859
16.6450,0.5247,2.2646
16.6452,0.4566,1.9707
16.6454,0.445,1.9214
16.6456,0.4281,1.8458
16.6458,0.493,2.1241
16.6460,0.5631,2.428
16.6462,0.5861,2.5237
16.6464,0.6375,2.7465
16.6466,0.5311,2.2931
16.6468,0.4411,1.9022
16.6470,0.5065,2.1829
16.6472,0.526,2.2672
16.6474,0.5362,2.3089
16.6476,0.5899,2.5402
16.6478,0.6975,2.9992
16.6480,0.7439,3.1943
16.6482,0.7765,3.3359
16.6484,0.8179,3.507
16.6486,0.9058,3.8821
16.6488,0.929,3.9762
16.6490,1.0102,4.3196
16.6492,1.1066,4.734
16.6494,1.1205,4.8003
16.6496,1.0237,4.3857
16.6498,0.9721,4.1663
16.6500,0.9803,4.1959
16.6502,1.0651,4.5566
16.6504,1.0656,4.5586
16.6506,1.0881,4.655
16.6508,1.1409,4.883
16.6510,1.0889,4.6625
16.6512,1.1097,4.7474
16.6514,1.1672,4.9884
16.6516,1.1425,4.892
16.6518,1.0253,4.3924
16.6520,0.9549,4.0947
16.6522,1.0052,4.3061
16.6524,1.0793,4.6257
16.6526,1.0453,4.4782
16.6528,1.0326,4.4237
16.6530,1.0483,4.491
16.6532,1.0633,4.5467
16.6534,1.0607,4.5567
16.6536,0.8369,3.5988
16.6538,0.8669,3.7277
16.6540,0.8168,3.5122
16.6542,0.7869,3.387
16.6544,0.8041,3.4559
16.6546,0.8534,3.6609
16.6548,0.9481,4.0635
16.6550,0.9525,4.092
16.6552,0.8938,3.8396
16.6554,0.8555,3.6805
16.6556,0.8526,3.6732
16.6558,0.7727,3.3225
16.6560,0.8351,3.5894
16.6562,0.7806,3.3581
16.6564,0.7366,3.1702
16.6566,0.7684,3.3054
16.6568,0.7757,3.3416
16.6570,0.7405,3.1858
16.6572,0.7434,3.2011
16.6574,0.7042,3.0309
16.6576,0.7609,3.275
16.6578,0.713,3.0686
16.6580,0.7242,3.1156
16.6582,0.7865,3.3786
16.6584,0.8255,3.5515
16.6586,0.7163,3.0916
16.6588,0.5988,2.5808
16.6590,0.6023,2.5946
16.6592,0.6759,2.9118
16.6594,0.648,2.794
16.6596,0.5916,2.5498
16.6598,0.6142,2.647
16.6600,0.5976,2.5781
16.6602,0.5877,2.5351
16.6604,0.5947,2.5633
16.6606,0.5958,2.5703
16.6608,0.5998,2.5886
16.6610,0.5309,2.2883
16.6612,0.5848,2.5204
16.6614,0.568,2.4492
16.6616,0.6059,2.6113
16.6618,0.6375,2.7516
16.6620,0.5685,2.4524
16.6622,0.6187,2.6629
16.6624,0.6586,2.8387
16.6626,0.5824,2.5124
16.6628,0.554,2.3931
16.6630,0.459,1.9819
16.6632,0.4862,2.0985
16.6634,0.5361,2.3159
16.6636,0.4638,2.0045
16.6638,0.4342,1.8765
16.6640,0.433,1.8696
16.6642,0.4397,1.8986
16.6644,0.448,1.9343
16.6646,0.4447,1.9212
16.6648,0.4409,1.9029
16.6650,0.4378,1.8894
16.6652,0.4427,1.9124
16.6654,0.453,1.9542
16.6656,0.5008,2.1606
16.6658,0.5305,2.2884
16.6660,0.5507,2.3747
16.6662,0.5349,2.3075
16.6664,0.4826,2.0839
16.6666,0.4688,2.0235
16.6668,0.4637,2.0012
16.6670,0.5457,2.353
16.6672,0.5718,2.468
16.6674,0.5583,2.4062
16.6676,0.545,2.3477
16.6678,0.5803,2.5001
16.6680,0.577,2.4891
16.6682,0.5457,2.3497
16.6684,0.5877,2.5304
16.6686,0.6293,2.7109
16.6688,0.6377,2.747
16.6690,0.5935,2.5581
16.6692,0.5862,2.5254
16.6694,0.5865,2.5253
16.6696,0.6185,2.6644
16.6698,0.6068,2.613
16.6700,0.5759,2.481
16.6702,0.5727,2.4682
16.6704,0.5752,2.4779
16.6706,0.6281,2.7057
16.6708,0.5733,2.4719
16.6710,0.5284,2.2764
16.6712,0.5553,2.3921
16.6714,0.6162,2.6533
16.6716,0.6903,2.9696
16.6718,0.6607,2.8435
16.6720,0.6138,2.6454
16.6722,0.5865,2.5288
16.6724,0.5724,2.466
16.6726,0.6205,2.6694
16.6728,0.6079,2.6213
16.6730,0.541,2.3318
16.6732,0.5758,2.4782
16.6734,0.5797,2.4998
16.6736,0.5502,2.3749
16.6738,0.5049,2.1792
16.6740,0.4895,2.1105
16.6742,0.4886,2.1069
16.6744,0.4928,2.123
16.6746,0.5568,2.3955
16.6748,0.6368,2.737
16.6750,0.6825,2.9361
16.6752,0.6519,2.8059
16.6754,0.6367,2.7403
16.6756,0.6458,2.7783
16.6758,0.6707,2.8869
16.6760,0.6808,2.9262
16.6762,0.6169,2.6552
16.6764,0.6618,2.8508
16.6766,0.6387,2.7504
16.6768,0.6079,2.6165
16.6770,0.6801,2.9258
16.6772,0.6436,2.7716
16.6774,0.5939,2.5585
16.6776,0.6337,2.7287
16.6778,0.5681,2.4508
16.6780,0.4929,2.1245
16.6782,0.4811,2.0772
16.6784,0.4308,1.8603
16.6786,0.462,1.9912
16.6788,0.5082,2.1942
16.6790,0.4023,1.7379
16.6792,0.3911,1.6897
16.6794,0.3917,1.6907
16.6796,0.3952,1.7057
16.6798,0.4164,1.7948
16.6800,0.4699,2.0244
16.6802,0.5287,2.2796
16.6804,0.5041,2.1746
16.6806,0.4959,2.1365
16.6808,0.6023,2.5874
16.6810,0.6856,2.9509
16.6812,0.644,2.7718
16.6814,0.6612,2.8403
16.6816,0.7212,3.097
16.6818,0.7427,3.1906
16.6820,0.7741,3.3271
16.6822,0.8062,3.4555
16.6824,0.8759,3.7594
16.6826,0.873,3.7453
16.6828,0.8779,3.7629
16.6830,0.8996,3.8523
16.6832,0.9259,3.9684
16.6834,0.8826,3.7829
16.6836,0.9415,4.039
16.6838,0.9097,3.9027
16.6840,0.9158,3.9271
16.6842,0.8998,3.8582
16.6844,0.9407,4.0316
16.6846,0.9186,3.9371
16.6848,0.9006,3.8654
16.6850,0.8801,3.7756
16.6852,0.897,3.85
16.6854,0.8544,3.6656
16.6856,0.8881,3.8083
16.6858,0.8903,3.8194
16.6860,0.9331,4.0011
16.6862,0.9248,3.9712
16.6864,0.7856,3.3766
16.6866,0.783,3.3605
16.6868,0.8499,3.6494
16.6870,0.8373,3.5937
16.6872,0.8562,3.675
16.6874,0.8977,3.8495
16.6876,0.933,3.9969
16.6878,0.9347,4.0172
16.6880,0.7946,3.4136
16.6882,0.8019,3.4435
16.6884,0.8471,3.6393
16.6886,0.8572,3.6825
16.6888,0.8281,3.554
16.6890,0.8628,3.7016
16.6892,0.8672,3.7183
16.6894,0.8706,3.7385
16.6896,0.8612,3.6995
16.6898,0.9058,3.8857
16.6900,0.9047,3.8883
16.6902,0.7694,3.3085
16.6904,0.769,3.3019
16.6906,0.8278,3.553
16.6908,0.8414,3.6112
16.6910,0.8597,3.6882
16.6912,0.8749,3.7535
16.6914,0.9151,3.9258
16.6916,0.9411,4.0393
16.6918,0.9112,3.907
16.6920,0.9829,4.2125
16.6922,0.9571,4.104
16.6924,0.8746,3.7625
16.6926,0.7773,3.341
16.6928,0.8062,3.4668
16.6930,0.7554,3.2528
16.6932,0.7028,3.0247
16.6934,0.7034,3.0287
16.6936,0.6893,2.9683
16.6938,0.6956,2.9937
16.6940,0.6865,2.9545
16.6942,0.7498,3.221
16.6944,0.8339,3.5876
16.6946,0.761,3.2785
16.6948,0.6261,2.7012
16.6950,0.61,2.6277
16.6952,0.6488,2.7938
16.6954,0.6415,2.7648
16.6956,0.5902,2.5425
16.6958,0.6225,2.6869
16.6960,0.5534,2.3883
16.6962,0.5544,2.3885
16.6964,0.5646,2.437
16.6966,0.5392,2.3272
16.6968,0.5474,2.3602
16.6970,0.5516,2.3772
16.6972,0.5498,2.3717
16.6974,0.5488,2.3621
16.6976,0.6763,2.9106
16.6978,0.6701,2.887
16.6980,0.6073,2.6188
16.6982,0.5547,2.3929
16.6984,0.5307,2.2894
16.6986,0.523,2.2584
16.6988,0.5222,2.2517
16.6990,0.526,2.2682
16.6992,0.5295,2.2853
16.6994,0.5269,2.2739
16.6996,0.5314,2.2915
16.6998,0.5253,2.2641
16.7000,0.5639,2.4338
16.7002,0.5414,2.3344
16.7004,0.5275,2.2744
16.7006,0.524,2.2584
16.7008,0.543,2.3405
16.7010,0.6176,2.6645
16.7012,0.5531,2.3862
16.7014,0.5258,2.2682
16.7016,0.5236,2.2579
16.7018,0.5217,2.2506
16.7020,0.5275,2.2755
16.7022,0.5255,2.2661
16.7024,0.5229,2.2548
16.7026,0.5235,2.2584
16.7028,0.5317,2.2925
16.7030,0.6068,2.6143
16.7032,0.612,2.6389
16.7034,0.5591,2.4087
16.7036,0.613,2.6406
16.7038,0.614,2.6453
16.7040,0.543,2.3405
16.7042,0.5318,2.2909
16.7044,0.568,2.4469
16.7046,0.6305,2.7135
16.7048,0.6674,2.8711
16.7050,0.6767,2.9113
16.7052,0.705,3.0359
16.7054,0.6365,2.7418
16.7056,0.6056,2.6079
16.7058,0.6175,2.6615
16.7060,0.5989,2.5778
16.7062,0.7205,3.0967
16.7064,0.7279,3.1287
16.7066,0.6937,2.9855
16.7068,0.6766,2.9095
16.7070,0.7231,3.1124
16.7072,0.6758,2.9045
16.7074,0.6735,2.8961
16.7076,0.7163,3.0758
16.7078,0.8519,3.6616
16.7080,0.8252,3.5417
16.7082,0.8685,3.724
16.7084,0.8807,3.78
16.7086,0.9064,3.8829
16.7088,0.9929,4.2537
16.7090,0.9776,4.2017
16.7092,0.742,3.1905
16.7094,0.7381,3.174
16.7096,0.8038,3.4533
16.7098,0.8276,3.5536
16.7100,0.8291,3.5587
16.7102,0.7733,3.3266
16.7104,0.7279,3.1316
16.7106,0.7243,3.1219
16.7108,0.653,2.8105
16.7110,0.7005,3.0135
16.7112,0.66,2.8444
16.7114,0.5793,2.5001
16.7116,0.5453,2.3504
16.7118,0.6228,2.6805
16.7120,0.6652,2.8632
16.7122,0.5567,2.4061
16.7124,0.4255,1.8383
16.7126,0.4139,1.7873
16.7128,0.4144,1.791
16.7130,0.4483,1.9332
16.7132,0.5639,2.4293
16.7134,0.5899,2.5379
16.7136,0.6964,2.9987
16.7138,0.645,2.7772
16.7140,0.5957,2.5638
16.7142,0.6573,2.8265
16.7144,0.7289,3.1372
16.7146,0.6658,2.8631
16.7148,0.6668,2.8672
16.7150,0.6878,2.9574
16.7152,0.7763,3.3317
16.7154,0.8691,3.7301
16.7156,0.8634,3.7059
16.7158,0.8434,3.625
16.7160,0.8361,3.5885
16.7162,0.883,3.788
16.7164,0.9128,3.9124
16.7166,0.9228,3.9588
16.7168,0.959,4.1103
16.7170,0.9927,4.2527
16.7172,0.9687,4.1558
16.7174,1.003,4.3009
16.7176,0.9889,4.2382
16.7178,1.0101,4.3272
16.7180,1.0349,4.4294
16.7182,1.0843,4.643
16.7184,1.0743,4.6004
16.7186,1.0867,4.6467
16.7188,1.1169,4.7849
16.7190,1.0158,4.36
16.7192,0.9028,3.8819
16.7194,0.8234,3.5389
16.7196,0.7759,3.3426
16.7198,0.6737,2.8998
16.7200,0.7007,3.0159
16.7202,0.6952,2.9922
16.7204,0.6898,2.969
16.7206,0.7014,3.019
16.7208,0.7043,3.0342
16.7210,0.7077,3.0473
16.7212,0.6887,2.9643
16.7214,0.7112,3.0565
16.7216,0.7337,3.1564
16.7218,0.7216,3.1072
16.7220,0.6663,2.8705
16.7222,0.6761,2.9128
16.7224,0.6832,2.9406
16.7226,0.6771,2.9143
16.7228,0.6965,2.9979
16.7230,0.7083,3.0513
16.7232,0.6947,2.9915
16.7234,0.6827,2.9385
16.7236,0.7151,3.075
16.7238,0.7709,3.3224
16.7240,0.6471,2.7878
16.7242,0.6561,2.8279
16.7244,0.6721,2.8885
16.7246,0.7297,3.1452
16.7248,0.6602,2.8415
16.7250,0.7094,3.0488
16.7252,0.7101,3.0576
16.7254,0.6946,2.991
16.7256,0.7144,3.0733
16.7258,0.7492,3.2214
16.7260,0.7627,3.2812
16.7262,0.704,3.0355
16.7264,0.5972,2.5729
16.7266,0.633,2.7256
16.7268,0.6814,2.9356
16.7270,0.6374,2.7473
16.7272,0.6903,2.9724
16.7274,0.6775,2.9144
16.7276,0.763,3.2792
16.7278,0.768,3.3054
16.7280,0.6721,2.8926
16.7282,0.6324,2.7192
16.7284,0.7138,3.0693
16.7286,0.7585,3.2677
16.7288,0.6042,2.6077
16.7290,0.5313,2.291
16.7292,0.535,2.307
16.7294,0.5693,2.4549
16.7296,0.5806,2.5023
16.7298,0.5669,2.4456
16.7300,0.5827,2.5116
16.7302,0.5907,2.5481
16.7304,0.5355,2.3101
16.7306,0.5285,2.2812
16.7308,0.5343,2.3039
16.7310,0.5941,2.5607
16.7312,0.5863,2.5259
16.7314,0.5711,2.4603
16.7316,0.5481,2.3622
16.7318,0.5526,2.3841
16.7320,0.5476,2.3624
16.7322,0.579,2.4979
16.7324,0.5381,2.3237
16.7326,0.4644,2.0052
16.7328,0.4566,1.9725
16.7330,0.4692,2.0241
16.7332,0.4847,2.0908
16.7334,0.477,2.0548
16.7336,0.5066,2.1875
16.7338,0.4824,2.0829
16.7340,0.4757,2.0549
16.7342,0.4644,2.0034
16.7344,0.501,2.1612
16.7346,0.451,1.9455
16.7348,0.4439,1.9158
16.7350,0.4462,1.9257
16.7352,0.4462,1.9248
16.7354,0.4454,1.9217
16.7356,0.4463,1.9271
16.7358,0.4475,1.9322
16.7360,0.4459,1.9246
16.7362,0.4429,1.9108
16.7364,0.4442,1.9183
16.7366,0.4409,1.9038
16.7368,0.4416,1.9042
16.7370,0.4513,1.947
16.7372,0.4466,1.9268
16.7374,0.4576,1.9739
16.7376,0.4588,1.98
16.7378,0.4954,2.1354
16.7380,0.5565,2.3951
16.7382,0.6012,2.5864
16.7384,0.5887,2.5363
16.7386,0.5695,2.4513
16.7388,0.571,2.4621
16.7390,0.4743,2.0482
16.7392,0.4668,2.0137
16.7394,0.5183,2.233
16.7396,0.535,2.307
16.7398,0.547,2.3587
16.7400,0.5498,2.3673
16.7402,0.536,2.309
16.7404,0.5395,2.3229
16.7406,0.5832,2.5102
16.7408,0.5914,2.5476
16.7410,0.5891,2.5378
16.7412,0.5803,2.4978
16.7414,0.6071,2.6153
16.7416,0.6168,2.6534
16.7418,0.7055,3.0295
16.7420,0.769,3.3034
16.7422,0.7462,3.204
16.7424,0.7736,3.325
16.7426,0.7213,3.1032
16.7428,0.6596,2.8415
16.7430,0.5993,2.5793
16.7432,0.5817,2.5046
16.7434,0.5679,2.4464
16.7436,0.5748,2.474
16.7438,0.5945,2.5587
16.7440,0.5493,2.3641
16.7442,0.589,2.5338
16.7444,0.6356,2.742
16.7446,0.4982,2.1493
16.7448,0.4662,2.0111
16.7450,0.4709,2.0304
16.7452,0.4683,2.0205
16.7454,0.4468,1.9282
16.7456,0.4441,1.9142
16.7458,0.5127,2.2098
16.7460,0.4695,2.0275
16.7462,0.4191,1.8095
16.7464,0.4796,2.0681
16.7466,0.508,2.1856
16.7468,0.5978,2.5731
16.7470,0.6396,2.7502
16.7472,0.6681,2.8755
16.7474,0.6217,2.6733
16.7476,0.6377,2.7432
16.7478,0.656,2.8247
16.7480,0.6362,2.737
16.7482,0.6514,2.8012
16.7484,0.6695,2.8804
16.7486,0.689,2.9571
16.7488,0.8433,3.611
16.7490,0.9854,4.2155
16.7492,1.0121,4.3319
16.7494,0.9984,4.2754
16.7496,1.0251,4.3852
16.7498,1.1035,4.7185
16.7500,1.0965,4.691
16.7502,1.0494,4.4852
16.7504,1.1343,4.8525
16.7506,1.0127,4.3385
16.7508,0.9758,4.1803
16.7510,1.0144,4.3477
16.7512,0.9869,4.2261
16.7514,1.0506,4.4945
16.7516,1.0297,4.4073
16.7518,1.004,4.299
16.7520,1.0621,4.548
16.7522,1.0134,4.3497
16.7524,0.8945,3.8409
16.7526,0.8264,3.5468
16.7528,0.8824,3.7854
16.7530,0.9213,3.9526
16.7532,0.86,3.6875
16.7534,0.9174,3.9301
16.7536,0.9408,4.0378
16.7538,0.8616,3.7033
16.7540,0.7975,3.4228
16.7542,0.9032,3.8713
16.7544,0.905,3.8881
16.7546,0.814,3.4987
16.7548,0.815,3.4996
16.7550,0.8384,3.5983
16.7552,0.8353,3.5866
16.7554,0.8259,3.5514
16.7556,0.7907,3.4014
16.7558,0.7261,3.121
16.7560,0.7571,3.2554
16.7562,0.7562,3.2518
16.7564,0.7654,3.288
16.7566,0.8156,3.5022
16.7568,0.8175,3.5153
16.7570,0.766,3.2982
16.7572,0.7017,3.0186
16.7574,0.7371,3.1708
16.7576,0.7518,3.2313
16.7578,0.818,3.5141
16.7580,0.7941,3.4116
16.7582,0.773,3.3209
16.7584,0.8148,3.5002
16.7586,0.8383,3.6095
16.7588,0.7374,3.1694
16.7590,0.7447,3.2068
16.7592,0.6784,2.9226
16.7594,0.6689,2.8818
16.7596,0.657,2.8262
16.7598,0.7242,3.1113
16.7600,0.7592,3.2662
16.7602,0.7092,3.0554
16.7604,0.6841,2.9442
16.7606,0.7222,3.104
16.7608,0.8295,3.5669
16.7610,0.7729,3.322
16.7612,0.7694,3.3101
16.7614,0.7172,3.0881
16.7616,0.6797,2.9324
16.7618,0.6198,2.6688
16.7620,0.6444,2.7772
16.7622,0.6185,2.6656
16.7624,0.6026,2.5998
16.7626,0.5701,2.4573
16.7628,0.6207,2.6742
16.7630,0.5632,2.4307
16.7632,0.4872,2.1017
16.7634,0.5136,2.2114
16.7636,0.61,2.6289
16.7638,0.5987,2.5791
16.7640,0.6682,2.8747
16.7642,0.6299,2.7147
16.7644,0.5417,2.3349
16.7646,0.5499,2.3722
16.7648,0.543,2.3395
16.7650,0.616,2.6511
16.7652,0.6658,2.8684
16.7654,0.6294,2.7126
16.7656,0.6242,2.6854
16.7658,0.6778,2.9146
16.7660,0.7464,3.2096
16.7662,0.8474,3.6352
16.7664,0.868,3.7272
16.7666,0.8429,3.6229
16.7668,0.7739,3.3292
16.7670,0.7646,3.2864
16.7672,0.8102,3.4741
16.7674,0.9082,3.9015
16.7676,0.8464,3.6345
16.7678,0.8431,3.6234
16.7680,0.8016,3.4387
16.7682,0.8735,3.7491
16.7684,0.9273,3.9802
16.7686,0.8939,3.8419
16.7688,0.8083,3.4691
16.7690,0.8859,3.8003
16.7692,0.9246,3.9683
16.7694,0.9199,3.9483
16.7696,0.9113,3.9112
16.7698,0.8926,3.8345
16.7700,0.8873,3.8136
16.7702,0.8898,3.8191
16.7704,0.8857,3.8016
16.7706,0.8978,3.8536
16.7708,0.9186,3.9426
16.7710,0.9152,3.9245
16.7712,0.9145,3.9269
16.7714,0.9088,3.904
16.7716,0.9386,4.0248
16.7718,0.9571,4.1135
16.7720,0.814,3.5036
16.7722,0.7794,3.3498
16.7724,0.8096,3.4764
16.7726,0.8413,3.6157
16.7728,0.862,3.7014
16.7730,0.9102,3.9047
16.7732,0.9242,3.9742
16.7734,0.8146,3.5078
16.7736,0.7951,3.4125
16.7738,0.8911,3.8265
16.7740,0.8349,3.5884
16.7742,0.8108,3.488
16.7744,0.8074,3.4736
16.7746,0.7811,3.3617
16.7748,0.752,3.2383
16.7750,0.7427,3.1965
16.7752,0.7486,3.2203
16.7754,0.7468,3.2141
16.7756,0.7384,3.1721
16.7758,0.8578,3.68
16.7760,0.9502,4.0747
16.7762,0.9675,4.1564
16.7764,0.8664,3.7274
16.7766,0.8085,3.4799
16.7768,0.7821,3.3616
16.7770,0.7925,3.4091
16.7772,0.7921,3.4076
16.7774,0.8098,3.4807
16.7776,0.8029,3.4508
16.7778,0.829,3.5648
16.7780,0.8355,3.5893
16.7782,0.8305,3.5726
16.7784,0.819,3.5248
16.7786,0.7492,3.2214
16.7788,0.7516,3.2317
16.7790,0.797,3.4287
16.7792,0.8302,3.5683
16.7794,0.8607,3.6975
16.7796,0.8164,3.509
16.7798,0.7939,3.4185
16.7800,0.7291,3.1397
16.7802,0.6948,2.9906
16.7804,0.7342,3.1584
16.7806,0.7986,3.437
16.7808,0.8026,3.453
16.7810,0.7917,3.4076
16.7812,0.7224,3.1108
16.7814,0.7259,3.1228
16.7816,0.7853,3.3766
16.7818,0.7745,3.3302
16.7820,0.8035,3.4518
16.7822,0.8483,3.6427
16.7824,0.8778,3.7729
16.7826,0.894,3.8371
16.7828,0.9414,4.0385
16.7830,0.9827,4.2179
16.7832,0.9704,4.163
16.7834,0.9477,4.0639
16.7836,0.9608,4.1237
16.7838,0.9523,4.0872
16.7840,0.9643,4.1348
16.7842,1.0024,4.3023
16.7844,0.9832,4.2219
16.7846,0.9621,4.1352
16.7848,0.9518,4.0832
16.7850,0.9486,4.0694
16.7852,0.9986,4.2879
16.7854,0.9363,4.0206
16.7856,0.9428,4.0484
16.7858,0.9414,4.0441
16.7860,0.9537,4.0934
16.7862,0.9823,4.2178
16.7864,0.9646,4.146
16.7866,0.9305,3.9935
16.7868,0.9254,3.9793
16.7870,0.8547,3.6751
16.7872,0.8809,3.7828
16.7874,0.9417,4.0457
16.7876,0.9492,4.0795
16.7878,0.8896,3.8216
16.7880,0.8518,3.6577
16.7882,0.9498,4.0783
16.7884,0.9366,4.0254
16.7886,0.9174,3.9503
16.7888,0.8172,3.5187
16.7890,0.7897,3.4004
16.7892,0.7818,3.3632
16.7894,0.7925,3.4123
16.7896,0.7303,3.1448
16.7898,0.7448,3.2088
16.7900,0.7594,3.2698
16.7902,0.8054,3.4632
16.7904,0.8321,3.5832
16.7906,0.7781,3.3472
16.7908,0.8366,3.599
16.7910,0.8259,3.553
16.7912,0.7642,3.2889
16.7914,0.8088,3.4809
16.7916,0.8112,3.488
16.7918,0.8317,3.5845
16.7920,0.7112,3.0651
16.7922,0.6958,3.0003
16.7924,0.6986,3.0094
16.7926,0.6996,3.0127
16.7928,0.733,3.1547
16.7930,0.7469,3.2191
16.7932,0.6779,2.9219
16.7934,0.6885,2.966
16.7936,0.694,2.9912
16.7938,0.7108,3.0593
16.7940,0.7645,3.2905
16.7942,0.7155,3.0837
16.7944,0.6439,2.7777
16.7946,0.6132,2.6429
16.7948,0.6108,2.6362
16.7950,0.5474,2.3646
16.7952,0.5728,2.4733
16.7954,0.4901,2.12
16.7956,0.4198,1.8152
16.7958,0.4144,1.7902
16.7960,0.4526,1.9536
16.7962,0.5339,2.3055
16.7964,0.5068,2.1895
16.7966,0.465,2.0116
16.7968,0.46,1.9879
16.7970,0.4555,1.9678
16.7972,0.4682,2.0218
16.7974,0.5344,2.3076
16.7976,0.5445,2.3522
16.7978,0.4704,2.034
16.7980,0.4397,1.9003
16.7982,0.4399,1.9014
16.7984,0.4468,1.9318
16.7986,0.4465,1.9308
16.7988,0.4464,1.9303
16.7990,0.4457,1.9263
16.7992,0.4458,1.9277
16.7994,0.4675,2.0187
16.7996,0.5201,2.2418
16.7998,0.5269,2.2771
16.8000,0.4574,1.9761
16.8002,0.4457,1.9254
16.8004,0.4436,1.9174
16.8006,0.4434,1.9155
16.8008,0.4494,1.9414
16.8010,0.4483,1.935
16.8012,0.4469,1.9296
16.8014,0.4411,1.9057
16.8016,0.4441,1.9177
16.8018,0.4495,1.9428
16.8020,0.4486,1.9378
16.8022,0.445,1.9214
16.8024,0.4445,1.9211
16.8026,0.4452,1.9242
16.8028,0.4604,1.9882
16.8030,0.4516,1.9489
16.8032,0.4441,1.9177
16.8034,0.4426,1.9119
16.8036,0.4454,1.9234
16.8038,0.4484,1.9346
16.8040,0.4862,2.0975
16.8042,0.5308,2.291
16.8044,0.533,2.2993
16.8046,0.5374,2.3163
16.8048,0.5652,2.4361
16.8050,0.5721,2.4667
16.8052,0.5643,2.432
16.8054,0.6026,2.5962
16.8056,0.6077,2.6191
16.8058,0.5791,2.4949
16.8060,0.5701,2.4585
16.8062,0.5901,2.5408
16.8064,0.7043,3.03
16.8066,0.6843,2.9452
16.8068,0.6363,2.7401
16.8070,0.6317,2.7199
16.8072,0.6173,2.658
16.8074,0.6669,2.8691
16.8076,0.7221,3.1063
16.8078,0.6941,2.9861
16.8080,0.7459,3.2015
16.8082,0.81,3.4796
16.8084,0.7344,3.1565
16.8086,0.7312,3.1426
16.8088,0.7289,3.1328
16.8090,0.7523,3.2318
16.8092,0.776,3.3385
16.8094,0.7373,3.1748
16.8096,0.7162,3.0811
16.8098,0.7101,3.0533
16.8100,0.754,3.242
16.8102,0.7248,3.1211
16.8104,0.665,2.8608
16.8106,0.6686,2.8803
16.8108,0.6902,2.9719
16.8110,0.6736,2.9033
16.8112,0.5766,2.4841
16.8114,0.5596,2.4119
16.8116,0.5779,2.4921
16.8118,0.5487,2.3659
16.8120,0.5199,2.2398
16.8122,0.5603,2.4116
16.8124,0.6307,2.7183
16.8126,0.5986,2.5798
16.8128,0.5523,2.3792
16.8130,0.5433,2.3416
16.8132,0.5705,2.4589
16.8134,0.6008,2.586
16.8136,0.5831,2.5143
16.8138,0.5116,2.2062
16.8140,0.6554,2.8169
16.8142,0.7258,3.118
16.8144,0.7421,3.1925
16.8146,0.7246,3.1143
16.8148,0.7737,3.3256
16.8150,0.7389,3.1726
16.8152,0.6712,2.889
16.8154,0.6956,2.9909
16.8156,0.7008,3.015
16.8158,0.7293,3.1358
16.8160,0.777,3.3348
16.8162,0.8518,3.6559
16.8164,0.8554,3.6714
16.8166,0.8295,3.5619
16.8168,0.8313,3.5679
16.8170,0.8429,3.6212
16.8172,0.7957,3.4246
16.8174,0.7415,3.181
16.8176,0.8505,3.6554
16.8178,0.8207,3.5259
16.8180,0.8172,3.5072
16.8182,0.8362,3.5924
16.8184,0.8415,3.6151
16.8186,0.8378,3.5974
16.8188,0.8246,3.549
16.8190,0.7645,3.2859
16.8192,0.8126,3.4893
16.8194,0.817,3.51
16.8196,0.8197,3.518
16.8198,0.8327,3.5775
16.8200,0.821,3.5286
16.8202,0.836,3.5914
16.8204,0.8206,3.5287
16.8206,0.8078,3.4655
16.8208,0.8919,3.8243
16.8210,0.9047,3.8829
16.8212,0.8884,3.8111
16.8214,0.8829,3.791
16.8216,0.8427,3.6236
16.8218,0.8207,3.5276
16.8220,0.8209,3.5281
16.8222,0.8101,3.4833
16.8224,0.7692,3.3075
16.8226,0.7956,3.4178
16.8228,0.7885,3.389
16.8230,0.7901,3.3972
16.8232,0.8139,3.4966
16.8234,0.7974,3.4319
16.8236,0.6893,2.9641
16.8238,0.7933,3.4096
16.8240,0.7649,3.292
16.8242,0.6603,2.8394
16.8244,0.7222,3.1054
16.8246,0.7805,3.3544
16.8248,0.7886,3.3895
16.8250,0.7638,3.2874
16.8252,0.6892,2.9691
16.8254,0.688,2.9626
16.8256,0.6895,2.966
16.8258,0.6757,2.9081
16.8260,0.6689,2.8805
16.8262,0.6946,2.9882
16.8264,0.7633,3.2792
16.8266,0.8227,3.5358
16.8268,0.7942,3.4169
16.8270,0.7901,3.3941
16.8272,0.8323,3.5721
16.8274,0.8363,3.5962
16.8276,0.7963,3.4209
16.8278,0.8044,3.4575
16.8280,0.8014,3.451
16.8282,0.753,3.2409
16.8284,0.7658,3.29
16.8286,0.7975,3.4276
16.8288,0.753,3.2424
16.8290,0.7181,3.0907
16.8292,0.6886,2.961
16.8294,0.7037,3.0344
16.8296,0.6203,2.6746
16.8298,0.617,2.6582
16.8300,0.6168,2.6571
16.8302,0.6365,2.7393
16.8304,0.7404,3.1823
16.8306,0.78,3.3539
16.8308,0.7576,3.2605
16.8310,0.692,2.9852
16.8312,0.5362,2.3164
16.8314,0.5149,2.2232
16.8316,0.5126,2.2113
16.8318,0.511,2.2046
16.8320,0.5107,2.2041
16.8322,0.5078,2.1917
16.8324,0.5371,2.3169
16.8326,0.5578,2.4052
16.8328,0.5204,2.246
16.8330,0.517,2.2325
16.8332,0.5151,2.2232
16.8334,0.5531,2.3851
16.8336,0.5463,2.3523
16.8338,0.6682,2.8787
16.8340,0.5995,2.5863
16.8342,0.5156,2.2232
16.8344,0.5095,2.1989
16.8346,0.5095,2.1999
16.8348,0.5092,2.1968
16.8350,0.5084,2.1942
16.8352,0.5064,2.1844
16.8354,0.5061,2.1824
16.8356,0.5466,2.356
16.8358,0.5126,2.2113
16.8360,0.5084,2.1932
16.8362,0.5077,2.1911
16.8364,0.5077,2.1921
16.8366,0.5363,2.3105
16.8368,0.5917,2.5515
16.8370,0.5554,2.3938
16.8372,0.5827,2.5128
16.8374,0.5285,2.2759
16.8376,0.6025,2.592
16.8378,0.6361,2.7365
16.8380,0.6772,2.9134
16.8382,0.7125,3.0679
16.8384,0.6293,2.7121
16.8386,0.6254,2.6918
16.8388,0.6522,2.8056
16.8390,0.7007,3.0131
16.8392,0.6903,2.9683
16.8394,0.6757,2.9094
16.8396,0.6777,2.9182
16.8398,0.7034,3.0245
16.8400,0.7273,3.1276
16.8402,0.7416,3.1845
16.8404,0.8405,3.6092
16.8406,0.8502,3.6527
16.8408,0.744,3.1992
16.8410,0.7289,3.1343
16.8412,0.7815,3.3606
16.8414,0.7763,3.341
16.8416,0.6854,2.9512
16.8418,0.5983,2.5788
16.8420,0.5405,2.3329
16.8422,0.4833,2.0851
16.8424,0.4885,2.1074
16.8426,0.4748,2.0493
16.8428,0.4716,2.0354
16.8430,0.4764,2.0551
16.8432,0.4776,2.0584
16.8434,0.542,2.3359
16.8436,0.5338,2.3029
16.8438,0.4677,2.0188
16.8440,0.456,1.9672
16.8442,0.5213,2.2512
16.8444,0.4243,1.8323
16.8446,0.4014,1.7342
16.8448,0.3984,1.7221
16.8450,0.3948,1.7057
16.8452,0.3941,1.7018
16.8454,0.4182,1.8034
16.8456,0.4454,1.9225
16.8458,0.4128,1.781
16.8460,0.4496,1.9389
16.8462,0.4764,2.0532
16.8464,0.5353,2.3059
16.8466,0.5971,2.57
16.8468,0.6622,2.845
16.8470,0.7251,3.1134
16.8472,0.7205,3.0996
16.8474,0.6668,2.8672
16.8476,0.7085,3.041
16.8478,0.7435,3.1957
16.8480,0.727,3.1202
16.8482,0.8848,3.7922
16.8484,0.9498,4.0688
16.8486,0.9305,3.988
16.8488,0.9749,4.1708
16.8490,1.0079,4.3139
16.8492,1.0108,4.3262
16.8494,1.005,4.3076
16.8496,0.9541,4.093
16.8498,0.9666,4.1388
16.8500,1.0025,4.2948
16.8502,0.9819,4.2084
16.8504,0.9662,4.1411
16.8506,0.9921,4.2481
16.8508,0.9727,4.1669
16.8510,0.9763,4.1901
16.8512,0.874,3.7494
16.8514,0.9317,3.995
16.8516,0.9757,4.1817
16.8518,0.9535,4.0885
16.8520,0.9644,4.1353
16.8522,0.9749,4.1747
16.8524,0.982,4.2148
16.8526,0.8369,3.6022
16.8528,0.7606,3.2689
16.8530,0.779,3.3467
16.8532,0.7993,3.4353
16.8534,0.7929,3.4048
16.8536,0.903,3.8757
16.8538,0.8643,3.7112
16.8540,0.8084,3.4761
16.8542,0.795,3.4168
16.8544,0.7978,3.4323
16.8546,0.7318,3.1481
16.8548,0.7106,3.0597
16.8550,0.6848,2.9459
16.8552,0.7489,3.2204
16.8554,0.7655,3.29
16.8556,0.7652,3.2905
16.8558,0.7595,3.2688
16.8560,0.6769,2.9159
16.8562,0.6142,2.6433
16.8564,0.6755,2.9089
16.8566,0.6776,2.919
16.8568,0.6861,2.9516
16.8570,0.6871,2.9585
16.8572,0.6809,2.928
16.8574,0.7478,3.2187
16.8576,0.7042,3.0337
16.8578,0.6389,2.7547
16.8580,0.6305,2.716
16.8582,0.6456,2.7772
16.8584,0.6679,2.8732
16.8586,0.6806,2.9292
16.8588,0.7008,3.0122
16.8590,0.7371,3.1708
16.8592,0.6613,2.8514
16.8594,0.6162,2.6521
16.8596,0.6482,2.7938
16.8598,0.6049,2.6048
16.8600,0.6128,2.6376
16.8602,0.6145,2.6473
16.8604,0.6104,2.6322
16.8606,0.5923,2.5541
16.8608,0.5253,2.2693
16.8610,0.4865,2.1015
16.8612,0.489,2.1104
16.8614,0.5029,2.1664
16.8616,0.5699,2.4574
16.8618,0.5384,2.3268
16.8620,0.4167,1.7992
16.8622,0.4148,1.7909
16.8624,0.4399,1.8996
16.8626,0.4511,1.9487
16.8628,0.4424,1.9114
16.8630,0.4469,1.9279
16.8632,0.4475,1.9313
16.8634,0.4482,1.9344
16.8636,0.4433,1.9132
16.8638,0.4385,1.8934
16.8640,0.442,1.9075
16.8642,0.4492,1.9404
16.8644,0.4477,1.9333
16.8646,0.4472,1.9294
16.8648,0.4459,1.9246
16.8650,0.4481,1.9348
16.8652,0.4651,2.0065
16.8654,0.512,2.2057
16.8656,0.5519,2.3788
16.8658,0.5219,2.2538
16.8660,0.4626,1.9975
16.8662,0.4694,2.0223
16.8664,0.5643,2.4309
16.8666,0.5596,2.4096
16.8668,0.6222,2.6791
16.8670,0.5718,2.4646
16.8672,0.5478,2.3601
16.8674,0.5874,2.5294
16.8676,0.5891,2.5378
16.8678,0.5571,2.3988
16.8680,0.6167,2.6542
16.8682,0.6499,2.7984
16.8684,0.6548,2.817
16.8686,0.6745,2.8989
16.8688,0.7118,3.0591
16.8690,0.7179,3.0897
16.8692,0.6209,2.671
16.8694,0.6216,2.6741
16.8696,0.6633,2.8549
16.8698,0.7038,3.0237
16.8700,0.7675,3.2942
16.8702,0.716,3.0829
16.8704,0.5896,2.5387
16.8706,0.6466,2.7806
16.8708,0.704,3.0228
16.8710,0.7457,3.2094
16.8712,0.654,2.816
16.8714,0.638,2.7447
16.8716,0.6652,2.8605
16.8718,0.7146,3.0744
16.8720,0.7335,3.1583
16.8722,0.6199,2.6693
16.8724,0.5604,2.4132
16.8726,0.5591,2.412
16.8728,0.5451,2.3504
16.8730,0.5518,2.375
16.8732,0.5715,2.4596
16.8734,0.6636,2.8533
16.8736,0.7174,3.0819
16.8738,0.7463,3.2075
16.8740,0.6969,2.998
16.8742,0.6348,2.7308
16.8744,0.6164,2.6531
16.8746,0.598,2.5784
16.8748,0.5971,2.5712
16.8750,0.6259,2.6951
16.8752,0.5999,2.5819
16.8754,0.6062,2.6105
16.8756,0.5863,2.5224
16.8758,0.698,3.0013
16.8760,0.7084,3.0461
16.8762,0.6877,2.9569
16.8764,0.6905,2.9707
16.8766,0.6923,2.9812
16.8768,0.679,2.9198
16.8770,0.6568,2.827
16.8772,0.5992,2.5812
16.8774,0.598,2.576
16.8776,0.5518,2.3772
16.8778,0.5663,2.4408
16.8780,0.5418,2.3375
16.8782,0.5231,2.2548
16.8784,0.5265,2.2692
16.8786,0.5194,2.2408
16.8788,0.515,2.2196
16.8790,0.5404,2.327
16.8792,0.571,2.4575
16.8794,0.6167,2.6542
16.8796,0.6516,2.8043
16.8798,0.6689,2.8765
16.8800,0.726,3.1146
16.8802,0.7938,3.4069
16.8804,0.7968,3.4229
16.8806,0.7747,3.3266
16.8808,0.8191,3.5171
16.8810,0.8035,3.4518
16.8812,0.8085,3.4734
16.8814,0.7637,3.2792
16.8816,0.7716,3.3147
16.8818,0.7902,3.393
16.8820,0.8489,3.6436
16.8822,0.8433,3.6211
16.8824,0.7584,3.2581
16.8826,0.7881,3.3874
16.8828,0.7427,3.1921
16.8830,0.7482,3.2143
16.8832,0.7885,3.389
16.8834,0.8161,3.501
16.8836,0.8269,3.5506
16.8838,0.7895,3.3883
16.8840,0.8524,3.6636
16.8842,0.8164,3.5041
16.8844,0.8743,3.7527
16.8846,0.8537,3.6642
16.8848,0.8445,3.6212
16.8850,0.9296,3.9862
16.8852,0.911,3.9102
16.8854,0.8571,3.6786
16.8856,0.845,3.6317
16.8858,0.8106,3.4757
16.8860,0.9091,3.9001
16.8862,0.8559,3.6734
16.8864,0.8572,3.6774
16.8866,0.9102,3.9011
16.8868,0.9824,4.2066
16.8870,1.0187,4.3682
16.8872,0.9696,4.1594
16.8874,0.9609,4.1147
16.8876,1.0118,4.3404
16.8878,0.9584,4.1135
16.8880,0.9594,4.1099
16.8882,0.997,4.2732
16.8884,0.9781,4.1959
16.8886,0.9317,4.0043
16.8888,0.8643,3.7095
16.8890,0.898,3.8523
16.8892,0.9522,4.0848
16.8894,0.9597,4.1172
16.8896,0.9337,3.9981
16.8898,0.9867,4.231
16.8900,0.9775,4.1914
16.8902,0.9881,4.2371
16.8904,0.9573,4.1069
16.8906,0.9703,4.1625
16.8908,0.9946,4.2649
16.8910,0.9243,3.9654
16.8912,0.891,3.8242
16.8914,0.8675,3.7251
16.8916,0.885,3.8038
16.8918,0.8408,3.6086
16.8920,0.8782,3.7797
16.8922,0.8144,3.4986
16.8924,0.8777,3.7671
16.8926,0.8706,3.7402
16.8928,0.8787,3.7783
16.8930,0.8502,3.6544
16.8932,0.8743,3.7579
16.8934,0.859,3.6954
16.8936,0.8068,3.471
16.8938,0.7615,3.276
16.8940,0.7016,3.0265
16.8942,0.5867,2.531
16.8944,0.5814,2.5059
16.8946,0.5765,2.4882
16.8948,0.5947,2.5668
16.8950,0.5813,2.5054
16.8952,0.6253,2.6938
16.8954,0.6097,2.6303
16.8956,0.567,2.445
16.8958,0.5904,2.5459
16.8960,0.5845,2.5217
16.8962,0.5742,2.4761
16.8964,0.6143,2.6451
16.8966,0.6546,2.8212
16.8968,0.665,2.8661
16.8970,0.6315,2.7219
16.8972,0.6191,2.6694
16.8974,0.5631,2.428
16.8976,0.5719,2.4674
16.8978,0.5748,2.4775
16.8980,0.582,2.5108
16.8982,0.5755,2.4863
16.8984,0.4993,2.1569
16.8986,0.4833,2.087
16.8988,0.4879,2.1038
16.8990,0.5257,2.2656
16.8992,0.5462,2.3551
16.8994,0.5512,2.3768
16.8996,0.5483,2.3611
16.8998,0.6848,2.95
16.9000,0.6402,2.7617
16.9002,0.5447,2.3489
16.9004,0.5375,2.32
16.9006,0.532,2.2962
16.9008,0.5378,2.321
16.9010,0.5282,2.2796
16.9012,0.5213,2.248
16.9014,0.5253,2.2662
16.9016,0.5209,2.2481
16.9018,0.5329,2.2987
16.9020,0.5413,2.336
16.9022,0.5291,2.2817
16.9024,0.5287,2.2806
16.9026,0.5235,2.2594
16.9028,0.5281,2.2781
16.9030,0.5368,2.3126
16.9032,0.5944,2.5617
16.9034,0.6231,2.687
16.9036,0.5827,2.5104
16.9038,0.6187,2.6629
16.9040,0.6628,2.8528
16.9042,0.6613,2.8461
16.9044,0.6874,2.9531
16.9046,0.7498,3.227
16.9048,0.6795,2.9273
16.9050,0.644,2.7731
16.9052,0.6393,2.753
16.9054,0.6404,2.7589
16.9056,0.6669,2.8731
16.9058,0.6543,2.8149
16.9060,0.6987,3.0002
16.9062,0.8151,3.4985
16.9064,0.8884,3.8129
16.9066,0.8871,3.8126
16.9068,0.8351,3.5911
16.9070,0.7543,3.2451
16.9072,0.7139,3.0713
16.9074,0.7114,3.0618
16.9076,0.6778,2.9146
16.9078,0.6895,2.9633
16.9080,0.7552,3.2472
16.9082,0.8116,3.4917
16.9084,0.8148,3.5018
16.9086,0.8294,3.563
16.9088,0.8101,3.4801
16.9090,0.8305,3.566
16.9092,0.8616,3.6981
16.9094,0.8407,3.6098
16.9096,0.8378,3.6008
16.9098,0.7771,3.3447
16.9100,0.7487,3.2193
16.9102,0.6915,2.9817
16.9104,0.5697,2.4575
16.9106,0.5993,2.5817
16.9108,0.6399,2.753
16.9110,0.6574,2.8296
16.9112,0.7178,3.0849
16.9114,0.7664,3.2972
16.9116,0.769,3.3096
16.9118,0.7389,3.1771
16.9120,0.7627,3.2781
16.9122,0.7031,3.029
16.9124,0.6512,2.8015
16.9126,0.7343,3.1575
16.9128,0.7616,3.2766
16.9130,0.6817,2.9339
16.9132,0.73,3.1389
16.9134,0.788,3.3885
16.9136,0.7986,3.429
16.9138,0.8389,3.602
16.9140,0.8195,3.5241
16.9142,0.8094,3.4786
16.9144,0.779,3.3482
16.9146,0.8019,3.4387
16.9148,0.9794,4.1996
16.9150,0.9694,4.1589
16.9152,0.9366,4.0179
16.9154,0.9392,4.0236
16.9156,0.9965,4.2711
16.9158,1.0417,4.4607
16.9160,1.0315,4.4191
16.9162,1.016,4.3463
16.9164,1.1263,4.8249
16.9166,1.1167,4.7749
16.9168,1.1473,4.9056
16.9170,1.1505,4.9172
16.9172,1.1634,4.9795
16.9174,1.0806,4.6292
16.9176,1.0405,4.4618
16.9178,1.0776,4.6185
16.9180,1.0674,4.5727
16.9182,1.0355,4.4361
16.9184,1.0734,4.5963
16.9186,1.0974,4.6989
16.9188,1.1211,4.7961
16.9190,1.1253,4.8186
16.9192,1.0865,4.6566
16.9194,1.1,4.7146
16.9196,1.1175,4.783
16.9198,1.1467,4.9123
16.9200,1.1192,4.7924
16.9202,1.0682,4.5827
16.9204,0.9949,4.2699
16.9206,0.9024,3.8785
16.9208,0.9066,3.8966
16.9210,0.9368,4.0227
16.9212,0.9408,4.0416
16.9214,0.8655,3.7198
16.9216,0.9248,3.9657
16.9218,1.0023,4.2998
16.9220,1.0002,4.2931
16.9222,0.9778,4.2007
16.9224,0.8749,3.7658
16.9226,0.8139,3.4998
16.9228,0.8447,3.6306
16.9230,0.8788,3.7735
16.9232,0.9343,4.0137
16.9234,0.8934,3.8399
16.9236,0.8643,3.7181
16.9238,0.906,3.8922
16.9240,0.9332,4.0091
16.9242,0.8855,3.8059
16.9244,0.8621,3.7071
16.9246,0.8528,3.6703
16.9248,0.7618,3.2847
16.9250,0.6956,2.9993
16.9252,0.6953,2.9983
16.9254,0.6799,2.9302
16.9256,0.6735,2.9055
16.9258,0.6532,2.8168
16.9260,0.67,2.8825
16.9262,0.8282,3.5678
16.9264,0.7666,3.2992
16.9266,0.7542,3.2461
16.9268,0.6952,2.9977
16.9270,0.7607,3.2755
16.9272,0.7544,3.2501
16.9274,0.6633,2.8576
16.9276,0.6893,2.9696
16.9278,0.6899,2.9709
16.9280,0.7337,3.1564
16.9282,0.819,3.5215
16.9284,0.8939,3.8437
16.9286,0.8375,3.5981
16.9288,0.9118,3.9187
16.9290,0.9208,3.9611
16.9292,0.8561,3.6796
16.9294,0.8416,3.6156
16.9296,0.8981,3.8636
16.9298,0.8323,3.5837
16.9300,0.7528,3.2384
16.9302,0.7559,3.2548
16.9304,0.7218,3.1169
16.9306,0.6546,2.8238
16.9308,0.6339,2.7323
16.9310,0.6561,2.8318
16.9312,0.6562,2.8258
16.9314,0.6966,3.0053
16.9316,0.6666,2.8755
16.9318,0.6169,2.6614
16.9320,0.5518,2.3816
16.9322,0.5132,2.219
16.9324,0.4701,2.0329
16.9326,0.4667,2.0179
16.9328,0.4917,2.1213
16.9330,0.5496,2.3756
16.9332,0.4849,2.0967
16.9334,0.5072,2.1891
16.9336,0.5522,2.3831
16.9338,0.5658,2.4433
16.9340,0.5609,2.4209
16.9342,0.5585,2.4106
16.9344,0.4936,2.1335
16.9346,0.4655,2.0136
16.9348,0.4614,1.9941
16.9350,0.459,1.9829
16.9352,0.4604,1.99
16.9354,0.4578,1.9786
16.9356,0.4601,1.9875
16.9358,0.4604,1.99
16.9360,0.4597,1.9841
16.9362,0.5032,2.171
16.9364,0.5224,2.2569
16.9366,0.4781,2.0662
16.9368,0.5223,2.2532
16.9370,0.596,2.5678
16.9372,0.6715,2.8913
16.9374,0.6637,2.8591
16.9376,0.6419,2.7664
16.9378,0.5867,2.5298
16.9380,0.5722,2.4661
16.9382,0.6194,2.671
16.9384,0.5993,2.5841
16.9386,0.5993,2.5841
16.9388,0.5993,2.5841
16.9390,0.6239,2.6901
16.9392,0.65,2.7963
16.9394,0.7296,3.1374
16.9396,0.7314,3.151
16.9398,0.6884,2.9641
16.9400,0.6914,2.977
16.9402,0.707,3.0442
16.9404,0.7024,3.026
16.9406,0.6553,2.8256
16.9408,0.6013,2.5917
16.9410,0.6282,2.7037
16.9412,0.602,2.5984
16.9414,0.5421,2.3397
16.9416,0.5025,2.1709
16.9418,0.4823,2.0814
16.9420,0.5052,2.1782
16.9422,0.5705,2.46
16.9424,0.5293,2.2843
16.9426,0.542,2.3348
16.9428,0.5982,2.5807
16.9430,0.5482,2.3661
16.9432,0.4494,1.9423
16.9434,0.4013,1.7353
16.9436,0.4014,1.735
16.9438,0.3995,1.7259
16.9440,0.3978,1.7187
16.9442,0.3945,1.705
16.9444,0.399,1.7239
16.9446,0.3993,1.7241
16.9448,0.4001,1.7285
16.9450,0.4077,1.762
16.9452,0.4335,1.8725
16.9454,0.4345,1.8746
16.9456,0.4862,2.0946
16.9458,0.5838,2.5174
16.9460,0.5676,2.4442
16.9462,0.6514,2.8025
16.9464,0.6541,2.8139
16.9466,0.6757,2.9013
16.9468,0.747,3.2121
16.9470,0.7375,3.1699
16.9472,0.7698,3.3086
16.9474,0.7869,3.3775
16.9476,0.8528,3.6567
16.9478,0.908,3.8864
16.9480,1.0151,4.3467
16.9482,1.0221,4.3765
16.9484,1.0194,4.3693
16.9486,0.9937,4.2588
16.9488,0.9931,4.2542
16.9490,1.0029,4.2984
16.9492,0.9692,4.1559
16.9494,0.9402,4.0315
16.9496,0.9905,4.2415
16.9498,1.0435,4.4726
16.9500,0.985,4.2277
16.9502,0.9366,4.0179
16.9504,0.9526,4.0907
16.9506,0.93,3.9896
16.9508,0.9401,4.0291
16.9510,0.9872,4.231
16.9512,0.9596,4.1186
16.9514,0.9435,4.0478
16.9516,0.9391,4.0287
16.9518,0.9323,3.9975
16.9520,0.9224,3.9609
16.9522,0.9058,3.8893
16.9524,0.8522,3.6592
16.9526,0.8131,3.493
16.9528,0.8594,3.6918
16.9530,0.8642,3.7141
16.9532,0.8355,3.586
16.9534,0.8824,3.7907
16.9536,0.8866,3.8052
16.9538,0.9308,3.9914
16.9540,0.9455,4.0598
16.9542,0.908,3.9009
16.9544,0.871,3.7487
16.9546,0.7604,3.2684
16.9548,0.8213,3.5285
16.9550,0.858,3.6879
16.9552,0.8542,3.6714
16.9554,0.8507,3.6581
16.9556,0.8255,3.5449
16.9558,0.8558,3.6746
16.9560,0.8519,3.6633
16.9562,0.8377,3.6019
16.9564,0.8287,3.5649
16.9566,0.7871,3.3875
16.9568,0.7169,3.0885
16.9570,0.7114,3.0604
16.9572,0.738,3.172
16.9574,0.8119,3.4976
16.9576,0.7446,3.2033
16.9578,0.7706,3.3137
16.9580,0.7861,3.3818
16.9582,0.7815,3.3669
16.9584,0.7146,3.0744
16.9586,0.6958,2.9948
16.9588,0.7281,3.1321
16.9590,0.7343,3.1589
16.9592,0.791,3.3998
16.9594,0.8552,3.6789
16.9596,0.8061,3.4712
16.9598,0.6838,2.9459
16.9600,0.6767,2.9141
16.9602,0.6632,2.8597
16.9604,0.62,2.6748
16.9606,0.5586,2.4111
16.9608,0.5236,2.261
16.9610,0.5682,2.4513
16.9612,0.5869,2.5332
16.9614,0.5758,2.4828
16.9616,0.5727,2.4705
16.9618,0.5512,2.3779
16.9620,0.5492,2.368
16.9622,0.548,2.3628
16.9624,0.5573,2.402
16.9626,0.674,2.8981
16.9628,0.8052,3.4686
16.9630,0.6429,2.7723
16.9632,0.5769,2.4886
16.9634,0.5753,2.4807
16.9636,0.5825,2.5106
16.9638,0.5711,2.4615
16.9640,0.5637,2.4317
16.9642,0.5748,2.4763
16.9644,0.6279,2.7027
16.9646,0.6583,2.8345
16.9648,0.6584,2.8364
16.9650,0.6463,2.7868
16.9652,0.6043,2.6046
16.9654,0.5717,2.4629
16.9656,0.5783,2.4948
16.9658,0.5574,2.4048
16.9660,0.6516,2.8017
16.9662,0.7486,3.2233
16.9664,0.6453,2.7839
16.9666,0.6222,2.6766
16.9668,0.7366,3.1702
16.9670,0.7151,3.0807
16.9672,0.6709,2.8874
16.9674,0.7361,3.1667
16.9676,0.7327,3.1537
16.9678,0.7257,3.1218
16.9680,0.7398,3.1842
16.9682,0.6884,2.9641
16.9684,0.7216,3.1043
16.9686,0.7088,3.0533
16.9688,0.6386,2.7524
16.9690,0.6285,2.7078
16.9692,0.6839,2.9396
16.9694,0.8158,3.5065
16.9696,0.7996,3.4385
16.9698,0.7013,3.0171
16.9700,0.73,3.1345
16.9702,0.8311,3.5669
16.9704,0.8335,3.5839
16.9706,0.7564,3.2584
16.9708,0.6734,2.8983
16.9710,0.676,2.9069
16.9712,0.7098,3.0566
16.9714,0.6809,2.9321
16.9716,0.6789,2.922
16.9718,0.6951,2.9875
16.9720,0.7568,3.2484
16.9722,0.7996,3.4417
16.9724,0.7594,3.2668
16.9726,0.7815,3.3544
16.9728,0.8263,3.5529
16.9730,0.7956,3.4225
16.9732,0.7555,3.2533
16.9734,0.7361,3.1637
16.9736,0.7126,3.0684
16.9738,0.6769,2.9146
16.9740,0.683,2.9436
16.9742,0.665,2.8621
16.9744,0.6715,2.8913
16.9746,0.6359,2.7418
16.9748,0.6231,2.687
16.9750,0.6002,2.5871
16.9752,0.5529,2.3851
16.9754,0.5061,2.1824
16.9756,0.4958,2.1409
16.9758,0.5193,2.2403
16.9760,0.5383,2.322
16.9762,0.5417,2.337
16.9764,0.507,2.189
16.9766,0.4325,1.8667
16.9768,0.4572,1.976
16.9770,0.4097,1.7708
16.9772,0.4068,1.7567
16.9774,0.4486,1.9342
16.9776,0.5279,2.2807
16.9778,0.4182,1.8067
16.9780,0.4038,1.7454
16.9782,0.4006,1.7314
16.9784,0.4112,1.7762
16.9786,0.4149,1.7914
16.9788,0.4392,1.8956
16.9790,0.4854,2.0939
16.9792,0.5378,2.3178
16.9794,0.5576,2.4042
16.9796,0.5219,2.2496
16.9798,0.6477,2.7865
16.9800,0.6691,2.877
16.9802,0.7116,3.0586
16.9804,0.7604,3.2668
16.9806,0.8259,3.5431
16.9808,0.8621,3.7002
16.9810,0.8736,3.7531
16.9812,0.8715,3.7403
16.9814,0.9064,3.8865
16.9816,0.9086,3.8999
16.9818,0.8648,3.7081
16.9820,0.9006,3.8636
16.9822,0.8432,3.6223
16.9824,0.8273,3.5543
16.9826,0.8493,3.6502
16.9828,0.814,3.4938
16.9830,0.8703,3.7317
16.9832,0.8937,3.8302
16.9834,0.923,3.9616
16.9836,0.9019,3.8693
16.9838,0.8972,3.8528
16.9840,0.8902,3.8242
16.9842,0.8643,3.7147
16.9844,0.8061,3.4631
16.9846,0.8234,3.5373
16.9848,0.8217,3.5268
16.9850,0.8387,3.5999
16.9852,0.8166,3.5063
16.9854,0.8655,3.7198
16.9856,0.8598,3.6904
16.9858,0.8588,3.6841
16.9860,0.8952,3.844
16.9862,0.8588,3.6909
16.9864,0.8216,3.5312
16.9866,0.824,3.5349
16.9868,0.9271,3.9773
16.9870,0.9666,4.1484
16.9872,0.8861,3.8084
16.9874,0.8174,3.5099
16.9876,0.8825,3.7842
16.9878,0.9146,3.9274
16.9880,0.8901,3.8201
16.9882,0.921,3.9547
16.9884,0.8582,3.6832
16.9886,0.8721,3.7481
16.9888,0.8311,3.5752
16.9890,0.7818,3.3585
16.9892,0.789,3.391
16.9894,0.803,3.4577
16.9896,0.6928,2.9846
16.9898,0.6857,2.9528
16.9900,0.748,3.2148
16.9902,0.7764,3.3385
16.9904,0.7865,3.3849
16.9906,0.7176,3.093
16.9908,0.699,3.0059
16.9910,0.767,3.2967
16.9912,0.7459,3.212
16.9914,0.6452,2.7808
16.9916,0.6284,2.7123
16.9918,0.6402,2.7566
16.9920,0.6734,2.8996
16.9922,0.6965,2.9965
16.9924,0.6917,2.9786
16.9926,0.7041,3.0304
16.9928,0.668,2.879
16.9930,0.5999,2.5855
16.9932,0.6223,2.6821
16.9934,0.6267,2.7063
16.9936,0.5233,2.2584
16.9938,0.4987,2.1523
16.9940,0.4859,2.097
16.9942,0.4978,2.1497
16.9944,0.4998,2.158
16.9946,0.5114,2.2062
16.9948,0.5108,2.2046
16.9950,0.463,2.0009
16.9952,0.4264,1.8445
16.9954,0.4213,1.8202
16.9956,0.463,1.9963
16.9958,0.5489,2.3681
16.9960,0.4871,2.1021
16.9962,0.4815,2.0783
16.9964,0.4819,2.0818
16.9966,0.4713,2.0353
16.9968,0.4784,2.062
16.9970,0.5089,2.1963
16.9972,0.4825,2.0834
16.9974,0.4771,2.0573
16.9976,0.5583,2.4084
16.9978,0.4911,2.1187
16.9980,0.464,2.0037
16.9982,0.5084,2.1932
16.9984,0.5426,2.3406
16.9986,0.4748,2.0512
16.9988,0.4655,2.0099
16.9990,0.4595,1.9822
16.9992,0.4579,1.9764
16.9994,0.4578,1.9777
16.9996,0.4579,1.9755
16.9998,0.4588,1.9791
17.0000,0.4607,1.9883
17.0002,0.4621,1.9954
17.0004,0.468,2.0189
17.0006,0.4743,2.0463
17.0008,0.471,2.0318
17.0010,0.4675,2.0168
17.0012,0.4819,2.0789
17.0014,0.4783,2.0624
17.0016,0.4731,2.0411
17.0018,0.4704,2.0292
17.0020,0.4675,2.0178
17.0022,0.4579,1.9773
17.0024,0.454,1.9584
17.0026,0.4559,1.9676
17.0028,0.453,1.9542
17.0030,0.4487,1.9356
17.0032,0.4956,2.1349
17.0034,0.5929,2.5496
17.0036,0.6839,2.9409
17.0038,0.6839,2.945
17.0040,0.6636,2.8559
17.0042,0.6423,2.7672
17.0044,0.576,2.4815
17.0046,0.5674,2.4432
17.0048,0.5972,2.5717
17.0050,0.5672,2.4433
17.0052,0.5735,2.4695
17.0054,0.6221,2.6774
17.0056,0.6654,2.8623
17.0058,0.6902,2.9622
17.0060,0.7821,3.3616
17.0062,0.7626,3.2822
17.0064,0.6475,2.7816
17.0066,0.6614,2.844
17.0068,0.707,3.0385
17.0070,0.7006,3.0126
17.0072,0.6501,2.8007
17.0074,0.6239,2.6864
17.0076,0.6549,2.8149
17.0078,0.7188,3.0881
17.0080,0.7336,3.1529
17.0082,0.7277,3.1306
17.0084,0.7278,3.1282
17.0086,0.7595,3.2627
17.0088,0.791,3.3919
17.0090,0.8694,3.7333
17.0092,0.8293,3.5675
17.0094,0.7254,3.115
17.0096,0.714,3.0703
17.0098,0.666,2.8623
17.0100,0.7377,3.1675
17.0102,0.7951,3.4157
17.0104,0.6926,2.9836
17.0106,0.6166,2.6561
17.0108,0.6025,2.5945
17.0110,0.6139,2.6423
17.0112,0.6275,2.6993
17.0114,0.6528,2.8069
17.0116,0.6873,2.9622
17.0118,0.5517,2.3811
17.0120,0.488,2.1043
17.0122,0.5204,2.2418
17.0124,0.6101,2.6258
17.0126,0.7333,3.1504
17.0128,0.7121,3.0607
17.0130,0.6794,2.92
17.0132,0.7295,3.1339
17.0134,0.7204,3.102
17.0136,0.6481,2.7855
17.0138,0.7558,3.2452
17.0140,0.8353,3.5833
17.0142,0.9114,3.9026
17.0144,0.9733,4.1695
17.0146,0.9742,4.1755
17.0148,0.9794,4.1937
17.0150,0.9814,4.2024
17.0152,0.9721,4.1624
17.0154,1.0083,4.3195
17.0156,0.9416,4.0433
17.0158,0.8849,3.7874
17.0160,0.967,4.1447
17.0162,0.9439,4.0493
17.0164,0.8499,3.6477
17.0166,0.8494,3.6507
17.0168,0.82,3.5212
17.0170,0.8269,3.5506
17.0172,0.8421,3.6176
17.0174,0.8294,3.558
17.0176,0.8803,3.7784
17.0178,0.8797,3.7794
17.0180,0.8249,3.5407
17.0182,0.821,3.5286
17.0184,0.8198,3.5202
17.0186,0.8576,3.6875
17.0188,0.777,3.3379
17.0190,0.7811,3.3554
17.0192,0.7958,3.4188
17.0194,0.7965,3.4203
17.0196,0.8767,3.7595
17.0198,0.9889,4.2402
17.0200,0.8851,3.8026
17.0202,0.8507,3.6564
17.0204,0.8192,3.5192
17.0206,0.7865,3.3818
17.0208,0.7935,3.4138
17.0210,0.7572,3.2544
17.0212,0.8402,3.6077
17.0214,0.8897,3.8239
17.0216,0.8687,3.732
17.0218,0.8526,3.6647
17.0220,0.7862,3.3839
17.0222,0.7249,3.1144
17.0224,0.808,3.473
17.0226,0.8465,3.6333
17.0228,0.8193,3.5247
17.0230,0.7862,3.3823
17.0232,0.7703,3.3122
17.0234,0.758,3.2596
17.0236,0.7685,3.3044
17.0238,0.7518,3.2358
17.0240,0.7307,3.1464
17.0242,0.6934,2.9872
17.0244,0.6735,2.9042
17.0246,0.6577,2.8306
17.0248,0.6689,2.8818
17.0250,0.6713,2.8895
17.0252,0.709,3.0515
17.0254,0.6728,2.8903
17.0256,0.8115,3.4895
17.0258,0.6962,3.0033
17.0260,0.5871,2.5326
17.0262,0.5825,2.5071
17.0264,0.6655,2.8682
17.0266,0.6735,2.9001
17.0268,0.6824,2.937
17.0270,0.7029,3.0266
17.0272,0.6866,2.955
17.0274,0.6818,2.9303
17.0276,0.7614,3.2755
17.0278,0.7579,3.2636
17.0280,0.7458,3.207
17.0282,0.733,3.1577
17.0284,0.6917,2.9814
17.0286,0.6259,2.6964
17.0288,0.6751,2.9001
17.0290,0.8126,3.4925
17.0292,0.7703,3.3152
17.0294,0.7253,3.1217
17.0296,0.7219,3.1087
17.0298,0.6992,3.0106
17.0300,0.6797,2.9297
17.0302,0.5549,2.3939
17.0304,0.538,2.3221
17.0306,0.5258,2.2682
17.0308,0.539,2.3273
17.0310,0.5571,2.4032
17.0312,0.5476,2.3624
17.0314,0.5371,2.3169
17.0316,0.5398,2.3277
17.0318,0.5794,2.4937
17.0320,0.6059,2.6065
17.0322,0.6741,2.8987
17.0324,0.6386,2.7563
17.0326,0.5312,2.2915
17.0328,0.52,2.2434
17.0330,0.5229,2.2569
17.0332,0.5243,2.2631
17.0334,0.5215,2.2486
17.0336,0.5271,2.275
17.0338,0.523,2.2542
17.0340,0.5276,2.276
17.0342,0.5259,2.2677
17.0344,0.5224,2.2537
17.0346,0.5216,2.2512
17.0348,0.5227,2.2548
17.0350,0.5265,2.2703
17.0352,0.5235,2.2584
17.0354,0.526,2.2682
17.0356,0.5263,2.2682
17.0358,0.5245,2.2604
17.0360,0.5389,2.3235
17.0362,0.5319,2.2935
17.0364,0.5975,2.574
17.0366,0.6384,2.7476
17.0368,0.696,2.9958
17.0370,0.6318,2.7192
17.0372,0.6666,2.8648
17.0374,0.705,3.0373
17.0376,0.6731,2.8972
17.0378,0.721,3.1017
17.0380,0.7023,3.0212
17.0382,0.6801,2.9258
17.0384,0.7333,3.1534
17.0386,0.7393,3.1836
17.0388,0.6903,2.9655
17.0390,0.7386,3.1746
17.0392,0.7661,3.2926
17.0394,0.792,3.4039
17.0396,0.7356,3.172
17.0398,0.5903,2.5453
17.0400,0.5682,2.4479
17.0402,0.5709,2.4593
17.0404,0.6211,2.6757
17.0406,0.5532,2.3867
17.0408,0.4758,2.0516
17.0410,0.4917,2.1223
17.0412,0.4891,2.1099
17.0414,0.4835,2.0866
17.0416,0.4753,2.0524
17.0418,0.4784,2.0639
17.0420,0.4802,2.0697
17.0422,0.5073,2.1865
17.0424,0.5712,2.4631
17.0426,0.4839,2.0896
17.0428,0.3881,1.6775
17.0430,0.3838,1.6588
17.0432,0.3861,1.6679
17.0434,0.3899,1.6845
17.0436,0.3801,1.6428
17.0438,0.3892,1.6822
17.0440,0.3896,1.6822
17.0442,0.3905,1.6863
17.0444,0.3899,1.6837
17.0446,0.3902,1.6855
17.0448,0.4044,1.7456
17.0450,0.4229,1.8253
17.0452,0.4379,1.8891
17.0454,0.4966,2.1405
17.0456,0.5643,2.4309
17.0458,0.5934,2.5505
17.0460,0.668,2.8724
17.0462,0.6996,3.0029
17.0464,0.7872,3.3817
17.0466,0.7951,3.4157
17.0468,0.8059,3.4588
17.0470,0.8907,3.8156
17.0472,0.8857,3.7963
17.0474,0.8673,3.7154
17.0476,0.9071,3.8859
17.0478,0.9405,4.0292
17.0480,0.9821,4.2095
17.0482,0.9719,4.1658
17.0484,0.9709,4.1573
17.0486,0.968,4.1469
17.0488,0.9636,4.1337
17.0490,0.9275,3.9714
17.0492,0.9787,4.1926
17.0494,0.9778,4.189
17.0496,0.9667,4.1451
17.0498,0.9535,4.0885
17.0500,0.9642,4.1324
17.0502,0.9609,4.1166
17.0504,0.9446,4.0505
17.0506,0.9403,4.0263
17.0508,0.9622,4.1261
17.0510,0.9639,4.1313
17.0512,0.9879,4.2341
17.0514,0.9879,4.2381
17.0516,0.9283,3.988
17.0518,0.8553,3.6743
17.0520,0.7793,3.3477
17.0522,0.8205,3.52
17.0524,0.8971,3.8469
17.0526,0.9205,3.9508
17.0528,0.8716,3.7461
17.0530,0.8572,3.6842
17.0532,0.8572,3.6808
17.0534,0.853,3.6662
17.0536,0.827,3.5511
17.0538,0.8845,3.7964
17.0540,0.8913,3.827
17.0542,0.8445,3.6347
17.0544,0.7796,3.3524
17.0546,0.7701,3.3116
17.0548,0.7362,3.1672
17.0550,0.7064,3.0388
17.0552,0.7638,3.2828
17.0554,0.7788,3.3456
17.0556,0.8462,3.6334
17.0558,0.8125,3.4953
17.0560,0.7541,3.2426
17.0562,0.7975,3.4292
17.0564,0.7656,3.2905
17.0566,0.8067,3.4657
17.0568,0.7861,3.3834
17.0570,0.66,2.8471
17.0572,0.6058,2.6132
17.0574,0.5993,2.5841
17.0576,0.6419,2.7664
17.0578,0.6144,2.648
17.0580,0.6139,2.6435
17.0582,0.6512,2.8015
17.0584,0.7076,3.0453
17.0586,0.6686,2.887
17.0588,0.6313,2.7171
17.0590,0.6608,2.8494
17.0592,0.5594,2.4142
17.0594,0.5448,2.3505
17.0596,0.5453,2.3547
17.0598,0.4495,1.941
17.0600,0.433,1.8696
17.0602,0.4303,1.8582
17.0604,0.4282,1.8497
17.0606,0.4317,1.8648
17.0608,0.4344,1.8758
17.0610,0.4465,1.9299
17.0612,0.4434,1.9146
17.0614,0.4472,1.9303
17.0616,0.4483,1.935
17.0618,0.4432,1.9136
17.0620,0.4453,1.9229
17.0622,0.4474,1.9317
17.0624,0.4439,1.9158
17.0626,0.4391,1.8969
17.0628,0.4331,1.8718
17.0630,0.4393,1.8979
17.0632,0.43,1.8558
17.0634,0.4312,1.861
17.0636,0.4813,2.0754
17.0638,0.5249,2.2636
17.0640,0.4518,1.95
17.0642,0.4456,1.9231
17.0644,0.4441,1.9151
17.0646,0.4753,2.0533
17.0648,0.4486,1.936
17.0650,0.452,1.9501
17.0652,0.4614,1.9905
17.0654,0.5032,2.17
17.0656,0.5068,2.1865
17.0658,0.4652,2.0079
17.0660,0.4934,2.1276
17.0662,0.5345,2.3028
17.0664,0.5389,2.3203
17.0666,0.5697,2.4496
17.0668,0.6476,2.7847
17.0670,0.6724,2.8968
17.0672,0.6183,2.6626
17.0674,0.5923,2.5518
17.0676,0.6331,2.7287
17.0678,0.5926,2.5516
17.0680,0.5974,2.5699
17.0682,0.6666,2.8675
17.0684,0.6459,2.7788
17.0686,0.6351,2.7336
17.0688,0.6136,2.6407
17.0690,0.6294,2.7114
17.0692,0.6124,2.638
17.0694,0.5884,2.5312
17.0696,0.6464,2.7796
17.0698,0.7355,3.1641
17.0700,0.7058,3.0348
17.0702,0.691,2.9686
17.0704,0.7302,3.1385
17.0706,0.7375,3.1744
17.0708,0.696,2.9958
17.0710,0.6701,2.8816
17.0712,0.6663,2.8665
17.0714,0.6679,2.8758
17.0716,0.6901,2.9645
17.0718,0.7454,3.201
17.0720,0.7772,3.3343
17.0722,0.7308,3.1484
17.0724,0.5923,2.5529
17.0726,0.58,2.4997
17.0728,0.5799,2.4969
17.0730,0.5903,2.5418
17.0732,0.6091,2.6216
17.0734,0.5444,2.3484
17.0736,0.4766,2.0571
17.0738,0.4777,2.0598
17.0740,0.4764,2.0551
17.0742,0.4725,2.0386
17.0744,0.4691,2.0236
17.0746,0.473,2.0406
17.0748,0.4781,2.0614
17.0750,0.4922,2.1224
17.0752,0.4812,2.0787
17.0754,0.433,1.8679
17.0756,0.46,1.9842
17.0758,0.4124,1.7797
17.0760,0.3982,1.7194
17.0762,0.3909,1.6894
17.0764,0.3886,1.6788
17.0766,0.3908,1.6873
17.0768,0.4548,1.9611
17.0770,0.4837,2.0867
17.0772,0.4088,1.7642
17.0774,0.3965,1.7098
17.0776,0.4106,1.7711
17.0778,0.4402,1.9015
17.0780,0.4073,1.7572
17.0782,0.4743,2.0435
17.0784,0.4977,2.1452
17.0786,0.541,2.3231
17.0788,0.6751,2.9041
17.0790,0.6052,2.6046
17.0792,0.6132,2.6367
17.0794,0.6393,2.7491
17.0796,0.6603,2.842
17.0798,0.639,2.7463
17.0800,0.7474,3.2062
17.0802,0.7975,3.418
17.0804,0.8937,3.8248
17.0806,0.9857,4.2209
17.0808,0.954,4.0887
17.0810,0.9115,3.9068
17.0812,0.9072,3.8883
17.0814,0.956,4.0955
17.0816,0.9999,4.2795
17.0818,0.9826,4.2115
17.0820,0.9277,3.9706
17.0822,0.9722,4.159
17.0824,1.018,4.3631
17.0826,0.9014,3.8726
17.0828,0.8366,3.5872
17.0830,0.8585,3.6865
17.0832,0.8162,3.5047
17.0834,0.7891,3.3915
17.0836,0.8043,3.4489
17.0838,0.9176,3.933
17.0840,0.8771,3.7645
17.0842,0.8296,3.5641
17.0844,0.8186,3.5167
17.0846,0.8143,3.4932
17.0848,0.8339,3.5876
17.0850,0.7404,3.1808
17.0852,0.7907,3.3919
17.0854,0.8047,3.4585
17.0856,0.7904,3.3956
17.0858,0.8035,3.4518
17.0860,0.8423,3.6136
17.0862,0.9293,3.9865
17.0864,0.914,3.9212
17.0866,0.9363,4.0113
17.0868,0.9415,4.0352
17.0870,0.9108,3.9073
17.0872,0.8633,3.7071
17.0874,0.8561,3.6762
17.0876,0.8609,3.6968
17.0878,0.852,3.657
17.0880,0.8514,3.6544
17.0882,0.8375,3.5947
17.0884,0.8305,3.5627
17.0886,0.854,3.6669
17.0888,0.8428,3.619
17.0890,0.8323,3.5721
17.0892,0.8369,3.5938
17.0894,0.8541,3.6708
17.0896,0.845,3.6249
17.0898,0.8466,3.6355
17.0900,0.802,3.4488
17.0902,0.7718,3.3158
17.0904,0.8102,3.479
17.0906,0.8359,3.5959
17.0908,0.6994,3.0088
17.0910,0.7231,3.1081
17.0912,0.7391,3.1811
17.0914,0.706,3.0358
17.0916,0.7282,3.1254
17.0918,0.8158,3.5113
17.0920,0.7626,3.2822
17.0922,0.6621,2.8524
17.0924,0.5819,2.5091
17.0926,0.5649,2.4357
17.0928,0.5703,2.4567
17.0930,0.5715,2.463
17.0932,0.5741,2.4778
17.0934,0.5191,2.2424
17.0936,0.4755,2.0543
17.0938,0.4723,2.0394
17.0940,0.4755,2.0524
17.0942,0.5179,2.232
17.0944,0.5329,2.2987
17.0946,0.5253,2.2672
17.0948,0.5213,2.248
17.0950,0.5321,2.2946
17.0952,0.5307,2.2884
17.0954,0.5255,2.2661
17.0956,0.5407,2.3313
17.0958,0.5281,2.277
17.0960,0.5251,2.2651
17.0962,0.5301,2.2847
17.0964,0.583,2.5126
17.0966,0.5405,2.3308
17.0968,0.5281,2.277
17.0970,0.5278,2.2749
17.0972,0.5253,2.2672
17.0974,0.5273,2.2739
17.0976,0.5384,2.3193
17.0978,0.6,2.5836
17.0980,0.6221,2.6799
17.0982,0.5683,2.4473
17.0984,0.6203,2.6696
17.0986,0.6145,2.6486
17.0988,0.5375,2.3189
17.0990,0.5255,2.2651
17.0992,0.523,2.2553
17.0994,0.5271,2.2729
17.0996,0.5245,2.2615
17.0998,0.5241,2.2589
17.1000,0.5288,2.2801
17.1002,0.5254,2.2646
17.1004,0.5246,2.2631
17.1006,0.5474,2.3581
17.1008,0.6036,2.5979
17.1010,0.5987,2.5803
17.1012,0.5342,2.3034
17.1014,0.5266,2.2687
17.1016,0.5379,2.3151
17.1018,0.5969,2.5678
17.1020,0.6327,2.7246
17.1022,0.6341,2.729
17.1024,0.6878,2.9574
17.1026,0.6842,2.9433
17.1028,0.6913,2.9724
17.1030,0.7354,3.1577
17.1032,0.7877,3.3838
17.1034,0.7796,3.3493
17.1036,0.7565,3.2544
17.1038,0.6564,2.8263
17.1040,0.6359,2.738
17.1042,0.6855,2.9449
17.1044,0.764,3.2823
17.1046,0.7885,3.3858
17.1048,0.7612,3.273
17.1050,0.6591,2.8342
17.1052,0.7042,3.0337
17.1054,0.5867,2.5287
17.1056,0.5857,2.5245
17.1058,0.5829,2.5086
17.1060,0.5785,2.4924
17.1062,0.594,2.5566
17.1064,0.6529,2.8087
17.1066,0.6781,2.917
17.1068,0.6283,2.703
17.1070,0.6753,2.9052
17.1072,0.7207,3.0963
17.1074,0.8013,3.4425
17.1076,0.7519,3.2318
17.1078,0.745,3.1989
17.1080,0.8001,3.4389
17.1082,0.7433,3.1917
17.1084,0.7847,3.374
17.1086,0.7516,3.2362
17.1088,0.6374,2.7447
17.1090,0.6104,2.6285
17.1092,0.6044,2.6015
17.1094,0.6218,2.6763
17.1096,0.6799,2.9234
17.1098,0.6879,2.9593
17.1100,0.6589,2.8358
17.1102,0.6252,2.6958
17.1104,0.5252,2.2688
17.1106,0.4348,1.8756
17.1108,0.414,1.7878
17.1110,0.4567,1.9712
17.1112,0.4387,1.8936
17.1114,0.4291,1.8504
17.1116,0.4735,2.0427
17.1118,0.5207,2.2455
17.1120,0.5507,2.3747
17.1122,0.5074,2.186
17.1124,0.5438,2.3393
17.1126,0.6749,2.905
17.1128,0.7026,3.0157
17.1130,0.8282,3.5512
17.1132,0.8524,3.6551
17.1134,0.848,3.6378
17.1136,0.894,3.8371
17.1138,0.861,3.699
17.1140,0.7895,3.3852
17.1142,0.9042,3.8754
17.1144,0.9743,4.1761
17.1146,0.9678,4.142
17.1148,0.9833,4.2107
17.1150,0.982,4.2089
17.1152,0.9614,4.1244
17.1154,0.9898,4.2443
17.1156,0.9373,4.0154
17.1158,0.9793,4.1991
17.1160,0.9711,4.1641
17.1162,0.9283,3.9806
17.1164,0.8861,3.7996
17.1166,0.8922,3.8276
17.1168,0.8862,3.8054
17.1170,0.8963,3.8505
17.1172,0.8357,3.5903
17.1174,0.8307,3.5587
17.1176,0.8925,3.8286
17.1178,0.868,3.7324
17.1180,0.8098,3.4807
17.1182,0.8042,3.4581
17.1184,0.8066,3.4684
17.1186,0.7282,3.1356
17.1188,0.7167,3.0788
17.1190,0.7917,3.3965
17.1192,0.8516,3.6549
17.1194,0.8121,3.4921
17.1196,0.7511,3.2297
17.1198,0.718,3.0902
17.1200,0.7066,3.044
17.1202,0.6781,2.9184
17.1204,0.7007,3.0131
17.1206,0.7282,3.1341
17.1208,0.7258,3.1223
17.1210,0.6646,2.8606
17.1212,0.7347,3.1605
17.1214,0.7463,3.212
17.1216,0.695,2.9911
17.1218,0.7239,3.1184
17.1220,0.6573,2.8317
17.1222,0.6011,2.5883
17.1224,0.6245,2.6877
17.1226,0.708,3.0361
17.1228,0.8486,3.6539
17.1230,0.6399,2.7581
17.1232,0.6036,2.6027
17.1234,0.6313,2.7196
17.1236,0.6713,2.8895
17.1238,0.6642,2.8585
17.1240,0.6597,2.8434
17.1242,0.5954,2.5652
17.1244,0.6267,2.6988
17.1246,0.6198,2.6713
17.1248,0.6178,2.6625
17.1250,0.5941,2.5583
17.1252,0.6281,2.7044
17.1254,0.6536,2.8118
17.1256,0.6904,2.9743
17.1258,0.6464,2.7847
17.1260,0.6104,2.631
17.1262,0.5871,2.5314
17.1264,0.6079,2.6189
17.1266,0.6486,2.7927
17.1268,0.6576,2.8341
17.1270,0.6601,2.841
17.1272,0.7035,3.025
17.1274,0.7124,3.0688
17.1276,0.6138,2.6454
17.1278,0.577,2.4856
17.1280,0.5994,2.5822
17.1282,0.6495,2.7969
17.1284,0.6579,2.8356
17.1286,0.6062,2.6093
17.1288,0.685,2.9483
17.1290,0.671,2.8866
17.1292,0.6895,2.9674
17.1294,0.6258,2.6971
17.1296,0.5554,2.3982
17.1298,0.4685,2.0219
17.1300,0.456,1.969
17.1302,0.4532,1.9571
17.1304,0.4588,1.9791
17.1306,0.4736,2.0442
17.1308,0.4585,1.9799
17.1310,0.4529,1.9537
17.1312,0.4517,1.9486
17.1314,0.485,2.0914
17.1316,0.4952,2.1383
17.1318,0.4528,1.9541
17.1320,0.4459,1.9246
17.1322,0.4552,1.9645
17.1324,0.4609,1.9902
17.1326,0.4608,1.9897
17.1328,0.4577,1.9744
17.1330,0.4546,1.9619
17.1332,0.455,1.9639
17.1334,0.4608,1.9879
17.1336,0.4585,1.9799
17.1338,0.4556,1.9684
17.1340,0.4403,1.9003
17.1342,0.4385,1.8917
17.1344,0.4408,1.9015
17.1346,0.4458,1.9241
17.1348,0.445,1.9205
17.1350,0.4624,1.9937
17.1352,0.511,2.2046
17.1354,0.4794,2.07
17.1356,0.4839,2.0858
17.1358,0.526,2.2651
17.1360,0.5508,2.373
17.1362,0.6126,2.6366
17.1364,0.6134,2.6365
17.1366,0.6699,2.8806
17.1368,0.663,2.856
17.1370,0.6535,2.8126
17.1372,0.6351,2.7349
17.1374,0.5679,2.4475
17.1376,0.56,2.4123
17.1378,0.5749,2.4723
17.1380,0.6853,2.9411
17.1382,0.732,3.1462
17.1384,0.7633,3.2823
17.1386,0.7043,3.03
17.1388,0.6773,2.9139
17.1390,0.6312,2.7204
17.1392,0.5819,2.5057
17.1394,0.5886,2.5346
17.1396,0.5687,2.4511
17.1398,0.5628,2.4236
17.1400,0.6747,2.9039
17.1402,0.6308,2.7176
17.1404,0.5857,2.5233
17.1406,0.567,2.4428
17.1408,0.5719,2.4617
17.1410,0.5656,2.4377
17.1412,0.5041,2.1716
17.1414,0.5255,2.264
17.1416,0.5932,2.5601
17.1418,0.4853,2.0924
17.1420,0.5138,2.2144
17.1422,0.454,1.9593
17.1424,0.4084,1.7643
17.1426,0.4034,1.7409
17.1428,0.3971,1.714
17.1430,0.3959,1.7096
17.1432,0.4007,1.7295
17.1434,0.4024,1.7376
17.1436,0.4004,1.7288
17.1438,0.3962,1.7099
17.1440,0.4064,1.7555
17.1442,0.3863,1.6682
17.1444,0.3941,1.6995
17.1446,0.4342,1.8722
17.1448,0.4602,1.9834
17.1450,0.5267,2.2692
17.1452,0.5831,2.5085
17.1454,0.6391,2.7481
17.1456,0.6866,2.9495
17.1458,0.7393,3.1703
17.1460,0.8239,3.5327
17.1462,0.8017,3.4344
17.1464,0.8597,3.6865
17.1466,0.8825,3.7877
17.1468,0.8872,3.7989
17.1470,0.9891,4.2314
17.1472,0.997,4.2692
17.1474,0.9957,4.2635
17.1476,0.9897,4.2339
17.1478,0.9742,4.1716
17.1480,0.9861,4.2244
17.1482,0.9722,4.1687
17.1484,0.9148,3.9188
17.1486,0.9688,4.1505
17.1488,0.9941,4.2549
17.1490,0.9604,4.1126
17.1492,0.9811,4.2009
17.1494,0.9743,4.1741
17.1496,0.9693,4.1545
17.1498,0.9699,4.157
17.1500,0.9761,4.1799
17.1502,0.9455,4.0541
17.1504,0.9073,3.8942
17.1506,0.9206,3.9513
17.1508,0.8415,3.6117
17.1510,0.8216,3.5263
17.1512,0.8212,3.528
17.1514,0.754,3.239
17.1516,0.81,3.4812
17.1518,0.8524,3.6619
17.1520,0.8152,3.5006
17.1522,0.8481,3.6298
17.1524,0.9303,3.9912
17.1526,0.8178,3.5147
17.1528,0.8127,3.4947
17.1530,0.783,3.3637
17.1532,0.8137,3.4939
17.1534,0.8008,3.442
17.1536,0.7549,3.2447
17.1538,0.7419,3.19
17.1540,0.7584,3.2611
17.1542,0.7787,3.3498
17.1544,0.7338,3.1554
17.1546,0.7426,3.1945
17.1548,0.7588,3.2642
17.1550,0.7457,3.2065
17.1552,0.7848,3.3698
17.1554,0.8225,3.5337
17.1556,0.7767,3.3431
17.1558,0.6832,2.9365
17.1560,0.7844,3.3746
17.1562,0.7519,3.2363
17.1564,0.7195,3.0969
17.1566,0.6773,2.9139
17.1568,0.6737,2.8998
17.1570,0.6908,2.9703
17.1572,0.7395,3.1767
17.1574,0.7679,3.2988
17.1576,0.7723,3.324
17.1578,0.7248,3.1211
17.1580,0.67,2.8851
17.1582,0.6363,2.7413
17.1584,0.6554,2.8235
17.1586,0.6393,2.7542
17.1588,0.6241,2.6874
17.1590,0.6061,2.6099
17.1592,0.5998,2.5826
17.1594,0.5853,2.5225
17.1596,0.5646,2.4347
17.1598,0.5706,2.4617
17.1600,0.577,2.4833
17.1602,0.6172,2.6587
17.1604,0.5642,2.4349
17.1606,0.5064,2.1824
17.1608,0.5686,2.4529
17.1610,0.5372,2.3163
17.1612,0.5375,2.3189
17.1614,0.5499,2.37
17.1616,0.6161,2.6528
17.1618,0.5742,2.4772
17.1620,0.5279,2.2765
17.1622,0.5265,2.2703
17.1624,0.5319,2.2904
17.1626,0.5989,2.579
17.1628,0.6267,2.7038
17.1630,0.5514,2.3778
17.1632,0.539,2.323
17.1634,0.5402,2.3292
17.1636,0.539,2.324
17.1638,0.5399,2.3239
17.1640,0.565,2.4351
17.1642,0.5227,2.2527
17.1644,0.5342,2.3034
17.1646,0.5389,2.3235
17.1648,0.551,2.3724
17.1650,0.6155,2.6527
17.1652,0.5869,2.5309
17.1654,0.5531,2.3828
17.1656,0.6097,2.6242
17.1658,0.6688,2.8813
17.1660,0.641,2.7602
17.1662,0.6538,2.8141
17.1664,0.6624,2.8521
17.1666,0.6625,2.85
17.1668,0.6937,2.9855
17.1670,0.6981,3.0018
17.1672,0.6577,2.8306
17.1674,0.6399,2.7543
17.1676,0.664,2.8593
17.1678,0.6378,2.745
17.1680,0.659,2.835
17.1682,0.6932,2.9806
17.1684,0.7348,3.1581
17.1686,0.7645,3.2813
17.1688,0.7408,3.1853
17.1690,0.6805,2.9273
17.1692,0.6814,2.9301
17.1694,0.7323,3.1472
17.1696,0.764,3.2838
17.1698,0.7676,3.2977
17.1700,0.7321,3.1482
17.1702,0.7369,3.1659
17.1704,0.8083,3.4724
17.1706,0.8043,3.4602
17.1708,0.7337,3.1534
17.1710,0.7745,3.3302
17.1712,0.7366,3.1688
17.1714,0.7592,3.2632
17.1716,0.7613,3.272
17.1718,0.7597,3.2668
17.1720,0.6925,2.9789
17.1722,0.732,3.1477
17.1724,0.6869,2.9566
17.1726,0.6576,2.8301
17.1728,0.6902,2.9719
17.1730,0.6724,2.8928
17.1732,0.7028,3.0219
17.1734,0.6219,2.6781
17.1736,0.6004,2.5852
17.1738,0.5921,2.5507
17.1740,0.6209,2.6772
17.1742,0.5498,2.3695
17.1744,0.4784,2.0649
17.1746,0.4998,2.153
17.1748,0.5791,2.4961
17.1750,0.5399,2.3293
17.1752,0.4189,1.809
17.1754,0.3933,1.699
17.1756,0.3862,1.6684
17.1758,0.3863,1.6705
17.1760,0.3903,1.6868
17.1762,0.3898,1.684
17.1764,0.3908,1.6889
17.1766,0.3873,1.6723
17.1768,0.3866,1.6692
17.1770,0.3897,1.6819
17.1772,0.392,1.6933
17.1774,0.3965,1.7114
17.1776,0.3935,1.7008
17.1778,0.4133,1.7847
17.1780,0.4823,2.0756
17.1782,0.6094,2.6202
17.1784,0.6632,2.8544
17.1786,0.6112,2.6316
17.1788,0.6095,2.6208
17.1790,0.6775,2.9077
17.1792,0.7331,3.1494
17.1794,0.7645,3.2859
17.1796,0.811,3.481
17.1798,0.8116,3.4835
17.1800,0.8325,3.5698
17.1802,0.9128,3.9106
17.1804,0.9285,3.9779
17.1806,0.9068,3.8849
17.1808,0.9013,3.8649
17.1810,0.9488,4.0685
17.1812,0.9679,4.1444
17.1814,0.9621,4.1236
17.1816,0.9217,3.9504
17.1818,0.9799,4.1977
17.1820,1.0054,4.3071
17.1822,0.9863,4.2255
17.1824,0.9204,3.9522
17.1826,0.8338,3.5788
17.1828,0.8754,3.7556
17.1830,0.9025,3.8736
17.1832,0.8681,3.7207
17.1834,0.9619,4.1188
17.1836,0.9662,4.1527
17.1838,0.8071,3.4688
17.1840,0.7928,3.4091
17.1842,0.7468,3.2111
17.1844,0.7393,3.1821
17.1846,0.6996,3.0099
17.1848,0.7603,3.2663
17.1850,0.7761,3.3328
17.1852,0.8463,3.6323
17.1854,0.8475,3.6391
17.1856,0.8568,3.6776
17.1858,0.8528,3.6601
17.1860,0.9133,3.9163
17.1862,0.9371,4.0181
17.1864,0.9559,4.0931
17.1866,0.9856,4.2303
17.1868,0.8782,3.7709
17.1870,0.8397,3.6073
17.1872,0.8417,3.6178
17.1874,0.8447,3.629
17.1876,0.8431,3.6201
17.1878,0.8496,3.6484
17.1880,0.8628,3.7085
17.1882,0.8271,3.5532
17.1884,0.8462,3.6351
17.1886,0.7907,3.3982
17.1888,0.8036,3.4555
17.1890,0.8378,3.5991
17.1892,0.8058,3.4632
17.1894,0.7496,3.222
17.1896,0.7584,3.2626
17.1898,0.7811,3.3586
17.1900,0.7222,3.1126
17.1902,0.6088,2.6213
17.1904,0.6435,2.771
17.1906,0.6811,2.9354
17.1908,0.6234,2.6818
17.1910,0.661,2.8517
17.1912,0.5984,2.5805
17.1914,0.6061,2.6112
17.1916,0.6091,2.6277
17.1918,0.4958,2.1419
17.1920,0.4772,2.0616
17.1922,0.4841,2.0882
17.1924,0.4916,2.1208
17.1926,0.4921,2.1248
17.1928,0.4628,2.0004
17.1930,0.406,1.7531
17.1932,0.4005,1.7301
17.1934,0.4017,1.7353
17.1936,0.4506,1.9475
17.1938,0.444,1.9172
17.1940,0.4441,1.9177
17.1942,0.4428,1.9129
17.1944,0.4414,1.9067
17.1946,0.4291,1.8539
17.1948,0.4248,1.8352
17.1950,0.4359,1.8829
17.1952,0.445,1.9205
17.1954,0.4347,1.8768
17.1956,0.4761,2.055
17.1958,0.5236,2.2579
17.1960,0.4963,2.141
17.1962,0.4514,1.9493
17.1964,0.4492,1.9386
17.1966,0.4488,1.9361
17.1968,0.4478,1.9338
17.1970,0.4519,1.9514
17.1972,0.449,1.939
17.1974,0.4454,1.9217
17.1976,0.4464,1.9267
17.1978,0.447,1.9293
17.1980,0.4928,2.126
17.1982,0.4758,2.0516
17.1984,0.4487,1.9347
17.1986,0.4739,2.0424
17.1988,0.5371,2.3169
17.1990,0.4988,2.1528
17.1992,0.513,2.2088
17.1994,0.6032,2.5964
17.1996,0.5749,2.478
17.1998,0.5391,2.3246
17.2000,0.5451,2.3493
17.2002,0.4772,2.0568
17.2004,0.4493,1.9391
17.2006,0.448,1.9343
17.2008,0.447,1.9284
17.2010,0.4499,1.9399
17.2012,0.448,1.9334
17.2014,0.4508,1.9449
17.2016,0.4757,2.0492
17.2018,0.5263,2.2671
17.2020,0.5486,2.3621
17.2022,0.5541,2.3859
17.2024,0.5637,2.4249
17.2026,0.6309,2.7156
17.2028,0.6626,2.8518
17.2030,0.6757,2.9054
17.2032,0.6727,2.8911
17.2034,0.6664,2.8683
17.2036,0.5944,2.5594
17.2038,0.613,2.6382
17.2040,0.6555,2.82
17.2042,0.686,2.9456
17.2044,0.7438,3.1937
17.2046,0.7585,3.2631
17.2048,0.6488,2.7912
17.2050,0.5833,2.5118
17.2052,0.5998,2.5814
17.2054,0.6445,2.7713
17.2056,0.6499,2.7945
17.2058,0.6555,2.8187
17.2060,0.7142,3.0709
17.2062,0.724,3.1189
17.2064,0.6476,2.7808
17.2066,0.735,3.1576
17.2068,0.7717,3.3168
17.2070,0.7532,3.2359
17.2072,0.6715,2.8873
17.2074,0.661,2.8438
17.2076,0.6896,2.9652
17.2078,0.702,3.0146
17.2080,0.6907,2.9684
17.2082,0.6652,2.8618
17.2084,0.5884,2.5359
17.2086,0.5859,2.5192
17.2088,0.6616,2.849
17.2090,0.5933,2.5559
17.2092,0.5926,2.5504
17.2094,0.5218,2.2501
17.2096,0.456,1.969
17.2098,0.4598,1.9828
17.2100,0.4452,1.9215
17.2102,0.4112,1.7737
17.2104,0.4158,1.7947
17.2106,0.4177,1.8047
17.2108,0.4074,1.7585
17.2110,0.4441,1.9133
17.2112,0.4815,2.0754
17.2114,0.5402,2.3292
17.2116,0.5024,2.1653
17.2118,0.5439,2.3398
17.2120,0.6903,2.9655
17.2122,0.7076,3.0439
17.2124,0.7025,3.0194
17.2126,0.7541,3.2365
17.2128,0.803,3.4465
17.2130,0.8501,3.6419
17.2132,0.9574,4.1017
17.2134,0.955,4.0933
17.2136,0.9758,4.1783
17.2138,0.9893,4.2363
17.2140,0.949,4.0676
17.2142,0.9114,3.9081
17.2144,0.9113,3.9094
17.2146,0.8865,3.8029
17.2148,0.9303,3.9874
17.2150,0.8812,3.7838
17.2152,0.8249,3.539
17.2154,0.8737,3.7501
17.2156,0.8857,3.8016
17.2158,0.8891,3.8107
17.2160,0.8859,3.8021
17.2162,0.8282,3.5546
17.2164,0.8425,3.6141
17.2166,0.8541,3.6691
17.2168,0.8336,3.5794
17.2170,0.8186,3.515
17.2172,0.809,3.4738
17.2174,0.8119,3.4894
17.2176,0.751,3.2261
17.2178,0.8161,3.5026
17.2180,0.8258,3.5393
17.2182,0.8978,3.8572
17.2184,0.8305,3.5677
17.2186,0.8494,3.644
17.2188,0.8839,3.7921
17.2190,0.911,3.9156
17.2192,0.8258,3.5459
17.2194,0.8431,3.6167
17.2196,0.8639,3.7114
17.2198,0.7887,3.3931
17.2200,0.7566,3.2534
17.2202,0.7649,3.2844
17.2204,0.7951,3.4173
17.2206,0.8572,3.6825
17.2208,0.8441,3.6247
17.2210,0.7868,3.3802
17.2212,0.8307,3.5704
17.2214,0.817,3.5165
17.2216,0.7173,3.0843
17.2218,0.7426,3.1931
17.2220,0.747,3.2151
17.2222,0.763,3.2792
17.2224,0.7913,3.3976
17.2226,0.7251,3.1207
17.2228,0.6806,2.9279
17.2230,0.7149,3.0768
17.2232,0.7151,3.0793
17.2234,0.7024,3.0217
17.2236,0.6989,3.0096
17.2238,0.6897,2.9698
17.2240,0.657,2.8236
17.2242,0.7209,3.0983
17.2244,0.7594,3.2652
17.2246,0.6959,3.0008
17.2248,0.5177,2.2325
17.2250,0.5706,2.4605
17.2252,0.5743,2.4754
17.2254,0.6265,2.6965
17.2256,0.6468,2.7837
17.2258,0.6682,2.8761
17.2260,0.6725,2.8946
17.2262,0.7091,3.0492
17.2264,0.717,3.0875
17.2266,0.6332,2.7279
17.2268,0.6122,2.6387
17.2270,0.6161,2.6528
17.2272,0.6686,2.8723
17.2274,0.7532,3.2329
17.2276,0.8074,3.472
17.2278,0.732,3.1477
17.2280,0.7213,3.1032
17.2282,0.6496,2.8013
17.2284,0.5637,2.4306
17.2286,0.6132,2.6416
17.2288,0.6266,2.6957
17.2290,0.6415,2.7635
17.2292,0.6169,2.6601
17.2294,0.5582,2.4045
17.2296,0.5662,2.4425
17.2298,0.5836,2.5187
17.2300,0.5639,2.4316
17.2302,0.5331,2.2987
17.2304,0.5277,2.2754
17.2306,0.5498,2.3673
17.2308,0.6201,2.6716
17.2310,0.6101,2.6306
17.2312,0.5359,2.3106
17.2314,0.5251,2.263
17.2316,0.5321,2.2946
17.2318,0.5254,2.2667
17.2320,0.5221,2.2511
17.2322,0.5198,2.2403
17.2324,0.52,2.2424
17.2326,0.5276,2.277
17.2328,0.5283,2.2791
17.2330,0.5276,2.276
17.2332,0.5375,2.3189
17.2334,0.536,2.3101
17.2336,0.5373,2.3179
17.2338,0.5341,2.3028
17.2340,0.5354,2.3053
17.2342,0.5854,2.5195
17.2344,0.6124,2.6356
17.2346,0.633,2.7243
17.2348,0.6524,2.8106
17.2350,0.6313,2.7184
17.2352,0.6243,2.6884
17.2354,0.6555,2.8187
17.2356,0.7162,3.0796
17.2358,0.7368,3.1654
17.2360,0.7453,3.199
17.2362,0.7849,3.3735
17.2364,0.7716,3.3132
17.2366,0.7755,3.3348
17.2368,0.7294,3.1422
17.2370,0.6787,2.9182
17.2372,0.7002,3.0139
17.2374,0.6453,2.7749
17.2376,0.6952,2.9894
17.2378,0.7348,3.1566
17.2380,0.7603,3.2709
17.2382,0.6709,2.8888
17.2384,0.654,2.816
17.2386,0.6627,2.8497
17.2388,0.677,2.9164
17.2390,0.5679,2.4487
17.2392,0.566,2.437
17.2394,0.5837,2.5134
17.2396,0.597,2.5731
17.2398,0.5898,2.5397
17.2400,0.6349,2.7313
17.2402,0.6119,2.6396
17.2404,0.4998,2.159
17.2406,0.4162,1.7954
17.2408,0.4634,1.9983
17.2410,0.4427,1.9106
17.2412,0.3911,1.6889
17.2414,0.3885,1.6775
17.2416,0.3926,1.6951
17.2418,0.3918,1.6928
17.2420,0.3845,1.662
17.2422,0.3871,1.6713
17.2424,0.3847,1.6609
17.2426,0.3881,1.676
17.2428,0.3917,1.6915
17.2430,0.4136,1.7865
17.2432,0.3904,1.6858
17.2434,0.3879,1.6757
17.2436,0.4142,1.7883
17.2438,0.4236,1.8284
17.2440,0.4127,1.7804
17.2442,0.4343,1.8744
17.2444,0.4825,2.0776
17.2446,0.5878,2.5333
17.2448,0.5546,2.3824
17.2450,0.7018,3.0178
17.2452,0.7236,3.113
17.2454,0.7071,3.0376
17.2456,0.77,3.3096
17.2458,0.7716,3.3101
17.2460,0.8031,3.4422
17.2462,0.8413,3.6073
17.2464,0.8483,3.6342
17.2466,0.9728,4.1655
17.2468,1.0014,4.2882
17.2470,1.0062,4.3067
17.2472,1.002,4.2908
17.2474,0.985,4.2179
17.2476,0.9873,4.2276
17.2478,0.9818,4.206
17.2480,0.9271,3.9736
17.2482,0.9437,4.0445
17.2484,0.9843,4.2187
17.2486,0.9851,4.2243
17.2488,0.9697,4.1521
17.2490,0.9759,4.1749
17.2492,0.9794,4.2035
17.2494,0.9052,3.885
17.2496,0.9233,3.9571
17.2498,0.9674,4.1501
17.2500,0.8913,3.8253
17.2502,0.8727,3.7437
17.2504,0.9178,3.9353
17.2506,0.8755,3.7596
17.2508,0.8246,3.5457
17.2510,0.756,3.2493
17.2512,0.803,3.4465
17.2514,0.8478,3.6424
17.2516,0.7902,3.3962
17.2518,0.7684,3.2993
17.2520,0.8067,3.4673
17.2522,0.7947,3.4173
17.2524,0.7817,3.3611
17.2526,0.7832,3.3584
17.2528,0.9247,3.9633
17.2530,0.9211,3.9608
17.2532,0.7776,3.3467
17.2534,0.729,3.1333
17.2536,0.7672,3.2957
17.2538,0.7785,3.3431
17.2540,0.7772,3.3405
17.2542,0.7903,3.4014
17.2544,0.7341,3.1564
17.2546,0.756,3.2493
17.2548,0.7672,3.2988
17.2550,0.7269,3.127
17.2552,0.7133,3.0673
17.2554,0.6032,2.5988
17.2556,0.5936,2.561
17.2558,0.5916,2.5498
17.2560,0.596,2.5642
17.2562,0.6948,2.9865
17.2564,0.7784,3.3441
17.2566,0.7723,3.3209
17.2568,0.7119,3.0611
17.2570,0.6807,2.9311
17.2572,0.6318,2.7204
17.2574,0.6674,2.8778
17.2576,0.6074,2.6181
17.2578,0.5354,2.3096
17.2580,0.5132,2.2129
17.2582,0.5606,2.4182
17.2584,0.5306,2.2879
17.2586,0.5176,2.2341
17.2588,0.4742,2.0486
17.2590,0.46,1.987
17.2592,0.4614,1.9914
17.2594,0.4787,2.0649
17.2596,0.5447,2.35
17.2598,0.526,2.2682
17.2600,0.5115,2.2067
17.2602,0.4565,1.9711
17.2604,0.4614,1.9914
17.2606,0.502,2.1658
17.2608,0.4898,2.116
17.2610,0.4488,1.9388
17.2612,0.4411,1.903
17.2614,0.4795,2.0666
17.2616,0.5031,2.1715
17.2618,0.4549,1.9634
17.2620,0.4474,1.9317
17.2622,0.4441,1.9169
17.2624,0.4489,1.9376
17.2626,0.4456,1.9248
17.2628,0.4754,2.0529
17.2630,0.4507,1.9453
17.2632,0.433,1.8679
17.2634,0.465,2.0069
17.2636,0.4795,2.0695
17.2638,0.464,2.0018
17.2640,0.4456,1.9222
17.2642,0.4424,1.9096
17.2644,0.4646,2.0053
17.2646,0.4848,2.0913
17.2648,0.5459,2.3529
17.2650,0.5508,2.3719
17.2652,0.552,2.3782
17.2654,0.5667,2.4401
17.2656,0.5689,2.4499
17.2658,0.5667,2.4378
17.2660,0.5742,2.4726
17.2662,0.6053,2.6075
17.2664,0.5771,2.4862
17.2666,0.5447,2.3478
17.2668,0.5381,2.3194
17.2670,0.5401,2.3255
17.2672,0.5948,2.5578
17.2674,0.6498,2.7914
17.2676,0.6857,2.95
17.2678,0.6681,2.8755
17.2680,0.6492,2.7966
17.2682,0.5767,2.4846
17.2684,0.5741,2.4709
17.2686,0.6293,2.7071
17.2688,0.6832,2.9365
17.2690,0.7426,3.1886
17.2692,0.7589,3.2601
17.2694,0.7481,3.2153
17.2696,0.75,3.2205
17.2698,0.7938,3.4084
17.2700,0.7716,3.3163
17.2702,0.7402,3.1813
17.2704,0.7937,3.4095
17.2706,0.7337,3.1593
17.2708,0.6651,2.86
17.2710,0.6978,3.0021
17.2712,0.6519,2.8085
17.2714,0.5987,2.5815
17.2716,0.5711,2.4603
17.2718,0.5699,2.454
17.2720,0.5727,2.467
17.2722,0.5656,2.4377
17.2724,0.5632,2.4285
17.2726,0.5156,2.2253
17.2728,0.4356,1.8792
17.2730,0.4688,2.0206
17.2732,0.5213,2.2512
17.2734,0.4154,1.7935
17.2736,0.403,1.7385
17.2738,0.4014,1.7318
17.2740,0.3951,1.7044
17.2742,0.4107,1.7716
17.2744,0.4119,1.7793
17.2746,0.402,1.7352
17.2748,0.3996,1.7249
17.2750,0.3946,1.7039
17.2752,0.418,1.8032
17.2754,0.4681,2.0175
17.2756,0.4745,2.0478
17.2758,0.3957,1.7078
17.2760,0.3878,1.6744
17.2762,0.3906,1.686
17.2764,0.3928,1.6954
17.2766,0.3897,1.6811
17.2768,0.3929,1.6959
17.2770,0.4019,1.7339
17.2772,0.4457,1.9191
17.2774,0.5106,2.1964
17.2776,0.5464,2.3528
17.2778,0.6043,2.5998
17.2780,0.6972,2.9954
17.2782,0.7371,3.1649
17.2784,0.7721,3.3137
17.2786,0.7697,3.3019
17.2788,0.8241,3.5338
17.2790,0.8368,3.5916
17.2792,0.7698,3.3039
17.2794,0.795,3.4104
17.2796,0.8632,3.6997
17.2798,0.9297,3.9867
17.2800,0.8648,3.7063
17.2802,0.8337,3.5766
17.2804,0.8819,3.7763
17.2806,0.9718,4.1653
17.2808,0.8687,3.7285
17.2810,0.8434,3.6199
17.2812,0.8764,3.7562
17.2814,0.9112,3.9034
17.2816,0.9251,3.9593
17.2818,0.9643,4.131
17.2820,0.9845,4.2158
17.2822,0.9247,3.9725
17.2824,0.7986,3.4274
17.2826,0.817,3.51
17.2828,0.8457,3.6331
17.2830,0.813,3.4892
17.2832,0.8139,3.4917
17.2834,0.8403,3.6049
17.2836,0.8673,3.7241
17.2838,0.7941,3.4068
17.2840,0.862,3.6997
17.2842,0.848,3.6378
17.2844,0.8598,3.6853
17.2846,0.9353,4.0066
17.2848,0.946,4.0567
17.2850,0.9264,3.9742
17.2852,0.9296,3.9844
17.2854,0.9172,3.9309
17.2856,0.9288,3.9826
17.2858,0.9734,4.1719
17.2860,0.9466,4.0611
17.2862,0.8536,3.6654
17.2864,0.8619,3.6975
17.2866,0.8583,3.6837
17.2868,0.8369,3.5938
17.2870,0.8363,3.5912
17.2872,0.8546,3.6678
17.2874,0.8532,3.6621
17.2876,0.8438,3.6232
17.2878,0.8475,3.6391
17.2880,0.8207,3.5259
17.2882,0.7664,3.2911
17.2884,0.7639,3.2818
17.2886,0.7838,3.3688
17.2888,0.7633,3.2838
17.2890,0.7591,3.2672
17.2892,0.7399,3.1773
17.2894,0.8193,3.5214
17.2896,0.7951,3.4173
17.2898,0.7996,3.4369
17.2900,0.7597,3.2683
17.2902,0.6963,2.9954
17.2904,0.7228,3.108
17.2906,0.741,3.1893
17.2908,0.6706,2.8917
17.2910,0.5845,2.5158
17.2912,0.6368,2.7434
17.2914,0.5826,2.5122
17.2916,0.5729,2.4704
17.2918,0.5613,2.4213
17.2920,0.5621,2.4227
17.2922,0.5788,2.4945
17.2924,0.5777,2.4899
17.2926,0.5819,2.5115
17.2928,0.4926,2.1249
17.2930,0.4797,2.0696
17.2932,0.4856,2.094
17.2934,0.5019,2.1633
17.2936,0.5483,2.3611
17.2938,0.6879,2.9621
17.2940,0.6703,2.8862
17.2942,0.6011,2.5919
17.2944,0.5889,2.5391
17.2946,0.5615,2.4201
17.2948,0.5363,2.3127
17.2950,0.5378,2.3189
17.2952,0.5418,2.3365
17.2954,0.5407,2.3324
17.2956,0.5282,2.2786
17.2958,0.5215,2.2486
17.2960,0.5243,2.261
17.2962,0.5271,2.2729
17.2964,0.5296,2.2858
17.2966,0.5283,2.277
17.2968,0.523,2.2553
17.2970,0.557,2.3983
17.2972,0.7106,3.0582
17.2974,0.7128,3.0695
17.2976,0.6008,2.5896
17.2978,0.5296,2.2837
17.2980,0.5221,2.2511
17.2982,0.5284,2.2754
17.2984,0.5254,2.2656
17.2986,0.5258,2.2672
17.2988,0.5235,2.2542
17.2990,0.5498,2.3717
17.2992,0.5349,2.3065
17.2994,0.5398,2.3255
17.2996,0.5338,2.3008
17.2998,0.5249,2.2636
17.3000,0.5362,2.3079
17.3002,0.6046,2.6032
17.3004,0.6311,2.7173
17.3006,0.6719,2.888
17.3008,0.7173,3.08
17.3010,0.7348,3.1595
17.3012,0.7198,3.0951
17.3014,0.7132,3.0696
17.3016,0.6375,2.7439
17.3018,0.6686,2.8736
17.3020,0.7101,3.0491
17.3022,0.789,3.3879
17.3024,0.8463,3.6357
17.3026,0.7736,3.3235
17.3028,0.7142,3.0723
17.3030,0.6905,2.9734
17.3032,0.6289,2.708
17.3034,0.6174,2.6585
17.3036,0.6267,2.6912
17.3038,0.7571,3.257
17.3040,0.6673,2.8733
17.3042,0.6243,2.6897
17.3044,0.632,2.7139
17.3046,0.7428,3.1941
17.3048,0.6688,2.876
17.3050,0.6666,2.8675
17.3052,0.6776,2.9163
17.3054,0.6725,2.896
17.3056,0.6721,2.8899
17.3058,0.673,2.8927
17.3060,0.7195,3.0955
17.3062,0.6981,3.006
17.3064,0.6525,2.8058
17.3066,0.6735,2.8947
17.3068,0.7056,3.0357
17.3070,0.7049,3.0298
17.3072,0.7813,3.3596
17.3074,0.7531,3.2354
17.3076,0.7679,3.3003
17.3078,0.7309,3.1489
17.3080,0.6022,2.5965
17.3082,0.5188,2.2341
17.3084,0.5787,2.4917
17.3086,0.6018,2.5938
17.3088,0.6209,2.6772
17.3090,0.5764,2.4842
17.3092,0.5739,2.4676
17.3094,0.6368,2.7396
17.3096,0.6024,2.6012
17.3098,0.4299,1.8553
17.3100,0.4098,1.7705
17.3102,0.4323,1.8639
17.3104,0.5546,2.3902
17.3106,0.5204,2.2429
17.3108,0.5355,2.3048
17.3110,0.6859,2.9492
17.3112,0.6976,3.0039
17.3114,0.6101,2.6221
17.3116,0.6782,2.9121
17.3118,0.7133,3.0673
17.3120,0.7101,3.0519
17.3122,0.7613,3.272
17.3124,0.7258,3.118
17.3126,0.8348,3.5729
17.3128,0.9266,3.9677
17.3130,0.9033,3.8735
17.3132,0.9104,3.9039
17.3134,0.953,4.0826
17.3136,0.9674,4.1481
17.3138,0.9367,4.0165
17.3140,0.9827,4.208
17.3142,0.9969,4.2706
17.3144,0.9695,4.1554
17.3146,0.9655,4.1379
17.3148,0.9511,4.0782
17.3150,0.8951,3.8434
17.3152,0.8904,3.8198
17.3154,0.9096,3.8985
17.3156,0.9685,4.1469
17.3158,0.9826,4.2114
17.3160,0.9521,4.079
17.3162,0.9469,4.0621
17.3164,0.9209,3.9597
17.3166,0.7838,3.3719
17.3168,0.7259,3.1228
17.3170,0.7159,3.0757
17.3172,0.7916,3.4023
17.3174,0.797,3.4271
17.3176,0.74,3.1836
17.3178,0.6981,3.0017
17.3180,0.7209,3.1026
17.3182,0.7023,3.0254
17.3184,0.684,2.9455
17.3186,0.6994,3.0074
17.3188,0.7839,3.3646
17.3190,0.8369,3.6004
17.3192,0.7117,3.0605
17.3194,0.7418,3.1899
17.3196,0.702,3.0215
17.3198,0.6884,2.9641
17.3200,0.6909,2.9749
17.3202,0.7355,3.1582
17.3204,0.7987,3.4327
17.3206,0.7249,3.1216
17.3208,0.6786,2.9209
17.3210,0.6706,2.885
17.3212,0.6242,2.6904
17.3214,0.5975,2.5775
17.3216,0.5926,2.5539
17.3218,0.6453,2.7761
17.3220,0.6795,2.9232
17.3222,0.6976,3.0024
17.3224,0.7005,3.0134
17.3226,0.7261,3.1195
17.3228,0.7874,3.3827
17.3230,0.7753,3.3368
17.3232,0.738,3.1764
17.3234,0.6915,2.9775
17.3236,0.6768,2.9159
17.3238,0.6092,2.6258
17.3240,0.6066,2.6132
17.3242,0.6465,2.7839
17.3244,0.652,2.8089
17.3246,0.6129,2.643
17.3248,0.5396,2.3266
17.3250,0.5698,2.4557
17.3252,0.6101,2.6294
17.3254,0.6028,2.5954
17.3256,0.6499,2.7996
17.3258,0.6158,2.6566
17.3260,0.5568,2.3999
17.3262,0.5372,2.3152
17.3264,0.5363,2.3137
17.3266,0.5525,2.3824
17.3268,0.6073,2.6138
17.3270,0.6939,2.9864
17.3272,0.6097,2.6266
17.3274,0.5917,2.5479
17.3276,0.6314,2.7163
17.3278,0.6595,2.841
17.3280,0.597,2.5742
17.3282,0.6155,2.6489
17.3284,0.6596,2.8441
17.3286,0.5051,2.1802
17.3288,0.4622,1.994
17.3290,0.4778,2.0603
17.3292,0.5315,2.2909
17.3294,0.5454,2.353
17.3296,0.5619,2.4216
17.3298,0.5861,2.5248
17.3300,0.5819,2.5126
17.3302,0.493,2.127
17.3304,0.5471,2.3614
17.3306,0.4793,2.0675
17.3308,0.4598,1.9855
17.3310,0.4838,2.0862
17.3312,0.4772,2.0587
17.3314,0.4572,1.9741
17.3316,0.4546,1.9618
17.3318,0.473,2.0387
17.3320,0.4972,2.1471
17.3322,0.4559,1.9675
17.3324,0.4528,1.9532
17.3326,0.4532,1.9552
17.3328,0.4538,1.9569
17.3330,0.4536,1.9586
17.3332,0.4537,1.96
17.3334,0.4583,1.9761
17.3336,0.5282,2.2754
17.3338,0.5506,2.3742
17.3340,0.5669,2.4433
17.3342,0.5547,2.3906
17.3344,0.5645,2.4296
17.3346,0.5671,2.4421
17.3348,0.5689,2.4487
17.3350,0.6228,2.6817
17.3352,0.5977,2.5773
17.3354,0.5706,2.4582
17.3356,0.6047,2.6001
17.3358,0.7332,3.1498
17.3360,0.8087,3.4711
17.3362,0.8189,3.5165
17.3364,0.7993,3.4353
17.3366,0.6869,2.9579
17.3368,0.6265,2.6977
17.3370,0.6462,2.7836
17.3372,0.5912,2.5471
17.3374,0.5686,2.4494
17.3376,0.5633,2.4245
17.3378,0.6109,2.6244
17.3380,0.661,2.8464
17.3382,0.5948,2.5614
17.3384,0.601,2.5901
17.3386,0.568,2.4469
17.3388,0.565,2.4339
17.3390,0.5653,2.4389
17.3392,0.4845,2.0902
17.3394,0.4675,2.0168
17.3396,0.4309,1.8599
17.3398,0.4457,1.9227
17.3400,0.515,2.2237
17.3402,0.4207,1.8167
17.3404,0.4176,1.8016
17.3406,0.4821,2.0818
17.3408,0.4254,1.8378
17.3410,0.4001,1.7261
17.3412,0.4482,1.9326
17.3414,0.4481,1.9321
17.3416,0.4237,1.8305
17.3418,0.3846,1.6594
17.3420,0.4459,1.9255
17.3422,0.4191,1.8095
17.3424,0.3908,1.6865
17.3426,0.3795,1.6371
17.3428,0.3753,1.619
17.3430,0.3873,1.67
17.3432,0.3896,1.6806
17.3434,0.3793,1.6376
17.3436,0.3964,1.7101
17.3438,0.4779,2.0561
17.3440,0.6101,2.6208
17.3442,0.7361,3.1578
17.3444,0.7932,3.4058
17.3446,0.7097,3.0475
17.3448,0.7596,3.2601
17.3450,0.834,3.5747
17.3452,0.886,3.799
17.3454,0.8881,3.8118
17.3456,0.8815,3.78
17.3458,0.8798,3.771
17.3460,0.879,3.7639
17.3462,0.8586,3.6852
17.3464,0.7837,3.3604
17.3466,0.9116,3.9036
17.3468,0.9788,4.1911
17.3470,0.9701,4.158
17.3472,0.9639,4.1313
17.3474,0.9674,4.1462
17.3476,0.9671,4.1432
17.3478,0.9699,4.1531
17.3480,0.9621,4.1216
17.3482,0.9742,4.1755
17.3484,0.9761,4.1837
17.3486,0.9778,4.187
17.3488,0.9712,4.1587
17.3490,1.0017,4.2911
17.3492,0.9834,4.2131
17.3494,0.9472,4.0617
17.3496,0.8529,3.6622
17.3498,0.8368,3.5915
17.3500,0.8804,3.7736
17.3502,0.9527,4.0835
17.3504,0.947,4.0607
17.3506,0.9574,4.1054
17.3508,0.9092,3.9024
17.3510,0.7994,3.4342
17.3512,0.7742,3.3276
17.3514,0.8113,3.4868
17.3516,0.799,3.431
17.3518,0.8403,3.6082
17.3520,0.8578,3.6782
17.3522,0.8563,3.6737
17.3524,0.8569,3.6849
17.3526,0.7896,3.3951
17.3528,0.8079,3.4724
17.3530,0.8259,3.5447
17.3532,0.8119,3.4959
17.3534,0.7201,3.098
17.3536,0.7427,3.1905
17.3538,0.7638,3.2781
17.3540,0.8391,3.6013
17.3542,0.8447,3.6255
17.3544,0.8507,3.6546
17.3546,0.8278,3.5596
17.3548,0.8122,3.4925
17.3550,0.7186,3.0928
17.3552,0.6801,2.9257
17.3554,0.6897,2.9684
17.3556,0.7066,3.0383
17.3558,0.7107,3.0559
17.3560,0.741,3.1878
17.3562,0.7041,3.0345
17.3564,0.6392,2.755
17.3566,0.573,2.4685
17.3568,0.6193,2.6679
17.3570,0.6267,2.7012
17.3572,0.5697,2.4541
17.3574,0.6318,2.7204
17.3576,0.6322,2.7275
17.3578,0.5712,2.4619
17.3580,0.5605,2.4171
17.3582,0.5513,2.3773
17.3584,0.5598,2.4151
17.3586,0.5595,2.4102
17.3588,0.5722,2.4672
17.3590,0.5245,2.2635
17.3592,0.4832,2.0846
17.3594,0.477,2.0596
17.3596,0.4773,2.0602
17.3598,0.5132,2.2118
17.3600,0.5378,2.3156
17.3602,0.6104,2.6297
17.3604,0.5627,2.4252
17.3606,0.5581,2.4034
17.3608,0.6364,2.738
17.3610,0.6502,2.8025
17.3612,0.553,2.3856
17.3614,0.5477,2.3607
17.3616,0.5471,2.357
17.3618,0.5301,2.2868
17.3620,0.5291,2.2816
17.3622,0.5298,2.2837
17.3624,0.5281,2.2759
17.3626,0.5279,2.2775
17.3628,0.5251,2.2609
17.3630,0.5674,2.4465
17.3632,0.5333,2.2997
17.3634,0.5481,2.3611
17.3636,0.6035,2.6022
17.3638,0.5346,2.3022
17.3640,0.5577,2.4013
17.3642,0.5866,2.5257
17.3644,0.6301,2.7106
17.3646,0.6917,2.9772
17.3648,0.6609,2.8445
17.3650,0.6784,2.9185
17.3652,0.6779,2.9151
17.3654,0.6668,2.8671
17.3656,0.7075,3.0396
17.3658,0.7559,3.2487
17.3660,0.756,3.2523
17.3662,0.7099,3.057
17.3664,0.6614,2.8492
17.3666,0.6258,2.6896
17.3668,0.7288,3.1308
17.3670,0.776,3.3337
17.3672,0.743,3.1921
17.3674,0.7294,3.1348
17.3676,0.7369,3.1673
17.3678,0.7303,3.1419
17.3680,0.7713,3.3137
17.3682,0.7605,3.2703
17.3684,0.7361,3.1622
17.3686,0.8127,3.4865
17.3688,0.886,3.7972
17.3690,0.8675,3.7233
17.3692,0.8486,3.642
17.3694,0.83,3.5722
17.3696,0.6754,2.9097
17.3698,0.6336,2.7269
17.3700,0.6549,2.8174
17.3702,0.6986,2.9996
17.3704,0.7572,3.2483
17.3706,0.8036,3.4554
17.3708,0.7466,3.212
17.3710,0.7223,3.1044
17.3712,0.7145,3.0766
17.3714,0.6625,2.8512
17.3716,0.7146,3.0729
17.3718,0.6832,2.9419
17.3720,0.6609,2.8419
17.3722,0.6803,2.9281
17.3724,0.6916,2.9836
17.3726,0.543,2.3427
17.3728,0.5309,2.2904
17.3730,0.5306,2.2889
17.3732,0.5152,2.2216
17.3734,0.5355,2.3079
17.3736,0.6097,2.6266
17.3738,0.5728,2.4721
17.3740,0.4316,1.8647
17.3742,0.4008,1.734
17.3744,0.3966,1.7143
17.3746,0.4273,1.8427
17.3748,0.44,1.9019
17.3750,0.4016,1.7355
17.3752,0.4066,1.7548
17.3754,0.4044,1.7463
17.3756,0.3986,1.721
17.3758,0.4006,1.7306
17.3760,0.402,1.7352
17.3762,0.4032,1.7412
17.3764,0.4302,1.8576
17.3766,0.4177,1.8021
17.3768,0.4549,1.9598
17.3770,0.5444,2.344
17.3772,0.6095,2.6219
17.3774,0.694,2.98
17.3776,0.7581,3.2615
17.3778,0.6989,3.0053
17.3780,0.7098,3.0508
17.3782,0.7372,3.1698
17.3784,0.7193,3.0915
17.3786,0.7199,3.0912
17.3788,0.7935,3.4042
17.3790,0.8644,3.7065
17.3792,0.9361,4.012
17.3794,0.9366,4.016
17.3796,0.902,3.8679
17.3798,0.9011,3.8656
17.3800,0.9162,3.9249
17.3802,0.9598,4.1138
17.3804,0.9665,4.1387
17.3806,0.9336,4.005
17.3808,0.8718,3.7418
17.3810,0.8556,3.6723
17.3812,0.8987,3.8535
17.3814,0.9749,4.1805
17.3816,0.9066,3.8874
17.3818,0.9207,3.9499
17.3820,0.8849,3.7997
17.3822,0.8097,3.4801
17.3824,0.8092,3.4764
17.3826,0.8119,3.4861
17.3828,0.8182,3.5151
17.3830,0.8205,3.5232
17.3832,0.8424,3.6107
17.3834,0.9165,3.9264
17.3836,0.9234,3.965
17.3838,0.8626,3.7039
17.3840,0.8549,3.671
17.3842,0.8749,3.7517
17.3844,0.9126,3.9168
17.3846,0.8968,3.8507
17.3848,0.9073,3.8905
17.3850,0.934,4.0033
17.3852,0.9562,4.1003
17.3854,0.8915,3.8316
17.3856,0.852,3.6586
17.3858,0.8737,3.757
17.3860,0.7688,3.3044
17.3862,0.7856,3.3781
17.3864,0.7866,3.3775
17.3866,0.815,3.5028
17.3868,0.8043,3.4569
17.3870,0.8125,3.4952
17.3872,0.78,3.3492
17.3874,0.8141,3.5024
17.3876,0.7869,3.3822
17.3878,0.7631,3.2842
17.3880,0.7081,3.0464
17.3882,0.7253,3.1188
17.3884,0.7571,3.2599
17.3886,0.7177,3.0906
17.3888,0.674,2.9035
17.3890,0.6131,2.646
17.3892,0.5481,2.3633
17.3894,0.5716,2.4635
17.3896,0.5856,2.5204
17.3898,0.6495,2.7968
17.3900,0.708,3.0502
17.3902,0.6355,2.7389
17.3904,0.5566,2.4045
17.3906,0.4879,2.1067
17.3908,0.4887,2.1084
17.3910,0.4958,2.1389
17.3912,0.5186,2.2351
17.3914,0.5649,2.4368
17.3916,0.4863,2.098
17.3918,0.4657,2.0118
17.3920,0.4115,1.7794
17.3922,0.424,1.8307
17.3924,0.4607,1.9892
17.3926,0.4516,1.9498
17.3928,0.4523,1.9511
17.3930,0.4561,1.9686
17.3932,0.4697,2.0261
17.3934,0.5692,2.4497
17.3936,0.6572,2.8312
17.3938,0.5704,2.4652
17.3940,0.458,1.9787
17.3942,0.447,1.9301
17.3944,0.4447,1.9212
17.3946,0.4465,1.9281
17.3948,0.4525,1.9539
17.3950,0.4495,1.9392
17.3952,0.4577,1.9753
17.3954,0.4626,1.9974
17.3956,0.462,1.9939
17.3958,0.4581,1.9783
17.3960,0.4609,1.9893
17.3962,0.4584,1.9775
17.3964,0.4587,1.9781
17.3966,0.4807,2.0698
17.3968,0.5345,2.3038
17.3970,0.5134,2.2159
17.3972,0.4489,1.9357
17.3974,0.4422,1.9094
17.3976,0.4418,1.907
17.3978,0.4453,1.9211
17.3980,0.4477,1.9332
17.3982,0.4459,1.9255
17.3984,0.4418,1.9061
17.3986,0.4487,1.9347
17.3988,0.4617,1.992
17.3990,0.4499,1.9417
17.3992,0.446,1.926
17.3994,0.4415,1.9045
17.3996,0.4454,1.9207
17.3998,0.4875,2.1012
17.4000,0.5379,2.3183
17.4002,0.5484,2.3627
17.4004,0.5418,2.3321
17.4006,0.5481,2.3611
17.4008,0.5499,2.37
17.4010,0.5549,2.3928
17.4012,0.5525,2.3802
17.4014,0.5881,2.5277
17.4016,0.6886,2.9596
17.4018,0.7097,3.0503
17.4020,0.699,3.0044
17.4022,0.7352,3.1601
17.4024,0.7255,3.1125
17.4026,0.7926,3.4032
17.4028,0.7639,3.2878
17.4030,0.6138,2.6454
17.4032,0.5351,2.3042
17.4034,0.5557,2.3897
17.4036,0.593,2.5524
17.4038,0.587,2.5302
17.4040,0.5763,2.4825
17.4042,0.5639,2.4282
17.4044,0.5607,2.4165
17.4046,0.5772,2.4855
17.4048,0.6318,2.7153
17.4050,0.685,2.9469
17.4052,0.691,2.9713
17.4054,0.7231,3.1037
17.4056,0.7679,3.2987
17.4058,0.7352,3.166
17.4060,0.6598,2.8399
17.4062,0.6677,2.8699
17.4064,0.6619,2.846
17.4066,0.6927,2.9771
17.4068,0.7222,3.1039
17.4070,0.6983,3.0027
17.4072,0.6078,2.6208
17.4074,0.5152,2.2227
17.4076,0.5229,2.2516
17.4078,0.5706,2.4582
17.4080,0.5574,2.4025
17.4082,0.5316,2.2914
17.4084,0.4938,2.1291
17.4086,0.4854,2.0929
17.4088,0.4255,1.8375
17.4090,0.4044,1.7455
17.4092,0.4011,1.731
17.4094,0.4078,1.76
17.4096,0.4731,2.0392
17.4098,0.5188,2.234
17.4100,0.5651,2.4333
17.4102,0.6042,2.5992
17.4104,0.7041,3.0275
17.4106,0.6706,2.8823
17.4108,0.6948,2.9836
17.4110,0.703,3.0243
17.4112,0.6802,2.9235
17.4114,0.75,3.2205
17.4116,0.7629,3.2761
17.4118,0.8122,3.4828
17.4120,0.847,3.6302
17.4122,0.8288,3.5538
17.4124,0.8247,3.5412
17.4126,0.8291,3.5603
17.4128,0.8665,3.7157
17.4130,0.8869,3.8049
17.4132,0.8928,3.8265
17.4134,0.9531,4.0831
17.4136,0.9224,3.9535
17.4138,0.889,3.8065
17.4140,0.9485,4.0636
17.4142,0.9608,4.1256
17.4144,0.8445,3.6279
17.4146,0.8051,3.4573
17.4148,0.8342,3.5802
17.4150,0.8099,3.4747
17.4152,0.8697,3.7326
17.4154,0.8382,3.5977
17.4156,0.8357,3.5852
17.4158,0.8535,3.6665
17.4160,0.8765,3.7619
17.4162,0.8561,3.671
17.4164,0.9066,3.8838
17.4166,0.9152,3.9318
17.4168,0.796,3.4182
17.4170,0.8002,3.433
17.4172,0.8964,3.8509
17.4174,0.8521,3.6557
17.4176,0.8358,3.5924
17.4178,0.7785,3.3461
17.4180,0.7809,3.3549
17.4182,0.786,3.3749
17.4184,0.8316,3.5661
17.4186,0.934,4.007
17.4188,0.8944,3.8404
17.4190,0.8432,3.6256
17.4192,0.7695,3.3075
17.4194,0.7946,3.4088
17.4196,0.8469,3.6382
17.4198,0.8472,3.6363
17.4200,0.8531,3.6632
17.4202,0.841,3.6146
17.4204,0.7643,3.2878
17.4206,0.8092,3.4764
17.4208,0.801,3.4409
17.4210,0.7984,3.4317
17.4212,0.7599,3.2678
17.4214,0.7513,3.2306
17.4216,0.7958,3.4155
17.4218,0.8163,3.5117
17.4220,0.7861,3.3786
17.4222,0.7948,3.4178
17.4224,0.7132,3.071
17.4226,0.6332,2.7291
17.4228,0.5722,2.4661
17.4230,0.5604,2.4154
17.4232,0.6308,2.715
17.4234,0.6838,2.9417
17.4236,0.6284,2.7084
17.4238,0.5989,2.5825
17.4240,0.5828,2.5109
17.4242,0.5982,2.577
17.4244,0.5876,2.5316
17.4246,0.5959,2.566
17.4248,0.6663,2.8691
17.4250,0.6608,2.8414
17.4252,0.6892,2.9649
17.4254,0.6887,2.9698
17.4256,0.63,2.7152
17.4258,0.6362,2.7408
17.4260,0.6422,2.764
17.4262,0.6818,2.933
17.4264,0.6788,2.9173
17.4266,0.7571,3.2524
17.4268,0.8188,3.5209
17.4270,0.7795,3.3549
17.4272,0.702,3.0257
17.4274,0.5605,2.4171
17.4276,0.5324,2.2966
17.4278,0.53,2.2852
17.4280,0.5285,2.278
17.4282,0.5634,2.4238
17.4284,0.6294,2.7101
17.4286,0.6277,2.7066
17.4288,0.5641,2.4337
17.4290,0.5334,2.2992
17.4292,0.5307,2.2894
17.4294,0.5292,2.28
17.4296,0.5942,2.5564
17.4298,0.6318,2.7191
17.4300,0.6903,2.9723
17.4302,0.6562,2.8231
17.4304,0.6988,3.0048
17.4306,0.6822,2.9378
17.4308,0.5946,2.5651
17.4310,0.5339,2.3034
17.4312,0.5266,2.2718
17.4314,0.5267,2.2713
17.4316,0.5283,2.2759
17.4318,0.5271,2.2728
17.4320,0.5381,2.3182
17.4322,0.6057,2.6059
17.4324,0.6619,2.85
17.4326,0.6089,2.6279
17.4328,0.5386,2.3192
17.4330,0.6071,2.6116
17.4332,0.6411,2.7581
17.4334,0.6421,2.7635
17.4336,0.6387,2.7503
17.4338,0.6439,2.7738
17.4340,0.6322,2.7212
17.4342,0.6366,2.741
17.4344,0.6314,2.7188
17.4346,0.637,2.7431
17.4348,0.6535,2.8086
17.4350,0.7465,3.207
17.4352,0.8117,3.4807
17.4354,0.8914,3.8257
17.4356,0.8476,3.6413
17.4358,0.7691,3.3085
17.4360,0.6803,2.9295
17.4362,0.6675,2.8702
17.4364,0.6803,2.9268
17.4366,0.6583,2.8332
17.4368,0.6685,2.877
17.4370,0.7297,3.1378
17.4372,0.7718,3.3173
17.4374,0.703,3.0243
17.4376,0.6819,2.9335
17.4378,0.7246,3.1142
17.4380,0.7191,3.0934
17.4382,0.6621,2.8497
17.4384,0.5819,2.5056
17.4386,0.5992,2.5847
17.4388,0.4878,2.1081
17.4390,0.4581,1.9765
17.4392,0.5158,2.2273
17.4394,0.4424,1.9113
17.4396,0.4236,1.8249
17.4398,0.561,2.4203
17.4400,0.4581,1.9801
17.4402,0.3934,1.6995
17.4404,0.3948,1.7065
17.4406,0.4243,1.8314
17.4408,0.4392,1.8965
17.4410,0.39,1.6834
17.4412,0.3844,1.6599
17.4414,0.4091,1.7657
17.4416,0.3978,1.7179
17.4418,0.3815,1.6474
17.4420,0.3974,1.715
17.4422,0.4313,1.8606
17.4424,0.4914,2.1197
17.4426,0.446,1.9242
17.4428,0.4346,1.8759
17.4430,0.3989,1.7209
17.4432,0.4677,2.015
17.4434,0.5717,2.4629
17.4436,0.5792,2.4919
17.4438,0.6789,2.9192
17.4440,0.6912,2.9751
17.4442,0.6674,2.8697
17.4444,0.6934,2.9747
17.4446,0.7749,3.326
17.4448,0.7906,3.3934
17.4450,0.8091,3.4694
17.4452,0.8308,3.5675
17.4454,0.8242,3.5359
17.4456,0.932,3.9946
17.4458,0.9363,4.0131
17.4460,0.9319,3.9903
17.4462,0.9826,4.2075
17.4464,0.9996,4.2844
17.4466,0.9665,4.1406
17.4468,0.986,4.2179
17.4470,0.9671,4.1451
17.4472,0.9563,4.1008
17.4474,0.8868,3.8026
17.4476,0.9063,3.8846
17.4478,0.958,4.1042
17.4480,0.9355,4.0113
17.4482,0.9313,3.9915
17.4484,0.9878,4.2355
17.4486,0.9667,4.147
17.4488,0.9021,3.8684
17.4490,0.8494,3.649
17.4492,0.824,3.5365
17.4494,0.8647,3.708
17.4496,0.9091,3.8982
17.4498,0.9506,4.0761
17.4500,0.9186,3.9425
17.4502,0.9045,3.8841
17.4504,0.8747,3.7542
17.4506,0.8627,3.701
17.4508,0.8947,3.8383
17.4510,0.9025,3.87
17.4512,0.918,3.9436
17.4514,0.8025,3.4492
17.4516,0.7411,3.1868
17.4518,0.7743,3.3312
17.4520,0.7926,3.4064
17.4522,0.7752,3.3317
17.4524,0.7619,3.273
17.4526,0.8302,3.5682
17.4528,0.817,3.5099
17.4530,0.8466,3.6354
17.4532,0.8201,3.5299
17.4534,0.7867,3.3796
17.4536,0.8334,3.5838
17.4538,0.7939,3.4073
17.4540,0.8209,3.5297
17.4542,0.7233,3.1143
17.4544,0.7007,3.0159
17.4546,0.7204,3.0991
17.4548,0.7297,3.1407
17.4550,0.729,3.1362
17.4552,0.7137,3.0773
17.4554,0.579,2.4955
17.4556,0.6217,2.6807
17.4558,0.5387,2.324
17.4560,0.5079,2.1911
17.4562,0.5355,2.3079
17.4564,0.6572,2.8325
17.4566,0.6137,2.6449
17.4568,0.5396,2.3277
17.4570,0.4969,2.1465
17.4572,0.4826,2.0839
17.4574,0.4983,2.1517
17.4576,0.5,2.157
17.4578,0.5083,2.1906
17.4580,0.5583,2.4095
17.4582,0.4769,2.0629
17.4584,0.4079,1.7622
17.4586,0.4123,1.7805
17.4588,0.4454,1.9225
17.4590,0.453,1.956
17.4592,0.4432,1.9145
17.4594,0.4478,1.932
17.4596,0.4483,1.9349
17.4598,0.4627,1.998
17.4600,0.509,2.1988
17.4602,0.4542,1.9603
17.4604,0.4442,1.9173
17.4606,0.4487,1.9365
17.4608,0.4486,1.936
17.4610,0.448,1.9334
17.4612,0.4442,1.9182
17.4614,0.4495,1.941
17.4616,0.45,1.944
17.4618,0.4481,1.9339
17.4620,0.4462,1.9256
17.4622,0.4668,2.0146
17.4624,0.4514,1.9493
17.4626,0.4532,1.9534
17.4628,0.5117,2.2025
17.4630,0.5898,2.542
17.4632,0.4996,2.1564
17.4634,0.4512,1.9464
17.4636,0.4668,2.0137
17.4638,0.5384,2.3203
17.4640,0.5512,2.3745
17.4642,0.5498,2.3672
17.4644,0.5724,2.4648
17.4646,0.5851,2.5219
17.4648,0.6086,2.6183
17.4650,0.6379,2.7416
17.4652,0.6652,2.8644
17.4654,0.5836,2.5163
17.4656,0.5282,2.2754
17.4658,0.5321,2.2924
17.4660,0.5728,2.4629
17.4662,0.651,2.7991
17.4664,0.65,2.7976
17.4666,0.5809,2.5038
17.4668,0.5668,2.4428
17.4670,0.565,2.4339
17.4672,0.5685,2.4489
17.4674,0.5677,2.4447
17.4676,0.5735,2.4706
17.4678,0.6164,2.6518
17.4680,0.6657,2.8598
17.4682,0.7496,3.2159
17.4684,0.8489,3.6384
17.4686,0.9132,3.9194
17.4688,0.865,3.7108
17.4690,0.8345,3.5884
17.4692,0.7081,3.0436
17.4694,0.7025,3.025
17.4696,0.5688,2.4493
17.4698,0.5942,2.56
17.4700,0.5924,2.551
17.4702,0.6272,2.6983
17.4704,0.6345,2.731
17.4706,0.6533,2.8107
17.4708,0.6723,2.8909
17.4710,0.643,2.7676
17.4712,0.5808,2.4975
17.4714,0.656,2.8194
17.4716,0.7066,3.0397
17.4718,0.6337,2.7312
17.4720,0.5725,2.463
17.4722,0.6109,2.6342
17.4724,0.5073,2.1916
17.4726,0.4126,1.7815
17.4728,0.399,1.723
17.4730,0.4409,1.9011
17.4732,0.4857,2.0974
17.4734,0.4109,1.7735
17.4736,0.4059,1.7534
17.4738,0.3923,1.6948
17.4740,0.3902,1.6847
17.4742,0.3898,1.6824
17.4744,0.3924,1.6946
17.4746,0.3903,1.6852
17.4748,0.3956,1.7072
17.4750,0.3916,1.6909
17.4752,0.3868,1.6702
17.4754,0.4369,1.8866
17.4756,0.3944,1.7021
17.4758,0.3906,1.686
17.4760,0.3912,1.6902
17.4762,0.3951,1.7044
17.4764,0.5042,2.169
17.4766,0.5844,2.5164
17.4768,0.5729,2.468
17.4770,0.5386,2.3192
17.4772,0.6017,2.5908
17.4774,0.6014,2.5886
17.4776,0.5876,2.5269
17.4778,0.6051,2.6009
17.4780,0.7006,3.0083
17.4782,0.7264,3.1219
17.4784,0.7053,3.0298
17.4786,0.773,3.3162
17.4788,0.8483,3.6342
17.4790,0.9008,3.861
17.4792,0.8459,3.6307
17.4794,0.8309,3.5647
17.4796,0.9103,3.8961
17.4798,0.9605,4.1111
17.4800,0.984,4.2097
17.4802,0.993,4.2542
17.4804,0.9622,4.1279
17.4806,0.9145,3.9177
17.4808,0.9234,3.9557
17.4810,0.9047,3.8792
17.4812,0.9144,3.9154
17.4814,0.9399,4.0304
17.4816,0.8302,3.5616
17.4818,0.8851,3.7972
17.4820,0.894,3.8299
17.4822,0.8885,3.8134
17.4824,0.8189,3.5181
17.4826,0.8,3.432
17.4828,0.8803,3.7748
17.4830,0.8754,3.7538
17.4832,0.9005,3.8648
17.4834,0.8478,3.6406
17.4836,0.8429,3.6178
17.4838,0.8827,3.7851
17.4840,0.8716,3.739
17.4842,0.8396,3.6
17.4844,0.8918,3.8224
17.4846,0.9442,4.047
17.4848,0.926,3.9726
17.4850,0.9318,3.9954
17.4852,0.9631,4.1277
17.4854,0.9285,3.9834
17.4856,0.8922,3.8311
17.4858,0.8541,3.6639
17.4860,0.8774,3.759
17.4862,0.9355,4.0151
17.4864,0.8722,3.7434
17.4866,0.8868,3.8061
17.4868,0.873,3.7505
17.4870,0.8596,3.6945
17.4872,0.8127,3.4897
17.4874,0.789,3.3862
17.4876,0.8396,3.6051
17.4878,0.7826,3.3652
17.4880,0.7508,3.2316
17.4882,0.7056,3.037
17.4884,0.6994,3.0074
17.4886,0.7051,3.0364
17.4888,0.6894,2.9673
17.4890,0.7245,3.1151
17.4892,0.6845,2.9435
17.4894,0.7162,3.0853
17.4896,0.6629,2.856
17.4898,0.6405,2.7606
17.4900,0.6164,2.6543
17.4902,0.644,2.7743
17.4904,0.6396,2.7565
17.4906,0.6018,2.5889
17.4908,0.6247,2.6949
17.4910,0.5743,2.4765
17.4912,0.558,2.4051
17.4914,0.5698,2.4569
17.4916,0.5688,2.4527
17.4918,0.5852,2.5212
17.4920,0.5508,2.3763
17.4922,0.4848,2.0932
17.4924,0.4878,2.1052
17.4926,0.4861,2.096
17.4928,0.5271,2.2718
17.4930,0.6338,2.7266
17.4932,0.7045,3.0338
17.4934,0.5957,2.5662
17.4936,0.6019,2.5966
17.4938,0.5411,2.3344
17.4940,0.5253,2.2651
17.4942,0.5241,2.2599
17.4944,0.5289,2.2806
17.4946,0.5269,2.2707
17.4948,0.5251,2.2651
17.4950,0.5234,2.2589
17.4952,0.5287,2.2806
17.4954,0.5272,2.2723
17.4956,0.5252,2.2614
17.4958,0.5258,2.2671
17.4960,0.5248,2.263
17.4962,0.5368,2.3104
17.4964,0.6382,2.7457
17.4966,0.7223,3.1087
17.4968,0.6836,2.9448
17.4970,0.5927,2.5533
17.4972,0.5751,2.4796
17.4974,0.5412,2.3327
17.4976,0.5412,2.3306
17.4978,0.5391,2.3256
17.4980,0.5379,2.3194
17.4982,0.534,2.3017
17.4984,0.5416,2.3343
17.4986,0.5364,2.3131
17.4988,0.5219,2.2495
17.4990,0.5205,2.2423
17.4992,0.561,2.4158
17.4994,0.626,2.6956
17.4996,0.6575,2.8261
17.4998,0.7067,3.0431
17.5000,0.6385,2.7506
17.5002,0.6253,2.69
17.5004,0.6346,2.7315
17.5006,0.6294,2.7101
17.5008,0.6373,2.7403
17.5010,0.6777,2.91
17.5012,0.7469,3.2101
17.5014,0.7621,3.274
17.5016,0.8059,3.4604
17.5018,0.7514,3.2311
17.5020,0.7253,3.1217
17.5022,0.6619,2.8487
17.5024,0.6212,2.6737
17.5026,0.6259,2.6951
17.5028,0.6406,2.7586
17.5030,0.7274,3.1266
17.5032,0.7385,3.174
17.5034,0.7604,3.2668
17.5036,0.7548,3.2411
17.5038,0.7568,3.2513
17.5040,0.7584,3.2595
17.5042,0.7451,3.2008
17.5044,0.715,3.0744
17.5046,0.6707,2.8868
17.5048,0.7235,3.1139
17.5050,0.6842,2.9433
17.5052,0.6363,2.7413
17.5054,0.6767,2.9113
17.5056,0.684,2.9441
17.5058,0.6894,2.9646
17.5060,0.695,2.9897
17.5062,0.7134,3.0691
17.5064,0.7462,3.2114
17.5066,0.6742,2.9018
17.5068,0.6173,2.6629
17.5070,0.5314,2.2914
17.5072,0.5236,2.2557
17.5074,0.5459,2.3507
17.5076,0.5651,2.4378
17.5078,0.5171,2.2278
17.5080,0.5677,2.4447
17.5082,0.5773,2.4906
17.5084,0.5695,2.457
17.5086,0.4629,1.999
17.5088,0.4828,2.082
17.5090,0.4875,2.1022
17.5092,0.4875,2.1032
17.5094,0.4305,1.8561
17.5096,0.497,2.1421
17.5098,0.5628,2.428
17.5100,0.5054,2.1782
17.5102,0.5471,2.3559
17.5104,0.6241,2.6836
17.5106,0.6868,2.9546
17.5108,0.6658,2.8644
17.5110,0.674,2.894
17.5112,0.7846,3.3661
17.5114,0.8265,3.5506
17.5116,0.8313,3.5695
17.5118,0.8387,3.5981
17.5120,0.8599,3.6874
17.5122,0.8511,3.6528
17.5124,0.8514,3.6492
17.5126,0.9453,4.0516
17.5128,0.9767,4.1843
17.5130,0.9814,4.2063
17.5132,0.9663,4.1435
17.5134,0.9886,4.2332
17.5136,0.9884,4.2341
17.5138,0.9424,4.0449
17.5140,0.8862,3.8
17.5142,0.9145,3.9177
17.5144,0.9524,4.0857
17.5146,0.9026,3.8759
17.5148,0.8749,3.7534
17.5150,0.8828,3.7874
17.5152,0.8729,3.7482
17.5154,0.8565,3.6725
17.5156,0.8768,3.7652
17.5158,0.862,3.6996
17.5160,0.8854,3.8017
17.5162,0.8782,3.7726
17.5164,0.8711,3.7405
17.5166,0.8307,3.567
17.5168,0.8045,3.4579
17.5170,0.7418,3.1855
17.5172,0.8067,3.4608
17.5174,0.8815,3.7835
17.5176,0.8789,3.781
17.5178,0.7314,3.148
17.5180,0.7147,3.0762
17.5182,0.717,3.0817
17.5184,0.7911,3.3986
17.5186,0.8631,3.706
17.5188,0.7616,3.2765
17.5190,0.7571,3.2554
17.5192,0.7225,3.1127
17.5194,0.6331,2.7311
17.5196,0.6024,2.5927
17.5198,0.6625,2.8526
17.5200,0.7022,3.0221
17.5202,0.686,2.9538
17.5204,0.6822,2.935
17.5206,0.6824,2.9383
17.5208,0.6728,2.8983
17.5210,0.6863,2.9512
17.5212,0.7258,3.1194
17.5214,0.7583,3.2605
17.5216,0.7303,3.1462
17.5218,0.6225,2.6819
17.5220,0.5555,2.3965
17.5222,0.5456,2.3546
17.5224,0.517,2.2273
17.5226,0.6346,2.7315
17.5228,0.6758,2.9112
17.5230,0.6147,2.6471
17.5232,0.6602,2.8414
17.5234,0.6789,2.9179
17.5236,0.7126,3.0698
17.5238,0.6387,2.7542
17.5240,0.64,2.7522
17.5242,0.7168,3.0922
17.5244,0.5934,2.5611
17.5246,0.5661,2.4386
17.5248,0.6165,2.6524
17.5250,0.6086,2.6256
17.5252,0.5508,2.3763
17.5254,0.5524,2.3819
17.5256,0.5621,2.4227
17.5258,0.5996,2.5856
17.5260,0.6051,2.6046
17.5262,0.6768,2.9105
17.5264,0.7263,3.1258
17.5266,0.6785,2.9177
17.5268,0.6441,2.7774
17.5270,0.5342,2.3065
17.5272,0.4753,2.0514
17.5274,0.4669,2.0151
17.5276,0.4627,1.998
17.5278,0.4585,1.9798
17.5280,0.4616,1.9933
17.5282,0.4727,2.039
17.5284,0.4721,2.0364
17.5286,0.4597,1.9832
17.5288,0.4898,2.114
17.5290,0.5374,2.3184
17.5292,0.5495,2.3684
17.5294,0.537,2.3157
17.5296,0.5374,2.3205
17.5298,0.4688,2.0244
17.5300,0.4526,1.9545
17.5302,0.4517,1.9485
17.5304,0.4535,1.9572
17.5306,0.4958,2.1379
17.5308,0.5336,2.2997
17.5310,0.5355,2.3079
17.5312,0.5798,2.5003
17.5314,0.5713,2.4602
17.5316,0.5246,2.263
17.5318,0.4595,1.9831
17.5320,0.4851,2.0909
17.5322,0.5421,2.3374
17.5324,0.5483,2.3632
17.5326,0.545,2.3466
17.5328,0.5661,2.4409
17.5330,0.5511,2.3751
17.5332,0.5641,2.4315
17.5334,0.5622,2.4221
17.5336,0.5739,2.471
17.5338,0.6254,2.693
17.5340,0.5723,2.4666
17.5342,0.6302,2.7086
17.5344,0.7567,3.2508
17.5346,0.7563,3.2493
17.5348,0.7916,3.4055
17.5350,0.6972,3.0009
17.5352,0.6562,2.8205
17.5354,0.6915,2.9761
17.5356,0.6012,2.5911
17.5358,0.5566,2.3967
17.5360,0.6004,2.5863
17.5362,0.5773,2.4883
17.5364,0.5725,2.4653
17.5366,0.58,2.4985
17.5368,0.5725,2.4642
17.5370,0.5658,2.4376
17.5372,0.5729,2.468
17.5374,0.606,2.6106
17.5376,0.5928,2.5502
17.5378,0.6051,2.6082
17.5380,0.5719,2.465
17.5382,0.5742,2.4714
17.5384,0.5685,2.4523
17.5386,0.5194,2.2387
17.5388,0.5095,2.1968
17.5390,0.4144,1.7901
17.5392,0.3887,1.6793
17.5394,0.3855,1.6653
17.5396,0.3833,1.656
17.5398,0.3869,1.6723
17.5400,0.3852,1.6627
17.5402,0.391,1.6868
17.5404,0.4247,1.8321
17.5406,0.3838,1.6588
17.5408,0.3764,1.6237
17.5410,0.3972,1.7153
17.5412,0.3969,1.7137
17.5414,0.4028,1.7399
17.5416,0.3783,1.6335
17.5418,0.3698,1.5967
17.5420,0.3685,1.5903
17.5422,0.4115,1.7752
17.5424,0.4728,2.0386
17.5426,0.489,2.1035
17.5428,0.587,2.529
17.5430,0.5408,2.3318
17.5432,0.504,2.171
17.5434,0.545,2.3433
17.5436,0.6646,2.8565
17.5438,0.7121,3.0578
17.5440,0.7374,3.162
17.5442,0.817,3.5034
17.5444,0.855,3.6646
17.5446,0.8939,3.8329
17.5448,0.8903,3.8175
17.5450,0.8778,3.764
17.5452,0.8778,3.7623
17.5454,0.8147,3.5001
17.5456,0.7325,3.1453
17.5458,0.8053,3.4481
17.5460,1.0206,4.358
17.5462,1.1213,4.7926
17.5464,1.1037,4.7194
17.5466,1.0975,4.6906
17.5468,1.0903,4.6642
17.5470,1.086,4.6479
17.5472,1.0663,4.5637
17.5474,1.0623,4.5426
17.5476,1.1009,4.712
17.5478,1.0788,4.6214
17.5480,1.0749,4.6007
17.5482,1.0874,4.6454
17.5484,1.1056,4.7299
17.5486,1.0641,4.563
17.5488,0.948,4.0629
17.5490,0.9874,4.228
17.5492,1.0283,4.4093
17.5494,1.0071,4.3122
17.5496,1.0496,4.4924
17.5498,1.0162,4.3574
17.5500,0.9102,3.9029
17.5502,0.8918,3.8278
17.5504,0.9199,3.9445
17.5506,1.0047,4.302
17.5508,1.0032,4.2998
17.5510,0.9808,4.2057
17.5512,0.9651,4.1383
17.5514,0.929,3.9799
17.5516,0.9945,4.2544
17.5518,1.022,4.3826
17.5520,0.9649,4.1373
17.5522,0.9837,4.22
17.5524,0.9424,4.0468
17.5526,0.8695,3.732
17.5528,0.8899,3.8195
17.5530,0.9033,3.8735
17.5532,0.943,4.0494
17.5534,0.9121,3.9147
17.5536,0.9548,4.0979
17.5538,0.9102,3.9101
17.5540,0.8897,3.8185
17.5542,0.8939,3.8329
17.5544,0.9307,4.0001
17.5546,0.874,3.7563
17.5548,0.7946,3.4183
17.5550,0.7849,3.3781
17.5552,0.7773,3.3425
17.5554,0.7593,3.2621
17.5556,0.7834,3.3735
17.5558,0.7641,3.2797
17.5560,0.8785,3.7724
17.5562,0.8261,3.554
17.5564,0.7386,3.1819
17.5566,0.7167,3.0888
17.5568,0.6745,2.9055
17.5570,0.6369,2.7451
17.5572,0.5787,2.4975
17.5574,0.5894,2.5405
17.5576,0.6597,2.842
17.5578,0.6626,2.8531
17.5580,0.6938,2.9887
17.5582,0.694,2.9939
17.5584,0.6248,2.6929
17.5586,0.6113,2.6345
17.5588,0.603,2.6001
17.5590,0.6589,2.8331
17.5592,0.7627,3.2766
17.5594,0.7685,3.3105
17.5596,0.6318,2.7254
17.5598,0.5837,2.5157
17.5600,0.602,2.5935
17.5602,0.5996,2.5856
17.5604,0.5914,2.5511
17.5606,0.5938,2.5579
17.5608,0.6164,2.6531
17.5610,0.6391,2.7506
17.5612,0.6517,2.8113
17.5614,0.6059,2.6137
17.5616,0.5886,2.5369
17.5618,0.6113,2.6358
17.5620,0.6174,2.6609
17.5622,0.6028,2.5966
17.5624,0.7062,3.0325
17.5626,0.7872,3.3911
17.5628,0.6641,2.8638
17.5630,0.6553,2.8203
17.5632,0.7145,3.0752
17.5634,0.7224,3.1093
17.5636,0.7381,3.1739
17.5638,0.7685,3.3028
17.5640,0.7757,3.3337
17.5642,0.7716,3.3178
17.5644,0.7504,3.231
17.5646,0.7195,3.0911
17.5648,0.7938,3.4179
17.5650,0.7715,3.3157
17.5652,0.8017,3.4472
17.5654,0.7376,3.1733
17.5656,0.7278,3.1296
17.5658,0.7894,3.3914
17.5660,0.8087,3.4776
17.5662,0.809,3.4802
17.5664,0.7697,3.3126
17.5666,0.6652,2.8631
17.5668,0.6928,2.9804
17.5670,0.7261,3.1253
17.5672,0.7093,3.0502
17.5674,0.6947,2.9928
17.5676,0.6819,2.9362
17.5678,0.7543,3.2435
17.5680,0.7398,3.1856
17.5682,0.6977,3.0057
17.5684,0.683,2.9395
17.5686,0.7093,3.0516
17.5688,0.7036,3.0268
17.5690,0.7629,3.2806
17.5692,0.7874,3.3842
17.5694,0.7958,3.4283
17.5696,0.7078,3.0477
17.5698,0.6947,2.9914
17.5700,0.6645,2.8587
17.5702,0.7267,3.1264
17.5704,0.7656,3.292
17.5706,0.7471,3.2156
17.5708,0.6864,2.9599
17.5710,0.6387,2.7542
17.5712,0.6384,2.7526
17.5714,0.5309,2.2915
17.5716,0.5174,2.233
17.5718,0.5171,2.232
17.5720,0.5113,2.2066
17.5722,0.5199,2.2397
17.5724,0.5813,2.5054
17.5726,0.5441,2.3506
17.5728,0.4791,2.0698
17.5730,0.4143,1.7904
17.5732,0.396,1.7125
17.5734,0.3954,1.7099
17.5736,0.3947,1.7052
17.5738,0.4026,1.7378
17.5740,0.4441,1.9186
17.5742,0.4101,1.7698
17.5744,0.4764,2.0589
17.5746,0.4186,1.8091
17.5748,0.4197,1.8129
17.5750,0.4392,1.8982
17.5752,0.4016,1.7339
17.5754,0.4781,2.0623
17.5756,0.5358,2.3073
17.5758,0.5926,2.5504
17.5760,0.5812,2.5095
17.5762,0.4944,2.1336
17.5764,0.5075,2.1885
17.5766,0.5414,2.3311
17.5768,0.6083,2.6216
17.5770,0.573,2.4697
17.5772,0.5792,2.4931
17.5774,0.6316,2.7186
17.5776,0.6089,2.6218
17.5778,0.623,2.6839
17.5780,0.6198,2.6712
17.5782,0.6105,2.629
17.5784,0.6055,2.6073
17.5786,0.6059,2.6089
17.5788,0.6843,2.9397
17.5790,0.7995,3.4299
17.5792,0.843,3.6166
17.5794,0.8361,3.5901
17.5796,0.8129,3.494
17.5798,0.8096,3.478
17.5800,0.7834,3.3657
17.5802,0.7625,3.2771
17.5804,0.7572,3.2544
17.5806,0.7747,3.3234
17.5808,0.9563,4.097
17.5810,0.9797,4.1971
17.5812,0.9713,4.1651
17.5814,0.9912,4.2465
17.5816,1.0231,4.3831
17.5818,1.0062,4.3127
17.5820,0.9356,4.0193
17.5822,0.8098,3.4774
17.5824,0.8143,3.4981
17.5826,0.8405,3.6109
17.5828,0.8451,3.6287
17.5830,0.8578,3.6799
17.5832,0.9315,4.0018
17.5834,0.8819,3.7868
17.5836,0.8174,3.5082
17.5838,0.8291,3.5586
17.5840,0.8924,3.8268
17.5842,0.9515,4.0878
17.5844,0.8723,3.7439
17.5846,0.897,3.8499
17.5848,0.9484,4.0688
17.5850,0.9442,4.0545
17.5852,0.8707,3.7407
17.5854,0.8267,3.55
17.5856,0.8483,3.646
17.5858,0.8234,3.5421
17.5860,0.8157,3.4993
17.5862,0.8779,3.7716
17.5864,0.8887,3.8215
17.5866,0.8083,3.4755
17.5868,0.8041,3.4543
17.5870,0.8758,3.7588
17.5872,0.8995,3.8661
17.5874,0.8398,3.6111
17.5876,0.7908,3.4018
17.5878,0.6941,2.9903
17.5880,0.6029,2.5984
17.5882,0.5575,2.4075
17.5884,0.5075,2.1896
17.5886,0.5137,2.2149
17.5888,0.5189,2.2387
17.5890,0.5854,2.5264
17.5892,0.5399,2.3281
17.5894,0.5575,2.4041
17.5896,0.5189,2.2418
17.5898,0.4879,2.1077
17.5900,0.4916,2.1208
17.5902,0.4911,2.1187
17.5904,0.5278,2.277
17.5906,0.6014,2.5874
17.5908,0.6983,3.0055
17.5910,0.6776,2.919
17.5912,0.6772,2.912
17.5914,0.7212,3.1055
17.5916,0.6369,2.7464
17.5918,0.5839,2.5179
17.5920,0.5776,2.4893
17.5922,0.5758,2.4839
17.5924,0.5831,2.5143
17.5926,0.599,2.583
17.5928,0.539,2.3283
17.5930,0.4287,1.8526
17.5932,0.4071,1.7585
17.5934,0.4042,1.7453
17.5936,0.4037,1.7432
17.5938,0.4234,1.8264
17.5940,0.4614,1.9923
17.5942,0.4536,1.9613
17.5944,0.4508,1.9467
17.5946,0.4526,1.9517
17.5948,0.5063,2.1854
17.5950,0.4791,2.067
17.5952,0.5338,2.3007
17.5954,0.5524,2.3819
17.5956,0.5339,2.3012
17.5958,0.5665,2.4429
17.5960,0.5138,2.2165
17.5962,0.4603,1.9867
17.5964,0.4577,1.9753
17.5966,0.4538,1.9578
17.5968,0.454,1.9593
17.5970,0.4523,1.9529
17.5972,0.4525,1.953
17.5974,0.4516,1.9471
17.5976,0.4957,2.1384
17.5978,0.4916,2.1227
17.5980,0.467,2.0147
17.5982,0.4789,2.065
17.5984,0.5332,2.2981
17.5986,0.55,2.3694
17.5988,0.5635,2.4255
17.5990,0.568,2.4491
17.5992,0.5553,2.3932
17.5994,0.5595,2.4113
17.5996,0.5579,2.4057
17.5998,0.5483,2.3621
17.6000,0.5524,2.3808
17.6002,0.548,2.3606
17.6004,0.5563,2.3945
17.6006,0.5956,2.5621
17.6008,0.6444,2.7694
17.6010,0.7373,3.1644
17.6012,0.8481,3.6416
17.6014,0.7589,3.2646
17.6016,0.6737,2.8997
17.6018,0.6838,2.9431
17.6020,0.6417,2.7632
17.6022,0.5748,2.474
17.6024,0.609,2.6235
17.6026,0.5845,2.517
17.6028,0.6388,2.7521
17.6030,0.6375,2.7439
17.6032,0.6393,2.7491
17.6034,0.6266,2.6969
17.6036,0.6378,2.7462
17.6038,0.6721,2.8898
17.6040,0.6945,2.9876
17.6042,0.6626,2.8518
17.6044,0.6493,2.7958
17.6046,0.6495,2.7942
17.6048,0.6276,2.7061
17.6050,0.5748,2.4728
17.6052,0.6223,2.6808
17.6054,0.6035,2.5973
17.6056,0.6601,2.8449
17.6058,0.5779,2.4909
17.6060,0.6123,2.6404
17.6062,0.5258,2.2661
17.6064,0.531,2.2878
17.6066,0.6035,2.5973
17.6068,0.6289,2.7055
17.6070,0.6786,2.9236
17.6072,0.5661,2.4397
17.6074,0.5534,2.3783
17.6076,0.7203,3.1
17.6078,0.6739,2.8989
17.6080,0.5976,2.5792
17.6082,0.4277,1.8451
17.6084,0.4945,2.1302
17.6086,0.5699,2.4517
17.6088,0.5872,2.5283
17.6090,0.5572,2.4015
17.6092,0.5915,2.5481
17.6094,0.6079,2.614
17.6096,0.6392,2.7562
17.6098,0.5838,2.5139
17.6100,0.647,2.7847
17.6102,0.5821,2.5066
17.6104,0.5803,2.4989
17.6106,0.6574,2.8296
17.6108,0.6506,2.7988
17.6110,0.6662,2.8686
17.6112,0.6199,2.668
17.6114,0.6663,2.8678
17.6116,0.6816,2.9311
17.6118,0.6892,2.958
17.6120,0.8006,3.4345
17.6122,0.8503,3.648
17.6124,0.8884,3.8093
17.6126,0.9077,3.8921
17.6128,0.8779,3.7663
17.6130,0.8766,3.7624
17.6132,0.862,3.6996
17.6134,0.8075,3.466
17.6136,0.8603,3.6924
17.6138,0.8643,3.7077
17.6140,0.8643,3.7077
17.6142,0.8818,3.7863
17.6144,0.8836,3.7905
17.6146,0.8897,3.8114
17.6148,0.9625,4.1232
17.6150,0.9563,4.097
17.6152,0.9577,4.1007
17.6154,0.9987,4.2763
17.6156,0.9766,4.1916
17.6158,0.914,3.923
17.6160,0.9024,3.8712
17.6162,0.8982,3.855
17.6164,0.8526,3.6561
17.6166,0.9156,3.9242
17.6168,0.9521,4.0809
17.6170,0.9515,4.0821
17.6172,0.953,4.0883
17.6174,0.9803,4.2056
17.6176,0.9348,4.0101
17.6178,0.9037,3.8841
17.6180,0.8095,3.4758
17.6182,0.8139,3.4949
17.6184,0.792,3.4007
17.6186,0.7644,3.2884
17.6188,0.7508,3.2286
17.6190,0.8206,3.5237
17.6192,0.8157,3.5042
17.6194,0.7904,3.3924
17.6196,0.8102,3.4838
17.6198,0.7736,3.325
17.6200,0.8421,3.6159
17.6202,0.7934,3.4132
17.6204,0.7324,3.1506
17.6206,0.7435,3.1986
17.6208,0.723,3.1075
17.6210,0.7093,3.0544
17.6212,0.6573,2.8264
17.6214,0.7438,3.1996
17.6216,0.6952,2.9963
17.6218,0.6557,2.8236
17.6220,0.6591,2.8394
17.6222,0.6126,2.6415
17.6224,0.5826,2.511
17.6226,0.6171,2.6562
17.6228,0.7057,3.0375
17.6230,0.6966,2.9955
17.6232,0.7155,3.0793
17.6234,0.7342,3.1598
17.6236,0.7356,3.1646
17.6238,0.6915,2.9789
17.6240,0.6073,2.6187
17.6242,0.5963,2.5688
17.6244,0.6033,2.5992
17.6246,0.596,2.5653
17.6248,0.6463,2.7816
17.6250,0.6456,2.7785
17.6252,0.7185,3.0908
17.6254,0.7438,3.2011
17.6256,0.6996,3.0112
17.6258,0.6924,2.9816
17.6260,0.7182,3.0912
17.6262,0.6688,2.8773
17.6264,0.6996,3.0126
17.6266,0.7134,3.0706
17.6268,0.6548,2.8221
17.6270,0.6619,2.8513
17.6272,0.6951,2.9902
17.6274,0.6727,2.9005
17.6276,0.5519,2.3787
17.6278,0.5358,2.3106
17.6280,0.5345,2.3049
17.6282,0.551,2.3746
17.6284,0.5556,2.3948
17.6286,0.6286,2.7082
17.6288,0.6733,2.8963
17.6290,0.731,3.1435
17.6292,0.7375,3.1728
17.6294,0.6641,2.8638
17.6296,0.5691,2.4526
17.6298,0.5478,2.3612
17.6300,0.5362,2.3132
17.6302,0.537,2.3147
17.6304,0.602,2.5935
17.6306,0.6191,2.6657
17.6308,0.6593,2.8378
17.6310,0.6754,2.9056
17.6312,0.6945,2.9862
17.6314,0.6701,2.8843
17.6316,0.6433,2.77
17.6318,0.6538,2.8154
17.6320,0.7104,3.0548
17.6322,0.6849,2.9491
17.6324,0.6501,2.7981
17.6326,0.6488,2.7898
17.6328,0.6886,2.9624
17.6330,0.7205,3.0967
17.6332,0.7833,3.3652
17.6334,0.8669,3.7294
17.6336,0.6988,3.009
17.6338,0.6252,2.6895
17.6340,0.6909,2.9708
17.6342,0.7414,3.1893
17.6344,0.7388,3.18
17.6346,0.6692,2.8828
17.6348,0.6361,2.739
17.6350,0.6528,2.812
17.6352,0.7145,3.0681
17.6354,0.7421,3.1924
17.6356,0.6333,2.7258
17.6358,0.639,2.7501
17.6360,0.6592,2.8386
17.6362,0.6523,2.8074
17.6364,0.6549,2.82
17.6366,0.5924,2.557
17.6368,0.5656,2.4354
17.6370,0.6026,2.5985
17.6372,0.5291,2.2827
17.6374,0.5078,2.1896
17.6376,0.5381,2.3204
17.6378,0.5192,2.2397
17.6380,0.5283,2.2769
17.6382,0.6291,2.7078
17.6384,0.7054,3.036
17.6386,0.6682,2.8773
17.6388,0.6169,2.6588
17.6390,0.548,2.3628
17.6392,0.5259,2.2645
17.6394,0.5537,2.3909
17.6396,0.4331,1.8727
17.6398,0.3968,1.7156
17.6400,0.3868,1.6718
17.6402,0.3894,1.6816
17.6404,0.3825,1.6524
17.6406,0.3731,1.6127
17.6408,0.3697,1.5962
17.6410,0.3764,1.6237
17.6412,0.4634,1.9983
17.6414,0.5478,2.3623
17.6416,0.497,2.143
17.6418,0.4809,2.0728
17.6420,0.5355,2.3069
17.6422,0.5701,2.4562
17.6424,0.5494,2.3657
17.6426,0.6168,2.6546
17.6428,0.6668,2.8658
17.6430,0.7081,3.0436
17.6432,0.6996,3.0098
17.6434,0.7274,3.1237
17.6436,0.8276,3.5486
17.6438,0.8595,3.6854
17.6440,0.893,3.8275
17.6442,0.8845,3.7928
17.6444,0.7597,3.2667
17.6446,0.6831,2.9359
17.6448,0.7982,3.4242
17.6450,0.9119,3.9064
17.6452,0.962,4.123
17.6454,0.9306,3.9903
17.6456,0.9071,3.8913
17.6458,0.9024,3.8676
17.6460,0.9213,3.9488
17.6462,0.8597,3.6864
17.6464,0.9158,3.927
17.6466,0.9657,4.139
17.6468,0.9854,4.2233
17.6470,0.941,4.035
17.6472,0.9327,4.0014
17.6474,0.883,3.7861
17.6476,0.8906,3.8244
17.6478,0.8876,3.8062
17.6480,0.9194,3.9443
17.6482,0.927,3.973
17.6484,0.995,4.2644
17.6486,0.9837,4.218
17.6488,0.9229,3.9555
17.6490,0.9487,4.0736
17.6492,0.9011,3.862
17.6494,0.9547,4.0917
17.6496,0.9632,4.1397
17.6498,0.8457,3.633
17.6500,0.7843,3.3708
17.6502,0.8044,3.4606
17.6504,0.7798,3.3549
17.6506,0.7689,3.3049
17.6508,0.7387,3.175
17.6510,0.7918,3.4033
17.6512,0.8355,3.5892
17.6514,0.8412,3.6156
17.6516,0.7962,3.4219
17.6518,0.8282,3.5578
17.6520,0.8452,3.6259
17.6522,0.9241,3.9625
17.6524,0.8789,3.7775
17.6526,0.8394,3.6079
17.6528,0.8039,3.4538
17.6530,0.7944,3.4125
17.6532,0.7884,3.3915
17.6534,0.6964,3.0001
17.6536,0.6892,2.9705
17.6538,0.5639,2.4349
17.6540,0.5253,2.2672
17.6542,0.4975,2.1481
17.6544,0.4917,2.1233
17.6546,0.5516,2.3772
17.6548,0.6298,2.7121
17.6550,0.6319,2.7222
17.6552,0.6581,2.834
17.6554,0.6006,2.5922
17.6556,0.5126,2.2123
17.6558,0.5104,2.1989
17.6560,0.5795,2.4976
17.6562,0.6496,2.7999
17.6564,0.5834,2.517
17.6566,0.482,2.0813
17.6568,0.479,2.0665
17.6570,0.4995,2.1549
17.6572,0.4957,2.1413
17.6574,0.4959,2.1404
17.6576,0.4492,1.9403
17.6578,0.4492,1.9368
17.6580,0.5143,2.2196
17.6582,0.4807,2.0766
17.6584,0.4584,1.9784
17.6586,0.4647,2.0049
17.6588,0.4549,1.9634
17.6590,0.4574,1.9761
17.6592,0.4397,1.8994
17.6594,0.4279,1.847
17.6596,0.4239,1.8311
17.6598,0.4272,1.8464
17.6600,0.432,1.8646
17.6602,0.4219,1.8228
17.6604,0.4139,1.7889
17.6606,0.414,1.7878
17.6608,0.4203,1.8138
17.6610,0.4306,1.8601
17.6612,0.43,1.8583
17.6614,0.4328,1.8673
17.6616,0.4896,2.11
17.6618,0.5316,2.2925
17.6620,0.5599,2.4111
17.6622,0.5851,2.5207
17.6624,0.5652,2.4338
17.6626,0.5439,2.3441
17.6628,0.554,2.3886
17.6630,0.5776,2.4893
17.6632,0.5745,2.4747
17.6634,0.5754,2.4777
17.6636,0.5724,2.4648
17.6638,0.5954,2.5628
17.6640,0.6186,2.6648
17.6642,0.5685,2.4478
17.6644,0.5643,2.432
17.6646,0.618,2.6622
17.6648,0.6838,2.9404
17.6650,0.678,2.9197
17.6652,0.6441,2.7723
17.6654,0.6423,2.7607
17.6656,0.6978,2.9965
17.6658,0.7789,3.3461
17.6660,0.7783,3.3466
17.6662,0.7555,3.2441
17.6664,0.7984,3.4285
17.6666,0.7313,3.1489
17.6668,0.6556,2.8192
17.6670,0.7381,3.171
17.6672,0.7358,3.1582
17.6674,0.8103,3.4794
17.6676,0.7171,3.0894
17.6678,0.6355,2.7377
17.6680,0.6344,2.7305
17.6682,0.5637,2.4305
17.6684,0.5313,2.292
17.6686,0.5249,2.2625
17.6688,0.5349,2.3021
17.6690,0.5776,2.487
17.6692,0.5839,2.512
17.6694,0.662,2.8505
17.6696,0.6222,2.6791
17.6698,0.6177,2.6625
17.6700,0.5349,2.3075
17.6702,0.5047,2.1771
17.6704,0.52,2.2413
17.6706,0.5037,2.17
17.6708,0.5484,2.3616
17.6710,0.5749,2.4803
17.6712,0.5538,2.3859
17.6714,0.5592,2.4114
17.6716,0.5111,2.202
17.6718,0.5881,2.5325
17.6720,0.5557,2.3953
17.6722,0.5059,2.1813
17.6724,0.501,2.1611
17.6726,0.5035,2.171
17.6728,0.5063,2.1854
17.6730,0.4358,1.8829
17.6732,0.3995,1.7251
17.6734,0.3978,1.7171
17.6736,0.3936,1.6982
17.6738,0.396,1.7093
17.6740,0.3987,1.7199
17.6742,0.4704,2.0264
17.6744,0.5452,2.3498
17.6746,0.4964,2.1415
17.6748,0.5381,2.315
17.6750,0.6044,2.6051
17.6752,0.5029,2.1684
17.6754,0.4875,2.1022
17.6756,0.5023,2.1638
17.6758,0.537,2.3114
17.6760,0.5906,2.5421
17.6762,0.6048,2.6042
17.6764,0.5739,2.4699
17.6766,0.5903,2.5382
17.6768,0.711,3.056
17.6770,0.7397,3.1791
17.6772,0.7095,3.0464
17.6774,0.7403,3.1773
17.6776,0.7768,3.3373
17.6778,0.7992,3.4252
17.6780,0.9103,3.9034
17.6782,0.9038,3.872
17.6784,0.9284,3.981
17.6786,0.9086,3.8944
17.6788,0.9388,4.0201
17.6790,0.9569,4.0995
17.6792,0.9538,4.0938
17.6794,0.8693,3.731
17.6796,0.8974,3.8443
17.6798,0.9541,4.0891
17.6800,0.9334,4.0063
17.6802,0.8713,3.7363
17.6804,0.8705,3.7379
17.6806,0.8222,3.5255
17.6808,0.9074,3.8983
17.6810,0.8169,3.5078
17.6812,0.842,3.6154
17.6814,0.8478,3.6389
17.6816,0.8788,3.7664
17.6818,0.9177,3.9389
17.6820,0.8049,3.4579
17.6822,0.8021,3.4476
17.6824,0.7596,3.2632
17.6826,0.7779,3.342
17.6828,0.795,3.4151
17.6830,0.8031,3.4502
17.6832,0.8298,3.56
17.6834,0.8891,3.807
17.6836,0.9548,4.0903
17.6838,0.9758,4.186
17.6840,0.8747,3.7542
17.6842,0.8653,3.7158
17.6844,0.8679,3.7248
17.6846,0.8622,3.7041
17.6848,0.8152,3.4973
17.6850,0.8411,3.6134
17.6852,0.8025,3.4492
17.6854,0.8158,3.5031
17.6856,0.8236,3.5349
17.6858,0.8101,3.4816
17.6860,0.8093,3.4769
17.6862,0.8319,3.5738
17.6864,0.8043,3.4585
17.6866,0.7633,3.2807
17.6868,0.7453,3.2034
17.6870,0.7476,3.2176
17.6872,0.658,2.8374
17.6874,0.615,2.6481
17.6876,0.6315,2.7194
17.6878,0.6169,2.6564
17.6880,0.6886,2.9596
17.6882,0.7132,3.0695
17.6884,0.5989,2.5789
17.6886,0.6004,2.5863
17.6888,0.6655,2.8641
17.6890,0.7101,3.0547
17.6892,0.6992,3.0133
17.6894,0.6265,2.6977
17.6896,0.6698,2.8854
17.6898,0.6158,2.6517
17.6900,0.5963,2.5688
17.6902,0.5929,2.5543
17.6904,0.6306,2.714
17.6906,0.6591,2.8394
17.6908,0.6017,2.5932
17.6910,0.5741,2.4755
17.6912,0.5743,2.4754
17.6914,0.6216,2.6715
17.6916,0.7306,3.1458
17.6918,0.6833,2.9383
17.6920,0.6966,2.9969
17.6922,0.639,2.7552
17.6924,0.5316,2.2967
17.6926,0.4764,2.0551
17.6928,0.4778,2.0622
17.6930,0.4793,2.0675
17.6932,0.5128,2.2123
17.6934,0.5297,2.2842
17.6936,0.5229,2.2537
17.6938,0.5284,2.2796
17.6940,0.5287,2.2806
17.6942,0.5265,2.2692
17.6944,0.5257,2.2677
17.6946,0.5239,2.2578
17.6948,0.5921,2.5448
17.6950,0.759,3.2576
17.6952,0.7476,3.2206
17.6954,0.5517,2.3788
17.6956,0.5314,2.2904
17.6958,0.5309,2.2883
17.6960,0.5304,2.2884
17.6962,0.5282,2.2775
17.6964,0.5281,2.2738
17.6966,0.5628,2.4258
17.6968,0.5355,2.3079
17.6970,0.5579,2.4012
17.6972,0.6199,2.6705
17.6974,0.6367,2.7416
17.6976,0.6301,2.7119
17.6978,0.6751,2.9054
17.6980,0.6914,2.9728
17.6982,0.7746,3.3276
17.6984,0.715,3.0758
17.6986,0.6591,2.8342
17.6988,0.7396,3.1801
17.6990,0.7322,3.1487
17.6992,0.7228,3.1094
17.6994,0.7203,3.0985
17.6996,0.6477,2.7891
17.6998,0.6267,2.7
17.7000,0.6239,2.6838
17.7002,0.6423,2.762
17.7004,0.7033,3.0216
17.7006,0.7742,3.3291
17.7008,0.7412,3.1858
17.7010,0.7203,3.1
17.7012,0.6502,2.7999
17.7014,0.6886,2.9569
17.7016,0.7747,3.3327
17.7018,0.6953,2.9912
17.7020,0.6704,2.8813
17.7022,0.741,3.1863
17.7024,0.7207,3.1035
17.7026,0.6711,2.8897
17.7028,0.648,2.7875
17.7030,0.6828,2.9376
17.7032,0.6763,2.9092
17.7034,0.6716,2.8891
17.7036,0.6893,2.9668
17.7038,0.6857,2.9486
17.7040,0.6812,2.9263
17.7042,0.7286,3.1332
17.7044,0.7061,3.0405
17.7046,0.6677,2.8699
17.7048,0.7294,3.1348
17.7050,0.7442,3.2017
17.7052,0.7151,3.0735
17.7054,0.7197,3.096
17.7056,0.6777,2.9127
17.7058,0.7192,3.0953
17.7060,0.7037,3.0302
17.7062,0.6951,2.9902
17.7064,0.7005,3.012
17.7066,0.7035,3.0263
17.7068,0.6626,2.8504
17.7070,0.5632,2.433
17.7072,0.4171,1.8012
17.7074,0.4669,2.0123
17.7076,0.5167,2.2299
17.7078,0.4929,2.1255
17.7080,0.5537,2.3843
17.7082,0.5609,2.4175
17.7084,0.4891,2.1099
17.7086,0.4862,2.0975
17.7088,0.4928,2.124
17.7090,0.5132,2.2108
17.7092,0.6121,2.6345
17.7094,0.7219,3.0985
17.7096,0.8045,3.4547
17.7098,0.7713,3.3183
17.7100,0.717,3.0832
17.7102,0.7246,3.1157
17.7104,0.7426,3.1915
17.7106,0.7277,3.1276
17.7108,0.7768,3.3358
17.7110,0.8312,3.569
17.7112,0.8412,3.6072
17.7114,0.8701,3.7329
17.7116,0.8526,3.6629
17.7118,0.7761,3.3327
17.7120,0.7869,3.3743
17.7122,0.8873,3.8047
17.7124,0.9451,4.0544
17.7126,0.9776,4.1898
17.7128,0.9812,4.2033
17.7130,0.9809,4.2003
17.7132,0.9855,4.2238
17.7134,0.9193,3.9419
17.7136,0.9385,4.0223
17.7138,0.9866,4.2304
17.7140,0.9646,4.1382
17.7142,0.9339,4.0047
17.7144,0.905,3.8844
17.7146,0.9121,3.9093
17.7148,0.9481,4.0691
17.7150,0.8373,3.6003
17.7152,0.8176,3.5108
17.7154,0.8054,3.4615
17.7156,0.749,3.2208
17.7158,0.7363,3.1691
17.7160,0.7327,3.1507
17.7162,0.7303,3.1389
17.7164,0.7122,3.0683
17.7166,0.6671,2.87
17.7168,0.7532,3.2389
17.7170,0.7274,3.1309
17.7172,0.6945,2.9918
17.7174,0.6896,2.9665
17.7176,0.7091,3.0491
17.7178,0.72,3.0975
17.7180,0.7168,3.0807
17.7182,0.7921,3.4091
17.7184,0.7141,3.0751
17.7186,0.7004,3.0185
17.7188,0.642,2.7617
17.7190,0.7049,3.0311
17.7192,0.7768,3.342
17.7194,0.7366,3.1702
17.7196,0.7239,3.1184
17.7198,0.6424,2.7702
17.7200,0.5593,2.413
17.7202,0.5104,2.203
17.7204,0.5589,2.4076
17.7206,0.6614,2.8413
17.7208,0.737,3.1752
17.7210,0.5651,2.439
17.7212,0.5011,2.1596
17.7214,0.5688,2.4493
17.7216,0.6482,2.7911
17.7218,0.6288,2.7113
17.7220,0.609,2.6259
17.7222,0.6313,2.7171
17.7224,0.656,2.8247
17.7226,0.6476,2.7872
17.7228,0.6426,2.7681
17.7230,0.6265,2.6952
17.7232,0.6261,2.6974
17.7234,0.6566,2.8273
17.7236,0.6483,2.7903
17.7238,0.6069,2.6196
17.7240,0.5096,2.1994
17.7242,0.4858,2.0989
17.7244,0.485,2.0913
17.7246,0.5868,2.5268
17.7248,0.6524,2.8079
17.7250,0.68,2.9279
17.7252,0.6728,2.897
17.7254,0.6493,2.7971
17.7256,0.6295,2.7169
17.7258,0.5319,2.2935
17.7260,0.5047,2.1792
17.7262,0.4252,1.8368
17.7264,0.4147,1.7892
17.7266,0.4249,1.8357
17.7268,0.4266,1.8396
17.7270,0.5251,2.2682
17.7272,0.4559,1.9675
17.7274,0.4439,1.9149
17.7276,0.4457,1.9235
17.7278,0.4501,1.9436
17.7280,0.4488,1.9361
17.7282,0.4667,2.0132
17.7284,0.5195,2.2434
17.7286,0.4803,2.0731
17.7288,0.453,1.956
17.7290,0.4517,1.9494
17.7292,0.4536,1.9577
17.7294,0.4878,2.1023
17.7296,0.5468,2.3576
17.7298,0.565,2.4362
17.7300,0.5551,2.3916
17.7302,0.5592,2.4103
17.7304,0.5584,2.4078
17.7306,0.5689,2.451
17.7308,0.5688,2.4505
17.7310,0.5626,2.4236
17.7312,0.6119,2.6335
17.7314,0.6243,2.6846
17.7316,0.6495,2.7942
17.7318,0.6615,2.8484
17.7320,0.659,2.835
17.7322,0.6658,2.8657
17.7324,0.6219,2.6805
17.7326,0.6014,2.5874
17.7328,0.6445,2.7725
17.7330,0.682,2.9299
17.7332,0.683,2.9408
17.7334,0.5689,2.4521
17.7336,0.5525,2.378
17.7338,0.5984,2.5769
17.7340,0.6276,2.7011
17.7342,0.6572,2.8298
17.7344,0.6321,2.7207
17.7346,0.576,2.4826
17.7348,0.5316,2.2914
17.7350,0.5295,2.281
17.7352,0.5319,2.2935
17.7354,0.5319,2.2935
17.7356,0.5304,2.2852
17.7358,0.5716,2.4612
17.7360,0.6169,2.6551
17.7362,0.6245,2.6876
17.7364,0.5888,2.5379
17.7366,0.5364,2.3121
17.7368,0.5396,2.3234
17.7370,0.6019,2.593
17.7372,0.5213,2.2501
17.7374,0.4548,1.9638
17.7376,0.448,1.9334
17.7378,0.4404,1.899
17.7380,0.4751,2.0484
17.7382,0.5116,2.2061
17.7384,0.5153,2.2201
17.7386,0.5432,2.3399
17.7388,0.5364,2.311
17.7390,0.5454,2.3519
17.7392,0.5168,2.2284
17.7394,0.4971,2.1416
17.7396,0.5157,2.2237
17.7398,0.5474,2.3547
17.7400,0.5755,2.4782
17.7402,0.5089,2.1932
17.7404,0.4986,2.1468
17.7406,0.5296,2.2805
17.7408,0.6181,2.6615
17.7410,0.5659,2.4415
17.7412,0.4908,2.1152
17.7414,0.4763,2.0527
17.7416,0.4674,2.0163
17.7418,0.4767,2.0547
17.7420,0.5012,2.1571
17.7422,0.5705,2.4577
17.7424,0.6105,2.6278
17.7426,0.6713,2.8854
17.7428,0.7284,3.1292
17.7430,0.7014,3.0147
17.7432,0.6915,2.972
17.7434,0.7319,3.1369
17.7436,0.8221,3.5266
17.7438,0.8539,3.6651
17.7440,0.8537,3.6607
17.7442,0.8392,3.6035
17.7444,0.8001,3.4309
17.7446,0.9025,3.8663
17.7448,0.9631,4.12
17.7450,0.9713,4.1573
17.7452,0.9941,4.2528
17.7454,0.9727,4.1668
17.7456,0.9795,4.1981
17.7458,0.9705,4.1576
17.7460,0.9141,3.9125
17.7462,0.9836,4.2096
17.7464,0.9832,4.212
17.7466,0.9566,4.0999
17.7468,0.975,4.1791
17.7470,0.9862,4.2268
17.7472,0.9659,4.1419
17.7474,0.9662,4.1449
17.7476,0.932,3.9964
17.7478,0.9259,3.9702
17.7480,0.9795,4.1981
17.7482,0.9627,4.13
17.7484,0.9248,3.9674
17.7486,0.8604,3.6946
17.7488,0.8626,3.7074
17.7490,0.7551,3.2441
17.7492,0.7713,3.3137
17.7494,0.79,3.394
17.7496,0.8361,3.5901
17.7498,0.8396,3.6
17.7500,0.8887,3.8162
17.7502,0.8954,3.845
17.7504,0.8613,3.6983
17.7506,0.8469,3.6382
17.7508,0.8286,3.5615
17.7510,0.8108,3.4783
17.7512,0.833,3.5767
17.7514,0.8277,3.5541
17.7516,0.8267,3.5516
17.7518,0.8344,3.5829
17.7520,0.8285,3.5577
17.7522,0.8284,3.5588
17.7524,0.8521,3.6608
17.7526,0.8372,3.5948
17.7528,0.7581,3.2631
17.7530,0.7098,3.0551
17.7532,0.7083,3.0484
17.7534,0.6881,2.963
17.7536,0.6755,2.9075
17.7538,0.7206,3.1001
17.7540,0.7421,3.1939
17.7542,0.6862,2.9534
17.7544,0.6682,2.8773
17.7546,0.7036,3.0254
17.7548,0.7511,3.2296
17.7550,0.7057,3.0446
17.7552,0.6029,2.5996
17.7554,0.6056,2.609
17.7556,0.5707,2.4599
17.7558,0.5671,2.4466
17.7560,0.5597,2.4134
17.7562,0.5713,2.4625
17.7564,0.5711,2.4614
17.7566,0.5827,2.5104
17.7568,0.6235,2.6885
17.7570,0.5816,2.5116
17.7572,0.5289,2.2806
17.7574,0.5101,2.2014
17.7576,0.5235,2.2563
17.7578,0.5926,2.5516
17.7580,0.6662,2.8619
17.7582,0.7538,3.24
17.7584,0.7047,3.0371
17.7586,0.591,2.5519
17.7588,0.556,2.3974
17.7590,0.5798,2.4957
17.7592,0.6259,2.6988
17.7594,0.5602,2.4166
17.7596,0.5348,2.3048
17.7598,0.5354,2.3085
17.7600,0.5435,2.3447
17.7602,0.5499,2.3722
17.7604,0.5808,2.5021
17.7606,0.5656,2.4377
17.7608,0.5802,2.5019
17.7610,0.5543,2.3891
17.7612,0.5442,2.3413
17.7614,0.697,2.9957
17.7616,0.7508,3.2361
17.7618,0.5954,2.5663
17.7620,0.5629,2.4252
17.7622,0.6179,2.6617
17.7624,0.6222,2.6778
17.7626,0.6282,2.7049
17.7628,0.6495,2.7955
17.7630,0.6694,2.8785
17.7632,0.6881,2.9617
17.7634,0.7144,3.0718
17.7636,0.742,3.1919
17.7638,0.7237,3.112
17.7640,0.7074,3.0433
17.7642,0.7134,3.0691
17.7644,0.7224,3.1064
17.7646,0.7251,3.1148
17.7648,0.7705,3.3116
17.7650,0.7682,3.3018
17.7652,0.8015,3.4451
17.7654,0.7417,3.1909
17.7656,0.7192,3.0939
17.7658,0.72,3.0932
17.7660,0.7664,3.291
17.7662,0.7855,3.3744
17.7664,0.7609,3.2734
17.7666,0.6512,2.804
17.7668,0.6297,2.7129
17.7670,0.673,2.8953
17.7672,0.7264,3.1205
17.7674,0.7613,3.2734
17.7676,0.7369,3.1732
17.7678,0.6376,2.7444
17.7680,0.6458,2.7769
17.7682,0.7018,3.0205
17.7684,0.6442,2.7767
17.7686,0.6469,2.7816
17.7688,0.7504,3.2265
17.7690,0.6752,2.9086
17.7692,0.6754,2.9097
17.7694,0.6051,2.6058
17.7696,0.6209,2.6771
17.7698,0.6146,2.6453
17.7700,0.6983,3.0041
17.7702,0.6796,2.9264
17.7704,0.6412,2.7625
17.7706,0.6385,2.7506
17.7708,0.6008,2.5884
17.7710,0.6033,2.598
17.7712,0.6304,2.7122
17.7714,0.6773,2.9166
17.7716,0.6276,2.7011
17.7718,0.6523,2.8126
17.7720,0.5415,2.3359
17.7722,0.4796,2.0681
17.7724,0.4947,2.1342
17.7726,0.5109,2.203
17.7728,0.5258,2.2661
17.7730,0.4504,1.9473
17.7732,0.402,1.7376
17.7734,0.3965,1.713
17.7736,0.3916,1.6909
17.7738,0.4446,1.9162
17.7740,0.5128,2.2123
17.7742,0.4869,2.0977
17.7744,0.4867,2.0986
17.7746,0.4898,2.111
17.7748,0.5352,2.308
17.7750,0.5057,2.1798
17.7752,0.5683,2.4518
17.7754,0.5146,2.2201
17.7756,0.496,2.1369
17.7758,0.5355,2.3069
17.7760,0.5659,2.4381
17.7762,0.6193,2.6642
17.7764,0.5856,2.5193
17.7766,0.6343,2.73
17.7768,0.7012,3.0151
17.7770,0.7414,3.1864
17.7772,0.7815,3.3512
17.7774,0.8627,3.701
17.7776,0.8619,3.6957
17.7778,0.8513,3.6555
17.7780,0.8445,3.6194
17.7782,0.9703,4.1566
17.7784,0.9902,4.2418
17.7786,0.9656,4.1385
17.7788,0.9723,4.1672
17.7790,0.9691,4.1495
17.7792,0.9665,4.1387
17.7794,0.981,4.2106
17.7796,0.9134,3.9186
17.7798,0.9466,4.0554
17.7800,0.9957,4.2675
17.7802,0.9719,4.1657
17.7804,0.9813,4.2058
17.7806,0.9989,4.2813
17.7808,0.937,4.018
17.7810,0.945,4.0482
17.7812,0.9513,4.0849
17.7814,0.8619,3.7026
17.7816,0.847,3.637
17.7818,0.9062,3.8823
17.7820,0.9651,4.1383
17.7822,0.9368,4.0226
17.7824,0.8312,3.5757
17.7826,0.767,3.2951
17.7828,0.7965,3.4218
17.7830,0.8019,3.4434
17.7832,0.8266,3.5544
17.7834,0.8349,3.5867
17.7836,0.8723,3.7491
17.7838,0.8188,3.5193
17.7840,0.7818,3.36
17.7842,0.7815,3.3621
17.7844,0.7307,3.142
17.7846,0.7751,3.3343
17.7848,0.7579,3.256
17.7850,0.8032,3.4507
17.7852,0.8421,3.6176
17.7854,0.8551,3.6703
17.7856,0.8628,3.7084
17.7858,0.8129,3.5021
17.7860,0.6385,2.7544
17.7862,0.6159,2.6559
17.7864,0.5874,2.5329
17.7866,0.608,2.6182
17.7868,0.6523,2.8087
17.7870,0.6568,2.8283
17.7872,0.6758,2.9112
17.7874,0.6796,2.9291
17.7876,0.5918,2.5556
17.7878,0.5458,2.3535
17.7880,0.5856,2.5251
17.7882,0.5855,2.5269
17.7884,0.5194,2.2408
17.7886,0.5219,2.2485
17.7888,0.6393,2.7504
17.7890,0.645,2.7798
17.7892,0.5988,2.582
17.7894,0.5783,2.4947
17.7896,0.542,2.338
17.7898,0.5193,2.2413
17.7900,0.4994,2.1554
17.7902,0.499,2.1518
17.7904,0.5462,2.355
17.7906,0.5179,2.2351
17.7908,0.5103,2.2035
17.7910,0.5044,2.1721
17.7912,0.6066,2.6132
17.7914,0.6192,2.6699
17.7916,0.5898,2.5444
17.7918,0.5312,2.2893
17.7920,0.5195,2.2402
17.7922,0.5429,2.34
17.7924,0.5611,2.4185
17.7926,0.5435,2.3458
17.7928,0.4735,2.0455
17.7930,0.4459,1.9264
17.7932,0.4478,1.9338
17.7934,0.4434,1.9128
17.7936,0.4474,1.9308
17.7938,0.4474,1.9299
17.7940,0.4476,1.9318
17.7942,0.4457,1.9244
17.7944,0.4472,1.9321
17.7946,0.4501,1.9445
17.7948,0.4505,1.9442
17.7950,0.4476,1.9309
17.7952,0.4463,1.927
17.7954,0.4472,1.9294
17.7956,0.4511,1.9441
17.7958,0.4483,1.9349
17.7960,0.4482,1.9362
17.7962,0.4456,1.9221
17.7964,0.4459,1.9246
17.7966,0.4975,2.1441
17.7968,0.5493,2.3674
17.7970,0.555,2.3911
17.7972,0.5563,2.3979
17.7974,0.5579,2.4012
17.7976,0.6045,2.6032
17.7978,0.5659,2.4392
17.7980,0.5596,2.4118
17.7982,0.5706,2.4582
17.7984,0.6316,2.7211
17.7986,0.5896,2.5398
17.7988,0.5849,2.5138
17.7990,0.6958,2.9919
17.7992,0.7183,3.0845
17.7994,0.7882,3.3815
17.7996,0.7814,3.3647
17.7998,0.5785,2.4958
17.8000,0.5397,2.3239
17.8002,0.6104,2.6248
17.8004,0.6328,2.7225
17.8006,0.684,2.9428
17.8008,0.7116,3.0614
17.8010,0.6412,2.7586
17.8012,0.695,2.9883
17.8014,0.6745,2.9055
17.8016,0.5827,2.5127
17.8018,0.5567,2.3972
17.8020,0.6077,2.6154
17.8022,0.6134,2.6414
17.8024,0.6342,2.7282
17.8026,0.6192,2.6649
17.8028,0.6422,2.764
17.8030,0.6735,2.9001
17.8032,0.6132,2.6428
17.8034,0.5309,2.2883
17.8036,0.5187,2.2356
17.8038,0.6086,2.6195
17.8040,0.6199,2.6668
17.8042,0.671,2.8852
17.8044,0.6753,2.9078
17.8046,0.6593,2.8339
17.8048,0.7171,3.0894
17.8050,0.615,2.6493
17.8052,0.5608,2.4181
17.8054,0.4976,2.1426
17.8056,0.5482,2.3572
17.8058,0.6349,2.7287
17.8060,0.6575,2.8327
17.8062,0.591,2.546
17.8064,0.6344,2.7267
17.8066,0.6566,2.826
17.8068,0.5957,2.5638
17.8070,0.62,2.6698
17.8072,0.5941,2.5583
17.8074,0.6092,2.6197
17.8076,0.6145,2.6436
17.8078,0.5936,2.5574
17.8080,0.5466,2.3582
17.8082,0.4968,2.14
17.8084,0.5625,2.4186
17.8086,0.6236,2.6865
17.8088,0.5771,2.4861
17.8090,0.5688,2.4471
17.8092,0.6185,2.6631
17.8094,0.6388,2.7483
17.8096,0.6826,2.9325
17.8098,0.7487,3.2163
17.8100,0.7355,3.1611
17.8102,0.7609,3.2643
17.8104,0.7842,3.3688
17.8106,0.7302,3.1399
17.8108,0.7529,3.2298
17.8110,0.9297,3.9811
17.8112,0.9598,4.11
17.8114,0.9705,4.1556
17.8116,0.9477,4.0619
17.8118,0.8962,3.8427
17.8120,0.8904,3.8251
17.8122,0.7891,3.3883
17.8124,0.8073,3.4682
17.8126,0.8418,3.6165
17.8128,0.8566,3.673
17.8130,0.8827,3.7869
17.8132,0.9119,3.9101
17.8134,0.9285,3.9797
17.8136,0.9258,3.9734
17.8138,0.9049,3.8784
17.8140,0.9102,3.9047
17.8142,0.9254,3.9682
17.8144,0.9815,4.2088
17.8146,0.923,3.9542
17.8148,0.9125,3.9144
17.8150,0.9192,3.9488
17.8152,0.7947,3.4157
17.8154,0.8002,3.4346
17.8156,0.8474,3.6419
17.8158,0.7874,3.3842
17.8160,0.7643,3.2833
17.8162,0.794,3.411
17.8164,0.7963,3.4192
17.8166,0.8185,3.5177
17.8168,0.7794,3.3466
17.8170,0.8364,3.595
17.8172,0.8274,3.5498
17.8174,0.8568,3.6826
17.8176,0.7736,3.3265
17.8178,0.7468,3.211
17.8180,0.7607,3.2663
17.8182,0.7459,3.2074
17.8184,0.7004,3.0115
17.8186,0.7498,3.2254
17.8188,0.73,3.1389
17.8190,0.7369,3.1732
17.8192,0.6283,2.7042
17.8194,0.6589,2.8344
17.8196,0.6987,3.0057
17.8198,0.6367,2.7428
17.8200,0.6158,2.6517
17.8202,0.6604,2.8464
17.8204,0.5939,2.5584
17.8206,0.6012,2.5887
17.8208,0.6975,3.0019
17.8210,0.7333,3.1577
17.8212,0.6242,2.6891
17.8214,0.5968,2.5672
17.8216,0.6578,2.8311
17.8218,0.6816,2.9311
17.8220,0.733,3.1532
17.8222,0.7044,3.0319
17.8224,0.7306,3.1429
17.8226,0.7109,3.0569
17.8228,0.7095,3.0521
17.8230,0.7008,3.015
17.8232,0.7236,3.1144
17.8234,0.6849,2.9477
17.8236,0.6725,2.8973
17.8238,0.6855,2.9531
17.8240,0.6994,3.006
17.8242,0.7416,3.1889
17.8244,0.7392,3.1786
17.8246,0.7349,3.1615
17.8248,0.6891,2.9699
17.8250,0.5661,2.4431
17.8252,0.508,2.1926
17.8254,0.5095,2.1989
17.8256,0.5598,2.4151
17.8258,0.5451,2.3504
17.8260,0.5367,2.3131
17.8262,0.5303,2.2868
17.8264,0.5234,2.2578
17.8266,0.5159,2.2258
17.8268,0.5137,2.2159
17.8270,0.5343,2.3049
17.8272,0.5402,2.3303
17.8274,0.5869,2.5249
17.8276,0.6477,2.7929
17.8278,0.5489,2.368
17.8280,0.5087,2.1937
17.8282,0.5127,2.2118
17.8284,0.5121,2.2082
17.8286,0.5096,2.1994
17.8288,0.5096,2.1994
17.8290,0.5133,2.2123
17.8292,0.5149,2.2191
17.8294,0.5724,2.4637
17.8296,0.7095,3.0493
17.8298,0.7526,3.2363
17.8300,0.671,2.8892
17.8302,0.6248,2.6904
17.8304,0.6207,2.6741
17.8306,0.6218,2.6763
17.8308,0.6779,2.9137
17.8310,0.7579,3.259
17.8312,0.7873,3.3822
17.8314,0.7885,3.3842
17.8316,0.7772,3.3358
17.8318,0.7874,3.3827
17.8320,0.791,3.4013
17.8322,0.7253,3.1217
17.8324,0.6132,2.6428
17.8326,0.5896,2.541
17.8328,0.5898,2.5397
17.8330,0.5858,2.5215
17.8332,0.6424,2.7625
17.8334,0.684,2.9428
17.8336,0.7233,3.1129
17.8338,0.7033,3.0272
17.8340,0.7065,3.0364
17.8342,0.7031,3.0234
17.8344,0.6839,2.9422
17.8346,0.7015,3.0195
17.8348,0.7004,3.0129
17.8350,0.6439,2.7751
17.8352,0.6271,2.7028
17.8354,0.6104,2.6285
17.8356,0.6357,2.7362
17.8358,0.601,2.5925
17.8360,0.511,2.2035
17.8362,0.5831,2.5084
17.8364,0.6379,2.7416
17.8366,0.618,2.6635
17.8368,0.5493,2.3696
17.8370,0.5641,2.4281
17.8372,0.6284,2.7072
17.8374,0.5821,2.5078
17.8376,0.6378,2.7526
17.8378,0.4444,1.9196
17.8380,0.3845,1.6588
17.8382,0.4169,1.7985
17.8384,0.4146,1.792
17.8386,0.4005,1.7309
17.8388,0.383,1.6552
17.8390,0.379,1.6366
17.8392,0.3972,1.7161
17.8394,0.3968,1.714
17.8396,0.4224,1.8189
17.8398,0.5685,2.4501
17.8400,0.4938,2.1301
17.8402,0.4874,2.1027
17.8404,0.492,2.1223
17.8406,0.4831,2.0811
17.8408,0.5604,2.4143
17.8410,0.535,2.308
17.8412,0.5056,2.1782
17.8414,0.5258,2.2619
17.8416,0.5984,2.5781
17.8418,0.5984,2.5757
17.8420,0.6484,2.787
17.8422,0.6897,2.9642
17.8424,0.7408,3.1853
17.8426,0.7713,3.309
17.8428,0.7962,3.4187
17.8430,0.799,3.431
17.8432,0.8249,3.5406
17.8434,0.7956,3.4161
17.8436,0.827,3.551
17.8438,0.861,3.6921
17.8440,0.8733,3.741
17.8442,0.9842,4.2142
17.8444,1.0015,4.2906
17.8446,0.9682,4.1478
17.8448,0.9686,4.1455
17.8450,0.971,4.1558
17.8452,0.9686,4.1532
17.8454,0.9609,4.1223
17.8456,0.9227,3.9526
17.8458,0.9566,4.0961
17.8460,0.991,4.2434
17.8462,0.9748,4.178
17.8464,0.95,4.0698
17.8466,0.9836,4.2136
17.8468,0.973,4.1742
17.8470,0.9533,4.0918
17.8472,0.9219,3.9514
17.8474,0.9464,4.06
17.8476,0.9475,4.0609
17.8478,0.956,4.0935
17.8480,0.9567,4.1043
17.8482,0.8809,3.7845
17.8484,0.8645,3.7156
17.8486,0.8174,3.5098
17.8488,0.8463,3.6356
17.8490,0.781,3.3585
17.8492,0.7754,3.3343
17.8494,0.7659,3.2966
17.8496,0.7663,3.2935
17.8498,0.7948,3.4162
17.8500,0.756,3.2553
17.8502,0.729,3.1333
17.8504,0.8358,3.5908
17.8506,0.8318,3.5749
17.8508,0.7316,3.1505
17.8510,0.7153,3.0731
17.8512,0.877,3.7622
17.8514,0.8764,3.7649
17.8516,0.8762,3.7644
17.8518,0.8282,3.5677
17.8520,0.6403,2.757
17.8522,0.6019,2.5942
17.8524,0.6119,2.6371
17.8526,0.5602,2.4178
17.8528,0.4867,2.1005
17.8530,0.4711,2.0333
17.8532,0.4862,2.0994
17.8534,0.4879,2.1077
17.8536,0.4888,2.1069
17.8538,0.547,2.3543
17.8540,0.6436,2.7715
17.8542,0.646,2.7831
17.8544,0.6016,2.5903
17.8546,0.6245,2.6914
17.8548,0.6528,2.8134
17.8550,0.6465,2.7865
17.8552,0.5946,2.5615
17.8554,0.5992,2.5835
17.8556,0.591,2.5484
17.8558,0.5159,2.2268
17.8560,0.4657,2.0118
17.8562,0.4239,1.8302
17.8564,0.4945,2.1342
17.8566,0.5097,2.2019
17.8568,0.4507,1.9471
17.8570,0.4453,1.9238
17.8572,0.4471,1.9298
17.8574,0.4463,1.9252
17.8576,0.4747,2.0469
17.8578,0.5235,2.2573
17.8580,0.5201,2.246
17.8582,0.4562,1.9682
17.8584,0.4495,1.9419
17.8586,0.4471,1.9307
17.8588,0.4441,1.9159
17.8590,0.4438,1.9144
17.8592,0.449,1.9389
17.8594,0.4481,1.9339
17.8596,0.4489,1.9366
17.8598,0.4462,1.9247
17.8600,0.5018,2.1647
17.8602,0.5215,2.2506
17.8604,0.4579,1.9754
17.8606,0.4554,1.9655
17.8608,0.452,1.9519
17.8610,0.4488,1.9352
17.8612,0.4698,2.0247
17.8614,0.5179,2.2299
17.8616,0.5675,2.4459
17.8618,0.5808,2.5021
17.8620,0.63,2.7126
17.8622,0.5917,2.5479
17.8624,0.5969,2.5689
17.8626,0.6578,2.8298
17.8628,0.6996,3.007
17.8630,0.7296,3.1344
17.8632,0.7276,3.1271
17.8634,0.7079,3.0482
17.8636,0.6408,2.7578
17.8638,0.6593,2.8365
17.8640,0.6604,2.8411
17.8642,0.7117,3.0591
17.8644,0.7176,3.0829
17.8646,0.7249,3.1158
17.8648,0.717,3.0832
17.8650,0.7165,3.0782
17.8652,0.767,3.2966
17.8654,0.7862,3.3838
17.8656,0.6812,2.9304
17.8658,0.6448,2.778
17.8660,0.5477,2.3585
17.8662,0.5512,2.3767
17.8664,0.5354,2.3064
17.8666,0.5842,2.5166
17.8668,0.6295,2.7106
17.8670,0.6579,2.8316
17.8672,0.6554,2.8182
17.8674,0.6884,2.9613
17.8676,0.6545,2.8211
17.8678,0.5954,2.5616
17.8680,0.6667,2.8693
17.8682,0.639,2.7526
17.8684,0.5898,2.5373
17.8686,0.5984,2.5781
17.8688,0.5934,2.5564
17.8690,0.5414,2.3354
17.8692,0.5205,2.2433
17.8694,0.5734,2.4678
17.8696,0.6188,2.6609
17.8698,0.6454,2.7767
17.8700,0.7007,3.0159
17.8702,0.6632,2.8543
17.8704,0.576,2.4826
17.8706,0.5231,2.2537
17.8708,0.5257,2.2666
17.8710,0.5369,2.3131
17.8712,0.5611,2.414
17.8714,0.6185,2.6631
17.8716,0.6016,2.5927
17.8718,0.5851,2.5184
17.8720,0.6057,2.6071
17.8722,0.6212,2.6737
17.8724,0.6469,2.7867
17.8726,0.5635,2.4266
17.8728,0.5836,2.5117
17.8730,0.5968,2.5696
17.8732,0.6066,2.612
17.8734,0.5996,2.5832
17.8736,0.6077,2.6178
17.8738,0.5928,2.5502
17.8740,0.6111,2.6316
17.8742,0.6057,2.6084
17.8744,0.614,2.644
17.8746,0.586,2.5232
17.8748,0.6068,2.613
17.8750,0.6258,2.6946
17.8752,0.6544,2.8154
17.8754,0.6918,2.9708
17.8756,0.7315,3.1426
17.8758,0.7062,3.0339
17.8760,0.7191,3.0862
17.8762,0.8087,3.4711
17.8764,0.8375,3.5913
17.8766,0.8542,3.6679
17.8768,0.8157,3.4993
17.8770,0.8833,3.7877
17.8772,0.8813,3.7825
17.8774,0.8537,3.6607
17.8776,0.9229,3.95
17.8778,0.9837,4.2121
17.8780,0.9995,4.2819
17.8782,1.0061,4.3061
17.8784,1.0005,4.288
17.8786,0.9881,4.237
17.8788,0.9372,4.0223
17.8790,0.8597,3.683
17.8792,0.9433,4.0391
17.8794,1.0015,4.2946
17.8796,0.9569,4.1053
17.8798,0.9867,4.2289
17.8800,1.0053,4.3045
17.8802,0.9713,4.1651
17.8804,0.9574,4.1035
17.8806,0.961,4.1189
17.8808,0.9485,4.0636
17.8810,1.0031,4.2993
17.8812,1.0131,4.342
17.8814,1.0475,4.4853
17.8816,1.0128,4.3409
17.8818,0.9941,4.2687
17.8820,0.8938,3.836
17.8822,0.9072,3.89
17.8824,0.9399,4.0304
17.8826,0.9326,4.0065
17.8828,0.8997,3.8653
17.8830,0.9165,3.9319
17.8832,0.953,4.0864
17.8834,0.9697,4.1598
17.8836,0.9673,4.1457
17.8838,0.9884,4.2341
17.8840,0.9888,4.2421
17.8842,0.9149,3.9302
17.8844,0.8736,3.753
17.8846,0.8822,3.7884
17.8848,0.8758,3.7658
17.8850,0.7911,3.4018
17.8852,0.8045,3.4547
17.8854,0.8168,3.5138
17.8856,0.7801,3.3528
17.8858,0.7755,3.3348
17.8860,0.7872,3.3864
17.8862,0.7748,3.3332
17.8864,0.7574,3.2584
17.8866,0.7689,3.308
17.8868,0.749,3.2208
17.8870,0.7303,3.1448
17.8872,0.7188,3.0952
17.8874,0.7013,3.0184
17.8876,0.6993,3.0111
17.8878,0.6784,2.9212
17.8880,0.7271,3.1323
17.8882,0.6428,2.7705
17.8884,0.5988,2.5796
17.8886,0.6452,2.7795
17.8888,0.6597,2.846
17.8890,0.5964,2.574
17.8892,0.601,2.5901
17.8894,0.6312,2.7229
17.8896,0.5761,2.4854
17.8898,0.5751,2.4808
17.8900,0.59,2.5395
17.8902,0.661,2.8464
17.8904,0.6619,2.8487
17.8906,0.7295,3.1412
17.8908,0.6758,2.9166
17.8910,0.5247,2.2656
17.8912,0.4942,2.1321
17.8914,0.5505,2.3736
17.8916,0.5747,2.4769
17.8918,0.6464,2.7821
17.8920,0.6501,2.7994
17.8922,0.6476,2.7911
17.8924,0.5939,2.5608
17.8926,0.5451,2.3515
17.8928,0.5409,2.3344
17.8930,0.544,2.3479
17.8932,0.5406,2.3312
17.8934,0.5295,2.2832
17.8936,0.5275,2.2765
17.8938,0.5739,2.4733
17.8940,0.5988,2.5832
17.8942,0.5352,2.308
17.8944,0.533,2.3014
17.8946,0.5265,2.2723
17.8948,0.5273,2.276
17.8950,0.5298,2.2858
17.8952,0.5295,2.281
17.8954,0.5283,2.278
17.8956,0.5777,2.4875
17.8958,0.6502,2.8012
17.8960,0.6457,2.779
17.8962,0.6421,2.7648
17.8964,0.6361,2.739
17.8966,0.6375,2.7439
17.8968,0.6428,2.7653
17.8970,0.6402,2.754
17.8972,0.7027,3.0232
17.8974,0.7498,3.2239
17.8976,0.7868,3.3801
17.8978,0.7797,3.3544
17.8980,0.7857,3.3786
17.8982,0.7657,3.2986
17.8984,0.6367,2.7403
17.8986,0.6544,2.8193
17.8988,0.6296,2.7111
17.8990,0.6237,2.687
17.8992,0.6496,2.7973
17.8994,0.6225,2.6831
17.8996,0.6167,2.6541
17.8998,0.6999,3.008
17.9000,0.7415,3.1854
17.9002,0.762,3.2735
17.9004,0.7646,3.2848
17.9006,0.7888,3.392
17.9008,0.7562,3.2578
17.9010,0.6486,2.794
17.9012,0.6442,2.7689
17.9014,0.6776,2.9176
17.9016,0.7063,3.0401
17.9018,0.7125,3.065
17.9020,0.6986,3.0038
17.9022,0.7095,3.0507
17.9024,0.7388,3.18
17.9026,0.7047,3.0301
17.9028,0.7081,3.0507
17.9030,0.6102,2.6336
17.9032,0.5357,2.3122
17.9034,0.527,2.2691
17.9036,0.6168,2.6559
17.9038,0.6402,2.7552
17.9040,0.6625,2.8512
17.9042,0.6947,2.9942
17.9044,0.6548,2.8208
17.9046,0.6394,2.7496
17.9048,0.6852,2.952
17.9050,0.6345,2.7323
17.9052,0.6703,2.8834
17.9054,0.6609,2.8445
17.9056,0.6566,2.8299
17.9058,0.6181,2.6615
17.9060,0.6665,2.8701
17.9062,0.6426,2.7694
17.9064,0.6291,2.7141
17.9066,0.5453,2.3514
17.9068,0.5041,2.1746
17.9070,0.5028,2.1669
17.9072,0.5746,2.4753
17.9074,0.5399,2.3314
17.9076,0.5007,2.1621
17.9078,0.4974,2.1446
17.9080,0.5005,2.157
17.9082,0.5975,2.5715
17.9084,0.6442,2.7754
17.9086,0.633,2.723
17.9088,0.658,2.8295
17.9090,0.7056,3.0384
17.9092,0.6623,2.8494
17.9094,0.6792,2.9208
17.9096,0.7194,3.0935
17.9098,0.7384,3.1705
17.9100,0.7748,3.3255
17.9102,0.8403,3.6048
17.9104,0.8496,3.6534
17.9106,0.7283,3.1331
17.9108,0.7345,3.1511
17.9110,0.8942,3.8345
17.9112,0.9662,4.1449
17.9114,0.9229,3.9555
17.9116,0.9219,3.9496
17.9118,0.9221,3.9574
17.9120,0.8464,3.6327
17.9122,0.8689,3.726
17.9124,0.9121,3.9111
17.9126,0.9664,4.1421
17.9128,0.9759,4.1827
17.9130,0.9804,4.2022
17.9132,0.9803,4.2017
17.9134,0.9981,4.2797
17.9136,0.9476,4.0671
17.9138,0.8969,3.8476
17.9140,0.9346,4.0115
17.9142,0.9074,3.8965
17.9144,0.8917,3.8272
17.9146,0.9101,3.9042
17.9148,0.9595,4.1142
17.9150,0.9788,4.1989
17.9152,0.9517,4.0827
17.9154,0.9271,3.9772
17.9156,0.9704,4.1648
17.9158,0.9458,4.0593
17.9160,0.8939,3.8401
17.9162,0.8543,3.6684
17.9164,0.8532,3.6621
17.9166,0.8796,3.7788
17.9168,0.8198,3.5267
17.9170,0.8254,3.5427
17.9172,0.8718,3.7453
17.9174,0.8885,3.8205
17.9176,0.8242,3.5441
17.9178,0.8223,3.5326
17.9180,0.818,3.5189
17.9182,0.7555,3.2562
17.9184,0.6725,2.8959
17.9186,0.6879,2.9648
17.9188,0.6718,2.8928
17.9190,0.689,2.9639
17.9192,0.7421,3.1939
17.9194,0.7982,3.4338
17.9196,0.7418,3.1884
17.9198,0.8155,3.5065
17.9200,0.8227,3.539
17.9202,0.8129,3.4924
17.9204,0.8349,3.5833
17.9206,0.8768,3.7617
17.9208,0.9103,3.9125
17.9210,0.8968,3.8524
17.9212,0.8342,3.5836
17.9214,0.8051,3.4621
17.9216,0.8152,3.5054
17.9218,0.8562,3.6783
17.9220,0.8592,3.6895
17.9222,0.8963,3.8558
17.9224,0.8348,3.5861
17.9226,0.8195,3.524
17.9228,0.7627,3.2872
17.9230,0.6646,2.8685
17.9232,0.5863,2.5282
17.9234,0.6279,2.7051
17.9236,0.7264,3.1263
17.9238,0.7556,3.2552
17.9240,0.6745,2.9069
17.9242,0.5866,2.5293
17.9244,0.5858,2.5273
17.9246,0.6125,2.6373
17.9248,0.6575,2.8367
17.9250,0.6213,2.6792
17.9252,0.606,2.6106
17.9254,0.5876,2.5339
17.9256,0.6141,2.6494
17.9258,0.5739,2.4768
17.9260,0.5303,2.2868
17.9262,0.5719,2.4696
17.9264,0.5296,2.289
17.9266,0.4725,2.0414
17.9268,0.4701,2.0301
17.9270,0.4693,2.0274
17.9272,0.468,2.0207
17.9274,0.4661,2.0115
17.9276,0.4674,2.0163
17.9278,0.4705,2.0307
17.9280,0.4706,2.034
17.9282,0.4874,2.1017
17.9284,0.5158,2.2242
17.9286,0.5368,2.3147
17.9288,0.5858,2.525
17.9290,0.6387,2.7516
17.9292,0.5934,2.5564
17.9294,0.5787,2.494
17.9296,0.5795,2.4999
17.9298,0.5777,2.4898
17.9300,0.5826,2.5087
17.9302,0.6505,2.797
17.9304,0.7177,3.0906
17.9306,0.701,3.0127
17.9308,0.7766,3.3379
17.9310,0.7742,3.3291
17.9312,0.7578,3.257
17.9314,0.7442,3.2002
17.9316,0.7096,3.0583
17.9318,0.6754,2.907
17.9320,0.688,2.9584
17.9322,0.6801,2.9298
17.9324,0.6775,2.9198
17.9326,0.6235,2.6835
17.9328,0.618,2.661
17.9330,0.6397,2.7519
17.9332,0.6782,2.9188
17.9334,0.6932,2.9847
17.9336,0.7453,3.2019
17.9338,0.7213,3.1104
17.9340,0.5577,2.4047
17.9342,0.54,2.3265
17.9344,0.5746,2.4776
17.9346,0.5147,2.2216
17.9348,0.6081,2.6235
17.9350,0.4922,2.1263
17.9352,0.4752,2.0509
17.9354,0.4649,2.0063
17.9356,0.4881,2.1067
17.9358,0.4739,2.0461
17.9360,0.4641,2.0042
17.9362,0.4623,1.9964
17.9364,0.4551,1.9662
17.9366,0.4658,2.0096
17.9368,0.4565,1.971
17.9370,0.4458,1.925
17.9372,0.4814,2.0768
17.9374,0.5131,2.2134
17.9376,0.5066,2.1854
17.9378,0.5066,2.1854
17.9380,0.5205,2.2454
17.9382,0.5468,2.3576
17.9384,0.5647,2.434
17.9386,0.6011,2.5858
17.9388,0.6828,2.9403
17.9390,0.6361,2.7364
17.9392,0.6734,2.8955
17.9394,0.6635,2.8572
17.9396,0.5993,2.5841
17.9398,0.5165,2.2284
17.9400,0.498,2.1452
17.9402,0.5454,2.3508
17.9404,0.5089,2.1942
17.9406,0.5198,2.2413
17.9408,0.5836,2.5117
17.9410,0.6143,2.645
17.9412,0.6321,2.7169
17.9414,0.7193,3.093
17.9416,0.7097,3.0503
17.9418,0.8105,3.4788
17.9420,0.8119,3.4894
17.9422,0.733,3.1532
17.9424,0.6892,2.9636
17.9426,0.747,3.2061
17.9428,0.7844,3.3729
17.9430,0.7557,3.2452
17.9432,0.8066,3.4619
17.9434,0.8724,3.7444
17.9436,0.9104,3.8984
17.9438,1.0195,4.3636
17.9440,1.0091,4.321
17.9442,0.9896,4.2432
17.9444,0.9808,4.1998
17.9446,0.9952,4.2634
17.9448,0.9891,4.2412
17.9450,0.9614,4.1243
17.9452,0.9571,4.0981
17.9454,0.9737,4.1695
17.9456,1.0195,4.3677
17.9458,0.987,4.2324
17.9460,0.9776,4.1879
17.9462,0.9948,4.2678
17.9464,0.9539,4.0924
17.9466,0.9045,3.8769
17.9468,0.9573,4.1049
17.9470,0.956,4.1012
17.9472,0.9369,4.0175
17.9474,0.9111,3.9143
17.9476,0.8555,3.6735
17.9478,0.8465,3.6366
17.9480,0.8145,3.5056
17.9482,0.765,3.2879
17.9484,0.8212,3.5263
17.9486,0.8187,3.5155
17.9488,0.8035,3.4517
17.9490,0.808,3.4777
17.9492,0.8002,3.441
17.9494,0.8127,3.4897
17.9496,0.8531,3.6632
17.9498,0.8561,3.6778
17.9500,0.8655,3.7128
17.9502,0.9221,3.9611
17.9504,0.8535,3.6631
17.9506,0.883,3.7897
17.9508,0.8786,3.7782
17.9510,0.7938,3.4179
17.9512,0.6858,2.9546
17.9514,0.7036,3.0297
17.9516,0.6947,2.9901
17.9518,0.6827,2.9357
17.9520,0.75,3.228
17.9522,0.7387,3.175
17.9524,0.7493,3.2234
17.9526,0.7795,3.3534
17.9528,0.7814,3.3616
17.9530,0.782,3.3626
17.9532,0.7433,3.1991
17.9534,0.706,3.0414
17.9536,0.656,2.8286
17.9538,0.6039,2.6042
17.9540,0.5833,2.5153
17.9542,0.5776,2.4916
17.9544,0.6388,2.7534
17.9546,0.6629,2.8533
17.9548,0.6513,2.8085
17.9550,0.579,2.4967
17.9552,0.5691,2.4538
17.9554,0.6061,2.6111
17.9556,0.6176,2.6632
17.9558,0.5929,2.5578
17.9560,0.5765,2.4858
17.9562,0.5432,2.3443
17.9564,0.5017,2.1652
17.9566,0.527,2.2702
17.9568,0.7135,3.0697
17.9570,0.6928,2.9873
17.9572,0.5858,2.5273
17.9574,0.5614,2.4196
17.9576,0.5703,2.4601
17.9578,0.5712,2.4631
17.9580,0.6097,2.6266
17.9582,0.6629,2.8493
17.9584,0.7573,3.2549
17.9586,0.7139,3.0755
17.9588,0.6069,2.6196
17.9590,0.5411,2.3355
17.9592,0.5548,2.3934
17.9594,0.5644,2.4336
17.9596,0.5715,2.4641
17.9598,0.5574,2.4036
17.9600,0.6016,2.5867
17.9602,0.6922,2.9861
17.9604,0.5748,2.4797
17.9606,0.5917,2.5479
17.9608,0.6644,2.8582
17.9610,0.649,2.796
17.9612,0.6375,2.7464
17.9614,0.6548,2.8169
17.9616,0.6718,2.8901
17.9618,0.67,2.8824
17.9620,0.6668,2.8711
17.9622,0.6647,2.8624
17.9624,0.6775,2.9144
17.9626,0.6693,2.8833
17.9628,0.6581,2.8353
17.9630,0.6705,2.8831
17.9632,0.74,3.1762
17.9634,0.8615,3.6941
17.9636,0.9174,3.9374
17.9638,0.9041,3.8875
17.9640,0.8036,3.4506
17.9642,0.8182,3.5134
17.9644,0.8018,3.4461
17.9646,0.7942,3.4152
17.9648,0.7906,3.4013
17.9650,0.7206,3.103
17.9652,0.7201,3.0966
17.9654,0.7906,3.3997
17.9656,0.7822,3.3637
17.9658,0.7586,3.2636
17.9660,0.7628,3.2801
17.9662,0.8035,3.4549
17.9664,0.7723,3.3193
17.9666,0.7706,3.309
17.9668,0.812,3.4948
17.9670,0.7213,3.1089
17.9672,0.6203,2.6696
17.9674,0.6722,2.8944
17.9676,0.6314,2.7226
17.9678,0.5875,2.5299
17.9680,0.6657,2.8652
17.9682,0.6083,2.6204
17.9684,0.6378,2.7475
17.9686,0.6342,2.7333
17.9688,0.6213,2.678
17.9690,0.651,2.8017
17.9692,0.6791,2.9216
17.9694,0.6655,2.8641
17.9696,0.6531,2.8149
17.9698,0.6466,2.7831
17.9700,0.6782,2.9175
17.9702,0.6989,3.0109
17.9704,0.6763,2.9119
17.9706,0.6772,2.9201
17.9708,0.5498,2.3727
17.9710,0.4569,1.9758
17.9712,0.4153,1.7943
17.9714,0.4141,1.7891
17.9716,0.4544,1.9604
17.9718,0.5891,2.5413
17.9720,0.592,2.5502
17.9722,0.6051,2.6046
17.9724,0.6179,2.663
17.9726,0.6092,2.6245
17.9728,0.6217,2.677
17.9730,0.6177,2.6625
17.9732,0.5528,2.3835
17.9734,0.5581,2.4034
17.9736,0.6204,2.6738
17.9738,0.5892,2.543
17.9740,0.5146,2.2211
17.9742,0.5029,2.1684
17.9744,0.4969,2.1425
17.9746,0.5105,2.2015
17.9748,0.5505,2.3736
17.9750,0.6065,2.6114
17.9752,0.6174,2.6597
17.9754,0.5989,2.5801
17.9756,0.6063,2.6085
17.9758,0.7223,3.103
17.9760,0.7328,3.1512
17.9762,0.7044,3.029
17.9764,0.7085,3.0466
17.9766,0.7623,3.2735
17.9768,0.8786,3.7641
17.9770,0.9423,4.0444
17.9772,0.9352,4.0084
17.9774,0.9851,4.2163
17.9776,0.9976,4.2777
17.9778,0.9861,4.2244
17.9780,1.0019,4.2922
17.9782,0.9647,4.1368
17.9784,0.9547,4.0898
17.9786,1.0387,4.4519
17.9788,1.0063,4.3132
17.9790,0.9887,4.2357
17.9792,0.9803,4.2076
17.9794,0.9225,3.9613
17.9796,0.8976,3.8578
17.9798,0.8854,3.7964
17.9800,0.955,4.0971
17.9802,0.9241,3.9643
17.9804,0.9306,3.9958
17.9806,0.9375,4.0182
17.9808,0.9701,4.1599
17.9810,0.9433,4.0485
17.9812,0.8705,3.7396
17.9814,0.886,3.8025
17.9816,0.9632,4.1301
17.9818,0.9235,3.9655
17.9820,0.8554,3.6764
17.9822,0.8557,3.678
17.9824,0.8385,3.5988
17.9826,0.933,3.9987
17.9828,0.9597,4.1171
17.9830,0.9675,4.1544
17.9832,0.9093,3.9065
17.9834,0.7902,3.4024
17.9836,0.8337,3.5848
17.9838,0.7591,3.2672
17.9840,0.7024,3.0217
17.9842,0.721,3.1031
17.9844,0.7324,3.1521
17.9846,0.6951,2.993
17.9848,0.6977,3.003
17.9850,0.7494,3.2254
17.9852,0.7482,3.2232
17.9854,0.6544,2.8193
17.9856,0.6313,2.7208
17.9858,0.636,2.7423
17.9860,0.7038,3.0293
17.9862,0.7289,3.1386
17.9864,0.7433,3.1976
17.9866,0.6749,2.9076
17.9868,0.5728,2.4721
17.9870,0.535,2.3069
17.9872,0.5693,2.4594
17.9874,0.5103,2.2045
17.9876,0.5,2.158
17.9878,0.4876,2.1056
17.9880,0.4982,2.1512
17.9882,0.5272,2.2733
17.9884,0.547,2.3586
17.9886,0.5653,2.4366
17.9888,0.5451,2.3536
17.9890,0.4915,2.1252
17.9892,0.429,1.8533
17.9894,0.4715,2.0348
17.9896,0.5233,2.2563
17.9898,0.5091,2.1973
17.9900,0.4922,2.1234
17.9902,0.5581,2.4034
17.9904,0.6524,2.8092
17.9906,0.6078,2.6171
17.9908,0.5843,2.5264
17.9910,0.4803,2.0741
17.9912,0.4664,2.014
17.9914,0.464,2.0027
17.9916,0.4781,2.0623
17.9918,0.5285,2.2801
17.9920,0.5535,2.3866
17.9922,0.5709,2.4592
17.9924,0.5806,2.5011
17.9926,0.5876,2.5316
17.9928,0.5918,2.5556
17.9930,0.494,2.1331
17.9932,0.4806,2.0732
17.9934,0.4818,2.0784
17.9936,0.4783,2.0633
17.9938,0.5314,2.2914
17.9940,0.5304,2.2894
17.9942,0.4808,2.0761
17.9944,0.5063,2.1854
17.9946,0.5488,2.3664
17.9948,0.5615,2.419
17.9950,0.5879,2.5326
17.9952,0.5795,2.4964
17.9954,0.5724,2.4648
17.9956,0.6128,2.6376
17.9958,0.6134,2.6438
17.9960,0.5703,2.4589
17.9962,0.5862,2.523
17.9964,0.6899,2.9653
17.9966,0.7385,3.1799
17.9968,0.6715,2.8873
17.9970,0.7258,3.1208
17.9972,0.6746,2.9061
17.9974,0.5608,2.417
17.9976,0.5545,2.3923
17.9978,0.5555,2.3942
17.9980,0.5581,2.4067
17.9982,0.5544,2.3918
17.9984,0.551,2.3757
17.9986,0.5512,2.3745
17.9988,0.5529,2.3829
17.9990,0.6403,2.7558
17.9992,0.6649,2.8616
17.9994,0.6715,2.8859
17.9996,0.7548,3.2426
17.9998,0.8231,3.5378
18.0000,0.7682,3.3003
18.0002,0.717,3.0803
18.0004,0.7307,3.1405
18.0006,0.6792,2.9262
18.0008,0.6454,2.7792
18.0010,0.6735,2.9014
18.0012,0.6426,2.7643
18.0014,0.6571,2.828
18.0016,0.6857,2.9527
18.0018,0.6469,2.7816
18.0020,0.6938,2.9818
18.0022,0.6863,2.9567
18.0024,0.6012,2.5887
18.0026,0.6283,2.7054
18.0028,0.6363,2.74
18.0030,0.6422,2.7666
18.0032,0.6903,2.971
18.0034,0.7026,3.0199
18.0036,0.6916,2.9753
18.0038,0.6476,2.7847
18.0040,0.7285,3.14
18.0042,0.529,2.2853
18.0044,0.4162,1.7987
18.0046,0.4179,1.8035
18.0048,0.5098,2.1984
18.0050,0.4988,2.1518
18.0052,0.5043,2.1736
18.0054,0.489,2.1084
18.0056,0.4987,2.1493
18.0058,0.5482,2.3627
18.0060,0.5114,2.2061
18.0062,0.5165,2.2263
18.0064,0.5748,2.4797
18.0066,0.514,2.2154
18.0068,0.484,2.0882
18.0070,0.4828,2.083
18.0072,0.4826,2.082
18.0074,0.4874,2.1017
18.0076,0.4858,2.095
18.0078,0.505,2.1767
18.0080,0.5441,2.343
18.0082,0.6047,2.6037
18.0084,0.5959,2.5684
18.0086,0.5711,2.458
18.0088,0.6225,2.6744
18.0090,0.7212,3.0983
18.0092,0.7496,3.2204
18.0094,0.7855,3.3744
18.0096,0.8174,3.5065
18.0098,0.8483,3.6393
18.0100,0.8653,3.7123
18.0102,0.8482,3.6421
18.0104,0.8397,3.6039
18.0106,0.8529,3.6605
18.0108,0.8412,3.6089
18.0110,0.8423,3.6186
18.0112,0.8135,3.4933
18.0114,0.8205,3.5216
18.0116,0.8074,3.4671
18.0118,0.7976,3.4249
18.0120,0.8273,3.5492
18.0122,0.8563,3.6789
18.0124,0.8446,3.625
18.0126,0.8482,3.6455
18.0128,0.7966,3.4191
18.0130,0.89,3.82
18.0132,0.8495,3.6444
18.0134,0.8373,3.5936
18.0136,0.8268,3.5505
18.0138,0.8344,3.5846
18.0140,0.838,3.5967
18.0142,0.888,3.8148
18.0144,0.8451,3.6321
18.0146,0.8024,3.4455
18.0148,0.8013,3.4392
18.0150,0.8175,3.5087
18.0152,0.8863,3.7988
18.0154,0.9627,4.13
18.0156,0.8681,3.7293
18.0158,0.8476,3.6345
18.0160,0.8711,3.7387
18.0162,0.8699,3.7371
18.0164,0.8673,3.7188
18.0166,0.8867,3.8074
18.0168,0.8167,3.5116
18.0170,0.7818,3.3616
18.0172,0.821,3.5302
18.0174,0.7153,3.0788
18.0176,0.6959,2.9952
18.0178,0.7608,3.2744
18.0180,0.6747,2.9079
18.0182,0.5777,2.4898
18.0184,0.5938,2.5591
18.0186,0.5952,2.5665
18.0188,0.6218,2.6825
18.0190,0.5788,2.4945
18.0192,0.5996,2.5844
18.0194,0.6445,2.7713
18.0196,0.6734,2.9049
18.0198,0.5677,2.4447
18.0200,0.6488,2.7937
18.0202,0.6795,2.9259
18.0204,0.6731,2.8985
18.0206,0.6763,2.9119
18.0208,0.678,2.9183
18.0210,0.6844,2.9457
18.0212,0.7477,3.2137
18.0214,0.7671,3.2987
18.0216,0.7658,3.2945
18.0218,0.7257,3.1218
18.0220,0.7014,3.0204
18.0222,0.7027,3.0232
18.0224,0.7253,3.1188
18.0226,0.7456,3.2044
18.0228,0.7584,3.2611
18.0230,0.7639,3.2848
18.0232,0.7099,3.0542
18.0234,0.7017,3.02
18.0236,0.697,3.0013
18.0238,0.6746,2.9074
18.0240,0.6051,2.607
18.0242,0.6043,2.6034
18.0244,0.6156,2.6519
18.0246,0.595,2.5631
18.0248,0.6163,2.6526
18.0250,0.6826,2.9393
18.0252,0.6689,2.8818
18.0254,0.6331,2.7311
18.0256,0.5306,2.2889
18.0258,0.5466,2.3571
18.0260,0.5462,2.3528
18.0262,0.5963,2.5604
18.0264,0.7842,3.375
18.0266,0.6188,2.6696
18.0268,0.5336,2.3029
18.0270,0.5319,2.2946
18.0272,0.5288,2.2801
18.0274,0.5245,2.2625
18.0276,0.5557,2.3942
18.0278,0.6231,2.6807
18.0280,0.6677,2.8713
18.0282,0.6725,2.8959
18.0284,0.6399,2.7568
18.0286,0.6462,2.7811
18.0288,0.6369,2.7426
18.0290,0.6486,2.7927
18.0292,0.7203,3.0942
18.0294,0.765,3.2879
18.0296,0.7681,3.2997
18.0298,0.7972,3.4265
18.0300,0.735,3.1649
18.0302,0.6352,2.7354
18.0304,0.6548,2.8182
18.0306,0.7502,3.2305
18.0308,0.7051,3.0364
18.0310,0.6472,2.787
18.0312,0.6386,2.7485
18.0314,0.649,2.7947
18.0316,0.6301,2.7144
18.0318,0.6607,2.8448
18.0320,0.6976,3.001
18.0322,0.7091,3.0491
18.0324,0.7268,3.1269
18.0326,0.7183,3.0903
18.0328,0.7542,3.2355
18.0330,0.8492,3.6463
18.0332,0.7819,3.3637
18.0334,0.7175,3.091
18.0336,0.6201,2.6728
18.0338,0.5616,2.4217
18.0340,0.5609,2.4186
18.0342,0.5596,2.4107
18.0344,0.559,2.4092
18.0346,0.5457,2.3508
18.0348,0.5505,2.3758
18.0350,0.5495,2.3706
18.0352,0.5403,2.3286
18.0354,0.5379,2.3194
18.0356,0.5412,2.3349
18.0358,0.5408,2.3296
18.0360,0.5414,2.3333
18.0362,0.5339,2.3012
18.0364,0.5731,2.4702
18.0366,0.589,2.5349
18.0368,0.6241,2.6873
18.0370,0.6181,2.6665
18.0372,0.531,2.2909
18.0374,0.5362,2.311
18.0376,0.4977,2.1471
18.0378,0.5368,2.3115
18.0380,0.6445,2.7674
18.0382,0.7315,3.1441
18.0384,0.6647,2.865
18.0386,0.5995,2.5851
18.0388,0.5854,2.5206
18.0390,0.5914,2.5476
18.0392,0.5915,2.5481
18.0394,0.6083,2.6168
18.0396,0.6918,2.9818
18.0398,0.5489,2.368
18.0400,0.5072,2.186
18.0402,0.5755,2.4805
18.0404,0.5773,2.4871
18.0406,0.5873,2.5288
18.0408,0.6099,2.6252
18.0410,0.6475,2.7828
18.0412,0.7087,3.0419
18.0414,0.7454,3.2024
18.0416,0.7079,3.044
18.0418,0.7212,3.1027
18.0420,0.7587,3.2565
18.0422,0.8151,3.4984
18.0424,0.805,3.4568
18.0426,0.8524,3.6584
18.0428,0.862,3.6996
18.0430,0.8529,3.6571
18.0432,0.9069,3.8872
18.0434,0.9658,4.1434
18.0436,0.9501,4.0722
18.0438,0.9825,4.209
18.0440,0.9689,4.1509
18.0442,0.9897,4.2418
18.0444,0.9824,4.2065
18.0446,0.9988,4.2808
18.0448,0.9457,4.055
18.0450,0.9611,4.1233
18.0452,0.9608,4.1179
18.0454,0.9783,4.1929
18.0456,0.959,4.1121
18.0458,0.9713,4.1631
18.0460,0.9765,4.1833
18.0462,0.9706,4.1639
18.0464,0.9655,4.1457
18.0466,0.9361,4.0177
18.0468,0.918,3.9399
18.0470,0.8824,3.7871
18.0472,0.9049,3.882
18.0474,0.9027,3.8746
18.0476,0.8776,3.7665
18.0478,0.8254,3.5443
18.0480,0.8544,3.6706
18.0482,0.7668,3.2987
18.0484,0.782,3.3626
18.0486,0.796,3.4214
18.0488,0.7887,3.3931
18.0490,0.7228,3.1094
18.0492,0.7246,3.1157
18.0494,0.7993,3.4353
18.0496,0.8302,3.5699
18.0498,0.8043,3.4585
18.0500,0.7127,3.0703
18.0502,0.6539,2.8159
18.0504,0.6536,2.8157
18.0506,0.6354,2.7359
18.0508,0.6844,2.9402
18.0510,0.7095,3.0535
18.0512,0.6492,2.8004
18.0514,0.584,2.5196
18.0516,0.5873,2.5335
18.0518,0.6212,2.6725
18.0520,0.6483,2.7929
18.0522,0.6452,2.7769
18.0524,0.6857,2.9541
18.0526,0.6682,2.8747
18.0528,0.6777,2.9154
18.0530,0.6845,2.9489
18.0532,0.676,2.9123
18.0534,0.6562,2.8283
18.0536,0.6067,2.6137
18.0538,0.6133,2.6421
18.0540,0.6207,2.6741
18.0542,0.5838,2.522
18.0544,0.5532,2.3855
18.0546,0.5409,2.3344
18.0548,0.5004,2.1595
18.0550,0.5115,2.2077
18.0552,0.496,2.1399
18.0554,0.5012,2.1621
18.0556,0.4833,2.0889
18.0558,0.4146,1.792
18.0560,0.4619,1.9906
18.0562,0.5622,2.4277
18.0564,0.4754,2.0547
18.0566,0.4458,1.9267
18.0568,0.4388,1.894
18.0570,0.447,1.9292
18.0572,0.4454,1.9234
18.0574,0.4402,1.8997
18.0576,0.4392,1.8965
18.0578,0.445,1.9204
18.0580,0.4459,1.9255
18.0582,0.4482,1.9362
18.0584,0.4457,1.9244
18.0586,0.4593,1.9825
18.0588,0.4613,1.9899
18.0590,0.4487,1.9356
18.0592,0.4575,1.9757
18.0594,0.4601,1.9847
18.0596,0.4507,1.9462
18.0598,0.467,2.0147
18.0600,0.5381,2.3193
18.0602,0.5555,2.3942
18.0604,0.5668,2.4394
18.0606,0.6454,2.7754
18.0608,0.6685,2.8744
18.0610,0.69,2.9699
18.0612,0.6758,2.9072
18.0614,0.7145,3.0681
18.0616,0.7864,3.3801
18.0618,0.7183,3.0946
18.0620,0.6667,2.8626
18.0622,0.7911,3.3923
18.0624,0.8151,3.4968
18.0626,0.844,3.6207
18.0628,0.8451,3.6304
18.0630,0.7736,3.3265
18.0632,0.7408,3.1897
18.0634,0.6763,2.9092
18.0636,0.7089,3.0467
18.0638,0.7057,3.0375
18.0640,0.5934,2.5564
18.0642,0.5729,2.4669
18.0644,0.5906,2.5445
18.0646,0.5647,2.434
18.0648,0.5611,2.4197
18.0650,0.5538,2.387
18.0652,0.5372,2.3141
18.0654,0.5685,2.4478
18.0656,0.6337,2.7274
18.0658,0.7101,3.0504
18.0660,0.7656,3.2889
18.0662,0.7257,3.1218
18.0664,0.6036,2.6051
18.0666,0.4735,2.0436
18.0668,0.4563,1.9705
18.0670,0.4409,1.9028
18.0672,0.4543,1.9599
18.0674,0.5008,2.1596
18.0676,0.4984,2.1493
18.0678,0.4988,2.1518
18.0680,0.5017,2.1632
18.0682,0.5287,2.2806
18.0684,0.5066,2.1864
18.0686,0.5233,2.2531
18.0688,0.5826,2.5087
18.0690,0.5574,2.4025
18.0692,0.5079,2.1921
18.0694,0.4917,2.1193
18.0696,0.5187,2.2346
18.0698,0.5242,2.2573
18.0700,0.5513,2.3795
18.0702,0.4332,1.8715
18.0704,0.4168,1.7972
18.0706,0.5243,2.2557
18.0708,0.6498,2.7926
18.0710,0.6451,2.7777
18.0712,0.5398,2.3265
18.0714,0.4984,2.1483
18.0716,0.5346,2.3054
18.0718,0.5251,2.263
18.0720,0.5716,2.4601
18.0722,0.5815,2.5052
18.0724,0.611,2.6311
18.0726,0.6117,2.628
18.0728,0.6993,3.0041
18.0730,0.6885,2.9646
18.0732,0.5416,2.3354
18.0734,0.492,2.1223
18.0736,0.5029,2.1664
18.0738,0.5107,2.201
18.0740,0.5096,2.1973
18.0742,0.5457,2.3497
18.0744,0.6123,2.6306
18.0746,0.7319,3.1383
18.0748,0.7709,3.3131
18.0750,0.6898,2.9703
18.0752,0.6969,2.9952
18.0754,0.7207,3.0963
18.0756,0.7006,3.0097
18.0758,0.7621,3.2679
18.0760,0.825,3.5428
18.0762,0.8498,3.6369
18.0764,0.9882,4.2336
18.0766,0.9525,4.0863
18.0768,0.8982,3.8532
18.0770,0.891,3.8188
18.0772,0.9256,3.9673
18.0774,0.9671,4.1451
18.0776,0.9119,3.9119
18.0778,0.8703,3.7299
18.0780,0.88,3.7768
18.0782,0.8733,3.7445
18.0784,0.932,3.9908
18.0786,0.9502,4.0765
18.0788,0.9071,3.8859
18.0790,0.9415,4.0352
18.0792,0.9368,4.0207
18.0794,0.8814,3.7812
18.0796,0.8738,3.7471
18.0798,0.8892,3.8164
18.0800,0.8974,3.8514
18.0802,0.8954,3.8414
18.0804,0.9098,3.8995
18.0806,0.9162,3.9286
18.0808,0.908,3.8954
18.0810,0.9294,3.9888
18.0812,0.908,3.8954
18.0814,0.9109,3.9096
18.0816,0.9258,3.9715
18.0818,0.9565,4.0994
18.0820,0.9584,4.1057
18.0822,0.9414,4.0384
18.0824,0.9065,3.8833
18.0826,0.9396,4.0345
18.0828,0.9071,3.9004
18.0830,0.784,3.3761
18.0832,0.7097,3.0517
18.0834,0.7399,3.1831
18.0836,0.7647,3.2853
18.0838,0.7743,3.3296
18.0840,0.7719,3.3193
18.0842,0.7646,3.2879
18.0844,0.7706,3.3152
18.0846,0.7651,3.296
18.0848,0.6477,2.7878
18.0850,0.6557,2.8223
18.0852,0.6597,2.8407
18.0854,0.6688,2.8786
18.0856,0.7007,3.0145
18.0858,0.7018,3.0219
18.0860,0.7036,3.0325
18.0862,0.6316,2.7186
18.0864,0.6362,2.7446
18.0866,0.5812,2.5072
18.0868,0.6215,2.6785
18.0870,0.5623,2.4237
18.0872,0.5667,2.4423
18.0874,0.576,2.4826
18.0876,0.5611,2.4208
18.0878,0.5661,2.4397
18.0880,0.5697,2.4564
18.0882,0.5794,2.4971
18.0884,0.5664,2.4447
18.0886,0.4922,2.1243
18.0888,0.4861,2.097
18.0890,0.485,2.0894
18.0892,0.6187,2.6616
18.0894,0.72,3.1033
18.0896,0.5965,2.5734
18.0898,0.555,2.3933
18.0900,0.5418,2.3364
18.0902,0.5429,2.3389
18.0904,0.5885,2.5352
18.0906,0.585,2.5167
18.0908,0.5996,2.582
18.0910,0.5861,2.5272
18.0912,0.5406,2.3312
18.0914,0.5378,2.3199
18.0916,0.5433,2.3426
18.0918,0.5662,2.438
18.0920,0.6269,2.7005
18.0922,0.6271,2.699
18.0924,0.6595,2.8344
18.0926,0.7158,3.0823
18.0928,0.6297,2.7167
18.0930,0.5421,2.3374
18.0932,0.5322,2.2961
18.0934,0.531,2.2888
18.0936,0.5451,2.3493
18.0938,0.6073,2.6138
18.0940,0.6481,2.788
18.0942,0.6806,2.9278
18.0944,0.6544,2.8167
18.0946,0.6783,2.918
18.0948,0.7344,3.1609
18.0950,0.6689,2.8791
18.0952,0.6751,2.9
18.0954,0.7592,3.2586
18.0956,0.7644,3.2884
18.0958,0.755,3.2451
18.0960,0.7751,3.3374
18.0962,0.6653,2.865
18.0964,0.6935,2.9821
18.0966,0.7055,3.0337
18.0968,0.7086,3.0485
18.0970,0.7071,3.0418
18.0972,0.643,2.7689
18.0974,0.6143,2.645
18.0976,0.6131,2.6398
18.0978,0.6127,2.6383
18.0980,0.6137,2.6461
18.0982,0.6131,2.6386
18.0984,0.6442,2.7741
18.0986,0.6128,2.6388
18.0988,0.6627,2.8509
18.0990,0.7308,3.1439
18.0992,0.7724,3.3137
18.0994,0.8505,3.6553
18.0996,0.8035,3.4629
18.0998,0.6327,2.7233
18.1000,0.6514,2.8025
18.1002,0.6683,2.8792
18.1004,0.676,2.9082
18.1006,0.7078,3.0421
18.1008,0.7014,3.0218
18.1010,0.6411,2.7581
18.1012,0.7149,3.0768
18.1014,0.7051,3.0335
18.1016,0.7174,3.0876
18.1018,0.7085,3.048
18.1020,0.7357,3.168
18.1022,0.6283,2.7016
18.1024,0.6959,2.9897
18.1026,0.7417,3.1909
18.1028,0.7538,3.246
18.1030,0.6685,2.877
18.1032,0.6444,2.7772
18.1034,0.6247,2.6912
18.1036,0.5423,2.3406
18.1038,0.4354,1.8773
18.1040,0.5292,2.279
18.1042,0.585,2.5214
18.1044,0.5668,2.4462
18.1046,0.5222,2.2516
18.1048,0.5297,2.2831
18.1050,0.5936,2.561
18.1052,0.5131,2.2134
18.1054,0.4788,2.0654
18.1056,0.484,2.0872
18.1058,0.4755,2.0515
18.1060,0.464,2.0037
18.1062,0.4613,1.9899
18.1064,0.4615,1.9919
18.1066,0.4697,2.027
18.1068,0.464,2.0027
18.1070,0.4698,2.0257
18.1072,0.4685,2.0191
18.1074,0.4761,2.0531
18.1076,0.5111,2.2041
18.1078,0.5446,2.345
18.1080,0.6072,2.6158
18.1082,0.5747,2.4758
18.1084,0.5728,2.4675
18.1086,0.615,2.6444
18.1088,0.7079,3.0412
18.1090,0.7265,3.1195
18.1092,0.7663,3.292
18.1094,0.8144,3.4969
18.1096,0.8314,3.5684
18.1098,0.8756,3.7583
18.1100,0.8872,3.8041
18.1102,0.8406,3.6097
18.1104,0.8728,3.739
18.1106,0.9807,4.1973
18.1108,0.9737,4.1715
18.1110,0.9932,4.2567
18.1112,0.9695,4.1535
18.1114,0.9755,4.1792
18.1116,0.9828,4.2144
18.1118,0.945,4.0557
18.1120,0.9211,3.9478
18.1122,0.956,4.1012
18.1124,0.8975,3.8484
18.1126,0.9221,3.9519
18.1128,0.9435,4.0496
18.1130,0.8911,3.8265
18.1132,0.9063,3.8846
18.1134,0.9265,3.9765
18.1136,0.8899,3.8195
18.1138,0.894,3.8334
18.1140,0.902,3.8715
18.1142,0.9005,3.863
18.1144,0.9378,4.023
18.1146,0.9512,4.0844
18.1148,0.8505,3.6519
18.1150,0.8549,3.671
18.1152,0.8571,3.6854
18.1154,0.8283,3.5583
18.1156,0.7566,3.2548
18.1158,0.7242,3.117
18.1160,0.7296,3.1373
18.1162,0.7338,3.1568
18.1164,0.7147,3.0734
18.1166,0.7712,3.3193
18.1168,0.6574,2.8309
18.1170,0.6794,2.9254
18.1172,0.6294,2.7151
18.1174,0.602,2.5935
18.1176,0.6711,2.8884
18.1178,0.6867,2.9527
18.1180,0.7059,3.0381
18.1182,0.6857,2.9541
18.1184,0.5537,2.3887
18.1186,0.506,2.1828
18.1188,0.5719,2.4639
18.1190,0.6468,2.7862
18.1192,0.6215,2.6785
18.1194,0.5884,2.5335
18.1196,0.6543,2.8161
18.1198,0.6747,2.9052
18.1200,0.6241,2.6886
18.1202,0.5728,2.4732
18.1204,0.5022,2.1653
18.1206,0.5812,2.5048
18.1208,0.6215,2.6685
18.1210,0.7928,3.4122
18.1212,0.6954,2.9945
18.1214,0.593,2.5572
18.1216,0.5185,2.2377
18.1218,0.5125,2.2108
18.1220,0.5156,2.2232
18.1222,0.5414,2.3322
18.1224,0.6489,2.7955
18.1226,0.6471,2.7904
18.1228,0.5165,2.2284
18.1230,0.4982,2.1492
18.1232,0.5432,2.3421
18.1234,0.6093,2.6202
18.1236,0.6584,2.8376
18.1238,0.6012,2.5911
18.1240,0.6089,2.6254
18.1242,0.5815,2.5041
18.1244,0.6221,2.6798
18.1246,0.5502,2.3726
18.1248,0.5167,2.2309
18.1250,0.4994,2.1534
18.1252,0.5234,2.2589
18.1254,0.4788,2.0645
18.1256,0.4778,2.0632
18.1258,0.4777,2.0627
18.1260,0.4846,2.0927
18.1262,0.4685,2.0209
18.1264,0.4592,1.982
18.1266,0.456,1.968
18.1268,0.4617,1.992
18.1270,0.5304,2.2841
18.1272,0.5788,2.4957
18.1274,0.5572,2.4026
18.1276,0.5622,2.4232
18.1278,0.5605,2.4171
18.1280,0.5613,2.419
18.1282,0.5619,2.4205
18.1284,0.5909,2.542
18.1286,0.6198,2.6663
18.1288,0.7087,3.0448
18.1290,0.7426,3.19
18.1292,0.7542,3.2415
18.1294,0.782,3.3611
18.1296,0.7398,3.1841
18.1298,0.5798,2.4991
18.1300,0.5338,2.3007
18.1302,0.5327,2.2971
18.1304,0.537,2.3157
18.1306,0.5385,2.3209
18.1308,0.5898,2.5409
18.1310,0.5868,2.5268
18.1312,0.6181,2.6615
18.1314,0.6254,2.6918
18.1316,0.6297,2.7104
18.1318,0.6039,2.6042
18.1320,0.5403,2.3265
18.1322,0.5988,2.5724
18.1324,0.6935,2.9807
18.1326,0.7139,3.0683
18.1328,0.761,3.2739
18.1330,0.7181,3.0893
18.1332,0.6512,2.804
18.1334,0.6135,2.6444
18.1336,0.5831,2.5119
18.1338,0.558,2.4073
18.1340,0.4609,1.9893
18.1342,0.4854,2.0929
18.1344,0.536,2.3111
18.1346,0.5201,2.2408
18.1348,0.5304,2.2862
18.1350,0.5426,2.3395
18.1352,0.512,2.2056
18.1354,0.5267,2.266
18.1356,0.6301,2.7144
18.1358,0.5548,2.3911
18.1360,0.6036,2.5979
18.1362,0.6315,2.7168
18.1364,0.6053,2.6099
18.1366,0.5338,2.3039
18.1368,0.4391,1.8942
18.1370,0.3905,1.6847
18.1372,0.4963,2.137
18.1374,0.5307,2.2873
18.1376,0.495,2.1352
18.1378,0.4874,2.1046
18.1380,0.4828,2.0811
18.1382,0.4805,2.0717
18.1384,0.4794,2.067
18.1386,0.5328,2.2976
18.1388,0.4966,2.1395
18.1390,0.4825,2.0795
18.1392,0.548,2.3617
18.1394,0.537,2.3157
18.1396,0.5048,2.1756
18.1398,0.5453,2.347
18.1400,0.6113,2.6333
18.1402,0.583,2.5091
18.1404,0.5897,2.5368
18.1406,0.6134,2.6365
18.1408,0.6665,2.8635
18.1410,0.656,2.8247
18.1412,0.5999,2.5819
18.1414,0.6429,2.7684
18.1416,0.5927,2.5509
18.1418,0.5886,2.531
18.1420,0.6809,2.9239
18.1422,0.8194,3.5137
18.1424,0.8396,3.6017
18.1426,0.8164,3.5024
18.1428,0.8658,3.7178
18.1430,0.8581,3.6831
18.1432,0.8216,3.5196
18.1434,0.893,3.8258
18.1436,0.9655,4.1341
18.1438,0.9599,4.1181
18.1440,0.9071,3.8895
18.1442,0.9193,3.9401
18.1444,0.9151,3.9203
18.1446,0.9758,4.1841
18.1448,0.9496,4.0663
18.1450,0.9785,4.1842
18.1452,1.0129,4.3394
18.1454,0.982,4.2089
18.1456,0.9724,4.1716
18.1458,0.9526,4.0811
18.1460,0.958,4.108
18.1462,0.899,3.8568
18.1464,0.911,3.9046
18.1466,0.9715,4.1617
18.1468,0.9464,4.0543
18.1470,0.9737,4.1773
18.1472,0.8945,3.8427
18.1474,0.8541,3.6657
18.1476,0.8072,3.4709
18.1478,0.7966,3.4207
18.1480,0.868,3.7219
18.1482,0.8905,3.8257
18.1484,0.7954,3.4188
18.1486,0.7716,3.31
18.1488,0.8327,3.5757
18.1490,0.8426,3.6213
18.1492,0.8296,3.564
18.1494,0.8079,3.4691
18.1496,0.8091,3.4775
18.1498,0.7839,3.3756
18.1500,0.6727,2.8951
18.1502,0.6531,2.8123
18.1504,0.6589,2.8384
18.1506,0.6343,2.73
18.1508,0.6372,2.7436
18.1510,0.6647,2.861
18.1512,0.69,2.9699
18.1514,0.6773,2.9125
18.1516,0.6915,2.9747
18.1518,0.6998,3.0145
18.1520,0.6265,2.7014
18.1522,0.5727,2.4681
18.1524,0.6176,2.6607
18.1526,0.6336,2.7281
18.1528,0.6378,2.7475
18.1530,0.6494,2.7924
18.1532,0.7044,3.0262
18.1534,0.7547,3.2481
18.1536,0.6802,2.9303
18.1538,0.6626,2.8504
18.1540,0.7072,3.0437
18.1542,0.6842,2.9433
18.1544,0.7217,3.1076
18.1546,0.6698,2.8854
18.1548,0.6378,2.7475
18.1550,0.59,2.5419
18.1552,0.5922,2.5524
18.1554,0.6055,2.6085
18.1556,0.659,2.8336
18.1558,0.7043,3.0313
18.1560,0.6833,2.941
18.1562,0.6298,2.7159
18.1564,0.5468,2.3609
18.1566,0.4862,2.0975
18.1568,0.4824,2.0809
18.1570,0.4942,2.1321
18.1572,0.5376,2.3183
18.1574,0.5336,2.3007
18.1576,0.5325,2.295
18.1578,0.5379,2.3172
18.1580,0.5694,2.4553
18.1582,0.5447,2.3466
18.1584,0.5453,2.3514
18.1586,0.5297,2.2863
18.1588,0.5463,2.3523
18.1590,0.6433,2.7661
18.1592,0.6966,2.9997
18.1594,0.6388,2.7521
18.1596,0.6131,2.6386
18.1598,0.6354,2.7333
18.1600,0.6763,2.9106
18.1602,0.7103,3.0543
18.1604,0.7435,3.1971
18.1606,0.7628,3.2786
18.1608,0.7748,3.3286
18.1610,0.8302,3.5666
18.1612,0.8215,3.529
18.1614,0.7536,3.2389
18.1616,0.7783,3.3404
18.1618,0.8896,3.8162
18.1620,0.8876,3.8097
18.1622,0.8703,3.7334
18.1624,0.8803,3.7784
18.1626,0.8595,3.6905
18.1628,0.8562,3.6732
18.1630,0.853,3.6661
18.1632,0.6952,2.9907
18.1634,0.6387,2.7516
18.1636,0.6304,2.7172
18.1638,0.63,2.7152
18.1640,0.6241,2.6873
18.1642,0.6511,2.8009
18.1644,0.6596,2.8402
18.1646,0.639,2.7514
18.1648,0.6276,2.7023
18.1650,0.6348,2.7346
18.1652,0.647,2.7847
18.1654,0.7609,3.2704
18.1656,0.8585,3.6847
18.1658,0.8532,3.6638
18.1660,0.7924,3.4091
18.1662,0.6593,2.8431
18.1664,0.5686,2.4517
18.1666,0.5629,2.4263
18.1668,0.5484,2.3648
18.1670,0.5459,2.354
18.1672,0.5458,2.3524
18.1674,0.5404,2.3302
18.1676,0.536,2.31
18.1678,0.5505,2.3714
18.1680,0.5753,2.4795
18.1682,0.5779,2.4897
18.1684,0.5969,2.5689
18.1686,0.6186,2.6636
18.1688,0.6879,2.9565
18.1690,0.7681,3.2997
18.1692,0.78,3.357
18.1694,0.6159,2.6572
18.1696,0.5181,2.2351
18.1698,0.509,2.1958
18.1700,0.5381,2.3182
18.1702,0.5944,2.5581
18.1704,0.6427,2.7699
18.1706,0.5478,2.3634
18.1708,0.5236,2.2557
18.1710,0.5681,2.4451
18.1712,0.6029,2.596
18.1714,0.5854,2.5229
18.1716,0.5543,2.3935
18.1718,0.4993,2.1539
18.1720,0.5416,2.3343
18.1722,0.5304,2.2873
18.1724,0.5147,2.2185
18.1726,0.6036,2.6003
18.1728,0.6013,2.5917
18.1730,0.579,2.4967
18.1732,0.5802,2.4995
18.1734,0.5882,2.533
18.1736,0.5953,2.5634
18.1738,0.6091,2.624
18.1740,0.5676,2.443
18.1742,0.5984,2.5745
18.1744,0.6219,2.6805
18.1746,0.5813,2.5007
18.1748,0.6426,2.7617
18.1750,0.7138,3.0693
18.1752,0.7266,3.1215
18.1754,0.7856,3.3718
18.1756,0.82,3.5244
18.1758,0.7233,3.1085
18.1760,0.794,3.4078
18.1762,0.844,3.6207
18.1764,0.8753,3.7497
18.1766,0.9527,4.0835
18.1768,0.9668,4.1436
18.1770,0.9641,4.1284
18.1772,0.9933,4.2592
18.1774,0.9227,3.9545
18.1776,0.9494,4.0672
18.1778,0.9855,4.2238
18.1780,0.994,4.2622
18.1782,0.9675,4.1447
18.1784,0.9828,4.2125
18.1786,0.976,4.1851
18.1788,0.9635,4.1317
18.1790,0.944,4.0441
18.1792,0.9408,4.0321
18.1794,0.9484,4.065
18.1796,1.0003,4.2875
18.1798,0.9621,4.1255
18.1800,0.9115,3.9085
18.1802,0.9703,4.1624
18.1804,0.8964,3.8491
18.1806,0.8587,3.6892
18.1808,0.8429,3.6229
18.1810,0.8515,3.6566
18.1812,0.8245,3.5435
18.1814,0.8364,3.5967
18.1816,0.8337,3.5765
18.1818,0.8892,3.8129
18.1820,0.9002,3.8638
18.1822,0.878,3.7686
18.1824,0.8367,3.5961
18.1826,0.7412,3.1888
18.1828,0.7327,3.1522
18.1830,0.7066,3.0454
18.1832,0.6073,2.6187
18.1834,0.5965,2.565
18.1836,0.7557,3.2422
18.1838,0.8745,3.7601
18.1840,0.7987,3.4311
18.1842,0.8162,3.5128
18.1844,0.7459,3.2104
18.1846,0.728,3.135
18.1848,0.686,2.951
18.1850,0.7175,3.0852
18.1852,0.7044,3.0333
18.1854,0.6471,2.7916
18.1856,0.6049,2.6084
18.1858,0.6159,2.6547
18.1860,0.6201,2.6691
18.1862,0.6957,3.0011
18.1864,0.584,2.5161
18.1866,0.6107,2.6295
18.1868,0.6121,2.6431
18.1870,0.5725,2.4699
18.1872,0.5266,2.275
18.1874,0.4978,2.1487
18.1876,0.504,2.1761
18.1878,0.5169,2.2299
18.1880,0.5105,2.2045
18.1882,0.441,1.906
18.1884,0.4519,1.9496
18.1886,0.5164,2.2299
18.1888,0.4483,1.9367
18.1890,0.4611,1.9921
18.1892,0.4916,2.1227
18.1894,0.4729,2.042
18.1896,0.4699,2.0271
18.1898,0.4721,2.0393
18.1900,0.4764,2.057
18.1902,0.4759,2.0521
18.1904,0.4753,2.0466
18.1906,0.5191,2.2423
18.1908,0.5048,2.1756
18.1910,0.6342,2.7244
18.1912,0.7478,3.2202
18.1914,0.6583,2.8371
18.1916,0.6002,2.587
18.1918,0.5595,2.4124
18.1920,0.5609,2.4186
18.1922,0.5613,2.419
18.1924,0.5809,2.5003
18.1926,0.6463,2.7777
18.1928,0.8086,3.4722
18.1930,0.82,3.5211
18.1932,0.8131,3.4913
18.1934,0.8342,3.5836
18.1936,0.7368,3.1682
18.1938,0.6855,2.9503
18.1940,0.7061,3.032
18.1942,0.8116,3.4819
18.1944,0.8578,3.6833
18.1946,0.8538,3.6612
18.1948,0.9261,3.9824
18.1950,0.7376,3.166
18.1952,0.8326,3.5785
18.1954,0.7539,3.2465
18.1956,0.6542,2.8182
18.1958,0.6857,2.9527
18.1960,0.684,2.9455
18.1962,0.64,2.7547
18.1964,0.6361,2.7402
18.1966,0.6304,2.716
18.1968,0.6315,2.7194
18.1970,0.6348,2.7346
18.1972,0.6319,2.7247
18.1974,0.6153,2.6484
18.1976,0.6225,2.6819
18.1978,0.6222,2.6816
18.1980,0.6324,2.7217
18.1982,0.7,3.0086
18.1984,0.686,2.9524
18.1986,0.6569,2.8262
18.1988,0.692,2.9782
18.1990,0.6978,3.0035
18.1992,0.7175,3.0867
18.1994,0.6782,2.9188
18.1996,0.6745,2.9028
18.1998,0.6772,2.9161
18.2000,0.6912,2.9696
18.2002,0.7065,3.042
18.2004,0.6863,2.9539
18.2006,0.7039,3.0284
18.2008,0.7373,3.1718
18.2010,0.7057,3.0389
18.2012,0.6523,2.8087
18.2014,0.6462,2.7798
18.2016,0.6264,2.7022
18.2018,0.5563,2.3956
18.2020,0.6275,2.7031
18.2022,0.5409,2.3355
18.2024,0.5084,2.1952
18.2026,0.5255,2.2661
18.2028,0.5469,2.357
18.2030,0.5442,2.3457
18.2032,0.554,2.3897
18.2034,0.4962,2.1394
18.2036,0.4926,2.1249
18.2038,0.4981,2.1497
18.2040,0.5073,2.1906
18.2042,0.4916,2.1218
18.2044,0.4911,2.1177
18.2046,0.4892,2.1104
18.2048,0.4906,2.1176
18.2050,0.4909,2.1157
18.2052,0.4921,2.1218
18.2054,0.5313,2.2899
18.2056,0.5412,2.336
18.2058,0.502,2.1638
18.2060,0.5376,2.3172
18.2062,0.5688,2.4539
18.2064,0.5032,2.1709
18.2066,0.4976,2.1446
18.2068,0.4971,2.1426
18.2070,0.5042,2.171
18.2072,0.5301,2.2836
18.2074,0.6277,2.7016
18.2076,0.6189,2.6651
18.2078,0.5765,2.4835
18.2080,0.5882,2.5294
18.2082,0.7029,3.0209
18.2084,0.7115,3.0595
18.2086,0.7041,3.0261
18.2088,0.7601,3.2652
18.2090,0.7438,3.1952
18.2092,0.7755,3.327
18.2094,0.9107,3.9067
18.2096,0.929,3.978
18.2098,0.9918,4.247
18.2100,0.9936,4.2547
18.2102,0.935,4.0093
18.2104,0.9042,3.8753
18.2106,0.906,3.8903
18.2108,0.8432,3.6188
18.2110,0.9065,3.8869
18.2112,0.9115,3.9049
18.2114,0.95,4.0755
18.2116,0.9526,4.0849
18.2118,0.9765,4.1833
18.2120,0.965,4.1378
18.2122,0.937,4.0218
18.2124,0.8984,3.8543
18.2126,0.9145,3.9195
18.2128,0.9539,4.0886
18.2130,0.9428,4.0465
18.2132,0.8647,3.7115
18.2134,0.8538,3.668
18.2136,0.8152,3.5054
18.2138,0.7568,3.2528
18.2140,0.7968,3.4229
18.2142,0.8258,3.5459
18.2144,0.8644,3.7082
18.2146,0.8856,3.7975
18.2148,0.8792,3.7737
18.2150,0.829,3.5614
18.2152,0.8165,3.5095
18.2154,0.8302,3.5632
18.2156,0.8633,3.707
18.2158,0.8018,3.4509
18.2160,0.6783,2.9234
18.2162,0.6669,2.8703
18.2164,0.662,2.8492
18.2166,0.6927,2.9785
18.2168,0.7656,3.292
18.2170,0.7926,3.4096
18.2172,0.7706,3.3167
18.2174,0.693,2.9828
18.2176,0.6532,2.8154
18.2178,0.6001,2.5877
18.2180,0.5815,2.5064
18.2182,0.5977,2.575
18.2184,0.6605,2.8443
18.2186,0.7097,3.0531
18.2188,0.7435,3.1986
18.2190,0.7536,3.245
18.2192,0.7368,3.1697
18.2194,0.7307,3.1463
18.2196,0.6675,2.8742
18.2198,0.6754,2.907
18.2200,0.6935,2.9891
18.2202,0.6941,2.9861
18.2204,0.7439,3.2002
18.2206,0.7573,3.2549
18.2208,0.787,3.3843
18.2210,0.7645,3.2858
18.2212,0.7384,3.1749
18.2214,0.7414,3.1923
18.2216,0.7071,3.0376
18.2218,0.8084,3.4728
18.2220,0.8212,3.5329
18.2222,0.7218,3.111
18.2224,0.6861,2.9529
18.2226,0.6603,2.8472
18.2228,0.5579,2.4057
18.2230,0.5603,2.4172
18.2232,0.5843,2.5194
18.2234,0.5507,2.3736
18.2236,0.5469,2.357
18.2238,0.5495,2.3695
18.2240,0.5701,2.4596
18.2242,0.5671,2.4432
18.2244,0.5507,2.3758
18.2246,0.5349,2.3075
18.2248,0.5349,2.3075
18.2250,0.5504,2.3698
18.2252,0.6922,2.982
18.2254,0.5879,2.5361
18.2256,0.5477,2.3617
18.2258,0.571,2.4586
18.2260,0.6049,2.6035
18.2262,0.6742,2.9032
18.2264,0.6549,2.8174
18.2266,0.652,2.805
18.2268,0.6535,2.8138
18.2270,0.6544,2.818
18.2272,0.6499,2.7983
18.2274,0.6438,2.7694
18.2276,0.7277,3.1218
18.2278,0.8246,3.544
18.2280,0.7761,3.3436
18.2282,0.6498,2.7991
18.2284,0.6554,2.8169
18.2286,0.7935,3.4089
18.2288,0.8192,3.5225
18.2290,0.6942,2.9922
18.2292,0.6175,2.6614
18.2294,0.6081,2.6175
18.2296,0.6068,2.613
18.2298,0.6165,2.6573
18.2300,0.6163,2.6575
18.2302,0.6097,2.6266
18.2304,0.6091,2.6228
18.2306,0.6128,2.64
18.2308,0.6179,2.6617
18.2310,0.6177,2.6587
18.2312,0.6518,2.8027
18.2314,0.6773,2.9193
18.2316,0.6697,2.8768
18.2318,0.8035,3.4565
18.2320,0.7427,3.1935
18.2322,0.7694,3.3039
18.2324,0.7848,3.3776
18.2326,0.7084,3.0531
18.2328,0.6345,2.731
18.2330,0.6447,2.7736
18.2332,0.6941,2.9847
18.2334,0.7318,3.1466
18.2336,0.759,3.2606
18.2338,0.7645,3.2873
18.2340,0.7144,3.0747
18.2342,0.6743,2.9037
18.2344,0.6173,2.653
18.2346,0.6639,2.8654
18.2348,0.4982,2.1542
18.2350,0.4424,1.906
18.2352,0.5971,2.5736
18.2354,0.5128,2.2164
18.2356,0.4167,1.8
18.2358,0.4569,1.9731
18.2360,0.4291,1.8496
18.2362,0.4962,2.1414
18.2364,0.5011,2.1626
18.2366,0.4858,2.0969
18.2368,0.4892,2.1114
18.2370,0.4989,2.1533
18.2372,0.4972,2.1471
18.2374,0.4836,2.0861
18.2376,0.4778,2.0603
18.2378,0.4736,2.0432
18.2380,0.4796,2.07
18.2382,0.4789,2.065
18.2384,0.5063,2.1824
18.2386,0.5519,2.3809
18.2388,0.4942,2.1302
18.2390,0.5379,2.3161
18.2392,0.6313,2.7171
18.2394,0.6411,2.7594
18.2396,0.6134,2.6426
18.2398,0.5969,2.5701
18.2400,0.6143,2.645
18.2402,0.6314,2.7151
18.2404,0.6739,2.8976
18.2406,0.696,2.9888
18.2408,0.7958,3.4155
18.2410,0.8306,3.5665
18.2412,0.773,3.3178
18.2414,0.7688,3.2998
18.2416,0.796,3.4198
18.2418,0.8282,3.5528
18.2420,0.8569,3.6746
18.2422,0.8484,3.6415
18.2424,0.8316,3.5694
18.2426,0.8532,3.6569
18.2428,0.9631,4.1238
18.2430,0.992,4.2476
18.2432,0.9861,4.2283
18.2434,0.9625,4.127
18.2436,0.9791,4.1965
18.2438,0.9734,4.168
18.2440,0.9941,4.2608
18.2442,0.9346,4.004
18.2444,0.9348,4.0101
18.2446,0.8934,3.8345
18.2448,0.9053,3.8872
18.2450,0.8774,3.7643
18.2452,0.9284,3.981
18.2454,0.958,4.1099
18.2456,0.9206,3.9531
18.2458,0.9079,3.8895
18.2460,0.9776,4.1918
18.2462,0.9725,4.176
18.2464,0.867,3.7212
18.2466,0.8526,3.6612
18.2468,0.905,3.8844
18.2470,0.8633,3.7105
18.2472,0.7216,3.1042
18.2474,0.7049,3.0311
18.2476,0.7427,3.195
18.2478,0.717,3.0846
18.2480,0.7001,3.0119
18.2482,0.7673,3.3007
18.2484,0.7768,3.3405
18.2486,0.7615,3.276
18.2488,0.7107,3.0573
18.2490,0.6928,2.9818
18.2492,0.6813,2.9377
18.2494,0.5616,2.424
18.2496,0.5674,2.4454
18.2498,0.5755,2.4782
18.2500,0.6291,2.7078
18.2502,0.6803,2.924
18.2504,0.7521,3.2357
18.2506,0.6563,2.8275
18.2508,0.6292,2.7108
18.2510,0.614,2.6513
18.2512,0.5085,2.1947
18.2514,0.4995,2.1569
18.2516,0.551,2.3746
18.2518,0.6089,2.623
18.2520,0.6573,2.8264
18.2522,0.6974,3.0014
18.2524,0.6629,2.8573
18.2526,0.5903,2.5453
18.2528,0.5483,2.3676
18.2530,0.4989,2.1513
18.2532,0.5308,2.2888
18.2534,0.5453,2.3492
18.2536,0.629,2.7073
18.2538,0.6665,2.8715
18.2540,0.6405,2.7606
18.2542,0.5386,2.3257
18.2544,0.4713,2.0343
18.2546,0.474,2.0466
18.2548,0.4856,2.0949
18.2550,0.5463,2.3544
18.2552,0.5399,2.3292
18.2554,0.4632,2.001
18.2556,0.4022,1.7381
18.2558,0.4227,1.8233
18.2560,0.5276,2.2759
18.2562,0.5026,2.1714
18.2564,0.4462,1.9274
18.2566,0.4451,1.921
18.2568,0.455,1.9621
18.2570,0.4514,1.9484
18.2572,0.4422,1.9094
18.2574,0.4374,1.8887
18.2576,0.4452,1.9206
18.2578,0.4459,1.9255
18.2580,0.4364,1.8863
18.2582,0.43,1.8566
18.2584,0.4302,1.8559
18.2586,0.4376,1.8897
18.2588,0.4645,2.0039
18.2590,0.5157,2.2206
18.2592,0.5938,2.5543
18.2594,0.615,2.6469
18.2596,0.648,2.7888
18.2598,0.6639,2.8588
18.2600,0.6625,2.8486
18.2602,0.6851,2.946
18.2604,0.6948,2.9906
18.2606,0.6647,2.8584
18.2608,0.6814,2.9301
18.2610,0.7277,3.1232
18.2612,0.8212,3.5312
18.2614,0.7434,3.1966
18.2616,0.7415,3.1869
18.2618,0.7783,3.3482
18.2620,0.7338,3.151
18.2622,0.7213,3.1046
18.2624,0.6405,2.7581
18.2626,0.6428,2.7679
18.2628,0.6685,2.877
18.2630,0.6422,2.7666
18.2632,0.6308,2.715
18.2634,0.6747,2.9025
18.2636,0.7204,3.0962
18.2638,0.6801,2.9285
18.2640,0.5528,2.3813
18.2642,0.5417,2.3348
18.2644,0.5428,2.3405
18.2646,0.5462,2.3561
18.2648,0.5695,2.4501
18.2650,0.7015,3.0167
18.2652,0.6882,2.9608
18.2654,0.6185,2.6643
18.2656,0.5778,2.4892
18.2658,0.5556,2.3959
18.2660,0.5246,2.262
18.2662,0.5542,2.3897
18.2664,0.4934,2.1285
18.2666,0.4537,1.9573
18.2668,0.4849,2.0908
18.2670,0.5219,2.2485
18.2672,0.5053,2.1777
18.2674,0.5071,2.1875
18.2676,0.5223,2.2521
18.2678,0.5239,2.2578
18.2680,0.5071,2.1855
18.2682,0.5623,2.4226
18.2684,0.5939,2.5549
18.2686,0.5867,2.5274
18.2688,0.5303,2.2836
18.2690,0.5794,2.4936
18.2692,0.6295,2.7106
18.2694,0.6049,2.6047
18.2696,0.5827,2.5127
18.2698,0.5151,2.2222
18.2700,0.4872,2.1007
18.2702,0.4867,2.0976
18.2704,0.492,2.1213
18.2706,0.4904,2.1146
18.2708,0.4903,2.1141
18.2710,0.5025,2.1648
18.2712,0.5875,2.5299
18.2714,0.6298,2.7121
18.2716,0.5837,2.5145
18.2718,0.5089,2.1932
18.2720,0.5321,2.2945
18.2722,0.4909,2.1147
18.2724,0.4945,2.1302
18.2726,0.5589,2.4065
18.2728,0.5966,2.5703
18.2730,0.5846,2.5163
18.2732,0.6108,2.6313
18.2734,0.6065,2.609
18.2736,0.6354,2.7321
18.2738,0.6337,2.7261
18.2740,0.6301,2.7132
18.2742,0.5842,2.5107
18.2744,0.678,2.9129
18.2746,0.7133,3.0643
18.2748,0.7987,3.4247
18.2750,0.8247,3.5429
18.2752,0.7621,3.2755
18.2754,0.7469,3.2026
18.2756,0.8221,3.52
18.2758,0.9107,3.9049
18.2760,0.9277,3.9742
18.2762,0.9852,4.2188
18.2764,0.9993,4.2789
18.2766,0.9813,4.2038
18.2768,0.9886,4.2332
18.2770,0.9862,4.219
18.2772,0.9806,4.2027
18.2774,0.979,4.1941
18.2776,1.0132,4.3425
18.2778,0.8908,3.8249
18.2780,0.8212,3.5279
18.2782,0.8603,3.6924
18.2784,0.8239,3.5343
18.2786,0.8402,3.6043
18.2788,0.8759,3.7593
18.2790,0.9097,3.9026
18.2792,0.9121,3.9147
18.2794,0.9101,3.9005
18.2796,0.9188,3.9399
18.2798,0.9218,3.9546
18.2800,0.9083,3.9001
18.2802,0.8706,3.7332
18.2804,0.9502,4.0727
18.2806,0.9224,3.959
18.2808,0.8729,3.7482
18.2810,0.8536,3.6636
18.2812,0.8915,3.8244
18.2814,0.8852,3.8012
18.2816,0.8549,3.6727
18.2818,0.8418,3.6148
18.2820,0.8472,3.6414
18.2822,0.8143,3.4997
18.2824,0.7718,3.3188
18.2826,0.6727,2.8964
18.2828,0.6568,2.827
18.2830,0.6656,2.8633
18.2832,0.6969,3.0007
18.2834,0.6948,2.9878
18.2836,0.7093,3.0573
18.2838,0.6332,2.7291
18.2840,0.6716,2.8905
18.2842,0.6851,2.9474
18.2844,0.692,2.9754
18.2846,0.7313,3.1489
18.2848,0.6682,2.88
18.2850,0.6215,2.6772
18.2852,0.6151,2.6511
18.2854,0.5905,2.5428
18.2856,0.6543,2.8188
18.2858,0.5873,2.5312
18.2860,0.6159,2.6522
18.2862,0.6044,2.6027
18.2864,0.5801,2.5013
18.2866,0.5743,2.4754
18.2868,0.5687,2.45
18.2870,0.5717,2.4652
18.2872,0.5747,2.4769
18.2874,0.5897,2.5415
18.2876,0.5825,2.5094
18.2878,0.5914,2.5452
18.2880,0.609,2.6259
18.2882,0.4935,2.129
18.2884,0.5336,2.3018
18.2886,0.5324,2.2966
18.2888,0.5199,2.2418
18.2890,0.5239,2.261
18.2892,0.5253,2.2651
18.2894,0.5255,2.265
18.2896,0.5272,2.2744
18.2898,0.5227,2.2537
18.2900,0.5229,2.2547
18.2902,0.5294,2.2837
18.2904,0.5304,2.2884
18.2906,0.53,2.2863
18.2908,0.5282,2.2775
18.2910,0.5302,2.2831
18.2912,0.6108,2.6251
18.2914,0.711,3.0546
18.2916,0.7661,3.2971
18.2918,0.6944,2.9857
18.2920,0.7074,3.0448
18.2922,0.6547,2.8177
18.2924,0.6433,2.77
18.2926,0.6671,2.87
18.2928,0.7111,3.0551
18.2930,0.7211,3.0993
18.2932,0.7477,3.2137
18.2934,0.7715,3.3126
18.2936,0.7562,3.2503
18.2938,0.7764,3.3337
18.2940,0.8236,3.5481
18.2942,0.6655,2.8668
18.2944,0.647,2.7821
18.2946,0.7071,3.0404
18.2948,0.6926,2.9835
18.2950,0.6141,2.6457
18.2952,0.608,2.6182
18.2954,0.609,2.6247
18.2956,0.6098,2.6271
18.2958,0.6108,2.6313
18.2960,0.6105,2.6302
18.2962,0.614,2.644
18.2964,0.6236,2.6853
18.2966,0.6462,2.7811
18.2968,0.6441,2.7749
18.2970,0.6143,2.6462
18.2972,0.6523,2.8048
18.2974,0.7259,3.1184
18.2976,0.7153,3.0788
18.2978,0.6578,2.8272
18.2980,0.7851,3.3697
18.2982,0.8698,3.7348
18.2984,0.8137,3.4971
18.2986,0.7721,3.3214
18.2988,0.726,3.1233
18.2990,0.6778,2.9186
18.2992,0.6892,2.9636
18.2994,0.6671,2.8754
18.2996,0.6074,2.6168
18.2998,0.6127,2.6371
18.3000,0.6686,2.8749
18.3002,0.6601,2.8462
18.3004,0.5975,2.5739
18.3006,0.6298,2.7109
18.3008,0.6442,2.7728
18.3010,0.6745,2.9015
18.3012,0.6348,2.7333
18.3014,0.6079,2.6189
18.3016,0.5821,2.5113
18.3018,0.5312,2.2893
18.3020,0.5822,2.5083
18.3022,0.6315,2.7206
18.3024,0.6211,2.6707
18.3026,0.703,3.0214
18.3028,0.726,3.1204
18.3030,0.765,3.2863
18.3032,0.7346,3.1634
18.3034,0.6173,2.6592
18.3036,0.6346,2.7328
18.3038,0.6711,2.8844
18.3040,0.6826,2.9407
18.3042,0.631,2.716
18.3044,0.6144,2.6455
18.3046,0.5345,2.3059
18.3048,0.4878,2.1052
18.3050,0.4844,2.0897
18.3052,0.479,2.0665
18.3054,0.4781,2.0633
18.3056,0.479,2.0665
18.3058,0.4824,2.0809
18.3060,0.487,2.1001
18.3062,0.4866,2.0961
18.3064,0.5206,2.2439
18.3066,0.5604,2.4154
18.3068,0.6203,2.6721
18.3070,0.6011,2.5882
18.3072,0.592,2.5478
18.3074,0.7045,3.0296
18.3076,0.7469,3.2086
18.3078,0.721,3.0987
18.3080,0.7235,3.1081
18.3082,0.7824,3.3595
18.3084,0.8248,3.5401
18.3086,0.8885,3.8027
18.3088,0.9832,4.216
18.3090,0.9517,4.0827
18.3092,0.9004,3.8626
18.3094,0.9083,3.8911
18.3096,0.9469,4.0584
18.3098,0.9639,4.1352
18.3100,0.927,3.9712
18.3102,0.9698,4.1507
18.3104,0.9917,4.2486
18.3106,0.9927,4.2547
18.3108,0.9625,4.131
18.3110,0.9052,3.8831
18.3112,0.9351,4.0099
18.3114,0.8977,3.8584
18.3116,0.8351,3.5878
18.3118,0.8666,3.721
18.3120,0.8387,3.5999
18.3122,0.8634,3.7059
18.3124,0.8691,3.7318
18.3126,0.9005,3.8577
18.3128,0.9688,4.1582
18.3130,0.9242,3.9668
18.3132,0.8691,3.7335
18.3134,0.8453,3.6298
18.3136,0.8218,3.5322
18.3138,0.7808,3.356
18.3140,0.812,3.4786
18.3142,0.8719,3.7546
18.3144,0.7006,3.0182
18.3146,0.674,2.9008
18.3148,0.6751,2.9055
18.3150,0.6843,2.9507
18.3152,0.5704,2.4618
18.3154,0.5477,2.3607
18.3156,0.5615,2.419
18.3158,0.5811,2.5032
18.3160,0.6086,2.6208
18.3162,0.6956,3.0007
18.3164,0.6137,2.6437
18.3166,0.6012,2.5864
18.3168,0.6356,2.7344
18.3170,0.6606,2.8457
18.3172,0.6189,2.664
18.3174,0.7112,3.058
18.3176,0.7477,3.2197
18.3178,0.7104,3.0577
18.3180,0.6808,2.933
18.3182,0.5929,2.5579
18.3184,0.5735,2.473
18.3186,0.5897,2.5392
18.3188,0.6062,2.6129
18.3190,0.604,2.6043
18.3192,0.555,2.3956
18.3194,0.4964,2.1425
18.3196,0.511,2.2056
18.3198,0.5124,2.2113
18.3200,0.5183,2.2362
18.3202,0.5046,2.1757
18.3204,0.5549,2.3906
18.3206,0.6034,2.5981
18.3208,0.6654,2.8623
18.3210,0.656,2.83
18.3212,0.5568,2.4011
18.3214,0.5502,2.3694
18.3216,0.5717,2.4641
18.3218,0.614,2.6477
18.3220,0.5981,2.5766
18.3222,0.5729,2.4669
18.3224,0.5881,2.5337
18.3226,0.6326,2.7215
18.3228,0.6481,2.7945
18.3230,0.5277,2.2786
18.3232,0.4868,2.1021
18.3234,0.4733,2.0417
18.3236,0.4616,1.9915
18.3238,0.4655,2.0071
18.3240,0.5234,2.2579
18.3242,0.4721,2.0365
18.3244,0.4561,1.9677
18.3246,0.5095,2.1979
18.3248,0.552,2.3804
18.3250,0.5504,2.3699
18.3252,0.5482,2.3617
18.3254,0.555,2.39
18.3256,0.5577,2.4036
18.3258,0.5578,2.403
18.3260,0.5687,2.45
18.3262,0.5637,2.4306
18.3264,0.5693,2.4549
18.3266,0.6053,2.6051
18.3268,0.6752,2.9033
18.3270,0.6811,2.9272
18.3272,0.7133,3.0658
18.3274,0.7848,3.373
18.3276,0.7248,3.1196
18.3278,0.6514,2.8064
18.3280,0.5813,2.5066
18.3282,0.5344,2.3044
18.3284,0.5252,2.2656
18.3286,0.5257,2.2656
18.3288,0.5313,2.2899
18.3290,0.5284,2.2786
18.3292,0.5257,2.2656
18.3294,0.5323,2.294
18.3296,0.5309,2.2894
18.3298,0.5347,2.3054
18.3300,0.5294,2.2816
18.3302,0.5291,2.2817
18.3304,0.5324,2.2945
18.3306,0.5393,2.3213
18.3308,0.6136,2.6383
18.3310,0.6917,2.9731
18.3312,0.7523,3.2363
18.3314,0.6752,2.9046
18.3316,0.6799,2.9302
18.3318,0.6001,2.5829
18.3320,0.6104,2.631
18.3322,0.5339,2.3013
18.3324,0.5152,2.2217
18.3326,0.5071,2.1855
18.3328,0.5975,2.5752
18.3330,0.5803,2.5013
18.3332,0.5233,2.2563
18.3334,0.5133,2.2124
18.3336,0.5627,2.423
18.3338,0.6401,2.7561
18.3340,0.6197,2.6671
18.3342,0.5687,2.4489
18.3344,0.5422,2.3369
18.3346,0.5327,2.2972
18.3348,0.5302,2.2821
18.3350,0.5811,2.5032
18.3352,0.5867,2.5275
18.3354,0.5697,2.4541
18.3356,0.5052,2.1772
18.3358,0.4911,2.1178
18.3360,0.492,2.1214
18.3362,0.4889,2.107
18.3364,0.4819,2.0789
18.3366,0.4886,2.1069
18.3368,0.5022,2.1653
18.3370,0.5036,2.1705
18.3372,0.5276,2.2728
18.3374,0.5284,2.2775
18.3376,0.5722,2.4638
18.3378,0.5934,2.5552
18.3380,0.5325,2.2908
18.3382,0.5885,2.5364
18.3384,0.5757,2.4811
18.3386,0.5824,2.5054
18.3388,0.6002,2.5835
18.3390,0.6096,2.6225
18.3392,0.6254,2.6906
18.3394,0.5959,2.5637
18.3396,0.5856,2.5217
18.3398,0.5757,2.48
18.3400,0.6205,2.6731
18.3402,0.5851,2.5184
18.3404,0.5972,2.567
18.3406,0.7002,3.0097
18.3408,0.7501,3.2225
18.3410,0.7715,3.3096
18.3412,0.8176,3.5076
18.3414,0.848,3.6361
18.3416,0.855,3.6716
18.3418,0.8387,3.5965
18.3420,0.9482,4.0621
18.3422,1.0042,4.298
18.3424,0.998,4.2733
18.3426,0.9755,4.1792
18.3428,0.9766,4.1839
18.3430,0.9797,4.1933
18.3432,0.9716,4.1623
18.3434,0.9427,4.0385
18.3436,0.9923,4.2531
18.3438,0.9537,4.0915
18.3440,0.9026,3.8705
18.3442,0.9233,3.9553
18.3444,0.9642,4.1285
18.3446,0.9369,4.0251
18.3448,0.8377,3.5952
18.3450,0.804,3.4538
18.3452,0.7586,3.2606
18.3454,0.741,3.1849
18.3456,0.7345,3.1541
18.3458,0.7339,3.1545
18.3460,0.7342,3.1555
18.3462,0.7391,3.1781
18.3464,0.7597,3.2668
18.3466,0.7871,3.3796
18.3468,0.8092,3.4716
18.3470,0.8261,3.5491
18.3472,0.7752,3.3317
18.3474,0.7577,3.2535
18.3476,0.803,3.4465
18.3478,0.8692,3.7358
18.3480,0.8166,3.5079
18.3482,0.7701,3.307
18.3484,0.7588,3.2687
18.3486,0.6246,2.6895
18.3488,0.6546,2.8133
18.3490,0.6937,2.9855
18.3492,0.6856,2.9523
18.3494,0.727,3.1231
18.3496,0.7746,3.3276
18.3498,0.7144,3.0805
18.3500,0.6174,2.6622
18.3502,0.5841,2.5161
18.3504,0.5713,2.4625
18.3506,0.5759,2.481
18.3508,0.6272,2.6983
18.3510,0.6577,2.828
18.3512,0.7302,3.1443
18.3514,0.6777,2.9182
18.3516,0.6686,2.8736
18.3518,0.7236,3.1116
18.3520,0.7241,3.1166
18.3522,0.673,2.8954
18.3524,0.6972,2.9968
18.3526,0.7438,3.2012
18.3528,0.7148,3.0792
18.3530,0.6295,2.7119
18.3532,0.5947,2.5621
18.3534,0.5916,2.5487
18.3536,0.6163,2.6575
18.3538,0.5402,2.3303
18.3540,0.5749,2.4769
18.3542,0.5966,2.5715
18.3544,0.5314,2.2904
18.3546,0.5627,2.4275
18.3548,0.5369,2.3163
18.3550,0.5263,2.2692
18.3552,0.5248,2.262
18.3554,0.5278,2.276
18.3556,0.5222,2.2527
18.3558,0.5264,2.2698
18.3560,0.5251,2.262
18.3562,0.5259,2.2677
18.3564,0.5227,2.2548
18.3566,0.5315,2.292
18.3568,0.5505,2.3726
18.3570,0.5387,2.3219
18.3572,0.5462,2.3518
18.3574,0.6115,2.632
18.3576,0.6085,2.6227
18.3578,0.6014,2.5886
18.3580,0.6861,2.9488
18.3582,0.7502,3.2261
18.3584,0.7495,3.22
18.3586,0.7067,3.0403
18.3588,0.6819,2.9308
18.3590,0.7338,3.1539
18.3592,0.7239,3.1126
18.3594,0.7425,3.1911
18.3596,0.764,3.2808
18.3598,0.8136,3.4983
18.3600,0.7486,3.2188
18.3602,0.715,3.073
18.3604,0.6925,2.9775
18.3606,0.7146,3.0701
18.3608,0.8152,3.499
18.3610,0.8483,3.6427
18.3612,0.7749,3.3323
18.3614,0.786,3.3797
18.3616,0.7428,3.1926
18.3618,0.7784,3.3457
18.3620,0.7231,3.1139
18.3622,0.6252,2.6883
18.3624,0.6586,2.8361
18.3626,0.6251,2.6915
18.3628,0.6366,2.7411
18.3630,0.6301,2.7132
18.3632,0.6186,2.6649
18.3634,0.615,2.6494
18.3636,0.6303,2.7168
18.3638,0.5718,2.4646
18.3640,0.6324,2.7192
18.3642,0.7143,3.0728
18.3644,0.6299,2.716
18.3646,0.5995,2.5804
18.3648,0.6889,2.9634
18.3650,0.6849,2.9478
18.3652,0.6794,2.9241
18.3654,0.6743,2.9037
18.3656,0.598,2.576
18.3658,0.5946,2.5604
18.3660,0.65,2.7989
18.3662,0.6409,2.761
18.3664,0.5913,2.5471
18.3666,0.5695,2.4548
18.3668,0.5908,2.545
18.3670,0.5875,2.5287
18.3672,0.6242,2.6854
18.3674,0.5984,2.5781
18.3676,0.5307,2.2894
18.3678,0.4953,2.1368
18.3680,0.5219,2.2475
18.3682,0.5909,2.5456
18.3684,0.5813,2.5031
18.3686,0.5783,2.4902
18.3688,0.5812,2.5037
18.3690,0.5688,2.4517
18.3692,0.5668,2.4429
18.3694,0.5656,2.4366
18.3696,0.568,2.4469
18.3698,0.6062,2.6093
18.3700,0.6345,2.7336
18.3702,0.5739,2.4711
18.3704,0.5663,2.4385
18.3706,0.6307,2.7158
18.3708,0.6441,2.7762
18.3710,0.5844,2.5165
18.3712,0.6024,2.5939
18.3714,0.599,2.5819
18.3716,0.6049,2.6012
18.3718,0.6795,2.9205
18.3720,0.66,2.8405
18.3722,0.6561,2.8266
18.3724,0.6161,2.6516
18.3726,0.598,2.5772
18.3728,0.5898,2.5409
18.3730,0.6241,2.6849
18.3732,0.683,2.9341
18.3734,0.7651,3.2885
18.3736,0.7631,3.2766
18.3738,0.7897,3.3909
18.3740,0.7736,3.3219
18.3742,0.8018,3.4446
18.3744,0.8089,3.4701
18.3746,0.8496,3.6467
18.3748,0.8537,3.6659
18.3750,0.8469,3.6315
18.3752,0.8736,3.7409
18.3754,1.0037,4.302
18.3756,0.9668,4.1417
18.3758,0.9793,4.1971
18.3760,0.9914,4.251
18.3762,0.9764,4.1828
18.3764,0.973,4.1704
18.3766,0.9577,4.1104
18.3768,0.9114,3.899
18.3770,0.976,4.1852
18.3772,0.9499,4.075
18.3774,0.9608,4.1199
18.3776,0.9839,4.2132
18.3778,0.9795,4.1981
18.3780,0.9181,3.935
18.3782,0.9411,4.0375
18.3784,0.8994,3.8603
18.3786,0.9143,3.9186
18.3788,0.9988,4.2809
18.3790,0.9898,4.2463
18.3792,0.9154,3.9305
18.3794,0.8807,3.78
18.3796,0.8648,3.7184
18.3798,0.8074,3.4688
18.3800,0.8947,3.8366
18.3802,0.9234,3.9687
18.3804,0.8077,3.4763
18.3806,0.7046,3.031
18.3808,0.7025,3.0237
18.3810,0.7571,3.2585
18.3812,0.7586,3.2652
18.3814,0.7303,3.1405
18.3816,0.7621,3.2771
18.3818,0.7477,3.2197
18.3820,0.6853,2.9521
18.3822,0.6387,2.7491
18.3824,0.6416,2.7628
18.3826,0.6059,2.6113
18.3828,0.5863,2.5283
18.3830,0.6004,2.584
18.3832,0.6823,2.9337
18.3834,0.6815,2.9361
18.3836,0.6273,2.7013
18.3838,0.7187,3.0933
18.3840,0.7218,3.1053
18.3842,0.6579,2.8383
18.3844,0.594,2.559
18.3846,0.6451,2.7803
18.3848,0.5433,2.3437
18.3850,0.4995,2.1549
18.3852,0.55,2.3716
18.3854,0.6006,2.5874
18.3856,0.645,2.7798
18.3858,0.6254,2.6893
18.3860,0.5986,2.5822
18.3862,0.4988,2.1528
18.3864,0.4895,2.1135
18.3866,0.5058,2.1829
18.3868,0.5006,2.1636
18.3870,0.4281,1.8484
18.3872,0.4905,2.1152
18.3874,0.505,2.1808
18.3876,0.4869,2.1016
18.3878,0.4802,2.0736
18.3880,0.4638,1.9989
18.3882,0.521,2.2465
18.3884,0.4733,2.0426
18.3886,0.4619,1.9944
18.3888,0.4583,1.9798
18.3890,0.4519,1.9514
18.3892,0.4435,1.9143
18.3894,0.4424,1.9105
18.3896,0.445,1.9205
18.3898,0.4495,1.9392
18.3900,0.4452,1.9224
18.3902,0.45,1.944
18.3904,0.445,1.9205
18.3906,0.4512,1.9474
18.3908,0.4682,2.019
18.3910,0.5216,2.248
18.3912,0.543,2.3405
18.3914,0.5626,2.4237
18.3916,0.6404,2.7525
18.3918,0.6745,2.9029
18.3920,0.6271,2.7016
18.3922,0.5676,2.4454
18.3924,0.5809,2.5015
18.3926,0.6125,2.641
18.3928,0.5733,2.4685
18.3930,0.6191,2.6632
18.3932,0.6972,2.994
18.3934,0.7431,3.1936
18.3936,0.7091,3.0492
18.3938,0.7488,3.2169
18.3940,0.777,3.3379
18.3942,0.7794,3.3498
18.3944,0.8102,3.4871
18.3946,0.6601,2.8436
18.3948,0.557,2.4005
18.3950,0.5375,2.3178
18.3952,0.5347,2.3033
18.3954,0.5374,2.312
18.3956,0.595,2.5655
18.3958,0.5447,2.35
18.3960,0.5331,2.2987
18.3962,0.5246,2.261
18.3964,0.5264,2.2655
18.3966,0.5686,2.4506
18.3968,0.5368,2.3147
18.3970,0.5048,2.1767
18.3972,0.5411,2.3301
18.3974,0.6471,2.7878
18.3976,0.6389,2.7483
18.3978,0.6571,2.8268
18.3980,0.6157,2.6476
18.3982,0.61,2.6265
18.3984,0.6197,2.6671
18.3986,0.6132,2.6429
18.3988,0.5499,2.3711
18.3990,0.5354,2.3075
18.3992,0.5528,2.3824
18.3994,0.5161,2.2263
18.3996,0.5383,2.3166
18.3998,0.6211,2.6708
18.4000,0.6673,2.8666
18.4002,0.668,2.8724
18.4004,0.6942,2.988
18.4006,0.6669,2.8704
18.4008,0.6422,2.7654
18.4010,0.6008,2.5896
18.4012,0.5755,2.4771
18.4014,0.5932,2.5518
18.4016,0.6257,2.6941
18.4018,0.607,2.6148
18.4020,0.5887,2.5339
18.4022,0.6323,2.72
18.4024,0.6881,2.9617
18.4026,0.6294,2.7114
18.4028,0.4974,2.1446
18.4030,0.4826,2.0801
18.4032,0.4827,2.0816
18.4034,0.4857,2.0964
18.4036,0.4835,2.0856
18.4038,0.4841,2.0872
18.4040,0.4808,2.0733
18.4042,0.4787,2.063
18.4044,0.4919,2.1209
18.4046,0.5407,2.3291
18.4048,0.5499,2.37
18.4050,0.4891,2.108
18.4052,0.4818,2.0774
18.4054,0.501,2.1592
18.4056,0.5559,2.3947
18.4058,0.5296,2.2805
18.4060,0.5571,2.401
18.4062,0.5664,2.4379
18.4064,0.6115,2.6344
18.4066,0.574,2.467
18.4068,0.6323,2.7238
18.4070,0.6211,2.6732
18.4072,0.6711,2.8858
18.4074,0.754,3.2315
18.4076,0.8383,3.5961
18.4078,0.8116,3.4852
18.4080,0.8079,3.466
18.4082,0.9098,3.8923
18.4084,0.9951,4.257
18.4086,1.0237,4.3857
18.4088,0.9972,4.2722
18.4090,0.9697,4.156
18.4092,0.9131,3.9171
18.4094,0.8952,3.8422
18.4096,0.8782,3.7604
18.4098,0.9523,4.0796
18.4100,0.9684,4.1465
18.4102,0.986,4.222
18.4104,0.9931,4.2542
18.4106,0.9838,4.2206
18.4108,0.8724,3.7445
18.4110,0.8107,3.4827
18.4112,0.7984,3.4253
18.4114,0.8742,3.7504
18.4116,0.896,3.8405
18.4118,0.9188,3.9418
18.4120,0.8488,3.6465
18.4122,0.8234,3.529
18.4124,0.9155,3.9292
18.4126,0.8345,3.5852
18.4128,0.8218,3.5273
18.4130,0.8506,3.6508
18.4132,0.8042,3.4565
18.4134,0.7664,3.2957
18.4136,0.7904,3.3988
18.4138,0.7414,3.1864
18.4140,0.7688,3.3044
18.4142,0.7806,3.3549
18.4144,0.7863,3.3765
18.4146,0.7749,3.3338
18.4148,0.7193,3.0973
18.4150,0.68,2.9266
18.4152,0.7228,3.1065
18.4154,0.7305,3.1454
18.4156,0.6663,2.8665
18.4158,0.7326,3.1503
18.4160,0.6833,2.9384
18.4162,0.7008,3.015
18.4164,0.6872,2.9617
18.4166,0.623,2.6852
18.4168,0.6076,2.6149
18.4170,0.7054,3.0318
18.4172,0.753,3.2394
18.4174,0.6899,2.9681
18.4176,0.7315,3.1456
18.4178,0.7209,3.1012
18.4180,0.6783,2.9181
18.4182,0.6796,2.9251
18.4184,0.6982,3.0037
18.4186,0.6948,2.9892
18.4188,0.668,2.8777
18.4190,0.6216,2.6753
18.4192,0.6886,2.961
18.4194,0.7004,3.0144
18.4196,0.6974,3.0001
18.4198,0.6942,2.9894
18.4200,0.6925,2.9845
18.4202,0.7236,3.1101
18.4204,0.7832,3.3694
18.4206,0.6649,2.8656
18.4208,0.663,2.852
18.4210,0.7264,3.122
18.4212,0.6944,2.9858
18.4214,0.7176,3.0872
18.4216,0.6765,2.9144
18.4218,0.5624,2.4249
18.4220,0.5519,2.3799
18.4222,0.5459,2.3529
18.4224,0.5634,2.4284
18.4226,0.5853,2.5225
18.4228,0.565,2.434
18.4230,0.5561,2.3991
18.4232,0.5383,2.3209
18.4234,0.539,2.3197
18.4236,0.6559,2.819
18.4238,0.7034,3.0301
18.4240,0.6414,2.763
18.4242,0.6332,2.7254
18.4244,0.6335,2.7264
18.4246,0.6293,2.7096
18.4248,0.6365,2.7431
18.4250,0.6327,2.7246
18.4252,0.6378,2.7463
18.4254,0.6897,2.9615
18.4256,0.7897,3.3925
18.4258,0.7265,3.1269
18.4260,0.6697,2.8836
18.4262,0.6313,2.7196
18.4264,0.6386,2.7486
18.4266,0.6948,2.9934
18.4268,0.6701,2.879
18.4270,0.7703,3.3122
18.4272,0.6926,2.9822
18.4274,0.6392,2.7525
18.4276,0.6211,2.672
18.4278,0.6222,2.6791
18.4280,0.6336,2.7294
18.4282,0.6338,2.7318
18.4284,0.633,2.7231
18.4286,0.6526,2.8116
18.4288,0.6246,2.6907
18.4290,0.6278,2.7021
18.4292,0.6255,2.6923
18.4294,0.6248,2.6867
18.4296,0.6482,2.7964
18.4298,0.5506,2.3753
18.4300,0.5384,2.3204
18.4302,0.5776,2.4859
18.4304,0.6132,2.6429
18.4306,0.6055,2.6049
18.4308,0.6752,2.9033
18.4310,0.7161,3.082
18.4312,0.6987,3.0057
18.4314,0.6824,2.9342
18.4316,0.7107,3.0573
18.4318,0.6664,2.8723
18.4320,0.5941,2.5595
18.4322,0.606,2.607
18.4324,0.708,3.0417
18.4326,0.7122,3.0669
18.4328,0.6234,2.6843
18.4330,0.6205,2.6731
18.4332,0.5735,2.4695
18.4334,0.6663,2.8705
18.4336,0.6655,2.8642
18.4338,0.6508,2.8038
18.4340,0.5788,2.4911
18.4342,0.5831,2.5108
18.4344,0.5655,2.4349
18.4346,0.5803,2.5024
18.4348,0.5872,2.5295
18.4350,0.6077,2.6203
18.4352,0.5138,2.2165
18.4354,0.4939,2.1316
18.4356,0.4899,2.1116
18.4358,0.4807,2.0737
18.4360,0.5122,2.2108
18.4362,0.4897,2.1125
18.4364,0.4874,2.1017
18.4366,0.486,2.0955
18.4368,0.5333,2.2997
18.4370,0.5348,2.307
18.4372,0.4797,2.0686
18.4374,0.4959,2.1384
18.4376,0.5462,2.354
18.4378,0.6136,2.642
18.4380,0.5984,2.5769
18.4382,0.6088,2.6213
18.4384,0.6253,2.6926
18.4386,0.6519,2.8046
18.4388,0.6564,2.8237
18.4390,0.6225,2.6769
18.4392,0.6723,2.8909
18.4394,0.657,2.8276
18.4396,0.6664,2.8657
18.4398,0.7029,3.0252
18.4400,0.663,2.8507
18.4402,0.6963,2.9913
18.4404,0.8243,3.5364
18.4406,0.8525,3.6556
18.4408,0.8636,3.7029
18.4410,0.8708,3.7355
18.4412,0.8336,3.5794
18.4414,0.8407,3.6081
18.4416,0.8987,3.8554
18.4418,0.868,3.7254
18.4420,0.845,3.6266
18.4422,0.8414,3.6078
18.4424,0.8494,3.6457
18.4426,0.8439,3.622
18.4428,0.8445,3.6279
18.4430,0.8216,3.5263
18.4432,0.8821,3.7861
18.4434,0.8584,3.6842
18.4436,0.8368,3.5966
18.4438,0.7724,3.3214
18.4440,0.7862,3.3681
18.4442,0.9234,3.9595
18.4444,0.9019,3.8675
18.4446,0.9053,3.8837
18.4448,0.8877,3.8116
18.4450,0.8739,3.7471
18.4452,0.9227,3.9546
18.4454,0.9445,4.0538
18.4456,0.8537,3.6693
18.4458,0.7654,3.2941
18.4460,0.7552,3.2442
18.4462,0.7938,3.4116
18.4464,0.7836,3.3663
18.4466,0.7782,3.3493
18.4468,0.7494,3.2209
18.4470,0.7672,3.3003
18.4472,0.7212,3.1013
18.4474,0.7548,3.2487
18.4476,0.6972,3.0051
18.4478,0.666,2.8676
18.4480,0.6855,2.9517
18.4482,0.656,2.8274
18.4484,0.6078,2.616
18.4486,0.6355,2.7415
18.4488,0.5397,2.3272
18.4490,0.5193,2.2424
18.4492,0.5112,2.2051
18.4494,0.5284,2.2786
18.4496,0.5266,2.2718
18.4498,0.4992,2.1534
18.4500,0.4983,2.1488
18.4502,0.5187,2.2367
18.4504,0.52,2.2434
18.4506,0.4944,2.1327
18.4508,0.5163,2.2263
18.4510,0.5654,2.4355
18.4512,0.571,2.4587
18.4514,0.5986,2.5786
18.4516,0.5763,2.4848
18.4518,0.5155,2.2227
18.4520,0.5638,2.4254
18.4522,0.6865,2.9531
18.4524,0.6884,2.96
18.4526,0.6818,2.9344
18.4528,0.6845,2.9462
18.4530,0.6691,2.881
18.4532,0.6751,2.9055
18.4534,0.6998,3.009
18.4536,0.6874,2.9573
18.4538,0.6658,2.8657
18.4540,0.6739,2.9003
18.4542,0.7169,3.0842
18.4544,0.6435,2.7788
18.4546,0.4501,1.9454
18.4548,0.409,1.766
18.4550,0.4059,1.7501
18.4552,0.4553,1.9641
18.4554,0.4592,1.9839
18.4556,0.4547,1.9633
18.4558,0.4671,2.0153
18.4560,0.4769,2.0572
18.4562,0.509,2.1968
18.4564,0.4649,2.0055
18.4566,0.4582,1.9774
18.4568,0.4733,2.0407
18.4570,0.5379,2.314
18.4572,0.5785,2.49
18.4574,0.6271,2.6991
18.4576,0.6522,2.8095
18.4578,0.6386,2.7499
18.4580,0.6525,2.8058
18.4582,0.6845,2.9408
18.4584,0.7341,3.1535
18.4586,0.7469,3.2116
18.4588,0.7161,3.0805
18.4590,0.6974,3.0015
18.4592,0.7252,3.1125
18.4594,0.8317,3.5712
18.4596,0.7725,3.322
18.4598,0.7013,3.0199
18.4600,0.6367,2.7378
18.4602,0.6778,2.916
18.4604,0.668,2.8737
18.4606,0.7178,3.0863
18.4608,0.7332,3.1558
18.4610,0.701,3.0113
18.4612,0.7168,3.0822
18.4614,0.665,2.8595
18.4616,0.7162,3.0825
18.4618,0.6193,2.668
18.4620,0.5446,2.3451
18.4622,0.5546,2.3902
18.4624,0.5464,2.3561
18.4626,0.5383,2.3209
18.4628,0.5378,2.3178
18.4630,0.5396,2.3266
18.4632,0.5836,2.5129
18.4634,0.5735,2.473
18.4636,0.4972,2.1441
18.4638,0.5176,2.231
18.4640,0.5668,2.4417
18.4642,0.592,2.5514
18.4644,0.5648,2.4352
18.4646,0.5559,2.397
18.4648,0.4928,2.126
18.4650,0.4742,2.0458
18.4652,0.4691,2.0236
18.4654,0.4616,1.9915
18.4656,0.4608,1.9897
18.4658,0.4483,1.9323
18.4660,0.5229,2.2527
18.4662,0.5494,2.369
18.4664,0.5019,2.1643
18.4666,0.503,2.1669
18.4668,0.5356,2.3064
18.4670,0.5799,2.498
18.4672,0.5844,2.5165
18.4674,0.5833,2.5107
18.4676,0.6071,2.6153
18.4678,0.6049,2.6048
18.4680,0.6156,2.6495
18.4682,0.6004,2.584
18.4684,0.6332,2.7241
18.4686,0.6787,2.9182
18.4688,0.6107,2.6308
18.4690,0.5106,2.2025
18.4692,0.4962,2.1395
18.4694,0.4946,2.1308
18.4696,0.4923,2.1239
18.4698,0.4921,2.1229
18.4700,0.4811,2.0734
18.4702,0.4748,2.0484
18.4704,0.4791,2.067
18.4706,0.4827,2.0816
18.4708,0.4801,2.0692
18.4710,0.4893,2.11
18.4712,0.4837,2.0867
18.4714,0.4835,2.0837
18.4716,0.4964,2.1365
18.4718,0.5578,2.4019
18.4720,0.6287,2.702
18.4722,0.6225,2.6782
18.4724,0.6122,2.6351
18.4726,0.6854,2.9471
18.4728,0.7241,3.1108
18.4730,0.7067,3.0417
18.4732,0.6293,2.7058
18.4734,0.7211,3.095
18.4736,0.7561,3.2438
18.4738,0.7931,3.4022
18.4740,0.8068,3.4597
18.4742,0.8453,3.6282
18.4744,0.8219,3.5278
18.4746,0.8568,3.6724
18.4748,0.8633,3.7053
18.4750,0.8366,3.5906
18.4752,0.8709,3.736
18.4754,0.8841,3.7891
18.4756,0.8896,3.8074
18.4758,0.9504,4.0771
18.4760,0.8928,3.8284
18.4762,0.9068,3.8831
18.4764,0.9853,4.2208
18.4766,1.0107,4.3277
18.4768,0.9637,4.1265
18.4770,0.9664,4.146
18.4772,0.9108,3.911
18.4774,0.8955,3.8415
18.4776,0.8825,3.7842
18.4778,0.9084,3.897
18.4780,0.9429,4.0414
18.4782,0.919,3.9405
18.4784,0.9044,3.8728
18.4786,0.9553,4.0943
18.4788,0.9438,4.0488
18.4790,0.8986,3.8584
18.4792,0.8466,3.6372
18.4794,0.8062,3.4652
18.4796,0.7755,3.3317
18.4798,0.8029,3.446
18.4800,0.8421,3.6109
18.4802,0.87,3.7342
18.4804,0.9001,3.8633
18.4806,0.8767,3.7647
18.4808,0.8095,3.4727
18.4810,0.8353,3.5916
18.4812,0.7638,3.2904
18.4814,0.6706,2.8837
18.4816,0.7158,3.0795
18.4818,0.751,3.2276
18.4820,0.8046,3.4596
18.4822,0.752,3.2368
18.4824,0.7419,3.1914
18.4826,0.705,3.0331
18.4828,0.6712,2.889
18.4830,0.6707,2.8856
18.4832,0.7402,3.1813
18.4834,0.7291,3.1368
18.4836,0.7193,3.0959
18.4838,0.6442,2.7793
18.4840,0.5731,2.4725
18.4842,0.568,2.448
18.4844,0.5787,2.4929
18.4846,0.61,2.6301
18.4848,0.5825,2.5094
18.4850,0.5788,2.4945
18.4852,0.5652,2.4361
18.4854,0.573,2.4709
18.4856,0.5782,2.492
18.4858,0.5874,2.5294
18.4860,0.5886,2.5405
18.4862,0.4869,2.1006
18.4864,0.5353,2.3037
18.4866,0.6477,2.7917
18.4868,0.5757,2.4823
18.4870,0.5564,2.3979
18.4872,0.5285,2.2801
18.4874,0.5233,2.2574
18.4876,0.5229,2.2548
18.4878,0.5264,2.2708
18.4880,0.5272,2.2734
18.4882,0.5276,2.2749
18.4884,0.5295,2.2821
18.4886,0.5401,2.3276
18.4888,0.5719,2.4674
18.4890,0.5534,2.385
18.4892,0.5418,2.3343
18.4894,0.542,2.337
18.4896,0.5384,2.3193
18.4898,0.6059,2.6053
18.4900,0.6522,2.8082
18.4902,0.5953,2.5659
18.4904,0.5573,2.4009
18.4906,0.5518,2.3783
18.4908,0.557,2.4027
18.4910,0.5578,2.4041
18.4912,0.5628,2.4236
18.4914,0.6054,2.6044
18.4916,0.6662,2.866
18.4918,0.7017,3.0158
18.4920,0.7871,3.3843
18.4922,0.7939,3.4153
18.4924,0.7116,3.06
18.4926,0.6811,2.9313
18.4928,0.6343,2.7326
18.4930,0.643,2.7625
18.4932,0.7583,3.2621
18.4934,0.7193,3.093
18.4936,0.7239,3.1126
18.4938,0.7067,3.0445
18.4940,0.6305,2.7173
18.4942,0.6088,2.6213
18.4944,0.6107,2.6283
18.4946,0.6122,2.6363
18.4948,0.6088,2.6225
18.4950,0.6095,2.6256
18.4952,0.6074,2.6144
18.4954,0.6114,2.6327
18.4956,0.618,2.6623
18.4958,0.617,2.6557
18.4960,0.6225,2.6807
18.4962,0.5739,2.4734
18.4964,0.5971,2.5676
18.4966,0.717,3.0832
18.4968,0.6505,2.7997
18.4970,0.6541,2.8139
18.4972,0.7507,3.2266
18.4974,0.7516,3.2317
18.4976,0.703,3.0229
18.4978,0.6987,3.0043
18.4980,0.7223,3.1074
18.4982,0.7107,3.0531
18.4984,0.7056,3.0328
18.4986,0.7306,3.143
18.4988,0.7113,3.0613
18.4990,0.6839,2.9437
18.4992,0.6781,2.917
18.4994,0.7074,3.042
18.4996,0.7206,3.0973
18.4998,0.7591,3.2612
18.5000,0.7044,3.0305
18.5002,0.6793,2.9222
18.5004,0.7249,3.1187
18.5006,0.7215,3.1052
18.5008,0.7164,3.0792
18.5010,0.7164,3.0835
18.5012,0.5932,2.5577
18.5014,0.565,2.434
18.5016,0.5668,2.4417
18.5018,0.5676,2.4431
18.5020,0.5783,2.4936
18.5022,0.5657,2.4393
18.5024,0.5601,2.4139
18.5026,0.5692,2.4509
18.5028,0.6368,2.7447
18.5030,0.6102,2.6226
18.5032,0.7168,3.0836
18.5034,0.6353,2.7367
18.5036,0.5719,2.4651
18.5038,0.5734,2.469
18.5040,0.6083,2.6205
18.5042,0.564,2.4299
18.5044,0.5566,2.3967
18.5046,0.5565,2.3962
18.5048,0.5602,2.4133
18.5050,0.562,2.4222
18.5052,0.5628,2.4258
18.5054,0.5612,2.4186
18.5056,0.5908,2.545
18.5058,0.632,2.7202
18.5060,0.6707,2.8856
18.5062,0.6824,2.9356
18.5064,0.7158,3.0738
18.5066,0.7866,3.3728
18.5068,0.8194,3.5186
18.5070,0.7709,3.3163
18.5072,0.7188,3.0895
18.5074,0.7627,3.2766
18.5076,0.7803,3.3508
18.5078,0.7963,3.4177
18.5080,0.8329,3.5746
18.5082,0.8595,3.6872
18.5084,0.9052,3.8813
18.5086,0.9248,3.9657
18.5088,0.9693,4.1525
18.5090,0.9889,4.2382
18.5092,0.9856,4.2244
18.5094,0.9381,4.0171
18.5096,0.9994,4.2815
18.5098,0.9853,4.2248
18.5100,0.9784,4.1916
18.5102,0.9505,4.0795
18.5104,0.8885,3.8134
18.5106,0.8911,3.823
18.5108,0.8892,3.8165
18.5110,0.874,3.7512
18.5112,0.923,3.9561
18.5114,0.9083,3.902
18.5116,0.7807,3.3586
18.5118,0.7817,3.3611
18.5120,0.8264,3.5501
18.5122,0.8127,3.4963
18.5124,0.6948,2.9892
18.5126,0.7022,3.0221
18.5128,0.7023,3.0184
18.5130,0.7673,3.2977
18.5132,0.8154,3.5028
18.5134,0.814,3.502
18.5136,0.7459,3.2075
18.5138,0.7204,3.1006
18.5140,0.6927,2.98
18.5142,0.7293,3.1344
18.5144,0.682,2.9395
18.5146,0.5765,2.487
18.5148,0.5801,2.4991
18.5150,0.6303,2.718
18.5152,0.6116,2.6337
18.5154,0.6725,2.9
18.5156,0.5999,2.5843
18.5158,0.5935,2.5593
18.5160,0.5218,2.2491
18.5162,0.5812,2.5002
18.5164,0.6542,2.8235
18.5166,0.5223,2.2553
18.5168,0.5192,2.2367
18.5170,0.5429,2.3422
18.5172,0.5553,2.3955
18.5174,0.5312,2.2883
18.5176,0.5998,2.579
18.5178,0.6848,2.9473
18.5180,0.7101,3.0562
18.5182,0.7028,3.0247
18.5184,0.6853,2.9507
18.5186,0.6821,2.94
18.5188,0.6675,2.873
18.5190,0.632,2.7215
18.5192,0.633,2.7243
18.5194,0.67,2.8838
18.5196,0.6749,2.9023
18.5198,0.7644,3.29
18.5200,0.6537,2.8202
18.5202,0.5356,2.3096
18.5204,0.5098,2.1994
18.5206,0.5038,2.1726
18.5208,0.5115,2.2077
18.5210,0.5062,2.1839
18.5212,0.5339,2.3013
18.5214,0.5312,2.2894
18.5216,0.4794,2.07
18.5218,0.4224,1.824
18.5220,0.4326,1.868
18.5222,0.4654,2.0094
18.5224,0.4661,2.0125
18.5226,0.4602,1.9853
18.5228,0.4514,1.9493
18.5230,0.4594,1.9798
18.5232,0.5337,2.3002
18.5234,0.551,2.3747
18.5236,0.5476,2.3602
18.5238,0.5494,2.3701
18.5240,0.5543,2.388
18.5242,0.601,2.5853
18.5244,0.6325,2.7261
18.5246,0.5693,2.4526
18.5248,0.5582,2.4034
18.5250,0.5616,2.4206
18.5252,0.583,2.5115
18.5254,0.6475,2.7855
18.5256,0.6825,2.932
18.5258,0.7547,3.2421
18.5260,0.7548,3.2456
18.5262,0.6405,2.7594
18.5264,0.5466,2.3571
18.5266,0.5361,2.3116
18.5268,0.5398,2.3266
18.5270,0.5969,2.5702
18.5272,0.5646,2.4336
18.5274,0.5335,2.3003
18.5276,0.5319,2.2925
18.5278,0.5303,2.2836
18.5280,0.53,2.2853
18.5282,0.5306,2.2889
18.5284,0.532,2.2951
18.5286,0.526,2.2672
18.5288,0.5319,2.2925
18.5290,0.5309,2.2894
18.5292,0.5408,2.3296
18.5294,0.5457,2.3519
18.5296,0.5216,2.247
18.5298,0.5777,2.483
18.5300,0.7053,3.0369
18.5302,0.5728,2.4676
18.5304,0.5751,2.4762
18.5306,0.6645,2.8614
18.5308,0.6296,2.7111
18.5310,0.582,2.5097
18.5312,0.4741,2.0453
18.5314,0.5107,2.202
18.5316,0.5085,2.1927
18.5318,0.4901,2.1141
18.5320,0.5447,2.3445
18.5322,0.5891,2.5366
18.5324,0.552,2.3804
18.5326,0.52,2.2413
18.5328,0.4944,2.1278
18.5330,0.5634,2.4261
18.5332,0.5775,2.4842
18.5334,0.6371,2.7419
18.5336,0.6618,2.8495
18.5338,0.6474,2.785
18.5340,0.6456,2.7772
18.5342,0.6591,2.8382
18.5344,0.5942,2.5588
18.5346,0.5933,2.5523
18.5348,0.664,2.8553
18.5350,0.6968,2.9947
18.5352,0.6683,2.8779
18.5354,0.6035,2.5974
18.5356,0.616,2.6511
18.5358,0.5893,2.5365
18.5360,0.5832,2.5113
18.5362,0.6042,2.6005
18.5364,0.5679,2.4475
18.5366,0.5016,2.1617
18.5368,0.5122,2.2047
18.5370,0.6259,2.6964
18.5372,0.5935,2.5557
18.5374,0.5903,2.5406
18.5376,0.6106,2.6266
18.5378,0.6348,2.7308
18.5380,0.6357,2.7362
18.5382,0.6192,2.6638
18.5384,0.6451,2.7765
18.5386,0.6297,2.7117
18.5388,0.6036,2.5967
18.5390,0.6403,2.7507
18.5392,0.7339,3.1515
18.5394,0.7799,3.3487
18.5396,0.8128,3.4887
18.5398,0.794,3.4063
18.5400,0.8137,3.4972
18.5402,0.833,3.5751
18.5404,0.8669,3.7173
18.5406,0.879,3.7657
18.5408,0.8863,3.7953
18.5410,0.9225,3.9522
18.5412,0.9396,4.0195
18.5414,0.9799,4.1958
18.5416,0.9856,4.2224
18.5418,0.9891,4.2412
18.5420,0.9612,4.1157
18.5422,0.9566,4.1076
18.5424,0.9365,4.0118
18.5426,0.9922,4.2467
18.5428,0.9899,4.2409
18.5430,0.9596,4.1224
18.5432,0.8457,3.6348
18.5434,0.8126,3.4877
18.5436,0.8284,3.5556
18.5438,0.8209,3.5265
18.5440,0.82,3.5196
18.5442,0.8519,3.6531
18.5444,0.8589,3.688
18.5446,0.82,3.5212
18.5448,0.876,3.7599
18.5450,0.8823,3.7884
18.5452,0.8186,3.5199
18.5454,0.7231,3.1095
18.5456,0.7254,3.1222
18.5458,0.7095,3.0493
18.5460,0.7831,3.3626
18.5462,0.8372,3.5948
18.5464,0.8416,3.6173
18.5466,0.7963,3.4256
18.5468,0.7309,3.1416
18.5470,0.7518,3.2328
18.5472,0.7209,3.1055
18.5474,0.6865,2.9545
18.5476,0.6475,2.7855
18.5478,0.6642,2.8572
18.5480,0.6602,2.8454
18.5482,0.6537,2.8162
18.5484,0.6231,2.6858
18.5486,0.5618,2.4212
18.5488,0.5602,2.4144
18.5490,0.5932,2.5542
18.5492,0.6267,2.7
18.5494,0.5942,2.5612
18.5496,0.6192,2.6675
18.5498,0.6574,2.8283
18.5500,0.7267,3.1235
18.5502,0.7206,3.1016
18.5504,0.6833,2.9411
18.5506,0.6893,2.9669
18.5508,0.671,2.8879
18.5510,0.6751,2.9122
18.5512,0.6236,2.6853
18.5514,0.6601,2.8396
18.5516,0.6761,2.9101
18.5518,0.6787,2.9223
18.5520,0.608,2.6194
18.5522,0.5749,2.4757
18.5524,0.6077,2.6167
18.5526,0.6217,2.6783
18.5528,0.6319,2.7172
18.5530,0.7411,3.1913
18.5532,0.6531,2.8163
18.5534,0.5028,2.1669
18.5536,0.551,2.3758
18.5538,0.5655,2.4349
18.5540,0.6162,2.6521
18.5542,0.6892,2.965
18.5544,0.6811,2.934
18.5546,0.5748,2.4798
18.5548,0.5378,2.3189
18.5550,0.5373,2.3136
18.5552,0.5643,2.4343
18.5554,0.5219,2.2517
18.5556,0.573,2.4652
18.5558,0.6586,2.8361
18.5560,0.647,2.7873
18.5562,0.6966,2.9928
18.5564,0.774,3.3281
18.5566,0.7016,3.0209
18.5568,0.6602,2.8402
18.5570,0.7224,3.1035
18.5572,0.7426,3.1871
18.5574,0.827,3.5511
18.5576,0.8227,3.5342
18.5578,0.8152,3.5006
18.5580,0.824,3.5349
18.5582,0.806,3.461
18.5584,0.8044,3.4559
18.5586,0.7921,3.4028
18.5588,0.7794,3.3529
18.5590,0.7151,3.0764
18.5592,0.7664,3.2926
18.5594,0.8155,3.5016
18.5596,0.8121,3.4872
18.5598,0.8236,3.535
18.5600,0.8838,3.7969
18.5602,0.754,3.2451
18.5604,0.6355,2.739
18.5606,0.6248,2.693
18.5608,0.6172,2.6599
18.5610,0.6163,2.6501
18.5612,0.6541,2.8217
18.5614,0.5632,2.4296
18.5616,0.5544,2.3896
18.5618,0.5418,2.3343
18.5620,0.5407,2.3324
18.5622,0.544,2.3479
18.5624,0.5468,2.3577
18.5626,0.5734,2.4678
18.5628,0.6329,2.7276
18.5630,0.5612,2.4208
18.5632,0.5646,2.4324
18.5634,0.6365,2.7368
18.5636,0.6809,2.9308
18.5638,0.6812,2.9318
18.5640,0.7002,3.0153
18.5642,0.6264,2.6997
18.5644,0.5984,2.5793
18.5646,0.595,2.5619
18.5648,0.5826,2.5088
18.5650,0.6083,2.6217
18.5652,0.5799,2.4992
18.5654,0.6049,2.6036
18.5656,0.5993,2.5817
18.5658,0.5811,2.5055
18.5660,0.6071,2.6116
18.5662,0.6658,2.8617
18.5664,0.7203,3.0957
18.5666,0.7902,3.3977
18.5668,0.7486,3.2188
18.5670,0.6952,2.9894
18.5672,0.6898,2.9703
18.5674,0.6649,2.8656
18.5676,0.6349,2.7326
18.5678,0.598,2.5796
18.5680,0.5042,2.1761
18.5682,0.527,2.2723
18.5684,0.5223,2.2511
18.5686,0.4909,2.1177
18.5688,0.4908,2.1172
18.5690,0.4853,2.0934
18.5692,0.489,2.1084
18.5694,0.5584,2.4078
18.5696,0.5131,2.2134
18.5698,0.4952,2.1343
18.5700,0.4957,2.1374
18.5702,0.5344,2.3023
18.5704,0.6036,2.5979
18.5706,0.5717,2.4652
18.5708,0.5017,2.1653
18.5710,0.4915,2.1193
18.5712,0.5113,2.2046
18.5714,0.4994,2.1524
18.5716,0.5018,2.1648
18.5718,0.4987,2.1493
18.5720,0.5595,2.4057
18.5722,0.6826,2.9325
18.5724,0.7211,3.1022
18.5726,0.6927,2.9786
18.5728,0.7631,3.2797
18.5730,0.7186,3.0899
18.5732,0.7229,3.1085
18.5734,0.7402,3.1783
18.5736,0.7657,3.288
18.5738,0.7971,3.4229
18.5740,0.8462,3.6301
18.5742,0.8155,3.4984
18.5744,0.8668,3.7151
18.5746,0.944,4.0479
18.5748,0.958,4.1023
18.5750,0.9622,4.1184
18.5752,0.9944,4.2599
18.5754,0.9727,4.1689
18.5756,0.9401,4.0253
18.5758,0.9404,4.0381
18.5760,0.9301,3.9846
18.5762,0.9511,4.0802
18.5764,0.9237,3.9629
18.5766,0.9114,3.9081
18.5768,0.9754,4.1807
18.5770,0.9751,4.183
18.5772,0.9143,3.9241
18.5774,0.8794,3.7708
18.5776,0.9619,4.1226
18.5778,1.0119,4.3349
18.5780,1.0139,4.3436
18.5782,1.0008,4.2916
18.5784,0.9204,3.9503
18.5786,0.9024,3.8731
18.5788,0.8272,3.5637
18.5790,0.7556,3.2462
18.5792,0.8459,3.6324
18.5794,0.8607,3.6992
18.5796,0.7821,3.3648
18.5798,0.7389,3.1786
18.5800,0.7342,3.157
18.5802,0.7499,3.226
18.5804,0.8187,3.5139
18.5806,0.8494,3.6558
18.5808,0.7078,3.0492
18.5810,0.6073,2.6175
18.5812,0.5915,2.5505
18.5814,0.5757,2.4823
18.5816,0.5763,2.4837
18.5818,0.565,2.434
18.5820,0.5747,2.4804
18.5822,0.5775,2.4889
18.5824,0.6189,2.664
18.5826,0.6719,2.8894
18.5828,0.691,2.9755
18.5830,0.7131,3.0691
18.5832,0.6735,2.9015
18.5834,0.6084,2.6246
18.5836,0.5453,2.3547
18.5838,0.5041,2.1746
18.5840,0.5531,2.3806
18.5842,0.6327,2.7296
18.5844,0.5344,2.3065
18.5846,0.5018,2.1658
18.5848,0.4953,2.1368
18.5850,0.5457,2.353
18.5852,0.5414,2.3355
18.5854,0.5049,2.1802
18.5856,0.4851,2.0919
18.5858,0.5827,2.5081
18.5860,0.6529,2.8165
18.5862,0.5447,2.3489
18.5864,0.4965,2.144
18.5866,0.4133,1.7847
18.5868,0.4072,1.7607
18.5870,0.4052,1.7511
18.5872,0.4343,1.8753
18.5874,0.4634,2.0002
18.5876,0.4663,2.0107
18.5878,0.502,2.1678
18.5880,0.4606,1.9878
18.5882,0.4596,1.9836
18.5884,0.4903,2.1141
18.5886,0.5359,2.3106
18.5888,0.5453,2.3482
18.5890,0.5775,2.4877
18.5892,0.5896,2.5387
18.5894,0.6077,2.6179
18.5896,0.5603,2.4116
18.5898,0.5676,2.4465
18.5900,0.5703,2.4567
18.5902,0.5693,2.4526
18.5904,0.5957,2.5626
18.5906,0.6813,2.9282
18.5908,0.8261,3.5458
18.5910,0.7849,3.3719
18.5912,0.7558,3.2452
18.5914,0.7144,3.079
18.5916,0.5607,2.4154
18.5918,0.543,2.3416
18.5920,0.5889,2.5368
18.5922,0.6319,2.7197
18.5924,0.6633,2.8549
18.5926,0.6083,2.6205
18.5928,0.5415,2.3327
18.5930,0.5409,2.3302
18.5932,0.5619,2.4183
18.5934,0.648,2.7914
18.5936,0.6291,2.7091
18.5938,0.6181,2.6628
18.5940,0.6228,2.6805
18.5942,0.6595,2.8397
18.5944,0.6428,2.7654
18.5946,0.6172,2.6525
18.5948,0.624,2.6906
18.5950,0.4797,2.0715
18.5952,0.4802,2.0697
18.5954,0.5378,2.3189
18.5956,0.471,2.0309
18.5958,0.4639,2.0013
18.5960,0.4535,1.9554
18.5962,0.4646,2.0035
18.5964,0.5044,2.1711
18.5966,0.6692,2.8789
18.5968,0.6883,2.9622
18.5970,0.6269,2.6968
18.5972,0.6293,2.7096
18.5974,0.6037,2.5972
18.5976,0.6963,2.9954
18.5978,0.7072,3.041
18.5980,0.7462,3.2055
18.5982,0.7082,3.0479
18.5984,0.6034,2.6005
18.5986,0.5877,2.5328
18.5988,0.6113,2.6334
18.5990,0.583,2.5091
18.5992,0.593,2.5537
18.5994,0.6062,2.608
18.5996,0.6733,2.895
18.5998,0.7264,3.1205
18.6000,0.7432,3.1956
18.6002,0.6891,2.9645
18.6004,0.7313,3.1417
18.6006,0.7544,3.2456
18.6008,0.6146,2.6491
18.6010,0.6089,2.623
18.6012,0.6148,2.6471
18.6014,0.5978,2.5743
18.6016,0.5444,2.3473
18.6018,0.4848,2.0913
18.6020,0.4801,2.0711
18.6022,0.4821,2.0799
18.6024,0.4795,2.0676
18.6026,0.4859,2.095
18.6028,0.4769,2.0562
18.6030,0.4797,2.0696
18.6032,0.4981,2.1458
18.6034,0.552,2.3782
18.6036,0.5313,2.292
18.6038,0.4827,2.0825
18.6040,0.4806,2.0723
18.6042,0.479,2.0646
18.6044,0.4806,2.0713
18.6046,0.4861,2.0941
18.6048,0.4915,2.1173
18.6050,0.5504,2.3699
18.6052,0.6436,2.7651
18.6054,0.7452,3.1984
18.6056,0.7909,3.3977
18.6058,0.7706,3.3106
18.6060,0.7832,3.3616
18.6062,0.7992,3.4268
18.6064,0.8413,3.6056
18.6066,0.866,3.7149
18.6068,0.8661,3.7137
18.6070,0.8518,3.6559
18.6072,0.8634,3.7041
18.6074,0.8783,3.7679
18.6076,0.8471,3.6342
18.6078,0.8384,3.595
18.6080,0.8425,3.6158
18.6082,0.8387,3.6015
18.6084,0.8596,3.6825
18.6086,0.974,4.1726
18.6088,0.9799,4.1997
18.6090,0.9844,4.2153
18.6092,0.9901,4.2493
18.6094,0.8748,3.7513
18.6096,0.8428,3.6173
18.6098,0.8223,3.5343
18.6100,0.802,3.4472
18.6102,0.8257,3.5438
18.6104,0.8654,3.7106
18.6106,0.9312,3.9892
18.6108,0.9684,4.1523
18.6110,0.9379,4.0217
18.6112,0.8644,3.71
18.6114,0.8028,3.4503
18.6116,0.7931,3.4085
18.6118,0.8104,3.4816
18.6120,0.8247,3.538
18.6122,0.8682,3.7247
18.6124,0.8802,3.7779
18.6126,0.8139,3.4998
18.6128,0.7363,3.1707
18.6130,0.6913,2.9738
18.6132,0.7759,3.3333
18.6134,0.7632,3.2817
18.6136,0.7883,3.3848
18.6138,0.8365,3.5951
18.6140,0.8014,3.4414
18.6142,0.8245,3.5469
18.6144,0.7255,3.1271
18.6146,0.6801,2.9272
18.6148,0.7138,3.0707
18.6150,0.7439,3.1987
18.6152,0.711,3.0575
18.6154,0.7359,3.1627
18.6156,0.7384,3.175
18.6158,0.7383,3.1715
18.6160,0.7457,3.2094
18.6162,0.717,3.0847
18.6164,0.7106,3.0611
18.6166,0.657,2.8302
18.6168,0.5897,2.5404
18.6170,0.6011,2.5859
18.6172,0.6654,2.8637
18.6174,0.6853,2.9493
18.6176,0.6839,2.9409
18.6178,0.6797,2.9256
18.6180,0.6893,2.9683
18.6182,0.7349,3.163
18.6184,0.7501,3.2255
18.6186,0.7056,3.0371
18.6188,0.6794,2.9213
18.6190,0.7452,3.2029
18.6192,0.7221,3.1063
18.6194,0.6682,2.8801
18.6196,0.614,2.6489
18.6198,0.568,2.4492
18.6200,0.5923,2.5518
18.6202,0.6296,2.7111
18.6204,0.6927,2.98
18.6206,0.7116,3.06
18.6208,0.7056,3.0371
18.6210,0.6779,2.9179
18.6212,0.709,3.0572
18.6214,0.6181,2.6628
18.6216,0.6588,2.8366
18.6218,0.6377,2.747
18.6220,0.6409,2.761
18.6222,0.7104,3.052
18.6224,0.7615,3.2776
18.6226,0.6468,2.7837
18.6228,0.6355,2.7352
18.6230,0.642,2.7656
18.6232,0.6523,2.8061
18.6234,0.7079,3.0398
18.6236,0.7626,3.2792
18.6238,0.7246,3.1172
18.6240,0.6962,3.0005
18.6242,0.6205,2.6719
18.6244,0.615,2.6494
18.6246,0.6142,2.647
18.6248,0.6178,2.66
18.6250,0.616,2.6535
18.6252,0.6131,2.6423
18.6254,0.6518,2.8014
18.6256,0.7694,3.3024
18.6258,0.7829,3.3663
18.6260,0.7375,3.1744
18.6262,0.7062,3.0439
18.6264,0.6242,2.6892
18.6266,0.6195,2.6678
18.6268,0.6181,2.6653
18.6270,0.6187,2.6654
18.6272,0.6154,2.6485
18.6274,0.6191,2.6669
18.6276,0.6211,2.677
18.6278,0.5994,2.581
18.6280,0.6584,2.839
18.6282,0.6145,2.6498
18.6284,0.5678,2.4459
18.6286,0.553,2.3856
18.6288,0.5788,2.4899
18.6290,0.7036,3.0283
18.6292,0.5965,2.5722
18.6294,0.5434,2.3432
18.6296,0.5686,2.4483
18.6298,0.6404,2.7551
18.6300,0.6871,2.9585
18.6302,0.6654,2.8637
18.6304,0.6588,2.8379
18.6306,0.58,2.4974
18.6308,0.5903,2.5406
18.6310,0.6712,2.8863
18.6312,0.7204,3.102
18.6314,0.6745,2.9056
18.6316,0.6301,2.717
18.6318,0.5398,2.3277
18.6320,0.5487,2.3593
18.6322,0.7312,3.1382
18.6324,0.7687,3.3085
18.6326,0.6442,2.778
18.6328,0.5892,2.5383
18.6330,0.6032,2.5964
18.6332,0.6934,2.9803
18.6334,0.7662,3.2977
18.6336,0.6528,2.8108
18.6338,0.5778,2.4858
18.6340,0.6337,2.7249
18.6342,0.652,2.8103
18.6344,0.5952,2.5653
18.6346,0.5891,2.5355
18.6348,0.6384,2.745
18.6350,0.6536,2.8183
18.6352,0.5073,2.1896
18.6354,0.4959,2.1374
18.6356,0.6024,2.5927
18.6358,0.5938,2.5603
18.6360,0.5532,2.3867
18.6362,0.5592,2.4103
18.6364,0.5921,2.5472
18.6366,0.621,2.674
18.6368,0.6227,2.68
18.6370,0.6341,2.7302
18.6372,0.6343,2.7262
18.6374,0.6813,2.9323
18.6376,0.6349,2.7339
18.6378,0.6685,2.8758
18.6380,0.7192,3.0896
18.6382,0.7457,3.208
18.6384,0.7071,3.0461
18.6386,0.6582,2.8301
18.6388,0.7501,3.218
18.6390,0.8306,3.5698
18.6392,0.7755,3.3364
18.6394,0.7276,3.1315
18.6396,0.7387,3.1721
18.6398,0.8058,3.4632
18.6400,0.8297,3.5629
18.6402,0.8306,3.5632
18.6404,0.8636,3.7029
18.6406,0.939,4.0226
18.6408,1.008,4.3184
18.6410,1.032,4.4212
18.6412,1.0357,4.4371
18.6414,1.0046,4.3015
18.6416,1.0023,4.2978
18.6418,0.9944,4.2599
18.6420,0.9963,4.2701
18.6422,0.9819,4.2065
18.6424,0.9819,4.2104
18.6426,0.9893,4.2423
18.6428,1.001,4.2901
18.6430,0.9682,4.1498
18.6432,0.929,3.9855
18.6434,0.8839,3.7992
18.6436,0.8092,3.4765
18.6438,0.8613,3.6949
18.6440,0.8992,3.8592
18.6442,0.8933,3.8412
18.6444,0.786,3.3828
18.6446,0.7133,3.0715
18.6448,0.6728,2.8997
18.6450,0.6046,2.6069
18.6452,0.5956,2.5657
18.6454,0.6118,2.6342
18.6456,0.6636,2.8559
18.6458,0.7337,3.1549
18.6460,0.7452,3.2059
18.6462,0.7001,3.0175
18.6464,0.633,2.7294
18.6466,0.593,2.5537
18.6468,0.6227,2.6837
18.6470,0.6267,2.7
18.6472,0.6307,2.7196
18.6474,0.576,2.4827
18.6476,0.5688,2.4539
18.6478,0.5751,2.4797
18.6480,0.5465,2.3599
18.6482,0.502,2.1638
18.6484,0.6031,2.597
18.6486,0.6114,2.6363
18.6488,0.5893,2.5412
18.6490,0.5842,2.5201
18.6492,0.5363,2.3116
18.6494,0.5701,2.4585
18.6496,0.5712,2.4608
18.6498,0.5951,2.566
18.6500,0.5267,2.2724
18.6502,0.5008,2.1596
18.6504,0.5306,2.2868
18.6506,0.6007,2.5903
18.6508,0.5772,2.4867
18.6510,0.6122,2.6387
18.6512,0.555,2.3944
18.6514,0.5486,2.3654
18.6516,0.5397,2.325
18.6518,0.5277,2.2754
18.6520,0.5062,2.1839
18.6522,0.549,2.3642
18.6524,0.627,2.7023
18.6526,0.6024,2.5976
18.6528,0.5686,2.4495
18.6530,0.61,2.6265
18.6532,0.6327,2.7246
18.6534,0.5704,2.4607
18.6536,0.4954,2.1374
18.6538,0.4793,2.0685
18.6540,0.5076,2.1886
18.6542,0.5691,2.4527
18.6544,0.6072,2.6134
18.6546,0.6162,2.6521
18.6548,0.6409,2.7597
18.6550,0.5923,2.5553
18.6552,0.5191,2.2403
18.6554,0.5182,2.2325
18.6556,0.6275,2.7031
18.6558,0.5902,2.5436
18.6560,0.605,2.6053
18.6562,0.6725,2.892
18.6564,0.7716,3.3163
18.6566,0.7271,3.128
18.6568,0.7126,3.0642
18.6570,0.7423,3.1935
18.6572,0.6759,2.9091
18.6574,0.6542,2.8157
18.6576,0.6544,2.8193
18.6578,0.6572,2.8299
18.6580,0.6549,2.8175
18.6582,0.6644,2.8582
18.6584,0.6496,2.7974
18.6586,0.6481,2.7894
18.6588,0.6484,2.7883
18.6590,0.7522,3.2373
18.6592,0.6809,2.928
18.6594,0.7203,3.1015
18.6596,0.6576,2.8314
18.6598,0.6594,2.8392
18.6600,0.6441,2.7723
18.6602,0.6407,2.7574
18.6604,0.6332,2.7304
18.6606,0.5272,2.2744
18.6608,0.4934,2.1286
18.6610,0.5071,2.1855
18.6612,0.566,2.4404
18.6614,0.5061,2.1804
18.6616,0.5272,2.2734
18.6618,0.4865,2.1005
18.6620,0.4889,2.107
18.6622,0.5734,2.469
18.6624,0.5697,2.4598
18.6626,0.4749,2.0499
18.6628,0.4648,2.0031
18.6630,0.5194,2.2377
18.6632,0.5778,2.4893
18.6634,0.6163,2.6563
18.6636,0.5613,2.4225
18.6638,0.4941,2.1317
18.6640,0.4737,2.0447
18.6642,0.4699,2.0272
18.6644,0.4686,2.0206
18.6646,0.5071,2.1855
18.6648,0.4867,2.0977
18.6650,0.4887,2.1035
18.6652,0.5771,2.4815
18.6654,0.6127,2.6396
18.6656,0.5535,2.3866
18.6658,0.559,2.407
18.6660,0.597,2.5707
18.6662,0.6011,2.5895
18.6664,0.579,2.4921
18.6666,0.5987,2.5791
18.6668,0.5898,2.5397
18.6670,0.5926,2.5516
18.6672,0.605,2.6053
18.6674,0.5959,2.5661
18.6676,0.5849,2.5186
18.6678,0.5887,2.5351
18.6680,0.5986,2.5774
18.6682,0.6164,2.6544
18.6684,0.6013,2.5869
18.6686,0.6511,2.7997
18.6688,0.6266,2.6995
18.6690,0.5982,2.5771
18.6692,0.5725,2.4688
18.6694,0.4952,2.1353
18.6696,0.4887,2.1064
18.6698,0.491,2.1172
18.6700,0.4922,2.1224
18.6702,0.4901,2.1121
18.6704,0.488,2.1043
18.6706,0.4903,2.1122
18.6708,0.5174,2.231
18.6710,0.5272,2.2702
18.6712,0.6205,2.6719
18.6714,0.5874,2.5259
18.6716,0.5871,2.5279
18.6718,0.5915,2.5458
18.6720,0.6614,2.8453
18.6722,0.6797,2.9215
18.6724,0.7318,3.1467
18.6726,0.7172,3.0823
18.6728,0.7609,3.2674
18.6730,0.794,3.4047
18.6732,0.8197,3.5147
18.6734,0.8246,3.5358
18.6736,0.8709,3.7308
18.6738,0.9374,4.0159
18.6740,0.9724,4.162
18.6742,0.9706,4.1601
18.6744,0.9366,4.0085
18.6746,0.9889,4.2343
18.6748,0.9727,4.1689
18.6750,0.9536,4.091
18.6752,0.9385,4.0205
18.6754,0.9622,4.1222
18.6756,0.9435,4.0459
18.6758,0.9319,3.9979
18.6760,0.9071,3.8877
18.6762,0.911,3.9029
18.6764,0.9488,4.0628
18.6766,0.9423,4.0445
18.6768,0.935,4.0075
18.6770,0.9937,4.2568
18.6772,0.9589,4.1136
18.6774,0.9019,3.8693
18.6776,0.8734,3.7486
18.6778,0.8264,3.5485
18.6780,0.7969,3.4282
18.6782,0.7312,3.1426
18.6784,0.768,3.3024
18.6786,0.7903,3.3967
18.6788,0.8227,3.5391
18.6790,0.7417,3.185
18.6792,0.8354,3.5871
18.6794,0.8014,3.4446
18.6796,0.782,3.3564
18.6798,0.795,3.412
18.6800,0.8451,3.6339
18.6802,0.7456,3.2089
18.6804,0.665,2.8581
18.6806,0.7577,3.258
18.6808,0.738,3.1749
18.6810,0.6964,3.0001
18.6812,0.6703,2.8822
18.6814,0.7405,3.1843
18.6816,0.6952,2.988
18.6818,0.7508,3.2271
18.6820,0.7754,3.3374
18.6822,0.7026,3.0214
18.6824,0.6849,2.9505
18.6826,0.6204,2.6726
18.6828,0.6583,2.8332
18.6830,0.6613,2.8475
18.6832,0.657,2.8289
18.6834,0.6626,2.8545
18.6836,0.6712,2.889
18.6838,0.6246,2.692
18.6840,0.5693,2.456
18.6842,0.5573,2.4009
18.6844,0.5711,2.4603
18.6846,0.5781,2.4914
18.6848,0.5891,2.5402
18.6850,0.5969,2.5702
18.6852,0.6597,2.8381
18.6854,0.6603,2.8446
18.6856,0.618,2.6598
18.6858,0.6333,2.7284
18.6860,0.5475,2.3608
18.6862,0.5454,2.3531
18.6864,0.5556,2.397
18.6866,0.5317,2.2925
18.6868,0.5281,2.2781
18.6870,0.5248,2.2641
18.6872,0.5243,2.261
18.6874,0.5384,2.3182
18.6876,0.609,2.6223
18.6878,0.6351,2.7349
18.6880,0.6369,2.7401
18.6882,0.6363,2.7401
18.6884,0.6723,2.8896
18.6886,0.7582,3.2601
18.6888,0.7151,3.0793
18.6890,0.6427,2.7674
18.6892,0.6664,2.863
18.6894,0.6797,2.9256
18.6896,0.6797,2.9242
18.6898,0.7013,3.0185
18.6900,0.6279,2.7052
18.6902,0.6136,2.6444
18.6904,0.612,2.6365
18.6906,0.6254,2.6906
18.6908,0.6221,2.6786
18.6910,0.6289,2.7093
18.6912,0.6263,2.6979
18.6914,0.6228,2.678
18.6916,0.6932,2.9806
18.6918,0.7258,3.1223
18.6920,0.6859,2.9519
18.6922,0.6275,2.7006
18.6924,0.6567,2.8226
18.6926,0.7366,3.1658
18.6928,0.7458,3.2085
18.6930,0.6571,2.8294
18.6932,0.6101,2.6282
18.6934,0.6156,2.6483
18.6936,0.6535,2.8152
18.6938,0.596,2.5654
18.6940,0.626,2.6957
18.6942,0.6447,2.7775
18.6944,0.6669,2.8731
18.6946,0.5668,2.4417
18.6948,0.5439,2.3442
18.6950,0.5644,2.4325
18.6952,0.6329,2.7264
18.6954,0.5627,2.423
18.6956,0.5601,2.4128
18.6958,0.5919,2.545
18.6960,0.7001,3.0119
18.6962,0.7349,3.1586
18.6964,0.7933,3.4064
18.6966,0.7999,3.4363
18.6968,0.7554,3.2543
18.6970,0.6241,2.6886
18.6972,0.6211,2.6683
18.6974,0.7128,3.0666
18.6976,0.6318,2.7204
18.6978,0.6673,2.8733
18.6980,0.6996,3.0099
18.6982,0.7096,3.0527
18.6984,0.7005,3.0121
18.6986,0.7166,3.084
18.6988,0.6706,2.8837
18.6990,0.7237,3.1121
18.6992,0.7574,3.2555
18.6994,0.7695,3.3106
18.6996,0.7318,3.1481
18.6998,0.685,2.9497
18.7000,0.6854,2.9499
18.7002,0.7018,3.022
18.7004,0.5927,2.5533
18.7006,0.5849,2.5197
18.7008,0.5844,2.5188
18.7010,0.5926,2.5516
18.7012,0.6285,2.7065
18.7014,0.5988,2.5832
18.7016,0.53,2.2842
18.7018,0.5541,2.3881
18.7020,0.5016,2.1647
18.7022,0.4968,2.143
18.7024,0.4938,2.1291
18.7026,0.4974,2.1446
18.7028,0.5482,2.365
18.7030,0.5362,2.3132
18.7032,0.4862,2.0966
18.7034,0.4841,2.0882
18.7036,0.4903,2.1151
18.7038,0.4903,2.1151
18.7040,0.5007,2.1561
18.7042,0.5831,2.5096
18.7044,0.5868,2.5292
18.7046,0.5941,2.5631
18.7048,0.5555,2.3943
18.7050,0.5757,2.4754
18.7052,0.6546,2.8172
18.7054,0.6754,2.9043
18.7056,0.7242,3.1142
18.7058,0.7311,3.1377
18.7060,0.773,3.3209
18.7062,0.783,3.3637
18.7064,0.8085,3.4669
18.7066,0.8702,3.7329
18.7068,0.8855,3.8006
18.7070,0.8576,3.6789
18.7072,0.8445,3.6229
18.7074,0.9128,3.9124
18.7076,0.964,4.1357
18.7078,0.9731,4.1709
18.7080,0.9851,4.2203
18.7082,0.9656,4.1366
18.7084,0.9909,4.243
18.7086,0.976,4.1891
18.7088,0.8486,3.6404
18.7090,0.897,3.8428
18.7092,0.9488,4.0666
18.7094,0.9324,4.0074
18.7096,0.8823,3.7884
18.7098,0.876,3.7564
18.7100,0.8919,3.8278
18.7102,0.8717,3.7501
18.7104,0.7374,3.1679
18.7106,0.7797,3.3482
18.7108,0.8267,3.555
18.7110,0.762,3.2827
18.7112,0.67,2.8851
18.7114,0.6531,2.8123
18.7116,0.6594,2.8418
18.7118,0.596,2.5666
18.7120,0.6307,2.7171
18.7122,0.6532,2.8129
18.7124,0.6674,2.8725
18.7126,0.6801,2.9258
18.7128,0.7213,3.1018
18.7130,0.7685,3.3029
18.7132,0.7622,3.2837
18.7134,0.6901,2.9672
18.7136,0.6855,2.949
18.7138,0.6709,2.8861
18.7140,0.7108,3.0635
18.7142,0.5948,2.5626
18.7144,0.6512,2.8015
18.7146,0.6585,2.8356
18.7148,0.6743,2.9024
18.7150,0.689,2.9653
18.7152,0.6824,2.9342
18.7154,0.691,2.9783
18.7156,0.6241,2.6899
18.7158,0.6162,2.6521
18.7160,0.6697,2.8823
18.7162,0.6765,2.9157
18.7164,0.5998,2.5826
18.7166,0.6306,2.7128
18.7168,0.6807,2.9338
18.7170,0.6318,2.723
18.7172,0.6182,2.6609
18.7174,0.6657,2.8666
18.7176,0.6548,2.8235
18.7178,0.6174,2.6572
18.7180,0.6526,2.8116
18.7182,0.6241,2.6911
18.7184,0.6126,2.6403
18.7186,0.5502,2.3716
18.7188,0.5773,2.4872
18.7190,0.5925,2.5535
18.7192,0.5903,2.543
18.7194,0.6686,2.8803
18.7196,0.6191,2.6657
18.7198,0.591,2.5496
18.7200,0.5032,2.17
18.7202,0.4839,2.0867
18.7204,0.5016,2.1637
18.7206,0.5386,2.3171
18.7208,0.6324,2.723
18.7210,0.5803,2.5047
18.7212,0.5048,2.1777
18.7214,0.5107,2.201
18.7216,0.5272,2.2702
18.7218,0.57,2.4568
18.7220,0.5916,2.5463
18.7222,0.642,2.763
18.7224,0.6317,2.7199
18.7226,0.6995,3.0108
18.7228,0.6751,2.9014
18.7230,0.7183,3.0903
18.7232,0.6856,2.955
18.7234,0.5755,2.4806
18.7236,0.5315,2.2899
18.7238,0.5309,2.2905
18.7240,0.5345,2.3049
18.7242,0.533,2.2993
18.7244,0.5303,2.2879
18.7246,0.5299,2.2848
18.7248,0.5279,2.2754
18.7250,0.5347,2.3054
18.7252,0.5275,2.2755
18.7254,0.5281,2.2759
18.7256,0.5451,2.3482
18.7258,0.539,2.324
18.7260,0.5319,2.2946
18.7262,0.5486,2.3632
18.7264,0.6,2.5812
18.7266,0.6205,2.6719
18.7268,0.555,2.3922
18.7270,0.6175,2.6578
18.7272,0.5633,2.429
18.7274,0.471,2.0337
18.7276,0.4673,2.0167
18.7278,0.4634,1.9992
18.7280,0.4619,1.9916
18.7282,0.4578,1.9759
18.7284,0.4606,1.9878
18.7286,0.4634,1.9983
18.7288,0.4639,2.0013
18.7290,0.4621,1.9945
18.7292,0.4645,2.003
18.7294,0.6453,2.7762
18.7296,0.6661,2.8668
18.7298,0.6024,2.5951
18.7300,0.5747,2.477
18.7302,0.514,2.2155
18.7304,0.4851,2.0919
18.7306,0.4783,2.0615
18.7308,0.4782,2.0638
18.7310,0.4841,2.0872
18.7312,0.567,2.4382
18.7314,0.6173,2.658
18.7316,0.5718,2.4646
18.7318,0.5628,2.4236
18.7320,0.5648,2.4307
18.7322,0.6167,2.6554
18.7324,0.5971,2.5724
18.7326,0.582,2.5038
18.7328,0.6512,2.8015
18.7330,0.6867,2.9542
18.7332,0.6514,2.8038
18.7334,0.6101,2.6258
18.7336,0.5953,2.5647
18.7338,0.5868,2.5257
18.7340,0.608,2.6133
18.7342,0.6902,2.9691
18.7344,0.6925,2.9775
18.7346,0.6126,2.6342
18.7348,0.6675,2.8716
18.7350,0.659,2.8337
18.7352,0.6998,3.0034
18.7354,0.738,3.1764
18.7356,0.6178,2.6613
18.7358,0.6107,2.6296
18.7360,0.615,2.6469
18.7362,0.6131,2.6338
18.7364,0.7026,3.0186
18.7366,0.6711,2.8884
18.7368,0.6462,2.7798
18.7370,0.6284,2.7035
18.7372,0.6205,2.6682
18.7374,0.6444,2.7759
18.7376,0.5952,2.5618
18.7378,0.6377,2.7394
18.7380,0.6692,2.8829
18.7382,0.6221,2.6736
18.7384,0.7337,3.149
18.7386,0.7368,3.1668
18.7388,0.7241,3.1108
18.7390,0.8072,3.4677
18.7392,0.8151,3.4968
18.7394,0.8305,3.566
18.7396,0.8265,3.549
18.7398,0.8725,3.7397
18.7400,0.894,3.8335
18.7402,0.8651,3.7044
18.7404,0.9693,4.1545
18.7406,0.9219,3.9533
18.7408,0.953,4.0846
18.7410,0.9758,4.1783
18.7412,0.9836,4.2117
18.7414,0.9823,4.206
18.7416,0.9806,4.2028
18.7418,0.914,3.9176
18.7420,0.8879,3.8126
18.7422,0.823,3.5341
18.7424,0.8372,3.5915
18.7426,0.8767,3.7665
18.7428,0.8445,3.6279
18.7430,0.8386,3.5977
18.7432,0.847,3.6371
18.7434,0.7668,3.2926
18.7436,0.8255,3.5465
18.7438,0.8719,3.7459
18.7440,0.7776,3.3436
18.7442,0.7269,3.1255
18.7444,0.7239,3.1112
18.7446,0.7218,3.1067
18.7448,0.6847,2.944
18.7450,0.7385,3.174
18.7452,0.7639,3.2864
18.7454,0.7706,3.3168
18.7456,0.6992,3.0064
18.7458,0.6983,3.0042
18.7460,0.7011,3.0175
18.7462,0.6885,2.9633
18.7464,0.6739,2.8963
18.7466,0.6917,2.9772
18.7468,0.7068,3.0408
18.7470,0.6722,2.8944
18.7472,0.6373,2.7442
18.7474,0.6582,2.8314
18.7476,0.6879,2.9566
18.7478,0.7405,3.1843
18.7480,0.769,3.3049
18.7482,0.7492,3.2229
18.7484,0.6573,2.8344
18.7486,0.5739,2.4757
18.7488,0.5917,2.548
18.7490,0.6526,2.8077
18.7492,0.6463,2.7829
18.7494,0.6849,2.9464
18.7496,0.6712,2.889
18.7498,0.6903,2.9696
18.7500,0.6548,2.8235
18.7502,0.583,2.515
18.7504,0.5853,2.5213
18.7506,0.595,2.5631
18.7508,0.6074,2.6205
18.7510,0.5601,2.415
18.7512,0.5724,2.4672
18.7514,0.5809,2.4969
18.7516,0.7064,3.0388
18.7518,0.7002,3.0167
18.7520,0.6282,2.7075
18.7522,0.5933,2.5535
18.7524,0.6001,2.5889
18.7526,0.5657,2.4382
18.7528,0.5817,2.507
18.7530,0.5805,2.4995
18.7532,0.5951,2.5648
18.7534,0.5851,2.5219
18.7536,0.5765,2.4813
18.7538,0.6307,2.7133
18.7540,0.7058,3.0376
18.7542,0.7137,3.0688
18.7544,0.7174,3.0819
18.7546,0.7252,3.1168
18.7548,0.7538,3.24
18.7550,0.7715,3.3158
18.7552,0.7363,3.1692
18.7554,0.7363,3.1648
18.7556,0.7741,3.3256
18.7558,0.7603,3.2678
18.7560,0.7669,3.2962
18.7562,0.7962,3.4187
18.7564,0.7984,3.4269
18.7566,0.8155,3.5033
18.7568,0.8221,3.5283
18.7570,0.9032,3.8731
18.7572,0.9609,4.1204
18.7574,0.9282,3.9782
18.7576,0.9156,3.9279
18.7578,0.8861,3.8049
18.7580,0.861,3.6956
18.7582,0.9389,4.0239
18.7584,0.9842,4.2162
18.7586,0.9505,4.0738
18.7588,0.976,4.1852
18.7590,1.0152,4.3472
18.7592,1.022,4.378
18.7594,1.0155,4.3523
18.7596,0.941,4.0426
18.7598,0.8499,3.646
18.7600,0.9097,3.9045
18.7602,0.944,4.0517
18.7604,0.9184,3.9416
18.7606,0.8753,3.7586
18.7608,0.8766,3.7625
18.7610,0.8779,3.7681
18.7612,0.8785,3.7725
18.7614,0.9415,4.0409
18.7616,0.941,4.0388
18.7618,0.9317,3.9968
18.7620,0.9101,3.9079
18.7622,0.8395,3.6063
18.7624,0.8284,3.5606
18.7626,0.7759,3.3302
18.7628,0.8555,3.6736
18.7630,0.8813,3.7878
18.7632,0.7832,3.3725
18.7634,0.7248,3.1196
18.7636,0.7061,3.0391
18.7638,0.7054,3.0346
18.7640,0.6879,2.9593
18.7642,0.7447,3.2023
18.7644,0.7989,3.437
18.7646,0.7958,3.4124
18.7648,0.9492,4.0681
18.7650,0.9809,4.2102
18.7652,0.9197,3.9583
18.7654,0.7324,3.1492
18.7656,0.7151,3.085
18.7658,0.607,2.6196
18.7660,0.6271,2.7003
18.7662,0.6983,3.0042
18.7664,0.7446,3.2033
18.7666,0.7368,3.1698
18.7668,0.7462,3.2115
18.7670,0.7339,3.1589
18.7672,0.6849,2.9533
18.7674,0.6319,2.726
18.7676,0.5697,2.4598
18.7678,0.5425,2.339
18.7680,0.6101,2.6306
18.7682,0.5899,2.5485
18.7684,0.4989,2.1544
18.7686,0.4836,2.0871
18.7688,0.4831,2.086
18.7690,0.4857,2.0974
18.7692,0.4849,2.0957
18.7694,0.4836,2.0871
18.7696,0.4831,2.085
18.7698,0.5082,2.1912
18.7700,0.5227,2.2548
18.7702,0.545,2.3488
18.7704,0.5833,2.513
18.7706,0.5938,2.5615
18.7708,0.5025,2.1679
18.7710,0.5146,2.2201
18.7712,0.5748,2.4786
18.7714,0.6035,2.5998
18.7716,0.6096,2.6261
18.7718,0.5871,2.5314
18.7720,0.616,2.6474
18.7722,0.7462,3.2115
18.7724,0.7125,3.0679
18.7726,0.7179,3.0854
18.7728,0.7913,3.3976
18.7730,0.8851,3.7955
18.7732,0.9126,3.9187
18.7734,0.901,3.8633
18.7736,0.9773,4.1869
18.7738,1.0138,4.3472
18.7740,0.9771,4.1898
18.7742,0.9791,4.1947
18.7744,1.0097,4.3277
18.7746,1.0668,4.5637
18.7748,1.1247,4.8138
18.7750,1.1426,4.8811
18.7752,1.1524,4.9369
18.7754,1.0987,4.709
18.7756,0.9989,4.2814
18.7758,1.015,4.3523
18.7760,1.0174,4.3667
18.7762,0.9731,4.1748
18.7764,0.9162,3.9305
18.7766,0.9421,4.0378
18.7768,0.9913,4.2505
18.7770,0.9827,4.2278
18.7772,0.7968,3.4293
18.7774,0.7585,3.2586
18.7776,0.8933,3.8322
18.7778,0.9715,4.1734
18.7780,0.8771,3.7698
18.7782,0.8427,3.6168
18.7784,0.9149,3.9248
18.7786,0.9614,4.1302
18.7788,0.9132,3.9322
18.7790,0.7849,3.3782
18.7792,0.7618,3.274
18.7794,0.7735,3.3292
18.7796,0.799,3.4375
18.7798,0.8083,3.4756
18.7800,0.8502,3.6561
18.7802,0.7547,3.2527
18.7804,0.6971,3.0032
18.7806,0.748,3.2207
18.7808,0.7541,3.2426
18.7810,0.7877,3.3885
18.7812,0.7607,3.274
18.7814,0.7578,3.2646
18.7816,0.6962,2.9991
18.7818,0.6948,2.9906
18.7820,0.6835,2.9484
18.7822,0.5978,2.5827
18.7824,0.5225,2.2553
18.7826,0.5782,2.4908
18.7828,0.6056,2.6176
18.7830,0.5163,2.2305
18.7832,0.5375,2.32
18.7834,0.5085,2.1968
18.7836,0.501,2.1642
18.7838,0.4878,2.1072
18.7840,0.5198,2.2444
18.7842,0.526,2.2724
18.7844,0.4939,2.1336
18.7846,0.4911,2.1197
18.7848,0.4801,2.0711
18.7850,0.4891,2.109
18.7852,0.5098,2.2015
18.7854,0.4994,2.1574
18.7856,0.5386,2.3257
18.7858,0.5098,2.2025
18.7860,0.4251,1.8363
18.7862,0.4089,1.768
18.7864,0.4186,1.8091
18.7866,0.4693,2.0237
18.7868,0.5342,2.3034
18.7870,0.5506,2.3742
18.7872,0.5773,2.4907
18.7874,0.5637,2.4317
18.7876,0.5535,2.3877
18.7878,0.5496,2.3701
18.7880,0.5561,2.3969
18.7882,0.5571,2.4021
18.7884,0.5567,2.3995
18.7886,0.5592,2.4092
18.7888,0.6061,2.6124
18.7890,0.671,2.8906
18.7892,0.6911,2.9732
18.7894,0.717,3.0861
18.7896,0.7058,3.0446
18.7898,0.5683,2.4496
18.7900,0.5686,2.4483
18.7902,0.5745,2.4748
18.7904,0.539,2.3251
18.7906,0.5411,2.3355
18.7908,0.5345,2.306
18.7910,0.5301,2.2858
18.7912,0.529,2.2822
18.7914,0.5323,2.2951
18.7916,0.5493,2.3663
18.7918,0.564,2.4332
18.7920,0.5325,2.2961
18.7922,0.5404,2.3292
18.7924,0.5526,2.3841
18.7926,0.5495,2.3706
18.7928,0.5778,2.4858
18.7930,0.6705,2.8818
18.7932,0.6873,2.9609
18.7934,0.6088,2.6262
18.7936,0.5088,2.1958
18.7938,0.4741,2.0443
18.7940,0.5042,2.1761
18.7942,0.4712,2.0338
18.7944,0.5004,2.1576
18.7946,0.5608,2.417
18.7948,0.5733,2.4719
18.7950,0.5667,2.4412
18.7952,0.5878,2.531
18.7954,0.6448,2.778
18.7956,0.6281,2.7007
18.7958,0.72,3.099
18.7960,0.7007,3.0131
18.7962,0.7124,3.0631
18.7964,0.7257,3.1189
18.7966,0.7404,3.1823
18.7968,0.7221,3.1078
18.7970,0.6385,2.7494
18.7972,0.5609,2.4175
18.7974,0.6032,2.5951
18.7976,0.7325,3.1454
18.7978,0.7327,3.1537
18.7980,0.6463,2.7816
18.7982,0.6333,2.7284
18.7984,0.6186,2.6636
18.7986,0.5893,2.5388
18.7988,0.6366,2.7385
18.7990,0.7004,3.013
18.7992,0.7573,3.2534
18.7994,0.7384,3.1794
18.7996,0.6114,2.6327
18.7998,0.5908,2.5474
18.8000,0.5963,2.5676
18.8002,0.6373,2.7429
18.8004,0.6588,2.8353
18.8006,0.704,3.027
18.8008,0.7172,3.0895
18.8010,0.6189,2.6677
18.8012,0.5917,2.548
18.8014,0.5901,2.5419
18.8016,0.5856,2.5217
18.8018,0.6245,2.6914
18.8020,0.5283,2.2791
18.8022,0.4935,2.1301
18.8024,0.493,2.126
18.8026,0.4983,2.1498
18.8028,0.4977,2.1472
18.8030,0.5006,2.1596
18.8032,0.5068,2.1824
18.8034,0.5936,2.5574
18.8036,0.6058,2.6072
18.8038,0.5881,2.5337
18.8040,0.5904,2.5482
18.8042,0.4825,2.0815
18.8044,0.4883,2.1053
18.8046,0.5185,2.2325
18.8048,0.5707,2.4554
18.8050,0.6008,2.5872
18.8052,0.5868,2.528
18.8054,0.5908,2.5427
18.8056,0.6579,2.8277
18.8058,0.7457,3.2065
18.8060,0.7186,3.0885
18.8062,0.7656,3.289
18.8064,0.7959,3.4145
18.8066,0.8564,3.6721
18.8068,0.85,3.6482
18.8070,0.7987,3.4296
18.8072,0.8373,3.5954
18.8074,0.8383,3.5979
18.8076,0.8415,3.6101
18.8078,0.8405,3.6093
18.8080,0.8909,3.822
18.8082,0.9028,3.8711
18.8084,0.9675,4.1449
18.8086,0.9414,4.0423
18.8088,0.8494,3.6474
18.8090,0.9075,3.8876
18.8092,1.0067,4.3229
18.8094,0.8149,3.5024
18.8096,0.7379,3.173
18.8098,0.7287,3.1362
18.8100,0.7428,3.1927
18.8102,0.7841,3.3668
18.8104,0.7768,3.3447
18.8106,0.6949,2.9893
18.8108,0.7385,3.1756
18.8110,0.7254,3.1136
18.8112,0.8105,3.4801
18.8114,0.7991,3.4344
18.8116,0.8018,3.443
18.8118,0.8247,3.5447
18.8120,0.7618,3.2741
18.8122,0.7504,3.2221
18.8124,0.7921,3.4045
18.8126,0.7697,3.3081
18.8128,0.8224,3.5332
18.8130,0.8052,3.4574
18.8132,0.8216,3.5378
18.8134,0.722,3.1059
18.8136,0.7356,3.1588
18.8138,0.8012,3.4485
18.8140,0.6904,2.9688
18.8142,0.7324,3.1493
18.8144,0.7554,3.2513
18.8146,0.707,3.0414
18.8148,0.7048,3.0377
18.8150,0.6838,2.9459
18.8152,0.6922,2.9779
18.8154,0.6926,2.9823
18.8156,0.656,2.8235
18.8158,0.6956,2.991
18.8160,0.7552,3.2442
18.8162,0.7457,3.211
18.8164,0.7146,3.0744
18.8166,0.724,3.1146
18.8168,0.7105,3.0564
18.8170,0.7156,3.08
18.8172,0.7102,3.0525
18.8174,0.7591,3.2612
18.8176,0.8463,3.6323
18.8178,0.86,3.6927
18.8180,0.8443,3.6253
18.8182,0.856,3.6809
18.8184,0.7715,3.3174
18.8186,0.7798,3.353
18.8188,0.8007,3.4416
18.8190,0.7736,3.3298
18.8192,0.7353,3.1602
18.8194,0.6816,2.9334
18.8196,0.6649,2.863
18.8198,0.6596,2.8442
18.8200,0.6227,2.6813
18.8202,0.6452,2.7783
18.8204,0.6891,2.9618
18.8206,0.7929,3.4081
18.8208,0.8135,3.4881
18.8210,0.9326,3.9936
18.8212,0.9576,4.1138
18.8214,0.9047,3.8884
18.8216,0.9037,3.8716
18.8218,1.0314,4.4208
18.8220,0.9912,4.254
18.8222,0.9716,4.1663
18.8224,0.8982,3.8624
18.8226,0.7384,3.1795
18.8228,0.7084,3.0518
18.8230,0.7052,3.0365
18.8232,0.7263,3.1215
18.8234,0.7784,3.3473
18.8236,0.7344,3.1654
18.8238,0.6434,2.768
18.8240,0.6993,3.0084
18.8242,0.7355,3.1627
18.8244,0.7686,3.3142
18.8246,0.6612,2.8483
18.8248,0.6547,2.8191
18.8250,0.6451,2.7791
18.8252,0.6495,2.8008
18.8254,0.6114,2.6339
18.8256,0.6787,2.9251
18.8258,0.5919,2.5533
18.8260,0.553,2.3868
18.8262,0.5498,2.3706
18.8264,0.5443,2.3479
18.8266,0.5456,2.3547
18.8268,0.5509,2.3775
18.8270,0.55,2.3717
18.8272,0.5494,2.3691
18.8274,0.5741,2.4721
18.8276,0.6583,2.8385
18.8278,0.5922,2.5537
18.8280,0.6006,2.5887
18.8282,0.6198,2.6713
18.8284,0.618,2.6636
18.8286,0.6459,2.7762
18.8288,0.7307,3.1391
18.8290,0.7709,3.3133
18.8292,0.7718,3.322
18.8294,0.6573,2.8331
18.8296,0.6632,2.8544
18.8298,0.7169,3.0842
18.8300,0.688,2.9571
18.8302,0.788,3.3885
18.8304,0.7877,3.3854
18.8306,0.7899,3.392
18.8308,0.8447,3.6273
18.8310,0.8311,3.577
18.8312,0.7106,3.0597
18.8314,0.7019,3.0183
18.8316,0.7292,3.1354
18.8318,0.7346,3.1615
18.8320,0.7193,3.096
18.8322,0.724,3.1146
18.8324,0.6926,2.9809
18.8326,0.7156,3.08
18.8328,0.777,3.3395
18.8330,0.8064,3.4658
18.8332,0.7874,3.3875
18.8334,0.7474,3.2093
18.8336,0.8618,3.7005
18.8338,0.8485,3.6484
18.8340,0.8133,3.4924
18.8342,0.9025,3.8755
18.8344,0.8694,3.7351
18.8346,0.8746,3.7538
18.8348,0.8696,3.7391
18.8350,0.8379,3.5946
18.8352,0.8759,3.763
18.8354,0.839,3.6026
18.8356,0.8205,3.5266
18.8358,0.773,3.3256
18.8360,0.7535,3.2431
18.8362,0.7457,3.208
18.8364,0.7483,3.2209
18.8366,0.7154,3.0789
18.8368,0.7013,3.0172
18.8370,0.713,3.0686
18.8372,0.6947,2.9929
18.8374,0.6961,2.9972
18.8376,0.7646,3.2849
18.8378,0.8687,3.7268
18.8380,0.9313,3.9972
18.8382,0.8733,3.7569
18.8384,0.7461,3.2125
18.8386,0.6935,2.9864
18.8388,0.6875,2.9606
18.8390,0.7414,3.1894
18.8392,0.7841,3.3684
18.8394,0.8239,3.5427
18.8396,0.7937,3.4159
18.8398,0.7347,3.1576
18.8400,0.8148,3.5019
18.8402,0.8486,3.6387
18.8404,0.9948,4.2615
18.8406,1.069,4.5773
18.8408,1.0753,4.6089
18.8410,1.0769,4.6177
18.8412,1.0404,4.4572
18.8414,1.0817,4.6231
18.8416,1.1901,5.0864
18.8418,1.1914,5.0944
18.8420,1.2667,5.4113
18.8422,1.247,5.3373
18.8424,1.0847,4.6598
18.8426,0.8975,3.8575
18.8428,0.8696,3.7374
18.8430,0.8493,3.6469
18.8432,0.8958,3.8485
18.8434,0.8852,3.8026
18.8436,0.9034,3.8809
18.8438,0.8771,3.7769
18.8440,0.7655,3.2947
18.8442,0.7751,3.3344
18.8444,0.7875,3.3896
18.8446,0.7337,3.1608
18.8448,0.667,2.8736
18.8450,0.6616,2.8543
18.8452,0.6494,2.8003
18.8454,0.6656,2.8674
18.8456,0.6691,2.8824
18.8458,0.6644,2.8662
18.8460,0.6345,2.7362
18.8462,0.6642,2.8612
18.8464,0.6559,2.8256
18.8466,0.65,2.8055
18.8468,0.6055,2.611
18.8470,0.6542,2.8157
18.8472,0.698,3.0083
18.8474,0.7209,3.1027
18.8476,0.7871,3.3844
18.8478,0.7459,3.218
18.8480,0.5744,2.4766
18.8482,0.5992,2.5824
18.8484,0.6333,2.7297
18.8486,0.6916,2.9823
18.8488,0.6744,2.9051
18.8490,0.6333,2.7272
18.8492,0.6822,2.9469
18.8494,0.556,2.3986
18.8496,0.5861,2.5214
18.8498,0.6529,2.8179
18.8500,0.5783,2.4983
18.8502,0.5613,2.4236
18.8504,0.5329,2.2988
18.8506,0.5932,2.5542
18.8508,0.7007,3.0146
18.8510,0.776,3.3354
18.8512,0.7537,3.2486
18.8514,0.5512,2.379
18.8516,0.5265,2.2735
18.8518,0.5197,2.245
18.8520,0.5136,2.2186
18.8522,0.4538,1.9606
18.8524,0.4169,1.8019
18.8526,0.4265,1.8417
18.8528,0.5055,2.1798
18.8530,0.6127,2.6408
18.8532,0.6154,2.6522
18.8534,0.6488,2.7938
18.8536,0.6933,2.984
18.8538,0.7584,3.2672
18.8540,0.6553,2.823
18.8542,0.7174,3.082
18.8544,0.8781,3.7722
18.8546,0.8581,3.6862
18.8548,0.8156,3.499
18.8550,0.8847,3.8023
18.8552,0.828,3.5652
18.8554,0.7239,3.1127
18.8556,0.7441,3.2013
18.8558,0.7318,3.1482
18.8560,0.7242,3.1157
18.8562,0.774,3.3313
18.8564,0.7567,3.2555
18.8566,0.7644,3.287
18.8568,0.7806,3.3628
18.8570,0.7016,3.021
18.8572,0.6759,2.9119
18.8574,0.688,2.9626
18.8576,0.7474,3.2137
18.8578,0.7688,3.3076
18.8580,0.724,3.1175
18.8582,0.6941,2.9834
18.8584,0.7672,3.3019
18.8586,0.6263,2.7055
18.8588,0.5116,2.2103
18.8590,0.4982,2.1513
18.8592,0.4963,2.142
18.8594,0.495,2.1363
18.8596,0.5035,2.1721
18.8598,0.5582,2.4079
18.8600,0.5241,2.2631
18.8602,0.4956,2.1409
18.8604,0.4917,2.1223
18.8606,0.4967,2.1426
18.8608,0.4959,2.1395
18.8610,0.5144,2.2181
18.8612,0.5586,2.4111
18.8614,0.4952,2.1364
18.8616,0.4884,2.1088
18.8618,0.5077,2.1891
18.8620,0.5642,2.4315
18.8622,0.6289,2.7081
18.8624,0.6404,2.7577
18.8626,0.5998,2.5802
18.8628,0.6692,2.8816
18.8630,0.6114,2.6401
18.8632,0.5764,2.482
18.8634,0.6481,2.792
18.8636,0.5987,2.578
18.8638,0.6639,2.8589
18.8640,0.6459,2.7801
18.8642,0.6546,2.816
18.8644,0.7378,3.171
18.8646,0.7558,3.2468
18.8648,0.7307,3.1465
18.8650,0.6355,2.739
18.8652,0.6229,2.6835
18.8654,0.6718,2.8929
18.8656,0.66,2.8405
18.8658,0.6459,2.7801
18.8660,0.6861,2.9503
18.8662,0.7306,3.143
18.8664,0.7577,3.2596
18.8666,0.7254,3.1223
18.8668,0.6582,2.8354
18.8670,0.6513,2.8047
18.8672,0.6453,2.7788
18.8674,0.6414,2.7605
18.8676,0.6516,2.8044
18.8678,0.6415,2.7623
18.8680,0.6546,2.8186
18.8682,0.6434,2.7693
18.8684,0.6517,2.8075
18.8686,0.6525,2.8085
18.8688,0.6483,2.7917
18.8690,0.6547,2.8178
18.8692,0.6887,2.9589
18.8694,0.7573,3.2535
18.8696,0.7486,3.2219
18.8698,0.7172,3.0852
18.8700,0.7172,3.0881
18.8702,0.6595,2.8384
18.8704,0.6594,2.8366
18.8706,0.6842,2.9434
18.8708,0.7331,3.1524
18.8710,0.795,3.4121
18.8712,0.8588,3.6824
18.8714,0.8848,3.7975
18.8716,0.8627,3.7046
18.8718,0.8842,3.7967
18.8720,0.8806,3.7742
18.8722,0.9177,3.933
18.8724,0.9669,4.1404
18.8726,1.0097,4.3237
18.8728,1.0872,4.6554
18.8730,1.0431,4.4664
18.8732,1.0769,4.6069
18.8734,1.1341,4.8516
18.8736,1.1361,4.8649
18.8738,1.1293,4.8266
18.8740,1.2533,5.3515
18.8742,1.2325,5.2604
18.8744,1.3071,5.5866
18.8746,1.2617,5.3898
18.8748,1.3192,5.6383
18.8750,1.2296,5.258
18.8752,1.2171,5.2066
18.8754,1.1859,5.0708
18.8756,1.1808,5.054
18.8758,1.092,4.6825
18.8760,1.0282,4.411
18.8762,0.9852,4.2322
18.8764,0.9305,3.9955
18.8766,0.9173,3.9388
18.8768,0.9222,3.9563
18.8770,0.9292,3.9954
18.8772,0.8569,3.6776
18.8774,1.0123,4.3385
18.8776,1.0642,4.5589
18.8778,1.0326,4.4404
18.8780,0.8787,3.766
18.8782,0.9967,4.2757
18.8784,1.0358,4.4413
18.8786,1.0895,4.6695
18.8788,1.0565,4.5408
18.8790,0.9438,4.0545
18.8792,0.9004,3.8698
18.8794,0.8566,3.6766
18.8796,0.8884,3.8183
18.8798,0.8852,3.7973
18.8800,0.9741,4.1771
18.8802,0.9541,4.0969
18.8804,0.9364,4.0226
18.8806,0.9419,4.0463
18.8808,0.944,4.0574
18.8810,0.8829,3.7946
18.8812,0.8814,3.7937
18.8814,0.836,3.5998
18.8816,0.7666,3.2962
18.8818,0.8276,3.562
18.8820,0.8292,3.5637
18.8822,0.8648,3.7168
18.8824,0.8632,3.7153
18.8826,0.7613,3.2812
18.8828,0.7284,3.1366
18.8830,0.7679,3.3004
18.8832,0.8295,3.5669
18.8834,0.7843,3.3773
18.8836,0.7572,3.2636
18.8838,0.8158,3.5033
18.8840,0.968,4.1586
18.8842,0.9063,3.9042
18.8844,0.7512,3.2408
18.8846,0.645,2.7837
18.8848,0.6073,2.62
18.8850,0.6331,2.7325
18.8852,0.6481,2.7985
18.8854,0.6013,2.5942
18.8856,0.5974,2.5795
18.8858,0.5804,2.5036
18.8860,0.5987,2.5828
18.8862,0.6043,2.6047
18.8864,0.6245,2.6977
18.8866,0.5378,2.3232
18.8868,0.5088,2.1989
18.8870,0.5232,2.2548
18.8872,0.6751,2.9082
18.8874,0.6452,2.7848
18.8876,0.5579,2.4091
18.8878,0.5473,2.3609
18.8880,0.5464,2.3594
18.8882,0.5504,2.3765
18.8884,0.5515,2.3823
18.8886,0.5493,2.373
18.8888,0.5733,2.4754
18.8890,0.5438,2.347
18.8892,0.554,2.3909
18.8894,0.5818,2.5098
18.8896,0.5557,2.396
18.8898,0.5536,2.3894
18.8900,0.5373,2.3201
18.8902,0.544,2.348
18.8904,0.5745,2.476
18.8906,0.6272,2.7071
18.8908,0.575,2.4827
18.8910,0.5355,2.3102
18.8912,0.5452,2.3499
18.8914,0.6248,2.6918
18.8916,0.6757,2.9108
18.8918,0.671,2.8974
18.8920,0.5476,2.3635
18.8922,0.5465,2.3599
18.8924,0.5541,2.3915
18.8926,0.542,2.3381
18.8928,0.5402,2.3314
18.8930,0.5824,2.5101
18.8932,0.6445,2.7752
18.8934,0.6385,2.7532
18.8936,0.5736,2.4724
18.8938,0.6347,2.7354
18.8940,0.654,2.8147
18.8942,0.7019,3.0169
18.8944,0.7658,3.2931
18.8946,0.7551,3.2467
18.8948,0.7235,3.114
18.8950,0.7599,3.2689
18.8952,0.7491,3.227
18.8954,0.6987,3.0058
18.8956,0.7536,3.2375
18.8958,0.8101,3.4802
18.8960,0.8123,3.4846
18.8962,0.844,3.6293
18.8964,0.7915,3.4051
18.8966,0.7831,3.3705
18.8968,0.8296,3.5575
18.8970,0.9854,4.2254
18.8972,0.9208,3.9593
18.8974,0.76,3.2709
18.8976,0.7336,3.1559
18.8978,0.7958,3.422
18.8980,0.8395,3.6148
18.8982,0.7476,3.2193
18.8984,0.7459,3.212
18.8986,0.7838,3.3705
18.8988,0.7818,3.3617
18.8990,0.7332,3.1558
18.8992,0.7131,3.0706
18.8994,0.7124,3.066
18.8996,0.7429,3.1991
18.8998,0.7329,3.1543
18.9000,0.7422,3.1931
18.9002,0.794,3.4064
18.9004,0.8505,3.6538
18.9006,0.8173,3.5111
18.9008,0.7848,3.3825
18.9010,0.5907,2.5505
18.9012,0.5679,2.4498
18.9014,0.6072,2.6183
18.9016,0.6077,2.624
18.9018,0.4844,2.0917
18.9020,0.5292,2.2828
18.9022,0.5602,2.4156
18.9024,0.5571,2.4033
18.9026,0.5531,2.384
18.9028,0.5777,2.4911
18.9030,0.5735,2.4741
18.9032,0.5907,2.5481
18.9034,0.5946,2.5628
18.9036,0.728,3.1273
18.9038,0.8161,3.4994
18.9040,0.9144,3.9265
18.9042,0.8115,3.4912
18.9044,0.7745,3.3303
18.9046,0.7891,3.3979
18.9048,0.6664,2.875
18.9050,0.6513,2.8073
18.9052,0.6917,2.9773
18.9054,0.7651,3.2901
18.9056,0.7591,3.2597
18.9058,0.8181,3.5147
18.9060,0.8459,3.6359
18.9062,0.8157,3.5109
18.9064,0.774,3.3298
18.9066,0.8001,3.431
18.9068,0.9734,4.172
18.9070,1.0222,4.3853
18.9072,0.9606,4.1093
18.9074,1.0931,4.6718
18.9076,1.1692,5.0066
18.9078,1.1047,4.7326
18.9080,1.0823,4.6365
18.9082,1.0871,4.6505
18.9084,1.1047,4.7392
18.9086,0.9843,4.2227
18.9088,0.9493,4.0744
18.9090,0.9599,4.1178
18.9092,0.9643,4.1387
18.9094,0.9477,4.0734
18.9096,0.8783,3.7733
18.9098,0.9469,4.0641
18.9100,0.9536,4.0949
18.9102,0.9139,3.9226
18.9104,0.969,4.1608
18.9106,0.9486,4.077
18.9108,0.9118,3.9243
18.9110,0.8023,3.4563
18.9112,0.7009,3.0193
18.9114,0.7368,3.1698
18.9116,0.753,3.2425
18.9118,0.6769,2.9146
18.9120,0.6783,2.9208
18.9122,0.6854,2.954
18.9124,0.7081,3.0517
18.9126,0.6944,2.9872
18.9128,0.7823,3.3638
18.9130,0.8842,3.7985
18.9132,0.8823,3.792
18.9134,0.8627,3.7028
18.9136,0.9017,3.8755
18.9138,0.8681,3.733
18.9140,0.8244,3.5448
18.9142,0.7793,3.3524
18.9144,0.7865,3.3834
18.9146,0.8055,3.467
18.9148,0.8281,3.5558
18.9150,0.903,3.8776
18.9152,0.9135,3.9297
18.9154,0.8569,3.6862
18.9156,0.7738,3.3287
18.9158,0.7543,3.2452
18.9160,0.7548,3.2502
18.9162,0.7494,3.227
18.9164,0.7402,3.1843
18.9166,0.742,3.195
18.9168,0.7503,3.2306
18.9170,0.7726,3.3267
18.9172,0.7413,3.1949
18.9174,0.6704,2.8908
18.9176,0.6625,2.85
18.9178,0.722,3.1073
18.9180,0.7929,3.4049
18.9182,0.8717,3.7467
18.9184,0.871,3.7436
18.9186,0.8946,3.8433
18.9188,0.883,3.8022
18.9190,0.7724,3.3246
18.9192,0.7705,3.3133
18.9194,0.814,3.502
18.9196,0.8233,3.5401
18.9198,0.8216,3.5296
18.9200,0.785,3.3756
18.9202,0.7991,3.436
18.9204,0.8657,3.7226
18.9206,0.8332,3.5846
18.9208,0.8151,3.5051
18.9210,0.797,3.4352
18.9212,0.6985,3.0104
18.9214,0.6643,2.8591
18.9216,0.7609,3.2735
18.9218,0.7956,3.429
18.9220,0.6847,2.9509
18.9222,0.6736,2.9034
18.9224,0.6543,2.8176
18.9226,0.7488,3.2244
18.9228,0.7274,3.1335
18.9230,0.7175,3.0897
18.9232,0.7203,3.1001
18.9234,0.7313,3.1461
18.9236,0.8139,3.5015
18.9238,0.8204,3.5277
18.9240,0.926,3.969
18.9242,1.0065,4.3219
18.9244,0.9611,4.1229
18.9246,0.9372,4.0224
18.9248,0.8722,3.7487
18.9250,0.9118,3.917
18.9252,0.8724,3.762
18.9254,0.6884,2.9697
18.9256,0.6559,2.8269
18.9258,0.6618,2.8469
18.9260,0.6819,2.9349
18.9262,0.6902,2.9706
18.9264,0.6921,2.983
18.9266,0.6597,2.8395
18.9268,0.7509,3.2362
18.9270,0.7692,3.3153
18.9272,0.6603,2.8487
18.9274,0.6164,2.6618
18.9276,0.5867,2.5346
18.9278,0.5043,2.1787
18.9280,0.4869,2.1026
18.9282,0.5837,2.5169
18.9284,0.6349,2.739
18.9286,0.6241,2.6924
18.9288,0.6054,2.6093
18.9290,0.6091,2.6253
18.9292,0.5979,2.5815
18.9294,0.4991,2.1549
18.9296,0.4884,2.1088
18.9298,0.4907,2.1197
18.9300,0.4887,2.1123
18.9302,0.488,2.1063
18.9304,0.4892,2.1105
18.9306,0.5752,2.4825
18.9308,0.5432,2.3433
18.9310,0.5627,2.4242
18.9312,0.6096,2.6262
18.9314,0.5836,2.5188
18.9316,0.5525,2.3847
18.9318,0.5728,2.4722
18.9320,0.522,2.2538
18.9322,0.4771,2.0602
18.9324,0.4862,2.1005
18.9326,0.4795,2.0705
18.9328,0.489,2.1095
18.9330,0.5128,2.2114
18.9332,0.5519,2.3777
18.9334,0.6335,2.7315
18.9336,0.6101,2.6307
18.9338,0.582,2.5085
18.9340,0.6253,2.6901
18.9342,0.7017,3.0229
18.9344,0.6004,2.5888
18.9346,0.5889,2.5345
18.9348,0.673,2.8968
18.9350,0.7224,3.1094
18.9352,0.7667,3.2952
18.9354,0.8049,3.4596
18.9356,0.7583,3.2622
18.9358,0.7035,3.0278
18.9360,0.7023,3.0227
18.9362,0.7118,3.0592
18.9364,0.7992,3.4381
18.9366,0.7888,3.3853
18.9368,0.871,3.7349
18.9370,0.9326,4.001
18.9372,0.9482,4.0698
18.9374,0.9527,4.0755
18.9376,1.0565,4.5282
18.9378,1.0001,4.2846
18.9380,1.0678,4.5765
18.9382,1.0711,4.5887
18.9384,1.0714,4.5919
18.9386,0.9862,4.2329
18.9388,0.9097,3.9028
18.9390,0.9594,4.1157
18.9392,1.0138,4.3513
18.9394,0.9355,4.019
18.9396,0.9235,3.9619
18.9398,0.9838,4.2207
18.9400,0.9933,4.2613
18.9402,1.0325,4.4336
18.9404,0.9489,4.0672
18.9406,1.0178,4.3642
18.9408,0.947,4.0646
18.9410,0.928,3.9847
18.9412,0.9001,3.8688
18.9414,0.8975,3.8521
18.9416,0.9483,4.0741
18.9418,0.8862,3.8144
18.9420,0.8073,3.4667
18.9422,0.8509,3.6553
18.9424,0.853,3.668
18.9426,0.7888,3.3932
18.9428,0.781,3.3644
18.9430,0.7651,3.2931
18.9432,0.7577,3.2581
18.9434,0.745,3.2064
18.9436,0.7258,3.1224
18.9438,0.7475,3.2187
18.9440,0.6788,2.9242
18.9442,0.6604,2.8452
18.9444,0.7222,3.1112
18.9446,0.7354,3.1637
18.9448,0.7468,3.2127
18.9450,0.7244,3.1205
18.9452,0.7148,3.0778
18.9454,0.7244,3.1234
18.9456,0.6746,2.9089
18.9458,0.6867,2.9611
18.9460,0.6807,2.9325
18.9462,0.714,3.0747
18.9464,0.7798,3.3514
18.9466,0.8425,3.6209
18.9468,0.8079,3.4741
18.9470,0.7771,3.3463
18.9472,0.7276,3.1345
18.9474,0.7148,3.0778
18.9476,0.7637,3.2854
18.9478,0.7843,3.3725
18.9480,0.7762,3.3406
18.9482,0.768,3.3055
18.9484,0.7046,3.0367
18.9486,0.6811,2.9286
18.9488,0.7758,3.339
18.9490,0.7814,3.3649
18.9492,0.7684,3.304
18.9494,0.8151,3.5083
18.9496,0.8221,3.5399
18.9498,0.7965,3.4219
18.9500,0.8487,3.646
18.9502,0.8522,3.6695
18.9504,0.7765,3.3437
18.9506,0.7546,3.2462
18.9508,0.8071,3.4737
18.9510,0.7872,3.3896
18.9512,0.701,3.0198
18.9514,0.7028,3.029
18.9516,0.7078,3.0464
18.9518,0.7407,3.1893
18.9520,0.7329,3.1558
18.9522,0.7342,3.1614
18.9524,0.742,3.1994
18.9526,0.6567,2.8305
18.9528,0.648,2.7915
18.9530,0.7148,3.0749
18.9532,0.8248,3.5386
18.9534,0.9575,4.1037
18.9536,0.9686,4.1534
18.9538,1.0192,4.3724
18.9540,0.9729,4.1777
18.9542,0.8778,3.7765
18.9544,0.8238,3.5422
18.9546,0.8236,3.5417
18.9548,0.8458,3.637
18.9550,0.8491,3.6459
18.9552,0.8913,3.8325
18.9554,0.8913,3.8307
18.9556,0.8918,3.8327
18.9558,0.8976,3.8598
18.9560,0.848,3.6446
18.9562,0.8372,3.5999
18.9564,0.7999,3.4412
18.9566,0.8205,3.5233
18.9568,0.8922,3.833
18.9570,0.8517,3.6623
18.9572,0.835,3.594
18.9574,0.8156,3.5104
18.9576,0.77,3.3158
18.9578,0.725,3.1246
18.9580,0.7115,3.0638
18.9582,0.6987,3.01
18.9584,0.7166,3.087
18.9586,0.6841,2.9497
18.9588,0.592,2.5562
18.9590,0.5736,2.477
18.9592,0.5654,2.4401
18.9594,0.5618,2.4235
18.9596,0.5634,2.4318
18.9598,0.5675,2.4472
18.9600,0.679,2.9198
18.9602,0.7569,3.2575
18.9604,0.6796,2.9347
18.9606,0.5733,2.4754
18.9608,0.5655,2.4395
18.9610,0.5638,2.4322
18.9612,0.5626,2.4271
18.9614,0.6287,2.7083
18.9616,0.7003,3.0153
18.9618,0.7036,3.0312
18.9620,0.6637,2.8631
18.9622,0.6504,2.8018
18.9624,0.7028,3.0276
18.9626,0.6829,2.9418
18.9628,0.6545,2.8181
18.9630,0.6498,2.7992
18.9632,0.6539,2.8142
18.9634,0.7264,3.1279
18.9636,0.7173,3.0901
18.9638,0.6678,2.8754
18.9640,0.6932,2.9862
18.9642,0.6979,3.0064
18.9644,0.6927,2.9828
18.9646,0.6917,2.9759
18.9648,0.7221,3.1078
18.9650,0.6987,3.01
18.9652,0.7027,3.027
18.9654,0.7866,3.3823
18.9656,0.8059,3.4686
18.9658,0.7824,3.3674
18.9660,0.7241,3.1181
18.9662,0.6681,2.8809
18.9664,0.5881,2.5361
18.9666,0.6229,2.6848
18.9668,0.6651,2.868
18.9670,0.591,2.5485
18.9672,0.5782,2.4943
18.9674,0.5772,2.4913
18.9676,0.5777,2.4911
18.9678,0.5807,2.5029
18.9680,0.5782,2.4909
18.9682,0.6282,2.705
18.9684,0.6783,2.9208
18.9686,0.6287,2.7134
18.9688,0.5981,2.5814
18.9690,0.5821,2.5114
18.9692,0.5774,2.4895
18.9694,0.5764,2.4866
18.9696,0.5775,2.4912
18.9698,0.5812,2.5026
18.9700,0.6471,2.7879
18.9702,0.6595,2.8411
18.9704,0.6613,2.8475
18.9706,0.75,3.2281
18.9708,0.7181,3.0922
18.9710,0.6853,2.9494
18.9712,0.7423,3.1921
18.9714,0.7981,3.4286
18.9716,0.8003,3.4379
18.9718,0.8064,3.4658
18.9720,0.8486,3.6438
18.9722,0.8698,3.7297
18.9724,0.9402,4.0409
18.9726,0.869,3.7331
18.9728,0.8542,3.6663
18.9730,0.8826,3.79
18.9732,0.8772,3.7669
18.9734,0.8656,3.7221
18.9736,0.8624,3.6996
18.9738,1.0195,4.3694
18.9740,1.026,4.3997
18.9742,1.0561,4.5182
18.9744,1.109,4.751
18.9746,1.021,4.374
18.9748,1.0033,4.3
18.9750,0.9933,4.2633
18.9752,0.9721,4.1722
18.9754,0.9958,4.2701
18.9756,0.9757,4.1876
18.9758,0.9515,4.0875
18.9760,0.8804,3.782
18.9762,0.8988,3.8542
18.9764,0.9843,4.2227
18.9766,1.016,4.3626
18.9768,0.9404,4.042
18.9770,0.8786,3.7778
18.9772,0.8022,3.4494
18.9774,0.8271,3.5566
18.9776,0.8023,3.4515
18.9778,0.8051,3.4617
18.9780,0.8063,3.4701
18.9782,0.8023,3.4531
18.9784,0.7668,3.3003
18.9786,0.7161,3.0835
18.9788,0.7264,3.1264
18.9790,0.7193,3.1017
18.9792,0.6488,2.7964
18.9794,0.6119,2.6385
18.9796,0.6316,2.7245
18.9798,0.6332,2.7292
18.9800,0.6644,2.8623
18.9802,0.7451,3.2084
18.9804,0.7756,3.3365
18.9806,0.7728,3.323
18.9808,0.753,3.2425
18.9810,0.7343,3.1634
18.9812,0.703,3.03
18.9814,0.7437,3.1963
18.9816,0.7836,3.3757
18.9818,0.7215,3.111
18.9820,0.6509,2.8078
18.9822,0.6256,2.6949
18.9824,0.623,2.6878
18.9826,0.5893,2.5401
18.9828,0.6573,2.8357
18.9830,0.6379,2.7494
18.9832,0.591,2.5497
18.9834,0.5495,2.3729
18.9836,0.5603,2.4139
18.9838,0.6528,2.8135
18.9840,0.6036,2.6052
18.9842,0.5507,2.3781
18.9844,0.5119,2.2103
18.9846,0.5086,2.1953
18.9848,0.5536,2.3883
18.9850,0.6064,2.6159
18.9852,0.5959,2.5709
18.9854,0.5281,2.2792
18.9856,0.5179,2.2362
18.9858,0.5455,2.352
18.9860,0.5697,2.4599
18.9862,0.514,2.2186
18.9864,0.5309,2.2905
18.9866,0.5863,2.5248
18.9868,0.6812,2.9359
18.9870,0.6488,2.7899
18.9872,0.7374,3.1768
18.9874,0.6519,2.8151
18.9876,0.5161,2.2274
18.9878,0.4962,2.1425
18.9880,0.4965,2.143
18.9882,0.5419,2.3376
18.9884,0.5509,2.3764
18.9886,0.5475,2.3619
18.9888,0.5576,2.4053
18.9890,0.5461,2.3524
18.9892,0.5479,2.3635
18.9894,0.5468,2.3588
18.9896,0.5461,2.3535
18.9898,0.5451,2.3516
18.9900,0.5829,2.5133
18.9902,0.6422,2.7654
18.9904,0.6306,2.7191
18.9906,0.5596,2.4119
18.9908,0.5428,2.3396
18.9910,0.5616,2.4184
18.9912,0.5851,2.5243
18.9914,0.4951,2.1378
18.9916,0.4841,2.0902
18.9918,0.4841,2.0883
18.9920,0.4836,2.0862
18.9922,0.4835,2.0857
18.9924,0.4814,2.0778
18.9926,0.5482,2.3617
18.9928,0.573,2.4732
18.9930,0.5035,2.1741
18.9932,0.4951,2.1368
18.9934,0.5072,2.1861
18.9936,0.5715,2.4608
18.9938,0.654,2.816
18.9940,0.6651,2.8627
18.9942,0.6541,2.8152
18.9944,0.6092,2.6234
18.9946,0.6636,2.8573
18.9948,0.6934,2.9817
18.9950,0.7292,3.131
18.9952,0.8149,3.504
18.9954,0.7992,3.4317
18.9956,0.8632,3.7015
18.9958,0.8872,3.8061
18.9960,0.8131,3.4963
18.9962,0.6915,2.9762
18.9964,0.7028,3.0247
18.9966,0.7045,3.0348
18.9968,0.67,2.8839
18.9970,0.6862,2.948
18.9972,0.7582,3.2601
18.9974,0.7452,3.2045
18.9976,0.7533,3.2375
18.9978,0.6923,2.9826
18.9980,0.5817,2.5093
18.9982,0.5675,2.4483
18.9984,0.5589,2.4088
18.9986,0.5525,2.3825
18.9988,0.5681,2.4509
18.9990,0.5431,2.3406
18.9992,0.5704,2.4561
18.9994,0.61,2.6265
18.9996,0.598,2.5761
18.9998,0.6041,2.6036
19.0000,0.6005,2.5869
19.0002,0.6483,2.7879
19.0004,0.6921,2.9788
19.0006,0.6693,2.8834
19.0008,0.6511,2.8023
19.0010,0.6907,2.9726
19.0012,0.66,2.8392
19.0014,0.6738,2.8985
19.0016,0.6542,2.8197
19.0018,0.6492,2.7941
19.0020,0.6963,2.9969
19.0022,0.6274,2.7039
19.0024,0.5393,2.3256
19.0026,0.5072,2.1871
19.0028,0.5796,2.4959
19.0030,0.5497,2.3701
19.0032,0.506,2.1849
19.0034,0.5082,2.1922
19.0036,0.5402,2.326
19.0038,0.6048,2.6055
19.0040,0.6251,2.6941
19.0042,0.5946,2.5604
19.0044,0.6174,2.6536
19.0046,0.75,3.2221
19.0048,0.7648,3.2916
19.0050,0.738,3.172
19.0052,0.792,3.3992
19.0054,0.842,3.6155
19.0056,0.8702,3.733
19.0058,0.882,3.7822
19.0060,0.9347,4.0042
19.0062,0.9758,4.1823
19.0064,0.9395,4.0322
19.0066,0.956,4.0994
19.0068,0.9704,4.1572
19.0070,0.9554,4.0988
19.0072,0.9445,4.0463
19.0074,0.9892,4.2379
19.0076,0.9769,4.1947
19.0078,0.8968,3.8508
19.0080,0.8452,3.6328
19.0082,0.8126,3.4926
19.0084,0.8491,3.6476
19.0086,0.8769,3.7636
19.0088,0.895,3.8413
19.0090,0.9057,3.8853
19.0092,0.9045,3.8819
19.0094,0.9099,3.9069
19.0096,0.9003,3.8675
19.0098,0.7769,3.339
19.0100,0.8322,3.5799
19.0102,0.7245,3.1182
19.0104,0.6883,2.9637
19.0106,0.6871,2.9571
19.0108,0.7397,3.1837
19.0110,0.6904,2.973
19.0112,0.6909,2.975
19.0114,0.6973,2.9996
19.0116,0.7379,3.1701
19.0118,0.7483,3.2179
19.0120,0.7897,3.391
19.0122,0.828,3.5586
19.0124,0.7066,3.0398
19.0126,0.7049,3.0369
19.0128,0.6529,2.8101
19.0130,0.6837,2.9413
19.0132,0.7492,3.223
19.0134,0.7706,3.3107
19.0136,0.7486,3.2219
19.0138,0.7714,3.3107
19.0140,0.8799,3.7782
19.0142,0.8738,3.7537
19.0144,0.8789,3.7723
19.0146,0.9418,4.0382
19.0148,0.8856,3.8082
19.0150,0.7903,3.3999
19.0152,0.7929,3.4017
19.0154,0.8692,3.7341
19.0156,0.841,3.6164
19.0158,0.8322,3.5799
19.0160,0.8059,3.4654
19.0162,0.7787,3.3468
19.0164,0.8082,3.4751
19.0166,0.8286,3.5562
19.0168,0.8783,3.7733
19.0170,0.8105,3.4866
19.0172,0.7594,3.2653
19.0174,0.7613,3.2842
19.0176,0.6132,2.6454
19.0178,0.582,2.5085
19.0180,0.5935,2.5582
19.0182,0.6403,2.7597
19.0184,0.6572,2.83
19.0186,0.6652,2.8632
19.0188,0.7174,3.0877
19.0190,0.7503,3.2276
19.0192,0.7971,3.4261
19.0194,0.7919,3.4066
19.0196,0.7829,3.3632
19.0198,0.8782,3.7692
19.0200,0.9063,3.8897
19.0202,0.8923,3.8317
19.0204,0.886,3.8062
19.0206,0.8364,3.603
19.0208,0.756,3.2554
19.0210,0.7324,3.1551
19.0212,0.656,2.8261
19.0214,0.6481,2.792
19.0216,0.6511,2.8036
19.0218,0.6501,2.8008
19.0220,0.6439,2.7726
19.0222,0.6431,2.7716
19.0224,0.6497,2.8013
19.0226,0.6501,2.8008
19.0228,0.6443,2.7742
19.0230,0.6591,2.8369
19.0232,0.7064,3.0388
19.0234,0.7836,3.36
19.0236,0.9168,3.9368
19.0238,0.8812,3.7909
19.0240,0.707,3.0456
19.0242,0.6706,2.8891
19.0244,0.6457,2.7843
19.0246,0.574,2.4762
19.0248,0.5492,2.3691
19.0250,0.5429,2.3401
19.0252,0.5564,2.398
19.0254,0.5606,2.4183
19.0256,0.5603,2.4184
19.0258,0.5847,2.5211
19.0260,0.5771,2.4885
19.0262,0.5568,2.4022
19.0264,0.5927,2.5522
19.0266,0.7078,3.045
19.0268,0.6672,2.8768
19.0270,0.5488,2.3665
19.0272,0.5387,2.3241
19.0274,0.5401,2.3309
19.0276,0.5431,2.3428
19.0278,0.5428,2.3406
19.0280,0.5521,2.3805
19.0282,0.6206,2.6712
19.0284,0.6778,2.9133
19.0286,0.7439,3.1958
19.0288,0.8146,3.4997
19.0290,0.7672,3.308
19.0292,0.6458,2.7848
19.0294,0.6301,2.7133
19.0296,0.6185,2.6632
19.0298,0.7049,3.0312
19.0300,0.7605,3.2699
19.0302,0.6891,2.9659
19.0304,0.6877,2.9625
19.0306,0.6697,2.8837
19.0308,0.6722,2.8958
19.0310,0.6754,2.9071
19.0312,0.7078,3.045
19.0314,0.7566,3.2519
19.0316,0.7414,3.1939
19.0318,0.6077,2.6179
19.0320,0.5939,2.5621
19.0322,0.6058,2.6109
19.0324,0.6329,2.7264
19.0326,0.571,2.4656
19.0328,0.5037,2.1741
19.0330,0.5052,2.1803
19.0332,0.536,2.309
19.0334,0.5856,2.5217
19.0336,0.5844,2.5201
19.0338,0.5765,2.4848
19.0340,0.6536,2.8132
19.0342,0.6676,2.8735
19.0344,0.6572,2.8326
19.0346,0.6204,2.6714
19.0348,0.6589,2.8372
19.0350,0.6474,2.7837
19.0352,0.6509,2.8013
19.0354,0.6609,2.842
19.0356,0.7316,3.1486
19.0358,0.7405,3.1829
19.0360,0.7968,3.4214
19.0362,0.7822,3.3695
19.0364,0.6226,2.6832
19.0366,0.6185,2.6595
19.0368,0.6771,2.9157
19.0370,0.6645,2.8628
19.0372,0.6816,2.9307
19.0374,0.7077,3.0473
19.0376,0.6802,2.9264
19.0378,0.731,3.1431
19.0380,0.7443,3.1944
19.0382,0.8119,3.4846
19.0384,0.854,3.6687
19.0386,0.8627,3.7028
19.0388,0.8384,3.6034
19.0390,0.7603,3.2664
19.0392,0.9049,3.8786
19.0394,0.9936,4.2544
19.0396,0.9936,4.2584
19.0398,0.9687,4.1539
19.0400,0.9711,4.1603
19.0402,0.9969,4.2727
19.0404,1.0742,4.5999
19.0406,1.0879,4.6541
19.0408,1.085,4.6505
19.0410,1.0196,4.3699
19.0412,0.9759,4.1848
19.0414,0.9963,4.2762
19.0416,0.9553,4.0982
19.0418,0.9149,3.9304
19.0420,0.9136,3.9247
19.0422,0.9204,3.9504
19.0424,0.9012,3.8699
19.0426,0.8625,3.7053
19.0428,0.8227,3.5392
19.0430,0.794,3.4159
19.0432,0.8353,3.5883
19.0434,0.895,3.8484
19.0436,0.8813,3.7844
19.0438,0.7246,3.1158
19.0440,0.7879,3.3896
19.0442,0.7142,3.0766
19.0444,0.6212,2.6763
19.0446,0.6238,2.6909
19.0448,0.6428,2.7718
19.0450,0.6007,2.5904
19.0452,0.6106,2.6328
19.0454,0.6363,2.7427
19.0456,0.6156,2.6532
19.0458,0.5703,2.4556
19.0460,0.6217,2.6821
19.0462,0.5941,2.5631
19.0464,0.6262,2.6987
19.0466,0.6578,2.8352
19.0468,0.6126,2.6391
19.0470,0.6292,2.7142
19.0472,0.564,2.4322
19.0474,0.6374,2.7422
19.0476,0.7187,3.0948
19.0478,0.5806,2.5082
19.0480,0.4902,2.1176
19.0482,0.4862,2.0976
19.0484,0.5756,2.4783
19.0486,0.6402,2.7618
19.0488,0.5913,2.5483
19.0490,0.5762,2.4832
19.0492,0.6046,2.6021
19.0494,0.709,3.0544
19.0496,0.6498,2.7966
19.0498,0.7042,3.0309
19.0500,0.7011,3.0217
19.0502,0.6298,2.7168
19.0504,0.5747,2.477
19.0506,0.5439,2.3442
19.0508,0.5204,2.2429
19.0510,0.5377,2.3216
19.0512,0.4921,2.1278
19.0514,0.4138,1.7893
19.0516,0.4059,1.7534
19.0518,0.4528,1.956
19.0520,0.4428,1.9121
19.0522,0.4387,1.8936
19.0524,0.4398,1.9
19.0526,0.4528,1.9542
19.0528,0.4479,1.9338
19.0530,0.4729,2.0383
19.0532,0.5812,2.5107
19.0534,0.4844,2.0898
19.0536,0.5379,2.3205
19.0538,0.5378,2.3168
19.0540,0.5646,2.4314
19.0542,0.6486,2.7941
19.0544,0.6391,2.7494
19.0546,0.6458,2.7822
19.0548,0.5868,2.5292
19.0550,0.6236,2.6879
19.0552,0.6353,2.7355
19.0554,0.642,2.7618
19.0556,0.674,2.9036
19.0558,0.6559,2.8216
19.0560,0.6486,2.7889
19.0562,0.6895,2.9661
19.0564,0.7354,3.1622
19.0566,0.7168,3.0851
19.0568,0.66,2.8445
19.0570,0.5768,2.4858
19.0572,0.548,2.3618
19.0574,0.6096,2.6238
19.0576,0.6205,2.6757
19.0578,0.5491,2.3708
19.0580,0.4421,1.9099
19.0582,0.4361,1.884
19.0584,0.4462,1.9266
19.0586,0.4336,1.8722
19.0588,0.4321,1.8669
19.0590,0.4306,1.8593
19.0592,0.433,1.8679
19.0594,0.4344,1.8732
19.0596,0.4331,1.871
19.0598,0.4326,1.8689
19.0600,0.4325,1.8676
19.0602,0.4325,1.8684
19.0604,0.4314,1.862
19.0606,0.4308,1.8586
19.0608,0.4421,1.9063
19.0610,0.5003,2.1571
19.0612,0.5393,2.3246
19.0614,0.5974,2.5711
19.0616,0.5831,2.5144
19.0618,0.5616,2.4207
19.0620,0.5615,2.4224
19.0622,0.4541,1.9589
19.0624,0.4989,2.1504
19.0626,0.5325,2.2951
19.0628,0.5127,2.2098
19.0630,0.5479,2.3645
19.0632,0.5542,2.3875
19.0634,0.5413,2.335
19.0636,0.4901,2.1131
19.0638,0.5372,2.3142
19.0640,0.5505,2.3704
19.0642,0.5278,2.275
19.0644,0.5256,2.2672
19.0646,0.5259,2.2656
19.0648,0.5583,2.4073
19.0650,0.4995,2.157
19.0652,0.4155,1.794
19.0654,0.3996,1.7257
19.0656,0.3933,1.6975
19.0658,0.3892,1.6814
19.0660,0.3927,1.6949
19.0662,0.3945,1.7026
19.0664,0.4044,1.7448
19.0666,0.4568,1.9736
19.0668,0.3949,1.705
19.0670,0.3857,1.6641
19.0672,0.4339,1.8703
19.0674,0.4693,2.0237
19.0676,0.4723,2.0347
19.0678,0.4843,2.0874
19.0680,0.4801,2.0673
19.0682,0.505,2.1778
19.0684,0.4886,2.1069
19.0686,0.4871,2.0992
19.0688,0.4873,2.1003
19.0690,0.486,2.0956
19.0692,0.4999,2.1525
19.0694,0.5812,2.498
19.0696,0.6747,2.9026
19.0698,0.6493,2.7881
19.0700,0.7451,3.1965
19.0702,0.8059,3.4654
19.0704,0.6844,2.9458
19.0706,0.6329,2.7201
19.0708,0.6845,2.9395
19.0710,0.726,3.1176
19.0712,0.7783,3.339
19.0714,0.8009,3.4357
19.0716,0.8563,3.6682
19.0718,0.9232,3.9622
19.0720,0.8657,3.7123
19.0722,0.8802,3.7727
19.0724,0.8777,3.7654
19.0726,0.8926,3.8239
19.0728,0.9312,3.9911
19.0730,0.9312,3.9911
19.0732,0.927,3.975
19.0734,0.9826,4.2077
19.0736,0.9829,4.2107
19.0738,0.9681,4.1417
19.0740,1.0455,4.4746
19.0742,1.007,4.3079
19.0744,0.994,4.2564
19.0746,0.9979,4.2749
19.0748,1.0349,4.4295
19.0750,1.0621,4.5438
19.0752,1.045,4.4747
19.0754,0.9763,4.1863
19.0756,0.9293,3.981
19.0758,0.9209,3.9469
19.0760,0.972,4.1697
19.0762,0.9569,4.1011
19.0764,1.0247,4.3899
19.0766,1.0021,4.2949
19.0768,0.9101,3.9043
19.0770,0.9075,3.8966
19.0772,0.8931,3.8241
19.0774,0.9147,3.9257
19.0776,0.8788,3.7718
19.0778,0.8813,3.7791
19.0780,0.9745,4.1766
19.0782,1.0069,4.3154
19.0784,0.9247,3.9671
19.0786,0.8855,3.7989
19.0788,0.8935,3.8351
19.0790,0.8889,3.8168
19.0792,0.887,3.805
19.0794,0.9708,4.1588
19.0796,0.995,4.2645
19.0798,0.957,4.1093
19.0800,0.854,3.667
19.0802,0.8166,3.5129
19.0804,0.7536,3.2406
19.0806,0.7923,3.4039
19.0808,0.841,3.6164
19.0810,0.8328,3.5775
19.0812,0.8465,3.6351
19.0814,0.8409,3.6109
19.0816,0.8642,3.7125
19.0818,0.8469,3.6366
19.0820,0.8627,3.7028
19.0822,0.9346,4.0111
19.0824,0.9215,3.9532
19.0826,0.985,4.2258
19.0828,0.9463,4.0653
19.0830,0.8234,3.539
19.0832,0.8081,3.4763
19.0834,0.7814,3.3602
19.0836,0.728,3.1346
19.0838,0.7198,3.0966
19.0840,0.7801,3.3561
19.0842,0.728,3.1331
19.0844,0.7145,3.0753
19.0846,0.7136,3.0712
19.0848,0.7175,3.0854
19.0850,0.7163,3.0816
19.0852,0.7271,3.1281
19.0854,0.8052,3.459
19.0856,0.9079,3.8987
19.0858,0.8847,3.7988
19.0860,0.8947,3.8403
19.0862,0.9817,4.2055
19.0864,1.0431,4.4748
19.0866,0.9653,4.1467
19.0868,0.8121,3.4938
19.0870,0.7528,3.24
19.0872,0.7525,3.2404
19.0874,0.7483,3.2194
19.0876,0.7545,3.2457
19.0878,0.7082,3.0536
19.0880,0.6625,2.854
19.0882,0.6949,2.9893
19.0884,0.7166,3.0827
19.0886,0.7133,3.073
19.0888,0.7093,3.054
19.0890,0.7097,3.0533
19.0892,0.7047,3.0288
19.0894,0.8585,3.6848
19.0896,0.9031,3.8781
19.0898,0.8498,3.6524
19.0900,0.7527,3.244
19.0902,0.656,2.8274
19.0904,0.7154,3.0832
19.0906,0.6485,2.7987
19.0908,0.5549,2.3951
19.0910,0.5493,2.3686
19.0912,0.5489,2.367
19.0914,0.5486,2.3666
19.0916,0.5491,2.3708
19.0918,0.5727,2.4728
19.0920,0.5531,2.3862
19.0922,0.5503,2.3705
19.0924,0.6199,2.6731
19.0926,0.6561,2.8266
19.0928,0.6704,2.8908
19.0930,0.5545,2.3908
19.0932,0.5668,2.4418
19.0934,0.6547,2.8191
19.0936,0.7043,3.0315
19.0938,0.7619,3.2761
19.0940,0.7672,3.3034
19.0942,0.723,3.1076
19.0944,0.8318,3.5717
19.0946,0.9081,3.8956
19.0948,0.8778,3.773
19.0950,0.8205,3.5299
19.0952,0.7793,3.354
19.0954,0.7856,3.3751
19.0956,0.8269,3.5556
19.0958,0.7843,3.3741
19.0960,0.8238,3.5389
19.0962,0.8666,3.7176
19.0964,0.9009,3.8719
19.0966,0.7726,3.3267
19.0968,0.7045,3.0362
19.0970,0.7017,3.0229
19.0972,0.6387,2.7543
19.0974,0.5739,2.4757
19.0976,0.557,2.4028
19.0978,0.5902,2.5437
19.0980,0.5886,2.5381
19.0982,0.5718,2.4669
19.0984,0.5576,2.4053
19.0986,0.553,2.3868
19.0988,0.5462,2.3562
19.0990,0.5375,2.319
19.0992,0.5723,2.4621
19.0994,0.6963,2.9997
19.0996,0.6295,2.7157
19.0998,0.5897,2.5416
19.1000,0.6184,2.6651
19.1002,0.5915,2.5517
19.1004,0.6216,2.6766
19.1006,0.6804,2.9269
19.1008,0.7193,3.0945
19.1010,0.6575,2.8336
19.1012,0.6011,2.5919
19.1014,0.5865,2.5253
19.1016,0.6529,2.8127
19.1018,0.6477,2.7918
19.1020,0.5909,2.5503
19.1022,0.5072,2.1891
19.1024,0.5094,2.1943
19.1026,0.5757,2.4846
19.1028,0.5055,2.1819
19.1030,0.5339,2.3024
19.1032,0.5827,2.5128
19.1034,0.6145,2.6474
19.1036,0.6031,2.5995
19.1038,0.6333,2.7272
19.1040,0.6816,2.9307
19.1042,0.6941,2.9862
19.1044,0.7185,3.0909
19.1046,0.7132,3.0654
19.1048,0.7573,3.2581
19.1050,0.7308,3.144
19.1052,0.8234,3.5324
19.1054,0.9679,4.1523
19.1056,0.9337,4.0038
19.1058,0.9495,4.0697
19.1060,0.9919,4.2512
19.1062,1.0203,4.373
19.1064,1.0786,4.6141
19.1066,1.0807,4.6385
19.1068,0.9992,4.2825
19.1070,1.0672,4.5718
19.1072,1.0488,4.4953
19.1074,1.0145,4.3584
19.1076,0.8322,3.5816
19.1078,0.7879,3.388
19.1080,0.8449,3.6262
19.1082,0.8488,3.6516
19.1084,0.798,3.4281
19.1086,0.8533,3.669
19.1088,0.7588,3.2658
19.1090,0.7386,3.1791
19.1092,0.7407,3.1863
19.1094,0.7422,3.196
19.1096,0.6613,2.8475
19.1098,0.6904,2.9716
19.1100,0.7525,3.2359
19.1102,0.8053,3.4628
19.1104,0.6804,2.9337
19.1106,0.6182,2.6671
19.1108,0.6235,2.6836
19.1110,0.661,2.8491
19.1112,0.6411,2.7659
19.1114,0.6248,2.693
19.1116,0.657,2.8329
19.1118,0.5944,2.5618
19.1120,0.6452,2.7809
19.1122,0.6265,2.6978
19.1124,0.656,2.8248
19.1126,0.6374,2.7473
19.1128,0.6441,2.7762
19.1130,0.6246,2.692
19.1132,0.6391,2.7507
19.1134,0.6926,2.985
19.1136,0.6542,2.8157
19.1138,0.7164,3.085
19.1140,0.6985,3.0118
19.1142,0.6328,2.7259
19.1144,0.6366,2.7424
19.1146,0.631,2.7194
19.1148,0.682,2.9355
19.1150,0.6729,2.9003
19.1152,0.617,2.6582
19.1154,0.6445,2.7752
19.1156,0.6652,2.8659
19.1158,0.6686,2.8763
19.1160,0.7076,3.044
19.1162,0.7354,3.171
19.1164,0.6136,2.6481
19.1166,0.5174,2.2341
19.1168,0.5082,2.1922
19.1170,0.5463,2.3545
19.1172,0.5895,2.5418
19.1174,0.5968,2.5721
19.1176,0.6107,2.6333
19.1178,0.6308,2.7176
19.1180,0.6057,2.614
19.1182,0.5089,2.1974
19.1184,0.5902,2.5449
19.1186,0.5298,2.2875
19.1188,0.5124,2.2124
19.1190,0.5321,2.2936
19.1192,0.6329,2.7289
19.1194,0.503,2.174
19.1196,0.4019,1.7379
19.1198,0.4036,1.7436
19.1200,0.4254,1.837
19.1202,0.4548,1.9648
19.1204,0.4479,1.9347
19.1206,0.4481,1.9331
19.1208,0.4531,1.9566
19.1210,0.4548,1.9648
19.1212,0.4552,1.9654
19.1214,0.4584,1.9785
19.1216,0.465,2.0069
19.1218,0.4601,1.9866
19.1220,0.4567,1.9721
19.1222,0.4573,1.972
19.1224,0.4562,1.9701
19.1226,0.4568,1.9717
19.1228,0.4655,2.009
19.1230,0.4698,2.0286
19.1232,0.4583,1.9789
19.1234,0.4639,2.0023
19.1236,0.4607,1.9874
19.1238,0.4597,1.9842
19.1240,0.4934,2.1276
19.1242,0.5349,2.3054
19.1244,0.4716,2.0354
19.1246,0.45,1.9413
19.1248,0.4492,1.9404
19.1250,0.4475,1.9314
19.1252,0.4449,1.92
19.1254,0.4421,1.9072
19.1256,0.4425,1.9088
19.1258,0.4499,1.9408
19.1260,0.4487,1.9366
19.1262,0.4608,1.9879
19.1264,0.4554,1.9655
19.1266,0.4578,1.9759
19.1268,0.4607,1.9865
19.1270,0.4566,1.9698
19.1272,0.4765,2.0528
19.1274,0.5668,2.4395
19.1276,0.5949,2.5591
19.1278,0.5938,2.5568
19.1280,0.6112,2.6329
19.1282,0.5666,2.4419
19.1284,0.5146,2.2202
19.1286,0.4682,2.02
19.1288,0.4519,1.9505
19.1290,0.4443,1.9174
19.1292,0.4441,1.9151
19.1294,0.439,1.8929
19.1296,0.4428,1.9112
19.1298,0.447,1.9293
19.1300,0.4467,1.9269
19.1302,0.4385,1.8917
19.1304,0.4335,1.87
19.1306,0.4284,1.85
19.1308,0.4312,1.8601
19.1310,0.468,2.0161
19.1312,0.4869,2.0987
19.1314,0.5096,2.1984
19.1316,0.4883,2.1044
19.1318,0.5335,2.2982
19.1320,0.5132,2.2099
19.1322,0.5533,2.3845
19.1324,0.5645,2.4286
19.1326,0.6317,2.7162
19.1328,0.607,2.6063
19.1330,0.6922,2.9752
19.1332,0.6648,2.8585
19.1334,0.6362,2.7396
19.1336,0.6138,2.6381
19.1338,0.6793,2.9168
19.1340,0.6798,2.9243
19.1342,0.6674,2.8725
19.1344,0.6248,2.6868
19.1346,0.6802,2.9236
19.1348,0.6775,2.9091
19.1350,0.7667,3.2952
19.1352,0.7607,3.2679
19.1354,0.7877,3.3775
19.1356,0.8239,3.5377
19.1358,0.8198,3.5219
19.1360,0.7943,3.4042
19.1362,0.8651,3.7079
19.1364,0.8471,3.6376
19.1366,0.7528,3.2339
19.1368,0.7693,3.3081
19.1370,0.745,3.199
19.1372,0.7962,3.4172
19.1374,0.804,3.4475
19.1376,0.8694,3.7282
19.1378,0.8685,3.7276
19.1380,0.8198,3.5137
19.1382,0.9197,3.9399
19.1384,0.9968,4.2683
19.1386,1.0106,4.3313
19.1388,0.953,4.077
19.1390,1.054,4.5111
19.1392,1.0322,4.4238
19.1394,0.9575,4.1075
19.1396,0.8346,3.5836
19.1398,0.772,3.3194
19.1400,0.7432,3.1942
19.1402,0.775,3.3308
19.1404,0.739,3.1762
19.1406,0.7264,3.125
19.1408,0.7817,3.3534
19.1410,0.8353,3.5833
19.1412,0.8676,3.7205
19.1414,0.9132,3.914
19.1416,0.9244,3.9637
19.1418,0.921,3.9493
19.1420,0.8527,3.663
19.1422,0.8179,3.5153
19.1424,0.7646,3.2865
19.1426,0.7051,3.0317
19.1428,0.7099,3.0552
19.1430,0.7113,3.06
19.1432,0.732,3.1492
19.1434,0.6976,2.9998
19.1436,0.7203,3.0958
19.1438,0.7771,3.3307
19.1440,0.8656,3.7152
19.1442,0.8247,3.5381
19.1444,0.8608,3.6946
19.1446,0.9005,3.8668
19.1448,0.82,3.5229
19.1450,0.7558,3.2498
19.1452,0.7889,3.3874
19.1454,0.8407,3.6065
19.1456,0.841,3.6097
19.1458,0.8523,3.6598
19.1460,0.8612,3.6979
19.1462,0.86,3.6927
19.1464,0.863,3.7056
19.1466,0.8546,3.6696
19.1468,0.8139,3.4918
19.1470,0.8426,3.6214
19.1472,0.7813,3.3628
19.1474,0.7016,3.0196
19.1476,0.7263,3.1201
19.1478,0.7776,3.3452
19.1480,0.7239,3.1185
19.1482,0.685,2.947
19.1484,0.6715,2.8874
19.1486,0.7052,3.0351
19.1488,0.7133,3.0659
19.1490,0.7336,3.1559
19.1492,0.6669,2.8744
19.1494,0.5938,2.5604
19.1496,0.595,2.562
19.1498,0.6063,2.6081
19.1500,0.6944,2.9886
19.1502,0.7344,3.1581
19.1504,0.7251,3.1164
19.1506,0.731,3.1446
19.1508,0.7344,3.1625
19.1510,0.7325,3.1498
19.1512,0.7223,3.106
19.1514,0.7359,3.1628
19.1516,0.8172,3.5089
19.1518,0.8458,3.632
19.1520,0.7676,3.2963
19.1522,0.8234,3.5357
19.1524,0.8581,3.6931
19.1526,0.7431,3.1982
19.1528,0.7404,3.1809
19.1530,0.8193,3.5198
19.1532,0.7989,3.4339
19.1534,0.8036,3.4491
19.1536,0.8206,3.5255
19.1538,0.8259,3.5482
19.1540,0.8302,3.565
19.1542,0.868,3.7238
19.1544,0.9558,4.1022
19.1546,0.9594,4.1157
19.1548,0.8982,3.8534
19.1550,0.8886,3.8158
19.1552,0.8853,3.8031
19.1554,0.8733,3.7411
19.1556,0.9879,4.2382
19.1558,0.9699,4.161
19.1560,0.9563,4.1043
19.1562,0.889,3.8173
19.1564,0.9022,3.874
19.1566,0.8664,3.7257
19.1568,0.7433,3.1992
19.1570,0.6787,2.9251
19.1572,0.601,2.5926
19.1574,0.5908,2.5475
19.1576,0.6001,2.5866
19.1578,0.6009,2.5897
19.1580,0.5884,2.5371
19.1582,0.6217,2.6784
19.1584,0.6265,2.699
19.1586,0.5818,2.5087
19.1588,0.6234,2.6794
19.1590,0.8264,3.5552
19.1592,0.765,3.2895
19.1594,0.6832,2.9461
19.1596,0.5547,2.3929
19.1598,0.5413,2.3361
19.1600,0.5405,2.3297
19.1602,0.5402,2.3303
19.1604,0.575,2.4758
19.1606,0.6793,2.9236
19.1608,0.729,3.1349
19.1610,0.7433,3.1977
19.1612,0.7627,3.2767
19.1614,0.8101,3.4883
19.1616,0.7001,3.0148
19.1618,0.7106,3.0597
19.1620,0.6998,3.0118
19.1622,0.7368,3.1669
19.1624,0.7392,3.1831
19.1626,0.6784,2.92
19.1628,0.6944,2.9872
19.1630,0.7005,3.0121
19.1632,0.7233,3.1116
19.1634,0.7483,3.2164
19.1636,0.7893,3.3974
19.1638,0.7664,3.2988
19.1640,0.7112,3.0594
19.1642,0.7354,3.1651
19.1644,0.725,3.1173
19.1646,0.7805,3.3576
19.1648,0.7053,3.0384
19.1650,0.613,2.6407
19.1652,0.5997,2.5869
19.1654,0.6138,2.6406
19.1656,0.7999,3.4348
19.1658,0.8384,3.6034
19.1660,0.7492,3.226
19.1662,0.651,2.8031
19.1664,0.6193,2.6656
19.1666,0.6104,2.631
19.1668,0.5598,2.4174
19.1670,0.5142,2.2202
19.1672,0.5052,2.1803
19.1674,0.5052,2.1803
19.1676,0.517,2.2305
19.1678,0.513,2.2139
19.1680,0.5041,2.1757
19.1682,0.5023,2.1679
19.1684,0.5064,2.1814
19.1686,0.538,2.3243
19.1688,0.5477,2.3596
19.1690,0.6447,2.7775
19.1692,0.5801,2.5026
19.1694,0.5114,2.2042
19.1696,0.5399,2.3261
19.1698,0.6028,2.5967
19.1700,0.5824,2.5101
19.1702,0.5758,2.4828
19.1704,0.6067,2.6102
19.1706,0.6993,3.0056
19.1708,0.7787,3.3499
19.1710,0.7396,3.1773
19.1712,0.779,3.3436
19.1714,0.8125,3.484
19.1716,0.8914,3.8258
19.1718,0.8606,3.7005
19.1720,0.8278,3.5547
19.1722,0.9048,3.8817
19.1724,0.9262,3.9714
19.1726,0.9528,4.0855
19.1728,0.9656,4.1348
19.1730,1.0539,4.5169
19.1732,1.0129,4.3411
19.1734,1.0362,4.4392
19.1736,1.0408,4.4671
19.1738,0.9147,3.9275
19.1740,0.9045,3.8819
19.1742,0.9119,3.9157
19.1744,0.9087,3.9
19.1746,0.8987,3.859
19.1748,0.8771,3.7716
19.1750,0.8588,3.691
19.1752,0.8518,3.6577
19.1754,0.8847,3.7953
19.1756,0.9039,3.8794
19.1758,0.8945,3.8392
19.1760,0.9314,3.9921
19.1762,0.9949,4.264
19.1764,1.0536,4.5222
19.1766,0.9639,4.1411
19.1768,0.929,3.9893
19.1770,0.8642,3.7159
19.1772,0.8374,3.5993
19.1774,0.795,3.4168
19.1776,0.84,3.6034
19.1778,0.8796,3.7807
19.1780,0.8276,3.5636
19.1782,0.7646,3.2895
19.1784,0.8084,3.4762
19.1786,0.7732,3.3277
19.1788,0.7843,3.3725
19.1790,0.8133,3.4957
19.1792,0.7992,3.4445
19.1794,0.6097,2.6304
19.1796,0.6439,2.7765
19.1798,0.6534,2.8213
19.1800,0.5818,2.5087
19.1802,0.5943,2.5613
19.1804,0.6501,2.8008
19.1806,0.6333,2.7285
19.1808,0.6439,2.7765
19.1810,0.5968,2.5721
19.1812,0.6102,2.6324
19.1814,0.6369,2.7427
19.1816,0.7199,3.1029
19.1818,0.6907,2.9726
19.1820,0.6958,2.999
19.1822,0.6107,2.6321
19.1824,0.6176,2.6633
19.1826,0.604,2.6031
19.1828,0.5612,2.422
19.1830,0.567,2.4451
19.1832,0.6078,2.6221
19.1834,0.5269,2.274
19.1836,0.4992,2.1554
19.1838,0.4884,2.1098
19.1840,0.4917,2.1233
19.1842,0.4781,2.0634
19.1844,0.4856,2.0979
19.1846,0.5,2.1581
19.1848,0.5697,2.4553
19.1850,0.5604,2.4211
19.1852,0.4498,1.9457
19.1854,0.4312,1.8619
19.1856,0.5238,2.2595
19.1858,0.5238,2.2605
19.1860,0.4777,2.0628
19.1862,0.4473,1.9312
19.1864,0.4427,1.9107
19.1866,0.4518,1.9518
19.1868,0.4462,1.9275
19.1870,0.4546,1.9628
19.1872,0.4588,1.98
19.1874,0.4576,1.9758
19.1876,0.4693,2.0265
19.1878,0.4697,2.0271
19.1880,0.4585,1.979
19.1882,0.4612,1.9922
19.1884,0.4589,1.9805
19.1886,0.4606,1.9878
19.1888,0.4863,2.0971
19.1890,0.5186,2.2393
19.1892,0.4553,1.9659
19.1894,0.4386,1.8922
19.1896,0.4465,1.9281
19.1898,0.4507,1.9454
19.1900,0.4469,1.9306
19.1902,0.4469,1.9306
19.1904,0.4452,1.9215
19.1906,0.4491,1.9381
19.1908,0.4464,1.9276
19.1910,0.4526,1.9527
19.1912,0.4684,2.0224
19.1914,0.4329,1.8691
19.1916,0.4542,1.9595
19.1918,0.4651,2.0075
19.1920,0.4506,1.9457
19.1922,0.4977,2.1452
19.1924,0.5212,2.2465
19.1926,0.4734,2.0403
19.1928,0.5293,2.278
19.1930,0.5842,2.5167
19.1932,0.5836,2.5118
19.1934,0.5815,2.5042
19.1936,0.5747,2.4736
19.1938,0.5974,2.5723
19.1940,0.6826,2.934
19.1942,0.7298,3.1365
19.1944,0.7317,3.1418
19.1946,0.7752,3.3303
19.1948,0.7495,3.229
19.1950,0.5877,2.5352
19.1952,0.542,2.3348
19.1954,0.5747,2.4724
19.1956,0.6379,2.7455
19.1958,0.6578,2.8312
19.1960,0.6434,2.7693
19.1962,0.6169,2.654
19.1964,0.6318,2.718
19.1966,0.6962,2.9922
19.1968,0.7398,3.1827
19.1970,0.6475,2.7842
19.1972,0.6204,2.6714
19.1974,0.5628,2.4259
19.1976,0.5485,2.3638
19.1978,0.5341,2.2976
19.1980,0.6528,2.8095
19.1982,0.6086,2.6245
19.1984,0.5148,2.2207
19.1986,0.5347,2.3055
19.1988,0.5457,2.353
19.1990,0.4718,2.0364
19.1992,0.4678,2.016
19.1994,0.5337,2.296
19.1996,0.6209,2.6685
19.1998,0.6396,2.7541
19.2000,0.6025,2.5945
19.2002,0.6371,2.7419
19.2004,0.6198,2.6713
19.2006,0.5042,2.1752
19.2008,0.4926,2.126
19.2010,0.4865,2.0967
19.2012,0.491,2.1163
19.2014,0.5221,2.2481
19.2016,0.5863,2.5213
19.2018,0.6072,2.6134
19.2020,0.6542,2.8118
19.2022,0.7194,3.0936
19.2024,0.6697,2.885
19.2026,0.5637,2.4284
19.2028,0.5498,2.3651
19.2030,0.6041,2.6024
19.2032,0.5643,2.4309
19.2034,0.6022,2.5881
19.2036,0.6746,2.9021
19.2038,0.713,3.0629
19.2040,0.7704,3.305
19.2042,0.8328,3.5742
19.2044,0.8371,3.5927
19.2046,0.8215,3.5242
19.2048,0.8666,3.7124
19.2050,0.948,4.0631
19.2052,0.944,4.048
19.2054,0.9424,4.037
19.2056,0.9576,4.0965
19.2058,1.0226,4.3786
19.2060,1.034,4.4295
19.2062,1.009,4.3186
19.2064,1.0215,4.3699
19.2066,1.0344,4.4295
19.2068,1.0287,4.4131
19.2070,0.8533,3.6639
19.2072,0.8272,3.5555
19.2074,0.7772,3.3406
19.2076,0.7699,3.3091
19.2078,0.7545,3.2427
19.2080,0.7594,3.2623
19.2082,0.7679,3.3019
19.2084,0.7597,3.2668
19.2086,0.7747,3.3266
19.2088,0.8111,3.4859
19.2090,0.7775,3.34
19.2092,0.7627,3.2843
19.2094,0.7322,3.1439
19.2096,0.8027,3.4482
19.2098,0.7841,3.3699
19.2100,0.8388,3.5999
19.2102,0.8615,3.6977
19.2104,0.8578,3.6817
19.2106,0.816,3.5038
19.2108,0.8228,3.5315
19.2110,0.8287,3.5617
19.2112,0.7765,3.339
19.2114,0.726,3.122
19.2116,0.8083,3.4708
19.2118,0.8423,3.617
19.2120,0.8461,3.633
19.2122,0.8632,3.7066
19.2124,0.8149,3.4991
19.2126,0.8088,3.4793
19.2128,0.7582,3.2601
19.2130,0.768,3.2994
19.2132,0.7949,3.4163
19.2134,0.7735,3.3277
19.2136,0.7113,3.0614
19.2138,0.7203,3.0943
19.2140,0.7843,3.3678
19.2142,0.856,3.6775
19.2144,0.8931,3.8313
19.2146,0.9247,3.9708
19.2148,0.8533,3.6673
19.2150,0.8359,3.5876
19.2152,0.872,3.7407
19.2154,0.8907,3.8174
19.2156,0.9435,4.0459
19.2158,0.9793,4.2031
19.2160,0.9732,4.1768
19.2162,0.8906,3.8258
19.2164,0.829,3.5665
19.2166,0.7639,3.2803
19.2168,0.8429,3.6264
19.2170,0.7764,3.3385
19.2172,0.7669,3.2993
19.2174,0.7865,3.3803
19.2176,0.8507,3.6514
19.2178,0.8952,3.8459
19.2180,0.871,3.7436
19.2182,0.7908,3.3941
19.2184,0.8951,3.84
19.2186,0.8937,3.8428
19.2188,0.7697,3.3112
19.2190,0.797,3.4288
19.2192,0.7762,3.3344
19.2194,0.8057,3.4643
19.2196,0.8186,3.5266
19.2198,0.6883,2.9651
19.2200,0.6497,2.7961
19.2202,0.6787,2.921
19.2204,0.7077,3.0502
19.2206,0.6998,3.0118
19.2208,0.6977,3.0031
19.2210,0.6975,3.002
19.2212,0.6968,3.0003
19.2214,0.6998,3.0104
19.2216,0.7434,3.1938
19.2218,0.8037,3.4529
19.2220,0.7537,3.2456
19.2222,0.6567,2.8292
19.2224,0.6597,2.8487
19.2226,0.557,2.4017
19.2228,0.5439,2.3453
19.2230,0.5422,2.3391
19.2232,0.5462,2.3562
19.2234,0.5421,2.3365
19.2236,0.545,2.351
19.2238,0.5447,2.3511
19.2240,0.5435,2.347
19.2242,0.5476,2.3635
19.2244,0.5451,2.3516
19.2246,0.5422,2.3391
19.2248,0.5759,2.4822
19.2250,0.6569,2.8258
19.2252,0.7226,3.1128
19.2254,0.6102,2.6312
19.2256,0.553,2.3879
19.2258,0.5429,2.3433
19.2260,0.5443,2.349
19.2262,0.5808,2.4987
19.2264,0.6509,2.8039
19.2266,0.6295,2.7107
19.2268,0.6852,2.9448
19.2270,0.756,3.2494
19.2272,0.7903,3.3983
19.2274,0.7751,3.3375
19.2276,0.6708,2.887
19.2278,0.6463,2.7817
19.2280,0.648,2.7863
19.2282,0.7535,3.24
19.2284,0.7272,3.1315
19.2286,0.6458,2.7809
19.2288,0.6463,2.7804
19.2290,0.6759,2.9119
19.2292,0.6254,2.6956
19.2294,0.6204,2.6714
19.2296,0.6222,2.6804
19.2298,0.622,2.6782
19.2300,0.6343,2.7301
19.2302,0.6427,2.7675
19.2304,0.6491,2.7974
19.2306,0.6103,2.6317
19.2308,0.6098,2.626
19.2310,0.6505,2.7997
19.2312,0.6878,2.9589
19.2314,0.6763,2.9093
19.2316,0.7168,3.0837
19.2318,0.6784,2.9146
19.2320,0.7136,3.0712
19.2322,0.7121,3.0622
19.2324,0.7747,3.3297
19.2326,0.7714,3.3122
19.2328,0.7847,3.3694
19.2330,0.8286,3.5578
19.2332,0.8676,3.7239
19.2334,0.8525,3.6659
19.2336,0.7835,3.3642
19.2338,0.8566,3.6749
19.2340,0.8768,3.7701
19.2342,0.7486,3.2219
19.2344,0.718,3.0946
19.2346,0.638,2.7448
19.2348,0.6632,2.8531
19.2350,0.6896,2.9652
19.2352,0.7188,3.0925
19.2354,0.7377,3.1764
19.2356,0.7019,3.0183
19.2358,0.7308,3.1411
19.2360,0.7667,3.2983
19.2362,0.7485,3.2169
19.2364,0.7405,3.1844
19.2366,0.7754,3.3313
19.2368,0.8154,3.5028
19.2370,0.8082,3.4687
19.2372,0.8546,3.673
19.2374,0.8087,3.4821
19.2376,0.7099,3.0495
19.2378,0.832,3.5678
19.2380,0.9626,4.1238
19.2382,0.9985,4.2794
19.2384,0.9931,4.2583
19.2386,0.9447,4.0511
19.2388,1.0108,4.3324
19.2390,1.0359,4.4439
19.2392,0.9637,4.1227
19.2394,1.0756,4.6034
19.2396,1.0653,4.5678
19.2398,0.9184,3.9453
19.2400,0.881,3.7828
19.2402,0.891,3.8279
19.2404,0.83,3.5673
19.2406,0.7925,3.4092
19.2408,0.7729,3.322
19.2410,0.8093,3.4782
19.2412,0.8168,3.5057
19.2414,0.8915,3.8281
19.2416,0.8938,3.8397
19.2418,0.847,3.6456
19.2420,0.7804,3.3524
19.2422,0.7838,3.3768
19.2424,0.6964,2.9974
19.2426,0.733,3.1533
19.2428,0.7395,3.1827
19.2430,0.7323,3.1532
19.2432,0.6763,2.9161
19.2434,0.6256,2.6986
19.2436,0.6268,2.7001
19.2438,0.6696,2.8805
19.2440,0.7143,3.0771
19.2442,0.6905,2.9707
19.2444,0.6601,2.8437
19.2446,0.591,2.5497
19.2448,0.5893,2.5413
19.2450,0.6335,2.7303
19.2452,0.6438,2.7696
19.2454,0.6612,2.851
19.2456,0.5898,2.5445
19.2458,0.5777,2.4911
19.2460,0.5771,2.4874
19.2462,0.5893,2.5413
19.2464,0.6401,2.7574
19.2466,0.6463,2.7868
19.2468,0.5819,2.5104
19.2470,0.6076,2.6186
19.2472,0.6426,2.7682
19.2474,0.5595,2.4125
19.2476,0.5748,2.4764
19.2478,0.5851,2.5255
19.2480,0.5712,2.462
19.2482,0.6431,2.7716
19.2484,0.618,2.6673
19.2486,0.5281,2.2781
19.2488,0.4897,2.1116
19.2490,0.5343,2.3018
19.2492,0.6076,2.6211
19.2494,0.5158,2.2264
19.2496,0.4654,2.0104
19.2498,0.4785,2.0664
19.2500,0.4904,2.1167
19.2502,0.4827,2.0855
19.2504,0.4036,1.7436
19.2506,0.3887,1.6809
19.2508,0.3905,1.6879
19.2510,0.4035,1.7423
19.2512,0.4296,1.8534
19.2514,0.4595,1.9813
19.2516,0.5268,2.2735
19.2518,0.5079,2.1932
19.2520,0.4646,2.0054
19.2522,0.4889,2.108
19.2524,0.5434,2.3421
19.2526,0.5482,2.365
19.2528,0.5518,2.3772
19.2530,0.5769,2.4863
19.2532,0.5715,2.4619
19.2534,0.5826,2.5135
19.2536,0.574,2.4728
19.2538,0.5759,2.481
19.2540,0.5777,2.4876
19.2542,0.573,2.4709
19.2544,0.5594,2.412
19.2546,0.6148,2.6447
19.2548,0.7103,3.0544
19.2550,0.718,3.0889
19.2552,0.6541,2.8191
19.2554,0.6138,2.6467
19.2556,0.5603,2.4139
19.2558,0.5867,2.5275
19.2560,0.5878,2.5322
19.2562,0.6084,2.6186
19.2564,0.6777,2.9169
19.2566,0.6453,2.7788
19.2568,0.6302,2.7113
19.2570,0.7118,3.0606
19.2572,0.718,3.096
19.2574,0.5239,2.26
19.2576,0.4572,1.9733
19.2578,0.462,1.9949
19.2580,0.4609,1.9884
19.2582,0.4589,1.9796
19.2584,0.4586,1.9804
19.2586,0.4577,1.9763
19.2588,0.4596,1.9837
19.2590,0.4573,1.9729
19.2592,0.458,1.976
19.2594,0.4796,2.0682
19.2596,0.5616,2.4207
19.2598,0.5473,2.3609
19.2600,0.4452,1.9207
19.2602,0.4885,2.1074
19.2604,0.5265,2.2703
19.2606,0.5467,2.355
19.2608,0.5705,2.4578
19.2610,0.5735,2.4719
19.2612,0.5627,2.4231
19.2614,0.5542,2.3875
19.2616,0.5079,2.1902
19.2618,0.4471,1.9289
19.2620,0.4444,1.9188
19.2622,0.4366,1.8843
19.2624,0.4686,2.0197
19.2626,0.4863,2.0981
19.2628,0.4763,2.0546
19.2630,0.4824,2.0791
19.2632,0.5096,2.1964
19.2634,0.4928,2.125
19.2636,0.4995,2.155
19.2638,0.4809,2.0738
19.2640,0.4921,2.119
19.2642,0.5314,2.2905
19.2644,0.5271,2.2729
19.2646,0.5004,2.1546
19.2648,0.5597,2.4091
19.2650,0.5787,2.4929
19.2652,0.5072,2.1871
19.2654,0.5013,2.1617
19.2656,0.5078,2.1917
19.2658,0.4366,1.8825
19.2660,0.5049,2.1773
19.2662,0.5212,2.2413
19.2664,0.6816,2.9239
19.2666,0.7511,3.2267
19.2668,0.6973,3.0052
19.2670,0.5361,2.3128
19.2672,0.4946,2.1318
19.2674,0.5359,2.3085
19.2676,0.5362,2.3122
19.2678,0.508,2.1866
19.2680,0.5639,2.4271
19.2682,0.6456,2.776
19.2684,0.6765,2.905
19.2686,0.6792,2.9217
19.2688,0.6712,2.8917
19.2690,0.5724,2.4649
19.2692,0.5652,2.4328
19.2694,0.5961,2.5666
19.2696,0.5675,2.4415
19.2698,0.6341,2.7265
19.2700,0.7035,3.0208
19.2702,0.7479,3.2173
19.2704,0.6822,2.9305
19.2706,0.7402,3.1813
19.2708,0.779,3.3467
19.2710,0.789,3.3832
19.2712,0.8156,3.4973
19.2714,0.8212,3.5248
19.2716,0.8708,3.7286
19.2718,0.939,4.0189
19.2720,0.9362,4.0146
19.2722,0.954,4.0907
19.2724,0.9105,3.9077
19.2726,0.8348,3.5796
19.2728,0.9432,4.0406
19.2730,0.9884,4.2244
19.2732,1.089,4.6566
19.2734,1.0765,4.6075
19.2736,1.0588,4.5295
19.2738,1.0956,4.6913
19.2740,0.9674,4.1541
19.2742,0.8239,3.5377
19.2744,0.8666,3.7158
19.2746,0.9169,3.93
19.2748,0.984,4.2074
19.2750,1.0607,4.544
19.2752,1.0209,4.3776
19.2754,0.9757,4.1896
19.2756,0.8194,3.5171
19.2758,0.8277,3.5542
19.2760,0.8233,3.5335
19.2762,0.85,3.6449
19.2764,0.8923,3.8264
19.2766,0.9373,4.0267
19.2768,0.8784,3.7703
19.2770,0.8768,3.7631
19.2772,0.8864,3.8042
19.2774,0.8858,3.7999
19.2776,0.8621,3.7003
19.2778,0.7923,3.4055
19.2780,0.7746,3.3292
19.2782,0.8343,3.5825
19.2784,0.8564,3.6756
19.2786,0.8527,3.6647
19.2788,0.7983,3.4297
19.2790,0.8271,3.5533
19.2792,0.7834,3.3669
19.2794,0.8139,3.495
19.2796,0.8463,3.634
19.2798,0.8248,3.5485
19.2800,0.7375,3.1774
19.2802,0.6662,2.8673
19.2804,0.6678,2.8767
19.2806,0.6733,2.8991
19.2808,0.7055,3.0352
19.2810,0.6941,2.982
19.2812,0.7704,3.3174
19.2814,0.7196,3.0956
19.2816,0.7796,3.3524
19.2818,0.7922,3.405
19.2820,0.7838,3.3689
19.2822,0.7722,3.322
19.2824,0.7565,3.2544
19.2826,0.7566,3.2519
19.2828,0.7446,3.2064
19.2830,0.683,2.9396
19.2832,0.6768,2.9114
19.2834,0.6765,2.9144
19.2836,0.6801,2.9286
19.2838,0.7179,3.084
19.2840,0.8413,3.6124
19.2842,0.8355,3.591
19.2844,0.7582,3.2617
19.2846,0.7812,3.3545
19.2848,0.8672,3.7236
19.2850,0.9101,3.9098
19.2852,0.8426,3.6248
19.2854,0.7389,3.1771
19.2856,0.7668,3.2988
19.2858,0.7452,3.2045
19.2860,0.7429,3.1947
19.2862,0.7013,3.02
19.2864,0.6578,2.8352
19.2866,0.6806,2.9279
19.2868,0.7027,3.027
19.2870,0.6782,2.919
19.2872,0.706,3.0359
19.2874,0.6989,3.0054
19.2876,0.7523,3.2349
19.2878,0.8064,3.469
19.2880,0.7805,3.3498
19.2882,0.9012,3.8717
19.2884,0.7875,3.3912
19.2886,0.711,3.0618
19.2888,0.717,3.0847
19.2890,0.6631,2.8553
19.2892,0.5949,2.565
19.2894,0.5547,2.3929
19.2896,0.5493,2.3686
19.2898,0.5534,2.3872
19.2900,0.5825,2.5141
19.2902,0.5422,2.3381
19.2904,0.5373,2.3179
19.2906,0.5483,2.3655
19.2908,0.5542,2.3898
19.2910,0.548,2.3607
19.2912,0.5533,2.3878
19.2914,0.5968,2.5673
19.2916,0.7834,3.3684
19.2918,0.7415,3.1929
19.2920,0.6794,2.9282
19.2922,0.642,2.7631
19.2924,0.6495,2.7956
19.2926,0.7125,3.0665
19.2928,0.7551,3.2452
19.2930,0.7539,3.2446
19.2932,0.7563,3.2504
19.2934,0.8268,3.5501
19.2936,0.8488,3.6482
19.2938,0.7599,3.2689
19.2940,0.7209,3.0998
19.2942,0.7203,3.1001
19.2944,0.8115,3.4847
19.2946,0.8866,3.8088
19.2948,0.8343,3.5842
19.2950,0.8555,3.6771
19.2952,0.8343,3.5842
19.2954,0.7956,3.4131
19.2956,0.8143,3.5031
19.2958,0.7146,3.0758
19.2960,0.7268,3.128
19.2962,0.7507,3.2282
19.2964,0.7471,3.2142
19.2966,0.7504,3.2296
19.2968,0.7105,3.0606
19.2970,0.5845,2.5194
19.2972,0.5586,2.4089
19.2974,0.5534,2.3872
19.2976,0.5539,2.3904
19.2978,0.5518,2.3783
19.2980,0.6583,2.832
19.2982,0.7045,3.0362
19.2984,0.6355,2.7378
19.2986,0.6555,2.8188
19.2988,0.672,2.8948
19.2990,0.6107,2.6333
19.2992,0.6397,2.7546
19.2994,0.6932,2.9835
19.2996,0.7144,3.0777
19.2998,0.7229,3.1129
19.3000,0.6344,2.7344
19.3002,0.5871,2.5326
19.3004,0.5348,2.3092
19.3006,0.4739,2.0443
19.3008,0.4685,2.0238
19.3010,0.4706,2.0331
19.3012,0.4666,2.0146
19.3014,0.466,2.012
19.3016,0.474,2.0458
19.3018,0.4837,2.0877
19.3020,0.4941,2.1297
19.3022,0.5208,2.2434
19.3024,0.5622,2.4233
19.3026,0.6083,2.6217
19.3028,0.579,2.4945
19.3030,0.5857,2.5222
19.3032,0.6498,2.794
19.3034,0.7524,3.2384
19.3036,0.7186,3.0871
19.3038,0.7596,3.2587
19.3040,0.8137,3.4924
19.3042,0.8818,3.7847
19.3044,0.8654,3.7211
19.3046,0.8115,3.4863
19.3048,0.7805,3.356
19.3050,0.7599,3.2658
19.3052,0.7431,3.1937
19.3054,0.7421,3.1881
19.3056,0.7664,3.2988
19.3058,0.732,3.1521
19.3060,0.7325,3.1396
19.3062,0.8741,3.7535
19.3064,0.879,3.7693
19.3066,0.9162,3.9324
19.3068,0.8272,3.5489
19.3070,0.8895,3.8158
19.3072,0.8947,3.842
19.3074,0.8676,3.7292
19.3076,0.8546,3.6661
19.3078,0.9396,4.0215
19.3080,0.9955,4.2686
19.3082,0.9485,4.086
19.3084,0.6539,2.8155
19.3086,0.6577,2.8333
19.3088,0.6583,2.8372
19.3090,0.6457,2.783
19.3092,0.6486,2.7889
19.3094,0.7212,3.0985
19.3096,0.7638,3.2844
19.3098,0.7204,3.1021
19.3100,0.6824,2.9329
19.3102,0.7583,3.2637
19.3104,0.7003,3.0181
19.3106,0.6616,2.8491
19.3108,0.6778,2.916
19.3110,0.7563,3.2519
19.3112,0.7455,3.2129
19.3114,0.6022,2.5954
19.3116,0.6369,2.7427
19.3118,0.6997,3.0113
19.3120,0.7075,3.0463
19.3122,0.6705,2.8859
19.3124,0.7157,3.0791
19.3126,0.7551,3.2467
19.3128,0.7655,3.2931
19.3130,0.7754,3.339
19.3132,0.6898,2.9718
19.3134,0.6392,2.7512
19.3136,0.6375,2.7491
19.3138,0.6057,2.6091
19.3140,0.6636,2.8573
19.3142,0.6615,2.8446
19.3144,0.7312,3.1471
19.3146,0.6832,2.9393
19.3148,0.7142,3.0695
19.3150,0.7904,3.3957
19.3152,0.7793,3.3478
19.3154,0.8036,3.4556
19.3156,0.7934,3.407
19.3158,0.816,3.5136
19.3160,0.6676,2.8789
19.3162,0.6012,2.5888
19.3164,0.6547,2.8152
19.3166,0.7151,3.075
19.3168,0.7483,3.2253
19.3170,0.6301,2.7145
19.3172,0.6486,2.7928
19.3174,0.6916,2.9795
19.3176,0.6554,2.8196
19.3178,0.7106,3.054
19.3180,0.7705,3.3117
19.3182,0.7639,3.288
19.3184,0.6969,2.9995
19.3186,0.6409,2.7636
19.3188,0.5931,2.5585
19.3190,0.5137,2.216
19.3192,0.5143,2.2207
19.3194,0.4595,1.985
19.3196,0.4218,1.8215
19.3198,0.4174,1.8032
19.3200,0.4609,1.9903
19.3202,0.4699,2.03
19.3204,0.4519,1.9514
19.3206,0.4419,1.9097
19.3208,0.4471,1.9316
19.3210,0.4437,1.9157
19.3212,0.4464,1.9267
19.3214,0.4477,1.9315
19.3216,0.4603,1.9877
19.3218,0.4498,1.9412
19.3220,0.4479,1.9347
19.3222,0.4465,1.9299
19.3224,0.4482,1.9354
19.3226,0.4463,1.9262
19.3228,0.4483,1.9341
19.3230,0.4537,1.9574
19.3232,0.5001,2.1566
19.3234,0.5238,2.2584
19.3236,0.4614,1.9914
19.3238,0.4503,1.9442
19.3240,0.4493,1.9382
19.3242,0.4469,1.9297
19.3244,0.4471,1.9298
19.3246,0.4477,1.9333
19.3248,0.4479,1.9329
19.3250,0.4456,1.9231
19.3252,0.4456,1.9204
19.3254,0.4742,2.0449
19.3256,0.4897,2.1145
19.3258,0.451,1.9455
19.3260,0.4462,1.9248
19.3262,0.4595,1.9804
19.3264,0.5435,2.3372
19.3266,0.6661,2.8642
19.3268,0.6347,2.7316
19.3270,0.5531,2.384
19.3272,0.5535,2.3855
19.3274,0.5296,2.2848
19.3276,0.4577,1.9735
19.3278,0.4476,1.9319
19.3280,0.4389,1.8941
19.3282,0.4435,1.9116
19.3284,0.4602,1.9862
19.3286,0.4598,1.9856
19.3288,0.4558,1.9662
19.3290,0.452,1.951
19.3292,0.4573,1.9738
19.3294,0.4585,1.9781
19.3296,0.4583,1.9752
19.3298,0.4572,1.9715
19.3300,0.5037,2.1701
19.3302,0.5324,2.2946
19.3304,0.4485,1.9346
19.3306,0.4439,1.9159
19.3308,0.4438,1.9144
19.3310,0.461,1.9862
19.3312,0.5296,2.2795
19.3314,0.61,2.6265
19.3316,0.6232,2.6821
19.3318,0.5796,2.4936
19.3320,0.5715,2.4596
19.3322,0.6109,2.6294
19.3324,0.6066,2.6121
19.3326,0.6041,2.5988
19.3328,0.6091,2.6217
19.3330,0.6561,2.8201
19.3332,0.7748,3.3256
19.3334,0.7846,3.3704
19.3336,0.7398,3.1798
19.3338,0.7083,3.04
19.3340,0.7784,3.3442
19.3342,0.7527,3.2349
19.3344,0.7997,3.4289
19.3346,0.8835,3.783
19.3348,0.9153,3.9209
19.3350,0.8933,3.8287
19.3352,0.8591,3.6908
19.3354,0.7733,3.3174
19.3356,0.7846,3.3704
19.3358,0.7172,3.0852
19.3360,0.7037,3.0218
19.3362,0.7585,3.2526
19.3364,0.8354,3.5855
19.3366,0.8065,3.4647
19.3368,0.7957,3.4183
19.3370,0.7829,3.3617
19.3372,0.8393,3.5975
19.3374,0.9052,3.8796
19.3376,0.9042,3.8791
19.3378,0.9192,3.9342
19.3380,1.0283,4.3992
19.3382,1.0576,4.5222
19.3384,1.056,4.5198
19.3386,1.0121,4.336
19.3388,1.0443,4.4695
19.3390,1.004,4.3051
19.3392,0.9257,3.9675
19.3394,0.9066,3.893
19.3396,0.8278,3.5547
19.3398,0.8469,3.6315
19.3400,0.857,3.6799
19.3402,0.8391,3.6015
19.3404,0.8892,3.8219
19.3406,0.7975,3.4245
19.3408,0.835,3.5823
19.3410,0.8476,3.6414
19.3412,0.7624,3.2782
19.3414,0.7632,3.2833
19.3416,0.7051,3.0331
19.3418,0.6817,2.9312
19.3420,0.7549,3.2417
19.3422,0.8046,3.4581
19.3424,0.7688,3.306
19.3426,0.801,3.4378
19.3428,0.8563,3.6768
19.3430,0.8257,3.5438
19.3432,0.9004,3.8626
19.3434,0.9298,3.9905
19.3436,0.8756,3.7597
19.3438,0.8704,3.7462
19.3440,0.7557,3.2463
19.3442,0.8281,3.5541
19.3444,0.8559,3.6752
19.3446,0.8463,3.634
19.3448,0.8185,3.5146
19.3450,0.8082,3.4735
19.3452,0.7891,3.3916
19.3454,0.8184,3.5157
19.3456,0.8372,3.5983
19.3458,0.7844,3.3684
19.3460,0.8202,3.5234
19.3462,0.8517,3.6572
19.3464,0.7855,3.3793
19.3466,0.6783,2.9208
19.3468,0.6991,3.0101
19.3470,0.7003,3.0153
19.3472,0.6778,2.916
19.3474,0.6975,2.9993
19.3476,0.7591,3.2658
19.3478,0.7668,3.3003
19.3480,0.6985,3.0076
19.3482,0.6893,2.9642
19.3484,0.7488,3.2214
19.3486,0.7474,3.2182
19.3488,0.6994,3.0117
19.3490,0.6512,2.8028
19.3492,0.6389,2.7497
19.3494,0.6423,2.7646
19.3496,0.6361,2.7429
19.3498,0.6301,2.7145
19.3500,0.6312,2.7192
19.3502,0.6347,2.7342
19.3504,0.6736,2.9034
19.3506,0.6318,2.7218
19.3508,0.6614,2.8467
19.3510,0.7155,3.0766
19.3512,0.7128,3.0695
19.3514,0.6619,2.8501
19.3516,0.7148,3.0749
19.3518,0.7223,3.1103
19.3520,0.7252,3.1213
19.3522,0.7476,3.2133
19.3524,0.7614,3.2725
19.3526,0.7696,3.3076
19.3528,0.8045,3.4543
19.3530,0.8346,3.5852
19.3532,0.7884,3.3901
19.3534,0.7378,3.174
19.3536,0.7347,3.1606
19.3538,0.7425,3.1926
19.3540,0.778,3.3437
19.3542,0.7995,3.4332
19.3544,0.8031,3.4503
19.3546,0.7964,3.4246
19.3548,0.7858,3.3787
19.3550,0.7552,3.2563
19.3552,0.5762,2.4832
19.3554,0.5438,2.347
19.3556,0.5407,2.3302
19.3558,0.5857,2.5222
19.3560,0.6158,2.6531
19.3562,0.6268,2.7001
19.3564,0.6528,2.8122
19.3566,0.7139,3.0727
19.3568,0.679,2.9266
19.3570,0.5962,2.5695
19.3572,0.5866,2.5317
19.3574,0.5718,2.4612
19.3576,0.6931,2.9829
19.3578,0.6534,2.8173
19.3580,0.5537,2.391
19.3582,0.5292,2.2828
19.3584,0.5305,2.2874
19.3586,0.559,2.4116
19.3588,0.545,2.3521
19.3590,0.5313,2.2931
19.3592,0.5234,2.2558
19.3594,0.5732,2.4703
19.3596,0.6115,2.6357
19.3598,0.6592,2.8374
19.3600,0.7163,3.0802
19.3602,0.7012,3.0194
19.3604,0.6016,2.594
19.3606,0.569,2.4534
19.3608,0.623,2.6791
19.3610,0.707,3.0428
19.3612,0.6914,2.9785
19.3614,0.6155,2.6527
19.3616,0.5675,2.4472
19.3618,0.5625,2.4243
19.3620,0.563,2.4264
19.3622,0.5786,2.4924
19.3624,0.5754,2.4836
19.3626,0.4898,2.1141
19.3628,0.4536,1.9578
19.3630,0.4537,1.961
19.3632,0.4529,1.9565
19.3634,0.4509,1.9468
19.3636,0.4517,1.9486
19.3638,0.4492,1.9404
19.3640,0.4516,1.9481
19.3642,0.4844,2.0869
19.3644,0.5246,2.261
19.3646,0.5521,2.3793
19.3648,0.5312,2.2915
19.3650,0.5339,2.3045
19.3652,0.508,2.1917
19.3654,0.5101,2.1985
19.3656,0.5058,2.1799
19.3658,0.5242,2.2574
19.3660,0.5771,2.4885
19.3662,0.5216,2.2502
19.3664,0.5097,2.1979
19.3666,0.5435,2.3394
19.3668,0.6157,2.655
19.3670,0.6257,2.6879
19.3672,0.7656,3.2875
19.3674,0.689,2.9709
19.3676,0.5395,2.3272
19.3678,0.469,2.0212
19.3680,0.469,2.0231
19.3682,0.4712,2.0329
19.3684,0.4907,2.1157
19.3686,0.5216,2.247
19.3688,0.5748,2.4729
19.3690,0.6151,2.6512
19.3692,0.5693,2.4503
19.3694,0.6029,2.59
19.3696,0.7164,3.0764
19.3698,0.7379,3.1686
19.3700,0.7724,3.3184
19.3702,0.8176,3.5126
19.3704,0.8136,3.4918
19.3706,0.8361,3.5836
19.3708,0.9113,3.9076
19.3710,0.8728,3.7461
19.3712,0.8878,3.8051
19.3714,0.9218,3.951
19.3716,0.9368,4.0153
19.3718,0.9441,4.0504
19.3720,0.9427,4.0348
19.3722,1.0216,4.3704
19.3724,1.0386,4.4433
19.3726,1.0342,4.4264
19.3728,1.0726,4.5906
19.3730,1.0392,4.4459
19.3732,1.0224,4.3863
19.3734,0.9142,3.92
19.3736,0.8772,3.7651
19.3738,0.8216,3.523
19.3740,0.8762,3.75
19.3742,1.0256,4.3853
19.3744,1.0885,4.6676
19.3746,0.9123,3.9172
19.3748,0.8481,3.6418
19.3750,0.881,3.7793
19.3752,0.8762,3.7622
19.3754,0.7853,3.3767
19.3756,0.7305,3.1469
19.3758,0.7088,3.0449
19.3760,0.8391,3.6048
19.3762,0.8329,3.578
19.3764,0.872,3.7442
19.3766,0.8897,3.8204
19.3768,0.8499,3.6495
19.3770,0.8672,3.7219
19.3772,0.8428,3.6225
19.3774,0.8232,3.5363
19.3776,0.8259,3.5482
19.3778,0.8314,3.5735
19.3780,0.8542,3.6697
19.3782,0.7967,3.4272
19.3784,0.7557,3.2463
19.3786,0.8112,3.4848
19.3788,0.8404,3.6105
19.3790,0.8364,3.5963
19.3792,0.7866,3.3839
19.3794,0.6887,2.9699
19.3796,0.6402,2.7592
19.3798,0.622,2.6794
19.3800,0.6631,2.8553
19.3802,0.669,2.8832
19.3804,0.6223,2.6772
19.3806,0.7013,3.0172
19.3808,0.7325,3.1557
19.3810,0.6931,2.9857
19.3812,0.6294,2.7127
19.3814,0.5889,2.5392
19.3816,0.5839,2.5168
19.3818,0.5907,2.5469
19.3820,0.5867,2.5287
19.3822,0.5881,2.5373
19.3824,0.6104,2.631
19.3826,0.6698,2.8828
19.3828,0.7419,3.1885
19.3830,0.7314,3.1452
19.3832,0.7347,3.1591
19.3834,0.7911,3.4035
19.3836,0.719,3.0973
19.3838,0.6642,2.8599
19.3840,0.7483,3.2164
19.3842,0.785,3.3772
19.3844,0.7023,3.0283
19.3846,0.6498,2.7992
19.3848,0.6564,2.8237
19.3850,0.6816,2.9348
19.3852,0.6433,2.7713
19.3854,0.5825,2.5129
19.3856,0.57,2.4591
19.3858,0.5897,2.5393
19.3860,0.6284,2.7085
19.3862,0.6299,2.716
19.3864,0.6184,2.6639
19.3866,0.6274,2.6989
19.3868,0.6554,2.8235
19.3870,0.5997,2.5857
19.3872,0.5907,2.5399
19.3874,0.7624,3.2767
19.3876,0.7834,3.3731
19.3878,0.5968,2.5745
19.3880,0.4833,2.0871
19.3882,0.473,2.0426
19.3884,0.471,2.0338
19.3886,0.4727,2.0401
19.3888,0.4874,2.1047
19.3890,0.4845,2.0923
19.3892,0.4793,2.0695
19.3894,0.4791,2.068
19.3896,0.5001,2.1586
19.3898,0.4715,2.0349
19.3900,0.4721,2.0356
19.3902,0.5203,2.2424
19.3904,0.5631,2.428
19.3906,0.51,2.202
19.3908,0.5032,2.173
19.3910,0.4648,2.005
19.3912,0.4815,2.0745
19.3914,0.577,2.4822
19.3916,0.6934,2.9845
19.3918,0.6843,2.9453
19.3920,0.6651,2.86
19.3922,0.6722,2.8918
19.3924,0.6704,2.8867
19.3926,0.6927,2.9828
19.3928,0.6891,2.9673
19.3930,0.6728,2.893
19.3932,0.6584,2.8325
19.3934,0.6872,2.9535
19.3936,0.7415,3.1885
19.3938,0.771,3.3153
19.3940,0.7565,3.2529
19.3942,0.7456,3.206
19.3944,0.7431,3.1996
19.3946,0.698,2.9985
19.3948,0.7583,3.2591
19.3950,0.7775,3.3416
19.3952,0.7829,3.3679
19.3954,0.7035,3.0264
19.3956,0.7029,3.0253
19.3958,0.6766,2.9163
19.3960,0.5849,2.5186
19.3962,0.6422,2.7641
19.3964,0.6634,2.8555
19.3966,0.6506,2.8016
19.3968,0.6535,2.8166
19.3970,0.6347,2.7329
19.3972,0.6361,2.7353
19.3974,0.6738,2.9039
19.3976,0.6465,2.784
19.3978,0.6657,2.8666
19.3980,0.5938,2.558
19.3982,0.6211,2.6733
19.3984,0.6696,2.8805
19.3986,0.7079,3.0469
19.3988,0.7156,3.08
19.3990,0.6957,2.9943
19.3992,0.6718,2.8956
19.3994,0.604,2.6055
19.3996,0.5167,2.2279
19.3998,0.4958,2.138
19.4000,0.497,2.1441
19.4002,0.4982,2.1503
19.4004,0.4925,2.1225
19.4006,0.561,2.4192
19.4008,0.5584,2.4045
19.4010,0.5802,2.5031
19.4012,0.4902,2.1156
19.4014,0.4711,2.0324
19.4016,0.492,2.1204
19.4018,0.526,2.2662
19.4020,0.5969,2.5714
19.4022,0.6015,2.5911
19.4024,0.5774,2.4884
19.4026,0.5941,2.5572
19.4028,0.6694,2.8746
19.4030,0.7475,3.2143
19.4032,0.7404,3.1794
19.4034,0.7882,3.3827
19.4036,0.8152,3.5007
19.4038,0.8244,3.5431
19.4040,0.7804,3.354
19.4042,0.7487,3.2149
19.4044,0.8702,3.733
19.4046,0.8858,3.8017
19.4048,0.873,3.7401
19.4050,0.9464,4.0583
19.4052,0.9474,4.0605
19.4054,1.0058,4.3068
19.4056,1.0006,4.2927
19.4058,0.9781,4.1901
19.4060,0.9807,4.2053
19.4062,0.9287,3.984
19.4064,0.8636,3.7116
19.4066,0.7834,3.3653
19.4068,0.8119,3.4863
19.4070,0.8336,3.5845
19.4072,0.787,3.3792
19.4074,0.8822,3.7827
19.4076,0.9356,4.0139
19.4078,0.836,3.5931
19.4080,0.8066,3.4652
19.4082,0.7599,3.2674
19.4084,0.7222,3.1084
19.4086,0.6935,2.9878
19.4088,0.6583,2.832
19.4090,0.6957,2.9943
19.4092,0.6962,2.9991
19.4094,0.6994,3.0075
19.4096,0.7459,3.2046
19.4098,0.7427,3.1921
19.4100,0.7124,3.0632
19.4102,0.6985,3.0062
19.4104,0.7009,3.0165
19.4106,0.7368,3.1684
19.4108,0.7813,3.3597
19.4110,0.7349,3.1601
19.4112,0.7247,3.1163
19.4114,0.7603,3.2679
19.4116,0.7458,3.207
19.4118,0.7602,3.2644
19.4120,0.8583,3.6855
19.4122,0.8415,3.6185
19.4124,0.7866,3.3823
19.4126,0.7859,3.3761
19.4128,0.7706,3.3153
19.4130,0.6771,2.9116
19.4132,0.7087,3.0486
19.4134,0.6862,2.9549
19.4136,0.6752,2.906
19.4138,0.7192,3.0911
19.4140,0.8618,3.697
19.4142,0.9017,3.8683
19.4144,0.8723,3.7545
19.4146,0.6874,2.9601
19.4148,0.6907,2.9712
19.4150,0.7342,3.157
19.4152,0.7565,3.2544
19.4154,0.7527,3.2394
19.4156,0.7324,3.1537
19.4158,0.6724,2.8969
19.4160,0.5998,2.5826
19.4162,0.6435,2.775
19.4164,0.5941,2.5619
19.4166,0.6106,2.6279
19.4168,0.6284,2.7123
19.4170,0.5625,2.4266
19.4172,0.6051,2.6005
19.4174,0.7318,3.1482
19.4176,0.7461,3.2111
19.4178,0.6909,2.975
19.4180,0.6294,2.7139
19.4182,0.5837,2.5181
19.4184,0.6139,2.6448
19.4186,0.6638,2.8597
19.4188,0.6627,2.859
19.4190,0.5697,2.4576
19.4192,0.5393,2.3246
19.4194,0.5344,2.3044
19.4196,0.5368,2.3159
19.4198,0.5475,2.3608
19.4200,0.5506,2.3765
19.4202,0.5465,2.3589
19.4204,0.5444,2.3452
19.4206,0.6079,2.6104
19.4208,0.7805,3.356
19.4210,0.7188,3.0968
19.4212,0.6006,2.5899
19.4214,0.5374,2.3184
19.4216,0.5232,2.2569
19.4218,0.5229,2.2559
19.4220,0.527,2.2734
19.4222,0.5295,2.2843
19.4224,0.527,2.2724
19.4226,0.5295,2.2822
19.4228,0.5256,2.2662
19.4230,0.5287,2.2796
19.4232,0.5282,2.2786
19.4234,0.5264,2.2698
19.4236,0.5248,2.262
19.4238,0.5349,2.3044
19.4240,0.6524,2.8054
19.4242,0.7751,3.3328
19.4244,0.5367,2.3153
19.4246,0.5574,2.4026
19.4248,0.5596,2.413
19.4250,0.5282,2.2786
19.4252,0.5235,2.2574
19.4254,0.5241,2.26
19.4256,0.5232,2.2569
19.4258,0.533,2.2961
19.4260,0.568,2.4447
19.4262,0.6235,2.6811
19.4264,0.6639,2.8562
19.4266,0.6422,2.768
19.4268,0.6414,2.7656
19.4270,0.5782,2.4885
19.4272,0.6202,2.6704
19.4274,0.5977,2.5762
19.4276,0.5838,2.514
19.4278,0.5708,2.4588
19.4280,0.5321,2.2946
19.4282,0.5266,2.2708
19.4284,0.5217,2.2496
19.4286,0.5172,2.231
19.4288,0.5137,2.214
19.4290,0.5101,2.2005
19.4292,0.5174,2.229
19.4294,0.574,2.4728
19.4296,0.6197,2.6683
19.4298,0.5781,2.4915
19.4300,0.5175,2.2295
19.4302,0.5634,2.4251
19.4304,0.6284,2.7073
19.4306,0.6113,2.631
19.4308,0.61,2.6253
19.4310,0.6314,2.7139
19.4312,0.6658,2.8645
19.4314,0.6001,2.5842
19.4316,0.5867,2.5275
19.4318,0.6061,2.6088
19.4320,0.6621,2.8485
19.4322,0.639,2.7451
19.4324,0.7253,3.1189
19.4326,0.6739,2.899
19.4328,0.6769,2.9092
19.4330,0.7271,3.1222
19.4332,0.7838,3.3689
19.4334,0.7106,3.0583
19.4336,0.6604,2.8439
19.4338,0.6642,2.8559
19.4340,0.6756,2.9062
19.4342,0.6887,2.9616
19.4344,0.7266,3.1202
19.4346,0.6995,3.0108
19.4348,0.6899,2.9668
19.4350,0.7367,3.1649
19.4352,0.715,3.0774
19.4354,0.6057,2.6091
19.4356,0.5866,2.5247
19.4358,0.6765,2.905
19.4360,0.7691,3.304
19.4362,0.7429,3.1947
19.4364,0.7252,3.1198
19.4366,0.7283,3.1303
19.4368,0.8284,3.559
19.4370,0.8113,3.4821
19.4372,0.822,3.5312
19.4374,0.8278,3.5547
19.4376,0.8358,3.5887
19.4378,0.8566,3.6749
19.4380,0.8855,3.8006
19.4382,0.8013,3.4442
19.4384,0.8336,3.5811
19.4386,0.8037,3.4561
19.4388,0.7392,3.1772
19.4390,0.7621,3.2726
19.4392,0.8337,3.5766
19.4394,0.8223,3.536
19.4396,0.7481,3.2168
19.4398,0.7156,3.0742
19.4400,0.7548,3.2442
19.4402,0.8039,3.4518
19.4404,0.8576,3.679
19.4406,0.9203,3.9425
19.4408,0.9396,4.0271
19.4410,0.9546,4.0894
19.4412,0.9354,4.0147
19.4414,0.9165,3.9352
19.4416,0.8826,3.7918
19.4418,0.7974,3.4287
19.4420,0.6981,3.0032
19.4422,0.6929,2.9824
19.4424,0.7017,3.0187
19.4426,0.6977,3.0017
19.4428,0.6759,2.9091
19.4430,0.7222,3.1084
19.4432,0.714,3.0733
19.4434,0.7395,3.1827
19.4436,0.7302,3.1371
19.4438,0.7593,3.2663
19.4440,0.7093,3.0526
19.4442,0.7078,3.0408
19.4444,0.7786,3.34
19.4446,0.8806,3.7883
19.4448,0.7754,3.339
19.4450,0.6982,3.0037
19.4452,0.7059,3.0339
19.4454,0.8003,3.4379
19.4456,0.819,3.5232
19.4458,0.7386,3.1746
19.4460,0.7487,3.2254
19.4462,0.6208,2.6755
19.4464,0.6009,2.5909
19.4466,0.621,2.674
19.4468,0.6196,2.6691
19.4470,0.6527,2.8103
19.4472,0.6822,2.9333
19.4474,0.756,3.2478
19.4476,0.7624,3.2812
19.4478,0.7241,3.1166
19.4480,0.731,3.1475
19.4482,0.6824,2.9384
19.4484,0.6186,2.6686
19.4486,0.5754,2.479
19.4488,0.5937,2.5563
19.4490,0.5944,2.5606
19.4492,0.5965,2.5711
19.4494,0.5937,2.5575
19.4496,0.6187,2.6655
19.4498,0.6161,2.6578
19.4500,0.5393,2.3267
19.4502,0.567,2.4417
19.4504,0.6747,2.8999
19.4506,0.7352,3.1611
19.4508,0.6914,2.9813
19.4510,0.6006,2.585
19.4512,0.6626,2.8519
19.4514,0.6527,2.8116
19.4516,0.6632,2.8558
19.4518,0.6754,2.9071
19.4520,0.6718,2.8889
19.4522,0.6973,2.9982
19.4524,0.7156,3.0771
19.4526,0.7103,3.0558
19.4528,0.7134,3.065
19.4530,0.7669,3.3008
19.4532,0.7554,3.2513
19.4534,0.723,3.112
19.4536,0.6751,2.9055
19.4538,0.653,2.8132
19.4540,0.6393,2.7543
19.4542,0.5706,2.4594
19.4544,0.57,2.4603
19.4546,0.5518,2.3794
19.4548,0.5531,2.384
19.4550,0.5564,2.3991
19.4552,0.5564,2.3968
19.4554,0.6462,2.7786
19.4556,0.6843,2.948
19.4558,0.5745,2.4748
19.4560,0.563,2.4286
19.4562,0.5064,2.1865
19.4564,0.4979,2.1497
19.4566,0.4923,2.124
19.4568,0.5017,2.1613
19.4570,0.5548,2.389
19.4572,0.6112,2.6305
19.4574,0.6373,2.7442
19.4576,0.6254,2.6931
19.4578,0.6263,2.698
19.4580,0.6501,2.8034
19.4582,0.5479,2.3613
19.4584,0.5103,2.2005
19.4586,0.5074,2.1881
19.4588,0.5124,2.2103
19.4590,0.4998,2.155
19.4592,0.523,2.2532
19.4594,0.5654,2.4356
19.4596,0.6264,2.6985
19.4598,0.6133,2.6422
19.4600,0.591,2.5449
19.4602,0.5928,2.5539
19.4604,0.5226,2.2533
19.4606,0.4875,2.1033
19.4608,0.4704,2.0302
19.4610,0.4877,2.1038
19.4612,0.5181,2.2352
19.4614,0.5108,2.2036
19.4616,0.5118,2.2067
19.4618,0.5173,2.2305
19.4620,0.5378,2.32
19.4622,0.5095,2.1959
19.4624,0.508,2.1877
19.4626,0.5404,2.3281
19.4628,0.5621,2.425
19.4630,0.5246,2.262
19.4632,0.5246,2.2589
19.4634,0.5748,2.4764
19.4636,0.5726,2.4666
19.4638,0.5589,2.4077
19.4640,0.5076,2.1866
19.4642,0.5053,2.1788
19.4644,0.5094,2.1954
19.4646,0.5714,2.4626
19.4648,0.5268,2.2714
19.4650,0.532,2.293
19.4652,0.5735,2.4684
19.4654,0.586,2.5209
19.4656,0.6304,2.7105
19.4658,0.7,3.0073
19.4660,0.7768,3.3338
19.4662,0.8232,3.538
19.4664,0.7061,3.0406
19.4666,0.5943,2.5565
19.4668,0.6724,2.8915
19.4670,0.6583,2.8346
19.4672,0.6146,2.6454
19.4674,0.6768,2.9087
19.4676,0.6758,2.91
19.4678,0.5935,2.5546
19.4680,0.6519,2.8059
19.4682,0.6668,2.8673
19.4684,0.6946,2.9855
19.4686,0.6814,2.9288
19.4688,0.7457,3.205
19.4690,0.7582,3.2541
19.4692,0.8513,3.6523
19.4694,0.9019,3.8675
19.4696,0.8896,3.8163
19.4698,0.9012,3.8699
19.4700,0.8494,3.6389
19.4702,1.019,4.3551
19.4704,1.0979,4.6901
19.4706,1.1208,4.7879
19.4708,1.204,5.1434
19.4710,1.2081,5.1584
19.4712,1.1944,5.1001
19.4714,1.2434,5.3169
19.4716,1.156,4.9362
19.4718,1.2255,5.2327
19.4720,1.1852,5.0678
19.4722,1.1378,4.8652
19.4724,1.1137,4.7733
19.4726,0.95,4.0794
19.4728,0.8605,3.6931
19.4730,0.9468,4.0598
19.4732,0.9569,4.0992
19.4734,1.0424,4.4592
19.4736,1.1324,4.8399
19.4738,1.1962,5.1125
19.4740,1.2043,5.1474
19.4742,1.1944,5.1192
19.4744,1.0831,4.6466
19.4746,0.9474,4.0624
19.4748,0.9853,4.2229
19.4750,1.0319,4.4228
19.4752,1.0169,4.3586
19.4754,0.9643,4.1368
19.4756,1.0224,4.3843
19.4758,1.0627,4.5506
19.4760,1.0909,4.6735
19.4762,1.1036,4.7301
19.4764,1.0576,4.537
19.4766,0.907,3.8964
19.4768,0.8335,3.5906
19.4770,0.7495,3.226
19.4772,0.8191,3.5188
19.4774,0.8618,3.7022
19.4776,0.8637,3.7087
19.4778,0.9007,3.866
19.4780,0.901,3.8652
19.4782,0.9061,3.8964
19.4784,0.7776,3.3483
19.4786,0.7212,3.1086
19.4788,0.7409,3.1874
19.4790,0.7813,3.3597
19.4792,0.7807,3.3586
19.4794,0.7536,3.2436
19.4796,0.7752,3.3318
19.4798,0.8194,3.5236
19.4800,0.8164,3.5124
19.4802,0.8137,3.4972
19.4804,0.8584,3.6843
19.4806,0.922,3.9589
19.4808,0.9106,3.9173
19.4810,0.8284,3.559
19.4812,0.8251,3.5495
19.4814,0.7619,3.2807
19.4816,0.7391,3.1826
19.4818,0.7359,3.1701
19.4820,0.7342,3.1644
19.4822,0.7245,3.1196
19.4824,0.7224,3.1108
19.4826,0.6957,2.9971
19.4828,0.6663,2.8692
19.4830,0.6782,2.9203
19.4832,0.6784,2.9241
19.4834,0.7045,3.0306
19.4836,0.8223,3.5327
19.4838,0.8053,3.4692
19.4840,0.6867,2.9611
19.4842,0.67,2.8852
19.4844,0.6678,2.8741
19.4846,0.6828,2.9413
19.4848,0.6812,2.9359
19.4850,0.6771,2.9184
19.4852,0.6747,2.908
19.4854,0.67,2.8865
19.4856,0.6859,2.9506
19.4858,0.7453,3.2094
19.4860,0.6969,3.0022
19.4862,0.6975,3.0048
19.4864,0.6631,2.8553
19.4866,0.6794,2.9268
19.4868,0.6872,2.9645
19.4870,0.6216,2.6816
19.4872,0.5447,2.3511
19.4874,0.536,2.3144
19.4876,0.5498,2.3706
19.4878,0.5516,2.3795
19.4880,0.5395,2.3283
19.4882,0.5744,2.4755
19.4884,0.6203,2.6746
19.4886,0.5627,2.4287
19.4888,0.5533,2.3867
19.4890,0.5411,2.3345
19.4892,0.5345,2.305
19.4894,0.5321,2.2957
19.4896,0.5445,2.349
19.4898,0.5492,2.3713
19.4900,0.5443,2.3458
19.4902,0.642,2.7631
19.4904,0.7208,3.105
19.4906,0.6208,2.6767
19.4908,0.618,2.6599
19.4910,0.6949,2.9907
19.4912,0.6698,2.8842
19.4914,0.6845,2.9477
19.4916,0.735,3.1621
19.4918,0.787,3.387
19.4920,0.7457,3.208
19.4922,0.7499,3.2246
19.4924,0.7704,3.3143
19.4926,0.7612,3.2715
19.4928,0.772,3.3194
19.4930,0.7928,3.4107
19.4932,0.7989,3.4355
19.4934,0.8105,3.4849
19.4936,0.8067,3.4657
19.4938,0.7856,3.3829
19.4940,0.7252,3.1227
19.4942,0.6905,2.9735
19.4944,0.6541,2.8152
19.4946,0.6588,2.8433
19.4948,0.5982,2.5795
19.4950,0.5886,2.5358
19.4952,0.6578,2.8338
19.4954,0.6521,2.8091
19.4956,0.6256,2.6961
19.4958,0.6043,2.6023
19.4960,0.6051,2.6066
19.4962,0.6094,2.6276
19.4964,0.5802,2.502
19.4966,0.5868,2.5257
19.4968,0.6975,2.9979
19.4970,0.7634,3.2905
19.4972,0.626,2.7007
19.4974,0.5343,2.305
19.4976,0.5335,2.3014
19.4978,0.5254,2.2667
19.4980,0.5349,2.3044
19.4982,0.6575,2.8284
19.4984,0.7804,3.354
19.4986,0.8027,3.4514
19.4988,0.7513,3.2338
19.4990,0.6518,2.8145
19.4992,0.5335,2.3014
19.4994,0.5136,2.2155
19.4996,0.5122,2.2098
19.4998,0.5134,2.216
19.5000,0.5116,2.2093
19.5002,0.5097,2.1979
19.5004,0.5104,2.2031
19.5006,0.5274,2.275
19.5008,0.5357,2.3112
19.5010,0.5314,2.2926
19.5012,0.5331,2.2988
19.5014,0.5616,2.4207
19.5016,0.6132,2.6368
19.5018,0.6836,2.9449
19.5020,0.6584,2.8364
19.5022,0.701,3.017
19.5024,0.6691,2.8771
19.5026,0.7546,3.2401
19.5028,0.8191,3.5221
19.5030,0.7804,3.3508
19.5032,0.848,3.6395
19.5034,0.8704,3.7427
19.5036,0.783,3.3637
19.5038,0.8866,3.7999
19.5040,0.975,4.1787
19.5042,0.976,4.1814
19.5044,0.9715,4.1638
19.5046,0.9896,4.2454
19.5048,0.9587,4.1069
19.5050,1.0021,4.3029
19.5052,0.8747,3.7543
19.5054,0.9187,3.9432
19.5056,0.9191,3.9447
19.5058,0.8278,3.5597
19.5060,0.7601,3.2669
19.5062,0.7524,3.2369
19.5064,0.7613,3.2751
19.5066,0.7838,3.3689
19.5068,0.83,3.5607
19.5070,0.9161,3.9337
19.5072,0.8704,3.7427
19.5074,0.819,3.5183
19.5076,0.8126,3.4926
19.5078,0.8064,3.469
19.5080,0.7409,3.1859
19.5082,0.7401,3.1823
19.5084,0.8033,3.446
19.5086,0.8872,3.8167
19.5088,0.7409,3.1889
19.5090,0.7587,3.2607
19.5092,0.7952,3.4195
19.5094,0.8595,3.6924
19.5096,0.8774,3.7727
19.5098,0.7916,3.4008
19.5100,0.8667,3.7181
19.5102,0.8595,3.701
19.5104,0.6819,2.9349
19.5106,0.7217,3.1005
19.5108,0.8278,3.5614
19.5110,0.8198,3.5219
19.5112,0.8522,3.6593
19.5114,0.9035,3.8778
19.5116,0.9155,3.9311
19.5118,0.889,3.8138
19.5120,0.9379,4.0293
19.5122,0.8828,3.7959
19.5124,0.8076,3.471
19.5126,0.8222,3.5338
19.5128,0.8343,3.5859
19.5130,0.8057,3.4643
19.5132,0.7649,3.2921
19.5134,0.7433,3.2007
19.5136,0.7233,3.1144
19.5138,0.7613,3.2751
19.5140,0.7922,3.4066
19.5142,0.8059,3.4702
19.5144,0.7404,3.1898
19.5146,0.6795,2.9246
19.5148,0.7471,3.2127
19.5150,0.773,3.321
19.5152,0.8495,3.6462
19.5154,0.9077,3.8958
19.5156,0.8882,3.8191
19.5158,0.784,3.3773
19.5160,0.7328,3.1538
19.5162,0.7248,3.1197
19.5164,0.7557,3.2478
19.5166,0.7959,3.4194
19.5168,0.8371,3.5944
19.5170,0.913,3.9185
19.5172,0.9661,4.1465
19.5174,0.9724,4.1796
19.5176,0.7997,3.4417
19.5178,0.734,3.1633
19.5180,0.6534,2.816
19.5182,0.644,2.7744
19.5184,0.6896,2.9666
19.5186,0.7554,3.2513
19.5188,0.711,3.066
19.5190,0.6825,2.9403
19.5192,0.7078,3.0521
19.5194,0.5585,2.4106
19.5196,0.551,2.3758
19.5198,0.6729,2.8962
19.5200,0.6808,2.933
19.5202,0.603,2.605
19.5204,0.5144,2.2232
19.5206,0.4949,2.1368
19.5208,0.4908,2.1192
19.5210,0.4998,2.159
19.5212,0.5015,2.1653
19.5214,0.5011,2.1647
19.5216,0.4993,2.1559
19.5218,0.498,2.1503
19.5220,0.4965,2.145
19.5222,0.5021,2.1658
19.5224,0.5547,2.3929
19.5226,0.489,2.1104
19.5228,0.4722,2.0399
19.5230,0.4652,2.0098
19.5232,0.4676,2.0183
19.5234,0.5294,2.2859
19.5236,0.5745,2.4737
19.5238,0.6898,2.9704
19.5240,0.6546,2.8212
19.5242,0.6046,2.6069
19.5244,0.595,2.5632
19.5246,0.6108,2.6314
19.5248,0.6094,2.6276
19.5250,0.5874,2.5306
19.5252,0.6221,2.6799
19.5254,0.6144,2.6481
19.5256,0.6468,2.7837
19.5258,0.6934,2.9803
19.5260,0.7283,3.1332
19.5262,0.7133,3.0702
19.5264,0.7158,3.0853
19.5266,0.6162,2.6558
19.5268,0.585,2.525
19.5270,0.5818,2.5087
19.5272,0.5944,2.5606
19.5274,0.5932,2.5578
19.5276,0.5859,2.5263
19.5278,0.5814,2.506
19.5280,0.5812,2.5026
19.5282,0.5949,2.5638
19.5284,0.6052,2.6059
19.5286,0.6407,2.7613
19.5288,0.5783,2.4948
19.5290,0.5572,2.4038
19.5292,0.6011,2.5871
19.5294,0.6425,2.7639
19.5296,0.6498,2.7927
19.5298,0.7553,3.2463
19.5300,0.7294,3.1379
19.5302,0.7378,3.1725
19.5304,0.7542,3.2401
19.5306,0.7661,3.2896
19.5308,0.7947,3.4158
19.5310,0.7872,3.3865
19.5312,0.7674,3.2968
19.5314,0.7673,3.2993
19.5316,0.7079,3.0455
19.5318,0.7371,3.1723
19.5320,0.72,3.0962
19.5322,0.7385,3.1741
19.5324,0.7358,3.1696
19.5326,0.6474,2.7902
19.5328,0.625,2.6886
19.5330,0.6483,2.7904
19.5332,0.6702,2.8857
19.5334,0.665,2.8622
19.5336,0.6415,2.7636
19.5338,0.6909,2.9723
19.5340,0.7667,3.2998
19.5342,0.6443,2.7768
19.5344,0.5979,2.5744
19.5346,0.6355,2.734
19.5348,0.7035,3.025
19.5350,0.7553,3.2463
19.5352,0.857,3.6816
19.5354,0.8888,3.8092
19.5356,0.9197,3.951
19.5358,0.8097,3.4819
19.5360,0.7608,3.2715
19.5362,0.7882,3.3922
19.5364,0.7799,3.3457
19.5366,0.8946,3.8397
19.5368,0.937,4.0233
19.5370,0.9137,3.9234
19.5372,0.913,3.9185
19.5374,0.8601,3.6967
19.5376,0.8328,3.5709
19.5378,0.8511,3.658
19.5380,0.8167,3.5036
19.5382,0.9336,4.0107
19.5384,0.9185,3.9366
19.5386,0.9619,4.1265
19.5388,0.9244,3.9674
19.5390,0.883,3.7934
19.5392,0.8758,3.7624
19.5394,0.7723,3.3225
19.5396,0.767,3.2983
19.5398,0.8378,3.5958
19.5400,0.8813,3.7826
19.5402,0.8957,3.8515
19.5404,0.7897,3.3957
19.5406,0.7935,3.4075
19.5408,0.8208,3.5293
19.5410,0.8311,3.5686
19.5412,0.8842,3.802
19.5414,0.7947,3.419
19.5416,0.7832,3.3679
19.5418,0.8016,3.4516
19.5420,0.7575,3.2571
19.5422,0.7471,3.2142
19.5424,0.7439,3.2003
19.5426,0.7819,3.3638
19.5428,0.7634,3.2859
19.5430,0.7796,3.3587
19.5432,0.6987,3.01
19.5434,0.6808,2.9303
19.5436,0.6734,2.8983
19.5438,0.6808,2.933
19.5440,0.6582,2.8354
19.5442,0.6271,2.7016
19.5444,0.608,2.6195
19.5446,0.6711,2.8898
19.5448,0.7426,3.1961
19.5450,0.7662,3.2962
19.5452,0.7252,3.1184
19.5454,0.7046,3.0325
19.5456,0.7059,3.0368
19.5458,0.7045,3.0348
19.5460,0.6378,2.7476
19.5462,0.6732,2.8973
19.5464,0.7648,3.2916
19.5466,0.72,3.1019
19.5468,0.6306,2.7204
19.5470,0.5889,2.538
19.5472,0.6203,2.6722
19.5474,0.6085,2.6252
19.5476,0.6083,2.6242
19.5478,0.5557,2.3993
19.5480,0.5006,2.1616
19.5482,0.5125,2.2129
19.5484,0.5198,2.2414
19.5486,0.5733,2.4674
19.5488,0.641,2.7654
19.5490,0.5542,2.3898
19.5492,0.5584,2.4067
19.5494,0.5549,2.394
19.5496,0.5722,2.4662
19.5498,0.6328,2.7272
19.5500,0.5666,2.4441
19.5502,0.5632,2.4274
19.5504,0.6198,2.6664
19.5506,0.6678,2.8741
19.5508,0.6646,2.862
19.5510,0.6723,2.8937
19.5512,0.7093,3.0498
19.5514,0.7722,3.3205
19.5516,0.7668,3.3003
19.5518,0.7417,3.188
19.5520,0.7277,3.1306
19.5522,0.662,2.8519
19.5524,0.6608,2.8481
19.5526,0.6897,2.9685
19.5528,0.7039,3.028
19.5530,0.7468,3.2097
19.5532,0.8188,3.5178
19.5534,0.8326,3.5837
19.5536,0.7102,3.0582
19.5538,0.5914,2.55
19.5540,0.604,2.6056
19.5542,0.5745,2.4783
19.5544,0.5564,2.398
19.5546,0.5547,2.3908
19.5548,0.5551,2.3923
19.5550,0.5688,2.4517
19.5552,0.5595,2.4092
19.5554,0.6041,2.6025
19.5556,0.6643,2.8618
19.5558,0.6595,2.8372
19.5560,0.6223,2.6798
19.5562,0.6473,2.7884
19.5564,0.6,2.5885
19.5566,0.573,2.4675
19.5568,0.6057,2.6068
19.5570,0.6504,2.8006
19.5572,0.6806,2.9307
19.5574,0.6933,2.984
19.5576,0.6353,2.7381
19.5578,0.5688,2.4529
19.5580,0.5621,2.4251
19.5582,0.5608,2.4171
19.5584,0.5575,2.4038
19.5586,0.6066,2.6109
19.5588,0.7356,3.1662
19.5590,0.7064,3.0459
19.5592,0.6382,2.7505
19.5594,0.6903,2.9684
19.5596,0.698,3.0083
19.5598,0.6004,2.5865
19.5600,0.6325,2.7236
19.5602,0.6111,2.6337
19.5604,0.5914,2.5525
19.5606,0.5874,2.5283
19.5608,0.6332,2.7255
19.5610,0.6348,2.7335
19.5612,0.615,2.6507
19.5614,0.6009,2.5873
19.5616,0.6031,2.5971
19.5618,0.6171,2.6583
19.5620,0.6025,2.6018
19.5622,0.518,2.2357
19.5624,0.5242,2.2574
19.5626,0.6346,2.7273
19.5628,0.6597,2.8461
19.5630,0.5473,2.3587
19.5632,0.5687,2.4546
19.5634,0.5209,2.2471
19.5636,0.5161,2.2254
19.5638,0.5204,2.245
19.5640,0.5573,2.4021
19.5642,0.6374,2.7448
19.5644,0.6296,2.7062
19.5646,0.7097,3.0476
19.5648,0.7601,3.2761
19.5650,0.575,2.4793
19.5652,0.5276,2.275
19.5654,0.5208,2.2466
19.5656,0.5266,2.2709
19.5658,0.5223,2.2544
19.5660,0.5194,2.2367
19.5662,0.6481,2.7882
19.5664,0.596,2.5697
19.5666,0.5208,2.2455
19.5668,0.516,2.2259
19.5670,0.5175,2.2295
19.5672,0.5136,2.2155
19.5674,0.5362,2.3112
19.5676,0.5918,2.5469
19.5678,0.6265,2.6966
19.5680,0.6654,2.8651
19.5682,0.6296,2.7062
19.5684,0.7091,3.0465
19.5686,0.7261,3.1191
19.5688,0.7687,3.3056
19.5690,0.7816,3.3576
19.5692,0.8102,3.4743
19.5694,0.8739,3.749
19.5696,0.8825,3.7896
19.5698,0.851,3.6491
19.5700,0.9437,4.0352
19.5702,1.1227,4.7985
19.5704,1.1083,4.7414
19.5706,1.1394,4.872
19.5708,1.1095,4.7465
19.5710,1.0962,4.6874
19.5712,1.1551,4.9368
19.5714,1.1207,4.801
19.5716,1.0566,4.5203
19.5718,1.0755,4.6073
19.5720,0.9823,4.216
19.5722,0.996,4.2667
19.5724,1.055,4.5152
19.5726,1.0291,4.4064
19.5728,1.0942,4.6809
19.5730,1.0968,4.6987
19.5732,1.114,4.7655
19.5734,1.1364,4.8705
19.5736,1.0235,4.3931
19.5738,0.9701,4.1616
19.5740,1.0171,4.3551
19.5742,1.0719,4.594
19.5744,0.9617,4.1275
19.5746,0.8949,3.8373
19.5748,0.949,4.0749
19.5750,0.9081,3.8975
19.5752,0.8817,3.7895
19.5754,0.8704,3.7324
19.5756,0.959,4.1143
19.5758,0.9807,4.1995
19.5760,0.9816,4.2149
19.5762,0.8968,3.8509
19.5764,0.9134,3.9256
19.5766,0.8657,3.721
19.5768,0.8045,3.4641
19.5770,0.7066,3.0441
19.5772,0.6982,3.0052
19.5774,0.7084,3.0476
19.5776,0.739,3.1777
19.5778,0.7879,3.3881
19.5780,0.7774,3.3443
19.5782,0.8005,3.4374
19.5784,0.8427,3.6254
19.5786,0.84,3.6152
19.5788,0.7763,3.3427
19.5790,0.6588,2.8394
19.5792,0.6463,2.7817
19.5794,0.7756,3.3334
19.5796,0.8192,3.5276
19.5798,0.7119,3.064
19.5800,0.7614,3.2802
19.5802,0.6716,2.8973
19.5804,0.5925,2.5547
19.5806,0.5963,2.5701
19.5808,0.6457,2.783
19.5810,0.625,2.6936
19.5812,0.6799,2.9303
19.5814,0.6816,2.9375
19.5816,0.6093,2.6283
19.5818,0.5951,2.5673
19.5820,0.6016,2.594
19.5822,0.5971,2.5725
19.5824,0.5956,2.5706
19.5826,0.5264,2.272
19.5828,0.56,2.4113
19.5830,0.6816,2.9375
19.5832,0.6154,2.6547
19.5834,0.5589,2.4111
19.5836,0.5516,2.3784
19.5838,0.5529,2.3863
19.5840,0.5559,2.3982
19.5842,0.5483,2.3645
19.5844,0.5529,2.3863
19.5846,0.5452,2.3532
19.5848,0.5928,2.5515
19.5850,0.6252,2.6971
19.5852,0.5716,2.4671
19.5854,0.515,2.2228
19.5856,0.5168,2.2295
19.5858,0.5402,2.3315
19.5860,0.4685,2.0248
19.5862,0.4506,1.9476
19.5864,0.4493,1.9401
19.5866,0.4437,1.9166
19.5868,0.4432,1.9137
19.5870,0.4473,1.9313
19.5872,0.4464,1.9277
19.5874,0.4488,1.9389
19.5876,0.447,1.932
19.5878,0.4475,1.9314
19.5880,0.4495,1.9402
19.5882,0.4473,1.9331
19.5884,0.464,2.0019
19.5886,0.5456,2.3537
19.5888,0.4889,2.1109
19.5890,0.4672,2.0144
19.5892,0.5302,2.2885
19.5894,0.4922,2.1215
19.5896,0.543,2.3423
19.5898,0.4584,1.9776
19.5900,0.5153,2.2218
19.5902,0.5889,2.5392
19.5904,0.5446,2.3474
19.5906,0.5361,2.3128
19.5908,0.5702,2.454
19.5910,0.5991,2.582
19.5912,0.572,2.4629
19.5914,0.5894,2.5401
19.5916,0.5826,2.5112
19.5918,0.5841,2.5174
19.5920,0.5735,2.4708
19.5922,0.6253,2.6902
19.5924,0.6862,2.9508
19.5926,0.6993,3.0112
19.5928,0.6669,2.8718
19.5930,0.6334,2.726
19.5932,0.5985,2.5794
19.5934,0.5615,2.4225
19.5936,0.5515,2.3768
19.5938,0.5536,2.385
19.5940,0.5674,2.4467
19.5942,0.5492,2.3648
19.5944,0.6108,2.6265
19.5946,0.6555,2.8241
19.5948,0.6083,2.6169
19.5950,0.6689,2.8801
19.5952,0.6049,2.6049
19.5954,0.6306,2.7116
19.5956,0.6662,2.8661
19.5958,0.6268,2.6989
19.5960,0.6553,2.8152
19.5962,0.7538,3.2336
19.5964,0.8298,3.5614
19.5966,0.7877,3.3886
19.5968,0.7181,3.098
19.5970,0.5262,2.2699
19.5972,0.504,2.1721
19.5974,0.5696,2.4503
19.5976,0.6801,2.9273
19.5978,0.6669,2.8705
19.5980,0.6394,2.7518
19.5982,0.6403,2.7559
19.5984,0.6624,2.8496
19.5986,0.6909,2.9696
19.5988,0.7177,3.0902
19.5990,0.6721,2.8913
19.5992,0.6949,2.9866
19.5994,0.6837,2.9414
19.5996,0.6199,2.6719
19.5998,0.5766,2.4853
19.6000,0.5841,2.5174
19.6002,0.5688,2.4517
19.6004,0.5892,2.5408
19.6006,0.5677,2.4466
19.6008,0.5318,2.2931
19.6010,0.539,2.322
19.6012,0.5554,2.3916
19.6014,0.5766,2.4842
19.6016,0.6001,2.5866
19.6018,0.6349,2.7314
19.6020,0.659,2.8351
19.6022,0.6552,2.8212
19.6024,0.6685,2.8719
19.6026,0.7208,3.0965
19.6028,0.7389,3.1698
19.6030,0.8684,3.7236
19.6032,0.9576,4.1081
19.6034,0.8825,3.7896
19.6036,0.8315,3.5669
19.6038,0.8361,3.5887
19.6040,0.8665,3.7189
19.6042,0.9017,3.8666
19.6044,0.8781,3.767
19.6046,0.8734,3.7505
19.6048,0.9277,3.9781
19.6050,0.9544,4.0923
19.6052,0.918,3.9402
19.6054,0.8831,3.7922
19.6056,0.8173,3.5128
19.6058,0.7684,3.3025
19.6060,0.7379,3.1686
19.6062,0.822,3.5362
19.6064,0.7874,3.3797
19.6066,0.8906,3.8205
19.6068,0.8569,3.6794
19.6070,0.8155,3.5034
19.6072,0.8133,3.4925
19.6074,0.7656,3.2922
19.6076,0.7527,3.2335
19.6078,0.7944,3.4143
19.6080,0.7864,3.3829
19.6082,0.7668,3.2958
19.6084,0.7878,3.3828
19.6086,0.8728,3.7427
19.6088,0.9064,3.8884
19.6090,0.858,3.6858
19.6092,0.8599,3.6906
19.6094,0.9246,3.9703
19.6096,0.8376,3.6015
19.6098,0.7939,3.4123
19.6100,0.852,3.6566
19.6102,0.8637,3.7105
19.6104,0.8617,3.6983
19.6106,0.8835,3.7937
19.6108,0.8635,3.7095
19.6110,0.9162,3.927
19.6112,0.9846,4.2238
19.6114,0.9432,4.0482
19.6116,0.9214,3.9546
19.6118,0.8903,3.8266
19.6120,0.8685,3.7294
19.6122,0.8267,3.5546
19.6124,0.7699,3.3123
19.6126,0.8095,3.476
19.6128,0.9335,3.9991
19.6130,1.0226,4.3849
19.6132,1.0211,4.3869
19.6134,0.8366,3.5974
19.6136,0.7719,3.3236
19.6138,0.7437,3.1993
19.6140,0.8207,3.5223
19.6142,0.9186,3.9391
19.6144,0.9758,4.1863
19.6146,0.9559,4.099
19.6148,0.9628,4.1283
19.6150,0.9624,4.1325
19.6152,0.9071,3.9006
19.6154,0.7992,3.4397
19.6156,0.766,3.2937
19.6158,0.8075,3.4754
19.6160,0.803,3.4514
19.6162,0.8931,3.8367
19.6164,0.8505,3.6589
19.6166,0.7517,3.2324
19.6168,0.7135,3.075
19.6170,0.7015,3.0219
19.6172,0.7247,3.1207
19.6174,0.73,3.1405
19.6176,0.7508,3.2312
19.6178,0.7523,3.241
19.6180,0.7233,3.1145
19.6182,0.6853,2.9508
19.6184,0.649,2.7983
19.6186,0.6011,2.5932
19.6188,0.6587,2.8441
19.6190,0.5683,2.4514
19.6192,0.5463,2.3568
19.6194,0.5884,2.5336
19.6196,0.6374,2.7474
19.6198,0.5981,2.5802
19.6200,0.5859,2.524
19.6202,0.6153,2.6554
19.6204,0.5539,2.3916
19.6206,0.5485,2.3661
19.6208,0.5461,2.3546
19.6210,0.5465,2.3578
19.6212,0.556,2.3964
19.6214,0.585,2.5227
19.6216,0.5435,2.3438
19.6218,0.548,2.364
19.6220,0.5453,2.3548
19.6222,0.5486,2.3677
19.6224,0.5541,2.3882
19.6226,0.6115,2.6333
19.6228,0.6536,2.8171
19.6230,0.6605,2.8426
19.6232,0.7052,3.0379
19.6234,0.6398,2.7577
19.6236,0.6404,2.7577
19.6238,0.6312,2.7217
19.6240,0.6238,2.6872
19.6242,0.623,2.6853
19.6244,0.6234,2.6869
19.6246,0.6318,2.7205
19.6248,0.6401,2.7575
19.6250,0.6298,2.7118
19.6252,0.6404,2.7577
19.6254,0.7039,3.028
19.6256,0.7434,3.1983
19.6258,0.7619,3.2716
19.6260,0.7828,3.3643
19.6262,0.7961,3.4263
19.6264,0.7478,3.2198
19.6266,0.6643,2.8605
19.6268,0.634,2.7336
19.6270,0.627,2.7037
19.6272,0.6233,2.6851
19.6274,0.6253,2.6939
19.6276,0.6286,2.7079
19.6278,0.6225,2.6815
19.6280,0.6183,2.6647
19.6282,0.6161,2.6566
19.6284,0.6215,2.6737
19.6286,0.702,3.024
19.6288,0.6751,2.9069
19.6290,0.679,2.9213
19.6292,0.6903,2.9711
19.6294,0.6799,2.9262
19.6296,0.6998,3.0105
19.6298,0.6847,2.9455
19.6300,0.7107,3.0603
19.6302,0.742,3.1921
19.6304,0.7714,3.3092
19.6306,0.8498,3.6575
19.6308,0.7673,3.2948
19.6310,0.8521,3.6588
19.6312,0.8677,3.7258
19.6314,0.8048,3.4592
19.6316,0.7776,3.3468
19.6318,0.6954,2.9956
19.6320,0.6547,2.8192
19.6322,0.7054,3.0333
19.6324,0.7511,3.2268
19.6326,0.7815,3.3602
19.6328,0.6957,2.9985
19.6330,0.6278,2.7022
19.6332,0.6918,2.9787
19.6334,0.6384,2.754
19.6336,0.6005,2.5906
19.6338,0.6015,2.5887
19.6340,0.6377,2.7458
19.6342,0.6123,2.6364
19.6344,0.6404,2.7552
19.6346,0.6621,2.8499
19.6348,0.6985,3.0076
19.6350,0.7198,3.0952
19.6352,0.7539,3.2416
19.6354,0.7823,3.3654
19.6356,0.7879,3.3834
19.6358,0.7987,3.4313
19.6360,0.782,3.3644
19.6362,0.7603,3.268
19.6364,0.7659,3.2947
19.6366,0.7305,3.1382
19.6368,0.8654,3.716
19.6370,0.9161,3.9319
19.6372,0.9138,3.9167
19.6374,0.8871,3.8127
19.6376,0.825,3.5441
19.6378,0.8415,3.6135
19.6380,0.8813,3.7809
19.6382,0.8807,3.7801
19.6384,0.8822,3.7863
19.6386,0.9268,3.9814
19.6388,0.8733,3.7517
19.6390,0.8267,3.5497
19.6392,0.8527,3.6648
19.6394,0.8105,3.4818
19.6396,0.8234,3.5407
19.6398,0.8456,3.6378
19.6400,0.8047,3.4603
19.6402,0.801,3.4443
19.6404,0.8083,3.4709
19.6406,0.8717,3.7415
19.6408,0.8674,3.7299
19.6410,0.7998,3.4423
19.6412,0.7334,3.1564
19.6414,0.7858,3.3772
19.6416,0.842,3.6172
19.6418,0.8241,3.5454
19.6420,0.7494,3.2226
19.6422,0.7645,3.2875
19.6424,0.7566,3.2505
19.6426,0.815,3.5095
19.6428,0.7509,3.2378
19.6430,0.6519,2.8086
19.6432,0.6287,2.7096
19.6434,0.5952,2.5702
19.6436,0.5396,2.3256
19.6438,0.577,2.488
19.6440,0.5816,2.51
19.6442,0.6355,2.7391
19.6444,0.665,2.8636
19.6446,0.6687,2.8836
19.6448,0.6294,2.7127
19.6450,0.6663,2.8679
19.6452,0.6655,2.8683
19.6454,0.6101,2.6283
19.6456,0.6115,2.637
19.6458,0.6223,2.681
19.6460,0.7047,3.0387
19.6462,0.5748,2.4799
19.6464,0.4932,2.1296
19.6466,0.5392,2.3273
19.6468,0.5193,2.2393
19.6470,0.5439,2.3486
19.6472,0.4763,2.0566
19.6474,0.4808,2.0772
19.6476,0.4692,2.0279
19.6478,0.4769,2.0582
19.6480,0.4837,2.0896
19.6482,0.4739,2.0481
19.6484,0.4631,1.9987
19.6486,0.486,2.0966
19.6488,0.4907,2.1177
19.6490,0.5169,2.2311
19.6492,0.4416,1.9096
19.6494,0.3851,1.6654
19.6496,0.397,1.7159
19.6498,0.4204,1.8119
19.6500,0.5872,2.5308
19.6502,0.56,2.4157
19.6504,0.5678,2.4448
19.6506,0.6222,2.6792
19.6508,0.6545,2.8142
19.6510,0.7216,3.1087
19.6512,0.6247,2.6938
19.6514,0.5828,2.5082
19.6516,0.6537,2.8137
19.6518,0.6812,2.9319
19.6520,0.6479,2.7949
19.6522,0.5414,2.3334
19.6524,0.5344,2.3024
19.6526,0.5762,2.4821
19.6528,0.6334,2.7298
19.6530,0.6159,2.6531
19.6532,0.5601,2.4129
19.6534,0.5816,2.5077
19.6536,0.565,2.4352
19.6538,0.5654,2.4345
19.6540,0.6015,2.5887
19.6542,0.589,2.5445
19.6544,0.4681,2.0223
19.6546,0.4573,1.9748
19.6548,0.4772,2.0569
19.6550,0.5135,2.2161
19.6552,0.4561,1.9696
19.6554,0.4518,1.9491
19.6556,0.4895,2.1106
19.6558,0.535,2.3092
19.6560,0.4982,2.1463
19.6562,0.543,2.3412
19.6564,0.5858,2.5211
19.6566,0.7235,3.1097
19.6568,0.693,2.9825
19.6570,0.5906,2.5477
19.6572,0.4732,2.0412
19.6574,0.4572,1.9715
19.6576,0.4603,1.9877
19.6578,0.4643,2.0029
19.6580,0.5211,2.245
19.6582,0.5445,2.3468
19.6584,0.56,2.4124
19.6586,0.6063,2.6094
19.6588,0.6396,2.7528
19.6590,0.6167,2.6543
19.6592,0.6722,2.8905
19.6594,0.6476,2.7926
19.6596,0.4988,2.1509
19.6598,0.4789,2.067
19.6600,0.4654,2.0067
19.6602,0.5005,2.1582
19.6604,0.4467,1.9269
19.6606,0.4479,1.9348
19.6608,0.4408,1.8989
19.6610,0.5313,2.2889
19.6612,0.5278,2.2782
19.6614,0.4835,2.0857
19.6616,0.5059,2.1804
19.6618,0.503,2.17
19.6620,0.5021,2.1639
19.6622,0.6033,2.594
19.6624,0.6647,2.858
19.6626,0.6937,2.9842
19.6628,0.6374,2.7448
19.6630,0.6003,2.5835
19.6632,0.6031,2.5983
19.6634,0.5933,2.556
19.6636,0.6185,2.6632
19.6638,0.639,2.7426
19.6640,0.7511,3.2283
19.6642,0.679,2.9199
19.6644,0.6689,2.8801
19.6646,0.5873,2.5325
19.6648,0.5223,2.2481
19.6650,0.5802,2.4962
19.6652,0.5999,2.5832
19.6654,0.6434,2.7668
19.6656,0.6818,2.929
19.6658,0.677,2.9166
19.6660,0.5432,2.3422
19.6662,0.5349,2.3066
19.6664,0.483,2.0836
19.6666,0.4652,2.0071
19.6668,0.4669,2.0143
19.6670,0.4728,2.0387
19.6672,0.4674,2.0164
19.6674,0.4864,2.0952
19.6676,0.5093,2.1918
19.6678,0.5703,2.4522
19.6680,0.6264,2.6936
19.6682,0.6432,2.7696
19.6684,0.6117,2.6314
19.6686,0.6572,2.8261
19.6688,0.6509,2.7987
19.6690,0.6894,2.9615
19.6692,0.7464,3.2037
19.6694,0.7811,3.354
19.6696,0.7937,3.4065
19.6698,0.8338,3.5705
19.6700,0.9204,3.9431
19.6702,0.9185,3.9386
19.6704,0.9128,3.9139
19.6706,0.9446,4.045
19.6708,0.9913,4.2368
19.6710,1.0502,4.4905
19.6712,1.0779,4.6154
19.6714,1.0184,4.3628
19.6716,1.0599,4.5363
19.6718,1.0653,4.5594
19.6720,1.0241,4.3854
19.6722,1.009,4.3308
19.6724,0.8967,3.845
19.6726,0.9249,3.9621
19.6728,0.9412,4.0376
19.6730,0.9899,4.2366
19.6732,1.1195,4.7802
19.6734,1.1455,4.9004
19.6736,1.1086,4.7424
19.6738,1.0733,4.5938
19.6740,1.0316,4.4255
19.6742,0.9311,3.9981
19.6744,0.8586,3.6849
19.6746,0.8875,3.8107
19.6748,0.8787,3.7766
19.6750,0.7878,3.3891
19.6752,0.7566,3.2505
19.6754,0.7769,3.336
19.6756,0.8283,3.5585
19.6758,0.884,3.7975
19.6760,0.8869,3.8046
19.6762,0.9084,3.899
19.6764,0.8867,3.8112
19.6766,0.7888,3.3917
19.6768,0.7678,3.3015
19.6770,0.7131,3.0678
19.6772,0.7442,3.2014
19.6774,0.8436,3.6206
19.6776,0.842,3.6189
19.6778,0.8023,3.4483
19.6780,0.8383,3.603
19.6782,0.8179,3.5121
19.6784,0.8288,3.5606
19.6786,0.8032,3.4503
19.6788,0.8345,3.5881
19.6790,0.8255,3.5495
19.6792,0.7859,3.3762
19.6794,0.84,3.6085
19.6796,0.8496,3.6497
19.6798,0.7944,3.4112
19.6800,0.8011,3.4464
19.6802,0.7608,3.2731
19.6804,0.6858,2.9543
19.6806,0.719,3.0945
19.6808,0.7278,3.1341
19.6810,0.6763,2.9121
19.6812,0.6623,2.853
19.6814,0.6666,2.8663
19.6816,0.7102,3.0582
19.6818,0.6759,2.9079
19.6820,0.7003,3.0168
19.6822,0.6639,2.8642
19.6824,0.5983,2.5777
19.6826,0.6716,2.8866
19.6828,0.7463,3.2151
19.6830,0.663,2.8561
19.6832,0.6469,2.7856
19.6834,0.6419,2.7639
19.6836,0.6444,2.7773
19.6838,0.641,2.7629
19.6840,0.6337,2.7313
19.6842,0.6493,2.7972
19.6844,0.6565,2.8282
19.6846,0.6661,2.8682
19.6848,0.6228,2.6843
19.6850,0.6067,2.6126
19.6852,0.6214,2.6781
19.6854,0.5806,2.5047
19.6856,0.5367,2.3165
19.6858,0.5541,2.3882
19.6860,0.6114,2.6364
19.6862,0.5389,2.3258
19.6864,0.5621,2.4239
19.6866,0.5419,2.3376
19.6868,0.5302,2.2875
19.6870,0.5286,2.2781
19.6872,0.5263,2.2704
19.6874,0.5238,2.2595
19.6876,0.5288,2.2812
19.6878,0.5283,2.2792
19.6880,0.524,2.2585
19.6882,0.5245,2.2605
19.6884,0.5499,2.3712
19.6886,0.5269,2.2719
19.6888,0.5325,2.2952
19.6890,0.544,2.3469
19.6892,0.5826,2.5088
19.6894,0.6173,2.6593
19.6896,0.6641,2.8555
19.6898,0.6928,2.9792
19.6900,0.6838,2.9446
19.6902,0.6533,2.8104
19.6904,0.6922,2.9766
19.6906,0.7557,3.2464
19.6908,0.7596,3.2679
19.6910,0.7003,3.0154
19.6912,0.6366,2.7412
19.6914,0.6504,2.798
19.6916,0.6305,2.7123
19.6918,0.6511,2.805
19.6920,0.6922,2.978
19.6922,0.7505,3.2227
19.6924,0.7877,3.387
19.6926,0.8028,3.4504
19.6928,0.7367,3.1709
19.6930,0.7073,3.0416
19.6932,0.6759,2.9133
19.6934,0.5516,2.3795
19.6936,0.522,2.2497
19.6938,0.5757,2.4812
19.6940,0.5727,2.4694
19.6942,0.5718,2.4635
19.6944,0.5861,2.525
19.6946,0.6151,2.6488
19.6948,0.6042,2.6018
19.6950,0.5868,2.5281
19.6952,0.6019,2.5968
19.6954,0.5149,2.2223
19.6956,0.5406,2.3276
19.6958,0.6751,2.9015
19.6960,0.7225,3.1094
19.6962,0.6133,2.6423
19.6964,0.5892,2.5408
19.6966,0.5396,2.3256
19.6968,0.6402,2.7554
19.6970,0.7005,3.0136
19.6972,0.6823,2.9338
19.6974,0.7145,3.0754
19.6976,0.6909,2.9737
19.6978,0.6504,2.8006
19.6980,0.6201,2.6712
19.6982,0.6093,2.6271
19.6984,0.5898,2.5398
19.6986,0.6371,2.7433
19.6988,0.6506,2.8016
19.6990,0.6696,2.8832
19.6992,0.6721,2.8927
19.6994,0.5705,2.4613
19.6996,0.5287,2.2797
19.6998,0.4894,2.1111
19.7000,0.4726,2.0386
19.7002,0.4787,2.066
19.7004,0.4817,2.077
19.7006,0.5211,2.2461
19.7008,0.5711,2.4547
19.7010,0.6607,2.841
19.7012,0.6573,2.8292
19.7014,0.6189,2.6635
19.7016,0.6284,2.7048
19.7018,0.681,2.9336
19.7020,0.6318,2.7193
19.7022,0.6699,2.878
19.7024,0.7437,3.1978
19.7026,0.7271,3.1281
19.7028,0.7496,3.2171
19.7030,0.8168,3.5058
19.7032,0.8279,3.5548
19.7034,0.8312,3.5709
19.7036,0.8285,3.559
19.7038,0.8138,3.4946
19.7040,0.8083,3.4741
19.7042,0.7713,3.3118
19.7044,0.9048,3.8781
19.7046,0.9539,4.0921
19.7048,0.9082,3.8943
19.7050,0.8928,3.8321
19.7052,0.8827,3.7901
19.7054,0.8281,3.5592
19.7056,0.7757,3.3308
19.7058,0.8407,3.6099
19.7060,0.8487,3.641
19.7062,0.8617,3.6931
19.7064,0.9058,3.8822
19.7066,0.939,4.0284
19.7068,0.9631,4.1318
19.7070,0.9041,3.8823
19.7072,0.7671,3.3014
19.7074,0.7138,3.0737
19.7076,0.6874,2.9546
19.7078,0.7222,3.1084
19.7080,0.7222,3.1084
19.7082,0.7401,3.1853
19.7084,0.7067,3.039
19.7086,0.71,3.0544
19.7088,0.6915,2.9749
19.7090,0.7249,3.1154
19.7092,0.8148,3.4987
19.7094,0.8223,3.5377
19.7096,0.7496,3.2156
19.7098,0.8416,3.614
19.7100,0.8077,3.4748
19.7102,0.7908,3.3973
19.7104,0.7964,3.4215
19.7106,0.7945,3.4117
19.7108,0.8183,3.5136
19.7110,0.8625,3.7036
19.7112,0.8709,3.7414
19.7114,0.8243,3.5493
19.7116,0.7171,3.0848
19.7118,0.7843,3.3726
19.7120,0.8388,3.6033
19.7122,0.8419,3.6134
19.7124,0.8674,3.7265
19.7126,0.7692,3.3123
19.7128,0.6744,2.9038
19.7130,0.7112,3.0609
19.7132,0.7087,3.0501
19.7134,0.7059,3.034
19.7136,0.7924,3.4024
19.7138,0.8611,3.6992
19.7140,0.8355,3.5911
19.7142,0.7979,3.4293
19.7144,0.8226,3.5387
19.7146,0.7619,3.2747
19.7148,0.7816,3.3623
19.7150,0.7681,3.3061
19.7152,0.751,3.2338
19.7154,0.6642,2.8573
19.7156,0.6878,2.9534
19.7158,0.8216,3.533
19.7160,0.7873,3.3855
19.7162,0.7464,3.2171
19.7164,0.6356,2.7345
19.7166,0.7424,3.1981
19.7168,0.678,2.9207
19.7170,0.6242,2.6918
19.7172,0.5732,2.4715
19.7174,0.5729,2.4693
19.7176,0.5717,2.4664
19.7178,0.5352,2.3097
19.7180,0.5539,2.386
19.7182,0.6148,2.6509
19.7184,0.5847,2.5223
19.7186,0.5589,2.4089
19.7188,0.5489,2.3671
19.7190,0.5548,2.3902
19.7192,0.5716,2.4648
19.7194,0.5322,2.2989
19.7196,0.4714,2.0363
19.7198,0.4535,1.9591
19.7200,0.4501,1.9455
19.7202,0.447,1.9302
19.7204,0.4535,1.9573
19.7206,0.4522,1.9525
19.7208,0.4505,1.9444
19.7210,0.4557,1.9666
19.7212,0.5236,2.26
19.7214,0.4859,2.097
19.7216,0.4578,1.975
19.7218,0.4928,2.128
19.7220,0.4551,1.9649
19.7222,0.4513,1.9453
19.7224,0.5033,2.1721
19.7226,0.4619,1.9944
19.7228,0.4575,1.9725
19.7230,0.5025,2.17
19.7232,0.4539,1.9598
19.7234,0.4497,1.9416
19.7236,0.4553,1.9641
19.7238,0.4582,1.9766
19.7240,0.4571,1.9728
19.7242,0.4528,1.9542
19.7244,0.4676,2.0156
19.7246,0.4676,2.0184
19.7248,0.4591,1.9825
19.7250,0.4533,1.9554
19.7252,0.4822,2.0791
19.7254,0.5319,2.2904
19.7256,0.5692,2.4522
19.7258,0.5789,2.4952
19.7260,0.5455,2.3488
19.7262,0.542,2.336
19.7264,0.5166,2.2285
19.7266,0.4642,2.0034
19.7268,0.4799,2.0702
19.7270,0.4564,1.9697
19.7272,0.4366,1.8852
19.7274,0.4269,1.8415
19.7276,0.4687,2.0202
19.7278,0.5247,2.2626
19.7280,0.4793,2.0647
19.7282,0.5263,2.2651
19.7284,0.5889,2.5381
19.7286,0.5608,2.416
19.7288,0.5842,2.5156
19.7290,0.6155,2.6466
19.7292,0.6287,2.7084
19.7294,0.5419,2.3355
19.7296,0.5662,2.4324
19.7298,0.6962,2.9922
19.7300,0.7067,3.0348
19.7302,0.7877,3.3807
19.7304,0.8532,3.6686
19.7306,0.7296,3.1331
19.7308,0.7318,3.1395
19.7310,0.7988,3.4302
19.7312,0.8159,3.5033
19.7314,0.8163,3.5005
19.7316,0.8169,3.5047
19.7318,0.791,3.4046
19.7320,0.6735,2.8975
19.7322,0.7161,3.0735
19.7324,0.861,3.69
19.7326,0.8703,3.7371
19.7328,0.7469,3.2117
19.7330,0.6848,2.9488
19.7332,0.6023,2.5947
19.7334,0.5684,2.4497
19.7336,0.5746,2.4743
19.7338,0.5974,2.5724
19.7340,0.5838,2.514
19.7342,0.6347,2.7279
19.7344,0.721,3.1018
19.7346,0.6632,2.8532
19.7348,0.671,2.8854
19.7350,0.6886,2.9639
19.7352,0.6859,2.952
19.7354,0.6746,2.8995
19.7356,0.7064,3.0375
19.7358,0.7528,3.237
19.7360,0.6944,2.9831
19.7362,0.7337,3.155
19.7364,0.7259,3.1186
19.7366,0.7578,3.2526
19.7368,0.8046,3.4581
19.7370,0.821,3.5222
19.7372,0.8964,3.8404
19.7374,0.9229,3.9594
19.7376,0.9144,3.9192
19.7378,0.9166,3.9285
19.7380,0.9008,3.8679
19.7382,0.8592,3.684
19.7384,0.9357,4.014
19.7386,0.8919,3.828
19.7388,0.9101,3.9007
19.7390,0.9825,4.2092
19.7392,0.9927,4.2529
19.7394,1.0407,4.4563
19.7396,1.0734,4.5943
19.7398,1.0638,4.5596
19.7400,0.9741,4.1771
19.7402,0.9847,4.2204
19.7404,0.9704,4.1631
19.7406,0.8737,3.7497
19.7408,0.8313,3.5664
19.7410,0.8468,3.6379
19.7412,0.8283,3.5602
19.7414,0.8091,3.4745
19.7416,0.8292,3.5638
19.7418,0.7859,3.3777
19.7420,0.8096,3.4814
19.7422,0.7956,3.4163
19.7424,0.854,3.6671
19.7426,0.8118,3.4907
19.7428,0.7729,3.3236
19.7430,0.783,3.3685
19.7432,0.7928,3.4076
19.7434,0.8211,3.526
19.7436,0.8505,3.6521
19.7438,0.8338,3.5839
19.7440,0.7461,3.2111
19.7442,0.695,2.9913
19.7444,0.7046,3.034
19.7446,0.6956,2.9938
19.7448,0.7294,3.1379
19.7450,0.7538,3.2411
19.7452,0.7533,3.2361
19.7454,0.8018,3.4431
19.7456,0.8186,3.5152
19.7458,0.8354,3.5889
19.7460,0.8412,3.6187
19.7462,0.7882,3.3875
19.7464,0.7621,3.2818
19.7466,0.6912,2.972
19.7468,0.7126,3.0686
19.7470,0.6807,2.9298
19.7472,0.6713,2.8891
19.7474,0.6739,2.9004
19.7476,0.6696,2.8859
19.7478,0.6707,2.8878
19.7480,0.6684,2.8767
19.7482,0.6922,2.978
19.7484,0.7329,3.1573
19.7486,0.6268,2.7014
19.7488,0.5919,2.5462
19.7490,0.7246,3.1129
19.7492,0.8033,3.4589
19.7494,0.7017,3.023
19.7496,0.7047,3.0302
19.7498,0.8155,3.505
19.7500,0.7763,3.3396
19.7502,0.7374,3.171
19.7504,0.7788,3.3427
19.7506,0.8279,3.5548
19.7508,0.8584,3.693
19.7510,0.7621,3.2757
19.7512,0.7804,3.3556
19.7514,0.7529,3.2375
19.7516,0.7464,3.2082
19.7518,0.7305,3.1455
19.7520,0.6444,2.776
19.7522,0.6703,2.8836
19.7524,0.7208,3.1037
19.7526,0.6382,2.7517
19.7528,0.6401,2.7587
19.7530,0.6942,2.9849
19.7532,0.7214,3.1062
19.7534,0.6565,2.8243
19.7536,0.6699,2.8847
19.7538,0.6624,2.8588
19.7540,0.5516,2.3795
19.7542,0.5477,2.3641
19.7544,0.5638,2.4323
19.7546,0.5559,2.3982
19.7548,0.5469,2.3583
19.7550,0.547,2.361
19.7552,0.5453,2.3526
19.7554,0.5602,2.4123
19.7556,0.6924,2.9771
19.7558,0.7644,3.2916
19.7560,0.6631,2.8619
19.7562,0.5372,2.3164
19.7564,0.5361,2.3096
19.7566,0.5891,2.5379
19.7568,0.6323,2.7239
19.7570,0.581,2.5051
19.7572,0.537,2.3175
19.7574,0.5312,2.2916
19.7576,0.5298,2.2843
19.7578,0.5589,2.4077
19.7580,0.6196,2.6691
19.7582,0.6599,2.8387
19.7584,0.7138,3.068
19.7586,0.7352,3.1641
19.7588,0.7496,3.2276
19.7590,0.7207,3.1031
19.7592,0.6553,2.8217
19.7594,0.6645,2.8615
19.7596,0.6506,2.8016
19.7598,0.6108,2.6326
19.7600,0.5643,2.431
19.7602,0.5907,2.5446
19.7604,0.5714,2.466
19.7606,0.5799,2.5016
19.7608,0.5888,2.5375
19.7610,0.5733,2.4686
19.7612,0.6476,2.7861
19.7614,0.6798,2.9244
19.7616,0.7061,3.035
19.7618,0.6936,2.9823
19.7620,0.7097,3.0547
19.7622,0.7305,3.1411
19.7624,0.6738,2.9026
19.7626,0.5892,2.5396
19.7628,0.6025,2.5958
19.7630,0.5999,2.5796
19.7632,0.701,3.0129
19.7634,0.6747,2.9027
19.7636,0.6455,2.7794
19.7638,0.6347,2.7393
19.7640,0.5121,2.2104
19.7642,0.4933,2.1281
19.7644,0.4867,2.1016
19.7646,0.479,2.0675
19.7648,0.4787,2.065
19.7650,0.4766,2.0581
19.7652,0.479,2.0666
19.7654,0.4788,2.0674
19.7656,0.4756,2.0525
19.7658,0.4747,2.0498
19.7660,0.4578,1.9778
19.7662,0.4605,1.9882
19.7664,0.4603,1.985
19.7666,0.469,2.0222
19.7668,0.4726,2.0386
19.7670,0.4433,1.9142
19.7672,0.4909,2.1148
19.7674,0.589,2.535
19.7676,0.6643,2.8605
19.7678,0.6325,2.7236
19.7680,0.6192,2.6663
19.7682,0.6235,2.6824
19.7684,0.6668,2.866
19.7686,0.7079,3.0427
19.7688,0.7585,3.2602
19.7690,0.7608,3.2716
19.7692,0.6949,2.9894
19.7694,0.7359,3.1569
19.7696,0.8727,3.7439
19.7698,0.8498,3.6439
19.7700,0.8774,3.7622
19.7702,0.9189,3.9401
19.7704,0.9154,3.9234
19.7706,0.9287,3.9804
19.7708,0.9327,4.003
19.7710,0.8865,3.8048
19.7712,0.9239,3.9598
19.7714,0.9707,4.1583
19.7716,0.9438,4.0414
19.7718,1.0092,4.3192
19.7720,1.13,4.8343
19.7722,1.116,4.7809
19.7724,0.9831,4.2177
19.7726,0.9436,4.0441
19.7728,0.9451,4.0508
19.7730,0.9449,4.0517
19.7732,0.9143,3.9242
19.7734,0.9237,3.9644
19.7736,0.8879,3.8181
19.7738,0.7921,3.3998
19.7740,0.8318,3.5735
19.7742,0.8515,3.6562
19.7744,0.868,3.7238
19.7746,0.918,3.9365
19.7748,0.9499,4.0714
19.7750,0.9972,4.2699
19.7752,1.0624,4.5471
19.7754,1.109,4.7489
19.7756,1.0877,4.6662
19.7758,0.9177,3.9441
19.7760,0.8006,3.4395
19.7762,0.8289,3.5628
19.7764,0.8249,3.5485
19.7766,0.8222,3.5355
19.7768,0.8329,3.5781
19.7770,0.8251,3.5463
19.7772,0.7659,3.2963
19.7774,0.7308,3.1441
19.7776,0.7798,3.3499
19.7778,0.7801,3.3592
19.7780,0.7124,3.0689
19.7782,0.6849,2.9479
19.7784,0.7714,3.32
19.7786,0.7409,3.1874
19.7788,0.7366,3.1689
19.7790,0.7131,3.0749
19.7792,0.6125,2.6374
19.7794,0.6522,2.807
19.7796,0.676,2.9124
19.7798,0.6653,2.8699
19.7800,0.6007,2.5892
19.7802,0.6288,2.7076
19.7804,0.6864,2.9568
19.7806,0.6497,2.8001
19.7808,0.5922,2.5525
19.7810,0.5837,2.517
19.7812,0.5828,2.514
19.7814,0.5898,2.5422
19.7816,0.6376,2.7441
19.7818,0.6635,2.8595
19.7820,0.641,2.7654
19.7822,0.5685,2.4491
19.7824,0.5801,2.5026
19.7826,0.5072,2.1881
19.7828,0.5385,2.3231
19.7830,0.5262,2.2699
19.7832,0.5397,2.3272
19.7834,0.5474,2.3603
19.7836,0.5464,2.3573
19.7838,0.5127,2.214
19.7840,0.5093,2.1959
19.7842,0.5428,2.3418
19.7844,0.5602,2.4168
19.7846,0.5194,2.2419
19.7848,0.4651,2.0103
19.7850,0.4631,2.0005
19.7852,0.4606,1.9887
19.7854,0.4572,1.9743
19.7856,0.4561,1.9705
19.7858,0.457,1.9732
19.7860,0.4547,1.9625
19.7862,0.4449,1.9218
19.7864,0.4446,1.9217
19.7866,0.4433,1.9151
19.7868,0.4471,1.9299
19.7870,0.4483,1.9359
19.7872,0.4603,1.9868
19.7874,0.4721,2.0385
19.7876,0.435,1.8776
19.7878,0.4474,1.93
19.7880,0.497,2.1422
19.7882,0.5415,2.335
19.7884,0.569,2.4523
19.7886,0.5489,2.3649
19.7888,0.5453,2.3526
19.7890,0.4902,2.1166
19.7892,0.4867,2.0987
19.7894,0.5311,2.289
19.7896,0.5389,2.3236
19.7898,0.5494,2.3691
19.7900,0.5718,2.4635
19.7902,0.5836,2.513
19.7904,0.6018,2.5939
19.7906,0.5802,2.5008
19.7908,0.5643,2.4287
19.7910,0.6314,2.7165
19.7912,0.6442,2.775
19.7914,0.5727,2.4683
19.7916,0.5829,2.5099
19.7918,0.6525,2.8046
19.7920,0.7245,3.1168
19.7922,0.6434,2.7681
19.7924,0.6183,2.6659
19.7926,0.5314,2.2926
19.7928,0.4662,2.0112
19.7930,0.4549,1.9626
19.7932,0.444,1.9164
19.7934,0.4378,1.8904
19.7936,0.4403,1.9004
19.7938,0.5,2.1551
19.7940,0.5191,2.2373
19.7942,0.4976,2.1448
19.7944,0.5559,2.3937
19.7946,0.5924,2.553
19.7948,0.5075,2.1871
19.7950,0.5,2.1571
19.7952,0.5271,2.2719
19.7954,0.5842,2.5179
19.7956,0.5877,2.5305
19.7958,0.6149,2.6441
19.7960,0.685,2.9416
19.7962,0.785,3.371
19.7964,0.7868,3.3756
19.7966,0.806,3.4627
19.7968,0.7271,3.1281
19.7970,0.6729,2.8963
19.7972,0.6689,2.8788
19.7974,0.6539,2.8195
19.7976,0.5019,2.1654
19.7978,0.4904,2.1138
19.7980,0.5548,2.3891
19.7982,0.5651,2.4346
19.7984,0.6163,2.6527
19.7986,0.6162,2.6534
19.7988,0.6386,2.75
19.7990,0.5852,2.5244
19.7992,0.4947,2.1353
19.7994,0.4684,2.0196
19.7996,0.464,2.0001
19.7998,0.4539,1.9588
19.8000,0.4506,1.944
19.8002,0.526,2.2672
19.8004,0.5135,2.213
19.8006,0.4931,2.1261
19.8008,0.5257,2.2667
19.8010,0.4933,2.1262
19.8012,0.5395,2.3197
19.8014,0.6263,2.6943
19.8016,0.6284,2.7036
19.8018,0.6501,2.793
19.8020,0.7342,3.1586
19.8022,0.7093,3.0498
19.8024,0.7672,3.2881
19.8026,0.8544,3.6686
19.8028,0.8269,3.5457
19.8030,0.8677,3.7205
19.8032,0.8295,3.5587
19.8034,0.9007,3.8604
19.8036,0.8926,3.8344
19.8038,0.8092,3.4732
19.8040,0.8549,3.6693
19.8042,0.8111,3.4814
19.8044,0.8036,3.4474
19.8046,0.8255,3.5399
19.8048,0.8824,3.78
19.8050,0.97,4.1517
19.8052,1.0336,4.4195
19.8054,1.1219,4.8019
19.8056,1.0051,4.3101
19.8058,0.9655,4.136
19.8060,0.9819,4.2025
19.8062,1.0332,4.4324
19.8064,0.9043,3.8813
19.8066,0.8188,3.5127
19.8068,0.8987,3.8607
19.8070,0.796,3.4214
19.8072,0.7102,3.0538
19.8074,0.7188,3.0895
19.8076,0.7314,3.1465
19.8078,0.7186,3.0942
19.8080,0.7018,3.0163
19.8082,0.8146,3.4947
19.8084,0.8658,3.7178
19.8086,0.8934,3.8362
19.8088,0.8302,3.5616
19.8090,0.8511,3.6511
19.8092,0.8489,3.6452
19.8094,0.8934,3.8327
19.8096,0.9438,4.0525
19.8098,0.9048,3.8815
19.8100,0.8939,3.8365
19.8102,0.885,3.8002
19.8104,0.9206,3.9439
19.8106,0.9758,4.1821
19.8108,0.9699,4.157
19.8110,0.9693,4.1563
19.8112,0.9674,4.15
19.8114,0.9649,4.1354
19.8116,0.986,4.2199
19.8118,1.0391,4.4514
19.8120,1.0312,4.4237
19.8122,0.9027,3.8746
19.8124,0.8832,3.796
19.8126,0.8599,3.6943
19.8128,0.8785,3.7724
19.8130,0.8674,3.7262
19.8132,0.8658,3.7195
19.8134,0.868,3.7288
19.8136,0.8888,3.8149
19.8138,0.9566,4.0961
19.8140,1.0773,4.6153
19.8142,1.0268,4.4052
19.8144,1.0053,4.3045
19.8146,1.0141,4.3506
19.8148,1.0355,4.436
19.8150,1.0833,4.6366
19.8152,1.0822,4.6363
19.8154,1.0259,4.399
19.8156,1.0077,4.3249
19.8158,0.9946,4.2668
19.8160,1.0101,4.3311
19.8162,0.9854,4.2252
19.8164,1.0002,4.283
19.8166,1.0274,4.4077
19.8168,0.9584,4.1134
19.8170,0.9477,4.0657
19.8172,0.9665,4.1503
19.8174,0.8839,3.8062
19.8176,0.7918,3.4049
19.8178,0.806,3.4625
19.8180,0.8946,3.8414
19.8182,0.9526,4.0849
19.8184,1.0215,4.382
19.8186,1.0163,4.3538
19.8188,1.0872,4.6552
19.8190,1.1104,4.7593
19.8192,1.1188,4.7908
19.8194,1.1252,4.818
19.8196,1.1219,4.8041
19.8198,1.1174,4.7891
19.8200,1.1165,4.7877
19.8202,1.0879,4.6605
19.8204,1.1014,4.7229
19.8206,1.0827,4.6427
19.8208,1.082,4.6353
19.8210,1.0816,4.6338
19.8212,1.0786,4.6231
19.8214,1.0258,4.3985
19.8216,1.0337,4.4345
19.8218,1.0548,4.525
19.8220,1.0515,4.5111
19.8222,1.0375,4.4489
19.8224,1.0924,4.6822
19.8226,1.1732,5.0262
19.8228,1.1301,4.8458
19.8230,1.0918,4.6796
19.8232,1.1236,4.8135
19.8234,1.1435,4.9034
19.8236,1.1013,4.7268
19.8238,1.0495,4.5003
19.8240,1.1003,4.7161
19.8242,1.0856,4.655
19.8244,1.1394,4.8836
19.8246,1.2066,5.1666
19.8248,1.241,5.3115
19.8250,1.2547,5.3699
19.8252,1.2663,5.4223
19.8254,1.2372,5.295
19.8256,1.2412,5.31
19.8258,1.2631,5.4059
19.8260,1.3068,5.5958
19.8262,1.2764,5.4603
19.8264,1.2619,5.4007
19.8266,1.2501,5.3504
19.8268,1.3008,5.5727
19.8270,1.244,5.3317
19.8272,1.2243,5.2426
19.8274,1.2171,5.2239
19.8276,1.1521,4.9427
19.8278,1.0735,4.616
19.8280,0.9698,4.1681
19.8282,0.9848,4.2305
19.8284,1.1563,4.9491
19.8286,1.3509,5.7712
19.8288,1.3302,5.7119
19.8290,1.0842,4.6576
19.8292,1.0532,4.5183
19.8294,1.185,5.0671
19.8296,1.3108,5.6023
19.8298,1.433,6.113
19.8300,1.5023,6.4237
19.8302,1.4951,6.3809
19.8304,1.5321,6.5391
19.8306,1.5165,6.4725
19.8308,1.5212,6.4925
19.8310,1.5272,6.5181
19.8312,1.4963,6.398
19.8314,1.4784,6.3157
19.8316,1.483,6.3322
19.8318,1.486,6.351
19.8320,1.4704,6.2932
19.8322,1.4105,6.0343
19.8324,1.3837,5.9194
19.8326,1.4024,5.9966
19.8328,1.385,5.9361
19.8330,1.3354,5.718
19.8332,1.3786,5.9006
19.8334,1.352,5.7975
19.8336,1.2719,5.4413
19.8338,1.3878,5.9507
19.8340,1.1782,5.059
19.8342,1.1566,4.971
19.8344,1.0796,4.6315
19.8346,1.2374,5.3183
19.8348,1.2001,5.1437
19.8350,1.2609,5.4042
19.8352,1.2376,5.2946
19.8354,1.4657,6.2644
19.8356,1.5188,6.4944
19.8358,1.4463,6.19
19.8360,1.4044,6.0053
19.8362,1.4782,6.3295
19.8364,1.4237,6.085
19.8366,1.455,6.2246
19.8368,1.4011,5.9937
19.8370,1.4405,6.174
19.8372,1.335,5.7378
19.8374,1.1633,4.9836
19.8376,1.3891,5.9424
19.8378,1.5172,6.4847
19.8380,1.5258,6.5303
19.8382,1.4032,6.0058
19.8384,1.4622,6.2524
19.8386,1.5309,6.5493
19.8388,1.5143,6.481
19.8390,1.4714,6.3037
19.8392,1.4077,6.0248
19.8394,1.4521,6.221
19.8396,1.4485,6.1969
19.8398,1.4502,6.207
19.8400,1.4959,6.3965
19.8402,1.4756,6.3276
19.8404,1.3517,5.804
19.8406,1.2977,5.5698
19.8408,1.2834,5.5111
19.8410,1.3418,5.7484
19.8412,1.4266,6.1258
19.8414,1.2426,5.338
19.8416,1.339,5.7388
19.8418,1.419,6.082
19.8420,1.2941,5.5595
19.8422,1.2013,5.168
19.8424,1.128,4.8483
19.8426,1.1292,4.858
19.8428,1.1661,5.0304
19.8430,1.0788,4.6452
19.8432,1.0814,4.6587
19.8434,1.0019,4.3142
19.8436,1.0754,4.6242
19.8438,1.0725,4.6183
19.8440,1.0388,4.4732
19.8442,0.9924,4.2814
19.8444,0.9369,4.0325
19.8446,1.0862,4.675
19.8448,1.031,4.4459
19.8450,0.9703,4.1876
19.8452,0.9205,3.9692
19.8454,0.9228,3.979
19.8456,0.9162,3.956
19.8458,0.8947,3.8652
19.8460,0.8519,3.6802
19.8462,0.8146,3.5208
19.8464,0.8113,3.5063
19.8466,0.7977,3.4445
19.8468,0.8346,3.6006
19.8470,0.8797,3.7987
19.8472,0.8519,3.6768
19.8474,0.8542,3.6867
19.8476,0.87,3.755
19.8478,0.8914,3.8453
19.8480,0.9538,4.111
19.8482,0.9135,3.9392
19.8484,0.8866,3.8228
19.8486,0.987,4.2522
19.8488,1.0358,4.4583
19.8490,1.0295,4.433
19.8492,1.0632,4.5738
19.8494,1.0959,4.7146
19.8496,1.049,4.5213
19.8498,0.9228,3.9845
19.8500,0.8519,3.6768
19.8502,0.8553,3.6879
19.8504,0.9,3.888
19.8506,0.8724,3.7618
19.8508,0.924,3.9823
19.8510,0.8687,3.7562
19.8512,0.7309,3.162
19.8514,0.7225,3.1213
19.8516,0.728,3.1466
19.8518,0.7318,3.1642
19.8520,0.7439,3.2195
19.8522,0.7144,3.089
19.8524,0.7091,3.0647
19.8526,0.7156,3.0942
19.8528,0.7295,3.1485
19.8530,0.8442,3.6488
19.8532,0.777,3.3518
19.8534,0.834,3.6031
19.8536,0.7586,3.2788
19.8538,0.7373,3.1865
19.8540,0.706,3.0499
19.8542,0.7119,3.0752
19.8544,0.736,3.1808
19.8546,0.7268,3.1385
19.8548,0.7134,3.082
19.8550,0.7338,3.17
19.8552,0.7495,3.2334
19.8554,0.7621,3.2938
19.8556,0.7257,3.1363
19.8558,0.7195,3.1055
19.8560,0.7484,3.2347
19.8562,0.7313,3.1577
19.8564,0.731,3.1567
19.8566,0.7344,3.1667
19.8568,0.8268,3.5654
19.8570,0.8338,3.602
19.8572,0.7122,3.0782
19.8574,0.7039,3.0411
19.8576,0.7116,3.0628
19.8578,0.9911,4.2598
19.8580,0.992,4.2694
19.8582,0.9681,4.157
19.8584,1.1687,5.0277
19.8586,1.0232,4.4061
19.8588,0.9934,4.2676
19.8590,1.0833,4.6583
19.8592,1.0772,4.6277
19.8594,1.04,4.4826
19.8596,0.8161,3.5205
19.8598,0.7644,3.2991
19.8600,0.7911,3.4113
19.8602,0.8515,3.6736
19.8604,0.8186,3.5313
19.8606,0.771,3.3291
19.8608,0.7664,3.3079
19.8610,0.7842,3.3844
19.8612,0.8132,3.5016
19.8614,0.931,4.0035
19.8616,1.0362,4.4598
19.8618,1.0021,4.3052
19.8620,1.0283,4.4299
19.8622,0.9109,3.9242
19.8624,0.8922,3.8418
19.8626,0.9031,3.887
19.8628,0.9111,3.9288
19.8630,0.9121,3.9293
19.8632,0.9783,4.2086
19.8634,0.9924,4.2675
19.8636,0.975,4.1986
19.8638,0.918,3.9528
19.8640,0.9032,3.8911
19.8642,0.8899,3.8338
19.8644,0.9294,4
19.8646,0.9822,4.2256
19.8648,0.9562,4.1156
19.8650,0.9086,3.9125
19.8652,0.9292,4.0032
19.8654,0.8462,3.6486
19.8656,0.8331,3.5906
19.8658,0.8248,3.5599
19.8660,0.8085,3.4895
19.8662,0.8391,3.6164
19.8664,0.8488,3.6583
19.8666,0.8367,3.6061
19.8668,0.8854,3.8088
19.8670,0.8993,3.8741
19.8672,0.9779,4.2012
19.8674,0.9858,4.2391
19.8676,1.0128,4.3511
19.8678,1.0994,4.7274
19.8680,1.121,4.809
19.8682,1.1661,4.9954
19.8684,1.3171,5.6162
19.8686,1.5737,6.7229
19.8688,1.5119,6.4647
19.8690,1.5007,6.417
19.8692,1.4802,6.3204
19.8694,1.5015,6.4236
19.8696,1.428,6.1063
19.8698,1.3625,5.8395
19.8700,1.2577,5.3853
19.8702,1.3658,5.8429
19.8704,1.4583,6.2355
19.8706,1.4742,6.2978
19.8708,1.529,6.538
19.8710,1.4826,6.3337
19.8712,1.5159,6.467
19.8714,1.5717,6.7205
19.8716,1.5072,6.4477
19.8718,1.5027,6.4257
19.8720,1.4479,6.2059
19.8722,1.4318,6.1279
19.8724,1.4832,6.3421
19.8726,1.4258,6.1137
19.8728,1.2513,5.3781
19.8730,1.143,4.9105
19.8732,1.2378,5.3124
19.8734,1.284,5.5111
19.8736,1.2264,5.2685
19.8738,1.191,5.1165
19.8740,1.1955,5.1337
19.8742,1.3113,5.6043
19.8744,1.493,6.3812
19.8746,1.5549,6.6581
19.8748,1.4939,6.3908
19.8750,1.494,6.4122
19.8752,1.3322,5.7153
19.8754,1.3178,5.6483
19.8756,1.3059,5.6048
19.8758,1.2905,5.5415
19.8760,1.3175,5.6599
19.8762,1.2946,5.5512
19.8764,1.3388,5.7436
19.8766,1.2891,5.5404
19.8768,1.2343,5.3074
19.8770,1.1314,4.8718
19.8772,1.009,4.3507
19.8774,0.955,4.1104
19.8776,1.0894,4.6846
19.8778,1.1752,5.0485
19.8780,1.18,5.0786
19.8782,1.1409,4.9058
19.8784,1.1345,4.883
19.8786,1.0801,4.6487
19.8788,1.0988,4.7248
19.8790,1.1519,4.9601
19.8792,1.0803,4.6475
19.8794,1.1675,5.0226
19.8796,1.1194,4.8179
19.8798,1.0242,4.4143
19.8800,0.929,4.0059
19.8802,0.9687,4.1789
19.8804,0.9243,3.982
19.8806,0.9746,4.2004
19.8808,0.9707,4.1877
19.8810,0.927,3.9971
19.8812,1.0246,4.4056
19.8814,1.058,4.5664
19.8816,0.9005,3.8918
19.8818,0.8021,3.4669
19.8820,0.7824,3.3814
19.8822,0.798,3.4503
19.8824,0.8374,3.6125
19.8826,0.8996,3.8792
19.8828,0.8551,3.6959
19.8830,0.8065,3.4855
19.8832,0.7596,3.2768
19.8834,0.8151,3.5229
19.8836,0.7644,3.3067
19.8838,0.7355,3.1817
19.8840,0.6794,2.9403
19.8842,0.6252,2.707
19.8844,0.6465,2.7929
19.8846,0.8086,3.4933
19.8848,0.7006,3.0336
19.8850,0.6099,2.6411
19.8852,0.6362,2.7548
19.8854,0.6694,2.8932
19.8856,0.7344,3.1712
19.8858,0.7728,3.3399
19.8860,0.715,3.0901
19.8862,0.7255,3.1343
19.8864,0.6922,2.9917
19.8866,0.724,3.129
19.8868,0.747,3.224
19.8870,0.7818,3.3772
19.8872,0.7565,3.2664
19.8874,0.7532,3.2555
19.8876,0.7122,3.0782
19.8878,0.7416,3.1993
19.8880,0.8036,3.4731
19.8882,0.7173,3.0971
19.8884,0.7288,3.1454
19.8886,0.8372,3.6115
19.8888,0.8908,3.8374
19.8890,0.9027,3.8926
19.8892,0.8798,3.7921
19.8894,0.903,3.8919
19.8896,0.8974,3.8658
19.8898,0.867,3.742
19.8900,0.8262,3.5661
19.8902,0.8265,3.5622
19.8904,0.8584,3.6996
19.8906,0.8755,3.7718
19.8908,0.9229,3.9758
19.8910,0.8996,3.8756
19.8912,0.8892,3.8307
19.8914,0.909,3.9159
19.8916,0.9218,3.9767
19.8918,0.7685,3.3182
19.8920,0.7218,3.1182
19.8922,0.738,3.1852
19.8924,0.7685,3.3197
19.8926,0.7562,3.2624
19.8928,0.8301,3.5793
19.8930,0.8391,3.6114
19.8932,0.9715,4.1734
19.8934,1.0951,4.7088
19.8936,1.0539,4.5341
19.8938,0.925,3.9851
19.8940,0.9037,3.8896
19.8942,0.9086,3.918
19.8944,0.8715,3.756
19.8946,0.9519,4.0932
19.8948,1.0567,4.5459
19.8950,1.0519,4.5295
19.8952,0.9587,4.1283
19.8954,0.9205,3.9636
19.8956,0.9213,3.9709
19.8958,0.8813,3.8019
19.8960,0.8501,3.6674
19.8962,0.8532,3.6774
19.8964,0.8,3.4544
19.8966,0.7501,3.236
19.8968,0.8139,3.5128
19.8970,0.8035,3.4678
19.8972,0.6896,2.9789
19.8974,0.6631,2.8684
19.8976,0.6517,2.8191
19.8978,0.6998,3.0173
19.8980,0.8123,3.5044
19.8982,0.7592,3.2738
19.8984,0.7367,3.1839
19.8986,0.6656,2.8846
19.8988,0.476,2.063
19.8990,0.4306,1.8661
19.8992,0.432,1.8741
19.8994,0.4356,1.8897
19.8996,0.4333,1.8763
19.8998,0.498,2.1542
19.9000,0.5349,2.3161
19.9002,0.5338,2.3103
19.9004,0.5366,2.318
19.9006,0.6147,2.6581
19.9008,0.587,2.5337
19.9010,0.6948,3.0003
19.9012,0.7229,3.12
19.9014,0.6934,2.9899
19.9016,0.7459,3.2119
19.9018,0.878,3.7791
19.9020,0.9232,3.97
19.9022,0.924,3.9731
19.9024,0.9276,3.9922
19.9026,0.9554,4.1101
19.9028,0.9761,4.1954
19.9030,0.9638,4.1462
19.9032,0.9306,4.0051
19.9034,0.9634,4.1427
19.9036,0.9309,3.9992
19.9038,0.9814,4.2181
19.9040,1.0201,4.3845
19.9042,1.0463,4.499
19.9044,1.0071,4.3223
19.9046,1.0107,4.3519
19.9048,0.9555,4.1087
19.9050,0.936,4.0246
19.9052,0.9027,3.8854
19.9054,0.92,3.9579
19.9056,0.9418,4.0555
19.9058,0.8541,3.6776
19.9060,0.8935,3.851
19.9062,0.8475,3.6475
19.9064,0.8707,3.7459
19.9066,0.8866,3.8122
19.9068,0.9008,3.8826
19.9070,0.8725,3.7571
19.9072,0.8745,3.7619
19.9074,0.8725,3.7554
19.9076,0.8857,3.8192
19.9078,0.8475,3.6441
19.9080,0.9352,4.0197
19.9082,0.9264,3.9871
19.9084,0.8867,3.8198
19.9086,0.8745,3.7636
19.9088,0.8892,3.8289
19.9090,0.9032,3.8857
19.9092,0.9456,4.0734
19.9094,0.8463,3.639
19.9096,0.9346,4.0171
19.9098,0.9855,4.2395
19.9100,0.9045,3.8968
19.9102,0.855,3.6835
19.9104,0.878,3.7774
19.9106,0.9485,4.0769
19.9108,0.9928,4.2631
19.9110,0.9922,4.2704
19.9112,0.9547,4.1051
19.9114,0.9756,4.1953
19.9116,0.9573,4.1126
19.9118,1.0086,4.3351
19.9120,1.0387,4.4686
19.9122,1.0051,4.3141
19.9124,1.073,4.6054
19.9126,1.0626,4.5712
19.9128,0.9207,3.9684
19.9130,0.8137,3.5052
19.9132,0.8665,3.7348
19.9134,0.8414,3.6229
19.9136,0.8716,3.7512
19.9138,0.8698,3.747
19.9140,0.8633,3.7191
19.9142,0.8471,3.6477
19.9144,0.8866,3.8087
19.9146,1.0282,4.4129
19.9148,1.0193,4.385
19.9150,1.0291,4.4191
19.9152,1.1509,4.9399
19.9154,1.1007,4.7154
19.9156,1.1503,4.9442
19.9158,0.9386,4.0416
19.9160,0.9227,3.9748
19.9162,0.8906,3.8369
19.9164,0.8956,3.8545
19.9166,0.8197,3.5343
19.9168,0.7472,3.2266
19.9170,0.7971,3.4403
19.9172,0.7952,3.4273
19.9174,0.7562,3.2593
19.9176,0.7277,3.1393
19.9178,0.8053,3.4723
19.9180,0.7629,3.2913
19.9182,0.695,3.0022
19.9184,0.664,2.8646
19.9186,0.7134,3.0777
19.9188,0.7095,3.0649
19.9190,0.62,2.676
19.9192,0.6251,2.7015
19.9194,0.6026,2.607
19.9196,0.5171,2.2382
19.9198,0.4899,2.1223
19.9200,0.4848,2.099
19.9202,0.4898,2.1189
19.9204,0.4845,2.0951
19.9206,0.5198,2.2475
19.9208,0.5345,2.3134
19.9210,0.4897,2.1193
19.9212,0.4869,2.1064
19.9214,0.4848,2.099
19.9216,0.4873,2.1099
19.9218,0.4862,2.1033
19.9220,0.4845,2.0951
19.9222,0.4875,2.1081
19.9224,0.4867,2.1054
19.9226,0.5357,2.3143
19.9228,0.58,2.5066
19.9230,0.5898,2.5468
19.9232,0.5954,2.5747
19.9234,0.5139,2.2221
19.9236,0.4939,2.1355
19.9238,0.5484,2.3681
19.9240,0.5839,2.5226
19.9242,0.509,2.1998
19.9244,0.5122,2.2118
19.9246,0.5978,2.5814
19.9248,0.6438,2.7785
19.9250,0.6448,2.7818
19.9252,0.6508,2.8142
19.9254,0.532,2.3015
19.9256,0.4947,2.1392
19.9258,0.4924,2.1293
19.9260,0.4891,2.1158
19.9262,0.4977,2.1521
19.9264,0.5045,2.1766
19.9266,0.5884,2.5429
19.9268,0.5843,2.5206
19.9270,0.6477,2.7916
19.9272,0.6635,2.8612
19.9274,0.7152,3.0826
19.9276,0.6712,2.8956
19.9278,0.6757,2.9094
19.9280,0.7084,3.0588
19.9282,0.6338,2.7342
19.9284,0.6217,2.6832
19.9286,0.6688,2.8773
19.9288,0.7495,3.2289
19.9290,0.7279,3.1345
19.9292,0.8128,3.4951
19.9294,0.8494,3.6524
19.9296,0.8358,3.5908
19.9298,0.92,3.9524
19.9300,0.9848,4.2286
19.9302,0.9548,4.0979
19.9304,0.958,4.1176
19.9306,0.908,3.8991
19.9308,0.929,3.9873
19.9310,0.9008,3.8754
19.9312,0.8278,3.5695
19.9314,0.6854,2.9567
19.9316,0.6201,2.6728
19.9318,0.6729,2.9015
19.9320,0.6707,2.8936
19.9322,0.642,2.7681
19.9324,0.6436,2.7754
19.9326,0.6409,2.7648
19.9328,0.6131,2.646
19.9330,0.6538,2.8154
19.9332,0.7053,3.0397
19.9334,0.6741,2.9013
19.9336,0.7856,3.3844
19.9338,0.6827,2.9385
19.9340,0.7211,3.1021
19.9342,0.7464,3.217
19.9344,0.7067,3.0473
19.9346,0.6893,2.971
19.9348,0.735,3.1635
19.9350,0.8027,3.4518
19.9352,0.8876,3.8062
19.9354,1.0264,4.4052
19.9356,0.9727,4.1785
19.9358,0.9069,3.8962
19.9360,0.9289,3.9886
19.9362,0.9815,4.2107
19.9364,1.0392,4.454
19.9366,1.1,4.7167
19.9368,1.0845,4.6374
19.9370,1.2,5.1359
19.9372,1.1655,4.9881
19.9374,1.1392,4.8894
19.9376,1.0585,4.5389
19.9378,1.0891,4.6612
19.9380,1.1173,4.802
19.9382,0.945,4.0595
19.9384,0.9604,4.124
19.9386,0.9932,4.2646
19.9388,0.975,4.1888
19.9390,0.9881,4.245
19.9392,0.952,4.0937
19.9394,0.9156,3.9333
19.9396,0.898,3.863
19.9398,0.8103,3.4843
19.9400,0.8527,3.6668
19.9402,0.9168,3.9366
19.9404,1.0145,4.3623
19.9406,0.9045,3.8859
19.9408,0.947,4.074
19.9410,0.9039,3.8888
19.9412,0.8694,3.7367
19.9414,0.8495,3.6546
19.9416,0.8584,3.691
19.9418,0.8613,3.7017
19.9420,0.824,3.548
19.9422,0.8156,3.5119
19.9424,0.826,3.5535
19.9426,0.8391,3.6047
19.9428,0.9096,3.9094
19.9430,0.8784,3.7789
19.9432,0.9144,3.9282
19.9434,0.9163,3.9419
19.9436,0.8556,3.6792
19.9438,0.8738,3.7576
19.9440,0.8645,3.7208
19.9442,0.8727,3.7559
19.9444,0.889,3.8154
19.9446,0.9509,4.0948
19.9448,0.8098,3.4855
19.9450,0.8213,3.5383
19.9452,0.7741,3.3348
19.9454,0.797,3.4287
19.9456,0.85,3.6584
19.9458,0.8354,3.5954
19.9460,0.8327,3.5824
19.9462,0.846,3.6396
19.9464,0.8512,3.6652
19.9466,0.765,3.2986
19.9468,0.6876,2.9692
19.9470,0.6623,2.8573
19.9472,0.6668,2.8751
19.9474,0.705,3.0358
19.9476,0.7331,3.1537
19.9478,0.8562,3.6732
19.9480,0.9476,4.0746
19.9482,0.8222,3.5452
19.9484,0.7382,3.1833
19.9486,0.7762,3.341
19.9488,0.8131,3.501
19.9490,0.8376,3.6069
19.9492,0.8426,3.6297
19.9494,0.7957,3.4278
19.9496,0.7658,3.2976
19.9498,0.7489,3.2233
19.9500,0.7602,3.2779
19.9502,0.6888,2.9717
19.9504,0.6641,2.8651
19.9506,0.6679,2.8785
19.9508,0.7081,3.0521
19.9510,0.7169,3.0855
19.9512,0.8205,3.5281
19.9514,0.8694,3.7437
19.9516,0.7688,3.3182
19.9518,0.6766,2.9216
19.9520,0.5921,2.5554
19.9522,0.579,2.499
19.9524,0.5779,2.4967
19.9526,0.5759,2.4879
19.9528,0.5722,2.4707
19.9530,0.5736,2.4769
19.9532,0.6089,2.6279
19.9534,0.6171,2.6673
19.9536,0.5731,2.4736
19.9538,0.6086,2.6256
19.9540,0.5866,2.5328
19.9542,0.6291,2.7141
19.9544,0.6845,2.9462
19.9546,0.7451,3.2083
19.9548,0.693,2.9898
19.9550,0.6189,2.6738
19.9552,0.5755,2.4852
19.9554,0.5645,2.4364
19.9556,0.5626,2.427
19.9558,0.5603,2.4194
19.9560,0.5598,2.4173
19.9562,0.568,2.4503
19.9564,0.5698,2.458
19.9566,0.5711,2.466
19.9568,0.5813,2.5077
19.9570,0.5815,2.5087
19.9572,0.5831,2.5154
19.9574,0.5813,2.5054
19.9576,0.6358,2.7367
19.9578,0.7417,3.1909
19.9580,0.8318,3.5766
19.9582,0.8297,3.5678
19.9584,0.853,3.6678
19.9586,0.8573,3.6898
19.9588,0.7687,3.3085
19.9590,0.7474,3.2151
19.9592,0.7814,3.3616
19.9594,0.7267,3.1293
19.9596,0.7268,3.1298
19.9598,0.7392,3.1889
19.9600,0.6581,2.8379
19.9602,0.6418,2.7663
19.9604,0.6559,2.8255
19.9606,0.7013,3.0226
19.9608,0.6653,2.8663
19.9610,0.6531,2.8123
19.9612,0.7344,3.1579
19.9614,0.8248,3.5516
19.9616,0.7609,3.2795
19.9618,0.7307,3.1478
19.9620,0.7286,3.1346
19.9622,0.7681,3.3013
19.9624,0.8205,3.5396
19.9626,0.6105,2.6351
19.9628,0.554,2.3897
19.9630,0.5448,2.3515
19.9632,0.5554,2.3937
19.9634,0.6071,2.6201
19.9636,0.5559,2.4002
19.9638,0.5504,2.3753
19.9640,0.5471,2.3624
19.9642,0.5513,2.3773
19.9644,0.6472,2.7844
19.9646,0.6897,2.9739
19.9648,0.5545,2.3957
19.9650,0.4653,2.0112
19.9652,0.5322,2.2982
19.9654,0.5649,2.4368
19.9656,0.5819,2.5103
19.9658,0.5205,2.2496
19.9660,0.4239,1.8328
19.9662,0.4281,1.85
19.9664,0.4343,1.8753
19.9666,0.4513,1.9497
19.9668,0.5416,2.3375
19.9670,0.5856,2.5263
19.9672,0.5531,2.3839
19.9674,0.5836,2.5163
19.9676,0.6151,2.6486
19.9678,0.686,2.9551
19.9680,0.6753,2.9078
19.9682,0.6834,2.9429
19.9684,0.7133,3.0658
19.9686,0.7963,3.416
19.9688,0.9174,3.9355
19.9690,0.9357,4.0105
19.9692,1.0074,4.3178
19.9694,1.053,4.511
19.9696,1.0482,4.4842
19.9698,1.1059,4.7287
19.9700,1.1929,5.1057
19.9702,1.1324,4.8488
19.9704,1.1337,4.8499
19.9706,1.186,5.0664
19.9708,1.236,5.28
19.9710,1.2077,5.1736
19.9712,1.0987,4.7089
19.9714,1.0776,4.6141
19.9716,1.1169,4.7848
19.9718,1.1355,4.8598
19.9720,1.2527,5.3517
19.9722,1.2819,5.4788
19.9724,1.1668,5.0055
19.9726,0.9843,4.2285
19.9728,0.9338,4.0116
19.9730,0.8755,3.763
19.9732,0.9235,3.9636
19.9734,1.0105,4.3352
19.9736,1.0121,4.3419
19.9738,0.9634,4.1388
19.9740,0.9352,4.0159
19.9742,0.9411,4.0487
19.9744,0.8664,3.7308
19.9746,0.7995,3.4427
19.9748,0.7834,3.3688
19.9750,0.7825,3.3678
19.9752,0.771,3.3229
19.9754,0.7079,3.0468
19.9756,0.7352,3.166
19.9758,0.7511,3.2356
19.9760,0.8037,3.4543
19.9762,0.9078,3.898
19.9764,0.9489,4.0803
19.9766,0.8295,3.5734
19.9768,0.7462,3.2129
19.9770,0.7547,3.2496
19.9772,0.7633,3.2868
19.9774,0.7587,3.2656
19.9776,0.8092,3.478
19.9778,0.8472,3.6431
19.9780,0.8567,3.6873
19.9782,0.781,3.3616
19.9784,0.7828,3.3662
19.9786,0.8891,3.8195
19.9788,0.8905,3.8274
19.9790,0.8339,3.5892
19.9792,0.8155,3.5114
19.9794,0.7879,3.3958
19.9796,0.6968,3.0044
19.9798,0.6565,2.832
19.9800,0.6602,2.8467
19.9802,0.6911,2.976
19.9804,0.7272,3.1343
19.9806,0.6984,3.0116
19.9808,0.7073,3.0499
19.9810,0.7268,3.1313
19.9812,0.6661,2.872
19.9814,0.6071,2.6189
19.9816,0.62,2.6747
19.9818,0.6356,2.742
19.9820,0.6403,2.7596
19.9822,0.6265,2.7052
19.9824,0.5482,2.3671
19.9826,0.6023,2.597
19.9828,0.6446,2.7834
19.9830,0.5472,2.363
19.9832,0.5031,2.1734
19.9834,0.4892,2.1134
19.9836,0.4856,2.0988
19.9838,0.4852,2.0963
19.9840,0.4912,2.1241
19.9842,0.488,2.1082
19.9844,0.5271,2.2739
19.9846,0.6129,2.6393
19.9848,0.6,2.5932
19.9850,0.4969,2.1465
19.9852,0.491,2.1192
19.9854,0.4929,2.1294
19.9856,0.488,2.1101
19.9858,0.483,2.0855
19.9860,0.4855,2.0983
19.9862,0.4851,2.0967
19.9864,0.5035,2.175
19.9866,0.495,2.1372
19.9868,0.4988,2.1508
19.9870,0.5573,2.4031
19.9872,0.535,2.3112
19.9874,0.5041,2.1786
19.9876,0.5032,2.174
19.9878,0.4826,2.0839
19.9880,0.5001,2.1585
19.9882,0.5247,2.2604
19.9884,0.5842,2.5178
19.9886,0.6434,2.7718
19.9888,0.6259,2.6963
19.9890,0.6255,2.6935
19.9892,0.6357,2.74
19.9894,0.6321,2.7257
19.9896,0.6145,2.646
19.9898,0.6218,2.6788
19.9900,0.6277,2.7028
19.9902,0.6743,2.9037
19.9904,0.6275,2.7043
19.9906,0.5784,2.4929
19.9908,0.585,2.5225
19.9910,0.6302,2.7137
19.9912,0.7081,3.0493
19.9914,0.7626,3.2821
19.9916,0.7158,3.0837
19.9918,0.6158,2.6542
19.9920,0.6325,2.7273
19.9922,0.5693,2.4548
19.9924,0.539,2.3262
19.9926,0.6306,2.7165
19.9928,0.6927,2.9813
19.9930,0.7331,3.1552
19.9932,0.6705,2.8872
19.9934,0.6126,2.6427
19.9936,0.5484,2.3648
19.9938,0.5394,2.3261
19.9940,0.5459,2.3562
19.9942,0.5887,2.5327
19.9944,0.7675,3.3018
19.9946,0.7439,3.1942
19.9948,0.8053,3.4594
19.9950,0.7842,3.3766
19.9952,0.6715,2.894
19.9954,0.6478,2.787
19.9956,0.7123,3.0673
19.9958,0.6993,3.0125
19.9960,0.6417,2.7658
19.9962,0.5559,2.3969
19.9964,0.5344,2.3065
19.9966,0.526,2.2703
19.9968,0.5343,2.3038
19.9970,0.5366,2.3126
19.9972,0.5457,2.353
19.9974,0.5981,2.5741
19.9976,0.6785,2.919
19.9978,0.7067,3.0374
19.9980,0.7645,3.2935
19.9982,0.6638,2.8609
19.9984,0.57,2.4579
19.9986,0.5453,2.3503
19.9988,0.5536,2.3871
19.9990,0.6014,2.5958
19.9992,0.5792,2.4966
19.9994,0.6205,2.6719
19.9996,0.5808,2.5044
19.9998,0.581,2.5055
20.0000,0.5392,2.3218
20.0002,0.5962,2.5659
20.0004,0.6531,2.811
20.0006,0.6806,2.9332
20.0008,0.6426,2.7656
20.0010,0.6934,2.9816
20.0012,0.7531,3.2414
20.0014,0.7188,3.0909
20.0016,0.7408,3.1838
20.0018,0.7772,3.3404
20.0020,0.7801,3.3528
20.0022,0.7123,3.0688
20.0024,0.6846,2.944
20.0026,0.7783,3.3466
20.0028,0.798,3.4232
20.0030,0.8909,3.8201
20.0032,0.9143,3.9222
20.0034,0.9508,4.0733
20.0036,0.9735,4.1743
20.0038,0.9376,4.03
20.0040,0.8309,3.568
20.0042,0.9021,3.8648
20.0044,0.9789,4.1994
20.0046,0.9481,4.0672
20.0048,0.912,3.9124
20.0050,0.9228,3.955
20.0052,0.8927,3.8349
20.0054,0.8093,3.4802
20.0056,0.7848,3.3713
20.0058,0.8228,3.5346
20.0060,0.8261,3.5491
20.0062,0.8188,3.5225
20.0064,0.836,3.593
20.0066,0.8228,3.5297
20.0068,0.89,3.82
20.0070,0.8922,3.8347
20.0072,0.8221,3.5348
20.0074,0.8002,3.441
20.0076,0.8242,3.5441
20.0078,0.8047,3.4568
20.0080,0.832,3.5693
20.0082,0.8604,3.6946
20.0084,0.8981,3.8617
20.0086,0.8608,3.6979
20.0088,0.8774,3.766
20.0090,0.8984,3.8597
20.0092,0.8561,3.6813
20.0094,0.8209,3.5264
20.0096,0.8506,3.6524
20.0098,0.8604,3.6964
20.0100,0.8603,3.6976
20.0102,0.8155,3.5097
20.0104,0.6722,2.8971
20.0106,0.6465,2.7878
20.0108,0.6775,2.913
20.0110,0.7928,3.409
20.0112,0.7689,3.3064
20.0114,0.7541,3.244
20.0116,0.765,3.2925
20.0118,0.7681,3.3028
20.0120,0.8044,3.4574
20.0122,0.8551,3.6737
20.0124,0.898,3.854
20.0126,0.8857,3.8068
20.0128,0.8579,3.6804
20.0130,0.9378,4.0267
20.0132,0.8344,3.5879
20.0134,0.7327,3.1595
20.0136,0.6729,2.9002
20.0138,0.6964,2.9959
20.0140,0.7263,3.1214
20.0142,0.7438,3.2011
20.0144,0.7336,3.1573
20.0146,0.7308,3.1454
20.0148,0.7322,3.1545
20.0150,0.7022,3.0206
20.0152,0.7532,3.2434
20.0154,0.7498,3.2314
20.0156,0.6605,2.8456
20.0158,0.6099,2.6289
20.0160,0.5719,2.4673
20.0162,0.5652,2.4384
20.0164,0.5709,2.4627
20.0166,0.5771,2.4861
20.0168,0.5674,2.4499
20.0170,0.4947,2.1372
20.0172,0.4927,2.1274
20.0174,0.494,2.1281
20.0176,0.6784,2.9144
20.0178,0.7615,3.276
20.0180,0.6855,2.9544
20.0182,0.6559,2.832
20.0184,0.5665,2.4441
20.0186,0.5412,2.336
20.0188,0.542,2.338
20.0190,0.5444,2.3462
20.0192,0.5912,2.5471
20.0194,0.6179,2.6617
20.0196,0.6285,2.7077
20.0198,0.6639,2.8601
20.0200,0.6412,2.7663
20.0202,0.5472,2.3597
20.0204,0.5388,2.3246
20.0206,0.5357,2.3122
20.0208,0.5745,2.4724
20.0210,0.7087,3.0519
20.0212,0.5878,2.5344
20.0214,0.5332,2.3003
20.0216,0.5282,2.2806
20.0218,0.5254,2.2687
20.0220,0.5291,2.2827
20.0222,0.526,2.2682
20.0224,0.5248,2.263
20.0226,0.524,2.2604
20.0228,0.5231,2.2568
20.0230,0.5374,2.3162
20.0232,0.5352,2.309
20.0234,0.5265,2.2734
20.0236,0.5223,2.2542
20.0238,0.5194,2.2418
20.0240,0.5282,2.2764
20.0242,0.5662,2.4346
20.0244,0.6929,2.9782
20.0246,0.7549,3.2461
20.0248,0.7587,3.2611
20.0250,0.7743,3.3312
20.0252,0.736,3.1646
20.0254,0.7412,3.1947
20.0256,0.6095,2.628
20.0258,0.5366,2.3126
20.0260,0.5952,2.5593
20.0262,0.6617,2.8508
20.0264,0.6378,2.7462
20.0266,0.6637,2.8577
20.0268,0.6302,2.7149
20.0270,0.6477,2.7904
20.0272,0.6581,2.834
20.0274,0.6569,2.8249
20.0276,0.7402,3.1812
20.0278,0.8231,3.5329
20.0280,0.8607,3.6957
20.0282,0.8213,3.5301
20.0284,0.8338,3.5837
20.0286,0.8146,3.5012
20.0288,0.8143,3.4997
20.0290,0.7472,3.2161
20.0292,0.6619,2.8487
20.0294,0.6842,2.9433
20.0296,0.7132,3.0653
20.0298,0.7625,3.2801
20.0300,0.7263,3.1272
20.0302,0.7108,3.0578
20.0304,0.7129,3.0671
20.0306,0.744,3.1992
20.0308,0.7308,3.1439
20.0310,0.755,3.2451
20.0312,0.7723,3.3239
20.0314,0.6993,3.0139
20.0316,0.5769,2.4885
20.0318,0.589,2.5325
20.0320,0.6767,2.9167
20.0322,0.5791,2.4972
20.0324,0.5211,2.2511
20.0326,0.4056,1.7523
20.0328,0.4186,1.8074
20.0330,0.4312,1.8618
20.0332,0.4691,2.0245
20.0334,0.5093,2.1953
20.0336,0.5591,2.4109
20.0338,0.5186,2.2371
20.0340,0.5468,2.3532
20.0342,0.6356,2.7369
20.0344,0.7126,3.0598
20.0346,0.7701,3.3085
20.0348,0.7915,3.4018
20.0350,0.7474,3.2136
20.0352,0.8105,3.4756
20.0354,0.9529,4.0821
20.0356,0.9671,4.1451
20.0358,0.929,3.9817
20.0360,0.9342,4.0076
20.0362,0.9056,3.8851
20.0364,0.9072,3.8936
20.0366,0.9499,4.0768
20.0368,0.9277,3.9761
20.0370,0.9914,4.243
20.0372,1.0061,4.3162
20.0374,0.9569,4.1034
20.0376,0.9659,4.1361
20.0378,1.0376,4.4411
20.0380,1.0706,4.5801
20.0382,1.1111,4.7646
20.0384,1.0325,4.4252
20.0386,1.0145,4.3481
20.0388,1.045,4.4766
20.0390,1.0433,4.4673
20.0392,1.0134,4.3455
20.0394,0.9477,4.0657
20.0396,0.8838,3.8039
20.0398,0.7789,3.3523
20.0400,0.7886,3.391
20.0402,0.8115,3.4895
20.0404,0.8001,3.4405
20.0406,0.7873,3.3869
20.0408,0.7387,3.178
20.0410,0.7241,3.115
20.0412,0.78,3.3554
20.0414,0.7975,3.4275
20.0416,0.801,3.4441
20.0418,0.762,3.2811
20.0420,0.6866,2.9591
20.0422,0.685,2.9483
20.0424,0.7029,3.0266
20.0426,0.7067,3.0388
20.0428,0.7864,3.377
20.0430,0.8237,3.5503
20.0432,0.6996,3.0112
20.0434,0.7376,3.1719
20.0436,0.7879,3.3895
20.0438,0.7661,3.3002
20.0440,0.7391,3.181
20.0442,0.7566,3.2533
20.0444,0.7331,3.1567
20.0446,0.682,2.9394
20.0448,0.6529,2.8126
20.0450,0.6972,3.0009
20.0452,0.7141,3.0779
20.0454,0.6037,2.6008
20.0456,0.6641,2.8611
20.0458,0.6364,2.7443
20.0460,0.6131,2.6447
20.0462,0.5892,2.5406
20.0464,0.5705,2.46
20.0466,0.5745,2.477
20.0468,0.5794,2.5006
20.0470,0.5924,2.5534
20.0472,0.5977,2.5762
20.0474,0.5822,2.5118
20.0476,0.6194,2.6697
20.0478,0.6348,2.7384
20.0480,0.584,2.5172
20.0482,0.6157,2.6512
20.0484,0.6737,2.9011
20.0486,0.6573,2.833
20.0488,0.621,2.6727
20.0490,0.6836,2.9421
20.0492,0.6446,2.7795
20.0494,0.5905,2.5463
20.0496,0.6121,2.6406
20.0498,0.5945,2.5622
20.0500,0.5794,2.4971
20.0502,0.6031,2.5994
20.0504,0.6409,2.7635
20.0506,0.5752,2.4813
20.0508,0.5504,2.372
20.0510,0.5573,2.4031
20.0512,0.5554,2.3959
20.0514,0.5695,2.4558
20.0516,0.5812,2.506
20.0518,0.5602,2.4144
20.0520,0.5803,2.5012
20.0522,0.5926,2.5516
20.0524,0.6366,2.7423
20.0526,0.633,2.7331
20.0528,0.5234,2.261
20.0530,0.4795,2.0714
20.0532,0.4523,1.9529
20.0534,0.4475,1.9313
20.0536,0.4478,1.932
20.0538,0.454,1.9593
20.0540,0.4697,2.028
20.0542,0.4584,1.9766
20.0544,0.5101,2.2035
20.0546,0.4537,1.9591
20.0548,0.4494,1.9414
20.0550,0.4477,1.9323
20.0552,0.4458,1.9232
20.0554,0.4451,1.9192
20.0556,0.4833,2.0841
20.0558,0.5382,2.322
20.0560,0.4906,2.1176
20.0562,0.4534,1.9567
20.0564,0.448,1.9343
20.0566,0.4489,1.9384
20.0568,0.4504,1.9428
20.0570,0.4486,1.9351
20.0572,0.4487,1.9365
20.0574,0.4469,1.9287
20.0576,0.4909,2.1137
20.0578,0.558,2.404
20.0580,0.5986,2.5774
20.0582,0.6398,2.7563
20.0584,0.6556,2.8192
20.0586,0.6488,2.7937
20.0588,0.5551,2.3894
20.0590,0.5885,2.5328
20.0592,0.5987,2.5791
20.0594,0.5988,2.5796
20.0596,0.6086,2.6195
20.0598,0.6435,2.771
20.0600,0.5982,2.577
20.0602,0.5822,2.5072
20.0604,0.5945,2.5598
20.0606,0.6024,2.5891
20.0608,0.7331,3.1464
20.0610,0.7888,3.3857
20.0612,0.7476,3.2176
20.0614,0.6303,2.7167
20.0616,0.5733,2.4707
20.0618,0.5675,2.4425
20.0620,0.6073,2.6114
20.0622,0.6733,2.895
20.0624,0.6587,2.8339
20.0626,0.6574,2.8335
20.0628,0.6048,2.6042
20.0630,0.5864,2.5264
20.0632,0.5927,2.5544
20.0634,0.5361,2.3148
20.0636,0.4822,2.0804
20.0638,0.4776,2.0564
20.0640,0.5387,2.3187
20.0642,0.5471,2.3614
20.0644,0.5122,2.2097
20.0646,0.4794,2.0661
20.0648,0.5409,2.3323
20.0650,0.4742,2.0486
20.0652,0.3972,1.7169
20.0654,0.3743,1.6164
20.0656,0.373,1.6099
20.0658,0.3951,1.7036
20.0660,0.4484,1.9328
20.0662,0.4856,2.0959
20.0664,0.4498,1.942
20.0666,0.4875,2.1003
20.0668,0.5446,2.3483
20.0670,0.4875,2.1032
20.0672,0.4884,2.1048
20.0674,0.5782,2.4884
20.0676,0.6566,2.822
20.0678,0.6734,2.8942
20.0680,0.7077,3.0387
20.0682,0.8031,3.4518
20.0684,0.79,3.3908
20.0686,0.868,3.7184
20.0688,0.9868,4.2274
20.0690,0.9545,4.0893
20.0692,0.9375,4.0163
20.0694,0.9343,4.0043
20.0696,0.9507,4.0709
20.0698,0.9915,4.2475
20.0700,0.9712,4.1665
20.0702,0.9236,3.9567
20.0704,0.9818,4.2019
20.0706,0.9908,4.2404
20.0708,1.0091,4.3149
20.0710,1.094,4.6801
20.0712,1.0586,4.5351
20.0714,0.9989,4.2733
20.0716,1.0364,4.4339
20.0718,1.0673,4.5636
20.0720,0.9693,4.1602
20.0722,0.8439,3.6236
20.0724,0.8446,3.625
20.0726,0.9441,4.0465
20.0728,0.9435,4.0477
20.0730,0.8876,3.8097
20.0732,0.9542,4.0877
20.0734,1.0336,4.4236
20.0736,1.077,4.6116
20.0738,1.0258,4.4005
20.0740,0.9162,3.9286
20.0742,0.9485,4.0693
20.0744,0.9361,4.0214
20.0746,0.8339,3.5809
20.0748,0.8355,3.5876
20.0750,0.8532,3.6672
20.0752,0.8077,3.4713
20.0754,0.8288,3.5587
20.0756,0.8137,3.502
20.0758,0.7592,3.2662
20.0760,0.7747,3.3265
20.0762,0.8254,3.546
20.0764,0.7786,3.3451
20.0766,0.7758,3.3296
20.0768,0.8554,3.6747
20.0770,0.8481,3.645
20.0772,0.8541,3.6691
20.0774,0.8686,3.7262
20.0776,0.9049,3.8839
20.0778,0.9433,4.0466
20.0780,0.9249,3.9716
20.0782,0.8733,3.7497
20.0784,0.8637,3.7086
20.0786,0.7916,3.4086
20.0788,0.7242,3.117
20.0790,0.7778,3.3446
20.0792,0.778,3.3456
20.0794,0.7753,3.3384
20.0796,0.7168,3.0864
20.0798,0.7005,3.0148
20.0800,0.6856,2.9508
20.0802,0.6849,2.9505
20.0804,0.7278,3.1296
20.0806,0.8316,3.5794
20.0808,0.7179,3.0911
20.0810,0.676,2.9123
20.0812,0.6592,2.8399
20.0814,0.6516,2.8082
20.0816,0.5909,2.5455
20.0818,0.6207,2.6741
20.0820,0.5598,2.4173
20.0822,0.5296,2.2858
20.0824,0.5322,2.2961
20.0826,0.5446,2.3516
20.0828,0.5303,2.2889
20.0830,0.5306,2.2889
20.0832,0.5285,2.279
20.0834,0.5313,2.293
20.0836,0.5349,2.3054
20.0838,0.6079,2.6201
20.0840,0.5748,2.482
20.0842,0.5292,2.2853
20.0844,0.5273,2.2728
20.0846,0.5326,2.2977
20.0848,0.5302,2.2873
20.0850,0.5292,2.2821
20.0852,0.5279,2.2796
20.0854,0.5328,2.3008
20.0856,0.5316,2.2935
20.0858,0.5288,2.2811
20.0860,0.5345,2.3049
20.0862,0.5827,2.5104
20.0864,0.5818,2.5086
20.0866,0.5368,2.3147
20.0868,0.5506,2.3731
20.0870,0.5511,2.3718
20.0872,0.6188,2.6683
20.0874,0.5725,2.4676
20.0876,0.6302,2.7149
20.0878,0.6199,2.6693
20.0880,0.6273,2.7013
20.0882,0.6465,2.7826
20.0884,0.6709,2.8887
20.0886,0.6719,2.8907
20.0888,0.6815,2.9333
20.0890,0.6932,2.9833
20.0892,0.6809,2.9293
20.0894,0.7159,3.0771
20.0896,0.7459,3.2074
20.0898,0.7384,3.1764
20.0900,0.7644,3.2868
20.0902,0.7505,3.2285
20.0904,0.7343,3.1604
20.0906,0.7427,3.1935
20.0908,0.7547,3.2451
20.0910,0.7748,3.3301
20.0912,0.7566,3.2488
20.0914,0.7834,3.3735
20.0916,0.6958,2.9947
20.0918,0.6864,2.9544
20.0920,0.6888,2.9648
20.0922,0.695,2.9897
20.0924,0.7237,3.1135
20.0926,0.6673,2.8719
20.0928,0.6873,2.9594
20.0930,0.659,2.8376
20.0932,0.6875,2.955
20.0934,0.7331,3.1552
20.0936,0.7586,3.2575
20.0938,0.7768,3.342
20.0940,0.6808,2.9302
20.0942,0.7039,3.0298
20.0944,0.6894,2.9701
20.0946,0.6674,2.8724
20.0948,0.6659,2.8662
20.0950,0.6894,2.9673
20.0952,0.6882,2.9608
20.0954,0.7645,3.2858
20.0956,0.8198,3.5283
20.0958,0.7521,3.2327
20.0960,0.7397,3.1806
20.0962,0.7266,3.1259
20.0964,0.6894,2.9687
20.0966,0.6745,2.9028
20.0968,0.7105,3.0568
20.0970,0.6627,2.8576
20.0972,0.5478,2.3568
20.0974,0.6884,2.9641
20.0976,0.6561,2.8226
20.0978,0.7173,3.0842
20.0980,0.7721,3.3198
20.0982,0.7458,3.2099
20.0984,0.7074,3.0462
20.0986,0.5809,2.5084
20.0988,0.5087,2.1958
20.0990,0.5252,2.2645
20.0992,0.552,2.3804
20.0994,0.543,2.3438
20.0996,0.5445,2.3445
20.0998,0.6149,2.6501
20.1000,0.6182,2.6608
20.1002,0.6487,2.7932
20.1004,0.7182,3.0855
20.1006,0.7886,3.391
20.1008,0.7688,3.3044
20.1010,0.759,3.2667
20.1012,0.7442,3.1972
20.1014,0.8167,3.5051
20.1016,0.824,3.5381
20.1018,0.9002,3.8638
20.1020,0.964,4.1298
20.1022,0.9896,4.2432
20.1024,0.9899,4.2388
20.1026,1.0345,4.4319
20.1028,1.0386,4.4452
20.1030,1.0533,4.5104
20.1032,1.0988,4.7072
20.1034,1.12,4.7914
20.1036,1.1077,4.7364
20.1038,1.1473,4.9129
20.1040,1.1495,4.913
20.1042,1.1668,4.9868
20.1044,1.1621,4.9715
20.1046,1.2042,5.1515
20.1048,1.2392,5.2938
20.1050,1.2204,5.2256
20.1052,1.0874,4.6628
20.1054,1.0445,4.4766
20.1056,0.9682,4.1575
20.1058,0.8418,3.6249
20.1060,0.7587,3.2656
20.1062,0.8348,3.5828
20.1064,0.918,3.9455
20.1066,0.8688,3.7376
20.1068,0.8463,3.6288
20.1070,0.9474,4.066
20.1072,0.8609,3.7002
20.1074,0.8268,3.5555
20.1076,0.8502,3.6509
20.1078,0.921,3.9528
20.1080,0.9292,3.9883
20.1082,0.8593,3.6969
20.1084,0.8243,3.538
20.1086,0.9466,4.0592
20.1088,0.9445,4.0575
20.1090,0.8345,3.5851
20.1092,0.9193,3.9511
20.1094,0.8746,3.7589
20.1096,0.8243,3.543
20.1098,0.8482,3.6438
20.1100,0.9345,4.011
20.1102,0.8779,3.7768
20.1104,0.7791,3.3518
20.1106,0.7692,3.3059
20.1108,0.8585,3.6967
20.1110,0.7813,3.3658
20.1112,0.7001,3.0175
20.1114,0.6755,2.9102
20.1116,0.6775,2.9198
20.1118,0.7363,3.1677
20.1120,0.7768,3.3405
20.1122,0.7858,3.3807
20.1124,0.7453,3.2138
20.1126,0.6812,2.9358
20.1128,0.6789,2.9247
20.1130,0.6692,2.8828
20.1132,0.6857,2.9541
20.1134,0.7248,3.121
20.1136,0.7258,3.1252
20.1138,0.7254,3.1251
20.1140,0.7537,3.2425
20.1142,0.7451,3.2143
20.1144,0.6398,2.7614
20.1146,0.5659,2.4415
20.1148,0.5445,2.3511
20.1150,0.4969,2.1455
20.1152,0.5049,2.1822
20.1154,0.4481,1.9384
20.1156,0.4069,1.7605
20.1158,0.4064,1.7571
20.1160,0.4024,1.7399
20.1162,0.4511,1.9495
20.1164,0.473,2.0406
20.1166,0.5146,2.2221
20.1168,0.4994,2.1504
20.1170,0.734,3.1608
20.1172,0.6475,2.7971
20.1174,0.5084,2.1983
20.1176,0.4426,1.9127
20.1178,0.448,1.9352
20.1180,0.5059,2.1833
20.1182,0.553,2.3867
20.1184,0.5575,2.4041
20.1186,0.5565,2.3995
20.1188,0.5532,2.3855
20.1190,0.5662,2.4436
20.1192,0.5362,2.3153
20.1194,0.5532,2.3844
20.1196,0.53,2.2863
20.1198,0.4963,2.1409
20.1200,0.5378,2.3188
20.1202,0.5739,2.4733
20.1204,0.5578,2.4063
20.1206,0.5572,2.4037
20.1208,0.5592,2.4125
20.1210,0.5631,2.4257
20.1212,0.583,2.5126
20.1214,0.5745,2.477
20.1216,0.537,2.3168
20.1218,0.5121,2.2102
20.1220,0.4936,2.1305
20.1222,0.5008,2.1616
20.1224,0.459,1.9828
20.1226,0.4299,1.8578
20.1228,0.4307,1.8606
20.1230,0.4326,1.8689
20.1232,0.4441,1.9168
20.1234,0.44,1.8983
20.1236,0.4361,1.883
20.1238,0.4863,2.099
20.1240,0.5367,2.311
20.1242,0.5839,2.5156
20.1244,0.5616,2.4228
20.1246,0.5429,2.3432
20.1248,0.534,2.2985
20.1250,0.5933,2.5558
20.1252,0.5809,2.5038
20.1254,0.5571,2.4032
20.1256,0.5434,2.3431
20.1258,0.5427,2.34
20.1260,0.5514,2.3767
20.1262,0.5547,2.3928
20.1264,0.5562,2.3973
20.1266,0.6122,2.6338
20.1268,0.6655,2.8628
20.1270,0.7364,3.1623
20.1272,0.8215,3.5273
20.1274,0.7609,3.2734
20.1276,0.6775,2.9185
20.1278,0.6715,2.8913
20.1280,0.6701,2.8843
20.1282,0.6908,2.9703
20.1284,0.7474,3.2151
20.1286,0.708,3.0417
20.1288,0.7373,3.1688
20.1290,0.7423,3.1964
20.1292,0.6342,2.7358
20.1294,0.5792,2.4966
20.1296,0.5711,2.4603
20.1298,0.6307,2.7132
20.1300,0.7216,3.1013
20.1302,0.7575,3.2559
20.1304,0.7135,3.0725
20.1306,0.6739,2.903
20.1308,0.6342,2.7294
20.1310,0.6192,2.6699
20.1312,0.5578,2.4085
20.1314,0.4506,1.9457
20.1316,0.4025,1.7389
20.1318,0.3934,1.6995
20.1320,0.4004,1.7287
20.1322,0.412,1.7798
20.1324,0.4241,1.8304
20.1326,0.4746,2.0473
20.1328,0.5067,2.1839
20.1330,0.5367,2.3153
20.1332,0.5032,2.1669
20.1334,0.6358,2.7329
20.1336,0.7031,3.0262
20.1338,0.6664,2.8683
20.1340,0.6411,2.7542
20.1342,0.7144,3.0675
20.1344,0.7929,3.4111
20.1346,0.6861,2.9515
20.1348,0.7241,3.1064
20.1350,0.8693,3.7258
20.1352,0.9128,3.9123
20.1354,0.9521,4.079
20.1356,0.9697,4.154
20.1358,0.9551,4.0918
20.1360,0.949,4.0694
20.1362,0.8878,3.812
20.1364,0.8704,3.7356
20.1366,0.9139,3.9133
20.1368,0.9705,4.1595
20.1370,0.9482,4.0639
20.1372,0.9641,4.1265
20.1374,0.9727,4.1727
20.1376,0.9563,4.1046
20.1378,0.8908,3.8196
20.1380,0.921,3.9491
20.1382,0.915,3.9307
20.1384,0.8662,3.7142
20.1386,0.9212,3.9502
20.1388,0.8879,3.809
20.1390,0.8417,3.6143
20.1392,0.8109,3.4901
20.1394,0.778,3.3425
20.1396,0.862,3.7013
20.1398,0.8332,3.5794
20.1400,0.8195,3.5158
20.1402,0.8772,3.7615
20.1404,0.8748,3.7529
20.1406,0.879,3.7762
20.1408,0.8274,3.5564
20.1410,0.8585,3.6847
20.1412,0.8603,3.6976
20.1414,0.8354,3.5887
20.1416,0.7965,3.4234
20.1418,0.7958,3.4187
20.1420,0.8513,3.6555
20.1422,0.8176,3.519
20.1424,0.7656,3.2905
20.1426,0.8703,3.7386
20.1428,0.759,3.2667
20.1430,0.7506,3.226
20.1432,0.7926,3.4048
20.1434,0.8492,3.6463
20.1436,0.8762,3.7661
20.1438,0.7899,3.3982
20.1440,0.8114,3.4873
20.1442,0.8426,3.6179
20.1444,0.8531,3.6632
20.1446,0.8605,3.6969
20.1448,0.8487,3.651
20.1450,0.7386,3.1789
20.1452,0.712,3.0644
20.1454,0.7044,3.0333
20.1456,0.7295,3.1412
20.1458,0.7368,3.1697
20.1460,0.7107,3.0587
20.1462,0.7043,3.0328
20.1464,0.6861,2.9529
20.1466,0.7213,3.0974
20.1468,0.8397,3.6123
20.1470,0.7964,3.4309
20.1472,0.7476,3.2147
20.1474,0.7808,3.3606
20.1476,0.7006,3.0181
20.1478,0.6577,2.8359
20.1480,0.6224,2.6776
20.1482,0.6806,2.9264
20.1484,0.7141,3.0737
20.1486,0.695,2.9897
20.1488,0.6998,3.0173
20.1490,0.6506,2.8054
20.1492,0.6514,2.8064
20.1494,0.646,2.7818
20.1496,0.6657,2.8665
20.1498,0.6839,2.9422
20.1500,0.7492,3.2229
20.1502,0.7477,3.2152
20.1504,0.7502,3.2305
20.1506,0.6749,2.9144
20.1508,0.5568,2.4022
20.1510,0.5378,2.3188
20.1512,0.5368,2.3147
20.1514,0.535,2.3069
20.1516,0.5355,2.3112
20.1518,0.5472,2.3619
20.1520,0.5631,2.4279
20.1522,0.5839,2.5202
20.1524,0.5343,2.3049
20.1526,0.5271,2.2739
20.1528,0.5278,2.2791
20.1530,0.5292,2.28
20.1532,0.5428,2.3362
20.1534,0.6198,2.67
20.1536,0.5982,2.5794
20.1538,0.534,2.3039
20.1540,0.5253,2.2672
20.1542,0.5251,2.2651
20.1544,0.527,2.2723
20.1546,0.5242,2.2615
20.1548,0.5225,2.2542
20.1550,0.5247,2.2625
20.1552,0.5269,2.2707
20.1554,0.5259,2.2698
20.1556,0.5253,2.2672
20.1558,0.5239,2.261
20.1560,0.5241,2.2588
20.1562,0.5259,2.2687
20.1564,0.5264,2.2718
20.1566,0.5504,2.3698
20.1568,0.6083,2.6241
20.1570,0.5529,2.384
20.1572,0.6095,2.6244
20.1574,0.6613,2.8448
20.1576,0.7065,3.0378
20.1578,0.718,3.0873
20.1580,0.7176,3.0858
20.1582,0.72,3.0961
20.1584,0.6966,2.9955
20.1586,0.7152,3.0826
20.1588,0.6742,2.9045
20.1590,0.6403,2.7558
20.1592,0.6902,2.9704
20.1594,0.7063,3.0401
20.1596,0.7243,3.1132
20.1598,0.7734,3.3209
20.1600,0.8113,3.4852
20.1602,0.8158,3.5048
20.1604,0.8001,3.4389
20.1606,0.8108,3.4847
20.1608,0.7927,3.4148
20.1610,0.6149,2.6488
20.1612,0.5914,2.5488
20.1614,0.5915,2.5481
20.1616,0.6325,2.721
20.1618,0.6483,2.7916
20.1620,0.6038,2.6037
20.1622,0.6209,2.6771
20.1624,0.5821,2.5101
20.1626,0.5616,2.424
20.1628,0.4894,2.1134
20.1630,0.4747,2.0459
20.1632,0.4932,2.1255
20.1634,0.5543,2.3869
20.1636,0.5614,2.4241
20.1638,0.4209,1.8198
20.1640,0.3776,1.6319
20.1642,0.3892,1.6814
20.1644,0.3794,1.6389
20.1646,0.3694,1.5966
20.1648,0.3675,1.5883
20.1650,0.3728,1.6097
20.1652,0.3886,1.6788
20.1654,0.3872,1.6733
20.1656,0.3753,1.6228
20.1658,0.3934,1.6987
20.1660,0.4385,1.8907
20.1662,0.5086,2.1942
20.1664,0.518,2.2346
20.1666,0.4999,2.1505
20.1668,0.6361,2.7313
20.1670,0.7246,3.1157
20.1672,0.7333,3.1606
20.1674,0.7235,3.1052
20.1676,0.8006,3.4361
20.1678,0.8021,3.4428
20.1680,0.8448,3.626
20.1682,0.8788,3.7664
20.1684,0.9292,3.9827
20.1686,0.9234,3.9539
20.1688,1.0132,4.3364
20.1690,1.0665,4.5669
20.1692,0.9997,4.2829
20.1694,0.9646,4.1324
20.1696,0.9346,4.0059
20.1698,0.9562,4.0984
20.1700,0.9842,4.2161
20.1702,0.9994,4.2774
20.1704,1.0488,4.4888
20.1706,1.108,4.7445
20.1708,1.0393,4.4504
20.1710,1.0266,4.3939
20.1712,1.0322,4.4201
20.1714,1.0328,4.4247
20.1716,1.0253,4.3903
20.1718,1.0603,4.5402
20.1720,1.0462,4.488
20.1722,0.9225,3.9595
20.1724,0.8942,3.8416
20.1726,0.8622,3.7024
20.1728,0.8745,3.7479
20.1730,0.9261,3.9731
20.1732,0.9603,4.1158
20.1734,1.0303,4.416
20.1736,1.0456,4.477
20.1738,1.0238,4.3882
20.1740,0.9932,4.2567
20.1742,1.0117,4.3323
20.1744,1.0706,4.5844
20.1746,1.0097,4.3296
20.1748,0.9596,4.1262
20.1750,0.7698,3.3147
20.1752,0.7703,3.3121
20.1754,0.8785,3.7724
20.1756,0.839,3.6075
20.1758,0.8074,3.4687
20.1760,0.8295,3.5651
20.1762,0.8374,3.5991
20.1764,0.8267,3.5516
20.1766,0.7951,3.4204
20.1768,0.7488,3.2273
20.1770,0.7204,3.0962
20.1772,0.7986,3.4338
20.1774,0.7649,3.2935
20.1776,0.723,3.1104
20.1778,0.7644,3.2838
20.1780,0.7789,3.3539
20.1782,0.7103,3.0586
20.1784,0.7177,3.092
20.1786,0.632,2.724
20.1788,0.6072,2.6194
20.1790,0.6093,2.6263
20.1792,0.646,2.7818
20.1794,0.6348,2.7346
20.1796,0.6656,2.8686
20.1798,0.6249,2.6897
20.1800,0.7194,3.0949
20.1802,0.7782,3.3492
20.1804,0.7705,3.3162
20.1806,0.7533,3.2424
20.1808,0.7129,3.0699
20.1810,0.614,2.6489
20.1812,0.537,2.3222
20.1814,0.4496,1.9442
20.1816,0.432,1.8663
20.1818,0.4548,1.9665
20.1820,0.4551,1.9662
20.1822,0.4686,2.0233
20.1824,0.4579,1.9782
20.1826,0.4562,1.9691
20.1828,0.4531,1.9556
20.1830,0.4556,1.9683
20.1832,0.4704,2.0302
20.1834,0.5295,2.2863
20.1836,0.4571,1.9736
20.1838,0.443,1.9139
20.1840,0.4457,1.9253
20.1842,0.4477,1.9323
20.1844,0.4477,1.9323
20.1846,0.4477,1.9341
20.1848,0.4466,1.9304
20.1850,0.45,1.944
20.1852,0.4579,1.9763
20.1854,0.503,2.1729
20.1856,0.4634,2.0001
20.1858,0.4737,2.0437
20.1860,0.4446,1.9198
20.1862,0.4511,1.9477
20.1864,0.4683,2.0204
20.1866,0.4532,1.9571
20.1868,0.4501,1.9454
20.1870,0.4508,1.9467
20.1872,0.4625,1.9969
20.1874,0.5051,2.1762
20.1876,0.5332,2.2981
20.1878,0.5474,2.3602
20.1880,0.5745,2.4724
20.1882,0.6494,2.7937
20.1884,0.6577,2.8332
20.1886,0.601,2.5913
20.1888,0.5753,2.4818
20.1890,0.5759,2.4798
20.1892,0.5894,2.5381
20.1894,0.6074,2.6204
20.1896,0.5325,2.2961
20.1898,0.5372,2.3152
20.1900,0.5572,2.4004
20.1902,0.5695,2.4524
20.1904,0.6149,2.6488
20.1906,0.6571,2.8254
20.1908,0.7153,3.0774
20.1910,0.6936,2.9813
20.1912,0.7249,3.1143
20.1914,0.748,3.2207
20.1916,0.5873,2.5312
20.1918,0.5526,2.3841
20.1920,0.552,2.3793
20.1922,0.5583,2.4039
20.1924,0.5375,2.3189
20.1926,0.5587,2.406
20.1928,0.6484,2.7857
20.1930,0.7134,3.0634
20.1932,0.7524,3.2308
20.1934,0.7896,3.3967
20.1936,0.7182,3.0955
20.1938,0.5874,2.5294
20.1940,0.5899,2.5402
20.1942,0.6622,2.8489
20.1944,0.7041,3.0331
20.1946,0.6109,2.6293
20.1948,0.6044,2.6027
20.1950,0.5712,2.4619
20.1952,0.5712,2.4631
20.1954,0.5659,2.4415
20.1956,0.5382,2.3241
20.1958,0.4766,2.0561
20.1960,0.4758,2.0525
20.1962,0.4778,2.0622
20.1964,0.4729,2.0401
20.1966,0.514,2.2134
20.1968,0.5328,2.2987
20.1970,0.4563,1.9687
20.1972,0.5191,2.2403
20.1974,0.4996,2.1564
20.1976,0.4081,1.7616
20.1978,0.3951,1.7067
20.1980,0.3938,1.7003
20.1982,0.3972,1.7129
20.1984,0.4972,2.1391
20.1986,0.6346,2.7328
20.1988,0.6032,2.6023
20.1990,0.4776,2.0612
20.1992,0.4432,1.9109
20.1994,0.4852,2.0934
20.1996,0.5336,2.2997
20.1998,0.5457,2.3475
20.2000,0.6108,2.6276
20.2002,0.6807,2.9215
20.2004,0.7976,3.4296
20.2006,0.7328,3.1483
20.2008,0.7517,3.2232
20.2010,0.817,3.5083
20.2012,0.8149,3.4974
20.2014,0.859,3.6868
20.2016,0.7664,3.2895
20.2018,0.7971,3.4148
20.2020,0.9813,4.2038
20.2022,0.9994,4.2834
20.2024,0.9572,4.0987
20.2026,0.9938,4.2553
20.2028,0.9911,4.2479
20.2030,0.9849,4.2173
20.2032,1.0039,4.3049
20.2034,0.9658,4.1376
20.2036,0.9297,3.9867
20.2038,0.8945,3.8355
20.2040,0.94,4.0309
20.2042,0.97,4.1536
20.2044,1.0162,4.3513
20.2046,0.9873,4.2275
20.2048,0.8843,3.7989
20.2050,0.8296,3.564
20.2052,0.8472,3.638
20.2054,0.8319,3.5738
20.2056,0.8116,3.4883
20.2058,0.8019,3.4418
20.2060,0.8492,3.6395
20.2062,0.8705,3.7396
20.2064,0.7653,3.2894
20.2066,0.7816,3.3595
20.2068,0.7851,3.3713
20.2070,0.8331,3.5756
20.2072,0.8754,3.759
20.2074,0.93,3.9877
20.2076,0.946,4.0585
20.2078,0.8635,3.7063
20.2080,0.8759,3.7576
20.2082,0.8911,3.8247
20.2084,0.8902,3.8241
20.2086,0.8289,3.5592
20.2088,0.8331,3.5739
20.2090,0.885,3.802
20.2092,0.853,3.6644
20.2094,0.8421,3.6142
20.2096,0.8464,3.6378
20.2098,0.8074,3.4735
20.2100,0.7724,3.3229
20.2102,0.7924,3.4027
20.2104,0.8471,3.6392
20.2106,0.8059,3.4652
20.2108,0.8066,3.4635
20.2110,0.8423,3.6169
20.2112,0.8571,3.6802
20.2114,0.8316,3.5794
20.2116,0.7827,3.3595
20.2118,0.8826,3.7917
20.2120,0.8927,3.8349
20.2122,0.8551,3.6754
20.2124,0.8369,3.5937
20.2126,0.8404,3.6053
20.2128,0.8988,3.8612
20.2130,0.8392,3.6153
20.2132,0.7224,3.1049
20.2134,0.8456,3.6359
20.2136,0.7953,3.4214
20.2138,0.7109,3.0569
20.2140,0.7059,3.0409
20.2142,0.64,2.7611
20.2144,0.5904,2.5446
20.2146,0.6109,2.633
20.2148,0.6569,2.8341
20.2150,0.5631,2.4302
20.2152,0.5369,2.3174
20.2154,0.5343,2.3038
20.2156,0.5338,2.3018
20.2158,0.5346,2.3086
20.2160,0.5357,2.3133
20.2162,0.536,2.3122
20.2164,0.5346,2.3054
20.2166,0.6366,2.7398
20.2168,0.6897,2.9739
20.2170,0.5717,2.4652
20.2172,0.5514,2.3789
20.2174,0.538,2.322
20.2176,0.537,2.3168
20.2178,0.5379,2.3215
20.2180,0.5414,2.3365
20.2182,0.5412,2.3349
20.2184,0.5464,2.3561
20.2186,0.5772,2.4832
20.2188,0.7524,3.2398
20.2190,0.6578,2.8351
20.2192,0.5571,2.4032
20.2194,0.5418,2.3364
20.2196,0.5409,2.3312
20.2198,0.6161,2.6528
20.2200,0.7032,3.0239
20.2202,0.7067,3.0417
20.2204,0.6574,2.8296
20.2206,0.6075,2.621
20.2208,0.5406,2.3312
20.2210,0.5392,2.3261
20.2212,0.54,2.3319
20.2214,0.5354,2.3096
20.2216,0.5337,2.3002
20.2218,0.5306,2.2889
20.2220,0.5385,2.323
20.2222,0.5331,2.2976
20.2224,0.5194,2.2418
20.2226,0.5195,2.2423
20.2228,0.5216,2.2501
20.2230,0.5234,2.2578
20.2232,0.5393,2.3245
20.2234,0.5969,2.5713
20.2236,0.5833,2.5141
20.2238,0.5462,2.3528
20.2240,0.6161,2.6515
20.2242,0.6634,2.8554
20.2244,0.6587,2.8366
20.2246,0.6388,2.7508
20.2248,0.6331,2.7273
20.2250,0.6339,2.7284
20.2252,0.6245,2.6889
20.2254,0.6275,2.7043
20.2256,0.6061,2.6087
20.2258,0.6508,2.8012
20.2260,0.7075,3.041
20.2262,0.808,3.4697
20.2264,0.8303,3.5687
20.2266,0.7819,3.3621
20.2268,0.746,3.2065
20.2270,0.7231,3.1066
20.2272,0.6951,2.9888
20.2274,0.6711,2.8897
20.2276,0.6477,2.7878
20.2278,0.646,2.7818
20.2280,0.7001,3.0119
20.2282,0.7549,3.2461
20.2284,0.734,3.1564
20.2286,0.7332,3.1498
20.2288,0.7945,3.4115
20.2290,0.8482,3.6438
20.2292,0.7433,3.1976
20.2294,0.6867,2.9582
20.2296,0.6993,3.0069
20.2298,0.8003,3.4383
20.2300,0.8394,3.5995
20.2302,0.8716,3.7408
20.2304,0.8068,3.4693
20.2306,0.7447,3.2038
20.2308,0.7165,3.0854
20.2310,0.6603,2.8459
20.2312,0.5986,2.5786
20.2314,0.6337,2.7337
20.2316,0.518,2.2366
20.2318,0.4153,1.7943
20.2320,0.4072,1.7591
20.2322,0.4152,1.7938
20.2324,0.3968,1.7148
20.2326,0.411,1.7756
20.2328,0.4573,1.971
20.2330,0.5295,2.2842
20.2332,0.5152,2.2227
20.2334,0.5399,2.3303
20.2336,0.5532,2.3822
20.2338,0.6626,2.8504
20.2340,0.6681,2.8728
20.2342,0.717,3.0789
20.2344,0.7818,3.36
20.2346,0.805,3.46
20.2348,0.7683,3.2992
20.2350,0.8424,3.6124
20.2352,0.9411,4.0355
20.2354,0.9695,4.1574
20.2356,0.9551,4.0976
20.2358,0.965,4.1378
20.2360,0.9825,4.2109
20.2362,0.9732,4.1772
20.2364,0.9364,4.0173
20.2366,0.9807,4.2032
20.2368,1.005,4.3035
20.2370,1.0484,4.4915
20.2372,1.0186,4.3656
20.2374,1.0326,4.4237
20.2376,1.0764,4.609
20.2378,1.0614,4.5533
20.2380,0.9626,4.1314
20.2382,0.9025,3.8736
20.2384,0.8878,3.8103
20.2386,0.9078,3.8908
20.2388,0.955,4.0951
20.2390,0.9858,4.2332
20.2392,0.8421,3.626
20.2394,0.7145,3.0738
20.2396,0.7143,3.0727
20.2398,0.7646,3.2879
20.2400,0.8298,3.5667
20.2402,0.7974,3.4238
20.2404,0.8351,3.5927
20.2406,0.8386,3.606
20.2408,0.8245,3.5435
20.2410,0.836,3.593
20.2412,0.791,3.406
20.2414,0.6807,2.931
20.2416,0.6808,2.9275
20.2418,0.7616,3.275
20.2420,0.7878,3.3905
20.2422,0.7964,3.4245
20.2424,0.7751,3.3343
20.2426,0.728,3.135
20.2428,0.703,3.0285
20.2430,0.6318,2.7229
20.2432,0.5868,2.5291
20.2434,0.5912,2.5506
20.2436,0.5842,2.5189
20.2438,0.6017,2.592
20.2440,0.6791,2.923
20.2442,0.7477,3.2152
20.2444,0.7162,3.0824
20.2446,0.6922,2.9778
20.2448,0.7541,3.244
20.2450,0.7532,3.2434
20.2452,0.6857,2.9527
20.2454,0.6814,2.9328
20.2456,0.7062,3.0424
20.2458,0.6356,2.7407
20.2460,0.5986,2.5846
20.2462,0.5267,2.2692
20.2464,0.5968,2.5708
20.2466,0.6217,2.682
20.2468,0.5812,2.5072
20.2470,0.5548,2.3934
20.2472,0.5739,2.4722
20.2474,0.5942,2.5635
20.2476,0.5538,2.3881
20.2478,0.5729,2.468
20.2480,0.5876,2.5327
20.2482,0.5855,2.5234
20.2484,0.621,2.6752
20.2486,0.5948,2.5649
20.2488,0.5844,2.52
20.2490,0.6427,2.7648
20.2492,0.7364,3.1696
20.2494,0.7352,3.1615
20.2496,0.6529,2.8152
20.2498,0.5661,2.4431
20.2500,0.5617,2.42
20.2502,0.5951,2.5648
20.2504,0.5731,2.4714
20.2506,0.5686,2.4517
20.2508,0.593,2.5584
20.2510,0.5926,2.5527
20.2512,0.6089,2.6206
20.2514,0.6616,2.8516
20.2516,0.5996,2.5868
20.2518,0.5026,2.1704
20.2520,0.4779,2.0656
20.2522,0.4653,2.0093
20.2524,0.4565,1.9701
20.2526,0.4506,1.9448
20.2528,0.4681,2.0184
20.2530,0.4536,1.9568
20.2532,0.444,1.9163
20.2534,0.4456,1.9248
20.2536,0.4487,1.9374
20.2538,0.4454,1.9225
20.2540,0.446,1.9269
20.2542,0.4452,1.9224
20.2544,0.4453,1.922
20.2546,0.4507,1.9462
20.2548,0.4477,1.9323
20.2550,0.4486,1.936
20.2552,0.4476,1.9327
20.2554,0.4698,2.0276
20.2556,0.4662,2.0139
20.2558,0.4504,1.9437
20.2560,0.4653,2.0075
20.2562,0.4621,1.9944
20.2564,0.4722,2.0379
20.2566,0.4769,2.0571
20.2568,0.5042,2.1721
20.2570,0.5396,2.3244
20.2572,0.5994,2.5798
20.2574,0.6662,2.8686
20.2576,0.6295,2.7093
20.2578,0.6508,2.7999
20.2580,0.6627,2.8549
20.2582,0.6033,2.5992
20.2584,0.6081,2.6187
20.2586,0.6216,2.6765
20.2588,0.6005,2.5844
20.2590,0.688,2.957
20.2592,0.7543,3.239
20.2594,0.7942,3.4136
20.2596,0.7457,3.2019
20.2598,0.732,3.1462
20.2600,0.7092,3.0454
20.2602,0.7476,3.2117
20.2604,0.7428,3.197
20.2606,0.7092,3.0511
20.2608,0.6649,2.8589
20.2610,0.6704,2.884
20.2612,0.6498,2.7991
20.2614,0.5861,2.5248
20.2616,0.6141,2.6433
20.2618,0.5656,2.4388
20.2620,0.4819,2.0789
20.2622,0.4879,2.1047
20.2624,0.4886,2.1088
20.2626,0.4878,2.1032
20.2628,0.5128,2.2092
20.2630,0.5188,2.2392
20.2632,0.4632,1.9982
20.2634,0.5032,2.1699
20.2636,0.4355,1.8804
20.2638,0.3915,1.6928
20.2640,0.3751,1.621
20.2642,0.3704,1.6
20.2644,0.3667,1.5825
20.2646,0.3783,1.632
20.2648,0.389,1.6788
20.2650,0.3742,1.6159
20.2652,0.3772,1.6296
20.2654,0.3805,1.6428
20.2656,0.4152,1.7913
20.2658,0.4699,2.0243
20.2660,0.5252,2.2624
20.2662,0.526,2.265
20.2664,0.6167,2.6553
20.2666,0.6205,2.6681
20.2668,0.6569,2.8196
20.2670,0.7842,3.3672
20.2672,0.7332,3.1513
20.2674,0.7326,3.1399
20.2676,0.9114,3.9044
20.2678,0.9832,4.212
20.2680,1.0043,4.3004
20.2682,1.0147,4.341
20.2684,1.0246,4.379
20.2686,1.1035,4.7118
20.2688,1.1435,4.8965
20.2690,1.0548,4.5145
20.2692,1.0985,4.6952
20.2694,1.1397,4.8664
20.2696,1.1493,4.9097
20.2698,1.1084,4.7505
20.2700,0.938,4.0278
20.2702,0.9102,3.9083
20.2704,0.9006,3.8635
20.2706,0.9536,4.0833
20.2708,1.0066,4.3122
20.2710,0.9421,4.0377
20.2712,0.9326,3.9971
20.2714,0.903,3.8756
20.2716,0.8499,3.6476
20.2718,0.8872,3.8095
20.2720,0.847,3.6387
20.2722,0.8791,3.7715
20.2724,0.8821,3.7825
20.2726,0.8906,3.8208
20.2728,0.9027,3.8728
20.2730,0.9141,3.9271
20.2732,0.8073,3.4682
20.2734,0.7856,3.3797
20.2736,0.7631,3.2827
20.2738,0.7868,3.3785
20.2740,0.8235,3.5344
20.2742,0.7936,3.411
20.2744,0.764,3.2807
20.2746,0.8384,3.6016
20.2748,0.8463,3.6356
20.2750,0.8438,3.6231
20.2752,0.8441,3.628
20.2754,0.8661,3.7188
20.2756,0.8649,3.7172
20.2758,0.7545,3.2461
20.2760,0.72,3.0932
20.2762,0.8233,3.5334
20.2764,0.8427,3.6235
20.2766,0.8312,3.5707
20.2768,0.9073,3.896
20.2770,0.8975,3.8484
20.2772,0.8905,3.8203
20.2774,0.9135,3.9246
20.2776,0.8444,3.6273
20.2778,0.7703,3.3106
20.2780,0.7205,3.1025
20.2782,0.69,2.9727
20.2784,0.6778,2.9186
20.2786,0.6782,2.9175
20.2788,0.7129,3.0671
20.2790,0.7245,3.118
20.2792,0.7169,3.0841
20.2794,0.7535,3.2354
20.2796,0.8619,3.7077
20.2798,0.7116,3.0671
20.2800,0.6253,2.6963
20.2802,0.5894,2.5393
20.2804,0.6349,2.7351
20.2806,0.6512,2.8053
20.2808,0.6116,2.6373
20.2810,0.549,2.3685
20.2812,0.5484,2.3648
20.2814,0.5622,2.4243
20.2816,0.5892,2.5418
20.2818,0.5584,2.4078
20.2820,0.547,2.3586
20.2822,0.5468,2.3598
20.2824,0.5439,2.3463
20.2826,0.5478,2.3623
20.2828,0.6224,2.6764
20.2830,0.7018,3.0247
20.2832,0.5755,2.484
20.2834,0.5168,2.2284
20.2836,0.5289,2.2806
20.2838,0.5291,2.2816
20.2840,0.5289,2.2816
20.2842,0.5191,2.2371
20.2844,0.5294,2.2795
20.2846,0.5721,2.469
20.2848,0.5331,2.2997
20.2850,0.5254,2.2666
20.2852,0.5239,2.2599
20.2854,0.5514,2.3789
20.2856,0.5316,2.2935
20.2858,0.5354,2.3042
20.2860,0.6123,2.6392
20.2862,0.5637,2.4305
20.2864,0.5361,2.3127
20.2866,0.5492,2.3636
20.2868,0.6131,2.6398
20.2870,0.6254,2.6943
20.2872,0.6251,2.689
20.2874,0.652,2.805
20.2876,0.6598,2.8386
20.2878,0.6915,2.9775
20.2880,0.6524,2.8066
20.2882,0.6834,2.9388
20.2884,0.6996,3.014
20.2886,0.614,2.6452
20.2888,0.6075,2.6173
20.2890,0.618,2.6598
20.2892,0.6519,2.8006
20.2894,0.789,3.3909
20.2896,0.7551,3.2502
20.2898,0.6488,2.7898
20.2900,0.6652,2.8658
20.2902,0.6617,2.8481
20.2904,0.6601,2.8396
20.2906,0.6351,2.7336
20.2908,0.6257,2.6928
20.2910,0.6247,2.6899
20.2912,0.6959,2.9924
20.2914,0.7346,3.1619
20.2916,0.6884,2.9613
20.2918,0.737,3.1678
20.2920,0.7453,3.2019
20.2922,0.7755,3.3348
20.2924,0.7481,3.2152
20.2926,0.7712,3.3116
20.2928,0.8065,3.4694
20.2930,0.7539,3.245
20.2932,0.7858,3.3728
20.2934,0.8571,3.6802
20.2936,0.8127,3.4914
20.2938,0.8069,3.4634
20.2940,0.8581,3.6866
20.2942,0.7848,3.3776
20.2944,0.7177,3.092
20.2946,0.6098,2.6308
20.2948,0.5766,2.484
20.2950,0.544,2.3468
20.2952,0.4821,2.0818
20.2954,0.4819,2.0789
20.2956,0.4821,2.078
20.2958,0.5225,2.2532
20.2960,0.4918,2.1257
20.2962,0.4072,1.7599
20.2964,0.4004,1.7287
20.2966,0.3998,1.7277
20.2968,0.39,1.685
20.2970,0.3852,1.6643
20.2972,0.3869,1.6707
20.2974,0.3921,1.693
20.2976,0.3887,1.6785
20.2978,0.3903,1.6868
20.2980,0.391,1.6899
20.2982,0.3916,1.6909
20.2984,0.4,1.7272
20.2986,0.406,1.7523
20.2988,0.4627,1.9933
20.2990,0.5751,2.4762
20.2992,0.589,2.5372
20.2994,0.5169,2.2258
20.2996,0.6134,2.6402
20.2998,0.6221,2.6786
20.3000,0.6436,2.7702
20.3002,0.6701,2.8776
20.3004,0.7458,3.2039
20.3006,0.7573,3.2534
20.3008,0.7983,3.4248
20.3010,0.877,3.7622
20.3012,0.8905,3.8221
20.3014,0.8873,3.8082
20.3016,0.8735,3.7455
20.3018,0.8934,3.8291
20.3020,0.9788,4.1911
20.3022,0.9864,4.222
20.3024,0.976,4.1812
20.3026,1.0121,4.3399
20.3028,0.978,4.186
20.3030,1.0242,4.3857
20.3032,1.0469,4.4764
20.3034,1.0867,4.6488
20.3036,1.1187,4.7791
20.3038,1.1306,4.8433
20.3040,0.9718,4.1691
20.3042,0.9019,3.8728
20.3044,0.886,3.8025
20.3046,0.8881,3.8047
20.3048,0.9236,3.9641
20.3050,0.8492,3.6446
20.3052,0.8008,3.442
20.3054,0.7394,3.1825
20.3056,0.7514,3.2281
20.3058,0.7902,3.3961
20.3060,0.7267,3.1293
20.3062,0.7127,3.0632
20.3064,0.7986,3.4274
20.3066,0.8774,3.766
20.3068,0.9294,3.987
20.3070,0.947,4.0683
20.3072,0.8604,3.6964
20.3074,0.8241,3.5436
20.3076,0.7855,3.3776
20.3078,0.798,3.4264
20.3080,0.8279,3.5551
20.3082,0.8343,3.5857
20.3084,0.7697,3.3111
20.3086,0.7838,3.3657
20.3088,0.8453,3.6298
20.3090,0.8581,3.6866
20.3092,0.8502,3.6509
20.3094,0.8505,3.6519
20.3096,0.8712,3.741
20.3098,0.8535,3.6631
20.3100,0.8862,3.8071
20.3102,0.8108,3.4847
20.3104,0.8044,3.4574
20.3106,0.8863,3.8059
20.3108,0.8707,3.7442
20.3110,0.7915,3.4018
20.3112,0.8355,3.5892
20.3114,0.8579,3.6873
20.3116,0.8039,3.4602
20.3118,0.6983,3.0069
20.3120,0.727,3.1289
20.3122,0.7758,3.3327
20.3124,0.8701,3.7364
20.3126,0.8352,3.5915
20.3128,0.7874,3.3905
20.3130,0.7123,3.0659
20.3132,0.6731,2.9025
20.3134,0.5298,2.29
20.3136,0.493,2.1319
20.3138,0.4984,2.1512
20.3140,0.5165,2.2304
20.3142,0.5006,2.1636
20.3144,0.4264,1.8428
20.3146,0.401,1.7329
20.3148,0.4111,1.7753
20.3150,0.4544,1.9631
20.3152,0.4519,1.9532
20.3154,0.4464,1.9275
20.3156,0.4462,1.9265
20.3158,0.4442,1.92
20.3160,0.4444,1.9187
20.3162,0.4583,1.9779
20.3164,0.4536,1.9595
20.3166,0.4484,1.9372
20.3168,0.4487,1.9374
20.3170,0.4486,1.936
20.3172,0.4541,1.9607
20.3174,0.4978,2.1477
20.3176,0.4921,2.1228
20.3178,0.452,1.951
20.3180,0.4529,1.9537
20.3182,0.4537,1.96
20.3184,0.4534,1.9567
20.3186,0.4645,2.0039
20.3188,0.5228,2.2521
20.3190,0.6408,2.7604
20.3192,0.6203,2.6733
20.3194,0.5499,2.37
20.3196,0.5355,2.3112
20.3198,0.4831,2.085
20.3200,0.4501,1.9436
20.3202,0.4534,1.9558
20.3204,0.4977,2.1471
20.3206,0.5374,2.3184
20.3208,0.5403,2.3286
20.3210,0.5423,2.3363
20.3212,0.5626,2.4247
20.3214,0.5691,2.4492
20.3216,0.6379,2.7416
20.3218,0.6593,2.8418
20.3220,0.5125,2.2118
20.3222,0.4719,2.0378
20.3224,0.4663,2.0116
20.3226,0.4652,2.007
20.3228,0.462,1.9949
20.3230,0.454,1.9565
20.3232,0.5646,2.429
20.3234,0.6476,2.7834
20.3236,0.6802,2.9263
20.3238,0.5983,2.5775
20.3240,0.559,2.4103
20.3242,0.5736,2.4723
20.3244,0.5637,2.4294
20.3246,0.5446,2.3472
20.3248,0.5447,2.3466
20.3250,0.585,2.519
20.3252,0.6373,2.7416
20.3254,0.6741,2.8973
20.3256,0.6978,2.9993
20.3258,0.7415,3.1913
20.3260,0.6633,2.8575
20.3262,0.6265,2.6964
20.3264,0.6339,2.7246
20.3266,0.6717,2.8896
20.3268,0.6782,2.9175
20.3270,0.6634,2.854
20.3272,0.6839,2.9395
20.3274,0.7216,3.1028
20.3276,0.7085,3.0452
20.3278,0.765,3.2894
20.3280,0.7645,3.2873
20.3282,0.6926,2.9794
20.3284,0.6537,2.8136
20.3286,0.665,2.8607
20.3288,0.6055,2.6073
20.3290,0.6604,2.8398
20.3292,0.72,3.1004
20.3294,0.5866,2.5281
20.3296,0.5846,2.5163
20.3298,0.629,2.7085
20.3300,0.6071,2.614
20.3302,0.6054,2.608
20.3304,0.5242,2.2646
20.3306,0.4152,1.7954
20.3308,0.3886,1.6795
20.3310,0.3882,1.6764
20.3312,0.4029,1.7396
20.3314,0.4014,1.7342
20.3316,0.4117,1.7754
20.3318,0.4174,1.8006
20.3320,0.442,1.9057
20.3322,0.4965,2.138
20.3324,0.5758,2.4781
20.3326,0.6432,2.7669
20.3328,0.6228,2.6792
20.3330,0.6295,2.7081
20.3332,0.6537,2.8109
20.3334,0.6794,2.9186
20.3336,0.7192,3.091
20.3338,0.7638,3.2751
20.3340,0.8468,3.636
20.3342,0.7735,3.3183
20.3344,0.8216,3.5262
20.3346,0.876,3.7528
20.3348,0.918,3.9344
20.3350,0.9043,3.8759
20.3352,0.9495,4.0639
20.3354,1.0032,4.2978
20.3356,0.9626,4.1275
20.3358,0.9081,3.8923
20.3360,0.9665,4.1445
20.3362,0.9469,4.0545
20.3364,0.948,4.0629
20.3366,0.9067,3.8934
20.3368,0.8303,3.5638
20.3370,0.8084,3.4696
20.3372,0.8067,3.4656
20.3374,0.8067,3.4672
20.3376,0.8237,3.5355
20.3378,0.8296,3.5623
20.3380,0.8189,3.5165
20.3382,0.8192,3.5159
20.3384,0.8212,3.5263
20.3386,0.8099,3.4795
20.3388,0.784,3.3667
20.3390,0.8489,3.6452
20.3392,0.8822,3.7884
20.3394,0.8585,3.6898
20.3396,0.7915,3.3986
20.3398,0.8816,3.7805
20.3400,0.9101,3.9078
20.3402,0.8369,3.5971
20.3404,0.8331,3.5773
20.3406,0.8729,3.7464
20.3408,0.9018,3.8669
20.3410,0.8435,3.6271
20.3412,0.8019,3.4482
20.3414,0.7611,3.2699
20.3416,0.7797,3.3466
20.3418,0.841,3.6112
20.3420,0.8535,3.6716
20.3422,0.8139,3.4933
20.3424,0.8589,3.6862
20.3426,0.8471,3.6392
20.3428,0.876,3.7616
20.3430,0.8355,3.5926
20.3432,0.7784,3.3487
20.3434,0.7278,3.1354
20.3436,0.6782,2.9216
20.3438,0.6659,2.8662
20.3440,0.7015,3.0209
20.3442,0.6978,3.0049
20.3444,0.6777,2.9181
20.3446,0.6798,2.9233
20.3448,0.7236,3.113
20.3450,0.7097,3.056
20.3452,0.6658,2.867
20.3454,0.6869,2.9593
20.3456,0.7049,3.0311
20.3458,0.7637,3.2807
20.3460,0.7219,3.1115
20.3462,0.6114,2.6363
20.3464,0.6242,2.6891
20.3466,0.6682,2.8787
20.3468,0.618,2.666
20.3470,0.6041,2.6011
20.3472,0.6661,2.8681
20.3474,0.6779,2.9137
20.3476,0.712,3.0644
20.3478,0.7008,3.015
20.3480,0.7318,3.1466
20.3482,0.7457,3.2124
20.3484,0.679,2.9238
20.3486,0.7361,3.1637
20.3488,0.7619,3.2714
20.3490,0.8655,3.7163
20.3492,0.87,3.7393
20.3494,0.865,3.7142
20.3496,0.8477,3.6452
20.3498,0.7454,3.2069
20.3500,0.7472,3.2161
20.3502,0.6868,2.9629
20.3504,0.5686,2.4517
20.3506,0.5501,2.3721
20.3508,0.5472,2.3608
20.3510,0.5556,2.3959
20.3512,0.5644,2.4347
20.3514,0.5462,2.3561
20.3516,0.5344,2.3044
20.3518,0.54,2.3297
20.3520,0.5499,2.3722
20.3522,0.5507,2.3714
20.3524,0.6806,2.9305
20.3526,0.5857,2.5268
20.3528,0.5402,2.3281
20.3530,0.5379,2.3204
20.3532,0.5722,2.4649
20.3534,0.5908,2.5474
20.3536,0.5253,2.2651
20.3538,0.5197,2.2418
20.3540,0.521,2.2485
20.3542,0.5253,2.2661
20.3544,0.5225,2.2511
20.3546,0.5261,2.2687
20.3548,0.5247,2.2614
20.3550,0.5255,2.2682
20.3552,0.523,2.2563
20.3554,0.5362,2.31
20.3556,0.6438,2.7669
20.3558,0.6873,2.9581
20.3560,0.6819,2.9321
20.3562,0.7489,3.2218
20.3564,0.7451,3.2038
20.3566,0.7481,3.2167
20.3568,0.7422,3.1929
20.3570,0.7349,3.16
20.3572,0.7276,3.1329
20.3574,0.6501,2.7994
20.3576,0.6206,2.6724
20.3578,0.6258,2.6921
20.3580,0.7143,3.0727
20.3582,0.7194,3.0921
20.3584,0.7326,3.1531
20.3586,0.6725,2.8973
20.3588,0.656,2.8234
20.3590,0.6336,2.7243
20.3592,0.7219,3.1029
20.3594,0.7634,3.2797
20.3596,0.743,3.1936
20.3598,0.7693,3.3064
20.3600,0.8451,3.6304
20.3602,0.8084,3.4761
20.3604,0.7444,3.2007
20.3606,0.7,3.0156
20.3608,0.624,2.6881
20.3610,0.6324,2.7217
20.3612,0.6614,2.8453
20.3614,0.6241,2.6898
20.3616,0.5512,2.3811
20.3618,0.49,2.116
20.3620,0.4946,2.1327
20.3622,0.5625,2.4186
20.3624,0.6048,2.6103
20.3626,0.4523,1.9529
20.3628,0.4162,1.7987
20.3630,0.4182,1.8075
20.3632,0.3995,1.7259
20.3634,0.3965,1.7114
20.3636,0.4468,1.9291
20.3638,0.433,1.8704
20.3640,0.383,1.6537
20.3642,0.3818,1.6485
20.3644,0.3724,1.6088
20.3646,0.3717,1.6057
20.3648,0.3775,1.6306
20.3650,0.4032,1.7395
20.3652,0.4344,1.8758
20.3654,0.4836,2.0851
20.3656,0.5712,2.4585
20.3658,0.6367,2.7416
20.3660,0.6186,2.6599
20.3662,0.6958,2.9877
20.3664,0.7201,3.0923
20.3666,0.7717,3.3136
20.3668,0.8067,3.464
20.3670,0.8554,3.6696
20.3672,0.8897,3.8132
20.3674,0.9255,3.9631
20.3676,0.9975,4.2692
20.3678,1.0188,4.3605
20.3680,0.9991,4.2804
20.3682,0.9964,4.2745
20.3684,0.9333,4.004
20.3686,0.9159,3.922
20.3688,0.9694,4.153
20.3690,0.9589,4.1039
20.3692,0.9928,4.2492
20.3694,1.0568,4.5211
20.3696,1.084,4.6354
20.3698,1.1164,4.7783
20.3700,1.1288,4.8311
20.3702,1.0976,4.6977
20.3704,1.0296,4.4108
20.3706,0.9637,4.1341
20.3708,0.9283,3.9823
20.3710,0.9125,3.9181
20.3712,0.8904,3.8216
20.3714,0.8856,3.801
20.3716,0.9375,4.022
20.3718,0.9695,4.1593
20.3720,0.92,3.9469
20.3722,0.8909,3.8254
20.3724,0.8764,3.7614
20.3726,0.9229,3.961
20.3728,0.9518,4.0908
20.3730,0.8623,3.7046
20.3732,0.8688,3.7307
20.3734,0.8692,3.7357
20.3736,0.8393,3.6091
20.3738,0.8007,3.4447
20.3740,0.7416,3.1918
20.3742,0.6719,2.8947
20.3744,0.6539,2.8159
20.3746,0.7054,3.0374
20.3748,0.6945,2.989
20.3750,0.7394,3.1796
20.3752,0.8207,3.5308
20.3754,0.7313,3.146
20.3756,0.7144,3.0733
20.3758,0.7235,3.1168
20.3760,0.7104,3.0605
20.3762,0.726,3.1262
20.3764,0.6822,2.9378
20.3766,0.6933,2.9839
20.3768,0.7448,3.2058
20.3770,0.6928,2.986
20.3772,0.6139,2.6471
20.3774,0.5993,2.5853
20.3776,0.6326,2.7253
20.3778,0.6719,2.892
20.3780,0.6758,2.9139
20.3782,0.5932,2.5589
20.3784,0.6037,2.6032
20.3786,0.6158,2.653
20.3788,0.6689,2.8751
20.3790,0.7391,3.1884
20.3792,0.5685,2.4512
20.3794,0.5733,2.473
20.3796,0.5306,2.291
20.3798,0.5091,2.1983
20.3800,0.4504,1.9464
20.3802,0.4722,2.0398
20.3804,0.4668,2.0137
20.3806,0.546,2.3523
20.3808,0.5655,2.4383
20.3810,0.5529,2.3851
20.3812,0.5553,2.3965
20.3814,0.5418,2.3364
20.3816,0.5457,2.3519
20.3818,0.5557,2.3964
20.3820,0.5528,2.3824
20.3822,0.5822,2.5083
20.3824,0.5649,2.4391
20.3826,0.4807,2.0766
20.3828,0.458,1.9768
20.3830,0.4639,2.0031
20.3832,0.4611,1.9921
20.3834,0.4616,1.9915
20.3836,0.5001,2.1575
20.3838,0.4953,2.1388
20.3840,0.4706,2.0293
20.3842,0.4639,2.0022
20.3844,0.4354,1.8817
20.3846,0.4472,1.9312
20.3848,0.4575,1.9739
20.3850,0.4675,2.0187
20.3852,0.447,1.9292
20.3854,0.4812,2.0748
20.3856,0.5051,2.1802
20.3858,0.4429,1.9125
20.3860,0.4607,1.9873
20.3862,0.5017,2.1612
20.3864,0.5356,2.3106
20.3866,0.5459,2.354
20.3868,0.5593,2.4085
20.3870,0.5761,2.4808
20.3872,0.5739,2.4733
20.3874,0.5752,2.4778
20.3876,0.591,2.5448
20.3878,0.615,2.6481
20.3880,0.5878,2.5356
20.3882,0.5302,2.2852
20.3884,0.5312,2.2893
20.3886,0.5386,2.3203
20.3888,0.5557,2.3953
20.3890,0.5557,2.3942
20.3892,0.5785,2.4888
20.3894,0.6367,2.7403
20.3896,0.6506,2.7975
20.3898,0.7139,3.0741
20.3900,0.6842,2.9433
20.3902,0.6807,2.9256
20.3904,0.6864,2.9558
20.3906,0.5972,2.5705
20.3908,0.6794,2.9267
20.3910,0.5691,2.4492
20.3912,0.582,2.505
20.3914,0.5986,2.5786
20.3916,0.5812,2.5025
20.3918,0.6463,2.7829
20.3920,0.6653,2.861
20.3922,0.7043,3.0257
20.3924,0.7563,3.2508
20.3926,0.6894,2.966
20.3928,0.6218,2.6813
20.3930,0.586,2.5232
20.3932,0.6392,2.7486
20.3934,0.6545,2.8172
20.3936,0.6086,2.622
20.3938,0.5812,2.5048
20.3940,0.5737,2.4716
20.3942,0.5643,2.4297
20.3944,0.5625,2.4242
20.3946,0.5382,2.3231
20.3948,0.4729,2.0391
20.3950,0.4652,2.0079
20.3952,0.4707,2.0308
20.3954,0.4675,2.0168
20.3956,0.4388,1.8923
20.3958,0.5412,2.3306
20.3960,0.5662,2.4448
20.3962,0.4173,1.8034
20.3964,0.3882,1.678
20.3966,0.3851,1.663
20.3968,0.3872,1.671
20.3970,0.3886,1.6788
20.3972,0.3852,1.6643
20.3974,0.3867,1.6713
20.3976,0.3856,1.6643
20.3978,0.3864,1.6679
20.3980,0.3954,1.7051
20.3982,0.3952,1.7065
20.3984,0.408,1.7619
20.3986,0.4432,1.9109
20.3988,0.502,2.1618
20.3990,0.5613,2.4146
20.3992,0.6071,2.6128
20.3994,0.5903,2.5394
20.3996,0.7144,3.0704
20.3998,0.6896,2.9651
20.4000,0.7097,3.0475
20.4002,0.7891,3.3836
20.4004,0.8579,3.6804
20.4006,0.8773,3.7655
20.4008,0.8355,3.5809
20.4010,0.8858,3.7914
20.4012,0.979,4.1921
20.4014,0.9796,4.1986
20.4016,0.9645,4.128
20.4018,0.9792,4.1912
20.4020,0.979,4.1941
20.4022,0.9674,4.1404
20.4024,1.0238,4.3862
20.4026,1.0115,4.3231
20.4028,1.0963,4.6877
20.4030,1.0902,4.6659
20.4032,1.0372,4.4411
20.4034,1.0261,4.3959
20.4036,1.0031,4.3053
20.4038,0.8693,3.7327
20.4040,0.8038,3.4516
20.4042,0.801,3.4377
20.4044,0.8089,3.4765
20.4046,0.824,3.5365
20.4048,0.8736,3.7495
20.4050,0.8364,3.5934
20.4052,0.8258,3.5425
20.4054,0.8888,3.8167
20.4056,0.8318,3.5683
20.4058,0.8689,3.7295
20.4060,0.8748,3.7547
20.4062,0.912,3.9106
20.4064,0.896,3.8458
20.4066,0.8774,3.7678
20.4068,0.8742,3.7469
20.4070,0.9102,3.9083
20.4072,0.8834,3.7847
20.4074,0.9438,4.0449
20.4076,0.9147,3.9279
20.4078,0.8715,3.742
20.4080,0.8742,3.7521
20.4082,0.8529,3.6639
20.4084,0.8483,3.641
20.4086,0.8476,3.6413
20.4088,0.8556,3.6741
20.4090,0.8511,3.646
20.4092,0.9555,4.0991
20.4094,0.9737,4.1812
20.4096,0.8748,3.7547
20.4098,0.8565,3.6742
20.4100,0.9103,3.9088
20.4102,0.929,3.991
20.4104,0.8259,3.5513
20.4106,0.8189,3.5198
20.4108,0.8398,3.6095
20.4110,0.7821,3.3647
20.4112,0.737,3.1737
20.4114,0.6911,2.9718
20.4116,0.77,3.3111
20.4118,0.7547,3.2466
20.4120,0.7223,3.103
20.4122,0.8216,3.5377
20.4124,0.695,2.9925
20.4126,0.6199,2.673
20.4128,0.5833,2.5153
20.4130,0.5957,2.5662
20.4132,0.6434,2.7718
20.4134,0.5874,2.5352
20.4136,0.5073,2.1895
20.4138,0.4974,2.1456
20.4140,0.55,2.3749
20.4142,0.5481,2.3633
20.4144,0.5387,2.324
20.4146,0.5292,2.2853
20.4148,0.5312,2.2904
20.4150,0.5302,2.2863
20.4152,0.5324,2.2966
20.4154,0.5832,2.5101
20.4156,0.6922,2.982
20.4158,0.6326,2.7291
20.4160,0.5626,2.4292
20.4162,0.5292,2.2842
20.4164,0.5259,2.2677
20.4166,0.529,2.28
20.4168,0.5718,2.4657
20.4170,0.537,2.3168
20.4172,0.5284,2.2796
20.4174,0.5304,2.2873
20.4176,0.5285,2.2801
20.4178,0.532,2.2951
20.4180,0.5304,2.2884
20.4182,0.5285,2.279
20.4184,0.5258,2.2682
20.4186,0.5264,2.2676
20.4188,0.626,2.6881
20.4190,0.7296,3.1388
20.4192,0.6698,2.8921
20.4194,0.5705,2.4554
20.4196,0.6125,2.6373
20.4198,0.589,2.5396
20.4200,0.5338,2.3028
20.4202,0.5316,2.2903
20.4204,0.531,2.2888
20.4206,0.5422,2.3369
20.4208,0.6045,2.6032
20.4210,0.6386,2.7485
20.4212,0.6386,2.7498
20.4214,0.6297,2.7141
20.4216,0.5422,2.3391
20.4218,0.5231,2.2568
20.4220,0.5607,2.4153
20.4222,0.5349,2.3075
20.4224,0.5283,2.279
20.4226,0.5536,2.3838
20.4228,0.6171,2.6574
20.4230,0.6699,2.8819
20.4232,0.724,3.1102
20.4234,0.7662,3.29
20.4236,0.7674,3.292
20.4238,0.8123,3.4866
20.4240,0.8114,3.4906
20.4242,0.6809,2.928
20.4244,0.6958,2.9891
20.4246,0.7549,3.2491
20.4248,0.7032,3.0211
20.4250,0.7346,3.1575
20.4252,0.7415,3.1898
20.4254,0.6863,2.9526
20.4256,0.6928,2.9804
20.4258,0.726,3.1233
20.4260,0.7368,3.1697
20.4262,0.7513,3.2306
20.4264,0.7398,3.1811
20.4266,0.7471,3.2126
20.4268,0.7603,3.2708
20.4270,0.6862,2.9507
20.4272,0.7151,3.0721
20.4274,0.7496,3.2264
20.4276,0.6897,2.9698
20.4278,0.6846,2.944
20.4280,0.6808,2.9275
20.4282,0.7187,3.0961
20.4284,0.6529,2.81
20.4286,0.6051,2.6058
20.4288,0.5884,2.5358
20.4290,0.6002,2.5858
20.4292,0.6397,2.7519
20.4294,0.6337,2.7337
20.4296,0.4785,2.0663
20.4298,0.493,2.125
20.4300,0.5181,2.232
20.4302,0.5439,2.3419
20.4304,0.5712,2.4597
20.4306,0.6278,2.7021
20.4308,0.6372,2.7436
20.4310,0.6254,2.6955
20.4312,0.4996,2.1574
20.4314,0.4386,1.8921
20.4316,0.4562,1.9691
20.4318,0.4281,1.8458
20.4320,0.4711,2.0314
20.4322,0.5119,2.2061
20.4324,0.5304,2.2884
20.4326,0.4951,2.1348
20.4328,0.5394,2.3207
20.4330,0.6674,2.8724
20.4332,0.7086,3.0414
20.4334,0.8319,3.5688
20.4336,0.8463,3.6322
20.4338,0.8486,3.6352
20.4340,0.9091,3.8982
20.4342,0.8809,3.7845
20.4344,0.8279,3.5518
20.4346,0.9316,3.9893
20.4348,0.9848,4.2227
20.4350,0.9375,4.0182
20.4352,0.9858,4.2194
20.4354,0.9756,4.1875
20.4356,0.9718,4.1671
20.4358,1.0219,4.3739
20.4360,1.0446,4.475
20.4362,1.0146,4.3486
20.4364,1.0218,4.3774
20.4366,1.0482,4.4862
20.4368,1.0412,4.4648
20.4370,0.9426,4.0492
20.4372,0.825,3.5477
20.4374,0.7476,3.2176
20.4376,0.7047,3.0329
20.4378,0.7386,3.1745
20.4380,0.7452,3.2058
20.4382,0.7445,3.2027
20.4384,0.7777,3.3425
20.4386,0.8099,3.4795
20.4388,0.8235,3.5427
20.4390,0.7771,3.3415
20.4392,0.8192,3.5143
20.4394,0.9392,4.031
20.4396,0.9079,3.8949
20.4398,0.853,3.661
20.4400,0.8488,3.6464
20.4402,0.8068,3.4693
20.4404,0.808,3.4745
20.4406,0.787,3.378
20.4408,0.862,3.7013
20.4410,0.8908,3.8231
20.4412,0.8767,3.7699
20.4414,0.7731,3.3214
20.4416,0.8505,3.6502
20.4418,0.8271,3.5565
20.4420,0.7813,3.3627
20.4422,0.8164,3.5155
20.4424,0.7315,3.1529
20.4426,0.6181,2.6652
20.4428,0.5902,2.5448
20.4430,0.6176,2.6545
20.4432,0.7022,3.0221
20.4434,0.6963,2.9954
20.4436,0.7063,3.0429
20.4438,0.692,2.9796
20.4440,0.7251,3.1221
20.4442,0.7602,3.2703
20.4444,0.6658,2.8697
20.4446,0.5929,2.5555
20.4448,0.652,2.8063
20.4450,0.6788,2.9241
20.4452,0.6246,2.6944
20.4454,0.6535,2.8112
20.4456,0.7159,3.0843
20.4458,0.6006,2.591
20.4460,0.5155,2.2247
20.4462,0.5652,2.4372
20.4464,0.576,2.4826
20.4466,0.5827,2.5104
20.4468,0.6085,2.6263
20.4470,0.542,2.3402
20.4472,0.5518,2.3815
20.4474,0.5306,2.2857
20.4476,0.6222,2.6791
20.4478,0.6388,2.7547
20.4480,0.5655,2.4383
20.4482,0.5492,2.368
20.4484,0.5452,2.3531
20.4486,0.5532,2.3844
20.4488,0.6116,2.6324
20.4490,0.6917,2.9785
20.4492,0.6694,2.8852
20.4494,0.577,2.4856
20.4496,0.5695,2.457
20.4498,0.5893,2.5412
20.4500,0.6322,2.7199
20.4502,0.6587,2.8418
20.4504,0.5037,2.172
20.4506,0.4695,2.0275
20.4508,0.4834,2.0866
20.4510,0.4954,2.1393
20.4512,0.4628,1.9957
20.4514,0.4555,1.9651
20.4516,0.4645,2.0039
20.4518,0.5453,2.3547
20.4520,0.5029,2.1714
20.4522,0.4679,2.0212
20.4524,0.4442,1.9164
20.4526,0.4463,1.927
20.4528,0.4495,1.9401
20.4530,0.4459,1.9237
20.4532,0.4506,1.9448
20.4534,0.4601,1.9866
20.4536,0.4633,1.9978
20.4538,0.4577,1.9744
20.4540,0.4572,1.9741
20.4542,0.4543,1.9608
20.4544,0.4554,1.9646
20.4546,0.4572,1.9732
20.4548,0.4584,1.9793
20.4550,0.4493,1.9391
20.4552,0.4414,1.9058
20.4554,0.4408,1.9041
20.4556,0.4522,1.9497
20.4558,0.5111,2.202
20.4560,0.5405,2.3286
20.4562,0.565,2.4328
20.4564,0.5977,2.5714
20.4566,0.6508,2.7986
20.4568,0.6753,2.9038
20.4570,0.6664,2.8669
20.4572,0.6535,2.8125
20.4574,0.6356,2.7395
20.4576,0.5644,2.4336
20.4578,0.5553,2.3899
20.4580,0.5854,2.5182
20.4582,0.6181,2.6566
20.4584,0.6884,2.9613
20.4586,0.7221,3.1077
20.4588,0.6617,2.8481
20.4590,0.659,2.835
20.4592,0.6609,2.8472
20.4594,0.6434,2.7705
20.4596,0.6531,2.8071
20.4598,0.6957,2.9858
20.4600,0.8,3.4336
20.4602,0.7788,3.3487
20.4604,0.6681,2.8768
20.4606,0.5954,2.5651
20.4608,0.5651,2.4367
20.4610,0.4974,2.1436
20.4612,0.498,2.1462
20.4614,0.5617,2.4189
20.4616,0.6257,2.6916
20.4618,0.655,2.8192
20.4620,0.6098,2.6271
20.4622,0.5668,2.444
20.4624,0.5308,2.2878
20.4626,0.4972,2.1451
20.4628,0.4174,1.8014
20.4630,0.38,1.6422
20.4632,0.3689,1.5938
20.4634,0.3758,1.6218
20.4636,0.3911,1.6889
20.4638,0.4017,1.7352
20.4640,0.3912,1.6894
20.4642,0.3813,1.6464
20.4644,0.38,1.6415
20.4646,0.3942,1.7023
20.4648,0.4056,1.7499
20.4650,0.415,1.7902
20.4652,0.4364,1.8802
20.4654,0.5028,2.1659
20.4656,0.5177,2.2335
20.4658,0.5231,2.2516
20.4660,0.6279,2.6988
20.4662,0.6651,2.8599
20.4664,0.7242,3.1083
20.4666,0.8279,3.5535
20.4668,0.8099,3.473
20.4670,0.7964,3.4181
20.4672,0.8274,3.5498
20.4674,0.8764,3.7544
20.4676,0.9168,3.933
20.4678,0.874,3.7493
20.4680,0.8992,3.8502
20.4682,0.9009,3.8597
20.4684,0.9342,3.9982
20.4686,0.9746,4.1731
20.4688,1.0122,4.3343
20.4690,1.0489,4.4851
20.4692,1.0499,4.4976
20.4694,1.0126,4.3359
20.4696,1.0177,4.36
20.4698,0.9487,4.066
20.4700,0.9734,4.1641
20.4702,1.024,4.3846
20.4704,1.0197,4.3682
20.4706,1.0159,4.3482
20.4708,1.0682,4.572
20.4710,1.0563,4.5275
20.4712,0.9622,4.1241
20.4714,0.9385,4.0223
20.4716,0.9324,3.9998
20.4718,0.9182,3.9373
20.4720,0.9566,4.1076
20.4722,0.8346,3.5873
20.4724,0.7796,3.3492
20.4726,0.8411,3.6151
20.4728,0.7975,3.4259
20.4730,0.8247,3.5412
20.4732,0.848,3.6445
20.4734,0.8036,3.4538
20.4736,0.8277,3.5475
20.4738,0.9772,4.1824
20.4740,1.0272,4.4026
20.4742,1.0014,4.2901
20.4744,1.0533,4.5104
20.4746,1.0571,4.5285
20.4748,1.0011,4.2906
20.4750,0.9555,4.1029
20.4752,0.8826,3.7952
20.4754,0.8454,3.6269
20.4756,0.9296,3.988
20.4758,0.9731,4.1728
20.4760,0.9904,4.2448
20.4762,0.9779,4.1914
20.4764,0.9779,4.1933
20.4766,0.9743,4.1799
20.4768,0.9495,4.0772
20.4770,0.871,3.7417
20.4772,0.8411,3.6202
20.4774,0.7433,3.1976
20.4776,0.6971,3.0018
20.4778,0.6891,2.9658
20.4780,0.7581,3.2661
20.4782,0.7073,3.0442
20.4784,0.6936,2.9854
20.4786,0.689,2.9667
20.4788,0.6492,2.8004
20.4790,0.5733,2.4719
20.4792,0.5838,2.5162
20.4794,0.576,2.4815
20.4796,0.5966,2.5703
20.4798,0.6291,2.7128
20.4800,0.6397,2.7519
20.4802,0.6686,2.8816
20.4804,0.5346,2.3065
20.4806,0.5442,2.3457
20.4808,0.5697,2.4575
20.4810,0.5405,2.3318
20.4812,0.5638,2.4299
20.4814,0.5992,2.5835
20.4816,0.6138,2.6479
20.4818,0.6445,2.7725
20.4820,0.7085,3.048
20.4822,0.7201,3.1009
20.4824,0.629,2.7135
20.4826,0.5301,2.2847
20.4828,0.5258,2.2682
20.4830,0.5664,2.4458
20.4832,0.5304,2.2873
20.4834,0.5144,2.219
20.4836,0.517,2.2304
20.4838,0.538,2.3209
20.4840,0.532,2.294
20.4842,0.5246,2.263
20.4844,0.5223,2.2542
20.4846,0.53,2.2852
20.4848,0.537,2.3179
20.4850,0.5271,2.2749
20.4852,0.5471,2.357
20.4854,0.5735,2.4729
20.4856,0.5234,2.2568
20.4858,0.5414,2.3311
20.4860,0.6369,2.7413
20.4862,0.6242,2.6879
20.4864,0.6243,2.6896
20.4866,0.6492,2.7966
20.4868,0.6745,2.9028
20.4870,0.6942,2.9824
20.4872,0.7515,3.2287
20.4874,0.8066,3.4683
20.4876,0.7019,3.0252
20.4878,0.6149,2.6476
20.4880,0.6103,2.6292
20.4882,0.6338,2.7317
20.4884,0.6398,2.7511
20.4886,0.7529,3.2358
20.4888,0.7581,3.2631
20.4890,0.6928,2.9818
20.4892,0.6936,2.9882
20.4894,0.6435,2.7723
20.4896,0.6501,2.7955
20.4898,0.7071,3.0404
20.4900,0.7406,3.1847
20.4902,0.7441,3.2027
20.4904,0.7541,3.2365
20.4906,0.8099,3.4811
20.4908,0.7489,3.2218
20.4910,0.7338,3.1554
20.4912,0.7707,3.3172
20.4914,0.7352,3.163
20.4916,0.7846,3.3771
20.4918,0.7826,3.3605
20.4920,0.7858,3.3775
20.4922,0.7363,3.1662
20.4924,0.761,3.2739
20.4926,0.6887,2.9643
20.4928,0.6468,2.7836
20.4930,0.6998,3.0131
20.4932,0.6974,2.9986
20.4934,0.7135,3.0725
20.4936,0.6608,2.8453
20.4938,0.6544,2.8167
20.4940,0.6935,2.9807
20.4942,0.7246,3.1229
20.4944,0.6187,2.6691
20.4946,0.5081,2.1952
20.4948,0.4138,1.7884
20.4950,0.406,1.7539
20.4952,0.4638,2.0017
20.4954,0.4433,1.915
20.4956,0.4078,1.7608
20.4958,0.3998,1.7269
20.4960,0.3861,1.6687
20.4962,0.3839,1.6601
20.4964,0.3869,1.6715
20.4966,0.388,1.6762
20.4968,0.3912,1.6902
20.4970,0.3922,1.6951
20.4972,0.3863,1.6682
20.4974,0.4167,1.7975
20.4976,0.4747,2.0497
20.4978,0.4313,1.864
20.4980,0.3989,1.7233
20.4982,0.3941,1.7018
20.4984,0.4134,1.7843
20.4986,0.4628,1.9957
20.4988,0.5273,2.2707
20.4990,0.5771,2.4826
20.4992,0.6345,2.7285
20.4994,0.6224,2.6764
20.4996,0.708,3.0388
20.4998,0.7669,3.2931
20.5000,0.7988,3.4284
20.5002,0.8283,3.555
20.5004,0.8247,3.5396
20.5006,0.9031,3.8689
20.5008,0.9875,4.2305
20.5010,1.0108,4.3282
20.5012,1.0271,4.3939
20.5014,1.0583,4.5272
20.5016,1.1309,4.8358
20.5018,1.1045,4.7319
20.5020,0.9632,4.1301
20.5022,0.9411,4.0299
20.5024,1.0812,4.6166
20.5026,1.15,4.9196
20.5028,1.0991,4.7066
20.5030,1.0456,4.4791
20.5032,0.9987,4.2803
20.5034,1.0464,4.4827
20.5036,1.0354,4.4375
20.5038,0.9476,4.0671
20.5040,0.9,3.861
20.5042,0.9137,3.9159
20.5044,0.9474,4.066
20.5046,0.905,3.8862
20.5048,0.9168,3.9293
20.5050,0.9006,3.8707
20.5052,0.8294,3.563
20.5054,0.8333,3.5816
20.5056,0.8218,3.5256
20.5058,0.8322,3.5753
20.5060,0.7998,3.4405
20.5062,0.7867,3.3843
20.5064,0.7888,3.3889
20.5066,0.8422,3.6147
20.5068,0.8863,3.8041
20.5070,0.9,3.8646
20.5072,0.9397,4.0369
20.5074,0.8605,3.7003
20.5076,0.8496,3.65
20.5078,0.849,3.6457
20.5080,0.8742,3.7521
20.5082,0.8825,3.7894
20.5084,0.8543,3.6667
20.5086,0.8557,3.678
20.5088,0.8578,3.6833
20.5090,0.9139,3.9188
20.5092,0.9953,4.2679
20.5094,0.9831,4.2194
20.5096,0.9535,4.0942
20.5098,0.9318,3.9954
20.5100,0.9524,4.0857
20.5102,0.9103,3.9088
20.5104,0.8759,3.7716
20.5106,0.737,3.1766
20.5108,0.6097,2.629
20.5110,0.6257,2.6966
20.5112,0.673,2.902
20.5114,0.6189,2.6664
20.5116,0.6466,2.7844
20.5118,0.6646,2.8605
20.5120,0.709,3.0586
20.5122,0.541,2.3382
20.5124,0.5012,2.1621
20.5126,0.5645,2.433
20.5128,0.5952,2.5701
20.5130,0.506,2.1849
20.5132,0.4843,2.0902
20.5134,0.4777,2.0636
20.5136,0.4974,2.1476
20.5138,0.5,2.157
20.5140,0.5544,2.394
20.5142,0.4658,2.0142
20.5144,0.4187,1.8096
20.5146,0.4195,1.8124
20.5148,0.4209,1.8189
20.5150,0.4275,1.844
20.5152,0.5327,2.2982
20.5154,0.5615,2.4257
20.5156,0.4836,2.0871
20.5158,0.456,1.9708
20.5160,0.4375,1.891
20.5162,0.4615,1.9919
20.5164,0.5103,2.1994
20.5166,0.4942,2.1351
20.5168,0.4538,1.9596
20.5170,0.4465,1.9263
20.5172,0.45,1.944
20.5174,0.4507,1.948
20.5176,0.4519,1.9514
20.5178,0.4514,1.9493
20.5180,0.4454,1.9225
20.5182,0.4478,1.9329
20.5184,0.4462,1.9274
20.5186,0.4484,1.9363
20.5188,0.4476,1.9327
20.5190,0.447,1.9301
20.5192,0.4481,1.9357
20.5194,0.4486,1.9369
20.5196,0.4512,1.9492
20.5198,0.4512,1.9473
20.5200,0.461,1.9879
20.5202,0.5153,2.2201
20.5204,0.5769,2.4839
20.5206,0.6127,2.6371
20.5208,0.5957,2.5662
20.5210,0.547,2.3597
20.5212,0.4736,2.0441
20.5214,0.4653,2.0075
20.5216,0.4664,2.0093
20.5218,0.5241,2.2588
20.5220,0.5483,2.3621
20.5222,0.6192,2.6649
20.5224,0.595,2.5619
20.5226,0.5929,2.5531
20.5228,0.6945,2.9849
20.5230,0.7776,3.3404
20.5232,0.7797,3.3497
20.5234,0.8459,3.6256
20.5236,0.8902,3.8152
20.5238,0.9127,3.9173
20.5240,0.7941,3.4115
20.5242,0.7475,3.2141
20.5244,0.7891,3.3867
20.5246,0.8033,3.4544
20.5248,0.6741,2.904
20.5250,0.5692,2.4532
20.5252,0.6071,2.6128
20.5254,0.6162,2.6557
20.5256,0.6252,2.692
20.5258,0.6209,2.6722
20.5260,0.602,2.5935
20.5262,0.6195,2.6677
20.5264,0.6472,2.787
20.5266,0.6604,2.8411
20.5268,0.6681,2.8728
20.5270,0.673,2.8926
20.5272,0.7127,3.0632
20.5274,0.6945,2.989
20.5276,0.6942,2.988
20.5278,0.7268,3.1225
20.5280,0.7328,3.1542
20.5282,0.6693,2.8833
20.5284,0.642,2.7591
20.5286,0.7477,3.2107
20.5288,0.7635,3.2786
20.5290,0.7469,3.213
20.5292,0.7068,3.0422
20.5294,0.6508,2.8038
20.5296,0.6688,2.8799
20.5298,0.6511,2.8022
20.5300,0.6344,2.7343
20.5302,0.546,2.3545
20.5304,0.5414,2.3365
20.5306,0.4357,1.8823
20.5308,0.4126,1.7824
20.5310,0.4312,1.8609
20.5312,0.4194,1.8119
20.5314,0.397,1.715
20.5316,0.4048,1.7479
20.5318,0.4452,1.9197
20.5320,0.4837,2.0857
20.5322,0.5336,2.3007
20.5324,0.5035,2.171
20.5326,0.5457,2.3475
20.5328,0.7222,3.1025
20.5330,0.8151,3.5033
20.5332,0.7952,3.4209
20.5334,0.7438,3.1937
20.5336,0.7815,3.3559
20.5338,0.8197,3.5196
20.5340,0.8344,3.5813
20.5342,0.8915,3.8226
20.5344,0.9332,3.9997
20.5346,0.9318,3.9917
20.5348,0.9664,4.144
20.5350,0.9404,4.0305
20.5352,0.9643,4.127
20.5354,0.9435,4.0477
20.5356,0.928,3.9739
20.5358,1.0394,4.455
20.5360,0.9097,3.9008
20.5362,0.9151,3.9239
20.5364,0.9334,4.0026
20.5366,0.9301,3.9863
20.5368,0.9074,3.8892
20.5370,0.8791,3.775
20.5372,0.845,3.6299
20.5374,0.8312,3.5707
20.5376,0.8326,3.5735
20.5378,0.8628,3.7032
20.5380,0.849,3.6491
20.5382,0.8194,3.5202
20.5384,0.784,3.3651
20.5386,0.8285,3.5577
20.5388,0.8679,3.7266
20.5390,0.8657,3.7208
20.5392,0.7874,3.3842
20.5394,0.7739,3.3291
20.5396,0.7905,3.3992
20.5398,0.7948,3.4146
20.5400,0.7767,3.3368
20.5402,0.7909,3.3944
20.5404,0.8507,3.6529
20.5406,0.8851,3.806
20.5408,0.7996,3.4384
20.5410,0.7933,3.4079
20.5412,0.8325,3.5747
20.5414,0.8095,3.4791
20.5416,0.7884,3.3884
20.5418,0.7567,3.2553
20.5420,0.74,3.1836
20.5422,0.7517,3.2352
20.5424,0.7543,3.2435
20.5426,0.7818,3.3569
20.5428,0.84,3.6038
20.5430,0.8589,3.6914
20.5432,0.7836,3.3693
20.5434,0.7312,3.1455
20.5436,0.7669,3.2992
20.5438,0.762,3.2765
20.5440,0.765,3.2879
20.5442,0.7669,3.2961
20.5444,0.8231,3.5395
20.5446,0.7912,3.4007
20.5448,0.7755,3.3348
20.5450,0.73,3.1418
20.5452,0.7373,3.1718
20.5454,0.7171,3.0894
20.5456,0.6108,2.6337
20.5458,0.6264,2.6934
20.5460,0.6988,3.0048
20.5462,0.6775,2.9185
20.5464,0.6143,2.6462
20.5466,0.6432,2.7694
20.5468,0.6444,2.7772
20.5470,0.665,2.8634
20.5472,0.67,2.8864
20.5474,0.6348,2.7333
20.5476,0.6446,2.7782
20.5478,0.6544,2.818
20.5480,0.6902,2.9663
20.5482,0.6994,3.0102
20.5484,0.6881,2.9562
20.5486,0.8175,3.5185
20.5488,0.7367,3.1736
20.5490,0.6447,2.7761
20.5492,0.6023,2.5982
20.5494,0.5813,2.5054
20.5496,0.5623,2.4237
20.5498,0.5484,2.3638
20.5500,0.5428,2.3438
20.5502,0.5412,2.3371
20.5504,0.5393,2.3245
20.5506,0.561,2.4169
20.5508,0.5616,2.4228
20.5510,0.5322,2.2961
20.5512,0.5267,2.2713
20.5514,0.5248,2.263
20.5516,0.5312,2.2947
20.5518,0.7019,3.0196
20.5520,0.7037,3.0302
20.5522,0.6363,2.7387
20.5524,0.5948,2.5649
20.5526,0.5333,2.2997
20.5528,0.5263,2.2692
20.5530,0.5556,2.3936
20.5532,0.6146,2.6502
20.5534,0.5452,2.3509
20.5536,0.5263,2.2713
20.5538,0.5245,2.2614
20.5540,0.5225,2.2542
20.5542,0.5227,2.2526
20.5544,0.5328,2.2966
20.5546,0.5277,2.2754
20.5548,0.536,2.3068
20.5550,0.6308,2.7137
20.5552,0.7144,3.0704
20.5554,0.7145,3.0738
20.5556,0.696,2.9985
20.5558,0.6481,2.7893
20.5560,0.6417,2.762
20.5562,0.6725,2.8919
20.5564,0.7338,3.1539
20.5566,0.7484,3.2198
20.5568,0.7435,3.1941
20.5570,0.8044,3.4542
20.5572,0.798,3.4248
20.5574,0.8276,3.5552
20.5576,0.7748,3.3363
20.5578,0.6457,2.779
20.5580,0.6754,2.9056
20.5582,0.6876,2.9514
20.5584,0.7885,3.3889
20.5586,0.7987,3.4359
20.5588,0.7399,3.1787
20.5590,0.7134,3.0706
20.5592,0.6751,2.9041
20.5594,0.6653,2.8663
20.5596,0.6813,2.9295
20.5598,0.6644,2.8621
20.5600,0.5856,2.5263
20.5602,0.5797,2.4986
20.5604,0.6016,2.5891
20.5606,0.6183,2.665
20.5608,0.6101,2.6269
20.5610,0.5532,2.3877
20.5612,0.4199,1.8123
20.5614,0.4151,1.7924
20.5616,0.5175,2.2273
20.5618,0.6801,2.9298
20.5620,0.5753,2.483
20.5622,0.5149,2.2191
20.5624,0.5277,2.2733
20.5626,0.53,2.2842
20.5628,0.47,2.0305
20.5630,0.3854,1.664
20.5632,0.4078,1.7592
20.5634,0.4715,2.0386
20.5636,0.4037,1.7448
20.5638,0.3753,1.6213
20.5640,0.3735,1.6135
20.5642,0.3747,1.6187
20.5644,0.3879,1.6733
20.5646,0.4017,1.7344
20.5648,0.3927,1.6956
20.5650,0.4471,1.9271
20.5652,0.5001,2.1545
20.5654,0.5649,2.4346
20.5656,0.5711,2.4557
20.5658,0.7251,3.1148
20.5660,0.749,3.2208
20.5662,0.7198,3.0922
20.5664,0.7914,3.3997
20.5666,0.7685,3.2982
20.5668,0.8012,3.4387
20.5670,0.8502,3.6475
20.5672,0.8585,3.6795
20.5674,0.9349,4.005
20.5676,0.9778,4.187
20.5678,1.0007,4.279
20.5680,1.008,4.3184
20.5682,0.9856,4.2184
20.5684,1.0077,4.3168
20.5686,0.9957,4.2635
20.5688,1.0187,4.3641
20.5690,1.0397,4.4477
20.5692,1.0991,4.7
20.5694,1.0725,4.5861
20.5696,1.0563,4.5211
20.5698,1.0658,4.5596
20.5700,1.1393,4.874
20.5702,1.1301,4.83
20.5704,1.0874,4.6606
20.5706,1.0019,4.2942
20.5708,0.9981,4.2757
20.5710,0.9819,4.2142
20.5712,0.8884,3.8199
20.5714,0.7751,3.3358
20.5716,0.7721,3.3198
20.5718,0.7441,3.2012
20.5720,0.7742,3.3322
20.5722,0.7255,3.1227
20.5724,0.7054,3.0346
20.5726,0.7258,3.1208
20.5728,0.7705,3.31
20.5730,0.7807,3.3554
20.5732,0.8057,3.4631
20.5734,0.8457,3.633
20.5736,0.8765,3.7654
20.5738,0.8402,3.606
20.5740,0.832,3.5809
20.5742,0.7372,3.1713
20.5744,0.7547,3.2436
20.5746,0.7614,3.2755
20.5748,0.7869,3.3869
20.5750,0.7772,3.3404
20.5752,0.7888,3.3889
20.5754,0.7989,3.4321
20.5756,0.7832,3.3662
20.5758,0.7863,3.378
20.5760,0.7928,3.409
20.5762,0.7969,3.4281
20.5764,0.7394,3.184
20.5766,0.7099,3.0556
20.5768,0.7137,3.0702
20.5770,0.6538,2.8167
20.5772,0.6016,2.5939
20.5774,0.6143,2.645
20.5776,0.6713,2.8881
20.5778,0.7061,3.0419
20.5780,0.6114,2.6387
20.5782,0.5571,2.401
20.5784,0.5468,2.362
20.5786,0.4808,2.0761
20.5788,0.4824,2.0819
20.5790,0.4858,2.095
20.5792,0.4959,2.1404
20.5794,0.4976,2.1526
20.5796,0.4209,1.8198
20.5798,0.4038,1.7454
20.5800,0.399,1.7246
20.5802,0.4411,1.9039
20.5804,0.4693,2.0246
20.5806,0.4863,2.097
20.5808,0.5368,2.3136
20.5810,0.552,2.3782
20.5812,0.5457,2.3541
20.5814,0.5464,2.3572
20.5816,0.5466,2.3604
20.5818,0.4772,2.0596
20.5820,0.459,1.9819
20.5822,0.4542,1.9612
20.5824,0.4958,2.1359
20.5826,0.5501,2.3721
20.5828,0.5682,2.4502
20.5830,0.5631,2.4268
20.5832,0.561,2.4169
20.5834,0.5995,2.5839
20.5836,0.5861,2.526
20.5838,0.5551,2.3949
20.5840,0.4724,2.0389
20.5842,0.4415,1.9028
20.5844,0.4842,2.0916
20.5846,0.4472,1.9312
20.5848,0.4767,2.0576
20.5850,0.4679,2.0183
20.5852,0.494,2.1311
20.5854,0.4951,2.1358
20.5856,0.526,2.2671
20.5858,0.5525,2.3791
20.5860,0.5668,2.4394
20.5862,0.6315,2.7168
20.5864,0.6348,2.7358
20.5866,0.5845,2.5193
20.5868,0.5779,2.4886
20.5870,0.5695,2.4513
20.5872,0.6053,2.6063
20.5874,0.6291,2.7078
20.5876,0.6105,2.6314
20.5878,0.5372,2.3163
20.5880,0.5475,2.3585
20.5882,0.6316,2.7186
20.5884,0.7332,3.1557
20.5886,0.67,2.8811
20.5888,0.6635,2.8532
20.5890,0.6599,2.8364
20.5892,0.6325,2.7235
20.5894,0.6224,2.6801
20.5896,0.6664,2.8656
20.5898,0.7236,3.1101
20.5900,0.755,3.2436
20.5902,0.799,3.431
20.5904,0.8102,3.4757
20.5906,0.877,3.7657
20.5908,0.7561,3.2528
20.5910,0.6917,2.973
20.5912,0.6605,2.8456
20.5914,0.6426,2.7656
20.5916,0.6326,2.7227
20.5918,0.5957,2.565
20.5920,0.6408,2.7578
20.5922,0.6542,2.8196
20.5924,0.5837,2.5122
20.5926,0.6054,2.6056
20.5928,0.5932,2.5553
20.5930,0.5844,2.5176
20.5932,0.5832,2.5136
20.5934,0.6162,2.6508
20.5936,0.6632,2.8543
20.5938,0.5464,2.3582
20.5940,0.4398,1.8964
20.5942,0.4924,2.1224
20.5944,0.4693,2.0292
20.5946,0.3958,1.7098
20.5948,0.3915,1.6904
20.5950,0.3885,1.6775
20.5952,0.4065,1.756
20.5954,0.4116,1.7774
20.5956,0.405,1.7489
20.5958,0.4023,1.7378
20.5960,0.3977,1.7158
20.5962,0.4093,1.7667
20.5964,0.452,1.9519
20.5966,0.4191,1.8095
20.5968,0.4001,1.7269
20.5970,0.3963,1.7103
20.5972,0.3905,1.6871
20.5974,0.3903,1.6852
20.5976,0.3878,1.6728
20.5978,0.3966,1.7119
20.5980,0.4169,1.7977
20.5982,0.5171,2.2289
20.5984,0.529,2.2779
20.5986,0.567,2.4404
20.5988,0.597,2.5683
20.5990,0.6536,2.8091
20.5992,0.6854,2.9429
20.5994,0.7504,3.2205
20.5996,0.7336,3.1529
20.5998,0.735,3.1561
20.6000,0.785,3.3724
20.6002,0.8242,3.5326
20.6004,0.925,3.9555
20.6006,1.0218,4.3733
20.6008,0.9887,4.2317
20.6010,0.9796,4.1947
20.6012,0.9783,4.191
20.6014,0.9792,4.1912
20.6016,1.0254,4.3949
20.6018,0.9593,4.1041
20.6020,1.0143,4.341
20.6022,1.0511,4.4986
20.6024,1.0464,4.4765
20.6026,1.0726,4.5909
20.6028,1.0051,4.302
20.6030,0.994,4.2603
20.6032,1.0025,4.3068
20.6034,0.8344,3.5796
20.6036,0.8878,3.8085
20.6038,0.895,3.8411
20.6040,0.8447,3.6238
20.6042,0.8348,3.5828
20.6044,0.8229,3.5286
20.6046,0.9086,3.8962
20.6048,0.9027,3.8764
20.6050,0.8549,3.6693
20.6052,0.8211,3.5258
20.6054,0.8108,3.4783
20.6056,0.8607,3.694
20.6058,0.8748,3.7564
20.6060,0.8843,3.7918
20.6062,0.9223,3.9566
20.6064,0.9091,3.9
20.6066,0.9729,4.1679
20.6068,0.9682,4.1459
20.6070,0.9774,4.1932
20.6072,0.8634,3.7058
20.6074,0.834,3.5814
20.6076,0.8062,3.4684
20.6078,0.7368,3.1712
20.6080,0.7526,3.2303
20.6082,0.8988,3.863
20.6084,0.7857,3.3786
20.6086,0.7398,3.1797
20.6088,0.7627,3.275
20.6090,0.8328,3.5729
20.6092,0.8904,3.8198
20.6094,0.8923,3.828
20.6096,0.9459,4.0542
20.6098,1.0031,4.2953
20.6100,0.9848,4.2266
20.6102,0.8754,3.759
20.6104,0.8158,3.5048
20.6106,0.8583,3.6802
20.6108,0.8643,3.718
20.6110,0.7511,3.2311
20.6112,0.7683,3.3008
20.6114,0.8638,3.7091
20.6116,0.8768,3.7687
20.6118,0.7617,3.2862
20.6120,0.5834,2.5147
20.6122,0.6115,2.6368
20.6124,0.5945,2.5634
20.6126,0.6179,2.6617
20.6128,0.6029,2.5984
20.6130,0.5733,2.473
20.6132,0.5832,2.5113
20.6134,0.6137,2.6449
20.6136,0.5751,2.4773
20.6138,0.5717,2.4652
20.6140,0.5633,2.4312
20.6142,0.5675,2.4471
20.6144,0.5724,2.4683
20.6146,0.5833,2.5118
20.6148,0.6622,2.8529
20.6150,0.648,2.7927
20.6152,0.5288,2.2811
20.6154,0.5187,2.2397
20.6156,0.5164,2.2289
20.6158,0.5465,2.3577
20.6160,0.5428,2.3405
20.6162,0.5381,2.3204
20.6164,0.5388,2.3235
20.6166,0.5396,2.3266
20.6168,0.5345,2.3038
20.6170,0.5402,2.3303
20.6172,0.5309,2.2904
20.6174,0.5235,2.2584
20.6176,0.5189,2.2377
20.6178,0.5628,2.4235
20.6180,0.6119,2.6408
20.6182,0.5382,2.322
20.6184,0.5313,2.2899
20.6186,0.5246,2.2609
20.6188,0.5263,2.2703
20.6190,0.5307,2.2894
20.6192,0.5275,2.2733
20.6194,0.5266,2.2697
20.6196,0.5265,2.2681
20.6198,0.5267,2.2702
20.6200,0.5424,2.3379
20.6202,0.5348,2.3059
20.6204,0.555,2.39
20.6206,0.6492,2.7927
20.6208,0.667,2.8735
20.6210,0.5897,2.5403
20.6212,0.6405,2.7542
20.6214,0.7236,3.1101
20.6216,0.6808,2.9288
20.6218,0.6563,2.8197
20.6220,0.7477,3.2137
20.6222,0.7486,3.2203
20.6224,0.7357,3.1636
20.6226,0.7332,3.1498
20.6228,0.7994,3.4342
20.6230,0.8298,3.565
20.6232,0.848,3.6394
20.6234,0.8075,3.4708
20.6236,0.74,3.1851
20.6238,0.6911,2.9787
20.6240,0.6375,2.7439
20.6242,0.6291,2.7078
20.6244,0.7213,3.0974
20.6246,0.8656,3.7133
20.6248,0.8706,3.7384
20.6250,0.7445,3.2072
20.6252,0.6645,2.8587
20.6254,0.6927,2.9799
20.6256,0.7122,3.0654
20.6258,0.7289,3.1357
20.6260,0.7502,3.2245
20.6262,0.7617,3.274
20.6264,0.756,3.2447
20.6266,0.7464,3.2065
20.6268,0.7587,3.2626
20.6270,0.7539,3.242
20.6272,0.7127,3.0689
20.6274,0.6345,2.7361
20.6276,0.5532,2.3877
20.6278,0.5783,2.4866
20.6280,0.6434,2.7705
20.6282,0.5971,2.576
20.6284,0.5459,2.354
20.6286,0.6086,2.622
20.6288,0.6554,2.8208
20.6290,0.6679,2.8745
20.6292,0.6646,2.8605
20.6294,0.6906,2.9739
20.6296,0.5849,2.5197
20.6298,0.5304,2.2873
20.6300,0.5506,2.3753
20.6302,0.5207,2.2444
20.6304,0.5287,2.2838
20.6306,0.4424,1.9113
20.6308,0.4293,1.8535
20.6310,0.427,1.8411
20.6312,0.5108,2.2025
20.6314,0.5264,2.2708
20.6316,0.546,2.349
20.6318,0.6717,2.8869
20.6320,0.7137,3.0702
20.6322,0.7158,3.0809
20.6324,0.7176,3.0843
20.6326,0.7221,3.1034
20.6328,0.72,3.0917
20.6330,0.7767,3.3368
20.6332,0.8296,3.559
20.6334,0.9121,3.9038
20.6336,0.9902,4.2438
20.6338,0.9898,4.2423
20.6340,0.9713,4.1612
20.6342,0.9816,4.2034
20.6344,0.9784,4.1915
20.6346,0.9732,4.1713
20.6348,0.9838,4.2107
20.6350,1.0609,4.5364
20.6352,1.099,4.7016
20.6354,1.0978,4.7031
20.6356,1.0464,4.4827
20.6358,1.0512,4.497
20.6360,1.0096,4.3331
20.6362,0.931,3.9942
20.6364,0.887,3.8089
20.6366,0.8554,3.673
20.6368,0.8312,3.5707
20.6370,0.8316,3.5727
20.6372,0.8277,3.5541
20.6374,0.8283,3.56
20.6376,0.8228,3.5363
20.6378,0.8404,3.6103
20.6380,0.8268,3.5538
20.6382,0.7926,3.4048
20.6384,0.8393,3.6024
20.6386,0.9194,3.9461
20.6388,0.8842,3.7984
20.6390,0.7788,3.3487
20.6392,0.7774,3.3461
20.6394,0.7237,3.1164
20.6396,0.7004,3.0171
20.6398,0.7041,3.0303
20.6400,0.717,3.0889
20.6402,0.6361,2.7428
20.6404,0.6637,2.8564
20.6406,0.7339,3.1544
20.6408,0.7746,3.326
20.6410,0.7964,3.4277
20.6412,0.7116,3.0614
20.6414,0.7221,3.1063
20.6416,0.6894,2.9715
20.6418,0.7004,3.0143
20.6420,0.7471,3.2111
20.6422,0.7709,3.3131
20.6424,0.7812,3.359
20.6426,0.8182,3.5134
20.6428,0.818,3.5222
20.6430,0.724,3.116
20.6432,0.6804,2.93
20.6434,0.6874,2.9586
20.6436,0.7392,3.1815
20.6438,0.7327,3.158
20.6440,0.5717,2.4663
20.6442,0.4938,2.1311
20.6444,0.5072,2.188
20.6446,0.6051,2.6082
20.6448,0.6469,2.7854
20.6450,0.6785,2.9231
20.6452,0.6645,2.8653
20.6454,0.586,2.5278
20.6456,0.5451,2.3515
20.6458,0.5543,2.3902
20.6460,0.6004,2.5851
20.6462,0.6181,2.664
20.6464,0.6043,2.6058
20.6466,0.594,2.5613
20.6468,0.6163,2.6538
20.6470,0.6579,2.8369
20.6472,0.5727,2.4704
20.6474,0.5569,2.4004
20.6476,0.5621,2.4238
20.6478,0.5655,2.4371
20.6480,0.5776,2.4916
20.6482,0.5615,2.4223
20.6484,0.5679,2.4475
20.6486,0.5593,2.413
20.6488,0.5716,2.4635
20.6490,0.5619,2.4216
20.6492,0.6216,2.674
20.6494,0.6296,2.7111
20.6496,0.5248,2.2672
20.6498,0.4688,2.0253
20.6500,0.4765,2.0575
20.6502,0.4764,2.0551
20.6504,0.4665,2.0145
20.6506,0.4474,1.9326
20.6508,0.4465,1.9272
20.6510,0.4489,1.9384
20.6512,0.4474,1.9326
20.6514,0.4458,1.9232
20.6516,0.4558,1.9652
20.6518,0.509,2.1947
20.6520,0.5229,2.2579
20.6522,0.4569,1.9713
20.6524,0.4568,1.9698
20.6526,0.5063,2.1844
20.6528,0.4796,2.07
20.6530,0.4508,1.9449
20.6532,0.4494,1.9396
20.6534,0.451,1.9463
20.6536,0.4481,1.9348
20.6538,0.4469,1.9278
20.6540,0.5038,2.1715
20.6542,0.5194,2.2397
20.6544,0.5266,2.2708
20.6546,0.5489,2.3647
20.6548,0.5634,2.4261
20.6550,0.5845,2.5205
20.6552,0.5586,2.4088
20.6554,0.5511,2.374
20.6556,0.5519,2.3787
20.6558,0.5607,2.4153
20.6560,0.612,2.634
20.6562,0.6567,2.8186
20.6564,0.7818,3.3538
20.6566,0.805,3.4584
20.6568,0.7745,3.3301
20.6570,0.7531,3.2399
20.6572,0.6474,2.7888
20.6574,0.5884,2.5358
20.6576,0.6057,2.6084
20.6578,0.6306,2.7127
20.6580,0.6476,2.7885
20.6582,0.6303,2.7104
20.6584,0.6607,2.8435
20.6586,0.6421,2.7609
20.6588,0.6584,2.8337
20.6590,0.6242,2.6891
20.6592,0.5754,2.4789
20.6594,0.5813,2.5054
20.6596,0.5631,2.4257
20.6598,0.5362,2.3121
20.6600,0.4825,2.0834
20.6602,0.4486,1.9369
20.6604,0.5078,2.1896
20.6606,0.4742,2.0458
20.6608,0.4201,1.815
20.6610,0.3952,1.7065
20.6612,0.4452,1.9188
20.6614,0.5117,2.2066
20.6616,0.5115,2.2066
20.6618,0.4886,2.1078
20.6620,0.4671,2.018
20.6622,0.3962,1.7106
20.6624,0.3826,1.6529
20.6626,0.38,1.6407
20.6628,0.4464,1.9249
20.6630,0.4936,2.1266
20.6632,0.4758,2.0515
20.6634,0.4742,2.0439
20.6636,0.5224,2.2537
20.6638,0.5066,2.1854
20.6640,0.488,2.1052
20.6642,0.4444,1.9152
20.6644,0.494,2.1301
20.6646,0.4375,1.8875
20.6648,0.4846,2.0859
20.6650,0.6193,2.6555
20.6652,0.8072,3.4661
20.6654,0.7749,3.3276
20.6656,0.7685,3.2998
20.6658,0.8105,3.4772
20.6660,0.8469,3.6365
20.6662,0.7993,3.4305
20.6664,0.8075,3.4644
20.6666,0.8559,3.6717
20.6668,0.847,3.6302
20.6670,0.8531,3.6564
20.6672,0.9096,3.8966
20.6674,0.9942,4.2613
20.6676,0.9236,3.9623
20.6678,0.9189,3.9386
20.6680,0.9643,4.127
20.6682,0.9687,4.1441
20.6684,0.9719,4.1618
20.6686,0.9384,4.0256
20.6688,0.9477,4.0619
20.6690,0.9964,4.2685
20.6692,0.9722,4.1648
20.6694,0.9101,3.9042
20.6696,0.8785,3.7689
20.6698,0.8885,3.8098
20.6700,0.9206,3.9457
20.6702,0.944,4.0478
20.6704,0.8932,3.8334
20.6706,0.921,3.9473
20.6708,1.0284,4.4098
20.6710,0.9759,4.1768
20.6712,1.0373,4.4375
20.6714,1.0601,4.5349
20.6716,1.0303,4.418
20.6718,0.9981,4.2797
20.6720,0.9695,4.1593
20.6722,0.8921,3.8306
20.6724,0.8934,3.8362
20.6726,0.8458,3.6318
20.6728,0.8085,3.4685
20.6730,0.893,3.8347
20.6732,0.8469,3.6331
20.6734,0.8647,3.7097
20.6736,0.8496,3.6517
20.6738,0.815,3.506
20.6740,0.7586,3.2606
20.6742,0.7502,3.226
20.6744,0.7644,3.2868
20.6746,0.795,3.4135
20.6748,0.8544,3.6706
20.6750,0.8898,3.8226
20.6752,0.8511,3.6545
20.6754,0.8345,3.5884
20.6756,0.7786,3.3466
20.6758,0.8325,3.5764
20.6760,0.7785,3.3461
20.6762,0.7808,3.359
20.6764,0.761,3.2754
20.6766,0.7789,3.3523
20.6768,0.7139,3.0712
20.6770,0.7363,3.1691
20.6772,0.699,3.01
20.6774,0.636,2.741
20.6776,0.5753,2.4761
20.6778,0.6837,2.9426
20.6780,0.729,3.1435
20.6782,0.6108,2.6325
20.6784,0.5578,2.4063
20.6786,0.5554,2.3959
20.6788,0.5681,2.4485
20.6790,0.5556,2.3992
20.6792,0.4803,2.0731
20.6794,0.4779,2.0637
20.6796,0.4751,2.0503
20.6798,0.5095,2.1978
20.6800,0.548,2.365
20.6802,0.5307,2.2883
20.6804,0.5259,2.2677
20.6806,0.526,2.2692
20.6808,0.5291,2.2816
20.6810,0.5644,2.4291
20.6812,0.673,2.8926
20.6814,0.7372,3.1757
20.6816,0.6229,2.6847
20.6818,0.537,2.3168
20.6820,0.5301,2.2868
20.6822,0.5315,2.2919
20.6824,0.558,2.4029
20.6826,0.6054,2.6068
20.6828,0.6221,2.6798
20.6830,0.637,2.7444
20.6832,0.5896,2.541
20.6834,0.5307,2.2905
20.6836,0.5271,2.2728
20.6838,0.5538,2.387
20.6840,0.5303,2.2868
20.6842,0.5342,2.3012
20.6844,0.5797,2.4963
20.6846,0.6179,2.663
20.6848,0.5393,2.3245
20.6850,0.5458,2.3524
20.6852,0.634,2.7277
20.6854,0.7158,3.078
20.6856,0.7229,3.1055
20.6858,0.697,2.9999
20.6860,0.6595,2.8397
20.6862,0.6493,2.7945
20.6864,0.6483,2.7903
20.6866,0.6519,2.8058
20.6868,0.7012,3.0137
20.6870,0.7294,3.1363
20.6872,0.6972,3.0023
20.6874,0.6649,2.8589
20.6876,0.7212,3.1027
20.6878,0.6896,2.9637
20.6880,0.7043,3.0356
20.6882,0.6469,2.7854
20.6884,0.6369,2.7426
20.6886,0.6312,2.7191
20.6888,0.6271,2.7003
20.6890,0.635,2.7331
20.6892,0.6839,2.9395
20.6894,0.742,3.1845
20.6896,0.8079,3.4724
20.6898,0.8089,3.4749
20.6900,0.7956,3.4241
20.6902,0.7201,3.0951
20.6904,0.7398,3.1767
20.6906,0.7739,3.326
20.6908,0.7495,3.2199
20.6910,0.7312,3.1455
20.6912,0.7158,3.0766
20.6914,0.741,3.1878
20.6916,0.7024,3.0217
20.6918,0.7475,3.2156
20.6920,0.739,3.1775
20.6922,0.7336,3.1543
20.6924,0.7204,3.1005
20.6926,0.6555,2.8226
20.6928,0.6954,2.9945
20.6930,0.7014,3.0161
20.6932,0.7416,3.1889
20.6934,0.7277,3.1349
20.6936,0.7002,3.0124
20.6938,0.6915,2.9761
20.6940,0.5918,2.5544
20.6942,0.5092,2.1958
20.6944,0.5254,2.2635
20.6946,0.6115,2.6356
20.6948,0.5577,2.4058
20.6950,0.4779,2.0666
20.6952,0.4043,1.7466
20.6954,0.4167,1.7983
20.6956,0.4873,2.1041
20.6958,0.4476,1.9327
20.6960,0.3971,1.7155
20.6962,0.3936,1.7021
20.6964,0.3974,1.7174
20.6966,0.3947,1.7044
20.6968,0.3992,1.7236
20.6970,0.4098,1.7696
20.6972,0.4272,1.843
20.6974,0.4382,1.8923
20.6976,0.4056,1.7507
20.6978,0.4069,1.7556
20.6980,0.443,1.9095
20.6982,0.5873,2.53
20.6984,0.6228,2.6792
20.6986,0.6146,2.649
20.6988,0.5736,2.4711
20.6990,0.601,2.5865
20.6992,0.6898,2.9606
20.6994,0.7753,3.3291
20.6996,0.7707,3.3142
20.6998,0.7409,3.1784
20.7000,0.8033,3.448
20.7002,0.8319,3.5738
20.7004,0.8231,3.5312
20.7006,0.8691,3.7265
20.7008,0.9515,4.0707
20.7010,0.9721,4.1604
20.7012,0.9791,4.1965
20.7014,0.9828,4.2125
20.7016,0.9376,4.0168
20.7018,0.9722,4.1667
20.7020,0.9729,4.1659
20.7022,0.9656,4.1385
20.7024,0.9712,4.1568
20.7026,0.9891,4.2392
20.7028,0.9801,4.2006
20.7030,0.9983,4.2748
20.7032,0.9872,4.229
20.7034,0.9481,4.071
20.7036,0.8526,3.6612
20.7038,0.8348,3.5828
20.7040,0.8152,3.5038
20.7042,0.8051,3.4573
20.7044,0.8838,3.795
20.7046,0.818,3.5189
20.7048,0.78,3.3523
20.7050,0.8402,3.6076
20.7052,0.871,3.7365
20.7054,0.8887,3.8073
20.7056,0.9415,4.0352
20.7058,0.9602,4.1192
20.7060,0.9715,4.1695
20.7062,0.8713,3.738
20.7064,0.8785,3.7777
20.7066,0.7658,3.2961
20.7068,0.7185,3.0937
20.7070,0.6596,2.8388
20.7072,0.7057,3.0333
20.7074,0.7667,3.2982
20.7076,0.7635,3.2832
20.7078,0.7861,3.3802
20.7080,0.8147,3.5001
20.7082,0.8182,3.5183
20.7084,0.762,3.2735
20.7086,0.7917,3.4012
20.7088,0.7972,3.4265
20.7090,0.8075,3.4676
20.7092,0.8229,3.5384
20.7094,0.8126,3.4941
20.7096,0.8338,3.582
20.7098,0.8512,3.6516
20.7100,0.846,3.6379
20.7102,0.7345,3.1599
20.7104,0.6916,2.9808
20.7106,0.6763,2.9146
20.7108,0.6987,3.0071
20.7110,0.7411,3.1868
20.7112,0.7285,3.1356
20.7114,0.6912,2.9806
20.7116,0.6346,2.7341
20.7118,0.5674,2.4488
20.7120,0.4987,2.1513
20.7122,0.5571,2.4021
20.7124,0.5819,2.5091
20.7126,0.5435,2.3469
20.7128,0.4918,2.1238
20.7130,0.4851,2.0928
20.7132,0.4942,2.1321
20.7134,0.5264,2.2708
20.7136,0.5304,2.2894
20.7138,0.4597,1.9878
20.7140,0.4038,1.7454
20.7142,0.4042,1.7477
20.7144,0.4025,1.7389
20.7146,0.4728,2.0405
20.7148,0.4693,2.0264
20.7150,0.4476,1.9336
20.7152,0.4472,1.9321
20.7154,0.4488,1.9361
20.7156,0.4591,1.9797
20.7158,0.5253,2.2693
20.7160,0.459,1.9819
20.7162,0.4464,1.9266
20.7164,0.4446,1.9198
20.7166,0.4501,1.9427
20.7168,0.4483,1.9358
20.7170,0.4526,1.9527
20.7172,0.4608,1.9869
20.7174,0.4802,2.0707
20.7176,0.5331,2.2997
20.7178,0.5017,2.1652
20.7180,0.4604,1.9881
20.7182,0.4581,1.9783
20.7184,0.4559,1.9684
20.7186,0.4587,1.979
20.7188,0.4514,1.9493
20.7190,0.4433,1.9141
20.7192,0.4436,1.9139
20.7194,0.4396,1.8972
20.7196,0.4537,1.9591
20.7198,0.4592,1.9829
20.7200,0.448,1.9334
20.7202,0.4454,1.9216
20.7204,0.4451,1.921
20.7206,0.4748,2.0474
20.7208,0.5325,2.294
20.7210,0.561,2.4146
20.7212,0.6369,2.74
20.7214,0.6833,2.9424
20.7216,0.6374,2.7434
20.7218,0.5902,2.5424
20.7220,0.5566,2.3956
20.7222,0.5571,2.4021
20.7224,0.5572,2.4004
20.7226,0.6221,2.6723
20.7228,0.7175,3.0824
20.7230,0.7797,3.3466
20.7232,0.7975,3.4259
20.7234,0.8069,3.4682
20.7236,0.8543,3.6598
20.7238,0.9436,4.052
20.7240,0.7686,3.3049
20.7242,0.706,3.0343
20.7244,0.7354,3.1591
20.7246,0.7801,3.3481
20.7248,0.8203,3.5271
20.7250,0.732,3.1506
20.7252,0.6801,2.9271
20.7254,0.6149,2.6451
20.7256,0.6703,2.8834
20.7258,0.6752,2.9046
20.7260,0.6741,2.9026
20.7262,0.6116,2.6336
20.7264,0.6019,2.593
20.7266,0.5951,2.566
20.7268,0.5685,2.4478
20.7270,0.628,2.7006
20.7272,0.6921,2.9759
20.7274,0.6683,2.8752
20.7276,0.6743,2.8983
20.7278,0.7484,3.2183
20.7280,0.6314,2.7239
20.7282,0.5257,2.2656
20.7284,0.6072,2.6121
20.7286,0.6566,2.8246
20.7288,0.6788,2.9201
20.7290,0.6387,2.7478
20.7292,0.664,2.8566
20.7294,0.6428,2.7679
20.7296,0.6187,2.6629
20.7298,0.7044,3.0333
20.7300,0.638,2.746
20.7302,0.5386,2.3246
20.7304,0.405,1.7505
20.7306,0.4036,1.7419
20.7308,0.4204,1.8152
20.7310,0.4075,1.7582
20.7312,0.5074,2.187
20.7314,0.5728,2.4664
20.7316,0.6409,2.7571
20.7318,0.6162,2.6545
20.7320,0.5882,2.5306
20.7322,0.6711,2.8844
20.7324,0.7298,3.1325
20.7326,0.7933,3.4079
20.7328,0.7442,3.1987
20.7330,0.7784,3.3425
20.7332,0.7785,3.3461
20.7334,0.6929,2.9768
20.7336,0.7813,3.3533
20.7338,0.9002,3.8494
20.7340,1.0665,4.5562
20.7342,1.127,4.8166
20.7344,1.0945,4.6865
20.7346,1.0679,4.5619
20.7348,1.1927,5.0975
20.7350,1.1955,5.105
20.7352,1.2416,5.2917
20.7354,1.2596,5.3759
20.7356,1.2309,5.256
20.7358,1.1274,4.8232
20.7360,1.0557,4.5249
20.7362,0.9616,4.1292
20.7364,0.8879,3.809
20.7366,0.8815,3.7817
20.7368,0.8996,3.8612
20.7370,0.9231,3.9602
20.7372,0.9296,3.9861
20.7374,0.9697,4.1579
20.7376,0.9384,4.0274
20.7378,0.9095,3.907
20.7380,0.8699,3.7353
20.7382,0.8542,3.6679
20.7384,0.8439,3.6253
20.7386,0.8533,3.6626
20.7388,0.8514,3.656
20.7390,0.8508,3.6552
20.7392,0.845,3.6316
20.7394,0.8515,3.6583
20.7396,0.9173,3.9277
20.7398,1.0156,4.3568
20.7400,0.9146,3.9219
20.7402,0.9179,3.9413
20.7404,0.8711,3.7387
20.7406,0.8934,3.8362
20.7408,0.921,3.9528
20.7410,0.9363,4.0206
20.7412,0.9151,3.9276
20.7414,0.9488,4.0684
20.7416,0.9735,4.1763
20.7418,0.9354,4.0146
20.7420,0.9586,4.1125
20.7422,0.9318,4.001
20.7424,0.8417,3.6143
20.7426,0.8645,3.7156
20.7428,0.8947,3.8437
20.7430,0.8928,3.8301
20.7432,0.8923,3.8405
20.7434,0.7692,3.3121
20.7436,0.7385,3.1814
20.7438,0.7079,3.0482
20.7440,0.7025,3.0222
20.7442,0.7851,3.3745
20.7444,0.7917,3.4091
20.7446,0.7165,3.0854
20.7448,0.6759,2.9077
20.7450,0.7229,3.1142
20.7452,0.6938,2.9887
20.7454,0.6808,2.9316
20.7456,0.7012,3.0179
20.7458,0.7315,3.1485
20.7460,0.7001,3.0133
20.7462,0.7113,3.0627
20.7464,0.7285,3.1356
20.7466,0.7486,3.2218
20.7468,0.7572,3.2604
20.7470,0.7175,3.0924
20.7472,0.6364,2.7443
20.7474,0.6374,2.7434
20.7476,0.7824,3.3626
20.7478,0.7915,3.4065
20.7480,0.6615,2.8471
20.7482,0.6978,3.0035
20.7484,0.6812,2.9345
20.7486,0.6719,2.8974
20.7488,0.6629,2.8586
20.7490,0.6474,2.7901
20.7492,0.6229,2.6847
20.7494,0.6249,2.6935
20.7496,0.6248,2.6929
20.7498,0.6044,2.6039
20.7500,0.6313,2.7196
20.7502,0.6224,2.6838
20.7504,0.6165,2.6597
20.7506,0.6227,2.6836
20.7508,0.7152,3.0769
20.7510,0.7231,3.1181
20.7512,0.5935,2.5569
20.7514,0.6025,2.5968
20.7516,0.6168,2.6596
20.7518,0.6307,2.7157
20.7520,0.6777,2.9208
20.7522,0.5921,2.5542
20.7524,0.5526,2.3852
20.7526,0.5487,2.367
20.7528,0.5344,2.3044
20.7530,0.5245,2.2635
20.7532,0.5234,2.2589
20.7534,0.527,2.2723
20.7536,0.5569,2.4004
20.7538,0.6173,2.6604
20.7540,0.6514,2.8025
20.7542,0.7015,3.0181
20.7544,0.7157,3.0818
20.7546,0.7013,3.017
20.7548,0.694,2.9897
20.7550,0.6404,2.7601
20.7552,0.6505,2.7996
20.7554,0.7344,3.1594
20.7556,0.7453,3.2063
20.7558,0.7247,3.1176
20.7560,0.7557,3.2467
20.7562,0.7927,3.4053
20.7564,0.8131,3.4945
20.7566,0.695,2.9953
20.7568,0.6147,2.6508
20.7570,0.6123,2.6392
20.7572,0.6137,2.6437
20.7574,0.6628,2.8515
20.7576,0.7008,3.0192
20.7578,0.6241,2.6886
20.7580,0.6119,2.6347
20.7582,0.7022,3.0206
20.7584,0.7609,3.2764
20.7586,0.7008,3.0164
20.7588,0.6607,2.8422
20.7590,0.6778,2.9227
20.7592,0.6033,2.6004
20.7594,0.6237,2.6858
20.7596,0.6145,2.6473
20.7598,0.642,2.7668
20.7600,0.6066,2.6144
20.7602,0.579,2.4967
20.7604,0.578,2.4949
20.7606,0.5929,2.5531
20.7608,0.5989,2.5825
20.7610,0.508,2.1916
20.7612,0.4912,2.1241
20.7614,0.408,1.761
20.7616,0.4641,2.0014
20.7618,0.5273,2.277
20.7620,0.5131,2.2123
20.7622,0.4769,2.06
20.7624,0.402,1.7368
20.7626,0.4008,1.7324
20.7628,0.3914,1.6899
20.7630,0.43,1.854
20.7632,0.4869,2.1006
20.7634,0.4934,2.1285
20.7636,0.5312,2.2915
20.7638,0.5114,2.2061
20.7640,0.493,2.1289
20.7642,0.4971,2.1436
20.7644,0.5842,2.5178
20.7646,0.5856,2.5181
20.7648,0.6971,2.9976
20.7650,0.6831,2.94
20.7652,0.6652,2.8618
20.7654,0.7331,3.1537
20.7656,0.7376,3.1704
20.7658,0.7834,3.3641
20.7660,0.8005,3.4356
20.7662,0.8411,3.6118
20.7664,0.8688,3.729
20.7666,0.8637,3.7051
20.7668,0.8595,3.6854
20.7670,0.9764,4.1828
20.7672,0.9964,4.2685
20.7674,1.0309,4.4144
20.7676,1.0441,4.4625
20.7678,1.1192,4.7878
20.7680,1.1246,4.8176
20.7682,1.0827,4.6319
20.7684,1.1333,4.8461
20.7686,1.1205,4.8024
20.7688,1.0057,4.3146
20.7690,0.9699,4.157
20.7692,0.9884,4.2321
20.7694,0.9815,4.2068
20.7696,0.9221,3.9593
20.7698,0.9084,3.8988
20.7700,0.9121,3.9129
20.7702,0.9036,3.8764
20.7704,0.9074,3.8983
20.7706,0.842,3.6154
20.7708,0.8411,3.6185
20.7710,0.7537,3.247
20.7712,0.6806,2.9319
20.7714,0.6998,3.0145
20.7716,0.7036,3.0268
20.7718,0.7292,3.1372
20.7720,0.7858,3.3775
20.7722,0.8018,3.4461
20.7724,0.7803,3.3538
20.7726,0.784,3.373
20.7728,0.8167,3.5067
20.7730,0.8698,3.7313
20.7732,0.8697,3.736
20.7734,0.8221,3.5332
20.7736,0.798,3.4296
20.7738,0.8303,3.5704
20.7740,0.7911,3.3986
20.7742,0.839,3.6008
20.7744,0.8573,3.6864
20.7746,0.8314,3.5734
20.7748,0.8675,3.7285
20.7750,0.7737,3.3317
20.7752,0.7104,3.0577
20.7754,0.7536,3.2434
20.7756,0.6988,3.0132
20.7758,0.6266,2.7032
20.7760,0.626,2.6981
20.7762,0.6719,2.8974
20.7764,0.6028,2.6015
20.7766,0.5826,2.5122
20.7768,0.5735,2.4741
20.7770,0.5375,2.3167
20.7772,0.5468,2.3598
20.7774,0.5198,2.2434
20.7776,0.5488,2.3664
20.7778,0.5734,2.4735
20.7780,0.5151,2.2222
20.7782,0.5602,2.4178
20.7784,0.5246,2.2651
20.7786,0.4947,2.1352
20.7788,0.4974,2.1456
20.7790,0.501,2.1601
20.7792,0.5163,2.2294
20.7794,0.4544,1.9659
20.7796,0.3846,1.664
20.7798,0.3796,1.6407
20.7800,0.3857,1.6656
20.7802,0.4423,1.9091
20.7804,0.433,1.8696
20.7806,0.45,1.9413
20.7808,0.5007,2.1591
20.7810,0.5348,2.307
20.7812,0.548,2.3639
20.7814,0.579,2.4944
20.7816,0.5689,2.4544
20.7818,0.5536,2.3893
20.7820,0.5358,2.3106
20.7822,0.5368,2.3168
20.7824,0.465,2.0069
20.7826,0.4686,2.0214
20.7828,0.47,2.0295
20.7830,0.449,1.9389
20.7832,0.5119,2.2051
20.7834,0.5601,2.4139
20.7836,0.5579,2.4046
20.7838,0.5766,2.4852
20.7840,0.5421,2.3353
20.7842,0.5735,2.4729
20.7844,0.551,2.3757
20.7846,0.5679,2.4475
20.7848,0.5475,2.3607
20.7850,0.5433,2.3415
20.7852,0.5806,2.4999
20.7854,0.5767,2.4857
20.7856,0.5771,2.4861
20.7858,0.5699,2.4563
20.7860,0.5825,2.507
20.7862,0.6511,2.8009
20.7864,0.6269,2.7042
20.7866,0.5611,2.4163
20.7868,0.6138,2.6429
20.7870,0.6117,2.6317
20.7872,0.6938,2.9845
20.7874,0.6996,3.0112
20.7876,0.6499,2.7996
20.7878,0.6412,2.7637
20.7880,0.5849,2.5209
20.7882,0.5752,2.4778
20.7884,0.6237,2.6821
20.7886,0.7304,3.138
20.7888,0.7453,3.2004
20.7890,0.7729,3.3219
20.7892,0.7627,3.2766
20.7894,0.8068,3.4645
20.7896,0.818,3.514
20.7898,0.8139,3.5014
20.7900,0.695,2.9897
20.7902,0.6203,2.6733
20.7904,0.5247,2.2625
20.7906,0.5042,2.1741
20.7908,0.5048,2.1777
20.7910,0.4975,2.1451
20.7912,0.5379,2.3183
20.7914,0.5554,2.3948
20.7916,0.5803,2.5012
20.7918,0.5715,2.4607
20.7920,0.5746,2.4764
20.7922,0.5688,2.4539
20.7924,0.5218,2.249
20.7926,0.4891,2.1079
20.7928,0.5057,2.1808
20.7930,0.5147,2.2196
20.7932,0.5657,2.437
20.7934,0.5741,2.4732
20.7936,0.5263,2.2692
20.7938,0.5037,2.173
20.7940,0.5054,2.1782
20.7942,0.5177,2.2294
20.7944,0.5216,2.249
20.7946,0.4727,2.0419
20.7948,0.4043,1.745
20.7950,0.3981,1.7181
20.7952,0.4028,1.7399
20.7954,0.3988,1.7212
20.7956,0.4575,1.9729
20.7958,0.4267,1.8426
20.7960,0.3978,1.7179
20.7962,0.401,1.7297
20.7964,0.4548,1.962
20.7966,0.4074,1.7601
20.7968,0.3888,1.6798
20.7970,0.3858,1.6638
20.7972,0.4836,2.0813
20.7974,0.5553,2.3921
20.7976,0.5273,2.2707
20.7978,0.5484,2.3605
20.7980,0.6162,2.652
20.7982,0.6117,2.6317
20.7984,0.5911,2.5442
20.7986,0.6621,2.8431
20.7988,0.7448,3.1968
20.7990,0.7655,3.2853
20.7992,0.7505,3.2225
20.7994,0.7753,3.3275
20.7996,0.8067,3.4608
20.7998,0.8139,3.49
20.8000,0.95,4.066
20.8002,1.0025,4.2947
20.8004,0.9826,4.2055
20.8006,0.994,4.2543
20.8008,1.0053,4.2985
20.8010,1.1385,4.8681
20.8012,1.0543,4.5103
20.8014,1.1059,4.7309
20.8016,1.1101,4.7466
20.8018,1.0909,4.6689
20.8020,0.9746,4.1828
20.8022,0.829,3.5581
20.8024,0.8129,3.4908
20.8026,0.8038,3.4548
20.8028,0.7804,3.3528
20.8030,0.8438,3.618
20.8032,0.9029,3.8697
20.8034,0.8933,3.8339
20.8036,0.8733,3.7462
20.8038,0.8451,3.6304
20.8040,0.8234,3.5356
20.8042,0.7706,3.3136
20.8044,0.8001,3.4405
20.8046,0.7873,3.3853
20.8048,0.7814,3.3522
20.8050,0.8364,3.585
20.8052,0.8826,3.7864
20.8054,0.8876,3.808
20.8056,0.9241,3.9662
20.8058,0.9098,3.905
20.8060,0.889,3.8136
20.8062,0.8855,3.7987
20.8064,0.8603,3.6941
20.8066,0.8195,3.5207
20.8068,0.8386,3.6009
20.8070,0.8503,3.6497
20.8072,0.867,3.716
20.8074,0.9854,4.2252
20.8076,0.9921,4.258
20.8078,0.9107,3.9031
20.8080,0.9748,4.178
20.8082,1.0186,4.3636
20.8084,0.9581,4.1123
20.8086,0.8671,3.7287
20.8088,0.8403,3.6082
20.8090,0.9089,3.9045
20.8092,0.8424,3.6208
20.8094,0.7737,3.327
20.8096,0.7716,3.3209
20.8098,0.7008,3.0164
20.8100,0.6752,2.9046
20.8102,0.7393,3.1806
20.8104,0.8134,3.4993
20.8106,0.7797,3.3513
20.8108,0.7651,3.293
20.8110,0.7101,3.0604
20.8112,0.6866,2.9536
20.8114,0.6971,2.999
20.8116,0.6657,2.8692
20.8118,0.5944,2.5629
20.8120,0.5903,2.5477
20.8122,0.5719,2.4673
20.8124,0.5608,2.4181
20.8126,0.5626,2.4247
20.8128,0.5718,2.4668
20.8130,0.5814,2.5059
20.8132,0.5788,2.4945
20.8134,0.5566,2.3989
20.8136,0.6143,2.6475
20.8138,0.6192,2.6699
20.8140,0.578,2.4937
20.8142,0.5249,2.2646
20.8144,0.5057,2.1828
20.8146,0.5035,2.174
20.8148,0.5042,2.1751
20.8150,0.5095,2.1978
20.8152,0.5075,2.1906
20.8154,0.5056,2.1823
20.8156,0.5043,2.1766
20.8158,0.5045,2.1766
20.8160,0.5075,2.1906
20.8162,0.5078,2.1916
20.8164,0.5228,2.2532
20.8166,0.5904,2.5446
20.8168,0.5428,2.3405
20.8170,0.5857,2.5256
20.8172,0.5935,2.5616
20.8174,0.5203,2.2454
20.8176,0.5055,2.1808
20.8178,0.5081,2.1901
20.8180,0.508,2.1896
20.8182,0.5167,2.2278
20.8184,0.5224,2.2547
20.8186,0.5213,2.248
20.8188,0.5638,2.4276
20.8190,0.6264,2.7009
20.8192,0.5581,2.409
20.8194,0.5364,2.3121
20.8196,0.5752,2.4767
20.8198,0.6146,2.6466
20.8200,0.6001,2.5853
20.8202,0.6575,2.8288
20.8204,0.6892,2.9677
20.8206,0.6199,2.668
20.8208,0.6138,2.6429
20.8210,0.6164,2.6531
20.8212,0.6199,2.6693
20.8214,0.661,2.8424
20.8216,0.7868,3.3785
20.8218,0.8095,3.4758
20.8220,0.7797,3.3497
20.8222,0.7572,3.2574
20.8224,0.7614,3.2724
20.8226,0.7596,3.2662
20.8228,0.6923,2.9784
20.8230,0.6651,2.8626
20.8232,0.6915,2.9775
20.8234,0.6611,2.8416
20.8236,0.7334,3.1509
20.8238,0.7767,3.3384
20.8240,0.7902,3.3961
20.8242,0.8053,3.4643
20.8244,0.693,2.9828
20.8246,0.6531,2.8084
20.8248,0.6915,2.9761
20.8250,0.706,3.0357
20.8252,0.7593,3.2637
20.8254,0.6935,2.9821
20.8256,0.7053,3.0369
20.8258,0.6664,2.8709
20.8260,0.597,2.573
20.8262,0.6147,2.6446
20.8264,0.6856,2.9467
20.8266,0.7824,3.3579
20.8268,0.8193,3.523
20.8270,0.7529,3.2373
20.8272,0.7674,3.2997
20.8274,0.7717,3.3152
20.8276,0.7852,3.3703
20.8278,0.793,3.4116
20.8280,0.6501,2.7994
20.8282,0.6309,2.7168
20.8284,0.6482,2.7911
20.8286,0.6319,2.7222
20.8288,0.6098,2.6308
20.8290,0.5487,2.3659
20.8292,0.4867,2.1015
20.8294,0.4127,1.7829
20.8296,0.4346,1.8742
20.8298,0.4911,2.1187
20.8300,0.4217,1.8209
20.8302,0.4737,2.039
20.8304,0.6016,2.5939
20.8306,0.5953,2.5682
20.8308,0.5246,2.262
20.8310,0.5374,2.3141
20.8312,0.6022,2.5941
20.8314,0.5831,2.5108
20.8316,0.5748,2.4763
20.8318,0.6066,2.6083
20.8320,0.7096,3.0498
20.8322,0.7297,3.1393
20.8324,0.7368,3.1653
20.8326,0.7826,3.3605
20.8328,0.8471,3.6341
20.8330,0.8856,3.8045
20.8332,0.8512,3.6465
20.8334,0.9554,4.0967
20.8336,0.9813,4.2038
20.8338,1.0288,4.4011
20.8340,1.1246,4.8086
20.8342,1.1319,4.8354
20.8344,1.1349,4.855
20.8346,1.0973,4.6967
20.8348,1.0643,4.5635
20.8350,0.9415,4.0408
20.8352,0.9075,3.8952
20.8354,0.8909,3.8219
20.8356,0.8786,3.7676
20.8358,0.8976,3.8507
20.8360,0.9348,4.0083
20.8362,0.9477,4.0657
20.8364,0.9616,4.1292
20.8366,0.9201,3.9437
20.8368,0.9573,4.103
20.8370,0.9801,4.1967
20.8372,1.0296,4.417
20.8374,0.9097,3.9063
20.8376,0.852,3.6637
20.8378,0.8203,3.5222
20.8380,0.8688,3.7324
20.8382,0.8215,3.5355
20.8384,0.7308,3.1454
20.8386,0.7165,3.0825
20.8388,0.7304,3.1424
20.8390,0.736,3.1617
20.8392,0.7572,3.2574
20.8394,0.72,3.0975
20.8396,0.7484,3.2198
20.8398,0.7219,3.113
20.8400,0.6331,2.7261
20.8402,0.6528,2.8081
20.8404,0.6798,2.9247
20.8406,0.7291,3.1353
20.8408,0.8054,3.4632
20.8410,0.7519,3.2347
20.8412,0.7501,3.2255
20.8414,0.732,3.1506
20.8416,0.6798,2.9301
20.8418,0.6528,2.8134
20.8420,0.653,2.8131
20.8422,0.6115,2.6392
20.8424,0.5143,2.2206
20.8426,0.505,2.1787
20.8428,0.5849,2.5232
20.8430,0.5516,2.3805
20.8432,0.5518,2.3804
20.8434,0.6168,2.6559
20.8436,0.6681,2.8768
20.8438,0.596,2.5713
20.8440,0.5278,2.2759
20.8442,0.5123,2.2133
20.8444,0.4797,2.0724
20.8446,0.4844,2.0897
20.8448,0.5095,2.1989
20.8450,0.5355,2.3079
20.8452,0.6049,2.6072
20.8454,0.6221,2.6798
20.8456,0.6267,2.6975
20.8458,0.6635,2.8546
20.8460,0.6767,2.914
20.8462,0.6428,2.7756
20.8464,0.6217,2.6807
20.8466,0.6065,2.6127
20.8468,0.5941,2.5595
20.8470,0.631,2.7173
20.8472,0.6271,2.7015
20.8474,0.6167,2.6578
20.8476,0.6039,2.6018
20.8478,0.6053,2.6075
20.8480,0.6111,2.634
20.8482,0.6051,2.6094
20.8484,0.5514,2.3789
20.8486,0.4956,2.1378
20.8488,0.4975,2.1451
20.8490,0.4845,2.0912
20.8492,0.4927,2.1244
20.8494,0.5399,2.3325
20.8496,0.4671,2.0152
20.8498,0.462,1.993
20.8500,0.4562,1.9709
20.8502,0.4532,1.9571
20.8504,0.4442,1.9182
20.8506,0.4405,1.9013
20.8508,0.448,1.9325
20.8510,0.4477,1.9332
20.8512,0.4441,1.9177
20.8514,0.4501,1.9427
20.8516,0.4457,1.9227
20.8518,0.4495,1.941
20.8520,0.4483,1.9358
20.8522,0.4447,1.9212
20.8524,0.4454,1.9216
20.8526,0.4599,1.9824
20.8528,0.5194,2.2377
20.8530,0.5396,2.3244
20.8532,0.5578,2.4063
20.8534,0.5528,2.3824
20.8536,0.5444,2.344
20.8538,0.5644,2.4302
20.8540,0.559,2.407
20.8542,0.5526,2.3818
20.8544,0.555,2.3911
20.8546,0.551,2.3713
20.8548,0.5641,2.4326
20.8550,0.574,2.4704
20.8552,0.6663,2.8638
20.8554,0.7066,3.0355
20.8556,0.7362,3.1642
20.8558,0.7149,3.0739
20.8560,0.6957,2.99
20.8562,0.6746,2.9047
20.8564,0.5632,2.4262
20.8566,0.5686,2.4483
20.8568,0.6276,2.7023
20.8570,0.6229,2.6834
20.8572,0.5733,2.4661
20.8574,0.6151,2.6511
20.8576,0.5518,2.3782
20.8578,0.5381,2.3182
20.8580,0.5354,2.3085
20.8582,0.536,2.3111
20.8584,0.5388,2.3213
20.8586,0.5399,2.3249
20.8588,0.5627,2.4275
20.8590,0.5534,2.3849
20.8592,0.5364,2.3099
20.8594,0.5627,2.4185
20.8596,0.6194,2.6697
20.8598,0.6047,2.6061
20.8600,0.5448,2.3504
20.8602,0.5001,2.1545
20.8604,0.5474,2.3613
20.8606,0.5171,2.2289
20.8608,0.5265,2.2681
20.8610,0.5137,2.2118
20.8612,0.6053,2.6051
20.8614,0.6548,2.813
20.8616,0.7398,3.1811
20.8618,0.7808,3.3543
20.8620,0.8108,3.4815
20.8622,0.8203,3.5238
20.8624,0.6645,2.8613
20.8626,0.6267,2.6912
20.8628,0.695,2.9869
20.8630,0.6953,2.9912
20.8632,0.6742,2.8951
20.8634,0.7544,3.244
20.8636,0.7749,3.3291
20.8638,0.7899,3.3888
20.8640,0.8295,3.5585
20.8642,0.8424,3.6174
20.8644,0.8306,3.5631
20.8646,0.8404,3.6053
20.8648,0.8707,3.7372
20.8650,0.8849,3.7961
20.8652,0.9113,3.9075
20.8654,0.9176,3.9292
20.8656,0.9842,4.2161
20.8658,1.005,4.3035
20.8660,1.0033,4.2943
20.8662,1.0198,4.3667
20.8664,1.0159,4.3543
20.8666,1.0156,4.3487
20.8668,1.0072,4.3128
20.8670,1.0089,4.3199
20.8672,1.0047,4.302
20.8674,0.9921,4.2481
20.8676,0.9674,4.1481
20.8678,0.9735,4.1704
20.8680,1.04,4.4555
20.8682,0.9875,4.2365
20.8684,0.9752,4.1776
20.8686,1.0158,4.3477
20.8688,1.0385,4.4509
20.8690,0.9527,4.0797
20.8692,1.0539,4.5109
20.8694,1.0319,4.4206
20.8696,1,4.2819
20.8698,1.0826,4.6314
20.8700,1.1208,4.7928
20.8702,1.0991,4.7066
20.8704,1.0089,4.3199
20.8706,0.9759,4.1866
20.8708,0.9434,4.0472
20.8710,0.9903,4.2522
20.8712,0.9514,4.0778
20.8714,0.9548,4.096
20.8716,1.0145,4.3481
20.8718,1.0681,4.58
20.8720,1.0241,4.3892
20.8722,1.0017,4.2931
20.8724,0.9969,4.2746
20.8726,0.9993,4.2889
20.8728,0.9532,4.0874
20.8730,0.9489,4.0689
20.8732,0.9616,4.1273
20.8734,0.9197,3.9472
20.8736,0.8959,3.8435
20.8738,0.943,4.0513
20.8740,0.9336,3.9994
20.8742,1.0079,4.3219
20.8744,0.8975,3.8573
20.8746,0.8527,3.6668
20.8748,0.8396,3.6067
20.8750,0.827,3.5527
20.8752,0.8087,3.4776
20.8754,0.8174,3.5213
20.8756,0.7418,3.1973
20.8758,0.6977,3.0002
20.8760,0.741,3.1893
20.8762,0.72,3.1004
20.8764,0.7412,3.1903
20.8766,0.7936,3.4095
20.8768,0.8784,3.7719
20.8770,0.9165,3.9393
20.8772,0.9149,3.9375
20.8774,0.8087,3.4792
20.8776,0.7635,3.2878
20.8778,0.7337,3.1622
20.8780,0.702,3.0215
20.8782,0.7296,3.1417
20.8784,0.6947,2.9928
20.8786,0.7107,3.063
20.8788,0.7073,3.0457
20.8790,0.7084,3.0461
20.8792,0.7824,3.3657
20.8794,0.7712,3.3193
20.8796,0.7343,3.1604
20.8798,0.6878,2.9615
20.8800,0.6936,2.9882
20.8802,0.6887,2.9698
20.8804,0.687,2.9584
20.8806,0.6941,2.9889
20.8808,0.6945,2.9904
20.8810,0.6959,2.998
20.8812,0.703,3.0257
20.8814,0.7217,3.1062
20.8816,0.7664,3.2971
20.8818,0.8474,3.6419
20.8820,0.8638,3.7073
20.8822,0.8948,3.8496
20.8824,0.8045,3.4644
20.8826,0.7272,3.1299
20.8828,0.6941,2.9903
20.8830,0.7038,3.0321
20.8832,0.7325,3.1512
20.8834,0.7788,3.3487
20.8836,0.7691,3.3131
20.8838,0.6954,2.9987
20.8840,0.6639,2.8601
20.8842,0.635,2.7331
20.8844,0.6751,2.9095
20.8846,0.6733,2.899
20.8848,0.7276,3.1315
20.8850,0.6893,2.9682
20.8852,0.7081,3.0535
20.8854,0.6565,2.832
20.8856,0.6252,2.6945
20.8858,0.6868,2.9546
20.8860,0.6872,2.9617
20.8862,0.6358,2.7405
20.8864,0.6742,2.9018
20.8866,0.727,3.1332
20.8868,0.6792,2.9276
20.8870,0.6411,2.7632
20.8872,0.6453,2.7787
20.8874,0.7203,3.0971
20.8876,0.7813,3.3595
20.8878,0.7251,3.1221
20.8880,0.7125,3.0693
20.8882,0.7085,3.0508
20.8884,0.768,3.3023
20.8886,0.8574,3.6801
20.8888,0.8819,3.7921
20.8890,0.8267,3.5582
20.8892,0.7722,3.3203
20.8894,0.8049,3.4627
20.8896,0.7649,3.2889
20.8898,0.8231,3.5362
20.8900,0.858,3.6895
20.8902,0.8066,3.4699
20.8904,0.8127,3.4962
20.8906,0.7749,3.3307
20.8908,0.7886,3.3941
20.8910,0.6712,2.8956
20.8912,0.6141,2.6506
20.8914,0.6117,2.6354
20.8916,0.6697,2.8889
20.8918,0.5703,2.4589
20.8920,0.5548,2.3956
20.8922,0.5462,2.3561
20.8924,0.5469,2.3592
20.8926,0.5523,2.3803
20.8928,0.553,2.3856
20.8930,0.5701,2.455
20.8932,0.7081,3.0493
20.8934,0.6586,2.84
20.8936,0.5692,2.4554
20.8938,0.5693,2.456
20.8940,0.5687,2.4511
20.8942,0.6018,2.5925
20.8944,0.5682,2.4536
20.8946,0.4876,2.1076
20.8948,0.4706,2.0312
20.8950,0.5026,2.1714
20.8952,0.4513,1.9497
20.8954,0.5038,2.1725
20.8956,0.5381,2.3215
20.8958,0.5014,2.1632
20.8960,0.5177,2.2356
20.8962,0.5304,2.2894
20.8964,0.5706,2.4594
20.8966,0.6072,2.617
20.8968,0.5914,2.5488
20.8970,0.6364,2.7418
20.8972,0.6741,2.9053
20.8974,0.6145,2.6448
20.8976,0.6725,2.8973
20.8978,0.6075,2.6185
20.8980,0.6109,2.6306
20.8982,0.7213,3.0989
20.8984,0.8233,3.5367
20.8986,0.8432,3.6239
20.8988,0.8246,3.5407
20.8990,0.8242,3.5392
20.8992,0.8262,3.5496
20.8994,0.8241,3.5419
20.8996,0.8886,3.8139
20.8998,0.9579,4.1094
20.9000,0.9536,4.0909
20.9002,0.9235,3.9599
20.9004,0.9657,4.139
20.9006,1.0109,4.3347
20.9008,1.0045,4.3055
20.9010,0.9599,4.122
20.9012,0.9426,4.0436
20.9014,0.9738,4.1798
20.9016,0.9626,4.1256
20.9018,0.971,4.1674
20.9020,0.9523,4.0852
20.9022,0.9777,4.1943
20.9024,1.0479,4.4873
20.9026,1.0887,4.6641
20.9028,1.1105,4.7575
20.9030,1.1253,4.814
20.9032,1.1879,5.0794
20.9034,1.1674,4.9917
20.9036,1.1736,5.0207
20.9038,1.1908,5.0964
20.9040,1.0982,4.7112
20.9042,1.0378,4.4499
20.9044,1.073,4.5968
20.9046,1.097,4.6995
20.9048,1.0542,4.5246
20.9050,1.0078,4.3173
20.9052,1.0741,4.5992
20.9054,1.093,4.6891
20.9056,0.9735,4.1802
20.9058,0.9881,4.237
20.9060,1.0241,4.3954
20.9062,0.9819,4.2162
20.9064,0.9577,4.1103
20.9066,0.9645,4.1377
20.9068,0.9603,4.1274
20.9070,0.8836,3.7976
20.9072,0.9223,3.964
20.9074,0.8893,3.8205
20.9076,0.7995,3.4459
20.9078,0.7315,3.1529
20.9080,0.7493,3.2234
20.9082,0.8114,3.4841
20.9084,0.8162,3.5161
20.9086,0.7655,3.2991
20.9088,0.7356,3.166
20.9090,0.7893,3.4004
20.9092,0.7673,3.3007
20.9094,0.8387,3.6065
20.9096,0.8731,3.751
20.9098,0.9316,4.0042
20.9100,0.937,4.018
20.9102,1.0735,4.5945
20.9104,1.1256,4.8268
20.9106,1.0297,4.4258
20.9108,0.9658,4.1491
20.9110,0.9747,4.1892
20.9112,0.8568,3.6929
20.9114,0.7453,3.2034
20.9116,0.8057,3.4679
20.9118,0.7818,3.3694
20.9120,0.8268,3.5588
20.9122,0.7742,3.326
20.9124,0.8344,3.5963
20.9126,0.8051,3.4702
20.9128,0.7002,3.0166
20.9130,0.6892,2.9663
20.9132,0.7139,3.0769
20.9134,0.5966,2.5787
20.9136,0.559,2.4137
20.9138,0.5657,2.4427
20.9140,0.5393,2.3288
20.9142,0.6315,2.7219
20.9144,0.6333,2.7322
20.9146,0.5559,2.4013
20.9148,0.578,2.496
20.9150,0.5787,2.5009
20.9152,0.54,2.3308
20.9154,0.5924,2.557
20.9156,0.5454,2.3563
20.9158,0.5845,2.5216
20.9160,0.5494,2.3723
20.9162,0.5198,2.2454
20.9164,0.5583,2.405
20.9166,0.6224,2.6876
20.9168,0.5757,2.4845
20.9170,0.5164,2.232
20.9172,0.4519,1.9541
20.9174,0.4472,1.933
20.9176,0.4486,1.9396
20.9178,0.4647,2.0068
20.9180,0.5181,2.2382
20.9182,0.4988,2.1508
20.9184,0.5542,2.3941
20.9186,0.5181,2.2392
20.9188,0.5344,2.3022
20.9190,0.6344,2.7356
20.9192,0.6187,2.6691
20.9194,0.6132,2.6428
20.9196,0.6228,2.6804
20.9198,0.7111,3.0593
20.9200,0.7538,3.249
20.9202,0.6421,2.7686
20.9204,0.6334,2.7289
20.9206,0.7057,3.0375
20.9208,0.7551,3.2502
20.9210,0.7361,3.1681
20.9212,0.7481,3.2197
20.9214,0.7164,3.0849
20.9216,0.6514,2.8077
20.9218,0.6705,2.8831
20.9220,0.7784,3.3472
20.9222,0.8197,3.5229
20.9224,0.8266,3.5561
20.9226,0.7698,3.3147
20.9228,0.682,2.9408
20.9230,0.6457,2.7803
20.9232,0.737,3.1693
20.9234,0.7403,3.1876
20.9236,0.7517,3.2337
20.9238,0.7998,3.4389
20.9240,0.8237,3.5371
20.9242,0.8289,3.5692
20.9244,0.7306,3.1414
20.9246,0.7819,3.3574
20.9248,0.8523,3.6665
20.9250,0.7091,3.0548
20.9252,0.7278,3.1296
20.9254,0.8276,3.5619
20.9256,0.7253,3.1231
20.9258,0.647,2.7911
20.9260,0.5969,2.5737
20.9262,0.6304,2.716
20.9264,0.6573,2.833
20.9266,0.6212,2.6762
20.9268,0.6427,2.7699
20.9270,0.6742,2.9045
20.9272,0.6539,2.8172
20.9274,0.6573,2.8369
20.9276,0.5424,2.3401
20.9278,0.5216,2.2501
20.9280,0.5192,2.2397
20.9282,0.5135,2.2175
20.9284,0.5385,2.3209
20.9286,0.5602,2.4178
20.9288,0.5228,2.2553
20.9290,0.5826,2.5134
20.9292,0.5344,2.3033
20.9294,0.554,2.3864
20.9296,0.6511,2.8022
20.9298,0.6681,2.8768
20.9300,0.6724,2.8927
20.9302,0.7605,3.2673
20.9304,0.8418,3.6165
20.9306,0.8513,3.6555
20.9308,0.8156,3.5021
20.9310,0.8075,3.4741
20.9312,0.7607,3.2724
20.9314,0.7857,3.3786
20.9316,0.7928,3.4059
20.9318,0.8382,3.6028
20.9320,0.8439,3.6202
20.9322,0.8999,3.8604
20.9324,0.9403,4.0375
20.9326,0.8733,3.7497
20.9328,0.8713,3.7398
20.9330,0.9633,4.1287
20.9332,1.0209,4.3795
20.9334,1.0049,4.307
20.9336,1.0832,4.6339
20.9338,1.0959,4.6949
20.9340,1.0994,4.7098
20.9342,1.0493,4.4972
20.9344,1.0343,4.435
20.9346,0.9814,4.2141
20.9348,0.9234,3.9631
20.9350,0.9469,4.0659
20.9352,0.8918,3.8295
20.9354,0.9107,3.9049
20.9356,0.9768,4.1965
20.9358,0.9229,3.9629
20.9360,0.9096,3.9076
20.9362,0.9102,3.9083
20.9364,0.915,3.9289
20.9366,0.9087,3.9058
20.9368,0.911,3.9156
20.9370,0.9012,3.8679
20.9372,0.9394,4.0377
20.9374,0.8791,3.782
20.9376,0.8565,3.6794
20.9378,0.8667,3.7249
20.9380,0.9029,3.8715
20.9382,1.0258,4.4005
20.9384,1.0135,4.344
20.9386,0.9822,4.2197
20.9388,0.8872,3.8112
20.9390,0.8713,3.745
20.9392,0.8599,3.6995
20.9394,0.846,3.6396
20.9396,0.8719,3.7406
20.9398,0.9482,4.0715
20.9400,0.9598,4.1196
20.9402,0.9697,4.1598
20.9404,0.974,4.1764
20.9406,0.945,4.0614
20.9408,0.8444,3.6324
20.9410,0.8779,3.7751
20.9412,0.9015,3.8712
20.9414,0.8902,3.8277
20.9416,0.8493,3.6519
20.9418,0.8023,3.4562
20.9420,0.6667,2.872
20.9422,0.7205,3.1039
20.9424,0.6987,3.0113
20.9426,0.7235,3.1125
20.9428,0.7536,3.251
20.9430,0.681,2.9312
20.9432,0.7819,3.3699
20.9434,0.749,3.2223
20.9436,0.7886,3.3957
20.9438,0.7879,3.3895
20.9440,0.8059,3.4717
20.9442,0.778,3.3503
20.9444,0.7322,3.156
20.9446,0.7444,3.2097
20.9448,0.6786,2.9195
20.9450,0.7613,3.2765
20.9452,0.7412,3.1947
20.9454,0.7078,3.052
20.9456,0.6965,3.0006
20.9458,0.6982,3.0092
20.9460,0.7257,3.1261
20.9462,0.7312,3.1499
20.9464,0.812,3.4883
20.9466,0.8611,3.6995
20.9468,0.8327,3.5907
20.9470,0.6332,2.7342
20.9472,0.5974,2.5794
20.9474,0.6002,2.5906
20.9476,0.603,2.6013
20.9478,0.5972,2.5765
20.9480,0.5923,2.5564
20.9482,0.5954,2.5687
20.9484,0.598,2.576
20.9486,0.6424,2.7689
20.9488,0.6471,2.7929
20.9490,0.5924,2.5558
20.9492,0.6002,2.5882
20.9494,0.5827,2.515
20.9496,0.5873,2.53
20.9498,0.7367,3.1722
20.9500,0.648,2.7927
20.9502,0.5912,2.5482
20.9504,0.595,2.5607
20.9506,0.662,2.8558
20.9508,0.5933,2.5594
20.9510,0.5867,2.5298
20.9512,0.584,2.5196
20.9514,0.5858,2.5273
20.9516,0.5855,2.5234
20.9518,0.5845,2.5228
20.9520,0.5921,2.553
20.9522,0.6697,2.8835
20.9524,0.7393,3.1835
20.9526,0.7079,3.0482
20.9528,0.699,3.01
20.9530,0.7533,3.2379
20.9532,0.8643,3.7163
20.9534,0.7575,3.262
20.9536,0.7231,3.1124
20.9538,0.7782,3.3461
20.9540,0.8235,3.541
20.9542,0.8284,3.5605
20.9544,0.7569,3.2609
20.9546,0.6917,2.9785
20.9548,0.6898,2.9703
20.9550,0.6936,2.9882
20.9552,0.7524,3.2368
20.9554,0.797,3.4271
20.9556,0.8097,3.4817
20.9558,0.7794,3.3575
20.9560,0.7333,3.1592
20.9562,0.7277,3.1334
20.9564,0.7748,3.3286
20.9566,0.8404,3.607
20.9568,0.8688,3.7324
20.9570,0.867,3.7299
20.9572,0.7923,3.4117
20.9574,0.7585,3.2661
20.9576,0.7585,3.2646
20.9578,0.7248,3.1225
20.9580,0.7092,3.0511
20.9582,0.6864,2.9572
20.9584,0.6948,2.992
20.9586,0.696,2.9999
20.9588,0.6117,2.644
20.9590,0.4659,2.0147
20.9592,0.4583,1.9797
20.9594,0.4243,1.834
20.9596,0.449,1.9362
20.9598,0.6135,2.6468
20.9600,0.564,2.4354
20.9602,0.4691,2.0263
20.9604,0.4466,1.9304
20.9606,0.5209,2.2501
20.9608,0.4827,2.0873
20.9610,0.4204,1.8169
20.9612,0.4176,1.8041
20.9614,0.4225,1.8262
20.9616,0.4442,1.9182
20.9618,0.4345,1.878
20.9620,0.417,1.8024
20.9622,0.4066,1.7573
20.9624,0.4093,1.7659
20.9626,0.5426,2.3373
20.9628,0.6543,2.8135
20.9630,0.7259,3.1213
20.9632,0.6876,2.9624
20.9634,0.6469,2.7841
20.9636,0.6309,2.7193
20.9638,0.6312,2.7191
20.9640,0.6868,2.9532
20.9642,0.7475,3.2096
20.9644,0.8006,3.4377
20.9646,0.8324,3.5758
20.9648,0.8592,3.6878
20.9650,0.9087,3.8949
20.9652,0.9621,4.1236
20.9654,0.9704,4.1629
20.9656,0.9538,4.0938
20.9658,0.9156,3.9278
20.9660,0.9146,3.9182
20.9662,1.0764,4.609
20.9664,1.1139,4.7652
20.9666,1.1104,4.7548
20.9668,1.1424,4.8828
20.9670,1.237,5.2846
20.9672,1.278,5.4598
20.9674,1.3019,5.5669
20.9676,1.1655,4.9905
20.9678,1.1351,4.8492
20.9680,1.1985,5.125
20.9682,1.0982,4.7112
20.9684,1.0005,4.292
20.9686,1.0021,4.2972
20.9688,0.9971,4.2756
20.9690,1.0453,4.4844
20.9692,1.0444,4.4698
20.9694,1.0589,4.5404
20.9696,0.9888,4.2421
20.9698,1.0295,4.4124
20.9700,1.0607,4.5502
20.9702,0.9682,4.1614
20.9704,0.92,3.9542
20.9706,0.865,3.709
20.9708,0.952,4.0899
20.9710,0.8685,3.7361
20.9712,0.8734,3.752
20.9714,0.8774,3.773
20.9716,0.8104,3.4848
20.9718,0.8111,3.4879
20.9720,0.8761,3.7674
20.9722,0.8446,3.6318
20.9724,0.8563,3.6789
20.9726,0.8611,3.7012
20.9728,0.8193,3.5262
20.9730,0.7839,3.3724
20.9732,0.8381,3.6073
20.9734,0.8331,3.5806
20.9736,0.8634,3.7092
20.9738,0.8942,3.8452
20.9740,0.8144,3.5018
20.9742,0.8622,3.7058
20.9744,0.8081,3.4847
20.9746,0.6927,2.9868
20.9748,0.6434,2.7782
20.9750,0.6137,2.6461
20.9752,0.6361,2.7466
20.9754,0.5725,2.4711
20.9756,0.6049,2.6108
20.9758,0.5418,2.3397
20.9760,0.536,2.3164
20.9762,0.5109,2.2061
20.9764,0.598,2.5784
20.9766,0.5819,2.5138
20.9768,0.5288,2.2822
20.9770,0.5619,2.4205
20.9772,0.6231,2.687
20.9774,0.6289,2.7105
20.9776,0.6099,2.6337
20.9778,0.5229,2.2568
20.9780,0.5212,2.2517
20.9782,0.5285,2.2822
20.9784,0.5451,2.3536
20.9786,0.4873,2.1051
20.9788,0.4495,1.9437
20.9790,0.4466,1.9295
20.9792,0.4927,2.1235
20.9794,0.6314,2.7239
20.9796,0.5213,2.2522
20.9798,0.4938,2.134
20.9800,0.4929,2.1284
20.9802,0.4932,2.1285
20.9804,0.4944,2.1356
20.9806,0.4996,2.1574
20.9808,0.5428,2.3395
20.9810,0.547,2.3597
20.9812,0.4992,2.1553
20.9814,0.4976,2.1486
20.9816,0.5029,2.1704
20.9818,0.5288,2.2832
20.9820,0.5025,2.1709
20.9822,0.4856,2.0968
20.9824,0.5043,2.1756
20.9826,0.5916,2.5498
20.9828,0.594,2.5589
20.9830,0.5764,2.4876
20.9832,0.5784,2.4918
20.9834,0.588,2.5355
20.9836,0.6121,2.6357
20.9838,0.6072,2.6158
20.9840,0.6014,2.5898
20.9842,0.6593,2.8352
20.9844,0.737,3.1752
20.9846,0.7022,3.0249
20.9848,0.6942,2.9852
20.9850,0.7604,3.2683
20.9852,0.7972,3.4281
20.9854,0.7643,3.2878
20.9856,0.6999,3.0108
20.9858,0.6843,2.9424
20.9860,0.69,2.9699
20.9862,0.6962,2.9963
20.9864,0.7453,3.2093
20.9866,0.7304,3.1438
20.9868,0.7376,3.1719
20.9870,0.7476,3.2117
20.9872,0.8129,3.4891
20.9874,0.8611,3.7029
20.9876,0.7966,3.4271
20.9878,0.7536,3.2419
20.9880,0.7504,3.228
20.9882,0.7561,3.2528
20.9884,0.7517,3.2352
20.9886,0.7502,3.226
20.9888,0.7465,3.216
20.9890,0.6296,2.7136
20.9892,0.6427,2.7661
20.9894,0.7206,3.0986
20.9896,0.7703,3.3136
20.9898,0.696,2.9971
20.9900,0.6789,2.9219
20.9902,0.6996,3.014
20.9904,0.6703,2.8834
20.9906,0.7405,3.1857
20.9908,0.7068,3.0478
20.9910,0.5992,2.5823
20.9912,0.6024,2.5963
20.9914,0.6492,2.8004
20.9916,0.6041,2.6023
20.9918,0.5754,2.4835
20.9920,0.5556,2.3936
20.9922,0.6373,2.7505
20.9924,0.5343,2.3038
20.9926,0.5506,2.3753
20.9928,0.5557,2.3964
20.9930,0.6223,2.6821
20.9932,0.6151,2.6486
20.9934,0.5891,2.5437
20.9936,0.4312,1.8627
20.9938,0.4024,1.7383
20.9940,0.3974,1.7174
20.9942,0.4007,1.7327
20.9944,0.4421,1.9089
20.9946,0.4273,1.8478
20.9948,0.3958,1.7114
20.9950,0.3918,1.6928
20.9952,0.3951,1.7075
20.9954,0.3975,1.7163
20.9956,0.4581,1.9765
20.9958,0.5173,2.2273
20.9960,0.5534,2.386
20.9962,0.4963,2.1429
20.9964,0.4873,2.1041
20.9966,0.4903,2.1151
20.9968,0.4888,2.1089
20.9970,0.5035,2.169
20.9972,0.5405,2.3286
20.9974,0.5944,2.5593
20.9976,0.599,2.5794
20.9978,0.5789,2.495
20.9980,0.6279,2.7001
20.9982,0.7463,3.206
20.9984,0.7713,3.3121
20.9986,0.8128,3.4886
20.9988,0.844,3.6207
20.9990,0.8512,3.6533
20.9992,0.8489,3.6452
20.9994,0.8096,3.4763
20.9996,0.8445,3.6279
20.9998,0.8446,3.625
21.0000,0.8776,3.7613
21.0002,0.9548,4.0903
21.0004,0.9885,4.2386
21.0006,0.9357,4.0161
21.0008,0.9026,3.8741
21.0010,0.9301,3.9919
21.0012,0.8999,3.8604
21.0014,0.9156,3.9242
21.0016,0.9747,4.1795
21.0018,1.0146,4.3507
21.0020,0.9386,4.0266
21.0022,0.8803,3.7766
21.0024,0.889,3.8172
21.0026,0.9045,3.8823
21.0028,0.9434,4.0509
21.0030,0.8801,3.7773
21.0032,0.8785,3.7724
21.0034,0.8509,3.6557
21.0036,0.8956,3.8437
21.0038,0.8972,3.8491
21.0040,0.9012,3.8679
21.0042,0.9141,3.9253
21.0044,0.9104,3.9093
21.0046,0.9252,3.9671
21.0048,0.9382,4.0269
21.0050,0.9105,3.9026
21.0052,0.9496,4.072
21.0054,0.9494,4.0729
21.0056,0.9554,4.1005
21.0058,0.9043,3.8831
21.0060,0.8758,3.757
21.0062,0.9843,4.2206
21.0064,0.9876,4.237
21.0066,0.9164,3.9351
21.0068,0.9155,3.9255
21.0070,0.9621,4.1274
21.0072,0.9434,4.0509
21.0074,0.9285,3.9852
21.0076,0.9773,4.1908
21.0078,0.9621,4.1351
21.0080,0.8277,3.5624
21.0082,0.7645,3.2889
21.0084,0.7188,3.0952
21.0086,0.6683,2.8779
21.0088,0.6761,2.9155
21.0090,0.6851,2.9515
21.0092,0.6983,3.0083
21.0094,0.6894,2.9632
21.0096,0.7435,3.1971
21.0098,0.7358,3.1685
21.0100,0.6741,2.9067
21.0102,0.6711,2.8884
21.0104,0.7023,3.0254
21.0106,0.6234,2.6905
21.0108,0.6307,2.7183
21.0110,0.6391,2.7544
21.0112,0.6004,2.5887
21.0114,0.5926,2.5563
21.0116,0.5978,2.5779
21.0118,0.6042,2.6065
21.0120,0.5928,2.5561
21.0122,0.6108,2.6337
21.0124,0.5652,2.4418
21.0126,0.5053,2.1828
21.0128,0.5972,2.5705
21.0130,0.7187,3.0947
21.0132,0.6194,2.6709
21.0134,0.5505,2.3758
21.0136,0.5287,2.2838
21.0138,0.5243,2.262
21.0140,0.5242,2.2615
21.0142,0.5272,2.2765
21.0144,0.5247,2.2656
21.0146,0.5253,2.2661
21.0148,0.5227,2.2547
21.0150,0.5255,2.2671
21.0152,0.5303,2.2878
21.0154,0.5273,2.2739
21.0156,0.5269,2.2749
21.0158,0.5273,2.2717
21.0160,0.6176,2.657
21.0162,0.7156,3.0784
21.0164,0.7326,3.1546
21.0166,0.6102,2.6311
21.0168,0.5396,2.3266
21.0170,0.5376,2.3194
21.0172,0.5368,2.3179
21.0174,0.531,2.2909
21.0176,0.5313,2.2909
21.0178,0.5314,2.2925
21.0180,0.5528,2.3813
21.0182,0.6366,2.7423
21.0184,0.6315,2.7206
21.0186,0.6482,2.7924
21.0188,0.6393,2.7529
21.0190,0.6417,2.7632
21.0192,0.6493,2.7945
21.0194,0.7091,3.0506
21.0196,0.7271,3.1265
21.0198,0.7047,3.0287
21.0200,0.7776,3.3404
21.0202,0.8331,3.5806
21.0204,0.8026,3.4481
21.0206,0.7903,3.3982
21.0208,0.7319,3.1544
21.0210,0.6457,2.7803
21.0212,0.634,2.7289
21.0214,0.6436,2.7689
21.0216,0.7211,3.1021
21.0218,0.7591,3.2626
21.0220,0.7951,3.4204
21.0222,0.6869,2.9593
21.0224,0.6745,2.8988
21.0226,0.829,3.5564
21.0228,0.8777,3.7653
21.0230,0.8687,3.7371
21.0232,0.7526,3.2348
21.0234,0.7414,3.1893
21.0236,0.7086,3.0528
21.0238,0.6735,2.8974
21.0240,0.7022,3.0192
21.0242,0.7252,3.1211
21.0244,0.7313,3.146
21.0246,0.7227,3.1089
21.0248,0.6768,2.9159
21.0250,0.6728,2.8943
21.0252,0.7042,3.0351
21.0254,0.6547,2.8203
21.0256,0.6786,2.9223
21.0258,0.6578,2.8285
21.0260,0.7482,3.2172
21.0262,0.77,3.3111
21.0264,0.7291,3.1396
21.0266,0.638,2.7485
21.0268,0.635,2.7318
21.0270,0.7051,3.0378
21.0272,0.6944,2.9899
21.0274,0.6565,2.8254
21.0276,0.7103,3.05
21.0278,0.8187,3.5171
21.0280,0.7333,3.1577
21.0282,0.6298,2.7172
21.0284,0.548,2.3628
21.0286,0.5333,2.2976
21.0288,0.5782,2.4954
21.0290,0.5045,2.1786
21.0292,0.5197,2.2387
21.0294,0.593,2.556
21.0296,0.5337,2.3023
21.0298,0.5229,2.2547
21.0300,0.5151,2.2232
21.0302,0.5267,2.2723
21.0304,0.5632,2.4273
21.0306,0.6069,2.6147
21.0308,0.6252,2.6895
21.0310,0.6435,2.7723
21.0312,0.6775,2.913
21.0314,0.7448,3.2028
21.0316,0.7233,3.1085
21.0318,0.7902,3.3945
21.0320,0.8054,3.4648
21.0322,0.8125,3.4871
21.0324,0.8905,3.8203
21.0326,0.8797,3.7723
21.0328,0.9381,4.0245
21.0330,0.9098,3.8995
21.0332,0.9342,4.0038
21.0334,0.948,4.0686
21.0336,0.9544,4.0907
21.0338,0.989,4.2426
21.0340,0.9235,3.9581
21.0342,0.9981,4.2797
21.0344,0.9663,4.1435
21.0346,0.9524,4.0838
21.0348,0.9629,4.1291
21.0350,0.9212,3.9575
21.0352,0.8731,3.7492
21.0354,0.8653,3.714
21.0356,0.8778,3.7728
21.0358,0.8369,3.5971
21.0360,0.8448,3.6243
21.0362,0.856,3.679
21.0364,0.8069,3.4731
21.0366,0.7424,3.194
21.0368,0.7253,3.1217
21.0370,0.6699,2.8846
21.0372,0.6951,2.993
21.0374,0.6968,2.9974
21.0376,0.6909,2.9722
21.0378,0.6842,2.9446
21.0380,0.7664,3.2971
21.0382,0.7915,3.4002
21.0384,0.8176,3.5108
21.0386,0.8512,3.6567
21.0388,0.7934,3.4116
21.0390,0.7728,3.326
21.0392,0.7049,3.0325
21.0394,0.7409,3.1887
21.0396,0.7253,3.1246
21.0398,0.6761,2.9128
21.0400,0.6734,2.8982
21.0402,0.7019,3.021
21.0404,0.7313,3.1431
21.0406,0.8042,3.458
21.0408,0.7176,3.0872
21.0410,0.6958,2.9975
21.0412,0.5916,2.5533
21.0414,0.5228,2.2563
21.0416,0.5651,2.4345
21.0418,0.6394,2.756
21.0420,0.6197,2.6707
21.0422,0.6207,2.6754
21.0424,0.5824,2.5088
21.0426,0.6458,2.7795
21.0428,0.7047,3.0315
21.0430,0.7044,3.0333
21.0432,0.7087,3.0547
21.0434,0.6658,2.8657
21.0436,0.699,3.0142
21.0438,0.6133,2.6433
21.0440,0.6219,2.6793
21.0442,0.6529,2.8126
21.0444,0.6683,2.8792
21.0446,0.6258,2.6971
21.0448,0.6478,2.7922
21.0450,0.6167,2.6578
21.0452,0.602,2.5935
21.0454,0.6213,2.678
21.0456,0.5982,2.583
21.0458,0.5117,2.2066
21.0460,0.6025,2.5956
21.0462,0.5962,2.5718
21.0464,0.6333,2.7284
21.0466,0.6698,2.8867
21.0468,0.612,2.6352
21.0470,0.5712,2.4654
21.0472,0.5394,2.3272
21.0474,0.5561,2.3979
21.0476,0.5528,2.3824
21.0478,0.5559,2.398
21.0480,0.5964,2.5693
21.0482,0.6261,2.6936
21.0484,0.6372,2.7474
21.0486,0.527,2.2755
21.0488,0.4516,1.9498
21.0490,0.4528,1.9541
21.0492,0.4486,1.936
21.0494,0.4498,1.9429
21.0496,0.4507,1.948
21.0498,0.4483,1.9358
21.0500,0.4544,1.9622
21.0502,0.449,1.9389
21.0504,0.4462,1.9265
21.0506,0.4438,1.9144
21.0508,0.4602,1.9852
21.0510,0.5116,2.2051
21.0512,0.5729,2.468
21.0514,0.5934,2.5575
21.0516,0.5873,2.53
21.0518,0.6228,2.6817
21.0520,0.5778,2.4904
21.0522,0.5673,2.4449
21.0524,0.5798,2.4968
21.0526,0.6301,2.7144
21.0528,0.5874,2.5341
21.0530,0.5775,2.4911
21.0532,0.5718,2.4611
21.0534,0.6316,2.7173
21.0536,0.6733,2.899
21.0538,0.6772,2.912
21.0540,0.7122,3.0597
21.0542,0.6758,2.9099
21.0544,0.5667,2.4423
21.0546,0.5506,2.3731
21.0548,0.5992,2.5812
21.0550,0.6265,2.6952
21.0552,0.6583,2.8345
21.0554,0.651,2.8043
21.0556,0.6195,2.6652
21.0558,0.6489,2.7916
21.0560,0.681,2.9326
21.0562,0.6199,2.668
21.0564,0.6328,2.7263
21.0566,0.5438,2.3458
21.0568,0.5332,2.3003
21.0570,0.5328,2.2955
21.0572,0.5332,2.2992
21.0574,0.5241,2.2588
21.0576,0.5008,2.1616
21.0578,0.5127,2.2108
21.0580,0.5884,2.5335
21.0582,0.5796,2.4981
21.0584,0.5091,2.1963
21.0586,0.4948,2.1347
21.0588,0.5316,2.2903
21.0590,0.5131,2.2123
21.0592,0.5114,2.2061
21.0594,0.5057,2.1798
21.0596,0.5209,2.2449
21.0598,0.5804,2.5017
21.0600,0.5578,2.4018
21.0602,0.5952,2.5617
21.0604,0.5454,2.3552
21.0606,0.4072,1.7591
21.0608,0.4004,1.7279
21.0610,0.4028,1.7391
21.0612,0.4617,1.9883
21.0614,0.5382,2.3241
21.0616,0.4381,1.8892
21.0618,0.5862,2.523
21.0620,0.5819,2.5068
21.0622,0.5131,2.2113
21.0624,0.5047,2.1771
21.0626,0.4998,2.1539
21.0628,0.5211,2.2438
21.0630,0.5881,2.5313
21.0632,0.6627,2.8509
21.0634,0.7055,3.0309
21.0636,0.6711,2.8871
21.0638,0.6656,2.8633
21.0640,0.6511,2.7996
21.0642,0.659,2.8297
21.0644,0.7364,3.1623
21.0646,0.7762,3.3332
21.0648,0.7613,3.2704
21.0650,0.7451,3.1979
21.0652,0.8248,3.5384
21.0654,0.8822,3.7848
21.0656,0.8691,3.7282
21.0658,0.8715,3.7368
21.0660,0.9095,3.898
21.0662,0.9652,4.135
21.0664,0.9873,4.2256
21.0666,0.9927,4.2486
21.0668,0.9996,4.2824
21.0670,0.9674,4.1481
21.0672,0.8681,3.7241
21.0674,0.8812,3.7767
21.0676,0.986,4.2238
21.0678,0.9948,4.2619
21.0680,1.0033,4.2983
21.0682,0.9778,4.1909
21.0684,0.9676,4.1472
21.0686,0.9048,3.8779
21.0688,0.9014,3.8725
21.0690,0.8386,3.606
21.0692,0.8041,3.4527
21.0694,0.8051,3.4621
21.0696,0.7598,3.2672
21.0698,0.7394,3.1781
21.0700,0.7604,3.2653
21.0702,0.8013,3.4408
21.0704,0.7917,3.4012
21.0706,0.8245,3.5369
21.0708,0.8746,3.7519
21.0710,0.9155,3.931
21.0712,0.8875,3.8092
21.0714,0.864,3.7101
21.0716,0.8507,3.6444
21.0718,0.8868,3.8097
21.0720,0.7786,3.3435
21.0722,0.8607,3.6957
21.0724,0.8652,3.7152
21.0726,0.8384,3.6016
21.0728,0.8095,3.4791
21.0730,0.8524,3.6602
21.0732,0.7986,3.4338
21.0734,0.7342,3.154
21.0736,0.8053,3.4707
21.0738,0.6603,2.8446
21.0740,0.6185,2.668
21.0742,0.5682,2.4502
21.0744,0.6235,2.686
21.0746,0.6476,2.7872
21.0748,0.6608,2.8453
21.0750,0.6132,2.644
21.0752,0.5595,2.4124
21.0754,0.586,2.5208
21.0756,0.6544,2.818
21.0758,0.6801,2.9271
21.0760,0.702,3.0201
21.0762,0.6715,2.8899
21.0764,0.6597,2.8407
21.0766,0.6188,2.6696
21.0768,0.5787,2.4951
21.0770,0.5703,2.4578
21.0772,0.5683,2.4507
21.0774,0.6247,2.6887
21.0776,0.6538,2.8128
21.0778,0.6382,2.7508
21.0780,0.5757,2.4822
21.0782,0.5583,2.4072
21.0784,0.554,2.3886
21.0786,0.5707,2.4599
21.0788,0.6285,2.7039
21.0790,0.7222,3.1111
21.0792,0.5814,2.5094
21.0794,0.4854,2.0939
21.0796,0.4796,2.071
21.0798,0.5037,2.172
21.0800,0.5356,2.3106
21.0802,0.5246,2.2641
21.0804,0.5471,2.3614
21.0806,0.5283,2.279
21.0808,0.5266,2.2708
21.0810,0.5333,2.2997
21.0812,0.5275,2.2744
21.0814,0.5761,2.4831
21.0816,0.5517,2.3766
21.0818,0.5544,2.3863
21.0820,0.6147,2.6422
21.0822,0.7261,3.1267
21.0824,0.6384,2.7526
21.0826,0.6139,2.6422
21.0828,0.6561,2.8226
21.0830,0.6834,2.9415
21.0832,0.7025,3.0222
21.0834,0.6587,2.8352
21.0836,0.6783,2.9166
21.0838,0.7327,3.1522
21.0840,0.7319,3.1486
21.0842,0.7434,3.1951
21.0844,0.7506,3.2245
21.0846,0.7402,3.1827
21.0848,0.7155,3.075
21.0850,0.715,3.0744
21.0852,0.7224,3.1078
21.0854,0.7398,3.1767
21.0856,0.811,3.4874
21.0858,0.7908,3.3971
21.0860,0.7947,3.4189
21.0862,0.7259,3.1213
21.0864,0.7093,3.0502
21.0866,0.7049,3.0311
21.0868,0.726,3.1175
21.0870,0.7814,3.3585
21.0872,0.7668,3.2971
21.0874,0.7849,3.3719
21.0876,0.7621,3.2786
21.0878,0.691,2.9727
21.0880,0.709,3.0486
21.0882,0.7406,3.1847
21.0884,0.7477,3.2167
21.0886,0.7132,3.071
21.0888,0.6983,3.0055
21.0890,0.7102,3.0552
21.0892,0.6554,2.8221
21.0894,0.6147,2.6495
21.0896,0.6101,2.6294
21.0898,0.6128,2.64
21.0900,0.5591,2.4109
21.0902,0.548,2.3639
21.0904,0.5386,2.3235
21.0906,0.5288,2.279
21.0908,0.5484,2.3638
21.0910,0.6036,2.6003
21.0912,0.5825,2.5105
21.0914,0.5851,2.5219
21.0916,0.6152,2.6504
21.0918,0.6061,2.6087
21.0920,0.6415,2.7596
21.0922,0.7356,3.1646
21.0924,0.7207,3.1006
21.0926,0.7604,3.2622
21.0928,0.8143,3.5046
21.0930,0.6886,2.961
21.0932,0.7277,3.1291
21.0934,0.7622,3.2745
21.0936,0.7924,3.4075
21.0938,0.7573,3.2594
21.0940,0.6709,2.8941
21.0942,0.4944,2.1346
21.0944,0.4724,2.0389
21.0946,0.4785,2.0615
21.0948,0.5569,2.4004
21.0950,0.5663,2.4396
21.0952,0.5675,2.4448
21.0954,0.5884,2.5347
21.0956,0.6581,2.8379
21.0958,0.5996,2.5844
21.0960,0.5818,2.5051
21.0962,0.5983,2.5763
21.0964,0.6495,2.7968
21.0966,0.6221,2.6786
21.0968,0.5653,2.4355
21.0970,0.6116,2.6361
21.0972,0.5818,2.5063
21.0974,0.5741,2.4709
21.0976,0.6687,2.8767
21.0978,0.7297,3.1364
21.0980,0.7539,3.239
21.0982,0.7126,3.0641
21.0984,0.7579,3.256
21.0986,0.7807,3.3491
21.0988,0.8706,3.7349
21.0990,0.9758,4.1802
21.0992,0.9941,4.2588
21.0994,0.9783,4.189
21.0996,0.9619,4.1225
21.0998,0.977,4.1873
21.1000,0.9723,4.1672
21.1002,0.9671,4.1471
21.1004,0.9296,3.9861
21.1006,0.9591,4.1126
21.1008,0.9864,4.2259
21.1010,0.9755,4.1811
21.1012,0.97,4.1575
21.1014,0.9743,4.1799
21.1016,0.9715,4.1656
21.1018,0.9525,4.0863
21.1020,0.9501,4.0779
21.1022,0.9411,4.0412
21.1024,0.8737,3.7518
21.1026,0.862,3.6962
21.1028,0.9155,3.9255
21.1030,0.9445,4.0556
21.1032,0.9152,3.9318
21.1034,0.8933,3.8339
21.1036,0.9097,3.9044
21.1038,0.8494,3.6524
21.1040,0.8167,3.5133
21.1042,0.8042,3.4532
21.1044,0.8655,3.7111
21.1046,0.9242,3.963
21.1048,0.9448,4.0514
21.1050,0.9779,4.1933
21.1052,0.952,4.088
21.1054,0.9224,3.9627
21.1056,0.8399,3.6116
21.1058,0.762,3.278
21.1060,0.7613,3.278
21.1062,0.7661,3.2956
21.1064,0.8066,3.4683
21.1066,0.8657,3.7208
21.1068,0.7994,3.4374
21.1070,0.7651,3.2976
21.1072,0.6502,2.8012
21.1074,0.6049,2.6047
21.1076,0.6705,2.8872
21.1078,0.7145,3.0781
21.1080,0.6151,2.6523
21.1082,0.6133,2.6421
21.1084,0.6589,2.841
21.1086,0.5987,2.5803
21.1088,0.5872,2.533
21.1090,0.617,2.6618
21.1092,0.5657,2.4404
21.1094,0.5369,2.3174
21.1096,0.5102,2.204
21.1098,0.4905,2.1191
21.1100,0.4873,2.1041
21.1102,0.4725,2.0395
21.1104,0.4776,2.0622
21.1106,0.4945,2.1342
21.1108,0.4978,2.1477
21.1110,0.5006,2.1586
21.1112,0.459,1.9837
21.1114,0.4331,1.8709
21.1116,0.4607,1.991
21.1118,0.4474,1.9335
21.1120,0.4585,1.978
21.1122,0.5072,2.186
21.1124,0.585,2.5225
21.1126,0.5809,2.5026
21.1128,0.5508,2.3763
21.1130,0.4695,2.0265
21.1132,0.458,1.9796
21.1134,0.4562,1.9709
21.1136,0.4601,1.9847
21.1138,0.4577,1.9771
21.1140,0.4481,1.9348
21.1142,0.4426,1.9119
21.1144,0.4456,1.9239
21.1146,0.4488,1.9352
21.1148,0.4512,1.9473
21.1150,0.4506,1.9457
21.1152,0.4421,1.9098
21.1154,0.4416,1.9068
21.1156,0.4464,1.9266
21.1158,0.4472,1.9294
21.1160,0.447,1.9301
21.1162,0.4421,1.908
21.1164,0.5004,2.1555
21.1166,0.5026,2.1673
21.1168,0.4579,1.9772
21.1170,0.4563,1.9696
21.1172,0.5014,2.1582
21.1174,0.5903,2.5453
21.1176,0.5586,2.4054
21.1178,0.5709,2.4604
21.1180,0.5671,2.4444
21.1182,0.5544,2.3907
21.1184,0.5685,2.4489
21.1186,0.5631,2.4257
21.1188,0.5573,2.402
21.1190,0.5535,2.3866
21.1192,0.5542,2.3863
21.1194,0.5603,2.4127
21.1196,0.5902,2.5401
21.1198,0.6378,2.7437
21.1200,0.6874,2.9586
21.1202,0.6761,2.9047
21.1204,0.7928,3.409
21.1206,0.7231,3.1138
21.1208,0.6095,2.6256
21.1210,0.547,2.3565
21.1212,0.5851,2.5172
21.1214,0.6456,2.7759
21.1216,0.6857,2.9472
21.1218,0.6786,2.9195
21.1220,0.6426,2.7681
21.1222,0.6378,2.7449
21.1224,0.6626,2.8491
21.1226,0.6656,2.8673
21.1228,0.6278,2.6983
21.1230,0.7156,3.077
21.1232,0.7284,3.1263
21.1234,0.7596,3.2662
21.1236,0.7575,3.2605
21.1238,0.7005,3.0134
21.1240,0.6831,2.9386
21.1242,0.6945,2.9876
21.1244,0.6818,2.9343
21.1246,0.6617,2.8481
21.1248,0.6418,2.7573
21.1250,0.7609,3.2704
21.1252,0.7156,3.0799
21.1254,0.6724,2.8954
21.1256,0.6066,2.6108
21.1258,0.6396,2.7539
21.1260,0.6077,2.6203
21.1262,0.5205,2.2444
21.1264,0.5176,2.2289
21.1266,0.5882,2.5341
21.1268,0.5227,2.2516
21.1270,0.5814,2.5082
21.1272,0.547,2.3554
21.1274,0.5921,2.553
21.1276,0.4647,2.0068
21.1278,0.4444,1.9161
21.1280,0.5271,2.2697
21.1282,0.5327,2.2961
21.1284,0.4886,2.1069
21.1286,0.4886,2.1078
21.1288,0.4866,2.101
21.1290,0.4842,2.0877
21.1292,0.4842,2.0887
21.1294,0.4863,2.098
21.1296,0.4915,2.1202
21.1298,0.4929,2.1255
21.1300,0.5179,2.2299
21.1302,0.5555,2.392
21.1304,0.6103,2.6304
21.1306,0.5909,2.5467
21.1308,0.5813,2.4995
21.1310,0.6971,2.9948
21.1312,0.7362,3.1657
21.1314,0.7157,3.0761
21.1316,0.7393,3.1732
21.1318,0.8029,3.4443
21.1320,0.8224,3.5281
21.1322,0.8671,3.7148
21.1324,0.897,3.8445
21.1326,0.9579,4.1037
21.1328,1.0116,4.3358
21.1330,0.9643,4.1347
21.1332,0.9107,3.9049
21.1334,0.9355,4.0076
21.1336,0.9063,3.8864
21.1338,0.9364,4.0117
21.1340,0.9789,4.1935
21.1342,0.9562,4.1003
21.1344,0.9103,3.9034
21.1346,0.9256,3.971
21.1348,0.9156,3.9223
21.1350,0.9746,4.1809
21.1352,0.914,3.923
21.1354,0.897,3.8445
21.1356,0.9126,3.9204
21.1358,0.8302,3.5666
21.1360,0.8174,3.5065
21.1362,0.8776,3.763
21.1364,0.8989,3.8599
21.1366,0.8195,3.5207
21.1368,0.7658,3.29
21.1370,0.7742,3.3291
21.1372,0.7951,3.4188
21.1374,0.7692,3.3044
21.1376,0.792,3.4038
21.1378,0.7951,3.4156
21.1380,0.8086,3.4771
21.1382,0.7669,3.2946
21.1384,0.7992,3.4363
21.1386,0.7951,3.4188
21.1388,0.7994,3.4358
21.1390,0.7561,3.2497
21.1392,0.7453,3.2034
21.1394,0.793,3.4053
21.1396,0.8091,3.4775
21.1398,0.7748,3.3317
21.1400,0.7857,3.3802
21.1402,0.72,3.0989
21.1404,0.6982,3.0036
21.1406,0.6798,2.9274
21.1408,0.6771,2.9155
21.1410,0.6266,2.6957
21.1412,0.6492,2.7953
21.1414,0.6551,2.8224
21.1416,0.6538,2.8141
21.1418,0.6912,2.9751
21.1420,0.711,3.0588
21.1422,0.7439,3.2002
21.1424,0.7194,3.1021
21.1426,0.6037,2.5984
21.1428,0.6544,2.8167
21.1430,0.6956,2.9923
21.1432,0.7207,3.1006
21.1434,0.6719,2.8974
21.1436,0.6265,2.7014
21.1438,0.6151,2.6486
21.1440,0.6468,2.781
21.1442,0.7092,3.0511
21.1444,0.7279,3.1345
21.1446,0.6577,2.8306
21.1448,0.6445,2.7738
21.1450,0.6599,2.843
21.1452,0.6388,2.7521
21.1454,0.6918,2.9749
21.1456,0.7617,3.274
21.1458,0.7685,3.3013
21.1460,0.728,3.135
21.1462,0.6463,2.7854
21.1464,0.6522,2.8055
21.1466,0.7042,3.0322
21.1468,0.6119,2.6396
21.1470,0.5464,2.3561
21.1472,0.5414,2.3343
21.1474,0.543,2.3427
21.1476,0.5535,2.3866
21.1478,0.5512,2.3745
21.1480,0.5418,2.3375
21.1482,0.544,2.3457
21.1484,0.5441,2.3441
21.1486,0.6903,2.9682
21.1488,0.6836,2.9462
21.1490,0.5592,2.4125
21.1492,0.5462,2.3561
21.1494,0.5444,2.3473
21.1496,0.5424,2.3368
21.1498,0.5902,2.5436
21.1500,0.5453,2.3525
21.1502,0.5375,2.3167
21.1504,0.6008,2.5848
21.1506,0.6629,2.8546
21.1508,0.6442,2.7741
21.1510,0.6408,2.7591
21.1512,0.643,2.7689
21.1514,0.6458,2.7821
21.1516,0.6357,2.74
21.1518,0.6483,2.7864
21.1520,0.7348,3.1551
21.1522,0.8548,3.6687
21.1524,0.8451,3.6254
21.1526,0.8113,3.4852
21.1528,0.7677,3.3043
21.1530,0.6898,2.9717
21.1532,0.6296,2.7111
21.1534,0.6258,2.6933
21.1536,0.628,2.7044
21.1538,0.6206,2.6736
21.1540,0.6186,2.6636
21.1542,0.6209,2.6697
21.1544,0.6761,2.906
21.1546,0.7083,3.0455
21.1548,0.7356,3.1646
21.1550,0.7403,3.1802
21.1552,0.7727,3.3209
21.1554,0.7306,3.14
21.1556,0.7056,3.0384
21.1558,0.6595,2.841
21.1560,0.6072,2.6158
21.1562,0.6067,2.6101
21.1564,0.6657,2.8678
21.1566,0.6264,2.6972
21.1568,0.6316,2.7199
21.1570,0.6028,2.5954
21.1572,0.6107,2.6283
21.1574,0.6476,2.7898
21.1576,0.6079,2.6189
21.1578,0.5736,2.4746
21.1580,0.5182,2.2356
21.1582,0.5369,2.3152
21.1584,0.5346,2.3022
21.1586,0.5854,2.5194
21.1588,0.636,2.7372
21.1590,0.6336,2.7269
21.1592,0.5675,2.4459
21.1594,0.5213,2.248
21.1596,0.5924,2.551
21.1598,0.5759,2.4879
21.1600,0.4117,1.7787
21.1602,0.3969,1.7145
21.1604,0.398,1.7192
21.1606,0.3982,1.7194
21.1608,0.4529,1.9528
21.1610,0.5059,2.1803
21.1612,0.496,2.1389
21.1614,0.5133,2.2134
21.1616,0.5041,2.1756
21.1618,0.4993,2.1509
21.1620,0.5664,2.4413
21.1622,0.5165,2.2284
21.1624,0.518,2.2335
21.1626,0.5406,2.3291
21.1628,0.6212,2.6725
21.1630,0.7121,3.062
21.1632,0.6923,2.9728
21.1634,0.7484,3.2108
21.1636,0.8007,3.4334
21.1638,0.852,3.6535
21.1640,0.8441,3.6229
21.1642,0.814,3.4921
21.1644,0.8258,3.5459
21.1646,0.8008,3.4388
21.1648,0.8464,3.6293
21.1650,0.8852,3.7924
21.1652,0.9438,4.0506
21.1654,0.9254,3.9663
21.1656,0.9503,4.0694
21.1658,0.979,4.1999
21.1660,0.9078,3.8998
21.1662,0.8768,3.7529
21.1664,1.0373,4.4354
21.1666,1.0973,4.701
21.1668,0.9673,4.1437
21.1670,0.9562,4.0965
21.1672,0.961,4.117
21.1674,0.9832,4.214
21.1676,0.9827,4.2159
21.1678,0.9356,4.0081
21.1680,0.9758,4.1821
21.1682,0.9803,4.2056
21.1684,0.9529,4.0878
21.1686,0.9276,3.9793
21.1688,0.8957,3.8424
21.1690,0.8807,3.7817
21.1692,0.8592,3.6912
21.1694,0.8671,3.7235
21.1696,0.8822,3.7866
21.1698,0.8939,3.8365
21.1700,0.9122,3.9152
21.1702,0.8912,3.8252
21.1704,0.8892,3.82
21.1706,0.8756,3.76
21.1708,0.8797,3.7705
21.1710,0.9566,4.1037
21.1712,0.9508,4.0791
21.1714,0.8788,3.7805
21.1716,0.7541,3.241
21.1718,0.7607,3.2708
21.1720,0.7412,3.1888
21.1722,0.7228,3.1123
21.1724,0.7167,3.0845
21.1726,0.7384,3.1749
21.1728,0.8113,3.4868
21.1730,0.7453,3.2093
21.1732,0.67,2.8864
21.1734,0.6285,2.7102
21.1736,0.5983,2.5787
21.1738,0.673,2.898
21.1740,0.6693,2.8873
21.1742,0.536,2.3122
21.1744,0.5205,2.2475
21.1746,0.4908,2.1201
21.1748,0.4723,2.0375
21.1750,0.5417,2.3337
21.1752,0.5965,2.5722
21.1754,0.5842,2.5213
21.1756,0.6041,2.6011
21.1758,0.6454,2.7805
21.1760,0.5906,2.5492
21.1762,0.5795,2.4988
21.1764,0.5822,2.5095
21.1766,0.5758,2.4816
21.1768,0.5385,2.3252
21.1770,0.4952,2.1402
21.1772,0.5197,2.2428
21.1774,0.5566,2.4
21.1776,0.5223,2.2584
21.1778,0.4273,1.8478
21.1780,0.4075,1.759
21.1782,0.4585,1.978
21.1784,0.5249,2.2635
21.1786,0.5385,2.3241
21.1788,0.4629,1.999
21.1790,0.4432,1.9127
21.1792,0.4453,1.9229
21.1794,0.4468,1.93
21.1796,0.4447,1.9203
21.1798,0.4434,1.9128
21.1800,0.4457,1.9227
21.1802,0.4498,1.9429
21.1804,0.4862,2.1004
21.1806,0.4427,1.9106
21.1808,0.4381,1.8918
21.1810,0.4689,2.0239
21.1812,0.4818,2.0774
21.1814,0.4748,2.0483
21.1816,0.4448,1.9199
21.1818,0.4313,1.8606
21.1820,0.4331,1.8692
21.1822,0.462,1.9939
21.1824,0.5012,2.1611
21.1826,0.5385,2.3176
21.1828,0.5995,2.5803
21.1830,0.6604,2.8425
21.1832,0.6721,2.8885
21.1834,0.6988,3.002
21.1836,0.7137,3.0673
21.1838,0.6858,2.9478
21.1840,0.6832,2.9419
21.1842,0.6736,2.8979
21.1844,0.674,2.8981
21.1846,0.7026,3.0199
21.1848,0.7145,3.0709
21.1850,0.738,3.1705
21.1852,0.7878,3.3858
21.1854,0.7494,3.2179
21.1856,0.7494,3.2194
21.1858,0.7396,3.1786
21.1860,0.8338,3.5804
21.1862,0.8195,3.5142
21.1864,0.852,3.6637
21.1866,0.7498,3.2224
21.1868,0.7694,3.3069
21.1870,0.7061,3.0377
21.1872,0.6447,2.7774
21.1874,0.559,2.4092
21.1876,0.6073,2.6175
21.1878,0.6421,2.7622
21.1880,0.6724,2.8914
21.1882,0.6897,2.9656
21.1884,0.7182,3.0898
21.1886,0.6585,2.8382
21.1888,0.5369,2.3174
21.1890,0.5085,2.1937
21.1892,0.5348,2.3059
21.1894,0.5746,2.4753
21.1896,0.5741,2.4743
21.1898,0.5221,2.248
21.1900,0.5302,2.2863
21.1902,0.5035,2.172
21.1904,0.5265,2.2702
21.1906,0.5147,2.2206
21.1908,0.5075,2.1885
21.1910,0.5667,2.4423
21.1912,0.5747,2.4769
21.1914,0.5406,2.3291
21.1916,0.5237,2.2573
21.1918,0.5349,2.3064
21.1920,0.5132,2.2139
21.1922,0.4652,2.0088
21.1924,0.4055,1.7526
21.1926,0.3945,1.7049
21.1928,0.3975,1.7163
21.1930,0.4382,1.888
21.1932,0.4998,2.1579
21.1934,0.4211,1.8175
21.1936,0.4453,1.9211
21.1938,0.4151,1.7899
21.1940,0.5114,2.203
21.1942,0.5934,2.5575
21.1944,0.5261,2.2697
21.1946,0.4791,2.0679
21.1948,0.4802,2.0697
21.1950,0.4754,2.05
21.1952,0.4674,2.0163
21.1954,0.4661,2.0106
21.1956,0.4617,1.9892
21.1958,0.4693,2.0236
21.1960,0.4707,2.0308
21.1962,0.485,2.0923
21.1964,0.5153,2.2211
21.1966,0.5519,2.3732
21.1968,0.6071,2.6116
21.1970,0.5745,2.4736
21.1972,0.5904,2.5399
21.1974,0.6382,2.7393
21.1976,0.7472,3.2131
21.1978,0.7163,3.0801
21.1980,0.758,3.2519
21.1982,0.7954,3.414
21.1984,0.831,3.5619
21.1986,0.9075,3.8915
21.1988,0.8705,3.7275
21.1990,0.9756,4.168
21.1992,1.1073,4.7348
21.1994,1.1098,4.7456
21.1996,1.1378,4.8628
21.1998,1.1071,4.7404
21.2000,0.9975,4.2752
21.2002,0.9521,4.0828
21.2004,0.9246,3.9664
21.2006,0.8885,3.808
21.2008,0.9242,3.9649
21.2010,0.9231,3.9621
21.2012,0.9342,4.0057
21.2014,0.9149,3.9211
21.2016,0.9441,4.0465
21.2018,0.9446,4.0561
21.2020,0.7536,3.2389
21.2022,0.7504,3.2235
21.2024,0.7866,3.3775
21.2026,0.8224,3.5331
21.2028,0.8173,3.5109
21.2030,0.8357,3.5836
21.2032,0.9038,3.8702
21.2034,0.978,4.1939
21.2036,0.9095,3.8998
21.2038,0.9969,4.2726
21.2040,0.9929,4.2556
21.2042,0.9882,4.2316
21.2044,1.0104,4.3266
21.2046,1.1048,4.7307
21.2048,1.1014,4.7119
21.2050,1.0621,4.5543
21.2052,0.9581,4.1085
21.2054,0.9344,4.0086
21.2056,0.9403,4.0432
21.2058,0.7602,3.2688
21.2060,0.7352,3.166
21.2062,0.6879,2.9634
21.2064,0.6619,2.8487
21.2066,0.6587,2.8352
21.2068,0.6472,2.7857
21.2070,0.6528,2.812
21.2072,0.6539,2.8146
21.2074,0.7039,3.0284
21.2076,0.7428,3.1955
21.2078,0.7637,3.2837
21.2080,0.759,3.2621
21.2082,0.759,3.2621
21.2084,0.7532,3.2419
21.2086,0.6933,2.9853
21.2088,0.6721,2.8939
21.2090,0.7089,3.0524
21.2092,0.6643,2.859
21.2094,0.6705,2.8872
21.2096,0.6641,2.8598
21.2098,0.6645,2.864
21.2100,0.5872,2.5271
21.2102,0.6459,2.7852
21.2104,0.5784,2.4929
21.2106,0.583,2.5137
21.2108,0.5737,2.4728
21.2110,0.5657,2.4393
21.2112,0.5742,2.4749
21.2114,0.5798,2.4991
21.2116,0.6137,2.6375
21.2118,0.7344,3.1609
21.2120,0.6677,2.8806
21.2122,0.5182,2.2377
21.2124,0.4872,2.1016
21.2126,0.5109,2.203
21.2128,0.5364,2.3131
21.2130,0.5288,2.2811
21.2132,0.5342,2.3033
21.2134,0.5837,2.5157
21.2136,0.5863,2.5271
21.2138,0.5483,2.3654
21.2140,0.547,2.3597
21.2142,0.546,2.3534
21.2144,0.544,2.3457
21.2146,0.5436,2.3409
21.2148,0.6466,2.7805
21.2150,0.7375,3.1772
21.2152,0.5807,2.5039
21.2154,0.5253,2.2672
21.2156,0.5206,2.2459
21.2158,0.5245,2.2604
21.2160,0.5267,2.2723
21.2162,0.5294,2.2816
21.2164,0.5747,2.4723
21.2166,0.6176,2.6607
21.2168,0.6216,2.679
21.2170,0.6464,2.7834
21.2172,0.6337,2.7274
21.2174,0.6312,2.7165
21.2176,0.6327,2.7245
21.2178,0.632,2.7202
21.2180,0.644,2.7679
21.2182,0.7315,3.1397
21.2184,0.891,3.8242
21.2186,0.8604,3.7015
21.2188,0.7337,3.1563
21.2190,0.6641,2.8585
21.2192,0.6179,2.6617
21.2194,0.6077,2.6178
21.2196,0.6061,2.6099
21.2198,0.6108,2.63
21.2200,0.6113,2.6345
21.2202,0.6128,2.6413
21.2204,0.6086,2.6207
21.2206,0.6107,2.6271
21.2208,0.7023,3.0198
21.2210,0.7246,3.1171
21.2212,0.736,3.1602
21.2214,0.7498,3.2194
21.2216,0.8074,3.4671
21.2218,0.8219,3.531
21.2220,0.7984,3.4349
21.2222,0.7102,3.0538
21.2224,0.6725,2.8946
21.2226,0.6553,2.819
21.2228,0.6628,2.8528
21.2230,0.6771,2.9088
21.2232,0.758,3.2565
21.2234,0.765,3.2909
21.2236,0.7621,3.277
21.2238,0.7243,3.1161
21.2240,0.6938,2.9845
21.2242,0.7012,3.0165
21.2244,0.668,2.875
21.2246,0.667,2.8695
21.2248,0.7291,3.1309
21.2250,0.7453,3.2063
21.2252,0.6956,2.9951
21.2254,0.6248,2.6904
21.2256,0.6182,2.662
21.2258,0.6236,2.684
21.2260,0.6772,2.912
21.2262,0.7646,3.2802
21.2264,0.8062,3.4652
21.2266,0.7506,3.2275
21.2268,0.7451,3.2008
21.2270,0.8121,3.4904
21.2272,0.7337,3.1563
21.2274,0.6908,2.973
21.2276,0.6772,2.9134
21.2278,0.7074,3.0448
21.2280,0.574,2.4727
21.2282,0.5767,2.4869
21.2284,0.5161,2.2273
21.2286,0.4896,2.1129
21.2288,0.53,2.2831
21.2290,0.5673,2.446
21.2292,0.4963,2.139
21.2294,0.4986,2.1478
21.2296,0.5308,2.2857
21.2298,0.5836,2.5128
21.2300,0.6109,2.6342
21.2302,0.5723,2.4654
21.2304,0.6005,2.5832
21.2306,0.6972,2.9981
21.2308,0.7382,3.1715
21.2310,0.7261,3.1224
21.2312,0.7328,3.1468
21.2314,0.8008,3.4388
21.2316,0.8078,3.4686
21.2318,0.9229,3.9537
21.2320,1.0193,4.3666
21.2322,0.989,4.2347
21.2324,0.9754,4.1786
21.2326,0.9706,4.1581
21.2328,0.9709,4.1611
21.2330,0.9663,4.1435
21.2332,0.9483,4.0682
21.2334,0.9366,4.016
21.2336,0.9756,4.1816
21.2338,0.9971,4.2736
21.2340,0.9608,4.1198
21.2342,0.9698,4.1564
21.2344,0.974,4.1744
21.2346,0.9782,4.1963
21.2348,0.9268,3.9817
21.2350,0.8514,3.6577
21.2352,0.8426,3.6213
21.2354,0.8364,3.5883
21.2356,0.8926,3.8291
21.2358,0.8957,3.8424
21.2360,0.8221,3.5381
21.2362,0.7115,3.0652
21.2364,0.6717,2.8923
21.2366,0.6989,3.0095
21.2368,0.698,3.004
21.2370,0.703,3.0229
21.2372,0.7346,3.1575
21.2374,0.709,3.05
21.2376,0.7055,3.0379
21.2378,0.6969,2.9993
21.2380,0.7801,3.3466
21.2382,0.9102,3.9083
21.2384,0.8547,3.6785
21.2386,0.7239,3.1097
21.2388,0.7623,3.2765
21.2390,0.7699,3.3136
21.2392,0.7223,3.1073
21.2394,0.6935,2.9877
21.2396,0.6583,2.8384
21.2398,0.6102,2.6299
21.2400,0.5995,2.5827
21.2402,0.6298,2.7146
21.2404,0.5761,2.4866
21.2406,0.5074,2.189
21.2408,0.5338,2.3039
21.2410,0.5157,2.2227
21.2412,0.6361,2.7377
21.2414,0.6575,2.8327
21.2416,0.6704,2.8853
21.2418,0.7151,3.0806
21.2420,0.6334,2.7314
21.2422,0.6152,2.6504
21.2424,0.6387,2.7516
21.2426,0.5965,2.5698
21.2428,0.567,2.445
21.2430,0.5241,2.2599
21.2432,0.5734,2.4712
21.2434,0.6469,2.7854
21.2436,0.6421,2.7661
21.2438,0.6567,2.8291
21.2440,0.6248,2.6892
21.2442,0.6033,2.6016
21.2444,0.5233,2.2563
21.2446,0.632,2.7151
21.2448,0.7766,3.3425
21.2450,0.6926,2.9822
21.2452,0.6679,2.8745
21.2454,0.6637,2.8564
21.2456,0.6729,2.8961
21.2458,0.6355,2.7364
21.2460,0.6409,2.7622
21.2462,0.5658,2.4443
21.2464,0.4675,2.0196
21.2466,0.4429,1.9125
21.2468,0.453,1.956
21.2470,0.4626,1.9984
21.2472,0.4489,1.9375
21.2474,0.4476,1.9309
21.2476,0.4471,1.9307
21.2478,0.4498,1.9429
21.2480,0.4508,1.9467
21.2482,0.4476,1.9318
21.2484,0.4477,1.9332
21.2486,0.4465,1.929
21.2488,0.4484,1.9346
21.2490,0.4499,1.9408
21.2492,0.4471,1.9289
21.2494,0.4459,1.9237
21.2496,0.4775,2.0578
21.2498,0.5386,2.3235
21.2500,0.5488,2.3653
21.2502,0.55,2.3683
21.2504,0.5834,2.5112
21.2506,0.6296,2.7124
21.2508,0.5757,2.4822
21.2510,0.5551,2.3916
21.2512,0.5565,2.3984
21.2514,0.5602,2.4155
21.2516,0.6085,2.6214
21.2518,0.5995,2.5803
21.2520,0.6261,2.6924
21.2522,0.6868,2.956
21.2524,0.6583,2.8292
21.2526,0.7205,3.0996
21.2528,0.6464,2.7847
21.2530,0.545,2.3499
21.2532,0.5357,2.31
21.2534,0.537,2.3157
21.2536,0.5414,2.3322
21.2538,0.5411,2.3322
21.2540,0.5472,2.3564
21.2542,0.6188,2.6622
21.2544,0.6492,2.7927
21.2546,0.687,2.9529
21.2548,0.7625,3.2755
21.2550,0.8109,3.4853
21.2552,0.7294,3.1363
21.2554,0.6129,2.6442
21.2556,0.5265,2.2713
21.2558,0.5115,2.2056
21.2560,0.493,2.124
21.2562,0.524,2.2583
21.2564,0.5372,2.3163
21.2566,0.5958,2.5691
21.2568,0.5406,2.3302
21.2570,0.5152,2.2216
21.2572,0.4975,2.1461
21.2574,0.5119,2.2061
21.2576,0.5067,2.1829
21.2578,0.5113,2.2046
21.2580,0.502,2.1638
21.2582,0.5679,2.4452
21.2584,0.5561,2.3957
21.2586,0.5403,2.3308
21.2588,0.5392,2.325
21.2590,0.5452,2.3465
21.2592,0.5605,2.4182
21.2594,0.5131,2.2134
21.2596,0.4342,1.873
21.2598,0.406,1.7539
21.2600,0.4168,1.798
21.2602,0.5043,2.1726
21.2604,0.5406,2.3312
21.2606,0.4897,2.1096
21.2608,0.5611,2.4152
21.2610,0.5753,2.4807
21.2612,0.4933,2.126
21.2614,0.4981,2.1467
21.2616,0.5019,2.1642
21.2618,0.5016,2.1617
21.2620,0.515,2.2196
21.2622,0.5358,2.3063
21.2624,0.5863,2.5224
21.2626,0.6047,2.6013
21.2628,0.6304,2.7122
21.2630,0.667,2.8682
21.2632,0.7223,3.0972
21.2634,0.8555,3.6735
21.2636,0.802,3.4455
21.2638,0.7975,3.4212
21.2640,0.8332,3.5761
21.2642,0.8032,3.4458
21.2644,0.8203,3.5205
21.2646,0.8026,3.4401
21.2648,0.8627,3.6975
21.2650,0.9123,3.9139
21.2652,0.9332,3.9922
21.2654,1.0428,4.459
21.2656,1.0219,4.3759
21.2658,0.9914,4.245
21.2660,1.0015,4.2866
21.2662,1.0053,4.3146
21.2664,0.8639,3.7061
21.2666,0.9417,4.0324
21.2668,0.9971,4.2716
21.2670,0.9788,4.193
21.2672,0.9476,4.0671
21.2674,0.8259,3.5431
21.2676,0.7784,3.344
21.2678,0.7948,3.4194
21.2680,0.7554,3.2451
21.2682,0.7996,3.4336
21.2684,0.8108,3.4847
21.2686,0.8242,3.5392
21.2688,0.8151,3.5017
21.2690,0.7634,3.2797
21.2692,0.7408,3.1838
21.2694,0.7271,3.1265
21.2696,0.7059,3.0338
21.2698,0.7396,3.1816
21.2700,0.7608,3.2668
21.2702,0.8109,3.4804
21.2704,0.8144,3.4986
21.2706,0.8328,3.5746
21.2708,0.8942,3.8398
21.2710,0.8248,3.5384
21.2712,0.8632,3.703
21.2714,0.8363,3.5945
21.2716,0.7851,3.3729
21.2718,0.8105,3.4772
21.2720,0.8699,3.7353
21.2722,0.8021,3.4492
21.2724,0.7482,3.2202
21.2726,0.7006,3.0139
21.2728,0.7153,3.0774
21.2730,0.7733,3.325
21.2732,0.7644,3.2899
21.2734,0.6393,2.7529
21.2736,0.641,2.7614
21.2738,0.644,2.7705
21.2740,0.6692,2.8788
21.2742,0.681,2.934
21.2744,0.6348,2.7358
21.2746,0.6569,2.8249
21.2748,0.7307,3.1463
21.2750,0.6237,2.6858
21.2752,0.6205,2.6719
21.2754,0.6673,2.8732
21.2756,0.6607,2.8461
21.2758,0.6191,2.6669
21.2760,0.5761,2.4854
21.2762,0.5625,2.4265
21.2764,0.5668,2.444
21.2766,0.5631,2.4268
21.2768,0.5773,2.4837
21.2770,0.63,2.7126
21.2772,0.6373,2.7441
21.2774,0.6488,2.7911
21.2776,0.6018,2.5949
21.2778,0.5651,2.4367
21.2780,0.5858,2.5215
21.2782,0.69,2.9658
21.2784,0.7438,3.2026
21.2786,0.6153,2.6546
21.2788,0.487,2.1011
21.2790,0.4769,2.0581
21.2792,0.503,2.1689
21.2794,0.5312,2.2915
21.2796,0.5465,2.3577
21.2798,0.5217,2.2506
21.2800,0.5291,2.2806
21.2802,0.5416,2.3365
21.2804,0.5297,2.2842
21.2806,0.5255,2.265
21.2808,0.5195,2.2402
21.2810,0.5247,2.2625
21.2812,0.518,2.2346
21.2814,0.5563,2.3956
21.2816,0.6687,2.8781
21.2818,0.6156,2.6519
21.2820,0.5596,2.4073
21.2822,0.643,2.7676
21.2824,0.6319,2.7222
21.2826,0.6276,2.7023
21.2828,0.6601,2.8409
21.2830,0.6746,2.902
21.2832,0.6656,2.8647
21.2834,0.6704,2.884
21.2836,0.715,3.0744
21.2838,0.7186,3.0841
21.2840,0.7649,3.2858
21.2842,0.7852,3.3718
21.2844,0.8213,3.5284
21.2846,0.7747,3.3312
21.2848,0.7704,3.3111
21.2850,0.8054,3.4599
21.2852,0.7945,3.4115
21.2854,0.7934,3.4037
21.2856,0.8904,3.818
21.2858,0.9356,4.0119
21.2860,0.9135,3.9227
21.2862,0.8517,3.6605
21.2864,0.7725,3.3219
21.2866,0.795,3.4135
21.2868,0.8506,3.6507
21.2870,0.8388,3.6037
21.2872,0.7778,3.3461
21.2874,0.7236,3.1086
21.2876,0.7433,3.1961
21.2878,0.7971,3.4244
21.2880,0.8176,3.5125
21.2882,0.8423,3.6135
21.2884,0.9488,4.0646
21.2886,0.9375,4.0238
21.2888,0.8181,3.5162
21.2890,0.7191,3.0948
21.2892,0.6861,2.9543
21.2894,0.6981,3.0059
21.2896,0.6137,2.6486
21.2898,0.54,2.3297
21.2900,0.5243,2.2599
21.2902,0.5402,2.327
21.2904,0.5861,2.5248
21.2906,0.5789,2.4939
21.2908,0.5783,2.4924
21.2910,0.596,2.5701
21.2912,0.5972,2.5729
21.2914,0.627,2.6972
21.2916,0.6647,2.8624
21.2918,0.6053,2.6075
21.2920,0.6366,2.741
21.2922,0.611,2.6323
21.2924,0.5822,2.5083
21.2926,0.5833,2.5141
21.2928,0.5866,2.5281
21.2930,0.5918,2.5496
21.2932,0.5863,2.5259
21.2934,0.6007,2.5867
21.2936,0.6144,2.6455
21.2938,0.5868,2.5303
21.2940,0.5717,2.464
21.2942,0.5709,2.4604
21.2944,0.5729,2.4692
21.2946,0.5735,2.4683
21.2948,0.6657,2.8652
21.2950,0.6488,2.795
21.2952,0.5857,2.5221
21.2954,0.5798,2.4968
21.2956,0.6339,2.7284
21.2958,0.6832,2.9432
21.2960,0.6119,2.6359
21.2962,0.5898,2.5397
21.2964,0.643,2.7689
21.2966,0.6827,2.9357
21.2968,0.7018,3.0149
21.2970,0.7771,3.3446
21.2972,0.6733,2.895
21.2974,0.747,3.2136
21.2976,0.7131,3.0662
21.2978,0.739,3.1746
21.2980,0.7863,3.3749
21.2982,0.8776,3.7595
21.2984,0.9104,3.9021
21.2986,0.9063,3.89
21.2988,0.8972,3.8491
21.2990,0.9108,3.9036
21.2992,0.9396,4.0288
21.2994,0.9628,4.1247
21.2996,0.9685,4.1527
21.2998,0.9666,4.1372
21.3000,0.9754,4.1844
21.3002,1.0001,4.2904
21.3004,0.9744,4.1764
21.3006,0.963,4.1257
21.3008,1.0162,4.3573
21.3010,0.9734,4.1757
21.3012,0.9527,4.0834
21.3014,0.9297,3.9922
21.3016,0.8793,3.7724
21.3018,0.8976,3.8542
21.3020,0.8602,3.697
21.3022,0.8533,3.6608
21.3024,0.8871,3.8094
21.3026,0.8,3.4431
21.3028,0.7246,3.1185
21.3030,0.7248,3.1181
21.3032,0.7231,3.1123
21.3034,0.7008,3.0177
21.3036,0.7186,3.0927
21.3038,0.7602,3.2687
21.3040,0.7882,3.3878
21.3042,0.7717,3.3151
21.3044,0.8242,3.5391
21.3046,0.9127,3.9154
21.3048,0.8883,3.8216
21.3050,0.8069,3.4682
21.3052,0.8367,3.5943
21.3054,0.7731,3.3244
21.3056,0.7645,3.2888
21.3058,0.6983,3.0097
21.3060,0.6458,2.7782
21.3062,0.7176,3.0857
21.3064,0.7238,3.1168
21.3066,0.6871,2.9644
21.3068,0.62,2.6735
21.3070,0.6107,2.6319
21.3072,0.6509,2.8029
21.3074,0.7169,3.0869
21.3076,0.6354,2.7371
21.3078,0.5955,2.5644
21.3080,0.646,2.7844
21.3082,0.6549,2.8187
21.3084,0.6477,2.7929
21.3086,0.5842,2.5189
21.3088,0.6089,2.6266
21.3090,0.5295,2.2831
21.3092,0.5743,2.4742
21.3094,0.5866,2.5292
21.3096,0.5571,2.4031
21.3098,0.5843,2.5194
21.3100,0.5803,2.5012
21.3102,0.5814,2.5058
21.3104,0.5565,2.4017
21.3106,0.519,2.2381
21.3108,0.5499,2.3732
21.3110,0.5019,2.1662
21.3112,0.4885,2.1092
21.3114,0.4821,2.0789
21.3116,0.5638,2.4276
21.3118,0.6682,2.8786
21.3120,0.6644,2.8648
21.3122,0.5177,2.2345
21.3124,0.4812,2.0776
21.3126,0.4966,2.1444
21.3128,0.4935,2.129
21.3130,0.4924,2.1263
21.3132,0.4222,1.8238
21.3134,0.4084,1.7658
21.3136,0.4035,1.743
21.3138,0.3984,1.7212
21.3140,0.4313,1.8614
21.3142,0.4575,1.9738
21.3144,0.4526,1.9499
21.3146,0.5327,2.2971
21.3148,0.5189,2.2407
21.3150,0.4646,2.0062
21.3152,0.4605,1.9886
21.3154,0.4577,1.9771
21.3156,0.4724,2.037
21.3158,0.5309,2.2861
21.3160,0.6015,2.5914
21.3162,0.558,2.405
21.3164,0.5674,2.4442
21.3166,0.573,2.4685
21.3168,0.5581,2.4056
21.3170,0.5523,2.3813
21.3172,0.5512,2.3767
21.3174,0.5514,2.3777
21.3176,0.5571,2.402
21.3178,0.556,2.394
21.3180,0.5603,2.4137
21.3182,0.5808,2.4974
21.3184,0.6997,3.0033
21.3186,0.775,3.3342
21.3188,0.7278,3.131
21.3190,0.717,3.0831
21.3192,0.6419,2.7668
21.3194,0.5434,2.3431
21.3196,0.5369,2.3152
21.3198,0.5351,2.3063
21.3200,0.5298,2.2847
21.3202,0.5297,2.2831
21.3204,0.5599,2.4133
21.3206,0.5554,2.3915
21.3208,0.5985,2.5749
21.3210,0.6383,2.7475
21.3212,0.6903,2.9626
21.3214,0.7415,3.1853
21.3216,0.7165,3.0782
21.3218,0.7431,3.1911
21.3220,0.7307,3.1477
21.3222,0.6253,2.6912
21.3224,0.6276,2.6985
21.3226,0.6936,2.9881
21.3228,0.6105,2.629
21.3230,0.6138,2.6392
21.3232,0.6549,2.82
21.3234,0.5922,2.5511
21.3236,0.6279,2.7026
21.3238,0.6788,2.92
21.3240,0.6497,2.7965
21.3242,0.6481,2.7906
21.3244,0.6,2.5847
21.3246,0.5726,2.4681
21.3248,0.5659,2.4369
21.3250,0.6181,2.6578
21.3252,0.6459,2.78
21.3254,0.6782,2.9174
21.3256,0.7134,3.0662
21.3258,0.671,2.8838
21.3260,0.7256,3.1159
21.3262,0.7976,3.428
21.3264,0.7481,3.2152
21.3266,0.7075,3.0424
21.3268,0.6442,2.7753
21.3270,0.5927,2.5568
21.3272,0.5422,2.339
21.3274,0.4837,2.0856
21.3276,0.4886,2.1058
21.3278,0.4858,2.0949
21.3280,0.488,2.1052
21.3282,0.4796,2.07
21.3284,0.4824,2.0809
21.3286,0.4881,2.1047
21.3288,0.4837,2.0866
21.3290,0.4874,2.1026
21.3292,0.4861,2.096
21.3294,0.5066,2.1834
21.3296,0.5433,2.3371
21.3298,0.609,2.621
21.3300,0.5969,2.5701
21.3302,0.5828,2.5097
21.3304,0.6439,2.766
21.3306,0.7388,3.1755
21.3308,0.7364,3.1666
21.3310,0.7078,3.0378
21.3312,0.7865,3.3759
21.3314,0.8445,3.6278
21.3316,0.7978,3.4226
21.3318,0.8427,3.615
21.3320,0.9068,3.8848
21.3322,0.9243,3.9653
21.3324,0.896,3.8421
21.3326,0.9181,3.933
21.3328,0.9296,3.9842
21.3330,0.8579,3.6821
21.3332,0.7979,3.4263
21.3334,0.7964,3.4212
21.3336,0.8112,3.4835
21.3338,0.835,3.5838
21.3340,0.8019,3.4433
21.3342,0.8009,3.4392
21.3344,0.8521,3.6522
21.3346,0.935,4.0055
21.3348,0.9162,3.9322
21.3350,0.8788,3.7716
21.3352,0.8952,3.8385
21.3354,0.9575,4.102
21.3356,1.0052,4.3085
21.3358,0.9331,4.001
21.3360,0.9165,3.9337
21.3362,0.8737,3.7552
21.3364,0.8114,3.4873
21.3366,0.8445,3.6227
21.3368,0.8912,3.8305
21.3370,0.7868,3.3832
21.3372,0.779,3.3481
21.3374,0.7795,3.3455
21.3376,0.7967,3.4228
21.3378,0.7612,3.2688
21.3380,0.7975,3.4275
21.3382,0.8265,3.5522
21.3384,0.784,3.3776
21.3386,0.6951,2.9888
21.3388,0.715,3.0758
21.3390,0.6981,3.0017
21.3392,0.7368,3.1726
21.3394,0.6264,2.6984
21.3396,0.6416,2.764
21.3398,0.6604,2.8424
21.3400,0.6959,2.9979
21.3402,0.58,2.4996
21.3404,0.6189,2.6626
21.3406,0.6975,3.0074
21.3408,0.5849,2.5185
21.3410,0.6307,2.7132
21.3412,0.6634,2.8593
21.3414,0.6067,2.6161
21.3416,0.5882,2.5317
21.3418,0.6493,2.7918
21.3420,0.6722,2.8943
21.3422,0.6937,2.9789
21.3424,0.8029,3.4523
21.3426,0.7648,3.2873
21.3428,0.8066,3.4634
21.3430,0.8662,3.7228
21.3432,0.8201,3.5232
21.3434,0.8026,3.448
21.3436,0.8695,3.732
21.3438,0.9145,3.9231
21.3440,0.7891,3.3961
21.3442,0.6562,2.8283
21.3444,0.6199,2.6643
21.3446,0.8148,3.4989
21.3448,0.8138,3.4992
21.3450,0.7617,3.2754
21.3452,0.7983,3.4343
21.3454,0.7172,3.0798
21.3456,0.7995,3.4314
21.3458,0.8128,3.4951
21.3460,0.702,3.0229
21.3462,0.6964,2.9972
21.3464,0.715,3.0758
21.3466,0.6753,2.9091
21.3468,0.6122,2.6374
21.3470,0.606,2.6154
21.3472,0.4832,2.0826
21.3474,0.4927,2.1264
21.3476,0.5737,2.4647
21.3478,0.7882,3.3957
21.3480,0.6544,2.8232
21.3482,0.5512,2.3767
21.3484,0.5369,2.3152
21.3486,0.5351,2.3063
21.3488,0.5718,2.4633
21.3490,0.6478,2.7895
21.3492,0.6512,2.804
21.3494,0.6429,2.7684
21.3496,0.6391,2.7518
21.3498,0.6387,2.749
21.3500,0.6388,2.7495
21.3502,0.6421,2.7647
21.3504,0.6807,2.9242
21.3506,0.8111,3.483
21.3508,0.8114,3.484
21.3510,0.828,3.5523
21.3512,0.8779,3.7715
21.3514,0.7502,3.2319
21.3516,0.6355,2.7376
21.3518,0.6103,2.6279
21.3520,0.6097,2.6241
21.3522,0.6096,2.6248
21.3524,0.6166,2.6565
21.3526,0.614,2.6476
21.3528,0.6056,2.6102
21.3530,0.6075,2.6148
21.3532,0.6107,2.6295
21.3534,0.6148,2.6488
21.3536,0.6081,2.6198
21.3538,0.6398,2.7498
21.3540,0.6991,3.0063
21.3542,0.7347,3.1624
21.3544,0.7189,3.0928
21.3546,0.7717,3.312
21.3548,0.8054,3.4615
21.3550,0.7744,3.3394
21.3552,0.5972,2.5764
21.3554,0.5652,2.4349
21.3556,0.6031,2.5982
21.3558,0.6027,2.6002
21.3560,0.5796,2.4969
21.3562,0.6318,2.7216
21.3564,0.617,2.6556
21.3566,0.6608,2.8453
21.3568,0.6352,2.7404
21.3570,0.5032,2.1719
21.3572,0.4744,2.0477
21.3574,0.4719,2.0387
21.3576,0.5298,2.2826
21.3578,0.6283,2.7066
21.3580,0.5521,2.3852
21.3582,0.4595,1.983
21.3584,0.458,1.9777
21.3586,0.4366,1.8842
21.3588,0.4659,2.0091
21.3590,0.5626,2.4247
21.3592,0.5402,2.3291
21.3594,0.5812,2.5025
21.3596,0.6455,2.7797
21.3598,0.6137,2.6436
21.3600,0.5912,2.547
21.3602,0.6116,2.6336
21.3604,0.6382,2.7457
21.3606,0.658,2.8334
21.3608,0.6689,2.879
21.3610,0.6922,2.9778
21.3612,0.6834,2.9429
21.3614,0.6478,2.7895
21.3616,0.664,2.8566
21.3618,0.7115,3.0551
21.3620,0.7628,3.2801
21.3622,0.7053,3.0354
21.3624,0.6834,2.9415
21.3626,0.7214,3.0993
21.3628,0.791,3.3933
21.3630,0.9268,3.9742
21.3632,0.9031,3.8725
21.3634,0.8647,3.7079
21.3636,0.9322,3.9899
21.3638,1.067,4.5646
21.3640,1.0575,4.5262
21.3642,1.1117,4.7559
21.3644,1.1298,4.8243
21.3646,1.2491,5.3313
21.3648,1.234,5.2742
21.3650,1.2062,5.1505
21.3652,1.2488,5.3322
21.3654,1.2678,5.4187
21.3656,1.204,5.1461
21.3658,1.2263,5.2487
21.3660,1.1513,4.9183
21.3662,1.2123,5.1742
21.3664,1.2491,5.3387
21.3666,1.2243,5.2327
21.3668,1.2034,5.1555
21.3670,1.0745,4.6012
21.3672,1.0698,4.5807
21.3674,1.0573,4.5379
21.3676,1.0033,4.2982
21.3678,1.0584,4.5298
21.3680,1.0587,4.5483
21.3682,0.8718,3.7487
21.3684,0.8096,3.4844
21.3686,0.7969,3.4265
21.3688,0.7963,3.4271
21.3690,0.7207,3.0991
21.3692,0.8096,3.4779
21.3694,0.8419,3.617
21.3696,0.8906,3.8225
21.3698,0.9261,3.9749
21.3700,0.9997,4.2888
21.3702,1.0281,4.4149
21.3704,0.9317,4.0084
21.3706,0.8399,3.6065
21.3708,0.8882,3.8122
21.3710,0.9142,3.9239
21.3712,0.9356,4.023
21.3714,0.8243,3.5429
21.3716,0.8531,3.6734
21.3718,0.7496,3.2264
21.3720,0.7453,3.2063
21.3722,0.7556,3.2537
21.3724,0.6916,2.9821
21.3726,0.6778,2.9213
21.3728,0.6941,2.9916
21.3730,0.6296,2.7161
21.3732,0.6037,2.6044
21.3734,0.6798,2.9301
21.3736,0.6659,2.8715
21.3738,0.609,2.6259
21.3740,0.5994,2.5833
21.3742,0.6686,2.8775
21.3744,0.7282,3.1383
21.3746,0.6749,2.9116
21.3748,0.5937,2.5602
21.3750,0.5806,2.5045
21.3752,0.5963,2.5723
21.3754,0.6285,2.7064
21.3756,0.6415,2.7647
21.3758,0.6176,2.6607
21.3760,0.6261,2.7011
21.3762,0.6027,2.6002
21.3764,0.6175,2.6638
21.3766,0.6027,2.6002
21.3768,0.5911,2.55
21.3770,0.624,2.6855
21.3772,0.6716,2.8904
21.3774,0.72,3.096
21.3776,0.7542,3.249
21.3778,0.5982,2.5842
21.3780,0.4471,1.9333
21.3782,0.4469,1.9305
21.3784,0.5259,2.2687
21.3786,0.5194,2.2418
21.3788,0.5132,2.2149
21.3790,0.5309,2.2904
21.3792,0.5246,2.2651
21.3794,0.5063,2.1864
21.3796,0.4904,2.1175
21.3798,0.4845,2.0921
21.3800,0.4999,2.1574
21.3802,0.5367,2.3141
21.3804,0.5063,2.1874
21.3806,0.458,1.9786
21.3808,0.4495,1.9401
21.3810,0.4738,2.047
21.3812,0.4786,2.0658
21.3814,0.5213,2.2469
21.3816,0.5821,2.5066
21.3818,0.6525,2.807
21.3820,0.6997,3.0145
21.3822,0.6747,2.9052
21.3824,0.673,2.8953
21.3826,0.7057,3.0375
21.3828,0.7017,3.0185
21.3830,0.7027,3.0218
21.3832,0.7523,3.2362
21.3834,0.7599,3.2662
21.3836,0.788,3.3868
21.3838,0.7357,3.1635
21.3840,0.776,3.3337
21.3842,0.8228,3.5329
21.3844,0.8356,3.593
21.3846,0.7495,3.2303
21.3848,0.6086,2.6268
21.3850,0.5561,2.3957
21.3852,0.555,2.3932
21.3854,0.5891,2.5377
21.3856,0.6285,2.7064
21.3858,0.662,2.8491
21.3860,0.6645,2.8586
21.3862,0.6647,2.8636
21.3864,0.6431,2.7745
21.3866,0.5584,2.4066
21.3868,0.5931,2.5541
21.3870,0.6843,2.9424
21.3872,0.7825,3.3631
21.3874,0.7148,3.081
21.3876,0.6348,2.7307
21.3878,0.6788,2.9282
21.3880,0.5264,2.2739
21.3882,0.4682,2.0217
21.3884,0.4621,1.9953
21.3886,0.4532,1.9579
21.3888,0.4509,1.9481
21.3890,0.4403,1.9002
21.3892,0.4659,2.0091
21.3894,0.5135,2.2144
21.3896,0.4948,2.1367
21.3898,0.496,2.1418
21.3900,0.5073,2.1865
21.3902,0.5319,2.2945
21.3904,0.5056,2.1812
21.3906,0.5671,2.4398
21.3908,0.663,2.8551
21.3910,0.603,2.5988
21.3912,0.5453,2.3503
21.3914,0.5132,2.2138
21.3916,0.509,2.1967
21.3918,0.5189,2.2397
21.3920,0.4291,1.853
21.3922,0.4732,2.0378
21.3924,0.5376,2.3193
21.3926,0.4946,2.1337
21.3928,0.5059,2.1813
21.3930,0.5488,2.3686
21.3932,0.494,2.1301
21.3934,0.4815,2.0782
21.3936,0.4857,2.0964
21.3938,0.485,2.0903
21.3940,0.4842,2.0877
21.3942,0.4886,2.1078
21.3944,0.4815,2.0773
21.3946,0.4796,2.069
21.3948,0.4795,2.0675
21.3950,0.4854,2.0958
21.3952,0.4873,2.1021
21.3954,0.49,2.113
21.3956,0.5114,2.202
21.3958,0.5641,2.428
21.3960,0.6373,2.7428
21.3962,0.6087,2.6224
21.3964,0.5936,2.5538
21.3966,0.7077,3.0429
21.3968,0.7447,3.2022
21.3970,0.7355,3.161
21.3972,0.791,3.3933
21.3974,0.8552,3.6656
21.3976,0.8182,3.5134
21.3978,0.7826,3.3573
21.3980,0.8463,3.6288
21.3982,0.9162,3.9248
21.3984,0.9784,4.1914
21.3986,0.9846,4.2142
21.3988,0.968,4.1448
21.3990,0.9992,4.2768
21.3992,0.9906,4.2458
21.3994,0.9532,4.0854
21.3996,0.9781,4.1904
21.3998,0.965,4.1377
21.4000,0.9421,4.0452
21.4002,0.8547,3.6682
21.4004,0.7978,3.4258
21.4006,0.8503,3.6479
21.4008,0.9096,3.9057
21.4010,0.8383,3.5965
21.4012,0.8376,3.5934
21.4014,0.9044,3.8799
21.4016,0.9223,3.9566
21.4018,0.8918,3.8277
21.4020,0.891,3.8241
21.4022,0.8465,3.6349
21.4024,0.7734,3.3208
21.4026,0.8021,3.446
21.4028,0.8053,3.4577
21.4030,0.8424,3.6207
21.4032,0.8789,3.7721
21.4034,0.9128,3.9159
21.4036,0.903,3.8737
21.4038,0.8853,3.7981
21.4040,0.9139,3.9187
21.4042,0.9381,4.0282
21.4044,0.9164,3.9368
21.4046,0.7899,3.3982
21.4048,0.6945,2.9931
21.4050,0.6506,2.8027
21.4052,0.7048,3.0305
21.4054,0.7296,3.1373
21.4056,0.7463,3.2104
21.4058,0.7548,3.2425
21.4060,0.8116,3.4883
21.4062,0.8188,3.5208
21.4064,0.8074,3.4719
21.4066,0.7728,3.3198
21.4068,0.8472,3.6346
21.4070,0.9072,3.8917
21.4072,0.9277,3.9853
21.4074,0.7899,3.395
21.4076,0.7666,3.2966
21.4078,0.8118,3.4844
21.4080,0.8927,3.8349
21.4082,0.8927,3.8331
21.4084,0.8895,3.8161
21.4086,0.9105,3.9134
21.4088,0.797,3.4334
21.4090,0.682,2.938
21.4092,0.6545,2.8211
21.4094,0.5834,2.5158
21.4096,0.5785,2.4957
21.4098,0.5705,2.4622
21.4100,0.5734,2.4735
21.4102,0.5597,2.4112
21.4104,0.5723,2.4654
21.4106,0.6575,2.8287
21.4108,0.7364,3.1696
21.4110,0.699,3.0142
21.4112,0.5777,2.4944
21.4114,0.4845,2.0921
21.4116,0.4767,2.0594
21.4118,0.4855,2.0953
21.4120,0.5338,2.3017
21.4122,0.5272,2.2754
21.4124,0.5226,2.2557
21.4126,0.521,2.2475
21.4128,0.5218,2.25
21.4130,0.526,2.2702
21.4132,0.5241,2.2599
21.4134,0.5228,2.2542
21.4136,0.5235,2.2562
21.4138,0.5482,2.3605
21.4140,0.6128,2.64
21.4142,0.597,2.5742
21.4144,0.5338,2.3017
21.4146,0.5285,2.2811
21.4148,0.5502,2.3704
21.4150,0.6214,2.6759
21.4152,0.629,2.7097
21.4154,0.631,2.7185
21.4156,0.6298,2.7133
21.4158,0.6352,2.734
21.4160,0.6493,2.7983
21.4162,0.6549,2.82
21.4164,0.6693,2.8779
21.4166,0.764,3.2822
21.4168,0.7676,3.3022
21.4170,0.7333,3.1518
21.4172,0.7318,3.148
21.4174,0.6838,2.943
21.4176,0.6991,3.0063
21.4178,0.7386,3.1774
21.4180,0.6617,2.8521
21.4182,0.646,2.7831
21.4184,0.6382,2.7469
21.4186,0.6339,2.7296
21.4188,0.6145,2.6484
21.4190,0.6163,2.6574
21.4192,0.6105,2.6265
21.4194,0.6416,2.7627
21.4196,0.6066,2.6156
21.4198,0.6129,2.6405
21.4200,0.6298,2.7133
21.4202,0.6714,2.8872
21.4204,0.7183,3.0888
21.4206,0.7865,3.3774
21.4208,0.8294,3.5662
21.4210,0.8017,3.4487
21.4212,0.7208,3.1025
21.4214,0.6734,2.9008
21.4216,0.6395,2.7539
21.4218,0.656,2.8233
21.4220,0.679,2.921
21.4222,0.6975,2.9977
21.4224,0.7081,3.0478
21.4226,0.6907,2.9744
21.4228,0.7089,3.0509
21.4230,0.67,2.885
21.4232,0.5953,2.567
21.4234,0.5737,2.4716
21.4236,0.6494,2.7962
21.4238,0.6326,2.7227
21.4240,0.6511,2.8009
21.4242,0.7388,3.177
21.4244,0.7308,3.1409
21.4246,0.7511,3.228
21.4248,0.7367,3.1736
21.4250,0.6654,2.8601
21.4252,0.6749,2.9103
21.4254,0.5429,2.3389
21.4256,0.6153,2.6496
21.4258,0.6609,2.8471
21.4260,0.6549,2.8174
21.4262,0.6752,2.9045
21.4264,0.67,2.8864
21.4266,0.6134,2.6426
21.4268,0.6457,2.7776
21.4270,0.7388,3.1784
21.4272,0.6416,2.7665
21.4274,0.5274,2.2775
21.4276,0.5274,2.2712
21.4278,0.6138,2.6429
21.4280,0.5929,2.5554
21.4282,0.5942,2.5599
21.4284,0.6219,2.6768
21.4286,0.6292,2.7082
21.4288,0.5958,2.569
21.4290,0.5655,2.436
21.4292,0.5779,2.4874
21.4294,0.6266,2.7006
21.4296,0.5815,2.5063
21.4298,0.5988,2.5748
21.4300,0.7135,3.0696
21.4302,0.7148,3.0724
21.4304,0.8008,3.4355
21.4306,0.8712,3.7409
21.4308,0.8788,3.7681
21.4310,0.9151,3.9202
21.4312,0.9401,4.0294
21.4314,0.957,4.1019
21.4316,0.9777,4.1883
21.4318,0.9707,4.1605
21.4320,0.9539,4.0923
21.4322,0.9763,4.1885
21.4324,0.9265,3.969
21.4326,0.9424,4.0411
21.4328,0.9693,4.1524
21.4330,0.9919,4.2475
21.4332,0.9736,4.1825
21.4334,0.8612,3.6947
21.4336,0.885,3.8019
21.4338,0.9061,3.8925
21.4340,0.8876,3.8079
21.4342,0.899,3.8604
21.4344,0.9051,3.8848
21.4346,0.9078,3.8925
21.4348,0.8879,3.8125
21.4350,0.8988,3.8593
21.4352,0.9549,4.0965
21.4354,0.8933,3.8356
21.4356,0.8668,3.7288
21.4358,0.7975,3.4275
21.4360,0.796,3.4245
21.4362,0.7627,3.2734
21.4364,0.8821,3.7878
21.4366,0.8838,3.795
21.4368,0.8121,3.4936
21.4370,0.7401,3.1841
21.4372,0.7671,3.3017
21.4374,0.6991,3.0077
21.4376,0.6743,2.905
21.4378,0.6158,2.6541
21.4380,0.6129,2.6442
21.4382,0.5989,2.5801
21.4384,0.6418,2.7663
21.4386,0.553,2.3878
21.4388,0.4849,2.0937
21.4390,0.5223,2.2531
21.4392,0.5598,2.415
21.4394,0.494,2.133
21.4396,0.475,2.0493
21.4398,0.4918,2.1218
21.4400,0.5453,2.3525
21.4402,0.5824,2.5111
21.4404,0.5907,2.5473
21.4406,0.5869,2.5284
21.4408,0.6,2.5847
21.4410,0.6513,2.8019
21.4412,0.6813,2.9349
21.4414,0.5855,2.5246
21.4416,0.5828,2.5132
21.4418,0.6035,2.5997
21.4420,0.6027,2.5978
21.4422,0.6453,2.7787
21.4424,0.6618,2.8539
21.4426,0.5427,2.3422
21.4428,0.4896,2.1139
21.4430,0.4788,2.0663
21.4432,0.4887,2.1103
21.4434,0.491,2.1201
21.4436,0.5067,2.1849
21.4438,0.569,2.4515
21.4440,0.6348,2.7345
21.4442,0.6651,2.8639
21.4444,0.6653,2.8609
21.4446,0.7253,3.1158
21.4448,0.7517,3.2396
21.4450,0.5971,2.5759
21.4452,0.5656,2.4376
21.4454,0.5605,2.4148
21.4456,0.5913,2.5487
21.4458,0.5872,2.5295
21.4460,0.6337,2.7286
21.4462,0.6997,3.0103
21.4464,0.6863,2.9553
21.4466,0.633,2.728
21.4468,0.5648,2.4356
21.4470,0.4996,2.1574
21.4472,0.4695,2.0256
21.4474,0.4692,2.0221
21.4476,0.559,2.4058
21.4478,0.6103,2.6291
21.4480,0.5678,2.4463
21.4482,0.5794,2.497
21.4484,0.6035,2.6021
21.4486,0.5678,2.4474
21.4488,0.5542,2.3885
21.4490,0.5596,2.4118
21.4492,0.6068,2.6142
21.4494,0.6765,2.9116
21.4496,0.6664,2.8615
21.4498,0.7747,3.3311
21.4500,0.7277,3.1334
21.4502,0.6777,2.9181
21.4504,0.6095,2.6267
21.4506,0.5416,2.3343
21.4508,0.5255,2.2692
21.4510,0.5127,2.2118
21.4512,0.512,2.2056
21.4514,0.5135,2.2133
21.4516,0.5194,2.2407
21.4518,0.5175,2.2335
21.4520,0.5085,2.1916
21.4522,0.5115,2.2045
21.4524,0.5164,2.2257
21.4526,0.5183,2.234
21.4528,0.5137,2.2149
21.4530,0.5125,2.2087
21.4532,0.5629,2.424
21.4534,0.6043,2.6021
21.4536,0.6063,2.6121
21.4538,0.6641,2.8571
21.4540,0.6618,2.8499
21.4542,0.583,2.5125
21.4544,0.5738,2.4733
21.4546,0.5527,2.3834
21.4548,0.4778,2.0622
21.4550,0.456,1.9698
21.4552,0.4364,1.8845
21.4554,0.4675,2.014
21.4556,0.5266,2.2707
21.4558,0.499,2.1528
21.4560,0.5008,2.1606
21.4562,0.5039,2.17
21.4564,0.5319,2.2935
21.4566,0.5192,2.2376
21.4568,0.5707,2.4553
21.4570,0.6099,2.6239
21.4572,0.6579,2.8329
21.4574,0.6544,2.8179
21.4576,0.6165,2.6523
21.4578,0.6196,2.6744
21.4580,0.4586,1.9794
21.4582,0.4662,2.0045
21.4584,0.6115,2.6343
21.4586,0.594,2.5613
21.4588,0.4912,2.1182
21.4590,0.4714,2.0319
21.4592,0.4977,2.1471
21.4594,0.4657,2.0099
21.4596,0.4772,2.0577
21.4598,0.4846,2.0888
21.4600,0.4722,2.035
21.4602,0.4732,2.0425
21.4604,0.4838,2.0861
21.4606,0.4954,2.1363
21.4608,0.5156,2.2211
21.4610,0.5586,2.4032
21.4612,0.5803,2.4988
21.4614,0.5963,2.5651
21.4616,0.6002,2.581
21.4618,0.612,2.6315
21.4620,0.6463,2.7802
21.4622,0.6712,2.8862
21.4624,0.7175,3.0852
21.4626,0.6827,2.9329
21.4628,0.7174,3.0804
21.4630,0.8151,3.4967
21.4632,0.8543,3.6581
21.4634,0.8738,3.747
21.4636,0.8717,3.7412
21.4638,0.8563,3.6685
21.4640,0.9947,4.2533
21.4642,1.0578,4.5272
21.4644,0.9931,4.2546
21.4646,0.9267,3.9774
21.4648,0.8592,3.6911
21.4650,0.7632,3.2786
21.4652,0.7596,3.2631
21.4654,0.7518,3.2236
21.4656,0.9403,4.0187
21.4658,1.1039,4.7204
21.4660,1.0602,4.5396
21.4662,0.9901,4.2378
21.4664,0.9855,4.2197
21.4666,0.978,4.1879
21.4668,0.9897,4.2357
21.4670,0.9992,4.2808
21.4672,1.0075,4.3082
21.4674,1.1229,4.7991
21.4676,1.1374,4.8634
21.4678,1.1002,4.7067
21.4680,1.0418,4.461
21.4682,1.0892,4.666
21.4684,1.0856,4.6506
21.4686,0.9328,4.0093
21.4688,0.8189,3.5197
21.4690,0.8158,3.5014
21.4692,0.8264,3.5484
21.4694,0.8187,3.5203
21.4696,0.82,3.5211
21.4698,0.9305,3.992
21.4700,0.9405,4.0423
21.4702,0.8002,3.4393
21.4704,0.7639,3.2816
21.4706,0.7804,3.3512
21.4708,0.7916,3.3975
21.4710,0.8503,3.6564
21.4712,0.8025,3.4475
21.4714,0.7705,3.3146
21.4716,0.7148,3.0796
21.4718,0.693,2.9842
21.4720,0.6906,2.9711
21.4722,0.6842,2.946
21.4724,0.6253,2.6937
21.4726,0.6702,2.8847
21.4728,0.6689,2.8804
21.4730,0.6711,2.8883
21.4732,0.7031,3.0289
21.4734,0.6484,2.7921
21.4736,0.6622,2.8528
21.4738,0.6586,2.8399
21.4740,0.5903,2.5441
21.4742,0.5669,2.4456
21.4744,0.5791,2.496
21.4746,0.5804,2.5017
21.4748,0.6364,2.7417
21.4750,0.6656,2.8659
21.4752,0.6593,2.8378
21.4754,0.6695,2.8803
21.4756,0.7187,3.0903
21.4758,0.6991,3.0091
21.4760,0.6602,2.844
21.4762,0.6988,3.0103
21.4764,0.6907,2.9757
21.4766,0.6048,2.6042
21.4768,0.6532,2.8101
21.4770,0.7403,3.1861
21.4772,0.5996,2.5856
21.4774,0.4954,2.1363
21.4776,0.53,2.2884
21.4778,0.4934,2.1255
21.4780,0.6,2.5883
21.4782,0.5556,2.3969
21.4784,0.5496,2.37
21.4786,0.5619,2.4216
21.4788,0.5168,2.2293
21.4790,0.5067,2.1859
21.4792,0.5084,2.1921
21.4794,0.5137,2.2159
21.4796,0.5232,2.2573
21.4798,0.5247,2.2624
21.4800,0.5396,2.3233
21.4802,0.6731,2.8971
21.4804,0.6428,2.7691
21.4806,0.5537,2.3853
21.4808,0.6301,2.7093
21.4810,0.7174,3.0875
21.4812,0.6966,2.9983
21.4814,0.728,3.1306
21.4816,0.7425,3.1944
21.4818,0.7415,3.1883
21.4820,0.7436,3.1961
21.4822,0.7387,3.175
21.4824,0.7164,3.0834
21.4826,0.7386,3.1656
21.4828,0.9713,4.163
21.4830,1.0157,4.3593
21.4832,0.9364,4.0135
21.4834,0.9916,4.2479
21.4836,0.9934,4.2636
21.4838,0.8792,3.7719
21.4840,0.859,3.6953
21.4842,0.7668,3.2955
21.4844,0.8208,3.528
21.4846,0.796,3.4197
21.4848,0.7883,3.393
21.4850,0.7543,3.242
21.4852,0.7857,3.3754
21.4854,0.7563,3.2552
21.4856,0.6682,2.8773
21.4858,0.6852,2.9506
21.4860,0.7194,3.0934
21.4862,0.7355,3.164
21.4864,0.7165,3.0854
21.4866,0.6919,2.974
21.4868,0.809,3.4721
21.4870,0.8555,3.6803
21.4872,0.7362,3.173
21.4874,0.662,2.8531
21.4876,0.5886,2.5404
21.4878,0.5644,2.4336
21.4880,0.5937,2.5579
21.4882,0.5789,2.4973
21.4884,0.5465,2.3565
21.4886,0.5755,2.4805
21.4888,0.5264,2.2676
21.4890,0.5655,2.4371
21.4892,0.6043,2.6057
21.4894,0.5789,2.4961
21.4896,0.6048,2.6042
21.4898,0.6097,2.6266
21.4900,0.6065,2.6114
21.4902,0.6943,2.9843
21.4904,0.7717,3.3198
21.4906,0.7303,3.1447
21.4908,0.6296,2.7098
21.4910,0.668,2.8776
21.4912,0.6683,2.8791
21.4914,0.6431,2.772
21.4916,0.6192,2.6698
21.4918,0.5278,2.2759
21.4920,0.4925,2.1239
21.4922,0.4915,2.1222
21.4924,0.4942,2.1331
21.4926,0.4945,2.1331
21.4928,0.4924,2.1243
21.4930,0.4904,2.1175
21.4932,0.4878,2.1061
21.4934,0.523,2.2531
21.4936,0.6229,2.6796
21.4938,0.6138,2.6478
21.4940,0.497,2.145
21.4942,0.4802,2.0716
21.4944,0.4813,2.0782
21.4946,0.4826,2.0819
21.4948,0.4832,2.0835
21.4950,0.4819,2.0779
21.4952,0.4927,2.1234
21.4954,0.5308,2.2856
21.4956,0.5975,2.5703
21.4958,0.611,2.6335
21.4960,0.5693,2.4548
21.4962,0.6935,2.9835
21.4964,0.7126,3.064
21.4966,0.7056,3.0327
21.4968,0.7553,3.2446
21.4970,0.8001,3.4324
21.4972,0.8688,3.7219
21.4974,1.0072,4.3167
21.4976,1.0105,4.3311
21.4978,0.9549,4.0946
21.4980,0.9786,4.1944
21.4982,0.9917,4.2484
21.4984,0.9696,4.1539
21.4986,0.9897,4.2437
21.4988,0.92,3.9468
21.4990,0.9487,4.0659
21.4992,1.028,4.4041
21.4994,0.9449,4.0594
21.4996,0.8328,3.5762
21.4998,0.8871,3.8041
21.5000,0.9375,4.02
21.5002,0.917,3.9358
21.5004,0.8874,3.8086
21.5006,0.9287,3.988
21.5008,0.853,3.6661
21.5010,0.8213,3.5251
21.5012,0.8266,3.551
21.5014,0.8387,3.6031
21.5016,0.8485,3.6419
21.5018,0.8369,3.5953
21.5020,0.8259,3.548
21.5022,0.8587,3.6874
21.5024,0.8599,3.7011
21.5026,0.7616,3.2734
21.5028,0.7852,3.3718
21.5030,0.7904,3.3971
21.5032,0.8206,3.5236
21.5034,0.8394,3.6062
21.5036,0.8134,3.496
21.5038,0.8117,3.4904
21.5040,0.772,3.3213
21.5042,0.7122,3.0625
21.5044,0.7618,3.2775
21.5046,0.7313,3.1474
21.5048,0.7157,3.0774
21.5050,0.7567,3.2538
21.5052,0.8015,3.4498
21.5054,0.7376,3.1747
21.5056,0.7272,3.1269
21.5058,0.7324,3.1506
21.5060,0.7123,3.0616
21.5062,0.7485,3.2247
21.5064,0.6484,2.7921
21.5066,0.6961,2.9962
21.5068,0.7383,3.1793
21.5070,0.6909,2.9776
21.5072,0.6051,2.6069
21.5074,0.6827,2.9357
21.5076,0.7535,3.2459
21.5078,0.6755,2.9061
21.5080,0.7123,3.0701
21.5082,0.6188,2.6658
21.5084,0.5764,2.4887
21.5086,0.521,2.2495
21.5088,0.509,2.1957
21.5090,0.547,2.3575
21.5092,0.5644,2.4358
21.5094,0.5051,2.1812
21.5096,0.4902,2.1175
21.5098,0.5296,2.2794
21.5100,0.6507,2.8045
21.5102,0.6223,2.6845
21.5104,0.5223,2.2552
21.5106,0.4596,1.9872
21.5108,0.3965,1.7129
21.5110,0.3932,1.6992
21.5112,0.3982,1.7202
21.5114,0.396,1.7101
21.5116,0.4439,1.9175
21.5118,0.4479,1.9342
21.5120,0.4421,1.9089
21.5122,0.4477,1.9341
21.5124,0.446,1.9268
21.5126,0.4442,1.9173
21.5128,0.4447,1.9203
21.5130,0.4442,1.9182
21.5132,0.4761,2.053
21.5134,0.5497,2.3694
21.5136,0.564,2.4309
21.5138,0.5415,2.3348
21.5140,0.5429,2.341
21.5142,0.5436,2.3441
21.5144,0.559,2.4081
21.5146,0.5587,2.4082
21.5148,0.5454,2.3519
21.5150,0.5536,2.387
21.5152,0.5583,2.405
21.5154,0.569,2.4537
21.5156,0.5633,2.4289
21.5158,0.5548,2.3922
21.5160,0.5566,2.3966
21.5162,0.6026,2.5913
21.5164,0.6654,2.8641
21.5166,0.7049,3.0282
21.5168,0.7641,3.2796
21.5170,0.7879,3.391
21.5172,0.6513,2.8084
21.5174,0.5984,2.5756
21.5176,0.6296,2.7136
21.5178,0.5629,2.4274
21.5180,0.5476,2.3601
21.5182,0.5518,2.3771
21.5184,0.5771,2.4838
21.5186,0.5948,2.5649
21.5188,0.5424,2.3379
21.5190,0.5639,2.4304
21.5192,0.5381,2.3203
21.5194,0.5309,2.2893
21.5196,0.5422,2.3347
21.5198,0.5954,2.5603
21.5200,0.6476,2.782
21.5202,0.7389,3.1775
21.5204,0.708,3.0473
21.5206,0.6459,2.78
21.5208,0.6702,2.8807
21.5210,0.7072,3.0465
21.5212,0.6014,2.5909
21.5214,0.5961,2.5658
21.5216,0.5917,2.5467
21.5218,0.6098,2.6234
21.5220,0.6186,2.6635
21.5222,0.5882,2.5329
21.5224,0.6027,2.5942
21.5226,0.6771,2.9087
21.5228,0.7075,3.0495
21.5230,0.5351,2.3074
21.5232,0.5633,2.421
21.5234,0.6989,3.0025
21.5236,0.7267,3.1234
21.5238,0.7102,3.0566
21.5240,0.6415,2.7596
21.5242,0.6707,2.8841
21.5244,0.7084,3.0389
21.5246,0.8123,3.4914
21.5248,0.7265,3.1238
21.5250,0.6816,2.9337
21.5252,0.7274,3.1222
21.5254,0.7711,3.3126
21.5256,0.7246,3.1214
21.5258,0.6395,2.7539
21.5260,0.6789,2.9219
21.5262,0.6577,2.8305
21.5264,0.6417,2.7593
21.5266,0.6633,2.8521
21.5268,0.6433,2.766
21.5270,0.6753,2.9051
21.5272,0.6748,2.9084
21.5274,0.58,2.5008
21.5276,0.5234,2.2536
21.5278,0.5773,2.4882
21.5280,0.5419,2.338
21.5282,0.5086,2.1921
21.5284,0.5454,2.3486
21.5286,0.5752,2.4778
21.5288,0.5983,2.5751
21.5290,0.6113,2.6308
21.5292,0.5904,2.541
21.5294,0.6424,2.7663
21.5296,0.6642,2.8549
21.5298,0.7158,3.0765
21.5300,0.7146,3.0728
21.5302,0.7428,3.1895
21.5304,0.8026,3.4448
21.5306,0.8405,3.6041
21.5308,0.966,4.1404
21.5310,0.996,4.2649
21.5312,0.9636,4.1321
21.5314,0.9473,4.0603
21.5316,0.9713,4.1611
21.5318,0.9894,4.2387
21.5320,0.9832,4.2139
21.5322,0.9049,3.8838
21.5324,0.8987,3.857
21.5326,0.9147,3.926
21.5328,0.8394,3.6062
21.5330,0.8592,3.686
21.5332,0.8614,3.6987
21.5334,0.8108,3.4847
21.5336,0.807,3.4703
21.5338,0.796,3.4181
21.5340,0.8273,3.5558
21.5342,0.828,3.5572
21.5344,0.829,3.5597
21.5346,0.8205,3.5215
21.5348,0.8208,3.523
21.5350,0.8154,3.5064
21.5352,0.7865,3.379
21.5354,0.8743,3.7578
21.5356,0.832,3.5759
21.5358,0.7726,3.3193
21.5360,0.7717,3.3151
21.5362,0.8264,3.5451
21.5364,0.9247,3.9668
21.5366,0.8728,3.7546
21.5368,0.7252,3.1182
21.5370,0.7801,3.3559
21.5372,0.753,3.2363
21.5374,0.7212,3.1055
21.5376,0.6995,3.0078
21.5378,0.7392,3.1785
21.5380,0.7657,3.2909
21.5382,0.77,3.3125
21.5384,0.7006,3.0167
21.5386,0.7306,3.1458
21.5388,0.7252,3.1211
21.5390,0.7005,3.0134
21.5392,0.7069,3.044
21.5394,0.687,2.957
21.5396,0.6764,2.9124
21.5398,0.7115,3.0594
21.5400,0.7112,3.0641
21.5402,0.6682,2.8786
21.5404,0.6736,2.9005
21.5406,0.6776,2.9216
21.5408,0.6002,2.5882
21.5410,0.6073,2.6114
21.5412,0.6954,2.9931
21.5414,0.7145,3.0751
21.5416,0.7262,3.1228
21.5418,0.7801,3.3496
21.5420,0.8292,3.5657
21.5422,0.7929,3.4111
21.5424,0.6852,2.9533
21.5426,0.6207,2.6728
21.5428,0.6234,2.6817
21.5430,0.6518,2.8039
21.5432,0.7369,3.1687
21.5434,0.7719,3.3223
21.5436,0.6466,2.7844
21.5438,0.6942,2.9879
21.5440,0.718,3.0901
21.5442,0.6686,2.8788
21.5444,0.6601,2.8409
21.5446,0.6953,2.994
21.5448,0.6818,2.9397
21.5450,0.6033,2.604
21.5452,0.5542,2.3907
21.5454,0.5573,2.4042
21.5456,0.5433,2.3426
21.5458,0.5386,2.3203
21.5460,0.6256,2.694
21.5462,0.652,2.8076
21.5464,0.7142,3.0727
21.5466,0.7061,3.0433
21.5468,0.6006,2.5885
21.5470,0.6277,2.7028
21.5472,0.6388,2.7521
21.5474,0.6361,2.7389
21.5476,0.6415,2.7596
21.5478,0.6553,2.8189
21.5480,0.655,2.8218
21.5482,0.6648,2.8575
21.5484,0.756,3.2492
21.5486,0.735,3.1634
21.5488,0.6948,2.9919
21.5490,0.6459,2.7813
21.5492,0.6217,2.6782
21.5494,0.6798,2.9233
21.5496,0.7784,3.3518
21.5498,0.6674,2.8737
21.5500,0.6379,2.7454
21.5502,0.6553,2.8228
21.5504,0.6152,2.6516
21.5506,0.6093,2.6238
21.5508,0.6154,2.6501
21.5510,0.6087,2.6224
21.5512,0.608,2.6205
21.5514,0.6097,2.6278
21.5516,0.6125,2.6384
21.5518,0.6147,2.6495
21.5520,0.5948,2.5625
21.5522,0.6342,2.7281
21.5524,0.6126,2.6414
21.5526,0.5621,2.4192
21.5528,0.6978,3.002
21.5530,0.6849,2.9463
21.5532,0.6698,2.884
21.5534,0.6616,2.8502
21.5536,0.6638,2.8569
21.5538,0.6222,2.679
21.5540,0.5864,2.5263
21.5542,0.5911,2.5441
21.5544,0.6452,2.7807
21.5546,0.5912,2.5494
21.5548,0.5949,2.5606
21.5550,0.6622,2.8488
21.5552,0.6533,2.8133
21.5554,0.6049,2.6059
21.5556,0.5808,2.5032
21.5558,0.5792,2.4942
21.5560,0.614,2.6402
21.5562,0.7049,3.0339
21.5564,0.6464,2.7872
21.5566,0.5375,2.3188
21.5568,0.4935,2.128
21.5570,0.5017,2.1622
21.5572,0.572,2.4609
21.5574,0.6513,2.8058
21.5576,0.5771,2.4907
21.5578,0.5138,2.2154
21.5580,0.5068,2.1874
21.5582,0.5044,2.1771
21.5584,0.5041,2.1725
21.5586,0.5626,2.4247
21.5588,0.5369,2.3109
21.5590,0.5566,2.4
21.5592,0.5036,2.1724
21.5594,0.4878,2.1051
21.5596,0.4767,2.0575
21.5598,0.479,2.0655
21.5600,0.4945,2.1302
21.5602,0.5658,2.4352
21.5604,0.632,2.7226
21.5606,0.5951,2.5612
21.5608,0.6084,2.6184
21.5610,0.6154,2.6514
21.5612,0.6322,2.7224
21.5614,0.6539,2.8119
21.5616,0.6716,2.885
21.5618,0.7693,3.2987
21.5620,0.863,3.7094
21.5622,0.7736,3.3249
21.5624,0.7634,3.2765
21.5626,0.8072,3.4644
21.5628,0.8582,3.6819
21.5630,0.8466,3.6354
21.5632,0.8136,3.4954
21.5634,0.8719,3.737
21.5636,0.8901,3.8187
21.5638,0.8599,3.6891
21.5640,0.8597,3.6898
21.5642,0.859,3.6884
21.5644,0.8479,3.6376
21.5646,0.8545,3.6676
21.5648,0.8726,3.7453
21.5650,0.8765,3.7548
21.5652,0.9392,4.0253
21.5654,0.9549,4.0869
21.5656,1.0822,4.6254
21.5658,1.1285,4.8255
21.5660,1.1399,4.8833
21.5662,1.059,4.5408
21.5664,1.0121,4.3337
21.5666,1.0433,4.4651
21.5668,1.0626,4.5605
21.5670,0.9341,4.0075
21.5672,0.9632,4.132
21.5674,0.9357,4.0179
21.5676,0.856,3.6772
21.5678,0.8741,3.7515
21.5680,0.913,3.9188
21.5682,0.8087,3.4775
21.5684,0.763,3.2796
21.5686,0.7859,3.3717
21.5688,0.9222,3.956
21.5690,0.9375,4.0275
21.5692,0.85,3.66
21.5694,0.6864,2.9544
21.5696,0.673,2.8993
21.5698,0.6538,2.8206
21.5700,0.58,2.4996
21.5702,0.6211,2.6731
21.5704,0.6555,2.8252
21.5706,0.6066,2.6168
21.5708,0.5948,2.5637
21.5710,0.636,2.7384
21.5712,0.6289,2.7117
21.5714,0.614,2.6476
21.5716,0.621,2.6739
21.5718,0.6145,2.6534
21.5720,0.5436,2.3463
21.5722,0.4762,2.0574
21.5724,0.4646,2.0043
21.5726,0.5927,2.5544
21.5728,0.6109,2.6342
21.5730,0.5828,2.512
21.5732,0.6042,2.6028
21.5734,0.5525,2.3846
21.5736,0.4906,2.1176
21.5738,0.53,2.2884
21.5740,0.5104,2.2009
21.5742,0.5519,2.3809
21.5744,0.4976,2.1486
21.5746,0.4957,2.1383
21.5748,0.5165,2.2252
21.5750,0.5846,2.5198
21.5752,0.5887,2.5385
21.5754,0.553,2.3856
21.5756,0.5068,2.1864
21.5758,0.488,2.1072
21.5760,0.4722,2.0388
21.5762,0.4885,2.1073
21.5764,0.5108,2.2035
21.5766,0.486,2.0954
21.5768,0.5501,2.3709
21.5770,0.5913,2.5499
21.5772,0.5308,2.2888
21.5774,0.5104,2.204
21.5776,0.4912,2.1211
21.5778,0.5062,2.1838
21.5780,0.5069,2.1869
21.5782,0.5089,2.1942
21.5784,0.5063,2.1864
21.5786,0.427,1.8419
21.5788,0.4625,1.9941
21.5790,0.5313,2.2941
21.5792,0.4858,2.0969
21.5794,0.4662,2.012
21.5796,0.4848,2.0883
21.5798,0.5735,2.4706
21.5800,0.6041,2.5999
21.5802,0.6352,2.7315
21.5804,0.6383,2.7475
21.5806,0.6657,2.8678
21.5808,0.6712,2.8889
21.5810,0.6774,2.9116
21.5812,0.7019,3.0224
21.5814,0.6849,2.9449
21.5816,0.7415,3.1838
21.5818,0.7774,3.343
21.5820,0.7529,3.2343
21.5822,0.797,3.4238
21.5824,0.7377,3.1723
21.5826,0.6822,2.935
21.5828,0.7079,3.0454
21.5830,0.7284,3.1336
21.5832,0.6452,2.7756
21.5834,0.6654,2.8641
21.5836,0.667,2.8721
21.5838,0.6383,2.7487
21.5840,0.6453,2.7774
21.5842,0.7159,3.0813
21.5844,0.6562,2.827
21.5846,0.5921,2.5483
21.5848,0.6447,2.7748
21.5850,0.7025,3.0235
21.5852,0.656,2.8246
21.5854,0.6404,2.7588
21.5856,0.6214,2.6772
21.5858,0.5488,2.3675
21.5860,0.569,2.4526
21.5862,0.5774,2.4865
21.5864,0.6017,2.5883
21.5866,0.6687,2.878
21.5868,0.671,2.8851
21.5870,0.6869,2.9578
21.5872,0.6389,2.7539
21.5874,0.5963,2.5723
21.5876,0.496,2.1389
21.5878,0.4756,2.0529
21.5880,0.484,2.0881
21.5882,0.4864,2.0965
21.5884,0.484,2.0881
21.5886,0.4863,2.098
21.5888,0.4879,2.1037
21.5890,0.5337,2.2991
21.5892,0.5509,2.3746
21.5894,0.5397,2.3292
21.5896,0.4869,2.0996
21.5898,0.4897,2.1124
21.5900,0.4473,1.9299
21.5902,0.5234,2.2547
21.5904,0.643,2.7689
21.5906,0.6187,2.6653
21.5908,0.5966,2.5703
21.5910,0.599,2.5794
21.5912,0.6413,2.7591
21.5914,0.6571,2.824
21.5916,0.6931,2.9764
21.5918,0.7177,3.0876
21.5920,0.6632,2.8503
21.5922,0.706,3.0329
21.5924,0.7085,3.0508
21.5926,0.6085,2.6238
21.5928,0.5874,2.534
21.5930,0.5062,2.1838
21.5932,0.4855,2.0934
21.5934,0.4794,2.066
21.5936,0.4827,2.0824
21.5938,0.485,2.0903
21.5940,0.485,2.0923
21.5942,0.4849,2.0927
21.5944,0.4833,2.0831
21.5946,0.5122,2.2056
21.5948,0.5562,2.3962
21.5950,0.6077,2.6153
21.5952,0.5963,2.5675
21.5954,0.5707,2.4575
21.5956,0.6343,2.7274
21.5958,0.7012,3.0123
21.5960,0.747,3.2105
21.5962,0.7232,3.1085
21.5964,0.8021,3.4395
21.5966,0.8488,3.6412
21.5968,0.8258,3.5408
21.5970,0.9115,3.9011
21.5972,0.9876,4.2329
21.5974,0.9827,4.2119
21.5976,0.975,4.1731
21.5978,0.9657,4.137
21.5980,0.9889,4.2366
21.5982,0.994,4.2502
21.5984,1.0013,4.2895
21.5986,0.9555,4.0914
21.5988,1.0004,4.2839
21.5990,0.9774,4.1932
21.5992,0.92,3.9449
21.5994,0.8919,3.83
21.5996,0.8436,3.6225
21.5998,0.8538,3.6628
21.6000,0.8129,3.4891
21.6002,0.8443,3.6222
21.6004,0.8326,3.5751
21.6006,0.896,3.8421
21.6008,0.9182,3.9409
21.6010,0.8513,3.6537
21.6012,0.8357,3.5885
21.6014,0.831,3.5734
21.6016,0.7654,3.2899
21.6018,0.8103,3.4778
21.6020,0.878,3.765
21.6022,0.8857,3.8014
21.6024,0.885,3.8001
21.6026,0.8473,3.6385
21.6028,0.8072,3.466
21.6030,0.8144,3.4952
21.6032,0.8645,3.7121
21.6034,0.8352,3.5948
21.6036,0.7073,3.047
21.6038,0.6175,2.6589
21.6040,0.6756,2.9106
21.6042,0.7071,3.0389
21.6044,0.82,3.526
21.6046,0.7719,3.3162
21.6048,0.756,3.2522
21.6050,0.6985,3.0079
21.6052,0.7056,3.0341
21.6054,0.7423,3.1919
21.6056,0.7692,3.3089
21.6058,0.768,3.3022
21.6060,0.7653,3.2863
21.6062,0.7923,3.4021
21.6064,0.8496,3.6482
21.6066,0.9014,3.8707
21.6068,0.8508,3.6585
21.6070,0.8037,3.4543
21.6072,0.8068,3.4725
21.6074,0.7274,3.1265
21.6076,0.7899,3.3918
21.6078,0.823,3.5438
21.6080,0.6765,2.9143
21.6082,0.6554,2.8207
21.6084,0.6702,2.8834
21.6086,0.6363,2.7425
21.6088,0.5906,2.548
21.6090,0.5755,2.4793
21.6092,0.687,2.9542
21.6094,0.7411,3.1882
21.6096,0.6758,2.9098
21.6098,0.5969,2.5773
21.6100,0.4985,2.1537
21.6102,0.4801,2.073
21.6104,0.4755,2.0524
21.6106,0.5115,2.2056
21.6108,0.5375,2.3199
21.6110,0.527,2.2733
21.6112,0.5307,2.2883
21.6114,0.5302,2.283
21.6116,0.5694,2.4564
21.6118,0.5332,2.3013
21.6120,0.5262,2.2702
21.6122,0.5247,2.2635
21.6124,0.5315,2.2898
21.6126,0.6224,2.6776
21.6128,0.6982,3.005
21.6130,0.6542,2.8143
21.6132,0.6333,2.7296
21.6134,0.6324,2.7254
21.6136,0.6357,2.7374
21.6138,0.6355,2.7363
21.6140,0.6325,2.7222
21.6142,0.6368,2.742
21.6144,0.6741,2.8972
21.6146,0.7937,3.4099
21.6148,0.752,3.2337
21.6150,0.6964,3
21.6152,0.6274,2.7055
21.6154,0.6157,2.6548
21.6156,0.6186,2.6635
21.6158,0.6708,2.8846
21.6160,0.7704,3.3156
21.6162,0.6455,2.7797
21.6164,0.6151,2.6461
21.6166,0.6574,2.8321
21.6168,0.6254,2.6955
21.6170,0.6163,2.655
21.6172,0.6101,2.6305
21.6174,0.6065,2.6114
21.6176,0.6103,2.6279
21.6178,0.6119,2.6346
21.6180,0.6137,2.6436
21.6182,0.6451,2.7789
21.6184,0.6125,2.636
21.6186,0.6664,2.8722
21.6188,0.5879,2.5325
21.6190,0.5645,2.433
21.6192,0.6307,2.7119
21.6194,0.7331,3.1537
21.6196,0.7628,3.2801
21.6198,0.7307,3.139
21.6200,0.7742,3.326
21.6202,0.7904,3.4018
21.6204,0.6905,2.9719
21.6206,0.6891,2.9644
21.6208,0.7086,3.0456
21.6210,0.755,3.2466
21.6212,0.74,3.1821
21.6214,0.7604,3.2667
21.6216,0.7731,3.3198
21.6218,0.738,3.1778
21.6220,0.6706,2.8876
21.6222,0.6834,2.9374
21.6224,0.7665,3.2884
21.6226,0.8789,3.7739
21.6228,0.8834,3.7899
21.6230,0.8531,3.6615
21.6232,0.8409,3.6107
21.6234,0.8283,3.5632
21.6236,0.7672,3.3007
21.6238,0.7202,3.097
21.6240,0.7427,3.192
21.6242,0.7367,3.1721
21.6244,0.6463,2.7841
21.6246,0.6316,2.7211
21.6248,0.7031,3.0247
21.6250,0.6836,2.942
21.6252,0.6953,2.994
21.6254,0.6997,3.0131
21.6256,0.631,2.7172
21.6258,0.5695,2.4569
21.6260,0.5222,2.2526
21.6262,0.5114,2.2061
21.6264,0.5639,2.4315
21.6266,0.6102,2.6311
21.6268,0.6183,2.6625
21.6270,0.6144,2.6492
21.6272,0.5814,2.5058
21.6274,0.5808,2.5009
21.6276,0.605,2.6088
21.6278,0.5292,2.2821
21.6280,0.5328,2.2976
21.6282,0.5658,2.4386
21.6284,0.5963,2.5675
21.6286,0.6068,2.6117
21.6288,0.7063,3.0344
21.6290,0.7736,3.3218
21.6292,0.7934,3.4036
21.6294,0.8746,3.7518
21.6296,0.8945,3.839
21.6298,0.8627,3.7078
21.6300,0.8138,3.4992
21.6302,0.7851,3.3697
21.6304,0.8338,3.5786
21.6306,0.8416,3.6104
21.6308,0.9017,3.8645
21.6310,0.9533,4.0822
21.6312,0.9946,4.2667
21.6314,0.9704,4.1648
21.6316,0.9491,4.0661
21.6318,0.9784,4.1953
21.6320,0.9117,3.9131
21.6322,0.8568,3.674
21.6324,0.9358,4.0128
21.6326,0.9618,4.1244
21.6328,0.979,4.1999
21.6330,0.9194,3.9442
21.6332,0.9018,3.874
21.6334,0.8441,3.6262
21.6336,0.8151,3.5032
21.6338,0.8126,3.4859
21.6340,0.8886,3.8173
21.6342,0.8442,3.6284
21.6344,0.7682,3.3048
21.6346,0.7376,3.1747
21.6348,0.7391,3.178
21.6350,0.7598,3.2687
21.6352,0.7074,3.0461
21.6354,0.6801,2.927
21.6356,0.7265,3.1268
21.6358,0.7152,3.0797
21.6360,0.6806,2.9305
21.6362,0.7513,3.2291
21.6364,0.7268,3.1298
21.6366,0.6687,2.8807
21.6368,0.641,2.7627
21.6370,0.6111,2.634
21.6372,0.5999,2.5842
21.6374,0.6186,2.6685
21.6376,0.5761,2.4854
21.6378,0.6002,2.5858
21.6380,0.6386,2.751
21.6382,0.5984,2.584
21.6384,0.5036,2.1704
21.6386,0.537,2.3168
21.6388,0.5294,2.2847
21.6390,0.5258,2.2671
21.6392,0.5439,2.3462
21.6394,0.6212,2.6761
21.6396,0.687,2.9542
21.6398,0.7205,3.0995
21.6400,0.7014,3.0161
21.6402,0.6467,2.7849
21.6404,0.6506,2.8001
21.6406,0.6971,3.0003
21.6408,0.6741,2.908
21.6410,0.5789,2.495
21.6412,0.6404,2.7562
21.6414,0.6646,2.8631
21.6416,0.5955,2.568
21.6418,0.5439,2.3484
21.6420,0.4905,2.117
21.6422,0.5188,2.235
21.6424,0.6354,2.7371
21.6426,0.5922,2.5523
21.6428,0.5754,2.4823
21.6430,0.5452,2.3508
21.6432,0.5171,2.2299
21.6434,0.517,2.2314
21.6436,0.5043,2.1745
21.6438,0.5571,2.402
21.6440,0.5856,2.5227
21.6442,0.5627,2.4252
21.6444,0.5821,2.5089
21.6446,0.6117,2.639
21.6448,0.5801,2.499
21.6450,0.5689,2.4555
21.6452,0.4833,2.087
21.6454,0.4656,2.0094
21.6456,0.4613,1.9899
21.6458,0.471,2.0299
21.6460,0.5971,2.5735
21.6462,0.6011,2.5882
21.6464,0.637,2.7418
21.6466,0.6539,2.8132
21.6468,0.6568,2.8282
21.6470,0.6511,2.7996
21.6472,0.6668,2.8698
21.6474,0.5812,2.5048
21.6476,0.5898,2.5408
21.6478,0.6996,3.0084
21.6480,0.7487,3.2162
21.6482,0.7795,3.3471
21.6484,0.8029,3.4603
21.6486,0.5964,2.5716
21.6488,0.558,2.4039
21.6490,0.6539,2.8132
21.6492,0.6535,2.8138
21.6494,0.5881,2.5359
21.6496,0.5826,2.5098
21.6498,0.6283,2.7066
21.6500,0.5634,2.4283
21.6502,0.5497,2.3694
21.6504,0.5555,2.3931
21.6506,0.5784,2.4929
21.6508,0.537,2.3135
21.6510,0.528,2.278
21.6512,0.5308,2.2899
21.6514,0.5385,2.323
21.6516,0.5162,2.2226
21.6518,0.5714,2.4595
21.6520,0.5453,2.3525
21.6522,0.4738,2.0423
21.6524,0.5098,2.1973
21.6526,0.5718,2.4633
21.6528,0.6097,2.6229
21.6530,0.6381,2.7451
21.6532,0.6401,2.7603
21.6534,0.5226,2.2557
21.6536,0.47,2.0267
21.6538,0.4655,2.008
21.6540,0.4586,1.9803
21.6542,0.4536,1.9558
21.6544,0.465,2.0078
21.6546,0.4481,1.9348
21.6548,0.4725,2.0375
21.6550,0.5101,2.1994
21.6552,0.4918,2.1218
21.6554,0.4995,2.1529
21.6556,0.5048,2.1736
21.6558,0.5764,2.483
21.6560,0.5638,2.4299
21.6562,0.5367,2.3152
21.6564,0.5214,2.2443
21.6566,0.6294,2.7062
21.6568,0.6561,2.8225
21.6570,0.6078,2.6146
21.6572,0.5911,2.543
21.6574,0.6005,2.5844
21.6576,0.6163,2.6587
21.6578,0.5235,2.2573
21.6580,0.4937,2.1271
21.6582,0.5322,2.2908
21.6584,0.5525,2.3813
21.6586,0.5047,2.1751
21.6588,0.5051,2.1772
21.6590,0.5017,2.1612
21.6592,0.512,2.2076
21.6594,0.5204,2.2449
21.6596,0.5445,2.3434
21.6598,0.5996,2.5808
21.6600,0.593,2.5548
21.6602,0.5994,2.5797
21.6604,0.6352,2.7302
21.6606,0.6716,2.8877
21.6608,0.6749,2.9035
21.6610,0.6684,2.8756
21.6612,0.6658,2.863
21.6614,0.7029,3.0223
21.6616,0.7193,3.0915
21.6618,0.6764,2.9056
21.6620,0.7566,3.2442
21.6622,0.7657,3.2878
21.6624,0.7815,3.3542
21.6626,0.8413,3.6094
21.6628,0.8629,3.7002
21.6630,0.824,3.5364
21.6632,0.8609,3.688
21.6634,0.9603,4.1119
21.6636,0.956,4.0915
21.6638,0.9901,4.2378
21.6640,0.9734,4.1737
21.6642,0.9841,4.218
21.6644,0.9569,4.1052
21.6646,0.8831,3.7884
21.6648,0.8684,3.7256
21.6650,0.8939,3.8346
21.6652,0.9194,3.9405
21.6654,0.972,4.1603
21.6656,0.9845,4.2255
21.6658,0.8653,3.7105
21.6660,0.9713,4.163
21.6662,0.9467,4.0501
21.6664,1.0208,4.3671
21.6666,1.0907,4.6683
21.6668,1.0781,4.6209
21.6670,0.9729,4.1717
21.6672,0.8917,3.8236
21.6674,0.9335,4.0012
21.6676,0.9158,3.9416
21.6678,0.7719,3.3193
21.6680,0.7303,3.1403
21.6682,0.7555,3.2441
21.6684,0.774,3.328
21.6686,0.7335,3.1543
21.6688,0.7747,3.3358
21.6690,0.7206,3.0986
21.6692,0.7338,3.1538
21.6694,0.7965,3.4249
21.6696,0.7693,3.3094
21.6698,0.7424,3.1924
21.6700,0.7204,3.0947
21.6702,0.7223,3.1072
21.6704,0.714,3.0759
21.6706,0.6786,2.9222
21.6708,0.6508,2.8024
21.6710,0.6597,2.842
21.6712,0.6583,2.8344
21.6714,0.6887,2.9601
21.6716,0.6949,2.991
21.6718,0.6729,2.8974
21.6720,0.6916,2.9738
21.6722,0.7446,3.2032
21.6724,0.7446,3.2062
21.6726,0.6941,2.986
21.6728,0.7338,3.1568
21.6730,0.6858,2.9518
21.6732,0.7138,3.0721
21.6734,0.7104,3.059
21.6736,0.629,2.711
21.6738,0.5678,2.4497
21.6740,0.561,2.4191
21.6742,0.5671,2.4432
21.6744,0.5746,2.4775
21.6746,0.5704,2.4594
21.6748,0.5783,2.4901
21.6750,0.5831,2.5154
21.6752,0.4989,2.1523
21.6754,0.5884,2.5323
21.6756,0.6503,2.8017
21.6758,0.5797,2.5009
21.6760,0.5385,2.3219
21.6762,0.5397,2.3249
21.6764,0.5397,2.326
21.6766,0.5155,2.2226
21.6768,0.5075,2.1895
21.6770,0.5103,2.2035
21.6772,0.5224,2.2537
21.6774,0.524,2.2583
21.6776,0.5168,2.2283
21.6778,0.5098,2.2004
21.6780,0.5069,2.1869
21.6782,0.5212,2.2474
21.6784,0.5243,2.2609
21.6786,0.5167,2.2268
21.6788,0.5852,2.5224
21.6790,0.6255,2.6922
21.6792,0.6547,2.8163
21.6794,0.6742,2.8991
21.6796,0.7303,3.1418
21.6798,0.7285,3.1312
21.6800,0.7346,3.1574
21.6802,0.7603,3.2662
21.6804,0.7622,3.2744
21.6806,0.8557,3.6694
21.6808,0.929,3.9816
21.6810,0.9064,3.8868
21.6812,0.8666,3.7214
21.6814,0.8895,3.8197
21.6816,0.8427,3.6167
21.6818,0.841,3.6078
21.6820,0.8996,3.8575
21.6822,0.9545,4.093
21.6824,0.9467,4.0728
21.6826,0.7749,3.3321
21.6828,0.7349,3.157
21.6830,0.7499,3.2274
21.6832,0.6542,2.8169
21.6834,0.6525,2.8123
21.6836,0.6141,2.6481
21.6838,0.6125,2.6372
21.6840,0.6165,2.6548
21.6842,0.6318,2.7229
21.6844,0.6249,2.6884
21.6846,0.6641,2.8611
21.6848,0.5623,2.4225
21.6850,0.5943,2.5557
21.6852,0.7038,3.0264
21.6854,0.7669,3.2976
21.6856,0.7671,3.2986
21.6858,0.7178,3.0882
21.6860,0.6832,2.9418
21.6862,0.6607,2.8434
21.6864,0.6818,2.9343
21.6866,0.6406,2.7598
21.6868,0.6563,2.8249
21.6870,0.6487,2.797
21.6872,0.5906,2.5468
21.6874,0.5851,2.5183
21.6876,0.6192,2.6661
21.6878,0.5909,2.5443
21.6880,0.6137,2.6424
21.6882,0.6746,2.906
21.6884,0.6332,2.7291
21.6886,0.602,2.5911
21.6888,0.7087,3.0475
21.6890,0.7116,3.0642
21.6892,0.6213,2.6767
21.6894,0.6145,2.6448
21.6896,0.6379,2.7479
21.6898,0.5898,2.5432
21.6900,0.5815,2.5075
21.6902,0.585,2.5202
21.6904,0.5845,2.5193
21.6906,0.5821,2.5089
21.6908,0.6206,2.6736
21.6910,0.6195,2.6689
21.6912,0.5762,2.4824
21.6914,0.5653,2.4377
21.6916,0.5658,2.4386
21.6918,0.5695,2.4524
21.6920,0.6336,2.723
21.6922,0.7463,3.2119
21.6924,0.6909,2.9749
21.6926,0.5655,2.4382
21.6928,0.4911,2.1187
21.6930,0.488,2.1052
21.6932,0.4881,2.1067
21.6934,0.5123,2.2102
21.6936,0.5067,2.1859
21.6938,0.4806,2.0741
21.6940,0.4818,2.0773
21.6942,0.5062,2.1808
21.6944,0.5439,2.3408
21.6946,0.5699,2.4539
21.6948,0.6225,2.6843
21.6950,0.5858,2.5238
21.6952,0.6032,2.595
21.6954,0.6867,2.9541
21.6956,0.7258,3.1179
21.6958,0.772,3.3136
21.6960,0.8019,3.4401
21.6962,0.8404,3.6036
21.6964,0.8252,3.5383
21.6966,0.8877,3.7995
21.6968,0.9757,4.184
21.6970,0.9851,4.2241
21.6972,0.9732,4.1674
21.6974,0.9979,4.2751
21.6976,0.9792,4.1989
21.6978,0.9567,4.1004
21.6980,0.9952,4.2653
21.6982,0.9458,4.0536
21.6984,0.9664,4.142
21.6986,0.9753,4.18
21.6988,0.9707,4.1585
21.6990,0.95,4.0716
21.6992,1.0068,4.3152
21.6994,0.9755,4.181
21.6996,0.9823,4.2143
21.6998,0.9718,4.167
21.7000,0.9983,4.2787
21.7002,0.9484,4.0687
21.7004,0.9696,4.1559
21.7006,1.0109,4.3326
21.7008,0.9638,4.1307
21.7010,0.9461,4.0608
21.7012,0.8863,3.8058
21.7014,0.9055,3.8827
21.7016,0.9193,3.9474
21.7018,0.8687,3.7371
21.7020,0.7946,3.4119
21.7022,0.855,3.6697
21.7024,0.8219,3.531
21.7026,0.7273,3.1318
21.7028,0.6765,2.917
21.7030,0.6514,2.8063
21.7032,0.626,2.6981
21.7034,0.5604,2.4176
21.7036,0.5995,2.5827
21.7038,0.6096,2.626
21.7040,0.6316,2.7198
21.7042,0.6495,2.8006
21.7044,0.6037,2.6031
21.7046,0.602,2.5947
21.7048,0.6008,2.5907
21.7050,0.5912,2.547
21.7052,0.6755,2.902
21.7054,0.7535,3.2444
21.7056,0.672,2.8938
21.7058,0.6571,2.8319
21.7060,0.6126,2.6402
21.7062,0.6483,2.7955
21.7064,0.5342,2.3043
21.7066,0.5019,2.1652
21.7068,0.5583,2.4061
21.7070,0.5796,2.4969
21.7072,0.5683,2.4484
21.7074,0.5845,2.5193
21.7076,0.5833,2.5164
21.7078,0.5672,2.4516
21.7080,0.5026,2.1683
21.7082,0.5008,2.1606
21.7084,0.4975,2.1471
21.7086,0.5141,2.2169
21.7088,0.577,2.4867
21.7090,0.5282,2.2795
21.7092,0.4828,2.0868
21.7094,0.4282,1.8488
21.7096,0.4577,1.9743
21.7098,0.4579,1.9772
21.7100,0.4584,1.9793
21.7102,0.4626,1.9974
21.7104,0.4563,1.9696
21.7106,0.4572,1.9723
21.7108,0.4549,1.9643
21.7110,0.4726,2.039
21.7112,0.5282,2.2764
21.7114,0.5235,2.2604
21.7116,0.4535,1.959
21.7118,0.4445,1.9192
21.7120,0.4596,1.9817
21.7122,0.5357,2.3079
21.7124,0.565,2.4362
21.7126,0.5453,2.3503
21.7128,0.5533,2.3849
21.7130,0.5503,2.372
21.7132,0.5584,2.4077
21.7134,0.5616,2.4228
21.7136,0.5613,2.4168
21.7138,0.5919,2.5489
21.7140,0.6313,2.7208
21.7142,0.5857,2.5221
21.7144,0.5772,2.482
21.7146,0.6651,2.8625
21.7148,0.6614,2.8465
21.7150,0.7222,3.1024
21.7152,0.788,3.3868
21.7154,0.7279,3.13
21.7156,0.6723,2.8962
21.7158,0.5544,2.3918
21.7160,0.5138,2.2164
21.7162,0.5162,2.2268
21.7164,0.5147,2.2185
21.7166,0.5144,2.218
21.7168,0.514,2.2175
21.7170,0.5155,2.2216
21.7172,0.5151,2.22
21.7174,0.5292,2.2821
21.7176,0.5393,2.3255
21.7178,0.5089,2.1932
21.7180,0.5196,2.2418
21.7182,0.5356,2.3095
21.7184,0.5289,2.2805
21.7186,0.5156,2.2231
21.7188,0.4824,2.0799
21.7190,0.5553,2.3909
21.7192,0.6039,2.6006
21.7194,0.6068,2.6093
21.7196,0.6888,2.9633
21.7198,0.6728,2.8942
21.7200,0.6472,2.7869
21.7202,0.6085,2.6226
21.7204,0.6027,2.5918
21.7206,0.6595,2.8343
21.7208,0.6712,2.8862
21.7210,0.6982,3.0022
21.7212,0.7158,3.0794
21.7214,0.6767,2.9126
21.7216,0.6141,2.6444
21.7218,0.5861,2.526
21.7220,0.6041,2.5987
21.7222,0.6507,2.7967
21.7224,0.6535,2.8125
21.7226,0.5912,2.5446
21.7228,0.611,2.6298
21.7230,0.6437,2.7694
21.7232,0.6307,2.717
21.7234,0.6443,2.7771
21.7236,0.5493,2.3673
21.7238,0.4983,2.1487
21.7240,0.5254,2.2634
21.7242,0.5466,2.356
21.7244,0.5018,2.1637
21.7246,0.4927,2.1234
21.7248,0.4937,2.1281
21.7250,0.4935,2.128
21.7252,0.5196,2.2386
21.7254,0.6235,2.681
21.7256,0.6421,2.7622
21.7258,0.5955,2.5656
21.7260,0.5429,2.341
21.7262,0.4916,2.1197
21.7264,0.4894,2.1114
21.7266,0.484,2.0881
21.7268,0.5005,2.156
21.7270,0.5509,2.3713
21.7272,0.5831,2.5107
21.7274,0.5753,2.4783
21.7276,0.5949,2.5583
21.7278,0.664,2.8513
21.7280,0.7523,3.2302
21.7282,0.7909,3.4023
21.7284,0.6951,2.9888
21.7286,0.6825,2.9333
21.7288,0.7436,3.1976
21.7290,0.7521,3.2267
21.7292,0.802,3.4471
21.7294,0.7204,3.0947
21.7296,0.7838,3.3609
21.7298,0.837,3.5875
21.7300,0.8774,3.7659
21.7302,0.8466,3.6371
21.7304,0.8184,3.5062
21.7306,0.9036,3.8763
21.7308,0.9175,3.9323
21.7310,0.9597,4.1113
21.7312,0.9976,4.2696
21.7314,0.9995,4.2838
21.7316,0.9898,4.2402
21.7318,0.9847,4.2226
21.7320,0.9488,4.0645
21.7322,0.8991,3.8555
21.7324,0.9207,3.948
21.7326,0.9032,3.873
21.7328,0.8422,3.618
21.7330,0.8183,3.5155
21.7332,0.8576,3.681
21.7334,0.8413,3.6144
21.7336,0.7981,3.4285
21.7338,0.8102,3.4821
21.7340,0.8127,3.4864
21.7342,0.8612,3.6965
21.7344,0.8579,3.6855
21.7346,0.8279,3.5567
21.7348,0.8006,3.4441
21.7350,0.7096,3.0512
21.7352,0.7075,3.0438
21.7354,0.7361,3.1666
21.7356,0.724,3.1159
21.7358,0.6738,2.8989
21.7360,0.6889,2.9666
21.7362,0.6923,2.9811
21.7364,0.6764,2.9097
21.7366,0.7011,3.0159
21.7368,0.7009,3.0168
21.7370,0.691,2.974
21.7372,0.6421,2.7622
21.7374,0.6713,2.8853
21.7376,0.7735,3.326
21.7378,0.7297,3.1421
21.7380,0.7198,3.0921
21.7382,0.7128,3.0694
21.7384,0.6517,2.8047
21.7386,0.7032,3.0224
21.7388,0.746,3.2064
21.7390,0.7109,3.0554
21.7392,0.7157,3.0774
21.7394,0.7247,3.1176
21.7396,0.7409,3.1857
21.7398,0.7297,3.1407
21.7400,0.6742,2.9018
21.7402,0.6897,2.9669
21.7404,0.6892,2.9663
21.7406,0.6232,2.6849
21.7408,0.5945,2.561
21.7410,0.5942,2.5611
21.7412,0.6084,2.6221
21.7414,0.643,2.7702
21.7416,0.6321,2.7219
21.7418,0.641,2.7601
21.7420,0.6501,2.798
21.7422,0.6578,2.8311
21.7424,0.5969,2.5689
21.7426,0.6722,2.8957
21.7428,0.6547,2.8176
21.7430,0.6978,3.002
21.7432,0.679,2.921
21.7434,0.6924,2.9816
21.7436,0.6812,2.9317
21.7438,0.64,2.7572
21.7440,0.5585,2.4094
21.7442,0.555,2.3888
21.7444,0.5768,2.4873
21.7446,0.5393,2.3277
21.7448,0.5374,2.3162
21.7450,0.5417,2.3348
21.7452,0.5466,2.3527
21.7454,0.6948,2.9863
21.7456,0.784,3.3635
21.7458,0.8132,3.4966
21.7460,0.7412,3.1917
21.7462,0.6577,2.8292
21.7464,0.6422,2.7678
21.7466,0.6349,2.7338
21.7468,0.6802,2.9262
21.7470,0.7201,3.0951
21.7472,0.7713,3.3151
21.7474,0.7503,3.2234
21.7476,0.7388,3.1799
21.7478,0.7035,3.0277
21.7480,0.7264,3.1248
21.7482,0.7141,3.0736
21.7484,0.6593,2.8404
21.7486,0.656,2.8181
21.7488,0.8174,3.5048
21.7490,0.8151,3.5114
21.7492,0.6472,2.7882
21.7494,0.6134,2.6413
21.7496,0.6108,2.6288
21.7498,0.6078,2.6195
21.7500,0.6126,2.639
21.7502,0.6049,2.6047
21.7504,0.6172,2.6579
21.7506,0.6276,2.7035
21.7508,0.6213,2.6754
21.7510,0.6222,2.6778
21.7512,0.6166,2.6565
21.7514,0.617,2.6556
21.7516,0.678,2.9196
21.7518,0.6174,2.6571
21.7520,0.6145,2.646
21.7522,0.6043,2.6021
21.7524,0.6261,2.6936
21.7526,0.6807,2.9323
21.7528,0.6427,2.7712
21.7530,0.556,2.3985
21.7532,0.5303,2.2878
21.7534,0.5506,2.3697
21.7536,0.6497,2.7952
21.7538,0.6422,2.7627
21.7540,0.6413,2.7642
21.7542,0.6277,2.704
21.7544,0.6246,2.6881
21.7546,0.6258,2.6958
21.7548,0.6042,2.6028
21.7550,0.5963,2.5723
21.7552,0.5455,2.3491
21.7554,0.6352,2.7328
21.7556,0.6286,2.7119
21.7558,0.4694,2.025
21.7560,0.539,2.3229
21.7562,0.5846,2.5198
21.7564,0.5861,2.5236
21.7566,0.5869,2.5272
21.7568,0.5991,2.5823
21.7570,0.5555,2.3953
21.7572,0.4947,2.1342
21.7574,0.4832,2.0864
21.7576,0.4747,2.0497
21.7578,0.4717,2.0358
21.7580,0.4712,2.0337
21.7582,0.478,2.0623
21.7584,0.4807,2.0727
21.7586,0.4722,2.0369
21.7588,0.4693,2.0226
21.7590,0.4755,2.0514
21.7592,0.4954,2.1363
21.7594,0.535,2.3048
21.7596,0.5772,2.4854
21.7598,0.5785,2.4934
21.7600,0.5928,2.5537
21.7602,0.6138,2.6392
21.7604,0.636,2.7359
21.7606,0.632,2.7188
21.7608,0.6171,2.6561
21.7610,0.6446,2.7743
21.7612,0.703,3.0186
21.7614,0.7639,3.2847
21.7616,0.7603,3.2662
21.7618,0.7952,3.4081
21.7620,0.8699,3.7318
21.7622,0.8194,3.5201
21.7624,0.7977,3.4253
21.7626,0.8398,3.6027
21.7628,0.8702,3.7316
21.7630,0.8743,3.7491
21.7632,0.9451,4.0467
21.7634,0.9531,4.083
21.7636,0.9448,4.0438
21.7638,0.9995,4.2818
21.7640,0.9965,4.273
21.7642,0.9877,4.2315
21.7644,0.9573,4.1068
21.7646,0.9183,3.9359
21.7648,0.9819,4.2083
21.7650,0.9578,4.1011
21.7652,0.9799,4.1961
21.7654,1.0277,4.4025
21.7656,1.0296,4.4087
21.7658,1.0968,4.6923
21.7660,1.1085,4.7443
21.7662,1.0709,4.5837
21.7664,1.0146,4.3425
21.7666,1.0351,4.4302
21.7668,1.0696,4.5844
21.7670,0.9961,4.2734
21.7672,0.9458,4.0574
21.7674,0.92,3.9505
21.7676,0.8816,3.7857
21.7678,0.8383,3.6032
21.7680,0.7911,3.4017
21.7682,0.7838,3.3766
21.7684,0.6411,2.7593
21.7686,0.6812,2.933
21.7688,0.7136,3.0701
21.7690,0.7338,3.1582
21.7692,0.6496,2.7973
21.7694,0.6812,2.933
21.7696,0.6527,2.8094
21.7698,0.6403,2.7557
21.7700,0.6555,2.8213
21.7702,0.6639,2.86
21.7704,0.7166,3.0844
21.7706,0.7031,3.0303
21.7708,0.6417,2.7658
21.7710,0.6204,2.6725
21.7712,0.663,2.8524
21.7714,0.6607,2.8434
21.7716,0.6784,2.9198
21.7718,0.7327,3.1492
21.7720,0.7674,3.3073
21.7722,0.6217,2.6819
21.7724,0.5375,2.3178
21.7726,0.5309,2.2904
21.7728,0.5234,2.2599
21.7730,0.5372,2.3141
21.7732,0.5966,2.5703
21.7734,0.5493,2.3695
21.7736,0.5267,2.2691
21.7738,0.5688,2.455
21.7740,0.5205,2.2475
21.7742,0.5009,2.1631
21.7744,0.4844,2.0897
21.7746,0.4987,2.1502
21.7748,0.5398,2.3287
21.7750,0.5301,2.2804
21.7752,0.6584,2.8363
21.7754,0.5738,2.479
21.7756,0.444,1.9189
21.7758,0.3929,1.6966
21.7760,0.4399,1.8987
21.7762,0.467,2.0156
21.7764,0.4477,1.9323
21.7766,0.4491,1.9394
21.7768,0.4487,1.9355
21.7770,0.447,1.9292
21.7772,0.4403,1.902
21.7774,0.4316,1.8656
21.7776,0.4289,1.8536
21.7778,0.4357,1.8814
21.7780,0.4475,1.9322
21.7782,0.4432,1.9118
21.7784,0.4737,2.0418
21.7786,0.5285,2.279
21.7788,0.5455,2.3513
21.7790,0.5659,2.438
21.7792,0.6291,2.7065
21.7794,0.6481,2.7893
21.7796,0.6339,2.7284
21.7798,0.6547,2.8189
21.7800,0.6722,2.8916
21.7802,0.6647,2.8597
21.7804,0.6803,2.9281
21.7806,0.6786,2.9195
21.7808,0.7714,3.3126
21.7810,0.7759,3.3332
21.7812,0.7663,3.2874
21.7814,0.8329,3.5733
21.7816,0.828,3.5572
21.7818,0.7694,3.3038
21.7820,0.8061,3.4614
21.7822,0.8025,3.4539
21.7824,0.7409,3.1828
21.7826,0.77,3.311
21.7828,0.7193,3.0972
21.7830,0.6436,2.7753
21.7832,0.5501,2.3698
21.7834,0.538,2.3198
21.7836,0.5439,2.3473
21.7838,0.5419,2.3358
21.7840,0.5507,2.3735
21.7842,0.5402,2.3281
21.7844,0.5398,2.3287
21.7846,0.5405,2.3296
21.7848,0.5549,2.3883
21.7850,0.5838,2.5185
21.7852,0.5272,2.2722
21.7854,0.5773,2.4836
21.7856,0.6226,2.6811
21.7858,0.6425,2.7642
21.7860,0.699,3.0086
21.7862,0.6216,2.674
21.7864,0.6199,2.6742
21.7866,0.4934,2.1285
21.7868,0.4505,1.9433
21.7870,0.4878,2.1032
21.7872,0.5575,2.4019
21.7874,0.5701,2.4561
21.7876,0.5712,2.4596
21.7878,0.5959,2.566
21.7880,0.5653,2.4377
21.7882,0.5122,2.2087
21.7884,0.5186,2.2298
21.7886,0.5873,2.5288
21.7888,0.6065,2.6102
21.7890,0.6439,2.7699
21.7892,0.6265,2.6976
21.7894,0.6108,2.63
21.7896,0.6063,2.6121
21.7898,0.589,2.5348
21.7900,0.5885,2.534
21.7902,0.5888,2.5343
21.7904,0.5989,2.5801
21.7906,0.5758,2.4827
21.7908,0.506,2.1818
21.7910,0.506,2.1808
21.7912,0.5049,2.1781
21.7914,0.5045,2.1746
21.7916,0.5021,2.1642
21.7918,0.5059,2.1813
21.7920,0.5039,2.173
21.7922,0.5164,2.2237
21.7924,0.5848,2.5203
21.7926,0.5298,2.2826
21.7928,0.5268,2.2717
21.7930,0.4893,2.1089
21.7932,0.4842,2.0877
21.7934,0.487,2.1011
21.7936,0.4872,2.0987
21.7938,0.5025,2.1658
21.7940,0.5071,2.1874
21.7942,0.5333,2.2965
21.7944,0.5702,2.4543
21.7946,0.5918,2.546
21.7948,0.6213,2.6729
21.7950,0.6443,2.7655
21.7952,0.7539,3.2404
21.7954,0.7677,3.2997
21.7956,0.7334,3.1537
21.7958,0.7171,3.0808
21.7960,0.7712,3.3115
21.7962,0.8079,3.4658
21.7964,0.8821,3.7772
21.7966,0.9636,4.1263
21.7968,0.9921,4.246
21.7970,1.0018,4.2856
21.7972,0.9918,4.2509
21.7974,0.9464,4.0581
21.7976,0.9093,3.8974
21.7978,0.8839,3.792
21.7980,0.8756,3.7547
21.7982,0.8789,3.7668
21.7984,0.957,4.1019
21.7986,0.9507,4.0747
21.7988,0.9172,3.9331
21.7990,0.9505,4.0755
21.7992,0.9099,3.9036
21.7994,0.8592,3.686
21.7996,0.8633,3.7052
21.7998,0.8483,3.6443
21.8000,0.8466,3.632
21.8002,0.8975,3.8465
21.8004,0.931,3.996
21.8006,0.9132,3.9248
21.8008,0.7765,3.3342
21.8010,0.746,3.2064
21.8012,0.723,3.1103
21.8014,0.7204,3.0961
21.8016,0.8035,3.4516
21.8018,0.8075,3.4675
21.8020,0.818,3.5123
21.8022,0.8145,3.4941
21.8024,0.8985,3.8511
21.8026,0.9883,4.236
21.8028,0.9749,4.1804
21.8030,0.9177,3.9352
21.8032,0.9586,4.1105
21.8034,0.9213,3.958
21.8036,0.7947,3.4172
21.8038,0.7636,3.2852
21.8040,0.7518,3.2326
21.8042,0.7505,3.227
21.8044,0.7873,3.3789
21.8046,0.8766,3.7658
21.8048,0.8247,3.5445
21.8050,0.8421,3.6175
21.8052,0.871,3.7399
21.8054,0.8579,3.6803
21.8056,0.8972,3.8473
21.8058,0.8714,3.7454
21.8060,0.7735,3.326
21.8062,0.7624,3.2785
21.8064,0.7635,3.2832
21.8066,0.7671,3.2986
21.8068,0.7912,3.3991
21.8070,0.8555,3.6769
21.8072,0.7688,3.3058
21.8074,0.7641,3.2827
21.8076,0.8206,3.5236
21.8078,0.8017,3.4519
21.8080,0.6344,2.7355
21.8082,0.6315,2.718
21.8084,0.7242,3.1169
21.8086,0.7388,3.1799
21.8088,0.6605,2.8469
21.8090,0.5668,2.4439
21.8092,0.5542,2.3918
21.8094,0.5621,2.4237
21.8096,0.5688,2.4516
21.8098,0.5855,2.5234
21.8100,0.5664,2.448
21.8102,0.4845,2.0921
21.8104,0.4756,2.0529
21.8106,0.485,2.0923
21.8108,0.5099,2.2009
21.8110,0.5097,2.1998
21.8112,0.5196,2.2397
21.8114,0.5934,2.5551
21.8116,0.6728,2.8956
21.8118,0.7116,3.0613
21.8120,0.7169,3.0855
21.8122,0.6591,2.8341
21.8124,0.6784,2.9185
21.8126,0.6755,2.9074
21.8128,0.6303,2.7141
21.8130,0.6663,2.865
21.8132,0.7728,3.3244
21.8134,0.7012,3.0151
21.8136,0.693,2.9814
21.8138,0.6532,2.8167
21.8140,0.6021,2.5952
21.8142,0.59,2.5407
21.8144,0.5888,2.539
21.8146,0.5922,2.5535
21.8148,0.6017,2.5883
21.8150,0.7005,3.012
21.8152,0.7645,3.2858
21.8154,0.7216,3.107
21.8156,0.6134,2.6426
21.8158,0.6243,2.6908
21.8160,0.5964,2.5704
21.8162,0.5901,2.5435
21.8164,0.5912,2.5482
21.8166,0.5936,2.5573
21.8168,0.5971,2.5735
21.8170,0.5798,2.4991
21.8172,0.6407,2.7616
21.8174,0.5577,2.4002
21.8176,0.5616,2.4217
21.8178,0.5355,2.31
21.8180,0.5319,2.2935
21.8182,0.6218,2.675
21.8184,0.6712,2.8956
21.8186,0.5627,2.4241
21.8188,0.6237,2.6845
21.8190,0.6543,2.8135
21.8192,0.703,3.02
21.8194,0.7313,3.1474
21.8196,0.6825,2.9387
21.8198,0.7044,3.029
21.8200,0.7078,3.0448
21.8202,0.6833,2.9382
21.8204,0.7008,3.0149
21.8206,0.7014,3.0189
21.8208,0.6573,2.8303
21.8210,0.5928,2.5537
21.8212,0.6247,2.6886
21.8214,0.747,3.2075
21.8216,0.8325,3.5713
21.8218,0.9012,3.8696
21.8220,0.86,3.6948
21.8222,0.8405,3.6041
21.8224,0.9252,3.9652
21.8226,0.9382,4.025
21.8228,0.8954,3.8467
21.8230,0.7892,3.3998
21.8232,0.6111,2.6328
21.8234,0.5894,2.5416
21.8236,0.5927,2.5532
21.8238,0.6039,2.6006
21.8240,0.6128,2.6388
21.8242,0.5822,2.5106
21.8244,0.5045,2.1786
21.8246,0.4872,2.1055
21.8248,0.4839,2.0896
21.8250,0.4844,2.0897
21.8252,0.4818,2.0802
21.8254,0.4958,2.1378
21.8256,0.5508,2.3718
21.8258,0.6455,2.7784
21.8260,0.6467,2.7875
21.8262,0.5652,2.4406
21.8264,0.4936,2.1305
21.8266,0.4899,2.1135
21.8268,0.4903,2.117
21.8270,0.4994,2.1533
21.8272,0.5644,2.4291
21.8274,0.6289,2.7067
21.8276,0.6554,2.8194
21.8278,0.7002,3.0123
21.8280,0.7327,3.1492
21.8282,0.7223,3.1044
21.8284,0.7851,3.3775
21.8286,0.7454,3.2038
21.8288,0.7776,3.3388
21.8290,0.7916,3.3959
21.8292,0.8388,3.5986
21.8294,0.8359,3.5862
21.8296,0.9202,3.9441
21.8298,0.9915,4.2474
21.8300,0.9767,4.1901
21.8302,0.9273,3.98
21.8304,0.8978,3.8498
21.8306,0.8881,3.8117
21.8308,0.9001,3.8614
21.8310,0.8916,3.8302
21.8312,0.8445,3.6244
21.8314,0.8996,3.8593
21.8316,0.9831,4.2134
21.8318,0.9953,4.2658
21.8320,1.0177,4.3517
21.8322,1.1001,4.7018
21.8324,1.1118,4.7564
21.8326,1.0729,4.5919
21.8328,1.1296,4.8346
21.8330,1.1183,4.7953
21.8332,0.9774,4.1893
21.8334,0.9648,4.1449
21.8336,0.8562,3.6783
21.8338,0.8339,3.5875
21.8340,0.7356,3.1733
21.8342,0.619,2.6681
21.8344,0.702,3.0215
21.8346,0.7038,3.032
21.8348,0.6116,2.636
21.8350,0.6077,2.619
21.8352,0.633,2.7255
21.8354,0.7271,3.125
21.8356,0.7488,3.2212
21.8358,0.72,3.1003
21.8360,0.7134,3.0748
21.8362,0.6453,2.78
21.8364,0.621,2.6751
21.8366,0.6434,2.773
21.8368,0.6553,2.8202
21.8370,0.6626,2.853
21.8372,0.6451,2.7789
21.8374,0.6495,2.7993
21.8376,0.5973,2.5745
21.8378,0.5866,2.528
21.8380,0.6172,2.6566
21.8382,0.6252,2.6957
21.8384,0.6021,2.5928
21.8386,0.6511,2.8009
21.8388,0.679,2.9265
21.8390,0.5942,2.5659
21.8392,0.5364,2.3142
21.8394,0.5199,2.2449
21.8396,0.5177,2.2325
21.8398,0.5866,2.5269
21.8400,0.6296,2.7085
21.8402,0.6734,2.8995
21.8404,0.6831,2.944
21.8406,0.63,2.7176
21.8408,0.5671,2.4432
21.8410,0.5744,2.4758
21.8412,0.6437,2.7733
21.8414,0.6362,2.7407
21.8416,0.6615,2.8457
21.8418,0.6607,2.8487
21.8420,0.5752,2.4801
21.8422,0.5933,2.5582
21.8424,0.5196,2.2438
21.8426,0.4803,2.075
21.8428,0.4897,2.1105
21.8430,0.5544,2.3918
21.8432,0.4791,2.0688
21.8434,0.4658,2.0114
21.8436,0.4632,1.9981
21.8438,0.4716,2.0372
21.8440,0.4597,1.9868
21.8442,0.4607,1.9882
21.8444,0.5451,2.3514
21.8446,0.5746,2.4741
21.8448,0.6324,2.7204
21.8450,0.6427,2.7686
21.8452,0.5876,2.5327
21.8454,0.5693,2.4559
21.8456,0.579,2.4943
21.8458,0.6574,2.8282
21.8460,0.6808,2.9329
21.8462,0.6593,2.8312
21.8464,0.7585,3.2585
21.8466,0.7451,3.2038
21.8468,0.7246,3.1156
21.8470,0.7859,3.3843
21.8472,0.6682,2.8773
21.8474,0.6422,2.764
21.8476,0.6539,2.8145
21.8478,0.6348,2.732
21.8480,0.6954,2.9903
21.8482,0.7062,3.0424
21.8484,0.5771,2.4884
21.8486,0.5447,2.3499
21.8488,0.5295,2.2852
21.8490,0.5325,2.296
21.8492,0.5306,2.2867
21.8494,0.5298,2.2836
21.8496,0.5295,2.2831
21.8498,0.5285,2.279
21.8500,0.5375,2.3188
21.8502,0.5041,2.1725
21.8504,0.5336,2.2986
21.8506,0.5747,2.4815
21.8508,0.4762,2.0564
21.8510,0.462,1.993
21.8512,0.4665,2.0136
21.8514,0.4668,2.0137
21.8516,0.4734,2.0412
21.8518,0.4967,2.14
21.8520,0.5657,2.4347
21.8522,0.6135,2.6406
21.8524,0.6247,2.6911
21.8526,0.5909,2.5466
21.8528,0.5634,2.4283
21.8530,0.5182,2.2324
21.8532,0.5653,2.4377
21.8534,0.5144,2.2159
21.8536,0.5141,2.218
21.8538,0.5171,2.2278
21.8540,0.5527,2.3834
21.8542,0.5105,2.2035
21.8544,0.5098,2.1963
21.8546,0.575,2.4738
21.8548,0.6603,2.8419
21.8550,0.6993,3.0054
21.8552,0.7328,3.1497
21.8554,0.7079,3.0439
21.8556,0.7213,3.1031
21.8558,0.709,3.0472
21.8560,0.7077,3.0486
21.8562,0.6272,2.702
21.8564,0.6214,2.6759
21.8566,0.6109,2.6281
21.8568,0.6115,2.6306
21.8570,0.6158,2.6504
21.8572,0.6288,2.7049
21.8574,0.6309,2.718
21.8576,0.6154,2.6501
21.8578,0.623,2.6814
21.8580,0.6138,2.638
21.8582,0.6905,2.9692
21.8584,0.6532,2.8114
21.8586,0.6346,2.7276
21.8588,0.6906,2.9683
21.8590,0.6934,2.9816
21.8592,0.7038,3.0278
21.8594,0.7205,3.0966
21.8596,0.7265,3.1224
21.8598,0.7387,3.1735
21.8600,0.7518,3.2281
21.8602,0.7742,3.329
21.8604,0.7573,3.2518
21.8606,0.7791,3.3455
21.8608,0.7823,3.361
21.8610,0.8,3.4351
21.8612,0.8122,3.4876
21.8614,0.7821,3.3537
21.8616,0.8752,3.7509
21.8618,0.9309,3.988
21.8620,0.9325,3.991
21.8622,1.0164,4.3522
21.8624,1.0415,4.4616
21.8626,1.0579,4.5214
21.8628,1.1345,4.8443
21.8630,1.158,4.9423
21.8632,1.1784,5.034
21.8634,1.1755,5.0241
21.8636,1.1911,5.0931
21.8638,1.1807,5.0485
21.8640,1.1231,4.8136
21.8642,1.0245,4.383
21.8644,1.1072,4.732
21.8646,1.1614,4.959
21.8648,1.1814,5.0539
21.8650,1.1526,4.9331
21.8652,1.1386,4.8754
21.8654,1.1274,4.8186
21.8656,1.1778,5.0362
21.8658,1.1682,5.0045
21.8660,1.0528,4.5104
21.8662,1.0275,4.4061
21.8664,1.0452,4.4817
21.8666,0.9981,4.2856
21.8668,0.9299,3.9913
21.8670,0.9198,3.9531
21.8672,0.8622,3.7006
21.8674,0.9293,3.9869
21.8676,0.9757,4.1801
21.8678,1.0265,4.4015
21.8680,0.9586,4.1182
21.8682,0.9122,3.9188
21.8684,0.9109,3.9059
21.8686,0.9481,4.0709
21.8688,0.8815,3.7905
21.8690,0.8371,3.6031
21.8692,0.8357,3.5885
21.8694,0.8629,3.7054
21.8696,0.869,3.7369
21.8698,0.8254,3.5558
21.8700,0.7454,3.2083
21.8702,0.7644,3.2898
21.8704,0.7342,3.1613
21.8706,0.7415,3.1913
21.8708,0.7136,3.0744
21.8710,0.6879,2.9592
21.8712,0.7201,3.098
21.8714,0.7602,3.2733
21.8716,0.7533,3.2469
21.8718,0.7213,3.1046
21.8720,0.7379,3.1743
21.8722,0.7505,3.233
21.8724,0.7092,3.0553
21.8726,0.6495,2.7993
21.8728,0.6291,2.7128
21.8730,0.6495,2.7993
21.8732,0.668,2.8763
21.8734,0.6977,3.0085
21.8736,0.603,2.5976
21.8738,0.6381,2.7528
21.8740,0.5779,2.4943
21.8742,0.5722,2.4683
21.8744,0.6144,2.6442
21.8746,0.7373,3.1732
21.8748,0.7053,3.0439
21.8750,0.583,2.5149
21.8752,0.5773,2.4894
21.8754,0.5797,2.5021
21.8756,0.4985,2.1537
21.8758,0.4843,2.093
21.8760,0.5396,2.3298
21.8762,0.5509,2.3779
21.8764,0.533,2.3013
21.8766,0.5216,2.2521
21.8768,0.518,2.2366
21.8770,0.5236,2.2578
21.8772,0.5717,2.464
21.8774,0.6601,2.8395
21.8776,0.7704,3.3125
21.8778,0.7459,3.2148
21.8780,0.6451,2.7815
21.8782,0.6565,2.8254
21.8784,0.7326,3.1531
21.8786,0.7171,3.0865
21.8788,0.7265,3.1224
21.8790,0.7653,3.2878
21.8792,0.7689,3.3064
21.8794,0.7765,3.3373
21.8796,0.8094,3.479
21.8798,0.8413,3.6094
21.8800,0.8981,3.8598
21.8802,0.7972,3.4328
21.8804,0.7581,3.26
21.8806,0.7416,3.1918
21.8808,0.709,3.0472
21.8810,0.8552,3.6776
21.8812,0.8115,3.4861
21.8814,0.7772,3.3419
21.8816,0.7977,3.4285
21.8818,0.8333,3.5832
21.8820,0.8002,3.4409
21.8822,0.8189,3.523
21.8824,0.8063,3.4688
21.8826,0.8217,3.5316
21.8828,0.8636,3.7119
21.8830,0.8529,3.6707
21.8832,0.76,3.2728
21.8834,0.7073,3.0442
21.8836,0.6596,2.8441
21.8838,0.5892,2.5418
21.8840,0.5605,2.417
21.8842,0.631,2.7135
21.8844,0.7795,3.3611
21.8846,0.6002,2.5894
21.8848,0.5765,2.4835
21.8850,0.6467,2.7849
21.8852,0.6904,2.9742
21.8854,0.6964,3
21.8856,0.6538,2.8193
21.8858,0.6695,2.883
21.8860,0.6971,3.0045
21.8862,0.6035,2.6033
21.8864,0.5488,2.3686
21.8866,0.5304,2.2873
21.8868,0.5782,2.4919
21.8870,0.6256,2.6928
21.8872,0.6307,2.717
21.8874,0.6326,2.7265
21.8876,0.6586,2.8373
21.8878,0.682,2.9367
21.8880,0.69,2.9685
21.8882,0.6975,3.0019
21.8884,0.6711,2.8897
21.8886,0.669,2.8809
21.8888,0.6736,2.8992
21.8890,0.7073,3.0456
21.8892,0.6795,2.9272
21.8894,0.6732,2.9017
21.8896,0.6688,2.8785
21.8898,0.6996,3.007
21.8900,0.7488,3.2227
21.8902,0.6856,2.9494
21.8904,0.6776,2.9176
21.8906,0.669,2.8836
21.8908,0.6773,2.9138
21.8910,0.7404,3.1881
21.8912,0.6844,2.9484
21.8914,0.6609,2.8458
21.8916,0.667,2.8721
21.8918,0.6731,2.8971
21.8920,0.6945,2.989
21.8922,0.705,3.0344
21.8924,0.6983,3.0069
21.8926,0.7368,3.1726
21.8928,0.7267,3.1263
21.8930,0.7464,3.2139
21.8932,0.6452,2.7769
21.8934,0.7002,3.0179
21.8936,0.6525,2.811
21.8938,0.6922,2.975
21.8940,0.7393,3.182
21.8942,0.696,2.9943
21.8944,0.7851,3.3791
21.8946,0.7723,3.3177
21.8948,0.8472,3.6363
21.8950,0.8262,3.5511
21.8952,0.7959,3.4176
21.8954,0.8393,3.6073
21.8956,0.8367,3.5993
21.8958,0.8364,3.5866
21.8960,0.9632,4.1281
21.8962,1.0067,4.3187
21.8964,0.958,4.1098
21.8966,0.9869,4.2239
21.8968,1.0126,4.3398
21.8970,0.9809,4.2061
21.8972,0.9617,4.1277
21.8974,0.9682,4.1497
21.8976,0.9963,4.2719
21.8978,1.0266,4.4041
21.8980,1.0377,4.4436
21.8982,1.0992,4.7026
21.8984,1.1287,4.8265
21.8986,1.1227,4.8076
21.8988,1.0852,4.6512
21.8990,1.1319,4.8376
21.8992,1.2076,5.1614
21.8994,1.1498,4.9282
21.8996,1.0486,4.4966
21.8998,1.0038,4.3083
21.9000,0.9142,3.9221
21.9002,0.9507,4.0899
21.9004,0.8616,3.7032
21.9006,0.8558,3.6716
21.9008,0.9356,4.0155
21.9010,0.9918,4.2608
21.9012,0.9156,3.9332
21.9014,0.8849,3.7996
21.9016,0.9506,4.0836
21.9018,0.9346,4.0095
21.9020,0.976,4.1889
21.9022,0.9327,4.005
21.9024,0.9244,3.9769
21.9026,0.8102,3.4837
21.9028,0.8093,3.4753
21.9030,0.8921,3.8305
21.9032,0.9419,4.0484
21.9034,0.907,3.8967
21.9036,0.8614,3.7073
21.9038,0.7413,3.1922
21.9040,0.7386,3.1818
21.9042,0.7524,3.2397
21.9044,0.7392,3.177
21.9046,0.8296,3.5739
21.9048,0.8232,3.5416
21.9050,0.819,3.5251
21.9052,0.7403,3.192
21.9054,0.6641,2.8637
21.9056,0.69,2.9713
21.9058,0.7112,3.0626
21.9060,0.6801,2.9298
21.9062,0.7005,3.0218
21.9064,0.6722,2.897
21.9066,0.6917,2.9799
21.9068,0.6987,3.0112
21.9070,0.7055,3.0435
21.9072,0.6663,2.8704
21.9074,0.6768,2.9158
21.9076,0.6719,2.896
21.9078,0.6506,2.8079
21.9080,0.6186,2.6648
21.9082,0.633,2.7306
21.9084,0.5989,2.5873
21.9086,0.5259,2.2729
21.9088,0.5089,2.1962
21.9090,0.5099,2.2019
21.9092,0.5125,2.2107
21.9094,0.5079,2.1941
21.9096,0.5084,2.1972
21.9098,0.4991,2.1573
21.9100,0.5054,2.1822
21.9102,0.52,2.2444
21.9104,0.5876,2.5362
21.9106,0.5533,2.3838
21.9108,0.608,2.6181
21.9110,0.6133,2.647
21.9112,0.5439,2.3484
21.9114,0.5272,2.2743
21.9116,0.5322,2.2971
21.9118,0.5351,2.3074
21.9120,0.5958,2.569
21.9122,0.6189,2.6663
21.9124,0.6806,2.9291
21.9126,0.7252,3.1167
21.9128,0.7921,3.4043
21.9130,0.7936,3.4269
21.9132,0.6008,2.5907
21.9134,0.6216,2.6814
21.9136,0.5772,2.4877
21.9138,0.5687,2.4545
21.9140,0.599,2.5794
21.9142,0.7011,3.0145
21.9144,0.6672,2.8772
21.9146,0.5601,2.4172
21.9148,0.5568,2.4043
21.9150,0.5512,2.3767
21.9152,0.5479,2.3638
21.9154,0.5454,2.353
21.9156,0.5482,2.3649
21.9158,0.5545,2.3923
21.9160,0.5495,2.3706
21.9162,0.5505,2.3747
21.9164,0.549,2.3674
21.9166,0.588,2.5378
21.9168,0.5454,2.3519
21.9170,0.5488,2.3696
21.9172,0.4754,2.0509
21.9174,0.5506,2.3763
21.9176,0.541,2.3306
21.9178,0.5433,2.3437
21.9180,0.5334,2.3002
21.9182,0.6153,2.6521
21.9184,0.6449,2.7745
21.9186,0.7111,3.0593
21.9188,0.7289,3.1385
21.9190,0.6742,2.9031
21.9192,0.6665,2.8714
21.9194,0.6182,2.6632
21.9196,0.6108,2.6312
21.9198,0.5955,2.568
21.9200,0.6093,2.6262
21.9202,0.6315,2.7193
21.9204,0.6171,2.6611
21.9206,0.5748,2.4762
21.9208,0.6596,2.8375
21.9210,0.7231,3.1123
21.9212,0.7345,3.1599
21.9214,0.687,2.9556
21.9216,0.696,2.9957
21.9218,0.7041,3.0288
21.9220,0.7182,3.0854
21.9222,0.7929,3.4095
21.9224,0.7345,3.1613
21.9226,0.6718,2.8941
21.9228,0.6015,2.5902
21.9230,0.6622,2.8515
21.9232,0.6529,2.8125
21.9234,0.6539,2.8172
21.9236,0.6401,2.7552
21.9238,0.6523,2.8112
21.9240,0.6051,2.6081
21.9242,0.5942,2.5599
21.9244,0.6411,2.7593
21.9246,0.6687,2.8807
21.9248,0.6446,2.7782
21.9250,0.6301,2.7144
21.9252,0.6062,2.6116
21.9254,0.6057,2.6119
21.9256,0.5355,2.3111
21.9258,0.5372,2.313
21.9260,0.6242,2.6891
21.9262,0.6182,2.6632
21.9264,0.5866,2.5316
21.9266,0.5218,2.25
21.9268,0.5887,2.5326
21.9270,0.6735,2.896
21.9272,0.7211,3.0992
21.9274,0.7156,3.0784
21.9276,0.6518,2.8026
21.9278,0.7273,3.1304
21.9280,0.7114,3.0589
21.9282,0.7518,3.2266
21.9284,0.8537,3.6675
21.9286,0.82,3.526
21.9288,0.74,3.1777
21.9290,0.8142,3.4931
21.9292,0.8873,3.817
21.9294,0.7624,3.2785
21.9296,0.8012,3.4386
21.9298,0.9309,3.9936
21.9300,0.9401,4.0294
21.9302,0.9665,4.1406
21.9304,1.0014,4.288
21.9306,0.9985,4.2777
21.9308,1.0127,4.3343
21.9310,1.014,4.344
21.9312,1.0852,4.6512
21.9314,1.0974,4.6971
21.9316,1.0616,4.55
21.9318,0.9807,4.2031
21.9320,1.0116,4.3317
21.9322,0.951,4.0876
21.9324,0.8797,3.7775
21.9326,0.9,3.8627
21.9328,0.9115,3.9139
21.9330,0.8421,3.6192
21.9332,0.8291,3.5619
21.9334,0.8351,3.5859
21.9336,0.8223,3.5374
21.9338,0.7725,3.3218
21.9340,0.768,3.3022
21.9342,0.7672,3.3022
21.9344,0.7385,3.1798
21.9346,0.7244,3.118
21.9348,0.7122,3.0611
21.9350,0.7627,3.2841
21.9352,0.7582,3.259
21.9354,0.7978,3.4306
21.9356,0.7925,3.4032
21.9358,0.8725,3.7536
21.9360,0.7606,3.2754
21.9362,0.7214,3.1094
21.9364,0.6617,2.8507
21.9366,0.6788,2.9241
21.9368,0.6798,2.926
21.9370,0.676,2.9095
21.9372,0.7017,3.0213
21.9374,0.697,3.0012
21.9376,0.7405,3.1886
21.9378,0.6686,2.8788
21.9380,0.7108,3.0563
21.9382,0.7654,3.2899
21.9384,0.7157,3.0803
21.9386,0.7276,3.127
21.9388,0.7394,3.1869
21.9390,0.643,2.7702
21.9392,0.6682,2.8786
21.9394,0.6701,2.8855
21.9396,0.6863,2.9553
21.9398,0.7007,3.0172
21.9400,0.7015,3.018
21.9402,0.7072,3.0423
21.9404,0.7435,3.2
21.9406,0.7671,3.3032
21.9408,0.7704,3.3141
21.9410,0.719,3.0948
21.9412,0.7525,3.2387
21.9414,0.7784,3.3471
21.9416,0.8048,3.4541
21.9418,0.8712,3.7427
21.9420,0.8689,3.7329
21.9422,0.8045,3.4659
21.9424,0.6912,2.9792
21.9426,0.664,2.8619
21.9428,0.7003,3.0171
21.9430,0.6425,2.7719
21.9432,0.6435,2.7735
21.9434,0.6813,2.9322
21.9436,0.675,2.9067
21.9438,0.7308,3.1409
21.9440,0.8075,3.4708
21.9442,0.8231,3.5394
21.9444,0.7788,3.3502
21.9446,0.7121,3.0677
21.9448,0.6517,2.8073
21.9450,0.6618,2.8499
21.9452,0.7178,3.0867
21.9454,0.7874,3.3889
21.9456,0.7719,3.3223
21.9458,0.7627,3.2795
21.9460,0.7737,3.3301
21.9462,0.6766,2.9161
21.9464,0.6429,2.7709
21.9466,0.6464,2.7846
21.9468,0.6455,2.7836
21.9470,0.6851,2.9487
21.9472,0.7951,3.4124
21.9474,0.8883,3.8128
21.9476,0.8502,3.6525
21.9478,0.8231,3.5443
21.9480,0.6973,3.0055
21.9482,0.6324,2.7254
21.9484,0.629,2.7085
21.9486,0.6345,2.7348
21.9488,0.6324,2.7254
21.9490,0.6278,2.7046
21.9492,0.6301,2.7131
21.9494,0.6261,2.6973
21.9496,0.6298,2.707
21.9498,0.6949,2.9938
21.9500,0.6236,2.6902
21.9502,0.5688,2.4516
21.9504,0.6141,2.6432
21.9506,0.7246,3.1257
21.9508,0.59,2.5466
21.9510,0.5634,2.4283
21.9512,0.6032,2.5975
21.9514,0.6684,2.8756
21.9516,0.7105,3.0581
21.9518,0.7355,3.164
21.9520,0.6953,2.9995
21.9522,0.5851,2.5218
21.9524,0.5712,2.4585
21.9526,0.6389,2.7539
21.9528,0.5958,2.569
21.9530,0.5812,2.5025
21.9532,0.6156,2.6543
21.9534,0.5803,2.5
21.9536,0.6062,2.6116
21.9538,0.6987,3.0056
21.9540,0.7585,3.257
21.9542,0.8273,3.5574
21.9544,0.7127,3.066
21.9546,0.7235,3.111
21.9548,0.7597,3.2712
21.9550,0.7075,3.0495
21.9552,0.6489,2.7929
21.9554,0.7071,3.0417
21.9556,0.7079,3.0454
21.9558,0.7259,3.1271
21.9560,0.626,2.6968
21.9562,0.6361,2.7389
21.9564,0.5892,2.5429
21.9566,0.5172,2.2335
21.9568,0.5187,2.2376
21.9570,0.5217,2.2485
21.9572,0.6177,2.6587
21.9574,0.6856,2.948
21.9576,0.6315,2.7231
21.9578,0.5542,2.3885
21.9580,0.6065,2.6138
21.9582,0.6081,2.6198
21.9584,0.6158,2.6541
21.9586,0.6357,2.7386
21.9588,0.6322,2.7211
21.9590,0.6463,2.7828
21.9592,0.6771,2.9128
21.9594,0.723,3.1103
21.9596,0.7797,3.3512
21.9598,0.7883,3.3883
21.9600,0.7705,3.3131
21.9602,0.7976,3.428
21.9604,0.8393,3.609
21.9606,0.7999,3.4394
21.9608,0.7594,3.2671
21.9610,0.7216,3.1042
21.9612,0.7237,3.112
21.9614,0.7681,3.2981
21.9616,0.8524,3.6601
21.9618,0.8645,3.7121
21.9620,0.9045,3.8786
21.9622,0.9652,4.133
21.9624,1.1009,4.7054
21.9626,1.1907,5.0916
21.9628,1.1727,5.0147
21.9630,1.1377,4.8741
21.9632,1.1293,4.8358
21.9634,1.1447,4.897
21.9636,1.1697,5.0042
21.9638,1.073,4.5967
21.9640,0.997,4.275
21.9642,1.0134,4.3373
21.9644,1.146,4.9049
21.9646,1.1416,4.8882
21.9648,1.1106,4.7535
21.9650,1.1021,4.7193
21.9652,1.1051,4.7299
21.9654,1.1411,4.8862
21.9656,1.037,4.4571
21.9658,0.8762,3.7678
21.9660,0.8428,3.629
21.9662,0.733,3.1561
21.9664,0.778,3.3487
21.9666,0.7912,3.407
21.9668,0.7056,3.0412
21.9670,0.6328,2.7275
21.9672,0.6861,2.9556
21.9674,0.6647,2.8636
21.9676,0.6873,2.9608
21.9678,0.6898,2.973
21.9680,0.6966,2.9997
21.9682,0.7238,3.1168
21.9684,0.7089,3.0537
21.9686,0.7485,3.2187
21.9688,0.8494,3.6455
21.9690,0.9074,3.9073
21.9692,0.7267,3.1321
21.9694,0.6784,2.9239
21.9696,0.6719,2.8933
21.9698,0.691,2.9795
21.9700,0.6267,2.7037
21.9702,0.577,2.4879
21.9704,0.5941,2.5618
21.9706,0.6135,2.6468
21.9708,0.6238,2.6913
21.9710,0.6452,2.7782
21.9712,0.6826,2.9379
21.9714,0.6674,2.8777
21.9716,0.6465,2.7851
21.9718,0.6821,2.9372
21.9720,0.6612,2.8487
21.9722,0.6077,2.6202
21.9724,0.6206,2.676
21.9726,0.6265,2.7026
21.9728,0.526,2.2702
21.9730,0.5332,2.3023
21.9732,0.532,2.295
21.9734,0.5783,2.4924
21.9736,0.53,2.2852
21.9738,0.5922,2.55
21.9740,0.6147,2.6544
21.9742,0.5358,2.3148
21.9744,0.5252,2.2666
21.9746,0.5009,2.1631
21.9748,0.4806,2.077
21.9750,0.4568,1.9744
21.9752,0.4515,1.9507
21.9754,0.4549,1.9624
21.9756,0.4683,2.0213
21.9758,0.4707,2.0326
21.9760,0.4581,1.9801
21.9762,0.4993,2.1518
21.9764,0.5566,2.4
21.9766,0.568,2.4491
21.9768,0.5686,2.4482
21.9770,0.6047,2.6049
21.9772,0.6096,2.626
21.9774,0.5967,2.5684
21.9776,0.6827,2.937
21.9778,0.7002,3.0165
21.9780,0.6607,2.8434
21.9782,0.6711,2.887
21.9784,0.6894,2.9632
21.9786,0.7253,3.1201
21.9788,0.6876,2.9596
21.9790,0.735,3.1634
21.9792,0.7798,3.3517
21.9794,0.8413,3.611
21.9796,0.8047,3.4632
21.9798,0.7033,3.0286
21.9800,0.6549,2.82
21.9802,0.6388,2.7508
21.9804,0.6397,2.757
21.9806,0.6497,2.7965
21.9808,0.731,3.1464
21.9810,0.7154,3.0778
21.9812,0.7093,3.0487
21.9814,0.7078,3.0448
21.9816,0.6921,2.9786
21.9818,0.6801,2.9325
21.9820,0.5724,2.4694
21.9822,0.5604,2.4176
21.9824,0.576,2.4826
21.9826,0.573,2.4696
21.9828,0.5706,2.4593
21.9830,0.6048,2.6114
21.9832,0.519,2.2371
21.9834,0.5597,2.4134
21.9836,0.5717,2.4662
21.9838,0.5782,2.4907
21.9840,0.5892,2.5382
21.9842,0.5864,2.5287
21.9844,0.6322,2.7211
21.9846,0.6742,2.8977
21.9848,0.737,3.1722
21.9850,0.6626,2.857
21.9852,0.6061,2.6111
21.9854,0.597,2.573
21.9856,0.6086,2.6219
21.9858,0.6066,2.6168
21.9860,0.5586,2.4065
21.9862,0.6021,2.5964
21.9864,0.5851,2.5183
21.9866,0.6471,2.7838
21.9868,0.669,2.8769
21.9870,0.7579,3.2604
21.9872,0.7056,3.0341
21.9874,0.6674,2.875
21.9876,0.6657,2.8638
21.9878,0.7037,3.0301
21.9880,0.5942,2.5611
21.9882,0.5893,2.5411
21.9884,0.5925,2.5539
21.9886,0.5833,2.5141
21.9888,0.5909,2.5478
21.9890,0.5935,2.558
21.9892,0.5236,2.2599
21.9894,0.4905,2.117
21.9896,0.487,2.1011
21.9898,0.4849,2.0908
21.9900,0.4786,2.0649
21.9902,0.48,2.0715
21.9904,0.488,2.1052
21.9906,0.49,2.113
21.9908,0.4846,2.0917
21.9910,0.4801,2.072
21.9912,0.4891,2.1079
21.9914,0.5372,2.3162
21.9916,0.4935,2.128
21.9918,0.48,2.0706
21.9920,0.4798,2.07
21.9922,0.4838,2.0861
21.9924,0.4999,2.1574
21.9926,0.4921,2.1248
21.9928,0.5001,2.1544
21.9930,0.5948,2.5601
21.9932,0.6188,2.6633
21.9934,0.6321,2.7168
21.9936,0.7059,3.038
21.9938,0.6657,2.8638
21.9940,0.6633,2.8508
21.9942,0.7309,3.1444
21.9944,0.697,2.997
21.9946,0.7471,3.2065
21.9948,0.7783,3.345
21.9950,0.7204,3.0932
21.9952,0.7636,3.2821
21.9954,0.7989,3.4289
21.9956,0.878,3.7615
21.9958,0.9603,4.1119
21.9960,0.9897,4.2476
21.9962,0.8469,3.6364
21.9964,0.8261,3.5457
21.9966,0.8611,3.6977
21.9968,0.8404,3.6052
21.9970,0.838,3.5933
21.9972,0.9159,3.9275
21.9974,0.9469,4.0601
21.9976,0.9201,3.9436
21.9978,0.9447,4.049
21.9980,0.9731,4.1727
21.9982,0.943,4.0455
21.9984,0.8826,3.7916
21.9986,0.8448,3.6293
21.9988,0.9126,3.9058
21.9990,1.0343,4.4328
21.9992,0.9959,4.2704
21.9994,0.9952,4.2613
21.9996,0.9243,3.969
21.9998,0.813,3.4945
22.0000,0.7648,3.2934
22.0002,0.7831,3.3594
22.0004,0.8636,3.7137
22.0006,0.7707,3.3141
22.0008,0.793,3.4052
22.0010,0.8261,3.5473
22.0012,0.8469,3.6381
22.0014,0.8885,3.8097
22.0016,0.9255,3.9723
22.0018,0.9201,3.9399
22.0020,1.0696,4.5844
22.0022,1.0316,4.4277
22.0024,0.8928,3.83
22.0026,0.9002,3.8637
22.0028,0.8942,3.8362
22.0030,0.8834,3.8005
22.0032,0.7951,3.4188
22.0034,0.8141,3.4975
22.0036,0.832,3.5759
22.0038,0.7955,3.4208
22.0040,0.8192,3.5158
22.0042,0.9241,3.9606
22.0044,0.9481,4.0709
22.0046,0.9124,3.9217
22.0048,0.8719,3.7423
22.0050,0.9072,3.8972
22.0052,0.8822,3.7971
22.0054,0.7894,3.4008
22.0056,0.7132,3.0709
22.0058,0.6773,2.9165
22.0060,0.6581,2.8366
22.0062,0.6555,2.8252
22.0064,0.6818,2.9343
22.0066,0.6741,2.9066
22.0068,0.6345,2.7297
22.0070,0.7754,3.3373
22.0072,0.6996,3.0084
22.0074,0.7262,3.1257
22.0076,0.6979,3.0039
22.0078,0.6909,2.979
22.0080,0.7279,3.13
22.0082,0.7545,3.2475
22.0084,0.6871,2.9575
22.0086,0.743,3.1995
22.0088,0.7249,3.1229
22.0090,0.6726,2.895
22.0092,0.6969,2.9965
22.0094,0.7687,3.3069
22.0096,0.785,3.377
22.0098,0.7268,3.1268
22.0100,0.7154,3.0807
22.0102,0.7672,3.2976
22.0104,0.834,3.5846
22.0106,0.7823,3.3641
22.0108,0.7588,3.2631
22.0110,0.7895,3.3935
22.0112,0.8841,3.8001
22.0114,0.9046,3.8846
22.0116,0.9126,3.9149
22.0118,0.8332,3.5844
22.0120,0.7461,3.2114
22.0122,0.7392,3.1785
22.0124,0.7777,3.3456
22.0126,0.7497,3.2269
22.0128,0.7171,3.0865
22.0130,0.7234,3.1162
22.0132,0.7242,3.1184
22.0134,0.7333,3.1488
22.0136,0.8682,3.7263
22.0138,0.9204,3.9575
22.0140,0.809,3.4802
22.0142,0.7602,3.2672
22.0144,0.8355,3.5925
22.0146,0.799,3.4406
22.0148,0.727,3.1274
22.0150,0.7256,3.1231
22.0152,0.688,2.9597
22.0154,0.7147,3.0776
22.0156,0.6453,2.7826
22.0158,0.6122,2.6399
22.0160,0.619,2.6681
22.0162,0.6218,2.6787
22.0164,0.6542,2.8195
22.0166,0.6158,2.6566
22.0168,0.6222,2.6778
22.0170,0.7509,3.232
22.0172,0.7084,3.0474
22.0174,0.7196,3.1017
22.0176,0.706,3.0413
22.0178,0.6839,2.9449
22.0180,0.6702,2.8861
22.0182,0.7148,3.0738
22.0184,0.8265,3.5555
22.0186,0.7827,3.3672
22.0188,0.728,3.1335
22.0190,0.697,2.9984
22.0192,0.7383,3.1793
22.0194,0.7121,3.0648
22.0196,0.7422,3.1929
22.0198,0.7547,3.248
22.0200,0.7264,3.1248
22.0202,0.7764,3.3368
22.0204,0.8219,3.5326
22.0206,0.8248,3.545
22.0208,0.803,3.4576
22.0210,0.7881,3.3873
22.0212,0.8662,3.721
22.0214,0.8124,3.4951
22.0216,0.7832,3.3693
22.0218,0.7472,3.213
22.0220,0.7937,3.4083
22.0222,0.8579,3.6889
22.0224,0.808,3.4809
22.0226,0.6987,3.0084
22.0228,0.7267,3.1321
22.0230,0.6791,2.9283
22.0232,0.6707,2.8881
22.0234,0.6713,2.888
22.0236,0.7496,3.2234
22.0238,0.756,3.2552
22.0240,0.6479,2.7952
22.0242,0.6015,2.595
22.0244,0.6069,2.6159
22.0246,0.6532,2.818
22.0248,0.5732,2.473
22.0250,0.5057,2.1838
22.0252,0.5032,2.1739
22.0254,0.497,2.145
22.0256,0.5369,2.3195
22.0258,0.5071,2.1905
22.0260,0.5861,2.5271
22.0262,0.6078,2.6171
22.0264,0.6518,2.8053
22.0266,0.6927,2.9785
22.0268,0.7949,3.4182
22.0270,0.7223,3.1072
22.0272,0.7146,3.0757
22.0274,0.7732,3.3311
22.0276,0.7435,3.1971
22.0278,0.7598,3.2657
22.0280,0.776,3.3383
22.0282,0.81,3.4816
22.0284,0.8156,3.5053
22.0286,0.7885,3.3872
22.0288,0.8876,3.8079
22.0290,0.953,4.092
22.0292,0.9364,4.0191
22.0294,0.9074,3.8946
22.0296,0.8901,3.8205
22.0298,0.8971,3.8485
22.0300,0.9521,4.0846
22.0302,0.9471,4.063
22.0304,0.976,4.1792
22.0306,1.1121,4.7575
22.0308,1.1056,4.7408
22.0310,1.0582,4.5335
22.0312,1.0949,4.6863
22.0314,1.0863,4.6537
22.0316,1.0301,4.4231
22.0318,0.8913,3.831
22.0320,0.8564,3.681
22.0322,0.8338,3.587
22.0324,0.8192,3.5224
22.0326,0.8085,3.4749
22.0328,0.8313,3.5695
22.0330,0.8957,3.8477
22.0332,0.8154,3.5129
22.0334,0.7487,3.2207
22.0336,0.774,3.328
22.0338,0.7905,3.3992
22.0340,0.8122,3.4941
22.0342,0.7966,3.4302
22.0344,0.7422,3.1929
22.0346,0.7358,3.1685
22.0348,0.6915,2.9816
22.0350,0.6399,2.7567
22.0352,0.677,2.9177
22.0354,0.6494,2.8027
22.0356,0.5973,2.5757
22.0358,0.6319,2.7246
22.0360,0.5801,2.5025
22.0362,0.5392,2.325
22.0364,0.5812,2.5048
22.0366,0.6334,2.7301
22.0368,0.663,2.8604
22.0370,0.6153,2.6508
22.0372,0.624,2.6918
22.0374,0.5595,2.4146
22.0376,0.5843,2.5194
22.0378,0.5827,2.5138
22.0380,0.609,2.6235
22.0382,0.6756,2.9106
22.0384,0.6845,2.9489
22.0386,0.7031,3.0289
22.0388,0.7042,3.0336
22.0390,0.7017,3.0185
22.0392,0.7171,3.0894
22.0394,0.7051,3.0377
22.0396,0.6774,2.9198
22.0398,0.5943,2.5616
22.0400,0.6565,2.8254
22.0402,0.7205,3.1053
22.0404,0.6475,2.788
22.0406,0.6731,2.8958
22.0408,0.6767,2.9167
22.0410,0.6228,2.6853
22.0412,0.5665,2.444
22.0414,0.5457,2.354
22.0416,0.5643,2.4387
22.0418,0.4465,1.9298
22.0420,0.4616,1.9933
22.0422,0.4771,2.061
22.0424,0.5603,2.4149
22.0426,0.57,2.4567
22.0428,0.565,2.435
22.0430,0.562,2.4244
22.0432,0.5638,2.4332
22.0434,0.5591,2.4097
22.0436,0.5798,2.4979
22.0438,0.6385,2.7544
22.0440,0.5848,2.5203
22.0442,0.5848,2.5168
22.0444,0.6427,2.766
22.0446,0.6988,3.0103
22.0448,0.6909,2.9707
22.0450,0.7358,3.1641
22.0452,0.724,3.1217
22.0454,0.6265,2.7026
22.0456,0.5549,2.3916
22.0458,0.5755,2.4817
22.0460,0.5687,2.451
22.0462,0.6509,2.8016
22.0464,0.6975,3.0047
22.0466,0.5842,2.5177
22.0468,0.5626,2.4258
22.0470,0.5476,2.3623
22.0472,0.5666,2.4411
22.0474,0.6152,2.6479
22.0476,0.6485,2.7939
22.0478,0.6533,2.8133
22.0480,0.643,2.7714
22.0482,0.6589,2.8397
22.0484,0.6148,2.6512
22.0486,0.544,2.3446
22.0488,0.584,2.5184
22.0490,0.5175,2.2345
22.0492,0.4671,2.0171
22.0494,0.4617,1.9929
22.0496,0.4662,2.0148
22.0498,0.4663,2.0125
22.0500,0.4639,2.0031
22.0502,0.4635,2.0015
22.0504,0.4641,2.0023
22.0506,0.512,2.2066
22.0508,0.5648,2.4334
22.0510,0.6038,2.6012
22.0512,0.5843,2.5171
22.0514,0.5755,2.4851
22.0516,0.4921,2.1238
22.0518,0.4868,2.0991
22.0520,0.4734,2.044
22.0522,0.483,2.0854
22.0524,0.4529,1.95
22.0526,0.5886,2.5286
22.0528,0.6581,2.8339
22.0530,0.6354,2.7384
22.0532,0.5895,2.5421
22.0534,0.5525,2.378
22.0536,0.6803,2.9267
22.0538,0.6779,2.9205
22.0540,0.6201,2.6715
22.0542,0.6501,2.7928
22.0544,0.7187,3.0946
22.0546,0.6517,2.8047
22.0548,0.64,2.7572
22.0550,0.5996,2.5856
22.0552,0.5894,2.5381
22.0554,0.637,2.7405
22.0556,0.5915,2.548
22.0558,0.5406,2.3323
22.0560,0.4833,2.086
22.0562,0.4731,2.0411
22.0564,0.477,2.0595
22.0566,0.4788,2.0663
22.0568,0.4981,2.1487
22.0570,0.5627,2.423
22.0572,0.5882,2.5329
22.0574,0.5906,2.5421
22.0576,0.6095,2.6231
22.0578,0.6267,2.6949
22.0580,0.6621,2.8496
22.0582,0.6634,2.854
22.0584,0.693,2.9814
22.0586,0.6295,2.7093
22.0588,0.64,2.7534
22.0590,0.6465,2.7825
22.0592,0.6519,2.8058
22.0594,0.7237,3.1048
22.0596,0.8328,3.5795
22.0598,0.7857,3.377
22.0600,0.7859,3.3749
22.0602,0.7994,3.4309
22.0604,0.8399,3.6032
22.0606,0.8345,3.585
22.0608,0.7964,3.4212
22.0610,0.7912,3.3943
22.0612,0.8485,3.6419
22.0614,0.9293,3.9832
22.0616,1.0096,4.3229
22.0618,0.955,4.0932
22.0620,0.8977,3.8493
22.0622,0.8987,3.8552
22.0624,0.8948,3.8388
22.0626,0.8991,3.8537
22.0628,0.9175,3.9378
22.0630,0.8857,3.8032
22.0632,0.8875,3.8021
22.0634,0.8882,3.8122
22.0636,0.8885,3.8133
22.0638,0.9144,3.9189
22.0640,0.9381,4.0263
22.0642,0.8704,3.7373
22.0644,0.8413,3.6194
22.0646,0.7301,3.1408
22.0648,0.7048,3.0348
22.0650,0.6676,2.8747
22.0652,0.6662,2.8658
22.0654,0.7123,3.0644
22.0656,0.7357,3.1621
22.0658,0.7644,3.2898
22.0660,0.7111,3.0579
22.0662,0.7717,3.3182
22.0664,0.7988,3.4331
22.0666,0.8231,3.5328
22.0668,0.8118,3.4877
22.0670,0.7303,3.1403
22.0672,0.7596,3.2586
22.0674,0.8091,3.4807
22.0676,0.7045,3.0323
22.0678,0.7431,3.1955
22.0680,0.7779,3.3481
22.0682,0.6762,2.9092
22.0684,0.688,2.9583
22.0686,0.7413,3.1863
22.0688,0.7588,3.2615
22.0690,0.7141,3.0722
22.0692,0.6551,2.8197
22.0694,0.715,3.0729
22.0696,0.784,3.3713
22.0698,0.7289,3.1371
22.0700,0.6362,2.7407
22.0702,0.6517,2.806
22.0704,0.6662,2.8658
22.0706,0.6324,2.7267
22.0708,0.5607,2.4198
22.0710,0.5471,2.358
22.0712,0.5886,2.5368
22.0714,0.5643,2.4342
22.0716,0.5802,2.5018
22.0718,0.5518,2.3793
22.0720,0.55,2.3704
22.0722,0.5599,2.4133
22.0724,0.57,2.4556
22.0726,0.5909,2.5466
22.0728,0.644,2.7756
22.0730,0.5997,2.5885
22.0732,0.4876,2.1066
22.0734,0.5037,2.172
22.0736,0.5602,2.4143
22.0738,0.5463,2.3555
22.0740,0.5274,2.2754
22.0742,0.5231,2.2578
22.0744,0.5253,2.2661
22.0746,0.5368,2.3136
22.0748,0.5296,2.2826
22.0750,0.5436,2.3419
22.0752,0.6043,2.6045
22.0754,0.5879,2.5314
22.0756,0.5731,2.4702
22.0758,0.5557,2.3963
22.0760,0.5927,2.5508
22.0762,0.6991,3.0063
22.0764,0.6912,2.9764
22.0766,0.7027,3.0204
22.0768,0.7927,3.4021
22.0770,0.8507,3.6529
22.0772,0.7861,3.3785
22.0774,0.7382,3.1758
22.0776,0.7387,3.1764
22.0778,0.7705,3.3084
22.0780,0.816,3.5041
22.0782,0.7783,3.345
22.0784,0.7266,3.1244
22.0786,0.6993,3.0096
22.0788,0.693,2.9814
22.0790,0.7327,3.1477
22.0792,0.8025,3.4427
22.0794,0.8662,3.7193
22.0796,0.811,3.4889
22.0798,0.7614,3.2693
22.0800,0.8517,3.6519
22.0802,0.9243,3.9653
22.0804,0.8961,3.8534
22.0806,0.7346,3.1604
22.0808,0.6789,2.9246
22.0810,0.5845,2.5181
22.0812,0.5704,2.4594
22.0814,0.5758,2.4827
22.0816,0.5864,2.5275
22.0818,0.5734,2.47
22.0820,0.5725,2.4664
22.0822,0.5717,2.4628
22.0824,0.5764,2.4853
22.0826,0.5901,2.54
22.0828,0.7181,3.0878
22.0830,0.7169,3.0855
22.0832,0.6778,2.9172
22.0834,0.6738,2.9002
22.0836,0.6529,2.8086
22.0838,0.6987,3.0028
22.0840,0.7335,3.1557
22.0842,0.7332,3.1542
22.0844,0.7284,3.1306
22.0846,0.7074,3.0475
22.0848,0.6273,2.7025
22.0850,0.6162,2.6532
22.0852,0.6162,2.6545
22.0854,0.6268,2.7004
22.0856,0.6511,2.7983
22.0858,0.7333,3.1532
22.0860,0.743,3.192
22.0862,0.8741,3.7515
22.0864,0.8594,3.6853
22.0866,0.8633,3.7069
22.0868,0.775,3.3342
22.0870,0.7358,3.1641
22.0872,0.7659,3.2919
22.0874,0.7844,3.3729
22.0876,0.776,3.3368
22.0878,0.7892,3.3903
22.0880,0.7556,3.2461
22.0882,0.7894,3.3929
22.0884,0.779,3.3512
22.0886,0.659,2.8402
22.0888,0.5988,2.5819
22.0890,0.5919,2.5537
22.0892,0.6087,2.62
22.0894,0.6912,2.9695
22.0896,0.7677,3.2997
22.0898,0.7756,3.3368
22.0900,0.6738,2.9043
22.0902,0.5681,2.4496
22.0904,0.5621,2.4226
22.0906,0.5619,2.4227
22.0908,0.5613,2.4201
22.0910,0.5764,2.4841
22.0912,0.5819,2.5044
22.0914,0.6316,2.7198
22.0916,0.6445,2.7764
22.0918,0.5891,2.5389
22.0920,0.583,2.5172
22.0922,0.5278,2.2748
22.0924,0.5602,2.4132
22.0926,0.5927,2.552
22.0928,0.612,2.6339
22.0930,0.6312,2.7165
22.0932,0.6264,2.6933
22.0934,0.7204,3.0947
22.0936,0.7732,3.3203
22.0938,0.7826,3.3651
22.0940,0.8038,3.4548
22.0942,0.859,3.6832
22.0944,0.902,3.8696
22.0946,0.8789,3.7704
22.0948,0.831,3.5701
22.0950,0.8045,3.4611
22.0952,0.7939,3.4057
22.0954,0.9344,4.001
22.0956,0.974,4.1763
22.0958,0.9242,3.9611
22.0960,0.9756,4.1757
22.0962,1.018,4.3568
22.0964,1.078,4.6161
22.0966,1.1178,4.7866
22.0968,1.0509,4.498
22.0970,1.1112,4.7561
22.0972,1.0773,4.6238
22.0974,0.9262,3.9772
22.0976,0.8843,3.797
22.0978,0.8496,3.6482
22.0980,0.8423,3.6219
22.0982,0.8373,3.6019
22.0984,0.8212,3.5279
22.0986,0.8351,3.5859
22.0988,0.8373,3.6002
22.0990,0.8076,3.4664
22.0992,0.859,3.6918
22.0994,0.8403,3.6081
22.0996,0.8808,3.7856
22.0998,0.8238,3.5441
22.1000,0.8075,3.4708
22.1002,0.8411,3.6151
22.1004,0.8172,3.5109
22.1006,0.7616,3.2764
22.1008,0.743,3.192
22.1010,0.7855,3.3791
22.1012,0.7417,3.1982
22.1014,0.6226,2.6823
22.1016,0.6439,2.7763
22.1018,0.6487,2.7957
22.1020,0.6322,2.7249
22.1022,0.5934,2.5575
22.1024,0.5844,2.5141
22.1026,0.6897,2.9711
22.1028,0.6398,2.7588
22.1030,0.608,2.6205
22.1032,0.6484,2.7947
22.1034,0.6374,2.7484
22.1036,0.6083,2.6204
22.1038,0.6446,2.7756
22.1040,0.6653,2.8689
22.1042,0.582,2.5096
22.1044,0.562,2.4199
22.1046,0.6178,2.6642
22.1048,0.5988,2.5831
22.1050,0.5755,2.4805
22.1052,0.5985,2.5785
22.1054,0.5712,2.4642
22.1056,0.546,2.3556
22.1058,0.5466,2.356
22.1060,0.5621,2.4249
22.1062,0.5527,2.3834
22.1064,0.5921,2.5542
22.1066,0.5483,2.3654
22.1068,0.5165,2.2314
22.1070,0.4435,1.9151
22.1072,0.42,1.8153
22.1074,0.4671,2.0152
22.1076,0.4987,2.1502
22.1078,0.5714,2.4629
22.1080,0.5836,2.5128
22.1082,0.6623,2.852
22.1084,0.6903,2.975
22.1086,0.5957,2.5673
22.1088,0.5626,2.4258
22.1090,0.5622,2.4209
22.1092,0.6382,2.7469
22.1094,0.6945,2.9917
22.1096,0.6019,2.5942
22.1098,0.5806,2.4999
22.1100,0.6503,2.7991
22.1102,0.6825,2.936
22.1104,0.7189,3.0914
22.1106,0.7303,3.1418
22.1108,0.6176,2.6644
22.1110,0.5482,2.3638
22.1112,0.5527,2.3823
22.1114,0.5604,2.4176
22.1116,0.5428,2.3416
22.1118,0.5381,2.3193
22.1120,0.5388,2.3224
22.1122,0.5791,2.4948
22.1124,0.6015,2.5914
22.1126,0.6256,2.6953
22.1128,0.5573,2.4031
22.1130,0.5272,2.2743
22.1132,0.5326,2.2966
22.1134,0.5273,2.2749
22.1136,0.5267,2.2712
22.1138,0.5304,2.2862
22.1140,0.5292,2.2842
22.1142,0.5348,2.3016
22.1144,0.6485,2.7939
22.1146,0.629,2.7135
22.1148,0.4934,2.1295
22.1150,0.4631,1.9995
22.1152,0.4914,2.1207
22.1154,0.4973,2.1456
22.1156,0.4834,2.0836
22.1158,0.5153,2.2201
22.1160,0.5485,2.3686
22.1162,0.4845,2.0912
22.1164,0.4899,2.1115
22.1166,0.5631,2.4256
22.1168,0.5893,2.5387
22.1170,0.6422,2.7653
22.1172,0.617,2.6544
22.1174,0.6284,2.7059
22.1176,0.63,2.7101
22.1178,0.686,2.951
22.1180,0.7436,3.1976
22.1182,0.6851,2.9528
22.1184,0.6133,2.6421
22.1186,0.6407,2.7526
22.1188,0.7786,3.3435
22.1190,0.7961,3.417
22.1192,0.8171,3.5104
22.1194,0.7819,3.3605
22.1196,0.7418,3.1913
22.1198,0.6848,2.9458
22.1200,0.6913,2.9742
22.1202,0.7539,3.2419
22.1204,0.7152,3.0768
22.1206,0.6192,2.6636
22.1208,0.6218,2.6762
22.1210,0.5919,2.5501
22.1212,0.5993,2.5804
22.1214,0.6051,2.6081
22.1216,0.5898,2.542
22.1218,0.5872,2.5271
22.1220,0.6289,2.7105
22.1222,0.5367,2.3141
22.1224,0.5595,2.4101
22.1226,0.5322,2.2961
22.1228,0.4879,2.1057
22.1230,0.4797,2.0695
22.1232,0.4836,2.0851
22.1234,0.484,2.0901
22.1236,0.4797,2.0695
22.1238,0.4773,2.0592
22.1240,0.4842,2.0877
22.1242,0.4867,2.1005
22.1244,0.4921,2.1208
22.1246,0.5074,2.1839
22.1248,0.558,2.4017
22.1250,0.5966,2.5703
22.1252,0.6086,2.6195
22.1254,0.6277,2.7015
22.1256,0.6206,2.6698
22.1258,0.6357,2.731
22.1260,0.6818,2.9302
22.1262,0.6882,2.9635
22.1264,0.6591,2.8367
22.1266,0.7187,3.0875
22.1268,0.7441,3.1952
22.1270,0.7459,3.2014
22.1272,0.7945,3.4082
22.1274,0.8538,3.6611
22.1276,0.9196,3.9416
22.1278,0.9705,4.1536
22.1280,0.979,4.1979
22.1282,0.9659,4.1419
22.1284,0.9617,4.1219
22.1286,0.9699,4.1569
22.1288,0.9252,3.967
22.1290,0.9104,3.902
22.1292,0.9272,3.9702
22.1294,0.9832,4.208
22.1296,0.9783,4.1987
22.1298,0.9272,3.9776
22.1300,0.9337,4.0054
22.1302,0.9115,3.9121
22.1304,0.8392,3.6035
22.1306,0.7729,3.3187
22.1308,0.7921,3.4027
22.1310,0.7861,3.3785
22.1312,0.7579,3.2589
22.1314,0.7421,3.1924
22.1316,0.7291,3.1381
22.1318,0.729,3.1347
22.1320,0.6953,2.994
22.1322,0.6839,2.9367
22.1324,0.8053,3.461
22.1326,0.7204,3.1004
22.1328,0.7019,3.0224
22.1330,0.7018,3.0162
22.1332,0.7764,3.3337
22.1334,0.8229,3.5268
22.1336,0.9133,3.9271
22.1338,0.7681,3.3028
22.1340,0.714,3.0702
22.1342,0.7361,3.1739
22.1344,0.6401,2.7578
22.1346,0.6577,2.8332
22.1348,0.6772,2.9092
22.1350,0.8037,3.4527
22.1352,0.7815,3.3621
22.1354,0.7658,3.2914
22.1356,0.7849,3.3734
22.1358,0.7223,3.1072
22.1360,0.7421,3.1953
22.1362,0.7072,3.0423
22.1364,0.7259,3.1213
22.1366,0.7403,3.1831
22.1368,0.7371,3.1683
22.1370,0.7265,3.1268
22.1372,0.7139,3.074
22.1374,0.6785,2.9244
22.1376,0.603,2.5988
22.1378,0.5949,2.5654
22.1380,0.5764,2.4853
22.1382,0.5761,2.4819
22.1384,0.577,2.4879
22.1386,0.5813,2.503
22.1388,0.6573,2.825
22.1390,0.7559,3.2547
22.1392,0.6856,2.9508
22.1394,0.6628,2.8527
22.1396,0.6575,2.8327
22.1398,0.6368,2.7433
22.1400,0.6361,2.7364
22.1402,0.6792,2.9221
22.1404,0.6801,2.927
22.1406,0.6897,2.9711
22.1408,0.6618,2.8473
22.1410,0.7133,3.0686
22.1412,0.7253,3.1259
22.1414,0.6537,2.8148
22.1416,0.638,2.7472
22.1418,0.637,2.7431
22.1420,0.646,2.7818
22.1422,0.6665,2.8647
22.1424,0.7723,3.3193
22.1426,0.7752,3.3332
22.1428,0.785,3.3707
22.1430,0.8448,3.6293
22.1432,0.814,3.497
22.1434,0.8019,3.4465
22.1436,0.7237,3.1163
22.1438,0.6358,2.7379
22.1440,0.6297,2.7116
22.1442,0.6742,2.9031
22.1444,0.6434,2.7704
22.1446,0.6381,2.7477
22.1448,0.6443,2.7758
22.1450,0.6693,2.8819
22.1452,0.6494,2.7949
22.1454,0.6403,2.7532
22.1456,0.7821,3.3553
22.1458,0.8578,3.6901
22.1460,0.7177,3.0934
22.1462,0.6605,2.8442
22.1464,0.7208,3.1011
22.1466,0.7338,3.1524
22.1468,0.6748,2.9084
22.1470,0.5694,2.4541
22.1472,0.5627,2.4275
22.1474,0.5644,2.4324
22.1476,0.5869,2.5296
22.1478,0.649,2.7947
22.1480,0.685,2.9468
22.1482,0.6722,2.897
22.1484,0.5939,2.5596
22.1486,0.5581,2.4022
22.1488,0.6238,2.6813
22.1490,0.7187,3.0961
22.1492,0.6207,2.6778
22.1494,0.5571,2.402
22.1496,0.5517,2.3788
22.1498,0.5491,2.369
22.1500,0.57,2.4544
22.1502,0.6352,2.7315
22.1504,0.674,2.9021
22.1506,0.6475,2.7893
22.1508,0.5906,2.5456
22.1510,0.5858,2.5238
22.1512,0.5901,2.5412
22.1514,0.6162,2.6569
22.1516,0.5917,2.5467
22.1518,0.6483,2.7877
22.1520,0.7132,3.0666
22.1522,0.7648,3.2858
22.1524,0.7828,3.3662
22.1526,0.8013,3.444
22.1528,0.7965,3.4265
22.1530,0.6904,2.9687
22.1532,0.6803,2.9281
22.1534,0.6648,2.8615
22.1536,0.6659,2.8648
22.1538,0.6038,2.6025
22.1540,0.5742,2.4771
22.1542,0.5873,2.5323
22.1544,0.5961,2.5694
22.1546,0.6246,2.6906
22.1548,0.5732,2.473
22.1550,0.5177,2.2325
22.1552,0.5604,2.4165
22.1554,0.5149,2.217
22.1556,0.5752,2.4778
22.1558,0.5891,2.5424
22.1560,0.5252,2.2645
22.1562,0.5271,2.2686
22.1564,0.5982,2.5746
22.1566,0.6195,2.6702
22.1568,0.5941,2.5594
22.1570,0.6133,2.6421
22.1572,0.6351,2.731
22.1574,0.6801,2.9298
22.1576,0.6515,2.8042
22.1578,0.678,2.9183
22.1580,0.6678,2.8757
22.1582,0.5948,2.5649
22.1584,0.5892,2.5382
22.1586,0.6059,2.6064
22.1588,0.6479,2.79
22.1590,0.683,2.9367
22.1592,0.7496,3.2234
22.1594,0.7554,3.2451
22.1596,0.7954,3.4171
22.1598,0.7851,3.3713
22.1600,0.8076,3.4664
22.1602,0.8484,3.6448
22.1604,0.8151,3.5032
22.1606,0.8248,3.5417
22.1608,0.8499,3.6476
22.1610,0.8576,3.6827
22.1612,0.8886,3.812
22.1614,0.9437,4.0449
22.1616,0.9127,3.9136
22.1618,0.9234,3.9575
22.1620,0.9687,4.1517
22.1622,0.9777,4.1903
22.1624,0.9946,4.2647
22.1626,0.9317,3.9972
22.1628,0.9916,4.2459
22.1630,1.0218,4.3794
22.1632,1.0136,4.3424
22.1634,1.0455,4.4749
22.1636,1.0951,4.6846
22.1638,1.0212,4.383
22.1640,0.8945,3.8426
22.1642,0.8819,3.785
22.1644,0.8755,3.7594
22.1646,0.8464,3.636
22.1648,0.7591,3.2641
22.1650,0.7764,3.3352
22.1652,0.8415,3.6183
22.1654,0.7734,3.327
22.1656,0.6695,2.8883
22.1658,0.6081,2.6186
22.1660,0.6712,2.8902
22.1662,0.6419,2.7642
22.1664,0.6453,2.7787
22.1666,0.6345,2.7348
22.1668,0.6688,2.8785
22.1670,0.7225,3.1068
22.1672,0.7062,3.0381
22.1674,0.7237,3.1178
22.1676,0.6383,2.7475
22.1678,0.6967,3.0016
22.1680,0.6237,2.6857
22.1682,0.618,2.661
22.1684,0.664,2.8592
22.1686,0.6906,2.9766
22.1688,0.663,2.8524
22.1690,0.7509,3.229
22.1692,0.7442,3.2046
22.1694,0.6145,2.6484
22.1696,0.6017,2.592
22.1698,0.5842,2.52
22.1700,0.566,2.4408
22.1702,0.5738,2.4767
22.1704,0.5101,2.2014
22.1706,0.493,2.1279
22.1708,0.4876,2.1046
22.1710,0.5461,2.355
22.1712,0.5597,2.4112
22.1714,0.5704,2.4617
22.1716,0.5061,2.1833
22.1718,0.4955,2.1388
22.1720,0.4983,2.1507
22.1722,0.536,2.31
22.1724,0.6711,2.891
22.1726,0.649,2.7934
22.1728,0.6696,2.8808
22.1730,0.6429,2.7684
22.1732,0.5885,2.5375
22.1734,0.5092,2.1988
22.1736,0.4821,2.0828
22.1738,0.4806,2.0722
22.1740,0.4898,2.113
22.1742,0.5054,2.1812
22.1744,0.5072,2.188
22.1746,0.5133,2.2143
22.1748,0.5157,2.2216
22.1750,0.5765,2.4835
22.1752,0.6207,2.6716
22.1754,0.6437,2.772
22.1756,0.5719,2.465
22.1758,0.5801,2.4978
22.1760,0.6578,2.8232
22.1762,0.7537,3.2424
22.1764,0.7527,3.2322
22.1766,0.8297,3.5611
22.1768,0.8148,3.5038
22.1770,0.6868,2.9601
22.1772,0.6602,2.8401
22.1774,0.6658,2.867
22.1776,0.6927,2.9743
22.1778,0.7665,3.296
22.1780,0.7118,3.0624
22.1782,0.6726,2.8977
22.1784,0.623,2.6826
22.1786,0.6217,2.677
22.1788,0.6356,2.7381
22.1790,0.6556,2.8191
22.1792,0.6735,2.8987
22.1794,0.6356,2.7356
22.1796,0.6618,2.8473
22.1798,0.6382,2.7533
22.1800,0.5966,2.5667
22.1802,0.7254,3.1178
22.1804,0.6882,2.9649
22.1806,0.5453,2.3546
22.1808,0.4857,2.0954
22.1810,0.4766,2.0561
22.1812,0.4632,1.9981
22.1814,0.4629,1.9971
22.1816,0.4621,1.9953
22.1818,0.4681,2.0212
22.1820,0.4653,2.0084
22.1822,0.4621,1.9935
22.1824,0.4632,1.9981
22.1826,0.464,2.0027
22.1828,0.4688,2.0243
22.1830,0.4645,2.0057
22.1832,0.4864,2.0985
22.1834,0.5443,2.345
22.1836,0.626,2.6956
22.1838,0.6247,2.6899
22.1840,0.6025,2.5992
22.1842,0.5204,2.2449
22.1844,0.4774,2.0568
22.1846,0.5318,2.2898
22.1848,0.6198,2.6724
22.1850,0.5701,2.4572
22.1852,0.5825,2.507
22.1854,0.6629,2.8532
22.1856,0.5994,2.5821
22.1858,0.5668,2.4405
22.1860,0.6163,2.6513
22.1862,0.6383,2.7487
22.1864,0.6069,2.611
22.1866,0.666,2.8613
22.1868,0.7112,3.0584
22.1870,0.6749,2.9008
22.1872,0.7208,3.0982
22.1874,0.6969,2.9993
22.1876,0.6237,2.6845
22.1878,0.6256,2.694
22.1880,0.6166,2.6528
22.1882,0.6603,2.8379
22.1884,0.6913,2.9755
22.1886,0.6458,2.7807
22.1888,0.6336,2.7293
22.1890,0.6098,2.6234
22.1892,0.6169,2.6588
22.1894,0.4984,2.1502
22.1896,0.4861,2.096
22.1898,0.4858,2.0949
22.1900,0.4878,2.1042
22.1902,0.4942,2.1311
22.1904,0.5268,2.2717
22.1906,0.4935,2.127
22.1908,0.5854,2.5229
22.1910,0.5942,2.5599
22.1912,0.5779,2.4897
22.1914,0.5087,2.1916
22.1916,0.4925,2.1239
22.1918,0.5113,2.2025
22.1920,0.5509,2.3713
22.1922,0.6077,2.6178
22.1924,0.577,2.4844
22.1926,0.574,2.4703
22.1928,0.6511,2.7996
22.1930,0.6982,2.9994
22.1932,0.7118,3.0581
22.1934,0.7236,3.1115
22.1936,0.7862,3.3759
22.1938,0.8082,3.469
22.1940,0.9078,3.8852
22.1942,0.9702,4.1507
22.1944,1.0168,4.3537
22.1946,0.9844,4.2132
22.1948,0.9856,4.2222
22.1950,0.9741,4.1749
22.1952,0.9839,4.215
22.1954,0.9418,4.0385
22.1956,0.9785,4.188
22.1958,1.0102,4.3215
22.1960,0.9807,4.1992
22.1962,0.9501,4.0702
22.1964,1.0166,4.3512
22.1966,1.0591,4.5329
22.1968,1.0115,4.3372
22.1970,0.9951,4.2608
22.1972,1.0024,4.2961
22.1974,0.9407,4.0264
22.1976,0.9945,4.2622
22.1978,0.9641,4.1399
22.1980,0.8635,3.7045
22.1982,0.8855,3.8022
22.1984,0.8196,3.5244
22.1986,0.8258,3.5458
22.1988,0.8494,3.6472
22.1990,0.8358,3.5874
22.1992,0.8687,3.7249
22.1994,0.9098,3.9031
22.1996,0.9475,4.0646
22.1998,0.9175,3.9415
22.2000,0.8267,3.5516
22.2002,0.8265,3.5505
22.2004,0.8386,3.5975
22.2006,0.9285,3.9852
22.2008,0.8284,3.5604
22.2010,0.756,3.2507
22.2012,0.7443,3.1992
22.2014,0.7463,3.2119
22.2016,0.7489,3.2218
22.2018,0.7561,3.2542
22.2020,0.7212,3.1012
22.2022,0.7867,3.3732
22.2024,0.8713,3.7397
22.2026,0.8674,3.7262
22.2028,0.8672,3.7239
22.2030,0.8482,3.6438
22.2032,0.8099,3.4843
22.2034,0.7904,3.4002
22.2036,0.7254,3.1236
22.2038,0.6693,2.8819
22.2040,0.6148,2.6475
22.2042,0.6393,2.758
22.2044,0.5966,2.5714
22.2046,0.6206,2.676
22.2048,0.5813,2.5053
22.2050,0.5797,2.4951
22.2052,0.6513,2.8058
22.2054,0.65,2.8027
22.2056,0.6066,2.6143
22.2058,0.6114,2.6326
22.2060,0.6464,2.7846
22.2062,0.6037,2.6007
22.2064,0.6413,2.7681
22.2066,0.5742,2.4771
22.2068,0.5597,2.4123
22.2070,0.5656,2.4342
22.2072,0.6675,2.8755
22.2074,0.6406,2.7598
22.2076,0.6395,2.7552
22.2078,0.6398,2.7562
22.2080,0.6391,2.7506
22.2082,0.6626,2.849
22.2084,0.7651,3.2853
22.2086,0.8586,3.6851
22.2088,0.8273,3.5541
22.2090,0.8214,3.5289
22.2092,0.8359,3.5946
22.2094,0.7732,3.3249
22.2096,0.756,3.2492
22.2098,0.7698,3.3053
22.2100,0.8334,3.5787
22.2102,0.8663,3.7198
22.2104,0.7714,3.3234
22.2106,0.6521,2.812
22.2108,0.6234,2.6867
22.2110,0.6231,2.6844
22.2112,0.6242,2.6903
22.2114,0.6313,2.7195
22.2116,0.7047,3.0272
22.2118,0.7778,3.3445
22.2120,0.7219,3.11
22.2122,0.6351,2.7399
22.2124,0.6126,2.639
22.2126,0.6659,2.8715
22.2128,0.571,2.4631
22.2130,0.549,2.3685
22.2132,0.5471,2.3591
22.2134,0.5525,2.3813
22.2136,0.5755,2.4817
22.2138,0.5746,2.4787
22.2140,0.5475,2.3596
22.2142,0.5431,2.3399
22.2144,0.5864,2.5299
22.2146,0.5489,2.3669
22.2148,0.5532,2.38
22.2150,0.7035,3.0249
22.2152,0.7129,3.067
22.2154,0.6234,2.6854
22.2156,0.6018,2.5913
22.2158,0.6642,2.8589
22.2160,0.696,2.9957
22.2162,0.6796,2.925
22.2164,0.6997,3.0089
22.2166,0.7025,3.0207
22.2168,0.7722,3.3172
22.2170,0.821,3.5252
22.2172,0.8036,3.4554
22.2174,0.7189,3.0928
22.2176,0.7418,3.1898
22.2178,0.7752,3.3316
22.2180,0.7792,3.3491
22.2182,0.7716,3.3162
22.2184,0.8301,3.566
22.2186,0.7964,3.4228
22.2188,0.7419,3.1918
22.2190,0.7529,3.2373
22.2192,0.812,3.4882
22.2194,0.8085,3.4716
22.2196,0.779,3.3434
22.2198,0.7953,3.4182
22.2200,0.8542,3.6712
22.2202,0.7997,3.4389
22.2204,0.7971,3.4243
22.2206,0.785,3.3802
22.2208,0.6448,2.7792
22.2210,0.6157,2.6499
22.2212,0.6401,2.7565
22.2214,0.6596,2.8441
22.2216,0.6083,2.6204
22.2218,0.5832,2.5147
22.2220,0.5047,2.1791
22.2222,0.4892,2.1123
22.2224,0.4934,2.1285
22.2226,0.4906,2.1166
22.2228,0.4904,2.1165
22.2230,0.4909,2.1176
22.2232,0.4931,2.1265
22.2234,0.4969,2.1415
22.2236,0.5748,2.4751
22.2238,0.662,2.8491
22.2240,0.6407,2.7629
22.2242,0.5147,2.2226
22.2244,0.4879,2.1057
22.2246,0.4887,2.1083
22.2248,0.487,2.1001
22.2250,0.5189,2.2376
22.2252,0.5577,2.4013
22.2254,0.6363,2.7425
22.2256,0.6113,2.6333
22.2258,0.6047,2.6012
22.2260,0.7112,3.0569
22.2262,0.7505,3.227
22.2264,0.7598,3.2626
22.2266,0.8395,3.6016
22.2268,0.8662,3.7176
22.2270,0.8436,3.6191
22.2272,0.8943,3.8385
22.2274,0.8765,3.7601
22.2276,0.8982,3.855
22.2278,0.8838,3.7932
22.2280,0.8699,3.7353
22.2282,0.871,3.7347
22.2284,0.9398,4.041
22.2286,0.7949,3.4151
22.2288,0.8436,3.6174
22.2290,0.9322,3.9974
22.2292,0.9636,4.134
22.2294,0.9427,4.0402
22.2296,0.9158,3.9324
22.2298,0.8132,3.4966
22.2300,0.7864,3.3816
22.2302,0.7827,3.3625
22.2304,0.8168,3.5104
22.2306,0.8423,3.6202
22.2308,0.8102,3.4789
22.2310,0.794,3.4125
22.2312,0.8057,3.4582
22.2314,0.8174,3.5147
22.2316,0.7961,3.4202
22.2318,0.8521,3.6608
22.2320,0.8094,3.4758
22.2322,0.8428,3.6256
22.2324,0.8073,3.4649
22.2326,0.8491,3.6479
22.2328,0.8374,3.6024
22.2330,0.7692,3.3151
22.2332,0.6572,2.8324
22.2334,0.6421,2.766
22.2336,0.6345,2.736
22.2338,0.5904,2.5458
22.2340,0.6002,2.5846
22.2342,0.6382,2.7508
22.2344,0.5789,2.4927
22.2346,0.6053,2.6074
22.2348,0.5765,2.4869
22.2350,0.5803,2.5023
22.2352,0.584,2.5184
22.2354,0.5732,2.4695
22.2356,0.6671,2.8713
22.2358,0.7301,3.1393
22.2360,0.7181,3.0921
22.2362,0.6403,2.7557
22.2364,0.6929,2.9836
22.2366,0.7162,3.0781
22.2368,0.7392,3.1815
22.2370,0.6993,3.011
22.2372,0.7321,3.1481
22.2374,0.7663,3.2965
22.2376,0.7043,3.0313
22.2378,0.7141,3.0722
22.2380,0.6948,2.9919
22.2382,0.6921,2.9773
22.2384,0.6905,2.9761
22.2386,0.687,2.9542
22.2388,0.7508,3.227
22.2390,0.699,3.0142
22.2392,0.5862,2.5253
22.2394,0.593,2.5559
22.2396,0.6033,2.6004
22.2398,0.6196,2.6719
22.2400,0.5419,2.3369
22.2402,0.5668,2.4428
22.2404,0.5765,2.4881
22.2406,0.5129,2.2128
22.2408,0.5053,2.1787
22.2410,0.5074,2.187
22.2412,0.5443,2.3461
22.2414,0.5664,2.4412
22.2416,0.5936,2.5526
22.2418,0.6868,2.9532
22.2420,0.7519,3.2331
22.2422,0.7973,3.427
22.2424,0.7335,3.1528
22.2426,0.7048,3.0376
22.2428,0.571,2.4609
22.2430,0.5357,2.31
22.2432,0.5344,2.3065
22.2434,0.5362,2.3131
22.2436,0.5343,2.3027
22.2438,0.5351,2.3085
22.2440,0.5309,2.2904
22.2442,0.5357,2.3089
22.2444,0.5361,2.3094
22.2446,0.5332,2.2981
22.2448,0.5296,2.2836
22.2450,0.5285,2.2811
22.2452,0.5295,2.2821
22.2454,0.5514,2.3766
22.2456,0.5417,2.3369
22.2458,0.5453,2.3514
22.2460,0.5327,2.2949
22.2462,0.5312,2.2904
22.2464,0.6027,2.5954
22.2466,0.6586,2.836
22.2468,0.6114,2.635
22.2470,0.5608,2.4192
22.2472,0.4918,2.1178
22.2474,0.5458,2.3556
22.2476,0.4858,2.0959
22.2478,0.4863,2.096
22.2480,0.5712,2.455
22.2482,0.6457,2.7828
22.2484,0.6102,2.6298
22.2486,0.6137,2.6424
22.2488,0.6454,2.7753
22.2490,0.666,2.8707
22.2492,0.5315,2.293
22.2494,0.484,2.0862
22.2496,0.5499,2.3677
22.2498,0.5982,2.5758
22.2500,0.6134,2.6426
22.2502,0.6044,2.6038
22.2504,0.5515,2.3782
22.2506,0.5261,2.2655
22.2508,0.6062,2.6104
22.2510,0.5921,2.553
22.2512,0.5493,2.3684
22.2514,0.5508,2.3729
22.2516,0.5436,2.343
22.2518,0.5425,2.3395
22.2520,0.5249,2.2635
22.2522,0.5464,2.3549
22.2524,0.5905,2.5416
22.2526,0.5905,2.5451
22.2528,0.5895,2.5398
22.2530,0.5863,2.5235
22.2532,0.6115,2.6343
22.2534,0.5928,2.5537
22.2536,0.5851,2.5195
22.2538,0.6105,2.6277
22.2540,0.6553,2.8189
22.2542,0.6934,2.9829
22.2544,0.7147,3.0733
22.2546,0.674,2.898
22.2548,0.6801,2.9257
22.2550,0.7199,3.0926
22.2552,0.7385,3.1739
22.2554,0.7591,3.261
22.2556,0.761,3.2769
22.2558,0.6453,2.7748
22.2560,0.6374,2.7446
22.2562,0.6135,2.6406
22.2564,0.6313,2.717
22.2566,0.6693,2.8779
22.2568,0.6743,2.8996
22.2570,0.7345,3.1599
22.2572,0.6988,3.0075
22.2574,0.614,2.6439
22.2576,0.5921,2.5518
22.2578,0.5815,2.5017
22.2580,0.6024,2.5914
22.2582,0.6283,2.7054
22.2584,0.6553,2.8202
22.2586,0.6825,2.9319
22.2588,0.7907,3.3955
22.2590,0.7383,3.1734
22.2592,0.7954,3.4171
22.2594,0.7819,3.3589
22.2596,0.7642,3.2847
22.2598,0.734,3.1549
22.2600,0.7761,3.3373
22.2602,0.7597,3.2606
22.2604,0.8572,3.6738
22.2606,0.9201,3.9455
22.2608,0.9313,3.9951
22.2610,0.8984,3.8488
22.2612,0.9228,3.9586
22.2614,0.92,3.9505
22.2616,0.8611,3.6977
22.2618,0.8418,3.6165
22.2620,0.8006,3.4377
22.2622,0.8657,3.7155
22.2624,0.9182,3.9391
22.2626,0.9231,3.9546
22.2628,0.9204,3.952
22.2630,0.8387,3.6014
22.2632,0.8175,3.5152
22.2634,0.7955,3.4192
22.2636,0.7909,3.3975
22.2638,0.8112,3.4851
22.2640,0.7368,3.1682
22.2642,0.7369,3.1687
22.2644,0.7572,3.2513
22.2646,0.7566,3.2548
22.2648,0.7256,3.1231
22.2650,0.7385,3.171
22.2652,0.8226,3.5357
22.2654,0.7241,3.1164
22.2656,0.6953,2.9926
22.2658,0.686,2.951
22.2660,0.7002,3.0109
22.2662,0.7264,3.1219
22.2664,0.75,3.2279
22.2666,0.7095,3.0521
22.2668,0.7121,3.0634
22.2670,0.7177,3.0876
22.2672,0.7178,3.0896
22.2674,0.6918,2.9748
22.2676,0.7407,3.1852
22.2678,0.7567,3.2568
22.2680,0.7455,3.2088
22.2682,0.7084,3.0474
22.2684,0.7369,3.1643
22.2686,0.7663,3.2996
22.2688,0.6519,2.8084
22.2690,0.6288,2.7062
22.2692,0.6399,2.7554
22.2694,0.6683,2.8778
22.2696,0.663,2.8524
22.2698,0.669,2.8782
22.2700,0.7237,3.1149
22.2702,0.7189,3.0971
22.2704,0.6419,2.7617
22.2706,0.6581,2.83
22.2708,0.6601,2.8422
22.2710,0.6593,2.843
22.2712,0.6086,2.6231
22.2714,0.5916,2.5486
22.2716,0.6376,2.7469
22.2718,0.6532,2.8141
22.2720,0.6033,2.6004
22.2722,0.5784,2.4952
22.2724,0.5029,2.1704
22.2726,0.4813,2.0762
22.2728,0.4779,2.0608
22.2730,0.526,2.2702
22.2732,0.5224,2.2526
22.2734,0.5947,2.5596
22.2736,0.6589,2.837
22.2738,0.6307,2.717
22.2740,0.6252,2.6932
22.2742,0.6429,2.7696
22.2744,0.6383,2.7487
22.2746,0.6517,2.8047
22.2748,0.7189,3.0856
22.2750,0.8424,3.6157
22.2752,0.8877,3.8102
22.2754,0.9049,3.8783
22.2756,0.8999,3.8604
22.2758,0.8331,3.5805
22.2760,0.7645,3.2888
22.2762,0.7585,3.26
22.2764,0.7512,3.2271
22.2766,0.7795,3.3517
22.2768,0.7795,3.3517
22.2770,0.7623,3.2765
22.2772,0.7267,3.1263
22.2774,0.7109,3.0582
22.2776,0.7178,3.0896
22.2778,0.735,3.1605
22.2780,0.7629,3.2791
22.2782,0.7922,3.4048
22.2784,0.8133,3.489
22.2786,0.8515,3.6599
22.2788,0.7636,3.2867
22.2790,0.6479,2.7939
22.2792,0.5591,2.4108
22.2794,0.5514,2.3777
22.2796,0.55,2.3715
22.2798,0.5652,2.4361
22.2800,0.5812,2.5048
22.2802,0.5675,2.4447
22.2804,0.5559,2.3957
22.2806,0.5505,2.3725
22.2808,0.5491,2.3657
22.2810,0.5497,2.3716
22.2812,0.5551,2.3904
22.2814,0.6946,2.9839
22.2816,0.7471,3.2155
22.2818,0.6354,2.7409
22.2820,0.5575,2.403
22.2822,0.5532,2.3844
22.2824,0.5495,2.3706
22.2826,0.5479,2.3627
22.2828,0.6172,2.6554
22.2830,0.6791,2.9216
22.2832,0.6515,2.8042
22.2834,0.6441,2.7761
22.2836,0.6071,2.6116
22.2838,0.7014,3.0189
22.2840,0.6875,2.9604
22.2842,0.6868,2.9546
22.2844,0.6984,3.0046
22.2846,0.7105,3.0553
22.2848,0.7513,3.2321
22.2850,0.74,3.1806
22.2852,0.7604,3.2652
22.2854,0.756,3.2522
22.2856,0.7258,3.1222
22.2858,0.7228,3.1108
22.2860,0.6826,2.9365
22.2862,0.6942,2.9865
22.2864,0.6373,2.7505
22.2866,0.5129,2.2118
22.2868,0.547,2.3531
22.2870,0.6042,2.6028
22.2872,0.6054,2.608
22.2874,0.5425,2.3416
22.2876,0.5096,2.1993
22.2878,0.5056,2.1802
22.2880,0.5402,2.3259
22.2882,0.6069,2.6147
22.2884,0.6133,2.6384
22.2886,0.6247,2.6886
22.2888,0.6069,2.6171
22.2890,0.5117,2.2086
22.2892,0.5011,2.1636
22.2894,0.4923,2.1248
22.2896,0.491,2.1152
22.2898,0.5747,2.4746
22.2900,0.62,2.671
22.2902,0.5736,2.4734
22.2904,0.4801,2.0711
22.2906,0.4696,2.027
22.2908,0.4665,2.0126
22.2910,0.4718,2.0363
22.2912,0.4746,2.0482
22.2914,0.4824,2.0799
22.2916,0.5144,2.2169
22.2918,0.5488,2.3642
22.2920,0.6067,2.6124
22.2922,0.5756,2.4776
22.2924,0.5758,2.4792
22.2926,0.6262,2.6928
22.2928,0.7365,3.1657
22.2930,0.7153,3.0745
22.2932,0.7491,3.2213
22.2934,0.7554,3.2451
22.2936,0.8112,3.477
22.2938,0.8529,3.6638
22.2940,0.7461,3.2039
22.2942,0.7976,3.4184
22.2944,0.9465,4.0567
22.2946,0.988,4.2305
22.2948,1.0192,4.3599
22.2950,1.0201,4.3702
22.2952,1.0732,4.5891
22.2954,1.1417,4.8888
22.2956,1.0736,4.5972
22.2958,1.0489,4.4872
22.2960,1.073,4.5968
22.2962,1.0651,4.5629
22.2964,0.9586,4.1067
22.2966,0.9408,4.0321
22.2968,0.9183,3.9415
22.2970,0.9041,3.8803
22.2972,0.8658,3.7178
22.2974,0.9065,3.8887
22.2976,0.9267,3.9757
22.2978,0.9328,4.0056
22.2980,0.8182,3.5183
22.2982,0.7511,3.2251
22.2984,0.8518,3.6593
22.2986,0.8571,3.6819
22.2988,0.8891,3.8141
22.2990,0.9217,3.9559
22.2992,0.8673,3.7275
22.2994,0.8452,3.6343
22.2996,0.7898,3.3993
22.2998,0.7229,3.1055
22.3000,0.7981,3.4349
22.3002,0.7161,3.0862
22.3004,0.6366,2.741
22.3006,0.6406,2.7612
22.3008,0.5958,2.5703
22.3010,0.5424,2.3379
22.3012,0.6035,2.6034
22.3014,0.5779,2.492
22.3016,0.5785,2.4935
22.3018,0.5761,2.4889
22.3020,0.5093,2.1973
22.3022,0.5531,2.3817
22.3024,0.5845,2.5205
22.3026,0.5879,2.5349
22.3028,0.6108,2.63
22.3030,0.6053,2.6111
22.3032,0.5777,2.4933
22.3034,0.5567,2.405
22.3036,0.5026,2.1684
22.3038,0.5556,2.397
22.3040,0.5309,2.2915
22.3042,0.5038,2.1705
22.3044,0.5808,2.4998
22.3046,0.6647,2.8624
22.3048,0.6532,2.8154
22.3050,0.5852,2.5224
22.3052,0.5977,2.575
22.3054,0.6115,2.6344
22.3056,0.6316,2.7249
22.3058,0.5245,2.2614
22.3060,0.5036,2.1725
22.3062,0.495,2.1333
22.3064,0.5433,2.3426
22.3066,0.579,2.4978
22.3068,0.5266,2.2708
22.3070,0.5295,2.2832
22.3072,0.5372,2.3163
22.3074,0.5081,2.1901
22.3076,0.5664,2.4356
22.3078,0.6878,2.956
22.3080,0.6585,2.8447
22.3082,0.4601,1.9884
22.3084,0.4575,1.9739
22.3086,0.4805,2.0736
22.3088,0.5222,2.2527
22.3090,0.5607,2.4153
22.3092,0.5568,2.3988
22.3094,0.5584,2.4044
22.3096,0.5499,2.3722
22.3098,0.5123,2.2123
22.3100,0.4607,1.9882
22.3102,0.4481,1.9348
22.3104,0.4454,1.9234
22.3106,0.4488,1.9379
22.3108,0.4507,1.9426
22.3110,0.5291,2.2816
22.3112,0.55,2.3738
22.3114,0.4575,1.9748
22.3116,0.4309,1.8616
22.3118,0.4342,1.8747
22.3120,0.4346,1.8751
22.3122,0.4318,1.8652
22.3124,0.429,1.8533
22.3126,0.4309,1.859
22.3128,0.4326,1.8663
22.3130,0.4327,1.8668
22.3132,0.4315,1.8625
22.3134,0.4493,1.9373
22.3136,0.435,1.8766
22.3138,0.4348,1.8773
22.3140,0.4448,1.9199
22.3142,0.4351,1.878
22.3144,0.4362,1.8827
22.3146,0.4333,1.8702
22.3148,0.4529,1.9519
22.3150,0.4902,2.1116
22.3152,0.515,2.2196
22.3154,0.5313,2.2909
22.3156,0.5581,2.4023
22.3158,0.6343,2.7274
22.3160,0.642,2.7604
22.3162,0.6951,2.9874
22.3164,0.7427,3.192
22.3166,0.6971,2.9976
22.3168,0.6462,2.7785
22.3170,0.6071,2.6116
22.3172,0.6824,2.9328
22.3174,0.7179,3.0882
22.3176,0.6505,2.7983
22.3178,0.6393,2.7516
22.3180,0.6458,2.7769
22.3182,0.6273,2.7
22.3184,0.5825,2.507
22.3186,0.6033,2.5956
22.3188,0.5874,2.5317
22.3190,0.4734,2.0431
22.3192,0.449,1.938
22.3194,0.4417,1.9047
22.3196,0.4344,1.874
22.3198,0.486,2.0935
22.3200,0.5499,2.3711
22.3202,0.4935,2.1281
22.3204,0.4802,2.0707
22.3206,0.5189,2.2377
22.3208,0.4911,2.1177
22.3210,0.5078,2.1855
22.3212,0.5577,2.3991
22.3214,0.559,2.4092
22.3216,0.5095,2.1958
22.3218,0.4916,2.1188
22.3220,0.5146,2.2191
22.3222,0.5051,2.1782
22.3224,0.4874,2.0997
22.3226,0.5155,2.2227
22.3228,0.4966,2.1415
22.3230,0.4808,2.0723
22.3232,0.482,2.0765
22.3234,0.4805,2.0698
22.3236,0.4896,2.11
22.3238,0.4952,2.1333
22.3240,0.491,2.1162
22.3242,0.5028,2.1659
22.3244,0.5417,2.3316
22.3246,0.6451,2.7674
22.3248,0.7767,3.3337
22.3250,0.764,3.2792
22.3252,0.7676,3.2961
22.3254,0.7734,3.3178
22.3256,0.7959,3.4177
22.3258,0.8031,3.4469
22.3260,0.784,3.3667
22.3262,0.7355,3.1552
22.3264,0.7772,3.3342
22.3266,0.8392,3.6002
22.3268,0.8215,3.5207
22.3270,0.8808,3.7716
22.3272,0.9433,4.0429
22.3274,0.9446,4.0485
22.3276,0.952,4.0823
22.3278,0.892,3.8229
22.3280,0.8993,3.8525
22.3282,0.9532,4.0893
22.3284,0.8857,3.7962
22.3286,0.8801,3.772
22.3288,0.9447,4.0528
22.3290,0.9321,3.9914
22.3292,1.0215,4.3739
22.3294,0.9765,4.1852
22.3296,0.9502,4.0708
22.3298,0.9844,4.2152
22.3300,1.0036,4.2994
22.3302,0.9483,4.0739
22.3304,0.8035,3.4549
22.3306,0.7686,3.3003
22.3308,0.815,3.4995
22.3310,0.7587,3.258
22.3312,0.7538,3.2415
22.3314,0.6956,2.9909
22.3316,0.786,3.3781
22.3318,0.8209,3.528
22.3320,0.731,3.145
22.3322,0.7102,3.0524
22.3324,0.7959,3.4177
22.3326,0.7646,3.2817
22.3328,0.7963,3.4224
22.3330,0.803,3.448
22.3332,0.8103,3.4794
22.3334,0.7927,3.4006
22.3336,0.8107,3.4875
22.3338,0.7539,3.242
22.3340,0.7751,3.3296
22.3342,0.8245,3.5369
22.3344,0.8605,3.69
22.3346,0.8887,3.8162
22.3348,0.8674,3.7228
22.3350,0.8596,3.691
22.3352,0.8499,3.6493
22.3354,0.858,3.6792
22.3356,0.8985,3.8494
22.3358,0.9271,3.9772
22.3360,0.9189,3.9441
22.3362,0.9127,3.9137
22.3364,0.9033,3.8772
22.3366,0.8836,3.7993
22.3368,0.7969,3.4297
22.3370,0.7141,3.0694
22.3372,0.7613,3.2734
22.3374,0.8098,3.4774
22.3376,0.8531,3.6632
22.3378,0.8599,3.6943
22.3380,0.7822,3.3652
22.3382,0.7611,3.2775
22.3384,0.6951,2.9902
22.3386,0.7001,3.0119
22.3388,0.6824,2.9342
22.3390,0.7167,3.0816
22.3392,0.7065,3.0364
22.3394,0.6928,2.9804
22.3396,0.706,3.0372
22.3398,0.7358,3.1641
22.3400,0.7689,3.3064
22.3402,0.741,3.1878
22.3404,0.752,3.2292
22.3406,0.8475,3.6323
22.3408,0.9517,4.0769
22.3410,0.9643,4.1367
22.3412,0.9839,4.225
22.3414,0.8603,3.701
22.3416,0.7156,3.0799
22.3418,0.6988,3.009
22.3420,0.6977,3.003
22.3422,0.7002,3.0138
22.3424,0.701,3.0183
22.3426,0.6994,3.0102
22.3428,0.6994,3.0102
22.3430,0.7001,3.0161
22.3432,0.7008,3.0178
22.3434,0.7024,3.0217
22.3436,0.7041,3.0275
22.3438,0.702,3.0215
22.3440,0.7236,3.1115
22.3442,0.8273,3.5492
22.3444,0.9186,3.9444
22.3446,0.8653,3.7175
22.3448,0.8381,3.6056
22.3450,0.6896,2.9706
22.3452,0.6776,2.9176
22.3454,0.6725,2.9
22.3456,0.5694,2.4542
22.3458,0.5574,2.4025
22.3460,0.5609,2.4197
22.3462,0.5609,2.4197
22.3464,0.5637,2.4305
22.3466,0.5936,2.5562
22.3468,0.6635,2.8599
22.3470,0.6032,2.5999
22.3472,0.5765,2.4801
22.3474,0.7462,3.207
22.3476,0.7065,3.0435
22.3478,0.6153,2.6509
22.3480,0.6553,2.8229
22.3482,0.7027,3.0246
22.3484,0.6965,2.9978
22.3486,0.655,2.8232
22.3488,0.5957,2.565
22.3490,0.6864,2.9531
22.3492,0.7324,3.1506
22.3494,0.7346,3.1604
22.3496,0.7099,3.0584
22.3498,0.6463,2.7842
22.3500,0.6391,2.7493
22.3502,0.6591,2.8394
22.3504,0.6276,2.7061
22.3506,0.6316,2.7148
22.3508,0.799,3.431
22.3510,0.7828,3.3709
22.3512,0.679,2.9238
22.3514,0.6849,2.9464
22.3516,0.6737,2.9011
22.3518,0.6627,2.8549
22.3520,0.6621,2.8484
22.3522,0.7198,3.0893
22.3524,0.7593,3.2667
22.3526,0.6984,3.0075
22.3528,0.6892,2.9663
22.3530,0.6834,2.9443
22.3532,0.6103,2.6316
22.3534,0.5924,2.5546
22.3536,0.5923,2.5529
22.3538,0.5316,2.2946
22.3540,0.5639,2.4293
22.3542,0.6412,2.7625
22.3544,0.576,2.4838
22.3546,0.5065,2.1849
22.3548,0.5753,2.4807
22.3550,0.5988,2.5796
22.3552,0.6161,2.6478
22.3554,0.7169,3.0841
22.3556,0.6874,2.96
22.3558,0.6739,2.903
22.3560,0.6441,2.7749
22.3562,0.6153,2.6533
22.3564,0.6375,2.7452
22.3566,0.6265,2.6989
22.3568,0.601,2.5901
22.3570,0.6049,2.6047
22.3572,0.6471,2.7852
22.3574,0.6345,2.731
22.3576,0.6587,2.8366
22.3578,0.7022,3.0206
22.3580,0.7519,3.2347
22.3582,0.7635,3.2771
22.3584,0.8081,3.4718
22.3586,0.8041,3.4559
22.3588,0.8067,3.464
22.3590,0.8858,3.802
22.3592,0.8723,3.7421
22.3594,0.9466,4.0554
22.3596,1.0554,4.517
22.3598,1.1015,4.708
22.3600,1.1274,4.8255
22.3602,1.1043,4.7353
22.3604,0.9667,4.145
22.3606,0.9494,4.0729
22.3608,0.9203,3.9479
22.3610,1.0279,4.3995
22.3612,1.1222,4.8006
22.3614,1.1125,4.7635
22.3616,1.0662,4.5696
22.3618,1.0163,4.3558
22.3620,1.0189,4.3671
22.3622,1.0175,4.3712
22.3624,0.9009,3.8705
22.3626,0.8958,3.8447
22.3628,0.9014,3.8707
22.3630,0.8743,3.7579
22.3632,0.7989,3.4369
22.3634,0.748,3.2177
22.3636,0.7421,3.1984
22.3638,0.6396,2.7578
22.3640,0.6445,2.7751
22.3642,0.6674,2.8737
22.3644,0.6292,2.7133
22.3646,0.5988,2.5832
22.3648,0.6047,2.6049
22.3650,0.6278,2.7046
22.3652,0.6273,2.7013
22.3654,0.6662,2.8712
22.3656,0.652,2.8089
22.3658,0.6525,2.811
22.3660,0.6192,2.6736
22.3662,0.5502,2.3737
22.3664,0.5707,2.461
22.3666,0.5763,2.4836
22.3668,0.5909,2.5443
22.3670,0.6288,2.7113
22.3672,0.6367,2.7416
22.3674,0.6448,2.7754
22.3676,0.6458,2.7834
22.3678,0.5872,2.5342
22.3680,0.5205,2.2433
22.3682,0.5903,2.5406
22.3684,0.6998,3.0131
22.3686,0.687,2.9612
22.3688,0.6747,2.9052
22.3690,0.6349,2.7389
22.3692,0.5563,2.4012
22.3694,0.5354,2.3053
22.3696,0.6071,2.6152
22.3698,0.6224,2.6789
22.3700,0.6187,2.6678
22.3702,0.6233,2.6875
22.3704,0.6138,2.6442
22.3706,0.6132,2.6416
22.3708,0.5759,2.4844
22.3710,0.5041,2.1746
22.3712,0.5288,2.2801
22.3714,0.5687,2.4522
22.3716,0.5872,2.5318
22.3718,0.4976,2.1466
22.3720,0.5294,2.2858
22.3722,0.5034,2.1725
22.3724,0.4947,2.1362
22.3726,0.4843,2.0921
22.3728,0.4822,2.0823
22.3730,0.4784,2.0639
22.3732,0.4867,2.0986
22.3734,0.5331,2.2976
22.3736,0.6067,2.6161
22.3738,0.593,2.5548
22.3740,0.6692,2.8828
22.3742,0.6815,2.9333
22.3744,0.6892,2.9691
22.3746,0.6716,2.8891
22.3748,0.6608,2.844
22.3750,0.6667,2.8706
22.3752,0.6248,2.6929
22.3754,0.6156,2.6531
22.3756,0.6645,2.8587
22.3758,0.7014,3.0176
22.3760,0.7189,3.0885
22.3762,0.7803,3.357
22.3764,0.6838,2.9445
22.3766,0.6308,2.7137
22.3768,0.6843,2.9438
22.3770,0.7129,3.0642
22.3772,0.7908,3.3987
22.3774,0.7837,3.3714
22.3776,0.7022,3.0249
22.3778,0.623,2.6839
22.3780,0.6229,2.6809
22.3782,0.5918,2.552
22.3784,0.4964,2.1424
22.3786,0.486,2.0984
22.3788,0.4799,2.072
22.3790,0.5044,2.1741
22.3792,0.5968,2.5684
22.3794,0.5722,2.4684
22.3796,0.4891,2.1109
22.3798,0.4787,2.0659
22.3800,0.4795,2.0695
22.3802,0.4837,2.0857
22.3804,0.5466,2.3538
22.3806,0.5956,2.5692
22.3808,0.5077,2.1931
22.3810,0.4713,2.0352
22.3812,0.4715,2.0339
22.3814,0.4713,2.0352
22.3816,0.471,2.0327
22.3818,0.4698,2.0276
22.3820,0.4827,2.0806
22.3822,0.5544,2.3885
22.3824,0.6205,2.6706
22.3826,0.6956,2.9909
22.3828,0.7163,3.0801
22.3830,0.6408,2.7604
22.3832,0.561,2.418
22.3834,0.5534,2.3849
22.3836,0.5534,2.3838
22.3838,0.5518,2.3793
22.3840,0.55,2.3716
22.3842,0.5585,2.4072
22.3844,0.5825,2.507
22.3846,0.6083,2.6216
22.3848,0.5528,2.3824
22.3850,0.551,2.3746
22.3852,0.5545,2.3879
22.3854,0.5523,2.3792
22.3856,0.5554,2.3937
22.3858,0.5468,2.3576
22.3860,0.5445,2.3445
22.3862,0.5463,2.3534
22.3864,0.5444,2.3462
22.3866,0.5263,2.2681
22.3868,0.5551,2.3916
22.3870,0.6156,2.6482
22.3872,0.6689,2.8751
22.3874,0.6808,2.9329
22.3876,0.6199,2.668
22.3878,0.6405,2.7581
22.3880,0.6155,2.6489
22.3882,0.6352,2.7315
22.3884,0.6798,2.9233
22.3886,0.7036,3.0226
22.3888,0.779,3.3497
22.3890,0.7499,3.2229
22.3892,0.7249,3.1201
22.3894,0.6778,2.9159
22.3896,0.5414,2.3354
22.3898,0.4844,2.0878
22.3900,0.4813,2.0763
22.3902,0.4936,2.1266
22.3904,0.5434,2.342
22.3906,0.504,2.172
22.3908,0.5314,2.2893
22.3910,0.5934,2.5564
22.3912,0.5993,2.5793
22.3914,0.567,2.4404
22.3916,0.5966,2.5631
22.3918,0.7025,3.0222
22.3920,0.7143,3.0727
22.3922,0.7069,3.037
22.3924,0.7553,3.2461
22.3926,0.7843,3.3661
22.3928,0.8486,3.6352
22.3930,0.9343,4.0006
22.3932,0.97,4.1497
22.3934,0.9772,4.1824
22.3936,0.9732,4.1694
22.3938,0.97,4.1575
22.3940,0.9625,4.1232
22.3942,1.0399,4.4508
22.3944,1.0687,4.5719
22.3946,1.0665,4.5648
22.3948,1.0511,4.4986
22.3950,1.0466,4.4859
22.3952,0.9783,4.1949
22.3954,0.9117,3.9132
22.3956,0.9141,3.9217
22.3958,0.9054,3.8841
22.3960,0.8777,3.767
22.3962,0.8997,3.8617
22.3964,0.8867,3.8056
22.3966,0.818,3.5157
22.3968,0.8463,3.6356
22.3970,0.8898,3.8226
22.3972,0.8571,3.6785
22.3974,0.8451,3.6254
22.3976,0.9048,3.8779
22.3978,0.9469,4.0564
22.3980,0.968,4.1526
22.3982,0.9559,4.1007
22.3984,0.9164,3.9369
22.3986,0.8292,3.5575
22.3988,0.8603,3.6993
22.3990,0.782,3.3611
22.3992,0.7896,3.3935
22.3994,0.7839,3.3709
22.3996,0.7045,3.038
22.3998,0.6139,2.6471
22.4000,0.6404,2.7576
22.4002,0.6662,2.8646
22.4004,0.7435,3.2001
22.4006,0.6954,2.9959
22.4008,0.6634,2.8554
22.4010,0.6526,2.8102
22.4012,0.6718,2.8901
22.4014,0.6631,2.8591
22.4016,0.5746,2.4787
22.4018,0.5669,2.4445
22.4020,0.5706,2.4571
22.4022,0.6408,2.7591
22.4024,0.6603,2.8419
22.4026,0.699,3.0058
22.4028,0.7177,3.0877
22.4030,0.6653,2.8636
22.4032,0.6804,2.9341
22.4034,0.5995,2.5827
22.4036,0.6677,2.8726
22.4038,0.7241,3.1165
22.4040,0.6687,2.8794
22.4042,0.6183,2.6675
22.4044,0.5577,2.4035
22.4046,0.5596,2.4118
22.4048,0.5641,2.4326
22.4050,0.5892,2.5406
22.4052,0.6071,2.6177
22.4054,0.574,2.4738
22.4056,0.5855,2.5246
22.4058,0.594,2.5566
22.4060,0.6435,2.771
22.4062,0.646,2.7844
22.4064,0.6376,2.747
22.4066,0.6447,2.7749
22.4068,0.7506,3.223
22.4070,0.8752,3.7527
22.4072,0.9197,3.9453
22.4074,0.8843,3.7989
22.4076,0.7626,3.2837
22.4078,0.6688,2.8786
22.4080,0.6962,2.9949
22.4082,0.7318,3.1451
22.4084,0.7405,3.1842
22.4086,0.7255,3.1183
22.4088,0.724,3.1116
22.4090,0.7192,3.0968
22.4092,0.6627,2.8536
22.4094,0.6496,2.7947
22.4096,0.6435,2.7723
22.4098,0.62,2.671
22.4100,0.6266,2.7007
22.4102,0.6579,2.825
22.4104,0.7681,3.3028
22.4106,0.7012,3.0165
22.4108,0.7397,3.1806
22.4110,0.7091,3.0591
22.4112,0.5632,2.4296
22.4114,0.5454,2.353
22.4116,0.5432,2.3421
22.4118,0.5435,2.3436
22.4120,0.5451,2.3504
22.4122,0.5439,2.3441
22.4124,0.5438,2.3447
22.4126,0.5396,2.3255
22.4128,0.5705,2.4623
22.4130,0.5428,2.3405
22.4132,0.5513,2.3773
22.4134,0.5557,2.3953
22.4136,0.6075,2.6149
22.4138,0.6039,2.603
22.4140,0.5501,2.3721
22.4142,0.5652,2.4327
22.4144,0.6376,2.7444
22.4146,0.646,2.7831
22.4148,0.6487,2.7932
22.4150,0.6751,2.9054
22.4152,0.6944,2.983
22.4154,0.7984,3.4285
22.4156,0.8651,3.7095
22.4158,0.8884,3.8128
22.4160,0.8975,3.8502
22.4162,0.8547,3.6751
22.4164,0.7165,3.084
22.4166,0.7036,3.0297
22.4168,0.7024,3.0175
22.4170,0.7771,3.3384
22.4172,0.8282,3.5578
22.4174,0.8339,3.5775
22.4176,0.8697,3.736
22.4178,0.8697,3.7326
22.4180,0.8589,3.6845
22.4182,0.8542,3.673
22.4184,0.7586,3.2666
22.4186,0.6587,2.8366
22.4188,0.6176,2.6607
22.4190,0.6243,2.6884
22.4192,0.6656,2.8673
22.4194,0.6013,2.5953
22.4196,0.5542,2.3941
22.4198,0.4972,2.1451
22.4200,0.4899,2.1125
22.4202,0.4911,2.1187
22.4204,0.4911,2.1187
22.4206,0.4891,2.1109
22.4208,0.5409,2.3334
22.4210,0.5312,2.2904
22.4212,0.5327,2.2992
22.4214,0.4923,2.1239
22.4216,0.5324,2.2945
22.4218,0.5839,2.5167
22.4220,0.5922,2.5512
22.4222,0.5848,2.5203
22.4224,0.5324,2.2977
22.4226,0.4739,2.0442
22.4228,0.4679,2.0183
22.4230,0.4706,2.0321
22.4232,0.4709,2.0332
22.4234,0.4681,2.0194
22.4236,0.4729,2.0401
22.4238,0.471,2.0318
22.4240,0.5068,2.1844
22.4242,0.5426,2.3373
22.4244,0.5911,2.5465
22.4246,0.5993,2.5829
22.4248,0.5725,2.4665
22.4250,0.597,2.5683
22.4252,0.6722,2.8877
22.4254,0.744,3.1992
22.4256,0.7225,3.1026
22.4258,0.7715,3.3142
22.4260,0.8102,3.4773
22.4262,0.8766,3.7606
22.4264,0.8813,3.7878
22.4266,0.8075,3.4644
22.4268,0.8962,3.8391
22.4270,0.9731,4.1669
22.4272,1.0105,4.3292
22.4274,1.0559,4.5149
22.4276,1.1288,4.8289
22.4278,1.0844,4.6477
22.4280,1.0285,4.4103
22.4282,0.9626,4.1256
22.4284,0.9555,4.0972
22.4286,0.977,4.1951
22.4288,0.8568,3.6758
22.4290,0.8693,3.7327
22.4292,0.8816,3.7858
22.4294,0.8838,3.7933
22.4296,0.8861,3.7995
22.4298,0.8762,3.7644
22.4300,0.8224,3.5364
22.4302,0.8005,3.4372
22.4304,0.8511,3.6545
22.4306,0.8894,3.8264
22.4308,0.7481,3.2197
22.4310,0.7072,3.0466
22.4312,0.6224,2.6826
22.4314,0.6476,2.7911
22.4316,0.6168,2.6571
22.4318,0.6086,2.6195
22.4320,0.6141,2.6445
22.4322,0.6676,2.8748
22.4324,0.6499,2.8009
22.4326,0.6173,2.6592
22.4328,0.6358,2.7341
22.4330,0.7151,3.0792
22.4332,0.6818,2.937
22.4334,0.6072,2.6158
22.4336,0.6029,2.5923
22.4338,0.6896,2.9734
22.4340,0.6476,2.7898
22.4342,0.6747,2.9052
22.4344,0.6626,2.8531
22.4346,0.6579,2.8343
22.4348,0.6498,2.7952
22.4350,0.6932,2.982
22.4352,0.7279,3.1301
22.4354,0.7939,3.4073
22.4356,0.8675,3.725
22.4358,0.8975,3.8537
22.4360,0.8703,3.7386
22.4362,0.8207,3.5259
22.4364,0.8539,3.6703
22.4366,0.7802,3.358
22.4368,0.6571,2.8306
22.4370,0.5804,2.5017
22.4372,0.5719,2.465
22.4374,0.5788,2.4945
22.4376,0.6382,2.7521
22.4378,0.652,2.8089
22.4380,0.6296,2.7111
22.4382,0.6426,2.7669
22.4384,0.6263,2.6979
22.4386,0.6032,2.6011
22.4388,0.5994,2.5846
22.4390,0.6199,2.6705
22.4392,0.6152,2.6528
22.4394,0.5345,2.307
22.4396,0.5542,2.3875
22.4398,0.6382,2.7419
22.4400,0.7144,3.0747
22.4402,0.7222,3.1039
22.4404,0.7947,3.4173
22.4406,0.7245,3.1209
22.4408,0.6643,2.863
22.4410,0.6482,2.795
22.4412,0.5561,2.3979
22.4414,0.5327,2.2961
22.4416,0.5334,2.3024
22.4418,0.5352,2.309
22.4420,0.5328,2.2998
22.4422,0.5325,2.2971
22.4424,0.5336,2.3007
22.4426,0.5346,2.3065
22.4428,0.5344,2.3054
22.4430,0.5326,2.2966
22.4432,0.5324,2.2945
22.4434,0.5355,2.3058
22.4436,0.5808,2.4975
22.4438,0.6845,2.9448
22.4440,0.6279,2.7076
22.4442,0.6045,2.6068
22.4444,0.5366,2.3147
22.4446,0.4677,2.0188
22.4448,0.4671,2.0162
22.4450,0.4707,2.0308
22.4452,0.4661,2.0097
22.4454,0.4653,2.0093
22.4456,0.4651,2.0092
22.4458,0.464,2.0018
22.4460,0.515,2.2216
22.4462,0.4785,2.0644
22.4464,0.4695,2.0265
22.4466,0.4692,2.024
22.4468,0.4661,2.0097
22.4470,0.4783,2.0614
22.4472,0.5607,2.4165
22.4474,0.5631,2.4268
22.4476,0.5638,2.431
22.4478,0.4764,2.056
22.4480,0.4736,2.0441
22.4482,0.4851,2.0919
22.4484,0.4935,2.1271
22.4486,0.5918,2.5437
22.4488,0.743,3.1876
22.4490,0.8219,3.531
22.4492,0.7664,3.2941
22.4494,0.7964,3.4261
22.4496,0.6689,2.8818
22.4498,0.5752,2.4744
22.4500,0.6181,2.6628
22.4502,0.5579,2.4023
22.4504,0.5404,2.3302
22.4506,0.5423,2.3396
22.4508,0.5245,2.2583
22.4510,0.6143,2.6438
22.4512,0.6849,2.9518
22.4514,0.5977,2.575
22.4516,0.5878,2.5297
22.4518,0.5854,2.5194
22.4520,0.6144,2.6455
22.4522,0.5867,2.5251
22.4524,0.5818,2.5051
22.4526,0.6049,2.6035
22.4528,0.6387,2.7465
22.4530,0.6928,2.9776
22.4532,0.6573,2.8317
22.4534,0.5944,2.5593
22.4536,0.6408,2.7553
22.4538,0.6314,2.7214
22.4540,0.5553,2.3954
22.4542,0.5221,2.248
22.4544,0.5783,2.4913
22.4546,0.6122,2.6375
22.4548,0.5945,2.5586
22.4550,0.6537,2.8109
22.4552,0.6432,2.7669
22.4554,0.6084,2.6197
22.4556,0.6338,2.7292
22.4558,0.6458,2.7795
22.4560,0.6807,2.9256
22.4562,0.7351,3.164
22.4564,0.6324,2.7217
22.4566,0.5876,2.5304
22.4568,0.6049,2.6035
22.4570,0.6278,2.7021
22.4572,0.6301,2.7106
22.4574,0.6577,2.8266
22.4576,0.7233,3.1085
22.4578,0.7361,3.1637
22.4580,0.7348,3.1551
22.4582,0.7556,3.2401
22.4584,0.8254,3.5427
22.4586,0.7827,3.3626
22.4588,0.8068,3.4661
22.4590,0.8579,3.6787
22.4592,0.9084,3.8933
22.4594,0.9068,3.8903
22.4596,0.8745,3.7531
22.4598,0.8694,3.7228
22.4600,0.9489,4.0651
22.4602,0.9675,4.1486
22.4604,0.9542,4.0915
22.4606,1.0361,4.4365
22.4608,1.0388,4.4545
22.4610,0.9945,4.2603
22.4612,0.9736,4.1748
22.4614,0.9489,4.0689
22.4616,0.8989,3.8563
22.4618,0.8587,3.6909
22.4620,0.814,3.497
22.4622,0.8325,3.578
22.4624,0.787,3.3811
22.4626,0.7344,3.1594
22.4628,0.7303,3.1404
22.4630,0.7325,3.1512
22.4632,0.7423,3.192
22.4634,0.7444,3.2037
22.4636,0.6652,2.8631
22.4638,0.7042,3.0308
22.4640,0.7079,3.0454
22.4642,0.6915,2.9761
22.4644,0.676,2.9082
22.4646,0.6994,3.0102
22.4648,0.7077,3.0415
22.4650,0.7568,3.2574
22.4652,0.6896,2.9679
22.4654,0.7048,3.0334
22.4656,0.7264,3.1219
22.4658,0.7746,3.3307
22.4660,0.7831,3.3657
22.4662,0.7682,3.3033
22.4664,0.6898,2.9703
22.4666,0.6682,2.8773
22.4668,0.6659,2.8662
22.4670,0.6827,2.9371
22.4672,0.7402,3.1856
22.4674,0.6993,3.0097
22.4676,0.7023,3.0226
22.4678,0.6705,2.8831
22.4680,0.7241,3.1121
22.4682,0.795,3.4135
22.4684,0.8304,3.5659
22.4686,0.8003,3.4447
22.4688,0.7619,3.276
22.4690,0.77,3.3126
22.4692,0.7439,3.1972
22.4694,0.7939,3.4041
22.4696,0.8045,3.4612
22.4698,0.6768,2.9172
22.4700,0.684,2.9414
22.4702,0.7239,3.1184
22.4704,0.6253,2.6975
22.4706,0.5629,2.4274
22.4708,0.5713,2.4602
22.4710,0.5722,2.4672
22.4712,0.5605,2.4171
22.4714,0.609,2.6223
22.4716,0.6519,2.8058
22.4718,0.6768,2.9132
22.4720,0.7011,3.0216
22.4722,0.6177,2.6637
22.4724,0.5129,2.2128
22.4726,0.5233,2.2573
22.4728,0.5237,2.2583
22.4730,0.5168,2.2273
22.4732,0.5932,2.5553
22.4734,0.6063,2.6109
22.4736,0.5796,2.5004
22.4738,0.5559,2.3925
22.4740,0.642,2.7643
22.4742,0.6255,2.6923
22.4744,0.626,2.6931
22.4746,0.6538,2.8141
22.4748,0.6661,2.8654
22.4750,0.6778,2.9186
22.4752,0.6458,2.7795
22.4754,0.6788,2.9214
22.4756,0.6978,3.0035
22.4758,0.621,2.6764
22.4760,0.6078,2.6183
22.4762,0.6115,2.6331
22.4764,0.6358,2.7341
22.4766,0.6884,2.9655
22.4768,0.6729,2.8948
22.4770,0.7109,3.0569
22.4772,0.6885,2.9618
22.4774,0.6767,2.9167
22.4776,0.568,2.4491
22.4778,0.5388,2.3246
22.4780,0.5354,2.3085
22.4782,0.5364,2.3142
22.4784,0.5458,2.3546
22.4786,0.578,2.4879
22.4788,0.602,2.596
22.4790,0.5493,2.3674
22.4792,0.5447,2.3488
22.4794,0.542,2.3369
22.4796,0.5451,2.3493
22.4798,0.6211,2.6707
22.4800,0.6974,3.0028
22.4802,0.588,2.5366
22.4804,0.5307,2.2894
22.4806,0.5298,2.2837
22.4808,0.533,2.2971
22.4810,0.5296,2.2805
22.4812,0.5622,2.4243
22.4814,0.5435,2.3447
22.4816,0.574,2.4692
22.4818,0.6555,2.82
22.4820,0.6477,2.7891
22.4822,0.6199,2.6705
22.4824,0.5686,2.4494
22.4826,0.5452,2.3476
22.4828,0.6023,2.5958
22.4830,0.5686,2.4483
22.4832,0.6031,2.5922
22.4834,0.6821,2.9372
22.4836,0.6155,2.6514
22.4838,0.5743,2.4742
22.4840,0.5759,2.4786
22.4842,0.6087,2.6225
22.4844,0.5897,2.5403
22.4846,0.5709,2.4581
22.4848,0.5873,2.53
22.4850,0.5791,2.4961
22.4852,0.5613,2.4168
22.4854,0.551,2.3768
22.4856,0.4767,2.0566
22.4858,0.4802,2.0716
22.4860,0.495,2.1323
22.4862,0.5069,2.189
22.4864,0.4141,1.7874
22.4866,0.3882,1.6772
22.4868,0.3884,1.6777
22.4870,0.3843,1.6586
22.4872,0.4291,1.8513
22.4874,0.4958,2.1379
22.4876,0.5381,2.3172
22.4878,0.5939,2.5572
22.4880,0.5466,2.3571
22.4882,0.4957,2.1374
22.4884,0.499,2.1498
22.4886,0.5229,2.2516
22.4888,0.5769,2.4828
22.4890,0.6053,2.6063
22.4892,0.5998,2.5837
22.4894,0.6131,2.6325
22.4896,0.7099,3.0542
22.4898,0.6438,2.7656
22.4900,0.7723,3.3178
22.4902,0.781,3.3554
22.4904,0.753,3.2363
22.4906,0.6992,3.0008
22.4908,0.7605,3.2627
22.4910,0.8444,3.6206
22.4912,0.8803,3.7801
22.4914,0.7971,3.426
22.4916,0.7466,3.2105
22.4918,0.6921,2.9759
22.4920,0.7199,3.097
22.4922,0.7468,3.2095
22.4924,0.8014,3.4397
22.4926,0.8468,3.6292
22.4928,0.8839,3.7903
22.4930,0.8868,3.8026
22.4932,0.9361,4.0139
22.4934,0.9171,3.9345
22.4936,0.8957,3.8389
22.4938,0.893,3.8347
22.4940,0.8334,3.5721
22.4942,0.9039,3.8743
22.4944,0.9098,3.9031
22.4946,0.9414,4.0347
22.4948,0.9699,4.157
22.4950,0.967,4.1408
22.4952,0.9713,4.1631
22.4954,0.9946,4.2608
22.4956,1.0297,4.4052
22.4958,1.0721,4.5884
22.4960,0.977,4.1931
22.4962,0.9144,3.9227
22.4964,0.9066,3.8874
22.4966,0.9609,4.1203
22.4968,0.9595,4.118
22.4970,0.8185,3.5194
22.4972,0.7496,3.2234
22.4974,0.7673,3.2946
22.4976,0.8412,3.6123
22.4978,0.8605,3.6952
22.4980,0.847,3.6438
22.4982,0.7737,3.324
22.4984,0.7845,3.3719
22.4986,0.7743,3.3234
22.4988,0.8509,3.654
22.4990,0.8705,3.7362
22.4992,0.8129,3.4956
22.4994,0.7826,3.3652
22.4996,0.7875,3.3848
22.4998,0.8,3.4368
22.5000,0.8493,3.6502
22.5002,0.8324,3.5758
22.5004,0.8127,3.4897
22.5006,0.8156,3.5037
22.5008,0.7921,3.4043
22.5010,0.8266,3.5544
22.5012,0.8144,3.5035
22.5014,0.7258,3.1208
22.5016,0.7549,3.2491
22.5018,0.7103,3.0586
22.5020,0.7198,3.0907
22.5022,0.7472,3.2191
22.5024,0.6315,2.7206
22.5026,0.6358,2.7418
22.5028,0.6145,2.6497
22.5030,0.6093,2.6202
22.5032,0.7265,3.1239
22.5034,0.794,3.4142
22.5036,0.7494,3.2284
22.5038,0.6393,2.7529
22.5040,0.5858,2.5262
22.5042,0.5812,2.5048
22.5044,0.6308,2.7163
22.5046,0.6361,2.7415
22.5048,0.5978,2.5755
22.5050,0.5915,2.5481
22.5052,0.59,2.5431
22.5054,0.5957,2.5674
22.5056,0.5995,2.5839
22.5058,0.6222,2.6766
22.5060,0.7402,3.1827
22.5062,0.7561,3.2528
22.5064,0.7325,3.1482
22.5066,0.796,3.4182
22.5068,0.8189,3.5231
22.5070,0.7159,3.0814
22.5072,0.6728,2.897
22.5074,0.6591,2.8381
22.5076,0.6938,2.9845
22.5078,0.7442,3.1987
22.5080,0.7436,3.2021
22.5082,0.6724,2.8968
22.5084,0.6282,2.7036
22.5086,0.6462,2.7836
22.5088,0.6463,2.7842
22.5090,0.6712,2.8876
22.5092,0.7145,3.0752
22.5094,0.7361,3.1681
22.5096,0.744,3.2007
22.5098,0.7465,3.21
22.5100,0.7257,3.1232
22.5102,0.6813,2.9377
22.5104,0.5432,2.341
22.5106,0.6035,2.5973
22.5108,0.6748,2.9125
22.5110,0.5017,2.1662
22.5112,0.4721,2.0383
22.5114,0.4747,2.0478
22.5116,0.5257,2.2687
22.5118,0.4884,2.1068
22.5120,0.4739,2.0442
22.5122,0.5176,2.233
22.5124,0.5135,2.2185
22.5126,0.4698,2.0285
22.5128,0.4662,2.012
22.5130,0.4721,2.0383
22.5132,0.4622,1.9968
22.5134,0.4568,1.9726
22.5136,0.4731,2.0411
22.5138,0.4957,2.1364
22.5140,0.551,2.3735
22.5142,0.6171,2.6574
22.5144,0.6146,2.649
22.5146,0.6378,2.7488
22.5148,0.6314,2.7163
22.5150,0.7006,3.0097
22.5152,0.7742,3.326
22.5154,0.7928,3.4059
22.5156,0.7892,3.3904
22.5158,0.7824,3.3657
22.5160,0.7022,3.0221
22.5162,0.6824,2.9396
22.5164,0.6421,2.7635
22.5166,0.633,2.723
22.5168,0.6326,2.7227
22.5170,0.6523,2.8061
22.5172,0.7056,3.0342
22.5174,0.7406,3.1862
22.5176,0.6662,2.8686
22.5178,0.6656,2.866
22.5180,0.667,2.8695
22.5182,0.6867,2.9527
22.5184,0.7077,3.0401
22.5186,0.7312,3.1469
22.5188,0.5996,2.5832
22.5190,0.6233,2.685
22.5192,0.6159,2.6535
22.5194,0.6067,2.6125
22.5196,0.6356,2.7369
22.5198,0.6071,2.6152
22.5200,0.6022,2.5941
22.5202,0.6117,2.6342
22.5204,0.6133,2.6384
22.5206,0.6723,2.8949
22.5208,0.6464,2.7795
22.5210,0.7141,3.0779
22.5212,0.611,2.6323
22.5214,0.596,2.5665
22.5216,0.6065,2.609
22.5218,0.6463,2.7842
22.5220,0.5409,2.3334
22.5222,0.5031,2.1694
22.5224,0.5778,2.4927
22.5226,0.5141,2.218
22.5228,0.4663,2.0144
22.5230,0.4641,2.0032
22.5232,0.4639,2.0013
22.5234,0.4671,2.0143
22.5236,0.49,2.1121
22.5238,0.5149,2.2191
22.5240,0.5409,2.3301
22.5242,0.6073,2.6175
22.5244,0.5772,2.4866
22.5246,0.5764,2.4807
22.5248,0.6179,2.6593
22.5250,0.7239,3.114
22.5252,0.7243,3.1117
22.5254,0.7525,3.2328
22.5256,0.7468,3.2066
22.5258,0.788,3.3852
22.5260,0.8089,3.4781
22.5262,0.7151,3.0721
22.5264,0.817,3.5017
22.5266,0.9783,4.1871
22.5268,1.031,4.4129
22.5270,1.027,4.3934
22.5272,1.0738,4.5961
22.5274,1.0428,4.4673
22.5276,1.0231,4.381
22.5278,0.9776,4.1898
22.5280,0.9538,4.0919
22.5282,0.9161,3.9299
22.5284,0.8743,3.7579
22.5286,0.7809,3.3564
22.5288,0.7501,3.2285
22.5290,0.7363,3.1618
22.5292,0.7815,3.359
22.5294,0.7637,3.2822
22.5296,0.7312,3.144
22.5298,0.7691,3.3023
22.5300,0.7723,3.3178
22.5302,0.7804,3.3575
22.5304,0.7521,3.2357
22.5306,0.7483,3.2192
22.5308,0.7041,3.0317
22.5310,0.7157,3.0761
22.5312,0.789,3.3909
22.5314,0.8055,3.4621
22.5316,0.7297,3.1422
22.5318,0.7177,3.0891
22.5320,0.7174,3.0847
22.5322,0.7611,3.2744
22.5324,0.6881,2.963
22.5326,0.6976,3.0038
22.5328,0.7073,3.0428
22.5330,0.6989,3.0095
22.5332,0.6695,2.879
22.5334,0.7384,3.1764
22.5336,0.7158,3.0795
22.5338,0.7288,3.1366
22.5340,0.7047,3.0357
22.5342,0.6525,2.8084
22.5344,0.6646,2.8605
22.5346,0.6951,2.9888
22.5348,0.7563,3.2493
22.5350,0.7533,3.2424
22.5352,0.6741,2.9026
22.5354,0.6549,2.8213
22.5356,0.6561,2.8252
22.5358,0.7011,3.0104
22.5360,0.7683,3.3069
22.5362,0.6692,2.8842
22.5364,0.6199,2.6718
22.5366,0.6397,2.7545
22.5368,0.6728,2.8929
22.5370,0.7253,3.1202
22.5372,0.7483,3.2207
22.5374,0.7475,3.2141
22.5376,0.7448,3.2013
22.5378,0.7486,3.2218
22.5380,0.705,3.0344
22.5382,0.6501,2.8007
22.5384,0.5848,2.5203
22.5386,0.5858,2.5273
22.5388,0.5659,2.4392
22.5390,0.5697,2.4552
22.5392,0.6025,2.5944
22.5394,0.6731,2.8985
22.5396,0.617,2.6581
22.5398,0.5864,2.5299
22.5400,0.5139,2.217
22.5402,0.5248,2.2651
22.5404,0.5523,2.3814
22.5406,0.5421,2.3364
22.5408,0.5404,2.3313
22.5410,0.588,2.5331
22.5412,0.6236,2.684
22.5414,0.6002,2.5858
22.5416,0.5499,2.37
22.5418,0.6122,2.6387
22.5420,0.5861,2.5284
22.5422,0.5283,2.278
22.5424,0.5275,2.2754
22.5426,0.5277,2.2765
22.5428,0.5304,2.2884
22.5430,0.5307,2.2883
22.5432,0.5264,2.2676
22.5434,0.5421,2.3374
22.5436,0.5363,2.3137
22.5438,0.5266,2.2697
22.5440,0.5231,2.2558
22.5442,0.5273,2.2728
22.5444,0.5245,2.2614
22.5446,0.524,2.2583
22.5448,0.5246,2.263
22.5450,0.5273,2.2749
22.5452,0.5294,2.2837
22.5454,0.5269,2.2718
22.5456,0.5253,2.264
22.5458,0.5245,2.2625
22.5460,0.5483,2.3599
22.5462,0.6103,2.6243
22.5464,0.5986,2.5786
22.5466,0.5355,2.309
22.5468,0.5266,2.2708
22.5470,0.5278,2.2759
22.5472,0.5447,2.3445
22.5474,0.6403,2.7532
22.5476,0.6481,2.7906
22.5478,0.5705,2.4577
22.5480,0.5868,2.5244
22.5482,0.6638,2.8543
22.5484,0.6825,2.9361
22.5486,0.7165,3.0854
22.5488,0.6541,2.8138
22.5490,0.6451,2.7751
22.5492,0.7074,3.0391
22.5494,0.7488,3.2213
22.5496,0.6145,2.6485
22.5498,0.5414,2.3343
22.5500,0.5417,2.337
22.5502,0.5465,2.3555
22.5504,0.5391,2.3234
22.5506,0.5308,2.2888
22.5508,0.5177,2.2315
22.5510,0.5547,2.3862
22.5512,0.6007,2.5879
22.5514,0.559,2.4103
22.5516,0.5622,2.4209
22.5518,0.6174,2.6597
22.5520,0.5682,2.449
22.5522,0.6031,2.5958
22.5524,0.6849,2.9477
22.5526,0.6465,2.78
22.5528,0.6705,2.8831
22.5530,0.6369,2.7439
22.5532,0.5697,2.4529
22.5534,0.5934,2.5587
22.5536,0.5501,2.371
22.5538,0.5691,2.4526
22.5540,0.5864,2.5229
22.5542,0.602,2.5935
22.5544,0.5939,2.5584
22.5546,0.5921,2.5483
22.5548,0.5933,2.5535
22.5550,0.6047,2.6025
22.5552,0.637,2.7418
22.5554,0.7271,3.1279
22.5556,0.6915,2.9734
22.5558,0.6528,2.8081
22.5560,0.6465,2.7839
22.5562,0.6462,2.7798
22.5564,0.6607,2.8382
22.5566,0.697,2.9957
22.5568,0.6957,2.9928
22.5570,0.7126,3.0641
22.5572,0.7619,3.273
22.5574,0.7183,3.0903
22.5576,0.7111,3.0551
22.5578,0.7628,3.274
22.5580,0.8127,3.4881
22.5582,0.7992,3.43
22.5584,0.828,3.5507
22.5586,0.9062,3.8859
22.5588,0.9764,4.1828
22.5590,1.0232,4.3775
22.5592,1.068,4.5667
22.5594,1.0888,4.6515
22.5596,1.1039,4.7205
22.5598,1.0734,4.5983
22.5600,1.0272,4.3985
22.5602,1.0755,4.6033
22.5604,1.0458,4.4844
22.5606,0.9152,3.9281
22.5608,0.894,3.8388
22.5610,0.8511,3.6511
22.5612,0.858,3.6792
22.5614,0.9097,3.9063
22.5616,0.8893,3.8152
22.5618,0.9071,3.8895
22.5620,0.9605,4.1111
22.5622,1.008,4.3204
22.5624,0.9725,4.1683
22.5626,1.0229,4.3759
22.5628,1.077,4.6137
22.5630,1.0602,4.5376
22.5632,1.1113,4.7629
22.5634,0.9391,4.0324
22.5636,0.8175,3.5136
22.5638,0.7959,3.424
22.5640,0.8108,3.4831
22.5642,0.9021,3.8648
22.5644,1.0454,4.4807
22.5646,1.0322,4.4304
22.5648,0.9183,3.9433
22.5650,0.9611,4.1137
22.5652,1.0789,4.6198
22.5654,1.0803,4.6281
22.5656,0.9989,4.2893
22.5658,0.8673,3.7257
22.5660,0.8302,3.5699
22.5662,0.8174,3.5065
22.5664,0.8776,3.7735
22.5666,0.8134,3.4993
22.5668,0.7634,3.2842
22.5670,0.7384,3.1749
22.5672,0.7382,3.1774
22.5674,0.7777,3.3472
22.5676,0.7981,3.4269
22.5678,0.8352,3.5865
22.5680,0.8314,3.5784
22.5682,0.7621,3.2786
22.5684,0.743,3.1951
22.5686,0.7554,3.2497
22.5688,0.7965,3.425
22.5690,0.8104,3.48
22.5692,0.8067,3.4688
22.5694,0.8157,3.5108
22.5696,0.8297,3.5645
22.5698,0.8559,3.6819
22.5700,0.8025,3.4508
22.5702,0.7753,3.3337
22.5704,0.768,3.3038
22.5706,0.735,3.1693
22.5708,0.6727,2.9018
22.5710,0.6298,2.7134
22.5712,0.6801,2.9312
22.5714,0.632,2.7214
22.5716,0.6581,2.8353
22.5718,0.6559,2.8281
22.5720,0.6223,2.6808
22.5722,0.6352,2.7392
22.5724,0.6568,2.8257
22.5726,0.8041,3.4575
22.5728,0.7173,3.0899
22.5730,0.6406,2.7612
22.5732,0.656,2.8247
22.5734,0.6535,2.8165
22.5736,0.6125,2.6385
22.5738,0.6295,2.7106
22.5740,0.699,3.01
22.5742,0.7147,3.0748
22.5744,0.7806,3.3596
22.5746,0.7149,3.081
22.5748,0.6456,2.7823
22.5750,0.6276,2.7023
22.5752,0.6222,2.6803
22.5754,0.6614,2.8506
22.5756,0.7199,3.0955
22.5758,0.8185,3.5177
22.5760,0.7741,3.3332
22.5762,0.692,2.9837
22.5764,0.6348,2.7333
22.5766,0.6673,2.8732
22.5768,0.6635,2.8652
22.5770,0.5004,2.1635
22.5772,0.4551,1.9662
22.5774,0.4474,1.9335
22.5776,0.4472,1.9321
22.5778,0.4549,1.9643
22.5780,0.4668,2.0137
22.5782,0.4524,1.9525
22.5784,0.4483,1.9367
22.5786,0.4472,1.933
22.5788,0.449,1.9398
22.5790,0.4511,1.9477
22.5792,0.4929,2.1284
22.5794,0.5062,2.1859
22.5796,0.4683,2.0214
22.5798,0.4639,2.0031
22.5800,0.4621,1.9944
22.5802,0.4607,1.9901
22.5804,0.4608,1.9906
22.5806,0.4639,2.0022
22.5808,0.5091,2.1993
22.5810,0.4781,2.0623
22.5812,0.5585,2.4038
22.5814,0.6486,2.7914
22.5816,0.6343,2.7325
22.5818,0.5647,2.4352
22.5820,0.5567,2.3994
22.5822,0.5432,2.3443
22.5824,0.476,2.0564
22.5826,0.4665,2.0127
22.5828,0.5236,2.2578
22.5830,0.4999,2.1565
22.5832,0.4519,1.9505
22.5834,0.4459,1.9246
22.5836,0.4463,1.9261
22.5838,0.4472,1.933
22.5840,0.4481,1.9357
22.5842,0.4477,1.9323
22.5844,0.4469,1.9305
22.5846,0.4452,1.9233
22.5848,0.4468,1.9282
22.5850,0.4484,1.9346
22.5852,0.4471,1.9307
22.5854,0.4489,1.9366
22.5856,0.4432,1.9118
22.5858,0.4376,1.8906
22.5860,0.4368,1.887
22.5862,0.4249,1.8332
22.5864,0.4663,2.0088
22.5866,0.5452,2.3498
22.5868,0.5572,2.3992
22.5870,0.5631,2.4257
22.5872,0.5095,2.1989
22.5874,0.496,2.1399
22.5876,0.5414,2.3322
22.5878,0.5918,2.5485
22.5880,0.5686,2.4528
22.5882,0.5288,2.2779
22.5884,0.601,2.5865
22.5886,0.5989,2.5765
22.5888,0.6434,2.7666
22.5890,0.639,2.7514
22.5892,0.6129,2.6406
22.5894,0.6426,2.7656
22.5896,0.7037,3.0245
22.5898,0.702,3.0215
22.5900,0.6709,2.882
22.5902,0.7729,3.3188
22.5904,0.7946,3.4152
22.5906,0.7274,3.1295
22.5908,0.7291,3.1367
22.5910,0.7515,3.2317
22.5912,0.7312,3.1426
22.5914,0.7833,3.3652
22.5916,0.7489,3.2203
22.5918,0.681,2.9231
22.5920,0.7807,3.3523
22.5922,0.8521,3.654
22.5924,0.9348,4.0064
22.5926,0.9104,3.9021
22.5928,0.9438,4.0449
22.5930,1.0126,4.3318
22.5932,1.0292,4.4052
22.5934,0.9884,4.2341
22.5936,1.0307,4.4154
22.5938,0.9948,4.2619
22.5940,0.9874,4.228
22.5942,1.0061,4.3142
22.5944,0.9195,3.9466
22.5946,0.8513,3.6538
22.5948,0.7959,3.4161
22.5950,0.8399,3.6049
22.5952,0.8863,3.8041
22.5954,0.9012,3.8643
22.5956,0.9609,4.1146
22.5958,1.0469,4.4869
22.5960,1.0519,4.5022
22.5962,1.0638,4.5615
22.5964,0.8988,3.8522
22.5966,0.9464,4.06
22.5968,0.9014,3.8743
22.5970,0.835,3.5888
22.5972,0.8928,3.8247
22.5974,0.9808,4.2057
22.5976,0.9133,3.9144
22.5978,0.9456,4.0602
22.5980,0.8869,3.8031
22.5982,0.9452,4.0549
22.5984,0.9155,3.9291
22.5986,0.8851,3.8042
22.5988,0.8663,3.7164
22.5990,0.9681,4.1531
22.5992,0.9059,3.8916
22.5994,0.8322,3.5737
22.5996,0.8236,3.5366
22.5998,0.8838,3.788
22.6000,0.9723,4.175
22.6002,0.9336,4.0106
22.6004,0.8433,3.6244
22.6006,0.7591,3.2672
22.6008,0.751,3.2336
22.6010,0.6932,2.9861
22.6012,0.6788,2.9201
22.6014,0.7585,3.2601
22.6016,0.8105,3.4918
22.6018,0.6963,2.9996
22.6020,0.727,3.1274
22.6022,0.7078,3.0435
22.6024,0.7891,3.393
22.6026,0.7674,3.2997
22.6028,0.7352,3.1674
22.6030,0.7248,3.1181
22.6032,0.7757,3.3322
22.6034,0.8492,3.653
22.6036,0.7647,3.2945
22.6038,0.7173,3.0885
22.6040,0.6796,2.9264
22.6042,0.6693,2.8833
22.6044,0.664,2.8606
22.6046,0.692,2.9768
22.6048,0.6934,2.9858
22.6050,0.711,3.0588
22.6052,0.7427,3.1995
22.6054,0.6929,2.9795
22.6056,0.7757,3.3306
22.6058,0.8527,3.6651
22.6060,0.8087,3.4792
22.6062,0.6928,2.9846
22.6064,0.6597,2.8446
22.6066,0.6655,2.8668
22.6068,0.6705,2.8858
22.6070,0.6694,2.8838
22.6072,0.6706,2.8877
22.6074,0.7225,3.104
22.6076,0.8158,3.5064
22.6078,0.7693,3.3141
22.6080,0.7006,3.0167
22.6082,0.6719,2.8987
22.6084,0.6074,2.618
22.6086,0.6933,2.9811
22.6088,0.7699,3.3044
22.6090,0.898,3.8558
22.6092,0.7759,3.3425
22.6094,0.6514,2.8077
22.6096,0.6307,2.717
22.6098,0.5965,2.5746
22.6100,0.5517,2.381
22.6102,0.5468,2.3587
22.6104,0.5427,2.3411
22.6106,0.5465,2.3577
22.6108,0.5464,2.355
22.6110,0.5496,2.3711
22.6112,0.5474,2.3624
22.6114,0.5834,2.5147
22.6116,0.6026,2.5998
22.6118,0.5495,2.3706
22.6120,0.5495,2.3695
22.6122,0.5969,2.5654
22.6124,0.694,2.9925
22.6126,0.5682,2.4513
22.6128,0.5471,2.3592
22.6130,0.5893,2.54
22.6132,0.617,2.6594
22.6134,0.6463,2.7829
22.6136,0.748,3.2147
22.6138,0.7324,3.1506
22.6140,0.6938,2.9859
22.6142,0.692,2.9782
22.6144,0.7312,3.1469
22.6146,0.7155,3.0793
22.6148,0.7524,3.2368
22.6150,0.765,3.2925
22.6152,0.7453,3.2049
22.6154,0.7753,3.3337
22.6156,0.7562,3.2487
22.6158,0.7296,3.1417
22.6160,0.6656,2.866
22.6162,0.659,2.8363
22.6164,0.6881,2.963
22.6166,0.6723,2.8976
22.6168,0.6391,2.7532
22.6170,0.6679,2.8745
22.6172,0.6722,2.8998
22.6174,0.5514,2.3789
22.6176,0.5555,2.3942
22.6178,0.5563,2.399
22.6180,0.5603,2.4172
22.6182,0.5864,2.5264
22.6184,0.6126,2.6451
22.6186,0.506,2.1828
22.6188,0.4942,2.1321
22.6190,0.5887,2.5386
22.6192,0.5643,2.432
22.6194,0.5548,2.3911
22.6196,0.6035,2.601
22.6198,0.6356,2.7369
22.6200,0.6703,2.8834
22.6202,0.6776,2.919
22.6204,0.6102,2.6311
22.6206,0.5993,2.5805
22.6208,0.6041,2.6011
22.6210,0.6653,2.8596
22.6212,0.7462,3.207
22.6214,0.7719,3.3209
22.6216,0.7309,3.1444
22.6218,0.667,2.8722
22.6220,0.6794,2.9199
22.6222,0.7318,3.1524
22.6224,0.6254,2.6968
22.6226,0.5566,2.4011
22.6228,0.5029,2.1674
22.6230,0.537,2.3157
22.6232,0.5615,2.4212
22.6234,0.5904,2.5423
22.6236,0.6779,2.9165
22.6238,0.6621,2.8484
22.6240,0.6789,2.9206
22.6242,0.6953,2.9899
22.6244,0.7447,3.2038
22.6246,0.7544,3.2425
22.6248,0.8,3.4304
22.6250,0.8595,3.6905
22.6252,0.7481,3.2182
22.6254,0.7647,3.2792
22.6256,0.9085,3.8957
22.6258,0.9,3.8628
22.6260,0.8926,3.8326
22.6262,0.9216,3.9535
22.6264,0.9122,3.9134
22.6266,0.9192,3.9469
22.6268,0.8807,3.7834
22.6270,0.8234,3.5356
22.6272,0.8367,3.5961
22.6274,0.7911,3.3986
22.6276,0.8555,3.677
22.6278,0.8078,3.4719
22.6280,0.7813,3.3564
22.6282,0.8292,3.5658
22.6284,0.8066,3.4683
22.6286,0.7827,3.361
22.6288,0.8288,3.5587
22.6290,0.8908,3.8267
22.6292,0.8898,3.8208
22.6294,0.8261,3.5507
22.6296,0.808,3.4777
22.6298,0.7081,3.0507
22.6300,0.7027,3.0218
22.6302,0.7795,3.3502
22.6304,0.8014,3.4429
22.6306,0.8036,3.4538
22.6308,0.8246,3.5424
22.6310,0.8478,3.6389
22.6312,0.8457,3.6364
22.6314,0.7846,3.374
22.6316,0.8356,3.5864
22.6318,0.848,3.6445
22.6320,0.8083,3.4755
22.6322,0.7818,3.3663
22.6324,0.7899,3.3919
22.6326,0.8565,3.6794
22.6328,0.8511,3.6596
22.6330,0.8315,3.5756
22.6332,0.7584,3.2626
22.6334,0.7104,3.0577
22.6336,0.7219,3.1072
22.6338,0.7318,3.1495
22.6340,0.7426,3.1915
22.6342,0.7514,3.2327
22.6344,0.801,3.4441
22.6346,0.8321,3.5748
22.6348,0.8688,3.7307
22.6350,0.8472,3.6397
22.6352,0.8314,3.5784
22.6354,0.7657,3.2894
22.6356,0.879,3.7709
22.6358,0.8873,3.8118
22.6360,0.8476,3.643
22.6362,0.8554,3.673
22.6364,0.8581,3.6866
22.6366,0.831,3.5718
22.6368,0.8268,3.5588
22.6370,0.771,3.3136
22.6372,0.8201,3.5299
22.6374,0.7239,3.1198
22.6376,0.6796,2.9291
22.6378,0.6661,2.8667
22.6380,0.6685,2.8784
22.6382,0.6798,2.9274
22.6384,0.6941,2.9903
22.6386,0.6581,2.8366
22.6388,0.667,2.8775
22.6390,0.5681,2.4485
22.6392,0.6007,2.5879
22.6394,0.6077,2.6203
22.6396,0.6031,2.6006
22.6398,0.6053,2.6087
22.6400,0.6055,2.6097
22.6402,0.617,2.6606
22.6404,0.6243,2.6896
22.6406,0.6239,2.6888
22.6408,0.6257,2.6941
22.6410,0.6778,2.9214
22.6412,0.6149,2.6501
22.6414,0.6025,2.5944
22.6416,0.6251,2.6915
22.6418,0.6687,2.8781
22.6420,0.7478,3.2157
22.6422,0.737,3.1781
22.6424,0.5934,2.5587
22.6426,0.573,2.4743
22.6428,0.4898,2.113
22.6430,0.487,2.1001
22.6432,0.5206,2.2491
22.6434,0.4831,2.0879
22.6436,0.4947,2.1332
22.6438,0.571,2.4643
22.6440,0.5187,2.2397
22.6442,0.4716,2.0363
22.6444,0.4586,1.9794
22.6446,0.5187,2.2366
22.6448,0.526,2.2692
22.6450,0.5266,2.2718
22.6452,0.5269,2.2718
22.6454,0.5345,2.3049
22.6456,0.5251,2.2661
22.6458,0.5254,2.2687
22.6460,0.5029,2.1684
22.6462,0.5517,2.3777
22.6464,0.574,2.4738
22.6466,0.5751,2.475
22.6468,0.6568,2.8283
22.6470,0.6894,2.9715
22.6472,0.5844,2.52
22.6474,0.5777,2.4875
22.6476,0.6662,2.8659
22.6478,0.7457,3.2049
22.6480,0.7667,3.2951
22.6482,0.7306,3.1429
22.6484,0.683,2.9422
22.6486,0.6686,2.8802
22.6488,0.6514,2.8077
22.6490,0.5771,2.485
22.6492,0.6133,2.6421
22.6494,0.6147,2.6483
22.6496,0.6326,2.7253
22.6498,0.6322,2.725
22.6500,0.6042,2.6004
22.6502,0.6531,2.8136
22.6504,0.6192,2.6687
22.6506,0.5884,2.5335
22.6508,0.6504,2.8017
22.6510,0.5808,2.5044
22.6512,0.5974,2.5722
22.6514,0.597,2.5707
22.6516,0.6229,2.6834
22.6518,0.6647,2.865
22.6520,0.6358,2.7392
22.6522,0.5914,2.5499
22.6524,0.5281,2.277
22.6526,0.5849,2.5197
22.6528,0.6602,2.8401
22.6530,0.6899,2.9667
22.6532,0.7077,3.0401
22.6534,0.7995,3.4363
22.6536,0.7073,3.0457
22.6538,0.6185,2.668
22.6540,0.5602,2.4155
22.6542,0.5888,2.5332
22.6544,0.6936,2.9868
22.6546,0.6229,2.6847
22.6548,0.5857,2.5221
22.6550,0.5788,2.491
22.6552,0.6386,2.746
22.6554,0.7144,3.0718
22.6556,0.7193,3.0973
22.6558,0.6577,2.8359
22.6560,0.6191,2.6657
22.6562,0.6336,2.7256
22.6564,0.6458,2.7795
22.6566,0.678,2.9129
22.6568,0.7532,3.2389
22.6570,0.6849,2.9464
22.6572,0.726,3.1247
22.6574,0.7054,3.0318
22.6576,0.758,3.255
22.6578,0.7981,3.4285
22.6580,0.7436,3.1961
22.6582,0.6757,2.9067
22.6584,0.7819,3.3543
22.6586,0.9284,3.9791
22.6588,0.9717,4.1588
22.6590,0.9885,4.2346
22.6592,0.9875,4.2266
22.6594,1.0386,4.4514
22.6596,0.9849,4.2232
22.6598,0.9622,4.126
22.6600,0.9652,4.1369
22.6602,0.9635,4.1355
22.6604,0.8905,3.8221
22.6606,0.8872,3.8059
22.6608,0.9174,3.9355
22.6610,0.8862,3.8018
22.6612,0.8945,3.8391
22.6614,0.87,3.7393
22.6616,0.7928,3.4059
22.6618,0.8411,3.6118
22.6620,0.8748,3.7564
22.6622,0.8563,3.6771
22.6624,0.8397,3.6073
22.6626,0.8255,3.5465
22.6628,0.7424,3.1954
22.6630,0.7049,3.0325
22.6632,0.7258,3.1179
22.6634,0.8301,3.566
22.6636,0.827,3.5543
22.6638,0.8068,3.4661
22.6640,0.8264,3.5534
22.6642,0.7884,3.3931
22.6644,0.7608,3.2698
22.6646,0.7911,3.3986
22.6648,0.8581,3.6866
22.6650,0.8958,3.8483
22.6652,0.8182,3.5183
22.6654,0.7417,3.1924
22.6656,0.7074,3.0462
22.6658,0.7307,3.1434
22.6660,0.7241,3.1107
22.6662,0.7939,3.4121
22.6664,0.7698,3.3116
22.6666,0.7643,3.2878
22.6668,0.7562,3.2533
22.6670,0.7717,3.3167
22.6672,0.8182,3.5167
22.6674,0.778,3.3425
22.6676,0.8045,3.4596
22.6678,0.8015,3.4467
22.6680,0.8487,3.6476
22.6682,0.8098,3.4855
22.6684,0.7626,3.276
22.6686,0.8332,3.5811
22.6688,0.835,3.5955
22.6690,0.7037,3.0259
22.6692,0.7538,3.24
22.6694,0.8188,3.5209
22.6696,0.8243,3.543
22.6698,0.8327,3.5741
22.6700,0.8745,3.7619
22.6702,0.8211,3.5373
22.6704,0.7053,3.0355
22.6706,0.718,3.0887
22.6708,0.7115,3.0623
22.6710,0.7031,3.0318
22.6712,0.634,2.7353
22.6714,0.6028,2.5991
22.6716,0.6051,2.607
22.6718,0.5965,2.571
22.6720,0.7235,3.1081
22.6722,0.862,3.6996
22.6724,0.809,3.4835
22.6726,0.6816,2.9311
22.6728,0.7818,3.3663
22.6730,0.7294,3.1377
22.6732,0.7398,3.1811
22.6734,0.7768,3.342
22.6736,0.8007,3.4415
22.6738,0.8188,3.5176
22.6740,0.8345,3.5868
22.6742,0.7892,3.3951
22.6744,0.7602,3.2703
22.6746,0.7471,3.2156
22.6748,0.7757,3.3384
22.6750,0.7946,3.4168
22.6752,0.8173,3.5044
22.6754,0.8917,3.8308
22.6756,0.8272,3.562
22.6758,0.7037,3.0316
22.6760,0.6388,2.7547
22.6762,0.5628,2.428
22.6764,0.5433,2.3448
22.6766,0.5439,2.3474
22.6768,0.5363,2.3137
22.6770,0.5391,2.3245
22.6772,0.5563,2.4012
22.6774,0.5458,2.3557
22.6776,0.5415,2.337
22.6778,0.5281,2.2791
22.6780,0.5259,2.2719
22.6782,0.5243,2.263
22.6784,0.5291,2.2827
22.6786,0.5514,2.3756
22.6788,0.6746,2.902
22.6790,0.7279,3.1316
22.6792,0.6609,2.8511
22.6794,0.5444,2.3494
22.6796,0.5267,2.2744
22.6798,0.5309,2.2872
22.6800,0.5631,2.4302
22.6802,0.5265,2.2723
22.6804,0.5303,2.2878
22.6806,0.5272,2.2733
22.6808,0.5476,2.3601
22.6810,0.6535,2.8151
22.6812,0.6783,2.9194
22.6814,0.6447,2.7761
22.6816,0.6227,2.6861
22.6818,0.5512,2.3745
22.6820,0.6039,2.5994
22.6822,0.6089,2.623
22.6824,0.5994,2.5858
22.6826,0.5428,2.3416
22.6828,0.5201,2.2428
22.6830,0.55,2.3705
22.6832,0.6007,2.5891
22.6834,0.5945,2.5622
22.6836,0.5855,2.5223
22.6838,0.6217,2.6807
22.6840,0.5638,2.431
22.6842,0.5107,2.203
22.6844,0.495,2.1382
22.6846,0.4974,2.1456
22.6848,0.5271,2.2739
22.6850,0.5023,2.1658
22.6852,0.5179,2.2351
22.6854,0.5175,2.2335
22.6856,0.4962,2.1394
22.6858,0.5128,2.2103
22.6860,0.536,2.3111
22.6862,0.523,2.2573
22.6864,0.4803,2.0721
22.6866,0.4791,2.0679
22.6868,0.4977,2.1481
22.6870,0.4959,2.1384
22.6872,0.4917,2.1213
22.6874,0.5074,2.188
22.6876,0.5074,2.189
22.6878,0.5119,2.2051
22.6880,0.624,2.6831
22.6882,0.709,3.0515
22.6884,0.7346,3.1516
22.6886,0.8215,3.5355
22.6888,0.6159,2.6547
22.6890,0.5602,2.4155
22.6892,0.5059,2.1823
22.6894,0.4987,2.1513
22.6896,0.538,2.3177
22.6898,0.5771,2.4861
22.6900,0.6054,2.6068
22.6902,0.6137,2.6461
22.6904,0.5593,2.4085
22.6906,0.6429,2.7633
22.6908,0.6704,2.884
22.6910,0.6797,2.9174
22.6912,0.7995,3.4315
22.6914,0.7944,3.4141
22.6916,0.7592,3.2662
22.6918,0.7409,3.1828
22.6920,0.803,3.4432
22.6922,0.8846,3.7969
22.6924,0.9047,3.8738
22.6926,1.0155,4.3401
22.6928,1.0773,4.6174
22.6930,1.0149,4.3476
22.6932,1.0382,4.4395
22.6934,1.106,4.738
22.6936,0.9322,3.9993
22.6938,0.9147,3.9224
22.6940,0.9092,3.9042
22.6942,0.9008,3.8664
22.6944,0.8583,3.6888
22.6946,0.7996,3.4336
22.6948,0.877,3.7639
22.6950,0.8969,3.8476
22.6952,0.9284,3.9754
22.6954,0.993,4.2581
22.6956,0.9613,4.1219
22.6958,0.988,4.2346
22.6960,0.9985,4.2838
22.6962,0.915,3.9271
22.6964,0.9041,3.8821
22.6966,0.9042,3.8771
22.6968,0.9063,3.8864
22.6970,0.926,3.9707
22.6972,0.9381,4.0283
22.6974,0.9385,4.0317
22.6976,0.8996,3.8594
22.6978,0.9496,4.0682
22.6980,1.0421,4.4642
22.6982,1.0464,4.4827
22.6984,1.0194,4.3672
22.6986,1.0246,4.3892
22.6988,1.0458,4.4864
22.6990,0.9976,4.2797
22.6992,0.908,3.8991
22.6994,0.8575,3.6874
22.6996,0.7849,3.375
22.6998,0.7995,3.4363
22.7000,0.8042,3.4644
22.7002,0.7044,3.0319
22.7004,0.7515,3.2317
22.7006,0.7755,3.3379
22.7008,0.8096,3.4828
22.7010,0.7446,3.2047
22.7012,0.7298,3.1383
22.7014,0.812,3.4915
22.7016,0.8119,3.4926
22.7018,0.7221,3.1077
22.7020,0.7023,3.0226
22.7022,0.6981,3.0073
22.7024,0.7079,3.0468
22.7026,0.7113,3.0598
22.7028,0.7429,3.1945
22.7030,0.7199,3.1013
22.7032,0.6059,2.6137
22.7034,0.5911,2.5489
22.7036,0.5964,2.5717
22.7038,0.597,2.5754
22.7040,0.7326,3.1487
22.7042,0.7911,3.4002
22.7044,0.7747,3.3312
22.7046,0.7352,3.166
22.7048,0.7279,3.1316
22.7050,0.7578,3.257
22.7052,0.7627,3.2827
22.7054,0.7518,3.2417
22.7056,0.6316,2.7249
22.7058,0.5729,2.4692
22.7060,0.6125,2.6397
22.7062,0.6234,2.6867
22.7064,0.6204,2.6751
22.7066,0.6271,2.7028
22.7068,0.621,2.6752
22.7070,0.6464,2.7847
22.7072,0.6436,2.7741
22.7074,0.639,2.7552
22.7076,0.6292,2.7108
22.7078,0.6336,2.7294
22.7080,0.6954,2.9918
22.7082,0.7316,3.1475
22.7084,0.6513,2.8098
22.7086,0.6121,2.6382
22.7088,0.6658,2.871
22.7090,0.5747,2.4781
22.7092,0.5409,2.3334
22.7094,0.5645,2.4364
22.7096,0.5025,2.1678
22.7098,0.5122,2.2097
22.7100,0.5531,2.3861
22.7102,0.553,2.3834
22.7104,0.5915,2.5457
22.7106,0.6692,2.8842
22.7108,0.6342,2.7358
22.7110,0.4994,2.1554
22.7112,0.4793,2.0684
22.7114,0.4886,2.1098
22.7116,0.4755,2.0524
22.7118,0.4695,2.0284
22.7120,0.4695,2.0284
22.7122,0.4851,2.0928
22.7124,0.5291,2.2806
22.7126,0.62,2.6673
22.7128,0.6621,2.8537
22.7130,0.6462,2.7811
22.7132,0.6699,2.8819
22.7134,0.6746,2.902
22.7136,0.738,3.1719
22.7138,0.7264,3.1248
22.7140,0.6966,2.9927
22.7142,0.8115,3.4813
22.7144,0.9107,3.9122
22.7146,0.8074,3.4687
22.7148,0.7343,3.1604
22.7150,0.655,2.8206
22.7152,0.6982,3.0064
22.7154,0.7442,3.1987
22.7156,0.8093,3.4786
22.7158,0.8049,3.4611
22.7160,0.8277,3.5524
22.7162,0.9209,3.9505
22.7164,0.8577,3.6845
22.7166,0.7786,3.3529
22.7168,0.6878,2.9615
22.7170,0.7012,3.0193
22.7172,0.6626,2.8544
22.7174,0.629,2.711
22.7176,0.6151,2.6511
22.7178,0.589,2.5396
22.7180,0.6098,2.6296
22.7182,0.596,2.5689
22.7184,0.6326,2.7202
22.7186,0.7047,3.0371
22.7188,0.6626,2.8531
22.7190,0.6836,2.9407
22.7192,0.7001,3.0175
22.7194,0.6083,2.6204
22.7196,0.581,2.5055
22.7198,0.5051,2.1822
22.7200,0.4893,2.1119
22.7202,0.4917,2.1213
22.7204,0.4878,2.1042
22.7206,0.4926,2.1249
22.7208,0.5319,2.2967
22.7210,0.4897,2.1115
22.7212,0.4888,2.1089
22.7214,0.4963,2.1399
22.7216,0.4987,2.1513
22.7218,0.4975,2.1471
22.7220,0.4978,2.1497
22.7222,0.5087,2.1937
22.7224,0.5117,2.2066
22.7226,0.5055,2.1798
22.7228,0.5532,2.3844
22.7230,0.5827,2.5069
22.7232,0.6722,2.8917
22.7234,0.6957,2.99
22.7236,0.7107,3.0601
22.7238,0.681,2.9285
22.7240,0.758,3.2595
22.7242,0.7692,3.3013
22.7244,0.8435,3.6204
22.7246,0.8316,3.5678
22.7248,0.8858,3.802
22.7250,0.84,3.6088
22.7252,0.8265,3.5489
22.7254,0.8849,3.7961
22.7256,0.895,3.8411
22.7258,0.8966,3.8483
22.7260,0.9009,3.8633
22.7262,0.885,3.802
22.7264,0.7333,3.1533
22.7266,0.7284,3.1322
22.7268,0.7307,3.1449
22.7270,0.7171,3.0851
22.7272,0.7617,3.2785
22.7274,0.7482,3.2142
22.7276,0.7922,3.4017
22.7278,0.8071,3.4704
22.7280,0.7887,3.3883
22.7282,0.8161,3.5074
22.7284,0.8006,3.4377
22.7286,0.8445,3.6329
22.7288,0.7518,3.2342
22.7290,0.742,3.1889
22.7292,0.7424,3.194
22.7294,0.6827,2.9344
22.7296,0.8002,3.4378
22.7298,0.8362,3.594
22.7300,0.8243,3.5397
22.7302,0.8342,3.5852
22.7304,0.7542,3.24
22.7306,0.7968,3.4276
22.7308,0.7795,3.3549
22.7310,0.7393,3.1746
22.7312,0.8145,3.5023
22.7314,0.7368,3.1697
22.7316,0.703,3.0285
22.7318,0.6789,2.9206
22.7320,0.7303,3.1419
22.7322,0.7458,3.2099
22.7324,0.7405,3.1842
22.7326,0.759,3.2606
22.7328,0.7697,3.308
22.7330,0.7414,3.1923
22.7332,0.7192,3.0968
22.7334,0.7679,3.2956
22.7336,0.8303,3.5721
22.7338,0.7285,3.1356
22.7340,0.7279,3.133
22.7342,0.7144,3.0718
22.7344,0.7086,3.0457
22.7346,0.7595,3.2657
22.7348,0.7788,3.3456
22.7350,0.8758,3.7588
22.7352,0.9084,3.9006
22.7354,0.7834,3.3735
22.7356,0.6339,2.7348
22.7358,0.576,2.4826
22.7360,0.5936,2.561
22.7362,0.5617,2.4234
22.7364,0.5704,2.4583
22.7366,0.6283,2.7079
22.7368,0.6416,2.7666
22.7370,0.5836,2.5117
22.7372,0.6585,2.8342
22.7374,0.576,2.4826
22.7376,0.5534,2.386
22.7378,0.5586,2.4099
22.7380,0.5653,2.4378
22.7382,0.596,2.5677
22.7384,0.6493,2.7971
22.7386,0.6653,2.865
22.7388,0.6337,2.7324
22.7390,0.502,2.1658
22.7392,0.5309,2.2894
22.7394,0.5283,2.279
22.7396,0.5247,2.2656
22.7398,0.5241,2.2609
22.7400,0.5294,2.2837
22.7402,0.5261,2.2687
22.7404,0.5237,2.2594
22.7406,0.5213,2.2501
22.7408,0.5235,2.2573
22.7410,0.5303,2.2857
22.7412,0.5287,2.2795
22.7414,0.5283,2.2769
22.7416,0.5858,2.5238
22.7418,0.6328,2.7263
22.7420,0.584,2.5172
22.7422,0.5506,2.3753
22.7424,0.5432,2.3421
22.7426,0.5399,2.3292
22.7428,0.5685,2.4489
22.7430,0.6163,2.655
22.7432,0.5916,2.551
22.7434,0.5392,2.324
22.7436,0.5318,2.294
22.7438,0.5309,2.2904
22.7440,0.5396,2.3255
22.7442,0.5337,2.2991
22.7444,0.5393,2.3245
22.7446,0.5351,2.3075
22.7448,0.6265,2.6927
22.7450,0.749,3.2268
22.7452,0.5727,2.4693
22.7454,0.5304,2.2873
22.7456,0.5258,2.2682
22.7458,0.5235,2.2552
22.7460,0.5766,2.4852
22.7462,0.5376,2.3172
22.7464,0.5242,2.2615
22.7466,0.523,2.2563
22.7468,0.523,2.2552
22.7470,0.5344,2.3022
22.7472,0.5694,2.4519
22.7474,0.6303,2.7104
22.7476,0.6687,2.8794
22.7478,0.6454,2.7767
22.7480,0.6628,2.8528
22.7482,0.7041,3.0289
22.7484,0.6792,2.9248
22.7486,0.608,2.6194
22.7488,0.5475,2.3607
22.7490,0.531,2.2878
22.7492,0.5332,2.2971
22.7494,0.5306,2.2857
22.7496,0.5713,2.4602
22.7498,0.6204,2.6738
22.7500,0.5971,2.5664
22.7502,0.6731,2.8958
22.7504,0.6574,2.8309
22.7506,0.5794,2.4959
22.7508,0.5861,2.5225
22.7510,0.6297,2.7091
22.7512,0.6079,2.6189
22.7514,0.5429,2.3422
22.7516,0.4927,2.1235
22.7518,0.6103,2.6243
22.7520,0.6621,2.851
22.7522,0.5974,2.5686
22.7524,0.6729,2.8975
22.7526,0.6192,2.6625
22.7528,0.6441,2.7723
22.7530,0.6348,2.7308
22.7532,0.6917,2.9744
22.7534,0.6719,2.8907
22.7536,0.6578,2.8272
22.7538,0.7086,3.0485
22.7540,0.6888,2.9634
22.7542,0.6727,2.8911
22.7544,0.7235,3.1081
22.7546,0.7255,3.1198
22.7548,0.7249,3.1172
22.7550,0.7868,3.3817
22.7552,0.6837,2.9439
22.7554,0.5592,2.4103
22.7556,0.5608,2.4181
22.7558,0.5653,2.4344
22.7560,0.6077,2.6142
22.7562,0.6209,2.6746
22.7564,0.6081,2.6199
22.7566,0.5712,2.4619
22.7568,0.5544,2.3885
22.7570,0.6069,2.6123
22.7572,0.6816,2.927
22.7574,0.7814,3.3522
22.7576,0.7986,3.4306
22.7578,0.799,3.431
22.7580,0.7971,3.4212
22.7582,0.7964,3.4213
22.7584,0.8406,3.608
22.7586,0.879,3.7639
22.7588,0.9768,4.1829
22.7590,1.0436,4.4626
22.7592,1.0489,4.4851
22.7594,1.0679,4.5661
22.7596,1.0705,4.5903
22.7598,0.9679,4.156
22.7600,0.861,3.6921
22.7602,0.9285,3.9797
22.7604,0.887,3.8089
22.7606,0.8525,3.6573
22.7608,0.9212,3.9502
22.7610,0.9119,3.9155
22.7612,0.896,3.8458
22.7614,0.8602,3.6936
22.7616,0.8454,3.6286
22.7618,0.8387,3.6031
22.7620,0.8755,3.7525
22.7622,0.9072,3.89
22.7624,0.9157,3.9283
22.7626,0.9741,4.1808
22.7628,0.9682,4.1536
22.7630,0.8815,3.787
22.7632,0.8174,3.5131
22.7634,0.8271,3.5565
22.7636,0.7466,3.212
22.7638,0.7044,3.029
22.7640,0.7608,3.2759
22.7642,0.718,3.0902
22.7644,0.7017,3.0186
22.7646,0.6953,2.9912
22.7648,0.778,3.3425
22.7650,0.8942,3.8345
22.7652,0.9256,3.9784
22.7654,0.779,3.3513
22.7656,0.742,3.1934
22.7658,0.7573,3.2564
22.7660,0.8047,3.4633
22.7662,0.7133,3.07
22.7664,0.6656,2.8686
22.7666,0.6665,2.8675
22.7668,0.7319,3.1471
22.7670,0.7228,3.1094
22.7672,0.686,2.9551
22.7674,0.6834,2.9415
22.7676,0.7748,3.3286
22.7678,0.8394,3.6062
22.7680,0.7652,3.2889
22.7682,0.7852,3.375
22.7684,0.7688,3.3059
22.7686,0.7676,3.2977
22.7688,0.7824,3.3657
22.7690,0.7161,3.0876
22.7692,0.6073,2.6163
22.7694,0.5976,2.5768
22.7696,0.5959,2.5684
22.7698,0.6029,2.596
22.7700,0.6567,2.8252
22.7702,0.6863,2.9526
22.7704,0.7749,3.3307
22.7706,0.8171,3.5186
22.7708,0.7292,3.1343
22.7710,0.7962,3.4219
22.7712,0.7836,3.3693
22.7714,0.7952,3.413
22.7716,0.9018,3.8669
22.7718,0.9584,4.1095
22.7720,0.9782,4.1963
22.7722,0.903,3.8847
22.7724,0.7964,3.4261
22.7726,0.7274,3.1309
22.7728,0.7165,3.0811
22.7730,0.7706,3.3136
22.7732,0.7713,3.3137
22.7734,0.8079,3.474
22.7736,0.812,3.4915
22.7738,0.7909,3.3992
22.7740,0.7752,3.3348
22.7742,0.7247,3.122
22.7744,0.6807,2.931
22.7746,0.6502,2.8025
22.7748,0.6259,2.6901
22.7750,0.7575,3.259
22.7752,0.7868,3.3848
22.7754,0.7782,3.3461
22.7756,0.7417,3.1968
22.7758,0.6204,2.6738
22.7760,0.6628,2.8568
22.7762,0.6182,2.6695
22.7764,0.5054,2.1802
22.7766,0.4881,2.1077
22.7768,0.4977,2.1481
22.7770,0.4938,2.1311
22.7772,0.483,2.0864
22.7774,0.473,2.0425
22.7776,0.4683,2.0223
22.7778,0.4683,2.0223
22.7780,0.4749,2.0517
22.7782,0.4704,2.0311
22.7784,0.4687,2.0229
22.7786,0.4908,2.1171
22.7788,0.4783,2.0653
22.7790,0.4858,2.095
22.7792,0.5983,2.5775
22.7794,0.5845,2.5205
22.7796,0.5483,2.3643
22.7798,0.5482,2.3649
22.7800,0.5523,2.3825
22.7802,0.551,2.3735
22.7804,0.5483,2.3632
22.7806,0.5857,2.5233
22.7808,0.628,2.7069
22.7810,0.6687,2.8794
22.7812,0.6733,2.895
22.7814,0.6523,2.8074
22.7816,0.6458,2.7821
22.7818,0.6396,2.7552
22.7820,0.5812,2.506
22.7822,0.5742,2.476
22.7824,0.5693,2.4537
22.7826,0.5662,2.4414
22.7828,0.567,2.445
22.7830,0.5715,2.4618
22.7832,0.5633,2.429
22.7834,0.5577,2.4047
22.7836,0.5852,2.5212
22.7838,0.5951,2.5636
22.7840,0.5852,2.5224
22.7842,0.5894,2.5405
22.7844,0.5951,2.5648
22.7846,0.5905,2.5404
22.7848,0.6242,2.6891
22.7850,0.5989,2.5789
22.7852,0.6444,2.772
22.7854,0.6737,2.8971
22.7856,0.7398,3.1826
22.7858,0.7069,3.0441
22.7860,0.67,2.8837
22.7862,0.6837,2.9453
22.7864,0.6143,2.6462
22.7866,0.585,2.5202
22.7868,0.5856,2.5263
22.7870,0.4992,2.1553
22.7872,0.4734,2.044
22.7874,0.4655,2.008
22.7876,0.4668,2.0156
22.7878,0.4695,2.0275
22.7880,0.4683,2.0204
22.7882,0.4695,2.0228
22.7884,0.5049,2.1772
22.7886,0.5149,2.2201
22.7888,0.5599,2.4111
22.7890,0.6169,2.6576
22.7892,0.6079,2.6164
22.7894,0.6248,2.6904
22.7896,0.6174,2.6609
22.7898,0.612,2.6352
22.7900,0.5814,2.5047
22.7902,0.5745,2.4724
22.7904,0.6692,2.8748
22.7906,0.7515,3.2287
22.7908,0.7788,3.3456
22.7910,0.7924,3.4043
22.7912,0.8125,3.492
22.7914,0.7782,3.3415
22.7916,0.7614,3.2739
22.7918,0.702,3.0159
22.7920,0.7796,3.3445
22.7922,0.898,3.8378
22.7924,1.0732,4.5914
22.7926,1.0652,4.5613
22.7928,1.0759,4.6069
22.7930,1.0565,4.5301
22.7932,0.9499,4.073
22.7934,0.8741,3.7481
22.7936,0.9298,3.9928
22.7938,0.892,3.8283
22.7940,0.9103,3.8979
22.7942,0.9621,4.1274
22.7944,0.9433,4.0448
22.7946,0.9963,4.264
22.7948,1.0343,4.4309
22.7950,1.0025,4.2967
22.7952,0.976,4.1832
22.7954,0.9307,3.9945
22.7956,0.8573,3.6898
22.7958,0.7393,3.182
22.7960,0.727,3.126
22.7962,0.7731,3.3229
22.7964,0.7435,3.1986
22.7966,0.7685,3.3013
22.7968,0.809,3.4786
22.7970,0.7972,3.4281
22.7972,0.7764,3.3353
22.7974,0.7964,3.4197
22.7976,0.8587,3.6874
22.7978,0.8356,3.5897
22.7980,0.8032,3.4491
22.7982,0.8932,3.8316
22.7984,0.9195,3.9522
22.7986,0.8224,3.5347
22.7988,0.7599,3.2738
22.7990,0.6662,2.8699
22.7992,0.6754,2.9056
22.7994,0.7328,3.1527
22.7996,0.7466,3.2105
22.7998,0.7144,3.0761
22.8000,0.6616,2.8489
22.8002,0.6675,2.8742
22.8004,0.7,3.0156
22.8006,0.6855,2.9503
22.8008,0.6884,2.9627
22.8010,0.6944,2.9885
22.8012,0.6857,2.9541
22.8014,0.6918,2.9777
22.8016,0.7054,3.0332
22.8018,0.7527,3.2368
22.8020,0.7749,3.3338
22.8022,0.7746,3.3307
22.8024,0.7917,3.3996
22.8026,0.7571,3.2614
22.8028,0.7153,3.076
22.8030,0.7843,3.3693
22.8032,0.7318,3.1539
22.8034,0.5894,2.5428
22.8036,0.576,2.4826
22.8038,0.6103,2.6316
22.8040,0.5821,2.509
22.8042,0.5843,2.5194
22.8044,0.5693,2.4582
22.8046,0.5755,2.4748
22.8048,0.7171,3.0909
22.8050,0.6153,2.6546
22.8052,0.5571,2.4032
22.8054,0.5134,2.2129
22.8056,0.5375,2.3199
22.8058,0.511,2.2056
22.8060,0.5087,2.1937
22.8062,0.521,2.2454
22.8064,0.5241,2.262
22.8066,0.5077,2.1901
22.8068,0.5219,2.2516
22.8070,0.5127,2.2149
22.8072,0.5069,2.187
22.8074,0.5087,2.1937
22.8076,0.5102,2.2009
22.8078,0.5111,2.203
22.8080,0.614,2.6427
22.8082,0.6641,2.8598
22.8084,0.6275,2.7056
22.8086,0.5722,2.4672
22.8088,0.5828,2.5144
22.8090,0.5181,2.2361
22.8092,0.5104,2.202
22.8094,0.5098,2.1984
22.8096,0.5162,2.2247
22.8098,0.5742,2.4737
22.8100,0.5966,2.5715
22.8102,0.5933,2.5558
22.8104,0.6072,2.6121
22.8106,0.6158,2.6579
22.8108,0.5181,2.2351
22.8110,0.512,2.2077
22.8112,0.5152,2.2216
22.8114,0.5151,2.2222
22.8116,0.5053,2.1787
22.8118,0.5188,2.2371
22.8120,0.5948,2.559
22.8122,0.6734,2.8995
22.8124,0.6211,2.6744
22.8126,0.6251,2.689
22.8128,0.6649,2.8616
22.8130,0.6719,2.892
22.8132,0.6468,2.7849
22.8134,0.6506,2.8001
22.8136,0.6766,2.9108
22.8138,0.7018,3.0191
22.8140,0.6994,3.006
22.8142,0.7408,3.1867
22.8144,0.7338,3.1568
22.8146,0.7065,3.0364
22.8148,0.7258,3.1208
22.8150,0.7478,3.2157
22.8152,0.7697,3.3064
22.8154,0.8237,3.5371
22.8156,0.8514,3.6594
22.8158,0.8309,3.5713
22.8160,0.768,3.3008
22.8162,0.7927,3.4022
22.8164,0.8344,3.5829
22.8166,0.8099,3.4811
22.8168,0.789,3.3988
22.8170,0.6212,2.6787
22.8172,0.5724,2.466
22.8174,0.5862,2.5277
22.8176,0.52,2.2444
22.8178,0.4599,1.9833
22.8180,0.4711,2.0323
22.8182,0.5173,2.2294
22.8184,0.5667,2.4434
22.8186,0.5677,2.4458
22.8188,0.5683,2.4495
22.8190,0.5639,2.4315
22.8192,0.5644,2.4314
22.8194,0.5568,2.3988
22.8196,0.5667,2.4423
22.8198,0.6061,2.6063
22.8200,0.7225,3.1083
22.8202,0.6826,2.9379
22.8204,0.6867,2.9555
22.8206,0.6457,2.7829
22.8208,0.5548,2.3911
22.8210,0.5601,2.4128
22.8212,0.5842,2.5154
22.8214,0.6469,2.7841
22.8216,0.6325,2.7247
22.8218,0.5745,2.4805
22.8220,0.4924,2.1244
22.8222,0.4846,2.0879
22.8224,0.5435,2.3426
22.8226,0.5298,2.2847
22.8228,0.5585,2.4038
22.8230,0.6038,2.6001
22.8232,0.5771,2.4861
22.8234,0.5801,2.5002
22.8236,0.6627,2.8509
22.8238,0.687,2.9543
22.8240,0.689,2.9598
22.8242,0.7017,3.0144
22.8244,0.7446,3.1988
22.8246,0.7595,3.2581
22.8248,0.8031,3.4469
22.8250,0.802,3.4455
22.8252,0.8033,3.4528
22.8254,0.8117,3.4807
22.8256,0.8963,3.8432
22.8258,0.9252,3.9634
22.8260,0.9161,3.9299
22.8262,0.8354,3.5804
22.8264,0.9087,3.8985
22.8266,0.9312,3.9928
22.8268,0.8988,3.863
22.8270,0.7597,3.2682
22.8272,0.73,3.1403
22.8274,0.7259,3.1213
22.8276,0.7099,3.0513
22.8278,0.7022,3.0178
22.8280,0.7739,3.3245
22.8282,0.831,3.5702
22.8284,0.7755,3.3332
22.8286,0.7819,3.359
22.8288,0.8876,3.8097
22.8290,0.9065,3.8924
22.8292,0.7731,3.3245
22.8294,0.7923,3.407
22.8296,0.8123,3.4882
22.8298,0.8008,3.4404
22.8300,0.8221,3.5332
22.8302,0.8475,3.6407
22.8304,0.8607,3.6888
22.8306,0.92,3.9469
22.8308,0.8941,3.834
22.8310,0.8719,3.7476
22.8312,0.7599,3.2723
22.8314,0.6918,2.9791
22.8316,0.6677,2.8739
22.8318,0.7117,3.0619
22.8320,0.7936,3.4047
22.8322,0.8876,3.808
22.8324,0.8589,3.6862
22.8326,0.8502,3.6509
22.8328,0.8713,3.7432
22.8330,0.8553,3.6708
22.8332,0.8689,3.7295
22.8334,0.8711,3.7405
22.8336,0.8814,3.783
22.8338,0.9393,4.024
22.8340,0.9506,4.0818
22.8342,0.9109,3.915
22.8344,0.8539,3.6668
22.8346,0.9316,3.9949
22.8348,0.9854,4.2272
22.8350,0.8808,3.7892
22.8352,0.7892,3.3936
22.8354,0.7539,3.2465
22.8356,0.7115,3.0623
22.8358,0.7284,3.1351
22.8360,0.7566,3.2563
22.8362,0.6974,3.007
22.8364,0.6023,2.5958
22.8366,0.5988,2.5784
22.8368,0.6253,2.6938
22.8370,0.6081,2.6211
22.8372,0.582,2.5108
22.8374,0.5227,2.2568
22.8376,0.5165,2.2294
22.8378,0.5199,2.2397
22.8380,0.6885,2.9605
22.8382,0.8091,3.4808
22.8384,0.7125,3.0707
22.8386,0.5831,2.5131
22.8388,0.5543,2.3913
22.8390,0.5554,2.3959
22.8392,0.5549,2.3917
22.8394,0.5519,2.3809
22.8396,0.5512,2.3778
22.8398,0.5531,2.3839
22.8400,0.5444,2.3484
22.8402,0.5508,2.3763
22.8404,0.5653,2.4366
22.8406,0.5692,2.4532
22.8408,0.5587,2.4138
22.8410,0.5036,2.1725
22.8412,0.5429,2.3378
22.8414,0.5851,2.5242
22.8416,0.5247,2.2667
22.8418,0.47,2.0286
22.8420,0.451,1.9481
22.8422,0.4429,1.9125
22.8424,0.4452,1.9233
22.8426,0.4488,1.9397
22.8428,0.4522,1.9533
22.8430,0.4512,1.9473
22.8432,0.4617,1.9947
22.8434,0.4593,1.9844
22.8436,0.458,1.9759
22.8438,0.4604,1.9872
22.8440,0.4619,1.9943
22.8442,0.4571,1.9718
22.8444,0.4816,2.0769
22.8446,0.552,2.3815
22.8448,0.5495,2.3717
22.8450,0.4593,1.9816
22.8452,0.4429,1.9116
22.8454,0.4819,2.0789
22.8456,0.4775,2.0607
22.8458,0.4558,1.967
22.8460,0.458,1.9759
22.8462,0.4947,2.1303
22.8464,0.5677,2.4492
22.8466,0.4863,2.099
22.8468,0.4721,2.0355
22.8470,0.4595,1.9821
22.8472,0.5408,2.3285
22.8474,0.5837,2.5122
22.8476,0.5874,2.5317
22.8478,0.5671,2.4432
22.8480,0.5555,2.3942
22.8482,0.5454,2.3541
22.8484,0.4724,2.0399
22.8486,0.4475,1.9295
22.8488,0.4966,2.1425
22.8490,0.4987,2.1473
22.8492,0.5742,2.4726
22.8494,0.5644,2.4336
22.8496,0.5081,2.1911
22.8498,0.5295,2.2821
22.8500,0.5415,2.3359
22.8502,0.4992,2.1504
22.8504,0.5699,2.4563
22.8506,0.5468,2.3554
22.8508,0.6006,2.5789
22.8510,0.7303,3.1375
22.8512,0.6675,2.8742
22.8514,0.5952,2.5653
22.8516,0.5699,2.4563
22.8518,0.5803,2.4966
22.8520,0.65,2.7976
22.8522,0.6712,2.8876
22.8524,0.6789,2.9192
22.8526,0.6863,2.9526
22.8528,0.6994,3.006
22.8530,0.7349,3.1556
22.8532,0.7346,3.1575
22.8534,0.7619,3.2699
22.8536,0.777,3.3394
22.8538,0.7802,3.3533
22.8540,0.7777,3.3363
22.8542,0.7801,3.3513
22.8544,0.8146,3.4996
22.8546,0.824,3.5365
22.8548,0.8753,3.7532
22.8550,0.8652,3.7118
22.8552,0.838,3.595
22.8554,0.9073,3.8869
22.8556,0.8789,3.7687
22.8558,0.8731,3.751
22.8560,0.7417,3.1909
22.8562,0.7117,3.0619
22.8564,0.7273,3.129
22.8566,0.696,2.993
22.8568,0.7466,3.2075
22.8570,0.785,3.3724
22.8572,0.7914,3.3965
22.8574,0.7941,3.4099
22.8576,0.7758,3.3358
22.8578,0.8223,3.5276
22.8580,0.9595,4.1084
22.8582,1.0429,4.4637
22.8584,1.0324,4.4206
22.8586,1.0272,4.3944
22.8588,1.0349,4.4293
22.8590,1.0471,4.4837
22.8592,0.9779,4.2051
22.8594,0.8391,3.6013
22.8596,0.8928,3.8301
22.8598,0.8707,3.7389
22.8600,0.8405,3.6092
22.8602,0.8965,3.846
22.8604,0.953,4.0845
22.8606,0.9683,4.1483
22.8608,0.9313,3.9952
22.8610,0.9213,3.9544
22.8612,0.9378,4.0267
22.8614,0.8163,3.5052
22.8616,0.8838,3.7915
22.8618,0.9727,4.1649
22.8620,1.0218,4.3754
22.8622,1.0608,4.5465
22.8624,1.045,4.4745
22.8626,1.0056,4.3181
22.8628,0.9237,3.9628
22.8630,0.958,4.108
22.8632,0.935,4.013
22.8634,0.9304,3.9916
22.8636,0.993,4.2581
22.8638,0.9711,4.1679
22.8640,0.9752,4.1835
22.8642,1.0234,4.3903
22.8644,0.9904,4.2488
22.8646,0.931,3.9979
22.8648,0.8812,3.7855
22.8650,0.8748,3.7547
22.8652,0.8681,3.7311
22.8654,0.8591,3.6941
22.8656,0.8746,3.7537
22.8658,0.8661,3.7258
22.8660,0.7971,3.4276
22.8662,0.8219,3.5294
22.8664,0.8403,3.6048
22.8666,0.8707,3.7476
22.8668,0.7492,3.2273
22.8670,0.684,2.9428
22.8672,0.7144,3.0775
22.8674,0.7012,3.0207
22.8676,0.6838,2.9417
22.8678,0.7701,3.3085
22.8680,0.82,3.5261
22.8682,0.8097,3.485
22.8684,0.7644,3.2868
22.8686,0.758,3.2625
22.8688,0.7834,3.3751
22.8690,0.7466,3.209
22.8692,0.7935,3.4137
22.8694,0.8386,3.6043
22.8696,0.8862,3.8071
22.8698,0.8189,3.5263
22.8700,0.7439,3.2031
22.8702,0.7418,3.1899
22.8704,0.7608,3.2759
22.8706,0.7357,3.168
22.8708,0.739,3.1761
22.8710,0.808,3.4713
22.8712,0.881,3.7832
22.8714,0.8885,3.8134
22.8716,0.9036,3.8818
22.8718,0.8974,3.8586
22.8720,0.8324,3.5808
22.8722,0.7634,3.2858
22.8724,0.7464,3.211
22.8726,0.7917,3.4012
22.8728,0.8358,3.5891
22.8730,0.8547,3.6734
22.8732,0.9163,3.9364
22.8734,0.8703,3.7456
22.8736,0.75,3.231
22.8738,0.6933,2.9894
22.8740,0.6321,2.7219
22.8742,0.7233,3.1143
22.8744,0.7632,3.2832
22.8746,0.7492,3.2303
22.8748,0.6764,2.9165
22.8750,0.6617,2.8521
22.8752,0.6575,2.8327
22.8754,0.7038,3.0335
22.8756,0.6934,2.9844
22.8758,0.738,3.1719
22.8760,0.7972,3.4313
22.8762,0.7751,3.3327
22.8764,0.8402,3.6144
22.8766,0.7992,3.4379
22.8768,0.7354,3.1709
22.8770,0.6472,2.7935
22.8772,0.5631,2.4291
22.8774,0.5779,2.4932
22.8776,0.5745,2.4713
22.8778,0.7011,3.0174
22.8780,0.6821,2.9441
22.8782,0.561,2.418
22.8784,0.6633,2.8562
22.8786,0.6508,2.8038
22.8788,0.6379,2.7505
22.8790,0.6355,2.7402
22.8792,0.6331,2.7273
22.8794,0.636,2.7397
22.8796,0.6376,2.7482
22.8798,0.6355,2.7415
22.8800,0.6343,2.7338
22.8802,0.6364,2.7393
22.8804,0.7418,3.1899
22.8806,0.8006,3.4393
22.8808,0.8386,3.6026
22.8810,0.8242,3.5408
22.8812,0.8723,3.7491
22.8814,0.8657,3.7225
22.8816,0.8228,3.5429
22.8818,0.7435,3.2001
22.8820,0.7718,3.3157
22.8822,0.8418,3.6199
22.8824,0.8155,3.5065
22.8826,0.7948,3.4178
22.8828,0.789,3.3925
22.8830,0.7803,3.357
22.8832,0.7869,3.3853
22.8834,0.7887,3.3915
22.8836,0.802,3.4487
22.8838,0.8087,3.4792
22.8840,0.8019,3.4482
22.8842,0.8007,3.4399
22.8844,0.844,3.6224
22.8846,0.9332,4.0072
22.8848,0.9218,3.9583
22.8850,0.8693,3.7397
22.8852,0.8415,3.6184
22.8854,0.8541,3.6725
22.8856,0.8207,3.5275
22.8858,0.8067,3.4672
22.8860,0.8321,3.5781
22.8862,0.8134,3.4993
22.8864,0.814,3.4987
22.8866,0.836,3.5896
22.8868,0.8503,3.6582
22.8870,0.8434,3.6199
22.8872,0.889,3.8207
22.8874,0.7739,3.3245
22.8876,0.8488,3.6464
22.8878,0.8821,3.7931
22.8880,0.8322,3.577
22.8882,0.7686,3.3095
22.8884,0.6758,2.9153
22.8886,0.6748,2.9084
22.8888,0.6665,2.8701
22.8890,0.6603,2.8446
22.8892,0.7031,3.0262
22.8894,0.7858,3.3807
22.8896,0.8069,3.465
22.8898,0.892,3.8354
22.8900,0.9176,3.9311
22.8902,1.0261,4.4
22.8904,1.0313,4.418
22.8906,1.0204,4.3754
22.8908,0.9868,4.2353
22.8910,0.9868,4.2353
22.8912,0.9741,4.1808
22.8914,1.0175,4.3589
22.8916,1.0843,4.6472
22.8918,1.045,4.4724
22.8920,1.0772,4.6126
22.8922,1.1499,4.926
22.8924,1.1511,4.9312
22.8926,1.155,4.9504
22.8928,1.1157,4.7729
22.8930,1.1226,4.8094
22.8932,1.1214,4.8088
22.8934,1.0638,4.5615
22.8936,1.0159,4.3604
22.8938,1.0714,4.5879
22.8940,1.142,4.8921
22.8942,1.0888,4.6624
22.8944,1.0772,4.6061
22.8946,1.1977,5.131
22.8948,1.1402,4.8867
22.8950,1.0645,4.5795
22.8952,0.941,4.0406
22.8954,0.9542,4.1011
22.8956,0.9115,3.9213
22.8958,0.8533,3.6694
22.8960,0.9086,3.9016
22.8962,0.9725,4.178
22.8964,0.988,4.2425
22.8966,0.9906,4.2617
22.8968,0.8422,3.6231
22.8970,0.8917,3.8397
22.8972,0.8598,3.7007
22.8974,0.8203,3.5255
22.8976,0.8701,3.7294
22.8978,1.0551,4.5287
22.8980,1.0302,4.4299
22.8982,0.8707,3.7511
22.8984,0.742,3.1949
22.8986,0.7499,3.2274
22.8988,0.7652,3.3027
22.8990,0.6665,2.8754
22.8992,0.6704,2.892
22.8994,0.5892,2.5418
22.8996,0.6056,2.6151
22.8998,0.6152,2.6565
22.9000,0.6621,2.855
22.9002,0.6795,2.9327
22.9004,0.6215,2.6797
22.9006,0.6739,2.9057
22.9008,0.7233,3.1143
22.9010,0.7652,3.2935
22.9012,0.7754,3.3436
22.9014,0.6623,2.856
22.9016,0.6584,2.8403
22.9018,0.662,2.8545
22.9020,0.7195,3.0998
22.9022,0.7008,3.022
22.9024,0.6434,2.7756
22.9026,0.6442,2.7805
22.9028,0.6236,2.6903
22.9030,0.6519,2.8136
22.9032,0.6476,2.7937
22.9034,0.6223,2.6871
22.9036,0.5918,2.5532
22.9038,0.6242,2.6904
22.9040,0.6792,2.9235
22.9042,0.7995,3.4411
22.9044,0.7411,3.1972
22.9046,0.6699,2.8899
22.9048,0.6567,2.8343
22.9050,0.583,2.5149
22.9052,0.6038,2.6061
22.9054,0.5656,2.4456
22.9056,0.4637,2.0049
22.9058,0.4585,1.9817
22.9060,0.4656,2.0085
22.9062,0.5364,2.3174
22.9064,0.5278,2.2759
22.9066,0.6145,2.6546
22.9068,0.5292,2.2832
22.9070,0.5579,2.4113
22.9072,0.5096,2.2014
22.9074,0.5056,2.1833
22.9076,0.5192,2.2397
22.9078,0.5753,2.4818
22.9080,0.548,2.3661
22.9082,0.506,2.1859
22.9084,0.5081,2.1962
22.9086,0.5047,2.1792
22.9088,0.5055,2.1808
22.9090,0.5432,2.3421
22.9092,0.6332,2.7279
22.9094,0.6334,2.7314
22.9096,0.6067,2.6173
22.9098,0.5502,2.377
22.9100,0.5221,2.2563
22.9102,0.5074,2.1911
22.9104,0.5331,2.2976
22.9106,0.5897,2.5415
22.9108,0.6444,2.7785
22.9110,0.6111,2.6316
22.9112,0.6489,2.7942
22.9114,0.7274,3.1309
22.9116,0.788,3.39
22.9118,0.7176,3.0901
22.9120,0.7122,3.0668
22.9122,0.7343,3.1618
22.9124,0.7542,3.2415
22.9126,0.7555,3.2487
22.9128,0.7298,3.1427
22.9130,0.736,3.1705
22.9132,0.7412,3.1873
22.9134,0.7896,3.3935
22.9136,0.8019,3.4546
22.9138,0.7192,3.0982
22.9140,0.7024,3.0217
22.9142,0.7554,3.2482
22.9144,0.7929,3.408
22.9146,0.8333,3.58
22.9148,0.8507,3.6529
22.9150,0.8765,3.7654
22.9152,0.8297,3.5695
22.9154,0.7801,3.3528
22.9156,0.7758,3.3436
22.9158,0.6429,2.7723
22.9160,0.6251,2.6927
22.9162,0.7101,3.0533
22.9164,0.7381,3.1798
22.9166,0.7314,3.1524
22.9168,0.6664,2.8736
22.9170,0.649,2.7921
22.9172,0.724,3.116
22.9174,0.7139,3.0726
22.9176,0.7203,3.1014
22.9178,0.7261,3.1238
22.9180,0.8025,3.4524
22.9182,0.7557,3.2542
22.9184,0.6604,2.8438
22.9186,0.6507,2.8046
22.9188,0.6494,2.7989
22.9190,0.6721,2.8939
22.9192,0.7327,3.1507
22.9194,0.7938,3.4131
22.9196,0.836,3.5913
22.9198,0.8749,3.7587
22.9200,0.8098,3.4871
22.9202,0.7759,3.3394
22.9204,0.803,3.4561
22.9206,0.747,3.2121
22.9208,0.7343,3.1589
22.9210,0.7261,3.1296
22.9212,0.6484,2.7999
22.9214,0.6426,2.7681
22.9216,0.6319,2.7222
22.9218,0.6394,2.7573
22.9220,0.6376,2.7482
22.9222,0.6536,2.8144
22.9224,0.6868,2.956
22.9226,0.737,3.1708
22.9228,0.7593,3.2667
22.9230,0.7418,3.1958
22.9232,0.7621,3.2786
22.9234,0.8024,3.4535
22.9236,0.7247,3.1147
22.9238,0.7904,3.3971
22.9240,0.7759,3.3379
22.9242,0.7872,3.3864
22.9244,0.8423,3.6085
22.9246,1.0471,4.4879
22.9248,1.043,4.4704
22.9250,1.0173,4.364
22.9252,0.9709,4.165
22.9254,0.934,4.007
22.9256,0.9122,3.9171
22.9258,0.9103,3.9125
22.9260,0.8488,3.6464
22.9262,0.8758,3.7588
22.9264,0.955,4.1009
22.9266,0.9786,4.1964
22.9268,0.9738,4.1759
22.9270,0.952,4.0861
22.9272,0.967,4.1485
22.9274,0.9283,3.9861
22.9276,0.8839,3.8026
22.9278,0.8442,3.6285
22.9280,0.9836,4.2155
22.9282,1.0338,4.4309
22.9284,0.9976,4.2837
22.9286,0.9354,4.0164
22.9288,0.9567,4.1062
22.9290,0.9297,3.9922
22.9292,0.9692,4.1616
22.9294,1.0057,4.3146
22.9296,0.9873,4.2315
22.9298,1.0135,4.3501
22.9300,0.9724,4.1736
22.9302,1.0126,4.3399
22.9304,0.9681,4.1551
22.9306,0.9538,4.0957
22.9308,0.9965,4.279
22.9310,1.0414,4.4695
22.9312,0.945,4.0614
22.9314,0.9229,3.9629
22.9316,0.9644,4.143
22.9318,0.9276,3.9848
22.9320,0.9217,3.9559
22.9322,0.9426,4.0473
22.9324,0.9589,4.1289
22.9326,0.8459,3.6357
22.9328,0.8649,3.7172
22.9330,0.8837,3.7981
22.9332,0.9337,4.0092
22.9334,0.8997,3.8689
22.9336,0.8682,3.7351
22.9338,0.9388,4.0332
22.9340,1.0037,4.3039
22.9342,0.9996,4.2944
22.9344,0.8893,3.8258
22.9346,0.8821,3.7914
22.9348,0.9309,3.9974
22.9350,0.9868,4.2413
22.9352,0.8653,3.7209
22.9354,0.8936,3.8408
22.9356,0.948,4.0762
22.9358,0.8737,3.7623
22.9360,0.6906,2.9808
22.9362,0.6054,2.6116
22.9364,0.6839,2.9477
22.9366,0.7157,3.0818
22.9368,0.7585,3.2661
22.9370,0.7802,3.3596
22.9372,0.8452,3.6326
22.9374,0.9366,4.0178
22.9376,0.9822,4.2197
22.9378,0.87,3.7463
22.9380,0.7758,3.3389
22.9382,0.7568,3.2604
22.9384,0.7108,3.0621
22.9386,0.7378,3.1857
22.9388,0.6153,2.6583
22.9390,0.5936,2.5633
22.9392,0.6097,2.6303
22.9394,0.6563,2.8315
22.9396,0.6619,2.8553
22.9398,0.6628,2.8581
22.9400,0.6584,2.8416
22.9402,0.603,2.6013
22.9404,0.6342,2.7371
22.9406,0.5766,2.491
22.9408,0.5506,2.3775
22.9410,0.5391,2.3278
22.9412,0.5465,2.3609
22.9414,0.5543,2.3913
22.9416,0.5432,2.3464
22.9418,0.5397,2.3314
22.9420,0.5404,2.3324
22.9422,0.5863,2.5282
22.9424,0.6344,2.7356
22.9426,0.6158,2.6579
22.9428,0.5489,2.368
22.9430,0.5423,2.3417
22.9432,0.542,2.3402
22.9434,0.5405,2.3329
22.9436,0.5378,2.3221
22.9438,0.5346,2.3097
22.9440,0.542,2.3391
22.9442,0.5974,2.5734
22.9444,0.6263,2.7016
22.9446,0.5945,2.5646
22.9448,0.5723,2.4723
22.9450,0.5532,2.39
22.9452,0.5534,2.3872
22.9454,0.5529,2.3873
22.9456,0.5518,2.3826
22.9458,0.5493,2.3696
22.9460,0.549,2.3685
22.9462,0.5504,2.3753
22.9464,0.5487,2.3681
22.9466,0.5367,2.3163
22.9468,0.547,2.3597
22.9470,0.6361,2.7415
22.9472,0.6784,2.9212
22.9474,0.6912,2.9737
22.9476,0.7804,3.359
22.9478,0.6759,2.9158
22.9480,0.5541,2.3903
22.9482,0.5438,2.3458
22.9484,0.5492,2.3712
22.9486,0.5534,2.386
22.9488,0.5867,2.531
22.9490,0.559,2.4103
22.9492,0.5846,2.5198
22.9494,0.667,2.8762
22.9496,0.5926,2.5551
22.9498,0.5745,2.4782
22.9500,0.5123,2.2133
22.9502,0.4882,2.1053
22.9504,0.5625,2.4287
22.9506,0.5508,2.3752
22.9508,0.6043,2.6046
22.9510,0.5936,2.5586
22.9512,0.6269,2.7017
22.9514,0.6143,2.6462
22.9516,0.6209,2.6759
22.9518,0.6006,2.5886
22.9520,0.598,2.5772
22.9522,0.6457,2.7777
22.9524,0.793,3.4053
22.9526,0.8055,3.4637
22.9528,0.7584,3.2611
22.9530,0.747,3.2121
22.9532,0.7393,3.1835
22.9534,0.7229,3.1099
22.9536,0.742,3.1889
22.9538,0.8113,3.4819
22.9540,0.8171,3.5137
22.9542,0.7679,3.3033
22.9544,0.7646,3.2894
22.9546,0.7193,3.0944
22.9548,0.7062,3.0354
22.9550,0.7637,3.2898
22.9552,0.6297,2.7204
22.9554,0.505,2.1787
22.9556,0.5307,2.2905
22.9558,0.5703,2.4601
22.9560,0.6153,2.6497
22.9562,0.633,2.7268
22.9564,0.6524,2.8092
22.9566,0.6556,2.8231
22.9568,0.6686,2.8789
22.9570,0.658,2.8335
22.9572,0.6903,2.971
22.9574,0.7011,3.0146
22.9576,0.7488,3.2123
22.9578,0.8673,3.724
22.9580,0.7986,3.4338
22.9582,0.8048,3.4558
22.9584,0.8938,3.8342
22.9586,0.9343,4.0081
22.9588,0.924,3.9675
22.9590,0.9161,3.9299
22.9592,0.9091,3.9037
22.9594,0.8682,3.7246
22.9596,0.8855,3.8005
22.9598,0.884,3.7996
22.9600,0.8469,3.6415
22.9602,0.8123,3.4914
22.9604,0.8259,3.548
22.9606,0.8505,3.657
22.9608,0.8044,3.4574
22.9610,0.8555,3.6718
22.9612,0.9691,4.1534
22.9614,0.9735,4.1821
22.9616,0.8488,3.6498
22.9618,0.8719,3.7423
22.9620,0.93,3.9877
22.9622,0.8743,3.7596
22.9624,0.7682,3.3018
22.9626,0.7765,3.3358
22.9628,0.8356,3.5948
22.9630,0.7399,3.1876
22.9632,0.7223,3.1087
22.9634,0.7374,3.1738
22.9636,0.7149,3.0768
22.9638,0.7037,3.0302
22.9640,0.7153,3.0774
22.9642,0.7626,3.2791
22.9644,0.7517,3.2382
22.9646,0.6561,2.8278
22.9648,0.7056,3.037
22.9650,0.7197,3.0945
22.9652,0.7742,3.3276
22.9654,0.7988,3.4364
22.9656,0.8053,3.4594
22.9658,0.798,3.4328
22.9660,0.7224,3.1093
22.9662,0.7222,3.1126
22.9664,0.7183,3.0932
22.9666,0.7243,3.1175
22.9668,0.7146,3.0772
22.9670,0.705,3.0344
22.9672,0.7296,3.1388
22.9674,0.774,3.3281
22.9676,0.7753,3.3353
22.9678,0.75,3.2265
22.9680,0.75,3.2295
22.9682,0.7132,3.0724
22.9684,0.7019,3.0224
22.9686,0.6928,2.9804
22.9688,0.7098,3.0508
22.9690,0.8049,3.4611
22.9692,0.8346,3.5923
22.9694,0.7679,3.3033
22.9696,0.793,3.4069
22.9698,0.8458,3.6352
22.9700,0.8201,3.5299
22.9702,0.7573,3.261
22.9704,0.6635,2.8585
22.9706,0.6337,2.7274
22.9708,0.7597,3.2728
22.9710,0.7623,3.2781
22.9712,0.8015,3.4419
22.9714,0.8551,3.6754
22.9716,0.8378,3.6024
22.9718,0.8068,3.4693
22.9720,0.8194,3.5153
22.9722,0.8836,3.794
22.9724,0.8784,3.7719
22.9726,0.9103,3.9107
22.9728,0.8456,3.6325
22.9730,0.836,3.5963
22.9732,0.8192,3.5257
22.9734,0.7478,3.2217
22.9736,0.6506,2.8028
22.9738,0.6794,2.924
22.9740,0.7285,3.1341
22.9742,0.7193,3.1016
22.9744,0.7096,3.0569
22.9746,0.7384,3.1779
22.9748,0.7059,3.0437
22.9750,0.5571,2.4076
22.9752,0.4984,2.1532
22.9754,0.4904,2.1166
22.9756,0.4838,2.0871
22.9758,0.4844,2.0926
22.9760,0.4816,2.0807
22.9762,0.5014,2.1652
22.9764,0.4969,2.1455
22.9766,0.4709,2.036
22.9768,0.4589,1.9832
22.9770,0.4532,1.9571
22.9772,0.4605,1.9868
22.9774,0.5358,2.3138
22.9776,0.4988,2.1538
22.9778,0.5671,2.4432
22.9780,0.656,2.8299
22.9782,0.5831,2.5154
22.9784,0.5586,2.4099
22.9786,0.5561,2.3979
22.9788,0.5559,2.3958
22.9790,0.5561,2.3968
22.9792,0.5674,2.4465
22.9794,0.5916,2.5545
22.9796,0.5542,2.3908
22.9798,0.5494,2.369
22.9800,0.551,2.3746
22.9802,0.5839,2.5132
22.9804,0.6578,2.8324
22.9806,0.6777,2.9181
22.9808,0.6526,2.8076
22.9810,0.6501,2.802
22.9812,0.5639,2.4327
22.9814,0.5753,2.4795
22.9816,0.5916,2.5498
22.9818,0.5801,2.5002
22.9820,0.5947,2.5632
22.9822,0.585,2.5202
22.9824,0.5912,2.5471
22.9826,0.605,2.6089
22.9828,0.5947,2.5644
22.9830,0.589,2.5372
22.9832,0.6499,2.7957
22.9834,0.6434,2.7705
22.9836,0.6173,2.6604
22.9838,0.603,2.5989
22.9840,0.6519,2.8032
22.9842,0.7231,3.1124
22.9844,0.6772,2.9188
22.9846,0.5923,2.5541
22.9848,0.5789,2.4927
22.9850,0.5759,2.4821
22.9852,0.5778,2.4915
22.9854,0.5842,2.5178
22.9856,0.55,2.3716
22.9858,0.4915,2.1212
22.9860,0.4885,2.1083
22.9862,0.5031,2.1714
22.9864,0.493,2.127
22.9866,0.4885,2.1083
22.9868,0.4866,2.099
22.9870,0.5068,2.1844
22.9872,0.485,2.0913
22.9874,0.514,2.2144
22.9876,0.5644,2.4359
22.9878,0.5119,2.2061
22.9880,0.5698,2.4535
22.9882,0.606,2.6142
22.9884,0.5047,2.1782
22.9886,0.4909,2.1157
22.9888,0.5392,2.324
22.9890,0.5637,2.4283
22.9892,0.642,2.763
22.9894,0.6945,2.9821
22.9896,0.7482,3.2217
22.9898,0.6619,2.846
22.9900,0.6908,2.9716
22.9902,0.6345,2.7297
22.9904,0.6644,2.8568
22.9906,0.6893,2.9655
22.9908,0.7381,3.1636
22.9910,0.9037,3.8751
22.9912,0.8738,3.7471
22.9914,0.9103,3.9052
22.9916,0.8595,3.6854
22.9918,0.8737,3.7466
22.9920,0.9085,3.8957
22.9922,0.9097,3.9044
22.9924,0.8584,3.6825
22.9926,0.9197,3.949
22.9928,0.9307,3.9908
22.9930,0.928,3.9795
22.9932,0.8778,3.7693
22.9934,0.8591,3.6873
22.9936,0.8619,3.6974
22.9938,0.8621,3.7036
22.9940,0.8687,3.7319
22.9942,0.8152,3.5022
22.9944,0.7995,3.4347
22.9946,0.8482,3.6438
22.9948,0.8502,3.6492
22.9950,0.8602,3.6902
22.9952,0.8806,3.7811
22.9954,0.7733,3.3265
22.9956,0.7135,3.0725
22.9958,0.7364,3.1652
22.9960,0.7869,3.3838
22.9962,0.7664,3.2941
22.9964,0.8019,3.4498
22.9966,0.8019,3.4434
22.9968,0.8493,3.6485
22.9970,0.8156,3.4972
22.9972,0.9092,3.9024
22.9974,0.8671,3.7252
22.9976,0.8127,3.4979
22.9978,0.7435,3.1956
22.9980,0.7568,3.2543
22.9982,0.7368,3.1682
22.9984,0.735,3.1605
22.9986,0.7631,3.2857
22.9988,0.69,2.9699
22.9990,0.7327,3.1551
22.9992,0.7179,3.0897
22.9994,0.6778,2.9173
22.9996,0.6741,2.9026
22.9998,0.67,2.8837
23.0000,0.7239,3.1111
23.0002,0.7454,3.2069
23.0004,0.6962,2.9963
23.0006,0.7255,3.1241
23.0008,0.7122,3.0683
23.0010,0.6541,2.8112
23.0012,0.7557,3.2512
23.0014,0.7466,3.2135
23.0016,0.7083,3.0441
23.0018,0.7418,3.1869
23.0020,0.7411,3.1898
23.0022,0.6764,2.9192
23.0024,0.5384,2.3236
23.0026,0.4926,2.1259
23.0028,0.4909,2.1177
23.0030,0.5452,2.352
23.0032,0.5424,2.3379
23.0034,0.536,2.3111
23.0036,0.5357,2.309
23.0038,0.5645,2.4285
23.0040,0.6989,3.0123
23.0042,0.643,2.7741
23.0044,0.5556,2.397
23.0046,0.5233,2.2573
23.0048,0.5219,2.2516
23.0050,0.5297,2.2853
23.0052,0.5252,2.2635
23.0054,0.538,2.3209
23.0056,0.5406,2.3323
23.0058,0.5398,2.3287
23.0060,0.5478,2.3612
23.0062,0.5494,2.3679
23.0064,0.5408,2.3318
23.0066,0.5387,2.324
23.0068,0.5356,2.3095
23.0070,0.5378,2.3178
23.0072,0.5608,2.4181
23.0074,0.6109,2.6318
23.0076,0.5713,2.4636
23.0078,0.558,2.4029
23.0080,0.5926,2.5563
23.0082,0.5484,2.3616
23.0084,0.5693,2.456
23.0086,0.5358,2.3106
23.0088,0.5372,2.3163
23.0090,0.5408,2.3296
23.0092,0.5804,2.5041
23.0094,0.5652,2.4327
23.0096,0.6562,2.8257
23.0098,0.5986,2.5774
23.0100,0.5577,2.4058
23.0102,0.556,2.3963
23.0104,0.5438,2.3425
23.0106,0.6374,2.7421
23.0108,0.6794,2.9226
23.0110,0.6711,2.8897
23.0112,0.6499,2.7957
23.0114,0.6857,2.9486
23.0116,0.7011,3.0174
23.0118,0.6448,2.7754
23.0120,0.6607,2.8448
23.0122,0.664,2.8553
23.0124,0.7116,3.0628
23.0126,0.6501,2.7968
23.0128,0.6783,2.918
23.0130,0.7073,3.0442
23.0132,0.6276,2.7036
23.0134,0.6261,2.6936
23.0136,0.691,2.9713
23.0138,0.743,3.1936
23.0140,0.7531,3.2414
23.0142,0.7234,3.1134
23.0144,0.6772,2.9134
23.0146,0.7152,3.0754
23.0148,0.7421,3.1894
23.0150,0.7129,3.0685
23.0152,0.633,2.7268
23.0154,0.6039,2.6006
23.0156,0.6882,2.9581
23.0158,0.7327,3.1536
23.0160,0.6309,2.7193
23.0162,0.5806,2.5022
23.0164,0.5868,2.5279
23.0166,0.5866,2.5246
23.0168,0.6286,2.7082
23.0170,0.6149,2.6501
23.0172,0.6081,2.6211
23.0174,0.5845,2.517
23.0176,0.5856,2.5216
23.0178,0.5912,2.5494
23.0180,0.5366,2.3147
23.0182,0.5129,2.2108
23.0184,0.5298,2.2805
23.0186,0.6144,2.6455
23.0188,0.6525,2.8097
23.0190,0.646,2.7818
23.0192,0.6044,2.6051
23.0194,0.5243,2.263
23.0196,0.505,2.1767
23.0198,0.5132,2.2139
23.0200,0.4781,2.0614
23.0202,0.4761,2.054
23.0204,0.4742,2.0439
23.0206,0.5386,2.3214
23.0208,0.541,2.336
23.0210,0.4685,2.0209
23.0212,0.465,2.0059
23.0214,0.4499,1.9417
23.0216,0.4468,1.9273
23.0218,0.4546,1.9609
23.0220,0.4632,1.9972
23.0222,0.4906,2.1147
23.0224,0.4966,2.1415
23.0226,0.5787,2.4917
23.0228,0.6117,2.6317
23.0230,0.6462,2.7811
23.0232,0.6158,2.6505
23.0234,0.6667,2.8666
23.0236,0.7041,3.0247
23.0238,0.7379,3.1685
23.0240,0.7433,3.1946
23.0242,0.7224,3.1035
23.0244,0.7176,3.0886
23.0246,0.6285,2.7052
23.0248,0.7177,3.0805
23.0250,0.8149,3.4957
23.0252,0.8095,3.471
23.0254,0.8584,3.6859
23.0256,0.839,3.5975
23.0258,0.8842,3.7913
23.0260,0.9,3.8574
23.0262,0.8634,3.7058
23.0264,0.8445,3.6245
23.0266,0.859,3.6868
23.0268,0.8578,3.6747
23.0270,0.8824,3.7853
23.0272,0.8457,3.6296
23.0274,0.9049,3.8839
23.0276,0.8716,3.739
23.0278,0.8328,3.5729
23.0280,0.8735,3.7455
23.0282,0.8953,3.8391
23.0284,0.8892,3.8129
23.0286,0.9047,3.8846
23.0288,0.8827,3.7886
23.0290,0.8929,3.8306
23.0292,0.8663,3.7147
23.0294,0.9072,3.8846
23.0296,0.9219,3.9532
23.0298,0.917,3.9358
23.0300,0.8325,3.5764
23.0302,0.8458,3.6301
23.0304,0.7995,3.4379
23.0306,0.7705,3.3177
23.0308,0.7304,3.1395
23.0310,0.7706,3.309
23.0312,0.803,3.448
23.0314,0.8205,3.5298
23.0316,0.7398,3.1811
23.0318,0.7615,3.2729
23.0320,0.7861,3.3802
23.0322,0.8048,3.4574
23.0324,0.8574,3.6801
23.0326,0.8661,3.7154
23.0328,0.8689,3.7347
23.0330,0.824,3.5365
23.0332,0.8532,3.6638
23.0334,0.8422,3.6181
23.0336,0.8344,3.5879
23.0338,0.7818,3.3585
23.0340,0.8198,3.5201
23.0342,0.8023,3.453
23.0344,0.698,3.004
23.0346,0.717,3.0817
23.0348,0.7617,3.2801
23.0350,0.7161,3.0805
23.0352,0.7477,3.2182
23.0354,0.7113,3.0655
23.0356,0.6258,2.6983
23.0358,0.6007,2.5879
23.0360,0.6173,2.6579
23.0362,0.6303,2.7142
23.0364,0.6162,2.6557
23.0366,0.6402,2.7617
23.0368,0.5659,2.4437
23.0370,0.5264,2.2697
23.0372,0.5561,2.3935
23.0374,0.6878,2.9587
23.0376,0.7405,3.1887
23.0378,0.6006,2.5898
23.0380,0.5599,2.4156
23.0382,0.5742,2.476
23.0384,0.5831,2.5143
23.0386,0.5968,2.5744
23.0388,0.5662,2.4425
23.0390,0.5719,2.4662
23.0392,0.5717,2.4652
23.0394,0.5712,2.4619
23.0396,0.5077,2.1891
23.0398,0.5222,2.2527
23.0400,0.5511,2.3773
23.0402,0.4927,2.1264
23.0404,0.4528,1.9559
23.0406,0.4489,1.9384
23.0408,0.447,1.9283
23.0410,0.4599,1.9851
23.0412,0.4575,1.9757
23.0414,0.4493,1.9391
23.0416,0.4496,1.9397
23.0418,0.4472,1.933
23.0420,0.4517,1.9503
23.0422,0.4489,1.9384
23.0424,0.4494,1.9405
23.0426,0.447,1.9301
23.0428,0.4432,1.9127
23.0430,0.4496,1.9397
23.0432,0.4494,1.9378
23.0434,0.4615,1.9909
23.0436,0.5131,2.2123
23.0438,0.517,2.2294
23.0440,0.5069,2.187
23.0442,0.4605,1.9877
23.0444,0.4459,1.9255
23.0446,0.4426,1.9092
23.0448,0.4484,1.9337
23.0450,0.4476,1.9318
23.0452,0.4475,1.9304
23.0454,0.4475,1.9295
23.0456,0.444,1.9163
23.0458,0.4626,1.9965
23.0460,0.4691,2.0235
23.0462,0.4607,1.9873
23.0464,0.455,1.9621
23.0466,0.4854,2.0929
23.0468,0.5436,2.3409
23.0470,0.5755,2.4794
23.0472,0.5975,2.5739
23.0474,0.5743,2.4742
23.0476,0.5464,2.355
23.0478,0.5263,2.2703
23.0480,0.4563,1.9687
23.0482,0.4703,2.0259
23.0484,0.4978,2.1447
23.0486,0.5249,2.2646
23.0488,0.4932,2.1265
23.0490,0.5119,2.2051
23.0492,0.502,2.1628
23.0494,0.5193,2.2392
23.0496,0.5481,2.3556
23.0498,0.6657,2.8612
23.0500,0.6773,2.9139
23.0502,0.6409,2.7545
23.0504,0.7128,3.0637
23.0506,0.7083,3.0484
23.0508,0.6231,2.6807
23.0510,0.6163,2.6501
23.0512,0.6516,2.8017
23.0514,0.631,2.7173
23.0516,0.5941,2.5547
23.0518,0.674,2.9008
23.0520,0.6707,2.8855
23.0522,0.6746,2.8966
23.0524,0.7349,3.1571
23.0526,0.7942,3.412
23.0528,0.7766,3.3379
23.0530,0.7194,3.0877
23.0532,0.7525,3.2328
23.0534,0.6692,2.8775
23.0536,0.6622,2.8476
23.0538,0.7405,3.1857
23.0540,0.7511,3.2281
23.0542,0.6909,2.9735
23.0544,0.582,2.5073
23.0546,0.5713,2.4613
23.0548,0.62,2.6661
23.0550,0.639,2.7488
23.0552,0.5972,2.5729
23.0554,0.6038,2.6025
23.0556,0.5826,2.5052
23.0558,0.6888,2.9634
23.0560,0.6669,2.869
23.0562,0.608,2.6169
23.0564,0.6541,2.8099
23.0566,0.6771,2.9142
23.0568,0.647,2.7834
23.0570,0.6922,2.9723
23.0572,0.7791,3.3425
23.0574,0.8378,3.6007
23.0576,0.7209,3.0997
23.0578,0.7471,3.2036
23.0580,0.8695,3.7268
23.0582,0.9005,3.8576
23.0584,0.936,4.0171
23.0586,0.9059,3.888
23.0588,0.8717,3.7396
23.0590,0.8538,3.6663
23.0592,0.8458,3.6301
23.0594,0.8767,3.7612
23.0596,0.8248,3.5417
23.0598,0.7543,3.2435
23.0600,0.7754,3.3312
23.0602,0.7857,3.3723
23.0604,0.8397,3.6005
23.0606,0.8782,3.7708
23.0608,0.8033,3.4512
23.0610,0.8157,3.501
23.0612,0.8164,3.5057
23.0614,0.8233,3.5334
23.0616,0.8707,3.7354
23.0618,0.8495,3.6495
23.0620,0.8213,3.5284
23.0622,0.8155,3.5032
23.0624,0.8291,3.5586
23.0626,0.8111,3.483
23.0628,0.7902,3.3961
23.0630,0.7749,3.3307
23.0632,0.7717,3.3167
23.0634,0.7795,3.3518
23.0636,0.7908,3.3955
23.0638,0.8249,3.5422
23.0640,0.814,3.4954
23.0642,0.7908,3.3987
23.0644,0.7855,3.3776
23.0646,0.7397,3.1777
23.0648,0.818,3.514
23.0650,0.8242,3.5408
23.0652,0.8484,3.6381
23.0654,0.8846,3.8022
23.0656,0.7856,3.3781
23.0658,0.7768,3.3373
23.0660,0.7424,3.1895
23.0662,0.7629,3.2791
23.0664,0.7807,3.3554
23.0666,0.777,3.341
23.0668,0.735,3.159
23.0670,0.7486,3.2173
23.0672,0.758,3.2625
23.0674,0.689,2.9639
23.0676,0.6796,2.9223
23.0678,0.7529,3.2373
23.0680,0.718,3.0887
23.0682,0.7025,3.0236
23.0684,0.6898,2.9689
23.0686,0.6888,2.9661
23.0688,0.6801,2.9217
23.0690,0.7151,3.0778
23.0692,0.6659,2.8675
23.0694,0.6747,2.9039
23.0696,0.6978,3.0035
23.0698,0.6627,2.8576
23.0700,0.5948,2.5626
23.0702,0.6616,2.8437
23.0704,0.8147,3.4985
23.0706,0.8081,3.4718
23.0708,0.7438,3.1996
23.0710,0.6987,3.0043
23.0712,0.7469,3.2101
23.0714,0.7336,3.1558
23.0716,0.7428,3.194
23.0718,0.8027,3.4486
23.0720,0.8396,3.6051
23.0722,0.8068,3.4677
23.0724,0.8191,3.5187
23.0726,0.7958,3.4203
23.0728,0.7361,3.171
23.0730,0.6456,2.7836
23.0732,0.6297,2.7116
23.0734,0.6743,2.901
23.0736,0.7237,3.1135
23.0738,0.7548,3.2456
23.0740,0.7185,3.0937
23.0742,0.6438,2.7694
23.0744,0.6746,2.902
23.0746,0.6593,2.8444
23.0748,0.5698,2.458
23.0750,0.5697,2.4541
23.0752,0.633,2.7268
23.0754,0.6452,2.7782
23.0756,0.6412,2.7599
23.0758,0.6651,2.8653
23.0760,0.5965,2.5746
23.0762,0.5309,2.2926
23.0764,0.5356,2.3106
23.0766,0.5406,2.3302
23.0768,0.5412,2.3306
23.0770,0.609,2.6223
23.0772,0.6316,2.7224
23.0774,0.5544,2.3885
23.0776,0.5399,2.3292
23.0778,0.5397,2.3282
23.0780,0.5381,2.3215
23.0782,0.5271,2.2739
23.0784,0.5207,2.2465
23.0786,0.548,2.3628
23.0788,0.5462,2.3539
23.0790,0.5609,2.4186
23.0792,0.5327,2.2982
23.0794,0.5272,2.2754
23.0796,0.5265,2.2702
23.0798,0.5253,2.264
23.0800,0.5807,2.5028
23.0802,0.6553,2.8177
23.0804,0.6989,3.0067
23.0806,0.6507,2.802
23.0808,0.6563,2.8262
23.0810,0.6495,2.7981
23.0812,0.5687,2.4522
23.0814,0.5134,2.2129
23.0816,0.5444,2.3451
23.0818,0.5932,2.5541
23.0820,0.5651,2.4356
23.0822,0.5699,2.454
23.0824,0.6017,2.592
23.0826,0.5713,2.4602
23.0828,0.6065,2.6114
23.0830,0.6602,2.8401
23.0832,0.6934,2.9844
23.0834,0.6639,2.8548
23.0836,0.7011,3.0132
23.0838,0.7542,3.24
23.0840,0.7005,3.0162
23.0842,0.6031,2.5958
23.0844,0.5912,2.5506
23.0846,0.5194,2.2377
23.0848,0.6073,2.6126
23.0850,0.658,2.8321
23.0852,0.6641,2.8558
23.0854,0.6703,2.8861
23.0856,0.58,2.4997
23.0858,0.5784,2.4941
23.0860,0.4941,2.1326
23.0862,0.4779,2.0618
23.0864,0.4758,2.0525
23.0866,0.4842,2.0897
23.0868,0.4891,2.1089
23.0870,0.5794,2.4948
23.0872,0.5285,2.279
23.0874,0.4808,2.0732
23.0876,0.4964,2.1415
23.0878,0.4971,2.1446
23.0880,0.4905,2.1171
23.0882,0.4794,2.068
23.0884,0.4635,2.0016
23.0886,0.4267,1.8418
23.0888,0.4938,2.1251
23.0890,0.5873,2.5253
23.0892,0.6728,2.897
23.0894,0.612,2.6352
23.0896,0.6005,2.5832
23.0898,0.6253,2.6925
23.0900,0.6378,2.7449
23.0902,0.7031,3.0192
23.0904,0.7179,3.0853
23.0906,0.7018,3.0177
23.0908,0.7235,3.1125
23.0910,0.7273,3.1188
23.0912,0.8484,3.6398
23.0914,0.8604,3.6946
23.0916,0.847,3.6336
23.0918,0.8772,3.7597
23.0920,0.9167,3.9306
23.0922,0.9229,3.9555
23.0924,0.9168,3.9293
23.0926,0.8965,3.8425
23.0928,0.8997,3.8581
23.0930,0.9017,3.8664
23.0932,0.9356,4.0137
23.0934,0.8498,3.6488
23.0936,0.856,3.6705
23.0938,0.9369,4.0175
23.0940,0.8934,3.8345
23.0942,0.8613,3.6931
23.0944,0.9489,4.0689
23.0946,0.9274,3.9862
23.0948,0.812,3.4866
23.0950,0.7999,3.4378
23.0952,0.7462,3.21
23.0954,0.75,3.225
23.0956,0.7498,3.2209
23.0958,0.8116,3.4835
23.0960,0.8939,3.8347
23.0962,0.9037,3.8805
23.0964,0.8487,3.6459
23.0966,0.788,3.3868
23.0968,0.8015,3.4451
23.0970,0.8077,3.4697
23.0972,0.7789,3.3461
23.0974,0.8067,3.4688
23.0976,0.8079,3.4724
23.0978,0.7989,3.4353
23.0980,0.7683,3.3038
23.0982,0.7405,3.1857
23.0984,0.7211,3.0978
23.0986,0.7788,3.3425
23.0988,0.8417,3.616
23.0990,0.8411,3.6168
23.0992,0.7139,3.0741
23.0994,0.6045,2.6068
23.0996,0.6466,2.7818
23.0998,0.7163,3.0801
23.1000,0.681,2.9285
23.1002,0.7197,3.0916
23.1004,0.7988,3.4316
23.1006,0.8152,3.5054
23.1008,0.8,3.44
23.1010,0.7535,3.2384
23.1012,0.7161,3.0848
23.1014,0.6532,2.8154
23.1016,0.6017,2.592
23.1018,0.6243,2.6846
23.1020,0.6687,2.8821
23.1022,0.6296,2.7136
23.1024,0.6229,2.6847
23.1026,0.603,2.5977
23.1028,0.5972,2.5729
23.1030,0.6362,2.742
23.1032,0.6127,2.6395
23.1034,0.6733,2.8923
23.1036,0.7845,3.3766
23.1038,0.6265,2.6989
23.1040,0.5855,2.5258
23.1042,0.5888,2.5391
23.1044,0.5876,2.5316
23.1046,0.6069,2.6159
23.1048,0.6,2.586
23.1050,0.5514,2.3789
23.1052,0.5259,2.2677
23.1054,0.5249,2.2635
23.1056,0.5355,2.3101
23.1058,0.5436,2.3442
23.1060,0.5134,2.217
23.1062,0.4567,1.9702
23.1064,0.4568,1.9726
23.1066,0.4575,1.9729
23.1068,0.5276,2.2675
23.1070,0.676,2.9136
23.1072,0.552,2.3848
23.1074,0.4655,2.0089
23.1076,0.464,2.0009
23.1078,0.4638,2.0026
23.1080,0.4626,1.9965
23.1082,0.4569,1.9713
23.1084,0.4579,1.9772
23.1086,0.4506,1.9457
23.1088,0.4475,1.9322
23.1090,0.4711,2.0314
23.1092,0.5458,2.3546
23.1094,0.4777,2.0627
23.1096,0.4728,2.0377
23.1098,0.5141,2.218
23.1100,0.4773,2.0563
23.1102,0.5494,2.3657
23.1104,0.5632,2.4251
23.1106,0.6038,2.6013
23.1108,0.5604,2.4166
23.1110,0.5518,2.3782
23.1112,0.5553,2.3932
23.1114,0.5701,2.455
23.1116,0.5795,2.4964
23.1118,0.5689,2.4498
23.1120,0.6143,2.6426
23.1122,0.6822,2.9337
23.1124,0.6875,2.9563
23.1126,0.7156,3.0713
23.1128,0.7545,3.2491
23.1130,0.6476,2.7872
23.1132,0.6128,2.6351
23.1134,0.6519,2.8058
23.1136,0.6768,2.9132
23.1138,0.661,2.8398
23.1140,0.7075,3.0424
23.1142,0.6954,2.9959
23.1144,0.5796,2.4993
23.1146,0.5904,2.5423
23.1148,0.6,2.5872
23.1150,0.4854,2.0939
23.1152,0.4608,1.9888
23.1154,0.4649,2.0045
23.1156,0.4772,2.0577
23.1158,0.4719,2.0378
23.1160,0.5,2.154
23.1162,0.5394,2.3239
23.1164,0.5379,2.3183
23.1166,0.5855,2.5199
23.1168,0.5996,2.5796
23.1170,0.6053,2.6051
23.1172,0.6008,2.586
23.1174,0.6242,2.6866
23.1176,0.6062,2.6104
23.1178,0.6304,2.7122
23.1180,0.6807,2.9242
23.1182,0.7627,3.2735
23.1184,0.7655,3.2884
23.1186,0.6627,2.8523
23.1188,0.6165,2.6561
23.1190,0.6011,2.5858
23.1192,0.6282,2.7099
23.1194,0.5109,2.203
23.1196,0.5168,2.2284
23.1198,0.5117,2.2056
23.1200,0.5206,2.2449
23.1202,0.479,2.0645
23.1204,0.5205,2.2444
23.1206,0.4872,2.1016
23.1208,0.4728,2.0405
23.1210,0.4646,2.0053
23.1212,0.4687,2.021
23.1214,0.4737,2.0427
23.1216,0.487,2.0992
23.1218,0.5414,2.3289
23.1220,0.5962,2.5623
23.1222,0.6001,2.5853
23.1224,0.4996,2.1554
23.1226,0.5108,2.1994
23.1228,0.6097,2.6205
23.1230,0.6601,2.837
23.1232,0.6663,2.8678
23.1234,0.6469,2.7803
23.1236,0.7089,3.0467
23.1238,0.7231,3.1022
23.1240,0.8445,3.6194
23.1242,0.9282,3.9763
23.1244,0.9182,3.9373
23.1246,0.9125,3.9108
23.1248,0.9013,3.863
23.1250,0.9102,3.901
23.1252,0.9266,3.9714
23.1254,0.8974,3.846
23.1256,0.8839,3.7885
23.1258,0.9343,4.0081
23.1260,0.9063,3.8918
23.1262,0.7929,3.4095
23.1264,0.7561,3.2437
23.1266,0.8388,3.5969
23.1268,0.8597,3.6881
23.1270,0.8458,3.6335
23.1272,0.8609,3.695
23.1274,0.8535,3.6648
23.1276,0.8433,3.621
23.1278,0.8318,3.5716
23.1280,0.8273,3.5542
23.1282,0.8326,3.5719
23.1284,0.8179,3.5119
23.1286,0.77,3.3064
23.1288,0.7851,3.3745
23.1290,0.817,3.5034
23.1292,0.8969,3.8494
23.1294,0.8882,3.8123
23.1296,0.8903,3.8193
23.1298,0.894,3.8317
23.1300,0.9448,4.0514
23.1302,0.8856,3.801
23.1304,0.926,3.9689
23.1306,1.005,4.3095
23.1308,0.9451,4.0487
23.1310,0.9596,4.1128
23.1312,0.9692,4.1558
23.1314,0.9289,3.9886
23.1316,0.8982,3.8586
23.1318,0.8673,3.724
23.1320,0.8595,3.694
23.1322,0.8045,3.4596
23.1324,0.7864,3.3786
23.1326,0.8054,3.4567
23.1328,0.8149,3.5055
23.1330,0.7681,3.2997
23.1332,0.8384,3.6016
23.1334,0.8403,3.6098
23.1336,0.8474,3.6334
23.1338,0.9632,4.132
23.1340,0.9671,4.1509
23.1342,0.9078,3.8944
23.1344,0.9227,3.9545
23.1346,0.9381,4.0358
23.1348,0.7432,3.1971
23.1350,0.7366,3.1687
23.1352,0.7168,3.0864
23.1354,0.7138,3.0693
23.1356,0.7559,3.2502
23.1358,0.7532,3.2389
23.1360,0.6998,3.0131
23.1362,0.6651,2.8653
23.1364,0.6675,2.8702
23.1366,0.7451,3.2053
23.1368,0.7216,3.1071
23.1370,0.6825,2.9388
23.1372,0.7227,3.1074
23.1374,0.7742,3.3307
23.1376,0.7334,3.1582
23.1378,0.6466,2.7857
23.1380,0.6381,2.749
23.1382,0.6742,2.9059
23.1384,0.6688,2.8799
23.1386,0.621,2.6739
23.1388,0.6211,2.6807
23.1390,0.5745,2.4782
23.1392,0.5647,2.434
23.1394,0.5604,2.4166
23.1396,0.5384,2.3225
23.1398,0.5789,2.4904
23.1400,0.7097,3.0531
23.1402,0.6665,2.8741
23.1404,0.5626,2.4259
23.1406,0.5691,2.4526
23.1408,0.5415,2.337
23.1410,0.5296,2.2847
23.1412,0.5312,2.2915
23.1414,0.5326,2.2977
23.1416,0.5316,2.2946
23.1418,0.5291,2.2827
23.1420,0.5272,2.2733
23.1422,0.5309,2.2894
23.1424,0.5964,2.5693
23.1426,0.6306,2.7177
23.1428,0.5524,2.3808
23.1430,0.5567,2.3983
23.1432,0.6204,2.6726
23.1434,0.6223,2.6784
23.1436,0.5804,2.5029
23.1438,0.5306,2.2899
23.1440,0.5248,2.264
23.1442,0.5265,2.2681
23.1444,0.5295,2.2842
23.1446,0.524,2.2604
23.1448,0.526,2.2692
23.1450,0.5233,2.2573
23.1452,0.5236,2.2578
23.1454,0.5397,2.3271
23.1456,0.531,2.2888
23.1458,0.5252,2.2645
23.1460,0.5195,2.2402
23.1462,0.5258,2.2671
23.1464,0.5954,2.5616
23.1466,0.6982,3.0008
23.1468,0.7351,3.1654
23.1470,0.6719,2.8933
23.1472,0.6355,2.7377
23.1474,0.5528,2.3835
23.1476,0.5426,2.3384
23.1478,0.5358,2.3106
23.1480,0.5354,2.3085
23.1482,0.5397,2.3271
23.1484,0.5346,2.3065
23.1486,0.5266,2.2708
23.1488,0.5187,2.2356
23.1490,0.5713,2.4567
23.1492,0.6063,2.6097
23.1494,0.629,2.706
23.1496,0.6336,2.7332
23.1498,0.5352,2.3069
23.1500,0.5862,2.5218
23.1502,0.6505,2.7996
23.1504,0.6686,2.8762
23.1506,0.6935,2.9835
23.1508,0.6828,2.9376
23.1510,0.6727,2.8938
23.1512,0.7179,3.0825
23.1514,0.7463,3.2075
23.1516,0.7725,3.3188
23.1518,0.7736,3.325
23.1520,0.7954,3.4188
23.1522,0.7788,3.3394
23.1524,0.8722,3.7451
23.1526,0.7698,3.3131
23.1528,0.7126,3.0627
23.1530,0.7918,3.3986
23.1532,0.8778,3.7675
23.1534,0.8537,3.6692
23.1536,0.7729,3.325
23.1538,0.6862,2.9534
23.1540,0.6908,2.9716
23.1542,0.7015,3.0195
23.1544,0.7249,3.1187
23.1546,0.664,2.8633
23.1548,0.5197,2.2418
23.1550,0.5354,2.3053
23.1552,0.6561,2.8252
23.1554,0.6191,2.6694
23.1556,0.5288,2.2801
23.1558,0.5354,2.3053
23.1560,0.642,2.7566
23.1562,0.7053,3.0341
23.1564,0.789,3.3909
23.1566,0.7974,3.4222
23.1568,0.8113,3.4868
23.1570,0.7472,3.2101
23.1572,0.7946,3.4136
23.1574,0.8236,3.53
23.1576,0.9217,3.9522
23.1578,0.923,3.9597
23.1580,0.9284,3.9829
23.1582,0.9023,3.8707
23.1584,0.9309,3.9899
23.1586,0.9506,4.0761
23.1588,0.8637,3.7086
23.1590,0.8928,3.8319
23.1592,0.8379,3.6029
23.1594,0.8264,3.5484
23.1596,0.878,3.7686
23.1598,0.9339,4.0084
23.1600,0.899,3.8568
23.1602,0.8932,3.8334
23.1604,0.8597,3.6847
23.1606,0.9103,3.907
23.1608,0.9075,3.8988
23.1610,0.9059,3.888
23.1612,0.9186,3.937
23.1614,0.9153,3.9305
23.1616,0.852,3.6637
23.1618,0.692,2.9796
23.1620,0.6875,2.9591
23.1622,0.7156,3.0799
23.1624,0.737,3.1708
23.1626,0.7318,3.1451
23.1628,0.7358,3.1656
23.1630,0.7569,3.2518
23.1632,0.8627,3.7079
23.1634,0.7924,3.4043
23.1636,0.7803,3.3538
23.1638,0.7487,3.2223
23.1640,0.7071,3.0475
23.1642,0.6607,2.8422
23.1644,0.7391,3.178
23.1646,0.7559,3.2517
23.1648,0.7631,3.2857
23.1650,0.6858,2.9505
23.1652,0.7101,3.0561
23.1654,0.7156,3.0799
23.1656,0.7627,3.2796
23.1658,0.7384,3.1764
23.1660,0.7127,3.0675
23.1662,0.7218,3.1009
23.1664,0.8073,3.4682
23.1666,0.7783,3.3498
23.1668,0.7493,3.2204
23.1670,0.7707,3.3157
23.1672,0.6846,2.9508
23.1674,0.6079,2.6213
23.1676,0.6257,2.6941
23.1678,0.6645,2.8627
23.1680,0.627,2.6985
23.1682,0.6626,2.8571
23.1684,0.6022,2.5941
23.1686,0.6,2.586
23.1688,0.6065,2.6163
23.1690,0.6332,2.7279
23.1692,0.5839,2.5191
23.1694,0.5541,2.3903
23.1696,0.5717,2.4652
23.1698,0.5578,2.4041
23.1700,0.5701,2.4527
23.1702,0.6235,2.6848
23.1704,0.646,2.7831
23.1706,0.7197,3.1003
23.1708,0.6599,2.843
23.1710,0.6953,2.9912
23.1712,0.7026,3.0241
23.1714,0.7047,3.0287
23.1716,0.7171,3.088
23.1718,0.6921,2.9787
23.1720,0.7348,3.1639
23.1722,0.6735,2.9028
23.1724,0.6508,2.8025
23.1726,0.6815,2.936
23.1728,0.6143,2.6475
23.1730,0.5904,2.5411
23.1732,0.6212,2.6774
23.1734,0.5831,2.5119
23.1736,0.5735,2.4741
23.1738,0.5727,2.4716
23.1740,0.5679,2.4475
23.1742,0.5734,2.4701
23.1744,0.5638,2.4299
23.1746,0.6129,2.6393
23.1748,0.6346,2.7353
23.1750,0.5295,2.2832
23.1752,0.4882,2.1092
23.1754,0.4694,2.0279
23.1756,0.4481,1.9348
23.1758,0.4447,1.9203
23.1760,0.4592,1.982
23.1762,0.5394,2.325
23.1764,0.5555,2.3965
23.1766,0.4585,1.9798
23.1768,0.4434,1.9128
23.1770,0.4465,1.9272
23.1772,0.452,1.9519
23.1774,0.4468,1.93
23.1776,0.4546,1.9609
23.1778,0.459,1.981
23.1780,0.4604,1.9881
23.1782,0.4577,1.9753
23.1784,0.4573,1.9728
23.1786,0.4554,1.9664
23.1788,0.4563,1.9696
23.1790,0.4583,1.977
23.1792,0.4586,1.9794
23.1794,0.4519,1.9496
23.1796,0.5287,2.2764
23.1798,0.5789,2.4939
23.1800,0.5849,2.5185
23.1802,0.6179,2.6593
23.1804,0.6144,2.648
23.1806,0.503,2.1719
23.1808,0.4414,1.9067
23.1810,0.4313,1.8597
23.1812,0.509,2.1947
23.1814,0.4898,2.113
23.1816,0.4806,2.0722
23.1818,0.5007,2.1591
23.1820,0.5068,2.1824
23.1822,0.5506,2.3709
23.1824,0.5834,2.5112
23.1826,0.6446,2.7731
23.1828,0.6448,2.7767
23.1830,0.6378,2.7449
23.1832,0.6221,2.6798
23.1834,0.5741,2.472
23.1836,0.5445,2.3445
23.1838,0.5759,2.4821
23.1840,0.6286,2.7044
23.1842,0.7159,3.0785
23.1844,0.6763,2.9079
23.1846,0.7292,3.1343
23.1848,0.7418,3.1958
23.1850,0.6075,2.6149
23.1852,0.5926,2.5516
23.1854,0.5567,2.4016
23.1856,0.4851,2.0919
23.1858,0.4731,2.0402
23.1860,0.4734,2.0393
23.1862,0.5193,2.2403
23.1864,0.4938,2.1261
23.1866,0.582,2.505
23.1868,0.5484,2.3648
23.1870,0.482,2.0784
23.1872,0.4819,2.0769
23.1874,0.4699,2.0253
23.1876,0.4613,1.9899
23.1878,0.4415,1.9054
23.1880,0.4628,1.9938
23.1882,0.5459,2.354
23.1884,0.4934,2.1275
23.1886,0.5111,2.203
23.1888,0.5217,2.2496
23.1890,0.496,2.1349
23.1892,0.5828,2.5062
23.1894,0.6454,2.7754
23.1896,0.6777,2.9127
23.1898,0.7398,3.1767
23.1900,0.7891,3.3836
23.1902,0.8133,3.4874
23.1904,0.8533,3.6592
23.1906,0.884,3.789
23.1908,0.9249,3.9642
23.1910,0.9464,4.0581
23.1912,0.95,4.0698
23.1914,0.9343,4.0043
23.1916,0.9325,3.9948
23.1918,0.9348,4.0064
23.1920,0.8734,3.7485
23.1922,0.8752,3.7475
23.1924,0.9222,3.9543
23.1926,0.9217,3.9522
23.1928,0.9585,4.1043
23.1930,0.9626,4.1237
23.1932,0.9014,3.8689
23.1934,0.8902,3.8206
23.1936,0.8272,3.5504
23.1938,0.8333,3.5766
23.1940,0.8394,3.6062
23.1942,0.8427,3.6185
23.1944,0.8252,3.5383
23.1946,0.8387,3.5998
23.1948,0.829,3.5581
23.1950,0.8686,3.7279
23.1952,0.9036,3.871
23.1954,0.9065,3.896
23.1956,0.7966,3.4255
23.1958,0.7837,3.3636
23.1960,0.8828,3.7839
23.1962,0.9531,4.0869
23.1964,0.9477,4.06
23.1966,0.908,3.8918
23.1968,0.8523,3.6613
23.1970,0.8174,3.5082
23.1972,0.8881,3.8207
23.1974,0.7578,3.2585
23.1976,0.7621,3.277
23.1978,0.7933,3.4063
23.1980,0.8709,3.736
23.1982,0.8673,3.7223
23.1984,0.823,3.5406
23.1986,0.7537,3.2425
23.1988,0.7387,3.1824
23.1990,0.6947,2.9887
23.1992,0.6881,2.9617
23.1994,0.6876,2.9596
23.1996,0.7393,3.1746
23.1998,0.8073,3.4682
23.2000,0.8209,3.528
23.2002,0.7824,3.3626
23.2004,0.7611,3.276
23.2006,0.6936,2.9854
23.2008,0.7175,3.0852
23.2010,0.7574,3.2584
23.2012,0.7273,3.1319
23.2014,0.6881,2.9617
23.2016,0.6625,2.8499
23.2018,0.665,2.8634
23.2020,0.6779,2.9205
23.2022,0.6788,2.9214
23.2024,0.6349,2.7351
23.2026,0.5845,2.5205
23.2028,0.6152,2.6454
23.2030,0.7459,3.2059
23.2032,0.6994,3.0116
23.2034,0.6405,2.7606
23.2036,0.6304,2.716
23.2038,0.627,2.6985
23.2040,0.6218,2.6775
23.2042,0.6465,2.7852
23.2044,0.6499,2.7983
23.2046,0.6486,2.7914
23.2048,0.6032,2.5987
23.2050,0.609,2.6211
23.2052,0.6087,2.6273
23.2054,0.533,2.2992
23.2056,0.5275,2.2733
23.2058,0.5229,2.2558
23.2060,0.5251,2.2651
23.2062,0.5542,2.3852
23.2064,0.6198,2.6675
23.2066,0.5761,2.4831
23.2068,0.5291,2.2837
23.2070,0.5272,2.2744
23.2072,0.5247,2.2635
23.2074,0.5249,2.2635
23.2076,0.5251,2.2619
23.2078,0.5254,2.2645
23.2080,0.5269,2.2707
23.2082,0.5376,2.3183
23.2084,0.5482,2.3627
23.2086,0.6372,2.7462
23.2088,0.5617,2.4211
23.2090,0.5361,2.3116
23.2092,0.5656,2.4354
23.2094,0.5946,2.5615
23.2096,0.6081,2.6187
23.2098,0.6072,2.617
23.2100,0.5366,2.3137
23.2102,0.5808,2.4998
23.2104,0.7457,3.2049
23.2106,0.7105,3.0596
23.2108,0.6376,2.7457
23.2110,0.6709,2.8847
23.2112,0.6994,3.0074
23.2114,0.695,2.9897
23.2116,0.6959,2.9924
23.2118,0.7213,3.1017
23.2120,0.6893,2.9682
23.2122,0.6175,2.6602
23.2124,0.6188,2.6659
23.2126,0.6446,2.7731
23.2128,0.7049,3.0297
23.2130,0.7499,3.2214
23.2132,0.7958,3.4171
23.2134,0.8032,3.4458
23.2136,0.8432,3.6273
23.2138,0.7958,3.4171
23.2140,0.8049,3.4595
23.2142,0.8108,3.4799
23.2144,0.8077,3.4762
23.2146,0.6957,2.9928
23.2148,0.6873,2.9567
23.2150,0.694,2.987
23.2152,0.6055,2.6097
23.2154,0.5833,2.5165
23.2156,0.5631,2.4268
23.2158,0.562,2.4233
23.2160,0.5639,2.4304
23.2162,0.5752,2.4755
23.2164,0.6229,2.6822
23.2166,0.6549,2.82
23.2168,0.6722,2.8917
23.2170,0.6687,2.8781
23.2172,0.6566,2.826
23.2174,0.6688,2.8813
23.2176,0.6438,2.7694
23.2178,0.6685,2.8744
23.2180,0.7159,3.0771
23.2182,0.702,3.0215
23.2184,0.6637,2.8564
23.2186,0.718,3.0844
23.2188,0.7146,3.0786
23.2190,0.6121,2.6357
23.2192,0.6093,2.6251
23.2194,0.5837,2.5145
23.2196,0.5453,2.3525
23.2198,0.4959,2.1404
23.2200,0.4863,2.098
23.2202,0.4848,2.0893
23.2204,0.5334,2.3013
23.2206,0.5016,2.1617
23.2208,0.5321,2.2945
23.2210,0.4951,2.1387
23.2212,0.4093,1.7667
23.2214,0.452,1.9483
23.2216,0.4837,2.0847
23.2218,0.5145,2.2196
23.2220,0.5133,2.2144
23.2222,0.5428,2.3395
23.2224,0.5261,2.2666
23.2226,0.6048,2.6018
23.2228,0.6904,2.9673
23.2230,0.7169,3.0769
23.2232,0.7623,3.2765
23.2234,0.7515,3.2287
23.2236,0.796,3.4245
23.2238,0.7273,3.1261
23.2240,0.7442,3.1972
23.2242,0.7697,3.3049
23.2244,0.7617,3.2724
23.2246,0.7529,3.2358
23.2248,0.784,3.3682
23.2250,0.7825,3.3584
23.2252,0.8036,3.457
23.2254,0.7141,3.0737
23.2256,0.7298,3.1252
23.2258,0.9703,4.1585
23.2260,0.979,4.196
23.2262,0.9324,3.9998
23.2264,0.8885,3.8098
23.2266,0.8849,3.7961
23.2268,0.8916,3.8267
23.2270,0.8695,3.7338
23.2272,0.8306,3.5648
23.2274,0.8718,3.7453
23.2276,0.8349,3.585
23.2278,0.8382,3.5994
23.2280,0.7486,3.2203
23.2282,0.731,3.145
23.2284,0.7554,3.2421
23.2286,0.8444,3.6257
23.2288,0.8436,3.6276
23.2290,0.7914,3.3965
23.2292,0.887,3.8019
23.2294,0.9292,3.9846
23.2296,0.8767,3.7629
23.2298,0.8609,3.6967
23.2300,0.8478,3.6457
23.2302,0.8201,3.5184
23.2304,0.849,3.644
23.2306,0.8476,3.6362
23.2308,0.9197,3.9472
23.2310,0.8839,3.792
23.2312,0.8994,3.8548
23.2314,0.9195,3.954
23.2316,0.7946,3.4199
23.2318,0.7735,3.3214
23.2320,0.8201,3.5233
23.2322,0.7995,3.4363
23.2324,0.7984,3.4317
23.2326,0.8111,3.4847
23.2328,0.8218,3.5322
23.2330,0.8144,3.5018
23.2332,0.7638,3.2858
23.2334,0.6827,2.9398
23.2336,0.6802,2.9317
23.2338,0.6729,2.8948
23.2340,0.7306,3.1385
23.2342,0.773,3.3224
23.2344,0.7477,3.2167
23.2346,0.7535,3.2414
23.2348,0.7722,3.3203
23.2350,0.8031,3.4502
23.2352,0.7946,3.4199
23.2354,0.7055,3.0379
23.2356,0.6658,2.8697
23.2358,0.6457,2.779
23.2360,0.7053,3.0341
23.2362,0.7506,3.2335
23.2364,0.6838,2.9486
23.2366,0.6042,2.6028
23.2368,0.5904,2.5458
23.2370,0.5769,2.4874
23.2372,0.601,2.5877
23.2374,0.6051,2.607
23.2376,0.6176,2.6619
23.2378,0.5807,2.5074
23.2380,0.5073,2.1936
23.2382,0.4174,1.8031
23.2384,0.4169,1.8002
23.2386,0.4703,2.0315
23.2388,0.4668,2.0146
23.2390,0.4605,1.9886
23.2392,0.4597,1.985
23.2394,0.5158,2.2263
23.2396,0.5069,2.189
23.2398,0.4695,2.0265
23.2400,0.4717,2.0349
23.2402,0.4537,1.9582
23.2404,0.4435,1.916
23.2406,0.4433,1.9141
23.2408,0.4538,1.9569
23.2410,0.5026,2.1653
23.2412,0.5487,2.367
23.2414,0.5412,2.3371
23.2416,0.5096,2.1973
23.2418,0.5337,2.3023
23.2420,0.4635,2.0025
23.2422,0.4523,1.9529
23.2424,0.4953,2.1378
23.2426,0.4652,2.0088
23.2428,0.455,1.9639
23.2430,0.4514,1.9475
23.2432,0.4549,1.9625
23.2434,0.5279,2.2775
23.2436,0.4941,2.1336
23.2438,0.4547,1.9615
23.2440,0.4459,1.9246
23.2442,0.4454,1.9243
23.2444,0.445,1.9195
23.2446,0.4448,1.9181
23.2448,0.4556,1.9656
23.2450,0.4579,1.9772
23.2452,0.4448,1.9208
23.2454,0.4448,1.919
23.2456,0.4441,1.9159
23.2458,0.4505,1.9451
23.2460,0.4619,1.9916
23.2462,0.515,2.2185
23.2464,0.5602,2.411
23.2466,0.5822,2.5072
23.2468,0.5659,2.4392
23.2470,0.5569,2.4016
23.2472,0.5427,2.3411
23.2474,0.4742,2.0458
23.2476,0.4454,1.9216
23.2478,0.4463,1.9252
23.2480,0.4439,1.9149
23.2482,0.453,1.9542
23.2484,0.5032,2.1669
23.2486,0.5754,2.4789
23.2488,0.5671,2.4432
23.2490,0.5599,2.4134
23.2492,0.5556,2.3948
23.2494,0.5536,2.3827
23.2496,0.6269,2.698
23.2498,0.6507,2.7981
23.2500,0.6499,2.7957
23.2502,0.6875,2.9577
23.2504,0.681,2.9312
23.2506,0.6763,2.9052
23.2508,0.7495,3.2199
23.2510,0.7193,3.093
23.2512,0.7071,3.0361
23.2514,0.746,3.199
23.2516,0.7333,3.1518
23.2518,0.7257,3.1159
23.2520,0.7268,3.1255
23.2522,0.7447,3.1978
23.2524,0.7963,3.4224
23.2526,0.74,3.1792
23.2528,0.6599,2.8391
23.2530,0.6855,2.9476
23.2532,0.741,3.1804
23.2534,0.7848,3.3713
23.2536,0.8122,3.4877
23.2538,0.8316,3.5694
23.2540,0.7801,3.3497
23.2542,0.7192,3.0953
23.2544,0.6661,2.8654
23.2546,0.6392,2.7537
23.2548,0.5091,2.1963
23.2550,0.5334,2.3013
23.2552,0.523,2.2552
23.2554,0.4928,2.125
23.2556,0.5484,2.3594
23.2558,0.6932,2.9792
23.2560,0.731,3.1376
23.2562,0.774,3.325
23.2564,0.7639,3.2802
23.2566,0.7987,3.4279
23.2568,0.826,3.5485
23.2570,0.7409,3.1798
23.2572,0.8314,3.5651
23.2574,0.8916,3.8178
23.2576,0.9193,3.9401
23.2578,0.9078,3.898
23.2580,0.8515,3.6531
23.2582,0.8738,3.7488
23.2584,0.8791,3.7732
23.2586,0.902,3.8661
23.2588,0.9358,4.011
23.2590,0.9286,3.9765
23.2592,0.9752,4.1815
23.2594,0.8827,3.7904
23.2596,0.8864,3.8011
23.2598,0.9561,4.0959
23.2600,0.9568,4.1009
23.2602,0.9386,4.0191
23.2604,0.9804,4.2022
23.2606,0.9764,4.1886
23.2608,0.9342,4.0057
23.2610,0.9592,4.1112
23.2612,0.8987,3.8607
23.2614,0.8509,3.6574
23.2616,0.8272,3.5504
23.2618,0.8652,3.7083
23.2620,0.9309,3.9955
23.2622,0.8563,3.6789
23.2624,0.7934,3.4084
23.2626,0.7958,3.4203
23.2628,0.7876,3.3884
23.2630,0.7745,3.3286
23.2632,0.7724,3.3183
23.2634,0.8147,3.5017
23.2636,0.8337,3.5832
23.2638,0.8038,3.4581
23.2640,0.7164,3.0806
23.2642,0.7463,3.209
23.2644,0.7593,3.2637
23.2646,0.7697,3.3126
23.2648,0.7349,3.1644
23.2650,0.6882,2.9622
23.2652,0.7123,3.0631
23.2654,0.749,3.2208
23.2656,0.7963,3.424
23.2658,0.8073,3.4714
23.2660,0.7651,3.2899
23.2662,0.7791,3.3487
23.2664,0.8321,3.5765
23.2666,0.8099,3.4828
23.2668,0.7592,3.2631
23.2670,0.7562,3.2533
23.2672,0.7584,3.2641
23.2674,0.703,3.0285
23.2676,0.6662,2.8699
23.2678,0.6639,2.8601
23.2680,0.6897,2.9698
23.2682,0.6504,2.803
23.2684,0.6005,2.5868
23.2686,0.5953,2.5658
23.2688,0.6146,2.6478
23.2690,0.659,2.8363
23.2692,0.7309,3.143
23.2694,0.7209,3.1054
23.2696,0.6671,2.8727
23.2698,0.6645,2.8587
23.2700,0.7084,3.0446
23.2702,0.75,3.225
23.2704,0.7614,3.2739
23.2706,0.7751,3.3327
23.2708,0.7548,3.2471
23.2710,0.7483,3.2192
23.2712,0.7959,3.4177
23.2714,0.8438,3.6248
23.2716,0.7824,3.3657
23.2718,0.687,2.9584
23.2720,0.6715,2.8873
23.2722,0.747,3.2151
23.2724,0.7131,3.069
23.2726,0.753,3.2333
23.2728,0.927,3.9674
23.2730,1.0303,4.4118
23.2732,1.003,4.3008
23.2734,0.9262,3.9736
23.2736,0.9346,4.0115
23.2738,0.8481,3.645
23.2740,0.8024,3.4503
23.2742,0.7392,3.1874
23.2744,0.6006,2.5898
23.2746,0.6005,2.588
23.2748,0.6165,2.6573
23.2750,0.5733,2.473
23.2752,0.5674,2.4454
23.2754,0.6164,2.6592
23.2756,0.5777,2.491
23.2758,0.643,2.7651
23.2760,0.7218,3.1081
23.2762,0.6393,2.758
23.2764,0.5602,2.4144
23.2766,0.5593,2.413
23.2768,0.553,2.3856
23.2770,0.5489,2.3691
23.2772,0.548,2.365
23.2774,0.5514,2.3778
23.2776,0.5537,2.3887
23.2778,0.5489,2.3691
23.2780,0.5457,2.3551
23.2782,0.5459,2.3551
23.2784,0.5456,2.3514
23.2786,0.5572,2.4015
23.2788,0.5516,2.3794
23.2790,0.5605,2.4159
23.2792,0.6411,2.7568
23.2794,0.7043,3.0328
23.2796,0.6736,2.8965
23.2798,0.7412,3.1829
23.2800,0.8038,3.4532
23.2802,0.7456,3.2044
23.2804,0.8426,3.6179
23.2806,0.8849,3.8015
23.2808,0.8026,3.4497
23.2810,0.8398,3.6044
23.2812,0.9396,4.0232
23.2814,0.9846,4.2241
23.2816,0.8959,3.8453
23.2818,0.8078,3.4783
23.2820,0.6926,2.9849
23.2822,0.6753,2.9105
23.2824,0.6898,2.9592
23.2826,0.8456,3.6359
23.2828,0.8387,3.6031
23.2830,0.8258,3.5442
23.2832,0.8602,3.6919
23.2834,0.9045,3.8841
23.2836,0.8486,3.6505
23.2838,0.6898,2.9744
23.2840,0.5813,2.5054
23.2842,0.6856,2.9522
23.2844,0.6257,2.6966
23.2846,0.5803,2.5035
23.2848,0.5571,2.4032
23.2850,0.5529,2.3862
23.2852,0.5369,2.3163
23.2854,0.553,2.3845
23.2856,0.5477,2.3628
23.2858,0.553,2.3856
23.2860,0.5429,2.3411
23.2862,0.5348,2.3038
23.2864,0.5472,2.3597
23.2866,0.5502,2.3759
23.2868,0.485,2.0923
23.2870,0.5086,2.1942
23.2872,0.5452,2.3487
23.2874,0.6069,2.6184
23.2876,0.4972,2.1451
23.2878,0.4693,2.0246
23.2880,0.5209,2.2449
23.2882,0.5903,2.5418
23.2884,0.5689,2.4544
23.2886,0.5597,2.4146
23.2888,0.6465,2.7813
23.2890,0.7318,3.1451
23.2892,0.7608,3.2714
23.2894,0.7757,3.3322
23.2896,0.8681,3.7207
23.2898,0.9591,4.1069
23.2900,1.0113,4.3262
23.2902,1.09,4.6632
23.2904,1.174,5.0152
23.2906,1.2141,5.1868
23.2908,1.1869,5.08
23.2910,1.1505,4.9194
23.2912,1.1424,4.885
23.2914,1.1289,4.8339
23.2916,1.1075,4.7336
23.2918,1.2368,5.291
23.2920,1.2442,5.3104
23.2922,1.2934,5.5228
23.2924,1.2212,5.2268
23.2926,1.1849,5.0689
23.2928,1.1734,5.0314
23.2930,0.9911,4.2539
23.2932,0.9831,4.2194
23.2934,0.9724,4.1677
23.2936,0.9836,4.2234
23.2938,0.9507,4.0747
23.2940,0.9985,4.2778
23.2942,0.9465,4.0738
23.2944,0.7416,3.1978
23.2946,0.6969,2.9993
23.2948,0.6983,3.0083
23.2950,0.7408,3.1897
23.2952,0.7614,3.2755
23.2954,0.7843,3.3724
23.2956,0.7864,3.3817
23.2958,0.8059,3.462
23.2960,0.8938,3.8396
23.2962,0.882,3.7926
23.2964,0.8653,3.7209
23.2966,0.8193,3.523
23.2968,0.8092,3.4797
23.2970,0.7953,3.4214
23.2972,0.7751,3.3343
23.2974,0.7596,3.2677
23.2976,0.7969,3.4329
23.2978,0.7647,3.2914
23.2980,0.7131,3.0733
23.2982,0.6981,3.0073
23.2984,0.6959,2.9966
23.2986,0.6792,2.9221
23.2988,0.759,3.2606
23.2990,0.8135,3.4998
23.2992,0.7796,3.3523
23.2994,0.8333,3.5833
23.2996,0.7549,3.2536
23.2998,0.7254,3.1193
23.3000,0.7964,3.4245
23.3002,0.762,3.2826
23.3004,0.7037,3.0316
23.3006,0.6403,2.7596
23.3008,0.6029,2.6008
23.3010,0.603,2.6037
23.3012,0.5446,2.3516
23.3014,0.5156,2.2252
23.3016,0.5153,2.2252
23.3018,0.5227,2.2537
23.3020,0.6185,2.6569
23.3022,0.7932,3.4201
23.3024,0.611,2.6384
23.3026,0.5566,2.4045
23.3028,0.542,2.338
23.3030,0.5617,2.4234
23.3032,0.571,2.4632
23.3034,0.57,2.4591
23.3036,0.5446,2.3505
23.3038,0.5478,2.3623
23.3040,0.6259,2.7001
23.3042,0.5237,2.2625
23.3044,0.4605,1.9905
23.3046,0.4484,1.9381
23.3048,0.4482,1.9362
23.3050,0.4468,1.9291
23.3052,0.485,2.0952
23.3054,0.4508,1.9485
23.3056,0.4536,1.9568
23.3058,0.4808,2.0761
23.3060,0.4641,2.006
23.3062,0.4713,2.0362
23.3064,0.4542,1.9621
23.3066,0.435,1.8801
23.3068,0.433,1.8704
23.3070,0.4321,1.8659
23.3072,0.4418,1.9079
23.3074,0.4466,1.9268
23.3076,0.4363,1.8832
23.3078,0.4322,1.8673
23.3080,0.4309,1.8616
23.3082,0.485,2.0923
23.3084,0.501,2.1601
23.3086,0.511,2.2056
23.3088,0.4643,2.0056
23.3090,0.4342,1.8739
23.3092,0.4649,2.0045
23.3094,0.4946,2.1337
23.3096,0.5566,2.4011
23.3098,0.5575,2.4019
23.3100,0.5682,2.449
23.3102,0.5946,2.5603
23.3104,0.6257,2.6953
23.3106,0.6057,2.6047
23.3108,0.6861,2.9515
23.3110,0.6899,2.9667
23.3112,0.6896,2.972
23.3114,0.5675,2.4448
23.3116,0.5623,2.4214
23.3118,0.6209,2.6746
23.3120,0.6505,2.7983
23.3122,0.7345,3.1555
23.3124,0.7917,3.3965
23.3126,0.7912,3.4023
23.3128,0.7093,3.0559
23.3130,0.6645,2.8574
23.3132,0.7156,3.0841
23.3134,0.6056,2.609
23.3136,0.6117,2.6366
23.3138,0.6019,2.593
23.3140,0.6405,2.7555
23.3142,0.6673,2.8679
23.3144,0.6446,2.7782
23.3146,0.5926,2.5539
23.3148,0.6539,2.8146
23.3150,0.6713,2.8908
23.3152,0.6031,2.6018
23.3154,0.5275,2.2744
23.3156,0.567,2.4439
23.3158,0.5285,2.2769
23.3160,0.5585,2.4049
23.3162,0.6005,2.5844
23.3164,0.6755,2.9061
23.3166,0.7252,3.1197
23.3168,0.6227,2.6836
23.3170,0.5763,2.4825
23.3172,0.5766,2.484
23.3174,0.4821,2.0809
23.3176,0.4722,2.0379
23.3178,0.4674,2.0172
23.3180,0.4727,2.04
23.3182,0.4747,2.0469
23.3184,0.4737,2.0418
23.3186,0.5399,2.326
23.3188,0.506,2.1838
23.3190,0.4861,2.096
23.3192,0.491,2.1182
23.3194,0.4789,2.0659
23.3196,0.4771,2.0582
23.3198,0.4629,1.999
23.3200,0.4526,1.9527
23.3202,0.5103,2.1994
23.3204,0.4819,2.0818
23.3206,0.4137,1.7862
23.3208,0.4263,1.838
23.3210,0.468,2.0161
23.3212,0.523,2.2552
23.3214,0.4966,2.1435
23.3216,0.4946,2.1327
23.3218,0.5788,2.4876
23.3220,0.6757,2.9053
23.3222,0.6475,2.7854
23.3224,0.677,2.9096
23.3226,0.7229,3.1041
23.3228,0.7536,3.2359
23.3230,0.7727,3.3193
23.3232,0.7938,3.4052
23.3234,0.8736,3.7408
23.3236,0.9191,3.9464
23.3238,0.8145,3.4975
23.3240,0.8017,3.4408
23.3242,0.8019,3.445
23.3244,0.7225,3.1054
23.3246,0.761,3.2724
23.3248,0.7929,3.4032
23.3250,0.8607,3.694
23.3252,0.8974,3.846
23.3254,0.9294,3.987
23.3256,0.8785,3.7689
23.3258,0.8999,3.855
23.3260,0.9121,3.9147
23.3262,0.8938,3.836
23.3264,0.9027,3.871
23.3266,0.9393,4.0259
23.3268,0.8924,3.8321
23.3270,0.8327,3.5774
23.3272,0.8363,3.5845
23.3274,0.9801,4.2046
23.3276,0.8338,3.582
23.3278,0.7821,3.36
23.3280,0.8146,3.498
23.3282,0.8319,3.5721
23.3284,0.8087,3.4727
23.3286,0.8581,3.6831
23.3288,0.8511,3.6562
23.3290,0.7809,3.3564
23.3292,0.8126,3.4843
23.3294,0.8903,3.8193
23.3296,0.9074,3.9001
23.3298,0.8304,3.5626
23.3300,0.8659,3.7166
23.3302,0.8893,3.817
23.3304,0.8833,3.7895
23.3306,0.8727,3.7419
23.3308,0.8748,3.7547
23.3310,0.924,3.9657
23.3312,0.8645,3.7139
23.3314,0.8257,3.5437
23.3316,0.8344,3.5829
23.3318,0.8236,3.5366
23.3320,0.8307,3.5719
23.3322,0.795,3.4151
23.3324,0.8939,3.8347
23.3326,0.947,4.0664
23.3328,0.9346,4.0059
23.3330,1.0075,4.3183
23.3332,1.018,4.3569
23.3334,0.9391,4.0305
23.3336,0.8488,3.6464
23.3338,0.8367,3.5944
23.3340,0.8575,3.6857
23.3342,0.7881,3.3905
23.3344,0.6952,2.9907
23.3346,0.7261,3.1238
23.3348,0.7575,3.2544
23.3350,0.8145,3.5007
23.3352,0.8152,3.5054
23.3354,0.7815,3.3621
23.3356,0.7273,3.1333
23.3358,0.6614,2.8479
23.3360,0.6804,2.93
23.3362,0.6945,2.989
23.3364,0.6645,2.8653
23.3366,0.5763,2.4871
23.3368,0.5477,2.3607
23.3370,0.5761,2.4831
23.3372,0.5484,2.367
23.3374,0.5314,2.2925
23.3376,0.5259,2.2687
23.3378,0.5297,2.2863
23.3380,0.5298,2.2858
23.3382,0.5275,2.2744
23.3384,0.5343,2.3028
23.3386,0.6133,2.6433
23.3388,0.5751,2.4785
23.3390,0.6083,2.6204
23.3392,0.6372,2.7462
23.3394,0.6366,2.741
23.3396,0.6476,2.7885
23.3398,0.6836,2.938
23.3400,0.7375,3.1684
23.3402,0.7933,3.4095
23.3404,0.7729,3.3281
23.3406,0.7119,3.0624
23.3408,0.682,2.9354
23.3410,0.685,2.9483
23.3412,0.6422,2.764
23.3414,0.6344,2.7343
23.3416,0.6279,2.7051
23.3418,0.6703,2.8808
23.3420,0.7745,3.3317
23.3422,0.7057,3.0389
23.3424,0.6549,2.82
23.3426,0.6627,2.8509
23.3428,0.7026,3.0227
23.3430,0.7049,3.0339
23.3432,0.6969,2.9966
23.3434,0.7376,3.1689
23.3436,0.8139,3.4965
23.3438,0.8384,3.5999
23.3440,0.8608,3.6945
23.3442,0.8524,3.6636
23.3444,0.842,3.6103
23.3446,0.9599,4.1143
23.3448,0.9758,4.1763
23.3450,1.0258,4.3944
23.3452,0.9954,4.2664
23.3454,0.9531,4.0945
23.3456,0.8634,3.7092
23.3458,0.8957,3.8406
23.3460,0.9426,4.0454
23.3462,0.893,3.8383
23.3464,0.8344,3.5829
23.3466,0.8529,3.6622
23.3468,0.9101,3.9078
23.3470,0.9372,4.0204
23.3472,0.9313,3.9971
23.3474,0.9175,3.9379
23.3476,0.9162,3.9322
23.3478,0.9151,3.9276
23.3480,0.9115,3.9122
23.3482,0.9119,3.9155
23.3484,0.9254,3.9737
23.3486,0.9278,3.984
23.3488,0.9669,4.1422
23.3490,1.0045,4.3055
23.3492,0.9972,4.2741
23.3494,0.9772,4.1942
23.3496,0.9465,4.0624
23.3498,0.959,4.1083
23.3500,1.0509,4.5065
23.3502,1.0075,4.3183
23.3504,1.0641,4.5673
23.3506,0.9457,4.0513
23.3508,1.025,4.3913
23.3510,1.011,4.3433
23.3512,0.9617,4.1297
23.3514,0.9527,4.0873
23.3516,0.9475,4.0684
23.3518,0.9521,4.0866
23.3520,0.9887,4.2376
23.3522,1.0133,4.3511
23.3524,0.9544,4.0964
23.3526,0.9896,4.2432
23.3528,0.9698,4.172
23.3530,0.8233,3.5433
23.3532,0.7712,3.3162
23.3534,0.7834,3.3688
23.3536,0.8595,3.6905
23.3538,0.8704,3.7409
23.3540,0.8156,3.5086
23.3542,0.8339,3.5875
23.3544,0.8713,3.7502
23.3546,0.827,3.5527
23.3548,0.8676,3.7255
23.3550,0.8974,3.8478
23.3552,0.9484,4.0726
23.3554,0.9237,3.9628
23.3556,0.9592,4.1208
23.3558,0.9304,4.0009
23.3560,0.9542,4.0973
23.3562,0.941,4.0388
23.3564,1.003,4.3068
23.3566,0.9706,4.1639
23.3568,1.0352,4.435
23.3570,1.0713,4.5917
23.3572,1.0791,4.623
23.3574,1.1031,4.7257
23.3576,1.1266,4.8286
23.3578,1.1176,4.7879
23.3580,1.1194,4.8
23.3582,1.0725,4.5926
23.3584,1.1633,4.9789
23.3586,1.1405,4.8882
23.3588,1.0922,4.6877
23.3590,1.0713,4.596
23.3592,1.0964,4.6969
23.3594,1.0506,4.5112
23.3596,0.9923,4.263
23.3598,0.9864,4.2318
23.3600,1.1343,4.8593
23.3602,1.2206,5.2242
23.3604,1.2535,5.3623
23.3606,1.2876,5.5085
23.3608,1.3095,5.5966
23.3610,1.2849,5.5018
23.3612,1.2181,5.2061
23.3614,1.255,5.374
23.3616,1.2595,5.3905
23.3618,1.2563,5.3822
23.3620,1.2161,5.2047
23.3622,1.215,5.2025
23.3624,1.2303,5.2633
23.3626,1.2613,5.4057
23.3628,1.1976,5.1305
23.3630,1.2619,5.3982
23.3632,1.2933,5.5352
23.3634,1.2308,5.2777
23.3636,1.1447,4.9131
23.3638,1.1099,4.7639
23.3640,1.0728,4.6043
23.3642,1.0688,4.5873
23.3644,1.061,4.5496
23.3646,1.0643,4.5699
23.3648,1.0738,4.609
23.3650,1.0916,4.6808
23.3652,1.0801,4.6379
23.3654,1.0581,4.5437
23.3656,1.053,4.5173
23.3658,1.0773,4.6282
23.3660,1.0396,4.4659
23.3662,1.1103,4.7632
23.3664,1.1145,4.7879
23.3666,1.0834,4.6545
23.3668,1.0638,4.5615
23.3670,1.0711,4.6014
23.3672,1.0169,4.3686
23.3674,1.0244,4.401
23.3676,1.0903,4.6816
23.3678,1.1265,4.8304
23.3680,1.1555,4.9525
23.3682,1.1464,4.9111
23.3684,1.1837,5.0732
23.3686,1.2066,5.1714
23.3688,1.2292,5.271
23.3690,1.1936,5.1278
23.3692,1.1298,4.8448
23.3694,1.1214,4.8177
23.3696,1.0559,4.536
23.3698,1.0452,4.4881
23.3700,1.0952,4.7006
23.3702,1.1277,4.8468
23.3704,1.1507,4.9388
23.3706,1.1157,4.7953
23.3708,1.0213,4.3876
23.3710,1.0885,4.6826
23.3712,1.035,4.4443
23.3714,1.1295,4.8455
23.3716,1.1785,5.0535
23.3718,1.1864,5.1064
23.3720,1.0242,4.4082
23.3722,0.9641,4.1477
23.3724,1.0138,4.3491
23.3726,1.1218,4.8305
23.3728,0.8942,3.8524
23.3730,0.8545,3.6831
23.3732,0.8402,3.6244
23.3734,0.8598,3.6972
23.3736,0.9568,4.1201
23.3738,0.9229,3.9758
23.3740,0.8679,3.7405
23.3742,0.8291,3.5752
23.3744,0.8035,3.4646
23.3746,0.8237,3.542
23.3748,0.9223,3.9769
23.3750,0.8152,3.512
23.3752,0.8941,3.8429
23.3754,1.0215,4.3922
23.3756,1.0186,4.386
23.3758,0.8572,3.6945
23.3760,0.8436,3.631
23.3762,0.9185,3.9604
23.3764,0.8557,3.6831
23.3766,0.9073,3.905
23.3768,0.9621,4.1428
23.3770,0.917,3.9468
23.3772,0.9115,3.9176
23.3774,0.9604,4.1279
23.3776,0.9671,4.1664
23.3778,0.8926,3.8469
23.3780,0.9219,3.9625
23.3782,1.018,4.3793
23.3784,1.0234,4.3964
23.3786,1.0904,4.6843
23.3788,1.055,4.5345
23.3790,1.059,4.5494
23.3792,1.0033,4.3204
23.3794,0.9131,3.9389
23.3796,0.8625,3.712
23.3798,0.9282,3.9911
23.3800,1.0041,4.3135
23.3802,1.0321,4.4361
23.3804,1.0567,4.5333
23.3806,1.1339,4.8668
23.3808,1.1147,4.7934
23.3810,1.0397,4.4748
23.3812,0.9509,4.0948
23.3814,0.9345,4.0147
23.3816,1.0454,4.4912
23.3818,1.0868,4.6667
23.3820,1.0834,4.6523
23.3822,1.0197,4.3906
23.3824,0.8994,3.8782
23.3826,0.8779,3.7804
23.3828,0.9469,4.0772
23.3830,0.9073,3.9014
23.3832,0.9303,4.0078
23.3834,0.8803,3.7907
23.3836,0.8923,3.8459
23.3838,0.8797,3.7881
23.3840,0.8959,3.8596
23.3842,0.8812,3.7943
23.3844,0.9404,4.0475
23.3846,0.9205,3.9581
23.3848,0.9888,4.254
23.3850,0.9536,4.108
23.3852,0.8765,3.7794
23.3854,0.9095,3.918
23.3856,0.9125,3.9254
23.3858,0.9156,3.9498
23.3860,0.7801,3.3669
23.3862,0.7645,3.298
23.3864,0.7635,3.2863
23.3866,0.924,3.9805
23.3868,0.829,3.5747
23.3870,0.8047,3.4746
23.3872,0.7928,3.4154
23.3874,0.8599,3.7029
23.3876,0.8635,3.7201
23.3878,0.8599,3.7029
23.3880,0.906,3.8939
23.3882,1.0598,4.5487
23.3884,1.0952,4.7071
23.3886,1.0984,4.7166
23.3888,1.146,4.9233
23.3890,1.1041,4.7386
23.3892,1.123,4.8177
23.3894,1.1073,4.7548
23.3896,1.1237,4.8275
23.3898,1.0882,4.6707
23.3900,1.0884,4.6734
23.3902,1.1123,4.783
23.3904,1.0813,4.6387
23.3906,1.1637,4.9898
23.3908,1.1532,4.9496
23.3910,1.1803,5.0589
23.3912,1.2153,5.2162
23.3914,1.1714,5.0255
23.3916,1.1363,4.8839
23.3918,1.0905,4.687
23.3920,1.0765,4.6246
23.3922,1.0752,4.6168
23.3924,1.0825,4.646
23.3926,1.1514,4.9442
23.3928,1.1801,5.0673
23.3930,1.1699,5.0212
23.3932,1.1602,4.9795
23.3934,1.1488,4.9352
23.3936,1.1439,4.9072
23.3938,1.1487,4.9347
23.3940,1.1324,4.851
23.3942,1.3047,5.5892
23.3944,1.2858,5.5137
23.3946,1.2619,5.4184
23.3948,1.1993,5.1449
23.3950,1.2193,5.2234
23.3952,1.2637,5.4261
23.3954,1.1099,4.7705
23.3956,1.1288,4.8447
23.3958,1.1818,5.0721
23.3960,1.1651,5.0076
23.3962,1.1219,4.8176
23.3964,1.122,4.8226
23.3966,1.1278,4.8405
23.3968,1.1278,4.8473
23.3970,1.102,4.7299
23.3972,1.2097,5.1944
23.3974,1.1744,5.0454
23.3976,1.135,4.876
23.3978,1.1368,4.8882
23.3980,1.1348,4.8681
23.3982,1.1792,5.066
23.3984,1.1123,4.7808
23.3986,1.1505,4.9401
23.3988,1.1075,4.7669
23.3990,1.0591,4.5584
23.3992,1.0744,4.6158
23.3994,1.1191,4.8097
23.3996,1.096,4.7129
23.3998,1.0932,4.6962
23.4000,1.0701,4.5951
23.4002,1.1583,4.9782
23.4004,1.1339,4.8781
23.4006,1.1337,4.8748
23.4008,1.0846,4.6639
23.4010,1.0568,4.5422
23.4012,1.0649,4.5789
23.4014,1.0332,4.451
23.4016,0.9505,4.0946
23.4018,0.9289,4.0035
23.4020,0.9483,4.0834
23.4022,0.9827,4.2296
23.4024,0.9812,4.221
23.4026,0.9885,4.2623
23.4028,0.8745,3.7706
23.4030,0.917,3.9505
23.4032,0.9179,3.9578
23.4034,0.9063,3.9082
23.4036,0.9008,3.8844
23.4038,0.8879,3.825
23.4040,0.8701,3.7538
23.4042,0.8127,3.506
23.4044,0.83,3.5755
23.4046,0.9573,4.1183
23.4048,1.0272,4.417
23.4050,1.0309,4.4371
23.4052,0.9801,4.2202
23.4054,0.9782,4.212
23.4056,0.9593,4.1328
23.4058,0.9747,4.1931
23.4060,0.9959,4.2904
23.4062,0.9732,4.1889
23.4064,1.0096,4.3473
23.4066,1.0145,4.3644
23.4068,0.9813,4.2274
23.4070,0.8768,3.7792
23.4072,0.9261,3.9842
23.4074,0.9626,4.1449
23.4076,0.9206,3.9678
23.4078,0.9619,4.1437
23.4080,0.9415,4.0578
23.4082,0.8772,3.7808
23.4084,0.8908,3.8409
23.4086,0.8715,3.7542
23.4088,0.9021,3.8828
23.4090,0.936,4.0284
23.4092,0.9529,4.103
23.4094,0.9999,4.3014
23.4096,0.9881,4.2529
23.4098,0.9856,4.244
23.4100,0.9469,4.0772
23.4102,0.9382,4.0382
23.4104,0.9888,4.254
23.4106,1.0185,4.3793
23.4108,0.9879,4.2538
23.4110,0.9575,4.1213
23.4112,1.0078,4.3375
23.4114,1.0406,4.4664
23.4116,1.1602,4.9818
23.4118,1.1509,4.9376
23.4120,1.2009,5.1617
23.4122,1.1174,4.8002
23.4124,1.1501,4.9478
23.4126,1.077,4.631
23.4128,1.0418,4.4757
23.4130,1.0966,4.7177
23.4132,1.024,4.4051
23.4134,1.0396,4.4639
23.4136,1.1249,4.8372
23.4138,1.0414,4.4778
23.4140,1.0267,4.4211
23.4142,1.0205,4.3922
23.4144,1.0491,4.5029
23.4146,1.1611,4.9859
23.4148,1.2093,5.1856
23.4150,1.2039,5.1697
23.4152,1.1457,4.9195
23.4154,1.1354,4.8798
23.4156,1.1276,4.8463
23.4158,1.1114,4.7723
23.4160,1.0854,4.6692
23.4162,1.024,4.4072
23.4164,1.0238,4.4066
23.4166,1.0216,4.3968
23.4168,1.0386,4.4701
23.4170,1.0714,4.6094
23.4172,1.0276,4.4247
23.4174,0.955,4.1142
23.4176,0.9469,4.0791
23.4178,0.9633,4.1441
23.4180,1.0075,4.3425
23.4182,0.9686,4.1707
23.4184,0.9496,4.0986
23.4186,0.8447,3.6475
23.4188,0.8228,3.5478
23.4190,0.8193,3.5377
23.4192,0.8332,3.5944
23.4194,0.8195,3.5355
23.4196,0.8191,3.5334
23.4198,0.8221,3.548
23.4200,0.8216,3.5476
23.4202,0.8493,3.6587
23.4204,0.9155,3.9401
23.4206,0.9578,4.1185
23.4208,1.031,4.4355
23.4210,1.0355,4.4546
23.4212,1.1134,4.781
23.4214,1.2019,5.161
23.4216,1.1356,4.8808
23.4218,1.1459,4.9251
23.4220,1.1397,4.8938
23.4222,1.1563,4.9561
23.4224,1.1881,5.1018
23.4226,1.1592,4.9754
23.4228,1.247,5.3521
23.4230,1.2379,5.308
23.4232,1.2458,5.3419
23.4234,1.2738,5.4597
23.4236,1.3138,5.6282
23.4238,1.3315,5.6989
23.4240,1.3946,5.9716
23.4242,1.3484,5.774
23.4244,1.4098,6.0397
23.4246,1.4277,6.0962
23.4248,1.453,6.2246
23.4250,1.3681,5.8609
23.4252,1.3929,5.9672
23.4254,1.3804,5.9193
23.4256,1.3479,5.78
23.4258,1.3132,5.6283
23.4260,1.355,5.8076
23.4262,1.3824,5.9248
23.4264,1.4099,6.0402
23.4266,1.3696,5.8676
23.4268,1.3494,5.7943
23.4270,1.2772,5.4945
23.4272,1.1802,5.0631
23.4274,1.2632,5.4266
23.4276,1.22,5.2436
23.4278,1.2073,5.1817
23.4280,1.2143,5.2164
23.4282,1.1788,5.0616
23.4284,1.199,5.1534
23.4286,1.2345,5.3109
23.4288,1.1694,5.0238
23.4290,1.2135,5.2085
23.4292,1.2608,5.4113
23.4294,1.2405,5.3292
23.4296,1.211,5.2001
23.4298,1.1976,5.1592
23.4300,1.0643,4.5848
23.4302,1.0253,4.4169
23.4304,1.0216,4.4009
23.4306,1.0274,4.418
23.4308,1.1268,4.8432
23.4310,1.1563,4.963
23.4312,1.199,5.1462
23.4314,1.2308,5.2974
23.4316,1.1286,4.8599
23.4318,1.095,4.7039
23.4320,1.1603,4.9893
23.4322,1.1716,5.0424
23.4324,1.0721,4.6098
23.4326,1.1324,4.8669
23.4328,1.1373,4.8903
23.4330,1.1694,5.0308
23.4332,1.183,5.082
23.4334,1.1861,5.0978
23.4336,1.174,5.0481
23.4338,1.1348,4.8817
23.4340,1.1796,5.0699
23.4342,1.1973,5.1414
23.4344,1.2192,5.24
23.4346,1.1536,4.9627
23.4348,1.1542,4.9653
23.4350,1.0729,4.6242
23.4352,1.0032,4.3239
23.4354,0.9744,4.2057
23.4356,0.8735,3.7735
23.4358,0.8533,3.683
23.4360,0.8721,3.7673
23.4362,0.8782,3.7902
23.4364,0.895,3.8572
23.4366,0.9372,4.0429
23.4368,0.8665,3.74
23.4370,0.8355,3.6059
23.4372,0.8459,3.6543
23.4374,0.8646,3.7351
23.4376,0.8861,3.8208
23.4378,0.9343,4.0342
23.4380,0.844,3.6477
23.4382,0.7782,3.3601
23.4384,0.8151,3.5196
23.4386,0.8158,3.526
23.4388,0.8093,3.4996
23.4390,0.8259,3.5662
23.4392,0.8225,3.55
23.4394,0.8123,3.5077
23.4396,0.8018,3.4637
23.4398,0.7969,3.4393
23.4400,0.8585,3.7001
23.4402,0.9232,3.9792
23.4404,0.9005,3.8882
23.4406,0.8451,3.649
23.4408,0.861,3.7162
23.4410,0.906,3.9012
23.4412,0.9815,4.2225
23.4414,0.9685,4.176
23.4416,0.8906,3.8404
23.4418,0.8873,3.8242
23.4420,0.8856,3.8223
23.4422,0.8748,3.7739
23.4424,0.8633,3.7225
23.4426,0.8667,3.7336
23.4428,0.88,3.7962
23.4430,0.8727,3.7611
23.4432,0.8876,3.8293
23.4434,0.8709,3.7586
23.4436,0.8717,3.757
23.4438,0.9517,4.0941
23.4440,0.9941,4.2807
23.4442,0.9557,4.1231
23.4444,0.8828,3.8086
23.4446,0.8446,3.6402
23.4448,0.9387,4.0421
23.4450,1.0626,4.5733
23.4452,1.0296,4.4294
23.4454,1.0563,4.5423
23.4456,1.0917,4.6987
23.4458,1.121,4.8067
23.4460,1.3415,5.7334
23.4462,1.4762,6.336
23.4464,1.2489,5.3653
23.4466,1.1804,5.0665
23.4468,1.2842,5.5167
23.4470,1.155,4.9643
23.4472,1.0798,4.6476
23.4474,1.053,4.5215
23.4476,1.187,5.0995
23.4478,1.1664,5.0086
23.4480,1.1985,5.149
23.4482,1.1984,5.1484
23.4484,1.2434,5.3317
23.4486,1.211,5.2122
23.4488,1.0999,4.7272
23.4490,1.1496,4.9411
23.4492,1.1478,4.938
23.4494,1.1261,4.8356
23.4496,1.2,5.1623
23.4498,1.1314,4.8673
23.4500,1.103,4.745
23.4502,1.0709,4.6068
23.4504,1.0586,4.5521
23.4506,1.0836,4.6571
23.4508,1.1687,5.0184
23.4510,1.2506,5.375
23.4512,1.1169,4.8049
23.4514,1.0923,4.7035
23.4516,1.0078,4.3395
23.4518,0.9981,4.3017
23.4520,0.9429,4.0658
23.4522,0.9736,4.1904
23.4524,1.0605,4.5582
23.4526,1.0928,4.7012
23.4528,0.9888,4.2579
23.4530,1.0362,4.4598
23.4532,1.1701,5.0152
23.4534,1.3276,5.7059
23.4536,1.1098,4.7789
23.4538,0.9917,4.2564
23.4540,1.1174,4.8092
23.4542,1.0728,4.6065
23.4544,1.1438,4.9204
23.4546,1.1456,4.9304
23.4548,1.0574,4.5533
23.4550,1.0043,4.3225
23.4552,1.0433,4.4819
23.4554,1.159,4.9882
23.4556,1.1078,4.7679
23.4558,1.084,4.6505
23.4560,1.234,5.2965
23.4562,1.2653,5.4308
23.4564,1.3147,5.6349
23.4566,1.3369,5.7327
23.4568,1.3155,5.6407
23.4570,1.3181,5.6546
23.4572,1.2993,5.5816
23.4574,1.2568,5.3892
23.4576,1.3066,5.5974
23.4578,1.377,5.9099
23.4580,1.3446,5.7656
23.4582,1.3743,5.8931
23.4584,1.3237,5.6841
23.4586,1.235,5.3055
23.4588,1.2374,5.3208
23.4590,1.2008,5.1563
23.4592,1.2179,5.2295
23.4594,1.2651,5.4298
23.4596,1.2464,5.357
23.4598,1.1933,5.1335
23.4600,1.18,5.0691
23.4602,1.2087,5.1976
23.4604,1.1665,5.0091
23.4606,1.1958,5.1347
23.4608,1.2192,5.2327
23.4610,1.2306,5.2963
23.4612,1.1042,4.7546
23.4614,1.0969,4.7209
23.4616,1.0983,4.7249
23.4618,1.0862,4.6728
23.4620,1.084,4.6635
23.4622,1.1167,4.8016
23.4624,1.1151,4.7994
23.4626,1.0499,4.5249
23.4628,1.0457,4.5006
23.4630,1.1173,4.8064
23.4632,1.1201,4.8166
23.4634,1.0959,4.7168
23.4636,1.0918,4.6971
23.4638,1.1013,4.74
23.4640,1.1535,4.9576
23.4642,1.1643,5.0086
23.4644,1.153,4.9601
23.4646,1.1218,4.8283
23.4648,1.0855,4.6654
23.4650,1.1495,4.9406
23.4652,1.1902,5.1129
23.4654,1.1422,4.9183
23.4656,1.4688,6.2836
23.4658,1.4931,6.4116
23.4660,1.1938,5.1355
23.4662,1.1315,4.861
23.4664,1.1595,4.9926
23.4666,1.0475,4.5083
23.4668,1.0962,4.7222
23.4670,1.0737,4.6278
23.4672,1.0601,4.5667
23.4674,1.0872,4.6748
23.4676,1.1099,4.7727
23.4678,1.1423,4.9097
23.4680,1.1701,5.0292
23.4682,1.2249,5.2647
23.4684,1.1967,5.146
23.4686,1.1104,4.7859
23.4688,1.0231,4.4097
23.4690,1.0228,4.4081
23.4692,1.0376,4.4681
23.4694,1.0507,4.5222
23.4696,1.0625,4.5728
23.4698,1.0701,4.6123
23.4700,1.0432,4.4981
23.4702,1.0017,4.3172
23.4704,0.9766,4.2092
23.4706,0.9912,4.2544
23.4708,1.3332,5.7114
23.4710,1.2788,5.4987
23.4712,1.1126,4.7908
23.4714,1.0212,4.4035
23.4716,1.0387,4.4769
23.4718,1.0723,4.6173
23.4720,1.0619,4.5724
23.4722,1.055,4.5387
23.4724,1.0638,4.5785
23.4726,1.0969,4.7253
23.4728,1.0869,4.6846
23.4730,1.0711,4.6121
23.4732,1.0138,4.3714
23.4734,0.9578,4.1319
23.4736,0.9484,4.0896
23.4738,0.9451,4.0752
23.4740,0.9797,4.2167
23.4742,1.1042,4.7568
23.4744,1.0912,4.701
23.4746,1.056,4.5471
23.4748,1.0468,4.5094
23.4750,1.0129,4.3658
23.4752,1.0651,4.5842
23.4754,1.0349,4.4645
23.4756,0.9234,3.9853
23.4758,0.9424,4.0638
23.4760,0.9884,4.2618
23.4762,0.9247,3.9873
23.4764,0.9523,4.1062
23.4766,0.9374,4.0439
23.4768,0.9307,4.0112
23.4770,0.9653,4.1645
23.4772,0.9517,4.1017
23.4774,1.031,4.4376
23.4776,1.079,4.6462
23.4778,1.034,4.4526
23.4780,1.061,4.5624
23.4782,1.1273,4.8452
23.4784,1.1243,4.8346
23.4786,1.1018,4.7465
23.4788,1.0643,4.5848
23.4790,1.0864,4.6782
23.4792,1.0286,4.4335
23.4794,0.948,4.0857
23.4796,0.9298,4.0132
23.4798,0.9358,4.0353
23.4800,0.9324,4.0166
23.4802,0.9471,4.0783
23.4804,1.0378,4.4727
23.4806,1.0318,4.4345
23.4808,1.1526,4.9494
23.4810,1.1343,4.8865
23.4812,0.9995,4.3099
23.4814,0.9068,3.9102
23.4816,0.8866,3.8246
23.4818,0.9097,3.9263
23.4820,0.905,3.9043
23.4822,0.8911,3.8443
23.4824,0.8758,3.7798
23.4826,0.878,3.7879
23.4828,0.8862,3.8266
23.4830,0.8806,3.8023
23.4832,0.8861,3.8226
23.4834,0.8942,3.8506
23.4836,1.0098,4.3503
23.4838,1.0185,4.3875
23.4840,0.9795,4.2098
23.4842,1.05,4.5233
23.4844,1.025,4.4159
23.4846,0.978,4.2154
23.4848,0.9342,4.0281
23.4850,0.8987,3.8769
23.4852,0.8864,3.8206
23.4854,0.8738,3.7698
23.4856,0.8852,3.8172
23.4858,0.8843,3.813
23.4860,0.9158,3.949
23.4862,0.9616,4.1446
23.4864,0.9838,4.2362
23.4866,0.9959,4.2924
23.4868,0.9728,4.1907
23.4870,0.9892,4.2575
23.4872,1.0422,4.4689
23.4874,1.305,5.5803
23.4876,1.4912,6.3854
23.4878,1.425,6.1191
23.4880,1.2254,5.2643
23.4882,1.1935,5.1225
23.4884,1.2129,5.2035
23.4886,1.2397,5.3232
23.4888,1.1748,5.047
23.4890,1.1453,4.9294
23.4892,1.118,4.8006
23.4894,1.2324,5.2918
23.4896,1.2153,5.2186
23.4898,1.2207,5.2443
23.4900,1.218,5.2275
23.4902,1.2436,5.3451
23.4904,1.2008,5.1587
23.4906,1.1908,5.1155
23.4908,1.2125,5.2039
23.4910,1.2619,5.4184
23.4912,1.2404,5.3262
23.4914,1.2247,5.2564
23.4916,1.2442,5.3402
23.4918,1.2224,5.2564
23.4920,1.1569,4.9772
23.4922,1.15,4.9357
23.4924,1.2705,5.4453
23.4926,1.3628,5.8437
23.4928,1.3452,5.7735
23.4930,1.2855,5.5198
23.4932,1.2681,5.4401
23.4934,1.2874,5.5255
23.4936,1.2861,5.525
23.4938,1.2453,5.3449
23.4940,1.3268,5.6868
23.4942,1.3436,5.7588
23.4944,1.3201,5.6607
23.4946,1.3134,5.6398
23.4948,1.2356,5.3106
23.4950,1.2586,5.4121
23.4952,1.235,5.3031
23.4954,1.2584,5.3959
23.4956,1.3333,5.7226
23.4958,1.3149,5.6486
23.4960,1.2502,5.3635
23.4962,1.2795,5.4992
23.4964,1.2505,5.3745
23.4966,1.2708,5.4621
23.4968,1.1952,5.1345
23.4970,1.2356,5.3081
23.4972,1.2009,5.1617
23.4974,1.2168,5.2321
23.4976,1.1854,5.0899
23.4978,1.2477,5.3676
23.4980,1.1792,5.0755
23.4982,1.1674,5.022
23.4984,1.23,5.279
23.4986,1.2464,5.357
23.4988,1.1641,5.0081
23.4990,1.1404,4.9151
23.4992,1.0627,4.5781
23.4994,1.1379,4.8974
23.4996,1.0985,4.7303
23.4998,1.0711,4.6121
23.5000,1.0689,4.6007
23.5002,1.0603,4.5678
23.5004,1.097,4.7149
23.5006,1.1959,5.1424
23.5008,1.2086,5.2019
23.5010,1.1404,4.9128
23.5012,1.0958,4.7163
23.5014,1.0945,4.7128
23.5016,1.0929,4.7105
23.5018,1.0667,4.5887
23.5020,1.1085,4.7776
23.5022,0.9792,4.2264
23.5024,0.939,4.0563
23.5026,0.9129,3.9366
23.5028,0.9346,4.032
23.5030,0.9374,4.0383
23.5032,0.9933,4.281
23.5034,0.9683,4.1774
23.5036,0.9605,4.1457
23.5038,0.9348,4.027
23.5040,0.9964,4.2944
23.5042,0.9783,4.2203
23.5044,0.9792,4.2186
23.5046,1.0107,4.358
23.5048,0.9271,4.0069
23.5050,0.841,3.6365
23.5052,0.837,3.611
23.5054,0.9236,3.99
23.5056,0.8619,3.7163
23.5058,0.9267,3.9998
23.5060,0.9386,4.0472
23.5062,0.9069,3.9144
23.5064,0.9039,3.9032
23.5066,0.9189,3.9624
23.5068,0.9418,4.065
23.5070,0.8745,3.7689
23.5072,0.9228,3.9771
23.5074,0.9435,4.0741
23.5076,0.8904,3.843
23.5078,0.9235,3.9765
23.5080,1.0072,4.343
23.5082,0.9784,4.2189
23.5084,0.9845,4.2374
23.5086,1.061,4.5645
23.5088,1.1031,4.7456
23.5090,1.0591,4.552
23.5092,1.1171,4.8148
23.5094,1.0068,4.3414
23.5096,0.9734,4.1991
23.5098,0.9731,4.1942
23.5100,0.9861,4.252
23.5102,0.9995,4.3039
23.5104,1.0326,4.4402
23.5106,1.0601,4.5625
23.5108,1.0497,4.5202
23.5110,1.125,4.813
23.5112,1.4619,6.2538
23.5114,1.5577,6.6823
23.5116,1.2482,5.3747
23.5118,1.0018,4.3157
23.5120,1.0056,4.3302
23.5122,1.0091,4.3492
23.5124,1.0539,4.5362
23.5126,1.1087,4.7676
23.5128,1.1283,4.8494
23.5130,1.135,4.8896
23.5132,1.018,4.3875
23.5134,1.0295,4.4247
23.5136,1.177,5.0562
23.5138,1.2179,5.2246
23.5140,1.2828,5.5136
23.5142,1.1278,4.8586
23.5144,1.0067,4.3369
23.5146,0.9947,4.2872
23.5148,1.0031,4.3214
23.5150,1.0173,4.3803
23.5152,1.0045,4.3276
23.5154,1.0309,4.4392
23.5156,1.0517,4.539
23.5158,0.9693,4.1777
23.5160,0.9583,4.1282
23.5162,0.9743,4.1994
23.5164,0.9585,4.1311
23.5166,0.977,4.2049
23.5168,1.0677,4.6019
23.5170,1.0042,4.328
23.5172,1.0204,4.3978
23.5174,1.0267,4.419
23.5176,1.0104,4.3569
23.5178,0.9146,3.9457
23.5180,0.8963,3.8665
23.5182,0.9012,3.8805
23.5184,1.0346,4.4552
23.5186,1.0617,4.5718
23.5188,1.0505,4.5212
23.5190,1.0864,4.6739
23.5192,1.0951,4.711
23.5194,1.0736,4.6273
23.5196,0.9766,4.2111
23.5198,0.9309,4.0123
23.5200,0.9692,4.1771
23.5202,0.9601,4.1475
23.5204,0.8922,3.8418
23.5206,1.0653,4.5809
23.5208,1.0979,4.7212
23.5210,1.1141,4.793
23.5212,1.0896,4.6829
23.5214,1.1249,4.8327
23.5216,1.1553,4.9676
23.5218,1.212,5.2188
23.5220,1.1273,4.8452
23.5222,1.1542,4.9538
23.5224,1.2756,5.4623
23.5226,1.4173,6.0602
23.5228,1.4732,6.3114
23.5230,1.4366,6.1599
23.5232,1.3744,5.8991
23.5234,1.3156,5.6385
23.5236,1.3568,5.8235
23.5238,1.3178,5.6457
23.5240,1.4538,6.2253
23.5242,1.4524,6.2162
23.5244,1.4346,6.1575
23.5246,1.3206,5.6707
23.5248,1.3443,5.7726
23.5250,1.3015,5.5888
23.5252,1.2689,5.4513
23.5254,1.2038,5.1692
23.5256,1.2517,5.3721
23.5258,1.2722,5.4729
23.5260,1.2005,5.1644
23.5262,1.1894,5.1098
23.5264,1.2231,5.2521
23.5266,1.208,5.1969
23.5268,1.1362,4.8879
23.5270,1.1567,4.9715
23.5272,1.2404,5.3262
23.5274,1.3068,5.6115
23.5276,1.3053,5.6126
23.5278,1.2116,5.2003
23.5280,1.2573,5.3988
23.5282,1.2543,5.3885
23.5284,1.2416,5.3314
23.5286,1.4764,6.3041
23.5288,1.6863,7.2005
23.5290,1.6093,6.9073
23.5292,1.343,5.775
23.5294,1.2441,5.3472
23.5296,1.1983,5.1599
23.5298,1.1322,4.8754
23.5300,1.124,4.8398
23.5302,1.1485,4.9411
23.5304,1.1647,5.0084
23.5306,1.2011,5.1622
23.5308,1.2314,5.2876
23.5310,1.2673,5.4441
23.5312,1.2316,5.2936
23.5314,1.2045,5.1819
23.5316,1.2101,5.2057
23.5318,1.1591,4.9888
23.5320,1.1044,4.7579
23.5322,1.0352,4.4577
23.5324,1.07,4.6096
23.5326,1.0316,4.4402
23.5328,1.0858,4.6756
23.5330,1.1185,4.8183
23.5332,1.1165,4.8056
23.5334,1.1128,4.7918
23.5336,1.1132,4.7889
23.5338,1.1776,5.0612
23.5340,1.1774,5.0724
23.5342,1.0469,4.5099
23.5344,0.9922,4.2863
23.5346,0.8868,3.8292
23.5348,0.924,3.9916
23.5350,0.8481,3.6637
23.5352,0.8376,3.6186
23.5354,0.8711,3.7562
23.5356,0.9085,3.9247
23.5358,0.7948,3.4416
23.5360,0.7614,3.2937
23.5362,0.7641,3.2996
23.5364,0.8375,3.6198
23.5366,0.8253,3.5653
23.5368,0.8571,3.6957
23.5370,0.9493,4.0895
23.5372,0.9939,4.2935
23.5374,0.8761,3.7866
23.5376,0.8333,3.6
23.5378,0.8097,3.4979
23.5380,0.8086,3.4916
23.5382,0.8084,3.489
23.5384,0.8149,3.5169
23.5386,0.814,3.5166
23.5388,0.8187,3.5384
23.5390,0.8524,3.6823
23.5392,0.8277,3.5789
23.5394,0.8223,3.5539
23.5396,0.8198,3.5381
23.5398,0.8195,3.5388
23.5400,0.8204,3.5407
23.5402,0.8667,3.7336
23.5404,0.9703,4.1895
23.5406,0.8186,3.5379
23.5408,0.8075,3.4886
23.5410,0.809,3.4916
23.5412,0.8113,3.503
23.5414,0.8168,3.5252
23.5416,0.8294,3.5812
23.5418,0.8277,3.5756
23.5420,0.8194,3.5399
23.5422,0.8356,3.6048
23.5424,0.8397,3.6257
23.5426,0.8223,3.549
23.5428,0.8228,3.5494
23.5430,0.8228,3.5494
23.5432,0.8249,3.5604
23.5434,0.8217,3.5497
23.5436,0.8168,3.5268
23.5438,0.8661,3.731
23.5440,0.8957,3.8604
23.5442,0.9391,4.0399
23.5444,1.0346,4.451
23.5446,1.0393,4.4753
23.5448,0.9879,4.2538
23.5450,1.0509,4.5275
23.5452,1.0416,4.483
23.5454,1.0426,4.4934
23.5456,0.9884,4.2559
23.5458,1.0027,4.3138
23.5460,1.008,4.3466
23.5462,0.9224,3.9737
23.5464,1.0129,4.3556
23.5466,1.0796,4.6401
23.5468,1.0619,4.5724
23.5470,1.0024,4.3183
23.5472,1.0523,4.5268
23.5474,1.0369,4.4608
23.5476,1.0403,4.4794
23.5478,0.9973,4.2966
23.5480,0.9731,4.1942
23.5482,0.9894,4.2625
23.5484,1.0162,4.3736
23.5486,0.9996,4.3084
23.5488,0.9512,4.0977
23.5490,0.9598,4.1272
23.5492,1.0113,4.3525
23.5494,1.0207,4.3973
23.5496,0.9822,4.2354
23.5498,0.9691,4.1805
23.5500,0.8832,3.8101
23.5502,0.871,3.7522
23.5504,0.9545,4.1084
23.5506,1.0939,4.6949
23.5508,1.1844,5.0905
23.5510,1.0784,4.6501
23.5512,0.9332,4.0277
23.5514,0.898,3.8666
23.5516,0.9519,4.1027
23.5518,0.9234,3.9853
23.5520,0.7414,3.2041
23.5522,0.6637,2.871
23.5524,0.667,2.8829
23.5526,0.7545,3.2566
23.5528,0.8248,3.5582
23.5530,0.8716,3.7617
23.5532,0.85,3.6686
23.5534,0.8332,3.5894
23.5536,0.8545,3.6916
23.5538,0.8495,3.658
23.5540,0.9549,4.1137
23.5542,0.9033,3.897
23.5544,0.9512,4.0939
23.5546,1.0434,4.4803
23.5548,1.0894,4.6889
23.5550,1.0212,4.3892
23.5552,1.143,4.9013
23.5554,1.2304,5.2712
23.5556,1.3123,5.6299
23.5558,1.2993,5.5738
23.5560,1.2896,5.527
23.5562,1.3007,5.5774
23.5564,1.2866,5.5168
23.5566,1.2687,5.4376
23.5568,1.3068,5.5958
23.5570,1.3678,5.8626
23.5572,1.2928,5.5538
23.5574,1.2073,5.189
23.5576,1.2048,5.1757
23.5578,1.2408,5.3278
23.5580,1.1686,5.0225
23.5582,1.1421,4.9086
23.5584,1.1217,4.8165
23.5586,1.1961,5.1387
23.5588,1.1676,5.0277
23.5590,1.0412,4.4836
23.5592,1.0237,4.4041
23.5594,1.0368,4.4645
23.5596,0.9621,4.1447
23.5598,0.9639,4.1486
23.5600,1.0608,4.5592
23.5602,1.1062,4.7568
23.5604,1.0304,4.4412
23.5606,1.0236,4.4015
23.5608,1.1152,4.7865
23.5610,1.2,5.1623
23.5612,1.0609,4.5682
23.5614,1.0562,4.5439
23.5616,1.0971,4.7154
23.5618,1.0928,4.7121
23.5620,0.9442,4.0678
23.5622,1.0042,4.324
23.5624,0.9785,4.2155
23.5626,0.9583,4.1282
23.5628,1.0254,4.4195
23.5630,1.0104,4.3488
23.5632,1.0096,4.3493
23.5634,0.9658,4.1627
23.5636,0.967,4.164
23.5638,0.982,4.2324
23.5640,0.9333,4.0152
23.5642,1.0158,4.3721
23.5644,1.0078,4.3456
23.5646,0.9664,4.1672
23.5648,0.9723,4.1886
23.5650,0.9553,4.1153
23.5652,0.9462,4.0798
23.5654,0.8969,3.8655
23.5656,0.9343,4.023
23.5658,0.9784,4.2111
23.5660,0.9968,4.296
23.5662,0.9285,4.0075
23.5664,0.8878,3.8298
23.5666,0.8753,3.7707
23.5668,1.0286,4.4191
23.5670,1.1005,4.743
23.5672,0.881,3.8008
23.5674,0.8253,3.5636
23.5676,0.8279,3.575
23.5678,0.814,3.5117
23.5680,0.8145,3.5137
23.5682,0.8343,3.6024
23.5684,0.8372,3.6132
23.5686,0.8309,3.5813
23.5688,0.8809,3.795
23.5690,0.9488,4.0893
23.5692,0.9545,4.1103
23.5694,0.9452,4.0719
23.5696,0.9681,4.1725
23.5698,0.9474,4.0774
23.5700,0.9764,4.1945
23.5702,1.0604,4.5662
23.5704,0.9916,4.2718
23.5706,0.9424,4.0657
23.5708,0.8445,3.6431
23.5710,0.8282,3.5711
23.5712,0.8798,3.7904
23.5714,0.8727,3.7646
23.5716,0.7928,3.4201
23.5718,0.8288,3.5786
23.5720,0.7904,3.4019
23.5722,0.9975,4.2891
23.5724,1.0544,4.5382
23.5726,0.965,4.1668
23.5728,0.8101,3.4946
23.5730,0.8434,3.6384
23.5732,0.8754,3.7695
23.5734,0.9354,4.0295
23.5736,0.8854,3.8248
23.5738,0.721,3.1175
23.5740,0.6846,2.9618
23.5742,0.7078,3.059
23.5744,0.7786,3.3606
23.5746,0.7916,3.4165
23.5748,0.7429,3.2109
23.5750,0.6956,3.0062
23.5752,0.698,3.0179
23.5754,0.6936,2.9951
23.5756,0.7306,3.1546
23.5758,0.7912,3.4134
23.5760,0.8596,3.6996
23.5762,0.9177,3.9536
23.5764,0.8488,3.66
23.5766,0.827,3.5609
23.5768,0.9206,3.9678
23.5770,0.8864,3.8223
23.5772,0.8201,3.5381
23.5774,0.835,3.5972
23.5776,0.9334,4.0213
23.5778,0.9232,3.9737
23.5780,0.9346,4.019
23.5782,0.9545,4.1065
23.5784,0.9179,3.9541
23.5786,0.9103,3.9216
23.5788,0.8983,3.8699
23.5790,0.9296,3.9992
23.5792,0.9782,4.2042
23.5794,1.0289,4.4242
23.5796,1.0458,4.4948
23.5798,1.0338,4.4412
23.5800,1.1099,4.7705
23.5802,1.1059,4.7596
23.5804,0.9802,4.2208
23.5806,0.9756,4.2011
23.5808,0.983,4.2267
23.5810,0.9987,4.3003
23.5812,0.8794,3.7901
23.5814,0.9139,3.9352
23.5816,0.9515,4.0955
23.5818,0.9061,3.9035
23.5820,0.8836,3.8064
23.5822,0.9013,3.8846
23.5824,0.8983,3.8699
23.5826,0.8822,3.7936
23.5828,0.9349,4.0256
23.5830,0.8776,3.7841
23.5832,0.8182,3.5249
23.5834,0.9079,3.9112
23.5836,0.9065,3.905
23.5838,0.8248,3.5648
23.5840,0.6978,3.016
23.5842,0.6905,2.9817
23.5844,0.6936,2.9965
23.5846,0.682,2.9476
23.5848,0.6934,2.9955
23.5850,0.6613,2.8593
23.5852,0.6198,2.6812
23.5854,0.6199,2.6817
23.5856,0.6036,2.6099
23.5858,0.6066,2.6217
23.5860,0.6601,2.8436
23.5862,0.796,3.4341
23.5864,0.7513,3.2427
23.5866,0.7609,3.281
23.5868,0.9129,3.9238
23.5870,0.9858,4.2391
23.5872,0.9396,4.042
23.5874,0.9216,3.9609
23.5876,1.0459,4.4953
23.5878,0.9968,4.284
23.5880,1.0532,4.5204
23.5882,1.0653,4.5745
23.5884,1.1361,4.8692
23.5886,1.2592,5.3895
23.5888,1.317,5.6368
23.5890,1.3235,5.6619
23.5892,1.3554,5.801
23.5894,1.3339,5.7118
23.5896,1.3171,5.6426
23.5898,1.2808,5.4972
23.5900,1.2706,5.4357
23.5902,1.4244,6.0681
23.5904,1.6501,7.036
23.5906,1.6629,7.1074
23.5908,1.4669,6.2871
23.5910,1.2536,5.3779
23.5912,1.2194,5.2337
23.5914,1.2325,5.2898
23.5916,1.2261,5.2503
23.5918,1.2993,5.5661
23.5920,1.3477,5.7763
23.5922,1.3372,5.7284
23.5924,1.2545,5.392
23.5926,1.1502,4.9437
23.5928,1.1207,4.8191
23.5930,1.0459,4.4995
23.5932,1.0997,4.7201
23.5934,1.1948,5.121
23.5936,1.2427,5.3335
23.5938,1.2434,5.3317
23.5940,1.2339,5.2984
23.5942,1.15,4.9495
23.5944,1.0723,4.6151
23.5946,1.0747,4.6104
23.5948,1.153,4.9578
23.5950,1.0893,4.6797
23.5952,1.0447,4.4964
23.5954,1.0326,4.4484
23.5956,0.9952,4.2833
23.5958,0.979,4.2156
23.5960,0.9756,4.2031
23.5962,1.0133,4.3592
23.5964,1.0364,4.465
23.5966,0.9517,4.096
23.5968,1.0189,4.3855
23.5970,1.0322,4.4469
23.5972,0.9964,4.2845
23.5974,1.0489,4.5103
23.5976,1.0339,4.4459
23.5978,1.0397,4.4706
23.5980,1.0832,4.6534
23.5982,1.0681,4.6013
23.5984,1.0081,4.3411
23.5986,1.0408,4.4773
23.5988,1.0045,4.3256
23.5990,0.9806,4.2184
23.5992,1.0361,4.4551
23.5994,0.9985,4.3017
23.5996,0.9108,3.9255
23.5998,0.8753,3.7742
23.6000,0.9277,3.9965
23.6002,0.9956,4.2868
23.6004,0.9879,4.2538
23.6006,0.9762,4.2018
23.6008,0.9771,4.2093
23.6010,0.9102,3.9265
23.6012,0.8092,3.4942
23.6014,0.8054,3.4777
23.6016,0.8364,3.6067
23.6018,0.8239,3.559
23.6020,0.795,3.4278
23.6022,0.8808,3.8016
23.6024,0.823,3.5505
23.6026,0.7982,3.4434
23.6028,0.8456,3.6511
23.6030,0.8081,3.4879
23.6032,0.8071,3.4768
23.6034,0.9066,3.9001
23.6036,0.9539,4.1096
23.6038,0.893,3.8454
23.6040,0.8839,3.8097
23.6042,0.8298,3.5833
23.6044,0.8104,3.501
23.6046,0.7213,3.1176
23.6048,0.6833,2.9533
23.6050,0.7018,3.0331
23.6052,0.7773,3.355
23.6054,0.7846,3.3849
23.6056,0.7523,3.2483
23.6058,0.7489,3.2368
23.6060,0.7493,3.2369
23.6062,0.7587,3.2747
23.6064,0.7423,3.2038
23.6066,0.8044,3.4655
23.6068,0.9123,3.9249
23.6070,0.9679,4.1695
23.6072,0.8527,3.677
23.6074,0.7992,3.4443
23.6076,0.8547,3.687
23.6078,0.8548,3.6824
23.6080,0.9133,3.9327
23.6082,0.9044,3.8926
23.6084,0.9169,3.9482
23.6086,0.9301,4.0049
23.6088,0.9446,4.0655
23.6090,0.9307,4.0075
23.6092,0.9375,4.037
23.6094,0.8694,3.7507
23.6096,0.7764,3.3524
23.6098,0.7458,3.2174
23.6100,0.8206,3.527
23.6102,0.9885,4.2603
23.6104,0.815,3.5158
23.6106,0.7782,3.3555
23.6108,0.8079,3.4805
23.6110,0.8779,3.7821
23.6112,0.9628,4.144
23.6114,0.9644,4.1468
23.6116,1.0035,4.3189
23.6118,1.0508,4.5038
23.6120,1.1916,5.1119
23.6122,1.2404,5.3387
23.6124,0.9747,4.199
23.6126,0.9209,3.9615
23.6128,1.0132,4.3526
23.6130,1.1399,4.8925
23.6132,1.1717,5.0219
23.6134,1.1979,5.1344
23.6136,1.1785,5.0582
23.6138,1.1009,4.7429
23.6140,0.873,3.7697
23.6142,0.7762,3.3503
23.6144,0.7553,3.2582
23.6146,0.743,3.2069
23.6148,0.7364,3.18
23.6150,0.7406,3.1951
23.6152,0.7334,3.167
23.6154,0.7361,3.1784
23.6156,0.7325,3.1614
23.6158,0.7164,3.0935
23.6160,0.7658,3.3022
23.6162,0.7972,3.4361
23.6164,0.7975,3.4371
23.6166,0.8786,3.7799
23.6168,0.9069,3.9071
23.6170,0.847,3.6573
23.6172,0.7175,3.0996
23.6174,0.684,2.9537
23.6176,0.6855,2.9585
23.6178,0.717,3.0932
23.6180,0.7527,3.2489
23.6182,0.7158,3.088
23.6184,0.7441,3.2071
23.6186,0.8171,3.5251
23.6188,0.8398,3.6162
23.6190,0.8531,3.6769
23.6192,0.8444,3.6392
23.6194,0.8138,3.5074
23.6196,0.811,3.4955
23.6198,0.8518,3.6695
23.6200,0.8812,3.7943
23.6202,0.8948,3.8585
23.6204,0.8403,3.6182
23.6206,0.8851,3.806
23.6208,0.9523,4.0928
23.6210,0.9975,4.2811
23.6212,1.0197,4.3763
23.6214,1.0549,4.534
23.6216,1.068,4.5859
23.6218,1.1463,4.9198
23.6220,1.2043,5.1592
23.6222,1.1863,5.094
23.6224,1.1499,4.9306
23.6226,1.1876,5.095
23.6228,1.2279,5.2531
23.6230,1.279,5.4818
23.6232,1.2122,5.198
23.6234,1.2343,5.3
23.6236,1.1464,4.9134
23.6238,1.1897,5.0989
23.6240,1.2038,5.1668
23.6242,1.1277,4.8468
23.6244,1.055,4.5408
23.6246,0.9693,4.168
23.6248,1.0038,4.3185
23.6250,1.0173,4.3762
23.6252,1.0242,4.4041
23.6254,1.0242,4.4
23.6256,1.0222,4.3933
23.6258,1.0146,4.3628
23.6260,0.9905,4.2652
23.6262,1.0107,4.3479
23.6264,1.0658,4.5766
23.6266,1.1157,4.7886
23.6268,1.1104,4.7704
23.6270,1.082,4.6418
23.6272,1.1526,4.954
23.6274,1.0656,4.5777
23.6276,1.1213,4.8127
23.6278,1.2139,5.2028
23.6280,1.1914,5.1157
23.6282,1.1447,4.92
23.6284,1.053,4.5236
23.6286,1.0809,4.648
23.6288,1.07,4.6032
23.6290,1.0338,4.4412
23.6292,1.0374,4.4608
23.6294,1.0061,4.3323
23.6296,0.9314,4.0088
23.6298,1.0091,4.327
23.6300,1.1422,4.9046
23.6302,1.1523,4.9524
23.6304,1.1045,4.7495
23.6306,1.0448,4.499
23.6308,0.927,3.9971
23.6310,0.8866,3.8228
23.6312,0.8181,3.526
23.6314,0.8346,3.5923
23.6316,0.9601,4.1302
23.6318,1.1771,5.0379
23.6320,1.3476,5.765
23.6322,1.3491,5.804
23.6324,1.0725,4.6183
23.6326,0.9879,4.2479
23.6328,0.959,4.1294
23.6330,0.9812,4.2151
23.6332,1.115,4.7877
23.6334,1.1505,4.9493
23.6336,1.0038,4.3245
23.6338,0.8993,3.8795
23.6340,0.8844,3.81
23.6342,0.8456,3.6477
23.6344,0.8434,3.6333
23.6346,0.8661,3.7327
23.6348,0.8964,3.8617
23.6350,0.953,4.1093
23.6352,0.8423,3.6304
23.6354,0.8213,3.5465
23.6356,0.7096,3.0682
23.6358,0.6254,2.703
23.6360,0.6375,2.7554
23.6362,0.682,2.9463
23.6364,0.7465,3.216
23.6366,0.8211,3.5422
23.6368,0.7867,3.4016
23.6370,0.6788,2.9282
23.6372,0.7188,3.1053
23.6374,0.6971,3.0115
23.6376,0.7089,3.0595
23.6378,0.7115,3.0751
23.6380,0.6749,2.9184
23.6382,0.6944,2.9927
23.6384,0.7615,3.2912
23.6386,0.6816,2.9488
23.6388,0.6559,2.8333
23.6390,0.6639,2.8681
23.6392,0.6555,2.8331
23.6394,0.6572,2.8404
23.6396,0.653,2.8196
23.6398,0.6724,2.9062
23.6400,0.659,2.8481
23.6402,0.6526,2.8207
23.6404,0.6583,2.8424
23.6406,0.7227,3.1204
23.6408,0.6751,2.9149
23.6410,0.6542,2.8274
23.6412,0.6519,2.8163
23.6414,0.685,2.9565
23.6416,0.6844,2.9566
23.6418,0.653,2.8196
23.6420,0.6646,2.8698
23.6422,0.6548,2.8261
23.6424,0.6469,2.7958
23.6426,0.6481,2.801
23.6428,0.6453,2.7852
23.6430,0.6598,2.8518
23.6432,0.6677,2.8846
23.6434,0.6633,2.8641
23.6436,0.6549,2.8266
23.6438,0.6535,2.8204
23.6440,0.7164,3.0849
23.6442,0.7971,3.4276
23.6444,0.8976,3.8614
23.6446,0.8843,3.8095
23.6448,0.8517,3.6639
23.6450,0.8496,3.6585
23.6452,0.783,3.373
23.6454,0.8157,3.5157
23.6456,0.7809,3.3627
23.6458,0.7803,3.3632
23.6460,0.8159,3.5167
23.6462,0.8392,3.6102
23.6464,0.8887,3.8197
23.6466,1.0005,4.298
23.6468,1.0141,4.3588
23.6470,1.0138,4.3511
23.6472,1.0024,4.3103
23.6474,0.8932,3.8424
23.6476,0.871,3.7504
23.6478,0.8837,3.8034
23.6480,0.8908,3.8356
23.6482,0.8845,3.8017
23.6484,0.9366,4.0253
23.6486,0.9792,4.2088
23.6488,0.9941,4.2767
23.6490,0.9027,3.889
23.6492,0.8783,3.7714
23.6494,0.976,4.1968
23.6496,0.9433,4.0561
23.6498,0.9723,4.1847
23.6500,0.878,3.7809
23.6502,0.8039,3.4602
23.6504,0.8741,3.7586
23.6506,0.9144,3.9428
23.6508,0.7908,3.4161
23.6510,0.6523,2.8191
23.6512,0.6067,2.621
23.6514,0.6173,2.6641
23.6516,0.7217,3.1119
23.6518,0.734,3.1696
23.6520,0.6429,2.7761
23.6522,0.6272,2.7096
23.6524,0.6378,2.7526
23.6526,0.6963,3.0009
23.6528,0.8048,3.4574
23.6530,0.9909,4.2429
23.6532,1.259,5.3834
23.6534,1.2959,5.5465
23.6536,1.1831,5.0801
23.6538,1.0339,4.4459
23.6540,1.0224,4.3984
23.6542,0.9886,4.249
23.6544,0.9325,4.0041
23.6546,1.0152,4.3553
23.6548,1.0524,4.5168
23.6550,1.0768,4.624
23.6552,1.0645,4.5731
23.6554,1.0734,4.6026
23.6556,1.1711,5.0146
23.6558,1.2619,5.4058
23.6560,1.2013,5.1488
23.6562,1.1997,5.1325
23.6564,1.2563,5.3771
23.6566,1.2571,5.3878
23.6568,1.2443,5.3258
23.6570,1.2292,5.271
23.6572,1.2147,5.2112
23.6574,1.1496,4.9273
23.6576,1.1442,4.9088
23.6578,1.1629,4.989
23.6580,1.1223,4.8191
23.6582,1.1211,4.8095
23.6584,1.1411,4.8954
23.6586,1.12,4.8093
23.6588,1.0824,4.6498
23.6590,1.0717,4.6061
23.6592,1.0587,4.5441
23.6594,1.1316,4.8547
23.6596,1.22,5.229
23.6598,1.1484,4.9405
23.6600,1.0583,4.5421
23.6602,1.1566,4.9548
23.6604,1.2193,5.2381
23.6606,1.0589,4.5446
23.6608,1.0685,4.5901
23.6610,1.1191,4.803
23.6612,1.1025,4.7408
23.6614,0.983,4.2208
23.6616,1.046,4.5
23.6618,1.0229,4.3964
23.6620,1.0217,4.3912
23.6622,1.0244,4.399
23.6624,1.0597,4.5567
23.6626,0.9894,4.2625
23.6628,0.9397,4.0444
23.6630,0.9483,4.0796
23.6632,0.9867,4.2467
23.6634,0.9691,4.1669
23.6636,1.0391,4.4618
23.6638,1.039,4.4717
23.6640,0.9198,3.9642
23.6642,0.8893,3.8294
23.6644,0.9019,3.88
23.6646,0.9713,4.1787
23.6648,0.9971,4.2876
23.6650,1.0151,4.3609
23.6652,1.0249,4.4113
23.6654,0.9797,4.2148
23.6656,0.9488,4.0836
23.6658,0.9361,4.027
23.6660,0.9837,4.2338
23.6662,0.9755,4.1948
23.6664,1.0456,4.4938
23.6666,1.0177,4.3783
23.6668,0.912,3.9306
23.6670,0.8798,3.7904
23.6672,0.8968,3.8632
23.6674,0.8855,3.8164
23.6676,0.9219,3.9698
23.6678,0.9362,4.0313
23.6680,0.8695,3.7477
23.6682,0.8716,3.7495
23.6684,0.8988,3.8738
23.6686,0.8595,3.706
23.6688,0.8433,3.6328
23.6690,0.9036,3.8945
23.6692,0.8771,3.7785
23.6694,0.8869,3.8173
23.6696,0.9741,4.1886
23.6698,1.0211,4.3886
23.6700,0.959,4.1255
23.6702,0.9235,3.9858
23.6704,0.7735,3.3399
23.6706,0.7504,3.2385
23.6708,0.7538,3.2535
23.6710,0.752,3.2443
23.6712,0.7731,3.3307
23.6714,0.8279,3.5667
23.6716,0.7876,3.3995
23.6718,0.791,3.4155
23.6720,0.7874,3.3937
23.6722,0.8252,3.5532
23.6724,0.8826,3.8023
23.6726,0.8646,3.73
23.6728,0.7842,3.3735
23.6730,0.9102,3.9174
23.6732,0.8397,3.6224
23.6734,0.8515,3.6566
23.6736,1.1596,4.9676
23.6738,1.1996,5.1584
23.6740,0.9836,4.2332
23.6742,0.9183,3.9507
23.6744,0.864,3.7256
23.6746,0.7749,3.3431
23.6748,0.7556,3.2598
23.6750,0.7512,3.2421
23.6752,0.8039,3.465
23.6754,0.8475,3.6492
23.6756,0.8873,3.8189
23.6758,0.8623,3.715
23.6760,0.8476,3.6531
23.6762,0.7958,3.4299
23.6764,0.8418,3.635
23.6766,0.7821,3.3616
23.6768,1.0185,4.3773
23.6770,0.9571,4.1249
23.6772,0.9366,4.0272
23.6774,0.9625,4.1328
23.6776,1.0204,4.3937
23.6778,0.9874,4.2478
23.6780,0.9563,4.1084
23.6782,1.0048,4.3286
23.6784,0.9485,4.0788
23.6786,0.9682,4.1653
23.6788,1.1018,4.7311
23.6790,1.0406,4.4643
23.6792,1.1234,4.8282
23.6794,1.1091,4.7625
23.6796,1.0505,4.5212
23.6798,1.0012,4.3131
23.6800,0.8946,3.8342
23.6802,1.0571,4.5475
23.6804,0.9364,4.0304
23.6806,0.998,4.2952
23.6808,0.9232,3.9644
23.6810,0.9957,4.2854
23.6812,1.0107,4.3519
23.6814,0.889,3.8207
23.6816,1.0006,4.3045
23.6818,1.1009,4.7319
23.6820,1.0619,4.5617
23.6822,0.9681,4.1647
23.6824,0.9157,3.9485
23.6826,0.843,3.6352
23.6828,0.8646,3.7213
23.6830,0.9065,3.9069
23.6832,0.7825,3.3803
23.6834,0.6488,2.8067
23.6836,0.6267,2.7087
23.6838,0.6682,2.8827
23.6840,0.7457,3.2198
23.6842,0.7127,3.0774
23.6844,0.7304,3.1541
23.6846,0.6791,2.9338
23.6848,0.7145,3.0866
23.6850,0.6617,2.8508
23.6852,0.7414,3.1938
23.6854,0.7856,3.3875
23.6856,0.7313,3.1621
23.6858,0.7209,3.1098
23.6860,0.7669,3.2992
23.6862,0.8637,3.7224
23.6864,0.8621,3.7122
23.6866,0.8771,3.768
23.6868,1.0023,4.3138
23.6870,0.9605,4.1284
23.6872,0.9862,4.2407
23.6874,0.9703,4.1721
23.6876,0.9994,4.2974
23.6878,1.0417,4.4669
23.6880,1.2381,5.3066
23.6882,1.1985,5.1442
23.6884,1.138,4.8866
23.6886,1.0735,4.6096
23.6888,1.0878,4.673
23.6890,1.0749,4.6222
23.6892,1.0752,4.6168
23.6894,1.0668,4.585
23.6896,1.0982,4.7134
23.6898,1.1162,4.7862
23.6900,1.1356,4.8672
23.6902,1.1748,5.0423
23.6904,1.1484,4.9268
23.6906,1.1653,5.0039
23.6908,1.1192,4.8057
23.6910,1.1283,4.8494
23.6912,1.0655,4.5729
23.6914,1.083,4.6524
23.6916,1.076,4.6161
23.6918,1.1988,5.138
23.6920,1.2194,5.2288
23.6922,1.1923,5.1174
23.6924,1.1376,4.8873
23.6926,1.0786,4.6317
23.6928,1.0981,4.7129
23.6930,1.1338,4.8731
23.6932,1.0664,4.577
23.6934,1.1236,4.827
23.6936,1.1158,4.7891
23.6938,1.1412,4.8936
23.6940,1.162,4.9802
23.6942,1.2032,5.1618
23.6944,1.1682,5.028
23.6946,0.992,4.2714
23.6948,0.9579,4.119
23.6950,1.0324,4.435
23.6952,1.0267,4.4211
23.6954,0.9754,4.1943
23.6956,1.0331,4.4402
23.6958,1.0231,4.4015
23.6960,0.9683,4.1716
23.6962,0.9203,3.9571
23.6964,1.1442,4.9042
23.6966,1.293,5.5419
23.6968,1.2708,5.4646
23.6970,0.9187,3.9541
23.6972,0.9496,4.0853
23.6974,0.9689,4.1722
23.6976,1.0075,4.3365
23.6978,0.9381,4.0452
23.6980,0.8495,3.6614
23.6982,0.8551,3.6891
23.6984,0.8067,3.4769
23.6986,0.8615,3.7131
23.6988,0.848,3.6547
23.6990,0.8483,3.6579
23.6992,0.8703,3.7508
23.6994,0.9694,4.153
23.6996,1.2897,5.5404
23.6998,1.0664,4.5898
23.7000,0.9228,3.979
23.7002,0.7954,3.4315
23.7004,0.7837,3.3824
23.7006,0.7139,3.0855
23.7008,0.6986,3.0191
23.7010,0.6921,2.9884
23.7012,0.7627,3.2888
23.7014,0.8003,3.4511
23.7016,0.8381,3.6089
23.7018,0.8472,3.6499
23.7020,0.8137,3.5101
23.7022,0.7914,3.4187
23.7024,0.7358,3.1774
23.7026,0.7601,3.2774
23.7028,0.8583,3.6974
23.7030,0.8677,3.7399
23.7032,0.7669,3.3115
23.7034,0.698,3.0152
23.7036,0.7055,3.0464
23.7038,0.7391,3.1869
23.7040,0.7987,3.4471
23.7042,0.7073,3.0598
23.7044,0.6135,2.653
23.7046,0.6266,2.7057
23.7048,0.6779,2.9259
23.7050,0.6661,2.876
23.7052,0.6472,2.7973
23.7054,0.6496,2.8103
23.7056,0.65,2.8093
23.7058,0.6393,2.7619
23.7060,0.6623,2.8507
23.7062,0.8562,3.6835
23.7064,0.8687,3.7441
23.7066,0.7357,3.1754
23.7068,0.7476,3.2236
23.7070,0.7593,3.2758
23.7072,0.7593,3.2728
23.7074,0.783,3.3761
23.7076,0.8069,3.4763
23.7078,0.8743,3.7666
23.7080,0.8436,3.631
23.7082,0.8918,3.8402
23.7084,0.7988,3.4476
23.7086,0.7504,3.237
23.7088,0.7501,3.2315
23.7090,0.7983,3.4391
23.7092,0.7978,3.4355
23.7094,0.8645,3.7191
23.7096,0.9337,4.0204
23.7098,0.8596,3.7048
23.7100,0.7728,3.3337
23.7102,0.7277,3.1393
23.7104,0.8085,3.4814
23.7106,0.8879,3.8179
23.7108,0.9073,3.9014
23.7110,0.9057,3.8965
23.7112,0.8254,3.5559
23.7114,0.8005,3.4484
23.7116,0.8061,3.4743
23.7118,0.8193,3.5197
23.7120,1.0103,4.3402
23.7122,1.0396,4.4722
23.7124,0.8625,3.7172
23.7126,0.797,3.4223
23.7128,0.9894,4.2566
23.7130,0.8698,3.7505
23.7132,0.7888,3.3999
23.7134,0.8316,3.5811
23.7136,0.833,3.5867
23.7138,0.87,3.748
23.7140,0.8709,3.7447
23.7142,0.8469,3.6483
23.7144,0.77,3.3234
23.7146,0.7646,3.297
23.7148,0.7573,3.267
23.7150,0.7587,3.2702
23.7152,0.7547,3.2541
23.7154,0.7378,3.1797
23.7156,0.7838,3.3735
23.7158,0.8772,3.7755
23.7160,0.8631,3.7163
23.7162,0.8867,3.811
23.7164,0.9748,4.1897
23.7166,0.9294,4.0111
23.7168,0.7349,3.1703
23.7170,0.7613,3.2826
23.7172,0.7539,3.251
23.7174,0.7591,3.2702
23.7176,0.875,3.761
23.7178,0.9372,4.0354
23.7180,0.8171,3.5202
23.7182,0.794,3.4237
23.7184,0.7457,3.2153
23.7186,0.7346,3.1648
23.7188,0.7448,3.2117
23.7190,0.7344,3.1638
23.7192,0.8658,3.7195
23.7194,0.9768,4.2024
23.7196,0.8944,3.8457
23.7198,0.9167,3.9416
23.7200,0.9343,4.0193
23.7202,0.934,4.0182
23.7204,0.8677,3.7382
23.7206,0.8736,3.753
23.7208,1.0783,4.6215
23.7210,1.2253,5.2442
23.7212,1.2439,5.3263
23.7214,1.2153,5.2138
23.7216,1.1439,4.9049
23.7218,1.1434,4.9006
23.7220,1.1785,5.0559
23.7222,1.156,4.9569
23.7224,1.1935,5.1106
23.7226,1.2324,5.2745
23.7228,1.2674,5.432
23.7230,1.2171,5.2239
23.7232,1.0797,4.6363
23.7234,1.037,4.453
23.7236,1.0187,4.3804
23.7238,1.0531,4.5241
23.7240,1.0663,4.5765
23.7242,1.1495,4.9245
23.7244,1.24,5.3247
23.7246,1.0934,4.6928
23.7248,1.0662,4.5782
23.7250,1.0987,4.7265
23.7252,1.0163,4.3538
23.7254,1.2139,5.1955
23.7256,1.2115,5.207
23.7258,1.0983,4.7183
23.7260,1.0556,4.535
23.7262,1.0806,4.6378
23.7264,1.1228,4.8212
23.7266,1.0958,4.7097
23.7268,1.0283,4.4175
23.7270,1.0549,4.5319
23.7272,1.1033,4.7311
23.7274,1.1687,5.0184
23.7276,1.0611,4.5629
23.7278,1.0683,4.5874
23.7280,1.0548,4.5292
23.7282,1.0664,4.5856
23.7284,1.0326,4.4464
23.7286,0.9475,4.076
23.7288,0.9406,4.0447
23.7290,0.9956,4.2769
23.7292,1.0878,4.6708
23.7294,1.1445,4.9166
23.7296,1.1083,4.7633
23.7298,1.0573,4.5485
23.7300,0.9815,4.2186
23.7302,0.9843,4.2363
23.7304,0.9637,4.1476
23.7306,0.9814,4.2259
23.7308,0.9418,4.0537
23.7310,0.9319,4.0127
23.7312,0.9119,3.9283
23.7314,0.8782,3.7884
23.7316,0.8681,3.7345
23.7318,0.9477,4.077
23.7320,0.993,4.2661
23.7322,1.0144,4.3659
23.7324,0.977,4.199
23.7326,1.0721,4.6098
23.7328,1.0316,4.4423
23.7330,0.9458,4.0707
23.7332,0.9831,4.2273
23.7334,1.0027,4.3078
23.7336,1.0123,4.3551
23.7338,0.873,3.7644
23.7340,0.7773,3.355
23.7342,0.7872,3.3974
23.7344,0.8043,3.4617
23.7346,0.9248,3.9822
23.7348,0.8615,3.7148
23.7350,0.8026,3.4641
23.7352,0.8024,3.4599
23.7354,0.7494,3.2344
23.7356,0.732,3.1623
23.7358,0.7115,3.068
23.7360,0.955,4.1028
23.7362,1.1447,4.9039
23.7364,1.1674,5.0244
23.7366,0.9093,3.9193
23.7368,0.8456,3.6528
23.7370,0.6652,2.8777
23.7372,0.6077,2.63
23.7374,0.5957,2.5745
23.7376,0.6438,2.7823
23.7378,0.6456,2.7875
23.7380,0.6643,2.8683
23.7382,0.6529,2.8191
23.7384,0.6703,2.8968
23.7386,0.6388,2.7598
23.7388,0.6346,2.7442
23.7390,0.6337,2.735
23.7392,0.7545,3.2521
23.7394,0.8199,3.5337
23.7396,0.8013,3.4504
23.7398,0.7615,3.2882
23.7400,0.644,2.7821
23.7402,0.6361,2.7492
23.7404,0.6298,2.7222
23.7406,0.6277,2.7129
23.7408,0.6292,2.7184
23.7410,0.6271,2.7103
23.7412,0.6348,2.7409
23.7414,0.6421,2.7738
23.7416,0.6314,2.7264
23.7418,0.6288,2.715
23.7420,0.6273,2.7113
23.7422,0.6478,2.7973
23.7424,0.6734,2.9063
23.7426,0.6366,2.75
23.7428,0.6221,2.6898
23.7430,0.6156,2.6593
23.7432,0.6325,2.7298
23.7434,0.7168,3.0893
23.7436,0.787,3.389
23.7438,0.845,3.6384
23.7440,0.844,3.6342
23.7442,0.8962,3.8552
23.7444,0.8879,3.825
23.7446,0.761,3.283
23.7448,0.7511,3.2341
23.7450,0.8254,3.5526
23.7452,0.8662,3.7298
23.7454,0.8427,3.6269
23.7456,0.8442,3.6336
23.7458,0.88,3.7891
23.7460,0.8434,3.635
23.7462,0.7813,3.3627
23.7464,0.786,3.3828
23.7466,0.8044,3.4655
23.7468,0.8093,3.4866
23.7470,0.8198,3.5316
23.7472,0.8367,3.6011
23.7474,0.8531,3.6684
23.7476,0.9036,3.8818
23.7478,0.8741,3.7656
23.7480,0.8342,3.5936
23.7482,0.8376,3.6136
23.7484,0.7213,3.1104
23.7486,0.751,3.2351
23.7488,0.7905,3.4103
23.7490,0.6951,3.0013
23.7492,0.6758,2.9139
23.7494,0.6632,2.861
23.7496,0.658,2.8374
23.7498,0.7322,3.1501
23.7500,0.7879,3.3973
23.7502,0.7595,3.2748
23.7504,0.7658,3.2976
23.7506,0.7759,3.3425
23.7508,0.6709,2.8981
23.7510,0.5999,2.5891
23.7512,0.6297,2.7167
23.7514,0.6573,2.8356
23.7516,0.655,2.8245
23.7518,0.729,3.1406
23.7520,0.8283,3.5666
23.7522,0.8686,3.7331
23.7524,0.9417,4.0494
23.7526,0.947,4.0758
23.7528,0.7899,3.4046
23.7530,0.7149,3.0839
23.7532,0.7217,3.1134
23.7534,0.7667,3.3012
23.7536,0.8117,3.4905
23.7538,0.873,3.7522
23.7540,0.9068,3.8957
23.7542,0.9544,4.1021
23.7544,0.9938,4.2652
23.7546,1.068,4.5837
23.7548,1.1024,4.727
23.7550,1.1031,4.7301
23.7552,1.1005,4.7232
23.7554,1.0806,4.6378
23.7556,1.0897,4.6725
23.7558,1.093,4.6913
23.7560,1.0452,4.4776
23.7562,1.2417,5.2971
23.7564,1.511,6.452
23.7566,1.4129,6.053
23.7568,1.1869,5.0847
23.7570,1.1761,5.0432
23.7572,1.1884,5.1028
23.7574,1.0916,4.6917
23.7576,1.0206,4.3866
23.7578,0.9882,4.2514
23.7580,0.9465,4.0681
23.7582,0.9754,4.1904
23.7584,1.0041,4.3135
23.7586,1.0262,4.4067
23.7588,0.9952,4.2793
23.7590,0.9123,3.9304
23.7592,0.8221,3.5398
23.7594,0.8803,3.7854
23.7596,0.9661,4.1579
23.7598,0.9375,4.0276
23.7600,0.9614,4.1339
23.7602,0.8918,3.8402
23.7604,0.842,3.6255
23.7606,0.8602,3.7074
23.7608,0.8192,3.529
23.7610,0.811,3.4955
23.7612,0.8245,3.5517
23.7614,0.7844,3.3776
23.7616,0.8218,3.5354
23.7618,0.9054,3.8986
23.7620,0.8259,3.5546
23.7622,0.8671,3.7356
23.7624,0.7809,3.3674
23.7626,0.7834,3.3751
23.7628,0.7863,3.3875
23.7630,0.7875,3.3942
23.7632,0.7938,3.4227
23.7634,0.7816,3.3658
23.7636,0.7845,3.3797
23.7638,0.8115,3.4959
23.7640,0.8503,3.6633
23.7642,0.7505,3.2405
23.7644,0.6981,3.0115
23.7646,0.7081,3.0521
23.7648,0.7699,3.3167
23.7650,0.7939,3.4216
23.7652,0.8019,3.4562
23.7654,0.806,3.4738
23.7656,0.7469,3.219
23.7658,0.7723,3.3317
23.7660,0.6954,3.0015
23.7662,0.6904,2.9784
23.7664,0.6499,2.8035
23.7666,0.6153,2.6558
23.7668,0.606,2.6179
23.7670,0.6047,2.6134
23.7672,0.628,2.7119
23.7674,0.641,2.7627
23.7676,0.7282,3.1399
23.7678,0.7143,3.0827
23.7680,0.691,2.9824
23.7682,0.646,2.787
23.7684,0.646,2.787
23.7686,0.6607,2.8501
23.7688,0.7386,3.1848
23.7690,0.6942,2.9949
23.7692,0.6735,2.9081
23.7694,0.6484,2.7999
23.7696,0.6622,2.8582
23.7698,0.6535,2.8204
23.7700,0.7364,3.1741
23.7702,0.7625,3.2847
23.7704,0.7102,3.0666
23.7706,0.615,2.6567
23.7708,0.5598,2.4207
23.7710,0.5544,2.3951
23.7712,0.5625,2.4287
23.7714,0.5725,2.4722
23.7716,0.5631,2.4313
23.7718,0.5789,2.5008
23.7720,0.5981,2.5837
23.7722,0.5557,2.3997
23.7724,0.5517,2.3821
23.7726,0.5653,2.4411
23.7728,0.6167,2.6603
23.7730,0.6415,2.7686
23.7732,0.6568,2.8322
23.7734,0.6438,2.7785
23.7736,0.5965,2.5781
23.7738,0.5475,2.3651
23.7740,0.5458,2.3568
23.7742,0.5493,2.3718
23.7744,0.5802,2.5042
23.7746,0.624,2.6881
23.7748,0.6487,2.7945
23.7750,0.6845,2.9489
23.7752,0.6719,2.896
23.7754,0.7292,3.1401
23.7756,0.7755,3.341
23.7758,0.6995,3.0205
23.7760,0.5906,2.5504
23.7762,0.5707,2.4633
23.7764,0.6047,2.6061
23.7766,0.6563,2.8302
23.7768,0.6873,2.9636
23.7770,0.7278,3.1339
23.7772,0.7819,3.3621
23.7774,0.7915,3.4049
23.7776,0.7915,3.3986
23.7778,0.9262,3.9773
23.7780,0.9194,3.9498
23.7782,0.8553,3.6862
23.7784,0.7319,3.15
23.7786,0.7846,3.3724
23.7788,0.8933,3.8411
23.7790,0.8249,3.5554
23.7792,0.6975,3.0047
23.7794,0.6848,2.95
23.7796,0.6873,2.9608
23.7798,0.6832,2.946
23.7800,0.7233,3.1158
23.7802,0.7795,3.3565
23.7804,0.8099,3.486
23.7806,0.7367,3.1707
23.7808,0.7386,3.1834
23.7810,0.681,2.9353
23.7812,0.6911,2.9773
23.7814,0.6689,2.8871
23.7816,0.602,2.5984
23.7818,0.6312,2.7229
23.7820,0.5939,2.5632
23.7822,0.5846,2.5222
23.7824,0.6272,2.702
23.7826,0.6522,2.8173
23.7828,0.5063,2.1895
23.7830,0.4881,2.1087
23.7832,0.4929,2.1304
23.7834,0.4848,2.0971
23.7836,0.4778,2.0641
23.7838,0.4802,2.0745
23.7840,0.4872,2.1045
23.7842,0.487,2.1031
23.7844,0.4911,2.1207
23.7846,0.4908,2.1201
23.7848,0.5149,2.2242
23.7850,0.5198,2.2454
23.7852,0.5115,2.2087
23.7854,0.538,2.3209
23.7856,0.5864,2.5287
23.7858,0.6435,2.7723
23.7860,0.6463,2.7854
23.7862,0.6315,2.7181
23.7864,0.7496,3.2249
23.7866,0.7713,3.3198
23.7868,0.7873,3.379
23.7870,0.9162,3.9267
23.7872,0.9382,4.0307
23.7874,0.9163,3.9309
23.7876,0.9718,4.1671
23.7878,0.9843,4.2167
23.7880,1.0586,4.5288
23.7882,1.1194,4.7933
23.7884,1.1031,4.7235
23.7886,1.0849,4.6498
23.7888,1.0946,4.6892
23.7890,1.1053,4.7305
23.7892,1.1135,4.7704
23.7894,1.05,4.4981
23.7896,1.1192,4.7923
23.7898,1.2334,5.2791
23.7900,1.1441,4.8968
23.7902,1.1554,4.9404
23.7904,1.2027,5.1501
23.7906,1.1881,5.0828
23.7908,1.2141,5.1916
23.7910,1.194,5.1151
23.7912,1.0917,4.6813
23.7914,1.022,4.3866
23.7916,0.9774,4.1952
23.7918,0.9788,4.2067
23.7920,0.8691,3.7317
23.7922,0.9102,3.912
23.7924,0.9285,3.9908
23.7926,0.9904,4.2488
23.7928,0.9927,4.2645
23.7930,0.8957,3.8514
23.7932,0.8875,3.8163
23.7934,0.9095,3.9034
23.7936,1.0108,4.3342
23.7938,1.014,4.3542
23.7940,1.0182,4.3702
23.7942,1.0223,4.3918
23.7944,0.9525,4.092
23.7946,0.9319,4.0034
23.7948,0.9595,4.1218
23.7950,0.9807,4.213
23.7952,0.9635,4.1394
23.7954,0.9724,4.1794
23.7956,0.9675,4.1564
23.7958,1.0066,4.3182
23.7960,1.0559,4.5275
23.7962,1.0403,4.4669
23.7964,1.0448,4.4802
23.7966,1.0675,4.5817
23.7968,1.0181,4.3778
23.7970,0.9078,3.9035
23.7972,0.9258,3.979
23.7974,0.9536,4.089
23.7976,1.0959,4.6993
23.7978,1.0484,4.502
23.7980,0.9252,3.9819
23.7982,0.8193,3.5295
23.7984,0.8074,3.4768
23.7986,0.8248,3.55
23.7988,0.8456,3.6443
23.7990,0.7357,3.1724
23.7992,0.7454,3.2084
23.7994,0.7915,3.4081
23.7996,0.7376,3.1778
23.7998,0.7132,3.0795
23.8000,0.6316,2.73
23.8002,0.6101,2.633
23.8004,0.6336,2.7307
23.8006,0.6605,2.8509
23.8008,0.6231,2.6907
23.8010,0.6242,2.6929
23.8012,0.6138,2.6479
23.8014,0.6128,2.6462
23.8016,0.6102,2.636
23.8018,0.6105,2.6363
23.8020,0.6517,2.8074
23.8022,0.7613,3.2749
23.8024,0.7899,3.4046
23.8026,0.676,2.919
23.8028,0.6137,2.651
23.8030,0.6092,2.6306
23.8032,0.6225,2.6844
23.8034,0.6442,2.7767
23.8036,0.6619,2.8526
23.8038,0.7302,3.1487
23.8040,0.7309,3.1532
23.8042,0.6219,2.683
23.8044,0.6224,2.6851
23.8046,0.6255,2.6998
23.8048,0.6334,2.7302
23.8050,0.649,2.7999
23.8052,0.6185,2.6668
23.8054,0.6861,2.9584
23.8056,0.6572,2.8351
23.8058,0.6292,2.7133
23.8060,0.647,2.7885
23.8062,0.7195,3.0954
23.8064,0.8143,3.4997
23.8066,0.8786,3.7799
23.8068,0.8205,3.5363
23.8070,0.7454,3.2098
23.8072,0.7626,3.2821
23.8074,0.7412,3.1903
23.8076,0.7752,3.3363
23.8078,0.728,3.1379
23.8080,0.6968,3.0058
23.8082,0.6972,3.0051
23.8084,0.7212,3.107
23.8086,0.7701,3.3131
23.8088,0.8372,3.5998
23.8090,0.8549,3.6761
23.8092,0.8369,3.5971
23.8094,0.8316,3.5777
23.8096,0.7447,3.2112
23.8098,0.701,3.0197
23.8100,0.7532,3.2419
23.8102,0.7957,3.4246
23.8104,0.7912,3.4039
23.8106,0.7673,3.3038
23.8108,0.7596,3.2677
23.8110,0.7932,3.4122
23.8112,0.773,3.3301
23.8114,0.7613,3.278
23.8116,0.7699,3.3121
23.8118,0.7963,3.4288
23.8120,0.8114,3.4873
23.8122,0.9103,3.9143
23.8124,0.8509,3.6591
23.8126,0.8066,3.4699
23.8128,0.7886,3.3941
23.8130,0.7791,3.3549
23.8132,0.7804,3.3575
23.8134,0.8096,3.4861
23.8136,0.7581,3.2646
23.8138,0.7482,3.2202
23.8140,0.7511,3.2326
23.8142,0.7495,3.2289
23.8144,0.7364,3.1726
23.8146,0.7104,3.0648
23.8148,0.6878,2.9629
23.8150,0.6701,2.8869
23.8152,0.6699,2.8873
23.8154,0.6358,2.743
23.8156,0.592,2.5525
23.8158,0.5928,2.5597
23.8160,0.5807,2.5074
23.8162,0.5999,2.5855
23.8164,0.6571,2.8346
23.8166,0.5857,2.528
23.8168,0.5674,2.4477
23.8170,0.5876,2.5374
23.8172,0.5914,2.5499
23.8174,0.6547,2.8203
23.8176,0.6291,2.7191
23.8178,0.5192,2.2439
23.8180,0.502,2.1698
23.8182,0.503,2.1719
23.8184,0.5229,2.2558
23.8186,0.5729,2.4703
23.8188,0.6886,2.961
23.8190,0.8403,3.6082
23.8192,0.902,3.8733
23.8194,0.892,3.8408
23.8196,0.8134,3.4961
23.8198,0.8658,3.7178
23.8200,0.8904,3.8234
23.8202,0.9424,4.0468
23.8204,0.9523,4.0833
23.8206,1.0177,4.364
23.8208,0.9854,4.237
23.8210,0.9188,3.9454
23.8212,1.0187,4.3641
23.8214,1.0839,4.6457
23.8216,1.0815,4.6376
23.8218,1.0753,4.6044
23.8220,1.0964,4.6991
23.8222,1.1017,4.7129
23.8224,1.2279,5.2506
23.8226,1.1981,5.1301
23.8228,1.1864,5.0803
23.8230,1.2217,5.2239
23.8232,1.2495,5.3429
23.8234,1.1527,4.9499
23.8236,1.0195,4.3779
23.8238,0.998,4.2892
23.8240,0.923,3.9708
23.8242,0.8792,3.7755
23.8244,0.9505,4.0794
23.8246,0.9469,4.0659
23.8248,0.9436,4.052
23.8250,0.9459,4.0636
23.8252,0.981,4.2106
23.8254,1.0316,4.4299
23.8256,0.9972,4.2801
23.8258,1.0354,4.4458
23.8260,0.9933,4.2691
23.8262,0.9519,4.0875
23.8264,0.9583,4.1129
23.8266,1.0119,4.351
23.8268,0.9291,3.9897
23.8270,0.9548,4.1018
23.8272,0.9161,3.9409
23.8274,0.9288,3.99
23.8276,0.947,4.0626
23.8278,0.958,4.1195
23.8280,0.8452,3.6377
23.8282,0.8899,3.8266
23.8284,0.9457,4.0607
23.8286,0.9583,4.1205
23.8288,0.9217,3.9633
23.8290,0.8415,3.6234
23.8292,0.8398,3.6128
23.8294,0.8653,3.7244
23.8296,0.7987,3.4455
23.8298,0.715,3.0816
23.8300,0.7541,3.247
23.8302,0.7747,3.342
23.8304,0.7062,3.0438
23.8306,0.7418,3.1899
23.8308,0.8103,3.4875
23.8310,0.7668,3.3063
23.8312,0.732,3.152
23.8314,0.7673,3.3069
23.8316,0.7339,3.1661
23.8318,0.7129,3.0756
23.8320,0.6945,2.9932
23.8322,0.7129,3.0728
23.8324,0.7424,3.1984
23.8326,0.7314,3.1494
23.8328,0.7535,3.2505
23.8330,0.6103,2.639
23.8332,0.5807,2.5086
23.8334,0.5876,2.5363
23.8336,0.6251,2.6952
23.8338,0.676,2.9177
23.8340,0.6194,2.6734
23.8342,0.6152,2.6528
23.8344,0.6236,2.6903
23.8346,0.6157,2.6549
23.8348,0.6613,2.8567
23.8350,0.5687,2.4534
23.8352,0.6325,2.7298
23.8354,0.6366,2.7487
23.8356,0.5788,2.4968
23.8358,0.5701,2.4619
23.8360,0.5604,2.4222
23.8362,0.5641,2.4337
23.8364,0.6159,2.6584
23.8366,0.595,2.5702
23.8368,0.5589,2.4132
23.8370,0.5474,2.3635
23.8372,0.5415,2.3381
23.8374,0.5434,2.3442
23.8376,0.5505,2.3758
23.8378,0.5519,2.3843
23.8380,0.5496,2.3733
23.8382,0.5498,2.3749
23.8384,0.5679,2.4497
23.8386,0.624,2.6943
23.8388,0.5737,2.4774
23.8390,0.5579,2.4079
23.8392,0.5492,2.3701
23.8394,0.5477,2.3628
23.8396,0.6012,2.5875
23.8398,0.6633,2.8615
23.8400,0.5884,2.5323
23.8402,0.7653,3.294
23.8404,0.7945,3.4194
23.8406,0.6837,2.9494
23.8408,0.5757,2.4822
23.8410,0.6103,2.6316
23.8412,0.596,2.5737
23.8414,0.5452,2.3553
23.8416,0.5468,2.3598
23.8418,0.5495,2.3706
23.8420,0.5489,2.368
23.8422,0.548,2.3617
23.8424,0.5976,2.5732
23.8426,0.6416,2.7653
23.8428,0.6569,2.8314
23.8430,0.6766,2.9121
23.8432,0.7319,3.1515
23.8434,0.7721,3.3214
23.8436,0.7751,3.3327
23.8438,0.7674,3.3028
23.8440,0.7664,3.2987
23.8442,0.7146,3.0772
23.8444,0.6543,2.8188
23.8446,0.7134,3.0677
23.8448,0.8488,3.6515
23.8450,0.8325,3.5747
23.8452,0.8689,3.7295
23.8454,0.8664,3.7308
23.8456,0.7578,3.263
23.8458,0.751,3.2276
23.8460,0.7822,3.3668
23.8462,0.7728,3.3245
23.8464,0.7765,3.342
23.8466,0.8043,3.4585
23.8468,0.7944,3.4141
23.8470,0.8107,3.4858
23.8472,0.7898,3.4025
23.8474,0.7229,3.107
23.8476,0.8162,3.5112
23.8478,0.7945,3.4162
23.8480,0.8352,3.5899
23.8482,0.8613,3.7
23.8484,0.8556,3.6809
23.8486,0.812,3.4915
23.8488,0.8135,3.5031
23.8490,0.7289,3.1371
23.8492,0.7225,3.1083
23.8494,0.7195,3.0983
23.8496,0.7422,3.1974
23.8498,0.7597,3.2637
23.8500,0.8761,3.7674
23.8502,0.7927,3.4101
23.8504,0.7661,3.3017
23.8506,0.6532,2.8154
23.8508,0.6412,2.7637
23.8510,0.6272,2.7045
23.8512,0.6775,2.9212
23.8514,0.6434,2.773
23.8516,0.6352,2.7392
23.8518,0.6569,2.8301
23.8520,0.705,3.0344
23.8522,0.7562,3.2518
23.8524,0.7935,3.4121
23.8526,0.8285,3.561
23.8528,0.8603,3.6941
23.8530,0.8896,3.8198
23.8532,0.9211,3.9515
23.8534,0.9856,4.2302
23.8536,0.965,4.1378
23.8538,0.9977,4.2702
23.8540,1.1248,4.8209
23.8542,1.1231,4.8115
23.8544,1.1206,4.7962
23.8546,1.1125,4.7613
23.8548,1.1403,4.8781
23.8550,1.1415,4.8855
23.8552,1.1993,5.1329
23.8554,1.2343,5.2728
23.8556,1.3216,5.6431
23.8558,1.3012,5.5691
23.8560,1.2559,5.3701
23.8562,1.2785,5.4695
23.8564,1.2479,5.3312
23.8566,1.3018,5.5586
23.8568,1.2571,5.3827
23.8570,1.1324,4.8556
23.8572,1.1321,4.8545
23.8574,1.102,4.7233
23.8576,1.0468,4.4927
23.8578,1.0436,4.4772
23.8580,1.0276,4.4041
23.8582,1.0518,4.5164
23.8584,1.0301,4.4211
23.8586,1.0119,4.3449
23.8588,1.0292,4.4155
23.8590,1.0476,4.5046
23.8592,0.9532,4.0932
23.8594,1.0102,4.3337
23.8596,1.0249,4.399
23.8598,1.0157,4.3614
23.8600,1.0197,4.3723
23.8602,1.083,4.6437
23.8604,1.0568,4.538
23.8606,1.0625,4.5452
23.8608,1.2416,5.314
23.8610,1.2662,5.4243
23.8612,1.0547,4.5308
23.8614,0.9646,4.1363
23.8616,1.0273,4.4196
23.8618,0.9549,4.1061
23.8620,0.9472,4.0712
23.8622,0.9102,3.9101
23.8624,1.0061,4.3202
23.8626,0.9792,4.2049
23.8628,0.9707,4.1741
23.8630,0.9123,3.9267
23.8632,0.9294,3.9963
23.8634,0.9084,3.906
23.8636,0.8768,3.7722
23.8638,0.8778,3.7763
23.8640,0.8888,3.8273
23.8642,0.8162,3.5096
23.8644,0.888,3.8202
23.8646,0.889,3.8207
23.8648,0.9551,4.1052
23.8650,0.9045,3.8932
23.8652,0.8557,3.6831
23.8654,0.8487,3.6578
23.8656,0.7526,3.2468
23.8658,0.768,3.31
23.8660,0.7764,3.343
23.8662,0.7734,3.3348
23.8664,0.7695,3.3167
23.8666,0.8038,3.4613
23.8668,0.795,3.4263
23.8670,0.7706,3.3244
23.8672,0.7237,3.112
23.8674,0.8632,3.7186
23.8676,0.8589,3.7
23.8678,0.8222,3.5436
23.8680,0.8274,3.5646
23.8682,0.7613,3.281
23.8684,0.7698,3.3162
23.8686,0.8416,3.6222
23.8688,0.8062,3.4732
23.8690,0.7741,3.3332
23.8692,0.7845,3.3844
23.8694,0.7252,3.1269
23.8696,0.7627,3.2827
23.8698,0.8746,3.7607
23.8700,0.8057,3.4728
23.8702,0.8313,3.5729
23.8704,0.9285,3.9927
23.8706,0.94,4.0403
23.8708,0.8948,3.8532
23.8710,0.8489,3.6554
23.8712,0.8423,3.6304
23.8714,0.818,3.5189
23.8716,0.8054,3.4648
23.8718,0.889,3.8225
23.8720,0.8922,3.8418
23.8722,0.7975,3.4339
23.8724,0.7433,3.2065
23.8726,0.7458,3.2144
23.8728,0.7446,3.2107
23.8730,0.7225,3.1141
23.8732,0.7011,3.0244
23.8734,0.6483,2.7981
23.8736,0.6457,2.7842
23.8738,0.6445,2.7803
23.8740,0.6492,2.7991
23.8742,0.7188,3.101
23.8744,0.7361,3.1696
23.8746,0.7434,3.2085
23.8748,0.6561,2.8331
23.8750,0.6414,2.7617
23.8752,0.778,3.3487
23.8754,0.7523,3.2453
23.8756,0.7236,3.1188
23.8758,0.741,3.1922
23.8760,0.7459,3.2164
23.8762,0.7438,3.2041
23.8764,0.7776,3.3467
23.8766,0.8352,3.5932
23.8768,0.8617,3.7072
23.8770,0.8657,3.719
23.8772,0.9193,3.9474
23.8774,0.9661,4.154
23.8776,0.8644,3.7272
23.8778,0.7242,3.1214
23.8780,0.7096,3.0555
23.8782,0.7601,3.2774
23.8784,0.7645,3.2935
23.8786,0.8021,3.4557
23.8788,0.7296,3.1461
23.8790,0.7111,3.0664
23.8792,0.7122,3.0697
23.8794,0.7153,3.0831
23.8796,0.7131,3.0733
23.8798,0.7114,3.0661
23.8800,0.7608,3.2683
23.8802,0.9646,4.1421
23.8804,1.0276,4.4103
23.8806,0.918,3.9546
23.8808,0.7328,3.1615
23.8810,0.7024,3.0273
23.8812,0.7216,3.1071
23.8814,0.7517,3.2337
23.8816,0.8279,3.5684
23.8818,0.7547,3.2451
23.8820,0.8653,3.7279
23.8822,0.7933,3.4158
23.8824,0.7179,3.0954
23.8826,0.7442,3.2077
23.8828,0.7333,3.1518
23.8830,0.8484,3.6567
23.8832,0.748,3.2192
23.8834,0.7659,3.2874
23.8836,0.8115,3.4992
23.8838,0.7602,3.2794
23.8840,0.6298,2.7159
23.8842,0.6361,2.7453
23.8844,0.6548,2.8287
23.8846,0.5695,2.4604
23.8848,0.5197,2.2439
23.8850,0.5404,2.327
23.8852,0.7133,3.0758
23.8854,0.6568,2.8322
23.8856,0.6791,2.9284
23.8858,0.6492,2.7953
23.8860,0.7703,3.3136
23.8862,0.8379,3.6062
23.8864,0.8529,3.6622
23.8866,0.9583,4.1148
23.8868,0.975,4.183
23.8870,0.9784,4.1993
23.8872,1.0095,4.3306
23.8874,1.0976,4.7021
23.8876,1.1409,4.8852
23.8878,1.1264,4.8299
23.8880,1.0611,4.5523
23.8882,1.0596,4.5456
23.8884,1.0905,4.6761
23.8886,1.0884,4.6712
23.8888,1.0703,4.585
23.8890,1.1661,4.9977
23.8892,1.1464,4.9157
23.8894,1.1602,4.9632
23.8896,1.1521,4.9335
23.8898,1.121,4.8067
23.8900,1.1189,4.8025
23.8902,1.0999,4.7162
23.8904,1.1054,4.7333
23.8906,1.1983,5.1288
23.8908,1.2175,5.2109
23.8910,1.2202,5.2251
23.8912,1.2003,5.1471
23.8914,1.1352,4.8679
23.8916,1.1398,4.8852
23.8918,1.1355,4.8667
23.8920,1.1466,4.9145
23.8922,1.1685,5.008
23.8924,1.1596,4.9676
23.8926,1.1695,5.0126
23.8928,1.1056,4.7431
23.8930,1.0445,4.4871
23.8932,1.0881,4.6637
23.8934,1.1741,5.0298
23.8936,1.1984,5.1317
23.8938,1.1722,5.0333
23.8940,1.0099,4.3427
23.8942,0.9649,4.1489
23.8944,0.9667,4.1547
23.8946,0.9669,4.1576
23.8948,0.9595,4.1199
23.8950,1.062,4.5559
23.8952,1.0896,4.6829
23.8954,0.9896,4.2511
23.8956,1.0156,4.3588
23.8958,1.146,4.9233
23.8960,1.1085,4.7643
23.8962,1.0143,4.3613
23.8964,0.9352,4.0178
23.8966,0.9541,4.1006
23.8968,0.9406,4.0485
23.8970,0.918,3.9528
23.8972,0.8352,3.5999
23.8974,0.8373,3.6104
23.8976,0.8207,3.5357
23.8978,0.8579,3.6941
23.8980,0.8505,3.6638
23.8982,0.7761,3.3498
23.8984,0.7542,3.2475
23.8986,0.8171,3.5235
23.8988,0.7427,3.2054
23.8990,0.7622,3.2852
23.8992,0.7999,3.4426
23.8994,0.8563,3.6908
23.8996,0.8595,3.7026
23.8998,0.8406,3.6164
23.9000,0.8669,3.7294
23.9002,0.9047,3.8919
23.9004,0.8933,3.85
23.9006,0.9039,3.8888
23.9008,0.8814,3.7953
23.9010,0.7998,3.4453
23.9012,0.8119,3.5007
23.9014,0.8,3.448
23.9016,0.8119,3.491
23.9018,0.9027,3.8818
23.9020,0.9671,4.1664
23.9022,0.8746,3.7711
23.9024,0.7626,3.2898
23.9026,0.7349,3.1718
23.9028,0.6767,2.9194
23.9030,0.7007,3.0159
23.9032,0.8659,3.7339
23.9034,0.6945,3.0001
23.9036,0.5989,2.5897
23.9038,0.588,2.5413
23.9040,0.595,2.5702
23.9042,0.5833,2.5211
23.9044,0.586,2.5325
23.9046,0.589,2.542
23.9048,0.6348,2.7384
23.9050,0.676,2.9123
23.9052,0.7409,3.1961
23.9054,0.6893,2.9779
23.9056,0.623,2.6902
23.9058,0.628,2.7094
23.9060,0.6721,2.9019
23.9062,0.6816,2.9393
23.9064,0.701,3.0197
23.9066,0.7276,3.1358
23.9068,0.7249,3.1259
23.9070,0.7197,3.106
23.9072,0.7331,3.1611
23.9074,0.7171,3.0909
23.9076,0.7547,3.2511
23.9078,0.8145,3.5089
23.9080,0.8005,3.4468
23.9082,0.8174,3.518
23.9084,0.8285,3.5643
23.9086,0.8197,3.5311
23.9088,0.8061,3.4743
23.9090,0.8198,3.5299
23.9092,0.8143,3.5078
23.9094,0.7494,3.2329
23.9096,0.7014,3.0218
23.9098,0.7754,3.3374
23.9100,0.8362,3.599
23.9102,0.8321,3.5865
23.9104,0.7936,3.4222
23.9106,0.7715,3.3234
23.9108,0.7647,3.2868
23.9110,0.905,3.8898
23.9112,0.9694,4.1627
23.9114,0.9858,4.2352
23.9116,0.9127,3.9246
23.9118,0.926,3.9855
23.9120,0.9156,3.9333
23.9122,0.9966,4.2775
23.9124,1.0583,4.5336
23.9126,1.179,5.0556
23.9128,1.1319,4.849
23.9130,1.171,5.0117
23.9132,1.0578,4.5506
23.9134,0.9037,3.8914
23.9136,0.8298,3.5733
23.9138,0.7911,3.4081
23.9140,0.8342,3.5886
23.9142,0.8704,3.7426
23.9144,0.8953,3.8463
23.9146,0.903,3.8828
23.9148,0.9183,3.9488
23.9150,0.9266,3.9863
23.9152,0.8518,3.6593
23.9154,0.9524,4.0934
23.9156,0.902,3.8805
23.9158,0.7928,3.417
23.9160,0.7667,3.3074
23.9162,0.7134,3.0777
23.9164,0.7301,3.1467
23.9166,0.7458,3.2159
23.9168,0.6928,2.9943
23.9170,0.6005,2.5928
23.9172,0.5914,2.5523
23.9174,0.6031,2.603
23.9176,0.6047,2.611
23.9178,0.6042,2.6089
23.9180,0.6084,2.6282
23.9182,0.676,2.9082
23.9184,0.8319,3.5854
23.9186,0.7319,3.1515
23.9188,0.7945,3.4194
23.9190,0.8586,3.6869
23.9192,1.0134,4.3536
23.9194,1.0288,4.4155
23.9196,1.039,4.4592
23.9198,1.0603,4.5444
23.9200,1.1165,4.7855
23.9202,1.1529,4.9343
23.9204,1.3158,5.6133
23.9206,1.4367,6.1317
23.9208,1.4132,6.0371
23.9210,1.4196,6.0676
23.9212,1.426,6.0862
23.9214,1.4406,6.1544
23.9216,1.3766,5.8864
23.9218,1.2972,5.5625
23.9220,1.2713,5.4311
23.9222,1.4331,6.1135
23.9224,1.5144,6.4633
23.9226,1.4984,6.3893
23.9228,1.6501,7.0294
23.9230,1.6313,6.9786
23.9232,1.309,5.5946
23.9234,1.3048,5.5766
23.9236,1.3967,5.9697
23.9238,1.4246,6.0971
23.9240,1.3296,5.688
23.9242,1.4014,5.9953
23.9244,1.4339,6.1257
23.9246,1.4358,6.1368
23.9248,1.3569,5.8131
23.9250,1.2226,5.2452
23.9252,1.2277,5.2594
23.9254,1.2867,5.5121
23.9256,1.2762,5.4751
23.9258,1.2032,5.1594
23.9260,1.2319,5.2823
23.9262,1.2396,5.3127
23.9264,1.2427,5.3261
23.9266,1.2306,5.2766
23.9268,1.2856,5.5126
23.9270,1.2511,5.3621
23.9272,1.1873,5.0934
23.9274,1.1948,5.121
23.9276,1.2062,5.1747
23.9278,1.2013,5.1608
23.9280,1.1119,4.7788
23.9282,1.1204,4.8109
23.9284,1.1433,4.9229
23.9286,1.0075,4.3324
23.9288,1.0538,4.523
23.9290,1.1274,4.839
23.9292,1.184,5.0795
23.9294,1.2144,5.2097
23.9296,1.2322,5.2888
23.9298,1.2714,5.452
23.9300,1.0033,4.3224
23.9302,0.9756,4.1992
23.9304,0.9709,4.1766
23.9306,0.9627,4.1492
23.9308,0.9471,4.0802
23.9310,0.8846,3.8163
23.9312,0.7845,3.3829
23.9314,0.8661,3.7344
23.9316,0.8837,3.8104
23.9318,0.8249,3.5637
23.9320,0.7521,3.2493
23.9322,0.7241,3.131
23.9324,0.6539,2.8251
23.9326,0.726,3.1364
23.9328,0.7502,3.244
23.9330,0.7227,3.1204
23.9332,0.7351,3.1743
23.9334,0.7108,3.0706
23.9336,0.7026,3.034
23.9338,0.703,3.0327
23.9340,0.7681,3.3166
23.9342,0.789,3.402
23.9344,0.8024,3.4615
23.9346,0.8482,3.6506
23.9348,0.9661,4.1579
23.9350,0.8585,3.7053
23.9352,0.7236,3.126
23.9354,0.6998,3.0201
23.9356,0.7382,3.1907
23.9358,0.6908,2.9841
23.9360,0.6882,2.9718
23.9362,0.6952,3.0032
23.9364,0.6904,2.9825
23.9366,0.7,3.0226
23.9368,0.7011,3.0272
23.9370,0.7024,3.0343
23.9372,0.7049,3.0452
23.9374,0.7039,3.0382
23.9376,0.6981,3.0157
23.9378,0.7151,3.0864
23.9380,0.8096,3.4861
23.9382,0.8459,3.651
23.9384,0.7084,3.0574
23.9386,0.6815,2.9415
23.9388,0.6764,2.9192
23.9390,0.6827,2.9494
23.9392,0.6878,2.9711
23.9394,0.6875,2.9673
23.9396,0.6861,2.9639
23.9398,0.6836,2.953
23.9400,0.7097,3.0617
23.9402,0.7116,3.0685
23.9404,0.689,2.9722
23.9406,0.7218,3.1139
23.9408,0.7122,3.074
23.9410,0.7024,3.0315
23.9412,0.7077,3.0543
23.9414,0.6964,3.0029
23.9416,0.7994,3.439
23.9418,0.8482,3.654
23.9420,0.8061,3.4759
23.9422,0.8109,3.4934
23.9424,0.8099,3.4909
23.9426,0.797,3.4334
23.9428,0.881,3.7885
23.9430,0.9779,4.1953
23.9432,1.1523,4.9455
23.9434,1.0623,4.5617
23.9436,1.0438,4.4798
23.9438,1.0127,4.3668
23.9440,0.8325,3.588
23.9442,0.9451,4.0581
23.9444,0.9756,4.2011
23.9446,0.8457,3.6432
23.9448,0.8423,3.627
23.9450,0.8653,3.7279
23.9452,0.8693,3.7449
23.9454,0.8965,3.8568
23.9456,0.9388,4.0351
23.9458,0.9978,4.2807
23.9460,1.0069,4.3319
23.9462,0.9562,4.1118
23.9464,0.9661,4.154
23.9466,0.9316,4.0135
23.9468,0.8734,3.7607
23.9470,0.877,3.7797
23.9472,0.7827,3.3751
23.9474,0.7026,3.0354
23.9476,0.7149,3.081
23.9478,0.8441,3.6348
23.9480,0.8266,3.566
23.9482,0.7625,3.2923
23.9484,0.6815,2.9428
23.9486,0.6844,2.9525
23.9488,0.7264,3.1365
23.9490,0.7038,3.0419
23.9492,0.5909,2.5561
23.9494,0.5581,2.4134
23.9496,0.5517,2.3865
23.9498,0.5544,2.3996
23.9500,0.5698,2.4637
23.9502,0.5565,2.4051
23.9504,0.5547,2.3995
23.9506,0.5474,2.3668
23.9508,0.5526,2.3874
23.9510,0.5638,2.4299
23.9512,0.7123,3.0759
23.9514,0.6778,2.9241
23.9516,0.7271,3.1338
23.9518,0.8175,3.5185
23.9520,0.9145,3.9378
23.9522,0.8321,3.5798
23.9524,0.8882,3.8177
23.9526,0.9462,4.0628
23.9528,1.0527,4.5163
23.9530,1.0778,4.6281
23.9532,1.0686,4.5863
23.9534,1.0972,4.7027
23.9536,1.1686,5.0085
23.9538,1.2029,5.1555
23.9540,1.205,5.1551
23.9542,1.2134,5.1958
23.9544,1.2138,5.2022
23.9546,1.2332,5.2781
23.9548,1.2487,5.3443
23.9550,1.2806,5.4706
23.9552,1.3563,5.8106
23.9554,1.2457,5.334
23.9556,1.2649,5.4085
23.9558,1.272,5.4494
23.9560,1.1884,5.1004
23.9562,1.1454,4.9162
23.9564,1.1193,4.804
23.9566,1.0923,4.686
23.9568,1.125,4.8287
23.9570,1.1759,5.0422
23.9572,1.1597,4.9751
23.9574,1.1255,4.8375
23.9576,0.9929,4.2735
23.9578,0.9692,4.1674
23.9580,1.0358,4.45
23.9582,1.0304,4.4268
23.9584,1.0225,4.3928
23.9586,1.0571,4.5327
23.9588,1.1381,4.8962
23.9590,0.9686,4.1726
23.9592,0.9152,3.9373
23.9594,0.9548,4.1094
23.9596,0.9651,4.1557
23.9598,0.9091,3.911
23.9600,0.9418,4.0499
23.9602,0.9525,4.1072
23.9604,0.8627,3.7148
23.9606,0.9252,3.9838
23.9608,0.8747,3.7664
23.9610,0.8942,3.847
23.9612,0.9035,3.8921
23.9614,0.8189,3.528
23.9616,0.8391,3.6131
23.9618,0.9183,3.9562
23.9620,0.9147,3.9425
23.9622,0.8406,3.6215
23.9624,0.8179,3.5282
23.9626,0.7897,3.4067
23.9628,0.7866,3.3854
23.9630,0.8508,3.6637
23.9632,0.8271,3.5647
23.9634,0.8773,3.7743
23.9636,0.9206,3.966
23.9638,0.8976,3.8686
23.9640,0.785,3.3865
23.9642,0.8551,3.6908
23.9644,0.7117,3.0761
23.9646,0.6502,2.8077
23.9648,0.6609,2.8564
23.9650,0.608,2.6279
23.9652,0.6227,2.6899
23.9654,0.6604,2.8517
23.9656,0.6872,2.9617
23.9658,0.7545,3.2551
23.9660,0.7547,3.2541
23.9662,0.7856,3.3859
23.9664,0.7683,3.31
23.9666,0.7505,3.2345
23.9668,0.8161,3.5205
23.9670,0.7637,3.2944
23.9672,0.7149,3.0839
23.9674,0.7095,3.062
23.9676,0.7134,3.0777
23.9678,0.7664,3.2971
23.9680,0.8396,3.6168
23.9682,0.7951,3.4236
23.9684,0.8119,3.504
23.9686,0.7489,3.2308
23.9688,0.7429,3.202
23.9690,0.7422,3.2018
23.9692,0.6601,2.8528
23.9694,0.6484,2.796
23.9696,0.7205,3.1097
23.9698,0.7391,3.1869
23.9700,0.698,3.0166
23.9702,0.6355,2.7466
23.9704,0.63,2.7189
23.9706,0.6391,2.7557
23.9708,0.7302,3.1487
23.9710,0.7188,3.1024
23.9712,0.7452,3.2103
23.9714,0.7367,3.1766
23.9716,0.7523,3.2393
23.9718,0.789,3.3973
23.9720,0.7834,3.3829
23.9722,0.6424,2.774
23.9724,0.6203,2.6783
23.9726,0.6179,2.6691
23.9728,0.6206,2.6786
23.9730,0.6219,2.6818
23.9732,0.7157,3.0832
23.9734,0.7442,3.2106
23.9736,0.7179,3.0968
23.9738,0.6816,2.9406
23.9740,0.6253,2.6988
23.9742,0.62,2.6772
23.9744,0.6215,2.6797
23.9746,0.6994,3.0116
23.9748,0.7831,3.3688
23.9750,0.8291,3.5669
23.9752,0.8502,3.6611
23.9754,0.8384,3.61
23.9756,0.8484,3.65
23.9758,0.839,3.6109
23.9760,0.8049,3.4659
23.9762,0.8015,3.4451
23.9764,0.979,4.2038
23.9766,1.0376,4.4556
23.9768,1.0023,4.3077
23.9770,0.9369,4.0231
23.9772,0.9271,3.992
23.9774,0.8348,3.5945
23.9776,0.7848,3.3792
23.9778,0.831,3.5735
23.9780,0.8836,3.7993
23.9782,0.9135,3.9191
23.9784,1.0147,4.3593
23.9786,0.9671,4.1548
23.9788,0.9798,4.2075
23.9790,0.95,4.0831
23.9792,0.8517,3.6656
23.9794,0.8376,3.6052
23.9796,0.823,3.5521
23.9798,0.6945,2.9946
23.9800,0.7006,3.0181
23.9802,0.7561,3.2634
23.9804,0.6387,2.7593
23.9806,0.5625,2.4298
23.9808,0.6033,2.6029
23.9810,0.6098,2.6296
23.9812,0.7501,3.2345
23.9814,0.7442,3.2121
23.9816,0.6926,2.9863
23.9818,0.7055,3.0407
23.9820,0.7199,3.1027
23.9822,0.7685,3.312
23.9824,0.6882,2.9677
23.9826,0.6486,2.8017
23.9828,0.6426,2.772
23.9830,0.6909,2.9832
23.9832,0.6029,2.602
23.9834,0.568,2.4548
23.9836,0.5388,2.3289
23.9838,0.541,2.3371
23.9840,0.5566,2.4033
23.9842,0.5602,2.4189
23.9844,0.602,2.596
23.9846,0.7139,3.0769
23.9848,0.781,3.3616
23.9850,0.8352,3.5849
23.9852,1.0149,4.3497
23.9854,1.079,4.6311
23.9856,1.0388,4.4545
23.9858,1.1995,5.1267
23.9860,1.2344,5.298
23.9862,1.0705,4.5967
23.9864,1.1012,4.7175
23.9866,1.1361,4.867
23.9868,1.1833,5.0646
23.9870,1.1532,4.9427
23.9872,1.1265,4.8168
23.9874,1.2242,5.2396
23.9876,1.2057,5.1654
23.9878,1.2544,5.3664
23.9880,1.3789,5.8878
23.9882,1.3809,5.9048
23.9884,1.2888,5.5162
23.9886,1.2223,5.2387
23.9888,1.2084,5.1719
23.9890,1.2542,5.3679
23.9892,1.2785,5.4721
23.9894,1.2568,5.3792
23.9896,1.2412,5.3199
23.9898,1.1665,5.0044
23.9900,1.0777,4.6297
23.9902,1.0256,4.4082
23.9904,1.0155,4.3604
23.9906,1.0518,4.5185
23.9908,1.07,4.5861
23.9910,1.1147,4.7755
23.9912,1.2232,5.2331
23.9914,1.3023,5.5737
23.9916,1.2266,5.2621
23.9918,1.1057,4.7458
23.9920,1.1019,4.7316
23.9922,1.1043,4.7375
23.9924,1.1573,4.9625
23.9926,1.1448,4.9113
23.9928,1.1452,4.9129
23.9930,1.1213,4.815
23.9932,1.0563,4.538
23.9934,1.0493,4.5035
23.9936,1.1048,4.7506
23.9938,0.9936,4.2726
23.9940,0.9222,3.9653
23.9942,0.9555,4.101
23.9944,1.0548,4.5292
23.9946,1.0364,4.4525
23.9948,1.0308,4.4366
23.9950,0.9885,4.2485
23.9952,1.028,4.4185
23.9954,0.9838,4.2362
23.9956,0.9332,4.0128
23.9958,1.0071,4.3263
23.9960,0.9294,4.0018
23.9962,0.8583,3.6991
23.9964,0.8662,3.7315
23.9966,0.9152,3.9391
23.9968,0.8832,3.8031
23.9970,0.8872,3.8237
23.9972,0.8483,3.6579
23.9974,0.7507,3.2401
23.9976,0.7339,3.1647
23.9978,0.808,3.4794
23.9980,0.8968,3.8596
23.9982,0.8518,3.6729
23.9984,0.7698,3.3239
23.9986,0.7089,3.058
23.9988,0.7207,3.1078
23.9990,0.7247,3.1263
23.9992,0.7363,3.175
23.9994,0.7362,3.1833
23.9996,0.6279,2.7127
23.9998,0.6271,2.7078
24.0000,0.6422,2.773
24.0002,0.661,2.8543
24.0004,0.6833,2.9492
24.0006,0.6689,2.8858
24.0008,0.6763,2.9187
24.0010,0.6886,2.9665
24.0012,0.8686,3.7436
24.0014,0.8343,3.6008
24.0016,0.7741,3.3394
24.0018,0.7163,3.0872
24.0020,0.6978,3.0132
24.0022,0.7185,3.0994
24.0024,0.6902,2.9746
24.0026,0.7442,3.2121
24.0028,0.6904,2.9798
24.0030,0.685,2.9578
24.0032,0.6742,2.9086
24.0034,0.6614,2.8532
24.0036,0.698,3.0138
24.0038,0.6681,2.8822
24.0040,0.6772,2.9228
24.0042,0.6679,2.8825
24.0044,0.6942,2.9922
24.0046,0.8169,3.5192
24.0048,0.8065,3.4759
24.0050,0.7248,3.1239
24.0052,0.8012,3.4515
24.0054,0.797,3.4319
24.0056,0.7929,3.4127
24.0058,0.823,3.5455
24.0060,1.0325,4.4438
24.0062,0.8723,3.7526
24.0064,0.8531,3.6701
24.0066,0.8826,3.8023
24.0068,0.8029,3.462
24.0070,0.7688,3.3121
24.0072,0.7791,3.3549
24.0074,0.797,3.4319
24.0076,0.8352,3.5932
24.0078,0.9434,4.0547
24.0080,0.9391,4.0418
24.0082,0.8225,3.5418
24.0084,0.806,3.4706
24.0086,0.8096,3.4861
24.0088,0.8086,3.4819
24.0090,0.8146,3.5077
24.0092,0.8674,3.7297
24.0094,0.9849,4.231
24.0096,1.0143,4.3552
24.0098,1.0338,4.4371
24.0100,1.0577,4.5416
24.0102,1.0571,4.5411
24.0104,0.9584,4.121
24.0106,0.9551,4.1071
24.0108,1.0033,4.3044
24.0110,1.1141,4.773
24.0112,1.168,5.0013
24.0114,1.1476,4.93
24.0116,0.9946,4.2847
24.0118,0.8175,3.5201
24.0120,0.8533,3.6762
24.0122,0.8753,3.7672
24.0124,0.894,3.8442
24.0126,0.9135,3.9264
24.0128,0.9029,3.8914
24.0130,0.8092,3.4861
24.0132,0.8464,3.6412
24.0134,0.8797,3.7916
24.0136,0.7762,3.3487
24.0138,0.7549,3.2567
24.0140,0.7529,3.2388
24.0142,0.8806,3.7847
24.0144,0.9551,4.1033
24.0146,0.9585,4.1254
24.0148,0.8652,3.7239
24.0150,0.8848,3.808
24.0152,0.882,3.7961
24.0154,0.8704,3.7496
24.0156,0.8195,3.5322
24.0158,0.6962,3.0088
24.0160,0.636,2.7474
24.0162,0.6336,2.7332
24.0164,0.6531,2.8201
24.0166,0.6723,2.9097
24.0168,0.541,2.3393
24.0170,0.5193,2.2444
24.0172,0.5189,2.2449
24.0174,0.5193,2.2444
24.0176,0.5211,2.2501
24.0178,0.6081,2.6235
24.0180,0.5938,2.5615
24.0182,0.6676,2.8788
24.0184,0.8033,3.4544
24.0186,0.8826,3.7987
24.0188,0.823,3.5422
24.0190,0.8253,3.5537
24.0192,0.8453,3.6365
24.0194,0.8685,3.7396
24.0196,0.8386,3.6093
24.0198,0.8786,3.7782
24.0200,0.9704,4.1687
24.0202,0.978,4.1997
24.0204,1.0093,4.3321
24.0206,1.0414,4.4653
24.0208,1.0405,4.4659
24.0210,1.0436,4.4772
24.0212,1.0962,4.7025
24.0214,1.0979,4.7102
24.0216,1.1044,4.7336
24.0218,1.1297,4.8465
24.0220,1.0809,4.6372
24.0222,1.0818,4.6386
24.0224,1.0886,4.6679
24.0226,1.0724,4.6006
24.0228,1.082,4.6483
24.0230,1.0976,4.7109
24.0232,1.0535,4.5278
24.0234,0.9518,4.0908
24.0236,0.9851,4.2281
24.0238,1.0319,4.435
24.0240,0.9846,4.232
24.0242,1.0002,4.297
24.0244,0.9957,4.2834
24.0246,0.9264,3.9815
24.0248,0.9728,4.1868
24.0250,0.8687,3.7423
24.0252,0.8916,3.8356
24.0254,0.9091,3.9073
24.0256,0.9149,3.9357
24.0258,0.9143,3.935
24.0260,0.9611,4.1329
24.0262,0.9988,4.2908
24.0264,1.0098,4.3362
24.0266,0.9795,4.2079
24.0268,1.0302,4.4258
24.0270,1.0252,4.4
24.0272,1.0243,4.4087
24.0274,0.9472,4.075
24.0276,1.0932,4.6896
24.0278,1.0646,4.5736
24.0280,1.0168,4.3701
24.0282,1.0526,4.5158
24.0284,1.1388,4.8833
24.0286,1.132,4.8585
24.0288,1.1309,4.8562
24.0290,1.13,4.8521
24.0292,1.0822,4.6558
24.0294,0.9101,3.9187
24.0296,1.0396,4.4722
24.0298,0.9092,3.9115
24.0300,0.8892,3.8307
24.0302,0.9099,3.9218
24.0304,0.8519,3.6666
24.0306,0.8533,3.6796
24.0308,0.733,3.1635
24.0310,0.6972,3.0079
24.0312,0.6773,2.9247
24.0314,0.6242,2.6929
24.0316,0.6438,2.7823
24.0318,0.611,2.6408
24.0320,0.6102,2.636
24.0322,0.6209,2.6784
24.0324,0.6581,2.8432
24.0326,0.6218,2.69
24.0328,0.5524,2.3885
24.0330,0.5283,2.2833
24.0332,0.576,2.4849
24.0334,0.7095,3.0535
24.0336,0.8567,3.6958
24.0338,0.6721,2.9033
24.0340,0.5893,2.5459
24.0342,0.6313,2.7246
24.0344,0.6655,2.8748
24.0346,0.6059,2.6125
24.0348,0.6882,2.9663
24.0350,0.7138,3.0835
24.0352,0.6661,2.872
24.0354,0.6933,2.9908
24.0356,0.6873,2.9677
24.0358,0.67,2.8904
24.0360,0.6843,2.9493
24.0362,0.6839,2.9532
24.0364,0.6138,2.6528
24.0366,0.5771,2.493
24.0368,0.5685,2.458
24.0370,0.5694,2.461
24.0372,0.5665,2.4463
24.0374,0.5649,2.4391
24.0376,0.5758,2.4862
24.0378,0.5697,2.4598
24.0380,0.5792,2.5
24.0382,0.5864,2.5334
24.0384,0.5794,2.504
24.0386,0.5819,2.5126
24.0388,0.5821,2.5136
24.0390,0.5779,2.4944
24.0392,0.5733,2.4742
24.0394,0.5861,2.5284
24.0396,0.6285,2.7102
24.0398,0.6486,2.803
24.0400,0.5771,2.4942
24.0402,0.5653,2.44
24.0404,0.5679,2.4509
24.0406,0.6069,2.6159
24.0408,0.6614,2.8532
24.0410,0.6716,2.8958
24.0412,0.668,2.8803
24.0414,0.6759,2.9158
24.0416,0.6736,2.906
24.0418,0.6719,2.8974
24.0420,0.6707,2.8909
24.0422,0.6875,2.9591
24.0424,0.7476,3.2161
24.0426,0.7695,3.3121
24.0428,0.8125,3.4903
24.0430,0.9235,3.9636
24.0432,0.979,4.2038
24.0434,0.9981,4.2857
24.0436,0.9649,4.145
24.0438,0.8141,3.5057
24.0440,0.7447,3.2053
24.0442,0.7798,3.3565
24.0444,0.7814,3.3632
24.0446,0.7917,3.4075
24.0448,0.8639,3.7199
24.0450,0.8114,3.4922
24.0452,0.7932,3.409
24.0454,0.8191,3.5301
24.0456,0.7292,3.1431
24.0458,0.712,3.0658
24.0460,0.7625,3.2801
24.0462,0.8337,3.5865
24.0464,0.8286,3.5682
24.0466,0.8086,3.4771
24.0468,0.8215,3.5372
24.0470,0.7542,3.2506
24.0472,0.7504,3.228
24.0474,0.9258,3.9808
24.0476,0.8074,3.4832
24.0478,0.6465,2.7891
24.0480,0.6158,2.6566
24.0482,0.6634,2.8593
24.0484,0.718,3.0916
24.0486,0.6825,2.9429
24.0488,0.6954,2.989
24.0490,0.7959,3.432
24.0492,0.6922,2.982
24.0494,0.7348,3.1683
24.0496,0.6942,2.9963
24.0498,0.6462,2.7849
24.0500,0.6622,2.8568
24.0502,0.5687,2.4568
24.0504,0.544,2.349
24.0506,0.5617,2.4245
24.0508,0.5505,2.3736
24.0510,0.6245,2.6914
24.0512,0.7331,3.1581
24.0514,0.7718,3.3203
24.0516,0.8215,3.529
24.0518,0.8559,3.6836
24.0520,0.7777,3.3441
24.0522,0.8273,3.5592
24.0524,0.8421,3.6209
24.0526,0.8724,3.7479
24.0528,0.9185,3.9457
24.0530,0.9388,4.0295
24.0532,1.0459,4.4765
24.0534,1.1185,4.787
24.0536,1.1211,4.7983
24.0538,1.1771,5.0403
24.0540,1.2056,5.1649
24.0542,1.1435,4.8988
24.0544,1.1027,4.7242
24.0546,1.0707,4.5913
24.0548,1.0906,4.6788
24.0550,1.0292,4.4155
24.0552,1.0195,4.3677
24.0554,1.0916,4.6786
24.0556,1.1015,4.7256
24.0558,1.0902,4.6702
24.0560,1.1291,4.8394
24.0562,1.0863,4.6603
24.0564,1.0338,4.4371
24.0566,0.9881,4.243
24.0568,0.9476,4.0765
24.0570,0.8812,3.7908
24.0572,0.8911,3.8282
24.0574,0.9766,4.1975
24.0576,0.9385,4.0392
24.0578,0.8824,3.7924
24.0580,0.9009,3.8687
24.0582,0.9396,4.0345
24.0584,0.9087,3.9076
24.0586,0.9145,3.9323
24.0588,0.927,3.9841
24.0590,0.9975,4.2772
24.0592,1.0605,4.5518
24.0594,1.0568,4.5338
24.0596,1.0509,4.5149
24.0598,0.9545,4.1084
24.0600,0.8738,3.7576
24.0602,0.9658,4.1472
24.0604,0.9876,4.2449
24.0606,0.989,4.2505
24.0608,0.98,4.2099
24.0610,0.9657,4.1467
24.0612,1.0092,4.3255
24.0614,1.1104,4.7637
24.0616,1.1114,4.7723
24.0618,1.0679,4.5832
24.0620,1.0458,4.4927
24.0622,0.9695,4.169
24.0624,0.9014,3.8761
24.0626,0.9073,3.9014
24.0628,0.9047,3.8901
24.0630,0.8783,3.7784
24.0632,0.8511,3.6698
24.0634,0.7786,3.356
24.0636,0.7129,3.0742
24.0638,0.6824,2.941
24.0640,0.7885,3.392
24.0642,0.8525,3.6743
24.0644,0.7483,3.2252
24.0646,0.7195,3.1012
24.0648,0.749,3.2298
24.0650,0.7409,3.1947
24.0652,0.7161,3.0848
24.0654,0.7782,3.3539
24.0656,0.7926,3.4127
24.0658,0.8254,3.5559
24.0660,0.8307,3.5769
24.0662,0.8428,3.6257
24.0664,0.8446,3.6402
24.0666,0.7615,3.2836
24.0668,0.7621,3.2816
24.0670,0.8268,3.5571
24.0672,0.8493,3.6519
24.0674,0.8814,3.7918
24.0676,0.8857,3.8104
24.0678,0.934,4.0182
24.0680,0.9483,4.0815
24.0682,0.8547,3.6631
24.0684,0.9435,4.0703
24.0686,0.6917,2.9855
24.0688,0.7183,3.0932
24.0690,0.736,3.172
24.0692,0.7187,3.0933
24.0694,0.842,3.6221
24.0696,0.9914,4.2688
24.0698,0.8964,3.8563
24.0700,0.8794,3.7795
24.0702,0.9061,3.889
24.0704,0.8567,3.6958
24.0706,0.8512,3.6601
24.0708,0.9674,4.1578
24.0710,0.9346,4.0227
24.0712,0.8428,3.6308
24.0714,0.8326,3.5885
24.0716,0.7739,3.3384
24.0718,0.6745,2.9082
24.0720,0.6566,2.8325
24.0722,0.6569,2.8341
24.0724,0.6611,2.8522
24.0726,0.6593,2.847
24.0728,0.7109,3.064
24.0730,0.7103,3.0628
24.0732,0.6596,2.8468
24.0734,0.6603,2.8486
24.0736,0.6601,2.8436
24.0738,0.758,3.258
24.0740,0.9185,3.9494
24.0742,0.9451,4.0638
24.0744,0.8496,3.6585
24.0746,0.7774,3.3508
24.0748,0.7646,3.2924
24.0750,0.7856,3.3812
24.0752,0.8291,3.5652
24.0754,0.8584,3.6893
24.0756,0.9497,4.082
24.0758,0.9272,3.987
24.0760,0.8788,3.7787
24.0762,0.9117,3.9168
24.0764,1.0177,4.3661
24.0766,1.0315,4.4273
24.0768,0.9909,4.2528
24.0770,0.98,4.2099
24.0772,0.9526,4.0868
24.0774,1.0939,4.6927
24.0776,1.023,4.403
24.0778,0.8045,3.466
24.0780,0.7727,3.3286
24.0782,0.7713,3.3198
24.0784,0.8258,3.5541
24.0786,0.9024,3.8821
24.0788,0.8632,3.7186
24.0790,0.7908,3.4066
24.0792,0.7794,3.3606
24.0794,0.7641,3.2904
24.0796,0.8014,3.451
24.0798,0.7435,3.2031
24.0800,0.706,3.0456
24.0802,0.6223,2.6871
24.0804,0.606,2.6167
24.0806,0.6821,2.9345
24.0808,0.8494,3.6626
24.0810,0.7022,3.0305
24.0812,0.5952,2.5701
24.0814,0.5981,2.5825
24.0816,0.6033,2.6016
24.0818,0.6343,2.7363
24.0820,0.594,2.5673
24.0822,0.5876,2.5386
24.0824,0.6147,2.6532
24.0826,0.6286,2.7107
24.0828,0.6749,2.9103
24.0830,0.6858,2.9628
24.0832,0.5611,2.4253
24.0834,0.5276,2.2812
24.0836,0.5206,2.2491
24.0838,0.5315,2.2941
24.0840,0.5842,2.5224
24.0842,0.5657,2.437
24.0844,0.7394,3.184
24.0846,0.7801,3.3544
24.0848,0.8376,3.5985
24.0850,0.8416,3.6222
24.0852,0.8026,3.4497
24.0854,0.9017,3.8736
24.0856,0.9279,3.9882
24.0858,0.9319,4.0052
24.0860,0.9227,3.9637
24.0862,0.9193,3.9456
24.0864,0.9531,4.0945
24.0866,0.9508,4.0772
24.0868,1.0873,4.6601
24.0870,1.122,4.8091
24.0872,1.1402,4.8821
24.0874,1.1363,4.8657
24.0876,1.1627,4.9787
24.0878,1.1903,5.0968
24.0880,1.1812,5.0672
24.0882,1.1426,4.8947
24.0884,1.1866,5.0808
24.0886,1.4108,6.0297
24.0888,1.3695,5.8561
24.0890,1.3103,5.6054
24.0892,1.2151,5.203
24.0894,1.1899,5.0833
24.0896,1.2357,5.3062
24.0898,1.1189,4.8002
24.0900,1.0753,4.6108
24.0902,1.1601,4.9674
24.0904,1.22,5.2216
24.0906,1.2279,5.258
24.0908,1.2358,5.3017
24.0910,1.1885,5.0986
24.0912,1.1319,4.858
24.0914,1.0569,4.5279
24.0916,1.1414,4.885
24.0918,1.1381,4.8962
24.0920,0.955,4.1066
24.0922,0.9698,4.1623
24.0924,0.9905,4.2592
24.0926,0.8879,3.8232
24.0928,0.9121,3.922
24.0930,0.9655,4.1457
24.0932,0.9253,3.9898
24.0934,0.7882,3.3973
24.0936,0.8439,3.6287
24.0938,0.9175,3.9416
24.0940,0.9852,4.2365
24.0942,0.9735,4.1899
24.0944,0.9265,3.9876
24.0946,0.8604,3.7084
24.0948,0.8227,3.539
24.0950,0.8686,3.7366
24.0952,0.9411,4.0449
24.0954,0.9779,4.2012
24.0956,0.9554,4.1062
24.0958,0.9507,4.0918
24.0960,0.8599,3.7029
24.0962,0.8632,3.722
24.0964,0.797,3.435
24.0966,0.7962,3.433
24.0968,0.706,3.047
24.0970,0.6296,2.7199
24.0972,0.629,2.7123
24.0974,0.7518,3.2447
24.0976,0.6679,2.8838
24.0978,0.629,2.7135
24.0980,0.6923,2.9839
24.0982,0.7679,3.311
24.0984,0.7376,3.1792
24.0986,0.7125,3.0764
24.0988,0.6379,2.7557
24.0990,0.6298,2.7222
24.0992,0.6123,2.6429
24.0994,0.635,2.7394
24.0996,0.641,2.7691
24.0998,0.6424,2.7715
24.1000,0.6321,2.7308
24.1002,0.538,2.3242
24.1004,0.5393,2.3331
24.1006,0.5683,2.4564
24.1008,0.6502,2.8051
24.1010,0.6573,2.8369
24.1012,0.6195,2.6789
24.1014,0.5745,2.4828
24.1016,0.5909,2.5502
24.1018,0.581,2.5078
24.1020,0.5729,2.4749
24.1022,0.5586,2.4133
24.1024,0.5693,2.4582
24.1026,0.5729,2.4749
24.1028,0.5577,2.4114
24.1030,0.5578,2.4074
24.1032,0.6295,2.7156
24.1034,0.5845,2.5228
24.1036,0.5727,2.4739
24.1038,0.5596,2.4152
24.1040,0.5956,2.5692
24.1042,0.6422,2.7756
24.1044,0.5933,2.5618
24.1046,0.6245,2.6876
24.1048,0.7203,3.1057
24.1050,0.6698,2.8854
24.1052,0.677,2.9191
24.1054,0.7015,3.0251
24.1056,0.7017,3.0242
24.1058,0.7101,3.0646
24.1060,0.69,2.9741
24.1062,0.7543,3.2465
24.1064,0.7531,3.2474
24.1066,0.6807,2.9351
24.1068,0.6844,2.947
24.1070,0.7568,3.2543
24.1072,0.8382,3.6061
24.1074,0.8767,3.7717
24.1076,0.8396,3.6101
24.1078,0.8062,3.4684
24.1080,0.7952,3.4193
24.1082,0.7963,3.4256
24.1084,0.8248,3.5434
24.1086,0.8622,3.7162
24.1088,0.7405,3.1872
24.1090,0.8767,3.7629
24.1092,0.9719,4.1754
24.1094,0.8897,3.8238
24.1096,0.9135,3.93
24.1098,0.8405,3.6142
24.1100,0.8625,3.7034
24.1102,0.8643,3.7198
24.1104,0.7692,3.3167
24.1106,0.7445,3.2057
24.1108,0.7568,3.2574
24.1110,0.9713,4.1845
24.1112,0.7523,3.2453
24.1114,0.6565,2.832
24.1116,0.633,2.7306
24.1118,0.6456,2.7811
24.1120,0.7101,3.0575
24.1122,0.8369,3.6038
24.1124,0.773,3.3317
24.1126,0.7149,3.0768
24.1128,0.7664,3.3002
24.1130,0.7453,3.2138
24.1132,0.6796,2.9291
24.1134,0.7265,3.1297
24.1136,0.7091,3.0562
24.1138,0.7137,3.0787
24.1140,0.7066,3.0426
24.1142,0.7278,3.1369
24.1144,0.6645,2.864
24.1146,0.6547,2.8216
24.1148,0.6928,2.9846
24.1150,0.6249,2.6985
24.1152,0.5795,2.5022
24.1154,0.6163,2.6599
24.1156,0.6176,2.6644
24.1158,0.6054,2.6129
24.1160,0.6436,2.7767
24.1162,0.6402,2.7617
24.1164,0.637,2.7495
24.1166,0.5471,2.3624
24.1168,0.5223,2.2563
24.1170,0.5351,2.3128
24.1172,0.5152,2.2258
24.1174,0.5566,2.3989
24.1176,0.6945,2.9862
24.1178,0.7537,3.2485
24.1180,0.6917,2.9785
24.1182,0.7342,3.1613
24.1184,0.7135,3.0739
24.1186,0.7045,3.0352
24.1188,0.7886,3.391
24.1190,0.8483,3.6426
24.1192,0.8882,3.8194
24.1194,0.8689,3.7312
24.1196,0.9198,3.944
24.1198,0.9379,4.0216
24.1200,1.0212,4.3728
24.1202,1.1502,4.9276
24.1204,1.1417,4.8934
24.1206,1.1262,4.8203
24.1208,1.1507,4.925
24.1210,1.1342,4.8474
24.1212,1.2279,5.2531
24.1214,1.2345,5.2887
24.1216,1.2,5.1287
24.1218,1.2526,5.3562
24.1220,1.2784,5.4664
24.1222,1.2975,5.5635
24.1224,1.0553,4.5271
24.1226,0.9703,4.1604
24.1228,0.9864,4.2358
24.1230,0.9446,4.058
24.1232,0.9416,4.0451
24.1234,0.9915,4.2594
24.1236,0.9705,4.1634
24.1238,1.0163,4.3538
24.1240,1.0771,4.625
24.1242,1.0017,4.2992
24.1244,0.9677,4.1632
24.1246,0.9036,3.8818
24.1248,0.9975,4.2791
24.1250,1.0288,4.4134
24.1252,1.0567,4.5375
24.1254,1.0079,4.3219
24.1256,1.0712,4.5912
24.1258,1.0626,4.5606
24.1260,1.0162,4.3635
24.1262,1.0203,4.381
24.1264,1.0243,4.3964
24.1266,1.0164,4.3686
24.1268,0.9436,4.0539
24.1270,0.949,4.0751
24.1272,0.9697,4.1637
24.1274,0.9857,4.2307
24.1276,0.9976,4.2856
24.1278,1.0607,4.5523
24.1280,1.1059,4.7464
24.1282,1.1177,4.7884
24.1284,1.1428,4.8934
24.1286,1.1398,4.8874
24.1288,1.0397,4.4644
24.1290,0.9783,4.2066
24.1292,0.9328,4.0131
24.1294,0.925,3.974
24.1296,0.973,4.1859
24.1298,0.8777,3.7811
24.1300,0.7605,3.2795
24.1302,0.7086,3.0542
24.1304,0.7018,3.0233
24.1306,0.7331,3.1581
24.1308,0.839,3.6109
24.1310,0.8448,3.621
24.1312,0.9989,4.3073
24.1314,0.7205,3.1082
24.1316,0.6926,2.9877
24.1318,0.6966,3.0039
24.1320,0.7115,3.0694
24.1322,0.7067,3.0501
24.1324,0.6599,2.851
24.1326,0.6139,2.6508
24.1328,0.6158,2.6591
24.1330,0.6676,2.8828
24.1332,0.6628,2.8594
24.1334,0.6789,2.9247
24.1336,0.7192,3.104
24.1338,0.7263,3.1229
24.1340,0.9087,3.9112
24.1342,0.8679,3.7387
24.1344,0.7634,3.2919
24.1346,0.681,2.9367
24.1348,0.6631,2.8591
24.1350,0.6729,2.9002
24.1352,0.7358,3.1715
24.1354,0.7544,3.2501
24.1356,0.7456,3.2119
24.1358,0.7592,3.2738
24.1360,0.6971,3.0087
24.1362,0.6554,2.8273
24.1364,0.6543,2.8214
24.1366,0.6519,2.8123
24.1368,0.6508,2.8103
24.1370,0.6502,2.8064
24.1372,0.6704,2.888
24.1374,0.7356,3.1675
24.1376,0.7164,3.0906
24.1378,0.6577,2.8372
24.1380,0.6537,2.8201
24.1382,0.6489,2.7968
24.1384,0.6498,2.803
24.1386,0.6514,2.8103
24.1388,0.6504,2.803
24.1390,0.6904,2.9784
24.1392,0.658,2.8374
24.1394,0.6628,2.8581
24.1396,0.6697,2.8889
24.1398,0.6645,2.864
24.1400,0.6604,2.8477
24.1402,0.7007,3.0173
24.1404,0.7727,3.324
24.1406,0.832,3.5793
24.1408,0.8416,3.6256
24.1410,0.7706,3.3167
24.1412,0.7633,3.2868
24.1414,0.7571,3.2584
24.1416,0.7585,3.2661
24.1418,0.7731,3.3276
24.1420,0.8644,3.7134
24.1422,0.8954,3.8486
24.1424,0.8966,3.8573
24.1426,0.8676,3.7307
24.1428,0.8675,3.725
24.1430,0.9086,3.9016
24.1432,0.8984,3.8651
24.1434,0.8197,3.5311
24.1436,0.7995,3.4395
24.1438,0.7999,3.4378
24.1440,0.8947,3.8473
24.1442,0.9087,3.9112
24.1444,0.8105,3.487
24.1446,0.8012,3.4467
24.1448,0.8175,3.5185
24.1450,0.8403,3.6149
24.1452,0.8673,3.7292
24.1454,0.8843,3.8042
24.1456,0.885,3.8037
24.1458,0.8984,3.8651
24.1460,0.8846,3.8057
24.1462,0.7777,3.3487
24.1464,0.7405,3.1916
24.1466,0.7368,3.1756
24.1468,0.7334,3.1567
24.1470,0.7777,3.3503
24.1472,0.7187,3.0976
24.1474,0.6992,3.0105
24.1476,0.714,3.0789
24.1478,0.6541,2.8217
24.1480,0.606,2.6142
24.1482,0.6057,2.6156
24.1484,0.6126,2.6439
24.1486,0.6308,2.7188
24.1488,0.6614,2.8519
24.1490,0.6722,2.8957
24.1492,0.7,3.0142
24.1494,0.7025,3.0292
24.1496,0.6258,2.7021
24.1498,0.5434,2.3464
24.1500,0.5313,2.2952
24.1502,0.5445,2.3532
24.1504,0.5339,2.3044
24.1506,0.5613,2.4213
24.1508,0.6629,2.8573
24.1510,0.6782,2.9243
24.1512,0.658,2.8335
24.1514,0.7132,3.0724
24.1516,0.7512,3.2361
24.1518,0.7598,3.2733
24.1520,0.7065,3.0392
24.1522,0.814,3.5019
24.1524,0.8529,3.6673
24.1526,0.8331,3.5806
24.1528,0.8587,3.6857
24.1530,0.9216,3.9591
24.1532,0.9474,4.0717
24.1534,0.9549,4.0985
24.1536,0.9973,4.2726
24.1538,1.0539,4.5151
24.1540,1.0822,4.6428
24.1542,1.0412,4.4648
24.1544,1.0608,4.5486
24.1546,1.096,4.6998
24.1548,1.0101,4.3311
24.1550,1.0253,4.4046
24.1552,0.9551,4.1033
24.1554,0.95,4.0774
24.1556,1.0018,4.2997
24.1558,0.9854,4.2252
24.1560,0.9989,4.2873
24.1562,1.011,4.3413
24.1564,0.9894,4.2407
24.1566,1.0826,4.6379
24.1568,1.1232,4.8097
24.1570,1.1211,4.805
24.1572,1.1355,4.8644
24.1574,1.1453,4.9042
24.1576,1.07,4.6053
24.1578,0.8357,3.5986
24.1580,0.8051,3.4653
24.1582,0.8295,3.5635
24.1584,0.9501,4.076
24.1586,1.0205,4.3799
24.1588,1.0321,4.4257
24.1590,1.0828,4.6476
24.1592,1.0777,4.6254
24.1594,0.9969,4.2905
24.1596,0.8387,3.6132
24.1598,0.7956,3.4241
24.1600,0.7906,3.4092
24.1602,0.7284,3.138
24.1604,0.7691,3.3131
24.1606,0.8049,3.4627
24.1608,0.8352,3.5982
24.1610,0.7807,3.3632
24.1612,0.8227,3.5358
24.1614,0.9434,4.0528
24.1616,0.9568,4.1086
24.1618,0.9278,3.9933
24.1620,0.9436,4.0557
24.1622,0.9081,3.905
24.1624,0.8776,3.7788
24.1626,0.834,3.5914
24.1628,0.7765,3.3436
24.1630,0.8152,3.5054
24.1632,0.8248,3.5516
24.1634,0.8158,3.508
24.1636,0.8669,3.7294
24.1638,0.883,3.7985
24.1640,0.8879,3.8197
24.1642,0.8515,3.6651
24.1644,0.7758,3.3436
24.1646,0.749,3.2268
24.1648,0.7336,3.1617
24.1650,0.7047,3.0385
24.1652,0.7013,3.0283
24.1654,0.638,2.7536
24.1656,0.6463,2.788
24.1658,0.6432,2.7772
24.1660,0.6116,2.6385
24.1662,0.671,2.8932
24.1664,0.7005,3.019
24.1666,0.728,3.1379
24.1668,0.7095,3.055
24.1670,0.7394,3.1811
24.1672,0.8393,3.6091
24.1674,0.9077,3.9011
24.1676,0.912,3.9179
24.1678,0.9047,3.8864
24.1680,0.893,3.8383
24.1682,0.9134,3.924
24.1684,0.9218,3.9638
24.1686,0.9092,3.9115
24.1688,0.8924,3.8375
24.1690,0.8923,3.8352
24.1692,0.9041,3.8893
24.1694,0.8235,3.5476
24.1696,0.7669,3.3069
24.1698,0.7191,3.1006
24.1700,0.7186,3.0956
24.1702,0.7234,3.1177
24.1704,0.7635,3.2863
24.1706,0.8478,3.6474
24.1708,0.817,3.5197
24.1710,0.7737,3.3317
24.1712,0.7715,3.3203
24.1714,0.7688,3.3121
24.1716,0.7575,3.2665
24.1718,0.7108,3.0663
24.1720,0.6614,2.8506
24.1722,0.6629,2.8599
24.1724,0.6635,2.8638
24.1726,0.6599,2.8457
24.1728,0.6661,2.872
24.1730,0.6667,2.8733
24.1732,0.6723,2.8989
24.1734,0.676,2.9177
24.1736,0.6766,2.9162
24.1738,0.7388,3.1829
24.1740,0.7372,3.1772
24.1742,0.6893,2.9723
24.1744,0.7066,3.0454
24.1746,0.7581,3.2631
24.1748,0.7904,3.4003
24.1750,0.8215,3.5339
24.1752,0.8169,3.5176
24.1754,0.7759,3.3425
24.1756,0.7792,3.3523
24.1758,0.8486,3.6437
24.1760,0.9057,3.8929
24.1762,0.8965,3.8604
24.1764,0.7935,3.4185
24.1766,0.8077,3.4746
24.1768,0.8813,3.786
24.1770,0.8881,3.8225
24.1772,0.8404,3.6188
24.1774,0.7705,3.3177
24.1776,0.7428,3.1985
24.1778,0.7364,3.1726
24.1780,0.736,3.172
24.1782,0.7406,3.1922
24.1784,0.7433,3.202
24.1786,0.7402,3.1871
24.1788,0.7039,3.034
24.1790,0.7316,3.1519
24.1792,0.7405,3.1902
24.1794,0.6923,2.9839
24.1796,0.6846,2.9522
24.1798,0.6825,2.9442
24.1800,0.689,2.9694
24.1802,0.6982,3.0078
24.1804,0.749,3.2298
24.1806,0.6539,2.8238
24.1808,0.5753,2.483
24.1810,0.5679,2.4497
24.1812,0.5657,2.4427
24.1814,0.5661,2.4442
24.1816,0.6089,2.6254
24.1818,0.6679,2.8798
24.1820,0.6392,2.7562
24.1822,0.6595,2.841
24.1824,0.6873,2.9608
24.1826,0.7162,3.0853
24.1828,0.7372,3.1683
24.1830,0.8501,3.6572
24.1832,0.8277,3.5607
24.1834,0.8393,3.6091
24.1836,0.8517,3.6605
24.1838,0.8869,3.8067
24.1840,0.9435,4.0477
24.1842,0.9429,4.0489
24.1844,1.0103,4.3301
24.1846,1.0262,4.4005
24.1848,1.0223,4.3877
24.1850,1.025,4.3975
24.1852,1.042,4.4679
24.1854,1.062,4.5538
24.1856,0.9584,4.1172
24.1858,0.8818,3.7898
24.1860,0.8822,3.7901
24.1862,0.9658,4.1434
24.1864,1.0361,4.4427
24.1866,1.0683,4.5789
24.1868,1.0892,4.6639
24.1870,1.0902,4.6746
24.1872,1.0734,4.6026
24.1874,1.0694,4.5856
24.1876,1.061,4.556
24.1878,1.0538,4.5209
24.1880,1.0794,4.6283
24.1882,1.093,4.6847
24.1884,1.0939,4.6905
24.1886,1.1008,4.7093
24.1888,1.1958,5.118
24.1890,1.2066,5.1642
24.1892,1.2065,5.1685
24.1894,1.1885,5.0914
24.1896,1.1869,5.08
24.1898,1.1888,5.0906
24.1900,1.1704,5.0209
24.1902,1.1362,4.8675
24.1904,1.1872,5.0858
24.1906,1.1899,5.1
24.1908,1.186,5.0901
24.1910,1.1014,4.7229
24.1912,1.0897,4.6703
24.1914,1.1024,4.727
24.1916,1.0842,4.6554
24.1918,0.9936,4.2686
24.1920,1.0264,4.4052
24.1922,1.0342,4.4407
24.1924,1.0954,4.6972
24.1926,1.1157,4.7841
24.1928,1.0782,4.6275
24.1930,1.0505,4.5086
24.1932,1.0405,4.468
24.1934,1.0844,4.6564
24.1936,1.0977,4.7136
24.1938,1.0864,4.6673
24.1940,1.0398,4.4566
24.1942,1.1414,4.8964
24.1944,1.0836,4.6506
24.1946,1.0651,4.5693
24.1948,1.1079,4.7573
24.1950,1.0759,4.6177
24.1952,1.1237,4.823
24.1954,1.0687,4.5868
24.1956,1.039,4.4634
24.1958,1.0168,4.3721
24.1960,0.948,4.0819
24.1962,0.8721,3.7533
24.1964,0.8601,3.7069
24.1966,0.8421,3.6277
24.1968,0.8725,3.7536
24.1970,0.9066,3.8983
24.1972,0.9908,4.2603
24.1974,0.9318,4.0103
24.1976,0.882,3.7979
24.1978,0.8228,3.5461
24.1980,0.7839,3.3803
24.1982,0.8369,3.6071
24.1984,0.856,3.6876
24.1986,0.835,3.5955
24.1988,0.8572,3.6876
24.1990,0.8774,3.7765
24.1992,0.8797,3.7881
24.1994,0.8728,3.7599
24.1996,0.8487,3.6544
24.1998,0.8507,3.6649
24.2000,0.8671,3.7322
24.2002,0.8681,3.738
24.2004,0.8693,3.7345
24.2006,0.9671,4.1587
24.2008,0.9352,4.0271
24.2010,0.932,4.0095
24.2012,0.9266,3.9807
24.2014,0.977,4.2029
24.2016,0.9614,4.1378
24.2018,0.9464,4.0695
24.2020,0.938,4.0296
24.2022,0.9561,4.1132
24.2024,0.9422,4.0571
24.2026,0.9075,3.9061
24.2028,0.8701,3.7468
24.2030,0.8902,3.8295
24.2032,0.9274,3.988
24.2034,0.9181,3.957
24.2036,0.7849,3.3844
24.2038,0.75,3.2355
24.2040,0.7822,3.3683
24.2042,0.9296,3.9973
24.2044,0.9457,4.0683
24.2046,0.9679,4.1637
24.2048,0.9524,4.0972
24.2050,0.9515,4.0936
24.2052,0.9026,3.8777
24.2054,0.9448,4.0666
24.2056,0.9434,4.0641
24.2058,0.8152,3.5152
24.2060,0.7804,3.3653
24.2062,0.7462,3.2189
24.2064,0.7414,3.1953
24.2066,0.7655,3.2991
24.2068,0.7683,3.3131
24.2070,0.7752,3.3394
24.2072,0.8173,3.5224
24.2074,0.8372,3.6015
24.2076,0.9195,3.9558
24.2078,0.9499,4.0863
24.2080,0.9113,3.9202
24.2082,0.9721,4.174
24.2084,1.0428,4.4757
24.2086,1.0356,4.4469
24.2088,0.9993,4.3049
24.2090,0.8629,3.721
24.2092,0.802,3.4535
24.2094,0.7902,3.4056
24.2096,0.8586,3.6938
24.2098,0.9719,4.1754
24.2100,0.9604,4.1317
24.2102,0.9892,4.2476
24.2104,1.0934,4.6907
24.2106,1.0944,4.6991
24.2108,1.0845,4.6613
24.2110,1.0595,4.5472
24.2112,1.0896,4.672
24.2114,0.9715,4.1792
24.2116,0.9683,4.1638
24.2118,0.938,4.039
24.2120,0.8915,3.8369
24.2122,0.8499,3.6595
24.2124,0.8611,3.7064
24.2126,0.8864,3.8117
24.2128,0.9128,3.9269
24.2130,0.9459,4.0712
24.2132,0.9459,4.0712
24.2134,0.935,4.0242
24.2136,0.8833,3.8018
24.2138,0.8922,3.84
24.2140,0.9015,3.8821
24.2142,0.8578,3.6936
24.2144,0.823,3.5455
24.2146,0.7998,3.4469
24.2148,0.8296,3.5723
24.2150,0.8936,3.848
24.2152,0.898,3.8648
24.2154,0.9417,4.0456
24.2156,1.0073,4.3314
24.2158,0.9983,4.2887
24.2160,1.0205,4.3861
24.2162,0.979,4.2176
24.2164,0.8814,3.7883
24.2166,0.9958,4.2759
24.2168,1.1249,4.8192
24.2170,1.2041,5.1727
24.2172,0.9848,4.2364
24.2174,0.8985,3.8638
24.2176,0.9391,4.038
24.2178,0.9448,4.0685
24.2180,0.9319,4.009
24.2182,0.9965,4.279
24.2184,1.0816,4.6424
24.2186,1.1141,4.7796
24.2188,1.1144,4.7807
24.2190,1.1267,4.8404
24.2192,1.0916,4.6895
24.2194,1.0692,4.5932
24.2196,1.0587,4.5483
24.2198,1.09,4.6806
24.2200,1.0904,4.6778
24.2202,1.0705,4.5945
24.2204,1.0738,4.6111
24.2206,1.0874,4.6671
24.2208,1.1267,4.8449
24.2210,1.05,4.5065
24.2212,1.1332,4.8569
24.2214,1.1665,5.0138
24.2216,1.0885,4.6761
24.2218,1.0398,4.4711
24.2220,1.0168,4.3681
24.2222,1.0662,4.5845
24.2224,1.0068,4.3334
24.2226,0.9104,3.9185
24.2228,0.9601,4.134
24.2230,0.9964,4.2805
24.2232,1.0403,4.469
24.2234,0.9947,4.2773
24.2236,0.9229,3.9721
24.2238,1.0114,4.3429
24.2240,1.1908,5.0988
24.2242,1.3045,5.586
24.2244,1.2758,5.4705
24.2246,1.1867,5.0932
24.2248,1.125,4.8287
24.2250,1.1316,4.857
24.2252,1.1111,4.769
24.2254,1.1632,5.0017
24.2256,1.0614,4.566
24.2258,1.0057,4.3267
24.2260,1.0077,4.335
24.2262,1.0523,4.5163
24.2264,1.0874,4.6715
24.2266,1.0911,4.6874
24.2268,1.1464,4.9157
24.2270,1.2567,5.3837
24.2272,1.2716,5.4474
24.2274,1.2738,5.4597
24.2276,1.1816,5.0763
24.2278,1.0941,4.6981
24.2280,1.1104,4.7726
24.2282,1.0416,4.4789
24.2284,1.0533,4.5273
24.2286,1.0633,4.5722
24.2288,0.9976,4.2916
24.2290,0.9827,4.2277
24.2292,0.9985,4.2958
24.2294,1.0229,4.4025
24.2296,0.9994,4.2974
24.2298,1.0824,4.6563
24.2300,1.0445,4.4933
24.2302,0.9527,4.1044
24.2304,0.8446,3.6419
24.2306,0.8271,3.573
24.2308,0.7487,3.2283
24.2310,0.8047,3.4713
24.2312,0.8228,3.5511
24.2314,0.8313,3.5845
24.2316,0.8182,3.5265
24.2318,0.7998,3.4533
24.2320,0.7302,3.153
24.2322,0.7177,3.0992
24.2324,0.7319,3.1559
24.2326,0.7762,3.3518
24.2328,0.734,3.1681
24.2330,0.7327,3.161
24.2332,0.7474,3.2241
24.2334,0.8003,3.4527
24.2336,0.758,3.2716
24.2338,0.7941,3.4274
24.2340,0.7346,3.1692
24.2342,0.7621,3.2908
24.2344,0.7368,3.1845
24.2346,0.7145,3.0838
24.2348,0.7145,3.0824
24.2350,0.7248,3.1283
24.2352,0.7685,3.312
24.2354,0.7807,3.3679
24.2356,0.7992,3.4443
24.2358,0.8575,3.696
24.2360,0.8662,3.7298
24.2362,0.9469,4.0715
24.2364,0.9553,4.1191
24.2366,0.8204,3.5358
24.2368,0.8346,3.5956
24.2370,0.784,3.3839
24.2372,0.7617,3.2877
24.2374,0.7597,3.2774
24.2376,0.7599,3.2784
24.2378,0.7707,3.3234
24.2380,0.7662,3.3038
24.2382,0.7273,3.1392
24.2384,0.6698,2.8921
24.2386,0.7037,3.0358
24.2388,0.7571,3.266
24.2390,0.73,3.1491
24.2392,0.7432,3.2045
24.2394,0.7691,3.3208
24.2396,0.7291,3.144
24.2398,0.7227,3.1132
24.2400,0.825,3.551
24.2402,0.8815,3.7941
24.2404,0.8916,3.841
24.2406,0.843,3.6335
24.2408,0.8233,3.5433
24.2410,0.9103,3.9161
24.2412,0.9454,4.0672
24.2414,0.8971,3.8576
24.2416,0.9336,4.0181
24.2418,0.8662,3.7298
24.2420,0.8659,3.7253
24.2422,0.921,3.962
24.2424,0.925,3.9777
24.2426,0.883,3.8073
24.2428,0.8072,3.479
24.2430,0.7926,3.4127
24.2432,0.8271,3.5565
24.2434,0.9289,3.9942
24.2436,0.9553,4.1115
24.2438,0.8801,3.7932
24.2440,0.8629,3.7141
24.2442,0.8779,3.7751
24.2444,0.8856,3.8134
24.2446,0.8965,3.8586
24.2448,0.8604,3.7067
24.2450,0.8372,3.6048
24.2452,0.876,3.7721
24.2454,0.852,3.6671
24.2456,0.8736,3.7583
24.2458,0.9464,4.0676
24.2460,0.9995,4.2899
24.2462,1.0404,4.4654
24.2464,1.0313,4.4325
24.2466,1.0162,4.3655
24.2468,1.0167,4.3757
24.2470,0.9315,4.0093
24.2472,0.9372,4.0335
24.2474,0.9271,3.9883
24.2476,0.9541,4.1006
24.2478,0.9688,4.1678
24.2480,0.885,3.8144
24.2482,0.8198,3.5349
24.2484,0.8484,3.6516
24.2486,0.9496,4.0796
24.2488,0.9791,4.2142
24.2490,0.9494,4.0843
24.2492,0.9499,4.0787
24.2494,0.9837,4.2298
24.2496,0.9856,4.2341
24.2498,1.0656,4.5756
24.2500,1.1147,4.7911
24.2502,1.0024,4.3123
24.2504,0.9376,4.0356
24.2506,0.9255,3.9779
24.2508,1.0693,4.5894
24.2510,1.1392,4.8871
24.2512,1.1396,4.8932
24.2514,1.1002,4.7244
24.2516,1.105,4.7361
24.2518,1.1571,4.9592
24.2520,1.2069,5.1778
24.2522,1.1908,5.1083
24.2524,1.1797,5.0586
24.2526,1.1809,5.0685
24.2528,1.1531,4.9514
24.2530,1.1525,4.9489
24.2532,1.1405,4.8928
24.2534,1.1803,5.0565
24.2536,1.2653,5.4207
24.2538,1.2806,5.491
24.2540,1.246,5.338
24.2542,1.2427,5.3286
24.2544,1.1927,5.1166
24.2546,1.2153,5.2113
24.2548,1.2133,5.2002
24.2550,1.2238,5.2405
24.2552,1.2603,5.3966
24.2554,1.3503,5.7822
24.2556,1.3535,5.7874
24.2558,1.3957,5.9735
24.2560,1.3736,5.8818
24.2562,1.3884,5.9422
24.2564,1.3634,5.83
24.2566,1.3115,5.6237
24.2568,1.2626,5.4114
24.2570,1.3421,5.7441
24.2572,1.3571,5.8136
24.2574,1.359,5.8246
24.2576,1.356,5.8009
24.2578,1.364,5.8352
24.2580,1.369,5.8677
24.2582,1.3214,5.6611
24.2584,1.3495,5.784
24.2586,1.3454,5.7638
24.2588,1.399,5.9934
24.2590,1.3692,5.8628
24.2592,1.3421,5.7494
24.2594,1.3348,5.7181
24.2596,1.3147,5.6481
24.2598,1.2463,5.3465
24.2600,1.2922,5.5357
24.2602,1.2917,5.5363
24.2604,1.3003,5.5707
24.2606,1.339,5.7388
24.2608,1.2677,5.436
24.2610,1.2596,5.4036
24.2612,1.3039,5.5887
24.2614,1.327,5.6927
24.2616,1.3139,5.6392
24.2618,1.131,4.8725
24.2620,1.0078,4.3415
24.2622,0.9845,4.2413
24.2624,0.9826,4.235
24.2626,1.0003,4.3135
24.2628,0.879,3.7938
24.2630,0.8411,3.6286
24.2632,0.9369,4.0344
24.2634,0.9846,4.2359
24.2636,1.0508,4.5228
24.2638,1.0875,4.6807
24.2640,1.0396,4.4763
24.2642,1.0109,4.3509
24.2644,1.0619,4.5681
24.2646,1.1188,4.8109
24.2648,1.1309,4.8607
24.2650,1.118,4.805
24.2652,1.0984,4.7232
24.2654,1.0804,4.6524
24.2656,1.0312,4.4381
24.2658,1.0231,4.3995
24.2660,1.0551,4.5392
24.2662,1.0514,4.5274
24.2664,1.0583,4.5526
24.2666,1.0818,4.6494
24.2668,1.0386,4.4701
24.2670,1.0681,4.5928
24.2672,1.0476,4.5109
24.2674,1.0508,4.527
24.2676,1.0138,4.3633
24.2678,0.9981,4.2957
24.2680,1.0232,4.4061
24.2682,1.0155,4.3705
24.2684,1.04,4.4763
24.2686,1.0743,4.6261
24.2688,1.0523,4.5268
24.2690,1.0544,4.5361
24.2692,1.0303,4.4324
24.2694,1.0506,4.5196
24.2696,1.0628,4.5765
24.2698,0.9505,4.1022
24.2700,0.8858,3.8251
24.2702,0.9161,3.9427
24.2704,1.0503,4.5186
24.2706,1.0616,4.565
24.2708,1.1193,4.8085
24.2710,1.1738,5.0405
24.2712,1.1132,4.7889
24.2714,1.1021,4.7414
24.2716,1.1289,4.8497
24.2718,1.1622,4.9975
24.2720,1.1315,4.8655
24.2722,1.0808,4.6518
24.2724,1.0314,4.4412
24.2726,1.0321,4.4402
24.2728,1.0441,4.4939
24.2730,1.0536,4.5346
24.2732,1.1109,4.7791
24.2734,1.1089,4.7659
24.2736,1.1001,4.7283
24.2738,1.1108,4.7652
24.2740,1.1892,5.1135
24.2742,1.1397,4.9029
24.2744,1.1102,4.776
24.2746,1.1201,4.8098
24.2748,1.167,5.0158
24.2750,1.1511,4.9473
24.2752,1.1488,4.9398
24.2754,1.1436,4.913
24.2756,1.1133,4.7872
24.2758,1.1035,4.7471
24.2760,1.1195,4.814
24.2762,1.187,5.0924
24.2764,1.2288,5.2738
24.2766,1.231,5.2836
24.2768,1.1991,5.1515
24.2770,1.1767,5.0623
24.2772,1.1669,5.0153
24.2774,1.1808,5.068
24.2776,1.2039,5.1794
24.2778,1.1523,4.9501
24.2780,1.181,5.0761
24.2782,1.1241,4.8358
24.2784,1.1008,4.7358
24.2786,1.1352,4.8815
24.2788,1.158,4.9795
24.2790,1.1418,4.9144
24.2792,1.1117,4.7849
24.2794,1.078,4.6421
24.2796,1.0312,4.434
24.2798,1.1062,4.7612
24.2800,1.0324,4.4433
24.2802,0.9984,4.3072
24.2804,0.9515,4.1031
24.2806,0.9478,4.087
24.2808,0.9261,3.9953
24.2810,0.8376,3.6186
24.2812,0.801,3.4601
24.2814,0.8008,3.4548
24.2816,0.8078,3.488
24.2818,0.8572,3.7047
24.2820,0.8631,3.725
24.2822,0.8157,3.5222
24.2824,0.7894,3.4088
24.2826,0.802,3.4616
24.2828,0.8645,3.7277
24.2830,0.9265,3.9913
24.2832,0.9852,4.2464
24.2834,1.0146,4.3669
24.2836,1.0451,4.5001
24.2838,1.0629,4.5728
24.2840,1.0441,4.4939
24.2842,1.0237,4.4041
24.2844,1.0712,4.6083
24.2846,1.0923,4.6991
24.2848,1.1011,4.7258
24.2850,1.2085,5.1893
24.2852,1.2325,5.2947
24.2854,1.1945,5.1362
24.2856,1.1708,5.03
24.2858,1.1569,4.9725
24.2860,1.1477,4.9328
24.2862,1.1797,5.0752
24.2864,1.1673,5.0168
24.2866,1.1734,5.0455
24.2868,1.1101,4.771
24.2870,1.1186,4.8076
24.2872,1.1037,4.7437
24.2874,1.1255,4.8398
24.2876,1.1268,4.8477
24.2878,1.1496,4.9434
24.2880,1.0827,4.6644
24.2882,1.0557,4.5376
24.2884,1.1569,4.9748
24.2886,1.1336,4.872
24.2888,1.1488,4.9444
24.2890,1.0685,4.5986
24.2892,1.1242,4.8341
24.2894,1.1725,5.0372
24.2896,1.1744,5.036
24.2898,1.2741,5.4633
24.2900,1.2297,5.278
24.2902,1.275,5.4674
24.2904,1.3348,5.7314
24.2906,1.2481,5.3667
24.2908,1.1742,5.0514
24.2910,1.1619,4.9983
24.2912,1.171,5.0211
24.2914,1.283,5.5013
24.2916,1.3244,5.6845
24.2918,1.2445,5.3487
24.2920,1.1366,4.8917
24.2922,1.1314,4.8673
24.2924,1.2189,5.2268
24.2926,1.3084,5.6182
24.2928,1.2904,5.5306
24.2930,1.3195,5.6634
24.2932,1.314,5.6371
24.2934,1.3453,5.7714
24.2936,1.3246,5.6771
24.2938,1.3349,5.7373
24.2940,1.2421,5.3359
24.2942,1.2482,5.3522
24.2944,1.2798,5.5033
24.2946,1.0981,4.7393
24.2948,0.926,4.0022
24.2950,0.8814,3.7971
24.2952,1.0149,4.37
24.2954,1.0255,4.4118
24.2956,1.112,4.7882
24.2958,1.053,4.5299
24.2960,1.1794,5.0689
24.2962,1.1798,5.0686
24.2964,1.0683,4.6067
24.2966,0.8983,3.8807
24.2968,0.8542,3.6901
24.2970,0.8367,3.6111
24.2972,0.8362,3.6157
24.2974,0.7381,3.1931
24.2976,0.7454,3.2218
24.2978,0.8237,3.5585
24.2980,0.8133,3.5118
24.2982,0.8587,3.7046
24.2984,0.8933,3.8554
24.2986,0.8165,3.5258
24.2988,0.7964,3.4404
24.2990,0.7798,3.3752
24.2992,0.7652,3.3103
24.2994,0.7548,3.2562
24.2996,0.8599,3.7201
24.2998,0.652,2.8272
24.3000,0.5695,2.4695
24.3002,0.5623,2.4349
24.3004,0.6246,2.7032
24.3006,0.6258,2.7083
24.3008,0.6066,2.6289
24.3010,0.6134,2.6573
24.3012,0.6131,2.6521
24.3014,0.6334,2.7428
24.3016,0.6309,2.7332
24.3018,0.6185,2.6754
24.3020,0.6493,2.8062
24.3022,0.6924,2.9913
24.3024,0.6906,2.9877
24.3026,0.6736,2.9127
24.3028,0.7297,3.151
24.3030,0.7463,3.2224
24.3032,0.7128,3.0837
24.3034,0.6646,2.8738
24.3036,0.7474,3.2256
24.3038,0.7623,3.2903
24.3040,0.7627,3.2933
24.3042,0.7964,3.4388
24.3044,0.8641,3.7262
24.3046,0.8946,3.8557
24.3048,0.8532,3.6808
24.3050,0.8498,3.6692
24.3052,0.7896,3.403
24.3054,0.8332,3.5961
24.3056,0.7904,3.4129
24.3058,0.7764,3.3508
24.3060,0.7824,3.372
24.3062,0.8707,3.7511
24.3064,0.9511,4.0953
24.3066,0.9778,4.2026
24.3068,1.0459,4.4995
24.3070,0.9879,4.2479
24.3072,0.9942,4.2792
24.3074,1.0043,4.3205
24.3076,1.0302,4.4381
24.3078,0.9484,4.082
24.3080,0.9282,4.0004
24.3082,0.8619,3.7146
24.3084,0.9097,3.9172
24.3086,0.9108,3.9236
24.3088,0.8771,3.7838
24.3090,0.8292,3.5807
24.3092,0.794,3.4269
24.3094,0.8173,3.5175
24.3096,0.9352,4.0309
24.3098,0.8026,3.4625
24.3100,0.7761,3.3482
24.3102,0.776,3.3508
24.3104,0.7279,3.1447
24.3106,0.8023,3.4674
24.3108,0.6821,2.9481
24.3110,0.642,2.7733
24.3112,0.6466,2.7948
24.3114,0.6832,2.9487
24.3116,0.7457,3.2198
24.3118,0.7015,3.0307
24.3120,0.7135,3.0825
24.3122,0.7679,3.3125
24.3124,0.7604,3.2789
24.3126,0.7923,3.4149
24.3128,0.87,3.7445
24.3130,0.9093,3.9211
24.3132,0.7754,3.3451
24.3134,0.7444,3.2126
24.3136,0.7397,3.1939
24.3138,0.7362,3.176
24.3140,0.8608,3.7031
24.3142,0.9481,4.0805
24.3144,0.8956,3.867
24.3146,0.7381,3.1843
24.3148,0.7031,3.0346
24.3150,0.7013,3.0325
24.3152,0.6068,2.6263
24.3154,0.5789,2.5043
24.3156,0.617,2.6643
24.3158,0.7205,3.1068
24.3160,0.8063,3.4753
24.3162,0.8502,3.6611
24.3164,0.8543,3.6769
24.3166,0.8235,3.5558
24.3168,0.7217,3.1163
24.3170,0.7562,3.2563
24.3172,0.8451,3.6389
24.3174,0.8974,3.864
24.3176,0.8867,3.8163
24.3178,0.8554,3.6833
24.3180,0.8893,3.8258
24.3182,0.964,4.1414
24.3184,1.044,4.4871
24.3186,1.0151,4.3609
24.3188,1.0067,4.3288
24.3190,1.0181,4.3656
24.3192,1.215,5.2074
24.3194,1.1819,5.0679
24.3196,1.1765,5.0471
24.3198,1.1259,4.8346
24.3200,1.1198,4.8105
24.3202,1.1273,4.8407
24.3204,1.1173,4.8064
24.3206,0.9885,4.2445
24.3208,1.1067,4.7522
24.3210,1.1059,4.7486
24.3212,1.1069,4.751
24.3214,1.1665,5.0021
24.3216,1.187,5.0876
24.3218,1.2156,5.2124
24.3220,1.2187,5.2282
24.3222,1.1846,5.0774
24.3224,1.2101,5.1936
24.3226,1.1995,5.1435
24.3228,1.1897,5.0989
24.3230,1.2017,5.1599
24.3232,1.1826,5.0757
24.3234,1.1834,5.077
24.3236,1.1465,4.9208
24.3238,1.1331,4.8632
24.3240,1.1487,4.9255
24.3242,1.1903,5.1158
24.3244,1.0578,4.5442
24.3246,1.0774,4.6309
24.3248,1.0655,4.5793
24.3250,1.0879,4.6713
24.3252,1.131,4.8522
24.3254,1.1644,4.9952
24.3256,1.1708,5.03
24.3258,1.0567,4.5523
24.3260,0.9824,4.2281
24.3262,1.0188,4.385
24.3264,1.0318,4.4324
24.3266,1.0574,4.5427
24.3268,1.1048,4.7439
24.3270,1.0917,4.6922
24.3272,1.137,4.8824
24.3274,1.1574,4.9792
24.3276,1.05,4.5191
24.3278,0.9646,4.144
24.3280,1.0791,4.6402
24.3282,1.0989,4.7231
24.3284,1.0868,4.6754
24.3286,1.0638,4.5742
24.3288,1.0411,4.4747
24.3290,1.0725,4.6076
24.3292,1.0673,4.5956
24.3294,0.9416,4.0602
24.3296,0.8981,3.8653
24.3298,0.9786,4.2043
24.3300,1.0807,4.6491
24.3302,1.0803,4.6497
24.3304,0.9821,4.231
24.3306,0.9376,4.0412
24.3308,0.9332,4.0184
24.3310,0.8525,3.6777
24.3312,0.8218,3.5502
24.3314,0.7812,3.3731
24.3316,0.7727,3.3348
24.3318,0.7806,3.3674
24.3320,0.7959,3.4352
24.3322,0.808,3.4874
24.3324,0.8168,3.5187
24.3326,0.8429,3.6347
24.3328,0.811,3.4971
24.3330,0.7553,3.2582
24.3332,0.7632,3.2954
24.3334,0.7549,3.2597
24.3336,0.7209,3.1127
24.3338,0.7135,3.0825
24.3340,0.7224,3.1208
24.3342,0.7464,3.2185
24.3344,0.7916,3.4118
24.3346,0.8643,3.7284
24.3348,0.7934,3.4243
24.3350,0.8066,3.4796
24.3352,0.762,3.2902
24.3354,0.7364,3.1814
24.3356,0.7707,3.3234
24.3358,0.85,3.6567
24.3360,0.9247,3.9762
24.3362,0.9388,4.0426
24.3364,0.9759,4.2061
24.3366,0.8511,3.6732
24.3368,0.7536,3.251
24.3370,0.7446,3.2152
24.3372,0.7794,3.3622
24.3374,0.7494,3.2344
24.3376,0.7348,3.1698
24.3378,0.7766,3.3503
24.3380,0.8151,3.5098
24.3382,0.9032,3.8893
24.3384,0.9201,3.9658
24.3386,0.8695,3.746
24.3388,0.8408,3.622
24.3390,0.8506,3.6626
24.3392,0.8818,3.7951
24.3394,0.8682,3.7403
24.3396,0.8788,3.784
24.3398,0.93,3.997
24.3400,0.9953,4.2838
24.3402,0.9922,4.2644
24.3404,0.9789,4.217
24.3406,0.853,3.673
24.3408,0.842,3.6255
24.3410,0.8543,3.6821
24.3412,0.859,3.7039
24.3414,0.8627,3.7113
24.3416,0.9562,4.1118
24.3418,0.9863,4.2372
24.3420,0.9839,4.2348
24.3422,0.8929,3.8485
24.3424,0.8665,3.7296
24.3426,0.9876,4.2449
24.3428,1.0514,4.519
24.3430,1.0873,4.6644
24.3432,1.09,4.6806
24.3434,1.0655,4.5793
24.3436,1.0065,4.3197
24.3438,1.0675,4.5902
24.3440,1.0328,4.4536
24.3442,0.858,3.6981
24.3444,0.8141,3.5122
24.3446,0.843,3.6251
24.3448,0.9965,4.289
24.3450,0.9418,4.0518
24.3452,0.859,3.7057
24.3454,0.8151,3.5131
24.3456,0.8125,3.5017
24.3458,0.8051,3.475
24.3460,0.7111,3.0721
24.3462,0.6939,2.9975
24.3464,0.682,2.9408
24.3466,0.7771,3.3477
24.3468,0.7864,3.3959
24.3470,0.702,3.03
24.3472,0.7643,3.297
24.3474,0.7958,3.4219
24.3476,0.939,4.0432
24.3478,0.9381,4.0339
24.3480,0.9706,4.1717
24.3482,0.9916,4.2579
24.3484,1.0592,4.5504
24.3486,1.0599,4.5662
24.3488,0.8774,3.7818
24.3490,0.8645,3.7208
24.3492,0.9151,3.9386
24.3494,0.9125,3.9327
24.3496,0.8519,3.6666
24.3498,0.8765,3.7794
24.3500,0.8117,3.5002
24.3502,0.8095,3.4855
24.3504,0.9273,3.9875
24.3506,0.9656,4.152
24.3508,1.0126,4.3521
24.3510,0.9929,4.2616
24.3512,1.0942,4.6964
24.3514,1.1668,5.0055
24.3516,1.0977,4.718
24.3518,1.0605,4.5582
24.3520,1.0478,4.4952
24.3522,1.2003,5.1399
24.3524,1.2388,5.3121
24.3526,1.2218,5.2391
24.3528,1.242,5.3131
24.3530,1.3525,5.786
24.3532,1.3555,5.8015
24.3534,1.3655,5.8469
24.3536,1.3684,5.8542
24.3538,1.3134,5.6319
24.3540,1.1779,5.058
24.3542,1.2054,5.1711
24.3544,1.2048,5.1733
24.3546,1.1953,5.1255
24.3548,1.2322,5.2838
24.3550,1.2037,5.1639
24.3552,1.1557,4.9604
24.3554,1.2147,5.2063
24.3556,1.2345,5.2911
24.3558,1.2147,5.2161
24.3560,1.1376,4.8896
24.3562,1.2139,5.1979
24.3564,1.308,5.6062
24.3566,1.221,5.2453
24.3568,1.1801,5.0555
24.3570,1.2658,5.4278
24.3572,1.1447,4.9245
24.3574,1.0278,4.4237
24.3576,1.0168,4.3782
24.3578,1.0036,4.3194
24.3580,1.0005,4.3
24.3582,1.0066,4.3303
24.3584,0.9982,4.2942
24.3586,1.0072,4.3309
24.3588,1.0428,4.4903
24.3590,0.9249,3.9827
24.3592,0.9712,4.184
24.3594,0.9837,4.2318
24.3596,1.0289,4.4283
24.3598,0.9158,3.949
24.3600,0.8316,3.5877
24.3602,0.8503,3.6599
24.3604,0.9374,4.0402
24.3606,0.8938,3.8592
24.3608,0.7846,3.3897
24.3610,0.7338,3.17
24.3612,0.7349,3.1732
24.3614,0.795,3.4263
24.3616,0.8224,3.543
24.3618,0.8587,3.7081
24.3620,0.8108,3.501
24.3622,0.8013,3.4568
24.3624,0.8254,3.5575
24.3626,0.8408,3.6321
24.3628,0.7691,3.3177
24.3630,0.8031,3.4582
24.3632,0.8387,3.6216
24.3634,0.7272,3.1386
24.3636,0.7379,3.1862
24.3638,0.7957,3.4309
24.3640,0.844,3.6309
24.3642,0.8687,3.7441
24.3644,0.8662,3.7367
24.3646,0.8381,3.6106
24.3648,0.8634,3.7265
24.3650,0.7833,3.3793
24.3652,0.8073,3.4811
24.3654,0.8295,3.5801
24.3656,0.828,3.5639
24.3658,0.9768,4.2024
24.3660,0.9543,4.1073
24.3662,0.8887,3.8322
24.3664,0.8122,3.5007
24.3666,0.8517,3.6724
24.3668,0.8057,3.4728
24.3670,0.8374,3.6125
24.3672,0.8264,3.5633
24.3674,0.8242,3.5491
24.3676,0.8336,3.5977
24.3678,0.7282,3.1471
24.3680,0.6833,2.9533
24.3682,0.6749,2.913
24.3684,0.7251,3.1322
24.3686,0.6685,2.8891
24.3688,0.668,2.8857
24.3690,0.7333,3.1606
24.3692,0.8342,3.5986
24.3694,0.7567,3.2675
24.3696,0.6591,2.846
24.3698,0.6514,2.8168
24.3700,0.6512,2.8157
24.3702,0.6457,2.7893
24.3704,0.6585,2.8421
24.3706,0.6607,2.8541
24.3708,0.655,2.8297
24.3710,0.641,2.7678
24.3712,0.6579,2.8408
24.3714,0.7369,3.182
24.3716,0.7586,3.2697
24.3718,0.7944,3.4237
24.3720,0.78,3.3632
24.3722,0.7743,3.3389
24.3724,0.8115,3.4911
24.3726,0.8567,3.6907
24.3728,0.8125,3.4985
24.3730,0.831,3.5785
24.3732,0.9015,3.8785
24.3734,0.9391,4.0399
24.3736,0.9647,4.1503
24.3738,0.9634,4.1504
24.3740,0.8149,3.512
24.3742,0.7816,3.3689
24.3744,0.7832,3.3756
24.3746,0.7942,3.4184
24.3748,0.902,3.8787
24.3750,1.0193,4.3768
24.3752,1.0494,4.5103
24.3754,0.9141,3.9344
24.3756,0.9125,3.9236
24.3758,0.9768,4.2102
24.3760,0.8222,3.5452
24.3762,0.812,3.498
24.3764,0.8536,3.6773
24.3766,0.9348,4.0251
24.3768,0.9161,3.9372
24.3770,0.8975,3.8609
24.3772,0.8155,3.5163
24.3774,0.7625,3.2908
24.3776,0.7367,3.178
24.3778,0.7614,3.2846
24.3780,0.7743,3.342
24.3782,0.7815,3.3684
24.3784,0.7688,3.3151
24.3786,0.7452,3.2118
24.3788,0.7827,3.3735
24.3790,0.7303,3.1579
24.3792,0.6005,2.5952
24.3794,0.5775,2.4934
24.3796,0.5851,2.5289
24.3798,0.5782,2.4989
24.3800,0.5752,2.4847
24.3802,0.5836,2.521
24.3804,0.5761,2.4889
24.3806,0.6282,2.715
24.3808,0.5933,2.5653
24.3810,0.5709,2.4661
24.3812,0.5857,2.5315
24.3814,0.581,2.5066
24.3816,0.7143,3.0756
24.3818,0.7504,3.2355
24.3820,0.6826,2.9448
24.3822,0.6938,2.9929
24.3824,0.7071,3.0446
24.3826,0.826,3.5568
24.3828,0.814,3.5052
24.3830,0.824,3.5447
24.3832,0.8137,3.5036
24.3834,0.7992,3.4395
24.3836,0.8831,3.7955
24.3838,0.9406,4.0429
24.3840,0.9605,4.1265
24.3842,0.9996,4.2884
24.3844,1.0537,4.5204
24.3846,1.0448,4.4844
24.3848,1.0459,4.489
24.3850,1.0836,4.6463
24.3852,1.1171,4.7858
24.3854,1.0995,4.7169
24.3856,1.0575,4.539
24.3858,1.0934,4.6907
24.3860,1.141,4.888
24.3862,1.2037,5.1543
24.3864,1.2198,5.2255
24.3866,1.1915,5.1019
24.3868,1.2079,5.1819
24.3870,1.1537,4.9402
24.3872,1.2246,5.2509
24.3874,1.2117,5.1887
24.3876,1.1971,5.1332
24.3878,1.1446,4.9126
24.3880,1.1113,4.7651
24.3882,1.1238,4.8236
24.3884,1.1402,4.889
24.3886,1.1723,5.0361
24.3888,1.1253,4.823
24.3890,1.1545,4.953
24.3892,1.0665,4.584
24.3894,1.0228,4.3877
24.3896,1.1101,4.7577
24.3898,1.1804,5.0617
24.3900,1.274,5.4577
24.3902,1.2463,5.3415
24.3904,1.1821,5.0666
24.3906,1.1647,4.999
24.3908,1.1138,4.7803
24.3910,1.1055,4.7426
24.3912,1.0969,4.7056
24.3914,1.1271,4.8374
24.3916,1.1189,4.8047
24.3918,1.1333,4.8642
24.3920,1.0941,4.6981
24.3922,1.0655,4.5793
24.3924,0.9888,4.248
24.3926,0.9923,4.2689
24.3928,0.9619,4.1398
24.3930,0.9439,4.0605
24.3932,0.9664,4.1537
24.3934,0.979,4.2097
24.3936,0.9749,4.1961
24.3938,0.8826,3.7987
24.3940,0.8966,3.8591
24.3942,0.8657,3.7312
24.3944,0.8173,3.5256
24.3946,0.7639,3.2939
24.3948,0.821,3.5368
24.3950,0.8503,3.6633
24.3952,0.8296,3.5756
24.3954,0.8669,3.7329
24.3956,0.8748,3.7687
24.3958,0.8164,3.522
24.3960,0.7651,3.3022
24.3962,0.7611,3.282
24.3964,0.8212,3.5394
24.3966,0.8597,3.6984
24.3968,0.887,3.8214
24.3970,0.8691,3.7404
24.3972,0.868,3.7375
24.3974,0.8706,3.7541
24.3976,0.8957,3.855
24.3978,0.9185,3.9567
24.3980,0.8761,3.7691
24.3982,0.8987,3.8661
24.3984,0.879,3.7868
24.3986,0.8926,3.8398
24.3988,0.8345,3.6001
24.3990,0.6813,2.9432
24.3992,0.674,2.9089
24.3994,0.74,3.191
24.3996,0.7519,3.2407
24.3998,0.7194,3.1093
24.4000,0.6886,2.9734
24.4002,0.6854,2.9594
24.4004,0.6842,2.9515
24.4006,0.7055,3.0436
24.4008,0.699,3.0184
24.4010,0.685,2.9578
24.4012,0.6869,2.9648
24.4014,0.6828,2.9458
24.4016,0.6992,3.0161
24.4018,0.7219,3.1159
24.4020,0.7402,3.1856
24.4022,0.8224,3.543
24.4024,0.8074,3.4832
24.4026,0.7567,3.2644
24.4028,0.7806,3.358
24.4030,0.8553,3.6828
24.4032,0.8488,3.6515
24.4034,0.8637,3.7137
24.4036,0.9099,3.9146
24.4038,0.8958,3.8573
24.4040,0.9438,4.0619
24.4042,0.9539,4.0981
24.4044,0.9772,4.1981
24.4046,0.9632,4.1436
24.4048,0.848,3.6513
24.4050,0.8474,3.6504
24.4052,0.8445,3.638
24.4054,0.8776,3.7788
24.4056,0.9544,4.104
24.4058,1.0158,4.3599
24.4060,1.0219,4.3882
24.4062,1.0599,4.5493
24.4064,1.0621,4.5564
24.4066,1.0508,4.5123
24.4068,1.0484,4.5061
24.4070,1.053,4.5236
24.4072,1.0658,4.5723
24.4074,1.0724,4.6071
24.4076,1.0332,4.4345
24.4078,1.0585,4.541
24.4080,1.0892,4.6792
24.4082,1.0521,4.5158
24.4084,1.0123,4.3571
24.4086,0.936,4.0246
24.4088,1.0342,4.4365
24.4090,1.1023,4.7309
24.4092,0.995,4.2803
24.4094,0.8983,3.8717
24.4096,0.8869,3.8173
24.4098,0.8536,3.679
24.4100,0.8577,3.6948
24.4102,0.8671,3.7356
24.4104,0.8258,3.5558
24.4106,0.8315,3.5839
24.4108,0.8243,3.5529
24.4110,0.8596,3.6979
24.4112,0.8605,3.7055
24.4114,0.883,3.7985
24.4116,0.9668,4.1591
24.4118,0.9319,4.0146
24.4120,0.8844,3.8065
24.4122,0.911,3.921
24.4124,0.8197,3.5343
24.4126,0.7083,3.0597
24.4128,0.6055,2.6182
24.4130,0.603,2.6061
24.4132,0.5988,2.5892
24.4134,0.5929,2.5614
24.4136,0.5988,2.5856
24.4138,0.5971,2.5795
24.4140,0.6014,2.5994
24.4142,0.599,2.5878
24.4144,0.5928,2.5621
24.4146,0.6098,2.6344
24.4148,0.7266,3.1346
24.4150,0.7114,3.0675
24.4152,0.6981,3.0157
24.4154,0.6712,2.8916
24.4156,0.7501,3.236
24.4158,0.6369,2.7515
24.4160,0.6133,2.6458
24.4162,0.6939,2.992
24.4164,0.7258,3.1266
24.4166,0.742,3.1978
24.4168,0.7791,3.3518
24.4170,0.9451,4.0657
24.4172,0.8683,3.7373
24.4174,0.8826,3.7952
24.4176,0.9303,4.0023
24.4178,0.9156,3.9333
24.4180,0.9701,4.1754
24.4182,0.8969,3.8565
24.4184,0.9488,4.0684
24.4186,1.0149,4.3679
24.4188,0.8804,3.7806
24.4190,1.055,4.5282
24.4192,1.042,4.4804
24.4194,1.0354,4.4417
24.4196,1.1078,4.7457
24.4198,1.1364,4.873
24.4200,1.1796,5.0558
24.4202,1.1603,4.9846
24.4204,1.0706,4.5844
24.4206,1.22,5.2314
24.4208,1.1759,5.0493
24.4210,1.0743,4.611
24.4212,1.1041,4.7386
24.4214,1.0798,4.6412
24.4216,0.9869,4.2438
24.4218,0.9614,4.132
24.4220,0.9472,4.0655
24.4222,1.0388,4.4649
24.4224,1.0653,4.5682
24.4226,1.1766,5.0476
24.4228,1.1822,5.0624
24.4230,1.2007,5.1534
24.4232,1.1078,4.7524
24.4234,1.0891,4.6765
24.4236,1.0879,4.6692
24.4238,1.0926,4.6914
24.4240,1.1015,4.719
24.4242,1.1942,5.1304
24.4244,1.0406,4.4664
24.4246,1.006,4.3298
24.4248,0.9515,4.0974
24.4250,0.9388,4.0332
24.4252,0.999,4.2978
24.4254,1.0099,4.3367
24.4256,1.0611,4.5714
24.4258,0.9194,3.9516
24.4260,1.0077,4.3289
24.4262,1.0051,4.3181
24.4264,1.011,4.3575
24.4266,0.8027,3.4663
24.4268,0.7397,3.1939
24.4270,0.6605,2.8496
24.4272,0.7105,3.0653
24.4274,0.741,3.1996
24.4276,0.7286,3.1405
24.4278,0.7141,3.0794
24.4280,0.7387,3.1868
24.4282,0.667,2.8855
24.4284,0.5899,2.552
24.4286,0.5766,2.4921
24.4288,0.6375,2.7528
24.4290,0.6761,2.9209
24.4292,0.6229,2.6921
24.4294,0.5593,2.4175
24.4296,0.5713,2.4705
24.4298,0.5839,2.5249
24.4300,0.6042,2.6101
24.4302,0.6685,2.8877
24.4304,0.5554,2.4037
24.4306,0.4934,2.1364
24.4308,0.4966,2.1475
24.4310,0.5524,2.3874
24.4312,0.5342,2.3087
24.4314,0.5435,2.3491
24.4316,0.6013,2.6013
24.4318,0.5496,2.3799
24.4320,0.5434,2.3464
24.4322,0.6276,2.7073
24.4324,0.5852,2.5306
24.4326,0.5575,2.4097
24.4328,0.5488,2.3708
24.4330,0.5387,2.3262
24.4332,0.5466,2.3637
24.4334,0.5475,2.3673
24.4336,0.5501,2.3776
24.4338,0.5463,2.3599
24.4340,0.5484,2.3703
24.4342,0.5444,2.3527
24.4344,0.5474,2.3646
24.4346,0.5535,2.3899
24.4348,0.5545,2.3945
24.4350,0.5846,2.5233
24.4352,0.6802,2.9303
24.4354,0.7983,3.4407
24.4356,0.6453,2.7865
24.4358,0.5541,2.3936
24.4360,0.5518,2.3848
24.4362,0.5418,2.3407
24.4364,0.6501,2.8007
24.4366,0.7253,3.1231
24.4368,0.7252,3.1284
24.4370,0.7035,3.0376
24.4372,0.5969,2.5761
24.4374,0.5573,2.4042
24.4376,0.6441,2.7761
24.4378,0.6614,2.8492
24.4380,0.6518,2.8118
24.4382,0.6507,2.8033
24.4384,0.7023,3.0296
24.4386,0.6717,2.8977
24.4388,0.7038,3.0293
24.4390,0.7789,3.3492
24.4392,0.8366,3.5972
24.4394,0.821,3.5302
24.4396,0.9198,3.9385
24.4398,1.0339,4.4397
24.4400,0.9508,4.0829
24.4402,0.9537,4.1048
24.4404,0.8063,3.4753
24.4406,0.6992,3.0161
24.4408,0.6909,2.9791
24.4410,0.6715,2.8926
24.4412,0.7174,3.0876
24.4414,0.7926,3.408
24.4416,0.8272,3.562
24.4418,0.7958,3.4251
24.4420,0.7644,3.2929
24.4422,0.6912,2.9792
24.4424,0.6878,2.9629
24.4426,0.7671,3.3002
24.4428,0.8324,3.5842
24.4430,0.7892,3.3951
24.4432,0.7645,3.2965
24.4434,0.7878,3.3889
24.4436,0.8792,3.779
24.4438,0.7855,3.3854
24.4440,0.7675,3.3018
24.4442,0.8041,3.4623
24.4444,0.709,3.0529
24.4446,0.7247,3.122
24.4448,0.7679,3.3079
24.4450,0.7362,3.176
24.4452,0.6316,2.7249
24.4454,0.6269,2.703
24.4456,0.6441,2.7774
24.4458,0.568,2.4548
24.4460,0.4799,2.0749
24.4462,0.477,2.0643
24.4464,0.4748,2.0502
24.4466,0.5474,2.3646
24.4468,0.5144,2.2232
24.4470,0.4754,2.0557
24.4472,0.4591,1.9843
24.4474,0.4586,1.9813
24.4476,0.4806,2.077
24.4478,0.4729,2.042
24.4480,0.5707,2.4587
24.4482,0.6602,2.848
24.4484,0.6022,2.5989
24.4486,0.5971,2.5771
24.4488,0.5958,2.5703
24.4490,0.5946,2.5639
24.4492,0.5936,2.561
24.4494,0.6217,2.6783
24.4496,0.6904,2.9756
24.4498,0.6446,2.7782
24.4500,0.636,2.741
24.4502,0.6851,2.9515
24.4504,0.7434,3.1996
24.4506,0.7008,3.0192
24.4508,0.7506,3.229
24.4510,0.7899,3.3919
24.4512,0.8954,3.8468
24.4514,0.8754,3.7625
24.4516,0.9002,3.8638
24.4518,0.9548,4.096
24.4520,1.0193,4.3646
24.4522,1.1884,5.079
24.4524,1.2179,5.2075
24.4526,1.212,5.1873
24.4528,1.2139,5.1955
24.4530,1.1813,5.0535
24.4532,1.1762,5.0367
24.4534,1.1155,4.7831
24.4536,1.0677,4.5763
24.4538,1.0593,4.5382
24.4540,1.0964,4.6991
24.4542,1.0466,4.4817
24.4544,1.0579,4.5384
24.4546,1.0273,4.4031
24.4548,1.0104,4.3408
24.4550,0.9295,3.9931
24.4552,0.9613,4.1238
24.4554,1.022,4.3785
24.4556,1.0494,4.5061
24.4558,0.9971,4.2796
24.4560,0.995,4.2743
24.4562,0.9846,4.2241
24.4564,1.006,4.3237
24.4566,0.9595,4.1142
24.4568,1.0321,4.4257
24.4570,1.0874,4.6649
24.4572,1.0156,4.3609
24.4574,0.95,4.0831
24.4576,1.0388,4.4545
24.4578,1.0385,4.453
24.4580,1.0548,4.5314
24.4582,0.9792,4.2088
24.4584,0.9493,4.0781
24.4586,0.9518,4.087
24.4588,0.9575,4.1174
24.4590,0.946,4.0642
24.4592,0.9854,4.2331
24.4594,0.9746,4.1867
24.4596,0.9113,3.913
24.4598,0.9104,3.9166
24.4600,0.8457,3.6415
24.4602,0.7663,3.3027
24.4604,0.7547,3.2526
24.4606,0.779,3.3544
24.4608,0.8045,3.4644
24.4610,0.7986,3.4386
24.4612,0.7999,3.4474
24.4614,0.6989,3.0137
24.4616,0.6659,2.8715
24.4618,0.6536,2.8183
24.4620,0.7394,3.1855
24.4622,0.8158,3.5178
24.4624,0.6854,2.9553
24.4626,0.6758,2.9166
24.4628,0.7053,3.0369
24.4630,0.8107,3.4875
24.4632,0.7944,3.4173
24.4634,0.8057,3.4695
24.4636,0.8068,3.4774
24.4638,0.7838,3.3766
24.4640,0.7424,3.1984
24.4642,0.8282,3.5661
24.4644,0.8197,3.5278
24.4646,0.8246,3.5473
24.4648,0.8448,3.6345
24.4650,0.799,3.4438
24.4652,0.7562,3.2548
24.4654,0.7869,3.3901
24.4656,0.8103,3.4908
24.4658,0.7915,3.4081
24.4660,0.7687,3.31
24.4662,0.7689,3.3126
24.4664,0.7113,3.0684
24.4666,0.6382,2.7547
24.4668,0.6785,2.9272
24.4670,0.6412,2.7689
24.4672,0.6228,2.6891
24.4674,0.6245,2.6926
24.4676,0.643,2.7728
24.4678,0.6306,2.7203
24.4680,0.6236,2.6903
24.4682,0.6204,2.6751
24.4684,0.6223,2.6846
24.4686,0.6269,2.7017
24.4688,0.7078,3.0506
24.4690,0.6361,2.7453
24.4692,0.6157,2.6574
24.4694,0.6258,2.6971
24.4696,0.7071,3.046
24.4698,0.6867,2.961
24.4700,0.6506,2.8067
24.4702,0.6162,2.6582
24.4704,0.6139,2.6496
24.4706,0.6229,2.6859
24.4708,0.698,3.0054
24.4710,0.7453,3.2093
24.4712,0.7494,3.2269
24.4714,0.7465,3.213
24.4716,0.7578,3.263
24.4718,0.7457,3.2109
24.4720,0.7559,3.2532
24.4722,0.7986,3.4258
24.4724,0.9675,4.1544
24.4726,0.9138,3.9238
24.4728,0.859,3.6953
24.4730,0.7719,3.3224
24.4732,0.7505,3.2345
24.4734,0.7477,3.2226
24.4736,0.7466,3.2135
24.4738,0.7521,3.2372
24.4740,0.7634,3.2873
24.4742,0.7656,3.2966
24.4744,0.7633,3.2822
24.4746,0.8141,3.4975
24.4748,0.8764,3.7649
24.4750,0.8831,3.7973
24.4752,0.8644,3.7134
24.4754,0.9423,4.0501
24.4756,0.859,3.6971
24.4758,0.8331,3.5839
24.4760,0.77,3.3172
24.4762,0.7063,3.0444
24.4764,0.6768,2.9145
24.4766,0.7074,3.0518
24.4768,0.6706,2.8917
24.4770,0.6879,2.962
24.4772,0.7923,3.4054
24.4774,0.7643,3.2909
24.4776,0.7044,3.0361
24.4778,0.688,2.9639
24.4780,0.693,2.9884
24.4782,0.6535,2.8138
24.4784,0.7452,3.2073
24.4786,0.7508,3.2376
24.4788,0.6611,2.8535
24.4790,0.5759,2.4856
24.4792,0.5433,2.3437
24.4794,0.5476,2.3645
24.4796,0.558,2.4084
24.4798,0.636,2.7385
24.4800,0.6896,2.9748
24.4802,0.5927,2.5568
24.4804,0.6543,2.824
24.4806,0.5917,2.555
24.4808,0.4988,2.1558
24.4810,0.4856,2.0968
24.4812,0.571,2.4598
24.4814,0.6856,2.9522
24.4816,0.6685,2.8837
24.4818,0.5767,2.4903
24.4820,0.5664,2.4447
24.4822,0.5615,2.4223
24.4824,0.5689,2.4533
24.4826,0.5978,2.5767
24.4828,0.6444,2.7772
24.4830,0.68,2.9293
24.4832,0.7225,3.1054
24.4834,0.8205,3.5265
24.4836,0.8254,3.5476
24.4838,0.859,3.6919
24.4840,0.8996,3.863
24.4842,0.892,3.8265
24.4844,0.9768,4.1868
24.4846,1.008,4.3224
24.4848,1.0409,4.4612
24.4850,1.0565,4.528
24.4852,1.0638,4.5572
24.4854,1.1026,4.7259
24.4856,1.102,4.7211
24.4858,1.0771,4.6121
24.4860,1.1479,4.9178
24.4862,1.1561,4.9597
24.4864,1.1285,4.8256
24.4866,1.2092,5.1755
24.4868,1.1854,5.0733
24.4870,1.1392,4.878
24.4872,1.0926,4.6827
24.4874,1.103,4.7186
24.4876,1.1846,5.0797
24.4878,1.1042,4.7369
24.4880,1.0695,4.5862
24.4882,1.0632,4.5568
24.4884,1.0578,4.5358
24.4886,0.962,4.1346
24.4888,0.9507,4.0804
24.4890,1.0215,4.3922
24.4892,0.9364,4.0229
24.4894,0.8926,3.838
24.4896,0.9132,3.923
24.4898,0.9584,4.1115
24.4900,1.0333,4.4329
24.4902,0.9993,4.2889
24.4904,1.0735,4.5988
24.4906,1.0939,4.6949
24.4908,1.0885,4.6696
24.4910,1.0669,4.577
24.4912,1.0255,4.4016
24.4914,1.0735,4.6031
24.4916,1.0398,4.4732
24.4918,0.9219,3.9569
24.4920,1.0446,4.4813
24.4922,1.0735,4.6117
24.4924,1.0042,4.312
24.4926,1.0013,4.2996
24.4928,0.9242,3.9833
24.4930,0.783,3.373
24.4932,0.7505,3.2345
24.4934,0.703,3.0327
24.4936,0.7135,3.0768
24.4938,0.7405,3.1946
24.4940,0.5911,2.5572
24.4942,0.55,2.3749
24.4944,0.6745,2.9055
24.4946,0.6964,3.0029
24.4948,0.7274,3.1368
24.4950,0.643,2.7741
24.4952,0.6101,2.6343
24.4954,0.6599,2.8444
24.4956,0.7349,3.1673
24.4958,0.7199,3.1027
24.4960,0.7225,3.1112
24.4962,0.7571,3.263
24.4964,0.7314,3.148
24.4966,0.8017,3.452
24.4968,0.7727,3.3286
24.4970,0.7506,3.2335
24.4972,0.8151,3.5098
24.4974,0.8181,3.5211
24.4976,0.8448,3.6412
24.4978,0.7342,3.1613
24.4980,0.7372,3.1727
24.4982,0.7369,3.185
24.4984,0.5183,2.2413
24.4986,0.548,2.3628
24.4988,0.6396,2.7603
24.4990,0.5723,2.4746
24.4992,0.5223,2.2574
24.4994,0.5235,2.2605
24.4996,0.5406,2.3345
24.4998,0.531,2.2952
24.5000,0.5203,2.2454
24.5002,0.5964,2.5788
24.5004,0.5378,2.3221
24.5006,0.536,2.3143
24.5008,0.5248,2.2693
24.5010,0.5107,2.2061
24.5012,0.5107,2.2051
24.5014,0.5167,2.2309
24.5016,0.5351,2.3117
24.5018,0.5283,2.2843
24.5020,0.5108,2.2066
24.5022,0.5111,2.2071
24.5024,0.5159,2.2278
24.5026,0.5531,2.385
24.5028,0.6296,2.7111
24.5030,0.7024,3.0273
24.5032,0.6728,2.901
24.5034,0.6775,2.9185
24.5036,0.6893,2.9723
24.5038,0.6782,2.9229
24.5040,0.7346,3.1604
24.5042,0.8107,3.481
24.5044,0.8701,3.7364
24.5046,0.8887,3.8197
24.5048,0.8896,3.818
24.5050,0.8705,3.7414
24.5052,0.8911,3.8282
24.5054,0.958,4.1042
24.5056,1.1009,4.7143
24.5058,1.0798,4.6282
24.5060,1.1156,4.7813
24.5062,1.093,4.6826
24.5064,1.0482,4.4988
24.5066,0.9332,4.0128
24.5068,0.8054,3.4712
24.5070,0.6916,2.9849
24.5072,0.6783,2.9207
24.5074,0.7361,3.1696
24.5076,0.6962,3.0004
24.5078,0.6719,2.8947
24.5080,0.7204,3.1005
24.5082,0.7698,3.3116
24.5084,0.815,3.506
24.5086,0.788,3.3916
24.5088,0.7998,3.4469
24.5090,0.6984,3.0102
24.5092,0.6634,2.8607
24.5094,0.6468,2.7875
24.5096,0.6537,2.8162
24.5098,0.7343,3.1618
24.5100,0.6878,2.9684
24.5102,0.6386,2.7536
24.5104,0.6006,2.591
24.5106,0.5938,2.5603
24.5108,0.5874,2.5305
24.5110,0.6316,2.7249
24.5112,0.6008,2.5944
24.5114,0.589,2.5384
24.5116,0.5972,2.5753
24.5118,0.6056,2.6139
24.5120,0.5352,2.3133
24.5122,0.4701,2.0301
24.5124,0.4833,2.0889
24.5126,0.4663,2.0154
24.5128,0.4691,2.0245
24.5130,0.5487,2.3714
24.5132,0.4779,2.0666
24.5134,0.4604,1.99
24.5136,0.4602,1.988
24.5138,0.499,2.1538
24.5140,0.5163,2.2304
24.5142,0.5294,2.2795
24.5144,0.6767,2.9167
24.5146,0.6251,2.694
24.5148,0.6108,2.6325
24.5150,0.6095,2.6292
24.5152,0.6137,2.6461
24.5154,0.62,2.671
24.5156,0.679,2.9252
24.5158,0.7066,3.0411
24.5160,0.7049,3.0325
24.5162,0.7014,3.0232
24.5164,0.639,2.7539
24.5166,0.683,2.9422
24.5168,0.7185,3.0894
24.5170,0.743,3.1965
24.5172,0.818,3.5075
24.5174,0.9174,3.941
24.5176,0.8738,3.7506
24.5178,0.9565,4.1013
24.5180,0.9908,4.2523
24.5182,1.0139,4.3456
24.5184,1.0104,4.3266
24.5186,1.0695,4.5712
24.5188,1.2264,5.2488
24.5190,1.1999,5.1306
24.5192,1.1934,5.1029
24.5194,1.167,4.9878
24.5196,1.2119,5.1867
24.5198,1.2057,5.1582
24.5200,1.1831,5.0659
24.5202,1.0929,4.6799
24.5204,1.1228,4.8077
24.5206,1.0673,4.5764
24.5208,0.9963,4.272
24.5210,0.9968,4.2781
24.5212,1.0048,4.3125
24.5214,1.0135,4.3501
24.5216,0.9679,4.1502
24.5218,1.0396,4.4535
24.5220,1.0415,4.4596
24.5222,1.02,4.3738
24.5224,1.0108,4.3383
24.5226,1.0573,4.5358
24.5228,1.0725,4.5969
24.5230,1.0686,4.5863
24.5232,0.9707,4.1703
24.5234,0.9704,4.1629
24.5236,1.0391,4.4556
24.5238,1.1226,4.8072
24.5240,1.168,5.0036
24.5242,1.1132,4.78
24.5244,1.0314,4.4268
24.5246,1.0285,4.4124
24.5248,1.0203,4.3708
24.5250,1.0556,4.5223
24.5252,1.0789,4.6241
24.5254,1.0459,4.4953
24.5256,0.9709,4.1669
24.5258,1.0267,4.4067
24.5260,1.0253,4.3985
24.5262,1.0346,4.4448
24.5264,0.925,3.9796
24.5266,0.8155,3.5097
24.5268,0.8075,3.4757
24.5270,0.7947,3.4205
24.5272,0.8532,3.6723
24.5274,0.8639,3.7199
24.5276,0.8108,3.4896
24.5278,0.75,3.234
24.5280,0.6587,2.8431
24.5282,0.6559,2.8294
24.5284,0.6788,2.9241
24.5286,0.7434,3.2055
24.5288,0.7162,3.091
24.5290,0.6619,2.8566
24.5292,0.6763,2.9146
24.5294,0.6724,2.9008
24.5296,0.6037,2.6092
24.5298,0.5736,2.4769
24.5300,0.5679,2.4486
24.5302,0.6409,2.7648
24.5304,0.6345,2.7399
24.5306,0.6764,2.9165
24.5308,0.6731,2.9012
24.5310,0.6681,2.8822
24.5312,0.6278,2.7096
24.5314,0.6246,2.6932
24.5316,0.6235,2.6873
24.5318,0.6667,2.872
24.5320,0.7069,3.0512
24.5322,0.6344,2.7381
24.5324,0.6366,2.7449
24.5326,0.6195,2.6727
24.5328,0.618,2.6684
24.5330,0.6169,2.6601
24.5332,0.6165,2.6573
24.5334,0.6203,2.6758
24.5336,0.6187,2.6703
24.5338,0.6126,2.6427
24.5340,0.6116,2.6373
24.5342,0.6151,2.6535
24.5344,0.6218,2.6825
24.5346,0.6193,2.6716
24.5348,0.6285,2.7115
24.5350,0.6321,2.7257
24.5352,0.6772,2.9147
24.5354,0.721,3.1088
24.5356,0.7037,3.0302
24.5358,0.7807,3.3632
24.5360,0.7222,3.1126
24.5362,0.6568,2.8309
24.5364,0.6333,2.7334
24.5366,0.6215,2.6822
24.5368,0.6219,2.6793
24.5370,0.729,3.1377
24.5372,0.7577,3.2625
24.5374,0.7722,3.3234
24.5376,0.8225,3.5369
24.5378,0.7441,3.2027
24.5380,0.7771,3.3368
24.5382,0.9495,4.0734
24.5384,0.9885,4.2445
24.5386,0.9674,4.152
24.5388,0.9469,4.0697
24.5390,0.8822,3.7919
24.5392,0.8586,3.6921
24.5394,0.8495,3.6529
24.5396,0.849,3.6542
24.5398,0.7694,3.3146
24.5400,0.7757,3.3399
24.5402,0.774,3.3327
24.5404,0.7398,3.1811
24.5406,0.8081,3.4783
24.5408,0.7475,3.2156
24.5410,0.8472,3.638
24.5412,0.9374,4.0252
24.5414,0.9087,3.9076
24.5416,0.9133,3.9217
24.5418,0.9083,3.9092
24.5420,0.796,3.4277
24.5422,0.75,3.2265
24.5424,0.8001,3.4453
24.5426,0.8005,3.4452
24.5428,0.8055,3.4701
24.5430,0.8056,3.4658
24.5432,0.8099,3.4811
24.5434,0.8231,3.5411
24.5436,0.821,3.5285
24.5438,0.8457,3.6364
24.5440,0.7995,3.4395
24.5442,0.7098,3.0664
24.5444,0.5734,2.4758
24.5446,0.6047,2.6061
24.5448,0.6579,2.8369
24.5450,0.6297,2.7167
24.5452,0.6494,2.7989
24.5454,0.6549,2.8253
24.5456,0.5595,2.418
24.5458,0.487,2.1031
24.5460,0.5405,2.334
24.5462,0.4887,2.1142
24.5464,0.4753,2.0552
24.5466,0.4633,2.0024
24.5468,0.4596,1.9863
24.5470,0.4698,2.0257
24.5472,0.5856,2.524
24.5474,0.6848,2.95
24.5476,0.6723,2.8989
24.5478,0.6002,2.5894
24.5480,0.6185,2.668
24.5482,0.637,2.7469
24.5484,0.6292,2.7133
24.5486,0.6198,2.6712
24.5488,0.6155,2.6526
24.5490,0.6173,2.6604
24.5492,0.6336,2.7319
24.5494,0.6183,2.6663
24.5496,0.6434,2.7718
24.5498,0.6818,2.9302
24.5500,0.8141,3.5008
24.5502,0.8117,3.4937
24.5504,0.7601,3.2652
24.5506,0.8448,3.6294
24.5508,0.8657,3.7156
24.5510,0.9086,3.8925
24.5512,1.039,4.455
24.5514,1.0514,4.5085
24.5516,1.0535,4.5046
24.5518,1.1202,4.7969
24.5520,1.0614,4.5385
24.5522,1.1808,5.0538
24.5524,1.1952,5.1154
24.5526,1.1653,4.9876
24.5528,1.1785,5.0488
24.5530,1.1711,5.0076
24.5532,1.1987,5.1327
24.5534,1.1297,4.8443
24.5536,1.0977,4.7004
24.5538,1.1554,4.9473
24.5540,1.1484,4.9176
24.5542,1.1471,4.9142
24.5544,1.153,4.9371
24.5546,1.1175,4.7873
24.5548,1.0336,4.4319
24.5550,1.055,4.526
24.5552,1.0501,4.5113
24.5554,0.9852,4.2326
24.5556,0.9565,4.1051
24.5558,1.0188,4.3727
24.5560,1.0724,4.6006
24.5562,1.0017,4.3032
24.5564,0.9258,3.979
24.5566,0.8656,3.722
24.5568,0.9386,4.0341
24.5570,1.0256,4.4021
24.5572,1.0132,4.3486
24.5574,1.0294,4.418
24.5576,1.0462,4.488
24.5578,1.0319,4.4309
24.5580,0.9198,3.9532
24.5582,0.921,3.951
24.5584,1.0363,4.452
24.5586,0.9744,4.1882
24.5588,0.941,4.0425
24.5590,0.9123,3.9212
24.5592,0.9342,4.015
24.5594,0.8956,3.8491
24.5596,0.8374,3.6058
24.5598,0.7953,3.4326
24.5600,0.6661,2.876
24.5602,0.6555,2.8305
24.5604,0.6392,2.7575
24.5606,0.6253,2.6938
24.5608,0.7674,3.3013
24.5610,0.8753,3.762
24.5612,0.8698,3.7383
24.5614,0.885,3.8073
24.5616,0.8113,3.49
24.5618,0.8087,3.4841
24.5620,0.7981,3.4397
24.5622,0.7932,3.4122
24.5624,0.8418,3.6182
24.5626,0.8731,3.7597
24.5628,0.7801,3.3606
24.5630,0.7798,3.3533
24.5632,0.8759,3.7698
24.5634,0.8981,3.8653
24.5636,0.8532,3.6689
24.5638,0.8789,3.7845
24.5640,0.8331,3.5923
24.5642,0.7632,3.2878
24.5644,0.711,3.0659
24.5646,0.6627,2.8576
24.5648,0.6838,2.9472
24.5650,0.7647,3.2976
24.5652,0.7671,3.3048
24.5654,0.7268,3.1327
24.5656,0.6842,2.9529
24.5658,0.6248,2.6979
24.5660,0.62,2.6735
24.5662,0.6227,2.6874
24.5664,0.6215,2.6822
24.5666,0.6321,2.7308
24.5668,0.5909,2.5502
24.5670,0.58,2.5031
24.5672,0.5849,2.5255
24.5674,0.5776,2.4951
24.5676,0.596,2.5701
24.5678,0.6894,2.9687
24.5680,0.7175,3.091
24.5682,0.7,3.0212
24.5684,0.6616,2.8582
24.5686,0.5652,2.4395
24.5688,0.5423,2.345
24.5690,0.5243,2.2651
24.5692,0.5466,2.3582
24.5694,0.597,2.5766
24.5696,0.5388,2.3278
24.5698,0.5235,2.2594
24.5700,0.5981,2.5765
24.5702,0.659,2.8429
24.5704,0.6444,2.7772
24.5706,0.6553,2.8229
24.5708,0.6651,2.8639
24.5710,0.7168,3.0907
24.5712,0.6529,2.8139
24.5714,0.6584,2.835
24.5716,0.7415,3.1854
24.5718,0.9779,4.1953
24.5720,0.9599,4.1258
24.5722,0.8824,3.7889
24.5724,0.8434,3.6317
24.5726,0.6822,2.9405
24.5728,0.6572,2.8338
24.5730,0.6569,2.8328
24.5732,0.6523,2.8126
24.5734,0.6512,2.8066
24.5736,0.6505,2.8035
24.5738,0.6477,2.7942
24.5740,0.6242,2.6904
24.5742,0.703,3.0257
24.5744,0.7538,3.2415
24.5746,0.8035,3.4565
24.5748,0.8012,3.4515
24.5750,0.8029,3.4539
24.5752,0.8067,3.4704
24.5754,0.6974,3.0042
24.5756,0.6685,2.877
24.5758,0.7211,3.1094
24.5760,0.7126,3.0712
24.5762,0.6996,3.0154
24.5764,0.6736,2.9033
24.5766,0.6862,2.9603
24.5768,0.6337,2.735
24.5770,0.5601,2.4184
24.5772,0.4927,2.1303
24.5774,0.4595,1.984
24.5776,0.5403,2.3308
24.5778,0.5845,2.5216
24.5780,0.6038,2.6049
24.5782,0.5957,2.5721
24.5784,0.5611,2.4219
24.5786,0.4903,2.118
24.5788,0.4345,1.8772
24.5790,0.4415,1.9072
24.5792,0.455,1.9666
24.5794,0.4417,1.9082
24.5796,0.4816,2.0817
24.5798,0.434,1.876
24.5800,0.4408,1.905
24.5802,0.4547,1.9642
24.5804,0.5272,2.2712
24.5806,0.621,2.6776
24.5808,0.5724,2.4683
24.5810,0.6242,2.6904
24.5812,0.6081,2.6223
24.5814,0.5718,2.4668
24.5816,0.5893,2.5412
24.5818,0.6357,2.7412
24.5820,0.5892,2.5395
24.5822,0.5987,2.5791
24.5824,0.662,2.8505
24.5826,0.6783,2.918
24.5828,0.692,2.9754
24.5830,0.7457,3.2109
24.5832,0.728,3.1364
24.5834,0.7436,3.1932
24.5836,0.8519,3.6615
24.5838,0.8649,3.7102
24.5840,0.9616,4.1215
24.5842,0.9729,4.164
24.5844,1.0204,4.3692
24.5846,1.0181,4.3635
24.5848,1.0132,4.3445
24.5850,1.0084,4.3199
24.5852,1.1029,4.7291
24.5854,1.0019,4.2922
24.5856,1.0603,4.5402
24.5858,1.0926,4.6718
24.5860,1.25,5.3349
24.5862,1.3316,5.6861
24.5864,1.3308,5.6932
24.5866,1.2102,5.1747
24.5868,1.1902,5.0915
24.5870,1.1738,5.0264
24.5872,1.2069,5.1657
24.5874,1.1626,4.9828
24.5876,1.0734,4.6005
24.5878,1.0619,4.5511
24.5880,1.0597,4.544
24.5882,1.0621,4.5522
24.5884,1.1125,4.7635
24.5886,1.1363,4.868
24.5888,1.0796,4.638
24.5890,0.9321,4.0025
24.5892,1.0254,4.399
24.5894,1.0707,4.5892
24.5896,1.1326,4.8498
24.5898,1.1047,4.7346
24.5900,1.0633,4.5615
24.5902,1.0173,4.3681
24.5904,0.9488,4.0779
24.5906,0.8993,3.8633
24.5908,0.9084,3.906
24.5910,0.9507,4.0842
24.5912,0.9789,4.2053
24.5914,0.9872,4.231
24.5916,1.0813,4.6322
24.5918,1.0772,4.6298
24.5920,0.8795,3.78
24.5922,0.8579,3.6941
24.5924,0.839,3.6126
24.5926,0.7676,3.3115
24.5928,0.6657,2.8665
24.5930,0.7273,3.1362
24.5932,0.7093,3.0559
24.5934,0.7566,3.2563
24.5936,0.7556,3.2567
24.5938,0.6622,2.8582
24.5940,0.6466,2.7883
24.5942,0.7185,3.0965
24.5944,0.7597,3.2728
24.5946,0.7496,3.2219
24.5948,0.8222,3.5386
24.5950,0.8392,3.6119
24.5952,0.8506,3.6592
24.5954,0.8156,3.5119
24.5956,0.7584,3.2717
24.5958,0.6639,2.8667
24.5960,0.6478,2.7922
24.5962,0.7025,3.0278
24.5964,0.7105,3.0624
24.5966,0.7165,3.0883
24.5968,0.711,3.0702
24.5970,0.6095,2.628
24.5972,0.6334,2.7352
24.5974,0.6474,2.7901
24.5976,0.7095,3.0535
24.5978,0.7539,3.248
24.5980,0.7104,3.0648
24.5982,0.7123,3.0631
24.5984,0.7742,3.3353
24.5986,0.6939,2.9934
24.5988,0.6414,2.7694
24.5990,0.5947,2.5668
24.5992,0.6032,2.6023
24.5994,0.5863,2.5306
24.5996,0.5778,2.495
24.5998,0.5776,2.4928
24.6000,0.5914,2.5511
24.6002,0.6061,2.6172
24.6004,0.5891,2.5437
24.6006,0.5789,2.5008
24.6008,0.578,2.4937
24.6010,0.5917,2.5527
24.6012,0.6073,2.6187
24.6014,0.659,2.8363
24.6016,0.7344,3.1609
24.6018,0.7951,3.4268
24.6020,0.7053,3.0425
24.6022,0.6402,2.7565
24.6024,0.7081,3.0493
24.6026,0.7138,3.075
24.6028,0.7171,3.088
24.6030,0.7616,3.2765
24.6032,0.7996,3.4384
24.6034,0.7947,3.4173
24.6036,0.7879,3.391
24.6038,0.7894,3.3977
24.6040,0.7866,3.3838
24.6042,0.7858,3.3823
24.6044,0.768,3.3038
24.6046,0.8896,3.8162
24.6048,0.9288,3.9863
24.6050,0.8905,3.8239
24.6052,0.8994,3.862
24.6054,0.9454,4.0616
24.6056,0.9406,4.0391
24.6058,0.9475,4.0665
24.6060,0.8727,3.7541
24.6062,0.8486,3.6488
24.6064,0.8402,3.6144
24.6066,0.8584,3.6893
24.6068,0.8676,3.7273
24.6070,0.9009,3.8741
24.6072,0.8822,3.7954
24.6074,0.8609,3.6984
24.6076,0.8858,3.7985
24.6078,0.9381,4.0283
24.6080,0.8868,3.815
24.6082,0.8727,3.7576
24.6084,0.8597,3.6933
24.6086,0.8862,3.816
24.6088,0.7757,3.3446
24.6090,0.7057,3.0375
24.6092,0.7147,3.082
24.6094,0.6593,2.8405
24.6096,0.7085,3.0522
24.6098,0.7345,3.1658
24.6100,0.6977,3.0071
24.6102,0.6851,2.9543
24.6104,0.6659,2.8715
24.6106,0.6748,2.9098
24.6108,0.6133,2.6482
24.6110,0.5694,2.4565
24.6112,0.5838,2.5185
24.6114,0.6406,2.7612
24.6116,0.6945,2.9946
24.6118,0.584,2.5219
24.6120,0.5345,2.3102
24.6122,0.4932,2.1344
24.6124,0.4574,1.977
24.6126,0.4421,1.9107
24.6128,0.4386,1.8948
24.6130,0.4489,1.9393
24.6132,0.4551,1.9681
24.6134,0.4529,1.9573
24.6136,0.5227,2.2537
24.6138,0.6358,2.7405
24.6140,0.5986,2.581
24.6142,0.5874,2.5317
24.6144,0.6115,2.638
24.6146,0.5652,2.4384
24.6148,0.5782,2.4931
24.6150,0.6033,2.6029
24.6152,0.6014,2.5946
24.6154,0.573,2.4731
24.6156,0.5628,2.4269
24.6158,0.5626,2.4247
24.6160,0.5932,2.553
24.6162,0.6559,2.8229
24.6164,0.7134,3.0706
24.6166,0.7541,3.247
24.6168,0.7493,3.2204
24.6170,0.7627,3.2827
24.6172,0.7215,3.1095
24.6174,0.728,3.1277
24.6176,0.8905,3.8239
24.6178,0.903,3.8756
24.6180,0.9428,4.037
24.6182,0.9984,4.2813
24.6184,1.04,4.4597
24.6186,1.0712,4.5869
24.6188,1.1296,4.8234
24.6190,1.2856,5.4844
24.6192,1.3386,5.7158
24.6194,1.2563,5.3746
24.6196,1.2225,5.2177
24.6198,1.2809,5.4747
24.6200,1.2761,5.4618
24.6202,1.1489,4.9242
24.6204,1.0536,4.5262
24.6206,1.0001,4.2885
24.6208,1.0565,4.528
24.6210,1.0777,4.6233
24.6212,1.0423,4.4757
24.6214,1.0314,4.4227
24.6216,1.08,4.6266
24.6218,1.081,4.642
24.6220,1.0114,4.3307
24.6222,1.1272,4.8244
24.6224,1.1886,5.0919
24.6226,1.1634,4.9817
24.6228,1.135,4.8601
24.6230,1.179,5.0485
24.6232,1.2175,5.2133
24.6234,1.1182,4.7994
24.6236,1.0484,4.4978
24.6238,1.042,4.4742
24.6240,0.9746,4.1906
24.6242,0.8987,3.8661
24.6244,0.9271,3.9828
24.6246,0.9694,4.1627
24.6248,0.9515,4.0859
24.6250,1.0014,4.2981
24.6252,1.0164,4.3645
24.6254,0.9535,4.0999
24.6256,0.8585,3.6967
24.6258,0.753,3.2439
24.6260,0.7643,3.2924
24.6262,0.7233,3.1259
24.6264,0.5964,2.574
24.6266,0.5826,2.518
24.6268,0.5772,2.4912
24.6270,0.5902,2.546
24.6272,0.6157,2.6561
24.6274,0.6645,2.868
24.6276,0.6779,2.9205
24.6278,0.6828,2.9444
24.6280,0.7083,3.0484
24.6282,0.8245,3.5484
24.6284,0.7368,3.1756
24.6286,0.6929,2.9865
24.6288,0.7506,3.232
24.6290,0.8015,3.4515
24.6292,0.8156,3.5135
24.6294,0.7797,3.3622
24.6296,0.6545,2.8237
24.6298,0.5876,2.5363
24.6300,0.5734,2.4724
24.6302,0.6144,2.6566
24.6304,0.501,2.1671
24.6306,0.4764,2.0589
24.6308,0.4808,2.079
24.6310,0.482,2.0813
24.6312,0.5468,2.3609
24.6314,0.6041,2.6047
24.6316,0.6267,2.7037
24.6318,0.5697,2.4598
24.6320,0.597,2.579
24.6322,0.5506,2.3797
24.6324,0.5189,2.2418
24.6326,0.5164,2.2309
24.6328,0.5243,2.2651
24.6330,0.5229,2.2579
24.6332,0.5225,2.2574
24.6334,0.5201,2.247
24.6336,0.5213,2.2511
24.6338,0.5265,2.2734
24.6340,0.5255,2.2682
24.6342,0.523,2.2584
24.6344,0.5211,2.2491
24.6346,0.5223,2.2553
24.6348,0.5246,2.2662
24.6350,0.539,2.324
24.6352,0.6087,2.6237
24.6354,0.642,2.772
24.6356,0.5626,2.4304
24.6358,0.5315,2.293
24.6360,0.5319,2.2935
24.6362,0.6072,2.6145
24.6364,0.7543,3.2465
24.6366,0.7531,3.2384
24.6368,0.7508,3.2301
24.6370,0.7186,3.0985
24.6372,0.6683,2.8805
24.6374,0.6629,2.8573
24.6376,0.6568,2.8283
24.6378,0.6819,2.9389
24.6380,0.7302,3.1414
24.6382,0.761,3.2739
24.6384,0.7904,3.3987
24.6386,0.8258,3.5508
24.6388,0.8482,3.6353
24.6390,1.0047,4.312
24.6392,0.8701,3.7416
24.6394,0.8128,3.4935
24.6396,0.8629,3.7072
24.6398,0.9107,3.9122
24.6400,0.9101,3.9078
24.6402,0.8733,3.7602
24.6404,0.7673,3.3053
24.6406,0.6783,2.9234
24.6408,0.6644,2.8595
24.6410,0.7164,3.0806
24.6412,0.7718,3.3188
24.6414,0.7773,3.341
24.6416,0.8125,3.4952
24.6418,0.8326,3.5802
24.6420,0.8239,3.5426
24.6422,0.7629,3.2867
24.6424,0.678,2.9237
24.6426,0.6447,2.7723
24.6428,0.7387,3.1824
24.6430,0.6622,2.8542
24.6432,0.6954,2.9973
24.6434,0.6935,2.9849
24.6436,0.7513,3.2276
24.6438,0.8107,3.4956
24.6440,0.6832,2.9432
24.6442,0.7012,3.0137
24.6444,0.791,3.406
24.6446,0.6818,2.9398
24.6448,0.6717,2.8963
24.6450,0.6886,2.9637
24.6452,0.681,2.9367
24.6454,0.658,2.84
24.6456,0.5747,2.4781
24.6458,0.6129,2.6406
24.6460,0.5733,2.4753
24.6462,0.4884,2.1107
24.6464,0.4665,2.0145
24.6466,0.5307,2.2851
24.6468,0.6639,2.8588
24.6470,0.6247,2.6949
24.6472,0.5894,2.544
24.6474,0.5846,2.5198
24.6476,0.5858,2.525
24.6478,0.5906,2.5457
24.6480,0.5819,2.5103
24.6482,0.5724,2.4694
24.6484,0.5686,2.4506
24.6486,0.5693,2.4548
24.6488,0.579,2.499
24.6490,0.5724,2.4694
24.6492,0.582,2.5119
24.6494,0.5803,2.5012
24.6496,0.5981,2.5753
24.6498,0.6543,2.8148
24.6500,0.7519,3.2287
24.6502,0.8701,3.7433
24.6504,0.8007,3.4415
24.6506,0.7928,3.4059
24.6508,0.8471,3.6392
24.6510,0.8338,3.582
24.6512,0.8712,3.734
24.6514,0.931,3.9923
24.6516,1.0158,4.3416
24.6518,1.1851,5.0676
24.6520,1.167,4.9995
24.6522,1.0734,4.6005
24.6524,1.0916,4.672
24.6526,1.1386,4.8686
24.6528,1.1809,5.0496
24.6530,1.1495,4.9245
24.6532,1.0583,4.5399
24.6534,1.0271,4.4062
24.6536,1.0706,4.5865
24.6538,1.0752,4.6082
24.6540,1.0565,4.528
24.6542,1.0699,4.5877
24.6544,1.0489,4.4935
24.6546,1.0397,4.4623
24.6548,0.9628,4.1363
24.6550,0.9916,4.2539
24.6552,1.0415,4.4721
24.6554,0.9786,4.1945
24.6556,1.0231,4.3933
24.6558,0.9667,4.1489
24.6560,0.9647,4.1426
24.6562,0.9227,3.9582
24.6564,1.0113,4.3383
24.6566,0.9915,4.2554
24.6568,1.0254,4.399
24.6570,0.9864,4.2299
24.6572,1.0057,4.3207
24.6574,0.9633,4.1383
24.6576,0.9738,4.172
24.6578,1.0518,4.5101
24.6580,1.0864,4.6608
24.6582,1.0979,4.7036
24.6584,1.0264,4.4113
24.6586,0.8761,3.7656
24.6588,0.8366,3.5989
24.6590,0.84,3.6155
24.6592,0.8191,3.5252
24.6594,0.8102,3.4886
24.6596,0.7694,3.31
24.6598,0.7989,3.4369
24.6600,0.7543,3.2511
24.6602,0.7168,3.0864
24.6604,0.7548,3.2516
24.6606,0.7517,3.2352
24.6608,0.7674,3.3059
24.6610,0.7492,3.2273
24.6612,0.758,3.2671
24.6614,0.696,2.9971
24.6616,0.7245,3.1209
24.6618,0.7452,3.2103
24.6620,0.7465,3.216
24.6622,0.7538,3.2445
24.6624,0.7849,3.3766
24.6626,0.7774,3.3524
24.6628,0.6861,2.9584
24.6630,0.6988,3.0076
24.6632,0.7538,3.2475
24.6634,0.6988,3.0076
24.6636,0.7786,3.3497
24.6638,0.7917,3.4091
24.6640,0.7596,3.2708
24.6642,0.7651,3.2915
24.6644,0.8549,3.6761
24.6646,0.8711,3.7457
24.6648,0.8723,3.7509
24.6650,0.8535,3.6716
24.6652,0.8438,3.6265
24.6654,0.8685,3.7309
24.6656,0.897,3.8589
24.6658,0.808,3.4777
24.6660,0.7954,3.4235
24.6662,0.774,3.3312
24.6664,0.7815,3.3652
24.6666,0.7207,3.1093
24.6668,0.6432,2.7759
24.6670,0.6211,2.6794
24.6672,0.6181,2.6689
24.6674,0.6156,2.6556
24.6676,0.6247,2.6937
24.6678,0.6848,2.95
24.6680,0.693,2.9898
24.6682,0.6102,2.6311
24.6684,0.5986,2.581
24.6686,0.6077,2.6227
24.6688,0.6056,2.6139
24.6690,0.6022,2.5953
24.6692,0.6568,2.8283
24.6694,0.7622,3.2791
24.6696,0.7563,3.2568
24.6698,0.7627,3.2796
24.6700,0.8416,3.6206
24.6702,0.7682,3.3095
24.6704,0.7398,3.1885
24.6706,0.7743,3.3281
24.6708,0.9531,4.0945
24.6710,0.9512,4.0825
24.6712,0.9279,3.9845
24.6714,0.8713,3.752
24.6716,0.7619,3.279
24.6718,0.749,3.2268
24.6720,0.7753,3.3415
24.6722,0.7471,3.2186
24.6724,0.7272,3.1328
24.6726,0.7319,3.1515
24.6728,0.7349,3.1659
24.6730,0.7318,3.1539
24.6732,0.7285,3.1385
24.6734,0.7268,3.1298
24.6736,0.7319,3.1515
24.6738,0.7307,3.1478
24.6740,0.7646,3.2894
24.6742,0.8571,3.6837
24.6744,0.8316,3.5761
24.6746,0.8334,3.5755
24.6748,0.9292,3.9958
24.6750,0.8126,3.5038
24.6752,0.65,2.8028
24.6754,0.6193,2.6716
24.6756,0.6234,2.6892
24.6758,0.6351,2.7361
24.6760,0.6554,2.8247
24.6762,0.6941,2.993
24.6764,0.631,2.7223
24.6766,0.5828,2.5144
24.6768,0.6417,2.7658
24.6770,0.7336,3.1602
24.6772,0.6849,2.9532
24.6774,0.602,2.5935
24.6776,0.6457,2.7829
24.6778,0.6414,2.7578
24.6780,0.7394,3.1811
24.6782,0.7649,3.2935
24.6784,0.7418,3.1944
24.6786,0.7282,3.1326
24.6788,0.7464,3.2155
24.6790,0.6681,2.8822
24.6792,0.6169,2.665
24.6794,0.5047,2.1792
24.6796,0.5483,2.3599
24.6798,0.6349,2.7376
24.6800,0.591,2.5484
24.6802,0.7152,3.084
24.6804,0.6458,2.7873
24.6806,0.6104,2.6321
24.6808,0.6025,2.5992
24.6810,0.5827,2.5092
24.6812,0.6578,2.8351
24.6814,0.6264,2.7022
24.6816,0.5984,2.5804
24.6818,0.6462,2.7836
24.6820,0.7139,3.0726
24.6822,0.7415,3.1943
24.6824,0.7061,3.0391
24.6826,0.7241,3.115
24.6828,0.7555,3.2487
24.6830,0.7876,3.3869
24.6832,0.8611,3.696
24.6834,0.9595,4.1199
24.6836,0.8724,3.7531
24.6838,0.8291,3.5586
24.6840,0.9,3.861
24.6842,0.9675,4.1505
24.6844,0.9963,4.27
24.6846,1.0222,4.3769
24.6848,1.0633,4.5594
24.6850,1.076,4.601
24.6852,1.2652,5.4025
24.6854,1.3168,5.6279
24.6856,1.3081,5.591
24.6858,1.2821,5.4772
24.6860,1.2894,5.5085
24.6862,1.2993,5.5479
24.6864,1.2972,5.5418
24.6866,1.3399,5.7241
24.6868,1.347,5.7597
24.6870,1.2381,5.2967
24.6872,1.2089,5.1739
24.6874,1.1462,4.9078
24.6876,1.1482,4.9211
24.6878,1.158,4.9656
24.6880,1.1391,4.8844
24.6882,1.1073,4.7415
24.6884,1.1753,5.0326
24.6886,1.2292,5.2513
24.6888,1.2539,5.3719
24.6890,1.1671,5.0047
24.6892,1.1432,4.9018
24.6894,1.0356,4.451
24.6896,0.9345,4.0147
24.6898,0.9472,4.0769
24.6900,0.8723,3.7509
24.6902,0.8839,3.8009
24.6904,0.8584,3.6945
24.6906,0.8499,3.6612
24.6908,0.8376,3.6069
24.6910,0.8447,3.634
24.6912,0.884,3.7996
24.6914,0.9182,3.9446
24.6916,0.9517,4.0922
24.6918,0.7641,3.2965
24.6920,0.6332,2.7329
24.6922,0.6568,2.8362
24.6924,0.5844,2.5235
24.6926,0.5716,2.4692
24.6928,0.5875,2.5369
24.6930,0.5679,2.4509
24.6932,0.5742,2.4783
24.6934,0.5537,2.392
24.6936,0.5669,2.4501
24.6938,0.5731,2.4759
24.6940,0.5633,2.429
24.6942,0.6581,2.834
24.6944,0.8121,3.4969
24.6946,0.7725,3.3296
24.6948,0.7656,3.2935
24.6950,0.7705,3.3208
24.6952,0.6819,2.9403
24.6954,0.7065,3.0406
24.6956,0.7301,3.1511
24.6958,0.6081,2.6284
24.6960,0.5218,2.2553
24.6962,0.5415,2.3381
24.6964,0.5788,2.498
24.6966,0.6063,2.6158
24.6968,0.659,2.8468
24.6970,0.5567,2.4061
24.6972,0.5345,2.307
24.6974,0.5669,2.4467
24.6976,0.6579,2.8343
24.6978,0.7295,3.1397
24.6980,0.7669,3.3023
24.6982,0.6896,2.9734
24.6984,0.6681,2.8795
24.6986,0.6307,2.7258
24.6988,0.5134,2.218
24.6990,0.5048,2.1807
24.6992,0.5062,2.1869
24.6994,0.5255,2.2693
24.6996,0.527,2.2755
24.6998,0.5085,2.1947
24.7000,0.5081,2.1952
24.7002,0.5409,2.3355
24.7004,0.5423,2.3428
24.7006,0.5228,2.2573
24.7008,0.5122,2.2108
24.7010,0.5923,2.5588
24.7012,0.5336,2.3029
24.7014,0.5635,2.4289
24.7016,0.6257,2.6953
24.7018,0.6583,2.8371
24.7020,0.6325,2.7273
24.7022,0.6655,2.8641
24.7024,0.7658,3.2961
24.7026,0.7356,3.166
24.7028,0.6711,2.8924
24.7030,0.6698,2.8854
24.7032,0.6658,2.8683
24.7034,0.6549,2.8213
24.7036,0.6794,2.924
24.7038,0.7551,3.2471
24.7040,0.7837,3.3683
24.7042,0.8862,3.8036
24.7044,1.0008,4.2955
24.7046,0.927,3.9804
24.7048,0.8322,3.577
24.7050,0.8442,3.637
24.7052,0.7593,3.2712
24.7054,0.7366,3.1716
24.7056,0.7354,3.1621
24.7058,0.7525,3.2343
24.7060,0.8091,3.4775
24.7062,0.8342,3.5902
24.7064,0.7827,3.3673
24.7066,0.7698,3.3116
24.7068,0.7527,3.2398
24.7070,0.8279,3.5584
24.7072,0.8537,3.6744
24.7074,0.7962,3.4219
24.7076,0.8656,3.7151
24.7078,0.841,3.6213
24.7080,0.7055,3.0351
24.7082,0.7068,3.0492
24.7084,0.6025,2.6004
24.7086,0.6285,2.714
24.7088,0.6073,2.6199
24.7090,0.5996,2.588
24.7092,0.5727,2.4704
24.7094,0.605,2.6089
24.7096,0.5992,2.5835
24.7098,0.6271,2.7065
24.7100,0.5902,2.5483
24.7102,0.5332,2.3003
24.7104,0.5211,2.2522
24.7106,0.4597,1.9859
24.7108,0.452,1.9528
24.7110,0.4451,1.9236
24.7112,0.447,1.9319
24.7114,0.467,2.0157
24.7116,0.5295,2.2863
24.7118,0.4707,2.0355
24.7120,0.4458,1.9267
24.7122,0.4447,1.9212
24.7124,0.458,1.9768
24.7126,0.5193,2.2382
24.7128,0.6252,2.6945
24.7130,0.579,2.4978
24.7132,0.5767,2.4869
24.7134,0.5842,2.5189
24.7136,0.5821,2.5113
24.7138,0.5741,2.4766
24.7140,0.5778,2.4892
24.7142,0.6101,2.6257
24.7144,0.6326,2.7253
24.7146,0.5802,2.4995
24.7148,0.6147,2.6495
24.7150,0.577,2.4891
24.7152,0.5866,2.5257
24.7154,0.659,2.8363
24.7156,0.6933,2.9866
24.7158,0.6337,2.7299
24.7160,0.653,2.8092
24.7162,0.6975,2.9991
24.7164,0.8066,3.4602
24.7166,0.9242,3.9723
24.7168,0.8264,3.5567
24.7170,0.8132,3.4934
24.7172,0.8566,3.6782
24.7174,0.8873,3.8082
24.7176,0.8894,3.8175
24.7178,0.8939,3.8329
24.7180,1.0001,4.2905
24.7182,0.9518,4.0813
24.7184,0.9513,4.0792
24.7186,1.0127,4.3424
24.7188,1.0667,4.5674
24.7190,1.0253,4.4005
24.7192,0.983,4.2149
24.7194,1.0008,4.2915
24.7196,0.9891,4.2431
24.7198,0.9803,4.2095
24.7200,0.9192,3.9433
24.7202,0.9729,4.1679
24.7204,1.0948,4.6881
24.7206,1.0718,4.5981
24.7208,0.9911,4.2499
24.7210,1.0417,4.4648
24.7212,1.0973,4.6967
24.7214,1.1201,4.8031
24.7216,1.0957,4.696
24.7218,1.1397,4.8801
24.7220,1.1399,4.8811
24.7222,1.1038,4.7244
24.7224,1.1458,4.9063
24.7226,1.1441,4.8991
24.7228,1.1741,5.0274
24.7230,1.0979,4.708
24.7232,1.0216,4.3825
24.7234,1.0137,4.3466
24.7236,1.0457,4.4859
24.7238,1.0042,4.31
24.7240,1.0187,4.3661
24.7242,1.0495,4.5003
24.7244,1.1005,4.7188
24.7246,1.0655,4.5665
24.7248,1.0838,4.6517
24.7250,0.9794,4.2034
24.7252,0.9421,4.0528
24.7254,0.7629,3.2883
24.7256,0.7348,3.161
24.7258,0.8411,3.6219
24.7260,0.7761,3.3405
24.7262,0.811,3.4955
24.7264,0.7616,3.2811
24.7266,0.7759,3.3348
24.7268,0.8045,3.4596
24.7270,0.7888,3.3983
24.7272,0.7559,3.2532
24.7274,0.8168,3.5105
24.7276,0.8676,3.7342
24.7278,0.7721,3.3291
24.7280,0.711,3.0631
24.7282,0.7548,3.2471
24.7284,0.7585,3.2676
24.7286,0.742,3.1949
24.7288,0.7222,3.1126
24.7290,0.6675,2.8809
24.7292,0.6464,2.7885
24.7294,0.6966,3.0011
24.7296,0.7167,3.0845
24.7298,0.7837,3.3792
24.7300,0.6737,2.9051
24.7302,0.6363,2.7426
24.7304,0.6501,2.8033
24.7306,0.6683,2.8805
24.7308,0.6733,2.9017
24.7310,0.7357,3.1769
24.7312,0.6091,2.6313
24.7314,0.5745,2.4793
24.7316,0.5641,2.4326
24.7318,0.6635,2.8572
24.7320,0.7578,3.2615
24.7322,0.7884,3.3884
24.7324,0.8027,3.455
24.7326,0.7706,3.3167
24.7328,0.8,3.4416
24.7330,0.8169,3.5094
24.7332,0.8688,3.7359
24.7334,0.8706,3.7419
24.7336,0.8634,3.711
24.7338,0.8812,3.7872
24.7340,0.8746,3.7589
24.7342,0.965,4.132
24.7344,1.0075,4.3365
24.7346,0.8517,3.6673
24.7348,0.765,3.2879
24.7350,0.8379,3.6029
24.7352,0.8695,3.7355
24.7354,0.9085,3.8975
24.7356,1.0063,4.3232
24.7358,0.9947,4.2693
24.7360,0.9879,4.2419
24.7362,0.978,4.1978
24.7364,0.9964,4.2765
24.7366,0.9812,4.2131
24.7368,0.9755,4.1889
24.7370,0.976,4.189
24.7372,0.9734,4.1797
24.7374,1.0147,4.3552
24.7376,1.0255,4.3995
24.7378,1.0185,4.3712
24.7380,1.0048,4.3085
24.7382,1.0753,4.6087
24.7384,1.1062,4.7413
24.7386,1.1284,4.8363
24.7388,1.022,4.4009
24.7390,0.8554,3.6833
24.7392,0.8193,3.5148
24.7394,0.9952,4.2594
24.7396,1.1562,4.9509
24.7398,1.1975,5.13
24.7400,1.1996,5.1392
24.7402,1.1875,5.0944
24.7404,1.0854,4.6562
24.7406,1.0156,4.3649
24.7408,1.0153,4.3517
24.7410,1.1308,4.8444
24.7412,1.1259,4.8301
24.7414,1.1101,4.7599
24.7416,1.1331,4.8609
24.7418,1.1061,4.7474
24.7420,1.1141,4.7774
24.7422,1.0587,4.542
24.7424,1.0478,4.5015
24.7426,1.0598,4.5487
24.7428,1.0358,4.452
24.7430,0.9852,4.2286
24.7432,0.9985,4.2898
24.7434,0.947,4.074
24.7436,0.8532,3.674
24.7438,0.8298,3.5717
24.7440,0.8303,3.5737
24.7442,0.8333,3.59
24.7444,0.8324,3.5858
24.7446,0.8387,3.6115
24.7448,0.865,3.7194
24.7450,0.8651,3.7234
24.7452,0.867,3.7299
24.7454,0.8627,3.7113
24.7456,0.8643,3.7077
24.7458,1.0927,4.6854
24.7460,1.1449,4.9118
24.7462,1.0671,4.5908
24.7464,0.9127,3.9228
24.7466,0.9071,3.904
24.7468,0.8819,3.7939
24.7470,0.8728,3.7582
24.7472,0.8658,3.7213
24.7474,0.9593,4.1194
24.7476,0.9475,4.076
24.7478,0.9609,4.128
24.7480,0.9972,4.2921
24.7482,0.8375,3.603
24.7484,0.7911,3.4097
24.7486,0.7265,3.1341
24.7488,0.7209,3.1069
24.7490,0.7868,3.3895
24.7492,0.8158,3.5145
24.7494,0.8248,3.5467
24.7496,0.8307,3.5819
24.7498,0.7127,3.0717
24.7500,0.7663,3.3027
24.7502,0.8213,3.535
24.7504,0.8325,3.5813
24.7506,0.8971,3.8558
24.7508,0.9585,4.1216
24.7510,0.9715,4.1695
24.7512,1.0617,4.5464
24.7514,1.1417,4.8979
24.7516,1.0849,4.6541
24.7518,1.1397,4.8869
24.7520,1.1603,4.973
24.7522,1.1529,4.9435
24.7524,1.1656,5.0003
24.7526,1.0845,4.6548
24.7528,1.1267,4.8359
24.7530,1.1213,4.8127
24.7532,1.1002,4.7134
24.7534,1.1693,5.0139
24.7536,1.0933,4.6989
24.7538,1.0243,4.3985
24.7540,1.0351,4.451
24.7542,0.9825,4.2227
24.7544,0.991,4.2573
24.7546,1.0518,4.5185
24.7548,1.0334,4.4417
24.7550,1.0051,4.3201
24.7552,0.9869,4.2457
24.7554,0.9688,4.164
24.7556,0.9169,3.95
24.7558,0.9122,3.9244
24.7560,0.8583,3.7008
24.7562,0.7881,3.3968
24.7564,0.7661,3.3017
24.7566,0.7933,3.419
24.7568,0.849,3.6576
24.7570,0.8511,3.6613
24.7572,0.8529,3.6707
24.7574,0.9179,3.9504
24.7576,0.9399,4.0473
24.7578,0.8314,3.5867
24.7580,0.7183,3.1003
24.7582,0.6996,3.0196
24.7584,0.7193,3.1016
24.7586,0.7189,3.0957
24.7588,0.7882,3.3894
24.7590,0.8095,3.4888
24.7592,0.7617,3.2831
24.7594,0.7374,3.187
24.7596,0.6466,2.7935
24.7598,0.6354,2.7435
24.7600,0.6848,2.9527
24.7602,0.7483,3.2222
24.7604,0.7587,3.2717
24.7606,0.7567,3.2599
24.7608,0.7495,3.2379
24.7610,0.573,2.4766
24.7612,0.548,2.3715
24.7614,0.5884,2.5429
24.7616,0.6116,2.641
24.7618,0.6067,2.6234
24.7620,0.5543,2.3957
24.7622,0.5435,2.348
24.7624,0.5932,2.5624
24.7626,0.5689,2.4601
24.7628,0.5203,2.2506
24.7630,0.5271,2.2802
24.7632,0.5193,2.2454
24.7634,0.5273,2.2802
24.7636,0.5478,2.3699
24.7638,0.5339,2.3055
24.7640,0.5331,2.304
24.7642,0.5782,2.4954
24.7644,0.6476,2.7963
24.7646,0.5911,2.5536
24.7648,0.5537,2.392
24.7650,0.5605,2.4227
24.7652,0.5737,2.4751
24.7654,0.5951,2.5648
24.7656,0.6584,2.8403
24.7658,0.6788,2.9282
24.7660,0.7289,3.1386
24.7662,0.7676,3.313
24.7664,0.63,2.7252
24.7666,0.5086,2.1983
24.7668,0.4797,2.0734
24.7670,0.481,2.081
24.7672,0.4825,2.0863
24.7674,0.4862,2.1014
24.7676,0.4813,2.0811
24.7678,0.4868,2.1049
24.7680,0.4964,2.1464
24.7682,0.4964,2.1444
24.7684,0.5585,2.4116
24.7686,0.5917,2.5539
24.7688,0.5881,2.5383
24.7690,0.5957,2.5709
24.7692,0.6014,2.5958
24.7694,0.6056,2.6127
24.7696,0.6032,2.6011
24.7698,0.6652,2.8711
24.7700,0.6108,2.6337
24.7702,0.6134,2.6402
24.7704,0.731,3.145
24.7706,0.802,3.4471
24.7708,0.8424,3.6191
24.7710,0.8279,3.5634
24.7712,0.7669,3.3069
24.7714,0.6464,2.7873
24.7716,0.585,2.5249
24.7718,0.5801,2.5025
24.7720,0.5868,2.5303
24.7722,0.5842,2.5201
24.7724,0.58,2.5008
24.7726,0.5775,2.4911
24.7728,0.5816,2.5116
24.7730,0.5872,2.5342
24.7732,0.5861,2.5272
24.7734,0.5807,2.5039
24.7736,0.5784,2.4941
24.7738,0.6272,2.702
24.7740,0.679,2.9252
24.7742,0.691,2.9754
24.7744,0.7282,3.137
24.7746,0.6462,2.7927
24.7748,0.5,2.159
24.7750,0.4833,2.0909
24.7752,0.4692,2.0269
24.7754,0.5222,2.2506
24.7756,0.5695,2.4593
24.7758,0.5368,2.3168
24.7760,0.5728,2.4675
24.7762,0.6597,2.846
24.7764,0.5643,2.4365
24.7766,0.5567,2.3994
24.7768,0.6085,2.6263
24.7770,0.5821,2.509
24.7772,0.6723,2.8976
24.7774,0.6338,2.7292
24.7776,0.6539,2.8224
24.7778,0.5597,2.4179
24.7780,0.4827,2.0864
24.7782,0.445,1.924
24.7784,0.4764,2.057
24.7786,0.5277,2.2775
24.7788,0.5567,2.3972
24.7790,0.6736,2.9019
24.7792,0.6692,2.8801
24.7794,0.6549,2.8213
24.7796,0.6229,2.6884
24.7798,0.5307,2.2905
24.7800,0.5647,2.4329
24.7802,0.6121,2.6406
24.7804,0.5409,2.3355
24.7806,0.5277,2.2775
24.7808,0.5195,2.2392
24.7810,0.57,2.4591
24.7812,0.552,2.3826
24.7814,0.581,2.5043
24.7816,0.6117,2.6342
24.7818,0.6263,2.6991
24.7820,0.646,2.7818
24.7822,0.6571,2.828
24.7824,0.6697,2.8862
24.7826,0.6604,2.8385
24.7828,0.7385,3.171
24.7830,0.8619,3.7008
24.7832,0.8906,3.828
24.7834,0.7814,3.3585
24.7836,0.7898,3.3946
24.7838,0.8355,3.5876
24.7840,0.891,3.8224
24.7842,0.9422,4.042
24.7844,0.9386,4.021
24.7846,0.995,4.2604
24.7848,1.0729,4.5941
24.7850,1.1051,4.7322
24.7852,1.0922,4.6746
24.7854,1.0896,4.6633
24.7856,1.096,4.6932
24.7858,1.0852,4.6535
24.7860,1.0224,4.378
24.7862,1.0917,4.6747
24.7864,1.1104,4.7593
24.7866,1.0782,4.6189
24.7868,1.0374,4.4442
24.7870,1.034,4.4381
24.7872,0.9687,4.1596
24.7874,0.9665,4.1503
24.7876,0.947,4.0683
24.7878,0.9044,3.8836
24.7880,0.9072,3.8973
24.7882,0.9051,3.8885
24.7884,0.8935,3.8368
24.7886,0.9081,3.9014
24.7888,0.8597,3.695
24.7890,0.847,3.6387
24.7892,0.8867,3.8056
24.7894,0.9806,4.2007
24.7896,0.9909,4.2489
24.7898,0.9906,4.2538
24.7900,0.9103,3.9088
24.7902,0.9104,3.9093
24.7904,0.8984,3.8579
24.7906,0.9223,3.964
24.7908,0.9047,3.8919
24.7910,0.8518,3.6644
24.7912,0.7609,3.2749
24.7914,0.7866,3.3854
24.7916,0.7041,3.0402
24.7918,0.6114,2.6387
24.7920,0.6024,2.5975
24.7922,0.6049,2.6108
24.7924,0.5981,2.5801
24.7926,0.6152,2.6504
24.7928,0.6772,2.9161
24.7930,0.7075,3.0467
24.7932,0.7056,3.0413
24.7934,0.751,3.2306
24.7936,0.7917,3.4075
24.7938,0.6994,3.0186
24.7940,0.6045,2.608
24.7942,0.6221,2.6811
24.7944,0.6239,2.6901
24.7946,0.6017,2.5968
24.7948,0.5957,2.5709
24.7950,0.5909,2.5491
24.7952,0.5966,2.5739
24.7954,0.6036,2.6051
24.7956,0.649,2.796
24.7958,0.6357,2.7412
24.7960,0.6005,2.5892
24.7962,0.5798,2.5038
24.7964,0.5261,2.2697
24.7966,0.5667,2.4434
24.7968,0.662,2.8518
24.7970,0.7337,3.1592
24.7972,0.7171,3.0894
24.7974,0.6391,2.757
24.7976,0.5405,2.3329
24.7978,0.5386,2.3235
24.7980,0.5724,2.4648
24.7982,0.6255,2.696
24.7984,0.6212,2.6774
24.7986,0.6727,2.8951
24.7988,0.6662,2.8739
24.7990,0.5628,2.4291
24.7992,0.538,2.322
24.7994,0.534,2.3028
24.7996,0.5366,2.3147
24.7998,0.5368,2.3168
24.8000,0.531,2.2941
24.8002,0.5795,2.4964
24.8004,0.6767,2.9167
24.8006,0.5664,2.4435
24.8008,0.5623,2.4237
24.8010,0.6941,2.9875
24.8012,0.7066,3.0397
24.8014,0.7394,3.1811
24.8016,0.7661,3.2971
24.8018,0.7736,3.3265
24.8020,0.7596,3.2708
24.8022,0.6784,2.9199
24.8024,0.6753,2.9065
24.8026,0.7209,3.1011
24.8028,0.7858,3.3775
24.8030,0.7807,3.3523
24.8032,0.8278,3.5629
24.8034,0.7852,3.3765
24.8036,0.8593,3.6917
24.8038,0.8681,3.7276
24.8040,0.7897,3.3988
24.8042,0.7382,3.1744
24.8044,0.7573,3.2534
24.8046,0.8066,3.4667
24.8048,0.8333,3.5816
24.8050,0.8314,3.5817
24.8052,0.7144,3.0761
24.8054,0.653,2.8118
24.8056,0.6855,2.9462
24.8058,0.7778,3.3461
24.8060,0.7181,3.0907
24.8062,0.7533,3.2394
24.8064,0.7711,3.3203
24.8066,0.73,3.1418
24.8068,0.7685,3.3044
24.8070,0.8547,3.6734
24.8072,0.8562,3.6835
24.8074,0.8167,3.5133
24.8076,0.7433,3.1976
24.8078,0.7298,3.1398
24.8080,0.7418,3.1914
24.8082,0.7819,3.3715
24.8084,0.6392,2.7575
24.8086,0.6197,2.6682
24.8088,0.6954,2.9904
24.8090,0.7476,3.2147
24.8092,0.8198,3.5217
24.8094,0.8614,3.7005
24.8096,0.8683,3.7269
24.8098,0.8688,3.7342
24.8100,0.8595,3.6957
24.8102,0.8471,3.6375
24.8104,0.8742,3.7539
24.8106,0.9149,3.9247
24.8108,0.9189,3.9459
24.8110,0.905,3.8844
24.8112,0.8976,3.8543
24.8114,0.9029,3.8805
24.8116,0.9158,3.9325
24.8118,0.9573,4.103
24.8120,1.0013,4.2936
24.8122,1.0077,4.3249
24.8124,1.0007,4.289
24.8126,1.014,4.3461
24.8128,1.0026,4.3013
24.8130,1.0037,4.3079
24.8132,1.0012,4.2971
24.8134,0.9862,4.2328
24.8136,0.9659,4.1439
24.8138,0.9953,4.2679
24.8140,1.0163,4.3579
24.8142,0.993,4.2641
24.8144,0.9699,4.1667
24.8146,0.9741,4.1788
24.8148,0.9749,4.1844
24.8150,0.9656,4.1443
24.8152,0.9772,4.1961
24.8154,0.9506,4.0799
24.8156,0.9689,4.1587
24.8158,0.9765,4.1911
24.8160,0.9592,4.1189
24.8162,0.965,4.1378
24.8164,1.0255,4.3934
24.8166,1.1355,4.8621
24.8168,1.1466,4.9145
24.8170,1.1312,4.8436
24.8172,1.1478,4.9173
24.8174,1.1061,4.7408
24.8176,1.0863,4.6603
24.8178,1.0669,4.5748
24.8180,1.0831,4.6378
24.8182,1.1422,4.8977
24.8184,1.1045,4.7319
24.8186,1.1702,5.0063
24.8188,1.2047,5.1535
24.8190,1.2248,5.2471
24.8192,1.1622,4.9789
24.8194,1.1402,4.8867
24.8196,1.1309,4.8494
24.8198,1.1151,4.7771
24.8200,1.0933,4.688
24.8202,1.0132,4.3465
24.8204,1.0619,4.5596
24.8206,1.082,4.6396
24.8208,1.0947,4.6941
24.8210,1.0827,4.647
24.8212,1.0687,4.5847
24.8214,1.0503,4.5081
24.8216,1.0568,4.5338
24.8218,1.0752,4.6146
24.8220,1.0914,4.6863
24.8222,1.0927,4.6854
24.8224,1.074,4.6095
24.8226,1.0483,4.4993
24.8228,1.0198,4.3769
24.8230,0.9547,4.1051
24.8232,0.8785,3.7742
24.8234,0.9011,3.8764
24.8236,0.9792,4.2068
24.8238,1.0297,4.4196
24.8240,0.978,4.2076
24.8242,0.9264,3.9834
24.8244,0.9163,3.9401
24.8246,0.9457,4.0683
24.8248,0.9593,4.1252
24.8250,0.9391,4.0418
24.8252,0.8997,3.8743
24.8254,0.8887,3.8215
24.8256,0.9267,3.9831
24.8258,0.9272,3.9907
24.8260,0.8881,3.826
24.8262,0.8382,3.6111
24.8264,0.868,3.7375
24.8266,0.8656,3.7237
24.8268,0.9357,4.0236
24.8270,1.0146,4.3568
24.8272,1.0408,4.4669
24.8274,1.0054,4.3131
24.8276,1.068,4.5837
24.8278,1.088,4.674
24.8280,1.0292,4.4155
24.8282,1.0797,4.6385
24.8284,1.0536,4.5325
24.8286,0.9677,4.1574
24.8288,0.9723,4.1731
24.8290,0.9966,4.2935
24.8292,0.8481,3.6552
24.8294,0.8332,3.5911
24.8296,0.7998,3.4437
24.8298,0.8358,3.5941
24.8300,0.8434,3.6333
24.8302,0.8514,3.6646
24.8304,0.8982,3.864
24.8306,0.8427,3.6286
24.8308,0.8653,3.7313
24.8310,0.7826,3.3777
24.8312,0.7409,3.1932
24.8314,0.7812,3.3684
24.8316,0.7777,3.3503
24.8318,0.7693,3.3141
24.8320,0.7741,3.3348
24.8322,0.7882,3.391
24.8324,0.9093,3.9102
24.8326,0.941,4.0519
24.8328,0.7995,3.4475
24.8330,0.7031,3.0346
24.8332,0.6656,2.8753
24.8334,0.6476,2.7924
24.8336,0.7007,3.0201
24.8338,0.6999,3.0192
24.8340,0.6599,2.8523
24.8342,0.6213,2.6817
24.8344,0.6448,2.7831
24.8346,0.6486,2.7992
24.8348,0.6319,2.7247
24.8350,0.6378,2.7539
24.8352,0.6223,2.6858
24.8354,0.6215,2.6797
24.8356,0.7662,3.2976
24.8358,0.8555,3.6855
24.8360,0.8259,3.5596
24.8362,0.7604,3.2759
24.8364,0.7659,3.2966
24.8366,0.855,3.68
24.8368,0.8372,3.6031
24.8370,0.8267,3.5582
24.8372,0.7049,3.0466
24.8374,0.544,2.3533
24.8376,0.5487,2.367
24.8378,0.6902,2.976
24.8380,0.7115,3.0652
24.8382,0.7548,3.2501
24.8384,0.7608,3.2759
24.8386,0.7649,3.2996
24.8388,0.6614,2.8559
24.8390,0.6553,2.8308
24.8392,0.62,2.6772
24.8394,0.6083,2.6277
24.8396,0.6301,2.7195
24.8398,0.6277,2.7079
24.8400,0.621,2.6789
24.8402,0.7559,3.2502
24.8404,0.8369,3.5988
24.8406,0.8637,3.7224
24.8408,0.7043,3.037
24.8410,0.7248,3.1225
24.8412,0.7137,3.0787
24.8414,0.7072,3.0451
24.8416,0.7484,3.2242
24.8418,0.7605,3.2703
24.8420,0.8236,3.5448
24.8422,0.811,3.489
24.8424,0.8891,3.8248
24.8426,0.8756,3.7723
24.8428,0.7279,3.1374
24.8430,0.7059,3.0437
24.8432,0.7322,3.156
24.8434,0.7423,3.1949
24.8436,0.7822,3.3652
24.8438,0.8008,3.4484
24.8440,0.7168,3.095
24.8442,0.6276,2.7098
24.8444,0.6229,2.6859
24.8446,0.6543,2.824
24.8448,0.6111,2.634
24.8450,0.6235,2.6898
24.8452,0.5842,2.5224
24.8454,0.5701,2.4619
24.8456,0.5772,2.4936
24.8458,0.5862,2.5312
24.8460,0.5723,2.47
24.8462,0.5693,2.4594
24.8464,0.5934,2.5599
24.8466,0.6304,2.7185
24.8468,0.6115,2.6392
24.8470,0.5723,2.4712
24.8472,0.5996,2.5892
24.8474,0.5875,2.5357
24.8476,0.5671,2.4489
24.8478,0.5679,2.4532
24.8480,0.5664,2.4435
24.8482,0.5541,2.3914
24.8484,0.5616,2.4228
24.8486,0.5872,2.5307
24.8488,0.7397,3.1851
24.8490,0.7475,3.2171
24.8492,0.7909,3.396
24.8494,0.8872,3.8219
24.8496,0.7709,3.3178
24.8498,0.8254,3.5443
24.8500,0.9327,4.0014
24.8502,0.9647,4.1445
24.8504,0.8674,3.7297
24.8506,0.9092,3.9078
24.8508,0.9232,3.9681
24.8510,0.8897,3.8256
24.8512,0.8673,3.7292
24.8514,0.8525,3.6641
24.8516,0.874,3.7563
24.8518,0.8221,3.5381
24.8520,0.7904,3.4035
24.8522,0.7614,3.2709
24.8524,0.9253,3.9676
24.8526,1.0298,4.416
24.8528,1.0039,4.3089
24.8530,0.9952,4.2674
24.8532,1.0469,4.4953
24.8534,1.0201,4.3825
24.8536,1.0097,4.3357
24.8538,0.9959,4.2764
24.8540,0.9842,4.226
24.8542,1.0625,4.5516
24.8544,1.099,4.706
24.8546,1.1422,4.8932
24.8548,1.1478,4.9173
24.8550,1.1296,4.8483
24.8552,1.0984,4.7145
24.8554,1.0249,4.3949
24.8556,1.0254,4.399
24.8558,1.0977,4.7048
24.8560,1.1574,4.9584
24.8562,1.1204,4.8019
24.8564,1.1164,4.7894
24.8566,1.0728,4.5979
24.8568,1.142,4.8944
24.8570,1.1519,4.9348
24.8572,1.1216,4.8093
24.8574,1.1092,4.7519
24.8576,1.0944,4.7013
24.8578,1.0135,4.3542
24.8580,0.983,4.2228
24.8582,1.003,4.3088
24.8584,0.9712,4.1665
24.8586,1.0597,4.5461
24.8588,1.0527,4.5205
24.8590,1.0387,4.4519
24.8592,1.1089,4.7481
24.8594,1.2187,5.2233
24.8596,1.1788,5.0593
24.8598,1.0705,4.5924
24.8600,1.059,4.5409
24.8602,1.0858,4.6582
24.8604,1.1442,4.9042
24.8606,1.1683,5.0098
24.8608,1.1171,4.797
24.8610,1.0643,4.572
24.8612,1.0638,4.5657
24.8614,1.1296,4.846
24.8616,1.112,4.7682
24.8618,1.1114,4.7656
24.8620,1.0914,4.6819
24.8622,1.0626,4.5648
24.8624,1.0328,4.435
24.8626,1.1024,4.7292
24.8628,1.096,4.7042
24.8630,1.0832,4.6469
24.8632,1.0756,4.6231
24.8634,1.0351,4.4469
24.8636,1.0253,4.4046
24.8638,0.9951,4.2728
24.8640,1.0593,4.5552
24.8642,1.0355,4.4484
24.8644,1.0394,4.4613
24.8646,1.0487,4.5051
24.8648,1.0397,4.4664
24.8650,1.0327,4.4407
24.8652,1.0797,4.6385
24.8654,1.0527,4.5226
24.8656,1.0487,4.5093
24.8658,1.0286,4.417
24.8660,1.0441,4.4897
24.8662,1.0205,4.382
24.8664,1.0429,4.4824
24.8666,1.0404,4.4758
24.8668,0.9689,4.1664
24.8670,0.9621,4.1409
24.8672,0.931,4.0035
24.8674,0.9599,4.1297
24.8676,0.9358,4.0279
24.8678,0.9197,3.9527
24.8680,0.9153,3.9433
24.8682,0.839,3.6159
24.8684,0.8224,3.5446
24.8686,0.853,3.6678
24.8688,1.0054,4.3171
24.8690,1.0527,4.5226
24.8692,1.0337,4.4407
24.8694,0.9749,4.1902
24.8696,0.9692,4.1713
24.8698,0.9555,4.1106
24.8700,1.0361,4.4427
24.8702,1.0591,4.5562
24.8704,0.9735,4.1899
24.8706,0.9674,4.1597
24.8708,0.9682,4.1614
24.8710,0.9963,4.284
24.8712,0.9415,4.0521
24.8714,0.9253,3.9843
24.8716,0.9254,3.9811
24.8718,0.9409,4.0439
24.8720,0.9506,4.097
24.8722,0.8549,3.6846
24.8724,0.8369,3.6055
24.8726,0.7886,3.4004
24.8728,0.7506,3.238
24.8730,0.7638,3.2949
24.8732,0.8328,3.5812
24.8734,0.9973,4.2886
24.8736,0.9378,4.0324
24.8738,0.9518,4.0965
24.8740,0.8447,3.6441
24.8742,0.7091,3.0619
24.8744,0.6757,2.9188
24.8746,0.6745,2.9096
24.8748,0.7257,3.1348
24.8750,0.6703,2.8915
24.8752,0.7294,3.148
24.8754,0.7621,3.2892
24.8756,0.6839,2.9532
24.8758,0.6129,2.6504
24.8760,0.5977,2.5845
24.8762,0.6031,2.6066
24.8764,0.6091,2.6313
24.8766,0.6494,2.7963
24.8768,0.8496,3.6602
24.8770,0.7199,3.1114
24.8772,0.6103,2.6365
24.8774,0.6245,2.6939
24.8776,0.7233,3.1216
24.8778,0.7322,3.156
24.8780,0.7405,3.1931
24.8782,0.7569,3.2655
24.8784,0.7282,3.1413
24.8786,0.7779,3.3498
24.8788,0.8565,3.6897
24.8790,0.8511,3.6579
24.8792,0.8478,3.6559
24.8794,0.748,3.2267
24.8796,0.7291,3.1425
24.8798,0.7248,3.1283
24.8800,0.7355,3.1626
24.8802,0.897,3.8535
24.8804,0.9388,4.0314
24.8806,1.0331,4.434
24.8808,1.1147,4.7867
24.8810,1.0019,4.3042
24.8812,0.9813,4.2176
24.8814,1.0248,4.3964
24.8816,1.1356,4.8649
24.8818,1.1292,4.8399
24.8820,1.1595,4.9741
24.8822,1.1092,4.7585
24.8824,1.0952,4.7028
24.8826,1.0716,4.5927
24.8828,1.1641,4.9965
24.8830,1.1563,4.9538
24.8832,1.2128,5.1981
24.8834,1.1099,4.7683
24.8836,1.0705,4.5945
24.8838,1.0951,4.7044
24.8840,1.0926,4.6805
24.8842,1.2754,5.4613
24.8844,1.2675,5.4249
24.8846,1.2423,5.3245
24.8848,1.233,5.282
24.8850,1.261,5.4072
24.8852,1.2176,5.2138
24.8854,1.2448,5.3428
24.8856,1.1688,5.0142
24.8858,1.2183,5.2145
24.8860,1.2406,5.3174
24.8862,1.2366,5.3024
24.8864,1.2063,5.1752
24.8866,1.1927,5.1142
24.8868,1.2096,5.1843
24.8870,1.1978,5.1387
24.8872,1.1983,5.1383
24.8874,1.2439,5.3287
24.8876,1.2388,5.3096
24.8878,1.2249,5.2525
24.8880,1.2193,5.2332
24.8882,1.2362,5.3008
24.8884,1.1587,4.9826
24.8886,1.0285,4.4206
24.8888,1.0568,4.538
24.8890,1.0798,4.6368
24.8892,1.0717,4.6018
24.8894,1.1153,4.7848
24.8896,1.2289,5.2694
24.8898,1.2824,5.4962
24.8900,1.2773,5.4797
24.8902,1.1658,4.9967
24.8904,1.2336,5.2821
24.8906,1.279,5.4792
24.8908,1.2693,5.4554
24.8910,1.1084,4.7705
24.8912,1.0424,4.4866
24.8914,1.0661,4.5776
24.8916,1.0996,4.7152
24.8918,1.1232,4.83
24.8920,1.1248,4.8344
24.8922,1.0826,4.6487
24.8924,1.0656,4.582
24.8926,1.0515,4.5322
24.8928,0.8785,3.7935
24.8930,0.736,3.1852
24.8932,0.6454,2.7883
24.8934,0.761,3.28
24.8936,0.7414,3.2056
24.8938,0.6601,2.8515
24.8940,0.7529,3.2509
24.8942,0.7504,3.24
24.8944,0.7506,3.2456
24.8946,0.645,2.7888
24.8948,0.636,2.7461
24.8950,0.6759,2.9198
24.8952,0.6541,2.8243
24.8954,0.6723,2.9097
24.8956,0.5602,2.4234
24.8958,0.5483,2.372
24.8960,0.5433,2.3481
24.8962,0.6117,2.6476
24.8964,0.6206,2.6848
24.8966,0.6644,2.8608
24.8968,0.8354,3.6004
24.8970,0.792,3.4181
24.8972,0.7254,3.128
24.8974,0.7849,3.3844
24.8976,0.7711,3.3296
24.8978,0.7587,3.2702
24.8980,0.8084,3.4858
24.8982,0.7453,3.2123
24.8984,0.8442,3.6386
24.8986,0.7766,3.3503
24.8988,0.7657,3.2986
24.8990,0.8067,3.4801
24.8992,0.7258,3.131
24.8994,0.7332,3.1645
24.8996,0.7364,3.1785
24.8998,0.7282,3.1428
24.9000,0.7203,3.1072
24.9002,0.7219,3.1144
24.9004,0.7785,3.3523
24.9006,0.9361,4.0233
24.9008,1.073,4.6096
24.9010,1.0284,4.416
24.9012,1.0137,4.3547
24.9014,1.0243,4.3985
24.9016,1.0821,4.651
24.9018,1.1635,4.9869
24.9020,1.2161,5.2193
24.9022,1.131,4.859
24.9024,1.1362,4.8675
24.9026,1.2,5.1431
24.9028,1.2453,5.3399
24.9030,1.2497,5.3464
24.9032,1.2995,5.5541
24.9034,1.3981,5.9865
24.9036,1.2532,5.3763
24.9038,1.181,5.0738
24.9040,1.1087,4.7676
24.9042,0.989,4.2565
24.9044,0.9535,4.1037
24.9046,0.9718,4.1788
24.9048,0.9661,4.1618
24.9050,0.9434,4.0604
24.9052,0.98,4.2178
24.9054,0.924,3.9823
24.9056,0.7945,3.4305
24.9058,0.7444,3.2141
24.9060,0.7258,3.1339
24.9062,0.7364,3.177
24.9064,0.7237,3.1222
24.9066,0.7527,3.2428
24.9068,0.8529,3.6776
24.9070,0.8968,3.856
24.9072,0.9132,3.9376
24.9074,0.7478,3.2291
24.9076,0.6786,2.925
24.9078,0.7279,3.1403
24.9080,0.7102,3.0623
24.9082,0.8001,3.4501
24.9084,0.7821,3.3772
24.9086,0.6693,2.8914
24.9088,0.6692,2.8922
24.9090,0.5917,2.5621
24.9092,0.5318,2.3004
24.9094,0.5271,2.2802
24.9096,0.5355,2.3176
24.9098,0.5409,2.3388
24.9100,0.5314,2.301
24.9102,0.542,2.3456
24.9104,0.5427,2.3444
24.9106,0.5543,2.3979
24.9108,0.5454,2.3596
24.9110,0.556,2.4008
24.9112,0.6861,2.9611
24.9114,0.6665,2.8781
24.9116,0.6578,2.8416
24.9118,0.6512,2.8131
24.9120,0.6411,2.7684
24.9122,0.6609,2.8525
24.9124,0.6523,2.8152
24.9126,0.6583,2.8411
24.9128,0.6574,2.8375
24.9130,0.6499,2.8035
24.9132,0.6735,2.8987
24.9134,0.7838,3.3782
24.9136,0.7338,3.17
24.9138,0.6644,2.8675
24.9140,0.65,2.8054
24.9142,0.6568,2.8336
24.9144,0.6456,2.7849
24.9146,0.6516,2.8108
24.9148,0.6607,2.8527
24.9150,0.658,2.8387
24.9152,0.7043,3.0356
24.9154,0.7403,3.1876
24.9156,0.7704,3.3188
24.9158,0.8113,3.4868
24.9160,0.9073,3.9087
24.9162,0.8133,3.4988
24.9164,0.8665,3.7209
24.9166,0.9922,4.2585
24.9168,1.0143,4.3613
24.9170,0.94,4.0403
24.9172,1.0373,4.4499
24.9174,1.133,4.8536
24.9176,1.1075,4.7491
24.9178,1.1238,4.8146
24.9180,1.2125,5.1942
24.9182,1.2553,5.3725
24.9184,1.2554,5.3705
24.9186,1.2614,5.4037
24.9188,1.2451,5.3264
24.9190,1.2579,5.3914
24.9192,1.1677,5.0096
24.9194,1.2163,5.2082
24.9196,1.1914,5.1109
24.9198,1.167,5.0018
24.9200,1.1845,5.0816
24.9202,1.1559,4.9563
24.9204,1.1103,4.7676
24.9206,1.0295,4.4206
24.9208,1.0581,4.5479
24.9210,1.0845,4.6591
24.9212,1.0797,4.6299
24.9214,1.1428,4.9003
24.9216,1.1743,5.0402
24.9218,1.13,4.8498
24.9220,1.1244,4.8261
24.9222,1.0945,4.7018
24.9224,1.0418,4.4736
24.9226,1.0866,4.6657
24.9228,1.1271,4.8352
24.9230,1.1481,4.916
24.9232,1.3296,5.6907
24.9234,1.3289,5.6982
24.9236,1.2177,5.2265
24.9238,1.1398,4.8966
24.9240,1.1398,4.892
24.9242,1.2133,5.205
24.9244,1.1539,4.9481
24.9246,1.1246,4.8334
24.9248,1.0921,4.6915
24.9250,1.0789,4.637
24.9252,1.0238,4.3985
24.9254,0.9617,4.1393
24.9256,0.9145,3.9397
24.9258,0.9109,3.915
24.9260,1.0026,4.3153
24.9262,0.8538,3.6834
24.9264,0.8615,3.7113
24.9266,0.9023,3.8852
24.9268,0.8771,3.782
24.9270,0.8219,3.5442
24.9272,0.7767,3.3539
24.9274,0.7254,3.1265
24.9276,0.8453,3.6382
24.9278,0.8524,3.6755
24.9280,0.839,3.6176
24.9282,0.8392,3.6186
24.9284,0.8411,3.6219
24.9286,0.8466,3.649
24.9288,0.8639,3.7165
24.9290,0.8734,3.7607
24.9292,0.7864,3.3959
24.9294,0.7572,3.268
24.9296,0.7575,3.265
24.9298,0.8478,3.6542
24.9300,0.8268,3.5654
24.9302,0.8513,3.6691
24.9304,0.8457,3.6415
24.9306,0.8361,3.6035
24.9308,0.8308,3.5824
24.9310,0.8205,3.5347
24.9312,0.844,3.6359
24.9314,0.8286,3.5715
24.9316,0.8216,3.5426
24.9318,0.8163,3.5182
24.9320,0.8059,3.4717
24.9322,0.8225,3.5435
24.9324,0.8218,3.5404
24.9326,0.8225,3.5435
24.9328,0.8126,3.5038
24.9330,0.8153,3.5092
24.9332,0.9123,3.9285
24.9334,0.85,3.6618
24.9336,0.8355,3.5959
24.9338,0.8996,3.8738
24.9340,0.8529,3.6707
24.9342,0.859,3.6988
24.9344,0.8916,3.841
24.9346,0.8591,3.701
24.9348,0.846,3.6396
24.9350,0.9144,3.9282
24.9352,1.0577,4.5458
24.9354,0.983,4.2287
24.9356,0.9104,3.9221
24.9358,0.8999,3.8766
24.9360,0.894,3.8478
24.9362,0.9109,3.9205
24.9364,0.9861,4.2362
24.9366,1.0119,4.355
24.9368,0.9111,3.9197
24.9370,0.8985,3.8638
24.9372,0.9627,4.1415
24.9374,0.9802,4.2129
24.9376,0.9759,4.1983
24.9378,0.9235,3.9802
24.9380,0.9342,4.0188
24.9382,0.9387,4.0384
24.9384,0.9491,4.0775
24.9386,0.992,4.2634
24.9388,0.982,4.2246
24.9390,0.9611,4.1406
24.9392,0.8745,3.7654
24.9394,0.8402,3.6177
24.9396,0.834,3.5931
24.9398,0.871,3.7452
24.9400,0.8918,3.8385
24.9402,0.8824,3.8012
24.9404,0.8668,3.7323
24.9406,0.902,3.8805
24.9408,0.8647,3.7305
24.9410,0.7774,3.3508
24.9412,0.8153,3.5076
24.9414,0.832,3.5893
24.9416,0.7966,3.4303
24.9418,0.8598,3.7058
24.9420,0.7948,3.4241
24.9422,0.8197,3.5311
24.9424,0.8791,3.789
24.9426,0.8332,3.5911
24.9428,0.8103,3.4892
24.9430,0.8328,3.5862
24.9432,0.7721,3.3275
24.9434,0.8121,3.4985
24.9436,0.8013,3.4568
24.9438,0.7504,3.24
24.9440,0.7746,3.3307
24.9442,0.9201,3.9584
24.9444,0.9102,3.9211
24.9446,0.8498,3.6607
24.9448,0.8007,3.4511
24.9450,0.7898,3.404
24.9452,0.8445,3.6329
24.9454,0.9198,3.9605
24.9456,0.868,3.734
24.9458,0.8856,3.8134
24.9460,0.8643,3.725
24.9462,0.859,3.6953
24.9464,0.9143,3.9313
24.9466,0.9273,3.9949
24.9468,0.8767,3.7769
24.9470,0.8604,3.705
24.9472,0.8563,3.6891
24.9474,0.811,3.4955
24.9476,0.7851,3.3854
24.9478,0.7872,3.3942
24.9480,0.7745,3.3348
24.9482,0.8105,3.4951
24.9484,0.7776,3.3513
24.9486,0.8414,3.6212
24.9488,0.8277,3.5673
24.9490,0.7695,3.3152
24.9492,0.7946,3.4215
24.9494,0.8019,3.4546
24.9496,0.8514,3.6611
24.9498,0.9586,4.1202
24.9500,0.9675,4.1602
24.9502,0.9641,4.1381
24.9504,1.1264,4.8186
24.9506,1.2796,5.4818
24.9508,1.1855,5.081
24.9510,1.1772,5.0455
24.9512,1.2566,5.3807
24.9514,1.2868,5.5049
24.9516,1.2964,5.5511
24.9518,1.2675,5.4325
24.9520,1.2217,5.2337
24.9522,1.1832,5.0688
24.9524,1.2824,5.4885
24.9526,1.3037,5.5955
24.9528,1.1463,4.9221
24.9530,1.1087,4.7609
24.9532,1.1314,4.8582
24.9534,1.0741,4.6143
24.9536,1.0488,4.4993
24.9538,1.1179,4.8001
24.9540,1.1206,4.8097
24.9542,1.1364,4.8867
24.9544,1.0734,4.609
24.9546,1.1238,4.8191
24.9548,1.0861,4.6701
24.9550,0.995,4.2783
24.9552,1.0055,4.3176
24.9554,1.0243,4.4128
24.9556,0.9348,4.0251
24.9558,0.935,4.0224
24.9560,0.9352,4.0253
24.9562,0.9827,4.2277
24.9564,0.9349,4.0256
24.9566,0.9674,4.1539
24.9568,1.0097,4.3518
24.9570,0.8786,3.7975
24.9572,0.6927,2.9882
24.9574,0.7778,3.3524
24.9576,0.8221,3.5463
24.9578,0.7727,3.3301
24.9580,0.8417,3.6278
24.9582,0.8591,3.6976
24.9584,0.8783,3.7907
24.9586,0.7827,3.3751
24.9588,0.831,3.5835
24.9590,0.7898,3.4072
24.9592,0.7489,3.2353
24.9594,0.7027,3.0359
24.9596,0.7671,3.3064
24.9598,0.8255,3.5531
24.9600,0.876,3.7738
24.9602,0.7916,3.4165
24.9604,0.7411,3.1972
24.9606,0.758,3.2701
24.9608,0.7321,3.1555
24.9610,0.767,3.3089
24.9612,0.7596,3.2799
24.9614,0.6748,2.9111
24.9616,0.6753,2.9132
24.9618,0.6864,2.9627
24.9620,0.7024,3.0315
24.9622,0.7246,3.1258
24.9624,0.768,3.3054
24.9626,0.8049,3.4724
24.9628,0.7203,3.1057
24.9630,0.8228,3.5363
24.9632,0.9403,4.0545
24.9634,0.7956,3.432
24.9636,0.7846,3.3865
24.9638,0.7418,3.2003
24.9640,0.7463,3.2164
24.9642,0.7695,3.3182
24.9644,0.7481,3.2272
24.9646,0.7764,3.3477
24.9648,0.7607,3.28
24.9650,0.7357,3.1783
24.9652,0.7006,3.0238
24.9654,0.7362,3.1774
24.9656,0.6933,2.9936
24.9658,0.6248,2.7004
24.9660,0.6213,2.6854
24.9662,0.6167,2.664
24.9664,0.6537,2.824
24.9666,0.6328,2.7314
24.9668,0.7099,3.0556
24.9670,0.8818,3.7951
24.9672,0.8851,3.8149
24.9674,0.8114,3.4971
24.9676,0.7742,3.3353
24.9678,0.7547,3.2496
24.9680,0.8295,3.5718
24.9682,0.9298,3.9983
24.9684,0.9886,4.245
24.9686,1.0448,4.4865
24.9688,1.0139,4.3658
24.9690,0.8849,3.8085
24.9692,0.8915,3.8351
24.9694,0.8498,3.6607
24.9696,0.8444,3.6375
24.9698,0.8288,3.572
24.9700,0.7843,3.3803
24.9702,0.8023,3.4546
24.9704,0.7981,3.4365
24.9706,0.7954,3.4299
24.9708,0.7602,3.2779
24.9710,0.7661,3.3002
24.9712,0.786,3.3875
24.9714,0.7863,3.3906
24.9716,0.7692,3.3151
24.9718,0.7643,3.294
24.9720,0.7557,3.2573
24.9722,0.765,3.2986
24.9724,0.7792,3.3617
24.9726,0.6754,2.9151
24.9728,0.6927,2.9854
24.9730,0.759,3.2697
24.9732,0.8331,3.5873
24.9734,0.8119,3.4942
24.9736,0.7987,3.4423
24.9738,0.7737,3.3363
24.9740,0.7583,3.2666
24.9742,0.7922,3.4144
24.9744,0.8194,3.5284
24.9746,0.8197,3.5311
24.9748,0.7936,3.4158
24.9750,0.9179,3.9504
24.9752,0.8893,3.8312
24.9754,0.8143,3.5062
24.9756,0.849,3.6542
24.9758,0.8228,3.5478
24.9760,0.6398,2.7652
24.9762,0.6183,2.67
24.9764,0.6183,2.67
24.9766,0.5988,2.5868
24.9768,0.5572,2.407
24.9770,0.533,2.3024
24.9772,0.5785,2.4935
24.9774,0.6807,2.9324
24.9776,0.7125,3.075
24.9778,0.6703,2.8942
24.9780,0.6908,2.9744
24.9782,0.7827,3.3688
24.9784,0.7778,3.3508
24.9786,0.755,3.2572
24.9788,0.7303,3.1433
24.9790,0.8011,3.4446
24.9792,0.8265,3.5572
24.9794,0.8144,3.5051
24.9796,0.8192,3.5257
24.9798,0.8691,3.7352
24.9800,0.8585,3.695
24.9802,0.8518,3.6661
24.9804,0.835,3.5922
24.9806,0.8573,3.6881
24.9808,0.8292,3.5691
24.9810,0.8554,3.6799
24.9812,0.9253,3.975
24.9814,0.9091,3.911
24.9816,0.8914,3.831
24.9818,0.9192,3.9433
24.9820,1.0105,4.3372
24.9822,0.9825,4.2207
24.9824,0.9942,4.2732
24.9826,1.0228,4.3897
24.9828,1.0497,4.5076
24.9830,1.0765,4.6117
24.9832,1.1874,5.0844
24.9834,1.185,5.0742
24.9836,1.1894,5.0955
24.9838,1.182,5.0613
24.9840,1.1898,5.109
24.9842,1.1073,4.737
24.9844,1.2979,5.5552
24.9846,1.3168,5.62
24.9848,1.4068,6.0099
24.9850,1.3207,5.6501
24.9852,1.2743,5.4516
24.9854,1.2508,5.361
24.9856,1.2527,5.3693
24.9858,1.2732,5.4444
24.9860,1.3742,5.8761
24.9862,1.3039,5.5861
24.9864,1.2143,5.2067
24.9866,1.1833,5.0717
24.9868,1.1922,5.1121
24.9870,1.1363,4.8725
24.9872,1.1494,4.9309
24.9874,1.1125,4.7702
24.9876,1.1702,5.0134
24.9878,1.1983,5.1407
24.9880,1.1605,4.9764
24.9882,1.1963,5.1344
24.9884,1.1444,4.9184
24.9886,1.0948,4.7034
24.9888,1.0562,4.5249
24.9890,1.1537,4.9494
24.9892,1.1523,4.9455
24.9894,1.1152,4.7977
24.9896,1.0042,4.312
24.9898,1.0714,4.6072
24.9900,0.9814,4.224
24.9902,0.953,4.1036
24.9904,0.9345,4.0222
24.9906,0.9331,4.0104
24.9908,1.0059,4.3312
24.9910,0.8695,3.7477
24.9912,0.8697,3.7499
24.9914,0.8667,3.7353
24.9916,0.8356,3.5981
24.9918,0.8526,3.6765
24.9920,0.8161,3.5188
24.9922,0.8355,3.5976
24.9924,0.8992,3.8663
24.9926,0.8818,3.8004
24.9928,0.8181,3.5244
24.9930,0.9054,3.895
24.9932,0.9159,3.9422
24.9934,0.9149,3.9357
24.9936,0.9161,3.9445
24.9938,0.8332,3.5911
24.9940,0.7858,3.3917
24.9942,0.7544,3.2561
24.9944,0.724,3.1261
24.9946,0.6599,2.8536
24.9948,0.6054,2.6201
24.9950,0.5935,2.564
24.9952,0.5844,2.5223
24.9954,0.6915,2.9844
24.9956,0.7451,3.2098
24.9958,0.8003,3.4527
24.9960,0.7004,3.0241
24.9962,0.6664,2.8776
24.9964,0.7421,3.1984
24.9966,0.7613,3.281
24.9968,0.7444,3.2082
24.9970,0.7456,3.2119
24.9972,0.7575,3.2696
24.9974,0.7358,3.1744
24.9976,0.7288,3.1381
24.9978,0.7923,3.4165
24.9980,0.7561,3.2543
24.9982,0.8586,3.6972
24.9984,0.8111,3.4976
24.9986,0.7608,3.2729
24.9988,0.8357,3.607
24.9990,0.7348,3.1683
24.9992,0.8119,3.4942
24.9994,0.871,3.7522
24.9996,0.9071,3.8986
24.9998,0.9598,4.1368
25.0000,0.773,3.3317
25.0002,0.7899,3.403
25.0004,0.7815,3.3652
25.0006,0.7489,3.2293
25.0008,0.7542,3.2521
25.0010,0.7947,3.4236
25.0012,0.8394,3.6096
25.0014,0.9538,4.0976
25.0016,1.0372,4.4556
25.0018,0.9698,4.1681
25.0020,0.9424,4.0487
25.0022,0.9351,4.0229
25.0024,0.9625,4.1386
25.0026,1.0073,4.3254
25.0028,1.015,4.3583
25.0030,1.0868,4.6624
25.0032,1.1593,4.9759
25.0034,1.0559,4.5339
25.0036,1.0273,4.4175
25.0038,0.9607,4.1347
25.0040,0.9814,4.222
25.0042,0.9996,4.2944
25.0044,0.9621,4.1351
25.0046,0.9791,4.2083
25.0048,0.9932,4.2666
25.0050,0.9339,4.0215
25.0052,0.8559,3.6819
25.0054,0.9031,3.8942
25.0056,0.7713,3.326
25.0058,0.7498,3.2284
25.0060,0.782,3.3736
25.0062,0.752,3.2337
25.0064,0.9187,3.9485
25.0066,0.9248,3.9785
25.0068,0.9274,3.9899
25.0070,0.9261,3.9916
25.0072,0.8187,3.5269
25.0074,0.914,3.9358
25.0076,0.8927,3.8456
25.0078,0.8586,3.6955
25.0080,0.805,3.4745
25.0082,0.7029,3.0378
25.0084,0.6683,2.8845
25.0086,0.7206,3.1073
25.0088,0.6884,2.9696
25.0090,0.6751,2.9176
25.0092,0.6626,2.8584
25.0094,0.7266,3.1288
25.0096,0.7962,3.4346
25.0098,0.7483,3.2237
25.0100,0.7651,3.3022
25.0102,0.649,2.8025
25.0104,0.7203,3.1101
25.0106,0.7091,3.0577
25.0108,0.7436,3.2051
25.0110,0.7434,3.2011
25.0112,0.7424,3.1999
25.0114,0.7206,3.1102
25.0116,0.7135,3.0782
25.0118,0.7362,3.173
25.0120,0.7219,3.1115
25.0122,0.7049,3.0396
25.0124,0.7057,3.0418
25.0126,0.7203,3.1029
25.0128,0.7891,3.3978
25.0130,0.7486,3.2293
25.0132,0.7062,3.0495
25.0134,0.7111,3.0679
25.0136,0.7097,3.0617
25.0138,0.6999,3.0178
25.0140,0.708,3.0558
25.0142,0.702,3.0257
25.0144,0.7338,3.1612
25.0146,0.7096,3.0583
25.0148,0.7065,3.0463
25.0150,0.747,3.2151
25.0152,0.8315,3.5789
25.0154,0.8079,3.4805
25.0156,0.7966,3.4335
25.0158,0.8322,3.5786
25.0160,0.8981,3.8599
25.0162,0.9037,3.8823
25.0164,0.9585,4.1139
25.0166,1.0524,4.5168
25.0168,1.1177,4.7928
25.0170,1.0824,4.6368
25.0172,1.1432,4.9041
25.0174,1.1512,4.9294
25.0176,1.2595,5.393
25.0178,1.296,5.5444
25.0180,1.2585,5.3839
25.0182,1.2644,5.4191
25.0184,1.2631,5.4185
25.0186,1.1927,5.1046
25.0188,1.23,5.2716
25.0190,1.2009,5.1424
25.0192,1.2103,5.1825
25.0194,1.2592,5.3945
25.0196,1.2248,5.2471
25.0198,1.2236,5.2395
25.0200,1.2424,5.3251
25.0202,1.2356,5.2884
25.0204,1.2507,5.3555
25.0206,1.2059,5.1731
25.0208,1.158,4.9725
25.0210,1.1265,4.8304
25.0212,1.1307,4.8506
25.0214,1.1457,4.9172
25.0216,1.0902,4.6746
25.0218,1.1256,4.829
25.0220,1.1366,4.8826
25.0222,1.0384,4.4629
25.0224,0.9978,4.2967
25.0226,0.8758,3.7693
25.0228,0.903,3.8883
25.0230,0.8909,3.8415
25.0232,0.8472,3.6499
25.0234,0.7959,3.4304
25.0236,0.7734,3.3348
25.0238,0.7484,3.2302
25.0240,0.6926,2.9932
25.0242,0.6892,2.976
25.0244,0.7348,3.1668
25.0246,0.7728,3.3353
25.0248,0.7063,3.0486
25.0250,0.7049,3.0438
25.0252,0.6447,2.7813
25.0254,0.6471,2.7929
25.0256,0.6276,2.7149
25.0258,0.5705,2.468
25.0260,0.5595,2.4191
25.0262,0.5902,2.5483
25.0264,0.6446,2.7821
25.0266,0.6393,2.7606
25.0268,0.6711,2.9005
25.0270,0.6004,2.5959
25.0272,0.539,2.3337
25.0274,0.5718,2.4702
25.0276,0.6421,2.7699
25.0278,0.638,2.7574
25.0280,0.5766,2.491
25.0282,0.5839,2.5237
25.0284,0.5434,2.3464
25.0286,0.5821,2.5183
25.0288,0.5641,2.4371
25.0290,0.5928,2.5633
25.0292,0.5452,2.3585
25.0294,0.5621,2.4249
25.0296,0.6705,2.8965
25.0298,0.5495,2.3761
25.0300,0.5418,2.3418
25.0302,0.5252,2.2687
25.0304,0.5729,2.4738
25.0306,0.5945,2.5717
25.0308,0.4994,2.1634
25.0310,0.4315,1.8668
25.0312,0.4325,1.8718
25.0314,0.4514,1.9511
25.0316,0.5087,2.1998
25.0318,0.4977,2.1511
25.0320,0.5465,2.3609
25.0322,0.5233,2.2636
25.0324,0.4938,2.136
25.0326,0.4906,2.1215
25.0328,0.4875,2.1071
25.0330,0.5079,2.1911
25.0332,0.5694,2.4576
25.0334,0.5839,2.5191
25.0336,0.5733,2.4742
25.0338,0.5833,2.5188
25.0340,0.6055,2.6134
25.0342,0.6019,2.5978
25.0344,0.6056,2.6151
25.0346,0.601,2.5949
25.0348,0.6062,2.6141
25.0350,0.6495,2.8007
25.0352,0.693,2.9828
25.0354,0.7551,3.2486
25.0356,0.7429,3.2049
25.0358,0.6147,2.6532
25.0360,0.6382,2.7521
25.0362,0.6278,2.7084
25.0364,0.5849,2.5255
25.0366,0.5808,2.5068
25.0368,0.5832,2.5171
25.0370,0.5878,2.5368
25.0372,0.5884,2.5382
25.0374,0.5856,2.5286
25.0376,0.5867,2.531
25.0378,0.5906,2.5445
25.0380,0.646,2.7805
25.0382,0.7607,3.2708
25.0384,0.8173,3.5224
25.0386,0.6511,2.8048
25.0388,0.6477,2.7968
25.0390,0.5769,2.4897
25.0392,0.6276,2.7048
25.0394,0.6286,2.7082
25.0396,0.6699,2.8886
25.0398,0.6695,2.883
25.0400,0.7478,3.2187
25.0402,0.7251,3.1206
25.0404,0.711,3.0631
25.0406,0.7251,3.1264
25.0408,0.6602,2.8467
25.0410,0.6627,2.8509
25.0412,0.7507,3.2311
25.0414,0.7271,3.1323
25.0416,0.6471,2.7904
25.0418,0.6016,2.5939
25.0420,0.6486,2.7966
25.0422,0.6656,2.87
25.0424,0.6487,2.7958
25.0426,0.6422,2.7692
25.0428,0.6664,2.8709
25.0430,0.7274,3.1339
25.0432,0.6628,2.8554
25.0434,0.7308,3.141
25.0436,0.8002,3.4442
25.0438,0.7143,3.077
25.0440,0.6888,2.9689
25.0442,0.693,2.9828
25.0444,0.6802,2.9303
25.0446,0.637,2.7495
25.0448,0.5611,2.4219
25.0450,0.5368,2.3158
25.0452,0.5321,2.2977
25.0454,0.5296,2.2879
25.0456,0.5324,2.2988
25.0458,0.5334,2.3013
25.0460,0.5965,2.5746
25.0462,0.5379,2.3215
25.0464,0.5229,2.2558
25.0466,0.5243,2.263
25.0468,0.5217,2.2516
25.0470,0.5245,2.2635
25.0472,0.5229,2.2579
25.0474,0.5233,2.2594
25.0476,0.5207,2.2475
25.0478,0.5227,2.2568
25.0480,0.5266,2.2739
25.0482,0.535,2.308
25.0484,0.5667,2.4412
25.0486,0.6194,2.6672
25.0488,0.6812,2.9331
25.0490,0.7134,3.0677
25.0492,0.7731,3.326
25.0494,0.7519,3.2287
25.0496,0.8394,3.5995
25.0498,0.9337,4.0055
25.0500,0.8958,3.8465
25.0502,0.95,4.0698
25.0504,1.056,4.5238
25.0506,1.0556,4.5244
25.0508,1.0634,4.5557
25.0510,1.0479,4.4957
25.0512,0.9837,4.218
25.0514,0.9806,4.2047
25.0516,0.9386,4.0266
25.0518,0.9921,4.258
25.0520,0.9915,4.2514
25.0522,1.0337,4.4242
25.0524,1.0416,4.4664
25.0526,1.0065,4.3137
25.0528,1.0391,4.4535
25.0530,1.0031,4.3053
25.0532,0.9584,4.1057
25.0534,0.9885,4.2465
25.0536,0.9312,4.0021
25.0538,0.8992,3.861
25.0540,0.9253,3.9695
25.0542,0.9807,4.2111
25.0544,0.8952,3.844
25.0546,0.8505,3.6587
25.0548,0.8807,3.7817
25.0550,0.9574,4.1131
25.0552,0.9009,3.8705
25.0554,0.8896,3.818
25.0556,0.8968,3.8542
25.0558,0.8818,3.7863
25.0560,0.9057,3.8929
25.0562,0.815,3.5077
25.0564,0.7481,3.2227
25.0566,0.7615,3.2806
25.0568,0.7296,3.1402
25.0570,0.7906,3.4013
25.0572,0.8113,3.4884
25.0574,0.8149,3.5071
25.0576,0.7602,3.2733
25.0578,0.7575,3.262
25.0580,0.7267,3.1322
25.0582,0.7012,3.0193
25.0584,0.7532,3.2419
25.0586,0.7764,3.3415
25.0588,0.7644,3.2884
25.0590,0.7703,3.3106
25.0592,0.7592,3.2707
25.0594,0.7056,3.0413
25.0596,0.727,3.1318
25.0598,0.7348,3.1639
25.0600,0.7164,3.0863
25.0602,0.7322,3.156
25.0604,0.6498,2.8004
25.0606,0.6127,2.642
25.0608,0.6132,2.6465
25.0610,0.6308,2.7175
25.0612,0.706,3.0386
25.0614,0.7083,3.054
25.0616,0.6457,2.7854
25.0618,0.6625,2.8539
25.0620,0.7476,3.2161
25.0622,0.7602,3.2733
25.0624,0.6854,2.9525
25.0626,0.6525,2.8136
25.0628,0.6572,2.8351
25.0630,0.6722,2.8971
25.0632,0.7002,3.0124
25.0634,0.7464,3.2125
25.0636,0.7134,3.0734
25.0638,0.6734,2.9022
25.0640,0.6908,2.9744
25.0642,0.6357,2.7451
25.0644,0.5741,2.4778
25.0646,0.5813,2.51
25.0648,0.5637,2.4328
25.0650,0.5623,2.4259
25.0652,0.5604,2.4199
25.0654,0.5641,2.4337
25.0656,0.5727,2.4693
25.0658,0.6465,2.7865
25.0660,0.6808,2.9329
25.0662,0.6788,2.9228
25.0664,0.6745,2.9055
25.0666,0.6739,2.9043
25.0668,0.6775,2.9171
25.0670,0.6724,2.8954
25.0672,0.6842,2.9446
25.0674,0.7754,3.3296
25.0676,0.8824,3.7924
25.0678,0.8057,3.4663
25.0680,0.7448,3.2087
25.0682,0.6806,2.9305
25.0684,0.6873,2.9553
25.0686,0.7245,3.1209
25.0688,0.6747,2.9025
25.0690,0.7331,3.1508
25.0692,0.7632,3.2847
25.0694,0.7057,3.0404
25.0696,0.6881,2.9658
25.0698,0.6653,2.8663
25.0700,0.661,2.8464
25.0702,0.6643,2.8603
25.0704,0.6676,2.8761
25.0706,0.6661,2.8681
25.0708,0.6631,2.8551
25.0710,0.6643,2.863
25.0712,0.6492,2.7991
25.0714,0.6616,2.8463
25.0716,0.667,2.8748
25.0718,0.5944,2.5641
25.0720,0.5886,2.5369
25.0722,0.5845,2.5193
25.0724,0.6475,2.788
25.0726,0.667,2.8748
25.0728,0.6438,2.7733
25.0730,0.7241,3.1121
25.0732,0.7223,3.1145
25.0734,0.6102,2.6311
25.0736,0.6458,2.7782
25.0738,0.686,2.9579
25.0740,0.6177,2.6625
25.0742,0.6632,2.8543
25.0744,0.714,3.0774
25.0746,0.647,2.7885
25.0748,0.611,2.6335
25.0750,0.6036,2.5991
25.0752,0.6193,2.6692
25.0754,0.6326,2.724
25.0756,0.7598,3.2688
25.0758,0.7427,3.2009
25.0760,0.6048,2.6079
25.0762,0.6585,2.8408
25.0764,0.5675,2.4471
25.0766,0.5385,2.3241
25.0768,0.5331,2.2997
25.0770,0.5322,2.2982
25.0772,0.5328,2.2998
25.0774,0.5349,2.3054
25.0776,0.5745,2.4805
25.0778,0.5617,2.4245
25.0780,0.5269,2.2728
25.0782,0.5285,2.2759
25.0784,0.6481,2.7867
25.0786,0.6988,3.009
25.0788,0.6996,3.0112
25.0790,0.7085,3.0537
25.0792,0.5821,2.509
25.0794,0.5512,2.3778
25.0796,0.5898,2.5432
25.0798,0.628,2.7031
25.0800,0.7095,3.0507
25.0802,0.7271,3.1265
25.0804,0.7231,3.1167
25.0806,0.6598,2.8425
25.0808,0.6498,2.7978
25.0810,0.6735,2.896
25.0812,0.7291,3.1367
25.0814,0.7263,3.1229
25.0816,0.8134,3.4863
25.0818,0.9049,3.8857
25.0820,0.8399,3.6083
25.0822,0.8471,3.6409
25.0824,0.8792,3.7702
25.0826,0.9259,3.9758
25.0828,0.9155,3.9273
25.0830,0.937,4.0199
25.0832,0.9394,4.0283
25.0834,0.9948,4.2619
25.0836,1.0647,4.5592
25.0838,1.0725,4.5904
25.0840,1.0676,4.5758
25.0842,1.0709,4.5854
25.0844,1.0785,4.6161
25.0846,1.0806,4.627
25.0848,1.0596,4.5435
25.0850,1.0235,4.3846
25.0852,1.03,4.4206
25.0854,1.0473,4.4848
25.0856,1.0634,4.5599
25.0858,1.008,4.3224
25.0860,1.0115,4.3393
25.0862,0.9869,4.2319
25.0864,0.9706,4.1659
25.0866,0.9705,4.1634
25.0868,0.9765,4.1969
25.0870,0.903,3.881
25.0872,0.8633,3.7122
25.0874,0.8163,3.5101
25.0876,0.8406,3.608
25.0878,0.9282,3.9855
25.0880,0.8351,3.5894
25.0882,0.8691,3.7352
25.0884,0.8024,3.4535
25.0886,0.7622,3.2836
25.0888,0.7445,3.2042
25.0890,0.7369,3.1732
25.0892,0.6873,2.9608
25.0894,0.6737,2.9065
25.0896,0.6718,2.8942
25.0898,0.6782,2.9229
25.0900,0.7077,3.05
25.0902,0.6695,2.8897
25.0904,0.5197,2.2428
25.0906,0.5182,2.2377
25.0908,0.499,2.1558
25.0910,0.5144,2.219
25.0912,0.5006,2.1616
25.0914,0.5131,2.2164
25.0916,0.5271,2.276
25.0918,0.5428,2.3427
25.0920,0.534,2.3039
25.0922,0.5436,2.3463
25.0924,0.5312,2.2936
25.0926,0.5273,2.2739
25.0928,0.5375,2.3189
25.0930,0.5259,2.2698
25.0932,0.5629,2.4252
25.0934,0.6385,2.7506
25.0936,0.6328,2.7301
25.0938,0.6173,2.6616
25.0940,0.6673,2.8732
25.0942,0.6496,2.7986
25.0944,0.639,2.7552
25.0946,0.6187,2.6678
25.0948,0.5862,2.5277
25.0950,0.5374,2.3184
25.0952,0.5416,2.3365
25.0954,0.4935,2.134
25.0956,0.4315,1.8651
25.0958,0.4259,1.8399
25.0960,0.4704,2.0283
25.0962,0.5736,2.4723
25.0964,0.5495,2.3739
25.0966,0.4844,2.0917
25.0968,0.4753,2.0533
25.0970,0.4699,2.0309
25.0972,0.4754,2.0538
25.0974,0.4802,2.0745
25.0976,0.5048,2.1777
25.0978,0.5199,2.2408
25.0980,0.5249,2.2646
25.0982,0.5755,2.4805
25.0984,0.6241,2.6911
25.0986,0.5761,2.4831
25.0988,0.5709,2.4581
25.0990,0.5956,2.5633
25.0992,0.6545,2.8185
25.0994,0.646,2.7805
25.0996,0.6926,2.9808
25.0998,0.7079,3.0454
25.1000,0.6968,3.0016
25.1002,0.7143,3.0713
25.1004,0.7988,3.4316
25.1006,0.8108,3.4815
25.1008,0.8373,3.5919
25.1010,0.9137,3.9232
25.1012,0.8747,3.7559
25.1014,0.7902,3.3993
25.1016,0.7257,3.1203
25.1018,0.7475,3.2186
25.1020,0.6885,2.9632
25.1022,0.709,3.0515
25.1024,0.7005,3.0134
25.1026,0.6968,2.9974
25.1028,0.7241,3.1121
25.1030,0.7711,3.3188
25.1032,0.7164,3.082
25.1034,0.7096,3.054
25.1036,0.6946,2.9882
25.1038,0.7366,3.1731
25.1040,0.6242,2.6891
25.1042,0.596,2.5701
25.1044,0.5969,2.5713
25.1046,0.5644,2.4347
25.1048,0.5862,2.5254
25.1050,0.6179,2.6667
25.1052,0.5113,2.2056
25.1054,0.5002,2.158
25.1056,0.4983,2.1497
25.1058,0.5006,2.1576
25.1060,0.68,2.9239
25.1062,0.747,3.2166
25.1064,0.6173,2.6616
25.1066,0.5838,2.5185
25.1068,0.5525,2.3802
25.1070,0.5717,2.4652
25.1072,0.5292,2.2853
25.1074,0.5392,2.3229
25.1076,0.5597,2.4112
25.1078,0.5348,2.307
25.1080,0.536,2.3132
25.1082,0.5559,2.398
25.1084,0.5569,2.4004
25.1086,0.5331,2.2987
25.1088,0.587,2.5313
25.1090,0.5617,2.4189
25.1092,0.6361,2.7364
25.1094,0.6157,2.6549
25.1096,0.5507,2.3747
25.1098,0.5423,2.3396
25.1100,0.5421,2.3364
25.1102,0.5453,2.3492
25.1104,0.6054,2.6104
25.1106,0.5442,2.3457
25.1108,0.5269,2.2707
25.1110,0.5322,2.2961
25.1112,0.5394,2.3272
25.1114,0.5354,2.3085
25.1116,0.534,2.3049
25.1118,0.5264,2.2718
25.1120,0.5679,2.4452
25.1122,0.6286,2.707
25.1124,0.5753,2.4818
25.1126,0.5326,2.2977
25.1128,0.532,2.294
25.1130,0.5382,2.3198
25.1132,0.5392,2.324
25.1134,0.5328,2.2976
25.1136,0.5277,2.2765
25.1138,0.5198,2.2413
25.1140,0.5245,2.2593
25.1142,0.5356,2.3085
25.1144,0.5364,2.311
25.1146,0.5772,2.4866
25.1148,0.634,2.7277
25.1150,0.6574,2.8322
25.1152,0.6254,2.6905
25.1154,0.7248,3.1138
25.1156,0.8146,3.4963
25.1158,0.8219,3.5261
25.1160,0.8494,3.6439
25.1162,0.8921,3.8234
25.1164,0.9579,4.1017
25.1166,0.976,4.189
25.1168,0.8746,3.7554
25.1170,0.9568,4.0971
25.1172,1.0473,4.4785
25.1174,1.0839,4.6348
25.1176,1.0626,4.55
25.1178,1.0096,4.323
25.1180,1.0358,4.4375
25.1182,1.0511,4.507
25.1184,0.9795,4.1942
25.1186,0.994,4.2563
25.1188,0.9968,4.28
25.1190,0.9331,3.9936
25.1192,1.0547,4.5119
25.1194,1.0962,4.6981
25.1196,1.0265,4.3995
25.1198,1.0273,4.4031
25.1200,0.9742,4.1755
25.1202,1.0011,4.2926
25.1204,0.9876,4.233
25.1206,1.0174,4.3523
25.1208,1.0969,4.6968
25.1210,1.0436,4.4751
25.1212,1.0029,4.3043
25.1214,0.8924,3.8393
25.1216,0.8222,3.5304
25.1218,0.915,3.9271
25.1220,0.895,3.8447
25.1222,0.8215,3.5306
25.1224,0.8384,3.6016
25.1226,0.9879,4.236
25.1228,0.909,3.9032
25.1230,0.894,3.8406
25.1232,0.8941,3.8393
25.1234,0.848,3.6445
25.1236,0.7789,3.3461
25.1238,0.8231,3.5428
25.1240,0.8036,3.4586
25.1242,0.7965,3.425
25.1244,0.8041,3.4559
25.1246,0.7227,3.1175
25.1248,0.648,2.794
25.1250,0.6529,2.8086
25.1252,0.752,3.2337
25.1254,0.7255,3.1227
25.1256,0.7526,3.2423
25.1258,0.686,2.9551
25.1260,0.6393,2.7555
25.1262,0.6205,2.6743
25.1264,0.6229,2.6859
25.1266,0.6093,2.6226
25.1268,0.6814,2.9369
25.1270,0.624,2.6906
25.1272,0.6066,2.6168
25.1274,0.5914,2.5488
25.1276,0.6056,2.6103
25.1278,0.6109,2.6342
25.1280,0.6468,2.7862
25.1282,0.6832,2.9419
25.1284,0.677,2.9123
25.1286,0.6729,2.8988
25.1288,0.6049,2.6084
25.1290,0.6625,2.8552
25.1292,0.6067,2.6161
25.1294,0.5566,2.4022
25.1296,0.554,2.3897
25.1298,0.558,2.4073
25.1300,0.5686,2.4494
25.1302,0.5857,2.5268
25.1304,0.5555,2.3965
25.1306,0.559,2.4115
25.1308,0.5593,2.4141
25.1310,0.5561,2.3979
25.1312,0.5538,2.3881
25.1314,0.5514,2.3767
25.1316,0.5596,2.4118
25.1318,0.6605,2.8443
25.1320,0.7048,3.0306
25.1322,0.7315,3.1485
25.1324,0.6958,2.9975
25.1326,0.6856,2.9508
25.1328,0.6912,2.9751
25.1330,0.686,2.9538
25.1332,0.6884,2.9641
25.1334,0.6984,3.0005
25.1336,0.7632,3.2801
25.1338,0.8277,3.5541
25.1340,0.8059,3.4701
25.1342,0.6929,2.9823
25.1344,0.7259,3.1213
25.1346,0.7625,3.2801
25.1348,0.6982,3.005
25.1350,0.7012,3.0137
25.1352,0.771,3.3167
25.1354,0.7089,3.0552
25.1356,0.6685,2.881
25.1358,0.6692,2.8815
25.1360,0.6725,2.8959
25.1362,0.6736,2.8992
25.1364,0.7171,3.0894
25.1366,0.6758,2.9099
25.1368,0.6643,2.8576
25.1370,0.665,2.8634
25.1372,0.6693,2.882
25.1374,0.7039,3.034
25.1376,0.631,2.7186
25.1378,0.6971,3.0004
25.1380,0.688,2.9625
25.1382,0.6843,2.9438
25.1384,0.7414,3.1893
25.1386,0.7277,3.1334
25.1388,0.7027,3.0246
25.1390,0.7584,3.258
25.1392,0.8364,3.5934
25.1394,0.8391,3.6047
25.1396,0.7933,3.4063
25.1398,0.8225,3.5336
25.1400,0.8015,3.4467
25.1402,0.8061,3.4695
25.1404,0.7459,3.2104
25.1406,0.7315,3.1441
25.1408,0.7205,3.1025
25.1410,0.6964,2.9987
25.1412,0.7158,3.078
25.1414,0.75,3.2205
25.1416,0.8005,3.4468
25.1418,0.72,3.0975
25.1420,0.7375,3.1728
25.1422,0.7629,3.2776
25.1424,0.8267,3.5566
25.1426,0.7977,3.4381
25.1428,0.5999,2.5867
25.1430,0.5452,2.352
25.1432,0.5396,2.3266
25.1434,0.5398,2.3276
25.1436,0.5456,2.3524
25.1438,0.5572,2.4059
25.1440,0.5285,2.2801
25.1442,0.5259,2.2687
25.1444,0.5444,2.3451
25.1446,0.6099,2.6301
25.1448,0.5754,2.4777
25.1450,0.6269,2.7017
25.1452,0.5543,2.3924
25.1454,0.5257,2.2698
25.1456,0.5295,2.2842
25.1458,0.5312,2.2904
25.1460,0.5318,2.293
25.1462,0.5349,2.3054
25.1464,0.5739,2.4756
25.1466,0.5302,2.2873
25.1468,0.5271,2.2739
25.1470,0.529,2.2832
25.1472,0.5236,2.2599
25.1474,0.5412,2.3327
25.1476,0.5906,2.5421
25.1478,0.6484,2.7922
25.1480,0.6432,2.7707
25.1482,0.6607,2.8395
25.1484,0.7689,3.3018
25.1486,0.8772,3.765
25.1488,0.8888,3.8149
25.1490,0.8415,3.615
25.1492,0.8464,3.6327
25.1494,0.8596,3.691
25.1496,0.856,3.6688
25.1498,0.9453,4.0497
25.1500,0.9675,4.1525
25.1502,0.9207,3.9499
25.1504,0.9616,4.1215
25.1506,1.0041,4.2994
25.1508,1.0406,4.4602
25.1510,1.0054,4.3131
25.1512,0.9481,4.0615
25.1514,0.977,4.1873
25.1516,1.0453,4.4865
25.1518,0.95,4.0831
25.1520,0.8173,3.5142
25.1522,0.7933,3.4127
25.1524,0.8095,3.4807
25.1526,0.7773,3.3379
25.1528,0.8117,3.4856
25.1530,0.8718,3.7436
25.1532,0.9399,4.0285
25.1534,1.0009,4.2901
25.1536,1.0247,4.3898
25.1538,1.0643,4.5614
25.1540,1.028,4.4083
25.1542,1.0061,4.3162
25.1544,0.8857,3.8051
25.1546,0.8466,3.6354
25.1548,0.8878,3.812
25.1550,0.9068,3.8957
25.1552,0.8912,3.8288
25.1554,0.8728,3.7477
25.1556,0.9177,3.9408
25.1558,0.917,3.9377
25.1560,0.7826,3.373
25.1562,0.6735,2.9001
25.1564,0.7194,3.0978
25.1566,0.7165,3.0797
25.1568,0.7727,3.3224
25.1570,0.7923,3.4181
25.1572,0.5686,2.4551
25.1574,0.535,2.3069
25.1576,0.5651,2.4378
25.1578,0.5646,2.4335
25.1580,0.6203,2.6733
25.1582,0.6725,2.8946
25.1584,0.7499,3.2259
25.1586,0.7078,3.0435
25.1588,0.7417,3.1953
25.1590,0.677,2.9191
25.1592,0.6254,2.698
25.1594,0.6483,2.7929
25.1596,0.6988,3.0048
25.1598,0.7367,3.1677
25.1600,0.7548,3.2471
25.1602,0.7276,3.1271
25.1604,0.7885,3.3936
25.1606,0.7634,3.2812
25.1608,0.7762,3.341
25.1610,0.6635,2.8652
25.1612,0.5862,2.5218
25.1614,0.7376,3.1778
25.1616,0.6579,2.8356
25.1618,0.6548,2.8208
25.1620,0.6176,2.6632
25.1622,0.5832,2.516
25.1624,0.5982,2.5782
25.1626,0.6351,2.7336
25.1628,0.6241,2.6961
25.1630,0.5053,2.1838
25.1632,0.4946,2.1357
25.1634,0.5028,2.1709
25.1636,0.5081,2.1942
25.1638,0.4939,2.1316
25.1640,0.4887,2.1113
25.1642,0.4783,2.0681
25.1644,0.4808,2.0742
25.1646,0.5574,2.4036
25.1648,0.5845,2.5216
25.1650,0.5796,2.5004
25.1652,0.5807,2.5028
25.1654,0.5966,2.5691
25.1656,0.5971,2.5748
25.1658,0.5947,2.5632
25.1660,0.6382,2.7483
25.1662,0.6753,2.9065
25.1664,0.6795,2.9218
25.1666,0.7948,3.4162
25.1668,0.8066,3.4651
25.1670,0.7842,3.3703
25.1672,0.7177,3.0906
25.1674,0.6063,2.617
25.1676,0.587,2.5337
25.1678,0.5803,2.5012
25.1680,0.585,2.5214
25.1682,0.5875,2.5322
25.1684,0.5959,2.5672
25.1686,0.5972,2.5729
25.1688,0.5836,2.5163
25.1690,0.5842,2.5166
25.1692,0.5977,2.5726
25.1694,0.6394,2.7585
25.1696,0.5908,2.5474
25.1698,0.5842,2.5166
25.1700,0.6306,2.7127
25.1702,0.6628,2.8581
25.1704,0.5397,2.325
25.1706,0.5645,2.433
25.1708,0.6096,2.6285
25.1710,0.5939,2.562
25.1712,0.4908,2.1181
25.1714,0.4725,2.0414
25.1716,0.4728,2.0396
25.1718,0.5295,2.2789
25.1720,0.6151,2.6486
25.1722,0.6538,2.8154
25.1724,0.6433,2.7712
25.1726,0.6002,2.5822
25.1728,0.6228,2.6866
25.1730,0.5518,2.3793
25.1732,0.5439,2.3419
25.1734,0.5946,2.5603
25.1736,0.6176,2.6607
25.1738,0.5534,2.3872
25.1740,0.5399,2.3292
25.1742,0.5367,2.3142
25.1744,0.5349,2.3054
25.1746,0.5029,2.1734
25.1748,0.4293,1.8544
25.1750,0.5067,2.1839
25.1752,0.5842,2.5166
25.1754,0.5406,2.3334
25.1756,0.5272,2.2733
25.1758,0.523,2.2552
25.1760,0.5243,2.2609
25.1762,0.5322,2.294
25.1764,0.591,2.546
25.1766,0.6265,2.6952
25.1768,0.6061,2.6123
25.1770,0.5679,2.4497
25.1772,0.5168,2.2284
25.1774,0.5303,2.2847
25.1776,0.5429,2.3422
25.1778,0.5332,2.3003
25.1780,0.5201,2.2439
25.1782,0.5152,2.2185
25.1784,0.5737,2.4694
25.1786,0.6397,2.7468
25.1788,0.688,2.957
25.1790,0.7083,3.0498
25.1792,0.6551,2.8198
25.1794,0.6628,2.8488
25.1796,0.7156,3.0784
25.1798,0.7177,3.0877
25.1800,0.735,3.1576
25.1802,0.7521,3.2342
25.1804,0.7674,3.2951
25.1806,0.794,3.4078
25.1808,0.7852,3.3734
25.1810,0.7857,3.377
25.1812,0.8116,3.4851
25.1814,0.856,3.6739
25.1816,0.8857,3.798
25.1818,0.9277,3.9779
25.1820,0.9145,3.9195
25.1822,0.9397,4.0275
25.1824,0.9499,4.0711
25.1826,0.9879,4.238
25.1828,1.0111,4.3236
25.1830,1.0969,4.6902
25.1832,1.0985,4.704
25.1834,1.0894,4.6584
25.1836,1.0932,4.6787
25.1838,1.079,4.6203
25.1840,1.0198,4.3728
25.1842,0.931,4.0016
25.1844,0.8453,3.6281
25.1846,0.8782,3.7691
25.1848,0.8699,3.7318
25.1850,0.9197,3.9453
25.1852,0.9002,3.8638
25.1854,0.8976,3.8561
25.1856,0.8591,3.6924
25.1858,0.808,3.4729
25.1860,0.8241,3.5403
25.1862,0.8274,3.558
25.1864,0.8243,3.5364
25.1866,0.9321,3.9895
25.1868,1.0403,4.4586
25.1870,0.9911,4.2519
25.1872,0.9013,3.8774
25.1874,0.835,3.5855
25.1876,0.8631,3.7025
25.1878,0.9375,4.022
25.1880,0.9861,4.2224
25.1882,0.9677,4.1555
25.1884,0.8596,3.691
25.1886,0.8989,3.8617
25.1888,0.8233,3.5416
25.1890,0.8224,3.5364
25.1892,0.8705,3.7449
25.1894,0.7828,3.3678
25.1896,0.7716,3.3193
25.1898,0.7217,3.1076
25.1900,0.6647,2.8664
25.1902,0.6379,2.7505
25.1904,0.6354,2.7346
25.1906,0.7174,3.089
25.1908,0.6667,2.8733
25.1910,0.6788,2.9187
25.1912,0.8007,3.4382
25.1914,0.8026,3.4529
25.1916,0.7634,3.2873
25.1918,0.7477,3.2211
25.1920,0.6496,2.7986
25.1922,0.6488,2.7963
25.1924,0.6362,2.7433
25.1926,0.6621,2.847
25.1928,0.7324,3.155
25.1930,0.6608,2.8467
25.1932,0.6627,2.8562
25.1934,0.6777,2.9195
25.1936,0.658,2.8348
25.1938,0.6421,2.7661
25.1940,0.7063,3.0359
25.1942,0.7405,3.1916
25.1944,0.6057,2.6084
25.1946,0.6066,2.6168
25.1948,0.6308,2.7188
25.1950,0.6758,2.9099
25.1952,0.6725,2.8959
25.1954,0.6706,2.8904
25.1956,0.6604,2.8451
25.1958,0.6424,2.7676
25.1960,0.6524,2.8066
25.1962,0.7233,3.11
25.1964,0.7254,3.1251
25.1966,0.723,3.1133
25.1968,0.7415,3.1913
25.1970,0.6958,2.9947
25.1972,0.6586,2.8347
25.1974,0.7292,3.1372
25.1976,0.7917,3.4028
25.1978,0.8471,3.6358
25.1980,0.8212,3.5296
25.1982,0.8762,3.7644
25.1984,0.8875,3.8092
25.1986,0.8867,3.8074
25.1988,0.8543,3.6718
25.1990,0.8567,3.6753
25.1992,0.956,4.1012
25.1994,0.9562,4.1041
25.1996,0.9613,4.1238
25.1998,0.9957,4.2754
25.2000,0.9715,4.1636
25.2002,1.0056,4.3101
25.2004,0.9909,4.2568
25.2006,0.9629,4.1329
25.2008,0.9102,3.9138
25.2010,0.8367,3.5944
25.2012,0.9059,3.8988
25.2014,0.8091,3.4824
25.2016,0.792,3.4054
25.2018,0.7922,3.408
25.2020,0.8084,3.4761
25.2022,0.8156,3.507
25.2024,0.8282,3.5595
25.2026,0.7971,3.4308
25.2028,0.7484,3.2198
25.2030,0.823,3.5439
25.2032,0.7464,3.2125
25.2034,0.7243,3.119
25.2036,0.7068,3.045
25.2038,0.7161,3.0848
25.2040,0.7107,3.0587
25.2042,0.6911,2.976
25.2044,0.7314,3.148
25.2046,0.7122,3.0711
25.2048,0.6724,2.8968
25.2050,0.7325,3.1497
25.2052,0.7751,3.3374
25.2054,0.7671,3.3033
25.2056,0.755,3.2496
25.2058,0.7302,3.1443
25.2060,0.7245,3.1209
25.2062,0.7078,3.052
25.2064,0.6276,2.7073
25.2066,0.6556,2.8284
25.2068,0.6231,2.687
25.2070,0.638,2.746
25.2072,0.7074,3.0476
25.2074,0.6743,2.9037
25.2076,0.6936,2.9882
25.2078,0.6604,2.8491
25.2080,0.6414,2.7604
25.2082,0.7203,3.1
25.2084,0.7334,3.1597
25.2086,0.7045,3.0352
25.2088,0.6296,2.7149
25.2090,0.6078,2.6196
25.2092,0.6109,2.6342
25.2094,0.6117,2.6378
25.2096,0.6057,2.6108
25.2098,0.6077,2.6178
25.2100,0.6427,2.7725
25.2102,0.6355,2.7377
25.2104,0.6445,2.7777
25.2106,0.6043,2.607
25.2108,0.6031,2.6006
25.2110,0.6077,2.619
25.2112,0.6209,2.6771
25.2114,0.6369,2.749
25.2116,0.5915,2.5493
25.2118,0.611,2.6323
25.2120,0.6391,2.7557
25.2122,0.6225,2.6819
25.2124,0.6191,2.6681
25.2126,0.6049,2.6072
25.2128,0.6164,2.658
25.2130,0.6417,2.762
25.2132,0.7155,3.0836
25.2134,0.5945,2.5658
25.2136,0.537,2.3157
25.2138,0.5771,2.4838
25.2140,0.6153,2.6484
25.2142,0.7213,3.1003
25.2144,0.8512,3.6567
25.2146,0.7759,3.3425
25.2148,0.696,2.9943
25.2150,0.7567,3.2538
25.2152,0.7629,3.2761
25.2154,0.797,3.4287
25.2156,0.7914,3.3997
25.2158,0.9025,3.8645
25.2160,1.0417,4.4648
25.2162,1.0444,4.474
25.2164,1.0466,4.4838
25.2166,1.0525,4.511
25.2168,1.0429,4.4699
25.2170,1.0687,4.5783
25.2172,1.0462,4.4901
25.2174,0.9651,4.1383
25.2176,1.0423,4.4674
25.2178,1.0761,4.6123
25.2180,1.0241,4.3872
25.2182,1.0499,4.4934
25.2184,1.0791,4.6187
25.2186,1.0861,4.6549
25.2188,1.0526,4.5179
25.2190,1.0561,4.5222
25.2192,1.1144,4.7762
25.2194,1.0632,4.5525
25.2196,1.1127,4.7646
25.2198,1.0714,4.5922
25.2200,1.0411,4.4622
25.2202,1.04,4.468
25.2204,0.893,3.8436
25.2206,0.7687,3.31
25.2208,0.7615,3.2729
25.2210,0.8767,3.7699
25.2212,0.9,3.8682
25.2214,0.8741,3.7551
25.2216,0.8675,3.7302
25.2218,0.8692,3.7392
25.2220,0.8851,3.8025
25.2222,0.9097,3.9081
25.2224,0.8837,3.8051
25.2226,0.7343,3.1662
25.2228,0.6748,2.9071
25.2230,0.6631,2.8578
25.2232,0.6917,2.9799
25.2234,0.7711,3.325
25.2236,0.7215,3.1124
25.2238,0.6579,2.8369
25.2240,0.6227,2.6849
25.2242,0.6261,2.6986
25.2244,0.6288,2.71
25.2246,0.6216,2.6802
25.2248,0.6081,2.6235
25.2250,0.6434,2.7718
25.2252,0.6763,2.9187
25.2254,0.5887,2.5386
25.2256,0.5882,2.5365
25.2258,0.6388,2.7547
25.2260,0.6469,2.7906
25.2262,0.5766,2.491
25.2264,0.5048,2.1807
25.2266,0.4966,2.1455
25.2268,0.5415,2.3392
25.2270,0.5282,2.2806
25.2272,0.5071,2.1905
25.2274,0.5012,2.1631
25.2276,0.5874,2.5305
25.2278,0.6707,2.8895
25.2280,0.6291,2.7115
25.2282,0.6418,2.7663
25.2284,0.6421,2.7712
25.2286,0.5584,2.4133
25.2288,0.5037,2.175
25.2290,0.5283,2.2801
25.2292,0.5229,2.2589
25.2294,0.4384,1.8955
25.2296,0.4074,1.7617
25.2298,0.4145,1.7898
25.2300,0.4631,2.0014
25.2302,0.4592,1.9848
25.2304,0.4659,2.0119
25.2306,0.5319,2.2935
25.2308,0.5698,2.4557
25.2310,0.6017,2.5932
25.2312,0.637,2.7444
25.2314,0.5888,2.5414
25.2316,0.5559,2.3958
25.2318,0.5593,2.413
25.2320,0.5586,2.4099
25.2322,0.5579,2.4068
25.2324,0.5562,2.3985
25.2326,0.594,2.5589
25.2328,0.6404,2.7588
25.2330,0.6703,2.8834
25.2332,0.6533,2.8146
25.2334,0.5983,2.5811
25.2336,0.5629,2.4285
25.2338,0.5563,2.4001
25.2340,0.5481,2.3644
25.2342,0.5531,2.3861
25.2344,0.5945,2.5598
25.2346,0.641,2.7614
25.2348,0.5824,2.5123
25.2350,0.5405,2.3307
25.2352,0.5339,2.3044
25.2354,0.5261,2.2718
25.2356,0.5292,2.2842
25.2358,0.5231,2.2558
25.2360,0.5289,2.2785
25.2362,0.5364,2.311
25.2364,0.5703,2.4601
25.2366,0.5282,2.2785
25.2368,0.5428,2.3384
25.2370,0.618,2.661
25.2372,0.6209,2.6796
25.2374,0.5117,2.2077
25.2376,0.4685,2.0209
25.2378,0.4553,1.9631
25.2380,0.5103,2.2004
25.2382,0.4906,2.1156
25.2384,0.5632,2.4239
25.2386,0.6676,2.8748
25.2388,0.6466,2.7831
25.2390,0.6677,2.8713
25.2392,0.7089,3.0481
25.2394,0.7248,3.1196
25.2396,0.7306,3.1429
25.2398,0.6876,2.961
25.2400,0.6665,2.8675
25.2402,0.671,2.8906
25.2404,0.6014,2.5934
25.2406,0.5619,2.4216
25.2408,0.5928,2.5538
25.2410,0.6224,2.6801
25.2412,0.6761,2.9101
25.2414,0.6754,2.9056
25.2416,0.6772,2.9106
25.2418,0.7025,3.0236
25.2420,0.6936,2.9826
25.2422,0.7905,3.3976
25.2424,0.774,3.3265
25.2426,0.7429,3.1931
25.2428,0.7314,3.1509
25.2430,0.6189,2.6664
25.2432,0.6065,2.6127
25.2434,0.5974,2.5758
25.2436,0.5972,2.5729
25.2438,0.6254,2.6943
25.2440,0.5976,2.578
25.2442,0.5327,2.2982
25.2444,0.5018,2.1637
25.2446,0.4926,2.1249
25.2448,0.4944,2.1327
25.2450,0.494,2.1311
25.2452,0.4996,2.1564
25.2454,0.4819,2.0808
25.2456,0.4746,2.0492
25.2458,0.4781,2.0623
25.2460,0.4793,2.0675
25.2462,0.4861,2.097
25.2464,0.483,2.0835
25.2466,0.4803,2.0721
25.2468,0.489,2.1113
25.2470,0.492,2.1223
25.2472,0.5524,2.3786
25.2474,0.6566,2.822
25.2476,0.714,3.0703
25.2478,0.7125,3.0664
25.2480,0.7292,3.1343
25.2482,0.7483,3.2118
25.2484,0.7921,3.4012
25.2486,0.8057,3.4599
25.2488,0.8068,3.4629
25.2490,0.8296,3.5607
25.2492,0.8373,3.5986
25.2494,0.7899,3.3903
25.2496,0.831,3.5652
25.2498,0.8512,3.6533
25.2500,0.8392,3.6002
25.2502,0.9161,3.9244
25.2504,0.9683,4.1483
25.2506,0.9381,4.0208
25.2508,0.9732,4.1713
25.2510,0.984,4.2156
25.2512,0.983,4.2169
25.2514,0.9227,3.9563
25.2516,0.874,3.7528
25.2518,0.8445,3.6279
25.2520,0.8279,3.5584
25.2522,0.8282,3.5578
25.2524,0.8489,3.6418
25.2526,0.8938,3.8342
25.2528,0.9332,4.0034
25.2530,0.9101,3.9096
25.2532,0.8964,3.8455
25.2534,0.8862,3.8071
25.2536,0.8237,3.5404
25.2538,0.7899,3.3982
25.2540,0.7873,3.3806
25.2542,0.8229,3.5302
25.2544,0.8849,3.7997
25.2546,0.8276,3.5552
25.2548,0.8579,3.6856
25.2550,0.8158,3.5064
25.2552,0.7567,3.2569
25.2554,0.7346,3.1604
25.2556,0.695,2.9911
25.2558,0.6842,2.9433
25.2560,0.6874,2.9558
25.2562,0.737,3.1752
25.2564,0.7163,3.0829
25.2566,0.7277,3.1349
25.2568,0.587,2.5302
25.2570,0.573,2.4708
25.2572,0.579,2.4978
25.2574,0.5771,2.4826
25.2576,0.7159,3.08
25.2578,0.715,3.0758
25.2580,0.7451,3.2083
25.2582,0.6915,2.9775
25.2584,0.674,2.9021
25.2586,0.6647,2.8637
25.2588,0.673,2.898
25.2590,0.6846,2.9426
25.2592,0.6903,2.971
25.2594,0.7235,3.1125
25.2596,0.7544,3.244
25.2598,0.7474,3.2151
25.2600,0.7501,3.227
25.2602,0.746,3.2094
25.2604,0.7328,3.1512
25.2606,0.6917,2.9758
25.2608,0.7218,3.1052
25.2610,0.7501,3.227
25.2612,0.6992,3.0092
25.2614,0.7015,3.0237
25.2616,0.6863,2.9512
25.2618,0.7156,3.0784
25.2620,0.6992,3.0092
25.2622,0.6802,2.9317
25.2624,0.6048,2.6054
25.2626,0.5644,2.4336
25.2628,0.578,2.4914
25.2630,0.5971,2.5748
25.2632,0.5977,2.5762
25.2634,0.5602,2.4178
25.2636,0.4942,2.1302
25.2638,0.5926,2.5527
25.2640,0.6117,2.6342
25.2642,0.6603,2.8419
25.2644,0.6468,2.7836
25.2646,0.6423,2.7671
25.2648,0.6459,2.7813
25.2650,0.6513,2.8032
25.2652,0.6496,2.7986
25.2654,0.6649,2.8616
25.2656,0.7045,3.0324
25.2658,0.7279,3.1272
25.2660,0.7957,3.4214
25.2662,0.6975,3.0061
25.2664,0.6206,2.6761
25.2666,0.6204,2.6713
25.2668,0.6396,2.7527
25.2670,0.6616,2.8516
25.2672,0.6191,2.6681
25.2674,0.6221,2.6748
25.2676,0.6966,2.9997
25.2678,0.65,2.8002
25.2680,0.6433,2.7674
25.2682,0.6904,2.9715
25.2684,0.7063,3.0415
25.2686,0.6408,2.7578
25.2688,0.6204,2.6701
25.2690,0.6176,2.6607
25.2692,0.6115,2.6356
25.2694,0.6139,2.6435
25.2696,0.6125,2.6397
25.2698,0.6026,2.5949
25.2700,0.6676,2.8734
25.2702,0.6471,2.7891
25.2704,0.5675,2.4471
25.2706,0.546,2.3534
25.2708,0.5763,2.4802
25.2710,0.6387,2.7503
25.2712,0.6448,2.778
25.2714,0.6432,2.7682
25.2716,0.6849,2.9491
25.2718,0.6761,2.9101
25.2720,0.6992,3.0078
25.2722,0.7167,3.0802
25.2724,0.7191,3.0963
25.2726,0.6581,2.8379
25.2728,0.5748,2.4763
25.2730,0.5643,2.4342
25.2732,0.5568,2.401
25.2734,0.5489,2.368
25.2736,0.551,2.3746
25.2738,0.552,2.377
25.2740,0.588,2.5308
25.2742,0.6839,2.9381
25.2744,0.8131,3.501
25.2746,0.6957,2.997
25.2748,0.5873,2.5324
25.2750,0.549,2.3663
25.2752,0.5854,2.5206
25.2754,0.6338,2.7292
25.2756,0.6008,2.5884
25.2758,0.5888,2.5344
25.2760,0.6179,2.663
25.2762,0.5856,2.524
25.2764,0.6079,2.6116
25.2766,0.7036,3.0268
25.2768,0.6959,2.9952
25.2770,0.6739,2.8962
25.2772,0.6921,2.9801
25.2774,0.6089,2.623
25.2776,0.5941,2.5618
25.2778,0.5067,2.1849
25.2780,0.5051,2.1802
25.2782,0.542,2.3348
25.2784,0.652,2.805
25.2786,0.6569,2.8288
25.2788,0.6424,2.7612
25.2790,0.6763,2.9119
25.2792,0.6224,2.6801
25.2794,0.6206,2.6699
25.2796,0.6723,2.8949
25.2798,0.6452,2.7795
25.2800,0.6409,2.7583
25.2802,0.6304,2.7134
25.2804,0.6338,2.7254
25.2806,0.7057,3.0333
25.2808,0.7886,3.3847
25.2810,0.8707,3.7372
25.2812,0.8249,3.5455
25.2814,0.8206,3.5237
25.2816,0.8511,3.6562
25.2818,0.8211,3.5258
25.2820,0.7998,3.4341
25.2822,0.8488,3.6447
25.2824,0.8566,3.6747
25.2826,0.9078,3.8944
25.2828,0.9604,4.1164
25.2830,0.9839,4.2171
25.2832,0.981,4.2008
25.2834,0.9753,4.1781
25.2836,0.9593,4.1098
25.2838,0.9765,4.1852
25.2840,0.9878,4.2375
25.2842,0.9384,4.0199
25.2844,0.9778,4.1909
25.2846,0.999,4.2838
25.2848,0.9821,4.2113
25.2850,0.9482,4.0696
25.2852,0.8272,3.5538
25.2854,0.8231,3.5395
25.2856,0.8231,3.5379
25.2858,0.8483,3.6393
25.2860,0.899,3.8587
25.2862,0.861,3.7007
25.2864,0.7649,3.2905
25.2866,0.7303,3.1419
25.2868,0.7644,3.2869
25.2870,0.7325,3.1541
25.2872,0.7281,3.1365
25.2874,0.6751,2.9082
25.2876,0.6223,2.6834
25.2878,0.6233,2.685
25.2880,0.6361,2.7403
25.2882,0.6502,2.8052
25.2884,0.5971,2.5724
25.2886,0.6488,2.7938
25.2888,0.6209,2.6772
25.2890,0.5821,2.5102
25.2892,0.5663,2.4397
25.2894,0.6495,2.7943
25.2896,0.7381,3.1725
25.2898,0.7487,3.2223
25.2900,0.679,2.9279
25.2902,0.607,2.616
25.2904,0.6215,2.676
25.2906,0.6415,2.7635
25.2908,0.6475,2.7894
25.2910,0.6754,2.9057
25.2912,0.7213,3.1061
25.2914,0.5952,2.5677
25.2916,0.5107,2.2051
25.2918,0.4891,2.1099
25.2920,0.5297,2.2832
25.2922,0.5415,2.3371
25.2924,0.4987,2.1513
25.2926,0.5019,2.1653
25.2928,0.4823,2.0824
25.2930,0.4914,2.1208
25.2932,0.4934,2.1286
25.2934,0.5283,2.2791
25.2936,0.5224,2.2537
25.2938,0.542,2.337
25.2940,0.5189,2.2408
25.2942,0.4355,1.8813
25.2944,0.459,1.9819
25.2946,0.4612,1.9903
25.2948,0.4582,1.9783
25.2950,0.4589,1.9814
25.2952,0.4564,1.9706
25.2954,0.4568,1.9717
25.2956,0.4526,1.9536
25.2958,0.4654,2.0085
25.2960,0.4793,2.0675
25.2962,0.5125,2.2108
25.2964,0.4956,2.1369
25.2966,0.4982,2.1453
25.2968,0.5489,2.3659
25.2970,0.5401,2.3287
25.2972,0.546,2.3535
25.2974,0.6068,2.613
25.2976,0.5845,2.5182
25.2978,0.6124,2.6368
25.2980,0.6483,2.7904
25.2982,0.652,2.8038
25.2984,0.7233,3.1086
25.2986,0.7642,3.2874
25.2988,0.6908,2.9731
25.2990,0.6764,2.9071
25.2992,0.7717,3.3199
25.2994,0.7579,3.256
25.2996,0.7923,3.3991
25.2998,0.8706,3.7367
25.3000,0.8097,3.4802
25.3002,0.7421,3.188
25.3004,0.7914,3.4029
25.3006,0.7654,3.288
25.3008,0.8012,3.4372
25.3010,0.8668,3.7255
25.3012,0.7835,3.3704
25.3014,0.6948,2.9906
25.3016,0.6472,2.787
25.3018,0.6508,2.8012
25.3020,0.6416,2.7628
25.3022,0.6921,2.9746
25.3024,0.7301,3.1424
25.3026,0.6308,2.7201
25.3028,0.5446,2.3494
25.3030,0.5037,2.171
25.3032,0.5405,2.3297
25.3034,0.5767,2.4892
25.3036,0.4856,2.0969
25.3038,0.4668,2.0156
25.3040,0.4677,2.0169
25.3042,0.4758,2.0535
25.3044,0.4797,2.0696
25.3046,0.5186,2.2341
25.3048,0.5614,2.4174
25.3050,0.6038,2.6038
25.3052,0.5719,2.4662
25.3054,0.5139,2.216
25.3056,0.5462,2.3529
25.3058,0.5616,2.4218
25.3060,0.5066,2.1834
25.3062,0.5042,2.1701
25.3064,0.5827,2.5128
25.3066,0.5519,2.3788
25.3068,0.5802,2.4973
25.3070,0.6624,2.8468
25.3072,0.7053,3.0355
25.3074,0.6694,2.8839
25.3076,0.6183,2.6614
25.3078,0.6001,2.5829
25.3080,0.616,2.656
25.3082,0.5118,2.2077
25.3084,0.4907,2.1157
25.3086,0.4887,2.1074
25.3088,0.4871,2.1021
25.3090,0.486,2.0965
25.3092,0.4824,2.08
25.3094,0.4883,2.1073
25.3096,0.5113,2.2026
25.3098,0.5351,2.3064
25.3100,0.4881,2.1048
25.3102,0.483,2.0826
25.3104,0.4805,2.0737
25.3106,0.4848,2.0903
25.3108,0.4843,2.0873
25.3110,0.4848,2.0903
25.3112,0.4795,2.0676
25.3114,0.5183,2.233
25.3116,0.5865,2.5253
25.3118,0.5661,2.4386
25.3120,0.4965,2.142
25.3122,0.4797,2.0696
25.3124,0.482,2.0775
25.3126,0.5062,2.1829
25.3128,0.4917,2.1213
25.3130,0.4878,2.1033
25.3132,0.5222,2.2444
25.3134,0.6369,2.7401
25.3136,0.6666,2.8635
25.3138,0.744,3.1948
25.3140,0.7169,3.0798
25.3142,0.709,3.0487
25.3144,0.7168,3.0808
25.3146,0.7775,3.34
25.3148,0.736,3.1603
25.3150,0.7631,3.2736
25.3152,0.8218,3.5256
25.3154,0.8584,3.6774
25.3156,0.9867,4.2231
25.3158,0.9657,4.1429
25.3160,0.8998,3.86
25.3162,0.8861,3.7978
25.3164,0.8914,3.8222
25.3166,0.9299,3.9817
25.3168,0.9622,4.1241
25.3170,0.9327,3.994
25.3172,0.9585,4.1121
25.3174,0.8984,3.8507
25.3176,0.9741,4.1711
25.3178,1.0072,4.3148
25.3180,0.9752,4.1797
25.3182,0.9664,4.1383
25.3184,1.0023,4.2918
25.3186,0.9684,4.1523
25.3188,0.9547,4.0937
25.3190,0.9613,4.122
25.3192,0.9227,3.9582
25.3194,0.8592,3.6896
25.3196,0.8403,3.6065
25.3198,0.8662,3.7177
25.3200,0.8386,3.601
25.3202,0.8161,3.5091
25.3204,0.8284,3.5589
25.3206,0.8261,3.5458
25.3208,0.8082,3.467
25.3210,0.8531,3.6599
25.3212,0.8642,3.7107
25.3214,0.8535,3.6631
25.3216,0.8655,3.7163
25.3218,0.8501,3.6504
25.3220,0.7596,3.2708
25.3222,0.7136,3.0697
25.3224,0.75,3.222
25.3226,0.7662,3.2916
25.3228,0.7751,3.3328
25.3230,0.7606,3.2719
25.3232,0.7413,3.1903
25.3234,0.7106,3.0625
25.3236,0.6526,2.8116
25.3238,0.6445,2.7752
25.3240,0.6584,2.8364
25.3242,0.6538,2.8154
25.3244,0.588,2.532
25.3246,0.585,2.5214
25.3248,0.5819,2.5091
25.3250,0.5795,2.4953
25.3252,0.652,2.8077
25.3254,0.6686,2.8776
25.3256,0.6903,2.9669
25.3258,0.7404,3.1853
25.3260,0.686,2.9552
25.3262,0.655,2.8206
25.3264,0.6608,2.8441
25.3266,0.6589,2.8358
25.3268,0.6685,2.8758
25.3270,0.6648,2.8638
25.3272,0.5739,2.4779
25.3274,0.5006,2.1596
25.3276,0.4825,2.0825
25.3278,0.5031,2.1705
25.3280,0.5363,2.3127
25.3282,0.5309,2.2894
25.3284,0.5295,2.2843
25.3286,0.5301,2.2847
25.3288,0.5271,2.2729
25.3290,0.526,2.2693
25.3292,0.5277,2.2733
25.3294,0.5318,2.2909
25.3296,0.5795,2.493
25.3298,0.712,3.0659
25.3300,0.6745,2.9015
25.3302,0.7,3.0086
25.3304,0.7313,3.1475
25.3306,0.6697,2.8809
25.3308,0.6426,2.7656
25.3310,0.6468,2.7837
25.3312,0.6574,2.8283
25.3314,0.7227,3.1089
25.3316,0.7618,3.2725
25.3318,0.7667,3.2952
25.3320,0.6769,2.9159
25.3322,0.6434,2.7692
25.3324,0.6705,2.8859
25.3326,0.6496,2.7961
25.3328,0.6404,2.7602
25.3330,0.6233,2.6863
25.3332,0.6143,2.6463
25.3334,0.6778,2.9119
25.3336,0.7829,3.36
25.3338,0.746,3.214
25.3340,0.6287,2.7083
25.3342,0.6152,2.6492
25.3344,0.621,2.6752
25.3346,0.6296,2.7124
25.3348,0.6279,2.7014
25.3350,0.6544,2.8193
25.3352,0.6217,2.6758
25.3354,0.6236,2.6841
25.3356,0.6366,2.7373
25.3358,0.6678,2.878
25.3360,0.558,2.4063
25.3362,0.5367,2.3153
25.3364,0.5425,2.339
25.3366,0.5342,2.3023
25.3368,0.5603,2.4116
25.3370,0.6125,2.6398
25.3372,0.5488,2.3653
25.3374,0.5628,2.4247
25.3376,0.6249,2.6885
25.3378,0.7351,3.1567
25.3380,0.7869,3.3807
25.3382,0.8601,3.6932
25.3384,0.8157,3.5027
25.3386,0.7636,3.2818
25.3388,0.7368,3.1668
25.3390,0.7478,3.2113
25.3392,0.7543,3.2421
25.3394,0.7695,3.3106
25.3396,0.7837,3.3683
25.3398,0.7628,3.2787
25.3400,0.7761,3.3374
25.3402,0.7865,3.3755
25.3404,0.8326,3.5769
25.3406,0.8432,3.6239
25.3408,0.7156,3.077
25.3410,0.6596,2.8402
25.3412,0.7132,3.0682
25.3414,0.7553,3.2492
25.3416,0.6626,2.8558
25.3418,0.6042,2.6029
25.3420,0.6546,2.8172
25.3422,0.6375,2.7452
25.3424,0.6487,2.7971
25.3426,0.5359,2.3128
25.3428,0.4948,2.1358
25.3430,0.4969,2.1456
25.3432,0.4956,2.1379
25.3434,0.4969,2.1426
25.3436,0.5683,2.4484
25.3438,0.5418,2.3375
25.3440,0.4899,2.1126
25.3442,0.4911,2.1207
25.3444,0.4865,2.0986
25.3446,0.4962,2.1415
25.3448,0.5018,2.1658
25.3450,0.498,2.1482
25.3452,0.4964,2.1415
25.3454,0.4998,2.156
25.3456,0.498,2.1462
25.3458,0.4971,2.1436
25.3460,0.4969,2.1436
25.3462,0.5398,2.3255
25.3464,0.6068,2.6118
25.3466,0.6464,2.7834
25.3468,0.62,2.6686
25.3470,0.6619,2.8434
25.3472,0.721,3.1017
25.3474,0.7048,3.0292
25.3476,0.7142,3.0709
25.3478,0.7261,3.121
25.3480,0.773,3.3209
25.3482,0.8324,3.5709
25.3484,0.8255,3.5482
25.3486,0.7673,3.2977
25.3488,0.7883,3.3832
25.3490,0.8548,3.6654
25.3492,0.9086,3.8962
25.3494,0.9526,4.0811
25.3496,0.9574,4.1036
25.3498,0.9729,4.1699
25.3500,0.9854,4.2233
25.3502,0.9307,3.989
25.3504,0.9703,4.1605
25.3506,0.9708,4.1606
25.3508,0.9763,4.1843
25.3510,0.9596,4.1167
25.3512,0.9297,3.9867
25.3514,0.9245,3.9641
25.3516,0.9254,3.9682
25.3518,0.9655,4.14
25.3520,0.974,4.1745
25.3522,0.935,4.015
25.3524,0.8978,3.8554
25.3526,0.8839,3.7956
25.3528,0.8448,3.6312
25.3530,0.8291,3.5587
25.3532,0.801,3.4425
25.3534,0.7645,3.2874
25.3536,0.7773,3.3395
25.3538,0.8311,3.5686
25.3540,0.7919,3.4097
25.3542,0.7357,3.1607
25.3544,0.7933,3.4096
25.3546,0.7222,3.1112
25.3548,0.6508,2.8025
25.3550,0.6722,2.8971
25.3552,0.642,2.7656
25.3554,0.6189,2.6689
25.3556,0.5717,2.4618
25.3558,0.6242,2.6917
25.3560,0.6489,2.7956
25.3562,0.6893,2.9683
25.3564,0.6873,2.9581
25.3566,0.6538,2.8181
25.3568,0.6145,2.6498
25.3570,0.561,2.4192
25.3572,0.5576,2.402
25.3574,0.6031,2.5982
25.3576,0.6645,2.8601
25.3578,0.6657,2.8652
25.3580,0.7134,3.0692
25.3582,0.7437,3.2007
25.3584,0.6833,2.9411
25.3586,0.645,2.7734
25.3588,0.6535,2.8165
25.3590,0.6102,2.6312
25.3592,0.6085,2.6215
25.3594,0.5947,2.5621
25.3596,0.6083,2.6205
25.3598,0.6157,2.6525
25.3600,0.594,2.5554
25.3602,0.651,2.8017
25.3604,0.6731,2.8959
25.3606,0.6633,2.8549
25.3608,0.6567,2.8278
25.3610,0.65,2.8002
25.3612,0.6197,2.6695
25.3614,0.6042,2.6017
25.3616,0.5683,2.4496
25.3618,0.5609,2.4131
25.3620,0.6187,2.6629
25.3622,0.7019,3.0267
25.3624,0.5495,2.3739
25.3626,0.462,1.993
25.3628,0.5076,2.1896
25.3630,0.5469,2.3593
25.3632,0.56,2.4123
25.3634,0.5823,2.5107
25.3636,0.558,2.4051
25.3638,0.5534,2.3861
25.3640,0.5536,2.386
25.3642,0.5595,2.4113
25.3644,0.5598,2.414
25.3646,0.571,2.4598
25.3648,0.6166,2.6549
25.3650,0.6577,2.8267
25.3652,0.7222,3.1054
25.3654,0.7182,3.0913
25.3656,0.6484,2.7935
25.3658,0.649,2.7948
25.3660,0.6466,2.7845
25.3662,0.6523,2.8048
25.3664,0.7122,3.064
25.3666,0.6608,2.8427
25.3668,0.6254,2.6931
25.3670,0.6139,2.6472
25.3672,0.5478,2.3601
25.3674,0.5492,2.368
25.3676,0.5362,2.3132
25.3678,0.55,2.3716
25.3680,0.5928,2.5538
25.3682,0.6162,2.6509
25.3684,0.6255,2.6923
25.3686,0.6308,2.7138
25.3688,0.6349,2.7339
25.3690,0.6074,2.6168
25.3692,0.6173,2.6567
25.3694,0.6831,2.9373
25.3696,0.6595,2.8423
25.3698,0.5796,2.4982
25.3700,0.604,2.597
25.3702,0.6895,2.9633
25.3704,0.7094,3.0559
25.3706,0.6312,2.7166
25.3708,0.4815,2.0783
25.3710,0.5341,2.2996
25.3712,0.5795,2.4976
25.3714,0.5925,2.5475
25.3716,0.6211,2.6745
25.3718,0.5952,2.5653
25.3720,0.5188,2.2382
25.3722,0.5198,2.2403
25.3724,0.5414,2.3344
25.3726,0.5061,2.1824
25.3728,0.5293,2.2811
25.3730,0.5956,2.5633
25.3732,0.6733,2.8937
25.3734,0.7139,3.0713
25.3736,0.6957,2.9942
25.3738,0.6739,2.9017
25.3740,0.6047,2.605
25.3742,0.6016,2.5927
25.3744,0.5839,2.5179
25.3746,0.5094,2.1974
25.3748,0.489,2.1094
25.3750,0.5046,2.1757
25.3752,0.5096,2.1974
25.3754,0.5062,2.1829
25.3756,0.5016,2.1627
25.3758,0.5307,2.2905
25.3760,0.5043,2.1756
25.3762,0.5073,2.1865
25.3764,0.5374,2.3141
25.3766,0.5582,2.4079
25.3768,0.4889,2.1099
25.3770,0.4796,2.0672
25.3772,0.4964,2.1385
25.3774,0.5459,2.3529
25.3776,0.5761,2.4797
25.3778,0.6321,2.7207
25.3780,0.6186,2.6612
25.3782,0.6219,2.6744
25.3784,0.6643,2.8564
25.3786,0.6938,2.9818
25.3788,0.6737,2.8931
25.3790,0.7615,3.276
25.3792,0.6781,2.917
25.3794,0.6243,2.6884
25.3796,0.5976,2.5709
25.3798,0.6396,2.7502
25.3800,0.7444,3.1948
25.3802,0.8195,3.5208
25.3804,0.7652,3.2905
25.3806,0.7746,3.3261
25.3808,0.8355,3.5843
25.3810,0.8675,3.7199
25.3812,0.8507,3.6547
25.3814,0.824,3.5349
25.3816,0.8463,3.6289
25.3818,0.8522,3.6541
25.3820,0.8969,3.8477
25.3822,0.8297,3.5662
25.3824,0.7976,3.4233
25.3826,0.842,3.6171
25.3828,0.8206,3.5221
25.3830,0.8258,3.5443
25.3832,0.8184,3.5091
25.3834,0.8964,3.8474
25.3836,0.8589,3.6915
25.3838,0.8211,3.5275
25.3840,0.8144,3.497
25.3842,0.8205,3.5233
25.3844,0.8024,3.4455
25.3846,0.8178,3.5082
25.3848,0.8197,3.5213
25.3850,0.8231,3.5346
25.3852,0.8164,3.509
25.3854,0.7428,3.1926
25.3856,0.8018,3.4462
25.3858,0.7797,3.3513
25.3860,0.7645,3.2828
25.3862,0.8148,3.5018
25.3864,0.8278,3.5563
25.3866,0.8673,3.7275
25.3868,0.7719,3.324
25.3870,0.6898,2.9676
25.3872,0.6988,3.0063
25.3874,0.6794,2.9227
25.3876,0.6805,2.9273
25.3878,0.6935,2.985
25.3880,0.6998,3.009
25.3882,0.6902,2.9705
25.3884,0.6932,2.982
25.3886,0.7043,3.0314
25.3888,0.7413,3.1889
25.3890,0.7295,3.1354
25.3892,0.8018,3.4478
25.3894,0.7235,3.1125
25.3896,0.6742,2.9019
25.3898,0.7025,3.0237
25.3900,0.7209,3.0997
25.3902,0.721,3.106
25.3904,0.645,2.7785
25.3906,0.6571,2.8281
25.3908,0.655,2.8154
25.3910,0.6946,2.9896
25.3912,0.6748,2.9031
25.3914,0.6796,2.9278
25.3916,0.6318,2.7242
25.3918,0.5815,2.5041
25.3920,0.6405,2.7581
25.3922,0.6247,2.69
25.3924,0.6801,2.9285
25.3926,0.6462,2.7824
25.3928,0.5832,2.5125
25.3930,0.5803,2.4989
25.3932,0.6721,2.8926
25.3934,0.7008,3.0206
25.3936,0.5887,2.5363
25.3938,0.5688,2.4517
25.3940,0.5604,2.4166
25.3942,0.5638,2.4277
25.3944,0.5669,2.4411
25.3946,0.5781,2.4891
25.3948,0.6344,2.7369
25.3950,0.5187,2.2377
25.3952,0.4972,2.1441
25.3954,0.4964,2.1425
25.3956,0.5794,2.4925
25.3958,0.6783,2.9181
25.3960,0.6615,2.8472
25.3962,0.6589,2.8332
25.3964,0.6789,2.9234
25.3966,0.6643,2.859
25.3968,0.6667,2.868
25.3970,0.6595,2.8384
25.3972,0.695,2.9898
25.3974,0.7084,3.0447
25.3976,0.7228,3.1036
25.3978,0.7962,3.4187
25.3980,0.8305,3.566
25.3982,0.8251,3.5445
25.3984,0.8038,3.4565
25.3986,0.81,3.478
25.3988,0.8434,3.6182
25.3990,0.8423,3.622
25.3992,0.7832,3.3647
25.3994,0.8112,3.4831
25.3996,0.766,3.289
25.3998,0.8018,3.4462
25.4000,0.777,3.341
25.4002,0.7598,3.2673
25.4004,0.7621,3.2741
25.4006,0.7609,3.2719
25.4008,0.7612,3.2714
25.4010,0.8077,3.4682
25.4012,0.8145,3.4975
25.4014,0.7853,3.375
25.4016,0.8289,3.561
25.4018,0.8086,3.4788
25.4020,0.6556,2.8258
25.4022,0.5621,2.425
25.4024,0.5895,2.5417
25.4026,0.5656,2.4377
25.4028,0.5562,2.3985
25.4030,0.589,2.5361
25.4032,0.7083,3.0513
25.4034,0.6333,2.731
25.4036,0.5546,2.3913
25.4038,0.5469,2.3582
25.4040,0.5546,2.389
25.4042,0.6249,2.6885
25.4044,0.6754,2.9043
25.4046,0.6909,2.9722
25.4048,0.7331,3.1553
25.4050,0.6386,2.7524
25.4052,0.5619,2.4228
25.4054,0.566,2.4392
25.4056,0.5656,2.4366
25.4058,0.5672,2.4433
25.4060,0.6017,2.5884
25.4062,0.6693,2.882
25.4064,0.7359,3.1627
25.4066,0.7416,3.1889
25.4068,0.7054,3.036
25.4070,0.7044,3.0291
25.4072,0.7583,3.2591
25.4074,0.6855,2.9545
25.4076,0.5868,2.528
25.4078,0.6307,2.7158
25.4080,0.6757,2.9094
25.4082,0.6983,3.007
25.4084,0.6415,2.7623
25.4086,0.6083,2.6217
25.4088,0.5915,2.5481
25.4090,0.5908,2.5462
25.4092,0.5564,2.399
25.4094,0.4912,2.1193
25.4096,0.4813,2.0763
25.4098,0.4848,2.0933
25.4100,0.4871,2.1031
25.4102,0.4847,2.0908
25.4104,0.477,2.0587
25.4106,0.4796,2.0691
25.4108,0.5186,2.2362
25.4110,0.5642,2.4315
25.4112,0.5046,2.1757
25.4114,0.4819,2.0799
25.4116,0.4807,2.0757
25.4118,0.4896,2.111
25.4120,0.5156,2.2222
25.4122,0.5249,2.2615
25.4124,0.5904,2.5423
25.4126,0.63,2.7152
25.4128,0.5833,2.5142
25.4130,0.553,2.3812
25.4132,0.6318,2.7217
25.4134,0.6089,2.6243
25.4136,0.571,2.4575
25.4138,0.6221,2.6736
25.4140,0.7277,3.1306
25.4142,0.7269,3.1255
25.4144,0.7031,3.022
25.4146,0.7441,3.1938
25.4148,0.7927,3.4038
25.4150,0.8215,3.5208
25.4152,0.9779,4.1895
25.4154,0.9805,4.1983
25.4156,0.9879,4.2302
25.4158,0.9982,4.2743
25.4160,0.9916,4.2501
25.4162,0.9788,4.1951
25.4164,0.9827,4.214
25.4166,0.9283,3.9769
25.4168,0.9737,4.1696
25.4170,1.0119,4.3329
25.4172,1.0108,4.3343
25.4174,0.9481,4.0654
25.4176,0.8955,3.8379
25.4178,0.9361,4.0159
25.4180,0.9331,4.0086
25.4182,0.9054,3.8824
25.4184,0.9113,3.9112
25.4186,0.9266,3.9789
25.4188,0.911,3.9084
25.4190,0.8971,3.8487
25.4192,0.895,3.8394
25.4194,0.8899,3.8249
25.4196,0.7835,3.3736
25.4198,0.668,2.879
25.4200,0.6163,2.6514
25.4202,0.6945,2.9891
25.4204,0.729,3.1333
25.4206,0.7796,3.3477
25.4208,0.7914,3.4013
25.4210,0.8184,3.5173
25.4212,0.7992,3.4364
25.4214,0.7197,3.096
25.4216,0.7608,3.2745
25.4218,0.6579,2.8369
25.4220,0.5584,2.4067
25.4222,0.606,2.6094
25.4224,0.6663,2.8705
25.4226,0.6884,2.9614
25.4228,0.7869,3.3854
25.4230,0.7425,3.2014
25.4232,0.6042,2.6041
25.4234,0.6276,2.6999
25.4236,0.6739,2.9017
25.4238,0.7018,3.0234
25.4240,0.6205,2.6756
25.4242,0.5763,2.4837
25.4244,0.5767,2.4892
25.4246,0.5271,2.2771
25.4248,0.4932,2.1285
25.4250,0.4851,2.0938
25.4252,0.5098,2.1953
25.4254,0.5697,2.4519
25.4256,0.5945,2.5587
25.4258,0.6044,2.6051
25.4260,0.5583,2.4084
25.4262,0.5054,2.1813
25.4264,0.4986,2.1508
25.4266,0.4962,2.1405
25.4268,0.5094,2.1963
25.4270,0.5088,2.1938
25.4272,0.5058,2.1818
25.4274,0.4911,2.1197
25.4276,0.4765,2.0575
25.4278,0.494,2.1312
25.4280,0.4926,2.124
25.4282,0.526,2.2703
25.4284,0.521,2.2475
25.4286,0.4827,2.0845
25.4288,0.4567,1.9703
25.4290,0.5161,2.2253
25.4292,0.5657,2.4371
25.4294,0.5606,2.416
25.4296,0.5578,2.4052
25.4298,0.5634,2.4306
25.4300,0.5637,2.4283
25.4302,0.5634,2.4284
25.4304,0.5606,2.4149
25.4306,0.573,2.4674
25.4308,0.6421,2.761
25.4310,0.6556,2.8206
25.4312,0.7218,3.1053
25.4314,0.6867,2.9569
25.4316,0.5892,2.5383
25.4318,0.5529,2.3829
25.4320,0.5544,2.3874
25.4322,0.5448,2.3472
25.4324,0.5396,2.3245
25.4326,0.5355,2.3058
25.4328,0.624,2.6881
25.4330,0.6402,2.7553
25.4332,0.6474,2.7902
25.4334,0.5511,2.3763
25.4336,0.5356,2.3096
25.4338,0.5377,2.3173
25.4340,0.5383,2.3177
25.4342,0.5401,2.3298
25.4344,0.5306,2.2889
25.4346,0.5312,2.2883
25.4348,0.533,2.2971
25.4350,0.5264,2.2687
25.4352,0.6271,2.7041
25.4354,0.5462,2.3562
25.4356,0.4603,1.9867
25.4358,0.4679,2.0193
25.4360,0.4974,2.1446
25.4362,0.4821,2.079
25.4364,0.4753,2.0514
25.4366,0.4712,2.0338
25.4368,0.4775,2.0579
25.4370,0.4966,2.1376
25.4372,0.5482,2.3606
25.4374,0.6048,2.6006
25.4376,0.6751,2.9055
25.4378,0.6104,2.6273
25.4380,0.5945,2.5611
25.4382,0.629,2.706
25.4384,0.7068,3.0366
25.4386,0.7097,3.0489
25.4388,0.7378,3.168
25.4390,0.7965,3.4155
25.4392,0.8101,3.4769
25.4394,0.7767,3.3369
25.4396,0.7144,3.0747
25.4398,0.6498,2.7992
25.4400,0.6225,2.6782
25.4402,0.7011,3.0119
25.4404,0.7276,3.1242
25.4406,0.7597,3.2637
25.4408,0.7694,3.3024
25.4410,0.7697,3.3111
25.4412,0.7065,3.0365
25.4414,0.7392,3.1771
25.4416,0.7441,3.1998
25.4418,0.7055,3.038
25.4420,0.6562,2.8231
25.4422,0.6205,2.6707
25.4424,0.5701,2.4596
25.4426,0.5019,2.1633
25.4428,0.5193,2.2351
25.4430,0.5374,2.3163
25.4432,0.5535,2.3877
25.4434,0.4959,2.1404
25.4436,0.4785,2.0635
25.4438,0.4826,2.081
25.4440,0.4859,2.095
25.4442,0.4855,2.0944
25.4444,0.4856,2.094
25.4446,0.4793,2.0666
25.4448,0.4841,2.0892
25.4450,0.4818,2.0784
25.4452,0.4841,2.0853
25.4454,0.5297,2.28
25.4456,0.5968,2.5697
25.4458,0.5952,2.563
25.4460,0.597,2.5695
25.4462,0.616,2.6511
25.4464,0.5971,2.5724
25.4466,0.6148,2.6471
25.4468,0.6169,2.6552
25.4470,0.5951,2.5613
25.4472,0.6249,2.6848
25.4474,0.7294,3.132
25.4476,0.7693,3.3065
25.4478,0.718,3.0859
25.4480,0.7435,3.1927
25.4482,0.7832,3.3647
25.4484,0.8241,3.5338
25.4486,0.9607,4.1136
25.4488,0.9995,4.28
25.4490,0.9839,4.2113
25.4492,0.9773,4.1889
25.4494,0.9675,4.1429
25.4496,0.9934,4.2538
25.4498,0.9805,4.2042
25.4500,0.9354,4.0072
25.4502,0.9392,4.0255
25.4504,0.9019,3.8675
25.4506,0.913,3.9129
25.4508,0.9174,3.9375
25.4510,0.9317,3.9912
25.4512,0.9118,3.9133
25.4514,0.8252,3.5466
25.4516,0.7471,3.2112
25.4518,0.7633,3.2792
25.4520,0.7951,3.4157
25.4522,0.7765,3.3374
25.4524,0.7694,3.3101
25.4526,0.7307,3.1435
25.4528,0.7337,3.1564
25.4530,0.7097,3.056
25.4532,0.7064,3.0373
25.4534,0.7347,3.1605
25.4536,0.6927,2.98
25.4538,0.6723,2.8923
25.4540,0.7049,3.0298
25.4542,0.7632,3.2756
25.4544,0.8137,3.4972
25.4546,0.8054,3.4648
25.4548,0.7458,3.2055
25.4550,0.7377,3.1734
25.4552,0.6808,2.9302
25.4554,0.6272,2.6983
25.4556,0.68,2.9239
25.4558,0.7411,3.1854
25.4560,0.7648,3.2854
25.4562,0.783,3.3668
25.4564,0.7313,3.149
25.4566,0.6568,2.8297
25.4568,0.6366,2.7385
25.4570,0.6709,2.8861
25.4572,0.6532,2.8089
25.4574,0.6771,2.9143
25.4576,0.7366,3.1658
25.4578,0.777,3.341
25.4580,0.7321,3.1482
25.4582,0.7528,3.2399
25.4584,0.7247,3.1133
25.4586,0.7591,3.2627
25.4588,0.7059,3.0381
25.4590,0.6776,2.9177
25.4592,0.618,2.6635
25.4594,0.5778,2.4916
25.4596,0.5841,2.5149
25.4598,0.6661,2.8694
25.4600,0.6518,2.8093
25.4602,0.5693,2.4537
25.4604,0.5648,2.4318
25.4606,0.606,2.6058
25.4608,0.6655,2.8629
25.4610,0.67,2.8851
25.4612,0.6453,2.7788
25.4614,0.6399,2.7543
25.4616,0.6782,2.9189
25.4618,0.6956,2.9937
25.4620,0.6538,2.8141
25.4622,0.6468,2.7837
25.4624,0.6428,2.7692
25.4626,0.6391,2.7532
25.4628,0.643,2.7677
25.4630,0.6701,2.8816
25.4632,0.7192,3.094
25.4634,0.7284,3.1337
25.4636,0.7518,3.2282
25.4638,0.8277,3.5492
25.4640,0.8853,3.8031
25.4642,0.7898,3.3978
25.4644,0.7118,3.0648
25.4646,0.6324,2.723
25.4648,0.6264,2.6985
25.4650,0.6199,2.6706
25.4652,0.6207,2.6729
25.4654,0.6154,2.6497
25.4656,0.6178,2.6588
25.4658,0.6211,2.6757
25.4660,0.6258,2.6959
25.4662,0.6212,2.67
25.4664,0.758,3.2596
25.4666,0.7361,3.1637
25.4668,0.685,2.9497
25.4670,0.6398,2.7576
25.4672,0.6242,2.6879
25.4674,0.6209,2.6759
25.4676,0.6168,2.6584
25.4678,0.6201,2.6679
25.4680,0.6618,2.8508
25.4682,0.5589,2.4088
25.4684,0.5398,2.3266
25.4686,0.5396,2.3256
25.4688,0.5454,2.352
25.4690,0.5416,2.3376
25.4692,0.547,2.3565
25.4694,0.5423,2.3374
25.4696,0.5618,2.4167
25.4698,0.6897,2.9671
25.4700,0.7065,3.0435
25.4702,0.5956,2.5657
25.4704,0.553,2.3823
25.4706,0.5963,2.5664
25.4708,0.6745,2.9002
25.4710,0.6856,2.9523
25.4712,0.6504,2.8044
25.4714,0.5603,2.4127
25.4716,0.5909,2.5444
25.4718,0.6137,2.64
25.4720,0.674,2.9035
25.4722,0.6393,2.7504
25.4724,0.707,3.0413
25.4726,0.688,2.9585
25.4728,0.7186,3.0871
25.4730,0.8175,3.5071
25.4732,0.8379,3.5996
25.4734,0.7684,3.3024
25.4736,0.7277,3.132
25.4738,0.6742,2.9046
25.4740,0.6686,2.8763
25.4742,0.677,2.9124
25.4744,0.6655,2.8629
25.4746,0.6417,2.7646
25.4748,0.6008,2.592
25.4750,0.5152,2.2206
25.4752,0.496,2.139
25.4754,0.5276,2.277
25.4756,0.5019,2.1643
25.4758,0.4995,2.1549
25.4760,0.5078,2.1886
25.4762,0.5867,2.5263
25.4764,0.595,2.5667
25.4766,0.5181,2.2341
25.4768,0.5335,2.2971
25.4770,0.6044,2.6027
25.4772,0.6053,2.6112
25.4774,0.6044,2.6027
25.4776,0.626,2.6932
25.4778,0.6464,2.7821
25.4780,0.6541,2.8152
25.4782,0.6285,2.704
25.4784,0.6642,2.8572
25.4786,0.6475,2.7842
25.4788,0.6228,2.6855
25.4790,0.5741,2.4755
25.4792,0.5811,2.4997
25.4794,0.6384,2.745
25.4796,0.7078,3.0421
25.4798,0.7674,3.2967
25.4800,0.7915,3.4002
25.4802,0.7811,3.3523
25.4804,0.7802,3.3534
25.4806,0.8149,3.4991
25.4808,0.8234,3.5356
25.4810,0.7554,3.2467
25.4812,0.7712,3.3117
25.4814,0.8236,3.5317
25.4816,0.8811,3.7815
25.4818,0.8832,3.7961
25.4820,0.7919,3.4018
25.4822,0.8154,3.4979
25.4824,0.9323,3.9975
25.4826,0.9761,4.1838
25.4828,0.9964,4.2686
25.4830,0.985,4.2198
25.4832,0.9776,4.1899
25.4834,1.0074,4.3179
25.4836,0.9709,4.167
25.4838,0.8686,3.728
25.4840,0.8959,3.8453
25.4842,0.8843,3.7919
25.4844,0.8886,3.8139
25.4846,0.8337,3.5832
25.4848,0.7878,3.389
25.4850,0.7367,3.1678
25.4852,0.7648,3.2854
25.4854,0.7772,3.3452
25.4856,0.7201,3.0995
25.4858,0.6664,2.8683
25.4860,0.6558,2.8211
25.4862,0.6513,2.8046
25.4864,0.6513,2.8007
25.4866,0.6685,2.8798
25.4868,0.6024,2.5976
25.4870,0.6257,2.6954
25.4872,0.6173,2.6617
25.4874,0.6034,2.5981
25.4876,0.6311,2.7161
25.4878,0.646,2.7832
25.4880,0.6149,2.6513
25.4882,0.5869,2.5285
25.4884,0.6221,2.6786
25.4886,0.642,2.7656
25.4888,0.6119,2.6372
25.4890,0.5844,2.5165
25.4892,0.6013,2.5917
25.4894,0.5809,2.5038
25.4896,0.5823,2.5084
25.4898,0.5658,2.4421
25.4900,0.5128,2.2113
25.4902,0.5649,2.4357
25.4904,0.5801,2.4979
25.4906,0.5885,2.5341
25.4908,0.5624,2.4237
25.4910,0.5863,2.5259
25.4912,0.617,2.6569
25.4914,0.636,2.7398
25.4916,0.5878,2.5368
25.4918,0.5145,2.2175
25.4920,0.5651,2.4334
25.4922,0.6308,2.7138
25.4924,0.6686,2.8749
25.4926,0.663,2.8547
25.4928,0.5884,2.5359
25.4930,0.5227,2.2569
25.4932,0.4982,2.1503
25.4934,0.4992,2.1504
25.4936,0.5621,2.4227
25.4938,0.5631,2.4291
25.4940,0.5056,2.1813
25.4942,0.494,2.1302
25.4944,0.4898,2.1121
25.4946,0.5062,2.1839
25.4948,0.5421,2.3332
25.4950,0.6237,2.6871
25.4952,0.5561,2.398
25.4954,0.5355,2.3112
25.4956,0.5155,2.2237
25.4958,0.5253,2.263
25.4960,0.6116,2.6313
25.4962,0.6705,2.8872
25.4964,0.6938,2.9818
25.4966,0.758,3.2581
25.4968,0.749,3.2209
25.4970,0.7297,3.1379
25.4972,0.6934,2.9844
25.4974,0.6658,2.8631
25.4976,0.6703,2.8795
25.4978,0.7035,3.0236
25.4980,0.7423,3.192
25.4982,0.7078,3.0421
25.4984,0.7341,3.1579
25.4986,0.753,3.2349
25.4988,0.7679,3.3034
25.4990,0.7313,3.1431
25.4992,0.7558,3.2437
25.4994,0.8237,3.5372
25.4996,0.7839,3.3725
25.4998,0.6717,2.8883
25.5000,0.6877,2.9569
25.5002,0.7043,3.0314
25.5004,0.6764,2.9098
25.5006,0.6361,2.7416
25.5008,0.5902,2.5425
25.5010,0.6116,2.6349
25.5012,0.6132,2.6429
25.5014,0.559,2.4104
25.5016,0.4945,2.1322
25.5018,0.5199,2.246
25.5020,0.476,2.0536
25.5022,0.4717,2.0349
25.5024,0.4758,2.0525
25.5026,0.4735,2.0436
25.5028,0.4707,2.0299
25.5030,0.4723,2.0356
25.5032,0.5067,2.185
25.5034,0.4969,2.1436
25.5036,0.5066,2.1834
25.5038,0.5727,2.4648
25.5040,0.6161,2.6516
25.5042,0.6337,2.73
25.5044,0.524,2.2584
25.5046,0.4779,2.0637
25.5048,0.4776,2.0622
25.5050,0.5016,2.1587
25.5052,0.6236,2.6853
25.5054,0.65,2.7937
25.5056,0.6342,2.7333
25.5058,0.5426,2.3396
25.5060,0.5354,2.3064
25.5062,0.543,2.3405
25.5064,0.5421,2.3353
25.5066,0.5306,2.2879
25.5068,0.5435,2.3426
25.5070,0.5713,2.4602
25.5072,0.5946,2.558
25.5074,0.6219,2.6781
25.5076,0.5994,2.5798
25.5078,0.5968,2.5697
25.5080,0.6064,2.6122
25.5082,0.5999,2.5831
25.5084,0.5823,2.506
25.5086,0.6288,2.705
25.5088,0.6529,2.81
25.5090,0.5994,2.5798
25.5092,0.617,2.6557
25.5094,0.599,2.5783
25.5096,0.5842,2.512
25.5098,0.6707,2.8856
25.5100,0.6399,2.7555
25.5102,0.5687,2.4523
25.5104,0.4919,2.1228
25.5106,0.4848,2.0894
25.5108,0.4867,2.0967
25.5110,0.482,2.0756
25.5112,0.5122,2.2067
25.5114,0.5874,2.5294
25.5116,0.5954,2.5652
25.5118,0.5121,2.2072
25.5120,0.5177,2.2336
25.5122,0.5006,2.1566
25.5124,0.5512,2.3724
25.5126,0.5909,2.542
25.5128,0.6375,2.7427
25.5130,0.6191,2.662
25.5132,0.6891,2.9617
25.5134,0.7106,3.0525
25.5136,0.7359,3.1642
25.5138,0.7076,3.0411
25.5140,0.7535,3.2339
25.5142,0.7831,3.3611
25.5144,0.8229,3.5253
25.5146,0.9113,3.9094
25.5148,0.8612,3.6961
25.5150,0.8477,3.6334
25.5152,0.9052,3.8795
25.5154,0.961,4.1171
25.5156,0.966,4.1401
25.5158,0.9492,4.0738
25.5160,0.8996,3.8541
25.5162,0.9818,4.204
25.5164,1.0014,4.2922
25.5166,1.0206,4.3744
25.5168,1.0037,4.3
25.5170,0.9952,4.2615
25.5172,0.9943,4.2614
25.5174,0.9331,4.0067
25.5176,0.8697,3.7291
25.5178,0.9287,3.9803
25.5180,0.924,3.9639
25.5182,0.921,3.9529
25.5184,0.8802,3.7814
25.5186,0.8124,3.4883
25.5188,0.7913,3.3992
25.5190,0.7475,3.2127
25.5192,0.8343,3.5841
25.5194,0.7933,3.4096
25.5196,0.757,3.2564
25.5198,0.6948,2.9879
25.5200,0.7104,3.0549
25.5202,0.694,2.9856
25.5204,0.7254,3.1164
25.5206,0.7972,3.4218
25.5208,0.8736,3.7514
25.5210,0.827,3.5544
25.5212,0.7935,3.4106
25.5214,0.7433,3.1991
25.5216,0.7109,3.0598
25.5218,0.6609,2.8446
25.5220,0.6673,2.8693
25.5222,0.7372,3.1728
25.5224,0.6951,2.9931
25.5226,0.6585,2.8356
25.5228,0.6783,2.9181
25.5230,0.7219,3.1044
25.5232,0.7166,3.084
25.5234,0.6392,2.7537
25.5236,0.5686,2.4495
25.5238,0.5851,2.5219
25.5240,0.6456,2.7798
25.5242,0.6615,2.8458
25.5244,0.671,2.8879
25.5246,0.7257,3.1233
25.5248,0.7421,3.1925
25.5250,0.6895,2.9646
25.5252,0.6957,2.997
25.5254,0.6295,2.7119
25.5256,0.6558,2.8263
25.5258,0.5922,2.5524
25.5260,0.5916,2.551
25.5262,0.5855,2.527
25.5264,0.4957,2.1394
25.5266,0.4892,2.1095
25.5268,0.4978,2.1477
25.5270,0.533,2.2971
25.5272,0.5524,2.3797
25.5274,0.5448,2.3494
25.5276,0.5727,2.4648
25.5278,0.6413,2.7625
25.5280,0.6528,2.8108
25.5282,0.6573,2.8291
25.5284,0.6319,2.7197
25.5286,0.6252,2.6908
25.5288,0.6335,2.7289
25.5290,0.6337,2.7287
25.5292,0.6378,2.7463
25.5294,0.6492,2.7927
25.5296,0.705,3.0317
25.5298,0.73,3.1331
25.5300,0.7966,3.4208
25.5302,0.7267,3.1294
25.5304,0.62,2.6711
25.5306,0.6122,2.6387
25.5308,0.6125,2.6373
25.5310,0.6293,2.7083
25.5312,0.6168,2.6571
25.5314,0.6085,2.6203
25.5316,0.61,2.6253
25.5318,0.6119,2.6323
25.5320,0.6584,2.8311
25.5322,0.7276,3.1272
25.5324,0.7968,3.4229
25.5326,0.8018,3.4446
25.5328,0.6942,2.988
25.5330,0.6342,2.7282
25.5332,0.6566,2.8286
25.5334,0.6337,2.7262
25.5336,0.6731,2.8972
25.5338,0.5953,2.5623
25.5340,0.5946,2.5639
25.5342,0.5439,2.3452
25.5344,0.5446,2.3462
25.5346,0.5622,2.4232
25.5348,0.565,2.4351
25.5350,0.5636,2.4267
25.5352,0.5548,2.3845
25.5354,0.6945,2.9877
25.5356,0.656,2.8274
25.5358,0.568,2.448
25.5360,0.6011,2.5859
25.5362,0.6514,2.8012
25.5364,0.679,2.9198
25.5366,0.7056,3.0357
25.5368,0.6989,3.0012
25.5370,0.7753,3.3323
25.5372,0.7887,3.3884
25.5374,0.8197,3.5197
25.5376,0.7837,3.3699
25.5378,0.7291,3.1368
25.5380,0.682,2.934
25.5382,0.7108,3.0522
25.5384,0.803,3.4481
25.5386,0.8401,3.6089
25.5388,0.8173,3.5077
25.5390,0.7965,3.4235
25.5392,0.7632,3.2817
25.5394,0.7627,3.2781
25.5396,0.7564,3.2478
25.5398,0.7314,3.1436
25.5400,0.7578,3.2585
25.5402,0.7456,3.2059
25.5404,0.7655,3.29
25.5406,0.7378,3.1754
25.5408,0.6363,2.7426
25.5410,0.599,2.5795
25.5412,0.6008,2.5848
25.5414,0.6568,2.827
25.5416,0.6168,2.6621
25.5418,0.5342,2.3044
25.5420,0.5291,2.2817
25.5422,0.4924,2.1244
25.5424,0.4946,2.1347
25.5426,0.4957,2.1384
25.5428,0.5121,2.2072
25.5430,0.521,2.2486
25.5432,0.5396,2.3266
25.5434,0.5269,2.2718
25.5436,0.4958,2.1399
25.5438,0.5073,2.1865
25.5440,0.5848,2.518
25.5442,0.5853,2.5201
25.5444,0.5757,2.4765
25.5446,0.5603,2.4172
25.5448,0.4815,2.0802
25.5450,0.4832,2.0846
25.5452,0.509,2.1938
25.5454,0.5396,2.3256
25.5456,0.6204,2.6739
25.5458,0.5856,2.524
25.5460,0.5713,2.4591
25.5462,0.6176,2.657
25.5464,0.7186,3.0885
25.5466,0.7341,3.1535
25.5468,0.7632,3.2802
25.5470,0.7988,3.4301
25.5472,0.845,3.6249
25.5474,0.8831,3.7885
25.5476,0.8185,3.5162
25.5478,0.8176,3.5076
25.5480,0.8522,3.6575
25.5482,0.8536,3.6637
25.5484,0.8378,3.5974
25.5486,0.8414,3.6129
25.5488,0.8216,3.5295
25.5490,0.8236,3.5334
25.5492,0.8469,3.6331
25.5494,0.8305,3.5627
25.5496,0.844,3.6225
25.5498,0.8639,3.7114
25.5500,0.7591,3.2672
25.5502,0.659,2.8363
25.5504,0.7283,3.1273
25.5506,0.8354,3.5871
25.5508,0.812,3.49
25.5510,0.7397,3.1792
25.5512,0.7588,3.2596
25.5514,0.7492,3.2214
25.5516,0.7419,3.1974
25.5518,0.6239,2.6864
25.5520,0.6596,2.8402
25.5522,0.641,2.7602
25.5524,0.6475,2.7868
25.5526,0.7128,3.0609
25.5528,0.7887,3.39
25.5530,0.736,3.1662
25.5532,0.7308,3.144
25.5534,0.702,3.0202
25.5536,0.7116,3.06
25.5538,0.7168,3.0851
25.5540,0.6941,2.9875
25.5542,0.6475,2.7855
25.5544,0.6884,2.9573
25.5546,0.7398,3.1842
25.5548,0.6652,2.8632
25.5550,0.6945,2.9891
25.5552,0.6628,2.8542
25.5554,0.56,2.4157
25.5556,0.5149,2.2201
25.5558,0.5537,2.3843
25.5560,0.5959,2.5684
25.5562,0.608,2.6182
25.5564,0.6104,2.6273
25.5566,0.6351,2.7336
25.5568,0.6534,2.8108
25.5570,0.6755,2.9116
25.5572,0.6122,2.6363
25.5574,0.6526,2.8064
25.5576,0.6861,2.9502
25.5578,0.6775,2.9144
25.5580,0.5807,2.5086
25.5582,0.4806,2.0742
25.5584,0.4832,2.0846
25.5586,0.5034,2.1705
25.5588,0.6019,2.5907
25.5590,0.6838,2.9418
25.5592,0.6764,2.9098
25.5594,0.6645,2.8587
25.5596,0.6706,2.8837
25.5598,0.6859,2.9506
25.5600,0.698,3.0082
25.5602,0.6243,2.6884
25.5604,0.6571,2.8254
25.5606,0.7369,3.1688
25.5608,0.7336,3.1559
25.5610,0.6595,2.841
25.5612,0.5296,2.2837
25.5614,0.5104,2.203
25.5616,0.5078,2.1876
25.5618,0.6168,2.6522
25.5620,0.6398,2.755
25.5622,0.624,2.6856
25.5624,0.636,2.7411
25.5626,0.5571,2.4032
25.5628,0.4964,2.1395
25.5630,0.5082,2.1891
25.5632,0.5407,2.3345
25.5634,0.536,2.3101
25.5636,0.5655,2.4372
25.5638,0.4652,2.0107
25.5640,0.4082,1.7616
25.5642,0.4068,1.7567
25.5644,0.4122,1.7792
25.5646,0.464,2.0037
25.5648,0.4565,1.9692
25.5650,0.4897,2.1125
25.5652,0.5448,2.3505
25.5654,0.4982,2.1493
25.5656,0.4514,1.9475
25.5658,0.4359,1.8803
25.5660,0.4295,1.8537
25.5662,0.4285,1.8504
25.5664,0.4315,1.8617
25.5666,0.4379,1.8891
25.5668,0.4357,1.8798
25.5670,0.4448,1.92
25.5672,0.4454,1.9225
25.5674,0.446,1.9242
25.5676,0.4459,1.9246
25.5678,0.446,1.9242
25.5680,0.4427,1.9106
25.5682,0.4374,1.887
25.5684,0.4385,1.8925
25.5686,0.4421,1.9089
25.5688,0.4326,1.8663
25.5690,0.427,1.8411
25.5692,0.4258,1.8385
25.5694,0.4302,1.856
25.5696,0.4299,1.8527
25.5698,0.4811,2.0724
25.5700,0.5195,2.2382
25.5702,0.5529,2.3818
25.5704,0.5859,2.5203
25.5706,0.5904,2.5423
25.5708,0.5767,2.4835
25.5710,0.5445,2.3478
25.5712,0.4609,1.9884
25.5714,0.4504,1.9411
25.5716,0.4549,1.9607
25.5718,0.4504,1.9429
25.5720,0.4433,1.9123
25.5722,0.4886,2.1079
25.5724,0.4808,2.0733
25.5726,0.4559,1.9648
25.5728,0.4478,1.932
25.5730,0.4378,1.8868
25.5732,0.4879,2.1028
25.5734,0.4538,1.9561
25.5736,0.4958,2.1359
25.5738,0.4964,2.1415
25.5740,0.4393,1.8944
25.5742,0.4333,1.8694
25.5744,0.4325,1.8649
25.5746,0.449,1.9363
25.5748,0.4409,1.902
25.5750,0.4341,1.869
25.5752,0.5391,2.3181
25.5754,0.5656,2.4366
25.5756,0.5085,2.1907
25.5758,0.53,2.2842
25.5760,0.4777,2.0589
25.5762,0.4614,1.9877
25.5764,0.4889,2.106
25.5766,0.5143,2.2124
25.5768,0.5078,2.1886
25.5770,0.5133,2.2093
25.5772,0.6018,2.5853
25.5774,0.6836,2.9367
25.5776,0.6493,2.7945
25.5778,0.5929,2.552
25.5780,0.5905,2.5393
25.5782,0.5913,2.5436
25.5784,0.5411,2.329
25.5786,0.5966,2.5644
25.5788,0.6585,2.8277
25.5790,0.7391,3.1737
25.5792,0.7715,3.3127
25.5794,0.7511,3.2237
25.5796,0.7535,3.2339
25.5798,0.796,3.4135
25.5800,0.8423,3.6102
25.5802,0.8278,3.5497
25.5804,0.7854,3.3677
25.5806,0.8483,3.6393
25.5808,0.8438,3.6198
25.5810,0.8542,3.6577
25.5812,0.9311,3.9887
25.5814,0.945,4.0445
25.5816,0.9672,4.1413
25.5818,0.945,4.0464
25.5820,0.9482,4.0602
25.5822,0.9513,4.0736
25.5824,0.9435,4.0478
25.5826,0.9101,3.8988
25.5828,0.9294,3.9778
25.5830,0.9477,4.0601
25.5832,0.9055,3.8774
25.5834,0.9122,3.9098
25.5836,0.9395,4.0265
25.5838,0.9217,3.9523
25.5840,0.8908,3.8179
25.5842,0.8644,3.7083
25.5844,0.8488,3.6431
25.5846,0.8506,3.6474
25.5848,0.9155,3.9219
25.5850,0.9353,4.0123
25.5852,0.8863,3.8042
25.5854,0.789,3.391
25.5856,0.7743,3.325
25.5858,0.792,3.4039
25.5860,0.7754,3.3297
25.5862,0.7758,3.3343
25.5864,0.7414,3.1879
25.5866,0.7139,3.0641
25.5868,0.7703,3.3122
25.5870,0.6935,2.9836
25.5872,0.7137,3.0674
25.5874,0.782,3.3596
25.5876,0.8351,3.5861
25.5878,0.771,3.3137
25.5880,0.757,3.2534
25.5882,0.7681,3.2983
25.5884,0.785,3.3724
25.5886,0.8168,3.5057
25.5888,0.8379,3.5979
25.5890,0.7504,3.2266
25.5892,0.7191,3.092
25.5894,0.758,3.2581
25.5896,0.7589,3.2601
25.5898,0.7566,3.2519
25.5900,0.7668,3.2972
25.5902,0.7423,3.1965
25.5904,0.6904,2.9702
25.5906,0.6969,2.9966
25.5908,0.7096,3.0484
25.5910,0.7576,3.256
25.5912,0.7362,3.1687
25.5914,0.6884,2.9614
25.5916,0.6789,2.9152
25.5918,0.8041,3.4527
25.5920,0.8086,3.4755
25.5922,0.7463,3.2105
25.5924,0.6891,2.9686
25.5926,0.6138,2.6454
25.5928,0.5925,2.5535
25.5930,0.5923,2.5494
25.5932,0.6211,2.672
25.5934,0.6826,2.9407
25.5936,0.6595,2.8358
25.5938,0.7502,3.2246
25.5940,0.7506,3.2201
25.5942,0.8018,3.4478
25.5944,0.7439,3.1958
25.5946,0.7486,3.2173
25.5948,0.7585,3.2586
25.5950,0.7793,3.343
25.5952,0.8935,3.8332
25.5954,0.9175,3.9361
25.5956,0.9037,3.8752
25.5958,0.8928,3.8302
25.5960,0.8537,3.6676
25.5962,0.7953,3.4183
25.5964,0.8082,3.4702
25.5966,0.8396,3.6051
25.5968,0.9018,3.8724
25.5970,0.8896,3.8145
25.5972,0.88,3.7786
25.5974,0.9053,3.8818
25.5976,0.9265,3.9747
25.5978,0.8609,3.6968
25.5980,0.8555,3.6702
25.5982,0.9034,3.879
25.5984,0.9227,3.9601
25.5986,0.9209,3.9468
25.5988,0.9478,4.0644
25.5990,0.9347,4.0134
25.5992,0.8537,3.6676
25.5994,0.8355,3.5893
25.5996,0.7778,3.3462
25.5998,0.6861,2.9502
25.6000,0.7074,3.0505
25.6002,0.5968,2.5745
25.6004,0.574,2.4739
25.6006,0.5893,2.5388
25.6008,0.5838,2.5151
25.6010,0.6353,2.7341
25.6012,0.6847,2.9454
25.6014,0.7008,3.0178
25.6016,0.6899,2.9667
25.6018,0.7504,3.2251
25.6020,0.7107,3.0644
25.6022,0.5927,2.5557
25.6024,0.5734,2.469
25.6026,0.6103,2.6317
25.6028,0.5761,2.4855
25.6030,0.5703,2.4579
25.6032,0.6272,2.6971
25.6034,0.7034,3.0273
25.6036,0.6952,2.995
25.6038,0.5746,2.4776
25.6040,0.5464,2.355
25.6042,0.6501,2.7994
25.6044,0.703,3.0229
25.6046,0.7175,3.0867
25.6048,0.6801,2.9272
25.6050,0.7269,3.1255
25.6052,0.7564,3.2554
25.6054,0.6986,3.0052
25.6056,0.7472,3.2102
25.6058,0.7414,3.1894
25.6060,0.7502,3.2276
25.6062,0.7555,3.2533
25.6064,0.6839,2.9437
25.6066,0.674,2.9022
25.6068,0.6895,2.9715
25.6070,0.611,2.6348
25.6072,0.5751,2.4774
25.6074,0.5754,2.4812
25.6076,0.5899,2.5426
25.6078,0.6104,2.6298
25.6080,0.6436,2.7741
25.6082,0.604,2.6031
25.6084,0.6465,2.7827
25.6086,0.617,2.6619
25.6088,0.5086,2.1943
25.6090,0.5,2.158
25.6092,0.4957,2.1384
25.6094,0.4912,2.1163
25.6096,0.5241,2.262
25.6098,0.4826,2.083
25.6100,0.4801,2.0721
25.6102,0.5034,2.1685
25.6104,0.5929,2.552
25.6106,0.6078,2.6196
25.6108,0.5667,2.4446
25.6110,0.4928,2.126
25.6112,0.4821,2.079
25.6114,0.4881,2.1068
25.6116,0.4948,2.1358
25.6118,0.5055,2.1798
25.6120,0.5468,2.3566
25.6122,0.5752,2.4767
25.6124,0.6154,2.6485
25.6126,0.6104,2.6261
25.6128,0.6425,2.7625
25.6130,0.7722,3.3189
25.6132,0.7785,3.3446
25.6134,0.7666,3.2931
25.6136,0.8212,3.528
25.6138,0.7753,3.3307
25.6140,0.7638,3.2797
25.6142,0.821,3.522
25.6144,0.87,3.7342
25.6146,0.9151,3.9258
25.6148,0.8893,3.817
25.6150,0.8914,3.824
25.6152,0.9594,4.1099
25.6154,0.9541,4.0892
25.6156,0.9542,4.0878
25.6158,1.0461,4.4834
25.6160,0.983,4.217
25.6162,0.9486,4.0637
25.6164,0.9522,4.0867
25.6166,0.8517,3.6605
25.6168,0.8295,3.5635
25.6170,0.8067,3.4657
25.6172,0.8186,3.5167
25.6174,0.7957,3.4215
25.6176,0.7375,3.1729
25.6178,0.7264,3.1235
25.6180,0.7457,3.2035
25.6182,0.8109,3.4805
25.6184,0.8413,3.6157
25.6186,0.8475,3.6391
25.6188,0.8428,3.619
25.6190,0.8167,3.5084
25.6192,0.8496,3.6484
25.6194,0.8642,3.7159
25.6196,0.8627,3.7028
25.6198,0.8981,3.851
25.6200,0.8797,3.7794
25.6202,0.8416,3.6189
25.6204,0.819,3.5166
25.6206,0.8501,3.6555
25.6208,0.7729,3.3235
25.6210,0.7472,3.2162
25.6212,0.7379,3.1759
25.6214,0.7446,3.2048
25.6216,0.739,3.1761
25.6218,0.7573,3.255
25.6220,0.7686,3.3049
25.6222,0.7749,3.3369
25.6224,0.693,2.9843
25.6226,0.6345,2.7323
25.6228,0.6535,2.8178
25.6230,0.6206,2.6749
25.6232,0.6508,2.8038
25.6234,0.6227,2.6812
25.6236,0.6983,3.0098
25.6238,0.668,2.879
25.6240,0.5558,2.3987
25.6242,0.5097,2.1979
25.6244,0.5393,2.3288
25.6246,0.5038,2.1756
25.6248,0.4916,2.1208
25.6250,0.4971,2.1426
25.6252,0.5602,2.4167
25.6254,0.509,2.1958
25.6256,0.5353,2.3069
25.6258,0.5862,2.5313
25.6260,0.5077,2.1952
25.6262,0.4149,1.7939
25.6264,0.4125,1.7827
25.6266,0.4068,1.7567
25.6268,0.4663,2.0079
25.6270,0.5685,2.4501
25.6272,0.5568,2.4011
25.6274,0.5532,2.3856
25.6276,0.5489,2.3659
25.6278,0.5514,2.3756
25.6280,0.5604,2.4166
25.6282,0.5672,2.4444
25.6284,0.5718,2.4623
25.6286,0.5652,2.435
25.6288,0.5716,2.4624
25.6290,0.5881,2.5337
25.6292,0.6446,2.7757
25.6294,0.6639,2.8548
25.6296,0.7571,3.2524
25.6298,0.7315,3.1559
25.6300,0.5552,2.3927
25.6302,0.5401,2.3265
25.6304,0.5434,2.3399
25.6306,0.5592,2.4125
25.6308,0.5458,2.3557
25.6310,0.5409,2.3323
25.6312,0.5378,2.3178
25.6314,0.5401,2.3287
25.6316,0.5507,2.3747
25.6318,0.6258,2.6884
25.6320,0.7453,3.2064
25.6322,0.5947,2.5633
25.6324,0.5475,2.3619
25.6326,0.5451,2.3515
25.6328,0.5571,2.3988
25.6330,0.6282,2.7037
25.6332,0.6041,2.6036
25.6334,0.5409,2.3269
25.6336,0.5789,2.4951
25.6338,0.5305,2.2895
25.6340,0.4842,2.0887
25.6342,0.4667,2.0113
25.6344,0.5005,2.1601
25.6346,0.4773,2.0602
25.6348,0.4692,2.0231
25.6350,0.4959,2.1384
25.6352,0.4836,2.0861
25.6354,0.4874,2.1017
25.6356,0.5698,2.4546
25.6358,0.5754,2.4789
25.6360,0.5751,2.4762
25.6362,0.5993,2.5793
25.6364,0.6685,2.8744
25.6366,0.7484,3.2138
25.6368,0.7591,3.2612
25.6370,0.739,3.1746
25.6372,0.768,3.3008
25.6374,0.7034,3.0259
25.6376,0.6735,2.9001
25.6378,0.679,2.9211
25.6380,0.668,2.875
25.6382,0.6446,2.7705
25.6384,0.708,3.0431
25.6386,0.6883,2.965
25.6388,0.6139,2.6423
25.6390,0.6477,2.7813
25.6392,0.7489,3.2174
25.6394,0.7502,3.2246
25.6396,0.7206,3.1001
25.6398,0.6914,2.9715
25.6400,0.758,3.2626
25.6402,0.6609,2.8459
25.6404,0.6173,2.658
25.6406,0.5899,2.5391
25.6408,0.6224,2.6802
25.6410,0.6717,2.8883
25.6412,0.7199,3.097
25.6414,0.6413,2.7625
25.6416,0.6066,2.6108
25.6418,0.6022,2.5965
25.6420,0.5065,2.1839
25.6422,0.5024,2.1674
25.6424,0.5,2.157
25.6426,0.4974,2.1436
25.6428,0.5404,2.3303
25.6430,0.5477,2.3629
25.6432,0.5344,2.3012
25.6434,0.5927,2.5545
25.6436,0.5234,2.2516
25.6438,0.5306,2.2889
25.6440,0.491,2.1192
25.6442,0.4893,2.111
25.6444,0.4887,2.1074
25.6446,0.4908,2.1162
25.6448,0.4895,2.1125
25.6450,0.5058,2.1778
25.6452,0.5576,2.3997
25.6454,0.6025,2.5908
25.6456,0.6261,2.6949
25.6458,0.6215,2.676
25.6460,0.6278,2.7009
25.6462,0.6817,2.9311
25.6464,0.711,3.0575
25.6466,0.7102,3.0496
25.6468,0.7535,3.2339
25.6470,0.7859,3.3713
25.6472,0.8549,3.6642
25.6474,0.9613,4.12
25.6476,0.9805,4.1964
25.6478,0.9841,4.2157
25.6480,0.9785,4.194
25.6482,0.9767,4.1844
25.6484,0.9803,4.1978
25.6486,0.9222,3.9562
25.6488,0.8759,3.7576
25.6490,0.9204,3.943
25.6492,0.9517,4.0865
25.6494,0.8084,3.4777
25.6496,0.7327,3.1522
25.6498,0.7219,3.1029
25.6500,0.7453,3.2034
25.6502,0.7861,3.3818
25.6504,0.7192,3.094
25.6506,0.7309,3.1416
25.6508,0.745,3.2049
25.6510,0.7372,3.1728
25.6512,0.7456,3.2059
25.6514,0.75,3.222
25.6516,0.7493,3.2249
25.6518,0.6657,2.8652
25.6520,0.708,3.0431
25.6522,0.7299,3.1399
25.6524,0.7224,3.1122
25.6526,0.6758,2.9059
25.6528,0.7078,3.0421
25.6530,0.7932,3.4075
25.6532,0.7923,3.4086
25.6534,0.7255,3.1169
25.6536,0.7825,3.3601
25.6538,0.7794,3.3498
25.6540,0.7378,3.1783
25.6542,0.6537,2.8136
25.6544,0.6558,2.8211
25.6546,0.7001,3.0105
25.6548,0.758,3.2565
25.6550,0.7851,3.3729
25.6552,0.7559,3.2488
25.6554,0.7598,3.2673
25.6556,0.7083,3.0527
25.6558,0.6219,2.6793
25.6560,0.5741,2.4744
25.6562,0.582,2.5073
25.6564,0.5896,2.5399
25.6566,0.6204,2.6677
25.6568,0.6747,2.9026
25.6570,0.6928,2.9805
25.6572,0.6926,2.9794
25.6574,0.7271,3.1309
25.6576,0.6901,2.97
25.6578,0.686,2.9483
25.6580,0.6895,2.9646
25.6582,0.7261,3.1239
25.6584,0.7466,3.2121
25.6586,0.6938,2.9846
25.6588,0.6812,2.9318
25.6590,0.6692,2.8829
25.6592,0.6583,2.8359
25.6594,0.6114,2.6302
25.6596,0.6257,2.6966
25.6598,0.5946,2.5628
25.6600,0.5909,2.5456
25.6602,0.5782,2.4896
25.6604,0.5818,2.5086
25.6606,0.5707,2.4599
25.6608,0.5709,2.4616
25.6610,0.5661,2.4398
25.6612,0.5847,2.5164
25.6614,0.7055,3.0309
25.6616,0.8038,3.4517
25.6618,0.7892,3.3889
25.6620,0.7524,3.2368
25.6622,0.6831,2.9401
25.6624,0.6773,2.9112
25.6626,0.7594,3.2683
25.6628,0.7311,3.1479
25.6630,0.6982,3.0037
25.6632,0.6914,2.9701
25.6634,0.7432,3.1941
25.6636,0.711,3.0631
25.6638,0.6531,2.811
25.6640,0.6601,2.8436
25.6642,0.6305,2.7148
25.6644,0.6252,2.6933
25.6646,0.6266,2.6982
25.6648,0.7073,3.0372
25.6650,0.7823,3.3668
25.6652,0.6603,2.838
25.6654,0.6916,2.9781
25.6656,0.6484,2.7935
25.6658,0.5743,2.4731
25.6660,0.5802,2.5019
25.6662,0.5512,2.3779
25.6664,0.5488,2.3653
25.6666,0.5456,2.3503
25.6668,0.5446,2.3462
25.6670,0.548,2.3617
25.6672,0.5495,2.3695
25.6674,0.5463,2.3567
25.6676,0.5418,2.3354
25.6678,0.5444,2.3462
25.6680,0.5453,2.3493
25.6682,0.629,2.7098
25.6684,0.5785,2.4924
25.6686,0.5579,2.4046
25.6688,0.5597,2.4124
25.6690,0.5573,2.4043
25.6692,0.5577,2.4036
25.6694,0.557,2.3994
25.6696,0.5632,2.4251
25.6698,0.6344,2.728
25.6700,0.6879,2.9566
25.6702,0.7084,3.0419
25.6704,0.7877,3.3806
25.6706,0.756,3.2553
25.6708,0.6464,2.7834
25.6710,0.636,2.736
25.6712,0.6355,2.7352
25.6714,0.6597,2.8355
25.6716,0.7089,3.0496
25.6718,0.6393,2.7504
25.6720,0.6246,2.687
25.6722,0.6308,2.715
25.6724,0.6269,2.698
25.6726,0.6285,2.7065
25.6728,0.6266,2.697
25.6730,0.6279,2.7039
25.6732,0.6842,2.942
25.6734,0.7083,3.047
25.6736,0.6408,2.7592
25.6738,0.6192,2.6638
25.6740,0.6825,2.9375
25.6742,0.6729,2.8975
25.6744,0.6697,2.8796
25.6746,0.7067,3.0389
25.6748,0.7378,3.1754
25.6750,0.6495,2.7969
25.6752,0.6236,2.6841
25.6754,0.6251,2.689
25.6756,0.6887,2.9629
25.6758,0.7363,3.1648
25.6760,0.7464,3.2081
25.6762,0.7421,3.191
25.6764,0.7252,3.1197
25.6766,0.7142,3.0666
25.6768,0.7602,3.2688
25.6770,0.6758,2.9113
25.6772,0.6128,2.6413
25.6774,0.5954,2.564
25.6776,0.5994,2.5798
25.6778,0.5995,2.5804
25.6780,0.6825,2.9361
25.6782,0.6877,2.9555
25.6784,0.667,2.8696
25.6786,0.6395,2.7522
25.6788,0.6777,2.9128
25.6790,0.7614,3.2694
25.6792,0.806,3.4594
25.6794,0.7934,3.4069
25.6796,0.8234,3.534
25.6798,0.8722,3.7399
25.6800,0.8739,3.7489
25.6802,0.8746,3.752
25.6804,0.8917,3.8291
25.6806,0.8723,3.7422
25.6808,0.8914,3.8276
25.6810,0.8861,3.7996
25.6812,0.9595,4.1066
25.6814,0.9694,4.153
25.6816,0.9608,4.1161
25.6818,0.9583,4.1053
25.6820,0.9978,4.2768
25.6822,1.0024,4.2943
25.6824,0.9646,4.1344
25.6826,0.9289,3.9887
25.6828,0.8857,3.7998
25.6830,0.8609,3.7002
25.6832,0.7255,3.1184
25.6834,0.7432,3.1941
25.6836,0.774,3.3266
25.6838,0.7856,3.3782
25.6840,0.7648,3.2869
25.6842,0.8401,3.6089
25.6844,0.8326,3.5786
25.6846,0.7747,3.3312
25.6848,0.785,3.3803
25.6850,0.7005,3.0149
25.6852,0.6625,2.8539
25.6854,0.639,2.7578
25.6856,0.5777,2.4887
25.6858,0.6311,2.7161
25.6860,0.6751,2.9082
25.6862,0.6723,2.8896
25.6864,0.657,2.8289
25.6866,0.6138,2.6454
25.6868,0.6155,2.6539
25.6870,0.6199,2.6668
25.6872,0.7269,3.127
25.6874,0.679,2.9266
25.6876,0.6335,2.7315
25.6878,0.5547,2.3918
25.6880,0.6034,2.5969
25.6882,0.6619,2.8527
25.6884,0.6254,2.6943
25.6886,0.6637,2.8591
25.6888,0.6028,2.5967
25.6890,0.61,2.624
25.6892,0.6853,2.9507
25.6894,0.6343,2.7326
25.6896,0.6023,2.5922
25.6898,0.6372,2.7475
25.6900,0.6124,2.638
25.6902,0.6649,2.8576
25.6904,0.7119,3.0668
25.6906,0.6176,2.6632
25.6908,0.5869,2.5285
25.6910,0.6383,2.7458
25.6912,0.6831,2.9373
25.6914,0.6996,3.0127
25.6916,0.6516,2.8056
25.6918,0.5898,2.5421
25.6920,0.6243,2.6872
25.6922,0.6873,2.9581
25.6924,0.6413,2.7651
25.6926,0.4901,2.116
25.6928,0.4144,1.791
25.6930,0.4077,1.762
25.6932,0.4131,1.7845
25.6934,0.4271,1.8417
25.6936,0.495,2.1373
25.6938,0.4619,1.9944
25.6940,0.4715,2.0339
25.6942,0.4691,2.0226
25.6944,0.4936,2.1316
25.6946,0.4657,2.0081
25.6948,0.5549,2.3906
25.6950,0.5477,2.364
25.6952,0.4639,2.0032
25.6954,0.482,2.0765
25.6956,0.5572,2.4015
25.6958,0.5483,2.3622
25.6960,0.5506,2.3709
25.6962,0.5735,2.4695
25.6964,0.6104,2.631
25.6966,0.6028,2.5979
25.6968,0.5794,2.496
25.6970,0.6258,2.6921
25.6972,0.6444,2.7759
25.6974,0.558,2.4051
25.6976,0.5489,2.3648
25.6978,0.5488,2.3643
25.6980,0.5644,2.4291
25.6982,0.5948,2.5614
25.6984,0.6008,2.5872
25.6986,0.5761,2.482
25.6988,0.5869,2.5285
25.6990,0.6024,2.5976
25.6992,0.5065,2.1839
25.6994,0.4899,2.1136
25.6996,0.4813,2.0763
25.6998,0.4874,2.1008
25.7000,0.5757,2.4777
25.7002,0.6387,2.7453
25.7004,0.6715,2.8927
25.7006,0.5612,2.4208
25.7008,0.4671,2.0143
25.7010,0.4464,1.9258
25.7012,0.4555,1.9642
25.7014,0.4993,2.1519
25.7016,0.5414,2.3322
25.7018,0.5435,2.3415
25.7020,0.5476,2.3602
25.7022,0.5543,2.3902
25.7024,0.5504,2.3721
25.7026,0.5522,2.3765
25.7028,0.5668,2.4429
25.7030,0.5295,2.2821
25.7032,0.523,2.2521
25.7034,0.5636,2.4267
25.7036,0.6172,2.6562
25.7038,0.6345,2.731
25.7040,0.5436,2.3442
25.7042,0.4536,1.9577
25.7044,0.4594,1.9807
25.7046,0.5043,2.1746
25.7048,0.4769,2.0562
25.7050,0.4801,2.0711
25.7052,0.4945,2.1293
25.7054,0.5296,2.2848
25.7056,0.4898,2.113
25.7058,0.5142,2.2139
25.7060,0.5668,2.4429
25.7062,0.509,2.1928
25.7064,0.5149,2.2181
25.7066,0.4843,2.0893
25.7068,0.4825,2.0805
25.7070,0.4865,2.0966
25.7072,0.4992,2.1514
25.7074,0.4689,2.0259
25.7076,0.3946,1.7039
25.7078,0.3794,1.6374
25.7080,0.3766,1.6255
25.7082,0.3793,1.6361
25.7084,0.3778,1.6314
25.7086,0.3779,1.6335
25.7088,0.3797,1.6397
25.7090,0.3751,1.6188
25.7092,0.3832,1.654
25.7094,0.3944,1.7029
25.7096,0.3963,1.7096
25.7098,0.4604,1.9808
25.7100,0.5216,2.2459
25.7102,0.5191,2.2361
25.7104,0.5205,2.2423
25.7106,0.5254,2.2625
25.7108,0.5797,2.4964
25.7110,0.5433,2.3416
25.7112,0.4983,2.1458
25.7114,0.5546,2.3813
25.7116,0.7121,3.0607
25.7118,0.703,3.0187
25.7120,0.7061,3.0321
25.7122,0.7435,3.1927
25.7124,0.7324,3.1463
25.7126,0.7819,3.3606
25.7128,0.699,3.0031
25.7130,0.6725,2.8879
25.7132,0.6596,2.8349
25.7134,0.6496,2.7935
25.7136,0.6408,2.754
25.7138,0.7216,3.0985
25.7140,0.7372,3.1654
25.7142,0.7592,3.2541
25.7144,0.9025,3.8646
25.7146,0.917,3.9249
25.7148,0.9115,3.9049
25.7150,0.9193,3.9365
25.7152,0.9208,3.9427
25.7154,0.939,4.0226
25.7156,0.9104,3.9094
25.7158,0.8332,3.5728
25.7160,0.885,3.7932
25.7162,0.9024,3.8695
25.7164,0.9287,3.9765
25.7166,0.9332,3.9998
25.7168,0.8996,3.8523
25.7170,0.9345,4.0036
25.7172,0.9068,3.8903
25.7174,0.8965,3.8461
25.7176,0.902,3.8662
25.7178,0.8772,3.765
25.7180,0.8627,3.6976
25.7182,0.9061,3.8818
25.7184,0.8642,3.709
25.7186,0.8182,3.5168
25.7188,0.7987,3.4264
25.7190,0.8367,3.5945
25.7192,0.7269,3.1241
25.7194,0.7148,3.0749
25.7196,0.7,3.0086
25.7198,0.7166,3.0783
25.7200,0.7337,3.1476
25.7202,0.8061,3.4615
25.7204,0.8733,3.7446
25.7206,0.9401,4.031
25.7208,0.9455,4.0522
25.7210,0.8823,3.7849
25.7212,0.8378,3.5974
25.7214,0.8441,3.6247
25.7216,0.8236,3.5367
25.7218,0.809,3.4771
25.7220,0.8218,3.5306
25.7222,0.849,3.6441
25.7224,0.7996,3.4385
25.7226,0.7007,3.0117
25.7228,0.7317,3.1432
25.7230,0.7896,3.3904
25.7232,0.8337,3.5799
25.7234,0.8155,3.5065
25.7236,0.7598,3.2673
25.7238,0.7681,3.2983
25.7240,0.7907,3.3951
25.7242,0.7627,3.2797
25.7244,0.7596,3.2648
25.7246,0.721,3.0974
25.7248,0.7945,3.4115
25.7250,0.7687,3.3101
25.7252,0.7161,3.0791
25.7254,0.7598,3.2658
25.7256,0.7513,3.2307
25.7258,0.7481,3.2168
25.7260,0.7512,3.2317
25.7262,0.6963,2.9968
25.7264,0.6818,2.933
25.7266,0.6729,2.8948
25.7268,0.7145,3.0753
25.7270,0.738,3.1764
25.7272,0.6809,2.9321
25.7274,0.6656,2.8634
25.7276,0.6642,2.8559
25.7278,0.6809,2.924
25.7280,0.7621,3.2725
25.7282,0.8429,3.6196
25.7284,0.8197,3.5279
25.7286,0.7185,3.0937
25.7288,0.6535,2.8152
25.7290,0.6419,2.7651
25.7292,0.6395,2.7522
25.7294,0.6349,2.7339
25.7296,0.6453,2.7775
25.7298,0.6675,2.8716
25.7300,0.7025,3.0223
25.7302,0.7104,3.0591
25.7304,0.717,3.0832
25.7306,0.7061,3.0349
25.7308,0.7042,3.0281
25.7310,0.7048,3.0321
25.7312,0.7079,3.0469
25.7314,0.7101,3.0533
25.7316,0.75,3.225
25.7318,0.7813,3.3596
25.7320,0.7788,3.3519
25.7322,0.7681,3.3044
25.7324,0.6588,2.8366
25.7326,0.6606,2.8483
25.7328,0.5681,2.4497
25.7330,0.5389,2.3246
25.7332,0.5462,2.3551
25.7334,0.5446,2.3494
25.7336,0.5433,2.3437
25.7338,0.5418,2.3365
25.7340,0.5584,2.4045
25.7342,0.5913,2.5459
25.7344,0.5666,2.443
25.7346,0.5758,2.4793
25.7348,0.6861,2.9502
25.7350,0.6419,2.7651
25.7352,0.5773,2.4895
25.7354,0.576,2.4815
25.7356,0.6397,2.7545
25.7358,0.6448,2.7741
25.7360,0.6501,2.7955
25.7362,0.6734,2.8969
25.7364,0.6704,2.884
25.7366,0.7146,3.0729
25.7368,0.783,3.3637
25.7370,0.8381,3.599
25.7372,0.8421,3.6109
25.7374,0.8389,3.6004
25.7376,0.7959,3.4209
25.7378,0.7259,3.117
25.7380,0.7681,3.3013
25.7382,0.7915,3.3987
25.7384,0.8662,3.716
25.7386,0.8529,3.6691
25.7388,0.7459,3.209
25.7390,0.7411,3.1824
25.7392,0.7944,3.4158
25.7394,0.6815,2.9361
25.7396,0.632,2.724
25.7398,0.6351,2.7374
25.7400,0.643,2.7651
25.7402,0.7031,3.0248
25.7404,0.7179,3.0897
25.7406,0.6877,2.961
25.7408,0.6739,2.8949
25.7410,0.757,3.258
25.7412,0.7071,3.0461
25.7414,0.7252,3.1168
25.7416,0.798,3.4281
25.7418,0.7939,3.4153
25.7420,0.6806,2.9306
25.7422,0.6819,2.9294
25.7424,0.7585,3.2647
25.7426,0.6691,2.881
25.7428,0.6182,2.6633
25.7430,0.6104,2.6273
25.7432,0.6868,2.9602
25.7434,0.6278,2.7059
25.7436,0.6043,2.6034
25.7438,0.5856,2.5252
25.7440,0.5104,2.2
25.7442,0.548,2.3628
25.7444,0.5094,2.1974
25.7446,0.5035,2.169
25.7448,0.6269,2.7005
25.7450,0.596,2.569
25.7452,0.5674,2.4432
25.7454,0.5775,2.4889
25.7456,0.6113,2.6322
25.7458,0.5859,2.5227
25.7460,0.5917,2.5468
25.7462,0.6674,2.8725
25.7464,0.7017,3.02
25.7466,0.6965,2.9937
25.7468,0.7501,3.221
25.7470,0.7721,3.3137
25.7472,0.8444,3.619
25.7474,0.9565,4.0995
25.7476,0.9295,3.9838
25.7478,0.9555,4.1011
25.7480,0.9542,4.0916
25.7482,0.9532,4.0875
25.7484,0.9531,4.0851
25.7486,0.9363,4.0188
25.7488,0.92,3.9469
25.7490,0.9149,3.9266
25.7492,0.8192,3.5209
25.7494,0.7649,3.2874
25.7496,0.7872,3.3801
25.7498,0.8688,3.729
25.7500,0.8778,3.7659
25.7502,0.8848,3.7992
25.7504,0.8753,3.7586
25.7506,0.8492,3.6446
25.7508,0.8433,3.6194
25.7510,0.8594,3.6815
25.7512,0.9704,4.163
25.7514,0.962,4.1347
25.7516,0.8385,3.6055
25.7518,0.7361,3.1652
25.7520,0.7423,3.1905
25.7522,0.757,3.2534
25.7524,0.8002,3.4363
25.7526,0.8374,3.5992
25.7528,0.8235,3.5411
25.7530,0.7931,3.4085
25.7532,0.7693,3.308
25.7534,0.7933,3.4064
25.7536,0.8011,3.4399
25.7538,0.7308,3.1484
25.7540,0.6874,2.9614
25.7542,0.699,3.0087
25.7544,0.6919,2.9791
25.7546,0.6532,2.8129
25.7548,0.6703,2.8875
25.7550,0.6637,2.8551
25.7552,0.6907,2.9712
25.7554,0.6964,3.0015
25.7556,0.6631,2.8539
25.7558,0.7073,3.0443
25.7560,0.7219,3.1101
25.7562,0.7179,3.0883
25.7564,0.7278,3.1311
25.7566,0.758,3.2596
25.7568,0.7446,3.2078
25.7570,0.6392,2.7525
25.7572,0.6891,2.9659
25.7574,0.6869,2.9634
25.7576,0.5634,2.4329
25.7578,0.5379,2.3151
25.7580,0.6612,2.8483
25.7582,0.6333,2.7259
25.7584,0.6905,2.972
25.7586,0.6801,2.9285
25.7588,0.6687,2.8821
25.7590,0.5865,2.5335
25.7592,0.5204,2.2449
25.7594,0.5296,2.2827
25.7596,0.5468,2.3598
25.7598,0.5466,2.355
25.7600,0.6191,2.6645
25.7602,0.6453,2.7736
25.7604,0.7132,3.0724
25.7606,0.6162,2.6607
25.7608,0.4986,2.1518
25.7610,0.4974,2.1476
25.7612,0.5438,2.3458
25.7614,0.5697,2.4553
25.7616,0.5588,2.4082
25.7618,0.5717,2.4663
25.7620,0.5625,2.4254
25.7622,0.5785,2.4912
25.7624,0.6151,2.6487
25.7626,0.6008,2.5896
25.7628,0.6001,2.5877
25.7630,0.5227,2.2548
25.7632,0.4849,2.0938
25.7634,0.4814,2.0778
25.7636,0.4778,2.0613
25.7638,0.4787,2.0649
25.7640,0.4823,2.0834
25.7642,0.4801,2.0711
25.7644,0.5213,2.2491
25.7646,0.494,2.1331
25.7648,0.4742,2.0468
25.7650,0.5018,2.1618
25.7652,0.5566,2.3978
25.7654,0.5205,2.2465
25.7656,0.4717,2.0359
25.7658,0.4701,2.0301
25.7660,0.4741,2.0453
25.7662,0.4727,2.041
25.7664,0.4706,2.0312
25.7666,0.4693,2.0237
25.7668,0.4691,2.0236
25.7670,0.4742,2.0468
25.7672,0.4912,2.1163
25.7674,0.547,2.3554
25.7676,0.561,2.4225
25.7678,0.4674,2.0182
25.7680,0.4621,1.9945
25.7682,0.4568,1.9708
25.7684,0.4554,1.9655
25.7686,0.4574,1.9743
25.7688,0.4519,1.9496
25.7690,0.4578,1.9731
25.7692,0.4567,1.9712
25.7694,0.4546,1.9628
25.7696,0.4765,2.0528
25.7698,0.5475,2.3575
25.7700,0.639,2.7501
25.7702,0.6343,2.7287
25.7704,0.6235,2.6848
25.7706,0.6089,2.623
25.7708,0.5219,2.2485
25.7710,0.4859,2.096
25.7712,0.4667,2.0123
25.7714,0.53,2.2832
25.7716,0.5675,2.4448
25.7718,0.5162,2.2258
25.7720,0.527,2.2702
25.7722,0.5314,2.2915
25.7724,0.505,2.1757
25.7726,0.5077,2.1881
25.7728,0.5375,2.3135
25.7730,0.6222,2.6791
25.7732,0.5433,2.3427
25.7734,0.5235,2.2532
25.7736,0.5637,2.4283
25.7738,0.5119,2.2062
25.7740,0.5207,2.2455
25.7742,0.4347,1.8768
25.7744,0.405,1.7473
25.7746,0.4638,2.0036
25.7748,0.3808,1.6436
25.7750,0.395,1.7039
25.7752,0.4237,1.8255
25.7754,0.5136,2.2114
25.7756,0.5612,2.4186
25.7758,0.5209,2.2408
25.7760,0.5877,2.5269
25.7762,0.6289,2.7068
25.7764,0.6415,2.7584
25.7766,0.6695,2.8791
25.7768,0.6843,2.9411
25.7770,0.7053,3.0327
25.7772,0.7092,3.0469
25.7774,0.7097,3.0461
25.7776,0.7646,3.2849
25.7778,0.7958,3.4124
25.7780,0.8541,3.6606
25.7782,0.8417,3.6178
25.7784,0.7338,3.1525
25.7786,0.7601,3.2607
25.7788,0.8202,3.5201
25.7790,0.7693,3.3034
25.7792,0.7271,3.1222
25.7794,0.7855,3.3666
25.7796,0.8353,3.5833
25.7798,0.8664,3.7153
25.7800,0.9333,3.9966
25.7802,0.9386,4.0192
25.7804,0.9535,4.0809
25.7806,1.064,4.5562
25.7808,1.0469,4.4744
25.7810,1.0807,4.6232
25.7812,1.0636,4.5584
25.7814,0.982,4.205
25.7816,1.0005,4.2841
25.7818,1.0013,4.2937
25.7820,0.9604,4.1164
25.7822,0.9686,4.1436
25.7824,1.004,4.303
25.7826,0.9296,3.9899
25.7828,0.8771,3.7645
25.7830,0.8772,3.7615
25.7832,0.9076,3.8898
25.7834,0.8518,3.6611
25.7836,0.7668,3.2972
25.7838,0.741,3.1878
25.7840,0.7342,3.1584
25.7842,0.7259,3.1185
25.7844,0.8005,3.4373
25.7846,0.8853,3.8013
25.7848,0.8085,3.4734
25.7850,0.7672,3.2911
25.7852,0.8044,3.4591
25.7854,0.809,3.4787
25.7856,0.7794,3.3451
25.7858,0.8457,3.6331
25.7860,0.7866,3.3807
25.7862,0.7933,3.4064
25.7864,0.8317,3.5678
25.7866,0.8532,3.6604
25.7868,0.8542,3.6679
25.7870,0.8448,3.6312
25.7872,0.8122,3.491
25.7874,0.8198,3.5169
25.7876,0.8866,3.8016
25.7878,0.899,3.8587
25.7880,0.9,3.8574
25.7882,0.9543,4.096
25.7884,0.8578,3.6868
25.7886,0.7451,3.2024
25.7888,0.7974,3.4271
25.7890,0.7998,3.4358
25.7892,0.8157,3.501
25.7894,0.8724,3.7462
25.7896,0.8737,3.7519
25.7898,0.8433,3.6228
25.7900,0.8294,3.563
25.7902,0.8119,3.4878
25.7904,0.7952,3.4226
25.7906,0.7465,3.2131
25.7908,0.7758,3.3343
25.7910,0.8216,3.5263
25.7912,0.7612,3.276
25.7914,0.6487,2.7932
25.7916,0.6445,2.7739
25.7918,0.6781,2.9197
25.7920,0.6698,2.8855
25.7922,0.6607,2.8435
25.7924,0.7309,3.1401
25.7926,0.7948,3.4194
25.7928,0.7754,3.3328
25.7930,0.7668,3.2957
25.7932,0.782,3.3596
25.7934,0.8289,3.5659
25.7936,0.794,3.4142
25.7938,0.8775,3.7626
25.7940,0.9279,3.9809
25.7942,0.8745,3.7497
25.7944,0.9231,3.9677
25.7946,0.8348,3.5895
25.7948,0.7831,3.3673
25.7950,0.7968,3.4213
25.7952,0.8464,3.6362
25.7954,0.8638,3.7091
25.7956,0.9047,3.8829
25.7958,0.8812,3.782
25.7960,0.911,3.9102
25.7962,0.912,3.9125
25.7964,0.9355,4.0189
25.7966,0.8755,3.7648
25.7968,0.8564,3.6789
25.7970,0.8534,3.6643
25.7972,0.8723,3.7422
25.7974,0.9008,3.8718
25.7976,0.8855,3.7988
25.7978,0.9649,4.1374
25.7980,0.9517,4.0846
25.7982,0.9574,4.1113
25.7984,0.8806,3.7865
25.7986,0.7844,3.3714
25.7988,0.7419,3.1959
25.7990,0.6056,2.6127
25.7992,0.5791,2.4973
25.7994,0.5793,2.4978
25.7996,0.5784,2.493
25.7998,0.5966,2.5739
25.8000,0.6012,2.5948
25.8002,0.5875,2.5346
25.8004,0.6052,2.6046
25.8006,0.6767,2.9141
25.8008,0.6998,3.0062
25.8010,0.8109,3.4869
25.8012,0.7873,3.3917
25.8014,0.6799,2.9316
25.8016,0.6692,2.8802
25.8018,0.7218,3.0995
25.8020,0.7687,3.307
25.8022,0.6895,2.9688
25.8024,0.6776,2.9163
25.8026,0.7437,3.1977
25.8028,0.7992,3.438
25.8030,0.7417,3.1939
25.8032,0.7916,3.4008
25.8034,0.8704,3.7357
25.8036,0.8793,3.7861
25.8038,0.6604,2.8465
25.8040,0.6349,2.7275
25.8042,0.8501,3.6538
25.8044,0.8209,3.5363
25.8046,0.6972,3.0051
25.8048,0.6197,2.6708
25.8050,0.6043,2.6058
25.8052,0.6023,2.5958
25.8054,0.6324,2.7255
25.8056,0.6124,2.638
25.8058,0.6078,2.6196
25.8060,0.6002,2.5907
25.8062,0.5987,2.5815
25.8064,0.6079,2.6189
25.8066,0.6289,2.7093
25.8068,0.6508,2.8038
25.8070,0.6146,2.6503
25.8072,0.5363,2.3137
25.8074,0.5649,2.4357
25.8076,0.595,2.5679
25.8078,0.5311,2.291
25.8080,0.5275,2.2755
25.8082,0.5523,2.3792
25.8084,0.5915,2.5517
25.8086,0.5389,2.3225
25.8088,0.5972,2.5729
25.8090,0.6275,2.7019
25.8092,0.6199,2.6743
25.8094,0.563,2.4286
25.8096,0.5398,2.3287
25.8098,0.5294,2.2848
25.8100,0.5217,2.2517
25.8102,0.5405,2.3319
25.8104,0.5343,2.3028
25.8106,0.5413,2.3339
25.8108,0.5506,2.3753
25.8110,0.5483,2.3677
25.8112,0.546,2.3535
25.8114,0.5695,2.4536
25.8116,0.617,2.6569
25.8118,0.6648,2.8651
25.8120,0.6252,2.692
25.8122,0.6458,2.7757
25.8124,0.7393,3.1777
25.8126,0.7649,3.289
25.8128,0.7621,3.2756
25.8130,0.8384,3.6033
25.8132,0.8186,3.515
25.8134,0.8729,3.743
25.8136,0.9865,4.222
25.8138,1.0365,4.4381
25.8140,0.9926,4.2462
25.8142,1.0567,4.5249
25.8144,1.0722,4.589
25.8146,1.1149,4.7694
25.8148,1.0595,4.5515
25.8150,0.8585,3.6865
25.8152,0.8994,3.8603
25.8154,0.947,4.0551
25.8156,1.0419,4.4633
25.8158,1.024,4.3888
25.8160,1.0764,4.6091
25.8162,1.057,4.5259
25.8164,1.053,4.5069
25.8166,1.061,4.5455
25.8168,1.06,4.5387
25.8170,1.066,4.5666
25.8172,1.0867,4.6576
25.8174,1.0716,4.5907
25.8176,1.0726,4.6012
25.8178,0.9293,3.9958
25.8180,0.8344,3.5813
25.8182,0.9368,4.0133
25.8184,0.9534,4.0976
25.8186,0.8536,3.6705
25.8188,0.8444,3.6291
25.8190,0.8825,3.7895
25.8192,0.9184,3.9508
25.8194,0.8118,3.4938
25.8196,0.7528,3.2384
25.8198,0.7462,3.213
25.8200,0.6621,2.8564
25.8202,0.6435,2.7723
25.8204,0.7257,3.1233
25.8206,0.7484,3.2183
25.8208,0.7416,3.1993
25.8210,0.5953,2.5659
25.8212,0.6579,2.8317
25.8214,0.6953,2.9955
25.8216,0.6754,2.907
25.8218,0.7553,3.2462
25.8220,0.8562,3.6818
25.8222,0.8173,3.5208
25.8224,0.7312,3.1455
25.8226,0.7614,3.2801
25.8228,0.6776,2.9217
25.8230,0.6508,2.8051
25.8232,0.6305,2.7173
25.8234,0.7108,3.0578
25.8236,0.7759,3.3442
25.8238,0.7297,3.1364
25.8240,0.8219,3.5327
25.8242,0.8657,3.7191
25.8244,0.8871,3.809
25.8246,0.8448,3.6312
25.8248,0.7805,3.3575
25.8250,0.7002,3.0209
25.8252,0.6654,2.8703
25.8254,0.6683,2.8793
25.8256,0.6697,2.8876
25.8258,0.5896,2.5446
25.8260,0.6068,2.6143
25.8262,0.6458,2.7847
25.8264,0.6523,2.81
25.8266,0.6571,2.832
25.8268,0.5936,2.5646
25.8270,0.5168,2.2325
25.8272,0.5767,2.4835
25.8274,0.6883,2.965
25.8276,0.638,2.7498
25.8278,0.5832,2.516
25.8280,0.5731,2.4714
25.8282,0.5746,2.4742
25.8284,0.6977,3.003
25.8286,0.6701,2.8924
25.8288,0.5915,2.5517
25.8290,0.5799,2.5004
25.8292,0.5582,2.4079
25.8294,0.5689,2.4544
25.8296,0.5713,2.4636
25.8298,0.5843,2.5183
25.8300,0.5699,2.4586
25.8302,0.5922,2.5572
25.8304,0.5634,2.4295
25.8306,0.5713,2.4636
25.8308,0.5895,2.5453
25.8310,0.5357,2.3112
25.8312,0.5379,2.3183
25.8314,0.5728,2.4676
25.8316,0.5713,2.4625
25.8318,0.5729,2.4715
25.8320,0.5712,2.4654
25.8322,0.5433,2.3437
25.8324,0.5401,2.3287
25.8326,0.5175,2.2325
25.8328,0.5283,2.277
25.8330,0.5712,2.4608
25.8332,0.5801,2.5014
25.8334,0.5722,2.4684
25.8336,0.5019,2.1673
25.8338,0.4578,1.9777
25.8340,0.4554,1.9664
25.8342,0.4642,2.0033
25.8344,0.4736,2.0432
25.8346,0.5029,2.1684
25.8348,0.5397,2.3272
25.8350,0.5693,2.4526
25.8352,0.6065,2.6127
25.8354,0.6217,2.6783
25.8356,0.6219,2.6756
25.8358,0.7018,3.0206
25.8360,0.7246,3.1172
25.8362,0.7507,3.2251
25.8364,0.799,3.4343
25.8366,0.7332,3.1572
25.8368,0.6897,2.9712
25.8370,0.6439,2.779
25.8372,0.5052,2.1823
25.8374,0.4863,2.098
25.8376,0.4806,2.0742
25.8378,0.4698,2.0285
25.8380,0.4665,2.0146
25.8382,0.4621,1.9899
25.8384,0.6073,2.6115
25.8386,0.6468,2.7914
25.8388,0.5186,2.2382
25.8390,0.5279,2.2754
25.8392,0.5428,2.3406
25.8394,0.52,2.2424
25.8396,0.5429,2.3368
25.8398,0.5903,2.5442
25.8400,0.5368,2.3158
25.8402,0.5417,2.3359
25.8404,0.6072,2.6134
25.8406,0.7146,3.0715
25.8408,0.7019,3.0211
25.8410,0.6723,2.8909
25.8412,0.6801,2.9326
25.8414,0.5624,2.4237
25.8416,0.5959,2.5673
25.8418,0.6331,2.7236
25.8420,0.7049,3.0326
25.8422,0.6885,2.9647
25.8424,0.6674,2.8791
25.8426,0.5459,2.354
25.8428,0.5213,2.248
25.8430,0.5121,2.2082
25.8432,0.5281,2.2728
25.8434,0.5947,2.5633
25.8436,0.641,2.7564
25.8438,0.7362,3.1628
25.8440,0.7717,3.3199
25.8442,0.6707,2.8856
25.8444,0.6686,2.8749
25.8446,0.7005,3.0107
25.8448,0.7308,3.1352
25.8450,0.789,3.391
25.8452,0.7472,3.2117
25.8454,0.7598,3.2612
25.8456,0.8408,3.6069
25.8458,0.8863,3.7988
25.8460,0.9505,4.0719
25.8462,0.9423,4.0426
25.8464,0.9007,3.8605
25.8466,0.9101,3.9006
25.8468,0.9951,4.265
25.8470,1.0257,4.3919
25.8472,1.0501,4.4966
25.8474,1.0112,4.3318
25.8476,0.999,4.2819
25.8478,0.9783,4.193
25.8480,0.9813,4.2078
25.8482,0.9184,3.9361
25.8484,0.9661,4.1387
25.8486,1.03,4.4166
25.8488,0.9196,3.9522
25.8490,0.8104,3.4816
25.8492,0.8089,3.4749
25.8494,0.8213,3.5269
25.8496,0.8133,3.4973
25.8498,0.7886,3.3879
25.8500,0.8415,3.6167
25.8502,0.8191,3.5204
25.8504,0.8514,3.6561
25.8506,0.9387,4.0253
25.8508,0.9508,4.0791
25.8510,0.9152,3.9264
25.8512,0.8217,3.5317
25.8514,0.7814,3.3617
25.8516,0.7829,3.3647
25.8518,0.7797,3.356
25.8520,0.726,3.1219
25.8522,0.8348,3.5795
25.8524,0.9173,3.9314
25.8526,0.9396,4.0327
25.8528,0.9375,4.0258
25.8530,0.9203,3.9498
25.8532,0.918,3.9419
25.8534,0.8887,3.8233
25.8536,0.8288,3.5605
25.8538,0.8291,3.5603
25.8540,0.8084,3.4777
25.8542,0.7074,3.0476
25.8544,0.7383,3.176
25.8546,0.8155,3.5016
25.8548,0.8625,3.7069
25.8550,0.8718,3.7454
25.8552,0.8733,3.7481
25.8554,0.849,3.6492
25.8556,0.8128,3.4952
25.8558,0.8457,3.6297
25.8560,0.8898,3.8262
25.8562,0.8861,3.8067
25.8564,0.8819,3.7851
25.8566,0.8747,3.7577
25.8568,0.852,3.6621
25.8570,0.8363,3.5912
25.8572,0.8747,3.756
25.8574,0.8745,3.7602
25.8576,0.8553,3.676
25.8578,0.863,3.7073
25.8580,0.8692,3.7393
25.8582,0.8427,3.6202
25.8584,0.854,3.6686
25.8586,0.8604,3.6947
25.8588,0.8606,3.6987
25.8590,0.8586,3.6904
25.8592,0.8885,3.8152
25.8594,0.9144,3.9301
25.8596,0.8086,3.4788
25.8598,0.7585,3.2662
25.8600,0.7848,3.3745
25.8602,0.7682,3.3065
25.8604,0.7784,3.3472
25.8606,0.83,3.5706
25.8608,0.8019,3.4451
25.8610,0.8378,3.6058
25.8612,0.7791,3.3565
25.8614,0.701,3.0169
25.8616,0.7119,3.0682
25.8618,0.7068,3.0422
25.8620,0.7634,3.2797
25.8622,0.8326,3.5803
25.8624,0.8084,3.4777
25.8626,0.8343,3.5958
25.8628,0.7091,3.0535
25.8630,0.6844,2.9471
25.8632,0.6637,2.8618
25.8634,0.6773,2.9166
25.8636,0.6959,2.9967
25.8638,0.7126,3.0656
25.8640,0.7716,3.3255
25.8642,0.6988,3.0105
25.8644,0.6657,2.8705
25.8646,0.591,2.5484
25.8648,0.5753,2.4819
25.8650,0.5772,2.4901
25.8652,0.5993,2.5865
25.8654,0.4945,2.1362
25.8656,0.4803,2.0731
25.8658,0.4812,2.0787
25.8660,0.4993,2.1549
25.8662,0.5819,2.5103
25.8664,0.5474,2.3602
25.8666,0.5291,2.2827
25.8668,0.527,2.2745
25.8670,0.5249,2.2636
25.8672,0.5842,2.5178
25.8674,0.6221,2.6861
25.8676,0.5466,2.3604
25.8678,0.5282,2.2796
25.8680,0.5247,2.2625
25.8682,0.5272,2.2744
25.8684,0.5296,2.2848
25.8686,0.5296,2.2848
25.8688,0.5313,2.291
25.8690,0.5818,2.5098
25.8692,0.5976,2.5769
25.8694,0.6649,2.8616
25.8696,0.7215,3.1052
25.8698,0.67,2.8905
25.8700,0.5502,2.3738
25.8702,0.5367,2.3153
25.8704,0.5393,2.3234
25.8706,0.6239,2.6876
25.8708,0.5797,2.501
25.8710,0.5797,2.4998
25.8712,0.6499,2.7984
25.8714,0.6462,2.7811
25.8716,0.6537,2.8175
25.8718,0.653,2.8131
25.8720,0.6484,2.7935
25.8722,0.6517,2.8035
25.8724,0.6541,2.8152
25.8726,0.6787,2.921
25.8728,0.7246,3.1215
25.8730,0.649,2.7935
25.8732,0.6454,2.7793
25.8734,0.666,2.8663
25.8736,0.65,2.7976
25.8738,0.652,2.8025
25.8740,0.7431,3.1951
25.8742,0.7788,3.355
25.8744,0.6797,2.9242
25.8746,0.6999,3.0109
25.8748,0.7036,3.0283
25.8750,0.7236,3.1145
25.8752,0.7538,3.24
25.8754,0.7668,3.2972
25.8756,0.7718,3.3235
25.8758,0.7417,3.1894
25.8760,0.7315,3.1471
25.8762,0.6972,2.9996
25.8764,0.7206,3.103
25.8766,0.6749,2.9036
25.8768,0.7266,3.1245
25.8770,0.7079,3.0455
25.8772,0.7698,3.307
25.8774,0.7865,3.3786
25.8776,0.815,3.5028
25.8778,0.7895,3.3962
25.8780,0.782,3.3596
25.8782,0.7857,3.3771
25.8784,0.7558,3.2528
25.8786,0.7034,3.0245
25.8788,0.7195,3.0941
25.8790,0.7672,3.3003
25.8792,0.7937,3.4095
25.8794,0.8365,3.5934
25.8796,0.818,3.5141
25.8798,0.8152,3.5006
25.8800,0.8237,3.5372
25.8802,0.8354,3.5921
25.8804,0.8152,3.5088
25.8806,0.7487,3.2208
25.8808,0.7619,3.2761
25.8810,0.7384,3.1809
25.8812,0.7082,3.0451
25.8814,0.7596,3.2617
25.8816,0.7988,3.4333
25.8818,0.7849,3.3751
25.8820,0.7956,3.4194
25.8822,0.8354,3.5905
25.8824,0.8011,3.4463
25.8826,0.7237,3.1136
25.8828,0.7731,3.3261
25.8830,0.7666,3.2962
25.8832,0.7309,3.143
25.8834,0.7595,3.2688
25.8836,0.7427,3.1936
25.8838,0.8028,3.4455
25.8840,0.8725,3.7502
25.8842,0.8176,3.5125
25.8844,0.8207,3.5276
25.8846,0.8624,3.7012
25.8848,0.9133,3.9145
25.8850,0.9374,4.0178
25.8852,0.926,3.9838
25.8854,0.8228,3.5331
25.8856,0.9574,4.1055
25.8858,0.9573,4.1031
25.8860,0.9854,4.2194
25.8862,1.0531,4.5116
25.8864,1.0544,4.5193
25.8866,1.058,4.5305
25.8868,1.0602,4.5419
25.8870,1.0585,4.5326
25.8872,1.1108,4.752
25.8874,1.1355,4.8531
25.8876,1.2137,5.1897
25.8878,1.2025,5.1396
25.8880,1.1896,5.0914
25.8882,1.1847,5.0751
25.8884,1.1494,4.9195
25.8886,1.1679,5.0008
25.8888,1.1652,4.9825
25.8890,1.1788,5.0523
25.8892,1.0553,4.5251
25.8894,1.0703,4.5872
25.8896,1.0414,4.4696
25.8898,1.0354,4.4438
25.8900,1.0374,4.4505
25.8902,1.0254,4.3991
25.8904,1.0225,4.3929
25.8906,0.9771,4.1918
25.8908,0.936,4.0172
25.8910,0.9365,4.0268
25.8912,0.8583,3.6923
25.8914,0.8441,3.6315
25.8916,0.8712,3.7445
25.8918,0.8694,3.7351
25.8920,0.9114,3.9208
25.8922,0.8278,3.5596
25.8924,0.8643,3.7112
25.8926,0.9076,3.9025
25.8928,0.8753,3.7621
25.8930,0.9259,3.9777
25.8932,0.952,4.0862
25.8934,0.9719,4.1755
25.8936,0.8398,3.6162
25.8938,0.8113,3.4885
25.8940,0.8935,3.8368
25.8942,0.8648,3.7254
25.8944,0.8084,3.4793
25.8946,0.8513,3.6607
25.8948,0.8606,3.6987
25.8950,0.9399,4.038
25.8952,0.979,4.1981
25.8954,0.9953,4.272
25.8956,0.9514,4.0874
25.8958,0.9471,4.0651
25.8960,1.0259,4.4073
25.8962,0.9421,4.0548
25.8964,0.8604,3.6982
25.8966,0.8897,3.8257
25.8968,0.8383,3.6028
25.8970,0.8948,3.8443
25.8972,0.9462,4.0572
25.8974,1.1018,4.7245
25.8976,1.1755,5.0431
25.8978,0.9842,4.228
25.8980,0.9337,4.0168
25.8982,0.7807,3.3633
25.8984,0.7066,3.0469
25.8986,0.6759,2.9158
25.8988,0.5984,2.5877
25.8990,0.5282,2.2849
25.8992,0.5259,2.2708
25.8994,0.5413,2.3382
25.8996,0.5343,2.3092
25.8998,0.5391,2.3278
25.9000,0.5169,2.2289
25.9002,0.603,2.605
25.9004,0.5447,2.35
25.9006,0.6341,2.7417
25.9008,0.5252,2.2677
25.9010,0.5916,2.5522
25.9012,0.5968,2.5745
25.9014,0.5867,2.5357
25.9016,0.508,2.1957
25.9018,0.5043,2.1756
25.9020,0.571,2.461
25.9022,0.6663,2.8718
25.9024,0.711,3.0603
25.9026,0.8014,3.4462
25.9028,0.8621,3.7019
25.9030,0.8637,3.7103
25.9032,0.8513,3.659
25.9034,0.801,3.4522
25.9036,0.6544,2.8219
25.9038,0.6152,2.6541
25.9040,0.6103,2.6341
25.9042,0.6495,2.7956
25.9044,0.732,3.1521
25.9046,0.7209,3.1041
25.9048,0.6873,2.9636
25.9050,0.6136,2.6469
25.9052,0.6103,2.6317
25.9054,0.6078,2.6208
25.9056,0.6074,2.6205
25.9058,0.6067,2.6186
25.9060,0.6073,2.62
25.9062,0.6082,2.6212
25.9064,0.6091,2.6265
25.9066,0.6148,2.6508
25.9068,0.6668,2.8725
25.9070,0.6789,2.9274
25.9072,0.6118,2.6403
25.9074,0.6013,2.5941
25.9076,0.5978,2.5803
25.9078,0.5812,2.5072
25.9080,0.6094,2.6263
25.9082,0.6765,2.9117
25.9084,0.7269,3.1299
25.9086,0.7417,3.1939
25.9088,0.745,3.2078
25.9090,0.7701,3.3147
25.9092,0.7493,3.2249
25.9094,0.7614,3.2786
25.9096,0.7697,3.308
25.9098,0.8318,3.5733
25.9100,0.8317,3.5778
25.9102,0.8252,3.5433
25.9104,0.8914,3.8329
25.9106,0.8851,3.8079
25.9108,0.8489,3.6504
25.9110,0.8275,3.5581
25.9112,0.818,3.5141
25.9114,0.863,3.7142
25.9116,0.7963,3.424
25.9118,0.8423,3.6271
25.9120,0.7552,3.2472
25.9122,0.8348,3.5879
25.9124,0.8588,3.6875
25.9126,0.9221,3.9557
25.9128,0.9672,4.1472
25.9130,1.0065,4.3198
25.9132,1.0289,4.4119
25.9134,1.0347,4.4304
25.9136,1.1371,4.8712
25.9138,1.1239,4.8169
25.9140,1.1323,4.8506
25.9142,1.1284,4.8319
25.9144,1.0877,4.6617
25.9146,1.0541,4.5262
25.9148,0.9765,4.197
25.9150,0.9242,3.9668
25.9152,1.0092,4.3276
25.9154,1.0516,4.5091
25.9156,1.0082,4.329
25.9158,1.0162,4.3574
25.9160,1.0283,4.4073
25.9162,1.0197,4.3744
25.9164,0.9972,4.2902
25.9166,0.9426,4.0436
25.9168,0.9817,4.2172
25.9170,0.9115,3.9159
25.9172,0.9554,4.0987
25.9174,0.9891,4.2492
25.9176,0.9235,3.9711
25.9178,0.8971,3.8612
25.9180,0.8243,3.5463
25.9182,0.8362,3.5957
25.9184,0.8737,3.7589
25.9186,0.8988,3.8631
25.9188,0.9501,4.0741
25.9190,1.0271,4.4063
25.9192,1.056,4.5303
25.9194,1.0259,4.4176
25.9196,0.8619,3.7061
25.9198,0.8909,3.8273
25.9200,0.9235,3.9655
25.9202,0.8489,3.6538
25.9204,0.8184,3.5173
25.9206,0.9085,3.903
25.9208,0.9426,4.0531
25.9210,0.9362,4.0257
25.9212,0.9163,3.9401
25.9214,0.9237,3.9684
25.9216,0.8614,3.7092
25.9218,0.8025,3.4541
25.9220,0.8218,3.5355
25.9222,0.863,3.7073
25.9224,0.9148,3.9389
25.9226,0.8547,3.6734
25.9228,0.8896,3.8234
25.9230,0.9185,3.9513
25.9232,0.876,3.7722
25.9234,0.8498,3.654
25.9236,0.8432,3.6273
25.9238,0.8801,3.7844
25.9240,0.9134,3.9314
25.9242,0.8426,3.6247
25.9244,0.8531,3.677
25.9246,0.7062,3.0467
25.9248,0.6928,2.986
25.9250,0.7348,3.1639
25.9252,0.7694,3.3116
25.9254,0.8185,3.5243
25.9256,0.8062,3.4701
25.9258,0.8114,3.4939
25.9260,0.8042,3.4645
25.9262,0.8212,3.5264
25.9264,0.9601,4.1168
25.9266,0.9935,4.2722
25.9268,0.8477,3.6503
25.9270,0.7944,3.4174
25.9272,0.9097,3.9136
25.9274,0.9004,3.8752
25.9276,0.8398,3.6162
25.9278,0.8125,3.4985
25.9280,0.7837,3.3762
25.9282,0.7881,3.3953
25.9284,0.7801,3.356
25.9286,0.7795,3.3565
25.9288,0.78,3.3617
25.9290,0.7856,3.3829
25.9292,0.7932,3.4122
25.9294,0.7965,3.4314
25.9296,0.7829,3.3694
25.9298,0.7813,3.3612
25.9300,0.7739,3.3338
25.9302,0.776,3.3431
25.9304,0.8249,3.5473
25.9306,0.8895,3.8247
25.9308,0.7825,3.3757
25.9310,0.7055,3.0394
25.9312,0.7712,3.324
25.9314,0.6813,2.9364
25.9316,0.6254,2.6981
25.9318,0.5736,2.4769
25.9320,0.5748,2.4832
25.9322,0.601,2.595
25.9324,0.5891,2.5425
25.9326,0.5801,2.5049
25.9328,0.6084,2.6271
25.9330,0.6002,2.5907
25.9332,0.5981,2.5801
25.9334,0.5902,2.5484
25.9336,0.5748,2.4821
25.9338,0.6332,2.7279
25.9340,0.8049,3.4612
25.9342,0.8302,3.5733
25.9344,0.7537,3.244
25.9346,0.7476,3.2222
25.9348,0.6921,2.9801
25.9350,0.7,3.017
25.9352,0.7472,3.2162
25.9354,0.833,3.5818
25.9356,0.8083,3.4804
25.9358,0.7685,3.309
25.9360,0.7678,3.3029
25.9362,0.8084,3.4745
25.9364,0.8752,3.7651
25.9366,0.8096,3.4845
25.9368,0.7868,3.3865
25.9370,0.8025,3.4525
25.9372,0.8389,3.6088
25.9374,0.8506,3.6576
25.9376,0.8417,3.6195
25.9378,0.8466,3.6406
25.9380,0.7898,3.3978
25.9382,0.8157,3.5125
25.9384,0.7981,3.4366
25.9386,0.807,3.4715
25.9388,0.7898,3.4041
25.9390,0.7442,3.2018
25.9392,0.762,3.2827
25.9394,0.7104,3.0677
25.9396,0.5426,2.3428
25.9398,0.5138,2.2196
25.9400,0.5096,2.2025
25.9402,0.5138,2.2206
25.9404,0.5332,2.2992
25.9406,0.6749,2.9036
25.9408,0.7349,3.1703
25.9410,0.5681,2.4542
25.9412,0.5926,2.5575
25.9414,0.6276,2.7011
25.9416,0.7001,3.0217
25.9418,0.5783,2.4994
25.9420,0.5049,2.1802
25.9422,0.5098,2.2025
25.9424,0.5058,2.1849
25.9426,0.5576,2.4053
25.9428,0.6006,2.5886
25.9430,0.6049,2.6084
25.9432,0.6112,2.6365
25.9434,0.6152,2.6541
25.9436,0.6079,2.6201
25.9438,0.6386,2.7486
25.9440,0.707,3.0428
25.9442,0.6878,2.9671
25.9444,0.5715,2.4676
25.9446,0.5177,2.2336
25.9448,0.5465,2.3577
25.9450,0.5959,2.5708
25.9452,0.6216,2.6828
25.9454,0.5905,2.5452
25.9456,0.6118,2.633
25.9458,0.7207,3.1021
25.9460,0.766,3.2951
25.9462,0.7871,3.3812
25.9464,0.804,3.457
25.9466,0.8307,3.5687
25.9468,0.8636,3.7064
25.9470,0.9199,3.9538
25.9472,0.8711,3.7423
25.9474,0.8619,3.7095
25.9476,0.7303,3.1434
25.9478,0.6898,2.9676
25.9480,0.7373,3.1748
25.9482,0.765,3.2956
25.9484,0.7682,3.3049
25.9486,0.7589,3.2662
25.9488,0.7633,3.2838
25.9490,0.7954,3.4252
25.9492,0.7456,3.2089
25.9494,0.7139,3.0741
25.9496,0.7228,3.1051
25.9498,0.8542,3.6731
25.9500,0.8335,3.5855
25.9502,0.8285,3.5627
25.9504,0.8181,3.5162
25.9506,0.8719,3.7459
25.9508,0.882,3.7892
25.9510,0.8534,3.6746
25.9512,0.7568,3.2605
25.9514,0.6951,2.9958
25.9516,0.6582,2.8327
25.9518,0.7036,3.0297
25.9520,0.7047,3.0329
25.9522,0.7691,3.3055
25.9524,0.8155,3.5114
25.9526,0.7225,3.1113
25.9528,0.719,3.0915
25.9530,0.7416,3.1963
25.9532,0.7261,3.1297
25.9534,0.6938,2.986
25.9536,0.6872,2.9617
25.9538,0.723,3.1105
25.9540,0.7378,3.1813
25.9542,0.6405,2.7594
25.9544,0.6663,2.8665
25.9546,0.7347,3.159
25.9548,0.7856,3.386
25.9550,0.6577,2.8359
25.9552,0.65,2.8028
25.9554,0.6517,2.8088
25.9556,0.6608,2.8467
25.9558,0.652,2.8103
25.9560,0.6554,2.8261
25.9562,0.6712,2.8917
25.9564,0.6447,2.7814
25.9566,0.5691,2.455
25.9568,0.5728,2.4721
25.9570,0.5713,2.4636
25.9572,0.5841,2.5196
25.9574,0.5399,2.3282
25.9576,0.5751,2.4797
25.9578,0.6115,2.6381
25.9580,0.6284,2.7072
25.9582,0.6908,2.9717
25.9584,0.7344,3.1624
25.9586,0.7052,3.0364
25.9588,0.6552,2.8224
25.9590,0.633,2.7243
25.9592,0.7187,3.0905
25.9594,0.7289,3.1445
25.9596,0.6146,2.6503
25.9598,0.6046,2.6032
25.9600,0.6674,2.8765
25.9602,0.6554,2.8274
25.9604,0.5745,2.4748
25.9606,0.5954,2.5676
25.9608,0.5466,2.3582
25.9610,0.5705,2.4577
25.9612,0.5724,2.4706
25.9614,0.5504,2.3765
25.9616,0.5668,2.4451
25.9618,0.5789,2.4974
25.9620,0.5311,2.2942
25.9622,0.515,2.2227
25.9624,0.5517,2.3777
25.9626,0.5197,2.245
25.9628,0.4773,2.0612
25.9630,0.5229,2.2579
25.9632,0.5403,2.3308
25.9634,0.5469,2.356
25.9636,0.6016,2.5927
25.9638,0.6446,2.7731
25.9640,0.6584,2.8416
25.9642,0.5073,2.1896
25.9644,0.4945,2.1342
25.9646,0.4789,2.0669
25.9648,0.4664,2.0131
25.9650,0.516,2.2279
25.9652,0.4797,2.0706
25.9654,0.4622,1.9959
25.9656,0.4596,1.9845
25.9658,0.4652,2.0098
25.9660,0.4618,1.9929
25.9662,0.4632,1.9991
25.9664,0.4649,2.0073
25.9666,0.4643,2.0047
25.9668,0.4609,1.9902
25.9670,0.4594,1.9826
25.9672,0.4606,1.9878
25.9674,0.4627,1.998
25.9676,0.4621,1.9954
25.9678,0.461,1.9898
25.9680,0.4609,1.9902
25.9682,0.4658,2.0105
25.9684,0.5096,2.1953
25.9686,0.5885,2.5388
25.9688,0.4904,2.1176
25.9690,0.4577,1.9744
25.9692,0.4758,2.0516
25.9694,0.5355,2.308
25.9696,0.5742,2.4703
25.9698,0.6011,2.5895
25.9700,0.5753,2.4796
25.9702,0.5621,2.4227
25.9704,0.5425,2.3401
25.9706,0.476,2.0536
25.9708,0.4637,2.0012
25.9710,0.4583,1.9788
25.9712,0.503,2.1689
25.9714,0.4903,2.1141
25.9716,0.4667,2.0151
25.9718,0.4574,1.9752
25.9720,0.452,1.951
25.9722,0.4588,1.9791
25.9724,0.4595,1.9813
25.9726,0.4571,1.9727
25.9728,0.4596,1.9827
25.9730,0.4832,2.0846
25.9732,0.4737,2.0428
25.9734,0.4799,2.0701
25.9736,0.4897,2.1125
25.9738,0.4703,2.0287
25.9740,0.4595,1.9822
25.9742,0.4615,1.991
25.9744,0.4683,2.0176
25.9746,0.546,2.3502
25.9748,0.6347,2.7303
25.9750,0.6778,2.9133
25.9752,0.7425,3.1925
25.9754,0.6992,3.005
25.9756,0.7245,3.1152
25.9758,0.7054,3.0332
25.9760,0.691,2.97
25.9762,0.6529,2.8087
25.9764,0.6441,2.7659
25.9766,0.7122,3.0612
25.9768,0.6889,2.9607
25.9770,0.7615,3.2715
25.9772,0.8112,3.4847
25.9774,0.7585,3.2571
25.9776,0.7482,3.2173
25.9778,0.7574,3.2509
25.9780,0.8001,3.4325
25.9782,0.8212,3.5247
25.9784,0.8217,3.5251
25.9786,0.7892,3.3873
25.9788,0.7823,3.359
25.9790,0.794,3.4095
25.9792,0.8293,3.5592
25.9794,0.8398,3.6011
25.9796,0.8095,3.4759
25.9798,0.7757,3.3323
25.9800,0.8307,3.5654
25.9802,0.8311,3.5736
25.9804,0.7571,3.2554
25.9806,0.7886,3.3879
25.9808,0.7735,3.3199
25.9810,0.7854,3.374
25.9812,0.7723,3.3178
25.9814,0.7513,3.2292
25.9816,0.7036,3.0297
25.9818,0.7017,3.0172
25.9820,0.7573,3.2534
25.9822,0.7463,3.2105
25.9824,0.761,3.2725
25.9826,0.7342,3.1599
25.9828,0.6459,2.7775
25.9830,0.6901,2.97
25.9832,0.694,2.9842
25.9834,0.7573,3.2519
25.9836,0.7818,3.3585
25.9838,0.8651,3.7096
25.9840,0.9036,3.8747
25.9842,0.8655,3.7129
25.9844,0.8668,3.7203
25.9846,0.7947,3.4189
25.9848,0.6896,2.9665
25.9850,0.7502,3.2186
25.9852,0.8914,3.8222
25.9854,0.8724,3.748
25.9856,0.8145,3.4975
25.9858,0.8152,3.499
25.9860,0.8095,3.4727
25.9862,0.8771,3.7645
25.9864,0.8614,3.6988
25.9866,0.8673,3.7258
25.9868,0.8279,3.5552
25.9870,0.8074,3.4671
25.9872,0.8609,3.6951
25.9874,0.8519,3.6565
25.9876,0.8241,3.5387
25.9878,0.7871,3.3859
25.9880,0.7719,3.3209
25.9882,0.7842,3.3704
25.9884,0.8202,3.5201
25.9886,0.8133,3.4956
25.9888,0.7634,3.2858
25.9890,0.6942,2.9867
25.9892,0.698,3.0054
25.9894,0.6772,2.9148
25.9896,0.6896,2.9693
25.9898,0.6895,2.9688
25.9900,0.6716,2.8919
25.9902,0.6435,2.7685
25.9904,0.7408,3.1853
25.9906,0.7555,3.2487
25.9908,0.7537,3.238
25.9910,0.7899,3.3936
25.9912,0.8131,3.4946
25.9914,0.8234,3.5406
25.9916,0.7419,3.1914
25.9918,0.6825,2.9375
25.9920,0.7152,3.0741
25.9922,0.7656,3.289
25.9924,0.7648,3.2854
25.9926,0.8265,3.5523
25.9928,0.7829,3.3663
25.9930,0.7082,3.0451
25.9932,0.7126,3.0684
25.9934,0.6787,2.921
25.9936,0.7386,3.1746
25.9938,0.8199,3.5174
25.9940,0.8592,3.6964
25.9942,0.748,3.2192
25.9944,0.7038,3.0251
25.9946,0.7453,3.2064
25.9948,0.7595,3.2688
25.9950,0.77,3.308
25.9952,0.7893,3.3957
25.9954,0.7493,3.2219
25.9956,0.7301,3.1424
25.9958,0.705,3.0345
25.9960,0.7579,3.2545
25.9962,0.7743,3.3312
25.9964,0.7203,3.1
25.9966,0.7237,3.1121
25.9968,0.7475,3.2157
25.9970,0.7829,3.36
25.9972,0.8783,3.7732
25.9974,0.8441,3.6264
25.9976,0.8173,3.5159
25.9978,0.7235,3.1183
25.9980,0.6107,2.6357
25.9982,0.5577,2.4025
25.9984,0.5962,2.5707
25.9986,0.552,2.3804
25.9988,0.5794,2.4983
25.9990,0.5729,2.4704
25.9992,0.5618,2.42
25.9994,0.5648,2.4341
25.9996,0.5517,2.3789
25.9998,0.5618,2.4234
26.0000,0.5415,2.3371
26.0002,0.5391,2.3246
26.0004,0.6001,2.5805
26.0006,0.6771,2.9197
26.0008,0.5547,2.3929
26.0010,0.5379,2.3194
26.0012,0.542,2.337
26.0014,0.5397,2.3272
26.0016,0.5788,2.4957
26.0018,0.5916,2.5475
26.0020,0.6261,2.6937
26.0022,0.647,2.7847
26.0024,0.6307,2.7208
26.0026,0.5809,2.5004
26.0028,0.6448,2.778
26.0030,0.6649,2.8643
26.0032,0.6362,2.7383
26.0034,0.653,2.8105
26.0036,0.6468,2.7824
26.0038,0.7185,3.0894
26.0040,0.7266,3.1259
26.0042,0.6707,2.8869
26.0044,0.6463,2.7868
26.0046,0.5524,2.3842
26.0048,0.5366,2.3148
26.0050,0.5464,2.3539
26.0052,0.5591,2.4087
26.0054,0.5789,2.4951
26.0056,0.5516,2.3794
26.0058,0.4594,1.9844
26.0060,0.4464,1.9285
26.0062,0.4528,1.955
26.0064,0.4442,1.9183
26.0066,0.4424,1.9123
26.0068,0.4351,1.8789
26.0070,0.4349,1.8744
26.0072,0.5405,2.3297
26.0074,0.5331,2.2987
26.0076,0.5024,2.1674
26.0078,0.5315,2.2888
26.0080,0.6098,2.6272
26.0082,0.6064,2.611
26.0084,0.614,2.6416
26.0086,0.6249,2.691
26.0088,0.6046,2.6032
26.0090,0.662,2.8492
26.0092,0.6176,2.6583
26.0094,0.595,2.5619
26.0096,0.5939,2.5585
26.0098,0.6389,2.7483
26.0100,0.6983,3
26.0102,0.7293,3.1373
26.0104,0.6681,2.8729
26.0106,0.7098,3.058
26.0108,0.5471,2.3603
26.0110,0.4854,2.0949
26.0112,0.4743,2.0454
26.0114,0.5102,2.201
26.0116,0.5621,2.4227
26.0118,0.5971,2.5724
26.0120,0.5697,2.453
26.0122,0.5568,2.3966
26.0124,0.6053,2.6039
26.0126,0.6871,2.9543
26.0128,0.7034,3.0259
26.0130,0.6887,2.9643
26.0132,0.72,3.0918
26.0134,0.7831,3.3673
26.0136,0.7544,3.2396
26.0138,0.8562,3.6681
26.0140,0.9645,4.132
26.0142,0.9481,4.0635
26.0144,0.9403,4.0282
26.0146,0.9578,4.109
26.0148,0.9176,3.9366
26.0150,0.9182,3.9355
26.0152,0.8901,3.8166
26.0154,0.9035,3.8723
26.0156,0.9472,4.0637
26.0158,0.9,3.861
26.0160,0.897,3.8464
26.0162,0.9332,4.0035
26.0164,0.9005,3.8631
26.0166,0.9024,3.8749
26.0168,0.8722,3.7417
26.0170,0.9016,3.8641
26.0172,0.9223,3.953
26.0174,0.9324,4.0018
26.0176,0.862,3.7049
26.0178,0.7806,3.3612
26.0180,0.6842,2.9461
26.0182,0.6237,2.6834
26.0184,0.6933,2.9784
26.0186,0.7971,3.4277
26.0188,0.72,3.0961
26.0190,0.742,3.1831
26.0192,0.8815,3.7818
26.0194,0.8826,3.79
26.0196,0.8466,3.6406
26.0198,0.801,3.4377
26.0200,0.8848,3.7922
26.0202,0.9458,4.0632
26.0204,0.8325,3.5831
26.0206,0.7383,3.176
26.0208,0.7826,3.3606
26.0210,0.8806,3.783
26.0212,0.8184,3.5189
26.0214,0.7445,3.2073
26.0216,0.6766,2.9122
26.0218,0.699,3.0059
26.0220,0.7547,3.2436
26.0222,0.7672,3.3003
26.0224,0.7374,3.1724
26.0226,0.7868,3.3817
26.0228,0.841,3.6113
26.0230,0.8179,3.5201
26.0232,0.7363,3.1662
26.0234,0.7753,3.3323
26.0236,0.7764,3.3338
26.0238,0.8285,3.5594
26.0240,0.7652,3.2951
26.0242,0.7481,3.2183
26.0244,0.7448,3.2058
26.0246,0.7402,3.1813
26.0248,0.7446,3.2048
26.0250,0.6974,3.0029
26.0252,0.6923,2.9784
26.0254,0.6957,2.9942
26.0256,0.6942,2.9894
26.0258,0.6925,2.9817
26.0260,0.7269,3.1255
26.0262,0.7614,3.2755
26.0264,0.703,3.0271
26.0266,0.6887,2.9671
26.0268,0.6307,2.7171
26.0270,0.6496,2.7909
26.0272,0.7719,3.3194
26.0274,0.7146,3.0786
26.0276,0.6348,2.7359
26.0278,0.6192,2.6699
26.0280,0.6155,2.6515
26.0282,0.6186,2.6636
26.0284,0.6204,2.6726
26.0286,0.6246,2.692
26.0288,0.6222,2.6791
26.0290,0.6206,2.6737
26.0292,0.663,2.8547
26.0294,0.7092,3.0511
26.0296,0.6687,2.8808
26.0298,0.6242,2.6879
26.0300,0.6299,2.7109
26.0302,0.6367,2.7416
26.0304,0.6098,2.6296
26.0306,0.5654,2.4378
26.0308,0.5895,2.5429
26.0310,0.4923,2.1239
26.0312,0.4689,2.0259
26.0314,0.4654,2.0112
26.0316,0.4639,2.0032
26.0318,0.4595,1.9813
26.0320,0.5012,2.1612
26.0322,0.5283,2.2812
26.0324,0.471,2.0318
26.0326,0.4707,2.0317
26.0328,0.4657,2.0119
26.0330,0.458,1.9751
26.0332,0.4746,2.0492
26.0334,0.451,1.9455
26.0336,0.4739,2.0452
26.0338,0.4618,1.9939
26.0340,0.4998,2.158
26.0342,0.5227,2.2527
26.0344,0.5747,2.4747
26.0346,0.6187,2.6617
26.0348,0.6913,2.9738
26.0350,0.6932,2.9806
26.0352,0.6891,2.9617
26.0354,0.7361,3.1667
26.0356,0.6862,2.9521
26.0358,0.6833,2.9411
26.0360,0.6739,2.899
26.0362,0.7203,3.0957
26.0364,0.7802,3.3518
26.0366,0.767,3.2998
26.0368,0.6777,2.9155
26.0370,0.7018,3.0178
26.0372,0.7139,3.0684
26.0374,0.7243,3.1161
26.0376,0.7264,3.1264
26.0378,0.7355,3.1641
26.0380,0.6719,2.8934
26.0382,0.6037,2.6008
26.0384,0.6206,2.6675
26.0386,0.6903,2.9683
26.0388,0.7248,3.1167
26.0390,0.7869,3.3807
26.0392,0.7981,3.4334
26.0394,0.7031,3.0276
26.0396,0.6339,2.7323
26.0398,0.588,2.5367
26.0400,0.5097,2.1969
26.0402,0.496,2.1399
26.0404,0.4957,2.1384
26.0406,0.4927,2.1255
26.0408,0.506,2.1798
26.0410,0.5993,2.5829
26.0412,0.6107,2.6308
26.0414,0.5466,2.3571
26.0416,0.4934,2.1286
26.0418,0.4946,2.1318
26.0420,0.5893,2.5377
26.0422,0.6213,2.6768
26.0424,0.5851,2.5219
26.0426,0.548,2.3639
26.0428,0.4963,2.141
26.0430,0.5224,2.2506
26.0432,0.5814,2.5082
26.0434,0.5112,2.2041
26.0436,0.5399,2.326
26.0438,0.5695,2.4525
26.0440,0.597,2.5719
26.0442,0.6061,2.6099
26.0444,0.6089,2.6206
26.0446,0.6347,2.7328
26.0448,0.5902,2.5401
26.0450,0.6518,2.8001
26.0452,0.665,2.8608
26.0454,0.599,2.5783
26.0456,0.6288,2.7063
26.0458,0.7234,3.1106
26.0460,0.7242,3.1127
26.0462,0.7413,3.1815
26.0464,0.7953,3.4136
26.0466,0.8537,3.6608
26.0468,0.8737,3.7519
26.0470,0.7339,3.1559
26.0472,0.6957,2.9887
26.0474,0.8061,3.4631
26.0476,0.8209,3.5265
26.0478,0.8296,3.5574
26.0480,0.9037,3.877
26.0482,0.8976,3.8489
26.0484,0.9031,3.8708
26.0486,0.9007,3.8695
26.0488,0.8365,3.5934
26.0490,0.8506,3.6491
26.0492,0.8263,3.548
26.0494,0.8059,3.4653
26.0496,0.7836,3.3663
26.0498,0.7483,3.2178
26.0500,0.7381,3.1725
26.0502,0.7259,3.1199
26.0504,0.7947,3.4173
26.0506,0.7405,3.1828
26.0508,0.7275,3.1295
26.0510,0.7249,3.1173
26.0512,0.7219,3.1029
26.0514,0.7183,3.0875
26.0516,0.6796,2.9251
26.0518,0.6892,2.9636
26.0520,0.7883,3.3863
26.0522,0.8501,3.6555
26.0524,0.7718,3.3142
26.0526,0.8012,3.4404
26.0528,0.7722,3.3127
26.0530,0.8184,3.5189
26.0532,0.742,3.1905
26.0534,0.7975,3.426
26.0536,0.7977,3.4318
26.0538,0.7325,3.1527
26.0540,0.7317,3.1447
26.0542,0.7667,3.2921
26.0544,0.769,3.3065
26.0546,0.7739,3.3245
26.0548,0.7868,3.3817
26.0550,0.7923,3.4086
26.0552,0.7957,3.4215
26.0554,0.7463,3.209
26.0556,0.7083,3.0456
26.0558,0.7495,3.2245
26.0560,0.6996,3.0127
26.0562,0.6742,2.9032
26.0564,0.6826,2.9339
26.0566,0.7446,3.1974
26.0568,0.7703,3.3137
26.0570,0.7433,3.2006
26.0572,0.6887,2.9616
26.0574,0.689,2.9681
26.0576,0.6621,2.8537
26.0578,0.5915,2.5458
26.0580,0.5932,2.5542
26.0582,0.6466,2.787
26.0584,0.6498,2.8018
26.0586,0.6323,2.72
26.0588,0.6724,2.8968
26.0590,0.5981,2.5801
26.0592,0.5694,2.4554
26.0594,0.5839,2.5133
26.0596,0.627,2.701
26.0598,0.5813,2.5077
26.0600,0.5983,2.5776
26.0602,0.6156,2.6557
26.0604,0.5011,2.1627
26.0606,0.492,2.1194
26.0608,0.5429,2.3411
26.0610,0.5361,2.3127
26.0612,0.5345,2.3039
26.0614,0.5343,2.3028
26.0616,0.5356,2.3096
26.0618,0.573,2.4697
26.0620,0.6204,2.6701
26.0622,0.6417,2.7607
26.0624,0.6078,2.6196
26.0626,0.5481,2.3633
26.0628,0.5552,2.3938
26.0630,0.5446,2.3494
26.0632,0.5723,2.4609
26.0634,0.7475,3.2157
26.0636,0.6699,2.8846
26.0638,0.6675,2.8743
26.0640,0.6541,2.8165
26.0642,0.5735,2.4718
26.0644,0.5432,2.3411
26.0646,0.5433,2.3416
26.0648,0.5466,2.3582
26.0650,0.5434,2.3443
26.0652,0.5423,2.3385
26.0654,0.5393,2.3256
26.0656,0.5408,2.3318
26.0658,0.5511,2.3708
26.0660,0.5747,2.477
26.0662,0.5282,2.2775
26.0664,0.5225,2.2522
26.0666,0.557,2.396
26.0668,0.6088,2.625
26.0670,0.5273,2.2718
26.0672,0.5242,2.2605
26.0674,0.5242,2.2594
26.0676,0.5634,2.4273
26.0678,0.5434,2.341
26.0680,0.5289,2.2796
26.0682,0.5251,2.2651
26.0684,0.5218,2.2501
26.0686,0.5379,2.3172
26.0688,0.5715,2.4585
26.0690,0.6553,2.8203
26.0692,0.6518,2.8067
26.0694,0.658,2.8282
26.0696,0.6571,2.8294
26.0698,0.6164,2.6581
26.0700,0.5705,2.4577
26.0702,0.533,2.2961
26.0704,0.5315,2.2899
26.0706,0.5324,2.2956
26.0708,0.5295,2.2821
26.0710,0.5241,2.2547
26.0712,0.5494,2.3701
26.0714,0.5097,2.1959
26.0716,0.5863,2.5259
26.0718,0.6245,2.6902
26.0720,0.5964,2.5681
26.0722,0.6097,2.6242
26.0724,0.5814,2.5048
26.0726,0.5743,2.4731
26.0728,0.5776,2.4848
26.0730,0.618,2.6611
26.0732,0.6065,2.6127
26.0734,0.5508,2.3741
26.0736,0.5246,2.2589
26.0738,0.5664,2.4391
26.0740,0.5844,2.5177
26.0742,0.592,2.5455
26.0744,0.6701,2.879
26.0746,0.7122,3.0598
26.0748,0.7101,3.0519
26.0750,0.6896,2.9679
26.0752,0.6789,2.9179
26.0754,0.7235,3.1067
26.0756,0.7114,3.0604
26.0758,0.665,2.8621
26.0760,0.6651,2.8613
26.0762,0.6052,2.6082
26.0764,0.5487,2.3659
26.0766,0.5512,2.3768
26.0768,0.5791,2.4938
26.0770,0.6386,2.746
26.0772,0.655,2.8219
26.0774,0.6148,2.6447
26.0776,0.6375,2.7414
26.0778,0.6043,2.5998
26.0780,0.6387,2.7504
26.0782,0.6025,2.5981
26.0784,0.5642,2.4259
26.0786,0.6837,2.9385
26.0788,0.7567,3.2494
26.0790,0.8223,3.5293
26.0792,0.788,3.3822
26.0794,0.766,3.289
26.0796,0.745,3.2019
26.0798,0.7823,3.3606
26.0800,0.8163,3.5118
26.0802,0.6652,2.8645
26.0804,0.6657,2.8599
26.0806,0.8162,3.5047
26.0808,0.821,3.522
26.0810,0.8103,3.4779
26.0812,0.8644,3.71
26.0814,0.839,3.5975
26.0816,0.9184,3.9361
26.0818,0.9004,3.8734
26.0820,0.7354,3.1562
26.0822,0.8271,3.5433
26.0824,0.8697,3.7274
26.0826,0.8959,3.84
26.0828,0.8856,3.8064
26.0830,0.7731,3.3245
26.0832,0.7847,3.3709
26.0834,0.7367,3.1678
26.0836,0.7826,3.3574
26.0838,0.8108,3.4832
26.0840,0.8112,3.4799
26.0842,0.8717,3.7379
26.0844,0.8921,3.8253
26.0846,0.9121,3.9166
26.0848,0.9086,3.8981
26.0850,0.8958,3.8448
26.0852,0.8769,3.7635
26.0854,0.906,3.8795
26.0856,0.9468,4.0635
26.0858,0.8802,3.7744
26.0860,0.8886,3.8157
26.0862,0.8781,3.7704
26.0864,0.848,3.6361
26.0866,0.8855,3.8006
26.0868,0.8751,3.754
26.0870,0.9433,4.0467
26.0872,0.8139,3.4998
26.0874,0.7002,3.0139
26.0876,0.7625,3.2786
26.0878,0.7895,3.3931
26.0880,0.7417,3.188
26.0882,0.7062,3.0411
26.0884,0.6372,2.7449
26.0886,0.6378,2.745
26.0888,0.6444,2.7759
26.0890,0.6112,2.6316
26.0892,0.6052,2.6094
26.0894,0.635,2.7331
26.0896,0.7481,3.2138
26.0898,0.7962,3.4172
26.0900,0.8399,3.61
26.0902,0.7471,3.2156
26.0904,0.7046,3.0282
26.0906,0.7323,3.1487
26.0908,0.7282,3.1356
26.0910,0.7026,3.0256
26.0912,0.648,2.7927
26.0914,0.5631,2.4302
26.0916,0.5092,2.1968
26.0918,0.5025,2.1679
26.0920,0.5302,2.2842
26.0922,0.5546,2.3868
26.0924,0.576,2.4838
26.0926,0.5541,2.3903
26.0928,0.5838,2.5151
26.0930,0.6375,2.7401
26.0932,0.6381,2.7529
26.0934,0.5518,2.3794
26.0936,0.5639,2.4293
26.0938,0.5946,2.5604
26.0940,0.6308,2.7138
26.0942,0.6977,3.0016
26.0944,0.7217,3.1048
26.0946,0.6865,2.9545
26.0948,0.6928,2.9805
26.0950,0.715,3.0773
26.0952,0.6902,2.9677
26.0954,0.6796,2.9237
26.0956,0.7288,3.1338
26.0958,0.7685,3.3075
26.0960,0.6954,2.9932
26.0962,0.6666,2.8728
26.0964,0.6101,2.6294
26.0966,0.6054,2.6081
26.0968,0.5975,2.574
26.0970,0.5891,2.539
26.0972,0.5602,2.4111
26.0974,0.6007,2.5891
26.0976,0.5713,2.4636
26.0978,0.5988,2.5785
26.0980,0.5788,2.4969
26.0982,0.5104,2.202
26.0984,0.4883,2.1063
26.0986,0.48,2.0716
26.0988,0.4673,2.0167
26.0990,0.4608,1.9888
26.0992,0.4742,2.0477
26.0994,0.4639,2.0041
26.0996,0.4534,1.9576
26.0998,0.4607,1.9864
26.1000,0.547,2.3576
26.1002,0.5114,2.2072
26.1004,0.4514,1.9484
26.1006,0.4517,1.9486
26.1008,0.4733,2.0398
26.1010,0.505,2.1787
26.1012,0.456,1.9672
26.1014,0.4508,1.9467
26.1016,0.4549,1.9634
26.1018,0.4535,1.9572
26.1020,0.4576,1.9712
26.1022,0.5369,2.311
26.1024,0.5964,2.5681
26.1026,0.6392,2.7499
26.1028,0.645,2.7798
26.1030,0.5911,2.5454
26.1032,0.641,2.764
26.1034,0.5181,2.233
26.1036,0.524,2.2573
26.1038,0.5832,2.5113
26.1040,0.5469,2.356
26.1042,0.5526,2.3808
26.1044,0.595,2.5619
26.1046,0.6823,2.9351
26.1048,0.8029,3.4524
26.1050,0.6566,2.8299
26.1052,0.5265,2.2713
26.1054,0.5131,2.2113
26.1056,0.5151,2.216
26.1058,0.5247,2.2667
26.1060,0.4082,1.7641
26.1062,0.3946,1.7039
26.1064,0.391,1.6884
26.1066,0.39,1.6842
26.1068,0.4032,1.7388
26.1070,0.4719,2.035
26.1072,0.4839,2.0877
26.1074,0.4851,2.0909
26.1076,0.483,2.0816
26.1078,0.4984,2.1493
26.1080,0.5113,2.2056
26.1082,0.4981,2.1467
26.1084,0.539,2.3197
26.1086,0.5711,2.4626
26.1088,0.5168,2.2263
26.1090,0.5775,2.4819
26.1092,0.6923,2.9743
26.1094,0.7078,3.0407
26.1096,0.7327,3.1464
26.1098,0.7413,3.1918
26.1100,0.612,2.6328
26.1102,0.6156,2.6532
26.1104,0.4972,2.1441
26.1106,0.4734,2.0422
26.1108,0.4694,2.0242
26.1110,0.4936,2.1256
26.1112,0.532,2.2909
26.1114,0.5892,2.5383
26.1116,0.5709,2.4604
26.1118,0.5572,2.396
26.1120,0.6632,2.8517
26.1122,0.698,2.9999
26.1124,0.7092,3.0469
26.1126,0.6969,2.9896
26.1128,0.7392,3.1742
26.1130,0.7403,3.1818
26.1132,0.7717,3.3075
26.1134,0.9281,3.9795
26.1136,0.918,3.9382
26.1138,0.8972,3.8438
26.1140,0.8881,3.8101
26.1142,0.8319,3.5705
26.1144,0.8389,3.5987
26.1146,0.842,3.6154
26.1148,0.8106,3.4789
26.1150,0.8588,3.6841
26.1152,0.8812,3.7803
26.1154,0.8401,3.6005
26.1156,0.8644,3.7048
26.1158,0.8312,3.5724
26.1160,0.7639,3.2848
26.1162,0.735,3.1562
26.1164,0.8257,3.5388
26.1166,0.8925,3.8304
26.1168,0.8255,3.5498
26.1170,0.7476,3.2117
26.1172,0.7784,3.3425
26.1174,0.8091,3.4727
26.1176,0.8425,3.6175
26.1178,0.8588,3.6806
26.1180,0.9463,4.0596
26.1182,0.911,3.9047
26.1184,0.9143,3.9168
26.1186,0.9544,4.0984
26.1188,0.8416,3.6139
26.1190,0.7987,3.4312
26.1192,0.7729,3.325
26.1194,0.7779,3.3452
26.1196,0.7891,3.3884
26.1198,0.8402,3.606
26.1200,0.8041,3.4543
26.1202,0.8118,3.4841
26.1204,0.832,3.5744
26.1206,0.8408,3.612
26.1208,0.8504,3.6532
26.1210,0.8512,3.6534
26.1212,0.8554,3.6714
26.1214,0.8752,3.7598
26.1216,0.8269,3.5522
26.1218,0.8373,3.597
26.1220,0.847,3.6354
26.1222,0.8427,3.6202
26.1224,0.8391,3.6064
26.1226,0.8121,3.4905
26.1228,0.7869,3.3775
26.1230,0.8215,3.5274
26.1232,0.8236,3.5416
26.1234,0.7978,3.426
26.1236,0.8048,3.459
26.1238,0.7672,3.3003
26.1240,0.7841,3.3667
26.1242,0.8303,3.5705
26.1244,0.744,3.2052
26.1246,0.67,2.8825
26.1248,0.6977,3.0016
26.1250,0.7143,3.0699
26.1252,0.7225,3.1113
26.1254,0.6885,2.966
26.1256,0.6789,2.922
26.1258,0.6809,2.9308
26.1260,0.683,2.9409
26.1262,0.6815,2.9347
26.1264,0.7029,3.0196
26.1266,0.7725,3.322
26.1268,0.683,2.9423
26.1270,0.5884,2.5359
26.1272,0.617,2.6594
26.1274,0.6271,2.7003
26.1276,0.6254,2.6931
26.1278,0.6345,2.7361
26.1280,0.6327,2.7258
26.1282,0.6325,2.7235
26.1284,0.6342,2.7295
26.1286,0.6393,2.7555
26.1288,0.6341,2.7302
26.1290,0.6457,2.7803
26.1292,0.6481,2.7894
26.1294,0.6433,2.7726
26.1296,0.5904,2.5423
26.1298,0.6257,2.6941
26.1300,0.6282,2.7037
26.1302,0.6142,2.6495
26.1304,0.5392,2.3272
26.1306,0.5317,2.2914
26.1308,0.5459,2.3529
26.1310,0.6106,2.6303
26.1312,0.6164,2.6581
26.1314,0.5451,2.3493
26.1316,0.5287,2.2806
26.1318,0.5272,2.2744
26.1320,0.5278,2.276
26.1322,0.5534,2.3872
26.1324,0.5224,2.2537
26.1326,0.5303,2.2858
26.1328,0.5368,2.3147
26.1330,0.5484,2.3627
26.1332,0.6116,2.6337
26.1334,0.6958,2.992
26.1336,0.6983,3.007
26.1338,0.6367,2.7429
26.1340,0.6554,2.8182
26.1342,0.7203,3.0943
26.1344,0.7413,3.1889
26.1346,0.7175,3.0839
26.1348,0.7429,3.1931
26.1350,0.7357,3.1637
26.1352,0.748,3.2133
26.1354,0.8013,3.4425
26.1356,0.7686,3.3049
26.1358,0.751,3.2276
26.1360,0.7755,3.3333
26.1362,0.7746,3.3307
26.1364,0.7415,3.1899
26.1366,0.6869,2.9566
26.1368,0.6203,2.6771
26.1370,0.5326,2.2988
26.1372,0.5222,2.2517
26.1374,0.516,2.2248
26.1376,0.5118,2.2087
26.1378,0.5016,2.1637
26.1380,0.5395,2.324
26.1382,0.58,2.5009
26.1384,0.592,2.5514
26.1386,0.5866,2.5258
26.1388,0.6086,2.6257
26.1390,0.5296,2.2858
26.1392,0.491,2.1172
26.1394,0.5585,2.4027
26.1396,0.6741,2.8987
26.1398,0.674,2.9049
26.1400,0.5678,2.4459
26.1402,0.5734,2.4724
26.1404,0.5131,2.2124
26.1406,0.5007,2.1601
26.1408,0.5095,2.1969
26.1410,0.5693,2.4549
26.1412,0.5044,2.1751
26.1414,0.4993,2.1519
26.1416,0.5488,2.3632
26.1418,0.6257,2.6941
26.1420,0.6083,2.6168
26.1422,0.7185,3.0865
26.1424,0.7403,3.1892
26.1426,0.6004,2.584
26.1428,0.6002,2.581
26.1430,0.6603,2.8446
26.1432,0.6098,2.6272
26.1434,0.58,2.4928
26.1436,0.6413,2.7638
26.1438,0.5829,2.5133
26.1440,0.5703,2.4567
26.1442,0.5871,2.529
26.1444,0.6143,2.6414
26.1446,0.7084,3.0475
26.1448,0.6742,2.9005
26.1450,0.6252,2.6908
26.1452,0.6676,2.8762
26.1454,0.6845,2.9421
26.1456,0.7626,3.2761
26.1458,0.7544,3.2471
26.1460,0.7385,3.1726
26.1462,0.7607,3.2709
26.1464,0.6405,2.7581
26.1466,0.6507,2.7968
26.1468,0.7661,3.2926
26.1470,0.7832,3.3616
26.1472,0.8144,3.4986
26.1474,0.8168,3.5106
26.1476,0.8124,3.4915
26.1478,0.7488,3.2184
26.1480,0.6984,3.0033
26.1482,0.7004,3.0116
26.1484,0.7724,3.3168
26.1486,0.8323,3.5687
26.1488,0.8631,3.7112
26.1490,0.7621,3.2771
26.1492,0.7363,3.1633
26.1494,0.7342,3.1555
26.1496,0.7737,3.3194
26.1498,0.8355,3.5876
26.1500,0.8423,3.6187
26.1502,0.8017,3.4392
26.1504,0.8685,3.7275
26.1506,0.8885,3.8063
26.1508,0.9603,4.1217
26.1510,0.9126,3.9205
26.1512,0.8247,3.5413
26.1514,0.806,3.461
26.1516,0.8478,3.6491
26.1518,0.7255,3.1213
26.1520,0.7094,3.0502
26.1522,0.7241,3.1151
26.1524,0.6942,2.9853
26.1526,0.7114,3.0576
26.1528,0.7296,3.1403
26.1530,0.7059,3.0395
26.1532,0.6775,2.9144
26.1534,0.7448,3.1984
26.1536,0.8327,3.5758
26.1538,0.855,3.6716
26.1540,0.8247,3.5413
26.1542,0.7572,3.2544
26.1544,0.7532,3.2405
26.1546,0.7874,3.3843
26.1548,0.8258,3.5426
26.1550,0.8719,3.7441
26.1552,0.8408,3.612
26.1554,0.8496,3.6552
26.1556,0.7693,3.305
26.1558,0.794,3.4111
26.1560,0.7895,3.3978
26.1562,0.7146,3.0744
26.1564,0.7673,3.2977
26.1566,0.7948,3.4147
26.1568,0.8127,3.4979
26.1570,0.7124,3.0674
26.1572,0.6776,2.9136
26.1574,0.7169,3.0842
26.1576,0.7385,3.1755
26.1578,0.7353,3.166
26.1580,0.6366,2.7487
26.1582,0.5374,2.3195
26.1584,0.5109,2.2041
26.1586,0.5071,2.1875
26.1588,0.5082,2.1912
26.1590,0.5442,2.3468
26.1592,0.5681,2.4463
26.1594,0.6324,2.723
26.1596,0.6044,2.6063
26.1598,0.5567,2.4017
26.1600,0.555,2.3933
26.1602,0.556,2.3975
26.1604,0.5567,2.3995
26.1606,0.5554,2.3927
26.1608,0.5566,2.3978
26.1610,0.6134,2.6451
26.1612,0.5685,2.449
26.1614,0.5537,2.3888
26.1616,0.551,2.3769
26.1618,0.5699,2.4563
26.1620,0.5753,2.4761
26.1622,0.6189,2.6664
26.1624,0.617,2.6582
26.1626,0.6369,2.7452
26.1628,0.5415,2.336
26.1630,0.4681,2.0204
26.1632,0.4767,2.0586
26.1634,0.4638,1.9999
26.1636,0.5305,2.2863
26.1638,0.5374,2.3173
26.1640,0.555,2.3933
26.1642,0.5396,2.3256
26.1644,0.55,2.3694
26.1646,0.5733,2.4708
26.1648,0.5669,2.4456
26.1650,0.5559,2.3992
26.1652,0.4823,2.0814
26.1654,0.4558,1.9671
26.1656,0.4621,1.9945
26.1658,0.4661,2.0106
26.1660,0.5118,2.2026
26.1662,0.4677,2.0188
26.1664,0.4583,1.977
26.1666,0.4749,2.0489
26.1668,0.5167,2.2289
26.1670,0.4675,2.0168
26.1672,0.4435,1.9134
26.1674,0.4416,1.9069
26.1676,0.4418,1.907
26.1678,0.4496,1.9407
26.1680,0.4619,1.9934
26.1682,0.453,1.9533
26.1684,0.4919,2.1189
26.1686,0.5428,2.3373
26.1688,0.5898,2.5409
26.1690,0.5741,2.4744
26.1692,0.5422,2.3369
26.1694,0.5343,2.3028
26.1696,0.4687,2.0211
26.1698,0.4424,1.9078
26.1700,0.4871,2.1012
26.1702,0.4849,2.0899
26.1704,0.4863,2.0961
26.1706,0.4895,2.1086
26.1708,0.542,2.3337
26.1710,0.5689,2.4522
26.1712,0.4976,2.1457
26.1714,0.4854,2.091
26.1716,0.5319,2.2925
26.1718,0.5591,2.4076
26.1720,0.5678,2.4481
26.1722,0.4983,2.1478
26.1724,0.4879,2.1009
26.1726,0.5235,2.2563
26.1728,0.496,2.137
26.1730,0.5165,2.2263
26.1732,0.5778,2.4893
26.1734,0.6127,2.6334
26.1736,0.6434,2.7692
26.1738,0.6043,2.601
26.1740,0.6104,2.6273
26.1742,0.606,2.607
26.1744,0.6137,2.6412
26.1746,0.614,2.644
26.1748,0.6199,2.6681
26.1750,0.604,2.597
26.1752,0.6377,2.7406
26.1754,0.7407,3.1818
26.1756,0.7474,3.2107
26.1758,0.6788,2.9188
26.1760,0.6137,2.6437
26.1762,0.5627,2.4253
26.1764,0.5703,2.4567
26.1766,0.6222,2.6754
26.1768,0.6321,2.7207
26.1770,0.5968,2.5673
26.1772,0.6383,2.7419
26.1774,0.694,2.9787
26.1776,0.7333,3.1504
26.1778,0.7198,3.1009
26.1780,0.6489,2.7917
26.1782,0.6632,2.8504
26.1784,0.6863,2.9499
26.1786,0.6898,2.9676
26.1788,0.7192,3.0911
26.1790,0.6892,2.9609
26.1792,0.7194,3.0892
26.1794,0.757,3.2443
26.1796,0.8631,3.7009
26.1798,0.8648,3.7133
26.1800,0.8338,3.5771
26.1802,0.8319,3.5689
26.1804,0.7843,3.3693
26.1806,0.7475,3.2142
26.1808,0.6891,2.9603
26.1810,0.7729,3.3204
26.1812,0.773,3.3163
26.1814,0.8001,3.4341
26.1816,0.871,3.7365
26.1818,0.8902,3.8188
26.1820,0.8372,3.5915
26.1822,0.8754,3.7538
26.1824,0.8871,3.8002
26.1826,0.9098,3.8996
26.1828,0.8996,3.8577
26.1830,0.8755,3.7613
26.1832,0.8765,3.7549
26.1834,0.9483,4.0607
26.1836,0.9764,4.1828
26.1838,0.8916,3.8268
26.1840,0.8366,3.5872
26.1842,0.8909,3.8219
26.1844,0.8645,3.7122
26.1846,0.8444,3.6257
26.1848,0.8631,3.706
26.1850,0.7996,3.4353
26.1852,0.7897,3.3957
26.1854,0.7608,3.2669
26.1856,0.7941,3.4068
26.1858,0.8663,3.7217
26.1860,0.7939,3.4137
26.1862,0.7429,3.1931
26.1864,0.7842,3.3641
26.1866,0.8434,3.6199
26.1868,0.8365,3.6001
26.1870,0.7273,3.1232
26.1872,0.771,3.3137
26.1874,0.7681,3.3044
26.1876,0.7553,3.2447
26.1878,0.8118,3.4841
26.1880,0.8439,3.6287
26.1882,0.7933,3.4096
26.1884,0.7843,3.3662
26.1886,0.8049,3.4644
26.1888,0.7085,3.048
26.1890,0.7058,3.0376
26.1892,0.7559,3.2488
26.1894,0.7805,3.3544
26.1896,0.7686,3.3049
26.1898,0.7552,3.2487
26.1900,0.7278,3.1326
26.1902,0.729,3.1377
26.1904,0.6814,2.9315
26.1906,0.6748,2.9031
26.1908,0.7167,3.086
26.1910,0.6987,3.003
26.1912,0.741,3.1864
26.1914,0.7072,3.0452
26.1916,0.6646,2.8606
26.1918,0.6913,2.9724
26.1920,0.7076,3.0439
26.1922,0.7018,3.0234
26.1924,0.6928,2.9791
26.1926,0.7524,3.2444
26.1928,0.6134,2.6439
26.1930,0.6185,2.6607
26.1932,0.7183,3.0918
26.1934,0.7301,3.1394
26.1936,0.7562,3.2488
26.1938,0.7841,3.3714
26.1940,0.7603,3.2709
26.1942,0.7564,3.2523
26.1944,0.7441,3.2012
26.1946,0.7546,3.2416
26.1948,0.8086,3.4739
26.1950,0.8329,3.578
26.1952,0.7747,3.3328
26.1954,0.6937,2.9855
26.1956,0.7167,3.0817
26.1958,0.7387,3.178
26.1960,0.7272,3.1285
26.1962,0.73,3.1418
26.1964,0.7031,3.0248
26.1966,0.714,3.0732
26.1968,0.6859,2.956
26.1970,0.5982,2.5807
26.1972,0.5544,2.3907
26.1974,0.5476,2.3613
26.1976,0.5402,2.3303
26.1978,0.5375,2.3189
26.1980,0.5488,2.3664
26.1982,0.5337,2.3002
26.1984,0.536,2.3111
26.1986,0.5297,2.2853
26.1988,0.5386,2.3225
26.1990,0.5613,2.4157
26.1992,0.6837,2.9426
26.1994,0.636,2.7436
26.1996,0.5757,2.4811
26.1998,0.5878,2.5321
26.2000,0.5588,2.4105
26.2002,0.5287,2.2796
26.2004,0.5282,2.2796
26.2006,0.526,2.2703
26.2008,0.5295,2.2832
26.2010,0.5284,2.2796
26.2012,0.5475,2.3586
26.2014,0.6128,2.6401
26.2016,0.5556,2.3926
26.2018,0.6287,2.7045
26.2020,0.6775,2.9144
26.2022,0.6736,2.8979
26.2024,0.6747,2.9026
26.2026,0.715,3.0788
26.2028,0.6622,2.8529
26.2030,0.5706,2.4605
26.2032,0.5418,2.3354
26.2034,0.532,2.2951
26.2036,0.5325,2.2919
26.2038,0.6361,2.7378
26.2040,0.6028,2.5967
26.2042,0.6074,2.6168
26.2044,0.6457,2.7816
26.2046,0.6004,2.5852
26.2048,0.5993,2.5841
26.2050,0.523,2.2574
26.2052,0.509,2.1938
26.2054,0.5006,2.1586
26.2056,0.4917,2.1184
26.2058,0.5695,2.4536
26.2060,0.6242,2.6854
26.2062,0.7001,3.0119
26.2064,0.6279,2.7014
26.2066,0.6278,2.7034
26.2068,0.6112,2.6329
26.2070,0.6066,2.6132
26.2072,0.597,2.5731
26.2074,0.5999,2.5831
26.2076,0.6483,2.7852
26.2078,0.7592,3.2662
26.2080,0.7014,3.019
26.2082,0.6637,2.8565
26.2084,0.5902,2.546
26.2086,0.5035,2.172
26.2088,0.4807,2.0728
26.2090,0.4857,2.0935
26.2092,0.4809,2.0748
26.2094,0.4751,2.0494
26.2096,0.4755,2.0505
26.2098,0.5344,2.3001
26.2100,0.6164,2.6531
26.2102,0.5498,2.3695
26.2104,0.501,2.1581
26.2106,0.5415,2.3349
26.2108,0.5758,2.4805
26.2110,0.5988,2.5797
26.2112,0.5674,2.4432
26.2114,0.5904,2.54
26.2116,0.7161,3.0777
26.2118,0.732,3.1418
26.2120,0.7749,3.3307
26.2122,0.7471,3.2112
26.2124,0.7794,3.3498
26.2126,0.7721,3.3137
26.2128,0.8387,3.5965
26.2130,0.9134,3.9186
26.2132,0.9157,3.9229
26.2134,0.9225,3.954
26.2136,0.915,3.9217
26.2138,0.932,3.9909
26.2140,0.9446,4.0543
26.2142,0.8553,3.6709
26.2144,0.8968,3.8418
26.2146,0.9393,4.0316
26.2148,0.9036,3.8783
26.2150,0.8934,3.831
26.2152,0.8957,3.8407
26.2154,0.9055,3.8865
26.2156,0.8913,3.8253
26.2158,0.8603,3.6873
26.2160,0.9145,3.9251
26.2162,0.8937,3.8409
26.2164,0.8612,3.6926
26.2166,0.9161,3.9226
26.2168,1.001,4.2941
26.2170,0.8591,3.6994
26.2172,0.6952,2.9922
26.2174,0.714,3.0703
26.2176,0.7144,3.0719
26.2178,0.7448,3.2029
26.2180,0.7783,3.3451
26.2182,0.7832,3.3631
26.2184,0.8017,3.444
26.2186,0.7994,3.4326
26.2188,0.8746,3.7555
26.2190,0.8625,3.7017
26.2192,0.8737,3.7554
26.2194,0.7926,3.4065
26.2196,0.8031,3.447
26.2198,0.8311,3.5719
26.2200,0.7685,3.3044
26.2202,0.7682,3.3034
26.2204,0.7976,3.4329
26.2206,0.7101,3.0548
26.2208,0.7469,3.2116
26.2210,0.767,3.3013
26.2212,0.6669,2.8757
26.2214,0.6043,2.6034
26.2216,0.6486,2.7888
26.2218,0.7402,3.1842
26.2220,0.738,3.1808
26.2222,0.6501,2.802
26.2224,0.6559,2.819
26.2226,0.7704,3.3096
26.2228,0.7889,3.3936
26.2230,0.7233,3.1115
26.2232,0.7489,3.2189
26.2234,0.759,3.2667
26.2236,0.7264,3.1249
26.2238,0.7024,3.0245
26.2240,0.6806,2.9306
26.2242,0.689,2.9653
26.2244,0.6978,2.998
26.2246,0.797,3.4239
26.2248,0.7632,3.2833
26.2250,0.68,2.9294
26.2252,0.696,2.9944
26.2254,0.7036,3.0269
26.2256,0.7385,3.1711
26.2258,0.8024,3.4487
26.2260,0.794,3.4206
26.2262,0.6496,2.7974
26.2264,0.624,2.6869
26.2266,0.635,2.7369
26.2268,0.6413,2.7664
26.2270,0.6343,2.7326
26.2272,0.6285,2.7065
26.2274,0.6287,2.7095
26.2276,0.6299,2.716
26.2278,0.6325,2.7223
26.2280,0.6528,2.8121
26.2282,0.6331,2.7274
26.2284,0.6301,2.7157
26.2286,0.5896,2.5434
26.2288,0.5489,2.367
26.2290,0.5529,2.3818
26.2292,0.579,2.4991
26.2294,0.4803,2.0741
26.2296,0.461,1.9898
26.2298,0.4675,2.0187
26.2300,0.4692,2.026
26.2302,0.4671,2.0153
26.2304,0.4651,2.0093
26.2306,0.4657,2.0119
26.2308,0.4685,2.021
26.2310,0.5113,2.2036
26.2312,0.4748,2.0474
26.2314,0.4618,1.9892
26.2316,0.4911,2.1197
26.2318,0.4688,2.0225
26.2320,0.5397,2.3272
26.2322,0.5324,2.2967
26.2324,0.4715,2.0358
26.2326,0.4873,2.0993
26.2328,0.5843,2.5125
26.2330,0.6799,2.9261
26.2332,0.6463,2.7816
26.2334,0.6524,2.8066
26.2336,0.6697,2.8823
26.2338,0.6724,2.8928
26.2340,0.6932,2.982
26.2342,0.7008,3.0122
26.2344,0.7321,3.1467
26.2346,0.723,3.1119
26.2348,0.6688,2.8746
26.2350,0.7096,3.0498
26.2352,0.7753,3.3292
26.2354,0.7981,3.4286
26.2356,0.8089,3.4766
26.2358,0.7968,3.4213
26.2360,0.7441,3.2027
26.2362,0.652,2.8064
26.2364,0.6538,2.8141
26.2366,0.6937,2.9827
26.2368,0.7375,3.1685
26.2370,0.745,3.2063
26.2372,0.6553,2.8243
26.2374,0.6104,2.6261
26.2376,0.6695,2.8791
26.2378,0.6462,2.7811
26.2380,0.6374,2.7473
26.2382,0.6107,2.6283
26.2384,0.6205,2.6744
26.2386,0.591,2.5473
26.2388,0.6002,2.5822
26.2390,0.7068,3.0366
26.2392,0.693,2.987
26.2394,0.509,2.1968
26.2396,0.4877,2.1037
26.2398,0.4838,2.0872
26.2400,0.485,2.0924
26.2402,0.4826,2.0839
26.2404,0.4802,2.0726
26.2406,0.4815,2.0774
26.2408,0.4939,2.1277
26.2410,0.5433,2.3427
26.2412,0.4871,2.1021
26.2414,0.4806,2.0732
26.2416,0.4829,2.0821
26.2418,0.4869,2.1016
26.2420,0.5197,2.2398
26.2422,0.5674,2.4477
26.2424,0.5128,2.2093
26.2426,0.5474,2.3581
26.2428,0.5914,2.5464
26.2430,0.5853,2.5201
26.2432,0.5819,2.5057
26.2434,0.5818,2.5075
26.2436,0.5598,2.4129
26.2438,0.5718,2.4634
26.2440,0.5994,2.5798
26.2442,0.6071,2.6129
26.2444,0.643,2.7638
26.2446,0.7131,3.0619
26.2448,0.7567,3.2509
26.2450,0.7061,3.0363
26.2452,0.7213,3.1018
26.2454,0.7205,3.1011
26.2456,0.6354,2.7321
26.2458,0.664,2.858
26.2460,0.6523,2.8048
26.2462,0.7995,3.4252
26.2464,0.9046,3.8842
26.2466,0.7742,3.3292
26.2468,0.745,3.2049
26.2470,0.7504,3.2236
26.2472,0.8148,3.4937
26.2474,0.8923,3.8263
26.2476,0.864,3.7084
26.2478,0.8823,3.7849
26.2480,0.8932,3.8299
26.2482,0.8601,3.6966
26.2484,0.7838,3.372
26.2486,0.7206,3.0987
26.2488,0.7273,3.1276
26.2490,0.7781,3.3426
26.2492,0.7905,3.3961
26.2494,0.7829,3.3616
26.2496,0.7715,3.3158
26.2498,0.7289,3.1343
26.2500,0.6626,2.8518
26.2502,0.6482,2.7886
26.2504,0.6648,2.8584
26.2506,0.7014,3.0176
26.2508,0.703,3.0243
26.2510,0.705,3.0303
26.2512,0.7134,3.0678
26.2514,0.668,2.8764
26.2516,0.6267,2.7
26.2518,0.6285,2.709
26.2520,0.6101,2.627
26.2522,0.6312,2.7153
26.2524,0.7276,3.1242
26.2526,0.7962,3.4187
26.2528,0.776,3.3323
26.2530,0.7116,3.0615
26.2532,0.6971,2.9976
26.2534,0.7416,3.1845
26.2536,0.8269,3.5522
26.2538,0.7825,3.3663
26.2540,0.693,2.9829
26.2542,0.6881,2.959
26.2544,0.7504,3.2221
26.2546,0.7544,3.2426
26.2548,0.751,3.2291
26.2550,0.7391,3.1825
26.2552,0.662,2.8506
26.2554,0.6566,2.8221
26.2556,0.7253,3.1188
26.2558,0.7489,3.2204
26.2560,0.7464,3.2066
26.2562,0.745,3.2019
26.2564,0.7573,3.258
26.2566,0.7498,3.2255
26.2568,0.7267,3.1294
26.2570,0.6875,2.9578
26.2572,0.6954,2.9932
26.2574,0.6107,2.6308
26.2576,0.5914,2.5476
26.2578,0.5841,2.5161
26.2580,0.5843,2.5207
26.2582,0.5817,2.507
26.2584,0.5941,2.5571
26.2586,0.6393,2.7555
26.2588,0.6,2.5836
26.2590,0.6442,2.778
26.2592,0.5144,2.2181
26.2594,0.5187,2.2356
26.2596,0.5367,2.3153
26.2598,0.538,2.3199
26.2600,0.5957,2.5698
26.2602,0.5425,2.339
26.2604,0.5236,2.2568
26.2606,0.5278,2.277
26.2608,0.5261,2.2687
26.2610,0.526,2.2672
26.2612,0.5255,2.2661
26.2614,0.5251,2.2641
26.2616,0.5296,2.2837
26.2618,0.5299,2.2848
26.2620,0.5302,2.2863
26.2622,0.5344,2.3033
26.2624,0.5305,2.2852
26.2626,0.6236,2.6803
26.2628,0.7602,3.2643
26.2630,0.6969,3.0008
26.2632,0.6096,2.6274
26.2634,0.542,2.337
26.2636,0.5381,2.3215
26.2638,0.5359,2.3095
26.2640,0.536,2.3079
26.2642,0.5957,2.5638
26.2644,0.6198,2.6676
26.2646,0.6631,2.8525
26.2648,0.6944,2.9886
26.2650,0.6278,2.7059
26.2652,0.5433,2.3416
26.2654,0.549,2.3642
26.2656,0.6683,2.8766
26.2658,0.5896,2.5411
26.2660,0.5658,2.4376
26.2662,0.5263,2.2682
26.2664,0.5315,2.2931
26.2666,0.5293,2.2822
26.2668,0.5374,2.3163
26.2670,0.5387,2.3209
26.2672,0.5351,2.3054
26.2674,0.5429,2.34
26.2676,0.548,2.3617
26.2678,0.5349,2.3054
26.2680,0.5528,2.3791
26.2682,0.621,2.674
26.2684,0.6699,2.8833
26.2686,0.6504,2.7979
26.2688,0.6397,2.752
26.2690,0.6205,2.6707
26.2692,0.582,2.5073
26.2694,0.5339,2.3013
26.2696,0.53,2.2832
26.2698,0.5282,2.2743
26.2700,0.5589,2.4076
26.2702,0.5435,2.3404
26.2704,0.6065,2.6103
26.2706,0.6263,2.6967
26.2708,0.564,2.431
26.2710,0.5901,2.5396
26.2712,0.5724,2.4637
26.2714,0.603,2.5941
26.2716,0.6287,2.7058
26.2718,0.6513,2.8046
26.2720,0.6676,2.8695
26.2722,0.7403,3.1803
26.2724,0.7369,3.1688
26.2726,0.6884,2.96
26.2728,0.6651,2.8587
26.2730,0.6565,2.8255
26.2732,0.6596,2.8389
26.2734,0.6361,2.7403
26.2736,0.6025,2.592
26.2738,0.6892,2.9609
26.2740,0.7266,3.1259
26.2742,0.6719,2.8907
26.2744,0.6687,2.8728
26.2746,0.7145,3.071
26.2748,0.7173,3.0785
26.2750,0.7938,3.4132
26.2752,0.7409,3.1858
26.2754,0.7745,3.3256
26.2756,0.7209,3.0997
26.2758,0.6749,2.8982
26.2760,0.6751,2.9082
26.2762,0.5603,2.4161
26.2764,0.5568,2.4
26.2766,0.5686,2.4472
26.2768,0.5854,2.5206
26.2770,0.6297,2.7104
26.2772,0.7005,3.0093
26.2774,0.7271,3.1236
26.2776,0.6683,2.8752
26.2778,0.6916,2.9698
26.2780,0.7914,3.3982
26.2782,0.7588,3.2627
26.2784,0.6543,2.8136
26.2786,0.7114,3.0576
26.2788,0.7722,3.3173
26.2790,0.7317,3.1388
26.2792,0.7867,3.3796
26.2794,0.7712,3.3101
26.2796,0.8516,3.6515
26.2798,0.9125,3.9163
26.2800,0.8937,3.8356
26.2802,0.9091,3.9019
26.2804,0.8541,3.6674
26.2806,0.7811,3.3523
26.2808,0.8283,3.5567
26.2810,0.842,3.6188
26.2812,0.8065,3.4663
26.2814,0.8303,3.5655
26.2816,0.8281,3.5557
26.2818,0.8112,3.4831
26.2820,0.8723,3.7422
26.2822,0.9362,4.0145
26.2824,0.9271,3.9773
26.2826,0.904,3.8762
26.2828,0.9259,3.9703
26.2830,0.9755,4.1773
26.2832,0.9691,4.1651
26.2834,0.7782,3.3431
26.2836,0.7705,3.3116
26.2838,0.7704,3.3142
26.2840,0.7414,3.1894
26.2842,0.733,3.1503
26.2844,0.786,3.3766
26.2846,0.8241,3.5387
26.2848,0.8595,3.694
26.2850,0.8549,3.6659
26.2852,0.9059,3.8899
26.2854,0.8036,3.4523
26.2856,0.8106,3.4854
26.2858,0.7823,3.3653
26.2860,0.7505,3.2271
26.2862,0.7269,3.1328
26.2864,0.6489,2.793
26.2866,0.6707,2.8829
26.2868,0.7206,3.1016
26.2870,0.7158,3.0824
26.2872,0.7058,3.0334
26.2874,0.716,3.0815
26.2876,0.7217,3.1019
26.2878,0.7686,3.3049
26.2880,0.7311,3.1436
26.2882,0.7447,3.1979
26.2884,0.8377,3.5986
26.2886,0.8501,3.6555
26.2888,0.6832,2.9406
26.2890,0.6488,2.7899
26.2892,0.719,3.0929
26.2894,0.732,3.1521
26.2896,0.7325,3.1497
26.2898,0.7121,3.0649
26.2900,0.6537,2.8188
26.2902,0.5935,2.5581
26.2904,0.5887,2.5386
26.2906,0.5913,2.5459
26.2908,0.5984,2.5769
26.2910,0.6098,2.6321
26.2912,0.5179,2.2351
26.2914,0.5104,2.201
26.2916,0.5488,2.3643
26.2918,0.6294,2.7114
26.2920,0.6031,2.6007
26.2922,0.5634,2.4284
26.2924,0.5832,2.5137
26.2926,0.6242,2.6892
26.2928,0.6428,2.7654
26.2930,0.6909,2.9708
26.2932,0.7101,3.0548
26.2934,0.6913,2.9751
26.2936,0.7037,3.0274
26.2938,0.7299,3.1413
26.2940,0.7323,3.1531
26.2942,0.6771,2.9183
26.2944,0.5954,2.5676
26.2946,0.5615,2.419
26.2948,0.5442,2.3468
26.2950,0.5607,2.4165
26.2952,0.6245,2.6864
26.2954,0.6826,2.9353
26.2956,0.7377,3.1749
26.2958,0.664,2.8607
26.2960,0.5723,2.4678
26.2962,0.5616,2.4206
26.2964,0.6383,2.7509
26.2966,0.5819,2.5103
26.2968,0.4751,2.0513
26.2970,0.4517,1.9495
26.2972,0.4697,2.028
26.2974,0.4745,2.0487
26.2976,0.4618,1.9929
26.2978,0.4578,1.9777
26.2980,0.4576,1.9757
26.2982,0.4591,1.9806
26.2984,0.4592,1.9802
26.2986,0.5012,2.1612
26.2988,0.5471,2.3581
26.2990,0.5327,2.295
26.2992,0.513,2.216
26.2994,0.4343,1.877
26.2996,0.4323,1.8665
26.2998,0.4276,1.8454
26.3000,0.433,1.8696
26.3002,0.4351,1.8789
26.3004,0.4335,1.8699
26.3006,0.4308,1.8585
26.3008,0.4293,1.8518
26.3010,0.4306,1.8584
26.3012,0.4567,1.9703
26.3014,0.5071,2.1865
26.3016,0.5377,2.3173
26.3018,0.5501,2.3688
26.3020,0.5692,2.4521
26.3022,0.5794,2.4971
26.3024,0.5446,2.3462
26.3026,0.5612,2.4175
26.3028,0.5586,2.4088
26.3030,0.5573,2.4009
26.3032,0.5338,2.3018
26.3034,0.5209,2.247
26.3036,0.5023,2.1658
26.3038,0.517,2.2263
26.3040,0.6036,2.5955
26.3042,0.6747,2.9026
26.3044,0.6076,2.6198
26.3046,0.5528,2.3802
26.3048,0.6285,2.704
26.3050,0.599,2.5843
26.3052,0.5019,2.1633
26.3054,0.5257,2.2635
26.3056,0.5562,2.3963
26.3058,0.5572,2.4015
26.3060,0.504,2.1721
26.3062,0.4892,2.1105
26.3064,0.4896,2.112
26.3066,0.4962,2.1375
26.3068,0.5571,2.3954
26.3070,0.6223,2.6772
26.3072,0.6825,2.932
26.3074,0.7311,3.1494
26.3076,0.5312,2.2894
26.3078,0.4922,2.1224
26.3080,0.4917,2.1203
26.3082,0.4932,2.1265
26.3084,0.5494,2.3624
26.3086,0.6252,2.6933
26.3088,0.5044,2.1731
26.3090,0.5255,2.264
26.3092,0.5592,2.4103
26.3094,0.5055,2.1818
26.3096,0.4518,1.9491
26.3098,0.4556,1.9656
26.3100,0.4867,2.0996
26.3102,0.5185,2.2315
26.3104,0.5706,2.4537
26.3106,0.5718,2.4634
26.3108,0.548,2.3595
26.3110,0.5806,2.4977
26.3112,0.6511,2.7971
26.3114,0.7048,3.0321
26.3116,0.6536,2.8118
26.3118,0.7074,3.0363
26.3120,0.7829,3.36
26.3122,0.7529,3.2344
26.3124,0.7387,3.1751
26.3126,0.7598,3.2612
26.3128,0.8496,3.6433
26.3130,0.9187,3.9376
26.3132,0.9555,4.0915
26.3134,0.9433,4.0373
26.3136,0.9489,4.0633
26.3138,0.9245,3.9604
26.3140,0.9429,4.0414
26.3142,0.8999,3.8623
26.3144,0.8839,3.7886
26.3146,0.9035,3.8759
26.3148,0.85,3.6465
26.3150,0.8697,3.7344
26.3152,0.8506,3.6474
26.3154,0.9308,3.9858
26.3156,0.9118,3.9096
26.3158,0.852,3.657
26.3160,0.8536,3.6671
26.3162,0.8379,3.5946
26.3164,0.8576,3.6772
26.3166,0.8899,3.8178
26.3168,0.836,3.5863
26.3170,0.8152,3.5006
26.3172,0.8052,3.4574
26.3174,0.7887,3.3868
26.3176,0.808,3.4713
26.3178,0.7998,3.4358
26.3180,0.8125,3.4855
26.3182,0.8372,3.5948
26.3184,0.8211,3.5242
26.3186,0.847,3.6387
26.3188,0.7795,3.3519
26.3190,0.783,3.3621
26.3192,0.7915,3.4018
26.3194,0.7757,3.3385
26.3196,0.7279,3.1272
26.3198,0.7863,3.375
26.3200,0.7893,3.3894
26.3202,0.8303,3.5655
26.3204,0.8487,3.646
26.3206,0.8166,3.5128
26.3208,0.7797,3.3513
26.3210,0.7862,3.3807
26.3212,0.7224,3.1093
26.3214,0.7029,3.021
26.3216,0.7523,3.2303
26.3218,0.7982,3.4275
26.3220,0.8321,3.5715
26.3222,0.8529,3.6674
26.3224,0.7907,3.3998
26.3226,0.7603,3.2663
26.3228,0.7634,3.2782
26.3230,0.8142,3.4976
26.3232,0.8434,3.6233
26.3234,0.7927,3.4117
26.3236,0.6944,2.9886
26.3238,0.6749,2.905
26.3240,0.663,2.8573
26.3242,0.6564,2.8276
26.3244,0.6742,2.9005
26.3246,0.6761,2.9088
26.3248,0.7025,3.0223
26.3250,0.7172,3.0823
26.3252,0.7506,3.2291
26.3254,0.6727,2.8952
26.3256,0.7212,3.1027
26.3258,0.7393,3.1791
26.3260,0.7293,3.1417
26.3262,0.6559,2.8242
26.3264,0.6307,2.7171
26.3266,0.6317,2.7174
26.3268,0.658,2.8335
26.3270,0.6448,2.7754
26.3272,0.6757,2.9094
26.3274,0.6887,2.9657
26.3276,0.6341,2.7302
26.3278,0.6421,2.7661
26.3280,0.5982,2.5795
26.3282,0.5459,2.3519
26.3284,0.5478,2.3634
26.3286,0.5401,2.3276
26.3288,0.5361,2.3116
26.3290,0.5356,2.3106
26.3292,0.5396,2.3277
26.3294,0.5299,2.2848
26.3296,0.524,2.2573
26.3298,0.5454,2.3531
26.3300,0.512,2.2077
26.3302,0.5392,2.324
26.3304,0.5442,2.3468
26.3306,0.5335,2.3003
26.3308,0.5155,2.2248
26.3310,0.511,2.2056
26.3312,0.5248,2.263
26.3314,0.5228,2.2542
26.3316,0.5132,2.2129
26.3318,0.571,2.4587
26.3320,0.5984,2.5757
26.3322,0.5927,2.5569
26.3324,0.58,2.4986
26.3326,0.6264,2.696
26.3328,0.6265,2.699
26.3330,0.6383,2.7458
26.3332,0.6631,2.8539
26.3334,0.6555,2.8187
26.3336,0.6494,2.7924
26.3338,0.6513,2.802
26.3340,0.6897,2.9684
26.3342,0.6944,2.9886
26.3344,0.6206,2.6712
26.3346,0.6168,2.6547
26.3348,0.6465,2.7801
26.3350,0.7416,3.1845
26.3352,0.7831,3.3673
26.3354,0.6678,2.8767
26.3356,0.6639,2.8575
26.3358,0.7128,3.0638
26.3360,0.7416,3.1874
26.3362,0.7091,3.0535
26.3364,0.6634,2.8554
26.3366,0.6693,2.8794
26.3368,0.6347,2.7328
26.3370,0.5947,2.5645
26.3372,0.5737,2.4728
26.3374,0.5848,2.5192
26.3376,0.5859,2.5262
26.3378,0.5676,2.4454
26.3380,0.5724,2.4649
26.3382,0.6157,2.65
26.3384,0.6306,2.7165
26.3386,0.5903,2.5418
26.3388,0.5771,2.4873
26.3390,0.5855,2.5223
26.3392,0.5914,2.5476
26.3394,0.6028,2.5931
26.3396,0.5939,2.5632
26.3398,0.4919,2.1209
26.3400,0.4891,2.108
26.3402,0.5366,2.3083
26.3404,0.6155,2.6502
26.3406,0.6007,2.5867
26.3408,0.652,2.8064
26.3410,0.6405,2.7633
26.3412,0.4974,2.1466
26.3414,0.4705,2.0307
26.3416,0.4688,2.0225
26.3418,0.4705,2.0288
26.3420,0.4903,2.1132
26.3422,0.562,2.4244
26.3424,0.4948,2.1338
26.3426,0.4729,2.0401
26.3428,0.4775,2.0588
26.3430,0.5189,2.2356
26.3432,0.5838,2.5116
26.3434,0.6195,2.6653
26.3436,0.5865,2.5253
26.3438,0.593,2.556
26.3440,0.5682,2.4491
26.3442,0.5725,2.4631
26.3444,0.6311,2.711
26.3446,0.6913,2.9724
26.3448,0.7028,3.0205
26.3450,0.7314,3.1422
26.3452,0.7309,3.1387
26.3454,0.7451,3.2009
26.3456,0.7459,3.206
26.3458,0.7594,3.2637
26.3460,0.755,3.2437
26.3462,0.7508,3.2256
26.3464,0.7281,3.1278
26.3466,0.7639,3.2757
26.3468,0.8962,3.841
26.3470,0.8432,3.6223
26.3472,0.7578,3.257
26.3474,0.7469,3.2071
26.3476,0.766,3.2936
26.3478,0.7371,3.1679
26.3480,0.7348,3.1595
26.3482,0.7636,3.2741
26.3484,0.92,3.9414
26.3486,0.961,4.119
26.3488,0.9484,4.0688
26.3490,0.9078,3.8908
26.3492,0.9155,3.9292
26.3494,0.8588,3.6875
26.3496,0.8096,3.4748
26.3498,0.8066,3.4668
26.3500,0.8082,3.4702
26.3502,0.7952,3.4146
26.3504,0.796,3.4182
26.3506,0.8517,3.6571
26.3508,0.8076,3.4725
26.3510,0.7534,3.2334
26.3512,0.7951,3.4109
26.3514,0.8254,3.5394
26.3516,0.8634,3.7128
26.3518,0.7763,3.3333
26.3520,0.8662,3.7177
26.3522,0.8736,3.7496
26.3524,0.8542,3.6679
26.3526,0.8576,3.6806
26.3528,0.8789,3.7687
26.3530,0.9005,3.8649
26.3532,0.8372,3.5948
26.3534,0.8372,3.5932
26.3536,0.8889,3.815
26.3538,0.8963,3.8451
26.3540,0.8687,3.7285
26.3542,0.8387,3.6066
26.3544,0.7163,3.0816
26.3546,0.6945,2.9891
26.3548,0.6947,2.9915
26.3550,0.6957,2.9928
26.3552,0.7187,3.0919
26.3554,0.7715,3.3158
26.3556,0.7928,3.4043
26.3558,0.7862,3.3776
26.3560,0.7431,3.1951
26.3562,0.739,3.1776
26.3564,0.7294,3.1393
26.3566,0.6954,2.996
26.3568,0.689,2.9695
26.3570,0.6242,2.6879
26.3572,0.602,2.596
26.3574,0.5859,2.525
26.3576,0.5905,2.544
26.3578,0.5983,2.5764
26.3580,0.6076,2.6137
26.3582,0.6767,2.9127
26.3584,0.7589,3.2708
26.3586,0.6523,2.8126
26.3588,0.5265,2.2724
26.3590,0.5031,2.1705
26.3592,0.5391,2.3235
26.3594,0.5481,2.3644
26.3596,0.5422,2.3391
26.3598,0.5272,2.2734
26.3600,0.544,2.3458
26.3602,0.5474,2.3613
26.3604,0.5488,2.3664
26.3606,0.4992,2.1534
26.3608,0.5073,2.1876
26.3610,0.5422,2.3358
26.3612,0.545,2.351
26.3614,0.4936,2.1326
26.3616,0.4523,1.9539
26.3618,0.4474,1.9317
26.3620,0.4634,1.9992
26.3622,0.4583,1.9788
26.3624,0.4531,1.9566
26.3626,0.4504,1.9429
26.3628,0.4496,1.9398
26.3630,0.4871,2.1002
26.3632,0.5436,2.342
26.3634,0.5486,2.3643
26.3636,0.5425,2.338
26.3638,0.5391,2.3278
26.3640,0.4699,2.0281
26.3642,0.4771,2.0554
26.3644,0.5072,2.1901
26.3646,0.4734,2.0412
26.3648,0.5393,2.3245
26.3650,0.5737,2.4705
26.3652,0.5706,2.4594
26.3654,0.5667,2.4446
26.3656,0.4707,2.0299
26.3658,0.4705,2.0288
26.3660,0.5004,2.1596
26.3662,0.4582,1.9765
26.3664,0.4552,1.9626
26.3666,0.4657,2.0072
26.3668,0.552,2.3793
26.3670,0.5113,2.2056
26.3672,0.454,1.9602
26.3674,0.4453,1.922
26.3676,0.4402,1.898
26.3678,0.4779,2.0609
26.3680,0.5306,2.2857
26.3682,0.5827,2.5081
26.3684,0.5974,2.5723
26.3686,0.5672,2.4444
26.3688,0.5613,2.4202
26.3690,0.5506,2.3753
26.3692,0.4787,2.0649
26.3694,0.4583,1.9761
26.3696,0.4442,1.9165
26.3698,0.4453,1.922
26.3700,0.4235,1.8278
26.3702,0.4401,1.8993
26.3704,0.4848,2.0894
26.3706,0.5018,2.1648
26.3708,0.4649,2.0055
26.3710,0.4881,2.0999
26.3712,0.5679,2.4452
26.3714,0.5543,2.388
26.3716,0.5595,2.4113
26.3718,0.4892,2.1065
26.3720,0.5016,2.1627
26.3722,0.5378,2.3167
26.3724,0.5674,2.442
26.3726,0.5695,2.4513
26.3728,0.5854,2.5206
26.3730,0.6139,2.6386
26.3732,0.6276,2.6986
26.3734,0.6396,2.7476
26.3736,0.6674,2.8698
26.3738,0.6998,3.0076
26.3740,0.7383,3.173
26.3742,0.7669,3.2947
26.3744,0.7636,3.2787
26.3746,0.7002,3.0069
26.3748,0.7017,3.0144
26.3750,0.7349,3.1601
26.3752,0.6652,2.8618
26.3754,0.6596,2.8349
26.3756,0.6422,2.7666
26.3758,0.5922,2.5465
26.3760,0.6613,2.8475
26.3762,0.5853,2.5178
26.3764,0.5919,2.5497
26.3766,0.579,2.4921
26.3768,0.5622,2.4199
26.3770,0.6512,2.8015
26.3772,0.6538,2.8115
26.3774,0.6452,2.777
26.3776,0.6536,2.8105
26.3778,0.7079,3.0455
26.3780,0.6536,2.8105
26.3782,0.6862,2.9466
26.3784,0.7555,3.2472
26.3786,0.7639,3.2787
26.3788,0.809,3.4706
26.3790,0.8207,3.5243
26.3792,0.7898,3.3915
26.3794,0.8496,3.6399
26.3796,0.913,3.9129
26.3798,0.9074,3.8893
26.3800,0.9085,3.8921
26.3802,0.9188,3.9399
26.3804,0.8872,3.806
26.3806,0.8896,3.8216
26.3808,0.8024,3.4439
26.3810,0.807,3.4651
26.3812,0.8326,3.5686
26.3814,0.855,3.6681
26.3816,0.899,3.8551
26.3818,0.9627,4.1243
26.3820,0.991,4.2475
26.3822,0.9333,4.0022
26.3824,0.9241,3.9607
26.3826,0.9067,3.8898
26.3828,0.8403,3.6082
26.3830,0.8248,3.5402
26.3832,0.8188,3.5144
26.3834,0.8559,3.6734
26.3836,0.9034,3.8827
26.3838,0.8233,3.5351
26.3840,0.7956,3.4162
26.3842,0.7914,3.4013
26.3844,0.7959,3.4177
26.3846,0.83,3.5606
26.3848,0.9096,3.9022
26.3850,0.8687,3.7233
26.3852,0.9125,3.9182
26.3854,0.8877,3.8098
26.3856,0.9011,3.8693
26.3858,0.8145,3.5008
26.3860,0.7937,3.4079
26.3862,0.8167,3.5035
26.3864,0.8469,3.6365
26.3866,0.8619,3.7061
26.3868,0.7921,3.3997
26.3870,0.805,3.4569
26.3872,0.817,3.5132
26.3874,0.7678,3.2998
26.3876,0.7484,3.2153
26.3878,0.7583,3.2606
26.3880,0.7716,3.3132
26.3882,0.8329,3.5796
26.3884,0.7775,3.3415
26.3886,0.7213,3.1061
26.3888,0.6836,2.9435
26.3890,0.683,2.9382
26.3892,0.7236,3.1087
26.3894,0.7603,3.2678
26.3896,0.7638,3.2843
26.3898,0.7297,3.1408
26.3900,0.6879,2.9607
26.3902,0.6794,2.9268
26.3904,0.6735,2.8988
26.3906,0.6312,2.7216
26.3908,0.5782,2.4896
26.3910,0.5974,2.5711
26.3912,0.6086,2.622
26.3914,0.6618,2.8429
26.3916,0.8067,3.4673
26.3918,0.7508,3.2331
26.3920,0.6839,2.945
26.3922,0.6939,2.9823
26.3924,0.7162,3.0796
26.3926,0.7266,3.1259
26.3928,0.7407,3.1848
26.3930,0.7486,3.2173
26.3932,0.7801,3.3544
26.3934,0.7878,3.3859
26.3936,0.796,3.4182
26.3938,0.7618,3.2816
26.3940,0.6529,2.8126
26.3942,0.6198,2.6676
26.3944,0.618,2.6623
26.3946,0.629,2.7098
26.3948,0.6767,2.9113
26.3950,0.7048,3.0349
26.3952,0.7108,3.0593
26.3954,0.7216,3.1057
26.3956,0.7072,3.0452
26.3958,0.6064,2.6134
26.3960,0.5451,2.3515
26.3962,0.5799,2.4969
26.3964,0.6071,2.6189
26.3966,0.5416,2.3354
26.3968,0.5372,2.3152
26.3970,0.5544,2.3919
26.3972,0.5615,2.4201
26.3974,0.6556,2.8245
26.3976,0.5881,2.536
26.3978,0.5375,2.3168
26.3980,0.5391,2.3224
26.3982,0.6121,2.6382
26.3984,0.5795,2.5011
26.3986,0.5302,2.2852
26.3988,0.5401,2.3276
26.3990,0.5423,2.3385
26.3992,0.538,2.321
26.3994,0.5359,2.3106
26.3996,0.5367,2.3153
26.3998,0.5366,2.3137
26.4000,0.5381,2.3215
26.4002,0.5368,2.3158
26.4004,0.5296,2.2837
26.4006,0.521,2.2465
26.4008,0.5218,2.2501
26.4010,0.5213,2.246
26.4012,0.5656,2.4366
26.4014,0.6359,2.7342
26.4016,0.7312,3.1426
26.4018,0.7026,3.027
26.4020,0.6338,2.7305
26.4022,0.524,2.2573
26.4024,0.5511,2.373
26.4026,0.6046,2.6057
26.4028,0.5679,2.4464
26.4030,0.5782,2.4908
26.4032,0.6008,2.5908
26.4034,0.5839,2.5144
26.4036,0.6592,2.8347
26.4038,0.6746,2.9061
26.4040,0.6241,2.6924
26.4042,0.5329,2.2966
26.4044,0.543,2.3405
26.4046,0.5775,2.4866
26.4048,0.6333,2.7234
26.4050,0.709,3.0515
26.4052,0.6739,2.9017
26.4054,0.6066,2.612
26.4056,0.5847,2.521
26.4058,0.5182,2.2336
26.4060,0.5734,2.4667
26.4062,0.6826,2.9366
26.4064,0.6613,2.8475
26.4066,0.6505,2.801
26.4068,0.6528,2.8121
26.4070,0.6219,2.6781
26.4072,0.5336,2.3008
26.4074,0.4871,2.1002
26.4076,0.5411,2.3301
26.4078,0.592,2.5502
26.4080,0.5175,2.2325
26.4082,0.4591,1.9825
26.4084,0.4547,1.9624
26.4086,0.4469,1.9279
26.4088,0.4504,1.9438
26.4090,0.465,2.0069
26.4092,0.4667,2.0123
26.4094,0.4657,2.0109
26.4096,0.463,1.9981
26.4098,0.4508,1.9467
26.4100,0.4594,1.9807
26.4102,0.5289,2.2785
26.4104,0.5765,2.4859
26.4106,0.5177,2.2315
26.4108,0.5101,2.1994
26.4110,0.5552,2.3905
26.4112,0.6271,2.6928
26.4114,0.6848,2.9459
26.4116,0.6833,2.9384
26.4118,0.7261,3.1166
26.4120,0.8023,3.4434
26.4122,0.8138,3.4961
26.4124,0.755,3.2452
26.4126,0.7735,3.3153
26.4128,0.9174,3.9338
26.4130,0.9284,3.9792
26.4132,0.9095,3.8962
26.4134,0.9493,4.0705
26.4136,0.9323,3.9957
26.4138,0.9326,3.9953
26.4140,0.9261,3.9713
26.4142,0.877,3.764
26.4144,0.8608,3.6877
26.4146,0.9324,3.9943
26.4148,0.9755,4.1753
26.4150,0.9483,4.0664
26.4152,0.9035,3.8741
26.4154,0.8691,3.7283
26.4156,0.8833,3.7842
26.4158,0.896,3.8441
26.4160,0.9014,3.869
26.4162,0.9092,3.897
26.4164,0.9711,4.1602
26.4166,0.9823,4.21
26.4168,0.9519,4.0819
26.4170,0.9054,3.8787
26.4172,0.9492,4.0643
26.4174,0.9791,4.1947
26.4176,0.9672,4.151
26.4178,0.9489,4.0652
26.4180,0.9663,4.1416
26.4182,0.9755,4.187
26.4184,0.8161,3.5124
26.4186,0.7243,3.1161
26.4188,0.7432,3.1927
26.4190,0.7466,3.2166
26.4192,0.6873,2.9581
26.4194,0.7042,3.0295
26.4196,0.696,2.9972
26.4198,0.7038,3.0265
26.4200,0.7026,3.0228
26.4202,0.6526,2.8116
26.4204,0.6312,2.7179
26.4206,0.6824,2.9383
26.4208,0.7048,3.0292
26.4210,0.7517,3.2337
26.4212,0.7067,3.0417
26.4214,0.6831,2.9401
26.4216,0.6757,2.9108
26.4218,0.6217,2.6796
26.4220,0.5972,2.5729
26.4222,0.6499,2.7984
26.4224,0.6624,2.8508
26.4226,0.7163,3.0859
26.4228,0.6055,2.6086
26.4230,0.5861,2.5261
26.4232,0.6034,2.5993
26.4234,0.6723,2.8936
26.4236,0.6488,2.7963
26.4238,0.5886,2.5381
26.4240,0.5215,2.2517
26.4242,0.5143,2.2196
26.4244,0.5266,2.2697
26.4246,0.6371,2.7406
26.4248,0.7014,3.0218
26.4250,0.6595,2.8384
26.4252,0.6546,2.8172
26.4254,0.655,2.8193
26.4256,0.6505,2.8023
26.4258,0.6649,2.8629
26.4260,0.7216,3.1028
26.4262,0.7278,3.1326
26.4264,0.6189,2.6677
26.4266,0.6013,2.5881
26.4268,0.6225,2.6832
26.4270,0.5606,2.4171
26.4272,0.53,2.2885
26.4274,0.4609,1.9911
26.4276,0.47,2.0277
26.4278,0.4971,2.1446
26.4280,0.4531,1.9566
26.4282,0.4472,1.9312
26.4284,0.444,1.9172
26.4286,0.4528,1.9523
26.4288,0.453,1.9561
26.4290,0.4584,1.9803
26.4292,0.4652,2.0079
26.4294,0.5107,2.201
26.4296,0.5589,2.411
26.4298,0.4675,2.0187
26.4300,0.452,1.951
26.4302,0.4468,1.9273
26.4304,0.4415,1.9064
26.4306,0.4348,1.8765
26.4308,0.4359,1.882
26.4310,0.4199,1.814
26.4312,0.4173,1.8009
26.4314,0.5237,2.2594
26.4316,0.4935,2.1281
26.4318,0.5176,2.231
26.4320,0.5279,2.2733
26.4322,0.5889,2.5332
26.4324,0.5911,2.5466
26.4326,0.5748,2.4775
26.4328,0.5676,2.4442
26.4330,0.5833,2.5118
26.4332,0.5835,2.5147
26.4334,0.5678,2.4436
26.4336,0.5729,2.4646
26.4338,0.6205,2.6719
26.4340,0.5806,2.5011
26.4342,0.5892,2.5372
26.4344,0.6366,2.7398
26.4346,0.6561,2.8226
26.4348,0.6514,2.8038
26.4350,0.5656,2.4377
26.4352,0.5752,2.4744
26.4354,0.627,2.701
26.4356,0.5396,2.3277
26.4358,0.4954,2.1374
26.4360,0.5217,2.2475
26.4362,0.5608,2.4159
26.4364,0.5719,2.4639
26.4366,0.5695,2.4525
26.4368,0.5718,2.4646
26.4370,0.5296,2.2805
26.4372,0.5789,2.4916
26.4374,0.6636,2.8559
26.4376,0.6751,2.9041
26.4378,0.6023,2.5958
26.4380,0.5018,2.1648
26.4382,0.4978,2.1467
26.4384,0.4927,2.1215
26.4386,0.5056,2.1783
26.4388,0.592,2.5478
26.4390,0.664,2.8567
26.4392,0.7046,3.0282
26.4394,0.7314,3.1436
26.4396,0.6923,2.9826
26.4398,0.5998,2.5862
26.4400,0.4825,2.0805
26.4402,0.4694,2.0251
26.4404,0.4674,2.0182
26.4406,0.4626,1.9966
26.4408,0.4494,1.9378
26.4410,0.4484,1.9346
26.4412,0.4499,1.9417
26.4414,0.4528,1.9532
26.4416,0.4645,2.0039
26.4418,0.4525,1.9513
26.4420,0.4537,1.9564
26.4422,0.4549,1.9625
26.4424,0.4568,1.9708
26.4426,0.4433,1.9123
26.4428,0.4598,1.9819
26.4430,0.508,2.1917
26.4432,0.5148,2.2124
26.4434,0.6552,2.8119
26.4436,0.7005,3.0093
26.4438,0.686,2.9497
26.4440,0.6404,2.7538
26.4442,0.6799,2.9248
26.4444,0.6553,2.8164
26.4446,0.6745,2.9015
26.4448,0.68,2.9212
26.4450,0.7536,3.2299
26.4452,0.8018,3.4397
26.4454,0.857,3.6712
26.4456,0.9058,3.8839
26.4458,0.9139,3.9207
26.4460,0.854,3.6618
26.4462,0.8462,3.6284
26.4464,0.898,3.8505
26.4466,0.8718,3.7367
26.4468,0.8717,3.7379
26.4470,0.8669,3.7191
26.4472,0.858,3.681
26.4474,0.8187,3.5155
26.4476,0.8471,3.6308
26.4478,0.958,4.1062
26.4480,0.9475,4.0647
26.4482,0.8693,3.7276
26.4484,0.8815,3.7818
26.4486,0.8546,3.6678
26.4488,0.8561,3.6745
26.4490,0.8554,3.6714
26.4492,0.9048,3.8852
26.4494,0.8554,3.6697
26.4496,0.8204,3.5228
26.4498,0.7966,3.4176
26.4500,0.8031,3.447
26.4502,0.8122,3.4877
26.4504,0.7942,3.4105
26.4506,0.8401,3.6022
26.4508,0.8815,3.7836
26.4510,0.8199,3.5207
26.4512,0.8725,3.7397
26.4514,0.9053,3.88
26.4516,0.8673,3.7171
26.4518,0.8772,3.7686
26.4520,0.7885,3.3905
26.4522,0.7745,3.3302
26.4524,0.759,3.2607
26.4526,0.7564,3.2493
26.4528,0.8422,3.6114
26.4530,0.9351,4.0099
26.4532,0.9429,4.0452
26.4534,0.9049,3.8785
26.4536,0.9228,3.9625
26.4538,0.818,3.5141
26.4540,0.8787,3.7695
26.4542,0.9297,3.9905
26.4544,0.8999,3.8569
26.4546,0.8974,3.8497
26.4548,0.8995,3.8608
26.4550,0.9034,3.8754
26.4552,0.9011,3.8693
26.4554,0.885,3.7967
26.4556,0.9041,3.8803
26.4558,0.8547,3.6717
26.4560,0.8649,3.7103
26.4562,0.8875,3.8111
26.4564,0.8353,3.5849
26.4566,0.8518,3.6611
26.4568,0.8555,3.6805
26.4570,0.7777,3.3441
26.4572,0.7258,3.1223
26.4574,0.77,3.305
26.4576,0.8725,3.7432
26.4578,0.9639,4.1352
26.4580,0.9233,3.9664
26.4582,0.8463,3.6357
26.4584,0.7868,3.388
26.4586,0.6884,2.9655
26.4588,0.674,2.9022
26.4590,0.6682,2.8747
26.4592,0.6896,2.9679
26.4594,0.714,3.0732
26.4596,0.7166,3.0826
26.4598,0.665,2.8648
26.4600,0.6523,2.81
26.4602,0.6409,2.7648
26.4604,0.6083,2.6229
26.4606,0.5871,2.5279
26.4608,0.5716,2.4624
26.4610,0.6589,2.8332
26.4612,0.7765,3.339
26.4614,0.7477,3.2182
26.4616,0.6699,2.8846
26.4618,0.6444,2.7772
26.4620,0.6283,2.7067
26.4622,0.6362,2.7434
26.4624,0.6182,2.6621
26.4626,0.6667,2.8707
26.4628,0.6839,2.9437
26.4630,0.6699,2.8846
26.4632,0.6982,3.0065
26.4634,0.7477,3.2182
26.4636,0.7317,3.1447
26.4638,0.768,3.307
26.4640,0.6441,2.7762
26.4642,0.6148,2.6459
26.4644,0.6767,2.91
26.4646,0.6796,2.9237
26.4648,0.7789,3.3477
26.4650,0.7839,3.3772
26.4652,0.7161,3.0791
26.4654,0.7335,3.1583
26.4656,0.63,2.7127
26.4658,0.6077,2.6179
26.4660,0.612,2.6353
26.4662,0.6537,2.8162
26.4664,0.6625,2.8566
26.4666,0.6121,2.6382
26.4668,0.6049,2.6036
26.4670,0.6753,2.9079
26.4672,0.7007,3.0159
26.4674,0.7494,3.2179
26.4676,0.8658,3.7214
26.4678,0.796,3.4182
26.4680,0.7807,3.3617
26.4682,0.726,3.1248
26.4684,0.6655,2.8655
26.4686,0.6311,2.7173
26.4688,0.6877,2.9624
26.4690,0.6483,2.793
26.4692,0.6108,2.6289
26.4694,0.645,2.7747
26.4696,0.6845,2.9462
26.4698,0.7127,3.0675
26.4700,0.6984,3.0033
26.4702,0.7604,3.2668
26.4704,0.7616,3.2781
26.4706,0.6761,2.9101
26.4708,0.6669,2.8704
26.4710,0.6571,2.8346
26.4712,0.5597,2.4146
26.4714,0.5595,2.4125
26.4716,0.5715,2.463
26.4718,0.5849,2.5209
26.4720,0.6046,2.6057
26.4722,0.6114,2.6339
26.4724,0.6439,2.7726
26.4726,0.6317,2.7199
26.4728,0.6807,2.9311
26.4730,0.6819,2.9322
26.4732,0.7385,3.177
26.4734,0.7173,3.0886
26.4736,0.7026,3.0228
26.4738,0.7138,3.0707
26.4740,0.651,2.8031
26.4742,0.6223,2.6821
26.4744,0.5847,2.5187
26.4746,0.6343,2.73
26.4748,0.6554,2.8222
26.4750,0.6146,2.6503
26.4752,0.5849,2.5186
26.4754,0.6423,2.762
26.4756,0.6219,2.6818
26.4758,0.5102,2.201
26.4760,0.5206,2.2449
26.4762,0.5602,2.4156
26.4764,0.588,2.5332
26.4766,0.6419,2.7677
26.4768,0.5391,2.3213
26.4770,0.5868,2.528
26.4772,0.6621,2.8511
26.4774,0.6602,2.8375
26.4776,0.764,3.2838
26.4778,0.7737,3.3287
26.4780,0.7458,3.1995
26.4782,0.9046,3.8788
26.4784,0.9609,4.1223
26.4786,0.9254,3.9664
26.4788,0.911,3.9084
26.4790,0.9012,3.8662
26.4792,0.9024,3.8695
26.4794,0.9008,3.87
26.4796,0.8767,3.7612
26.4798,0.9168,3.9294
26.4800,0.9498,4.0783
26.4802,0.8525,3.6607
26.4804,0.8502,3.6425
26.4806,0.9432,4.0462
26.4808,0.9737,4.1793
26.4810,0.9249,3.9736
26.4812,0.8765,3.7637
26.4814,0.9023,3.8762
26.4816,0.8955,3.8433
26.4818,0.8849,3.7998
26.4820,0.8777,3.7636
26.4822,0.9439,4.0512
26.4824,0.9025,3.8809
26.4826,0.805,3.4633
26.4828,0.7229,3.1099
26.4830,0.7356,3.1646
26.4832,0.7591,3.2657
26.4834,0.8079,3.4692
26.4836,0.8805,3.7825
26.4838,0.8583,3.6872
26.4840,0.8108,3.4848
26.4842,0.8372,3.5982
26.4844,0.8257,3.557
26.4846,0.7218,3.1053
26.4848,0.698,3.004
26.4850,0.6909,2.975
26.4852,0.692,2.9782
26.4854,0.7083,3.0484
26.4856,0.6849,2.9478
26.4858,0.7338,3.1569
26.4860,0.759,3.2698
26.4862,0.6595,2.8437
26.4864,0.6472,2.7896
26.4866,0.6058,2.6084
26.4868,0.6205,2.6719
26.4870,0.656,2.8247
26.4872,0.7036,3.0297
26.4874,0.6903,2.9738
26.4876,0.702,3.0202
26.4878,0.7651,3.29
26.4880,0.7331,3.1538
26.4882,0.695,2.9911
26.4884,0.7345,3.1629
26.4886,0.6981,3.0074
26.4888,0.6817,2.9366
26.4890,0.6234,2.688
26.4892,0.6259,2.6976
26.4894,0.6392,2.755
26.4896,0.6149,2.6489
26.4898,0.5983,2.5812
26.4900,0.5432,2.3432
26.4902,0.5466,2.3571
26.4904,0.5749,2.4792
26.4906,0.5644,2.4348
26.4908,0.6046,2.602
26.4910,0.6805,2.9314
26.4912,0.6189,2.6689
26.4914,0.5823,2.5072
26.4916,0.6257,2.6941
26.4918,0.6294,2.7089
26.4920,0.6375,2.7465
26.4922,0.6795,2.9273
26.4924,0.6907,2.9698
26.4926,0.7231,3.1124
26.4928,0.6651,2.868
26.4930,0.6229,2.6822
26.4932,0.6787,2.921
26.4934,0.6508,2.8038
26.4936,0.5602,2.4178
26.4938,0.5296,2.2848
26.4940,0.5331,2.2987
26.4942,0.5463,2.3567
26.4944,0.589,2.5397
26.4946,0.6116,2.6361
26.4948,0.56,2.4134
26.4950,0.5884,2.5371
26.4952,0.5585,2.4094
26.4954,0.585,2.5191
26.4956,0.5758,2.4851
26.4958,0.4674,2.0182
26.4960,0.4612,1.9894
26.4962,0.5161,2.2274
26.4964,0.4761,2.0541
26.4966,0.458,1.9778
26.4968,0.4555,1.966
26.4970,0.4532,1.9562
26.4972,0.4654,2.0094
26.4974,0.4783,2.0643
26.4976,0.5374,2.3184
26.4978,0.527,2.2713
26.4980,0.5583,2.4073
26.4982,0.5206,2.2481
26.4984,0.4788,2.0626
26.4986,0.5102,2.201
26.4988,0.4514,1.9475
26.4990,0.4447,1.9203
26.4992,0.4487,1.9383
26.4994,0.448,1.9352
26.4996,0.446,1.9234
26.4998,0.4492,1.9377
26.5000,0.4584,1.9794
26.5002,0.4622,1.9941
26.5004,0.4604,1.9863
26.5006,0.4604,1.9845
26.5008,0.508,2.1907
26.5010,0.5495,2.3695
26.5012,0.5844,2.5153
26.5014,0.6181,2.6616
26.5016,0.5516,2.375
26.5018,0.538,2.321
26.5020,0.4848,2.0913
26.5022,0.5098,2.1974
26.5024,0.4957,2.1384
26.5026,0.4974,2.1436
26.5028,0.5676,2.4465
26.5030,0.5248,2.262
26.5032,0.5297,2.2832
26.5034,0.5372,2.3131
26.5036,0.6172,2.6525
26.5038,0.661,2.8425
26.5040,0.6564,2.8223
26.5042,0.6371,2.7483
26.5044,0.5164,2.2279
26.5046,0.5042,2.1741
26.5048,0.4963,2.139
26.5050,0.5067,2.1829
26.5052,0.5925,2.5475
26.5054,0.6862,2.9507
26.5056,0.6555,2.82
26.5058,0.6729,2.8921
26.5060,0.7211,3.1008
26.5062,0.6935,2.9808
26.5064,0.6555,2.8227
26.5066,0.541,2.3328
26.5068,0.4855,2.0944
26.5070,0.479,2.0665
26.5072,0.4806,2.0723
26.5074,0.5012,2.1562
26.5076,0.5839,2.5179
26.5078,0.4927,2.1255
26.5080,0.4713,2.0315
26.5082,0.5185,2.2346
26.5084,0.4927,2.1235
26.5086,0.5283,2.2759
26.5088,0.546,2.3535
26.5090,0.444,1.9163
26.5092,0.4399,1.897
26.5094,0.494,2.1282
26.5096,0.5747,2.4735
26.5098,0.5678,2.4481
26.5100,0.5119,2.2082
26.5102,0.507,2.183
26.5104,0.5892,2.5348
26.5106,0.6397,2.752
26.5108,0.6877,2.9569
26.5110,0.6843,2.9425
26.5112,0.6994,3.0032
26.5114,0.7549,3.2401
26.5116,0.8148,3.492
26.5118,0.9237,3.9555
26.5120,0.9455,4.0484
26.5122,0.9357,4.0087
26.5124,0.9399,4.0229
26.5126,0.9458,4.0537
26.5128,0.9242,3.9612
26.5130,0.9245,3.9623
26.5132,0.8872,3.8042
26.5134,0.8735,3.7491
26.5136,0.8353,3.5849
26.5138,0.8634,3.7041
26.5140,0.8914,3.8186
26.5142,0.9552,4.0919
26.5144,0.9765,4.1853
26.5146,0.9945,4.2604
26.5148,0.9484,4.0688
26.5150,0.9154,3.9269
26.5152,0.9102,3.8993
26.5154,0.9236,3.9587
26.5156,0.9059,3.8862
26.5158,0.8922,3.8276
26.5160,0.9366,4.0123
26.5162,0.9257,3.9748
26.5164,0.8561,3.6745
26.5166,0.8534,3.6643
26.5168,0.7898,3.393
26.5170,0.7654,3.288
26.5172,0.7966,3.4176
26.5174,0.8745,3.7462
26.5176,0.9427,4.046
26.5178,0.944,4.0517
26.5180,0.8682,3.7282
26.5182,0.8335,3.5739
26.5184,0.8229,3.5385
26.5186,0.7495,3.223
26.5188,0.7508,3.2316
26.5190,0.7579,3.2606
26.5192,0.7361,3.1696
26.5194,0.6777,2.9168
26.5196,0.7306,3.143
26.5198,0.6887,2.9629
26.5200,0.6877,2.9555
26.5202,0.7753,3.3338
26.5204,0.7528,3.2369
26.5206,0.6923,2.9798
26.5208,0.707,3.0399
26.5210,0.7691,3.3055
26.5212,0.8014,3.4398
26.5214,0.8198,3.5251
26.5216,0.7907,3.3951
26.5218,0.8073,3.4699
26.5220,0.7742,3.3292
26.5222,0.7688,3.309
26.5224,0.6996,3.0099
26.5226,0.7234,3.1135
26.5228,0.689,2.9667
26.5230,0.6773,2.9166
26.5232,0.6793,2.9235
26.5234,0.6765,2.9103
26.5236,0.6859,2.9519
26.5238,0.7058,3.0404
26.5240,0.7311,3.1421
26.5242,0.8513,3.6539
26.5244,0.7935,3.4185
26.5246,0.6128,2.6413
26.5248,0.6042,2.6029
26.5250,0.6567,2.8226
26.5252,0.7332,3.1543
26.5254,0.7264,3.1235
26.5256,0.7446,3.2018
26.5258,0.7375,3.1773
26.5260,0.63,2.714
26.5262,0.6169,2.6589
26.5264,0.5537,2.3888
26.5266,0.5211,2.2501
26.5268,0.5137,2.215
26.5270,0.5136,2.2134
26.5272,0.5215,2.2486
26.5274,0.5609,2.4153
26.5276,0.7125,3.0651
26.5278,0.6957,2.9956
26.5280,0.6227,2.6824
26.5282,0.5549,2.3917
26.5284,0.5722,2.4673
26.5286,0.5295,2.2843
26.5288,0.52,2.2424
26.5290,0.5148,2.2196
26.5292,0.5706,2.4605
26.5294,0.5307,2.2884
26.5296,0.5205,2.2413
26.5298,0.5512,2.3779
26.5300,0.5167,2.2289
26.5302,0.5213,2.248
26.5304,0.5363,2.3127
26.5306,0.5395,2.3229
26.5308,0.6362,2.737
26.5310,0.6898,2.9745
26.5312,0.576,2.4815
26.5314,0.6326,2.7215
26.5316,0.6362,2.737
26.5318,0.6374,2.7422
26.5320,0.6554,2.8208
26.5322,0.6507,2.8033
26.5324,0.6458,2.7796
26.5326,0.6488,2.7925
26.5328,0.6494,2.7963
26.5330,0.6622,2.8463
26.5332,0.7143,3.0699
26.5334,0.7053,3.0327
26.5336,0.7062,3.0425
26.5338,0.6606,2.8404
26.5340,0.7098,3.0537
26.5342,0.7357,3.1637
26.5344,0.7459,3.209
26.5346,0.7425,3.1911
26.5348,0.7363,3.1648
26.5350,0.726,3.1248
26.5352,0.6422,2.7641
26.5354,0.6615,2.8472
26.5356,0.6034,2.5993
26.5358,0.5916,2.5487
26.5360,0.5796,2.4993
26.5362,0.579,2.4933
26.5364,0.6049,2.6048
26.5366,0.5831,2.512
26.5368,0.5704,2.4561
26.5370,0.573,2.4697
26.5372,0.5994,2.5786
26.5374,0.7162,3.0811
26.5376,0.6886,2.961
26.5378,0.6947,2.9832
26.5380,0.7204,3.1006
26.5382,0.6862,2.9521
26.5384,0.7273,3.1247
26.5386,0.723,3.109
26.5388,0.7023,3.0184
26.5390,0.7809,3.3596
26.5392,0.6799,2.9316
26.5394,0.5788,2.4934
26.5396,0.5958,2.5655
26.5398,0.5819,2.5103
26.5400,0.506,2.1819
26.5402,0.4787,2.0649
26.5404,0.4807,2.0728
26.5406,0.5552,2.3916
26.5408,0.585,2.5202
26.5410,0.5934,2.5588
26.5412,0.5251,2.2672
26.5414,0.4631,1.9968
26.5416,0.463,1.9972
26.5418,0.4624,1.9964
26.5420,0.436,1.8817
26.5422,0.4615,1.9919
26.5424,0.4826,2.0801
26.5426,0.5335,2.3003
26.5428,0.4772,2.0587
26.5430,0.5134,2.2139
26.5432,0.5204,2.2439
26.5434,0.4904,2.1117
26.5436,0.5259,2.2666
26.5438,0.5591,2.4064
26.5440,0.7007,3.0089
26.5442,0.768,3.3008
26.5444,0.7676,3.2993
26.5446,0.7554,3.2422
26.5448,0.8615,3.6925
26.5450,0.8773,3.7621
26.5452,0.8713,3.7329
26.5454,0.9118,3.9096
26.5456,0.9149,3.9248
26.5458,0.897,3.8428
26.5460,0.9124,3.9104
26.5462,0.9017,3.8646
26.5464,0.8987,3.8536
26.5466,0.933,4.0006
26.5468,0.9157,3.9248
26.5470,0.9564,4.1028
26.5472,0.9056,3.8852
26.5474,0.8728,3.746
26.5476,0.8755,3.7578
26.5478,0.8399,3.6067
26.5480,0.8217,3.5251
26.5482,0.8223,3.5326
26.5484,0.8181,3.513
26.5486,0.8397,3.6023
26.5488,0.8748,3.7583
26.5490,0.8417,3.6127
26.5492,0.8538,3.6664
26.5494,0.8326,3.5719
26.5496,0.8715,3.7369
26.5498,0.9134,3.915
26.5500,0.9361,4.014
26.5502,0.9869,4.234
26.5504,0.9184,3.9471
26.5506,0.8429,3.6162
26.5508,0.8716,3.7426
26.5510,0.8223,3.531
26.5512,0.8074,3.4655
26.5514,0.8685,3.731
26.5516,0.7863,3.3828
26.5518,0.7833,3.3684
26.5520,0.8038,3.4533
26.5522,0.8013,3.4473
26.5524,0.7476,3.2162
26.5526,0.7462,3.204
26.5528,0.8257,3.5487
26.5530,0.7293,3.1358
26.5532,0.736,3.1691
26.5534,0.7395,3.1811
26.5536,0.7429,3.1961
26.5538,0.7656,3.2875
26.5540,0.8326,3.5769
26.5542,0.8489,3.6453
26.5544,0.8543,3.6685
26.5546,0.8459,3.6392
26.5548,0.7172,3.0866
26.5550,0.6839,2.9437
26.5552,0.6767,2.9154
26.5554,0.6411,2.7633
26.5556,0.5994,2.5822
26.5558,0.6401,2.7548
26.5560,0.7425,3.1925
26.5562,0.7615,3.2715
26.5564,0.7122,3.0683
26.5566,0.6645,2.8641
26.5568,0.6193,2.6705
26.5570,0.5739,2.4722
26.5572,0.5959,2.5649
26.5574,0.6905,2.9748
26.5576,0.6034,2.6017
26.5578,0.5614,2.4219
26.5580,0.5642,2.4315
26.5582,0.5532,2.3856
26.5584,0.568,2.4514
26.5586,0.576,2.4827
26.5588,0.5989,2.579
26.5590,0.5887,2.5398
26.5592,0.5498,2.3706
26.5594,0.5247,2.2657
26.5596,0.4543,1.9608
26.5598,0.4471,1.9316
26.5600,0.4516,1.9517
26.5602,0.4471,1.9307
26.5604,0.4492,1.9395
26.5606,0.4466,1.9295
26.5608,0.4578,1.9759
26.5610,0.4741,2.0453
26.5612,0.4734,2.0412
26.5614,0.4586,1.9804
26.5616,0.4602,1.9871
26.5618,0.4582,1.9783
26.5620,0.4615,1.9919
26.5622,0.4577,1.9744
26.5624,0.5043,2.1746
26.5626,0.539,2.324
26.5628,0.4877,2.1057
26.5630,0.4366,1.8851
26.5632,0.4297,1.8548
26.5634,0.4372,1.8851
26.5636,0.4902,2.1146
26.5638,0.5282,2.2786
26.5640,0.5169,2.2289
26.5642,0.5423,2.3364
26.5644,0.5482,2.3628
26.5646,0.5486,2.3654
26.5648,0.5395,2.325
26.5650,0.4976,2.1447
26.5652,0.4537,1.9573
26.5654,0.4507,1.948
26.5656,0.4489,1.9367
26.5658,0.477,2.0548
26.5660,0.5333,2.2976
26.5662,0.5559,2.397
26.5664,0.5391,2.3213
26.5666,0.5435,2.3415
26.5668,0.5466,2.355
26.5670,0.565,2.4329
26.5672,0.5996,2.5857
26.5674,0.5415,2.3327
26.5676,0.5994,2.5786
26.5678,0.6356,2.7395
26.5680,0.5109,2.2031
26.5682,0.5085,2.1917
26.5684,0.5375,2.3189
26.5686,0.4981,2.1487
26.5688,0.4926,2.123
26.5690,0.558,2.4029
26.5692,0.583,2.5115
26.5694,0.6109,2.6294
26.5696,0.5885,2.5329
26.5698,0.5672,2.4421
26.5700,0.5928,2.5526
26.5702,0.5898,2.5409
26.5704,0.5204,2.2429
26.5706,0.5126,2.2083
26.5708,0.5718,2.4634
26.5710,0.5971,2.5724
26.5712,0.5553,2.3899
26.5714,0.6013,2.5869
26.5716,0.6162,2.6509
26.5718,0.6019,2.5895
26.5720,0.6231,2.6808
26.5722,0.6826,2.9366
26.5724,0.7191,3.0891
26.5726,0.7354,3.1607
26.5728,0.6778,2.916
26.5730,0.6442,2.7754
26.5732,0.6073,2.6151
26.5734,0.5791,2.4938
26.5736,0.549,2.3675
26.5738,0.5612,2.4141
26.5740,0.6332,2.7228
26.5742,0.6302,2.7112
26.5744,0.6205,2.6719
26.5746,0.5722,2.4638
26.5748,0.5636,2.4255
26.5750,0.5697,2.4519
26.5752,0.608,2.617
26.5754,0.651,2.8031
26.5756,0.5747,2.477
26.5758,0.4769,2.0562
26.5760,0.5042,2.1691
26.5762,0.5947,2.5633
26.5764,0.55,2.3694
26.5766,0.5124,2.2082
26.5768,0.4948,2.1318
26.5770,0.5902,2.5389
26.5772,0.6687,2.8755
26.5774,0.6911,2.9719
26.5776,0.6953,2.9899
26.5778,0.7271,3.1193
26.5780,0.7862,3.3713
26.5782,0.8277,3.5542
26.5784,0.7618,3.2679
26.5786,0.8462,3.6284
26.5788,0.9085,3.8957
26.5790,0.9114,3.9062
26.5792,0.8921,3.8217
26.5794,0.9389,4.0221
26.5796,0.9122,3.9117
26.5798,0.9124,3.9085
26.5800,0.9035,3.8741
26.5802,0.8654,3.7158
26.5804,0.8145,3.4975
26.5806,0.8534,3.6643
26.5808,0.8379,3.5962
26.5810,0.8259,3.5431
26.5812,0.8419,3.6132
26.5814,0.8646,3.711
26.5816,0.8272,3.5488
26.5818,0.8384,3.6
26.5820,0.8438,3.6198
26.5822,0.927,3.9693
26.5824,0.9158,3.9308
26.5826,0.8267,3.5484
26.5828,0.857,3.6729
26.5830,0.8506,3.6525
26.5832,0.7655,3.29
26.5834,0.7787,3.3451
26.5836,0.7914,3.3966
26.5838,0.8387,3.5931
26.5840,0.9243,3.9691
26.5842,0.8128,3.4887
26.5844,0.8572,3.6757
26.5846,0.8704,3.734
26.5848,0.8415,3.6167
26.5850,0.7909,3.3993
26.5852,0.7847,3.3756
26.5854,0.7257,3.1175
26.5856,0.7592,3.2617
26.5858,0.7838,3.3704
26.5860,0.7645,3.2828
26.5862,0.7649,3.2844
26.5864,0.7676,3.3008
26.5866,0.7604,3.2714
26.5868,0.7621,3.2771
26.5870,0.7803,3.3508
26.5872,0.7875,3.3848
26.5874,0.7536,3.2435
26.5876,0.6769,2.9105
26.5878,0.6683,2.8739
26.5880,0.7277,3.1306
26.5882,0.7499,3.226
26.5884,0.764,3.2823
26.5886,0.7926,3.4065
26.5888,0.754,3.242
26.5890,0.7934,3.4053
26.5892,0.8375,3.593
26.5894,0.8371,3.6044
26.5896,0.7006,3.0168
26.5898,0.6981,3.0018
26.5900,0.7199,3.097
26.5902,0.7429,3.2005
26.5904,0.6371,2.7368
26.5906,0.7554,3.2497
26.5908,0.6699,2.886
26.5910,0.6321,2.7207
26.5912,0.6703,2.8835
26.5914,0.6999,3.0109
26.5916,0.7437,3.1977
26.5918,0.7649,3.2844
26.5920,0.7926,3.4065
26.5922,0.7919,3.405
26.5924,0.7636,3.2833
26.5926,0.7494,3.2239
26.5928,0.7595,3.2658
26.5930,0.719,3.0944
26.5932,0.6482,2.7938
26.5934,0.6139,2.6447
26.5936,0.6337,2.73
26.5938,0.6695,2.8791
26.5940,0.7079,3.0398
26.5942,0.7043,3.0314
26.5944,0.7038,3.0279
26.5946,0.7121,3.0706
26.5948,0.5901,2.5443
26.5950,0.5471,2.3581
26.5952,0.5451,2.3515
26.5954,0.5572,2.4038
26.5956,0.5351,2.3064
26.5958,0.5444,2.3462
26.5960,0.561,2.4169
26.5962,0.5501,2.3721
26.5964,0.5537,2.3876
26.5966,0.6219,2.6793
26.5968,0.5731,2.4691
26.5970,0.5541,2.387
26.5972,0.6085,2.6191
26.5974,0.6109,2.6343
26.5976,0.547,2.3576
26.5978,0.5452,2.3509
26.5980,0.5499,2.3722
26.5982,0.5463,2.3567
26.5984,0.5269,2.2708
26.5986,0.5225,2.2532
26.5988,0.5229,2.2537
26.5990,0.5271,2.2729
26.5992,0.5246,2.262
26.5994,0.523,2.2553
26.5996,0.5237,2.2594
26.5998,0.5248,2.2641
26.6000,0.5303,2.2847
26.6002,0.57,2.4534
26.6004,0.6379,2.7468
26.6006,0.6568,2.8244
26.6008,0.6889,2.9607
26.6010,0.6851,2.9475
26.6012,0.6662,2.87
26.6014,0.6345,2.7323
26.6016,0.6175,2.6615
26.6018,0.5309,2.2894
26.6020,0.5409,2.3302
26.6022,0.5761,2.482
26.6024,0.5751,2.4785
26.6026,0.5761,2.4832
26.6028,0.5833,2.5107
26.6030,0.6178,2.66
26.6032,0.5829,2.511
26.6034,0.5675,2.4471
26.6036,0.5723,2.4655
26.6038,0.6046,2.602
26.6040,0.68,2.9212
26.6042,0.7152,3.0798
26.6044,0.6285,2.7027
26.6046,0.698,2.9971
26.6048,0.782,3.3611
26.6050,0.7728,3.3245
26.6052,0.7699,3.3137
26.6054,0.6797,2.9256
26.6056,0.5942,2.5612
26.6058,0.5981,2.573
26.6060,0.6643,2.8577
26.6062,0.648,2.7901
26.6064,0.6558,2.825
26.6066,0.6142,2.6409
26.6068,0.6707,2.8896
26.6070,0.5867,2.5287
26.6072,0.5998,2.579
26.6074,0.6022,2.5965
26.6076,0.4807,2.0757
26.6078,0.4807,2.0737
26.6080,0.4924,2.1244
26.6082,0.4811,2.0753
26.6084,0.4597,1.9841
26.6086,0.4496,1.9425
26.6088,0.4212,1.8163
26.6090,0.4972,2.1431
26.6092,0.4687,2.0239
26.6094,0.4356,1.8784
26.6096,0.4745,2.0459
26.6098,0.5228,2.2553
26.6100,0.5092,2.1968
26.6102,0.5035,2.169
26.6104,0.6001,2.5829
26.6106,0.6615,2.8458
26.6108,0.6499,2.7958
26.6110,0.6572,2.822
26.6112,0.7071,3.0376
26.6114,0.7259,3.1214
26.6116,0.7607,3.2633
26.6118,0.9184,3.9324
26.6120,0.9779,4.1895
26.6122,0.9571,4.104
26.6124,0.9435,4.0402
26.6126,0.9478,4.0568
26.6128,0.946,4.0548
26.6130,0.932,4.0002
26.6132,0.8897,3.815
26.6134,0.9686,4.1456
26.6136,0.9867,4.227
26.6138,0.9584,4.1096
26.6140,0.9646,4.1325
26.6142,1.005,4.3056
26.6144,0.9764,4.1809
26.6146,0.9784,4.1935
26.6148,0.9817,4.2074
26.6150,0.9937,4.2588
26.6152,0.9831,4.2136
26.6154,0.9554,4.0949
26.6156,0.9555,4.0973
26.6158,0.9109,3.9151
26.6160,0.8162,3.5113
26.6162,0.808,3.4681
26.6164,0.8672,3.7236
26.6166,0.8723,3.7439
26.6168,0.8631,3.7043
26.6170,0.8758,3.7606
26.6172,0.8484,3.6415
26.6174,0.8693,3.7346
26.6176,0.7603,3.2709
26.6178,0.7084,3.0489
26.6180,0.7144,3.0762
26.6182,0.72,3.099
26.6184,0.6723,2.8923
26.6186,0.6812,2.9304
26.6188,0.6989,3.004
26.6190,0.7371,3.1738
26.6192,0.6528,2.8121
26.6194,0.6654,2.865
26.6196,0.7011,3.0119
26.6198,0.7806,3.3596
26.6200,0.6987,3.0043
26.6202,0.7524,3.2323
26.6204,0.802,3.4488
26.6206,0.7613,3.2765
26.6208,0.6457,2.7829
26.6210,0.6225,2.6819
26.6212,0.6672,2.8728
26.6214,0.6506,2.8041
26.6216,0.615,2.6469
26.6218,0.7019,3.0197
26.6220,0.6884,2.96
26.6222,0.6937,2.9827
26.6224,0.7158,3.0824
26.6226,0.6916,2.9781
26.6228,0.6833,2.9411
26.6230,0.6907,2.9726
26.6232,0.6676,2.8788
26.6234,0.6054,2.6081
26.6236,0.5945,2.5611
26.6238,0.6261,2.6912
26.6240,0.7478,3.2128
26.6242,0.8002,3.4395
26.6244,0.7325,3.1556
26.6246,0.6808,2.933
26.6248,0.6389,2.7496
26.6250,0.6633,2.8562
26.6252,0.6264,2.6947
26.6254,0.6416,2.7653
26.6256,0.5592,2.4125
26.6258,0.5154,2.2222
26.6260,0.5041,2.1756
26.6262,0.4982,2.1512
26.6264,0.4854,2.0939
26.6266,0.5472,2.3597
26.6268,0.5585,2.4083
26.6270,0.5851,2.5219
26.6272,0.5621,2.4216
26.6274,0.5257,2.2688
26.6276,0.4561,1.9695
26.6278,0.4704,2.033
26.6280,0.448,1.9334
26.6282,0.4602,1.9844
26.6284,0.4625,1.997
26.6286,0.4553,1.9659
26.6288,0.4548,1.962
26.6290,0.4523,1.9511
26.6292,0.4453,1.9247
26.6294,0.4356,1.881
26.6296,0.4349,1.877
26.6298,0.4361,1.8831
26.6300,0.4861,2.098
26.6302,0.4728,2.0405
26.6304,0.471,2.0309
26.6306,0.5241,2.2578
26.6308,0.5502,2.3738
26.6310,0.5205,2.2434
26.6312,0.5355,2.308
26.6314,0.5452,2.3488
26.6316,0.5555,2.3943
26.6318,0.5831,2.512
26.6320,0.5904,2.5423
26.6322,0.5989,2.5802
26.6324,0.5785,2.49
26.6326,0.6423,2.7646
26.6328,0.6314,2.7227
26.6330,0.5516,2.3739
26.6332,0.5458,2.3524
26.6334,0.554,2.3865
26.6336,0.6149,2.6415
26.6338,0.6773,2.9126
26.6340,0.6606,2.8364
26.6342,0.7128,3.0638
26.6344,0.6681,2.8769
26.6346,0.6164,2.6544
26.6348,0.6065,2.6151
26.6350,0.4905,2.1152
26.6352,0.4773,2.0583
26.6354,0.5136,2.2165
26.6356,0.4584,1.9766
26.6358,0.4924,2.1195
26.6360,0.5429,2.3389
26.6362,0.5582,2.4068
26.6364,0.5531,2.3851
26.6366,0.5441,2.3441
26.6368,0.5496,2.369
26.6370,0.547,2.3565
26.6372,0.5332,2.2971
26.6374,0.5543,2.388
26.6376,0.5915,2.547
26.6378,0.596,2.5642
26.6380,0.6034,2.5932
26.6382,0.6811,2.9299
26.6384,0.6631,2.8512
26.6386,0.6572,2.8273
26.6388,0.663,2.8534
26.6390,0.6367,2.7378
26.6392,0.6229,2.6835
26.6394,0.5766,2.4852
26.6396,0.5878,2.5298
26.6398,0.5946,2.5616
26.6400,0.6132,2.6392
26.6402,0.6504,2.7992
26.6404,0.582,2.5073
26.6406,0.5643,2.4331
26.6408,0.5076,2.1866
26.6410,0.5261,2.2645
26.6412,0.5505,2.3748
26.6414,0.4783,2.0643
26.6416,0.4679,2.0175
26.6418,0.4528,1.9532
26.6420,0.4506,1.9412
26.6422,0.5306,2.2868
26.6424,0.4755,2.0524
26.6426,0.4389,1.8906
26.6428,0.4908,2.1142
26.6430,0.5523,2.3814
26.6432,0.5098,2.1974
26.6434,0.4989,2.1484
26.6436,0.5718,2.46
26.6438,0.653,2.8079
26.6440,0.6672,2.8674
26.6442,0.6978,2.9952
26.6444,0.7218,3.0995
26.6446,0.7636,3.2787
26.6448,0.8041,3.4463
26.6450,0.8306,3.5665
26.6452,0.761,3.2679
26.6454,0.8013,3.4361
26.6456,0.8984,3.8472
26.6458,0.9294,3.9833
26.6460,0.8615,3.6994
26.6462,0.8523,3.6563
26.6464,0.8753,3.7551
26.6466,0.8765,3.7602
26.6468,0.8702,3.7277
26.6470,0.9531,4.0832
26.6472,0.9638,4.127
26.6474,0.9843,4.2128
26.6476,0.9624,4.1266
26.6478,0.903,3.8757
26.6480,0.8662,3.7108
26.6482,0.8904,3.8199
26.6484,0.9119,3.912
26.6486,0.9035,3.8705
26.6488,0.9297,3.9923
26.6490,0.8295,3.5602
26.6492,0.8185,3.5112
26.6494,0.8409,3.6125
26.6496,0.7946,3.4168
26.6498,0.7633,3.2777
26.6500,0.8024,3.4455
26.6502,0.8026,3.4465
26.6504,0.8368,3.5899
26.6506,0.9287,3.9821
26.6508,0.9451,4.0507
26.6510,0.9403,4.0357
26.6512,0.9037,3.8788
26.6514,0.867,3.7161
26.6516,0.9019,3.8693
26.6518,0.899,3.8587
26.6520,0.8838,3.7951
26.6522,0.8713,3.7433
26.6524,0.8253,3.5439
26.6526,0.8462,3.6385
26.6528,0.8068,3.4646
26.6530,0.8465,3.6299
26.6532,0.8458,3.6302
26.6534,0.8562,3.6767
26.6536,0.8535,3.6649
26.6538,0.8311,3.5702
26.6540,0.7928,3.4059
26.6542,0.8209,3.5314
26.6544,0.8062,3.4604
26.6546,0.8409,3.6142
26.6548,0.7743,3.3281
26.6550,0.76,3.2693
26.6552,0.7842,3.372
26.6554,0.8005,3.4373
26.6556,0.8359,3.5942
26.6558,0.7983,3.4328
26.6560,0.7778,3.3462
26.6562,0.6869,2.9552
26.6564,0.676,2.9096
26.6566,0.6737,2.8998
26.6568,0.7377,3.1734
26.6570,0.7488,3.2259
26.6572,0.6753,2.9065
26.6574,0.6682,2.8761
26.6576,0.6838,2.9404
26.6578,0.6518,2.808
26.6580,0.6011,2.5907
26.6582,0.5736,2.4712
26.6584,0.6018,2.595
26.6586,0.5598,2.4151
26.6588,0.5302,2.2863
26.6590,0.5294,2.2837
26.6592,0.5257,2.2677
26.6594,0.5281,2.277
26.6596,0.5319,2.2914
26.6598,0.529,2.2801
26.6600,0.5445,2.3435
26.6602,0.6183,2.6651
26.6604,0.6011,2.5931
26.6606,0.559,2.4082
26.6608,0.5972,2.5729
26.6610,0.6273,2.7013
26.6612,0.6403,2.7571
26.6614,0.5984,2.5817
26.6616,0.5435,2.3437
26.6618,0.5429,2.3422
26.6620,0.5369,2.3163
26.6622,0.5474,2.3581
26.6624,0.5516,2.3772
26.6626,0.5548,2.3934
26.6628,0.5536,2.3882
26.6630,0.5447,2.3478
26.6632,0.5459,2.3529
26.6634,0.5982,2.5759
26.6636,0.6453,2.7788
26.6638,0.5974,2.5746
26.6640,0.5329,2.2987
26.6642,0.5258,2.2682
26.6644,0.5604,2.4121
26.6646,0.6144,2.6443
26.6648,0.6377,2.7483
26.6650,0.5552,2.3927
26.6652,0.5332,2.3003
26.6654,0.5326,2.2966
26.6656,0.5475,2.3586
26.6658,0.5873,2.5289
26.6660,0.632,2.7227
26.6662,0.6236,2.6828
26.6664,0.6535,2.8113
26.6666,0.6445,2.7726
26.6668,0.6371,2.7444
26.6670,0.6409,2.761
26.6672,0.6448,2.7728
26.6674,0.6707,2.8856
26.6676,0.7061,3.0391
26.6678,0.6442,2.778
26.6680,0.5448,2.3483
26.6682,0.5326,2.2956
26.6684,0.5344,2.3055
26.6686,0.5357,2.3112
26.6688,0.5472,2.3553
26.6690,0.6211,2.6745
26.6692,0.6566,2.8247
26.6694,0.6778,2.9146
26.6696,0.6838,2.9404
26.6698,0.7014,3.0176
26.6700,0.7079,3.0398
26.6702,0.7566,3.2549
26.6704,0.6759,2.9077
26.6706,0.6441,2.771
26.6708,0.727,3.1246
26.6710,0.7676,3.2977
26.6712,0.7422,3.1885
26.6714,0.7951,3.4157
26.6716,0.8023,3.445
26.6718,0.7652,3.2905
26.6720,0.6914,2.977
26.6722,0.5958,2.5655
26.6724,0.6603,2.838
26.6726,0.7453,3.2019
26.6728,0.7444,3.1978
26.6730,0.6919,2.9819
26.6732,0.5765,2.4824
26.6734,0.6195,2.6653
26.6736,0.63,2.7152
26.6738,0.6331,2.7274
26.6740,0.6066,2.6132
26.6742,0.5819,2.5057
26.6744,0.5729,2.4704
26.6746,0.5474,2.3581
26.6748,0.5972,2.5694
26.6750,0.5849,2.5197
26.6752,0.5799,2.4992
26.6754,0.549,2.3697
26.6756,0.4578,1.9759
26.6758,0.439,1.8937
26.6760,0.4813,2.0754
26.6762,0.535,2.3091
26.6764,0.4954,2.1364
26.6766,0.4927,2.1225
26.6768,0.5832,2.5067
26.6770,0.7074,3.0462
26.6772,0.694,2.9842
26.6774,0.7158,3.0752
26.6776,0.7603,3.2663
26.6778,0.8163,3.5069
26.6780,0.7917,3.4013
26.6782,0.7434,3.1907
26.6784,0.8555,3.6668
26.6786,0.9132,3.9158
26.6788,0.9073,3.8942
26.6790,0.8998,3.8546
26.6792,0.9222,3.9543
26.6794,0.9384,4.0219
26.6796,0.9618,4.1182
26.6798,0.938,4.0185
26.6800,0.9612,4.1195
26.6802,0.9818,4.206
26.6804,0.9749,4.1806
26.6806,0.917,3.9359
26.6808,0.8807,3.78
26.6810,0.8788,3.7647
26.6812,0.9252,3.9727
26.6814,0.8172,3.5056
26.6816,0.8833,3.7913
26.6818,0.956,4.1032
26.6820,0.8948,3.8443
26.6822,0.7925,3.4091
26.6824,0.752,3.2308
26.6826,0.8199,3.524
26.6828,0.7819,3.3637
26.6830,0.7558,3.2467
26.6832,0.797,3.4319
26.6834,0.7748,3.3364
26.6836,0.7414,3.1879
26.6838,0.7279,3.1316
26.6840,0.7229,3.1114
26.6842,0.7143,3.0714
26.6844,0.7011,3.0147
26.6846,0.7331,3.1538
26.6848,0.7319,3.1442
26.6850,0.767,3.3028
26.6852,0.659,2.839
26.6854,0.667,2.8709
26.6856,0.6988,3.0077
26.6858,0.6849,2.9478
26.6860,0.6917,2.9744
26.6862,0.6847,2.9481
26.6864,0.6103,2.6317
26.6866,0.592,2.5502
26.6868,0.5998,2.5814
26.6870,0.6483,2.7904
26.6872,0.714,3.0689
26.6874,0.767,3.2936
26.6876,0.7379,3.1744
26.6878,0.6919,2.9763
26.6880,0.7704,3.3096
26.6882,0.8005,3.4405
26.6884,0.7354,3.1665
26.6886,0.6675,2.877
26.6888,0.5939,2.5597
26.6890,0.5898,2.5409
26.6892,0.6082,2.6199
26.6894,0.626,2.6982
26.6896,0.6122,2.6375
26.6898,0.6222,2.6816
26.6900,0.618,2.6623
26.6902,0.6664,2.8643
26.6904,0.7911,3.4019
26.6906,0.7775,3.3431
26.6908,0.7181,3.0893
26.6910,0.6724,2.8968
26.6912,0.6669,2.8704
26.6914,0.6642,2.8612
26.6916,0.6355,2.7352
26.6918,0.7052,3.0364
26.6920,0.641,2.7602
26.6922,0.6247,2.6887
26.6924,0.6383,2.7496
26.6926,0.5826,2.5122
26.6928,0.5512,2.3779
26.6930,0.5468,2.3587
26.6932,0.5501,2.371
26.6934,0.5626,2.427
26.6936,0.5397,2.3282
26.6938,0.5662,2.4369
26.6940,0.6279,2.7039
26.6942,0.6231,2.6845
26.6944,0.5692,2.4521
26.6946,0.5959,2.5673
26.6948,0.6386,2.7524
26.6950,0.5601,2.4139
26.6952,0.5542,2.3919
26.6954,0.4673,2.0167
26.6956,0.4508,1.9458
26.6958,0.4337,1.871
26.6960,0.4754,2.051
26.6962,0.5215,2.2496
26.6964,0.4927,2.1274
26.6966,0.4547,1.9633
26.6968,0.4471,1.9307
26.6970,0.445,1.9187
26.6972,0.4464,1.9276
26.6974,0.446,1.9242
26.6976,0.446,1.9251
26.6978,0.4463,1.9271
26.6980,0.4469,1.9279
26.6982,0.4442,1.9165
26.6984,0.4468,1.9291
26.6986,0.4484,1.9364
26.6988,0.4468,1.9273
26.6990,0.4469,1.9279
26.6992,0.4436,1.9148
26.6994,0.4487,1.9374
26.6996,0.4501,1.9418
26.6998,0.4495,1.9392
26.7000,0.4462,1.9265
26.7002,0.4447,1.9186
26.7004,0.4923,2.121
26.7006,0.5442,2.3435
26.7008,0.5493,2.3663
26.7010,0.5591,2.4076
26.7012,0.5392,2.3208
26.7014,0.5825,2.5071
26.7016,0.5691,2.4538
26.7018,0.5377,2.3184
26.7020,0.5227,2.2527
26.7022,0.5596,2.4085
26.7024,0.5837,2.5122
26.7026,0.5812,2.5026
26.7028,0.5847,2.5164
26.7030,0.6474,2.7811
26.7032,0.6555,2.8227
26.7034,0.6299,2.7084
26.7036,0.6553,2.8203
26.7038,0.6212,2.67
26.7040,0.7098,3.0495
26.7042,0.7765,3.3359
26.7044,0.7652,3.2859
26.7046,0.7757,3.3276
26.7048,0.7073,3.0457
26.7050,0.5952,2.5618
26.7052,0.6187,2.6666
26.7054,0.5446,2.3473
26.7056,0.4935,2.1271
26.7058,0.4844,2.0888
26.7060,0.4813,2.0763
26.7062,0.4946,2.1318
26.7064,0.5542,2.3831
26.7066,0.6095,2.6195
26.7068,0.6525,2.8085
26.7070,0.6137,2.6462
26.7072,0.5028,2.1679
26.7074,0.4791,2.0632
26.7076,0.5177,2.2325
26.7078,0.4969,2.1396
26.7080,0.527,2.2734
26.7082,0.4186,1.8066
26.7084,0.3989,1.7233
26.7086,0.4006,1.7306
26.7088,0.4248,1.8318
26.7090,0.498,2.1472
26.7092,0.4577,1.9744
26.7094,0.4857,2.0916
26.7096,0.553,2.3823
26.7098,0.5017,2.1612
26.7100,0.5034,2.1655
26.7102,0.6187,2.6617
26.7104,0.6439,2.77
26.7106,0.6624,2.8495
26.7108,0.6854,2.9444
26.7110,0.707,3.0385
26.7112,0.7168,3.0765
26.7114,0.8315,3.5607
26.7116,0.8428,3.6157
26.7118,0.8106,3.4822
26.7120,0.8212,3.5198
26.7122,0.9217,3.9486
26.7124,0.9198,3.9367
26.7126,0.9598,4.1081
26.7128,0.9386,4.0248
26.7130,0.8994,3.8513
26.7132,0.9562,4.0946
26.7134,0.9787,4.1985
26.7136,0.946,4.0491
26.7138,0.9928,4.2512
26.7140,0.9869,4.2261
26.7142,1.0019,4.2902
26.7144,0.9951,4.257
26.7146,1.003,4.2929
26.7148,0.9891,4.2353
26.7150,0.9634,4.1254
26.7152,1.0077,4.3189
26.7154,1.0085,4.3205
26.7156,0.9564,4.0971
26.7158,0.9341,4.0071
26.7160,0.897,3.85
26.7162,0.8892,3.8183
26.7164,0.8058,3.4648
26.7166,0.7513,3.2277
26.7168,0.7848,3.3745
26.7170,0.7832,3.3631
26.7172,0.8242,3.5359
26.7174,0.8652,3.7101
26.7176,0.926,3.9708
26.7178,0.9113,3.9076
26.7180,0.9013,3.8631
26.7182,0.8601,3.6966
26.7184,0.8041,3.4559
26.7186,0.7893,3.3926
26.7188,0.7488,3.2184
26.7190,0.7877,3.3853
26.7192,0.7999,3.4347
26.7194,0.7676,3.3008
26.7196,0.7577,3.2611
26.7198,0.7652,3.2874
26.7200,0.7808,3.3575
26.7202,0.6975,3.0034
26.7204,0.6746,2.9048
26.7206,0.7104,3.0535
26.7208,0.7855,3.3729
26.7210,0.8203,3.5272
26.7212,0.7144,3.0733
26.7214,0.7458,3.2085
26.7216,0.7451,3.2054
26.7218,0.7556,3.2493
26.7220,0.7389,3.1815
26.7222,0.686,2.9483
26.7224,0.7613,3.2704
26.7226,0.7916,3.4055
26.7228,0.7048,3.0349
26.7230,0.6986,3.008
26.7232,0.6821,2.9318
26.7234,0.7501,3.224
26.7236,0.7766,3.3379
26.7238,0.7707,3.3173
26.7240,0.7108,3.0578
26.7242,0.6987,3.0057
26.7244,0.6996,3.0113
26.7246,0.6755,2.9116
26.7248,0.6302,2.7137
26.7250,0.6741,2.9
26.7252,0.727,3.1318
26.7254,0.5919,2.5544
26.7256,0.5019,2.1653
26.7258,0.4899,2.1145
26.7260,0.4875,2.1052
26.7262,0.5296,2.2805
26.7264,0.6275,2.7019
26.7266,0.6638,2.853
26.7268,0.802,3.444
26.7270,0.7453,3.2094
26.7272,0.6336,2.7282
26.7274,0.595,2.5631
26.7276,0.5487,2.3648
26.7278,0.5323,2.2962
26.7280,0.5163,2.2284
26.7282,0.5139,2.217
26.7284,0.5187,2.2367
26.7286,0.5285,2.2791
26.7288,0.5197,2.2398
26.7290,0.513,2.2098
26.7292,0.5592,2.4125
26.7294,0.5314,2.2915
26.7296,0.5305,2.2884
26.7298,0.5215,2.2506
26.7300,0.5972,2.5741
26.7302,0.5367,2.3142
26.7304,0.5472,2.3575
26.7306,0.6216,2.6766
26.7308,0.6307,2.7171
26.7310,0.633,2.7231
26.7312,0.655,2.8193
26.7314,0.6601,2.8396
26.7316,0.6745,2.8989
26.7318,0.7131,3.0648
26.7320,0.735,3.1635
26.7322,0.6982,3.0037
26.7324,0.6434,2.7679
26.7326,0.6134,2.6414
26.7328,0.6224,2.6777
26.7330,0.7053,3.0313
26.7332,0.7776,3.3421
26.7334,0.7198,3.0937
26.7336,0.699,3.0045
26.7338,0.6907,2.9698
26.7340,0.688,2.9612
26.7342,0.7192,3.094
26.7344,0.7084,3.0475
26.7346,0.6829,2.9404
26.7348,0.6198,2.6725
26.7350,0.55,2.3672
26.7352,0.614,2.6416
26.7354,0.6777,2.9195
26.7356,0.6386,2.7473
26.7358,0.6564,2.8237
26.7360,0.6584,2.8351
26.7362,0.691,2.9769
26.7364,0.6072,2.6122
26.7366,0.6354,2.7372
26.7368,0.6386,2.7524
26.7370,0.598,2.5736
26.7372,0.6092,2.6209
26.7374,0.6183,2.6651
26.7376,0.6195,2.669
26.7378,0.6922,2.9751
26.7380,0.6661,2.8681
26.7382,0.647,2.7847
26.7384,0.6333,2.7297
26.7386,0.5891,2.5355
26.7388,0.6688,2.8733
26.7390,0.7169,3.0856
26.7392,0.6127,2.6396
26.7394,0.5775,2.4912
26.7396,0.5749,2.4769
26.7398,0.609,2.6187
26.7400,0.6669,2.8704
26.7402,0.5679,2.4487
26.7404,0.497,2.1431
26.7406,0.4765,2.0566
26.7408,0.4755,2.0524
26.7410,0.4787,2.0649
26.7412,0.4812,2.0768
26.7414,0.4737,2.0418
26.7416,0.5174,2.232
26.7418,0.4749,2.0499
26.7420,0.4139,1.7873
26.7422,0.4247,1.8322
26.7424,0.5134,2.2139
26.7426,0.521,2.2423
26.7428,0.5801,2.5026
26.7430,0.5016,2.1637
26.7432,0.5371,2.3115
26.7434,0.6724,2.8901
26.7436,0.6948,2.9865
26.7438,0.7206,3.0958
26.7440,0.7348,3.1551
26.7442,0.7783,3.342
26.7444,0.7891,3.3899
26.7446,0.7854,3.3708
26.7448,0.85,3.6448
26.7450,0.8917,3.8255
26.7452,0.915,3.9217
26.7454,0.9132,3.914
26.7456,0.9571,4.1001
26.7458,0.9728,4.1655
26.7460,0.9681,4.1532
26.7462,0.9465,4.0568
26.7464,0.941,4.0313
26.7466,0.9507,4.071
26.7468,0.9745,4.1727
26.7470,0.9676,4.1473
26.7472,0.9559,4.0969
26.7474,0.961,4.119
26.7476,0.9687,4.1558
26.7478,0.9427,4.0385
26.7480,0.9354,4.0165
26.7482,0.8968,3.8489
26.7484,0.874,3.7477
26.7486,0.8832,3.7872
26.7488,0.9055,3.8883
26.7490,0.8492,3.6497
26.7492,0.7821,3.3632
26.7494,0.8008,3.4388
26.7496,0.8399,3.6067
26.7498,0.8172,3.5138
26.7500,0.7692,3.306
26.7502,0.8501,3.6453
26.7504,0.9456,4.0565
26.7506,0.9024,3.8767
26.7508,0.8185,3.5162
26.7510,0.8008,3.4436
26.7512,0.8188,3.5177
26.7514,0.7805,3.3529
26.7516,0.7729,3.3204
26.7518,0.8072,3.4661
26.7520,0.8618,3.7004
26.7522,0.8323,3.5804
26.7524,0.762,3.2812
26.7526,0.7392,3.1801
26.7528,0.7437,3.1962
26.7530,0.7299,3.1428
26.7532,0.6771,2.9143
26.7534,0.7121,3.0578
26.7536,0.8237,3.5388
26.7538,0.8284,3.5589
26.7540,0.8115,3.4895
26.7542,0.8236,3.5367
26.7544,0.8584,3.6877
26.7546,0.8249,3.5423
26.7548,0.7751,3.3343
26.7550,0.7748,3.3349
26.7552,0.7047,3.0358
26.7554,0.629,2.7098
26.7556,0.6002,2.5883
26.7558,0.5927,2.5545
26.7560,0.6014,2.5934
26.7562,0.6124,2.638
26.7564,0.6291,2.7053
26.7566,0.7477,3.2122
26.7568,0.7163,3.0859
26.7570,0.5853,2.5271
26.7572,0.5245,2.2625
26.7574,0.5452,2.3498
26.7576,0.5549,2.3973
26.7578,0.5002,2.159
26.7580,0.5324,2.2956
26.7582,0.4976,2.1477
26.7584,0.4546,1.9637
26.7586,0.4512,1.9492
26.7588,0.4495,1.9419
26.7590,0.4452,1.9224
26.7592,0.4529,1.9564
26.7594,0.4523,1.9539
26.7596,0.4512,1.9483
26.7598,0.4935,2.1271
26.7600,0.492,2.1253
26.7602,0.4576,1.9739
26.7604,0.4671,2.0171
26.7606,0.454,1.9602
26.7608,0.4487,1.9383
26.7610,0.4464,1.9276
26.7612,0.4498,1.9403
26.7614,0.4494,1.9405
26.7616,0.4493,1.94
26.7618,0.4486,1.9369
26.7620,0.4444,1.9161
26.7622,0.5085,2.1927
26.7624,0.5576,2.4031
26.7626,0.62,2.6723
26.7628,0.5555,2.3932
26.7630,0.5337,2.3045
26.7632,0.4375,1.8884
26.7634,0.4324,1.8661
26.7636,0.4373,1.8874
26.7638,0.443,1.9131
26.7640,0.4474,1.9308
26.7642,0.4464,1.9267
26.7644,0.4458,1.925
26.7646,0.4411,1.9039
26.7648,0.447,1.9284
26.7650,0.4905,2.1152
26.7652,0.5474,2.3591
26.7654,0.5867,2.524
26.7656,0.6369,2.7452
26.7658,0.556,2.3986
26.7660,0.5246,2.2631
26.7662,0.463,1.9972
26.7664,0.46,1.9842
26.7666,0.4618,1.9911
26.7668,0.5408,2.3286
26.7670,0.5618,2.42
26.7672,0.5819,2.5022
26.7674,0.6402,2.7566
26.7676,0.5889,2.5368
26.7678,0.5576,2.4008
26.7680,0.595,2.5631
26.7682,0.5377,2.3151
26.7684,0.5261,2.2656
26.7686,0.568,2.4492
26.7688,0.5154,2.2222
26.7690,0.4851,2.09
26.7692,0.5041,2.1736
26.7694,0.5011,2.1617
26.7696,0.4984,2.1463
26.7698,0.5549,2.3906
26.7700,0.582,2.5038
26.7702,0.671,2.8812
26.7704,0.6999,3.0081
26.7706,0.6413,2.7548
26.7708,0.6946,2.984
26.7710,0.7553,3.2462
26.7712,0.7622,3.273
26.7714,0.7675,3.2957
26.7716,0.726,3.1219
26.7718,0.7201,3.0938
26.7720,0.7716,3.3101
26.7722,0.7881,3.3827
26.7724,0.7913,3.4055
26.7726,0.6435,2.771
26.7728,0.5928,2.5515
26.7730,0.6348,2.7308
26.7732,0.6532,2.8102
26.7734,0.6793,2.9222
26.7736,0.6601,2.8383
26.7738,0.6333,2.7284
26.7740,0.5705,2.4566
26.7742,0.6282,2.7037
26.7744,0.6468,2.785
26.7746,0.5989,2.5814
26.7748,0.5106,2.2015
26.7750,0.5168,2.2274
26.7752,0.5198,2.2403
26.7754,0.5326,2.2924
26.7756,0.5357,2.3112
26.7758,0.513,2.2108
26.7760,0.539,2.324
26.7762,0.5204,2.2387
26.7764,0.6753,2.9025
26.7766,0.7026,3.0214
26.7768,0.6716,2.8878
26.7770,0.6434,2.7654
26.7772,0.7222,3.0996
26.7774,0.7986,3.4338
26.7776,0.6643,2.8577
26.7778,0.7312,3.1368
26.7780,0.8747,3.7542
26.7782,0.8402,3.6027
26.7784,0.8963,3.8433
26.7786,0.8252,3.5433
26.7788,0.8104,3.4784
26.7790,0.8296,3.5607
26.7792,0.769,3.3019
26.7794,0.8275,3.5482
26.7796,0.8745,3.7497
26.7798,0.858,3.6827
26.7800,0.8523,3.6546
26.7802,0.8788,3.7682
26.7804,0.9011,3.8639
26.7806,0.9125,3.9145
26.7808,0.86,3.6927
26.7810,0.8365,3.5917
26.7812,0.8267,3.5467
26.7814,0.8276,3.5437
26.7816,0.913,3.9184
26.7818,0.7978,3.4276
26.7820,0.8685,3.7257
26.7822,0.8558,3.6746
26.7824,0.8324,3.5776
26.7826,0.7795,3.3503
26.7828,0.7711,3.3111
26.7830,0.7895,3.3899
26.7832,0.7873,3.3854
26.7834,0.7628,3.2787
26.7836,0.8022,3.4461
26.7838,0.8289,3.5577
26.7840,0.8294,3.5663
26.7842,0.7427,3.1921
26.7844,0.7691,3.3039
26.7846,0.7763,3.3333
26.7848,0.785,3.374
26.7850,0.7872,3.3833
26.7852,0.8221,3.5316
26.7854,0.815,3.5012
26.7856,0.7709,3.3163
26.7858,0.7395,3.1826
26.7860,0.6856,2.9468
26.7862,0.7711,3.3111
26.7864,0.8305,3.566
26.7866,0.8062,3.4684
26.7868,0.7477,3.2182
26.7870,0.707,3.0413
26.7872,0.7746,3.3245
26.7874,0.7731,3.3276
26.7876,0.7345,3.1614
26.7878,0.6845,2.9462
26.7880,0.6919,2.9777
26.7882,0.6791,2.9244
26.7884,0.6945,2.9891
26.7886,0.7583,3.2591
26.7888,0.7682,3.3034
26.7890,0.7306,3.1444
26.7892,0.703,3.0215
26.7894,0.7374,3.1694
26.7896,0.7602,3.2704
26.7898,0.7839,3.3662
26.7900,0.7903,3.3983
26.7902,0.6946,2.9924
26.7904,0.6649,2.8629
26.7906,0.639,2.7489
26.7908,0.6396,2.754
26.7910,0.6198,2.6713
26.7912,0.5992,2.5812
26.7914,0.5868,2.5292
26.7916,0.6,2.5884
26.7918,0.5887,2.5363
26.7920,0.5983,2.5728
26.7922,0.6811,2.9326
26.7924,0.6703,2.8822
26.7926,0.7534,3.2364
26.7928,0.7518,3.2328
26.7930,0.6927,2.98
26.7932,0.6958,2.9961
26.7934,0.666,2.8716
26.7936,0.5373,2.3179
26.7938,0.5224,2.2548
26.7940,0.5217,2.2517
26.7942,0.518,2.2356
26.7944,0.5156,2.2232
26.7946,0.5279,2.2744
26.7948,0.5729,2.4692
26.7950,0.5373,2.3179
26.7952,0.5201,2.245
26.7954,0.5162,2.2268
26.7956,0.5079,2.1901
26.7958,0.5378,2.3178
26.7960,0.5251,2.2641
26.7962,0.5065,2.1849
26.7964,0.511,2.2046
26.7966,0.5061,2.1834
26.7968,0.506,2.1839
26.7970,0.5062,2.1839
26.7972,0.5041,2.1736
26.7974,0.5077,2.1881
26.7976,0.5094,2.1953
26.7978,0.5061,2.1824
26.7980,0.5082,2.1932
26.7982,0.5066,2.1845
26.7984,0.5065,2.1839
26.7986,0.506,2.1839
26.7988,0.5052,2.1782
26.7990,0.5409,2.328
26.7992,0.5905,2.5464
26.7994,0.5407,2.328
26.7996,0.5902,2.5389
26.7998,0.6395,2.7522
26.8000,0.6371,2.7432
26.8002,0.6188,2.6659
26.8004,0.6004,2.5876
26.8006,0.5354,2.3064
26.8008,0.5765,2.4824
26.8010,0.62,2.6661
26.8012,0.6331,2.7249
26.8014,0.6312,2.7179
26.8016,0.6301,2.712
26.8018,0.6233,2.6813
26.8020,0.6951,2.9875
26.8022,0.7064,3.0388
26.8024,0.7118,3.0577
26.8026,0.7112,3.0565
26.8028,0.7251,3.1178
26.8030,0.694,2.987
26.8032,0.6542,2.8144
26.8034,0.7054,3.0318
26.8036,0.7279,3.1287
26.8038,0.6863,2.954
26.8040,0.6701,2.8816
26.8042,0.6752,2.9033
26.8044,0.6481,2.7881
26.8046,0.6355,2.7364
26.8048,0.6266,2.697
26.8050,0.6843,2.9466
26.8052,0.6444,2.7734
26.8054,0.6383,2.747
26.8056,0.6134,2.6414
26.8058,0.6445,2.7713
26.8060,0.6514,2.8025
26.8062,0.5785,2.4958
26.8064,0.504,2.1741
26.8066,0.5103,2.1995
26.8068,0.556,2.3941
26.8070,0.5426,2.3406
26.8072,0.493,2.127
26.8074,0.4972,2.1421
26.8076,0.5239,2.2579
26.8078,0.5073,2.1886
26.8080,0.5092,2.1979
26.8082,0.4908,2.1152
26.8084,0.5243,2.261
26.8086,0.5493,2.3663
26.8088,0.5583,2.4084
26.8090,0.5041,2.1706
26.8092,0.5827,2.5046
26.8094,0.6643,2.855
26.8096,0.6851,2.942
26.8098,0.7173,3.0843
26.8100,0.7201,3.0966
26.8102,0.7785,3.3415
26.8104,0.8425,3.6158
26.8106,0.78,3.3492
26.8108,0.8084,3.468
26.8110,0.865,3.7074
26.8112,0.9402,4.0221
26.8114,0.9925,4.2497
26.8116,1.0119,4.3369
26.8118,0.9993,4.2829
26.8120,0.9976,4.2698
26.8122,0.9899,4.2468
26.8124,0.9255,3.9669
26.8126,0.9716,4.1584
26.8128,1.0037,4.2959
26.8130,0.9747,4.1776
26.8132,0.9844,4.2173
26.8134,0.9809,4.2024
26.8136,0.9795,4.2001
26.8138,0.968,4.1469
26.8140,0.9667,4.1374
26.8142,0.9889,4.2323
26.8144,1.0266,4.4022
26.8146,0.9368,4.0264
26.8148,0.8116,3.4884
26.8150,0.7793,3.3462
26.8152,0.8126,3.4925
26.8154,0.7056,3.0357
26.8156,0.7031,3.0262
26.8158,0.7026,3.02
26.8160,0.735,3.1606
26.8162,0.746,3.208
26.8164,0.7759,3.3364
26.8166,0.7634,3.2797
26.8168,0.7718,3.3189
26.8170,0.7747,3.3266
26.8172,0.7554,3.2452
26.8174,0.7802,3.355
26.8176,0.77,3.3127
26.8178,0.7632,3.2802
26.8180,0.7805,3.356
26.8182,0.7126,3.0684
26.8184,0.6915,2.9776
26.8186,0.7146,3.0758
26.8188,0.6909,2.975
26.8190,0.6365,2.7406
26.8192,0.6715,2.89
26.8194,0.647,2.7886
26.8196,0.6132,2.6429
26.8198,0.595,2.5655
26.8200,0.5861,2.5261
26.8202,0.6216,2.6753
26.8204,0.6472,2.787
26.8206,0.6642,2.8625
26.8208,0.6216,2.6741
26.8210,0.653,2.8131
26.8212,0.6076,2.6161
26.8214,0.6309,2.7194
26.8216,0.5873,2.5301
26.8218,0.5923,2.5506
26.8220,0.6291,2.7053
26.8222,0.6855,2.949
26.8224,0.6484,2.7909
26.8226,0.6645,2.8614
26.8228,0.6344,2.7318
26.8230,0.6765,2.9144
26.8232,0.6395,2.7548
26.8234,0.577,2.4845
26.8236,0.5771,2.4896
26.8238,0.5061,2.1844
26.8240,0.5022,2.1643
26.8242,0.5839,2.5144
26.8244,0.6134,2.6427
26.8246,0.6493,2.7958
26.8248,0.6577,2.828
26.8250,0.66,2.8471
26.8252,0.5588,2.4082
26.8254,0.553,2.3823
26.8256,0.5928,2.5503
26.8258,0.6525,2.815
26.8260,0.5475,2.364
26.8262,0.4673,2.0167
26.8264,0.4753,2.0495
26.8266,0.5042,2.1751
26.8268,0.539,2.3251
26.8270,0.5457,2.353
26.8272,0.5369,2.3131
26.8274,0.552,2.3793
26.8276,0.5436,2.3442
26.8278,0.5367,2.3142
26.8280,0.5506,2.3742
26.8282,0.5168,2.2294
26.8284,0.509,2.1958
26.8286,0.463,1.999
26.8288,0.4348,1.8774
26.8290,0.4339,1.872
26.8292,0.4331,1.8675
26.8294,0.4513,1.9497
26.8296,0.47,2.0258
26.8298,0.5392,2.3229
26.8300,0.566,2.4359
26.8302,0.5845,2.5182
26.8304,0.5809,2.5027
26.8306,0.5818,2.504
26.8308,0.6233,2.6838
26.8310,0.5802,2.4973
26.8312,0.6079,2.6189
26.8314,0.646,2.7819
26.8316,0.6121,2.637
26.8318,0.539,2.324
26.8320,0.5356,2.3085
26.8322,0.5544,2.3874
26.8324,0.5815,2.5006
26.8326,0.6303,2.713
26.8328,0.6329,2.72
26.8330,0.7059,3.0339
26.8332,0.7416,3.1919
26.8334,0.6058,2.6072
26.8336,0.557,2.4016
26.8338,0.4682,2.0171
26.8340,0.5422,2.3348
26.8342,0.611,2.6311
26.8344,0.6031,2.597
26.8346,0.5861,2.5249
26.8348,0.5736,2.4712
26.8350,0.5722,2.4627
26.8352,0.5743,2.472
26.8354,0.6043,2.601
26.8356,0.6082,2.6199
26.8358,0.5811,2.502
26.8360,0.6323,2.72
26.8362,0.6794,2.9241
26.8364,0.6831,2.9332
26.8366,0.776,3.3338
26.8368,0.6831,2.9428
26.8370,0.5528,2.3846
26.8372,0.5327,2.2961
26.8374,0.5319,2.2914
26.8376,0.5174,2.2289
26.8378,0.5504,2.3721
26.8380,0.5984,2.5793
26.8382,0.5785,2.4912
26.8384,0.5688,2.4494
26.8386,0.5899,2.5402
26.8388,0.5715,2.4619
26.8390,0.5622,2.4199
26.8392,0.6012,2.5852
26.8394,0.6616,2.8503
26.8396,0.6026,2.5974
26.8398,0.5921,2.5507
26.8400,0.5966,2.5632
26.8402,0.674,2.8995
26.8404,0.6259,2.6939
26.8406,0.6312,2.7166
26.8408,0.6355,2.7326
26.8410,0.6307,2.7171
26.8412,0.5295,2.2832
26.8414,0.5197,2.2387
26.8416,0.5654,2.4333
26.8418,0.5975,2.5692
26.8420,0.6492,2.7914
26.8422,0.6409,2.7571
26.8424,0.715,3.0659
26.8426,0.8079,3.4676
26.8428,0.8041,3.4527
26.8430,0.8148,3.4986
26.8432,0.8085,3.4702
26.8434,0.7898,3.3915
26.8436,0.768,3.2993
26.8438,0.7602,3.2597
26.8440,0.8407,3.598
26.8442,0.9302,3.9851
26.8444,0.985,4.2198
26.8446,1.0046,4.3015
26.8448,0.9974,4.2707
26.8450,1.0061,4.3082
26.8452,0.9969,4.2707
26.8454,0.9449,4.0421
26.8456,1.0056,4.3062
26.8458,1.0025,4.2968
26.8460,0.97,4.1576
26.8462,0.9873,4.2296
26.8464,0.9656,4.1424
26.8466,0.9119,3.9083
26.8468,0.9375,4.0164
26.8470,0.9267,3.9794
26.8472,0.889,3.8173
26.8474,0.8938,3.8343
26.8476,0.873,3.747
26.8478,0.8609,3.6951
26.8480,0.8841,3.7961
26.8482,0.8155,3.5033
26.8484,0.7705,3.307
26.8486,0.9025,3.87
26.8488,0.9219,3.957
26.8490,0.883,3.7898
26.8492,0.8672,3.7236
26.8494,0.9338,4.0061
26.8496,0.9688,4.1466
26.8498,0.9958,4.274
26.8500,0.9121,3.913
26.8502,0.9018,3.8687
26.8504,0.9326,4.0028
26.8506,0.8784,3.7719
26.8508,0.8745,3.7532
26.8510,0.8893,3.8152
26.8512,0.8907,3.8227
26.8514,0.8168,3.5122
26.8516,0.77,3.3111
26.8518,0.7837,3.3668
26.8520,0.821,3.5303
26.8522,0.8126,3.4909
26.8524,0.8867,3.8093
26.8526,0.866,3.7201
26.8528,0.8542,3.6662
26.8530,0.8709,3.7395
26.8532,0.8708,3.7355
26.8534,0.8946,3.8415
26.8536,0.8589,3.6897
26.8538,0.8675,3.7303
26.8540,0.8296,3.5641
26.8542,0.8632,3.7066
26.8544,0.8608,3.6945
26.8546,0.8595,3.6889
26.8548,0.8753,3.7603
26.8550,0.8428,3.6241
26.8552,0.8341,3.5798
26.8554,0.8873,3.8083
26.8556,0.869,3.7313
26.8558,0.8796,3.7771
26.8560,0.8505,3.6571
26.8562,0.8133,3.4956
26.8564,0.8062,3.4684
26.8566,0.7197,3.1018
26.8568,0.6871,2.9585
26.8570,0.7458,3.207
26.8572,0.7649,3.2874
26.8574,0.7793,3.3477
26.8576,0.7678,3.3044
26.8578,0.7586,3.2667
26.8580,0.7079,3.0483
26.8582,0.691,2.9755
26.8584,0.6972,3.0037
26.8586,0.6978,3.0049
26.8588,0.6857,2.9487
26.8590,0.7615,3.273
26.8592,0.762,3.2842
26.8594,0.6078,2.6196
26.8596,0.5788,2.4969
26.8598,0.568,2.4514
26.8600,0.5823,2.5084
26.8602,0.6337,2.7274
26.8604,0.6018,2.5986
26.8606,0.4905,2.1181
26.8608,0.4815,2.0783
26.8610,0.5666,2.443
26.8612,0.56,2.4145
26.8614,0.5362,2.3143
26.8616,0.5347,2.3097
26.8618,0.5319,2.2957
26.8620,0.5308,2.29
26.8622,0.5536,2.386
26.8624,0.6205,2.6756
26.8626,0.5476,2.3613
26.8628,0.5271,2.2729
26.8630,0.5251,2.2651
26.8632,0.5773,2.4872
26.8634,0.6203,2.6734
26.8636,0.6313,2.7184
26.8638,0.6797,2.927
26.8640,0.6926,2.9808
26.8642,0.6632,2.8584
26.8644,0.6518,2.808
26.8646,0.6476,2.7886
26.8648,0.6428,2.7679
26.8650,0.6468,2.7863
26.8652,0.6739,2.899
26.8654,0.7348,3.1581
26.8656,0.7899,3.3951
26.8658,0.7891,3.3915
26.8660,0.7745,3.3318
26.8662,0.6945,2.9877
26.8664,0.7378,3.1754
26.8666,0.782,3.3611
26.8668,0.8088,3.4744
26.8670,0.7847,3.3709
26.8672,0.7628,3.2832
26.8674,0.7258,3.1238
26.8676,0.7053,3.0341
26.8678,0.7164,3.0807
26.8680,0.6842,2.9474
26.8682,0.6407,2.7599
26.8684,0.6556,2.8271
26.8686,0.693,2.9815
26.8688,0.7728,3.3168
26.8690,0.8609,3.6968
26.8692,0.8885,3.8152
26.8694,0.8192,3.5209
26.8696,0.7574,3.2555
26.8698,0.7879,3.3895
26.8700,0.7878,3.3874
26.8702,0.7948,3.4131
26.8704,0.8252,3.5417
26.8706,0.8203,3.5255
26.8708,0.815,3.5028
26.8710,0.809,3.4722
26.8712,0.8455,3.6337
26.8714,0.7976,3.4265
26.8716,0.8032,3.4588
26.8718,0.7728,3.323
26.8720,0.7791,3.3456
26.8722,0.8243,3.5397
26.8724,0.8516,3.6634
26.8726,0.7441,3.2027
26.8728,0.7363,3.1633
26.8730,0.7686,3.3049
26.8732,0.7598,3.2688
26.8734,0.776,3.3385
26.8736,0.7866,3.3838
26.8738,0.7385,3.174
26.8740,0.7578,3.257
26.8742,0.7619,3.2761
26.8744,0.7525,3.2374
26.8746,0.7716,3.3209
26.8748,0.7787,3.3514
26.8750,0.7667,3.2982
26.8752,0.7513,3.2292
26.8754,0.777,3.3395
26.8756,0.8062,3.4636
26.8758,0.8925,3.834
26.8760,0.8642,3.7124
26.8762,0.8487,3.6494
26.8764,0.8313,3.5763
26.8766,0.8199,3.524
26.8768,0.8083,3.4724
26.8770,0.8484,3.6432
26.8772,0.8824,3.7889
26.8774,0.8813,3.7808
26.8776,0.9426,4.0399
26.8778,1.0008,4.2956
26.8780,0.9717,4.1686
26.8782,0.9639,4.1371
26.8784,0.9415,4.0428
26.8786,0.9186,3.9463
26.8788,0.9799,4.2036
26.8790,0.9401,4.0366
26.8792,0.8704,3.7444
26.8794,0.8276,3.5586
26.8796,0.8393,3.6041
26.8798,0.8896,3.8198
26.8800,0.8944,3.8386
26.8802,0.8957,3.8461
26.8804,0.8976,3.8543
26.8806,0.95,4.0774
26.8808,0.9769,4.1947
26.8810,0.9941,4.2648
26.8812,0.955,4.1029
26.8814,0.8606,3.6987
26.8816,0.827,3.5577
26.8818,0.8004,3.4464
26.8820,0.764,3.2853
26.8822,0.8043,3.4602
26.8824,0.8109,3.4902
26.8826,0.7989,3.4354
26.8828,0.7962,3.4235
26.8830,0.7989,3.4354
26.8832,0.8531,3.665
26.8834,0.8609,3.6985
26.8836,0.8496,3.6552
26.8838,0.8068,3.4759
26.8840,0.7667,3.3044
26.8842,0.7182,3.0913
26.8844,0.7549,3.2492
26.8846,0.7795,3.3519
26.8848,0.7917,3.4044
26.8850,0.8,3.4464
26.8852,0.7353,3.166
26.8854,0.7475,3.2127
26.8856,0.8308,3.5742
26.8858,0.7649,3.2966
26.8860,0.6928,2.986
26.8862,0.6365,2.7431
26.8864,0.6277,2.7029
26.8866,0.6752,2.906
26.8868,0.7261,3.1282
26.8870,0.6978,3.0063
26.8872,0.6908,2.9703
26.8874,0.8028,3.4567
26.8876,0.726,3.1292
26.8878,0.6873,2.9609
26.8880,0.758,3.2596
26.8882,0.7827,3.3689
26.8884,0.7447,3.2083
26.8886,0.7437,3.1962
26.8888,0.8567,3.6856
26.8890,0.8222,3.5403
26.8892,0.7493,3.2279
26.8894,0.674,2.9022
26.8896,0.6996,3.0071
26.8898,0.7697,3.3157
26.8900,0.6746,2.9088
26.8902,0.6493,2.7984
26.8904,0.6433,2.7713
26.8906,0.6442,2.778
26.8908,0.6475,2.792
26.8910,0.6421,2.7674
26.8912,0.6185,2.6631
26.8914,0.6333,2.7373
26.8916,0.4987,2.1533
26.8918,0.4899,2.1155
26.8920,0.5341,2.3007
26.8922,0.6686,2.883
26.8924,0.5866,2.5328
26.8926,0.5073,2.1906
26.8928,0.515,2.2237
26.8930,0.5151,2.2222
26.8932,0.5553,2.3944
26.8934,0.5408,2.334
26.8936,0.5458,2.3546
26.8938,0.5549,2.3917
26.8940,0.6765,2.9076
26.8942,0.8266,3.5561
26.8944,0.8019,3.4483
26.8946,0.7207,3.1079
26.8948,0.591,2.5496
26.8950,0.5713,2.4648
26.8952,0.5825,2.5117
26.8954,0.5821,2.5113
26.8956,0.5811,2.5032
26.8958,0.6432,2.7721
26.8960,0.5928,2.5538
26.8962,0.5769,2.4863
26.8964,0.574,2.4739
26.8966,0.5739,2.4768
26.8968,0.5622,2.4266
26.8970,0.5622,2.4244
26.8972,0.558,2.4063
26.8974,0.5618,2.4212
26.8976,0.5597,2.4135
26.8978,0.5655,2.4394
26.8980,0.5639,2.4316
26.8982,0.5625,2.4276
26.8984,0.5634,2.4318
26.8986,0.5624,2.4249
26.8988,0.5622,2.4232
26.8990,0.5741,2.4744
26.8992,0.5942,2.5612
26.8994,0.6365,2.7393
26.8996,0.6727,2.8911
26.8998,0.713,3.0671
26.9000,0.7489,3.2219
26.9002,0.7837,3.373
26.9004,0.6899,2.9709
26.9006,0.6585,2.8369
26.9008,0.6609,2.8472
26.9010,0.663,2.8534
26.9012,0.6632,2.8544
26.9014,0.6668,2.8725
26.9016,0.6646,2.8619
26.9018,0.6814,2.9287
26.9020,0.7803,3.3492
26.9022,0.9224,3.9591
26.9024,0.8838,3.7987
26.9026,0.7652,3.2936
26.9028,0.6802,2.929
26.9030,0.6432,2.7695
26.9032,0.6401,2.7586
26.9034,0.6404,2.7589
26.9036,0.6425,2.7664
26.9038,0.6401,2.7561
26.9040,0.6866,2.955
26.9042,0.676,2.911
26.9044,0.6359,2.738
26.9046,0.6329,2.7289
26.9048,0.6568,2.8283
26.9050,0.6879,2.9579
26.9052,0.7275,3.1266
26.9054,0.8036,3.4507
26.9056,0.7724,3.3245
26.9058,0.7365,3.1623
26.9060,0.7234,3.1178
26.9062,0.6217,2.6796
26.9064,0.5922,2.5548
26.9066,0.5887,2.5339
26.9068,0.682,2.934
26.9070,0.7233,3.1129
26.9072,0.7056,3.0357
26.9074,0.7277,3.1291
26.9076,0.7378,3.1724
26.9078,0.6904,2.9702
26.9080,0.759,3.2682
26.9082,0.7128,3.0623
26.9084,0.7645,3.292
26.9086,0.6472,2.7909
26.9088,0.6146,2.6454
26.9090,0.6676,2.8708
26.9092,0.7361,3.1652
26.9094,0.7203,3.1
26.9096,0.7233,3.1086
26.9098,0.7989,3.4306
26.9100,0.8386,3.606
26.9102,0.8043,3.457
26.9104,0.844,3.6225
26.9106,0.8612,3.6978
26.9108,0.8264,3.5468
26.9110,0.8915,3.8281
26.9112,0.8813,3.7843
26.9114,0.8434,3.6216
26.9116,0.8559,3.67
26.9118,0.9791,4.1986
26.9120,0.9746,4.181
26.9122,0.9377,4.0207
26.9124,0.9116,3.9091
26.9126,0.9499,4.075
26.9128,0.9905,4.2514
26.9130,0.95,4.0774
26.9132,0.9169,3.9317
26.9134,0.9988,4.2849
26.9136,1.0145,4.3421
26.9138,1.0367,4.4412
26.9140,1.026,4.4037
26.9142,0.9698,4.1565
26.9144,0.9542,4.1031
26.9146,0.8258,3.5542
26.9148,0.7964,3.423
26.9150,0.829,3.5615
26.9152,0.8632,3.7066
26.9154,0.9059,3.8899
26.9156,0.9173,3.9388
26.9158,0.9336,4.0069
26.9160,0.9552,4.1034
26.9162,0.8422,3.6215
26.9164,0.8145,3.504
26.9166,0.8294,3.5597
26.9168,0.8897,3.8186
26.9170,0.8823,3.7902
26.9172,0.8411,3.6169
26.9174,0.814,3.502
26.9176,0.7895,3.3978
26.9178,0.7741,3.3318
26.9180,0.8092,3.4781
26.9182,0.8771,3.7663
26.9184,0.8202,3.5283
26.9186,0.7583,3.2606
26.9188,0.8138,3.4944
26.9190,0.8977,3.8602
26.9192,0.8043,3.465
26.9194,0.7042,3.0351
26.9196,0.68,2.9294
26.9198,0.6836,2.9421
26.9200,0.6953,2.9955
26.9202,0.6781,2.9197
26.9204,0.6966,2.9984
26.9206,0.7457,3.2139
26.9208,0.6903,2.9752
26.9210,0.686,2.9538
26.9212,0.7198,3.098
26.9214,0.7246,3.1186
26.9216,0.749,3.2239
26.9218,0.7463,3.209
26.9220,0.779,3.3529
26.9222,0.7315,3.1515
26.9224,0.7072,3.048
26.9226,0.6512,2.808
26.9228,0.6819,2.939
26.9230,0.6791,2.9285
26.9232,0.643,2.7728
26.9234,0.5811,2.5079
26.9236,0.5601,2.4173
26.9238,0.5675,2.4471
26.9240,0.5908,2.5486
26.9242,0.5805,2.5053
26.9244,0.5913,2.5495
26.9246,0.5838,2.5198
26.9248,0.5203,2.2476
26.9250,0.5134,2.2129
26.9252,0.6151,2.6487
26.9254,0.6578,2.8338
26.9256,0.6603,2.8446
26.9258,0.67,2.8865
26.9260,0.7041,3.0304
26.9262,0.6534,2.8199
26.9264,0.557,2.4038
26.9266,0.5438,2.3458
26.9268,0.5729,2.4658
26.9270,0.6595,2.841
26.9272,0.6663,2.8705
26.9274,0.6598,2.8439
26.9276,0.621,2.6789
26.9278,0.5436,2.3442
26.9280,0.5523,2.3814
26.9282,0.5444,2.3506
26.9284,0.5603,2.4127
26.9286,0.6945,2.9877
26.9288,0.6633,2.8615
26.9290,0.5706,2.4628
26.9292,0.6102,2.6287
26.9294,0.6383,2.7496
26.9296,0.638,2.7486
26.9298,0.6556,2.8206
26.9300,0.6733,2.8977
26.9302,0.6978,3.0049
26.9304,0.6829,2.9418
26.9306,0.6826,2.9353
26.9308,0.7284,3.1351
26.9310,0.6821,2.9414
26.9312,0.6248,2.6905
26.9314,0.6233,2.685
26.9316,0.6303,2.7142
26.9318,0.7091,3.0435
26.9320,0.8076,3.4741
26.9322,0.7284,3.138
26.9324,0.6594,2.8366
26.9326,0.7219,3.1029
26.9328,0.8025,3.4525
26.9330,0.7132,3.0667
26.9332,0.7164,3.0807
26.9334,0.7459,3.2149
26.9336,0.6598,2.8413
26.9338,0.6489,2.7943
26.9340,0.6676,2.8735
26.9342,0.6618,2.8522
26.9344,0.6588,2.8353
26.9346,0.7211,3.1008
26.9348,0.788,3.3885
26.9350,0.7684,3.3039
26.9352,0.7584,3.2581
26.9354,0.7305,3.1483
26.9356,0.6519,2.8137
26.9358,0.5777,2.4899
26.9360,0.5619,2.4206
26.9362,0.5923,2.5541
26.9364,0.589,2.5397
26.9366,0.6053,2.6075
26.9368,0.5914,2.5476
26.9370,0.6007,2.5891
26.9372,0.594,2.559
26.9374,0.6094,2.6275
26.9376,0.5759,2.4821
26.9378,0.5872,2.5295
26.9380,0.6512,2.8054
26.9382,0.6227,2.6824
26.9384,0.6254,2.6918
26.9386,0.6517,2.8061
26.9388,0.6167,2.6566
26.9390,0.6377,2.7534
26.9392,0.5396,2.3277
26.9394,0.52,2.2424
26.9396,0.532,2.2962
26.9398,0.5023,2.1688
26.9400,0.4313,1.8623
26.9402,0.4046,1.7469
26.9404,0.4035,1.7438
26.9406,0.4002,1.7306
26.9408,0.4022,1.7365
26.9410,0.4096,1.7695
26.9412,0.4197,1.813
26.9414,0.4421,1.9072
26.9416,0.4941,2.1287
26.9418,0.57,2.4557
26.9420,0.6012,2.5876
26.9422,0.6652,2.8618
26.9424,0.6393,2.7504
26.9426,0.7044,3.0305
26.9428,0.7267,3.1221
26.9430,0.7413,3.1889
26.9432,0.647,2.7847
26.9434,0.6842,2.942
26.9436,0.7344,3.1536
26.9438,0.7803,3.3461
26.9440,0.8931,3.8294
26.9442,0.9333,4.0096
26.9444,0.8397,3.6056
26.9446,0.8271,3.5483
26.9448,0.8788,3.7682
26.9450,0.9567,4.1024
26.9452,0.9456,4.0527
26.9454,0.9547,4.0937
26.9456,0.9176,3.9366
26.9458,0.9221,3.9538
26.9460,0.9253,3.9696
26.9462,0.9179,3.9377
26.9464,0.9071,3.8841
26.9466,0.9632,4.1283
26.9468,0.9674,4.1482
26.9470,0.9941,4.2608
26.9472,0.9779,4.1895
26.9474,0.9781,4.1881
26.9476,0.9763,4.1979
26.9478,0.7922,3.4049
26.9480,0.7594,3.2668
26.9482,0.7221,3.1049
26.9484,0.7615,3.2776
26.9486,0.7387,3.178
26.9488,0.7355,3.1641
26.9490,0.7441,3.1983
26.9492,0.7844,3.3714
26.9494,0.8016,3.4419
26.9496,0.846,3.6346
26.9498,0.8681,3.7277
26.9500,0.8325,3.5764
26.9502,0.8324,3.5759
26.9504,0.7948,3.4194
26.9506,0.7752,3.3302
26.9508,0.8217,3.5284
26.9510,0.8205,3.5233
26.9512,0.8921,3.8271
26.9514,0.8975,3.8592
26.9516,0.786,3.3797
26.9518,0.8455,3.6337
26.9520,0.8552,3.6704
26.9522,0.8604,3.6982
26.9524,0.832,3.576
26.9526,0.8282,3.5546
26.9528,0.8737,3.7501
26.9530,0.8688,3.7308
26.9532,0.829,3.5648
26.9534,0.8128,3.4984
26.9536,0.7495,3.2215
26.9538,0.8014,3.4494
26.9540,0.7168,3.0894
26.9542,0.6564,2.825
26.9544,0.6905,2.972
26.9546,0.6663,2.8718
26.9548,0.6297,2.7117
26.9550,0.7356,3.1617
26.9552,0.7361,3.1726
26.9554,0.6282,2.7087
26.9556,0.5427,2.3412
26.9558,0.5216,2.2501
26.9560,0.5253,2.2672
26.9562,0.5301,2.2879
26.9564,0.5197,2.2439
26.9566,0.5247,2.2657
26.9568,0.5356,2.3085
26.9570,0.585,2.5226
26.9572,0.5639,2.4305
26.9574,0.5755,2.4817
26.9576,0.556,2.3986
26.9578,0.5429,2.3422
26.9580,0.5269,2.2718
26.9582,0.556,2.3964
26.9584,0.586,2.5302
26.9586,0.4769,2.0591
26.9588,0.4651,2.0065
26.9590,0.4538,1.9606
26.9592,0.4499,1.9426
26.9594,0.4486,1.936
26.9596,0.451,1.9482
26.9598,0.4499,1.9435
26.9600,0.471,2.0309
26.9602,0.5082,2.1932
26.9604,0.4565,1.972
26.9606,0.4496,1.9425
26.9608,0.4484,1.9355
26.9610,0.4469,1.9279
26.9612,0.4481,1.9339
26.9614,0.4498,1.9421
26.9616,0.4482,1.9344
26.9618,0.4466,1.9295
26.9620,0.4453,1.9229
26.9622,0.4436,1.9157
26.9624,0.4446,1.9198
26.9626,0.4474,1.9299
26.9628,0.4454,1.9225
26.9630,0.4463,1.9262
26.9632,0.4639,2.0022
26.9634,0.5197,2.2408
26.9636,0.4998,2.158
26.9638,0.4519,1.9505
26.9640,0.4459,1.9237
26.9642,0.4492,1.9377
26.9644,0.4448,1.92
26.9646,0.4767,2.0548
26.9648,0.5164,2.2279
26.9650,0.4905,2.1162
26.9652,0.451,1.9455
26.9654,0.5001,2.1535
26.9656,0.5936,2.5539
26.9658,0.6528,2.8069
26.9660,0.683,2.9382
26.9662,0.6309,2.7194
26.9664,0.579,2.4921
26.9666,0.5788,2.4934
26.9668,0.6116,2.6325
26.9670,0.6694,2.8799
26.9672,0.6631,2.8512
26.9674,0.6893,2.9683
26.9676,0.6823,2.9323
26.9678,0.7195,3.0869
26.9680,0.7965,3.4203
26.9682,0.7944,3.4158
26.9684,0.744,3.1978
26.9686,0.7541,3.241
26.9688,0.7152,3.0784
26.9690,0.6686,2.8789
26.9692,0.6606,2.8404
26.9694,0.6711,2.8858
26.9696,0.6938,2.9804
26.9698,0.727,3.1289
26.9700,0.7502,3.2261
26.9702,0.735,3.162
26.9704,0.6655,2.8615
26.9706,0.6499,2.7984
26.9708,0.6464,2.7821
26.9710,0.6486,2.7927
26.9712,0.6561,2.8213
26.9714,0.7428,3.1881
26.9716,0.786,3.3828
26.9718,0.6627,2.855
26.9720,0.6432,2.7708
26.9722,0.5666,2.4452
26.9724,0.4294,1.8549
26.9726,0.4008,1.7316
26.9728,0.3971,1.714
26.9730,0.3972,1.7153
26.9732,0.394,1.7029
26.9734,0.3982,1.7179
26.9736,0.4633,1.9997
26.9738,0.406,1.7531
26.9740,0.398,1.7192
26.9742,0.4098,1.7672
26.9744,0.464,2
26.9746,0.4983,2.1458
26.9748,0.6361,2.7378
26.9750,0.6224,2.6789
26.9752,0.6012,2.5888
26.9754,0.6219,2.6744
26.9756,0.6422,2.7628
26.9758,0.6795,2.9205
26.9760,0.7119,3.0582
26.9762,0.773,3.3163
26.9764,0.7788,3.3456
26.9766,0.7448,3.2014
26.9768,0.7801,3.3466
26.9770,0.8564,3.6704
26.9772,0.9173,3.9296
26.9774,0.936,4.0079
26.9776,0.9837,4.2102
26.9778,0.9915,4.2456
26.9780,0.9379,4.0217
26.9782,0.8958,3.8394
26.9784,0.9174,3.9319
26.9786,0.915,3.9235
26.9788,0.9209,3.9487
26.9790,0.9519,4.0742
26.9792,0.9784,4.1896
26.9794,0.9715,4.1598
26.9796,0.9941,4.2589
26.9798,0.9874,4.234
26.9800,0.8758,3.7641
26.9802,0.82,3.5228
26.9804,0.8161,3.5026
26.9806,0.8126,3.4909
26.9808,0.8092,3.4732
26.9810,0.8271,3.5532
26.9812,0.7604,3.2684
26.9814,0.7777,3.3426
26.9816,0.7911,3.4003
26.9818,0.8058,3.4583
26.9820,0.8763,3.7539
26.9822,0.9899,4.2429
26.9824,0.9007,3.8641
26.9826,0.8692,3.7306
26.9828,0.882,3.7874
26.9830,0.8901,3.8272
26.9832,0.7965,3.4235
26.9834,0.7797,3.3513
26.9836,0.7749,3.3276
26.9838,0.8032,3.4507
26.9840,0.8082,3.4735
26.9842,0.7763,3.3348
26.9844,0.8025,3.4476
26.9846,0.746,3.208
26.9848,0.7571,3.2585
26.9850,0.7284,3.1366
26.9852,0.6736,2.8966
26.9854,0.7404,3.1853
26.9856,0.7709,3.3163
26.9858,0.7767,3.3353
26.9860,0.819,3.5199
26.9862,0.7827,3.3658
26.9864,0.7854,3.3771
26.9866,0.7735,3.3245
26.9868,0.7781,3.3472
26.9870,0.7118,3.0634
26.9872,0.7383,3.1774
26.9874,0.7266,3.123
26.9876,0.7133,3.0701
26.9878,0.716,3.0786
26.9880,0.8213,3.5285
26.9882,0.8748,3.7565
26.9884,0.858,3.6861
26.9886,0.7875,3.3896
26.9888,0.702,3.0202
26.9890,0.7225,3.1084
26.9892,0.7158,3.0809
26.9894,0.6691,2.881
26.9896,0.6753,2.9092
26.9898,0.6965,2.9992
26.9900,0.6781,2.9157
26.9902,0.6851,2.9502
26.9904,0.63,2.714
26.9906,0.6209,2.6747
26.9908,0.6312,2.7179
26.9910,0.6854,2.9485
26.9912,0.6747,2.9026
26.9914,0.7441,3.1998
26.9916,0.7904,3.3956
26.9918,0.7923,3.4054
26.9920,0.7487,3.2253
26.9922,0.5854,2.5253
26.9924,0.5425,2.3401
26.9926,0.5396,2.3266
26.9928,0.536,2.3122
26.9930,0.543,2.3427
26.9932,0.5282,2.2786
26.9934,0.5332,2.2992
26.9936,0.5432,2.3443
26.9938,0.5311,2.2899
26.9940,0.5282,2.2743
26.9942,0.5716,2.4658
26.9944,0.5362,2.3132
26.9946,0.5398,2.3223
26.9948,0.6002,2.5895
26.9950,0.5506,2.3709
26.9952,0.5723,2.4689
26.9954,0.5275,2.2744
26.9956,0.5248,2.262
26.9958,0.5267,2.2713
26.9960,0.5249,2.2636
26.9962,0.5391,2.3267
26.9964,0.541,2.3339
26.9966,0.5351,2.3064
26.9968,0.5329,2.2966
26.9970,0.5383,2.3199
26.9972,0.5989,2.579
26.9974,0.6333,2.731
26.9976,0.5574,2.4037
26.9978,0.5607,2.4154
26.9980,0.6124,2.638
26.9982,0.5855,2.5247
26.9984,0.547,2.3565
26.9986,0.5302,2.2842
26.9988,0.5962,2.5659
26.9990,0.6773,2.9139
26.9992,0.7066,3.037
26.9994,0.7073,3.0429
26.9996,0.6633,2.8549
26.9998,0.6578,2.8325
27.0000,0.6842,2.9474
27.0002,0.6725,2.8933
27.0004,0.6656,2.862
27.0006,0.692,2.9755
27.0008,0.7578,3.257
27.0010,0.7705,3.3132
27.0012,0.7465,3.2041
27.0014,0.8216,3.5295
27.0016,0.765,3.2956
27.0018,0.6056,2.6079
27.0020,0.5808,2.5022
27.0022,0.5788,2.4934
27.0024,0.5751,2.4797
27.0026,0.5683,2.453
27.0028,0.4895,2.1105
27.0030,0.4815,2.0774
27.0032,0.4772,2.0587
27.0034,0.4838,2.0872
27.0036,0.4729,2.0401
27.0038,0.4777,2.0598
27.0040,0.4964,2.1395
27.0042,0.5145,2.2206
27.0044,0.4837,2.0857
27.0046,0.5488,2.3664
27.0048,0.4939,2.1287
27.0050,0.5471,2.3603
27.0052,0.4992,2.1544
27.0054,0.4176,1.8042
27.0056,0.4054,1.7497
27.0058,0.461,1.988
27.0060,0.4835,2.0866
27.0062,0.4926,2.1259
27.0064,0.5103,2.1995
27.0066,0.5197,2.2418
27.0068,0.427,1.8446
27.0070,0.4383,1.8924
27.0072,0.4239,1.8269
27.0074,0.4954,2.1334
27.0076,0.5633,2.4268
27.0078,0.6337,2.7236
27.0080,0.7607,3.2694
27.0082,0.7085,3.0452
27.0084,0.754,3.2405
27.0086,0.7555,3.2472
27.0088,0.7197,3.0903
27.0090,0.719,3.0857
27.0092,0.8004,3.4384
27.0094,0.8175,3.5055
27.0096,0.8935,3.8279
27.0098,0.8984,3.8525
27.0100,0.8547,3.6666
27.0102,0.8542,3.6645
27.0104,0.8614,3.6919
27.0106,0.8578,3.68
27.0108,0.899,3.8515
27.0110,0.9885,4.2367
27.0112,0.9939,4.2558
27.0114,1.0217,4.375
27.0116,0.9895,4.2408
27.0118,0.979,4.1961
27.0120,0.9839,4.2172
27.0122,0.9546,4.0893
27.0124,0.9814,4.2064
27.0126,0.9965,4.2711
27.0128,0.9978,4.2788
27.0130,0.9761,4.1818
27.0132,0.9844,4.2153
27.0134,0.9956,4.273
27.0136,0.8303,3.5655
27.0138,0.8066,3.4652
27.0140,0.8324,3.5726
27.0142,0.9041,3.8767
27.0144,0.8483,3.6461
27.0146,0.7935,3.409
27.0148,0.7976,3.4297
27.0150,0.7413,3.1874
27.0152,0.7032,3.0253
27.0154,0.7291,3.1353
27.0156,0.8011,3.4431
27.0158,0.8288,3.5638
27.0160,0.7073,3.0429
27.0162,0.7068,3.0422
27.0164,0.7477,3.2137
27.0166,0.746,3.2065
27.0168,0.714,3.0718
27.0170,0.7247,3.1162
27.0172,0.7255,3.1227
27.0174,0.7407,3.1878
27.0176,0.7016,3.0209
27.0178,0.7151,3.0736
27.0180,0.7391,3.1796
27.0182,0.7182,3.0898
27.0184,0.7231,3.1153
27.0186,0.5914,2.5488
27.0188,0.5839,2.5156
27.0190,0.5996,2.5833
27.0192,0.6832,2.9392
27.0194,0.7325,3.1527
27.0196,0.6303,2.7142
27.0198,0.6552,2.8198
27.0200,0.6427,2.7674
27.0202,0.6525,2.8124
27.0204,0.605,2.6053
27.0206,0.6658,2.8657
27.0208,0.6799,2.9248
27.0210,0.6977,3.003
27.0212,0.7793,3.3508
27.0214,0.7402,3.1857
27.0216,0.6052,2.6082
27.0218,0.5815,2.5041
27.0220,0.6166,2.6561
27.0222,0.5861,2.5284
27.0224,0.5281,2.2802
27.0226,0.4922,2.1244
27.0228,0.4791,2.067
27.0230,0.4909,2.1167
27.0232,0.4988,2.1518
27.0234,0.5413,2.3328
27.0236,0.5624,2.4271
27.0238,0.4471,1.9316
27.0240,0.4029,1.7412
27.0242,0.4042,1.7445
27.0244,0.4827,2.0854
27.0246,0.4472,1.9312
27.0248,0.4458,1.925
27.0250,0.4633,1.9997
27.0252,0.4585,1.978
27.0254,0.4758,2.0525
27.0256,0.5309,2.2905
27.0258,0.5731,2.4657
27.0260,0.6682,2.8801
27.0262,0.5177,2.2356
27.0264,0.4564,1.9706
27.0266,0.4506,1.9439
27.0268,0.4588,1.9782
27.0270,0.4993,2.1519
27.0272,0.5459,2.3551
27.0274,0.5795,2.4953
27.0276,0.566,2.4359
27.0278,0.5749,2.478
27.0280,0.5367,2.3142
27.0282,0.4831,2.0812
27.0284,0.5254,2.2656
27.0286,0.5482,2.3617
27.0288,0.5959,2.5661
27.0290,0.576,2.4827
27.0292,0.5752,2.479
27.0294,0.5739,2.4723
27.0296,0.5663,2.4352
27.0298,0.6055,2.6062
27.0300,0.6179,2.6631
27.0302,0.5432,2.3411
27.0304,0.5266,2.2708
27.0306,0.5284,2.2775
27.0308,0.5838,2.514
27.0310,0.598,2.5761
27.0312,0.5518,2.375
27.0314,0.5775,2.4854
27.0316,0.5922,2.5489
27.0318,0.6645,2.8561
27.0320,0.6969,2.9981
27.0322,0.6738,2.8958
27.0324,0.6783,2.9208
27.0326,0.63,2.714
27.0328,0.5789,2.4905
27.0330,0.5774,2.4849
27.0332,0.604,2.5959
27.0334,0.6098,2.6236
27.0336,0.6817,2.9285
27.0338,0.7997,3.4337
27.0340,0.7648,3.287
27.0342,0.6887,2.9685
27.0344,0.5513,2.3773
27.0346,0.5329,2.2945
27.0348,0.5244,2.26
27.0350,0.5547,2.3896
27.0352,0.6009,2.5873
27.0354,0.5718,2.4623
27.0356,0.5625,2.4232
27.0358,0.5849,2.5198
27.0360,0.5766,2.4853
27.0362,0.5672,2.4422
27.0364,0.6211,2.6708
27.0366,0.6387,2.7492
27.0368,0.6211,2.6758
27.0370,0.6215,2.6748
27.0372,0.5986,2.5751
27.0374,0.6313,2.7159
27.0376,0.6651,2.8627
27.0378,0.6142,2.6471
27.0380,0.5239,2.261
27.0382,0.4146,1.7921
27.0384,0.3873,1.6724
27.0386,0.3839,1.6586
27.0388,0.3844,1.6599
27.0390,0.3903,1.6853
27.0392,0.3878,1.6737
27.0394,0.3886,1.6773
27.0396,0.3854,1.6625
27.0398,0.389,1.6796
27.0400,0.3963,1.7112
27.0402,0.3943,1.7016
27.0404,0.4043,1.7435
27.0406,0.4438,1.9136
27.0408,0.5032,2.168
27.0410,0.5313,2.291
27.0412,0.4974,2.1407
27.0414,0.5475,2.3553
27.0416,0.6148,2.6398
27.0418,0.6974,2.9987
27.0420,0.6631,2.8526
27.0422,0.71,3.05
27.0424,0.7765,3.3297
27.0426,0.7832,3.3585
27.0428,0.8771,3.7576
27.0430,0.9547,4.088
27.0432,0.9606,4.1113
27.0434,0.9811,4.199
27.0436,0.977,4.1855
27.0438,0.9545,4.087
27.0440,0.9927,4.2508
27.0442,0.9453,4.0518
27.0444,0.938,4.0223
27.0446,0.957,4.092
27.0448,0.9949,4.264
27.0450,0.9853,4.219
27.0452,0.9368,4.019
27.0454,0.8214,3.5253
27.0456,0.8584,3.6826
27.0458,0.8703,3.7283
27.0460,0.8739,3.7472
27.0462,0.8636,3.7047
27.0464,0.8446,3.6234
27.0466,0.869,3.7331
27.0468,0.8348,3.5813
27.0470,0.8859,3.8004
27.0472,0.8696,3.7357
27.0474,0.7987,3.4248
27.0476,0.8469,3.6349
27.0478,0.8549,3.666
27.0480,0.8852,3.7955
27.0482,0.8963,3.8487
27.0484,0.8778,3.7677
27.0486,0.8738,3.7467
27.0488,0.8706,3.7386
27.0490,0.869,3.7279
27.0492,0.881,3.7775
27.0494,0.8874,3.8089
27.0496,0.8364,3.5896
27.0498,0.8322,3.5749
27.0500,0.7951,3.4158
27.0502,0.7584,3.2627
27.0504,0.7134,3.0678
27.0506,0.7856,3.3688
27.0508,0.8826,3.7918
27.0510,0.784,3.3679
27.0512,0.7733,3.3236
27.0514,0.7949,3.4132
27.0516,0.8342,3.5854
27.0518,0.8347,3.5841
27.0520,0.8354,3.5888
27.0522,0.801,3.4442
27.0524,0.7923,3.4071
27.0526,0.736,3.1648
27.0528,0.7078,3.0464
27.0530,0.7051,3.0303
27.0532,0.7534,3.2425
27.0534,0.7045,3.0292
27.0536,0.7416,3.1875
27.0538,0.7792,3.3488
27.0540,0.7816,3.356
27.0542,0.7848,3.373
27.0544,0.7493,3.2235
27.0546,0.7272,3.1315
27.0548,0.7089,3.0496
27.0550,0.6745,2.9043
27.0552,0.6619,2.8501
27.0554,0.6592,2.8374
27.0556,0.659,2.8364
27.0558,0.6512,2.8041
27.0560,0.6199,2.6731
27.0562,0.5848,2.5239
27.0564,0.5078,2.1917
27.0566,0.4898,2.1141
27.0568,0.5041,2.1746
27.0570,0.5146,2.2191
27.0572,0.5619,2.4195
27.0574,0.6445,2.7714
27.0576,0.7028,3.029
27.0578,0.5838,2.5175
27.0580,0.6072,2.6171
27.0582,0.5515,2.3779
27.0584,0.5355,2.3112
27.0586,0.5246,2.2631
27.0588,0.5479,2.3591
27.0590,0.5663,2.4408
27.0592,0.5251,2.2662
27.0594,0.5245,2.2626
27.0596,0.527,2.2724
27.0598,0.5313,2.291
27.0600,0.5302,2.2874
27.0602,0.527,2.2724
27.0604,0.5275,2.2734
27.0606,0.5271,2.2708
27.0608,0.5857,2.5199
27.0610,0.6211,2.6745
27.0612,0.6288,2.7063
27.0614,0.6628,2.8542
27.0616,0.6197,2.6708
27.0618,0.5471,2.3603
27.0620,0.5325,2.2962
27.0622,0.5326,2.2956
27.0624,0.5307,2.2884
27.0626,0.5298,2.2843
27.0628,0.5396,2.3267
27.0630,0.5447,2.3489
27.0632,0.5634,2.4284
27.0634,0.5409,2.3324
27.0636,0.5271,2.2729
27.0638,0.5281,2.276
27.0640,0.5543,2.3847
27.0642,0.5989,2.5802
27.0644,0.5315,2.291
27.0646,0.5208,2.2465
27.0648,0.5248,2.2641
27.0650,0.5594,2.4064
27.0652,0.6704,2.8814
27.0654,0.7341,3.1521
27.0656,0.7758,3.3328
27.0658,0.8013,3.4426
27.0660,0.7899,3.3952
27.0662,0.735,3.1592
27.0664,0.6975,3.002
27.0666,0.645,2.776
27.0668,0.7155,3.068
27.0670,0.8427,3.6152
27.0672,0.7888,3.39
27.0674,0.8121,3.4808
27.0676,0.8531,3.6651
27.0678,0.8223,3.5311
27.0680,0.7792,3.3488
27.0682,0.7336,3.1588
27.0684,0.6744,2.9024
27.0686,0.6648,2.8598
27.0688,0.6666,2.8702
27.0690,0.6969,2.9967
27.0692,0.7434,3.1952
27.0694,0.7714,3.3138
27.0696,0.7878,3.3843
27.0698,0.8118,3.4906
27.0700,0.7692,3.3076
27.0702,0.7308,3.144
27.0704,0.6943,2.9839
27.0706,0.7239,3.1112
27.0708,0.7812,3.3576
27.0710,0.7119,3.0583
27.0712,0.6777,2.9196
27.0714,0.6331,2.7249
27.0716,0.6488,2.7964
27.0718,0.6023,2.5971
27.0720,0.557,2.4028
27.0722,0.4552,1.9654
27.0724,0.4004,1.7288
27.0726,0.3955,1.7076
27.0728,0.4053,1.75
27.0730,0.4116,1.7783
27.0732,0.4009,1.7301
27.0734,0.4706,2.0313
27.0736,0.4145,1.7899
27.0738,0.4375,1.8876
27.0740,0.5049,2.1742
27.0742,0.5512,2.3757
27.0744,0.518,2.2346
27.0746,0.4957,2.1374
27.0748,0.5565,2.3918
27.0750,0.6804,2.9282
27.0752,0.6545,2.8168
27.0754,0.6726,2.888
27.0756,0.7427,3.1907
27.0758,0.7784,3.3426
27.0760,0.8588,3.679
27.0762,0.9058,3.8822
27.0764,0.9565,4.0996
27.0766,0.9715,4.1677
27.0768,0.9265,3.9692
27.0770,0.9293,3.9792
27.0772,0.9849,4.2174
27.0774,0.9612,4.1215
27.0776,0.9489,4.0653
27.0778,1.0155,4.3504
27.0780,0.9986,4.2819
27.0782,0.9636,4.1337
27.0784,0.9919,4.2512
27.0786,0.9938,4.2594
27.0788,0.9896,4.2394
27.0790,0.9364,4.017
27.0792,0.9306,3.9979
27.0794,0.8564,3.679
27.0796,0.8186,3.5151
27.0798,0.841,3.6114
27.0800,0.8967,3.8485
27.0802,0.8806,3.7848
27.0804,0.72,3.1005
27.0806,0.6684,2.8753
27.0808,0.7451,3.2025
27.0810,0.779,3.3467
27.0812,0.7403,3.1863
27.0814,0.7001,3.012
27.0816,0.7281,3.1264
27.0818,0.8067,3.4641
27.0820,0.7822,3.3601
27.0822,0.7771,3.3432
27.0824,0.7182,3.0913
27.0826,0.7116,3.0658
27.0828,0.6432,2.7695
27.0830,0.672,2.8948
27.0832,0.6739,2.9004
27.0834,0.6744,2.9011
27.0836,0.6856,2.9509
27.0838,0.6806,2.9293
27.0840,0.6938,2.9847
27.0842,0.6503,2.8013
27.0844,0.6355,2.7352
27.0846,0.6953,2.9914
27.0848,0.7264,3.1293
27.0850,0.6458,2.7796
27.0852,0.692,2.9783
27.0854,0.681,2.9281
27.0856,0.7084,3.049
27.0858,0.6403,2.761
27.0860,0.6453,2.7763
27.0862,0.7164,3.0793
27.0864,0.7673,3.3009
27.0866,0.7379,3.1789
27.0868,0.6684,2.8793
27.0870,0.6335,2.7303
27.0872,0.621,2.6728
27.0874,0.7271,3.1266
27.0876,0.7212,3.1071
27.0878,0.6021,2.5949
27.0880,0.6199,2.6657
27.0882,0.6852,2.953
27.0884,0.5975,2.5728
27.0886,0.5919,2.5486
27.0888,0.6387,2.7492
27.0890,0.6857,2.9515
27.0892,0.6703,2.8849
27.0894,0.6375,2.7478
27.0896,0.5869,2.5309
27.0898,0.5941,2.5619
27.0900,0.5781,2.4903
27.0902,0.6048,2.6031
27.0904,0.6475,2.7855
27.0906,0.7491,3.218
27.0908,0.7923,3.4071
27.0910,0.7313,3.149
27.0912,0.6768,2.9155
27.0914,0.6768,2.9141
27.0916,0.6536,2.8118
27.0918,0.667,2.8736
27.0920,0.6115,2.6345
27.0922,0.5885,2.5365
27.0924,0.5774,2.4884
27.0926,0.5872,2.5319
27.0928,0.6046,2.6009
27.0930,0.6844,2.9472
27.0932,0.5799,2.5016
27.0934,0.485,2.0943
27.0936,0.4717,2.035
27.0938,0.4735,2.0437
27.0940,0.4736,2.0461
27.0942,0.4679,2.0184
27.0944,0.4702,2.0283
27.0946,0.4754,2.052
27.0948,0.4729,2.0402
27.0950,0.4717,2.035
27.0952,0.4679,2.0184
27.0954,0.4702,2.0292
27.0956,0.4769,2.0572
27.0958,0.478,2.0628
27.0960,0.4716,2.0363
27.0962,0.4672,2.0153
27.0964,0.4694,2.0233
27.0966,0.524,2.2574
27.0968,0.547,2.3598
27.0970,0.4814,2.0759
27.0972,0.4721,2.0356
27.0974,0.4831,2.0851
27.0976,0.4982,2.1473
27.0978,0.5369,2.3142
27.0980,0.5293,2.279
27.0982,0.6223,2.6747
27.0984,0.7564,3.2464
27.0986,0.8048,3.4543
27.0988,0.822,3.5262
27.0990,0.7913,3.3993
27.0992,0.7535,3.2431
27.0994,0.6751,2.9028
27.0996,0.6837,2.94
27.0998,0.7375,3.17
27.1000,0.8133,3.4859
27.1002,0.8752,3.7564
27.1004,0.8072,3.471
27.1006,0.7157,3.0791
27.1008,0.6688,2.8787
27.1010,0.6233,2.6838
27.1012,0.6411,2.7595
27.1014,0.6606,2.8418
27.1016,0.6901,2.9687
27.1018,0.6901,2.9687
27.1020,0.6999,3.0096
27.1022,0.7072,3.041
27.1024,0.6934,2.9803
27.1026,0.7341,3.1594
27.1028,0.7152,3.0741
27.1030,0.7958,3.4189
27.1032,0.7632,3.2849
27.1034,0.6813,2.9296
27.1036,0.7041,3.0304
27.1038,0.6012,2.5876
27.1040,0.6124,2.6405
27.1042,0.586,2.5256
27.1044,0.5819,2.5069
27.1046,0.5034,2.1715
27.1048,0.4555,1.967
27.1050,0.4437,1.9157
27.1052,0.4516,1.9481
27.1054,0.4843,2.0874
27.1056,0.5096,2.1984
27.1058,0.5293,2.2801
27.1060,0.544,2.3436
27.1062,0.5832,2.5114
27.1064,0.5968,2.5709
27.1066,0.5724,2.4683
27.1068,0.5166,2.2253
27.1070,0.541,2.3296
27.1072,0.5843,2.5172
27.1074,0.6384,2.7451
27.1076,0.7176,3.0801
27.1078,0.8093,3.4766
27.1080,0.8084,3.4697
27.1082,0.8545,3.6605
27.1084,0.9353,4.003
27.1086,0.9915,4.2496
27.1088,0.8806,3.7848
27.1090,0.8138,3.4929
27.1092,0.9131,3.9135
27.1094,0.9642,4.1305
27.1096,1.0006,4.2867
27.1098,0.9951,4.2591
27.1100,0.9849,4.2214
27.1102,0.9095,3.9017
27.1104,0.8667,3.7233
27.1106,0.8738,3.745
27.1108,1.0384,4.4423
27.1110,1.0563,4.5208
27.1112,1.06,4.5325
27.1114,1.0808,4.6325
27.1116,1.0025,4.2969
27.1118,0.9838,4.2148
27.1120,0.973,4.1724
27.1122,1.0041,4.3036
27.1124,1.0402,4.45
27.1126,1.1027,4.7172
27.1128,1.0716,4.5951
27.1130,0.9958,4.2661
27.1132,1.0482,4.4864
27.1134,1.03,4.4167
27.1136,0.9269,3.9745
27.1138,1.0109,4.3329
27.1140,1.0316,4.4192
27.1142,0.987,4.234
27.1144,0.9055,3.8902
27.1146,0.8577,3.6829
27.1148,0.9093,3.9007
27.1150,0.9103,3.9126
27.1152,0.8173,3.5127
27.1154,0.8476,3.6431
27.1156,0.882,3.7839
27.1158,0.9462,4.0629
27.1160,0.8727,3.7508
27.1162,0.8699,3.7355
27.1164,0.8732,3.7511
27.1166,0.8405,3.6177
27.1168,0.7993,3.437
27.1170,0.8314,3.5685
27.1172,0.8826,3.79
27.1174,0.828,3.5586
27.1176,0.8561,3.678
27.1178,0.8611,3.6974
27.1180,0.9126,3.9206
27.1182,0.8419,3.6234
27.1184,0.7459,3.212
27.1186,0.7471,3.2157
27.1188,0.7444,3.1994
27.1190,0.8051,3.4601
27.1192,0.8125,3.4905
27.1194,0.7727,3.3256
27.1196,0.7361,3.1726
27.1198,0.7295,3.1369
27.1200,0.7994,3.4343
27.1202,0.7829,3.3664
27.1204,0.8313,3.5713
27.1206,0.8443,3.6303
27.1208,0.7052,3.0421
27.1210,0.55,2.3739
27.1212,0.5206,2.2481
27.1214,0.5272,2.2776
27.1216,0.5061,2.1844
27.1218,0.4937,2.1316
27.1220,0.5013,2.1658
27.1222,0.4991,2.1519
27.1224,0.5592,2.4126
27.1226,0.5655,2.4384
27.1228,0.5775,2.4901
27.1230,0.5746,2.4811
27.1232,0.5371,2.3169
27.1234,0.5603,2.4139
27.1236,0.5865,2.5312
27.1238,0.6186,2.6637
27.1240,0.7095,3.0536
27.1242,0.6567,2.8305
27.1244,0.5495,2.3696
27.1246,0.5515,2.3812
27.1248,0.5503,2.3749
27.1250,0.5582,2.4046
27.1252,0.5675,2.4483
27.1254,0.5402,2.3303
27.1256,0.5552,2.3928
27.1258,0.5565,2.3996
27.1260,0.5823,2.5061
27.1262,0.6897,2.9699
27.1264,0.6555,2.824
27.1266,0.5747,2.4793
27.1268,0.5588,2.4094
27.1270,0.5595,2.4092
27.1272,0.6777,2.9155
27.1274,0.7173,3.0872
27.1276,0.6937,2.9855
27.1278,0.7095,3.0522
27.1280,0.7156,3.0814
27.1282,0.7004,3.013
27.1284,0.7313,3.1461
27.1286,0.7414,3.185
27.1288,0.7738,3.3272
27.1290,0.7654,3.2941
27.1292,0.7325,3.1469
27.1294,0.7861,3.3803
27.1296,0.7552,3.2533
27.1298,0.6682,2.8788
27.1300,0.6552,2.8172
27.1302,0.7281,3.1322
27.1304,0.7501,3.2256
27.1306,0.8161,3.5026
27.1308,0.8426,3.6181
27.1310,0.8114,3.4956
27.1312,0.6619,2.8541
27.1314,0.6489,2.7943
27.1316,0.6922,2.9779
27.1318,0.759,3.2622
27.1320,0.8001,3.4374
27.1322,0.7949,3.4147
27.1324,0.7724,3.32
27.1326,0.7685,3.3076
27.1328,0.7578,3.2571
27.1330,0.7897,3.3957
27.1332,0.7667,3.2968
27.1334,0.7425,3.1956
27.1336,0.7118,3.0592
27.1338,0.7529,3.2344
27.1340,0.8123,3.4927
27.1342,0.7209,3.1056
27.1344,0.6999,3.0138
27.1346,0.7094,3.0503
27.1348,0.7875,3.3896
27.1350,0.7385,3.1785
27.1352,0.7112,3.0594
27.1354,0.7085,3.0495
27.1356,0.713,3.0686
27.1358,0.7063,3.0411
27.1360,0.6988,3.0063
27.1362,0.6567,2.8318
27.1364,0.6108,2.6338
27.1366,0.6092,2.621
27.1368,0.6391,2.7533
27.1370,0.5813,2.5066
27.1372,0.631,2.7169
27.1374,0.6143,2.6537
27.1376,0.4471,1.9325
27.1378,0.4258,1.8403
27.1380,0.4162,1.798
27.1382,0.4194,1.8111
27.1384,0.461,1.9917
27.1386,0.4284,1.8508
27.1388,0.4241,1.8305
27.1390,0.4222,1.8239
27.1392,0.4166,1.7995
27.1394,0.4176,1.8042
27.1396,0.4241,1.8322
27.1398,0.4151,1.7933
27.1400,0.4145,1.7882
27.1402,0.4553,1.9659
27.1404,0.4596,1.9809
27.1406,0.5182,2.2336
27.1408,0.5704,2.4539
27.1410,0.6637,2.8552
27.1412,0.6495,2.7982
27.1414,0.6181,2.6592
27.1416,0.703,3.023
27.1418,0.7541,3.2411
27.1420,0.8126,3.4877
27.1422,0.8679,3.7198
27.1424,0.9642,4.1209
27.1426,1.0492,4.4947
27.1428,0.9963,4.2742
27.1430,0.9752,4.1797
27.1432,0.9856,4.2225
27.1434,0.9703,4.1606
27.1436,0.9781,4.196
27.1438,0.9487,4.0624
27.1440,1.0257,4.392
27.1442,1.0811,4.6292
27.1444,1.0704,4.5835
27.1446,1.0561,4.5266
27.1448,0.9913,4.2486
27.1450,0.9764,4.1868
27.1452,0.9438,4.0507
27.1454,0.8784,3.765
27.1456,0.9661,4.1426
27.1458,0.9915,4.2496
27.1460,1.0027,4.2994
27.1462,0.9605,4.1146
27.1464,0.9868,4.2276
27.1466,1.0648,4.5551
27.1468,1.007,4.3199
27.1470,0.9602,4.1232
27.1472,0.939,4.0245
27.1474,1.0244,4.3884
27.1476,0.9988,4.287
27.1478,0.9554,4.0988
27.1480,0.9499,4.0694
27.1482,1.023,4.3868
27.1484,1.01,4.3288
27.1486,1.0059,4.3214
27.1488,0.9242,3.9687
27.1490,0.833,3.5802
27.1492,0.8132,3.4968
27.1494,0.7915,3.4066
27.1496,0.759,3.2653
27.1498,0.7583,3.2622
27.1500,0.7682,3.3065
27.1502,0.7444,3.2053
27.1504,0.7426,3.1961
27.1506,0.7953,3.4232
27.1508,0.7822,3.3617
27.1510,0.7818,3.3664
27.1512,0.7658,3.2931
27.1514,0.7965,3.4299
27.1516,0.7347,3.1606
27.1518,0.7446,3.2034
27.1520,0.7547,3.2452
27.1522,0.8073,3.4732
27.1524,0.7855,3.3808
27.1526,0.7642,3.2844
27.1528,0.7862,3.3855
27.1530,0.7075,3.0491
27.1532,0.6638,2.8583
27.1534,0.6814,2.9342
27.1536,0.7097,3.0575
27.1538,0.6884,2.9711
27.1540,0.5447,2.3544
27.1542,0.4458,1.9286
27.1544,0.4289,1.8537
27.1546,0.4272,1.8473
27.1548,0.4524,1.9535
27.1550,0.4812,2.0768
27.1552,0.4728,2.0425
27.1554,0.4777,2.0628
27.1556,0.4764,2.059
27.1558,0.474,2.0486
27.1560,0.4708,2.0327
27.1562,0.4715,2.0368
27.1564,0.4758,2.0535
27.1566,0.4815,2.0803
27.1568,0.4727,2.041
27.1570,0.471,2.0347
27.1572,0.4721,2.0365
27.1574,0.5215,2.2496
27.1576,0.5724,2.4718
27.1578,0.5104,2.2041
27.1580,0.4844,2.0898
27.1582,0.5326,2.2988
27.1584,0.501,2.1612
27.1586,0.4911,2.1207
27.1588,0.5054,2.1793
27.1590,0.5174,2.2321
27.1592,0.4887,2.1094
27.1594,0.491,2.1192
27.1596,0.4849,2.0919
27.1598,0.4788,2.0655
27.1600,0.4654,2.0076
27.1602,0.512,2.2098
27.1604,0.4752,2.049
27.1606,0.4697,2.029
27.1608,0.4703,2.0316
27.1610,0.4699,2.0291
27.1612,0.4698,2.0267
27.1614,0.4705,2.0307
27.1616,0.5001,2.1596
27.1618,0.4721,2.0384
27.1620,0.4553,1.9641
27.1622,0.4765,2.0547
27.1624,0.5007,2.1592
27.1626,0.492,2.1244
27.1628,0.4573,1.9747
27.1630,0.4519,1.9505
27.1632,0.4522,1.9507
27.1634,0.4667,2.0133
27.1636,0.4672,2.0153
27.1638,0.4544,1.9605
27.1640,0.453,1.9543
27.1642,0.4661,2.0097
27.1644,0.5409,2.3302
27.1646,0.5639,2.4283
27.1648,0.5905,2.5417
27.1650,0.6529,2.8101
27.1652,0.7027,3.0214
27.1654,0.7069,3.0395
27.1656,0.6823,2.9338
27.1658,0.6591,2.8382
27.1660,0.6564,2.825
27.1662,0.6757,2.9054
27.1664,0.7192,3.0911
27.1666,0.7696,3.3076
27.1668,0.8239,3.5377
27.1670,0.8209,3.5265
27.1672,0.7156,3.08
27.1674,0.6506,2.8016
27.1676,0.6745,2.8962
27.1678,0.8054,3.4617
27.1680,0.7422,3.1945
27.1682,0.7188,3.0882
27.1684,0.7775,3.3385
27.1686,0.7899,3.3905
27.1688,0.8005,3.4405
27.1690,0.7715,3.3143
27.1692,0.8049,3.4564
27.1694,0.7234,3.1092
27.1696,0.691,2.9742
27.1698,0.6178,2.6613
27.1700,0.6089,2.6207
27.1702,0.6433,2.7662
27.1704,0.6558,2.8264
27.1706,0.5185,2.2346
27.1708,0.517,2.2284
27.1710,0.624,2.6907
27.1712,0.5766,2.4864
27.1714,0.5202,2.2419
27.1716,0.5214,2.2491
27.1718,0.522,2.2475
27.1720,0.6007,2.588
27.1722,0.5096,2.1995
27.1724,0.4318,1.8653
27.1726,0.4199,1.814
27.1728,0.4098,1.7705
27.1730,0.4066,1.7549
27.1732,0.4137,1.7854
27.1734,0.4245,1.832
27.1736,0.4694,2.0233
27.1738,0.5132,2.2099
27.1740,0.5711,2.4592
27.1742,0.5384,2.3215
27.1744,0.5826,2.5076
27.1746,0.6792,2.919
27.1748,0.7356,3.1588
27.1750,0.765,3.2834
27.1752,0.8302,3.5601
27.1754,0.8629,3.6999
27.1756,0.9394,4.0148
27.1758,1.0889,4.6604
27.1760,1.0982,4.7026
27.1762,1.0432,4.4649
27.1764,0.9958,4.2681
27.1766,1.0093,4.3196
27.1768,1.0171,4.355
27.1770,1.0096,4.3171
27.1772,1.1012,4.7111
27.1774,1.0888,4.6599
27.1776,0.9788,4.201
27.1778,0.8862,3.8019
27.1780,0.8874,3.8053
27.1782,0.9205,3.9454
27.1784,0.8973,3.8493
27.1786,0.8974,3.8462
27.1788,0.9861,4.2206
27.1790,1.0085,4.3226
27.1792,0.9643,4.1387
27.1794,0.9066,3.893
27.1796,0.9085,3.8976
27.1798,0.8625,3.7053
27.1800,0.8218,3.5257
27.1802,0.8927,3.8333
27.1804,0.9055,3.883
27.1806,0.9455,4.0561
27.1808,0.9876,4.2366
27.1810,0.9354,4.0166
27.1812,0.8718,3.7437
27.1814,0.8257,3.5488
27.1816,0.8361,3.5953
27.1818,0.8361,3.5936
27.1820,0.8306,3.5732
27.1822,0.7788,3.3504
27.1824,0.814,3.4988
27.1826,0.8163,3.5086
27.1828,0.8251,3.5412
27.1830,0.8739,3.756
27.1832,0.8305,3.5711
27.1834,0.824,3.5432
27.1836,0.7796,3.354
27.1838,0.7622,3.2792
27.1840,0.7979,3.4292
27.1842,0.8317,3.5696
27.1844,0.8632,3.7032
27.1846,0.8883,3.8196
27.1848,0.7709,3.3148
27.1850,0.831,3.5715
27.1852,0.8306,3.5732
27.1854,0.7491,3.221
27.1856,0.7495,3.2275
27.1858,0.6989,3.0068
27.1860,0.7417,3.188
27.1862,0.7646,3.288
27.1864,0.8034,3.4513
27.1866,0.8223,3.5343
27.1868,0.8007,3.4448
27.1870,0.7685,3.3137
27.1872,0.5878,2.5334
27.1874,0.6344,2.7319
27.1876,0.6817,2.9366
27.1878,0.6985,3.0034
27.1880,0.7539,3.2416
27.1882,0.7922,3.4097
27.1884,0.7685,3.3106
27.1886,0.7429,3.1961
27.1888,0.7459,3.2105
27.1890,0.6997,3.0155
27.1892,0.6609,2.8473
27.1894,0.6644,2.8596
27.1896,0.6947,2.9874
27.1898,0.7482,3.2248
27.1900,0.7347,3.1606
27.1902,0.7765,3.339
27.1904,0.7563,3.2534
27.1906,0.723,3.112
27.1908,0.6547,2.8191
27.1910,0.6271,2.7029
27.1912,0.609,2.6273
27.1914,0.5697,2.4576
27.1916,0.5645,2.4342
27.1918,0.5594,2.4142
27.1920,0.558,2.4052
27.1922,0.5786,2.4936
27.1924,0.5692,2.4532
27.1926,0.5624,2.4249
27.1928,0.5586,2.41
27.1930,0.5571,2.4055
27.1932,0.585,2.5156
27.1934,0.7229,3.1114
27.1936,0.6925,2.9831
27.1938,0.6515,2.8065
27.1940,0.582,2.5074
27.1942,0.5546,2.3913
27.1944,0.5503,2.3738
27.1946,0.5494,2.368
27.1948,0.5488,2.3676
27.1950,0.5481,2.3645
27.1952,0.5512,2.3779
27.1954,0.5519,2.3788
27.1956,0.5501,2.3722
27.1958,0.5479,2.3635
27.1960,0.5485,2.3638
27.1962,0.5527,2.3819
27.1964,0.5518,2.3805
27.1966,0.559,2.4093
27.1968,0.6449,2.7742
27.1970,0.6667,2.8681
27.1972,0.6726,2.8933
27.1974,0.6875,2.9606
27.1976,0.6706,2.8851
27.1978,0.659,2.8337
27.1980,0.721,3.1032
27.1982,0.7567,3.2524
27.1984,0.8107,3.4827
27.1986,0.8073,3.4635
27.1988,0.8938,3.8415
27.1990,0.763,3.2838
27.1992,0.7239,3.1141
27.1994,0.7196,3.0941
27.1996,0.7223,3.106
27.1998,0.7475,3.2157
27.2000,0.738,3.1735
27.2002,0.7935,3.4107
27.2004,0.7969,3.4187
27.2006,0.87,3.7308
27.2008,0.8718,3.7489
27.2010,0.751,3.2322
27.2012,0.7272,3.1286
27.2014,0.6748,2.9113
27.2016,0.5499,2.3733
27.2018,0.5247,2.2636
27.2020,0.5241,2.2631
27.2022,0.5349,2.3076
27.2024,0.5,2.1561
27.2026,0.5074,2.1851
27.2028,0.55,2.3761
27.2030,0.4295,1.8572
27.2032,0.4211,1.8184
27.2034,0.4797,2.0716
27.2036,0.4301,1.8589
27.2038,0.3961,1.7117
27.2040,0.3958,1.7099
27.2042,0.4064,1.7547
27.2044,0.406,1.7539
27.2046,0.4036,1.7452
27.2048,0.401,1.7322
27.2050,0.4041,1.7457
27.2052,0.424,1.8308
27.2054,0.432,1.8655
27.2056,0.3897,1.6827
27.2058,0.4046,1.7469
27.2060,0.4148,1.7909
27.2062,0.4245,1.8312
27.2064,0.4285,1.8496
27.2066,0.4909,2.1177
27.2068,0.541,2.3307
27.2070,0.5935,2.5522
27.2072,0.7053,3.0328
27.2074,0.7808,3.3576
27.2076,0.704,3.0243
27.2078,0.7703,3.2999
27.2080,0.9051,3.8827
27.2082,0.9268,3.9703
27.2084,0.9299,3.9892
27.2086,0.9292,3.9824
27.2088,0.9921,4.2462
27.2090,0.9856,4.2205
27.2092,0.95,4.0699
27.2094,0.9293,3.9848
27.2096,0.9145,3.9252
27.2098,0.9394,4.0279
27.2100,0.9354,4.011
27.2102,0.9193,3.9421
27.2104,0.9551,4.0953
27.2106,0.8853,3.8014
27.2108,0.7928,3.4092
27.2110,0.7903,3.3952
27.2112,0.7909,3.3993
27.2114,0.7852,3.3746
27.2116,0.8212,3.5281
27.2118,0.8221,3.53
27.2120,0.8188,3.5145
27.2122,0.7983,3.4329
27.2124,0.7852,3.373
27.2126,0.8846,3.793
27.2128,0.9578,4.109
27.2130,0.9799,4.2017
27.2132,0.9292,3.988
27.2134,0.9132,3.9177
27.2136,0.9286,3.9817
27.2138,0.8742,3.7575
27.2140,0.8262,3.5459
27.2142,0.9034,3.8827
27.2144,0.7911,3.4051
27.2146,0.7278,3.1326
27.2148,0.7196,3.0956
27.2150,0.7185,3.0909
27.2152,0.7253,3.1174
27.2154,0.7625,3.2772
27.2156,0.8239,3.5377
27.2158,0.8203,3.5239
27.2160,0.8349,3.5835
27.2162,0.8745,3.7533
27.2164,0.9403,4.0377
27.2166,0.8987,3.8536
27.2168,0.8941,3.843
27.2170,0.7691,3.3071
27.2172,0.782,3.3581
27.2174,0.7861,3.3787
27.2176,0.7444,3.2068
27.2178,0.6898,2.9704
27.2180,0.7029,3.0267
27.2182,0.7194,3.095
27.2184,0.7298,3.1379
27.2186,0.7017,3.0159
27.2188,0.7449,3.2104
27.2190,0.6551,2.8193
27.2192,0.6686,2.879
27.2194,0.6658,2.8671
27.2196,0.6861,2.9571
27.2198,0.6499,2.8011
27.2200,0.6691,2.8797
27.2202,0.6571,2.8334
27.2204,0.533,2.3025
27.2206,0.5163,2.2264
27.2208,0.6071,2.6166
27.2210,0.5416,2.3398
27.2212,0.4951,2.1398
27.2214,0.488,2.1063
27.2216,0.5298,2.2832
27.2218,0.5706,2.4617
27.2220,0.5217,2.2517
27.2222,0.5115,2.2047
27.2224,0.5585,2.4095
27.2226,0.5128,2.2134
27.2228,0.4887,2.1104
27.2230,0.4832,2.0846
27.2232,0.5155,2.2207
27.2234,0.5968,2.5757
27.2236,0.4914,2.1198
27.2238,0.4819,2.0799
27.2240,0.4801,2.0712
27.2242,0.5084,2.1933
27.2244,0.5413,2.335
27.2246,0.5395,2.3272
27.2248,0.5503,2.3727
27.2250,0.5088,2.1979
27.2252,0.4124,1.7814
27.2254,0.3901,1.6835
27.2256,0.4309,1.8617
27.2258,0.4397,1.8995
27.2260,0.4356,1.8801
27.2262,0.4499,1.9426
27.2264,0.5224,2.2496
27.2266,0.632,2.7228
27.2268,0.5654,2.4367
27.2270,0.5555,2.3932
27.2272,0.5655,2.4361
27.2274,0.5714,2.4614
27.2276,0.5633,2.4268
27.2278,0.5768,2.4847
27.2280,0.5802,2.502
27.2282,0.5896,2.5376
27.2284,0.6667,2.8654
27.2286,0.7203,3.0943
27.2288,0.7723,3.3179
27.2290,0.7308,3.1484
27.2292,0.5784,2.493
27.2294,0.5614,2.4197
27.2296,0.573,2.4663
27.2298,0.6567,2.8292
27.2300,0.6308,2.7164
27.2302,0.6095,2.622
27.2304,0.6614,2.8454
27.2306,0.7028,3.0219
27.2308,0.6799,2.9275
27.2310,0.562,2.4211
27.2312,0.594,2.559
27.2314,0.6351,2.7324
27.2316,0.6757,2.9068
27.2318,0.6686,2.8763
27.2320,0.6829,2.9363
27.2322,0.6985,3.0048
27.2324,0.6633,2.851
27.2326,0.717,3.0847
27.2328,0.7196,3.0984
27.2330,0.6504,2.8018
27.2332,0.5487,2.3649
27.2334,0.5194,2.2409
27.2336,0.5145,2.2196
27.2338,0.5151,2.2202
27.2340,0.5143,2.2155
27.2342,0.5151,2.2222
27.2344,0.5166,2.2274
27.2346,0.5142,2.2171
27.2348,0.5125,2.2098
27.2350,0.5134,2.214
27.2352,0.5169,2.2279
27.2354,0.5154,2.2212
27.2356,0.5126,2.2093
27.2358,0.507,2.186
27.2360,0.5089,2.1943
27.2362,0.4957,2.1374
27.2364,0.4772,2.0578
27.2366,0.5312,2.2894
27.2368,0.6041,2.5976
27.2370,0.6235,2.6874
27.2372,0.5167,2.2259
27.2374,0.5027,2.1644
27.2376,0.5345,2.3039
27.2378,0.5089,2.1964
27.2380,0.5506,2.3698
27.2382,0.6073,2.6164
27.2384,0.5567,2.4017
27.2386,0.5437,2.3432
27.2388,0.5196,2.2372
27.2390,0.5771,2.4839
27.2392,0.5639,2.4316
27.2394,0.5044,2.1782
27.2396,0.4302,1.856
27.2398,0.4711,2.0324
27.2400,0.4831,2.0832
27.2402,0.5119,2.2031
27.2404,0.5579,2.4013
27.2406,0.5842,2.5097
27.2408,0.6861,2.9489
27.2410,0.7158,3.0753
27.2412,0.7652,3.2829
27.2414,0.7782,3.3447
27.2416,0.7706,3.3091
27.2418,0.7757,3.3308
27.2420,0.775,3.3261
27.2422,0.7757,3.3292
27.2424,0.8308,3.5643
27.2426,0.8717,3.7362
27.2428,0.9199,3.9391
27.2430,0.9663,4.1398
27.2432,0.998,4.2754
27.2434,0.9776,4.19
27.2436,0.9065,3.8834
27.2438,0.9306,3.983
27.2440,0.9951,4.2571
27.2442,0.9667,4.1471
27.2444,0.9048,3.8817
27.2446,0.8657,3.7174
27.2448,0.8253,3.5406
27.2450,0.8673,3.7241
27.2452,0.8058,3.4584
27.2454,0.8332,3.5779
27.2456,0.7911,3.3972
27.2458,0.7799,3.3519
27.2460,0.7443,3.1988
27.2462,0.7451,3.2069
27.2464,0.7571,3.2525
27.2466,0.8111,3.4843
27.2468,0.8199,3.5142
27.2470,0.94,4.0343
27.2472,0.8704,3.7393
27.2474,0.848,3.6395
27.2476,0.8691,3.7319
27.2478,0.9049,3.8804
27.2480,0.9338,4.0024
27.2482,0.9124,3.9159
27.2484,0.8877,3.8081
27.2486,0.9001,3.858
27.2488,0.9269,3.9782
27.2490,0.8953,3.8464
27.2492,0.8512,3.6585
27.2494,0.7766,3.3364
27.2496,0.8365,3.5918
27.2498,0.8613,3.6967
27.2500,0.8603,3.6926
27.2502,0.857,3.6799
27.2504,0.8524,3.6603
27.2506,0.847,3.6388
27.2508,0.8617,3.6999
27.2510,0.8552,3.6721
27.2512,0.8263,3.553
27.2514,0.7646,3.288
27.2516,0.774,3.3251
27.2518,0.762,3.2766
27.2520,0.724,3.1161
27.2522,0.7226,3.1113
27.2524,0.7078,3.0464
27.2526,0.731,3.146
27.2528,0.7131,3.0691
27.2530,0.7132,3.0725
27.2532,0.6513,2.8047
27.2534,0.6551,2.8193
27.2536,0.6446,2.7809
27.2538,0.5768,2.487
27.2540,0.565,2.4363
27.2542,0.5519,2.381
27.2544,0.5573,2.4032
27.2546,0.5601,2.414
27.2548,0.5708,2.4588
27.2550,0.5579,2.4091
27.2552,0.4839,2.0887
27.2554,0.4788,2.0665
27.2556,0.4781,2.0643
27.2558,0.4989,2.1524
27.2560,0.536,2.3112
27.2562,0.5289,2.2807
27.2564,0.5564,2.398
27.2566,0.6173,2.6605
27.2568,0.5596,2.4119
27.2570,0.545,2.3489
27.2572,0.5404,2.3292
27.2574,0.5704,2.4596
27.2576,0.5277,2.2755
27.2578,0.529,2.2812
27.2580,0.5336,2.3019
27.2582,0.5295,2.2832
27.2584,0.5276,2.2739
27.2586,0.5263,2.2693
27.2588,0.5323,2.2951
27.2590,0.5284,2.2797
27.2592,0.5492,2.3658
27.2594,0.5528,2.3824
27.2596,0.5353,2.3081
27.2598,0.7097,3.0504
27.2600,0.667,2.8723
27.2602,0.5512,2.3768
27.2604,0.5401,2.3287
27.2606,0.542,2.337
27.2608,0.5393,2.3246
27.2610,0.5363,2.3116
27.2612,0.5272,2.2745
27.2614,0.5202,2.2429
27.2616,0.5252,2.2625
27.2618,0.5384,2.3215
27.2620,0.5648,2.4341
27.2622,0.5339,2.3013
27.2624,0.5256,2.2672
27.2626,0.5275,2.2745
27.2628,0.5347,2.3012
27.2630,0.6789,2.9139
27.2632,0.7643,3.2864
27.2634,0.7048,3.0321
27.2636,0.7049,3.0354
27.2638,0.6521,2.8064
27.2640,0.6339,2.7298
27.2642,0.6294,2.7089
27.2644,0.6793,2.9195
27.2646,0.7274,3.1247
27.2648,0.7501,3.2256
27.2650,0.7543,3.2436
27.2652,0.7525,3.2269
27.2654,0.8226,3.5354
27.2656,0.7624,3.2797
27.2658,0.7481,3.2138
27.2660,0.7373,3.1719
27.2662,0.6753,2.9039
27.2664,0.7338,3.1569
27.2666,0.7041,3.0262
27.2668,0.7214,3.0975
27.2670,0.7511,3.2297
27.2672,0.6691,2.8797
27.2674,0.648,2.7902
27.2676,0.6621,2.8498
27.2678,0.7019,3.0155
27.2680,0.7447,3.2009
27.2682,0.7344,3.1522
27.2684,0.766,3.2952
27.2686,0.7458,3.2055
27.2688,0.7331,3.1509
27.2690,0.7186,3.0943
27.2692,0.6825,2.9389
27.2694,0.6674,2.8712
27.2696,0.707,3.0386
27.2698,0.7433,3.1992
27.2700,0.6748,2.8991
27.2702,0.7414,3.1909
27.2704,0.6927,2.9814
27.2706,0.7028,3.0247
27.2708,0.6476,2.7861
27.2710,0.6531,2.8137
27.2712,0.624,2.6894
27.2714,0.592,2.5526
27.2716,0.4911,2.1188
27.2718,0.4263,1.8415
27.2720,0.4175,1.8012
27.2722,0.4663,2.0145
27.2724,0.4072,1.7583
27.2726,0.407,1.7581
27.2728,0.4059,1.7534
27.2730,0.442,1.9058
27.2732,0.5086,2.1892
27.2734,0.6217,2.6746
27.2736,0.6658,2.8645
27.2738,0.6714,2.8895
27.2740,0.6423,2.7621
27.2742,0.7139,3.0685
27.2744,0.7573,3.255
27.2746,0.7826,3.3606
27.2748,0.8045,3.4495
27.2750,0.8012,3.4436
27.2752,0.7548,3.2427
27.2754,0.8278,3.5498
27.2756,0.9473,4.0562
27.2758,0.9718,4.1653
27.2760,0.9747,4.1777
27.2762,0.9619,4.1208
27.2764,0.9567,4.1006
27.2766,0.9374,4.0141
27.2768,0.9823,4.2159
27.2770,0.9271,3.9755
27.2772,0.9587,4.1126
27.2774,0.895,3.8377
27.2776,0.9167,3.9381
27.2778,0.8989,3.8547
27.2780,0.9027,3.8688
27.2782,0.8769,3.7618
27.2784,0.863,3.7091
27.2786,0.859,3.6922
27.2788,0.8383,3.5997
27.2790,0.8376,3.5949
27.2792,0.8336,3.5779
27.2794,0.8598,3.6901
27.2796,0.8921,3.8291
27.2798,0.886,3.8028
27.2800,0.9242,3.9702
27.2802,0.824,3.545
27.2804,0.716,3.0816
27.2806,0.7063,3.0384
27.2808,0.7782,3.3417
27.2810,0.8226,3.5372
27.2812,0.7805,3.3531
27.2814,0.7715,3.3175
27.2816,0.763,3.2824
27.2818,0.7467,3.2152
27.2820,0.6635,2.8556
27.2822,0.6895,2.9662
27.2824,0.7637,3.2779
27.2826,0.7895,3.3933
27.2828,0.8185,3.5196
27.2830,0.7594,3.2685
27.2832,0.7493,3.2311
27.2834,0.6214,2.6769
27.2836,0.6401,2.7549
27.2838,0.6701,2.884
27.2840,0.6935,2.986
27.2842,0.6798,2.9231
27.2844,0.7333,3.1545
27.2846,0.6752,2.9129
27.2848,0.5933,2.5572
27.2850,0.6052,2.6072
27.2852,0.6165,2.652
27.2854,0.7147,3.0774
27.2856,0.6238,2.6885
27.2858,0.5668,2.443
27.2860,0.5619,2.4263
27.2862,0.487,2.1027
27.2864,0.4927,2.1256
27.2866,0.5072,2.1882
27.2868,0.5731,2.4687
27.2870,0.6774,2.9127
27.2872,0.6741,2.9069
27.2874,0.5523,2.3816
27.2876,0.5354,2.3076
27.2878,0.5897,2.5417
27.2880,0.6015,2.5912
27.2882,0.6104,2.627
27.2884,0.6726,2.8962
27.2886,0.6899,2.9677
27.2888,0.6777,2.9156
27.2890,0.7066,3.0428
27.2892,0.5888,2.5364
27.2894,0.6345,2.7281
27.2896,0.7299,3.1415
27.2898,0.6819,2.9392
27.2900,0.6365,2.7395
27.2902,0.6577,2.8374
27.2904,0.5782,2.4921
27.2906,0.5824,2.5102
27.2908,0.5612,2.4176
27.2910,0.5627,2.4243
27.2912,0.5937,2.5552
27.2914,0.5942,2.5656
27.2916,0.4825,2.0845
27.2918,0.453,1.9562
27.2920,0.4494,1.9397
27.2922,0.4507,1.9445
27.2924,0.4545,1.9615
27.2926,0.457,1.9733
27.2928,0.4541,1.959
27.2930,0.4527,1.9546
27.2932,0.4755,2.0511
27.2934,0.516,2.228
27.2936,0.4554,1.9647
27.2938,0.4468,1.9275
27.2940,0.4448,1.9187
27.2942,0.4434,1.913
27.2944,0.4443,1.9175
27.2946,0.4462,1.9258
27.2948,0.4454,1.9221
27.2950,0.444,1.9173
27.2952,0.4444,1.918
27.2954,0.4484,1.9351
27.2956,0.4475,1.9332
27.2958,0.4464,1.9268
27.2960,0.4455,1.9218
27.2962,0.4476,1.9293
27.2964,0.503,2.1681
27.2966,0.554,2.3877
27.2968,0.5587,2.4079
27.2970,0.5516,2.3796
27.2972,0.546,2.3531
27.2974,0.5573,2.3988
27.2976,0.6108,2.6253
27.2978,0.6521,2.8039
27.2980,0.6673,2.8708
27.2982,0.6626,2.8493
27.2984,0.6563,2.8272
27.2986,0.6407,2.755
27.2988,0.7245,3.1096
27.2990,0.7516,3.2289
27.2992,0.7581,3.2582
27.2994,0.6962,2.9965
27.2996,0.5932,2.5531
27.2998,0.6012,2.5853
27.3000,0.6626,2.8506
27.3002,0.6367,2.743
27.3004,0.6189,2.6611
27.3006,0.6577,2.8282
27.3008,0.665,2.8636
27.3010,0.6149,2.6478
27.3012,0.5994,2.5788
27.3014,0.5834,2.5108
27.3016,0.5942,2.562
27.3018,0.5627,2.4254
27.3020,0.5221,2.2534
27.3022,0.4715,2.0331
27.3024,0.475,2.049
27.3026,0.5063,2.183
27.3028,0.5109,2.2032
27.3030,0.4663,2.0118
27.3032,0.3918,1.6916
27.3034,0.4454,1.9221
27.3036,0.4306,1.8593
27.3038,0.3921,1.6931
27.3040,0.3866,1.6701
27.3042,0.3794,1.6383
27.3044,0.3903,1.6838
27.3046,0.3897,1.6812
27.3048,0.3873,1.6717
27.3050,0.3876,1.6742
27.3052,0.3814,1.6471
27.3054,0.4154,1.7919
27.3056,0.3962,1.7092
27.3058,0.3865,1.6688
27.3060,0.4048,1.7464
27.3062,0.4715,2.0312
27.3064,0.5083,2.1898
27.3066,0.5641,2.4232
27.3068,0.7265,3.1198
27.3070,0.7216,3.1044
27.3072,0.677,2.9071
27.3074,0.7746,3.3216
27.3076,0.8467,3.6289
27.3078,0.8738,3.7468
27.3080,0.8787,3.7662
27.3082,0.895,3.8343
27.3084,0.9136,3.9176
27.3086,0.8975,3.8469
27.3088,0.8743,3.7524
27.3090,0.8568,3.6738
27.3092,0.8455,3.6238
27.3094,0.845,3.6234
27.3096,0.8495,3.6442
27.3098,0.8328,3.5727
27.3100,0.8423,3.6116
27.3102,0.8876,3.8042
27.3104,0.8991,3.8589
27.3106,0.83,3.5641
27.3108,0.7757,3.3293
27.3110,0.7954,3.4074
27.3112,0.9085,3.8918
27.3114,0.9451,4.0528
27.3116,0.939,4.0247
27.3118,0.9046,3.8808
27.3120,0.8891,3.8144
27.3122,0.8642,3.7092
27.3124,0.8198,3.5187
27.3126,0.8201,3.5214
27.3128,0.8715,3.744
27.3130,0.8282,3.5597
27.3132,0.828,3.5521
27.3134,0.8871,3.8057
27.3136,0.9032,3.8764
27.3138,0.869,3.7315
27.3140,0.8382,3.5992
27.3142,0.8389,3.6006
27.3144,0.8303,3.5602
27.3146,0.8823,3.7886
27.3148,0.8352,3.5896
27.3150,0.8248,3.5415
27.3152,0.8123,3.4879
27.3154,0.8185,3.5164
27.3156,0.7726,3.3191
27.3158,0.8102,3.4759
27.3160,0.8962,3.8537
27.3162,0.8136,3.4936
27.3164,0.7859,3.3762
27.3166,0.7983,3.4309
27.3168,0.7445,3.2015
27.3170,0.6927,2.9801
27.3172,0.6705,2.886
27.3174,0.689,2.9655
27.3176,0.6909,2.9751
27.3178,0.678,2.9194
27.3180,0.6474,2.7838
27.3182,0.7343,3.1577
27.3184,0.7762,3.3361
27.3186,0.748,3.2179
27.3188,0.7328,3.1539
27.3190,0.627,2.7012
27.3192,0.6557,2.822
27.3194,0.6837,2.9414
27.3196,0.664,2.859
27.3198,0.6656,2.8675
27.3200,0.6672,2.8702
27.3202,0.6823,2.9352
27.3204,0.6457,2.7831
27.3206,0.6104,2.6294
27.3208,0.6017,2.5898
27.3210,0.6232,2.6834
27.3212,0.6466,2.7854
27.3214,0.6279,2.7048
27.3216,0.6258,2.6948
27.3218,0.6086,2.6216
27.3220,0.5823,2.5097
27.3222,0.5799,2.4982
27.3224,0.5885,2.533
27.3226,0.6837,2.9428
27.3228,0.6476,2.7926
27.3230,0.5167,2.229
27.3232,0.4883,2.1084
27.3234,0.5185,2.2358
27.3236,0.5958,2.5681
27.3238,0.5342,2.3024
27.3240,0.5105,2.2001
27.3242,0.5215,2.2497
27.3244,0.5275,2.2767
27.3246,0.5141,2.2166
27.3248,0.5093,2.196
27.3250,0.5082,2.1913
27.3252,0.5175,2.2316
27.3254,0.5251,2.2653
27.3256,0.5151,2.2192
27.3258,0.5235,2.2564
27.3260,0.5172,2.2311
27.3262,0.5293,2.2812
27.3264,0.5499,2.3657
27.3266,0.6552,2.816
27.3268,0.7083,3.0444
27.3270,0.7625,3.2758
27.3272,0.7099,3.0525
27.3274,0.6649,2.8604
27.3276,0.6551,2.8208
27.3278,0.6643,2.8592
27.3280,0.6822,2.932
27.3282,0.711,3.0571
27.3284,0.7219,3.1055
27.3286,0.7131,3.0664
27.3288,0.7018,3.0193
27.3290,0.6239,2.6828
27.3292,0.6957,2.9916
27.3294,0.7589,3.2664
27.3296,0.6978,3.0018
27.3298,0.6689,2.8775
27.3300,0.6673,2.8734
27.3302,0.6684,2.8754
27.3304,0.6815,2.9303
27.3306,0.6962,2.9909
27.3308,0.8082,3.472
27.3310,0.8158,3.5061
27.3312,0.7554,3.2454
27.3314,0.7431,3.1953
27.3316,0.7417,3.1891
27.3318,0.761,3.266
27.3320,0.8437,3.6262
27.3322,0.6951,2.9918
27.3324,0.6366,2.7374
27.3326,0.6821,2.9383
27.3328,0.6226,2.6821
27.3330,0.6159,2.6519
27.3332,0.618,2.6612
27.3334,0.6072,2.6135
27.3336,0.6166,2.6526
27.3338,0.6468,2.7864
27.3340,0.6119,2.6349
27.3342,0.606,2.6108
27.3344,0.5898,2.5411
27.3346,0.6196,2.6667
27.3348,0.681,2.9309
27.3350,0.6376,2.7467
27.3352,0.597,2.5709
27.3354,0.6078,2.6149
27.3356,0.6177,2.6584
27.3358,0.6512,2.8042
27.3360,0.6804,2.927
27.3362,0.7135,3.0665
27.3364,0.7038,3.0304
27.3366,0.604,2.602
27.3368,0.6142,2.6435
27.3370,0.6058,2.6122
27.3372,0.4852,2.093
27.3374,0.4745,2.0489
27.3376,0.4681,2.0214
27.3378,0.4672,2.0154
27.3380,0.4704,2.0294
27.3382,0.4997,2.1556
27.3384,0.5077,2.1892
27.3386,0.5557,2.3949
27.3388,0.5325,2.2984
27.3390,0.4356,1.8811
27.3392,0.4278,1.8449
27.3394,0.4735,2.0438
27.3396,0.5059,2.1794
27.3398,0.6323,2.7163
27.3400,0.7298,3.1381
27.3402,0.6942,2.9877
27.3404,0.6878,2.9548
27.3406,0.762,3.2707
27.3408,0.7791,3.3438
27.3410,0.819,3.5135
27.3412,0.8836,3.7943
27.3414,0.8138,3.4963
27.3416,0.8035,3.4487
27.3418,0.8415,3.6102
27.3420,0.8833,3.7875
27.3422,0.916,3.9278
27.3424,0.9558,4.0985
27.3426,0.993,4.254
27.3428,0.9116,3.9161
27.3430,0.8268,3.5502
27.3432,0.8623,3.7009
27.3434,0.8052,3.4527
27.3436,0.8679,3.7216
27.3438,0.9569,4.1032
27.3440,0.9433,4.047
27.3442,0.917,3.9393
27.3444,0.7963,3.4195
27.3446,0.8521,3.6589
27.3448,0.8212,3.526
27.3450,0.8179,3.5105
27.3452,0.8357,3.5883
27.3454,0.834,3.5811
27.3456,0.8973,3.853
27.3458,0.8567,3.6785
27.3460,0.8324,3.5711
27.3462,0.8646,3.709
27.3464,0.9274,3.9804
27.3466,0.8764,3.7617
27.3468,0.8921,3.8309
27.3470,0.8251,3.5463
27.3472,0.8114,3.4876
27.3474,0.8257,3.544
27.3476,0.9417,4.036
27.3478,0.9716,4.1664
27.3480,0.9248,3.9709
27.3482,0.8553,3.6745
27.3484,0.8489,3.6467
27.3486,0.8568,3.6807
27.3488,0.8421,3.6161
27.3490,0.8373,3.5989
27.3492,0.8245,3.5421
27.3494,0.8431,3.6203
27.3496,0.8453,3.6295
27.3498,0.831,3.5699
27.3500,0.8287,3.5601
27.3502,0.842,3.619
27.3504,0.8531,3.6613
27.3506,0.8444,3.6327
27.3508,0.796,3.4227
27.3510,0.7774,3.3412
27.3512,0.7435,3.1998
27.3514,0.7432,3.2018
27.3516,0.6625,2.8568
27.3518,0.5898,2.5446
27.3520,0.5251,2.2663
27.3522,0.5944,2.5607
27.3524,0.649,2.7983
27.3526,0.5147,2.2202
27.3528,0.4737,2.0433
27.3530,0.4828,2.0846
27.3532,0.4888,2.1114
27.3534,0.494,2.1313
27.3536,0.4922,2.1275
27.3538,0.4235,1.8288
27.3540,0.4624,1.9966
27.3542,0.4954,2.138
27.3544,0.4571,1.9738
27.3546,0.4431,1.9123
27.3548,0.432,1.8664
27.3550,0.432,1.8681
27.3552,0.4349,1.8789
27.3554,0.4314,1.8621
27.3556,0.4292,1.8531
27.3558,0.429,1.8518
27.3560,0.4431,1.9105
27.3562,0.5033,2.1711
27.3564,0.5311,2.2901
27.3566,0.5426,2.3386
27.3568,0.5238,2.2617
27.3570,0.4597,1.9861
27.3572,0.4515,1.9494
27.3574,0.4512,1.9466
27.3576,0.4479,1.9312
27.3578,0.446,1.9238
27.3580,0.4489,1.9368
27.3582,0.4468,1.9292
27.3584,0.4487,1.9375
27.3586,0.4482,1.9346
27.3588,0.4466,1.9264
27.3590,0.4543,1.961
27.3592,0.4491,1.9391
27.3594,0.4446,1.9181
27.3596,0.4444,1.9171
27.3598,0.4408,1.9025
27.3600,0.445,1.9206
27.3602,0.4512,1.9484
27.3604,0.4474,1.93
27.3606,0.4549,1.9617
27.3608,0.4593,1.9813
27.3610,0.5175,2.2296
27.3612,0.5915,2.5471
27.3614,0.5627,2.4232
27.3616,0.5138,2.2166
27.3618,0.4594,1.9809
27.3620,0.4603,1.9841
27.3622,0.4596,1.9837
27.3624,0.4922,2.1215
27.3626,0.5298,2.2833
27.3628,0.5367,2.3122
27.3630,0.5431,2.3385
27.3632,0.5493,2.3676
27.3634,0.547,2.3555
27.3636,0.5484,2.3623
27.3638,0.5624,2.4216
27.3640,0.6259,2.6928
27.3642,0.6763,2.9027
27.3644,0.7369,3.1641
27.3646,0.7184,3.0848
27.3648,0.767,3.2964
27.3650,0.7257,3.1176
27.3652,0.7176,3.0812
27.3654,0.7258,3.124
27.3656,0.6237,2.6867
27.3658,0.5669,2.4424
27.3660,0.5833,2.5103
27.3662,0.589,2.5363
27.3664,0.5866,2.5271
27.3666,0.5667,2.438
27.3668,0.6588,2.8302
27.3670,0.7022,3.0209
27.3672,0.6994,3.0048
27.3674,0.7243,3.1129
27.3676,0.6955,2.9906
27.3678,0.7345,3.1552
27.3680,0.7523,3.2305
27.3682,0.7586,3.2573
27.3684,0.7812,3.353
27.3686,0.7354,3.1594
27.3688,0.6876,2.9579
27.3690,0.7063,3.0356
27.3692,0.7234,3.1122
27.3694,0.6225,2.6766
27.3696,0.587,2.531
27.3698,0.5318,2.291
27.3700,0.55,2.3674
27.3702,0.5709,2.4572
27.3704,0.5594,2.4132
27.3706,0.4286,1.8514
27.3708,0.4117,1.7767
27.3710,0.4253,1.8366
27.3712,0.4476,1.9293
27.3714,0.4607,1.9865
27.3716,0.4654,2.0095
27.3718,0.4103,1.7718
27.3720,0.4061,1.7521
27.3722,0.4093,1.7664
27.3724,0.4103,1.7718
27.3726,0.4874,2.0999
27.3728,0.5987,2.5733
27.3730,0.7177,3.0831
27.3732,0.7029,3.0212
27.3734,0.6885,2.9579
27.3736,0.703,3.0203
27.3738,0.757,3.2521
27.3740,0.7648,3.284
27.3742,0.7933,3.4034
27.3744,0.8369,3.5901
27.3746,0.8679,3.7216
27.3748,0.8931,3.8243
27.3750,0.9487,4.0644
27.3752,0.9047,3.8795
27.3754,0.905,3.8769
27.3756,0.9391,4.0233
27.3758,0.9495,4.0618
27.3760,1.0038,4.2982
27.3762,0.9424,4.0447
27.3764,0.8702,3.7262
27.3766,0.9371,4.0221
27.3768,0.8349,3.5853
27.3770,0.8182,3.5132
27.3772,0.8399,3.608
27.3774,0.8364,3.5898
27.3776,0.8298,3.5648
27.3778,0.7887,3.3881
27.3780,0.808,3.4678
27.3782,0.8165,3.5011
27.3784,0.876,3.7543
27.3786,0.9063,3.888
27.3788,0.84,3.6052
27.3790,0.8944,3.8353
27.3792,0.8927,3.8317
27.3794,0.8353,3.5835
27.3796,0.873,3.7485
27.3798,0.8415,3.6102
27.3800,0.8608,3.6965
27.3802,0.8433,3.623
27.3804,0.7999,3.4381
27.3806,0.7878,3.3876
27.3808,0.7664,3.2923
27.3810,0.7899,3.3901
27.3812,0.8227,3.5344
27.3814,0.8268,3.5536
27.3816,0.7763,3.3304
27.3818,0.8383,3.5997
27.3820,0.8391,3.6083
27.3822,0.8294,3.5616
27.3824,0.8197,3.5248
27.3826,0.7209,3.0985
27.3828,0.7377,3.175
27.3830,0.6781,2.9185
27.3832,0.6729,2.8964
27.3834,0.6755,2.9058
27.3836,0.7372,3.17
27.3838,0.7572,3.2546
27.3840,0.7869,3.3804
27.3842,0.7903,3.3953
27.3844,0.8219,3.5341
27.3846,0.761,3.2721
27.3848,0.6686,2.8778
27.3850,0.6939,2.9881
27.3852,0.6298,2.7143
27.3854,0.5799,2.4947
27.3856,0.7006,3.0142
27.3858,0.6914,2.9772
27.3860,0.6378,2.7477
27.3862,0.61,2.6278
27.3864,0.658,2.8292
27.3866,0.6367,2.743
27.3868,0.6136,2.6446
27.3870,0.6244,2.6861
27.3872,0.6771,2.9104
27.3874,0.7342,3.1571
27.3876,0.7469,3.2148
27.3878,0.7167,3.079
27.3880,0.7394,3.1793
27.3882,0.6851,2.9526
27.3884,0.6384,2.7477
27.3886,0.693,2.9812
27.3888,0.7301,3.1396
27.3890,0.7986,3.434
27.3892,0.8029,3.4494
27.3894,0.8112,3.4849
27.3896,0.7656,3.2953
27.3898,0.7086,3.0496
27.3900,0.6768,2.9115
27.3902,0.68,2.9268
27.3904,0.6502,2.8048
27.3906,0.5522,2.3822
27.3908,0.5462,2.3541
27.3910,0.5559,2.3949
27.3912,0.5659,2.44
27.3914,0.5577,2.4037
27.3916,0.5545,2.3887
27.3918,0.6026,2.5958
27.3920,0.6829,2.9324
27.3922,0.7968,3.4295
27.3924,0.5988,2.5834
27.3926,0.5391,2.3258
27.3928,0.5287,2.2787
27.3930,0.5197,2.242
27.3932,0.5226,2.2565
27.3934,0.5225,2.2539
27.3936,0.522,2.2497
27.3938,0.53,2.2865
27.3940,0.5235,2.2585
27.3942,0.5228,2.2533
27.3944,0.5228,2.2533
27.3946,0.5239,2.2601
27.3948,0.5285,2.2797
27.3950,0.5251,2.2642
27.3952,0.5265,2.2694
27.3954,0.5961,2.5655
27.3956,0.6642,2.856
27.3958,0.7026,3.0252
27.3960,0.6695,2.88
27.3962,0.633,2.7245
27.3964,0.6469,2.7818
27.3966,0.6804,2.9297
27.3968,0.6485,2.7924
27.3970,0.6528,2.8083
27.3972,0.742,3.1862
27.3974,0.7996,3.4302
27.3976,0.8472,3.6395
27.3978,0.7983,3.4341
27.3980,0.7285,3.1353
27.3982,0.6398,2.7552
27.3984,0.6564,2.8264
27.3986,0.6823,2.9366
27.3988,0.7027,3.0215
27.3990,0.7036,3.0214
27.3992,0.756,3.2495
27.3994,0.7437,3.1979
27.3996,0.7186,3.0959
27.3998,0.6383,2.7472
27.4000,0.6508,2.8048
27.4002,0.5833,2.5126
27.4004,0.5709,2.4606
27.4006,0.5686,2.4519
27.4008,0.5767,2.4842
27.4010,0.5836,2.513
27.4012,0.5585,2.4085
27.4014,0.5343,2.304
27.4016,0.4842,2.0889
27.4018,0.4798,2.0707
27.4020,0.5669,2.439
27.4022,0.568,2.4516
27.4024,0.4106,1.7737
27.4026,0.3912,1.6898
27.4028,0.3946,1.7048
27.4030,0.387,1.6709
27.4032,0.3862,1.6693
27.4034,0.3819,1.6507
27.4036,0.3836,1.6564
27.4038,0.3873,1.6709
27.4040,0.3927,1.6965
27.4042,0.3894,1.6812
27.4044,0.3842,1.6574
27.4046,0.4082,1.7617
27.4048,0.3913,1.6887
27.4050,0.3956,1.7082
27.4052,0.424,1.83
27.4054,0.469,2.0232
27.4056,0.439,1.8921
27.4058,0.5404,2.3271
27.4060,0.6416,2.7552
27.4062,0.7269,3.1199
27.4064,0.7309,3.1442
27.4066,0.6782,2.9164
27.4068,0.7528,3.2325
27.4070,0.808,3.4662
27.4072,0.827,3.5496
27.4074,0.8128,3.4884
27.4076,0.8604,3.691
27.4078,0.8323,3.5706
27.4080,0.8246,3.5393
27.4082,0.8638,3.7059
27.4084,0.8698,3.7281
27.4086,0.9306,3.9868
27.4088,0.9883,4.232
27.4090,0.9778,4.1848
27.4092,0.985,4.2176
27.4094,0.986,4.2301
27.4096,0.8786,3.7727
27.4098,0.8691,3.7285
27.4100,0.8351,3.5858
27.4102,0.8222,3.529
27.4104,0.8786,3.7692
27.4106,0.9615,4.1169
27.4108,0.9998,4.2792
27.4110,0.9904,4.2407
27.4112,1.0149,4.35
27.4114,0.9987,4.2846
27.4116,0.9276,3.9759
27.4118,0.9815,4.2066
27.4120,0.9939,4.2581
27.4122,0.9848,4.2171
27.4124,0.9832,4.2138
27.4126,0.9842,4.2165
27.4128,0.9858,4.2251
27.4130,0.9376,4.0241
27.4132,0.8656,3.7205
27.4134,0.8474,3.6405
27.4136,0.8531,3.6613
27.4138,0.8697,3.7276
27.4140,0.9213,3.9523
27.4142,0.9377,4.0247
27.4144,0.8915,3.8265
27.4146,0.8479,3.646
27.4148,0.7781,3.3505
27.4150,0.745,3.2021
27.4152,0.7775,3.3464
27.4154,0.692,2.9798
27.4156,0.6614,2.8468
27.4158,0.6899,2.9691
27.4160,0.7178,3.0894
27.4162,0.6926,2.981
27.4164,0.7255,3.1224
27.4166,0.7336,3.1575
27.4168,0.6863,2.9523
27.4170,0.6731,2.8942
27.4172,0.7059,3.0397
27.4174,0.6683,2.8762
27.4176,0.6566,2.8275
27.4178,0.6524,2.812
27.4180,0.6375,2.7487
27.4182,0.5966,2.57
27.4184,0.586,2.5257
27.4186,0.5934,2.5566
27.4188,0.5705,2.4625
27.4190,0.4849,2.0929
27.4192,0.4878,2.1053
27.4194,0.4861,2.0991
27.4196,0.4792,2.069
27.4198,0.5271,2.2719
27.4200,0.5506,2.3754
27.4202,0.4978,2.1473
27.4204,0.4864,2.1001
27.4206,0.4755,2.052
27.4208,0.5196,2.2394
27.4210,0.5307,2.2906
27.4212,0.5247,2.2627
27.4214,0.5114,2.2083
27.4216,0.4318,1.8662
27.4218,0.4374,1.888
27.4220,0.4882,2.102
27.4222,0.6277,2.7056
27.4224,0.5738,2.4753
27.4226,0.4978,2.1503
27.4228,0.4612,1.9895
27.4230,0.4546,1.9629
27.4232,0.4378,1.8913
27.4234,0.4272,1.8457
27.4236,0.4272,1.8431
27.4238,0.4419,1.9062
27.4240,0.4439,1.9177
27.4242,0.4302,1.8569
27.4244,0.4346,1.8747
27.4246,0.4319,1.8642
27.4248,0.4472,1.9299
27.4250,0.4457,1.9255
27.4252,0.4346,1.8764
27.4254,0.4296,1.8526
27.4256,0.4318,1.8637
27.4258,0.4558,1.9672
27.4260,0.4892,2.1076
27.4262,0.5342,2.3024
27.4264,0.5445,2.3458
27.4266,0.5763,2.4815
27.4268,0.655,2.8216
27.4270,0.6056,2.6063
27.4272,0.6562,2.8215
27.4274,0.6587,2.8323
27.4276,0.6436,2.7699
27.4278,0.6187,2.6618
27.4280,0.6364,2.7389
27.4282,0.5698,2.4536
27.4284,0.5764,2.4832
27.4286,0.5914,2.5454
27.4288,0.6652,2.8615
27.4290,0.6691,2.8772
27.4292,0.6497,2.7923
27.4294,0.6503,2.8001
27.4296,0.5699,2.4553
27.4298,0.5639,2.4295
27.4300,0.5583,2.4052
27.4302,0.5601,2.4129
27.4304,0.6096,2.6239
27.4306,0.6968,2.9977
27.4308,0.7011,3.0148
27.4310,0.7339,3.1512
27.4312,0.7318,3.1454
27.4314,0.7265,3.1198
27.4316,0.7524,3.2415
27.4318,0.5937,2.5576
27.4320,0.6089,2.622
27.4322,0.6064,2.6075
27.4324,0.6671,2.8737
27.4326,0.5654,2.4368
27.4328,0.5354,2.3087
27.4330,0.5189,2.2352
27.4332,0.5516,2.3763
27.4334,0.5873,2.5326
27.4336,0.5612,2.4153
27.4338,0.5693,2.4516
27.4340,0.5687,2.4501
27.4342,0.59,2.5428
27.4344,0.566,2.4394
27.4346,0.5638,2.4267
27.4348,0.5901,2.5409
27.4350,0.557,2.4029
27.4352,0.5012,2.1603
27.4354,0.5287,2.2787
27.4356,0.5051,2.1758
27.4358,0.5084,2.1933
27.4360,0.5138,2.2156
27.4362,0.5078,2.1867
27.4364,0.5047,2.1773
27.4366,0.4117,1.7784
27.4368,0.4084,1.7627
27.4370,0.4715,2.0321
27.4372,0.4565,1.9694
27.4374,0.4058,1.7497
27.4376,0.4513,1.9471
27.4378,0.4123,1.7793
27.4380,0.3995,1.7244
27.4382,0.3977,1.7159
27.4384,0.4141,1.7871
27.4386,0.3947,1.7037
27.4388,0.4566,1.9671
27.4390,0.55,2.3674
27.4392,0.5539,2.3839
27.4394,0.5572,2.3983
27.4396,0.6148,2.6448
27.4398,0.5892,2.5373
27.4400,0.58,2.4964
27.4402,0.6629,2.8503
27.4404,0.7011,3.0106
27.4406,0.7082,3.0424
27.4408,0.7348,3.1553
27.4410,0.7807,3.351
27.4412,0.7938,3.4039
27.4414,0.9769,4.1871
27.4416,0.9851,4.2161
27.4418,0.9973,4.2685
27.4420,0.9931,4.2545
27.4422,0.9796,4.1906
27.4424,1.0059,4.3034
27.4426,0.933,3.999
27.4428,0.9222,3.949
27.4430,0.9424,4.0391
27.4432,0.9067,3.8895
27.4434,0.9081,3.8993
27.4436,0.854,3.6637
27.4438,0.8414,3.6114
27.4440,0.804,3.4524
27.4442,0.8125,3.4857
27.4444,0.8492,3.6448
27.4446,0.8484,3.6412
27.4448,0.8324,3.5728
27.4450,0.8373,3.5889
27.4452,0.9221,3.9541
27.4454,0.8897,3.8206
27.4456,0.8046,3.4534
27.4458,0.8414,3.6097
27.4460,0.8689,3.7292
27.4462,0.8888,3.8129
27.4464,0.9255,3.9666
27.4466,0.9774,4.1852
27.4468,1.0116,4.3336
27.4470,0.9841,4.2179
27.4472,0.9573,4.1028
27.4474,0.9421,4.0362
27.4476,0.9481,4.0713
27.4478,0.8858,3.8089
27.4480,0.8018,3.4415
27.4482,0.8364,3.5914
27.4484,0.8653,3.719
27.4486,0.8423,3.6133
27.4488,0.8515,3.6563
27.4490,0.8407,3.61
27.4492,0.851,3.6577
27.4494,0.8417,3.6175
27.4496,0.8278,3.5527
27.4498,0.8394,3.6077
27.4500,0.8294,3.5649
27.4502,0.8252,3.5436
27.4504,0.8544,3.6687
27.4506,0.8321,3.5762
27.4508,0.7745,3.3335
27.4510,0.7283,3.1348
27.4512,0.6729,2.8964
27.4514,0.6723,2.8924
27.4516,0.6729,2.8964
27.4518,0.7264,3.1251
27.4520,0.6746,2.9049
27.4522,0.5895,2.5395
27.4524,0.6162,2.6559
27.4526,0.6297,2.7138
27.4528,0.6395,2.7575
27.4530,0.55,2.3729
27.4532,0.4962,2.1426
27.4534,0.4904,2.1148
27.4536,0.5318,2.2932
27.4538,0.5298,2.2854
27.4540,0.5232,2.2591
27.4542,0.5233,2.2575
27.4544,0.5265,2.2704
27.4546,0.5297,2.2839
27.4548,0.5318,2.2942
27.4550,0.5385,2.3189
27.4552,0.6123,2.6352
27.4554,0.6108,2.629
27.4556,0.6355,2.7404
27.4558,0.5565,2.4008
27.4560,0.5365,2.3133
27.4562,0.5336,2.302
27.4564,0.5344,2.3045
27.4566,0.5391,2.3236
27.4568,0.5384,2.3205
27.4570,0.5344,2.3045
27.4572,0.5326,2.2957
27.4574,0.5342,2.3035
27.4576,0.5641,2.4334
27.4578,0.5421,2.3376
27.4580,0.5285,2.2797
27.4582,0.5276,2.2761
27.4584,0.5667,2.4391
27.4586,0.5952,2.5643
27.4588,0.536,2.3113
27.4590,0.5261,2.2694
27.4592,0.533,2.2962
27.4594,0.5994,2.5824
27.4596,0.5474,2.3593
27.4598,0.529,2.2802
27.4600,0.5256,2.2663
27.4602,0.5225,2.2528
27.4604,0.5302,2.2854
27.4606,0.5388,2.321
27.4608,0.5323,2.2952
27.4610,0.5255,2.2668
27.4612,0.5215,2.2487
27.4614,0.5216,2.2461
27.4616,0.5822,2.5068
27.4618,0.6333,2.723
27.4620,0.692,2.9743
27.4622,0.6541,2.8127
27.4624,0.6515,2.8001
27.4626,0.706,3.0388
27.4628,0.6602,2.8416
27.4630,0.6452,2.7771
27.4632,0.648,2.7877
27.4634,0.6636,2.8521
27.4636,0.7859,3.3699
27.4638,0.8815,3.778
27.4640,0.896,3.8366
27.4642,0.8773,3.774
27.4644,0.7486,3.222
27.4646,0.6729,2.895
27.4648,0.6798,2.9244
27.4650,0.6608,2.8442
27.4652,0.6939,2.9839
27.4654,0.73,3.1362
27.4656,0.7114,3.0592
27.4658,0.6978,3.0004
27.4660,0.7258,3.1211
27.4662,0.7833,3.3665
27.4664,0.7732,3.3216
27.4666,0.7929,3.4014
27.4668,0.8608,3.6948
27.4670,0.8149,3.5009
27.4672,0.769,3.3067
27.4674,0.7401,3.1854
27.4676,0.6817,2.9327
27.4678,0.7447,3.202
27.4680,0.6556,2.8228
27.4682,0.605,2.6037
27.4684,0.6691,2.8798
27.4686,0.6138,2.6419
27.4688,0.5888,2.5352
27.4690,0.5874,2.5307
27.4692,0.5946,2.5641
27.4694,0.575,2.477
27.4696,0.56,2.4124
27.4698,0.5726,2.4655
27.4700,0.6328,2.7247
27.4702,0.6372,2.7464
27.4704,0.5142,2.2192
27.4706,0.4408,1.9016
27.4708,0.4938,2.1292
27.4710,0.5186,2.2373
27.4712,0.5237,2.258
27.4714,0.5172,2.2332
27.4716,0.4265,1.84
27.4718,0.4986,2.1469
27.4720,0.5737,2.4736
27.4722,0.5223,2.2502
27.4724,0.5588,2.4073
27.4726,0.6117,2.6277
27.4728,0.7173,3.083
27.4730,0.7327,3.1519
27.4732,0.6931,2.9817
27.4734,0.7034,3.0218
27.4736,0.7328,3.1495
27.4738,0.7155,3.0738
27.4740,0.7571,3.2511
27.4742,0.8004,3.4354
27.4744,0.8329,3.5732
27.4746,0.9471,4.061
27.4748,0.9142,3.9201
27.4750,0.939,4.0284
27.4752,0.9196,3.9377
27.4754,0.9591,4.1086
27.4756,0.9716,4.1703
27.4758,0.9279,3.975
27.4760,0.9209,3.9471
27.4762,0.9281,3.9835
27.4764,0.8859,3.7988
27.4766,0.883,3.7829
27.4768,0.9611,4.1192
27.4770,0.9196,3.9543
27.4772,0.8389,3.6006
27.4774,0.9016,3.8643
27.4776,0.9358,4.0071
27.4778,0.9558,4.1043
27.4780,0.8745,3.7569
27.4782,0.8818,3.7795
27.4784,0.8685,3.7346
27.4786,0.7414,3.194
27.4788,0.6685,2.8759
27.4790,0.6981,3.0019
27.4792,0.7402,3.1814
27.4794,0.7864,3.3799
27.4796,0.8245,3.5405
27.4798,0.8084,3.4682
27.4800,0.8985,3.8564
27.4802,0.902,3.8749
27.4804,0.86,3.6929
27.4806,0.8161,3.5077
27.4808,0.7847,3.3774
27.4810,0.7306,3.1446
27.4812,0.7154,3.0733
27.4814,0.7319,3.1503
27.4816,0.7136,3.0685
27.4818,0.7888,3.3902
27.4820,0.7454,3.2096
27.4822,0.6976,3.0013
27.4824,0.7423,3.1917
27.4826,0.7442,3.2044
27.4828,0.633,2.7283
27.4830,0.5975,2.5705
27.4832,0.6854,2.9459
27.4834,0.7798,3.3531
27.4836,0.7304,3.1436
27.4838,0.715,3.0789
27.4840,0.693,2.9881
27.4842,0.554,2.3888
27.4844,0.5065,2.1871
27.4846,0.4996,2.1551
27.4848,0.5037,2.1691
27.4850,0.6334,2.7298
27.4852,0.6414,2.7632
27.4854,0.6028,2.5993
27.4856,0.5564,2.398
27.4858,0.5407,2.3357
27.4860,0.4895,2.1136
27.4862,0.5165,2.2239
27.4864,0.6021,2.5913
27.4866,0.6207,2.6738
27.4868,0.621,2.6754
27.4870,0.6123,2.6389
27.4872,0.5765,2.486
27.4874,0.5642,2.4305
27.4876,0.5951,2.5626
27.4878,0.6388,2.7493
27.4880,0.6524,2.8081
27.4882,0.6436,2.7699
27.4884,0.6474,2.7851
27.4886,0.6458,2.7849
27.4888,0.5637,2.4307
27.4890,0.5845,2.5155
27.4892,0.6321,2.7229
27.4894,0.6068,2.6103
27.4896,0.664,2.8563
27.4898,0.6321,2.7229
27.4900,0.6523,2.8115
27.4902,0.5382,2.3216
27.4904,0.4739,2.0472
27.4906,0.4582,1.9784
27.4908,0.4519,1.9506
27.4910,0.4479,1.933
27.4912,0.4476,1.9329
27.4914,0.4515,1.9485
27.4916,0.4488,1.9371
27.4918,0.4498,1.9431
27.4920,0.4625,1.9943
27.4922,0.5096,2.1995
27.4924,0.4992,2.1525
27.4926,0.4894,2.1111
27.4928,0.4569,1.97
27.4930,0.4609,1.9894
27.4932,0.4611,1.9881
27.4934,0.4642,2.0025
27.4936,0.4575,1.9744
27.4938,0.4529,1.9556
27.4940,0.4434,1.913
27.4942,0.4452,1.9189
27.4944,0.5169,2.229
27.4946,0.5504,2.37
27.4948,0.5547,2.3886
27.4950,0.5546,2.3903
27.4952,0.5691,2.4505
27.4954,0.5606,2.415
27.4956,0.5512,2.3747
27.4958,0.5551,2.3924
27.4960,0.5539,2.3861
27.4962,0.5631,2.4259
27.4964,0.5846,2.5137
27.4966,0.6757,2.9028
27.4968,0.7475,3.2084
27.4970,0.8256,3.5451
27.4972,0.7954,3.4249
27.4974,0.6508,2.8009
27.4976,0.5843,2.5185
27.4978,0.5702,2.4575
27.4980,0.5793,2.4933
27.4982,0.5916,2.5441
27.4984,0.6732,2.896
27.4986,0.7038,3.0276
27.4988,0.6339,2.7294
27.4990,0.5801,2.4992
27.4992,0.5988,2.5798
27.4994,0.5667,2.4391
27.4996,0.5617,2.4197
27.4998,0.5644,2.4304
27.5000,0.5992,2.579
27.5002,0.6042,2.6043
27.5004,0.5732,2.4693
27.5006,0.5575,2.4027
27.5008,0.5687,2.4501
27.5010,0.6125,2.6375
27.5012,0.4918,2.1224
27.5014,0.4394,1.8954
27.5016,0.4801,2.0713
27.5018,0.4046,1.7462
27.5020,0.391,1.6885
27.5022,0.4275,1.845
27.5024,0.4256,1.835
27.5026,0.4737,2.0433
27.5028,0.4114,1.7765
27.5030,0.3998,1.7263
27.5032,0.4016,1.7332
27.5034,0.3992,1.7221
27.5036,0.4244,1.8316
27.5038,0.3919,1.6929
27.5040,0.3837,1.6577
27.5042,0.4248,1.8319
27.5044,0.4457,1.9237
27.5046,0.4108,1.7698
27.5048,0.5271,2.2698
27.5050,0.5143,2.2156
27.5052,0.5132,2.2089
27.5054,0.5803,2.4962
27.5056,0.6482,2.7874
27.5058,0.7074,3.0402
27.5060,0.6824,2.933
27.5062,0.6901,2.9633
27.5064,0.7712,3.3098
27.5066,0.7938,3.4023
27.5068,0.839,3.5944
27.5070,0.8884,3.8096
27.5072,0.8824,3.7874
27.5074,0.8602,3.6887
27.5076,0.8746,3.7469
27.5078,0.9073,3.8885
27.5080,0.8766,3.7604
27.5082,0.8532,3.6584
27.5084,0.8523,3.6548
27.5086,0.8408,3.6088
27.5088,0.8598,3.6901
27.5090,0.8614,3.6939
27.5092,0.8407,3.6083
27.5094,0.859,3.6836
27.5096,0.8738,3.7468
27.5098,0.9239,3.9581
27.5100,0.9943,4.2536
27.5102,1.0169,4.3542
27.5104,1.0052,4.3064
27.5106,1.0044,4.2988
27.5108,0.9763,4.1904
27.5110,0.881,3.7812
27.5112,0.851,3.6457
27.5114,0.8881,3.8134
27.5116,0.8249,3.5404
27.5118,0.8322,3.5751
27.5120,0.8135,3.4947
27.5122,0.8186,3.5136
27.5124,0.872,3.7409
27.5126,0.9178,3.9374
27.5128,0.8875,3.8019
27.5130,0.9046,3.8826
27.5132,0.889,3.8139
27.5134,0.879,3.7725
27.5136,0.8605,3.6967
27.5138,0.83,3.5592
27.5140,0.8792,3.777
27.5142,0.7851,3.3758
27.5144,0.7602,3.266
27.5146,0.7843,3.3727
27.5148,0.8004,3.4418
27.5150,0.7762,3.3345
27.5152,0.821,3.5222
27.5154,0.8718,3.7451
27.5156,0.7686,3.3082
27.5158,0.671,2.8854
27.5160,0.6855,2.9505
27.5162,0.7012,3.0153
27.5164,0.6849,2.948
27.5166,0.668,2.8752
27.5168,0.7192,3.0956
27.5170,0.6776,2.9151
27.5172,0.6944,2.986
27.5174,0.7424,3.1981
27.5176,0.6227,2.6814
27.5178,0.6213,2.6739
27.5180,0.68,2.9254
27.5182,0.7231,3.1135
27.5184,0.6691,2.8785
27.5186,0.6777,2.9156
27.5188,0.6641,2.8595
27.5190,0.6455,2.782
27.5192,0.593,2.5545
27.5194,0.5795,2.4943
27.5196,0.6636,2.8588
27.5198,0.6005,2.587
27.5200,0.5785,2.4943
27.5202,0.5845,2.519
27.5204,0.5711,2.4593
27.5206,0.5779,2.4894
27.5208,0.6124,2.6382
27.5210,0.6276,2.7038
27.5212,0.5716,2.4557
27.5214,0.715,3.0804
27.5216,0.6118,2.6417
27.5218,0.506,2.182
27.5220,0.5342,2.3035
27.5222,0.5353,2.3092
27.5224,0.5293,2.2823
27.5226,0.5246,2.2579
27.5228,0.6113,2.6347
27.5230,0.5466,2.3568
27.5232,0.5463,2.3568
27.5234,0.54,2.3272
27.5236,0.5322,2.2947
27.5238,0.5302,2.2875
27.5240,0.534,2.2993
27.5242,0.535,2.3071
27.5244,0.5692,2.4488
27.5246,0.6641,2.8608
27.5248,0.5534,2.3873
27.5250,0.5518,2.3773
27.5252,0.6155,2.6479
27.5254,0.6958,2.9908
27.5256,0.713,3.0659
27.5258,0.6652,2.8628
27.5260,0.6658,2.8641
27.5262,0.6634,2.8551
27.5264,0.6944,2.9873
27.5266,0.7023,3.02
27.5268,0.6487,2.7934
27.5270,0.6143,2.6452
27.5272,0.6502,2.7944
27.5274,0.7871,3.3782
27.5276,0.8172,3.5073
27.5278,0.821,3.5271
27.5280,0.8102,3.4824
27.5282,0.7532,3.234
27.5284,0.7756,3.3303
27.5286,0.8008,3.4384
27.5288,0.8181,3.5147
27.5290,0.8201,3.5181
27.5292,0.8448,3.6291
27.5294,0.8105,3.485
27.5296,0.7542,3.2417
27.5298,0.7338,3.1526
27.5300,0.7494,3.2226
27.5302,0.7415,3.1915
27.5304,0.6614,2.8481
27.5306,0.6232,2.6821
27.5308,0.629,2.7049
27.5310,0.7637,3.2824
27.5312,0.7464,3.2142
27.5314,0.6274,2.7014
27.5316,0.6189,2.6648
27.5318,0.6144,2.6444
27.5320,0.616,2.6524
27.5322,0.6067,2.6138
27.5324,0.6203,2.6685
27.5326,0.7246,3.1144
27.5328,0.7569,3.2545
27.5330,0.7243,3.1172
27.5332,0.6852,2.9503
27.5334,0.6301,2.7121
27.5336,0.6215,2.6724
27.5338,0.6885,2.9648
27.5340,0.6705,2.89
27.5342,0.5942,2.5584
27.5344,0.6045,2.6052
27.5346,0.6268,2.6989
27.5348,0.5926,2.5541
27.5350,0.5196,2.2404
27.5352,0.5125,2.2099
27.5354,0.5322,2.2989
27.5356,0.4301,1.8581
27.5358,0.3989,1.7242
27.5360,0.3961,1.7118
27.5362,0.3927,1.6957
27.5364,0.3915,1.6905
27.5366,0.3963,1.712
27.5368,0.3963,1.7112
27.5370,0.3992,1.7229
27.5372,0.3957,1.7086
27.5374,0.4329,1.8665
27.5376,0.5516,2.3762
27.5378,0.5594,2.4098
27.5380,0.4963,2.1411
27.5382,0.4999,2.1556
27.5384,0.5465,2.3534
27.5386,0.5842,2.5132
27.5388,0.6274,2.7027
27.5390,0.5828,2.5094
27.5392,0.6266,2.6921
27.5394,0.7332,3.1486
27.5396,0.7615,3.2731
27.5398,0.7364,3.1634
27.5400,0.7745,3.3241
27.5402,0.8047,3.449
27.5404,0.9038,3.8735
27.5406,0.9494,4.0693
27.5408,0.9642,4.1306
27.5410,0.9819,4.2066
27.5412,0.9677,4.1436
27.5414,0.9641,4.1301
27.5416,0.9755,4.1789
27.5418,0.9458,4.0558
27.5420,0.9292,3.9787
27.5422,0.9841,4.2178
27.5424,0.9786,4.202
27.5426,0.9275,3.9771
27.5428,0.925,3.9645
27.5430,0.9502,4.0743
27.5432,0.8988,3.856
27.5434,0.8691,3.7285
27.5436,0.9287,3.9804
27.5438,0.9643,4.135
27.5440,0.924,3.9622
27.5442,0.9309,3.9897
27.5444,0.9812,4.2094
27.5446,0.9413,4.0381
27.5448,0.9003,3.8658
27.5450,0.8312,3.5676
27.5452,0.8467,3.6373
27.5454,0.8775,3.7715
27.5456,0.8228,3.5365
27.5458,0.801,3.4411
27.5460,0.8177,3.511
27.5462,0.857,3.6765
27.5464,0.9057,3.8835
27.5466,0.9041,3.8823
27.5468,0.8551,3.67
27.5470,0.8926,3.8329
27.5472,0.8593,3.6949
27.5474,0.8451,3.6323
27.5476,0.8221,3.5367
27.5478,0.7775,3.3386
27.5480,0.8002,3.4359
27.5482,0.8187,3.5173
27.5484,0.8293,3.5626
27.5486,0.8376,3.6015
27.5488,0.786,3.3751
27.5490,0.8035,3.4519
27.5492,0.8166,3.5064
27.5494,0.8608,3.6964
27.5496,0.8523,3.6598
27.5498,0.7984,3.4329
27.5500,0.7623,3.2823
27.5502,0.7633,3.287
27.5504,0.7346,3.1674
27.5506,0.6174,2.6611
27.5508,0.589,2.5374
27.5510,0.6147,2.6455
27.5512,0.6559,2.8283
27.5514,0.5679,2.4522
27.5516,0.5024,2.1664
27.5518,0.5023,2.1679
27.5520,0.5244,2.2673
27.5522,0.4272,1.8465
27.5524,0.4113,1.7768
27.5526,0.4103,1.7726
27.5528,0.4381,1.8919
27.5530,0.5311,2.2911
27.5532,0.5208,2.2508
27.5534,0.4627,1.9981
27.5536,0.4642,2.0043
27.5538,0.4623,1.9978
27.5540,0.4609,1.9903
27.5542,0.5365,2.3111
27.5544,0.5687,2.4546
27.5546,0.4752,2.0519
27.5548,0.4615,1.992
27.5550,0.4474,1.9309
27.5552,0.4456,1.9258
27.5554,0.4501,1.9446
27.5556,0.451,1.9464
27.5558,0.4517,1.9495
27.5560,0.4463,1.9262
27.5562,0.4474,1.9318
27.5564,0.4463,1.9271
27.5566,0.4483,1.9341
27.5568,0.4481,1.9349
27.5570,0.4488,1.938
27.5572,0.4452,1.9216
27.5574,0.4489,1.9367
27.5576,0.4486,1.937
27.5578,0.4457,1.9237
27.5580,0.447,1.9285
27.5582,0.4444,1.9162
27.5584,0.4473,1.9304
27.5586,0.4485,1.9365
27.5588,0.4476,1.9328
27.5590,0.4451,1.922
27.5592,0.4432,1.9119
27.5594,0.4524,1.949
27.5596,0.5088,2.1918
27.5598,0.5034,2.1716
27.5600,0.5113,2.2027
27.5602,0.5506,2.3732
27.5604,0.5463,2.3546
27.5606,0.5638,2.4267
27.5608,0.6124,2.6393
27.5610,0.5579,2.4036
27.5612,0.5511,2.3742
27.5614,0.5524,2.3798
27.5616,0.5505,2.3727
27.5618,0.5565,2.3974
27.5620,0.573,2.4652
27.5622,0.6792,2.9163
27.5624,0.7455,3.2056
27.5626,0.7639,3.2834
27.5628,0.7448,3.2025
27.5630,0.7385,3.1727
27.5632,0.7095,3.0494
27.5634,0.6365,2.7369
27.5636,0.628,2.7015
27.5638,0.6509,2.8013
27.5640,0.6717,2.8844
27.5642,0.7168,3.0881
27.5644,0.6041,2.6025
27.5646,0.5993,2.5818
27.5648,0.5859,2.5216
27.5650,0.5639,2.4283
27.5652,0.5605,2.4144
27.5654,0.5867,2.5276
27.5656,0.6168,2.6535
27.5658,0.6768,2.9088
27.5660,0.6936,2.9837
27.5662,0.7051,3.0318
27.5664,0.6741,2.8988
27.5666,0.6566,2.8222
27.5668,0.6729,2.8976
27.5670,0.6161,2.6541
27.5672,0.6378,2.7438
27.5674,0.7137,3.0703
27.5676,0.6368,2.7448
27.5678,0.5546,2.3914
27.5680,0.5379,2.3173
27.5682,0.5443,2.3447
27.5684,0.5669,2.4457
27.5686,0.4784,2.064
27.5688,0.5069,2.1846
27.5690,0.5365,2.3144
27.5692,0.5262,2.2678
27.5694,0.4866,2.1001
27.5696,0.4268,1.841
27.5698,0.4434,1.9112
27.5700,0.4511,1.9451
27.5702,0.4552,1.9645
27.5704,0.448,1.9308
27.5706,0.5294,2.2838
27.5708,0.5145,2.2187
27.5710,0.4915,2.1194
27.5712,0.4868,2.0982
27.5714,0.5124,2.2083
27.5716,0.5535,2.3845
27.5718,0.5825,2.5048
27.5720,0.618,2.6599
27.5722,0.578,2.4864
27.5724,0.6358,2.7338
27.5726,0.7169,3.08
27.5728,0.7504,3.2207
27.5730,0.8338,3.5755
27.5732,0.8758,3.7555
27.5734,0.8668,3.7187
27.5736,0.9196,3.9413
27.5738,0.9691,4.1497
27.5740,0.9854,4.2176
27.5742,0.9923,4.2488
27.5744,0.9974,4.2669
27.5746,0.9576,4.1004
27.5748,0.9948,4.2616
27.5750,0.9307,3.9854
27.5752,0.9644,4.1297
27.5754,1.001,4.2923
27.5756,0.9132,3.9214
27.5758,0.8202,3.5202
27.5760,0.8243,3.5361
27.5762,0.8466,3.6334
27.5764,0.8219,3.5291
27.5766,0.7986,3.4276
27.5768,0.8669,3.7192
27.5770,0.8569,3.6777
27.5772,0.854,3.6636
27.5774,0.892,3.8267
27.5776,0.8556,3.6703
27.5778,0.8256,3.5467
27.5780,0.7504,3.2267
27.5782,0.7684,3.301
27.5784,0.8015,3.4383
27.5786,0.8476,3.6432
27.5788,0.8076,3.4662
27.5790,0.8624,3.6996
27.5792,0.8499,3.6478
27.5794,0.837,3.5939
27.5796,0.8241,3.5405
27.5798,0.8317,3.5729
27.5800,0.8193,3.5199
27.5802,0.7843,3.371
27.5804,0.7655,3.2886
27.5806,0.8279,3.5548
27.5808,0.8534,3.6645
27.5810,0.8078,3.4737
27.5812,0.7761,3.3324
27.5814,0.7476,3.2193
27.5816,0.6748,2.9059
27.5818,0.694,2.9816
27.5820,0.7599,3.2674
27.5822,0.7665,3.2958
27.5824,0.7832,3.368
27.5826,0.7225,3.108
27.5828,0.6726,2.8961
27.5830,0.6743,2.9033
27.5832,0.7149,3.0798
27.5834,0.6198,2.6689
27.5836,0.6506,2.8016
27.5838,0.7213,3.1
27.5840,0.7265,3.1313
27.5842,0.5963,2.5713
27.5844,0.5904,2.5424
27.5846,0.622,2.6794
27.5848,0.6486,2.7954
27.5850,0.6642,2.86
27.5852,0.6492,2.7941
27.5854,0.6563,2.8219
27.5856,0.7064,3.0375
27.5858,0.7107,3.056
27.5860,0.7645,3.2875
27.5862,0.7129,3.0682
27.5864,0.6513,2.806
27.5866,0.6288,2.7101
27.5868,0.6454,2.7763
27.5870,0.6907,2.9713
27.5872,0.6781,2.9171
27.5874,0.7548,3.2443
27.5876,0.7855,3.3762
27.5878,0.782,3.3659
27.5880,0.6695,2.8854
27.5882,0.5643,2.4344
27.5884,0.5419,2.3365
27.5886,0.56,2.4113
27.5888,0.6155,2.6516
27.5890,0.6144,2.6432
27.5892,0.6614,2.8468
27.5894,0.5925,2.5547
27.5896,0.542,2.3371
27.5898,0.5566,2.4001
27.5900,0.5932,2.5567
27.5902,0.5619,2.4218
27.5904,0.5756,2.4784
27.5906,0.6331,2.7288
27.5908,0.5613,2.4158
27.5910,0.5813,2.5067
27.5912,0.5525,2.3837
27.5914,0.5501,2.3722
27.5916,0.5379,2.3195
27.5918,0.526,2.2672
27.5920,0.5221,2.2491
27.5922,0.5271,2.2729
27.5924,0.5264,2.2698
27.5926,0.5251,2.2642
27.5928,0.5257,2.2678
27.5930,0.5412,2.3324
27.5932,0.6168,2.6535
27.5934,0.6433,2.7675
27.5936,0.6733,2.8952
27.5938,0.7177,3.0874
27.5940,0.6565,2.8243
27.5942,0.6528,2.8109
27.5944,0.6593,2.8388
27.5946,0.6558,2.8212
27.5948,0.7209,3.097
27.5950,0.7512,3.2288
27.5952,0.7096,3.0514
27.5954,0.682,2.9382
27.5956,0.6147,2.6467
27.5958,0.6162,2.6485
27.5960,0.6836,2.9409
27.5962,0.7131,3.0678
27.5964,0.7251,3.1194
27.5966,0.7118,3.0607
27.5968,0.6891,2.9618
27.5970,0.7222,3.0997
27.5972,0.7938,3.4133
27.5974,0.7292,3.1325
27.5976,0.7238,3.1151
27.5978,0.6719,2.893
27.5980,0.6469,2.7843
27.5982,0.6455,2.7781
27.5984,0.6722,2.8905
27.5986,0.7051,3.0374
27.5988,0.6722,2.8919
27.5990,0.6414,2.7631
27.5992,0.5942,2.5584
27.5994,0.6156,2.6521
27.5996,0.6113,2.6335
27.5998,0.618,2.6649
27.6000,0.5443,2.3458
27.6002,0.4994,2.1555
27.6004,0.4583,1.978
27.6006,0.4475,1.9341
27.6008,0.3806,1.6434
27.6010,0.4286,1.8496
27.6012,0.4398,1.9001
27.6014,0.4158,1.7973
27.6016,0.3775,1.6314
27.6018,0.3738,1.6139
27.6020,0.371,1.6027
27.6022,0.3792,1.6379
27.6024,0.3843,1.6595
27.6026,0.3753,1.6214
27.6028,0.3714,1.6035
27.6030,0.3727,1.61
27.6032,0.4221,1.8234
27.6034,0.4179,1.8019
27.6036,0.523,2.2512
27.6038,0.5377,2.3152
27.6040,0.545,2.3478
27.6042,0.6015,2.5911
27.6044,0.5421,2.3343
27.6046,0.5819,2.5058
27.6048,0.5998,2.5815
27.6050,0.6138,2.6431
27.6052,0.6228,2.6818
27.6054,0.5914,2.5442
27.6056,0.5914,2.5465
27.6058,0.612,2.6317
27.6060,0.6744,2.8957
27.6062,0.7916,3.3961
27.6064,0.8125,3.4873
27.6066,0.8482,3.6373
27.6068,0.8623,3.6974
27.6070,0.8677,3.7223
27.6072,0.8542,3.6613
27.6074,0.8896,3.8129
27.6076,0.8944,3.8388
27.6078,0.8735,3.7492
27.6080,0.8568,3.672
27.6082,0.8633,3.702
27.6084,0.8639,3.7012
27.6086,0.9672,4.1434
27.6088,0.995,4.2606
27.6090,0.9831,4.2078
27.6092,1.0204,4.3756
27.6094,0.9734,4.1721
27.6096,0.9733,4.1677
27.6098,1.0138,4.3494
27.6100,0.9457,4.0553
27.6102,0.9771,4.1861
27.6104,0.9927,4.2529
27.6106,0.9504,4.0753
27.6108,0.9517,4.0829
27.6110,0.9388,4.0217
27.6112,0.9353,4.0143
27.6114,0.8734,3.7505
27.6116,0.9044,3.8725
27.6118,0.9626,4.1278
27.6120,0.9379,4.0275
27.6122,0.8504,3.655
27.6124,0.8529,3.6573
27.6126,0.8964,3.8511
27.6128,0.8337,3.5867
27.6130,0.7396,3.1759
27.6132,0.8038,3.4529
27.6134,0.7651,3.2916
27.6136,0.7227,3.1105
27.6138,0.6901,2.9701
27.6140,0.7502,3.2242
27.6142,0.8126,3.4943
27.6144,0.724,3.1147
27.6146,0.7361,3.1639
27.6148,0.8017,3.4506
27.6150,0.6924,2.9799
27.6152,0.5873,2.5313
27.6154,0.5624,2.4261
27.6156,0.5752,2.478
27.6158,0.6515,2.8065
27.6160,0.6066,2.6133
27.6162,0.5835,2.5171
27.6164,0.4979,2.1488
27.6166,0.5203,2.2424
27.6168,0.5855,2.5201
27.6170,0.6343,2.7339
27.6172,0.534,2.3056
27.6174,0.4955,2.1404
27.6176,0.4901,2.1142
27.6178,0.5165,2.2249
27.6180,0.5744,2.4744
27.6182,0.582,2.5098
27.6184,0.541,2.334
27.6186,0.4901,2.1171
27.6188,0.469,2.025
27.6190,0.4943,2.1323
27.6192,0.4973,2.1482
27.6194,0.4908,2.1163
27.6196,0.5412,2.3345
27.6198,0.5151,2.2233
27.6200,0.5066,2.1845
27.6202,0.5033,2.1691
27.6204,0.5349,2.3066
27.6206,0.5245,2.2637
27.6208,0.5015,2.1623
27.6210,0.5218,2.2481
27.6212,0.5768,2.487
27.6214,0.5094,2.1995
27.6216,0.4216,1.8222
27.6218,0.3935,1.6977
27.6220,0.4493,1.9383
27.6222,0.4546,1.9638
27.6224,0.4366,1.8861
27.6226,0.436,1.8817
27.6228,0.4349,1.8779
27.6230,0.4474,1.9318
27.6232,0.4895,2.1116
27.6234,0.4512,1.9466
27.6236,0.4477,1.9307
27.6238,0.4621,1.9927
27.6240,0.5083,2.1867
27.6242,0.6527,2.8091
27.6244,0.5686,2.4507
27.6246,0.5648,2.4342
27.6248,0.5844,2.5143
27.6250,0.6166,2.6525
27.6252,0.6161,2.6504
27.6254,0.6395,2.7523
27.6256,0.6024,2.5965
27.6258,0.5457,2.3531
27.6260,0.5794,2.4937
27.6262,0.619,2.6653
27.6264,0.5897,2.5429
27.6266,0.5579,2.4014
27.6268,0.6051,2.603
27.6270,0.6007,2.5832
27.6272,0.6523,2.8075
27.6274,0.66,2.8406
27.6276,0.7064,3.0346
27.6278,0.7458,3.2041
27.6280,0.743,3.1932
27.6282,0.7283,3.1318
27.6284,0.7259,3.1186
27.6286,0.736,3.1604
27.6288,0.7771,3.337
27.6290,0.8143,3.4917
27.6292,0.8565,3.6744
27.6294,0.8185,3.513
27.6296,0.813,3.4893
27.6298,0.7835,3.3753
27.6300,0.6093,2.621
27.6302,0.6307,2.7159
27.6304,0.6184,2.6664
27.6306,0.5426,2.3364
27.6308,0.534,2.3014
27.6310,0.5336,2.3019
27.6312,0.5289,2.2786
27.6314,0.5294,2.2817
27.6316,0.5226,2.2523
27.6318,0.5137,2.214
27.6320,0.5641,2.4277
27.6322,0.53,2.2875
27.6324,0.4591,1.9816
27.6326,0.4368,1.8845
27.6328,0.4871,2.0964
27.6330,0.5392,2.3252
27.6332,0.5114,2.2032
27.6334,0.5654,2.4322
27.6336,0.5626,2.4237
27.6338,0.5364,2.3095
27.6340,0.603,2.5966
27.6342,0.6434,2.7732
27.6344,0.5865,2.5265
27.6346,0.5367,2.3132
27.6348,0.5674,2.4444
27.6350,0.5671,2.4406
27.6352,0.5571,2.4022
27.6354,0.4132,1.7851
27.6356,0.3868,1.6719
27.6358,0.3903,1.6853
27.6360,0.3926,1.6944
27.6362,0.4186,1.8033
27.6364,0.522,2.2486
27.6366,0.5378,2.3179
27.6368,0.4915,2.1184
27.6370,0.4842,2.0859
27.6372,0.4871,2.0993
27.6374,0.4854,2.093
27.6376,0.5051,2.1768
27.6378,0.5398,2.3234
27.6380,0.6007,2.5832
27.6382,0.5981,2.5755
27.6384,0.5777,2.4865
27.6386,0.627,2.6899
27.6388,0.7493,3.2146
27.6390,0.7431,3.1908
27.6392,0.7114,3.0534
27.6394,0.7781,3.3411
27.6396,0.7868,3.3787
27.6398,0.795,3.4074
27.6400,0.848,3.6345
27.6402,0.9258,3.9625
27.6404,0.9493,4.0688
27.6406,0.9231,3.9562
27.6408,0.9534,4.0863
27.6410,0.9333,3.9981
27.6412,0.9171,3.9361
27.6414,0.8626,3.6972
27.6416,0.9193,3.9403
27.6418,0.8939,3.8314
27.6420,0.8884,3.8059
27.6422,0.9223,3.955
27.6424,0.9141,3.9159
27.6426,0.9792,4.1968
27.6428,0.9032,3.8764
27.6430,0.8446,3.6218
27.6432,0.8787,3.7714
27.6434,0.8679,3.7216
27.6436,0.8846,3.7966
27.6438,0.8596,3.6913
27.6440,0.8568,3.6738
27.6442,0.8861,3.805
27.6444,0.8374,3.5943
27.6446,0.8731,3.7454
27.6448,0.9005,3.8614
27.6450,0.895,3.836
27.6452,0.9382,4.0229
27.6454,0.9534,4.0901
27.6456,0.9468,4.058
27.6458,0.9442,4.0505
27.6460,0.8888,3.8146
27.6462,0.8732,3.7477
27.6464,0.865,3.7127
27.6466,0.8235,3.5363
27.6468,0.8228,3.5315
27.6470,0.8178,3.5148
27.6472,0.7906,3.3963
27.6474,0.8071,3.4657
27.6476,0.8155,3.5067
27.6478,0.7987,3.4329
27.6480,0.8009,3.4374
27.6482,0.8217,3.5318
27.6484,0.7854,3.3773
27.6486,0.756,3.2509
27.6488,0.7599,3.2689
27.6490,0.7561,3.2545
27.6492,0.6789,2.9207
27.6494,0.7043,3.0329
27.6496,0.6177,2.6621
27.6498,0.6479,2.7845
27.6500,0.6732,2.8987
27.6502,0.625,2.6911
27.6504,0.6324,2.7244
27.6506,0.6506,2.799
27.6508,0.6988,3.0092
27.6510,0.6918,2.9773
27.6512,0.654,2.8148
27.6514,0.6638,2.8611
27.6516,0.5957,2.5687
27.6518,0.6106,2.6292
27.6520,0.6507,2.8047
27.6522,0.6093,2.6271
27.6524,0.583,2.5139
27.6526,0.5615,2.4202
27.6528,0.5625,2.4244
27.6530,0.584,2.5145
27.6532,0.5681,2.4486
27.6534,0.6377,2.7471
27.6536,0.65,2.8029
27.6538,0.5459,2.3541
27.6540,0.504,2.1772
27.6542,0.4963,2.1421
27.6544,0.494,2.1293
27.6546,0.5445,2.3479
27.6548,0.5437,2.3454
27.6550,0.5403,2.332
27.6552,0.5674,2.4478
27.6554,0.5456,2.3548
27.6556,0.5262,2.2688
27.6558,0.5239,2.2569
27.6560,0.5238,2.2574
27.6562,0.5218,2.2502
27.6564,0.5268,2.2725
27.6566,0.542,2.3338
27.6568,0.6108,2.6314
27.6570,0.5449,2.3506
27.6572,0.5295,2.2843
27.6574,0.5286,2.2781
27.6576,0.5271,2.2729
27.6578,0.5343,2.304
27.6580,0.5313,2.291
27.6582,0.528,2.2755
27.6584,0.5283,2.276
27.6586,0.5284,2.2776
27.6588,0.539,2.3241
27.6590,0.537,2.3143
27.6592,0.5611,2.4148
27.6594,0.6437,2.7704
27.6596,0.6601,2.8411
27.6598,0.6412,2.757
27.6600,0.6795,2.9206
27.6602,0.7103,3.0559
27.6604,0.7199,3.0972
27.6606,0.7126,3.0614
27.6608,0.7295,3.1384
27.6610,0.7462,3.2057
27.6612,0.7859,3.3793
27.6614,0.7282,3.1298
27.6616,0.7167,3.0818
27.6618,0.6615,2.8499
27.6620,0.6199,2.6694
27.6622,0.6361,2.7315
27.6624,0.7362,3.1658
27.6626,0.7237,3.1103
27.6628,0.7473,3.2073
27.6630,0.8177,3.511
27.6632,0.742,3.1906
27.6634,0.7681,3.2999
27.6636,0.7454,3.211
27.6638,0.6535,2.814
27.6640,0.6588,2.8328
27.6642,0.7319,3.1458
27.6644,0.7281,3.1308
27.6646,0.7312,3.1427
27.6648,0.7419,3.1916
27.6650,0.7093,3.0541
27.6652,0.6585,2.837
27.6654,0.6334,2.7247
27.6656,0.6367,2.743
27.6658,0.618,2.6636
27.6660,0.5876,2.53
27.6662,0.5829,2.5099
27.6664,0.5934,2.5518
27.6666,0.6584,2.8325
27.6668,0.6878,2.9589
27.6670,0.6976,2.9998
27.6672,0.7209,3.1027
27.6674,0.653,2.8106
27.6676,0.6247,2.6901
27.6678,0.6097,2.6243
27.6680,0.6289,2.7082
27.6682,0.5757,2.4835
27.6684,0.4763,2.0566
27.6686,0.4292,1.8514
27.6688,0.5017,2.1623
27.6690,0.525,2.2636
27.6692,0.5367,2.3132
27.6694,0.5398,2.3267
27.6696,0.5547,2.3908
27.6698,0.5174,2.2321
27.6700,0.5427,2.338
27.6702,0.5392,2.3263
27.6704,0.4922,2.1245
27.6706,0.4915,2.1214
27.6708,0.498,2.1443
27.6710,0.5721,2.4657
27.6712,0.5577,2.4037
27.6714,0.6013,2.5894
27.6716,0.5939,2.5574
27.6718,0.5748,2.4753
27.6720,0.6323,2.7201
27.6722,0.7145,3.0711
27.6724,0.7532,3.2355
27.6726,0.7171,3.0805
27.6728,0.7462,3.2086
27.6730,0.7679,3.2974
27.6732,0.833,3.5703
27.6734,0.9432,4.0407
27.6736,0.9991,4.2781
27.6738,0.9967,4.2698
27.6740,0.9847,4.2184
27.6742,0.9769,4.1831
27.6744,0.9931,4.2564
27.6746,0.9744,4.1743
27.6748,0.9545,4.0928
27.6750,0.9626,4.1258
27.6752,0.9612,4.1197
27.6754,0.968,4.149
27.6756,0.9929,4.2593
27.6758,0.9668,4.1438
27.6760,0.969,4.1511
27.6762,0.951,4.0798
27.6764,0.8839,3.7864
27.6766,0.9349,4.009
27.6768,0.944,4.0556
27.6770,0.8596,3.6895
27.6772,0.8927,3.8316
27.6774,0.85,3.6552
27.6776,0.7572,3.2591
27.6778,0.6751,2.9056
27.6780,0.6831,2.9361
27.6782,0.7185,3.091
27.6784,0.7013,3.0186
27.6786,0.6747,2.904
27.6788,0.7136,3.0698
27.6790,0.7449,3.1985
27.6792,0.8042,3.4582
27.6794,0.7318,3.1497
27.6796,0.7155,3.0767
27.6798,0.7889,3.3938
27.6800,0.7427,3.1981
27.6802,0.685,2.9484
27.6804,0.713,3.0658
27.6806,0.755,3.2448
27.6808,0.7843,3.3679
27.6810,0.834,3.5827
27.6812,0.765,3.2881
27.6814,0.7439,3.1959
27.6816,0.7873,3.3871
27.6818,0.7373,3.1734
27.6820,0.6728,2.8985
27.6822,0.6319,2.7223
27.6824,0.5723,2.4656
27.6826,0.5648,2.4364
27.6828,0.51,2.2021
27.6830,0.5025,2.169
27.6832,0.4983,2.1499
27.6834,0.4963,2.1411
27.6836,0.5672,2.4456
27.6838,0.6077,2.6168
27.6840,0.5781,2.4904
27.6842,0.6012,2.5889
27.6844,0.6082,2.62
27.6846,0.606,2.6107
27.6848,0.627,2.7011
27.6850,0.6228,2.6843
27.6852,0.6149,2.649
27.6854,0.6403,2.7572
27.6856,0.5995,2.5876
27.6858,0.5401,2.3277
27.6860,0.5491,2.3654
27.6862,0.5643,2.431
27.6864,0.5625,2.4232
27.6866,0.59,2.5451
27.6868,0.6207,2.6676
27.6870,0.6775,2.9186
27.6872,0.5841,2.5197
27.6874,0.5619,2.4195
27.6876,0.6422,2.7642
27.6878,0.581,2.5063
27.6880,0.5051,2.1768
27.6882,0.5593,2.4082
27.6884,0.6376,2.7479
27.6886,0.6075,2.6206
27.6888,0.5223,2.2544
27.6890,0.4705,2.0308
27.6892,0.4596,1.9819
27.6894,0.4593,1.9812
27.6896,0.5018,2.1628
27.6898,0.6029,2.5937
27.6900,0.6341,2.7329
27.6902,0.5804,2.5014
27.6904,0.5697,2.4576
27.6906,0.4772,2.0607
27.6908,0.4594,1.9808
27.6910,0.4994,2.1535
27.6912,0.4625,1.9952
27.6914,0.4553,1.9641
27.6916,0.4823,2.0796
27.6918,0.48,2.0726
27.6920,0.4565,1.9702
27.6922,0.5091,2.1944
27.6924,0.5528,2.3814
27.6926,0.5736,2.4713
27.6928,0.5582,2.4046
27.6930,0.5522,2.3777
27.6932,0.5509,2.3742
27.6934,0.553,2.3846
27.6936,0.5659,2.4377
27.6938,0.5745,2.4714
27.6940,0.6201,2.6675
27.6942,0.6467,2.7807
27.6944,0.719,3.0887
27.6946,0.7427,3.1937
27.6948,0.6819,2.9377
27.6950,0.566,2.4382
27.6952,0.5563,2.3964
27.6954,0.6064,2.6111
27.6956,0.6478,2.7853
27.6958,0.6707,2.8838
27.6960,0.6699,2.8847
27.6962,0.6283,2.7043
27.6964,0.5848,2.5158
27.6966,0.656,2.8196
27.6968,0.7094,3.0518
27.6970,0.653,2.8132
27.6972,0.5765,2.4814
27.6974,0.5916,2.5499
27.6976,0.57,2.4558
27.6978,0.569,2.4511
27.6980,0.5669,2.4423
27.6982,0.5674,2.4444
27.6984,0.5882,2.5326
27.6986,0.6313,2.721
27.6988,0.5373,2.3147
27.6990,0.5126,2.2114
27.6992,0.4305,1.8597
27.6994,0.3979,1.7172
27.6996,0.3997,1.7241
27.6998,0.398,1.7193
27.7000,0.3974,1.7167
27.7002,0.3902,1.6848
27.7004,0.3868,1.6703
27.7006,0.3977,1.7174
27.7008,0.3965,1.7131
27.7010,0.4067,1.7522
27.7012,0.4415,1.9064
27.7014,0.3938,1.7004
27.7016,0.3949,1.7026
27.7018,0.4361,1.884
27.7020,0.4017,1.7329
27.7022,0.4587,1.9759
27.7024,0.5419,2.3322
27.7026,0.5949,2.5627
27.7028,0.5179,2.2321
27.7030,0.5084,2.1903
27.7032,0.495,2.1354
27.7034,0.4953,2.1349
27.7036,0.5653,2.434
27.7038,0.5588,2.4061
27.7040,0.5873,2.5278
27.7042,0.6192,2.6638
27.7044,0.6577,2.8242
27.7046,0.7328,3.1465
27.7048,0.7142,3.0667
27.7050,0.7695,3.301
27.7052,0.8108,3.4801
27.7054,0.841,3.6064
27.7056,0.8705,3.7311
27.7058,0.8633,3.702
27.7060,0.8625,3.6898
27.7062,0.9499,4.0676
27.7064,0.9915,4.2497
27.7066,0.9692,4.1522
27.7068,0.9847,4.2165
27.7070,0.9801,4.195
27.7072,0.9943,4.2575
27.7074,0.9827,4.2117
27.7076,0.9255,3.9628
27.7078,0.9705,4.1559
27.7080,0.9859,4.2255
27.7082,0.9616,4.1231
27.7084,0.966,4.1364
27.7086,0.9869,4.2257
27.7088,0.9732,4.1691
27.7090,0.9664,4.1418
27.7092,0.9467,4.0499
27.7094,0.9919,4.2473
27.7096,0.998,4.2815
27.7098,0.9538,4.0916
27.7100,0.8732,3.7494
27.7102,0.8129,3.4921
27.7104,0.8125,3.4922
27.7106,0.7558,3.2454
27.7108,0.7785,3.3396
27.7110,0.8388,3.605
27.7112,0.8064,3.4643
27.7114,0.8583,3.6856
27.7116,0.8422,3.6132
27.7118,0.8743,3.7506
27.7120,0.954,4.0946
27.7122,0.8942,3.8378
27.7124,0.8458,3.632
27.7126,0.8356,3.5866
27.7128,0.8088,3.481
27.7130,0.735,3.1622
27.7132,0.7494,3.2196
27.7134,0.8066,3.4621
27.7136,0.8613,3.6985
27.7138,0.8562,3.6729
27.7140,0.8617,3.7017
27.7142,0.8118,3.4923
27.7144,0.7221,3.1093
27.7146,0.7012,3.0153
27.7148,0.7555,3.2504
27.7150,0.7473,3.2148
27.7152,0.7081,3.0475
27.7154,0.6922,2.9835
27.7156,0.6097,2.6268
27.7158,0.6302,2.7176
27.7160,0.597,2.572
27.7162,0.6811,2.93
27.7164,0.7432,3.1987
27.7166,0.637,2.7466
27.7168,0.554,2.3888
27.7170,0.5602,2.4123
27.7172,0.563,2.4275
27.7174,0.5854,2.5231
27.7176,0.573,2.471
27.7178,0.4951,2.1369
27.7180,0.4789,2.0689
27.7182,0.4846,2.0884
27.7184,0.5475,2.3598
27.7186,0.535,2.306
27.7188,0.524,2.2595
27.7190,0.554,2.3877
27.7192,0.5597,2.4136
27.7194,0.532,2.2941
27.7196,0.5778,2.4882
27.7198,0.6236,2.6879
27.7200,0.5677,2.4466
27.7202,0.5294,2.2828
27.7204,0.5359,2.3085
27.7206,0.5337,2.3014
27.7208,0.5337,2.3003
27.7210,0.5341,2.3008
27.7212,0.5804,2.5014
27.7214,0.5343,2.3029
27.7216,0.5284,2.2776
27.7218,0.5265,2.2693
27.7220,0.5235,2.2543
27.7222,0.5559,2.397
27.7224,0.5324,2.2946
27.7226,0.5278,2.2729
27.7228,0.5488,2.3654
27.7230,0.6013,2.5906
27.7232,0.5898,2.5434
27.7234,0.5511,2.3742
27.7236,0.5715,2.4597
27.7238,0.6458,2.7771
27.7240,0.6894,2.967
27.7242,0.7043,3.0315
27.7244,0.6758,2.9073
27.7246,0.6662,2.8674
27.7248,0.7052,3.0323
27.7250,0.7617,3.2736
27.7252,0.7338,3.1526
27.7254,0.7596,3.2618
27.7256,0.8044,3.4571
27.7258,0.7534,3.2381
27.7260,0.7469,3.2102
27.7262,0.7316,3.1472
27.7264,0.7261,3.1191
27.7266,0.7481,3.2154
27.7268,0.7258,3.121
27.7270,0.7398,3.1813
27.7272,0.7685,3.2999
27.7274,0.7533,3.233
27.7276,0.7991,3.4344
27.7278,0.7962,3.4237
27.7280,0.7829,3.3617
27.7282,0.787,3.3777
27.7284,0.8967,3.8414
27.7286,0.946,4.0582
27.7288,0.8818,3.7847
27.7290,0.899,3.8583
27.7292,0.8762,3.7571
27.7294,0.893,3.8308
27.7296,0.9262,3.977
27.7298,0.8614,3.699
27.7300,0.837,3.5872
27.7302,0.902,3.8712
27.7304,0.8205,3.525
27.7306,0.7637,3.2855
27.7308,0.7359,3.1658
27.7310,0.7512,3.2318
27.7312,0.7469,3.2162
27.7314,0.6432,2.7709
27.7316,0.6162,2.6534
27.7318,0.6202,2.6692
27.7320,0.6534,2.8122
27.7322,0.6686,2.8804
27.7324,0.6818,2.9372
27.7326,0.6293,2.7122
27.7328,0.551,2.3747
27.7330,0.5915,2.5542
27.7332,0.4527,1.9555
27.7334,0.4338,1.8724
27.7336,0.4227,1.826
27.7338,0.4144,1.7902
27.7340,0.412,1.7799
27.7342,0.4188,1.8069
27.7344,0.4619,1.9963
27.7346,0.4209,1.8182
27.7348,0.4258,1.8369
27.7350,0.4588,1.9819
27.7352,0.426,1.8388
27.7354,0.4517,1.9459
27.7356,0.5656,2.4344
27.7358,0.6764,2.914
27.7360,0.6205,2.6745
27.7362,0.5871,2.5303
27.7364,0.6203,2.6735
27.7366,0.5903,2.5431
27.7368,0.5727,2.4648
27.7370,0.5842,2.5167
27.7372,0.5835,2.5125
27.7374,0.6284,2.7048
27.7376,0.6741,2.8961
27.7378,0.7295,3.1399
27.7380,0.6849,2.9465
27.7382,0.7288,3.1281
27.7384,0.8413,3.6108
27.7386,0.8578,3.6784
27.7388,0.9059,3.8846
27.7390,0.9112,3.9108
27.7392,0.9346,4
27.7394,1.0797,4.6166
27.7396,1.1451,4.8943
27.7398,1.1307,4.8328
27.7400,1.1382,4.8669
27.7402,1.137,4.864
27.7404,1.1161,4.7748
27.7406,1.1375,4.8729
27.7408,1.0226,4.3808
27.7410,1.0516,4.4988
27.7412,1.124,4.8086
27.7414,1.1033,4.7221
27.7416,1.0944,4.6819
27.7418,1.0937,4.6854
27.7420,1.051,4.5004
27.7422,1.0818,4.6302
27.7424,1.0499,4.5021
27.7426,0.9996,4.2841
27.7428,1.0058,4.3089
27.7430,1.0003,4.2872
27.7432,1.013,4.3457
27.7434,0.9866,4.2326
27.7436,0.9896,4.2415
27.7438,0.9746,4.187
27.7440,0.9117,3.9129
27.7442,0.9466,4.0589
27.7444,1.0078,4.3196
27.7446,0.9889,4.2404
27.7448,1.0168,4.3622
27.7450,1.0294,4.4121
27.7452,1.0167,4.3637
27.7454,0.9593,4.1249
27.7456,0.8593,3.6897
27.7458,0.8556,3.6772
27.7460,0.8487,3.6495
27.7462,0.8297,3.5708
27.7464,0.7992,3.4397
27.7466,0.7876,3.3913
27.7468,0.7503,3.2277
27.7470,0.7752,3.335
27.7472,0.7835,3.3706
27.7474,0.8109,3.4855
27.7476,0.7707,3.3169
27.7478,0.7075,3.0478
27.7480,0.6966,3.0035
27.7482,0.6356,2.7409
27.7484,0.6228,2.6831
27.7486,0.6529,2.8127
27.7488,0.6602,2.8429
27.7490,0.707,3.04
27.7492,0.7425,3.1971
27.7494,0.7584,3.2612
27.7496,0.7812,3.3623
27.7498,0.7203,3.103
27.7500,0.6689,2.8841
27.7502,0.6945,2.9892
27.7504,0.7046,3.0382
27.7506,0.6354,2.7398
27.7508,0.6552,2.8212
27.7510,0.712,3.0688
27.7512,0.6282,2.7139
27.7514,0.5143,2.2228
27.7516,0.4584,1.9822
27.7518,0.4335,1.8743
27.7520,0.4982,2.1483
27.7522,0.5379,2.3206
27.7524,0.4922,2.1245
27.7526,0.5096,2.1924
27.7528,0.6722,2.8999
27.7530,0.5559,2.4026
27.7532,0.5013,2.1638
27.7534,0.4928,2.127
27.7536,0.481,2.0758
27.7538,0.4765,2.0586
27.7540,0.476,2.0555
27.7542,0.4813,2.0774
27.7544,0.4787,2.066
27.7546,0.4822,2.0839
27.7548,0.4766,2.0581
27.7550,0.5215,2.2518
27.7552,0.4983,2.1509
27.7554,0.4838,2.0892
27.7556,0.4823,2.0815
27.7558,0.5245,2.2595
27.7560,0.5868,2.5304
27.7562,0.5813,2.5067
27.7564,0.5829,2.5122
27.7566,0.5286,2.2834
27.7568,0.468,2.0218
27.7570,0.4696,2.0266
27.7572,0.4674,2.0183
27.7574,0.4679,2.0194
27.7576,0.4596,1.9828
27.7578,0.4693,2.0247
27.7580,0.4988,2.1519
27.7582,0.5428,2.3407
27.7584,0.5871,2.5268
27.7586,0.6371,2.7445
27.7588,0.6173,2.6593
27.7590,0.6172,2.6563
27.7592,0.5897,2.5405
27.7594,0.6155,2.6503
27.7596,0.6257,2.6967
27.7598,0.6192,2.6638
27.7600,0.6867,2.957
27.7602,0.6966,2.9938
27.7604,0.7624,3.2767
27.7606,0.7288,3.1412
27.7608,0.5933,2.556
27.7610,0.5814,2.506
27.7612,0.5778,2.4894
27.7614,0.6153,2.6481
27.7616,0.6663,2.8706
27.7618,0.6907,2.9713
27.7620,0.7154,3.0761
27.7622,0.6856,2.9524
27.7624,0.6743,2.9033
27.7626,0.6497,2.7975
27.7628,0.6135,2.6415
27.7630,0.6365,2.7407
27.7632,0.6892,2.9665
27.7634,0.7267,3.1275
27.7636,0.6561,2.8254
27.7638,0.6564,2.8238
27.7640,0.6561,2.8188
27.7642,0.746,3.2076
27.7644,0.7256,3.1171
27.7646,0.6901,2.9715
27.7648,0.7126,3.0643
27.7650,0.741,3.1894
27.7652,0.704,3.03
27.7654,0.6615,2.8459
27.7656,0.686,2.9539
27.7658,0.6704,2.8881
27.7660,0.6054,2.607
27.7662,0.6424,2.7608
27.7664,0.7153,3.0785
27.7666,0.6132,2.6442
27.7668,0.5922,2.5525
27.7670,0.5611,2.4226
27.7672,0.4343,1.8754
27.7674,0.4192,1.8101
27.7676,0.4841,2.0873
27.7678,0.5506,2.3743
27.7680,0.4848,2.0924
27.7682,0.4445,1.9194
27.7684,0.5542,2.3898
27.7686,0.5639,2.4272
27.7688,0.6029,2.5973
27.7690,0.6202,2.6705
27.7692,0.6171,2.6558
27.7694,0.6229,2.6836
27.7696,0.6308,2.7164
27.7698,0.6268,2.6989
27.7700,0.6449,2.7755
27.7702,0.647,2.7848
27.7704,0.6126,2.6367
27.7706,0.6112,2.6268
27.7708,0.6624,2.8535
27.7710,0.6204,2.6715
27.7712,0.6657,2.8627
27.7714,0.7126,3.06
27.7716,0.8062,3.4632
27.7718,0.8219,3.5274
27.7720,0.8789,3.7654
27.7722,0.8867,3.8023
27.7724,0.9084,3.8899
27.7726,1.0522,4.5034
27.7728,1.0989,4.6987
27.7730,1.0908,4.6687
27.7732,1.0721,4.5908
27.7734,1.0287,4.407
27.7736,0.9771,4.19
27.7738,0.9948,4.2656
27.7740,0.9132,3.9159
27.7742,0.9436,4.0422
27.7744,1.0117,4.3401
27.7746,0.9861,4.2207
27.7748,1.0625,4.5518
27.7750,1.0661,4.5694
27.7752,0.9723,4.1714
27.7754,0.9101,3.9062
27.7756,0.8781,3.7688
27.7758,0.9303,3.9871
27.7760,0.9578,4.1129
27.7762,0.9313,3.9935
27.7764,0.9174,3.9394
27.7766,0.8937,3.8392
27.7768,0.8365,3.5901
27.7770,0.8992,3.8593
27.7772,0.8918,3.8292
27.7774,0.8468,3.6327
27.7776,0.9117,3.9146
27.7778,0.92,3.9507
27.7780,0.9009,3.8629
27.7782,0.8913,3.8289
27.7784,0.8082,3.4719
27.7786,0.8534,3.6644
27.7788,0.8907,3.8245
27.7790,0.8426,3.6231
27.7792,0.7892,3.3937
27.7794,0.8686,3.7298
27.7796,0.8644,3.7118
27.7798,0.8501,3.6505
27.7800,0.8341,3.5865
27.7802,0.775,3.3401
27.7804,0.6491,2.8
27.7806,0.5959,2.5673
27.7808,0.6675,2.8717
27.7810,0.7206,3.1031
27.7812,0.6903,2.9711
27.7814,0.7445,3.1999
27.7816,0.7929,3.4097
27.7818,0.7685,3.306
27.7820,0.7312,3.1514
27.7822,0.7061,3.042
27.7824,0.6607,2.8476
27.7826,0.5921,2.5555
27.7828,0.61,2.629
27.7830,0.6679,2.8746
27.7832,0.697,3.0014
27.7834,0.6357,2.7413
27.7836,0.6464,2.7861
27.7838,0.6884,2.9628
27.7840,0.7151,3.0808
27.7842,0.717,3.0876
27.7844,0.7066,3.0441
27.7846,0.6483,2.7917
27.7848,0.6519,2.8072
27.7850,0.7304,3.1405
27.7852,0.7777,3.3442
27.7854,0.7307,3.1479
27.7856,0.7256,3.1184
27.7858,0.8274,3.5543
27.7860,0.8537,3.666
27.7862,0.8545,3.6708
27.7864,0.8443,3.627
27.7866,0.8452,3.6311
27.7868,0.842,3.6222
27.7870,0.8018,3.4542
27.7872,0.7045,3.0334
27.7874,0.6865,2.9587
27.7876,0.6885,2.9633
27.7878,0.7323,3.1502
27.7880,0.7138,3.0751
27.7882,0.6945,2.9905
27.7884,0.6992,3.0093
27.7886,0.7378,3.1754
27.7888,0.7576,3.2561
27.7890,0.8374,3.5976
27.7892,0.8284,3.5656
27.7894,0.7193,3.0988
27.7896,0.6754,2.9098
27.7898,0.6693,2.8821
27.7900,0.6559,2.8269
27.7902,0.6396,2.7566
27.7904,0.6381,2.7491
27.7906,0.6393,2.7543
27.7908,0.6397,2.7571
27.7910,0.6626,2.8492
27.7912,0.738,3.1735
27.7914,0.75,3.2236
27.7916,0.7517,3.2338
27.7918,0.759,3.2653
27.7920,0.7497,3.2265
27.7922,0.7593,3.2648
27.7924,0.7754,3.3282
27.7926,0.8615,3.7011
27.7928,0.8642,3.7142
27.7930,0.8669,3.7209
27.7932,0.8675,3.7304
27.7934,0.8144,3.5003
27.7936,0.8691,3.7319
27.7938,0.9127,3.9175
27.7940,0.9302,3.9963
27.7942,0.8741,3.7552
27.7944,0.8648,3.7099
27.7946,0.8808,3.7806
27.7948,0.92,3.947
27.7950,0.9687,4.1578
27.7952,0.9759,4.1887
27.7954,0.9169,3.9318
27.7956,0.9667,4.151
27.7958,0.8876,3.8147
27.7960,0.8111,3.4908
27.7962,0.7682,3.3004
27.7964,0.7931,3.4197
27.7966,0.6853,2.9549
27.7968,0.636,2.7411
27.7970,0.6361,2.7416
27.7972,0.5934,2.5624
27.7974,0.5232,2.26
27.7976,0.5027,2.1684
27.7978,0.5709,2.4628
27.7980,0.5638,2.4334
27.7982,0.5867,2.5322
27.7984,0.5339,2.3056
27.7986,0.452,1.9529
27.7988,0.4425,1.9061
27.7990,0.5976,2.5805
27.7992,0.492,2.1263
27.7994,0.4139,1.7881
27.7996,0.4578,1.9786
27.7998,0.4499,1.9453
27.8000,0.4214,1.8219
27.8002,0.407,1.7581
27.8004,0.4038,1.7454
27.8006,0.4114,1.7773
27.8008,0.4317,1.8648
27.8010,0.418,1.8066
27.8012,0.4194,1.812
27.8014,0.5293,2.2822
27.8016,0.5427,2.3412
27.8018,0.5795,2.5012
27.8020,0.5499,2.3722
27.8022,0.5336,2.3008
27.8024,0.5277,2.2765
27.8026,0.5333,2.2977
27.8028,0.5609,2.4165
27.8030,0.6517,2.8075
27.8032,0.6583,2.8346
27.8034,0.6722,2.8945
27.8036,0.6569,2.8284
27.8038,0.6717,2.8871
27.8040,0.7854,3.374
27.8042,0.798,3.4249
27.8044,0.8188,3.5145
27.8046,0.8583,3.6838
27.8048,0.8517,3.6623
27.8050,0.7975,3.4245
27.8052,0.8559,3.6718
27.8054,0.9233,3.9609
27.8056,0.9361,4.0141
27.8058,0.9228,3.957
27.8060,0.9661,4.1329
27.8062,1.1048,4.7287
27.8064,1.1209,4.8041
27.8066,1.0728,4.5938
27.8068,1.0627,4.5485
27.8070,1.075,4.603
27.8072,1.0644,4.5621
27.8074,1.0131,4.3421
27.8076,1.0272,4.3987
27.8078,1.0968,4.6943
27.8080,1.0617,4.5545
27.8082,1.022,4.3802
27.8084,1.0691,4.58
27.8086,1.059,4.539
27.8088,1.0566,4.5287
27.8090,1.0392,4.4542
27.8092,1.0171,4.3652
27.8094,0.9657,4.143
27.8096,1.0464,4.485
27.8098,1.0177,4.3678
27.8100,0.8771,3.7699
27.8102,0.8181,3.5196
27.8104,0.757,3.261
27.8106,0.7464,3.2096
27.8108,0.7669,3.3024
27.8110,0.7694,3.3101
27.8112,0.7808,3.3592
27.8114,0.7591,3.2673
27.8116,0.778,3.3452
27.8118,0.8607,3.6941
27.8120,0.9012,3.8717
27.8122,0.8852,3.8026
27.8124,0.8756,3.7632
27.8126,0.7886,3.3958
27.8128,0.7046,3.0353
27.8130,0.7294,3.1379
27.8132,0.781,3.3565
27.8134,0.8006,3.4491
27.8136,0.6567,2.8279
27.8138,0.6877,2.9597
27.8140,0.7419,3.196
27.8142,0.6817,2.9394
27.8144,0.6487,2.792
27.8146,0.6567,2.8345
27.8148,0.5545,2.3941
27.8150,0.5371,2.3169
27.8152,0.5859,2.5251
27.8154,0.6505,2.801
27.8156,0.7127,3.069
27.8158,0.6898,2.9759
27.8160,0.5836,2.5176
27.8162,0.6128,2.6401
27.8164,0.6709,2.8955
27.8166,0.5663,2.4431
27.8168,0.5663,2.4431
27.8170,0.5861,2.5285
27.8172,0.5521,2.3849
27.8174,0.5125,2.215
27.8176,0.518,2.2367
27.8178,0.5368,2.3159
27.8180,0.5523,2.3837
27.8182,0.5112,2.2103
27.8184,0.4194,1.812
27.8186,0.4308,1.8603
27.8188,0.4384,1.8903
27.8190,0.5655,2.4372
27.8192,0.5684,2.4565
27.8194,0.4765,2.0595
27.8196,0.4728,2.0415
27.8198,0.4723,2.0395
27.8200,0.4716,2.0363
27.8202,0.4678,2.0207
27.8204,0.4674,2.0182
27.8206,0.4728,2.0406
27.8208,0.476,2.0545
27.8210,0.5054,2.1824
27.8212,0.4648,2.0087
27.8214,0.4585,1.9799
27.8216,0.4867,2.0996
27.8218,0.492,2.1224
27.8220,0.4911,2.1188
27.8222,0.558,2.4063
27.8224,0.5223,2.2533
27.8226,0.4811,2.0772
27.8228,0.4994,2.1565
27.8230,0.5246,2.26
27.8232,0.5836,2.5129
27.8234,0.5982,2.5771
27.8236,0.6046,2.6057
27.8238,0.6094,2.6239
27.8240,0.6122,2.6363
27.8242,0.6211,2.6721
27.8244,0.6857,2.9501
27.8246,0.7602,3.2659
27.8248,0.7596,3.2679
27.8250,0.6916,2.9754
27.8252,0.6911,2.9747
27.8254,0.6928,2.9764
27.8256,0.7642,3.2829
27.8258,0.8413,3.609
27.8260,0.8652,3.7188
27.8262,0.8445,3.628
27.8264,0.8806,3.7795
27.8266,0.8268,3.5518
27.8268,0.7692,3.3045
27.8270,0.7945,3.4132
27.8272,0.76,3.2724
27.8274,0.6224,2.6815
27.8276,0.601,2.5914
27.8278,0.6304,2.7143
27.8280,0.7257,3.1161
27.8282,0.7949,3.4179
27.8284,0.7411,3.1884
27.8286,0.7347,3.1561
27.8288,0.7557,3.2463
27.8290,0.7685,3.3106
27.8292,0.6493,2.7959
27.8294,0.6718,2.8956
27.8296,0.6061,2.6148
27.8298,0.5621,2.4171
27.8300,0.7043,3.0329
27.8302,0.5988,2.5809
27.8304,0.588,2.5356
27.8306,0.5345,2.306
27.8308,0.5349,2.3065
27.8310,0.5702,2.4585
27.8312,0.5414,2.3355
27.8314,0.5335,2.3003
27.8316,0.5341,2.3018
27.8318,0.572,2.4686
27.8320,0.5598,2.4118
27.8322,0.6259,2.6927
27.8324,0.6892,2.9637
27.8326,0.7311,3.148
27.8328,0.6598,2.8439
27.8330,0.562,2.4234
27.8332,0.5511,2.3763
27.8334,0.5465,2.3556
27.8336,0.5458,2.3525
27.8338,0.5465,2.3567
27.8340,0.5499,2.3711
27.8342,0.5463,2.3567
27.8344,0.5686,2.4495
27.8346,0.6694,2.8786
27.8348,0.7186,3.0943
27.8350,0.6609,2.8446
27.8352,0.6601,2.8397
27.8354,0.6503,2.7961
27.8356,0.6682,2.8748
27.8358,0.7222,3.1098
27.8360,0.6747,2.9013
27.8362,0.6652,2.8632
27.8364,0.676,2.911
27.8366,0.6645,2.8588
27.8368,0.651,2.8018
27.8370,0.7031,3.0221
27.8372,0.7682,3.2988
27.8374,0.8566,3.68
27.8376,0.8045,3.4559
27.8378,0.8324,3.5776
27.8380,0.8208,3.5227
27.8382,0.8552,3.6687
27.8384,0.8883,3.8107
27.8386,0.9097,3.9028
27.8388,0.8862,3.8019
27.8390,0.9451,4.0451
27.8392,1.0999,4.7054
27.8394,1.0914,4.6734
27.8396,1.0778,4.6153
27.8398,1.0595,4.5304
27.8400,1.0951,4.6849
27.8402,1.1109,4.7526
27.8404,1.0545,4.5173
27.8406,1.0614,4.5471
27.8408,1.0883,4.6578
27.8410,1.0916,4.6744
27.8412,1.1033,4.7286
27.8414,1.0656,4.5608
27.8416,1.0859,4.6476
27.8418,1.1191,4.792
27.8420,1.0431,4.4685
27.8422,1.0046,4.3097
27.8424,1.0221,4.3807
27.8426,1.015,4.3483
27.8428,1.0391,4.4557
27.8430,1.0549,4.5215
27.8432,1.0167,4.3616
27.8434,0.9734,4.1798
27.8436,0.9463,4.054
27.8438,1.047,4.4897
27.8440,1.082,4.6441
27.8442,0.9808,4.2078
27.8444,0.9872,4.2331
27.8446,0.9963,4.2742
27.8448,0.9873,4.2316
27.8450,1.0379,4.4485
27.8452,1.0497,4.5031
27.8454,0.9991,4.284
27.8456,1.0298,4.4218
27.8458,0.9292,3.9898
27.8460,0.9018,3.8706
27.8462,0.9096,3.9095
27.8464,0.9185,3.9477
27.8466,0.8963,3.8595
27.8468,0.8105,3.4882
27.8470,0.7807,3.3571
27.8472,0.809,3.4836
27.8474,0.7602,3.2735
27.8476,0.7802,3.3566
27.8478,0.7607,3.2755
27.8480,0.7457,3.211
27.8482,0.794,3.4207
27.8484,0.7599,3.2704
27.8486,0.798,3.4329
27.8488,0.7992,3.4381
27.8490,0.7962,3.4268
27.8492,0.7872,3.3896
27.8494,0.7318,3.1526
27.8496,0.7009,3.0221
27.8498,0.6862,2.9576
27.8500,0.6873,2.9664
27.8502,0.6322,2.7246
27.8504,0.6254,2.6944
27.8506,0.6841,2.9442
27.8508,0.744,3.2038
27.8510,0.7402,3.1858
27.8512,0.7474,3.2167
27.8514,0.7509,3.2347
27.8516,0.6619,2.8567
27.8518,0.6,2.5873
27.8520,0.6548,2.8236
27.8522,0.7079,3.0498
27.8524,0.686,2.9566
27.8526,0.6192,2.6712
27.8528,0.62,2.6749
27.8530,0.585,2.5226
27.8532,0.5633,2.4313
27.8534,0.5557,2.3982
27.8536,0.5777,2.4923
27.8538,0.5661,2.4432
27.8540,0.5657,2.4405
27.8542,0.5762,2.4844
27.8544,0.5802,2.502
27.8546,0.5808,2.5069
27.8548,0.586,2.5291
27.8550,0.5841,2.5173
27.8552,0.627,2.7049
27.8554,0.6266,2.7008
27.8556,0.6567,2.8266
27.8558,0.7079,3.0455
27.8560,0.7252,3.1271
27.8562,0.6579,2.8344
27.8564,0.6437,2.7742
27.8566,0.6493,2.7998
27.8568,0.6513,2.806
27.8570,0.6776,2.915
27.8572,0.7289,3.1358
27.8574,0.7449,3.2044
27.8576,0.8064,3.4658
27.8578,0.765,3.2911
27.8580,0.7404,3.1898
27.8582,0.7229,3.1143
27.8584,0.7186,3.0914
27.8586,0.7217,3.1063
27.8588,0.7363,3.1663
27.8590,0.7801,3.3529
27.8592,0.8377,3.597
27.8594,0.8072,3.4694
27.8596,0.7919,3.4066
27.8598,0.8395,3.6114
27.8600,0.7928,3.4155
27.8602,0.7071,3.0447
27.8604,0.723,3.112
27.8606,0.7331,3.1568
27.8608,0.7209,3.1041
27.8610,0.6644,2.8609
27.8612,0.6717,2.8924
27.8614,0.6998,3.0132
27.8616,0.7387,3.1766
27.8618,0.87,3.7308
27.8620,0.9382,4.0266
27.8622,0.9355,4.0171
27.8624,0.9202,3.9475
27.8626,0.8792,3.7769
27.8628,0.8344,3.5814
27.8630,0.8433,3.6262
27.8632,0.8223,3.5294
27.8634,0.9388,4.0235
27.8636,0.9986,4.2799
27.8638,1.0133,4.3492
27.8640,1.0422,4.4712
27.8642,1.0545,4.5237
27.8644,1.0053,4.3047
27.8646,1.0011,4.2967
27.8648,0.9718,4.1789
27.8650,0.9006,3.8727
27.8652,0.8588,3.6945
27.8654,0.8618,3.6987
27.8656,0.9593,4.1133
27.8658,1.0265,4.4161
27.8660,0.9135,3.9224
27.8662,0.9124,3.9232
27.8664,0.873,3.7523
27.8666,0.7915,3.4114
27.8668,0.6589,2.8411
27.8670,0.6458,2.7822
27.8672,0.7359,3.1642
27.8674,0.7938,3.4165
27.8676,0.7859,3.3824
27.8678,0.8198,3.5317
27.8680,0.7419,3.1915
27.8682,0.7461,3.2111
27.8684,0.7293,3.1417
27.8686,0.6921,2.983
27.8688,0.6874,2.9601
27.8690,0.7039,3.0378
27.8692,0.5682,2.4548
27.8694,0.5829,2.5133
27.8696,0.6603,2.8447
27.8698,0.6638,2.8583
27.8700,0.7049,3.0369
27.8702,0.7536,3.2375
27.8704,0.8361,3.5953
27.8706,0.7852,3.3871
27.8708,0.659,2.8443
27.8710,0.6636,2.8573
27.8712,0.7164,3.0836
27.8714,0.766,3.2952
27.8716,0.8408,3.6137
27.8718,0.8916,3.8269
27.8720,0.9055,3.892
27.8722,0.8824,3.7925
27.8724,0.879,3.7746
27.8726,0.9386,4.0267
27.8728,0.9698,4.1663
27.8730,0.9404,4.0401
27.8732,0.9512,4.0808
27.8734,0.989,4.2369
27.8736,1.0131,4.3462
27.8738,1.0102,4.3379
27.8740,1.0095,4.3287
27.8742,1.0217,4.3812
27.8744,1.0066,4.3204
27.8746,0.9793,4.207
27.8748,0.9316,4.0001
27.8750,0.9106,3.91
27.8752,0.9072,3.8992
27.8754,0.9027,3.876
27.8756,0.9865,4.2241
27.8758,1.1165,4.7851
27.8760,1.1318,4.8509
27.8762,1.1006,4.7151
27.8764,1.0884,4.6671
27.8766,0.9995,4.2921
27.8768,0.9188,3.9529
27.8770,0.8519,3.6599
27.8772,0.9226,3.9652
27.8774,0.9302,4
27.8776,0.8716,3.7496
27.8778,0.8361,3.5919
27.8780,0.85,3.6517
27.8782,0.8552,3.6756
27.8784,0.8444,3.6342
27.8786,0.8252,3.5517
27.8788,0.8507,3.6548
27.8790,0.921,3.9511
27.8792,0.9396,4.0365
27.8794,0.8848,3.8011
27.8796,0.8935,3.8423
27.8798,0.915,3.9346
27.8800,0.8314,3.5835
27.8802,0.7498,3.2271
27.8804,0.7758,3.3421
27.8806,0.741,3.1968
27.8808,0.6386,2.7525
27.8810,0.651,2.8057
27.8812,0.7577,3.2611
27.8814,0.7378,3.1799
27.8816,0.7377,3.1794
27.8818,0.7672,3.3065
27.8820,0.7179,3.0926
27.8822,0.67,2.8865
27.8824,0.6757,2.9176
27.8826,0.5669,2.4434
27.8828,0.6173,2.6617
27.8830,0.6144,2.6481
27.8832,0.6013,2.5966
27.8834,0.5439,2.3496
27.8836,0.5883,2.5413
27.8838,0.6059,2.6138
27.8840,0.5769,2.4898
27.8842,0.5672,2.4456
27.8844,0.6585,2.8356
27.8846,0.7027,3.0313
27.8848,0.6631,2.8606
27.8850,0.6825,2.9403
27.8852,0.7181,3.0951
27.8854,0.738,3.175
27.8856,0.8105,3.4882
27.8858,0.7883,3.3896
27.8860,0.7758,3.3406
27.8862,0.7405,3.1858
27.8864,0.7968,3.4341
27.8866,0.7368,3.1743
27.8868,0.7539,3.2461
27.8870,0.728,3.1331
27.8872,0.768,3.307
27.8874,0.7403,3.1863
27.8876,0.8099,3.4791
27.8878,0.8658,3.7284
27.8880,0.7314,3.1525
27.8882,0.628,2.709
27.8884,0.6281,2.707
27.8886,0.6619,2.8514
27.8888,0.7257,3.1262
27.8890,0.7127,3.0719
27.8892,0.635,2.7382
27.8894,0.6256,2.6974
27.8896,0.6282,2.71
27.8898,0.6258,2.6959
27.8900,0.6983,3.007
27.8902,0.7363,3.1707
27.8904,0.7413,3.1904
27.8906,0.7754,3.3359
27.8908,0.8033,3.4604
27.8910,0.7377,3.1749
27.8912,0.7263,3.1274
27.8914,0.7469,3.2162
27.8916,0.7662,3.2978
27.8918,0.7489,3.2174
27.8920,0.8943,3.8346
27.8922,0.9897,4.2518
27.8924,0.9166,3.9376
27.8926,0.8882,3.8191
27.8928,0.8109,3.4935
27.8930,0.7447,3.2098
27.8932,0.7247,3.1235
27.8934,0.7017,3.0229
27.8936,0.7004,3.0158
27.8938,0.7013,3.02
27.8940,0.6999,3.0138
27.8942,0.6997,3.0141
27.8944,0.7071,3.0476
27.8946,0.7198,3.098
27.8948,0.7864,3.3829
27.8950,0.8264,3.5535
27.8952,0.84,3.6084
27.8954,0.845,3.6334
27.8956,0.7934,3.4133
27.8958,0.7858,3.3803
27.8960,0.7979,3.434
27.8962,0.785,3.3882
27.8964,0.5801,2.5072
27.8966,0.5302,2.2853
27.8968,0.6504,2.8018
27.8970,0.6302,2.7188
27.8972,0.5491,2.3708
27.8974,0.5545,2.393
27.8976,0.6428,2.7757
27.8978,0.5668,2.4452
27.8980,0.5585,2.4084
27.8982,0.6216,2.6803
27.8984,0.6043,2.6071
27.8986,0.6037,2.6033
27.8988,0.6073,2.6225
27.8990,0.5432,2.3465
27.8992,0.5341,2.3061
27.8994,0.5106,2.2046
27.8996,0.4747,2.0508
27.8998,0.4704,2.034
27.9000,0.4765,2.0595
27.9002,0.478,2.0657
27.9004,0.4544,1.9623
27.9006,0.4979,2.1448
27.9008,0.6282,2.7063
27.9010,0.6902,2.9733
27.9012,0.675,2.905
27.9014,0.6515,2.8117
27.9016,0.5944,2.5653
27.9018,0.5446,2.3506
27.9020,0.5295,2.2843
27.9022,0.5269,2.2719
27.9024,0.5416,2.3366
27.9026,0.5693,2.4515
27.9028,0.666,2.869
27.9030,0.6469,2.7868
27.9032,0.65,2.7977
27.9034,0.7016,3.0182
27.9036,0.742,3.1905
27.9038,0.7804,3.354
27.9040,0.8317,3.5679
27.9042,0.9011,3.8711
27.9044,0.8296,3.5625
27.9046,0.8663,3.7235
27.9048,0.8714,3.7399
27.9050,0.9151,3.9259
27.9052,0.9438,4.0507
27.9054,0.919,3.9424
27.9056,0.9289,3.9925
27.9058,0.8747,3.7491
27.9060,1.0274,4.4053
27.9062,1.0361,4.4387
27.9064,1.0763,4.6151
27.9066,0.9823,4.2159
27.9068,0.9005,3.8686
27.9070,0.8904,3.8253
27.9072,0.9313,3.9991
27.9074,0.99,4.237
27.9076,1.096,4.6973
27.9078,1.0537,4.5164
27.9080,1.063,4.558
27.9082,1.0316,4.4192
27.9084,1.0543,4.5147
27.9086,1.0666,4.5713
27.9088,1.0269,4.4136
27.9090,0.8998,3.8655
27.9092,0.9108,3.9092
27.9094,0.9137,3.9252
27.9096,0.953,4.0904
27.9098,0.9926,4.2523
27.9100,1.0637,4.5548
27.9102,1.0392,4.4625
27.9104,0.9836,4.2216
27.9106,1.0023,4.3079
27.9108,0.8934,3.84
27.9110,0.8747,3.7578
27.9112,0.8817,3.7895
27.9114,0.9125,3.9182
27.9116,0.9103,3.909
27.9118,0.9091,3.9056
27.9120,0.8953,3.8518
27.9122,0.8864,3.8042
27.9124,0.9661,4.1523
27.9126,0.9287,3.9896
27.9128,0.924,3.9714
27.9130,0.8065,3.4728
27.9132,0.7825,3.3711
27.9134,0.766,3.3013
27.9136,0.7221,3.1078
27.9138,0.7664,3.3003
27.9140,0.7408,3.1898
27.9142,0.756,3.2524
27.9144,0.7998,3.4391
27.9146,0.822,3.5328
27.9148,0.8185,3.5211
27.9150,0.7998,3.4455
27.9152,0.7335,3.1583
27.9154,0.7835,3.3768
27.9156,0.7176,3.0887
27.9158,0.7239,3.1185
27.9160,0.6847,2.9523
27.9162,0.613,2.6456
27.9164,0.6102,2.6337
27.9166,0.5944,2.563
27.9168,0.604,2.6043
27.9170,0.6106,2.634
27.9172,0.626,2.7007
27.9174,0.6477,2.7943
27.9176,0.5688,2.4551
27.9178,0.5427,2.3434
27.9180,0.5367,2.3143
27.9182,0.6039,2.6038
27.9184,0.5953,2.5707
27.9186,0.6531,2.8124
27.9188,0.7444,3.2083
27.9190,0.613,2.6456
27.9192,0.5621,2.4273
27.9194,0.5679,2.451
27.9196,0.5692,2.4555
27.9198,0.574,2.4785
27.9200,0.5693,2.4583
27.9202,0.5711,2.4649
27.9204,0.5751,2.4809
27.9206,0.6055,2.6098
27.9208,0.6202,2.6754
27.9210,0.5591,2.4132
27.9212,0.5562,2.3997
27.9214,0.6011,2.5895
27.9216,0.6469,2.7894
27.9218,0.6079,2.619
27.9220,0.6993,3.0126
27.9222,0.6479,2.7962
27.9224,0.578,2.4933
27.9226,0.5913,2.5448
27.9228,0.6764,2.9099
27.9230,0.6795,2.926
27.9232,0.6826,2.9394
27.9234,0.7252,3.1227
27.9236,0.7158,3.0796
27.9238,0.7905,3.393
27.9240,0.8752,3.7564
27.9242,0.9019,3.8765
27.9244,0.8456,3.636
27.9246,0.8006,3.4427
27.9248,0.8173,3.516
27.9250,0.8512,3.6603
27.9252,0.8425,3.6192
27.9254,0.9067,3.8899
27.9256,0.9007,3.8696
27.9258,0.8639,3.7114
27.9260,0.8829,3.7911
27.9262,0.8489,3.6488
27.9264,0.8859,3.8093
27.9266,0.8513,3.6625
27.9268,0.8268,3.56
27.9270,0.7298,3.1438
27.9272,0.7122,3.0669
27.9274,0.7058,3.0362
27.9276,0.7166,3.0841
27.9278,0.7058,3.0419
27.9280,0.7221,3.1078
27.9282,0.7958,3.4205
27.9284,0.8444,3.6309
27.9286,0.8805,3.7808
27.9288,0.9557,4.1036
27.9290,0.8864,3.8078
27.9292,0.7988,3.4397
27.9294,0.7391,3.1856
27.9296,0.7338,3.1584
27.9298,0.7566,3.2534
27.9300,0.757,3.2641
27.9302,0.6752,2.9114
27.9304,0.6298,2.7142
27.9306,0.701,3.0184
27.9308,0.6631,2.8632
27.9310,0.582,2.512
27.9312,0.5669,2.4457
27.9314,0.568,2.4492
27.9316,0.5469,2.3615
27.9318,0.5197,2.2409
27.9320,0.6793,2.929
27.9322,0.5784,2.5
27.9324,0.4583,1.9798
27.9326,0.4465,1.9308
27.9328,0.4309,1.8634
27.9330,0.4285,1.8522
27.9332,0.4272,1.8456
27.9334,0.435,1.881
27.9336,0.4311,1.8631
27.9338,0.4547,1.9606
27.9340,0.5615,2.4213
27.9342,0.5535,2.3867
27.9344,0.5428,2.3428
27.9346,0.5416,2.3376
27.9348,0.5431,2.3406
27.9350,0.5981,2.5766
27.9352,0.6101,2.6307
27.9354,0.6033,2.6024
27.9356,0.5435,2.3437
27.9358,0.5369,2.3153
27.9360,0.5384,2.3237
27.9362,0.535,2.3092
27.9364,0.5413,2.335
27.9366,0.542,2.337
27.9368,0.5573,2.4032
27.9370,0.604,2.6043
27.9372,0.6662,2.8673
27.9374,0.666,2.865
27.9376,0.6513,2.7994
27.9378,0.7342,3.1585
27.9380,0.7739,3.3277
27.9382,0.7953,3.42
27.9384,0.8078,3.4671
27.9386,0.8697,3.731
27.9388,0.9374,4.0216
27.9390,1.0078,4.3094
27.9392,1.1095,4.7442
27.9394,1.1069,4.7396
27.9396,1.0585,4.5369
27.9398,1.0657,4.5656
27.9400,1.0889,4.6604
27.9402,1.0734,4.5963
27.9404,1.0452,4.482
27.9406,1.0307,4.4115
27.9408,1.0889,4.6626
27.9410,1.0605,4.5409
27.9412,1.0166,4.3591
27.9414,0.9674,4.1521
27.9416,0.9678,4.1479
27.9418,0.9973,4.2723
27.9420,0.9896,4.2414
27.9422,0.9452,4.0607
27.9424,0.9232,3.9659
27.9426,0.9605,4.1204
27.9428,1.0162,4.3575
27.9430,0.9988,4.283
27.9432,1.0277,4.4089
27.9434,0.9891,4.2413
27.9436,1.0204,4.3714
27.9438,1.0437,4.4732
27.9440,1.0536,4.5137
27.9442,1.0522,4.5139
27.9444,0.9674,4.1579
27.9446,0.8952,3.8459
27.9448,0.9045,3.8838
27.9450,0.9378,4.0231
27.9452,0.9657,4.143
27.9454,0.9897,4.2439
27.9456,1.0691,4.5928
27.9458,0.9016,3.875
27.9460,0.8651,3.7201
27.9462,0.8096,3.4813
27.9464,0.8064,3.469
27.9466,0.7967,3.4288
27.9468,0.8064,3.4755
27.9470,0.6688,2.884
27.9472,0.6523,2.8153
27.9474,0.6399,2.7582
27.9476,0.6572,2.8326
27.9478,0.6758,2.91
27.9480,0.7095,3.0593
27.9482,0.6445,2.7791
27.9484,0.6229,2.686
27.9486,0.6499,2.7972
27.9488,0.7229,3.1158
27.9490,0.6757,2.9149
27.9492,0.6047,2.6099
27.9494,0.61,2.6277
27.9496,0.6866,2.9564
27.9498,0.6479,2.7936
27.9500,0.5986,2.5811
27.9502,0.6158,2.6555
27.9504,0.6158,2.658
27.9506,0.6104,2.6384
27.9508,0.5333,2.3009
27.9510,0.5613,2.4225
27.9512,0.5916,2.5523
27.9514,0.5121,2.2144
27.9516,0.4212,1.8223
27.9518,0.4168,1.7981
27.9520,0.542,2.3403
27.9522,0.497,2.1501
27.9524,0.4601,1.9894
27.9526,0.4625,1.9988
27.9528,0.4457,1.9272
27.9530,0.4463,1.9298
27.9532,0.4468,1.9301
27.9534,0.4503,1.9451
27.9536,0.4467,1.9287
27.9538,0.448,1.9361
27.9540,0.4546,1.9637
27.9542,0.5053,2.1808
27.9544,0.51,2.203
27.9546,0.4547,1.9643
27.9548,0.4473,1.9312
27.9550,0.4475,1.9314
27.9552,0.4525,1.9549
27.9554,0.4498,1.943
27.9556,0.4492,1.9377
27.9558,0.4481,1.9367
27.9560,0.4476,1.9328
27.9562,0.4555,1.9642
27.9564,0.4928,2.126
27.9566,0.5329,2.2988
27.9568,0.5396,2.3278
27.9570,0.5518,2.3772
27.9572,0.5585,2.4061
27.9574,0.5633,2.4302
27.9576,0.5558,2.3976
27.9578,0.5577,2.4036
27.9580,0.5674,2.4466
27.9582,0.5724,2.4683
27.9584,0.5673,2.445
27.9586,0.5685,2.4501
27.9588,0.574,2.4705
27.9590,0.6728,2.889
27.9592,0.789,3.3958
27.9594,0.7517,3.2308
27.9596,0.7879,3.388
27.9598,0.6564,2.8303
27.9600,0.5574,2.4037
27.9602,0.5489,2.367
27.9604,0.5473,2.3587
27.9606,0.5444,2.3452
27.9608,0.5995,2.5816
27.9610,0.6049,2.6073
27.9612,0.5831,2.5097
27.9614,0.6483,2.7917
27.9616,0.6705,2.8832
27.9618,0.7311,3.1422
27.9620,0.7199,3.0957
27.9622,0.6509,2.8052
27.9624,0.5794,2.496
27.9626,0.6235,2.6861
27.9628,0.6274,2.7014
27.9630,0.6089,2.6194
27.9632,0.6999,3.0138
27.9634,0.6539,2.8155
27.9636,0.6371,2.7432
27.9638,0.6469,2.7843
27.9640,0.6783,2.9195
27.9642,0.6874,2.9587
27.9644,0.6892,2.9651
27.9646,0.6762,2.9129
27.9648,0.6057,2.6079
27.9650,0.5586,2.4067
27.9652,0.5947,2.5598
27.9654,0.6597,2.8395
27.9656,0.6587,2.8427
27.9658,0.555,2.3934
27.9660,0.553,2.3879
27.9662,0.4347,1.8786
27.9664,0.4068,1.7576
27.9666,0.4281,1.8458
27.9668,0.4476,1.931
27.9670,0.4807,2.0709
27.9672,0.5662,2.4415
27.9674,0.5089,2.1953
27.9676,0.488,2.1053
27.9678,0.4853,2.0925
27.9680,0.4971,2.1446
27.9682,0.5076,2.1896
27.9684,0.5039,2.1726
27.9686,0.5003,2.1551
27.9688,0.5377,2.3163
27.9690,0.5815,2.5053
27.9692,0.6142,2.6471
27.9694,0.5998,2.585
27.9696,0.5372,2.3163
27.9698,0.5018,2.1648
27.9700,0.5344,2.3034
27.9702,0.5718,2.4612
27.9704,0.6298,2.7092
27.9706,0.6881,2.9549
27.9708,0.7858,3.3787
27.9710,0.7899,3.3889
27.9712,0.8667,3.7198
27.9714,0.8408,3.6103
27.9716,0.8095,3.476
27.9718,0.8425,3.6142
27.9720,0.8843,3.7973
27.9722,0.8584,3.6757
27.9724,0.9638,4.1309
27.9726,0.9798,4.2012
27.9728,0.9669,4.1462
27.9730,0.9479,4.0626
27.9732,0.9999,4.2856
27.9734,0.9886,4.2333
27.9736,0.9765,4.1893
27.9738,0.9533,4.0838
27.9740,0.9388,4.0291
27.9742,0.8286,3.5595
27.9744,0.8583,3.6872
27.9746,0.8331,3.5757
27.9748,0.8168,3.5074
27.9750,0.8264,3.5502
27.9752,0.8218,3.5306
27.9754,0.8148,3.4986
27.9756,0.8228,3.5348
27.9758,0.82,3.5196
27.9760,0.8734,3.7539
27.9762,0.827,3.5462
27.9764,0.8693,3.7346
27.9766,0.8164,3.5091
27.9768,0.7754,3.3282
27.9770,0.8566,3.6766
27.9772,0.8977,3.8567
27.9774,0.8633,3.7071
27.9776,0.8364,3.5913
27.9778,0.8206,3.5255
27.9780,0.794,3.4111
27.9782,0.8034,3.4497
27.9784,0.8511,3.658
27.9786,0.83,3.5673
27.9788,0.8019,3.4467
27.9790,0.7644,3.29
27.9792,0.7393,3.1836
27.9794,0.686,2.9511
27.9796,0.6976,2.9998
27.9798,0.7331,3.1597
27.9800,0.6024,2.5964
27.9802,0.567,2.4462
27.9804,0.5768,2.487
27.9806,0.6175,2.659
27.9808,0.6266,2.7021
27.9810,0.5688,2.4517
27.9812,0.6497,2.7961
27.9814,0.6802,2.9304
27.9816,0.6766,2.9082
27.9818,0.7481,3.2183
27.9820,0.7033,3.0282
27.9822,0.6703,2.8889
27.9824,0.6471,2.7866
27.9826,0.6537,2.8137
27.9828,0.6521,2.8091
27.9830,0.6577,2.8307
27.9832,0.6852,2.953
27.9834,0.613,2.6419
27.9836,0.5732,2.4714
27.9838,0.564,2.4333
27.9840,0.5801,2.5026
27.9842,0.5752,2.4802
27.9844,0.5821,2.5067
27.9846,0.6278,2.7022
27.9848,0.6649,2.8603
27.9850,0.6583,2.8346
27.9852,0.6712,2.889
27.9854,0.7238,3.1122
27.9856,0.7271,3.1266
27.9858,0.7144,3.0748
27.9860,0.6739,2.9031
27.9862,0.6205,2.6732
27.9864,0.6308,2.7138
27.9866,0.6591,2.8369
27.9868,0.6386,2.7512
27.9870,0.6407,2.7574
27.9872,0.6825,2.9375
27.9874,0.6853,2.9508
27.9876,0.5892,2.5407
27.9878,0.5365,2.3143
27.9880,0.5409,2.3334
27.9882,0.5444,2.3463
27.9884,0.6167,2.6542
27.9886,0.6244,2.6935
27.9888,0.5573,2.4032
27.9890,0.5492,2.3669
27.9892,0.5946,2.5581
27.9894,0.6915,2.9762
27.9896,0.6652,2.8659
27.9898,0.6116,2.6325
27.9900,0.6706,2.8864
27.9902,0.6693,2.8808
27.9904,0.6491,2.7935
27.9906,0.6784,2.92
27.9908,0.7139,3.0699
27.9910,0.732,3.1477
27.9912,0.7578,3.2571
27.9914,0.7169,3.0871
27.9916,0.6818,2.9344
27.9918,0.7551,3.2407
27.9920,0.82,3.5246
27.9922,0.8076,3.4726
27.9924,0.6993,3.0112
27.9926,0.6558,2.8224
27.9928,0.6305,2.7148
27.9930,0.6209,2.6723
27.9932,0.6264,2.6973
27.9934,0.6197,2.6721
27.9936,0.6155,2.6527
27.9938,0.6173,2.658
27.9940,0.6242,2.688
27.9942,0.6223,2.6822
27.9944,0.6184,2.6602
27.9946,0.6433,2.7623
27.9948,0.7578,3.2556
27.9950,0.7752,3.3349
27.9952,0.7947,3.4142
27.9954,0.845,3.6267
27.9956,0.8301,3.5745
27.9958,0.7058,3.0362
27.9960,0.7215,3.1081
27.9962,0.6344,2.7293
27.9964,0.6264,2.6973
27.9966,0.5831,2.5144
27.9968,0.5873,2.5325
27.9970,0.5915,2.547
27.9972,0.6121,2.6334
27.9974,0.6577,2.8307
27.9976,0.6721,2.8967
27.9978,0.5844,2.5177
27.9980,0.5667,2.439
27.9982,0.6124,2.6417
27.9984,0.5898,2.5421
27.9986,0.6082,2.6176
27.9988,0.6573,2.8278
27.9990,0.6595,2.8398
27.9992,0.5596,2.413
27.9994,0.511,2.2046
27.9996,0.5082,2.1912
27.9998,0.5168,2.2284
28.0000,0.553,2.3824
28.0002,0.6405,2.7569
28.0004,0.6274,2.7039
28.0006,0.5034,2.1725
28.0008,0.5041,2.1746
28.0010,0.5077,2.1902
28.0012,0.4941,2.1297
28.0014,0.5482,2.3639
28.0016,0.5282,2.2733
28.0018,0.6223,2.6822
28.0020,0.5818,2.5098
28.0022,0.5174,2.23
28.0024,0.5383,2.3188
28.0026,0.5818,2.504
28.0028,0.6345,2.7324
28.0030,0.6054,2.6057
28.0032,0.6158,2.6531
28.0034,0.6275,2.7044
28.0036,0.5908,2.5439
28.0038,0.6371,2.7432
28.0040,0.6077,2.6204
28.0042,0.5917,2.548
28.0044,0.6684,2.8686
28.0046,0.794,3.4048
28.0048,0.8495,3.6479
28.0050,0.8477,3.6402
28.0052,0.8274,3.556
28.0054,0.8262,3.5409
28.0056,0.9677,4.1435
28.0058,1.007,4.3139
28.0060,0.9979,4.2729
28.0062,0.9876,4.2346
28.0064,0.9867,4.2271
28.0066,0.9836,4.2157
28.0068,0.9693,4.1604
28.0070,0.9335,3.999
28.0072,0.9902,4.242
28.0074,0.9734,4.1681
28.0076,0.9741,4.1771
28.0078,0.954,4.0907
28.0080,0.9612,4.1158
28.0082,0.9986,4.2819
28.0084,0.9618,4.1241
28.0086,0.9577,4.1047
28.0088,0.972,4.1697
28.0090,0.9294,3.9871
28.0092,0.9601,4.1169
28.0094,0.9585,4.1121
28.0096,0.9313,3.9972
28.0098,0.9055,3.8956
28.0100,0.7901,3.3941
28.0102,0.8192,3.5177
28.0104,0.8623,3.7042
28.0106,0.8675,3.7269
28.0108,0.8512,3.6534
28.0110,0.8894,3.8171
28.0112,0.8149,3.5089
28.0114,0.7386,3.1776
28.0116,0.8051,3.4569
28.0118,0.8735,3.7509
28.0120,0.8555,3.6788
28.0122,0.7748,3.3365
28.0124,0.6709,2.8888
28.0126,0.704,3.0313
28.0128,0.7447,3.2069
28.0130,0.6783,2.9222
28.0132,0.5995,2.5852
28.0134,0.6463,2.7868
28.0136,0.6091,2.6241
28.0138,0.6048,2.6031
28.0140,0.6768,2.9128
28.0142,0.6621,2.8564
28.0144,0.597,2.5755
28.0146,0.5829,2.5133
28.0148,0.5887,2.5351
28.0150,0.6445,2.7765
28.0152,0.638,2.7524
28.0154,0.5826,2.5111
28.0156,0.5817,2.507
28.0158,0.5788,2.4969
28.0160,0.566,2.445
28.0162,0.5021,2.1679
28.0164,0.512,2.2078
28.0166,0.5053,2.1818
28.0168,0.4543,1.9627
28.0170,0.4662,2.014
28.0172,0.4337,1.8701
28.0174,0.4697,2.0281
28.0176,0.4561,1.9714
28.0178,0.4495,1.942
28.0180,0.4535,1.9582
28.0182,0.4537,1.9574
28.0184,0.517,2.2305
28.0186,0.5227,2.2569
28.0188,0.4515,1.9476
28.0190,0.4542,1.9622
28.0192,0.461,1.9889
28.0194,0.461,1.9889
28.0196,0.4594,1.9826
28.0198,0.4588,1.9819
28.0200,0.4578,1.9777
28.0202,0.4619,1.9935
28.0204,0.4589,1.9796
28.0206,0.4534,1.9549
28.0208,0.4433,1.9133
28.0210,0.4614,1.9914
28.0212,0.4613,1.9918
28.0214,0.4453,1.9221
28.0216,0.4805,2.0727
28.0218,0.5343,2.3061
28.0220,0.4746,2.0474
28.0222,0.4698,2.0267
28.0224,0.4891,2.11
28.0226,0.5193,2.2372
28.0228,0.5434,2.3378
28.0230,0.6158,2.6506
28.0232,0.6692,2.8829
28.0234,0.6522,2.8057
28.0236,0.6837,2.9372
28.0238,0.7184,3.0933
28.0240,0.6931,2.9774
28.0242,0.7108,3.0565
28.0244,0.7197,3.0961
28.0246,0.6604,2.8399
28.0248,0.6744,2.9024
28.0250,0.7316,3.1428
28.0252,0.8174,3.5083
28.0254,0.7916,3.4024
28.0256,0.7348,3.1611
28.0258,0.7316,3.1457
28.0260,0.6666,2.8689
28.0262,0.6423,2.7646
28.0264,0.6403,2.7533
28.0266,0.6792,2.9217
28.0268,0.6566,2.8326
28.0270,0.5628,2.4259
28.0272,0.5433,2.3394
28.0274,0.5379,2.3194
28.0276,0.5295,2.2832
28.0278,0.5676,2.4443
28.0280,0.6063,2.6069
28.0282,0.7451,3.1995
28.0284,0.7971,3.4261
28.0286,0.6836,2.9394
28.0288,0.7349,3.1616
28.0290,0.6684,2.8766
28.0292,0.6144,2.6505
28.0294,0.5303,2.2847
28.0296,0.6405,2.7569
28.0298,0.6771,2.9211
28.0300,0.5573,2.3999
28.0302,0.5211,2.2471
28.0304,0.5306,2.2879
28.0306,0.5503,2.3683
28.0308,0.5798,2.4964
28.0310,0.582,2.5062
28.0312,0.6112,2.6329
28.0314,0.6124,2.6393
28.0316,0.57,2.4591
28.0318,0.5103,2.1995
28.0320,0.4706,2.0303
28.0322,0.4139,1.7873
28.0324,0.4049,1.7485
28.0326,0.3999,1.7259
28.0328,0.4034,1.7401
28.0330,0.4479,1.9347
28.0332,0.447,1.9248
28.0334,0.5342,2.3034
28.0336,0.4938,2.1302
28.0338,0.4934,2.1256
28.0340,0.5497,2.3701
28.0342,0.4958,2.137
28.0344,0.4857,2.0945
28.0346,0.4853,2.0944
28.0348,0.4848,2.0904
28.0350,0.4861,2.0961
28.0352,0.5035,2.171
28.0354,0.5541,2.3881
28.0356,0.5095,2.1959
28.0358,0.4833,2.0852
28.0360,0.4873,2.1013
28.0362,0.489,2.1095
28.0364,0.4886,2.1079
28.0366,0.5143,2.2145
28.0368,0.5579,2.4013
28.0370,0.6256,2.6936
28.0372,0.5769,2.4794
28.0374,0.6748,2.9005
28.0376,0.7048,3.0293
28.0378,0.7149,3.0669
28.0380,0.7953,3.4104
28.0382,0.8009,3.4373
28.0384,0.8306,3.5616
28.0386,0.9025,3.8647
28.0388,0.9565,4.0938
28.0390,0.9879,4.2283
28.0392,0.9838,4.2128
28.0394,0.9921,4.2502
28.0396,0.973,4.1705
28.0398,0.9745,4.1727
28.0400,0.9795,4.2002
28.0402,0.936,4.0136
28.0404,0.9047,3.8794
28.0406,0.9268,3.9665
28.0408,0.9439,4.0456
28.0410,0.9407,4.0392
28.0412,0.8248,3.5402
28.0414,0.8163,3.5069
28.0416,0.8087,3.4675
28.0418,0.9013,3.8632
28.0420,0.9148,3.9207
28.0422,0.916,3.9295
28.0424,0.8908,3.8233
28.0426,0.9113,3.9076
28.0428,0.925,3.9681
28.0430,0.9024,3.8732
28.0432,0.883,3.7845
28.0434,0.9156,3.9243
28.0436,0.978,4.1935
28.0438,0.9527,4.0831
28.0440,0.9468,4.0617
28.0442,0.9578,4.1071
28.0444,0.9741,4.1732
28.0446,0.9443,4.0528
28.0448,0.9458,4.0557
28.0450,0.9284,3.9812
28.0452,0.877,3.7711
28.0454,0.768,3.304
28.0456,0.7523,3.2349
28.0458,0.7492,3.2245
28.0460,0.7452,3.2059
28.0462,0.7051,3.0331
28.0464,0.68,2.9267
28.0466,0.6547,2.8191
28.0468,0.695,2.987
28.0470,0.7688,3.306
28.0472,0.7423,3.1906
28.0474,0.7457,3.208
28.0476,0.7528,3.2369
28.0478,0.7204,3.0977
28.0480,0.7438,3.1983
28.0482,0.729,3.1392
28.0484,0.6634,2.8568
28.0486,0.6393,2.7543
28.0488,0.5748,2.4764
28.0490,0.6034,2.5993
28.0492,0.6973,3.0052
28.0494,0.6421,2.7649
28.0496,0.6037,2.6033
28.0498,0.5853,2.5237
28.0500,0.5857,2.5222
28.0502,0.5957,2.5651
28.0504,0.6383,2.7509
28.0506,0.6241,2.6912
28.0508,0.608,2.6207
28.0510,0.6077,2.6167
28.0512,0.6015,2.5899
28.0514,0.6446,2.7744
28.0516,0.6423,2.7698
28.0518,0.5897,2.5393
28.0520,0.5832,2.5149
28.0522,0.5426,2.3396
28.0524,0.5385,2.3231
28.0526,0.5403,2.3319
28.0528,0.5408,2.3318
28.0530,0.5592,2.4092
28.0532,0.5521,2.3805
28.0534,0.5344,2.3034
28.0536,0.548,2.3607
28.0538,0.642,2.7618
28.0540,0.6407,2.7574
28.0542,0.639,2.7515
28.0544,0.7108,3.0551
28.0546,0.7144,3.0777
28.0548,0.5837,2.5158
28.0550,0.5326,2.2978
28.0552,0.5604,2.4166
28.0554,0.5383,2.3199
28.0556,0.5294,2.2838
28.0558,0.571,2.4587
28.0560,0.6274,2.7001
28.0562,0.6347,2.7329
28.0564,0.6374,2.7448
28.0566,0.6543,2.8162
28.0568,0.6453,2.7788
28.0570,0.6391,2.7533
28.0572,0.6441,2.7724
28.0574,0.7246,3.1114
28.0576,0.7896,3.3889
28.0578,0.834,3.576
28.0580,0.8311,3.5786
28.0582,0.6619,2.8514
28.0584,0.6146,2.6454
28.0586,0.6182,2.6634
28.0588,0.6113,2.6334
28.0590,0.6132,2.6405
28.0592,0.6222,2.6804
28.0594,0.6251,2.6928
28.0596,0.6276,2.7012
28.0598,0.6206,2.6712
28.0600,0.6551,2.822
28.0602,0.6191,2.6658
28.0604,0.6238,2.6847
28.0606,0.6469,2.7843
28.0608,0.6752,2.9047
28.0610,0.725,3.1115
28.0612,0.8299,3.5668
28.0614,0.8296,3.5658
28.0616,0.7553,3.2463
28.0618,0.7828,3.3705
28.0620,0.6655,2.8682
28.0622,0.6258,2.6922
28.0624,0.6405,2.7582
28.0626,0.6092,2.6234
28.0628,0.6356,2.7345
28.0630,0.6778,2.9174
28.0632,0.6106,2.6315
28.0634,0.6242,2.6855
28.0636,0.6935,2.985
28.0638,0.6794,2.9255
28.0640,0.6644,2.8596
28.0642,0.6367,2.7391
28.0644,0.6855,2.9491
28.0646,0.7352,3.1626
28.0648,0.7066,3.0384
28.0650,0.6847,2.9441
28.0652,0.6763,2.9107
28.0654,0.6566,2.8287
28.0656,0.5933,2.5571
28.0658,0.5515,2.379
28.0660,0.5453,2.3493
28.0662,0.5426,2.3396
28.0664,0.4964,2.1415
28.0666,0.5085,2.1938
28.0668,0.4976,2.1467
28.0670,0.4957,2.1374
28.0672,0.4917,2.1223
28.0674,0.4937,2.1287
28.0676,0.5568,2.3978
28.0678,0.5685,2.4501
28.0680,0.4958,2.138
28.0682,0.4812,2.0758
28.0684,0.4836,2.0872
28.0686,0.4881,2.1058
28.0688,0.4881,2.1049
28.0690,0.5179,2.23
28.0692,0.5917,2.548
28.0694,0.6673,2.8733
28.0696,0.5934,2.5553
28.0698,0.5674,2.4421
28.0700,0.6211,2.6733
28.0702,0.6004,2.5864
28.0704,0.5974,2.5711
28.0706,0.6816,2.9293
28.0708,0.7463,3.2091
28.0710,0.7413,3.18
28.0712,0.8132,3.4919
28.0714,0.8299,3.5602
28.0716,0.824,3.5366
28.0718,0.8061,3.4599
28.0720,0.8901,3.8166
28.0722,0.9437,4.0483
28.0724,0.9203,3.9444
28.0726,0.9222,3.9544
28.0728,0.9167,3.9289
28.0730,0.9271,3.9718
28.0732,0.9435,4.0422
28.0734,0.9571,4.1002
28.0736,0.9847,4.2243
28.0738,0.9286,3.9835
28.0740,0.885,3.795
28.0742,0.8826,3.7865
28.0744,0.9239,3.9635
28.0746,0.9492,4.0682
28.0748,0.9716,4.1682
28.0750,0.9265,3.9766
28.0752,0.8953,3.8428
28.0754,0.85,3.65
28.0756,0.8565,3.6778
28.0758,0.9016,3.8678
28.0760,0.8691,3.7301
28.0762,0.8593,3.6914
28.0764,0.7344,3.161
28.0766,0.712,3.0659
28.0768,0.7208,3.0993
28.0770,0.7223,3.106
28.0772,0.7051,3.0346
28.0774,0.701,3.0156
28.0776,0.7271,3.1251
28.0778,0.7734,3.3272
28.0780,0.6979,3.0022
28.0782,0.6975,3.0034
28.0784,0.6784,2.9186
28.0786,0.6823,2.942
28.0788,0.5639,2.4328
28.0790,0.6041,2.5976
28.0792,0.7078,3.0422
28.0794,0.6469,2.7881
28.0796,0.6052,2.6047
28.0798,0.7639,3.288
28.0800,0.6399,2.7569
28.0802,0.6202,2.6692
28.0804,0.735,3.1577
28.0806,0.7674,3.3029
28.0808,0.6414,2.7631
28.0810,0.6345,2.7311
28.0812,0.6736,2.902
28.0814,0.6275,2.7019
28.0816,0.6543,2.8202
28.0818,0.5982,2.5771
28.0820,0.647,2.7848
28.0822,0.6575,2.831
28.0824,0.6341,2.7278
28.0826,0.6811,2.9313
28.0828,0.6577,2.8294
28.0830,0.6768,2.9155
28.0832,0.6758,2.9086
28.0834,0.7024,3.0218
28.0836,0.6993,3.0084
28.0838,0.651,2.8083
28.0840,0.5164,2.2279
28.0842,0.5152,2.2217
28.0844,0.5847,2.5176
28.0846,0.6664,2.8697
28.0848,0.6009,2.5909
28.0850,0.511,2.2046
28.0852,0.5282,2.2776
28.0854,0.5547,2.3929
28.0856,0.5373,2.3115
28.0858,0.6265,2.699
28.0860,0.5847,2.5176
28.0862,0.6408,2.7605
28.0864,0.5935,2.5582
28.0866,0.578,2.4933
28.0868,0.489,2.1095
28.0870,0.4628,1.9986
28.0872,0.4736,2.0423
28.0874,0.4756,2.0515
28.0876,0.5137,2.214
28.0878,0.6023,2.5935
28.0880,0.6746,2.9075
28.0882,0.5823,2.5131
28.0884,0.4861,2.0971
28.0886,0.4703,2.0288
28.0888,0.4986,2.1499
28.0890,0.5428,2.3406
28.0892,0.565,2.434
28.0894,0.6199,2.6681
28.0896,0.627,2.6986
28.0898,0.6368,2.7396
28.0900,0.661,2.8438
28.0902,0.6139,2.6448
28.0904,0.5765,2.4848
28.0906,0.5827,2.5093
28.0908,0.573,2.4686
28.0910,0.6023,2.5923
28.0912,0.668,2.8697
28.0914,0.7795,3.3488
28.0916,0.8264,3.5486
28.0918,0.8114,3.4793
28.0920,0.8763,3.7715
28.0922,0.6976,3.0067
28.0924,0.5654,2.4356
28.0926,0.5383,2.3199
28.0928,0.5337,2.3013
28.0930,0.5368,2.3148
28.0932,0.5561,2.3958
28.0934,0.5646,2.4325
28.0936,0.5343,2.3029
28.0938,0.5311,2.2868
28.0940,0.6068,2.6131
28.0942,0.6381,2.7415
28.0944,0.7115,3.0596
28.0946,0.6997,3.0113
28.0948,0.6438,2.7734
28.0950,0.6368,2.7435
28.0952,0.5871,2.5279
28.0954,0.5781,2.4915
28.0956,0.5485,2.366
28.0958,0.5245,2.2626
28.0960,0.511,2.2057
28.0962,0.4494,1.9361
28.0964,0.5068,2.1865
28.0966,0.4973,2.1462
28.0968,0.4959,2.1385
28.0970,0.5074,2.1871
28.0972,0.5103,2.1985
28.0974,0.5505,2.3726
28.0976,0.5058,2.1809
28.0978,0.4899,2.1136
28.0980,0.495,2.1343
28.0982,0.5404,2.3271
28.0984,0.5483,2.3622
28.0986,0.5468,2.3566
28.0988,0.4958,2.137
28.0990,0.4938,2.1272
28.0992,0.5726,2.4643
28.0994,0.5887,2.534
28.0996,0.5572,2.4027
28.0998,0.4964,2.1415
28.1000,0.4875,2.1023
28.1002,0.4884,2.1059
28.1004,0.4973,2.1442
28.1006,0.4878,2.1033
28.1008,0.4985,2.1443
28.1010,0.5711,2.4615
28.1012,0.4983,2.1488
28.1014,0.5039,2.1736
28.1016,0.555,2.39
28.1018,0.5636,2.4267
28.1020,0.6079,2.6141
28.1022,0.7269,3.1241
28.1024,0.6923,2.9785
28.1026,0.6505,2.7971
28.1028,0.6674,2.8685
28.1030,0.7102,3.0482
28.1032,0.8096,3.4765
28.1034,0.8071,3.4689
28.1036,0.7265,3.1211
28.1038,0.7494,3.2165
28.1040,0.7902,3.3883
28.1042,0.844,3.6192
28.1044,0.8675,3.7234
28.1046,0.8721,3.736
28.1048,0.9444,4.0439
28.1050,0.9957,4.2636
28.1052,1.0359,4.4377
28.1054,1.0192,4.3622
28.1056,0.9969,4.2648
28.1058,0.9971,4.2718
28.1060,1.0003,4.2891
28.1062,0.9274,3.9747
28.1064,0.9799,4.1959
28.1066,1.0036,4.3015
28.1068,0.9705,4.1577
28.1070,0.9874,4.2262
28.1072,0.9856,4.2264
28.1074,0.8662,3.7143
28.1076,0.865,3.7144
28.1078,0.8726,3.7468
28.1080,0.881,3.7793
28.1082,0.868,3.7272
28.1084,0.8407,3.6082
28.1086,0.8298,3.5663
28.1088,0.8061,3.4599
28.1090,0.8648,3.7116
28.1092,0.8576,3.6859
28.1094,0.8661,3.7173
28.1096,0.8947,3.8385
28.1098,0.8531,3.6668
28.1100,0.7877,3.3854
28.1102,0.8105,3.4768
28.1104,0.8618,3.697
28.1106,0.9132,3.9195
28.1108,0.9058,3.8876
28.1110,0.9656,4.1444
28.1112,0.9312,3.9967
28.1114,0.8609,3.702
28.1116,0.7579,3.2606
28.1118,0.7381,3.1755
28.1120,0.731,3.1446
28.1122,0.6853,2.948
28.1124,0.7475,3.2172
28.1126,0.7221,3.1093
28.1128,0.6633,2.8536
28.1130,0.6628,2.8516
28.1132,0.7009,3.0165
28.1134,0.6795,2.9246
28.1136,0.6926,2.9795
28.1138,0.686,2.9539
28.1140,0.6642,2.8586
28.1142,0.7389,3.1771
28.1144,0.7228,3.1153
28.1146,0.5887,2.5387
28.1148,0.5566,2.4012
28.1150,0.5591,2.4098
28.1152,0.569,2.4522
28.1154,0.5812,2.5061
28.1156,0.5829,2.5145
28.1158,0.6328,2.7259
28.1160,0.6286,2.7053
28.1162,0.6229,2.686
28.1164,0.5688,2.454
28.1166,0.5357,2.3101
28.1168,0.5475,2.3586
28.1170,0.5375,2.3179
28.1172,0.5377,2.3195
28.1174,0.5458,2.3525
28.1176,0.6313,2.7159
28.1178,0.6356,2.7396
28.1180,0.5265,2.2714
28.1182,0.5203,2.2445
28.1184,0.5298,2.2843
28.1186,0.5156,2.2222
28.1188,0.511,2.2046
28.1190,0.5118,2.2098
28.1192,0.5197,2.2419
28.1194,0.5242,2.2594
28.1196,0.5179,2.2321
28.1198,0.515,2.2217
28.1200,0.5254,2.2667
28.1202,0.5325,2.2951
28.1204,0.5389,2.3236
28.1206,0.5294,2.2817
28.1208,0.5506,2.3731
28.1210,0.6079,2.619
28.1212,0.6121,2.6383
28.1214,0.5628,2.4236
28.1216,0.6314,2.7202
28.1218,0.6163,2.6539
28.1220,0.654,2.8108
28.1222,0.7138,3.0679
28.1224,0.75,3.2236
28.1226,0.7474,3.2122
28.1228,0.7474,3.2137
28.1230,0.745,3.2004
28.1232,0.7649,3.2844
28.1234,0.8192,3.5193
28.1236,0.8012,3.4372
28.1238,0.8552,3.6721
28.1240,0.8296,3.5625
28.1242,0.825,3.544
28.1244,0.7697,3.3112
28.1246,0.7082,3.0451
28.1248,0.7046,3.0311
28.1250,0.7302,3.1385
28.1252,0.7808,3.3529
28.1254,0.7969,3.4251
28.1256,0.8051,3.4585
28.1258,0.7868,3.3834
28.1260,0.704,3.0313
28.1262,0.6878,2.9589
28.1264,0.6546,2.8212
28.1266,0.618,2.6611
28.1268,0.6083,2.6193
28.1270,0.6071,2.6153
28.1272,0.6156,2.6508
28.1274,0.6823,2.9338
28.1276,0.7801,3.3514
28.1278,0.7764,3.3416
28.1280,0.6911,2.9747
28.1282,0.6596,2.8442
28.1284,0.58,2.4986
28.1286,0.6012,2.5888
28.1288,0.5893,2.5413
28.1290,0.578,2.4921
28.1292,0.5989,2.5778
28.1294,0.6489,2.793
28.1296,0.6778,2.9188
28.1298,0.6715,2.89
28.1300,0.626,2.6945
28.1302,0.639,2.7515
28.1304,0.601,2.5938
28.1306,0.5317,2.2936
28.1308,0.5264,2.2698
28.1310,0.5115,2.2098
28.1312,0.4473,1.9303
28.1314,0.5124,2.2083
28.1316,0.5315,2.2899
28.1318,0.5302,2.2853
28.1320,0.4934,2.1316
28.1322,0.4717,2.0331
28.1324,0.5445,2.3468
28.1326,0.5361,2.3128
28.1328,0.4903,2.1142
28.1330,0.4881,2.1068
28.1332,0.4896,2.113
28.1334,0.4881,2.1029
28.1336,0.5503,2.3705
28.1338,0.5409,2.3313
28.1340,0.4941,2.1337
28.1342,0.5108,2.2036
28.1344,0.5082,2.1912
28.1346,0.4837,2.0857
28.1348,0.4841,2.0883
28.1350,0.4802,2.0707
28.1352,0.4832,2.0827
28.1354,0.4839,2.0877
28.1356,0.4863,2.0981
28.1358,0.483,2.0826
28.1360,0.5035,2.169
28.1362,0.5657,2.436
28.1364,0.6375,2.744
28.1366,0.6136,2.6432
28.1368,0.572,2.4617
28.1370,0.6289,2.7043
28.1372,0.6734,2.8929
28.1374,0.709,3.0459
28.1376,0.7753,3.3308
28.1378,0.7919,3.4003
28.1380,0.7652,3.2844
28.1382,0.815,3.4931
28.1384,0.9441,4.041
28.1386,1.0113,4.3284
28.1388,0.9988,4.279
28.1390,0.9337,4.0038
28.1392,0.9401,4.0329
28.1394,0.9536,4.0872
28.1396,0.9639,4.1314
28.1398,0.938,4.0204
28.1400,0.9254,3.9628
28.1402,0.978,4.1876
28.1404,0.9684,4.1504
28.1406,0.9619,4.1227
28.1408,0.9922,4.2547
28.1410,0.9648,4.1331
28.1412,0.9594,4.1157
28.1414,0.8832,3.7873
28.1416,0.9408,4.036
28.1418,0.9217,3.9561
28.1420,0.9126,3.9151
28.1422,0.8882,3.8137
28.1424,0.8439,3.6254
28.1426,0.835,3.5856
28.1428,0.8745,3.7533
28.1430,0.8388,3.6066
28.1432,0.7536,3.2436
28.1434,0.7318,3.1496
28.1436,0.736,3.1633
28.1438,0.8518,3.6526
28.1440,0.9179,3.9451
28.1442,0.8601,3.6932
28.1444,0.8682,3.7265
28.1446,0.8482,3.6457
28.1448,0.7903,3.3952
28.1450,0.8041,3.4592
28.1452,0.7494,3.2225
28.1454,0.7019,3.0268
28.1456,0.6269,2.7018
28.1458,0.6258,2.6947
28.1460,0.6246,2.687
28.1462,0.7391,3.1811
28.1464,0.6837,2.9454
28.1466,0.6449,2.7768
28.1468,0.632,2.7215
28.1470,0.6682,2.8788
28.1472,0.6618,2.8535
28.1474,0.6246,2.6883
28.1476,0.6576,2.8302
28.1478,0.6091,2.6278
28.1480,0.5548,2.389
28.1482,0.6503,2.7974
28.1484,0.678,2.9206
28.1486,0.6083,2.6229
28.1488,0.5922,2.5537
28.1490,0.5777,2.4865
28.1492,0.6306,2.7191
28.1494,0.5724,2.4649
28.1496,0.6408,2.7567
28.1498,0.6782,2.9203
28.1500,0.6583,2.8359
28.1502,0.6223,2.6797
28.1504,0.609,2.6273
28.1506,0.5214,2.2491
28.1508,0.6025,2.5921
28.1510,0.712,3.0659
28.1512,0.6036,2.6004
28.1514,0.5926,2.5552
28.1516,0.5899,2.5403
28.1518,0.5847,2.5199
28.1520,0.4945,2.1372
28.1522,0.417,1.8033
28.1524,0.4048,1.7488
28.1526,0.406,1.7515
28.1528,0.4517,1.9486
28.1530,0.5066,2.1845
28.1532,0.4802,2.0736
28.1534,0.4531,1.9566
28.1536,0.4467,1.9287
28.1538,0.4458,1.925
28.1540,0.445,1.9214
28.1542,0.4489,1.9376
28.1544,0.4492,1.9386
28.1546,0.4729,2.0383
28.1548,0.5222,2.2496
28.1550,0.5432,2.3433
28.1552,0.505,2.1778
28.1554,0.5257,2.2657
28.1556,0.5772,2.489
28.1558,0.5524,2.382
28.1560,0.5595,2.4103
28.1562,0.5675,2.4426
28.1564,0.5845,2.5136
28.1566,0.6104,2.631
28.1568,0.554,2.3876
28.1570,0.5585,2.4061
28.1572,0.6039,2.599
28.1574,0.6686,2.8737
28.1576,0.7561,3.2484
28.1578,0.7643,3.2834
28.1580,0.7238,3.1136
28.1582,0.6136,2.6408
28.1584,0.5839,2.5156
28.1586,0.5308,2.29
28.1588,0.5302,2.2863
28.1590,0.5482,2.3606
28.1592,0.6001,2.5854
28.1594,0.5411,2.3334
28.1596,0.5209,2.2471
28.1598,0.5186,2.2341
28.1600,0.5193,2.2372
28.1602,0.5344,2.3023
28.1604,0.5353,2.3081
28.1606,0.5378,2.3168
28.1608,0.651,2.8005
28.1610,0.6614,2.8441
28.1612,0.684,2.9396
28.1614,0.7348,3.1567
28.1616,0.7329,3.1514
28.1618,0.6336,2.727
28.1620,0.5994,2.5799
28.1622,0.665,2.8648
28.1624,0.6154,2.6498
28.1626,0.6109,2.6282
28.1628,0.6059,2.609
28.1630,0.6274,2.7001
28.1632,0.6555,2.8227
28.1634,0.5738,2.4729
28.1636,0.5336,2.2987
28.1638,0.5838,2.5128
28.1640,0.6173,2.6605
28.1642,0.5371,2.3147
28.1644,0.5094,2.1974
28.1646,0.5143,2.2166
28.1648,0.6039,2.5966
28.1650,0.6631,2.8553
28.1652,0.6175,2.6578
28.1654,0.6724,2.8888
28.1656,0.7634,3.2844
28.1658,0.7071,3.0419
28.1660,0.7064,3.0416
28.1662,0.5904,2.5447
28.1664,0.509,2.1959
28.1666,0.533,2.2961
28.1668,0.5232,2.2579
28.1670,0.488,2.1053
28.1672,0.4883,2.1044
28.1674,0.4851,2.0929
28.1676,0.4832,2.0846
28.1678,0.4811,2.0744
28.1680,0.4839,2.0868
28.1682,0.4866,2.0981
28.1684,0.4842,2.0878
28.1686,0.4843,2.0893
28.1688,0.4813,2.0754
28.1690,0.4885,2.1054
28.1692,0.5058,2.1799
28.1694,0.5561,2.3914
28.1696,0.5991,2.5771
28.1698,0.6236,2.6816
28.1700,0.7107,3.0531
28.1702,0.7818,3.357
28.1704,0.7156,3.0742
28.1706,0.7583,3.2576
28.1708,0.7336,3.1515
28.1710,0.7837,3.3606
28.1712,0.8716,3.734
28.1714,0.882,3.7751
28.1716,0.9903,4.2385
28.1718,0.9907,4.2421
28.1720,0.9603,4.116
28.1722,0.9736,4.1731
28.1724,0.977,4.1816
28.1726,0.988,4.2308
28.1728,0.9588,4.1093
28.1730,0.91,3.8983
28.1732,0.9382,4.0266
28.1734,0.8495,3.6462
28.1736,0.8217,3.5318
28.1738,0.7834,3.3653
28.1740,0.8049,3.4564
28.1742,0.8055,3.459
28.1744,0.7988,3.4301
28.1746,0.8046,3.4532
28.1748,0.8362,3.5891
28.1750,0.8029,3.4525
28.1752,0.7563,3.2519
28.1754,0.7413,3.1874
28.1756,0.7396,3.1817
28.1758,0.7317,3.1477
28.1760,0.709,3.0445
28.1762,0.7834,3.3669
28.1764,0.78,3.3493
28.1766,0.8158,3.5033
28.1768,0.8409,3.6075
28.1770,0.9262,3.9732
28.1772,0.9178,3.9372
28.1774,0.826,3.552
28.1776,0.7143,3.0671
28.1778,0.7646,3.2849
28.1780,0.7637,3.2869
28.1782,0.6628,2.8542
28.1784,0.6559,2.8216
28.1786,0.6907,2.9712
28.1788,0.6774,2.9113
28.1790,0.7363,3.1678
28.1792,0.6754,2.9111
28.1794,0.5672,2.4422
28.1796,0.5621,2.4216
28.1798,0.5483,2.3633
28.1800,0.6047,2.6062
28.1802,0.6434,2.7693
28.1804,0.6694,2.8786
28.1806,0.6923,2.9798
28.1808,0.6768,2.9128
28.1810,0.6804,2.9228
28.1812,0.7451,3.2025
28.1814,0.7082,3.0451
28.1816,0.6705,2.8859
28.1818,0.6831,2.9415
28.1820,0.6891,2.9645
28.1822,0.6873,2.9554
28.1824,0.698,3.0027
28.1826,0.7101,3.0562
28.1828,0.6581,2.8349
28.1830,0.5652,2.4339
28.1832,0.5931,2.5537
28.1834,0.6283,2.7093
28.1836,0.5938,2.558
28.1838,0.5997,2.5785
28.1840,0.6627,2.8511
28.1842,0.6619,2.8474
28.1844,0.6688,2.8774
28.1846,0.6638,2.861
28.1848,0.5875,2.53
28.1850,0.6233,2.6851
28.1852,0.5788,2.4958
28.1854,0.5757,2.48
28.1856,0.6107,2.6296
28.1858,0.6157,2.6525
28.1860,0.6305,2.7161
28.1862,0.592,2.5526
28.1864,0.5323,2.2962
28.1866,0.5399,2.3282
28.1868,0.5696,2.4537
28.1870,0.5431,2.3406
28.1872,0.5932,2.5519
28.1874,0.6499,2.8011
28.1876,0.5445,2.3468
28.1878,0.5321,2.2936
28.1880,0.5351,2.3065
28.1882,0.5742,2.4715
28.1884,0.608,2.6207
28.1886,0.5712,2.462
28.1888,0.57,2.4546
28.1890,0.5753,2.4773
28.1892,0.6055,2.6086
28.1894,0.6043,2.6023
28.1896,0.5911,2.5419
28.1898,0.7187,3.0891
28.1900,0.7875,3.3817
28.1902,0.7822,3.3633
28.1904,0.703,3.0244
28.1906,0.7425,3.1896
28.1908,0.7378,3.1725
28.1910,0.6608,2.8415
28.1912,0.656,2.8235
28.1914,0.6992,3.0065
28.1916,0.6949,2.9921
28.1918,0.6941,2.9862
28.1920,0.7428,3.1882
28.1922,0.7585,3.2632
28.1924,0.6517,2.8075
28.1926,0.6293,2.7096
28.1928,0.6145,2.6474
28.1930,0.6176,2.6608
28.1932,0.6416,2.7615
28.1934,0.6435,2.7724
28.1936,0.6108,2.6277
28.1938,0.6535,2.81
28.1940,0.7274,3.1247
28.1942,0.7675,3.2973
28.1944,0.7229,3.11
28.1946,0.673,2.9021
28.1948,0.5591,2.4087
28.1950,0.5573,2.3987
28.1952,0.6248,2.693
28.1954,0.57,2.4591
28.1956,0.5462,2.354
28.1958,0.5463,2.3534
28.1960,0.5592,2.4081
28.1962,0.5612,2.4175
28.1964,0.5494,2.3702
28.1966,0.5455,2.352
28.1968,0.5467,2.3539
28.1970,0.568,2.4481
28.1972,0.591,2.5426
28.1974,0.668,2.8764
28.1976,0.623,2.6803
28.1978,0.6121,2.6383
28.1980,0.5899,2.5403
28.1982,0.6185,2.6619
28.1984,0.6063,2.6093
28.1986,0.6937,2.9828
28.1988,0.7624,3.2767
28.1990,0.7403,3.1804
28.1992,0.6931,2.9788
28.1994,0.7235,3.1111
28.1996,0.6928,2.9819
28.1998,0.6793,2.9209
28.2000,0.6416,2.7641
28.2002,0.5628,2.4259
28.2004,0.5655,2.4372
28.2006,0.5716,2.4624
28.2008,0.5562,2.3963
28.2010,0.582,2.5062
28.2012,0.609,2.6224
28.2014,0.6492,2.7928
28.2016,0.6698,2.8815
28.2018,0.6802,2.9264
28.2020,0.6981,3.0018
28.2022,0.7022,3.018
28.2024,0.7101,3.0562
28.2026,0.691,2.9714
28.2028,0.7401,3.1808
28.2030,0.7666,3.2947
28.2032,0.7607,3.2694
28.2034,0.7941,3.4132
28.2036,0.7836,3.3632
28.2038,0.8058,3.46
28.2040,0.8443,3.6219
28.2042,0.8554,3.6697
28.2044,0.8636,3.7065
28.2046,0.8617,3.6982
28.2048,0.9012,3.8626
28.2050,0.9681,4.1475
28.2052,0.997,4.2733
28.2054,0.9903,4.2405
28.2056,0.9648,4.135
28.2058,0.9774,4.187
28.2060,0.9998,4.2851
28.2062,0.9468,4.0617
28.2064,0.9431,4.042
28.2066,0.9831,4.2136
28.2068,0.9615,4.1231
28.2070,0.9698,4.1547
28.2072,0.963,4.1235
28.2074,0.9673,4.1477
28.2076,0.9666,4.1485
28.2078,0.9441,4.0504
28.2080,0.936,4.0154
28.2082,0.898,3.8542
28.2084,0.8759,3.7612
28.2086,0.8822,3.7897
28.2088,0.8293,3.5593
28.2090,0.8274,3.556
28.2092,0.7969,3.4267
28.2094,0.8055,3.459
28.2096,0.8597,3.6917
28.2098,0.8596,3.6929
28.2100,0.784,3.3679
28.2102,0.8143,3.4966
28.2104,0.8383,3.6046
28.2106,0.7746,3.3385
28.2108,0.6545,2.8155
28.2110,0.7804,3.3602
28.2112,0.7157,3.0805
28.2114,0.6925,2.9845
28.2116,0.5863,2.5236
28.2118,0.7072,3.0396
28.2120,0.7507,3.2297
28.2122,0.7425,3.1956
28.2124,0.7204,3.1049
28.2126,0.6548,2.8222
28.2128,0.5971,2.5761
28.2130,0.5928,2.5562
28.2132,0.6086,2.6196
28.2134,0.6867,2.957
28.2136,0.6342,2.7346
28.2138,0.5909,2.5492
28.2140,0.5923,2.5542
28.2142,0.6227,2.6837
28.2144,0.5835,2.5182
28.2146,0.5072,2.1901
28.2148,0.5181,2.2331
28.2150,0.5956,2.5658
28.2152,0.5654,2.439
28.2154,0.5559,2.3981
28.2156,0.5263,2.2714
28.2158,0.4896,2.114
28.2160,0.4925,2.1264
28.2162,0.4873,2.1022
28.2164,0.4842,2.0897
28.2166,0.486,2.0975
28.2168,0.5047,2.1762
28.2170,0.5709,2.4593
28.2172,0.592,2.5514
28.2174,0.5373,2.319
28.2176,0.4627,1.998
28.2178,0.4524,1.9535
28.2180,0.4509,1.9468
28.2182,0.4441,1.9187
28.2184,0.4452,1.9207
28.2186,0.4423,1.9091
28.2188,0.4429,1.9117
28.2190,0.4483,1.9368
28.2192,0.4453,1.9212
28.2194,0.4443,1.9183
28.2196,0.4674,2.0173
28.2198,0.4613,1.99
28.2200,0.4485,1.9355
28.2202,0.4504,1.9438
28.2204,0.4486,1.936
28.2206,0.4511,1.9451
28.2208,0.4596,1.9846
28.2210,0.4788,2.0655
28.2212,0.5248,2.2599
28.2214,0.6161,2.6516
28.2216,0.65,2.7964
28.2218,0.6765,2.9104
28.2220,0.6818,2.9303
28.2222,0.6891,2.9632
28.2224,0.6873,2.954
28.2226,0.7215,3.1038
28.2228,0.7077,3.0431
28.2230,0.7661,3.2896
28.2232,0.7638,3.2844
28.2234,0.7445,3.1999
28.2236,0.7752,3.3318
28.2238,0.7831,3.3643
28.2240,0.7802,3.3457
28.2242,0.8504,3.6549
28.2244,0.7295,3.1398
28.2246,0.6504,2.7992
28.2248,0.7118,3.062
28.2250,0.6896,2.9694
28.2252,0.6769,2.9133
28.2254,0.6643,2.8564
28.2256,0.7091,3.045
28.2258,0.7379,3.1789
28.2260,0.5879,2.5362
28.2262,0.5421,2.3354
28.2264,0.5407,2.3302
28.2266,0.5397,2.3283
28.2268,0.5227,2.2527
28.2270,0.61,2.6192
28.2272,0.7157,3.0776
28.2274,0.6651,2.86
28.2276,0.663,2.8521
28.2278,0.6814,2.9329
28.2280,0.6181,2.6629
28.2282,0.5951,2.5637
28.2284,0.5734,2.4759
28.2286,0.4959,2.1375
28.2288,0.5126,2.2093
28.2290,0.4982,2.1493
28.2292,0.5041,2.1757
28.2294,0.5047,2.1742
28.2296,0.5368,2.3126
28.2298,0.5427,2.339
28.2300,0.6172,2.6575
28.2302,0.6262,2.695
28.2304,0.6091,2.6229
28.2306,0.5533,2.3856
28.2308,0.556,2.3964
28.2310,0.5958,2.5656
28.2312,0.5848,2.5193
28.2314,0.6226,2.6795
28.2316,0.657,2.8289
28.2318,0.6856,2.9523
28.2320,0.6158,2.6494
28.2322,0.6116,2.6325
28.2324,0.5872,2.5308
28.2326,0.5107,2.2021
28.2328,0.5082,2.1912
28.2330,0.5024,2.1664
28.2332,0.4965,2.1401
28.2334,0.4877,2.1038
28.2336,0.512,2.2057
28.2338,0.5287,2.2786
28.2340,0.4902,2.1127
28.2342,0.4993,2.152
28.2344,0.5534,2.3839
28.2346,0.5235,2.2574
28.2348,0.4868,2.0992
28.2350,0.4861,2.0971
28.2352,0.4825,2.0815
28.2354,0.4826,2.0801
28.2356,0.5301,2.2795
28.2358,0.586,2.5233
28.2360,0.5784,2.4907
28.2362,0.6126,2.6391
28.2364,0.5891,2.5367
28.2366,0.5999,2.5808
28.2368,0.6921,2.9733
28.2370,0.77,3.305
28.2372,0.8138,3.4945
28.2374,0.7808,3.3482
28.2376,0.8343,3.5775
28.2378,0.9009,3.8647
28.2380,0.9117,3.9128
28.2382,0.8241,3.5404
28.2384,0.8198,3.517
28.2386,0.8326,3.5703
28.2388,0.8402,3.6044
28.2390,0.8331,3.5741
28.2392,0.8382,3.6007
28.2394,0.7989,3.4323
28.2396,0.8223,3.5294
28.2398,0.8148,3.4986
28.2400,0.7294,3.1379
28.2402,0.6692,2.8749
28.2404,0.76,3.2603
28.2406,0.8236,3.5367
28.2408,0.8238,3.5372
28.2410,0.8555,3.6737
28.2412,0.8927,3.8279
28.2414,0.8892,3.8166
28.2416,0.8937,3.8338
28.2418,0.8849,3.791
28.2420,0.921,3.9474
28.2422,0.933,3.997
28.2424,0.9695,4.157
28.2426,0.9607,4.1137
28.2428,0.9603,4.1198
28.2430,0.9063,3.8879
28.2432,0.9069,3.8904
28.2434,0.9259,3.9648
28.2436,0.9123,3.9154
28.2438,0.8385,3.6006
28.2440,0.8108,3.4865
28.2442,0.8343,3.5809
28.2444,0.9131,3.9117
28.2446,0.9487,4.0699
28.2448,0.8123,3.4959
28.2450,0.7235,3.1111
28.2452,0.7122,3.0612
28.2454,0.6979,3.0064
28.2456,0.695,2.9912
28.2458,0.7519,3.2303
28.2460,0.7577,3.2596
28.2462,0.7058,3.0405
28.2464,0.6967,2.997
28.2466,0.6757,2.9108
28.2468,0.6098,2.6297
28.2470,0.6006,2.5899
28.2472,0.5895,2.5394
28.2474,0.6306,2.7153
28.2476,0.6443,2.7755
28.2478,0.651,2.8057
28.2480,0.5841,2.5138
28.2482,0.6521,2.8051
28.2484,0.6777,2.921
28.2486,0.5971,2.5713
28.2488,0.6139,2.6436
28.2490,0.6516,2.807
28.2492,0.6673,2.8733
28.2494,0.6643,2.8591
28.2496,0.6333,2.7297
28.2498,0.5827,2.5105
28.2500,0.6121,2.6358
28.2502,0.6476,2.7874
28.2504,0.67,2.8852
28.2506,0.6417,2.7672
28.2508,0.6082,2.62
28.2510,0.653,2.8145
28.2512,0.58,2.4998
28.2514,0.5682,2.4514
28.2516,0.5486,2.3644
28.2518,0.5636,2.4278
28.2520,0.5782,2.4943
28.2522,0.5851,2.5208
28.2524,0.591,2.5426
28.2526,0.6529,2.8114
28.2528,0.6485,2.7949
28.2530,0.5974,2.5747
28.2532,0.571,2.461
28.2534,0.56,2.4135
28.2536,0.5539,2.3816
28.2538,0.681,2.9322
28.2540,0.6188,2.6684
28.2542,0.556,2.3964
28.2544,0.5831,2.5085
28.2546,0.6408,2.7579
28.2548,0.6563,2.8258
28.2550,0.653,2.8106
28.2552,0.6499,2.7985
28.2554,0.6515,2.8052
28.2556,0.6416,2.7641
28.2558,0.6602,2.8402
28.2560,0.7485,3.2109
28.2562,0.8198,3.5202
28.2564,0.7889,3.3953
28.2566,0.688,2.964
28.2568,0.6417,2.7646
28.2570,0.6766,2.9122
28.2572,0.6709,2.8888
28.2574,0.6126,2.6391
28.2576,0.6085,2.6215
28.2578,0.6119,2.6348
28.2580,0.625,2.6886
28.2582,0.7009,3.0165
28.2584,0.6446,2.777
28.2586,0.6053,2.6052
28.2588,0.6245,2.689
28.2590,0.6286,2.7091
28.2592,0.6215,2.6786
28.2594,0.6097,2.6255
28.2596,0.6013,2.5869
28.2598,0.607,2.6136
28.2600,0.5971,2.5713
28.2602,0.6543,2.8176
28.2604,0.6733,2.8964
28.2606,0.7168,3.0823
28.2608,0.715,3.076
28.2610,0.7093,3.0512
28.2612,0.6624,2.8482
28.2614,0.6907,2.974
28.2616,0.67,2.8825
28.2618,0.683,2.9382
28.2620,0.7018,3.0178
28.2622,0.7328,3.1523
28.2624,0.7148,3.0706
28.2626,0.7342,3.157
28.2628,0.654,2.816
28.2630,0.639,2.7515
28.2632,0.6431,2.7677
28.2634,0.66,2.8405
28.2636,0.6963,2.9955
28.2638,0.7233,3.113
28.2640,0.6811,2.9313
28.2642,0.6947,2.986
28.2644,0.7456,3.2075
28.2646,0.654,2.8147
28.2648,0.6175,2.6578
28.2650,0.6079,2.619
28.2652,0.6121,2.6383
28.2654,0.6178,2.6576
28.2656,0.6887,2.963
28.2658,0.6595,2.8384
28.2660,0.6302,2.7125
28.2662,0.6351,2.7349
28.2664,0.6003,2.5847
28.2666,0.5962,2.5683
28.2668,0.6516,2.8057
28.2670,0.6521,2.8091
28.2672,0.5439,2.3464
28.2674,0.4865,2.0996
28.2676,0.4813,2.0754
28.2678,0.4843,2.0874
28.2680,0.48,2.0707
28.2682,0.4848,2.0914
28.2684,0.5232,2.2538
28.2686,0.5902,2.5401
28.2688,0.5644,2.4348
28.2690,0.4961,2.14
28.2692,0.5331,2.2956
28.2694,0.5702,2.4562
28.2696,0.6248,2.6918
28.2698,0.5928,2.5515
28.2700,0.6052,2.601
28.2702,0.722,3.1015
28.2704,0.8088,3.468
28.2706,0.8618,3.6987
28.2708,0.833,3.5735
28.2710,0.8583,3.6821
28.2712,0.8922,3.8294
28.2714,0.842,3.6172
28.2716,0.8429,3.6112
28.2718,0.9728,4.1695
28.2720,0.9774,4.189
28.2722,0.9787,4.1907
28.2724,0.9866,4.2286
28.2726,0.9738,4.1716
28.2728,0.9818,4.2041
28.2730,0.9914,4.2531
28.2732,0.942,4.0411
28.2734,0.9667,4.1452
28.2736,0.9989,4.2795
28.2738,0.9904,4.247
28.2740,0.8945,3.8339
28.2742,0.9211,3.948
28.2744,0.9299,3.9892
28.2746,0.8587,3.6871
28.2748,0.8844,3.7995
28.2750,0.8322,3.5749
28.2752,0.8208,3.526
28.2754,0.8656,3.7135
28.2756,0.882,3.7857
28.2758,0.8129,3.4936
28.2760,0.7895,3.3916
28.2762,0.8607,3.6975
28.2764,0.8577,3.6829
28.2766,0.8163,3.5102
28.2768,0.7756,3.3365
28.2770,0.7299,3.1385
28.2772,0.6416,2.7654
28.2774,0.6007,2.5892
28.2776,0.6054,2.6093
28.2778,0.62,2.6736
28.2780,0.6034,2.603
28.2782,0.5479,2.3613
28.2784,0.5869,2.5274
28.2786,0.6567,2.8253
28.2788,0.6862,2.9522
28.2790,0.6947,2.9888
28.2792,0.7274,3.132
28.2794,0.6125,2.6374
28.2796,0.6277,2.7029
28.2798,0.6837,2.9454
28.2800,0.626,2.697
28.2802,0.6411,2.762
28.2804,0.6157,2.6513
28.2806,0.6174,2.661
28.2808,0.5758,2.4828
28.2810,0.5493,2.3697
28.2812,0.5196,2.2403
28.2814,0.567,2.4451
28.2816,0.5588,2.4094
28.2818,0.5648,2.433
28.2820,0.5921,2.5472
28.2822,0.6501,2.7969
28.2824,0.6729,2.9003
28.2826,0.6126,2.6416
28.2828,0.5757,2.4835
28.2830,0.506,2.1829
28.2832,0.4981,2.1478
28.2834,0.5144,2.2191
28.2836,0.521,2.2476
28.2838,0.518,2.2336
28.2840,0.4926,2.123
28.2842,0.5185,2.2388
28.2844,0.4863,2.0981
28.2846,0.5079,2.1892
28.2848,0.5983,2.574
28.2850,0.6423,2.7685
28.2852,0.5703,2.4579
28.2854,0.5969,2.5702
28.2856,0.6124,2.6405
28.2858,0.4874,2.1037
28.2860,0.4594,1.9835
28.2862,0.4765,2.0547
28.2864,0.4964,2.1415
28.2866,0.4591,1.9816
28.2868,0.4546,1.961
28.2870,0.4525,1.9522
28.2872,0.4538,1.9579
28.2874,0.4866,2.0962
28.2876,0.5407,2.3292
28.2878,0.5589,2.4099
28.2880,0.5558,2.3965
28.2882,0.5435,2.3437
28.2884,0.5535,2.3833
28.2886,0.5853,2.5166
28.2888,0.6529,2.8127
28.2890,0.6072,2.6171
28.2892,0.5657,2.4371
28.2894,0.5985,2.5758
28.2896,0.6817,2.9326
28.2898,0.7272,3.1257
28.2900,0.7528,3.2354
28.2902,0.7257,3.1204
28.2904,0.7199,3.0971
28.2906,0.6658,2.8658
28.2908,0.6433,2.7688
28.2910,0.6355,2.7365
28.2912,0.6205,2.6732
28.2914,0.6102,2.63
28.2916,0.545,2.3489
28.2918,0.5389,2.3225
28.2920,0.5408,2.3329
28.2922,0.5383,2.3178
28.2924,0.6134,2.6378
28.2926,0.6333,2.7247
28.2928,0.6711,2.8885
28.2930,0.6497,2.7935
28.2932,0.6432,2.7708
28.2934,0.5973,2.5706
28.2936,0.6974,3.0001
28.2938,0.6264,2.696
28.2940,0.6176,2.6608
28.2942,0.6192,2.6675
28.2944,0.5929,2.5556
28.2946,0.5278,2.2771
28.2948,0.4736,2.0423
28.2950,0.4676,2.0174
28.2952,0.4622,1.995
28.2954,0.4589,1.9815
28.2956,0.4634,1.9984
28.2958,0.509,2.1928
28.2960,0.5338,2.3029
28.2962,0.4971,2.1446
28.2964,0.5095,2.1949
28.2966,0.5211,2.2471
28.2968,0.5043,2.1747
28.2970,0.5006,2.1576
28.2972,0.5133,2.2114
28.2974,0.5379,2.3184
28.2976,0.539,2.3209
28.2978,0.6248,2.6893
28.2980,0.6051,2.6054
28.2982,0.5932,2.5542
28.2984,0.5905,2.5452
28.2986,0.5576,2.4031
28.2988,0.5037,2.1691
28.2990,0.5637,2.4295
28.2992,0.5439,2.3453
28.2994,0.4849,2.0899
28.2996,0.5554,2.3949
28.2998,0.5139,2.215
28.3000,0.4875,2.1003
28.3002,0.4821,2.08
28.3004,0.4759,2.0521
28.3006,0.4985,2.1473
28.3008,0.5317,2.2883
28.3010,0.563,2.4241
28.3012,0.5782,2.4909
28.3014,0.5959,2.5661
28.3016,0.6063,2.6069
28.3018,0.6005,2.5845
28.3020,0.6162,2.6534
28.3022,0.6046,2.6009
28.3024,0.6848,2.9405
28.3026,0.7694,3.2994
28.3028,0.8385,3.6022
28.3030,0.7841,3.3684
28.3032,0.7732,3.3215
28.3034,0.7824,3.3596
28.3036,0.7971,3.4197
28.3038,0.7843,3.3694
28.3040,0.7938,3.4069
28.3042,0.8192,3.5144
28.3044,0.8331,3.5741
28.3046,0.8459,3.6325
28.3048,0.8572,3.6757
28.3050,0.9724,4.1679
28.3052,0.9834,4.2088
28.3054,0.9918,4.2427
28.3056,1.0005,4.2822
28.3058,0.985,4.2199
28.3060,0.9684,4.1504
28.3062,0.9759,4.1867
28.3064,0.9166,3.9284
28.3066,0.9617,4.1159
28.3068,0.9898,4.2385
28.3070,0.9834,4.2206
28.3072,0.8468,3.6344
28.3074,0.8238,3.5389
28.3076,0.8263,3.548
28.3078,0.8073,3.4683
28.3080,0.8017,3.4425
28.3082,0.8361,3.5886
28.3084,0.8282,3.5546
28.3086,0.8264,3.5469
28.3088,0.8624,3.703
28.3090,0.8512,3.6568
28.3092,0.8669,3.7191
28.3094,0.8353,3.585
28.3096,0.8301,3.5629
28.3098,0.9226,3.9541
28.3100,0.8979,3.8554
28.3102,0.8365,3.5952
28.3104,0.7802,3.3457
28.3106,0.8594,3.6919
28.3108,0.8277,3.5592
28.3110,0.745,3.2034
28.3112,0.7428,3.1912
28.3114,0.7644,3.29
28.3116,0.665,2.8635
28.3118,0.6487,2.7894
28.3120,0.7342,3.1585
28.3122,0.7522,3.2374
28.3124,0.7485,3.2199
28.3126,0.6844,2.9472
28.3128,0.6932,2.9821
28.3130,0.731,3.1475
28.3132,0.6252,2.6933
28.3134,0.6474,2.7837
28.3136,0.7218,3.1039
28.3138,0.7137,3.0731
28.3140,0.6744,2.9011
28.3142,0.7034,3.0259
28.3144,0.7085,3.0524
28.3146,0.6642,2.8586
28.3148,0.6086,2.6245
28.3150,0.5711,2.4604
28.3152,0.6096,2.6274
28.3154,0.608,2.6195
28.3156,0.5983,2.58
28.3158,0.5711,2.4627
28.3160,0.5902,2.5425
28.3162,0.601,2.5902
28.3164,0.5922,2.5513
28.3166,0.6383,2.7471
28.3168,0.6393,2.7543
28.3170,0.5697,2.4576
28.3172,0.492,2.1244
28.3174,0.5193,2.2403
28.3176,0.5512,2.3746
28.3178,0.5238,2.2584
28.3180,0.5325,2.2983
28.3182,0.5345,2.305
28.3184,0.5333,2.3009
28.3186,0.5303,2.2869
28.3188,0.5218,2.2512
28.3190,0.511,2.2036
28.3192,0.5118,2.2067
28.3194,0.5421,2.3375
28.3196,0.5392,2.324
28.3198,0.5239,2.2589
28.3200,0.5365,2.3111
28.3202,0.6046,2.6033
28.3204,0.5592,2.4104
28.3206,0.5619,2.4206
28.3208,0.6878,2.9589
28.3210,0.7034,3.0231
28.3212,0.722,3.103
28.3214,0.7368,3.1684
28.3216,0.7476,3.2118
28.3218,0.756,3.2478
28.3220,0.7507,3.2252
28.3222,0.7534,3.2365
28.3224,0.7476,3.2133
28.3226,0.8053,3.4579
28.3228,0.8162,3.5032
28.3230,0.8652,3.7137
28.3232,0.828,3.5536
28.3234,0.8353,3.5883
28.3236,0.8386,3.6011
28.3238,0.8281,3.5558
28.3240,0.7925,3.4076
28.3242,0.7229,3.1114
28.3244,0.7202,3.0953
28.3246,0.7407,3.1819
28.3248,0.7756,3.3334
28.3250,0.7589,3.2587
28.3252,0.744,3.1963
28.3254,0.7753,3.3308
28.3256,0.7745,3.3365
28.3258,0.638,2.7473
28.3260,0.6191,2.6682
28.3262,0.6188,2.666
28.3264,0.6245,2.6877
28.3266,0.6276,2.6987
28.3268,0.6951,2.9862
28.3270,0.7634,3.2828
28.3272,0.7561,3.2574
28.3274,0.7017,3.0229
28.3276,0.6977,3.0031
28.3278,0.6432,2.7708
28.3280,0.5739,2.4746
28.3282,0.5337,2.3024
28.3284,0.5738,2.4717
28.3286,0.6348,2.7334
28.3288,0.603,2.5966
28.3290,0.6061,2.6148
28.3292,0.5541,2.3903
28.3294,0.5164,2.229
28.3296,0.5036,2.1716
28.3298,0.5456,2.3482
28.3300,0.6166,2.6512
28.3302,0.6957,2.9985
28.3304,0.5739,2.4746
28.3306,0.5881,2.5314
28.3308,0.6134,2.639
28.3310,0.7139,3.0727
28.3312,0.6435,2.7737
28.3314,0.5865,2.5288
28.3316,0.5098,2.1974
28.3318,0.4995,2.155
28.3320,0.5428,2.3396
28.3322,0.5963,2.5677
28.3324,0.6003,2.5847
28.3326,0.6222,2.6804
28.3328,0.6156,2.6508
28.3330,0.583,2.515
28.3332,0.5109,2.2031
28.3334,0.5559,2.3937
28.3336,0.5642,2.4338
28.3338,0.4995,2.155
28.3340,0.4961,2.142
28.3342,0.492,2.1224
28.3344,0.4925,2.1235
28.3346,0.4927,2.1255
28.3348,0.4902,2.1137
28.3350,0.52,2.2424
28.3352,0.4776,2.0594
28.3354,0.4833,2.0842
28.3356,0.512,2.2078
28.3358,0.575,2.4746
28.3360,0.6202,2.6729
28.3362,0.5814,2.5048
28.3364,0.628,2.7002
28.3366,0.6842,2.9393
28.3368,0.731,3.1416
28.3370,0.7744,3.3251
28.3372,0.8395,3.6013
28.3374,0.8708,3.7408
28.3376,0.829,3.5582
28.3378,0.8858,3.791
28.3380,0.9918,4.2447
28.3382,0.9836,4.2137
28.3384,0.9817,4.2055
28.3386,0.9751,4.1773
28.3388,0.9559,4.0989
28.3390,0.9601,4.1169
28.3392,0.9416,4.0358
28.3394,0.9337,3.9963
28.3396,0.9818,4.208
28.3398,0.9693,4.1584
28.3400,0.9447,4.0492
28.3402,0.959,4.1065
28.3404,1.0073,4.3175
28.3406,0.9889,4.2383
28.3408,0.918,3.9401
28.3410,0.8848,3.7975
28.3412,0.9276,3.9757
28.3414,0.9477,4.0658
28.3416,0.9438,4.0451
28.3418,0.966,4.146
28.3420,0.9118,3.917
28.3422,0.7733,3.3313
28.3424,0.6935,2.9836
28.3426,0.7169,3.0828
28.3428,0.7332,3.1529
28.3430,0.6804,2.9282
28.3432,0.7021,3.0231
28.3434,0.707,3.0442
28.3436,0.6853,2.9494
28.3438,0.6705,2.8846
28.3440,0.7401,3.1808
28.3442,0.8049,3.4628
28.3444,0.7385,3.1726
28.3446,0.7624,3.2812
28.3448,0.7173,3.0858
28.3450,0.7403,3.1833
28.3452,0.7521,3.2323
28.3454,0.7431,3.1982
28.3456,0.7337,3.1564
28.3458,0.7174,3.0863
28.3460,0.6661,2.8682
28.3462,0.6679,2.8719
28.3464,0.7396,3.1787
28.3466,0.7416,3.1934
28.3468,0.6892,2.9678
28.3470,0.7136,3.0712
28.3472,0.6909,2.975
28.3474,0.6003,2.5919
28.3476,0.5059,2.1834
28.3478,0.4927,2.1245
28.3480,0.5052,2.1803
28.3482,0.5136,2.2176
28.3484,0.4917,2.1223
28.3486,0.4962,2.1395
28.3488,0.5543,2.3892
28.3490,0.5909,2.548
28.3492,0.6148,2.6472
28.3494,0.5762,2.4867
28.3496,0.5311,2.291
28.3498,0.5188,2.2352
28.3500,0.6034,2.5981
28.3502,0.5969,2.5714
28.3504,0.5687,2.4557
28.3506,0.5005,2.1581
28.3508,0.5607,2.4132
28.3510,0.6034,2.5969
28.3512,0.5345,2.3071
28.3514,0.4594,1.9808
28.3516,0.4618,1.993
28.3518,0.4524,1.9535
28.3520,0.4696,2.0247
28.3522,0.5446,2.3473
28.3524,0.5669,2.4434
28.3526,0.5856,2.5229
28.3528,0.654,2.8147
28.3530,0.6212,2.6751
28.3532,0.5859,2.5263
28.3534,0.5477,2.3596
28.3536,0.5537,2.3866
28.3538,0.5658,2.4388
28.3540,0.5675,2.4449
28.3542,0.559,2.4082
28.3544,0.5639,2.4294
28.3546,0.5631,2.4269
28.3548,0.5625,2.4232
28.3550,0.6199,2.6681
28.3552,0.6535,2.8166
28.3554,0.5838,2.5151
28.3556,0.6194,2.6636
28.3558,0.6866,2.9564
28.3560,0.6658,2.8631
28.3562,0.717,3.0819
28.3564,0.6988,3.0091
28.3566,0.5708,2.4611
28.3568,0.5381,2.3205
28.3570,0.582,2.5051
28.3572,0.6154,2.6522
28.3574,0.5503,2.3727
28.3576,0.5326,2.2946
28.3578,0.5806,2.5012
28.3580,0.5481,2.3623
28.3582,0.5368,2.3137
28.3584,0.5323,2.2973
28.3586,0.5269,2.2698
28.3588,0.5573,2.4021
28.3590,0.5303,2.2869
28.3592,0.5393,2.3246
28.3594,0.5565,2.3962
28.3596,0.5902,2.5401
28.3598,0.636,2.736
28.3600,0.6678,2.8714
28.3602,0.7075,3.0491
28.3604,0.6494,2.7925
28.3606,0.6658,2.8671
28.3608,0.6269,2.6981
28.3610,0.6626,2.8519
28.3612,0.6137,2.6413
28.3614,0.6371,2.7445
28.3616,0.5974,2.5735
28.3618,0.6138,2.643
28.3620,0.6268,2.6963
28.3622,0.6143,2.6451
28.3624,0.591,2.5461
28.3626,0.5868,2.5257
28.3628,0.6142,2.6409
28.3630,0.6944,2.9831
28.3632,0.7362,3.1643
28.3634,0.7403,3.1818
28.3636,0.7425,3.1911
28.3638,0.7588,3.2582
28.3640,0.7464,3.2141
28.3642,0.6288,2.7063
28.3644,0.6293,2.7071
28.3646,0.5866,2.5282
28.3648,0.5487,2.3671
28.3650,0.5432,2.3411
28.3652,0.5926,2.554
28.3654,0.5318,2.2931
28.3656,0.5106,2.1985
28.3658,0.5354,2.3064
28.3660,0.5374,2.3163
28.3662,0.5379,2.3173
28.3664,0.5447,2.3467
28.3666,0.5413,2.3339
28.3668,0.5483,2.3633
28.3670,0.5505,2.3704
28.3672,0.5952,2.5606
28.3674,0.6115,2.6345
28.3676,0.5657,2.4371
28.3678,0.5621,2.4194
28.3680,0.5584,2.4079
28.3682,0.5284,2.2775
28.3684,0.5269,2.2698
28.3686,0.5423,2.3375
28.3688,0.5944,2.5594
28.3690,0.6337,2.7249
28.3692,0.7162,3.074
28.3694,0.7744,3.3298
28.3696,0.6716,2.8852
28.3698,0.7479,3.2098
28.3700,0.8182,3.5103
28.3702,0.8973,3.8475
28.3704,0.9262,3.9677
28.3706,0.9141,3.9158
28.3708,0.9843,4.207
28.3710,1.0907,4.6659
28.3712,1.0783,4.6131
28.3714,1.0653,4.5593
28.3716,1.0135,4.3416
28.3718,0.9906,4.2415
28.3720,1.046,4.4788
28.3722,1.0358,4.4393
28.3724,0.9372,4.0131
28.3726,1.0487,4.4885
28.3728,1.0528,4.5059
28.3730,1.0424,4.4654
28.3732,1.0139,4.3478
28.3734,0.9908,4.2465
28.3736,0.9953,4.2661
28.3738,0.8991,3.8534
28.3740,0.9582,4.1106
28.3742,0.9325,4.0005
28.3744,0.9283,3.9788
28.3746,0.9958,4.2701
28.3748,0.9895,4.2429
28.3750,0.9932,4.2588
28.3752,0.9589,4.1118
28.3754,0.934,4.0011
28.3756,1.0058,4.3088
28.3758,1.0542,4.5205
28.3760,0.8882,3.812
28.3762,0.8684,3.734
28.3764,0.872,3.7477
28.3766,0.8513,3.6557
28.3768,0.8348,3.5863
28.3770,0.8469,3.6383
28.3772,0.8332,3.5796
28.3774,0.8434,3.6301
28.3776,0.7632,3.2849
28.3778,0.7254,3.1223
28.3780,0.7258,3.1224
28.3782,0.8015,3.4415
28.3784,0.8176,3.5192
28.3786,0.7036,3.0298
28.3788,0.6929,2.981
28.3790,0.7216,3.1014
28.3792,0.7617,3.2766
28.3794,0.7868,3.3865
28.3796,0.7853,3.3767
28.3798,0.8236,3.5384
28.3800,0.7829,3.3695
28.3802,0.726,3.122
28.3804,0.7427,3.1936
28.3806,0.7439,3.1988
28.3808,0.7365,3.1727
28.3810,0.7022,3.0236
28.3812,0.7124,3.0689
28.3814,0.6832,2.9406
28.3816,0.6861,2.9558
28.3818,0.6911,2.9761
28.3820,0.6923,2.9798
28.3822,0.6868,2.9561
28.3824,0.7277,3.1321
28.3826,0.7344,3.161
28.3828,0.6873,2.9582
28.3830,0.7509,3.2287
28.3832,0.7681,3.3075
28.3834,0.6541,2.8178
28.3836,0.6268,2.7001
28.3838,0.6386,2.7486
28.3840,0.642,2.7644
28.3842,0.6134,2.6452
28.3844,0.6037,2.6021
28.3846,0.5898,2.5421
28.3848,0.5986,2.5799
28.3850,0.6337,2.73
28.3852,0.6577,2.8346
28.3854,0.5877,2.5328
28.3856,0.5512,2.3768
28.3858,0.5539,2.3904
28.3860,0.5547,2.3896
28.3862,0.6098,2.6309
28.3864,0.557,2.3994
28.3866,0.6196,2.6678
28.3868,0.6343,2.7326
28.3870,0.6342,2.7334
28.3872,0.6319,2.7223
28.3874,0.6646,2.8593
28.3876,0.7071,3.0433
28.3878,0.7278,3.1341
28.3880,0.6825,2.9348
28.3882,0.744,3.1978
28.3884,0.7525,3.2359
28.3886,0.683,2.941
28.3888,0.6263,2.6992
28.3890,0.6176,2.6633
28.3892,0.6161,2.6541
28.3894,0.6428,2.7628
28.3896,0.7895,3.3931
28.3898,0.8344,3.5864
28.3900,0.7344,3.1625
28.3902,0.6236,2.6879
28.3904,0.619,2.669
28.3906,0.6162,2.6571
28.3908,0.6559,2.8216
28.3910,0.7051,3.0374
28.3912,0.6673,2.8747
28.3914,0.6368,2.7435
28.3916,0.617,2.6582
28.3918,0.6182,2.6634
28.3920,0.6211,2.677
28.3922,0.6634,2.8568
28.3924,0.6337,2.7313
28.3926,0.6374,2.746
28.3928,0.6564,2.8263
28.3930,0.6338,2.7267
28.3932,0.6886,2.9625
28.3934,0.7083,3.0499
28.3936,0.6774,2.9194
28.3938,0.654,2.816
28.3940,0.662,2.8519
28.3942,0.611,2.6348
28.3944,0.5901,2.5432
28.3946,0.6198,2.6701
28.3948,0.6355,2.7365
28.3950,0.624,2.6869
28.3952,0.6566,2.8247
28.3954,0.6965,2.9993
28.3956,0.6583,2.8372
28.3958,0.6048,2.6055
28.3960,0.6155,2.6478
28.3962,0.6592,2.84
28.3964,0.6241,2.6924
28.3966,0.5211,2.245
28.3968,0.6049,2.6048
28.3970,0.6397,2.7584
28.3972,0.5693,2.456
28.3974,0.4959,2.1415
28.3976,0.5218,2.2512
28.3978,0.526,2.2704
28.3980,0.4982,2.1493
28.3982,0.4867,2.0987
28.3984,0.4809,2.0767
28.3986,0.4802,2.0727
28.3988,0.4861,2.0971
28.3990,0.489,2.1114
28.3992,0.4827,2.0845
28.3994,0.5227,2.2517
28.3996,0.5252,2.2657
28.3998,0.4914,2.1169
28.4000,0.5542,2.3864
28.4002,0.5758,2.4805
28.4004,0.5664,2.4414
28.4006,0.586,2.5256
28.4008,0.6134,2.6415
28.4010,0.6102,2.6276
28.4012,0.6078,2.6184
28.4014,0.638,2.7473
28.4016,0.6312,2.7179
28.4018,0.594,2.5626
28.4020,0.5939,2.5561
28.4022,0.6157,2.6538
28.4024,0.5775,2.4878
28.4026,0.6602,2.8336
28.4028,0.7656,3.289
28.4030,0.7403,3.1789
28.4032,0.7589,3.2572
28.4034,0.8325,3.5698
28.4036,0.8747,3.7508
28.4038,0.9305,3.9918
28.4040,0.953,4.0808
28.4042,0.9979,4.2709
28.4044,1.0223,4.3776
28.4046,0.9924,4.2532
28.4048,0.9163,3.9311
28.4050,0.904,3.8799
28.4052,0.897,3.8447
28.4054,0.9412,4.0357
28.4056,0.9523,4.0835
28.4058,0.9787,4.1907
28.4060,0.9834,4.2147
28.4062,0.9638,4.1309
28.4064,0.9837,4.2162
28.4066,0.9588,4.117
28.4068,0.89,3.8197
28.4070,0.9491,4.0696
28.4072,0.9015,3.8691
28.4074,0.8377,3.597
28.4076,0.8958,3.8467
28.4078,0.851,3.6558
28.4080,0.8314,3.5752
28.4082,0.7922,3.4097
28.4084,0.7757,3.3323
28.4086,0.7971,3.4277
28.4088,0.7432,3.1987
28.4090,0.7253,3.1203
28.4092,0.7951,3.4142
28.4094,0.8318,3.5701
28.4096,0.8268,3.5567
28.4098,0.8058,3.4664
28.4100,0.7552,3.2503
28.4102,0.7572,3.2545
28.4104,0.735,3.1695
28.4106,0.622,2.6806
28.4108,0.6567,2.8226
28.4110,0.7356,3.1647
28.4112,0.6829,2.9418
28.4114,0.6638,2.861
28.4116,0.6439,2.7726
28.4118,0.6494,2.799
28.4120,0.6891,2.9659
28.4122,0.6748,2.9032
28.4124,0.7155,3.0795
28.4126,0.7036,3.0298
28.4128,0.6971,2.9977
28.4130,0.7306,3.1474
28.4132,0.6385,2.7532
28.4134,0.5994,2.5859
28.4136,0.6113,2.6322
28.4138,0.6853,2.948
28.4140,0.653,2.8184
28.4142,0.5142,2.2191
28.4144,0.4961,2.14
28.4146,0.5576,2.4031
28.4148,0.6101,2.6331
28.4150,0.5357,2.3123
28.4152,0.5032,2.171
28.4154,0.5252,2.2688
28.4156,0.4824,2.081
28.4158,0.4961,2.14
28.4160,0.5527,2.3775
28.4162,0.5675,2.4506
28.4164,0.413,1.7848
28.4166,0.4049,1.7501
28.4168,0.4042,1.747
28.4170,0.4096,1.7678
28.4172,0.459,1.9829
28.4174,0.4493,1.94
28.4176,0.4528,1.9514
28.4178,0.5061,2.1834
28.4180,0.4771,2.0621
28.4182,0.4375,1.8902
28.4184,0.4481,1.9331
28.4186,0.4827,2.0845
28.4188,0.474,2.0467
28.4190,0.459,1.9801
28.4192,0.4603,1.9868
28.4194,0.4556,1.9657
28.4196,0.5462,2.3529
28.4198,0.6005,2.5845
28.4200,0.6274,2.7001
28.4202,0.6341,2.729
28.4204,0.6637,2.8565
28.4206,0.675,2.9037
28.4208,0.6801,2.9218
28.4210,0.7264,3.125
28.4212,0.6987,3.0072
28.4214,0.6832,2.9379
28.4216,0.7048,3.0321
28.4218,0.6892,2.9651
28.4220,0.701,3.0184
28.4222,0.7144,3.0662
28.4224,0.8019,3.4419
28.4226,0.8512,3.6551
28.4228,0.7992,3.4381
28.4230,0.6982,3.0037
28.4232,0.6697,2.8823
28.4234,0.6536,2.8145
28.4236,0.6746,2.9048
28.4238,0.6775,2.9131
28.4240,0.6874,2.9559
28.4242,0.6884,2.9642
28.4244,0.6028,2.598
28.4246,0.5722,2.4639
28.4248,0.5898,2.5421
28.4250,0.5639,2.4305
28.4252,0.5506,2.3742
28.4254,0.5614,2.4185
28.4256,0.5915,2.5517
28.4258,0.5666,2.4373
28.4260,0.6631,2.8539
28.4262,0.7007,3.016
28.4264,0.6541,2.8178
28.4266,0.6134,2.6427
28.4268,0.5812,2.5038
28.4270,0.5698,2.4581
28.4272,0.4854,2.0939
28.4274,0.4694,2.027
28.4276,0.4672,2.0163
28.4278,0.4855,2.0935
28.4280,0.4847,2.0879
28.4282,0.5128,2.2073
28.4284,0.591,2.5485
28.4286,0.5355,2.3112
28.4288,0.5342,2.3034
28.4290,0.5198,2.2403
28.4292,0.5386,2.3204
28.4294,0.6075,2.6132
28.4296,0.6709,2.8875
28.4298,0.6411,2.7569
28.4300,0.6531,2.8098
28.4302,0.6356,2.7396
28.4304,0.5914,2.5477
28.4306,0.6218,2.6752
28.4308,0.7108,3.0522
28.4310,0.7043,3.0329
28.4312,0.5401,2.3298
28.4314,0.4949,2.1358
28.4316,0.4998,2.156
28.4318,0.4974,2.1437
28.4320,0.5374,2.3141
28.4322,0.5763,2.4837
28.4324,0.6132,2.6405
28.4326,0.6612,2.8443
28.4328,0.629,2.7086
28.4330,0.5471,2.3593
28.4332,0.5035,2.17
28.4334,0.5351,2.3075
28.4336,0.5015,2.1623
28.4338,0.4848,2.0904
28.4340,0.4756,2.0506
28.4342,0.4851,2.0919
28.4344,0.486,2.0956
28.4346,0.5029,2.1665
28.4348,0.5088,2.1918
28.4350,0.5341,2.3008
28.4352,0.5656,2.4366
28.4354,0.5895,2.5382
28.4356,0.6274,2.6989
28.4358,0.6511,2.7997
28.4360,0.6739,2.8977
28.4362,0.7039,3.0238
28.4364,0.75,3.2161
28.4366,0.8198,3.5186
28.4368,0.8022,3.4462
28.4370,0.7646,3.2865
28.4372,0.7904,3.3909
28.4374,0.8343,3.5775
28.4376,0.869,3.7279
28.4378,0.8895,3.8123
28.4380,0.9426,4.0399
28.4382,0.956,4.0975
28.4384,0.993,4.2498
28.4386,0.9613,4.1201
28.4388,0.9497,4.0684
28.4390,0.9904,4.245
28.4392,0.9842,4.2124
28.4394,0.9482,4.0717
28.4396,0.8336,3.5778
28.4398,0.8289,3.5577
28.4400,0.8687,3.7303
28.4402,0.8312,3.5708
28.4404,0.8312,3.5675
28.4406,0.9009,3.8665
28.4408,0.8758,3.7519
28.4410,0.9079,3.8914
28.4412,0.9293,3.9866
28.4414,0.939,4.032
28.4416,0.8867,3.8076
28.4418,0.8434,3.6234
28.4420,0.8186,3.52
28.4422,0.7768,3.337
28.4424,0.7589,3.2587
28.4426,0.8232,3.5314
28.4428,0.8608,3.6946
28.4430,0.8431,3.6252
28.4432,0.768,3.304
28.4434,0.7956,3.4162
28.4436,0.8587,3.6836
28.4438,0.8584,3.6998
28.4440,0.686,2.9498
28.4442,0.7469,3.2102
28.4444,0.7209,3.1012
28.4446,0.6926,2.9823
28.4448,0.6857,2.9528
28.4450,0.6712,2.889
28.4452,0.6819,2.9336
28.4454,0.666,2.8676
28.4456,0.6955,2.9891
28.4458,0.7578,3.2571
28.4460,0.7563,3.2534
28.4462,0.6977,3.0059
28.4464,0.6655,2.8669
28.4466,0.6907,2.9712
28.4468,0.6901,2.9728
28.4470,0.6656,2.8674
28.4472,0.6537,2.815
28.4474,0.6943,2.9881
28.4476,0.6499,2.7972
28.4478,0.644,2.7757
28.4480,0.6071,2.6166
28.4482,0.6042,2.6042
28.4484,0.5708,2.4611
28.4486,0.571,2.461
28.4488,0.5813,2.5066
28.4490,0.58,2.4963
28.4492,0.6835,2.9362
28.4494,0.7384,3.1795
28.4496,0.6399,2.7607
28.4498,0.5125,2.2119
28.4500,0.4927,2.1255
28.4502,0.5619,2.4206
28.4504,0.562,2.4222
28.4506,0.5312,2.2884
28.4508,0.5451,2.3483
28.4510,0.6016,2.5916
28.4512,0.5959,2.5685
28.4514,0.5778,2.4905
28.4516,0.5435,2.3437
28.4518,0.5386,2.3215
28.4520,0.5411,2.3323
28.4522,0.5648,2.433
28.4524,0.6196,2.6629
28.4526,0.7577,3.2566
28.4528,0.7186,3.0914
28.4530,0.6885,2.9661
28.4532,0.6331,2.7274
28.4534,0.6288,2.7076
28.4536,0.6341,2.7316
28.4538,0.6339,2.7311
28.4540,0.6323,2.7213
28.4542,0.6524,2.8054
28.4544,0.7572,3.25
28.4546,0.7973,3.4266
28.4548,0.7461,3.2096
28.4550,0.7181,3.0922
28.4552,0.6471,2.7879
28.4554,0.6263,2.6955
28.4556,0.6284,2.7048
28.4558,0.6539,2.8103
28.4560,0.7051,3.0303
28.4562,0.6993,3.0126
28.4564,0.6212,2.6775
28.4566,0.6208,2.6742
28.4568,0.6774,2.9126
28.4570,0.6922,2.9807
28.4572,0.6197,2.6696
28.4574,0.6154,2.6498
28.4576,0.6142,2.6434
28.4578,0.6108,2.6289
28.4580,0.6103,2.6281
28.4582,0.6434,2.7693
28.4584,0.6708,2.887
28.4586,0.667,2.8763
28.4588,0.5853,2.5213
28.4590,0.5708,2.4588
28.4592,0.6251,2.6903
28.4594,0.6196,2.6703
28.4596,0.5853,2.5213
28.4598,0.6735,2.8961
28.4600,0.7416,3.1875
28.4602,0.7461,3.2036
28.4604,0.7911,3.4035
28.4606,0.695,2.9912
28.4608,0.6666,2.8662
28.4610,0.6685,2.8745
28.4612,0.7266,3.1274
28.4614,0.7552,3.2488
28.4616,0.6951,2.9903
28.4618,0.6583,2.8385
28.4620,0.5794,2.4972
28.4622,0.5669,2.4366
28.4624,0.674,2.8968
28.4626,0.7151,3.0736
28.4628,0.719,3.0959
28.4630,0.7101,3.0534
28.4632,0.7506,3.2262
28.4634,0.7852,3.3714
28.4636,0.7666,3.2932
28.4638,0.7223,3.1089
28.4640,0.6729,2.8962
28.4642,0.6745,2.903
28.4644,0.6579,2.8344
28.4646,0.645,2.7799
28.4648,0.6186,2.6637
28.4650,0.6223,2.6809
28.4652,0.6132,2.6454
28.4654,0.5262,2.2698
28.4656,0.506,2.1829
28.4658,0.4999,2.1545
28.4660,0.5151,2.2181
28.4662,0.556,2.4009
28.4664,0.4873,2.1042
28.4666,0.4801,2.0712
28.4668,0.48,2.0687
28.4670,0.5164,2.2259
28.4672,0.5585,2.4084
28.4674,0.4998,2.154
28.4676,0.4872,2.0998
28.4678,0.4845,2.0903
28.4680,0.4863,2.0991
28.4682,0.5012,2.1592
28.4684,0.5385,2.3199
28.4686,0.5965,2.5687
28.4688,0.5969,2.5702
28.4690,0.6031,2.5947
28.4692,0.677,2.9084
28.4694,0.7503,3.2216
28.4696,0.7875,3.3833
28.4698,0.7676,3.3024
28.4700,0.7298,3.135
28.4702,0.7807,3.3508
28.4704,0.8078,3.4639
28.4706,0.9179,3.9304
28.4708,0.9735,4.1686
28.4710,0.9782,4.1906
28.4712,0.9807,4.2034
28.4714,0.9795,4.2002
28.4716,0.9878,4.2297
28.4718,0.977,4.1855
28.4720,0.9362,4.0108
28.4722,0.9445,4.0463
28.4724,0.9671,4.1429
28.4726,0.9703,4.1567
28.4728,0.9886,4.2353
28.4730,0.956,4.0994
28.4732,0.9691,4.1535
28.4734,0.9828,4.2141
28.4736,0.939,4.0245
28.4738,0.9691,4.1555
28.4740,0.9199,3.9502
28.4742,0.9133,3.92
28.4744,0.9023,3.8709
28.4746,0.9191,3.9447
28.4748,1.0039,4.3066
28.4750,0.8698,3.7436
28.4752,0.6838,2.9405
28.4754,0.7186,3.0929
28.4756,0.6618,2.8509
28.4758,0.6338,2.7293
28.4760,0.6781,2.9171
28.4762,0.7622,3.2777
28.4764,0.7467,3.2121
28.4766,0.6879,2.958
28.4768,0.6868,2.9561
28.4770,0.6714,2.8895
28.4772,0.6776,2.9191
28.4774,0.6417,2.7672
28.4776,0.5781,2.4938
28.4778,0.5728,2.4676
28.4780,0.6256,2.6949
28.4782,0.6688,2.8774
28.4784,0.6896,2.968
28.4786,0.6218,2.6789
28.4788,0.6355,2.739
28.4790,0.647,2.7861
28.4792,0.5955,2.5688
28.4794,0.5289,2.2807
28.4796,0.5624,2.4249
28.4798,0.6023,2.5923
28.4800,0.6452,2.7783
28.4802,0.6636,2.856
28.4804,0.6877,2.957
28.4806,0.7191,3.0935
28.4808,0.7328,3.1582
28.4810,0.6495,2.7943
28.4812,0.6603,2.846
28.4814,0.5829,2.5145
28.4816,0.5555,2.3988
28.4818,0.4824,2.082
28.4820,0.5138,2.2135
28.4822,0.6031,2.5971
28.4824,0.6563,2.8298
28.4826,0.6059,2.6126
28.4828,0.5612,2.4209
28.4830,0.4884,2.1098
28.4832,0.4766,2.0571
28.4834,0.4857,2.0955
28.4836,0.4878,2.1043
28.4838,0.4963,2.144
28.4840,0.4921,2.1229
28.4842,0.5529,2.3841
28.4844,0.5586,2.41
28.4846,0.5265,2.2745
28.4848,0.4791,2.069
28.4850,0.474,2.0448
28.4852,0.4658,2.0096
28.4854,0.468,2.0189
28.4856,0.5194,2.2357
28.4858,0.6656,2.8621
28.4860,0.6634,2.8568
28.4862,0.6045,2.6052
28.4864,0.5752,2.4802
28.4866,0.5604,2.4155
28.4868,0.5624,2.4227
28.4870,0.555,2.39
28.4872,0.5649,2.4301
28.4874,0.669,2.8779
28.4876,0.729,3.1363
28.4878,0.753,3.2395
28.4880,0.7295,3.1369
28.4882,0.6941,2.9904
28.4884,0.6071,2.6141
28.4886,0.5968,2.5697
28.4888,0.5595,2.408
28.4890,0.6176,2.6633
28.4892,0.5531,2.3862
28.4894,0.5463,2.3545
28.4896,0.5499,2.3711
28.4898,0.5377,2.3163
28.4900,0.5339,2.3002
28.4902,0.5335,2.2971
28.4904,0.5451,2.3461
28.4906,0.6174,2.661
28.4908,0.5744,2.4778
28.4910,0.5212,2.2465
28.4912,0.5062,2.184
28.4914,0.5381,2.3183
28.4916,0.6047,2.6002
28.4918,0.6915,2.9721
28.4920,0.6405,2.7582
28.4922,0.5351,2.3097
28.4924,0.4762,2.0551
28.4926,0.471,2.0328
28.4928,0.4829,2.0812
28.4930,0.5559,2.3937
28.4932,0.6009,2.5885
28.4934,0.5923,2.5471
28.4936,0.6694,2.8786
28.4938,0.6837,2.9413
28.4940,0.6146,2.6442
28.4942,0.5753,2.4819
28.4944,0.4939,2.1317
28.4946,0.4837,2.0867
28.4948,0.4732,2.0393
28.4950,0.4824,2.08
28.4952,0.4788,2.0645
28.4954,0.4825,2.0815
28.4956,0.4835,2.0847
28.4958,0.5257,2.2614
28.4960,0.585,2.518
28.4962,0.6293,2.7109
28.4964,0.6131,2.6399
28.4966,0.6307,2.7133
28.4968,0.5993,2.5794
28.4970,0.6151,2.6438
28.4972,0.6921,2.9747
28.4974,0.6513,2.802
28.4976,0.6152,2.648
28.4978,0.6167,2.6567
28.4980,0.594,2.5567
28.4982,0.6088,2.6165
28.4984,0.6122,2.6376
28.4986,0.5693,2.4538
28.4988,0.5181,2.2321
28.4990,0.5115,2.2016
28.4992,0.5578,2.4053
28.4994,0.5062,2.185
28.4996,0.5191,2.2372
28.4998,0.5498,2.3673
28.5000,0.5758,2.4794
28.5002,0.5927,2.551
28.5004,0.6061,2.6064
28.5006,0.6268,2.6938
28.5008,0.6332,2.7242
28.5010,0.6031,2.5947
28.5012,0.6344,2.7293
28.5014,0.6476,2.7886
28.5016,0.6233,2.6801
28.5018,0.6341,2.7265
28.5020,0.6793,2.9209
28.5022,0.6832,2.9365
28.5024,0.7162,3.074
28.5026,0.7437,3.1963
28.5028,0.7575,3.2525
28.5030,0.8228,3.5315
28.5032,0.8105,3.4768
28.5034,0.8272,3.5472
28.5036,0.8609,3.6934
28.5038,0.8842,3.7897
28.5040,0.903,3.8703
28.5042,0.9094,3.9012
28.5044,0.9274,3.9747
28.5046,0.9753,4.1763
28.5048,0.9916,4.2482
28.5050,0.9788,4.1971
28.5052,0.9673,4.1439
28.5054,0.9118,3.906
28.5056,0.9476,4.0577
28.5058,0.9944,4.2659
28.5060,0.925,3.9699
28.5062,0.9194,3.9426
28.5064,0.9517,4.079
28.5066,0.8818,3.7847
28.5068,0.8349,3.5868
28.5070,0.8286,3.5529
28.5072,0.8868,3.8098
28.5074,0.8372,3.5983
28.5076,0.8306,3.5666
28.5078,0.827,3.5478
28.5080,0.868,3.7255
28.5082,0.8459,3.6376
28.5084,0.6964,2.9946
28.5086,0.6734,2.8997
28.5088,0.6872,2.9563
28.5090,0.7341,3.1536
28.5092,0.767,3.2937
28.5094,0.806,3.4659
28.5096,0.716,3.0787
28.5098,0.7036,3.0298
28.5100,0.6914,2.9702
28.5102,0.7393,3.1792
28.5104,0.714,3.0718
28.5106,0.6884,2.9669
28.5108,0.6238,2.6847
28.5110,0.6987,3.0044
28.5112,0.6998,3.0104
28.5114,0.7253,3.1218
28.5116,0.7203,3.0958
28.5118,0.6961,2.9958
28.5120,0.6703,2.8916
28.5122,0.6025,2.5969
28.5124,0.6693,2.8821
28.5126,0.6856,2.9537
28.5128,0.6638,2.8557
28.5130,0.7058,3.0334
28.5132,0.6981,3.0018
28.5134,0.7021,3.0259
28.5136,0.5973,2.5766
28.5138,0.5782,2.4909
28.5140,0.6238,2.6847
28.5142,0.6753,2.9052
28.5144,0.7419,3.1915
28.5146,0.7222,3.1055
28.5148,0.6705,2.8873
28.5150,0.5896,2.5399
28.5152,0.5794,2.4983
28.5154,0.6184,2.6627
28.5156,0.6802,2.9264
28.5158,0.6799,2.9248
28.5160,0.629,2.7111
28.5162,0.5723,2.4667
28.5164,0.5953,2.5611
28.5166,0.6637,2.8578
28.5168,0.6068,2.6143
28.5170,0.5856,2.5276
28.5172,0.495,2.1373
28.5174,0.4811,2.0744
28.5176,0.5359,2.3085
28.5178,0.5313,2.2889
28.5180,0.5609,2.4176
28.5182,0.5366,2.3116
28.5184,0.5435,2.3416
28.5186,0.5547,2.3874
28.5188,0.6987,3.0044
28.5190,0.6865,2.9518
28.5192,0.6811,2.93
28.5194,0.6816,2.9307
28.5196,0.7193,3.0931
28.5198,0.7198,3.0966
28.5200,0.7284,3.1279
28.5202,0.7534,3.2365
28.5204,0.767,3.2952
28.5206,0.7938,3.4117
28.5208,0.7735,3.32
28.5210,0.809,3.4804
28.5212,0.7403,3.1848
28.5214,0.7142,3.0695
28.5216,0.7222,3.104
28.5218,0.737,3.1674
28.5220,0.7899,3.392
28.5222,0.8621,3.7003
28.5224,0.8834,3.7931
28.5226,0.7866,3.3776
28.5228,0.7768,3.3463
28.5230,0.6482,2.7925
28.5232,0.6276,2.7037
28.5234,0.6266,2.697
28.5236,0.6233,2.6851
28.5238,0.6252,2.6933
28.5240,0.6344,2.7319
28.5242,0.6384,2.7476
28.5244,0.6091,2.6253
28.5246,0.6144,2.6444
28.5248,0.6523,2.8153
28.5250,0.5604,2.4155
28.5252,0.6217,2.6746
28.5254,0.6168,2.6597
28.5256,0.5577,2.4036
28.5258,0.5825,2.5048
28.5260,0.6609,2.8407
28.5262,0.7178,3.0864
28.5264,0.7613,3.272
28.5266,0.7034,3.0344
28.5268,0.5775,2.4866
28.5270,0.5929,2.5556
28.5272,0.5537,2.3877
28.5274,0.5482,2.3628
28.5276,0.5463,2.3545
28.5278,0.539,2.3241
28.5280,0.5474,2.3614
28.5282,0.5298,2.2832
28.5284,0.582,2.5027
28.5286,0.667,2.8763
28.5288,0.6112,2.6317
28.5290,0.7052,3.0308
28.5292,0.7245,3.1167
28.5294,0.6751,2.9015
28.5296,0.7244,3.1162
28.5298,0.6871,2.9599
28.5300,0.7196,3.0941
28.5302,0.7323,3.1473
28.5304,0.7059,3.0382
28.5306,0.7027,3.027
28.5308,0.6323,2.72
28.5310,0.6654,2.8557
28.5312,0.7182,3.0913
28.5314,0.6367,2.7429
28.5316,0.5608,2.4193
28.5318,0.5487,2.3627
28.5320,0.5871,2.5291
28.5322,0.5156,2.2243
28.5324,0.5078,2.1886
28.5326,0.5684,2.4462
28.5328,0.588,2.5332
28.5330,0.5777,2.4899
28.5332,0.6023,2.5947
28.5334,0.6128,2.6401
28.5336,0.6017,2.5897
28.5338,0.5387,2.322
28.5340,0.5217,2.2517
28.5342,0.507,2.1881
28.5344,0.488,2.1014
28.5346,0.542,2.3359
28.5348,0.5781,2.4892
28.5350,0.6351,2.7311
28.5352,0.6829,2.9309
28.5354,0.7841,3.3731
28.5356,0.7244,3.1133
28.5358,0.7717,3.3153
28.5360,0.7806,3.3456
28.5362,0.8404,3.6071
28.5364,0.8488,3.6465
28.5366,0.8065,3.4679
28.5368,0.7308,3.1367
28.5370,0.8575,3.6751
28.5372,0.883,3.7898
28.5374,0.8873,3.803
28.5376,0.9206,3.9477
28.5378,0.9332,3.998
28.5380,0.9706,4.1602
28.5382,0.9704,4.165
28.5384,0.9206,3.9459
28.5386,0.9647,4.1287
28.5388,0.9775,4.1875
28.5390,0.9742,4.1717
28.5392,1.0018,4.2898
28.5394,0.9864,4.2295
28.5396,0.9067,3.8935
28.5398,0.8771,3.7681
28.5400,0.8862,3.8037
28.5402,0.9043,3.876
28.5404,0.9238,3.9593
28.5406,0.9379,4.0218
28.5408,0.9531,4.0928
28.5410,0.8627,3.7046
28.5412,0.8069,3.4679
28.5414,0.7867,3.3844
28.5416,0.7488,3.2214
28.5418,0.6891,2.9645
28.5420,0.6789,2.922
28.5422,0.6571,2.8321
28.5424,0.6079,2.619
28.5426,0.6034,2.5993
28.5428,0.6517,2.8049
28.5430,0.7191,3.0949
28.5432,0.7286,3.1372
28.5434,0.7107,3.056
28.5436,0.6857,2.9528
28.5438,0.6787,2.9183
28.5440,0.7596,3.2633
28.5442,0.7651,3.2916
28.5444,0.7167,3.086
28.5446,0.6939,2.9879
28.5448,0.6288,2.7126
28.5450,0.5568,2.3989
28.5452,0.6361,2.7391
28.5454,0.6475,2.7881
28.5456,0.6935,2.9836
28.5458,0.6849,2.9492
28.5460,0.6935,2.9878
28.5462,0.6333,2.7285
28.5464,0.6121,2.6383
28.5466,0.6194,2.6673
28.5468,0.6164,2.6569
28.5470,0.6007,2.5892
28.5472,0.5802,2.5031
28.5474,0.5686,2.4473
28.5476,0.6287,2.7083
28.5478,0.5928,2.5598
28.5480,0.511,2.2057
28.5482,0.4946,2.1338
28.5484,0.556,2.3942
28.5486,0.6301,2.7107
28.5488,0.667,2.8723
28.5490,0.6151,2.6512
28.5492,0.5863,2.5283
28.5494,0.5781,2.4938
28.5496,0.5795,2.4965
28.5498,0.5886,2.5393
28.5500,0.5194,2.2429
28.5502,0.4982,2.1493
28.5504,0.4975,2.1462
28.5506,0.5086,2.1923
28.5508,0.5627,2.4242
28.5510,0.6324,2.7218
28.5512,0.6825,2.9403
28.5514,0.641,2.7577
28.5516,0.6926,2.9781
28.5518,0.7899,3.392
28.5520,0.8111,3.4859
28.5522,0.6998,3.0118
28.5524,0.63,2.7153
28.5526,0.6415,2.7649
28.5528,0.6592,2.8374
28.5530,0.6679,2.8732
28.5532,0.6842,2.9393
28.5534,0.7557,3.2478
28.5536,0.727,3.1246
28.5538,0.7278,3.1312
28.5540,0.6513,2.8034
28.5542,0.6389,2.7548
28.5544,0.5676,2.4477
28.5546,0.5504,2.3732
28.5548,0.5464,2.3551
28.5550,0.6318,2.7192
28.5552,0.7019,3.0183
28.5554,0.6546,2.8212
28.5556,0.5621,2.4228
28.5558,0.555,2.3945
28.5560,0.5446,2.3484
28.5562,0.5456,2.3514
28.5564,0.5494,2.3669
28.5566,0.5812,2.5014
28.5568,0.6679,2.8799
28.5570,0.5462,2.3551
28.5572,0.5202,2.2419
28.5574,0.5946,2.5664
28.5576,0.4909,2.1187
28.5578,0.4648,2.005
28.5580,0.4734,2.0432
28.5582,0.4727,2.0372
28.5584,0.5374,2.3152
28.5586,0.5417,2.336
28.5588,0.4919,2.1199
28.5590,0.5486,2.3633
28.5592,0.6411,2.7544
28.5594,0.7567,3.254
28.5596,0.7594,3.2607
28.5598,0.7974,3.4287
28.5600,0.6632,2.8558
28.5602,0.6216,2.6741
28.5604,0.6597,2.8368
28.5606,0.6437,2.7703
28.5608,0.6694,2.8799
28.5610,0.6855,2.9545
28.5612,0.5614,2.4185
28.5614,0.5618,2.419
28.5616,0.6513,2.8047
28.5618,0.6711,2.8845
28.5620,0.7093,3.0484
28.5622,0.718,3.0874
28.5624,0.7019,3.0197
28.5626,0.7398,3.1827
28.5628,0.7246,3.1216
28.5630,0.6084,2.6198
28.5632,0.609,2.6236
28.5634,0.6107,2.6284
28.5636,0.6015,2.5911
28.5638,0.6082,2.62
28.5640,0.5964,2.5694
28.5642,0.5865,2.5253
28.5644,0.5886,2.5381
28.5646,0.5447,2.3511
28.5648,0.4959,2.1385
28.5650,0.4875,2.1023
28.5652,0.4903,2.1132
28.5654,0.489,2.1085
28.5656,0.4962,2.1405
28.5658,0.5048,2.1777
28.5660,0.5025,2.1659
28.5662,0.4979,2.1477
28.5664,0.4989,2.1534
28.5666,0.5012,2.1612
28.5668,0.514,2.2145
28.5670,0.6003,2.5847
28.5672,0.4923,2.124
28.5674,0.4887,2.1075
28.5676,0.5137,2.215
28.5678,0.5516,2.374
28.5680,0.6386,2.7461
28.5682,0.6757,2.9014
28.5684,0.7777,3.3426
28.5686,0.7449,3.1984
28.5688,0.7341,3.1536
28.5690,0.7777,3.3442
28.5692,0.8036,3.4475
28.5694,0.8576,3.6807
28.5696,0.8529,3.6641
28.5698,0.8071,3.4624
28.5700,0.8335,3.5773
28.5702,0.8471,3.6359
28.5704,0.8325,3.5765
28.5706,0.8446,3.6234
28.5708,0.8456,3.6309
28.5710,0.8107,3.4844
28.5712,0.7961,3.4199
28.5714,0.8324,3.571
28.5716,0.8377,3.5936
28.5718,0.8047,3.4554
28.5720,0.7728,3.3138
28.5722,0.8856,3.7994
28.5724,0.8909,3.822
28.5726,0.9087,3.8945
28.5728,0.9499,4.0713
28.5730,0.9156,3.9243
28.5732,0.9251,3.9686
28.5734,0.9233,3.9627
28.5736,0.8641,3.7068
28.5738,0.8464,3.6345
28.5740,0.813,3.4974
28.5742,0.7964,3.4214
28.5744,0.7902,3.3946
28.5746,0.7446,3.2004
28.5748,0.7192,3.0926
28.5750,0.7077,3.0459
28.5752,0.6904,2.9702
28.5754,0.7415,3.184
28.5756,0.857,3.6764
28.5758,0.8443,3.6287
28.5760,0.7919,3.4003
28.5762,0.8197,3.5214
28.5764,0.7799,3.3519
28.5766,0.7067,3.039
28.5768,0.742,3.1905
28.5770,0.7678,3.3014
28.5772,0.7248,3.1154
28.5774,0.7107,3.0588
28.5776,0.7185,3.0909
28.5778,0.7067,3.0361
28.5780,0.776,3.3323
28.5782,0.8137,3.4989
28.5784,0.6729,2.9003
28.5786,0.63,2.7153
28.5788,0.6446,2.7783
28.5790,0.5723,2.4655
28.5792,0.6145,2.6461
28.5794,0.6756,2.9062
28.5796,0.7052,3.0322
28.5798,0.7163,3.0816
28.5800,0.71,3.0529
28.5802,0.7606,3.2674
28.5804,0.7875,3.3865
28.5806,0.7456,3.209
28.5808,0.7221,3.1078
28.5810,0.7232,3.111
28.5812,0.703,3.0244
28.5814,0.7049,3.0284
28.5816,0.7289,3.1343
28.5818,0.731,3.1446
28.5820,0.7272,3.13
28.5822,0.7204,3.0963
28.5824,0.7399,3.1847
28.5826,0.6778,2.9188
28.5828,0.5793,2.4955
28.5830,0.5814,2.506
28.5832,0.5899,2.5403
28.5834,0.6509,2.8013
28.5836,0.6919,2.9792
28.5838,0.5727,2.4682
28.5840,0.5919,2.5486
28.5842,0.5958,2.5656
28.5844,0.6542,2.8118
28.5846,0.7485,3.2139
28.5848,0.757,3.258
28.5850,0.6856,2.9537
28.5852,0.6192,2.6663
28.5854,0.6161,2.6529
28.5856,0.6751,2.9042
28.5858,0.6824,2.9357
28.5860,0.7024,3.0204
28.5862,0.7551,3.2452
28.5864,0.798,3.4281
28.5866,0.8079,3.4709
28.5868,0.8295,3.5686
28.5870,0.7396,3.1847
28.5872,0.6643,2.8604
28.5874,0.641,2.7628
28.5876,0.6216,2.6754
28.5878,0.6703,2.8768
28.5880,0.8501,3.6522
28.5882,0.7676,3.3055
28.5884,0.6758,2.91
28.5886,0.635,2.7344
28.5888,0.623,2.6828
28.5890,0.6198,2.6701
28.5892,0.6192,2.6675
28.5894,0.6184,2.6614
28.5896,0.6187,2.6605
28.5898,0.6217,2.6771
28.5900,0.6209,2.676
28.5902,0.6214,2.6756
28.5904,0.6229,2.6823
28.5906,0.6669,2.8718
28.5908,0.5843,2.5195
28.5910,0.541,2.3307
28.5912,0.631,2.7131
28.5914,0.7166,3.087
28.5916,0.6553,2.8269
28.5918,0.5686,2.4507
28.5920,0.5971,2.5689
28.5922,0.689,2.964
28.5924,0.7328,3.1508
28.5926,0.7392,3.1787
28.5928,0.7268,3.1236
28.5930,0.709,3.0516
28.5932,0.6493,2.8011
28.5934,0.5786,2.4936
28.5936,0.5736,2.4724
28.5938,0.5649,2.4346
28.5940,0.5841,2.5138
28.5942,0.6137,2.645
28.5944,0.627,2.6998
28.5946,0.6525,2.8059
28.5948,0.6813,2.9337
28.5950,0.5979,2.5768
28.5952,0.55,2.3717
28.5954,0.562,2.4222
28.5956,0.5528,2.3824
28.5958,0.5537,2.3855
28.5960,0.5528,2.3836
28.5962,0.5497,2.369
28.5964,0.5562,2.3941
28.5966,0.6156,2.6532
28.5968,0.6067,2.615
28.5970,0.5884,2.5336
28.5972,0.6113,2.6346
28.5974,0.6045,2.6052
28.5976,0.5786,2.4901
28.5978,0.6238,2.6822
28.5980,0.6515,2.8052
28.5982,0.6262,2.6962
28.5984,0.6356,2.7396
28.5986,0.6578,2.8312
28.5988,0.6734,2.8956
28.5990,0.6884,2.9614
28.5992,0.7427,3.1921
28.5994,0.7531,3.237
28.5996,0.7157,3.0762
28.5998,0.6828,2.9386
28.6000,0.6552,2.8212
28.6002,0.6197,2.6696
28.6004,0.5772,2.4867
28.6006,0.5863,2.5236
28.6008,0.6715,2.8887
28.6010,0.7128,3.0595
28.6012,0.8272,3.5522
28.6014,0.7989,3.4323
28.6016,0.797,3.4224
28.6018,0.8445,3.628
28.6020,0.8075,3.4704
28.6022,0.7591,3.2658
28.6024,0.7458,3.2055
28.6026,0.7813,3.355
28.6028,0.7628,3.2787
28.6030,0.7175,3.0796
28.6032,0.8754,3.7504
28.6034,0.9873,4.2356
28.6036,0.9471,4.0614
28.6038,0.9541,4.0836
28.6040,0.9798,4.1993
28.6042,0.9744,4.1761
28.6044,1.0024,4.3004
28.6046,0.9254,3.9665
28.6048,0.9511,4.0802
28.6050,0.9692,4.156
28.6052,0.9919,4.2492
28.6054,0.988,4.2327
28.6056,0.9736,4.1769
28.6058,0.9136,3.9156
28.6060,0.8959,3.8436
28.6062,0.8932,3.8371
28.6064,0.8728,3.7478
28.6066,0.8543,3.6685
28.6068,0.8608,3.6998
28.6070,0.7964,3.4262
28.6072,0.711,3.0618
28.6074,0.6581,2.8362
28.6076,0.5819,2.5092
28.6078,0.6143,2.6451
28.6080,0.6872,2.9563
28.6082,0.6854,2.9554
28.6084,0.6077,2.6179
28.6086,0.6122,2.6388
28.6088,0.6214,2.6768
28.6090,0.6288,2.7101
28.6092,0.5971,2.5737
28.6094,0.6245,2.6915
28.6096,0.6236,2.6866
28.6098,0.575,2.4815
28.6100,0.5602,2.4156
28.6102,0.5721,2.4657
28.6104,0.5958,2.5656
28.6106,0.588,2.5344
28.6108,0.5935,2.5558
28.6110,0.6765,2.9117
28.6112,0.6969,2.9981
28.6114,0.7323,3.1502
28.6116,0.7199,3.1029
28.6118,0.5368,2.3159
28.6120,0.5035,2.171
28.6122,0.5278,2.2771
28.6124,0.5518,2.3772
28.6126,0.5738,2.4729
28.6128,0.5637,2.4306
28.6130,0.6114,2.6315
28.6132,0.6682,2.8734
28.6134,0.7361,3.1667
28.6136,0.6531,2.8189
28.6138,0.5138,2.2176
28.6140,0.4825,2.0825
28.6142,0.4968,2.1431
28.6144,0.5121,2.2052
28.6146,0.632,2.7203
28.6148,0.6807,2.9325
28.6150,0.5877,2.534
28.6152,0.5756,2.4818
28.6154,0.5227,2.2559
28.6156,0.4813,2.0773
28.6158,0.4643,2.0038
28.6160,0.4965,2.143
28.6162,0.4703,2.0288
28.6164,0.464,2.0037
28.6166,0.4597,1.9851
28.6168,0.4595,1.9822
28.6170,0.4504,1.9438
28.6172,0.4789,2.0631
28.6174,0.5343,2.3007
28.6176,0.6274,2.7026
28.6178,0.5829,2.5122
28.6180,0.5783,2.4914
28.6182,0.6063,2.6129
28.6184,0.604,2.5995
28.6186,0.6313,2.7172
28.6188,0.6411,2.7582
28.6190,0.6632,2.8491
28.6192,0.7012,3.011
28.6194,0.7721,3.32
28.6196,0.7383,3.1731
28.6198,0.7469,3.2087
28.6200,0.7706,3.3091
28.6202,0.7852,3.3746
28.6204,0.7408,3.1824
28.6206,0.727,3.1246
28.6208,0.6944,2.9845
28.6210,0.712,3.0631
28.6212,0.6799,2.9289
28.6214,0.6299,2.7122
28.6216,0.642,2.7618
28.6218,0.6546,2.816
28.6220,0.6503,2.7974
28.6222,0.6722,2.8918
28.6224,0.6542,2.8144
28.6226,0.6487,2.7894
28.6228,0.7187,3.0948
28.6230,0.6597,2.8421
28.6232,0.5971,2.5725
28.6234,0.6045,2.6076
28.6236,0.5133,2.2134
28.6238,0.4752,2.05
28.6240,0.4633,1.9988
28.6242,0.4669,2.0162
28.6244,0.4673,2.0158
28.6246,0.4643,2.002
28.6248,0.4608,1.9888
28.6250,0.4616,1.9924
28.6252,0.5043,2.1737
28.6254,0.5552,2.3895
28.6256,0.5994,2.5811
28.6258,0.5896,2.5411
28.6260,0.5624,2.4215
28.6262,0.5875,2.5335
28.6264,0.5577,2.4059
28.6266,0.5194,2.2398
28.6268,0.5142,2.2171
28.6270,0.51,2.1979
28.6272,0.5112,2.2031
28.6274,0.5415,2.3339
28.6276,0.5373,2.3136
28.6278,0.5788,2.4934
28.6280,0.6082,2.6163
28.6282,0.6875,2.9592
28.6284,0.6216,2.6729
28.6286,0.6206,2.6712
28.6288,0.6009,2.5873
28.6290,0.6015,2.5863
28.6292,0.6173,2.6568
28.6294,0.5935,2.557
28.6296,0.5892,2.5396
28.6298,0.5288,2.2812
28.6300,0.4902,2.1127
28.6302,0.4904,2.1157
28.6304,0.4897,2.1106
28.6306,0.489,2.1085
28.6308,0.4863,2.0961
28.6310,0.5258,2.262
28.6312,0.6259,2.6964
28.6314,0.5915,2.5482
28.6316,0.5696,2.4559
28.6318,0.4943,2.1322
28.6320,0.4844,2.0898
28.6322,0.4874,2.1027
28.6324,0.5127,2.2057
28.6326,0.6036,2.5992
28.6328,0.5961,2.5678
28.6330,0.5732,2.4692
28.6332,0.5898,2.5374
28.6334,0.6191,2.667
28.6336,0.6217,2.6734
28.6338,0.6302,2.7113
28.6340,0.6871,2.9448
28.6342,0.8272,3.5555
28.6344,0.7115,3.0624
28.6346,0.6965,2.9951
28.6348,0.7055,3.0296
28.6350,0.7429,3.1917
28.6352,0.6962,2.988
28.6354,0.7471,3.2067
28.6356,0.8227,3.531
28.6358,0.825,3.5391
28.6360,0.8739,3.7437
28.6362,0.919,3.9461
28.6364,0.8421,3.6143
28.6366,0.8154,3.4979
28.6368,0.8383,3.5928
28.6370,0.8941,3.8359
28.6372,0.8939,3.8349
28.6374,0.8872,3.8007
28.6376,0.9612,4.1234
28.6378,0.9253,3.9659
28.6380,0.9226,3.9523
28.6382,0.9456,4.0566
28.6384,0.8647,3.7111
28.6386,0.8239,3.5377
28.6388,0.8115,3.4847
28.6390,0.83,3.559
28.6392,0.9483,4.0608
28.6394,1.0037,4.298
28.6396,0.9832,4.2181
28.6398,0.9269,3.9726
28.6400,0.9252,3.971
28.6402,0.83,3.569
28.6404,0.6903,2.9711
28.6406,0.6916,2.974
28.6408,0.8089,3.4734
28.6410,0.8606,3.6936
28.6412,0.8426,3.6181
28.6414,0.8271,3.5533
28.6416,0.8292,3.5587
28.6418,0.8245,3.537
28.6420,0.831,3.5681
28.6422,0.7721,3.323
28.6424,0.725,3.1173
28.6426,0.7144,3.0762
28.6428,0.668,2.8684
28.6430,0.7572,3.259
28.6432,0.6762,2.9061
28.6434,0.726,3.1205
28.6436,0.7385,3.183
28.6438,0.5938,2.558
28.6440,0.5814,2.5048
28.6442,0.6238,2.6859
28.6444,0.6366,2.7411
28.6446,0.6776,2.9137
28.6448,0.7031,3.0249
28.6450,0.6714,2.8909
28.6452,0.65,2.8016
28.6454,0.6451,2.7739
28.6456,0.6866,2.9606
28.6458,0.583,2.5127
28.6460,0.5963,2.5712
28.6462,0.5616,2.4184
28.6464,0.6254,2.6931
28.6466,0.6535,2.8139
28.6468,0.6076,2.6198
28.6470,0.621,2.6765
28.6472,0.6037,2.5973
28.6474,0.7022,3.0194
28.6476,0.7019,3.0225
28.6478,0.6663,2.8705
28.6480,0.6073,2.6164
28.6482,0.5697,2.453
28.6484,0.6545,2.8181
28.6486,0.6339,2.7311
28.6488,0.5929,2.552
28.6490,0.6304,2.7168
28.6492,0.5849,2.5198
28.6494,0.5752,2.4768
28.6496,0.562,2.4222
28.6498,0.5715,2.4619
28.6500,0.5827,2.5116
28.6502,0.5896,2.5364
28.6504,0.6938,2.986
28.6506,0.663,2.8534
28.6508,0.6692,2.8802
28.6510,0.6726,2.892
28.6512,0.7311,3.1407
28.6514,0.7352,3.1656
28.6516,0.6576,2.8302
28.6518,0.6698,2.8775
28.6520,0.7841,3.3699
28.6522,0.8322,3.5766
28.6524,0.7995,3.4316
28.6526,0.8133,3.4957
28.6528,0.7957,3.4215
28.6530,0.7528,3.2369
28.6532,0.7199,3.0985
28.6534,0.6462,2.7837
28.6536,0.6295,2.7094
28.6538,0.6313,2.7197
28.6540,0.6452,2.7706
28.6542,0.8437,3.6244
28.6544,0.7089,3.0539
28.6546,0.6216,2.6766
28.6548,0.6176,2.6571
28.6550,0.6527,2.8129
28.6552,0.6079,2.6202
28.6554,0.609,2.6224
28.6556,0.6319,2.7223
28.6558,0.6055,2.6074
28.6560,0.6666,2.8702
28.6562,0.597,2.5731
28.6564,0.5398,2.3256
28.6566,0.5459,2.353
28.6568,0.5511,2.3752
28.6570,0.5565,2.4007
28.6572,0.5426,2.3385
28.6574,0.5847,2.5164
28.6576,0.6229,2.6848
28.6578,0.5589,2.4088
28.6580,0.5688,2.4483
28.6582,0.6438,2.7696
28.6584,0.7222,3.0982
28.6586,0.8317,3.5679
28.6588,0.8446,3.6302
28.6590,0.7934,3.4101
28.6592,0.7232,3.1096
28.6594,0.6787,2.921
28.6596,0.6914,2.9702
28.6598,0.7662,3.2901
28.6600,0.781,3.355
28.6602,0.7772,3.3421
28.6604,0.768,3.3101
28.6606,0.6391,2.7456
28.6608,0.7736,3.3205
28.6610,0.789,3.3911
28.6612,0.735,3.1577
28.6614,0.7476,3.2118
28.6616,0.7252,3.1213
28.6618,0.6746,2.9021
28.6620,0.6945,2.9877
28.6622,0.6585,2.8369
28.6624,0.6339,2.7285
28.6626,0.6092,2.6234
28.6628,0.6256,2.6961
28.6630,0.6314,2.7215
28.6632,0.6049,2.6048
28.6634,0.6332,2.7254
28.6636,0.6367,2.7429
28.6638,0.6269,2.7006
28.6640,0.6113,2.6298
28.6642,0.6317,2.7212
28.6644,0.5921,2.5508
28.6646,0.5845,2.5194
28.6648,0.5932,2.5566
28.6650,0.589,2.5409
28.6652,0.5035,2.1741
28.6654,0.4812,2.0778
28.6656,0.4787,2.0659
28.6658,0.4813,2.0754
28.6660,0.4805,2.0727
28.6662,0.4857,2.0955
28.6664,0.4827,2.0826
28.6666,0.4926,2.125
28.6668,0.5032,2.172
28.6670,0.5286,2.277
28.6672,0.5965,2.5651
28.6674,0.6869,2.9511
28.6676,0.709,3.0473
28.6678,0.7494,3.2225
28.6680,0.7211,3.0994
28.6682,0.7205,3.0939
28.6684,0.7409,3.1844
28.6686,0.7615,3.2715
28.6688,0.7997,3.4305
28.6690,0.8455,3.6254
28.6692,0.8681,3.7295
28.6694,0.803,3.4482
28.6696,0.8525,3.6557
28.6698,0.8874,3.8089
28.6700,0.9094,3.8976
28.6702,0.9559,4.097
28.6704,0.9787,4.1927
28.6706,0.9777,4.1866
28.6708,0.9822,4.2115
28.6710,0.9459,4.0543
28.6712,0.9615,4.1173
28.6714,0.9943,4.2634
28.6716,0.9683,4.1577
28.6718,0.9061,3.891
28.6720,0.8742,3.747
28.6722,0.9019,3.8675
28.6724,0.9165,3.9279
28.6726,0.9346,4.0074
28.6728,0.9621,4.1276
28.6730,0.9359,4.0168
28.6732,0.8699,3.7389
28.6734,0.8198,3.5252
28.6736,0.7959,3.421
28.6738,0.8305,3.5711
28.6740,0.7114,3.0662
28.6742,0.6048,2.6055
28.6744,0.6073,2.6176
28.6746,0.6161,2.6578
28.6748,0.6047,2.6062
28.6750,0.6155,2.6515
28.6752,0.6275,2.7019
28.6754,0.6166,2.6599
28.6756,0.5892,2.5384
28.6758,0.6164,2.6532
28.6760,0.616,2.6548
28.6762,0.5913,2.5507
28.6764,0.5542,2.3875
28.6766,0.6536,2.8145
28.6768,0.6389,2.7497
28.6770,0.6843,2.9398
28.6772,0.7519,3.2393
28.6774,0.688,2.9585
28.6776,0.7363,3.1722
28.6778,0.6065,2.6152
28.6780,0.5389,2.3236
28.6782,0.6103,2.6305
28.6784,0.6025,2.5969
28.6786,0.5853,2.5213
28.6788,0.5961,2.5666
28.6790,0.6274,2.6976
28.6792,0.6817,2.9312
28.6794,0.6838,2.9446
28.6796,0.6529,2.814
28.6798,0.6283,2.7055
28.6800,0.6552,2.8199
28.6802,0.6598,2.8426
28.6804,0.6324,2.7281
28.6806,0.509,2.1938
28.6808,0.5539,2.3849
28.6810,0.6523,2.8088
28.6812,0.622,2.6831
28.6814,0.5046,2.1757
28.6816,0.5276,2.2771
28.6818,0.4866,2.0991
28.6820,0.494,2.1312
28.6822,0.4934,2.1286
28.6824,0.5216,2.247
28.6826,0.5821,2.5079
28.6828,0.601,2.5926
28.6830,0.5771,2.4897
28.6832,0.4781,2.0624
28.6834,0.476,2.0526
28.6836,0.5366,2.3127
28.6838,0.5687,2.45
28.6840,0.5875,2.5288
28.6842,0.6163,2.6551
28.6844,0.5602,2.4134
28.6846,0.5527,2.383
28.6848,0.5576,2.4031
28.6850,0.557,2.3994
28.6852,0.5545,2.3886
28.6854,0.5799,2.4958
28.6856,0.6379,2.7417
28.6858,0.6813,2.9324
28.6860,0.6878,2.9575
28.6862,0.7137,3.0731
28.6864,0.586,2.5256
28.6866,0.5416,2.3366
28.6868,0.5326,2.2967
28.6870,0.542,2.3359
28.6872,0.5456,2.3504
28.6874,0.5468,2.3555
28.6876,0.5421,2.3354
28.6878,0.5485,2.3627
28.6880,0.5535,2.3855
28.6882,0.5467,2.3572
28.6884,0.5432,2.3411
28.6886,0.5395,2.3251
28.6888,0.5327,2.2961
28.6890,0.5747,2.4759
28.6892,0.6146,2.6479
28.6894,0.5637,2.4295
28.6896,0.5319,2.2936
28.6898,0.5226,2.2543
28.6900,0.5523,2.3771
28.6902,0.5634,2.4296
28.6904,0.4774,2.0602
28.6906,0.4685,2.0201
28.6908,0.4757,2.0511
28.6910,0.4752,2.049
28.6912,0.4744,2.0464
28.6914,0.4736,2.0423
28.6916,0.4917,2.1184
28.6918,0.6144,2.6444
28.6920,0.6886,2.9597
28.6922,0.6983,3.0043
28.6924,0.638,2.7512
28.6926,0.4992,2.1524
28.6928,0.4833,2.0842
28.6930,0.4902,2.1127
28.6932,0.5415,2.3317
28.6934,0.6132,2.6392
28.6936,0.6289,2.7068
28.6938,0.6067,2.6089
28.6940,0.6601,2.8437
28.6942,0.5451,2.3483
28.6944,0.5378,2.3146
28.6946,0.5835,2.5101
28.6948,0.5947,2.5621
28.6950,0.592,2.5503
28.6952,0.589,2.5362
28.6954,0.6068,2.6119
28.6956,0.5932,2.5554
28.6958,0.6003,2.5823
28.6960,0.691,2.9728
28.6962,0.6331,2.7249
28.6964,0.615,2.6445
28.6966,0.6373,2.7417
28.6968,0.6095,2.6245
28.6970,0.6163,2.6551
28.6972,0.6051,2.6054
28.6974,0.5572,2.4005
28.6976,0.5139,2.215
28.6978,0.5158,2.2222
28.6980,0.5794,2.4914
28.6982,0.6576,2.8289
28.6984,0.6355,2.7378
28.6986,0.6125,2.6374
28.6988,0.6232,2.6796
28.6990,0.6527,2.8051
28.6992,0.675,2.8983
28.6994,0.7167,3.0817
28.6996,0.6456,2.776
28.6998,0.6445,2.7778
28.7000,0.5428,2.3341
28.7002,0.62,2.6674
28.7004,0.5644,2.4303
28.7006,0.6181,2.6554
28.7008,0.748,3.2163
28.7010,0.7184,3.0861
28.7012,0.7362,3.1614
28.7014,0.7723,3.3194
28.7016,0.759,3.2607
28.7018,0.7513,3.2232
28.7020,0.7981,3.4239
28.7022,0.8275,3.5482
28.7024,0.8029,3.4509
28.7026,0.7212,3.0956
28.7028,0.7768,3.3385
28.7030,0.7452,3.203
28.7032,0.7613,3.2705
28.7034,0.7763,3.3349
28.7036,0.7542,3.2386
28.7038,0.7358,3.1578
28.7040,0.7879,3.3833
28.7042,0.8376,3.5864
28.7044,0.9233,3.9609
28.7046,0.9155,3.9256
28.7048,0.969,4.153
28.7050,0.9691,4.1496
28.7052,0.9376,4.0184
28.7054,0.9223,3.9549
28.7056,0.9147,3.9239
28.7058,0.8734,3.7469
28.7060,0.847,3.6388
28.7062,0.8549,3.6694
28.7064,0.8633,3.7089
28.7066,0.7875,3.3817
28.7068,0.77,3.3019
28.7070,0.8453,3.635
28.7072,0.71,3.0557
28.7074,0.7034,3.0259
28.7076,0.7497,3.2175
28.7078,0.8475,3.6392
28.7080,0.8258,3.546
28.7082,0.8395,3.6064
28.7084,0.8119,3.4895
28.7086,0.7636,3.2864
28.7088,0.6964,2.9974
28.7090,0.692,2.9769
28.7092,0.6989,3.0068
28.7094,0.6636,2.8586
28.7096,0.6404,2.7577
28.7098,0.6622,2.849
28.7100,0.6999,3.0082
28.7102,0.7114,3.0576
28.7104,0.7311,3.1495
28.7106,0.6784,2.9186
28.7108,0.7238,3.1122
28.7110,0.7122,3.0627
28.7112,0.7413,3.1889
28.7114,0.6992,3.0065
28.7116,0.7425,3.1926
28.7118,0.6907,2.9699
28.7120,0.6703,2.8835
28.7122,0.6672,2.8741
28.7124,0.6598,2.84
28.7126,0.6585,2.8369
28.7128,0.6307,2.7171
28.7130,0.6463,2.783
28.7132,0.6034,2.5969
28.7134,0.6138,2.6455
28.7136,0.5818,2.5075
28.7138,0.6138,2.6381
28.7140,0.7204,3.1035
28.7142,0.5975,2.574
28.7144,0.5664,2.4414
28.7146,0.583,2.5115
28.7148,0.5741,2.4767
28.7150,0.4964,2.1415
28.7152,0.4829,2.0821
28.7154,0.4821,2.079
28.7156,0.5432,2.3433
28.7158,0.5409,2.3324
28.7160,0.529,2.2822
28.7162,0.5577,2.4059
28.7164,0.525,2.2615
28.7166,0.6043,2.5986
28.7168,0.6798,2.927
28.7170,0.6455,2.7768
28.7172,0.7134,3.0664
28.7174,0.7605,3.2669
28.7176,0.7456,3.2105
28.7178,0.6928,2.9764
28.7180,0.7506,3.2262
28.7182,0.7365,3.1639
28.7184,0.7776,3.3406
28.7186,0.7782,3.3385
28.7188,0.8088,3.4761
28.7190,0.7547,3.2482
28.7192,0.7452,3.203
28.7194,0.8034,3.4497
28.7196,0.8198,3.5202
28.7198,0.7958,3.4236
28.7200,0.741,3.1849
28.7202,0.7232,3.1096
28.7204,0.7546,3.2401
28.7206,0.8765,3.762
28.7208,0.854,3.6704
28.7210,0.7441,3.2013
28.7212,0.771,3.3107
28.7214,0.8519,3.6548
28.7216,0.8431,3.6201
28.7218,0.8224,3.5381
28.7220,0.7523,3.2394
28.7222,0.6673,2.8747
28.7224,0.6433,2.7675
28.7226,0.6951,2.9973
28.7228,0.6007,2.5904
28.7230,0.573,2.4675
28.7232,0.5823,2.5096
28.7234,0.5877,2.534
28.7236,0.5865,2.5253
28.7238,0.6443,2.769
28.7240,0.767,3.3044
28.7242,0.6452,2.7822
28.7244,0.559,2.4104
28.7246,0.5525,2.3825
28.7248,0.5618,2.4201
28.7250,0.6306,2.7115
28.7252,0.6799,2.9235
28.7254,0.6877,2.9583
28.7256,0.6473,2.7936
28.7258,0.5621,2.425
28.7260,0.5451,2.3505
28.7262,0.5378,2.3189
28.7264,0.5313,2.291
28.7266,0.5786,2.4924
28.7268,0.5884,2.5312
28.7270,0.6569,2.8245
28.7272,0.7325,3.1483
28.7274,0.7486,3.2219
28.7276,0.6926,2.9795
28.7278,0.6937,2.9841
28.7280,0.6944,2.9845
28.7282,0.8045,3.4511
28.7284,0.8187,3.5222
28.7286,0.7126,3.0642
28.7288,0.7016,3.0168
28.7290,0.7269,3.1314
28.7292,0.6252,2.6946
28.7294,0.5957,2.5675
28.7296,0.5911,2.549
28.7298,0.5128,2.2114
28.7300,0.4927,2.1265
28.7302,0.4885,2.1084
28.7304,0.5016,2.1598
28.7306,0.6059,2.6126
28.7308,0.5148,2.2207
28.7310,0.4903,2.1161
28.7312,0.4827,2.0835
28.7314,0.4814,2.075
28.7316,0.5313,2.2889
28.7318,0.6017,2.5921
28.7320,0.5886,2.5346
28.7322,0.5385,2.3231
28.7324,0.4962,2.1415
28.7326,0.5062,2.1799
28.7328,0.5774,2.4872
28.7330,0.6281,2.6982
28.7332,0.6643,2.8591
28.7334,0.6768,2.9128
28.7336,0.675,2.901
28.7338,0.7497,3.2205
28.7340,0.7398,3.1857
28.7342,0.6741,2.8987
28.7344,0.6891,2.9604
28.7346,0.7193,3.0931
28.7348,0.7028,3.0219
28.7350,0.7106,3.0512
28.7352,0.7965,3.4188
28.7354,0.7793,3.3447
28.7356,0.9,3.8557
28.7358,0.9473,4.0657
28.7360,0.8854,3.7966
28.7362,0.8771,3.7611
28.7364,0.8883,3.8125
28.7366,0.8844,3.7907
28.7368,0.8886,3.8087
28.7370,0.9061,3.8891
28.7372,0.9302,3.987
28.7374,0.9671,4.1448
28.7376,0.9687,4.1462
28.7378,1.0202,4.3684
28.7380,0.9754,4.1827
28.7382,0.9733,4.1735
28.7384,0.9509,4.0735
28.7386,0.9722,4.1688
28.7388,1.0013,4.2958
28.7390,0.9488,4.0724
28.7392,0.9018,3.867
28.7394,0.8832,3.7891
28.7396,0.9017,3.8701
28.7398,0.8921,3.8272
28.7400,0.8224,3.5365
28.7402,0.7783,3.3468
28.7404,0.7998,3.4359
28.7406,0.7919,3.4019
28.7408,0.7732,3.3261
28.7410,0.7555,3.2533
28.7412,0.6771,2.917
28.7414,0.6379,2.7494
28.7416,0.6036,2.5992
28.7418,0.6182,2.6634
28.7420,0.6566,2.83
28.7422,0.6286,2.7078
28.7424,0.6034,2.5969
28.7426,0.665,2.8622
28.7428,0.6728,2.8957
28.7430,0.6738,2.9012
28.7432,0.6838,2.9418
28.7434,0.7079,3.0455
28.7436,0.6657,2.8693
28.7438,0.6175,2.6615
28.7440,0.6416,2.7615
28.7442,0.6404,2.7564
28.7444,0.6156,2.652
28.7446,0.5817,2.5082
28.7448,0.5757,2.4789
28.7450,0.6431,2.7703
28.7452,0.6433,2.7713
28.7454,0.6353,2.7355
28.7456,0.6339,2.7323
28.7458,0.6323,2.7226
28.7460,0.625,2.6948
28.7462,0.5602,2.4122
28.7464,0.5786,2.4947
28.7466,0.5015,2.1633
28.7468,0.5053,2.1788
28.7470,0.5815,2.5065
28.7472,0.6391,2.7533
28.7474,0.5794,2.4983
28.7476,0.513,2.2129
28.7478,0.4976,2.1467
28.7480,0.5072,2.1891
28.7482,0.5025,2.1659
28.7484,0.5029,2.1715
28.7486,0.4295,1.8555
28.7488,0.4163,1.7985
28.7490,0.4175,1.8045
28.7492,0.414,1.7862
28.7494,0.4956,2.1349
28.7496,0.5366,2.3138
28.7498,0.5687,2.4523
28.7500,0.5498,2.3706
28.7502,0.5528,2.3813
28.7504,0.559,2.4093
28.7506,0.5616,2.4207
28.7508,0.5655,2.4361
28.7510,0.5639,2.4283
28.7512,0.5781,2.488
28.7514,0.6422,2.7603
28.7516,0.7519,3.2303
28.7518,0.7804,3.354
28.7520,0.8094,3.4771
28.7522,0.775,3.3323
28.7524,0.6917,2.9759
28.7526,0.617,2.657
28.7528,0.5639,2.4316
28.7530,0.5657,2.4371
28.7532,0.6192,2.6626
28.7534,0.6561,2.8214
28.7536,0.704,3.0313
28.7538,0.6699,2.886
28.7540,0.6403,2.7559
28.7542,0.6383,2.7471
28.7544,0.6022,2.5966
28.7546,0.5437,2.3443
28.7548,0.5348,2.306
28.7550,0.5284,2.2786
28.7552,0.5278,2.2771
28.7554,0.5367,2.3132
28.7556,0.538,2.3189
28.7558,0.5513,2.3762
28.7560,0.5628,2.427
28.7562,0.5145,2.2186
28.7564,0.4648,2.005
28.7566,0.4616,1.9915
28.7568,0.4498,1.9421
28.7570,0.4469,1.9297
28.7572,0.4451,1.9192
28.7574,0.4686,2.0215
28.7576,0.4863,2.0942
28.7578,0.5655,2.435
28.7580,0.6121,2.6309
28.7582,0.695,2.9856
28.7584,0.7197,3.0918
28.7586,0.7155,3.078
28.7588,0.7076,3.044
28.7590,0.668,2.8737
28.7592,0.6626,2.8532
28.7594,0.6481,2.7894
28.7596,0.5835,2.5136
28.7598,0.554,2.3821
28.7600,0.681,2.9295
28.7602,0.6408,2.7567
28.7604,0.6714,2.8882
28.7606,0.7133,3.0687
28.7608,0.6992,3.0065
28.7610,0.7137,3.0646
28.7612,0.7801,3.3514
28.7614,0.7693,3.305
28.7616,0.7415,3.1855
28.7618,0.6947,2.9902
28.7620,0.6071,2.6166
28.7622,0.5999,2.5832
28.7624,0.6826,2.9353
28.7626,0.6853,2.9521
28.7628,0.5449,2.3505
28.7630,0.4902,2.1146
28.7632,0.4868,2.0982
28.7634,0.4944,2.1318
28.7636,0.4994,2.1535
28.7638,0.5477,2.364
28.7640,0.4872,2.1007
28.7642,0.4787,2.064
28.7644,0.4841,2.0892
28.7646,0.4827,2.0816
28.7648,0.4814,2.0759
28.7650,0.4777,2.0599
28.7652,0.4793,2.0656
28.7654,0.4857,2.0955
28.7656,0.4827,2.0826
28.7658,0.4829,2.0821
28.7660,0.4775,2.0579
28.7662,0.5781,2.4869
28.7664,0.6096,2.6213
28.7666,0.5921,2.546
28.7668,0.6078,2.6184
28.7670,0.6077,2.6155
28.7672,0.6058,2.6084
28.7674,0.5843,2.5149
28.7676,0.6324,2.7193
28.7678,0.7054,3.0319
28.7680,0.7274,3.1247
28.7682,0.7295,3.1296
28.7684,0.7822,3.357
28.7686,0.8168,3.5025
28.7688,0.8956,3.8367
28.7690,0.9656,4.1348
28.7692,0.981,4.1985
28.7694,0.9878,4.2317
28.7696,0.981,4.2024
28.7698,0.9524,4.0821
28.7700,0.9862,4.2231
28.7702,0.9638,4.1328
28.7704,0.9463,4.0578
28.7706,0.9673,4.1419
28.7708,0.9874,4.2282
28.7710,0.9166,3.9321
28.7712,0.8265,3.5474
28.7714,0.8481,3.6401
28.7716,0.8807,3.7783
28.7718,0.8639,3.7097
28.7720,0.7772,3.3421
28.7722,0.7804,3.354
28.7724,0.7626,3.2792
28.7726,0.7661,3.2879
28.7728,0.7717,3.3167
28.7730,0.7476,3.2117
28.7732,0.7842,3.3688
28.7734,0.7951,3.422
28.7736,0.7084,3.0461
28.7738,0.6843,2.9424
28.7740,0.6932,2.9806
28.7742,0.786,3.3765
28.7744,0.7891,3.3915
28.7746,0.7107,3.0544
28.7748,0.7795,3.3518
28.7750,0.7604,3.2713
28.7752,0.7421,3.1924
28.7754,0.6692,2.8775
28.7756,0.742,3.1889
28.7758,0.7322,3.1457
28.7760,0.7386,3.1715
28.7762,0.7645,3.2889
28.7764,0.7598,3.2688
28.7766,0.7568,3.2543
28.7768,0.6833,2.9383
28.7770,0.6827,2.9371
28.7772,0.6842,2.9405
28.7774,0.7264,3.1263
28.7776,0.6778,2.9186
28.7778,0.6852,2.9452
28.7780,0.7186,3.0913
28.7782,0.6884,2.9641
28.7784,0.6851,2.9501
28.7786,0.6849,2.945
28.7788,0.6878,2.9615
28.7790,0.5956,2.568
28.7792,0.5464,2.3539
28.7794,0.5489,2.3658
28.7796,0.5938,2.5579
28.7798,0.6435,2.7684
28.7800,0.7145,3.0709
28.7802,0.7369,3.1717
28.7804,0.6705,2.8898
28.7806,0.6016,2.5903
28.7808,0.636,2.7359
28.7810,0.6794,2.9199
28.7812,0.6735,2.9014
28.7814,0.6222,2.6828
28.7816,0.5777,2.4887
28.7818,0.5572,2.4015
28.7820,0.5338,2.3007
28.7822,0.5646,2.4358
28.7824,0.5366,2.3126
28.7826,0.6049,2.6047
28.7828,0.6188,2.6659
28.7830,0.6245,2.6901
28.7832,0.649,2.7947
28.7834,0.7045,3.0267
28.7836,0.7599,3.2693
28.7838,0.6599,2.8404
28.7840,0.6259,2.6951
28.7842,0.6592,2.832
28.7844,0.7698,3.3116
28.7846,0.7102,3.0566
28.7848,0.6884,2.9613
28.7850,0.6896,2.9692
28.7852,0.6145,2.646
28.7854,0.5911,2.5454
28.7856,0.5906,2.5421
28.7858,0.594,2.5578
28.7860,0.598,2.5772
28.7862,0.5928,2.5538
28.7864,0.5976,2.5709
28.7866,0.6951,2.9874
28.7868,0.7418,3.1944
28.7870,0.6278,2.7034
28.7872,0.599,2.5806
28.7874,0.5886,2.5345
28.7876,0.5932,2.5553
28.7878,0.5954,2.5663
28.7880,0.6085,2.6239
28.7882,0.5896,2.5398
28.7884,0.6339,2.7284
28.7886,0.592,2.5525
28.7888,0.5397,2.3271
28.7890,0.5385,2.3209
28.7892,0.5361,2.3116
28.7894,0.5339,2.3023
28.7896,0.532,2.293
28.7898,0.5478,2.3601
28.7900,0.5989,2.5837
28.7902,0.5446,2.3461
28.7904,0.5963,2.5688
28.7906,0.5424,2.3368
28.7908,0.5372,2.3163
28.7910,0.5694,2.4496
28.7912,0.6868,2.9505
28.7914,0.7435,3.2016
28.7916,0.6126,2.639
28.7918,0.6362,2.7382
28.7920,0.6826,2.9366
28.7922,0.6641,2.8571
28.7924,0.6344,2.7292
28.7926,0.6586,2.8295
28.7928,0.7261,3.1238
28.7930,0.7205,3.0981
28.7932,0.7512,3.2241
28.7934,0.7856,3.3781
28.7936,0.7587,3.2596
28.7938,0.7637,3.2822
28.7940,0.7001,3.0119
28.7942,0.6703,2.8848
28.7944,0.6795,2.9245
28.7946,0.6466,2.7883
28.7948,0.571,2.4609
28.7950,0.5646,2.4324
28.7952,0.5792,2.4954
28.7954,0.5827,2.5127
28.7956,0.5525,2.3802
28.7958,0.5644,2.4302
28.7960,0.5842,2.5166
28.7962,0.5842,2.5178
28.7964,0.5772,2.4855
28.7966,0.6161,2.6528
28.7968,0.6288,2.7113
28.7970,0.5304,2.2873
28.7972,0.5308,2.2857
28.7974,0.5771,2.485
28.7976,0.5843,2.5148
28.7978,0.5992,2.5812
28.7980,0.6144,2.6455
28.7982,0.665,2.8621
28.7984,0.6611,2.8429
28.7986,0.6663,2.8678
28.7988,0.5852,2.5212
28.7990,0.6339,2.7259
28.7992,0.6396,2.7527
28.7994,0.6022,2.5941
28.7996,0.6459,2.7774
28.7998,0.6856,2.944
28.8000,0.7953,3.4151
28.8002,0.8021,3.446
28.8004,0.8144,3.4937
28.8006,0.8379,3.5962
28.8008,0.7655,3.2915
28.8010,0.7514,3.2296
28.8012,0.7328,3.1498
28.8014,0.7512,3.2241
28.8016,0.8349,3.5816
28.8018,0.8843,3.7989
28.8020,0.798,3.4296
28.8022,0.788,3.3789
28.8024,0.9358,4.011
28.8026,0.9381,4.0226
28.8028,0.9562,4.1003
28.8030,0.9935,4.2522
28.8032,0.9854,4.2233
28.8034,0.9663,4.1396
28.8036,0.9732,4.1752
28.8038,0.8972,3.8491
28.8040,0.9593,4.1098
28.8042,0.9559,4.0987
28.8044,0.9229,3.9592
28.8046,0.9105,3.9099
28.8048,0.8689,3.7312
28.8050,0.8352,3.5849
28.8052,0.8671,3.7235
28.8054,0.7464,3.2155
28.8056,0.6608,2.8467
28.8058,0.6567,2.8265
28.8060,0.6511,2.8035
28.8062,0.6435,2.771
28.8064,0.6801,2.9244
28.8066,0.6972,3.0051
28.8068,0.5974,2.5734
28.8070,0.6332,2.7253
28.8072,0.6548,2.8221
28.8074,0.6048,2.6054
28.8076,0.5966,2.5703
28.8078,0.6346,2.7353
28.8080,0.6222,2.6778
28.8082,0.6132,2.6404
28.8084,0.6217,2.6745
28.8086,0.6322,2.7212
28.8088,0.6332,2.7304
28.8090,0.5749,2.4803
28.8092,0.5846,2.5198
28.8094,0.6629,2.852
28.8096,0.6789,2.9219
28.8098,0.6861,2.9543
28.8100,0.6005,2.5904
28.8102,0.4928,2.125
28.8104,0.4984,2.1502
28.8106,0.5668,2.4428
28.8108,0.591,2.5448
28.8110,0.6199,2.6718
28.8112,0.5176,2.2309
28.8114,0.5321,2.2924
28.8116,0.6135,2.6431
28.8118,0.5944,2.5581
28.8120,0.6036,2.5991
28.8122,0.5927,2.5556
28.8124,0.6063,2.6097
28.8126,0.662,2.8478
28.8128,0.6453,2.7787
28.8130,0.5848,2.5215
28.8132,0.5113,2.2056
28.8134,0.501,2.1601
28.8136,0.5601,2.4116
28.8138,0.6631,2.8551
28.8140,0.6504,2.8004
28.8142,0.642,2.7681
28.8144,0.5416,2.3375
28.8146,0.4842,2.0877
28.8148,0.4861,2.097
28.8150,0.4942,2.1321
28.8152,0.4978,2.1477
28.8154,0.5079,2.1901
28.8156,0.5358,2.3106
28.8158,0.5412,2.3349
28.8160,0.5117,2.2077
28.8162,0.5458,2.3491
28.8164,0.647,2.7834
28.8166,0.6374,2.7434
28.8168,0.5837,2.5145
28.8170,0.6,2.5836
28.8172,0.6496,2.7908
28.8174,0.7517,3.2337
28.8176,0.7361,3.1622
28.8178,0.7938,3.4116
28.8180,0.703,3.0257
28.8182,0.6499,2.7944
28.8184,0.6632,2.853
28.8186,0.6667,2.8693
28.8188,0.6532,2.8115
28.8190,0.6792,2.9221
28.8192,0.6972,2.9981
28.8194,0.7209,3.1026
28.8196,0.6862,2.9493
28.8198,0.7699,3.3028
28.8200,0.7647,3.2914
28.8202,0.6408,2.7591
28.8204,0.655,2.814
28.8206,0.7669,3.2961
28.8208,0.7948,3.421
28.8210,0.7014,3.0176
28.8212,0.6899,2.9694
28.8214,0.5938,2.5591
28.8216,0.5574,2.3992
28.8218,0.5878,2.5344
28.8220,0.4903,2.117
28.8222,0.4729,2.042
28.8224,0.4719,2.0359
28.8226,0.5129,2.2128
28.8228,0.4917,2.1203
28.8230,0.5343,2.3017
28.8232,0.536,2.3111
28.8234,0.4706,2.0302
28.8236,0.4662,2.012
28.8238,0.496,2.1379
28.8240,0.5421,2.3374
28.8242,0.5095,2.1958
28.8244,0.542,2.3348
28.8246,0.591,2.5437
28.8248,0.6044,2.6027
28.8250,0.5731,2.4691
28.8252,0.585,2.5179
28.8254,0.5946,2.5663
28.8256,0.5079,2.1881
28.8258,0.5962,2.5659
28.8260,0.6045,2.6056
28.8262,0.5587,2.4071
28.8264,0.5548,2.3911
28.8266,0.5528,2.3801
28.8268,0.5677,2.4435
28.8270,0.5493,2.3674
28.8272,0.5543,2.3891
28.8274,0.6215,2.6723
28.8276,0.6706,2.8863
28.8278,0.6028,2.5966
28.8280,0.6173,2.6592
28.8282,0.5909,2.5431
28.8284,0.5873,2.5265
28.8286,0.6155,2.6477
28.8288,0.6721,2.8925
28.8290,0.6332,2.7266
28.8292,0.5983,2.5751
28.8294,0.6459,2.7787
28.8296,0.7163,3.0772
28.8298,0.7174,3.0819
28.8300,0.7089,3.0467
28.8302,0.6523,2.8087
28.8304,0.6162,2.6533
28.8306,0.6087,2.6213
28.8308,0.6117,2.6329
28.8310,0.6573,2.8251
28.8312,0.7041,3.0289
28.8314,0.6331,2.7235
28.8316,0.6545,2.8132
28.8318,0.7194,3.0906
28.8320,0.7652,3.2935
28.8322,0.645,2.7772
28.8324,0.6304,2.7109
28.8326,0.678,2.917
28.8328,0.6693,2.8753
28.8330,0.746,3.2035
28.8332,0.771,3.3106
28.8334,0.7688,3.2967
28.8336,0.8402,3.6076
28.8338,0.8102,3.4789
28.8340,0.8482,3.6353
28.8342,0.8845,3.7928
28.8344,0.8785,3.7706
28.8346,0.8285,3.556
28.8348,0.8647,3.7063
28.8350,0.883,3.7897
28.8352,0.8822,3.7831
28.8354,0.9854,4.2193
28.8356,1.003,4.2948
28.8358,1.0339,4.4231
28.8360,1.0238,4.3821
28.8362,0.9976,4.2717
28.8364,1.023,4.3764
28.8366,1.0435,4.4767
28.8368,0.9653,4.1355
28.8370,0.9952,4.2674
28.8372,1.0153,4.3517
28.8374,1.0096,4.325
28.8376,1.0014,4.2901
28.8378,0.9659,4.1458
28.8380,0.9059,3.8898
28.8382,0.9185,3.9402
28.8384,0.9432,4.0442
28.8386,0.9559,4.1007
28.8388,0.9718,4.1632
28.8390,0.9476,4.0614
28.8392,0.9414,4.0347
28.8394,0.921,3.9528
28.8396,0.875,3.7645
28.8398,0.7864,3.3801
28.8400,0.8177,3.5146
28.8402,0.8115,3.4878
28.8404,0.8499,3.6493
28.8406,0.8553,3.6691
28.8408,0.886,3.8043
28.8410,0.8848,3.7992
28.8412,0.8894,3.8192
28.8414,0.8745,3.7514
28.8416,0.8957,3.846
28.8418,0.9066,3.8911
28.8420,0.8533,3.666
28.8422,0.7837,3.3698
28.8424,0.7676,3.3008
28.8426,0.7863,3.3828
28.8428,0.7694,3.3116
28.8430,0.7533,3.2394
28.8432,0.7596,3.2692
28.8434,0.7478,3.2157
28.8436,0.761,3.2724
28.8438,0.7748,3.3317
28.8440,0.7549,3.2506
28.8442,0.7483,3.2177
28.8444,0.7501,3.2285
28.8446,0.7572,3.2574
28.8448,0.7163,3.0844
28.8450,0.6611,2.8482
28.8452,0.6559,2.8255
28.8454,0.6575,2.8301
28.8456,0.708,3.0473
28.8458,0.647,2.7898
28.8460,0.5816,2.5046
28.8462,0.6506,2.8041
28.8464,0.6037,2.6056
28.8466,0.5831,2.5143
28.8468,0.5725,2.4676
28.8470,0.5675,2.4482
28.8472,0.5653,2.4378
28.8474,0.573,2.4674
28.8476,0.6298,2.7134
28.8478,0.6707,2.8895
28.8480,0.6816,2.9338
28.8482,0.7362,3.1671
28.8484,0.6982,3.0064
28.8486,0.6652,2.8644
28.8488,0.6764,2.9111
28.8490,0.6818,2.933
28.8492,0.6974,3.0014
28.8494,0.7205,3.0996
28.8496,0.7671,3.2956
28.8498,0.8073,3.473
28.8500,0.7059,3.0366
28.8502,0.7201,3.1009
28.8504,0.6921,2.9759
28.8506,0.7079,3.0468
28.8508,0.7101,3.0533
28.8510,0.7472,3.2161
28.8512,0.6944,2.9913
28.8514,0.6778,2.9146
28.8516,0.7757,3.3368
28.8518,0.7366,3.1687
28.8520,0.6927,2.9827
28.8522,0.6694,2.8812
28.8524,0.6604,2.8425
28.8526,0.6824,2.9342
28.8528,0.7535,3.2414
28.8530,0.7589,3.2631
28.8532,0.8018,3.4413
28.8534,0.8719,3.7441
28.8536,0.8721,3.7428
28.8538,0.844,3.6241
28.8540,0.8699,3.7388
28.8542,0.855,3.6732
28.8544,0.8213,3.5301
28.8546,0.7643,3.2848
28.8548,0.734,3.1608
28.8550,0.7141,3.0751
28.8552,0.7057,3.0347
28.8554,0.7242,3.1141
28.8556,0.7441,3.2012
28.8558,0.7315,3.1529
28.8560,0.7091,3.0449
28.8562,0.9065,3.8978
28.8564,0.8508,3.6552
28.8566,0.7504,3.228
28.8568,0.7254,3.1193
28.8570,0.7423,3.1964
28.8572,0.6784,2.9239
28.8574,0.6673,2.8745
28.8576,0.677,2.9164
28.8578,0.7018,3.0191
28.8580,0.7681,3.3013
28.8582,0.7713,3.3167
28.8584,0.7465,3.216
28.8586,0.6385,2.7531
28.8588,0.6501,2.802
28.8590,0.6512,2.8014
28.8592,0.7367,3.1707
28.8594,0.7632,3.2817
28.8596,0.8197,3.5196
28.8598,0.841,3.6129
28.8600,0.7999,3.441
28.8602,0.7235,3.1211
28.8604,0.5941,2.5618
28.8606,0.5587,2.4115
28.8608,0.5472,2.3619
28.8610,0.5626,2.4236
28.8612,0.6251,2.694
28.8614,0.5932,2.5577
28.8616,0.5725,2.4665
28.8618,0.598,2.5772
28.8620,0.5584,2.4078
28.8622,0.5522,2.3809
28.8624,0.5535,2.3888
28.8626,0.5555,2.3876
28.8628,0.7392,3.1786
28.8630,0.688,2.9667
28.8632,0.6139,2.6484
28.8634,0.5223,2.2521
28.8636,0.4812,2.0787
28.8638,0.4842,2.0906
28.8640,0.5053,2.1818
28.8642,0.4711,2.0333
28.8644,0.5144,2.2211
28.8646,0.4755,2.0524
28.8648,0.4609,1.9893
28.8650,0.5324,2.2956
28.8652,0.5807,2.5016
28.8654,0.598,2.5772
28.8656,0.6071,2.6177
28.8658,0.6045,2.602
28.8660,0.635,2.7369
28.8662,0.5992,2.58
28.8664,0.6451,2.7777
28.8666,0.5918,2.5485
28.8668,0.5994,2.5774
28.8670,0.701,3.0169
28.8672,0.7517,3.2322
28.8674,0.7941,3.4115
28.8676,0.7999,3.4346
28.8678,0.84,3.6088
28.8680,0.84,3.6088
28.8682,0.8746,3.7467
28.8684,0.9879,4.234
28.8686,0.9746,4.179
28.8688,0.9818,4.2078
28.8690,0.9565,4.1032
28.8692,0.9387,4.0271
28.8694,0.9651,4.1403
28.8696,0.9054,3.8859
28.8698,0.8872,3.8059
28.8700,0.8874,3.8123
28.8702,0.893,3.8311
28.8704,0.925,3.9703
28.8706,0.8958,3.843
28.8708,0.9285,3.9834
28.8710,0.9586,4.1067
28.8712,0.9549,4.0927
28.8714,0.9765,4.1852
28.8716,0.9795,4.2
28.8718,0.9515,4.0859
28.8720,0.8861,3.8048
28.8722,0.8514,3.6594
28.8724,0.8469,3.6348
28.8726,0.8808,3.7839
28.8728,0.7988,3.4332
28.8730,0.8108,3.4815
28.8732,0.8665,3.7244
28.8734,0.842,3.6187
28.8736,0.8589,3.6897
28.8738,0.8748,3.7582
28.8740,0.8162,3.5063
28.8742,0.8134,3.4977
28.8744,0.8065,3.4678
28.8746,0.7707,3.3126
28.8748,0.7304,3.1511
28.8750,0.5993,2.5817
28.8752,0.7373,3.1703
28.8754,0.8038,3.4548
28.8756,0.7837,3.3651
28.8758,0.8107,3.481
28.8760,0.8601,3.7
28.8762,0.7388,3.18
28.8764,0.7571,3.2539
28.8766,0.8213,3.5284
28.8768,0.8537,3.6692
28.8770,0.7971,3.4308
28.8772,0.7843,3.374
28.8774,0.8186,3.5182
28.8776,0.8213,3.5284
28.8778,0.8337,3.5832
28.8780,0.8463,3.639
28.8782,0.829,3.5697
28.8784,0.7274,3.1309
28.8786,0.7027,3.026
28.8788,0.6879,2.9634
28.8790,0.7065,3.042
28.8792,0.7511,3.2266
28.8794,0.8704,3.7426
28.8796,0.8116,3.4916
28.8798,0.7758,3.342
28.8800,0.7137,3.073
28.8802,0.7445,3.2027
28.8804,0.7284,3.1394
28.8806,0.6319,2.7234
28.8808,0.6055,2.6097
28.8810,0.6153,2.6546
28.8812,0.6162,2.6557
28.8814,0.6697,2.8862
28.8816,0.6665,2.8728
28.8818,0.6292,2.7108
28.8820,0.6288,2.7075
28.8822,0.6868,2.9532
28.8824,0.7812,3.3528
28.8826,0.8774,3.7713
28.8828,0.8003,3.4415
28.8830,0.7988,3.4348
28.8832,0.8242,3.5392
28.8834,0.8453,3.6298
28.8836,0.8614,3.7039
28.8838,0.7945,3.4242
28.8840,0.6717,2.8963
28.8842,0.6814,2.9341
28.8844,0.6567,2.8304
28.8846,0.6356,2.7407
28.8848,0.6291,2.7128
28.8850,0.6324,2.7242
28.8852,0.6375,2.7452
28.8854,0.6355,2.7364
28.8856,0.6372,2.7462
28.8858,0.6307,2.717
28.8860,0.6351,2.7374
28.8862,0.6434,2.773
28.8864,0.6382,2.7508
28.8866,0.6416,2.764
28.8868,0.6349,2.7338
28.8870,0.6316,2.7224
28.8872,0.6031,2.5958
28.8874,0.6814,2.9369
28.8876,0.6349,2.7376
28.8878,0.6096,2.631
28.8880,0.4945,2.1342
28.8882,0.4724,2.0399
28.8884,0.4771,2.0563
28.8886,0.5074,2.1921
28.8888,0.4676,2.0201
28.8890,0.4819,2.0798
28.8892,0.4816,2.0798
28.8894,0.4813,2.0782
28.8896,0.4776,2.0612
28.8898,0.4789,2.0669
28.8900,0.4795,2.0704
28.8902,0.4795,2.0685
28.8904,0.5319,2.2903
28.8906,0.5868,2.5268
28.8908,0.6147,2.6471
28.8910,0.6146,2.6515
28.8912,0.5328,2.3008
28.8914,0.5219,2.2485
28.8916,0.638,2.7485
28.8918,0.6073,2.6138
28.8920,0.6647,2.8597
28.8922,0.6894,2.9646
28.8924,0.6851,2.9474
28.8926,0.6709,2.8874
28.8928,0.6056,2.6127
28.8930,0.5894,2.5393
28.8932,0.6411,2.7581
28.8934,0.6629,2.8507
28.8936,0.6864,2.9531
28.8938,0.7797,3.3497
28.8940,0.8127,3.4897
28.8942,0.7966,3.4223
28.8944,0.7839,3.3677
28.8946,0.8177,3.5163
28.8948,0.697,3.0027
28.8950,0.6358,2.7379
28.8952,0.6253,2.695
28.8954,0.5988,2.5784
28.8956,0.5954,2.5639
28.8958,0.6493,2.7958
28.8960,0.611,2.6323
28.8962,0.593,2.556
28.8964,0.5881,2.5336
28.8966,0.5947,2.5609
28.8968,0.6031,2.597
28.8970,0.6242,2.6866
28.8972,0.6482,2.7898
28.8974,0.6688,2.8813
28.8976,0.6609,2.8445
28.8978,0.6609,2.8445
28.8980,0.6439,2.7751
28.8982,0.5844,2.5188
28.8984,0.5866,2.5246
28.8986,0.6261,2.6961
28.8988,0.6282,2.7049
28.8990,0.6713,2.8908
28.8992,0.7067,3.0346
28.8994,0.8498,3.6488
28.8996,0.809,3.4786
28.8998,0.803,3.4464
28.9000,0.8448,3.6277
28.9002,0.8105,3.4837
28.9004,0.7486,3.2188
28.9006,0.7699,3.3059
28.9008,0.8295,3.5618
28.9010,0.8717,3.7378
28.9012,0.9632,4.1282
28.9014,0.9728,4.1693
28.9016,0.9661,4.1405
28.9018,0.9411,4.0336
28.9020,0.9351,4.0117
28.9022,0.9749,4.1805
28.9024,0.9689,4.1587
28.9026,0.9363,4.0112
28.9028,1.0003,4.2875
28.9030,0.9952,4.2654
28.9032,1.017,4.361
28.9034,0.9746,4.1828
28.9036,0.8727,3.7507
28.9038,0.8572,3.6859
28.9040,0.7746,3.3353
28.9042,0.7633,3.2807
28.9044,0.7928,3.4106
28.9046,0.7535,3.2399
28.9048,0.7505,3.227
28.9050,0.7392,3.1815
28.9052,0.7386,3.1789
28.9054,0.7378,3.1783
28.9056,0.6715,2.8886
28.9058,0.7176,3.0872
28.9060,0.7201,3.1009
28.9062,0.7086,3.0499
28.9064,0.6911,2.9704
28.9066,0.7884,3.3899
28.9068,0.8175,3.5185
28.9070,0.7517,3.2352
28.9072,0.782,3.3642
28.9074,0.7657,3.294
28.9076,0.7261,3.1238
28.9078,0.6798,2.9288
28.9080,0.6832,2.9405
28.9082,0.7415,3.1869
28.9084,0.7601,3.2668
28.9086,0.768,3.3054
28.9088,0.7376,3.1778
28.9090,0.6798,2.9247
28.9092,0.7219,3.1043
28.9094,0.7698,3.31
28.9096,0.7598,3.2688
28.9098,0.6935,2.9835
28.9100,0.7298,3.1383
28.9102,0.7423,3.2009
28.9104,0.6368,2.7472
28.9106,0.5987,2.5827
28.9108,0.6278,2.7046
28.9110,0.6236,2.6853
28.9112,0.6161,2.6552
28.9114,0.5849,2.5232
28.9116,0.6078,2.6159
28.9118,0.6668,2.8725
28.9120,0.6723,2.8936
28.9122,0.7386,3.1819
28.9124,0.6402,2.7604
28.9126,0.6004,2.5863
28.9128,0.606,2.607
28.9130,0.6417,2.7645
28.9132,0.5983,2.5763
28.9134,0.6186,2.6648
28.9136,0.6646,2.8632
28.9138,0.6483,2.7942
28.9140,0.5959,2.5696
28.9142,0.5727,2.467
28.9144,0.6711,2.8884
28.9146,0.6881,2.963
28.9148,0.656,2.8247
28.9150,0.667,2.8722
28.9152,0.6731,2.8972
28.9154,0.7211,3.0978
28.9156,0.8141,3.5008
28.9158,0.7689,3.3064
28.9160,0.7538,3.2384
28.9162,0.7711,3.3126
28.9164,0.7784,3.3487
28.9166,0.7351,3.164
28.9168,0.7965,3.4234
28.9170,0.7868,3.3832
28.9172,0.747,3.2121
28.9174,0.7638,3.2827
28.9176,0.8102,3.4805
28.9178,0.8157,3.5059
28.9180,0.7687,3.3069
28.9182,0.7721,3.3245
28.9184,0.7433,3.2005
28.9186,0.7121,3.062
28.9188,0.8049,3.4547
28.9190,0.8324,3.5792
28.9192,0.7436,3.1961
28.9194,0.7998,3.4373
28.9196,0.8518,3.6542
28.9198,0.9032,3.8803
28.9200,0.8578,3.6902
28.9202,0.7301,3.1438
28.9204,0.6578,2.8337
28.9206,0.6536,2.8144
28.9208,0.7024,3.0245
28.9210,0.6129,2.643
28.9212,0.5728,2.4698
28.9214,0.5659,2.4415
28.9216,0.5639,2.4327
28.9218,0.6117,2.6378
28.9220,0.6012,2.5863
28.9222,0.7343,3.1618
28.9224,0.6698,2.8867
28.9226,0.5773,2.4895
28.9228,0.5695,2.4536
28.9230,0.5682,2.4513
28.9232,0.5655,2.4405
28.9234,0.5685,2.4489
28.9236,0.6543,2.8135
28.9238,0.7026,3.0255
28.9240,0.7146,3.08
28.9242,0.6557,2.825
28.9244,0.6085,2.6178
28.9246,0.7258,3.1252
28.9248,0.7156,3.0784
28.9250,0.7267,3.1278
28.9252,0.7183,3.0874
28.9254,0.8253,3.5438
28.9256,0.8295,3.5651
28.9258,0.7474,3.2151
28.9260,0.6783,2.9207
28.9262,0.6292,2.7121
28.9264,0.599,2.5806
28.9266,0.5986,2.581
28.9268,0.6074,2.6192
28.9270,0.6115,2.6331
28.9272,0.6326,2.7303
28.9274,0.5169,2.232
28.9276,0.4986,2.1518
28.9278,0.5011,2.1626
28.9280,0.4996,2.1564
28.9282,0.4956,2.1378
28.9284,0.4972,2.1461
28.9286,0.4957,2.1374
28.9288,0.5683,2.4484
28.9290,0.601,2.5925
28.9292,0.5155,2.2237
28.9294,0.5233,2.2552
28.9296,0.5459,2.3551
28.9298,0.518,2.2346
28.9300,0.5144,2.2201
28.9302,0.5109,2.2051
28.9304,0.5101,2.2004
28.9306,0.5078,2.1886
28.9308,0.5203,2.2413
28.9310,0.6237,2.6883
28.9312,0.6107,2.6307
28.9314,0.5897,2.5439
28.9316,0.5158,2.2263
28.9318,0.5215,2.2454
28.9320,0.628,2.7019
28.9322,0.6766,2.9121
28.9324,0.6706,2.8877
28.9326,0.6836,2.9352
28.9328,0.7794,3.3513
28.9330,0.7102,3.0595
28.9332,0.6639,2.8561
28.9334,0.7402,3.1797
28.9336,0.7747,3.3281
28.9338,0.7757,3.3337
28.9340,0.7922,3.4017
28.9342,0.8668,3.7185
28.9344,0.9174,3.9374
28.9346,0.8307,3.5719
28.9348,0.7665,3.2884
28.9350,0.9169,3.9298
28.9352,0.9283,3.9805
28.9354,0.9659,4.14
28.9356,0.9988,4.2788
28.9358,1.0059,4.3071
28.9360,1.0069,4.3117
28.9362,0.9583,4.1071
28.9364,0.9363,4.0168
28.9366,0.9756,4.1836
28.9368,0.9433,4.0523
28.9370,0.7959,3.4224
28.9372,0.8144,3.4953
28.9374,0.8876,3.8115
28.9376,0.8662,3.7176
28.9378,0.8563,3.6754
28.9380,0.8562,3.6801
28.9382,0.8537,3.6641
28.9384,0.8994,3.8584
28.9386,0.8971,3.8504
28.9388,0.8879,3.8126
28.9390,0.89,3.82
28.9392,0.8803,3.7854
28.9394,0.8021,3.446
28.9396,0.8373,3.597
28.9398,0.8551,3.6737
28.9400,0.8539,3.6703
28.9402,0.847,3.637
28.9404,0.8507,3.658
28.9406,0.8392,3.6035
28.9408,0.8502,3.6543
28.9410,0.8067,3.4656
28.9412,0.8481,3.6484
28.9414,0.7749,3.3384
28.9416,0.6952,2.9907
28.9418,0.7336,3.1573
28.9420,0.7412,3.1858
28.9422,0.7679,3.3018
28.9424,0.7482,3.2202
28.9426,0.7397,3.188
28.9428,0.6742,2.9072
28.9430,0.6019,2.5918
28.9432,0.6596,2.8428
28.9434,0.6304,2.7172
28.9436,0.5993,2.5817
28.9438,0.5851,2.5231
28.9440,0.5932,2.5613
28.9442,0.5397,2.3293
28.9444,0.5433,2.3437
28.9446,0.536,2.3143
28.9448,0.514,2.2144
28.9450,0.5559,2.3991
28.9452,0.5128,2.2123
28.9454,0.6013,2.5892
28.9456,0.6047,2.6098
28.9458,0.495,2.1352
28.9460,0.4964,2.1434
28.9462,0.4965,2.145
28.9464,0.4959,2.1394
28.9466,0.5031,2.1694
28.9468,0.491,2.1211
28.9470,0.4189,1.8107
28.9472,0.4065,1.7576
28.9474,0.4385,1.8907
28.9476,0.5456,2.3514
28.9478,0.574,2.4761
28.9480,0.5562,2.3985
28.9482,0.5662,2.4391
28.9484,0.5598,2.414
28.9486,0.5611,2.4185
28.9488,0.6219,2.6793
28.9490,0.5742,2.4749
28.9492,0.561,2.418
28.9494,0.6065,2.6127
28.9496,0.6764,2.9111
28.9498,0.712,3.0587
28.9500,0.7917,3.4044
28.9502,0.7098,3.0593
28.9504,0.5827,2.5116
28.9506,0.5631,2.4268
28.9508,0.567,2.445
28.9510,0.5733,2.4719
28.9512,0.5622,2.4243
28.9514,0.5615,2.4223
28.9516,0.5454,2.3519
28.9518,0.558,2.404
28.9520,0.6645,2.8547
28.9522,0.7549,3.2476
28.9524,0.6453,2.7839
28.9526,0.5412,2.3317
28.9528,0.5393,2.3266
28.9530,0.5338,2.3028
28.9532,0.5657,2.437
28.9534,0.6493,2.7971
28.9536,0.6004,2.5887
28.9538,0.6047,2.5977
28.9540,0.709,3.0543
28.9542,0.6117,2.6342
28.9544,0.5863,2.5317
28.9546,0.4691,2.0235
28.9548,0.511,2.2046
28.9550,0.4802,2.0726
28.9552,0.4547,1.9624
28.9554,0.4489,1.9366
28.9556,0.4471,1.9289
28.9558,0.4601,1.9856
28.9560,0.4855,2.0934
28.9562,0.5403,2.3286
28.9564,0.5484,2.3627
28.9566,0.5695,2.4536
28.9568,0.5935,2.5545
28.9570,0.652,2.8037
28.9572,0.693,2.9787
28.9574,0.7119,3.0596
28.9576,0.7279,3.1301
28.9578,0.767,3.2966
28.9580,0.7346,3.159
28.9582,0.6693,2.8833
28.9584,0.63,2.7139
28.9586,0.6072,2.6133
28.9588,0.6187,2.6629
28.9590,0.6602,2.8414
28.9592,0.6078,2.6196
28.9594,0.5876,2.5304
28.9596,0.6252,2.6907
28.9598,0.6609,2.8432
28.9600,0.6957,2.9942
28.9602,0.7078,3.0421
28.9604,0.711,3.056
28.9606,0.6926,2.9766
28.9608,0.6596,2.8415
28.9610,0.6158,2.6542
28.9612,0.6032,2.5975
28.9614,0.6019,2.5942
28.9616,0.5984,2.5757
28.9618,0.6361,2.739
28.9620,0.6342,2.732
28.9622,0.653,2.8144
28.9624,0.5769,2.4885
28.9626,0.5081,2.1921
28.9628,0.4939,2.1306
28.9630,0.4934,2.1285
28.9632,0.4914,2.1197
28.9634,0.4923,2.1219
28.9636,0.4922,2.1224
28.9638,0.4935,2.129
28.9640,0.532,2.2919
28.9642,0.5878,2.5286
28.9644,0.5122,2.2097
28.9646,0.5084,2.1891
28.9648,0.5798,2.5003
28.9650,0.499,2.1518
28.9652,0.4682,2.019
28.9654,0.4846,2.0888
28.9656,0.524,2.2583
28.9658,0.5759,2.4798
28.9660,0.6061,2.6111
28.9662,0.5729,2.4692
28.9664,0.5802,2.4984
28.9666,0.6486,2.7862
28.9668,0.7475,3.2126
28.9670,0.7165,3.0782
28.9672,0.7616,3.2689
28.9674,0.792,3.3975
28.9676,0.8364,3.5867
28.9678,0.8896,3.818
28.9680,0.8444,3.6257
28.9682,0.8452,3.6174
28.9684,0.9754,4.1786
28.9686,0.982,4.2069
28.9688,0.9556,4.0939
28.9690,0.9637,4.1283
28.9692,0.9693,4.1544
28.9694,0.9822,4.2099
28.9696,0.9701,4.1657
28.9698,0.8426,3.6163
28.9700,0.8343,3.5807
28.9702,0.8475,3.6373
28.9704,0.8713,3.745
28.9706,0.7736,3.325
28.9708,0.7529,3.2388
28.9710,0.7507,3.2266
28.9712,0.7759,3.3332
28.9714,0.7514,3.2296
28.9716,0.7653,3.2833
28.9718,0.8092,3.4748
28.9720,0.7917,3.4012
28.9722,0.8168,3.5105
28.9724,0.7808,3.3575
28.9726,0.7201,3.1009
28.9728,0.6872,2.9589
28.9730,0.6965,2.9964
28.9732,0.7285,3.1298
28.9734,0.7715,3.3126
28.9736,0.8291,3.5603
28.9738,0.8218,3.5272
28.9740,0.8621,3.7036
28.9742,0.7471,3.2111
28.9744,0.7709,3.3193
28.9746,0.7265,3.121
28.9748,0.7493,3.2234
28.9750,0.6589,2.8344
28.9752,0.6806,2.9278
28.9754,0.7386,3.1745
28.9756,0.7844,3.3729
28.9758,0.7698,3.31
28.9760,0.7188,3.0952
28.9762,0.6786,2.9182
28.9764,0.7117,3.0619
28.9766,0.683,2.9395
28.9768,0.6866,2.9536
28.9770,0.7264,3.1234
28.9772,0.6934,2.9858
28.9774,0.6764,2.9125
28.9776,0.6795,2.9218
28.9778,0.6957,2.9942
28.9780,0.6691,2.8796
28.9782,0.6677,2.8753
28.9784,0.6608,2.84
28.9786,0.7376,3.1733
28.9788,0.7248,3.1225
28.9790,0.6471,2.7865
28.9792,0.6297,2.7129
28.9794,0.6436,2.7715
28.9796,0.6607,2.8435
28.9798,0.678,2.917
28.9800,0.6674,2.8737
28.9802,0.6719,2.8893
28.9804,0.6861,2.9529
28.9806,0.6599,2.8444
28.9808,0.6506,2.8001
28.9810,0.6453,2.7787
28.9812,0.6526,2.8102
28.9814,0.6508,2.7986
28.9816,0.6795,2.9245
28.9818,0.7246,3.1157
28.9820,0.8096,3.4747
28.9822,0.8249,3.5455
28.9824,0.787,3.3843
28.9826,0.7183,3.0932
28.9828,0.641,2.7601
28.9830,0.6239,2.6851
28.9832,0.6181,2.6603
28.9834,0.6217,2.6758
28.9836,0.6213,2.6755
28.9838,0.6219,2.6793
28.9840,0.6224,2.6801
28.9842,0.6541,2.8151
28.9844,0.6308,2.715
28.9846,0.6403,2.757
28.9848,0.6412,2.7599
28.9850,0.7286,3.1332
28.9852,0.7306,3.1458
28.9854,0.6326,2.724
28.9856,0.6298,2.7146
28.9858,0.6414,2.7604
28.9860,0.6029,2.5996
28.9862,0.5821,2.5101
28.9864,0.5573,2.4042
28.9866,0.5433,2.3415
28.9868,0.5427,2.34
28.9870,0.5445,2.3489
28.9872,0.5434,2.3442
28.9874,0.5477,2.3617
28.9876,0.5444,2.3462
28.9878,0.541,2.3328
28.9880,0.5424,2.3379
28.9882,0.5466,2.3538
28.9884,0.6302,2.7099
28.9886,0.6759,2.9144
28.9888,0.5584,2.4089
28.9890,0.5412,2.3338
28.9892,0.5385,2.3187
28.9894,0.5434,2.3431
28.9896,0.5417,2.3359
28.9898,0.554,2.3853
28.9900,0.6233,2.6825
28.9902,0.6906,2.9697
28.9904,0.7283,3.1287
28.9906,0.8153,3.5027
28.9908,0.7536,3.245
28.9910,0.6586,2.8347
28.9912,0.6483,2.789
28.9914,0.6388,2.7508
28.9916,0.6982,2.9994
28.9918,0.7376,3.1733
28.9920,0.6806,2.9278
28.9922,0.7125,3.0607
28.9924,0.7746,3.3276
28.9926,0.7554,3.2482
28.9928,0.758,3.258
28.9930,0.7831,3.3657
28.9932,0.6994,3.0088
28.9934,0.6798,2.9233
28.9936,0.7258,3.1223
28.9938,0.7247,3.122
28.9940,0.6824,2.9301
28.9942,0.8025,3.4428
28.9944,0.7621,3.2862
28.9946,0.5436,2.3431
28.9948,0.5619,2.4239
28.9950,0.5012,2.1611
28.9952,0.494,2.1331
28.9954,0.4953,2.1368
28.9956,0.5085,2.1917
28.9958,0.5754,2.4812
28.9960,0.5849,2.5197
28.9962,0.5965,2.565
28.9964,0.6751,2.9095
28.9966,0.6198,2.67
28.9968,0.6105,2.6266
28.9970,0.7217,3.1062
28.9972,0.6766,2.9121
28.9974,0.7072,3.0381
28.9976,0.7313,3.1475
28.9978,0.6836,2.9407
28.9980,0.6306,2.714
28.9982,0.6332,2.7253
28.9984,0.6891,2.9672
28.9986,0.6536,2.8104
28.9988,0.6933,2.9783
28.9990,0.7492,3.2199
28.9992,0.728,3.1306
28.9994,0.7671,3.2972
28.9996,0.778,3.3409
28.9998,0.77,3.3111
29.0000,0.7137,3.0687
29.0002,0.7843,3.3693
29.0004,0.8007,3.4366
29.0006,0.8568,3.6723
29.0008,0.9336,4.0031
29.0010,0.8903,3.8157
29.0012,0.9002,3.8638
29.0014,0.8572,3.679
29.0016,0.905,3.8826
29.0018,0.9039,3.8761
29.0020,0.9072,3.8954
29.0022,0.9035,3.8741
29.0024,0.9695,4.1554
29.0026,0.9272,3.9796
29.0028,0.8099,3.4811
29.0030,0.789,3.3925
29.0032,0.7882,3.3815
29.0034,0.9065,3.8924
29.0036,0.9019,3.871
29.0038,0.9386,4.0266
29.0040,0.9132,3.9175
29.0042,0.9351,4.0098
29.0044,0.9423,4.0463
29.0046,0.9145,3.9232
29.0048,0.9476,4.069
29.0050,0.8573,3.6847
29.0052,0.7676,3.2992
29.0054,0.8159,3.5069
29.0056,0.8565,3.6759
29.0058,0.8483,3.646
29.0060,0.8091,3.4791
29.0062,0.7974,3.4254
29.0064,0.8827,3.7869
29.0066,0.8784,3.7807
29.0068,0.7134,3.072
29.0070,0.6681,2.8755
29.0072,0.7392,3.1815
29.0074,0.6737,2.9024
29.0076,0.6458,2.7795
29.0078,0.6763,2.9119
29.0080,0.6844,2.9457
29.0082,0.7548,3.2456
29.0084,0.7526,3.2393
29.0086,0.6697,2.8862
29.0088,0.627,2.6985
29.0090,0.6681,2.8715
29.0092,0.7183,3.096
29.0094,0.6417,2.7671
29.0096,0.6316,2.7224
29.0098,0.6255,2.6935
29.0100,0.6348,2.7358
29.0102,0.6176,2.6607
29.0104,0.5959,2.5696
29.0106,0.534,2.3039
29.0108,0.581,2.502
29.0110,0.661,2.8477
29.0112,0.6231,2.6857
29.0114,0.646,2.7831
29.0116,0.6843,2.9493
29.0118,0.6127,2.6395
29.0120,0.6222,2.6791
29.0122,0.6996,3.0098
29.0124,0.728,3.1321
29.0126,0.6298,2.7172
29.0128,0.5454,2.353
29.0130,0.5551,2.3905
29.0132,0.6477,2.7826
29.0134,0.7282,3.1326
29.0136,0.705,3.033
29.0138,0.7379,3.1714
29.0140,0.7394,3.1796
29.0142,0.7551,3.2471
29.0144,0.7988,3.438
29.0146,0.6999,3.0122
29.0148,0.6794,2.9186
29.0150,0.8535,3.6631
29.0152,0.9097,3.9044
29.0154,0.8861,3.7995
29.0156,0.9271,3.9809
29.0158,0.8604,3.7015
29.0160,0.801,3.4425
29.0162,0.7994,3.4326
29.0164,0.8494,3.6507
29.0166,0.8033,3.4528
29.0168,0.7922,3.4064
29.0170,0.7591,3.2657
29.0172,0.7905,3.4008
29.0174,0.7012,3.0193
29.0176,0.6625,2.8552
29.0178,0.6706,2.8877
29.0180,0.6827,2.9303
29.0182,0.8818,3.781
29.0184,0.8362,3.6007
29.0186,0.6706,2.8904
29.0188,0.626,2.6969
29.0190,0.631,2.716
29.0192,0.7053,3.0383
29.0194,0.587,2.5325
29.0196,0.5457,2.3551
29.0198,0.5474,2.3613
29.0200,0.5492,2.3669
29.0202,0.5787,2.4928
29.0204,0.5641,2.4326
29.0206,0.5406,2.3334
29.0208,0.5394,2.3282
29.0210,0.5337,2.3002
29.0212,0.5785,2.4946
29.0214,0.5715,2.4641
29.0216,0.5483,2.3665
29.0218,0.4983,2.1487
29.0220,0.4948,2.1377
29.0222,0.4856,2.0988
29.0224,0.4822,2.0814
29.0226,0.5303,2.2878
29.0228,0.5111,2.2041
29.0230,0.576,2.4815
29.0232,0.601,2.5853
29.0234,0.6723,2.8882
29.0236,0.7139,3.0755
29.0238,0.6363,2.7375
29.0240,0.6621,2.8523
29.0242,0.6203,2.6708
29.0244,0.6632,2.8583
29.0246,0.614,2.6452
29.0248,0.6103,2.6267
29.0250,0.6543,2.8148
29.0252,0.6561,2.8239
29.0254,0.6611,2.8495
29.0256,0.6113,2.6333
29.0258,0.6083,2.6204
29.0260,0.6099,2.6289
29.0262,0.6023,2.5958
29.0264,0.5855,2.5223
29.0266,0.578,2.4937
29.0268,0.5029,2.1694
29.0270,0.4878,2.1042
29.0272,0.4854,2.0948
29.0274,0.4837,2.0886
29.0276,0.4747,2.0478
29.0278,0.473,2.0406
29.0280,0.4867,2.1005
29.0282,0.4839,2.0886
29.0284,0.4783,2.0633
29.0286,0.4791,2.066
29.0288,0.4855,2.0915
29.0290,0.5273,2.276
29.0292,0.518,2.2335
29.0294,0.5668,2.4417
29.0296,0.5339,2.3012
29.0298,0.5417,2.3348
29.0300,0.6078,2.6159
29.0302,0.5776,2.4882
29.0304,0.5282,2.2764
29.0306,0.4885,2.1083
29.0308,0.4929,2.1265
29.0310,0.4976,2.1456
29.0312,0.4904,2.1156
29.0314,0.509,2.1937
29.0316,0.5838,2.5115
29.0318,0.6969,2.9938
29.0320,0.7956,3.4177
29.0322,0.7442,3.2002
29.0324,0.6948,2.9892
29.0326,0.7339,3.1529
29.0328,0.7999,3.4314
29.0330,0.7994,3.4342
29.0332,0.7505,3.2255
29.0334,0.7874,3.3795
29.0336,0.8628,3.698
29.0338,0.868,3.7253
29.0340,0.8735,3.7455
29.0342,0.9364,4.0117
29.0344,0.9628,4.1266
29.0346,0.9444,4.0418
29.0348,0.9935,4.2542
29.0350,0.998,4.2732
29.0352,0.9956,4.2689
29.0354,0.9012,3.8697
29.0356,0.852,3.6552
29.0358,0.9209,3.9486
29.0360,0.908,3.8936
29.0362,0.8816,3.784
29.0364,0.8406,3.6063
29.0366,0.8481,3.6416
29.0368,0.8471,3.6392
29.0370,0.8385,3.6038
29.0372,0.7839,3.3693
29.0374,0.7622,3.2745
29.0376,0.8345,3.5801
29.0378,0.9137,3.9269
29.0380,0.7828,3.3662
29.0382,0.7589,3.257
29.0384,0.8097,3.4817
29.0386,0.7653,3.2879
29.0388,0.8527,3.66
29.0390,0.8736,3.7478
29.0392,0.8003,3.4447
29.0394,0.726,3.1247
29.0396,0.7111,3.0565
29.0398,0.7656,3.2874
29.0400,0.8203,3.5222
29.0402,0.8704,3.7374
29.0404,0.8489,3.6469
29.0406,0.8459,3.634
29.0408,0.7936,3.411
29.0410,0.7767,3.3399
29.0412,0.7388,3.177
29.0414,0.7603,3.2663
29.0416,0.7902,3.3961
29.0418,0.768,3.3038
29.0420,0.7537,3.244
29.0422,0.7472,3.2146
29.0424,0.7075,3.0467
29.0426,0.6258,2.6958
29.0428,0.6101,2.6294
29.0430,0.6294,2.7113
29.0432,0.6641,2.8598
29.0434,0.643,2.7715
29.0436,0.5894,2.5417
29.0438,0.5827,2.5116
29.0440,0.5764,2.483
29.0442,0.5775,2.4842
29.0444,0.6945,2.9849
29.0446,0.6752,2.9086
29.0448,0.5893,2.5412
29.0450,0.567,2.4473
29.0452,0.5561,2.3979
29.0454,0.5584,2.4066
29.0456,0.5599,2.4122
29.0458,0.5869,2.5296
29.0460,0.6028,2.5979
29.0462,0.608,2.6194
29.0464,0.5909,2.5455
29.0466,0.6394,2.7509
29.0468,0.6428,2.7692
29.0470,0.638,2.7485
29.0472,0.6409,2.7571
29.0474,0.6857,2.95
29.0476,0.7535,3.2399
29.0478,0.7435,3.1956
29.0480,0.7831,3.3673
29.0482,0.7379,3.1803
29.0484,0.6201,2.6715
29.0486,0.6137,2.6424
29.0488,0.617,2.6594
29.0490,0.6095,2.6256
29.0492,0.6062,2.6104
29.0494,0.6051,2.607
29.0496,0.6228,2.6829
29.0498,0.6213,2.6755
29.0500,0.6121,2.6369
29.0502,0.6074,2.618
29.0504,0.6153,2.6484
29.0506,0.6338,2.7241
29.0508,0.6815,2.9306
29.0510,0.6898,2.9648
29.0512,0.6977,3.0016
29.0514,0.7376,3.1748
29.0516,0.7103,3.0543
29.0518,0.6881,2.9562
29.0520,0.7851,3.3745
29.0522,0.7346,3.1648
29.0524,0.6098,2.6296
29.0526,0.5882,2.5353
29.0528,0.5591,2.4097
29.0530,0.5742,2.4749
29.0532,0.6221,2.6798
29.0534,0.6417,2.7607
29.0536,0.6794,2.9199
29.0538,0.6482,2.7937
29.0540,0.5686,2.446
29.0542,0.7132,3.0667
29.0544,0.6381,2.7478
29.0546,0.5698,2.4557
29.0548,0.6065,2.6114
29.0550,0.6763,2.9119
29.0552,0.6498,2.7965
29.0554,0.661,2.8437
29.0556,0.7156,3.0756
29.0558,0.7499,3.2229
29.0560,0.7097,3.0546
29.0562,0.7303,3.1404
29.0564,0.7908,3.3955
29.0566,0.8566,3.673
29.0568,0.8316,3.5727
29.0570,0.8212,3.5312
29.0572,0.7554,3.2497
29.0574,0.724,3.1087
29.0576,0.8204,3.521
29.0578,0.8069,3.4699
29.0580,0.767,3.2997
29.0582,0.7566,3.2518
29.0584,0.7828,3.3647
29.0586,0.7673,3.2961
29.0588,0.7821,3.36
29.0590,0.7151,3.0821
29.0592,0.6047,2.6061
29.0594,0.5843,2.5194
29.0596,0.5969,2.5737
29.0598,0.5946,2.5615
29.0600,0.5857,2.5233
29.0602,0.5687,2.4556
29.0604,0.4927,2.1254
29.0606,0.4936,2.1276
29.0608,0.4986,2.1498
29.0610,0.4974,2.1456
29.0612,0.4934,2.1285
29.0614,0.4952,2.1363
29.0616,0.4987,2.1503
29.0618,0.5,2.157
29.0620,0.5004,2.1565
29.0622,0.5619,2.4194
29.0624,0.548,2.3617
29.0626,0.5791,2.4926
29.0628,0.5819,2.5114
29.0630,0.5002,2.159
29.0632,0.4898,2.112
29.0634,0.4952,2.1363
29.0636,0.4905,2.1161
29.0638,0.4906,2.1156
29.0640,0.4963,2.138
29.0642,0.5442,2.3468
29.0644,0.5368,2.3147
29.0646,0.5597,2.4112
29.0648,0.611,2.6298
29.0650,0.5924,2.5522
29.0652,0.5745,2.4736
29.0654,0.6302,2.7061
29.0656,0.739,3.1731
29.0658,0.765,3.2879
29.0660,0.7669,3.2946
29.0662,0.8257,3.5486
29.0664,0.8048,3.4509
29.0666,0.864,3.7084
29.0668,0.8177,3.5146
29.0670,0.7935,3.4074
29.0672,0.8252,3.5416
29.0674,0.8282,3.5562
29.0676,0.83,3.5655
29.0678,0.8374,3.5941
29.0680,0.8501,3.6521
29.0682,0.7894,3.3946
29.0684,0.7502,3.223
29.0686,0.8297,3.5595
29.0688,0.9127,3.9137
29.0690,0.8965,3.8407
29.0692,0.9225,3.9595
29.0694,0.868,3.7288
29.0696,0.8312,3.5723
29.0698,0.8068,3.4677
29.0700,0.7513,3.2276
29.0702,0.7699,3.309
29.0704,0.7904,3.3987
29.0706,0.8113,3.4868
29.0708,0.8037,3.4527
29.0710,0.7602,3.2688
29.0712,0.7107,3.0573
29.0714,0.7252,3.1226
29.0716,0.6658,2.8604
29.0718,0.7428,3.1911
29.0720,0.7501,3.2255
29.0722,0.7538,3.243
29.0724,0.7474,3.2136
29.0726,0.7342,3.1554
29.0728,0.7574,3.2584
29.0730,0.7018,3.0233
29.0732,0.7119,3.061
29.0734,0.7379,3.1729
29.0736,0.7173,3.0856
29.0738,0.6848,2.9486
29.0740,0.7199,3.0999
29.0742,0.724,3.1145
29.0744,0.6861,2.9515
29.0746,0.7042,3.0308
29.0748,0.6767,2.914
29.0750,0.6149,2.6488
29.0752,0.6223,2.6833
29.0754,0.5557,2.3953
29.0756,0.5846,2.521
29.0758,0.6084,2.6173
29.0760,0.6728,2.8943
29.0762,0.6674,2.8751
29.0764,0.6139,2.6447
29.0766,0.6075,2.6161
29.0768,0.629,2.711
29.0770,0.5892,2.5395
29.0772,0.6374,2.7408
29.0774,0.7149,3.0753
29.0776,0.679,2.9197
29.0778,0.7198,3.0965
29.0780,0.6897,2.9698
29.0782,0.6559,2.8215
29.0784,0.6685,2.8757
29.0786,0.6703,2.8834
29.0788,0.6673,2.8732
29.0790,0.5761,2.4854
29.0792,0.4968,2.144
29.0794,0.4887,2.1093
29.0796,0.4905,2.1171
29.0798,0.4856,2.0939
29.0800,0.5062,2.1829
29.0802,0.558,2.4062
29.0804,0.5536,2.3849
29.0806,0.5998,2.5813
29.0808,0.6603,2.8433
29.0810,0.6206,2.6773
29.0812,0.5176,2.234
29.0814,0.4682,2.0199
29.0816,0.4685,2.0209
29.0818,0.4638,2.0017
29.0820,0.4633,2.0005
29.0822,0.4626,1.9956
29.0824,0.4647,2.0058
29.0826,0.4635,1.9997
29.0828,0.5233,2.2573
29.0830,0.4766,2.0561
29.0832,0.4532,1.958
29.0834,0.4579,1.9763
29.0836,0.4598,1.9837
29.0838,0.4575,1.9739
29.0840,0.4542,1.9603
29.0842,0.4568,1.9708
29.0844,0.5185,2.2387
29.0846,0.4734,2.0393
29.0848,0.5098,2.2004
29.0850,0.4558,1.9679
29.0852,0.4476,1.9318
29.0854,0.4487,1.9347
29.0856,0.4476,1.9309
29.0858,0.447,1.9301
29.0860,0.4538,1.9578
29.0862,0.5048,2.1777
29.0864,0.4836,2.0861
29.0866,0.452,1.9492
29.0868,0.4492,1.9377
29.0870,0.4462,1.9256
29.0872,0.4652,2.006
29.0874,0.5755,2.4759
29.0876,0.5698,2.4592
29.0878,0.4505,1.9451
29.0880,0.4307,1.8571
29.0882,0.4295,1.8537
29.0884,0.434,1.8733
29.0886,0.4331,1.8675
29.0888,0.4314,1.8602
29.0890,0.4567,1.9684
29.0892,0.5278,2.2706
29.0894,0.6137,2.6424
29.0896,0.5772,2.4866
29.0898,0.57,2.4545
29.0900,0.5554,2.3926
29.0902,0.5545,2.389
29.0904,0.5338,2.3007
29.0906,0.4655,2.0061
29.0908,0.4464,1.924
29.0910,0.4562,1.9682
29.0912,0.4573,1.9728
29.0914,0.4546,1.9609
29.0916,0.4506,1.9439
29.0918,0.4334,1.8699
29.0920,0.4625,1.9941
29.0922,0.5269,2.2665
29.0924,0.5868,2.5256
29.0926,0.57,2.4568
29.0928,0.5095,2.1907
29.0930,0.5899,2.5414
29.0932,0.492,2.1213
29.0934,0.5355,2.3037
29.0936,0.6375,2.7452
29.0938,0.578,2.4856
29.0940,0.6147,2.6422
29.0942,0.6529,2.8073
29.0944,0.6439,2.77
29.0946,0.6071,2.6128
29.0948,0.6143,2.6462
29.0950,0.5597,2.4134
29.0952,0.5061,2.1793
29.0954,0.5683,2.4461
29.0956,0.5944,2.5557
29.0958,0.6237,2.6808
29.0960,0.6306,2.7127
29.0962,0.5868,2.5256
29.0964,0.5733,2.4696
29.0966,0.5667,2.44
29.0968,0.5867,2.5263
29.0970,0.5814,2.5001
29.0972,0.6405,2.753
29.0974,0.6828,2.9321
29.0976,0.7481,3.2092
29.0978,0.7578,3.2524
29.0980,0.7348,3.1433
29.0982,0.8778,3.7658
29.0984,0.8368,3.5915
29.0986,0.8057,3.455
29.0988,0.8306,3.5681
29.0990,0.7151,3.0735
29.0992,0.7132,3.0638
29.0994,0.7012,3.0109
29.0996,0.7633,3.2776
29.0998,0.825,3.5378
29.1000,0.8808,3.7734
29.1002,0.9014,3.8653
29.1004,0.8517,3.6537
29.1006,0.8559,3.6665
29.1008,0.9023,3.8653
29.1010,0.8999,3.8586
29.1012,0.8438,3.6231
29.1014,0.8138,3.5009
29.1016,0.7445,3.1968
29.1018,0.8189,3.5132
29.1020,0.8006,3.4393
29.1022,0.7662,3.29
29.1024,0.7706,3.3075
29.1026,0.7669,3.2931
29.1028,0.7664,3.2956
29.1030,0.7393,3.1791
29.1032,0.6942,2.9838
29.1034,0.6798,2.9233
29.1036,0.7089,3.051
29.1038,0.7019,3.0126
29.1040,0.7935,3.4042
29.1042,0.8176,3.5108
29.1044,0.8468,3.6326
29.1046,0.8639,3.7096
29.1048,0.8418,3.6115
29.1050,0.841,3.6079
29.1052,0.8551,3.6754
29.1054,0.8187,3.5106
29.1056,0.7953,3.4199
29.1058,0.7629,3.2745
29.1060,0.8328,3.5779
29.1062,0.8072,3.4644
29.1064,0.7905,3.3961
29.1066,0.7929,3.4064
29.1068,0.7821,3.3584
29.1070,0.8111,3.4782
29.1072,0.8423,3.6186
29.1074,0.7783,3.3435
29.1076,0.7861,3.3786
29.1078,0.8211,3.5274
29.1080,0.7629,3.2776
29.1082,0.7783,3.342
29.1084,0.8304,3.5659
29.1086,0.8334,3.5755
29.1088,0.8278,3.5546
29.1090,0.7581,3.254
29.1092,0.7911,3.4002
29.1094,0.8024,3.4487
29.1096,0.776,3.3353
29.1098,0.7551,3.2441
29.1100,0.73,3.1403
29.1102,0.6954,2.9918
29.1104,0.7235,3.1052
29.1106,0.82,3.5228
29.1108,0.824,3.5447
29.1110,0.758,3.2625
29.1112,0.6938,2.9832
29.1114,0.6906,2.9725
29.1116,0.6809,2.9321
29.1118,0.6833,2.941
29.1120,0.706,3.0343
29.1122,0.7916,3.4007
29.1124,0.7915,3.4034
29.1126,0.7701,3.3116
29.1128,0.7235,3.1139
29.1130,0.7,3.01
29.1132,0.7695,3.3028
29.1134,0.8326,3.5752
29.1136,0.8243,3.538
29.1138,0.8297,3.5612
29.1140,0.8307,3.5703
29.1142,0.8454,3.632
29.1144,0.8531,3.6615
29.1146,0.8548,3.6687
29.1148,0.908,3.8954
29.1150,0.8997,3.8563
29.1152,0.8922,3.8293
29.1154,0.8331,3.5789
29.1156,0.8259,3.5447
29.1158,0.8665,3.7192
29.1160,0.8452,3.6276
29.1162,0.8738,3.7506
29.1164,0.8605,3.6952
29.1166,0.789,3.3909
29.1168,0.782,3.3626
29.1170,0.8228,3.5313
29.1172,0.8749,3.7569
29.1174,0.8974,3.8478
29.1176,0.8922,3.8293
29.1178,0.8999,3.8676
29.1180,0.8105,3.487
29.1182,0.7267,3.1264
29.1184,0.6551,2.8211
29.1186,0.6252,2.6945
29.1188,0.6626,2.8571
29.1190,0.5887,2.5374
29.1192,0.5542,2.3908
29.1194,0.5637,2.4294
29.1196,0.558,2.4062
29.1198,0.5551,2.3916
29.1200,0.6006,2.591
29.1202,0.5561,2.4002
29.1204,0.5522,2.3765
29.1206,0.68,2.9252
29.1208,0.6705,2.8925
29.1210,0.5593,2.413
29.1212,0.5481,2.3633
29.1214,0.5495,2.3673
29.1216,0.5602,2.4155
29.1218,0.5645,2.4341
29.1220,0.5602,2.4144
29.1222,0.5701,2.4573
29.1224,0.6665,2.8675
29.1226,0.7527,3.2353
29.1228,0.7631,3.2827
29.1230,0.7358,3.1626
29.1232,0.7149,3.0739
29.1234,0.7043,3.0299
29.1236,0.6627,2.8549
29.1238,0.656,2.8194
29.1240,0.7797,3.3559
29.1242,0.7063,3.0401
29.1244,0.6857,2.95
29.1246,0.681,2.9326
29.1248,0.7007,3.0131
29.1250,0.7189,3.0972
29.1252,0.6669,2.8703
29.1254,0.6958,2.9933
29.1256,0.7409,3.1887
29.1258,0.7143,3.0742
29.1260,0.6951,2.993
29.1262,0.67,2.8864
29.1264,0.623,2.6839
29.1266,0.5982,2.5758
29.1268,0.5605,2.4182
29.1270,0.498,2.1492
29.1272,0.546,2.3501
29.1274,0.6432,2.7707
29.1276,0.5629,2.4308
29.1278,0.4982,2.1502
29.1280,0.492,2.1223
29.1282,0.4924,2.1254
29.1284,0.4956,2.1378
29.1286,0.495,2.1362
29.1288,0.5652,2.4361
29.1290,0.5788,2.4968
29.1292,0.5062,2.1839
29.1294,0.4944,2.1317
29.1296,0.4896,2.1129
29.1298,0.5159,2.2227
29.1300,0.5315,2.2919
29.1302,0.4881,2.1067
29.1304,0.4803,2.0731
29.1306,0.4836,2.0871
29.1308,0.4856,2.0949
29.1310,0.5135,2.2154
29.1312,0.5595,2.4068
29.1314,0.6361,2.7352
29.1316,0.6891,2.963
29.1318,0.733,3.1503
29.1320,0.7505,3.221
29.1322,0.7975,3.4243
29.1324,0.8583,3.6854
29.1326,0.8218,3.5272
29.1328,0.8521,3.6506
29.1330,0.9012,3.8715
29.1332,0.803,3.4464
29.1334,0.8959,3.8363
29.1336,0.942,4.0429
29.1338,0.9526,4.083
29.1340,0.9525,4.0863
29.1342,0.9319,3.9978
29.1344,0.9138,3.9238
29.1346,0.8411,3.6134
29.1348,0.8307,3.5636
29.1350,0.9079,3.8931
29.1352,0.9507,4.0823
29.1354,0.9234,3.9613
29.1356,0.9167,3.9306
29.1358,0.8669,3.7259
29.1360,0.845,3.6249
29.1362,0.8782,3.7691
29.1364,0.8709,3.7394
29.1366,0.8902,3.8206
29.1368,0.8813,3.7807
29.1370,0.8968,3.8489
29.1372,0.8896,3.8126
29.1374,0.9033,3.8772
29.1376,0.8825,3.7947
29.1378,0.8245,3.5402
29.1380,0.8571,3.6819
29.1382,0.8667,3.7232
29.1384,0.8674,3.7297
29.1386,0.7873,3.3822
29.1388,0.8047,3.4568
29.1390,0.8298,3.565
29.1392,0.7923,3.4085
29.1394,0.7489,3.2278
29.1396,0.7039,3.0326
29.1398,0.6348,2.7371
29.1400,0.5838,2.5162
29.1402,0.6258,2.6933
29.1404,0.659,2.8376
29.1406,0.6751,2.9054
29.1408,0.6486,2.794
29.1410,0.5998,2.5873
29.1412,0.591,2.5519
29.1414,0.5454,2.3508
29.1416,0.5722,2.4684
29.1418,0.5331,2.2987
29.1420,0.5787,2.4917
29.1422,0.608,2.6194
29.1424,0.6031,2.5994
29.1426,0.6114,2.6314
29.1428,0.6314,2.7226
29.1430,0.5966,2.5739
29.1432,0.5211,2.248
29.1434,0.5403,2.3275
29.1436,0.6201,2.6691
29.1438,0.6923,2.9867
29.1440,0.5272,2.2754
29.1442,0.5011,2.1606
29.1444,0.5016,2.1657
29.1446,0.4995,2.1569
29.1448,0.505,2.1797
29.1450,0.4968,2.143
29.1452,0.4856,2.0949
29.1454,0.5307,2.2883
29.1456,0.5068,2.1814
29.1458,0.5902,2.5424
29.1460,0.5656,2.4399
29.1462,0.5633,2.4267
29.1464,0.5695,2.4558
29.1466,0.5609,2.4186
29.1468,0.5839,2.512
29.1470,0.7185,3.0865
29.1472,0.8144,3.4986
29.1474,0.8023,3.4465
29.1476,0.7456,3.2074
29.1478,0.6806,2.936
29.1480,0.5532,2.3855
29.1482,0.538,2.3199
29.1484,0.5336,2.3018
29.1486,0.5316,2.2903
29.1488,0.5322,2.2961
29.1490,0.5343,2.3038
29.1492,0.5464,2.355
29.1494,0.5357,2.3079
29.1496,0.5338,2.3028
29.1498,0.5373,2.3178
29.1500,0.5358,2.3095
29.1502,0.5381,2.3161
29.1504,0.6218,2.6726
29.1506,0.6912,2.9751
29.1508,0.6191,2.6681
29.1510,0.5333,2.3018
29.1512,0.49,2.1121
29.1514,0.5357,2.3111
29.1516,0.4757,2.0539
29.1518,0.4569,1.9731
29.1520,0.4805,2.0717
29.1522,0.5462,2.3496
29.1524,0.6104,2.6248
29.1526,0.6189,2.6676
29.1528,0.5634,2.4306
29.1530,0.4934,2.1285
29.1532,0.4897,2.1125
29.1534,0.4821,2.0818
29.1536,0.4688,2.0197
29.1538,0.5592,2.408
29.1540,0.5825,2.5082
29.1542,0.6181,2.6578
29.1544,0.6754,2.9029
29.1546,0.7027,3.0218
29.1548,0.6693,2.8847
29.1550,0.6096,2.6273
29.1552,0.6109,2.6269
29.1554,0.6892,2.9608
29.1556,0.7718,3.3142
29.1558,0.8044,3.4526
29.1560,0.831,3.5652
29.1562,0.8367,3.5894
29.1564,0.765,3.2925
29.1566,0.634,2.7289
29.1568,0.6665,2.8661
29.1570,0.7396,3.1771
29.1572,0.7463,3.206
29.1574,0.7298,3.1383
29.1576,0.7285,3.1341
29.1578,0.7213,3.1003
29.1580,0.7411,3.1838
29.1582,0.7543,3.248
29.1584,0.6625,2.8486
29.1586,0.6996,3.007
29.1588,0.7065,3.0435
29.1590,0.6104,2.6285
29.1592,0.5818,2.5086
29.1594,0.4938,2.1291
29.1596,0.4827,2.0825
29.1598,0.4809,2.0747
29.1600,0.4846,2.0908
29.1602,0.4822,2.0795
29.1604,0.4855,2.0944
29.1606,0.4825,2.0815
29.1608,0.4794,2.068
29.1610,0.4837,2.0847
29.1612,0.4824,2.0809
29.1614,0.4849,2.0908
29.1616,0.5351,2.3053
29.1618,0.5893,2.5376
29.1620,0.6143,2.6462
29.1622,0.596,2.5689
29.1624,0.5316,2.2914
29.1626,0.4959,2.1394
29.1628,0.4927,2.1235
29.1630,0.4923,2.1239
29.1632,0.4917,2.1213
29.1634,0.4924,2.1234
29.1636,0.4896,2.111
29.1638,0.4833,2.0841
29.1640,0.5324,2.2924
29.1642,0.5699,2.454
29.1644,0.565,2.4328
29.1646,0.5701,2.4539
29.1648,0.6133,2.6433
29.1650,0.5885,2.5316
29.1652,0.6366,2.7398
29.1654,0.6399,2.7529
29.1656,0.7018,3.0177
29.1658,0.7191,3.0891
29.1660,0.7414,3.1804
29.1662,0.7809,3.3549
29.1664,0.8084,3.468
29.1666,0.9247,3.9614
29.1668,0.9946,4.2588
29.1670,0.9963,4.266
29.1672,0.9741,4.1769
29.1674,0.9228,3.9568
29.1676,0.8725,3.7414
29.1678,0.8665,3.7157
29.1680,0.8521,3.6574
29.1682,0.8767,3.7629
29.1684,0.8771,3.7574
29.1686,0.9161,3.9299
29.1688,0.9,3.8628
29.1690,0.7909,3.3992
29.1692,0.7343,3.1574
29.1694,0.734,3.1564
29.1696,0.7212,3.0998
29.1698,0.7421,3.1924
29.1700,0.7386,3.173
29.1702,0.8055,3.4572
29.1704,0.8363,3.5895
29.1706,0.7643,3.2878
29.1708,0.7206,3.1001
29.1710,0.6689,2.8791
29.1712,0.6753,2.9038
29.1714,0.7041,3.0303
29.1716,0.6926,2.9808
29.1718,0.6892,2.9636
29.1720,0.7506,3.223
29.1722,0.8167,3.5035
29.1724,0.9161,3.9299
29.1726,0.8201,3.5217
29.1728,0.7947,3.4205
29.1730,0.7731,3.3245
29.1732,0.7444,3.2067
29.1734,0.658,2.8321
29.1736,0.7333,3.1533
29.1738,0.7707,3.3126
29.1740,0.7626,3.276
29.1742,0.7675,3.3002
29.1744,0.7623,3.2796
29.1746,0.7501,3.224
29.1748,0.7267,3.1264
29.1750,0.6866,2.9536
29.1752,0.7291,3.1338
29.1754,0.7592,3.2616
29.1756,0.728,3.1364
29.1758,0.6316,2.7186
29.1760,0.6694,2.8812
29.1762,0.627,2.7035
29.1764,0.6097,2.6254
29.1766,0.641,2.7614
29.1768,0.6352,2.7303
29.1770,0.6999,3.0108
29.1772,0.6881,2.9617
29.1774,0.638,2.7485
29.1776,0.5818,2.5086
29.1778,0.5989,2.5801
29.1780,0.6475,2.7867
29.1782,0.673,2.8913
29.1784,0.7289,3.1371
29.1786,0.677,2.9137
29.1788,0.6228,2.6829
29.1790,0.5757,2.4822
29.1792,0.5886,2.5369
29.1794,0.5765,2.4847
29.1796,0.5728,2.4687
29.1798,0.6056,2.6054
29.1800,0.7055,3.0351
29.1802,0.6863,2.9498
29.1804,0.7241,3.1093
29.1806,0.7888,3.3889
29.1808,0.7113,3.0613
29.1810,0.6463,2.7829
29.1812,0.6376,2.7457
29.1814,0.6349,2.7325
29.1816,0.6499,2.797
29.1818,0.6471,2.7878
29.1820,0.5791,2.4984
29.1822,0.5573,2.3998
29.1824,0.5695,2.4524
29.1826,0.6167,2.6566
29.1828,0.626,2.6969
29.1830,0.6188,2.6634
29.1832,0.62,2.671
29.1834,0.6205,2.6706
29.1836,0.6283,2.7042
29.1838,0.614,2.644
29.1840,0.6685,2.8784
29.1842,0.6652,2.8671
29.1844,0.577,2.4867
29.1846,0.5965,2.5686
29.1848,0.6182,2.6658
29.1850,0.5559,2.3947
29.1852,0.5549,2.3905
29.1854,0.5506,2.372
29.1856,0.5489,2.3647
29.1858,0.549,2.3674
29.1860,0.555,2.3933
29.1862,0.5868,2.5279
29.1864,0.554,2.3875
29.1866,0.5441,2.3462
29.1868,0.5433,2.3394
29.1870,0.6121,2.6345
29.1872,0.5894,2.5393
29.1874,0.549,2.3685
29.1876,0.5451,2.3515
29.1878,0.5391,2.3245
29.1880,0.5458,2.3513
29.1882,0.5462,2.3539
29.1884,0.5575,2.3997
29.1886,0.6709,2.8887
29.1888,0.649,2.7895
29.1890,0.6958,2.9905
29.1892,0.7599,3.2647
29.1894,0.7711,3.3126
29.1896,0.8081,3.4734
29.1898,0.7378,3.1738
29.1900,0.6482,2.7885
29.1902,0.645,2.772
29.1904,0.752,3.2367
29.1906,0.6555,2.8226
29.1908,0.6227,2.6824
29.1910,0.6285,2.7052
29.1912,0.6291,2.7078
29.1914,0.6261,2.6961
29.1916,0.6235,2.6848
29.1918,0.6231,2.682
29.1920,0.6289,2.7055
29.1922,0.6351,2.731
29.1924,0.6484,2.7909
29.1926,0.6728,2.8889
29.1928,0.7927,3.4085
29.1930,0.6818,2.9316
29.1932,0.665,2.8647
29.1934,0.6729,2.8934
29.1936,0.7192,3.0925
29.1938,0.6376,2.747
29.1940,0.6185,2.6618
29.1942,0.6532,2.8115
29.1944,0.6271,2.7003
29.1946,0.638,2.746
29.1948,0.7314,3.1377
29.1950,0.7713,3.3152
29.1952,0.7626,3.2776
29.1954,0.7581,3.2631
29.1956,0.6845,2.9407
29.1958,0.7498,3.2224
29.1960,0.7283,3.1331
29.1962,0.7221,3.1019
29.1964,0.7936,3.4047
29.1966,0.8017,3.4536
29.1968,0.618,2.6635
29.1970,0.5885,2.534
29.1972,0.605,2.604
29.1974,0.6125,2.6385
29.1976,0.6321,2.7219
29.1978,0.659,2.8336
29.1980,0.6868,2.9505
29.1982,0.7307,3.142
29.1984,0.7355,3.1626
29.1986,0.6959,2.991
29.1988,0.7295,3.1353
29.1990,0.7539,3.239
29.1992,0.7627,3.2827
29.1994,0.7168,3.0821
29.1996,0.7698,3.307
29.1998,0.7878,3.3842
29.2000,0.7751,3.3234
29.2002,0.9083,3.8892
29.2004,0.959,4.1121
29.2006,0.937,4.0218
29.2008,0.9135,3.9209
29.2010,0.8846,3.7933
29.2012,0.875,3.7557
29.2014,0.8822,3.7901
29.2016,0.8336,3.576
29.2018,0.8699,3.7284
29.2020,0.8873,3.81
29.2022,0.8825,3.7911
29.2024,0.9158,3.9289
29.2026,0.8956,3.8437
29.2028,0.8791,3.7715
29.2030,0.8843,3.8024
29.2032,0.7713,3.3167
29.2034,0.7574,3.2539
29.2036,0.7633,3.2822
29.2038,0.8096,3.4812
29.2040,0.7854,3.3771
29.2042,0.7794,3.3513
29.2044,0.69,2.9741
29.2046,0.5754,2.4789
29.2048,0.6104,2.6273
29.2050,0.7022,3.0221
29.2052,0.7095,3.0535
29.2054,0.6566,2.8299
29.2056,0.6373,2.7467
29.2058,0.6235,2.686
29.2060,0.6206,2.6736
29.2062,0.6137,2.6424
29.2064,0.6246,2.6882
29.2066,0.6493,2.7945
29.2068,0.5872,2.5307
29.2070,0.5905,2.5428
29.2072,0.6705,2.8872
29.2074,0.6324,2.7217
29.2076,0.6349,2.7325
29.2078,0.7123,3.0688
29.2080,0.6679,2.8718
29.2082,0.6434,2.773
29.2084,0.5457,2.353
29.2086,0.5416,2.3375
29.2088,0.539,2.324
29.2090,0.5751,2.4773
29.2092,0.5947,2.562
29.2094,0.5964,2.5693
29.2096,0.6203,2.6733
29.2098,0.5806,2.5022
29.2100,0.5938,2.5615
29.2102,0.5322,2.2919
29.2104,0.6611,2.8442
29.2106,0.6536,2.8209
29.2108,0.495,2.1352
29.2110,0.4856,2.0949
29.2112,0.4761,2.055
29.2114,0.485,2.0933
29.2116,0.5105,2.1994
29.2118,0.5585,2.4072
29.2120,0.5968,2.572
29.2122,0.5904,2.547
29.2124,0.5161,2.2253
29.2126,0.5116,2.2061
29.2128,0.5633,2.4267
29.2130,0.6489,2.7916
29.2132,0.7252,3.111
29.2134,0.8502,3.6475
29.2136,0.8404,3.6103
29.2138,0.8517,3.6588
29.2140,0.7556,3.2537
29.2142,0.6155,2.6502
29.2144,0.6303,2.7142
29.2146,0.6374,2.7447
29.2148,0.6333,2.7258
29.2150,0.6735,2.8974
29.2152,0.7087,3.0519
29.2154,0.7037,3.0288
29.2156,0.6839,2.9422
29.2158,0.6785,2.9177
29.2160,0.7376,3.1748
29.2162,0.7045,3.0296
29.2164,0.6857,2.9472
29.2166,0.6869,2.9565
29.2168,0.6721,2.8925
29.2170,0.6845,2.9476
29.2172,0.6778,2.9173
29.2174,0.667,2.8695
29.2176,0.6382,2.7483
29.2178,0.599,2.5806
29.2180,0.588,2.5331
29.2182,0.5912,2.5459
29.2184,0.5821,2.5066
29.2186,0.5971,2.5688
29.2188,0.6706,2.8877
29.2190,0.6062,2.6141
29.2192,0.4981,2.1477
29.2194,0.4728,2.0405
29.2196,0.4679,2.0183
29.2198,0.468,2.0179
29.2200,0.4733,2.0426
29.2202,0.4703,2.0287
29.2204,0.4701,2.0301
29.2206,0.4709,2.0322
29.2208,0.4695,2.0265
29.2210,0.4727,2.04
29.2212,0.4725,2.0376
29.2214,0.4924,2.1234
29.2216,0.4747,2.0478
29.2218,0.5179,2.2289
29.2220,0.6163,2.655
29.2222,0.5628,2.4224
29.2224,0.601,2.5865
29.2226,0.6442,2.7728
29.2228,0.6778,2.9173
29.2230,0.6687,2.8767
29.2232,0.68,2.9279
29.2234,0.5882,2.5341
29.2236,0.5561,2.3979
29.2238,0.541,2.3306
29.2240,0.5863,2.5224
29.2242,0.6555,2.8213
29.2244,0.6204,2.6713
29.2246,0.6074,2.6144
29.2248,0.6237,2.687
29.2250,0.5926,2.548
29.2252,0.6554,2.8169
29.2254,0.6813,2.9336
29.2256,0.6342,2.732
29.2258,0.6156,2.6519
29.2260,0.5954,2.5616
29.2262,0.5966,2.5703
29.2264,0.599,2.5782
29.2266,0.6197,2.6707
29.2268,0.5294,2.2784
29.2270,0.546,2.3556
29.2272,0.4992,2.1524
29.2274,0.4944,2.1317
29.2276,0.4938,2.1301
29.2278,0.4921,2.1228
29.2280,0.492,2.1203
29.2282,0.5333,2.2954
29.2284,0.6047,2.6013
29.2286,0.592,2.5525
29.2288,0.5057,2.1818
29.2290,0.5291,2.2795
29.2292,0.5275,2.2754
29.2294,0.4842,2.0877
29.2296,0.4767,2.0557
29.2298,0.4805,2.0717
29.2300,0.4818,2.0784
29.2302,0.4819,2.0779
29.2304,0.4822,2.0804
29.2306,0.4834,2.0846
29.2308,0.4819,2.0779
29.2310,0.4945,2.1322
29.2312,0.5326,2.2945
29.2314,0.5821,2.502
29.2316,0.6519,2.8032
29.2318,0.6909,2.9694
29.2320,0.7037,3.0217
29.2322,0.72,3.0946
29.2324,0.7741,3.327
29.2326,0.8179,3.5086
29.2328,0.8185,3.5128
29.2330,0.7723,3.3178
29.2332,0.7471,3.2081
29.2334,0.8615,3.6855
29.2336,1.0097,4.3195
29.2338,1.0135,4.34
29.2340,0.9993,4.2849
29.2342,0.9115,3.9049
29.2344,0.9173,3.9314
29.2346,0.9044,3.8818
29.2348,0.8695,3.7303
29.2350,0.8952,3.835
29.2352,0.9129,3.9129
29.2354,0.9015,3.8658
29.2356,0.8867,3.8074
29.2358,0.8709,3.7342
29.2360,0.9087,3.8949
29.2362,0.9262,3.9755
29.2364,0.8566,3.6765
29.2366,0.8468,3.6343
29.2368,0.8613,3.6965
29.2370,0.9125,3.9126
29.2372,0.9221,3.9556
29.2374,0.9086,3.9071
29.2376,0.7803,3.3554
29.2378,0.7415,3.1884
29.2380,0.7391,3.1751
29.2382,0.7795,3.3502
29.2384,0.7982,3.4274
29.2386,0.8447,3.6238
29.2388,0.8641,3.7054
29.2390,0.9555,4.1029
29.2392,0.9074,3.8947
29.2394,0.8388,3.602
29.2396,0.8245,3.5402
29.2398,0.7249,3.1216
29.2400,0.7006,3.0181
29.2402,0.6452,2.7756
29.2404,0.7374,3.1738
29.2406,0.7438,3.1982
29.2408,0.747,3.2091
29.2410,0.7557,3.2467
29.2412,0.7231,3.1124
29.2414,0.6746,2.9074
29.2416,0.583,2.5114
29.2418,0.5857,2.5245
29.2420,0.6004,2.5863
29.2422,0.6633,2.8562
29.2424,0.6573,2.8277
29.2426,0.681,2.934
29.2428,0.6843,2.9465
29.2430,0.6673,2.8732
29.2432,0.5929,2.5543
29.2434,0.641,2.7576
29.2436,0.7555,3.2472
29.2438,0.7085,3.0522
29.2440,0.5986,2.5798
29.2442,0.5868,2.5303
29.2444,0.5789,2.495
29.2446,0.5803,2.4989
29.2448,0.6038,2.5965
29.2450,0.7,3.0142
29.2452,0.6168,2.6583
29.2454,0.592,2.5502
29.2456,0.5905,2.5416
29.2458,0.6462,2.7811
29.2460,0.6513,2.7993
29.2462,0.7075,3.041
29.2464,0.8304,3.5693
29.2466,0.8117,3.4872
29.2468,0.8655,3.7111
29.2470,0.824,3.548
29.2472,0.6367,2.7428
29.2474,0.6168,2.6583
29.2476,0.6109,2.6293
29.2478,0.6104,2.6273
29.2480,0.6144,2.648
29.2482,0.6137,2.6449
29.2484,0.618,2.6622
29.2486,0.6129,2.6393
29.2488,0.62,2.671
29.2490,0.652,2.8076
29.2492,0.6273,2.7025
29.2494,0.6174,2.6584
29.2496,0.611,2.6335
29.2498,0.6171,2.6599
29.2500,0.6314,2.7151
29.2502,0.7201,3.0923
29.2504,0.7392,3.183
29.2506,0.6551,2.8211
29.2508,0.6832,2.9419
29.2510,0.5911,2.5465
29.2512,0.544,2.3468
29.2514,0.5297,2.2853
29.2516,0.527,2.2723
29.2518,0.5411,2.3322
29.2520,0.5446,2.3461
29.2522,0.5332,2.2981
29.2524,0.5288,2.2801
29.2526,0.5296,2.2826
29.2528,0.5699,2.4517
29.2530,0.6316,2.7173
29.2532,0.6258,2.6946
29.2534,0.6619,2.8487
29.2536,0.6852,2.9507
29.2538,0.6167,2.6566
29.2540,0.5914,2.544
29.2542,0.6772,2.9106
29.2544,0.7185,3.0894
29.2546,0.7372,3.1698
29.2548,0.7812,3.3559
29.2550,0.7934,3.4084
29.2552,0.761,3.2678
29.2554,0.8135,3.4917
29.2556,0.8898,3.819
29.2558,0.9056,3.8833
29.2560,0.8822,3.7848
29.2562,0.8502,3.6492
29.2564,0.824,3.5431
29.2566,0.7863,3.3765
29.2568,0.8198,3.5201
29.2570,0.8316,3.5744
29.2572,0.7585,3.2601
29.2574,0.78,3.3523
29.2576,0.7599,3.2678
29.2578,0.7692,3.3044
29.2580,0.7963,3.4208
29.2582,0.8005,3.4468
29.2584,0.6697,2.8862
29.2586,0.6012,2.5875
29.2588,0.6639,2.8574
29.2590,0.693,2.9801
29.2592,0.721,3.1016
29.2594,0.6598,2.8465
29.2596,0.5081,2.1942
29.2598,0.4927,2.1274
29.2600,0.4911,2.1187
29.2602,0.489,2.1094
29.2604,0.4905,2.1161
29.2606,0.4896,2.1129
29.2608,0.4954,2.1343
29.2610,0.542,2.3369
29.2612,0.539,2.324
29.2614,0.587,2.5313
29.2616,0.5879,2.5326
29.2618,0.553,2.3845
29.2620,0.4838,2.0881
29.2622,0.4815,2.0764
29.2624,0.4808,2.0742
29.2626,0.484,2.0882
29.2628,0.4826,2.082
29.2630,0.4852,2.0934
29.2632,0.4803,2.0712
29.2634,0.4873,2.1002
29.2636,0.5096,2.1973
29.2638,0.5122,2.2077
29.2640,0.5101,2.1963
29.2642,0.5468,2.3532
29.2644,0.6014,2.5886
29.2646,0.6219,2.6818
29.2648,0.6313,2.7183
29.2650,0.6304,2.7122
29.2652,0.6731,2.8958
29.2654,0.7432,3.1926
29.2656,0.7742,3.3245
29.2658,0.7272,3.1255
29.2660,0.7565,3.2452
29.2662,0.876,3.7616
29.2664,0.8716,3.7408
29.2666,0.8551,3.6686
29.2668,0.7928,3.4059
29.2670,0.747,3.2121
29.2672,0.7409,3.1858
29.2674,0.729,3.1304
29.2676,0.794,3.4094
29.2678,0.8394,3.6045
29.2680,0.8584,3.6825
29.2682,0.8444,3.6257
29.2684,0.7974,3.4254
29.2686,0.8041,3.4543
29.2688,0.8294,3.5663
29.2690,0.7607,3.2632
29.2692,0.8381,3.5955
29.2694,0.8227,3.5358
29.2696,0.7703,3.3121
29.2698,0.7537,3.2379
29.2700,0.7476,3.2147
29.2702,0.7216,3.1043
29.2704,0.747,3.2091
29.2706,0.7578,3.257
29.2708,0.7848,3.3793
29.2710,0.6831,2.9414
29.2712,0.6391,2.7507
29.2714,0.6403,2.7584
29.2716,0.6341,2.7328
29.2718,0.5836,2.5105
29.2720,0.6667,2.8694
29.2722,0.6163,2.6538
29.2724,0.6173,2.6592
29.2726,0.6764,2.9098
29.2728,0.7266,3.123
29.2730,0.7459,3.2075
29.2732,0.7793,3.3524
29.2734,0.7181,3.0879
29.2736,0.6795,2.9219
29.2738,0.7058,3.0376
29.2740,0.6835,2.9457
29.2742,0.6739,2.8936
29.2744,0.7749,3.3307
29.2746,0.7745,3.3318
29.2748,0.7706,3.3106
29.2750,0.7923,3.4054
29.2752,0.7552,3.2472
29.2754,0.7224,3.1079
29.2756,0.7437,3.2007
29.2758,0.7206,3.1016
29.2760,0.6904,2.9688
29.2762,0.7144,3.0719
29.2764,0.6782,2.923
29.2766,0.6043,2.6046
29.2768,0.6127,2.6359
29.2770,0.6639,2.8588
29.2772,0.6025,2.5957
29.2774,0.6594,2.8405
29.2776,0.6248,2.693
29.2778,0.5785,2.4958
29.2780,0.5241,2.261
29.2782,0.495,2.1353
29.2784,0.4909,2.1167
29.2786,0.5013,2.1617
29.2788,0.4941,2.1327
29.2790,0.4924,2.1254
29.2792,0.4492,1.9404
29.2794,0.4145,1.7907
29.2796,0.4514,1.9457
29.2798,0.5757,2.4811
29.2800,0.5675,2.4437
29.2802,0.5488,2.3686
29.2804,0.4496,1.9425
29.2806,0.4297,1.8556
29.2808,0.4313,1.8623
29.2810,0.429,1.8534
29.2812,0.4269,1.8432
29.2814,0.4329,1.8673
29.2816,0.4305,1.8587
29.2818,0.4297,1.8556
29.2820,0.4345,1.8746
29.2822,0.4294,1.8515
29.2824,0.4333,1.8711
29.2826,0.4321,1.8668
29.2828,0.4315,1.8625
29.2830,0.4294,1.8523
29.2832,0.4342,1.873
29.2834,0.4415,1.9046
29.2836,0.4547,1.9615
29.2838,0.4471,1.9289
29.2840,0.4447,1.9177
29.2842,0.442,1.9084
29.2844,0.4458,1.9241
29.2846,0.444,1.9155
29.2848,0.4444,1.9161
29.2850,0.4404,1.8999
29.2852,0.4418,1.907
29.2854,0.4471,1.928
29.2856,0.4987,2.1463
29.2858,0.5335,2.2971
29.2860,0.5403,2.3308
29.2862,0.4909,2.1177
29.2864,0.5282,2.2786
29.2866,0.477,2.0558
29.2868,0.4585,1.9753
29.2870,0.4869,2.0997
29.2872,0.4513,1.9479
29.2874,0.451,1.9445
29.2876,0.4553,1.9613
29.2878,0.5058,2.1808
29.2880,0.459,1.9801
29.2882,0.4511,1.9469
29.2884,0.4739,2.0414
29.2886,0.5451,2.345
29.2888,0.5703,2.4544
29.2890,0.5854,2.5183
29.2892,0.5885,2.5352
29.2894,0.5487,2.3648
29.2896,0.4718,2.0336
29.2898,0.4493,1.9382
29.2900,0.4426,1.9101
29.2902,0.4395,1.8949
29.2904,0.4452,1.918
29.2906,0.4381,1.8892
29.2908,0.4375,1.8875
29.2910,0.4201,1.8108
29.2912,0.446,1.9234
29.2914,0.4954,2.1354
29.2916,0.4819,2.0779
29.2918,0.4823,2.0795
29.2920,0.4811,2.0695
29.2922,0.5564,2.3957
29.2924,0.496,2.138
29.2926,0.4919,2.1199
29.2928,0.5206,2.2408
29.2930,0.5459,2.3508
29.2932,0.5748,2.474
29.2934,0.5957,2.5626
29.2936,0.5982,2.5723
29.2938,0.6486,2.7875
29.2940,0.6748,2.9017
29.2942,0.6854,2.9499
29.2944,0.5839,2.5133
29.2946,0.5301,2.2815
29.2948,0.527,2.2702
29.2950,0.5237,2.2573
29.2952,0.5219,2.2475
29.2954,0.541,2.3274
29.2956,0.5923,2.5458
29.2958,0.6047,2.6025
29.2960,0.6337,2.7249
29.2962,0.6436,2.7651
29.2964,0.6552,2.8133
29.2966,0.6916,2.9739
29.2968,0.6682,2.8747
29.2970,0.6613,2.8435
29.2972,0.6717,2.887
29.2974,0.6279,2.7014
29.2976,0.6508,2.796
29.2978,0.6898,2.969
29.2980,0.5929,2.552
29.2982,0.5877,2.5257
29.2984,0.6643,2.855
29.2986,0.6791,2.9217
29.2988,0.6591,2.8302
29.2990,0.749,3.2149
29.2992,0.7699,3.3029
29.2994,0.8029,3.4444
29.2996,0.7697,3.305
29.2998,0.7624,3.2736
29.3000,0.7615,3.2715
29.3002,0.713,3.0629
29.3004,0.7178,3.0849
29.3006,0.709,3.0444
29.3008,0.7824,3.3564
29.3010,0.7613,3.2689
29.3012,0.7526,3.2334
29.3014,0.6818,2.9344
29.3016,0.6301,2.712
29.3018,0.6488,2.7899
29.3020,0.6941,2.982
29.3022,0.7101,3.0505
29.3024,0.6448,2.7767
29.3026,0.5962,2.5623
29.3028,0.696,2.9874
29.3030,0.7706,3.306
29.3032,0.8259,3.5448
29.3034,0.836,3.593
29.3036,0.7631,3.2782
29.3038,0.7477,3.2092
29.3040,0.7488,3.2154
29.3042,0.7567,3.2418
29.3044,0.8727,3.742
29.3046,0.8231,3.5329
29.3048,0.8257,3.5438
29.3050,0.8431,3.6184
29.3052,0.8222,3.5255
29.3054,0.8275,3.5498
29.3056,0.8176,3.5142
29.3058,0.7753,3.3276
29.3060,0.8071,3.4608
29.3062,0.8672,3.7166
29.3064,0.9472,4.0637
29.3066,0.8699,3.7371
29.3068,0.8179,3.5119
29.3070,0.8143,3.4981
29.3072,0.786,3.3734
29.3074,0.8446,3.6234
29.3076,0.8139,3.4933
29.3078,0.7899,3.3936
29.3080,0.8309,3.5681
29.3082,0.836,3.5897
29.3084,0.8519,3.6548
29.3086,0.7998,3.439
29.3088,0.767,3.2921
29.3090,0.8041,3.4527
29.3092,0.8258,3.5426
29.3094,0.8118,3.4873
29.3096,0.7962,3.4187
29.3098,0.8465,3.6316
29.3100,0.8443,3.6235
29.3102,0.8319,3.5722
29.3104,0.8289,3.561
29.3106,0.7673,3.2977
29.3108,0.7252,3.1197
29.3110,0.7235,3.1125
29.3112,0.7466,3.2091
29.3114,0.7627,3.2766
29.3116,0.7904,3.394
29.3118,0.7444,3.1993
29.3120,0.7282,3.1312
29.3122,0.7041,3.0276
29.3124,0.7324,3.1507
29.3126,0.7094,3.0502
29.3128,0.712,3.0616
29.3130,0.792,3.4007
29.3132,0.8132,3.4951
29.3134,0.7192,3.094
29.3136,0.6881,2.9617
29.3138,0.6895,2.9633
29.3140,0.7597,3.2622
29.3142,0.7922,3.4049
29.3144,0.8182,3.5135
29.3146,0.8546,3.6661
29.3148,0.8494,3.6473
29.3150,0.8534,3.6626
29.3152,0.8421,3.6109
29.3154,0.8385,3.6005
29.3156,0.8365,3.5934
29.3158,0.8216,3.5295
29.3160,0.8026,3.4449
29.3162,0.8276,3.5619
29.3164,0.7061,3.0377
29.3166,0.6604,2.8425
29.3168,0.6577,2.832
29.3170,0.6329,2.7238
29.3172,0.6771,2.9129
29.3174,0.6709,2.8928
29.3176,0.556,2.3986
29.3178,0.5355,2.3101
29.3180,0.5353,2.308
29.3182,0.5494,2.3668
29.3184,0.5472,2.3597
29.3186,0.5363,2.3127
29.3188,0.5349,2.3054
29.3190,0.5363,2.3137
29.3192,0.5403,2.3308
29.3194,0.6187,2.6604
29.3196,0.6567,2.8318
29.3198,0.5715,2.4596
29.3200,0.617,2.6619
29.3202,0.5385,2.322
29.3204,0.5297,2.2832
29.3206,0.5318,2.293
29.3208,0.5746,2.4788
29.3210,0.5313,2.2899
29.3212,0.5277,2.2754
29.3214,0.5266,2.2697
29.3216,0.548,2.3606
29.3218,0.6169,2.6564
29.3220,0.6626,2.8518
29.3222,0.6621,2.8484
29.3224,0.6444,2.7747
29.3226,0.6227,2.6824
29.3228,0.5992,2.58
29.3230,0.6164,2.6568
29.3232,0.5542,2.3886
29.3234,0.5335,2.3003
29.3236,0.5281,2.277
29.3238,0.5253,2.263
29.3240,0.5282,2.2765
29.3242,0.542,2.337
29.3244,0.5369,2.3142
29.3246,0.5348,2.3049
29.3248,0.5453,2.3504
29.3250,0.5579,2.4035
29.3252,0.589,2.5338
29.3254,0.5654,2.4389
29.3256,0.4767,2.0586
29.3258,0.4543,1.9618
29.3260,0.4447,1.9186
29.3262,0.4511,1.946
29.3264,0.5146,2.217
29.3266,0.5354,2.3096
29.3268,0.4607,1.9883
29.3270,0.5088,2.1927
29.3272,0.5572,2.4015
29.3274,0.5638,2.4299
29.3276,0.5761,2.482
29.3278,0.591,2.5449
29.3280,0.5914,2.5464
29.3282,0.6166,2.6561
29.3284,0.5933,2.5511
29.3286,0.6883,2.9567
29.3288,0.7565,3.2529
29.3290,0.7498,3.221
29.3292,0.7457,3.205
29.3294,0.7082,3.0479
29.3296,0.6735,2.8988
29.3298,0.6981,3.0004
29.3300,0.658,2.8322
29.3302,0.5595,2.408
29.3304,0.5584,2.4056
29.3306,0.6011,2.5871
29.3308,0.6526,2.8103
29.3310,0.5867,2.5251
29.3312,0.6231,2.6783
29.3314,0.7122,3.0626
29.3316,0.6734,2.8956
29.3318,0.6745,2.9002
29.3320,0.7191,3.0891
29.3322,0.7975,3.4244
29.3324,0.8218,3.5306
29.3326,0.77,3.3096
29.3328,0.7568,3.2514
29.3330,0.7785,3.3446
29.3332,0.7692,3.3014
29.3334,0.7836,3.3663
29.3336,0.7604,3.2668
29.3338,0.7676,3.2993
29.3340,0.8001,3.4405
29.3342,0.7933,3.4048
29.3344,0.8228,3.5331
29.3346,0.7652,3.2905
29.3348,0.7777,3.341
29.3350,0.805,3.4569
29.3352,0.7511,3.2312
29.3354,0.7367,3.1648
29.3356,0.7844,3.3714
29.3358,0.774,3.3266
29.3360,0.8259,3.5415
29.3362,0.9236,3.9624
29.3364,0.9184,3.9361
29.3366,0.8643,3.7095
29.3368,0.8448,3.6244
29.3370,0.8911,3.8247
29.3372,0.835,3.5889
29.3374,0.7156,3.0785
29.3376,0.7097,3.0504
29.3378,0.7413,3.1874
29.3380,0.7654,3.2864
29.3382,0.7753,3.3276
29.3384,0.8359,3.5842
29.3386,0.8729,3.75
29.3388,0.8723,3.7439
29.3390,0.8735,3.7491
29.3392,0.8542,3.6662
29.3394,0.8692,3.7271
29.3396,0.8821,3.7879
29.3398,0.871,3.74
29.3400,0.9248,3.9712
29.3402,0.9237,3.9647
29.3404,0.8202,3.5316
29.3406,0.6778,2.9187
29.3408,0.6969,2.998
29.3410,0.7155,3.0751
29.3412,0.7089,3.0496
29.3414,0.7022,3.0179
29.3416,0.7805,3.356
29.3418,0.7211,3.1065
29.3420,0.6096,2.6249
29.3422,0.6143,2.6463
29.3424,0.6258,2.6921
29.3426,0.6951,2.9944
29.3428,0.6474,2.7863
29.3430,0.6803,2.9255
29.3432,0.6848,2.9445
29.3434,0.6771,2.9156
29.3436,0.6809,2.9308
29.3438,0.6837,2.944
29.3440,0.5959,2.5684
29.3442,0.5942,2.5588
29.3444,0.6622,2.845
29.3446,0.7245,3.1166
29.3448,0.6988,3.0077
29.3450,0.7066,3.0412
29.3452,0.6685,2.8758
29.3454,0.717,3.0832
29.3456,0.7263,3.1273
29.3458,0.6711,2.8898
29.3460,0.6042,2.6005
29.3462,0.6288,2.7063
29.3464,0.6932,2.9848
29.3466,0.6541,2.8165
29.3468,0.601,2.5914
29.3470,0.5883,2.5365
29.3472,0.5821,2.5079
29.3474,0.5814,2.5048
29.3476,0.5843,2.5171
29.3478,0.5911,2.5466
29.3480,0.6097,2.6291
29.3482,0.5413,2.336
29.3484,0.4942,2.1322
29.3486,0.5078,2.1906
29.3488,0.5561,2.398
29.3490,0.5838,2.5151
29.3492,0.5856,2.5205
29.3494,0.6332,2.7279
29.3496,0.5826,2.5146
29.3498,0.47,2.0286
29.3500,0.4689,2.0212
29.3502,0.5008,2.1646
29.3504,0.4381,1.8927
29.3506,0.4324,1.867
29.3508,0.4297,1.8548
29.3510,0.4489,1.9376
29.3512,0.4454,1.9234
29.3514,0.4349,1.8779
29.3516,0.4344,1.8749
29.3518,0.4603,1.984
29.3520,0.5287,2.2806
29.3522,0.4866,2.1001
29.3524,0.4398,1.8982
29.3526,0.4355,1.8805
29.3528,0.4524,1.9517
29.3530,0.5311,2.2867
29.3532,0.5873,2.5265
29.3534,0.6098,2.626
29.3536,0.621,2.6752
29.3538,0.6329,2.7251
29.3540,0.6178,2.66
29.3542,0.5794,2.4948
29.3544,0.6037,2.5996
29.3546,0.598,2.5724
29.3548,0.659,2.8324
29.3550,0.7024,3.0161
29.3552,0.7085,3.048
29.3554,0.6414,2.763
29.3556,0.6221,2.6774
29.3558,0.6656,2.862
29.3560,0.6723,2.8936
29.3562,0.5917,2.5492
29.3564,0.5466,2.3517
29.3566,0.6861,2.9502
29.3568,0.6731,2.8972
29.3570,0.627,2.6985
29.3572,0.6567,2.8291
29.3574,0.591,2.5473
29.3576,0.5584,2.4067
29.3578,0.5958,2.5655
29.3580,0.5344,2.3055
29.3582,0.4665,2.0127
29.3584,0.4535,1.9563
29.3586,0.4513,1.947
29.3588,0.4531,1.9566
29.3590,0.4565,1.9692
29.3592,0.4499,1.9408
29.3594,0.4736,2.0423
29.3596,0.4601,1.9866
29.3598,0.4448,1.9191
29.3600,0.5247,2.2583
29.3602,0.6008,2.5824
29.3604,0.6145,2.6461
29.3606,0.5908,2.5439
29.3608,0.6185,2.6631
29.3610,0.5972,2.5694
29.3612,0.5975,2.5704
29.3614,0.6442,2.7703
29.3616,0.6546,2.8146
29.3618,0.6154,2.6485
29.3620,0.6041,2.5963
29.3622,0.6904,2.9702
29.3624,0.6607,2.8435
29.3626,0.6524,2.8079
29.3628,0.6534,2.8121
29.3630,0.6198,2.6676
29.3632,0.5766,2.4829
29.3634,0.5591,2.4064
29.3636,0.6089,2.6182
29.3638,0.6471,2.7839
29.3640,0.6767,2.9127
29.3642,0.6204,2.6714
29.3644,0.573,2.4629
29.3646,0.6719,2.8867
29.3648,0.73,3.136
29.3650,0.7219,3.1015
29.3652,0.7447,3.1964
29.3654,0.771,3.3137
29.3656,0.7688,3.2998
29.3658,0.8808,3.7734
29.3660,0.9522,4.081
29.3662,0.8414,3.6145
29.3664,0.8143,3.4916
29.3666,0.8818,3.7811
29.3668,0.8259,3.5481
29.3670,0.7778,3.3446
29.3672,0.7591,3.2597
29.3674,0.8369,3.5905
29.3676,0.8307,3.5654
29.3678,0.8639,3.7062
29.3680,0.8958,3.8359
29.3682,0.942,4.0373
29.3684,0.8926,3.8327
29.3686,0.8354,3.5921
29.3688,0.815,3.4996
29.3690,0.771,3.3137
29.3692,0.709,3.0501
29.3694,0.6875,2.9578
29.3696,0.7173,3.0843
29.3698,0.6739,2.9003
29.3700,0.6634,2.8581
29.3702,0.6356,2.7319
29.3704,0.7723,3.3147
29.3706,0.8318,3.5717
29.3708,0.802,3.4424
29.3710,0.8333,3.5784
29.3712,0.8195,3.5159
29.3714,0.803,3.4433
29.3716,0.8797,3.7811
29.3718,0.7866,3.3807
29.3720,0.7898,3.3899
29.3722,0.8429,3.6162
29.3724,0.8441,3.6264
29.3726,0.8218,3.5289
29.3728,0.844,3.6191
29.3730,0.8737,3.7449
29.3732,0.8841,3.7961
29.3734,0.8656,3.7203
29.3736,0.8487,3.646
29.3738,0.8529,3.6623
29.3740,0.8612,3.6978
29.3742,0.8317,3.5712
29.3744,0.7832,3.3647
29.3746,0.7652,3.2874
29.3748,0.7905,3.3961
29.3750,0.8242,3.5392
29.3752,0.8505,3.652
29.3754,0.8109,3.4805
29.3756,0.8384,3.6017
29.3758,0.821,3.5237
29.3760,0.8558,3.6763
29.3762,0.8403,3.6149
29.3764,0.7746,3.3323
29.3766,0.7203,3.1
29.3768,0.6895,2.9646
29.3770,0.7421,3.191
29.3772,0.7558,3.2528
29.3774,0.7097,3.0532
29.3776,0.6797,2.9256
29.3778,0.6716,2.8919
29.3780,0.6844,2.9457
29.3782,0.7011,3.0147
29.3784,0.765,3.2879
29.3786,0.7432,3.1956
29.3788,0.7248,3.1211
29.3790,0.7264,3.1235
29.3792,0.7686,3.2988
29.3794,0.8483,3.641
29.3796,0.9154,3.9305
29.3798,0.8444,3.6291
29.3800,0.8275,3.5581
29.3802,0.7475,3.2157
29.3804,0.7049,3.0326
29.3806,0.7194,3.0964
29.3808,0.723,3.1076
29.3810,0.7049,3.0326
29.3812,0.7056,3.0399
29.3814,0.7019,3.0225
29.3816,0.6917,2.9758
29.3818,0.7076,3.0439
29.3820,0.712,3.063
29.3822,0.703,3.0271
29.3824,0.6468,2.7824
29.3826,0.7284,3.1351
29.3828,0.6615,2.8538
29.3830,0.5697,2.4575
29.3832,0.5496,2.3701
29.3834,0.5481,2.3644
29.3836,0.5434,2.3454
29.3838,0.5415,2.3349
29.3840,0.5538,2.3859
29.3842,0.6164,2.6581
29.3844,0.5632,2.4274
29.3846,0.5457,2.3541
29.3848,0.5435,2.3448
29.3850,0.5562,2.3985
29.3852,0.557,2.3994
29.3854,0.5537,2.3876
29.3856,0.5442,2.3457
29.3858,0.5525,2.3836
29.3860,0.5549,2.3928
29.3862,0.5537,2.3876
29.3864,0.5513,2.3751
29.3866,0.5478,2.3634
29.3868,0.5472,2.3575
29.3870,0.6237,2.6834
29.3872,0.6844,2.9444
29.3874,0.636,2.736
29.3876,0.6344,2.7305
29.3878,0.6565,2.8255
29.3880,0.6435,2.771
29.3882,0.6945,2.9849
29.3884,0.7552,3.2457
29.3886,0.7561,3.2498
29.3888,0.7246,3.1128
29.3890,0.7784,3.3472
29.3892,0.7158,3.0795
29.3894,0.6687,2.8808
29.3896,0.6295,2.7119
29.3898,0.6757,2.9108
29.3900,0.646,2.7819
29.3902,0.6293,2.7096
29.3904,0.6192,2.6662
29.3906,0.6163,2.6526
29.3908,0.6601,2.8423
29.3910,0.6216,2.6766
29.3912,0.6571,2.8294
29.3914,0.6685,2.8771
29.3916,0.6555,2.82
29.3918,0.6544,2.8154
29.3920,0.691,2.9741
29.3922,0.6624,2.8508
29.3924,0.6825,2.9307
29.3926,0.7878,3.3874
29.3928,0.7249,3.1187
29.3930,0.7267,3.1235
29.3932,0.7766,3.3364
29.3934,0.7805,3.3544
29.3936,0.8022,3.4461
29.3938,0.7995,3.4348
29.3940,0.7803,3.3539
29.3942,0.7625,3.2771
29.3944,0.6793,2.9235
29.3946,0.663,2.852
29.3948,0.7066,3.0398
29.3950,0.7313,3.1461
29.3952,0.6923,2.9743
29.3954,0.7448,3.2014
29.3956,0.7353,3.1645
29.3958,0.7242,3.1127
29.3960,0.7411,3.1869
29.3962,0.6725,2.8987
29.3964,0.5847,2.521
29.3966,0.5889,2.538
29.3968,0.6306,2.714
29.3970,0.6392,2.7486
29.3972,0.723,3.109
29.3974,0.764,3.2853
29.3976,0.7657,3.291
29.3978,0.7844,3.3699
29.3980,0.8076,3.4693
29.3982,0.8224,3.5315
29.3984,0.8403,3.6133
29.3986,0.8413,3.6107
29.3988,0.8769,3.76
29.3990,0.9059,3.8899
29.3992,0.8552,3.6755
29.3994,0.8213,3.5302
29.3996,0.8267,3.5467
29.3998,0.8725,3.7485
29.4000,0.8652,3.7136
29.4002,0.9002,3.8657
29.4004,0.8453,3.6282
29.4006,0.9064,3.8901
29.4008,0.9058,3.8893
29.4010,0.8469,3.6416
29.4012,0.7821,3.3632
29.4014,0.7903,3.3967
29.4016,0.7986,3.4274
29.4018,0.7992,3.4316
29.4020,0.8104,3.4816
29.4022,0.8514,3.6544
29.4024,0.8801,3.7827
29.4026,0.7901,3.3972
29.4028,0.7428,3.1971
29.4030,0.7228,3.1109
29.4032,0.6994,3.0144
29.4034,0.6407,2.7574
29.4036,0.6561,2.8266
29.4038,0.6405,2.7607
29.4040,0.6116,2.6374
29.4042,0.6085,2.6203
29.4044,0.6794,2.9254
29.4046,0.6755,2.9089
29.4048,0.6219,2.6793
29.4050,0.6052,2.6058
29.4052,0.7311,3.1465
29.4054,0.7643,3.2894
29.4056,0.679,2.9266
29.4058,0.665,2.8595
29.4060,0.7417,3.1909
29.4062,0.7225,3.1084
29.4064,0.747,3.2136
29.4066,0.6785,2.9232
29.4068,0.6389,2.7509
29.4070,0.657,2.8302
29.4072,0.5994,2.5858
29.4074,0.552,2.3837
29.4076,0.5199,2.2398
29.4078,0.5891,2.5378
29.4080,0.5962,2.5707
29.4082,0.6211,2.6732
29.4084,0.7005,3.0149
29.4086,0.6836,2.9421
29.4088,0.607,2.616
29.4090,0.5957,2.5662
29.4092,0.6096,2.6249
29.4094,0.6342,2.7333
29.4096,0.5966,2.5704
29.4098,0.586,2.5256
29.4100,0.5207,2.2475
29.4102,0.4734,2.046
29.4104,0.4103,1.7742
29.4106,0.4061,1.7544
29.4108,0.4406,1.9001
29.4110,0.503,2.173
29.4112,0.4531,1.9557
29.4114,0.4644,2.0043
29.4116,0.4361,1.8831
29.4118,0.4588,1.9791
29.4120,0.4654,2.0094
29.4122,0.4484,1.9355
29.4124,0.4464,1.9285
29.4126,0.4403,1.8994
29.4128,0.4667,2.0132
29.4130,0.4999,2.1555
29.4132,0.53,2.281
29.4134,0.6261,2.6949
29.4136,0.7088,3.0462
29.4138,0.7542,3.2446
29.4140,0.6791,2.9244
29.4142,0.5944,2.5617
29.4144,0.5739,2.4722
29.4146,0.5736,2.4712
29.4148,0.5854,2.5183
29.4150,0.6209,2.6697
29.4152,0.6664,2.8657
29.4154,0.7004,3.0158
29.4156,0.6851,2.9502
29.4158,0.6807,2.9338
29.4160,0.5796,2.497
29.4162,0.5582,2.4057
29.4164,0.576,2.4792
29.4166,0.6516,2.8017
29.4168,0.6122,2.6375
29.4170,0.5679,2.4452
29.4172,0.602,2.5936
29.4174,0.6092,2.6234
29.4176,0.5895,2.5429
29.4178,0.4812,2.0768
29.4180,0.453,1.9561
29.4182,0.452,1.9519
29.4184,0.4469,1.9279
29.4186,0.4498,1.9412
29.4188,0.4519,1.9496
29.4190,0.4506,1.9448
29.4192,0.4505,1.9452
29.4194,0.4488,1.937
29.4196,0.4496,1.9407
29.4198,0.455,1.9621
29.4200,0.5444,2.3473
29.4202,0.4679,2.0165
29.4204,0.4511,1.946
29.4206,0.4537,1.9583
29.4208,0.4577,1.9744
29.4210,0.5026,2.1704
29.4212,0.455,1.9639
29.4214,0.4719,2.0331
29.4216,0.5205,2.2434
29.4218,0.5685,2.4467
29.4220,0.6052,2.6022
29.4222,0.6288,2.7063
29.4224,0.5891,2.539
29.4226,0.5425,2.3412
29.4228,0.5751,2.4762
29.4230,0.5488,2.3653
29.4232,0.4885,2.1064
29.4234,0.4837,2.0857
29.4236,0.5037,2.171
29.4238,0.5176,2.2299
29.4240,0.5385,2.3198
29.4242,0.5865,2.5264
29.4244,0.5698,2.4558
29.4246,0.4981,2.1487
29.4248,0.4872,2.1007
29.4250,0.4389,1.8941
29.4252,0.3842,1.6581
29.4254,0.3818,1.6477
29.4256,0.3956,1.7073
29.4258,0.398,1.7184
29.4260,0.3915,1.6897
29.4262,0.4204,1.8119
29.4264,0.4883,2.1014
29.4266,0.5254,2.2656
29.4268,0.5092,2.1948
29.4270,0.5144,2.216
29.4272,0.5205,2.2403
29.4274,0.5387,2.3209
29.4276,0.517,2.2284
29.4278,0.5258,2.2661
29.4280,0.536,2.3068
29.4282,0.6662,2.8646
29.4284,0.6668,2.8672
29.4286,0.6544,2.8141
29.4288,0.6189,2.6664
29.4290,0.4944,2.1317
29.4292,0.4747,2.0469
29.4294,0.4701,2.0273
29.4296,0.4694,2.0242
29.4298,0.4754,2.0491
29.4300,0.5065,2.1799
29.4302,0.5549,2.3906
29.4304,0.549,2.3631
29.4306,0.6065,2.6091
29.4308,0.5687,2.442
29.4310,0.6203,2.6659
29.4312,0.7068,3.0394
29.4314,0.7138,3.065
29.4316,0.7612,3.2684
29.4318,0.7728,3.3168
29.4320,0.7453,3.2004
29.4322,0.7754,3.3281
29.4324,0.815,3.4963
29.4326,0.779,3.3467
29.4328,0.7765,3.3265
29.4330,0.9104,3.8967
29.4332,0.9161,3.9263
29.4334,0.9089,3.8955
29.4336,0.918,3.9327
29.4338,0.9592,4.1075
29.4340,0.947,4.0551
29.4342,0.914,3.9212
29.4344,0.8896,3.8127
29.4346,0.9323,3.9957
29.4348,0.9296,3.9844
29.4350,0.9294,3.9815
29.4352,0.921,3.9474
29.4354,0.9058,3.8821
29.4356,0.8845,3.7911
29.4358,0.8899,3.8196
29.4360,0.8337,3.5799
29.4362,0.7941,3.4132
29.4364,0.7877,3.3822
29.4366,0.8371,3.5893
29.4368,0.8463,3.6255
29.4370,0.9481,4.0597
29.4372,0.9708,4.1645
29.4374,0.8547,3.6666
29.4376,0.8782,3.7674
29.4378,0.9055,3.8865
29.4380,0.8839,3.7903
29.4382,0.914,3.9176
29.4384,0.9366,4.0198
29.4386,0.917,3.9322
29.4388,0.8787,3.7642
29.4390,0.9158,3.9271
29.4392,0.9525,4.0863
29.4394,0.9115,3.9159
29.4396,0.7706,3.3106
29.4398,0.7736,3.3266
29.4400,0.7637,3.2823
29.4402,0.7562,3.2503
29.4404,0.7589,3.2647
29.4406,0.7127,3.0647
29.4408,0.719,3.0929
29.4410,0.7038,3.0265
29.4412,0.6963,2.994
29.4414,0.7421,3.1895
29.4416,0.7805,3.3529
29.4418,0.767,3.2967
29.4420,0.7649,3.2874
29.4422,0.7909,3.4008
29.4424,0.76,3.2709
29.4426,0.6889,2.9634
29.4428,0.6952,2.9908
29.4430,0.7558,3.2498
29.4432,0.7577,3.255
29.4434,0.7454,3.2099
29.4436,0.6778,2.9187
29.4438,0.6717,2.891
29.4440,0.6687,2.8781
29.4442,0.6763,2.9106
29.4444,0.735,3.1591
29.4446,0.7814,3.357
29.4448,0.7498,3.2225
29.4450,0.7543,3.2436
29.4452,0.7335,3.1539
29.4454,0.7353,3.1601
29.4456,0.7562,3.2488
29.4458,0.8131,3.4995
29.4460,0.7613,3.272
29.4462,0.7448,3.2014
29.4464,0.7526,3.2349
29.4466,0.7676,3.3008
29.4468,0.7367,3.1693
29.4470,0.6749,2.9036
29.4472,0.6657,2.8666
29.4474,0.6935,2.9836
29.4476,0.717,3.0847
29.4478,0.7193,3.0945
29.4480,0.7492,3.2244
29.4482,0.7235,3.1111
29.4484,0.7118,3.0634
29.4486,0.6369,2.7426
29.4488,0.6476,2.7873
29.4490,0.7578,3.2616
29.4492,0.6933,2.9867
29.4494,0.5809,2.5062
29.4496,0.558,2.4051
29.4498,0.5705,2.4589
29.4500,0.5591,2.412
29.4502,0.5413,2.3328
29.4504,0.5986,2.5774
29.4506,0.6025,2.5969
29.4508,0.5579,2.408
29.4510,0.542,2.3381
29.4512,0.5374,2.3163
29.4514,0.5657,2.4382
29.4516,0.5537,2.3865
29.4518,0.5536,2.386
29.4520,0.5422,2.3369
29.4522,0.5916,2.5463
29.4524,0.693,2.987
29.4526,0.6152,2.6529
29.4528,0.573,2.4663
29.4530,0.6472,2.7832
29.4532,0.7108,3.055
29.4534,0.7277,3.1277
29.4536,0.7663,3.2921
29.4538,0.817,3.51
29.4540,0.8149,3.4958
29.4542,0.8463,3.6374
29.4544,0.7974,3.4271
29.4546,0.765,3.2895
29.4548,0.7741,3.3209
29.4550,0.8395,3.6029
29.4552,0.8578,3.6851
29.4554,0.8684,3.7287
29.4556,0.907,3.889
29.4558,0.8975,3.852
29.4560,0.8988,3.8595
29.4562,0.8606,3.6901
29.4564,0.8752,3.7563
29.4566,0.8823,3.7849
29.4568,0.8443,3.637
29.4570,0.6728,2.8984
29.4572,0.6481,2.7894
29.4574,0.6438,2.7721
29.4576,0.6476,2.7886
29.4578,0.6445,2.7752
29.4580,0.6571,2.8281
29.4582,0.6204,2.6714
29.4584,0.6359,2.7367
29.4586,0.7044,3.0319
29.4588,0.6791,2.9217
29.4590,0.6735,2.8961
29.4592,0.7,3.0128
29.4594,0.6772,2.9148
29.4596,0.6815,2.9347
29.4598,0.6715,2.8873
29.4600,0.6944,2.9844
29.4602,0.7072,3.048
29.4604,0.6234,2.688
29.4606,0.5976,2.5745
29.4608,0.5966,2.5715
29.4610,0.5951,2.566
29.4612,0.621,2.6789
29.4614,0.521,2.2455
29.4616,0.5703,2.4556
29.4618,0.5506,2.3786
29.4620,0.4724,2.0399
29.4622,0.4697,2.0271
29.4624,0.4658,2.0096
29.4626,0.4705,2.0307
29.4628,0.4825,2.0825
29.4630,0.4706,2.0293
29.4632,0.4688,2.0235
29.4634,0.4837,2.0867
29.4636,0.5198,2.2403
29.4638,0.554,2.3854
29.4640,0.6083,2.6217
29.4642,0.5749,2.478
29.4644,0.5646,2.4324
29.4646,0.6427,2.7649
29.4648,0.7525,3.2358
29.4650,0.7115,3.0609
29.4652,0.6818,2.9357
29.4654,0.6441,2.7723
29.4656,0.6995,3.0066
29.4658,0.8013,3.4441
29.4660,0.7957,3.4151
29.4662,0.8612,3.6944
29.4664,0.9007,3.8641
29.4666,0.8681,3.7277
29.4668,0.8825,3.7859
29.4670,0.9038,3.8775
29.4672,0.9243,3.9691
29.4674,0.8245,3.5386
29.4676,0.859,3.6817
29.4678,0.9307,3.9946
29.4680,0.8788,3.77
29.4682,0.8842,3.7967
29.4684,0.8604,3.6964
29.4686,0.8172,3.5089
29.4688,0.8395,3.6097
29.4690,0.7761,3.3374
29.4692,0.7911,3.4003
29.4694,0.7899,3.392
29.4696,0.7945,3.4131
29.4698,0.7982,3.4355
29.4700,0.7627,3.2797
29.4702,0.7791,3.3519
29.4704,0.7249,3.1187
29.4706,0.7144,3.0733
29.4708,0.7161,3.0805
29.4710,0.6937,2.9855
29.4712,0.6917,2.9758
29.4714,0.6908,2.9758
29.4716,0.6488,2.7938
29.4718,0.6785,2.9218
29.4720,0.6634,2.8594
29.4722,0.6248,2.6905
29.4724,0.6049,2.6072
29.4726,0.6144,2.6493
29.4728,0.5936,2.5574
29.4730,0.6097,2.6254
29.4732,0.6386,2.7511
29.4734,0.6004,2.59
29.4736,0.5795,2.4953
29.4738,0.6739,2.8976
29.4740,0.6836,2.9435
29.4742,0.6499,2.7971
29.4744,0.6524,2.8066
29.4746,0.6402,2.7566
29.4748,0.6028,2.5991
29.4750,0.6172,2.6587
29.4752,0.5926,2.5516
29.4754,0.6487,2.7932
29.4756,0.7128,3.0652
29.4758,0.7465,3.2101
29.4760,0.683,2.9423
29.4762,0.6519,2.8085
29.4764,0.6543,2.8149
29.4766,0.6785,2.9204
29.4768,0.6784,2.9186
29.4770,0.7079,3.0412
29.4772,0.7338,3.1569
29.4774,0.6656,2.862
29.4776,0.6854,2.9485
29.4778,0.7047,3.0344
29.4780,0.6679,2.8745
29.4782,0.661,2.8477
29.4784,0.5956,2.5705
29.4786,0.4577,1.9781
29.4788,0.4416,1.9016
29.4790,0.657,2.8315
29.4792,0.5409,2.3334
29.4794,0.4558,1.968
29.4796,0.457,1.9722
29.4798,0.4544,1.9614
29.4800,0.4531,1.9566
29.4802,0.4469,1.9305
29.4804,0.4498,1.9421
29.4806,0.4547,1.9615
29.4808,0.48,2.0706
29.4810,0.4701,2.0282
29.4812,0.4478,1.932
29.4814,0.4499,1.9435
29.4816,0.4543,1.9599
29.4818,0.4897,2.1106
29.4820,0.5073,2.1906
29.4822,0.4983,2.1498
29.4824,0.482,2.0794
29.4826,0.4598,1.9846
29.4828,0.4687,2.0229
29.4830,0.4564,1.9678
29.4832,0.4536,1.9559
29.4834,0.4989,2.1514
29.4836,0.5332,2.3024
29.4838,0.4598,1.9837
29.4840,0.4494,1.9387
29.4842,0.4452,1.9215
29.4844,0.4447,1.9186
29.4846,0.4489,1.9358
29.4848,0.4489,1.9358
29.4850,0.4514,1.9475
29.4852,0.4466,1.9286
29.4854,0.4432,1.9136
29.4856,0.4446,1.918
29.4858,0.4465,1.9254
29.4860,0.4441,1.916
29.4862,0.4465,1.9263
29.4864,0.4801,2.0683
29.4866,0.51,2.1989
29.4868,0.4693,2.0237
29.4870,0.4607,1.9873
29.4872,0.4572,1.9723
29.4874,0.458,1.976
29.4876,0.4634,1.9983
29.4878,0.474,2.0429
29.4880,0.4607,1.9855
29.4882,0.5024,2.1633
29.4884,0.5384,2.3172
29.4886,0.5813,2.5042
29.4888,0.5794,2.496
29.4890,0.5652,2.4373
29.4892,0.4962,2.1405
29.4894,0.4398,1.8965
29.4896,0.4389,1.8932
29.4898,0.4251,1.8337
29.4900,0.462,1.9893
29.4902,0.5201,2.2418
29.4904,0.482,2.0785
29.4906,0.4897,2.1115
29.4908,0.5137,2.2139
29.4910,0.4868,2.0972
29.4912,0.5011,2.1577
29.4914,0.5842,2.5166
29.4916,0.5363,2.3116
29.4918,0.5206,2.2408
29.4920,0.5751,2.4739
29.4922,0.5932,2.5566
29.4924,0.5209,2.247
29.4926,0.4687,2.0192
29.4928,0.5091,2.1923
29.4930,0.5189,2.2346
29.4932,0.5758,2.4782
29.4934,0.5797,2.4964
29.4936,0.5317,2.2904
29.4938,0.514,2.2144
29.4940,0.5086,2.1922
29.4942,0.511,2.2026
29.4944,0.5747,2.4689
29.4946,0.7203,3.0914
29.4948,0.7716,3.3117
29.4950,0.7746,3.3261
29.4952,0.7542,3.2416
29.4954,0.6351,2.7298
29.4956,0.6534,2.8095
29.4958,0.7162,3.0796
29.4960,0.7083,3.0428
29.4962,0.6818,2.9316
29.4964,0.647,2.7834
29.4966,0.6516,2.8004
29.4968,0.6523,2.8035
29.4970,0.6661,2.8614
29.4972,0.7058,3.0277
29.4974,0.7807,3.3539
29.4976,0.7498,3.221
29.4978,0.7947,3.4094
29.4980,0.7944,3.4078
29.4982,0.7813,3.3533
29.4984,0.7835,3.3595
29.4986,0.7673,3.2962
29.4988,0.7645,3.2813
29.4990,0.7752,3.3286
29.4992,0.7895,3.3883
29.4994,0.8369,3.5905
29.4996,0.8675,3.7182
29.4998,0.856,3.6757
29.5000,0.777,3.3364
29.5002,0.7614,3.271
29.5004,0.7624,3.2736
29.5006,0.755,3.2452
29.5008,0.7588,3.2551
29.5010,0.8504,3.6447
29.5012,0.8754,3.7503
29.5014,0.9199,3.9446
29.5016,0.9028,3.8729
29.5018,0.8499,3.646
29.5020,0.8297,3.5563
29.5022,0.8359,3.5858
29.5024,0.8757,3.7549
29.5026,0.9227,3.9527
29.5028,0.9339,4.0047
29.5030,0.8763,3.7609
29.5032,0.867,3.7213
29.5034,0.8324,3.5726
29.5036,0.8146,3.5013
29.5038,0.8301,3.5661
29.5040,0.8378,3.5924
29.5042,0.8702,3.7347
29.5044,0.814,3.4987
29.5046,0.7767,3.3291
29.5048,0.8776,3.7666
29.5050,0.8516,3.6566
29.5052,0.8195,3.5191
29.5054,0.8341,3.5781
29.5056,0.811,3.4858
29.5058,0.7791,3.3519
29.5060,0.7067,3.0389
29.5062,0.7265,3.1196
29.5064,0.7508,3.2271
29.5066,0.7612,3.2699
29.5068,0.8046,3.45
29.5070,0.8455,3.6321
29.5072,0.7851,3.3729
29.5074,0.8332,3.5762
29.5076,0.8606,3.6918
29.5078,0.8636,3.7081
29.5080,0.8255,3.5465
29.5082,0.8109,3.4837
29.5084,0.806,3.4658
29.5086,0.8026,3.453
29.5088,0.7868,3.377
29.5090,0.8217,3.5333
29.5092,0.7206,3.0987
29.5094,0.7528,3.2354
29.5096,0.7717,3.3122
29.5098,0.8158,3.5081
29.5100,0.7759,3.3395
29.5102,0.6951,2.9903
29.5104,0.6893,2.9655
29.5106,0.7405,3.1858
29.5108,0.7448,3.2014
29.5110,0.7601,3.2653
29.5112,0.8702,3.7329
29.5114,0.9173,3.9369
29.5116,0.8801,3.7844
29.5118,0.7411,3.1884
29.5120,0.723,3.109
29.5122,0.8097,3.4688
29.5124,0.9579,4.1114
29.5126,0.8315,3.5756
29.5128,0.7568,3.2529
29.5130,0.7815,3.3606
29.5132,0.7896,3.3952
29.5134,0.8106,3.4789
29.5136,0.8395,3.608
29.5138,0.8309,3.5714
29.5140,0.8622,3.7042
29.5142,0.864,3.7084
29.5144,0.9336,4.0088
29.5146,0.8791,3.7733
29.5148,0.8518,3.6611
29.5150,0.804,3.4619
29.5152,0.7451,3.2024
29.5154,0.7562,3.2488
29.5156,0.8199,3.5223
29.5158,0.8284,3.5622
29.5160,0.8229,3.5401
29.5162,0.785,3.3787
29.5164,0.7283,3.1332
29.5166,0.7019,3.0197
29.5168,0.6805,2.9355
29.5170,0.5735,2.473
29.5172,0.5717,2.4641
29.5174,0.5703,2.4567
29.5176,0.6192,2.6712
29.5178,0.5933,2.5594
29.5180,0.5741,2.4767
29.5182,0.5681,2.4497
29.5184,0.5655,2.4394
29.5186,0.5724,2.466
29.5188,0.6789,2.9152
29.5190,0.8008,3.4468
29.5192,0.6606,2.8457
29.5194,0.5664,2.4391
29.5196,0.6741,2.9027
29.5198,0.7242,3.12
29.5200,0.6468,2.785
29.5202,0.6343,2.7326
29.5204,0.6407,2.7586
29.5206,0.6365,2.7418
29.5208,0.6305,2.716
29.5210,0.6255,2.6961
29.5212,0.6181,2.6603
29.5214,0.7399,3.1817
29.5216,0.7892,3.3889
29.5218,0.7817,3.358
29.5220,0.7877,3.3822
29.5222,0.8434,3.6317
29.5224,0.71,3.05
29.5226,0.773,3.324
29.5228,0.7759,3.3348
29.5230,0.7499,3.226
29.5232,0.7071,3.0433
29.5234,0.6831,2.9414
29.5236,0.6682,2.8774
29.5238,0.6637,2.8591
29.5240,0.6501,2.8046
29.5242,0.5812,2.506
29.5244,0.5697,2.4553
29.5246,0.5713,2.4648
29.5248,0.5709,2.4616
29.5250,0.5685,2.4501
29.5252,0.5717,2.4618
29.5254,0.6917,2.9744
29.5256,0.742,3.1964
29.5258,0.641,2.7628
29.5260,0.5908,2.5486
29.5262,0.613,2.6443
29.5264,0.5284,2.2807
29.5266,0.4959,2.1404
29.5268,0.4905,2.1171
29.5270,0.4927,2.1264
29.5272,0.5038,2.1736
29.5274,0.5571,2.4055
29.5276,0.5007,2.1601
29.5278,0.4976,2.1487
29.5280,0.4946,2.1337
29.5282,0.4993,2.1519
29.5284,0.5302,2.2852
29.5286,0.5242,2.2626
29.5288,0.4813,2.0792
29.5290,0.4767,2.0576
29.5292,0.4806,2.0723
29.5294,0.4912,2.1212
29.5296,0.4866,2.0981
29.5298,0.5044,2.1751
29.5300,0.5327,2.295
29.5302,0.5886,2.531
29.5304,0.6004,2.5876
29.5306,0.5769,2.4851
29.5308,0.6404,2.7512
29.5310,0.7302,3.1414
29.5312,0.7279,3.1316
29.5314,0.7279,3.1302
29.5316,0.7084,3.0433
29.5318,0.7482,3.2143
29.5320,0.7568,3.2514
29.5322,0.8176,3.5044
29.5324,0.909,3.8996
29.5326,0.9023,3.8726
29.5328,0.8963,3.8451
29.5330,0.8891,3.8107
29.5332,0.924,3.9621
29.5334,0.9028,3.8711
29.5336,0.8989,3.8582
29.5338,0.885,3.7985
29.5340,0.8799,3.7764
29.5342,0.8862,3.8001
29.5344,0.916,3.9294
29.5346,0.8779,3.7681
29.5348,0.8849,3.7998
29.5350,0.8777,3.7654
29.5352,0.8622,3.7007
29.5354,0.8755,3.7596
29.5356,0.9079,3.8968
29.5358,0.9084,3.897
29.5360,0.8971,3.8523
29.5362,0.9166,3.932
29.5364,0.9208,3.9592
29.5366,0.7134,3.0749
29.5368,0.6064,2.6122
29.5370,0.6323,2.7238
29.5372,0.6543,2.8188
29.5374,0.6748,2.9058
29.5376,0.6534,2.8108
29.5378,0.6825,2.9361
29.5380,0.6996,3.0085
29.5382,0.6891,2.9631
29.5384,0.7122,3.064
29.5386,0.7562,3.2579
29.5388,0.7024,3.0245
29.5390,0.6442,2.7716
29.5392,0.7207,3.1021
29.5394,0.7118,3.062
29.5396,0.7156,3.0785
29.5398,0.7104,3.0535
29.5400,0.753,3.2394
29.5402,0.7614,3.277
29.5404,0.7199,3.0985
29.5406,0.7019,3.0197
29.5408,0.7122,3.0655
29.5410,0.7258,3.1238
29.5412,0.677,2.9178
29.5414,0.6425,2.7612
29.5416,0.7183,3.0889
29.5418,0.7349,3.1689
29.5420,0.5897,2.5451
29.5422,0.4987,2.1503
29.5424,0.5492,2.3669
29.5426,0.5806,2.5046
29.5428,0.5307,2.2894
29.5430,0.4818,2.0784
29.5432,0.4803,2.0731
29.5434,0.4866,2.101
29.5436,0.4891,2.1119
29.5438,0.4994,2.1584
29.5440,0.4048,1.7487
29.5442,0.4035,1.7422
29.5444,0.4052,1.7487
29.5446,0.4538,1.9597
29.5448,0.4548,1.9593
29.5450,0.5333,2.2987
29.5452,0.494,2.1331
29.5454,0.4531,1.9575
29.5456,0.4457,1.9245
29.5458,0.4403,1.9003
29.5460,0.4438,1.9144
29.5462,0.4466,1.9286
29.5464,0.4457,1.9254
29.5466,0.4435,1.9143
29.5468,0.4409,1.902
29.5470,0.4609,1.9893
29.5472,0.4752,2.0518
29.5474,0.4631,1.9986
29.5476,0.4584,1.9775
29.5478,0.4573,1.9729
29.5480,0.4619,1.9916
29.5482,0.498,2.1502
29.5484,0.4552,1.9626
29.5486,0.4492,1.9368
29.5488,0.491,2.1172
29.5490,0.5413,2.335
29.5492,0.4821,2.0819
29.5494,0.4344,1.8723
29.5496,0.435,1.8775
29.5498,0.4296,1.8542
29.5500,0.4448,1.92
29.5502,0.4441,1.9142
29.5504,0.4356,1.8792
29.5506,0.4336,1.873
29.5508,0.433,1.8679
29.5510,0.4782,2.061
29.5512,0.5085,2.1927
29.5514,0.4493,1.9373
29.5516,0.5182,2.2336
29.5518,0.5325,2.2951
29.5520,0.5516,2.375
29.5522,0.5839,2.5086
29.5524,0.6769,2.9105
29.5526,0.6883,2.9622
29.5528,0.6338,2.7305
29.5530,0.5829,2.5086
29.5532,0.5788,2.4922
29.5534,0.5831,2.512
29.5536,0.5682,2.4468
29.5538,0.6201,2.6642
29.5540,0.7188,3.0895
29.5542,0.6866,2.9509
29.5544,0.6874,2.9586
29.5546,0.6652,2.8618
29.5548,0.6621,2.8458
29.5550,0.6673,2.8679
29.5552,0.6681,2.8729
29.5554,0.6243,2.6884
29.5556,0.5968,2.5709
29.5558,0.5836,2.514
29.5560,0.5612,2.4175
29.5562,0.5089,2.1933
29.5564,0.5749,2.4734
29.5566,0.6429,2.771
29.5568,0.5218,2.2512
29.5570,0.5425,2.338
29.5572,0.5743,2.472
29.5574,0.5589,2.4065
29.5576,0.548,2.3617
29.5578,0.5223,2.2501
29.5580,0.5425,2.339
29.5582,0.5234,2.2516
29.5584,0.5797,2.4964
29.5586,0.5975,2.574
29.5588,0.5299,2.2837
29.5590,0.5042,2.1701
29.5592,0.5488,2.3664
29.5594,0.4958,2.1389
29.5596,0.4847,2.0889
29.5598,0.5049,2.1742
29.5600,0.5743,2.472
29.5602,0.618,2.6586
29.5604,0.6275,2.6968
29.5606,0.6372,2.7424
29.5608,0.5247,2.2636
29.5610,0.4818,2.0774
29.5612,0.4855,2.0905
29.5614,0.5118,2.2057
29.5616,0.4974,2.1426
29.5618,0.5049,2.1772
29.5620,0.4808,2.0733
29.5622,0.477,2.0567
29.5624,0.4679,2.0165
29.5626,0.5122,2.2067
29.5628,0.5522,2.3776
29.5630,0.5354,2.3064
29.5632,0.4954,2.1334
29.5634,0.552,2.3771
29.5636,0.5765,2.4824
29.5638,0.5566,2.3956
29.5640,0.5663,2.4363
29.5642,0.5859,2.5192
29.5644,0.6785,2.9137
29.5646,0.7264,3.1235
29.5648,0.6775,2.9104
29.5650,0.7113,3.0542
29.5652,0.745,3.1944
29.5654,0.7874,3.3749
29.5656,0.8022,3.4493
29.5658,0.733,3.1474
29.5660,0.8397,3.5972
29.5662,0.904,3.8726
29.5664,0.9091,3.8983
29.5666,0.8972,3.842
29.5668,0.9156,3.9206
29.5670,0.9266,3.9678
29.5672,0.9062,3.8841
29.5674,0.9239,3.9634
29.5676,0.8281,3.5574
29.5678,0.7516,3.2287
29.5680,0.7588,3.2596
29.5682,0.785,3.3677
29.5684,0.8162,3.5047
29.5686,0.7662,3.2885
29.5688,0.8459,3.629
29.5690,0.8606,3.6935
29.5692,0.8435,3.6187
29.5694,0.8743,3.7492
29.5696,0.8914,3.824
29.5698,0.8451,3.6237
29.5700,0.8363,3.5879
29.5702,0.8164,3.5058
29.5704,0.7637,3.2792
29.5706,0.8552,3.6686
29.5708,0.8733,3.7481
29.5710,0.8567,3.6719
29.5712,0.8684,3.7235
29.5714,0.8703,3.7335
29.5716,0.8767,3.7577
29.5718,0.8494,3.649
29.5720,0.764,3.2823
29.5722,0.8148,3.4969
29.5724,0.8849,3.7927
29.5726,0.9042,3.8863
29.5728,0.8288,3.5555
29.5730,0.8904,3.8181
29.5732,0.8963,3.8433
29.5734,0.8956,3.8438
29.5736,0.8819,3.7904
29.5738,0.8248,3.5402
29.5740,0.8444,3.624
29.5742,0.8549,3.671
29.5744,0.8456,3.6309
29.5746,0.8538,3.6647
29.5748,0.8426,3.6163
29.5750,0.8459,3.6307
29.5752,0.8663,3.7199
29.5754,0.8526,3.6613
29.5756,0.7809,3.3565
29.5758,0.8113,3.4836
29.5760,0.8405,3.6076
29.5762,0.8413,3.6107
29.5764,0.8592,3.6913
29.5766,0.8038,3.4549
29.5768,0.7788,3.3488
29.5770,0.7448,3.2029
29.5772,0.7392,3.1727
29.5774,0.7869,3.3838
29.5776,0.7615,3.2776
29.5778,0.6476,2.7899
29.5780,0.6466,2.7845
29.5782,0.7439,3.1943
29.5784,0.8297,3.5679
29.5786,0.7441,3.2057
29.5788,0.6664,2.8683
29.5790,0.6682,2.8761
29.5792,0.6667,2.868
29.5794,0.6859,2.9547
29.5796,0.636,2.7372
29.5798,0.6249,2.691
29.5800,0.6243,2.6922
29.5802,0.6325,2.7248
29.5804,0.6474,2.7876
29.5806,0.6477,2.7878
29.5808,0.635,2.7382
29.5810,0.5926,2.5528
29.5812,0.6213,2.6768
29.5814,0.5597,2.4101
29.5816,0.6572,2.8286
29.5818,0.6914,2.9826
29.5820,0.5725,2.47
29.5822,0.5481,2.3633
29.5824,0.5389,2.3225
29.5826,0.5341,2.3039
29.5828,0.5331,2.2966
29.5830,0.5755,2.4817
29.5832,0.5439,2.3463
29.5834,0.5387,2.3219
29.5836,0.5766,2.4876
29.5838,0.5463,2.3556
29.5840,0.5356,2.3085
29.5842,0.5314,2.2904
29.5844,0.5359,2.3117
29.5846,0.5296,2.2837
29.5848,0.5514,2.3756
29.5850,0.6173,2.6617
29.5852,0.5468,2.3566
29.5854,0.5663,2.4408
29.5856,0.6182,2.6658
29.5858,0.5591,2.4098
29.5860,0.5281,2.277
29.5862,0.5288,2.279
29.5864,0.5259,2.2677
29.5866,0.5204,2.2449
29.5868,0.5213,2.247
29.5870,0.5337,2.3002
29.5872,0.5325,2.2961
29.5874,0.5282,2.2786
29.5876,0.555,2.3878
29.5878,0.6363,2.7388
29.5880,0.6794,2.9227
29.5882,0.6984,3.0033
29.5884,0.7295,3.1412
29.5886,0.6327,2.7271
29.5888,0.5287,2.2796
29.5890,0.5459,2.3529
29.5892,0.5745,2.4748
29.5894,0.5672,2.441
29.5896,0.6131,2.6411
29.5898,0.5884,2.5324
29.5900,0.5948,2.5602
29.5902,0.6227,2.68
29.5904,0.7083,3.0484
29.5906,0.66,2.8431
29.5908,0.5689,2.4499
29.5910,0.5666,2.443
29.5912,0.5102,2.201
29.5914,0.5299,2.2805
29.5916,0.6236,2.6866
29.5918,0.5235,2.2553
29.5920,0.5365,2.3153
29.5922,0.5312,2.2862
29.5924,0.5859,2.5239
29.5926,0.5781,2.4891
29.5928,0.596,2.5654
29.5930,0.6321,2.7157
29.5932,0.694,2.987
29.5934,0.6359,2.7367
29.5936,0.6775,2.9104
29.5938,0.7215,3.1023
29.5940,0.7264,3.122
29.5942,0.7236,3.1072
29.5944,0.7506,3.2246
29.5946,0.762,3.272
29.5948,0.8013,3.4409
29.5950,0.724,3.1175
29.5952,0.5941,2.5619
29.5954,0.5678,2.4447
29.5956,0.5853,2.5201
29.5958,0.6106,2.6291
29.5960,0.6425,2.7625
29.5962,0.6658,2.8657
29.5964,0.6465,2.7801
29.5966,0.6644,2.8556
29.5968,0.7113,3.0613
29.5970,0.6934,2.9817
29.5972,0.7084,3.0433
29.5974,0.7201,3.0938
29.5976,0.7631,3.2797
29.5978,0.7717,3.3183
29.5980,0.6742,2.8992
29.5982,0.7448,3.2029
29.5984,0.7634,3.2782
29.5986,0.7877,3.3759
29.5988,0.9173,3.9314
29.5990,0.9288,3.9808
29.5992,0.9197,3.9454
29.5994,0.9023,3.869
29.5996,0.9031,3.8744
29.5998,0.8966,3.8448
29.6000,0.8951,3.8471
29.6002,0.8434,3.6199
29.6004,0.8673,3.7171
29.6006,0.9242,3.9631
29.6008,0.8932,3.8335
29.6010,0.8312,3.5691
29.6012,0.8596,3.6894
29.6014,0.8907,3.8227
29.6016,0.8492,3.6446
29.6018,0.9089,3.8973
29.6020,0.9561,4.1037
29.6022,0.8736,3.7514
29.6024,0.8422,3.6198
29.6026,0.8267,3.5517
29.6028,0.8199,3.5207
29.6030,0.8654,3.7158
29.6032,0.8598,3.6921
29.6034,0.8089,3.4782
29.6036,0.7173,3.0857
29.6038,0.7438,3.1982
29.6040,0.726,3.1205
29.6042,0.7813,3.3612
29.6044,0.7516,3.2332
29.6046,0.7567,3.2524
29.6048,0.818,3.5157
29.6050,0.8016,3.4499
29.6052,0.7317,3.1505
29.6054,0.6561,2.82
29.6056,0.7183,3.0903
29.6058,0.6805,2.926
29.6060,0.683,2.9395
29.6062,0.7028,3.0261
29.6064,0.6868,2.9547
29.6066,0.7309,3.1387
29.6068,0.7561,3.2543
29.6070,0.6209,2.6735
29.6072,0.6007,2.5843
29.6074,0.6496,2.7948
29.6076,0.692,2.9769
29.6078,0.7597,3.2698
29.6080,0.7169,3.0856
29.6082,0.7008,3.0108
29.6084,0.7555,3.2442
29.6086,0.7767,3.3353
29.6088,0.7615,3.276
29.6090,0.6975,3.0034
29.6092,0.7007,3.0145
29.6094,0.7626,3.2776
29.6096,0.7819,3.3622
29.6098,0.5621,2.425
29.6100,0.5037,2.172
29.6102,0.5046,2.1757
29.6104,0.5365,2.3143
29.6106,0.5252,2.2635
29.6108,0.5633,2.4301
29.6110,0.5707,2.4576
29.6112,0.6384,2.7488
29.6114,0.5909,2.5479
29.6116,0.5731,2.4691
29.6118,0.6343,2.7313
29.6120,0.6578,2.8272
29.6122,0.713,3.0686
29.6124,0.6749,2.9063
29.6126,0.686,2.9552
29.6128,0.7084,3.0475
29.6130,0.7195,3.0941
29.6132,0.7053,3.0313
29.6134,0.765,3.291
29.6136,0.6923,2.9839
29.6138,0.5977,2.575
29.6140,0.6288,2.7088
29.6142,0.6142,2.6445
29.6144,0.6554,2.8222
29.6146,0.6843,2.9438
29.6148,0.6584,2.8377
29.6150,0.5699,2.454
29.6152,0.5785,2.4912
29.6154,0.6287,2.707
29.6156,0.6308,2.7201
29.6158,0.5752,2.4825
29.6160,0.5501,2.371
29.6162,0.5717,2.4629
29.6164,0.5741,2.4732
29.6166,0.6293,2.7083
29.6168,0.5745,2.4782
29.6170,0.4845,2.0922
29.6172,0.4476,1.9337
29.6174,0.4462,1.9274
29.6176,0.4505,1.9443
29.6178,0.4499,1.9435
29.6180,0.4613,1.9918
29.6182,0.4859,2.095
29.6184,0.5395,2.3229
29.6186,0.5634,2.4273
29.6188,0.5158,2.2274
29.6190,0.4632,2.0001
29.6192,0.4595,1.9831
29.6194,0.4577,1.9744
29.6196,0.5007,2.1591
29.6198,0.5121,2.2103
29.6200,0.4505,1.9443
29.6202,0.4422,1.9077
29.6204,0.4457,1.9227
29.6206,0.4873,2.1002
29.6208,0.5733,2.4696
29.6210,0.5785,2.4935
29.6212,0.5574,2.4037
29.6214,0.511,2.2056
29.6216,0.4549,1.9625
29.6218,0.5301,2.2837
29.6220,0.5613,2.4191
29.6222,0.4939,2.1277
29.6224,0.5148,2.2206
29.6226,0.5073,2.1886
29.6228,0.4945,2.1332
29.6230,0.5142,2.215
29.6232,0.5249,2.2636
29.6234,0.5155,2.2217
29.6236,0.5124,2.2093
29.6238,0.4899,2.1116
29.6240,0.4903,2.1112
29.6242,0.5571,2.3965
29.6244,0.5833,2.5142
29.6246,0.547,2.3598
29.6248,0.499,2.1509
29.6250,0.4941,2.1297
29.6252,0.4981,2.1467
29.6254,0.489,2.1094
29.6256,0.4976,2.1457
29.6258,0.5209,2.2418
29.6260,0.5953,2.5575
29.6262,0.6958,2.9878
29.6264,0.7041,3.0276
29.6266,0.6829,2.939
29.6268,0.5643,2.4343
29.6270,0.4766,2.0542
29.6272,0.47,2.0277
29.6274,0.4725,2.0395
29.6276,0.4812,2.0739
29.6278,0.5264,2.2666
29.6280,0.5395,2.3261
29.6282,0.4808,2.0743
29.6284,0.4785,2.0635
29.6286,0.4823,2.0785
29.6288,0.4794,2.068
29.6290,0.4809,2.0738
29.6292,0.4781,2.0614
29.6294,0.5048,2.1757
29.6296,0.5404,2.327
29.6298,0.6029,2.5924
29.6300,0.596,2.563
29.6302,0.6089,2.6182
29.6304,0.6736,2.8979
29.6306,0.6373,2.7391
29.6308,0.6706,2.8783
29.6310,0.7185,3.0851
29.6312,0.7628,3.2756
29.6314,0.7456,3.2045
29.6316,0.7002,3.0069
29.6318,0.7928,3.3964
29.6320,0.8919,3.8207
29.6322,0.9146,3.9165
29.6324,0.9337,4.0018
29.6326,0.9413,4.0323
29.6328,0.938,4.0185
29.6330,0.964,4.1338
29.6332,0.8931,3.8312
29.6334,0.9088,3.8895
29.6336,0.9564,4.0951
29.6338,0.9234,3.9558
29.6340,0.9357,4.0087
29.6342,0.9333,4.0003
29.6344,0.92,3.9432
29.6346,0.9174,3.9375
29.6348,0.9273,3.9765
29.6350,0.906,3.8867
29.6352,0.841,3.613
29.6354,0.8365,3.5901
29.6356,0.8818,3.7793
29.6358,0.9,3.8592
29.6360,0.9116,3.9146
29.6362,0.8542,3.6697
29.6364,0.851,3.6489
29.6366,0.8995,3.8554
29.6368,0.9157,3.9284
29.6370,0.9023,3.8726
29.6372,0.873,3.747
29.6374,0.9079,3.8932
29.6376,0.9378,4.0212
29.6378,0.9341,4.0052
29.6380,0.9299,3.9835
29.6382,0.9678,4.1536
29.6384,0.9056,3.8906
29.6386,0.7914,3.3982
29.6388,0.8064,3.4593
29.6390,0.8753,3.7568
29.6392,0.8796,3.7771
29.6394,0.8831,3.792
29.6396,0.8743,3.7509
29.6398,0.8825,3.7912
29.6400,0.8432,3.6256
29.6402,0.7517,3.2337
29.6404,0.7427,3.1951
29.6406,0.7553,3.2402
29.6408,0.8854,3.8
29.6410,0.9065,3.8924
29.6412,0.9296,3.9881
29.6414,0.8883,3.8124
29.6416,0.859,3.6868
29.6418,0.8508,3.6518
29.6420,0.8523,3.6597
29.6422,0.8387,3.5999
29.6424,0.8754,3.7573
29.6426,0.9302,3.9925
29.6428,0.903,3.8739
29.6430,0.854,3.6703
29.6432,0.7984,3.4333
29.6434,0.8074,3.4688
29.6436,0.8555,3.6736
29.6438,0.8807,3.7905
29.6440,0.7604,3.2744
29.6442,0.7849,3.3672
29.6444,0.8948,3.8425
29.6446,0.8082,3.4751
29.6448,0.7699,3.3106
29.6450,0.8097,3.4818
29.6452,0.7737,3.3318
29.6454,0.7715,3.3173
29.6456,0.7908,3.3987
29.6458,0.7784,3.3503
29.6460,0.7524,3.2383
29.6462,0.7365,3.1712
29.6464,0.716,3.0786
29.6466,0.6999,3.0165
29.6468,0.6243,2.6859
29.6470,0.738,3.1764
29.6472,0.7128,3.0709
29.6474,0.6311,2.7173
29.6476,0.6908,2.9731
29.6478,0.7119,3.0653
29.6480,0.6604,2.8452
29.6482,0.6355,2.7364
29.6484,0.6608,2.848
29.6486,0.6489,2.7956
29.6488,0.6385,2.7506
29.6490,0.6537,2.811
29.6492,0.7438,3.1997
29.6494,0.7484,3.2198
29.6496,0.6987,3.0071
29.6498,0.686,2.9566
29.6500,0.6679,2.8718
29.6502,0.7263,3.1258
29.6504,0.7025,3.0279
29.6506,0.6413,2.7625
29.6508,0.7118,3.0549
29.6510,0.8453,3.6332
29.6512,0.7902,3.3946
29.6514,0.8184,3.5205
29.6516,0.8361,3.5902
29.6518,0.879,3.7745
29.6520,0.8667,3.7198
29.6522,0.8757,3.7619
29.6524,0.8836,3.7941
29.6526,0.8884,3.8129
29.6528,0.891,3.8207
29.6530,0.9236,3.9679
29.6532,0.8938,3.8432
29.6534,0.8409,3.6142
29.6536,0.7678,3.3013
29.6538,0.826,3.5503
29.6540,0.8742,3.7539
29.6542,0.9187,3.9358
29.6544,1.0008,4.2936
29.6546,0.9446,4.0562
29.6548,0.8596,3.6928
29.6550,0.8121,3.4953
29.6552,0.777,3.3441
29.6554,0.7674,3.2998
29.6556,0.8025,3.4476
29.6558,0.8067,3.4641
29.6560,0.82,3.5261
29.6562,0.8053,3.4659
29.6564,0.7872,3.388
29.6566,0.7743,3.3297
29.6568,0.805,3.4601
29.6570,0.8187,3.5205
29.6572,0.8392,3.6036
29.6574,0.8889,3.815
29.6576,0.9532,4.0913
29.6578,0.8853,3.8066
29.6580,0.7432,3.2001
29.6582,0.7136,3.074
29.6584,0.6838,2.9473
29.6586,0.6766,2.9135
29.6588,0.6651,2.864
29.6590,0.6398,2.7563
29.6592,0.6024,2.6012
29.6594,0.5357,2.3144
29.6596,0.5209,2.2501
29.6598,0.5037,2.1761
29.6600,0.5024,2.1684
29.6602,0.53,2.2853
29.6604,0.5311,2.2931
29.6606,0.4935,2.1301
29.6608,0.5104,2.202
29.6610,0.5137,2.2191
29.6612,0.4893,2.1139
29.6614,0.5037,2.1751
29.6616,0.4951,2.1368
29.6618,0.4885,2.1103
29.6620,0.4856,2.0969
29.6622,0.4879,2.1067
29.6624,0.4875,2.1022
29.6626,0.5703,2.4579
29.6628,0.5873,2.5301
29.6630,0.6236,2.6866
29.6632,0.595,2.5679
29.6634,0.5471,2.3581
29.6636,0.6711,2.8898
29.6638,0.6492,2.7966
29.6640,0.6395,2.7496
29.6642,0.7267,3.1235
29.6644,0.7763,3.3426
29.6646,0.7104,3.0549
29.6648,0.806,3.4626
29.6650,0.8663,3.7182
29.6652,0.901,3.8724
29.6654,0.857,3.6832
29.6656,0.8297,3.5596
29.6658,0.8583,3.682
29.6660,0.8962,3.8481
29.6662,0.8578,3.6885
29.6664,0.8391,3.6048
29.6666,0.8112,3.488
29.6668,0.7758,3.3343
29.6670,0.8345,3.5818
29.6672,0.869,3.7278
29.6674,0.8565,3.6794
29.6676,0.7964,3.4246
29.6678,0.7596,3.2678
29.6680,0.7898,3.3946
29.6682,0.83,3.5673
29.6684,0.7921,3.4044
29.6686,0.8118,3.4873
29.6688,0.7915,3.4034
29.6690,0.7082,3.0479
29.6692,0.6348,2.7397
29.6694,0.5897,2.5404
29.6696,0.6362,2.7395
29.6698,0.6848,2.95
29.6700,0.6753,2.9065
29.6702,0.6887,2.9643
29.6704,0.7608,3.2669
29.6706,0.8056,3.461
29.6708,0.766,3.2967
29.6710,0.7437,3.2036
29.6712,0.7151,3.0793
29.6714,0.6663,2.8718
29.6716,0.6228,2.6855
29.6718,0.5713,2.4636
29.6720,0.5691,2.4538
29.6722,0.641,2.7576
29.6724,0.7542,3.2416
29.6726,0.7679,3.3049
29.6728,0.7167,3.0874
29.6730,0.6934,2.9872
29.6732,0.6733,2.8964
29.6734,0.7247,3.1177
29.6736,0.7026,3.0242
29.6738,0.6866,2.9564
29.6740,0.701,3.0155
29.6742,0.754,3.242
29.6744,0.7561,3.2513
29.6746,0.7544,3.2471
29.6748,0.7514,3.2342
29.6750,0.7337,3.1593
29.6752,0.6715,2.894
29.6754,0.6103,2.628
29.6756,0.6492,2.8005
29.6758,0.6038,2.6026
29.6760,0.5778,2.4916
29.6762,0.5278,2.2791
29.6764,0.5006,2.1606
29.6766,0.4897,2.1125
29.6768,0.4965,2.143
29.6770,0.495,2.1363
29.6772,0.527,2.2702
29.6774,0.5416,2.3333
29.6776,0.5654,2.4367
29.6778,0.5861,2.5308
29.6780,0.5131,2.2124
29.6782,0.5616,2.4229
29.6784,0.5567,2.3972
29.6786,0.6288,2.71
29.6788,0.5842,2.5213
29.6790,0.4818,2.0784
29.6792,0.4693,2.0274
29.6794,0.4664,2.0159
29.6796,0.4657,2.0091
29.6798,0.4656,2.0086
29.6800,0.4654,2.0103
29.6802,0.4631,1.9986
29.6804,0.4664,2.0131
29.6806,0.4549,1.9653
29.6808,0.452,1.951
29.6810,0.4658,2.0077
29.6812,0.5083,2.1937
29.6814,0.4686,2.0243
29.6816,0.4559,1.9676
29.6818,0.4498,1.9412
29.6820,0.4474,1.9308
29.6822,0.4472,1.9294
29.6824,0.4508,1.9458
29.6826,0.4484,1.9373
29.6828,0.4677,2.0197
29.6830,0.5213,2.248
29.6832,0.494,2.1341
29.6834,0.4513,1.9497
29.6836,0.4447,1.9186
29.6838,0.4476,1.9301
29.6840,0.4456,1.9222
29.6842,0.4463,1.9253
29.6844,0.4851,2.0909
29.6846,0.5577,2.4036
29.6848,0.5514,2.3778
29.6850,0.477,2.0596
29.6852,0.4324,1.8679
29.6854,0.4311,1.8604
29.6856,0.4326,1.8663
29.6858,0.4318,1.8644
29.6860,0.4275,1.8432
29.6862,0.4311,1.8587
29.6864,0.4484,1.9364
29.6866,0.4359,1.882
29.6868,0.4319,1.8641
29.6870,0.4269,1.8406
29.6872,0.4689,2.0221
29.6874,0.5248,2.2609
29.6876,0.5425,2.3358
29.6878,0.5595,2.4091
29.6880,0.5661,2.4364
29.6882,0.5652,2.4373
29.6884,0.5546,2.3913
29.6886,0.5272,2.2744
29.6888,0.4522,1.9515
29.6890,0.4332,1.8689
29.6892,0.4686,2.0206
29.6894,0.5076,2.1876
29.6896,0.5207,2.2444
29.6898,0.4862,2.0966
29.6900,0.489,2.1065
29.6902,0.5478,2.359
29.6904,0.5713,2.4579
29.6906,0.5765,2.4847
29.6908,0.5198,2.2403
29.6910,0.4981,2.1477
29.6912,0.5116,2.2031
29.6914,0.5131,2.2083
29.6916,0.571,2.4575
29.6918,0.5832,2.5113
29.6920,0.5758,2.4805
29.6922,0.6137,2.6388
29.6924,0.6264,2.6947
29.6926,0.6561,2.8213
29.6928,0.6754,2.9016
29.6930,0.7296,3.1315
29.6932,0.815,3.498
29.6934,0.8136,3.4934
29.6936,0.7319,3.1442
29.6938,0.7426,3.1901
29.6940,0.7143,3.0742
29.6942,0.6777,2.9155
29.6944,0.6592,2.8374
29.6946,0.5956,2.5633
29.6948,0.5947,2.5573
29.6950,0.6506,2.7989
29.6952,0.695,2.9898
29.6954,0.6746,2.9034
29.6956,0.5975,2.5728
29.6958,0.5842,2.5143
29.6960,0.6101,2.6258
29.6962,0.6284,2.701
29.6964,0.709,3.0487
29.6966,0.6538,2.8154
29.6968,0.5823,2.506
29.6970,0.5919,2.5461
29.6972,0.5851,2.5219
29.6974,0.5562,2.3941
29.6976,0.6425,2.76
29.6978,0.7145,3.0653
29.6980,0.7532,3.2359
29.6982,0.7096,3.0484
29.6984,0.7767,3.3353
29.6986,0.7578,3.2555
29.6988,0.7101,3.0562
29.6990,0.6793,2.9181
29.6992,0.7775,3.3353
29.6994,0.8404,3.6054
29.6996,0.8508,3.6484
29.6998,0.8631,3.6991
29.7000,0.9421,4.0378
29.7002,0.9162,3.9286
29.7004,0.8783,3.7714
29.7006,0.826,3.5403
29.7008,0.9065,3.887
29.7010,0.903,3.8739
29.7012,0.8692,3.7254
29.7014,0.9074,3.8929
29.7016,0.9055,3.8865
29.7018,0.8592,3.6879
29.7020,0.7916,3.3976
29.7022,0.8067,3.4641
29.7024,0.8315,3.5673
29.7026,0.891,3.8224
29.7028,0.8501,3.6521
29.7030,0.82,3.5228
29.7032,0.8458,3.6268
29.7034,0.8825,3.7912
29.7036,0.8445,3.6279
29.7038,0.8444,3.624
29.7040,0.8578,3.6782
29.7042,0.906,3.8849
29.7044,0.8874,3.8123
29.7046,0.811,3.4858
29.7048,0.7868,3.3802
29.7050,0.8124,3.4931
29.7052,0.7758,3.3328
29.7054,0.7966,3.4176
29.7056,0.8179,3.5168
29.7058,0.7592,3.2647
29.7060,0.8311,3.5669
29.7062,0.8582,3.6867
29.7064,0.7927,3.4086
29.7066,0.7787,3.3467
29.7068,0.7878,3.3874
29.7070,0.7255,3.1213
29.7072,0.7278,3.1282
29.7074,0.7616,3.272
29.7076,0.7886,3.3879
29.7078,0.7868,3.3849
29.7080,0.7584,3.2581
29.7082,0.8092,3.4797
29.7084,0.7721,3.3199
29.7086,0.7086,3.0514
29.7088,0.6572,2.8286
29.7090,0.7173,3.0857
29.7092,0.7632,3.2863
29.7094,0.695,2.9925
29.7096,0.6725,2.8933
29.7098,0.6773,2.9153
29.7100,0.6868,2.9547
29.7102,0.6974,3.0001
29.7104,0.6471,2.7865
29.7106,0.6525,2.8058
29.7108,0.7415,3.1929
29.7110,0.6693,2.882
29.7112,0.6878,2.9602
29.7114,0.7429,3.1961
29.7116,0.7337,3.1534
29.7118,0.7319,3.1457
29.7120,0.7501,3.2225
29.7122,0.7667,3.2921
29.7124,0.8061,3.4663
29.7126,0.7892,3.3905
29.7128,0.8076,3.4709
29.7130,0.7064,3.0402
29.7132,0.6442,2.7754
29.7134,0.6131,2.6399
29.7136,0.6161,2.654
29.7138,0.6318,2.7166
29.7140,0.7277,3.1277
29.7142,0.8006,3.4442
29.7144,0.759,3.2652
29.7146,0.7487,3.2164
29.7148,0.8016,3.4483
29.7150,0.6681,2.8809
29.7152,0.5502,2.3738
29.7154,0.5401,2.3309
29.7156,0.5395,2.3261
29.7158,0.5622,2.4221
29.7160,0.6554,2.8235
29.7162,0.6603,2.8446
29.7164,0.6454,2.7767
29.7166,0.6513,2.802
29.7168,0.6401,2.7535
29.7170,0.6143,2.6475
29.7172,0.5494,2.3679
29.7174,0.6423,2.7684
29.7176,0.6546,2.8198
29.7178,0.5636,2.4289
29.7180,0.529,2.2811
29.7182,0.5251,2.2641
29.7184,0.5227,2.2537
29.7186,0.5246,2.262
29.7188,0.5258,2.2661
29.7190,0.5283,2.278
29.7192,0.5258,2.2672
29.7194,0.5375,2.3178
29.7196,0.5375,2.3168
29.7198,0.5366,2.3116
29.7200,0.5369,2.3131
29.7202,0.538,2.3188
29.7204,0.5925,2.5499
29.7206,0.6564,2.821
29.7208,0.7216,3.1072
29.7210,0.7098,3.0523
29.7212,0.6789,2.9234
29.7214,0.5946,2.5651
29.7216,0.527,2.2734
29.7218,0.5222,2.2506
29.7220,0.5113,2.2026
29.7222,0.562,2.4244
29.7224,0.5673,2.4461
29.7226,0.5672,2.4433
29.7228,0.6043,2.5986
29.7230,0.6189,2.6664
29.7232,0.6213,2.673
29.7234,0.7136,3.0626
29.7236,0.7529,3.2344
29.7238,0.6937,2.9827
29.7240,0.6645,2.8627
29.7242,0.5859,2.5262
29.7244,0.5815,2.5053
29.7246,0.5729,2.4669
29.7248,0.5815,2.5029
29.7250,0.6729,2.8908
29.7252,0.7633,3.2777
29.7254,0.7724,3.3183
29.7256,0.7682,3.3003
29.7258,0.7737,3.3287
29.7260,0.7606,3.2643
29.7262,0.7511,3.2327
29.7264,0.5564,2.4024
29.7266,0.4721,2.0384
29.7268,0.4652,2.0079
29.7270,0.4679,2.0184
29.7272,0.4722,2.037
29.7274,0.4677,2.0197
29.7276,0.4655,2.009
29.7278,0.4631,1.9977
29.7280,0.4668,2.0128
29.7282,0.4694,2.027
29.7284,0.4679,2.0203
29.7286,0.4631,1.9968
29.7288,0.4496,1.9398
29.7290,0.4584,1.9757
29.7292,0.5513,2.3773
29.7294,0.5505,2.3726
29.7296,0.5618,2.42
29.7298,0.5164,2.2258
29.7300,0.5263,2.265
29.7302,0.6231,2.6808
29.7304,0.6965,2.9951
29.7306,0.7401,3.1778
29.7308,0.7865,3.3818
29.7310,0.7522,3.2313
29.7312,0.7704,3.3065
29.7314,0.8187,3.5172
29.7316,0.8266,3.5479
29.7318,0.7776,3.3374
29.7320,0.7814,3.3554
29.7322,0.7865,3.3786
29.7324,0.7806,3.3503
29.7326,0.7584,3.2566
29.7328,0.8195,3.5208
29.7330,0.8017,3.4408
29.7332,0.7832,3.3647
29.7334,0.7785,3.3462
29.7336,0.7549,3.2371
29.7338,0.8731,3.7423
29.7340,0.9589,4.1098
29.7342,0.9865,4.228
29.7344,0.9887,4.2377
29.7346,0.9955,4.2605
29.7348,1.003,4.2969
29.7350,0.9925,4.2556
29.7352,0.9046,3.8788
29.7354,0.9561,4.0979
29.7356,0.9624,4.1285
29.7358,0.8638,3.7091
29.7360,0.8596,3.686
29.7362,0.9035,3.8778
29.7364,0.8934,3.8327
29.7366,0.9284,3.9792
29.7368,0.915,3.9217
29.7370,0.9297,3.9905
29.7372,0.8452,3.6293
29.7374,0.8725,3.7467
29.7376,0.885,3.7967
29.7378,0.8586,3.6904
29.7380,0.7553,3.2492
29.7382,0.7254,3.1193
29.7384,0.7642,3.2843
29.7386,0.7556,3.2493
29.7388,0.7395,3.1826
29.7390,0.715,3.0802
29.7392,0.7091,3.052
29.7394,0.7023,3.0198
29.7396,0.7273,3.1305
29.7398,0.7277,3.1306
29.7400,0.7681,3.2937
29.7402,0.85,3.6482
29.7404,0.8074,3.4768
29.7406,0.6808,2.9343
29.7408,0.6794,2.9254
29.7410,0.6895,2.966
29.7412,0.7289,3.1343
29.7414,0.7536,3.2465
29.7416,0.627,2.701
29.7418,0.6505,2.7984
29.7420,0.7337,3.1534
29.7422,0.7652,3.2951
29.7424,0.7042,3.0281
29.7426,0.6514,2.8077
29.7428,0.5962,2.5695
29.7430,0.5905,2.544
29.7432,0.5891,2.5378
29.7434,0.641,2.7602
29.7436,0.6753,2.9052
29.7438,0.7315,3.1515
29.7440,0.6259,2.6989
29.7442,0.5926,2.5528
29.7444,0.5914,2.5464
29.7446,0.5926,2.5516
29.7448,0.5958,2.5655
29.7450,0.5871,2.5314
29.7452,0.5464,2.3594
29.7454,0.5118,2.2098
29.7456,0.5094,2.1963
29.7458,0.5337,2.3024
29.7460,0.5245,2.2636
29.7462,0.5247,2.2615
29.7464,0.5264,2.2708
29.7466,0.4751,2.0513
29.7468,0.4589,1.9833
29.7470,0.4627,1.9952
29.7472,0.5435,2.3459
29.7474,0.4993,2.1569
29.7476,0.453,1.9542
29.7478,0.4432,1.9127
29.7480,0.4528,1.9559
29.7482,0.4404,1.9008
29.7484,0.433,1.8687
29.7486,0.4321,1.866
29.7488,0.4399,1.9005
29.7490,0.4464,1.9276
29.7492,0.4399,1.8996
29.7494,0.4344,1.8758
29.7496,0.4371,1.8854
29.7498,0.4537,1.9564
29.7500,0.4709,2.0313
29.7502,0.5119,2.2072
29.7504,0.5236,2.2589
29.7506,0.4755,2.0534
29.7508,0.4541,1.9589
29.7510,0.4745,2.044
29.7512,0.5323,2.294
29.7514,0.5305,2.2863
29.7516,0.5454,2.3509
29.7518,0.5688,2.4505
29.7520,0.5725,2.4654
29.7522,0.5757,2.48
29.7524,0.6114,2.6351
29.7526,0.5879,2.5326
29.7528,0.5704,2.4549
29.7530,0.6065,2.6079
29.7532,0.6355,2.7364
29.7534,0.6058,2.6072
29.7536,0.6287,2.7032
29.7538,0.6905,2.9679
29.7540,0.7363,3.1677
29.7542,0.7247,3.1133
29.7544,0.6806,2.9292
29.7546,0.6464,2.7821
29.7548,0.6314,2.7176
29.7550,0.6451,2.7739
29.7552,0.6583,2.8385
29.7554,0.4922,2.1244
29.7556,0.4606,1.9896
29.7558,0.4638,1.9989
29.7560,0.5315,2.2899
29.7562,0.5341,2.2996
29.7564,0.5836,2.514
29.7566,0.5805,2.5006
29.7568,0.5824,2.5054
29.7570,0.6149,2.6464
29.7572,0.6344,2.7305
29.7574,0.5883,2.5342
29.7576,0.5784,2.4942
29.7578,0.606,2.6094
29.7580,0.5825,2.5059
29.7582,0.5916,2.5439
29.7584,0.645,2.7708
29.7586,0.7523,3.2318
29.7588,0.7739,3.3245
29.7590,0.749,3.2164
29.7592,0.7327,3.1537
29.7594,0.5947,2.5609
29.7596,0.5849,2.5197
29.7598,0.5433,2.3416
29.7600,0.4927,2.1225
29.7602,0.5625,2.422
29.7604,0.5323,2.2962
29.7606,0.4867,2.0986
29.7608,0.4935,2.1281
29.7610,0.4779,2.0609
29.7612,0.4801,2.0711
29.7614,0.4679,2.0175
29.7616,0.467,2.0148
29.7618,0.468,2.0161
29.7620,0.485,2.0894
29.7622,0.5236,2.2568
29.7624,0.5843,2.5136
29.7626,0.6348,2.7359
29.7628,0.5053,2.1778
29.7630,0.496,2.135
29.7632,0.6198,2.6663
29.7634,0.6505,2.7971
29.7636,0.7162,3.0768
29.7638,0.7625,3.2756
29.7640,0.7524,3.2323
29.7642,0.7669,3.2977
29.7644,0.7547,3.2406
29.7646,0.8065,3.4582
29.7648,0.8802,3.7726
29.7650,0.903,3.8667
29.7652,0.9112,3.9089
29.7654,0.8904,3.8199
29.7656,0.9088,3.8913
29.7658,0.9572,4.1006
29.7660,0.8736,3.7461
29.7662,0.911,3.9065
29.7664,0.8643,3.7147
29.7666,0.7459,3.2045
29.7668,0.771,3.306
29.7670,0.8531,3.665
29.7672,0.8415,3.6134
29.7674,0.8261,3.5475
29.7676,0.7933,3.408
29.7678,0.8271,3.5516
29.7680,0.8225,3.5287
29.7682,0.8186,3.5101
29.7684,0.8566,3.68
29.7686,0.8164,3.509
29.7688,0.7844,3.3714
29.7690,0.7489,3.2174
29.7692,0.7874,3.3827
29.7694,0.8627,3.6993
29.7696,0.8712,3.7376
29.7698,0.8517,3.6537
29.7700,0.8948,3.8389
29.7702,0.9116,3.9146
29.7704,0.8213,3.5252
29.7706,0.8721,3.7447
29.7708,0.8615,3.6942
29.7710,0.879,3.7745
29.7712,0.8006,3.4362
29.7714,0.8478,3.6424
29.7716,0.8657,3.7156
29.7718,0.8429,3.6212
29.7720,0.805,3.4585
29.7722,0.8275,3.5531
29.7724,0.8191,3.5154
29.7726,0.8291,3.557
29.7728,0.8174,3.5132
29.7730,0.8275,3.5564
29.7732,0.7959,3.4193
29.7734,0.8193,3.523
29.7736,0.7755,3.3348
29.7738,0.7686,3.2988
29.7740,0.8255,3.5465
29.7742,0.8377,3.5969
29.7744,0.8242,3.5409
29.7746,0.8091,3.476
29.7748,0.8136,3.495
29.7750,0.8029,3.4524
29.7752,0.789,3.3894
29.7754,0.7823,3.359
29.7756,0.7897,3.3941
29.7758,0.8198,3.5251
29.7760,0.7819,3.3622
29.7762,0.7658,3.2946
29.7764,0.7583,3.2621
29.7766,0.7055,3.0323
29.7768,0.8074,3.4704
29.7770,0.7953,3.4215
29.7772,0.6898,2.9717
29.7774,0.5926,2.554
29.7776,0.5808,2.5022
29.7778,0.5939,2.5597
29.7780,0.6041,2.6048
29.7782,0.6254,2.6956
29.7784,0.6291,2.7091
29.7786,0.6213,2.6792
29.7788,0.5681,2.4485
29.7790,0.592,2.5526
29.7792,0.5428,2.3406
29.7794,0.5158,2.2253
29.7796,0.508,2.1937
29.7798,0.5179,2.2341
29.7800,0.5847,2.5152
29.7802,0.6759,2.9118
29.7804,0.5739,2.4757
29.7806,0.5405,2.3319
29.7808,0.5242,2.2615
29.7810,0.5218,2.2512
29.7812,0.5185,2.2377
29.7814,0.5225,2.2543
29.7816,0.5084,2.1922
29.7818,0.5037,2.173
29.7820,0.5041,2.1756
29.7822,0.5108,2.1995
29.7824,0.5476,2.3602
29.7826,0.5146,2.2181
29.7828,0.5495,2.3717
29.7830,0.5122,2.2098
29.7832,0.5301,2.2815
29.7834,0.6697,2.8809
29.7836,0.659,2.8376
29.7838,0.6604,2.8386
29.7840,0.6672,2.8768
29.7842,0.5348,2.3049
29.7844,0.5176,2.231
29.7846,0.515,2.2206
29.7848,0.5127,2.2118
29.7850,0.5097,2.1979
29.7852,0.5389,2.3235
29.7854,0.5187,2.2377
29.7856,0.5204,2.2449
29.7858,0.5094,2.1963
29.7860,0.5086,2.1922
29.7862,0.5062,2.1819
29.7864,0.5158,2.2232
29.7866,0.6043,2.5974
29.7868,0.7638,3.2828
29.7870,0.6996,3.0085
29.7872,0.6604,2.8386
29.7874,0.6729,2.8962
29.7876,0.6293,2.7121
29.7878,0.5698,2.4546
29.7880,0.5628,2.4247
29.7882,0.6272,2.6983
29.7884,0.6694,2.8852
29.7886,0.5776,2.4871
29.7888,0.577,2.4845
29.7890,0.583,2.5091
29.7892,0.6373,2.7429
29.7894,0.6278,2.7021
29.7896,0.5959,2.5684
29.7898,0.5757,2.4811
29.7900,0.6085,2.6178
29.7902,0.6537,2.8123
29.7904,0.6827,2.9371
29.7906,0.6944,2.9816
29.7908,0.753,3.2319
29.7910,0.8106,3.4773
29.7912,0.8213,3.5334
29.7914,0.71,3.0528
29.7916,0.7643,3.2833
29.7918,0.6825,2.9388
29.7920,0.6146,2.6454
29.7922,0.6887,2.9602
29.7924,0.6824,2.9356
29.7926,0.6716,2.8919
29.7928,0.6275,2.7044
29.7930,0.568,2.4435
29.7932,0.6754,2.9097
29.7934,0.574,2.4727
29.7936,0.5805,2.5018
29.7938,0.5833,2.5083
29.7940,0.6354,2.7347
29.7942,0.5963,2.5664
29.7944,0.5945,2.5622
29.7946,0.5866,2.5246
29.7948,0.6501,2.7942
29.7950,0.6903,2.9683
29.7952,0.6419,2.7689
29.7954,0.5311,2.2878
29.7956,0.5294,2.2827
29.7958,0.4945,2.1332
29.7960,0.5571,2.3988
29.7962,0.6695,2.8844
29.7964,0.6538,2.8141
29.7966,0.6642,2.8559
29.7968,0.7103,3.0544
29.7970,0.7197,3.0931
29.7972,0.7504,3.2176
29.7974,0.8678,3.7209
29.7976,0.8922,3.8294
29.7978,0.9133,3.9163
29.7980,0.9435,4.044
29.7982,0.9144,3.9246
29.7984,0.8481,3.64
29.7986,0.8114,3.4841
29.7988,0.7776,3.3358
29.7990,0.864,3.7067
29.7992,0.9005,3.8667
29.7994,0.8885,3.8152
29.7996,0.9315,3.9907
29.7998,0.9844,4.2173
29.8000,0.9608,4.118
29.8002,0.9627,4.1301
29.8004,0.9115,3.9086
29.8006,0.9116,3.9091
29.8008,0.9288,3.9863
29.8010,0.9196,3.9486
29.8012,0.8678,3.7227
29.8014,0.8777,3.7671
29.8016,0.8506,3.661
29.8018,0.6947,2.9887
29.8020,0.6977,3.0016
29.8022,0.7072,3.0395
29.8024,0.7618,3.2786
29.8026,0.7618,3.2725
29.8028,0.809,3.4771
29.8030,0.7899,3.3888
29.8032,0.8885,3.8116
29.8034,0.886,3.8008
29.8036,0.8951,3.8417
29.8038,0.9012,3.8698
29.8040,0.8891,3.816
29.8042,0.8892,3.8147
29.8044,0.8532,3.6621
29.8046,0.8495,3.6496
29.8048,0.8496,3.6501
29.8050,0.819,3.5166
29.8052,0.8416,3.6173
29.8054,0.8218,3.5322
29.8056,0.8869,3.8067
29.8058,0.8915,3.8245
29.8060,0.9146,3.922
29.8062,0.9297,3.9886
29.8064,0.906,3.8886
29.8066,0.8911,3.8247
29.8068,0.9445,4.0462
29.8070,1.0096,4.3271
29.8072,1.0349,4.4376
29.8074,0.9968,4.2682
29.8076,1.0243,4.3883
29.8078,1.0132,4.3426
29.8080,1.0208,4.3709
29.8082,1.0958,4.6945
29.8084,1.0717,4.5998
29.8086,0.9693,4.1603
29.8088,0.8946,3.8397
29.8090,0.9571,4.1116
29.8092,0.8385,3.6072
29.8094,0.7964,3.4198
29.8096,0.9114,3.9117
29.8098,0.9445,4.05
29.8100,1.0654,4.564
29.8102,1.0859,4.654
29.8104,1.029,4.4145
29.8106,1.0205,4.3698
29.8108,1.1118,4.7517
29.8110,1.1993,5.1306
29.8112,1.1739,5.0289
29.8114,1.1471,4.912
29.8116,1.0957,4.6983
29.8118,1.0371,4.449
29.8120,1.0101,4.3353
29.8122,0.9721,4.1741
29.8124,0.9681,4.1551
29.8126,0.9543,4.0979
29.8128,0.9572,4.1179
29.8130,0.8397,3.6157
29.8132,0.7725,3.3235
29.8134,0.7849,3.3735
29.8136,0.9215,3.9531
29.8138,1.0085,4.3245
29.8140,1.0097,4.3297
29.8142,1.0469,4.4953
29.8144,0.9747,4.1873
29.8146,0.9576,4.1079
29.8148,0.9893,4.2482
29.8150,1.0026,4.2993
29.8152,1.0433,4.4716
29.8154,1.0306,4.4212
29.8156,1.0393,4.4588
29.8158,1.0549,4.5235
29.8160,1.0513,4.5102
29.8162,1.0293,4.4176
29.8164,1.017,4.3651
29.8166,1.057,4.5344
29.8168,1.0426,4.4685
29.8170,1.0446,4.4772
29.8172,1.0475,4.4937
29.8174,1.0592,4.5484
29.8176,1.0921,4.6829
29.8178,1.0583,4.54
29.8180,1.0429,4.4763
29.8182,1.0526,4.5158
29.8184,1.0763,4.615
29.8186,1.0763,4.6172
29.8188,1.0781,4.6249
29.8190,1.0881,4.6703
29.8192,1.1091,4.7581
29.8194,1.0931,4.6914
29.8196,1.0264,4.4032
29.8198,1.0883,4.6643
29.8200,1.1133,4.7739
29.8202,1.1216,4.8139
29.8204,1.0964,4.6992
29.8206,1.0953,4.699
29.8208,1.1077,4.752
29.8210,1.0943,4.6922
29.8212,1.0975,4.706
29.8214,1.0642,4.5652
29.8216,1.0528,4.5185
29.8218,1.014,4.3543
29.8220,0.9977,4.2842
29.8222,0.9826,4.2272
29.8224,0.9416,4.0471
29.8226,0.9585,4.1178
29.8228,0.9446,4.0543
29.8230,0.991,4.2554
29.8232,0.9919,4.265
29.8234,0.9519,4.099
29.8236,0.9038,3.8865
29.8238,0.9341,4.0165
29.8240,0.9096,3.9131
29.8242,0.8602,3.7057
29.8244,0.7802,3.3643
29.8246,0.7018,3.0318
29.8248,0.7046,3.0423
29.8250,0.6709,2.8955
29.8252,0.6457,2.7855
29.8254,0.6729,2.9043
29.8256,0.6582,2.838
29.8258,0.6594,2.8458
29.8260,0.6911,2.9774
29.8262,0.7333,3.1607
29.8264,0.6907,2.9781
29.8266,0.7249,3.1289
29.8268,0.6725,2.9027
29.8270,0.6777,2.9195
29.8272,0.7084,3.0589
29.8274,0.6444,2.7798
29.8276,0.6597,2.8487
29.8278,0.6602,2.8454
29.8280,0.7392,3.186
29.8282,0.7579,3.2636
29.8284,0.7831,3.3752
29.8286,0.733,3.1518
29.8288,0.8508,3.6654
29.8290,0.7763,3.3364
29.8292,0.8357,3.597
29.8294,0.8843,3.8007
29.8296,1.0028,4.3059
29.8298,1.0577,4.5353
29.8300,1.1616,4.9672
29.8302,1.2993,5.561
29.8304,1.2367,5.2906
29.8306,1.2221,5.2305
29.8308,1.2594,5.3951
29.8310,1.2484,5.3459
29.8312,1.2511,5.3572
29.8314,1.2004,5.1448
29.8316,1.2216,5.2284
29.8318,1.262,5.3988
29.8320,1.2529,5.3649
29.8322,1.2119,5.1941
29.8324,1.2136,5.2013
29.8326,1.213,5.1963
29.8328,1.223,5.2395
29.8330,1.1754,5.0379
29.8332,1.1461,4.912
29.8334,1.1809,5.0639
29.8336,1.1989,5.1362
29.8338,1.1943,5.1186
29.8340,1.1967,5.1288
29.8342,1.2226,5.2374
29.8344,1.1807,5.0699
29.8346,1.1088,4.7588
29.8348,1.1026,4.7326
29.8350,1.0865,4.6631
29.8352,1.0925,4.6844
29.8354,1.1445,4.9122
29.8356,1.1096,4.7668
29.8358,1.0678,4.5871
29.8360,1.015,4.3624
29.8362,0.9757,4.1895
29.8364,1.0425,4.4825
29.8366,1.0138,4.3593
29.8368,0.9895,4.2547
29.8370,0.9173,3.9479
29.8372,0.8958,3.8574
29.8374,0.9668,4.1533
29.8376,1.0024,4.3043
29.8378,0.9758,4.1959
29.8380,0.9519,4.0914
29.8382,0.9789,4.2132
29.8384,0.9662,4.1566
29.8386,0.9498,4.084
29.8388,0.9685,4.1644
29.8390,0.9806,4.2145
29.8392,0.9771,4.2035
29.8394,0.967,4.1602
29.8396,0.9455,4.0692
29.8398,0.9345,4.0204
29.8400,1.0122,4.3465
29.8402,1.039,4.4655
29.8404,1.0213,4.3898
29.8406,1.0337,4.4387
29.8408,1.0902,4.6834
29.8410,1.0514,4.5233
29.8412,1.0357,4.4516
29.8414,1.0315,4.4356
29.8416,0.9884,4.252
29.8418,0.9797,4.2207
29.8420,0.8932,3.8389
29.8422,0.9492,4.0795
29.8424,0.9955,4.2765
29.8426,1.0844,4.6608
29.8428,1.0556,4.5414
29.8430,0.9763,4.1979
29.8432,0.9278,3.9989
29.8434,0.8592,3.7016
29.8436,0.8488,3.655
29.8438,0.8235,3.551
29.8440,0.8094,3.4916
29.8442,0.7826,3.3762
29.8444,0.7911,3.4129
29.8446,0.7878,3.3937
29.8448,0.8107,3.4956
29.8450,0.7915,3.4145
29.8452,0.7863,3.3891
29.8454,0.7784,3.3472
29.8456,0.8793,3.7843
29.8458,0.9499,4.0826
29.8460,1.0209,4.3938
29.8462,0.8631,3.7199
29.8464,0.7919,3.4129
29.8466,0.7956,3.4321
29.8468,0.7651,3.2946
29.8470,0.8251,3.5494
29.8472,0.8511,3.6699
29.8474,0.7935,3.4249
29.8476,0.7743,3.3343
29.8478,0.8649,3.719
29.8480,0.9438,4.0639
29.8482,0.8823,3.8008
29.8484,0.8594,3.697
29.8486,0.8842,3.8002
29.8488,1.003,4.3129
29.8490,1.0031,4.3134
29.8492,1.0481,4.5005
29.8494,1.0307,4.4279
29.8496,1.0181,4.3738
29.8498,1.0403,4.4649
29.8500,1.1013,4.7335
29.8502,1.0987,4.7222
29.8504,1.1166,4.7945
29.8506,1.1294,4.8451
29.8508,1.1049,4.7445
29.8510,1.1233,4.8166
29.8512,1.1553,4.9539
29.8514,1.1584,4.9742
29.8516,1.0752,4.6212
29.8518,1.0529,4.5211
29.8520,1.058,4.5475
29.8522,1.0453,4.4887
29.8524,1.1203,4.806
29.8526,1.1381,4.8803
29.8528,1.1326,4.8567
29.8530,1.1724,5.0274
29.8532,1.1584,4.9765
29.8534,1.1342,4.8702
29.8536,1.0869,4.6717
29.8538,1.0354,4.448
29.8540,1.0037,4.32
29.8542,0.9648,4.1484
29.8544,0.9909,4.2569
29.8546,1.0877,4.6748
29.8548,1.0251,4.4098
29.8550,1.038,4.4676
29.8552,0.9776,4.2036
29.8554,0.9742,4.1892
29.8556,1.0291,4.4253
29.8558,1.0601,4.5541
29.8560,1.0722,4.6061
29.8562,1.1065,4.7446
29.8564,1.1951,5.1293
29.8566,1.1712,5.0293
29.8568,1.1243,4.8235
29.8570,1.1523,4.9387
29.8572,1.1552,4.9626
29.8574,1.0607,4.5567
29.8576,1.0621,4.565
29.8578,1.0974,4.7121
29.8580,1.1029,4.7402
29.8582,1.0167,4.3798
29.8584,0.9879,4.244
29.8586,1.0625,4.5623
29.8588,1.0505,4.5171
29.8590,1.0397,4.4665
29.8592,1.0702,4.5952
29.8594,1.1592,4.9731
29.8596,1.1833,5.0765
29.8598,1.0757,4.6254
29.8600,0.97,4.177
29.8602,0.8935,3.8493
29.8604,0.8682,3.7386
29.8606,0.9283,3.9936
29.8608,1.0148,4.3675
29.8610,0.9881,4.247
29.8612,1.0638,4.5807
29.8614,0.9661,4.1561
29.8616,0.9282,3.993
29.8618,0.9112,3.9216
29.8620,0.9693,4.1758
29.8622,1.0148,4.3634
29.8624,1.0432,4.4773
29.8626,1.1046,4.743
29.8628,1.0982,4.7135
29.8630,1.1215,4.8134
29.8632,1.1832,5.0737
29.8634,1.1715,5.0256
29.8636,1.1892,5.1089
29.8638,1.1784,5.0672
29.8640,1.0507,4.5181
29.8642,0.9965,4.2871
29.8644,1.0036,4.3175
29.8646,1.0231,4.4016
29.8648,0.9399,4.0492
29.8650,0.8892,3.8343
29.8652,0.917,3.9561
29.8654,0.9225,3.9614
29.8656,1.103,4.7385
29.8658,1.1908,5.1037
29.8660,1.2285,5.2655
29.8662,1.1915,5.1115
29.8664,1.1351,4.8743
29.8666,1.1001,4.7284
29.8668,1.0807,4.6492
29.8670,1.051,4.515
29.8672,1.0787,4.6318
29.8674,1.1209,4.8153
29.8676,1.194,5.1152
29.8678,1.2552,5.3771
29.8680,1.2699,5.4479
29.8682,1.2359,5.3068
29.8684,1.189,5.1102
29.8686,1.1502,4.9392
29.8688,1.1088,4.7677
29.8690,1.0356,4.4469
29.8692,1.1243,4.8347
29.8694,1.0495,4.5172
29.8696,1.0362,4.4599
29.8698,1.059,4.5558
29.8700,1.0158,4.3661
29.8702,1.0728,4.613
29.8704,1.1132,4.7756
29.8706,1.2259,5.2591
29.8708,1.258,5.3945
29.8710,1.1937,5.1232
29.8712,1.2012,5.1652
29.8714,1.1203,4.8194
29.8716,1.0837,4.6621
29.8718,1.0674,4.5855
29.8720,1.1013,4.7291
29.8722,1.0504,4.5145
29.8724,1.0716,4.6078
29.8726,1.085,4.6699
29.8728,1.0505,4.5192
29.8730,1.0332,4.4449
29.8732,1.0308,4.4408
29.8734,0.965,4.1533
29.8736,0.9754,4.1963
29.8738,0.9796,4.2183
29.8740,1.0166,4.3793
29.8742,1.0414,4.48
29.8744,1.0564,4.5445
29.8746,1.0217,4.3954
29.8748,1.0199,4.3938
29.8750,0.9572,4.1217
29.8752,0.9115,3.9286
29.8754,0.8757,3.7794
29.8756,0.8856,3.8117
29.8758,1.0544,4.5278
29.8760,1.0308,4.4387
29.8762,0.9666,4.1697
29.8764,0.8988,3.8757
29.8766,0.8032,3.4684
29.8768,0.735,3.1738
29.8770,0.7481,3.2332
29.8772,0.7889,3.4031
29.8774,0.8685,3.7448
29.8776,0.8028,3.4631
29.8778,0.842,3.6356
29.8780,0.7471,3.2261
29.8782,0.7103,3.0686
29.8784,0.6926,2.9947
29.8786,0.6859,2.9643
29.8788,0.6927,2.9938
29.8790,0.7053,3.0426
29.8792,0.8025,3.4685
29.8794,0.6988,3.0174
29.8796,0.6958,3.0045
29.8798,0.7125,3.0779
29.8800,0.7077,3.0586
29.8802,0.6849,2.9588
29.8804,0.6947,3.0012
29.8806,0.7044,3.0446
29.8808,0.7265,3.1385
29.8810,0.703,3.0384
29.8812,0.696,3.0055
29.8814,0.6904,2.9771
29.8816,0.7281,3.1438
29.8818,0.7053,3.0454
29.8820,0.7903,3.4093
29.8822,0.8113,3.495
29.8824,0.8222,3.5453
29.8826,0.8169,3.5225
29.8828,0.7875,3.3974
29.8830,0.7928,3.4107
29.8832,0.8477,3.6537
29.8834,0.8066,3.4781
29.8836,0.8413,3.6292
29.8838,0.8351,3.6011
29.8840,0.7922,3.4176
29.8842,0.7893,3.4036
29.8844,0.7851,3.3855
29.8846,0.7957,3.431
29.8848,0.8173,3.5241
29.8850,0.8004,3.4528
29.8852,0.7839,3.3803
29.8854,0.7505,3.2421
29.8856,0.697,3.0111
29.8858,0.7398,3.1871
29.8860,0.7908,3.4067
29.8862,0.7835,3.3751
29.8864,0.7571,3.266
29.8866,0.6887,2.974
29.8868,0.6785,2.9327
29.8870,0.6634,2.866
29.8872,0.6525,2.8176
29.8874,0.6564,2.8328
29.8876,0.7043,3.0413
29.8878,0.7022,3.0263
29.8880,0.7773,3.3457
29.8882,0.9047,3.901
29.8884,0.8008,3.4548
29.8886,0.7681,3.3106
29.8888,0.8072,3.479
29.8890,0.7773,3.3472
29.8892,0.8143,3.5046
29.8894,0.8695,3.7391
29.8896,0.8825,3.8018
29.8898,0.9197,3.9583
29.8900,0.9481,4.0768
29.8902,0.9252,3.982
29.8904,0.9405,4.0481
29.8906,0.9365,4.0305
29.8908,0.9035,3.8904
29.8910,0.8452,3.6395
29.8912,0.7784,3.3597
29.8914,0.7604,3.2805
29.8916,0.7778,3.3493
29.8918,0.7871,3.3906
29.8920,0.7962,3.4299
29.8922,0.8512,3.6568
29.8924,0.9047,3.9028
29.8926,0.6992,3.0176
29.8928,0.6493,2.8049
29.8930,0.6825,2.9484
29.8932,0.6512,2.8119
29.8934,0.6839,2.9505
29.8936,0.6837,2.9549
29.8938,0.5934,2.5659
29.8940,0.5215,2.2559
29.8942,0.5201,2.2429
29.8944,0.6865,2.9641
29.8946,0.6787,2.9264
29.8948,0.7516,3.2422
29.8950,0.7156,3.0871
29.8952,0.7239,3.1213
29.8954,0.7152,3.0841
29.8956,0.7143,3.0757
29.8958,0.7391,3.1899
29.8960,0.6974,3.0057
29.8962,0.798,3.4376
29.8964,0.8101,3.4866
29.8966,0.8101,3.4914
29.8968,0.8455,3.6371
29.8970,0.9114,3.919
29.8972,0.906,3.894
29.8974,0.929,3.9929
29.8976,0.9808,4.2156
29.8978,1.0007,4.2971
29.8980,0.9962,4.2835
29.8982,0.9377,4.0282
29.8984,0.999,4.2939
29.8986,0.9737,4.1832
29.8988,0.9897,4.2458
29.8990,1.0392,4.4603
29.8992,1.0056,4.3263
29.8994,0.9632,4.1398
29.8996,0.9871,4.2463
29.8998,0.9174,3.9485
29.9000,0.898,3.8649
29.9002,0.8972,3.8582
29.9004,0.9175,3.9435
29.9006,0.9055,3.8956
29.9008,0.9026,3.885
29.9010,0.9246,3.9757
29.9012,0.9004,3.8716
29.9014,0.8662,3.7281
29.9016,0.8747,3.7612
29.9018,0.8778,3.7817
29.9020,0.8457,3.6398
29.9022,0.8823,3.7902
29.9024,0.9731,4.1826
29.9026,0.9742,4.195
29.9028,0.8815,3.7924
29.9030,0.9037,3.8806
29.9032,1.0028,4.3019
29.9034,1.0043,4.3226
29.9036,0.8415,3.6252
29.9038,0.8293,3.5725
29.9040,0.8409,3.6175
29.9042,0.8585,3.7037
29.9044,0.7895,3.401
29.9046,0.824,3.5481
29.9048,0.8307,3.5787
29.9050,0.8336,3.5911
29.9052,0.8403,3.6166
29.9054,0.8986,3.8638
29.9056,0.923,3.9727
29.9058,0.9162,3.9451
29.9060,0.8797,3.7811
29.9062,0.8737,3.7624
29.9064,0.8301,3.5777
29.9066,0.7687,3.3131
29.9068,0.6886,2.9734
29.9070,0.6508,2.809
29.9072,0.6489,2.8021
29.9074,0.6927,2.9841
29.9076,0.7536,3.2495
29.9078,0.7008,3.022
29.9080,0.702,3.0258
29.9082,0.7234,3.1192
29.9084,0.7186,3.1
29.9086,0.7154,3.0774
29.9088,0.9016,3.8785
29.9090,0.863,3.7193
29.9092,0.738,3.1808
29.9094,0.7724,3.3292
29.9096,0.7956,3.4273
29.9098,0.8182,3.52
29.9100,0.8369,3.6005
29.9102,0.8673,3.7327
29.9104,0.8347,3.599
29.9106,0.7444,3.2067
29.9108,0.749,3.2254
29.9110,0.7448,3.2133
29.9112,0.6878,2.9684
29.9114,0.683,2.9477
29.9116,0.695,2.9953
29.9118,0.7891,3.3994
29.9120,0.8403,3.6149
29.9122,0.8859,3.811
29.9124,0.8128,3.5001
29.9126,0.8211,3.5357
29.9128,0.805,3.4713
29.9130,0.6561,2.8358
29.9132,0.5875,2.5393
29.9134,0.5811,2.5102
29.9136,0.577,2.4914
29.9138,0.5818,2.5133
29.9140,0.6223,2.6859
29.9142,0.6035,2.6034
29.9144,0.5914,2.5535
29.9146,0.6363,2.7464
29.9148,0.6728,2.9037
29.9150,0.6236,2.6928
29.9152,0.5895,2.5405
29.9154,0.7056,3.0413
29.9156,0.6755,2.9156
29.9158,0.6528,2.8147
29.9160,0.6807,2.9352
29.9162,0.6873,2.9609
29.9164,0.6968,3.0059
29.9166,0.6964,3.0043
29.9168,0.6835,2.9498
29.9170,0.5926,2.5599
29.9172,0.5741,2.479
29.9174,0.5734,2.4736
29.9176,0.6343,2.7351
29.9178,0.5954,2.5711
29.9180,0.5615,2.4269
29.9182,0.5595,2.4169
29.9184,0.5544,2.393
29.9186,0.5971,2.5772
29.9188,0.6279,2.7077
29.9190,0.7084,3.0489
29.9192,0.7883,3.3926
29.9194,0.7517,3.2383
29.9196,0.7349,3.1689
29.9198,0.6785,2.9245
29.9200,0.701,3.0155
29.9202,0.7391,3.187
29.9204,0.6387,2.7555
29.9206,0.5747,2.4804
29.9208,0.5537,2.3876
29.9210,0.62,2.6723
29.9212,0.6576,2.8354
29.9214,0.6448,2.787
29.9216,0.5588,2.4138
29.9218,0.55,2.3727
29.9220,0.5518,2.3827
29.9222,0.5536,2.3893
29.9224,0.5638,2.4311
29.9226,0.6281,2.7082
29.9228,0.6609,2.8446
29.9230,0.7156,3.0842
29.9232,0.6278,2.7122
29.9234,0.5456,2.3558
29.9236,0.5384,2.3236
29.9238,0.5371,2.3179
29.9240,0.5537,2.3876
29.9242,0.618,2.6672
29.9244,0.557,2.4049
29.9246,0.5372,2.3184
29.9248,0.5373,2.319
29.9250,0.5839,2.5214
29.9252,0.559,2.4137
29.9254,0.5329,2.2998
29.9256,0.5287,2.2828
29.9258,0.5266,2.2718
29.9260,0.5259,2.2708
29.9262,0.5349,2.3086
29.9264,0.5357,2.3154
29.9266,0.4754,2.0538
29.9268,0.5049,2.1762
29.9270,0.542,2.3424
29.9272,0.4448,1.9217
29.9274,0.4361,1.8848
29.9276,0.4574,1.9761
29.9278,0.5235,2.2563
29.9280,0.5875,2.5334
29.9282,0.5516,2.3805
29.9284,0.5542,2.3919
29.9286,0.5733,2.4662
29.9288,0.7444,3.1993
29.9290,0.7709,3.3117
29.9292,0.8281,3.5574
29.9294,0.8765,3.7672
29.9296,0.824,3.5382
29.9298,0.8994,3.8585
29.9300,0.958,4.1062
29.9302,1.0368,4.4438
29.9304,1.036,4.4423
29.9306,1.0266,4.3981
29.9308,1.0215,4.376
29.9310,1.0213,4.3755
29.9312,1.0062,4.3208
29.9314,0.951,4.0739
29.9316,1.1054,4.7333
29.9318,1.0666,4.5691
29.9320,1.0664,4.5643
29.9322,1.1145,4.7724
29.9324,1.0909,4.669
29.9326,1.0867,4.6576
29.9328,1.0777,4.6234
29.9330,1.0708,4.585
29.9332,1.069,4.5837
29.9334,0.9982,4.2803
29.9336,0.9926,4.2522
29.9338,1.0143,4.3512
29.9340,0.9433,4.0505
29.9342,0.9354,4.0165
29.9344,0.9276,3.983
29.9346,0.9693,4.1622
29.9348,0.9802,4.2032
29.9350,1.0055,4.3137
29.9352,1.0106,4.3373
29.9354,1.007,4.3219
29.9356,0.9549,4.1062
29.9358,0.871,3.747
29.9360,0.8831,3.7903
29.9362,0.9604,4.1241
29.9364,0.9582,4.1163
29.9366,0.882,3.7892
29.9368,0.8702,3.7416
29.9370,0.8577,3.688
29.9372,0.8841,3.7979
29.9374,0.8889,3.8239
29.9376,0.8335,3.5889
29.9378,0.8144,3.5052
29.9380,0.8354,3.5888
29.9382,0.841,3.6197
29.9384,0.7729,3.3281
29.9386,0.7803,3.3586
29.9388,0.8237,3.5454
29.9390,0.7802,3.3565
29.9392,0.8319,3.5822
29.9394,0.7741,3.3287
29.9396,0.7982,3.4371
29.9398,0.7407,3.1922
29.9400,0.6853,2.9521
29.9402,0.6747,2.908
29.9404,0.6966,3.0081
29.9406,0.5953,2.5706
29.9408,0.5733,2.4742
29.9410,0.5748,2.4821
29.9412,0.5981,2.5789
29.9414,0.6369,2.7452
29.9416,0.6397,2.7596
29.9418,0.6423,2.7684
29.9420,0.6978,2.9993
29.9422,0.7613,3.2796
29.9424,0.723,3.1148
29.9426,0.7215,3.1081
29.9428,0.7124,3.066
29.9430,0.7425,3.1955
29.9432,0.7495,3.2275
29.9434,0.6874,2.9614
29.9436,0.6319,2.7247
29.9438,0.5986,2.5834
29.9440,0.568,2.4526
29.9442,0.5439,2.3474
29.9444,0.539,2.324
29.9446,0.6398,2.7563
29.9448,0.6284,2.7135
29.9450,0.4841,2.0921
29.9452,0.4996,2.1585
29.9454,0.4771,2.0611
29.9456,0.4507,1.9498
29.9458,0.441,1.9078
29.9460,0.4446,1.9216
29.9462,0.4486,1.9387
29.9464,0.4476,1.9354
29.9466,0.446,1.9278
29.9468,0.4451,1.9228
29.9470,0.4478,1.9365
29.9472,0.4475,1.9331
29.9474,0.4626,1.9966
29.9476,0.5332,2.3024
29.9478,0.5014,2.1662
29.9480,0.4799,2.0692
29.9482,0.5595,2.4113
29.9484,0.551,2.3791
29.9486,0.4463,1.928
29.9488,0.4306,1.8618
29.9490,0.435,1.8793
29.9492,0.4601,1.9875
29.9494,0.4791,2.067
29.9496,0.5191,2.2403
29.9498,0.5493,2.3685
29.9500,0.6223,2.6821
29.9502,0.6082,2.6199
29.9504,0.5698,2.4581
29.9506,0.5657,2.4382
29.9508,0.5891,2.539
29.9510,0.5752,2.4813
29.9512,0.562,2.4222
29.9514,0.6088,2.6201
29.9516,0.6579,2.8343
29.9518,0.6603,2.8433
29.9520,0.6667,2.8694
29.9522,0.6843,2.9438
29.9524,0.7088,3.0519
29.9526,0.6895,2.966
29.9528,0.693,2.9843
29.9530,0.657,2.8315
29.9532,0.6064,2.6158
29.9534,0.5061,2.1844
29.9536,0.4872,2.1017
29.9538,0.4863,2.098
29.9540,0.5547,2.3907
29.9542,0.6211,2.6757
29.9544,0.6078,2.6208
29.9546,0.5877,2.534
29.9548,0.6022,2.5917
29.9550,0.6624,2.8481
29.9552,0.6747,2.9053
29.9554,0.6436,2.769
29.9556,0.6169,2.6564
29.9558,0.6299,2.7109
29.9560,0.663,2.8573
29.9562,0.6646,2.8606
29.9564,0.6522,2.8108
29.9566,0.5917,2.5492
29.9568,0.6154,2.6485
29.9570,0.7035,3.0264
29.9572,0.5837,2.5204
29.9574,0.4939,2.1346
29.9576,0.5198,2.2413
29.9578,0.5161,2.2284
29.9580,0.4902,2.1136
29.9582,0.5281,2.2812
29.9584,0.497,2.1421
29.9586,0.5537,2.3865
29.9588,0.5062,2.1849
29.9590,0.4707,2.0317
29.9592,0.4608,1.9906
29.9594,0.4215,1.8199
29.9596,0.4459,1.9246
29.9598,0.4722,2.0361
29.9600,0.5237,2.2605
29.9602,0.4309,1.8617
29.9604,0.3933,1.699
29.9606,0.3976,1.7161
29.9608,0.4248,1.8344
29.9610,0.4682,2.019
29.9612,0.5283,2.2791
29.9614,0.4904,2.1166
29.9616,0.4899,2.1126
29.9618,0.5604,2.411
29.9620,0.6513,2.8059
29.9622,0.6193,2.6655
29.9624,0.6366,2.7385
29.9626,0.7066,3.0398
29.9628,0.7293,3.1344
29.9630,0.7626,3.2776
29.9632,0.7555,3.2472
29.9634,0.7709,3.307
29.9636,0.8814,3.776
29.9638,0.947,4.0589
29.9640,0.9426,4.0474
29.9642,0.8676,3.7239
29.9644,0.8445,3.6212
29.9646,0.9357,4.0087
29.9648,0.9772,4.1884
29.9650,0.9372,4.0167
29.9652,0.9627,4.1262
29.9654,0.9874,4.2281
29.9656,1.0113,4.3384
29.9658,0.8953,3.8499
29.9660,0.8225,3.532
29.9662,0.8369,3.5905
29.9664,0.8833,3.7931
29.9666,0.8083,3.4756
29.9668,0.8457,3.6263
29.9670,0.9154,3.9269
29.9672,0.8627,3.7045
29.9674,0.8283,3.5584
29.9676,0.8269,3.5489
29.9678,0.8536,3.6688
29.9680,0.7594,3.2652
29.9682,0.8091,3.4727
29.9684,0.8637,3.7052
29.9686,0.9205,3.9545
29.9688,0.868,3.7272
29.9690,0.8435,3.6272
29.9692,0.8347,3.5857
29.9694,0.8456,3.6309
29.9696,0.842,3.6171
29.9698,0.8751,3.7523
29.9700,0.8965,3.8461
29.9702,0.8625,3.7104
29.9704,0.818,3.5125
29.9706,0.8734,3.7503
29.9708,0.8767,3.7682
29.9710,0.848,3.6412
29.9712,0.8392,3.6019
29.9714,0.8128,3.4936
29.9716,0.7925,3.4091
29.9718,0.8074,3.4704
29.9720,0.8493,3.6519
29.9722,0.7487,3.2208
29.9724,0.7482,3.2173
29.9726,0.8349,3.5901
29.9728,0.7939,3.4121
29.9730,0.7703,3.3106
29.9732,0.773,3.3256
29.9734,0.7711,3.3189
29.9736,0.7577,3.2595
29.9738,0.7685,3.3044
29.9740,0.7823,3.3668
29.9742,0.6963,2.9982
29.9744,0.6498,2.8018
29.9746,0.6001,2.5865
29.9748,0.6174,2.6585
29.9750,0.6639,2.8548
29.9752,0.7747,3.3235
29.9754,0.8767,3.7753
29.9756,0.6999,3.0165
29.9758,0.6707,2.8909
29.9760,0.6698,2.8814
29.9762,0.7234,3.1106
29.9764,0.7392,3.1801
29.9766,0.7073,3.0485
29.9768,0.6628,2.8568
29.9770,0.6363,2.7439
29.9772,0.5531,2.3862
29.9774,0.5362,2.3143
29.9776,0.5321,2.2946
29.9778,0.5375,2.3168
29.9780,0.5404,2.3303
29.9782,0.5415,2.3338
29.9784,0.6055,2.611
29.9786,0.6631,2.8552
29.9788,0.7103,3.06
29.9790,0.5854,2.5241
29.9792,0.5375,2.3189
29.9794,0.5254,2.2656
29.9796,0.5263,2.2714
29.9798,0.5306,2.2889
29.9800,0.5302,2.2863
29.9802,0.5264,2.2708
29.9804,0.5305,2.2895
29.9806,0.5261,2.2708
29.9808,0.5236,2.2579
29.9810,0.5323,2.294
29.9812,0.5905,2.5452
29.9814,0.5487,2.367
29.9816,0.5309,2.2905
29.9818,0.5856,2.5205
29.9820,0.7032,3.0225
29.9822,0.714,3.0789
29.9824,0.5618,2.4223
29.9826,0.5366,2.3137
29.9828,0.5371,2.3169
29.9830,0.5377,2.3173
29.9832,0.5369,2.3153
29.9834,0.5325,2.2972
29.9836,0.5315,2.2931
29.9838,0.5249,2.2625
29.9840,0.5348,2.3049
29.9842,0.5229,2.2558
29.9844,0.5207,2.2465
29.9846,0.5236,2.2568
29.9848,0.5283,2.277
29.9850,0.5337,2.3024
29.9852,0.5916,2.5487
29.9854,0.629,2.7098
29.9856,0.6306,2.714
29.9858,0.6939,2.9865
29.9860,0.647,2.7873
29.9862,0.62,2.6723
29.9864,0.606,2.6094
29.9866,0.5843,2.5195
29.9868,0.5716,2.4624
29.9870,0.638,2.7422
29.9872,0.6457,2.7829
29.9874,0.5636,2.4289
29.9876,0.5742,2.4738
29.9878,0.5799,2.498
29.9880,0.589,2.5385
29.9882,0.5634,2.4261
29.9884,0.593,2.5525
29.9886,0.7054,3.0318
29.9888,0.7615,3.2715
29.9890,0.7574,3.254
29.9892,0.7657,3.2864
29.9894,0.7896,3.3889
29.9896,0.7863,3.3765
29.9898,0.7996,3.4353
29.9900,0.7404,3.1897
29.9902,0.6103,2.6292
29.9904,0.5945,2.5599
29.9906,0.6024,2.5927
29.9908,0.6535,2.8152
29.9910,0.6149,2.6489
29.9912,0.6227,2.6812
29.9914,0.5885,2.5364
29.9916,0.5494,2.3668
29.9918,0.5701,2.4596
29.9920,0.5543,2.3902
29.9922,0.5715,2.4607
29.9924,0.5813,2.5042
29.9926,0.603,2.5941
29.9928,0.5839,2.5179
29.9930,0.5125,2.2108
29.9932,0.5137,2.216
29.9934,0.5025,2.1649
29.9936,0.5637,2.4294
29.9938,0.5652,2.4407
29.9940,0.4729,2.0401
29.9942,0.4866,2.0981
29.9944,0.4933,2.1251
29.9946,0.542,2.3359
29.9948,0.5109,2.201
29.9950,0.5745,2.4759
29.9952,0.5588,2.4049
29.9954,0.633,2.7218
29.9956,0.7318,3.1437
29.9958,0.7995,3.4316
29.9960,0.7829,3.36
29.9962,0.873,3.7401
29.9964,0.9578,4.1051
29.9966,0.9449,4.0515
29.9968,0.9254,3.9701
29.9970,0.9154,3.9269
29.9972,0.9038,3.8775
29.9974,0.8969,3.8477
29.9976,0.8662,3.7125
29.9978,0.9477,4.0601
29.9980,0.9799,4.1997
29.9982,0.9807,4.2033
29.9984,0.9577,4.1027
29.9986,0.9644,4.1295
29.9988,0.9998,4.283
29.9990,0.9716,4.1701
29.9992,0.8848,3.7957
29.9994,0.9484,4.0632
29.9996,0.9638,4.1328
29.9998,0.9246,3.9702
30.0000,0.8832,3.7925
30.0002,0.8758,3.7571
30.0004,0.8546,3.6712
30.0006,0.8393,3.6007
30.0008,0.8016,3.4499
30.0010,0.7233,3.1115
30.0012,0.7079,3.0441
30.0014,0.6842,2.9433
30.0016,0.7113,3.0628
30.0018,0.7439,3.1972
30.0020,0.7862,3.3807
30.0022,0.7193,3.093
30.0024,0.735,3.162
30.0026,0.7571,3.2509
30.0028,0.7783,3.3467
30.0030,0.7379,3.1744
30.0032,0.77,3.3127
30.0034,0.7651,3.2885
30.0036,0.7686,3.3049
30.0038,0.7667,3.2952
30.0040,0.7972,3.425
30.0042,0.7775,3.3384
30.0044,0.76,3.2663
30.0046,0.7326,3.1532
30.0048,0.7395,3.1826
30.0050,0.7034,3.0273
30.0052,0.6827,2.9371
30.0054,0.6791,2.9244
30.0056,0.7139,3.0684
30.0058,0.8034,3.4496
30.0060,0.7808,3.3591
30.0062,0.7273,3.1319
30.0064,0.7246,3.1172
30.0066,0.6737,2.9038
30.0068,0.5901,2.5443
30.0070,0.5965,2.5698
30.0072,0.5947,2.5609
30.0074,0.6281,2.7057
30.0076,0.6341,2.7353
30.0078,0.5379,2.3183
30.0080,0.5308,2.29
30.0082,0.5324,2.2967
30.0084,0.5914,2.5464
30.0086,0.6517,2.8048
30.0088,0.6114,2.6351
30.0090,0.618,2.6574
30.0092,0.6875,2.9592
30.0094,0.6367,2.7429
30.0096,0.6511,2.8036
30.0098,0.6516,2.8069
30.0100,0.6395,2.7522
30.0102,0.6519,2.8098
30.0104,0.6038,2.6001
30.0106,0.6384,2.7463
30.0108,0.6815,2.9333
30.0110,0.6044,2.6051
30.0112,0.5553,2.3933
30.0114,0.6157,2.6525
30.0116,0.6609,2.8419
30.0118,0.71,3.0585
30.0120,0.5832,2.516
30.0122,0.5389,2.3235
30.0124,0.5414,2.3344
30.0126,0.5672,2.4444
30.0128,0.5796,2.497
30.0130,0.5813,2.5031
30.0132,0.6295,2.7144
30.0134,0.6145,2.6486
30.0136,0.5797,2.501
30.0138,0.4806,2.0742
30.0140,0.4825,2.0815
30.0142,0.4669,2.0142
30.0144,0.5078,2.1917
30.0146,0.4704,2.0311
30.0148,0.4879,2.1028
30.0150,0.4975,2.1481
30.0152,0.4526,1.9536
30.0154,0.4849,2.0899
30.0156,0.5395,2.324
30.0158,0.5542,2.3864
30.0160,0.5459,2.3551
30.0162,0.5453,2.3525
30.0164,0.5143,2.2196
30.0166,0.4558,1.9671
30.0168,0.4559,1.9685
30.0170,0.458,1.9751
30.0172,0.5373,2.3147
30.0174,0.542,2.3359
30.0176,0.55,2.3716
30.0178,0.55,2.3705
30.0180,0.5499,2.3689
30.0182,0.5642,2.4292
30.0184,0.5445,2.3489
30.0186,0.5175,2.2294
30.0188,0.5866,2.5234
30.0190,0.6192,2.6675
30.0192,0.6245,2.6864
30.0194,0.5933,2.5594
30.0196,0.5016,2.1617
30.0198,0.5265,2.2713
30.0200,0.52,2.2403
30.0202,0.6114,2.6302
30.0204,0.664,2.8553
30.0206,0.6417,2.7607
30.0208,0.6032,2.5964
30.0210,0.5891,2.5355
30.0212,0.5868,2.5257
30.0214,0.5767,2.4846
30.0216,0.6055,2.6049
30.0218,0.6233,2.6838
30.0220,0.5848,2.518
30.0222,0.6172,2.6525
30.0224,0.7115,3.0581
30.0226,0.633,2.7281
30.0228,0.5246,2.2641
30.0230,0.4896,2.112
30.0232,0.4824,2.079
30.0234,0.5158,2.2253
30.0236,0.4933,2.1271
30.0238,0.5065,2.1839
30.0240,0.4934,2.1266
30.0242,0.4839,2.0858
30.0244,0.4701,2.0282
30.0246,0.4695,2.0247
30.0248,0.5172,2.2279
30.0250,0.5785,2.4935
30.0252,0.4748,2.0465
30.0254,0.468,2.0189
30.0256,0.4724,2.038
30.0258,0.4773,2.0583
30.0260,0.4417,1.9039
30.0262,0.5435,2.3448
30.0264,0.4715,2.0377
30.0266,0.3872,1.6726
30.0268,0.3917,1.6915
30.0270,0.3845,1.6604
30.0272,0.3914,1.6899
30.0274,0.4222,1.8213
30.0276,0.4841,2.0843
30.0278,0.5254,2.2635
30.0280,0.4847,2.0898
30.0282,0.5061,2.1773
30.0284,0.6895,2.966
30.0286,0.701,3.0127
30.0288,0.6742,2.8938
30.0290,0.7439,3.1972
30.0292,0.7598,3.2612
30.0294,0.7966,3.4208
30.0296,0.7638,3.2767
30.0298,0.802,3.4456
30.0300,0.7747,3.3266
30.0302,0.785,3.3709
30.0304,0.8018,3.4413
30.0306,0.8583,3.6734
30.0308,0.9526,4.0754
30.0310,0.97,4.1498
30.0312,0.999,4.2739
30.0314,0.9868,4.2236
30.0316,0.9895,4.2388
30.0318,0.9931,4.2542
30.0320,0.9725,4.1664
30.0322,0.9642,4.1304
30.0324,0.965,4.1379
30.0326,0.9248,3.9638
30.0328,0.8716,3.7391
30.0330,0.8351,3.5861
30.0332,0.8184,3.5156
30.0334,0.8095,3.4759
30.0336,0.8402,3.6027
30.0338,0.9144,3.9246
30.0340,0.8803,3.7714
30.0342,0.9032,3.8713
30.0344,0.9413,4.0361
30.0346,0.9345,4.0092
30.0348,0.9676,4.1492
30.0350,0.9247,3.967
30.0352,0.8818,3.7793
30.0354,0.9026,3.8741
30.0356,0.8363,3.5912
30.0358,0.7939,3.4106
30.0360,0.7966,3.4224
30.0362,0.8167,3.5052
30.0364,0.8674,3.7228
30.0366,0.8737,3.7501
30.0368,0.8921,3.8253
30.0370,0.9287,3.984
30.0372,0.8495,3.6496
30.0374,0.7827,3.3658
30.0376,0.7808,3.3544
30.0378,0.8408,3.6086
30.0380,0.8185,3.5194
30.0382,0.7952,3.4146
30.0384,0.8639,3.7148
30.0386,0.7365,3.1638
30.0388,0.7717,3.3168
30.0390,0.7843,3.3693
30.0392,0.792,3.4023
30.0394,0.8097,3.4818
30.0396,0.7809,3.3565
30.0398,0.8151,3.5034
30.0400,0.7271,3.128
30.0402,0.674,2.8995
30.0404,0.6716,2.8905
30.0406,0.7201,3.0981
30.0408,0.6971,3.0004
30.0410,0.6837,2.944
30.0412,0.6818,2.9344
30.0414,0.6737,2.8958
30.0416,0.7911,3.3987
30.0418,0.8067,3.4721
30.0420,0.6913,2.9738
30.0422,0.665,2.8621
30.0424,0.6459,2.7852
30.0426,0.6062,2.6141
30.0428,0.5825,2.5117
30.0430,0.5793,2.4931
30.0432,0.6409,2.7622
30.0434,0.5574,2.4026
30.0436,0.5441,2.3474
30.0438,0.5528,2.3846
30.0440,0.5385,2.3231
30.0442,0.5381,2.3215
30.0444,0.5343,2.3039
30.0446,0.5336,2.3029
30.0448,0.5415,2.3317
30.0450,0.646,2.778
30.0452,0.6788,2.9228
30.0454,0.6065,2.6151
30.0456,0.539,2.3251
30.0458,0.5409,2.3334
30.0460,0.5349,2.3065
30.0462,0.5324,2.2956
30.0464,0.5711,2.4638
30.0466,0.5513,2.3773
30.0468,0.5341,2.3028
30.0470,0.5309,2.2905
30.0472,0.5278,2.2717
30.0474,0.6046,2.6081
30.0476,0.5444,2.3484
30.0478,0.5441,2.3452
30.0480,0.5584,2.4067
30.0482,0.6014,2.5886
30.0484,0.6197,2.6695
30.0486,0.5594,2.4097
30.0488,0.561,2.4147
30.0490,0.635,2.7318
30.0492,0.643,2.769
30.0494,0.6414,2.7617
30.0496,0.6517,2.8035
30.0498,0.6508,2.7999
30.0500,0.6516,2.8043
30.0502,0.6699,2.8846
30.0504,0.689,2.964
30.0506,0.656,2.8247
30.0508,0.6242,2.6879
30.0510,0.6213,2.6755
30.0512,0.636,2.7372
30.0514,0.6746,2.9007
30.0516,0.7399,3.1758
30.0518,0.8054,3.4584
30.0520,0.7823,3.3606
30.0522,0.805,3.4552
30.0524,0.8095,3.4775
30.0526,0.8168,3.5138
30.0528,0.7742,3.3338
30.0530,0.5974,2.5746
30.0532,0.5695,2.4536
30.0534,0.6245,2.6864
30.0536,0.6578,2.8285
30.0538,0.6451,2.7777
30.0540,0.6462,2.7824
30.0542,0.667,2.8709
30.0544,0.6701,2.883
30.0546,0.6897,2.9684
30.0548,0.6783,2.9194
30.0550,0.6747,2.9012
30.0552,0.7118,3.0563
30.0554,0.7675,3.3003
30.0556,0.7242,3.1156
30.0558,0.7341,3.1564
30.0560,0.7492,3.2244
30.0562,0.6739,2.899
30.0564,0.5801,2.4991
30.0566,0.5883,2.5295
30.0568,0.6333,2.7297
30.0570,0.6269,2.7005
30.0572,0.591,2.5461
30.0574,0.5989,2.5814
30.0576,0.5086,2.1953
30.0578,0.4785,2.0663
30.0580,0.5287,2.2785
30.0582,0.5576,2.4042
30.0584,0.4916,2.1208
30.0586,0.4893,2.111
30.0588,0.4793,2.0685
30.0590,0.4528,1.9532
30.0592,0.5163,2.2263
30.0594,0.4573,1.9765
30.0596,0.4114,1.7748
30.0598,0.4512,1.9474
30.0600,0.3975,1.7171
30.0602,0.3936,1.7006
30.0604,0.409,1.7644
30.0606,0.4445,1.9184
30.0608,0.4988,2.1508
30.0610,0.5273,2.275
30.0612,0.4856,2.093
30.0614,0.5428,2.3362
30.0616,0.6613,2.8461
30.0618,0.6511,2.7984
30.0620,0.6976,2.9969
30.0622,0.727,3.1231
30.0624,0.7717,3.3137
30.0626,0.8344,3.5847
30.0628,0.776,3.3323
30.0630,0.8314,3.5635
30.0632,0.9182,3.9355
30.0634,0.9307,3.9871
30.0636,0.9338,3.9986
30.0638,0.9585,4.1082
30.0640,0.9632,4.1302
30.0642,0.9978,4.2768
30.0644,0.9522,4.0791
30.0646,0.9667,4.1412
30.0648,0.9827,4.2101
30.0650,0.96,4.1105
30.0652,0.9772,4.1864
30.0654,0.9579,4.1095
30.0656,0.8933,3.8376
30.0658,0.8981,3.851
30.0660,0.9004,3.8626
30.0662,0.8821,3.7861
30.0664,0.8818,3.7811
30.0666,0.9084,3.8934
30.0668,0.9249,3.9699
30.0670,0.8365,3.6001
30.0672,0.7384,3.1794
30.0674,0.6809,2.9308
30.0676,0.7114,3.0547
30.0678,0.8287,3.5566
30.0680,0.8627,3.7062
30.0682,0.8018,3.4413
30.0684,0.8369,3.5972
30.0686,0.7699,3.3075
30.0688,0.8044,3.4623
30.0690,0.7559,3.2488
30.0692,0.7952,3.4162
30.0694,0.7859,3.376
30.0696,0.7338,3.1569
30.0698,0.7201,3.0966
30.0700,0.7588,3.2672
30.0702,0.718,3.0888
30.0704,0.7207,3.0992
30.0706,0.7478,3.2172
30.0708,0.7178,3.0949
30.0710,0.6054,2.6093
30.0712,0.6619,2.8461
30.0714,0.7462,3.207
30.0716,0.7766,3.3426
30.0718,0.7072,3.0452
30.0720,0.6608,2.8454
30.0722,0.6645,2.8614
30.0724,0.6613,2.8488
30.0726,0.6914,2.9729
30.0728,0.7534,3.2349
30.0730,0.7833,3.3668
30.0732,0.7933,3.408
30.0734,0.7995,3.438
30.0736,0.7512,3.2317
30.0738,0.7528,3.2339
30.0740,0.748,3.2178
30.0742,0.7203,3.0972
30.0744,0.7326,3.1488
30.0746,0.6966,3.0039
30.0748,0.5925,2.5546
30.0750,0.6102,2.6263
30.0752,0.6779,2.9165
30.0754,0.7138,3.0736
30.0756,0.603,2.605
30.0758,0.4767,2.0557
30.0760,0.5047,2.1792
30.0762,0.435,1.8801
30.0764,0.4538,1.9579
30.0766,0.5666,2.4407
30.0768,0.5875,2.5323
30.0770,0.5471,2.3581
30.0772,0.5572,2.4038
30.0774,0.5508,2.3741
30.0776,0.5697,2.4541
30.0778,0.5422,2.3391
30.0780,0.466,2.012
30.0782,0.4594,1.9835
30.0784,0.4632,2.001
30.0786,0.451,1.9464
30.0788,0.4487,1.9365
30.0790,0.4459,1.9246
30.0792,0.4538,1.9597
30.0794,0.4519,1.9496
30.0796,0.45,1.9413
30.0798,0.4586,1.9776
30.0800,0.5106,2.1995
30.0802,0.548,2.365
30.0804,0.4915,2.1223
30.0806,0.4534,1.9549
30.0808,0.4889,2.1079
30.0810,0.4682,2.019
30.0812,0.5359,2.3106
30.0814,0.5487,2.3626
30.0816,0.5385,2.322
30.0818,0.5321,2.2956
30.0820,0.5049,2.1772
30.0822,0.5252,2.2646
30.0824,0.5155,2.2227
30.0826,0.5148,2.2196
30.0828,0.5155,2.2217
30.0830,0.5114,2.2041
30.0832,0.5336,2.2986
30.0834,0.5401,2.3265
30.0836,0.5373,2.3168
30.0838,0.5173,2.2305
30.0840,0.5331,2.2987
30.0842,0.5217,2.2475
30.0844,0.5416,2.3343
30.0846,0.5354,2.3085
30.0848,0.5236,2.2558
30.0850,0.5718,2.4623
30.0852,0.5791,2.4915
30.0854,0.588,2.5332
30.0856,0.5691,2.4527
30.0858,0.5457,2.3519
30.0860,0.5549,2.3895
30.0862,0.5632,2.4251
30.0864,0.5522,2.3765
30.0866,0.5681,2.4463
30.0868,0.6264,2.6972
30.0870,0.5698,2.4535
30.0872,0.539,2.324
30.0874,0.5729,2.4669
30.0876,0.6201,2.6679
30.0878,0.6324,2.7205
30.0880,0.6077,2.613
30.0882,0.6735,2.8961
30.0884,0.6896,2.9665
30.0886,0.6685,2.8731
30.0888,0.6681,2.8755
30.0890,0.6416,2.7628
30.0892,0.6189,2.6652
30.0894,0.6409,2.7533
30.0896,0.7231,3.1023
30.0898,0.745,3.1989
30.0900,0.7628,3.2771
30.0902,0.7917,3.4029
30.0904,0.7454,3.2024
30.0906,0.7514,3.2312
30.0908,0.7374,3.1709
30.0910,0.6741,2.8987
30.0912,0.6724,2.8955
30.0914,0.5922,2.5501
30.0916,0.61,2.624
30.0918,0.6246,2.6907
30.0920,0.5289,2.2785
30.0922,0.5954,2.5604
30.0924,0.6658,2.8697
30.0926,0.5392,2.324
30.0928,0.4951,2.1318
30.0930,0.5025,2.1659
30.0932,0.5134,2.2108
30.0934,0.6026,2.5974
30.0936,0.57,2.458
30.0938,0.5278,2.2749
30.0940,0.5339,2.297
30.0942,0.6216,2.6778
30.0944,0.602,2.5924
30.0946,0.6168,2.651
30.0948,0.6421,2.761
30.0950,0.685,2.9456
30.0952,0.6802,2.9263
30.0954,0.6681,2.8742
30.0956,0.6752,2.8979
30.0958,0.7832,3.3616
30.0960,0.78,3.3414
30.0962,0.9715,4.1618
30.0964,0.9037,3.877
30.0966,0.8791,3.7662
30.0968,0.9375,4.0164
30.0970,0.9526,4.0868
30.0972,0.9213,3.9526
30.0974,0.9499,4.0674
30.0976,0.9698,4.1507
30.0978,0.9646,4.1344
30.0980,0.9676,4.1473
30.0982,0.9429,4.0433
30.0984,0.9094,3.9012
30.0986,0.9132,3.9176
30.0988,0.8947,3.842
30.0990,0.8948,3.8371
30.0992,0.9513,4.0774
30.0994,0.9428,4.0409
30.0996,0.9446,4.0429
30.0998,0.9868,4.2295
30.1000,0.9393,4.0316
30.1002,0.8844,3.7959
30.1004,0.8501,3.6521
30.1006,0.8017,3.444
30.1008,0.7925,3.4044
30.1010,0.7803,3.3477
30.1012,0.8839,3.7939
30.1014,0.8692,3.7306
30.1016,0.8228,3.5298
30.1018,0.8242,3.5376
30.1020,0.8855,3.7988
30.1022,0.9472,4.0599
30.1024,0.889,3.8244
30.1026,0.7073,3.0415
30.1028,0.7802,3.3503
30.1030,0.8323,3.5721
30.1032,0.8579,3.6822
30.1034,0.8462,3.6351
30.1036,0.7939,3.4137
30.1038,0.7897,3.3957
30.1040,0.7724,3.3183
30.1042,0.8192,3.5192
30.1044,0.8163,3.5036
30.1046,0.8396,3.6102
30.1048,0.7769,3.339
30.1050,0.7945,3.4131
30.1052,0.8001,3.4421
30.1054,0.7603,3.2709
30.1056,0.704,3.0313
30.1058,0.7023,3.0184
30.1060,0.7077,3.0444
30.1062,0.6796,2.9251
30.1064,0.6926,2.9822
30.1066,0.6687,2.8795
30.1068,0.6718,2.8915
30.1070,0.6657,2.8666
30.1072,0.6983,3.0028
30.1074,0.7263,3.1273
30.1076,0.6341,2.7277
30.1078,0.752,3.2308
30.1080,0.7872,3.3927
30.1082,0.6595,2.841
30.1084,0.6809,2.9267
30.1086,0.7595,3.2673
30.1088,0.7389,3.18
30.1090,0.6978,2.998
30.1092,0.7453,3.2034
30.1094,0.7106,3.054
30.1096,0.7261,3.1282
30.1098,0.697,3.0027
30.1100,0.6672,2.8728
30.1102,0.6233,2.685
30.1104,0.6537,2.8162
30.1106,0.6609,2.8459
30.1108,0.6632,2.8531
30.1110,0.6971,2.9949
30.1112,0.7872,3.3801
30.1114,0.8032,3.4523
30.1116,0.68,2.9362
30.1118,0.5407,2.3345
30.1120,0.5301,2.2868
30.1122,0.5337,2.3013
30.1124,0.5281,2.2781
30.1126,0.5258,2.2682
30.1128,0.5236,2.2568
30.1130,0.5265,2.2713
30.1132,0.538,2.3199
30.1134,0.5788,2.4957
30.1136,0.5445,2.3467
30.1138,0.5396,2.3256
30.1140,0.5413,2.3339
30.1142,0.5417,2.337
30.1144,0.6061,2.6051
30.1146,0.7333,3.1519
30.1148,0.7122,3.0726
30.1150,0.5675,2.4482
30.1152,0.5441,2.3474
30.1154,0.5387,2.323
30.1156,0.561,2.4169
30.1158,0.6302,2.715
30.1160,0.6375,2.7478
30.1162,0.5559,2.397
30.1164,0.53,2.2863
30.1166,0.535,2.3091
30.1168,0.5308,2.2868
30.1170,0.5767,2.4835
30.1172,0.6231,2.682
30.1174,0.665,2.8621
30.1176,0.6707,2.8856
30.1178,0.7213,3.0975
30.1180,0.7573,3.258
30.1182,0.6525,2.8111
30.1184,0.6362,2.7408
30.1186,0.6589,2.8371
30.1188,0.659,2.835
30.1190,0.6005,2.5905
30.1192,0.5796,2.4958
30.1194,0.6499,2.7958
30.1196,0.6689,2.8778
30.1198,0.717,3.0847
30.1200,0.6724,2.8955
30.1202,0.6607,2.8462
30.1204,0.6968,2.9947
30.1206,0.7366,3.1673
30.1208,0.705,3.0303
30.1210,0.703,3.0201
30.1212,0.7522,3.2358
30.1214,0.7207,3.1035
30.1216,0.73,3.1375
30.1218,0.7386,3.1746
30.1220,0.7094,3.0559
30.1222,0.6079,2.6213
30.1224,0.5644,2.4337
30.1226,0.5025,2.1679
30.1228,0.4736,2.0432
30.1230,0.4713,2.0343
30.1232,0.4842,2.0897
30.1234,0.485,2.0924
30.1236,0.4739,2.0442
30.1238,0.4764,2.0561
30.1240,0.4921,2.1229
30.1242,0.492,2.1224
30.1244,0.518,2.2305
30.1246,0.5977,2.5762
30.1248,0.5327,2.2972
30.1250,0.4814,2.0778
30.1252,0.4441,1.9169
30.1254,0.4717,2.034
30.1256,0.5287,2.2806
30.1258,0.4812,2.0768
30.1260,0.4056,1.7524
30.1262,0.3867,1.6705
30.1264,0.3889,1.6791
30.1266,0.3921,1.6923
30.1268,0.3933,1.699
30.1270,0.4302,1.8568
30.1272,0.4642,2.0014
30.1274,0.5205,2.2423
30.1276,0.5934,2.5552
30.1278,0.6519,2.7994
30.1280,0.6747,2.9012
30.1282,0.6447,2.7736
30.1284,0.6969,2.9966
30.1286,0.708,3.0446
30.1288,0.705,3.026
30.1290,0.838,3.5901
30.1292,0.9606,4.1093
30.1294,0.9632,4.1244
30.1296,0.9413,4.0361
30.1298,0.9372,4.0149
30.1300,0.9722,4.1629
30.1302,0.9722,4.1707
30.1304,0.9261,3.9695
30.1306,0.9809,4.2004
30.1308,0.9806,4.1969
30.1310,0.977,4.1834
30.1312,0.9534,4.0842
30.1314,0.9573,4.1031
30.1316,0.9375,4.0202
30.1318,0.8843,3.8007
30.1320,0.8553,3.6709
30.1322,0.8976,3.8454
30.1324,0.9271,3.9736
30.1326,0.9567,4.1005
30.1328,0.966,4.1362
30.1330,0.9809,4.2004
30.1332,0.9512,4.0826
30.1334,0.8532,3.6672
30.1336,0.873,3.747
30.1338,0.8224,3.5381
30.1340,0.746,3.211
30.1342,0.711,3.0589
30.1344,0.7411,3.1809
30.1346,0.8329,3.5746
30.1348,0.86,3.6961
30.1350,0.8038,3.4565
30.1352,0.8031,3.4502
30.1354,0.7915,3.3987
30.1356,0.7682,3.3034
30.1358,0.7856,3.3734
30.1360,0.7974,3.4223
30.1362,0.7948,3.4194
30.1364,0.7453,3.2064
30.1366,0.7616,3.2796
30.1368,0.6933,2.9825
30.1370,0.6847,2.9454
30.1372,0.7315,3.1456
30.1374,0.7528,3.2339
30.1376,0.7585,3.2556
30.1378,0.8344,3.583
30.1380,0.8475,3.6408
30.1382,0.7729,3.3281
30.1384,0.6863,2.9581
30.1386,0.66,2.8391
30.1388,0.6959,2.9925
30.1390,0.7758,3.3343
30.1392,0.8091,3.4744
30.1394,0.8419,3.6183
30.1396,0.7493,3.2234
30.1398,0.6914,2.977
30.1400,0.6942,2.9908
30.1402,0.7007,3.0145
30.1404,0.6803,2.9323
30.1406,0.6115,2.6369
30.1408,0.6243,2.6872
30.1410,0.7271,3.1207
30.1412,0.8032,3.4572
30.1414,0.6981,3.0101
30.1416,0.6252,2.6908
30.1418,0.5795,2.5
30.1420,0.5175,2.2346
30.1422,0.4999,2.1565
30.1424,0.5233,2.2553
30.1426,0.5501,2.3699
30.1428,0.5347,2.3097
30.1430,0.4603,1.9886
30.1432,0.4602,1.988
30.1434,0.4549,1.9653
30.1436,0.4464,1.9285
30.1438,0.4472,1.9312
30.1440,0.4459,1.9237
30.1442,0.4544,1.9614
30.1444,0.4636,2.0007
30.1446,0.4619,1.9925
30.1448,0.4595,1.9831
30.1450,0.4537,1.9592
30.1452,0.4614,1.9914
30.1454,0.461,1.9889
30.1456,0.4574,1.9743
30.1458,0.4514,1.9493
30.1460,0.4489,1.9376
30.1462,0.4464,1.9258
30.1464,0.4457,1.9227
30.1466,0.4668,2.0137
30.1468,0.491,2.1202
30.1470,0.4733,2.0417
30.1472,0.46,1.9842
30.1474,0.4474,1.9308
30.1476,0.4625,1.9951
30.1478,0.5314,2.2862
30.1480,0.6145,2.6449
30.1482,0.5418,2.3365
30.1484,0.4933,2.1271
30.1486,0.5478,2.3612
30.1488,0.5619,2.4206
30.1490,0.5809,2.5004
30.1492,0.5945,2.5611
30.1494,0.5811,2.5032
30.1496,0.5854,2.5183
30.1498,0.5936,2.5586
30.1500,0.5826,2.5088
30.1502,0.5987,2.5803
30.1504,0.5534,2.3828
30.1506,0.5441,2.3463
30.1508,0.5468,2.3544
30.1510,0.5989,2.5778
30.1512,0.6186,2.6575
30.1514,0.6863,2.954
30.1516,0.6243,2.6847
30.1518,0.6625,2.85
30.1520,0.674,2.8981
30.1522,0.6772,2.9121
30.1524,0.6913,2.9751
30.1526,0.6281,2.7044
30.1528,0.5456,2.3514
30.1530,0.5429,2.3389
30.1532,0.5984,2.5757
30.1534,0.5923,2.5506
30.1536,0.5817,2.507
30.1538,0.5784,2.4907
30.1540,0.61,2.6253
30.1542,0.6095,2.6195
30.1544,0.7038,3.0251
30.1546,0.748,3.2133
30.1548,0.7439,3.1958
30.1550,0.7293,3.1358
30.1552,0.7313,3.149
30.1554,0.6143,2.6451
30.1556,0.5921,2.5507
30.1558,0.6065,2.6103
30.1560,0.652,2.8077
30.1562,0.5915,2.5458
30.1564,0.542,2.337
30.1566,0.4863,2.099
30.1568,0.4812,2.0758
30.1570,0.4862,2.0966
30.1572,0.5137,2.2119
30.1574,0.5758,2.4805
30.1576,0.6251,2.689
30.1578,0.6962,2.9907
30.1580,0.6614,2.844
30.1582,0.6206,2.6712
30.1584,0.5047,2.1782
30.1586,0.427,1.8437
30.1588,0.4263,1.8415
30.1590,0.4209,1.8139
30.1592,0.4782,2.0638
30.1594,0.4329,1.8691
30.1596,0.415,1.7911
30.1598,0.4076,1.7574
30.1600,0.4186,1.8075
30.1602,0.4101,1.7715
30.1604,0.4175,1.8011
30.1606,0.4589,1.9768
30.1608,0.5247,2.2604
30.1610,0.5177,2.2305
30.1612,0.5718,2.4554
30.1614,0.6423,2.762
30.1616,0.6371,2.7368
30.1618,0.6842,2.942
30.1620,0.6341,2.7252
30.1622,0.6793,2.9208
30.1624,0.7356,3.1573
30.1626,0.7805,3.3482
30.1628,0.8339,3.5726
30.1630,0.9134,3.9132
30.1632,0.9598,4.1081
30.1634,0.9817,4.2035
30.1636,0.9933,4.2553
30.1638,0.9496,4.0664
30.1640,0.9273,3.9802
30.1642,0.849,3.6407
30.1644,0.92,3.9396
30.1646,0.9702,4.1542
30.1648,0.8905,3.824
30.1650,0.8219,3.5262
30.1652,0.8356,3.5881
30.1654,0.8324,3.5742
30.1656,0.8415,3.6117
30.1658,0.8361,3.5902
30.1660,0.8194,3.517
30.1662,0.8619,3.694
30.1664,0.9134,3.9223
30.1666,0.8476,3.6396
30.1668,0.8158,3.5032
30.1670,0.7944,3.4142
30.1672,0.7456,3.2045
30.1674,0.7622,3.2746
30.1676,0.7794,3.3435
30.1678,0.8067,3.4689
30.1680,0.7552,3.2457
30.1682,0.8052,3.459
30.1684,0.8813,3.7755
30.1686,0.9578,4.1032
30.1688,0.9499,4.0712
30.1690,0.9602,4.1193
30.1692,0.93,3.9822
30.1694,0.912,3.9143
30.1696,0.8421,3.6143
30.1698,0.8582,3.6867
30.1700,0.8578,3.6851
30.1702,0.8594,3.6867
30.1704,0.8674,3.7194
30.1706,0.8494,3.6457
30.1708,0.8451,3.6271
30.1710,0.8433,3.6211
30.1712,0.7881,3.3906
30.1714,0.6698,2.8828
30.1716,0.6901,2.9686
30.1718,0.7342,3.157
30.1720,0.7692,3.3029
30.1722,0.7796,3.3524
30.1724,0.7511,3.2282
30.1726,0.7564,3.2523
30.1728,0.7649,3.2874
30.1730,0.7661,3.2956
30.1732,0.7814,3.357
30.1734,0.7999,3.4363
30.1736,0.7644,3.2869
30.1738,0.7648,3.2839
30.1740,0.7654,3.2895
30.1742,0.7739,3.323
30.1744,0.8261,3.5491
30.1746,0.861,3.7059
30.1748,0.7766,3.3364
30.1750,0.7541,3.2456
30.1752,0.6655,2.8669
30.1754,0.6052,2.607
30.1756,0.6289,2.7106
30.1758,0.5582,2.4079
30.1760,0.5505,2.3737
30.1762,0.6228,2.683
30.1764,0.6341,2.7315
30.1766,0.6094,2.6275
30.1768,0.5438,2.3436
30.1770,0.5422,2.338
30.1772,0.5442,2.3479
30.1774,0.5642,2.4292
30.1776,0.6508,2.796
30.1778,0.7823,3.3637
30.1780,0.7073,3.0457
30.1782,0.6601,2.8423
30.1784,0.6367,2.7429
30.1786,0.5646,2.4347
30.1788,0.5368,2.3158
30.1790,0.5361,2.3116
30.1792,0.5411,2.3344
30.1794,0.5384,2.3193
30.1796,0.5349,2.3065
30.1798,0.5442,2.3479
30.1800,0.532,2.293
30.1802,0.5398,2.3266
30.1804,0.5372,2.3174
30.1806,0.5339,2.3023
30.1808,0.5432,2.34
30.1810,0.614,2.6465
30.1812,0.6139,2.6472
30.1814,0.5367,2.3132
30.1816,0.5257,2.2677
30.1818,0.5576,2.4031
30.1820,0.6131,2.6387
30.1822,0.5895,2.5394
30.1824,0.53,2.2863
30.1826,0.5235,2.2584
30.1828,0.5246,2.2631
30.1830,0.5236,2.2568
30.1832,0.5367,2.3142
30.1834,0.5343,2.3028
30.1836,0.5236,2.2558
30.1838,0.5201,2.2418
30.1840,0.5189,2.2377
30.1842,0.5259,2.2666
30.1844,0.5606,2.4138
30.1846,0.6154,2.6522
30.1848,0.5504,2.3732
30.1850,0.5574,2.3992
30.1852,0.6662,2.8673
30.1854,0.6694,2.8799
30.1856,0.6327,2.7195
30.1858,0.6972,3.001
30.1860,0.6401,2.7561
30.1862,0.6644,2.8556
30.1864,0.7082,3.0465
30.1866,0.6824,2.937
30.1868,0.6925,2.9789
30.1870,0.6869,2.9538
30.1872,0.6883,2.954
30.1874,0.7589,3.2586
30.1876,0.7524,3.2353
30.1878,0.7282,3.1326
30.1880,0.7212,3.0984
30.1882,0.7464,3.2096
30.1884,0.7282,3.1312
30.1886,0.7365,3.1682
30.1888,0.6683,2.8779
30.1890,0.6064,2.6086
30.1892,0.6408,2.7592
30.1894,0.6125,2.6385
30.1896,0.6068,2.613
30.1898,0.629,2.7098
30.1900,0.5965,2.571
30.1902,0.6,2.58
30.1904,0.6247,2.6912
30.1906,0.5716,2.4635
30.1908,0.5577,2.4036
30.1910,0.6062,2.6068
30.1912,0.695,2.9939
30.1914,0.6137,2.6474
30.1916,0.5198,2.2413
30.1918,0.5012,2.1582
30.1920,0.5357,2.3112
30.1922,0.5115,2.2077
30.1924,0.496,2.137
30.1926,0.5644,2.4303
30.1928,0.5501,2.3754
30.1930,0.4362,1.8853
30.1932,0.4044,1.7456
30.1934,0.3993,1.7249
30.1936,0.4016,1.7331
30.1938,0.4149,1.7898
30.1940,0.4642,1.9996
30.1942,0.53,2.2842
30.1944,0.529,2.279
30.1946,0.6121,2.6345
30.1948,0.6279,2.7027
30.1950,0.63,2.7089
30.1952,0.704,3.0256
30.1954,0.7228,3.1036
30.1956,0.7783,3.3389
30.1958,0.8168,3.504
30.1960,0.8213,3.5236
30.1962,0.9065,3.8834
30.1964,0.9656,4.1366
30.1966,0.9754,4.1807
30.1968,0.9636,4.1298
30.1970,0.9661,4.1329
30.1972,0.9826,4.2076
30.1974,0.9457,4.057
30.1976,0.9152,3.9264
30.1978,0.9601,4.1149
30.1980,0.9765,4.1814
30.1982,0.9853,4.2228
30.1984,0.9914,4.247
30.1986,0.9757,4.1759
30.1988,0.9672,4.1433
30.1990,0.9431,4.0419
30.1992,0.9604,4.1222
30.1994,0.9297,3.9886
30.1996,0.8874,3.8088
30.1998,0.8993,3.8597
30.2000,0.8885,3.817
30.2002,0.7742,3.3276
30.2004,0.7339,3.1574
30.2006,0.682,2.9368
30.2008,0.7049,3.0326
30.2010,0.7225,3.1041
30.2012,0.7878,3.3843
30.2014,0.7651,3.2885
30.2016,0.7353,3.1645
30.2018,0.7222,3.1025
30.2020,0.7942,3.4073
30.2022,0.8785,3.7742
30.2024,0.8173,3.5126
30.2026,0.8246,3.549
30.2028,0.7116,3.0615
30.2030,0.7353,3.1616
30.2032,0.7697,3.3065
30.2034,0.771,3.3153
30.2036,0.7137,3.0702
30.2038,0.7124,3.066
30.2040,0.6995,3.0122
30.2042,0.704,3.0284
30.2044,0.6854,2.9512
30.2046,0.6772,2.9175
30.2048,0.6166,2.6536
30.2050,0.6336,2.7256
30.2052,0.7072,3.0395
30.2054,0.77,3.3111
30.2056,0.7666,3.2992
30.2058,0.7233,3.1086
30.2060,0.7526,3.2394
30.2062,0.6971,3.0018
30.2064,0.6899,2.9695
30.2066,0.6937,2.9813
30.2068,0.7142,3.0709
30.2070,0.7175,3.0925
30.2072,0.599,2.5843
30.2074,0.5241,2.261
30.2076,0.5405,2.3319
30.2078,0.5674,2.4466
30.2080,0.5807,2.5017
30.2082,0.5969,2.5702
30.2084,0.6419,2.7664
30.2086,0.616,2.656
30.2088,0.5652,2.4373
30.2090,0.6096,2.6286
30.2092,0.6043,2.607
30.2094,0.5746,2.4765
30.2096,0.5783,2.4925
30.2098,0.5604,2.4155
30.2100,0.5718,2.4623
30.2102,0.6288,2.7075
30.2104,0.5655,2.4383
30.2106,0.5319,2.2935
30.2108,0.5327,2.2972
30.2110,0.5441,2.3452
30.2112,0.5681,2.4474
30.2114,0.6239,2.6876
30.2116,0.5654,2.4355
30.2118,0.5522,2.3798
30.2120,0.5631,2.4257
30.2122,0.5504,2.3732
30.2124,0.5573,2.402
30.2126,0.604,2.6043
30.2128,0.4999,2.1575
30.2130,0.4693,2.0227
30.2132,0.5243,2.2631
30.2134,0.4612,1.9913
30.2136,0.4489,1.9376
30.2138,0.4476,1.9301
30.2140,0.4516,1.9507
30.2142,0.4504,1.9456
30.2144,0.4439,1.9158
30.2146,0.4648,2.004
30.2148,0.5181,2.2351
30.2150,0.4813,2.0773
30.2152,0.4531,1.9548
30.2154,0.4472,1.9294
30.2156,0.4592,1.9811
30.2158,0.4649,2.0055
30.2160,0.465,2.0078
30.2162,0.4631,1.9986
30.2164,0.4632,1.9973
30.2166,0.491,2.1163
30.2168,0.557,2.3994
30.2170,0.6041,2.6012
30.2172,0.5791,2.4926
30.2174,0.5324,2.2967
30.2176,0.4644,2.0034
30.2178,0.4591,1.9806
30.2180,0.4578,1.9749
30.2182,0.4938,2.1272
30.2184,0.5706,2.4548
30.2186,0.6446,2.7744
30.2188,0.5861,2.5226
30.2190,0.5789,2.4927
30.2192,0.5448,2.3494
30.2194,0.4916,2.1208
30.2196,0.4872,2.1007
30.2198,0.4895,2.1105
30.2200,0.4857,2.0945
30.2202,0.4935,2.1281
30.2204,0.5281,2.2728
30.2206,0.5741,2.4709
30.2208,0.6179,2.6581
30.2210,0.6713,2.8855
30.2212,0.7432,3.1912
30.2214,0.7699,3.3075
30.2216,0.798,3.4313
30.2218,0.6573,2.8304
30.2220,0.574,2.4704
30.2222,0.5903,2.5418
30.2224,0.5709,2.4593
30.2226,0.5651,2.4345
30.2228,0.5682,2.4457
30.2230,0.5823,2.5072
30.2232,0.5723,2.4666
30.2234,0.553,2.3845
30.2236,0.4842,2.0868
30.2238,0.4677,2.016
30.2240,0.4733,2.0407
30.2242,0.5066,2.1845
30.2244,0.5261,2.2666
30.2246,0.5114,2.201
30.2248,0.559,2.4115
30.2250,0.4377,1.8898
30.2252,0.391,1.6876
30.2254,0.3872,1.6718
30.2256,0.3958,1.7067
30.2258,0.4002,1.7282
30.2260,0.4014,1.7334
30.2262,0.396,1.7093
30.2264,0.4233,1.826
30.2266,0.3992,1.7236
30.2268,0.402,1.7344
30.2270,0.4442,1.9147
30.2272,0.4911,2.1138
30.2274,0.5379,2.3151
30.2276,0.5543,2.3858
30.2278,0.6287,2.7058
30.2280,0.6314,2.7126
30.2282,0.7022,3.0179
30.2284,0.7174,3.0833
30.2286,0.6984,3.0019
30.2288,0.7172,3.078
30.2290,0.773,3.3147
30.2292,0.8362,3.5874
30.2294,0.8508,3.6484
30.2296,0.8306,3.5632
30.2298,0.8519,3.6548
30.2300,0.8487,3.6392
30.2302,0.8395,3.5929
30.2304,0.9745,4.1707
30.2306,0.951,4.0701
30.2308,0.9613,4.1162
30.2310,1.0094,4.3221
30.2312,0.973,4.1665
30.2314,0.9737,4.1754
30.2316,0.8998,3.8618
30.2318,0.8512,3.6466
30.2320,0.9072,3.8846
30.2322,0.9541,4.0873
30.2324,0.9483,4.0645
30.2326,0.9432,4.0405
30.2328,0.9827,4.2101
30.2330,0.9799,4.1977
30.2332,0.9446,4.0543
30.2334,0.8446,3.6268
30.2336,0.8182,3.5102
30.2338,0.8205,3.52
30.2340,0.8186,3.515
30.2342,0.8546,3.6661
30.2344,0.8802,3.7779
30.2346,0.8727,3.7455
30.2348,0.8197,3.5213
30.2350,0.782,3.3611
30.2352,0.7856,3.3719
30.2354,0.8453,3.6248
30.2356,0.8976,3.8489
30.2358,0.8891,3.8213
30.2360,0.8181,3.5162
30.2362,0.7937,3.4111
30.2364,0.8078,3.4622
30.2366,0.8897,3.8186
30.2368,0.8806,3.7812
30.2370,0.8546,3.678
30.2372,0.758,3.2596
30.2374,0.7724,3.3183
30.2376,0.814,3.4938
30.2378,0.835,3.5822
30.2380,0.87,3.7359
30.2382,0.8181,3.5146
30.2384,0.8016,3.4467
30.2386,0.7685,3.3029
30.2388,0.8288,3.5605
30.2390,0.8289,3.5643
30.2392,0.7809,3.3549
30.2394,0.7946,3.4136
30.2396,0.7607,3.274
30.2398,0.692,2.9796
30.2400,0.689,2.964
30.2402,0.7219,3.1058
30.2404,0.6779,2.9179
30.2406,0.7472,3.2087
30.2408,0.8139,3.5015
30.2410,0.7115,3.0595
30.2412,0.6925,2.9831
30.2414,0.6379,2.7429
30.2416,0.6939,2.9879
30.2418,0.6242,2.6929
30.2420,0.5321,2.2956
30.2422,0.53,2.2863
30.2424,0.5237,2.2552
30.2426,0.5871,2.5326
30.2428,0.5588,2.4094
30.2430,0.5436,2.3431
30.2432,0.5436,2.3431
30.2434,0.5414,2.3344
30.2436,0.5417,2.337
30.2438,0.5468,2.35
30.2440,0.7428,3.1926
30.2442,0.6644,2.8662
30.2444,0.5294,2.2837
30.2446,0.5203,2.2413
30.2448,0.5271,2.2739
30.2450,0.5273,2.276
30.2452,0.53,2.2853
30.2454,0.5242,2.2615
30.2456,0.5305,2.2884
30.2458,0.5669,2.4411
30.2460,0.5692,2.4543
30.2462,0.542,2.337
30.2464,0.5367,2.3121
30.2466,0.5672,2.4467
30.2468,0.5425,2.3401
30.2470,0.5459,2.3529
30.2472,0.5819,2.5057
30.2474,0.6305,2.7173
30.2476,0.5505,2.3726
30.2478,0.5456,2.3503
30.2480,0.5771,2.4838
30.2482,0.6312,2.7153
30.2484,0.6422,2.7654
30.2486,0.6528,2.8108
30.2488,0.6541,2.8139
30.2490,0.6482,2.786
30.2492,0.7186,3.0885
30.2494,0.7814,3.3585
30.2496,0.7585,3.2601
30.2498,0.6613,2.8448
30.2500,0.6342,2.7308
30.2502,0.6365,2.7418
30.2504,0.6706,2.885
30.2506,0.7296,3.133
30.2508,0.7775,3.3384
30.2510,0.812,3.4916
30.2512,0.6969,2.9952
30.2514,0.7188,3.0895
30.2516,0.7862,3.376
30.2518,0.7737,3.3287
30.2520,0.67,2.8865
30.2522,0.6544,2.8167
30.2524,0.6727,2.8965
30.2526,0.6773,2.9112
30.2528,0.6935,2.985
30.2530,0.6429,2.7659
30.2532,0.6628,2.8515
30.2534,0.7252,3.1197
30.2536,0.7441,3.2012
30.2538,0.7766,3.3333
30.2540,0.8265,3.5457
30.2542,0.8389,3.6054
30.2544,0.6867,2.9583
30.2546,0.5944,2.5605
30.2548,0.5667,2.4412
30.2550,0.5954,2.564
30.2552,0.6493,2.7932
30.2554,0.6578,2.8312
30.2556,0.6572,2.8286
30.2558,0.6061,2.6112
30.2560,0.6041,2.6024
30.2562,0.5879,2.5338
30.2564,0.6134,2.6451
30.2566,0.5713,2.4659
30.2568,0.4988,2.1498
30.2570,0.5353,2.3048
30.2572,0.6136,2.6456
30.2574,0.4895,2.1115
30.2576,0.4952,2.1363
30.2578,0.4815,2.0764
30.2580,0.5137,2.217
30.2582,0.5076,2.1906
30.2584,0.5291,2.2848
30.2586,0.4253,1.8373
30.2588,0.411,1.7732
30.2590,0.4481,1.9348
30.2592,0.401,1.7306
30.2594,0.4518,1.9491
30.2596,0.4559,1.9694
30.2598,0.4062,1.7541
30.2600,0.4305,1.857
30.2602,0.4777,2.0598
30.2604,0.5594,2.4108
30.2606,0.5867,2.524
30.2608,0.6258,2.6934
30.2610,0.6079,2.614
30.2612,0.6349,2.7326
30.2614,0.6403,2.7533
30.2616,0.6966,2.9942
30.2618,0.7276,3.1242
30.2620,0.8266,3.5446
30.2622,0.9544,4.0907
30.2624,0.9802,4.1934
30.2626,0.9896,4.2374
30.2628,0.9668,4.1398
30.2630,0.9825,4.209
30.2632,0.9612,4.1195
30.2634,0.9615,4.123
30.2636,0.9368,4.0133
30.2638,0.9544,4.0869
30.2640,0.9489,4.0671
30.2642,0.988,4.2346
30.2644,0.9616,4.1177
30.2646,0.9548,4.0904
30.2648,0.9678,4.1478
30.2650,0.9649,4.1393
30.2652,0.9241,3.9607
30.2654,0.9277,3.9799
30.2656,0.9007,3.8623
30.2658,0.9114,3.9135
30.2660,0.8098,3.4791
30.2662,0.7678,3.3013
30.2664,0.7039,3.0284
30.2666,0.7278,3.1325
30.2668,0.7217,3.1033
30.2670,0.7127,3.066
30.2672,0.7047,3.0301
30.2674,0.7392,3.1756
30.2676,0.8001,3.4341
30.2678,0.8529,3.6622
30.2680,0.9107,3.9086
30.2682,0.9298,3.9853
30.2684,0.9686,4.1455
30.2686,0.9728,4.1712
30.2688,0.8923,3.8334
30.2690,0.8602,3.6936
30.2692,0.9067,3.8879
30.2694,0.9215,3.9567
30.2696,0.9141,3.9217
30.2698,0.9198,3.9421
30.2700,0.947,4.0588
30.2702,0.894,3.837
30.2704,0.8784,3.7701
30.2706,0.9093,3.9029
30.2708,0.9174,3.9337
30.2710,0.9167,3.9361
30.2712,0.8692,3.7392
30.2714,0.7667,3.292
30.2716,0.8489,3.6418
30.2718,0.8462,3.6385
30.2720,0.798,3.4392
30.2722,0.6697,2.8849
30.2724,0.6572,2.8298
30.2726,0.6496,2.7999
30.2728,0.6466,2.7857
30.2730,0.6097,2.629
30.2732,0.5598,2.414
30.2734,0.5586,2.401
30.2736,0.7273,3.1246
30.2738,0.7936,3.4126
30.2740,0.7363,3.1765
30.2742,0.5574,2.4025
30.2744,0.5548,2.3923
30.2746,0.5585,2.4116
30.2748,0.4807,2.0756
30.2750,0.4691,2.0226
30.2752,0.5164,2.2278
30.2754,0.4888,2.1108
30.2756,0.4879,2.1038
30.2758,0.5502,2.3737
30.2760,0.5655,2.4371
30.2762,0.6269,2.698
30.2764,0.6542,2.813
30.2766,0.6784,2.9199
30.2768,0.6899,2.9708
30.2770,0.64,2.7611
30.2772,0.5625,2.4208
30.2774,0.6188,2.6671
30.2776,0.6042,2.6041
30.2778,0.6451,2.7751
30.2780,0.7069,3.0427
30.2782,0.6867,2.9569
30.2784,0.6382,2.7495
30.2786,0.6382,2.747
30.2788,0.6253,2.6925
30.2790,0.6963,2.994
30.2792,0.7773,3.341
30.2794,0.7288,3.1381
30.2796,0.6128,2.6437
30.2798,0.5531,2.3861
30.2800,0.5458,2.3535
30.2802,0.5267,2.2692
30.2804,0.5351,2.3064
30.2806,0.5739,2.4779
30.2808,0.5222,2.2537
30.2810,0.5195,2.2413
30.2812,0.5223,2.2511
30.2814,0.5309,2.2894
30.2816,0.5272,2.2744
30.2818,0.5213,2.248
30.2820,0.5292,2.28
30.2822,0.5617,2.4189
30.2824,0.5771,2.4896
30.2826,0.5484,2.3638
30.2828,0.6047,2.6085
30.2830,0.5567,2.3983
30.2832,0.538,2.3177
30.2834,0.5231,2.2568
30.2836,0.53,2.2842
30.2838,0.5234,2.2589
30.2840,0.485,2.0943
30.2842,0.4796,2.0671
30.2844,0.5482,2.3605
30.2846,0.6579,2.8264
30.2848,0.7483,3.2177
30.2850,0.7599,3.2678
30.2852,0.7316,3.1446
30.2854,0.6903,2.9696
30.2856,0.6573,2.8304
30.2858,0.6722,2.8944
30.2860,0.6663,2.8691
30.2862,0.6392,2.7498
30.2864,0.6368,2.7421
30.2866,0.5782,2.4896
30.2868,0.6091,2.6192
30.2870,0.667,2.8655
30.2872,0.6839,2.9422
30.2874,0.6854,2.9484
30.2876,0.7131,3.0662
30.2878,0.7927,3.4038
30.2880,0.8026,3.4497
30.2882,0.717,3.0832
30.2884,0.7055,3.0323
30.2886,0.7635,3.2817
30.2888,0.7308,3.1454
30.2890,0.6475,2.788
30.2892,0.6502,2.8038
30.2894,0.531,2.2888
30.2896,0.5547,2.3917
30.2898,0.497,2.144
30.2900,0.4753,2.0466
30.2902,0.5423,2.3374
30.2904,0.5107,2.2051
30.2906,0.5018,2.1657
30.2908,0.4763,2.0536
30.2910,0.4787,2.0649
30.2912,0.517,2.2335
30.2914,0.4114,1.7764
30.2916,0.3974,1.7166
30.2918,0.3941,1.7026
30.2920,0.3912,1.6886
30.2922,0.3987,1.7215
30.2924,0.4109,1.7759
30.2926,0.402,1.7368
30.2928,0.4199,1.8106
30.2930,0.4496,1.9388
30.2932,0.4392,1.893
30.2934,0.4911,2.1157
30.2936,0.5822,2.506
30.2938,0.6429,2.7684
30.2940,0.6063,2.6085
30.2942,0.6277,2.7003
30.2944,0.6454,2.7754
30.2946,0.6575,2.8301
30.2948,0.6356,2.7331
30.2950,0.7182,3.0812
30.2952,0.8246,3.5341
30.2954,0.877,3.7604
30.2956,0.915,3.9234
30.2958,0.9135,3.9191
30.2960,0.8963,3.845
30.2962,0.9191,3.9409
30.2964,0.9308,3.9876
30.2966,0.9292,3.979
30.2968,0.923,3.956
30.2970,0.9456,4.0507
30.2972,0.9784,4.1934
30.2974,0.9867,4.2269
30.2976,0.9531,4.0869
30.2978,0.9296,3.9843
30.2980,0.9339,4.0028
30.2982,0.8852,3.7977
30.2984,0.8671,3.7183
30.2986,0.9284,3.9791
30.2988,0.8953,3.8427
30.2990,0.8399,3.6083
30.2992,0.8332,3.5794
30.2994,0.8089,3.4765
30.2996,0.7508,3.2226
30.2998,0.7619,3.276
30.3000,0.6801,2.9244
30.3002,0.727,3.126
30.3004,0.7764,3.3384
30.3006,0.7905,3.3992
30.3008,0.8266,3.5478
30.3010,0.8983,3.8573
30.3012,0.8165,3.5095
30.3014,0.7929,3.4095
30.3016,0.751,3.2291
30.3018,0.723,3.109
30.3020,0.7086,3.0542
30.3022,0.6574,2.8322
30.3024,0.7222,3.1068
30.3026,0.6945,2.9849
30.3028,0.7312,3.1426
30.3030,0.7733,3.3234
30.3032,0.7954,3.4156
30.3034,0.7838,3.3672
30.3036,0.7712,3.3131
30.3038,0.7843,3.3693
30.3040,0.783,3.3714
30.3042,0.6824,2.9383
30.3044,0.6759,2.905
30.3046,0.7596,3.2677
30.3048,0.6994,3.0102
30.3050,0.6891,2.9617
30.3052,0.7224,3.1049
30.3054,0.7165,3.084
30.3056,0.6824,2.9383
30.3058,0.691,2.9741
30.3060,0.7149,3.0739
30.3062,0.6956,2.9937
30.3064,0.6783,2.918
30.3066,0.7146,3.07
30.3068,0.802,3.4455
30.3070,0.815,3.5093
30.3072,0.6802,2.9249
30.3074,0.6909,2.9749
30.3076,0.6601,2.8422
30.3078,0.6572,2.8285
30.3080,0.6813,2.9323
30.3082,0.685,2.9483
30.3084,0.6556,2.8258
30.3086,0.6508,2.7999
30.3088,0.6379,2.7505
30.3090,0.5945,2.5622
30.3092,0.6469,2.7854
30.3094,0.6646,2.8579
30.3096,0.7119,3.0639
30.3098,0.6427,2.7687
30.3100,0.6459,2.7826
30.3102,0.6681,2.8782
30.3104,0.705,3.0344
30.3106,0.677,2.9164
30.3108,0.5834,2.517
30.3110,0.5334,2.3002
30.3112,0.533,2.2971
30.3114,0.5307,2.2894
30.3116,0.5291,2.2827
30.3118,0.5325,2.2961
30.3120,0.5392,2.325
30.3122,0.5476,2.3623
30.3124,0.5346,2.3065
30.3126,0.5334,2.2981
30.3128,0.5336,2.3007
30.3130,0.5373,2.3168
30.3132,0.5689,2.4464
30.3134,0.6649,2.8669
30.3136,0.5807,2.5062
30.3138,0.5264,2.2697
30.3140,0.5277,2.2733
30.3142,0.5272,2.2733
30.3144,0.5252,2.2656
30.3146,0.5239,2.2557
30.3148,0.5269,2.2707
30.3150,0.5269,2.2728
30.3152,0.5245,2.2625
30.3154,0.5218,2.248
30.3156,0.5258,2.2671
30.3158,0.5255,2.2671
30.3160,0.5321,2.2935
30.3162,0.5295,2.281
30.3164,0.5751,2.475
30.3166,0.6843,2.9424
30.3168,0.6767,2.9154
30.3170,0.57,2.4579
30.3172,0.5583,2.4072
30.3174,0.5451,2.346
30.3176,0.6549,2.8135
30.3178,0.7288,3.1308
30.3180,0.7529,3.2358
30.3182,0.7289,3.1298
30.3184,0.7286,3.1346
30.3186,0.7001,3.0175
30.3188,0.577,2.4867
30.3190,0.5621,2.4204
30.3192,0.5994,2.5774
30.3194,0.7259,3.1213
30.3196,0.7217,3.0975
30.3198,0.7833,3.3636
30.3200,0.7578,3.263
30.3202,0.6442,2.7728
30.3204,0.6533,2.8133
30.3206,0.6894,2.9673
30.3208,0.6632,2.853
30.3210,0.6495,2.7942
30.3212,0.6668,2.8685
30.3214,0.6428,2.7666
30.3216,0.6393,2.7516
30.3218,0.6432,2.7694
30.3220,0.671,2.8865
30.3222,0.6813,2.9309
30.3224,0.6469,2.7854
30.3226,0.6412,2.7599
30.3228,0.6435,2.7671
30.3230,0.6488,2.795
30.3232,0.5838,2.5139
30.3234,0.634,2.7289
30.3236,0.5956,2.5692
30.3238,0.4778,2.0622
30.3240,0.4667,2.0141
30.3242,0.4667,2.0132
30.3244,0.4653,2.0075
30.3246,0.4679,2.0183
30.3248,0.4643,2.0028
30.3250,0.4698,2.0276
30.3252,0.4764,2.0541
30.3254,0.4915,2.1222
30.3256,0.4561,1.9686
30.3258,0.4971,2.1426
30.3260,0.5302,2.2841
30.3262,0.5956,2.5645
30.3264,0.5914,2.5488
30.3266,0.5639,2.4259
30.3268,0.6447,2.7749
30.3270,0.5767,2.4869
30.3272,0.5969,2.5678
30.3274,0.7081,3.045
30.3276,0.711,3.0546
30.3278,0.7161,3.0776
30.3280,0.7428,3.1911
30.3282,0.7972,3.4169
30.3284,0.9014,3.8671
30.3286,0.853,3.6627
30.3288,0.8513,3.6521
30.3290,0.8607,3.6922
30.3292,0.853,3.661
30.3294,0.852,3.6569
30.3296,0.8306,3.5598
30.3298,0.8623,3.696
30.3300,0.8438,3.6231
30.3302,0.8163,3.5068
30.3304,0.8429,3.6178
30.3306,0.8475,3.6357
30.3308,0.8364,3.59
30.3310,0.8427,3.6185
30.3312,0.8432,3.6171
30.3314,0.8368,3.5899
30.3316,0.8774,3.7572
30.3318,0.9627,4.1261
30.3320,0.9741,4.1749
30.3322,0.9753,4.182
30.3324,0.89,3.8236
30.3326,0.7688,3.3059
30.3328,0.7368,3.1682
30.3330,0.7128,3.0694
30.3332,0.7158,3.0737
30.3334,0.8393,3.6024
30.3336,0.8814,3.7795
30.3338,0.8575,3.684
30.3340,0.8055,3.4605
30.3342,0.8357,3.5869
30.3344,0.8632,3.703
30.3346,0.8574,3.6766
30.3348,0.8728,3.7477
30.3350,0.8471,3.6392
30.3352,0.8138,3.4992
30.3354,0.761,3.2724
30.3356,0.7316,3.1432
30.3358,0.7386,3.176
30.3360,0.7101,3.0575
30.3362,0.7175,3.0838
30.3364,0.8159,3.5053
30.3366,0.8205,3.5232
30.3368,0.8276,3.5552
30.3370,0.8623,3.7081
30.3372,0.702,3.0243
30.3374,0.6284,2.7072
30.3376,0.6081,2.6187
30.3378,0.6321,2.7219
30.3380,0.6903,2.9737
30.3382,0.7137,3.073
30.3384,0.6528,2.8094
30.3386,0.682,2.934
30.3388,0.701,3.0169
30.3390,0.7217,3.1004
30.3392,0.7093,3.0559
30.3394,0.6099,2.6264
30.3396,0.6398,2.7563
30.3398,0.6216,2.679
30.3400,0.6333,2.7246
30.3402,0.7247,3.1176
30.3404,0.6969,3.0007
30.3406,0.6259,2.6938
30.3408,0.6246,2.6907
30.3410,0.6026,2.5973
30.3412,0.5855,2.5246
30.3414,0.5772,2.4889
30.3416,0.5444,2.3484
30.3418,0.5138,2.2144
30.3420,0.5331,2.2976
30.3422,0.542,2.3391
30.3424,0.4983,2.1487
30.3426,0.4886,2.1088
30.3428,0.4757,2.0539
30.3430,0.4794,2.067
30.3432,0.4917,2.1193
30.3434,0.5372,2.3141
30.3436,0.5864,2.5276
30.3438,0.5819,2.5091
30.3440,0.4867,2.1015
30.3442,0.4041,1.7456
30.3444,0.3914,1.6907
30.3446,0.4186,1.8083
30.3448,0.4493,1.94
30.3450,0.5,2.157
30.3452,0.4731,2.0411
30.3454,0.4398,1.8982
30.3456,0.43,1.8558
30.3458,0.429,1.8516
30.3460,0.4378,1.8911
30.3462,0.4475,1.9322
30.3464,0.4399,1.8996
30.3466,0.4313,1.8614
30.3468,0.4346,1.8768
30.3470,0.4593,1.9798
30.3472,0.5228,2.249
30.3474,0.6153,2.6497
30.3476,0.643,2.7676
30.3478,0.5785,2.49
30.3480,0.6017,2.5908
30.3482,0.5977,2.575
30.3484,0.6103,2.6267
30.3486,0.5903,2.5418
30.3488,0.6001,2.5841
30.3490,0.6032,2.5939
30.3492,0.6439,2.7712
30.3494,0.6458,2.7795
30.3496,0.6339,2.7297
30.3498,0.5673,2.4415
30.3500,0.6177,2.6587
30.3502,0.6333,2.7284
30.3504,0.5982,2.577
30.3506,0.5784,2.4883
30.3508,0.6783,2.9139
30.3510,0.7456,3.1999
30.3512,0.7698,3.3054
30.3514,0.7619,3.2745
30.3516,0.7668,3.2956
30.3518,0.7555,3.2532
30.3520,0.6147,2.6471
30.3522,0.5861,2.5225
30.3524,0.6605,2.8377
30.3526,0.7103,3.05
30.3528,0.7144,3.0675
30.3530,0.7321,3.1496
30.3532,0.7037,3.0316
30.3534,0.5685,2.4489
30.3536,0.5416,2.3343
30.3538,0.5538,2.3848
30.3540,0.5358,2.3095
30.3542,0.5282,2.2764
30.3544,0.5298,2.2826
30.3546,0.5337,2.3013
30.3548,0.5266,2.2697
30.3550,0.518,2.2304
30.3552,0.5087,2.1947
30.3554,0.5187,2.2346
30.3556,0.5553,2.3888
30.3558,0.5776,2.487
30.3560,0.5486,2.3632
30.3562,0.5785,2.4923
30.3564,0.6243,2.6859
30.3566,0.635,2.7343
30.3568,0.5569,2.3993
30.3570,0.5319,2.2924
30.3572,0.559,2.4059
30.3574,0.5928,2.549
30.3576,0.5839,2.5144
30.3578,0.6219,2.6781
30.3580,0.5965,2.571
30.3582,0.5285,2.2769
30.3584,0.5174,2.2289
30.3586,0.5048,2.1746
30.3588,0.5137,2.2149
30.3590,0.4898,2.1101
30.3592,0.5168,2.2263
30.3594,0.5423,2.3363
30.3596,0.5573,2.3998
30.3598,0.5766,2.4817
30.3600,0.5592,2.4125
30.3602,0.4972,2.1411
30.3604,0.5922,2.5465
30.3606,0.6538,2.8075
30.3608,0.7556,3.2431
30.3610,0.7452,3.2028
30.3612,0.6916,2.9725
30.3614,0.7469,3.2071
30.3616,0.8471,3.629
30.3618,0.9197,3.9361
30.3620,0.9267,3.9701
30.3622,0.9587,4.1053
30.3624,0.9834,4.2111
30.3626,0.9711,4.1543
30.3628,0.9988,4.2768
30.3630,0.9915,4.2514
30.3632,0.9301,3.9863
30.3634,0.9525,4.0786
30.3636,0.9637,4.1302
30.3638,0.9071,3.8895
30.3640,0.8999,3.8622
30.3642,0.8831,3.7937
30.3644,0.8267,3.55
30.3646,0.8091,3.4775
30.3648,0.7927,3.4038
30.3650,0.8123,3.4898
30.3652,0.8038,3.45
30.3654,0.8108,3.4783
30.3656,0.8073,3.4649
30.3658,0.8241,3.5354
30.3660,0.8392,3.6086
30.3662,0.7843,3.3677
30.3664,0.8523,3.6596
30.3666,0.8078,3.4686
30.3668,0.8316,3.5678
30.3670,0.8861,3.7924
30.3672,0.9602,4.1173
30.3674,0.9378,4.0211
30.3676,0.9444,4.0532
30.3678,0.8939,3.8365
30.3680,0.8722,3.7451
30.3682,0.8487,3.6408
30.3684,0.8658,3.7161
30.3686,0.8421,3.6142
30.3688,0.8627,3.7044
30.3690,0.846,3.6329
30.3692,0.843,3.6234
30.3694,0.8318,3.5699
30.3696,0.8308,3.5658
30.3698,0.8535,3.6665
30.3700,0.8499,3.6493
30.3702,0.8462,3.6351
30.3704,0.8356,3.5881
30.3706,0.8417,3.6126
30.3708,0.8511,3.6596
30.3710,0.8417,3.6143
30.3712,0.8355,3.5859
30.3714,0.842,3.6187
30.3716,0.7731,3.3245
30.3718,0.7747,3.3312
30.3720,0.7605,3.2734
30.3722,0.6801,2.9285
30.3724,0.6625,2.8539
30.3726,0.6663,2.8664
30.3728,0.6947,2.9914
30.3730,0.7015,3.0195
30.3732,0.6858,2.956
30.3734,0.5681,2.4485
30.3736,0.5767,2.4857
30.3738,0.5607,2.4221
30.3740,0.5139,2.217
30.3742,0.534,2.3028
30.3744,0.5563,2.3979
30.3746,0.5414,2.3365
30.3748,0.5312,2.2915
30.3750,0.5297,2.2842
30.3752,0.5259,2.2677
30.3754,0.5267,2.2734
30.3756,0.5314,2.2936
30.3758,0.5332,2.3003
30.3760,0.5321,2.2945
30.3762,0.5287,2.2785
30.3764,0.5964,2.5693
30.3766,0.5922,2.5524
30.3768,0.6185,2.6594
30.3770,0.645,2.7759
30.3772,0.6346,2.7328
30.3774,0.6179,2.6654
30.3776,0.5534,2.3872
30.3778,0.5583,2.405
30.3780,0.5881,2.5336
30.3782,0.6197,2.6658
30.3784,0.6465,2.7813
30.3786,0.6674,2.8724
30.3788,0.6522,2.8082
30.3790,0.5589,2.4098
30.3792,0.5332,2.3003
30.3794,0.5298,2.2847
30.3796,0.5436,2.3376
30.3798,0.6881,2.963
30.3800,0.6016,2.5951
30.3802,0.5385,2.3209
30.3804,0.537,2.3114
30.3806,0.5746,2.4787
30.3808,0.543,2.3405
30.3810,0.6057,2.6071
30.3812,0.5797,2.4986
30.3814,0.5346,2.3043
30.3816,0.5295,2.2821
30.3818,0.54,2.3287
30.3820,0.5418,2.3375
30.3822,0.5334,2.2992
30.3824,0.5288,2.2801
30.3826,0.5292,2.2842
30.3828,0.5308,2.2878
30.3830,0.5687,2.4465
30.3832,0.5884,2.5358
30.3834,0.5264,2.2676
30.3836,0.5188,2.2351
30.3838,0.5697,2.4507
30.3840,0.6453,2.7749
30.3842,0.7185,3.0894
30.3844,0.7361,3.1622
30.3846,0.7669,3.2946
30.3848,0.8134,3.4961
30.3850,0.7387,3.1735
30.3852,0.7249,3.1187
30.3854,0.693,2.9828
30.3856,0.6989,3.0025
30.3858,0.8063,3.4592
30.3860,0.8337,3.5865
30.3862,0.7047,3.0287
30.3864,0.7581,3.254
30.3866,0.8044,3.4558
30.3868,0.7753,3.3306
30.3870,0.7616,3.2689
30.3872,0.8038,3.4548
30.3874,0.7837,3.3698
30.3876,0.739,3.179
30.3878,0.6369,2.7426
30.3880,0.6592,2.8373
30.3882,0.6611,2.8442
30.3884,0.6199,2.673
30.3886,0.5748,2.4774
30.3888,0.5704,2.4583
30.3890,0.5653,2.4378
30.3892,0.537,2.3136
30.3894,0.5415,2.3349
30.3896,0.582,2.5108
30.3898,0.5195,2.2413
30.3900,0.5072,2.186
30.3902,0.5498,2.3694
30.3904,0.5661,2.4409
30.3906,0.4761,2.0569
30.3908,0.4387,1.8927
30.3910,0.4765,2.0575
30.3912,0.4,1.7264
30.3914,0.3866,1.67
30.3916,0.399,1.723
30.3918,0.3993,1.7241
30.3920,0.3905,1.6855
30.3922,0.394,1.7013
30.3924,0.3928,1.6953
30.3926,0.4138,1.7842
30.3928,0.4499,1.9399
30.3930,0.5117,2.2056
30.3932,0.5228,2.2532
30.3934,0.4854,2.0919
30.3936,0.5101,2.1953
30.3938,0.6283,2.7042
30.3940,0.6539,2.8094
30.3942,0.7093,3.0473
30.3944,0.7815,3.3527
30.3946,0.8405,3.6025
30.3948,0.8572,3.6705
30.3950,0.8694,3.7315
30.3952,0.7982,3.4226
30.3954,0.9162,3.9231
30.3956,0.9622,4.1221
30.3958,0.9772,4.1883
30.3960,0.9626,4.1237
30.3962,0.9617,4.1182
30.3964,0.9897,4.2358
30.3966,0.9619,4.1225
30.3968,0.8885,3.8116
30.3970,0.9145,3.9214
30.3972,0.9587,4.1073
30.3974,0.9665,4.1426
30.3976,0.9181,3.9386
30.3978,0.8958,3.843
30.3980,0.9003,3.8625
30.3982,0.8619,3.706
30.3984,0.8041,3.4511
30.3986,0.8013,3.4472
30.3988,0.7776,3.342
30.3990,0.8321,3.5681
30.3992,0.8832,3.7889
30.3994,0.8976,3.8489
30.3996,0.8832,3.7925
30.3998,0.7984,3.4301
30.4000,0.8288,3.5554
30.4002,0.8814,3.7812
30.4004,0.8521,3.6659
30.4006,0.7844,3.3682
30.4008,0.8453,3.6281
30.4010,0.8182,3.5118
30.4012,0.8128,3.4968
30.4014,0.7953,3.4167
30.4016,0.8607,3.6974
30.4018,0.8031,3.4469
30.4020,0.8535,3.6682
30.4022,0.8126,3.4908
30.4024,0.8068,3.471
30.4026,0.7144,3.0718
30.4028,0.7567,3.2523
30.4030,0.7175,3.0924
30.4032,0.6091,2.6252
30.4034,0.6205,2.6731
30.4036,0.6326,2.7278
30.4038,0.5968,2.5708
30.4040,0.6284,2.7034
30.4042,0.6886,2.9637
30.4044,0.6757,2.9053
30.4046,0.7231,3.1109
30.4048,0.731,3.1464
30.4050,0.6954,2.9959
30.4052,0.67,2.8837
30.4054,0.652,2.8037
30.4056,0.6819,2.9335
30.4058,0.6405,2.753
30.4060,0.7447,3.2082
30.4062,0.6043,2.607
30.4064,0.5098,2.1994
30.4066,0.5086,2.1942
30.4068,0.5442,2.35
30.4070,0.4953,2.1368
30.4072,0.5181,2.232
30.4074,0.6028,2.5954
30.4076,0.6203,2.6721
30.4078,0.6174,2.6584
30.4080,0.6324,2.7204
30.4082,0.6936,2.9924
30.4084,0.5475,2.3618
30.4086,0.4971,2.1436
30.4088,0.4947,2.1342
30.4090,0.556,2.3974
30.4092,0.5711,2.4603
30.4094,0.5463,2.3544
30.4096,0.5464,2.3572
30.4098,0.5508,2.3752
30.4100,0.5476,2.3579
30.4102,0.599,2.5806
30.4104,0.5695,2.4558
30.4106,0.5248,2.263
30.4108,0.5535,2.3855
30.4110,0.5273,2.2749
30.4112,0.4567,1.973
30.4114,0.4611,1.9912
30.4116,0.4583,1.977
30.4118,0.4502,1.9423
30.4120,0.4488,1.9379
30.4122,0.4459,1.9246
30.4124,0.4517,1.9485
30.4126,0.4498,1.9393
30.4128,0.4933,2.127
30.4130,0.517,2.2325
30.4132,0.4568,1.9717
30.4134,0.4541,1.958
30.4136,0.4513,1.947
30.4138,0.4494,1.9405
30.4140,0.445,1.9204
30.4142,0.447,1.9275
30.4144,0.4504,1.9428
30.4146,0.4502,1.9405
30.4148,0.5014,2.1652
30.4150,0.453,1.956
30.4152,0.4448,1.9181
30.4154,0.4471,1.9307
30.4156,0.4464,1.9275
30.4158,0.4477,1.9306
30.4160,0.4506,1.9448
30.4162,0.4477,1.9306
30.4164,0.4597,1.9823
30.4166,0.4855,2.0924
30.4168,0.5626,2.4202
30.4170,0.6286,2.7019
30.4172,0.6773,2.9112
30.4174,0.7284,3.1307
30.4176,0.6941,2.9833
30.4178,0.6743,2.8983
30.4180,0.6717,2.891
30.4182,0.6155,2.6477
30.4184,0.6316,2.7173
30.4186,0.6477,2.7865
30.4188,0.6969,2.9952
30.4190,0.7442,3.1957
30.4192,0.8014,3.4365
30.4194,0.8639,3.713
30.4196,0.6664,2.8749
30.4198,0.5193,2.2371
30.4200,0.5598,2.4095
30.4202,0.6072,2.617
30.4204,0.5833,2.5141
30.4206,0.5649,2.43
30.4208,0.5818,2.5039
30.4210,0.5649,2.4334
30.4212,0.5715,2.4618
30.4214,0.598,2.576
30.4216,0.5794,2.4971
30.4218,0.5934,2.5552
30.4220,0.5718,2.4622
30.4222,0.5677,2.4447
30.4224,0.5637,2.426
30.4226,0.5679,2.4452
30.4228,0.527,2.2702
30.4230,0.5585,2.4049
30.4232,0.5605,2.4193
30.4234,0.4242,1.8318
30.4236,0.3948,1.7049
30.4238,0.3922,1.692
30.4240,0.3922,1.692
30.4242,0.3986,1.721
30.4244,0.3951,1.7036
30.4246,0.4259,1.8356
30.4248,0.4344,1.8758
30.4250,0.3936,1.7005
30.4252,0.3953,1.7062
30.4254,0.4097,1.7667
30.4256,0.4219,1.8202
30.4258,0.4604,1.9835
30.4260,0.564,2.4242
30.4262,0.6248,2.6867
30.4264,0.6614,2.8453
30.4266,0.6633,2.8522
30.4268,0.691,2.9685
30.4270,0.7396,3.1697
30.4272,0.849,3.644
30.4274,0.8053,3.453
30.4276,0.8722,3.7399
30.4278,0.8868,3.8026
30.4280,0.9167,3.9251
30.4282,1.0013,4.2856
30.4284,0.9993,4.2789
30.4286,0.9904,4.2409
30.4288,0.9922,4.2466
30.4290,0.9849,4.2153
30.4292,0.9774,4.1835
30.4294,0.9694,4.1549
30.4296,0.932,3.9983
30.4298,0.8905,3.8185
30.4300,0.9138,3.9165
30.4302,0.9244,3.9622
30.4304,0.9593,4.1098
30.4306,0.9485,4.0674
30.4308,0.9025,3.8663
30.4310,0.9447,4.049
30.4312,0.9448,4.0496
30.4314,0.9494,4.0729
30.4316,0.9019,3.8728
30.4318,0.8325,3.5764
30.4320,0.8135,3.4933
30.4322,0.8145,3.4975
30.4324,0.8267,3.5467
30.4326,0.812,3.485
30.4328,0.849,3.6406
30.4330,0.9174,3.9319
30.4332,0.9363,4.0224
30.4334,0.8457,3.633
30.4336,0.806,3.4561
30.4338,0.868,3.7219
30.4340,0.8526,3.6612
30.4342,0.8526,3.6612
30.4344,0.8334,3.5805
30.4346,0.7941,3.4099
30.4348,0.8014,3.4461
30.4350,0.7597,3.2622
30.4352,0.8268,3.5455
30.4354,0.8474,3.6385
30.4356,0.8615,3.6993
30.4358,0.8414,3.6111
30.4360,0.8201,3.5217
30.4362,0.8498,3.6505
30.4364,0.8041,3.4607
30.4366,0.6948,2.9878
30.4368,0.7583,3.2575
30.4370,0.8061,3.463
30.4372,0.8093,3.4769
30.4374,0.798,3.4312
30.4376,0.7134,3.0706
30.4378,0.748,3.2132
30.4380,0.7673,3.2977
30.4382,0.7741,3.3209
30.4384,0.8477,3.6367
30.4386,0.8368,3.5949
30.4388,0.8199,3.5223
30.4390,0.8346,3.5873
30.4392,0.7174,3.0919
30.4394,0.5591,2.4153
30.4396,0.4802,2.0735
30.4398,0.4773,2.0621
30.4400,0.4879,2.1038
30.4402,0.5342,2.3012
30.4404,0.5367,2.3153
30.4406,0.5296,2.2826
30.4408,0.5375,2.3156
30.4410,0.5988,2.582
30.4412,0.5416,2.3365
30.4414,0.5275,2.2765
30.4416,0.5258,2.2671
30.4418,0.5249,2.2625
30.4420,0.531,2.2878
30.4422,0.5867,2.5274
30.4424,0.6093,2.6263
30.4426,0.5355,2.3122
30.4428,0.5231,2.2568
30.4430,0.5298,2.2837
30.4432,0.5261,2.2687
30.4434,0.5336,2.2997
30.4436,0.5933,2.5558
30.4438,0.5894,2.5405
30.4440,0.5363,2.3116
30.4442,0.53,2.2842
30.4444,0.5277,2.2765
30.4446,0.5541,2.3891
30.4448,0.5669,2.4433
30.4450,0.5355,2.309
30.4452,0.5276,2.2759
30.4454,0.5423,2.3363
30.4456,0.6169,2.6564
30.4458,0.6282,2.7024
30.4460,0.6462,2.7798
30.4462,0.6858,2.9532
30.4464,0.6585,2.8329
30.4466,0.6875,2.9591
30.4468,0.6489,2.7942
30.4470,0.6683,2.8752
30.4472,0.7062,3.0339
30.4474,0.7466,3.2105
30.4476,0.7007,3.0131
30.4478,0.741,3.1848
30.4480,0.7519,3.2347
30.4482,0.6541,2.8138
30.4484,0.6396,2.7501
30.4486,0.6803,2.9254
30.4488,0.731,3.1435
30.4490,0.7661,3.291
30.4492,0.8099,3.4811
30.4494,0.8062,3.4652
30.4496,0.7427,3.198
30.4498,0.6583,2.8345
30.4500,0.6838,2.939
30.4502,0.7464,3.205
30.4504,0.7581,3.257
30.4506,0.7444,3.1992
30.4508,0.7445,3.2012
30.4510,0.7917,3.398
30.4512,0.7873,3.3869
30.4514,0.7199,3.0999
30.4516,0.6669,2.8703
30.4518,0.6501,2.7955
30.4520,0.6748,2.9017
30.4522,0.6958,2.9919
30.4524,0.7357,3.1621
30.4526,0.7858,3.3791
30.4528,0.7213,3.1075
30.4530,0.67,2.8837
30.4532,0.6512,2.8027
30.4534,0.6519,2.8071
30.4536,0.6739,2.903
30.4538,0.5954,2.5639
30.4540,0.5677,2.4481
30.4542,0.5741,2.4732
30.4544,0.5848,2.5227
30.4546,0.4921,2.1228
30.4548,0.496,2.1389
30.4550,0.5229,2.2579
30.4552,0.414,1.7878
30.4554,0.3981,1.7173
30.4556,0.4712,2.0291
30.4558,0.5807,2.5016
30.4560,0.5957,2.5709
30.4562,0.4598,1.9855
30.4564,0.402,1.7376
30.4566,0.4453,1.9193
30.4568,0.5164,2.2268
30.4570,0.4806,2.0713
30.4572,0.4849,2.0908
30.4574,0.4543,1.9626
30.4576,0.399,1.723
30.4578,0.4062,1.7541
30.4580,0.4191,1.8087
30.4582,0.4421,1.9071
30.4584,0.5025,2.1658
30.4586,0.5189,2.2356
30.4588,0.5751,2.4739
30.4590,0.5975,2.5715
30.4592,0.6549,2.8122
30.4594,0.7201,3.0995
30.4596,0.6257,2.6953
30.4598,0.6402,2.754
30.4600,0.6643,2.8537
30.4602,0.7217,3.1018
30.4604,0.7065,3.035
30.4606,0.7809,3.3439
30.4608,0.9595,4.1084
30.4610,0.9592,4.1112
30.4612,0.9503,4.0732
30.4614,0.9617,4.122
30.4616,0.9551,4.0899
30.4618,0.9938,4.2592
30.4620,0.9715,4.1656
30.4622,0.9241,3.9588
30.4624,0.9693,4.1466
30.4626,1.0265,4.4016
30.4628,0.9591,4.1107
30.4630,0.9676,4.1472
30.4632,0.9078,3.8944
30.4634,0.8882,3.8105
30.4636,0.8568,3.6792
30.4638,0.8057,3.4567
30.4640,0.8993,3.8597
30.4642,0.8906,3.8262
30.4644,0.8604,3.6929
30.4646,0.8849,3.7997
30.4648,0.8017,3.444
30.4650,0.7354,3.1635
30.4652,0.7019,3.0154
30.4654,0.7273,3.1275
30.4656,0.7442,3.1987
30.4658,0.7645,3.2889
30.4660,0.7093,3.0502
30.4662,0.7855,3.3713
30.4664,0.8559,3.6751
30.4666,0.7868,3.3801
30.4668,0.771,3.3106
30.4670,0.8139,3.4965
30.4672,0.8264,3.5534
30.4674,0.7774,3.3415
30.4676,0.776,3.3353
30.4678,0.7818,3.3616
30.4680,0.7731,3.326
30.4682,0.7041,3.0317
30.4684,0.6348,2.732
30.4686,0.6659,2.8649
30.4688,0.682,2.9326
30.4690,0.7551,3.2456
30.4692,0.8133,3.5004
30.4694,0.7177,3.0877
30.4696,0.7002,3.0124
30.4698,0.7025,3.0208
30.4700,0.7628,3.2756
30.4702,0.8197,3.5196
30.4704,0.8228,3.5297
30.4706,0.641,2.7614
30.4708,0.6137,2.6449
30.4710,0.6355,2.7339
30.4712,0.6694,2.8825
30.4714,0.6861,2.9529
30.4716,0.6998,3.0075
30.4718,0.7524,3.2353
30.4720,0.6956,2.9965
30.4722,0.5948,2.5661
30.4724,0.5185,2.2387
30.4726,0.5175,2.2325
30.4728,0.5265,2.2702
30.4730,0.4965,2.143
30.4732,0.4874,2.1046
30.4734,0.4791,2.0679
30.4736,0.4947,2.1342
30.4738,0.5013,2.1627
30.4740,0.5662,2.4414
30.4742,0.5803,2.5047
30.4744,0.4468,1.9291
30.4746,0.4164,1.7998
30.4748,0.4222,1.8221
30.4750,0.4689,2.023
30.4752,0.5176,2.2299
30.4754,0.589,2.5372
30.4756,0.6102,2.6287
30.4758,0.5352,2.3101
30.4760,0.4496,1.9415
30.4762,0.4337,1.8735
30.4764,0.4422,1.9059
30.4766,0.5212,2.2444
30.4768,0.5981,2.5753
30.4770,0.5807,2.5028
30.4772,0.5388,2.3213
30.4774,0.5173,2.2346
30.4776,0.4621,1.9963
30.4778,0.4574,1.9743
30.4780,0.4616,1.9915
30.4782,0.4803,2.0702
30.4784,0.5303,2.2868
30.4786,0.5644,2.4314
30.4788,0.5577,2.4035
30.4790,0.5623,2.4226
30.4792,0.5689,2.451
30.4794,0.5526,2.3818
30.4796,0.5664,2.4401
30.4798,0.5608,2.4181
30.4800,0.4844,2.0917
30.4802,0.4429,1.9125
30.4804,0.4396,1.8972
30.4806,0.4476,1.93
30.4808,0.4622,1.994
30.4810,0.4548,1.9629
30.4812,0.4613,1.989
30.4814,0.5123,2.2062
30.4816,0.5069,2.1849
30.4818,0.4528,1.9532
30.4820,0.4454,1.9234
30.4822,0.4439,1.9158
30.4824,0.4641,2.0014
30.4826,0.521,2.2433
30.4828,0.545,2.3488
30.4830,0.552,2.3793
30.4832,0.5909,2.5408
30.4834,0.6423,2.7607
30.4836,0.6786,2.9182
30.4838,0.6933,2.9839
30.4840,0.6477,2.7839
30.4842,0.6248,2.6867
30.4844,0.6176,2.6582
30.4846,0.6754,2.9043
30.4848,0.7225,3.0997
30.4850,0.7914,3.3981
30.4852,0.744,3.1992
30.4854,0.7097,3.0503
30.4856,0.6917,2.9758
30.4858,0.5977,2.575
30.4860,0.5854,2.5206
30.4862,0.5609,2.4164
30.4864,0.5758,2.4804
30.4866,0.5797,2.4952
30.4868,0.5769,2.4805
30.4870,0.6146,2.6429
30.4872,0.6751,2.8987
30.4874,0.7001,3.0091
30.4876,0.7189,3.0871
30.4878,0.7331,3.1581
30.4880,0.5831,2.5119
30.4882,0.5367,2.311
30.4884,0.5604,2.4121
30.4886,0.6104,2.626
30.4888,0.5868,2.5256
30.4890,0.5984,2.5769
30.4892,0.6283,2.7054
30.4894,0.628,2.7044
30.4896,0.5701,2.455
30.4898,0.5282,2.2754
30.4900,0.5153,2.2201
30.4902,0.5085,2.1906
30.4904,0.5209,2.2449
30.4906,0.535,2.3059
30.4908,0.5534,2.3838
30.4910,0.5252,2.2666
30.4912,0.4091,1.7649
30.4914,0.4667,2.0141
30.4916,0.4378,1.8868
30.4918,0.484,2.0853
30.4920,0.4933,2.125
30.4922,0.541,2.3306
30.4924,0.5282,2.2732
30.4926,0.57,2.4545
30.4928,0.6019,2.587
30.4930,0.7251,3.1119
30.4932,0.7779,3.3373
30.4934,0.8185,3.5144
30.4936,0.8056,3.4561
30.4938,0.8627,3.6993
30.4940,0.8789,3.7704
30.4942,0.8664,3.7204
30.4944,0.8452,3.6242
30.4946,0.9288,3.977
30.4948,0.9614,4.1166
30.4950,0.9689,4.147
30.4952,0.9825,4.2031
30.4954,0.9993,4.2809
30.4956,0.993,4.2542
30.4958,0.9923,4.2531
30.4960,0.8915,3.8262
30.4962,0.8789,3.7739
30.4964,0.8325,3.5747
30.4966,0.8387,3.5947
30.4968,0.8601,3.6914
30.4970,0.8615,3.6958
30.4972,0.9042,3.879
30.4974,0.8887,3.8162
30.4976,0.8038,3.45
30.4978,0.8179,3.5086
30.4980,0.8881,3.8029
30.4982,0.9366,4.0141
30.4984,0.9771,4.1917
30.4986,0.936,4.0153
30.4988,0.9537,4.0895
30.4990,0.9044,3.8818
30.4992,0.8644,3.7151
30.4994,0.8217,3.5267
30.4996,0.8777,3.767
30.4998,0.8048,3.4558
30.5000,0.8014,3.4413
30.5002,0.8309,3.5647
30.5004,0.8428,3.624
30.5006,0.8126,3.4908
30.5008,0.8442,3.6235
30.5010,0.8041,3.4575
30.5012,0.7551,3.2486
30.5014,0.7356,3.1587
30.5016,0.8337,3.5782
30.5018,0.8515,3.66
30.5020,0.8494,3.649
30.5022,0.8297,3.5628
30.5024,0.8144,3.5002
30.5026,0.7368,3.1712
30.5028,0.7131,3.0662
30.5030,0.6669,2.8717
30.5032,0.6715,2.8899
30.5034,0.6737,2.8997
30.5036,0.7307,3.139
30.5038,0.8116,3.49
30.5040,0.7965,3.4202
30.5042,0.8257,3.547
30.5044,0.748,3.2177
30.5046,0.7109,3.0597
30.5048,0.709,3.0486
30.5050,0.7639,3.2848
30.5052,0.7272,3.1299
30.5054,0.6786,2.925
30.5056,0.6464,2.7821
30.5058,0.6609,2.8445
30.5060,0.6728,2.8956
30.5062,0.6766,2.9121
30.5064,0.6725,2.8959
30.5066,0.6694,2.8825
30.5068,0.7022,3.0206
30.5070,0.7309,3.1459
30.5072,0.6644,2.8635
30.5074,0.6198,2.6712
30.5076,0.6121,2.6357
30.5078,0.6213,2.6767
30.5080,0.6613,2.8448
30.5082,0.7746,3.326
30.5084,0.8206,3.5303
30.5086,0.7122,3.0654
30.5088,0.7078,3.0435
30.5090,0.7277,3.1334
30.5092,0.6096,2.6261
30.5094,0.5551,2.3949
30.5096,0.5416,2.3365
30.5098,0.5402,2.3313
30.5100,0.5276,2.2749
30.5102,0.5246,2.2641
30.5104,0.5432,2.3421
30.5106,0.5338,2.3018
30.5108,0.5261,2.2687
30.5110,0.5296,2.2837
30.5112,0.5285,2.2801
30.5114,0.5331,2.2976
30.5116,0.6072,2.6182
30.5118,0.5626,2.4225
30.5120,0.6047,2.6037
30.5122,0.5797,2.4998
30.5124,0.5316,2.2935
30.5126,0.527,2.2734
30.5128,0.5252,2.2656
30.5130,0.5239,2.261
30.5132,0.5266,2.2718
30.5134,0.5269,2.2707
30.5136,0.5248,2.264
30.5138,0.5252,2.2656
30.5140,0.5233,2.2552
30.5142,0.5231,2.2547
30.5144,0.5264,2.2687
30.5146,0.5254,2.2666
30.5148,0.6048,2.6054
30.5150,0.6525,2.8045
30.5152,0.7143,3.0727
30.5154,0.6792,2.9235
30.5156,0.6384,2.7488
30.5158,0.631,2.7148
30.5160,0.6735,2.8974
30.5162,0.7264,3.1234
30.5164,0.77,3.3064
30.5166,0.796,3.4214
30.5168,0.7996,3.4352
30.5170,0.7956,3.4193
30.5172,0.7386,3.173
30.5174,0.7086,3.0499
30.5176,0.6641,2.8585
30.5178,0.6504,2.8004
30.5180,0.6828,2.9349
30.5182,0.7411,3.1853
30.5184,0.7533,3.2394
30.5186,0.7472,3.2116
30.5188,0.7627,3.2781
30.5190,0.7679,3.3018
30.5192,0.6916,2.978
30.5194,0.6213,2.6755
30.5196,0.5928,2.5538
30.5198,0.6221,2.6798
30.5200,0.6452,2.7795
30.5202,0.5911,2.5477
30.5204,0.5032,2.1719
30.5206,0.471,2.0318
30.5208,0.4796,2.0662
30.5210,0.4904,2.1185
30.5212,0.4062,1.7541
30.5214,0.4644,2.0061
30.5216,0.3984,1.7204
30.5218,0.4221,1.8208
30.5220,0.483,2.0845
30.5222,0.4128,1.7818
30.5224,0.3888,1.6783
30.5226,0.3846,1.6617
30.5228,0.3842,1.6604
30.5230,0.3876,1.6739
30.5232,0.3921,1.693
30.5234,0.397,1.7142
30.5236,0.405,1.7489
30.5238,0.3723,1.6076
30.5240,0.389,1.6788
30.5242,0.4145,1.7898
30.5244,0.3982,1.7202
30.5246,0.4001,1.7261
30.5248,0.4204,1.8144
30.5250,0.4697,2.0233
30.5252,0.5825,2.5082
30.5254,0.5794,2.4936
30.5256,0.6181,2.6553
30.5258,0.7591,3.255
30.5260,0.8358,3.5874
30.5262,0.8029,3.4459
30.5264,0.803,3.448
30.5266,0.8276,3.5552
30.5268,0.8658,3.7109
30.5270,0.8706,3.7332
30.5272,0.8575,3.672
30.5274,0.9676,4.1453
30.5276,0.971,4.1616
30.5278,0.9752,4.1757
30.5280,0.9741,4.173
30.5282,0.9701,4.158
30.5284,0.9573,4.1068
30.5286,0.923,3.9616
30.5288,0.8731,3.7422
30.5290,0.9583,4.1052
30.5292,0.9778,4.185
30.5294,0.974,4.1705
30.5296,0.9821,4.2113
30.5298,0.9705,4.1576
30.5300,0.9732,4.1675
30.5302,0.97,4.1555
30.5304,0.9592,4.1151
30.5306,0.9126,3.9131
30.5308,0.9176,3.9366
30.5310,0.9236,3.9623
30.5312,0.9337,4.0055
30.5314,0.9465,4.0586
30.5316,0.939,4.0281
30.5318,0.9007,3.864
30.5320,0.9246,3.9646
30.5322,0.9236,3.966
30.5324,0.853,3.6644
30.5326,0.8131,3.4913
30.5328,0.8171,3.5104
30.5330,0.8236,3.5382
30.5332,0.7869,3.3775
30.5334,0.8519,3.6513
30.5336,0.9262,3.9792
30.5338,0.8114,3.4873
30.5340,0.7501,3.227
30.5342,0.6995,3.0121
30.5344,0.6992,3.0064
30.5346,0.7565,3.2498
30.5348,0.8229,3.5368
30.5350,0.7946,3.4136
30.5352,0.8204,3.5227
30.5354,0.815,3.5044
30.5356,0.8033,3.456
30.5358,0.7786,3.3451
30.5360,0.8071,3.4688
30.5362,0.7866,3.3854
30.5364,0.7215,3.1037
30.5366,0.7183,3.0903
30.5368,0.7627,3.2781
30.5370,0.7333,3.1562
30.5372,0.7014,3.0246
30.5374,0.6231,2.6857
30.5376,0.6228,2.6804
30.5378,0.6579,2.8369
30.5380,0.655,2.8192
30.5382,0.7177,3.0906
30.5384,0.6328,2.7263
30.5386,0.6177,2.6625
30.5388,0.5706,2.4616
30.5390,0.5047,2.1792
30.5392,0.4253,1.8373
30.5394,0.414,1.7902
30.5396,0.4098,1.7696
30.5398,0.4625,1.996
30.5400,0.4621,1.9944
30.5402,0.4671,2.0171
30.5404,0.4472,1.9312
30.5406,0.4434,1.9137
30.5408,0.4416,1.9068
30.5410,0.448,1.9352
30.5412,0.4456,1.9239
30.5414,0.4516,1.9489
30.5416,0.4441,1.9168
30.5418,0.4394,1.8975
30.5420,0.4478,1.9338
30.5422,0.4861,2.095
30.5424,0.5743,2.4765
30.5426,0.4964,2.1434
30.5428,0.4483,1.9367
30.5430,0.4504,1.9446
30.5432,0.4496,1.9406
30.5434,0.445,1.9195
30.5436,0.4749,2.0489
30.5438,0.4446,1.918
30.5440,0.4416,1.9042
30.5442,0.467,2.0147
30.5444,0.4522,1.9515
30.5446,0.446,1.926
30.5448,0.432,1.8646
30.5450,0.4403,1.8994
30.5452,0.4593,1.9816
30.5454,0.5055,2.1798
30.5456,0.5374,2.3119
30.5458,0.5933,2.5511
30.5460,0.637,2.7355
30.5462,0.6974,3.0056
30.5464,0.6063,2.6109
30.5466,0.5998,2.5801
30.5468,0.6259,2.6938
30.5470,0.6499,2.7983
30.5472,0.588,2.5319
30.5474,0.5465,2.3544
30.5476,0.5469,2.3559
30.5478,0.5725,2.463
30.5480,0.6481,2.788
30.5482,0.6679,2.8745
30.5484,0.6864,2.9517
30.5486,0.6263,2.6979
30.5488,0.5825,2.5094
30.5490,0.5837,2.5122
30.5492,0.5801,2.4979
30.5494,0.6241,2.6848
30.5496,0.6604,2.8411
30.5498,0.7175,3.0838
30.5500,0.7542,3.24
30.5502,0.7144,3.0661
30.5504,0.7496,3.2189
30.5506,0.7454,3.2009
30.5508,0.7433,3.1961
30.5510,0.7357,3.1621
30.5512,0.7158,3.078
30.5514,0.7334,3.1523
30.5516,0.674,2.9035
30.5518,0.587,2.5266
30.5520,0.6447,2.7736
30.5522,0.6275,2.7005
30.5524,0.6474,2.7888
30.5526,0.6019,2.593
30.5528,0.5671,2.4444
30.5530,0.5018,2.1657
30.5532,0.4713,2.0343
30.5534,0.4664,2.0131
30.5536,0.4663,2.0107
30.5538,0.4536,1.9559
30.5540,0.4448,1.9199
30.5542,0.503,2.1699
30.5544,0.4583,1.9788
30.5546,0.3939,1.7008
30.5548,0.3904,1.685
30.5550,0.4059,1.7534
30.5552,0.3936,1.6997
30.5554,0.3873,1.6707
30.5556,0.3886,1.6772
30.5558,0.3926,1.6919
30.5560,0.4758,2.0515
30.5562,0.4818,2.0803
30.5564,0.4275,1.8432
30.5566,0.5131,2.2103
30.5568,0.4992,2.1514
30.5570,0.4649,2.0063
30.5572,0.4046,1.7444
30.5574,0.3996,1.7248
30.5576,0.4019,1.7347
30.5578,0.4392,1.893
30.5580,0.5212,2.2433
30.5582,0.5875,2.5299
30.5584,0.6587,2.8313
30.5586,0.7361,3.1622
30.5588,0.7784,3.3363
30.5590,0.8452,3.6276
30.5592,0.7512,3.2271
30.5594,0.7607,3.2663
30.5596,0.815,3.4963
30.5598,0.8653,3.7054
30.5600,0.9126,3.915
30.5602,0.8255,3.5432
30.5604,0.8586,3.6783
30.5606,0.9177,3.9352
30.5608,0.8845,3.7893
30.5610,0.9063,3.8864
30.5612,0.9664,4.1421
30.5614,0.9517,4.0807
30.5616,0.9021,3.8666
30.5618,0.9084,3.8915
30.5620,0.9197,3.9416
30.5622,0.8342,3.5802
30.5624,0.8333,3.575
30.5626,0.8585,3.6864
30.5628,0.8264,3.5468
30.5630,0.8321,3.5731
30.5632,0.8119,3.4894
30.5634,0.7747,3.3234
30.5636,0.8026,3.4433
30.5638,0.8128,3.4886
30.5640,0.8137,3.4955
30.5642,0.8144,3.4969
30.5644,0.8223,3.5309
30.5646,0.8436,3.6226
30.5648,0.8221,3.5315
30.5650,0.7959,3.4161
30.5652,0.8541,3.6605
30.5654,0.9041,3.8748
30.5656,0.9216,3.9517
30.5658,0.9044,3.88
30.5660,0.9268,3.9762
30.5662,0.9566,4.1037
30.5664,0.9241,3.9588
30.5666,0.9628,4.1247
30.5668,0.9616,4.1215
30.5670,0.9144,3.9245
30.5672,0.8679,3.7283
30.5674,0.8506,3.649
30.5676,0.8693,3.731
30.5678,0.84,3.6054
30.5680,0.8099,3.4795
30.5682,0.7904,3.394
30.5684,0.82,3.5211
30.5686,0.8354,3.5837
30.5688,0.8676,3.7238
30.5690,0.8273,3.5559
30.5692,0.8087,3.4744
30.5694,0.7894,3.393
30.5696,0.803,3.4496
30.5698,0.7928,3.4059
30.5700,0.8175,3.5103
30.5702,0.8462,3.6334
30.5704,0.8596,3.6893
30.5706,0.883,3.7879
30.5708,0.8589,3.6931
30.5710,0.7729,3.3265
30.5712,0.7277,3.132
30.5714,0.6557,2.8236
30.5716,0.602,2.5935
30.5718,0.5971,2.576
30.5720,0.5777,2.4933
30.5722,0.4999,2.1585
30.5724,0.4789,2.064
30.5726,0.5705,2.4611
30.5728,0.5427,2.3422
30.5730,0.5281,2.277
30.5732,0.5276,2.2749
30.5734,0.5265,2.2723
30.5736,0.5273,2.277
30.5738,0.5291,2.2827
30.5740,0.5265,2.2702
30.5742,0.5259,2.2677
30.5744,0.5563,2.3956
30.5746,0.6659,2.8662
30.5748,0.6569,2.8301
30.5750,0.6079,2.6237
30.5752,0.5454,2.3519
30.5754,0.5372,2.3173
30.5756,0.5261,2.2708
30.5758,0.5304,2.2862
30.5760,0.5343,2.3028
30.5762,0.5326,2.2977
30.5764,0.5318,2.294
30.5766,0.5535,2.3799
30.5768,0.6657,2.8625
30.5770,0.7093,3.053
30.5772,0.611,2.6347
30.5774,0.5458,2.3546
30.5776,0.536,2.3068
30.5778,0.6716,2.8864
30.5780,0.7247,3.1147
30.5782,0.7104,3.0577
30.5784,0.6349,2.7351
30.5786,0.6533,2.8146
30.5788,0.6451,2.7803
30.5790,0.5845,2.5181
30.5792,0.5474,2.3602
30.5794,0.5406,2.3302
30.5796,0.5327,2.295
30.5798,0.5441,2.3441
30.5800,0.5574,2.4036
30.5802,0.5447,2.3488
30.5804,0.5375,2.3167
30.5806,0.5378,2.3199
30.5808,0.532,2.294
30.5810,0.5445,2.3413
30.5812,0.6635,2.8559
30.5814,0.6457,2.7803
30.5816,0.6254,2.6893
30.5818,0.6631,2.8538
30.5820,0.6595,2.8423
30.5822,0.6505,2.8022
30.5824,0.6362,2.7369
30.5826,0.677,2.911
30.5828,0.7278,3.1267
30.5830,0.7808,3.3512
30.5832,0.8336,3.5727
30.5834,0.8362,3.5923
30.5836,0.7266,3.1288
30.5838,0.6623,2.8547
30.5840,0.6609,2.8445
30.5842,0.644,2.7705
30.5844,0.7041,3.0261
30.5846,0.7204,3.0962
30.5848,0.6866,2.955
30.5850,0.6719,2.888
30.5852,0.753,3.2363
30.5854,0.8104,3.4783
30.5856,0.6981,3.0031
30.5858,0.75,3.222
30.5860,0.7152,3.0769
30.5862,0.6915,2.9706
30.5864,0.7432,3.1941
30.5866,0.7379,3.1773
30.5868,0.6761,2.9074
30.5870,0.6478,2.7909
30.5872,0.6071,2.6152
30.5874,0.6476,2.7885
30.5876,0.6161,2.6528
30.5878,0.6087,2.6237
30.5880,0.5747,2.4781
30.5882,0.4958,2.1349
30.5884,0.5408,2.3307
30.5886,0.5403,2.3286
30.5888,0.5688,2.4527
30.5890,0.4881,2.1067
30.5892,0.4167,1.8
30.5894,0.4093,1.7692
30.5896,0.4133,1.7838
30.5898,0.4237,1.8305
30.5900,0.4099,1.771
30.5902,0.4077,1.7611
30.5904,0.4042,1.7469
30.5906,0.4108,1.7746
30.5908,0.4175,1.7986
30.5910,0.4917,2.1213
30.5912,0.4802,2.0726
30.5914,0.4958,2.1349
30.5916,0.5821,2.5055
30.5918,0.648,2.7849
30.5920,0.7019,3.0182
30.5922,0.7045,3.031
30.5924,0.7074,3.0419
30.5926,0.7315,3.1426
30.5928,0.7762,3.3332
30.5930,0.7809,3.3533
30.5932,0.8418,3.6081
30.5934,0.8832,3.7889
30.5936,0.8326,3.5752
30.5938,0.8605,3.6917
30.5940,0.8879,3.809
30.5942,0.9015,3.8658
30.5944,0.9322,3.99
30.5946,0.9631,4.1219
30.5948,0.9646,4.1324
30.5950,0.932,4.0039
30.5952,0.8629,3.7037
30.5954,0.8386,3.5959
30.5956,0.8977,3.8476
30.5958,0.9451,4.0544
30.5960,0.9066,3.8892
30.5962,0.8892,3.8111
30.5964,0.8951,3.8417
30.5966,0.8422,3.6181
30.5968,0.8598,3.6886
30.5970,0.9053,3.8836
30.5972,0.8755,3.756
30.5974,0.8872,3.8077
30.5976,0.8355,3.5892
30.5978,0.8416,3.6105
30.5980,0.8948,3.8388
30.5982,0.8603,3.6941
30.5984,0.8755,3.7578
30.5986,0.9156,3.926
30.5988,0.9384,4.0237
30.5990,0.9327,3.9995
30.5992,0.938,4.024
30.5994,0.9309,3.9955
30.5996,0.8694,3.735
30.5998,0.8098,3.4822
30.6000,0.7234,3.112
30.6002,0.7548,3.2456
30.6004,0.7779,3.342
30.6006,0.7705,3.3085
30.6008,0.777,3.3379
30.6010,0.8157,3.5059
30.6012,0.7537,3.2455
30.6014,0.7219,3.1058
30.6016,0.7645,3.2873
30.6018,0.7372,3.1713
30.6020,0.7023,3.024
30.6022,0.6796,2.9264
30.6024,0.6138,2.6454
30.6026,0.6211,2.6744
30.6028,0.7173,3.0885
30.6030,0.6644,2.8595
30.6032,0.7141,3.0722
30.6034,0.7595,3.2672
30.6036,0.6634,2.8607
30.6038,0.5109,2.2051
30.6040,0.5321,2.2935
30.6042,0.6326,2.7253
30.6044,0.6637,2.8564
30.6046,0.6626,2.8504
30.6048,0.6952,2.9977
30.6050,0.5848,2.5238
30.6052,0.5125,2.2097
30.6054,0.534,2.3017
30.6056,0.5385,2.3198
30.6058,0.623,2.6827
30.6060,0.6283,2.7054
30.6062,0.6559,2.8229
30.6064,0.7022,3.0235
30.6066,0.6603,2.8433
30.6068,0.5808,2.5056
30.6070,0.473,2.0415
30.6072,0.4601,1.9829
30.6074,0.5906,2.5457
30.6076,0.5375,2.321
30.6078,0.4559,1.9684
30.6080,0.4484,1.9363
30.6082,0.4834,2.0856
30.6084,0.5288,2.2822
30.6086,0.4634,1.9992
30.6088,0.4534,1.9558
30.6090,0.45,1.9413
30.6092,0.4599,1.9851
30.6094,0.4719,2.0378
30.6096,0.4753,2.0533
30.6098,0.4609,1.9893
30.6100,0.4619,1.9925
30.6102,0.4575,1.9739
30.6104,0.4604,1.9881
30.6106,0.4674,2.0153
30.6108,0.5183,2.234
30.6110,0.5041,2.1756
30.6112,0.4447,1.9203
30.6114,0.4453,1.9229
30.6116,0.446,1.9242
30.6118,0.4463,1.9252
30.6120,0.4484,1.9363
30.6122,0.4441,1.9168
30.6124,0.4575,1.972
30.6126,0.5102,2.1989
30.6128,0.5392,2.325
30.6130,0.5186,2.2392
30.6132,0.4585,1.9789
30.6134,0.4547,1.9624
30.6136,0.4548,1.9638
30.6138,0.455,1.963
30.6140,0.4837,2.0828
30.6142,0.5364,2.3099
30.6144,0.5605,2.4137
30.6146,0.5701,2.4573
30.6148,0.5492,2.3669
30.6150,0.5541,2.3869
30.6152,0.5526,2.3818
30.6154,0.559,2.407
30.6156,0.618,2.6573
30.6158,0.6498,2.7926
30.6160,0.6819,2.9321
30.6162,0.6816,2.927
30.6164,0.7434,3.1996
30.6166,0.6839,2.9381
30.6168,0.7832,3.3631
30.6170,0.7487,3.2208
30.6172,0.6772,2.9134
30.6174,0.6622,2.8515
30.6176,0.597,2.5683
30.6178,0.5947,2.5609
30.6180,0.5747,2.4769
30.6182,0.5643,2.432
30.6184,0.5852,2.5166
30.6186,0.6457,2.7803
30.6188,0.6057,2.6059
30.6190,0.6456,2.7785
30.6192,0.6053,2.6039
30.6194,0.6556,2.8218
30.6196,0.6173,2.6579
30.6198,0.5828,2.5109
30.6200,0.5809,2.5015
30.6202,0.5663,2.4396
30.6204,0.5355,2.309
30.6206,0.4978,2.1437
30.6208,0.5229,2.2558
30.6210,0.3998,1.7269
30.6212,0.3898,1.6839
30.6214,0.3936,1.6997
30.6216,0.3963,1.7103
30.6218,0.3905,1.6855
30.6220,0.394,1.7013
30.6222,0.3978,1.7179
30.6224,0.397,1.7095
30.6226,0.4873,2.1002
30.6228,0.4356,1.8792
30.6230,0.4665,2.0127
30.6232,0.4475,1.9304
30.6234,0.4019,1.7339
30.6236,0.3922,1.6943
30.6238,0.3779,1.6319
30.6240,0.4042,1.7421
30.6242,0.4857,2.0935
30.6244,0.5428,2.3297
30.6246,0.7412,3.1814
30.6248,0.7519,3.2257
30.6250,0.8079,3.4724
30.6252,0.7486,3.2173
30.6254,0.7322,3.1428
30.6256,0.7928,3.4043
30.6258,0.8186,3.5133
30.6260,0.8266,3.5445
30.6262,0.8665,3.7192
30.6264,0.8444,3.6206
30.6266,0.8448,3.6226
30.6268,0.8839,3.7903
30.6270,0.8604,3.6895
30.6272,0.8556,3.6706
30.6274,0.8408,3.6052
30.6276,0.8457,3.6262
30.6278,0.8448,3.6243
30.6280,0.8995,3.8553
30.6282,0.9667,4.1411
30.6284,0.9689,4.147
30.6286,0.9958,4.266
30.6288,0.9667,4.1392
30.6290,0.9791,4.1907
30.6292,0.9613,4.1238
30.6294,0.8352,3.5849
30.6296,0.8216,3.5262
30.6298,0.8523,3.6596
30.6300,0.8361,3.5885
30.6302,0.8186,3.5133
30.6304,0.8133,3.4891
30.6306,0.8665,3.7122
30.6308,0.8888,3.8113
30.6310,0.8556,3.6723
30.6312,0.8418,3.6165
30.6314,0.8189,3.5165
30.6316,0.8211,3.5241
30.6318,0.8447,3.6204
30.6320,0.8944,3.8332
30.6322,0.9007,3.8676
30.6324,0.8138,3.496
30.6326,0.8332,3.5778
30.6328,0.8294,3.5646
30.6330,0.8198,3.5185
30.6332,0.814,3.4954
30.6334,0.7821,3.36
30.6336,0.7776,3.3373
30.6338,0.8459,3.629
30.6340,0.8569,3.6797
30.6342,0.8108,3.4815
30.6344,0.8571,3.6819
30.6346,0.8025,3.4556
30.6348,0.665,2.8594
30.6350,0.7627,3.272
30.6352,0.8037,3.4495
30.6354,0.7529,3.2403
30.6356,0.682,2.9326
30.6358,0.7501,3.2225
30.6360,0.7768,3.3373
30.6362,0.7962,3.4203
30.6364,0.8298,3.57
30.6366,0.6995,3.0079
30.6368,0.726,3.1218
30.6370,0.7568,3.2528
30.6372,0.7527,3.2428
30.6374,0.6796,2.9278
30.6376,0.6381,2.7529
30.6378,0.567,2.4439
30.6380,0.5656,2.4365
30.6382,0.5709,2.4604
30.6384,0.5677,2.4481
30.6386,0.5707,2.4587
30.6388,0.5868,2.5268
30.6390,0.5911,2.5489
30.6392,0.5633,2.4301
30.6394,0.5496,2.3689
30.6396,0.5363,2.3116
30.6398,0.5352,2.309
30.6400,0.538,2.3188
30.6402,0.5453,2.3503
30.6404,0.5415,2.3359
30.6406,0.5346,2.3086
30.6408,0.5298,2.2826
30.6410,0.5801,2.4979
30.6412,0.6155,2.6526
30.6414,0.5487,2.3659
30.6416,0.5215,2.2475
30.6418,0.5249,2.2625
30.6420,0.5259,2.2687
30.6422,0.5321,2.2956
30.6424,0.538,2.3166
30.6426,0.5447,2.3499
30.6428,0.5132,2.2149
30.6430,0.5545,2.3868
30.6432,0.6331,2.7248
30.6434,0.621,2.6764
30.6436,0.5802,2.4984
30.6438,0.6103,2.6292
30.6440,0.5765,2.4847
30.6442,0.5494,2.3657
30.6444,0.6045,2.602
30.6446,0.6199,2.6693
30.6448,0.6246,2.6882
30.6450,0.6533,2.8107
30.6452,0.664,2.8566
30.6454,0.661,2.8437
30.6456,0.6947,2.9873
30.6458,0.7113,3.0613
30.6460,0.7361,3.1637
30.6462,0.7322,3.1501
30.6464,0.6465,2.7839
30.6466,0.6224,2.6814
30.6468,0.6414,2.7591
30.6470,0.6994,3.006
30.6472,0.7117,3.0591
30.6474,0.7233,3.1114
30.6476,0.7291,3.1353
30.6478,0.7366,3.1643
30.6480,0.7412,3.1888
30.6482,0.741,3.1863
30.6484,0.7326,3.1458
30.6486,0.7894,3.3867
30.6488,0.8333,3.5783
30.6490,0.8209,3.5264
30.6492,0.8521,3.6574
30.6494,0.8278,3.5579
30.6496,0.7745,3.3286
30.6498,0.7164,3.0806
30.6500,0.6468,2.7849
30.6502,0.6406,2.756
30.6504,0.7487,3.2193
30.6506,0.7599,3.2693
30.6508,0.6731,2.8972
30.6510,0.6646,2.8605
30.6512,0.6685,2.8784
30.6514,0.6505,2.7996
30.6516,0.6367,2.7365
30.6518,0.6898,2.9648
30.6520,0.7197,3.0974
30.6522,0.6872,2.9589
30.6524,0.5986,2.575
30.6526,0.5989,2.5825
30.6528,0.5192,2.2397
30.6530,0.5188,2.2361
30.6532,0.5126,2.2082
30.6534,0.5139,2.2149
30.6536,0.5294,2.2858
30.6538,0.4117,1.7796
30.6540,0.4036,1.7435
30.6542,0.4035,1.743
30.6544,0.3923,1.6933
30.6546,0.3902,1.6832
30.6548,0.3898,1.6824
30.6550,0.3945,1.7034
30.6552,0.3914,1.6899
30.6554,0.4229,1.8252
30.6556,0.406,1.7539
30.6558,0.3834,1.6557
30.6560,0.3921,1.6938
30.6562,0.3933,1.699
30.6564,0.3946,1.7039
30.6566,0.4237,1.8255
30.6568,0.5049,2.1772
30.6570,0.5109,2.202
30.6572,0.5114,2.2041
30.6574,0.543,2.3394
30.6576,0.6394,2.7534
30.6578,0.6213,2.6742
30.6580,0.6258,2.6896
30.6582,0.7075,3.0382
30.6584,0.7507,3.222
30.6586,0.7868,3.3754
30.6588,0.8369,3.5937
30.6590,0.8114,3.4857
30.6592,0.8266,3.5495
30.6594,0.8629,3.7003
30.6596,0.861,3.6955
30.6598,0.8417,3.6076
30.6600,0.9472,4.0579
30.6602,0.9869,4.224
30.6604,0.9746,4.1712
30.6606,0.9376,4.0187
30.6608,0.9632,4.1301
30.6610,0.9663,4.1415
30.6612,0.9348,4.0139
30.6614,0.8285,3.556
30.6616,0.8646,3.7109
30.6618,0.8824,3.7818
30.6620,0.8794,3.769
30.6622,0.917,3.934
30.6624,0.8958,3.8412
30.6626,0.9069,3.8926
30.6628,0.867,3.723
30.6630,0.8203,3.5189
30.6632,0.8584,3.6859
30.6634,0.8378,3.5923
30.6636,0.9117,3.9077
30.6638,0.8976,3.8578
30.6640,0.8235,3.5361
30.6642,0.8668,3.7167
30.6644,0.8653,3.7175
30.6646,0.855,3.6681
30.6648,0.8936,3.8337
30.6650,0.8376,3.5985
30.6652,0.8418,3.6132
30.6654,0.8378,3.5973
30.6656,0.8909,3.8201
30.6658,0.9379,4.0254
30.6660,0.8593,3.6935
30.6662,0.8382,3.5977
30.6664,0.8523,3.6579
30.6666,0.793,3.4053
30.6668,0.7879,3.3863
30.6670,0.832,3.5776
30.6672,0.8302,3.5699
30.6674,0.7693,3.3064
30.6676,0.7808,3.3559
30.6678,0.8266,3.5478
30.6680,0.8368,3.5932
30.6682,0.8073,3.4698
30.6684,0.805,3.4616
30.6686,0.7844,3.3714
30.6688,0.7524,3.2383
30.6690,0.7169,3.0841
30.6692,0.7386,3.1775
30.6694,0.7887,3.3868
30.6696,0.8234,3.5405
30.6698,0.6914,2.9784
30.6700,0.5777,2.4956
30.6702,0.5498,2.3705
30.6704,0.6416,2.7602
30.6706,0.6747,2.9079
30.6708,0.6204,2.6713
30.6710,0.6747,2.9039
30.6712,0.5974,2.5806
30.6714,0.4364,1.8863
30.6716,0.4153,1.7959
30.6718,0.4135,1.7849
30.6720,0.4611,1.9921
30.6722,0.454,1.9602
30.6724,0.4559,1.9684
30.6726,0.4549,1.9634
30.6728,0.4567,1.9721
30.6730,0.4565,1.9701
30.6732,0.4568,1.9717
30.6734,0.4574,1.9724
30.6736,0.5513,2.3751
30.6738,0.6237,2.6933
30.6740,0.495,2.1352
30.6742,0.4936,2.1276
30.6744,0.5042,2.1761
30.6746,0.4542,1.9612
30.6748,0.4477,1.9314
30.6750,0.4514,1.9493
30.6752,0.4512,1.9492
30.6754,0.4495,1.941
30.6756,0.4466,1.9268
30.6758,0.4466,1.9286
30.6760,0.4534,1.9576
30.6762,0.4512,1.9464
30.6764,0.4492,1.9368
30.6766,0.4523,1.9493
30.6768,0.4996,2.1534
30.6770,0.5409,2.3323
30.6772,0.546,2.3545
30.6774,0.5451,2.3515
30.6776,0.5132,2.2139
30.6778,0.4717,2.0358
30.6780,0.4621,1.9944
30.6782,0.464,1.999
30.6784,0.5518,2.3782
30.6786,0.5596,2.4118
30.6788,0.5556,2.3948
30.6790,0.5656,2.4354
30.6792,0.5727,2.4647
30.6794,0.5412,2.336
30.6796,0.4625,1.996
30.6798,0.4507,1.9444
30.6800,0.4882,2.1034
30.6802,0.5505,2.3714
30.6804,0.5655,2.4349
30.6806,0.5626,2.4259
30.6808,0.5496,2.3678
30.6810,0.565,2.4339
30.6812,0.5644,2.4314
30.6814,0.5622,2.4198
30.6816,0.5661,2.4386
30.6818,0.565,2.4305
30.6820,0.6215,2.671
30.6822,0.7024,3.0161
30.6824,0.7983,3.428
30.6826,0.8292,3.5591
30.6828,0.7903,3.395
30.6830,0.7356,3.1616
30.6832,0.6832,2.9391
30.6834,0.5969,2.5701
30.6836,0.5828,2.5062
30.6838,0.645,2.7759
30.6840,0.599,2.5806
30.6842,0.5885,2.534
30.6844,0.615,2.6456
30.6846,0.6845,2.9407
30.6848,0.7023,3.0184
30.6850,0.6992,3.0078
30.6852,0.6786,2.9182
30.6854,0.6818,2.937
30.6856,0.6199,2.6718
30.6858,0.5288,2.279
30.6860,0.5314,2.2882
30.6862,0.5198,2.2371
30.6864,0.5471,2.357
30.6866,0.5469,2.357
30.6868,0.5457,2.3464
30.6870,0.6275,2.6993
30.6872,0.6117,2.6391
30.6874,0.4981,2.1457
30.6876,0.5099,2.1979
30.6878,0.5001,2.1525
30.6880,0.5427,2.3389
30.6882,0.5288,2.2769
30.6884,0.6209,2.6709
30.6886,0.6126,2.639
30.6888,0.5291,2.2827
30.6890,0.4186,1.8083
30.6892,0.3929,1.6974
30.6894,0.3911,1.6889
30.6896,0.3974,1.7142
30.6898,0.4001,1.7261
30.6900,0.4114,1.7747
30.6902,0.4187,1.8054
30.6904,0.483,2.0806
30.6906,0.594,2.5554
30.6908,0.7069,3.0342
30.6910,0.7412,3.1873
30.6912,0.6921,2.9746
30.6914,0.7032,3.0211
30.6916,0.7233,3.1042
30.6918,0.748,3.2102
30.6920,0.7667,3.2905
30.6922,0.8261,3.5474
30.6924,0.8422,3.6113
30.6926,0.8391,3.5946
30.6928,0.8856,3.7939
30.6930,0.8912,3.8181
30.6932,0.8969,3.8422
30.6934,0.9156,3.926
30.6936,0.9434,4.0396
30.6938,1.0015,4.2866
30.6940,1.0005,4.288
30.6942,0.8933,3.8286
30.6944,0.9244,3.9603
30.6946,0.9849,4.2173
30.6948,0.9199,3.9445
30.6950,0.8206,3.5237
30.6952,0.8288,3.5571
30.6954,0.8338,3.5753
30.6956,0.8231,3.5312
30.6958,0.8484,3.6432
30.6960,0.8312,3.5674
30.6962,0.8284,3.5539
30.6964,0.818,3.5108
30.6966,0.8518,3.6508
30.6968,0.9614,4.1224
30.6970,0.9225,3.9577
30.6972,0.832,3.571
30.6974,0.8638,3.7073
30.6976,0.8731,3.7475
30.6978,0.8237,3.5371
30.6980,0.7884,3.3821
30.6982,0.9035,3.8813
30.6984,0.8688,3.729
30.6986,0.8862,3.8
30.6988,0.9025,3.8718
30.6990,0.8815,3.7817
30.6992,0.8692,3.7322
30.6994,0.7803,3.357
30.6996,0.7147,3.072
30.6998,0.7589,3.2616
30.7000,0.7821,3.36
30.7002,0.858,3.6878
30.7004,0.8444,3.6257
30.7006,0.8446,3.6267
30.7008,0.8331,3.5773
30.7010,0.8583,3.6888
30.7012,0.7935,3.4074
30.7014,0.8144,3.5067
30.7016,0.7095,3.0507
30.7018,0.7302,3.1384
30.7020,0.7635,3.2863
30.7022,0.7,3.0114
30.7024,0.6724,2.8927
30.7026,0.658,2.8321
30.7028,0.6561,2.8278
30.7030,0.5846,2.5198
30.7032,0.641,2.7601
30.7034,0.614,2.6452
30.7036,0.5855,2.5234
30.7038,0.6278,2.7021
30.7040,0.678,2.917
30.7042,0.6617,2.8508
30.7044,0.6176,2.6607
30.7046,0.6151,2.6511
30.7048,0.643,2.7663
30.7050,0.7382,3.1759
30.7052,0.6975,3.0061
30.7054,0.6369,2.7426
30.7056,0.6239,2.6851
30.7058,0.6225,2.6794
30.7060,0.6816,2.9365
30.7062,0.6651,2.8639
30.7064,0.6709,2.8847
30.7066,0.7215,3.1037
30.7068,0.7199,3.1013
30.7070,0.6506,2.8014
30.7072,0.5731,2.4725
30.7074,0.5338,2.3007
30.7076,0.571,2.4643
30.7078,0.5338,2.3028
30.7080,0.5277,2.2743
30.7082,0.5301,2.2868
30.7084,0.529,2.2811
30.7086,0.5458,2.3535
30.7088,0.5369,2.3152
30.7090,0.524,2.2594
30.7092,0.5241,2.2609
30.7094,0.5263,2.2703
30.7096,0.5303,2.2847
30.7098,0.6041,2.5975
30.7100,0.6812,2.9372
30.7102,0.5602,2.4166
30.7104,0.5392,2.324
30.7106,0.5414,2.3311
30.7108,0.5339,2.3034
30.7110,0.5363,2.3137
30.7112,0.541,2.3306
30.7114,0.6049,2.6047
30.7116,0.5706,2.4594
30.7118,0.5354,2.3096
30.7120,0.5224,2.2527
30.7122,0.5194,2.2377
30.7124,0.5193,2.2371
30.7126,0.5257,2.2666
30.7128,0.5348,2.3048
30.7130,0.6093,2.6226
30.7132,0.6591,2.8368
30.7134,0.6344,2.7317
30.7136,0.6411,2.7607
30.7138,0.638,2.7421
30.7140,0.6765,2.9089
30.7142,0.6915,2.9761
30.7144,0.6466,2.7805
30.7146,0.691,2.9685
30.7148,0.727,3.1231
30.7150,0.7855,3.3744
30.7152,0.8173,3.5126
30.7154,0.768,3.2992
30.7156,0.7796,3.3492
30.7158,0.6821,2.9359
30.7160,0.6723,2.8936
30.7162,0.6867,2.9541
30.7164,0.6867,2.9527
30.7166,0.7505,3.2255
30.7168,0.7912,3.4007
30.7170,0.7381,3.1739
30.7172,0.7177,3.0848
30.7174,0.7048,3.0278
30.7176,0.6815,2.9319
30.7178,0.6677,2.8726
30.7180,0.7095,3.0507
30.7182,0.7089,3.0453
30.7184,0.7296,3.1373
30.7186,0.6894,2.9632
30.7188,0.7071,3.046
30.7190,0.5535,2.3899
30.7192,0.4279,1.8478
30.7194,0.4101,1.7707
30.7196,0.4639,2.0022
30.7198,0.4902,2.1175
30.7200,0.4052,1.7486
30.7202,0.4007,1.7295
30.7204,0.4091,1.7665
30.7206,0.4081,1.7624
30.7208,0.4066,1.7565
30.7210,0.4032,1.7412
30.7212,0.403,1.7385
30.7214,0.47,2.0295
30.7216,0.4155,1.794
30.7218,0.3983,1.7199
30.7220,0.3797,1.6397
30.7222,0.4031,1.7406
30.7224,0.3897,1.6827
30.7226,0.3892,1.6806
30.7228,0.4074,1.7593
30.7230,0.4558,1.9688
30.7232,0.4204,1.8127
30.7234,0.5316,2.2871
30.7236,0.6369,2.7375
30.7238,0.706,3.0329
30.7240,0.7115,3.0609
30.7242,0.699,3.0002
30.7244,0.8116,3.4835
30.7246,0.8125,3.4855
30.7248,0.8673,3.7205
30.7250,0.8785,3.7671
30.7252,0.8653,3.7123
30.7254,0.8514,3.6526
30.7256,0.858,3.6775
30.7258,0.929,3.9854
30.7260,0.9001,3.8579
30.7262,0.9331,3.9955
30.7264,0.9653,4.1336
30.7266,0.9645,4.1319
30.7268,0.9806,4.2007
30.7270,0.9045,3.8841
30.7272,0.8628,3.6998
30.7274,0.9426,4.0398
30.7276,0.9556,4.0939
30.7278,0.9868,4.2314
30.7280,0.9682,4.1478
30.7282,0.9759,4.1788
30.7284,0.9741,4.173
30.7286,0.9183,3.936
30.7288,0.885,3.8002
30.7290,0.8301,3.5694
30.7292,0.8159,3.5036
30.7294,0.8561,3.6693
30.7296,0.9374,4.0177
30.7298,0.9517,4.0788
30.7300,0.9453,4.0573
30.7302,0.8921,3.827
30.7304,0.8813,3.7807
30.7306,0.8704,3.7374
30.7308,0.8824,3.7906
30.7310,0.8972,3.8437
30.7312,1.0053,4.3066
30.7314,0.9544,4.0964
30.7316,0.8535,3.6648
30.7318,0.8258,3.5475
30.7320,0.8092,3.4764
30.7322,0.7964,3.4261
30.7324,0.7475,3.2171
30.7326,0.764,3.2792
30.7328,0.8307,3.5686
30.7330,0.8502,3.6509
30.7332,0.8374,3.5991
30.7334,0.7444,3.2007
30.7336,0.7206,3.1001
30.7338,0.7418,3.1958
30.7340,0.649,2.796
30.7342,0.6071,2.6165
30.7344,0.6095,2.6219
30.7346,0.7181,3.0864
30.7348,0.741,3.1833
30.7350,0.7501,3.233
30.7352,0.6307,2.7208
30.7354,0.5508,2.373
30.7356,0.5775,2.4888
30.7358,0.5891,2.5413
30.7360,0.5798,2.5003
30.7362,0.5252,2.2635
30.7364,0.5097,2.1979
30.7366,0.5549,2.3905
30.7368,0.6446,2.7821
30.7370,0.5197,2.2428
30.7372,0.4971,2.1446
30.7374,0.5019,2.1673
30.7376,0.5223,2.2521
30.7378,0.546,2.3545
30.7380,0.5068,2.1854
30.7382,0.5079,2.1911
30.7384,0.5045,2.1776
30.7386,0.5405,2.3307
30.7388,0.5536,2.3871
30.7390,0.5655,2.4383
30.7392,0.5388,2.3246
30.7394,0.4619,1.9934
30.7396,0.4469,1.9278
30.7398,0.4665,2.0108
30.7400,0.5038,2.1766
30.7402,0.4619,1.9953
30.7404,0.464,2.0009
30.7406,0.4617,1.992
30.7408,0.4584,1.9802
30.7410,0.4587,1.98
30.7412,0.4623,1.9936
30.7414,0.4593,1.9816
30.7416,0.4586,1.9794
30.7418,0.4693,2.0246
30.7420,0.4651,2.0083
30.7422,0.4469,1.9278
30.7424,0.4548,1.9638
30.7426,0.4468,1.9291
30.7428,0.447,1.9283
30.7430,0.4462,1.9229
30.7432,0.5164,2.2247
30.7434,0.564,2.4287
30.7436,0.5534,2.386
30.7438,0.5441,2.3441
30.7440,0.5602,2.4133
30.7442,0.585,2.5214
30.7444,0.5953,2.5622
30.7446,0.6259,2.6901
30.7448,0.6651,2.8639
30.7450,0.6269,2.7005
30.7452,0.5751,2.475
30.7454,0.5695,2.4547
30.7456,0.5707,2.4576
30.7458,0.6381,2.7439
30.7460,0.7374,3.1649
30.7462,0.8038,3.45
30.7464,0.7471,3.2141
30.7466,0.6336,2.7256
30.7468,0.6137,2.6424
30.7470,0.5775,2.4865
30.7472,0.5812,2.5037
30.7474,0.6039,2.597
30.7476,0.715,3.0701
30.7478,0.7441,3.1952
30.7480,0.7897,3.3861
30.7482,0.8563,3.6737
30.7484,0.8321,3.5731
30.7486,0.7938,3.41
30.7488,0.7559,3.2487
30.7490,0.6832,2.9446
30.7492,0.5568,2.401
30.7494,0.5125,2.2097
30.7496,0.5194,2.2377
30.7498,0.5775,2.4865
30.7500,0.5731,2.4702
30.7502,0.5775,2.4865
30.7504,0.6019,2.5918
30.7506,0.5861,2.5237
30.7508,0.5776,2.487
30.7510,0.5957,2.565
30.7512,0.5924,2.5499
30.7514,0.6529,2.8073
30.7516,0.6661,2.8681
30.7518,0.628,2.7082
30.7520,0.5409,2.3312
30.7522,0.5373,2.3168
30.7524,0.4968,2.145
30.7526,0.4078,1.76
30.7528,0.3984,1.7189
30.7530,0.4113,1.775
30.7532,0.436,1.8799
30.7534,0.448,1.9343
30.7536,0.3975,1.7171
30.7538,0.3951,1.7067
30.7540,0.3958,1.7083
30.7542,0.3936,1.6974
30.7544,0.3932,1.6977
30.7546,0.4054,1.7489
30.7548,0.4426,1.9092
30.7550,0.3993,1.7217
30.7552,0.3905,1.6855
30.7554,0.392,1.6925
30.7556,0.3903,1.6852
30.7558,0.3917,1.6915
30.7560,0.4206,1.812
30.7562,0.5216,2.2438
30.7564,0.6006,2.5813
30.7566,0.6492,2.7875
30.7568,0.6963,2.9926
30.7570,0.6717,2.8896
30.7572,0.6199,2.6668
30.7574,0.6776,2.9108
30.7576,0.7354,3.1591
30.7578,0.8066,3.4602
30.7580,0.8498,3.642
30.7582,0.8566,3.6713
30.7584,0.8616,3.6929
30.7586,0.8842,3.7931
30.7588,0.8707,3.7354
30.7590,0.9084,3.8879
30.7592,0.9843,4.2108
30.7594,0.9915,4.2475
30.7596,0.9754,4.1767
30.7598,0.9936,4.2527
30.7600,0.979,4.1901
30.7602,0.9966,4.2736
30.7604,0.9421,4.0396
30.7606,0.8831,3.7902
30.7608,0.868,3.7253
30.7610,0.8959,3.8435
30.7612,0.8911,3.8193
30.7614,0.8881,3.8083
30.7616,0.8908,3.8249
30.7618,0.8614,3.6988
30.7620,0.8042,3.4516
30.7622,0.8336,3.576
30.7624,0.8701,3.7346
30.7626,0.8711,3.7335
30.7628,0.8818,3.7775
30.7630,0.9446,4.0484
30.7632,0.8909,3.8271
30.7634,0.8443,3.6256
30.7636,0.8915,3.8208
30.7638,0.9361,4.0082
30.7640,0.9543,4.0863
30.7642,0.957,4.0981
30.7644,0.9937,4.2591
30.7646,0.9742,4.1773
30.7648,0.9356,4.0155
30.7650,0.8814,3.7864
30.7652,0.8496,3.6482
30.7654,0.8597,3.6966
30.7656,0.7909,3.3975
30.7658,0.8258,3.5458
30.7660,0.8448,3.6293
30.7662,0.8598,3.6954
30.7664,0.85,3.6515
30.7666,0.8569,3.6762
30.7668,0.8663,3.7198
30.7670,0.8518,3.6592
30.7672,0.8331,3.5739
30.7674,0.8475,3.639
30.7676,0.7935,3.4121
30.7678,0.7701,3.3131
30.7680,0.6996,3.0126
30.7682,0.6182,2.6632
30.7684,0.6445,2.7776
30.7686,0.6235,2.6872
30.7688,0.5864,2.5263
30.7690,0.5917,2.5479
30.7692,0.6461,2.7797
30.7694,0.705,3.0344
30.7696,0.7389,3.1819
30.7698,0.6765,2.9116
30.7700,0.658,2.8321
30.7702,0.6989,3.0053
30.7704,0.7015,3.0194
30.7706,0.6849,2.9491
30.7708,0.6289,2.7079
30.7710,0.6038,2.6025
30.7712,0.6077,2.6202
30.7714,0.6078,2.6183
30.7716,0.6145,2.646
30.7718,0.6081,2.6198
30.7720,0.6229,2.6859
30.7722,0.5903,2.537
30.7724,0.7508,3.23
30.7726,0.6566,2.8338
30.7728,0.5316,2.2935
30.7730,0.5143,2.2185
30.7732,0.5057,2.1828
30.7734,0.5071,2.1874
30.7736,0.5079,2.1901
30.7738,0.5099,2.1999
30.7740,0.5096,2.1983
30.7742,0.5089,2.1942
30.7744,0.508,2.1916
30.7746,0.5126,2.2102
30.7748,0.5412,2.3349
30.7750,0.5161,2.2273
30.7752,0.5097,2.1978
30.7754,0.5074,2.189
30.7756,0.5726,2.4647
30.7758,0.6806,2.9264
30.7760,0.6984,3.0074
30.7762,0.6062,2.614
30.7764,0.5419,2.3369
30.7766,0.5753,2.4783
30.7768,0.5537,2.3887
30.7770,0.5204,2.2459
30.7772,0.5267,2.267
30.7774,0.5657,2.4393
30.7776,0.5585,2.4049
30.7778,0.6095,2.6255
30.7780,0.6279,2.7063
30.7782,0.6066,2.6095
30.7784,0.6067,2.6136
30.7786,0.6097,2.6266
30.7788,0.6127,2.6358
30.7790,0.666,2.8613
30.7792,0.7001,3.009
30.7794,0.6987,3.0084
30.7796,0.6254,2.6955
30.7798,0.6115,2.6306
30.7800,0.6647,2.8557
30.7802,0.7271,3.1279
30.7804,0.6954,2.9931
30.7806,0.6918,2.9748
30.7808,0.6832,2.9364
30.7810,0.7129,3.0656
30.7812,0.7389,3.1775
30.7814,0.7542,3.2445
30.7816,0.6907,2.9744
30.7818,0.6806,2.9277
30.7820,0.6831,2.9372
30.7822,0.7321,3.1452
30.7824,0.7265,3.1209
30.7826,0.6985,3.0079
30.7828,0.6608,2.844
30.7830,0.7229,3.104
30.7832,0.7732,3.3265
30.7834,0.7665,3.293
30.7836,0.7303,3.1403
30.7838,0.6704,2.8852
30.7840,0.629,2.7085
30.7842,0.6134,2.6438
30.7844,0.6507,2.8006
30.7846,0.6494,2.7949
30.7848,0.6488,2.7924
30.7850,0.6635,2.8532
30.7852,0.6681,2.8728
30.7854,0.6834,2.9401
30.7856,0.6868,2.9559
30.7858,0.6354,2.7358
30.7860,0.6148,2.65
30.7862,0.5342,2.3054
30.7864,0.5218,2.2479
30.7866,0.5646,2.4301
30.7868,0.5838,2.5162
30.7870,0.4609,1.9911
30.7872,0.447,1.931
30.7874,0.4197,1.8112
30.7876,0.4157,1.7941
30.7878,0.4402,1.9015
30.7880,0.3959,1.7095
30.7882,0.3866,1.6692
30.7884,0.3927,1.6963
30.7886,0.3952,1.7049
30.7888,0.4673,2.0129
30.7890,0.5255,2.2629
30.7892,0.583,2.5137
30.7894,0.5406,2.3312
30.7896,0.5336,2.2986
30.7898,0.5996,2.5808
30.7900,0.5768,2.4839
30.7902,0.5771,2.4872
30.7904,0.6019,2.587
30.7906,0.7198,3.0878
30.7908,0.7919,3.4006
30.7910,0.837,3.5992
30.7912,0.7801,3.3481
30.7914,0.8604,3.6911
30.7916,0.7966,3.4271
30.7918,0.716,3.0747
30.7920,0.8395,3.5949
30.7922,0.9435,4.0419
30.7924,0.9591,4.1087
30.7926,1.0153,4.3537
30.7928,0.9332,4.0015
30.7930,0.9168,3.9311
30.7932,0.9484,4.0649
30.7934,0.9178,3.9394
30.7936,0.8899,3.8123
30.7938,0.9398,4.026
30.7940,0.9572,4.1062
30.7942,0.8987,3.8534
30.7944,0.9223,3.9602
30.7946,0.8278,3.5529
30.7948,0.8844,3.794
30.7950,0.9178,3.9338
30.7952,0.9405,4.031
30.7954,0.921,3.9454
30.7956,0.9493,4.0761
30.7958,0.8969,3.8511
30.7960,0.8837,3.7892
30.7962,0.925,3.9721
30.7964,0.8774,3.7677
30.7966,0.8371,3.593
30.7968,0.8576,3.6793
30.7970,0.8955,3.8472
30.7972,0.8405,3.6058
30.7974,0.9202,3.9515
30.7976,0.8687,3.7353
30.7978,0.811,3.4857
30.7980,0.8332,3.5744
30.7982,0.8804,3.7823
30.7984,0.8365,3.5921
30.7986,0.7841,3.375
30.7988,0.6901,2.9662
30.7990,0.7225,3.1083
30.7992,0.7322,3.1559
30.7994,0.6898,2.9661
30.7996,0.7337,3.1518
30.7998,0.8294,3.5629
30.8000,0.817,3.5131
30.8002,0.7164,3.082
30.8004,0.7316,3.146
30.8006,0.7933,3.4126
30.8008,0.7505,3.2285
30.8010,0.761,3.2708
30.8012,0.7616,3.2764
30.8014,0.6748,2.9097
30.8016,0.6253,2.6875
30.8018,0.7031,3.0233
30.8020,0.6977,3.0057
30.8022,0.6238,2.6863
30.8024,0.6785,2.9217
30.8026,0.6294,2.7163
30.8028,0.5535,2.3865
30.8030,0.5296,2.2847
30.8032,0.5441,2.3429
30.8034,0.5937,2.5579
30.8036,0.6216,2.6777
30.8038,0.6356,2.7419
30.8040,0.5833,2.5106
30.8042,0.663,2.8577
30.8044,0.5772,2.4889
30.8046,0.5402,2.3291
30.8048,0.5411,2.3322
30.8050,0.5485,2.3631
30.8052,0.6098,2.6295
30.8054,0.5791,2.4948
30.8056,0.6033,2.5992
30.8058,0.5719,2.4684
30.8060,0.5693,2.4525
30.8062,0.5868,2.5302
30.8064,0.5184,2.2387
30.8066,0.4614,1.9922
30.8068,0.4531,1.9556
30.8070,0.4501,1.9436
30.8072,0.4508,1.9467
30.8074,0.4532,1.957
30.8076,0.4657,2.009
30.8078,0.453,1.9569
30.8080,0.4824,2.0819
30.8082,0.4765,2.0556
30.8084,0.4506,1.9438
30.8086,0.4483,1.9349
30.8088,0.4501,1.9427
30.8090,0.4467,1.9291
30.8092,0.4459,1.9254
30.8094,0.4523,1.952
30.8096,0.4475,1.9304
30.8098,0.443,1.913
30.8100,0.4393,1.897
30.8102,0.4422,1.9076
30.8104,0.4453,1.922
30.8106,0.455,1.9639
30.8108,0.5002,2.157
30.8110,0.5252,2.2656
30.8112,0.4657,2.0099
30.8114,0.4655,2.0061
30.8116,0.5141,2.2149
30.8118,0.5501,2.3698
30.8120,0.5723,2.4631
30.8122,0.6368,2.7395
30.8124,0.6147,2.647
30.8126,0.5846,2.5198
30.8128,0.553,2.3833
30.8130,0.5476,2.359
30.8132,0.5517,2.3777
30.8134,0.5521,2.3786
30.8136,0.558,2.4039
30.8138,0.6039,2.5945
30.8140,0.7133,3.0629
30.8142,0.7928,3.4026
30.8144,0.8285,3.5609
30.8146,0.7105,3.0595
30.8148,0.5813,2.5041
30.8150,0.5388,2.3224
30.8152,0.543,2.3383
30.8154,0.5996,2.5772
30.8156,0.6273,2.6987
30.8158,0.6142,2.6462
30.8160,0.5813,2.5041
30.8162,0.5755,2.4805
30.8164,0.5929,2.5519
30.8166,0.5723,2.4643
30.8168,0.6092,2.6208
30.8170,0.6642,2.8563
30.8172,0.668,2.8722
30.8174,0.6947,2.9872
30.8176,0.6688,2.8759
30.8178,0.6523,2.8086
30.8180,0.6144,2.643
30.8182,0.6779,2.9137
30.8184,0.7038,3.0236
30.8186,0.6871,2.9547
30.8188,0.6845,2.9434
30.8190,0.6652,2.8631
30.8192,0.6549,2.8174
30.8194,0.6103,2.6304
30.8196,0.5343,2.3038
30.8198,0.5291,2.2805
30.8200,0.5153,2.2201
30.8202,0.5202,2.2433
30.8204,0.52,2.2402
30.8206,0.5264,2.2676
30.8208,0.5261,2.2686
30.8210,0.5562,2.3928
30.8212,0.6352,2.7366
30.8214,0.5466,2.3538
30.8216,0.5458,2.3523
30.8218,0.5427,2.3389
30.8220,0.561,2.4135
30.8222,0.6473,2.781
30.8224,0.6806,2.9277
30.8226,0.6302,2.7124
30.8228,0.684,2.94
30.8230,0.7479,3.2072
30.8232,0.814,3.497
30.8234,0.7913,3.3964
30.8236,0.8041,3.4494
30.8238,0.8296,3.5589
30.8240,0.8452,3.6241
30.8242,0.893,3.831
30.8244,0.8931,3.8298
30.8246,0.882,3.7802
30.8248,0.8678,3.723
30.8250,0.8923,3.8262
30.8252,0.9073,3.8886
30.8254,0.8639,3.7043
30.8256,0.8766,3.7623
30.8258,0.8662,3.7176
30.8260,0.8683,3.7251
30.8262,0.8437,3.6196
30.8264,0.8523,3.6545
30.8266,0.8604,3.6946
30.8268,0.8446,3.6199
30.8270,0.8903,3.821
30.8272,0.8409,3.609
30.8274,0.8654,3.711
30.8276,0.8728,3.7476
30.8278,0.8515,3.6548
30.8280,0.8561,3.6692
30.8282,0.9612,4.1199
30.8284,0.9945,4.2602
30.8286,0.9969,4.2725
30.8288,0.9783,4.1909
30.8290,0.9795,4.196
30.8292,0.9841,4.222
30.8294,0.9401,4.0332
30.8296,0.8647,3.7079
30.8298,0.9121,3.9128
30.8300,0.9164,3.9313
30.8302,0.9431,4.0404
30.8304,0.9998,4.2814
30.8306,1.0044,4.3049
30.8308,1.0034,4.3008
30.8310,1.0054,4.309
30.8312,0.9803,4.1957
30.8314,1.0237,4.3835
30.8316,1.0376,4.4493
30.8318,0.9931,4.2665
30.8320,0.9388,4.0257
30.8322,0.9809,4.2042
30.8324,1.0039,4.3028
30.8326,0.9702,4.1623
30.8328,0.9615,4.1228
30.8330,0.9538,4.0976
30.8332,0.8,3.4383
30.8334,0.7588,3.2661
30.8336,0.7924,3.4074
30.8338,0.8181,3.5161
30.8340,0.8098,3.4789
30.8342,0.8397,3.6055
30.8344,0.7886,3.3925
30.8346,0.7062,3.0395
30.8348,0.63,2.7201
30.8350,0.5782,2.4919
30.8352,0.6428,2.7678
30.8354,0.668,2.8736
30.8356,0.7204,3.099
30.8358,0.7074,3.0489
30.8360,0.5969,2.5689
30.8362,0.6122,2.6386
30.8364,0.6385,2.7518
30.8366,0.6566,2.8259
30.8368,0.6893,2.9654
30.8370,0.7254,3.1221
30.8372,0.682,2.938
30.8374,0.6545,2.8211
30.8376,0.6065,2.615
30.8378,0.5982,2.577
30.8380,0.6489,2.7968
30.8382,0.625,2.6902
30.8384,0.6464,2.7846
30.8386,0.6602,2.8401
30.8388,0.7347,3.1594
30.8390,0.7211,3.1035
30.8392,0.6514,2.8089
30.8394,0.5821,2.5101
30.8396,0.5776,2.4904
30.8398,0.6145,2.6497
30.8400,0.5917,2.5526
30.8402,0.5639,2.436
30.8404,0.4887,2.1103
30.8406,0.485,2.0903
30.8408,0.5527,2.3845
30.8410,0.58,2.4985
30.8412,0.656,2.8246
30.8414,0.6395,2.7552
30.8416,0.6427,2.7699
30.8418,0.656,2.8273
30.8420,0.6536,2.813
30.8422,0.6447,2.7774
30.8424,0.6511,2.8035
30.8426,0.6629,2.8519
30.8428,0.6874,2.9558
30.8430,0.7195,3.0939
30.8432,0.7256,3.1246
30.8434,0.7359,3.1675
30.8436,0.755,3.2466
30.8438,0.8043,3.4536
30.8440,0.8145,3.4974
30.8442,0.8141,3.4958
30.8444,0.8364,3.5933
30.8446,0.8127,3.4929
30.8448,0.7604,3.2713
30.8450,0.7367,3.1691
30.8452,0.7268,3.1268
30.8454,0.7615,3.2713
30.8456,0.8033,3.4495
30.8458,0.7919,3.4054
30.8460,0.7362,3.1671
30.8462,0.7409,3.1872
30.8464,0.7924,3.4042
30.8466,0.8636,3.7085
30.8468,0.8317,3.5732
30.8470,0.8549,3.6709
30.8472,0.855,3.6697
30.8474,0.8731,3.7422
30.8476,0.9427,4.0459
30.8478,0.9114,3.917
30.8480,0.8472,3.6396
30.8482,0.8345,3.5834
30.8484,0.8413,3.6161
30.8486,0.8321,3.5714
30.8488,0.8829,3.7914
30.8490,0.8521,3.6591
30.8492,0.8032,3.457
30.8494,0.7544,3.247
30.8496,0.7821,3.3568
30.8498,0.8737,3.7535
30.8500,0.8567,3.6838
30.8502,0.8411,3.6083
30.8504,0.8454,3.6336
30.8506,0.8315,3.5738
30.8508,0.8439,3.6269
30.8510,0.8053,3.4594
30.8512,0.8213,3.5317
30.8514,0.8325,3.5779
30.8516,0.7773,3.3456
30.8518,0.7202,3.0999
30.8520,0.767,3.2904
30.8522,0.9176,3.9438
30.8524,0.8788,3.7786
30.8526,0.7803,3.3507
30.8528,0.8231,3.546
30.8530,0.7622,3.2805
30.8532,0.7265,3.1297
30.8534,0.6216,2.6814
30.8536,0.6158,2.6529
30.8538,0.6746,2.902
30.8540,0.6717,2.8923
30.8542,0.6393,2.758
30.8544,0.6134,2.6426
30.8546,0.6865,2.9577
30.8548,0.6111,2.6376
30.8550,0.502,2.1667
30.8552,0.4951,2.1347
30.8554,0.6219,2.6792
30.8556,0.6586,2.8373
30.8558,0.6437,2.7758
30.8560,0.6184,2.668
30.8562,0.5919,2.5537
30.8564,0.6049,2.6059
30.8566,0.674,2.9048
30.8568,0.6339,2.7284
30.8570,0.715,3.0758
30.8572,0.761,3.2723
30.8574,0.8102,3.4821
30.8576,0.8542,3.6712
30.8578,0.7722,3.3234
30.8580,0.7201,3.0936
30.8582,0.8889,3.81
30.8584,1.0051,4.306
30.8586,1.0115,4.3332
30.8588,0.9863,4.2332
30.8590,0.9352,4.0121
30.8592,0.9706,4.1638
30.8594,0.9881,4.2429
30.8596,0.8642,3.7093
30.8598,0.8929,3.8341
30.8600,0.8943,3.8403
30.8602,0.8835,3.7922
30.8604,0.8845,3.7981
30.8606,0.8829,3.7949
30.8608,0.8783,3.7748
30.8610,0.9027,3.8745
30.8612,0.9207,3.948
30.8614,0.9871,4.2368
30.8616,0.9817,4.2097
30.8618,0.9609,4.1183
30.8620,0.9796,4.2005
30.8622,1.0052,4.3105
30.8624,1.0214,4.386
30.8626,0.9508,4.0809
30.8628,0.9286,3.9894
30.8630,0.8934,3.838
30.8632,0.9162,3.9303
30.8634,0.9802,4.207
30.8636,1.0088,4.332
30.8638,0.9787,4.1969
30.8640,1.0146,4.3587
30.8642,0.9642,4.1404
30.8644,0.9931,4.2645
30.8646,0.9669,4.1479
30.8648,0.9358,4.0165
30.8650,0.9255,3.9778
30.8652,0.8597,3.6966
30.8654,0.874,3.7615
30.8656,0.8123,3.4914
30.8658,0.8105,3.4869
30.8660,0.7557,3.2512
30.8662,0.7993,3.4384
30.8664,0.7829,3.3714
30.8666,0.7277,3.1334
30.8668,0.8194,3.5267
30.8670,0.8294,3.5679
30.8672,0.8121,3.4887
30.8674,0.8609,3.7052
30.8676,0.7579,3.265
30.8678,0.7183,3.0931
30.8680,0.6617,2.8547
30.8682,0.6279,2.7088
30.8684,0.6463,2.7867
30.8686,0.6722,2.893
30.8688,0.7736,3.3265
30.8690,0.7794,3.3559
30.8692,0.6836,2.9502
30.8694,0.5388,2.3267
30.8696,0.5107,2.204
30.8698,0.5167,2.2309
30.8700,0.5175,2.2366
30.8702,0.5291,2.2847
30.8704,0.5375,2.3199
30.8706,0.5415,2.3348
30.8708,0.587,2.5313
30.8710,0.6111,2.6376
30.8712,0.5548,2.3933
30.8714,0.5075,2.1915
30.8716,0.5101,2.2055
30.8718,0.4994,2.1543
30.8720,0.659,2.8323
30.8722,0.8288,3.5653
30.8724,0.7399,3.189
30.8726,0.6169,2.6613
30.8728,0.5806,2.5045
30.8730,0.5783,2.497
30.8732,0.5762,2.4848
30.8734,0.5794,2.4994
30.8736,0.5756,2.4845
30.8738,0.5634,2.4328
30.8740,0.5596,2.4118
30.8742,0.5568,2.4021
30.8744,0.5614,2.4229
30.8746,0.5655,2.4382
30.8748,0.5603,2.4171
30.8750,0.5639,2.4326
30.8752,0.5614,2.4206
30.8754,0.6042,2.6016
30.8756,0.6312,2.7241
30.8758,0.5725,2.4699
30.8760,0.5638,2.431
30.8762,0.5622,2.4254
30.8764,0.5687,2.4533
30.8766,0.5674,2.4476
30.8768,0.5702,2.4566
30.8770,0.6411,2.7645
30.8772,0.6638,2.8608
30.8774,0.7154,3.0807
30.8776,0.6864,2.9571
30.8778,0.5844,2.5176
30.8780,0.6603,2.8445
30.8782,0.7087,3.0546
30.8784,0.6948,2.9905
30.8786,0.6933,2.9796
30.8788,0.7991,3.4331
30.8790,0.828,3.5556
30.8792,0.8395,3.61
30.8794,0.7816,3.3563
30.8796,0.8019,3.4497
30.8798,0.7418,3.1913
30.8800,0.7892,3.3888
30.8802,0.8666,3.7214
30.8804,0.8272,3.552
30.8806,0.8166,3.5116
30.8808,0.7839,3.3739
30.8810,0.7553,3.2476
30.8812,0.7682,3.3033
30.8814,0.7712,3.3162
30.8816,0.8057,3.4695
30.8818,0.6988,3.0103
30.8820,0.7108,3.0549
30.8822,0.7431,3.1985
30.8824,0.7234,3.1133
30.8826,0.7095,3.0492
30.8828,0.7708,3.3161
30.8830,0.714,3.0731
30.8832,0.7551,3.2501
30.8834,0.7565,3.2527
30.8836,0.7795,3.3502
30.8838,0.7984,3.4332
30.8840,0.771,3.3213
30.8842,0.6609,2.8432
30.8844,0.7,3.0127
30.8846,0.6967,3.0002
30.8848,0.6696,2.8902
30.8850,0.5318,2.294
30.8852,0.5164,2.2299
30.8854,0.5497,2.3705
30.8856,0.5603,2.4149
30.8858,0.5643,2.4319
30.8860,0.5921,2.5542
30.8862,0.5561,2.4001
30.8864,0.5071,2.1905
30.8866,0.4952,2.1382
30.8868,0.4954,2.1373
30.8870,0.5466,2.3581
30.8872,0.5232,2.2594
30.8874,0.5169,2.2288
30.8876,0.6123,2.6379
30.8878,0.6008,2.5883
30.8880,0.5706,2.4593
30.8882,0.5024,2.1713
30.8884,0.4385,1.8925
30.8886,0.5321,2.2913
30.8888,0.6182,2.662
30.8890,0.6013,2.5892
30.8892,0.6463,2.7841
30.8894,0.6401,2.7578
30.8896,0.6225,2.6818
30.8898,0.6198,2.6662
30.8900,0.6768,2.9185
30.8902,0.5965,2.5733
30.8904,0.6065,2.6126
30.8906,0.6828,2.9321
30.8908,0.7921,3.4043
30.8910,0.7419,3.1933
30.8912,0.7392,3.18
30.8914,0.803,3.4496
30.8916,0.8156,3.5004
30.8918,0.9272,3.9758
30.8920,0.9361,4.0176
30.8922,0.8887,3.8161
30.8924,0.8799,3.7715
30.8926,0.9338,4.0059
30.8928,0.9199,3.9426
30.8930,0.9755,4.1849
30.8932,0.9627,4.1318
30.8934,0.9911,4.2478
30.8936,1.0016,4.2931
30.8938,0.9916,4.2479
30.8940,1.0026,4.3032
30.8942,0.864,3.71
30.8944,0.8833,3.7929
30.8946,0.9022,3.8725
30.8948,0.9003,3.8606
30.8950,0.907,3.8985
30.8952,0.852,3.6585
30.8954,0.8788,3.7734
30.8956,0.8441,3.6262
30.8958,0.8241,3.5435
30.8960,0.8241,3.5435
30.8962,0.8206,3.5253
30.8964,0.8506,3.6558
30.8966,0.8428,3.6256
30.8968,0.8305,3.568
30.8970,0.8096,3.4763
30.8972,0.8603,3.6872
30.8974,0.9598,4.1156
30.8976,0.9837,4.2219
30.8978,0.9778,4.1967
30.8980,0.9592,4.1169
30.8982,0.9267,3.9756
30.8984,0.9502,4.0859
30.8986,0.8178,3.5151
30.8988,0.838,3.5983
30.8990,0.8711,3.7404
30.8992,0.8843,3.7988
30.8994,0.8542,3.6712
30.8996,0.8574,3.6834
30.8998,0.8632,3.7116
30.9000,0.7888,3.3935
30.9002,0.7927,3.4069
30.9004,0.8007,3.4446
30.9006,0.7969,3.4265
30.9008,0.7975,3.437
30.9010,0.696,3.0012
30.9012,0.7056,3.0398
30.9014,0.6844,2.9484
30.9016,0.6744,2.9055
30.9018,0.6933,2.9838
30.9020,0.7356,3.1616
30.9022,0.7773,3.3471
30.9024,0.726,3.129
30.9026,0.68,2.9306
30.9028,0.6338,2.7291
30.9030,0.6395,2.7552
30.9032,0.6254,2.6955
30.9034,0.6331,2.7298
30.9036,0.6291,2.7102
30.9038,0.6383,2.7475
30.9040,0.7192,3.0938
30.9042,0.7806,3.3579
30.9044,0.7985,3.4337
30.9046,0.8129,3.4972
30.9048,0.7852,3.3796
30.9050,0.7135,3.0696
30.9052,0.7405,3.1827
30.9054,0.859,3.6901
30.9056,0.8752,3.7632
30.9058,0.7973,3.4317
30.9060,0.7514,3.2311
30.9062,0.6939,2.9919
30.9064,0.6,2.5883
30.9066,0.5882,2.5365
30.9068,0.586,2.5266
30.9070,0.5821,2.5101
30.9072,0.5802,2.503
30.9074,0.6326,2.7277
30.9076,0.6083,2.624
30.9078,0.6083,2.6216
30.9080,0.5988,2.5831
30.9082,0.5802,2.5007
30.9084,0.5846,2.5198
30.9086,0.6532,2.8075
30.9088,0.8105,3.4917
30.9090,0.6759,2.9144
30.9092,0.582,2.5096
30.9094,0.5952,2.5676
30.9096,0.591,2.5495
30.9098,0.6015,2.595
30.9100,0.573,2.4696
30.9102,0.5675,2.4481
30.9104,0.5702,2.46
30.9106,0.5686,2.4517
30.9108,0.5665,2.4451
30.9110,0.5668,2.4416
30.9112,0.643,2.7663
30.9114,0.7166,3.0801
30.9116,0.746,3.2109
30.9118,0.6955,2.9922
30.9120,0.7588,3.2585
30.9122,0.835,3.5921
30.9124,0.7773,3.344
30.9126,0.7861,3.3801
30.9128,0.8292,3.5591
30.9130,0.9072,3.8954
30.9132,0.8943,3.8367
30.9134,0.8714,3.7437
30.9136,0.8065,3.4661
30.9138,0.8093,3.4801
30.9140,0.8048,3.4573
30.9142,0.8883,3.8074
30.9144,0.9465,4.0624
30.9146,0.9082,3.9055
30.9148,0.7471,3.2125
30.9150,0.7879,3.3878
30.9152,0.7981,3.4269
30.9154,0.8648,3.7154
30.9156,0.8724,3.7496
30.9158,0.832,3.5776
30.9160,0.7843,3.3724
30.9162,0.7846,3.3739
30.9164,0.7798,3.3533
30.9166,0.8085,3.4765
30.9168,0.7772,3.345
30.9170,0.7047,3.0371
30.9172,0.7027,3.026
30.9174,0.7383,3.1764
30.9176,0.7942,3.4104
30.9178,0.8283,3.5583
30.9180,0.8105,3.4901
30.9182,0.6728,2.8996
30.9184,0.5774,2.4911
30.9186,0.6318,2.7216
30.9188,0.7175,3.0895
30.9190,0.7353,3.1649
30.9192,0.7478,3.2141
30.9194,0.7683,3.3038
30.9196,0.7171,3.0865
30.9198,0.6222,2.6853
30.9200,0.5517,2.3843
30.9202,0.4641,2.0041
30.9204,0.4503,1.9455
30.9206,0.4539,1.9619
30.9208,0.4643,2.0046
30.9210,0.4714,2.0357
30.9212,0.4748,2.0493
30.9214,0.5115,2.2076
30.9216,0.4947,2.1332
30.9218,0.5626,2.4224
30.9220,0.6983,3.0069
30.9222,0.7006,3.0167
30.9224,0.6277,2.7053
30.9226,0.618,2.6597
30.9228,0.6671,2.8713
30.9230,0.6882,2.9635
30.9232,0.7011,3.0188
30.9234,0.6722,2.8957
30.9236,0.6259,2.6975
30.9238,0.6517,2.806
30.9240,0.6752,2.9086
30.9242,0.6424,2.7663
30.9244,0.6276,2.7023
30.9246,0.6615,2.8431
30.9248,0.7539,3.2374
30.9250,0.8387,3.6014
30.9252,0.8616,3.698
30.9254,0.8677,3.7277
30.9256,0.8736,3.7477
30.9258,0.9025,3.8735
30.9260,0.8807,3.7745
30.9262,0.9416,4.0413
30.9264,0.9433,4.0466
30.9266,0.9524,4.0838
30.9268,0.987,4.2323
30.9270,0.9949,4.2683
30.9272,1.0099,4.3265
30.9274,1.0019,4.2921
30.9276,0.9887,4.2356
30.9278,0.9838,4.2165
30.9280,0.987,4.2383
30.9282,0.9377,4.0267
30.9284,0.9278,3.9821
30.9286,0.9142,3.9276
30.9288,0.8943,3.8421
30.9290,0.872,3.7515
30.9292,0.8085,3.4733
30.9294,0.8374,3.5974
30.9296,0.8539,3.6668
30.9298,0.869,3.7351
30.9300,0.9216,3.9535
30.9302,0.9689,4.1586
30.9304,0.9218,3.9582
30.9306,0.8686,3.7296
30.9308,0.9373,4.0246
30.9310,0.9169,3.9389
30.9312,0.8538,3.668
30.9314,0.854,3.6724
30.9316,0.8174,3.5147
30.9318,0.8353,3.5903
30.9320,0.8837,3.7945
30.9322,0.8964,3.8526
30.9324,0.8399,3.6099
30.9326,0.8407,3.6135
30.9328,0.8069,3.473
30.9330,0.7837,3.3698
30.9332,0.8551,3.6771
30.9334,0.7988,3.4331
30.9336,0.8284,3.5671
30.9338,0.7276,3.1387
30.9340,0.6229,2.6846
30.9342,0.5845,2.5239
30.9344,0.6073,2.6174
30.9346,0.6678,2.8797
30.9348,0.6015,2.5938
30.9350,0.5907,2.5449
30.9352,0.7008,3.0149
30.9354,0.7261,3.131
30.9356,0.5971,2.5759
30.9358,0.5881,2.5371
30.9360,0.636,2.7435
30.9362,0.5562,2.4029
30.9364,0.5013,2.1646
30.9366,0.5024,2.1663
30.9368,0.5282,2.2848
30.9370,0.4192,1.8133
30.9372,0.4161,1.7982
30.9374,0.4159,1.7977
30.9376,0.5019,2.1632
30.9378,0.5922,2.5559
30.9380,0.567,2.4461
30.9382,0.5212,2.2474
30.9384,0.5812,2.5013
30.9386,0.6701,2.8909
30.9388,0.5777,2.4898
30.9390,0.5884,2.5358
30.9392,0.5547,2.3928
30.9394,0.5978,2.5766
30.9396,0.6225,2.6831
30.9398,0.5852,2.5259
30.9400,0.508,2.1946
30.9402,0.4614,1.9922
30.9404,0.455,1.963
30.9406,0.4714,2.0367
30.9408,0.47,2.0333
30.9410,0.4434,1.9154
30.9412,0.4734,2.0421
30.9414,0.4813,2.0791
30.9416,0.4683,2.0213
30.9418,0.5146,2.219
30.9420,0.4909,2.1186
30.9422,0.4556,1.9655
30.9424,0.4854,2.0929
30.9426,0.5578,2.4062
30.9428,0.5472,2.3618
30.9430,0.556,2.3952
30.9432,0.6376,2.7431
30.9434,0.6809,2.9347
30.9436,0.6123,2.6404
30.9438,0.6033,2.5956
30.9440,0.6593,2.8378
30.9442,0.6849,2.9477
30.9444,0.7024,3.0258
30.9446,0.6612,2.846
30.9448,0.6514,2.805
30.9450,0.6418,2.7624
30.9452,0.6958,2.9933
30.9454,0.71,3.0532
30.9456,0.7241,3.1135
30.9458,0.7367,3.1691
30.9460,0.7651,3.2883
30.9462,0.7545,3.249
30.9464,0.7253,3.1187
30.9466,0.7729,3.3234
30.9468,0.7347,3.1609
30.9470,0.6726,2.891
30.9472,0.7266,3.1244
30.9474,0.7832,3.363
30.9476,0.8355,3.5858
30.9478,0.8072,3.4757
30.9480,0.6634,2.858
30.9482,0.6204,2.675
30.9484,0.5648,2.4345
30.9486,0.5728,2.4652
30.9488,0.6226,2.6811
30.9490,0.6164,2.658
30.9492,0.5725,2.4653
30.9494,0.5978,2.5778
30.9496,0.5671,2.4466
30.9498,0.5536,2.3859
30.9500,0.6073,2.6187
30.9502,0.5509,2.3768
30.9504,0.5418,2.3375
30.9506,0.5153,2.2221
30.9508,0.5084,2.1931
30.9510,0.4957,2.1383
30.9512,0.5077,2.1911
30.9514,0.5081,2.1921
30.9516,0.4748,2.0512
30.9518,0.3974,1.7166
30.9520,0.387,1.672
30.9522,0.3972,1.7152
30.9524,0.3978,1.7186
30.9526,0.3893,1.6818
30.9528,0.3908,1.6873
30.9530,0.3862,1.6676
30.9532,0.3922,1.6943
30.9534,0.4249,1.834
30.9536,0.4816,2.0778
30.9538,0.4603,1.9866
30.9540,0.4025,1.7372
30.9542,0.4072,1.7574
30.9544,0.447,1.9292
30.9546,0.4382,1.8923
30.9548,0.4633,1.9959
30.9550,0.5508,2.3751
30.9552,0.492,2.1233
30.9554,0.48,2.0686
30.9556,0.4845,2.0892
30.9558,0.487,2.1001
30.9560,0.5009,2.1571
30.9562,0.5473,2.3569
30.9564,0.6036,2.5966
30.9566,0.6626,2.849
30.9568,0.6987,3.0056
30.9570,0.7008,3.0121
30.9572,0.752,3.2261
30.9574,0.7881,3.3825
30.9576,0.7967,3.418
30.9578,0.872,3.7428
30.9580,0.862,3.6995
30.9582,0.9018,3.865
30.9584,0.899,3.855
30.9586,0.8788,3.7698
30.9588,0.9166,3.9232
30.9590,0.9735,4.1665
30.9592,0.9705,4.1536
30.9594,1.0031,4.3012
30.9596,0.9741,4.1768
30.9598,0.9665,4.1367
30.9600,0.9973,4.2746
30.9602,0.937,4.0198
30.9604,0.8761,3.7603
30.9606,0.8133,3.489
30.9608,0.8566,3.6764
30.9610,0.8741,3.7568
30.9612,0.8187,3.5154
30.9614,0.8171,3.5087
30.9616,0.8058,3.4635
30.9618,0.805,3.4567
30.9620,0.8609,3.6932
30.9622,0.8785,3.7671
30.9624,0.8988,3.8557
30.9626,0.8587,3.6908
30.9628,0.811,3.4841
30.9630,0.8178,3.5118
30.9632,0.8057,3.463
30.9634,0.8608,3.6944
30.9636,0.9108,3.9035
30.9638,0.9327,3.9994
30.9640,0.9152,3.9244
30.9642,0.9593,4.1136
30.9644,0.9501,4.0778
30.9646,0.8711,3.7439
30.9648,0.7658,3.2914
30.9650,0.7825,3.3584
30.9652,0.8494,3.6438
30.9654,0.868,3.7305
30.9656,0.8135,3.4965
30.9658,0.8766,3.7588
30.9660,0.9018,3.8722
30.9662,0.8175,3.5152
30.9664,0.7904,3.3939
30.9666,0.8374,3.5957
30.9668,0.8433,3.6277
30.9670,0.699,3.01
30.9672,0.7406,3.1862
30.9674,0.7228,3.1122
30.9676,0.6736,2.9005
30.9678,0.6601,2.8395
30.9680,0.726,3.1232
30.9682,0.7172,3.0885
30.9684,0.6827,2.9357
30.9686,0.7066,3.0383
30.9688,0.7142,3.0784
30.9690,0.6063,2.6121
30.9692,0.6726,2.8964
30.9694,0.6288,2.7125
30.9696,0.5696,2.4563
30.9698,0.5876,2.5292
30.9700,0.6439,2.7751
30.9702,0.6113,2.6308
30.9704,0.6526,2.8128
30.9706,0.5813,2.5076
30.9708,0.5637,2.4327
30.9710,0.5539,2.3886
30.9712,0.5592,2.4102
30.9714,0.572,2.4632
30.9716,0.6169,2.6588
30.9718,0.5961,2.567
30.9720,0.6494,2.7975
30.9722,0.5578,2.4062
30.9724,0.4916,2.1217
30.9726,0.4918,2.1227
30.9728,0.5298,2.2857
30.9730,0.5222,2.2516
30.9732,0.5284,2.2785
30.9734,0.5236,2.2567
30.9736,0.529,2.2821
30.9738,0.5378,2.3199
30.9740,0.5378,2.3188
30.9742,0.539,2.324
30.9744,0.538,2.3198
30.9746,0.5368,2.3157
30.9748,0.5304,2.2883
30.9750,0.5481,2.3611
30.9752,0.6675,2.8702
30.9754,0.6523,2.8125
30.9756,0.5513,2.3772
30.9758,0.5207,2.2464
30.9760,0.5198,2.2423
30.9762,0.5296,2.2836
30.9764,0.5272,2.2712
30.9766,0.5482,2.3627
30.9768,0.5298,2.2847
30.9770,0.5133,2.2123
30.9772,0.5517,2.3743
30.9774,0.6048,2.6042
30.9776,0.6258,2.697
30.9778,0.6225,2.6781
30.9780,0.7013,3.0156
30.9782,0.722,3.1019
30.9784,0.7924,3.4027
30.9786,0.761,3.2754
30.9788,0.6427,2.766
30.9790,0.6441,2.7722
30.9792,0.7328,3.1497
30.9794,0.8158,3.5031
30.9796,0.8169,3.5061
30.9798,0.7529,3.2373
30.9800,0.716,3.0776
30.9802,0.6901,2.9718
30.9804,0.6401,2.7578
30.9806,0.6795,2.9245
30.9808,0.7154,3.0764
30.9810,0.7325,3.1467
30.9812,0.7217,3.1061
30.9814,0.631,2.7185
30.9816,0.6163,2.6488
30.9818,0.7464,3.205
30.9820,0.6983,3.0069
30.9822,0.6302,2.7149
30.9824,0.635,2.7317
30.9826,0.7091,3.0505
30.9828,0.7015,3.018
30.9830,0.6798,2.9274
30.9832,0.6503,2.7952
30.9834,0.6833,2.9423
30.9836,0.6598,2.8385
30.9838,0.7224,3.1049
30.9840,0.7219,3.1043
30.9842,0.7061,3.039
30.9844,0.7102,3.0537
30.9846,0.7369,3.1658
30.9848,0.7578,3.263
30.9850,0.6839,2.9408
30.9852,0.7289,3.1312
30.9854,0.7284,3.135
30.9856,0.6656,2.8686
30.9858,0.6007,2.5854
30.9860,0.6375,2.7477
30.9862,0.58,2.4996
30.9864,0.5325,2.2992
30.9866,0.4132,1.7841
30.9868,0.3968,1.7124
30.9870,0.3939,1.7007
30.9872,0.4078,1.7608
30.9874,0.4063,1.7562
30.9876,0.3979,1.7191
30.9878,0.3966,1.7111
30.9880,0.4819,2.0769
30.9882,0.5436,2.3452
30.9884,0.5041,2.1715
30.9886,0.565,2.4339
30.9888,0.527,2.2723
30.9890,0.5014,2.1631
30.9892,0.505,2.1756
30.9894,0.5822,2.5094
30.9896,0.5707,2.4575
30.9898,0.6123,2.6367
30.9900,0.5951,2.5612
30.9902,0.5839,2.5132
30.9904,0.6687,2.874
30.9906,0.7303,3.1374
30.9908,0.7773,3.3409
30.9910,0.8038,3.4516
30.9912,0.8142,3.4947
30.9914,0.8433,3.6125
30.9916,0.8882,3.8069
30.9918,0.865,3.7107
30.9920,0.8512,3.6515
30.9922,0.9273,3.9726
30.9924,0.9828,4.2104
30.9926,0.9449,4.05
30.9928,0.9752,4.1795
30.9930,0.9744,4.1725
30.9932,0.9688,4.1464
30.9934,0.9895,4.2392
30.9936,0.9128,3.9159
30.9938,0.9487,4.0659
30.9940,1.0006,4.2884
30.9942,0.9828,4.2124
30.9944,0.973,4.1702
30.9946,0.9086,3.8997
30.9948,0.908,3.8953
30.9950,0.9226,3.9581
30.9952,0.8934,3.8326
30.9954,0.8801,3.7825
30.9956,0.8495,3.6477
30.9958,0.8837,3.7927
30.9960,0.8605,3.6985
30.9962,0.7802,3.3579
30.9964,0.7325,3.1511
30.9966,0.6987,3.0056
30.9968,0.6886,2.9651
30.9970,0.6979,3.0039
30.9972,0.7138,3.0721
30.9974,0.6993,3.0068
30.9976,0.7815,3.3542
30.9978,0.8527,3.6633
30.9980,0.8606,3.6939
30.9982,0.7978,3.4258
30.9984,0.8536,3.6652
30.9986,0.8616,3.7049
30.9988,0.7933,3.4158
30.9990,0.6749,2.9049
30.9992,0.7369,3.1687
30.9994,0.7599,3.2631
30.9996,0.7981,3.43
30.9998,0.8159,3.5052
31.0000,0.8479,3.6461
31.0002,0.7204,3.1033
31.0004,0.6442,2.7818
31.0006,0.5521,2.3797
31.0008,0.6204,2.6725
31.0010,0.5969,2.5725
31.0012,0.5943,2.5604
31.0014,0.6282,2.7048
31.0016,0.6782,2.9201
31.0018,0.5951,2.5683
31.0020,0.5108,2.2065
31.0022,0.499,2.1548
31.0024,0.5346,2.3043
31.0026,0.6344,2.7292
31.0028,0.6937,2.9859
31.0030,0.6452,2.7795
31.0032,0.5996,2.5844
31.0034,0.5208,2.249
31.0036,0.4987,2.1522
31.0038,0.5066,2.1854
31.0040,0.5099,2.1988
31.0042,0.5207,2.2443
31.0044,0.5647,2.4329
31.0046,0.5437,2.3436
31.0048,0.5163,2.2273
31.0050,0.5206,2.2449
31.0052,0.6029,2.5959
31.0054,0.6599,2.839
31.0056,0.6815,2.9387
31.0058,0.578,2.4937
31.0060,0.5314,2.2914
31.0062,0.5384,2.3203
31.0064,0.553,2.3811
31.0066,0.5617,2.4222
31.0068,0.5466,2.3581
31.0070,0.5563,2.3967
31.0072,0.5888,2.5355
31.0074,0.6279,2.7051
31.0076,0.6048,2.609
31.0078,0.4801,2.0711
31.0080,0.4572,1.9723
31.0082,0.459,1.98
31.0084,0.4984,2.1492
31.0086,0.5461,2.3583
31.0088,0.5007,2.16
31.0090,0.4894,2.1114
31.0092,0.4625,1.995
31.0094,0.4591,1.9815
31.0096,0.4565,1.9701
31.0098,0.4548,1.9619
31.0100,0.4542,1.9566
31.0102,0.5121,2.2112
31.0104,0.4641,2.0041
31.0106,0.5099,2.1958
31.0108,0.5548,2.3867
31.0110,0.6041,2.6011
31.0112,0.5647,2.4329
31.0114,0.5542,2.3885
31.0116,0.5575,2.3996
31.0118,0.6113,2.6333
31.0120,0.5696,2.4529
31.0122,0.5711,2.4591
31.0124,0.6071,2.614
31.0126,0.6714,2.8872
31.0128,0.7616,3.2688
31.0130,0.7556,3.2537
31.0132,0.5899,2.5425
31.0134,0.5406,2.3301
31.0136,0.5411,2.3311
31.0138,0.5689,2.4487
31.0140,0.6246,2.6881
31.0142,0.6671,2.87
31.0144,0.6812,2.929
31.0146,0.6559,2.8215
31.0148,0.6322,2.7186
31.0150,0.6646,2.8618
31.0152,0.5837,2.5133
31.0154,0.5412,2.3338
31.0156,0.5288,2.2821
31.0158,0.5181,2.2319
31.0160,0.5507,2.368
31.0162,0.6117,2.6317
31.0164,0.582,2.5107
31.0166,0.5387,2.3229
31.0168,0.5411,2.3289
31.0170,0.6142,2.645
31.0172,0.552,2.3814
31.0174,0.5084,2.1921
31.0176,0.502,2.1627
31.0178,0.5398,2.3233
31.0180,0.5695,2.4535
31.0182,0.5818,2.5039
31.0184,0.6085,2.619
31.0186,0.6113,2.6333
31.0188,0.5916,2.5497
31.0190,0.4897,2.1134
31.0192,0.4177,1.8029
31.0194,0.4409,1.901
31.0196,0.4961,2.1364
31.0198,0.5369,2.312
31.0200,0.5596,2.4106
31.0202,0.5339,2.3065
31.0204,0.4027,1.7374
31.0206,0.4002,1.7282
31.0208,0.4267,1.8392
31.0210,0.5338,2.2996
31.0212,0.5656,2.4353
31.0214,0.5448,2.3493
31.0216,0.4632,1.9963
31.0218,0.4602,1.9852
31.0220,0.4828,2.083
31.0222,0.5283,2.2769
31.0224,0.5551,2.3893
31.0226,0.6008,2.5847
31.0228,0.6434,2.7666
31.0230,0.7108,3.0535
31.0232,0.6863,2.9498
31.0234,0.6776,2.9108
31.0236,0.7419,3.1844
31.0238,0.7807,3.3506
31.0240,0.8262,3.5445
31.0242,0.8561,3.6692
31.0244,0.869,3.7282
31.0246,0.8664,3.7186
31.0248,0.8527,3.6582
31.0250,0.8737,3.7412
31.0252,0.906,3.8866
31.0254,0.8774,3.7589
31.0256,0.975,4.1751
31.0258,0.9937,4.2552
31.0260,0.985,4.2197
31.0262,0.9718,4.1573
31.0264,0.9705,4.1556
31.0266,0.9747,4.1755
31.0268,0.9798,4.2015
31.0270,0.9683,4.1463
31.0272,0.9851,4.2182
31.0274,0.9522,4.0851
31.0276,0.918,3.9344
31.0278,0.9558,4.0968
31.0280,0.9442,4.0469
31.0282,0.9249,3.9623
31.0284,0.9003,3.866
31.0286,0.8743,3.7526
31.0288,0.8874,3.8069
31.0290,0.9009,3.8614
31.0292,0.9485,4.0635
31.0294,0.9223,3.9547
31.0296,0.8983,3.8519
31.0298,0.8918,3.8313
31.0300,0.8163,3.51
31.0302,0.8192,3.5158
31.0304,0.8879,3.8054
31.0306,0.9676,4.1549
31.0308,0.8618,3.699
31.0310,0.8447,3.6238
31.0312,0.8195,3.5239
31.0314,0.7895,3.3966
31.0316,0.7678,3.3002
31.0318,0.7975,3.4227
31.0320,0.8394,3.6062
31.0322,0.7543,3.2465
31.0324,0.7493,3.2188
31.0326,0.8289,3.5608
31.0328,0.774,3.3327
31.0330,0.696,2.9957
31.0332,0.6318,2.7229
31.0334,0.5699,2.4573
31.0336,0.5958,2.5666
31.0338,0.643,2.7676
31.0340,0.6068,2.6166
31.0342,0.5716,2.4646
31.0344,0.5714,2.4595
31.0346,0.6651,2.8625
31.0348,0.6903,2.9709
31.0350,0.7339,3.1573
31.0352,0.7487,3.2207
31.0354,0.6864,2.9544
31.0356,0.6897,2.9669
31.0358,0.6535,2.8177
31.0360,0.5949,2.5618
31.0362,0.6204,2.6738
31.0364,0.5707,2.4621
31.0366,0.5718,2.4668
31.0368,0.5579,2.4045
31.0370,0.5648,2.4334
31.0372,0.5604,2.4154
31.0374,0.5651,2.4355
31.0376,0.5801,2.499
31.0378,0.6036,2.605
31.0380,0.5226,2.2547
31.0382,0.6166,2.6528
31.0384,0.7067,3.0416
31.0386,0.6176,2.6631
31.0388,0.5446,2.3483
31.0390,0.547,2.3553
31.0392,0.5705,2.4588
31.0394,0.54,2.3275
31.0396,0.6002,2.5882
31.0398,0.6091,2.6228
31.0400,0.6542,2.8156
31.0402,0.6427,2.7699
31.0404,0.5604,2.4165
31.0406,0.5339,2.3033
31.0408,0.5584,2.4066
31.0410,0.5692,2.4497
31.0412,0.5701,2.4584
31.0414,0.5641,2.4303
31.0416,0.6292,2.712
31.0418,0.5578,2.404
31.0420,0.5526,2.3818
31.0422,0.5973,2.5722
31.0424,0.6267,2.6961
31.0426,0.6234,2.6829
31.0428,0.6827,2.9357
31.0430,0.7536,3.2404
31.0432,0.7518,3.2356
31.0434,0.7075,3.0424
31.0436,0.7397,3.1761
31.0438,0.7391,3.178
31.0440,0.6633,2.8535
31.0442,0.6436,2.7714
31.0444,0.6428,2.7691
31.0446,0.6523,2.8073
31.0448,0.6694,2.8784
31.0450,0.7335,3.1528
31.0452,0.7832,3.3599
31.0454,0.8465,3.6332
31.0456,0.8079,3.4723
31.0458,0.7905,3.3992
31.0460,0.8048,3.4589
31.0462,0.7624,3.277
31.0464,0.731,3.1434
31.0466,0.7839,3.3708
31.0468,0.7754,3.3296
31.0470,0.7603,3.2692
31.0472,0.7307,3.139
31.0474,0.7521,3.2327
31.0476,0.7517,3.2291
31.0478,0.7762,3.3363
31.0480,0.7543,3.2435
31.0482,0.777,3.3378
31.0484,0.7949,3.4151
31.0486,0.7218,3.1052
31.0488,0.6271,2.7027
31.0490,0.5941,2.5582
31.0492,0.668,2.8722
31.0494,0.6284,2.7097
31.0496,0.5652,2.4361
31.0498,0.632,2.7188
31.0500,0.6441,2.7735
31.0502,0.599,2.577
31.0504,0.6256,2.6953
31.0506,0.6223,2.6808
31.0508,0.6176,2.6594
31.0510,0.5923,2.5528
31.0512,0.6386,2.751
31.0514,0.5845,2.5157
31.0516,0.5931,2.5576
31.0518,0.5442,2.3478
31.0520,0.4608,1.9887
31.0522,0.3996,1.7264
31.0524,0.3935,1.7023
31.0526,0.392,1.694
31.0528,0.3906,1.6875
31.0530,0.4144,1.7884
31.0532,0.487,2.103
31.0534,0.4189,1.8089
31.0536,0.3935,1.7
31.0538,0.3917,1.6922
31.0540,0.3988,1.7204
31.0542,0.4731,2.0373
31.0544,0.5533,2.3871
31.0546,0.4977,2.1471
31.0548,0.4869,2.1006
31.0550,0.4996,2.1544
31.0552,0.4993,2.1508
31.0554,0.4931,2.1255
31.0556,0.4959,2.1393
31.0558,0.4991,2.1493
31.0560,0.5277,2.2732
31.0562,0.568,2.4468
31.0564,0.6338,2.7278
31.0566,0.6666,2.8652
31.0568,0.7169,3.084
31.0570,0.7037,3.0231
31.0572,0.7523,3.2287
31.0574,0.7832,3.3614
31.0576,0.8112,3.4786
31.0578,0.8979,3.8557
31.0580,0.8391,3.6013
31.0582,0.8244,3.5385
31.0584,0.8331,3.5739
31.0586,0.8533,3.6608
31.0588,0.9401,4.0257
31.0590,0.9797,4.1971
31.0592,0.9657,4.137
31.0594,0.9779,4.1913
31.0596,0.9767,4.1881
31.0598,0.9698,4.1544
31.0600,0.9919,4.2514
31.0602,0.9055,3.8791
31.0604,0.9528,4.0801
31.0606,0.9807,4.2051
31.0608,0.8692,3.7339
31.0610,0.7993,3.4336
31.0612,0.784,3.3682
31.0614,0.8621,3.6966
31.0616,0.8939,3.8436
31.0618,0.7892,3.3872
31.0620,0.8168,3.5023
31.0622,0.9108,3.9072
31.0624,0.9073,3.8941
31.0626,0.9138,3.9237
31.0628,0.859,3.6832
31.0630,0.8822,3.7918
31.0632,0.7346,3.1545
31.0634,0.7618,3.2759
31.0636,0.7228,3.1093
31.0638,0.7089,3.0523
31.0640,0.6765,2.9116
31.0642,0.6981,3.0045
31.0644,0.7075,3.0438
31.0646,0.771,3.3136
31.0648,0.7865,3.379
31.0650,0.8157,3.5042
31.0652,0.8329,3.5767
31.0654,0.859,3.6884
31.0656,0.8182,3.5117
31.0658,0.847,3.6403
31.0660,0.8741,3.7515
31.0662,0.8358,3.5924
31.0664,0.7784,3.3471
31.0666,0.7322,3.1457
31.0668,0.7681,3.3028
31.0670,0.7482,3.2187
31.0672,0.7231,3.108
31.0674,0.7413,3.1907
31.0676,0.6351,2.7399
31.0678,0.5586,2.4065
31.0680,0.5707,2.4587
31.0682,0.57,2.4613
31.0684,0.4989,2.1543
31.0686,0.5336,2.2996
31.0688,0.5413,2.3365
31.0690,0.523,2.2552
31.0692,0.6048,2.6042
31.0694,0.6508,2.8024
31.0696,0.6008,2.5895
31.0698,0.597,2.5754
31.0700,0.5219,2.2526
31.0702,0.4959,2.1393
31.0704,0.4917,2.1232
31.0706,0.489,2.1093
31.0708,0.5394,2.3271
31.0710,0.5015,2.1637
31.0712,0.5303,2.2836
31.0714,0.6107,2.6282
31.0716,0.6069,2.6183
31.0718,0.4839,2.0905
31.0720,0.4097,1.7699
31.0722,0.4342,1.873
31.0724,0.4501,1.9436
31.0726,0.445,1.9222
31.0728,0.4469,1.9278
31.0730,0.4467,1.9282
31.0732,0.4445,1.9174
31.0734,0.4466,1.9268
31.0736,0.4478,1.931
31.0738,0.4465,1.928
31.0740,0.4483,1.9367
31.0742,0.4448,1.9199
31.0744,0.4414,1.904
31.0746,0.4513,1.9487
31.0748,0.4496,1.9406
31.0750,0.4549,1.9634
31.0752,0.4617,1.9919
31.0754,0.4604,1.9862
31.0756,0.461,1.9888
31.0758,0.4607,1.9882
31.0760,0.4591,1.9824
31.0762,0.4587,1.9799
31.0764,0.4547,1.9605
31.0766,0.487,2.0981
31.0768,0.5509,2.3735
31.0770,0.5451,2.3503
31.0772,0.5514,2.3755
31.0774,0.5677,2.4458
31.0776,0.5601,2.4116
31.0778,0.5572,2.4003
31.0780,0.5581,2.4044
31.0782,0.5626,2.4213
31.0784,0.6174,2.6534
31.0786,0.7031,3.0177
31.0788,0.7917,3.3932
31.0790,0.7961,3.4218
31.0792,0.735,3.156
31.0794,0.8014,3.4429
31.0796,0.6987,3.0126
31.0798,0.5617,2.4211
31.0800,0.5441,2.3429
31.0802,0.5864,2.5228
31.0804,0.6877,2.9587
31.0806,0.6809,2.9279
31.0808,0.6844,2.9456
31.0810,0.6987,3
31.0812,0.7591,3.2595
31.0814,0.78,3.3522
31.0816,0.6942,2.9865
31.0818,0.6714,2.8885
31.0820,0.6814,2.9273
31.0822,0.6963,2.9953
31.0824,0.6445,2.7738
31.0826,0.6254,2.6917
31.0828,0.6692,2.8787
31.0830,0.6746,2.9033
31.0832,0.6073,2.6138
31.0834,0.6419,2.7591
31.0836,0.6995,3.0106
31.0838,0.6158,2.6529
31.0840,0.576,2.4791
31.0842,0.6055,2.6097
31.0844,0.5892,2.5394
31.0846,0.5559,2.3924
31.0848,0.617,2.6544
31.0850,0.6292,2.7108
31.0852,0.5581,2.4022
31.0854,0.6049,2.6023
31.0856,0.6513,2.8071
31.0858,0.5615,2.42
31.0860,0.5187,2.2355
31.0862,0.5178,2.234
31.0864,0.5065,2.1849
31.0866,0.4651,2.0064
31.0868,0.4515,1.948
31.0870,0.3991,1.7211
31.0872,0.4584,1.9756
31.0874,0.5069,2.1869
31.0876,0.4846,2.0898
31.0878,0.4861,2.095
31.0880,0.4845,2.0892
31.0882,0.487,2.1001
31.0884,0.4874,2.1016
31.0886,0.4874,2.1016
31.0888,0.4914,2.1187
31.0890,0.5006,2.1555
31.0892,0.5427,2.3346
31.0894,0.624,2.6805
31.0896,0.769,3.3053
31.0898,0.7141,3.0693
31.0900,0.6906,2.9669
31.0902,0.716,3.0747
31.0904,0.7653,3.2863
31.0906,0.7632,3.274
31.0908,0.8344,3.5779
31.0910,0.8819,3.7797
31.0912,0.8597,3.6863
31.0914,0.9339,4.0027
31.0916,0.8991,3.8573
31.0918,0.8395,3.5983
31.0920,0.8349,3.5816
31.0922,0.8602,3.6901
31.0924,0.8899,3.8177
31.0926,0.911,3.9046
31.0928,0.8961,3.8373
31.0930,0.9713,4.1592
31.0932,0.9747,4.1813
31.0934,0.8815,3.7781
31.0936,0.888,3.8112
31.0938,0.8761,3.7655
31.0940,0.7746,3.3321
31.0942,0.728,3.1306
31.0944,0.6991,3.0035
31.0946,0.7532,3.2343
31.0948,0.8093,3.4769
31.0950,0.8086,3.4722
31.0952,0.8322,3.5703
31.0954,0.8242,3.5391
31.0956,0.826,3.5501
31.0958,0.7724,3.3151
31.0960,0.8272,3.547
31.0962,0.8797,3.7722
31.0964,0.8689,3.7294
31.0966,0.868,3.7235
31.0968,0.8838,3.795
31.0970,0.8612,3.7016
31.0972,0.8327,3.579
31.0974,0.7827,3.361
31.0976,0.8485,3.6487
31.0978,0.8124,3.4903
31.0980,0.7871,3.3832
31.0982,0.7723,3.3162
31.0984,0.7857,3.377
31.0986,0.7991,3.4315
31.0988,0.8716,3.7407
31.0990,0.8843,3.7935
31.0992,0.8265,3.5538
31.0994,0.7476,3.2176
31.0996,0.679,2.921
31.0998,0.6664,2.8669
31.1000,0.6756,2.9093
31.1002,0.6754,2.9029
31.1004,0.7391,3.1809
31.1006,0.6916,2.9793
31.1008,0.6488,2.7924
31.1010,0.6767,2.9112
31.1012,0.7,3.0099
31.1014,0.7285,3.137
31.1016,0.6687,2.878
31.1018,0.6315,2.7231
31.1020,0.5948,2.5661
31.1022,0.5616,2.4206
31.1024,0.6045,2.6019
31.1026,0.6237,2.6857
31.1028,0.6267,2.7012
31.1030,0.5797,2.4974
31.1032,0.5797,2.4974
31.1034,0.5904,2.5446
31.1036,0.5997,2.5861
31.1038,0.6011,2.587
31.1040,0.6291,2.7077
31.1042,0.6355,2.7363
31.1044,0.6583,2.8331
31.1046,0.7142,3.0698
31.1048,0.7966,3.4271
31.1050,0.6901,2.969
31.1052,0.6735,2.8987
31.1054,0.6963,2.9939
31.1056,0.7218,3.1037
31.1058,0.6818,2.9315
31.1060,0.6827,2.9357
31.1062,0.6533,2.8159
31.1064,0.5565,2.3983
31.1066,0.5524,2.3797
31.1068,0.561,2.4191
31.1070,0.5473,2.3612
31.1072,0.5447,2.3488
31.1074,0.533,2.297
31.1076,0.5328,2.2987
31.1078,0.5424,2.3346
31.1080,0.6876,2.9596
31.1082,0.5943,2.5628
31.1084,0.5397,2.3281
31.1086,0.5369,2.3162
31.1088,0.534,2.3017
31.1090,0.541,2.3284
31.1092,0.5647,2.434
31.1094,0.5303,2.2857
31.1096,0.5357,2.3068
31.1098,0.6554,2.8181
31.1100,0.7267,3.1263
31.1102,0.6669,2.8689
31.1104,0.6332,2.7265
31.1106,0.6332,2.7278
31.1108,0.6348,2.732
31.1110,0.632,2.7201
31.1112,0.6378,2.7436
31.1114,0.6836,2.9338
31.1116,0.8207,3.5209
31.1118,0.8753,3.7584
31.1120,0.8243,3.5429
31.1122,0.7104,3.0576
31.1124,0.6226,2.6836
31.1126,0.6108,2.6312
31.1128,0.6091,2.6215
31.1130,0.6111,2.6303
31.1132,0.614,2.6439
31.1134,0.609,2.6247
31.1136,0.612,2.6351
31.1138,0.6713,2.8853
31.1140,0.7128,3.0651
31.1142,0.7475,3.2156
31.1144,0.7392,3.1755
31.1146,0.7916,3.3991
31.1148,0.7313,3.1474
31.1150,0.6196,2.6719
31.1152,0.6031,2.5982
31.1154,0.5786,2.4916
31.1156,0.6237,2.6845
31.1158,0.6899,2.9707
31.1160,0.6256,2.6928
31.1162,0.5912,2.547
31.1164,0.6133,2.6421
31.1166,0.613,2.641
31.1168,0.6079,2.6188
31.1170,0.6471,2.7864
31.1172,0.6766,2.9148
31.1174,0.6164,2.6543
31.1176,0.5806,2.501
31.1178,0.5933,2.5522
31.1180,0.6825,2.9374
31.1182,0.6044,2.6026
31.1184,0.5898,2.5396
31.1186,0.576,2.4826
31.1188,0.5573,2.4031
31.1190,0.5479,2.3638
31.1192,0.5259,2.2676
31.1194,0.49,2.114
31.1196,0.4832,2.0835
31.1198,0.5117,2.2025
31.1200,0.6096,2.6248
31.1202,0.6099,2.6276
31.1204,0.6409,2.7609
31.1206,0.6506,2.8053
31.1208,0.5218,2.25
31.1210,0.5093,2.1952
31.1212,0.5373,2.3156
31.1214,0.5451,2.3503
31.1216,0.5079,2.189
31.1218,0.5144,2.2128
31.1220,0.6092,2.6257
31.1222,0.5785,2.4934
31.1224,0.5975,2.5703
31.1226,0.6496,2.7934
31.1228,0.6766,2.908
31.1230,0.7324,3.1447
31.1232,0.7794,3.345
31.1234,0.7957,3.4166
31.1236,0.8061,3.4581
31.1238,0.843,3.6132
31.1240,0.8519,3.6563
31.1242,0.8489,3.6435
31.1244,0.857,3.675
31.1246,0.8479,3.6376
31.1248,0.8805,3.7811
31.1250,0.868,3.727
31.1252,0.8821,3.7825
31.1254,0.954,4.0929
31.1256,0.9678,4.1481
31.1258,0.9647,4.129
31.1260,0.9863,4.2233
31.1262,0.9844,4.2171
31.1264,0.9975,4.2711
31.1266,0.9752,4.1853
31.1268,0.9424,4.0411
31.1270,0.9862,4.2248
31.1272,0.9808,4.2036
31.1274,0.9819,4.2083
31.1276,0.9901,4.2437
31.1278,0.9674,4.148
31.1280,0.9501,4.0797
31.1282,0.902,3.8714
31.1284,0.9218,3.9582
31.1286,0.8802,3.7831
31.1288,0.779,3.3512
31.1290,0.743,3.1965
31.1292,0.7369,3.1658
31.1294,0.7677,3.3012
31.1296,0.7122,3.0653
31.1298,0.7097,3.0559
31.1300,0.7353,3.162
31.1302,0.7435,3.2
31.1304,0.7367,3.1618
31.1306,0.844,3.6257
31.1308,0.8423,3.6185
31.1310,0.7888,3.3904
31.1312,0.7523,3.2347
31.1314,0.7369,3.1672
31.1316,0.7901,3.3976
31.1318,0.7501,3.2299
31.1320,0.6753,2.9037
31.1322,0.7953,3.4166
31.1324,0.7645,3.2888
31.1326,0.7009,3.0154
31.1328,0.7018,3.0275
31.1330,0.5362,2.3153
31.1332,0.5037,2.171
31.1334,0.5958,2.569
31.1336,0.5404,2.3323
31.1338,0.4977,2.1471
31.1340,0.5157,2.2216
31.1342,0.6002,2.5846
31.1344,0.6206,2.681
31.1346,0.5107,2.205
31.1348,0.4854,2.0948
31.1350,0.4759,2.0539
31.1352,0.4778,2.0622
31.1354,0.4921,2.1228
31.1356,0.4902,2.1145
31.1358,0.5065,2.1828
31.1360,0.5595,2.4146
31.1362,0.5121,2.2112
31.1364,0.5007,2.159
31.1366,0.4977,2.1471
31.1368,0.5002,2.156
31.1370,0.5454,2.353
31.1372,0.5211,2.248
31.1374,0.5141,2.218
31.1376,0.4538,1.9578
31.1378,0.5023,2.1668
31.1380,0.5068,2.1854
31.1382,0.4957,2.1393
31.1384,0.4663,2.0134
31.1386,0.4585,1.978
31.1388,0.5415,2.3305
31.1390,0.6119,2.6346
31.1392,0.5924,2.5569
31.1394,0.4795,2.0685
31.1396,0.4598,1.9846
31.1398,0.4602,1.9834
31.1400,0.5171,2.2299
31.1402,0.5584,2.4077
31.1404,0.5575,2.4019
31.1406,0.5894,2.5393
31.1408,0.5969,2.5737
31.1410,0.515,2.2226
31.1412,0.4639,2.0012
31.1414,0.4646,2.0062
31.1416,0.4794,2.066
31.1418,0.5517,2.3777
31.1420,0.5671,2.4421
31.1422,0.5959,2.5684
31.1424,0.5768,2.485
31.1426,0.5758,2.4769
31.1428,0.6184,2.6606
31.1430,0.6378,2.7423
31.1432,0.6589,2.8357
31.1434,0.7128,3.0679
31.1436,0.6747,2.9038
31.1438,0.6418,2.7611
31.1440,0.6465,2.7825
31.1442,0.6529,2.8073
31.1444,0.7162,3.0766
31.1446,0.7346,3.156
31.1448,0.7656,3.2904
31.1450,0.7577,3.2549
31.1452,0.7802,3.3548
31.1454,0.7319,3.1427
31.1456,0.7838,3.3703
31.1458,0.6834,2.9415
31.1460,0.6412,2.7611
31.1462,0.5729,2.468
31.1464,0.5638,2.4299
31.1466,0.5662,2.4402
31.1468,0.558,2.4017
31.1470,0.6113,2.6321
31.1472,0.633,2.7242
31.1474,0.6665,2.8674
31.1476,0.6653,2.8596
31.1478,0.6568,2.8269
31.1480,0.6639,2.8614
31.1482,0.5828,2.512
31.1484,0.5376,2.3161
31.1486,0.5342,2.3011
31.1488,0.5304,2.2873
31.1490,0.5241,2.2578
31.1492,0.5682,2.4456
31.1494,0.5511,2.3762
31.1496,0.5065,2.1839
31.1498,0.5085,2.1916
31.1500,0.5307,2.2872
31.1502,0.5009,2.1591
31.1504,0.5145,2.2164
31.1506,0.5698,2.4534
31.1508,0.5873,2.5323
31.1510,0.5282,2.2764
31.1512,0.5119,2.2061
31.1514,0.5059,2.1813
31.1516,0.5218,2.2511
31.1518,0.5102,2.1999
31.1520,0.5125,2.2097
31.1522,0.4792,2.0684
31.1524,0.4077,1.7611
31.1526,0.3933,1.6982
31.1528,0.3909,1.6855
31.1530,0.437,1.8836
31.1532,0.4685,2.0218
31.1534,0.4653,2.0065
31.1536,0.5419,2.3336
31.1538,0.583,2.5125
31.1540,0.4851,2.0928
31.1542,0.4628,1.9966
31.1544,0.4724,2.0351
31.1546,0.4716,2.0334
31.1548,0.4705,2.0297
31.1550,0.465,2.004
31.1552,0.4661,2.0096
31.1554,0.4694,2.025
31.1556,0.4846,2.0888
31.1558,0.5178,2.2299
31.1560,0.5555,2.3886
31.1562,0.6087,2.6212
31.1564,0.5948,2.5589
31.1566,0.6056,2.6054
31.1568,0.6531,2.8044
31.1570,0.7544,3.241
31.1572,0.7359,3.1631
31.1574,0.7056,3.0299
31.1576,0.7621,3.2678
31.1578,0.843,3.6132
31.1580,0.8958,3.8411
31.1582,0.861,3.6885
31.1584,0.9297,3.981
31.1586,0.9803,4.1957
31.1588,0.9786,4.1885
31.1590,0.9611,4.1155
31.1592,0.9755,4.1752
31.1594,0.9711,4.1601
31.1596,0.9367,4.0145
31.1598,0.9483,4.0625
31.1600,0.9975,4.2731
31.1602,0.9689,4.1508
31.1604,0.9796,4.2005
31.1606,0.9076,3.8956
31.1608,0.8947,3.8329
31.1610,0.9338,4.0059
31.1612,0.8422,3.6163
31.1614,0.8246,3.5423
31.1616,0.8558,3.6682
31.1618,0.9343,4.0061
31.1620,0.9055,3.8864
31.1622,0.8835,3.7904
31.1624,0.9275,3.9718
31.1626,0.9522,4.0813
31.1628,0.9102,3.9082
31.1630,0.9073,3.8959
31.1632,0.9254,3.9644
31.1634,0.947,4.0625
31.1636,0.8891,3.8158
31.1638,0.8687,3.7232
31.1640,0.928,3.9794
31.1642,0.9316,3.9948
31.1644,0.9345,4.0071
31.1646,0.9633,4.1325
31.1648,0.9555,4.1048
31.1650,0.8236,3.5365
31.1652,0.8184,3.5111
31.1654,0.8572,3.6824
31.1656,0.8329,3.58
31.1658,0.7633,3.2806
31.1660,0.7382,3.1803
31.1662,0.6698,2.8853
31.1664,0.6609,2.8445
31.1666,0.7345,3.1599
31.1668,0.7089,3.0495
31.1670,0.7235,3.1124
31.1672,0.7048,3.0319
31.1674,0.6845,2.9475
31.1676,0.6842,2.9473
31.1678,0.6815,2.9346
31.1680,0.6469,2.7854
31.1682,0.665,2.866
31.1684,0.6107,2.6344
31.1686,0.5762,2.4824
31.1688,0.594,2.5589
31.1690,0.5798,2.4979
31.1692,0.5756,2.481
31.1694,0.5838,2.5197
31.1696,0.5687,2.4522
31.1698,0.572,2.4644
31.1700,0.5802,2.5007
31.1702,0.5771,2.4861
31.1704,0.6071,2.6152
31.1706,0.549,2.3685
31.1708,0.4881,2.1067
31.1710,0.5795,2.4964
31.1712,0.6262,2.6991
31.1714,0.5668,2.4428
31.1716,0.547,2.3586
31.1718,0.532,2.295
31.1720,0.5307,2.2872
31.1722,0.5279,2.2753
31.1724,0.5319,2.2924
31.1726,0.5348,2.3037
31.1728,0.5631,2.4301
31.1730,0.5295,2.2831
31.1732,0.5262,2.2681
31.1734,0.5276,2.2738
31.1736,0.5276,2.2748
31.1738,0.528,2.2748
31.1740,0.5266,2.2697
31.1742,0.5337,2.2991
31.1744,0.6099,2.63
31.1746,0.5481,2.3622
31.1748,0.5289,2.2816
31.1750,0.529,2.281
31.1752,0.5236,2.2567
31.1754,0.5265,2.2702
31.1756,0.5246,2.2598
31.1758,0.5222,2.2505
31.1760,0.5525,2.3769
31.1762,0.6586,2.8307
31.1764,0.714,3.0717
31.1766,0.6734,2.8981
31.1768,0.6548,2.8182
31.1770,0.6508,2.8024
31.1772,0.6488,2.7898
31.1774,0.6527,2.8055
31.1776,0.7033,3.0243
31.1778,0.734,3.1549
31.1780,0.8172,3.5076
31.1782,0.8175,3.5086
31.1784,0.8032,3.4538
31.1786,0.7103,3.0585
31.1788,0.6243,2.6871
31.1790,0.6286,2.7044
31.1792,0.7057,3.0347
31.1794,0.7406,3.1847
31.1796,0.6879,2.962
31.1798,0.6285,2.7051
31.1800,0.6244,2.6863
31.1802,0.6563,2.8249
31.1804,0.7154,3.0721
31.1806,0.8001,3.4356
31.1808,0.8117,3.4823
31.1810,0.8106,3.4777
31.1812,0.8537,3.6675
31.1814,0.8274,3.5563
31.1816,0.7434,3.198
31.1818,0.6718,2.8914
31.1820,0.6404,2.7549
31.1822,0.727,3.123
31.1824,0.7487,3.2162
31.1826,0.7109,3.0568
31.1828,0.7273,3.1275
31.1830,0.7485,3.2217
31.1832,0.6955,2.9908
31.1834,0.7332,3.1513
31.1836,0.714,3.0702
31.1838,0.7206,3.0957
31.1840,0.7374,3.1796
31.1842,0.5561,2.3934
31.1844,0.662,2.8478
31.1846,0.5963,2.5723
31.1848,0.5181,2.2361
31.1850,0.5435,2.3447
31.1852,0.512,2.2087
31.1854,0.5074,2.187
31.1856,0.5369,2.312
31.1858,0.5044,2.1791
31.1860,0.4055,1.7518
31.1862,0.3954,1.7083
31.1864,0.4104,1.7714
31.1866,0.4575,1.972
31.1868,0.5254,2.2655
31.1870,0.5063,2.1833
31.1872,0.5026,2.1673
31.1874,0.5073,2.1865
31.1876,0.5455,2.3458
31.1878,0.6705,2.8871
31.1880,0.625,2.6964
31.1882,0.5129,2.2128
31.1884,0.4976,2.1466
31.1886,0.4873,2.1021
31.1888,0.4784,2.0638
31.1890,0.4917,2.1183
31.1892,0.5285,2.2758
31.1894,0.5875,2.5298
31.1896,0.6085,2.6238
31.1898,0.5746,2.4752
31.1900,0.5942,2.554
31.1902,0.7018,3.0162
31.1904,0.7146,3.0714
31.1906,0.7075,3.0396
31.1908,0.7821,3.3553
31.1910,0.8529,3.6587
31.1912,0.875,3.7469
31.1914,0.9652,4.1368
31.1916,0.9617,4.12
31.1918,0.9648,4.1314
31.1920,0.9774,4.1893
31.1922,0.9713,4.163
31.1924,0.9656,4.1365
31.1926,0.9671,4.1451
31.1928,0.9307,3.9888
31.1930,0.9678,4.1462
31.1932,0.9904,4.2467
31.1934,0.9537,4.0875
31.1936,0.9472,4.0598
31.1938,0.9802,4.2011
31.1940,0.9557,4.1001
31.1942,0.927,3.9766
31.1944,0.9254,3.9662
31.1946,0.9351,4.0191
31.1948,0.8566,3.6781
31.1950,0.8507,3.6495
31.1952,0.8333,3.5732
31.1954,0.8907,3.8231
31.1956,0.8455,3.6409
31.1958,0.6773,2.9165
31.1960,0.6979,3.0053
31.1962,0.7026,3.0227
31.1964,0.7093,3.0501
31.1966,0.7234,3.1119
31.1968,0.7238,3.114
31.1970,0.7176,3.0843
31.1972,0.7326,3.1472
31.1974,0.7916,3.4006
31.1976,0.8139,3.5013
31.1978,0.7875,3.3816
31.1980,0.7834,3.3703
31.1982,0.722,3.1048
31.1984,0.7128,3.0679
31.1986,0.724,3.113
31.1988,0.7258,3.1251
31.1990,0.5997,2.5849
31.1992,0.5846,2.5209
31.1994,0.6346,2.7315
31.1996,0.67,2.881
31.1998,0.669,2.8796
31.2000,0.634,2.7314
31.2002,0.5851,2.5195
31.2004,0.6295,2.7105
31.2006,0.6539,2.8185
31.2008,0.6132,2.6415
31.2010,0.6737,2.8997
31.2012,0.7102,3.0566
31.2014,0.662,2.8491
31.2016,0.6138,2.6453
31.2018,0.5873,2.53
31.2020,0.599,2.5806
31.2022,0.6301,2.7156
31.2024,0.6168,2.6558
31.2026,0.6503,2.8017
31.2028,0.6114,2.635
31.2030,0.5912,2.5506
31.2032,0.5167,2.2268
31.2034,0.4957,2.1383
31.2036,0.4969,2.1435
31.2038,0.4975,2.1461
31.2040,0.5506,2.3741
31.2042,0.5874,2.5293
31.2044,0.6241,2.6885
31.2046,0.6502,2.7998
31.2048,0.6887,2.9601
31.2050,0.7031,3.0247
31.2052,0.6351,2.7373
31.2054,0.5539,2.3875
31.2056,0.5539,2.3886
31.2058,0.5659,2.4414
31.2060,0.5433,2.3415
31.2062,0.5535,2.3854
31.2064,0.5544,2.3884
31.2066,0.5674,2.4465
31.2068,0.5605,2.4137
31.2070,0.652,2.8102
31.2072,0.5423,2.3395
31.2074,0.4748,2.0502
31.2076,0.4655,2.0108
31.2078,0.4614,1.9922
31.2080,0.4626,1.9955
31.2082,0.4592,1.9811
31.2084,0.4653,2.0074
31.2086,0.4598,1.9846
31.2088,0.4577,1.9734
31.2090,0.4465,1.9289
31.2092,0.4846,2.0907
31.2094,0.5569,2.3993
31.2096,0.5797,2.4986
31.2098,0.5595,2.4113
31.2100,0.6008,2.5883
31.2102,0.5747,2.4769
31.2104,0.5626,2.4213
31.2106,0.5542,2.3863
31.2108,0.5682,2.4478
31.2110,0.615,2.6444
31.2112,0.7072,3.0394
31.2114,0.7563,3.2477
31.2116,0.752,3.2307
31.2118,0.721,3.103
31.2120,0.6163,2.6562
31.2122,0.5446,2.3461
31.2124,0.5421,2.3385
31.2126,0.5394,2.326
31.2128,0.5408,2.3306
31.2130,0.5357,2.3089
31.2132,0.5327,2.296
31.2134,0.5388,2.3224
31.2136,0.5543,2.3846
31.2138,0.6087,2.6188
31.2140,0.6475,2.7841
31.2142,0.6924,2.976
31.2144,0.7267,3.1249
31.2146,0.6839,2.9408
31.2148,0.6285,2.7077
31.2150,0.5635,2.4299
31.2152,0.5182,2.2356
31.2154,0.5049,2.1741
31.2156,0.5615,2.42
31.2158,0.5292,2.2842
31.2160,0.4918,2.1198
31.2162,0.5067,2.1829
31.2164,0.502,2.1647
31.2166,0.5077,2.189
31.2168,0.519,2.2371
31.2170,0.5171,2.2278
31.2172,0.5057,2.1787
31.2174,0.5736,2.4688
31.2176,0.5696,2.454
31.2178,0.5574,2.4036
31.2180,0.5478,2.36
31.2182,0.5149,2.218
31.2184,0.5125,2.2087
31.2186,0.5192,2.2387
31.2188,0.49,2.115
31.2190,0.4158,1.7955
31.2192,0.3954,1.7075
31.2194,0.4174,1.8022
31.2196,0.4621,1.9907
31.2198,0.5995,2.5755
31.2200,0.6707,2.8841
31.2202,0.6137,2.6448
31.2204,0.5063,2.1823
31.2206,0.5027,2.1658
31.2208,0.5065,2.1818
31.2210,0.5549,2.3905
31.2212,0.5867,2.525
31.2214,0.6279,2.6975
31.2216,0.6545,2.8158
31.2218,0.609,2.6174
31.2220,0.662,2.8465
31.2222,0.6873,2.9539
31.2224,0.6821,2.9331
31.2226,0.6273,2.6987
31.2228,0.6421,2.7583
31.2230,0.6779,2.9164
31.2232,0.6045,2.6007
31.2234,0.6177,2.6525
31.2236,0.7792,3.3476
31.2238,0.8124,3.4821
31.2240,0.8609,3.6915
31.2242,0.8582,3.6836
31.2244,0.8614,3.6953
31.2246,0.8586,3.6783
31.2248,0.9605,4.1091
31.2250,1.0103,4.326
31.2252,1.0019,4.2881
31.2254,1.0028,4.2942
31.2256,0.9773,4.1829
31.2258,0.9785,4.1958
31.2260,0.9596,4.1165
31.2262,0.9206,3.942
31.2264,0.9915,4.2434
31.2266,0.9931,4.2526
31.2268,0.9747,4.1735
31.2270,0.9885,4.2365
31.2272,0.9563,4.0969
31.2274,0.9899,4.2387
31.2276,0.9678,4.154
31.2278,0.8929,3.8305
31.2280,0.8987,3.857
31.2282,0.8698,3.7313
31.2284,0.8472,3.6363
31.2286,0.8339,3.5825
31.2288,0.8212,3.5279
31.2290,0.8315,3.5722
31.2292,0.8648,3.7102
31.2294,0.8547,3.6682
31.2296,0.8091,3.4742
31.2298,0.7766,3.3394
31.2300,0.7701,3.3038
31.2302,0.8491,3.6445
31.2304,0.8947,3.8436
31.2306,0.8216,3.5311
31.2308,0.807,3.4655
31.2310,0.8463,3.6338
31.2312,0.8517,3.6553
31.2314,0.8311,3.5739
31.2316,0.7795,3.3455
31.2318,0.8357,3.5935
31.2320,0.7692,3.3089
31.2322,0.7095,3.0535
31.2324,0.6989,3.0053
31.2326,0.744,3.2006
31.2328,0.6488,2.7937
31.2330,0.6443,2.7745
31.2332,0.6597,2.8393
31.2334,0.6651,2.8612
31.2336,0.6923,2.9811
31.2338,0.7253,3.1187
31.2340,0.7533,3.2393
31.2342,0.7585,3.2615
31.2344,0.7392,3.18
31.2346,0.6635,2.8598
31.2348,0.5732,2.4718
31.2350,0.5627,2.4252
31.2352,0.5702,2.4589
31.2354,0.5869,2.5296
31.2356,0.5645,2.4375
31.2358,0.4903,2.116
31.2360,0.4758,2.0524
31.2362,0.5097,2.1948
31.2364,0.5941,2.5606
31.2366,0.5466,2.3581
31.2368,0.5255,2.2671
31.2370,0.5248,2.263
31.2372,0.5356,2.3084
31.2374,0.5845,2.5169
31.2376,0.6199,2.6729
31.2378,0.5493,2.3695
31.2380,0.5332,2.2981
31.2382,0.5398,2.3265
31.2384,0.5411,2.3343
31.2386,0.5398,2.3287
31.2388,0.5402,2.3291
31.2390,0.5368,2.3136
31.2392,0.5416,2.3343
31.2394,0.5935,2.5521
31.2396,0.7593,3.2651
31.2398,0.6373,2.7466
31.2400,0.5376,2.3183
31.2402,0.5478,2.3633
31.2404,0.5465,2.3554
31.2406,0.5461,2.3495
31.2408,0.643,2.765
31.2410,0.6857,2.9486
31.2412,0.6764,2.907
31.2414,0.6959,2.9896
31.2416,0.7271,3.1279
31.2418,0.6794,2.928
31.2420,0.6446,2.7743
31.2422,0.6901,2.9676
31.2424,0.7289,3.1342
31.2426,0.7393,3.179
31.2428,0.7532,3.2358
31.2430,0.818,3.509
31.2432,0.8491,3.6428
31.2434,0.7877,3.3889
31.2436,0.6788,2.9227
31.2438,0.6871,2.9534
31.2440,0.7627,3.2734
31.2442,0.828,3.5523
31.2444,0.8557,3.6694
31.2446,0.8922,3.8346
31.2448,0.718,3.0915
31.2450,0.6304,2.7172
31.2452,0.6253,2.695
31.2454,0.6186,2.6635
31.2456,0.6174,2.6571
31.2458,0.6214,2.6759
31.2460,0.6236,2.684
31.2462,0.636,2.7409
31.2464,0.6279,2.7063
31.2466,0.6145,2.6472
31.2468,0.6255,2.691
31.2470,0.6675,2.8729
31.2472,0.7187,3.0889
31.2474,0.7714,3.311
31.2476,0.8109,3.4787
31.2478,0.7844,3.3744
31.2480,0.6744,2.9028
31.2482,0.6755,2.9101
31.2484,0.6647,2.8597
31.2486,0.7042,3.0294
31.2488,0.7133,3.0714
31.2490,0.6241,2.6873
31.2492,0.5786,2.4939
31.2494,0.5825,2.5105
31.2496,0.5826,2.5098
31.2498,0.6097,2.6266
31.2500,0.5326,2.2966
31.2502,0.5451,2.3547
31.2504,0.4391,1.8924
31.2506,0.5375,2.3167
31.2508,0.4885,2.1102
31.2510,0.4186,1.8074
31.2512,0.409,1.7676
31.2514,0.3978,1.7186
31.2516,0.4569,1.9731
31.2518,0.4179,1.8051
31.2520,0.4002,1.729
31.2522,0.3971,1.7155
31.2524,0.3944,1.702
31.2526,0.4313,1.858
31.2528,0.5358,2.3084
31.2530,0.5868,2.5291
31.2532,0.5338,2.3039
31.2534,0.4902,2.1135
31.2536,0.486,2.0954
31.2538,0.4834,2.0856
31.2540,0.4914,2.1197
31.2542,0.5036,2.1694
31.2544,0.518,2.2335
31.2546,0.4789,2.0659
31.2548,0.4784,2.0648
31.2550,0.4858,2.0949
31.2552,0.4849,2.0898
31.2554,0.5049,2.1761
31.2556,0.5394,2.3228
31.2558,0.6021,2.594
31.2560,0.6051,2.6045
31.2562,0.6011,2.587
31.2564,0.6491,2.7913
31.2566,0.7049,3.031
31.2568,0.7224,3.1063
31.2570,0.7376,3.1659
31.2572,0.7963,3.4159
31.2574,0.8304,3.5659
31.2576,0.8704,3.7269
31.2578,0.9663,4.1395
31.2580,0.9569,4.0976
31.2582,0.9744,4.1764
31.2584,0.9804,4.2021
31.2586,0.9838,4.2145
31.2588,0.9828,4.2084
31.2590,0.9694,4.1548
31.2592,0.9399,4.0284
31.2594,0.9665,4.1386
31.2596,0.9816,4.2072
31.2598,0.9665,4.1444
31.2600,0.9467,4.0577
31.2602,0.9826,4.2114
31.2604,0.9593,4.1155
31.2606,0.8976,3.8506
31.2608,0.9333,4.0001
31.2610,0.9769,4.1872
31.2612,0.9512,4.0767
31.2614,0.9875,4.2364
31.2616,0.9476,4.0651
31.2618,0.9118,3.9118
31.2620,0.8388,3.6086
31.2622,0.8312,3.5674
31.2624,0.8241,3.5436
31.2626,0.7284,3.1307
31.2628,0.7266,3.1244
31.2630,0.7633,3.2822
31.2632,0.783,3.3605
31.2634,0.8247,3.5412
31.2636,0.811,3.4858
31.2638,0.8092,3.4764
31.2640,0.8608,3.7031
31.2642,0.7762,3.3348
31.2644,0.8249,3.5439
31.2646,0.8321,3.5831
31.2648,0.7291,3.1323
31.2650,0.7954,3.422
31.2652,0.693,2.9814
31.2654,0.7037,3.0302
31.2656,0.695,2.9883
31.2658,0.7502,3.229
31.2660,0.745,3.2048
31.2662,0.7453,3.2108
31.2664,0.5667,2.4434
31.2666,0.498,2.1462
31.2668,0.5599,2.4122
31.2670,0.5845,2.5228
31.2672,0.4978,2.1507
31.2674,0.5019,2.1642
31.2676,0.5754,2.4777
31.2678,0.5976,2.5768
31.2680,0.5605,2.4182
31.2682,0.5647,2.4318
31.2684,0.5795,2.4976
31.2686,0.5436,2.3474
31.2688,0.5062,2.1839
31.2690,0.5332,2.2992
31.2692,0.5484,2.3681
31.2694,0.4968,2.144
31.2696,0.4886,2.1088
31.2698,0.4767,2.0576
31.2700,0.4963,2.1399
31.2702,0.5476,2.3601
31.2704,0.5972,2.5705
31.2706,0.6113,2.6345
31.2708,0.5133,2.2164
31.2710,0.4163,1.8001
31.2712,0.4085,1.7656
31.2714,0.4578,1.974
31.2716,0.4816,2.0778
31.2718,0.45,1.9413
31.2720,0.4471,1.9307
31.2722,0.4507,1.9462
31.2724,0.4513,1.9479
31.2726,0.4524,1.9525
31.2728,0.4481,1.9348
31.2730,0.4482,1.9353
31.2732,0.4472,1.9303
31.2734,0.4731,2.0373
31.2736,0.5376,2.3205
31.2738,0.4695,2.0256
31.2740,0.4502,1.9423
31.2742,0.4662,2.0111
31.2744,0.5187,2.2377
31.2746,0.484,2.0872
31.2748,0.4683,2.0195
31.2750,0.5158,2.2242
31.2752,0.5601,2.4128
31.2754,0.5598,2.4106
31.2756,0.5693,2.4514
31.2758,0.5693,2.4525
31.2760,0.5658,2.4387
31.2762,0.565,2.4339
31.2764,0.5569,2.4004
31.2766,0.5619,2.4205
31.2768,0.6011,2.5846
31.2770,0.7093,3.0488
31.2772,0.7381,3.1724
31.2774,0.714,3.0689
31.2776,0.7827,3.361
31.2778,0.7209,3.1054
31.2780,0.5687,2.4511
31.2782,0.5489,2.3669
31.2784,0.551,2.3735
31.2786,0.5538,2.3848
31.2788,0.5861,2.5237
31.2790,0.5657,2.4359
31.2792,0.6286,2.7019
31.2794,0.6495,2.7981
31.2796,0.6164,2.6531
31.2798,0.6531,2.8084
31.2800,0.6815,2.9265
31.2802,0.7966,3.4207
31.2804,0.7562,3.2518
31.2806,0.665,2.8621
31.2808,0.6153,2.6447
31.2810,0.6846,2.9426
31.2812,0.7173,3.0871
31.2814,0.644,2.7679
31.2816,0.6729,2.8961
31.2818,0.6007,2.5855
31.2820,0.5869,2.5285
31.2822,0.5795,2.4953
31.2824,0.5929,2.5531
31.2826,0.6475,2.7828
31.2828,0.6761,2.9087
31.2830,0.6905,2.9706
31.2832,0.6687,2.8794
31.2834,0.6019,2.5906
31.2836,0.6398,2.7537
31.2838,0.5918,2.552
31.2840,0.5331,2.2933
31.2842,0.6203,2.6671
31.2844,0.6614,2.8453
31.2846,0.6897,2.9656
31.2848,0.6568,2.8296
31.2850,0.5484,2.3638
31.2852,0.5073,2.1875
31.2854,0.5387,2.3187
31.2856,0.5741,2.472
31.2858,0.5084,2.1932
31.2860,0.4909,2.1177
31.2862,0.4924,2.1234
31.2864,0.491,2.1182
31.2866,0.4908,2.1171
31.2868,0.4918,2.1208
31.2870,0.4893,2.108
31.2872,0.4845,2.0893
31.2874,0.4917,2.1203
31.2876,0.5357,2.3068
31.2878,0.5314,2.2914
31.2880,0.5031,2.1704
31.2882,0.5001,2.1555
31.2884,0.5213,2.2449
31.2886,0.5621,2.4182
31.2888,0.621,2.6727
31.2890,0.6039,2.5982
31.2892,0.5849,2.5185
31.2894,0.6391,2.7468
31.2896,0.7234,3.1105
31.2898,0.7143,3.0699
31.2900,0.7096,3.0455
31.2902,0.7872,3.3753
31.2904,0.8404,3.6036
31.2906,0.8786,3.7589
31.2908,1.0078,4.3173
31.2910,0.9518,4.0832
31.2912,0.8926,3.8255
31.2914,0.9547,4.0898
31.2916,0.987,4.2245
31.2918,0.9657,4.1332
31.2920,0.9497,4.0725
31.2922,0.947,4.0569
31.2924,0.9807,4.2013
31.2926,0.9646,4.1343
31.2928,1.002,4.2967
31.2930,0.9265,3.9783
31.2932,0.8133,3.4891
31.2934,0.8122,3.4844
31.2936,0.8494,3.6473
31.2938,0.8492,3.6429
31.2940,0.8569,3.6797
31.2942,0.8315,3.5722
31.2944,0.8221,3.5282
31.2946,0.8285,3.556
31.2948,0.8625,3.7017
31.2950,0.8448,3.6294
31.2952,0.849,3.6423
31.2954,0.8464,3.6344
31.2956,0.8012,3.4435
31.2958,0.7982,3.4322
31.2960,0.8108,3.4783
31.2962,0.878,3.7686
31.2964,0.8452,3.6293
31.2966,0.8062,3.4603
31.2968,0.8995,3.8535
31.2970,0.8778,3.7711
31.2972,0.8296,3.5673
31.2974,0.787,3.3827
31.2976,0.765,3.2925
31.2978,0.7422,3.1914
31.2980,0.7008,3.0164
31.2982,0.7089,3.0495
31.2984,0.7282,3.1311
31.2986,0.7145,3.0809
31.2988,0.5869,2.532
31.2990,0.58,2.4962
31.2992,0.6501,2.7968
31.2994,0.677,2.9123
31.2996,0.6862,2.952
31.2998,0.7271,3.1265
31.3000,0.6676,2.8761
31.3002,0.641,2.7627
31.3004,0.5918,2.5496
31.3006,0.6476,2.7872
31.3008,0.6617,2.8508
31.3010,0.64,2.7547
31.3012,0.6669,2.869
31.3014,0.6843,2.9452
31.3016,0.678,2.9197
31.3018,0.6186,2.6636
31.3020,0.6014,2.5934
31.3022,0.5827,2.5139
31.3024,0.5633,2.4278
31.3026,0.5703,2.4578
31.3028,0.5753,2.4784
31.3030,0.5964,2.5669
31.3032,0.6596,2.8362
31.3034,0.6792,2.9221
31.3036,0.6369,2.7464
31.3038,0.5796,2.4981
31.3040,0.6223,2.6796
31.3042,0.6685,2.8757
31.3044,0.699,3.0086
31.3046,0.6734,2.8969
31.3048,0.6836,2.9421
31.3050,0.6617,2.8521
31.3052,0.5543,2.3902
31.3054,0.5504,2.3709
31.3056,0.539,2.324
31.3058,0.5343,2.3038
31.3060,0.5313,2.2899
31.3062,0.533,2.2971
31.3064,0.5436,2.3398
31.3066,0.6535,2.8099
31.3068,0.6475,2.7906
31.3070,0.5354,2.3074
31.3072,0.5285,2.2801
31.3074,0.5316,2.2914
31.3076,0.5319,2.2924
31.3078,0.5549,2.3905
31.3080,0.6284,2.7047
31.3082,0.6454,2.7767
31.3084,0.6464,2.7821
31.3086,0.6471,2.7852
31.3088,0.7039,3.027
31.3090,0.6819,2.9335
31.3092,0.6529,2.8073
31.3094,0.6833,2.9328
31.3096,0.7813,3.358
31.3098,0.7354,3.1635
31.3100,0.7135,3.0697
31.3102,0.6942,2.988
31.3104,0.6396,2.7527
31.3106,0.6194,2.6684
31.3108,0.6173,2.6579
31.3110,0.6173,2.6567
31.3112,0.6207,2.6741
31.3114,0.6177,2.6587
31.3116,0.6445,2.77
31.3118,0.6736,2.9019
31.3120,0.6179,2.6617
31.3122,0.6133,2.6409
31.3124,0.6087,2.6225
31.3126,0.6065,2.6114
31.3128,0.6438,2.7669
31.3130,0.7022,3.0192
31.3132,0.7448,3.1998
31.3134,0.7682,3.2972
31.3136,0.7733,3.3281
31.3138,0.6922,2.982
31.3140,0.5906,2.5457
31.3142,0.5498,2.3683
31.3144,0.541,2.3328
31.3146,0.5314,2.2914
31.3148,0.5647,2.4306
31.3150,0.6119,2.6384
31.3152,0.5777,2.4898
31.3154,0.5941,2.5583
31.3156,0.6122,2.6387
31.3158,0.5833,2.513
31.3160,0.5928,2.5502
31.3162,0.6537,2.8123
31.3164,0.6402,2.754
31.3166,0.6777,2.9195
31.3168,0.6259,2.6951
31.3170,0.5963,2.5676
31.3172,0.6108,2.6313
31.3174,0.6072,2.6158
31.3176,0.5259,2.2708
31.3178,0.4195,1.8116
31.3180,0.4225,1.8237
31.3182,0.4195,1.8116
31.3184,0.4484,1.9328
31.3186,0.5569,2.4027
31.3188,0.5182,2.2315
31.3190,0.5983,2.5799
31.3192,0.5091,2.1953
31.3194,0.5404,2.327
31.3196,0.606,2.6094
31.3198,0.6109,2.6281
31.3200,0.6011,2.5882
31.3202,0.6296,2.7149
31.3204,0.5338,2.3007
31.3206,0.5326,2.2945
31.3208,0.5569,2.3993
31.3210,0.5886,2.5345
31.3212,0.6059,2.6064
31.3214,0.6144,2.6418
31.3216,0.6426,2.7656
31.3218,0.6625,2.8459
31.3220,0.7777,3.3378
31.3222,0.8126,3.4908
31.3224,0.7749,3.3291
31.3226,0.7792,3.3461
31.3228,0.7976,3.4217
31.3230,0.8463,3.6339
31.3232,0.8198,3.5168
31.3234,0.8568,3.6775
31.3236,0.8478,3.6389
31.3238,0.8417,3.611
31.3240,0.8372,3.5914
31.3242,0.8405,3.6092
31.3244,0.8716,3.739
31.3246,0.8675,3.7216
31.3248,0.8468,3.636
31.3250,0.8463,3.6339
31.3252,0.8482,3.6404
31.3254,0.8503,3.6531
31.3256,0.7674,3.2982
31.3258,0.7928,3.4074
31.3260,0.7535,3.2339
31.3262,0.7856,3.3734
31.3264,0.7978,3.4243
31.3266,0.8445,3.6228
31.3268,0.8691,3.7248
31.3270,0.9201,3.9474
31.3272,0.9331,4.0029
31.3274,0.8855,3.8005
31.3276,0.8149,3.499
31.3278,0.8061,3.4614
31.3280,0.8059,3.4636
31.3282,0.7975,3.4259
31.3284,0.8031,3.4502
31.3286,0.8168,3.5105
31.3288,0.8276,3.5503
31.3290,0.9197,3.9398
31.3292,0.9621,4.1313
31.3294,0.8741,3.7551
31.3296,0.8125,3.492
31.3298,0.7561,3.2497
31.3300,0.7712,3.3147
31.3302,0.8075,3.4741
31.3304,0.7722,3.3188
31.3306,0.7464,3.2095
31.3308,0.7259,3.1184
31.3310,0.6903,2.9751
31.3312,0.6794,2.9281
31.3314,0.564,2.4354
31.3316,0.5252,2.2656
31.3318,0.503,2.1679
31.3320,0.5155,2.2206
31.3322,0.5772,2.4878
31.3324,0.5498,2.3683
31.3326,0.4951,2.1358
31.3328,0.514,2.2185
31.3330,0.5216,2.2501
31.3332,0.5161,2.2284
31.3334,0.4369,1.8866
31.3336,0.4699,2.0262
31.3338,0.5482,2.3627
31.3340,0.57,2.4545
31.3342,0.6008,2.5872
31.3344,0.5892,2.5442
31.3346,0.4932,2.1285
31.3348,0.4982,2.1482
31.3350,0.5664,2.439
31.3352,0.5944,2.5593
31.3354,0.6378,2.7462
31.3356,0.5975,2.5727
31.3358,0.6049,2.6059
31.3360,0.6386,2.7511
31.3362,0.6249,2.6922
31.3364,0.5787,2.4963
31.3366,0.4946,2.1357
31.3368,0.495,2.1343
31.3370,0.5686,2.4472
31.3372,0.6156,2.6544
31.3374,0.5182,2.2366
31.3376,0.4799,2.0701
31.3378,0.4709,2.0303
31.3380,0.4866,2.099
31.3382,0.4887,2.1074
31.3384,0.5472,2.3586
31.3386,0.5283,2.2769
31.3388,0.459,1.9819
31.3390,0.4281,1.8475
31.3392,0.4378,1.8859
31.3394,0.5464,2.3517
31.3396,0.629,2.7085
31.3398,0.5994,2.587
31.3400,0.4759,2.053
31.3402,0.471,2.0309
31.3404,0.5465,2.3544
31.3406,0.5584,2.4066
31.3408,0.5643,2.4263
31.3410,0.6428,2.764
31.3412,0.7081,3.045
31.3414,0.7189,3.0914
31.3416,0.6808,2.9261
31.3418,0.714,3.0689
31.3420,0.7499,3.2229
31.3422,0.7631,3.2781
31.3424,0.7476,3.2132
31.3426,0.7038,3.0236
31.3428,0.7649,3.2858
31.3430,0.8258,3.5442
31.3432,0.8103,3.4811
31.3434,0.7886,3.3878
31.3436,0.7574,3.2539
31.3438,0.7555,3.2411
31.3440,0.7414,3.1878
31.3442,0.6819,2.9335
31.3444,0.649,2.7973
31.3446,0.5578,2.4052
31.3448,0.554,2.3864
31.3450,0.582,2.5038
31.3452,0.6398,2.7575
31.3454,0.553,2.3834
31.3456,0.5474,2.358
31.3458,0.5453,2.3481
31.3460,0.5862,2.5218
31.3462,0.6409,2.7519
31.3464,0.7018,3.0163
31.3466,0.6778,2.9214
31.3468,0.5894,2.5405
31.3470,0.5583,2.4072
31.3472,0.4846,2.0898
31.3474,0.4615,1.9909
31.3476,0.4591,1.9806
31.3478,0.4643,2.0028
31.3480,0.465,2.0069
31.3482,0.4653,2.0084
31.3484,0.4753,2.0495
31.3486,0.4746,2.0473
31.3488,0.4758,2.0534
31.3490,0.4748,2.0474
31.3492,0.476,2.0535
31.3494,0.4711,2.0333
31.3496,0.4641,2.0023
31.3498,0.4656,2.0095
31.3500,0.4586,1.9785
31.3502,0.4629,1.9971
31.3504,0.5032,2.1689
31.3506,0.4867,2.0976
31.3508,0.5096,2.1953
31.3510,0.5354,2.3053
31.3512,0.5513,2.3739
31.3514,0.6168,2.6534
31.3516,0.6412,2.7573
31.3518,0.6679,2.8758
31.3520,0.6272,2.6995
31.3522,0.6331,2.7197
31.3524,0.6621,2.8523
31.3526,0.5935,2.5557
31.3528,0.6063,2.6073
31.3530,0.6263,2.6979
31.3532,0.5965,2.5674
31.3534,0.6093,2.6263
31.3536,0.5006,2.1576
31.3538,0.4869,2.0986
31.3540,0.4868,2.0981
31.3542,0.4905,2.1141
31.3544,0.4957,2.1344
31.3546,0.5399,2.326
31.3548,0.5794,2.4913
31.3550,0.6852,2.9452
31.3552,0.6968,2.996
31.3554,0.6574,2.8296
31.3556,0.6764,2.907
31.3558,0.7308,3.1395
31.3560,0.721,3.0944
31.3562,0.7989,3.4257
31.3564,0.8249,3.5406
31.3566,0.8115,3.4781
31.3568,0.9277,3.9724
31.3570,1.0093,4.32
31.3572,0.962,4.1192
31.3574,0.9243,3.958
31.3576,0.9628,4.1228
31.3578,0.9578,4.1051
31.3580,0.9753,4.1801
31.3582,0.9327,3.9958
31.3584,0.9469,4.0621
31.3586,0.9149,3.9138
31.3588,1.0227,4.3769
31.3590,0.9789,4.1955
31.3592,0.9426,4.0341
31.3594,0.9416,4.0376
31.3596,0.9091,3.9037
31.3598,0.8616,3.6981
31.3600,0.8697,3.7308
31.3602,0.8686,3.7244
31.3604,0.9045,3.8769
31.3606,0.8997,3.8581
31.3608,0.9092,3.8951
31.3610,0.9762,4.1861
31.3612,0.9218,3.9527
31.3614,0.9434,4.0434
31.3616,0.9537,4.0914
31.3618,0.9057,3.882
31.3620,0.9201,3.9474
31.3622,0.94,4.029
31.3624,0.9633,4.1325
31.3626,0.9468,4.0616
31.3628,0.9149,3.9229
31.3630,0.9543,4.0959
31.3632,0.9367,4.0184
31.3634,0.8675,3.7285
31.3636,0.7482,3.2172
31.3638,0.749,3.2223
31.3640,0.7723,3.3209
31.3642,0.7664,3.2941
31.3644,0.7555,3.2517
31.3646,0.745,3.2063
31.3648,0.7156,3.0784
31.3650,0.6755,2.9061
31.3652,0.6988,3.0048
31.3654,0.701,3.0169
31.3656,0.6723,2.8949
31.3658,0.6639,2.8574
31.3660,0.6959,2.998
31.3662,0.703,3.0243
31.3664,0.7436,3.1961
31.3666,0.717,3.0832
31.3668,0.7332,3.1557
31.3670,0.6553,2.8242
31.3672,0.5674,2.4443
31.3674,0.595,2.5631
31.3676,0.5836,2.5163
31.3678,0.5604,2.4166
31.3680,0.5633,2.429
31.3682,0.5643,2.432
31.3684,0.5572,2.4004
31.3686,0.5737,2.4716
31.3688,0.5899,2.5426
31.3690,0.6162,2.6582
31.3692,0.511,2.2056
31.3694,0.5109,2.203
31.3696,0.6218,2.6775
31.3698,0.6757,2.9094
31.3700,0.5981,2.5777
31.3702,0.5421,2.3385
31.3704,0.5234,2.2578
31.3706,0.5176,2.2309
31.3708,0.5221,2.2501
31.3710,0.5228,2.2553
31.3712,0.5242,2.2615
31.3714,0.5198,2.2413
31.3716,0.5242,2.2594
31.3718,0.5275,2.2754
31.3720,0.5282,2.2775
31.3722,0.5247,2.2625
31.3724,0.53,2.2842
31.3726,0.5926,2.5527
31.3728,0.6385,2.748
31.3730,0.6826,2.942
31.3732,0.5763,2.4836
31.3734,0.5355,2.3079
31.3736,0.5309,2.2904
31.3738,0.5451,2.3471
31.3740,0.6137,2.64
31.3742,0.6346,2.7315
31.3744,0.6387,2.7516
31.3746,0.6712,2.8903
31.3748,0.6591,2.8368
31.3750,0.6502,2.7986
31.3752,0.6354,2.7333
31.3754,0.6927,2.9771
31.3756,0.756,3.2477
31.3758,0.7553,3.2492
31.3760,0.7127,3.066
31.3762,0.744,3.1962
31.3764,0.7268,3.1298
31.3766,0.6164,2.6543
31.3768,0.6096,2.6261
31.3770,0.6093,2.6238
31.3772,0.6162,2.6533
31.3774,0.6107,2.632
31.3776,0.6095,2.6244
31.3778,0.6418,2.765
31.3780,0.608,2.6169
31.3782,0.6137,2.6449
31.3784,0.6203,2.6721
31.3786,0.6145,2.6448
31.3788,0.6272,2.6995
31.3790,0.6296,2.7086
31.3792,0.6807,2.9297
31.3794,0.7091,3.0449
31.3796,0.8092,3.4748
31.3798,0.829,3.5581
31.3800,0.8267,3.55
31.3802,0.7488,3.2213
31.3804,0.6617,2.8468
31.3806,0.6451,2.7777
31.3808,0.6523,2.8074
31.3810,0.6962,2.9949
31.3812,0.6879,2.9579
31.3814,0.6884,2.9613
31.3816,0.6963,2.994
31.3818,0.7117,3.0633
31.3820,0.6782,2.9175
31.3822,0.6747,2.9025
31.3824,0.6914,2.9742
31.3826,0.6862,2.9548
31.3828,0.6864,2.9503
31.3830,0.7144,3.0761
31.3832,0.6012,2.5899
31.3834,0.6247,2.6924
31.3836,0.6122,2.6338
31.3838,0.6476,2.7872
31.3840,0.6042,2.6028
31.3842,0.6115,2.6331
31.3844,0.6468,2.781
31.3846,0.6981,3.0073
31.3848,0.579,2.4978
31.3850,0.5086,2.1932
31.3852,0.4892,2.1094
31.3854,0.4863,2.0961
31.3856,0.5405,2.334
31.3858,0.4972,2.1451
31.3860,0.4858,2.095
31.3862,0.4826,2.0829
31.3864,0.4802,2.0726
31.3866,0.4803,2.0702
31.3868,0.4808,2.0742
31.3870,0.4831,2.084
31.3872,0.4834,2.0846
31.3874,0.4849,2.0937
31.3876,0.4849,2.0928
31.3878,0.493,2.125
31.3880,0.5221,2.2511
31.3882,0.5628,2.4235
31.3884,0.6111,2.6304
31.3886,0.5814,2.5047
31.3888,0.5743,2.4696
31.3890,0.6857,2.9459
31.3892,0.7301,3.1394
31.3894,0.7356,3.1616
31.3896,0.7831,3.3594
31.3898,0.8535,3.6631
31.3900,0.8783,3.7679
31.3902,0.88,3.7698
31.3904,0.9195,3.9393
31.3906,0.9423,4.0388
31.3908,0.9693,4.1544
31.3910,0.9615,4.1191
31.3912,0.9478,4.0643
31.3914,0.9694,4.153
31.3916,0.979,4.196
31.3918,0.9282,3.9726
31.3920,0.9834,4.2091
31.3922,0.9934,4.2597
31.3924,0.9603,4.1197
31.3926,0.9304,3.9916
31.3928,0.9174,3.9337
31.3930,0.9489,4.067
31.3932,0.9438,4.0487
31.3934,0.8712,3.7392
31.3936,0.8928,3.8337
31.3938,0.8953,3.8445
31.3940,0.8899,3.8177
31.3942,0.8795,3.773
31.3944,0.9026,3.8723
31.3946,0.9427,4.046
31.3948,0.8331,3.5789
31.3950,0.7807,3.3554
31.3952,0.7273,3.1261
31.3954,0.7673,3.2961
31.3956,0.8475,3.6441
31.3958,0.7737,3.324
31.3960,0.7788,3.3471
31.3962,0.7596,3.2662
31.3964,0.7687,3.3008
31.3966,0.7447,3.2067
31.3968,0.6775,2.9157
31.3970,0.6773,2.9193
31.3972,0.5849,2.5197
31.3974,0.6387,2.7503
31.3976,0.6549,2.82
31.3978,0.6789,2.9233
31.3980,0.7041,3.0289
31.3982,0.6233,2.685
31.3984,0.5897,2.5415
31.3986,0.656,2.8207
31.3988,0.7054,3.0402
31.3990,0.6188,2.6683
31.3992,0.6158,2.653
31.3994,0.6297,2.7116
31.3996,0.645,2.7798
31.3998,0.5894,2.5405
31.4000,0.6089,2.623
31.4002,0.6498,2.7939
31.4004,0.7134,3.0748
31.4006,0.5812,2.5083
31.4008,0.5716,2.4601
31.4010,0.6535,2.8138
31.4012,0.609,2.6223
31.4014,0.628,2.7082
31.4016,0.5893,2.5388
31.4018,0.5935,2.5581
31.4020,0.595,2.5631
31.4022,0.6482,2.7911
31.4024,0.6284,2.7047
31.4026,0.6483,2.7903
31.4028,0.6357,2.7425
31.4030,0.5693,2.4537
31.4032,0.5704,2.456
31.4034,0.5549,2.3939
31.4036,0.5252,2.2656
31.4038,0.5363,2.3126
31.4040,0.5285,2.278
31.4042,0.5683,2.4484
31.4044,0.5531,2.3828
31.4046,0.5508,2.3763
31.4048,0.4725,2.0376
31.4050,0.4694,2.0251
31.4052,0.4574,1.9752
31.4054,0.453,1.9569
31.4056,0.4483,1.934
31.4058,0.508,2.1916
31.4060,0.4667,2.0141
31.4062,0.4483,1.9331
31.4064,0.4471,1.9289
31.4066,0.4469,1.9296
31.4068,0.4508,1.9458
31.4070,0.4571,1.9709
31.4072,0.5061,2.1813
31.4074,0.5386,2.3192
31.4076,0.5802,2.5007
31.4078,0.5607,2.4153
31.4080,0.5617,2.4189
31.4082,0.5575,2.4019
31.4084,0.5587,2.4082
31.4086,0.5657,2.4348
31.4088,0.6237,2.6858
31.4090,0.5893,2.5376
31.4092,0.6234,2.6805
31.4094,0.7141,3.0679
31.4096,0.749,3.2148
31.4098,0.8216,3.5278
31.4100,0.7583,3.2651
31.4102,0.581,2.5032
31.4104,0.5458,2.3535
31.4106,0.5462,2.3561
31.4108,0.5466,2.3549
31.4110,0.54,2.3265
31.4112,0.5272,2.2733
31.4114,0.5218,2.2501
31.4116,0.5261,2.2666
31.4118,0.5337,2.2991
31.4120,0.5284,2.2775
31.4122,0.5313,2.292
31.4124,0.5308,2.2857
31.4126,0.5789,2.4904
31.4128,0.6617,2.8468
31.4130,0.7314,3.1436
31.4132,0.6727,2.8938
31.4134,0.6279,2.7039
31.4136,0.5894,2.5381
31.4138,0.5911,2.5525
31.4140,0.4884,2.1068
31.4142,0.4743,2.0463
31.4144,0.4712,2.0338
31.4146,0.5102,2.1979
31.4148,0.5218,2.249
31.4150,0.471,2.0318
31.4152,0.4699,2.0262
31.4154,0.5306,2.2868
31.4156,0.5087,2.1927
31.4158,0.5023,2.1648
31.4160,0.5258,2.2671
31.4162,0.5125,2.2097
31.4164,0.5005,2.156
31.4166,0.5452,2.3443
31.4168,0.6019,2.5882
31.4170,0.5896,2.5398
31.4172,0.5423,2.3385
31.4174,0.5084,2.1911
31.4176,0.5277,2.2701
31.4178,0.6265,2.6977
31.4180,0.5451,2.3526
31.4182,0.4852,2.0934
31.4184,0.4806,2.0703
31.4186,0.5131,2.2113
31.4188,0.5077,2.185
31.4190,0.5468,2.3576
31.4192,0.5059,2.1813
31.4194,0.4927,2.1244
31.4196,0.4982,2.1462
31.4198,0.5041,2.1715
31.4200,0.5542,2.3841
31.4202,0.6639,2.8521
31.4204,0.6918,2.9735
31.4206,0.6849,2.9464
31.4208,0.6583,2.8345
31.4210,0.6264,2.6921
31.4212,0.6567,2.8238
31.4214,0.6587,2.8339
31.4216,0.67,2.877
31.4218,0.7351,3.1551
31.4220,0.7682,3.2972
31.4222,0.7778,3.3415
31.4224,0.7798,3.3471
31.4226,0.7903,3.3919
31.4228,0.837,3.5959
31.4230,0.7891,3.3867
31.4232,0.8145,3.4942
31.4234,0.8248,3.5384
31.4236,0.8514,3.6441
31.4238,0.9539,4.0848
31.4240,0.9975,4.2752
31.4242,0.9447,4.0453
31.4244,0.9442,4.0489
31.4246,0.9115,3.9049
31.4248,0.9722,4.1589
31.4250,0.9867,4.2309
31.4252,0.9379,4.0179
31.4254,0.964,4.1298
31.4256,0.9613,4.1238
31.4258,0.949,4.0713
31.4260,0.926,3.9689
31.4262,0.9364,4.0098
31.4264,0.9539,4.0886
31.4266,0.9728,4.1732
31.4268,0.9063,3.8864
31.4270,0.8707,3.7337
31.4272,0.9403,4.0319
31.4274,0.9036,3.88
31.4276,0.8206,3.5237
31.4278,0.8191,3.5187
31.4280,0.8181,3.5162
31.4282,0.7569,3.2518
31.4284,0.7682,3.3018
31.4286,0.7743,3.3281
31.4288,0.7794,3.3497
31.4290,0.7786,3.3451
31.4292,0.8257,3.5453
31.4294,0.7988,3.4316
31.4296,0.7914,3.4013
31.4298,0.7874,3.3795
31.4300,0.785,3.3739
31.4302,0.7174,3.0876
31.4304,0.682,2.9381
31.4306,0.6379,2.7454
31.4308,0.6661,2.8681
31.4310,0.6808,2.9275
31.4312,0.7192,3.0939
31.4314,0.6452,2.7769
31.4316,0.6691,2.881
31.4318,0.6548,2.8195
31.4320,0.677,2.915
31.4322,0.6557,2.825
31.4324,0.6701,2.8816
31.4326,0.7031,3.029
31.4328,0.6411,2.7568
31.4330,0.7132,3.0724
31.4332,0.6554,2.8182
31.4334,0.7031,3.0276
31.4336,0.6712,2.8929
31.4338,0.6813,2.9309
31.4340,0.6974,3.0028
31.4342,0.6049,2.6047
31.4344,0.5918,2.5508
31.4346,0.6275,2.7005
31.4348,0.7071,3.0418
31.4350,0.6511,2.8061
31.4352,0.5845,2.5205
31.4354,0.5707,2.461
31.4356,0.5668,2.4406
31.4358,0.5844,2.5164
31.4360,0.6068,2.6094
31.4362,0.7441,3.1997
31.4364,0.7234,3.1177
31.4366,0.5387,2.324
31.4368,0.4904,2.1185
31.4370,0.493,2.128
31.4372,0.539,2.3229
31.4374,0.564,2.4321
31.4376,0.5278,2.2749
31.4378,0.5289,2.2795
31.4380,0.5258,2.2661
31.4382,0.5273,2.2717
31.4384,0.527,2.2734
31.4386,0.526,2.2682
31.4388,0.5541,2.388
31.4390,0.5257,2.2656
31.4392,0.5292,2.2811
31.4394,0.6135,2.6395
31.4396,0.7053,3.0312
31.4398,0.6669,2.8703
31.4400,0.6248,2.6867
31.4402,0.6641,2.8598
31.4404,0.6909,2.9722
31.4406,0.7336,3.1529
31.4408,0.7584,3.258
31.4410,0.7539,3.2405
31.4412,0.7512,3.2301
31.4414,0.7536,3.2374
31.4416,0.7838,3.3641
31.4418,0.8237,3.5371
31.4420,0.8386,3.5976
31.4422,0.9048,3.8833
31.4424,0.8759,3.7593
31.4426,0.79,3.394
31.4428,0.8219,3.5277
31.4430,0.8734,3.7485
31.4432,0.8174,3.5098
31.4434,0.8477,3.6418
31.4436,0.8448,3.6277
31.4438,0.8629,3.7037
31.4440,0.8319,3.5754
31.4442,0.7523,3.2363
31.4444,0.712,3.0658
31.4446,0.6358,2.7392
31.4448,0.6326,2.7227
31.4450,0.6874,2.9613
31.4452,0.6458,2.7821
31.4454,0.6284,2.7059
31.4456,0.6257,2.6966
31.4458,0.6429,2.7658
31.4460,0.7681,3.2951
31.4462,0.8655,3.7197
31.4464,0.7748,3.3332
31.4466,0.7345,3.157
31.4468,0.5703,2.4589
31.4470,0.5508,2.3741
31.4472,0.5591,2.4097
31.4474,0.5665,2.4441
31.4476,0.5408,2.3328
31.4478,0.5468,2.3543
31.4480,0.5903,2.5441
31.4482,0.605,2.6053
31.4484,0.6173,2.6567
31.4486,0.5923,2.5564
31.4488,0.5149,2.2211
31.4490,0.5372,2.312
31.4492,0.6296,2.7086
31.4494,0.6902,2.9746
31.4496,0.5718,2.4657
31.4498,0.5398,2.3276
31.4500,0.6289,2.708
31.4502,0.5899,2.5437
31.4504,0.5193,2.2392
31.4506,0.5228,2.2542
31.4508,0.5429,2.34
31.4510,0.5042,2.1751
31.4512,0.4968,2.143
31.4514,0.4952,2.1363
31.4516,0.4956,2.1388
31.4518,0.4832,2.0855
31.4520,0.4834,2.0856
31.4522,0.4818,2.0784
31.4524,0.4887,2.1054
31.4526,0.5614,2.4162
31.4528,0.5476,2.3623
31.4530,0.485,2.0923
31.4532,0.4819,2.0798
31.4534,0.4808,2.0732
31.4536,0.4821,2.0789
31.4538,0.4807,2.0737
31.4540,0.4827,2.0825
31.4542,0.4819,2.0779
31.4544,0.495,2.1323
31.4546,0.5405,2.3264
31.4548,0.5999,2.5819
31.4550,0.6653,2.865
31.4552,0.6878,2.956
31.4554,0.7024,3.0189
31.4556,0.7249,3.1172
31.4558,0.7233,3.1071
31.4560,0.7953,3.4103
31.4562,0.8492,3.6429
31.4564,0.8509,3.6472
31.4566,0.8761,3.7586
31.4568,0.9376,4.0168
31.4570,0.9856,4.2243
31.4572,0.9752,4.1737
31.4574,0.9764,4.1808
31.4576,0.9673,4.1476
31.4578,0.9613,4.118
31.4580,0.9882,4.2356
31.4582,0.9556,4.0958
31.4584,0.9941,4.2628
31.4586,0.9688,4.1504
31.4588,0.9597,4.1114
31.4590,0.9946,4.2608
31.4592,0.993,4.2561
31.4594,0.929,3.9836
31.4596,0.9507,4.0766
31.4598,0.9372,4.0185
31.4600,0.9406,4.0334
31.4602,0.9376,4.0225
31.4604,0.9227,3.9545
31.4606,0.9637,4.1341
31.4608,0.9103,3.9052
31.4610,0.8408,3.6169
31.4612,0.7475,3.2156
31.4614,0.786,3.3765
31.4616,0.8475,3.639
31.4618,0.8776,3.7665
31.4620,0.8722,3.7451
31.4622,0.8604,3.6912
31.4624,0.8892,3.8129
31.4626,0.9493,4.0705
31.4628,0.896,3.8511
31.4630,0.8104,3.4864
31.4632,0.7189,3.0929
31.4634,0.7089,3.0524
31.4636,0.6869,2.9565
31.4638,0.6695,2.8844
31.4640,0.6741,2.9013
31.4642,0.7145,3.0709
31.4644,0.751,3.2276
31.4646,0.742,3.1919
31.4648,0.7301,3.1408
31.4650,0.7498,3.2254
31.4652,0.7297,3.1422
31.4654,0.6408,2.7591
31.4656,0.6628,2.8581
31.4658,0.6736,2.9019
31.4660,0.6655,2.8641
31.4662,0.6364,2.7418
31.4664,0.5662,2.4448
31.4666,0.4945,2.1352
31.4668,0.4743,2.0463
31.4670,0.4852,2.0934
31.4672,0.4819,2.0808
31.4674,0.5008,2.1626
31.4676,0.5047,2.1771
31.4678,0.5152,2.2216
31.4680,0.5725,2.4699
31.4682,0.5221,2.2511
31.4684,0.5199,2.2449
31.4686,0.4617,1.9929
31.4688,0.4489,1.9366
31.4690,0.477,2.0577
31.4692,0.5277,2.2775
31.4694,0.4956,2.1408
31.4696,0.4639,2.0031
31.4698,0.4472,1.9303
31.4700,0.448,1.9343
31.4702,0.4603,1.9876
31.4704,0.4634,2.0001
31.4706,0.461,1.9889
31.4708,0.4611,1.9903
31.4710,0.4573,1.9756
31.4712,0.4596,1.9845
31.4714,0.4613,1.9908
31.4716,0.4598,1.9837
31.4718,0.4523,1.9529
31.4720,0.4423,1.9091
31.4722,0.4415,1.9037
31.4724,0.4478,1.9311
31.4726,0.4499,1.9417
31.4728,0.4453,1.9238
31.4730,0.4511,1.9468
31.4732,0.4998,2.1529
31.4734,0.5397,2.326
31.4736,0.5442,2.3446
31.4738,0.5686,2.4483
31.4740,0.5574,2.4014
31.4742,0.5537,2.3843
31.4744,0.5668,2.4428
31.4746,0.5765,2.4847
31.4748,0.5581,2.4034
31.4750,0.5843,2.5101
31.4752,0.7077,3.0415
31.4754,0.7617,3.2724
31.4756,0.7705,3.307
31.4758,0.7617,3.2709
31.4760,0.6715,2.894
31.4762,0.592,2.5525
31.4764,0.5499,2.3689
31.4766,0.5316,2.2903
31.4768,0.5566,2.4
31.4770,0.5374,2.3162
31.4772,0.5265,2.2692
31.4774,0.5482,2.3605
31.4776,0.545,2.3477
31.4778,0.5397,2.326
31.4780,0.5362,2.3132
31.4782,0.5217,2.2485
31.4784,0.5276,2.2738
31.4786,0.5313,2.292
31.4788,0.5249,2.2625
31.4790,0.5524,2.3753
31.4792,0.621,2.6677
31.4794,0.7099,3.0499
31.4796,0.6942,2.9852
31.4798,0.6851,2.9447
31.4800,0.6768,2.9105
31.4802,0.6516,2.8043
31.4804,0.6255,2.691
31.4806,0.6402,2.7527
31.4808,0.6252,2.692
31.4810,0.5977,2.575
31.4812,0.582,2.5096
31.4814,0.538,2.3156
31.4816,0.6084,2.6173
31.4818,0.6446,2.7705
31.4820,0.6668,2.8671
31.4822,0.6545,2.8185
31.4824,0.5862,2.5242
31.4826,0.5929,2.5531
31.4828,0.5773,2.4883
31.4830,0.5306,2.2857
31.4832,0.5358,2.3116
31.4834,0.5375,2.3146
31.4836,0.6193,2.6642
31.4838,0.646,2.7805
31.4840,0.6053,2.6075
31.4842,0.5147,2.2175
31.4844,0.5053,2.1797
31.4846,0.4929,2.1265
31.4848,0.4912,2.1182
31.4850,0.4896,2.111
31.4852,0.4939,2.1286
31.4854,0.5168,2.2253
31.4856,0.6013,2.5892
31.4858,0.5502,2.3715
31.4860,0.511,2.2005
31.4862,0.531,2.2909
31.4864,0.4854,2.0919
31.4866,0.4831,2.0831
31.4868,0.4809,2.0738
31.4870,0.4844,2.0888
31.4872,0.488,2.1033
31.4874,0.502,2.1638
31.4876,0.5345,2.3006
31.4878,0.5891,2.5331
31.4880,0.6002,2.5846
31.4882,0.5731,2.4691
31.4884,0.6096,2.6176
31.4886,0.7063,3.0345
31.4888,0.7368,3.1624
31.4890,0.7675,3.2941
31.4892,0.8161,3.4993
31.4894,0.8647,3.7097
31.4896,0.8747,3.7489
31.4898,0.9177,3.9334
31.4900,0.9091,3.8982
31.4902,0.9247,3.9577
31.4904,0.9788,4.1891
31.4906,0.986,4.2199
31.4908,0.9894,4.2387
31.4910,0.9712,4.1587
31.4912,0.9266,3.9789
31.4914,0.8544,3.6655
31.4916,0.9289,3.9812
31.4918,0.953,4.0845
31.4920,0.9019,3.8638
31.4922,0.9278,3.9729
31.4924,0.9568,4.1029
31.4926,0.9051,3.8849
31.4928,0.8914,3.8257
31.4930,0.8613,3.6965
31.4932,0.8363,3.5912
31.4934,0.8188,3.5176
31.4936,0.8079,3.4691
31.4938,0.8634,3.7041
31.4940,0.8821,3.7843
31.4942,0.8838,3.7986
31.4944,0.8139,3.4981
31.4946,0.7856,3.3749
31.4948,0.7954,3.4124
31.4950,0.8496,3.6483
31.4952,0.844,3.6241
31.4954,0.8248,3.5417
31.4956,0.8798,3.7728
31.4958,0.8513,3.6589
31.4960,0.7786,3.3482
31.4962,0.7603,3.2693
31.4964,0.7595,3.2672
31.4966,0.7168,3.0807
31.4968,0.7271,3.125
31.4970,0.7069,3.0413
31.4972,0.7405,3.1887
31.4974,0.682,2.9326
31.4976,0.69,2.9727
31.4978,0.6149,2.6476
31.4980,0.6361,2.7352
31.4982,0.6602,2.8414
31.4984,0.6778,2.9146
31.4986,0.7386,3.1745
31.4988,0.7218,3.1067
31.4990,0.706,3.0357
31.4992,0.7375,3.1787
31.4994,0.6453,2.7761
31.4996,0.6476,2.7898
31.4998,0.5896,2.5398
31.5000,0.5947,2.5597
31.5002,0.6456,2.7785
31.5004,0.6692,2.8801
31.5006,0.6885,2.966
31.5008,0.6661,2.8654
31.5010,0.6442,2.7754
31.5012,0.5679,2.4475
31.5014,0.6131,2.6411
31.5016,0.6001,2.5877
31.5018,0.6103,2.6255
31.5020,0.7063,3.0415
31.5022,0.6615,2.8498
31.5024,0.6224,2.6776
31.5026,0.6424,2.7676
31.5028,0.6454,2.7818
31.5030,0.5941,2.5606
31.5032,0.5676,2.4442
31.5034,0.5701,2.4573
31.5036,0.581,2.5032
31.5038,0.6508,2.8051
31.5040,0.6307,2.7132
31.5042,0.6326,2.7253
31.5044,0.5436,2.3442
31.5046,0.5242,2.2604
31.5048,0.5357,2.3079
31.5050,0.5336,2.2997
31.5052,0.5601,2.415
31.5054,0.5651,2.4345
31.5056,0.584,2.5172
31.5058,0.5352,2.3069
31.5060,0.6016,2.5903
31.5062,0.6545,2.8172
31.5064,0.6554,2.8195
31.5066,0.6336,2.7256
31.5068,0.6368,2.7408
31.5070,0.646,2.7831
31.5072,0.6409,2.7596
31.5074,0.6465,2.78
31.5076,0.7385,3.1696
31.5078,0.8101,3.4816
31.5080,0.7292,3.1358
31.5082,0.734,3.1535
31.5084,0.7325,3.1497
31.5086,0.7011,3.016
31.5088,0.6584,2.8363
31.5090,0.6276,2.7036
31.5092,0.6181,2.6628
31.5094,0.6037,2.5984
31.5096,0.6056,2.609
31.5098,0.6095,2.6231
31.5100,0.6175,2.6589
31.5102,0.609,2.6223
31.5104,0.6177,2.66
31.5106,0.6231,2.6845
31.5108,0.6247,2.6924
31.5110,0.6215,2.6735
31.5112,0.6086,2.6195
31.5114,0.6239,2.6863
31.5116,0.7039,3.027
31.5118,0.774,3.3281
31.5120,0.7233,3.1129
31.5122,0.67,2.8837
31.5124,0.6477,2.7878
31.5126,0.6399,2.7555
31.5128,0.562,2.4222
31.5130,0.5457,2.3519
31.5132,0.5417,2.3359
31.5134,0.5375,2.3167
31.5136,0.5416,2.3332
31.5138,0.5529,2.3829
31.5140,0.5525,2.3835
31.5142,0.5412,2.3317
31.5144,0.5385,2.3198
31.5146,0.5406,2.3302
31.5148,0.5367,2.3131
31.5150,0.5597,2.4112
31.5152,0.5707,2.461
31.5154,0.5976,2.5709
31.5156,0.6869,2.9579
31.5158,0.6613,2.8474
31.5160,0.6596,2.8388
31.5162,0.6339,2.7284
31.5164,0.6255,2.691
31.5166,0.6745,2.8961
31.5168,0.7053,3.0326
31.5170,0.642,2.7656
31.5172,0.6162,2.6508
31.5174,0.6566,2.822
31.5176,0.7133,3.0686
31.5178,0.6261,2.6961
31.5180,0.571,2.462
31.5182,0.5066,2.1814
31.5184,0.5723,2.4654
31.5186,0.5599,2.4156
31.5188,0.5089,2.1953
31.5190,0.5266,2.2697
31.5192,0.5458,2.3502
31.5194,0.5746,2.4753
31.5196,0.598,2.5736
31.5198,0.6525,2.8045
31.5200,0.6998,3.0131
31.5202,0.6459,2.7787
31.5204,0.687,2.9543
31.5206,0.6935,2.9793
31.5208,0.7658,3.2945
31.5210,0.6982,3.0036
31.5212,0.7002,3.0068
31.5214,0.7474,3.2091
31.5216,0.7912,3.3976
31.5218,0.8319,3.5705
31.5220,0.8254,3.5443
31.5222,0.8508,3.6518
31.5224,0.8482,3.6421
31.5226,0.7809,3.3533
31.5228,0.8572,3.6739
31.5230,0.9638,4.1288
31.5232,0.9881,4.239
31.5234,0.9367,4.0184
31.5236,0.9541,4.0891
31.5238,0.9774,4.1874
31.5240,0.989,4.2406
31.5242,0.9161,3.9262
31.5244,0.9464,4.0562
31.5246,0.967,4.1408
31.5248,0.9795,4.1942
31.5250,0.9801,4.2065
31.5252,0.9351,4.0117
31.5254,0.9266,3.9677
31.5256,0.9964,4.2725
31.5258,0.9386,4.021
31.5260,0.9647,4.1387
31.5262,0.9336,4.0031
31.5264,0.9426,4.0454
31.5266,0.8575,3.684
31.5268,0.8527,3.66
31.5270,0.9003,3.8679
31.5272,0.8023,3.4514
31.5274,0.6957,2.9942
31.5276,0.6977,3.003
31.5278,0.7072,3.0409
31.5280,0.7019,3.0224
31.5282,0.7102,3.0552
31.5284,0.7387,3.175
31.5286,0.7266,3.1302
31.5288,0.6686,2.8789
31.5290,0.639,2.7526
31.5292,0.6259,2.7001
31.5294,0.5486,2.3643
31.5296,0.6116,2.6349
31.5298,0.6626,2.8544
31.5300,0.6755,2.9102
31.5302,0.6056,2.609
31.5304,0.5926,2.5539
31.5306,0.6038,2.6025
31.5308,0.5989,2.5801
31.5310,0.5966,2.5715
31.5312,0.6316,2.7262
31.5314,0.5637,2.4305
31.5316,0.5887,2.5362
31.5318,0.5778,2.4938
31.5320,0.5155,2.2216
31.5322,0.5902,2.5436
31.5324,0.5279,2.2775
31.5326,0.4959,2.1394
31.5328,0.5372,2.3152
31.5330,0.5892,2.5347
31.5332,0.6689,2.8831
31.5334,0.5694,2.4542
31.5336,0.5951,2.566
31.5338,0.6074,2.6144
31.5340,0.6162,2.6582
31.5342,0.521,2.2485
31.5344,0.537,2.3157
31.5346,0.5725,2.4711
31.5348,0.5452,2.3498
31.5350,0.5836,2.5152
31.5352,0.5173,2.2315
31.5354,0.4753,2.0514
31.5356,0.498,2.1482
31.5358,0.4928,2.125
31.5360,0.5169,2.2278
31.5362,0.5114,2.2051
31.5364,0.4953,2.1408
31.5366,0.4111,1.7753
31.5368,0.4037,1.7424
31.5370,0.4379,1.8908
31.5372,0.4458,1.9223
31.5374,0.4814,2.0778
31.5376,0.4537,1.9591
31.5378,0.4493,1.9382
31.5380,0.4519,1.9523
31.5382,0.4501,1.9436
31.5384,0.4556,1.9656
31.5386,0.4697,2.0223
31.5388,0.5651,2.4345
31.5390,0.6177,2.6612
31.5392,0.5852,2.5201
31.5394,0.5647,2.4329
31.5396,0.5917,2.5468
31.5398,0.6578,2.8258
31.5400,0.7394,3.1796
31.5402,0.7,3.0114
31.5404,0.6914,2.9701
31.5406,0.7719,3.3147
31.5408,0.7451,3.2053
31.5410,0.6914,2.9728
31.5412,0.6863,2.9498
31.5414,0.7747,3.3265
31.5416,0.8484,3.6364
31.5418,0.8619,3.7026
31.5420,0.8288,3.5604
31.5422,0.7627,3.2796
31.5424,0.7312,3.1382
31.5426,0.831,3.5635
31.5428,0.828,3.5606
31.5430,0.7912,3.4023
31.5432,0.7857,3.3786
31.5434,0.7416,3.1874
31.5436,0.7584,3.258
31.5438,0.7849,3.3719
31.5440,0.8233,3.5334
31.5442,0.7683,3.3054
31.5444,0.7477,3.2211
31.5446,0.6291,2.7078
31.5448,0.723,3.1032
31.5450,0.7659,3.2905
31.5452,0.7646,3.2863
31.5454,0.747,3.2136
31.5456,0.6153,2.6484
31.5458,0.6109,2.633
31.5460,0.5302,2.2884
31.5462,0.5326,2.2966
31.5464,0.5056,2.1803
31.5466,0.494,2.1321
31.5468,0.5057,2.1808
31.5470,0.5385,2.323
31.5472,0.4918,2.1208
31.5474,0.4833,2.0851
31.5476,0.4788,2.0645
31.5478,0.4627,1.997
31.5480,0.4776,2.0602
31.5482,0.5289,2.2816
31.5484,0.5358,2.3095
31.5486,0.5462,2.3507
31.5488,0.5954,2.5628
31.5490,0.5836,2.5128
31.5492,0.647,2.7782
31.5494,0.7838,3.3657
31.5496,0.7698,3.3116
31.5498,0.7286,3.1346
31.5500,0.7218,3.1009
31.5502,0.7047,3.0301
31.5504,0.6969,2.9952
31.5506,0.7,3.01
31.5508,0.7278,3.1267
31.5510,0.7629,3.2806
31.5512,0.7285,3.1327
31.5514,0.6956,2.9923
31.5516,0.6634,2.8567
31.5518,0.6049,2.6072
31.5520,0.573,2.4674
31.5522,0.5679,2.4452
31.5524,0.5689,2.4498
31.5526,0.5751,2.4762
31.5528,0.5962,2.567
31.5530,0.6043,2.6034
31.5532,0.6091,2.6204
31.5534,0.6604,2.8411
31.5536,0.6746,2.902
31.5538,0.7056,3.0342
31.5540,0.6761,2.9074
31.5542,0.6843,2.9424
31.5544,0.7751,3.3296
31.5546,0.815,3.4979
31.5548,0.8422,3.6147
31.5550,0.8189,3.5116
31.5552,0.9423,4.0388
31.5554,0.9783,4.1871
31.5556,0.997,4.2611
31.5558,1.1358,4.8568
31.5560,1.1334,4.8466
31.5562,1.1447,4.8925
31.5564,1.1436,4.8947
31.5566,1.0758,4.6086
31.5568,1.0114,4.3267
31.5570,1.0475,4.4874
31.5572,1.0308,4.416
31.5574,1.0772,4.6169
31.5576,1.0314,4.4206
31.5578,1.0146,4.3446
31.5580,1.0718,4.5873
31.5582,1.0097,4.3296
31.5584,0.9482,4.0658
31.5586,0.9277,3.9761
31.5588,0.9862,4.2229
31.5590,1.0485,4.4941
31.5592,1.005,4.3116
31.5594,0.9766,4.1896
31.5596,0.9616,4.1196
31.5598,0.9996,4.2844
31.5600,1.0012,4.2931
31.5602,0.9488,4.0684
31.5604,0.9679,4.156
31.5606,0.8706,3.7419
31.5608,0.8632,3.7117
31.5610,0.8075,3.4627
31.5612,0.9954,4.2664
31.5614,0.9954,4.2724
31.5616,0.9352,4.0178
31.5618,0.9026,3.8759
31.5620,0.9246,3.9664
31.5622,0.9597,4.119
31.5624,0.8583,3.694
31.5626,0.7597,3.2667
31.5628,0.7891,3.3946
31.5630,0.7436,3.1976
31.5632,0.7577,3.2625
31.5634,0.6945,2.9862
31.5636,0.7433,3.2005
31.5638,0.7765,3.342
31.5640,0.7656,3.292
31.5642,0.7502,3.229
31.5644,0.7488,3.2198
31.5646,0.8033,3.456
31.5648,0.7426,3.1945
31.5650,0.7274,3.1295
31.5652,0.7363,3.1691
31.5654,0.7921,3.4107
31.5656,0.7229,3.1113
31.5658,0.7074,3.0448
31.5660,0.6971,3.0032
31.5662,0.694,2.9883
31.5664,0.6441,2.7749
31.5666,0.6381,2.7516
31.5668,0.6303,2.7129
31.5670,0.662,2.8584
31.5672,0.5233,2.2594
31.5674,0.5059,2.1833
31.5676,0.5205,2.2454
31.5678,0.5668,2.444
31.5680,0.6117,2.6366
31.5682,0.6436,2.7728
31.5684,0.5981,2.5789
31.5686,0.5607,2.4198
31.5688,0.5506,2.3775
31.5690,0.5464,2.3572
31.5692,0.5484,2.3659
31.5694,0.5551,2.3971
31.5696,0.549,2.3674
31.5698,0.5471,2.3581
31.5700,0.5466,2.3582
31.5702,0.5487,2.367
31.5704,0.5573,2.402
31.5706,0.5537,2.3876
31.5708,0.5541,2.3903
31.5710,0.5572,2.4037
31.5712,0.5674,2.4454
31.5714,0.5688,2.4527
31.5716,0.5664,2.4401
31.5718,0.6327,2.7233
31.5720,0.6785,2.9204
31.5722,0.681,2.9326
31.5724,0.6812,2.9345
31.5726,0.6761,2.9114
31.5728,0.6646,2.8619
31.5730,0.6653,2.861
31.5732,0.7421,3.1835
31.5734,0.886,3.8061
31.5736,0.8258,3.5492
31.5738,0.7785,3.3492
31.5740,0.6851,2.9501
31.5742,0.6792,2.9262
31.5744,0.6656,2.8633
31.5746,0.7263,3.1185
31.5748,0.8303,3.5671
31.5750,0.7757,3.3399
31.5752,0.6723,2.8962
31.5754,0.6617,2.8481
31.5756,0.6531,2.811
31.5758,0.6494,2.7976
31.5760,0.6513,2.8058
31.5762,0.6567,2.8252
31.5764,0.7113,3.0556
31.5766,0.7351,3.1625
31.5768,0.6658,2.8683
31.5770,0.6517,2.81
31.5772,0.6234,2.6805
31.5774,0.6948,2.9947
31.5776,0.5778,2.4927
31.5778,0.5679,2.4452
31.5780,0.67,2.8837
31.5782,0.688,2.957
31.5784,0.721,3.1031
31.5786,0.724,3.1174
31.5788,0.7089,3.0481
31.5790,0.7319,3.1486
31.5792,0.7563,3.2523
31.5794,0.7662,3.2946
31.5796,0.7316,3.1446
31.5798,0.7622,3.2776
31.5800,0.7888,3.392
31.5802,0.7173,3.0914
31.5804,0.5975,2.5751
31.5806,0.5824,2.51
31.5808,0.6048,2.603
31.5810,0.7209,3.0997
31.5812,0.7974,3.427
31.5814,0.7514,3.2311
31.5816,0.7547,3.2481
31.5818,0.7494,3.2224
31.5820,0.7411,3.1868
31.5822,0.7844,3.3698
31.5824,0.8261,3.554
31.5826,0.7259,3.1199
31.5828,0.6674,2.8764
31.5830,0.5391,2.3256
31.5832,0.5397,2.3282
31.5834,0.5297,2.2853
31.5836,0.5209,2.248
31.5838,0.5243,2.2641
31.5840,0.5218,2.2501
31.5842,0.5219,2.2495
31.5844,0.5175,2.2325
31.5846,0.53,2.2852
31.5848,0.5842,2.5166
31.5850,0.584,2.5184
31.5852,0.5296,2.2837
31.5854,0.5168,2.2304
31.5856,0.5181,2.2351
31.5858,0.5175,2.2304
31.5860,0.5197,2.2397
31.5862,0.5273,2.2749
31.5864,0.548,2.3617
31.5866,0.5772,2.4855
31.5868,0.6075,2.6173
31.5870,0.6629,2.8573
31.5872,0.6246,2.6907
31.5874,0.6349,2.7313
31.5876,0.7108,3.0549
31.5878,0.7834,3.3657
31.5880,0.7791,3.3471
31.5882,0.8783,3.7626
31.5884,0.9244,3.9622
31.5886,0.9141,3.9217
31.5888,0.9559,4.093
31.5890,1.0402,4.4519
31.5892,1.0627,4.5441
31.5894,1.0638,4.553
31.5896,1.0586,4.533
31.5898,1.0656,4.5649
31.5900,1.0537,4.5141
31.5902,1.0248,4.3923
31.5904,1.0191,4.3677
31.5906,1.0255,4.3954
31.5908,1.0596,4.535
31.5910,1.0688,4.5745
31.5912,1.0478,4.4868
31.5914,1.0426,4.4746
31.5916,0.9996,4.2904
31.5918,0.9438,4.0487
31.5920,0.9363,4.0187
31.5922,0.9129,3.9147
31.5924,0.9686,4.1513
31.5926,0.9253,3.975
31.5928,0.8314,3.5734
31.5930,0.8408,3.6169
31.5932,0.8041,3.4575
31.5934,0.7968,3.426
31.5936,0.8015,3.4435
31.5938,0.8668,3.7219
31.5940,0.8551,3.6771
31.5942,0.809,3.4786
31.5944,0.8043,3.4633
31.5946,0.7233,3.11
31.5948,0.7568,3.2574
31.5950,0.6928,2.9846
31.5952,0.6712,2.8929
31.5954,0.6575,2.834
31.5956,0.5944,2.5605
31.5958,0.6391,2.7557
31.5960,0.6337,2.7286
31.5962,0.74,3.1822
31.5964,0.7404,3.1911
31.5966,0.6403,2.7634
31.5968,0.5757,2.4834
31.5970,0.5677,2.4458
31.5972,0.6104,2.6285
31.5974,0.653,2.8144
31.5976,0.6132,2.6416
31.5978,0.6374,2.7434
31.5980,0.7228,3.1094
31.5982,0.789,3.3957
31.5984,0.7079,3.0454
31.5986,0.7345,3.157
31.5988,0.7602,3.2673
31.5990,0.7875,3.3911
31.5992,0.6923,2.9825
31.5994,0.6586,2.836
31.5996,0.6333,2.7347
31.5998,0.5573,2.4031
31.6000,0.6044,2.6015
31.6002,0.7125,3.0693
31.6004,0.6746,2.9061
31.6006,0.6614,2.8532
31.6008,0.5764,2.4842
31.6010,0.6387,2.7516
31.6012,0.7313,3.1489
31.6014,0.6512,2.8027
31.6016,0.7029,3.0266
31.6018,0.6836,2.9462
31.6020,0.651,2.8017
31.6022,0.6755,2.9102
31.6024,0.7182,3.0883
31.6026,0.7607,3.28
31.6028,0.5769,2.4932
31.6030,0.49,2.117
31.6032,0.4954,2.1383
31.6034,0.4837,2.0886
31.6036,0.4802,2.0735
31.6038,0.4801,2.073
31.6040,0.4842,2.0897
31.6042,0.4858,2.095
31.6044,0.5611,2.4219
31.6046,0.514,2.2165
31.6048,0.5585,2.4083
31.6050,0.5767,2.4846
31.6052,0.6139,2.6459
31.6054,0.5995,2.5851
31.6056,0.5905,2.544
31.6058,0.593,2.5548
31.6060,0.5947,2.5644
31.6062,0.6229,2.6822
31.6064,0.6963,2.9898
31.6066,0.829,3.5614
31.6068,0.8206,3.5286
31.6070,0.7774,3.3399
31.6072,0.7706,3.3121
31.6074,0.7234,3.1177
31.6076,0.6107,2.6344
31.6078,0.5717,2.4663
31.6080,0.5671,2.4444
31.6082,0.5798,2.5015
31.6084,0.5682,2.449
31.6086,0.5697,2.4552
31.6088,0.5646,2.4335
31.6090,0.5669,2.4433
31.6092,0.5676,2.4476
31.6094,0.567,2.4439
31.6096,0.5688,2.4516
31.6098,0.5692,2.4543
31.6100,0.5652,2.4372
31.6102,0.5481,2.3644
31.6104,0.532,2.293
31.6106,0.5629,2.4252
31.6108,0.6031,2.597
31.6110,0.5427,2.3433
31.6112,0.4932,2.1275
31.6114,0.5812,2.5013
31.6116,0.6322,2.7212
31.6118,0.6573,2.8317
31.6120,0.6492,2.7914
31.6122,0.6804,2.9259
31.6124,0.6671,2.874
31.6126,0.5873,2.5288
31.6128,0.602,2.5935
31.6130,0.6,2.5848
31.6132,0.5999,2.5867
31.6134,0.5477,2.3628
31.6136,0.514,2.2165
31.6138,0.5133,2.2134
31.6140,0.4776,2.0612
31.6142,0.4235,1.8287
31.6144,0.4084,1.7642
31.6146,0.3915,1.6896
31.6148,0.3893,1.6811
31.6150,0.4253,1.8373
31.6152,0.4145,1.789
31.6154,0.4739,2.0414
31.6156,0.5237,2.2573
31.6158,0.5103,2.2015
31.6160,0.5138,2.2144
31.6162,0.5269,2.2718
31.6164,0.5218,2.2522
31.6166,0.5472,2.3575
31.6168,0.5881,2.5348
31.6170,0.5303,2.2836
31.6172,0.6159,2.651
31.6174,0.5956,2.5657
31.6176,0.5138,2.2144
31.6178,0.5089,2.1953
31.6180,0.5096,2.1973
31.6182,0.5355,2.3058
31.6184,0.585,2.5179
31.6186,0.6133,2.6384
31.6188,0.624,2.6856
31.6190,0.651,2.8004
31.6192,0.6619,2.8473
31.6194,0.6543,2.8135
31.6196,0.6954,2.9945
31.6198,0.6474,2.7888
31.6200,0.6423,2.762
31.6202,0.6959,2.9869
31.6204,0.8286,3.5566
31.6206,0.8254,3.5443
31.6208,0.7999,3.4298
31.6210,0.8391,3.5996
31.6212,0.8494,3.649
31.6214,0.8496,3.6449
31.6216,0.902,3.8679
31.6218,0.9212,3.9465
31.6220,0.9836,4.2037
31.6222,1.097,4.6863
31.6224,1.1192,4.7901
31.6226,1.0939,4.6818
31.6228,1.0893,4.6623
31.6230,1.0756,4.6059
31.6232,1.0538,4.5146
31.6234,0.9711,4.1602
31.6236,0.9828,4.2066
31.6238,0.9987,4.2743
31.6240,1.0608,4.5423
31.6242,1.076,4.6096
31.6244,1.0759,4.6026
31.6246,1.0707,4.5827
31.6248,1.0032,4.3018
31.6250,0.9273,3.9782
31.6252,0.9459,4.058
31.6254,0.8899,3.8231
31.6256,0.8197,3.5212
31.6258,0.8168,3.5089
31.6260,0.8688,3.729
31.6262,0.8869,3.8067
31.6264,0.8662,3.7176
31.6266,0.8887,3.8073
31.6268,0.9639,4.1332
31.6270,0.9424,4.0449
31.6272,0.8825,3.7894
31.6274,0.927,3.9785
31.6276,0.8454,3.6354
31.6278,0.759,3.2651
31.6280,0.7464,3.2065
31.6282,0.8008,3.442
31.6284,0.7892,3.3888
31.6286,0.8186,3.5248
31.6288,0.7067,3.0445
31.6290,0.6532,2.8154
31.6292,0.596,2.5689
31.6294,0.6563,2.8249
31.6296,0.6969,2.9966
31.6298,0.7036,3.0282
31.6300,0.6566,2.826
31.6302,0.6428,2.7717
31.6304,0.6069,2.6172
31.6306,0.5947,2.5632
31.6308,0.6101,2.6269
31.6310,0.6978,3.0021
31.6312,0.7492,3.2214
31.6314,0.7048,3.032
31.6316,0.7151,3.0735
31.6318,0.7373,3.1718
31.6320,0.717,3.0832
31.6322,0.7199,3.0984
31.6324,0.7327,3.1536
31.6326,0.7185,3.0937
31.6328,0.6204,2.6775
31.6330,0.5288,2.2811
31.6332,0.5336,2.3007
31.6334,0.5766,2.4864
31.6336,0.5526,2.3841
31.6338,0.5403,2.3329
31.6340,0.542,2.3391
31.6342,0.5559,2.398
31.6344,0.5569,2.4027
31.6346,0.5483,2.3654
31.6348,0.5435,2.3447
31.6350,0.5499,2.3689
31.6352,0.5523,2.3803
31.6354,0.552,2.3815
31.6356,0.551,2.3779
31.6358,0.5487,2.3659
31.6360,0.5484,2.3638
31.6362,0.5662,2.4402
31.6364,0.5757,2.4822
31.6366,0.5366,2.3115
31.6368,0.5471,2.3592
31.6370,0.5679,2.4475
31.6372,0.5668,2.4428
31.6374,0.5731,2.4679
31.6376,0.6362,2.7395
31.6378,0.6386,2.7498
31.6380,0.656,2.8194
31.6382,0.7183,3.0932
31.6384,0.6851,2.946
31.6386,0.7093,3.0502
31.6388,0.7179,3.0897
31.6390,0.72,3.0975
31.6392,0.7279,3.1316
31.6394,0.7398,3.1767
31.6396,0.8412,3.614
31.6398,0.8246,3.5424
31.6400,0.8415,3.6099
31.6402,0.914,3.9175
31.6404,0.9519,4.0818
31.6406,0.8573,3.6898
31.6408,0.7559,3.2532
31.6410,0.7854,3.3739
31.6412,0.8292,3.5575
31.6414,0.9067,3.8879
31.6416,0.9114,3.9098
31.6418,0.8903,3.8211
31.6420,0.8839,3.7938
31.6422,0.8548,3.6739
31.6424,0.7893,3.3925
31.6426,0.8182,3.5167
31.6428,0.7652,3.292
31.6430,0.6908,2.973
31.6432,0.6843,2.9438
31.6434,0.6718,2.8928
31.6436,0.5959,2.5696
31.6438,0.5686,2.4528
31.6440,0.568,2.4491
31.6442,0.5724,2.4602
31.6444,0.7494,3.2209
31.6446,0.7324,3.1565
31.6448,0.6263,2.6979
31.6450,0.6248,2.6904
31.6452,0.7057,3.0375
31.6454,0.7362,3.1671
31.6456,0.7393,3.1806
31.6458,0.7057,3.0418
31.6460,0.6427,2.7635
31.6462,0.6815,2.936
31.6464,0.6221,2.6823
31.6466,0.6167,2.6615
31.6468,0.534,2.306
31.6470,0.4927,2.1264
31.6472,0.4839,2.0877
31.6474,0.5023,2.1648
31.6476,0.5729,2.4726
31.6478,0.5048,2.1767
31.6480,0.5042,2.1751
31.6482,0.4914,2.1207
31.6484,0.5265,2.2681
31.6486,0.6506,2.8028
31.6488,0.6113,2.6321
31.6490,0.6001,2.5853
31.6492,0.6033,2.6004
31.6494,0.6019,2.593
31.6496,0.5996,2.5844
31.6498,0.6042,2.6016
31.6500,0.6033,2.5992
31.6502,0.6043,2.6046
31.6504,0.6048,2.6079
31.6506,0.5953,2.5634
31.6508,0.6333,2.7233
31.6510,0.6905,2.972
31.6512,0.6248,2.6929
31.6514,0.6036,2.6015
31.6516,0.5989,2.5801
31.6518,0.6039,2.603
31.6520,0.6163,2.655
31.6522,0.6355,2.7377
31.6524,0.6516,2.8017
31.6526,0.6881,2.9617
31.6528,0.5854,2.5218
31.6530,0.5713,2.4625
31.6532,0.6061,2.6099
31.6534,0.6381,2.7452
31.6536,0.6721,2.8979
31.6538,0.6233,2.6812
31.6540,0.6954,2.9904
31.6542,0.7521,3.2312
31.6544,0.8501,3.6453
31.6546,0.928,3.9776
31.6548,0.8978,3.8535
31.6550,0.8801,3.772
31.6552,1.039,4.4426
31.6554,1.1031,4.7257
31.6556,1.0139,4.3435
31.6558,0.9962,4.2655
31.6560,1.0376,4.4411
31.6562,1.0442,4.4714
31.6564,1.0662,4.5654
31.6566,1.0452,4.4713
31.6568,1.0921,4.6719
31.6570,1.068,4.5795
31.6572,0.9718,4.1691
31.6574,0.9525,4.0844
31.6576,0.9746,4.1731
31.6578,1.0343,4.4329
31.6580,0.9934,4.2656
31.6582,0.9717,4.1666
31.6584,0.9894,4.2407
31.6586,0.9783,4.191
31.6588,1.0825,4.6352
31.6590,1.1173,4.7841
31.6592,1.0864,4.6543
31.6594,1.0637,4.5652
31.6596,0.9183,3.9433
31.6598,0.9145,3.9214
31.6600,0.9471,4.0669
31.6602,0.9703,4.1604
31.6604,0.9593,4.1137
31.6606,0.9308,3.9987
31.6608,0.8989,3.8653
31.6610,0.7706,3.3229
31.6612,0.6506,2.8001
31.6614,0.7284,3.1322
31.6616,0.7635,3.2847
31.6618,0.7569,3.2624
31.6620,0.6932,2.982
31.6622,0.7547,3.2451
31.6624,0.7902,3.3945
31.6626,0.7885,3.392
31.6628,0.7854,3.3802
31.6630,0.7586,3.2666
31.6632,0.6677,2.8793
31.6634,0.5916,2.551
31.6636,0.5881,2.5372
31.6638,0.6098,2.6271
31.6640,0.6766,2.9121
31.6642,0.7093,3.0615
31.6644,0.6023,2.5982
31.6646,0.5844,2.52
31.6648,0.5787,2.4963
31.6650,0.5393,2.3299
31.6652,0.4928,2.1289
31.6654,0.4887,2.1123
31.6656,0.4869,2.1035
31.6658,0.4909,2.1206
31.6660,0.4976,2.1496
31.6662,0.521,2.2475
31.6664,0.5681,2.4531
31.6666,0.511,2.2056
31.6668,0.5037,2.174
31.6670,0.5404,2.3313
31.6672,0.5201,2.2449
31.6674,0.5412,2.3306
31.6676,0.6378,2.7475
31.6678,0.6446,2.7821
31.6680,0.533,2.3024
31.6682,0.4906,2.1176
31.6684,0.5065,2.1839
31.6686,0.5528,2.3868
31.6688,0.4501,1.9454
31.6690,0.4071,1.7594
31.6692,0.4071,1.7569
31.6694,0.4586,1.9813
31.6696,0.4543,1.9635
31.6698,0.4519,1.9505
31.6700,0.4554,1.9673
31.6702,0.4528,1.955
31.6704,0.4544,1.9622
31.6706,0.4538,1.9569
31.6708,0.5024,2.1653
31.6710,0.615,2.653
31.6712,0.5683,2.4507
31.6714,0.5513,2.3784
31.6716,0.5452,2.352
31.6718,0.555,2.3922
31.6720,0.5551,2.3916
31.6722,0.5573,2.4031
31.6724,0.5721,2.4656
31.6726,0.565,2.4362
31.6728,0.5737,2.4705
31.6730,0.5902,2.5401
31.6732,0.6319,2.7196
31.6734,0.6966,2.9955
31.6736,0.7288,3.1366
31.6738,0.7307,3.142
31.6740,0.671,2.8879
31.6742,0.6038,2.6037
31.6744,0.5719,2.465
31.6746,0.5418,2.3364
31.6748,0.5349,2.3054
31.6750,0.5508,2.3752
31.6752,0.5487,2.367
31.6754,0.5447,2.3466
31.6756,0.5796,2.497
31.6758,0.5551,2.3938
31.6760,0.5327,2.2982
31.6762,0.5261,2.2687
31.6764,0.5308,2.2899
31.6766,0.5211,2.248
31.6768,0.5255,2.2661
31.6770,0.5316,2.2903
31.6772,0.5251,2.2619
31.6774,0.5536,2.386
31.6776,0.5171,2.232
31.6778,0.5462,2.3528
31.6780,0.6864,2.9544
31.6782,0.6765,2.9103
31.6784,0.6524,2.8053
31.6786,0.6909,2.9735
31.6788,0.6348,2.732
31.6790,0.5978,2.5719
31.6792,0.6114,2.6326
31.6794,0.6346,2.7315
31.6796,0.6539,2.8146
31.6798,0.6035,2.6022
31.6800,0.5351,2.3053
31.6802,0.6037,2.5972
31.6804,0.7206,3.0986
31.6806,0.7068,3.0422
31.6808,0.6605,2.843
31.6810,0.642,2.7656
31.6812,0.6266,2.6982
31.6814,0.6605,2.8403
31.6816,0.7314,3.1421
31.6818,0.7551,3.2426
31.6820,0.7801,3.3544
31.6822,0.7194,3.0935
31.6824,0.7115,3.0609
31.6826,0.6963,2.994
31.6828,0.7126,3.0684
31.6830,0.6002,2.5894
31.6832,0.5127,2.2108
31.6834,0.5024,2.1663
31.6836,0.5042,2.1751
31.6838,0.5381,2.3172
31.6840,0.5563,2.399
31.6842,0.4916,2.1227
31.6844,0.4819,2.0798
31.6846,0.4818,2.0774
31.6848,0.4843,2.0882
31.6850,0.4843,2.0902
31.6852,0.4875,2.1032
31.6854,0.4793,2.0646
31.6856,0.5302,2.2852
31.6858,0.4948,2.1347
31.6860,0.4891,2.1099
31.6862,0.5037,2.171
31.6864,0.5498,2.3672
31.6866,0.5844,2.5164
31.6868,0.6227,2.6836
31.6870,0.5798,2.4968
31.6872,0.5999,2.5783
31.6874,0.7144,3.069
31.6876,0.7586,3.253
31.6878,0.8282,3.5545
31.6880,0.8114,3.4841
31.6882,0.844,3.6224
31.6884,0.8897,3.8078
31.6886,0.998,4.2692
31.6888,0.9946,4.2569
31.6890,0.9791,4.1946
31.6892,0.9812,4.2072
31.6894,0.9712,4.1607
31.6896,0.961,4.1189
31.6898,0.9429,4.0413
31.6900,0.961,4.1151
31.6902,0.9788,4.1891
31.6904,0.97,4.1536
31.6906,0.9969,4.2706
31.6908,0.9427,4.0535
31.6910,0.7536,3.2434
31.6912,0.714,3.0731
31.6914,0.678,2.9156
31.6916,0.7252,3.1197
31.6918,0.7357,3.1621
31.6920,0.7468,3.211
31.6922,0.7312,3.1426
31.6924,0.7816,3.3533
31.6926,0.8211,3.5323
31.6928,0.7033,3.0286
31.6930,0.6857,2.9486
31.6932,0.7116,3.0614
31.6934,0.7063,3.0401
31.6936,0.6566,2.826
31.6938,0.6809,2.928
31.6940,0.7316,3.149
31.6942,0.632,2.7227
31.6944,0.601,2.5901
31.6946,0.6446,2.7743
31.6948,0.6992,3.0064
31.6950,0.6998,3.0117
31.6952,0.6368,2.7408
31.6954,0.6469,2.7829
31.6956,0.6607,2.8448
31.6958,0.6554,2.8221
31.6960,0.6782,2.9175
31.6962,0.6915,2.9747
31.6964,0.699,3.0058
31.6966,0.7301,3.1394
31.6968,0.7131,3.0676
31.6970,0.6716,2.8945
31.6972,0.5954,2.5675
31.6974,0.5788,2.4945
31.6976,0.6164,2.6518
31.6978,0.6839,2.9409
31.6980,0.7307,3.1434
31.6982,0.7385,3.1755
31.6984,0.7239,3.1111
31.6986,0.7604,3.2683
31.6988,0.7717,3.3183
31.6990,0.7436,3.1991
31.6992,0.6842,2.946
31.6994,0.6771,2.9169
31.6996,0.6695,2.883
31.6998,0.6472,2.7857
31.7000,0.6418,2.7625
31.7002,0.6706,2.8877
31.7004,0.6482,2.7898
31.7006,0.701,3.0113
31.7008,0.7512,3.2301
31.7010,0.7496,3.2279
31.7012,0.67,2.8837
31.7014,0.6596,2.8362
31.7016,0.6617,2.8455
31.7018,0.673,2.894
31.7020,0.7116,3.0614
31.7022,0.7331,3.1537
31.7024,0.7267,3.1278
31.7026,0.6863,2.9539
31.7028,0.6697,2.8835
31.7030,0.6569,2.8288
31.7032,0.6174,2.6597
31.7034,0.5806,2.5011
31.7036,0.5772,2.4889
31.7038,0.5959,2.5636
31.7040,0.7054,3.0346
31.7042,0.6773,2.9166
31.7044,0.6547,2.819
31.7046,0.6656,2.866
31.7048,0.6375,2.7464
31.7050,0.5789,2.495
31.7052,0.5815,2.5075
31.7054,0.6092,2.6184
31.7056,0.7545,3.2446
31.7058,0.7495,3.2259
31.7060,0.7157,3.0804
31.7062,0.6398,2.7563
31.7064,0.6174,2.6572
31.7066,0.6199,2.668
31.7068,0.6206,2.6736
31.7070,0.6207,2.6716
31.7072,0.6676,2.8734
31.7074,0.7097,3.056
31.7076,0.6569,2.8275
31.7078,0.6374,2.7421
31.7080,0.6664,2.8683
31.7082,0.7053,3.0341
31.7084,0.7042,3.0322
31.7086,0.6423,2.7671
31.7088,0.617,2.6581
31.7090,0.6131,2.6411
31.7092,0.6139,2.6447
31.7094,0.6131,2.6398
31.7096,0.6591,2.8394
31.7098,0.5701,2.4573
31.7100,0.5464,2.3539
31.7102,0.547,2.3576
31.7104,0.5488,2.3642
31.7106,0.627,2.7022
31.7108,0.5888,2.5367
31.7110,0.6126,2.6366
31.7112,0.664,2.8553
31.7114,0.7268,3.1211
31.7116,0.6951,2.9944
31.7118,0.5663,2.443
31.7120,0.5472,2.3586
31.7122,0.5516,2.3772
31.7124,0.5542,2.3875
31.7126,0.5704,2.4595
31.7128,0.5659,2.4369
31.7130,0.5604,2.4121
31.7132,0.555,2.39
31.7134,0.561,2.418
31.7136,0.5881,2.5313
31.7138,0.6486,2.7927
31.7140,0.5978,2.5779
31.7142,0.5502,2.3693
31.7144,0.6092,2.6184
31.7146,0.6589,2.8344
31.7148,0.6286,2.7044
31.7150,0.6351,2.7336
31.7152,0.6507,2.802
31.7154,0.6858,2.9505
31.7156,0.6587,2.8392
31.7158,0.5647,2.4352
31.7160,0.5478,2.3634
31.7162,0.5673,2.4438
31.7164,0.5905,2.5404
31.7166,0.6221,2.6786
31.7168,0.6033,2.5992
31.7170,0.5939,2.5572
31.7172,0.6194,2.6684
31.7174,0.5957,2.565
31.7176,0.6078,2.6159
31.7178,0.6729,2.8934
31.7180,0.7513,3.2291
31.7182,0.7404,3.1837
31.7184,0.6974,2.9986
31.7186,0.6759,2.9063
31.7188,0.684,2.9469
31.7190,0.6175,2.6602
31.7192,0.6254,2.6893
31.7194,0.6904,2.9687
31.7196,0.7194,3.0949
31.7198,0.6834,2.9361
31.7200,0.7633,3.2837
31.7202,0.7482,3.2172
31.7204,0.7572,3.2514
31.7206,0.7688,3.309
31.7208,0.7197,3.0888
31.7210,0.8469,3.6331
31.7212,0.8641,3.7072
31.7214,0.8551,3.6669
31.7216,0.9163,3.9272
31.7218,0.9507,4.0747
31.7220,0.9477,4.0638
31.7222,0.9758,4.1802
31.7224,0.9843,4.2147
31.7226,0.9837,4.2121
31.7228,0.9661,4.1463
31.7230,0.9192,3.9396
31.7232,0.9652,4.135
31.7234,0.98,4.2021
31.7236,0.9784,4.1934
31.7238,1.0036,4.2974
31.7240,1.0073,4.3133
31.7242,0.9923,4.255
31.7244,0.88,3.7803
31.7246,0.8162,3.5047
31.7248,0.852,3.6552
31.7250,0.9345,4.0091
31.7252,0.9156,3.9351
31.7254,0.8282,3.5595
31.7256,0.8101,3.4784
31.7258,0.7993,3.4385
31.7260,0.744,3.1977
31.7262,0.7748,3.3286
31.7264,0.8296,3.564
31.7266,0.8321,3.5831
31.7268,0.7563,3.2523
31.7270,0.7768,3.3389
31.7272,0.7846,3.3724
31.7274,0.795,3.4151
31.7276,0.8278,3.5563
31.7278,0.8246,3.5489
31.7280,0.7273,3.1275
31.7282,0.7119,3.0667
31.7284,0.705,3.0373
31.7286,0.6679,2.8745
31.7288,0.6792,2.9208
31.7290,0.7712,3.3147
31.7292,0.7614,3.2739
31.7294,0.7595,3.2672
31.7296,0.7487,3.2223
31.7298,0.696,2.9971
31.7300,0.6735,2.9001
31.7302,0.7219,3.1043
31.7304,0.7444,3.2037
31.7306,0.6882,2.9663
31.7308,0.6098,2.6296
31.7310,0.5277,2.2765
31.7312,0.5489,2.3669
31.7314,0.5755,2.4817
31.7316,0.5435,2.3469
31.7318,0.4965,2.144
31.7320,0.4799,2.0701
31.7322,0.4842,2.0877
31.7324,0.5028,2.1699
31.7326,0.5131,2.2123
31.7328,0.5251,2.2682
31.7330,0.4267,1.8452
31.7332,0.4134,1.7868
31.7334,0.4145,1.7907
31.7336,0.452,1.9492
31.7338,0.552,2.3826
31.7340,0.4733,2.0426
31.7342,0.4523,1.9529
31.7344,0.459,1.9819
31.7346,0.4556,1.9674
31.7348,0.4442,1.9191
31.7350,0.4374,1.8878
31.7352,0.436,1.8808
31.7354,0.4487,1.9374
31.7356,0.4465,1.9281
31.7358,0.4507,1.9444
31.7360,0.4475,1.9313
31.7362,0.4729,2.042
31.7364,0.4511,1.9486
31.7366,0.452,1.951
31.7368,0.4524,1.9507
31.7370,0.4834,2.0856
31.7372,0.5423,2.3363
31.7374,0.6001,2.5865
31.7376,0.57,2.4534
31.7378,0.6031,2.5934
31.7380,0.6367,2.7403
31.7382,0.6734,2.8955
31.7384,0.7428,3.194
31.7386,0.7432,3.1956
31.7388,0.6851,2.9447
31.7390,0.6984,3.0005
31.7392,0.73,3.1374
31.7394,0.7701,3.3054
31.7396,0.7922,3.4001
31.7398,0.784,3.3667
31.7400,0.741,3.1893
31.7402,0.6675,2.8729
31.7404,0.6836,2.9393
31.7406,0.6935,2.9807
31.7408,0.7207,3.0992
31.7410,0.7081,3.045
31.7412,0.7117,3.0605
31.7414,0.729,3.1377
31.7416,0.692,2.9754
31.7418,0.7027,3.0218
31.7420,0.6946,2.9882
31.7422,0.7255,3.1227
31.7424,0.6625,2.8486
31.7426,0.6596,2.8362
31.7428,0.6545,2.8159
31.7430,0.6283,2.7004
31.7432,0.6581,2.8366
31.7434,0.615,2.6493
31.7436,0.635,2.7356
31.7438,0.5555,2.3965
31.7440,0.4827,2.0835
31.7442,0.5692,2.4486
31.7444,0.6047,2.6025
31.7446,0.6028,2.5966
31.7448,0.5548,2.3923
31.7450,0.4995,2.1539
31.7452,0.4978,2.1477
31.7454,0.5308,2.2899
31.7456,0.512,2.2077
31.7458,0.5071,2.1844
31.7460,0.5592,2.408
31.7462,0.5439,2.3441
31.7464,0.5518,2.3793
31.7466,0.5344,2.3044
31.7468,0.5281,2.2738
31.7470,0.5322,2.2951
31.7472,0.5285,2.2769
31.7474,0.5976,2.5732
31.7476,0.5851,2.5207
31.7478,0.5113,2.2056
31.7480,0.4999,2.1565
31.7482,0.535,2.3037
31.7484,0.571,2.4598
31.7486,0.5325,2.2961
31.7488,0.4878,2.1042
31.7490,0.4822,2.0795
31.7492,0.4849,2.0899
31.7494,0.4843,2.0882
31.7496,0.4885,2.1054
31.7498,0.5355,2.3069
31.7500,0.5563,2.399
31.7502,0.4941,2.1306
31.7504,0.4839,2.0867
31.7506,0.4826,2.08
31.7508,0.4781,2.0614
31.7510,0.4818,2.0774
31.7512,0.4868,2.0972
31.7514,0.4822,2.0785
31.7516,0.4816,2.0778
31.7518,0.4801,2.0711
31.7520,0.4787,2.063
31.7522,0.4928,2.124
31.7524,0.4938,2.1271
31.7526,0.498,2.1442
31.7528,0.5319,2.2914
31.7530,0.5926,2.548
31.7532,0.6187,2.6629
31.7534,0.6167,2.6529
31.7536,0.6852,2.9424
31.7538,0.8139,3.4949
31.7540,0.7743,3.3234
31.7542,0.7816,3.3533
31.7544,0.8454,3.6252
31.7546,0.8403,3.6082
31.7548,0.7609,3.2673
31.7550,0.7934,3.4053
31.7552,0.8557,3.6677
31.7554,0.884,3.7925
31.7556,0.8816,3.7805
31.7558,0.9059,3.8771
31.7560,0.933,3.9987
31.7562,0.9153,3.9231
31.7564,0.9131,3.9079
31.7566,1.0083,4.3194
31.7568,0.9933,4.2552
31.7570,0.9898,4.2383
31.7572,0.9617,4.122
31.7574,0.9333,4.0002
31.7576,0.9484,4.0669
31.7578,0.8709,3.7412
31.7580,0.8235,3.5328
31.7582,0.8667,3.7214
31.7584,0.8964,3.8437
31.7586,0.9278,3.9803
31.7588,0.8765,3.7566
31.7590,0.9435,4.0401
31.7592,0.9887,4.2436
31.7594,0.8591,3.6873
31.7596,0.8319,3.5721
31.7598,0.8432,3.6222
31.7600,0.828,3.554
31.7602,0.8498,3.6454
31.7604,0.877,3.7692
31.7606,0.831,3.5685
31.7608,0.8195,3.5207
31.7610,0.8048,3.4574
31.7612,0.7767,3.3415
31.7614,0.7284,3.1307
31.7616,0.767,3.2997
31.7618,0.7681,3.3013
31.7620,0.7628,3.2801
31.7622,0.7453,3.2063
31.7624,0.6685,2.8784
31.7626,0.6441,2.7749
31.7628,0.6936,2.9813
31.7630,0.7471,3.2096
31.7632,0.7424,3.194
31.7634,0.6757,2.9067
31.7636,0.6742,2.9005
31.7638,0.7354,3.1621
31.7640,0.7575,3.2605
31.7642,0.6978,3.0035
31.7644,0.721,3.1045
31.7646,0.6175,2.6627
31.7648,0.5804,2.5017
31.7650,0.5808,2.5033
31.7652,0.6221,2.6786
31.7654,0.5974,2.5758
31.7656,0.5668,2.4428
31.7658,0.6272,2.7008
31.7660,0.626,2.6969
31.7662,0.5806,2.5011
31.7664,0.6463,2.7842
31.7666,0.6018,2.5937
31.7668,0.5803,2.4989
31.7670,0.5812,2.5037
31.7672,0.5882,2.5318
31.7674,0.6095,2.6268
31.7676,0.5692,2.4566
31.7678,0.5026,2.1714
31.7680,0.4908,2.1142
31.7682,0.5963,2.5699
31.7684,0.5405,2.3318
31.7686,0.5141,2.217
31.7688,0.5174,2.232
31.7690,0.5137,2.2159
31.7692,0.5122,2.2097
31.7694,0.5101,2.1984
31.7696,0.5749,2.4745
31.7698,0.6198,2.6688
31.7700,0.6126,2.6378
31.7702,0.6115,2.6319
31.7704,0.6117,2.6317
31.7706,0.6158,2.6505
31.7708,0.618,2.6647
31.7710,0.6248,2.6879
31.7712,0.6945,2.9807
31.7714,0.7796,3.3539
31.7716,0.699,3.0058
31.7718,0.6904,2.9715
31.7720,0.6177,2.6587
31.7722,0.5945,2.5586
31.7724,0.5908,2.5474
31.7726,0.5922,2.5524
31.7728,0.5916,2.5486
31.7730,0.6007,2.5855
31.7732,0.6372,2.7462
31.7734,0.6141,2.6457
31.7736,0.5956,2.5621
31.7738,0.6186,2.6611
31.7740,0.6188,2.6659
31.7742,0.6135,2.6431
31.7744,0.6022,2.5917
31.7746,0.6367,2.739
31.7748,0.6828,2.9362
31.7750,0.6421,2.7661
31.7752,0.5687,2.4477
31.7754,0.6275,2.7005
31.7756,0.6137,2.6461
31.7758,0.5433,2.3426
31.7760,0.5227,2.2547
31.7762,0.5086,2.1922
31.7764,0.551,2.3735
31.7766,0.5995,2.5815
31.7768,0.6067,2.6088
31.7770,0.6433,2.7674
31.7772,0.6773,2.9125
31.7774,0.7328,3.1512
31.7776,0.7179,3.0853
31.7778,0.7008,3.015
31.7780,0.7004,3.0087
31.7782,0.7761,3.3343
31.7784,0.7277,3.132
31.7786,0.6736,2.8965
31.7788,0.6761,2.9114
31.7790,0.6448,2.7805
31.7792,0.5643,2.4308
31.7794,0.5807,2.497
31.7796,0.6987,3.0001
31.7798,0.7584,3.2565
31.7800,0.746,3.202
31.7802,0.8307,3.5686
31.7804,0.7421,3.1939
31.7806,0.6833,2.9397
31.7808,0.6794,2.9213
31.7810,0.6753,2.9038
31.7812,0.67,2.8797
31.7814,0.7022,3.0164
31.7816,0.7295,3.1339
31.7818,0.7356,3.1602
31.7820,0.7504,3.228
31.7822,0.6541,2.819
31.7824,0.5651,2.4345
31.7826,0.5694,2.4542
31.7828,0.6105,2.6278
31.7830,0.636,2.7372
31.7832,0.5798,2.4991
31.7834,0.5816,2.5057
31.7836,0.5935,2.5569
31.7838,0.618,2.6573
31.7840,0.6198,2.6737
31.7842,0.5071,2.1875
31.7844,0.493,2.126
31.7846,0.5192,2.2356
31.7848,0.5354,2.3096
31.7850,0.4843,2.0892
31.7852,0.4783,2.0624
31.7854,0.4986,2.1488
31.7856,0.5439,2.343
31.7858,0.596,2.5665
31.7860,0.6204,2.6689
31.7862,0.6759,2.9036
31.7864,0.7051,3.0265
31.7866,0.7574,3.2554
31.7868,0.7494,3.2194
31.7870,0.778,3.3394
31.7872,0.8175,3.5071
31.7874,0.8466,3.6321
31.7876,0.8969,3.8476
31.7878,0.8298,3.5584
31.7880,0.8694,3.7263
31.7882,0.9617,4.1182
31.7884,0.9759,4.1788
31.7886,0.9689,4.149
31.7888,0.9804,4.2022
31.7890,0.9729,4.1718
31.7892,0.9685,4.1508
31.7894,0.9621,4.1274
31.7896,0.9255,3.9668
31.7898,0.9026,3.8705
31.7900,0.9013,3.8702
31.7902,0.8941,3.8357
31.7904,0.914,3.9211
31.7906,0.8586,3.6886
31.7908,0.826,3.5518
31.7910,0.7831,3.3641
31.7912,0.8144,3.4969
31.7914,0.8123,3.4882
31.7916,0.8559,3.6699
31.7918,0.9438,4.0468
31.7920,0.9523,4.089
31.7922,0.806,3.4657
31.7924,0.7083,3.047
31.7926,0.6974,2.9972
31.7928,0.8308,3.5691
31.7930,0.79,3.3987
31.7932,0.7434,3.1951
31.7934,0.7565,3.2528
31.7936,0.698,3.0054
31.7938,0.6111,2.6316
31.7940,0.6213,2.678
31.7942,0.6432,2.7682
31.7944,0.6639,2.8627
31.7946,0.5776,2.4905
31.7948,0.6083,2.618
31.7950,0.6867,2.9541
31.7952,0.6874,2.9613
31.7954,0.6253,2.6975
31.7956,0.5247,2.2656
31.7958,0.5441,2.343
31.7960,0.6277,2.7028
31.7962,0.5921,2.5542
31.7964,0.5206,2.2439
31.7966,0.5881,2.5336
31.7968,0.6488,2.7924
31.7970,0.7224,3.1049
31.7972,0.6864,2.9544
31.7974,0.6944,2.9885
31.7976,0.6915,2.9747
31.7978,0.6878,2.9587
31.7980,0.6864,2.9531
31.7982,0.7255,3.1227
31.7984,0.7039,3.0312
31.7986,0.6831,2.9414
31.7988,0.6734,2.8969
31.7990,0.714,3.0703
31.7992,0.6697,2.8835
31.7994,0.6036,2.6039
31.7996,0.5709,2.4615
31.7998,0.5639,2.4293
31.8000,0.5664,2.4413
31.8002,0.5634,2.4272
31.8004,0.6815,2.9333
31.8006,0.687,2.9543
31.8008,0.6602,2.8441
31.8010,0.5568,2.4044
31.8012,0.4731,2.0421
31.8014,0.4805,2.0746
31.8016,0.5019,2.1632
31.8018,0.5444,2.3473
31.8020,0.5486,2.3643
31.8022,0.5692,2.452
31.8024,0.6358,2.7354
31.8026,0.6699,2.8806
31.8028,0.6193,2.6704
31.8030,0.5571,2.4032
31.8032,0.5635,2.4277
31.8034,0.5745,2.4759
31.8036,0.5718,2.4645
31.8038,0.5765,2.4835
31.8040,0.6289,2.703
31.8042,0.6944,2.9857
31.8044,0.6868,2.9519
31.8046,0.8067,3.4624
31.8048,0.7728,3.3291
31.8050,0.5689,2.451
31.8052,0.5868,2.5303
31.8054,0.5456,2.3503
31.8056,0.5409,2.3301
31.8058,0.5403,2.3243
31.8060,0.6622,2.8489
31.8062,0.6223,2.6808
31.8064,0.5505,2.3725
31.8066,0.5426,2.3417
31.8068,0.5265,2.2692
31.8070,0.5271,2.2707
31.8072,0.5265,2.2692
31.8074,0.5346,2.3065
31.8076,0.531,2.2888
31.8078,0.5253,2.263
31.8080,0.5294,2.2816
31.8082,0.5296,2.2858
31.8084,0.5204,2.2418
31.8086,0.6251,2.6915
31.8088,0.5963,2.5699
31.8090,0.5583,2.4084
31.8092,0.4855,2.0944
31.8094,0.4671,2.0143
31.8096,0.4637,2.0002
31.8098,0.4773,2.0583
31.8100,0.5222,2.2495
31.8102,0.5745,2.4713
31.8104,0.5794,2.4959
31.8106,0.5727,2.4704
31.8108,0.5231,2.2516
31.8110,0.5505,2.3736
31.8112,0.5012,2.1611
31.8114,0.5252,2.2624
31.8116,0.5372,2.3163
31.8118,0.5102,2.1989
31.8120,0.5247,2.2604
31.8122,0.6097,2.6254
31.8124,0.5785,2.4912
31.8126,0.5424,2.3379
31.8128,0.5655,2.4337
31.8130,0.6122,2.6338
31.8132,0.6709,2.8833
31.8134,0.7092,3.0497
31.8136,0.7319,3.1471
31.8138,0.7144,3.0747
31.8140,0.6436,2.7702
31.8142,0.6135,2.6382
31.8144,0.6248,2.6892
31.8146,0.6141,2.6445
31.8148,0.6179,2.6605
31.8150,0.6253,2.69
31.8152,0.6254,2.6905
31.8154,0.6557,2.821
31.8156,0.6916,2.9766
31.8158,0.6054,2.6044
31.8160,0.6018,2.5913
31.8162,0.6107,2.6283
31.8164,0.617,2.6544
31.8166,0.6554,2.8195
31.8168,0.6833,2.941
31.8170,0.6966,2.9941
31.8172,0.709,3.0458
31.8174,0.7272,3.1255
31.8176,0.7216,3.0984
31.8178,0.7523,3.2317
31.8180,0.7515,3.2287
31.8182,0.7771,3.3368
31.8184,0.7747,3.3296
31.8186,0.691,2.9727
31.8188,0.7224,3.1049
31.8190,0.7759,3.3317
31.8192,0.7739,3.3214
31.8194,0.8237,3.5355
31.8196,0.7976,3.4249
31.8198,0.8053,3.4546
31.8200,0.8719,3.7406
31.8202,0.9062,3.8859
31.8204,0.8767,3.7577
31.8206,0.8929,3.827
31.8208,0.8959,3.8417
31.8210,0.891,3.8242
31.8212,0.8547,3.6665
31.8214,0.8688,3.7255
31.8216,0.8694,3.7333
31.8218,0.8578,3.6799
31.8220,0.8839,3.7938
31.8222,0.8759,3.7541
31.8224,0.8946,3.8396
31.8226,0.8531,3.6649
31.8228,0.8482,3.6404
31.8230,0.8882,3.8141
31.8232,0.8595,3.6854
31.8234,0.9903,4.2384
31.8236,1.045,4.4745
31.8238,1.0102,4.3256
31.8240,0.9939,4.2617
31.8242,0.9625,4.1309
31.8244,0.9274,3.9769
31.8246,0.9463,4.0595
31.8248,0.9215,3.953
31.8250,0.8882,3.8141
31.8252,0.8171,3.5153
31.8254,0.7451,3.2038
31.8256,0.7168,3.0821
31.8258,0.7156,3.0784
31.8260,0.7586,3.2621
31.8262,0.7308,3.1454
31.8264,0.715,3.073
31.8266,0.7819,3.3621
31.8268,0.8237,3.5355
31.8270,0.8428,3.619
31.8272,0.8394,3.6045
31.8274,0.8917,3.8344
31.8276,0.7445,3.2042
31.8278,0.7089,3.051
31.8280,0.7015,3.0181
31.8282,0.7417,3.1953
31.8284,0.6784,2.9185
31.8286,0.7015,3.0139
31.8288,0.778,3.3456
31.8290,0.802,3.4487
31.8292,0.829,3.5614
31.8294,0.8229,3.5351
31.8296,0.8249,3.5406
31.8298,0.8095,3.4839
31.8300,0.7422,3.1885
31.8302,0.7716,3.3162
31.8304,0.7768,3.3405
31.8306,0.8243,3.5413
31.8308,0.8073,3.4746
31.8310,0.7087,3.0462
31.8312,0.7548,3.2486
31.8314,0.7236,3.113
31.8316,0.7592,3.2631
31.8318,0.7506,3.2275
31.8320,0.7557,3.2497
31.8322,0.7585,3.2631
31.8324,0.7523,3.2393
31.8326,0.6795,2.93
31.8328,0.5766,2.4864
31.8330,0.5664,2.4424
31.8332,0.5683,2.4518
31.8334,0.5717,2.464
31.8336,0.5828,2.5109
31.8338,0.5861,2.5272
31.8340,0.5849,2.5232
31.8342,0.5812,2.506
31.8344,0.5846,2.5187
31.8346,0.6304,2.7134
31.8348,0.6957,2.9914
31.8350,0.742,3.1889
31.8352,0.7396,3.1831
31.8354,0.703,3.0243
31.8356,0.7486,3.2188
31.8358,0.7423,3.192
31.8360,0.7352,3.1601
31.8362,0.7551,3.2471
31.8364,0.7798,3.3549
31.8366,0.7422,3.19
31.8368,0.7417,3.1909
31.8370,0.7579,3.259
31.8372,0.8104,3.48
31.8374,0.8573,3.6847
31.8376,0.8364,3.59
31.8378,0.8373,3.597
31.8380,0.8363,3.5912
31.8382,0.8316,3.5711
31.8384,0.8296,3.5673
31.8386,0.7749,3.3307
31.8388,0.7855,3.3776
31.8390,0.8248,3.545
31.8392,0.8209,3.5313
31.8394,0.8144,3.4937
31.8396,0.867,3.723
31.8398,0.8495,3.6495
31.8400,0.8481,3.6382
31.8402,0.906,3.8903
31.8404,0.9438,4.0525
31.8406,0.914,3.923
31.8408,0.928,3.9813
31.8410,0.9348,4.0139
31.8412,0.9255,3.9724
31.8414,0.958,4.1118
31.8416,0.9232,3.9626
31.8418,0.8964,3.8491
31.8420,0.9031,3.8779
31.8422,0.9127,3.9155
31.8424,0.9539,4.0905
31.8426,0.9068,3.8957
31.8428,0.8378,3.6007
31.8430,0.8221,3.5315
31.8432,0.8948,3.8496
31.8434,0.8397,3.6073
31.8436,0.8185,3.5243
31.8438,0.7304,3.1482
31.8440,0.6195,2.6714
31.8442,0.5857,2.5256
31.8444,0.5844,2.52
31.8446,0.5788,2.498
31.8448,0.5922,2.5512
31.8450,0.6251,2.6965
31.8452,0.5809,2.5061
31.8454,0.5892,2.5336
31.8456,0.7898,3.3961
31.8458,0.6873,2.9594
31.8460,0.6862,2.9575
31.8462,0.6499,2.7996
31.8464,0.647,2.7898
31.8466,0.6428,2.7705
31.8468,0.6464,2.7834
31.8470,0.6465,2.7839
31.8472,0.6438,2.7733
31.8474,0.6424,2.7676
31.8476,0.6404,2.7614
31.8478,0.6783,2.9194
31.8480,0.7043,3.0356
31.8482,0.6475,2.7932
31.8484,0.6416,2.764
31.8486,0.6411,2.7607
31.8488,0.6976,2.9983
31.8490,0.78,3.3554
31.8492,0.7242,3.117
31.8494,0.6522,2.8095
31.8496,0.6448,2.7754
31.8498,0.6791,2.9257
31.8500,0.6259,2.6976
31.8502,0.6544,2.8167
31.8504,0.7006,3.0167
31.8506,0.7008,3.0178
31.8508,0.6876,2.9596
31.8510,0.6376,2.7482
31.8512,0.6231,2.6882
31.8514,0.606,2.6118
31.8516,0.6638,2.8556
31.8518,0.7282,3.1297
31.8520,0.8247,3.5445
31.8522,0.8179,3.5102
31.8524,0.8399,3.6116
31.8526,0.7887,3.3915
31.8528,0.7868,3.3801
31.8530,0.7629,3.2837
31.8532,0.7048,3.0348
31.8534,0.7169,3.0827
31.8536,0.7667,3.2951
31.8538,0.8486,3.6437
31.8540,0.8322,3.5786
31.8542,0.8233,3.5383
31.8544,0.8554,3.6747
31.8546,0.8679,3.7266
31.8548,0.8728,3.7424
31.8550,0.9315,3.9981
31.8552,0.8689,3.7347
31.8554,0.8508,3.6535
31.8556,0.8661,3.7171
31.8558,0.8685,3.7274
31.8560,0.9501,4.0798
31.8562,0.9934,4.2617
31.8564,0.9845,4.2197
31.8566,0.9957,4.2675
31.8568,1.0182,4.3641
31.8570,1.0198,4.3728
31.8572,0.9922,4.2565
31.8574,0.9759,4.1846
31.8576,1.0199,4.3733
31.8578,1.0008,4.2955
31.8580,0.9348,4.0157
31.8582,0.8721,3.7498
31.8584,0.8962,3.8463
31.8586,0.8909,3.8308
31.8588,0.8406,3.6147
31.8590,0.8567,3.6804
31.8592,0.8888,3.8202
31.8594,0.884,3.7996
31.8596,0.8745,3.7584
31.8598,0.8754,3.7608
31.8600,0.8363,3.5945
31.8602,0.8559,3.6768
31.8604,0.8591,3.689
31.8606,0.8399,3.6167
31.8608,0.7923,3.4085
31.8610,0.824,3.5447
31.8612,0.8488,3.6481
31.8614,0.8428,3.619
31.8616,0.8707,3.7442
31.8618,0.8266,3.5577
31.8620,0.7986,3.4338
31.8622,0.8366,3.5939
31.8624,0.849,3.6525
31.8626,0.8237,3.5486
31.8628,0.6962,2.9949
31.8630,0.7779,3.3466
31.8632,0.7861,3.3817
31.8634,0.7776,3.3467
31.8636,0.7445,3.2027
31.8638,0.6994,3.0172
31.8640,0.6325,2.7298
31.8642,0.6204,2.6726
31.8644,0.683,2.9395
31.8646,0.6984,3.0061
31.8648,0.7373,3.1762
31.8650,0.7022,3.0235
31.8652,0.7326,3.1531
31.8654,0.7043,3.037
31.8656,0.6671,2.874
31.8658,0.7023,3.024
31.8660,0.6814,2.9382
31.8662,0.615,2.653
31.8664,0.6029,2.6008
31.8666,0.5971,2.576
31.8668,0.6128,2.6437
31.8670,0.6079,2.6225
31.8672,0.6363,2.7426
31.8674,0.6234,2.6905
31.8676,0.5249,2.2656
31.8678,0.5217,2.2527
31.8680,0.5265,2.2702
31.8682,0.5785,2.4958
31.8684,0.599,2.583
31.8686,0.655,2.8232
31.8688,0.6987,3.0085
31.8690,0.6698,2.8854
31.8692,0.6962,2.9963
31.8694,0.7432,3.2
31.8696,0.693,2.9842
31.8698,0.6765,2.9116
31.8700,0.7161,3.0848
31.8702,0.6722,2.8957
31.8704,0.6941,2.9875
31.8706,0.8042,3.4548
31.8708,0.856,3.6773
31.8710,0.898,3.8558
31.8712,0.8789,3.7792
31.8714,0.7204,3.1034
31.8716,0.6554,2.8221
31.8718,0.6725,2.9
31.8720,0.6476,2.7885
31.8722,0.6976,3.0038
31.8724,0.6602,2.8414
31.8726,0.6416,2.764
31.8728,0.6601,2.8449
31.8730,0.6623,2.852
31.8732,0.6549,2.8227
31.8734,0.6507,2.8033
31.8736,0.7132,3.071
31.8738,0.6528,2.8107
31.8740,0.6742,2.9032
31.8742,0.7261,3.1238
31.8744,0.7493,3.2249
31.8746,0.6668,2.8725
31.8748,0.5918,2.5496
31.8750,0.624,2.6918
31.8752,0.5946,2.5615
31.8754,0.6423,2.7658
31.8756,0.6289,2.713
31.8758,0.5259,2.2719
31.8760,0.4891,2.1099
31.8762,0.5545,2.3901
31.8764,0.6111,2.6328
31.8766,0.6783,2.9221
31.8768,0.724,3.1145
31.8770,0.7233,3.1143
31.8772,0.7297,3.1378
31.8774,0.712,3.0658
31.8776,0.6392,2.7524
31.8778,0.6595,2.8383
31.8780,0.6912,2.9751
31.8782,0.7188,3.0923
31.8784,0.7482,3.2232
31.8786,0.633,2.7306
31.8788,0.5354,2.3117
31.8790,0.5227,2.2516
31.8792,0.6349,2.73
31.8794,0.736,3.1691
31.8796,0.6589,2.8397
31.8798,0.6273,2.7025
31.8800,0.6613,2.8514
31.8802,0.6294,2.7113
31.8804,0.6614,2.8466
31.8806,0.6905,2.972
31.8808,0.6915,2.9789
31.8810,0.6481,2.7932
31.8812,0.609,2.6223
31.8814,0.6029,2.5996
31.8816,0.6169,2.6576
31.8818,0.6743,2.9023
31.8820,0.6517,2.81
31.8822,0.596,2.5677
31.8824,0.6204,2.6726
31.8826,0.6271,2.7003
31.8828,0.6936,2.9868
31.8830,0.6285,2.7127
31.8832,0.5223,2.2532
31.8834,0.5089,2.1953
31.8836,0.5337,2.3023
31.8838,0.547,2.3608
31.8840,0.5062,2.1839
31.8842,0.5062,2.1849
31.8844,0.5161,2.2263
31.8846,0.5211,2.248
31.8848,0.5275,2.2754
31.8850,0.5942,2.5576
31.8852,0.6816,2.9297
31.8854,0.7988,3.4268
31.8856,0.8207,3.5275
31.8858,0.7896,3.3919
31.8860,0.8079,3.4691
31.8862,0.8368,3.5949
31.8864,0.805,3.4584
31.8866,0.7656,3.292
31.8868,0.7916,3.4023
31.8870,0.8614,3.6988
31.8872,0.8622,3.7024
31.8874,0.7987,3.4359
31.8876,0.7403,3.1802
31.8878,0.8605,3.6917
31.8880,0.9163,3.9291
31.8882,0.9482,4.0658
31.8884,0.961,4.1209
31.8886,0.9428,4.0446
31.8888,0.9652,4.1408
31.8890,0.9259,3.9721
31.8892,0.9051,3.8813
31.8894,0.9521,4.0828
31.8896,0.9822,4.2119
31.8898,0.9181,3.9423
31.8900,0.9133,3.918
31.8902,0.9319,4.0034
31.8904,0.8483,3.6376
31.8906,0.8782,3.7744
31.8908,0.8524,3.6636
31.8910,0.8665,3.7244
31.8912,0.8344,3.5896
31.8914,0.7751,3.3312
31.8916,0.8029,3.4555
31.8918,0.7504,3.2295
31.8920,0.7179,3.0897
31.8922,0.7458,3.2069
31.8924,0.765,3.2955
31.8926,0.7023,3.024
31.8928,0.7045,3.0338
31.8930,0.7173,3.0871
31.8932,0.7081,3.0479
31.8934,0.7099,3.0584
31.8936,0.6908,2.9758
31.8938,0.697,3.0013
31.8940,0.7441,3.1997
31.8942,0.7141,3.0765
31.8944,0.6452,2.7808
31.8946,0.6747,2.9039
31.8948,0.7603,3.2678
31.8950,0.7926,3.4064
31.8952,0.7731,3.3276
31.8954,0.7584,3.2565
31.8956,0.8,3.4432
31.8958,0.6378,2.75
31.8960,0.6072,2.6182
31.8962,0.6465,2.7852
31.8964,0.662,2.8492
31.8966,0.7183,3.0888
31.8968,0.743,3.198
31.8970,0.7033,3.0286
31.8972,0.694,2.987
31.8974,0.6968,3.0016
31.8976,0.6942,2.9908
31.8978,0.7423,3.192
31.8980,0.7272,3.1328
31.8982,0.6712,2.8929
31.8984,0.6598,2.8425
31.8986,0.6617,2.8495
31.8988,0.683,2.9381
31.8990,0.6834,2.9415
31.8992,0.6855,2.9544
31.8994,0.6812,2.9358
31.8996,0.6357,2.7387
31.8998,0.6223,2.6846
31.9000,0.6031,2.6018
31.9002,0.6406,2.7548
31.9004,0.7119,3.0653
31.9006,0.6712,2.8889
31.9008,0.6625,2.8526
31.9010,0.6659,2.8715
31.9012,0.621,2.6764
31.9014,0.5825,2.5105
31.9016,0.6095,2.6219
31.9018,0.6736,2.9006
31.9020,0.6653,2.861
31.9022,0.7165,3.0811
31.9024,0.7297,3.1393
31.9026,0.7417,3.1924
31.9028,0.7351,3.1625
31.9030,0.7448,3.2073
31.9032,0.7032,3.0239
31.9034,0.7581,3.2631
31.9036,0.7551,3.2456
31.9038,0.7747,3.3374
31.9040,0.6519,2.8084
31.9042,0.6346,2.7341
31.9044,0.6303,2.7167
31.9046,0.6403,2.7583
31.9048,0.6489,2.7942
31.9050,0.6426,2.7656
31.9052,0.6391,2.7532
31.9054,0.6679,2.8731
31.9056,0.7265,3.1283
31.9058,0.6644,2.8621
31.9060,0.6493,2.7984
31.9062,0.6356,2.7395
31.9064,0.6242,2.6891
31.9066,0.6191,2.6669
31.9068,0.6201,2.6715
31.9070,0.6189,2.6651
31.9072,0.6227,2.6824
31.9074,0.6267,2.7025
31.9076,0.6093,2.6263
31.9078,0.6652,2.8631
31.9080,0.6626,2.8557
31.9082,0.5873,2.5335
31.9084,0.5571,2.401
31.9086,0.5542,2.3875
31.9088,0.6059,2.6077
31.9090,0.6213,2.6792
31.9092,0.5616,2.4217
31.9094,0.5516,2.3772
31.9096,0.6085,2.619
31.9098,0.7127,3.0646
31.9100,0.7693,3.3064
31.9102,0.752,3.2352
31.9104,0.7024,3.0259
31.9106,0.5797,2.501
31.9108,0.5676,2.4464
31.9110,0.5779,2.4932
31.9112,0.5649,2.4357
31.9114,0.5789,2.4962
31.9116,0.5818,2.5051
31.9118,0.5989,2.5837
31.9120,0.4928,2.125
31.9122,0.5683,2.4484
31.9124,0.646,2.7844
31.9126,0.6108,2.63
31.9128,0.6,2.5812
31.9130,0.629,2.7098
31.9132,0.6086,2.6232
31.9134,0.5971,2.5724
31.9136,0.606,2.607
31.9138,0.6399,2.7568
31.9140,0.6309,2.718
31.9142,0.6259,2.6976
31.9144,0.6343,2.7312
31.9146,0.6959,2.9924
31.9148,0.7825,3.3631
31.9150,0.6771,2.9183
31.9152,0.5319,2.2956
31.9154,0.5454,2.3487
31.9156,0.6017,2.5944
31.9158,0.5328,2.2976
31.9160,0.5276,2.2759
31.9162,0.5658,2.4398
31.9164,0.5897,2.5403
31.9166,0.5954,2.5628
31.9168,0.6113,2.6333
31.9170,0.6177,2.66
31.9172,0.6357,2.7362
31.9174,0.6183,2.6638
31.9176,0.6282,2.7062
31.9178,0.665,2.8621
31.9180,0.6245,2.6901
31.9182,0.6025,2.592
31.9184,0.671,2.8865
31.9186,0.6689,2.8738
31.9188,0.7675,3.2972
31.9190,0.8159,3.5085
31.9192,0.7927,3.4038
31.9194,0.8533,3.6626
31.9196,0.8412,3.614
31.9198,0.8332,3.5744
31.9200,0.8697,3.7308
31.9202,0.827,3.556
31.9204,0.7868,3.3785
31.9206,0.8056,3.4561
31.9208,0.9097,3.9008
31.9210,0.9755,4.187
31.9212,0.9229,3.9555
31.9214,0.9159,3.9294
31.9216,0.8953,3.8373
31.9218,0.9159,3.9257
31.9220,0.9619,4.1264
31.9222,0.941,4.0331
31.9224,1.0077,4.3209
31.9226,0.9862,4.2249
31.9228,0.9864,4.2279
31.9230,0.9873,4.2334
31.9232,0.9774,4.1893
31.9234,0.983,4.213
31.9236,0.975,4.1849
31.9238,0.9697,4.1618
31.9240,0.9906,4.2478
31.9242,0.9814,4.2122
31.9244,0.8596,3.6979
31.9246,0.777,3.341
31.9248,0.8101,3.48
31.9250,0.7742,3.3338
31.9252,0.7277,3.1363
31.9254,0.6858,2.9505
31.9256,0.7873,3.3932
31.9258,0.6721,2.8939
31.9260,0.6722,2.8957
31.9262,0.6309,2.7193
31.9264,0.6242,2.6904
31.9266,0.6307,2.717
31.9268,0.6158,2.6517
31.9270,0.6222,2.6803
31.9272,0.6245,2.6914
31.9274,0.5971,2.576
31.9276,0.5646,2.4346
31.9278,0.5909,2.5479
31.9280,0.6224,2.6826
31.9282,0.6084,2.6221
31.9284,0.5874,2.5317
31.9286,0.5803,2.5024
31.9288,0.5815,2.5099
31.9290,0.5532,2.3833
31.9292,0.5761,2.4808
31.9294,0.6056,2.6054
31.9296,0.6339,2.736
31.9298,0.5544,2.3885
31.9300,0.6183,2.6626
31.9302,0.6442,2.7741
31.9304,0.6253,2.695
31.9306,0.6589,2.8371
31.9308,0.6944,2.9899
31.9310,0.6369,2.7426
31.9312,0.6391,2.7519
31.9314,0.6063,2.6121
31.9316,0.5828,2.5144
31.9318,0.5935,2.5628
31.9320,0.5194,2.2387
31.9322,0.5667,2.44
31.9324,0.6342,2.7333
31.9326,0.5904,2.5505
31.9328,0.497,2.1421
31.9330,0.5507,2.3747
31.9332,0.5157,2.2247
31.9334,0.4864,2.1005
31.9336,0.4763,2.0574
31.9338,0.4656,2.0095
31.9340,0.4777,2.0608
31.9342,0.4764,2.057
31.9344,0.4788,2.0654
31.9346,0.4857,2.0944
31.9348,0.5087,2.1927
31.9350,0.5201,2.2439
31.9352,0.5104,2.203
31.9354,0.5659,2.4369
31.9356,0.6364,2.7431
31.9358,0.5699,2.4563
31.9360,0.5824,2.5088
31.9362,0.6499,2.7957
31.9364,0.6506,2.8001
31.9366,0.6568,2.8244
31.9368,0.7581,3.2555
31.9370,0.7554,3.2482
31.9372,0.733,3.1488
31.9374,0.7852,3.3734
31.9376,0.7697,3.3095
31.9378,0.7771,3.343
31.9380,0.726,3.1262
31.9382,0.6944,2.9871
31.9384,0.6396,2.7527
31.9386,0.6155,2.6514
31.9388,0.6686,2.8789
31.9390,0.6899,2.9667
31.9392,0.6964,2.9959
31.9394,0.6849,2.9464
31.9396,0.7102,3.0552
31.9398,0.6747,2.8985
31.9400,0.7194,3.0921
31.9402,0.6351,2.7336
31.9404,0.6133,2.6458
31.9406,0.5982,2.577
31.9408,0.5923,2.5541
31.9410,0.5436,2.3409
31.9412,0.5879,2.5338
31.9414,0.571,2.4609
31.9416,0.5524,2.3819
31.9418,0.5187,2.2366
31.9420,0.4981,2.1487
31.9422,0.5583,2.4084
31.9424,0.5041,2.1735
31.9426,0.5181,2.232
31.9428,0.5568,2.3999
31.9430,0.5916,2.5474
31.9432,0.6349,2.7313
31.9434,0.7067,3.0374
31.9436,0.6902,2.9677
31.9438,0.6742,2.9045
31.9440,0.5627,2.4298
31.9442,0.4781,2.0623
31.9444,0.4673,2.0167
31.9446,0.4665,2.0145
31.9448,0.4717,2.034
31.9450,0.4892,2.1104
31.9452,0.4794,2.068
31.9454,0.4873,2.0982
31.9456,0.5981,2.5753
31.9458,0.6137,2.6449
31.9460,0.5698,2.4557
31.9462,0.5471,2.357
31.9464,0.5444,2.344
31.9466,0.584,2.5149
31.9468,0.6097,2.6242
31.9470,0.5986,2.5774
31.9472,0.5879,2.5326
31.9474,0.6037,2.602
31.9476,0.5864,2.5276
31.9478,0.5917,2.5468
31.9480,0.6448,2.7741
31.9482,0.6334,2.7276
31.9484,0.6481,2.7867
31.9486,0.6952,2.9907
31.9488,0.6926,2.9808
31.9490,0.6444,2.7746
31.9492,0.586,2.5278
31.9494,0.5044,2.1761
31.9496,0.4896,2.1129
31.9498,0.4905,2.1151
31.9500,0.4904,2.1156
31.9502,0.4915,2.1183
31.9504,0.5113,2.2015
31.9506,0.5376,2.3183
31.9508,0.5381,2.3204
31.9510,0.5151,2.2211
31.9512,0.5007,2.1591
31.9514,0.5161,2.2201
31.9516,0.6077,2.6154
31.9518,0.6143,2.6426
31.9520,0.6222,2.6741
31.9522,0.6677,2.8726
31.9524,0.6682,2.8733
31.9526,0.6812,2.9331
31.9528,0.6918,2.9708
31.9530,0.7077,3.043
31.9532,0.7228,3.1021
31.9534,0.7755,3.3317
31.9536,0.7709,3.3054
31.9538,0.9137,3.9123
31.9540,0.9524,4.0838
31.9542,0.9097,3.899
31.9544,0.9864,4.2239
31.9546,0.975,4.1771
31.9548,0.9825,4.2109
31.9550,0.9355,4.0095
31.9552,0.8599,3.6874
31.9554,0.8989,3.8509
31.9556,0.9759,4.1885
31.9558,0.8694,3.7333
31.9560,0.883,3.7808
31.9562,0.9091,3.8964
31.9564,0.912,3.9106
31.9566,0.9063,3.8846
31.9568,0.8882,3.8088
31.9570,0.9512,4.0768
31.9572,1.0308,4.418
31.9574,1.0061,4.3101
31.9576,0.9369,4.025
31.9578,0.7844,3.3729
31.9580,0.7496,3.2234
31.9582,0.7023,3.0226
31.9584,0.6878,2.9587
31.9586,0.7067,3.0417
31.9588,0.7378,3.1709
31.9590,0.755,3.2451
31.9592,0.7779,3.342
31.9594,0.7861,3.377
31.9596,0.8325,3.5747
31.9598,0.8603,3.6907
31.9600,0.8831,3.7902
31.9602,0.8791,3.7732
31.9604,0.8671,3.727
31.9606,0.7984,3.4269
31.9608,0.8243,3.5397
31.9610,0.7831,3.3688
31.9612,0.7164,3.0806
31.9614,0.7224,3.1107
31.9616,0.7288,3.1322
31.9618,0.746,3.2094
31.9620,0.7086,3.0499
31.9622,0.7049,3.0339
31.9624,0.7251,3.1177
31.9626,0.7397,3.1791
31.9628,0.7529,3.2373
31.9630,0.764,3.2853
31.9632,0.7575,3.2605
31.9634,0.6614,2.8479
31.9636,0.683,2.9408
31.9638,0.6874,2.9613
31.9640,0.6729,2.8975
31.9642,0.671,2.8879
31.9644,0.6198,2.6725
31.9646,0.5727,2.4681
31.9648,0.5718,2.4645
31.9650,0.6162,2.6533
31.9652,0.6544,2.8193
31.9654,0.6507,2.8033
31.9656,0.6795,2.9259
31.9658,0.6272,2.702
31.9660,0.585,2.519
31.9662,0.5745,2.4759
31.9664,0.5741,2.4766
31.9666,0.5878,2.5333
31.9668,0.5725,2.4699
31.9670,0.4963,2.1429
31.9672,0.4891,2.1109
31.9674,0.4832,2.0836
31.9676,0.5246,2.262
31.9678,0.5259,2.2677
31.9680,0.5507,2.3725
31.9682,0.6288,2.705
31.9684,0.6536,2.8144
31.9686,0.6416,2.7627
31.9688,0.7097,3.0546
31.9690,0.67,2.8837
31.9692,0.6396,2.7552
31.9694,0.6325,2.7235
31.9696,0.6399,2.7517
31.9698,0.6972,2.9967
31.9700,0.7599,3.2693
31.9702,0.7343,3.1604
31.9704,0.7073,3.0428
31.9706,0.6448,2.7741
31.9708,0.683,2.9395
31.9710,0.6776,2.9176
31.9712,0.6252,2.6907
31.9714,0.6191,2.6657
31.9716,0.6252,2.6907
31.9718,0.6584,2.8363
31.9720,0.6447,2.771
31.9722,0.777,3.3394
31.9724,0.6843,2.9479
31.9726,0.6236,2.6865
31.9728,0.6179,2.6605
31.9730,0.6093,2.6238
31.9732,0.6028,2.5966
31.9734,0.6041,2.6023
31.9736,0.6061,2.6099
31.9738,0.6496,2.796
31.9740,0.6025,2.5944
31.9742,0.6207,2.6716
31.9744,0.6249,2.6935
31.9746,0.5402,2.3292
31.9748,0.5453,2.3514
31.9750,0.548,2.3639
31.9752,0.5345,2.3038
31.9754,0.6276,2.6973
31.9756,0.6725,2.9
31.9758,0.5597,2.4123
31.9760,0.5754,2.4754
31.9762,0.661,2.8424
31.9764,0.7117,3.0591
31.9766,0.7436,3.1976
31.9768,0.7728,3.3198
31.9770,0.7563,3.2538
31.9772,0.7131,3.0676
31.9774,0.6987,3.0043
31.9776,0.7245,3.1137
31.9778,0.7048,3.0292
31.9780,0.6912,2.9751
31.9782,0.6391,2.7544
31.9784,0.601,2.5925
31.9786,0.5727,2.4636
31.9788,0.731,3.1376
31.9790,0.8288,3.5571
31.9792,0.8352,3.5865
31.9794,0.8138,3.496
31.9796,0.8518,3.6559
31.9798,0.8146,3.5012
31.9800,0.7621,3.2755
31.9802,0.7374,3.1708
31.9804,0.7622,3.2806
31.9806,0.6881,2.963
31.9808,0.6187,2.6629
31.9810,0.6275,2.7031
31.9812,0.632,2.7176
31.9814,0.6942,2.9894
31.9816,0.6102,2.6311
31.9818,0.5661,2.4442
31.9820,0.52,2.2402
31.9822,0.5703,2.4589
31.9824,0.5044,2.1771
31.9826,0.5117,2.2056
31.9828,0.5697,2.4541
31.9830,0.5798,2.4968
31.9832,0.609,2.6235
31.9834,0.6066,2.6168
31.9836,0.5163,2.2263
31.9838,0.5157,2.2216
31.9840,0.5306,2.2878
31.9842,0.4927,2.1254
31.9844,0.4948,2.1347
31.9846,0.5068,2.1824
31.9848,0.5896,2.541
31.9850,0.5951,2.5648
31.9852,0.6181,2.664
31.9854,0.6191,2.6607
31.9856,0.726,3.1204
31.9858,0.6928,2.9846
31.9860,0.6464,2.7795
31.9862,0.7286,3.1317
31.9864,0.6993,3.0069
31.9866,0.7167,3.0831
31.9868,0.7505,3.224
31.9870,0.7953,3.4135
31.9872,0.7982,3.4242
31.9874,0.9047,3.8756
31.9876,1.0054,4.303
31.9878,1.0045,4.3075
31.9880,0.9204,3.9466
31.9882,0.9013,3.8666
31.9884,0.9412,4.036
31.9886,0.9598,4.1157
31.9888,0.9179,3.9339
31.9890,0.9646,4.1363
31.9892,0.9786,4.1925
31.9894,0.9837,4.2141
31.9896,0.9881,4.237
31.9898,0.944,4.0497
31.9900,0.9472,4.0636
31.9902,0.9179,3.9413
31.9904,0.8682,3.7229
31.9906,0.94,4.0328
31.9908,0.921,3.9528
31.9910,0.8854,3.7982
31.9912,0.8987,3.8589
31.9914,0.8926,3.8398
31.9916,0.7454,3.2113
31.9918,0.6067,2.6173
31.9920,0.612,2.6364
31.9922,0.6423,2.7671
31.9924,0.617,2.6569
31.9926,0.5946,2.5627
31.9928,0.6446,2.7782
31.9930,0.6325,2.7247
31.9932,0.6186,2.6648
31.9934,0.6072,2.6145
31.9936,0.7284,3.1322
31.9938,0.742,3.1904
31.9940,0.7212,3.1041
31.9942,0.6593,2.8405
31.9944,0.641,2.7601
31.9946,0.6523,2.8113
31.9948,0.5983,2.5799
31.9950,0.6063,2.6109
31.9952,0.6645,2.8627
31.9954,0.6356,2.7344
31.9956,0.6662,2.8672
31.9958,0.6518,2.8079
31.9960,0.6852,2.9507
31.9962,0.7055,3.0365
31.9964,0.7507,3.2266
31.9966,0.7623,3.2781
31.9968,0.7181,3.0893
31.9970,0.733,3.1503
31.9972,0.7448,3.2058
31.9974,0.6923,2.9797
31.9976,0.7393,3.182
31.9978,0.721,3.1088
31.9980,0.6285,2.7115
31.9982,0.5201,2.2439
31.9984,0.4803,2.0741
31.9986,0.4825,2.0805
31.9988,0.5499,2.37
31.9990,0.5679,2.4452
31.9992,0.5763,2.4848
31.9994,0.5367,2.3174
31.9996,0.5278,2.277
31.9998,0.5374,2.3173
32.0000,0.5255,2.265
32.0002,0.5909,2.5479
32.0004,0.512,2.2097
32.0006,0.4592,1.9811
32.0008,0.4661,2.0115
32.0010,0.4723,2.0403
32.0012,0.4989,2.1493
32.0014,0.6164,2.6543
32.0016,0.5725,2.4665
32.0018,0.6211,2.672
32.0020,0.7348,3.1595
32.0022,0.7656,3.2905
32.0024,0.6625,2.8552
32.0026,0.571,2.462
32.0028,0.5626,2.4236
32.0030,0.5693,2.4537
32.0032,0.6079,2.6189
32.0034,0.6646,2.8565
32.0036,0.6694,2.8785
32.0038,0.6988,3.009
32.0040,0.6839,2.9409
32.0042,0.6549,2.8187
32.0044,0.6477,2.7865
32.0046,0.6417,2.7645
32.0048,0.6235,2.6885
32.0050,0.5489,2.3669
32.0052,0.5398,2.3255
32.0054,0.5844,2.5118
32.0056,0.732,3.152
32.0058,0.6502,2.8025
32.0060,0.565,2.4351
32.0062,0.5408,2.3318
32.0064,0.5513,2.3773
32.0066,0.5828,2.5109
32.0068,0.5856,2.5228
32.0070,0.5448,2.3461
32.0072,0.5477,2.3607
32.0074,0.5472,2.3597
32.0076,0.5125,2.2108
32.0078,0.5466,2.3527
32.0080,0.592,2.5525
32.0082,0.4813,2.0782
32.0084,0.461,1.9898
32.0086,0.4577,1.9744
32.0088,0.4651,2.0065
32.0090,0.4639,2.0022
32.0092,0.4653,2.0093
32.0094,0.4677,2.0169
32.0096,0.5207,2.2433
32.0098,0.5683,2.4473
32.0100,0.6056,2.6066
32.0102,0.5885,2.534
32.0104,0.5557,2.3942
32.0106,0.5566,2.4
32.0108,0.4824,2.08
32.0110,0.4856,2.091
32.0112,0.5707,2.4599
32.0114,0.5897,2.5415
32.0116,0.5229,2.2526
32.0118,0.5625,2.422
32.0120,0.5988,2.5796
32.0122,0.581,2.4997
32.0124,0.5828,2.5074
32.0126,0.6273,2.7
32.0128,0.6478,2.7909
32.0130,0.6044,2.6015
32.0132,0.6114,2.6314
32.0134,0.5911,2.5454
32.0136,0.5873,2.5288
32.0138,0.5671,2.4455
32.0140,0.5157,2.2227
32.0142,0.4945,2.1332
32.0144,0.4764,2.0551
32.0146,0.4969,2.1415
32.0148,0.4995,2.1549
32.0150,0.4815,2.0773
32.0152,0.471,2.0299
32.0154,0.4703,2.0268
32.0156,0.4846,2.0879
32.0158,0.5026,2.1633
32.0160,0.5583,2.4039
32.0162,0.5874,2.527
32.0164,0.637,2.7406
32.0166,0.6745,2.8988
32.0168,0.6809,2.9253
32.0170,0.6718,2.8888
32.0172,0.6519,2.8032
32.0174,0.6741,2.9013
32.0176,0.5989,2.5777
32.0178,0.6252,2.6895
32.0180,0.6369,2.7426
32.0182,0.5981,2.5729
32.0184,0.5867,2.5274
32.0186,0.5873,2.5265
32.0188,0.611,2.6298
32.0190,0.5806,2.4964
32.0192,0.6374,2.7396
32.0194,0.7229,3.1027
32.0196,0.8216,3.5262
32.0198,0.8258,3.5409
32.0200,0.8565,3.6708
32.0202,0.859,3.6833
32.0204,0.8532,3.6603
32.0206,0.878,3.7651
32.0208,0.8342,3.5736
32.0210,0.9286,3.9783
32.0212,0.9644,4.1333
32.0214,0.9762,4.1803
32.0216,0.9862,4.2209
32.0218,0.9756,4.1758
32.0220,0.9679,4.1424
32.0222,1.0015,4.2946
32.0224,0.9201,3.9437
32.0226,0.9993,4.2789
32.0228,0.981,4.2028
32.0230,0.9753,4.182
32.0232,0.912,3.9142
32.0234,0.8971,3.8432
32.0236,0.9102,3.901
32.0238,0.8974,3.8568
32.0240,0.8097,3.4785
32.0242,0.8267,3.5483
32.0244,0.8044,3.4574
32.0246,0.7495,3.2229
32.0248,0.7356,3.1631
32.0250,0.7804,3.3481
32.0252,0.8685,3.7291
32.0254,0.7577,3.2564
32.0256,0.7681,3.3013
32.0258,0.768,3.3023
32.0260,0.7387,3.175
32.0262,0.7321,3.1481
32.0264,0.7073,3.0442
32.0266,0.7017,3.0172
32.0268,0.7198,3.0965
32.0270,0.7157,3.0804
32.0272,0.7145,3.0738
32.0274,0.7384,3.1749
32.0276,0.7194,3.0964
32.0278,0.6599,2.8391
32.0280,0.6621,2.8484
32.0282,0.656,2.826
32.0284,0.6183,2.6613
32.0286,0.6595,2.8383
32.0288,0.6225,2.6844
32.0290,0.567,2.4461
32.0292,0.5763,2.4813
32.0294,0.6396,2.7501
32.0296,0.6788,2.9214
32.0298,0.6671,2.87
32.0300,0.692,2.9796
32.0302,0.6575,2.8314
32.0304,0.5884,2.537
32.0306,0.586,2.5267
32.0308,0.5964,2.5669
32.0310,0.6211,2.6757
32.0312,0.577,2.4867
32.0314,0.5717,2.4629
32.0316,0.6008,2.5884
32.0318,0.6555,2.8187
32.0320,0.7396,3.1831
32.0322,0.6945,2.9918
32.0324,0.5953,2.5658
32.0326,0.5496,2.3722
32.0328,0.4846,2.0908
32.0330,0.4764,2.0541
32.0332,0.5129,2.2108
32.0334,0.5294,2.2837
32.0336,0.5255,2.265
32.0338,0.526,2.2682
32.0340,0.5221,2.2511
32.0342,0.5345,2.3027
32.0344,0.6324,2.7204
32.0346,0.6307,2.7157
32.0348,0.6345,2.731
32.0350,0.6406,2.756
32.0352,0.6663,2.8638
32.0354,0.7192,3.0939
32.0356,0.7198,3.0979
32.0358,0.6729,2.8948
32.0360,0.6975,2.9963
32.0362,0.7693,3.3064
32.0364,0.8066,3.4635
32.0366,0.789,3.3894
32.0368,0.7507,3.2266
32.0370,0.767,3.2966
32.0372,0.7665,3.293
32.0374,0.8122,3.4877
32.0376,0.846,3.6312
32.0378,0.884,3.789
32.0380,0.8595,3.694
32.0382,0.743,3.1951
32.0384,0.7314,3.1421
32.0386,0.7888,3.3889
32.0388,0.7777,3.3394
32.0390,0.7874,3.3842
32.0392,0.7976,3.4312
32.0394,0.7224,3.1035
32.0396,0.752,3.2322
32.0398,0.6966,2.9997
32.0400,0.6248,2.6904
32.0402,0.6462,2.7823
32.0404,0.6206,2.6761
32.0406,0.5676,2.4464
32.0408,0.5627,2.4241
32.0410,0.5543,2.3891
32.0412,0.5511,2.3773
32.0414,0.5545,2.389
32.0416,0.6409,2.7532
32.0418,0.7418,3.1884
32.0420,0.7316,3.149
32.0422,0.6278,2.7084
32.0424,0.5512,2.3756
32.0426,0.5964,2.5669
32.0428,0.6892,2.9636
32.0430,0.673,2.8926
32.0432,0.714,3.0703
32.0434,0.7633,3.2822
32.0436,0.7138,3.0735
32.0438,0.6225,2.6819
32.0440,0.644,2.7743
32.0442,0.5994,2.5822
32.0444,0.5819,2.5068
32.0446,0.6084,2.6197
32.0448,0.6292,2.7058
32.0450,0.6616,2.8463
32.0452,0.6649,2.8616
32.0454,0.6716,2.8918
32.0456,0.6974,3.0014
32.0458,0.6837,2.9412
32.0460,0.667,2.8695
32.0462,0.7157,3.0761
32.0464,0.7452,3.2043
32.0466,0.6765,2.9116
32.0468,0.6418,2.7676
32.0470,0.5795,2.4976
32.0472,0.5763,2.4836
32.0474,0.5747,2.4769
32.0476,0.585,2.5179
32.0478,0.6326,2.7227
32.0480,0.6812,2.9331
32.0482,0.6297,2.7141
32.0484,0.547,2.3586
32.0486,0.4882,2.1063
32.0488,0.4791,2.067
32.0490,0.4775,2.0607
32.0492,0.48,2.0706
32.0494,0.4801,2.0692
32.0496,0.4825,2.0815
32.0498,0.4796,2.0681
32.0500,0.4814,2.0758
32.0502,0.4825,2.0824
32.0504,0.4959,2.1394
32.0506,0.4977,2.1452
32.0508,0.5326,2.2945
32.0510,0.5958,2.5667
32.0512,0.6156,2.6531
32.0514,0.5411,2.3322
32.0516,0.5617,2.4177
32.0518,0.6018,2.5901
32.0520,0.6404,2.7563
32.0522,0.7022,3.0192
32.0524,0.6946,2.9826
32.0526,0.7332,3.1498
32.0528,0.7432,3.1956
32.0530,0.7138,3.0635
32.0532,0.7592,3.2616
32.0534,0.7915,3.4002
32.0536,0.8474,3.6301
32.0538,0.9434,4.0453
32.0540,0.8942,3.8363
32.0542,0.9297,3.9829
32.0544,0.9851,4.2183
32.0546,0.9738,4.1661
32.0548,1.0043,4.3045
32.0550,0.9469,4.064
32.0552,0.9283,3.9731
32.0554,1.0101,4.3291
32.0556,0.9932,4.2586
32.0558,0.9734,4.168
32.0560,0.9603,4.1178
32.0562,0.9566,4.098
32.0564,0.9963,4.266
32.0566,0.9981,4.2737
32.0568,1.0276,4.4083
32.0570,0.9824,4.2143
32.0572,0.9007,3.8676
32.0574,0.8429,3.6229
32.0576,0.7783,3.3466
32.0578,0.7608,3.2714
32.0580,0.7504,3.231
32.0582,0.6965,2.9936
32.0584,0.8061,3.4614
32.0586,0.8603,3.6976
32.0588,0.7986,3.4306
32.0590,0.7821,3.3584
32.0592,0.8236,3.5333
32.0594,0.8761,3.7621
32.0596,0.8079,3.4756
32.0598,0.7206,3.1059
32.0600,0.6476,2.7911
32.0602,0.6387,2.7516
32.0604,0.5984,2.5781
32.0606,0.6097,2.629
32.0608,0.5863,2.5271
32.0610,0.595,2.5619
32.0612,0.5996,2.5844
32.0614,0.6047,2.6061
32.0616,0.6411,2.7581
32.0618,0.7218,3.1038
32.0620,0.6978,3.0063
32.0622,0.7055,3.0393
32.0624,0.6204,2.6738
32.0626,0.5553,2.3932
32.0628,0.5402,2.3292
32.0630,0.5302,2.2863
32.0632,0.567,2.4439
32.0634,0.6361,2.7364
32.0636,0.6725,2.8946
32.0638,0.6804,2.9286
32.0640,0.6999,3.0108
32.0642,0.6992,3.0161
32.0644,0.5218,2.2511
32.0646,0.4954,2.1383
32.0648,0.4922,2.1253
32.0650,0.5217,2.2506
32.0652,0.5278,2.277
32.0654,0.5081,2.1932
32.0656,0.5044,2.1781
32.0658,0.4899,2.1145
32.0660,0.4766,2.0561
32.0662,0.4839,2.0857
32.0664,0.4958,2.1389
32.0666,0.506,2.1828
32.0668,0.508,2.1926
32.0670,0.5005,2.162
32.0672,0.452,1.9492
32.0674,0.54,2.3243
32.0676,0.6222,2.6816
32.0678,0.5689,2.451
32.0680,0.561,2.4169
32.0682,0.5694,2.4496
32.0684,0.636,2.7372
32.0686,0.6545,2.8185
32.0688,0.6513,2.8019
32.0690,0.6373,2.7441
32.0692,0.5638,2.4322
32.0694,0.5458,2.3513
32.0696,0.5524,2.3797
32.0698,0.5572,2.4004
32.0700,0.5721,2.4644
32.0702,0.6337,2.7261
32.0704,0.6969,2.9966
32.0706,0.7224,3.1049
32.0708,0.7024,3.0231
32.0710,0.6109,2.633
32.0712,0.5486,2.3643
32.0714,0.5487,2.3637
32.0716,0.6254,2.6955
32.0718,0.5886,2.5381
32.0720,0.531,2.2878
32.0722,0.587,2.5231
32.0724,0.673,2.8966
32.0726,0.6084,2.6234
32.0728,0.5421,2.3364
32.0730,0.5206,2.2428
32.0732,0.5205,2.2433
32.0734,0.5316,2.2925
32.0736,0.529,2.2821
32.0738,0.5198,2.2402
32.0740,0.5181,2.232
32.0742,0.5162,2.2258
32.0744,0.506,2.1798
32.0746,0.5661,2.4397
32.0748,0.5127,2.2128
32.0750,0.452,1.9528
32.0752,0.4483,1.934
32.0754,0.5102,2.1969
32.0756,0.5462,2.355
32.0758,0.571,2.4552
32.0760,0.6336,2.7243
32.0762,0.6065,2.6114
32.0764,0.5936,2.5586
32.0766,0.608,2.6145
32.0768,0.6998,3.0061
32.0770,0.7183,3.0888
32.0772,0.7247,3.1176
32.0774,0.705,3.0316
32.0776,0.6596,2.8388
32.0778,0.6056,2.6066
32.0780,0.6381,2.7465
32.0782,0.6292,2.707
32.0784,0.6864,2.9476
32.0786,0.7578,3.2554
32.0788,0.7628,3.2786
32.0790,0.7586,3.2606
32.0792,0.7354,3.1606
32.0794,0.7,3.0128
32.0796,0.686,2.9496
32.0798,0.737,3.1678
32.0800,0.7048,3.0348
32.0802,0.64,2.756
32.0804,0.6447,2.7749
32.0806,0.6062,2.6104
32.0808,0.5607,2.4176
32.0810,0.4909,2.1147
32.0812,0.4894,2.1115
32.0814,0.4988,2.1498
32.0816,0.5742,2.4737
32.0818,0.584,2.5149
32.0820,0.5842,2.5154
32.0822,0.5675,2.4459
32.0824,0.5589,2.4087
32.0826,0.5077,2.188
32.0828,0.4935,2.1241
32.0830,0.5532,2.3833
32.0832,0.6002,2.587
32.0834,0.585,2.5179
32.0836,0.6132,2.6391
32.0838,0.623,2.679
32.0840,0.6577,2.8332
32.0842,0.5472,2.3586
32.0844,0.4905,2.1141
32.0846,0.505,2.1757
32.0848,0.5398,2.3255
32.0850,0.6002,2.5846
32.0852,0.5996,2.5808
32.0854,0.5862,2.5218
32.0856,0.644,2.7666
32.0858,0.7332,3.1513
32.0860,0.7296,3.1329
32.0862,0.709,3.0458
32.0864,0.7682,3.3003
32.0866,0.7863,3.378
32.0868,0.7691,3.2992
32.0870,0.8432,3.6138
32.0872,0.9325,3.9966
32.0874,0.9188,3.9344
32.0876,0.9537,4.0819
32.0878,0.9592,4.117
32.0880,0.8508,3.6501
32.0882,0.9089,3.9045
32.0884,0.8337,3.5748
32.0886,0.8556,3.6741
32.0888,0.8354,3.587
32.0890,0.8168,3.5072
32.0892,0.8224,3.5281
32.0894,0.8759,3.7593
32.0896,0.8989,3.8563
32.0898,0.8953,3.8463
32.0900,0.8296,3.5607
32.0902,0.809,3.4754
32.0904,0.7565,3.2528
32.0906,0.7418,3.1869
32.0908,0.752,3.2322
32.0910,0.7392,3.1771
32.0912,0.7319,3.15
32.0914,0.7405,3.1842
32.0916,0.7884,3.3852
32.0918,0.734,3.1608
32.0920,0.682,2.9313
32.0922,0.7452,3.2028
32.0924,0.7345,3.1599
32.0926,0.684,2.9441
32.0928,0.6981,3.0031
32.0930,0.7153,3.0774
32.0932,0.6964,2.9959
32.0934,0.6649,2.8629
32.0936,0.6447,2.7761
32.0938,0.6566,2.8233
32.0940,0.7357,3.1636
32.0942,0.7669,3.2977
32.0944,0.7249,3.1187
32.0946,0.7035,3.0277
32.0948,0.6542,2.8143
32.0950,0.6858,2.9491
32.0952,0.6825,2.9361
32.0954,0.6739,2.8989
32.0956,0.6995,3.0065
32.0958,0.7543,3.2405
32.0960,0.7834,3.3672
32.0962,0.7625,3.2801
32.0964,0.734,3.1535
32.0966,0.7745,3.3317
32.0968,0.7222,3.1082
32.0970,0.6909,2.9708
32.0972,0.6822,2.935
32.0974,0.7356,3.1616
32.0976,0.7826,3.3621
32.0978,0.7826,3.3636
32.0980,0.7198,3.0979
32.0982,0.6899,2.968
32.0984,0.7225,3.1054
32.0986,0.7405,3.1842
32.0988,0.6864,2.9517
32.0990,0.6658,2.867
32.0992,0.6595,2.841
32.0994,0.5957,2.5662
32.0996,0.5592,2.408
32.0998,0.5926,2.5539
32.1000,0.6415,2.7609
32.1002,0.691,2.9685
32.1004,0.7438,3.1982
32.1006,0.7533,3.2379
32.1008,0.7254,3.1222
32.1010,0.6751,2.9027
32.1012,0.7191,3.0934
32.1014,0.7198,3.0994
32.1016,0.6701,2.8816
32.1018,0.7362,3.1568
32.1020,0.8958,3.8394
32.1022,0.8753,3.7602
32.1024,0.82,3.5277
32.1026,0.7151,3.0792
32.1028,0.6448,2.7754
32.1030,0.6388,2.7508
32.1032,0.6456,2.7798
32.1034,0.7078,3.0463
32.1036,0.7038,3.0251
32.1038,0.733,3.1503
32.1040,0.737,3.1752
32.1042,0.6543,2.8214
32.1044,0.6325,2.7197
32.1046,0.7682,3.2987
32.1048,0.75,3.2295
32.1050,0.6441,2.7749
32.1052,0.6213,2.6767
32.1054,0.6098,2.6247
32.1056,0.6022,2.5953
32.1058,0.6197,2.6682
32.1060,0.6445,2.779
32.1062,0.5522,2.382
32.1064,0.5439,2.3463
32.1066,0.5398,2.3265
32.1068,0.5381,2.3193
32.1070,0.5475,2.3618
32.1072,0.5428,2.3405
32.1074,0.5511,2.3751
32.1076,0.5836,2.5117
32.1078,0.6804,2.93
32.1080,0.6649,2.8629
32.1082,0.6144,2.648
32.1084,0.5526,2.3807
32.1086,0.553,2.3845
32.1088,0.5851,2.5207
32.1090,0.6469,2.7829
32.1092,0.6848,2.9486
32.1094,0.6905,2.972
32.1096,0.6651,2.8626
32.1098,0.5875,2.5322
32.1100,0.5641,2.4326
32.1102,0.5625,2.4231
32.1104,0.5687,2.4511
32.1106,0.6513,2.8045
32.1108,0.646,2.7792
32.1110,0.6902,2.9704
32.1112,0.6758,2.9112
32.1114,0.6061,2.6075
32.1116,0.6418,2.7612
32.1118,0.6826,2.9366
32.1120,0.6734,2.8995
32.1122,0.6764,2.9057
32.1124,0.7507,3.2296
32.1126,0.685,2.9483
32.1128,0.7023,3.0226
32.1130,0.7004,3.0101
32.1132,0.7025,3.0222
32.1134,0.6374,2.7447
32.1136,0.5897,2.5403
32.1138,0.5861,2.526
32.1140,0.5818,2.5063
32.1142,0.5749,2.4768
32.1144,0.5942,2.5612
32.1146,0.5475,2.3607
32.1148,0.5071,2.1844
32.1150,0.5519,2.3776
32.1152,0.5802,2.5007
32.1154,0.5886,2.5345
32.1156,0.6051,2.6058
32.1158,0.6291,2.709
32.1160,0.6573,2.8277
32.1162,0.6405,2.7555
32.1164,0.6598,2.8412
32.1166,0.6312,2.7165
32.1168,0.6332,2.7279
32.1170,0.577,2.4833
32.1172,0.5794,2.4959
32.1174,0.6031,2.597
32.1176,0.6368,2.7395
32.1178,0.6562,2.8205
32.1180,0.7145,3.0709
32.1182,0.721,3.0987
32.1184,0.7367,3.1618
32.1186,0.805,3.4552
32.1188,0.8219,3.5277
32.1190,0.8496,3.6517
32.1192,0.7752,3.3286
32.1194,0.8078,3.4638
32.1196,0.8101,3.48
32.1198,0.7691,3.3039
32.1200,0.8048,3.4574
32.1202,0.8462,3.63
32.1204,0.8872,3.8059
32.1206,0.8917,3.8272
32.1208,0.9244,3.9622
32.1210,0.9917,4.2485
32.1212,0.9806,4.2125
32.1214,0.832,3.566
32.1216,0.9253,3.9621
32.1218,1.0057,4.3146
32.1220,0.9238,3.967
32.1222,0.8902,3.8134
32.1224,0.9731,4.1728
32.1226,0.9547,4.0955
32.1228,0.8681,3.7293
32.1230,0.8393,3.6024
32.1232,0.8872,3.8077
32.1234,0.8833,3.793
32.1236,0.8334,3.5838
32.1238,0.8055,3.4588
32.1240,0.8007,3.4431
32.1242,0.8027,3.4518
32.1244,0.7856,3.3765
32.1246,0.7909,3.3976
32.1248,0.774,3.325
32.1250,0.7749,3.3322
32.1252,0.7649,3.2904
32.1254,0.7245,3.1195
32.1256,0.7075,3.0424
32.1258,0.7699,3.309
32.1260,0.7746,3.3291
32.1262,0.7373,3.1733
32.1264,0.7155,3.0808
32.1266,0.6549,2.824
32.1268,0.5813,2.5065
32.1270,0.5867,2.531
32.1272,0.5922,2.55
32.1274,0.6595,2.8357
32.1276,0.7049,3.0283
32.1278,0.741,3.1893
32.1280,0.7129,3.0656
32.1282,0.7151,3.0778
32.1284,0.7004,3.0157
32.1286,0.6886,2.9679
32.1288,0.6651,2.8639
32.1290,0.6308,2.7188
32.1292,0.6306,2.7165
32.1294,0.6248,2.6954
32.1296,0.5177,2.2325
32.1298,0.5041,2.1735
32.1300,0.5528,2.3835
32.1302,0.5287,2.2817
32.1304,0.4882,2.1082
32.1306,0.4826,2.0829
32.1308,0.477,2.0577
32.1310,0.4855,2.0954
32.1312,0.4839,2.0896
32.1314,0.4875,2.1012
32.1316,0.544,2.3457
32.1318,0.4974,2.1496
32.1320,0.4144,1.791
32.1322,0.4058,1.7528
32.1324,0.4381,1.8883
32.1326,0.539,2.3262
32.1328,0.4794,2.068
32.1330,0.4766,2.0542
32.1332,0.5361,2.3095
32.1334,0.5776,2.4905
32.1336,0.5561,2.3979
32.1338,0.5474,2.358
32.1340,0.5665,2.4418
32.1342,0.5599,2.4145
32.1344,0.5567,2.3983
32.1346,0.5545,2.3901
32.1348,0.5685,2.4489
32.1350,0.6108,2.6288
32.1352,0.6307,2.7145
32.1354,0.6704,2.8853
32.1356,0.6694,2.8812
32.1358,0.6975,2.9936
32.1360,0.7869,3.3838
32.1362,0.7649,3.2874
32.1364,0.7325,3.1497
32.1366,0.6667,2.8706
32.1368,0.6641,2.8585
32.1370,0.6581,2.8313
32.1372,0.6728,2.897
32.1374,0.6801,2.9285
32.1376,0.7027,3.019
32.1378,0.7803,3.3507
32.1380,0.7524,3.2368
32.1382,0.7475,3.2156
32.1384,0.7024,3.0245
32.1386,0.6414,2.7566
32.1388,0.7002,3.0138
32.1390,0.7168,3.0879
32.1392,0.6577,2.8306
32.1394,0.6433,2.77
32.1396,0.6342,2.7307
32.1398,0.6071,2.6116
32.1400,0.7098,3.0565
32.1402,0.6633,2.8535
32.1404,0.6463,2.7867
32.1406,0.5117,2.2097
32.1408,0.4721,2.0355
32.1410,0.4694,2.026
32.1412,0.4675,2.0177
32.1414,0.4669,2.0133
32.1416,0.4759,2.0501
32.1418,0.5608,2.4159
32.1420,0.564,2.4309
32.1422,0.59,2.5407
32.1424,0.5866,2.5246
32.1426,0.635,2.7331
32.1428,0.649,2.7973
32.1430,0.5682,2.4467
32.1432,0.5571,2.3987
32.1434,0.5791,2.4961
32.1436,0.5792,2.4977
32.1438,0.5976,2.572
32.1440,0.6596,2.8349
32.1442,0.6933,2.9839
32.1444,0.6379,2.7467
32.1446,0.6176,2.657
32.1448,0.6032,2.5963
32.1450,0.6146,2.6441
32.1452,0.6742,2.9032
32.1454,0.6143,2.6475
32.1456,0.6122,2.6362
32.1458,0.5885,2.5364
32.1460,0.585,2.5214
32.1462,0.5886,2.5322
32.1464,0.6031,2.5958
32.1466,0.5634,2.4306
32.1468,0.4946,2.1327
32.1470,0.4783,2.0643
32.1472,0.4753,2.0504
32.1474,0.4812,2.0748
32.1476,0.4856,2.0939
32.1478,0.484,2.0872
32.1480,0.4906,2.1166
32.1482,0.4936,2.1276
32.1484,0.4926,2.1229
32.1486,0.4953,2.1368
32.1488,0.4932,2.1255
32.1490,0.5276,2.2728
32.1492,0.5764,2.4842
32.1494,0.5206,2.2439
32.1496,0.4972,2.1431
32.1498,0.5392,2.3207
32.1500,0.5812,2.5013
32.1502,0.5809,2.5015
32.1504,0.5741,2.4766
32.1506,0.5081,2.1911
32.1508,0.4974,2.1436
32.1510,0.535,2.3048
32.1512,0.5669,2.4399
32.1514,0.6198,2.6675
32.1516,0.5827,2.5092
32.1518,0.6057,2.6047
32.1520,0.6885,2.9577
32.1522,0.7097,3.0517
32.1524,0.7066,3.0369
32.1526,0.7667,3.289
32.1528,0.8227,3.5259
32.1530,0.8833,3.7824
32.1532,0.9674,4.1404
32.1534,0.9962,4.2635
32.1536,0.9744,4.1706
32.1538,0.9915,4.2475
32.1540,0.9905,4.2434
32.1542,0.9813,4.1999
32.1544,0.9837,4.2141
32.1546,0.9426,4.0379
32.1548,0.9905,4.2434
32.1550,0.9914,4.241
32.1552,0.9839,4.221
32.1554,0.9173,3.9369
32.1556,0.9227,3.9526
32.1558,0.935,4.0093
32.1560,0.8645,3.7087
32.1562,0.8886,3.8139
32.1564,0.8719,3.7388
32.1566,0.9047,3.8846
32.1568,0.8433,3.6278
32.1570,0.7553,3.2446
32.1572,0.7978,3.4243
32.1574,0.7864,3.3848
32.1576,0.7018,3.0149
32.1578,0.7759,3.3317
32.1580,0.7814,3.3554
32.1582,0.8045,3.4579
32.1584,0.8286,3.5632
32.1586,0.8033,3.4512
32.1588,0.7944,3.411
32.1590,0.8048,3.4574
32.1592,0.8339,3.5775
32.1594,0.8984,3.8525
32.1596,0.9099,3.9036
32.1598,0.8499,3.6561
32.1600,0.7481,3.2212
32.1602,0.6657,2.8665
32.1604,0.6784,2.9185
32.1606,0.741,3.1863
32.1608,0.7427,3.1891
32.1610,0.7441,3.2027
32.1612,0.6832,2.9405
32.1614,0.6711,2.8897
32.1616,0.7062,3.0382
32.1618,0.7531,3.2369
32.1620,0.7092,3.0511
32.1622,0.6796,2.9278
32.1624,0.6342,2.7333
32.1626,0.5839,2.5132
32.1628,0.6149,2.6476
32.1630,0.6533,2.8133
32.1632,0.6405,2.7594
32.1634,0.6658,2.867
32.1636,0.6731,2.8985
32.1638,0.6368,2.7433
32.1640,0.6187,2.6653
32.1642,0.6314,2.7163
32.1644,0.7286,3.1288
32.1646,0.7279,3.133
32.1648,0.634,2.734
32.1650,0.5611,2.4197
32.1652,0.559,2.4081
32.1654,0.5597,2.4123
32.1656,0.5628,2.4303
32.1658,0.4857,2.0944
32.1660,0.4745,2.0487
32.1662,0.4862,2.0965
32.1664,0.5623,2.4226
32.1666,0.6265,2.6989
32.1668,0.6344,2.733
32.1670,0.6261,2.6986
32.1672,0.6297,2.7104
32.1674,0.6241,2.6886
32.1676,0.6598,2.8372
32.1678,0.7169,3.0755
32.1680,0.8169,3.5078
32.1682,0.8285,3.561
32.1684,0.7643,3.2909
32.1686,0.6405,2.7568
32.1688,0.6254,2.693
32.1690,0.6242,2.6891
32.1692,0.6217,2.677
32.1694,0.6185,2.6631
32.1696,0.6212,2.6737
32.1698,0.6396,2.7539
32.1700,0.6254,2.6955
32.1702,0.6077,2.619
32.1704,0.605,2.6065
32.1706,0.6304,2.7134
32.1708,0.6295,2.7106
32.1710,0.6677,2.8699
32.1712,0.7778,3.3415
32.1714,0.7253,3.1231
32.1716,0.6422,2.7679
32.1718,0.6298,2.7121
32.1720,0.6344,2.733
32.1722,0.6049,2.6096
32.1724,0.5397,2.3282
32.1726,0.5489,2.3614
32.1728,0.6051,2.6082
32.1730,0.5804,2.5006
32.1732,0.5719,2.4639
32.1734,0.531,2.2909
32.1736,0.5319,2.2924
32.1738,0.5412,2.3317
32.1740,0.5332,2.2981
32.1742,0.5598,2.4095
32.1744,0.6048,2.6066
32.1746,0.5424,2.3357
32.1748,0.5589,2.4087
32.1750,0.6463,2.7829
32.1752,0.64,2.7535
32.1754,0.7072,3.0381
32.1756,0.7622,3.276
32.1758,0.7844,3.3667
32.1760,0.7812,3.3543
32.1762,0.7628,3.2786
32.1764,0.7417,3.1894
32.1766,0.6954,2.9945
32.1768,0.6798,2.9247
32.1770,0.7429,3.1901
32.1772,0.8005,3.4372
32.1774,0.8391,3.6013
32.1776,0.8246,3.544
32.1778,0.7105,3.0553
32.1780,0.703,3.0243
32.1782,0.7795,3.3518
32.1784,0.7646,3.2848
32.1786,0.7324,3.1492
32.1788,0.7273,3.129
32.1790,0.7643,3.2817
32.1792,0.8442,3.6235
32.1794,0.8488,3.6379
32.1796,0.8705,3.7466
32.1798,0.7031,3.0276
32.1800,0.6609,2.8445
32.1802,0.6586,2.8334
32.1804,0.6734,2.8982
32.1806,0.6468,2.7888
32.1808,0.5572,2.4026
32.1810,0.5313,2.2899
32.1812,0.535,2.308
32.1814,0.5334,2.3013
32.1816,0.5343,2.3028
32.1818,0.5481,2.3611
32.1820,0.6423,2.7645
32.1822,0.6313,2.7171
32.1824,0.6188,2.6659
32.1826,0.5947,2.5597
32.1828,0.6689,2.8791
32.1830,0.7038,3.0293
32.1832,0.6477,2.7904
32.1834,0.5982,2.5758
32.1836,0.6212,2.6762
32.1838,0.6394,2.7522
32.1840,0.6379,2.7454
32.1842,0.6716,2.8891
32.1844,0.7057,3.0319
32.1846,0.8081,3.4734
32.1848,0.7381,3.1769
32.1850,0.6556,2.8179
32.1852,0.7393,3.1791
32.1854,0.7605,3.2658
32.1856,0.7697,3.3064
32.1858,0.7971,3.4212
32.1860,0.8959,3.8453
32.1862,0.9182,3.9318
32.1864,1.0688,4.5702
32.1866,1.1222,4.7984
32.1868,1.1103,4.7543
32.1870,1.114,4.7635
32.1872,1.1098,4.7478
32.1874,1.1161,4.7722
32.1876,1.1238,4.8146
32.1878,1.0473,4.4827
32.1880,1.1049,4.729
32.1882,1.0924,4.6712
32.1884,1.1398,4.8715
32.1886,1.1491,4.9092
32.1888,1.1875,5.0778
32.1890,1.1475,4.9158
32.1892,1.0151,4.3629
32.1894,0.8579,3.6821
32.1896,0.8746,3.7537
32.1898,0.898,3.8504
32.1900,0.9454,4.0616
32.1902,0.8267,3.5533
32.1904,0.7602,3.2703
32.1906,0.7785,3.3492
32.1908,0.7757,3.3337
32.1910,0.759,3.2667
32.1912,0.8014,3.4413
32.1914,0.8856,3.801
32.1916,0.8375,3.6047
32.1918,0.7706,3.3152
32.1920,0.7656,3.2996
32.1922,0.676,2.9123
32.1924,0.7247,3.1205
32.1926,0.7396,3.1831
32.1928,0.7158,3.0852
32.1930,0.6904,2.9687
32.1932,0.7609,3.2734
32.1934,0.7135,3.0711
32.1936,0.7005,3.0176
32.1938,0.7044,3.0389
32.1940,0.5962,2.5694
32.1942,0.5903,2.5453
32.1944,0.6115,2.6356
32.1946,0.6338,2.7292
32.1948,0.6821,2.9359
32.1950,0.7059,3.0352
32.1952,0.7819,3.3621
32.1954,0.7878,3.3858
32.1956,0.8019,3.4466
32.1958,0.8017,3.4488
32.1960,0.7617,3.2785
32.1962,0.7014,3.0246
32.1964,0.6035,2.5985
32.1966,0.6253,2.695
32.1968,0.6533,2.812
32.1970,0.7316,3.149
32.1972,0.7284,3.1365
32.1974,0.6143,2.6524
32.1976,0.5075,2.1926
32.1978,0.5007,2.1611
32.1980,0.5273,2.2749
32.1982,0.5037,2.175
32.1984,0.4249,1.8357
32.1986,0.421,1.8195
32.1988,0.4573,1.9756
32.1990,0.4784,2.0648
32.1992,0.5514,2.3756
32.1994,0.5782,2.4942
32.1996,0.5622,2.4243
32.1998,0.5569,2.4004
32.2000,0.5597,2.4123
32.2002,0.5566,2.4011
32.2004,0.5523,2.3803
32.2006,0.5507,2.3758
32.2008,0.552,2.3815
32.2010,0.5585,2.4083
32.2012,0.5777,2.4864
32.2014,0.6339,2.7259
32.2016,0.6868,2.9587
32.2018,0.673,2.8926
32.2020,0.7277,3.1291
32.2022,0.729,3.142
32.2024,0.6575,2.8353
32.2026,0.5704,2.4595
32.2028,0.5472,2.3586
32.2030,0.5439,2.3441
32.2032,0.5993,2.5781
32.2034,0.7237,3.1164
32.2036,0.6752,2.9046
32.2038,0.6808,2.9316
32.2040,0.6701,2.8883
32.2042,0.6352,2.7341
32.2044,0.7035,3.0249
32.2046,0.7234,3.1163
32.2048,0.6472,2.7896
32.2050,0.5617,2.4211
32.2052,0.5189,2.2387
32.2054,0.5149,2.2221
32.2056,0.5055,2.1808
32.2058,0.4996,2.1554
32.2060,0.5295,2.2842
32.2062,0.5686,2.4506
32.2064,0.5619,2.4228
32.2066,0.4777,2.0627
32.2068,0.4641,2.0023
32.2070,0.4687,2.0238
32.2072,0.4675,2.0187
32.2074,0.4626,1.9965
32.2076,0.4622,1.9968
32.2078,0.4609,1.9902
32.2080,0.4602,1.9852
32.2082,0.4686,2.0214
32.2084,0.462,1.9939
32.2086,0.5114,2.203
32.2088,0.5635,2.4266
32.2090,0.5966,2.5691
32.2092,0.603,2.5965
32.2094,0.6183,2.6613
32.2096,0.6102,2.6275
32.2098,0.5929,2.5531
32.2100,0.6469,2.7854
32.2102,0.6119,2.6359
32.2104,0.598,2.5736
32.2106,0.5861,2.526
32.2108,0.6041,2.6035
32.2110,0.5904,2.5411
32.2112,0.5975,2.5751
32.2114,0.6229,2.6847
32.2116,0.6216,2.6753
32.2118,0.6278,2.6996
32.2120,0.639,2.7501
32.2122,0.6613,2.8448
32.2124,0.7078,3.0491
32.2126,0.6316,2.7237
32.2128,0.538,2.3188
32.2130,0.5055,2.1808
32.2132,0.5127,2.2098
32.2134,0.5629,2.4195
32.2136,0.6388,2.7534
32.2138,0.498,2.1482
32.2140,0.4753,2.0504
32.2142,0.4964,2.1405
32.2144,0.5031,2.1684
32.2146,0.5478,2.3601
32.2148,0.5987,2.5791
32.2150,0.6042,2.6004
32.2152,0.6155,2.6489
32.2154,0.6213,2.6742
32.2156,0.6427,2.7661
32.2158,0.6746,2.9007
32.2160,0.691,2.9741
32.2162,0.7027,3.0232
32.2164,0.6986,3.0038
32.2166,0.728,3.1335
32.2168,0.6188,2.6634
32.2170,0.571,2.4609
32.2172,0.6001,2.5841
32.2174,0.6302,2.7124
32.2176,0.6544,2.8114
32.2178,0.7885,3.3857
32.2180,0.7768,3.3373
32.2182,0.7727,3.3193
32.2184,0.8014,3.4397
32.2186,0.8302,3.5616
32.2188,0.8623,3.7029
32.2190,0.8388,3.607
32.2192,0.7629,3.2745
32.2194,0.8423,3.6102
32.2196,0.9549,4.0927
32.2198,0.9409,4.0288
32.2200,0.9717,4.1627
32.2202,0.9932,4.2547
32.2204,0.9899,4.2428
32.2206,0.9669,4.1441
32.2208,0.9842,4.2221
32.2210,0.9303,3.9911
32.2212,0.961,4.117
32.2214,0.9987,4.2783
32.2216,0.9292,3.9883
32.2218,0.8384,3.6016
32.2220,0.7916,3.4007
32.2222,0.831,3.5685
32.2224,0.7926,3.4096
32.2226,0.6649,2.8602
32.2228,0.6593,2.8378
32.2230,0.6655,2.8655
32.2232,0.6608,2.844
32.2234,0.6914,2.9715
32.2236,0.812,3.4834
32.2238,0.8529,3.6673
32.2240,0.7538,3.243
32.2242,0.731,3.145
32.2244,0.7212,3.0998
32.2246,0.7454,3.2024
32.2248,0.7927,3.4069
32.2250,0.8102,3.4773
32.2252,0.8514,3.6628
32.2254,0.7652,3.295
32.2256,0.6779,2.9178
32.2258,0.6894,2.9646
32.2260,0.6831,2.9359
32.2262,0.6758,2.9112
32.2264,0.6506,2.7988
32.2266,0.7048,3.0348
32.2268,0.6971,2.999
32.2270,0.6995,3.0149
32.2272,0.6352,2.7392
32.2274,0.5788,2.4945
32.2276,0.5755,2.4782
32.2278,0.63,2.7139
32.2280,0.6194,2.6709
32.2282,0.5828,2.5121
32.2284,0.5625,2.4242
32.2286,0.5693,2.456
32.2288,0.5647,2.4374
32.2290,0.5816,2.5034
32.2292,0.6595,2.8357
32.2294,0.6828,2.939
32.2296,0.6753,2.9051
32.2298,0.7045,3.0338
32.2300,0.6868,2.9574
32.2302,0.6794,2.924
32.2304,0.7038,3.0251
32.2306,0.7665,3.2946
32.2308,0.7307,3.1507
32.2310,0.5372,2.3173
32.2312,0.4761,2.054
32.2314,0.4753,2.0504
32.2316,0.5097,2.1968
32.2318,0.5314,2.2925
32.2320,0.5217,2.2496
32.2322,0.529,2.279
32.2324,0.5894,2.5381
32.2326,0.6237,2.6833
32.2328,0.6613,2.8487
32.2330,0.6219,2.6768
32.2332,0.6357,2.7349
32.2334,0.6676,2.8761
32.2336,0.651,2.8017
32.2338,0.7056,3.0342
32.2340,0.7314,3.1407
32.2342,0.8073,3.4714
32.2344,0.7432,3.1971
32.2346,0.7272,3.1299
32.2348,0.7104,3.0577
32.2350,0.7023,3.0184
32.2352,0.7301,3.1423
32.2354,0.7304,3.1424
32.2356,0.7428,3.1911
32.2358,0.792,3.4007
32.2360,0.7924,3.4011
32.2362,0.805,3.4632
32.2364,0.7048,3.0348
32.2366,0.6904,2.9687
32.2368,0.6953,2.994
32.2370,0.7332,3.1528
32.2372,0.8105,3.4788
32.2374,0.838,3.5984
32.2376,0.8743,3.7526
32.2378,0.8527,3.6702
32.2380,0.7018,3.0177
32.2382,0.7404,3.1867
32.2384,0.6981,3.0073
32.2386,0.6092,2.6294
32.2388,0.5544,2.3896
32.2390,0.5474,2.3602
32.2392,0.5661,2.4397
32.2394,0.5784,2.4918
32.2396,0.5639,2.4304
32.2398,0.5569,2.4016
32.2400,0.5598,2.4128
32.2402,0.5646,2.4346
32.2404,0.5773,2.486
32.2406,0.6759,2.9077
32.2408,0.7255,3.1227
32.2410,0.599,2.583
32.2412,0.5441,2.3451
32.2414,0.5475,2.3607
32.2416,0.5466,2.356
32.2418,0.6123,2.6343
32.2420,0.7235,3.1096
32.2422,0.7252,3.1182
32.2424,0.6902,2.9746
32.2426,0.6032,2.5987
32.2428,0.6146,2.6441
32.2430,0.6783,2.9194
32.2432,0.7156,3.0813
32.2434,0.6844,2.9457
32.2436,0.7128,3.0651
32.2438,0.764,3.2853
32.2440,0.7633,3.2776
32.2442,0.7691,3.3023
32.2444,0.783,3.362
32.2446,0.7777,3.3441
32.2448,0.6972,3.0023
32.2450,0.6689,2.8818
32.2452,0.6827,2.9371
32.2454,0.7042,3.0351
32.2456,0.581,2.5066
32.2458,0.5638,2.4299
32.2460,0.5638,2.4299
32.2462,0.5621,2.4227
32.2464,0.5595,2.4102
32.2466,0.5632,2.4273
32.2468,0.5581,2.4034
32.2470,0.5945,2.5598
32.2472,0.6354,2.7384
32.2474,0.5923,2.5482
32.2476,0.6156,2.6519
32.2478,0.5545,2.3923
32.2480,0.4921,2.1248
32.2482,0.4831,2.084
32.2484,0.4832,2.0855
32.2486,0.4838,2.0862
32.2488,0.5569,2.3993
32.2490,0.5909,2.542
32.2492,0.679,2.9252
32.2494,0.5836,2.5163
32.2496,0.5055,2.1787
32.2498,0.5002,2.157
32.2500,0.499,2.1528
32.2502,0.497,2.143
32.2504,0.5036,2.1695
32.2506,0.5324,2.2934
32.2508,0.5746,2.4741
32.2510,0.6075,2.6149
32.2512,0.5701,2.4573
32.2514,0.5892,2.5347
32.2516,0.6833,2.9383
32.2518,0.7029,3.0251
32.2520,0.7071,3.0404
32.2522,0.7493,3.2189
32.2524,0.7717,3.3121
32.2526,0.8203,3.5123
32.2528,0.964,4.1318
32.2530,0.9956,4.2649
32.2532,0.9802,4.1972
32.2534,0.9806,4.2027
32.2536,0.9674,4.1481
32.2538,0.9629,4.1252
32.2540,0.9784,4.1934
32.2542,0.933,3.9931
32.2544,1.0019,4.2922
32.2546,0.9772,4.1864
32.2548,0.9722,4.1687
32.2550,0.987,4.2383
32.2552,0.9057,3.8856
32.2554,0.8917,3.8272
32.2556,0.8893,3.8134
32.2558,0.9143,3.924
32.2560,0.9069,3.8926
32.2562,0.8997,3.8617
32.2564,0.9039,3.8779
32.2566,0.8902,3.8223
32.2568,0.8018,3.4477
32.2570,0.7289,3.1328
32.2572,0.761,3.2724
32.2574,0.7255,3.1255
32.2576,0.7115,3.0594
32.2578,0.7186,3.0898
32.2580,0.7321,3.151
32.2582,0.7258,3.1237
32.2584,0.7223,3.1029
32.2586,0.8045,3.4547
32.2588,0.8482,3.6404
32.2590,0.8053,3.4706
32.2592,0.6434,2.7704
32.2594,0.6678,2.8757
32.2596,0.6707,2.8868
32.2598,0.6949,2.991
32.2600,0.6825,2.936
32.2602,0.6454,2.7805
32.2604,0.6288,2.7112
32.2606,0.6056,2.6102
32.2608,0.6397,2.7544
32.2610,0.6436,2.7753
32.2612,0.5888,2.539
32.2614,0.5851,2.523
32.2616,0.5973,2.571
32.2618,0.649,2.7921
32.2620,0.6901,2.9676
32.2622,0.7151,3.0835
32.2624,0.6117,2.6353
32.2626,0.6749,2.9022
32.2628,0.6629,2.8612
32.2630,0.5385,2.3219
32.2632,0.587,2.5301
32.2634,0.5855,2.5234
32.2636,0.5978,2.5742
32.2638,0.6103,2.6304
32.2640,0.5453,2.3525
32.2642,0.5077,2.1931
32.2644,0.4574,1.9751
32.2646,0.4557,1.9688
32.2648,0.4605,1.9858
32.2650,0.531,2.2888
32.2652,0.5418,2.3342
32.2654,0.5723,2.4654
32.2656,0.5653,2.4366
32.2658,0.5553,2.3943
32.2660,0.5549,2.3927
32.2662,0.5577,2.4046
32.2664,0.5537,2.3864
32.2666,0.5925,2.5527
32.2668,0.5707,2.461
32.2670,0.5648,2.4334
32.2672,0.6587,2.8299
32.2674,0.7803,3.3522
32.2676,0.763,3.2796
32.2678,0.7776,3.3404
32.2680,0.7718,3.3265
32.2682,0.6066,2.6131
32.2684,0.569,2.4526
32.2686,0.5682,2.449
32.2688,0.5689,2.4509
32.2690,0.5494,2.3678
32.2692,0.5778,2.4915
32.2694,0.5579,2.4045
32.2696,0.5556,2.3925
32.2698,0.5879,2.5314
32.2700,0.6952,2.9921
32.2702,0.6401,2.759
32.2704,0.556,2.3952
32.2706,0.5443,2.3461
32.2708,0.54,2.3275
32.2710,0.5878,2.5367
32.2712,0.5035,2.1709
32.2714,0.546,2.3523
32.2716,0.5402,2.3313
32.2718,0.4671,2.0143
32.2720,0.4533,1.9548
32.2722,0.4478,1.9337
32.2724,0.4488,1.9379
32.2726,0.4565,1.9692
32.2728,0.4619,1.9943
32.2730,0.4506,1.9456
32.2732,0.4479,1.9333
32.2734,0.4479,1.9324
32.2736,0.4635,1.9997
32.2738,0.4869,2.0967
32.2740,0.5693,2.4502
32.2742,0.6364,2.7392
32.2744,0.6364,2.7443
32.2746,0.5958,2.5655
32.2748,0.6431,2.7694
32.2750,0.6061,2.6086
32.2752,0.6789,2.9192
32.2754,0.7301,3.1393
32.2756,0.7447,3.1977
32.2758,0.8202,3.5254
32.2760,0.7319,3.147
32.2762,0.6672,2.8692
32.2764,0.6656,2.8619
32.2766,0.7114,3.0589
32.2768,0.7683,3.3022
32.2770,0.7207,3.0991
32.2772,0.6957,2.9913
32.2774,0.6832,2.9364
32.2776,0.697,3.0012
32.2778,0.6195,2.6689
32.2780,0.5925,2.5539
32.2782,0.6087,2.6163
32.2784,0.6658,2.867
32.2786,0.5737,2.4727
32.2788,0.5032,2.1699
32.2790,0.48,2.0696
32.2792,0.4855,2.0943
32.2794,0.497,2.144
32.2796,0.5,2.1559
32.2798,0.4952,2.1343
32.2800,0.4903,2.116
32.2802,0.4943,2.1326
32.2804,0.4914,2.1197
32.2806,0.4943,2.1326
32.2808,0.4917,2.1222
32.2810,0.4979,2.1471
32.2812,0.544,2.3435
32.2814,0.5357,2.3068
32.2816,0.573,2.4696
32.2818,0.5964,2.568
32.2820,0.6208,2.6684
32.2822,0.6802,2.9235
32.2824,0.6298,2.7133
32.2826,0.5376,2.3193
32.2828,0.4981,2.1487
32.2830,0.4973,2.1436
32.2832,0.4934,2.1275
32.2834,0.5352,2.3047
32.2836,0.6194,2.6634
32.2838,0.6972,2.9953
32.2840,0.6865,2.9522
32.2842,0.6892,2.9607
32.2844,0.6939,2.985
32.2846,0.7098,3.0493
32.2848,0.7623,3.275
32.2850,0.7529,3.2373
32.2852,0.733,3.1473
32.2854,0.8093,3.4688
32.2856,0.8512,3.6583
32.2858,0.7442,3.2002
32.2860,0.7859,3.3686
32.2862,0.9387,4.0214
32.2864,0.9422,4.0401
32.2866,0.9514,4.0777
32.2868,0.9218,3.9545
32.2870,0.84,3.6071
32.2872,0.8304,3.5659
32.2874,0.787,3.3763
32.2876,0.8243,3.5413
32.2878,0.7873,3.3868
32.2880,0.7465,3.2055
32.2882,0.7802,3.3533
32.2884,0.7355,3.164
32.2886,0.7184,3.0893
32.2888,0.7282,3.1311
32.2890,0.7142,3.0684
32.2892,0.7487,3.2207
32.2894,0.758,3.2549
32.2896,0.8427,3.615
32.2898,0.9237,3.9609
32.2900,0.9237,3.9609
32.2902,0.9467,4.0615
32.2904,0.8234,3.5388
32.2906,0.7392,3.18
32.2908,0.716,3.0819
32.2910,0.7065,3.0406
32.2912,0.6746,2.9006
32.2914,0.6963,2.9939
32.2916,0.7888,3.3919
32.2918,0.7219,3.1071
32.2920,0.6719,2.8893
32.2922,0.7109,3.0568
32.2924,0.7224,3.1063
32.2926,0.7547,3.245
32.2928,0.7224,3.1078
32.2930,0.7342,3.1583
32.2932,0.7079,3.0468
32.2934,0.6688,2.8799
32.2936,0.671,2.8892
32.2938,0.6953,2.987
32.2940,0.7578,3.2584
32.2942,0.705,3.0358
32.2944,0.7138,3.0721
32.2946,0.6977,3.0029
32.2948,0.6741,2.8999
32.2950,0.7344,3.1579
32.2952,0.7335,3.1572
32.2954,0.7032,3.0224
32.2956,0.7701,3.3115
32.2958,0.7497,3.2239
32.2960,0.6704,2.8866
32.2962,0.6824,2.9355
32.2964,0.7423,3.1934
32.2966,0.7471,3.214
32.2968,0.6912,2.9723
32.2970,0.7254,3.1221
32.2972,0.6975,3.0033
32.2974,0.665,2.8633
32.2976,0.6845,2.9448
32.2978,0.7145,3.0723
32.2980,0.7211,3.1006
32.2982,0.6949,2.9952
32.2984,0.5794,2.497
32.2986,0.5658,2.4375
32.2988,0.5772,2.4866
32.2990,0.5717,2.4651
32.2992,0.5919,2.5513
32.2994,0.6,2.5859
32.2996,0.5459,2.355
32.2998,0.5322,2.2918
32.3000,0.6264,2.6996
32.3002,0.57,2.459
32.3004,0.5421,2.3352
32.3006,0.541,2.3327
32.3008,0.5408,2.3328
32.3010,0.5373,2.3167
32.3012,0.533,2.296
32.3014,0.5282,2.2774
32.3016,0.5282,2.2785
32.3018,0.526,2.266
32.3020,0.5254,2.2655
32.3022,0.5278,2.2769
32.3024,0.5366,2.3115
32.3026,0.6084,2.6184
32.3028,0.6206,2.6723
32.3030,0.6325,2.7222
32.3032,0.609,2.6235
32.3034,0.5418,2.3353
32.3036,0.5481,2.3622
32.3038,0.5682,2.4478
32.3040,0.6138,2.6441
32.3042,0.6404,2.7537
32.3044,0.6572,2.8298
32.3046,0.6434,2.7717
32.3048,0.5828,2.512
32.3050,0.5357,2.31
32.3052,0.5332,2.3002
32.3054,0.5332,2.297
32.3056,0.538,2.3187
32.3058,0.5368,2.3147
32.3060,0.5334,2.3012
32.3062,0.5363,2.3115
32.3064,0.5741,2.4663
32.3066,0.7328,3.1585
32.3068,0.5686,2.4505
32.3070,0.5267,2.2702
32.3072,0.5234,2.2567
32.3074,0.5256,2.2655
32.3076,0.5298,2.2836
32.3078,0.5246,2.2619
32.3080,0.5338,2.2996
32.3082,0.6061,2.6086
32.3084,0.6572,2.8258
32.3086,0.6665,2.8687
32.3088,0.6506,2.8014
32.3090,0.6243,2.6896
32.3092,0.5364,2.312
32.3094,0.5291,2.2816
32.3096,0.5286,2.2795
32.3098,0.5406,2.3301
32.3100,0.541,2.3295
32.3102,0.5354,2.3074
32.3104,0.5295,2.2821
32.3106,0.5321,2.2934
32.3108,0.5452,2.3498
32.3110,0.5387,2.3197
32.3112,0.5713,2.4613
32.3114,0.5544,2.3918
32.3116,0.4892,2.1104
32.3118,0.4801,2.0672
32.3120,0.5093,2.1932
32.3122,0.5133,2.2143
32.3124,0.502,2.1627
32.3126,0.5664,2.4401
32.3128,0.5427,2.3346
32.3130,0.6054,2.6092
32.3132,0.5318,2.2919
32.3134,0.4852,2.0904
32.3136,0.5132,2.2149
32.3138,0.4511,1.9441
32.3140,0.4881,2.1028
32.3142,0.4833,2.0841
32.3144,0.4939,2.1296
32.3146,0.5405,2.3264
32.3148,0.5911,2.543
32.3150,0.6125,2.636
32.3152,0.6226,2.6786
32.3154,0.6767,2.9126
32.3156,0.6011,2.5858
32.3158,0.5741,2.4731
32.3160,0.5718,2.4622
32.3162,0.591,2.5436
32.3164,0.6391,2.7467
32.3166,0.7518,3.2296
32.3168,0.7256,3.1173
32.3170,0.7078,3.0392
32.3172,0.7392,3.1696
32.3174,0.8094,3.4741
32.3176,0.7582,3.2574
32.3178,0.7533,3.2378
32.3180,0.7616,3.2703
32.3182,0.7615,3.2744
32.3184,0.6937,2.9831
32.3186,0.7412,3.1828
32.3188,0.7891,3.3851
32.3190,0.8232,3.5267
32.3192,0.9287,3.9806
32.3194,0.9544,4.0906
32.3196,0.9453,4.0496
32.3198,0.9406,4.0277
32.3200,0.9357,4.0067
32.3202,0.9431,4.0404
32.3204,0.9184,3.9419
32.3206,0.8605,3.6899
32.3208,0.9356,4.0099
32.3210,0.8991,3.8591
32.3212,0.8832,3.7906
32.3214,0.925,3.9628
32.3216,0.915,3.9215
32.3218,0.9044,3.8799
32.3220,0.8942,3.838
32.3222,0.8849,3.7978
32.3224,0.9057,3.8838
32.3226,0.9194,3.9424
32.3228,0.9375,4.0256
32.3230,0.7991,3.4363
32.3232,0.7316,3.1431
32.3234,0.7515,3.2361
32.3236,0.64,2.7547
32.3238,0.6514,2.8076
32.3240,0.6491,2.7965
32.3242,0.6587,2.8339
32.3244,0.69,2.9685
32.3246,0.6579,2.8329
32.3248,0.6496,2.7934
32.3250,0.7353,3.162
32.3252,0.7268,3.1283
32.3254,0.7267,3.1234
32.3256,0.7833,3.3604
32.3258,0.8271,3.5548
32.3260,0.716,3.0804
32.3262,0.6868,2.9573
32.3264,0.6786,2.9154
32.3266,0.7416,3.1844
32.3268,0.8049,3.461
32.3270,0.7259,3.1227
32.3272,0.7232,3.1099
32.3274,0.7572,3.2558
32.3276,0.7548,3.2485
32.3278,0.7212,3.1026
32.3280,0.7112,3.0569
32.3282,0.7069,3.0426
32.3284,0.6627,2.8522
32.3286,0.7007,3.013
32.3288,0.7178,3.0896
32.3290,0.6381,2.7503
32.3292,0.6279,2.7076
32.3294,0.6162,2.6532
32.3296,0.6049,2.6059
32.3298,0.5955,2.5656
32.3300,0.5882,2.5341
32.3302,0.5912,2.5458
32.3304,0.6054,2.6068
32.3306,0.6503,2.803
32.3308,0.6285,2.7026
32.3310,0.6796,2.9277
32.3312,0.6223,2.682
32.3314,0.6073,2.615
32.3316,0.6174,2.6559
32.3318,0.6505,2.7996
32.3320,0.6383,2.75
32.3322,0.6339,2.7296
32.3324,0.6352,2.7353
32.3326,0.6475,2.7867
32.3328,0.6502,2.8011
32.3330,0.6466,2.7844
32.3332,0.6452,2.7756
32.3334,0.6995,3.0036
32.3336,0.8337,3.5714
32.3338,0.912,3.9141
32.3340,0.8895,3.8215
32.3342,0.8832,3.7924
32.3344,0.808,3.4728
32.3346,0.7594,3.2596
32.3348,0.8357,3.5835
32.3350,0.8935,3.8367
32.3352,0.8356,3.5913
32.3354,0.7441,3.1996
32.3356,0.7168,3.085
32.3358,0.7225,3.1083
32.3360,0.7334,3.1523
32.3362,0.7506,3.226
32.3364,0.7606,3.2677
32.3366,0.8315,3.5655
32.3368,0.8548,3.6738
32.3370,0.7955,3.424
32.3372,0.6945,2.9904
32.3374,0.6502,2.7985
32.3376,0.6127,2.6431
32.3378,0.6242,2.6853
32.3380,0.6171,2.6635
32.3382,0.4826,2.0839
32.3384,0.4677,2.0197
32.3386,0.482,2.0803
32.3388,0.4833,2.085
32.3390,0.4674,2.0181
32.3392,0.4737,2.0418
32.3394,0.5243,2.263
32.3396,0.4722,2.0369
32.3398,0.4634,1.9992
32.3400,0.4665,2.0126
32.3402,0.4622,1.9958
32.3404,0.4735,2.0445
32.3406,0.4803,2.0731
32.3408,0.4762,2.0545
32.3410,0.4726,2.0381
32.3412,0.474,2.0456
32.3414,0.4858,2.094
32.3416,0.5729,2.4668
32.3418,0.6086,2.6183
32.3420,0.6476,2.7872
32.3422,0.666,2.868
32.3424,0.6488,2.7924
32.3426,0.6571,2.828
32.3428,0.6381,2.7477
32.3430,0.6768,2.9118
32.3432,0.6777,2.9167
32.3434,0.6065,2.6102
32.3436,0.6217,2.677
32.3438,0.6078,2.6183
32.3440,0.5966,2.5679
32.3442,0.6477,2.7877
32.3444,0.627,2.7009
32.3446,0.6033,2.5944
32.3448,0.6605,2.8429
32.3450,0.6687,2.8767
32.3452,0.6687,2.878
32.3454,0.6137,2.6424
32.3456,0.5911,2.5477
32.3458,0.5892,2.5406
32.3460,0.5286,2.2816
32.3462,0.4856,2.0939
32.3464,0.4812,2.0757
32.3466,0.4857,2.0954
32.3468,0.4862,2.0955
32.3470,0.5392,2.3261
32.3472,0.506,2.1838
32.3474,0.4825,2.0814
32.3476,0.487,2.1011
32.3478,0.4854,2.0938
32.3480,0.5097,2.1948
32.3482,0.5702,2.4532
32.3484,0.6623,2.8467
32.3486,0.6705,2.8871
32.3488,0.5574,2.4058
32.3490,0.4723,2.0374
32.3492,0.4635,1.9997
32.3494,0.461,1.9897
32.3496,0.464,1.9999
32.3498,0.4657,2.009
32.3500,0.464,2.0018
32.3502,0.494,2.1301
32.3504,0.5229,2.2505
32.3506,0.5973,2.5722
32.3508,0.6083,2.6216
32.3510,0.585,2.519
32.3512,0.5984,2.572
32.3514,0.7032,3.0182
32.3516,0.8072,3.4644
32.3518,0.816,3.5008
32.3520,0.8201,3.5167
32.3522,0.8821,3.7878
32.3524,0.7985,3.4321
32.3526,0.7078,3.0392
32.3528,0.8267,3.5449
32.3530,0.871,3.7364
32.3532,0.8682,3.7228
32.3534,0.8279,3.5517
32.3536,0.8451,3.6219
32.3538,0.9011,3.8655
32.3540,0.891,3.8241
32.3542,0.8544,3.662
32.3544,0.9018,3.8632
32.3546,0.9297,3.9829
32.3548,0.9252,3.967
32.3550,0.9187,3.9374
32.3552,0.9296,3.9879
32.3554,0.9037,3.8841
32.3556,0.8003,3.4382
32.3558,0.7464,3.2079
32.3560,0.7367,3.1677
32.3562,0.747,3.2105
32.3564,0.7586,3.259
32.3566,0.807,3.4655
32.3568,0.8602,3.6884
32.3570,0.8518,3.6643
32.3572,0.7754,3.3296
32.3574,0.8128,3.4886
32.3576,0.8627,3.7026
32.3578,0.8172,3.5027
32.3580,0.9039,3.8815
32.3582,0.7638,3.2827
32.3584,0.7795,3.3548
32.3586,0.7011,3.0145
32.3588,0.7079,3.0439
32.3590,0.7011,3.0159
32.3592,0.706,3.0399
32.3594,0.6458,2.7794
32.3596,0.6647,2.8583
32.3598,0.7247,3.1176
32.3600,0.6865,2.9549
32.3602,0.6672,2.8732
32.3604,0.6834,2.9415
32.3606,0.734,3.1593
32.3608,0.6559,2.8228
32.3610,0.5879,2.5337
32.3612,0.5776,2.4893
32.3614,0.5924,2.5522
32.3616,0.5897,2.5391
32.3618,0.5983,2.5787
32.3620,0.632,2.7214
32.3622,0.6602,2.8414
32.3624,0.6286,2.7094
32.3626,0.5674,2.4431
32.3628,0.5814,2.5012
32.3630,0.6929,2.9795
32.3632,0.6952,2.9935
32.3634,0.609,2.621
32.3636,0.6373,2.7479
32.3638,0.5837,2.5156
32.3640,0.5647,2.434
32.3642,0.5705,2.4554
32.3644,0.5996,2.582
32.3646,0.5973,2.5745
32.3648,0.5955,2.5656
32.3650,0.6048,2.6018
32.3652,0.6979,3.0025
32.3654,0.7067,3.0402
32.3656,0.6838,2.9444
32.3658,0.6198,2.6662
32.3660,0.7319,3.1456
32.3662,0.7695,3.3012
32.3664,0.8471,3.6357
32.3666,0.8127,3.4994
32.3668,0.6472,2.7869
32.3670,0.6283,2.7016
32.3672,0.6689,2.8817
32.3674,0.6208,2.6746
32.3676,0.6117,2.6341
32.3678,0.6117,2.6341
32.3680,0.6117,2.6378
32.3682,0.6111,2.6328
32.3684,0.6254,2.693
32.3686,0.6199,2.6717
32.3688,0.6162,2.6545
32.3690,0.6133,2.6408
32.3692,0.6296,2.7085
32.3694,0.6379,2.7416
32.3696,0.6718,2.8928
32.3698,0.6696,2.8821
32.3700,0.6874,2.9544
32.3702,0.715,3.0772
32.3704,0.656,2.8259
32.3706,0.6164,2.6567
32.3708,0.5501,2.3698
32.3710,0.5418,2.3364
32.3712,0.5406,2.3301
32.3714,0.5526,2.3818
32.3716,0.5494,2.3689
32.3718,0.5385,2.3219
32.3720,0.5368,2.3147
32.3722,0.538,2.3187
32.3724,0.5483,2.3632
32.3726,0.5321,2.2945
32.3728,0.5264,2.2686
32.3730,0.5848,2.5191
32.3732,0.6244,2.6901
32.3734,0.5788,2.4933
32.3736,0.609,2.6222
32.3738,0.6418,2.7637
32.3740,0.6469,2.7828
32.3742,0.6677,2.8726
32.3744,0.6824,2.9341
32.3746,0.7136,3.0658
32.3748,0.7827,3.361
32.3750,0.8729,3.7464
32.3752,0.9205,3.9452
32.3754,0.9304,3.9897
32.3756,0.8597,3.6915
32.3758,0.8159,3.5085
32.3760,0.7467,3.2095
32.3762,0.7764,3.3337
32.3764,0.8424,3.6174
32.3766,0.8514,3.6594
32.3768,0.7978,3.4258
32.3770,0.7868,3.3816
32.3772,0.7684,3.3028
32.3774,0.8055,3.4572
32.3776,0.847,3.6369
32.3778,0.7794,3.3559
32.3780,0.6954,2.9973
32.3782,0.6951,2.9902
32.3784,0.718,3.0887
32.3786,0.69,2.9685
32.3788,0.7118,3.0624
32.3790,0.6927,2.9785
32.3792,0.696,2.9929
32.3794,0.6478,2.7882
32.3796,0.6711,2.891
32.3798,0.6297,2.7128
32.3800,0.5881,2.5336
32.3802,0.6148,2.6488
32.3804,0.6202,2.6733
32.3806,0.5915,2.5469
32.3808,0.5801,2.499
32.3810,0.6482,2.7872
32.3812,0.7079,3.0468
32.3814,0.6718,2.8914
32.3816,0.5886,2.538
32.3818,0.5782,2.4919
32.3820,0.5764,2.483
32.3822,0.575,2.4761
32.3824,0.579,2.4943
32.3826,0.5882,2.5341
32.3828,0.65,2.7975
32.3830,0.6632,2.8556
32.3832,0.6517,2.806
32.3834,0.6485,2.7926
32.3836,0.6611,2.8468
32.3838,0.6734,2.8954
32.3840,0.6807,2.9242
32.3842,0.7259,3.1213
32.3844,0.7544,3.244
32.3846,0.7577,3.2609
32.3848,0.734,3.1549
32.3850,0.7529,3.2373
32.3852,0.7133,3.0671
32.3854,0.7686,3.3033
32.3856,0.8164,3.5007
32.3858,0.8997,3.8545
32.3860,0.9341,4.0037
32.3862,0.9273,3.9782
32.3864,0.944,4.0497
32.3866,0.9287,3.9843
32.3868,0.9399,4.0246
32.3870,0.9724,4.1677
32.3872,0.9622,4.1298
32.3874,0.861,3.6954
32.3876,0.8735,3.7472
32.3878,0.9132,3.9211
32.3880,0.8606,3.6956
32.3882,0.8693,3.7292
32.3884,0.921,3.9509
32.3886,0.9046,3.8882
32.3888,0.7602,3.2672
32.3890,0.7406,3.1832
32.3892,0.7152,3.0825
32.3894,0.663,2.8564
32.3896,0.6743,2.8996
32.3898,0.7266,3.1229
32.3900,0.7749,3.3337
32.3902,0.7078,3.0448
32.3904,0.6973,3
32.3906,0.732,3.1505
32.3908,0.7302,3.1413
32.3910,0.7226,3.1088
32.3912,0.6949,2.9924
32.3914,0.7266,3.1258
32.3916,0.7814,3.3584
32.3918,0.7371,3.1742
32.3920,0.6288,2.7099
32.3922,0.638,2.7472
32.3924,0.6368,2.7446
32.3926,0.5747,2.478
32.3928,0.5639,2.4304
32.3930,0.5698,2.458
32.3932,0.6199,2.6667
32.3934,0.7615,3.2698
32.3936,0.8074,3.4767
32.3938,0.6177,2.6599
32.3940,0.629,2.7072
32.3942,0.6899,2.968
32.3944,0.7335,3.1587
32.3946,0.6982,3.0036
32.3948,0.6802,2.9276
32.3950,0.6687,2.8794
32.3952,0.6042,2.6028
32.3954,0.5825,2.5116
32.3956,0.5788,2.4956
32.3958,0.5957,2.5649
32.3960,0.6668,2.8698
32.3962,0.7089,3.0537
32.3964,0.6122,2.635
32.3966,0.6764,2.9083
32.3968,0.6877,2.9642
32.3970,0.5916,2.5486
32.3972,0.5789,2.4961
32.3974,0.5096,2.1983
32.3976,0.5466,2.356
32.3978,0.575,2.4796
32.3980,0.5837,2.5168
32.3982,0.5863,2.5258
32.3984,0.6083,2.6204
32.3986,0.6393,2.7554
32.3988,0.561,2.4202
32.3990,0.5601,2.4094
32.3992,0.7098,3.0508
32.3994,0.7507,3.2295
32.3996,0.7309,3.1429
32.3998,0.7182,3.0911
32.4000,0.6454,2.7805
32.4002,0.5656,2.441
32.4004,0.5194,2.2397
32.4006,0.5123,2.2092
32.4008,0.5168,2.2304
32.4010,0.5152,2.2237
32.4012,0.5256,2.2666
32.4014,0.5289,2.2805
32.4016,0.5274,2.2743
32.4018,0.5273,2.2728
32.4020,0.5301,2.2846
32.4022,0.5327,2.2981
32.4024,0.5331,2.2997
32.4026,0.531,2.2898
32.4028,0.5282,2.2774
32.4030,0.5051,2.1772
32.4032,0.5779,2.4874
32.4034,0.6681,2.8714
32.4036,0.6719,2.8933
32.4038,0.5664,2.4424
32.4040,0.4786,2.0668
32.4042,0.4735,2.0445
32.4044,0.4737,2.0437
32.4046,0.5039,2.171
32.4048,0.547,2.3575
32.4050,0.5704,2.4571
32.4052,0.5717,2.4617
32.4054,0.577,2.4809
32.4056,0.5672,2.446
32.4058,0.4834,2.0856
32.4060,0.5312,2.2925
32.4062,0.4966,2.1424
32.4064,0.4711,2.0342
32.4066,0.4695,2.0246
32.4068,0.4669,2.0142
32.4070,0.4692,2.024
32.4072,0.4737,2.0437
32.4074,0.4725,2.0385
32.4076,0.4867,2.0995
32.4078,0.5041,2.1705
32.4080,0.5899,2.5366
32.4082,0.6728,2.8929
32.4084,0.6915,2.9705
32.4086,0.7273,3.1245
32.4088,0.6478,2.7895
32.4090,0.5676,2.443
32.4092,0.616,2.6539
32.4094,0.5614,2.4195
32.4096,0.5455,2.3524
32.4098,0.5352,2.3058
32.4100,0.5246,2.2609
32.4102,0.5332,2.2949
32.4104,0.572,2.4609
32.4106,0.5942,2.5587
32.4108,0.5891,2.5377
32.4110,0.5887,2.535
32.4112,0.6148,2.6451
32.4114,0.6105,2.6277
32.4116,0.6041,2.5962
32.4118,0.6948,2.9877
32.4120,0.6405,2.7555
32.4122,0.6478,2.7843
32.4124,0.6392,2.7511
32.4126,0.6417,2.7619
32.4128,0.6578,2.8311
32.4130,0.6137,2.6411
32.4132,0.6049,2.6059
32.4134,0.6324,2.7204
32.4136,0.5933,2.5522
32.4138,0.5949,2.5606
32.4140,0.6547,2.8163
32.4142,0.6716,2.8904
32.4144,0.6264,2.6971
32.4146,0.6295,2.7105
32.4148,0.6652,2.8591
32.4150,0.6659,2.8661
32.4152,0.5866,2.5245
32.4154,0.5652,2.4349
32.4156,0.5723,2.4654
32.4158,0.5876,2.528
32.4160,0.6684,2.873
32.4162,0.6508,2.8024
32.4164,0.5964,2.5704
32.4166,0.5601,2.4105
32.4168,0.5615,2.4167
32.4170,0.6116,2.6324
32.4172,0.5833,2.5129
32.4174,0.6018,2.5877
32.4176,0.7495,3.2183
32.4178,0.7966,3.4159
32.4180,0.8537,3.6623
32.4182,0.857,3.6802
32.4184,0.7919,3.3958
32.4186,0.84,3.5987
32.4188,0.8841,3.7894
32.4190,0.8894,3.8192
32.4192,0.8526,3.6543
32.4194,0.932,3.9889
32.4196,0.966,4.1366
32.4198,0.9976,4.2716
32.4200,0.9765,4.1812
32.4202,0.9587,4.111
32.4204,0.9111,3.9105
32.4206,0.9136,3.9213
32.4208,0.7833,3.3698
32.4210,0.7216,3.1042
32.4212,0.7249,3.1157
32.4214,0.7415,3.1868
32.4216,0.7429,3.193
32.4218,0.7328,3.1497
32.4220,0.7424,3.1909
32.4222,0.7395,3.1815
32.4224,0.7135,3.0667
32.4226,0.7505,3.2225
32.4228,0.7916,3.3991
32.4230,0.8736,3.7512
32.4232,0.8286,3.5565
32.4234,0.7979,3.4311
32.4236,0.7424,3.1939
32.4238,0.6906,2.9683
32.4240,0.7738,3.3275
32.4242,0.738,3.1704
32.4244,0.8151,3.5049
32.4246,0.7282,3.1311
32.4248,0.7216,3.0984
32.4250,0.7683,3.3053
32.4252,0.7163,3.0858
32.4254,0.6759,2.909
32.4256,0.7018,3.019
32.4258,0.6959,2.9938
32.4260,0.7502,3.2244
32.4262,0.7562,3.2487
32.4264,0.7816,3.3579
32.4266,0.7478,3.2141
32.4268,0.7183,3.0902
32.4270,0.723,3.1118
32.4272,0.6484,2.796
32.4274,0.5759,2.4797
32.4276,0.5812,2.5036
32.4278,0.5635,2.4288
32.4280,0.5662,2.4379
32.4282,0.6154,2.6477
32.4284,0.653,2.8104
32.4286,0.6627,2.8509
32.4288,0.6975,3.0033
32.4290,0.6711,2.891
32.4292,0.5988,2.5784
32.4294,0.686,2.9496
32.4296,0.6897,2.9738
32.4298,0.5736,2.4699
32.4300,0.567,2.4449
32.4302,0.5523,2.3825
32.4304,0.5533,2.3849
32.4306,0.5586,2.4088
32.4308,0.5587,2.4082
32.4310,0.6132,2.6379
32.4312,0.6381,2.7515
32.4314,0.5193,2.2402
32.4316,0.4868,2.0971
32.4318,0.524,2.2583
32.4320,0.5436,2.3452
32.4322,0.5472,2.3596
32.4324,0.5572,2.4014
32.4326,0.5684,2.4477
32.4328,0.635,2.7343
32.4330,0.6174,2.6596
32.4332,0.5587,2.4082
32.4334,0.5756,2.4799
32.4336,0.6056,2.6078
32.4338,0.6198,2.6687
32.4340,0.6469,2.7841
32.4342,0.6585,2.8328
32.4344,0.6807,2.9255
32.4346,0.6948,2.9877
32.4348,0.7017,3.0185
32.4350,0.6575,2.83
32.4352,0.6409,2.757
32.4354,0.6431,2.7694
32.4356,0.6475,2.788
32.4358,0.664,2.8552
32.4360,0.6964,2.9903
32.4362,0.7731,3.3213
32.4364,0.7975,3.4291
32.4366,0.7184,3.0907
32.4368,0.62,2.6722
32.4370,0.5608,2.4181
32.4372,0.5596,2.4118
32.4374,0.5345,2.3048
32.4376,0.5321,2.2956
32.4378,0.5334,2.298
32.4380,0.535,2.3069
32.4382,0.5473,2.3591
32.4384,0.537,2.3168
32.4386,0.5333,2.3007
32.4388,0.5325,2.296
32.4390,0.5453,2.3481
32.4392,0.5855,2.5199
32.4394,0.616,2.6527
32.4396,0.5655,2.436
32.4398,0.526,2.266
32.4400,0.5253,2.264
32.4402,0.5302,2.2852
32.4404,0.5231,2.2547
32.4406,0.5218,2.2511
32.4408,0.5202,2.2423
32.4410,0.5223,2.249
32.4412,0.5686,2.4471
32.4414,0.6712,2.8848
32.4416,0.6743,2.8996
32.4418,0.6485,2.79
32.4420,0.6554,2.8247
32.4422,0.5637,2.4305
32.4424,0.5351,2.3053
32.4426,0.5598,2.4106
32.4428,0.6043,2.6021
32.4430,0.6199,2.6643
32.4432,0.6758,2.9085
32.4434,0.5985,2.5785
32.4436,0.5593,2.4085
32.4438,0.5839,2.5167
32.4440,0.5645,2.433
32.4442,0.578,2.4867
32.4444,0.6351,2.7297
32.4446,0.6503,2.8004
32.4448,0.6029,2.5935
32.4450,0.6029,2.5971
32.4452,0.5296,2.2815
32.4454,0.5536,2.3826
32.4456,0.5488,2.3631
32.4458,0.5465,2.3565
32.4460,0.5159,2.2237
32.4462,0.4616,1.9933
32.4464,0.4226,1.8233
32.4466,0.4809,2.0757
32.4468,0.4404,1.9016
32.4470,0.4053,1.7483
32.4472,0.5288,2.2747
32.4474,0.5748,2.4785
32.4476,0.4947,2.1342
32.4478,0.4826,2.0819
32.4480,0.4927,2.1234
32.4482,0.5009,2.1591
32.4484,0.4928,2.1229
32.4486,0.5184,2.2314
32.4488,0.5798,2.4945
32.4490,0.6035,2.5985
32.4492,0.6256,2.6928
32.4494,0.6437,2.7707
32.4496,0.613,2.6398
32.4498,0.5205,2.2443
32.4500,0.4976,2.1436
32.4502,0.5217,2.2443
32.4504,0.5884,2.5346
32.4506,0.5595,2.4113
32.4508,0.5577,2.4002
32.4510,0.6316,2.7173
32.4512,0.7033,3.0215
32.4514,0.7579,3.2498
32.4516,0.7611,3.2683
32.4518,0.7401,3.1782
32.4520,0.7853,3.3723
32.4522,0.7696,3.3064
32.4524,0.6948,2.9836
32.4526,0.8271,3.5448
32.4528,0.91,3.8968
32.4530,0.8978,3.848
32.4532,0.9255,3.9649
32.4534,0.9285,3.9777
32.4536,0.9455,4.0526
32.4538,0.9208,3.9485
32.4540,0.857,3.675
32.4542,0.8999,3.8604
32.4544,0.9043,3.8758
32.4546,0.9273,3.9744
32.4548,0.9205,3.9488
32.4550,0.8779,3.7627
32.4552,0.9158,3.9251
32.4554,0.9097,3.9044
32.4556,0.8698,3.7347
32.4558,0.8602,3.6884
32.4560,0.8966,3.8411
32.4562,0.9205,3.947
32.4564,0.8977,3.8529
32.4566,0.8531,3.6581
32.4568,0.8895,3.8215
32.4570,0.8025,3.4491
32.4572,0.7937,3.4067
32.4574,0.8212,3.5279
32.4576,0.8079,3.4755
32.4578,0.7168,3.0778
32.4580,0.8316,3.566
32.4582,0.8774,3.7642
32.4584,0.8922,3.8328
32.4586,0.8159,3.5052
32.4588,0.8116,3.4834
32.4590,0.8087,3.4759
32.4592,0.7728,3.3229
32.4594,0.7571,3.2462
32.4596,0.8647,3.7097
32.4598,0.8509,3.6573
32.4600,0.8162,3.5062
32.4602,0.8055,3.4604
32.4604,0.7904,3.3923
32.4606,0.7694,3.3084
32.4608,0.7151,3.0749
32.4610,0.7214,3.1051
32.4612,0.6989,3.0039
32.4614,0.7467,3.208
32.4616,0.7714,3.3203
32.4618,0.6987,3.0042
32.4620,0.7556,3.2461
32.4622,0.7804,3.3527
32.4624,0.7747,3.3327
32.4626,0.7093,3.0487
32.4628,0.7483,3.2147
32.4630,0.7803,3.3538
32.4632,0.7544,3.247
32.4634,0.7045,3.0337
32.4636,0.686,2.9537
32.4638,0.6496,2.796
32.4640,0.6264,2.6996
32.4642,0.6111,2.6315
32.4644,0.615,2.6468
32.4646,0.6702,2.8834
32.4648,0.7214,3.1007
32.4650,0.7741,3.3301
32.4652,0.7569,3.2533
32.4654,0.7729,3.3172
32.4656,0.8223,3.5309
32.4658,0.8252,3.5465
32.4660,0.8326,3.5701
32.4662,0.8788,3.7804
32.4664,0.6837,2.9453
32.4666,0.637,2.7443
32.4668,0.6755,2.9074
32.4670,0.671,2.8878
32.4672,0.636,2.7397
32.4674,0.6242,2.6903
32.4676,0.6205,2.673
32.4678,0.6196,2.6707
32.4680,0.6268,2.7004
32.4682,0.6434,2.7743
32.4684,0.6302,2.7161
32.4686,0.6199,2.6692
32.4688,0.6256,2.694
32.4690,0.6525,2.811
32.4692,0.6207,2.6728
32.4694,0.6418,2.7624
32.4696,0.6862,2.9589
32.4698,0.5875,2.531
32.4700,0.5508,2.3784
32.4702,0.546,2.3523
32.4704,0.6176,2.6619
32.4706,0.5448,2.3515
32.4708,0.4581,1.9792
32.4710,0.4466,1.9285
32.4712,0.4502,1.9432
32.4714,0.4411,1.9047
32.4716,0.4423,1.9081
32.4718,0.4802,2.0754
32.4720,0.4503,1.9437
32.4722,0.4559,1.9666
32.4724,0.4578,1.9758
32.4726,0.453,1.9551
32.4728,0.4518,1.9499
32.4730,0.4604,1.9862
32.4732,0.4837,2.0837
32.4734,0.5553,2.3932
32.4736,0.5637,2.4305
32.4738,0.5736,2.4699
32.4740,0.5913,2.5463
32.4742,0.5867,2.5274
32.4744,0.62,2.6648
32.4746,0.7364,3.1622
32.4748,0.7803,3.3475
32.4750,0.83,3.5638
32.4752,0.8356,3.588
32.4754,0.854,3.6656
32.4756,0.8098,3.4822
32.4758,0.7265,3.1268
32.4760,0.6885,2.9604
32.4762,0.6734,2.8968
32.4764,0.6752,2.9032
32.4766,0.741,3.1847
32.4768,0.7785,3.3445
32.4770,0.7687,3.3038
32.4772,0.7731,3.3229
32.4774,0.7332,3.1571
32.4776,0.6523,2.8047
32.4778,0.6843,2.9451
32.4780,0.6222,2.679
32.4782,0.6265,2.6976
32.4784,0.5678,2.4486
32.4786,0.4898,2.113
32.4788,0.483,2.0844
32.4790,0.485,2.0923
32.4792,0.4837,2.0856
32.4794,0.4842,2.0887
32.4796,0.5362,2.3131
32.4798,0.5131,2.2133
32.4800,0.489,2.1084
32.4802,0.4867,2.1005
32.4804,0.5023,2.1658
32.4806,0.5501,2.3687
32.4808,0.5864,2.5252
32.4810,0.5566,2.4011
32.4812,0.4874,2.1026
32.4814,0.4806,2.0731
32.4816,0.4809,2.0747
32.4818,0.5161,2.2262
32.4820,0.5141,2.219
32.4822,0.4808,2.0742
32.4824,0.483,2.0825
32.4826,0.4952,2.1362
32.4828,0.4982,2.1492
32.4830,0.5055,2.1797
32.4832,0.5308,2.2877
32.4834,0.5833,2.5083
32.4836,0.6771,2.906
32.4838,0.7985,3.4289
32.4840,0.7794,3.3481
32.4842,0.7279,3.13
32.4844,0.7026,3.0198
32.4846,0.7066,3.0326
32.4848,0.7494,3.2178
32.4850,0.8172,3.5076
32.4852,0.8481,3.6365
32.4854,0.8669,3.7172
32.4856,0.8843,3.7953
32.4858,0.8434,3.6181
32.4860,0.8606,3.6922
32.4862,0.8826,3.7792
32.4864,0.9678,4.1462
32.4866,0.9542,4.0915
32.4868,0.9132,3.9156
32.4870,0.9268,3.9798
32.4872,0.8917,3.8254
32.4874,0.8692,3.7322
32.4876,0.7829,3.3682
32.4878,0.7075,3.0396
32.4880,0.7646,3.2847
32.4882,0.7476,3.2146
32.4884,0.7211,3.1035
32.4886,0.7148,3.0738
32.4888,0.7272,3.1269
32.4890,0.7164,3.0777
32.4892,0.7658,3.2899
32.4894,0.8382,3.601
32.4896,0.7639,3.2816
32.4898,0.7838,3.3719
32.4900,0.7867,3.3795
32.4902,0.8391,3.6063
32.4904,0.808,3.468
32.4906,0.8087,3.4824
32.4908,0.7009,3.0154
32.4910,0.7194,3.0891
32.4912,0.7484,3.2182
32.4914,0.6966,2.9997
32.4916,0.6764,2.9097
32.4918,0.7109,3.0554
32.4920,0.7562,3.2502
32.4922,0.7759,3.3347
32.4924,0.7514,3.2341
32.4926,0.628,2.7043
32.4928,0.6067,2.6161
32.4930,0.5453,2.3525
32.4932,0.5692,2.4497
32.4934,0.6289,2.7067
32.4936,0.6547,2.8176
32.4938,0.685,2.9441
32.4940,0.7684,3.3012
32.4942,0.7829,3.3635
32.4944,0.7742,3.3275
32.4946,0.7542,3.2429
32.4948,0.7606,3.2723
32.4950,0.7633,3.2806
32.4952,0.7451,3.2067
32.4954,0.6653,2.8649
32.4956,0.6533,2.8107
32.4958,0.6442,2.7702
32.4960,0.7019,3.0196
32.4962,0.7308,3.1424
32.4964,0.7425,3.1929
32.4966,0.7213,3.1031
32.4968,0.6731,2.8971
32.4970,0.6696,2.8808
32.4972,0.7047,3.0328
32.4974,0.6412,2.7624
32.4976,0.5819,2.5067
32.4978,0.5783,2.4924
32.4980,0.5868,2.5291
32.4982,0.5949,2.5654
32.4984,0.6067,2.6088
32.4986,0.7026,3.0212
32.4988,0.6936,2.9867
32.4990,0.6599,2.8403
32.4992,0.6713,2.8813
32.4994,0.7943,3.4141
32.4996,0.7786,3.3512
32.4998,0.727,3.1288
32.5000,0.6543,2.8187
32.5002,0.6428,2.7704
32.5004,0.6441,2.7748
32.5006,0.655,2.8192
32.5008,0.6425,2.7655
32.5010,0.5713,2.4636
32.5012,0.5692,2.4542
32.5014,0.5672,2.4437
32.5016,0.6053,2.6087
32.5018,0.6081,2.6223
32.5020,0.6091,2.6228
32.5022,0.6126,2.639
32.5024,0.6035,2.5985
32.5026,0.6669,2.8663
32.5028,0.7598,3.2702
32.5030,0.6905,2.9775
32.5032,0.5922,2.5535
32.5034,0.5605,2.417
32.5036,0.5574,2.4014
32.5038,0.5672,2.4426
32.5040,0.6565,2.8228
32.5042,0.7055,3.035
32.5044,0.6285,2.7089
32.5046,0.5553,2.3932
32.5048,0.5442,2.3456
32.5050,0.549,2.3685
32.5052,0.5647,2.4317
32.5054,0.6255,2.6947
32.5056,0.6421,2.7635
32.5058,0.6501,2.7928
32.5060,0.7457,3.2078
32.5062,0.6813,2.9363
32.5064,0.5993,2.5816
32.5066,0.5605,2.4159
32.5068,0.5533,2.386
32.5070,0.5592,2.4113
32.5072,0.6162,2.6532
32.5074,0.6105,2.6253
32.5076,0.6624,2.8499
32.5078,0.7075,3.0424
32.5080,0.7676,3.2992
32.5082,0.7747,3.328
32.5084,0.7642,3.2908
32.5086,0.6509,2.8029
32.5088,0.6403,2.7583
32.5090,0.6611,2.8376
32.5092,0.7748,3.3363
32.5094,0.6549,2.82
32.5096,0.6383,2.7449
32.5098,0.6762,2.9105
32.5100,0.6338,2.7304
32.5102,0.6288,2.7074
32.5104,0.626,2.6968
32.5106,0.628,2.7006
32.5108,0.6873,2.9566
32.5110,0.6551,2.8197
32.5112,0.6744,2.8974
32.5114,0.7306,3.1428
32.5116,0.6348,2.7358
32.5118,0.5669,2.4444
32.5120,0.5506,2.3741
32.5122,0.5231,2.2526
32.5124,0.5955,2.5632
32.5126,0.6405,2.7555
32.5128,0.6865,2.9563
32.5130,0.6409,2.7532
32.5132,0.7218,3.1066
32.5134,0.6675,2.8715
32.5136,0.7357,3.1591
32.5138,0.7415,3.1868
32.5140,0.7644,3.2852
32.5142,0.775,3.3342
32.5144,0.6855,2.9475
32.5146,0.7118,3.0624
32.5148,0.7087,3.0504
32.5150,0.6784,2.9171
32.5152,0.7278,3.1295
32.5154,0.6801,2.9298
32.5156,0.6039,2.6018
32.5158,0.5934,2.5516
32.5160,0.585,2.5248
32.5162,0.4953,2.1377
32.5164,0.518,2.2324
32.5166,0.5622,2.4231
32.5168,0.5784,2.4917
32.5170,0.6066,2.6107
32.5172,0.6452,2.7743
32.5174,0.6869,2.9551
32.5176,0.7049,3.031
32.5178,0.7162,3.0781
32.5180,0.7535,3.2399
32.5182,0.7812,3.3558
32.5184,0.8182,3.5084
32.5186,0.9154,3.9199
32.5188,0.9893,4.2342
32.5190,0.9876,4.227
32.5192,0.9819,4.2083
32.5194,0.9925,4.254
32.5196,0.9738,4.1797
32.5198,0.9183,3.9396
32.5200,0.8442,3.6217
32.5202,0.8518,3.6541
32.5204,0.9038,3.8773
32.5206,0.8668,3.7236
32.5208,0.858,3.6826
32.5210,0.899,3.8568
32.5212,0.8772,3.7667
32.5214,0.8321,3.5797
32.5216,0.7668,3.2971
32.5218,0.8189,3.5164
32.5220,0.7948,3.4114
32.5222,0.8139,3.4981
32.5224,0.7634,3.2811
32.5226,0.7545,3.2505
32.5228,0.6778,2.9186
32.5230,0.6706,2.8863
32.5232,0.6413,2.7604
32.5234,0.6313,2.7183
32.5236,0.68,2.9252
32.5238,0.7008,3.0163
32.5240,0.6891,2.9685
32.5242,0.6387,2.7503
32.5244,0.6575,2.8313
32.5246,0.6635,2.8572
32.5248,0.7021,3.0206
32.5250,0.7128,3.0651
32.5252,0.6977,3.0057
32.5254,0.6369,2.7374
32.5256,0.7267,3.1263
32.5258,0.6981,3.0045
32.5260,0.7259,3.1256
32.5262,0.6791,2.9229
32.5264,0.6809,2.9266
32.5266,0.6975,3.0033
32.5268,0.6072,2.6181
32.5270,0.6109,2.6268
32.5272,0.7148,3.071
32.5274,0.7653,3.2924
32.5276,0.6694,2.8838
32.5278,0.6449,2.781
32.5280,0.5786,2.4962
32.5282,0.5218,2.2511
32.5284,0.5182,2.2335
32.5286,0.5364,2.312
32.5288,0.5983,2.5799
32.5290,0.5758,2.4792
32.5292,0.6656,2.8646
32.5294,0.619,2.6718
32.5296,0.505,2.1807
32.5298,0.4941,2.1296
32.5300,0.5593,2.4107
32.5302,0.5675,2.447
32.5304,0.5563,2.3978
32.5306,0.5779,2.4897
32.5308,0.5846,2.5186
32.5310,0.6125,2.6372
32.5312,0.6264,2.7021
32.5314,0.5099,2.1978
32.5316,0.5144,2.218
32.5318,0.5854,2.5194
32.5320,0.6886,2.9623
32.5322,0.6565,2.8214
32.5324,0.705,3.0344
32.5326,0.6515,2.8081
32.5328,0.5688,2.4538
32.5330,0.5521,2.3775
32.5332,0.6187,2.6628
32.5334,0.6304,2.7134
32.5336,0.6465,2.7825
32.5338,0.6543,2.8161
32.5340,0.6611,2.8468
32.5342,0.6647,2.861
32.5344,0.6855,2.9503
32.5346,0.672,2.8925
32.5348,0.652,2.8063
32.5350,0.6907,2.973
32.5352,0.677,2.915
32.5354,0.6273,2.7025
32.5356,0.616,2.649
32.5358,0.694,2.9855
32.5360,0.716,3.0804
32.5362,0.7162,3.0795
32.5364,0.6636,2.8577
32.5366,0.6053,2.6062
32.5368,0.599,2.5782
32.5370,0.626,2.6956
32.5372,0.5601,2.415
32.5374,0.5271,2.2707
32.5376,0.6011,2.593
32.5378,0.5423,2.3395
32.5380,0.5099,2.1978
32.5382,0.5134,2.2149
32.5384,0.465,2.0068
32.5386,0.4611,1.9903
32.5388,0.4673,2.0167
32.5390,0.4633,1.9987
32.5392,0.4635,2.0006
32.5394,0.4644,2.0061
32.5396,0.4623,1.9964
32.5398,0.4638,2.0007
32.5400,0.4711,2.0304
32.5402,0.5234,2.2536
32.5404,0.5702,2.4566
32.5406,0.4921,2.1189
32.5408,0.5882,2.5341
32.5410,0.6476,2.7885
32.5412,0.6151,2.6473
32.5414,0.6285,2.7064
32.5416,0.6409,2.7557
32.5418,0.6725,2.8945
32.5420,0.6707,2.8855
32.5422,0.6478,2.7882
32.5424,0.6428,2.7678
32.5426,0.5924,2.5545
32.5428,0.5481,2.3611
32.5430,0.5897,2.5379
32.5432,0.6044,2.6026
32.5434,0.6023,2.5933
32.5436,0.615,2.6468
32.5438,0.6853,2.9456
32.5440,0.7043,3.0285
32.5442,0.6916,2.9738
32.5444,0.6644,2.8568
32.5446,0.7114,3.0603
32.5448,0.667,2.8708
32.5450,0.6223,2.6783
32.5452,0.6033,2.5968
32.5454,0.6389,2.7449
32.5456,0.734,3.1607
32.5458,0.6518,2.8092
32.5460,0.6165,2.656
32.5462,0.6366,2.741
32.5464,0.5813,2.5088
32.5466,0.5556,2.3914
32.5468,0.5875,2.5322
32.5470,0.4981,2.1477
32.5472,0.5117,2.2076
32.5474,0.4954,2.1373
32.5476,0.5149,2.218
32.5478,0.6313,2.7221
32.5480,0.5399,2.327
32.5482,0.5419,2.3358
32.5484,0.4906,2.1166
32.5486,0.4762,2.0545
32.5488,0.4806,2.0722
32.5490,0.4813,2.0753
32.5492,0.4796,2.068
32.5494,0.4868,2.101
32.5496,0.4828,2.083
32.5498,0.5008,2.1586
32.5500,0.5291,2.2763
32.5502,0.6669,2.8649
32.5504,0.7415,3.1883
32.5506,0.684,2.94
32.5508,0.7026,3.0198
32.5510,0.7222,3.1024
32.5512,0.7312,3.141
32.5514,0.7605,3.2672
32.5516,0.7877,3.3794
32.5518,0.8428,3.6155
32.5520,0.8606,3.6887
32.5522,0.8737,3.7465
32.5524,0.8371,3.593
32.5526,0.7898,3.3898
32.5528,0.8912,3.8251
32.5530,0.8702,3.7264
32.5532,0.9072,3.8917
32.5534,0.8933,3.8321
32.5536,0.9058,3.8788
32.5538,0.9497,4.0667
32.5540,0.9478,4.068
32.5542,0.8785,3.7671
32.5544,0.9412,4.0378
32.5546,0.8771,3.7626
32.5548,0.8891,3.8158
32.5550,0.8701,3.7328
32.5552,0.8664,3.7186
32.5554,0.8368,3.5932
32.5556,0.8115,3.4829
32.5558,0.8716,3.7372
32.5560,0.8894,3.8156
32.5562,0.8449,3.6282
32.5564,0.8222,3.5287
32.5566,0.829,3.5564
32.5568,0.8297,3.5611
32.5570,0.8278,3.5595
32.5572,0.7701,3.3054
32.5574,0.8545,3.6711
32.5576,0.8082,3.4706
32.5578,0.8383,3.5965
32.5580,0.8704,3.7356
32.5582,0.8579,3.6803
32.5584,0.8825,3.784
32.5586,0.8148,3.5006
32.5588,0.7692,3.3059
32.5590,0.7977,3.4285
32.5592,0.8129,3.4956
32.5594,0.7175,3.0866
32.5596,0.6865,2.9522
32.5598,0.7807,3.3569
32.5600,0.7734,3.3192
32.5602,0.7555,3.2516
32.5604,0.661,2.8503
32.5606,0.6115,2.6368
32.5608,0.6059,2.6076
32.5610,0.6543,2.8122
32.5612,0.6777,2.9221
32.5614,0.5843,2.5171
32.5616,0.6156,2.6482
32.5618,0.6354,2.7396
32.5620,0.5957,2.5649
32.5622,0.6415,2.7609
32.5624,0.6815,2.9305
32.5626,0.7065,3.0434
32.5628,0.6429,2.7696
32.5630,0.6565,2.8267
32.5632,0.6509,2.8042
32.5634,0.6035,2.6009
32.5636,0.5736,2.4722
32.5638,0.6202,2.672
32.5640,0.6654,2.8641
32.5642,0.6415,2.7622
32.5644,0.5879,2.5349
32.5646,0.6056,2.6066
32.5648,0.6934,2.9802
32.5650,0.7319,3.1441
32.5652,0.7261,3.1252
32.5654,0.7093,3.053
32.5656,0.6979,3.0011
32.5658,0.802,3.4422
32.5660,0.8358,3.589
32.5662,0.8,3.4431
32.5664,0.67,2.8864
32.5666,0.6436,2.7702
32.5668,0.6535,2.8112
32.5670,0.6223,2.682
32.5672,0.558,2.4073
32.5674,0.5568,2.4021
32.5676,0.558,2.405
32.5678,0.6139,2.6422
32.5680,0.6626,2.853
32.5682,0.6276,2.7023
32.5684,0.6061,2.6123
32.5686,0.617,2.6556
32.5688,0.6297,2.7141
32.5690,0.6086,2.6195
32.5692,0.7291,3.1352
32.5694,0.7092,3.0524
32.5696,0.6033,2.6004
32.5698,0.5513,2.375
32.5700,0.5481,2.3633
32.5702,0.539,2.3229
32.5704,0.576,2.4849
32.5706,0.5356,2.3084
32.5708,0.5622,2.422
32.5710,0.5684,2.4523
32.5712,0.5336,2.3007
32.5714,0.526,2.2671
32.5716,0.5278,2.2759
32.5718,0.5394,2.326
32.5720,0.5433,2.3437
32.5722,0.5313,2.2887
32.5724,0.5822,2.5071
32.5726,0.6194,2.6672
32.5728,0.628,2.7043
32.5730,0.5755,2.4759
32.5732,0.635,2.733
32.5734,0.6374,2.7433
32.5736,0.6513,2.8032
32.5738,0.6815,2.9319
32.5740,0.7387,3.1705
32.5742,0.8084,3.4711
32.5744,0.8433,3.6226
32.5746,0.8551,3.6685
32.5748,0.8732,3.7479
32.5750,0.8331,3.5772
32.5752,0.8335,3.5843
32.5754,0.7702,3.3105
32.5756,0.7903,3.3918
32.5758,0.8567,3.6735
32.5760,0.8772,3.7719
32.5762,0.7557,3.2481
32.5764,0.7561,3.2467
32.5766,0.8086,3.4722
32.5768,0.8007,3.443
32.5770,0.7782,3.3445
32.5772,0.7455,3.2073
32.5774,0.6874,2.9571
32.5776,0.6851,2.9473
32.5778,0.6711,2.8924
32.5780,0.5955,2.5644
32.5782,0.6119,2.6371
32.5784,0.5581,2.4067
32.5786,0.5361,2.3105
32.5788,0.5903,2.5417
32.5790,0.622,2.6785
32.5792,0.6077,2.6178
32.5794,0.603,2.5952
32.5796,0.6249,2.6897
32.5798,0.6326,2.7227
32.5800,0.6557,2.8223
32.5802,0.6571,2.828
32.5804,0.6888,2.9647
32.5806,0.6687,2.8794
32.5808,0.666,2.864
32.5810,0.7072,3.0437
32.5812,0.6508,2.8011
32.5814,0.6189,2.6676
32.5816,0.5888,2.5367
32.5818,0.576,2.486
32.5820,0.4813,2.0762
32.5822,0.4683,2.0223
32.5824,0.4673,2.0176
32.5826,0.4679,2.0183
32.5828,0.4801,2.0711
32.5830,0.4801,2.0711
32.5832,0.4924,2.1234
32.5834,0.5255,2.2661
32.5836,0.576,2.478
32.5838,0.65,2.7975
32.5840,0.6969,2.9923
32.5842,0.7843,3.3676
32.5844,0.7797,3.3481
32.5846,0.7981,3.43
32.5848,0.7719,3.3177
32.5850,0.7853,3.3707
32.5852,0.8343,3.5807
32.5854,0.8554,3.6712
32.5856,0.8798,3.7762
32.5858,0.8615,3.6958
32.5860,0.9062,3.884
32.5862,0.8999,3.8586
32.5864,0.8946,3.8395
32.5866,0.8829,3.7914
32.5868,0.8916,3.8284
32.5870,0.8904,3.8197
32.5872,0.8746,3.7518
32.5874,0.8526,3.6611
32.5876,0.8496,3.6465
32.5878,0.8694,3.7262
32.5880,0.9162,3.9303
32.5882,0.8846,3.7986
32.5884,0.8729,3.7499
32.5886,0.8629,3.7037
32.5888,0.8596,3.6927
32.5890,0.8292,3.5591
32.5892,0.8214,3.5338
32.5894,0.7553,3.2461
32.5896,0.7804,3.3559
32.5898,0.7736,3.3296
32.5900,0.6857,2.9513
32.5902,0.6479,2.7926
32.5904,0.5996,2.5808
32.5906,0.6867,2.9513
32.5908,0.6951,2.9943
32.5910,0.6367,2.739
32.5912,0.7134,3.0662
32.5914,0.7782,3.3507
32.5916,0.6867,2.9527
32.5918,0.7219,3.1115
32.5920,0.6327,2.7245
32.5922,0.6517,2.8034
32.5924,0.669,2.8782
32.5926,0.6422,2.7704
32.5928,0.5559,2.3957
32.5930,0.5985,2.5785
32.5932,0.6496,2.796
32.5934,0.6683,2.8778
32.5936,0.7072,3.0408
32.5938,0.7773,3.344
32.5940,0.7788,3.3518
32.5942,0.6554,2.822
32.5944,0.6393,2.7541
32.5946,0.6292,2.7133
32.5948,0.5972,2.5728
32.5950,0.6008,2.5883
32.5952,0.6628,2.8554
32.5954,0.6743,2.9009
32.5956,0.7021,3.0206
32.5958,0.7569,3.2563
32.5960,0.6659,2.8688
32.5962,0.6457,2.7802
32.5964,0.6401,2.7603
32.5966,0.5784,2.4941
32.5968,0.5748,2.4785
32.5970,0.5719,2.4673
32.5972,0.5035,2.1739
32.5974,0.4897,2.1134
32.5976,0.4858,2.0969
32.5978,0.5086,2.1942
32.5980,0.5569,2.3993
32.5982,0.6154,2.6514
32.5984,0.5963,2.5675
32.5986,0.6453,2.7787
32.5988,0.6531,2.8148
32.5990,0.6071,2.6116
32.5992,0.6704,2.8799
32.5994,0.7598,3.2717
32.5996,0.7069,3.0426
32.5998,0.7411,3.1882
32.6000,0.6958,2.9946
32.6002,0.6755,2.9074
32.6004,0.6345,2.7309
32.6006,0.6222,2.6815
32.6008,0.5863,2.527
32.6010,0.5688,2.4504
32.6012,0.5828,2.5097
32.6014,0.6142,2.6486
32.6016,0.5652,2.4372
32.6018,0.5604,2.4154
32.6020,0.5664,2.4401
32.6022,0.5482,2.3616
32.6024,0.605,2.604
32.6026,0.609,2.6295
32.6028,0.5072,2.1859
32.6030,0.4916,2.1217
32.6032,0.4702,2.0305
32.6034,0.4809,2.0747
32.6036,0.4815,2.0773
32.6038,0.4717,2.0349
32.6040,0.474,2.0428
32.6042,0.5155,2.2237
32.6044,0.4821,2.077
32.6046,0.5698,2.4511
32.6048,0.6442,2.7753
32.6050,0.5804,2.504
32.6052,0.5002,2.158
32.6054,0.4888,2.1088
32.6056,0.4845,2.0902
32.6058,0.4914,2.1167
32.6060,0.5473,2.3569
32.6062,0.5714,2.4606
32.6064,0.5941,2.5582
32.6066,0.6081,2.6223
32.6068,0.5202,2.2433
32.6070,0.5093,2.1942
32.6072,0.5812,2.5048
32.6074,0.5583,2.4061
32.6076,0.552,2.3781
32.6078,0.5833,2.5106
32.6080,0.6494,2.7949
32.6082,0.6846,2.9453
32.6084,0.6966,2.9927
32.6086,0.731,3.1449
32.6088,0.6442,2.7753
32.6090,0.5559,2.3935
32.6092,0.5499,2.3699
32.6094,0.5471,2.3558
32.6096,0.5796,2.4969
32.6098,0.5556,2.3947
32.6100,0.5563,2.3978
32.6102,0.5623,2.4237
32.6104,0.5503,2.372
32.6106,0.5429,2.3378
32.6108,0.5495,2.3684
32.6110,0.5449,2.3487
32.6112,0.53,2.2831
32.6114,0.5524,2.3808
32.6116,0.5879,2.5325
32.6118,0.6005,2.582
32.6120,0.624,2.6868
32.6122,0.5812,2.5036
32.6124,0.5832,2.5112
32.6126,0.5969,2.5689
32.6128,0.6039,2.6006
32.6130,0.6451,2.7751
32.6132,0.6851,2.9432
32.6134,0.7139,3.0683
32.6136,0.7244,3.1151
32.6138,0.6681,2.8741
32.6140,0.6086,2.6219
32.6142,0.6029,2.5959
32.6144,0.6391,2.748
32.6146,0.6897,2.9628
32.6148,0.7241,3.1092
32.6150,0.7062,3.0381
32.6152,0.6897,2.9711
32.6154,0.6108,2.6312
32.6156,0.5801,2.4967
32.6158,0.5782,2.4907
32.6160,0.5771,2.4861
32.6162,0.5928,2.5525
32.6164,0.6363,2.7412
32.6166,0.5886,2.5333
32.6168,0.6475,2.7841
32.6170,0.772,3.3151
32.6172,0.8007,3.4382
32.6174,0.7747,3.328
32.6176,0.784,3.3666
32.6178,0.79,3.3924
32.6180,0.7789,3.3476
32.6182,0.726,3.1189
32.6184,0.8186,3.5149
32.6186,0.8409,3.6107
32.6188,0.8817,3.7739
32.6190,1.0037,4.2978
32.6192,0.9767,4.194
32.6194,0.7966,3.4255
32.6196,0.7927,3.4037
32.6198,0.8054,3.4567
32.6200,0.8578,3.6798
32.6202,0.8838,3.795
32.6204,0.8548,3.667
32.6206,0.8505,3.6501
32.6208,0.8347,3.5844
32.6210,0.7966,3.4255
32.6212,0.7237,3.1105
32.6214,0.7513,3.2306
32.6216,0.7304,3.1394
32.6218,0.7509,3.2275
32.6220,0.7292,3.1342
32.6222,0.7557,3.2481
32.6224,0.7586,3.262
32.6226,0.7399,3.1786
32.6228,0.7452,3.2043
32.6230,0.7318,3.148
32.6232,0.7071,3.046
32.6234,0.6435,2.7684
32.6236,0.6856,2.9453
32.6238,0.7214,3.1036
32.6240,0.6879,2.962
32.6242,0.6816,2.9324
32.6244,0.7672,3.2961
32.6246,0.8283,3.5566
32.6248,0.7909,3.4007
32.6250,0.7635,3.2801
32.6252,0.7911,3.4002
32.6254,0.7638,3.2857
32.6256,0.6848,2.9458
32.6258,0.7206,3.0986
32.6260,0.7439,3.2001
32.6262,0.7526,3.2347
32.6264,0.7483,3.2177
32.6266,0.7533,3.2423
32.6268,0.7255,3.1183
32.6270,0.7103,3.0542
32.6272,0.7144,3.0746
32.6274,0.7228,3.1108
32.6276,0.6916,2.9766
32.6278,0.6848,2.9513
32.6280,0.6479,2.7913
32.6282,0.6255,2.696
32.6284,0.574,2.4738
32.6286,0.5899,2.5378
32.6288,0.6312,2.7165
32.6290,0.6541,2.8137
32.6292,0.7357,3.165
32.6294,0.6622,2.8528
32.6296,0.653,2.8117
32.6298,0.6561,2.8265
32.6300,0.5959,2.5672
32.6302,0.5668,2.4416
32.6304,0.5652,2.4361
32.6306,0.5631,2.429
32.6308,0.4943,2.1346
32.6310,0.4809,2.0766
32.6312,0.4839,2.0886
32.6314,0.4752,2.0461
32.6316,0.5596,2.4129
32.6318,0.5678,2.4486
32.6320,0.5627,2.4252
32.6322,0.5484,2.3571
32.6324,0.6875,2.9577
32.6326,0.6683,2.8791
32.6328,0.5756,2.4822
32.6330,0.5695,2.4524
32.6332,0.5969,2.5689
32.6334,0.6276,2.701
32.6336,0.6391,2.7506
32.6338,0.6542,2.8143
32.6340,0.6523,2.8047
32.6342,0.6801,2.9243
32.6344,0.6869,2.9537
32.6346,0.7059,3.0352
32.6348,0.7205,3.0966
32.6350,0.6776,2.9162
32.6352,0.6327,2.7257
32.6354,0.6601,2.8395
32.6356,0.7334,3.1479
32.6358,0.7858,3.3791
32.6360,0.7669,3.2945
32.6362,0.7565,3.2558
32.6364,0.7261,3.1238
32.6366,0.6741,2.9053
32.6368,0.5535,2.3854
32.6370,0.5314,2.2925
32.6372,0.5274,2.2754
32.6374,0.53,2.2852
32.6376,0.5331,2.2965
32.6378,0.5502,2.3704
32.6380,0.5906,2.5468
32.6382,0.5517,2.3788
32.6384,0.5328,2.2955
32.6386,0.5315,2.293
32.6388,0.5352,2.3069
32.6390,0.6766,2.9107
32.6392,0.625,2.6952
32.6394,0.5328,2.2965
32.6396,0.5289,2.2816
32.6398,0.5259,2.2676
32.6400,0.5222,2.2495
32.6402,0.5556,2.3947
32.6404,0.5421,2.3352
32.6406,0.5288,2.2768
32.6408,0.5276,2.2748
32.6410,0.5509,2.3724
32.6412,0.623,2.6814
32.6414,0.671,2.8865
32.6416,0.6681,2.8754
32.6418,0.6411,2.7632
32.6420,0.5424,2.3357
32.6422,0.5909,2.5431
32.6424,0.5742,2.4748
32.6426,0.5918,2.5496
32.6428,0.5677,2.4458
32.6430,0.5587,2.407
32.6432,0.5887,2.5373
32.6434,0.579,2.4932
32.6436,0.5683,2.4472
32.6438,0.556,2.3918
32.6440,0.5783,2.4901
32.6442,0.6065,2.6102
32.6444,0.6626,2.8504
32.6446,0.6762,2.9105
32.6448,0.6002,2.5846
32.6450,0.6204,2.6688
32.6452,0.696,2.9943
32.6454,0.5666,2.4445
32.6456,0.4095,1.7664
32.6458,0.4216,1.8178
32.6460,0.4881,2.1038
32.6462,0.5812,2.5025
32.6464,0.5951,2.5624
32.6466,0.5789,2.4915
32.6468,0.5924,2.5534
32.6470,0.5211,2.2469
32.6472,0.4861,2.095
32.6474,0.4856,2.0929
32.6476,0.4955,2.1368
32.6478,0.5184,2.2314
32.6480,0.6312,2.7127
32.6482,0.6777,2.9167
32.6484,0.6348,2.732
32.6486,0.6345,2.7309
32.6488,0.5744,2.4747
32.6490,0.4965,2.139
32.6492,0.5332,2.2991
32.6494,0.4949,2.1342
32.6496,0.4734,2.0402
32.6498,0.4917,2.1193
32.6500,0.5231,2.2536
32.6502,0.5849,2.5185
32.6504,0.5714,2.4595
32.6506,0.584,2.5137
32.6508,0.6192,2.6649
32.6510,0.6702,2.882
32.6512,0.7603,3.2647
32.6514,0.758,3.2549
32.6516,0.7599,3.2601
32.6518,0.8431,3.6204
32.6520,0.8327,3.5723
32.6522,0.7961,3.4186
32.6524,0.7776,3.3419
32.6526,0.7214,3.1007
32.6528,0.7183,3.0888
32.6530,0.7455,3.2043
32.6532,0.7571,3.2493
32.6534,0.8037,3.4494
32.6536,0.7907,3.3939
32.6538,0.779,3.345
32.6540,0.7571,3.2523
32.6542,0.7819,3.3573
32.6544,0.7683,3.3007
32.6546,0.7495,3.2213
32.6548,0.7485,3.2202
32.6550,0.6928,2.9776
32.6552,0.7377,3.1649
32.6554,0.7969,3.4233
32.6556,0.8178,3.5036
32.6558,0.8924,3.832
32.6560,0.8368,3.5932
32.6562,0.797,3.4238
32.6564,0.8,3.4303
32.6566,0.8777,3.7617
32.6568,0.8777,3.7635
32.6570,0.8789,3.7668
32.6572,0.9334,3.9951
32.6574,0.9669,4.1498
32.6576,0.8732,3.7462
32.6578,0.8532,3.6671
32.6580,0.7917,3.3996
32.6582,0.8501,3.6469
32.6584,0.8454,3.6336
32.6586,0.8002,3.4329
32.6588,0.8236,3.5382
32.6590,0.8329,3.58
32.6592,0.8328,3.5795
32.6594,0.7784,3.3471
32.6596,0.7358,3.1641
32.6598,0.723,3.1132
32.6600,0.7065,3.0363
32.6602,0.7166,3.0801
32.6604,0.729,3.1318
32.6606,0.7575,3.2619
32.6608,0.6615,2.8484
32.6610,0.618,2.6622
32.6612,0.6146,2.6477
32.6614,0.5989,2.5789
32.6616,0.6073,2.6138
32.6618,0.6639,2.8574
32.6620,0.6338,2.7316
32.6622,0.5696,2.4552
32.6624,0.6388,2.7482
32.6626,0.6837,2.9412
32.6628,0.678,2.9169
32.6630,0.693,2.9828
32.6632,0.6812,2.9317
32.6634,0.6063,2.6109
32.6636,0.6147,2.6458
32.6638,0.6741,2.9039
32.6640,0.6692,2.8774
32.6642,0.6982,2.9994
32.6644,0.7598,3.2672
32.6646,0.7688,3.3043
32.6648,0.7771,3.3383
32.6650,0.7367,3.1677
32.6652,0.7511,3.2325
32.6654,0.6877,2.9642
32.6656,0.6278,2.702
32.6658,0.6662,2.8685
32.6660,0.6489,2.7942
32.6662,0.659,2.8375
32.6664,0.6526,2.8063
32.6666,0.6862,2.952
32.6668,0.702,3.0187
32.6670,0.6611,2.8508
32.6672,0.6072,2.6181
32.6674,0.549,2.3674
32.6676,0.5143,2.2195
32.6678,0.5247,2.2624
32.6680,0.5139,2.2169
32.6682,0.5485,2.362
32.6684,0.5948,2.5601
32.6686,0.6424,2.7689
32.6688,0.5735,2.4752
32.6690,0.5069,2.189
32.6692,0.506,2.1828
32.6694,0.4796,2.07
32.6696,0.4479,1.9342
32.6698,0.4405,1.9021
32.6700,0.4386,1.893
32.6702,0.4392,1.8947
32.6704,0.4569,1.9712
32.6706,0.4495,1.941
32.6708,0.4808,2.0771
32.6710,0.4499,1.9416
32.6712,0.4378,1.8885
32.6714,0.4513,1.9478
32.6716,0.4439,1.9157
32.6718,0.4406,1.9
32.6720,0.5178,2.233
32.6722,0.4852,2.0943
32.6724,0.4491,1.9394
32.6726,0.4965,2.1409
32.6728,0.5132,2.2107
32.6730,0.5321,2.2924
32.6732,0.5819,2.5044
32.6734,0.611,2.6322
32.6736,0.5707,2.4587
32.6738,0.5687,2.4488
32.6740,0.5942,2.5587
32.6742,0.6044,2.6002
32.6744,0.6548,2.8142
32.6746,0.6948,2.9863
32.6748,0.7029,3.0251
32.6750,0.6683,2.8751
32.6752,0.6097,2.6266
32.6754,0.5545,2.3878
32.6756,0.5479,2.3584
32.6758,0.5604,2.4154
32.6760,0.5764,2.4818
32.6762,0.6355,2.7325
32.6764,0.6645,2.856
32.6766,0.6651,2.8625
32.6768,0.6527,2.8081
32.6770,0.6503,2.8056
32.6772,0.4794,2.068
32.6774,0.4708,2.0331
32.6776,0.4593,1.9816
32.6778,0.4539,1.9592
32.6780,0.4491,1.9376
32.6782,0.4596,1.9835
32.6784,0.4571,1.9708
32.6786,0.4479,1.9298
32.6788,0.5081,2.1911
32.6790,0.5129,2.2097
32.6792,0.5951,2.5624
32.6794,0.6135,2.6431
32.6796,0.5977,2.5737
32.6798,0.5791,2.4925
32.6800,0.6068,2.6105
32.6802,0.5774,2.4865
32.6804,0.5854,2.5217
32.6806,0.6065,2.6078
32.6808,0.6809,2.9266
32.6810,0.7015,3.0138
32.6812,0.7405,3.1827
32.6814,0.7455,3.2043
32.6816,0.7169,3.0826
32.6818,0.6717,2.8869
32.6820,0.6648,2.8588
32.6822,0.6382,2.7482
32.6824,0.5705,2.4611
32.6826,0.4696,2.0242
32.6828,0.4598,1.9827
32.6830,0.485,2.0913
32.6832,0.5121,2.2041
32.6834,0.5795,2.4906
32.6836,0.6336,2.7255
32.6838,0.6864,2.9544
32.6840,0.6755,2.9007
32.6842,0.7452,3.1998
32.6844,0.8007,3.4382
32.6846,0.8204,3.5193
32.6848,0.7597,3.2651
32.6850,0.7254,3.112
32.6852,0.8032,3.4458
32.6854,0.8256,3.5469
32.6856,0.7921,3.3948
32.6858,0.9121,3.9092
32.6860,0.9228,3.9568
32.6862,0.9128,3.9104
32.6864,0.9157,3.9228
32.6866,0.9364,4.0154
32.6868,0.9267,3.97
32.6870,0.9214,3.953
32.6872,0.8847,3.7956
32.6874,0.9105,3.9007
32.6876,0.9246,3.9663
32.6878,0.8647,3.7114
32.6880,0.8611,3.7011
32.6882,0.7724,3.3182
32.6884,0.7554,3.2466
32.6886,0.7253,3.1187
32.6888,0.7361,3.1666
32.6890,0.7551,3.2471
32.6892,0.7553,3.2431
32.6894,0.8116,3.4818
32.6896,0.863,3.7025
32.6898,0.8644,3.7064
32.6900,0.8747,3.7558
32.6902,0.8007,3.4366
32.6904,0.8535,3.663
32.6906,0.846,3.6328
32.6908,0.8093,3.4785
32.6910,0.8049,3.4514
32.6912,0.8765,3.7653
32.6914,0.8452,3.6275
32.6916,0.8388,3.6019
32.6918,0.8097,3.4736
32.6920,0.8795,3.7782
32.6922,0.8212,3.5295
32.6924,0.7819,3.3558
32.6926,0.8634,3.7075
32.6928,0.8521,3.6591
32.6930,0.8433,3.621
32.6932,0.8272,3.5553
32.6934,0.7635,3.2816
32.6936,0.7783,3.3466
32.6938,0.7729,3.3218
32.6940,0.7732,3.3203
32.6942,0.7839,3.3661
32.6944,0.8322,3.5786
32.6946,0.7922,3.4016
32.6948,0.818,3.5156
32.6950,0.8178,3.5151
32.6952,0.7705,3.3115
32.6954,0.7542,3.2429
32.6956,0.7612,3.2734
32.6958,0.7764,3.3337
32.6960,0.8296,3.5606
32.6962,0.8434,3.6215
32.6964,0.8499,3.651
32.6966,0.8495,3.6494
32.6968,0.813,3.4961
32.6970,0.765,3.2909
32.6972,0.7698,3.3115
32.6974,0.7917,3.398
32.6976,0.8395,3.6084
32.6978,0.821,3.5285
32.6980,0.7985,3.4321
32.6982,0.8117,3.4872
32.6984,0.7865,3.3821
32.6986,0.803,3.4512
32.6988,0.8117,3.4855
32.6990,0.8115,3.4861
32.6992,0.8024,3.4502
32.6994,0.7469,3.2055
32.6996,0.8302,3.5665
32.6998,0.8605,3.6968
32.7000,0.8898,3.8261
32.7002,0.788,3.3868
32.7004,0.7574,3.2614
32.7006,0.6843,2.9478
32.7008,0.6559,2.8228
32.7010,0.6505,2.7996
32.7012,0.6961,2.9962
32.7014,0.721,3.1073
32.7016,0.6581,2.8326
32.7018,0.6782,2.9161
32.7020,0.7364,3.1666
32.7022,0.762,3.2856
32.7024,0.608,2.6218
32.7026,0.5508,2.3751
32.7028,0.5449,2.3509
32.7030,0.5436,2.3463
32.7032,0.5611,2.4196
32.7034,0.5722,2.4683
32.7036,0.5457,2.354
32.7038,0.5469,2.357
32.7040,0.5475,2.3596
32.7042,0.553,2.3856
32.7044,0.552,2.3792
32.7046,0.5491,2.3679
32.7048,0.5491,2.3701
32.7050,0.5584,2.4066
32.7052,0.6853,2.9443
32.7054,0.78,3.3554
32.7056,0.7326,3.156
32.7058,0.6103,2.6304
32.7060,0.5716,2.4646
32.7062,0.5918,2.5508
32.7064,0.6734,2.8954
32.7066,0.722,3.1033
32.7068,0.7529,3.2358
32.7070,0.7746,3.3306
32.7072,0.7508,3.2315
32.7074,0.6744,2.9014
32.7076,0.6856,2.9467
32.7078,0.7563,3.2522
32.7080,0.759,3.2666
32.7082,0.6879,2.962
32.7084,0.6413,2.7578
32.7086,0.7666,3.292
32.7088,0.814,3.5018
32.7090,0.6604,2.8451
32.7092,0.6348,2.7345
32.7094,0.6379,2.7467
32.7096,0.6338,2.7291
32.7098,0.68,2.9265
32.7100,0.6782,2.9229
32.7102,0.6355,2.7351
32.7104,0.6461,2.781
32.7106,0.6743,2.9009
32.7108,0.6869,2.962
32.7110,0.5608,2.4181
32.7112,0.5641,2.4303
32.7114,0.5712,2.4653
32.7116,0.5583,2.4083
32.7118,0.5719,2.4604
32.7120,0.6364,2.7417
32.7122,0.6172,2.6579
32.7124,0.6789,2.9219
32.7126,0.6633,2.8521
32.7128,0.6931,2.9847
32.7130,0.6977,3.0029
32.7132,0.7182,3.0897
32.7134,0.6994,3.0087
32.7136,0.6395,2.7565
32.7138,0.6247,2.6886
32.7140,0.6801,2.923
32.7142,0.7461,3.2129
32.7144,0.6983,3.0041
32.7146,0.7495,3.2213
32.7148,0.7651,3.2914
32.7150,0.6931,2.9819
32.7152,0.6795,2.9258
32.7154,0.6259,2.6988
32.7156,0.5736,2.4722
32.7158,0.5724,2.4648
32.7160,0.6113,2.6296
32.7162,0.6755,2.9088
32.7164,0.6452,2.7782
32.7166,0.6525,2.8044
32.7168,0.7891,3.3882
32.7170,0.806,3.4689
32.7172,0.7111,3.0564
32.7174,0.7485,3.2142
32.7176,0.7971,3.4211
32.7178,0.8177,3.5129
32.7180,0.8355,3.5908
32.7182,0.8258,3.5441
32.7184,0.8578,3.6833
32.7186,0.8096,3.4795
32.7188,0.8461,3.6316
32.7190,0.8868,3.8043
32.7192,0.8867,3.8056
32.7194,0.8829,3.7931
32.7196,0.8798,3.7762
32.7198,0.8928,3.83
32.7200,0.8946,3.8413
32.7202,0.8382,3.5993
32.7204,0.8692,3.7322
32.7206,0.8821,3.7878
32.7208,0.8527,3.6599
32.7210,0.8832,3.7942
32.7212,0.8696,3.7377
32.7214,0.8314,3.5766
32.7216,0.7428,3.1955
32.7218,0.7566,3.2517
32.7220,0.7999,3.4378
32.7222,0.7641,3.2888
32.7224,0.7669,3.2961
32.7226,0.8207,3.5324
32.7228,0.6855,2.9503
32.7230,0.6252,2.6932
32.7232,0.6681,2.8741
32.7234,0.7608,3.2728
32.7236,0.7527,3.2353
32.7238,0.7541,3.25
32.7240,0.6599,2.843
32.7242,0.6302,2.7174
32.7244,0.6279,2.7076
32.7246,0.5973,2.571
32.7248,0.6609,2.8432
32.7250,0.7482,3.2172
32.7252,0.7079,3.0524
32.7254,0.5984,2.5792
32.7256,0.5985,2.5809
32.7258,0.5903,2.5429
32.7260,0.6295,2.713
32.7262,0.5863,2.5282
32.7264,0.5748,2.4774
32.7266,0.5722,2.466
32.7268,0.6017,2.5907
32.7270,0.6645,2.8679
32.7272,0.5428,2.3438
32.7274,0.5107,2.2009
32.7276,0.5964,2.5704
32.7278,0.6229,2.6846
32.7280,0.6044,2.605
32.7282,0.6205,2.673
32.7284,0.6083,2.6179
32.7286,0.658,2.8334
32.7288,0.6205,2.6755
32.7290,0.5267,2.2744
32.7292,0.5163,2.2293
32.7294,0.5268,2.2728
32.7296,0.4945,2.1331
32.7298,0.4849,2.0937
32.7300,0.4785,2.0663
32.7302,0.4772,2.0587
32.7304,0.5089,2.1952
32.7306,0.4959,2.1413
32.7308,0.4937,2.13
32.7310,0.5228,2.2542
32.7312,0.4706,2.033
32.7314,0.4137,1.7878
32.7316,0.3934,1.6979
32.7318,0.4356,1.88
32.7320,0.4448,1.9199
32.7322,0.4634,1.9992
32.7324,0.5262,2.2702
32.7326,0.5838,2.515
32.7328,0.5659,2.4392
32.7330,0.5704,2.4594
32.7332,0.5778,2.4869
32.7334,0.5991,2.5799
32.7336,0.5816,2.5045
32.7338,0.5664,2.4401
32.7340,0.6254,2.693
32.7342,0.6093,2.6274
32.7344,0.5348,2.3048
32.7346,0.538,2.3198
32.7348,0.5449,2.3465
32.7350,0.5646,2.4301
32.7352,0.6279,2.7038
32.7354,0.5991,2.5811
32.7356,0.5725,2.4664
32.7358,0.5707,2.4575
32.7360,0.6168,2.6583
32.7362,0.5851,2.5172
32.7364,0.6717,2.8923
32.7366,0.5657,2.4426
32.7368,0.4668,2.0146
32.7370,0.4635,1.9988
32.7372,0.4737,2.0437
32.7374,0.4625,1.996
32.7376,0.458,1.9777
32.7378,0.4547,1.9623
32.7380,0.4488,1.9361
32.7382,0.4457,1.9235
32.7384,0.4435,1.9142
32.7386,0.4451,1.9183
32.7388,0.4489,1.9357
32.7390,0.4505,1.9451
32.7392,0.4667,2.0122
32.7394,0.5074,2.188
32.7396,0.4577,1.9753
32.7398,0.4494,1.9387
32.7400,0.4476,1.9309
32.7402,0.4477,1.9314
32.7404,0.4694,2.0222
32.7406,0.5264,2.2644
32.7408,0.5802,2.4995
32.7410,0.5771,2.4861
32.7412,0.5806,2.4999
32.7414,0.5533,2.3838
32.7416,0.5544,2.3895
32.7418,0.5356,2.3106
32.7420,0.4699,2.0271
32.7422,0.4421,1.9062
32.7424,0.4229,1.8243
32.7426,0.4791,2.066
32.7428,0.5579,2.4034
32.7430,0.5037,2.171
32.7432,0.4834,2.0817
32.7434,0.5163,2.2252
32.7436,0.4899,2.1105
32.7438,0.5111,2.1989
32.7440,0.5746,2.4764
32.7442,0.5114,2.203
32.7444,0.522,2.249
32.7446,0.5057,2.1797
32.7448,0.5586,2.4032
32.7450,0.6403,2.7519
32.7452,0.6599,2.8403
32.7454,0.6062,2.6104
32.7456,0.5833,2.5129
32.7458,0.5467,2.3554
32.7460,0.5385,2.3208
32.7462,0.5447,2.3477
32.7464,0.5246,2.2598
32.7466,0.5309,2.2861
32.7468,0.6078,2.6134
32.7470,0.6288,2.7062
32.7472,0.6424,2.7611
32.7474,0.7096,3.0455
32.7476,0.7153,3.0745
32.7478,0.6901,2.9745
32.7480,0.5312,2.2904
32.7482,0.4659,2.01
32.7484,0.4616,1.9914
32.7486,0.4632,1.9972
32.7488,0.4668,2.0118
32.7490,0.475,2.0474
32.7492,0.4767,2.0556
32.7494,0.5012,2.1601
32.7496,0.5399,2.3227
32.7498,0.5971,2.5723
32.7500,0.5662,2.4391
32.7502,0.5539,2.383
32.7504,0.6419,2.7539
32.7506,0.7274,3.1222
32.7508,0.7483,3.2117
32.7510,0.7765,3.3295
32.7512,0.7918,3.4033
32.7514,0.7701,3.3054
32.7516,0.8478,3.632
32.7518,0.8967,3.8416
32.7520,0.9058,3.8788
32.7522,0.9279,3.977
32.7524,0.918,3.9344
32.7526,0.9067,3.8861
32.7528,0.9175,3.9341
32.7530,0.8928,3.8282
32.7532,0.9042,3.8735
32.7534,0.9192,3.9358
32.7536,0.9606,4.1192
32.7538,0.9066,3.8874
32.7540,0.9159,3.9275
32.7542,0.9134,3.9167
32.7544,0.8343,3.584
32.7546,0.7853,3.3691
32.7548,0.8379,3.5961
32.7550,0.8465,3.6315
32.7552,0.8722,3.7381
32.7554,0.8501,3.6469
32.7556,0.8435,3.6203
32.7558,0.8441,3.6229
32.7560,0.824,3.5397
32.7562,0.7656,3.2889
32.7564,0.7868,3.3785
32.7566,0.8434,3.613
32.7568,0.9536,4.087
32.7570,0.9212,3.9538
32.7572,0.8952,3.8403
32.7574,0.8662,3.7141
32.7576,0.9458,4.0536
32.7578,0.9728,4.1712
32.7580,0.9617,4.1258
32.7582,0.8722,3.7415
32.7584,0.8461,3.635
32.7586,0.7804,3.3543
32.7588,0.7535,3.2353
32.7590,0.785,3.3739
32.7592,0.7843,3.3708
32.7594,0.7753,3.3321
32.7596,0.7823,3.3625
32.7598,0.7803,3.3553
32.7600,0.7748,3.3301
32.7602,0.7784,3.3424
32.7604,0.7636,3.2852
32.7606,0.7405,3.1827
32.7608,0.7796,3.3507
32.7610,0.7621,3.2754
32.7612,0.771,3.3136
32.7614,0.7789,3.3476
32.7616,0.7933,3.4031
32.7618,0.7979,3.4311
32.7620,0.7312,3.1469
32.7622,0.7003,3.0143
32.7624,0.6681,2.8754
32.7626,0.6627,2.8535
32.7628,0.6629,2.8546
32.7630,0.6614,2.8465
32.7632,0.6604,2.8411
32.7634,0.6583,2.8305
32.7636,0.6711,2.8883
32.7638,0.6707,2.8895
32.7640,0.6876,2.9527
32.7642,0.8192,3.5191
32.7644,0.8079,3.4707
32.7646,0.8567,3.6769
32.7648,0.9001,3.8596
32.7650,0.8437,3.6264
32.7652,0.8393,3.6056
32.7654,0.8248,3.5466
32.7656,0.8163,3.5051
32.7658,0.8536,3.6618
32.7660,0.8859,3.7972
32.7662,0.956,4.1049
32.7664,0.9093,3.9028
32.7666,0.8953,3.8426
32.7668,0.8749,3.7604
32.7670,0.8496,3.6482
32.7672,0.8952,3.8421
32.7674,0.9147,3.926
32.7676,0.8599,3.696
32.7678,0.7786,3.3481
32.7680,0.7603,3.2692
32.7682,0.7062,3.0424
32.7684,0.658,2.8347
32.7686,0.6304,2.7184
32.7688,0.5839,2.5167
32.7690,0.5743,2.4765
32.7692,0.5885,2.5387
32.7694,0.5897,2.5415
32.7696,0.6424,2.7676
32.7698,0.5969,2.5761
32.7700,0.4969,2.1455
32.7702,0.4888,2.1108
32.7704,0.5085,2.1937
32.7706,0.5354,2.3085
32.7708,0.5678,2.4474
32.7710,0.5334,2.3002
32.7712,0.5802,2.496
32.7714,0.6484,2.7973
32.7716,0.5391,2.3202
32.7718,0.6199,2.6705
32.7720,0.6309,2.7192
32.7722,0.6241,2.6848
32.7724,0.6557,2.8236
32.7726,0.6623,2.8493
32.7728,0.6746,2.902
32.7730,0.6831,2.9413
32.7732,0.6256,2.694
32.7734,0.625,2.6927
32.7736,0.6345,2.7335
32.7738,0.6663,2.865
32.7740,0.7291,3.1337
32.7742,0.7333,3.1518
32.7744,0.755,3.2466
32.7746,0.7567,3.2568
32.7748,0.7147,3.0776
32.7750,0.6448,2.7805
32.7752,0.552,2.3825
32.7754,0.5159,2.2257
32.7756,0.5139,2.2159
32.7758,0.5114,2.2061
32.7760,0.5131,2.2133
32.7762,0.5133,2.2133
32.7764,0.5331,2.2976
32.7766,0.5419,2.338
32.7768,0.5566,2.3988
32.7770,0.5693,2.4548
32.7772,0.5442,2.3456
32.7774,0.57,2.4567
32.7776,0.5495,2.3673
32.7778,0.5585,2.406
32.7780,0.5646,2.4357
32.7782,0.5645,2.4341
32.7784,0.5574,2.4058
32.7786,0.5272,2.2712
32.7788,0.5342,2.3043
32.7790,0.5326,2.2966
32.7792,0.5306,2.2856
32.7794,0.5542,2.3874
32.7796,0.5851,2.5195
32.7798,0.6061,2.6111
32.7800,0.6575,2.83
32.7802,0.678,2.9169
32.7804,0.6604,2.8398
32.7806,0.7144,3.0732
32.7808,0.6807,2.9296
32.7810,0.666,2.868
32.7812,0.6543,2.8148
32.7814,0.6589,2.8357
32.7816,0.6634,2.8566
32.7818,0.6219,2.6805
32.7820,0.5997,2.5837
32.7822,0.5907,2.5426
32.7824,0.6218,2.675
32.7826,0.6489,2.7903
32.7828,0.6995,3.0106
32.7830,0.6784,2.9185
32.7832,0.6898,2.9633
32.7834,0.7611,3.2728
32.7836,0.7316,3.1489
32.7838,0.699,3.0058
32.7840,0.7377,3.1694
32.7842,0.7825,3.3599
32.7844,0.7731,3.3259
32.7846,0.686,2.9482
32.7848,0.8231,3.5345
32.7850,0.8707,3.7389
32.7852,0.8226,3.5308
32.7854,0.8273,3.5508
32.7856,0.8511,3.651
32.7858,0.8445,3.6261
32.7860,0.8428,3.6155
32.7862,0.8443,3.6239
32.7864,0.8653,3.7105
32.7866,0.9609,4.1222
32.7868,0.8877,3.8102
32.7870,0.8483,3.6426
32.7872,0.7837,3.3713
32.7874,0.6827,2.9384
32.7876,0.661,2.8437
32.7878,0.7027,3.0218
32.7880,0.7669,3.2991
32.7882,0.7672,3.2976
32.7884,0.7753,3.3306
32.7886,0.8452,3.6241
32.7888,0.9043,3.8776
32.7890,0.8975,3.8501
32.7892,0.8636,3.7068
32.7894,0.905,3.8789
32.7896,0.9861,4.2302
32.7898,0.8939,3.8418
32.7900,0.8822,3.7848
32.7902,0.9103,3.9051
32.7904,0.87,3.734
32.7906,0.8747,3.7576
32.7908,0.8665,3.7174
32.7910,0.9755,4.183
32.7912,0.9454,4.0596
32.7914,0.8605,3.7003
32.7916,0.8162,3.5013
32.7918,0.8628,3.7032
32.7920,0.8668,3.7236
32.7922,0.8475,3.6424
32.7924,0.8449,3.6349
32.7926,0.8041,3.4606
32.7928,0.7483,3.2192
32.7930,0.7274,3.1309
32.7932,0.726,3.1232
32.7934,0.7295,3.1353
32.7936,0.7719,3.3193
32.7938,0.7572,3.2573
32.7940,0.7626,3.2775
32.7942,0.7708,3.3177
32.7944,0.7883,3.3899
32.7946,0.7517,3.2321
32.7948,0.7471,3.2155
32.7950,0.7514,3.2371
32.7952,0.6813,2.9349
32.7954,0.6768,2.9131
32.7956,0.6723,2.8962
32.7958,0.6777,2.9181
32.7960,0.7151,3.0749
32.7962,0.7987,3.4342
32.7964,0.7712,3.3162
32.7966,0.7664,3.2986
32.7968,0.7188,3.0952
32.7970,0.7081,3.045
32.7972,0.7588,3.2615
32.7974,0.8063,3.4688
32.7976,0.7714,3.3187
32.7978,0.811,3.4873
32.7980,0.7819,3.362
32.7982,0.747,3.2135
32.7984,0.658,2.836
32.7986,0.6222,2.684
32.7988,0.6176,2.6631
32.7990,0.6141,2.6457
32.7992,0.6238,2.6888
32.7994,0.6272,2.7032
32.7996,0.6238,2.6875
32.7998,0.6152,2.6491
32.8000,0.6067,2.6149
32.8002,0.6286,2.7082
32.8004,0.6382,2.752
32.8006,0.578,2.4948
32.8008,0.5261,2.2676
32.8010,0.658,2.8321
32.8012,0.7097,3.0559
32.8014,0.6519,2.8123
32.8016,0.52,2.2475
32.8018,0.4652,2.0079
32.8020,0.4596,1.9835
32.8022,0.4607,1.9891
32.8024,0.4641,2.0023
32.8026,0.5007,2.163
32.8028,0.4593,1.9834
32.8030,0.4537,1.9582
32.8032,0.4543,1.9617
32.8034,0.4569,1.974
32.8036,0.4554,1.9654
32.8038,0.4549,1.9634
32.8040,0.4554,1.9672
32.8042,0.4577,1.9743
32.8044,0.5536,2.387
32.8046,0.5508,2.3773
32.8048,0.4779,2.0637
32.8050,0.5098,2.1953
32.8052,0.6258,2.692
32.8054,0.6842,2.9446
32.8056,0.6648,2.8668
32.8058,0.5726,2.4704
32.8060,0.5382,2.3198
32.8062,0.5378,2.3199
32.8064,0.5728,2.4675
32.8066,0.6238,2.685
32.8068,0.6403,2.7519
32.8070,0.7237,3.1134
32.8072,0.6929,2.9781
32.8074,0.7297,3.1407
32.8076,0.7055,3.0336
32.8078,0.7514,3.2281
32.8080,0.7497,3.2269
32.8082,0.6742,2.9031
32.8084,0.6081,2.6186
32.8086,0.5928,2.5537
32.8088,0.5825,2.5093
32.8090,0.603,2.6
32.8092,0.5825,2.5105
32.8094,0.5872,2.5295
32.8096,0.5819,2.5067
32.8098,0.6043,2.6033
32.8100,0.6123,2.6318
32.8102,0.6906,2.9697
32.8104,0.6883,2.9626
32.8106,0.6904,2.9687
32.8108,0.7428,3.1969
32.8110,0.6427,2.7673
32.8112,0.714,3.0674
32.8114,0.8084,3.4727
32.8116,0.752,3.2322
32.8118,0.7024,3.0202
32.8120,0.7019,3.0168
32.8122,0.7136,3.0701
32.8124,0.7286,3.136
32.8126,0.7581,3.2554
32.8128,0.7641,3.2827
32.8130,0.768,3.3022
32.8132,0.777,3.3393
32.8134,0.777,3.3378
32.8136,0.7917,3.3996
32.8138,0.8068,3.4661
32.8140,0.8073,3.4713
32.8142,0.7273,3.1304
32.8144,0.7559,3.2456
32.8146,0.8162,3.5046
32.8148,0.788,3.3883
32.8150,0.7478,3.2111
32.8152,0.7608,3.2728
32.8154,0.72,3.0989
32.8156,0.7048,3.0291
32.8158,0.7983,3.4279
32.8160,0.8386,3.6042
32.8162,0.8148,3.5022
32.8164,0.7912,3.3975
32.8166,0.8075,3.4675
32.8168,0.8736,3.7477
32.8170,0.9109,3.9077
32.8172,0.9283,3.986
32.8174,0.8753,3.7619
32.8176,0.8208,3.5312
32.8178,0.67,2.8864
32.8180,0.6107,2.6319
32.8182,0.6527,2.8042
32.8184,0.853,3.6558
32.8186,0.9301,3.9881
32.8188,0.8964,3.849
32.8190,0.8927,3.8331
32.8192,0.8743,3.7543
32.8194,0.8746,3.7553
32.8196,0.879,3.7744
32.8198,0.8511,3.6544
32.8200,0.846,3.6311
32.8202,0.8283,3.5616
32.8204,0.8662,3.7245
32.8206,0.8139,3.4981
32.8208,0.823,3.5356
32.8210,0.8229,3.5351
32.8212,0.7887,3.3899
32.8214,0.8237,3.5403
32.8216,0.8109,3.4771
32.8218,0.9259,3.9701
32.8220,0.9291,3.9877
32.8222,0.9256,3.9747
32.8224,0.9116,3.9108
32.8226,0.9406,4.0296
32.8228,0.9773,4.1985
32.8230,0.9002,3.8709
32.8232,0.8357,3.5885
32.8234,0.9267,3.9756
32.8236,0.9033,3.8753
32.8238,0.9656,4.1442
32.8240,0.987,4.2323
32.8242,0.9795,4.2019
32.8244,0.9527,4.0796
32.8246,1.0424,4.474
32.8248,0.9212,3.9611
32.8250,0.8248,3.5433
32.8252,0.8939,3.8382
32.8254,0.9266,3.9806
32.8256,0.856,3.6807
32.8258,0.8325,3.5763
32.8260,0.8642,3.7111
32.8262,0.8254,3.5492
32.8264,0.841,3.6145
32.8266,0.8952,3.8439
32.8268,0.9229,3.9665
32.8270,0.9021,3.8756
32.8272,0.9099,3.9036
32.8274,0.934,4.0107
32.8276,0.92,3.9468
32.8278,0.9422,4.0457
32.8280,0.9538,4.0995
32.8282,0.8978,3.857
32.8284,0.8297,3.5711
32.8286,0.7391,3.1795
32.8288,0.8042,3.4595
32.8290,0.8152,3.5037
32.8292,0.8329,3.5783
32.8294,0.8669,3.7293
32.8296,0.805,3.4632
32.8298,0.7704,3.3156
32.8300,0.8056,3.4673
32.8302,0.7853,3.3801
32.8304,0.8017,3.4487
32.8306,0.77,3.311
32.8308,0.7642,3.2847
32.8310,0.8368,3.5932
32.8312,0.8564,3.6844
32.8314,0.806,3.4657
32.8316,0.8284,3.5637
32.8318,0.7965,3.4297
32.8320,0.7803,3.36
32.8322,0.7847,3.3713
32.8324,0.8762,3.7625
32.8326,0.9531,4.0907
32.8328,0.9729,4.1756
32.8330,0.9621,4.1312
32.8332,0.9617,4.1316
32.8334,0.9358,4.0184
32.8336,0.9093,3.9028
32.8338,0.9122,3.917
32.8340,0.9681,4.1472
32.8342,1.0392,4.4518
32.8344,1.1799,5.0643
32.8346,1.0614,4.5532
32.8348,1.0457,4.4817
32.8350,0.9632,4.132
32.8352,0.8708,3.7429
32.8354,0.866,3.7222
32.8356,0.8755,3.7647
32.8358,0.8112,3.4916
32.8360,0.7587,3.2686
32.8362,0.7724,3.3229
32.8364,0.8122,3.4876
32.8366,0.7987,3.4374
32.8368,0.8062,3.4732
32.8370,0.824,3.5381
32.8372,0.813,3.4961
32.8374,0.7905,3.4055
32.8376,0.7762,3.344
32.8378,0.7814,3.3678
32.8380,0.5808,2.5067
32.8382,0.5997,2.5873
32.8384,0.6192,2.6698
32.8386,0.5798,2.5026
32.8388,0.575,2.483
32.8390,0.5639,2.4349
32.8392,0.5641,2.437
32.8394,0.5632,2.4318
32.8396,0.5609,2.4208
32.8398,0.5626,2.4292
32.8400,0.5725,2.4687
32.8402,0.6863,2.9525
32.8404,0.7451,3.2067
32.8406,0.7304,3.1452
32.8408,0.7717,3.3229
32.8410,0.7664,3.3017
32.8412,0.6431,2.7745
32.8414,0.6039,2.6042
32.8416,0.6009,2.5925
32.8418,0.5656,2.441
32.8420,0.5625,2.4275
32.8422,0.5718,2.4656
32.8424,0.6036,2.605
32.8426,0.5672,2.4494
32.8428,0.5626,2.4292
32.8430,0.5641,2.4337
32.8432,0.5708,2.4615
32.8434,0.5675,2.4481
32.8436,0.5651,2.4378
32.8438,0.5619,2.425
32.8440,0.5726,2.4658
32.8442,0.7413,3.1848
32.8444,0.8351,3.591
32.8446,0.7922,3.4111
32.8448,0.7503,3.2279
32.8450,0.7638,3.2872
32.8452,0.7605,3.2703
32.8454,0.8049,3.461
32.8456,0.7815,3.3667
32.8458,0.7599,3.2677
32.8460,0.8157,3.5091
32.8462,0.8216,3.5311
32.8464,0.8166,3.5099
32.8466,0.8134,3.5009
32.8468,0.7764,3.3383
32.8470,0.8338,3.5836
32.8472,0.7662,3.296
32.8474,0.7423,3.1949
32.8476,0.7448,3.2102
32.8478,0.7387,3.1764
32.8480,0.787,3.3858
32.8482,0.7292,3.1386
32.8484,0.7418,3.1913
32.8486,0.7572,3.2649
32.8488,0.691,2.9768
32.8490,0.6815,2.9373
32.8492,0.6532,2.8154
32.8494,0.6597,2.8472
32.8496,0.5831,2.5131
32.8498,0.7172,3.0827
32.8500,0.7357,3.165
32.8502,0.7395,3.183
32.8504,0.6963,2.9981
32.8506,0.7863,3.3748
32.8508,0.975,4.179
32.8510,1.0538,4.5187
32.8512,1.0251,4.3938
32.8514,1.002,4.2906
32.8516,1.032,4.4272
32.8518,1.009,4.3325
32.8520,0.9329,4.0042
32.8522,1.0351,4.4385
32.8524,1.028,4.4102
32.8526,1.012,4.3433
32.8528,1.0214,4.3779
32.8530,1.0298,4.4138
32.8532,1.0226,4.3871
32.8534,0.9795,4.2058
32.8536,0.9555,4.1048
32.8538,0.9834,4.2169
32.8540,0.9891,4.247
32.8542,0.9732,4.1771
32.8544,0.9799,4.2
32.8546,0.9642,4.1404
32.8548,0.9218,3.9563
32.8550,0.9557,4.1039
32.8552,0.9827,4.2178
32.8554,1.0307,4.4195
32.8556,0.9707,4.1682
32.8558,0.8729,3.7481
32.8560,0.9278,3.9821
32.8562,0.9552,4.1037
32.8564,0.9055,3.8954
32.8566,0.8585,3.6932
32.8568,0.9141,3.9234
32.8570,0.9976,4.2796
32.8572,0.9849,4.2329
32.8574,0.8554,3.6798
32.8576,0.8847,3.8044
32.8578,0.8765,3.7688
32.8580,0.8453,3.6348
32.8582,0.8758,3.7675
32.8584,0.8289,3.5691
32.8586,0.8325,3.5796
32.8588,0.8507,3.6563
32.8590,0.8846,3.8039
32.8592,0.8429,3.6278
32.8594,0.7841,3.3781
32.8596,0.7616,3.278
32.8598,0.7978,3.4338
32.8600,0.7934,3.4163
32.8602,0.8021,3.454
32.8604,0.7202,3.1014
32.8606,0.7193,3.0958
32.8608,0.7966,3.4271
32.8610,0.7846,3.3786
32.8612,0.7351,3.1683
32.8614,0.6762,2.9173
32.8616,0.6641,2.865
32.8618,0.6535,2.8177
32.8620,0.6735,2.8987
32.8622,0.8099,3.4843
32.8624,0.8273,3.5591
32.8626,0.8127,3.4962
32.8628,0.7966,3.4302
32.8630,0.7484,3.2242
32.8632,0.7465,3.2159
32.8634,0.7559,3.2532
32.8636,0.7489,3.2263
32.8638,0.7927,3.4116
32.8640,0.79,3.3939
32.8642,0.8759,3.7698
32.8644,0.7465,3.2204
32.8646,0.6819,2.9389
32.8648,0.7199,3.1027
32.8650,0.7163,3.0815
32.8652,0.7741,3.3316
32.8654,0.817,3.5147
32.8656,0.8449,3.6383
32.8658,0.7424,3.1984
32.8660,0.6783,2.9234
32.8662,0.715,3.0844
32.8664,0.6692,2.8854
32.8666,0.6834,2.9429
32.8668,0.7351,3.1668
32.8670,0.6966,3.001
32.8672,0.7596,3.2646
32.8674,0.8099,3.4827
32.8676,0.7996,3.4431
32.8678,0.6967,3.0085
32.8680,0.5863,2.5317
32.8682,0.5653,2.44
32.8684,0.5592,2.4158
32.8686,0.5586,2.4121
32.8688,0.5681,2.4485
32.8690,0.6491,2.7965
32.8692,0.6804,2.934
32.8694,0.7071,3.0516
32.8696,0.5827,2.5173
32.8698,0.5021,2.1713
32.8700,0.4936,2.1325
32.8702,0.5109,2.205
32.8704,0.5099,2.2029
32.8706,0.5005,2.161
32.8708,0.502,2.1657
32.8710,0.517,2.2335
32.8712,0.5252,2.2666
32.8714,0.6514,2.805
32.8716,0.7309,3.1429
32.8718,0.7513,3.2336
32.8720,0.7307,3.1448
32.8722,0.7436,3.2005
32.8724,0.7416,3.1903
32.8726,0.756,3.2507
32.8728,0.7913,3.4044
32.8730,0.8398,3.6127
32.8732,0.7928,3.4137
32.8734,0.7206,3.1015
32.8736,0.7759,3.3347
32.8738,0.8226,3.5373
32.8740,0.8472,3.6447
32.8742,0.7991,3.4379
32.8744,0.8171,3.5153
32.8746,0.8005,3.4436
32.8748,0.7434,3.201
32.8750,0.7222,3.1111
32.8752,0.7151,3.0749
32.8754,0.7612,3.2749
32.8756,0.7425,3.1959
32.8758,0.696,2.9999
32.8760,0.6519,2.8084
32.8762,0.691,2.9781
32.8764,0.6659,2.8701
32.8766,0.7024,3.023
32.8768,0.7313,3.1503
32.8770,0.6756,2.912
32.8772,0.6514,2.8037
32.8774,0.7226,3.1102
32.8776,0.6993,3.011
32.8778,0.6614,2.8518
32.8780,0.6547,2.8255
32.8782,0.5724,2.4705
32.8784,0.5553,2.3954
32.8786,0.5507,2.3757
32.8788,0.552,2.3825
32.8790,0.5484,2.367
32.8792,0.5531,2.3861
32.8794,0.5851,2.5218
32.8796,0.5899,2.5449
32.8798,0.5324,2.2987
32.8800,0.5314,2.2946
32.8802,0.5336,2.3039
32.8804,0.5322,2.295
32.8806,0.5302,2.2894
32.8808,0.5397,2.3314
32.8810,0.537,2.3178
32.8812,0.5448,2.3493
32.8814,0.543,2.3459
32.8816,0.5357,2.3132
32.8818,0.5453,2.3546
32.8820,0.543,2.3426
32.8822,0.5609,2.4163
32.8824,0.6017,2.5895
32.8826,0.6627,2.8535
32.8828,0.6563,2.8275
32.8830,0.7206,3.0986
32.8832,0.7796,3.3444
32.8834,0.8719,3.7492
32.8836,0.8013,3.444
32.8838,0.7941,3.413
32.8840,0.7753,3.3352
32.8842,0.8048,3.4573
32.8844,0.8267,3.5598
32.8846,0.7181,3.0849
32.8848,0.8606,3.6939
32.8850,0.8999,3.8622
32.8852,0.9223,3.9584
32.8854,0.9939,4.2577
32.8856,1.0163,4.3537
32.8858,1.0323,4.4308
32.8860,0.9623,4.1322
32.8862,0.8823,3.7906
32.8864,0.8999,3.8622
32.8866,0.975,4.179
32.8868,0.9592,4.1188
32.8870,0.8768,3.7686
32.8872,0.8458,3.6301
32.8874,0.8793,3.7812
32.8876,0.7934,3.4179
32.8878,0.7477,3.2151
32.8880,0.8005,3.4372
32.8882,0.8901,3.824
32.8884,0.846,3.6379
32.8886,0.8108,3.4814
32.8888,0.8684,3.7256
32.8890,0.9127,3.9227
32.8892,0.8473,3.6435
32.8894,0.8169,3.5142
32.8896,0.8282,3.5611
32.8898,0.7711,3.3187
32.8900,0.7278,3.131
32.8902,0.7789,3.3445
32.8904,0.8999,3.8676
32.8906,0.8181,3.5243
32.8908,0.7477,3.2151
32.8910,0.8238,3.5375
32.8912,0.8014,3.4525
32.8914,0.6439,2.7763
32.8916,0.6235,2.6847
32.8918,0.7213,3.1031
32.8920,0.8073,3.4681
32.8922,0.834,3.588
32.8924,0.7447,3.2097
32.8926,0.6786,2.9222
32.8928,0.7225,3.1097
32.8930,0.7906,3.3981
32.8932,0.8065,3.4693
32.8934,0.7945,3.4194
32.8936,0.7476,3.2191
32.8938,0.7001,3.0132
32.8940,0.7361,3.1666
32.8942,0.8091,3.4823
32.8944,0.7829,3.3714
32.8946,0.746,3.2109
32.8948,0.7127,3.0674
32.8950,0.7471,3.211
32.8952,0.8003,3.4462
32.8954,0.7138,3.0792
32.8956,0.6169,2.6588
32.8958,0.6543,2.8187
32.8960,0.6407,2.7629
32.8962,0.6555,2.8239
32.8964,0.6374,2.7484
32.8966,0.6041,2.6023
32.8968,0.6107,2.6331
32.8970,0.6138,2.6453
32.8972,0.6356,2.7394
32.8974,0.6901,2.9759
32.8976,0.6194,2.6746
32.8978,0.5279,2.2785
32.8980,0.5129,2.2138
32.8982,0.5894,2.5404
32.8984,0.5854,2.5264
32.8986,0.5814,2.5093
32.8988,0.5766,2.4886
32.8990,0.575,2.4807
32.8992,0.5821,2.5112
32.8994,0.5784,2.4941
32.8996,0.5771,2.4872
32.8998,0.5724,2.4705
32.9000,0.5699,2.4585
32.9002,0.5677,2.4492
32.9004,0.5652,2.4361
32.9006,0.5648,2.4356
32.9008,0.6244,2.6913
32.9010,0.6618,2.8512
32.9012,0.6659,2.8675
32.9014,0.6467,2.7888
32.9016,0.5735,2.4729
32.9018,0.5658,2.4409
32.9020,0.5669,2.4444
32.9022,0.5705,2.4611
32.9024,0.5694,2.4553
32.9026,0.5659,2.4414
32.9028,0.5627,2.4275
32.9030,0.5664,2.4401
32.9032,0.6096,2.6248
32.9034,0.6379,2.7518
32.9036,0.5753,2.4806
32.9038,0.5653,2.4388
32.9040,0.5708,2.4626
32.9042,0.5701,2.4595
32.9044,0.566,2.4419
32.9046,0.5638,2.431
32.9048,0.5665,2.4417
32.9050,0.5695,2.4569
32.9052,0.5692,2.4542
32.9054,0.5696,2.4552
32.9056,0.5872,2.5271
32.9058,0.7043,3.0257
32.9060,0.8014,3.4461
32.9062,0.677,2.919
32.9064,0.5786,2.4939
32.9066,0.597,2.5682
32.9068,0.6801,2.923
32.9070,0.7726,3.3177
32.9072,0.8445,3.6295
32.9074,0.822,3.538
32.9076,0.733,3.1546
32.9078,0.6771,2.9141
32.9080,0.6421,2.7635
32.9082,0.6675,2.8769
32.9084,0.5936,2.5609
32.9086,0.5683,2.454
32.9088,0.5596,2.4129
32.9090,0.6141,2.6432
32.9092,0.6339,2.7296
32.9094,0.6147,2.6507
32.9096,0.6025,2.5956
32.9098,0.6518,2.8066
32.9100,0.6368,2.7433
32.9102,0.6633,2.8561
32.9104,0.6983,3.0069
32.9106,0.7069,3.0412
32.9108,0.7304,3.1438
32.9110,0.673,2.8966
32.9112,0.6999,3.0108
32.9114,0.7363,3.1661
32.9116,0.744,3.2006
32.9118,0.7829,3.3635
32.9120,0.8434,3.6215
32.9122,0.8359,3.5895
32.9124,0.8302,3.5648
32.9126,0.7692,3.3089
32.9128,0.7129,3.067
32.9130,0.7048,3.0333
32.9132,0.7548,3.244
32.9134,0.7783,3.3466
32.9136,0.7417,3.1908
32.9138,0.7519,3.2362
32.9140,0.7469,3.2085
32.9142,0.7798,3.3517
32.9144,0.7533,3.2408
32.9146,0.6617,2.856
32.9148,0.5436,2.3441
32.9150,0.5346,2.3054
32.9152,0.5308,2.2899
32.9154,0.555,2.3955
32.9156,0.5623,2.4214
32.9158,0.6862,2.9479
32.9160,0.7387,3.1779
32.9162,0.7122,3.0625
32.9164,0.7163,3.0843
32.9166,0.7304,3.1438
32.9168,0.7572,3.2543
32.9170,0.7918,3.4017
32.9172,0.8377,3.6006
32.9174,0.8403,3.603
32.9176,0.879,3.7709
32.9178,0.926,3.9688
32.9180,0.9904,4.2428
32.9182,0.988,4.2365
32.9184,0.9925,4.26
32.9186,0.9244,3.9677
32.9188,0.8855,3.8057
32.9190,0.837,3.5959
32.9192,0.8389,3.6041
32.9194,0.8518,3.6558
32.9196,0.8503,3.6513
32.9198,0.8445,3.6278
32.9200,0.7935,3.4152
32.9202,0.7566,3.2487
32.9204,0.8862,3.7982
32.9206,0.967,4.1445
32.9208,1.0169,4.3543
32.9210,1.0809,4.6263
32.9212,1.1052,4.7371
32.9214,1.053,4.5088
32.9216,1.058,4.5409
32.9218,0.9428,4.0502
32.9220,0.8892,3.8181
32.9222,0.9171,3.9363
32.9224,0.9114,3.9152
32.9226,0.9086,3.9034
32.9228,0.9291,3.9896
32.9230,0.9305,3.9939
32.9232,0.9717,4.1685
32.9234,0.9467,4.0596
32.9236,0.9664,4.1458
32.9238,1.0019,4.2961
32.9240,0.9674,4.1674
32.9242,0.7644,3.2914
32.9244,0.7451,3.2082
32.9246,0.7332,3.1586
32.9248,0.7626,3.2775
32.9250,0.8526,3.6628
32.9252,0.9283,3.9916
32.9254,0.8295,3.5651
32.9256,0.8365,3.5988
32.9258,0.8435,3.627
32.9260,0.847,3.6437
32.9262,0.8201,3.5298
32.9264,0.7478,3.2171
32.9266,0.7001,3.0146
32.9268,0.7454,3.2053
32.9270,0.8127,3.4978
32.9272,0.8068,3.4757
32.9274,0.7023,3.0267
32.9276,0.6385,2.7518
32.9278,0.634,2.734
32.9280,0.6458,2.7833
32.9282,0.6868,2.9546
32.9284,0.7443,3.2036
32.9286,0.7664,3.294
32.9288,0.7863,3.3858
32.9290,0.7361,3.1651
32.9292,0.8053,3.4658
32.9294,0.7841,3.3765
32.9296,0.7591,3.2641
32.9298,0.7506,3.2335
32.9300,0.7298,3.1427
32.9302,0.74,3.1791
32.9304,0.8497,3.6488
32.9306,0.8784,3.7788
32.9308,0.8136,3.5084
32.9310,0.719,3.0962
32.9312,0.741,3.1862
32.9314,0.7434,3.1995
32.9316,0.794,3.4157
32.9318,0.8319,3.5687
32.9320,0.8563,3.6822
32.9322,0.8082,3.4755
32.9324,0.8636,3.7154
32.9326,0.7917,3.4107
32.9328,0.7145,3.0794
32.9330,0.6393,2.7541
32.9332,0.6654,2.8654
32.9334,0.6783,2.9261
32.9336,0.6031,2.6006
32.9338,0.6142,2.6462
32.9340,0.6716,2.8958
32.9342,0.6493,2.7996
32.9344,0.5988,2.5808
32.9346,0.6235,2.686
32.9348,0.6231,2.6931
32.9350,0.5048,2.1806
32.9352,0.4881,2.1087
32.9354,0.4863,2.0999
32.9356,0.4872,2.1035
32.9358,0.5294,2.2868
32.9360,0.5193,2.2423
32.9362,0.4978,2.1466
32.9364,0.5625,2.4287
32.9366,0.4991,2.1563
32.9368,0.488,2.1081
32.9370,0.4878,2.1061
32.9372,0.4875,2.1041
32.9374,0.5754,2.4788
32.9376,0.6693,2.8793
32.9378,0.6557,2.8249
32.9380,0.5832,2.5147
32.9382,0.5802,2.5018
32.9384,0.5748,2.4762
32.9386,0.5862,2.5265
32.9388,0.5973,2.5757
32.9390,0.5915,2.5516
32.9392,0.5898,2.5408
32.9394,0.5874,2.5317
32.9396,0.5888,2.539
32.9398,0.6159,2.6522
32.9400,0.6675,2.8729
32.9402,0.6993,3.0096
32.9404,0.7048,3.0319
32.9406,0.7182,3.0926
32.9408,0.7224,3.1107
32.9410,0.7007,3.0158
32.9412,0.6672,2.8772
32.9414,0.6081,2.6211
32.9416,0.5991,2.5835
32.9418,0.6003,2.5875
32.9420,0.5954,2.5639
32.9422,0.5947,2.5656
32.9424,0.5772,2.4889
32.9426,0.6099,2.6252
32.9428,0.67,2.885
32.9430,0.6378,2.7474
32.9432,0.6454,2.7779
32.9434,0.674,2.9007
32.9436,0.7213,3.106
32.9438,0.6555,2.8252
32.9440,0.6035,2.6009
32.9442,0.6782,2.9161
32.9444,0.7947,3.4172
32.9446,0.7587,3.2656
32.9448,0.6603,2.8445
32.9450,0.6183,2.6675
32.9452,0.537,2.3178
32.9454,0.532,2.294
32.9456,0.6192,2.6636
32.9458,0.6882,2.9608
32.9460,0.7099,3.0626
32.9462,0.5538,2.3892
32.9464,0.5463,2.3522
32.9466,0.628,2.7094
32.9468,0.564,2.432
32.9470,0.584,2.5137
32.9472,0.6169,2.6588
32.9474,0.6309,2.7205
32.9476,0.6166,2.6553
32.9478,0.632,2.7188
32.9480,0.6357,2.7399
32.9482,0.626,2.6968
32.9484,0.6495,2.7993
32.9486,0.6069,2.6122
32.9488,0.6404,2.7549
32.9490,0.7415,3.1883
32.9492,0.7308,3.1468
32.9494,0.6664,2.8642
32.9496,0.7077,3.0471
32.9498,0.6746,2.9047
32.9500,0.6753,2.9078
32.9502,0.694,2.9827
32.9504,0.7856,3.3765
32.9506,0.8202,3.5237
32.9508,0.9111,3.9087
32.9510,0.9315,3.9962
32.9512,0.9046,3.8773
32.9514,0.9527,4.0815
32.9516,0.9763,4.1866
32.9518,1.0034,4.3048
32.9520,0.9975,4.2791
32.9522,0.9549,4.0965
32.9524,0.976,4.1831
32.9526,1.0238,4.3902
32.9528,0.9701,4.1579
32.9530,0.953,4.0959
32.9532,0.8523,3.663
32.9534,0.8352,3.5898
32.9536,0.8694,3.7315
32.9538,0.9056,3.8869
32.9540,0.904,3.8838
32.9542,0.8623,3.7011
32.9544,0.8646,3.7074
32.9546,0.908,3.8953
32.9548,0.8719,3.7475
32.9550,0.8717,3.7447
32.9552,0.8126,3.4957
32.9554,0.7284,3.135
32.9556,0.7483,3.2192
32.9558,0.807,3.4639
32.9560,0.8811,3.7801
32.9562,0.8563,3.6856
32.9564,0.7477,3.2166
32.9566,0.782,3.361
32.9568,0.8186,3.5149
32.9570,0.9108,3.909
32.9572,0.9244,3.9714
32.9574,0.7898,3.4024
32.9576,0.6586,2.8373
32.9578,0.6724,2.898
32.9580,0.6674,2.8763
32.9582,0.6704,2.8852
32.9584,0.7211,3.1006
32.9586,0.8127,3.4978
32.9588,0.7452,3.2043
32.9590,0.7694,3.3084
32.9592,0.7693,3.3094
32.9594,0.7312,3.1483
32.9596,0.7234,3.1162
32.9598,0.7578,3.2614
32.9600,0.6989,3.0109
32.9602,0.6425,2.7681
32.9604,0.6973,3.0055
32.9606,0.6478,2.7882
32.9608,0.6806,2.9305
32.9610,0.6129,2.643
32.9612,0.5929,2.5578
32.9614,0.5782,2.493
32.9616,0.581,2.5043
32.9618,0.5952,2.5664
32.9620,0.6048,2.6066
32.9622,0.6322,2.7262
32.9624,0.5518,2.3815
32.9626,0.5146,2.2211
32.9628,0.514,2.2164
32.9630,0.5531,2.385
32.9632,0.5702,2.46
32.9634,0.5579,2.4068
32.9636,0.6381,2.7439
32.9638,0.75,3.2234
32.9640,0.7365,3.1716
32.9642,0.6607,2.8461
32.9644,0.6454,2.7805
32.9646,0.6463,2.7841
32.9648,0.6477,2.7903
32.9650,0.6231,2.6869
32.9652,0.6138,2.6441
32.9654,0.616,2.6539
32.9656,0.6626,2.853
32.9658,0.718,3.0858
32.9660,0.6621,2.8549
32.9662,0.571,2.4631
32.9664,0.5645,2.433
32.9666,0.5652,2.4372
32.9668,0.6538,2.8127
32.9670,0.7385,3.1754
32.9672,0.7591,3.2626
32.9674,0.7102,3.0566
32.9676,0.6332,2.7316
32.9678,0.5633,2.4289
32.9680,0.553,2.3844
32.9682,0.5478,2.3644
32.9684,0.5461,2.3572
32.9686,0.5496,2.3689
32.9688,0.5559,2.3991
32.9690,0.552,2.377
32.9692,0.6279,2.7026
32.9694,0.636,2.7422
32.9696,0.5729,2.4714
32.9698,0.5961,2.5718
32.9700,0.5747,2.478
32.9702,0.5765,2.4812
32.9704,0.6411,2.7632
32.9706,0.6397,2.7531
32.9708,0.6069,2.6147
32.9710,0.6533,2.8133
32.9712,0.6641,2.8584
32.9714,0.6838,2.9444
32.9716,0.6897,2.9683
32.9718,0.6916,2.9752
32.9720,0.6801,2.9243
32.9722,0.728,3.1291
32.9724,0.7417,3.1908
32.9726,0.7677,3.2997
32.9728,0.7042,3.0308
32.9730,0.6883,2.9599
32.9732,0.7688,3.3028
32.9734,0.8535,3.6647
32.9736,0.8242,3.5391
32.9738,0.7688,3.312
32.9740,0.6146,2.649
32.9742,0.6071,2.6103
32.9744,0.718,3.0901
32.9746,0.7364,3.1666
32.9748,0.7776,3.3388
32.9750,0.7882,3.3972
32.9752,0.6389,2.7513
32.9754,0.5999,2.5866
32.9756,0.617,2.6593
32.9758,0.6065,2.615
32.9760,0.5625,2.4275
32.9762,0.4858,2.093
32.9764,0.6224,2.6826
32.9766,0.638,2.7434
32.9768,0.7115,3.0651
32.9770,0.5807,2.5039
32.9772,0.5264,2.2697
32.9774,0.533,2.297
32.9776,0.5307,2.2893
32.9778,0.5312,2.2904
32.9780,0.6467,2.7823
32.9782,0.711,3.0573
32.9784,0.7169,3.084
32.9786,0.7091,3.0562
32.9788,0.5774,2.4899
32.9790,0.5228,2.2552
32.9792,0.5575,2.403
32.9794,0.5857,2.5256
32.9796,0.5358,2.3094
32.9798,0.5271,2.2749
32.9800,0.5231,2.2557
32.9802,0.5228,2.2542
32.9804,0.5272,2.2712
32.9806,0.5374,2.3172
32.9808,0.5271,2.2749
32.9810,0.5083,2.1926
32.9812,0.5047,2.1761
32.9814,0.5141,2.2169
32.9816,0.5171,2.2309
32.9818,0.476,2.0544
32.9820,0.544,2.3402
32.9822,0.6354,2.7358
32.9824,0.5459,2.355
32.9826,0.5285,2.2769
32.9828,0.6139,2.6373
32.9830,0.6918,2.9735
32.9832,0.7371,3.1668
32.9834,0.7635,3.2801
32.9836,0.7952,3.4129
32.9838,0.873,3.7469
32.9840,0.8127,3.4913
32.9842,0.79,3.3924
32.9844,0.8222,3.532
32.9846,0.8063,3.464
32.9848,0.8069,3.4617
32.9850,0.8552,3.6724
32.9852,0.825,3.541
32.9854,0.8616,3.698
32.9856,0.8207,3.5274
32.9858,0.7286,3.1331
32.9860,0.7984,3.4268
32.9862,0.8797,3.7704
32.9864,0.9172,3.9331
32.9866,0.9441,4.0464
32.9868,0.9716,4.1582
32.9870,1.0302,4.4154
32.9872,0.9763,4.1885
32.9874,0.9622,4.124
32.9876,0.9904,4.2388
32.9878,1.0357,4.439
32.9880,0.9128,3.9177
32.9882,0.9033,3.8735
32.9884,0.9076,3.892
32.9886,0.9459,4.0522
32.9888,0.9458,4.0612
32.9890,0.8542,3.6695
32.9892,0.8734,3.7449
32.9894,0.8979,3.8557
32.9896,0.8265,3.5522
32.9898,0.8116,3.485
32.9900,0.8785,3.7811
32.9902,0.7683,3.3038
32.9904,0.7979,3.4295
32.9906,0.8656,3.7167
32.9908,0.8395,3.6134
32.9910,0.75,3.2249
32.9912,0.7867,3.3795
32.9914,0.7965,3.4218
32.9916,0.8526,3.6645
32.9918,0.8229,3.5351
32.9920,0.8261,3.549
32.9922,0.8369,3.6004
32.9924,0.7175,3.0866
32.9926,0.7044,3.0276
32.9928,0.7919,3.4006
32.9930,0.8121,3.4887
32.9932,0.8262,3.5495
32.9934,0.8373,3.5919
32.9936,0.85,3.6566
32.9938,0.7815,3.3589
32.9940,0.8331,3.5805
32.9942,0.7862,3.379
32.9944,0.7554,3.2496
32.9946,0.7512,3.2316
32.9948,0.8133,3.4971
32.9950,0.7557,3.2542
32.9952,0.6565,2.8293
32.9954,0.6531,2.8135
32.9956,0.705,3.033
32.9958,0.73,3.1403
32.9960,0.6713,2.8921
32.9962,0.6441,2.7761
32.9964,0.6378,2.7449
32.9966,0.7405,3.1886
32.9968,0.659,2.8402
32.9970,0.6699,2.8845
32.9972,0.6988,3.0089
32.9974,0.6508,2.805
32.9976,0.573,2.4708
32.9978,0.5475,2.3618
32.9980,0.5413,2.3354
32.9982,0.5838,2.515
32.9984,0.6199,2.6729
32.9986,0.6177,2.6624
32.9988,0.6202,2.6745
32.9990,0.5553,2.3954
32.9992,0.5437,2.3425
32.9994,0.5856,2.5262
32.9996,0.5071,2.1905
32.9998,0.4868,2.103
33.0000,0.4845,2.0921
33.0002,0.4854,2.0948
33.0004,0.5014,2.1651
33.0006,0.4905,2.1161
33.0008,0.4828,2.083
33.0010,0.4791,2.0698
33.0012,0.4702,2.0305
33.0014,0.4719,2.0368
33.0016,0.4695,2.0256
33.0018,0.5025,2.1678
33.0020,0.5491,2.3701
33.0022,0.4965,2.1439
33.0024,0.4753,2.0523
33.0026,0.4743,2.0472
33.0028,0.4724,2.0389
33.0030,0.4694,2.0269
33.0032,0.4742,2.0457
33.0034,0.4836,2.0841
33.0036,0.5271,2.2749
33.0038,0.4875,2.1041
33.0040,0.4705,2.0297
33.0042,0.4705,2.0316
33.0044,0.4742,2.0476
33.0046,0.4716,2.0343
33.0048,0.494,2.1291
33.0050,0.5542,2.3885
33.0052,0.5235,2.2594
33.0054,0.4915,2.1212
33.0056,0.4802,2.0697
33.0058,0.5308,2.2857
33.0060,0.6091,2.6204
33.0062,0.6445,2.7751
33.0064,0.6252,2.6907
33.0066,0.6332,2.7266
33.0068,0.6257,2.6928
33.0070,0.6165,2.6597
33.0072,0.5073,2.1855
33.0074,0.5586,2.4066
33.0076,0.5637,2.4271
33.0078,0.6035,2.5985
33.0080,0.6101,2.6245
33.0082,0.7007,3.0145
33.0084,0.6271,2.7065
33.0086,0.4778,2.0641
33.0088,0.4403,1.8985
33.0090,0.5145,2.2154
33.0092,0.6101,2.6257
33.0094,0.6198,2.6688
33.0096,0.6205,2.6719
33.0098,0.5787,2.4928
33.0100,0.5255,2.264
33.0102,0.5529,2.3829
33.0104,0.6296,2.7124
33.0106,0.6282,2.6999
33.0108,0.6975,2.9991
33.0110,0.7361,3.1637
33.0112,0.7294,3.1319
33.0114,0.7435,3.1927
33.0116,0.714,3.0731
33.0118,0.679,2.9197
33.0120,0.736,3.1587
33.0122,0.7711,3.3065
33.0124,0.8237,3.5322
33.0126,0.8227,3.5358
33.0128,0.732,3.1491
33.0130,0.685,2.9455
33.0132,0.7073,3.0414
33.0134,0.7057,3.0333
33.0136,0.7294,3.1319
33.0138,0.7514,3.2327
33.0140,0.6711,2.8871
33.0142,0.7153,3.0731
33.0144,0.6938,2.9873
33.0146,0.5787,2.4917
33.0148,0.5843,2.5159
33.0150,0.606,2.6082
33.0152,0.6318,2.7204
33.0154,0.5851,2.5184
33.0156,0.5998,2.5849
33.0158,0.6285,2.7027
33.0160,0.7213,3.1003
33.0162,0.6946,2.9826
33.0164,0.778,3.3409
33.0166,0.7718,3.3188
33.0168,0.8221,3.5233
33.0170,0.981,4.2008
33.0172,0.9687,4.1538
33.0174,0.9292,3.9865
33.0176,0.8972,3.8455
33.0178,0.9216,3.948
33.0180,0.9673,4.1418
33.0182,0.9719,4.1715
33.0184,0.8768,3.7634
33.0186,0.9278,3.9803
33.0188,0.929,3.9799
33.0190,0.9778,4.1909
33.0192,0.9089,3.8936
33.0194,0.9134,3.9167
33.0196,0.9483,4.072
33.0198,0.8266,3.5478
33.0200,0.9024,3.8658
33.0202,1.0316,4.4278
33.0204,0.947,4.0626
33.0206,0.926,3.9689
33.0208,0.9041,3.8784
33.0210,0.8572,3.679
33.0212,0.8463,3.6373
33.0214,0.8155,3.5048
33.0216,0.8421,3.6209
33.0218,0.7998,3.4357
33.0220,0.8089,3.4765
33.0222,0.7848,3.3729
33.0224,0.7934,3.4084
33.0226,0.8252,3.5433
33.0228,0.8589,3.6931
33.0230,0.8643,3.7129
33.0232,0.8458,3.6352
33.0234,0.8063,3.4705
33.0236,0.7307,3.1449
33.0238,0.7465,3.2085
33.0240,0.7501,3.224
33.0242,0.7753,3.3353
33.0244,0.7333,3.1592
33.0246,0.6898,2.9703
33.0248,0.6803,2.9281
33.0250,0.6806,2.9292
33.0252,0.7087,3.049
33.0254,0.7484,3.2153
33.0256,0.7975,3.4243
33.0258,0.7856,3.3781
33.0260,0.7733,3.3234
33.0262,0.8253,3.5438
33.0264,0.8197,3.5262
33.0266,0.7625,3.2786
33.0268,0.808,3.4713
33.0270,0.8044,3.459
33.0272,0.7623,3.2781
33.0274,0.7439,3.2016
33.0276,0.6879,2.962
33.0278,0.673,2.8993
33.0280,0.6814,2.9328
33.0282,0.7379,3.1758
33.0284,0.6888,2.9634
33.0286,0.7002,3.0152
33.0288,0.6545,2.8172
33.0290,0.6661,2.8667
33.0292,0.694,2.9897
33.0294,0.6748,2.9057
33.0296,0.7156,3.0756
33.0298,0.8047,3.4552
33.0300,0.8454,3.6337
33.0302,0.7598,3.2672
33.0304,0.7182,3.0912
33.0306,0.6933,2.9839
33.0308,0.7107,3.0544
33.0310,0.7816,3.3626
33.0312,0.7727,3.3224
33.0314,0.8406,3.608
33.0316,0.8463,3.639
33.0318,0.7593,3.2667
33.0320,0.6994,3.0102
33.0322,0.692,2.9796
33.0324,0.7139,3.0726
33.0326,0.6939,2.9878
33.0328,0.6631,2.8565
33.0330,0.7099,3.0542
33.0332,0.7102,3.058
33.0334,0.6472,2.7883
33.0336,0.6301,2.7157
33.0338,0.5821,2.5113
33.0340,0.543,2.3448
33.0342,0.5396,2.3298
33.0344,0.5363,2.3126
33.0346,0.5352,2.309
33.0348,0.5608,2.4192
33.0350,0.5647,2.4374
33.0352,0.5524,2.3808
33.0354,0.5849,2.5209
33.0356,0.5417,2.3381
33.0358,0.5356,2.3106
33.0360,0.5373,2.3178
33.0362,0.5574,2.3981
33.0364,0.6824,2.9383
33.0366,0.6326,2.7265
33.0368,0.5559,2.3969
33.0370,0.5357,2.3111
33.0372,0.5338,2.3028
33.0374,0.558,2.4073
33.0376,0.538,2.3209
33.0378,0.5272,2.2723
33.0380,0.5281,2.278
33.0382,0.5291,2.2827
33.0384,0.5243,2.2599
33.0386,0.5229,2.2558
33.0388,0.5237,2.2594
33.0390,0.527,2.2734
33.0392,0.5258,2.265
33.0394,0.6133,2.6409
33.0396,0.6818,2.9316
33.0398,0.7536,3.2359
33.0400,0.7766,3.3425
33.0402,0.6627,2.8576
33.0404,0.5523,2.3792
33.0406,0.5373,2.3168
33.0408,0.5364,2.3142
33.0410,0.5386,2.3225
33.0412,0.5386,2.3225
33.0414,0.5551,2.3938
33.0416,0.556,2.3963
33.0418,0.559,2.4126
33.0420,0.4725,2.0395
33.0422,0.4333,1.8676
33.0424,0.532,2.293
33.0426,0.5308,2.2888
33.0428,0.551,2.3779
33.0430,0.5307,2.2883
33.0432,0.5097,2.1979
33.0434,0.4875,2.1042
33.0436,0.4898,2.114
33.0438,0.4848,2.0913
33.0440,0.4917,2.1203
33.0442,0.5284,2.2775
33.0444,0.574,2.4738
33.0446,0.6215,2.6735
33.0448,0.6616,2.8476
33.0450,0.6584,2.835
33.0452,0.6409,2.7558
33.0454,0.6767,2.9099
33.0456,0.7008,3.015
33.0458,0.688,2.9639
33.0460,0.6526,2.8115
33.0462,0.6723,2.8895
33.0464,0.7101,3.0561
33.0466,0.64,2.7586
33.0468,0.5741,2.4709
33.0470,0.6445,2.7713
33.0472,0.6855,2.9517
33.0474,0.647,2.786
33.0476,0.6487,2.7945
33.0478,0.5893,2.5388
33.0480,0.5802,2.4995
33.0482,0.6217,2.6783
33.0484,0.6255,2.691
33.0486,0.6488,2.7885
33.0488,0.6876,2.9596
33.0490,0.6167,2.6553
33.0492,0.6566,2.8273
33.0494,0.6754,2.9043
33.0496,0.6944,2.9843
33.0498,0.7264,3.119
33.0500,0.7611,3.2714
33.0502,0.7556,3.2462
33.0504,0.7932,3.4058
33.0506,0.8488,3.6413
33.0508,0.9126,3.9168
33.0510,0.8862,3.7983
33.0512,0.8681,3.7241
33.0514,0.855,3.6664
33.0516,0.9017,3.8718
33.0518,0.818,3.5124
33.0520,0.8315,3.5639
33.0522,0.9255,3.9687
33.0524,0.917,3.9358
33.0526,0.9139,3.9188
33.0528,0.9197,3.9416
33.0530,0.9459,4.0561
33.0532,0.9376,4.0187
33.0534,0.9771,4.1917
33.0536,0.9939,4.2597
33.0538,0.9904,4.2429
33.0540,0.9748,4.1819
33.0542,0.9422,4.0439
33.0544,0.8802,3.7761
33.0546,0.861,3.6972
33.0548,0.9107,3.9049
33.0550,0.9406,4.041
33.0552,0.8617,3.7055
33.0554,0.8355,3.5842
33.0556,0.921,3.9547
33.0558,0.8837,3.7945
33.0560,0.8533,3.6626
33.0562,0.9039,3.8761
33.0564,0.9555,4.1048
33.0566,0.8689,3.7347
33.0568,0.7691,3.3146
33.0570,0.6603,2.8446
33.0572,0.7131,3.0676
33.0574,0.7622,3.276
33.0576,0.7807,3.3601
33.0578,0.7438,3.1982
33.0580,0.7745,3.3332
33.0582,0.6729,2.8988
33.0584,0.6245,2.6901
33.0586,0.711,3.0602
33.0588,0.7494,3.2254
33.0590,0.6923,2.9784
33.0592,0.705,3.033
33.0594,0.7598,3.2672
33.0596,0.7342,3.1584
33.0598,0.7356,3.1704
33.0600,0.6573,2.8356
33.0602,0.6175,2.6602
33.0604,0.6361,2.7402
33.0606,0.6186,2.6685
33.0608,0.6059,2.6113
33.0610,0.6035,2.5985
33.0612,0.5964,2.5693
33.0614,0.5986,2.5798
33.0616,0.6054,2.6092
33.0618,0.5971,2.5724
33.0620,0.6099,2.6313
33.0622,0.5114,2.2082
33.0624,0.5,2.158
33.0626,0.499,2.1518
33.0628,0.6013,2.5905
33.0630,0.6476,2.7924
33.0632,0.5934,2.5587
33.0634,0.555,2.3933
33.0636,0.5528,2.3846
33.0638,0.553,2.3856
33.0640,0.5508,2.3763
33.0642,0.5418,2.3353
33.0644,0.5664,2.4424
33.0646,0.5661,2.4409
33.0648,0.5769,2.4851
33.0650,0.5438,2.3458
33.0652,0.5171,2.232
33.0654,0.5456,2.3535
33.0656,0.537,2.3168
33.0658,0.531,2.2878
33.0660,0.6177,2.6637
33.0662,0.5697,2.4609
33.0664,0.4809,2.0776
33.0666,0.4562,1.9691
33.0668,0.4638,2.0008
33.0670,0.4611,1.9912
33.0672,0.5075,2.1896
33.0674,0.5542,2.3897
33.0676,0.5477,2.3596
33.0678,0.6074,2.6168
33.0680,0.5734,2.4724
33.0682,0.5675,2.4448
33.0684,0.552,2.3815
33.0686,0.4516,1.9507
33.0688,0.4326,1.868
33.0690,0.4492,1.9386
33.0692,0.4506,1.9448
33.0694,0.4428,1.9094
33.0696,0.4934,2.1275
33.0698,0.5444,2.344
33.0700,0.5267,2.2702
33.0702,0.5193,2.2403
33.0704,0.5475,2.3596
33.0706,0.561,2.4169
33.0708,0.5796,2.4958
33.0710,0.586,2.5232
33.0712,0.5796,2.4981
33.0714,0.5713,2.4625
33.0716,0.5639,2.4293
33.0718,0.5898,2.542
33.0720,0.5685,2.4489
33.0722,0.6146,2.6466
33.0724,0.65,2.7963
33.0726,0.6912,2.9696
33.0728,0.7887,3.3868
33.0730,0.7915,3.4049
33.0732,0.6567,2.8265
33.0734,0.6334,2.7289
33.0736,0.5681,2.4485
33.0738,0.6072,2.617
33.0740,0.5596,2.4107
33.0742,0.6191,2.6644
33.0744,0.6183,2.6626
33.0746,0.6412,2.756
33.0748,0.6316,2.7237
33.0750,0.5285,2.278
33.0752,0.6122,2.6326
33.0754,0.6628,2.8541
33.0756,0.5659,2.4392
33.0758,0.5322,2.2961
33.0760,0.5096,2.1953
33.0762,0.554,2.3864
33.0764,0.5053,2.1787
33.0766,0.4924,2.1224
33.0768,0.5037,2.171
33.0770,0.5834,2.5123
33.0772,0.6488,2.7911
33.0774,0.6824,2.9314
33.0776,0.6988,3.0076
33.0778,0.6713,2.8894
33.0780,0.6173,2.6592
33.0782,0.5267,2.2692
33.0784,0.5296,2.2837
33.0786,0.4793,2.0694
33.0788,0.476,2.0545
33.0790,0.4707,2.0298
33.0792,0.4706,2.0284
33.0794,0.518,2.2346
33.0796,0.5545,2.3923
33.0798,0.4711,2.0304
33.0800,0.4635,1.9988
33.0802,0.454,1.9583
33.0804,0.4656,2.0085
33.0806,0.4638,1.9989
33.0808,0.4511,1.9468
33.0810,0.4542,1.9585
33.0812,0.4992,2.1494
33.0814,0.562,2.4222
33.0816,0.5263,2.266
33.0818,0.5856,2.5251
33.0820,0.5075,2.1896
33.0822,0.5101,2.1953
33.0824,0.6201,2.6703
33.0826,0.62,2.6685
33.0828,0.6235,2.681
33.0830,0.677,2.9096
33.0832,0.7191,3.0905
33.0834,0.7586,3.2499
33.0836,0.8916,3.8267
33.0838,0.8083,3.4691
33.0840,0.7946,3.4136
33.0842,0.7676,3.2992
33.0844,0.7733,3.3173
33.0846,0.8207,3.5177
33.0848,0.8632,3.703
33.0850,0.8481,3.6348
33.0852,0.9313,3.9915
33.0854,0.9362,4.0107
33.0856,0.9171,3.9345
33.0858,0.8814,3.7812
33.0860,0.8704,3.7322
33.0862,0.8861,3.7995
33.0864,0.833,3.5767
33.0866,0.8393,3.604
33.0868,0.8394,3.6029
33.0870,0.8342,3.5836
33.0872,0.8397,3.6039
33.0874,0.8828,3.7839
33.0876,0.9079,3.8931
33.0878,0.8862,3.8053
33.0880,0.8078,3.4686
33.0882,0.8848,3.7974
33.0884,0.8525,3.6624
33.0886,0.8014,3.4461
33.0888,0.7751,3.3281
33.0890,0.8222,3.5255
33.0892,0.9246,3.9664
33.0894,0.8917,3.8237
33.0896,0.9157,3.9283
33.0898,0.8721,3.7428
33.0900,0.8361,3.5901
33.0902,0.8241,3.537
33.0904,0.886,3.8025
33.0906,0.8669,3.719
33.0908,0.8855,3.8005
33.0910,0.8382,3.5977
33.0912,0.8593,3.69
33.0914,0.838,3.5984
33.0916,0.8508,3.6501
33.0918,0.8344,3.5879
33.0920,0.8008,3.442
33.0922,0.8045,3.4596
33.0924,0.7163,3.0801
33.0926,0.7246,3.1113
33.0928,0.8296,3.564
33.0930,0.8278,3.5612
33.0932,0.7592,3.2631
33.0934,0.774,3.325
33.0936,0.7701,3.3116
33.0938,0.7918,3.4081
33.0940,0.7346,3.1619
33.0942,0.6782,2.9175
33.0944,0.6956,2.9909
33.0946,0.7309,3.1459
33.0948,0.7117,3.0605
33.0950,0.777,3.3441
33.0952,0.7581,3.2661
33.0954,0.7261,3.1209
33.0956,0.7284,3.1351
33.0958,0.7001,3.0119
33.0960,0.7583,3.259
33.0962,0.7782,3.3539
33.0964,0.637,2.7469
33.0966,0.6011,2.5906
33.0968,0.5988,2.5808
33.0970,0.602,2.5935
33.0972,0.5881,2.5348
33.0974,0.5743,2.4754
33.0976,0.6008,2.5896
33.0978,0.6063,2.6121
33.0980,0.6422,2.764
33.0982,0.6436,2.7715
33.0984,0.6312,2.7203
33.0986,0.5506,2.3753
33.0988,0.53,2.2873
33.0990,0.5259,2.2677
33.0992,0.5261,2.2676
33.0994,0.554,2.3875
33.0996,0.6097,2.6266
33.0998,0.6029,2.6008
33.1000,0.5457,2.3551
33.1002,0.5275,2.2744
33.1004,0.5275,2.2733
33.1006,0.5295,2.2832
33.1008,0.5444,2.3462
33.1010,0.5429,2.3422
33.1012,0.5387,2.323
33.1014,0.537,2.3147
33.1016,0.5382,2.322
33.1018,0.5406,2.3302
33.1020,0.5379,2.3183
33.1022,0.5362,2.311
33.1024,0.5309,2.2904
33.1026,0.5312,2.2872
33.1028,0.6199,2.668
33.1030,0.6211,2.6757
33.1032,0.6286,2.707
33.1034,0.6595,2.8397
33.1036,0.6222,2.6816
33.1038,0.5448,2.3504
33.1040,0.5337,2.3013
33.1042,0.5315,2.2919
33.1044,0.5683,2.4484
33.1046,0.5316,2.2925
33.1048,0.533,2.2992
33.1050,0.5384,2.3225
33.1052,0.5271,2.2728
33.1054,0.5287,2.2795
33.1056,0.5284,2.2764
33.1058,0.5429,2.3378
33.1060,0.6324,2.7192
33.1062,0.7078,3.0421
33.1064,0.7382,3.17
33.1066,0.7441,3.2057
33.1068,0.6288,2.71
33.1070,0.5516,2.3783
33.1072,0.5375,2.3178
33.1074,0.5346,2.3043
33.1076,0.5361,2.3073
33.1078,0.6121,2.6357
33.1080,0.6229,2.6809
33.1082,0.6392,2.7511
33.1084,0.6531,2.8149
33.1086,0.5904,2.5434
33.1088,0.6111,2.6304
33.1090,0.6583,2.8292
33.1092,0.6842,2.9419
33.1094,0.6706,2.8863
33.1096,0.6487,2.7906
33.1098,0.6647,2.8584
33.1100,0.7001,3.0133
33.1102,0.6722,2.8917
33.1104,0.7201,3.0937
33.1106,0.735,3.1561
33.1108,0.7458,3.2069
33.1110,0.7012,3.0165
33.1112,0.729,3.1333
33.1114,0.7553,3.2492
33.1116,0.7601,3.2668
33.1118,0.7819,3.359
33.1120,0.7596,3.2647
33.1122,0.7055,3.0351
33.1124,0.687,2.957
33.1126,0.6801,2.9244
33.1128,0.721,3.0987
33.1130,0.7286,3.1317
33.1132,0.7402,3.1842
33.1134,0.7322,3.1501
33.1136,0.6881,2.963
33.1138,0.5577,2.4069
33.1140,0.4842,2.0916
33.1142,0.4579,1.9736
33.1144,0.5261,2.2666
33.1146,0.5276,2.2749
33.1148,0.5056,2.1813
33.1150,0.5212,2.2475
33.1152,0.5211,2.247
33.1154,0.5358,2.3084
33.1156,0.5697,2.4518
33.1158,0.6554,2.8169
33.1160,0.7259,3.1155
33.1162,0.7902,3.3929
33.1164,0.767,3.2966
33.1166,0.7992,3.43
33.1168,0.834,3.5814
33.1170,0.7683,3.3023
33.1172,0.7617,3.274
33.1174,0.7627,3.2766
33.1176,0.7531,3.2338
33.1178,0.7559,3.2457
33.1180,0.7688,3.3028
33.1182,0.776,3.3368
33.1184,0.7581,3.2615
33.1186,0.7242,3.1112
33.1188,0.7992,3.4284
33.1190,0.8869,3.8067
33.1192,0.8508,3.6501
33.1194,0.9096,3.8985
33.1196,0.9571,4.1058
33.1198,0.9162,3.9322
33.1200,0.8755,3.7613
33.1202,0.7906,3.4013
33.1204,0.7915,3.3954
33.1206,0.8947,3.8365
33.1208,0.8391,3.6064
33.1210,0.7566,3.2503
33.1212,0.797,3.4239
33.1214,0.8101,3.4849
33.1216,0.755,3.2481
33.1218,0.756,3.2462
33.1220,0.8319,3.5738
33.1222,0.7904,3.3955
33.1224,0.7718,3.3142
33.1226,0.8122,3.4909
33.1228,0.7809,3.3549
33.1230,0.7561,3.2513
33.1232,0.7381,3.1798
33.1234,0.6809,2.9307
33.1236,0.6993,3.0069
33.1238,0.7006,3.0125
33.1240,0.7229,3.1055
33.1242,0.7547,3.2481
33.1244,0.7385,3.1784
33.1246,0.7141,3.0737
33.1248,0.6761,2.9114
33.1250,0.6275,2.7031
33.1252,0.6616,2.8463
33.1254,0.7228,3.1137
33.1256,0.5976,2.5732
33.1258,0.6453,2.7749
33.1260,0.6779,2.9178
33.1262,0.6843,2.9452
33.1264,0.7239,3.1169
33.1266,0.6621,2.8484
33.1268,0.6664,2.8683
33.1270,0.6211,2.6757
33.1272,0.6472,2.7857
33.1274,0.6295,2.7131
33.1276,0.6235,2.6848
33.1278,0.6608,2.8467
33.1280,0.6379,2.7454
33.1282,0.7296,3.1359
33.1284,0.7604,3.2653
33.1286,0.8274,3.5597
33.1288,0.6825,2.9401
33.1290,0.6036,2.6015
33.1292,0.6051,2.6106
33.1294,0.5951,2.5636
33.1296,0.6404,2.7537
33.1298,0.7055,3.0379
33.1300,0.6831,2.9427
33.1302,0.6157,2.6537
33.1304,0.5798,2.498
33.1306,0.5987,2.5779
33.1308,0.6905,2.9734
33.1310,0.695,2.9911
33.1312,0.6525,2.811
33.1314,0.5902,2.5448
33.1316,0.5284,2.2796
33.1318,0.4988,2.1518
33.1320,0.4984,2.1502
33.1322,0.5071,2.1875
33.1324,0.5137,2.2149
33.1326,0.5149,2.2191
33.1328,0.5547,2.3917
33.1330,0.5735,2.4718
33.1332,0.618,2.661
33.1334,0.6388,2.7496
33.1336,0.6417,2.7645
33.1338,0.5607,2.4176
33.1340,0.5836,2.514
33.1342,0.5655,2.4383
33.1344,0.5548,2.39
33.1346,0.581,2.5008
33.1348,0.6357,2.7412
33.1350,0.5254,2.2677
33.1352,0.4589,1.9796
33.1354,0.4546,1.9609
33.1356,0.4546,1.96
33.1358,0.4637,2.0002
33.1360,0.4634,1.9992
33.1362,0.4543,1.9626
33.1364,0.4537,1.9564
33.1366,0.4625,1.9932
33.1368,0.523,2.2573
33.1370,0.4611,1.9894
33.1372,0.4495,1.9383
33.1374,0.4469,1.9296
33.1376,0.4508,1.9458
33.1378,0.4484,1.9346
33.1380,0.445,1.9204
33.1382,0.4442,1.9182
33.1384,0.443,1.9095
33.1386,0.481,2.0704
33.1388,0.5206,2.2449
33.1390,0.4671,2.0134
33.1392,0.5069,2.1849
33.1394,0.5532,2.3833
33.1396,0.6031,2.597
33.1398,0.5813,2.5042
33.1400,0.5476,2.3579
33.1402,0.5396,2.3244
33.1404,0.4876,2.1037
33.1406,0.4507,1.9453
33.1408,0.4499,1.9417
33.1410,0.4451,1.9201
33.1412,0.453,1.9551
33.1414,0.4597,1.985
33.1416,0.4837,2.0837
33.1418,0.5358,2.3073
33.1420,0.5531,2.3828
33.1422,0.5616,2.4172
33.1424,0.5614,2.4162
33.1426,0.5701,2.455
33.1428,0.5721,2.4656
33.1430,0.5634,2.4261
33.1432,0.5585,2.4049
33.1434,0.553,2.3823
33.1436,0.5532,2.3844
33.1438,0.5498,2.3661
33.1440,0.6235,2.6798
33.1442,0.7203,3.0899
33.1444,0.7225,3.1069
33.1446,0.6504,2.8004
33.1448,0.5802,2.4984
33.1450,0.5804,2.4994
33.1452,0.5725,2.4665
33.1454,0.5682,2.4445
33.1456,0.6185,2.6594
33.1458,0.6718,2.8888
33.1460,0.6716,2.8864
33.1462,0.6939,2.9823
33.1464,0.6995,3.0065
33.1466,0.7146,3.0714
33.1468,0.7085,3.048
33.1470,0.6081,2.6199
33.1472,0.527,2.2723
33.1474,0.4869,2.0996
33.1476,0.5024,2.1633
33.1478,0.617,2.6544
33.1480,0.6403,2.7558
33.1482,0.6006,2.5837
33.1484,0.6524,2.8079
33.1486,0.6087,2.6225
33.1488,0.5892,2.5312
33.1490,0.6861,2.9474
33.1492,0.7526,3.2333
33.1494,0.7212,3.0969
33.1496,0.7581,3.2555
33.1498,0.8125,3.4855
33.1500,0.8015,3.4386
33.1502,0.8471,3.6324
33.1504,0.9077,3.8902
33.1506,0.9301,3.9826
33.1508,0.9063,3.8846
33.1510,0.8692,3.7322
33.1512,0.853,3.661
33.1514,0.8634,3.6972
33.1516,0.8989,3.8527
33.1518,0.9072,3.8882
33.1520,0.9065,3.8869
33.1522,0.9195,3.9393
33.1524,0.9626,4.1218
33.1526,0.9686,4.1455
33.1528,0.9966,4.2736
33.1530,0.9483,4.0701
33.1532,0.8717,3.7396
33.1534,0.9077,3.8921
33.1536,0.8864,3.8064
33.1538,0.8303,3.5654
33.1540,0.8286,3.5566
33.1542,0.8188,3.5144
33.1544,0.8661,3.7154
33.1546,0.9057,3.8838
33.1548,0.9061,3.889
33.1550,0.8737,3.7483
33.1552,0.8712,3.7358
33.1554,0.9003,3.8571
33.1556,0.9476,4.0595
33.1558,0.9372,4.0204
33.1560,0.9191,3.9409
33.1562,0.9519,4.0837
33.1564,0.9065,3.8905
33.1566,0.8363,3.5895
33.1568,0.8075,3.4724
33.1570,0.7551,3.2426
33.1572,0.8262,3.5463
33.1574,0.8512,3.6533
33.1576,0.8638,3.7091
33.1578,0.8434,3.6266
33.1580,0.7766,3.3379
33.1582,0.7855,3.3744
33.1584,0.7864,3.3848
33.1586,0.718,3.0902
33.1588,0.6795,2.9232
33.1590,0.679,2.9211
33.1592,0.7876,3.3853
33.1594,0.8358,3.5891
33.1596,0.8458,3.6335
33.1598,0.7875,3.3879
33.1600,0.7011,3.0174
33.1602,0.6603,2.8406
33.1604,0.6617,2.8481
33.1606,0.673,2.8966
33.1608,0.7153,3.0788
33.1610,0.7065,3.042
33.1612,0.6808,2.9316
33.1614,0.6854,2.9457
33.1616,0.7813,3.3595
33.1618,0.6934,2.9844
33.1620,0.6505,2.8009
33.1622,0.6465,2.7852
33.1624,0.6792,2.9194
33.1626,0.8194,3.5186
33.1628,0.794,3.4205
33.1630,0.6572,2.8312
33.1632,0.6406,2.7573
33.1634,0.6294,2.7101
33.1636,0.6211,2.6744
33.1638,0.6448,2.7792
33.1640,0.6481,2.7893
33.1642,0.6478,2.7896
33.1644,0.6159,2.6547
33.1646,0.617,2.6581
33.1648,0.598,2.5784
33.1650,0.5351,2.3085
33.1652,0.53,2.2852
33.1654,0.5296,2.2847
33.1656,0.5325,2.2961
33.1658,0.6075,2.6173
33.1660,0.6851,2.9515
33.1662,0.6217,2.6795
33.1664,0.5957,2.5638
33.1666,0.6245,2.6926
33.1668,0.5728,2.471
33.1670,0.5655,2.4383
33.1672,0.5717,2.4652
33.1674,0.5391,2.3256
33.1676,0.5915,2.5445
33.1678,0.6647,2.8597
33.1680,0.659,2.8336
33.1682,0.717,3.086
33.1684,0.6754,2.9083
33.1686,0.6578,2.8324
33.1688,0.6312,2.7216
33.1690,0.5468,2.3543
33.1692,0.6685,2.8797
33.1694,0.6135,2.6444
33.1696,0.5418,2.3364
33.1698,0.5723,2.4643
33.1700,0.6165,2.6524
33.1702,0.6254,2.6943
33.1704,0.6439,2.7712
33.1706,0.6691,2.8796
33.1708,0.6608,2.844
33.1710,0.6963,2.9982
33.1712,0.6867,2.9527
33.1714,0.6921,2.9746
33.1716,0.6929,2.9837
33.1718,0.6367,2.7441
33.1720,0.6296,2.7111
33.1722,0.6351,2.7361
33.1724,0.6597,2.8394
33.1726,0.7297,3.1378
33.1728,0.7809,3.3502
33.1730,0.7995,3.4347
33.1732,0.7482,3.2157
33.1734,0.7878,3.3905
33.1736,0.6852,2.9452
33.1738,0.7151,3.0778
33.1740,0.7237,3.112
33.1742,0.7152,3.0783
33.1744,0.6664,2.8683
33.1746,0.6185,2.6656
33.1748,0.5982,2.5782
33.1750,0.5951,2.5624
33.1752,0.5935,2.5557
33.1754,0.595,2.5643
33.1756,0.5986,2.5786
33.1758,0.6665,2.8661
33.1760,0.6669,2.877
33.1762,0.5037,2.173
33.1764,0.4956,2.1359
33.1766,0.5334,2.2992
33.1768,0.5784,2.4918
33.1770,0.642,2.7617
33.1772,0.7011,3.0202
33.1774,0.6004,2.5887
33.1776,0.5213,2.249
33.1778,0.4869,2.0996
33.1780,0.4794,2.068
33.1782,0.4779,2.0628
33.1784,0.4799,2.072
33.1786,0.5147,2.2196
33.1788,0.5176,2.233
33.1790,0.4795,2.0676
33.1792,0.5456,2.3514
33.1794,0.5682,2.4502
33.1796,0.5146,2.2211
33.1798,0.4639,2.0031
33.1800,0.4489,1.9366
33.1802,0.4505,1.9442
33.1804,0.4589,1.9796
33.1806,0.4585,1.9798
33.1808,0.4228,1.8255
33.1810,0.4494,1.9387
33.1812,0.5,2.153
33.1814,0.5354,2.3074
33.1816,0.548,2.3606
33.1818,0.552,2.3804
33.1820,0.5005,2.158
33.1822,0.5791,2.4937
33.1824,0.6356,2.7331
33.1826,0.685,2.9483
33.1828,0.6614,2.8439
33.1830,0.6693,2.878
33.1832,0.7117,3.0591
33.1834,0.7668,3.2849
33.1836,0.877,3.7622
33.1838,0.8613,3.7
33.1840,0.7465,3.213
33.1842,0.6669,2.869
33.1844,0.6591,2.8368
33.1846,0.671,2.8865
33.1848,0.6715,2.8886
33.1850,0.6092,2.6209
33.1852,0.7634,3.272
33.1854,0.9384,4.018
33.1856,1.0006,4.2865
33.1858,0.9659,4.1381
33.1860,0.9776,4.1859
33.1862,0.9869,4.226
33.1864,0.9884,4.2361
33.1866,0.9899,4.2408
33.1868,0.9857,4.2268
33.1870,0.9297,3.9867
33.1872,0.9384,4.0256
33.1874,0.9416,4.0357
33.1876,0.9676,4.1472
33.1878,0.9177,3.9389
33.1880,0.8647,3.7097
33.1882,0.9015,3.8676
33.1884,0.9469,4.0602
33.1886,0.9002,3.8638
33.1888,0.8682,3.7264
33.1890,0.9234,3.9576
33.1892,0.9591,4.1069
33.1894,0.9611,4.1214
33.1896,0.9476,4.0671
33.1898,0.8917,3.829
33.1900,0.8478,3.6474
33.1902,0.7753,3.3322
33.1904,0.8081,3.4702
33.1906,0.8018,3.4477
33.1908,0.7798,3.3502
33.1910,0.7959,3.4256
33.1912,0.6989,3.0067
33.1914,0.7306,3.1429
33.1916,0.7231,3.1138
33.1918,0.7061,3.0377
33.1920,0.7263,3.1185
33.1922,0.8037,3.4511
33.1924,0.843,3.62
33.1926,0.8102,3.4822
33.1928,0.777,3.341
33.1930,0.7975,3.4323
33.1932,0.7572,3.2589
33.1934,0.7251,3.1177
33.1936,0.7245,3.118
33.1938,0.6941,2.9861
33.1940,0.6818,2.937
33.1942,0.6573,2.829
33.1944,0.7008,3.015
33.1946,0.6987,3.0141
33.1948,0.6093,2.6287
33.1950,0.5891,2.5389
33.1952,0.5992,2.5812
33.1954,0.6031,2.597
33.1956,0.6186,2.6648
33.1958,0.6562,2.8257
33.1960,0.6084,2.6234
33.1962,0.5185,2.2366
33.1964,0.537,2.3168
33.1966,0.5534,2.386
33.1968,0.5716,2.4646
33.1970,0.5752,2.4813
33.1972,0.582,2.5061
33.1974,0.5966,2.5727
33.1976,0.5294,2.2826
33.1978,0.524,2.2636
33.1980,0.4605,1.9886
33.1982,0.4581,1.9783
33.1984,0.4595,1.984
33.1986,0.4574,1.9743
33.1988,0.4629,1.9953
33.1990,0.5259,2.2698
33.1992,0.4773,2.0592
33.1994,0.5,2.157
33.1996,0.4623,1.9964
33.1998,0.4523,1.9538
33.2000,0.4489,1.9384
33.2002,0.45,1.9422
33.2004,0.4561,1.9695
33.2006,0.452,1.9519
33.2008,0.4488,1.937
33.2010,0.4458,1.9223
33.2012,0.5042,2.1751
33.2014,0.4629,1.9981
33.2016,0.4488,1.9388
33.2018,0.4483,1.934
33.2020,0.5008,2.1606
33.2022,0.5337,2.3013
33.2024,0.5095,2.1958
33.2026,0.4595,1.9821
33.2028,0.4542,1.9594
33.2030,0.4559,1.9666
33.2032,0.4607,1.9892
33.2034,0.4538,1.9596
33.2036,0.4505,1.9442
33.2038,0.4634,1.9992
33.2040,0.4404,1.8999
33.2042,0.4562,1.9682
33.2044,0.4633,1.9987
33.2046,0.447,1.9283
33.2048,0.4498,1.9402
33.2050,0.4342,1.8721
33.2052,0.4459,1.9237
33.2054,0.4623,1.9946
33.2056,0.5097,2.1968
33.2058,0.5587,2.4048
33.2060,0.5792,2.4954
33.2062,0.5621,2.4204
33.2064,0.5524,2.3808
33.2066,0.5492,2.3669
33.2068,0.5362,2.31
33.2070,0.5222,2.2495
33.2072,0.5577,2.4024
33.2074,0.5518,2.3782
33.2076,0.5188,2.233
33.2078,0.5589,2.4065
33.2080,0.59,2.5395
33.2082,0.5916,2.5486
33.2084,0.5709,2.4592
33.2086,0.5609,2.4153
33.2088,0.5939,2.5561
33.2090,0.6532,2.8076
33.2092,0.7284,3.1263
33.2094,0.8508,3.6467
33.2096,0.8344,3.5813
33.2098,0.7635,3.2817
33.2100,0.749,3.2193
33.2102,0.7098,3.0537
33.2104,0.6263,2.6941
33.2106,0.6569,2.8262
33.2108,0.6796,2.9223
33.2110,0.6676,2.8694
33.2112,0.6548,2.8169
33.2114,0.6236,2.6853
33.2116,0.5574,2.4025
33.2118,0.5531,2.3839
33.2120,0.5645,2.4285
33.2122,0.6108,2.6288
33.2124,0.6316,2.7186
33.2126,0.6193,2.6679
33.2128,0.5862,2.5218
33.2130,0.617,2.6581
33.2132,0.5627,2.4252
33.2134,0.5199,2.2418
33.2136,0.4965,2.141
33.2138,0.5462,2.3507
33.2140,0.5737,2.4739
33.2142,0.4969,2.1405
33.2144,0.4821,2.0751
33.2146,0.5253,2.263
33.2148,0.4994,2.1534
33.2150,0.4964,2.1405
33.2152,0.5659,2.4347
33.2154,0.5996,2.5796
33.2156,0.6276,2.6998
33.2158,0.6809,2.9266
33.2160,0.7134,3.0649
33.2162,0.7219,3.0971
33.2164,0.8717,3.7326
33.2166,0.9332,3.9978
33.2168,0.9228,3.9532
33.2170,0.9249,3.9661
33.2172,0.9134,3.9131
33.2174,0.9024,3.8676
33.2176,0.8801,3.7756
33.2178,0.8771,3.7592
33.2180,0.9156,3.926
33.2182,0.9137,3.9141
33.2184,0.9669,4.1383
33.2186,0.9543,4.0997
33.2188,0.8604,3.6912
33.2190,0.8685,3.7222
33.2192,0.8807,3.7781
33.2194,0.8715,3.7385
33.2196,0.8385,3.5954
33.2198,0.8364,3.5917
33.2200,0.8207,3.5242
33.2202,0.8119,3.4845
33.2204,0.875,3.7522
33.2206,0.8677,3.7243
33.2208,0.7687,3.3039
33.2210,0.7794,3.3466
33.2212,0.8257,3.547
33.2214,0.8053,3.4562
33.2216,0.84,3.6071
33.2218,0.8601,3.6914
33.2220,0.8512,3.6516
33.2222,0.8421,3.6176
33.2224,0.8027,3.4486
33.2226,0.8033,3.4512
33.2228,0.8011,3.4398
33.2230,0.7595,3.2657
33.2232,0.7598,3.2657
33.2234,0.7651,3.2884
33.2236,0.7585,3.2601
33.2238,0.7962,3.4187
33.2240,0.8279,3.5551
33.2242,0.8179,3.5086
33.2244,0.8468,3.6326
33.2246,0.846,3.6329
33.2248,0.8402,3.6127
33.2250,0.7864,3.3786
33.2252,0.8194,3.5169
33.2254,0.8469,3.6365
33.2256,0.7693,3.311
33.2258,0.6764,2.9097
33.2260,0.7213,3.0989
33.2262,0.7197,3.0988
33.2264,0.6765,2.913
33.2266,0.6706,2.8836
33.2268,0.7201,3.098
33.2270,0.7127,3.0632
33.2272,0.7597,3.2667
33.2274,0.724,3.1145
33.2276,0.6398,2.755
33.2278,0.6369,2.7451
33.2280,0.6502,2.796
33.2282,0.692,2.9754
33.2284,0.7242,3.1127
33.2286,0.7729,3.3157
33.2288,0.8878,3.8191
33.2290,0.7019,3.0196
33.2292,0.6557,2.821
33.2294,0.7029,3.0251
33.2296,0.7182,3.0912
33.2298,0.7388,3.1755
33.2300,0.7619,3.276
33.2302,0.7745,3.3301
33.2304,0.7632,3.2817
33.2306,0.7261,3.1224
33.2308,0.687,2.9584
33.2310,0.7008,3.0164
33.2312,0.7128,3.0666
33.2314,0.6914,2.977
33.2316,0.6253,2.6913
33.2318,0.6605,2.8443
33.2320,0.7038,3.0251
33.2322,0.7844,3.3682
33.2324,0.8081,3.4718
33.2326,0.7462,3.2114
33.2328,0.7228,3.1166
33.2330,0.5878,2.5344
33.2332,0.5514,2.3767
33.2334,0.5482,2.3638
33.2336,0.5441,2.3473
33.2338,0.5386,2.3235
33.2340,0.5428,2.3405
33.2342,0.5524,2.3819
33.2344,0.5345,2.3038
33.2346,0.5277,2.2765
33.2348,0.5375,2.3146
33.2350,0.6279,2.7064
33.2352,0.5396,2.3266
33.2354,0.5357,2.3111
33.2356,0.5219,2.2506
33.2358,0.5282,2.2796
33.2360,0.5288,2.2801
33.2362,0.5241,2.2588
33.2364,0.5224,2.2537
33.2366,0.5215,2.2485
33.2368,0.5228,2.2532
33.2370,0.5271,2.2718
33.2372,0.5252,2.2635
33.2374,0.5717,2.4617
33.2376,0.6187,2.6666
33.2378,0.5719,2.4662
33.2380,0.5507,2.3747
33.2382,0.5283,2.2769
33.2384,0.5432,2.3388
33.2386,0.6072,2.6133
33.2388,0.6469,2.7816
33.2390,0.6566,2.826
33.2392,0.637,2.7418
33.2394,0.6488,2.795
33.2396,0.635,2.7381
33.2398,0.5689,2.451
33.2400,0.5837,2.5145
33.2402,0.5815,2.5064
33.2404,0.5637,2.426
33.2406,0.6203,2.6696
33.2408,0.6855,2.9517
33.2410,0.6766,2.9108
33.2412,0.6627,2.8536
33.2414,0.6543,2.8161
33.2416,0.6253,2.6938
33.2418,0.5938,2.5555
33.2420,0.6453,2.7787
33.2422,0.6093,2.6214
33.2424,0.668,2.8723
33.2426,0.6881,2.9617
33.2428,0.6745,2.9055
33.2430,0.6005,2.5856
33.2432,0.5763,2.4825
33.2434,0.5769,2.4862
33.2436,0.576,2.4838
33.2438,0.5128,2.2123
33.2440,0.4929,2.1255
33.2442,0.4705,2.0316
33.2444,0.461,1.9907
33.2446,0.4662,2.0111
33.2448,0.4843,2.0892
33.2450,0.5352,2.3069
33.2452,0.5517,2.3744
33.2454,0.5284,2.2785
33.2456,0.4735,2.0436
33.2458,0.4695,2.0265
33.2460,0.4721,2.0364
33.2462,0.4519,1.9505
33.2464,0.4494,1.9378
33.2466,0.5758,2.4816
33.2468,0.5454,2.3487
33.2470,0.5342,2.3012
33.2472,0.5195,2.2434
33.2474,0.427,1.8428
33.2476,0.4644,2.0006
33.2478,0.554,2.3864
33.2480,0.5622,2.4187
33.2482,0.6621,2.8497
33.2484,0.6264,2.6959
33.2486,0.5875,2.5275
33.2488,0.6457,2.7751
33.2490,0.7505,3.2225
33.2492,0.7814,3.3569
33.2494,0.7788,3.3456
33.2496,0.7767,3.3368
33.2498,0.7741,3.3239
33.2500,0.7683,3.3038
33.2502,0.7332,3.1498
33.2504,0.7856,3.3655
33.2506,0.9126,3.9131
33.2508,0.9213,3.9488
33.2510,0.9163,3.9272
33.2512,0.9061,3.8836
33.2514,0.9396,4.0288
33.2516,0.958,4.1042
33.2518,0.9735,4.1743
33.2520,0.9476,4.0614
33.2522,0.9543,4.0902
33.2524,0.9043,3.874
33.2526,0.8923,3.8298
33.2528,0.9203,3.9479
33.2530,0.8984,3.8561
33.2532,0.8803,3.7748
33.2534,0.8814,3.7777
33.2536,0.9316,3.9912
33.2538,0.9744,4.1765
33.2540,1.0006,4.2905
33.2542,0.9677,4.1535
33.2544,0.8886,3.8103
33.2546,0.8748,3.7547
33.2548,0.7767,3.3322
33.2550,0.8411,3.6067
33.2552,0.8777,3.7723
33.2554,0.798,3.4328
33.2556,0.7736,3.3219
33.2558,0.8179,3.5135
33.2560,0.8215,3.5322
33.2562,0.7104,3.0562
33.2564,0.7004,3.0129
33.2566,0.776,3.3322
33.2568,0.8033,3.4512
33.2570,0.7374,3.1752
33.2572,0.7067,3.0402
33.2574,0.7687,3.3039
33.2576,0.7725,3.3219
33.2578,0.7791,3.3471
33.2580,0.8135,3.4982
33.2582,0.7487,3.2163
33.2584,0.7804,3.3528
33.2586,0.8029,3.4507
33.2588,0.817,3.5148
33.2590,0.7758,3.3358
33.2592,0.8033,3.4544
33.2594,0.7307,3.142
33.2596,0.7512,3.2316
33.2598,0.7284,3.1365
33.2600,0.6167,2.6578
33.2602,0.6229,2.6834
33.2604,0.6697,2.8822
33.2606,0.6634,2.8593
33.2608,0.5976,2.5756
33.2610,0.5893,2.5412
33.2612,0.5986,2.5786
33.2614,0.5947,2.5597
33.2616,0.6472,2.7896
33.2618,0.6137,2.6449
33.2620,0.5748,2.482
33.2622,0.4969,2.1465
33.2624,0.4803,2.0712
33.2626,0.5577,2.4035
33.2628,0.5694,2.4553
33.2630,0.5635,2.4311
33.2632,0.538,2.3209
33.2634,0.505,2.1777
33.2636,0.5429,2.3411
33.2638,0.5719,2.4673
33.2640,0.5242,2.2636
33.2642,0.4609,1.9893
33.2644,0.4448,1.9208
33.2646,0.444,1.9172
33.2648,0.4459,1.9246
33.2650,0.4448,1.919
33.2652,0.4465,1.9272
33.2654,0.448,1.9361
33.2656,0.4488,1.9379
33.2658,0.4513,1.947
33.2660,0.451,1.9481
33.2662,0.4478,1.9338
33.2664,0.4489,1.9348
33.2666,0.488,2.1033
33.2668,0.5586,2.4043
33.2670,0.6711,2.8871
33.2672,0.6587,2.8418
33.2674,0.4876,2.1047
33.2676,0.484,2.0882
33.2678,0.5127,2.2098
33.2680,0.5652,2.4372
33.2682,0.5505,2.3703
33.2684,0.5712,2.4597
33.2686,0.5837,2.5122
33.2688,0.612,2.6364
33.2690,0.6159,2.6498
33.2692,0.609,2.6235
33.2694,0.5938,2.5543
33.2696,0.6191,2.6669
33.2698,0.5776,2.487
33.2700,0.5785,2.4923
33.2702,0.5647,2.4306
33.2704,0.6361,2.7364
33.2706,0.6414,2.7643
33.2708,0.5469,2.357
33.2710,0.5402,2.3281
33.2712,0.5452,2.3487
33.2714,0.5631,2.4245
33.2716,0.5984,2.5733
33.2718,0.6922,2.9778
33.2720,0.6734,2.8982
33.2722,0.6638,2.8529
33.2724,0.7043,3.0299
33.2726,0.6884,2.9655
33.2728,0.5601,2.4161
33.2730,0.4759,2.0521
33.2732,0.4693,2.0227
33.2734,0.5418,2.3332
33.2736,0.6069,2.6147
33.2738,0.5682,2.4513
33.2740,0.5041,2.1735
33.2742,0.4932,2.1285
33.2744,0.4831,2.0821
33.2746,0.4863,2.0951
33.2748,0.5171,2.2247
33.2750,0.5752,2.4767
33.2752,0.6093,2.6226
33.2754,0.6547,2.8151
33.2756,0.6505,2.797
33.2758,0.6698,2.8841
33.2760,0.6566,2.8246
33.2762,0.6362,2.7382
33.2764,0.5787,2.4905
33.2766,0.5746,2.4741
33.2768,0.595,2.5595
33.2770,0.5905,2.5416
33.2772,0.6127,2.6407
33.2774,0.5787,2.4905
33.2776,0.5494,2.3712
33.2778,0.4861,2.096
33.2780,0.5586,2.4054
33.2782,0.5733,2.4684
33.2784,0.5315,2.2909
33.2786,0.4983,2.1497
33.2788,0.4821,2.0799
33.2790,0.4558,1.9652
33.2792,0.5182,2.2335
33.2794,0.5222,2.2506
33.2796,0.532,2.2961
33.2798,0.4089,1.7655
33.2800,0.3944,1.7036
33.2802,0.3988,1.7204
33.2804,0.4276,1.8445
33.2806,0.4816,2.0759
33.2808,0.5366,2.3126
33.2810,0.496,2.1369
33.2812,0.4933,2.127
33.2814,0.578,2.4879
33.2816,0.6508,2.7973
33.2818,0.6779,2.9124
33.2820,0.6549,2.8161
33.2822,0.6627,2.847
33.2824,0.7587,3.2611
33.2826,0.7075,3.041
33.2828,0.77,3.3018
33.2830,0.8976,3.8471
33.2832,0.9135,3.9136
33.2834,0.9243,3.958
33.2836,0.9548,4.0922
33.2838,0.899,3.8532
33.2840,0.8772,3.7615
33.2842,0.896,3.8404
33.2844,0.9403,4.0281
33.2846,0.9738,4.17
33.2848,0.9771,4.1858
33.2850,0.9274,3.9787
33.2852,0.8507,3.6495
33.2854,0.8471,3.6358
33.2856,0.8193,3.5181
33.2858,0.8265,3.5456
33.2860,0.8725,3.7449
33.2862,0.8236,3.5333
33.2864,0.8386,3.5942
33.2866,0.9139,3.9243
33.2868,0.8536,3.6602
33.2870,0.874,3.7528
33.2872,0.7915,3.397
33.2874,0.8812,3.7802
33.2876,0.8585,3.6847
33.2878,0.8192,3.5175
33.2880,0.8428,3.6139
33.2882,0.9189,3.9386
33.2884,0.8813,3.7825
33.2886,0.8762,3.7626
33.2888,0.8545,3.6694
33.2890,0.8745,3.7514
33.2892,0.8857,3.8015
33.2894,0.89,3.8236
33.2896,0.841,3.6096
33.2898,0.8645,3.7122
33.2900,0.8607,3.6922
33.2902,0.8754,3.7625
33.2904,0.8181,3.5145
33.2906,0.8435,3.617
33.2908,0.8621,3.707
33.2910,0.7345,3.1614
33.2912,0.6535,2.8099
33.2914,0.7537,3.2379
33.2916,0.8075,3.4708
33.2918,0.8143,3.4948
33.2920,0.8381,3.6022
33.2922,0.8175,3.5136
33.2924,0.8159,3.5053
33.2926,0.7836,3.3646
33.2928,0.8077,3.4697
33.2930,0.7986,3.4354
33.2932,0.7854,3.3739
33.2934,0.8386,3.6026
33.2936,0.7626,3.2821
33.2938,0.6861,2.9543
33.2940,0.6704,2.8826
33.2942,0.6789,2.9206
33.2944,0.7314,3.148
33.2946,0.7302,3.137
33.2948,0.794,3.4158
33.2950,0.7524,3.2398
33.2952,0.6896,2.9692
33.2954,0.6632,2.853
33.2956,0.6851,2.9474
33.2958,0.6876,2.961
33.2960,0.647,2.7873
33.2962,0.5923,2.5553
33.2964,0.5468,2.3576
33.2966,0.5743,2.48
33.2968,0.5144,2.219
33.2970,0.5409,2.3323
33.2972,0.5297,2.2853
33.2974,0.5336,2.3018
33.2976,0.533,2.2971
33.2978,0.5328,2.2976
33.2980,0.5681,2.4462
33.2982,0.6206,2.6724
33.2984,0.6445,2.7777
33.2986,0.5843,2.5183
33.2988,0.5331,2.2997
33.2990,0.5235,2.2563
33.2992,0.5246,2.262
33.2994,0.5294,2.2826
33.2996,0.529,2.2821
33.2998,0.5753,2.4795
33.3000,0.5707,2.461
33.3002,0.5296,2.2858
33.3004,0.5291,2.2827
33.3006,0.5309,2.2872
33.3008,0.5731,2.4714
33.3010,0.5308,2.2888
33.3012,0.5252,2.2635
33.3014,0.6022,2.5905
33.3016,0.6759,2.9131
33.3018,0.5554,2.3948
33.3020,0.526,2.2692
33.3022,0.5224,2.2537
33.3024,0.5248,2.263
33.3026,0.5271,2.2718
33.3028,0.5247,2.2614
33.3030,0.5246,2.2588
33.3032,0.5381,2.3193
33.3034,0.544,2.3457
33.3036,0.5511,2.3762
33.3038,0.535,2.3059
33.3040,0.5364,2.3142
33.3042,0.5342,2.3023
33.3044,0.5388,2.3213
33.3046,0.5396,2.3255
33.3048,0.531,2.2909
33.3050,0.559,2.4081
33.3052,0.6265,2.6952
33.3054,0.6595,2.8383
33.3056,0.6484,2.7909
33.3058,0.6237,2.6845
33.3060,0.5857,2.5233
33.3062,0.5818,2.5051
33.3064,0.5939,2.5584
33.3066,0.5675,2.4437
33.3068,0.6394,2.7534
33.3070,0.6887,2.9601
33.3072,0.7087,3.0476
33.3074,0.6608,2.8427
33.3076,0.6517,2.8022
33.3078,0.6813,2.9282
33.3080,0.7036,3.0254
33.3082,0.7102,3.0552
33.3084,0.7423,3.1905
33.3086,0.8186,3.51
33.3088,0.8301,3.5644
33.3090,0.8051,3.4557
33.3092,0.8553,3.6725
33.3094,0.7556,3.2507
33.3096,0.6891,2.9658
33.3098,0.7011,3.0132
33.3100,0.77,3.3111
33.3102,0.6663,2.8704
33.3104,0.5927,2.5544
33.3106,0.573,2.4697
33.3108,0.5869,2.5273
33.3110,0.65,2.795
33.3112,0.6715,2.8899
33.3114,0.6475,2.7854
33.3116,0.6721,2.8925
33.3118,0.7105,3.0596
33.3120,0.6059,2.6113
33.3122,0.5463,2.3555
33.3124,0.5169,2.2289
33.3126,0.5042,2.1751
33.3128,0.4964,2.1424
33.3130,0.5057,2.1798
33.3132,0.5115,2.2056
33.3134,0.5191,2.2361
33.3136,0.5363,2.3137
33.3138,0.5344,2.3012
33.3140,0.6137,2.6387
33.3142,0.6978,2.9993
33.3144,0.6929,2.9795
33.3146,0.6619,2.8513
33.3148,0.6164,2.6494
33.3150,0.7048,3.0348
33.3152,0.6363,2.7375
33.3154,0.6968,2.9946
33.3156,0.706,3.0343
33.3158,0.7157,3.0761
33.3160,0.756,3.2432
33.3162,0.8345,3.5801
33.3164,0.8409,3.6107
33.3166,0.8514,3.6526
33.3168,0.8893,3.8152
33.3170,0.8719,3.7441
33.3172,0.811,3.4841
33.3174,0.8161,3.5009
33.3176,0.8638,3.7039
33.3178,0.9087,3.8967
33.3180,0.9041,3.8766
33.3182,0.9421,4.0396
33.3184,0.9471,4.0593
33.3186,0.9627,4.128
33.3188,0.9029,3.8697
33.3190,0.9387,4.0271
33.3192,0.8471,3.6358
33.3194,0.8231,3.5345
33.3196,0.834,3.5814
33.3198,0.886,3.8025
33.3200,0.8717,3.743
33.3202,0.7761,3.3374
33.3204,0.6935,2.9835
33.3206,0.6963,2.9968
33.3208,0.6977,3.003
33.3210,0.7077,3.043
33.3212,0.7078,3.0491
33.3214,0.7104,3.0577
33.3216,0.7099,3.0542
33.3218,0.7104,3.052
33.3220,0.7248,3.1181
33.3222,0.7128,3.0637
33.3224,0.7074,3.0462
33.3226,0.6531,2.8136
33.3228,0.677,2.9137
33.3230,0.697,3.0013
33.3232,0.7054,3.0332
33.3234,0.7755,3.3332
33.3236,0.727,3.1245
33.3238,0.6948,2.9878
33.3240,0.6963,2.994
33.3242,0.7127,3.0632
33.3244,0.7691,3.3085
33.3246,0.7121,3.0677
33.3248,0.631,2.7173
33.3250,0.6149,2.6451
33.3252,0.6749,2.9022
33.3254,0.7103,3.0586
33.3256,0.6848,2.9459
33.3258,0.6674,2.8764
33.3260,0.6628,2.8554
33.3262,0.6219,2.6805
33.3264,0.5851,2.5231
33.3266,0.6022,2.5953
33.3268,0.6185,2.6643
33.3270,0.651,2.7978
33.3272,0.7207,3.1049
33.3274,0.651,2.8017
33.3276,0.6403,2.757
33.3278,0.6433,2.7712
33.3280,0.7056,3.0342
33.3282,0.7397,3.1851
33.3284,0.6223,2.6808
33.3286,0.6312,2.714
33.3288,0.7442,3.1987
33.3290,0.7767,3.3353
33.3292,0.7742,3.326
33.3294,0.8056,3.4642
33.3296,0.7182,3.097
33.3298,0.5432,2.341
33.3300,0.517,2.2294
33.3302,0.5054,2.1792
33.3304,0.5543,2.3913
33.3306,0.5104,2.201
33.3308,0.5014,2.1642
33.3310,0.5219,2.2506
33.3312,0.6217,2.6745
33.3314,0.6523,2.8061
33.3316,0.6604,2.8491
33.3318,0.5042,2.1761
33.3320,0.4854,2.0948
33.3322,0.4934,2.1256
33.3324,0.5727,2.467
33.3326,0.6139,2.6459
33.3328,0.5982,2.5794
33.3330,0.5531,2.3839
33.3332,0.5815,2.5052
33.3334,0.6127,2.6432
33.3336,0.5105,2.2025
33.3338,0.4751,2.0484
33.3340,0.4881,2.1058
33.3342,0.4673,2.0176
33.3344,0.4712,2.0357
33.3346,0.4855,2.0915
33.3348,0.5627,2.423
33.3350,0.5643,2.4354
33.3352,0.4709,2.0332
33.3354,0.4529,1.9546
33.3356,0.4445,1.9166
33.3358,0.4423,1.9082
33.3360,0.4429,1.9134
33.3362,0.4454,1.9243
33.3364,0.4476,1.9309
33.3366,0.45,1.9422
33.3368,0.4492,1.9395
33.3370,0.4468,1.9282
33.3372,0.4454,1.9207
33.3374,0.4971,2.1406
33.3376,0.506,2.1828
33.3378,0.4525,1.9521
33.3380,0.4469,1.9278
33.3382,0.4459,1.9237
33.3384,0.5183,2.233
33.3386,0.5807,2.4993
33.3388,0.6081,2.615
33.3390,0.641,2.7576
33.3392,0.5577,2.4035
33.3394,0.4751,2.0484
33.3396,0.4577,1.9744
33.3398,0.4773,2.0583
33.3400,0.5488,2.3631
33.3402,0.5599,2.4122
33.3404,0.5808,2.501
33.3406,0.5776,2.4882
33.3408,0.5538,2.3837
33.3410,0.5566,2.3978
33.3412,0.5534,2.3849
33.3414,0.5537,2.3865
33.3416,0.5674,2.4409
33.3418,0.6216,2.6728
33.3420,0.6474,2.781
33.3422,0.7153,3.076
33.3424,0.7098,3.0565
33.3426,0.5652,2.4361
33.3428,0.5235,2.2573
33.3430,0.5192,2.2387
33.3432,0.5102,2.1999
33.3434,0.5484,2.3616
33.3436,0.5902,2.5412
33.3438,0.5695,2.4501
33.3440,0.5852,2.5177
33.3442,0.5827,2.5069
33.3444,0.6041,2.6023
33.3446,0.5791,2.4937
33.3448,0.5661,2.4375
33.3450,0.5603,2.4127
33.3452,0.6185,2.6618
33.3454,0.6404,2.7563
33.3456,0.6059,2.6064
33.3458,0.5832,2.5136
33.3460,0.4976,2.1426
33.3462,0.5308,2.2867
33.3464,0.5149,2.2201
33.3466,0.5183,2.234
33.3468,0.5201,2.2408
33.3470,0.5185,2.2335
33.3472,0.5876,2.5292
33.3474,0.6243,2.6821
33.3476,0.731,3.1391
33.3478,0.6782,2.9161
33.3480,0.6209,2.6697
33.3482,0.6474,2.7875
33.3484,0.6638,2.8543
33.3486,0.7296,3.1344
33.3488,0.7027,3.0204
33.3490,0.7268,3.1196
33.3492,0.7773,3.3347
33.3494,0.7725,3.3188
33.3496,0.7958,3.4155
33.3498,0.8348,3.5778
33.3500,0.9023,3.8653
33.3502,0.9261,3.9694
33.3504,0.9369,4.0138
33.3506,0.9646,4.1286
33.3508,0.9732,4.1733
33.3510,0.8927,3.8331
33.3512,0.8669,3.7173
33.3514,0.9134,3.9131
33.3516,0.9551,4.0976
33.3518,0.9104,3.9039
33.3520,0.9538,4.0843
33.3522,0.9452,4.0454
33.3524,0.9756,4.1816
33.3526,0.9478,4.0662
33.3528,0.9262,3.968
33.3530,0.9761,4.1876
33.3532,0.9169,3.9335
33.3534,0.906,3.8794
33.3536,0.9643,4.1289
33.3538,0.9788,4.195
33.3540,0.8946,3.8396
33.3542,0.9001,3.8633
33.3544,0.8759,3.7628
33.3546,0.8119,3.4845
33.3548,0.8233,3.5367
33.3550,0.7947,3.4157
33.3552,0.8246,3.5358
33.3554,0.9321,3.9969
33.3556,0.9159,3.933
33.3558,0.8069,3.4666
33.3560,0.8128,3.4935
33.3562,0.785,3.3787
33.3564,0.7283,3.1273
33.3566,0.7988,3.43
33.3568,0.8349,3.585
33.3570,0.8283,3.56
33.3572,0.7804,3.3528
33.3574,0.7687,3.3023
33.3576,0.7669,3.2992
33.3578,0.7605,3.2703
33.3580,0.7848,3.3698
33.3582,0.7978,3.4307
33.3584,0.7285,3.137
33.3586,0.6791,2.923
33.3588,0.6716,2.8918
33.3590,0.7055,3.0351
33.3592,0.7626,3.276
33.3594,0.7664,3.2925
33.3596,0.7894,3.3946
33.3598,0.7632,3.2801
33.3600,0.7887,3.3899
33.3602,0.7912,3.4039
33.3604,0.7135,3.0739
33.3606,0.6908,2.9703
33.3608,0.7268,3.1284
33.3610,0.7376,3.1748
33.3612,0.7493,3.2204
33.3614,0.7613,3.2719
33.3616,0.75,3.225
33.3618,0.6773,2.9166
33.3620,0.6757,2.908
33.3622,0.6903,2.9696
33.3624,0.6974,3.0042
33.3626,0.6147,2.6532
33.3628,0.5417,2.3359
33.3630,0.5703,2.4601
33.3632,0.5344,2.3033
33.3634,0.5402,2.3303
33.3636,0.5349,2.3064
33.3638,0.5265,2.2713
33.3640,0.5236,2.2578
33.3642,0.5327,2.2982
33.3644,0.5563,2.3979
33.3646,0.6309,2.7143
33.3648,0.6958,2.9947
33.3650,0.6186,2.6661
33.3652,0.5376,2.3194
33.3654,0.541,2.3328
33.3656,0.5391,2.3234
33.3658,0.5366,2.3158
33.3660,0.5225,2.2542
33.3662,0.5195,2.2402
33.3664,0.5255,2.2671
33.3666,0.5302,2.2884
33.3668,0.529,2.28
33.3670,0.5489,2.3636
33.3672,0.5941,2.5595
33.3674,0.6186,2.6636
33.3676,0.6243,2.6934
33.3678,0.554,2.3864
33.3680,0.6022,2.5953
33.3682,0.556,2.3941
33.3684,0.6228,2.6804
33.3686,0.6442,2.7702
33.3688,0.6337,2.7286
33.3690,0.6403,2.7545
33.3692,0.7252,3.1168
33.3694,0.756,3.2462
33.3696,0.7885,3.3905
33.3698,0.7783,3.3404
33.3700,0.7791,3.3456
33.3702,0.7235,3.1139
33.3704,0.6458,2.7795
33.3706,0.6717,2.891
33.3708,0.6828,2.939
33.3710,0.6806,2.9278
33.3712,0.7162,3.0796
33.3714,0.6826,2.9366
33.3716,0.7647,3.2853
33.3718,0.7904,3.3955
33.3720,0.7307,3.1434
33.3722,0.7336,3.1573
33.3724,0.6951,2.9972
33.3726,0.5644,2.4336
33.3728,0.5644,2.4314
33.3730,0.6356,2.7344
33.3732,0.6688,2.8799
33.3734,0.6427,2.7661
33.3736,0.6309,2.7143
33.3738,0.6221,2.6798
33.3740,0.645,2.7772
33.3742,0.6701,2.8829
33.3744,0.6845,2.9435
33.3746,0.6749,2.9049
33.3748,0.6863,2.9526
33.3750,0.7041,3.0247
33.3752,0.7682,3.3003
33.3754,0.7551,3.2502
33.3756,0.6983,3.0083
33.3758,0.6908,2.9744
33.3760,0.6145,2.6485
33.3762,0.5661,2.442
33.3764,0.5641,2.4326
33.3766,0.5621,2.4227
33.3768,0.5078,2.1916
33.3770,0.4739,2.0452
33.3772,0.4765,2.0565
33.3774,0.468,2.0207
33.3776,0.4653,2.0056
33.3778,0.5174,2.2309
33.3780,0.559,2.4126
33.3782,0.4974,2.1456
33.3784,0.4793,2.0684
33.3786,0.467,2.0157
33.3788,0.4593,1.9825
33.3790,0.4609,1.9893
33.3792,0.5269,2.2728
33.3794,0.4978,2.1477
33.3796,0.4673,2.0176
33.3798,0.4068,1.7559
33.3800,0.3971,1.7148
33.3802,0.4228,1.8239
33.3804,0.4745,2.0458
33.3806,0.5109,2.2
33.3808,0.6025,2.5956
33.3810,0.6295,2.7131
33.3812,0.5418,2.3332
33.3814,0.5789,2.4939
33.3816,0.6129,2.6381
33.3818,0.6834,2.9402
33.3820,0.6729,2.8921
33.3822,0.7122,3.054
33.3824,0.8596,3.6876
33.3826,0.871,3.7382
33.3828,0.8644,3.7065
33.3830,0.9027,3.8674
33.3832,0.9198,3.9421
33.3834,0.9132,3.9121
33.3836,0.9268,3.9725
33.3838,0.9357,4.0124
33.3840,0.9689,4.1528
33.3842,0.9682,4.1459
33.3844,1.0025,4.2947
33.3846,1.0003,4.2855
33.3848,0.9471,4.0612
33.3850,0.9054,3.8823
33.3852,0.9291,3.9841
33.3854,0.9607,4.1174
33.3856,0.9872,4.2349
33.3858,0.9133,3.9199
33.3860,0.8616,3.6998
33.3862,0.8392,3.6069
33.3864,0.837,3.5909
33.3866,0.8771,3.768
33.3868,0.7731,3.3245
33.3870,0.7053,3.0355
33.3872,0.726,3.1218
33.3874,0.7828,3.3647
33.3876,0.7924,3.4043
33.3878,0.8026,3.4513
33.3880,0.7471,3.2141
33.3882,0.7212,3.1027
33.3884,0.7655,3.2853
33.3886,0.8575,3.684
33.3888,0.8445,3.6295
33.3890,0.846,3.6329
33.3892,0.8123,3.4866
33.3894,0.8478,3.6406
33.3896,0.8639,3.7079
33.3898,0.8521,3.6625
33.3900,0.8108,3.4847
33.3902,0.841,3.6096
33.3904,0.8712,3.7392
33.3906,0.8621,3.7036
33.3908,0.8375,3.5946
33.3910,0.7986,3.4386
33.3912,0.6874,2.96
33.3914,0.7075,3.0439
33.3916,0.7055,3.0393
33.3918,0.6213,2.6767
33.3920,0.6602,2.8441
33.3922,0.6822,2.9364
33.3924,0.7078,3.0449
33.3926,0.73,3.1403
33.3928,0.7277,3.1334
33.3930,0.6786,2.9209
33.3932,0.6604,2.8464
33.3934,0.6025,2.5968
33.3936,0.5951,2.566
33.3938,0.5942,2.5612
33.3940,0.5946,2.5603
33.3942,0.6386,2.7498
33.3944,0.6418,2.7625
33.3946,0.6765,2.9143
33.3948,0.653,2.8131
33.3950,0.6168,2.6559
33.3952,0.6203,2.6721
33.3954,0.6192,2.6687
33.3956,0.6231,2.6832
33.3958,0.6363,2.7426
33.3960,0.5446,2.3494
33.3962,0.5005,2.164
33.3964,0.4171,1.8012
33.3966,0.4505,1.946
33.3968,0.4441,1.9186
33.3970,0.4426,1.911
33.3972,0.446,1.9269
33.3974,0.4489,1.9384
33.3976,0.4464,1.9266
33.3978,0.4454,1.9216
33.3980,0.443,1.9113
33.3982,0.4568,1.9698
33.3984,0.4613,1.9927
33.3986,0.4506,1.9457
33.3988,0.4469,1.9278
33.3990,0.447,1.9301
33.3992,0.4505,1.946
33.3994,0.4547,1.9615
33.3996,0.5048,2.1746
33.3998,0.5207,2.2465
33.4000,0.5149,2.218
33.4002,0.546,2.3523
33.4004,0.4983,2.1507
33.4006,0.4534,1.9585
33.4008,0.4494,1.9378
33.4010,0.4917,2.1183
33.4012,0.5872,2.5271
33.4014,0.5397,2.3282
33.4016,0.4551,1.9644
33.4018,0.4427,1.9115
33.4020,0.4424,1.9096
33.4022,0.4498,1.9411
33.4024,0.4478,1.9329
33.4026,0.4453,1.922
33.4028,0.4424,1.9087
33.4030,0.4428,1.9111
33.4032,0.4544,1.9604
33.4034,0.4554,1.9655
33.4036,0.4438,1.9153
33.4038,0.4406,1.8992
33.4040,0.444,1.9163
33.4042,0.4492,1.9395
33.4044,0.4474,1.929
33.4046,0.4472,1.9294
33.4048,0.4589,1.9777
33.4050,0.5131,2.2092
33.4052,0.5685,2.4478
33.4054,0.5986,2.5762
33.4056,0.5796,2.497
33.4058,0.558,2.4017
33.4060,0.5572,2.4004
33.4062,0.5628,2.4246
33.4064,0.5478,2.359
33.4066,0.5536,2.3827
33.4068,0.562,2.4222
33.4070,0.5469,2.3548
33.4072,0.5505,2.3703
33.4074,0.5504,2.3698
33.4076,0.5915,2.5445
33.4078,0.6858,2.9478
33.4080,0.7079,3.0426
33.4082,0.6956,2.9909
33.4084,0.655,2.8166
33.4086,0.6638,2.8529
33.4088,0.7215,3.0994
33.4090,0.7308,3.1395
33.4092,0.7445,3.1983
33.4094,0.7555,3.2457
33.4096,0.7518,3.2237
33.4098,0.8182,3.5118
33.4100,0.7412,3.1873
33.4102,0.7253,3.1173
33.4104,0.6551,2.8211
33.4106,0.5918,2.5473
33.4108,0.6044,2.5978
33.4110,0.6905,2.9706
33.4112,0.6953,2.9829
33.4114,0.7908,3.3955
33.4116,0.7303,3.1389
33.4118,0.6533,2.8133
33.4120,0.5701,2.455
33.4122,0.5625,2.4231
33.4124,0.5926,2.5516
33.4126,0.5656,2.4354
33.4128,0.5318,2.2898
33.4130,0.5246,2.263
33.4132,0.5372,2.313
33.4134,0.5795,2.4988
33.4136,0.5344,2.3001
33.4138,0.6301,2.7106
33.4140,0.6167,2.6578
33.4142,0.542,2.3369
33.4144,0.5034,2.1684
33.4146,0.5814,2.5001
33.4148,0.6265,2.6952
33.4150,0.6501,2.7955
33.4152,0.6525,2.8045
33.4154,0.6784,2.9144
33.4156,0.727,3.1216
33.4158,0.7828,3.36
33.4160,0.8396,3.6051
33.4162,0.7935,3.4074
33.4164,0.79,3.3893
33.4166,0.8405,3.6041
33.4168,0.8813,3.7737
33.4170,0.9168,3.9256
33.4172,0.9837,4.2161
33.4174,0.9387,4.0233
33.4176,0.9685,4.1469
33.4178,0.9796,4.1908
33.4180,0.9953,4.2659
33.4182,0.9554,4.0986
33.4184,0.8428,3.6173
33.4186,0.8271,3.5515
33.4188,0.8143,3.4997
33.4190,0.7993,3.4305
33.4192,0.832,3.571
33.4194,0.8224,3.5298
33.4196,0.8213,3.5268
33.4198,0.8215,3.524
33.4200,0.8832,3.7907
33.4202,0.8368,3.5966
33.4204,0.7599,3.2647
33.4206,0.7825,3.36
33.4208,0.8725,3.7397
33.4210,0.9295,3.9875
33.4212,0.9344,4.0048
33.4214,0.9032,3.8748
33.4216,0.8376,3.5968
33.4218,0.82,3.5228
33.4220,0.7939,3.4121
33.4222,0.7935,3.4089
33.4224,0.7824,3.361
33.4226,0.7783,3.3435
33.4228,0.8095,3.4726
33.4230,0.8399,3.6066
33.4232,0.8622,3.7024
33.4234,0.829,3.5614
33.4236,0.7589,3.2616
33.4238,0.7685,3.309
33.4240,0.678,2.9197
33.4242,0.6745,2.9001
33.4244,0.7434,3.1936
33.4246,0.7653,3.294
33.4248,0.6794,2.9226
33.4250,0.7159,3.0814
33.4252,0.7139,3.0741
33.4254,0.6802,2.9263
33.4256,0.7338,3.1554
33.4258,0.7608,3.2744
33.4260,0.6879,2.9593
33.4262,0.7248,3.1152
33.4264,0.7375,3.1728
33.4266,0.6809,2.9307
33.4268,0.7233,3.11
33.4270,0.7095,3.055
33.4272,0.678,2.917
33.4274,0.6766,2.9121
33.4276,0.6881,2.9575
33.4278,0.8044,3.4526
33.4280,0.8392,3.6035
33.4282,0.8173,3.5142
33.4284,0.7571,3.2569
33.4286,0.7241,3.1165
33.4288,0.6928,2.9846
33.4290,0.6393,2.7542
33.4292,0.6191,2.6632
33.4294,0.699,3.0058
33.4296,0.6911,2.9746
33.4298,0.7006,3.0111
33.4300,0.7405,3.1842
33.4302,0.7295,3.1426
33.4304,0.6421,2.7686
33.4306,0.6061,2.6111
33.4308,0.6072,2.617
33.4310,0.6344,2.7292
33.4312,0.6995,3.0079
33.4314,0.7345,3.157
33.4316,0.767,3.2982
33.4318,0.7768,3.3451
33.4320,0.6899,2.9653
33.4322,0.6878,2.9642
33.4324,0.5575,2.4053
33.4326,0.536,2.3132
33.4328,0.5349,2.3075
33.4330,0.5339,2.3034
33.4332,0.5472,2.3564
33.4334,0.6259,2.7001
33.4336,0.5645,2.4353
33.4338,0.5344,2.3054
33.4340,0.5294,2.2826
33.4342,0.533,2.2971
33.4344,0.5843,2.5171
33.4346,0.5977,2.5785
33.4348,0.5346,2.3043
33.4350,0.5241,2.2599
33.4352,0.5331,2.2997
33.4354,0.539,2.3251
33.4356,0.538,2.3199
33.4358,0.5352,2.308
33.4360,0.5342,2.3033
33.4362,0.5397,2.326
33.4364,0.536,2.3089
33.4366,0.5343,2.3038
33.4368,0.5364,2.3142
33.4370,0.5279,2.2754
33.4372,0.5242,2.2604
33.4374,0.5197,2.2418
33.4376,0.5201,2.2408
33.4378,0.5755,2.4771
33.4380,0.5995,2.5851
33.4382,0.5589,2.4076
33.4384,0.6089,2.6193
33.4386,0.6559,2.8229
33.4388,0.6517,2.8074
33.4390,0.633,2.7243
33.4392,0.6032,2.5963
33.4394,0.62,2.6673
33.4396,0.6459,2.7813
33.4398,0.6253,2.6913
33.4400,0.6294,2.7063
33.4402,0.6566,2.8273
33.4404,0.6496,2.796
33.4406,0.6929,2.9823
33.4408,0.6718,2.8888
33.4410,0.6779,2.9124
33.4412,0.7543,3.242
33.4414,0.7373,3.1659
33.4416,0.7707,3.308
33.4418,0.7701,3.3116
33.4420,0.7198,3.0965
33.4422,0.7351,3.1581
33.4424,0.7722,3.3188
33.4426,0.7073,3.0442
33.4428,0.6531,2.8123
33.4430,0.6228,2.6829
33.4432,0.6008,2.5884
33.4434,0.582,2.5096
33.4436,0.5573,2.4042
33.4438,0.4976,2.1466
33.4440,0.4831,2.084
33.4442,0.4789,2.0659
33.4444,0.5444,2.3429
33.4446,0.6314,2.7176
33.4448,0.6264,2.6997
33.4450,0.5092,2.1978
33.4452,0.4367,1.8847
33.4454,0.4713,2.0343
33.4456,0.5151,2.2201
33.4458,0.496,2.1429
33.4460,0.4085,1.7639
33.4462,0.4012,1.7324
33.4464,0.4012,1.7324
33.4466,0.4043,1.745
33.4468,0.4147,1.7892
33.4470,0.4331,1.8692
33.4472,0.4579,1.9745
33.4474,0.524,2.2573
33.4476,0.539,2.3218
33.4478,0.5581,2.4011
33.4480,0.6362,2.7331
33.4482,0.7454,3.2039
33.4484,0.7613,3.2658
33.4486,0.7928,3.4059
33.4488,0.7571,3.2539
33.4490,0.7537,3.2349
33.4492,0.8189,3.5132
33.4494,0.8137,3.4939
33.4496,0.7995,3.4283
33.4498,0.8661,3.705
33.4500,0.9679,4.1424
33.4502,0.9687,4.1538
33.4504,0.9766,4.1838
33.4506,0.988,4.2326
33.4508,0.9861,4.2244
33.4510,0.9625,4.1232
33.4512,0.9462,4.0571
33.4514,0.9755,4.1792
33.4516,0.9647,4.1349
33.4518,0.9586,4.1106
33.4520,0.9668,4.1436
33.4522,0.9628,4.1228
33.4524,0.9731,4.1708
33.4526,0.9551,4.0937
33.4528,0.9742,4.1774
33.4530,0.9238,3.9633
33.4532,0.8995,3.8643
33.4534,0.8993,3.8561
33.4536,0.9496,4.0682
33.4538,1.0125,4.3414
33.4540,0.9526,4.0849
33.4542,0.9253,3.9658
33.4544,0.9497,4.0725
33.4546,0.9689,4.1567
33.4548,0.9519,4.0799
33.4550,0.9278,3.984
33.4552,0.8318,3.5766
33.4554,0.7633,3.2852
33.4556,0.706,3.0343
33.4558,0.7471,3.2096
33.4560,0.8496,3.6466
33.4562,0.8385,3.6071
33.4564,0.7087,3.0504
33.4566,0.7568,3.2574
33.4568,0.7627,3.2781
33.4570,0.7773,3.3394
33.4572,0.8217,3.5333
33.4574,0.7906,3.3997
33.4576,0.8486,3.6454
33.4578,0.8633,3.707
33.4580,0.9285,3.9871
33.4582,0.8644,3.7186
33.4584,0.7896,3.3935
33.4586,0.7934,3.41
33.4588,0.7566,3.2533
33.4590,0.7375,3.1772
33.4592,0.6759,2.909
33.4594,0.6825,2.9374
33.4596,0.6481,2.7932
33.4598,0.6408,2.7617
33.4600,0.6426,2.7669
33.4602,0.6884,2.96
33.4604,0.7271,3.1294
33.4606,0.6704,2.8907
33.4608,0.6543,2.8122
33.4610,0.8077,3.4713
33.4612,0.7121,3.0692
33.4614,0.6171,2.6586
33.4616,0.644,2.7731
33.4618,0.7014,3.026
33.4620,0.5573,2.4031
33.4622,0.5593,2.4108
33.4624,0.5824,2.5112
33.4626,0.5631,2.4302
33.4628,0.4898,2.1159
33.4630,0.5114,2.2092
33.4632,0.4821,2.0828
33.4634,0.4631,1.9977
33.4636,0.5096,2.1963
33.4638,0.5333,2.3008
33.4640,0.5484,2.3648
33.4642,0.5264,2.2697
33.4644,0.5207,2.2475
33.4646,0.5051,2.1792
33.4648,0.5109,2.204
33.4650,0.5047,2.1741
33.4652,0.5529,2.384
33.4654,0.5604,2.4177
33.4656,0.5556,2.3925
33.4658,0.5948,2.5637
33.4660,0.6086,2.6244
33.4662,0.526,2.2692
33.4664,0.5339,2.3002
33.4666,0.5923,2.5541
33.4668,0.5489,2.368
33.4670,0.5501,2.3721
33.4672,0.5682,2.449
33.4674,0.533,2.295
33.4676,0.6181,2.6603
33.4678,0.6659,2.8649
33.4680,0.6869,2.9538
33.4682,0.7386,3.1789
33.4684,0.6749,2.9063
33.4686,0.6682,2.8733
33.4688,0.683,2.9354
33.4690,0.7298,3.1383
33.4692,0.737,3.1708
33.4694,0.75,3.2235
33.4696,0.7164,3.0849
33.4698,0.6727,2.8951
33.4700,0.6845,2.9366
33.4702,0.8261,3.5474
33.4704,0.8481,3.6382
33.4706,0.8616,3.6963
33.4708,0.8012,3.4435
33.4710,0.7968,3.4244
33.4712,0.7993,3.4337
33.4714,0.761,3.2739
33.4716,0.7173,3.0899
33.4718,0.6562,2.8244
33.4720,0.6411,2.7619
33.4722,0.62,2.6685
33.4724,0.7,3.0128
33.4726,0.7221,3.1063
33.4728,0.7038,3.0293
33.4730,0.6941,2.9903
33.4732,0.6591,2.8394
33.4734,0.6614,2.8426
33.4736,0.7453,3.2004
33.4738,0.7448,3.2028
33.4740,0.6966,2.9997
33.4742,0.6924,2.9775
33.4744,0.7209,3.1026
33.4746,0.6978,3.0049
33.4748,0.7026,3.0255
33.4750,0.6685,2.877
33.4752,0.6364,2.7405
33.4754,0.6615,2.8471
33.4756,0.6629,2.856
33.4758,0.6044,2.6051
33.4760,0.5542,2.3941
33.4762,0.4879,2.1047
33.4764,0.4869,2.0996
33.4766,0.4887,2.1093
33.4768,0.4862,2.0994
33.4770,0.4802,2.0726
33.4772,0.4863,2.0951
33.4774,0.5444,2.3484
33.4776,0.5086,2.1942
33.4778,0.4745,2.0496
33.4780,0.4022,1.7373
33.4782,0.4086,1.7628
33.4784,0.4498,1.9429
33.4786,0.3935,1.6992
33.4788,0.3911,1.6896
33.4790,0.3887,1.6793
33.4792,0.3876,1.6754
33.4794,0.3864,1.6694
33.4796,0.3892,1.6806
33.4798,0.3975,1.7171
33.4800,0.4152,1.7921
33.4802,0.4554,1.9627
33.4804,0.5199,2.2408
33.4806,0.5156,2.2211
33.4808,0.5747,2.4735
33.4810,0.6475,2.7841
33.4812,0.6759,2.9077
33.4814,0.7246,3.1157
33.4816,0.7333,3.1474
33.4818,0.8137,3.489
33.4820,0.8266,3.5495
33.4822,0.8036,3.4442
33.4824,0.9316,3.9949
33.4826,0.9291,3.9785
33.4828,0.9826,4.2036
33.4830,0.999,4.2818
33.4832,0.9664,4.1421
33.4834,0.9634,4.1331
33.4836,0.8156,3.5037
33.4838,0.8025,3.4428
33.4840,0.8653,3.7175
33.4842,0.8132,3.4934
33.4844,0.7938,3.41
33.4846,0.7994,3.4326
33.4848,0.8204,3.5227
33.4850,0.8209,3.5297
33.4852,0.7343,3.156
33.4854,0.7189,3.0885
33.4856,0.7336,3.1499
33.4858,0.7502,3.2245
33.4860,0.7451,3.2068
33.4862,0.734,3.1549
33.4864,0.7343,3.1574
33.4866,0.7651,3.2899
33.4868,0.7499,3.2199
33.4870,0.7821,3.3584
33.4872,0.7892,3.3872
33.4874,0.831,3.5702
33.4876,0.8262,3.5463
33.4878,0.896,3.844
33.4880,0.9073,3.8905
33.4882,0.9103,3.9052
33.4884,0.8768,3.7599
33.4886,0.9551,4.0937
33.4888,0.9429,4.0451
33.4890,0.8595,3.694
33.4892,0.7893,3.3941
33.4894,0.8233,3.5367
33.4896,0.8011,3.4398
33.4898,0.8209,3.5231
33.4900,0.8524,3.6602
33.4902,0.8509,3.654
33.4904,0.8327,3.5807
33.4906,0.7465,3.2145
33.4908,0.6981,3.0031
33.4910,0.7502,3.2275
33.4912,0.7337,3.1548
33.4914,0.8042,3.4532
33.4916,0.8331,3.5773
33.4918,0.8356,3.5881
33.4920,0.8322,3.577
33.4922,0.8368,3.5966
33.4924,0.8355,3.5892
33.4926,0.8403,3.6082
33.4928,0.8362,3.594
33.4930,0.7533,3.2409
33.4932,0.7067,3.0445
33.4934,0.6773,2.9152
33.4936,0.677,2.915
33.4938,0.7096,3.0526
33.4940,0.7798,3.3533
33.4942,0.8205,3.5248
33.4944,0.7974,3.427
33.4946,0.7729,3.325
33.4948,0.7454,3.2143
33.4950,0.6055,2.6097
33.4952,0.5813,2.5077
33.4954,0.5729,2.4715
33.4956,0.5804,2.5041
33.4958,0.5007,2.1611
33.4960,0.4908,2.1191
33.4962,0.4969,2.1455
33.4964,0.4996,2.1534
33.4966,0.5498,2.3705
33.4968,0.5486,2.3665
33.4970,0.5434,2.3442
33.4972,0.5603,2.4127
33.4974,0.6263,2.6979
33.4976,0.5724,2.4694
33.4978,0.5404,2.3313
33.4980,0.5267,2.2702
33.4982,0.5206,2.2439
33.4984,0.5239,2.2589
33.4986,0.5241,2.2609
33.4988,0.5322,2.2951
33.4990,0.5277,2.2743
33.4992,0.5267,2.2723
33.4994,0.5248,2.264
33.4996,0.5216,2.248
33.4998,0.529,2.2821
33.5000,0.53,2.2863
33.5002,0.5261,2.2697
33.5004,0.5499,2.3689
33.5006,0.6294,2.7088
33.5008,0.698,3.004
33.5010,0.7123,3.0645
33.5012,0.6926,2.9808
33.5014,0.6378,2.7437
33.5016,0.6163,2.6575
33.5018,0.5416,2.3365
33.5020,0.5291,2.2784
33.5022,0.5731,2.4736
33.5024,0.5301,2.2879
33.5026,0.5236,2.2568
33.5028,0.5393,2.3245
33.5030,0.5296,2.2837
33.5032,0.5223,2.2511
33.5034,0.5199,2.2418
33.5036,0.5199,2.2418
33.5038,0.5259,2.2666
33.5040,0.5312,2.2904
33.5042,0.5176,2.2319
33.5044,0.5543,2.3868
33.5046,0.622,2.6748
33.5048,0.6621,2.8483
33.5050,0.6517,2.8034
33.5052,0.6429,2.7671
33.5054,0.656,2.8233
33.5056,0.6542,2.8182
33.5058,0.5658,2.4386
33.5060,0.5652,2.4349
33.5062,0.58,2.4961
33.5064,0.5855,2.5187
33.5066,0.6071,2.6128
33.5068,0.6428,2.7653
33.5070,0.6563,2.8209
33.5072,0.713,3.0675
33.5074,0.7443,3.1977
33.5076,0.7541,3.2454
33.5078,0.7122,3.0582
33.5080,0.7383,3.1705
33.5082,0.7844,3.3729
33.5084,0.7014,3.0189
33.5086,0.7224,3.1063
33.5088,0.7559,3.2441
33.5090,0.7662,3.293
33.5092,0.755,3.245
33.5094,0.7526,3.2317
33.5096,0.7822,3.362
33.5098,0.7841,3.3687
33.5100,0.732,3.1476
33.5102,0.7385,3.1739
33.5104,0.7831,3.3656
33.5106,0.8009,3.4456
33.5108,0.7123,3.063
33.5110,0.6954,2.9917
33.5112,0.6839,2.9422
33.5114,0.6758,2.9044
33.5116,0.7158,3.078
33.5118,0.6818,2.9384
33.5120,0.5899,2.5437
33.5122,0.5238,2.262
33.5124,0.4701,2.03
33.5126,0.4824,2.0799
33.5128,0.4792,2.0684
33.5130,0.4788,2.0654
33.5132,0.5168,2.2273
33.5134,0.5577,2.4024
33.5136,0.6224,2.6813
33.5138,0.6277,2.699
33.5140,0.7162,3.0795
33.5142,0.7112,3.0569
33.5144,0.7255,3.1197
33.5146,0.7288,3.1307
33.5148,0.7355,3.1596
33.5150,0.7812,3.3558
33.5152,0.7977,3.4253
33.5154,0.8548,3.667
33.5156,0.9073,3.8923
33.5158,0.8951,3.8344
33.5160,0.9479,4.0647
33.5162,0.9662,4.1429
33.5164,0.9405,4.0347
33.5166,0.8922,3.8257
33.5168,0.9678,4.1481
33.5170,0.9849,4.2211
33.5172,0.947,4.0606
33.5174,0.9422,4.0382
33.5176,0.9596,4.1127
33.5178,0.963,4.1276
33.5180,0.96,4.1147
33.5182,0.9459,4.0579
33.5184,0.9845,4.2215
33.5186,0.9941,4.2587
33.5188,1.0007,4.285
33.5190,0.9828,4.2143
33.5192,0.9738,4.1777
33.5194,0.9694,4.1548
33.5196,0.9374,4.0232
33.5198,0.9259,3.9738
33.5200,0.8761,3.7655
33.5202,0.8069,3.4666
33.5204,0.8218,3.5304
33.5206,0.8639,3.7095
33.5208,0.8877,3.8084
33.5210,0.943,4.0493
33.5212,0.8222,3.5402
33.5214,0.7404,3.1866
33.5216,0.7943,3.4157
33.5218,0.7345,3.1643
33.5220,0.728,3.1349
33.5222,0.7129,3.0656
33.5224,0.7425,3.1914
33.5226,0.7445,3.1997
33.5228,0.7694,3.3115
33.5230,0.7553,3.2506
33.5232,0.6918,2.979
33.5234,0.6818,2.9356
33.5236,0.74,3.1836
33.5238,0.7489,3.2233
33.5240,0.7057,3.0389
33.5242,0.7117,3.0647
33.5244,0.6912,2.9764
33.5246,0.6084,2.6245
33.5248,0.6223,2.6833
33.5250,0.6105,2.6314
33.5252,0.6199,2.6705
33.5254,0.5954,2.5663
33.5256,0.5881,2.5359
33.5258,0.5754,2.4811
33.5260,0.5957,2.5673
33.5262,0.6057,2.6107
33.5264,0.633,2.728
33.5266,0.6181,2.664
33.5268,0.5664,2.4401
33.5270,0.6519,2.8084
33.5272,0.635,2.7355
33.5274,0.6071,2.614
33.5276,0.6417,2.767
33.5278,0.6494,2.7949
33.5280,0.714,3.0745
33.5282,0.6812,2.933
33.5284,0.6075,2.6197
33.5286,0.5785,2.4957
33.5288,0.5913,2.5475
33.5290,0.5959,2.5684
33.5292,0.6235,2.686
33.5294,0.6609,2.8458
33.5296,0.6585,2.8394
33.5298,0.5905,2.5451
33.5300,0.6177,2.6612
33.5302,0.6358,2.7328
33.5304,0.6308,2.7187
33.5306,0.5587,2.407
33.5308,0.5704,2.4583
33.5310,0.6049,2.6095
33.5312,0.5941,2.5606
33.5314,0.569,2.4549
33.5316,0.5706,2.4593
33.5318,0.6008,2.5907
33.5320,0.5057,2.1808
33.5322,0.5399,2.3259
33.5324,0.5333,2.2997
33.5326,0.5012,2.1611
33.5328,0.5126,2.2153
33.5330,0.4545,1.9627
33.5332,0.4622,1.9922
33.5334,0.4521,1.9524
33.5336,0.4451,1.9218
33.5338,0.4423,1.909
33.5340,0.446,1.926
33.5342,0.4478,1.9319
33.5344,0.45,1.9421
33.5346,0.4458,1.9258
33.5348,0.442,1.9084
33.5350,0.4428,1.9111
33.5352,0.4455,1.9221
33.5354,0.4434,1.9146
33.5356,0.4469,1.9287
33.5358,0.4435,1.9133
33.5360,0.4526,1.9526
33.5362,0.4628,1.9966
33.5364,0.461,1.9907
33.5366,0.4579,1.9763
33.5368,0.4563,1.9687
33.5370,0.4586,1.9785
33.5372,0.472,2.0355
33.5374,0.487,2.0981
33.5376,0.5292,2.28
33.5378,0.5731,2.4679
33.5380,0.6099,2.6227
33.5382,0.6302,2.7161
33.5384,0.5572,2.4014
33.5386,0.5232,2.2573
33.5388,0.4878,2.1042
33.5390,0.4906,2.1146
33.5392,0.4893,2.1099
33.5394,0.487,2.1001
33.5396,0.4899,2.1135
33.5398,0.5105,2.2004
33.5400,0.5796,2.4934
33.5402,0.6573,2.8264
33.5404,0.7031,3.0219
33.5406,0.6949,2.9896
33.5408,0.6228,2.6779
33.5410,0.6596,2.8388
33.5412,0.6665,2.8674
33.5414,0.6762,2.9092
33.5416,0.6349,2.7338
33.5418,0.6087,2.6236
33.5420,0.5966,2.5667
33.5422,0.6544,2.8127
33.5424,0.6059,2.6076
33.5426,0.5526,2.3796
33.5428,0.5597,2.4134
33.5430,0.4983,2.1497
33.5432,0.5277,2.2732
33.5434,0.619,2.6656
33.5436,0.5978,2.5742
33.5438,0.5695,2.4569
33.5440,0.4687,2.0238
33.5442,0.4319,1.864
33.5444,0.438,1.8904
33.5446,0.475,2.0484
33.5448,0.5117,2.2076
33.5450,0.4538,1.9605
33.5452,0.3944,1.702
33.5454,0.3881,1.6759
33.5456,0.3842,1.658
33.5458,0.4158,1.7955
33.5460,0.3917,1.6891
33.5462,0.443,1.9086
33.5464,0.4966,2.1385
33.5466,0.5563,2.3945
33.5468,0.5942,2.5575
33.5470,0.6345,2.7284
33.5472,0.6579,2.8263
33.5474,0.7395,3.1741
33.5476,0.7911,3.3954
33.5478,0.7951,3.4108
33.5480,0.8206,3.5187
33.5482,0.8382,3.5977
33.5484,0.8756,3.7565
33.5486,0.8712,3.7339
33.5488,0.891,3.817
33.5490,0.8811,3.7784
33.5492,0.8684,3.7187
33.5494,0.9463,4.05
33.5496,0.9918,4.247
33.5498,0.9965,4.271
33.5500,0.99,4.2373
33.5502,0.9964,4.2705
33.5504,0.9933,4.2511
33.5506,1.0018,4.2916
33.5508,0.9188,3.9361
33.5510,0.919,3.9427
33.5512,0.9036,3.8745
33.5514,0.8961,3.839
33.5516,0.9032,3.8766
33.5518,0.8801,3.7737
33.5520,0.9164,3.9258
33.5522,0.9413,4.0365
33.5524,0.92,3.9431
33.5526,0.9473,4.0622
33.5528,0.9421,4.0358
33.5530,0.9698,4.1583
33.5532,0.9435,4.0476
33.5534,0.9443,4.0474
33.5536,0.8976,3.856
33.5538,0.7707,3.3126
33.5540,0.7982,3.4306
33.5542,0.8452,3.6258
33.5544,0.9355,4.0131
33.5546,0.8668,3.7236
33.5548,0.8653,3.7191
33.5550,0.8212,3.5262
33.5552,0.788,3.3868
33.5554,0.7957,3.4166
33.5556,0.8186,3.5198
33.5558,0.7784,3.3455
33.5560,0.7698,3.31
33.5562,0.7668,3.2971
33.5564,0.7716,3.3162
33.5566,0.8109,3.4836
33.5568,0.8562,3.6748
33.5570,0.8633,3.7069
33.5572,0.8104,3.4799
33.5574,0.7791,3.3486
33.5576,0.7898,3.3977
33.5578,0.8013,3.4472
33.5580,0.7885,3.3857
33.5582,0.8116,3.4867
33.5584,0.7675,3.3017
33.5586,0.7615,3.2759
33.5588,0.7652,3.2888
33.5590,0.7678,3.3048
33.5592,0.7096,3.0554
33.5594,0.6868,2.9573
33.5596,0.6807,2.9296
33.5598,0.6955,2.9867
33.5600,0.8204,3.5275
33.5602,0.7616,3.2795
33.5604,0.627,2.7009
33.5606,0.6115,2.6331
33.5608,0.5999,2.5842
33.5610,0.632,2.7264
33.5612,0.5643,2.4342
33.5614,0.5415,2.3337
33.5616,0.5641,2.4314
33.5618,0.5525,2.3857
33.5620,0.5421,2.3374
33.5622,0.5549,2.3905
33.5624,0.5874,2.5328
33.5626,0.5714,2.4652
33.5628,0.5314,2.2914
33.5630,0.5761,2.4819
33.5632,0.6057,2.6022
33.5634,0.7724,3.3259
33.5636,0.6015,2.595
33.5638,0.5162,2.2257
33.5640,0.5208,2.2469
33.5642,0.5286,2.2816
33.5644,0.5168,2.2304
33.5646,0.5123,2.2092
33.5648,0.5074,2.189
33.5650,0.5225,2.2542
33.5652,0.5566,2.3977
33.5654,0.532,2.295
33.5656,0.5128,2.2133
33.5658,0.5107,2.2019
33.5660,0.518,2.2345
33.5662,0.5289,2.2816
33.5664,0.5176,2.2319
33.5666,0.5586,2.4043
33.5668,0.5472,2.3564
33.5670,0.6248,2.6866
33.5672,0.6877,2.9628
33.5674,0.6459,2.7774
33.5676,0.7195,3.0882
33.5678,0.8308,3.5691
33.5680,0.7982,3.4322
33.5682,0.7508,3.227
33.5684,0.7312,3.1425
33.5686,0.6981,3.0045
33.5688,0.6664,2.8695
33.5690,0.6905,2.9664
33.5692,0.794,3.4109
33.5694,0.766,3.2955
33.5696,0.7385,3.171
33.5698,0.8037,3.4543
33.5700,0.7814,3.3569
33.5702,0.7732,3.3249
33.5704,0.6929,2.9823
33.5706,0.6578,2.8297
33.5708,0.7291,3.1352
33.5710,0.7708,3.3161
33.5712,0.7514,3.2356
33.5714,0.6794,2.9199
33.5716,0.7171,3.0836
33.5718,0.6931,2.9819
33.5720,0.7089,3.0495
33.5722,0.7163,3.0786
33.5724,0.7535,3.2383
33.5726,0.7636,3.2837
33.5728,0.7496,3.2204
33.5730,0.8152,3.5005
33.5732,0.8121,3.4887
33.5734,0.7393,3.1805
33.5736,0.7047,3.0314
33.5738,0.7807,3.3553
33.5740,0.732,3.152
33.5742,0.6648,2.8602
33.5744,0.6784,2.9171
33.5746,0.6471,2.7877
33.5748,0.5669,2.4467
33.5750,0.49,2.114
33.5752,0.4705,2.0297
33.5754,0.4698,2.0275
33.5756,0.4747,2.0506
33.5758,0.4783,2.0652
33.5760,0.4729,2.04
33.5762,0.4686,2.0205
33.5764,0.5278,2.2748
33.5766,0.5429,2.3443
33.5768,0.4277,1.8459
33.5770,0.4223,1.8234
33.5772,0.4467,1.9282
33.5774,0.4808,2.078
33.5776,0.4084,1.7642
33.5778,0.4018,1.7349
33.5780,0.4017,1.7336
33.5782,0.396,1.7109
33.5784,0.3863,1.6689
33.5786,0.383,1.6536
33.5788,0.3855,1.6645
33.5790,0.3939,1.7015
33.5792,0.403,1.7401
33.5794,0.4319,1.8631
33.5796,0.4803,2.0702
33.5798,0.5629,2.4251
33.5800,0.5958,2.5631
33.5802,0.6232,2.6824
33.5804,0.6307,2.7132
33.5806,0.6973,2.9958
33.5808,0.7545,3.2385
33.5810,0.7885,3.3872
33.5812,0.8002,3.4393
33.5814,0.788,3.382
33.5816,0.8593,3.6796
33.5818,0.9516,4.0769
33.5820,0.9783,4.1929
33.5822,0.9557,4.0943
33.5824,0.9765,4.1851
33.5826,0.9633,4.1286
33.5828,0.949,4.0599
33.5830,1.0166,4.3553
33.5832,0.9839,4.217
33.5834,0.9253,3.9657
33.5836,0.9073,3.8959
33.5838,0.8531,3.6632
33.5840,0.8765,3.7618
33.5842,0.8479,3.6376
33.5844,0.8752,3.7562
33.5846,0.8838,3.7914
33.5848,0.8897,3.8149
33.5850,0.8916,3.8249
33.5852,0.8782,3.7725
33.5854,0.8978,3.8498
33.5856,0.9062,3.8913
33.5858,0.8482,3.6438
33.5860,0.7871,3.3879
33.5862,0.7629,3.273
33.5864,0.8676,3.722
33.5866,0.8759,3.761
33.5868,0.8153,3.4994
33.5870,0.8376,3.6001
33.5872,0.7813,3.3563
33.5874,0.857,3.6802
33.5876,0.8788,3.7681
33.5878,0.9187,3.9503
33.5880,0.8011,3.4413
33.5882,0.8574,3.6817
33.5884,0.8712,3.7374
33.5886,0.8785,3.7706
33.5888,0.8752,3.7632
33.5890,0.7874,3.3873
33.5892,0.7707,3.3126
33.5894,0.7648,3.2827
33.5896,0.8023,3.4449
33.5898,0.8159,3.5101
33.5900,0.7877,3.3857
33.5902,0.7981,3.43
33.5904,0.7864,3.3832
33.5906,0.7265,3.1253
33.5908,0.7696,3.3095
33.5910,0.7441,3.2041
33.5912,0.6505,2.7996
33.5914,0.6734,2.9008
33.5916,0.6895,2.9664
33.5918,0.7345,3.1657
33.5920,0.6184,2.6655
33.5922,0.5967,2.5696
33.5924,0.6296,2.711
33.5926,0.6137,2.6461
33.5928,0.6266,2.6931
33.5930,0.8029,3.4523
33.5932,0.7692,3.3089
33.5934,0.6802,2.9344
33.5936,0.5354,2.3127
33.5938,0.4878,2.1032
33.5940,0.5509,2.3768
33.5942,0.5385,2.3262
33.5944,0.4655,2.0108
33.5946,0.4502,1.9432
33.5948,0.4494,1.9413
33.5950,0.4481,1.9356
33.5952,0.4477,1.935
33.5954,0.4439,1.9166
33.5956,0.4499,1.9425
33.5958,0.4467,1.9291
33.5960,0.4466,1.9294
33.5962,0.4476,1.9318
33.5964,0.4482,1.9362
33.5966,0.4562,1.97
33.5968,0.4754,2.0518
33.5970,0.4658,2.0104
33.5972,0.4601,1.9865
33.5974,0.4583,1.9788
33.5976,0.4633,2.0005
33.5978,0.4571,1.9718
33.5980,0.4786,2.0649
33.5982,0.5158,2.2273
33.5984,0.4621,1.9963
33.5986,0.4485,1.9359
33.5988,0.4429,1.9134
33.5990,0.4428,1.912
33.5992,0.4723,2.0356
33.5994,0.5306,2.2888
33.5996,0.4866,2.099
33.5998,0.4496,1.9406
33.6000,0.4461,1.9265
33.6002,0.4429,1.9107
33.6004,0.4459,1.9237
33.6006,0.447,1.9292
33.6008,0.4441,1.9177
33.6010,0.4444,1.9169
33.6012,0.446,1.9233
33.6014,0.4508,1.9431
33.6016,0.4599,1.9833
33.6018,0.4494,1.9395
33.6020,0.447,1.9292
33.6022,0.4488,1.9352
33.6024,0.4942,2.1301
33.6026,0.5091,2.1962
33.6028,0.4554,1.9645
33.6030,0.4806,2.0693
33.6032,0.5509,2.3724
33.6034,0.5651,2.4378
33.6036,0.5062,2.1798
33.6038,0.5925,2.548
33.6040,0.6601,2.8395
33.6042,0.6562,2.823
33.6044,0.6427,2.7647
33.6046,0.6067,2.6112
33.6048,0.6002,2.581
33.6050,0.6489,2.7916
33.6052,0.6132,2.6403
33.6054,0.5856,2.5204
33.6056,0.6325,2.7234
33.6058,0.6437,2.7642
33.6060,0.7256,3.1159
33.6062,0.7665,3.2914
33.6064,0.7928,3.4074
33.6066,0.7405,3.1812
33.6068,0.7782,3.3383
33.6070,0.7918,3.4001
33.6072,0.7572,3.2558
33.6074,0.7358,3.1641
33.6076,0.7318,3.1451
33.6078,0.7339,3.1499
33.6080,0.8017,3.4423
33.6082,0.7443,3.2022
33.6084,0.6483,2.7955
33.6086,0.5672,2.4414
33.6088,0.5959,2.5648
33.6090,0.5903,2.5417
33.6092,0.6208,2.6709
33.6094,0.672,2.8884
33.6096,0.6747,2.8998
33.6098,0.6831,2.9399
33.6100,0.6326,2.7239
33.6102,0.5692,2.4531
33.6104,0.5103,2.2035
33.6106,0.4086,1.7652
33.6108,0.3957,1.7101
33.6110,0.3923,1.694
33.6112,0.3911,1.6881
33.6114,0.3991,1.7219
33.6116,0.4113,1.7742
33.6118,0.4018,1.7357
33.6120,0.4013,1.7328
33.6122,0.4326,1.8645
33.6124,0.4801,2.0701
33.6126,0.5044,2.171
33.6128,0.6318,2.7165
33.6130,0.6789,2.9205
33.6132,0.568,2.4457
33.6134,0.6457,2.7764
33.6136,0.6623,2.848
33.6138,0.6543,2.8122
33.6140,0.6803,2.9281
33.6142,0.6772,2.9079
33.6144,0.826,3.5336
33.6146,0.957,4.1019
33.6148,0.9144,3.9208
33.6150,0.9168,3.9311
33.6152,0.87,3.7305
33.6154,0.8713,3.7379
33.6156,0.8952,3.8385
33.6158,0.8862,3.8017
33.6160,0.8849,3.789
33.6162,0.951,4.0743
33.6164,0.9763,4.1827
33.6166,0.9702,4.1545
33.6168,0.9513,4.0791
33.6170,0.9206,3.9475
33.6172,0.9311,3.9909
33.6174,0.8847,3.7956
33.6176,0.852,3.6551
33.6178,0.9261,3.9693
33.6180,0.9232,3.9551
33.6182,0.9061,3.8889
33.6184,0.8493,3.6484
33.6186,0.8256,3.5486
33.6188,0.7782,3.3476
33.6190,0.7412,3.1828
33.6192,0.7696,3.3033
33.6194,0.8198,3.5168
33.6196,0.8427,3.615
33.6198,0.8564,3.6793
33.6200,0.7919,3.4038
33.6202,0.791,3.3981
33.6204,0.8374,3.5974
33.6206,0.8463,3.6338
33.6208,0.814,3.497
33.6210,0.7969,3.4281
33.6212,0.7555,3.2441
33.6214,0.7953,3.4198
33.6216,0.8062,3.4651
33.6218,0.8367,3.5943
33.6220,0.7945,3.4146
33.6222,0.7524,3.2367
33.6224,0.7274,3.1265
33.6226,0.7168,3.0821
33.6228,0.7335,3.1528
33.6230,0.7666,3.3027
33.6232,0.6772,2.916
33.6234,0.6772,2.9119
33.6236,0.7418,3.1869
33.6238,0.7524,3.2367
33.6240,0.7441,3.1996
33.6242,0.7381,3.1783
33.6244,0.6696,2.8808
33.6246,0.6945,2.989
33.6248,0.7533,3.2393
33.6250,0.7367,3.1691
33.6252,0.7225,3.1083
33.6254,0.7075,3.0466
33.6256,0.6719,2.8919
33.6258,0.6795,2.9204
33.6260,0.7747,3.3296
33.6262,0.7812,3.3574
33.6264,0.846,3.6396
33.6266,0.7063,3.0415
33.6268,0.6383,2.7526
33.6270,0.5789,2.495
33.6272,0.593,2.5548
33.6274,0.6506,2.7975
33.6276,0.7053,3.0326
33.6278,0.6948,2.9877
33.6280,0.7471,3.2155
33.6282,0.7447,3.2067
33.6284,0.6464,2.7846
33.6286,0.6049,2.6083
33.6288,0.5905,2.5427
33.6290,0.652,2.8037
33.6292,0.7145,3.068
33.6294,0.7949,3.4151
33.6296,0.8132,3.4982
33.6298,0.7702,3.312
33.6300,0.7036,3.0282
33.6302,0.6431,2.7707
33.6304,0.6681,2.8741
33.6306,0.7033,3.03
33.6308,0.5846,2.5209
33.6310,0.5575,2.403
33.6312,0.5441,2.3473
33.6314,0.5525,2.3835
33.6316,0.5569,2.4015
33.6318,0.5453,2.3503
33.6320,0.5405,2.3318
33.6322,0.5434,2.3442
33.6324,0.5473,2.358
33.6326,0.5855,2.5164
33.6328,0.6913,2.9797
33.6330,0.5804,2.4994
33.6332,0.5928,2.5549
33.6334,0.5454,2.353
33.6336,0.5759,2.4809
33.6338,0.5824,2.51
33.6340,0.5297,2.2842
33.6342,0.5264,2.2707
33.6344,0.5294,2.2826
33.6346,0.5315,2.2919
33.6348,0.5261,2.2697
33.6350,0.5262,2.2702
33.6352,0.5264,2.2686
33.6354,0.5288,2.2779
33.6356,0.5304,2.2873
33.6358,0.5264,2.2686
33.6360,0.5822,2.5071
33.6362,0.5832,2.5136
33.6364,0.5373,2.3178
33.6366,0.5384,2.3225
33.6368,0.5322,2.2908
33.6370,0.627,2.6972
33.6372,0.7328,3.1512
33.6374,0.7663,3.2904
33.6376,0.7687,3.3053
33.6378,0.681,2.9312
33.6380,0.6736,2.8978
33.6382,0.6856,2.9522
33.6384,0.6556,2.8218
33.6386,0.6443,2.772
33.6388,0.6547,2.815
33.6390,0.7319,3.1427
33.6392,0.8302,3.5665
33.6394,0.7899,3.3903
33.6396,0.7463,3.2104
33.6398,0.6692,2.8854
33.6400,0.5818,2.505
33.6402,0.5856,2.5251
33.6404,0.5699,2.4562
33.6406,0.5683,2.4472
33.6408,0.5755,2.4782
33.6410,0.5901,2.5435
33.6412,0.5675,2.447
33.6414,0.5731,2.4702
33.6416,0.5771,2.4861
33.6418,0.594,2.5565
33.6420,0.5913,2.5487
33.6422,0.5682,2.449
33.6424,0.5682,2.4478
33.6426,0.5678,2.4452
33.6428,0.5658,2.4409
33.6430,0.5274,2.2733
33.6432,0.5856,2.5216
33.6434,0.5336,2.305
33.6436,0.4035,1.7422
33.6438,0.4567,1.9684
33.6440,0.4947,2.1362
33.6442,0.3924,1.6953
33.6444,0.3884,1.6777
33.6446,0.388,1.6754
33.6448,0.3873,1.673
33.6450,0.3881,1.6736
33.6452,0.4127,1.7829
33.6454,0.3905,1.687
33.6456,0.4135,1.784
33.6458,0.4515,1.9462
33.6460,0.5036,2.1704
33.6462,0.5308,2.2877
33.6464,0.4977,2.1441
33.6466,0.5186,2.2309
33.6468,0.675,2.904
33.6470,0.6555,2.8213
33.6472,0.6868,2.9504
33.6474,0.7464,3.202
33.6476,0.8349,3.5799
33.6478,0.8687,3.7266
33.6480,0.8659,3.7148
33.6482,0.9061,3.8762
33.6484,1.0042,4.2998
33.6486,1.0305,4.4107
33.6488,1.0098,4.324
33.6490,0.9847,4.2206
33.6492,0.968,4.1467
33.6494,0.9604,4.1182
33.6496,0.9194,3.9387
33.6498,0.9712,4.1645
33.6500,0.9682,4.1516
33.6502,0.9515,4.0744
33.6504,0.9602,4.1095
33.6506,0.9796,4.1946
33.6508,0.9622,4.124
33.6510,0.9461,4.057
33.6512,0.9817,4.2058
33.6514,0.9981,4.2757
33.6516,0.9877,4.2394
33.6518,0.9175,3.936
33.6520,0.8851,3.7953
33.6522,0.906,3.8884
33.6524,0.8849,3.7978
33.6526,0.8899,3.8195
33.6528,0.885,3.8001
33.6530,0.8979,3.8557
33.6532,0.8485,3.6453
33.6534,0.8634,3.704
33.6536,0.9009,3.8614
33.6538,0.943,4.0418
33.6540,0.9278,3.9821
33.6542,0.9072,3.8972
33.6544,0.846,3.6328
33.6546,0.8166,3.5116
33.6548,0.7318,3.148
33.6550,0.7843,3.3676
33.6552,0.8002,3.4377
33.6554,0.7666,3.2935
33.6556,0.7592,3.2676
33.6558,0.7118,3.0652
33.6560,0.7147,3.0748
33.6562,0.691,2.974
33.6564,0.7035,3.0291
33.6566,0.7279,3.13
33.6568,0.7478,3.2141
33.6570,0.7124,3.0664
33.6572,0.6909,2.9763
33.6574,0.7036,3.024
33.6576,0.816,3.5073
33.6578,0.7771,3.3445
33.6580,0.6984,3.0102
33.6582,0.6175,2.6589
33.6584,0.6453,2.7787
33.6586,0.6194,2.6709
33.6588,0.6164,2.6543
33.6590,0.6575,2.8248
33.6592,0.7597,3.2743
33.6594,0.6523,2.8125
33.6596,0.5548,2.3911
33.6598,0.6062,2.6104
33.6600,0.6363,2.7438
33.6602,0.5665,2.444
33.6604,0.4952,2.1372
33.6606,0.4583,1.9797
33.6608,0.4533,1.9584
33.6610,0.4526,1.9535
33.6612,0.4595,1.9821
33.6614,0.464,2.0045
33.6616,0.4571,1.9736
33.6618,0.4547,1.9623
33.6620,0.4526,1.9535
33.6622,0.4577,1.9753
33.6624,0.4899,2.1145
33.6626,0.4963,2.1429
33.6628,0.4518,1.9508
33.6630,0.4467,1.9291
33.6632,0.4686,2.0214
33.6634,0.5277,2.2764
33.6636,0.4681,2.0203
33.6638,0.4561,1.9649
33.6640,0.5623,2.4192
33.6642,0.5672,2.4471
33.6644,0.4604,1.989
33.6646,0.4495,1.941
33.6648,0.446,1.9251
33.6650,0.4574,1.9724
33.6652,0.47,2.0276
33.6654,0.4493,1.9381
33.6656,0.4518,1.9499
33.6658,0.4533,1.9566
33.6660,0.4541,1.9588
33.6662,0.4734,2.043
33.6664,0.4736,2.0403
33.6666,0.5776,2.487
33.6668,0.6023,2.5957
33.6670,0.5645,2.4296
33.6672,0.5818,2.5062
33.6674,0.5771,2.4872
33.6676,0.602,2.5935
33.6678,0.5918,2.546
33.6680,0.6722,2.8889
33.6682,0.7095,3.0535
33.6684,0.6291,2.709
33.6686,0.5593,2.4096
33.6688,0.5559,2.3935
33.6690,0.5892,2.5335
33.6692,0.6304,2.7159
33.6694,0.5804,2.5028
33.6696,0.5809,2.5026
33.6698,0.5893,2.5376
33.6700,0.6279,2.7013
33.6702,0.7158,3.078
33.6704,0.7222,3.1024
33.6706,0.6948,2.9863
33.6708,0.6804,2.9272
33.6710,0.6754,2.9069
33.6712,0.6936,2.9812
33.6714,0.7256,3.1202
33.6716,0.6886,2.9596
33.6718,0.7437,3.1951
33.6720,0.7265,3.1238
33.6722,0.6742,2.8964
33.6724,0.7272,3.1211
33.6726,0.8165,3.5094
33.6728,0.8224,3.538
33.6730,0.6865,2.9563
33.6732,0.5989,2.5789
33.6734,0.6035,2.5973
33.6736,0.6213,2.6754
33.6738,0.5408,2.3328
33.6740,0.526,2.2639
33.6742,0.5904,2.5434
33.6744,0.5147,2.2195
33.6746,0.4864,2.1004
33.6748,0.4813,2.0762
33.6750,0.4803,2.0702
33.6752,0.484,2.0862
33.6754,0.5264,2.2676
33.6756,0.5531,2.3805
33.6758,0.5836,2.514
33.6760,0.5056,2.1823
33.6762,0.4163,1.7984
33.6764,0.4063,1.7562
33.6766,0.4143,1.7879
33.6768,0.4348,1.8755
33.6770,0.3874,1.6712
33.6772,0.3887,1.6793
33.6774,0.3918,1.6919
33.6776,0.3878,1.6743
33.6778,0.396,1.7093
33.6780,0.4018,1.7357
33.6782,0.4059,1.7525
33.6784,0.405,1.7489
33.6786,0.4065,1.7543
33.6788,0.4185,1.8052
33.6790,0.4551,1.9626
33.6792,0.5187,2.2345
33.6794,0.5336,2.3007
33.6796,0.4876,2.1027
33.6798,0.5019,2.1592
33.6800,0.6301,2.7093
33.6802,0.6824,2.9368
33.6804,0.6472,2.7843
33.6806,0.7025,3.0137
33.6808,0.7736,3.3172
33.6810,0.8346,3.5755
33.6812,0.9262,3.968
33.6814,0.9772,4.1882
33.6816,0.9712,4.1586
33.6818,0.9723,4.1633
33.6820,0.9555,4.0933
33.6822,0.9398,4.0241
33.6824,0.9189,3.9385
33.6826,0.8951,3.8362
33.6828,0.9112,3.9092
33.6830,0.876,3.7598
33.6832,0.8329,3.5717
33.6834,0.8465,3.6315
33.6836,0.9017,3.8681
33.6838,0.8981,3.8491
33.6840,0.9123,3.9157
33.6842,0.8407,3.6051
33.6844,0.8861,3.803
33.6846,0.8442,3.6251
33.6848,0.8301,3.5627
33.6850,0.8199,3.5206
33.6852,0.8205,3.5248
33.6854,0.825,3.541
33.6856,0.7815,3.3574
33.6858,0.7869,3.3774
33.6860,0.8779,3.7715
33.6862,0.8238,3.5375
33.6864,0.8162,3.5013
33.6866,0.8976,3.8452
33.6868,0.9388,4.0219
33.6870,0.9144,3.9208
33.6872,0.8946,3.8359
33.6874,0.9339,4.0046
33.6876,0.9211,3.9514
33.6878,0.8885,3.8168
33.6880,0.8328,3.5778
33.6882,0.8481,3.6415
33.6884,0.8104,3.4831
33.6886,0.7957,3.415
33.6888,0.8387,3.6014
33.6890,0.8535,3.6647
33.6892,0.8441,3.6313
33.6894,0.7753,3.329
33.6896,0.7892,3.3903
33.6898,0.8001,3.4388
33.6900,0.8335,3.5793
33.6902,0.8367,3.5926
33.6904,0.8436,3.6191
33.6906,0.8429,3.6211
33.6908,0.8356,3.593
33.6910,0.8236,3.5415
33.6912,0.7846,3.3692
33.6914,0.7714,3.3172
33.6916,0.7371,3.1712
33.6918,0.7442,3.2016
33.6920,0.7122,3.0625
33.6922,0.7612,3.2703
33.6924,0.8244,3.5434
33.6926,0.8224,3.5412
33.6928,0.6696,2.8821
33.6930,0.6634,2.8593
33.6932,0.6006,2.5897
33.6934,0.5774,2.4876
33.6936,0.5726,2.467
33.6938,0.6378,2.7462
33.6940,0.6635,2.8585
33.6942,0.6366,2.741
33.6944,0.6894,2.9673
33.6946,0.6505,2.8087
33.6948,0.4951,2.1377
33.6950,0.4782,2.0628
33.6952,0.4819,2.0779
33.6954,0.5321,2.2956
33.6956,0.5292,2.2831
33.6958,0.534,2.3038
33.6960,0.5237,2.2573
33.6962,0.5369,2.3152
33.6964,0.5382,2.3219
33.6966,0.5277,2.2764
33.6968,0.5226,2.2536
33.6970,0.5236,2.2578
33.6972,0.5451,2.3471
33.6974,0.5707,2.461
33.6976,0.5266,2.2728
33.6978,0.526,2.2692
33.6980,0.5278,2.2738
33.6982,0.5439,2.3441
33.6984,0.5433,2.3426
33.6986,0.5375,2.3167
33.6988,0.5485,2.3631
33.6990,0.6141,2.6444
33.6992,0.5982,2.5782
33.6994,0.5409,2.3301
33.6996,0.5321,2.2934
33.6998,0.5218,2.2511
33.7000,0.5249,2.2624
33.7002,0.5408,2.3285
33.7004,0.5972,2.5764
33.7006,0.5332,2.2991
33.7008,0.5268,2.2717
33.7010,0.5342,2.3043
33.7012,0.5304,2.2873
33.7014,0.5248,2.2609
33.7016,0.5207,2.2454
33.7018,0.5184,2.2356
33.7020,0.5267,2.2691
33.7022,0.5505,2.3703
33.7024,0.611,2.6335
33.7026,0.6172,2.6591
33.7028,0.5901,2.5388
33.7030,0.6379,2.7441
33.7032,0.6529,2.8073
33.7034,0.7041,3.026
33.7036,0.7482,3.2127
33.7038,0.7561,3.2467
33.7040,0.8035,3.4548
33.7042,0.6984,3.0046
33.7044,0.6901,2.969
33.7046,0.7232,3.1056
33.7048,0.7594,3.2641
33.7050,0.7112,3.0541
33.7052,0.7095,3.0492
33.7054,0.7165,3.0825
33.7056,0.7056,3.0384
33.7058,0.6157,2.6536
33.7060,0.5955,2.5632
33.7062,0.6572,2.8245
33.7064,0.7142,3.0698
33.7066,0.735,3.159
33.7068,0.6807,2.9296
33.7070,0.6605,2.8429
33.7072,0.6608,2.844
33.7074,0.7059,3.0352
33.7076,0.7343,3.1574
33.7078,0.7302,3.1398
33.7080,0.7677,3.2981
33.7082,0.7489,3.2143
33.7084,0.807,3.4671
33.7086,0.7714,3.3172
33.7088,0.7122,3.0611
33.7090,0.7213,3.1002
33.7092,0.7867,3.3842
33.7094,0.6964,2.9958
33.7096,0.6506,2.7988
33.7098,0.656,2.822
33.7100,0.6683,2.8725
33.7102,0.6547,2.8176
33.7104,0.6151,2.651
33.7106,0.5529,2.3861
33.7108,0.4984,2.1502
33.7110,0.5513,2.375
33.7112,0.4884,2.1097
33.7114,0.4033,1.7425
33.7116,0.4012,1.7331
33.7118,0.4009,1.7297
33.7120,0.441,1.9016
33.7122,0.5296,2.2826
33.7124,0.6295,2.7068
33.7126,0.6672,2.8732
33.7128,0.6103,2.6279
33.7130,0.6421,2.7622
33.7132,0.687,2.9515
33.7134,0.7313,3.143
33.7136,0.7345,3.154
33.7138,0.8037,3.4478
33.7140,0.8305,3.568
33.7142,0.7885,3.3809
33.7144,0.9355,4.0075
33.7146,0.9338,4.0003
33.7148,0.8976,3.847
33.7150,0.8918,3.8241
33.7152,0.9048,3.8851
33.7154,0.902,3.8714
33.7156,0.9073,3.885
33.7158,0.9891,4.2391
33.7160,0.9767,4.1842
33.7162,0.9582,4.1109
33.7164,0.8942,3.838
33.7166,0.8859,3.8042
33.7168,0.8917,3.8272
33.7170,0.9136,3.9232
33.7172,0.8678,3.723
33.7174,0.8382,3.5993
33.7176,0.8214,3.5273
33.7178,0.8165,3.5094
33.7180,0.8133,3.4955
33.7182,0.8152,3.4989
33.7184,0.8502,3.6542
33.7186,0.7693,3.3064
33.7188,0.7889,3.3893
33.7190,0.8024,3.4454
33.7192,0.8351,3.5859
33.7194,0.9093,3.901
33.7196,0.9331,4.0066
33.7198,0.8786,3.7746
33.7200,0.8371,3.5997
33.7202,0.7828,3.3677
33.7204,0.7766,3.3378
33.7206,0.7941,3.4115
33.7208,0.781,3.3616
33.7210,0.6917,2.9799
33.7212,0.6844,2.9456
33.7214,0.7053,3.0312
33.7216,0.7743,3.328
33.7218,0.8464,3.6394
33.7220,0.7871,3.3879
33.7222,0.7223,3.1058
33.7224,0.7731,3.3229
33.7226,0.7599,3.2692
33.7228,0.7593,3.2682
33.7230,0.7623,3.278
33.7232,0.7164,3.0891
33.7234,0.6041,2.6047
33.7236,0.5857,2.5244
33.7238,0.6055,2.6073
33.7240,0.6696,2.8862
33.7242,0.675,2.9081
33.7244,0.6137,2.6424
33.7246,0.6199,2.6705
33.7248,0.5917,2.5514
33.7250,0.6135,2.6443
33.7252,0.626,2.6943
33.7254,0.7038,3.0236
33.7256,0.7732,3.328
33.7258,0.6976,3.008
33.7260,0.5384,2.3246
33.7262,0.4996,2.1574
33.7264,0.5226,2.2547
33.7266,0.5707,2.4598
33.7268,0.5797,2.4986
33.7270,0.5959,2.5695
33.7272,0.577,2.4879
33.7274,0.5639,2.4292
33.7276,0.6206,2.6723
33.7278,0.6417,2.767
33.7280,0.5651,2.4355
33.7282,0.5995,2.5839
33.7284,0.6423,2.7658
33.7286,0.6822,2.9309
33.7288,0.7523,3.2392
33.7290,0.6386,2.7536
33.7292,0.5686,2.4517
33.7294,0.5803,2.5023
33.7296,0.5735,2.4717
33.7298,0.638,2.7459
33.7300,0.6945,2.9904
33.7302,0.6429,2.7722
33.7304,0.581,2.5043
33.7306,0.5707,2.4633
33.7308,0.4846,2.0927
33.7310,0.4641,2.0032
33.7312,0.4579,1.9781
33.7314,0.452,1.9527
33.7316,0.4555,1.9659
33.7318,0.4568,1.9716
33.7320,0.5171,2.2299
33.7322,0.4554,1.9663
33.7324,0.4463,1.9279
33.7326,0.4509,1.9472
33.7328,0.4473,1.9308
33.7330,0.4445,1.921
33.7332,0.4421,1.9098
33.7334,0.445,1.9195
33.7336,0.4475,1.9304
33.7338,0.4647,2.0039
33.7340,0.5177,2.2304
33.7342,0.5214,2.2506
33.7344,0.4542,1.9612
33.7346,0.4501,1.9436
33.7348,0.4467,1.9291
33.7350,0.4454,1.9216
33.7352,0.4433,1.9123
33.7354,0.4448,1.919
33.7356,0.4592,1.9811
33.7358,0.4866,2.0971
33.7360,0.5328,2.2976
33.7362,0.5597,2.4089
33.7364,0.6133,2.6408
33.7366,0.6236,2.6815
33.7368,0.663,2.8524
33.7370,0.6433,2.766
33.7372,0.6385,2.7467
33.7374,0.6662,2.8672
33.7376,0.6073,2.6138
33.7378,0.5937,2.5555
33.7380,0.5991,2.5751
33.7382,0.7288,3.1322
33.7384,0.753,3.2363
33.7386,0.7463,3.2074
33.7388,0.6959,2.9924
33.7390,0.7083,3.0455
33.7392,0.6897,2.9656
33.7394,0.6319,2.7183
33.7396,0.5984,2.578
33.7398,0.579,2.4943
33.7400,0.569,2.4503
33.7402,0.5714,2.4606
33.7404,0.5699,2.4539
33.7406,0.5846,2.5198
33.7408,0.492,2.1203
33.7410,0.4768,2.0562
33.7412,0.4816,2.0788
33.7414,0.4747,2.0487
33.7416,0.4752,2.047
33.7418,0.5195,2.2381
33.7420,0.5641,2.4235
33.7422,0.6466,2.7882
33.7424,0.4734,2.044
33.7426,0.3969,1.7121
33.7428,0.3897,1.6826
33.7430,0.3866,1.6692
33.7432,0.3854,1.6624
33.7434,0.3855,1.6645
33.7436,0.3916,1.6901
33.7438,0.3876,1.6738
33.7440,0.3876,1.6738
33.7442,0.4285,1.8461
33.7444,0.4929,2.1254
33.7446,0.4501,1.9436
33.7448,0.4109,1.7734
33.7450,0.424,1.8281
33.7452,0.4615,1.989
33.7454,0.5316,2.2892
33.7456,0.5963,2.5651
33.7458,0.6756,2.9012
33.7460,0.6921,2.9717
33.7462,0.7278,3.1237
33.7464,0.8079,3.4642
33.7466,0.8706,3.7349
33.7468,0.8422,3.6113
33.7470,0.8708,3.7324
33.7472,0.914,3.9192
33.7474,0.8788,3.7663
33.7476,0.8603,3.6872
33.7478,0.8863,3.7934
33.7480,0.9852,4.2167
33.7482,0.9961,4.2674
33.7484,0.9912,4.2464
33.7486,0.922,3.9537
33.7488,0.9194,3.9369
33.7490,0.943,4.0418
33.7492,0.8735,3.7455
33.7494,0.8795,3.7747
33.7496,0.8899,3.8177
33.7498,0.9182,3.9372
33.7500,0.9009,3.8632
33.7502,0.8996,3.8575
33.7504,0.9574,4.1053
33.7506,0.9069,3.8835
33.7508,0.9516,4.0788
33.7510,0.9171,3.9363
33.7512,0.9196,3.9452
33.7514,0.9024,3.8694
33.7516,0.9024,3.8658
33.7518,0.9507,4.0728
33.7520,0.9454,4.052
33.7522,0.8942,3.838
33.7524,0.8487,3.6426
33.7526,0.8706,3.7367
33.7528,0.8736,3.7479
33.7530,0.8824,3.7872
33.7532,0.8789,3.7705
33.7534,0.8881,3.8119
33.7536,0.9229,3.9593
33.7538,1.0023,4.2978
33.7540,0.9815,4.2108
33.7542,0.8844,3.7995
33.7544,0.8559,3.6752
33.7546,0.8584,3.686
33.7548,0.8122,3.4926
33.7550,0.7573,3.2534
33.7552,0.8193,3.5181
33.7554,0.8193,3.5263
33.7556,0.7751,3.3328
33.7558,0.7688,3.3044
33.7560,0.7827,3.3611
33.7562,0.832,3.5777
33.7564,0.7454,3.2099
33.7566,0.6815,2.9333
33.7568,0.6765,2.9117
33.7570,0.6743,2.9024
33.7572,0.7174,3.0877
33.7574,0.7454,3.2039
33.7576,0.7507,3.2296
33.7578,0.7203,3.1
33.7580,0.7291,3.1353
33.7582,0.723,3.1134
33.7584,0.6736,2.9006
33.7586,0.6565,2.8281
33.7588,0.5976,2.5781
33.7590,0.5745,2.4771
33.7592,0.5769,2.4863
33.7594,0.5639,2.4327
33.7596,0.5639,2.4305
33.7598,0.5713,2.4614
33.7600,0.571,2.4598
33.7602,0.586,2.5291
33.7604,0.5367,2.3174
33.7606,0.4825,2.0834
33.7608,0.4854,2.0939
33.7610,0.5019,2.1633
33.7612,0.5195,2.2403
33.7614,0.6246,2.687
33.7616,0.6451,2.7816
33.7618,0.5209,2.247
33.7620,0.5024,2.1684
33.7622,0.5077,2.1891
33.7624,0.5054,2.1803
33.7626,0.5164,2.2248
33.7628,0.5427,2.3412
33.7630,0.5086,2.1922
33.7632,0.5108,2.2036
33.7634,0.5077,2.1901
33.7636,0.5066,2.1845
33.7638,0.5234,2.2579
33.7640,0.5246,2.2631
33.7642,0.5718,2.4657
33.7644,0.5414,2.3311
33.7646,0.665,2.8621
33.7648,0.5615,2.4213
33.7650,0.5295,2.2832
33.7652,0.5717,2.4629
33.7654,0.6095,2.6256
33.7656,0.6091,2.6253
33.7658,0.6252,2.6908
33.7660,0.6607,2.8409
33.7662,0.6891,2.9659
33.7664,0.7068,3.0394
33.7666,0.6905,2.9679
33.7668,0.6794,2.9268
33.7670,0.6209,2.6759
33.7672,0.6002,2.5835
33.7674,0.6082,2.6187
33.7676,0.6627,2.851
33.7678,0.7276,3.1286
33.7680,0.7222,3.104
33.7682,0.7261,3.1224
33.7684,0.6937,2.9869
33.7686,0.6528,2.8095
33.7688,0.6393,2.7504
33.7690,0.6672,2.8714
33.7692,0.7086,3.0471
33.7694,0.7236,3.1116
33.7696,0.7487,3.2134
33.7698,0.8004,3.4368
33.7700,0.7926,3.4017
33.7702,0.8458,3.637
33.7704,0.7925,3.4075
33.7706,0.7526,3.2334
33.7708,0.7474,3.2137
33.7710,0.7243,3.1161
33.7712,0.7305,3.141
33.7714,0.7511,3.2297
33.7716,0.7199,3.0927
33.7718,0.7429,3.1991
33.7720,0.6724,2.8941
33.7722,0.6504,2.8018
33.7724,0.6471,2.7852
33.7726,0.6422,2.7692
33.7728,0.5663,2.4397
33.7730,0.5532,2.3834
33.7732,0.5462,2.354
33.7734,0.5441,2.3463
33.7736,0.5597,2.4135
33.7738,0.5715,2.4619
33.7740,0.5993,2.5817
33.7742,0.6116,2.6361
33.7744,0.5317,2.2925
33.7746,0.4602,1.989
33.7748,0.3956,1.7073
33.7750,0.4077,1.7612
33.7752,0.3988,1.7236
33.7754,0.3927,1.6964
33.7756,0.3903,1.6853
33.7758,0.3893,1.6819
33.7760,0.3928,1.6969
33.7762,0.4319,1.8649
33.7764,0.4019,1.7355
33.7766,0.3903,1.6861
33.7768,0.3929,1.6967
33.7770,0.3958,1.7091
33.7772,0.3912,1.6902
33.7774,0.3936,1.6998
33.7776,0.3957,1.7078
33.7778,0.439,1.8937
33.7780,0.4877,2.1018
33.7782,0.5407,2.3291
33.7784,0.5182,2.2336
33.7786,0.5281,2.2749
33.7788,0.6217,2.6733
33.7790,0.7118,3.0534
33.7792,0.8307,3.567
33.7794,0.8287,3.5566
33.7796,0.8652,3.7119
33.7798,0.8754,3.7521
33.7800,0.8803,3.7696
33.7802,0.9494,4.0654
33.7804,1.0078,4.3174
33.7806,0.9755,4.1812
33.7808,0.9678,4.1439
33.7810,0.983,4.2072
33.7812,0.9808,4.1999
33.7814,0.9673,4.1457
33.7816,0.9323,3.9901
33.7818,0.9883,4.2317
33.7820,0.9758,4.1842
33.7822,0.9318,3.9973
33.7824,0.8724,3.7445
33.7826,0.8805,3.7772
33.7828,0.9283,3.9806
33.7830,0.9053,3.8818
33.7832,0.8811,3.778
33.7834,0.8826,3.7864
33.7836,0.8713,3.7381
33.7838,0.9191,3.9391
33.7840,0.9734,4.1758
33.7842,0.8431,3.6218
33.7844,0.7867,3.3875
33.7846,0.6724,2.8914
33.7848,0.7048,3.0292
33.7850,0.7621,3.2741
33.7852,0.8451,3.6339
33.7854,0.7383,3.176
33.7856,0.715,3.073
33.7858,0.7245,3.1138
33.7860,0.7621,3.2741
33.7862,0.8529,3.6572
33.7864,0.9302,3.9869
33.7866,0.9314,3.9995
33.7868,0.8741,3.7587
33.7870,0.7988,3.4301
33.7872,0.8361,3.5919
33.7874,0.8247,3.5479
33.7876,0.7705,3.3101
33.7878,0.7838,3.3688
33.7880,0.8245,3.5419
33.7882,0.8649,3.719
33.7884,0.7336,3.1544
33.7886,0.7421,3.1925
33.7888,0.77,3.3127
33.7890,0.7222,3.1054
33.7892,0.7487,3.2193
33.7894,0.7444,3.1963
33.7896,0.8,3.44
33.7898,0.7454,3.2069
33.7900,0.8004,3.44
33.7902,0.7506,3.2336
33.7904,0.6068,2.6143
33.7906,0.6741,2.9013
33.7908,0.6536,2.8131
33.7910,0.6378,2.7488
33.7912,0.5938,2.5603
33.7914,0.5589,2.4099
33.7916,0.5656,2.44
33.7918,0.5138,2.2196
33.7920,0.491,2.1202
33.7922,0.4845,2.0893
33.7924,0.532,2.2951
33.7926,0.4795,2.0705
33.7928,0.4084,1.7643
33.7930,0.4083,1.7646
33.7932,0.4114,1.7772
33.7934,0.4077,1.7587
33.7936,0.4588,1.9818
33.7938,0.456,1.969
33.7940,0.4555,1.966
33.7942,0.4553,1.9641
33.7944,0.4853,2.0924
33.7946,0.523,2.2574
33.7948,0.458,1.9787
33.7950,0.4636,2.0007
33.7952,0.4524,1.9517
33.7954,0.446,1.926
33.7956,0.4531,1.9548
33.7958,0.5025,2.1669
33.7960,0.4753,2.0505
33.7962,0.4502,1.9432
33.7964,0.4457,1.9254
33.7966,0.4488,1.937
33.7968,0.4508,1.9476
33.7970,0.4529,1.9564
33.7972,0.449,1.9372
33.7974,0.4414,1.9058
33.7976,0.4454,1.9217
33.7978,0.4435,1.9125
33.7980,0.4462,1.9239
33.7982,0.4452,1.9224
33.7984,0.4457,1.9227
33.7986,0.4492,1.9377
33.7988,0.4862,2.0975
33.7990,0.5392,2.3251
33.7992,0.4841,2.0882
33.7994,0.455,1.963
33.7996,0.4588,1.9791
33.7998,0.4583,1.977
33.8000,0.4718,2.0345
33.8002,0.4579,1.9755
33.8004,0.4526,1.9545
33.8006,0.4422,1.9077
33.8008,0.4424,1.9096
33.8010,0.4438,1.9144
33.8012,0.4867,2.0967
33.8014,0.53,2.2821
33.8016,0.5566,2.3978
33.8018,0.5434,2.341
33.8020,0.5487,2.3637
33.8022,0.5598,2.4107
33.8024,0.5922,2.5501
33.8026,0.6373,2.7391
33.8028,0.6728,2.8916
33.8030,0.6661,2.8641
33.8032,0.6891,2.9631
33.8034,0.6454,2.7793
33.8036,0.5868,2.5233
33.8038,0.6508,2.8012
33.8040,0.6826,2.9325
33.8042,0.7149,3.0711
33.8044,0.6775,2.9131
33.8046,0.6591,2.8368
33.8048,0.6561,2.8239
33.8050,0.6148,2.6447
33.8052,0.6353,2.7329
33.8054,0.6646,2.8606
33.8056,0.6597,2.8394
33.8058,0.676,2.9042
33.8060,0.7368,3.1654
33.8062,0.6903,2.9696
33.8064,0.6863,2.9499
33.8066,0.7097,3.0518
33.8068,0.6868,2.9561
33.8070,0.6441,2.7685
33.8072,0.6613,2.8422
33.8074,0.6874,2.9559
33.8076,0.7336,3.1544
33.8078,0.7311,3.1377
33.8080,0.7719,3.3147
33.8082,0.7507,3.2281
33.8084,0.7124,3.0646
33.8086,0.7044,3.0319
33.8088,0.7077,3.0402
33.8090,0.7341,3.1564
33.8092,0.7407,3.1833
33.8094,0.7312,3.1411
33.8096,0.7016,3.0153
33.8098,0.7178,3.0806
33.8100,0.7867,3.3796
33.8102,0.7966,3.4192
33.8104,0.81,3.4763
33.8106,0.7728,3.3245
33.8108,0.6391,2.7545
33.8110,0.5241,2.2599
33.8112,0.5255,2.2619
33.8114,0.5959,2.5649
33.8116,0.6378,2.7424
33.8118,0.635,2.7331
33.8120,0.6446,2.7757
33.8122,0.6701,2.8803
33.8124,0.7729,3.3173
33.8126,0.818,3.5075
33.8128,0.8764,3.7597
33.8130,0.8307,3.5687
33.8132,0.8193,3.5116
33.8134,0.957,4.0977
33.8136,1.0152,4.3432
33.8138,1.0498,4.4951
33.8140,0.9775,4.1894
33.8142,0.96,4.1067
33.8144,0.9769,4.1829
33.8146,0.9649,4.1412
33.8148,1.0156,4.3488
33.8150,0.9897,4.2478
33.8152,0.9426,4.0436
33.8154,0.9116,3.9073
33.8156,0.9115,3.9068
33.8158,0.9182,3.9392
33.8160,0.9109,3.9115
33.8162,0.8833,3.7913
33.8164,0.9291,3.9842
33.8166,0.9206,3.9495
33.8168,0.9303,3.9912
33.8170,0.927,3.9731
33.8172,0.9472,4.0618
33.8174,0.9203,3.9553
33.8176,0.8601,3.6897
33.8178,0.9449,4.0534
33.8180,0.9052,3.8886
33.8182,0.9089,3.8991
33.8184,0.9223,3.9567
33.8186,0.8958,3.8448
33.8188,0.9089,3.9009
33.8190,0.9185,3.9366
33.8192,0.9583,4.1129
33.8194,0.9213,3.9563
33.8196,0.9137,3.9178
33.8198,0.8813,3.7878
33.8200,0.8448,3.6312
33.8202,0.8616,3.7016
33.8204,0.8761,3.7604
33.8206,0.8856,3.7993
33.8208,0.86,3.6944
33.8210,0.8492,3.6497
33.8212,0.8526,3.6613
33.8214,0.8658,3.7196
33.8216,0.8305,3.571
33.8218,0.7968,3.4245
33.8220,0.8305,3.566
33.8222,0.849,3.6458
33.8224,0.8402,3.6094
33.8226,0.8356,3.5965
33.8228,0.8036,3.4539
33.8230,0.8474,3.6369
33.8232,0.8305,3.5726
33.8234,0.7976,3.4297
33.8236,0.7839,3.3756
33.8238,0.7574,3.26
33.8240,0.7674,3.3013
33.8242,0.729,3.1435
33.8244,0.6291,2.7116
33.8246,0.6719,2.8921
33.8248,0.7663,3.2951
33.8250,0.7819,3.3622
33.8252,0.7186,3.0914
33.8254,0.7302,3.1429
33.8256,0.7504,3.2266
33.8258,0.7707,3.3158
33.8260,0.7895,3.3931
33.8262,0.8031,3.455
33.8264,0.7374,3.1709
33.8266,0.7736,3.3281
33.8268,0.7314,3.151
33.8270,0.6813,2.9337
33.8272,0.6673,2.8773
33.8274,0.6567,2.8265
33.8276,0.7366,3.1673
33.8278,0.7306,3.1459
33.8280,0.7028,3.0275
33.8282,0.7095,3.0522
33.8284,0.7595,3.2612
33.8286,0.8477,3.6418
33.8288,0.8235,3.5394
33.8290,0.8475,3.6442
33.8292,0.8595,3.6906
33.8294,0.8861,3.8049
33.8296,0.8555,3.6753
33.8298,0.8541,3.6674
33.8300,0.9019,3.8729
33.8302,0.858,3.6861
33.8304,0.8191,3.5187
33.8306,0.8466,3.6389
33.8308,0.8552,3.6669
33.8310,0.914,3.9285
33.8312,0.7921,3.406
33.8314,0.8221,3.5365
33.8316,0.7373,3.1733
33.8318,0.7154,3.0817
33.8320,0.6976,3.0039
33.8322,0.6627,2.8589
33.8324,0.599,2.5843
33.8326,0.6083,2.6229
33.8328,0.5934,2.5576
33.8330,0.5913,2.5495
33.8332,0.6103,2.6329
33.8334,0.6258,2.6934
33.8336,0.6788,2.9228
33.8338,0.662,2.8558
33.8340,0.6179,2.663
33.8342,0.6421,2.761
33.8344,0.7197,3.1018
33.8346,0.6452,2.7808
33.8348,0.6187,2.6666
33.8350,0.6013,2.5881
33.8352,0.735,3.1606
33.8354,0.7885,3.3921
33.8356,0.7384,3.178
33.8358,0.733,3.1533
33.8360,0.7434,3.1952
33.8362,0.741,3.1908
33.8364,0.7233,3.1144
33.8366,0.6799,2.9275
33.8368,0.6466,2.7858
33.8370,0.7312,3.1485
33.8372,0.7389,3.18
33.8374,0.7227,3.1075
33.8376,0.7915,3.4002
33.8378,0.8023,3.4578
33.8380,0.6552,2.8224
33.8382,0.6218,2.6813
33.8384,0.6217,2.6783
33.8386,0.6844,2.9471
33.8388,0.6787,2.9237
33.8390,0.6734,2.9009
33.8392,0.6812,2.9345
33.8394,0.6933,2.9853
33.8396,0.7176,3.0858
33.8398,0.717,3.0875
33.8400,0.6883,2.965
33.8402,0.6969,3.0022
33.8404,0.7041,3.0318
33.8406,0.701,3.0184
33.8408,0.7094,3.0545
33.8410,0.7333,3.1519
33.8412,0.7595,3.2658
33.8414,0.707,3.0385
33.8416,0.688,2.9653
33.8418,0.6182,2.667
33.8420,0.5366,2.3169
33.8422,0.4883,2.1083
33.8424,0.4838,2.0881
33.8426,0.4902,2.1146
33.8428,0.5035,2.173
33.8430,0.4992,2.1544
33.8432,0.5457,2.3519
33.8434,0.5901,2.5455
33.8436,0.5237,2.2626
33.8438,0.5041,2.1766
33.8440,0.4981,2.1487
33.8442,0.4989,2.1534
33.8444,0.5309,2.2894
33.8446,0.5941,2.5559
33.8448,0.6933,2.9825
33.8450,0.8041,3.4543
33.8452,0.8595,3.6906
33.8454,0.8712,3.7376
33.8456,0.9148,3.9225
33.8458,0.9607,4.1175
33.8460,0.999,4.2819
33.8462,1.0357,4.4371
33.8464,1.0288,4.4011
33.8466,1.1024,4.7095
33.8468,1.1978,5.1244
33.8470,1.148,4.9156
33.8472,1.1108,4.7498
33.8474,1.1405,4.8769
33.8476,1.1421,4.8859
33.8478,1.1246,4.8177
33.8480,1.0601,4.5414
33.8482,1.1125,4.7592
33.8484,1.1458,4.9087
33.8486,1.1188,4.7931
33.8488,1.1102,4.7494
33.8490,1.145,4.8982
33.8492,1.1285,4.8324
33.8494,1.0869,4.6586
33.8496,1.0754,4.605
33.8498,1.1164,4.785
33.8500,1.0959,4.6928
33.8502,1.1026,4.7237
33.8504,1.0856,4.6486
33.8506,1.0849,4.6455
33.8508,1.0829,4.6411
33.8510,1.0278,4.4094
33.8512,1.0306,4.4233
33.8514,1.0422,4.469
33.8516,1.0658,4.5703
33.8518,0.9835,4.221
33.8520,0.9614,4.1225
33.8522,1.018,4.3652
33.8524,1.0273,4.4094
33.8526,1.012,4.3394
33.8528,1.0602,4.5504
33.8530,0.9664,4.1537
33.8532,0.8229,3.5434
33.8534,0.7638,3.2858
33.8536,0.8143,3.503
33.8538,0.8307,3.5704
33.8540,0.8369,3.6038
33.8542,0.7709,3.3178
33.8544,0.8136,3.5015
33.8546,0.742,3.1964
33.8548,0.723,3.1162
33.8550,0.6745,2.9069
33.8552,0.662,2.8492
33.8554,0.7508,3.2331
33.8556,0.8333,3.5834
33.8558,0.8163,3.5199
33.8560,0.6794,2.9281
33.8562,0.7024,3.0288
33.8564,0.6751,2.9122
33.8566,0.6549,2.8214
33.8568,0.6728,2.8997
33.8570,0.6871,2.9571
33.8572,0.7494,3.2254
33.8574,0.7452,3.2148
33.8576,0.6465,2.7917
33.8578,0.5779,2.4979
33.8580,0.5221,2.2543
33.8582,0.5264,2.275
33.8584,0.5225,2.2574
33.8586,0.5381,2.3226
33.8588,0.5145,2.2248
33.8590,0.4426,1.9146
33.8592,0.4398,1.9026
33.8594,0.4349,1.8796
33.8596,0.4926,2.1279
33.8598,0.5278,2.2812
33.8600,0.5013,2.1647
33.8602,0.4948,2.1358
33.8604,0.4924,2.1264
33.8606,0.4971,2.1476
33.8608,0.5088,2.1958
33.8610,0.529,2.2833
33.8612,0.4935,2.133
33.8614,0.4938,2.1321
33.8616,0.5261,2.2698
33.8618,0.5373,2.319
33.8620,0.5701,2.4596
33.8622,0.5396,2.331
33.8624,0.5139,2.2191
33.8626,0.5302,2.2895
33.8628,0.5567,2.3995
33.8630,0.61,2.6265
33.8632,0.6583,2.8398
33.8634,0.6547,2.823
33.8636,0.6061,2.616
33.8638,0.5079,2.1922
33.8640,0.4782,2.0638
33.8642,0.4745,2.0487
33.8644,0.4733,2.0454
33.8646,0.5295,2.2864
33.8648,0.5219,2.2485
33.8650,0.5782,2.4931
33.8652,0.5965,2.5734
33.8654,0.6167,2.6542
33.8656,0.7046,3.0296
33.8658,0.7095,3.0536
33.8660,0.6664,2.8683
33.8662,0.6755,2.9102
33.8664,0.7199,3.097
33.8666,0.6957,2.9984
33.8668,0.5971,2.5736
33.8670,0.5917,2.548
33.8672,0.624,2.6894
33.8674,0.6472,2.7883
33.8676,0.6409,2.7584
33.8678,0.674,2.9022
33.8680,0.7154,3.0746
33.8682,0.7935,3.4106
33.8684,0.7953,3.4215
33.8686,0.8212,3.5329
33.8688,0.749,3.2209
33.8690,0.7365,3.1697
33.8692,0.7381,3.174
33.8694,0.7869,3.3807
33.8696,0.9186,3.9352
33.8698,0.9845,4.2237
33.8700,0.9579,4.1076
33.8702,0.9315,4.0038
33.8704,0.755,3.2497
33.8706,0.739,3.1805
33.8708,0.6893,2.9628
33.8710,0.7494,3.2299
33.8712,0.6707,2.8909
33.8714,0.6633,2.8562
33.8716,0.6564,2.8302
33.8718,0.6264,2.6985
33.8720,0.6513,2.8007
33.8722,0.7227,3.1132
33.8724,0.6594,2.8418
33.8726,0.6803,2.9282
33.8728,0.7092,3.0526
33.8730,0.6514,2.8064
33.8732,0.6504,2.8031
33.8734,0.5959,2.5696
33.8736,0.5956,2.5657
33.8738,0.5776,2.4905
33.8740,0.5343,2.3103
33.8742,0.4435,1.9178
33.8744,0.4294,1.8549
33.8746,0.4366,1.8834
33.8748,0.515,2.2258
33.8750,0.441,1.9052
33.8752,0.4258,1.8385
33.8754,0.4259,1.839
33.8756,0.4427,1.9115
33.8758,0.4588,1.9827
33.8760,0.4873,2.1032
33.8762,0.4703,2.0325
33.8764,0.4269,1.8449
33.8766,0.4597,1.985
33.8768,0.454,1.9602
33.8770,0.4215,1.8207
33.8772,0.4217,1.8209
33.8774,0.4245,1.8328
33.8776,0.4448,1.92
33.8778,0.4784,2.0639
33.8780,0.5644,2.4314
33.8782,0.5984,2.5805
33.8784,0.558,2.4007
33.8786,0.7234,3.1077
33.8788,0.8007,3.4383
33.8790,0.8284,3.5572
33.8792,0.8833,3.7931
33.8794,0.868,3.7254
33.8796,0.8637,3.7069
33.8798,0.8526,3.6595
33.8800,0.9124,3.9067
33.8802,1.0206,4.3744
33.8804,0.9887,4.2338
33.8806,1.0493,4.4868
33.8808,1.1276,4.8238
33.8810,1.1275,4.8256
33.8812,1.0897,4.6704
33.8814,1.004,4.297
33.8816,1.03,4.4145
33.8818,1.0048,4.3126
33.8820,0.9155,3.9292
33.8822,0.8789,3.7723
33.8824,0.8784,3.7755
33.8826,0.874,3.7529
33.8828,0.8865,3.8029
33.8830,0.9327,3.9996
33.8832,0.966,4.1401
33.8834,0.9815,4.2049
33.8836,1.0289,4.4078
33.8838,1.0721,4.5927
33.8840,1.0264,4.4032
33.8842,0.9781,4.1979
33.8844,0.9444,4.0495
33.8846,1.0354,4.4397
33.8848,0.9648,4.1369
33.8850,0.965,4.1379
33.8852,0.9692,4.154
33.8854,0.9823,4.2139
33.8856,1.0013,4.2937
33.8858,1.0525,4.5153
33.8860,1.0076,4.3184
33.8862,0.9899,4.2468
33.8864,0.9606,4.1227
33.8866,0.8884,3.8218
33.8868,0.823,3.5357
33.8870,0.8464,3.6413
33.8872,0.776,3.3369
33.8874,0.8047,3.4601
33.8876,0.8492,3.6514
33.8878,0.8582,3.6849
33.8880,0.8633,3.7088
33.8882,0.867,3.7282
33.8884,0.8583,3.6889
33.8886,0.868,3.7289
33.8888,0.8621,3.7071
33.8890,0.8578,3.6885
33.8892,0.8441,3.6315
33.8894,0.7651,3.293
33.8896,0.7054,3.0389
33.8898,0.698,3.0068
33.8900,0.7439,3.2017
33.8902,0.7819,3.3622
33.8904,0.7995,3.4428
33.8906,0.7548,3.2547
33.8908,0.691,2.9727
33.8910,0.7585,3.2677
33.8912,0.6478,2.7961
33.8914,0.5788,2.498
33.8916,0.5839,2.5191
33.8918,0.5854,2.5253
33.8920,0.5898,2.5421
33.8922,0.6405,2.762
33.8924,0.5598,2.4196
33.8926,0.4962,2.1424
33.8928,0.4866,2.1001
33.8930,0.5493,2.3707
33.8932,0.5425,2.3412
33.8934,0.5399,2.3325
33.8936,0.5417,2.3403
33.8938,0.5404,2.3324
33.8940,0.5373,2.3179
33.8942,0.5602,2.4156
33.8944,0.616,2.6547
33.8946,0.6048,2.6091
33.8948,0.5622,2.4255
33.8950,0.547,2.3598
33.8952,0.5941,2.5666
33.8954,0.5518,2.3805
33.8956,0.5501,2.3721
33.8958,0.562,2.4222
33.8960,0.6218,2.6813
33.8962,0.6387,2.7555
33.8964,0.5655,2.4394
33.8966,0.554,2.3909
33.8968,0.5988,2.5832
33.8970,0.5801,2.5026
33.8972,0.5425,2.3423
33.8974,0.5398,2.3266
33.8976,0.6221,2.6799
33.8978,0.5809,2.505
33.8980,0.5407,2.3302
33.8982,0.5363,2.3137
33.8984,0.5373,2.32
33.8986,0.5434,2.3454
33.8988,0.5416,2.3354
33.8990,0.5359,2.3117
33.8992,0.5343,2.3039
33.8994,0.5323,2.2951
33.8996,0.5414,2.3355
33.8998,0.5517,2.38
33.9000,0.5409,2.3345
33.9002,0.5374,2.3173
33.9004,0.5502,2.3738
33.9006,0.5556,2.397
33.9008,0.5658,2.4376
33.9010,0.6465,2.7814
33.9012,0.6845,2.9504
33.9014,0.6321,2.7233
33.9016,0.6559,2.8242
33.9018,0.6567,2.8291
33.9020,0.6517,2.8061
33.9022,0.6456,2.7798
33.9024,0.6917,2.9758
33.9026,0.7375,3.1699
33.9028,0.8062,3.4588
33.9030,0.8771,3.7628
33.9032,0.8887,3.818
33.9034,0.7941,3.4163
33.9036,0.7837,3.3762
33.9038,0.6628,2.8515
33.9040,0.7055,3.0337
33.9042,0.708,3.0474
33.9044,0.685,2.9483
33.9046,0.6789,2.9179
33.9048,0.7179,3.0868
33.9050,0.6908,2.9745
33.9052,0.6703,2.8889
33.9054,0.673,2.8967
33.9056,0.6975,3.002
33.9058,0.7267,3.125
33.9060,0.7662,3.2946
33.9062,0.8029,3.4508
33.9064,0.7898,3.3978
33.9066,0.702,3.0258
33.9068,0.6531,2.8084
33.9070,0.7278,3.1369
33.9072,0.5873,2.5312
33.9074,0.6013,2.5893
33.9076,0.6758,2.9072
33.9078,0.713,3.0643
33.9080,0.7976,3.4297
33.9082,0.7523,3.2363
33.9084,0.7161,3.082
33.9086,0.7176,3.0916
33.9088,0.6731,2.8999
33.9090,0.6207,2.6767
33.9092,0.5705,2.4612
33.9094,0.5048,2.1767
33.9096,0.4899,2.1145
33.9098,0.4326,1.8698
33.9100,0.4206,1.8171
33.9102,0.4142,1.79
33.9104,0.4319,1.8623
33.9106,0.5137,2.2139
33.9108,0.5642,2.4315
33.9110,0.6295,2.7106
33.9112,0.6444,2.7747
33.9114,0.6303,2.7105
33.9116,0.7367,3.1663
33.9118,0.8092,3.483
33.9120,0.727,3.1246
33.9122,0.7452,3.2059
33.9124,0.7246,3.1157
33.9126,0.7963,3.4193
33.9128,0.8458,3.6319
33.9130,0.8078,3.4703
33.9132,0.8386,3.596
33.9134,0.9723,4.1693
33.9136,0.9332,4.0054
33.9138,0.9017,3.8736
33.9140,0.839,3.6026
33.9142,0.8562,3.6733
33.9144,0.9149,3.923
33.9146,0.9674,4.1443
33.9148,0.9679,4.1502
33.9150,0.9536,4.0891
33.9152,0.9818,4.2118
33.9154,0.9594,4.1137
33.9156,0.9513,4.0793
33.9158,0.9293,3.9884
33.9160,0.8969,3.8494
33.9162,0.9283,3.9843
33.9164,0.9438,4.0507
33.9166,0.9263,3.9737
33.9168,0.9722,4.1687
33.9170,0.9981,4.2798
33.9172,0.9249,3.9773
33.9174,0.8168,3.5106
33.9176,0.845,3.63
33.9178,0.8035,3.4598
33.9180,0.7145,3.0767
33.9182,0.701,3.0184
33.9184,0.6963,2.9996
33.9186,0.6758,2.9099
33.9188,0.6995,3.0108
33.9190,0.7439,3.1958
33.9192,0.7643,3.2925
33.9194,0.6849,2.9478
33.9196,0.7148,3.0749
33.9198,0.7248,3.1196
33.9200,0.6793,2.9263
33.9202,0.6819,2.9349
33.9204,0.7293,3.1373
33.9206,0.7523,3.2333
33.9208,0.7419,3.1959
33.9210,0.6707,2.8896
33.9212,0.6776,2.919
33.9214,0.6986,3.008
33.9216,0.693,2.9843
33.9218,0.6965,2.9992
33.9220,0.7132,3.0682
33.9222,0.7203,3.1044
33.9224,0.6092,2.6258
33.9226,0.6413,2.7625
33.9228,0.6142,2.6495
33.9230,0.5734,2.4713
33.9232,0.6306,2.7178
33.9234,0.6071,2.6189
33.9236,0.6326,2.7278
33.9238,0.6178,2.6613
33.9240,0.6753,2.9106
33.9242,0.6323,2.7238
33.9244,0.5925,2.5582
33.9246,0.5297,2.2864
33.9248,0.5676,2.4442
33.9250,0.6307,2.7171
33.9252,0.6384,2.7527
33.9254,0.6074,2.6144
33.9256,0.6735,2.8988
33.9258,0.6613,2.8488
33.9260,0.6283,2.713
33.9262,0.5154,2.2222
33.9264,0.5945,2.5599
33.9266,0.6501,2.8059
33.9268,0.5144,2.2211
33.9270,0.5188,2.2372
33.9272,0.5391,2.3256
33.9274,0.4921,2.1229
33.9276,0.535,2.3059
33.9278,0.5753,2.483
33.9280,0.4974,2.1466
33.9282,0.4848,2.0923
33.9284,0.4911,2.1207
33.9286,0.536,2.3079
33.9288,0.6203,2.6709
33.9290,0.6306,2.7153
33.9292,0.6874,2.9573
33.9294,0.7032,3.0268
33.9296,0.6366,2.7424
33.9298,0.624,2.6906
33.9300,0.6324,2.7268
33.9302,0.6042,2.6053
33.9304,0.5452,2.3498
33.9306,0.5429,2.3411
33.9308,0.5542,2.3897
33.9310,0.5583,2.4062
33.9312,0.5638,2.4288
33.9314,0.567,2.4462
33.9316,0.5649,2.4357
33.9318,0.5841,2.5161
33.9320,0.5603,2.415
33.9322,0.5592,2.4114
33.9324,0.5091,2.1984
33.9326,0.4549,1.9643
33.9328,0.4459,1.9237
33.9330,0.4456,1.924
33.9332,0.4414,1.9058
33.9334,0.4464,1.9276
33.9336,0.4445,1.9184
33.9338,0.4507,1.9453
33.9340,0.4451,1.9201
33.9342,0.4724,2.0362
33.9344,0.5241,2.2589
33.9346,0.5823,2.5095
33.9348,0.5626,2.4259
33.9350,0.5597,2.4124
33.9352,0.558,2.4063
33.9354,0.5574,2.4026
33.9356,0.574,2.4716
33.9358,0.6213,2.673
33.9360,0.662,2.8453
33.9362,0.7737,3.3194
33.9364,0.8264,3.5452
33.9366,0.8233,3.5368
33.9368,0.812,3.4932
33.9370,0.7332,3.1558
33.9372,0.6487,2.7919
33.9374,0.5867,2.524
33.9376,0.6518,2.8028
33.9378,0.6548,2.817
33.9380,0.6469,2.7842
33.9382,0.6584,2.8351
33.9384,0.6234,2.6818
33.9386,0.646,2.7819
33.9388,0.5975,2.574
33.9390,0.6032,2.5976
33.9392,0.6239,2.6851
33.9394,0.6151,2.6487
33.9396,0.6032,2.5988
33.9398,0.5787,2.494
33.9400,0.5572,2.4015
33.9402,0.5763,2.4779
33.9404,0.615,2.6506
33.9406,0.5152,2.2206
33.9408,0.5036,2.1715
33.9410,0.5441,2.3463
33.9412,0.5573,2.402
33.9414,0.5374,2.3163
33.9416,0.5179,2.2331
33.9418,0.5715,2.463
33.9420,0.5619,2.4228
33.9422,0.5275,2.2734
33.9424,0.5215,2.2465
33.9426,0.5315,2.2888
33.9428,0.5501,2.371
33.9430,0.505,2.1808
33.9432,0.417,1.8016
33.9434,0.3964,1.7117
33.9436,0.4052,1.7503
33.9438,0.4071,1.7586
33.9440,0.4047,1.745
33.9442,0.4282,1.8472
33.9444,0.4446,1.9163
33.9446,0.5008,2.1576
33.9448,0.5862,2.5196
33.9450,0.7041,3.0304
33.9452,0.6683,2.8739
33.9454,0.7128,3.0623
33.9456,0.7391,3.1766
33.9458,0.7224,3.1021
33.9460,0.7799,3.3472
33.9462,0.821,3.5188
33.9464,0.8612,3.6944
33.9466,0.8673,3.7223
33.9468,0.8554,3.6645
33.9470,0.9437,4.0426
33.9472,0.9947,4.2614
33.9474,1.0042,4.298
33.9476,0.9869,4.2261
33.9478,0.9829,4.2125
33.9480,0.9765,4.1853
33.9482,0.9385,4.028
33.9484,0.8729,3.743
33.9486,0.8933,3.8304
33.9488,0.9407,4.0354
33.9490,0.9267,3.9739
33.9492,0.9446,4.0448
33.9494,0.9684,4.1465
33.9496,0.9938,4.2593
33.9498,0.9578,4.1109
33.9500,0.8909,3.8202
33.9502,0.8965,3.8515
33.9504,0.8435,3.6204
33.9506,0.8685,3.7205
33.9508,0.9354,4.009
33.9510,0.9724,4.1756
33.9512,0.8597,3.6951
33.9514,0.7116,3.0629
33.9516,0.7224,3.1093
33.9518,0.7723,3.3178
33.9520,0.7861,3.3786
33.9522,0.7706,3.3075
33.9524,0.8106,3.4805
33.9526,0.8694,3.7351
33.9528,0.8204,3.5293
33.9530,0.7725,3.3204
33.9532,0.8074,3.4671
33.9534,0.8405,3.6092
33.9536,0.8091,3.4776
33.9538,0.7776,3.3389
33.9540,0.8311,3.5686
33.9542,0.8404,3.6087
33.9544,0.8452,3.631
33.9546,0.8168,3.5122
33.9548,0.7986,3.4354
33.9550,0.7844,3.3699
33.9552,0.8302,3.5683
33.9554,0.7609,3.2735
33.9556,0.6928,2.9832
33.9558,0.6785,2.9218
33.9560,0.7124,3.0646
33.9562,0.7192,3.094
33.9564,0.7559,3.2518
33.9566,0.7537,3.244
33.9568,0.7259,3.1228
33.9570,0.6776,2.9177
33.9572,0.595,2.5643
33.9574,0.603,2.5989
33.9576,0.693,2.9843
33.9578,0.7166,3.0855
33.9580,0.6417,2.7659
33.9582,0.5701,2.4585
33.9584,0.5493,2.3674
33.9586,0.5614,2.4207
33.9588,0.5638,2.4311
33.9590,0.5752,2.4802
33.9592,0.6282,2.71
33.9594,0.5389,2.3257
33.9596,0.4921,2.1239
33.9598,0.4946,2.1347
33.9600,0.5188,2.2382
33.9602,0.5245,2.2615
33.9604,0.5209,2.247
33.9606,0.5282,2.2786
33.9608,0.5724,2.4649
33.9610,0.6126,2.644
33.9612,0.53,2.2863
33.9614,0.5287,2.2785
33.9616,0.5971,2.5712
33.9618,0.6275,2.7044
33.9620,0.5543,2.3902
33.9622,0.5353,2.3091
33.9624,0.535,2.3048
33.9626,0.5836,2.5164
33.9628,0.5405,2.3329
33.9630,0.5319,2.2957
33.9632,0.5371,2.3158
33.9634,0.5251,2.2641
33.9636,0.5195,2.2403
33.9638,0.5101,2.1984
33.9640,0.5182,2.2356
33.9642,0.5131,2.2124
33.9644,0.5342,2.3012
33.9646,0.5679,2.4464
33.9648,0.6126,2.6366
33.9650,0.6225,2.6782
33.9652,0.6844,2.9416
33.9654,0.7448,3.2029
33.9656,0.7391,3.1781
33.9658,0.7164,3.0807
33.9660,0.7022,3.0193
33.9662,0.7092,3.0554
33.9664,0.6366,2.7385
33.9666,0.6217,2.6783
33.9668,0.6247,2.6875
33.9670,0.6875,2.9523
33.9672,0.795,3.4104
33.9674,0.8315,3.5706
33.9676,0.8144,3.5003
33.9678,0.7645,3.2859
33.9680,0.7601,3.2653
33.9682,0.8053,3.4611
33.9684,0.7504,3.2296
33.9686,0.66,2.8378
33.9688,0.6734,2.8942
33.9690,0.7806,3.3487
33.9692,0.8649,3.712
33.9694,0.8827,3.787
33.9696,0.9112,3.9107
33.9698,0.7809,3.3565
33.9700,0.7212,3.1042
33.9702,0.6496,2.7948
33.9704,0.683,2.9341
33.9706,0.724,3.1102
33.9708,0.7796,3.3493
33.9710,0.7765,3.339
33.9712,0.7377,3.1704
33.9714,0.7307,3.1449
33.9716,0.6705,2.8845
33.9718,0.689,2.964
33.9720,0.6678,2.8767
33.9722,0.677,2.911
33.9724,0.7687,3.2993
33.9726,0.802,3.4488
33.9728,0.7638,3.2874
33.9730,0.7007,3.0173
33.9732,0.6632,2.8544
33.9734,0.6367,2.7467
33.9736,0.5266,2.2729
33.9738,0.4796,2.0662
33.9740,0.6185,2.6631
33.9742,0.6627,2.8589
33.9744,0.5356,2.3096
33.9746,0.5185,2.2367
33.9748,0.5188,2.2403
33.9750,0.5056,2.1793
33.9752,0.5307,2.2863
33.9754,0.5333,2.3019
33.9756,0.4086,1.7637
33.9758,0.3923,1.6956
33.9760,0.3903,1.6868
33.9762,0.3897,1.6835
33.9764,0.3934,1.6987
33.9766,0.3899,1.6837
33.9768,0.3911,1.6897
33.9770,0.3886,1.678
33.9772,0.4025,1.7357
33.9774,0.4788,2.0626
33.9776,0.5426,2.3396
33.9778,0.5472,2.3543
33.9780,0.7145,3.0681
33.9782,0.7432,3.1971
33.9784,0.6946,2.984
33.9786,0.7001,3.0063
33.9788,0.7489,3.2174
33.9790,0.7618,3.271
33.9792,0.7779,3.3389
33.9794,0.7996,3.4321
33.9796,0.8391,3.6031
33.9798,0.8351,3.5794
33.9800,0.8538,3.6647
33.9802,0.8029,3.446
33.9804,0.8104,3.4784
33.9806,0.8403,3.6032
33.9808,0.8718,3.7419
33.9810,0.8239,3.5377
33.9812,0.7855,3.3698
33.9814,0.8993,3.8525
33.9816,0.9658,4.1473
33.9818,0.857,3.6798
33.9820,0.8162,3.5015
33.9822,0.8124,3.4883
33.9824,0.8404,3.6087
33.9826,0.8743,3.7544
33.9828,0.8626,3.6971
33.9830,0.9519,4.08
33.9832,0.9591,4.1185
33.9834,0.861,3.7007
33.9836,0.7413,3.1844
33.9838,0.7169,3.0827
33.9840,0.7588,3.2627
33.9842,0.7469,3.2101
33.9844,0.797,3.4208
33.9846,0.8122,3.4894
33.9848,0.8282,3.5579
33.9850,0.7919,3.4002
33.9852,0.8478,3.6441
33.9854,0.8379,3.5962
33.9856,0.8537,3.6693
33.9858,0.8134,3.4945
33.9860,0.8067,3.4705
33.9862,0.7458,3.2085
33.9864,0.7118,3.0648
33.9866,0.6678,2.874
33.9868,0.6705,2.8845
33.9870,0.688,2.9571
33.9872,0.7496,3.219
33.9874,0.8062,3.4636
33.9876,0.8237,3.5405
33.9878,0.8197,3.5229
33.9880,0.8207,3.5227
33.9882,0.8312,3.5724
33.9884,0.7547,3.2482
33.9886,0.6917,2.9744
33.9888,0.7502,3.2306
33.9890,0.6898,2.9676
33.9892,0.7205,3.0996
33.9894,0.7632,3.2802
33.9896,0.7945,3.4147
33.9898,0.7796,3.3477
33.9900,0.7992,3.438
33.9902,0.6887,2.9684
33.9904,0.6096,2.6274
33.9906,0.7096,3.0498
33.9908,0.7373,3.1748
33.9910,0.648,2.794
33.9912,0.5922,2.5501
33.9914,0.6351,2.7362
33.9916,0.6191,2.6632
33.9918,0.6687,2.8808
33.9920,0.632,2.724
33.9922,0.6076,2.6174
33.9924,0.6055,2.611
33.9926,0.5855,2.5258
33.9928,0.5378,2.32
33.9930,0.5261,2.2698
33.9932,0.5235,2.2574
33.9934,0.5012,2.1632
33.9936,0.4933,2.128
33.9938,0.5029,2.1674
33.9940,0.5919,2.5497
33.9942,0.582,2.5132
33.9944,0.4658,2.0124
33.9946,0.4445,1.9184
33.9948,0.453,1.957
33.9950,0.405,1.749
33.9952,0.4079,1.7597
33.9954,0.4567,1.9721
33.9956,0.4498,1.9421
33.9958,0.4463,1.9271
33.9960,0.4441,1.916
33.9962,0.4445,1.9193
33.9964,0.448,1.9343
33.9966,0.4451,1.9192
33.9968,0.4435,1.9143
33.9970,0.445,1.9205
33.9972,0.4447,1.9203
33.9974,0.45,1.9422
33.9976,0.4493,1.9391
33.9978,0.4493,1.9391
33.9980,0.4966,2.1386
33.9982,0.5555,2.3932
33.9984,0.5066,2.1855
33.9986,0.4548,1.9629
33.9988,0.4518,1.9491
33.9990,0.4488,1.937
33.9992,0.4464,1.9258
33.9994,0.4619,1.9934
33.9996,0.4577,1.9735
33.9998,0.4915,2.1173
34.0000,0.5689,2.4488
34.0002,0.5942,2.5636
34.0004,0.5055,2.1788
34.0006,0.5598,2.4118
34.0008,0.5553,2.3921
34.0010,0.551,2.3758
34.0012,0.5511,2.3763
34.0014,0.5619,2.4194
34.0016,0.6148,2.6471
34.0018,0.5612,2.4163
34.0020,0.6092,2.6185
34.0022,0.7267,3.1206
34.0024,0.774,3.3219
34.0026,0.8299,3.5551
34.0028,0.8925,3.8358
34.0030,0.6932,2.9862
34.0032,0.5926,2.5516
34.0034,0.5676,2.4454
34.0036,0.5453,2.3471
34.0038,0.607,2.6148
34.0040,0.5409,2.3323
34.0042,0.5463,2.3556
34.0044,0.568,2.4458
34.0046,0.5981,2.573
34.0048,0.6156,2.6495
34.0050,0.6405,2.7556
34.0052,0.6529,2.81
34.0054,0.6489,2.7904
34.0056,0.6651,2.8626
34.0058,0.6445,2.7752
34.0060,0.6508,2.7973
34.0062,0.7103,3.0529
34.0064,0.6783,2.9167
34.0066,0.6428,2.7718
34.0068,0.5264,2.2634
34.0070,0.6079,2.6165
34.0072,0.5843,2.516
34.0074,0.5795,2.4976
34.0076,0.5875,2.5287
34.0078,0.6158,2.6468
34.0080,0.7049,3.0326
34.0082,0.6608,2.848
34.0084,0.53,2.2832
34.0086,0.5283,2.278
34.0088,0.5542,2.3886
34.0090,0.5544,2.3885
34.0092,0.5735,2.4741
34.0094,0.4812,2.0748
34.0096,0.514,2.2155
34.0098,0.5329,2.2987
34.0100,0.4463,1.9253
34.0102,0.4171,1.7996
34.0104,0.4182,1.8059
34.0106,0.4199,1.8106
34.0108,0.5436,2.3366
34.0110,0.6763,2.9093
34.0112,0.6857,2.9473
34.0114,0.719,3.0886
34.0116,0.691,2.9741
34.0118,0.6052,2.5986
34.0120,0.7261,3.1181
34.0122,0.7318,3.1467
34.0124,0.6999,3.0095
34.0126,0.7036,3.0241
34.0128,0.7433,3.1902
34.0130,0.8814,3.7778
34.0132,0.8877,3.8045
34.0134,0.8642,3.702
34.0136,0.9089,3.8936
34.0138,0.9451,4.0488
34.0140,0.938,4.0185
34.0142,0.9885,4.2387
34.0144,0.9255,3.9669
34.0146,0.9223,3.953
34.0148,0.9332,3.9998
34.0150,0.9443,4.0452
34.0152,0.906,3.8849
34.0154,0.8968,3.8418
34.0156,0.9492,4.07
34.0158,0.9152,3.9264
34.0160,0.8693,3.7241
34.0162,0.8958,3.8466
34.0164,0.8431,3.6201
34.0166,0.8367,3.5878
34.0168,0.8548,3.6637
34.0170,0.9278,3.9841
34.0172,0.8511,3.658
34.0174,0.7841,3.3683
34.0176,0.7735,3.3199
34.0178,0.8356,3.5898
34.0180,0.8107,3.4794
34.0182,0.8234,3.5307
34.0184,0.8585,3.6865
34.0186,0.815,3.5045
34.0188,0.7897,3.3957
34.0190,0.7649,3.2859
34.0192,0.7904,3.3972
34.0194,0.7868,3.3817
34.0196,0.7711,3.3142
34.0198,0.7209,3.0983
34.0200,0.7926,3.4033
34.0202,0.785,3.374
34.0204,0.798,3.4297
34.0206,0.8314,3.5701
34.0208,0.8419,3.6132
34.0210,0.8667,3.7215
34.0212,0.791,3.4045
34.0214,0.6771,2.9129
34.0216,0.6794,2.9227
34.0218,0.7404,3.1838
34.0220,0.8041,3.4543
34.0222,0.779,3.3498
34.0224,0.7331,3.1523
34.0226,0.7323,3.1487
34.0228,0.7767,3.3353
34.0230,0.7663,3.2982
34.0232,0.6633,2.8549
34.0234,0.6669,2.8744
34.0236,0.6204,2.6689
34.0238,0.7269,3.1284
34.0240,0.6454,2.7832
34.0242,0.5728,2.471
34.0244,0.5935,2.5557
34.0246,0.6314,2.7164
34.0248,0.6552,2.8185
34.0250,0.6946,2.9924
34.0252,0.6576,2.8328
34.0254,0.638,2.7498
34.0256,0.6243,2.6859
34.0258,0.6625,2.85
34.0260,0.7034,3.0301
34.0262,0.6223,2.6796
34.0264,0.6133,2.6446
34.0266,0.6193,2.6655
34.0268,0.699,3.0059
34.0270,0.7734,3.3225
34.0272,0.7951,3.4205
34.0274,0.7145,3.0767
34.0276,0.6838,2.9404
34.0278,0.6516,2.8095
34.0280,0.5504,2.3721
34.0282,0.5512,2.3757
34.0284,0.5739,2.4745
34.0286,0.5777,2.4899
34.0288,0.5454,2.352
34.0290,0.5398,2.3287
34.0292,0.5552,2.3961
34.0294,0.5552,2.3916
34.0296,0.6146,2.6466
34.0298,0.6275,2.7044
34.0300,0.564,2.431
34.0302,0.6026,2.595
34.0304,0.6633,2.8549
34.0306,0.6289,2.7093
34.0308,0.5875,2.5299
34.0310,0.614,2.6453
34.0312,0.6212,2.6725
34.0314,0.6536,2.8144
34.0316,0.6343,2.7364
34.0318,0.5525,2.3814
34.0320,0.5359,2.3106
34.0322,0.5429,2.3422
34.0324,0.5469,2.3571
34.0326,0.5453,2.3504
34.0328,0.544,2.3447
34.0330,0.545,2.3477
34.0332,0.5496,2.369
34.0334,0.5793,2.4931
34.0336,0.7064,3.0373
34.0338,0.7751,3.3312
34.0340,0.7309,3.1416
34.0342,0.7174,3.0877
34.0344,0.694,2.9856
34.0346,0.7056,3.0314
34.0348,0.7168,3.0822
34.0350,0.7396,3.1772
34.0352,0.8284,3.5589
34.0354,0.8202,3.5184
34.0356,0.8687,3.7302
34.0358,0.7771,3.3415
34.0360,0.739,3.1776
34.0362,0.6935,2.9877
34.0364,0.6248,2.6905
34.0366,0.6061,2.6112
34.0368,0.626,2.6944
34.0370,0.6996,3.0085
34.0372,0.7462,3.2055
34.0374,0.719,3.0944
34.0376,0.6903,2.971
34.0378,0.6606,2.8417
34.0380,0.6826,2.9312
34.0382,0.8188,3.5177
34.0384,0.85,3.655
34.0386,0.732,3.1477
34.0388,0.6962,2.9963
34.0390,0.7006,3.0168
34.0392,0.6396,2.7566
34.0394,0.5363,2.3127
34.0396,0.5466,2.3593
34.0398,0.4754,2.0548
34.0400,0.4101,1.7723
34.0402,0.4368,1.8844
34.0404,0.5128,2.2113
34.0406,0.5453,2.3547
34.0408,0.4795,2.0676
34.0410,0.4427,1.9115
34.0412,0.3934,1.6987
34.0414,0.3896,1.6837
34.0416,0.3873,1.6731
34.0418,0.3831,1.655
34.0420,0.3873,1.6723
34.0422,0.3895,1.6824
34.0424,0.3954,1.7083
34.0426,0.403,1.7393
34.0428,0.4059,1.751
34.0430,0.412,1.7798
34.0432,0.4054,1.7513
34.0434,0.4078,1.76
34.0436,0.4186,1.8066
34.0438,0.4694,2.0251
34.0440,0.501,2.1571
34.0442,0.5799,2.4922
34.0444,0.641,2.7564
34.0446,0.6794,2.9227
34.0448,0.6717,2.8897
34.0450,0.68,2.9239
34.0452,0.7048,3.0264
34.0454,0.7833,3.3637
34.0456,0.7881,3.3843
34.0458,0.7694,3.3055
34.0460,0.7885,3.3858
34.0462,0.7838,3.3626
34.0464,0.9258,3.9716
34.0466,0.9307,3.9871
34.0468,0.9702,4.1522
34.0470,0.9532,4.0875
34.0472,0.902,3.8662
34.0474,0.9146,3.9165
34.0476,0.9561,4.096
34.0478,0.9351,4.0117
34.0480,0.952,4.0805
34.0482,0.9787,4.1887
34.0484,0.9869,4.232
34.0486,0.9571,4.104
34.0488,0.9402,4.0277
34.0490,0.9796,4.1947
34.0492,0.9508,4.0734
34.0494,0.9857,4.2229
34.0496,0.9823,4.2119
34.0498,0.9875,4.2326
34.0500,0.9937,4.2528
34.0502,1.0014,4.2902
34.0504,0.9974,4.2787
34.0506,0.93,3.9915
34.0508,0.9227,3.9619
34.0510,0.9287,3.984
34.0512,0.9379,4.0236
34.0514,0.8839,3.7956
34.0516,0.8818,3.7846
34.0518,0.8968,3.8489
34.0520,0.813,3.4973
34.0522,0.6928,2.9805
34.0524,0.7217,3.1048
34.0526,0.7284,3.1322
34.0528,0.7236,3.1159
34.0530,0.6558,2.8237
34.0532,0.6887,2.9643
34.0534,0.6937,2.9827
34.0536,0.7342,3.157
34.0538,0.6813,2.9378
34.0540,0.6302,2.7137
34.0542,0.6654,2.8637
34.0544,0.6871,2.9598
34.0546,0.6856,2.9509
34.0548,0.6994,3.0074
34.0550,0.7627,3.2797
34.0552,0.7293,3.1387
34.0554,0.6813,2.9364
34.0556,0.6086,2.6232
34.0558,0.6127,2.6396
34.0560,0.6347,2.7341
34.0562,0.5948,2.5626
34.0564,0.5977,2.5762
34.0566,0.5898,2.5433
34.0568,0.58,2.4974
34.0570,0.5807,2.504
34.0572,0.5227,2.2527
34.0574,0.5808,2.5068
34.0576,0.5177,2.2346
34.0578,0.5414,2.3333
34.0580,0.5639,2.4316
34.0582,0.5194,2.2419
34.0584,0.5329,2.2966
34.0586,0.588,2.5332
34.0588,0.5523,2.3836
34.0590,0.5132,2.2129
34.0592,0.4966,2.1435
34.0594,0.4787,2.0669
34.0596,0.4869,2.1026
34.0598,0.4924,2.1234
34.0600,0.5096,2.1974
34.0602,0.5661,2.4386
34.0604,0.5506,2.3764
34.0606,0.4586,1.9804
34.0608,0.4718,2.0355
34.0610,0.5282,2.2807
34.0612,0.4482,1.9353
34.0614,0.4264,1.8411
34.0616,0.4264,1.8403
34.0618,0.4314,1.8611
34.0620,0.4301,1.8554
34.0622,0.4333,1.8711
34.0624,0.4293,1.8527
34.0626,0.4306,1.8558
34.0628,0.4763,2.0565
34.0630,0.4496,1.9407
34.0632,0.4421,1.9089
34.0634,0.4468,1.9282
34.0636,0.4423,1.9082
34.0638,0.444,1.9172
34.0640,0.458,1.9751
34.0642,0.4953,2.1349
34.0644,0.5101,2.2005
34.0646,0.529,2.2801
34.0648,0.5558,2.3942
34.0650,0.5675,2.4437
34.0652,0.5645,2.433
34.0654,0.5646,2.4336
34.0656,0.5657,2.436
34.0658,0.5875,2.5287
34.0660,0.607,2.6124
34.0662,0.6257,2.6954
34.0664,0.5701,2.4562
34.0666,0.6152,2.6504
34.0668,0.6321,2.7195
34.0670,0.6408,2.754
34.0672,0.6456,2.7785
34.0674,0.5832,2.5113
34.0676,0.5683,2.4484
34.0678,0.5757,2.4811
34.0680,0.5754,2.4778
34.0682,0.5966,2.5692
34.0684,0.6727,2.8911
34.0686,0.7044,3.0235
34.0688,0.7606,3.2658
34.0690,0.8284,3.5506
34.0692,0.9016,3.8677
34.0694,0.8367,3.5928
34.0696,0.7966,3.4224
34.0698,0.8036,3.4523
34.0700,0.7642,3.2874
34.0702,0.6446,2.7757
34.0704,0.5957,2.5674
34.0706,0.547,2.3543
34.0708,0.5417,2.3305
34.0710,0.6442,2.7741
34.0712,0.6315,2.7181
34.0714,0.6207,2.6742
34.0716,0.6126,2.6378
34.0718,0.6036,2.5991
34.0720,0.6078,2.6147
34.0722,0.6278,2.7059
34.0724,0.5859,2.5239
34.0726,0.5319,2.2904
34.0728,0.5425,2.339
34.0730,0.5583,2.4051
34.0732,0.5568,2.3977
34.0734,0.5466,2.355
34.0736,0.5114,2.2041
34.0738,0.5234,2.2558
34.0740,0.5977,2.5738
34.0742,0.5821,2.509
34.0744,0.5353,2.3069
34.0746,0.5028,2.1659
34.0748,0.5273,2.2739
34.0750,0.5125,2.2088
34.0752,0.5116,2.2062
34.0754,0.4489,1.9385
34.0756,0.401,1.7306
34.0758,0.3983,1.72
34.0760,0.3978,1.7171
34.0762,0.3951,1.7068
34.0764,0.3948,1.7065
34.0766,0.3929,1.6974
34.0768,0.394,1.6997
34.0770,0.4339,1.8711
34.0772,0.5291,2.2774
34.0774,0.5784,2.4895
34.0776,0.5633,2.4234
34.0778,0.6193,2.6667
34.0780,0.5898,2.5397
34.0782,0.5802,2.4949
34.0784,0.6649,2.8563
34.0786,0.7169,3.0813
34.0788,0.7468,3.2051
34.0790,0.7898,3.3851
34.0792,0.8385,3.5988
34.0794,0.81,3.4747
34.0796,0.8809,3.7704
34.0798,0.9769,4.1868
34.0800,0.9776,4.1841
34.0802,0.9998,4.281
34.0804,0.9833,4.2107
34.0806,0.9833,4.2087
34.0808,0.965,4.134
34.0810,0.9811,4.2029
34.0812,0.9421,4.0378
34.0814,0.9561,4.0979
34.0816,0.973,4.1646
34.0818,0.9504,4.079
34.0820,0.8296,3.5607
34.0822,0.7978,3.4244
34.0824,0.8489,3.647
34.0826,0.8397,3.609
34.0828,0.8048,3.4542
34.0830,0.8351,3.5861
34.0832,0.8553,3.6674
34.0834,0.883,3.788
34.0836,0.8254,3.5411
34.0838,0.8234,3.534
34.0840,0.853,3.6645
34.0842,0.8343,3.5825
34.0844,0.8518,3.6525
34.0846,0.9432,4.0443
34.0848,0.9089,3.9027
34.0850,0.8706,3.7333
34.0852,0.865,3.7108
34.0854,0.8825,3.7877
34.0856,0.8885,3.8152
34.0858,0.8851,3.7955
34.0860,0.9128,3.9161
34.0862,0.8893,3.817
34.0864,0.9044,3.8837
34.0866,0.829,3.5615
34.0868,0.8434,3.6216
34.0870,0.8401,3.6072
34.0872,0.8331,3.5823
34.0874,0.8428,3.6224
34.0876,0.8481,3.64
34.0878,0.8526,3.6595
34.0880,0.8312,3.5741
34.0882,0.7691,3.3039
34.0884,0.8022,3.4349
34.0886,0.9441,4.0579
34.0888,0.8102,3.479
34.0890,0.8612,3.6995
34.0892,0.8615,3.7011
34.0894,0.7835,3.3689
34.0896,0.7573,3.255
34.0898,0.7514,3.2312
34.0900,0.7613,3.2765
34.0902,0.7506,3.2306
34.0904,0.7205,3.1011
34.0906,0.6784,2.9186
34.0908,0.7029,3.028
34.0910,0.642,2.7682
34.0912,0.6096,2.6225
34.0914,0.6765,2.913
34.0916,0.6471,2.7878
34.0918,0.6106,2.6327
34.0920,0.6058,2.612
34.0922,0.601,2.5902
34.0924,0.6058,2.6108
34.0926,0.6086,2.622
34.0928,0.6124,2.6368
34.0930,0.5765,2.4859
34.0932,0.567,2.4439
34.0934,0.6496,2.7948
34.0936,0.7669,3.2947
34.0938,0.7998,3.4422
34.0940,0.6728,2.8997
34.0942,0.612,2.6377
34.0944,0.5901,2.5431
34.0946,0.5784,2.493
34.0948,0.5631,2.4268
34.0950,0.5528,2.3846
34.0952,0.5478,2.3623
34.0954,0.546,2.3556
34.0956,0.5475,2.3619
34.0958,0.5517,2.3777
34.0960,0.5542,2.3897
34.0962,0.5528,2.3846
34.0964,0.5481,2.3644
34.0966,0.5448,2.3483
34.0968,0.5835,2.5112
34.0970,0.6367,2.7454
34.0972,0.5663,2.4431
34.0974,0.5505,2.3748
34.0976,0.55,2.3705
34.0978,0.5517,2.3777
34.0980,0.5525,2.3825
34.0982,0.5526,2.3797
34.0984,0.5522,2.3798
34.0986,0.551,2.3769
34.0988,0.5572,2.4026
34.0990,0.601,2.5829
34.0992,0.688,2.9653
34.0994,0.6019,2.5895
34.0996,0.6032,2.5976
34.0998,0.644,2.7731
34.1000,0.6686,2.8776
34.1002,0.6987,3.0043
34.1004,0.6953,2.9913
34.1006,0.7265,3.1225
34.1008,0.7875,3.3848
34.1010,0.7525,3.2343
34.1012,0.7321,3.1467
34.1014,0.7902,3.3835
34.1016,0.9179,3.9413
34.1018,0.8403,3.6099
34.1020,0.8807,3.7747
34.1022,0.9219,3.9533
34.1024,0.8951,3.8417
34.1026,0.8703,3.7369
34.1028,0.891,3.826
34.1030,0.7885,3.3874
34.1032,0.7308,3.1469
34.1034,0.7529,3.2359
34.1036,0.8089,3.4782
34.1038,0.7329,3.1528
34.1040,0.7474,3.2137
34.1042,0.7959,3.4161
34.1044,0.8735,3.7456
34.1046,0.9112,3.907
34.1048,0.9114,3.9135
34.1050,0.8861,3.8014
34.1052,0.8427,3.6202
34.1054,0.8067,3.4657
34.1056,0.7824,3.3611
34.1058,0.8029,3.4524
34.1060,0.7998,3.431
34.1062,0.805,3.4617
34.1064,0.726,3.1234
34.1066,0.7174,3.0877
34.1068,0.7531,3.2339
34.1070,0.812,3.4965
34.1072,0.642,2.7707
34.1074,0.5088,2.1938
34.1076,0.5072,2.1881
34.1078,0.5315,2.2941
34.1080,0.5228,2.2553
34.1082,0.4989,2.1554
34.1084,0.4851,2.0958
34.1086,0.5078,2.1896
34.1088,0.4965,2.143
34.1090,0.4776,2.0622
34.1092,0.5249,2.2625
34.1094,0.5606,2.4182
34.1096,0.4922,2.1224
34.1098,0.5122,2.2067
34.1100,0.5401,2.3319
34.1102,0.4971,2.1406
34.1104,0.6633,2.8496
34.1106,0.7041,3.0304
34.1108,0.6651,2.8626
34.1110,0.6806,2.9265
34.1112,0.7206,3.1016
34.1114,0.7198,3.0937
34.1116,0.7761,3.3359
34.1118,0.7673,3.2977
34.1120,0.776,3.3369
34.1122,0.7965,3.4203
34.1124,0.8494,3.644
34.1126,0.8471,3.6376
34.1128,0.85,3.6516
34.1130,0.8246,3.5408
34.1132,0.8548,3.6739
34.1134,0.8263,3.5447
34.1136,0.8913,3.8253
34.1138,0.8573,3.6813
34.1140,0.859,3.6885
34.1142,0.8474,3.6352
34.1144,0.9126,3.9114
34.1146,1.0092,4.3337
34.1148,0.9472,4.0656
34.1150,0.9419,4.0368
34.1152,0.927,3.9749
34.1154,0.9163,3.931
34.1156,0.9477,4.0677
34.1158,0.8547,3.6734
34.1160,0.811,3.4891
34.1162,0.8224,3.5315
34.1164,0.841,3.6113
34.1166,0.841,3.6113
34.1168,0.9252,3.969
34.1170,0.924,3.9676
34.1172,0.888,3.8114
34.1174,0.9038,3.8811
34.1176,0.9175,3.9435
34.1178,0.9019,3.8729
34.1180,0.8925,3.8304
34.1182,0.8705,3.7432
34.1184,0.8349,3.5901
34.1186,0.7806,3.3534
34.1188,0.7583,3.2591
34.1190,0.7547,3.2451
34.1192,0.7751,3.3405
34.1194,0.6896,2.9707
34.1196,0.7048,3.0321
34.1198,0.7353,3.1645
34.1200,0.7239,3.117
34.1202,0.7125,3.0636
34.1204,0.7314,3.151
34.1206,0.6917,2.98
34.1208,0.6945,2.9905
34.1210,0.7204,3.1049
34.1212,0.6508,2.8077
34.1214,0.5763,2.4837
34.1216,0.5855,2.5235
34.1218,0.6466,2.7845
34.1220,0.6758,2.9072
34.1222,0.6944,2.9913
34.1224,0.6068,2.6179
34.1226,0.5861,2.5272
34.1228,0.5868,2.5327
34.1230,0.5743,2.4766
34.1232,0.6088,2.6225
34.1234,0.5628,2.4292
34.1236,0.4981,2.1477
34.1238,0.5633,2.4279
34.1240,0.6293,2.7134
34.1242,0.6277,2.7016
34.1244,0.6307,2.7221
34.1246,0.5418,2.3386
34.1248,0.5434,2.3421
34.1250,0.5957,2.5662
34.1252,0.6101,2.6282
34.1254,0.6037,2.6008
34.1256,0.6121,2.6382
34.1258,0.6415,2.7635
34.1260,0.5964,2.5753
34.1262,0.4855,2.0954
34.1264,0.4845,2.0922
34.1266,0.4966,2.1425
34.1268,0.5365,2.3121
34.1270,0.5628,2.4258
34.1272,0.5589,2.4088
34.1274,0.551,2.3758
34.1276,0.5639,2.4305
34.1278,0.6134,2.6439
34.1280,0.6134,2.6439
34.1282,0.5731,2.4725
34.1284,0.4879,2.1048
34.1286,0.4667,2.0151
34.1288,0.4769,2.0581
34.1290,0.466,2.011
34.1292,0.4793,2.0666
34.1294,0.5229,2.2579
34.1296,0.4665,2.0146
34.1298,0.4633,1.9987
34.1300,0.5353,2.3069
34.1302,0.552,2.3782
34.1304,0.5613,2.4202
34.1306,0.4942,2.1342
34.1308,0.4643,2.0047
34.1310,0.4616,1.9933
34.1312,0.4818,2.0774
34.1314,0.5596,2.4141
34.1316,0.5396,2.3234
34.1318,0.576,2.4815
34.1320,0.5725,2.4654
34.1322,0.6438,2.7695
34.1324,0.5993,2.5877
34.1326,0.488,2.1033
34.1328,0.5362,2.3111
34.1330,0.5525,2.3825
34.1332,0.5643,2.4298
34.1334,0.6187,2.6617
34.1336,0.6335,2.7277
34.1338,0.6342,2.7295
34.1340,0.6457,2.7816
34.1342,0.5974,2.5758
34.1344,0.5649,2.4346
34.1346,0.5729,2.4681
34.1348,0.5884,2.5335
34.1350,0.6553,2.8177
34.1352,0.7374,3.1665
34.1354,0.8023,3.4434
34.1356,0.7522,3.2373
34.1358,0.6565,2.8268
34.1360,0.6248,2.6892
34.1362,0.6272,2.6996
34.1364,0.5915,2.5481
34.1366,0.6097,2.6267
34.1368,0.601,2.5914
34.1370,0.5349,2.3054
34.1372,0.5229,2.2548
34.1374,0.5261,2.2687
34.1376,0.5067,2.1829
34.1378,0.5269,2.2718
34.1380,0.5688,2.4528
34.1382,0.5679,2.4452
34.1384,0.5751,2.4797
34.1386,0.5716,2.4624
34.1388,0.6018,2.5926
34.1390,0.5648,2.433
34.1392,0.5626,2.4192
34.1394,0.6657,2.8626
34.1396,0.692,2.9796
34.1398,0.6248,2.693
34.1400,0.5192,2.2377
34.1402,0.505,2.1757
34.1404,0.5162,2.2248
34.1406,0.5257,2.2677
34.1408,0.4631,1.9986
34.1410,0.4041,1.7448
34.1412,0.3986,1.721
34.1414,0.4333,1.8711
34.1416,0.3986,1.721
34.1418,0.3895,1.6824
34.1420,0.3964,1.7117
34.1422,0.4161,1.7974
34.1424,0.3736,1.6133
34.1426,0.3928,1.6946
34.1428,0.4296,1.8534
34.1430,0.4012,1.7332
34.1432,0.4174,1.7998
34.1434,0.5092,2.1928
34.1436,0.5809,2.5004
34.1438,0.5555,2.391
34.1440,0.5844,2.513
34.1442,0.6353,2.7291
34.1444,0.6998,3.009
34.1446,0.7016,3.0167
34.1448,0.697,2.9957
34.1450,0.7079,3.0384
34.1452,0.7992,3.4284
34.1454,0.8392,3.6002
34.1456,0.8748,3.7495
34.1458,0.8823,3.7831
34.1460,0.8567,3.6788
34.1462,0.8397,3.604
34.1464,0.8827,3.7852
34.1466,0.8806,3.7777
34.1468,0.8619,3.6992
34.1470,0.8211,3.5242
34.1472,0.8146,3.4948
34.1474,0.8387,3.5948
34.1476,0.907,3.8836
34.1478,0.9759,4.1808
34.1480,0.9801,4.1948
34.1482,0.9857,4.2209
34.1484,0.9787,4.1887
34.1486,1.0011,4.2867
34.1488,1.0164,4.3544
34.1490,0.9234,3.9576
34.1492,0.8988,3.8595
34.1494,0.8797,3.7776
34.1496,0.9028,3.8783
34.1498,0.8276,3.5503
34.1500,0.8678,3.7209
34.1502,0.9447,4.051
34.1504,0.9065,3.8888
34.1506,0.82,3.5196
34.1508,0.896,3.8476
34.1510,0.8779,3.7699
34.1512,0.8288,3.5621
34.1514,0.8438,3.6215
34.1516,0.8984,3.849
34.1518,0.9651,4.1384
34.1520,0.8958,3.852
34.1522,0.7806,3.3534
34.1524,0.8054,3.4584
34.1526,0.8541,3.6708
34.1528,0.7926,3.4081
34.1530,0.8016,3.4451
34.1532,0.8122,3.4845
34.1534,0.8332,3.5845
34.1536,0.7723,3.3209
34.1538,0.7937,3.4127
34.1540,0.8068,3.4646
34.1542,0.8121,3.4953
34.1544,0.7444,3.2008
34.1546,0.8166,3.5095
34.1548,0.7829,3.3616
34.1550,0.7857,3.3771
34.1552,0.8277,3.5525
34.1554,0.8234,3.5472
34.1556,0.6504,2.8005
34.1558,0.657,2.8302
34.1560,0.6065,2.6115
34.1562,0.6441,2.7749
34.1564,0.6445,2.7739
34.1566,0.7302,3.1414
34.1568,0.7414,3.1909
34.1570,0.6975,3.002
34.1572,0.6495,2.7982
34.1574,0.5947,2.5657
34.1576,0.57,2.4591
34.1578,0.605,2.6077
34.1580,0.5998,2.585
34.1582,0.5758,2.4816
34.1584,0.5883,2.5365
34.1586,0.5568,2.3989
34.1588,0.5923,2.5529
34.1590,0.5885,2.5376
34.1592,0.5984,2.5805
34.1594,0.513,2.2139
34.1596,0.5073,2.1876
34.1598,0.5936,2.5563
34.1600,0.6395,2.7535
34.1602,0.5824,2.51
34.1604,0.523,2.2563
34.1606,0.5224,2.2527
34.1608,0.5312,2.2915
34.1610,0.5199,2.2429
34.1612,0.5162,2.2258
34.1614,0.5167,2.2258
34.1616,0.5578,2.4063
34.1618,0.5317,2.2925
34.1620,0.5186,2.2372
34.1622,0.5133,2.2155
34.1624,0.5114,2.2072
34.1626,0.5237,2.2573
34.1628,0.5275,2.2744
34.1630,0.5156,2.2243
34.1632,0.5631,2.4246
34.1634,0.5807,2.5028
34.1636,0.5289,2.2774
34.1638,0.5476,2.3558
34.1640,0.6139,2.6447
34.1642,0.6277,2.7016
34.1644,0.6423,2.7633
34.1646,0.6712,2.8863
34.1648,0.7267,3.1235
34.1650,0.7499,3.2245
34.1652,0.7375,3.1699
34.1654,0.7488,3.2199
34.1656,0.6628,2.8555
34.1658,0.6314,2.7164
34.1660,0.693,2.9801
34.1662,0.7131,3.0648
34.1664,0.717,3.0818
34.1666,0.7591,3.2612
34.1668,0.7881,3.3858
34.1670,0.706,3.0386
34.1672,0.6379,2.7468
34.1674,0.6377,2.7457
34.1676,0.6862,2.948
34.1678,0.7856,3.3766
34.1680,0.7287,3.1332
34.1682,0.7332,3.1499
34.1684,0.7855,3.3745
34.1686,0.7972,3.4218
34.1688,0.8185,3.5145
34.1690,0.8151,3.5017
34.1692,0.8308,3.5692
34.1694,0.8234,3.5406
34.1696,0.6904,2.9715
34.1698,0.7144,3.0676
34.1700,0.8222,3.5288
34.1702,0.7457,3.2094
34.1704,0.6709,2.8901
34.1706,0.6145,2.6473
34.1708,0.607,2.6136
34.1710,0.5953,2.5647
34.1712,0.6501,2.7968
34.1714,0.7134,3.072
34.1716,0.6266,2.6945
34.1718,0.7034,3.0273
34.1720,0.688,2.9626
34.1722,0.6524,2.8119
34.1724,0.6103,2.6292
34.1726,0.6028,2.5955
34.1728,0.6883,2.9609
34.1730,0.6948,2.9906
34.1732,0.6658,2.8631
34.1734,0.7613,3.2704
34.1736,0.705,3.0401
34.1738,0.5403,2.3308
34.1740,0.5234,2.26
34.1742,0.4294,1.8541
34.1744,0.408,1.7611
34.1746,0.4156,1.7953
34.1748,0.4131,1.7836
34.1750,0.4776,2.0622
34.1752,0.4193,1.8114
34.1754,0.4055,1.7518
34.1756,0.4124,1.7822
34.1758,0.4086,1.7661
34.1760,0.407,1.7572
34.1762,0.391,1.6884
34.1764,0.3912,1.6871
34.1766,0.5106,2.1995
34.1768,0.559,2.4115
34.1770,0.4951,2.1338
34.1772,0.4982,2.1483
34.1774,0.5283,2.278
34.1776,0.5791,2.4926
34.1778,0.6167,2.6554
34.1780,0.5773,2.4883
34.1782,0.5863,2.5224
34.1784,0.6941,2.982
34.1786,0.7188,3.0881
34.1788,0.7201,3.0966
34.1790,0.752,3.2323
34.1792,0.7795,3.3487
34.1794,0.8224,3.5216
34.1796,0.9831,4.2155
34.1798,0.9636,4.1279
34.1800,0.9807,4.2013
34.1802,0.977,4.1815
34.1804,0.9862,4.2269
34.1806,0.9759,4.1847
34.1808,0.9734,4.1739
34.1810,0.9089,3.8936
34.1812,0.9524,4.0801
34.1814,0.9938,4.2593
34.1816,0.9567,4.0967
34.1818,0.9472,4.0599
34.1820,0.9819,4.2084
34.1822,0.9843,4.2187
34.1824,0.9601,4.1245
34.1826,0.8982,3.8515
34.1828,0.9638,4.1289
34.1830,0.9402,4.0371
34.1832,0.8601,3.6915
34.1834,0.8435,3.6204
34.1836,0.847,3.6404
34.1838,0.8438,3.6282
34.1840,0.7692,3.3075
34.1842,0.8113,3.4836
34.1844,0.8737,3.7501
34.1846,0.9007,3.8695
34.1848,0.8552,3.6704
34.1850,0.8302,3.565
34.1852,0.8108,3.4848
34.1854,0.841,3.6164
34.1856,0.8362,3.589
34.1858,0.8604,3.6964
34.1860,0.8385,3.5988
34.1862,0.8447,3.6323
34.1864,0.7808,3.356
34.1866,0.7968,3.4197
34.1868,0.8431,3.6251
34.1870,0.8068,3.471
34.1872,0.8143,3.4997
34.1874,0.7829,3.3679
34.1876,0.7536,3.239
34.1878,0.7931,3.4085
34.1880,0.8354,3.5888
34.1882,0.807,3.4651
34.1884,0.8259,3.5514
34.1886,0.7996,3.4417
34.1888,0.745,3.2034
34.1890,0.7324,3.1522
34.1892,0.6902,2.9746
34.1894,0.5954,2.5652
34.1896,0.5755,2.484
34.1898,0.5609,2.4164
34.1900,0.7178,3.0935
34.1902,0.5782,2.4966
34.1904,0.5209,2.2449
34.1906,0.6338,2.7305
34.1908,0.6201,2.6753
34.1910,0.5161,2.2274
34.1912,0.4953,2.1368
34.1914,0.5319,2.2935
34.1916,0.5396,2.331
34.1918,0.5173,2.2305
34.1920,0.5656,2.4366
34.1922,0.5821,2.5079
34.1924,0.6209,2.6747
34.1926,0.6124,2.6392
34.1928,0.594,2.559
34.1930,0.6204,2.6739
34.1932,0.6049,2.6072
34.1934,0.5523,2.3848
34.1936,0.4975,2.1501
34.1938,0.4107,1.7733
34.1940,0.4372,1.8895
34.1942,0.4313,1.8632
34.1944,0.4313,1.8615
34.1946,0.435,1.8784
34.1948,0.4447,1.9203
34.1950,0.4446,1.9198
34.1952,0.4421,1.9081
34.1954,0.4387,1.8944
34.1956,0.446,1.9269
34.1958,0.4432,1.9145
34.1960,0.4423,1.9091
34.1962,0.4408,1.9032
34.1964,0.4387,1.8927
34.1966,0.4321,1.866
34.1968,0.4297,1.8565
34.1970,0.4289,1.8528
34.1972,0.4312,1.861
34.1974,0.4271,1.8434
34.1976,0.4371,1.8872
34.1978,0.4311,1.8613
34.1980,0.4309,1.8591
34.1982,0.4294,1.8532
34.1984,0.4294,1.8532
34.1986,0.441,1.9052
34.1988,0.4444,1.9179
34.1990,0.4344,1.8723
34.1992,0.4825,2.0805
34.1994,0.5209,2.246
34.1996,0.5567,2.3995
34.1998,0.5535,2.3833
34.2000,0.5791,2.4915
34.2002,0.6426,2.7656
34.2004,0.5901,2.5419
34.2006,0.5558,2.3953
34.2008,0.558,2.404
34.2010,0.5863,2.5259
34.2012,0.5459,2.3519
34.2014,0.5669,2.44
34.2016,0.6462,2.7772
34.2018,0.7023,3.0184
34.2020,0.7203,3.0943
34.2022,0.7483,3.2178
34.2024,0.703,3.0243
34.2026,0.7319,3.1442
34.2028,0.7301,3.1409
34.2030,0.6386,2.7524
34.2032,0.5326,2.2966
34.2034,0.5145,2.2186
34.2036,0.5169,2.2279
34.2038,0.5351,2.3011
34.2040,0.6055,2.6086
34.2042,0.6044,2.6039
34.2044,0.6116,2.6337
34.2046,0.6375,2.7427
34.2048,0.6192,2.6625
34.2050,0.6667,2.868
34.2052,0.6576,2.8314
34.2054,0.6137,2.6437
34.2056,0.582,2.5073
34.2058,0.5883,2.5307
34.2060,0.6217,2.6758
34.2062,0.6812,2.9304
34.2064,0.7014,3.0148
34.2066,0.7404,3.1808
34.2068,0.6723,2.8936
34.2070,0.6359,2.738
34.2072,0.5892,2.5372
34.2074,0.6212,2.6738
34.2076,0.677,2.9137
34.2078,0.6221,2.6774
34.2080,0.6375,2.7439
34.2082,0.5901,2.5443
34.2084,0.4391,1.896
34.2086,0.4143,1.788
34.2088,0.4152,1.7921
34.2090,0.403,1.741
34.2092,0.4008,1.7308
34.2094,0.4023,1.737
34.2096,0.4165,1.7945
34.2098,0.5506,2.3687
34.2100,0.6234,2.6818
34.2102,0.554,2.3842
34.2104,0.5602,2.4133
34.2106,0.5281,2.2759
34.2108,0.5525,2.3781
34.2110,0.6498,2.794
34.2112,0.7438,3.1952
34.2114,0.7245,3.1138
34.2116,0.6974,2.9973
34.2118,0.7505,3.2226
34.2120,0.7803,3.3492
34.2122,0.7712,3.3117
34.2124,0.8415,3.61
34.2126,0.8875,3.8058
34.2128,0.8477,3.6368
34.2130,0.8455,3.6253
34.2132,0.8695,3.7182
34.2134,0.9988,4.2789
34.2136,0.9351,4.0099
34.2138,0.8878,3.8068
34.2140,0.9184,3.9397
34.2142,0.8831,3.7867
34.2144,0.8772,3.758
34.2146,0.8907,3.8156
34.2148,0.9293,3.9828
34.2150,0.9293,3.9903
34.2152,0.8512,3.6534
34.2154,0.8297,3.5596
34.2156,0.8826,3.7882
34.2158,0.897,3.8518
34.2160,0.8428,3.6173
34.2162,0.8113,3.4788
34.2164,0.8741,3.7499
34.2166,0.838,3.5984
34.2168,0.8127,3.4882
34.2170,0.8709,3.7395
34.2172,0.8814,3.7813
34.2174,0.8458,3.6319
34.2176,0.7805,3.3575
34.2178,0.7513,3.2292
34.2180,0.7972,3.4202
34.2182,0.8784,3.7702
34.2184,0.8735,3.7508
34.2186,0.874,3.7546
34.2188,0.8588,3.6858
34.2190,0.8249,3.5423
34.2192,0.7865,3.3802
34.2194,0.7889,3.3889
34.2196,0.8266,3.5446
34.2198,0.8931,3.8401
34.2200,0.8055,3.4621
34.2202,0.7749,3.3276
34.2204,0.8237,3.5421
34.2206,0.7236,3.1159
34.2208,0.6779,2.9192
34.2210,0.6758,2.9032
34.2212,0.7243,3.1118
34.2214,0.7386,3.1805
34.2216,0.6987,3.0085
34.2218,0.6976,3.0025
34.2220,0.6788,2.9228
34.2222,0.6896,2.9665
34.2224,0.6917,2.9772
34.2226,0.6692,2.8815
34.2228,0.6771,2.917
34.2230,0.6709,2.8874
34.2232,0.6687,2.8781
34.2234,0.6735,2.9015
34.2236,0.6565,2.8281
34.2238,0.6495,2.7969
34.2240,0.5935,2.5569
34.2242,0.5729,2.4692
34.2244,0.5974,2.5723
34.2246,0.6625,2.8513
34.2248,0.67,2.8851
34.2250,0.6755,2.9075
34.2252,0.6769,2.9119
34.2254,0.6747,2.9039
34.2256,0.6595,2.841
34.2258,0.5983,2.5764
34.2260,0.5942,2.5624
34.2262,0.6014,2.5886
34.2264,0.7126,3.0642
34.2266,0.7785,3.3462
34.2268,0.7785,3.3524
34.2270,0.6578,2.8364
34.2272,0.5695,2.4559
34.2274,0.5294,2.2837
34.2276,0.5283,2.278
34.2278,0.5242,2.2615
34.2280,0.5275,2.2744
34.2282,0.5224,2.2537
34.2284,0.5355,2.3101
34.2286,0.5363,2.3137
34.2288,0.5263,2.2692
34.2290,0.5254,2.2656
34.2292,0.5314,2.2904
34.2294,0.5722,2.4627
34.2296,0.6854,2.9485
34.2298,0.6965,3.0006
34.2300,0.561,2.4169
34.2302,0.5531,2.3784
34.2304,0.6459,2.7814
34.2306,0.6221,2.6774
34.2308,0.6221,2.6774
34.2310,0.5866,2.5293
34.2312,0.5389,2.3235
34.2314,0.5335,2.3003
34.2316,0.5309,2.2905
34.2318,0.5458,2.3492
34.2320,0.6487,2.7868
34.2322,0.7089,3.051
34.2324,0.6576,2.8328
34.2326,0.6361,2.7403
34.2328,0.595,2.5619
34.2330,0.6336,2.7282
34.2332,0.6392,2.7525
34.2334,0.6489,2.7917
34.2336,0.6685,2.8744
34.2338,0.7753,3.3323
34.2340,0.7383,3.1745
34.2342,0.7124,3.0646
34.2344,0.6801,2.9299
34.2346,0.6158,2.6542
34.2348,0.6173,2.658
34.2350,0.6845,2.9408
34.2352,0.7341,3.1535
34.2354,0.7472,3.2132
34.2356,0.7367,3.1648
34.2358,0.7275,3.1266
34.2360,0.696,2.9972
34.2362,0.6387,2.7504
34.2364,0.623,2.684
34.2366,0.6085,2.6203
34.2368,0.6029,2.5948
34.2370,0.5857,2.5233
34.2372,0.6246,2.6882
34.2374,0.6583,2.8345
34.2376,0.6139,2.6411
34.2378,0.617,2.6594
34.2380,0.5863,2.5259
34.2382,0.624,2.6869
34.2384,0.591,2.5449
34.2386,0.605,2.6041
34.2388,0.6578,2.8312
34.2390,0.6685,2.8731
34.2392,0.6831,2.9387
34.2394,0.6595,2.8358
34.2396,0.6831,2.9414
34.2398,0.6182,2.667
34.2400,0.5386,2.3214
34.2402,0.5258,2.2672
34.2404,0.4915,2.1203
34.2406,0.5295,2.2832
34.2408,0.45,1.9422
34.2410,0.405,1.7498
34.2412,0.4054,1.7521
34.2414,0.4007,1.7303
34.2416,0.4005,1.7301
34.2418,0.4104,1.7731
34.2420,0.407,1.7572
34.2422,0.4023,1.737
34.2424,0.4243,1.8289
34.2426,0.5353,2.3027
34.2428,0.615,2.6494
34.2430,0.5053,2.1798
34.2432,0.4824,2.0819
34.2434,0.5097,2.1959
34.2436,0.5555,2.391
34.2438,0.605,2.6041
34.2440,0.6639,2.8522
34.2442,0.7096,3.0498
34.2444,0.6752,2.9046
34.2446,0.6789,2.9179
34.2448,0.7512,3.2287
34.2450,0.7367,3.1634
34.2452,0.8062,3.4604
34.2454,0.8721,3.7394
34.2456,0.867,3.7196
34.2458,0.8541,3.6606
34.2460,0.8737,3.7484
34.2462,0.8765,3.7567
34.2464,0.9773,4.1869
34.2466,0.9873,4.2296
34.2468,0.9772,4.1825
34.2470,0.9775,4.1836
34.2472,0.9666,4.1388
34.2474,0.965,4.1321
34.2476,0.9815,4.2089
34.2478,0.9247,3.9651
34.2480,0.9833,4.2107
34.2482,0.9902,4.2439
34.2484,0.9687,4.15
34.2486,0.9851,4.2184
34.2488,0.9824,4.2085
34.2490,0.9363,4.0131
34.2492,0.9179,3.9377
34.2494,0.9336,4.0051
34.2496,0.9469,4.0584
34.2498,0.9387,4.0253
34.2500,0.9301,3.9883
34.2502,0.9337,4.0056
34.2504,0.9196,3.943
34.2506,0.9333,4.0022
34.2508,0.916,3.9294
34.2510,0.9441,4.0484
34.2512,0.9289,3.9869
34.2514,0.8676,3.7273
34.2516,0.8462,3.6368
34.2518,0.8437,3.6176
34.2520,0.8782,3.7744
34.2522,0.7923,3.4054
34.2524,0.8289,3.561
34.2526,0.8733,3.7481
34.2528,0.8193,3.5296
34.2530,0.7187,3.0933
34.2532,0.7403,3.1847
34.2534,0.7523,3.2333
34.2536,0.7735,3.3292
34.2538,0.7224,3.1093
34.2540,0.7032,3.0268
34.2542,0.7175,3.0925
34.2544,0.6324,2.7281
34.2546,0.5496,2.369
34.2548,0.5749,2.478
34.2550,0.5904,2.5447
34.2552,0.61,2.6265
34.2554,0.6534,2.8147
34.2556,0.6222,2.6866
34.2558,0.5175,2.2325
34.2560,0.555,2.3944
34.2562,0.5103,2.2015
34.2564,0.5416,2.3343
34.2566,0.583,2.5138
34.2568,0.5083,2.1927
34.2570,0.4811,2.0762
34.2572,0.4817,2.0798
34.2574,0.4794,2.07
34.2576,0.4686,2.0215
34.2578,0.4794,2.068
34.2580,0.4976,2.1467
34.2582,0.5058,2.1818
34.2584,0.5114,2.2062
34.2586,0.4745,2.0497
34.2588,0.4095,1.7689
34.2590,0.4133,1.7847
34.2592,0.4945,2.1352
34.2594,0.4718,2.0373
34.2596,0.4416,1.9051
34.2598,0.4387,1.8936
34.2600,0.4499,1.9426
34.2602,0.4466,1.9295
34.2604,0.4442,1.9165
34.2606,0.4502,1.9432
34.2608,0.5031,2.1705
34.2610,0.5313,2.2931
34.2612,0.4577,1.9753
34.2614,0.4481,1.9348
34.2616,0.4448,1.9182
34.2618,0.4748,2.0474
34.2620,0.4523,1.952
34.2622,0.4506,1.9448
34.2624,0.4598,1.9837
34.2626,0.4559,1.9657
34.2628,0.5107,2.202
34.2630,0.5119,2.2092
34.2632,0.4872,2.1017
34.2634,0.5136,2.2134
34.2636,0.5409,2.3291
34.2638,0.5656,2.4366
34.2640,0.5766,2.4841
34.2642,0.5809,2.4992
34.2644,0.6815,2.932
34.2646,0.6626,2.8545
34.2648,0.6163,2.6526
34.2650,0.6474,2.7876
34.2652,0.6109,2.6269
34.2654,0.6353,2.7303
34.2656,0.6454,2.778
34.2658,0.6528,2.8108
34.2660,0.6548,2.8183
34.2662,0.6666,2.8662
34.2664,0.6622,2.8516
34.2666,0.6688,2.8773
34.2668,0.6727,2.8898
34.2670,0.6942,2.9853
34.2672,0.6642,2.8532
34.2674,0.7452,3.1999
34.2676,0.7771,3.3431
34.2678,0.6693,2.8794
34.2680,0.6476,2.7886
34.2682,0.6313,2.7171
34.2684,0.654,2.8133
34.2686,0.6675,2.873
34.2688,0.6469,2.7829
34.2690,0.605,2.6077
34.2692,0.5919,2.5485
34.2694,0.6212,2.6762
34.2696,0.5411,2.3344
34.2698,0.524,2.2605
34.2700,0.5112,2.2021
34.2702,0.5291,2.2795
34.2704,0.5857,2.5198
34.2706,0.6555,2.8187
34.2708,0.6456,2.7798
34.2710,0.6136,2.6456
34.2712,0.5698,2.4569
34.2714,0.515,2.2206
34.2716,0.5405,2.3286
34.2718,0.5416,2.3311
34.2720,0.5536,2.3849
34.2722,0.5856,2.5217
34.2724,0.6125,2.6336
34.2726,0.6801,2.9244
34.2728,0.6359,2.7355
34.2730,0.6773,2.9166
34.2732,0.5811,2.5044
34.2734,0.5109,2.2041
34.2736,0.4222,1.8222
34.2738,0.3899,1.6845
34.2740,0.4004,1.7296
34.2742,0.393,1.6972
34.2744,0.3873,1.6723
34.2746,0.4315,1.8634
34.2748,0.4022,1.7357
34.2750,0.3928,1.6946
34.2752,0.3952,1.7073
34.2754,0.3982,1.7179
34.2756,0.4946,2.1268
34.2758,0.5793,2.492
34.2760,0.5592,2.4125
34.2762,0.4831,2.0841
34.2764,0.4863,2.0961
34.2766,0.4823,2.0785
34.2768,0.511,2.2005
34.2770,0.5417,2.3327
34.2772,0.593,2.5501
34.2774,0.5946,2.558
34.2776,0.5711,2.4592
34.2778,0.585,2.5167
34.2780,0.673,2.8886
34.2782,0.7225,3.1026
34.2784,0.7694,3.2962
34.2786,0.8466,3.6287
34.2788,0.8773,3.7656
34.2790,0.8526,3.6544
34.2792,0.8826,3.7847
34.2794,0.8614,3.6971
34.2796,0.8465,3.6316
34.2798,0.8899,3.8107
34.2800,0.9492,4.0605
34.2802,0.9892,4.2358
34.2804,0.9735,4.1744
34.2806,0.9148,3.9188
34.2808,0.9343,4.01
34.2810,0.9197,3.9417
34.2812,0.8856,3.7958
34.2814,0.8943,3.8345
34.2816,0.9066,3.8875
34.2818,0.932,3.9965
34.2820,0.8693,3.7311
34.2822,0.851,3.6557
34.2824,0.8392,3.6036
34.2826,0.8119,3.4862
34.2828,0.8317,3.5678
34.2830,0.9121,3.9112
34.2832,0.9122,3.9135
34.2834,0.8719,3.7407
34.2836,0.8789,3.767
34.2838,0.8753,3.7568
34.2840,0.8983,3.8502
34.2842,0.9156,3.9297
34.2844,0.8618,3.6918
34.2846,0.9206,3.944
34.2848,0.9258,3.9698
34.2850,0.9026,3.8741
34.2852,0.864,3.7102
34.2854,0.7931,3.4101
34.2856,0.8007,3.4383
34.2858,0.8541,3.664
34.2860,0.9018,3.8669
34.2862,0.8651,3.7148
34.2864,0.8913,3.8253
34.2866,0.8809,3.7828
34.2868,0.8522,3.6575
34.2870,0.8727,3.7472
34.2872,0.866,3.7201
34.2874,0.8455,3.6321
34.2876,0.7984,3.4317
34.2878,0.7122,3.0626
34.2880,0.6602,2.8454
34.2882,0.6597,2.8381
34.2884,0.7379,3.1715
34.2886,0.7403,3.1892
34.2888,0.6812,2.9304
34.2890,0.7287,3.1347
34.2892,0.7121,3.0621
34.2894,0.7156,3.0828
34.2896,0.6128,2.6389
34.2898,0.6547,2.8204
34.2900,0.5988,2.5797
34.2902,0.5811,2.5055
34.2904,0.6408,2.7617
34.2906,0.6512,2.8015
34.2908,0.6719,2.8921
34.2910,0.6625,2.8526
34.2912,0.6303,2.7142
34.2914,0.5893,2.5412
34.2916,0.6211,2.6757
34.2918,0.6189,2.6652
34.2920,0.6041,2.6012
34.2922,0.6607,2.8422
34.2924,0.7453,3.2034
34.2926,0.694,2.9884
34.2928,0.5831,2.5155
34.2930,0.564,2.4332
34.2932,0.5476,2.3624
34.2934,0.5279,2.2775
34.2936,0.5261,2.2719
34.2938,0.5297,2.2853
34.2940,0.5272,2.2723
34.2942,0.5296,2.2837
34.2944,0.5225,2.2522
34.2946,0.5258,2.2682
34.2948,0.529,2.2822
34.2950,0.5259,2.2687
34.2952,0.527,2.2723
34.2954,0.5283,2.278
34.2956,0.568,2.4435
34.2958,0.707,3.0413
34.2960,0.6357,2.7388
34.2962,0.5457,2.3508
34.2964,0.5373,2.3179
34.2966,0.539,2.324
34.2968,0.5401,2.3276
34.2970,0.5396,2.3266
34.2972,0.5314,2.2915
34.2974,0.5319,2.2925
34.2976,0.523,2.2542
34.2978,0.536,2.309
34.2980,0.5836,2.5152
34.2982,0.6241,2.6886
34.2984,0.6273,2.6988
34.2986,0.6307,2.7171
34.2988,0.6326,2.7253
34.2990,0.6839,2.9368
34.2992,0.7686,3.3003
34.2994,0.7848,3.3761
34.2996,0.7336,3.1529
34.2998,0.7648,3.29
34.3000,0.7347,3.162
34.3002,0.716,3.0786
34.3004,0.6821,2.9359
34.3006,0.6528,2.8108
34.3008,0.6239,2.6851
34.3010,0.6183,2.6589
34.3012,0.6921,2.9732
34.3014,0.7417,3.1894
34.3016,0.7411,3.1854
34.3018,0.7488,3.2199
34.3020,0.7049,3.0326
34.3022,0.7241,3.1122
34.3024,0.7736,3.3281
34.3026,0.6942,2.988
34.3028,0.6401,2.7535
34.3030,0.6705,2.8859
34.3032,0.7007,3.0145
34.3034,0.6851,2.9475
34.3036,0.7032,3.0211
34.3038,0.7861,3.3818
34.3040,0.7079,3.0469
34.3042,0.6224,2.6789
34.3044,0.6168,2.6534
34.3046,0.7018,3.0192
34.3048,0.6692,2.8829
34.3050,0.6281,2.7032
34.3052,0.68,2.9266
34.3054,0.6681,2.8715
34.3056,0.7058,3.0319
34.3058,0.7441,3.2042
34.3060,0.6439,2.7726
34.3062,0.5787,2.4952
34.3064,0.5215,2.2496
34.3066,0.5113,2.2046
34.3068,0.5625,2.4231
34.3070,0.5776,2.4894
34.3072,0.5681,2.4508
34.3074,0.5427,2.3379
34.3076,0.5645,2.4364
34.3078,0.4576,1.9757
34.3080,0.4098,1.7688
34.3082,0.4024,1.7376
34.3084,0.4086,1.7629
34.3086,0.5005,2.1571
34.3088,0.5487,2.3648
34.3090,0.5707,2.4554
34.3092,0.649,2.7909
34.3094,0.6789,2.9206
34.3096,0.5457,2.353
34.3098,0.5053,2.1788
34.3100,0.5384,2.3215
34.3102,0.5689,2.4499
34.3104,0.5856,2.524
34.3106,0.5814,2.5048
34.3108,0.5908,2.5427
34.3110,0.682,2.93
34.3112,0.7767,3.3322
34.3114,0.8074,3.4688
34.3116,0.8038,3.4501
34.3118,0.8019,3.4451
34.3120,0.8651,3.7027
34.3122,0.9827,4.2101
34.3124,0.9857,4.217
34.3126,0.9963,4.2701
34.3128,0.9764,4.1828
34.3130,0.9676,4.1434
34.3132,0.9686,4.1514
34.3134,0.9495,4.0716
34.3136,0.9351,4.008
34.3138,0.9628,4.1248
34.3140,0.9849,4.2213
34.3142,0.974,4.1765
34.3144,0.95,4.0717
34.3146,0.9578,4.1013
34.3148,0.9814,4.2083
34.3150,0.9309,3.9937
34.3152,0.9538,4.0863
34.3154,0.9706,4.1582
34.3156,0.9313,3.9953
34.3158,0.8978,3.8536
34.3160,0.8825,3.7877
34.3162,0.9085,3.9012
34.3164,0.8448,3.6379
34.3166,0.7037,3.0274
34.3168,0.7079,3.0455
34.3170,0.7048,3.0306
34.3172,0.7207,3.0978
34.3174,0.7737,3.3302
34.3176,0.7373,3.1718
34.3178,0.7133,3.0687
34.3180,0.7049,3.0326
34.3182,0.7777,3.3441
34.3184,0.7941,3.4116
34.3186,0.8082,3.4783
34.3188,0.7091,3.0478
34.3190,0.7102,3.0553
34.3192,0.7486,3.2203
34.3194,0.7636,3.2879
34.3196,0.6942,2.9894
34.3198,0.6802,2.9277
34.3200,0.7621,3.2786
34.3202,0.7519,3.2318
34.3204,0.7401,3.1822
34.3206,0.7151,3.0807
34.3208,0.6522,2.8121
34.3210,0.6044,2.6051
34.3212,0.6227,2.6824
34.3214,0.6757,2.9081
34.3216,0.6502,2.8
34.3218,0.602,2.5972
34.3220,0.5231,2.2568
34.3222,0.55,2.3694
34.3224,0.6378,2.7463
34.3226,0.6378,2.7514
34.3228,0.5706,2.4617
34.3230,0.57,2.4568
34.3232,0.5836,2.514
34.3234,0.6005,2.5881
34.3236,0.6125,2.6361
34.3238,0.6496,2.7948
34.3240,0.6679,2.8799
34.3242,0.5701,2.4596
34.3244,0.5191,2.2403
34.3246,0.4912,2.1193
34.3248,0.5124,2.2103
34.3250,0.5737,2.4717
34.3252,0.6203,2.6721
34.3254,0.5982,2.5735
34.3256,0.6975,3.0034
34.3258,0.6279,2.7039
34.3260,0.6584,2.8403
34.3262,0.5588,2.4127
34.3264,0.4701,2.0292
34.3266,0.4639,2.0022
34.3268,0.4574,1.9761
34.3270,0.4586,1.9786
34.3272,0.4578,1.9749
34.3274,0.4594,1.9835
34.3276,0.4737,2.0447
34.3278,0.4576,1.9739
34.3280,0.4445,1.9193
34.3282,0.4432,1.9145
34.3284,0.4421,1.9072
34.3286,0.4492,1.9395
34.3288,0.4468,1.9282
34.3290,0.45,1.9422
34.3292,0.447,1.9302
34.3294,0.4441,1.9186
34.3296,0.4499,1.9444
34.3298,0.4486,1.936
34.3300,0.4501,1.9418
34.3302,0.4469,1.9296
34.3304,0.4534,1.954
34.3306,0.511,2.1985
34.3308,0.6271,2.7003
34.3310,0.6723,2.8896
34.3312,0.729,3.1406
34.3314,0.6162,2.6509
34.3316,0.6229,2.6847
34.3318,0.565,2.4351
34.3320,0.5625,2.422
34.3322,0.6446,2.7731
34.3324,0.6796,2.9224
34.3326,0.6772,2.9121
34.3328,0.6541,2.8165
34.3330,0.6776,2.9136
34.3332,0.7688,3.3029
34.3334,0.7313,3.1446
34.3336,0.7517,3.2322
34.3338,0.6826,2.9407
34.3340,0.5613,2.4146
34.3342,0.6149,2.6452
34.3344,0.606,2.6106
34.3346,0.5995,2.5816
34.3348,0.6131,2.6399
34.3350,0.6203,2.6684
34.3352,0.6433,2.7687
34.3354,0.6508,2.8012
34.3356,0.6457,2.7777
34.3358,0.6564,2.8263
34.3360,0.579,2.4921
34.3362,0.5849,2.5209
34.3364,0.5908,2.545
34.3366,0.5831,2.5108
34.3368,0.5971,2.5724
34.3370,0.5857,2.5222
34.3372,0.5814,2.5048
34.3374,0.5247,2.2615
34.3376,0.5474,2.3613
34.3378,0.5592,2.4081
34.3380,0.5728,2.4687
34.3382,0.5092,2.1958
34.3384,0.5122,2.2098
34.3386,0.507,2.184
34.3388,0.5084,2.1912
34.3390,0.4929,2.1285
34.3392,0.41,1.771
34.3394,0.3972,1.7153
34.3396,0.3983,1.72
34.3398,0.3988,1.7236
34.3400,0.3964,1.7117
34.3402,0.395,1.7039
34.3404,0.3941,1.7011
34.3406,0.3994,1.7254
34.3408,0.3959,1.708
34.3410,0.4574,1.9697
34.3412,0.4565,1.972
34.3414,0.3899,1.6822
34.3416,0.4993,2.1509
34.3418,0.6077,2.6142
34.3420,0.574,2.4727
34.3422,0.4898,2.1121
34.3424,0.4807,2.0718
34.3426,0.4976,2.1417
34.3428,0.5427,2.3379
34.3430,0.5683,2.4462
34.3432,0.6188,2.6622
34.3434,0.6649,2.8563
34.3436,0.7227,3.106
34.3438,0.6951,2.9889
34.3440,0.6935,2.9794
34.3442,0.7782,3.3384
34.3444,0.8107,3.4746
34.3446,0.8355,3.5826
34.3448,0.8573,3.6779
34.3450,0.8595,3.6872
34.3452,0.8638,3.6988
34.3454,0.9743,4.1722
34.3456,0.9972,4.2682
34.3458,0.98,4.1943
34.3460,0.9791,4.1966
34.3462,0.9902,4.2419
34.3464,0.9866,4.2226
34.3466,0.9909,4.249
34.3468,0.929,3.9818
34.3470,0.955,4.0857
34.3472,1.0176,4.3555
34.3474,1.0064,4.3113
34.3476,0.9464,4.062
34.3478,0.9098,3.9014
34.3480,0.9001,3.8633
34.3482,0.8338,3.5854
34.3484,0.7836,3.3631
34.3486,0.8507,3.6479
34.3488,0.8909,3.8184
34.3490,0.8833,3.7931
34.3492,0.83,3.5656
34.3494,0.8694,3.7246
34.3496,0.9558,4.1002
34.3498,0.86,3.6927
34.3500,0.8806,3.7759
34.3502,0.9185,3.9347
34.3504,0.9928,4.2532
34.3506,0.9772,4.1903
34.3508,0.9632,4.1283
34.3510,0.9517,4.0846
34.3512,0.9275,3.9807
34.3514,0.9132,3.9176
34.3516,0.8435,3.6238
34.3518,0.8409,3.6091
34.3520,0.8656,3.7221
34.3522,0.8004,3.4352
34.3524,0.8444,3.6308
34.3526,0.7681,3.3059
34.3528,0.7502,3.2261
34.3530,0.785,3.3693
34.3532,0.8456,3.6326
34.3534,0.7598,3.2719
34.3536,0.653,2.8131
34.3538,0.6478,2.7922
34.3540,0.6224,2.6802
34.3542,0.6549,2.8214
34.3544,0.6687,2.8781
34.3546,0.6669,2.8704
34.3548,0.6482,2.7925
34.3550,0.6349,2.7326
34.3552,0.7049,3.0326
34.3554,0.7055,3.0366
34.3556,0.6651,2.8666
34.3558,0.6072,2.6182
34.3560,0.5817,2.5058
34.3562,0.5721,2.4656
34.3564,0.5776,2.4882
34.3566,0.5727,2.467
34.3568,0.5788,2.4934
34.3570,0.5797,2.501
34.3572,0.5679,2.4509
34.3574,0.5176,2.2331
34.3576,0.496,2.1419
34.3578,0.4919,2.1228
34.3580,0.5042,2.1751
34.3582,0.5072,2.186
34.3584,0.5403,2.3265
34.3586,0.654,2.8107
34.3588,0.7612,3.2775
34.3590,0.5771,2.4885
34.3592,0.5277,2.2765
34.3594,0.5293,2.2832
34.3596,0.5248,2.263
34.3598,0.5174,2.232
34.3600,0.5195,2.2413
34.3602,0.5246,2.2589
34.3604,0.5266,2.2708
34.3606,0.5247,2.2646
34.3608,0.5257,2.2677
34.3610,0.5264,2.2687
34.3612,0.5536,2.386
34.3614,0.5312,2.2915
34.3616,0.5245,2.2615
34.3618,0.5342,2.3023
34.3620,0.5644,2.4291
34.3622,0.6164,2.6544
34.3624,0.6116,2.6361
34.3626,0.602,2.5936
34.3628,0.6253,2.6901
34.3630,0.6282,2.7024
34.3632,0.6895,2.9633
34.3634,0.7395,3.1782
34.3636,0.7401,3.1822
34.3638,0.7103,3.0544
34.3640,0.7144,3.0705
34.3642,0.7205,3.0982
34.3644,0.7079,3.0455
34.3646,0.7098,3.0537
34.3648,0.6733,2.8964
34.3650,0.6504,2.7966
34.3652,0.691,2.97
34.3654,0.7296,3.1374
34.3656,0.7237,3.1092
34.3658,0.7663,3.2951
34.3660,0.7213,3.1032
34.3662,0.7091,3.0506
34.3664,0.7088,3.0462
34.3666,0.7718,3.3142
34.3668,0.8112,3.4831
34.3670,0.7701,3.3055
34.3672,0.7618,3.2695
34.3674,0.7568,3.2574
34.3676,0.7038,3.0279
34.3678,0.7495,3.2215
34.3680,0.7476,3.2132
34.3682,0.7143,3.0757
34.3684,0.6345,2.7272
34.3686,0.7483,3.2163
34.3688,0.7266,3.1288
34.3690,0.6246,2.692
34.3692,0.6068,2.6118
34.3694,0.6636,2.8546
34.3696,0.7008,3.0122
34.3698,0.7092,3.0554
34.3700,0.5942,2.56
34.3702,0.6096,2.6237
34.3704,0.6312,2.7166
34.3706,0.5956,2.5645
34.3708,0.6307,2.7183
34.3710,0.6252,2.6908
34.3712,0.6566,2.826
34.3714,0.6204,2.6739
34.3716,0.5968,2.5697
34.3718,0.627,2.691
34.3720,0.7604,3.2699
34.3722,0.7253,3.1217
34.3724,0.6458,2.7796
34.3726,0.6295,2.7131
34.3728,0.5379,2.3205
34.3730,0.4717,2.0378
34.3732,0.4049,1.7493
34.3734,0.4412,1.9044
34.3736,0.4119,1.7785
34.3738,0.397,1.7151
34.3740,0.3958,1.7107
34.3742,0.3986,1.721
34.3744,0.4011,1.7303
34.3746,0.482,2.0775
34.3748,0.5391,2.3256
34.3750,0.494,2.1302
34.3752,0.4968,2.1421
34.3754,0.545,2.3499
34.3756,0.497,2.1441
34.3758,0.4841,2.0892
34.3760,0.4859,2.097
34.3762,0.4886,2.1059
34.3764,0.5191,2.2351
34.3766,0.5541,2.3859
34.3768,0.6219,2.6793
34.3770,0.5917,2.5468
34.3772,0.5919,2.545
34.3774,0.6856,2.9468
34.3776,0.7369,3.1674
34.3778,0.7782,3.3415
34.3780,0.8178,3.5098
34.3782,0.8323,3.5687
34.3784,0.8711,3.7353
34.3786,0.8474,3.6386
34.3788,0.8698,3.7279
34.3790,0.9377,4.0207
34.3792,0.9719,4.1658
34.3794,0.9723,4.1654
34.3796,0.9679,4.1444
34.3798,0.9795,4.1962
34.3800,0.9784,4.1916
34.3802,0.9343,4.0025
34.3804,0.9403,4.0339
34.3806,0.9064,3.8901
34.3808,0.8505,3.652
34.3810,0.8375,3.5914
34.3812,0.8796,3.7753
34.3814,0.8742,3.7504
34.3816,0.8943,3.8345
34.3818,0.8908,3.8196
34.3820,0.9179,3.9377
34.3822,0.8751,3.7523
34.3824,0.9234,3.965
34.3826,0.8814,3.7831
34.3828,0.9184,3.9342
34.3830,0.9808,4.2038
34.3832,0.9092,3.9025
34.3834,0.8674,3.7194
34.3836,0.9526,4.0868
34.3838,0.9222,3.958
34.3840,0.9199,3.9464
34.3842,0.9114,3.9117
34.3844,0.9204,3.9448
34.3846,0.9392,4.0274
34.3848,0.8699,3.7389
34.3850,0.8675,3.7199
34.3852,0.9374,4.0234
34.3854,0.9231,3.9677
34.3856,0.7958,3.4204
34.3858,0.8008,3.4404
34.3860,0.8378,3.5957
34.3862,0.8687,3.7302
34.3864,0.864,3.7136
34.3866,0.7644,3.2915
34.3868,0.6841,2.9497
34.3870,0.6669,2.8691
34.3872,0.6958,2.9948
34.3874,0.6263,2.6967
34.3876,0.5923,2.5529
34.3878,0.5839,2.5214
34.3880,0.5192,2.2398
34.3882,0.5604,2.4155
34.3884,0.5586,2.4088
34.3886,0.5806,2.5069
34.3888,0.509,2.1968
34.3890,0.5222,2.2506
34.3892,0.5634,2.4306
34.3894,0.5463,2.3589
34.3896,0.4968,2.145
34.3898,0.4866,2.0991
34.3900,0.4734,2.0431
34.3902,0.4865,2.1005
34.3904,0.4917,2.1233
34.3906,0.5022,2.1663
34.3908,0.5031,2.1705
34.3910,0.489,2.1094
34.3912,0.538,2.3188
34.3914,0.524,2.2615
34.3916,0.4865,2.1005
34.3918,0.4964,2.1415
34.3920,0.5078,2.1917
34.3922,0.4626,1.9947
34.3924,0.4934,2.1276
34.3926,0.5776,2.4871
34.3928,0.61,2.6277
34.3930,0.5514,2.3756
34.3932,0.5513,2.374
34.3934,0.5586,2.41
34.3936,0.5453,2.3525
34.3938,0.5636,2.4289
34.3940,0.5511,2.3774
34.3942,0.48,2.0716
34.3944,0.4518,1.9509
34.3946,0.4487,1.9365
34.3948,0.4468,1.9273
34.3950,0.4446,1.918
34.3952,0.4514,1.9502
34.3954,0.4496,1.9398
34.3956,0.4843,2.0873
34.3958,0.5252,2.2656
34.3960,0.4588,1.98
34.3962,0.4466,1.9277
34.3964,0.4458,1.9241
34.3966,0.4452,1.9215
34.3968,0.4464,1.9258
34.3970,0.4421,1.9081
34.3972,0.4926,2.123
34.3974,0.5597,2.4113
34.3976,0.5612,2.4163
34.3978,0.5692,2.4532
34.3980,0.5583,2.4062
34.3982,0.5549,2.3873
34.3984,0.5666,2.4396
34.3986,0.5633,2.4256
34.3988,0.5592,2.4092
34.3990,0.5516,2.3783
34.3992,0.5505,2.3715
34.3994,0.5592,2.4081
34.3996,0.6097,2.6218
34.3998,0.6833,2.9397
34.4000,0.6808,2.9248
34.4002,0.723,3.1032
34.4004,0.7833,3.3762
34.4006,0.596,2.5702
34.4008,0.5466,2.3528
34.4010,0.6092,2.6234
34.4012,0.6529,2.8087
34.4014,0.6619,2.8487
34.4016,0.6315,2.7194
34.4018,0.5751,2.4751
34.4020,0.6108,2.6338
34.4022,0.5574,2.4037
34.4024,0.529,2.2769
34.4026,0.6163,2.6489
34.4028,0.6821,2.9359
34.4030,0.6097,2.6267
34.4032,0.5892,2.5372
34.4034,0.5873,2.5277
34.4036,0.5881,2.5313
34.4038,0.5784,2.493
34.4040,0.5719,2.4651
34.4042,0.6085,2.6166
34.4044,0.6227,2.6824
34.4046,0.5549,2.3895
34.4048,0.6125,2.6349
34.4050,0.6794,2.9186
34.4052,0.709,3.0459
34.4054,0.6823,2.9351
34.4056,0.6734,2.8996
34.4058,0.6148,2.6459
34.4060,0.6011,2.5883
34.4062,0.5463,2.3545
34.4064,0.517,2.2284
34.4066,0.5112,2.2031
34.4068,0.5,2.154
34.4070,0.5535,2.3855
34.4072,0.4724,2.0409
34.4074,0.4242,1.8318
34.4076,0.4088,1.7634
34.4078,0.476,2.0488
34.4080,0.5435,2.3426
34.4082,0.5028,2.1679
34.4084,0.4953,2.1349
34.4086,0.4948,2.1338
34.4088,0.4954,2.1354
34.4090,0.4926,2.124
34.4092,0.4855,2.0935
34.4094,0.4853,2.0944
34.4096,0.4886,2.1049
34.4098,0.5204,2.2408
34.4100,0.5585,2.4016
34.4102,0.6377,2.7419
34.4104,0.6718,2.8862
34.4106,0.7228,3.1065
34.4108,0.7035,3.025
34.4110,0.7362,3.1628
34.4112,0.7865,3.3739
34.4114,0.8002,3.4331
34.4116,0.8379,3.5929
34.4118,0.8489,3.6368
34.4120,0.8878,3.805
34.4122,0.8711,3.7336
34.4124,0.9586,4.1068
34.4126,0.9777,4.1865
34.4128,0.9743,4.1741
34.4130,0.9755,4.1773
34.4132,0.9859,4.2155
34.4134,0.9914,4.2431
34.4136,0.9603,4.1159
34.4138,0.9519,4.078
34.4140,0.96,4.1182
34.4142,0.8953,3.8374
34.4144,0.9279,3.979
34.4146,0.8865,3.8047
34.4148,0.8871,3.8055
34.4150,0.8847,3.7934
34.4152,0.8999,3.8569
34.4154,0.9018,3.8705
34.4156,0.8324,3.5742
34.4158,0.8263,3.548
34.4160,0.842,3.6137
34.4162,0.8538,3.6613
34.4164,0.8552,3.6721
34.4166,0.8112,3.4831
34.4168,0.8191,3.5154
34.4170,0.9366,4.016
34.4172,0.9166,3.9357
34.4174,0.8308,3.5709
34.4176,0.7848,3.3683
34.4178,0.832,3.571
34.4180,0.81,3.4828
34.4182,0.7861,3.3802
34.4184,0.8,3.4368
34.4186,0.8321,3.5782
34.4188,0.817,3.5116
34.4190,0.7808,3.3544
34.4192,0.8029,3.446
34.4194,0.8227,3.5358
34.4196,0.7781,3.341
34.4198,0.813,3.4941
34.4200,0.716,3.0843
34.4202,0.6436,2.7728
34.4204,0.6415,2.7584
34.4206,0.6938,2.986
34.4208,0.6583,2.8359
34.4210,0.6549,2.8162
34.4212,0.7049,3.0298
34.4214,0.7538,3.24
34.4216,0.7287,3.1391
34.4218,0.6972,3.001
34.4220,0.7372,3.1728
34.4222,0.6423,2.7672
34.4224,0.594,2.5566
34.4226,0.6656,2.8647
34.4228,0.6645,2.8587
34.4230,0.6737,2.9012
34.4232,0.6353,2.7392
34.4234,0.6309,2.7181
34.4236,0.6532,2.8116
34.4238,0.6745,2.9002
34.4240,0.7098,3.0523
34.4242,0.7266,3.1274
34.4244,0.6935,2.9822
34.4246,0.6613,2.8527
34.4248,0.5466,2.3582
34.4250,0.5288,2.2769
34.4252,0.623,2.6803
34.4254,0.7108,3.0578
34.4256,0.6754,2.9124
34.4258,0.5487,2.3648
34.4260,0.536,2.3101
34.4262,0.5839,2.5168
34.4264,0.5391,2.3235
34.4266,0.527,2.2734
34.4268,0.5247,2.2646
34.4270,0.5221,2.2522
34.4272,0.5366,2.3137
34.4274,0.5387,2.323
34.4276,0.5401,2.3287
34.4278,0.5393,2.3245
34.4280,0.5411,2.3344
34.4282,0.5526,2.3786
34.4284,0.6742,2.8965
34.4286,0.7573,3.2625
34.4288,0.5902,2.546
34.4290,0.5505,2.3726
34.4292,0.5391,2.3235
34.4294,0.53,2.2853
34.4296,0.5498,2.3695
34.4298,0.5648,2.4363
34.4300,0.5389,2.3214
34.4302,0.597,2.5683
34.4304,0.6423,2.7646
34.4306,0.6419,2.7625
34.4308,0.633,2.7243
34.4310,0.6368,2.7396
34.4312,0.6403,2.7545
34.4314,0.694,2.9856
34.4316,0.7667,3.2936
34.4318,0.7994,3.4311
34.4320,0.7457,3.2065
34.4322,0.7546,3.2386
34.4324,0.8258,3.5443
34.4326,0.8076,3.4693
34.4328,0.7765,3.3374
34.4330,0.783,3.3637
34.4332,0.7952,3.4162
34.4334,0.7995,3.4396
34.4336,0.6897,2.9712
34.4338,0.6137,2.6425
34.4340,0.607,2.6124
34.4342,0.6661,2.8641
34.4344,0.7138,3.0693
34.4346,0.7174,3.0848
34.4348,0.7601,3.2653
34.4350,0.8249,3.5473
34.4352,0.7345,3.1614
34.4354,0.6789,2.9234
34.4356,0.6604,2.8452
34.4358,0.648,2.7875
34.4360,0.653,2.8105
34.4362,0.6719,2.8921
34.4364,0.6983,3.0056
34.4366,0.6588,2.8392
34.4368,0.5862,2.5242
34.4370,0.592,2.549
34.4372,0.6144,2.6456
34.4374,0.6519,2.8072
34.4376,0.6245,2.6927
34.4378,0.4703,2.0325
34.4380,0.4182,1.8067
34.4382,0.4375,1.8849
34.4384,0.5695,2.457
34.4386,0.4999,2.1595
34.4388,0.4078,1.7617
34.4390,0.4073,1.7588
34.4392,0.4061,1.7536
34.4394,0.3983,1.7208
34.4396,0.3893,1.6804
34.4398,0.4341,1.8751
34.4400,0.3983,1.72
34.4402,0.3936,1.6982
34.4404,0.4251,1.8363
34.4406,0.3815,1.6467
34.4408,0.4427,1.9062
34.4410,0.5324,2.2956
34.4412,0.5011,2.1617
34.4414,0.4893,2.111
34.4416,0.4764,2.0551
34.4418,0.4748,2.0493
34.4420,0.4854,2.0929
34.4422,0.5072,2.183
34.4424,0.5746,2.4742
34.4426,0.5829,2.5098
34.4428,0.609,2.6175
34.4430,0.6475,2.7868
34.4432,0.6729,2.8908
34.4434,0.7698,3.3055
34.4436,0.7195,3.0955
34.4438,0.6898,2.9662
34.4440,0.7315,3.1383
34.4442,0.7988,3.4301
34.4444,0.7634,3.2812
34.4446,0.7651,3.2869
34.4448,0.7948,3.4099
34.4450,0.8556,3.669
34.4452,0.8537,3.6676
34.4454,0.8037,3.4431
34.4456,0.9185,3.9311
34.4458,0.9866,4.2265
34.4460,0.9709,4.1553
34.4462,1.0125,4.3354
34.4464,0.9925,4.2537
34.4466,0.9663,4.1397
34.4468,0.9817,4.2035
34.4470,0.9542,4.0897
34.4472,0.9668,4.1417
34.4474,0.9536,4.0929
34.4476,0.8952,3.844
34.4478,0.8791,3.7715
34.4480,0.8998,3.86
34.4482,0.9133,3.9181
34.4484,0.9047,3.8829
34.4486,0.8688,3.7255
34.4488,0.9137,3.9178
34.4490,0.938,4.0241
34.4492,0.9204,3.9466
34.4494,0.9034,3.879
34.4496,0.8902,3.8206
34.4498,0.8422,3.6198
34.4500,0.7899,3.3951
34.4502,0.8349,3.5884
34.4504,0.8168,3.5138
34.4506,0.7245,3.1166
34.4508,0.6841,2.9428
34.4510,0.7257,3.1189
34.4512,0.7781,3.3457
34.4514,0.7886,3.3926
34.4516,0.7761,3.3359
34.4518,0.7561,3.2513
34.4520,0.7546,3.2461
34.4522,0.7132,3.0682
34.4524,0.665,2.8635
34.4526,0.7047,3.0329
34.4528,0.7537,3.2395
34.4530,0.7351,3.1611
34.4532,0.7037,3.0274
34.4534,0.7444,3.2023
34.4536,0.7225,3.1156
34.4538,0.5303,2.2879
34.4540,0.5333,2.3029
34.4542,0.5084,2.1902
34.4544,0.6008,2.5872
34.4546,0.636,2.7423
34.4548,0.5613,2.4202
34.4550,0.5917,2.548
34.4552,0.6245,2.6914
34.4554,0.5582,2.4068
34.4556,0.6192,2.6675
34.4558,0.5484,2.3649
34.4560,0.5409,2.3323
34.4562,0.5861,2.5261
34.4564,0.5848,2.518
34.4566,0.5474,2.3613
34.4568,0.5355,2.3091
34.4570,0.5121,2.2082
34.4572,0.5209,2.247
34.4574,0.4915,2.1193
34.4576,0.491,2.1182
34.4578,0.4892,2.1124
34.4580,0.4926,2.1249
34.4582,0.5418,2.331
34.4584,0.6378,2.7475
34.4586,0.5559,2.3992
34.4588,0.4877,2.1018
34.4590,0.5446,2.344
34.4592,0.5942,2.56
34.4594,0.5842,2.5236
34.4596,0.4384,1.8938
34.4598,0.396,1.7109
34.4600,0.3964,1.7125
34.4602,0.3996,1.7249
34.4604,0.4772,2.0597
34.4606,0.4462,1.9248
34.4608,0.4324,1.8653
34.4610,0.4625,1.996
34.4612,0.4621,1.9945
34.4614,0.4532,1.9571
34.4616,0.4399,1.8987
34.4618,0.4456,1.9213
34.4620,0.4671,2.0143
34.4622,0.5169,2.2289
34.4624,0.5342,2.3012
34.4626,0.5543,2.388
34.4628,0.5772,2.4878
34.4630,0.5758,2.4805
34.4632,0.5981,2.573
34.4634,0.6717,2.8857
34.4636,0.6909,2.9667
34.4638,0.7435,3.1972
34.4640,0.6547,2.8177
34.4642,0.6303,2.7155
34.4644,0.6375,2.7439
34.4646,0.6458,2.7796
34.4648,0.6356,2.7382
34.4650,0.5775,2.4866
34.4652,0.6058,2.6048
34.4654,0.6791,2.923
34.4656,0.6595,2.8358
34.4658,0.7104,3.0506
34.4660,0.7204,3.0962
34.4662,0.6667,2.8694
34.4664,0.6984,3.0019
34.4666,0.7158,3.0752
34.4668,0.7313,3.1446
34.4670,0.6441,2.7762
34.4672,0.5451,2.3461
34.4674,0.6023,2.591
34.4676,0.6447,2.7723
34.4678,0.6785,2.9204
34.4680,0.6954,2.9904
34.4682,0.707,3.0456
34.4684,0.5663,2.4397
34.4686,0.548,2.3595
34.4688,0.5463,2.3545
34.4690,0.5791,2.4938
34.4692,0.5796,2.497
34.4694,0.5458,2.3524
34.4696,0.5131,2.2134
34.4698,0.5414,2.3322
34.4700,0.5752,2.4813
34.4702,0.4746,2.0464
34.4704,0.4571,1.9718
34.4706,0.4555,1.966
34.4708,0.4609,1.9902
34.4710,0.4422,1.9077
34.4712,0.4789,2.0621
34.4714,0.5952,2.5618
34.4716,0.5627,2.4275
34.4718,0.5125,2.2088
34.4720,0.5112,2.2031
34.4722,0.5275,2.2734
34.4724,0.5179,2.232
34.4726,0.511,2.1995
34.4728,0.5773,2.486
34.4730,0.5806,2.5011
34.4732,0.6421,2.7648
34.4734,0.6325,2.7223
34.4736,0.6053,2.6039
34.4738,0.689,2.9571
34.4740,0.7498,3.2225
34.4742,0.665,2.8621
34.4744,0.5884,2.5359
34.4746,0.5144,2.2181
34.4748,0.4868,2.1001
34.4750,0.4831,2.0821
34.4752,0.4826,2.0801
34.4754,0.4819,2.0789
34.4756,0.4826,2.0801
34.4758,0.486,2.0936
34.4760,0.4976,2.1437
34.4762,0.5312,2.2883
34.4764,0.5787,2.4882
34.4766,0.6468,2.7811
34.4768,0.6674,2.8684
34.4770,0.7315,3.1442
34.4772,0.7784,3.3425
34.4774,0.7805,3.3529
34.4776,0.76,3.2617
34.4778,0.8042,3.4532
34.4780,0.8222,3.5255
34.4782,0.8553,3.6674
34.4784,0.8571,3.6734
34.4786,0.9071,3.8859
34.4788,0.9194,3.9388
34.4790,0.9369,4.0101
34.4792,0.9809,4.2024
34.4794,0.9802,4.2032
34.4796,0.9554,4.0929
34.4798,0.9529,4.086
34.4800,0.8896,3.8127
34.4802,0.9416,4.0395
34.4804,0.8921,3.8253
34.4806,0.9102,3.9029
34.4808,0.8984,3.8561
34.4810,0.8784,3.7667
34.4812,0.9626,4.1295
34.4814,0.8987,3.8536
34.4816,0.8753,3.7568
34.4818,0.864,3.7015
34.4820,0.9228,3.9551
34.4822,0.8896,3.8163
34.4824,0.8809,3.7845
34.4826,0.8646,3.7127
34.4828,0.8832,3.7855
34.4830,0.9389,4.0239
34.4832,0.9134,3.9205
34.4834,0.9014,3.8636
34.4836,0.9723,4.1751
34.4838,0.9077,3.8958
34.4840,0.9359,4.0092
34.4842,0.9327,4.0033
34.4844,0.9253,3.9677
34.4846,0.9397,4.0313
34.4848,0.8525,3.6607
34.4850,0.8329,3.5763
34.4852,0.8651,3.7165
34.4854,0.8725,3.7485
34.4856,0.8739,3.7524
34.4858,0.8349,3.5884
34.4860,0.7679,3.3034
34.4862,0.7661,3.2956
34.4864,0.7644,3.2854
34.4866,0.7819,3.359
34.4868,0.7601,3.2699
34.4870,0.7163,3.0859
34.4872,0.6891,2.9659
34.4874,0.7452,3.2044
34.4876,0.7285,3.1356
34.4878,0.706,3.0372
34.4880,0.7417,3.1939
34.4882,0.6794,2.9254
34.4884,0.6094,2.6251
34.4886,0.6212,2.68
34.4888,0.5746,2.4788
34.4890,0.567,2.445
34.4892,0.579,2.4967
34.4894,0.5741,2.4755
34.4896,0.5712,2.4608
34.4898,0.5794,2.496
34.4900,0.5676,2.4476
34.4902,0.5776,2.494
34.4904,0.5048,2.1777
34.4906,0.4853,2.0944
34.4908,0.4866,2.1001
34.4910,0.4899,2.1116
34.4912,0.661,2.8398
34.4914,0.7772,3.3467
34.4916,0.6707,2.8909
34.4918,0.5813,2.5066
34.4920,0.5432,2.3454
34.4922,0.5413,2.3328
34.4924,0.609,2.6236
34.4926,0.6472,2.7858
34.4928,0.6488,2.7925
34.4930,0.6058,2.6132
34.4932,0.5411,2.3323
34.4934,0.5335,2.2992
34.4936,0.56,2.4134
34.4938,0.5658,2.441
34.4940,0.5355,2.308
34.4942,0.5516,2.3728
34.4944,0.6775,2.9185
34.4946,0.5621,2.4238
34.4948,0.5389,2.3246
34.4950,0.5337,2.3013
34.4952,0.5347,2.3044
34.4954,0.5365,2.3143
34.4956,0.5347,2.3054
34.4958,0.5333,2.2997
34.4960,0.6065,2.6115
34.4962,0.6447,2.7736
34.4964,0.6516,2.8017
34.4966,0.6748,2.9058
34.4968,0.641,2.7628
34.4970,0.6618,2.8469
34.4972,0.7077,3.0459
34.4974,0.6849,2.9423
34.4976,0.7878,3.3843
34.4978,0.8281,3.5574
34.4980,0.7889,3.3858
34.4982,0.8434,3.6216
34.4984,0.7577,3.2611
34.4986,0.6457,2.7816
34.4988,0.6343,2.7326
34.4990,0.6271,2.6991
34.4992,0.6288,2.7075
34.4994,0.6373,2.7455
34.4996,0.6213,2.6768
34.4998,0.6107,2.6308
34.5000,0.6014,2.591
34.5002,0.6835,2.9389
34.5004,0.7151,3.075
34.5006,0.7313,3.1417
34.5008,0.7808,3.3513
34.5010,0.8296,3.5674
34.5012,0.7514,3.2342
34.5014,0.6843,2.948
34.5016,0.6472,2.7883
34.5018,0.5911,2.5466
34.5020,0.5842,2.5131
34.5022,0.6086,2.6208
34.5024,0.6353,2.7329
34.5026,0.7146,3.0715
34.5028,0.7337,3.152
34.5030,0.7789,3.3477
34.5032,0.7704,3.3158
34.5034,0.7031,3.0276
34.5036,0.6723,2.895
34.5038,0.6229,2.681
34.5040,0.663,2.8547
34.5042,0.6576,2.8275
34.5044,0.6812,2.9332
34.5046,0.6188,2.6659
34.5048,0.5975,2.5716
34.5050,0.6393,2.7555
34.5052,0.5722,2.4696
34.5054,0.502,2.1628
34.5056,0.5731,2.4703
34.5058,0.5469,2.3571
34.5060,0.5975,2.5752
34.5062,0.5517,2.38
34.5064,0.5366,2.3116
34.5066,0.5637,2.4317
34.5068,0.4974,2.1466
34.5070,0.5002,2.157
34.5072,0.5413,2.336
34.5074,0.4904,2.1147
34.5076,0.4833,2.0832
34.5078,0.4825,2.0805
34.5080,0.4838,2.0852
34.5082,0.4998,2.156
34.5084,0.5026,2.1684
34.5086,0.4952,2.1343
34.5088,0.5065,2.1819
34.5090,0.5452,2.3477
34.5092,0.5995,2.5804
34.5094,0.664,2.8567
34.5096,0.701,3.0141
34.5098,0.7122,3.064
34.5100,0.7016,3.0167
34.5102,0.7796,3.3461
34.5104,0.8281,3.5557
34.5106,0.8321,3.5682
34.5108,0.8983,3.8502
34.5110,0.8664,3.7135
34.5112,0.9458,4.0518
34.5114,0.9492,4.0719
34.5116,0.9032,3.8749
34.5118,0.9058,3.8785
34.5120,0.9536,4.0871
34.5122,0.9754,4.1787
34.5124,0.9554,4.1006
34.5126,0.8396,3.6001
34.5128,0.9188,3.9399
34.5130,0.9556,4.0978
34.5132,0.9619,4.1226
34.5134,0.9684,4.1484
34.5136,0.9723,4.1693
34.5138,0.9764,4.1828
34.5140,0.933,4.0043
34.5142,0.8815,3.78
34.5144,0.9722,4.1687
34.5146,0.9914,4.253
34.5148,0.9504,4.0771
34.5150,0.9282,3.9801
34.5152,0.9566,4.1096
34.5154,0.8143,3.5046
34.5156,0.6771,2.9156
34.5158,0.7004,3.0116
34.5160,0.7397,3.1851
34.5162,0.7271,3.1295
34.5164,0.7414,3.1864
34.5166,0.7825,3.3569
34.5168,0.8448,3.6329
34.5170,0.8056,3.4659
34.5172,0.7964,3.4214
34.5174,0.8007,3.4463
34.5176,0.7276,3.1301
34.5178,0.7498,3.23
34.5180,0.6802,2.9277
34.5182,0.6992,3.0064
34.5184,0.7,3.0128
34.5186,0.6922,2.9779
34.5188,0.7574,3.257
34.5190,0.696,3.0014
34.5192,0.61,2.6338
34.5194,0.5207,2.2496
34.5196,0.4905,2.1162
34.5198,0.5447,2.3467
34.5200,0.5637,2.4339
34.5202,0.5022,2.1673
34.5204,0.4865,2.0956
34.5206,0.5746,2.4753
34.5208,0.5995,2.5851
34.5210,0.6114,2.6363
34.5212,0.5909,2.5467
34.5214,0.5389,2.3246
34.5216,0.4831,2.085
34.5218,0.4875,2.1032
34.5220,0.5103,2.2015
34.5222,0.5531,2.3817
34.5224,0.6215,2.676
34.5226,0.6008,2.5884
34.5228,0.6231,2.6833
34.5230,0.6522,2.8056
34.5232,0.6248,2.6917
34.5234,0.5722,2.4673
34.5236,0.5624,2.4249
34.5238,0.5802,2.4973
34.5240,0.6634,2.8554
34.5242,0.6673,2.8693
34.5244,0.6481,2.7945
34.5246,0.579,2.5002
34.5248,0.5276,2.2728
34.5250,0.5506,2.3742
34.5252,0.4819,2.0818
34.5254,0.4084,1.7635
34.5256,0.4508,1.9449
34.5258,0.458,1.9769
34.5260,0.4668,2.0165
34.5262,0.4651,2.0083
34.5264,0.4923,2.1229
34.5266,0.4836,2.0881
34.5268,0.4556,1.9684
34.5270,0.4544,1.9604
34.5272,0.4954,2.1334
34.5274,0.518,2.2346
34.5276,0.4538,1.9606
34.5278,0.4505,1.9452
34.5280,0.4525,1.9522
34.5282,0.4544,1.9595
34.5284,0.4624,1.9964
34.5286,0.4624,1.9946
34.5288,0.5065,2.1809
34.5290,0.5771,2.4827
34.5292,0.6463,2.7803
34.5294,0.5811,2.5044
34.5296,0.5608,2.4181
34.5298,0.5632,2.4251
34.5300,0.5585,2.4061
34.5302,0.5518,2.3794
34.5304,0.5561,2.3958
34.5306,0.5711,2.458
34.5308,0.6314,2.7176
34.5310,0.6294,2.7076
34.5312,0.7458,3.204
34.5314,0.7613,3.2674
34.5316,0.801,3.4409
34.5318,0.8108,3.4864
34.5320,0.6401,2.7573
34.5322,0.5483,2.3622
34.5324,0.5445,2.3467
34.5326,0.5404,2.3292
34.5328,0.5854,2.5206
34.5330,0.6166,2.6549
34.5332,0.6549,2.8162
34.5334,0.6935,2.9822
34.5336,0.6468,2.7837
34.5338,0.6614,2.8387
34.5340,0.7854,3.3756
34.5342,0.712,3.0673
34.5344,0.6307,2.7171
34.5346,0.5627,2.423
34.5348,0.5373,2.3157
34.5350,0.5398,2.3266
34.5352,0.541,2.3318
34.5354,0.518,2.2315
34.5356,0.5682,2.4468
34.5358,0.5494,2.369
34.5360,0.4793,2.0656
34.5362,0.4706,2.0312
34.5364,0.4475,1.9305
34.5366,0.5393,2.3224
34.5368,0.5821,2.509
34.5370,0.5308,2.2889
34.5372,0.5187,2.2346
34.5374,0.5482,2.3628
34.5376,0.5132,2.2108
34.5378,0.576,2.4804
34.5380,0.6195,2.669
34.5382,0.558,2.4051
34.5384,0.5371,2.3136
34.5386,0.5535,2.3855
34.5388,0.5272,2.2713
34.5390,0.5242,2.2594
34.5392,0.5362,2.3089
34.5394,0.5492,2.3658
34.5396,0.5556,2.3915
34.5398,0.5643,2.4331
34.5400,0.5017,2.1643
34.5402,0.488,2.1033
34.5404,0.4933,2.1261
34.5406,0.4829,2.0811
34.5408,0.4837,2.0847
34.5410,0.4999,2.1545
34.5412,0.5185,2.2356
34.5414,0.5512,2.3735
34.5416,0.5789,2.4927
34.5418,0.606,2.6082
34.5420,0.653,2.8092
34.5422,0.6472,2.7845
34.5424,0.662,2.8426
34.5426,0.6872,2.9549
34.5428,0.6166,2.6524
34.5430,0.6957,2.9873
34.5432,0.8077,3.4666
34.5434,0.8614,3.6919
34.5436,0.8685,3.7223
34.5438,0.8628,3.7016
34.5440,0.8366,3.5889
34.5442,0.8494,3.6389
34.5444,0.9001,3.8561
34.5446,0.9308,3.9895
34.5448,0.9578,4.1051
34.5450,0.9837,4.2102
34.5452,0.9945,4.2584
34.5454,0.9743,4.1741
34.5456,0.966,4.1439
34.5458,0.9489,4.0671
34.5460,1.0119,4.3308
34.5462,1.0248,4.3904
34.5464,0.9965,4.2691
34.5466,0.9871,4.2305
34.5468,0.997,4.2712
34.5470,1.0103,4.3282
34.5472,0.973,4.1743
34.5474,0.9546,4.0913
34.5476,1.016,4.3564
34.5478,0.9821,4.2075
34.5480,0.9971,4.2697
34.5482,0.9796,4.1987
34.5484,0.9397,4.0294
34.5486,0.9633,4.1307
34.5488,0.9349,4.0126
34.5490,0.8691,3.7335
34.5492,0.8203,3.5222
34.5494,0.8589,3.6897
34.5496,0.8658,3.7144
34.5498,0.8837,3.7946
34.5500,0.8222,3.5288
34.5502,0.8452,3.631
34.5504,0.8176,3.5125
34.5506,0.8586,3.687
34.5508,0.832,3.576
34.5510,0.8002,3.4379
34.5512,0.8396,3.6035
34.5514,0.8341,3.5848
34.5516,0.7644,3.2869
34.5518,0.7186,3.0899
34.5520,0.7389,3.1771
34.5522,0.7125,3.0679
34.5524,0.6588,2.8406
34.5526,0.6508,2.8012
34.5528,0.7074,3.0448
34.5530,0.6871,2.953
34.5532,0.7103,3.0572
34.5534,0.6802,2.929
34.5536,0.6718,2.8915
34.5538,0.6444,2.7759
34.5540,0.6589,2.8411
34.5542,0.6221,2.6824
34.5544,0.5777,2.4887
34.5546,0.6205,2.6756
34.5548,0.6004,2.5888
34.5550,0.5727,2.4682
34.5552,0.5614,2.4219
34.5554,0.5574,2.4048
34.5556,0.566,2.4381
34.5558,0.5895,2.5405
34.5560,0.6349,2.7364
34.5562,0.5988,2.5832
34.5564,0.4977,2.1472
34.5566,0.4821,2.0799
34.5568,0.4998,2.155
34.5570,0.5925,2.5475
34.5572,0.7731,3.3276
34.5574,0.648,2.794
34.5576,0.5439,2.3442
34.5578,0.5646,2.4336
34.5580,0.5428,2.3384
34.5582,0.5428,2.3406
34.5584,0.5441,2.3452
34.5586,0.6164,2.6556
34.5588,0.5678,2.4493
34.5590,0.5366,2.3159
34.5592,0.5222,2.2527
34.5594,0.5259,2.2677
34.5596,0.5417,2.3359
34.5598,0.5318,2.293
34.5600,0.5287,2.2754
34.5602,0.6478,2.7883
34.5604,0.635,2.7395
34.5606,0.5505,2.3726
34.5608,0.5874,2.5271
34.5610,0.6288,2.7088
34.5612,0.624,2.6856
34.5614,0.6477,2.7865
34.5616,0.6898,2.9676
34.5618,0.6781,2.9184
34.5620,0.6639,2.8588
34.5622,0.6923,2.9812
34.5624,0.6614,2.8466
34.5626,0.6597,2.8394
34.5628,0.642,2.7618
34.5630,0.6402,2.7553
34.5632,0.6704,2.88
34.5634,0.7953,3.4136
34.5636,0.8693,3.7328
34.5638,0.7878,3.3859
34.5640,0.785,3.3709
34.5642,0.8162,3.5113
34.5644,0.7429,3.1901
34.5646,0.7901,3.3941
34.5648,0.7789,3.3524
34.5650,0.7073,3.0443
34.5652,0.6964,2.9932
34.5654,0.7324,3.1492
34.5656,0.7482,3.2173
34.5658,0.7595,3.2612
34.5660,0.7616,3.2766
34.5662,0.7131,3.0691
34.5664,0.7242,3.1127
34.5666,0.7422,3.1885
34.5668,0.7785,3.3446
34.5670,0.8313,3.5763
34.5672,0.697,2.9985
34.5674,0.6277,2.7079
34.5676,0.5438,2.3436
34.5678,0.6019,2.5931
34.5680,0.5845,2.5205
34.5682,0.5811,2.5032
34.5684,0.6091,2.6241
34.5686,0.6004,2.5864
34.5688,0.5966,2.5704
34.5690,0.6486,2.7901
34.5692,0.6815,2.9333
34.5694,0.6143,2.6426
34.5696,0.6133,2.6422
34.5698,0.599,2.5807
34.5700,0.6079,2.6165
34.5702,0.6993,3.0083
34.5704,0.6939,2.9907
34.5706,0.5496,2.369
34.5708,0.5192,2.2356
34.5710,0.5823,2.5107
34.5712,0.5582,2.4057
34.5714,0.5453,2.3514
34.5716,0.5351,2.3075
34.5718,0.5353,2.3102
34.5720,0.4703,2.0316
34.5722,0.4891,2.1041
34.5724,0.6267,2.6975
34.5726,0.5915,2.5481
34.5728,0.6104,2.6285
34.5730,0.6149,2.6476
34.5732,0.5476,2.3624
34.5734,0.5293,2.2801
34.5736,0.544,2.3479
34.5738,0.4939,2.1296
34.5740,0.4887,2.1074
34.5742,0.5616,2.4184
34.5744,0.573,2.4686
34.5746,0.5161,2.2263
34.5748,0.4884,2.1059
34.5750,0.5067,2.1829
34.5752,0.5434,2.3421
34.5754,0.6044,2.6039
34.5756,0.6018,2.589
34.5758,0.6389,2.7496
34.5760,0.6866,2.9509
34.5762,0.7085,3.0438
34.5764,0.7025,3.0223
34.5766,0.7357,3.1607
34.5768,0.7871,3.3765
34.5770,0.8523,3.6546
34.5772,0.8715,3.7386
34.5774,0.839,3.6009
34.5776,0.838,3.5968
34.5778,0.8349,3.5817
34.5780,0.817,3.5083
34.5782,0.8444,3.624
34.5784,0.8504,3.6515
34.5786,0.8471,3.6342
34.5788,0.9127,3.9156
34.5790,0.8221,3.5283
34.5792,0.8285,3.5528
34.5794,0.8769,3.767
34.5796,0.8094,3.477
34.5798,0.8312,3.5641
34.5800,0.9082,3.8924
34.5802,0.8999,3.8605
34.5804,0.9036,3.8783
34.5806,0.9056,3.8852
34.5808,0.8952,3.8387
34.5810,0.8981,3.8528
34.5812,0.8444,3.6291
34.5814,0.8326,3.5736
34.5816,0.8921,3.8271
34.5818,0.8833,3.7913
34.5820,0.8532,3.6655
34.5822,0.8741,3.7482
34.5824,0.9747,4.1795
34.5826,0.9335,4.0045
34.5828,0.8963,3.8487
34.5830,0.8299,3.5651
34.5832,0.8813,3.7808
34.5834,0.9383,4.0251
34.5836,0.9319,3.9941
34.5838,0.9146,3.9274
34.5840,0.8849,3.7962
34.5842,0.863,3.7107
34.5844,0.7807,3.357
34.5846,0.7666,3.2962
34.5848,0.7516,3.2347
34.5850,0.6843,2.9493
34.5852,0.6434,2.7705
34.5854,0.6407,2.7599
34.5856,0.6243,2.6897
34.5858,0.6548,2.8222
34.5860,0.612,2.6426
34.5862,0.5349,2.3086
34.5864,0.5243,2.2631
34.5866,0.4691,2.0254
34.5868,0.4472,1.9312
34.5870,0.5174,2.23
34.5872,0.5688,2.4517
34.5874,0.5783,2.4925
34.5876,0.6128,2.6425
34.5878,0.5337,2.3045
34.5880,0.4984,2.1513
34.5882,0.5381,2.3183
34.5884,0.5796,2.4982
34.5886,0.616,2.6535
34.5888,0.6049,2.6084
34.5890,0.5674,2.4466
34.5892,0.5941,2.5607
34.5894,0.5925,2.557
34.5896,0.5255,2.2682
34.5898,0.5013,2.1637
34.5900,0.5561,2.3958
34.5902,0.6291,2.7078
34.5904,0.6054,2.6105
34.5906,0.5644,2.4348
34.5908,0.4928,2.1289
34.5910,0.5078,2.1896
34.5912,0.577,2.4856
34.5914,0.5826,2.5111
34.5916,0.5806,2.5046
34.5918,0.4977,2.1502
34.5920,0.42,1.8128
34.5922,0.4101,1.7707
34.5924,0.4535,1.9545
34.5926,0.5128,2.2124
34.5928,0.5463,2.3556
34.5930,0.5782,2.4908
34.5932,0.5666,2.4418
34.5934,0.5842,2.5201
34.5936,0.4848,2.0923
34.5938,0.4475,1.9305
34.5940,0.4464,1.9249
34.5942,0.4927,2.1225
34.5944,0.5426,2.3406
34.5946,0.5158,2.2253
34.5948,0.5435,2.3426
34.5950,0.5429,2.3379
34.5952,0.5519,2.3799
34.5954,0.5586,2.4066
34.5956,0.5616,2.4184
34.5958,0.6088,2.6201
34.5960,0.5892,2.5383
34.5962,0.5612,2.4197
34.5964,0.558,2.404
34.5966,0.559,2.407
34.5968,0.6302,2.7137
34.5970,0.6683,2.8766
34.5972,0.663,2.8467
34.5974,0.7191,3.092
34.5976,0.7251,3.1192
34.5978,0.6323,2.725
34.5980,0.5293,2.2811
34.5982,0.5263,2.2703
34.5984,0.5323,2.2962
34.5986,0.526,2.2672
34.5988,0.5583,2.4017
34.5990,0.6148,2.6447
34.5992,0.6275,2.7019
34.5994,0.5705,2.4577
34.5996,0.5963,2.5676
34.5998,0.6187,2.6666
34.6000,0.6248,2.688
34.6002,0.6529,2.8074
34.6004,0.6717,2.891
34.6006,0.7076,3.0411
34.6008,0.6925,2.9775
34.6010,0.6399,2.7555
34.6012,0.6301,2.7132
34.6014,0.6187,2.6654
34.6016,0.6066,2.6132
34.6018,0.596,2.5678
34.6020,0.612,2.634
34.6022,0.6094,2.6227
34.6024,0.582,2.5062
34.6026,0.5974,2.5723
34.6028,0.6361,2.7416
34.6030,0.5668,2.4429
34.6032,0.5365,2.3132
34.6034,0.5694,2.4531
34.6036,0.5674,2.4466
34.6038,0.511,2.2015
34.6040,0.5303,2.2815
34.6042,0.6215,2.6773
34.6044,0.6463,2.7803
34.6046,0.6548,2.8209
34.6048,0.607,2.6136
34.6050,0.6164,2.6531
34.6052,0.6547,2.8138
34.6054,0.7468,3.2111
34.6056,0.6356,2.737
34.6058,0.5974,2.5699
34.6060,0.6528,2.8082
34.6062,0.6094,2.6251
34.6064,0.5655,2.4394
34.6066,0.497,2.1441
34.6068,0.485,2.0933
34.6070,0.4785,2.0644
34.6072,0.4851,2.0909
34.6074,0.4861,2.096
34.6076,0.4844,2.0888
34.6078,0.4878,2.1043
34.6080,0.486,2.0945
34.6082,0.51,2.1979
34.6084,0.5493,2.3652
34.6086,0.6103,2.6268
34.6088,0.5915,2.5458
34.6090,0.574,2.4681
34.6092,0.657,2.8197
34.6094,0.7463,3.2061
34.6096,0.7667,3.2906
34.6098,0.7927,3.3991
34.6100,0.8324,3.5759
34.6102,0.8055,3.4557
34.6104,0.8771,3.7593
34.6106,0.9054,3.886
34.6108,0.8624,3.6978
34.6110,0.8411,3.6101
34.6112,0.8416,3.6139
34.6114,0.8443,3.6235
34.6116,0.8313,3.5696
34.6118,0.8345,3.5835
34.6120,0.8005,3.4373
34.6122,0.8026,3.4465
34.6124,0.8109,3.4837
34.6126,0.7916,3.3928
34.6128,0.9104,3.9058
34.6130,0.9168,3.9349
34.6132,0.8564,3.6704
34.6134,0.876,3.7581
34.6136,0.8856,3.7958
34.6138,0.923,3.9524
34.6140,0.9576,4.1137
34.6142,0.8008,3.442
34.6144,0.806,3.4545
34.6146,0.9219,3.957
34.6148,0.8405,3.6126
34.6150,0.8088,3.4712
34.6152,0.8323,3.5721
34.6154,0.8487,3.6443
34.6156,0.8142,3.5025
34.6158,0.8004,3.4352
34.6160,0.8914,3.824
34.6162,0.9176,3.9403
34.6164,0.8775,3.7643
34.6166,0.8678,3.7227
34.6168,0.8518,3.6577
34.6170,0.8417,3.6161
34.6172,0.8037,3.456
34.6174,0.7777,3.3457
34.6176,0.7579,3.2575
34.6178,0.7269,3.127
34.6180,0.6998,3.0104
34.6182,0.7309,3.143
34.6184,0.7378,3.171
34.6186,0.6826,2.9435
34.6188,0.5751,2.4751
34.6190,0.6312,2.7204
34.6192,0.6006,2.5886
34.6194,0.6454,2.7806
34.6196,0.5933,2.5547
34.6198,0.6537,2.8136
34.6200,0.6713,2.8881
34.6202,0.6709,2.8861
34.6204,0.7453,3.2079
34.6206,0.6975,3.0048
34.6208,0.6541,2.8178
34.6210,0.5983,2.5788
34.6212,0.5784,2.4918
34.6214,0.585,2.5214
34.6216,0.6182,2.6596
34.6218,0.7137,3.0688
34.6220,0.7185,3.0909
34.6222,0.7186,3.0914
34.6224,0.6892,2.965
34.6226,0.7146,3.0744
34.6228,0.721,3.0988
34.6230,0.7231,3.1081
34.6232,0.7311,3.145
34.6234,0.7299,3.1399
34.6236,0.6813,2.931
34.6238,0.6698,2.8841
34.6240,0.6586,2.8361
34.6242,0.6631,2.8539
34.6244,0.6686,2.8789
34.6246,0.6719,2.8894
34.6248,0.6613,2.8501
34.6250,0.5761,2.4843
34.6252,0.5753,2.4796
34.6254,0.5995,2.5816
34.6256,0.586,2.5279
34.6258,0.5094,2.1994
34.6260,0.4831,2.0841
34.6262,0.533,2.2961
34.6264,0.6156,2.652
34.6266,0.5689,2.4544
34.6268,0.5276,2.2739
34.6270,0.5272,2.2734
34.6272,0.5252,2.2656
34.6274,0.5251,2.2641
34.6276,0.5439,2.3431
34.6278,0.6103,2.6292
34.6280,0.6291,2.7091
34.6282,0.6305,2.7135
34.6284,0.6456,2.7759
34.6286,0.7061,3.0349
34.6288,0.7299,3.1428
34.6290,0.6572,2.8312
34.6292,0.6508,2.7986
34.6294,0.712,3.0573
34.6296,0.8278,3.5547
34.6298,0.8338,3.5788
34.6300,0.7865,3.3833
34.6302,0.6748,2.9058
34.6304,0.6343,2.7326
34.6306,0.6235,2.6848
34.6308,0.6212,2.675
34.6310,0.6192,2.6675
34.6312,0.6218,2.6739
34.6314,0.6875,2.9578
34.6316,0.7537,3.2395
34.6318,0.6956,2.9937
34.6320,0.6234,2.6855
34.6322,0.624,2.6881
34.6324,0.613,2.6382
34.6326,0.6562,2.8218
34.6328,0.716,3.0772
34.6330,0.7612,3.2684
34.6332,0.8019,3.4435
34.6334,0.7556,3.2508
34.6336,0.7168,3.0879
34.6338,0.6847,2.9454
34.6340,0.7311,3.1436
34.6342,0.7103,3.0586
34.6344,0.6239,2.6889
34.6346,0.6305,2.7148
34.6348,0.5831,2.5131
34.6350,0.5576,2.4042
34.6352,0.5725,2.4677
34.6354,0.557,2.4016
34.6356,0.5531,2.3851
34.6358,0.5534,2.3872
34.6360,0.5553,2.3921
34.6362,0.5601,2.4083
34.6364,0.7028,3.0205
34.6366,0.7056,3.0357
34.6368,0.6289,2.7093
34.6370,0.5819,2.5057
34.6372,0.5494,2.3679
34.6374,0.552,2.3815
34.6376,0.5077,2.1881
34.6378,0.5114,2.2041
34.6380,0.5387,2.3252
34.6382,0.5082,2.1881
34.6384,0.563,2.4229
34.6386,0.6128,2.634
34.6388,0.7788,3.3519
34.6390,0.6535,2.8152
34.6392,0.6071,2.6141
34.6394,0.6118,2.633
34.6396,0.6837,2.9399
34.6398,0.6468,2.7837
34.6400,0.5566,2.4012
34.6402,0.5125,2.2098
34.6404,0.5526,2.3841
34.6406,0.5707,2.4588
34.6408,0.5904,2.5423
34.6410,0.6173,2.6567
34.6412,0.6176,2.6583
34.6414,0.6387,2.7466
34.6416,0.6693,2.874
34.6418,0.7446,3.2003
34.6420,0.7562,3.2488
34.6422,0.7386,3.1746
34.6424,0.776,3.3338
34.6426,0.7826,3.3621
34.6428,0.78,3.3477
34.6430,0.8289,3.556
34.6432,0.8478,3.639
34.6434,0.852,3.6536
34.6436,0.9492,4.0624
34.6438,0.9723,4.1673
34.6440,0.9237,3.961
34.6442,0.9449,4.0496
34.6444,0.9686,4.1475
34.6446,0.9693,4.1564
34.6448,0.9658,4.1434
34.6450,0.9243,3.9618
34.6452,0.977,4.1893
34.6454,0.9713,4.1632
34.6456,0.9895,4.2448
34.6458,0.9465,4.0568
34.6460,0.9556,4.094
34.6462,0.9871,4.2286
34.6464,0.9633,4.1307
34.6466,0.9332,4.0035
34.6468,0.9464,4.062
34.6470,0.9505,4.0795
34.6472,0.8993,3.8615
34.6474,0.8384,3.6017
34.6476,0.8271,3.5532
34.6478,0.817,3.5116
34.6480,0.7637,3.2792
34.6482,0.8326,3.5786
34.6484,0.8384,3.6017
34.6486,0.8555,3.6805
34.6488,0.8127,3.4947
34.6490,0.8266,3.5495
34.6492,0.7944,3.4142
34.6494,0.7783,3.3451
34.6496,0.8443,3.6218
34.6498,0.8915,3.8299
34.6500,0.8124,3.4931
34.6502,0.754,3.2496
34.6504,0.6777,2.9182
34.6506,0.6872,2.9562
34.6508,0.7243,3.1132
34.6510,0.7505,3.2301
34.6512,0.6752,2.91
34.6514,0.6332,2.7279
34.6516,0.5921,2.5543
34.6518,0.5727,2.4693
34.6520,0.6073,2.6151
34.6522,0.623,2.684
34.6524,0.5959,2.5684
34.6526,0.6017,2.5921
34.6528,0.6482,2.7912
34.6530,0.6712,2.889
34.6532,0.7073,3.0485
34.6534,0.6695,2.8831
34.6536,0.6921,2.9801
34.6538,0.6411,2.7633
34.6540,0.5652,2.4384
34.6542,0.5065,2.186
34.6544,0.5012,2.1652
34.6546,0.4875,2.1052
34.6548,0.4992,2.1534
34.6550,0.5183,2.2372
34.6552,0.5242,2.2615
34.6554,0.4995,2.1579
34.6556,0.4171,1.8021
34.6558,0.4076,1.7623
34.6560,0.4139,1.7881
34.6562,0.4524,1.9489
34.6564,0.6288,2.7063
34.6566,0.6883,2.9719
34.6568,0.4896,2.113
34.6570,0.4504,1.9447
34.6572,0.446,1.9269
34.6574,0.4446,1.918
34.6576,0.4424,1.9087
34.6578,0.443,1.9131
34.6580,0.449,1.939
34.6582,0.4528,1.9541
34.6584,0.4478,1.932
34.6586,0.4446,1.9207
34.6588,0.4699,2.0291
34.6590,0.4486,1.9351
34.6592,0.4482,1.9353
34.6594,0.4662,2.0121
34.6596,0.4531,1.9557
34.6598,0.4901,2.1121
34.6600,0.5462,2.354
34.6602,0.501,2.1612
34.6604,0.5134,2.2149
34.6606,0.5409,2.3312
34.6608,0.5742,2.4703
34.6610,0.6508,2.8012
34.6612,0.6675,2.8716
34.6614,0.6717,2.8883
34.6616,0.6601,2.8383
34.6618,0.7024,3.0175
34.6620,0.7365,3.1712
34.6622,0.673,2.894
34.6624,0.6844,2.9444
34.6626,0.7007,3.0061
34.6628,0.8053,3.4627
34.6630,0.7514,3.2267
34.6632,0.76,3.2648
34.6634,0.7131,3.0719
34.6636,0.6402,2.754
34.6638,0.6746,2.8994
34.6640,0.6686,2.8776
34.6642,0.6458,2.7808
34.6644,0.6362,2.7345
34.6646,0.6699,2.8833
34.6648,0.6312,2.7153
34.6650,0.6667,2.8654
34.6652,0.6616,2.8543
34.6654,0.5555,2.3943
34.6656,0.5401,2.3276
34.6658,0.5342,2.3012
34.6660,0.5812,2.5014
34.6662,0.6399,2.7491
34.6664,0.7216,3.1028
34.6666,0.7082,3.0451
34.6668,0.7848,3.3714
34.6670,0.7016,3.0223
34.6672,0.562,2.4244
34.6674,0.5458,2.3535
34.6676,0.5016,2.1617
34.6678,0.5008,2.1566
34.6680,0.5398,2.3277
34.6682,0.5056,2.1803
34.6684,0.5355,2.3069
34.6686,0.5742,2.4726
34.6688,0.5468,2.3587
34.6690,0.523,2.2563
34.6692,0.5249,2.2625
34.6694,0.5325,2.2929
34.6696,0.5848,2.5204
34.6698,0.5134,2.217
34.6700,0.439,1.892
34.6702,0.4712,2.0338
34.6704,0.4224,1.8249
34.6706,0.4098,1.768
34.6708,0.4645,2.002
34.6710,0.4662,2.013
34.6712,0.4186,1.8075
34.6714,0.4486,1.9306
34.6716,0.5592,2.4058
34.6718,0.6456,2.7785
34.6720,0.6542,2.8183
34.6722,0.5857,2.5245
34.6724,0.5052,2.1782
34.6726,0.4903,2.1151
34.6728,0.532,2.2909
34.6730,0.5175,2.2294
34.6732,0.5282,2.2754
34.6734,0.5642,2.4292
34.6736,0.5814,2.5036
34.6738,0.5763,2.4837
34.6740,0.5819,2.5068
34.6742,0.5884,2.5347
34.6744,0.585,2.5167
34.6746,0.5908,2.5439
34.6748,0.6074,2.6156
34.6750,0.5862,2.5196
34.6752,0.6386,2.7473
34.6754,0.6426,2.7643
34.6756,0.6743,2.897
34.6758,0.7614,3.2694
34.6760,0.7218,3.0995
34.6762,0.7728,3.3153
34.6764,0.801,3.4361
34.6766,0.8054,3.4552
34.6768,0.9038,3.8757
34.6770,0.912,3.9143
34.6772,0.8398,3.6011
34.6774,0.9032,3.8695
34.6776,0.9638,4.1289
34.6778,0.9544,4.0869
34.6780,0.9977,4.2763
34.6782,0.9463,4.0539
34.6784,0.9471,4.0537
34.6786,0.9809,4.2063
34.6788,0.9676,4.1492
34.6790,0.8866,3.8034
34.6792,0.8873,3.8012
34.6794,0.9155,3.9201
34.6796,0.9373,4.0266
34.6798,0.797,3.4208
34.6800,0.8662,3.716
34.6802,0.923,3.9579
34.6804,0.9115,3.9086
34.6806,0.9038,3.8757
34.6808,0.9301,3.9883
34.6810,0.9567,4.0986
34.6812,0.9309,3.99
34.6814,0.9213,3.9526
34.6816,0.9401,4.0328
34.6818,0.965,4.134
34.6820,0.9642,4.1343
34.6822,0.9622,4.1241
34.6824,0.9765,4.1912
34.6826,0.8817,3.7823
34.6828,0.8968,3.8471
34.6830,0.9291,3.9879
34.6832,0.8831,3.7867
34.6834,0.8971,3.8541
34.6836,0.7878,3.3906
34.6838,0.7588,3.2627
34.6840,0.7695,3.306
34.6842,0.7499,3.232
34.6844,0.6059,2.6126
34.6846,0.5966,2.5692
34.6848,0.6639,2.8588
34.6850,0.6747,2.9053
34.6852,0.6923,2.977
34.6854,0.7215,3.1038
34.6856,0.7204,3.0948
34.6858,0.7451,3.2039
34.6860,0.7601,3.2683
34.6862,0.7452,3.2074
34.6864,0.6788,2.9188
34.6866,0.7179,3.0883
34.6868,0.7447,3.2083
34.6870,0.6984,3.0047
34.6872,0.712,3.0616
34.6874,0.6808,2.9316
34.6876,0.6878,2.9547
34.6878,0.815,3.5045
34.6880,0.8084,3.4761
34.6882,0.7989,3.429
34.6884,0.8202,3.5299
34.6886,0.7194,3.0964
34.6888,0.7175,3.0882
34.6890,0.7002,3.0125
34.6892,0.6959,2.9939
34.6894,0.7688,3.3044
34.6896,0.7764,3.3369
34.6898,0.8174,3.5181
34.6900,0.7291,3.1382
34.6902,0.6821,2.9373
34.6904,0.6633,2.8602
34.6906,0.6566,2.826
34.6908,0.7297,3.132
34.6910,0.8788,3.7753
34.6912,0.785,3.3819
34.6914,0.7126,3.0684
34.6916,0.7132,3.0667
34.6918,0.75,3.225
34.6920,0.7031,3.0262
34.6922,0.7293,3.1358
34.6924,0.7899,3.3967
34.6926,0.8724,3.7497
34.6928,0.8266,3.5495
34.6930,0.8631,3.7095
34.6932,0.8559,3.6769
34.6934,0.8335,3.5805
34.6936,0.7606,3.2704
34.6938,0.7606,3.2719
34.6940,0.7695,3.3106
34.6942,0.7727,3.3256
34.6944,0.7182,3.0927
34.6946,0.6957,2.9956
34.6948,0.6988,3.0077
34.6950,0.7037,3.0232
34.6952,0.7839,3.3662
34.6954,0.8118,3.4889
34.6956,0.7787,3.3514
34.6958,0.7823,3.3575
34.6960,0.9475,4.0685
34.6962,0.8741,3.7587
34.6964,0.7968,3.4229
34.6966,0.7746,3.3338
34.6968,0.7212,3.1056
34.6970,0.695,2.9953
34.6972,0.6622,2.8529
34.6974,0.6433,2.77
34.6976,0.6466,2.787
34.6978,0.6483,2.793
34.6980,0.6407,2.7586
34.6982,0.6373,2.7442
34.6984,0.6397,2.7545
34.6986,0.6506,2.8028
34.6988,0.6506,2.8015
34.6990,0.7154,3.0774
34.6992,0.8402,3.6077
34.6994,0.9085,3.903
34.6996,0.8595,3.6923
34.6998,0.8022,3.4493
34.7000,0.7296,3.1432
34.7002,0.7014,3.019
34.7004,0.7074,3.0462
34.7006,0.7272,3.1285
34.7008,0.7476,3.2192
34.7010,0.748,3.2178
34.7012,0.7561,3.2483
34.7014,0.7688,3.3106
34.7016,0.6946,2.9924
34.7018,0.6716,2.8905
34.7020,0.6686,2.8776
34.7022,0.7166,3.0855
34.7024,0.7203,3.0943
34.7026,0.8347,3.584
34.7028,0.8687,3.732
34.7030,0.8261,3.5508
34.7032,0.7454,3.2114
34.7034,0.6037,2.602
34.7036,0.5735,2.4741
34.7038,0.5713,2.4648
34.7040,0.6053,2.6075
34.7042,0.667,2.8682
34.7044,0.7271,3.128
34.7046,0.719,3.0944
34.7048,0.7245,3.1181
34.7050,0.714,3.0703
34.7052,0.7524,3.2353
34.7054,0.7737,3.3318
34.7056,0.7331,3.1509
34.7058,0.8143,3.4916
34.7060,0.9538,4.0939
34.7062,0.9098,3.9123
34.7064,0.8036,3.4507
34.7066,0.8164,3.5074
34.7068,0.8237,3.5438
34.7070,0.7437,3.2022
34.7072,0.7053,3.0412
34.7074,0.5612,2.4231
34.7076,0.5336,2.3019
34.7078,0.5759,2.481
34.7080,0.6169,2.6564
34.7082,0.6616,2.853
34.7084,0.6144,2.6505
34.7086,0.6248,2.6892
34.7088,0.7267,3.1265
34.7090,0.7779,3.3452
34.7092,0.8508,3.645
34.7094,1.0026,4.2953
34.7096,1.0368,4.4479
34.7098,0.9385,4.0299
34.7100,0.8681,3.7294
34.7102,0.8752,3.7528
34.7104,0.9765,4.1834
34.7106,1.1043,4.7243
34.7108,1.1271,4.824
34.7110,1.1172,4.7792
34.7112,1.1417,4.8821
34.7114,1.1269,4.8298
34.7116,0.9857,4.2347
34.7118,0.9559,4.1007
34.7120,1.0013,4.2957
34.7122,0.9543,4.0979
34.7124,0.9536,4.091
34.7126,0.9913,4.2485
34.7128,0.9761,4.1916
34.7130,1.0053,4.3127
34.7132,1.017,4.361
34.7134,1.0367,4.4391
34.7136,1.0698,4.5851
34.7138,1.0618,4.5571
34.7140,1.006,4.3198
34.7142,0.9156,3.9316
34.7144,0.8709,3.7447
34.7146,0.8327,3.5908
34.7148,0.7199,3.1014
34.7150,0.7022,3.0249
34.7152,0.7172,3.0881
34.7154,0.7534,3.244
34.7156,0.774,3.3297
34.7158,0.801,3.4425
34.7160,0.8303,3.5738
34.7162,0.7608,3.2699
34.7164,0.8365,3.6001
34.7166,0.8024,3.4503
34.7168,0.8048,3.4719
34.7170,0.6341,2.7328
34.7172,0.6385,2.7545
34.7174,0.646,2.7845
34.7176,0.6686,2.883
34.7178,0.6932,2.9862
34.7180,0.6698,2.8895
34.7182,0.6187,2.6691
34.7184,0.6173,2.6617
34.7186,0.6127,2.642
34.7188,0.5669,2.4479
34.7190,0.5748,2.4809
34.7192,0.6471,2.7878
34.7194,0.6952,2.9977
34.7196,0.6305,2.7148
34.7198,0.6832,2.9433
34.7200,0.6962,3.0019
34.7202,0.5893,2.5459
34.7204,0.5371,2.3158
34.7206,0.562,2.4244
34.7208,0.6309,2.7181
34.7210,0.7042,3.0295
34.7212,0.7706,3.3152
34.7214,0.7761,3.3467
34.7216,0.632,2.7278
34.7218,0.5636,2.4312
34.7220,0.5771,2.4873
34.7222,0.5687,2.4511
34.7224,0.5695,2.4548
34.7226,0.6933,2.9853
34.7228,0.72,3.1076
34.7230,0.6028,2.5991
34.7232,0.5893,2.5412
34.7234,0.6777,2.9182
34.7236,0.6845,2.9476
34.7238,0.6808,2.9316
34.7240,0.6229,2.6872
34.7242,0.5807,2.5051
34.7244,0.5788,2.4969
34.7246,0.592,2.5538
34.7248,0.5908,2.5462
34.7250,0.6325,2.7261
34.7252,0.5076,2.1906
34.7254,0.493,2.128
34.7256,0.4903,2.1181
34.7258,0.4862,2.0995
34.7260,0.4856,2.0969
34.7262,0.4849,2.0938
34.7264,0.4902,2.1166
34.7266,0.5143,2.2155
34.7268,0.6223,2.6821
34.7270,0.6247,2.6887
34.7272,0.6297,2.7091
34.7274,0.6456,2.7824
34.7276,0.6417,2.7659
34.7278,0.6637,2.8578
34.7280,0.6606,2.8444
34.7282,0.7201,3.0952
34.7284,0.7996,3.4369
34.7286,0.844,3.6225
34.7288,0.8781,3.7704
34.7290,0.877,3.7605
34.7292,0.9168,3.9422
34.7294,0.7981,3.435
34.7296,0.7172,3.0866
34.7298,0.6879,2.9607
34.7300,0.6975,3.002
34.7302,0.7113,3.0628
34.7304,0.6945,2.9932
34.7306,0.658,2.8348
34.7308,0.6538,2.8167
34.7310,0.6438,2.7721
34.7312,0.6977,3.0044
34.7314,0.6914,2.9729
34.7316,0.7712,3.3194
34.7318,0.7585,3.2616
34.7320,0.7628,3.2832
34.7322,0.746,3.2035
34.7324,0.8838,3.7987
34.7326,0.7745,3.3333
34.7328,0.7465,3.2116
34.7330,0.7276,3.1286
34.7332,0.7053,3.0384
34.7334,0.6674,2.8751
34.7336,0.6566,2.8273
34.7338,0.6529,2.8113
34.7340,0.6823,2.9378
34.7342,0.7067,3.0445
34.7344,0.6953,2.9969
34.7346,0.61,2.6277
34.7348,0.6303,2.7168
34.7350,0.6263,2.6967
34.7352,0.62,2.6736
34.7354,0.6151,2.6474
34.7356,0.7084,3.0518
34.7358,0.6356,2.742
34.7360,0.5681,2.452
34.7362,0.5543,2.3891
34.7364,0.5436,2.3475
34.7366,0.4685,2.0238
34.7368,0.4681,2.0232
34.7370,0.4639,2.0022
34.7372,0.5309,2.2852
34.7374,0.6374,2.7498
34.7376,0.5668,2.4451
34.7378,0.5939,2.5597
34.7380,0.5594,2.4119
34.7382,0.5554,2.3949
34.7384,0.5796,2.4993
34.7386,0.582,2.5108
34.7388,0.5637,2.4294
34.7390,0.5561,2.4024
34.7392,0.5006,2.1606
34.7394,0.5055,2.1818
34.7396,0.5084,2.1922
34.7398,0.5573,2.402
34.7400,0.5791,2.4961
34.7402,0.6016,2.5903
34.7404,0.6279,2.7039
34.7406,0.6379,2.7455
34.7408,0.6861,2.9516
34.7410,0.7102,3.0538
34.7412,0.7925,3.3996
34.7414,0.8684,3.7304
34.7416,0.8124,3.4931
34.7418,0.7571,3.2539
34.7420,0.7673,3.3023
34.7422,0.7167,3.0831
34.7424,0.7687,3.3008
34.7426,0.806,3.461
34.7428,0.841,3.6113
34.7430,0.895,3.8376
34.7432,0.9392,4.0292
34.7434,0.8651,3.7131
34.7436,0.9024,3.8713
34.7438,0.957,4.1073
34.7440,0.9561,4.0979
34.7442,0.9713,4.1632
34.7444,0.9484,4.065
34.7446,0.9404,4.0381
34.7448,0.9151,3.9258
34.7450,0.9712,4.1646
34.7452,0.9766,4.1858
34.7454,0.9191,3.9538
34.7456,0.816,3.5086
34.7458,0.8411,3.6135
34.7460,0.8466,3.6338
34.7462,0.8797,3.7794
34.7464,0.8542,3.6697
34.7466,0.8438,3.6282
34.7468,0.8241,3.542
34.7470,0.8088,3.4793
34.7472,0.8071,3.4704
34.7474,0.7925,3.406
34.7476,0.8279,3.5552
34.7478,0.815,3.5012
34.7480,0.8037,3.4544
34.7482,0.7788,3.3456
34.7484,0.8384,3.6017
34.7486,0.8783,3.7767
34.7488,0.8401,3.6106
34.7490,0.8797,3.7776
34.7492,0.8534,3.6643
34.7494,0.8532,3.6689
34.7496,0.7391,3.1781
34.7498,0.7408,3.1898
34.7500,0.735,3.162
34.7502,0.7622,3.2807
34.7504,0.6983,3.0098
34.7506,0.6817,2.9339
34.7508,0.7454,3.2099
34.7510,0.7017,3.0186
34.7512,0.693,2.9815
34.7514,0.6948,2.992
34.7516,0.7324,3.1551
34.7518,0.7354,3.1651
34.7520,0.7246,3.1201
34.7522,0.6995,3.0108
34.7524,0.7403,3.1847
34.7526,0.7142,3.0751
34.7528,0.6625,2.8526
34.7530,0.6255,2.6986
34.7532,0.5741,2.4778
34.7534,0.568,2.4492
34.7536,0.5753,2.483
34.7538,0.5598,2.4163
34.7540,0.5758,2.4839
34.7542,0.5921,2.5519
34.7544,0.5501,2.3743
34.7546,0.5137,2.218
34.7548,0.5085,2.1968
34.7550,0.5048,2.1777
34.7552,0.5084,2.1942
34.7554,0.5146,2.2222
34.7556,0.5059,2.1844
34.7558,0.4948,2.1367
34.7560,0.4978,2.1487
34.7562,0.5079,2.1922
34.7564,0.5048,2.1777
34.7566,0.5068,2.1885
34.7568,0.5068,2.1895
34.7570,0.5044,2.1762
34.7572,0.5386,2.3225
34.7574,0.5254,2.2656
34.7576,0.5749,2.4746
34.7578,0.6586,2.8321
34.7580,0.626,2.7007
34.7582,0.5371,2.319
34.7584,0.4951,2.1358
34.7586,0.5306,2.2868
34.7588,0.5737,2.4751
34.7590,0.5307,2.2884
34.7592,0.5337,2.2992
34.7594,0.6179,2.6581
34.7596,0.6776,2.9163
34.7598,0.6553,2.8243
34.7600,0.6419,2.7651
34.7602,0.645,2.7759
34.7604,0.6429,2.7685
34.7606,0.6707,2.8869
34.7608,0.7055,3.038
34.7610,0.6776,2.915
34.7612,0.7459,3.209
34.7614,0.741,3.1908
34.7616,0.7415,3.1884
34.7618,0.7419,3.19
34.7620,0.7367,3.1663
34.7622,0.7572,3.2575
34.7624,0.6933,2.9825
34.7626,0.7264,3.1235
34.7628,0.7514,3.2327
34.7630,0.6968,2.9975
34.7632,0.7442,3.2003
34.7634,0.7719,3.3178
34.7636,0.7561,3.2513
34.7638,0.7264,3.1249
34.7640,0.6905,2.9679
34.7642,0.7341,3.1594
34.7644,0.6778,2.9201
34.7646,0.6496,2.7961
34.7648,0.7187,3.0919
34.7650,0.7066,3.0384
34.7652,0.6946,2.9896
34.7654,0.6844,2.9471
34.7656,0.705,3.0303
34.7658,0.713,3.0671
34.7660,0.6493,2.7945
34.7662,0.6145,2.6486
34.7664,0.6192,2.6675
34.7666,0.6362,2.7395
34.7668,0.6409,2.7597
34.7670,0.6564,2.8237
34.7672,0.7343,3.1604
34.7674,0.6367,2.7403
34.7676,0.6222,2.6791
34.7678,0.6646,2.8619
34.7680,0.6892,2.9691
34.7682,0.66,2.8444
34.7684,0.6091,2.6204
34.7686,0.7028,3.0177
34.7688,0.7783,3.342
34.7690,0.8197,3.5246
34.7692,0.7682,3.3034
34.7694,0.7831,3.3705
34.7696,0.6925,2.9845
34.7698,0.6029,2.6008
34.7700,0.5162,2.2258
34.7702,0.5718,2.4634
34.7704,0.5694,2.4565
34.7706,0.4989,2.1534
34.7708,0.5409,2.3323
34.7710,0.5263,2.2703
34.7712,0.5068,2.1845
34.7714,0.5594,2.4097
34.7716,0.6122,2.6375
34.7718,0.6486,2.794
34.7720,0.6133,2.6422
34.7722,0.5749,2.4803
34.7724,0.5034,2.1725
34.7726,0.4871,2.1021
34.7728,0.4819,2.0799
34.7730,0.4897,2.1125
34.7732,0.5368,2.3137
34.7734,0.5757,2.48
34.7736,0.5731,2.4668
34.7738,0.5805,2.4983
34.7740,0.6584,2.8337
34.7742,0.6946,2.9896
34.7744,0.7187,3.0919
34.7746,0.7335,3.1524
34.7748,0.7336,3.1544
34.7750,0.7378,3.1724
34.7752,0.7693,3.3065
34.7754,0.7737,3.3225
34.7756,0.8162,3.5015
34.7758,0.8532,3.6587
34.7760,0.8838,3.7951
34.7762,0.8427,3.6219
34.7764,0.7934,3.4037
34.7766,0.8907,3.8191
34.7768,0.9281,3.9795
34.7770,0.9908,4.2425
34.7772,0.9974,4.2747
34.7774,0.962,4.1212
34.7776,1.003,4.2969
34.7778,1.0059,4.3193
34.7780,0.9092,3.9043
34.7782,0.8877,3.8134
34.7784,0.8651,3.7148
34.7786,0.8763,3.7609
34.7788,0.8927,3.8314
34.7790,0.8974,3.8515
34.7792,0.9008,3.87
34.7794,0.8107,3.4859
34.7796,0.8386,3.601
34.7798,0.8668,3.722
34.7800,0.8644,3.7065
34.7802,0.9133,3.9163
34.7804,0.9068,3.8885
34.7806,0.9693,4.1545
34.7808,0.9711,4.1719
34.7810,0.8724,3.7462
34.7812,0.8856,3.8064
34.7814,0.8943,3.8328
34.7816,0.9705,4.1596
34.7818,0.945,4.0558
34.7820,0.8975,3.8502
34.7822,0.9176,3.944
34.7824,0.8553,3.6777
34.7826,0.8463,3.6374
34.7828,0.803,3.4497
34.7830,0.7863,3.386
34.7832,0.6502,2.8
34.7834,0.6775,2.9131
34.7836,0.7934,3.4117
34.7838,0.7863,3.3828
34.7840,0.7302,3.1414
34.7842,0.6752,2.9141
34.7844,0.539,2.3273
34.7846,0.499,2.1549
34.7848,0.5042,2.1741
34.7850,0.5547,2.3907
34.7852,0.5977,2.5786
34.7854,0.5879,2.5338
34.7856,0.6417,2.7633
34.7858,0.6384,2.7514
34.7860,0.5546,2.3935
34.7862,0.4994,2.1564
34.7864,0.4934,2.1296
34.7866,0.5724,2.4626
34.7868,0.6371,2.7457
34.7870,0.5189,2.2398
34.7872,0.4887,2.1103
34.7874,0.4821,2.0819
34.7876,0.4954,2.1374
34.7878,0.5193,2.2393
34.7880,0.5662,2.4437
34.7882,0.511,2.2046
34.7884,0.5209,2.2429
34.7886,0.5604,2.4166
34.7888,0.5122,2.2118
34.7890,0.4825,2.0834
34.7892,0.4501,1.9445
34.7894,0.4454,1.9243
34.7896,0.4412,1.9053
34.7898,0.4451,1.921
34.7900,0.4432,1.9118
34.7902,0.4427,1.9124
34.7904,0.4337,1.8727
34.7906,0.445,1.9196
34.7908,0.4534,1.9585
34.7910,0.4627,1.998
34.7912,0.4668,2.0137
34.7914,0.4867,2.0996
34.7916,0.5393,2.3256
34.7918,0.6062,2.6093
34.7920,0.5796,2.497
34.7922,0.5644,2.4325
34.7924,0.5483,2.3633
34.7926,0.5577,2.4036
34.7928,0.5781,2.4926
34.7930,0.5559,2.397
34.7932,0.5573,2.3998
34.7934,0.6128,2.6389
34.7936,0.6367,2.7403
34.7938,0.67,2.8811
34.7940,0.6602,2.8428
34.7942,0.6689,2.8792
34.7944,0.7174,3.0891
34.7946,0.6168,2.6522
34.7948,0.7173,3.0814
34.7950,0.7505,3.2271
34.7952,0.7197,3.0946
34.7954,0.7044,3.0291
34.7956,0.708,3.0474
34.7958,0.6506,2.8054
34.7960,0.5633,2.4301
34.7962,0.5252,2.2646
34.7964,0.5234,2.2579
34.7966,0.5197,2.2408
34.7968,0.5275,2.2744
34.7970,0.5284,2.2775
34.7972,0.5229,2.2537
34.7974,0.5247,2.2636
34.7976,0.5199,2.2429
34.7978,0.5291,2.2827
34.7980,0.5535,2.3844
34.7982,0.6103,2.6256
34.7984,0.7149,3.0768
34.7986,0.6938,2.9818
34.7988,0.691,2.9686
34.7990,0.6898,2.969
34.7992,0.6691,2.8823
34.7994,0.5983,2.5788
34.7996,0.5711,2.4603
34.7998,0.5772,2.4867
34.8000,0.6102,2.6263
34.8002,0.6445,2.77
34.8004,0.6602,2.8402
34.8006,0.6173,2.6543
34.8008,0.611,2.6299
34.8010,0.6318,2.7192
34.8012,0.6777,2.9182
34.8014,0.691,2.9714
34.8016,0.6868,2.9561
34.8018,0.6265,2.6952
34.8020,0.6767,2.91
34.8022,0.7034,3.0273
34.8024,0.6707,2.8842
34.8026,0.7116,3.0615
34.8028,0.689,2.9681
34.8030,0.6384,2.745
34.8032,0.7068,3.038
34.8034,0.76,3.2648
34.8036,0.7727,3.3178
34.8038,0.7875,3.3801
34.8040,0.815,3.5045
34.8042,0.7657,3.291
34.8044,0.8166,3.4981
34.8046,0.9361,4.0102
34.8048,0.9598,4.1158
34.8050,0.8446,3.6301
34.8052,0.7753,3.3261
34.8054,0.835,3.5856
34.8056,0.8547,3.67
34.8058,0.8048,3.4639
34.8060,0.7031,3.0234
34.8062,0.6968,2.9975
34.8064,0.6897,2.9684
34.8066,0.6847,2.944
34.8068,0.7095,3.0522
34.8070,0.7174,3.0848
34.8072,0.7505,3.2241
34.8074,0.7818,3.357
34.8076,0.7814,3.3554
34.8078,0.7855,3.3729
34.8080,0.8446,3.6251
34.8082,0.8462,3.6351
34.8084,0.8308,3.5659
34.8086,0.859,3.6903
34.8088,0.8354,3.5871
34.8090,0.8565,3.6812
34.8092,0.8124,3.4883
34.8094,0.8844,3.7871
34.8096,1.001,4.2881
34.8098,1.0088,4.3235
34.8100,0.9964,4.2686
34.8102,0.9998,4.285
34.8104,1.0115,4.3374
34.8106,1.0215,4.378
34.8108,1.0066,4.3183
34.8110,0.9881,4.2371
34.8112,0.9498,4.0764
34.8114,0.9434,4.0435
34.8116,1.0053,4.3066
34.8118,1.0076,4.3224
34.8120,0.992,4.2536
34.8122,1.024,4.3868
34.8124,0.9944,4.2659
34.8126,0.9982,4.2783
34.8128,1.0161,4.3549
34.8130,1.0042,4.304
34.8132,0.9825,4.213
34.8134,0.9849,4.2252
34.8136,1.0373,4.4459
34.8138,1.0781,4.6206
34.8140,1.0771,4.6122
34.8142,1.0947,4.6855
34.8144,1.0963,4.6899
34.8146,1.0959,4.6928
34.8148,1.1246,4.811
34.8150,1.1771,5.0404
34.8152,1.065,4.571
34.8154,0.9916,4.2501
34.8156,1.0666,4.567
34.8158,1.0523,4.5185
34.8160,0.9269,3.9855
34.8162,0.8228,3.5363
34.8164,0.8662,3.7194
34.8166,0.9487,4.0661
34.8168,1.0536,4.5158
34.8170,1.0288,4.4114
34.8172,1.0115,4.3333
34.8174,1.0345,4.432
34.8176,1.0698,4.5915
34.8178,0.9916,4.26
34.8180,0.9118,3.9187
34.8182,0.9028,3.8783
34.8184,0.9228,3.9625
34.8186,0.9283,3.9954
34.8188,0.7847,3.3819
34.8190,0.7036,3.0339
34.8192,0.7361,3.1564
34.8194,0.9856,4.2263
34.8196,1.047,4.498
34.8198,0.9953,4.264
34.8200,1.0182,4.3662
34.8202,0.9542,4.0973
34.8204,0.9867,4.231
34.8206,1.0455,4.485
34.8208,1.0179,4.3707
34.8210,0.9765,4.199
34.8212,0.9308,3.9988
34.8214,0.9814,4.2064
34.8216,1.0824,4.6413
34.8218,1.0869,4.6543
34.8220,1.0797,4.6256
34.8222,1.0938,4.6901
34.8224,1.0389,4.4629
34.8226,0.9574,4.1113
34.8228,0.992,4.2556
34.8230,1.0616,4.5523
34.8232,1.0838,4.6453
34.8234,1.0866,4.6571
34.8236,1.0983,4.7074
34.8238,1.0801,4.6358
34.8240,1.0928,4.6882
34.8242,1.0901,4.672
34.8244,1.1048,4.7396
34.8246,1.0778,4.6217
34.8248,1.0992,4.7154
34.8250,1.1116,4.7667
34.8252,1.11,4.7639
34.8254,1.0984,4.7123
34.8256,1.0877,4.6661
34.8258,1.0654,4.5725
34.8260,1.0717,4.5955
34.8262,1.0873,4.6623
34.8264,1.0904,4.6801
34.8266,1.0938,4.6901
34.8268,1.1359,4.8706
34.8270,1.1185,4.7938
34.8272,1.1429,4.8963
34.8274,1.1741,5.0322
34.8276,1.1654,4.9924
34.8278,1.1459,4.9229
34.8280,1.0783,4.6302
34.8282,1.0968,4.7117
34.8284,1.0535,4.5216
34.8286,1.0401,4.4702
34.8288,0.9673,4.1573
34.8290,0.9877,4.237
34.8292,1.0484,4.5062
34.8294,0.9933,4.2612
34.8296,1.1279,4.8569
34.8298,0.918,3.9547
34.8300,0.9255,3.9743
34.8302,1.0295,4.4207
34.8304,0.9971,4.2837
34.8306,1.076,4.6119
34.8308,1.1844,5.0741
34.8310,1.23,5.2717
34.8312,1.2367,5.2955
34.8314,1.2887,5.5158
34.8316,1.2878,5.5091
34.8318,1.2742,5.4512
34.8320,1.3339,5.6986
34.8322,1.4085,6.0228
34.8324,1.3638,5.8371
34.8326,1.3362,5.7164
34.8328,1.3498,5.7716
34.8330,1.3552,5.7947
34.8332,1.4433,6.1629
34.8334,1.5119,6.4588
34.8336,1.4977,6.4043
34.8338,1.4453,6.1831
34.8340,1.4565,6.2192
34.8342,1.4705,6.282
34.8344,1.4633,6.2601
34.8346,1.4202,6.0697
34.8348,1.4692,6.2793
34.8350,1.4114,6.0352
34.8352,1.4353,6.1372
34.8354,1.4326,6.123
34.8356,1.465,6.2673
34.8358,1.4114,6.0352
34.8360,1.4666,6.2739
34.8362,1.4363,6.1447
34.8364,1.4458,6.1852
34.8366,1.3309,5.7098
34.8368,1.2708,5.4515
34.8370,1.2838,5.5025
34.8372,1.317,5.6343
34.8374,1.4086,6.0346
34.8376,1.3326,5.7116
34.8378,1.3366,5.7232
34.8380,1.3987,5.9864
34.8382,1.4174,6.075
34.8384,1.3732,5.8963
34.8386,1.3096,5.6051
34.8388,1.4091,6.0282
34.8390,1.4481,6.1949
34.8392,1.4248,6.1182
34.8394,1.3174,5.6464
34.8396,1.3001,5.575
34.8398,1.2867,5.5277
34.8400,1.1797,5.0705
34.8402,1.1513,4.9484
34.8404,1.109,4.7665
34.8406,1.132,4.8586
34.8408,1.1935,5.1203
34.8410,1.2381,5.3116
34.8412,1.3112,5.6196
34.8414,1.389,5.9476
34.8416,1.4028,6.0038
34.8418,1.4004,6.002
34.8420,1.3915,5.9584
34.8422,1.4486,6.2028
34.8424,1.4736,6.3101
34.8426,1.4115,6.0498
34.8428,1.3932,5.9712
34.8430,1.3722,5.8785
34.8432,1.4371,6.1506
34.8434,1.4756,6.3183
34.8436,1.357,5.8295
34.8438,1.2654,5.436
34.8440,1.2715,5.4419
34.8442,1.5019,6.4162
34.8444,1.6642,7.1259
34.8446,1.4402,6.1726
34.8448,1.3546,5.8165
34.8450,1.2959,5.544
34.8452,1.5506,6.6304
34.8454,1.612,6.88
34.8456,1.6872,7.2009
34.8458,1.7372,7.4178
34.8460,1.7485,7.4554
34.8462,1.747,7.4598
34.8464,1.6055,6.8588
34.8466,1.6375,6.9923
34.8468,1.6801,7.1774
34.8470,1.6068,6.8741
34.8472,1.577,6.7369
34.8474,1.6299,6.9628
34.8476,1.6326,6.9778
34.8478,1.6054,6.8808
34.8480,1.4997,6.4395
34.8482,1.3348,5.7316
34.8484,1.3336,5.7317
34.8486,1.2838,5.5204
34.8488,1.2921,5.5483
34.8490,1.3672,5.8651
34.8492,1.404,6.0202
34.8494,1.4084,6.0477
34.8496,1.3097,5.6318
34.8498,1.2297,5.2904
34.8500,1.2508,5.3736
34.8502,1.3019,5.5853
34.8504,1.3308,5.7199
34.8506,1.2949,5.5731
34.8508,1.1511,4.9635
34.8510,1.0516,4.5322
34.8512,1.1494,4.9425
34.8514,1.2596,5.4213
34.8516,1.2336,5.297
34.8518,1.2401,5.3446
34.8520,1.0938,4.7076
34.8522,1.232,5.2903
34.8524,1.2806,5.5116
34.8526,1.2293,5.2957
34.8528,1.1832,5.095
34.8530,1.1005,4.7409
34.8532,1.0765,4.6419
34.8534,1.0625,4.575
34.8536,1.0658,4.598
34.8538,1.0517,4.5286
34.8540,1.1909,5.128
34.8542,1.1717,5.0407
34.8544,1.2079,5.1844
34.8546,1.3558,5.8108
34.8548,1.4925,6.3877
34.8550,1.463,6.2761
34.8552,1.4116,6.0559
34.8554,1.377,5.91
34.8556,1.3973,5.9914
34.8558,1.4565,6.2512
34.8560,1.4222,6.0984
34.8562,1.4291,6.1339
34.8564,1.444,6.1948
34.8566,1.4401,6.1721
34.8568,1.4842,6.3701
34.8570,1.3766,5.9333
34.8572,1.1431,4.922
34.8574,1.1514,4.9627
34.8576,1.1285,4.8595
34.8578,1.1742,5.0492
34.8580,1.268,5.4498
34.8582,1.2879,5.5431
34.8584,1.2101,5.2009
34.8586,1.2632,5.4343
34.8588,1.242,5.343
34.8590,1.2595,5.4133
34.8592,1.2871,5.5369
34.8594,1.2109,5.2166
34.8596,1.186,5.1092
34.8598,1.1904,5.1212
34.8600,1.2614,5.4265
34.8602,1.2312,5.2941
34.8604,1.2419,5.3425
34.8606,1.2096,5.2037
34.8608,1.2492,5.3714
34.8610,1.2532,5.394
34.8612,1.3005,5.5895
34.8614,1.3927,5.9775
34.8616,1.3784,5.93
34.8618,1.242,5.3479
34.8620,1.2067,5.1961
34.8622,1.1958,5.1444
34.8624,1.235,5.318
34.8626,1.2022,5.1789
34.8628,1.1425,4.9285
34.8630,1.0216,4.4051
34.8632,1.0237,4.4144
34.8634,1.0283,4.4361
34.8636,0.9994,4.3134
34.8638,0.9546,4.1275
34.8640,0.9047,3.9028
34.8642,0.9321,4.0268
34.8644,0.9119,3.9375
34.8646,1.0833,4.6627
34.8648,1.0601,4.5605
34.8650,1.0778,4.6519
34.8652,0.9849,4.2528
34.8654,0.9101,3.9352
34.8656,0.904,3.8961
34.8658,0.9897,4.2775
34.8660,0.9548,4.1209
34.8662,1.006,4.3439
34.8664,0.9499,4.0978
34.8666,0.9482,4.0944
34.8668,0.958,4.133
34.8670,0.9932,4.2925
34.8672,0.9031,3.9051
34.8674,0.846,3.6634
34.8676,0.7607,3.2937
34.8678,0.7493,3.2429
34.8680,0.7718,3.342
34.8682,0.7538,3.2611
34.8684,0.7681,3.3228
34.8686,0.7672,3.3202
34.8688,0.761,3.2953
34.8690,0.7935,3.4265
34.8692,0.9139,3.9463
34.8694,0.889,3.8404
34.8696,0.9126,3.9351
34.8698,0.9553,4.1154
34.8700,0.9746,4.2083
34.8702,0.8871,3.8303
34.8704,0.8833,3.8143
34.8706,0.8837,3.8176
34.8708,0.9017,3.8935
34.8710,0.8827,3.8099
34.8712,0.868,3.748
34.8714,0.8916,3.8464
34.8716,0.8974,3.8712
34.8718,0.9811,4.2323
34.8720,0.9704,4.1863
34.8722,0.905,3.908
34.8724,0.9296,4.0141
34.8726,0.897,3.8697
34.8728,0.9237,3.9777
34.8730,1.0284,4.4263
34.8732,1.0652,4.5869
34.8734,1.1014,4.7494
34.8736,1.0012,4.3172
34.8738,0.9764,4.2102
34.8740,1.0106,4.3454
34.8742,1.0552,4.5435
34.8744,1.0577,4.548
34.8746,1.1613,4.9912
34.8748,1.1907,5.1151
34.8750,1.1655,5.0115
34.8752,1.2061,5.1743
34.8754,1.3884,5.945
34.8756,1.4142,6.0498
34.8758,1.4217,6.1048
34.8760,1.2934,5.5591
34.8762,1.2982,5.5771
34.8764,1.2742,5.469
34.8766,1.2926,5.5555
34.8768,1.2601,5.4057
34.8770,1.3716,5.8869
34.8772,1.3507,5.7946
34.8774,1.3318,5.7187
34.8776,1.3238,5.6842
34.8778,1.3616,5.8469
34.8780,1.3624,5.8282
34.8782,1.4571,6.2509
34.8784,1.361,5.8198
34.8786,1.5637,6.6894
34.8788,1.4976,6.4098
34.8790,1.5008,6.4356
34.8792,1.4615,6.2641
34.8794,1.465,6.2819
34.8796,1.3779,5.9114
34.8798,1.3467,5.7798
34.8800,1.3919,5.9766
34.8802,1.3458,5.7816
34.8804,1.3,5.5926
34.8806,1.2881,5.5313
34.8808,1.3508,5.8005
34.8810,1.4052,6.0169
34.8812,1.5182,6.5163
34.8814,1.3988,6.0177
34.8816,1.2026,5.1738
34.8818,1.2053,5.1875
34.8820,1.1788,5.0735
34.8822,1.2028,5.1791
34.8824,1.1184,4.8223
34.8826,1.0656,4.5906
34.8828,1.058,4.5623
34.8830,1.0553,4.5462
34.8832,1.0618,4.5783
34.8834,1.0318,4.449
34.8836,1.0937,4.7049
34.8838,1.1564,4.977
34.8840,1.1989,5.1506
34.8842,1.2506,5.3826
34.8844,1.1935,5.1298
34.8846,1.2288,5.2789
34.8848,1.2193,5.2577
34.8850,1.0537,4.5479
34.8852,0.992,4.2833
34.8854,0.9393,4.0504
34.8856,1.0826,4.6639
34.8858,1.0585,4.5643
34.8860,0.9992,4.3164
34.8862,0.9474,4.0869
34.8864,1.0272,4.4315
34.8866,1.0392,4.4832
34.8868,0.9595,4.1469
34.8870,0.8574,3.7059
34.8872,0.8556,3.6998
34.8874,0.9124,3.9414
34.8876,0.8007,3.4639
34.8878,0.7848,3.3902
34.8880,0.9242,3.9908
34.8882,0.8986,3.8818
34.8884,0.8348,3.6062
34.8886,0.852,3.6825
34.8888,0.817,3.5312
34.8890,0.8326,3.5953
34.8892,0.8327,3.6041
34.8894,0.8084,3.4971
34.8896,0.802,3.4664
34.8898,0.8284,3.5738
34.8900,0.9019,3.8945
34.8902,0.8872,3.8344
34.8904,0.8269,3.5704
34.8906,0.8242,3.5574
34.8908,0.8506,3.678
34.8910,0.8103,3.5038
34.8912,0.8937,3.8516
34.8914,0.9978,4.3067
34.8916,0.882,3.805
34.8918,0.9651,4.1539
34.8920,1.0385,4.4801
34.8922,0.9391,4.055
34.8924,0.9026,3.8976
34.8926,0.8941,3.8573
34.8928,0.8935,3.8529
34.8930,1.0134,4.3639
34.8932,1.0779,4.6438
34.8934,1.0369,4.4609
34.8936,1.0879,4.6823
34.8938,1.1554,4.9705
34.8940,1.1204,4.8244
34.8942,1.0778,4.639
34.8944,1.141,4.9086
34.8946,1.23,5.2766
34.8948,1.2872,5.5246
34.8950,1.2656,5.437
34.8952,1.1915,5.1306
34.8954,1.0205,4.4025
34.8956,0.9676,4.1744
34.8958,0.9607,4.1405
34.8960,0.9777,4.2139
34.8962,0.9685,4.1761
34.8964,0.9809,4.222
34.8966,1.0341,4.4527
34.8968,0.9974,4.3026
34.8970,0.9076,3.9207
34.8972,0.865,3.7333
34.8974,0.8788,3.7946
34.8976,0.8564,3.6978
34.8978,0.8779,3.7787
34.8980,1.0483,4.5099
34.8982,1.1234,4.8351
34.8984,1.0861,4.6702
34.8986,1.0823,4.6602
34.8988,0.9849,4.2449
34.8990,1.0407,4.4852
34.8992,0.9589,4.1347
34.8994,0.9507,4.0976
34.8996,0.9825,4.2248
34.8998,1.0353,4.464
34.9000,0.9898,4.2661
34.9002,0.9758,4.2076
34.9004,0.8955,3.8612
34.9006,0.9036,3.8981
34.9008,0.9549,4.1157
34.9010,0.866,3.7392
34.9012,0.8712,3.7533
34.9014,1.0031,4.3295
34.9016,0.8462,3.6521
34.9018,0.8763,3.7837
34.9020,0.8881,3.8332
34.9022,0.8357,3.602
34.9024,0.9319,4.0053
34.9026,1.1137,4.7888
34.9028,1.1524,4.9484
34.9030,1.1414,4.9216
34.9032,1.0065,4.3339
34.9034,1.0267,4.4273
34.9036,0.989,4.2566
34.9038,1.0269,4.4196
34.9040,1.0163,4.3823
34.9042,0.9089,3.9245
34.9044,0.8735,3.7666
34.9046,0.8962,3.8661
34.9048,0.8895,3.8424
34.9050,0.8458,3.6556
34.9052,0.7415,3.2018
34.9054,0.7421,3.2088
34.9056,0.7272,3.1445
34.9058,0.7132,3.081
34.9060,0.7152,3.0912
34.9062,0.7353,3.1778
34.9064,0.754,3.2586
34.9066,0.7285,3.1473
34.9068,0.7861,3.3928
34.9070,0.829,3.5814
34.9072,0.8125,3.505
34.9074,0.8235,3.546
34.9076,0.8788,3.7928
34.9078,0.8968,3.8633
34.9080,1.0049,4.3272
34.9082,0.9944,4.2798
34.9084,1.0493,4.5182
34.9086,1.0209,4.3836
34.9088,1.1417,4.8912
34.9090,1.2471,5.3577
34.9092,1.1833,5.0813
34.9094,1.2204,5.2404
34.9096,1.238,5.3086
34.9098,1.2857,5.5184
34.9100,1.2489,5.3629
34.9102,1.1815,5.0688
34.9104,1.2726,5.4592
34.9106,1.2456,5.3485
34.9108,1.1595,4.9811
34.9110,1.1163,4.8002
34.9112,1.1682,5.0187
34.9114,1.1957,5.1367
34.9116,1.1634,5.0074
34.9118,1.0932,4.6941
34.9120,1.1216,4.8296
34.9122,1.0301,4.4397
34.9124,1.001,4.3102
34.9126,1.0267,4.413
34.9128,1.1107,4.7715
34.9130,1.1445,4.9282
34.9132,1.0188,4.3851
34.9134,1.0024,4.3123
34.9136,1.0613,4.5614
34.9138,1.1261,4.8447
34.9140,1.1152,4.7955
34.9142,1.0961,4.713
34.9144,1.0303,4.4387
34.9146,0.9662,4.1662
34.9148,0.9106,3.9263
34.9150,0.9267,3.9961
34.9152,0.9404,4.0551
34.9154,0.95,4.1002
34.9156,0.8699,3.7563
34.9158,0.8098,3.5017
34.9160,0.7433,3.2125
34.9162,0.7495,3.238
34.9164,0.7393,3.1939
34.9166,0.8065,3.4792
34.9168,0.7969,3.4489
34.9170,0.6716,2.9013
34.9172,0.8321,3.5932
34.9174,0.8387,3.6149
34.9176,0.8938,3.8575
34.9178,0.8542,3.6867
34.9180,0.8332,3.5962
34.9182,0.7838,3.3845
34.9184,0.7428,3.2104
34.9186,0.7484,3.2363
34.9188,0.7006,3.0322
34.9190,0.6811,2.9408
34.9192,0.7255,3.1358
34.9194,0.6976,3.0192
34.9196,0.6097,2.6389
34.9198,0.6052,2.6203
34.9200,0.5958,2.5787
34.9202,0.6347,2.7455
34.9204,0.6976,3.0192
34.9206,0.6781,2.9279
34.9208,0.6717,2.9085
34.9210,0.5778,2.4962
34.9212,0.692,2.9879
34.9214,0.7279,3.1447
34.9216,0.7413,3.2022
34.9218,0.777,3.3566
34.9220,0.7566,3.2715
34.9222,0.5984,2.5925
34.9224,0.5271,2.2834
34.9226,0.5253,2.2746
34.9228,0.5314,2.3
34.9230,0.5561,2.4069
34.9232,0.5436,2.354
34.9234,0.56,2.4235
34.9236,0.5471,2.368
34.9238,0.5314,2.2989
34.9240,0.5436,2.354
34.9242,0.5458,2.3623
34.9244,0.5498,2.3772
34.9246,0.611,2.6397
34.9248,0.5716,2.4727
34.9250,0.6399,2.7671
34.9252,0.6537,2.8254
34.9254,0.6535,2.8217
34.9256,0.6499,2.8088
34.9258,0.6578,2.843
34.9260,0.6363,2.7451
34.9262,0.6747,2.908
34.9264,0.8026,3.4578
34.9266,0.8374,3.6076
34.9268,0.8176,3.5256
34.9270,0.7676,3.3162
34.9272,0.6496,2.8052
34.9274,0.6487,2.8023
34.9276,0.6339,2.7386
34.9278,0.6353,2.7418
34.9280,0.6472,2.7961
34.9282,0.6383,2.7585
34.9284,0.6657,2.8759
34.9286,0.6329,2.7314
34.9288,0.6438,2.7811
34.9290,0.6413,2.7715
34.9292,0.635,2.7407
34.9294,0.6498,2.8044
34.9296,0.6272,2.7096
34.9298,0.6511,2.8127
34.9300,0.6368,2.7498
34.9302,0.652,2.8129
34.9304,0.7085,3.0594
34.9306,0.5957,2.5746
34.9308,0.5616,2.4274
34.9310,0.5372,2.3238
34.9312,0.5494,2.3734
34.9314,0.6213,2.6817
34.9316,0.6815,2.9388
34.9318,0.6992,3.0204
34.9320,0.6362,2.7434
34.9322,0.7474,3.2241
34.9324,0.6703,2.8915
34.9326,0.6887,2.9684
34.9328,0.7499,3.2305
34.9330,0.7249,3.1274
34.9332,0.7024,3.0316
34.9334,0.655,2.8311
34.9336,0.609,2.6272
34.9338,0.66,2.8471
34.9340,0.661,2.8491
34.9342,0.7332,3.1602
34.9344,0.7499,3.238
34.9346,0.5661,2.4488
34.9348,0.4895,2.1193
34.9350,0.4452,1.9286
34.9352,0.4602,1.9908
34.9354,0.4668,2.0165
34.9356,0.5739,2.4768
34.9358,0.5945,2.5682
34.9360,0.573,2.4732
34.9362,0.5962,2.5695
34.9364,0.6889,2.9703
34.9366,0.6942,2.9922
34.9368,0.7951,3.4237
34.9370,0.7953,3.4215
34.9372,0.7974,3.4335
34.9374,0.8193,3.5247
34.9376,0.794,3.4222
34.9378,0.682,2.9422
34.9380,0.6489,2.8034
34.9382,0.5773,2.4941
34.9384,0.5669,2.4434
34.9386,0.6417,2.7697
34.9388,0.6712,2.893
34.9390,0.6926,2.9836
34.9392,0.6881,2.9617
34.9394,0.7253,3.1275
34.9396,0.715,3.0816
34.9398,0.6829,2.9431
34.9400,0.6773,2.918
34.9402,0.7127,3.0718
34.9404,0.7175,3.0882
34.9406,0.8288,3.5638
34.9408,0.8136,3.4983
34.9410,0.8026,3.453
34.9412,0.768,3.3054
34.9414,0.8476,3.6447
34.9416,0.9309,3.9975
34.9418,0.9107,3.9123
34.9420,0.8842,3.8037
34.9422,0.9308,3.9914
34.9424,1.0348,4.4413
34.9426,1.0314,4.4269
34.9428,1.0672,4.5781
34.9430,1.0667,4.5782
34.9432,1.0674,4.577
34.9434,1.1025,4.7298
34.9436,1.0487,4.501
34.9438,1.0257,4.394
34.9440,1.1175,4.7986
34.9442,0.9733,4.1831
34.9444,0.9167,3.9417
34.9446,0.9351,4.0136
34.9448,0.9387,4.0366
34.9450,0.9178,3.9463
34.9452,0.8878,3.8157
34.9454,0.9028,3.8783
34.9456,0.9127,3.921
34.9458,0.9456,4.066
34.9460,0.9276,3.9905
34.9462,0.8994,3.8657
34.9464,0.9161,3.9373
34.9466,0.8668,3.7341
34.9468,0.821,3.5303
34.9470,0.9174,3.9338
34.9472,1.0186,4.3718
34.9474,0.9511,4.0897
34.9476,0.9082,3.9069
34.9478,0.8935,3.844
34.9480,0.8986,3.8638
34.9482,0.8435,3.6289
34.9484,0.8566,3.6834
34.9486,0.905,3.8935
34.9488,0.8625,3.7138
34.9490,0.7927,3.4149
34.9492,0.7547,3.2557
34.9494,0.7092,3.0596
34.9496,0.6646,2.8672
34.9498,0.6434,2.7757
34.9500,0.651,2.8083
34.9502,0.6536,2.8196
34.9504,0.6297,2.7154
34.9506,0.6793,2.929
34.9508,0.6607,2.8515
34.9510,0.6602,2.8454
34.9512,0.7248,3.1211
34.9514,0.7384,3.1839
34.9516,0.6857,2.9569
34.9518,0.6861,2.9571
34.9520,0.6662,2.8713
34.9522,0.66,2.8497
34.9524,0.6058,2.6145
34.9526,0.654,2.8212
34.9528,0.6139,2.6484
34.9530,0.6306,2.7228
34.9532,0.5933,2.5618
34.9534,0.6026,2.5998
34.9536,0.5904,2.5482
34.9538,0.6067,2.6198
34.9540,0.5916,2.5546
34.9542,0.6038,2.6026
34.9544,0.6668,2.8725
34.9546,0.7558,3.2558
34.9548,0.7451,3.2158
34.9550,0.6054,2.6093
34.9552,0.6211,2.6807
34.9554,0.5413,2.3393
34.9556,0.5227,2.2579
34.9558,0.518,2.2367
34.9560,0.5219,2.2569
34.9562,0.5259,2.2719
34.9564,0.5289,2.2848
34.9566,0.5251,2.2662
34.9568,0.5536,2.3904
34.9570,0.5186,2.2403
34.9572,0.5276,2.2791
34.9574,0.5476,2.3668
34.9576,0.5302,2.2895
34.9578,0.5604,2.4155
34.9580,0.6522,2.8082
34.9582,0.7308,3.1484
34.9584,0.7205,3.1011
34.9586,0.6927,2.9827
34.9588,0.7096,3.0569
34.9590,0.7285,3.1386
34.9592,0.7448,3.2073
34.9594,0.7433,3.1976
34.9596,0.7572,3.262
34.9598,0.7684,3.3054
34.9600,0.7432,3.2001
34.9602,0.7307,3.142
34.9604,0.7879,3.3895
34.9606,0.7978,3.4339
34.9608,0.7801,3.356
34.9610,0.7986,3.4338
34.9612,0.8128,3.4968
34.9614,0.749,3.2269
34.9616,0.7132,3.071
34.9618,0.7507,3.2266
34.9620,0.8079,3.4789
34.9622,0.7453,3.2109
34.9624,0.7103,3.06
34.9626,0.7204,3.1006
34.9628,0.7474,3.2182
34.9630,0.6662,2.8726
34.9632,0.6299,2.716
34.9634,0.635,2.7382
34.9636,0.6548,2.8209
34.9638,0.6192,2.6737
34.9640,0.561,2.4225
34.9642,0.5579,2.4091
34.9644,0.5736,2.4723
34.9646,0.6469,2.7868
34.9648,0.6565,2.8281
34.9650,0.6683,2.8766
34.9652,0.6981,3.0074
34.9654,0.6729,2.9029
34.9656,0.6289,2.7118
34.9658,0.5909,2.5515
34.9660,0.5285,2.2801
34.9662,0.582,2.5085
34.9664,0.662,2.8545
34.9666,0.6022,2.5965
34.9668,0.5958,2.5703
34.9670,0.6025,2.6005
34.9672,0.588,2.5355
34.9674,0.6331,2.7261
34.9676,0.6817,2.9393
34.9678,0.6271,2.7041
34.9680,0.6678,2.8753
34.9682,0.6926,2.9808
34.9684,0.6152,2.6553
34.9686,0.5332,2.2992
34.9688,0.5903,2.5501
34.9690,0.5072,2.1911
34.9692,0.4922,2.1263
34.9694,0.4875,2.1052
34.9696,0.4844,2.0898
34.9698,0.4866,2.101
34.9700,0.4863,2.1
34.9702,0.4897,2.1155
34.9704,0.5269,2.2729
34.9706,0.5264,2.274
34.9708,0.4877,2.1067
34.9710,0.4964,2.1425
34.9712,0.5477,2.3585
34.9714,0.6541,2.8191
34.9716,0.5879,2.5385
34.9718,0.4944,2.1337
34.9720,0.4877,2.1067
34.9722,0.4924,2.1274
34.9724,0.489,2.1094
34.9726,0.5264,2.2698
34.9728,0.5755,2.4829
34.9730,0.5718,2.4646
34.9732,0.5843,2.5171
34.9734,0.5751,2.4808
34.9736,0.5566,2.3989
34.9738,0.5921,2.5495
34.9740,0.6414,2.763
34.9742,0.6321,2.722
34.9744,0.707,3.0371
34.9746,0.7975,3.4276
34.9748,0.7873,3.3838
34.9750,0.8207,3.5292
34.9752,0.7552,3.2442
34.9754,0.7782,3.3446
34.9756,0.7883,3.3863
34.9758,0.8435,3.6154
34.9760,0.9937,4.2568
34.9762,0.9969,4.2747
34.9764,0.9851,4.2223
34.9766,0.9755,4.1792
34.9768,0.966,4.1343
34.9770,1.0013,4.2917
34.9772,0.9731,4.1787
34.9774,0.9396,4.0308
34.9776,0.9873,4.2276
34.9778,0.9911,4.248
34.9780,0.9687,4.1577
34.9782,0.9327,3.9977
34.9784,1.0546,4.5199
34.9786,1.091,4.6717
34.9788,1.0887,4.6598
34.9790,1.1136,4.7705
34.9792,1.1076,4.747
34.9794,1.0208,4.379
34.9796,0.9314,3.9958
34.9798,0.9489,4.0766
34.9800,0.9097,3.9082
34.9802,0.849,3.656
34.9804,0.7227,3.1104
34.9806,0.788,3.3885
34.9808,0.8731,3.7545
34.9810,0.7848,3.3745
34.9812,0.7755,3.3364
34.9814,0.7808,3.356
34.9816,0.7978,3.4323
34.9818,0.7801,3.3529
34.9820,0.8164,3.5139
34.9822,0.7867,3.3859
34.9824,0.7988,3.4381
34.9826,0.6945,2.9932
34.9828,0.6669,2.8731
34.9830,0.6715,2.89
34.9832,0.7494,3.2254
34.9834,0.7926,3.4096
34.9836,0.7913,3.4055
34.9838,0.732,3.1521
34.9840,0.7472,3.2162
34.9842,0.7572,3.259
34.9844,0.7519,3.2348
34.9846,0.7554,3.2543
34.9848,0.7044,3.0375
34.9850,0.6492,2.7992
34.9852,0.6499,2.7997
34.9854,0.6595,2.8423
34.9856,0.6259,2.7014
34.9858,0.5637,2.4339
34.9860,0.5092,2.1989
34.9862,0.4965,2.145
34.9864,0.4849,2.0957
34.9866,0.4902,2.1166
34.9868,0.5001,2.1595
34.9870,0.4994,2.1554
34.9872,0.5133,2.2206
34.9874,0.4212,1.8205
34.9876,0.41,1.7718
34.9878,0.4775,2.0579
34.9880,0.5758,2.4862
34.9882,0.4887,2.1113
34.9884,0.4661,2.0134
34.9886,0.4489,1.9402
34.9888,0.4457,1.9271
34.9890,0.4457,1.9245
34.9892,0.45,1.944
34.9894,0.4459,1.9273
34.9896,0.4469,1.9296
34.9898,0.4465,1.9281
34.9900,0.4483,1.9377
34.9902,0.4513,1.9497
34.9904,0.4511,1.9478
34.9906,0.4469,1.9296
34.9908,0.4477,1.9342
34.9910,0.4481,1.9357
34.9912,0.4502,1.9432
34.9914,0.4856,2.093
34.9916,0.559,2.4059
34.9918,0.6273,2.6976
34.9920,0.7218,3.1096
34.9922,0.6433,2.7752
34.9924,0.5736,2.4723
34.9926,0.5711,2.4615
34.9928,0.5965,2.5686
34.9930,0.6531,2.8123
34.9932,0.6549,2.8201
34.9934,0.6,2.5884
34.9936,0.6164,2.6531
34.9938,0.7139,3.0698
34.9940,0.7306,3.1386
34.9942,0.8239,3.5393
34.9944,0.8124,3.4964
34.9946,0.6874,2.9586
34.9948,0.6584,2.8377
34.9950,0.5844,2.5212
34.9952,0.6124,2.6368
34.9954,0.6229,2.681
34.9956,0.6407,2.7574
34.9958,0.6434,2.7718
34.9960,0.6234,2.6818
34.9962,0.6476,2.7873
34.9964,0.6272,2.7021
34.9966,0.6297,2.7167
34.9968,0.5535,2.3888
34.9970,0.533,2.3003
34.9972,0.5383,2.3209
34.9974,0.5362,2.3111
34.9976,0.5624,2.4226
34.9978,0.5697,2.4541
34.9980,0.6178,2.6613
34.9982,0.6441,2.7685
34.9984,0.741,3.1893
34.9986,0.7043,3.0314
34.9988,0.7206,3.0987
34.9990,0.7767,3.3431
34.9992,0.6731,2.8972
34.9994,0.6198,2.6663
34.9996,0.6663,2.8678
34.9998,0.6574,2.8283
35.0000,0.6329,2.7276
35.0002,0.5971,2.5712
35.0004,0.6482,2.7886
35.0006,0.6524,2.8079
35.0008,0.6386,2.746
35.0010,0.6645,2.8641
35.0012,0.5132,2.2149
35.0014,0.4559,1.9667
35.0016,0.5373,2.3147
35.0018,0.6909,2.9667
35.0020,0.7434,3.1996
35.0022,0.6546,2.8198
35.0024,0.6218,2.6763
35.0026,0.6327,2.7233
35.0028,0.63,2.7152
35.0030,0.6372,2.7449
35.0032,0.6261,2.6974
35.0034,0.6194,2.666
35.0036,0.6695,2.8804
35.0038,0.6959,2.9925
35.0040,0.6713,2.8922
35.0042,0.5851,2.5196
35.0044,0.6884,2.9586
35.0046,0.7019,3.0169
35.0048,0.6229,2.6885
35.0050,0.5133,2.2155
35.0052,0.4919,2.1209
35.0054,0.4923,2.1239
35.0056,0.494,2.1312
35.0058,0.4928,2.126
35.0060,0.4808,2.0723
35.0062,0.479,2.0646
35.0064,0.4851,2.0929
35.0066,0.4972,2.1451
35.0068,0.5273,2.2728
35.0070,0.5824,2.5066
35.0072,0.618,2.6648
35.0074,0.5776,2.4882
35.0076,0.5946,2.558
35.0078,0.7001,3.0063
35.0080,0.77,3.308
35.0082,0.7944,3.419
35.0084,0.7203,3.0943
35.0086,0.764,3.2838
35.0088,0.7974,3.4239
35.0090,0.8856,3.7958
35.0092,0.9616,4.1197
35.0094,0.9765,4.1794
35.0096,0.9696,4.1574
35.0098,0.9788,4.197
35.0100,0.9421,4.0435
35.0102,0.9044,3.8801
35.0104,0.8944,3.8404
35.0106,0.8686,3.7297
35.0108,0.8818,3.7793
35.0110,0.933,3.9988
35.0112,0.9348,4.0065
35.0114,0.9512,4.075
35.0116,1.0134,4.3395
35.0118,1.0377,4.4412
35.0120,1.07,4.5862
35.0122,0.9897,4.2498
35.0124,0.9023,3.869
35.0126,0.9514,4.0779
35.0128,0.9644,4.1353
35.0130,0.9698,4.1623
35.0132,0.9337,4.0056
35.0134,0.9384,4.0313
35.0136,0.8821,3.7879
35.0138,0.8493,3.6468
35.0140,0.8004,3.4432
35.0142,0.7789,3.3462
35.0144,0.8884,3.8076
35.0146,0.9428,4.0484
35.0148,0.8875,3.8164
35.0150,0.8211,3.5275
35.0152,0.7877,3.3853
35.0154,0.7806,3.3549
35.0156,0.7925,3.4075
35.0158,0.7492,3.2244
35.0160,0.7445,3.2073
35.0162,0.6125,2.6422
35.0164,0.5759,2.4833
35.0166,0.6715,2.89
35.0168,0.6421,2.7636
35.0170,0.6693,2.8834
35.0172,0.6749,2.9077
35.0174,0.6783,2.914
35.0176,0.7595,3.2688
35.0178,0.7318,3.1525
35.0180,0.7118,3.0563
35.0182,0.8651,3.7165
35.0184,0.8416,3.6206
35.0186,0.7907,3.3998
35.0188,0.801,3.4393
35.0190,0.8182,3.52
35.0192,0.6913,2.9779
35.0194,0.692,2.981
35.0196,0.6896,2.9679
35.0198,0.7101,3.0533
35.0200,0.7654,3.291
35.0202,0.7613,3.2765
35.0204,0.739,3.1776
35.0206,0.7404,3.1838
35.0208,0.7549,3.2462
35.0210,0.7739,3.3261
35.0212,0.8173,3.5077
35.0214,0.823,3.5374
35.0216,0.8023,3.4514
35.0218,0.8047,3.4585
35.0220,0.788,3.39
35.0222,0.7326,3.1517
35.0224,0.6983,3.0028
35.0226,0.7012,3.0208
35.0228,0.6278,2.7059
35.0230,0.6324,2.7255
35.0232,0.6218,2.6788
35.0234,0.6306,2.7165
35.0236,0.6628,2.8555
35.0238,0.6758,2.9059
35.0240,0.7542,3.237
35.0242,0.8824,3.7907
35.0244,0.8797,3.7794
35.0246,0.7855,3.3839
35.0248,0.6574,2.8322
35.0250,0.648,2.7901
35.0252,0.6487,2.7958
35.0254,0.6457,2.7829
35.0256,0.6591,2.8355
35.0258,0.7324,3.1463
35.0260,0.7576,3.2636
35.0262,0.7143,3.0757
35.0264,0.6507,2.802
35.0266,0.6182,2.6646
35.0268,0.627,2.7023
35.0270,0.6218,2.6788
35.0272,0.6221,2.6811
35.0274,0.7149,3.0754
35.0276,0.755,3.2527
35.0278,0.6421,2.7661
35.0280,0.6291,2.7129
35.0282,0.6142,2.6445
35.0284,0.6116,2.6349
35.0286,0.6419,2.7651
35.0288,0.6471,2.7891
35.0290,0.6124,2.6392
35.0292,0.6104,2.6298
35.0294,0.6138,2.6454
35.0296,0.616,2.6535
35.0298,0.6435,2.7736
35.0300,0.6013,2.5917
35.0302,0.5502,2.3727
35.0304,0.5444,2.3484
35.0306,0.554,2.3876
35.0308,0.6329,2.7289
35.0310,0.5845,2.5205
35.0312,0.6149,2.6489
35.0314,0.6615,2.8458
35.0316,0.6776,2.9163
35.0318,0.6692,2.8802
35.0320,0.6571,2.8281
35.0322,0.6951,2.9917
35.0324,0.6881,2.9659
35.0326,0.5957,2.5698
35.0328,0.5731,2.4668
35.0330,0.6446,2.777
35.0332,0.6149,2.6513
35.0334,0.5646,2.4347
35.0336,0.5553,2.3944
35.0338,0.5595,2.4136
35.0340,0.621,2.6715
35.0342,0.7233,3.1129
35.0344,0.682,2.934
35.0346,0.6676,2.8748
35.0348,0.6694,2.8799
35.0350,0.6818,2.9344
35.0352,0.641,2.7589
35.0354,0.6715,2.8887
35.0356,0.7283,3.1375
35.0358,0.6508,2.8038
35.0360,0.6146,2.6478
35.0362,0.6278,2.7047
35.0364,0.6417,2.7646
35.0366,0.5871,2.529
35.0368,0.6206,2.6687
35.0370,0.696,3
35.0372,0.6377,2.7445
35.0374,0.7486,3.2218
35.0376,0.6613,2.8475
35.0378,0.6058,2.612
35.0380,0.627,2.6998
35.0382,0.6913,2.9765
35.0384,0.6078,2.6172
35.0386,0.6062,2.6105
35.0388,0.6633,2.8589
35.0390,0.658,2.8361
35.0392,0.6421,2.7661
35.0394,0.66,2.8405
35.0396,0.629,2.7111
35.0398,0.5975,2.574
35.0400,0.6289,2.7093
35.0402,0.6642,2.8545
35.0404,0.7018,3.0206
35.0406,0.7154,3.0746
35.0408,0.8126,3.4942
35.0410,0.8048,3.4574
35.0412,0.8372,3.5932
35.0414,0.8567,3.6753
35.0416,0.8624,3.7012
35.0418,0.8646,3.7127
35.0420,0.8367,3.5978
35.0422,0.8391,3.6014
35.0424,0.9381,4.0171
35.0426,0.9754,4.1807
35.0428,0.9787,4.1906
35.0430,0.9754,4.1787
35.0432,0.9775,4.1894
35.0434,0.9763,4.1882
35.0436,0.9284,3.9829
35.0438,0.9598,4.1139
35.0440,0.9875,4.2326
35.0442,0.9832,4.2082
35.0444,1.0463,4.4781
35.0446,1.105,4.734
35.0448,1.0844,4.6435
35.0450,1.0526,4.5137
35.0452,1.0079,4.3199
35.0454,1.0549,4.5193
35.0456,0.9928,4.2592
35.0458,0.9121,3.9166
35.0460,0.8939,3.8402
35.0462,0.8856,3.8028
35.0464,0.9127,3.921
35.0466,0.8362,3.5991
35.0468,0.7811,3.3601
35.0470,0.8022,3.4493
35.0472,0.8005,3.4437
35.0474,0.7724,3.3245
35.0476,0.7773,3.3364
35.0478,0.8282,3.5678
35.0480,0.68,2.9321
35.0482,0.6032,2.6012
35.0484,0.6199,2.6706
35.0486,0.6158,2.6542
35.0488,0.6384,2.7552
35.0490,0.5484,2.3649
35.0492,0.5649,2.4335
35.0494,0.6031,2.6019
35.0496,0.5958,2.5691
35.0498,0.6416,2.7641
35.0500,0.6954,2.9932
35.0502,0.6498,2.8018
35.0504,0.6149,2.6526
35.0506,0.6077,2.6154
35.0508,0.6536,2.8131
35.0510,0.6615,2.8498
35.0512,0.6127,2.6432
35.0514,0.5926,2.5552
35.0516,0.5657,2.4427
35.0518,0.5073,2.1896
35.0520,0.5101,2.1984
35.0522,0.5594,2.4119
35.0524,0.5842,2.5166
35.0526,0.6547,2.823
35.0528,0.5674,2.4466
35.0530,0.5736,2.4735
35.0532,0.6089,2.6243
35.0534,0.5495,2.3706
35.0536,0.5085,2.1927
35.0538,0.5233,2.2574
35.0540,0.5713,2.4625
35.0542,0.5631,2.4302
35.0544,0.4788,2.0655
35.0546,0.5213,2.2491
35.0548,0.5538,2.3893
35.0550,0.5682,2.4502
35.0552,0.5608,2.4159
35.0554,0.5657,2.4405
35.0556,0.5874,2.5353
35.0558,0.4923,2.1239
35.0560,0.4693,2.0227
35.0562,0.4998,2.158
35.0564,0.457,1.975
35.0566,0.4492,1.9404
35.0568,0.4749,2.0489
35.0570,0.4621,1.9954
35.0572,0.453,1.9552
35.0574,0.516,2.2258
35.0576,0.5391,2.3224
35.0578,0.5607,2.4176
35.0580,0.598,2.5748
35.0582,0.6441,2.7736
35.0584,0.6435,2.7723
35.0586,0.6495,2.7969
35.0588,0.6734,2.8969
35.0590,0.6939,2.9851
35.0592,0.7031,3.0248
35.0594,0.7252,3.1183
35.0596,0.7712,3.3147
35.0598,0.7636,3.2818
35.0600,0.7965,3.4267
35.0602,0.7652,3.2905
35.0604,0.7481,3.2183
35.0606,0.6179,2.6618
35.0608,0.5516,2.3783
35.0610,0.5469,2.3582
35.0612,0.5423,2.3385
35.0614,0.5373,2.3157
35.0616,0.5418,2.3365
35.0618,0.5447,2.35
35.0620,0.5436,2.3442
35.0622,0.5415,2.3338
35.0624,0.5369,2.3131
35.0626,0.5947,2.5585
35.0628,0.6929,2.9824
35.0630,0.6433,2.7726
35.0632,0.5353,2.308
35.0634,0.506,2.1839
35.0636,0.5061,2.1824
35.0638,0.5392,2.324
35.0640,0.5568,2.3977
35.0642,0.5728,2.4721
35.0644,0.4879,2.1057
35.0646,0.5276,2.2728
35.0648,0.5944,2.5582
35.0650,0.6516,2.8082
35.0652,0.596,2.5678
35.0654,0.5813,2.5054
35.0656,0.516,2.2258
35.0658,0.5517,2.3744
35.0660,0.5891,2.5378
35.0662,0.5215,2.2475
35.0664,0.5442,2.3457
35.0666,0.5273,2.275
35.0668,0.5113,2.2036
35.0670,0.5604,2.411
35.0672,0.6122,2.6387
35.0674,0.5423,2.3364
35.0676,0.5501,2.371
35.0678,0.5558,2.3942
35.0680,0.5433,2.3394
35.0682,0.5796,2.4982
35.0684,0.5976,2.5757
35.0686,0.5935,2.5557
35.0688,0.5597,2.4135
35.0690,0.4907,2.1167
35.0692,0.4801,2.0702
35.0694,0.4831,2.085
35.0696,0.4805,2.0737
35.0698,0.4889,2.1089
35.0700,0.482,2.0785
35.0702,0.4826,2.082
35.0704,0.5086,2.1922
35.0706,0.5612,2.4163
35.0708,0.5514,2.3756
35.0710,0.4911,2.1187
35.0712,0.4878,2.1033
35.0714,0.4795,2.0686
35.0716,0.4821,2.078
35.0718,0.4926,2.122
35.0720,0.5165,2.2274
35.0722,0.5273,2.2707
35.0724,0.6058,2.6072
35.0726,0.62,2.6636
35.0728,0.7338,3.151
35.0730,0.7254,3.1222
35.0732,0.6646,2.8593
35.0734,0.6976,2.9969
35.0736,0.7058,3.0334
35.0738,0.707,3.0371
35.0740,0.7433,3.1902
35.0742,0.7958,3.4172
35.0744,0.7831,3.3642
35.0746,0.796,3.4166
35.0748,0.8466,3.6338
35.0750,0.8702,3.7295
35.0752,0.8656,3.7169
35.0754,0.8151,3.5001
35.0756,0.8646,3.7006
35.0758,0.9908,4.2425
35.0760,0.9993,4.279
35.0762,0.997,4.2672
35.0764,1.0151,4.3488
35.0766,1.0163,4.3539
35.0768,0.9769,4.1849
35.0770,0.9682,4.1576
35.0772,0.8336,3.5777
35.0774,0.8338,3.5754
35.0776,0.8765,3.7602
35.0778,0.8504,3.6515
35.0780,0.8691,3.7353
35.0782,0.8254,3.5427
35.0784,0.8293,3.5609
35.0786,0.8416,3.6156
35.0788,0.8127,3.4898
35.0790,0.8404,3.6071
35.0792,0.8568,3.6758
35.0794,0.8826,3.7882
35.0796,0.8576,3.6824
35.0798,0.8395,3.6046
35.0800,0.8519,3.6616
35.0802,0.7456,3.2104
35.0804,0.7077,3.0416
35.0806,0.7911,3.3971
35.0808,0.814,3.4971
35.0810,0.8091,3.4792
35.0812,0.8414,3.6145
35.0814,0.8094,3.4786
35.0816,0.7993,3.4385
35.0818,0.7549,3.2462
35.0820,0.7678,3.2967
35.0822,0.8031,3.4486
35.0824,0.8036,3.4571
35.0826,0.7731,3.3199
35.0828,0.8577,3.6829
35.0830,0.792,3.4102
35.0832,0.6981,3.0032
35.0834,0.7116,3.0643
35.0836,0.6824,2.9329
35.0838,0.7243,3.1147
35.0840,0.6771,2.9143
35.0842,0.6643,2.8604
35.0844,0.7199,3.0985
35.0846,0.6821,2.9359
35.0848,0.6823,2.9364
35.0850,0.6711,2.8898
35.0852,0.6673,2.8759
35.0854,0.5962,2.5671
35.0856,0.6342,2.7295
35.0858,0.6454,2.7832
35.0860,0.6179,2.6581
35.0862,0.6366,2.7373
35.0864,0.691,2.9741
35.0866,0.6121,2.6358
35.0868,0.6578,2.8351
35.0870,0.5977,2.5726
35.0872,0.686,2.9524
35.0874,0.6628,2.8581
35.0876,0.5755,2.4817
35.0878,0.568,2.4469
35.0880,0.566,2.4404
35.0882,0.5743,2.4766
35.0884,0.5836,2.514
35.0886,0.5765,2.4836
35.0888,0.5284,2.2807
35.0890,0.4927,2.1245
35.0892,0.5192,2.2398
35.0894,0.5489,2.3681
35.0896,0.5532,2.3845
35.0898,0.5396,2.3256
35.0900,0.5367,2.3142
35.0902,0.5359,2.3106
35.0904,0.5833,2.5072
35.0906,0.6987,3.003
35.0908,0.6881,2.9631
35.0910,0.6526,2.8116
35.0912,0.6463,2.7829
35.0914,0.6553,2.819
35.0916,0.6604,2.8438
35.0918,0.653,2.8118
35.0920,0.6648,2.8571
35.0922,0.7216,3.1014
35.0924,0.7624,3.2751
35.0926,0.802,3.4488
35.0928,0.7132,3.0724
35.0930,0.6643,2.8497
35.0932,0.8489,3.6453
35.0934,0.8251,3.5511
35.0936,0.6626,2.8465
35.0938,0.7606,3.2658
35.0940,0.7534,3.2425
35.0942,0.7088,3.0519
35.0944,0.6964,2.9946
35.0946,0.718,3.0888
35.0948,0.7317,3.1432
35.0950,0.7692,3.3075
35.0952,0.7289,3.1387
35.0954,0.6409,2.7558
35.0956,0.6765,2.9117
35.0958,0.6379,2.748
35.0960,0.6254,2.6968
35.0962,0.6242,2.6842
35.0964,0.6626,2.8545
35.0966,0.5783,2.4948
35.0968,0.5585,2.4094
35.0970,0.5524,2.3764
35.0972,0.6833,2.9397
35.0974,0.6313,2.7222
35.0976,0.5672,2.4433
35.0978,0.6616,2.8424
35.0980,0.7524,3.2353
35.0982,0.7453,3.2049
35.0984,0.7012,3.0152
35.0986,0.6849,2.9451
35.0988,0.6814,2.9315
35.0990,0.6831,2.9373
35.0992,0.7309,3.1445
35.0994,0.7207,3.1021
35.0996,0.7215,3.1023
35.0998,0.7213,3.1047
35.1000,0.629,2.7086
35.1002,0.6381,2.7427
35.1004,0.7353,3.1616
35.1006,0.7835,3.372
35.1008,0.7218,3.101
35.1010,0.7972,3.4186
35.1012,0.8941,3.8376
35.1014,0.8947,3.8402
35.1016,0.8621,3.7002
35.1018,0.863,3.7038
35.1020,0.7776,3.3483
35.1022,0.6763,2.9133
35.1024,0.6275,2.7019
35.1026,0.6463,2.7829
35.1028,0.6564,2.8302
35.1030,0.5948,2.5662
35.1032,0.5396,2.3234
35.1034,0.5783,2.4925
35.1036,0.5325,2.2951
35.1038,0.4926,2.1269
35.1040,0.4924,2.1264
35.1042,0.4872,2.1026
35.1044,0.4813,2.0763
35.1046,0.4877,2.1028
35.1048,0.4859,2.095
35.1050,0.4873,2.1032
35.1052,0.4848,2.0913
35.1054,0.4827,2.0816
35.1056,0.5296,2.2837
35.1058,0.533,2.3003
35.1060,0.5064,2.1844
35.1062,0.5348,2.3049
35.1064,0.5977,2.5738
35.1066,0.6282,2.7024
35.1068,0.6566,2.8221
35.1070,0.7734,3.3194
35.1072,0.7934,3.4117
35.1074,0.7249,3.1187
35.1076,0.7426,3.1901
35.1078,0.7873,3.3822
35.1080,0.7927,3.4038
35.1082,0.9103,3.8943
35.1084,0.9926,4.2542
35.1086,0.8719,3.7441
35.1088,0.8386,3.6027
35.1090,0.8825,3.7877
35.1092,0.9109,3.9078
35.1094,0.8824,3.7889
35.1096,0.8348,3.5812
35.1098,0.9023,3.8708
35.1100,0.8865,3.8047
35.1102,0.909,3.896
35.1104,0.9654,4.1433
35.1106,0.9329,4.002
35.1108,0.9459,4.0637
35.1110,0.8492,3.6463
35.1112,0.8543,3.665
35.1114,0.9365,4.0155
35.1116,0.9385,4.0299
35.1118,0.9109,3.9097
35.1120,0.9014,3.8672
35.1122,0.908,3.8955
35.1124,0.9179,3.9413
35.1126,0.8637,3.7086
35.1128,0.873,3.7488
35.1130,0.8582,3.6849
35.1132,0.8669,3.7243
35.1134,0.8443,3.6252
35.1136,0.8538,3.6715
35.1138,0.8161,3.5075
35.1140,0.8492,3.6446
35.1142,0.8812,3.782
35.1144,0.7969,3.4282
35.1146,0.6655,2.8642
35.1148,0.6701,2.887
35.1150,0.5938,2.5615
35.1152,0.5892,2.5395
35.1154,0.6658,2.8671
35.1156,0.6802,2.9304
35.1158,0.6176,2.662
35.1160,0.6221,2.6824
35.1162,0.5972,2.5717
35.1164,0.618,2.666
35.1166,0.5658,2.4399
35.1168,0.6251,2.694
35.1170,0.6287,2.7058
35.1172,0.6935,2.9822
35.1174,0.7211,3.1051
35.1176,0.6956,2.9951
35.1178,0.6806,2.9292
35.1180,0.6703,2.8862
35.1182,0.7013,3.0199
35.1184,0.6568,2.831
35.1186,0.6367,2.7429
35.1188,0.5863,2.5294
35.1190,0.5228,2.2574
35.1192,0.501,2.1632
35.1194,0.4863,2.0971
35.1196,0.4946,2.1347
35.1198,0.4963,2.141
35.1200,0.5277,2.2754
35.1202,0.5998,2.5814
35.1204,0.6626,2.8558
35.1206,0.5712,2.4654
35.1208,0.5231,2.2558
35.1210,0.5345,2.3039
35.1212,0.5312,2.2894
35.1214,0.5351,2.3086
35.1216,0.5525,2.3836
35.1218,0.5628,2.4258
35.1220,0.5588,2.4082
35.1222,0.6126,2.6403
35.1224,0.6114,2.6302
35.1226,0.6,2.5908
35.1228,0.4815,2.0783
35.1230,0.4637,2.0012
35.1232,0.4657,2.01
35.1234,0.556,2.3941
35.1236,0.6733,2.8937
35.1238,0.7401,3.1867
35.1240,0.6221,2.6824
35.1242,0.5628,2.4258
35.1244,0.5553,2.3921
35.1246,0.5585,2.4061
35.1248,0.5517,2.3777
35.1250,0.5613,2.4191
35.1252,0.6023,2.591
35.1254,0.6465,2.7814
35.1256,0.6902,2.9677
35.1258,0.7857,3.3771
35.1260,0.6925,2.9831
35.1262,0.5675,2.4448
35.1264,0.555,2.3933
35.1266,0.5523,2.3781
35.1268,0.6138,2.6405
35.1270,0.7052,3.0364
35.1272,0.6391,2.7532
35.1274,0.5466,2.3571
35.1276,0.5181,2.2362
35.1278,0.511,2.2036
35.1280,0.5151,2.2222
35.1282,0.5187,2.2387
35.1284,0.5142,2.2191
35.1286,0.5181,2.232
35.1288,0.5139,2.216
35.1290,0.5185,2.2367
35.1292,0.5168,2.2274
35.1294,0.501,2.1602
35.1296,0.5106,2.2015
35.1298,0.5386,2.3236
35.1300,0.5788,2.4957
35.1302,0.5369,2.3163
35.1304,0.4745,2.0468
35.1306,0.4632,1.9982
35.1308,0.4799,2.0682
35.1310,0.5337,2.2992
35.1312,0.5656,2.4366
35.1314,0.5908,2.5439
35.1316,0.5709,2.457
35.1318,0.5505,2.3737
35.1320,0.5156,2.2232
35.1322,0.5535,2.3866
35.1324,0.5283,2.2759
35.1326,0.5312,2.2894
35.1328,0.5289,2.2806
35.1330,0.5162,2.2217
35.1332,0.6077,2.6154
35.1334,0.6691,2.8783
35.1336,0.6758,2.9032
35.1338,0.6989,3.0096
35.1340,0.6209,2.6722
35.1342,0.6944,2.9802
35.1344,0.7301,3.1424
35.1346,0.6403,2.7558
35.1348,0.6566,2.8247
35.1350,0.6401,2.7535
35.1352,0.6475,2.7868
35.1354,0.611,2.6299
35.1356,0.6258,2.6971
35.1358,0.5964,2.5681
35.1360,0.5639,2.4282
35.1362,0.5586,2.4044
35.1364,0.5797,2.4975
35.1366,0.5874,2.5318
35.1368,0.5389,2.3203
35.1370,0.564,2.4332
35.1372,0.499,2.1529
35.1374,0.5042,2.1731
35.1376,0.5356,2.3085
35.1378,0.552,2.3793
35.1380,0.5718,2.4634
35.1382,0.5944,2.5582
35.1384,0.6053,2.6063
35.1386,0.6084,2.6173
35.1388,0.6342,2.7308
35.1390,0.6344,2.7305
35.1392,0.6339,2.7272
35.1394,0.6395,2.7509
35.1396,0.6359,2.7342
35.1398,0.6866,2.9523
35.1400,0.75,3.2175
35.1402,0.8228,3.5363
35.1404,0.7717,3.3137
35.1406,0.8468,3.6293
35.1408,0.8535,3.6631
35.1410,0.8324,3.5709
35.1412,0.8584,3.6791
35.1414,0.9006,3.86
35.1416,0.9291,3.9842
35.1418,0.9699,4.1551
35.1420,0.9727,4.163
35.1422,0.9879,4.2341
35.1424,0.9652,4.1389
35.1426,0.9047,3.8775
35.1428,0.8737,3.7449
35.1430,0.8731,3.7476
35.1432,0.8855,3.7988
35.1434,0.9392,4.0274
35.1436,0.9499,4.0712
35.1438,0.9395,4.0265
35.1440,0.8921,3.8289
35.1442,0.8963,3.8433
35.1444,0.9042,3.879
35.1446,0.9499,4.0712
35.1448,0.9259,3.974
35.1450,0.8567,3.6805
35.1452,0.8516,3.6566
35.1454,0.864,3.7084
35.1456,0.8994,3.8567
35.1458,0.9377,4.0207
35.1460,0.8564,3.6824
35.1462,0.7472,3.2132
35.1464,0.7704,3.3111
35.1466,0.7779,3.3358
35.1468,0.9048,3.8816
35.1470,0.9737,4.1735
35.1472,0.9427,4.0498
35.1474,0.7548,3.2472
35.1476,0.6942,2.9894
35.1478,0.7125,3.0651
35.1480,0.7484,3.2123
35.1482,0.8582,3.6832
35.1484,0.864,3.7188
35.1486,0.7869,3.3791
35.1488,0.8037,3.4576
35.1490,0.7448,3.2088
35.1492,0.6724,2.8941
35.1494,0.6853,2.9493
35.1496,0.6843,2.9466
35.1498,0.6681,2.8755
35.1500,0.6863,2.9499
35.1502,0.7643,3.2879
35.1504,0.7409,3.1858
35.1506,0.7306,3.143
35.1508,0.6951,2.9903
35.1510,0.7562,3.2533
35.1512,0.6703,2.8902
35.1514,0.5447,2.3489
35.1516,0.5903,2.5418
35.1518,0.642,2.763
35.1520,0.6667,2.8667
35.1522,0.7252,3.1212
35.1524,0.6237,2.6883
35.1526,0.5936,2.5586
35.1528,0.5859,2.5274
35.1530,0.5841,2.5185
35.1532,0.6187,2.6604
35.1534,0.717,3.0861
35.1536,0.6867,2.9555
35.1538,0.7073,3.0457
35.1540,0.6656,2.8647
35.1542,0.6881,2.9617
35.1544,0.745,3.2049
35.1546,0.6984,3.0061
35.1548,0.6592,2.8413
35.1550,0.6601,2.8423
35.1552,0.656,2.8208
35.1554,0.7058,3.0348
35.1556,0.7577,3.2641
35.1558,0.609,2.6248
35.1560,0.5781,2.4938
35.1562,0.5471,2.3603
35.1564,0.5556,2.3881
35.1566,0.6945,2.9891
35.1568,0.6228,2.6855
35.1570,0.5583,2.4062
35.1572,0.5947,2.5609
35.1574,0.6204,2.6701
35.1576,0.6317,2.7212
35.1578,0.6422,2.7641
35.1580,0.6506,2.8002
35.1582,0.6898,2.9676
35.1584,0.7169,3.0842
35.1586,0.6873,2.954
35.1588,0.7077,3.0487
35.1590,0.6277,2.7041
35.1592,0.611,2.6323
35.1594,0.616,2.6511
35.1596,0.636,2.7385
35.1598,0.6836,2.9394
35.1600,0.7291,3.1339
35.1602,0.7252,3.1197
35.1604,0.7169,3.0856
35.1606,0.6371,2.7457
35.1608,0.6095,2.6268
35.1610,0.6215,2.681
35.1612,0.5427,2.3401
35.1614,0.5259,2.2687
35.1616,0.5231,2.2568
35.1618,0.5259,2.2687
35.1620,0.5411,2.3323
35.1622,0.5309,2.2905
35.1624,0.5253,2.2662
35.1626,0.5258,2.2682
35.1628,0.5246,2.261
35.1630,0.5275,2.2723
35.1632,0.5875,2.5311
35.1634,0.6156,2.652
35.1636,0.5444,2.3451
35.1638,0.5789,2.4927
35.1640,0.6576,2.8314
35.1642,0.673,2.8967
35.1644,0.6959,2.9967
35.1646,0.6603,2.8446
35.1648,0.6017,2.5933
35.1650,0.5331,2.2966
35.1652,0.5261,2.2666
35.1654,0.5254,2.2635
35.1656,0.526,2.2693
35.1658,0.5284,2.2796
35.1660,0.5349,2.3065
35.1662,0.5372,2.3174
35.1664,0.553,2.3801
35.1666,0.6052,2.6082
35.1668,0.5568,2.3966
35.1670,0.6597,2.8381
35.1672,0.6386,2.7499
35.1674,0.5897,2.5416
35.1676,0.5925,2.5523
35.1678,0.6173,2.6604
35.1680,0.52,2.2434
35.1682,0.4917,2.1194
35.1684,0.551,2.3735
35.1686,0.5367,2.3142
35.1688,0.5172,2.231
35.1690,0.5146,2.2191
35.1692,0.5014,2.1652
35.1694,0.4735,2.0427
35.1696,0.4873,2.1002
35.1698,0.5273,2.2707
35.1700,0.6031,2.5995
35.1702,0.5395,2.3304
35.1704,0.4154,1.7927
35.1706,0.3829,1.6524
35.1708,0.3862,1.6669
35.1710,0.4499,1.9417
35.1712,0.3963,1.712
35.1714,0.3771,1.6283
35.1716,0.376,1.6237
35.1718,0.3778,1.6322
35.1720,0.3944,1.7021
35.1722,0.3897,1.6827
35.1724,0.3902,1.684
35.1726,0.4333,1.8677
35.1728,0.5241,2.2557
35.1730,0.6251,2.6878
35.1732,0.6953,2.9857
35.1734,0.7404,3.1823
35.1736,0.736,3.1618
35.1738,0.7323,3.1472
35.1740,0.7007,3.0117
35.1742,0.6959,2.9897
35.1744,0.7566,3.2488
35.1746,0.816,3.5004
35.1748,0.8365,3.5901
35.1750,0.8145,3.4959
35.1752,0.8167,3.5019
35.1754,0.8231,3.5329
35.1756,0.8395,3.6046
35.1758,0.8145,3.4975
35.1760,0.8138,3.4944
35.1762,0.8176,3.5076
35.1764,0.8637,3.7086
35.1766,0.8395,3.6046
35.1768,0.8427,3.6084
35.1770,1.0483,4.4743
35.1772,1.0935,4.6825
35.1774,1.048,4.4874
35.1776,1.0631,4.5542
35.1778,1.0156,4.3488
35.1780,0.9915,4.2476
35.1782,0.9679,4.1502
35.1784,0.965,4.134
35.1786,0.9367,4.0128
35.1788,0.9595,4.1123
35.1790,1.014,4.3482
35.1792,0.9769,4.1868
35.1794,0.939,4.0226
35.1796,0.9795,4.1981
35.1798,0.9648,4.133
35.1800,0.9492,4.07
35.1802,0.848,3.6446
35.1804,0.7656,3.2951
35.1806,0.7506,3.2291
35.1808,0.7628,3.2756
35.1810,0.8197,3.518
35.1812,0.8294,3.563
35.1814,0.8524,3.6551
35.1816,0.9102,3.9011
35.1818,0.9399,4.0323
35.1820,0.9192,3.9433
35.1822,0.9302,3.9888
35.1824,0.9239,3.9726
35.1826,0.811,3.4891
35.1828,0.7007,3.0173
35.1830,0.6522,2.8082
35.1832,0.6805,2.9301
35.1834,0.6649,2.8643
35.1836,0.6914,2.9757
35.1838,0.7228,3.108
35.1840,0.7771,3.3415
35.1842,0.7452,3.2059
35.1844,0.7384,3.1765
35.1846,0.7038,3.0293
35.1848,0.6766,2.9135
35.1850,0.6911,2.9705
35.1852,0.7472,3.2162
35.1854,0.6444,2.7798
35.1856,0.641,2.7576
35.1858,0.7047,3.0329
35.1860,0.6764,2.9125
35.1862,0.6347,2.7341
35.1864,0.5945,2.5599
35.1866,0.6395,2.7522
35.1868,0.6983,3.0042
35.1870,0.7085,3.048
35.1872,0.7594,3.2652
35.1874,0.7765,3.3421
35.1876,0.6531,2.8123
35.1878,0.6663,2.8705
35.1880,0.6407,2.7574
35.1882,0.652,2.809
35.1884,0.6199,2.6718
35.1886,0.5952,2.5653
35.1888,0.5884,2.5371
35.1890,0.5965,2.5698
35.1892,0.5944,2.5582
35.1894,0.6516,2.8043
35.1896,0.6925,2.9775
35.1898,0.674,2.9035
35.1900,0.5954,2.564
35.1902,0.5856,2.5252
35.1904,0.5802,2.5007
35.1906,0.5819,2.5057
35.1908,0.6157,2.6525
35.1910,0.6646,2.8606
35.1912,0.7013,3.0157
35.1914,0.7365,3.1653
35.1916,0.7452,3.2089
35.1918,0.6271,2.7053
35.1920,0.5711,2.4638
35.1922,0.5655,2.436
35.1924,0.6043,2.6034
35.1926,0.6523,2.81
35.1928,0.6297,2.7117
35.1930,0.7011,3.0133
35.1932,0.7329,3.1484
35.1934,0.8492,3.648
35.1936,0.8341,3.5848
35.1938,0.7433,3.2036
35.1940,0.6484,2.7935
35.1942,0.6313,2.7171
35.1944,0.6446,2.7718
35.1946,0.7083,3.047
35.1948,0.7035,3.0264
35.1950,0.738,3.1764
35.1952,0.6962,2.9963
35.1954,0.668,2.8764
35.1956,0.5891,2.539
35.1958,0.6206,2.6687
35.1960,0.7353,3.1645
35.1962,0.629,2.7098
35.1964,0.549,2.3697
35.1966,0.4707,2.0317
35.1968,0.4817,2.0759
35.1970,0.5583,2.4062
35.1972,0.6131,2.6411
35.1974,0.677,2.9097
35.1976,0.7354,3.1621
35.1978,0.7064,3.0402
35.1980,0.6561,2.8253
35.1982,0.6313,2.7209
35.1984,0.6272,2.7021
35.1986,0.6073,2.6175
35.1988,0.5788,2.4969
35.1990,0.5385,2.3209
35.1992,0.5457,2.3519
35.1994,0.5567,2.3972
35.1996,0.6218,2.6776
35.1998,0.6318,2.7154
35.2000,0.7052,3.0336
35.2002,0.6583,2.8359
35.2004,0.6561,2.8253
35.2006,0.6498,2.7953
35.2008,0.7019,3.0169
35.2010,0.7254,3.1237
35.2012,0.6185,2.6644
35.2014,0.5532,2.3845
35.2016,0.5552,2.3905
35.2018,0.5637,2.4317
35.2020,0.5538,2.3882
35.2022,0.5482,2.3617
35.2024,0.5468,2.3566
35.2026,0.5501,2.3721
35.2028,0.5439,2.3452
35.2030,0.5418,2.3343
35.2032,0.5263,2.2682
35.2034,0.5356,2.3096
35.2036,0.5784,2.4918
35.2038,0.6,2.5848
35.2040,0.5883,2.5354
35.2042,0.5835,2.5135
35.2044,0.5869,2.5285
35.2046,0.6348,2.7283
35.2048,0.6628,2.8502
35.2050,0.6747,2.8972
35.2052,0.7571,3.257
35.2054,0.6333,2.7297
35.2056,0.5867,2.5287
35.2058,0.5851,2.5184
35.2060,0.7098,3.048
35.2062,0.8246,3.5375
35.2064,0.8466,3.6355
35.2066,0.7803,3.3555
35.2068,0.8047,3.4537
35.2070,0.8488,3.6448
35.2072,0.7538,3.2415
35.2074,0.7667,3.2936
35.2076,0.83,3.5639
35.2078,0.8673,3.7154
35.2080,0.9723,4.1615
35.2082,0.9771,4.1918
35.2084,0.9106,3.9081
35.2086,0.9097,3.9027
35.2088,0.9293,3.9847
35.2090,0.9578,4.1051
35.2092,0.9787,4.1946
35.2094,0.9525,4.0806
35.2096,0.9558,4.0926
35.2098,0.9829,4.2204
35.2100,0.8842,3.7984
35.2102,0.8152,3.499
35.2104,0.8643,3.7077
35.2106,0.918,3.9455
35.2108,0.8357,3.592
35.2110,0.7809,3.3518
35.2112,0.8243,3.5381
35.2114,0.8425,3.6175
35.2116,0.853,3.6611
35.2118,0.8598,3.6956
35.2120,0.8031,3.4566
35.2122,0.756,3.2493
35.2124,0.7155,3.0794
35.2126,0.6838,2.9418
35.2128,0.7317,3.1476
35.2130,0.7066,3.044
35.2132,0.6749,2.9063
35.2134,0.7077,3.0416
35.2136,0.808,3.4697
35.2138,0.8728,3.7512
35.2140,0.815,3.5061
35.2142,0.7393,3.1777
35.2144,0.7366,3.1658
35.2146,0.7233,3.1129
35.2148,0.6902,2.9705
35.2150,0.7339,3.1589
35.2152,0.7608,3.2714
35.2154,0.7676,3.3008
35.2156,0.7537,3.2395
35.2158,0.7652,3.292
35.2160,0.7255,3.1213
35.2162,0.7301,3.1394
35.2164,0.7438,3.2012
35.2166,0.6978,3.0021
35.2168,0.6884,2.9628
35.2170,0.7008,3.015
35.2172,0.7369,3.1674
35.2174,0.758,3.2581
35.2176,0.7293,3.1358
35.2178,0.7016,3.0195
35.2180,0.6873,2.965
35.2182,0.6008,2.592
35.2184,0.5802,2.5019
35.2186,0.5709,2.4616
35.2188,0.5621,2.4238
35.2190,0.5718,2.4634
35.2192,0.6259,2.6939
35.2194,0.6688,2.8786
35.2196,0.71,3.0542
35.2198,0.7645,3.2828
35.2200,0.7743,3.339
35.2202,0.6363,2.7426
35.2204,0.6191,2.6632
35.2206,0.7104,3.0577
35.2208,0.6848,2.95
35.2210,0.696,2.9944
35.2212,0.6976,3.0025
35.2214,0.6632,2.8597
35.2216,0.5836,2.5176
35.2218,0.5534,2.3861
35.2220,0.5363,2.3127
35.2222,0.5317,2.2925
35.2224,0.5681,2.4485
35.2226,0.6387,2.7491
35.2228,0.6734,2.8942
35.2230,0.7199,3.097
35.2232,0.6922,2.9848
35.2234,0.6368,2.7409
35.2236,0.6389,2.7522
35.2238,0.6345,2.7336
35.2240,0.642,2.763
35.2242,0.6879,2.9552
35.2244,0.7198,3.0922
35.2246,0.7859,3.3839
35.2248,0.682,2.9368
35.2250,0.6704,2.888
35.2252,0.6425,2.7677
35.2254,0.6246,2.692
35.2256,0.6182,2.6646
35.2258,0.6168,2.6559
35.2260,0.6462,2.7798
35.2262,0.7097,3.0489
35.2264,0.7807,3.3648
35.2266,0.6496,2.7974
35.2268,0.6291,2.7103
35.2270,0.624,2.6881
35.2272,0.6251,2.6953
35.2274,0.6189,2.6652
35.2276,0.6209,2.6747
35.2278,0.6223,2.6784
35.2280,0.6224,2.6789
35.2282,0.6251,2.694
35.2284,0.6025,2.5957
35.2286,0.6546,2.8185
35.2288,0.5921,2.5531
35.2290,0.5435,2.3459
35.2292,0.538,2.3199
35.2294,0.5425,2.3358
35.2296,0.6156,2.6495
35.2298,0.6096,2.6286
35.2300,0.5468,2.3587
35.2302,0.5362,2.3122
35.2304,0.5704,2.4549
35.2306,0.638,2.746
35.2308,0.6631,2.8525
35.2310,0.6703,2.8848
35.2312,0.7318,3.1437
35.2314,0.7338,3.1613
35.2316,0.66,2.8431
35.2318,0.6321,2.7233
35.2320,0.6239,2.6864
35.2322,0.7077,3.0416
35.2324,0.761,3.274
35.2326,0.6267,2.7025
35.2328,0.5534,2.3806
35.2330,0.6939,2.981
35.2332,0.7868,3.3928
35.2334,0.5481,2.3644
35.2336,0.5091,2.1953
35.2338,0.5787,2.494
35.2340,0.5842,2.5178
35.2342,0.564,2.4344
35.2344,0.505,2.1777
35.2346,0.5046,2.1747
35.2348,0.5054,2.1803
35.2350,0.5259,2.2645
35.2352,0.6314,2.7164
35.2354,0.6632,2.8557
35.2356,0.6206,2.6749
35.2358,0.5578,2.4063
35.2360,0.5177,2.2325
35.2362,0.6032,2.5927
35.2364,0.6875,2.9647
35.2366,0.5217,2.2496
35.2368,0.5053,2.1767
35.2370,0.5501,2.371
35.2372,0.5776,2.4882
35.2374,0.5975,2.574
35.2376,0.6134,2.6402
35.2378,0.6163,2.6526
35.2380,0.6357,2.7375
35.2382,0.6144,2.6468
35.2384,0.6172,2.6587
35.2386,0.6296,2.7086
35.2388,0.676,2.9083
35.2390,0.6399,2.753
35.2392,0.6913,2.9751
35.2394,0.6542,2.8104
35.2396,0.7578,3.254
35.2398,0.7952,3.4162
35.2400,0.761,3.2725
35.2402,0.742,3.186
35.2404,0.8288,3.5588
35.2406,0.8264,3.5518
35.2408,0.8066,3.4603
35.2410,0.8498,3.6489
35.2412,0.8579,3.6788
35.2414,0.9404,4.0269
35.2416,0.9504,4.0752
35.2418,0.9,3.8628
35.2420,0.8971,3.8487
35.2422,0.9196,3.943
35.2424,0.9582,4.1028
35.2426,0.9893,4.2383
35.2428,0.9319,3.9941
35.2430,0.9791,4.1947
35.2432,1.0411,4.4602
35.2434,1.054,4.5089
35.2436,1.0861,4.6463
35.2438,1.0965,4.691
35.2440,1.0463,4.4844
35.2442,1.0046,4.3035
35.2444,0.967,4.1486
35.2446,0.9484,4.065
35.2448,0.9651,4.1365
35.2450,1.0114,4.3349
35.2452,1.001,4.2961
35.2454,0.9363,4.0169
35.2456,0.8373,3.6004
35.2458,0.6741,2.9054
35.2460,0.6351,2.7349
35.2462,0.7151,3.0721
35.2464,0.8276,3.5536
35.2466,0.8426,3.6264
35.2468,0.7136,3.0783
35.2470,0.6216,2.6778
35.2472,0.6149,2.6465
35.2474,0.6465,2.7866
35.2476,0.6384,2.7514
35.2478,0.6247,2.695
35.2480,0.5552,2.3939
35.2482,0.6072,2.6183
35.2484,0.6004,2.5876
35.2486,0.5884,2.5348
35.2488,0.567,2.4439
35.2490,0.5573,2.3999
35.2492,0.5734,2.4736
35.2494,0.5775,2.4901
35.2496,0.6368,2.746
35.2498,0.5567,2.4006
35.2500,0.5592,2.4115
35.2502,0.5825,2.5118
35.2504,0.5511,2.373
35.2506,0.5981,2.579
35.2508,0.5479,2.3624
35.2510,0.5498,2.3717
35.2512,0.4931,2.1271
35.2514,0.5729,2.4693
35.2516,0.6001,2.5878
35.2518,0.5944,2.5618
35.2520,0.5921,2.552
35.2522,0.5205,2.2466
35.2524,0.5012,2.1642
35.2526,0.5097,2.1969
35.2528,0.5763,2.4814
35.2530,0.6407,2.7625
35.2532,0.5513,2.3796
35.2534,0.5137,2.214
35.2536,0.5919,2.5462
35.2538,0.618,2.6661
35.2540,0.5112,2.2072
35.2542,0.4998,2.155
35.2544,0.5205,2.2455
35.2546,0.4863,2.0991
35.2548,0.4958,2.139
35.2550,0.5374,2.3141
35.2552,0.6125,2.6349
35.2554,0.6812,2.9305
35.2556,0.6965,3.0007
35.2558,0.5979,2.5744
35.2560,0.5655,2.435
35.2562,0.598,2.5773
35.2564,0.6155,2.6503
35.2566,0.6034,2.5981
35.2568,0.6242,2.6867
35.2570,0.6331,2.7262
35.2572,0.6554,2.817
35.2574,0.7427,3.1951
35.2576,0.7486,3.2174
35.2578,0.727,3.1275
35.2580,0.7063,3.0369
35.2582,0.7437,3.1978
35.2584,0.7609,3.272
35.2586,0.6805,2.926
35.2588,0.6938,2.986
35.2590,0.6204,2.6702
35.2592,0.6149,2.6501
35.2594,0.6259,2.6964
35.2596,0.6198,2.6676
35.2598,0.6375,2.744
35.2600,0.6357,2.7388
35.2602,0.6378,2.7463
35.2604,0.6401,2.7548
35.2606,0.6325,2.7185
35.2608,0.6275,2.7006
35.2610,0.6706,2.8864
35.2612,0.7012,3.018
35.2614,0.6368,2.7447
35.2616,0.5012,2.1632
35.2618,0.4656,2.0105
35.2620,0.4615,1.9919
35.2622,0.4603,1.9858
35.2624,0.462,1.9931
35.2626,0.4639,2.0032
35.2628,0.4631,1.9977
35.2630,0.4614,1.9923
35.2632,0.4609,1.9893
35.2634,0.4674,2.0154
35.2636,0.5094,2.1933
35.2638,0.5564,2.3957
35.2640,0.5962,2.5695
35.2642,0.597,2.572
35.2644,0.5742,2.4738
35.2646,0.5687,2.4512
35.2648,0.525,2.2657
35.2650,0.4741,2.0463
35.2652,0.4841,2.0854
35.2654,0.547,2.3565
35.2656,0.527,2.2734
35.2658,0.4813,2.0764
35.2660,0.4927,2.1225
35.2662,0.5957,2.5627
35.2664,0.6606,2.8418
35.2666,0.6928,2.9847
35.2668,0.6149,2.6489
35.2670,0.5961,2.5654
35.2672,0.6023,2.5911
35.2674,0.5971,2.5689
35.2676,0.6495,2.7917
35.2678,0.6778,2.9188
35.2680,0.6203,2.6697
35.2682,0.6168,2.6547
35.2684,0.6043,2.6023
35.2686,0.5961,2.5678
35.2688,0.5955,2.5652
35.2690,0.6041,2.6
35.2692,0.5889,2.5368
35.2694,0.5648,2.4364
35.2696,0.4877,2.1038
35.2698,0.4801,2.0702
35.2700,0.4847,2.0908
35.2702,0.4796,2.0691
35.2704,0.483,2.0817
35.2706,0.4827,2.0797
35.2708,0.4841,2.0873
35.2710,0.483,2.0826
35.2712,0.4805,2.0708
35.2714,0.4887,2.1075
35.2716,0.4964,2.1405
35.2718,0.4843,2.0874
35.2720,0.4898,2.1092
35.2722,0.5588,2.4016
35.2724,0.6794,2.92
35.2726,0.7115,3.0496
35.2728,0.8217,3.5285
35.2730,0.8035,3.4534
35.2732,0.718,3.086
35.2734,0.7215,3.1009
35.2736,0.7317,3.1433
35.2738,0.784,3.3663
35.2740,0.7509,3.2227
35.2742,0.803,3.4482
35.2744,0.8282,3.553
35.2746,0.8534,3.6559
35.2748,0.9403,4.0339
35.2750,0.8888,3.811
35.2752,0.8832,3.7855
35.2754,0.8971,3.8434
35.2756,0.9394,4.0242
35.2758,0.9717,4.159
35.2760,0.9794,4.1997
35.2762,0.8727,3.7421
35.2764,0.9486,4.0656
35.2766,0.9841,4.2138
35.2768,1.0018,4.2938
35.2770,0.9314,3.9959
35.2772,0.9282,3.9764
35.2774,0.983,4.2072
35.2776,0.9934,4.2539
35.2778,1.0113,4.3344
35.2780,1.0424,4.4654
35.2782,1.0338,4.4331
35.2784,0.9485,4.0708
35.2786,0.8681,3.7225
35.2788,0.8769,3.7618
35.2790,0.7865,3.3865
35.2792,0.6854,2.9458
35.2794,0.7512,3.2242
35.2796,0.8405,3.611
35.2798,0.8123,3.4959
35.2800,0.764,3.2839
35.2802,0.7973,3.4266
35.2804,0.783,3.3669
35.2806,0.7199,3.0942
35.2808,0.7723,3.3194
35.2810,0.8084,3.4746
35.2812,0.8053,3.4628
35.2814,0.7553,3.2478
35.2816,0.7561,3.2514
35.2818,0.7618,3.2726
35.2820,0.764,3.2854
35.2822,0.7344,3.1639
35.2824,0.5851,2.5243
35.2826,0.5802,2.502
35.2828,0.6158,2.6531
35.2830,0.6265,2.6978
35.2832,0.6584,2.8338
35.2834,0.6706,2.8905
35.2836,0.6216,2.6741
35.2838,0.6553,2.8191
35.2840,0.6385,2.7507
35.2842,0.6681,2.8756
35.2844,0.7362,3.1687
35.2846,0.667,2.8723
35.2848,0.6149,2.6514
35.2850,0.5813,2.5043
35.2852,0.5792,2.495
35.2854,0.5789,2.494
35.2856,0.5772,2.4879
35.2858,0.6325,2.7249
35.2860,0.6722,2.8931
35.2862,0.671,2.8907
35.2864,0.6083,2.6229
35.2866,0.5886,2.5346
35.2868,0.611,2.6336
35.2870,0.5777,2.4876
35.2872,0.5847,2.5199
35.2874,0.5884,2.5395
35.2876,0.5106,2.2026
35.2878,0.5027,2.1684
35.2880,0.5035,2.171
35.2882,0.5594,2.4098
35.2884,0.5953,2.5588
35.2886,0.6829,2.9377
35.2888,0.7052,3.0365
35.2890,0.6669,2.8678
35.2892,0.729,3.1363
35.2894,0.7079,3.0484
35.2896,0.6345,2.7349
35.2898,0.6286,2.7065
35.2900,0.6411,2.7569
35.2902,0.704,3.0285
35.2904,0.7334,3.1549
35.2906,0.7355,3.1642
35.2908,0.6847,2.9496
35.2910,0.623,2.684
35.2912,0.6289,2.7081
35.2914,0.6354,2.7347
35.2916,0.6234,2.6831
35.2918,0.6302,2.7125
35.2920,0.6375,2.7453
35.2922,0.6211,2.6758
35.2924,0.6633,2.8497
35.2926,0.7986,3.4291
35.2928,0.8565,3.6761
35.2930,0.8642,3.7125
35.2932,0.7246,3.1172
35.2934,0.6298,2.713
35.2936,0.6343,2.7313
35.2938,0.6903,2.9683
35.2940,0.6983,3.0057
35.2942,0.6545,2.8194
35.2944,0.663,2.8547
35.2946,0.5859,2.5251
35.2948,0.5459,2.353
35.2950,0.5959,2.5637
35.2952,0.6581,2.8283
35.2954,0.6745,2.9043
35.2956,0.6487,2.792
35.2958,0.7139,3.067
35.2960,0.747,3.2152
35.2962,0.6204,2.6752
35.2964,0.5873,2.5266
35.2966,0.6758,2.9046
35.2968,0.7161,3.0763
35.2970,0.7794,3.3483
35.2972,0.7664,3.2957
35.2974,0.7846,3.3704
35.2976,0.7664,3.2942
35.2978,0.7245,3.1138
35.2980,0.7451,3.2054
35.2982,0.6916,2.9754
35.2984,0.6506,2.8042
35.2986,0.6644,2.8609
35.2988,0.6789,2.9166
35.2990,0.7708,3.3127
35.2992,0.8039,3.455
35.2994,0.7983,3.4313
35.2996,0.7967,3.4193
35.2998,0.7798,3.3483
35.3000,0.8438,3.6215
35.3002,0.8813,3.7897
35.3004,0.7698,3.3086
35.3006,0.8004,3.44
35.3008,0.7384,3.1751
35.3010,0.7158,3.0824
35.3012,0.7004,3.013
35.3014,0.6612,2.8483
35.3016,0.5492,2.368
35.3018,0.5163,2.2284
35.3020,0.5137,2.2171
35.3022,0.5181,2.2341
35.3024,0.5401,2.3233
35.3026,0.6703,2.8822
35.3028,0.7142,3.0723
35.3030,0.6721,2.8994
35.3032,0.5148,2.2227
35.3034,0.4841,2.0883
35.3036,0.4823,2.0815
35.3038,0.4836,2.0881
35.3040,0.4842,2.0888
35.3042,0.4847,2.0918
35.3044,0.4797,2.0687
35.3046,0.483,2.0836
35.3048,0.4842,2.0888
35.3050,0.4915,2.1193
35.3052,0.547,2.3565
35.3054,0.6023,2.5923
35.3056,0.6244,2.6872
35.3058,0.6686,2.8763
35.3060,0.6905,2.9735
35.3062,0.6853,2.9439
35.3064,0.7461,3.2081
35.3066,0.7521,3.2293
35.3068,0.8331,3.5741
35.3070,0.8188,3.5161
35.3072,0.7867,3.3797
35.3074,0.8479,3.6373
35.3076,0.8933,3.8377
35.3078,0.8474,3.6353
35.3080,0.8485,3.6416
35.3082,0.8476,3.6363
35.3084,0.8332,3.5779
35.3086,0.8324,3.5726
35.3088,0.8723,3.7475
35.3090,0.838,3.5968
35.3092,0.8132,3.4903
35.3094,0.8335,3.5789
35.3096,0.7753,3.3308
35.3098,0.7897,3.391
35.3100,0.8585,3.69
35.3102,0.8054,3.4601
35.3104,0.7852,3.373
35.3106,0.8121,3.4905
35.3108,0.8229,3.5353
35.3110,0.8673,3.7172
35.3112,0.9016,3.875
35.3114,0.7533,3.242
35.3116,0.6609,2.8486
35.3118,0.6433,2.7713
35.3120,0.6441,2.7737
35.3122,0.6414,2.7605
35.3124,0.6415,2.761
35.3126,0.6963,2.9983
35.3128,0.6306,2.7179
35.3130,0.6176,2.6571
35.3132,0.6742,2.9019
35.3134,0.6516,2.8057
35.3136,0.6483,2.793
35.3138,0.6528,2.8082
35.3140,0.6892,2.9623
35.3142,0.7468,3.2127
35.3144,0.7453,3.2005
35.3146,0.7989,3.4402
35.3148,0.6616,2.8504
35.3150,0.6518,2.8054
35.3152,0.6557,2.8232
35.3154,0.6374,2.7435
35.3156,0.6753,2.9079
35.3158,0.685,2.9497
35.3160,0.7019,3.0155
35.3162,0.7745,3.3241
35.3164,0.8283,3.5618
35.3166,0.7137,3.0746
35.3168,0.6422,2.7628
35.3170,0.7385,3.1785
35.3172,0.7099,3.0552
35.3174,0.7001,3.0106
35.3176,0.7287,3.1318
35.3178,0.7289,3.1373
35.3180,0.6921,2.9788
35.3182,0.6997,3.0141
35.3184,0.6777,2.9196
35.3186,0.6269,2.6993
35.3188,0.6775,2.9159
35.3190,0.684,2.9424
35.3192,0.7343,3.1575
35.3194,0.7127,3.0662
35.3196,0.7421,3.1925
35.3198,0.6704,2.8921
35.3200,0.5409,2.3345
35.3202,0.5221,2.2501
35.3204,0.5631,2.428
35.3206,0.5686,2.4518
35.3208,0.589,2.5373
35.3210,0.5615,2.4224
35.3212,0.5021,2.1658
35.3214,0.5192,2.2398
35.3216,0.5475,2.3575
35.3218,0.5739,2.4746
35.3220,0.5421,2.3375
35.3222,0.5155,2.2207
35.3224,0.5717,2.4607
35.3226,0.606,2.6119
35.3228,0.5975,2.5716
35.3230,0.6445,2.7778
35.3232,0.6154,2.6485
35.3234,0.6427,2.7662
35.3236,0.7069,3.0395
35.3238,0.7157,3.0791
35.3240,0.5917,2.5528
35.3242,0.5434,2.3432
35.3244,0.5408,2.3318
35.3246,0.5377,2.3173
35.3248,0.5384,2.3226
35.3250,0.5414,2.3355
35.3252,0.5409,2.3313
35.3254,0.5386,2.3215
35.3256,0.539,2.3241
35.3258,0.5385,2.322
35.3260,0.5687,2.4478
35.3262,0.6458,2.7796
35.3264,0.6289,2.7094
35.3266,0.6139,2.6472
35.3268,0.5555,2.3921
35.3270,0.6164,2.6544
35.3272,0.5603,2.4128
35.3274,0.5658,2.4376
35.3276,0.574,2.4716
35.3278,0.5558,2.3976
35.3280,0.4806,2.0752
35.3282,0.479,2.0675
35.3284,0.476,2.0536
35.3286,0.4729,2.0402
35.3288,0.4704,2.0293
35.3290,0.4777,2.0618
35.3292,0.4746,2.0455
35.3294,0.4736,2.0433
35.3296,0.4712,2.0339
35.3298,0.4742,2.0458
35.3300,0.5211,2.245
35.3302,0.5649,2.4324
35.3304,0.6,2.5837
35.3306,0.5889,2.5368
35.3308,0.562,2.4211
35.3310,0.5772,2.4867
35.3312,0.5253,2.2651
35.3314,0.4705,2.0279
35.3316,0.4857,2.0926
35.3318,0.5142,2.2181
35.3320,0.492,2.1185
35.3322,0.5977,2.5727
35.3324,0.5772,2.4867
35.3326,0.5469,2.356
35.3328,0.5463,2.3524
35.3330,0.5522,2.3799
35.3332,0.5515,2.3768
35.3334,0.5462,2.3518
35.3336,0.5372,2.3163
35.3338,0.5269,2.2708
35.3340,0.5573,2.3987
35.3342,0.6332,2.7216
35.3344,0.6752,2.9047
35.3346,0.6705,2.8873
35.3348,0.6109,2.6294
35.3350,0.6072,2.6171
35.3352,0.6,2.5837
35.3354,0.6419,2.7574
35.3356,0.7022,3.0208
35.3358,0.6441,2.7724
35.3360,0.6287,2.7058
35.3362,0.6651,2.86
35.3364,0.6901,2.9673
35.3366,0.7089,3.0468
35.3368,0.7555,3.2428
35.3370,0.7656,3.2875
35.3372,0.7674,3.2937
35.3374,0.8139,3.4966
35.3376,0.6476,2.7861
35.3378,0.635,2.7294
35.3380,0.6678,2.8767
35.3382,0.5965,2.5687
35.3384,0.6096,2.6238
35.3386,0.6528,2.8082
35.3388,0.6997,3.0029
35.3390,0.7967,3.4209
35.3392,0.7812,3.356
35.3394,0.7847,3.3694
35.3396,0.7944,3.4063
35.3398,0.8589,3.6864
35.3400,0.8489,3.6454
35.3402,0.8495,3.6445
35.3404,0.8148,3.497
35.3406,0.7867,3.3781
35.3408,0.7264,3.1235
35.3410,0.7176,3.0859
35.3412,0.7417,3.191
35.3414,0.6951,2.9889
35.3416,0.7259,3.12
35.3418,0.7302,3.1415
35.3420,0.759,3.2592
35.3422,0.8233,3.5319
35.3424,0.8624,3.6996
35.3426,0.8325,3.5748
35.3428,0.8601,3.6881
35.3430,0.9521,4.0786
35.3432,0.9559,4.097
35.3434,0.9065,3.8943
35.3436,0.8437,3.6244
35.3438,0.8284,3.5557
35.3440,0.8059,3.4654
35.3442,0.7438,3.1983
35.3444,0.722,3.1059
35.3446,0.7251,3.1193
35.3448,0.7289,3.1314
35.3450,0.7932,3.4091
35.3452,0.7408,3.1839
35.3454,0.7465,3.2086
35.3456,0.7806,3.3519
35.3458,0.8005,3.4389
35.3460,0.8154,3.5012
35.3462,0.8377,3.597
35.3464,0.8912,3.823
35.3466,0.8867,3.8093
35.3468,0.7959,3.4194
35.3470,0.7447,3.2009
35.3472,0.7149,3.0797
35.3474,0.644,2.7719
35.3476,0.6712,2.8877
35.3478,0.6989,3.0082
35.3480,0.7191,3.0978
35.3482,0.685,2.9456
35.3484,0.7079,3.0455
35.3486,0.7527,3.2334
35.3488,0.7625,3.2818
35.3490,0.6356,2.7396
35.3492,0.6157,2.655
35.3494,0.609,2.6248
35.3496,0.5687,2.4512
35.3498,0.5672,2.4422
35.3500,0.6341,2.7303
35.3502,0.642,2.7644
35.3504,0.6742,2.9006
35.3506,0.667,2.8736
35.3508,0.6107,2.6321
35.3510,0.5792,2.4973
35.3512,0.6063,2.6117
35.3514,0.665,2.8609
35.3516,0.6553,2.8178
35.3518,0.6891,2.9632
35.3520,0.7438,3.2012
35.3522,0.6758,2.91
35.3524,0.6589,2.8385
35.3526,0.5985,2.577
35.3528,0.6152,2.6505
35.3530,0.5979,2.578
35.3532,0.5716,2.4636
35.3534,0.5618,2.419
35.3536,0.5615,2.4179
35.3538,0.5915,2.5482
35.3540,0.6438,2.7708
35.3542,0.6923,2.9785
35.3544,0.6676,2.8722
35.3546,0.6435,2.7711
35.3548,0.6166,2.6537
35.3550,0.6546,2.816
35.3552,0.7173,3.0815
35.3554,0.8048,3.4543
35.3556,0.8278,3.5581
35.3558,0.7461,3.2111
35.3560,0.703,3.023
35.3562,0.8016,3.4372
35.3564,0.8929,3.829
35.3566,0.8877,3.8117
35.3568,0.814,3.4988
35.3570,0.7958,3.4189
35.3572,0.8343,3.5809
35.3574,0.8993,3.8652
35.3576,0.825,3.5407
35.3578,0.8639,3.7063
35.3580,0.894,3.8372
35.3582,0.8605,3.6913
35.3584,0.9107,3.8978
35.3586,1.0019,4.2923
35.3588,1.0024,4.3024
35.3590,0.9458,4.0633
35.3592,0.8221,3.5317
35.3594,0.7858,3.3756
35.3596,0.8473,3.6398
35.3598,0.814,3.5004
35.3600,0.7423,3.1921
35.3602,0.7352,3.1626
35.3604,0.7018,3.0178
35.3606,0.7182,3.0899
35.3608,0.6455,2.7832
35.3610,0.5938,2.5616
35.3612,0.5771,2.4874
35.3614,0.5801,2.5003
35.3616,0.5783,2.4937
35.3618,0.5792,2.4938
35.3620,0.6735,2.8975
35.3622,0.7242,3.1215
35.3624,0.5884,2.5359
35.3626,0.5716,2.4636
35.3628,0.5738,2.474
35.3630,0.5853,2.5202
35.3632,0.6784,2.9173
35.3634,0.7277,3.1292
35.3636,0.7337,3.1535
35.3638,0.7658,3.2993
35.3640,0.6432,2.7734
35.3642,0.5799,2.4969
35.3644,0.5764,2.4843
35.3646,0.576,2.4827
35.3648,0.6017,2.5885
35.3650,0.6485,2.7884
35.3652,0.7217,3.0962
35.3654,0.8789,3.7688
35.3656,0.8655,3.7216
35.3658,0.7684,3.3055
35.3660,0.7481,3.2153
35.3662,0.781,3.3534
35.3664,0.7904,3.3988
35.3666,0.781,3.3565
35.3668,0.81,3.4796
35.3670,0.8443,3.6253
35.3672,0.9126,3.9115
35.3674,1.0082,4.3271
35.3676,0.9371,4.0238
35.3678,0.9,3.8647
35.3680,0.825,3.5473
35.3682,0.7097,3.0533
35.3684,0.6927,2.9814
35.3686,0.6939,2.9838
35.3688,0.7654,3.2972
35.3690,0.6449,2.7768
35.3692,0.6222,2.6829
35.3694,0.6012,2.5912
35.3696,0.6157,2.6525
35.3698,0.6013,2.5917
35.3700,0.5971,2.5737
35.3702,0.5854,2.523
35.3704,0.5765,2.4871
35.3706,0.5958,2.568
35.3708,0.6227,2.6837
35.3710,0.6114,2.6315
35.3712,0.6738,2.9012
35.3714,0.6829,2.9391
35.3716,0.6668,2.8673
35.3718,0.6724,2.8955
35.3720,0.6126,2.6379
35.3722,0.6816,2.9334
35.3724,0.7222,3.1084
35.3726,0.6859,2.9492
35.3728,0.706,3.0359
35.3730,0.7579,3.253
35.3732,0.8575,3.6802
35.3734,0.8417,3.6162
35.3736,0.8667,3.7216
35.3738,0.8945,3.8357
35.3740,0.9752,4.1778
35.3742,0.9958,4.2661
35.3744,1.0142,4.3488
35.3746,0.9951,4.2571
35.3748,1.1823,5.0484
35.3750,1.2281,5.2464
35.3752,1.2179,5.2004
35.3754,1.2454,5.3177
35.3756,1.268,5.417
35.3758,1.1968,5.1271
35.3760,1.0702,4.5846
35.3762,1.0289,4.4059
35.3764,1.1113,4.7564
35.3766,1.1639,4.9886
35.3768,1.1148,4.7735
35.3770,1.1225,4.8063
35.3772,1.0582,4.5438
35.3774,0.9204,3.9541
35.3776,0.8859,3.8022
35.3778,1.0178,4.3622
35.3780,1.081,4.6308
35.3782,1.1067,4.7413
35.3784,1.1217,4.8077
35.3786,1.1004,4.7119
35.3788,1.1319,4.8537
35.3790,0.9998,4.2911
35.3792,0.8828,3.8012
35.3794,0.8027,3.4579
35.3796,0.7344,3.1654
35.3798,0.6914,2.9785
35.3800,0.6622,2.853
35.3802,0.6747,2.908
35.3804,0.6825,2.9403
35.3806,0.718,3.0889
35.3808,0.8013,3.4442
35.3810,0.8445,3.6348
35.3812,0.7975,3.4325
35.3814,0.8204,3.5294
35.3816,0.7838,3.3768
35.3818,0.6913,2.9807
35.3820,0.6801,2.9231
35.3822,0.8108,3.4995
35.3824,0.5916,2.5534
35.3826,0.5982,2.5807
35.3828,0.5959,2.5685
35.3830,0.6656,2.8674
35.3832,0.6939,2.9893
35.3834,0.6245,2.6927
35.3836,0.6301,2.717
35.3838,0.5676,2.4522
35.3840,0.5372,2.3163
35.3842,0.6278,2.7047
35.3844,0.6702,2.8897
35.3846,0.6328,2.7259
35.3848,0.6318,2.7218
35.3850,0.7093,3.0526
35.3852,0.7322,3.1541
35.3854,0.6748,2.9086
35.3856,0.6486,2.7941
35.3858,0.6317,2.7238
35.3860,0.627,2.7049
35.3862,0.6235,2.6861
35.3864,0.6752,2.9101
35.3866,0.6163,2.665
35.3868,0.4643,2.0066
35.3870,0.4344,1.8776
35.3872,0.4481,1.9349
35.3874,0.4969,2.1466
35.3876,0.5941,2.5584
35.3878,0.7186,3.0929
35.3880,0.6642,2.8652
35.3882,0.5945,2.5635
35.3884,0.6034,2.5969
35.3886,0.6691,2.8837
35.3888,0.6301,2.7158
35.3890,0.6106,2.6315
35.3892,0.6549,2.8201
35.3894,0.6962,2.995
35.3896,0.7782,3.3447
35.3898,0.7686,3.3127
35.3900,0.6317,2.7225
35.3902,0.5956,2.5658
35.3904,0.5976,2.5733
35.3906,0.6385,2.7545
35.3908,0.5878,2.5381
35.3910,0.5717,2.4652
35.3912,0.5987,2.5792
35.3914,0.5993,2.583
35.3916,0.6082,2.6224
35.3918,0.5789,2.4951
35.3920,0.5705,2.4589
35.3922,0.5687,2.4535
35.3924,0.5766,2.4876
35.3926,0.5873,2.5325
35.3928,0.5762,2.4855
35.3930,0.5715,2.4642
35.3932,0.5513,2.3785
35.3934,0.5366,2.3127
35.3936,0.6199,2.6743
35.3938,0.5156,2.2253
35.3940,0.5228,2.2501
35.3942,0.6269,2.7018
35.3944,0.5903,2.5454
35.3946,0.5951,2.5661
35.3948,0.5534,2.3884
35.3950,0.4826,2.0849
35.3952,0.4782,2.0648
35.3954,0.4813,2.0773
35.3956,0.5232,2.2548
35.3958,0.6097,2.6267
35.3960,0.6808,2.9303
35.3962,0.6893,2.9614
35.3964,0.7757,3.3339
35.3966,0.8094,3.4771
35.3968,0.8091,3.4728
35.3970,0.7867,3.3876
35.3972,0.6654,2.8637
35.3974,0.6854,2.954
35.3976,0.6644,2.8636
35.3978,0.6125,2.6361
35.3980,0.6715,2.8874
35.3982,0.7233,3.113
35.3984,0.7192,3.0897
35.3986,0.7564,3.2448
35.3988,0.8391,3.6065
35.3990,0.8364,3.5946
35.3992,0.8306,3.5716
35.3994,0.7753,3.3292
35.3996,0.817,3.5133
35.3998,0.7648,3.29
35.4000,0.6811,2.9313
35.4002,0.6533,2.8129
35.4004,0.6155,2.6552
35.4006,0.5543,2.3914
35.4008,0.5269,2.2719
35.4010,0.5174,2.231
35.4012,0.5185,2.2378
35.4014,0.5175,2.2326
35.4016,0.5192,2.2388
35.4018,0.5246,2.2631
35.4020,0.5214,2.2491
35.4022,0.5203,2.2434
35.4024,0.5188,2.2383
35.4026,0.5217,2.2507
35.4028,0.5234,2.2569
35.4030,0.5211,2.246
35.4032,0.5187,2.2377
35.4034,0.5233,2.2553
35.4036,0.5215,2.2465
35.4038,0.523,2.2564
35.4040,0.5708,2.4577
35.4042,0.6324,2.7218
35.4044,0.6589,2.8385
35.4046,0.6306,2.7153
35.4048,0.5934,2.5541
35.4050,0.6169,2.6515
35.4052,0.711,3.0604
35.4054,0.6579,2.8317
35.4056,0.6359,2.7368
35.4058,0.7256,3.1199
35.4060,0.7858,3.3756
35.4062,0.7772,3.3375
35.4064,0.7983,3.4265
35.4066,0.8507,3.6514
35.4068,0.8446,3.6234
35.4070,0.8658,3.7162
35.4072,0.9438,4.047
35.4074,0.9906,4.2435
35.4076,0.987,4.2261
35.4078,1.0314,4.4187
35.4080,1.044,4.4643
35.4082,1.1013,4.7204
35.4084,0.9775,4.1895
35.4086,1.0066,4.3124
35.4088,1.03,4.4125
35.4090,0.9892,4.2497
35.4092,0.8716,3.7444
35.4094,0.8965,3.848
35.4096,0.9286,3.9817
35.4098,0.9254,3.972
35.4100,0.8976,3.8526
35.4102,0.9308,3.997
35.4104,0.8801,3.7757
35.4106,0.8872,3.8132
35.4108,0.8051,3.4634
35.4110,0.7724,3.3215
35.4112,0.7696,3.3107
35.4114,0.71,3.0557
35.4116,0.7467,3.2092
35.4118,0.8294,3.5631
35.4120,0.8084,3.4746
35.4122,0.714,3.0747
35.4124,0.7414,3.1894
35.4126,0.7557,3.2493
35.4128,0.7573,3.255
35.4130,0.7212,3.1042
35.4132,0.7479,3.2188
35.4134,0.7795,3.3504
35.4136,0.7471,3.2202
35.4138,0.6451,2.7765
35.4140,0.7524,3.2324
35.4142,0.7841,3.3731
35.4144,0.7349,3.1586
35.4146,0.7884,3.3901
35.4148,0.7928,3.4092
35.4150,0.7926,3.4113
35.4152,0.6883,2.9609
35.4154,0.6932,2.9835
35.4156,0.7492,3.223
35.4158,0.7585,3.2602
35.4160,0.7682,3.3035
35.4162,0.783,3.37
35.4164,0.7519,3.2318
35.4166,0.7614,3.2832
35.4168,0.6482,2.7912
35.4170,0.6938,2.9833
35.4172,0.7372,3.1729
35.4174,0.756,3.2509
35.4176,0.7692,3.3107
35.4178,0.6883,2.9651
35.4180,0.6812,2.9359
35.4182,0.7209,3.1012
35.4184,0.7359,3.1687
35.4186,0.6814,2.9356
35.4188,0.694,2.9899
35.4190,0.6829,2.9377
35.4192,0.7638,3.2813
35.4194,0.7963,3.4273
35.4196,0.6994,3.0159
35.4198,0.6215,2.6798
35.4200,0.6205,2.6769
35.4202,0.5431,2.3449
35.4204,0.5577,2.4025
35.4206,0.6582,2.8341
35.4208,0.6383,2.7484
35.4210,0.6644,2.8583
35.4212,0.6819,2.9377
35.4214,0.6805,2.9288
35.4216,0.7114,3.0619
35.4218,0.7005,3.0121
35.4220,0.8067,3.4657
35.4222,0.8756,3.7562
35.4224,0.8595,3.6941
35.4226,0.772,3.3241
35.4228,0.6895,2.9702
35.4230,0.6732,2.9
35.4232,0.6726,2.8947
35.4234,0.6736,2.902
35.4236,0.6765,2.9144
35.4238,0.6751,2.9069
35.4240,0.6681,2.8783
35.4242,0.6712,2.8904
35.4244,0.6734,2.8983
35.4246,0.6769,2.9133
35.4248,0.7028,3.0233
35.4250,0.8266,3.5562
35.4252,0.7814,3.3617
35.4254,0.7127,3.069
35.4256,0.6756,2.9089
35.4258,0.6676,2.8749
35.4260,0.6342,2.7321
35.4262,0.6916,2.9809
35.4264,0.6204,2.6764
35.4266,0.5765,2.4859
35.4268,0.5726,2.47
35.4270,0.5693,2.456
35.4272,0.5722,2.4662
35.4274,0.5745,2.4783
35.4276,0.5709,2.4605
35.4278,0.5686,2.4518
35.4280,0.5582,2.4079
35.4282,0.6094,2.6252
35.4284,0.6905,2.9721
35.4286,0.7009,3.0165
35.4288,0.6754,2.9098
35.4290,0.6083,2.6217
35.4292,0.6142,2.6483
35.4294,0.623,2.6803
35.4296,0.7205,3.0982
35.4298,0.7642,3.289
35.4300,0.7268,3.1309
35.4302,0.6218,2.6776
35.4304,0.622,2.6806
35.4306,0.5997,2.5845
35.4308,0.577,2.4891
35.4310,0.5989,2.5766
35.4312,0.6889,2.969
35.4314,0.6838,2.9391
35.4316,0.7585,3.2587
35.4318,0.7499,3.2276
35.4320,0.7203,3.103
35.4322,0.6895,2.9675
35.4324,0.6497,2.7961
35.4326,0.6479,2.7897
35.4328,0.6419,2.7664
35.4330,0.6193,2.668
35.4332,0.6276,2.7012
35.4334,0.6899,2.9709
35.4336,0.6766,2.9136
35.4338,0.6372,2.7437
35.4340,0.6265,2.7015
35.4342,0.6462,2.7825
35.4344,0.7375,3.1759
35.4346,0.677,2.9151
35.4348,0.5777,2.4888
35.4350,0.6085,2.6252
35.4352,0.5354,2.3086
35.4354,0.5404,2.3292
35.4356,0.6275,2.7006
35.4358,0.6852,2.9489
35.4360,0.6875,2.9606
35.4362,0.6995,3.0122
35.4364,0.6806,2.9266
35.4366,0.7186,3.0914
35.4368,0.6594,2.8392
35.4370,0.6512,2.8041
35.4372,0.6769,2.9106
35.4374,0.7505,3.2286
35.4376,0.6969,2.9995
35.4378,0.7031,3.0263
35.4380,0.7652,3.2952
35.4382,0.6607,2.8462
35.4384,0.586,2.5256
35.4386,0.6462,2.7825
35.4388,0.6754,2.9044
35.4390,0.7206,3.0916
35.4392,0.8396,3.6052
35.4394,0.8637,3.7087
35.4396,0.8648,3.7116
35.4398,0.9172,3.9328
35.4400,0.9486,4.0656
35.4402,1.028,4.4059
35.4404,1.0296,4.4069
35.4406,1.0346,4.4279
35.4408,1.0631,4.5522
35.4410,1.0665,4.5666
35.4412,1.1384,4.8701
35.4414,1.1683,4.9908
35.4416,1.1867,5.0721
35.4418,1.1745,5.0198
35.4420,1.2284,5.2504
35.4422,1.1362,4.8745
35.4424,1.0354,4.4336
35.4426,1.0491,4.4942
35.4428,1.0888,4.6621
35.4430,1.1073,4.7416
35.4432,1.0711,4.5952
35.4434,0.9629,4.1306
35.4436,0.9088,3.9005
35.4438,0.9028,3.8765
35.4440,0.9439,4.0569
35.4442,0.8918,3.8327
35.4444,0.8386,3.6044
35.4446,0.7911,3.4019
35.4448,0.821,3.527
35.4450,0.8998,3.8601
35.4452,0.9143,3.9278
35.4454,0.8397,3.6225
35.4456,0.6331,2.7287
35.4458,0.6644,2.8636
35.4460,0.6534,2.8173
35.4462,0.6545,2.8207
35.4464,0.6458,2.7796
35.4466,0.7216,3.1058
35.4468,0.7438,3.2057
35.4470,0.7128,3.0709
35.4472,0.7587,3.2668
35.4474,0.714,3.0775
35.4476,0.686,2.9552
35.4478,0.6687,2.8849
35.4480,0.6507,2.8008
35.4482,0.6975,3.0048
35.4484,0.6602,2.8481
35.4486,0.6084,2.6198
35.4488,0.7036,3.0312
35.4490,0.6776,2.9177
35.4492,0.6541,2.8205
35.4494,0.6238,2.6896
35.4496,0.6411,2.7633
35.4498,0.6422,2.7654
35.4500,0.6489,2.7956
35.4502,0.6545,2.8194
35.4504,0.6535,2.8166
35.4506,0.6746,2.9062
35.4508,0.6915,2.9762
35.4510,0.712,3.0631
35.4512,0.704,3.0341
35.4514,0.6339,2.7323
35.4516,0.6166,2.6574
35.4518,0.6187,2.6679
35.4520,0.61,2.6302
35.4522,0.6097,2.6352
35.4524,0.4616,1.9952
35.4526,0.4287,1.851
35.4528,0.4923,2.1279
35.4530,0.4542,1.9613
35.4532,0.4931,2.129
35.4534,0.4829,2.086
35.4536,0.5299,2.2859
35.4538,0.5754,2.4824
35.4540,0.6047,2.605
35.4542,0.6511,2.801
35.4544,0.7013,3.02
35.4546,0.6814,2.9342
35.4548,0.6583,2.8385
35.4550,0.6025,2.5969
35.4552,0.6136,2.6432
35.4554,0.6704,2.8867
35.4556,0.709,3.0473
35.4558,0.7688,3.3014
35.4560,0.8317,3.5729
35.4562,0.8142,3.4944
35.4564,0.8865,3.803
35.4566,0.8751,3.7611
35.4568,0.7931,3.4102
35.4570,0.8404,3.6138
35.4572,0.765,3.2941
35.4574,0.7063,3.0425
35.4576,0.6673,2.8733
35.4578,0.6738,2.8985
35.4580,0.7552,3.2442
35.4582,0.7799,3.3566
35.4584,0.7871,3.3891
35.4586,0.7194,3.0936
35.4588,0.7393,3.1792
35.4590,0.7816,3.3607
35.4592,0.7306,3.1474
35.4594,0.6071,2.6129
35.4596,0.6235,2.6886
35.4598,0.5892,2.5384
35.4600,0.647,2.7887
35.4602,0.5564,2.4013
35.4604,0.5071,2.1916
35.4606,0.4993,2.1539
35.4608,0.4964,2.1415
35.4610,0.4995,2.155
35.4612,0.5005,2.1611
35.4614,0.4914,2.1218
35.4616,0.4845,2.0923
35.4618,0.482,2.0814
35.4620,0.4847,2.0918
35.4622,0.4928,2.127
35.4624,0.4871,2.1022
35.4626,0.5174,2.231
35.4628,0.574,2.4705
35.4630,0.6374,2.7435
35.4632,0.6331,2.7287
35.4634,0.5854,2.5242
35.4636,0.5981,2.5778
35.4638,0.592,2.5514
35.4640,0.5694,2.4531
35.4642,0.6051,2.6066
35.4644,0.6288,2.7063
35.4646,0.6409,2.7572
35.4648,0.653,2.8145
35.4650,0.6371,2.7458
35.4652,0.6456,2.7799
35.4654,0.6534,2.8134
35.4656,0.6465,2.7853
35.4658,0.651,2.8031
35.4660,0.6299,2.7097
35.4662,0.6302,2.7138
35.4664,0.6324,2.7269
35.4666,0.5681,2.4497
35.4668,0.5276,2.276
35.4670,0.5265,2.2714
35.4672,0.5263,2.2703
35.4674,0.5228,2.2532
35.4676,0.5187,2.2346
35.4678,0.5224,2.2538
35.4680,0.5271,2.2729
35.4682,0.5301,2.2858
35.4684,0.5227,2.2559
35.4686,0.5179,2.2321
35.4688,0.6096,2.6238
35.4690,0.6863,2.9554
35.4692,0.5501,2.3711
35.4694,0.5687,2.45
35.4696,0.5558,2.3965
35.4698,0.5552,2.3895
35.4700,0.6501,2.7982
35.4702,0.6392,2.7525
35.4704,0.6284,2.7048
35.4706,0.6118,2.6379
35.4708,0.5306,2.2868
35.4710,0.5306,2.2858
35.4712,0.5596,2.4108
35.4714,0.5832,2.5102
35.4716,0.651,2.8044
35.4718,0.6257,2.6967
35.4720,0.6122,2.6339
35.4722,0.6714,2.8815
35.4724,0.792,3.4024
35.4726,0.7935,3.4075
35.4728,0.8596,3.6843
35.4730,0.8889,3.8097
35.4732,0.9409,4.0327
35.4734,0.942,4.0449
35.4736,0.8632,3.7015
35.4738,0.9001,3.8598
35.4740,0.9129,3.918
35.4742,0.9018,3.8652
35.4744,0.906,3.8832
35.4746,0.9302,3.9833
35.4748,1.0752,4.5997
35.4750,1.1147,4.7663
35.4752,1.1332,4.8457
35.4754,1.1162,4.7796
35.4756,1.0627,4.5464
35.4758,1.134,4.8443
35.4760,1.1097,4.7608
35.4762,0.9108,3.9147
35.4764,0.8474,3.6404
35.4766,0.8599,3.6905
35.4768,0.8886,3.814
35.4770,0.8886,3.8176
35.4772,0.8384,3.6017
35.4774,0.8692,3.7306
35.4776,0.9178,3.9354
35.4778,0.9589,4.1098
35.4780,1.0143,4.3493
35.4782,1.0053,4.3107
35.4784,0.9035,3.8832
35.4786,0.7849,3.3704
35.4788,0.8509,3.6519
35.4790,0.8621,3.7054
35.4792,0.8493,3.6503
35.4794,0.8554,3.6749
35.4796,0.8994,3.8585
35.4798,0.9456,4.0604
35.4800,0.9099,3.9087
35.4802,0.8284,3.5606
35.4804,0.803,3.4562
35.4806,0.7837,3.3684
35.4808,0.8298,3.563
35.4810,0.8949,3.8408
35.4812,0.9766,4.1878
35.4814,0.9906,4.2515
35.4816,0.8627,3.7115
35.4818,0.7108,3.0593
35.4820,0.6968,3.0017
35.4822,0.6854,2.9581
35.4824,0.6163,2.6551
35.4826,0.6824,2.9357
35.4828,0.7613,3.2766
35.4830,0.7587,3.2652
35.4832,0.7457,3.208
35.4834,0.7257,3.1262
35.4836,0.6015,2.5935
35.4838,0.5786,2.4959
35.4840,0.5933,2.5607
35.4842,0.575,2.4792
35.4844,0.5815,2.5053
35.4846,0.6539,2.8155
35.4848,0.7325,3.1498
35.4850,0.7541,3.2426
35.4852,0.7352,3.1685
35.4854,0.6125,2.6435
35.4856,0.5771,2.4897
35.4858,0.5602,2.4156
35.4860,0.5702,2.4608
35.4862,0.556,2.3997
35.4864,0.5804,2.5025
35.4866,0.5759,2.4833
35.4868,0.5722,2.4696
35.4870,0.57,2.4614
35.4872,0.5721,2.4691
35.4874,0.5663,2.4397
35.4876,0.6178,2.6601
35.4878,0.7233,3.1072
35.4880,0.7849,3.3798
35.4882,0.6863,2.9554
35.4884,0.6863,2.9527
35.4886,0.685,2.9497
35.4888,0.6999,3.0124
35.4890,0.7209,3.1056
35.4892,0.6542,2.8157
35.4894,0.6476,2.7861
35.4896,0.6554,2.8222
35.4898,0.6772,2.9162
35.4900,0.697,2.9972
35.4902,0.7435,3.2017
35.4904,0.6656,2.8714
35.4906,0.5893,2.5424
35.4908,0.5997,2.5773
35.4910,0.7828,3.3658
35.4912,0.7411,3.1958
35.4914,0.6402,2.7592
35.4916,0.6114,2.6339
35.4918,0.5995,2.5852
35.4920,0.653,2.8184
35.4922,0.5619,2.424
35.4924,0.5404,2.3314
35.4926,0.5461,2.3568
35.4928,0.5474,2.3614
35.4930,0.5447,2.3489
35.4932,0.5764,2.482
35.4934,0.6338,2.7331
35.4936,0.5823,2.5107
35.4938,0.5573,2.4043
35.4940,0.5935,2.5546
35.4942,0.7395,3.1768
35.4944,0.8048,3.4639
35.4946,0.7113,3.0614
35.4948,0.6818,2.9344
35.4950,0.6831,2.9374
35.4952,0.748,3.2223
35.4954,0.68,2.9267
35.4956,0.712,3.0616
35.4958,0.7756,3.3318
35.4960,0.7877,3.3854
35.4962,0.7804,3.3524
35.4964,0.7864,3.3797
35.4966,0.7657,3.2896
35.4968,0.7866,3.3839
35.4970,0.7348,3.164
35.4972,0.7294,3.1349
35.4974,0.7565,3.2544
35.4976,0.734,3.1575
35.4978,0.7403,3.1818
35.4980,0.7712,3.3117
35.4982,0.8307,3.5721
35.4984,0.8179,3.5169
35.4986,0.8121,3.484
35.4988,0.8554,3.6766
35.4990,0.7053,3.0384
35.4992,0.6378,2.7463
35.4994,0.6425,2.7639
35.4996,0.6529,2.8101
35.4998,0.651,2.8044
35.5000,0.653,2.8132
35.5002,0.6634,2.8555
35.5004,0.6798,2.9257
35.5006,0.7084,3.0476
35.5008,0.6878,2.9657
35.5010,0.5676,2.4477
35.5012,0.5521,2.3805
35.5014,0.5548,2.3935
35.5016,0.5318,2.2941
35.5018,0.6046,2.6069
35.5020,0.6367,2.7429
35.5022,0.5997,2.5857
35.5024,0.5973,2.573
35.5026,0.6034,2.5981
35.5028,0.6557,2.8232
35.5030,0.684,2.941
35.5032,0.7132,3.0725
35.5034,0.6539,2.8168
35.5036,0.6845,2.9422
35.5038,0.7178,3.0864
35.5040,0.6645,2.8614
35.5042,0.6753,2.9039
35.5044,0.7396,3.1861
35.5046,0.6175,2.6628
35.5048,0.5883,2.5319
35.5050,0.6949,2.9907
35.5052,0.7335,3.1525
35.5054,0.7463,3.2091
35.5056,0.7152,3.0741
35.5058,0.7625,3.2787
35.5060,0.8096,3.4765
35.5062,0.8866,3.7999
35.5064,0.9858,4.2309
35.5066,0.9365,4.0156
35.5068,0.9366,4.018
35.5070,0.8967,3.8449
35.5072,0.9247,3.9689
35.5074,0.917,3.9341
35.5076,0.9028,3.8747
35.5078,0.889,3.8156
35.5080,0.8685,3.731
35.5082,0.8684,3.7305
35.5084,0.8259,3.5482
35.5086,0.8471,3.6342
35.5088,0.8811,3.7869
35.5090,0.8234,3.5357
35.5092,0.8223,3.5327
35.5094,0.8025,3.4509
35.5096,0.8124,3.4916
35.5098,0.8268,3.5567
35.5100,0.7624,3.2797
35.5102,0.6991,3.0101
35.5104,0.6612,2.8457
35.5106,0.6879,2.9635
35.5108,0.6569,2.8297
35.5110,0.7011,3.0189
35.5112,0.7101,3.0591
35.5114,0.6964,2.9988
35.5116,0.6802,2.9291
35.5118,0.7246,3.1129
35.5120,0.8087,3.4772
35.5122,0.7602,3.272
35.5124,0.7807,3.3586
35.5126,0.7593,3.2678
35.5128,0.7239,3.117
35.5130,0.6844,2.9499
35.5132,0.6977,2.9989
35.5134,0.7463,3.2106
35.5136,0.7438,3.2012
35.5138,0.7354,3.1681
35.5140,0.6459,2.7853
35.5142,0.6108,2.6314
35.5144,0.6855,2.9491
35.5146,0.7686,3.3096
35.5148,0.6885,2.9675
35.5150,0.6161,2.6516
35.5152,0.6867,2.957
35.5154,0.6905,2.9721
35.5156,0.7106,3.0583
35.5158,0.7483,3.2194
35.5160,0.7521,3.2384
35.5162,0.6589,2.8425
35.5164,0.5778,2.4916
35.5166,0.6012,2.5888
35.5168,0.6234,2.6843
35.5170,0.6247,2.69
35.5172,0.6543,2.8215
35.5174,0.5916,2.5523
35.5176,0.518,2.2367
35.5178,0.5065,2.187
35.5180,0.5067,2.185
35.5182,0.563,2.4252
35.5184,0.6246,2.6895
35.5186,0.6342,2.7308
35.5188,0.6306,2.7153
35.5190,0.623,2.6828
35.5192,0.6732,2.9
35.5194,0.6571,2.8268
35.5196,0.6903,2.9738
35.5198,0.6807,2.9312
35.5200,0.6999,3.011
35.5202,0.6398,2.7576
35.5204,0.5947,2.561
35.5206,0.6457,2.7843
35.5208,0.6034,2.5993
35.5210,0.6397,2.7546
35.5212,0.6801,2.9231
35.5214,0.7362,3.1673
35.5216,0.7163,3.0902
35.5218,0.5594,2.4109
35.5220,0.5303,2.2869
35.5222,0.5353,2.3102
35.5224,0.5389,2.3257
35.5226,0.5317,2.2936
35.5228,0.533,2.2982
35.5230,0.5319,2.2947
35.5232,0.5378,2.3189
35.5234,0.5411,2.3334
35.5236,0.5309,2.2895
35.5238,0.5711,2.4615
35.5240,0.6217,2.6821
35.5242,0.5661,2.4409
35.5244,0.5501,2.3711
35.5246,0.5299,2.2837
35.5248,0.5302,2.2853
35.5250,0.5235,2.2584
35.5252,0.5277,2.2713
35.5254,0.638,2.7473
35.5256,0.551,2.3769
35.5258,0.4674,2.0182
35.5260,0.4612,1.9913
35.5262,0.4646,2.0063
35.5264,0.4642,2.0033
35.5266,0.4642,2.0033
35.5268,0.4627,1.998
35.5270,0.4624,1.9946
35.5272,0.4664,2.0122
35.5274,0.4649,2.0074
35.5276,0.466,2.0129
35.5278,0.4627,1.9962
35.5280,0.4606,1.9869
35.5282,0.4651,2.0075
35.5284,0.466,2.0111
35.5286,0.5077,2.1871
35.5288,0.5669,2.4378
35.5290,0.7027,3.0228
35.5292,0.6787,2.9237
35.5294,0.5874,2.5295
35.5296,0.5378,2.3178
35.5298,0.5519,2.3766
35.5300,0.5988,2.5773
35.5302,0.6143,2.6463
35.5304,0.6006,2.5838
35.5306,0.6853,2.9494
35.5308,0.647,2.7861
35.5310,0.6055,2.6062
35.5312,0.6241,2.6887
35.5314,0.5971,2.5713
35.5316,0.6355,2.7314
35.5318,0.6732,2.8986
35.5320,0.6076,2.6162
35.5322,0.636,2.7347
35.5324,0.6828,2.9345
35.5326,0.7191,3.0921
35.5328,0.663,2.8574
35.5330,0.5835,2.5171
35.5332,0.5017,2.1633
35.5334,0.5056,2.1814
35.5336,0.4903,2.1142
35.5338,0.4928,2.124
35.5340,0.4821,2.08
35.5342,0.5402,2.3282
35.5344,0.6022,2.5906
35.5346,0.6354,2.7373
35.5348,0.5796,2.4971
35.5350,0.5953,2.5623
35.5352,0.6266,2.6958
35.5354,0.6463,2.7791
35.5356,0.7275,3.1267
35.5358,0.7483,3.2134
35.5360,0.7577,3.2596
35.5362,0.7035,3.0278
35.5364,0.6491,2.7935
35.5366,0.6356,2.7345
35.5368,0.6616,2.8438
35.5370,0.6842,2.942
35.5372,0.7108,3.0551
35.5374,0.7269,3.1212
35.5376,0.784,3.3663
35.5378,0.8638,3.7075
35.5380,0.8319,3.5722
35.5382,0.7625,3.2741
35.5384,0.7893,3.3831
35.5386,0.8681,3.7243
35.5388,0.8641,3.7051
35.5390,0.8244,3.5365
35.5392,0.8518,3.656
35.5394,0.8879,3.8091
35.5396,0.8824,3.7872
35.5398,0.8264,3.5502
35.5400,0.7776,3.3406
35.5402,0.7911,3.3956
35.5404,0.8467,3.6322
35.5406,0.8838,3.7899
35.5408,0.8934,3.831
35.5410,0.978,4.1955
35.5412,0.9546,4.0875
35.5414,1.0445,4.4663
35.5416,1.0936,4.676
35.5418,1.0825,4.6354
35.5420,0.9046,3.8897
35.5422,0.7413,3.186
35.5424,0.7203,3.1001
35.5426,0.7163,3.0859
35.5428,0.6649,2.859
35.5430,0.7081,3.0446
35.5432,0.7232,3.111
35.5434,0.7181,3.0865
35.5436,0.7241,3.1123
35.5438,0.7259,3.1229
35.5440,0.7307,3.1421
35.5442,0.7721,3.3215
35.5444,0.7196,3.0912
35.5446,0.7372,3.1699
35.5448,0.7938,3.4069
35.5450,0.882,3.7786
35.5452,0.9524,4.0878
35.5454,0.7993,3.437
35.5456,0.7402,3.1828
35.5458,0.7031,3.0263
35.5460,0.686,2.9525
35.5462,0.6808,2.9289
35.5464,0.716,3.0787
35.5466,0.7251,3.1178
35.5468,0.7015,3.0177
35.5470,0.6974,3.0001
35.5472,0.6951,2.9931
35.5474,0.6748,2.9045
35.5476,0.6933,2.9895
35.5478,0.6134,2.6439
35.5480,0.5594,2.4109
35.5482,0.562,2.42
35.5484,0.6373,2.743
35.5486,0.6444,2.7747
35.5488,0.6802,2.9277
35.5490,0.7106,3.0569
35.5492,0.6977,3.0031
35.5494,0.6584,2.8364
35.5496,0.6513,2.802
35.5498,0.7083,3.0471
35.5500,0.6836,2.9435
35.5502,0.6654,2.8611
35.5504,0.7669,3.2962
35.5506,0.7575,3.2631
35.5508,0.6333,2.731
35.5510,0.6199,2.6669
35.5512,0.6744,2.9024
35.5514,0.6901,2.9714
35.5516,0.6542,2.8197
35.5518,0.5763,2.4837
35.5520,0.5616,2.4207
35.5522,0.5848,2.5193
35.5524,0.6566,2.8287
35.5526,0.5887,2.5387
35.5528,0.5818,2.5064
35.5530,0.5985,2.5746
35.5532,0.6055,2.6062
35.5534,0.6504,2.7992
35.5536,0.7324,3.142
35.5538,0.8727,3.7456
35.5540,0.8637,3.7087
35.5542,0.8216,3.5247
35.5544,0.8045,3.4576
35.5546,0.7523,3.2364
35.5548,0.7283,3.1303
35.5550,0.7465,3.2131
35.5552,0.744,3.2008
35.5554,0.7438,3.1968
35.5556,0.7925,3.406
35.5558,0.7688,3.3076
35.5560,0.7628,3.2803
35.5562,0.7832,3.3679
35.5564,0.7071,3.0433
35.5566,0.6945,2.9891
35.5568,0.7006,3.0141
35.5570,0.7931,3.4007
35.5572,0.8759,3.7577
35.5574,0.8461,3.6398
35.5576,0.7204,3.1006
35.5578,0.6694,2.8826
35.5580,0.7018,3.0192
35.5582,0.6969,2.9995
35.5584,0.6662,2.8713
35.5586,0.664,2.8567
35.5588,0.6789,2.922
35.5590,0.7119,3.0625
35.5592,0.7393,3.1836
35.5594,0.6282,2.7063
35.5596,0.62,2.6724
35.5598,0.5901,2.542
35.5600,0.591,2.5485
35.5602,0.6064,2.6074
35.5604,0.812,3.4884
35.5606,0.8075,3.4688
35.5608,0.7527,3.2455
35.5610,0.5926,2.554
35.5612,0.5652,2.4362
35.5614,0.5613,2.4214
35.5616,0.5608,2.4171
35.5618,0.6238,2.6847
35.5620,0.6832,2.9406
35.5622,0.6982,3.0065
35.5624,0.6657,2.8693
35.5626,0.56,2.4135
35.5628,0.6298,2.7105
35.5630,0.6444,2.7747
35.5632,0.6396,2.7566
35.5634,0.6401,2.7548
35.5636,0.7325,3.1483
35.5638,0.7446,3.2078
35.5640,0.6397,2.7571
35.5642,0.626,2.6945
35.5644,0.6867,2.9556
35.5646,0.7132,3.0682
35.5648,0.7118,3.0635
35.5650,0.6723,2.8923
35.5652,0.6959,2.9967
35.5654,0.6654,2.8624
35.5656,0.6597,2.8395
35.5658,0.6774,2.9153
35.5660,0.7079,3.0455
35.5662,0.7512,3.2347
35.5664,0.6944,2.9886
35.5666,0.6758,2.9113
35.5668,0.6086,2.6208
35.5670,0.6709,2.8888
35.5672,0.6582,2.838
35.5674,0.5381,2.3205
35.5676,0.5209,2.2491
35.5678,0.4859,2.096
35.5680,0.4866,2.1001
35.5682,0.4853,2.0944
35.5684,0.4857,2.0984
35.5686,0.4835,2.0847
35.5688,0.5555,2.3921
35.5690,0.6022,2.5918
35.5692,0.5959,2.5673
35.5694,0.5782,2.4885
35.5696,0.6061,2.61
35.5698,0.5705,2.4635
35.5700,0.4907,2.1177
35.5702,0.4854,2.0939
35.5704,0.4915,2.1184
35.5706,0.5303,2.2858
35.5708,0.5897,2.5393
35.5710,0.6287,2.7058
35.5712,0.585,2.5191
35.5714,0.6028,2.5919
35.5716,0.7106,3.0555
35.5718,0.7456,3.2045
35.5720,0.7904,3.3957
35.5722,0.8058,3.4584
35.5724,0.8398,3.5995
35.5726,0.8935,3.8333
35.5728,0.8411,3.6052
35.5730,0.92,3.9415
35.5732,0.9856,4.2264
35.5734,0.9961,4.2652
35.5736,0.993,4.2538
35.5738,0.9747,4.1757
35.5740,1.0196,4.3597
35.5742,1.1198,4.7906
35.5744,1.1167,4.7772
35.5746,1.0994,4.7034
35.5748,1.1281,4.8282
35.5750,1.0744,4.609
35.5752,0.954,4.0964
35.5754,0.8697,3.7327
35.5756,0.8679,3.7232
35.5758,0.8735,3.7457
35.5760,0.8988,3.8578
35.5762,0.8594,3.6919
35.5764,0.8331,3.5791
35.5766,0.8236,3.54
35.5768,0.8132,3.4903
35.5770,0.8985,3.8544
35.5772,0.9516,4.0804
35.5774,0.8675,3.7269
35.5776,0.7962,3.4188
35.5778,0.8422,3.6216
35.5780,0.7959,3.4273
35.5782,0.7523,3.2349
35.5784,0.7752,3.3318
35.5786,0.7823,3.3653
35.5788,0.7674,3.3014
35.5790,0.8091,3.4744
35.5792,0.8916,3.8304
35.5794,0.8065,3.4679
35.5796,0.7142,3.0781
35.5798,0.6625,2.8513
35.5800,0.7319,3.1458
35.5802,0.7463,3.2061
35.5804,0.7987,3.4344
35.5806,0.7095,3.0551
35.5808,0.6529,2.8166
35.5810,0.5974,2.5723
35.5812,0.6182,2.6646
35.5814,0.6132,2.6466
35.5816,0.5787,2.4964
35.5818,0.5946,2.5616
35.5820,0.6676,2.8709
35.5822,0.6867,2.957
35.5824,0.6685,2.8785
35.5826,0.6621,2.8591
35.5828,0.5049,2.1793
35.5830,0.4943,2.1322
35.5832,0.511,2.2067
35.5834,0.5005,2.1581
35.5836,0.5562,2.3952
35.5838,0.6405,2.7556
35.5840,0.694,2.9885
35.5842,0.609,2.6285
35.5844,0.5197,2.2388
35.5846,0.5561,2.4003
35.5848,0.5078,2.1927
35.5850,0.4967,2.1426
35.5852,0.491,2.1163
35.5854,0.5404,2.3281
35.5856,0.569,2.4534
35.5858,0.5825,2.5094
35.5860,0.597,2.5731
35.5862,0.6127,2.6396
35.5864,0.5601,2.4151
35.5866,0.5312,2.2884
35.5868,0.5925,2.5488
35.5870,0.6753,2.9052
35.5872,0.7188,3.0925
35.5874,0.7194,3.0979
35.5876,0.6329,2.7302
35.5878,0.5429,2.3433
35.5880,0.5302,2.2863
35.5882,0.5296,2.2827
35.5884,0.5326,2.2978
35.5886,0.5296,2.2827
35.5888,0.538,2.3178
35.5890,0.5407,2.3324
35.5892,0.5411,2.3356
35.5894,0.5365,2.3132
35.5896,0.5458,2.3525
35.5898,0.598,2.5749
35.5900,0.6696,2.8831
35.5902,0.6244,2.691
35.5904,0.5432,2.3411
35.5906,0.5306,2.2868
35.5908,0.5444,2.3474
35.5910,0.595,2.5691
35.5912,0.4994,2.1545
35.5914,0.4768,2.0567
35.5916,0.4855,2.0935
35.5918,0.5674,2.4466
35.5920,0.5137,2.215
35.5922,0.4742,2.0449
35.5924,0.4759,2.0521
35.5926,0.4812,2.0778
35.5928,0.4603,1.9877
35.5930,0.4943,2.1302
35.5932,0.5505,2.3715
35.5934,0.5735,2.4753
35.5936,0.4959,2.1385
35.5938,0.4873,2.1003
35.5940,0.4971,2.1417
35.5942,0.565,2.4318
35.5944,0.666,2.865
35.5946,0.6621,2.8498
35.5948,0.6344,2.7306
35.5950,0.6657,2.8666
35.5952,0.671,2.8853
35.5954,0.7093,3.0469
35.5956,0.7558,3.2453
35.5958,0.8342,3.5804
35.5960,0.8206,3.5255
35.5962,0.7989,3.4355
35.5964,0.762,3.2766
35.5966,0.7417,3.1865
35.5968,0.7634,3.2782
35.5970,0.7955,3.4173
35.5972,0.7476,3.2163
35.5974,0.6549,2.8188
35.5976,0.6525,2.8085
35.5978,0.6511,2.801
35.5980,0.73,3.139
35.5982,0.7356,3.1691
35.5984,0.6223,2.6797
35.5986,0.5945,2.5564
35.5988,0.6295,2.7094
35.5990,0.6144,2.6444
35.5992,0.6828,2.9358
35.5994,0.6766,2.9136
35.5996,0.6248,2.6918
35.5998,0.6019,2.5943
35.6000,0.6067,2.6089
35.6002,0.6805,2.9288
35.6004,0.6166,2.6599
35.6006,0.5114,2.2052
35.6008,0.4947,2.1343
35.6010,0.5023,2.1679
35.6012,0.5034,2.1705
35.6014,0.5024,2.1664
35.6016,0.4974,2.1437
35.6018,0.5682,2.4457
35.6020,0.5976,2.5721
35.6022,0.5974,2.5711
35.6024,0.5465,2.3567
35.6026,0.497,2.1441
35.6028,0.4859,2.096
35.6030,0.4787,2.064
35.6032,0.4836,2.0843
35.6034,0.519,2.2357
35.6036,0.5853,2.5213
35.6038,0.5836,2.5129
35.6040,0.5971,2.5665
35.6042,0.6084,2.6198
35.6044,0.5747,2.4747
35.6046,0.6203,2.6684
35.6048,0.6977,2.9961
35.6050,0.7622,3.2777
35.6052,0.713,3.0658
35.6054,0.7433,3.1918
35.6056,0.7859,3.3698
35.6058,0.8415,3.6033
35.6060,0.9766,4.1781
35.6062,1.009,4.3226
35.6064,0.9782,4.1906
35.6066,0.9872,4.2291
35.6068,0.987,4.2242
35.6070,0.9894,4.2364
35.6072,1.0233,4.3838
35.6074,0.9942,4.255
35.6076,1.018,4.3571
35.6078,1.0462,4.484
35.6080,0.9608,4.1219
35.6082,0.8652,3.7154
35.6084,0.8286,3.5595
35.6086,0.772,3.3164
35.6088,0.7753,3.3339
35.6090,0.7477,3.2168
35.6092,0.7745,3.3287
35.6094,0.7882,3.3843
35.6096,0.8277,3.5575
35.6098,0.7711,3.3174
35.6100,0.8102,3.4758
35.6102,0.9311,3.9925
35.6104,0.8672,3.7236
35.6106,0.8027,3.4546
35.6108,0.7389,3.1786
35.6110,0.7981,3.4334
35.6112,0.6916,2.974
35.6114,0.704,3.0257
35.6116,0.7507,3.2297
35.6118,0.7224,3.1065
35.6120,0.6988,3.0049
35.6122,0.7371,3.1694
35.6124,0.8304,3.5689
35.6126,0.7945,3.4132
35.6128,0.7503,3.2276
35.6130,0.7124,3.0632
35.6132,0.7186,3.0929
35.6134,0.7307,3.1435
35.6136,0.7398,3.1827
35.6138,0.7067,3.0404
35.6140,0.7307,3.1421
35.6142,0.7483,3.2194
35.6144,0.7377,3.1705
35.6146,0.7509,3.2272
35.6148,0.7837,3.3684
35.6150,0.78,3.354
35.6152,0.7101,3.0548
35.6154,0.651,2.8018
35.6156,0.6787,2.9197
35.6158,0.7981,3.4286
35.6160,0.7995,3.4348
35.6162,0.7698,3.3117
35.6164,0.718,3.0874
35.6166,0.7693,3.305
35.6168,0.8498,3.6524
35.6170,0.8138,3.5026
35.6172,0.726,3.1278
35.6174,0.6036,2.6016
35.6176,0.6037,2.6021
35.6178,0.6192,2.665
35.6180,0.6437,2.7703
35.6182,0.6145,2.6474
35.6184,0.5492,2.3691
35.6186,0.5568,2.4
35.6188,0.6128,2.6389
35.6190,0.6492,2.7993
35.6192,0.5811,2.5044
35.6194,0.5586,2.4067
35.6196,0.5724,2.4649
35.6198,0.6182,2.6621
35.6200,0.6746,2.9062
35.6202,0.5869,2.5321
35.6204,0.5842,2.5167
35.6206,0.6462,2.7837
35.6208,0.6211,2.6733
35.6210,0.6738,2.8931
35.6212,0.7963,3.4209
35.6214,0.7901,3.3973
35.6216,0.706,3.0415
35.6218,0.6712,2.8904
35.6220,0.6983,3.0098
35.6222,0.5691,2.4539
35.6224,0.5403,2.3309
35.6226,0.5414,2.3334
35.6228,0.5366,2.3138
35.6230,0.5283,2.276
35.6232,0.606,2.6095
35.6234,0.6234,2.6881
35.6236,0.5739,2.4746
35.6238,0.5397,2.3272
35.6240,0.5302,2.2874
35.6242,0.5246,2.2631
35.6244,0.5269,2.2708
35.6246,0.5552,2.3872
35.6248,0.6054,2.6117
35.6250,0.536,2.309
35.6252,0.5265,2.2693
35.6254,0.5263,2.2693
35.6256,0.5293,2.2822
35.6258,0.5271,2.2719
35.6260,0.5244,2.2621
35.6262,0.5241,2.26
35.6264,0.5357,2.3069
35.6266,0.5986,2.5763
35.6268,0.594,2.5626
35.6270,0.532,2.2952
35.6272,0.5246,2.262
35.6274,0.525,2.2626
35.6276,0.528,2.2765
35.6278,0.5242,2.2605
35.6280,0.5366,2.3105
35.6282,0.6036,2.598
35.6284,0.6567,2.8253
35.6286,0.6697,2.881
35.6288,0.6365,2.7394
35.6290,0.6138,2.6467
35.6292,0.529,2.2812
35.6294,0.5248,2.262
35.6296,0.5315,2.2899
35.6298,0.538,2.3189
35.6300,0.529,2.278
35.6302,0.565,2.4363
35.6304,0.526,2.2662
35.6306,0.5827,2.5128
35.6308,0.5384,2.3226
35.6310,0.5245,2.2605
35.6312,0.523,2.2543
35.6314,0.5303,2.2858
35.6316,0.5329,2.2967
35.6318,0.5204,2.2419
35.6320,0.5566,2.3979
35.6322,0.6199,2.6694
35.6324,0.6227,2.68
35.6326,0.6042,2.6042
35.6328,0.5235,2.2553
35.6330,0.5554,2.3938
35.6332,0.5229,2.2548
35.6334,0.4899,2.1087
35.6336,0.5734,2.4713
35.6338,0.5844,2.5189
35.6340,0.6204,2.669
35.6342,0.676,2.907
35.6344,0.6529,2.8061
35.6346,0.7078,3.0408
35.6348,0.7059,3.0353
35.6350,0.6485,2.791
35.6352,0.6149,2.6489
35.6354,0.6226,2.6782
35.6356,0.6594,2.8353
35.6358,0.6428,2.7667
35.6360,0.6328,2.7246
35.6362,0.6405,2.7531
35.6364,0.6711,2.8845
35.6366,0.6744,2.8997
35.6368,0.692,2.9714
35.6370,0.7461,3.2051
35.6372,0.7457,3.2035
35.6374,0.7552,3.2488
35.6376,0.7001,3.0064
35.6378,0.7455,3.2055
35.6380,0.7226,3.1027
35.6382,0.7517,3.2278
35.6384,0.787,3.3792
35.6386,0.8362,3.5891
35.6388,0.8324,3.576
35.6390,0.8251,3.533
35.6392,0.9308,3.9859
35.6394,0.9317,3.9932
35.6396,0.936,4.0117
35.6398,0.9458,4.0538
35.6400,0.9548,4.0962
35.6402,0.9576,4.0965
35.6404,1.0698,4.5831
35.6406,1.0422,4.4608
35.6408,1.0583,4.5274
35.6410,1.0421,4.4602
35.6412,1.0457,4.4819
35.6414,0.9933,4.2534
35.6416,1.0505,4.4983
35.6418,1.0874,4.6521
35.6420,1.0497,4.5073
35.6422,0.8668,3.7203
35.6424,0.85,3.6483
35.6426,0.8353,3.5867
35.6428,0.8334,3.5784
35.6430,0.7927,3.4023
35.6432,0.8352,3.5878
35.6434,0.7939,3.4201
35.6436,0.6915,2.9762
35.6438,0.7288,3.1309
35.6440,0.8029,3.4476
35.6442,0.778,3.353
35.6444,0.6308,2.7164
35.6446,0.6493,2.7959
35.6448,0.6651,2.864
35.6450,0.6375,2.7453
35.6452,0.6293,2.7096
35.6454,0.6782,2.9149
35.6456,0.7672,3.3019
35.6458,0.6776,2.9177
35.6460,0.6676,2.8695
35.6462,0.7192,3.0954
35.6464,0.7064,3.036
35.6466,0.8105,3.4833
35.6468,0.7632,3.2864
35.6470,0.737,3.1689
35.6472,0.7552,3.2488
35.6474,0.68,2.9281
35.6476,0.6564,2.8224
35.6478,0.7138,3.0751
35.6480,0.6235,2.6849
35.6482,0.67,2.8852
35.6484,0.6714,2.8909
35.6486,0.7015,3.0205
35.6488,0.6433,2.7688
35.6490,0.6652,2.8619
35.6492,0.6409,2.761
35.6494,0.6407,2.7561
35.6496,0.6644,2.8596
35.6498,0.7134,3.0707
35.6500,0.7269,3.1314
35.6502,0.614,2.6441
35.6504,0.6108,2.6338
35.6506,0.5968,2.5697
35.6508,0.6308,2.7164
35.6510,0.6043,2.6059
35.6512,0.5355,2.3112
35.6514,0.5672,2.4411
35.6516,0.6547,2.8178
35.6518,0.6432,2.7708
35.6520,0.6425,2.7677
35.6522,0.6982,3.0023
35.6524,0.6748,2.9045
35.6526,0.6886,2.9611
35.6528,0.7356,3.1647
35.6530,0.7259,3.1214
35.6532,0.7491,3.2195
35.6534,0.7951,3.4174
35.6536,0.8204,3.5228
35.6538,0.7745,3.3303
35.6540,0.7259,3.1258
35.6542,0.7411,3.1869
35.6544,0.8246,3.5425
35.6546,0.797,3.424
35.6548,0.8114,3.4874
35.6550,0.8065,3.4679
35.6552,0.7471,3.2127
35.6554,0.7595,3.2613
35.6556,0.7862,3.3808
35.6558,0.773,3.3225
35.6560,0.7853,3.3751
35.6562,0.7975,3.4245
35.6564,0.8341,3.5815
35.6566,0.7964,3.4214
35.6568,0.8471,3.6427
35.6570,0.7786,3.3462
35.6572,0.7218,3.1097
35.6574,0.644,2.7757
35.6576,0.6523,2.814
35.6578,0.5908,2.5463
35.6580,0.582,2.5085
35.6582,0.5643,2.4343
35.6584,0.5796,2.4982
35.6586,0.617,2.657
35.6588,0.5764,2.4877
35.6590,0.4789,2.0679
35.6592,0.4738,2.0457
35.6594,0.4783,2.0653
35.6596,0.4724,2.039
35.6598,0.4711,2.0352
35.6600,0.4759,2.055
35.6602,0.495,2.1343
35.6604,0.5131,2.2124
35.6606,0.4883,2.1044
35.6608,0.5151,2.2243
35.6610,0.4746,2.0493
35.6612,0.5143,2.2145
35.6614,0.5992,2.5801
35.6616,0.6185,2.6632
35.6618,0.6567,2.8253
35.6620,0.6226,2.6832
35.6622,0.5663,2.4408
35.6624,0.5648,2.4341
35.6626,0.5499,2.3722
35.6628,0.6029,2.5936
35.6630,0.6606,2.8418
35.6632,0.663,2.8561
35.6634,0.6181,2.6629
35.6636,0.5947,2.5621
35.6638,0.6022,2.593
35.6640,0.5853,2.5202
35.6642,0.6003,2.5847
35.6644,0.6628,2.8542
35.6646,0.7168,3.0823
35.6648,0.6907,2.9712
35.6650,0.6283,2.708
35.6652,0.5889,2.5368
35.6654,0.5927,2.5522
35.6656,0.6371,2.7445
35.6658,0.5604,2.4178
35.6660,0.4885,2.1074
35.6662,0.512,2.2108
35.6664,0.5372,2.3142
35.6666,0.5983,2.5752
35.6668,0.6001,2.5842
35.6670,0.6126,2.6391
35.6672,0.6194,2.6661
35.6674,0.6354,2.736
35.6676,0.555,2.3945
35.6678,0.5097,2.1979
35.6680,0.5578,2.403
35.6682,0.5893,2.5365
35.6684,0.6048,2.6043
35.6686,0.5638,2.4334
35.6688,0.4901,2.1122
35.6690,0.4829,2.0812
35.6692,0.4835,2.0866
35.6694,0.4877,2.1047
35.6696,0.4896,2.113
35.6698,0.4863,2.0961
35.6700,0.4994,2.1525
35.6702,0.5524,2.3776
35.6704,0.676,2.9056
35.6706,0.7277,3.1292
35.6708,0.6817,2.9326
35.6710,0.6838,2.9405
35.6712,0.6926,2.9781
35.6714,0.7122,3.0627
35.6716,0.7515,3.2268
35.6718,0.7957,3.4152
35.6720,0.885,3.7986
35.6722,0.8106,3.4838
35.6724,0.7108,3.0522
35.6726,0.8218,3.529
35.6728,0.8386,3.5977
35.6730,0.8697,3.731
35.6732,0.9131,3.9135
35.6734,0.992,4.2477
35.6736,1.0204,4.3674
35.6738,1.0012,4.2912
35.6740,0.9097,3.8973
35.6742,0.9989,4.2775
35.6744,1.0548,4.5189
35.6746,1.0485,4.4874
35.6748,1.0572,4.5249
35.6750,1.0416,4.4561
35.6752,1.0232,4.3894
35.6754,0.9471,4.0614
35.6756,0.9656,4.1405
35.6758,0.9499,4.0751
35.6760,0.9264,3.9706
35.6762,0.9976,4.2738
35.6764,1.0314,4.4208
35.6766,0.9832,4.2083
35.6768,1.013,4.3416
35.6770,0.9632,4.1341
35.6772,0.8926,3.8328
35.6774,0.848,3.6463
35.6776,0.8214,3.5269
35.6778,0.8777,3.7672
35.6780,0.9418,4.0401
35.6782,0.9242,3.9669
35.6784,0.96,4.1183
35.6786,0.9257,3.9693
35.6788,1.0051,4.3097
35.6790,1.0448,4.4736
35.6792,0.9854,4.2411
35.6794,0.7318,3.1511
35.6796,0.6969,2.9953
35.6798,0.7951,3.4158
35.6800,0.8504,3.6498
35.6802,0.8456,3.6326
35.6804,0.8481,3.6452
35.6806,0.8495,3.653
35.6808,0.8753,3.7551
35.6810,0.9214,3.9637
35.6812,0.7831,3.3721
35.6814,0.725,3.1188
35.6816,0.7178,3.0907
35.6818,0.6083,2.6242
35.6820,0.6161,2.6565
35.6822,0.6622,2.853
35.6824,0.6843,2.9466
35.6826,0.6712,2.8904
35.6828,0.7078,3.045
35.6830,0.7545,3.2457
35.6832,0.6735,2.9015
35.6834,0.6041,2.6036
35.6836,0.6122,2.64
35.6838,0.6145,2.6486
35.6840,0.6409,2.7649
35.6842,0.5792,2.4973
35.6844,0.5897,2.5381
35.6846,0.632,2.7253
35.6848,0.6459,2.7814
35.6850,0.6555,2.8227
35.6852,0.6651,2.864
35.6854,0.6664,2.875
35.6856,0.5949,2.565
35.6858,0.5922,2.5501
35.6860,0.6636,2.852
35.6862,0.7718,3.3174
35.6864,0.8023,3.4483
35.6866,0.7838,3.372
35.6868,0.6625,2.854
35.6870,0.6161,2.6578
35.6872,0.6127,2.6408
35.6874,0.6144,2.6456
35.6876,0.6084,2.6235
35.6878,0.6055,2.611
35.6880,0.6063,2.6117
35.6882,0.6134,2.6439
35.6884,0.6293,2.7134
35.6886,0.6137,2.6462
35.6888,0.6092,2.6259
35.6890,0.609,2.6236
35.6892,0.6143,2.6463
35.6894,0.6151,2.6512
35.6896,0.6721,2.8886
35.6898,0.7664,3.2957
35.6900,0.7578,3.2601
35.6902,0.7277,3.135
35.6904,0.6411,2.7659
35.6906,0.5905,2.5464
35.6908,0.5728,2.4699
35.6910,0.5678,2.447
35.6912,0.5899,2.545
35.6914,0.5577,2.4025
35.6916,0.6119,2.636
35.6918,0.5615,2.4235
35.6920,0.5391,2.3257
35.6922,0.5674,2.4444
35.6924,0.5825,2.5118
35.6926,0.5682,2.4503
35.6928,0.5847,2.5152
35.6930,0.7116,3.0615
35.6932,0.6476,2.7938
35.6934,0.5831,2.5144
35.6936,0.6205,2.6707
35.6938,0.6504,2.8005
35.6940,0.6778,2.916
35.6942,0.711,3.0589
35.6944,0.6929,2.9797
35.6946,0.7488,3.2154
35.6948,0.8151,3.5051
35.6950,0.7927,3.4023
35.6952,0.867,3.7214
35.6954,0.8555,3.6703
35.6956,0.9082,3.8961
35.6958,0.8531,3.6668
35.6960,0.8356,3.5849
35.6962,0.9388,4.0197
35.6964,1.0224,4.3802
35.6966,0.96,4.1221
35.6968,0.8982,3.857
35.6970,0.9252,3.971
35.6972,0.8292,3.5654
35.6974,0.7848,3.3777
35.6976,0.7197,3.1033
35.6978,0.6391,2.7545
35.6980,0.6359,2.7406
35.6982,0.6223,2.6822
35.6984,0.6416,2.7628
35.6986,0.6614,2.8493
35.6988,0.6256,2.6961
35.6990,0.6347,2.7316
35.6992,0.7013,3.0143
35.6994,0.7087,3.0472
35.6996,0.8253,3.5439
35.6998,0.8377,3.602
35.7000,0.791,3.4077
35.7002,0.6356,2.7396
35.7004,0.5792,2.5019
35.7006,0.5036,2.1716
35.7008,0.5416,2.3355
35.7010,0.565,2.4318
35.7012,0.6233,2.6913
35.7014,0.505,2.1808
35.7016,0.5169,2.229
35.7018,0.5193,2.2424
35.7020,0.4842,2.0907
35.7022,0.4788,2.0655
35.7024,0.4946,2.1358
35.7026,0.4925,2.1255
35.7028,0.4903,2.1132
35.7030,0.4938,2.1292
35.7032,0.4998,2.156
35.7034,0.5353,2.3081
35.7036,0.5645,2.4308
35.7038,0.6222,2.6804
35.7040,0.6006,2.5899
35.7042,0.5723,2.4655
35.7044,0.6233,2.6801
35.7046,0.713,3.0672
35.7048,0.7155,3.0766
35.7050,0.7073,3.0401
35.7052,0.7681,3.306
35.7054,0.7398,3.1813
35.7056,0.8025,3.4397
35.7058,0.9361,4.0141
35.7060,0.9172,3.9347
35.7062,0.9262,3.9732
35.7064,0.9059,3.8863
35.7066,0.9305,3.9918
35.7068,0.9775,4.1934
35.7070,0.9642,4.1363
35.7072,0.9392,4.0331
35.7074,0.8995,3.8608
35.7076,0.8914,3.8258
35.7078,0.8569,3.6845
35.7080,0.7907,3.3999
35.7082,0.8113,3.4869
35.7084,0.8244,3.5431
35.7086,0.7874,3.3828
35.7088,0.8209,3.5265
35.7090,0.7953,3.4216
35.7092,0.7554,3.2453
35.7094,0.8137,3.494
35.7096,0.8393,3.6042
35.7098,0.8284,3.5573
35.7100,0.7891,3.3995
35.7102,0.6872,2.959
35.7104,0.7027,3.0228
35.7106,0.7552,3.2427
35.7108,0.8316,3.5757
35.7110,0.7188,3.0982
35.7112,0.6504,2.8005
35.7114,0.6903,2.9752
35.7116,0.6179,2.6631
35.7118,0.5898,2.5421
35.7120,0.6106,2.6315
35.7122,0.6167,2.6579
35.7124,0.5728,2.4676
35.7126,0.579,2.4945
35.7128,0.6197,2.6683
35.7130,0.6947,2.9902
35.7132,0.686,2.9552
35.7134,0.6938,2.9888
35.7136,0.6504,2.8031
35.7138,0.5955,2.564
35.7140,0.6107,2.6308
35.7142,0.6264,2.6973
35.7144,0.6813,2.9324
35.7146,0.6958,2.9976
35.7148,0.6226,2.6795
35.7150,0.6768,2.9114
35.7152,0.7447,3.2084
35.7154,0.7372,3.1699
35.7156,0.7296,3.1374
35.7158,0.7597,3.2638
35.7160,0.7742,3.3308
35.7162,0.6913,2.9738
35.7164,0.7922,3.4082
35.7166,0.7787,3.3436
35.7168,0.8214,3.5269
35.7170,0.8322,3.5799
35.7172,0.712,3.0673
35.7174,0.6721,2.8953
35.7176,0.6595,2.8384
35.7178,0.66,2.8431
35.7180,0.6674,2.8765
35.7182,0.7077,3.0473
35.7184,0.5766,2.4911
35.7186,0.4151,1.795
35.7188,0.4029,1.7421
35.7190,0.4289,1.8503
35.7192,0.4799,2.0702
35.7194,0.4601,1.9866
35.7196,0.5494,2.3691
35.7198,0.5242,2.2636
35.7200,0.4532,1.958
35.7202,0.4485,1.9373
35.7204,0.4489,1.9385
35.7206,0.4474,1.93
35.7208,0.4483,1.9341
35.7210,0.4964,2.1415
35.7212,0.469,2.0259
35.7214,0.4787,2.065
35.7216,0.5272,2.2724
35.7218,0.5272,2.2766
35.7220,0.455,1.9658
35.7222,0.4483,1.935
35.7224,0.4513,1.947
35.7226,0.448,1.9326
35.7228,0.4595,1.9813
35.7230,0.4588,1.98
35.7232,0.4638,2.0036
35.7234,0.4756,2.0525
35.7236,0.4645,2.0049
35.7238,0.4574,1.9753
35.7240,0.4555,1.9679
35.7242,0.4574,1.9743
35.7244,0.4562,1.9692
35.7246,0.4421,1.9072
35.7248,0.4414,1.9059
35.7250,0.4397,1.8986
35.7252,0.4464,1.9267
35.7254,0.4475,1.9305
35.7256,0.4493,1.9391
35.7258,0.4422,1.9086
35.7260,0.4444,1.917
35.7262,0.4724,2.0362
35.7264,0.5146,2.2202
35.7266,0.4621,1.9927
35.7268,0.4505,1.9443
35.7270,0.4443,1.9174
35.7272,0.4463,1.9262
35.7274,0.4481,1.9322
35.7276,0.4469,1.9279
35.7278,0.4445,1.9158
35.7280,0.472,2.0341
35.7282,0.5372,2.3099
35.7284,0.6379,2.7455
35.7286,0.5931,2.5537
35.7288,0.5524,2.3787
35.7290,0.545,2.3478
35.7292,0.5598,2.4152
35.7294,0.4685,2.0201
35.7296,0.4413,1.9045
35.7298,0.4349,1.877
35.7300,0.4154,1.7919
35.7302,0.4401,1.8984
35.7304,0.4964,2.1415
35.7306,0.5415,2.3328
35.7308,0.4982,2.1493
35.7310,0.4868,2.0992
35.7312,0.5251,2.2599
35.7314,0.5527,2.3819
35.7316,0.5048,2.1717
35.7318,0.5994,2.5835
35.7320,0.5274,2.2718
35.7322,0.5663,2.4386
35.7324,0.5244,2.26
35.7326,0.4908,2.1172
35.7328,0.4975,2.1422
35.7330,0.4965,2.1391
35.7332,0.4578,1.9759
35.7334,0.4138,1.7851
35.7336,0.4782,2.06
35.7338,0.4922,2.1224
35.7340,0.4895,2.1106
35.7342,0.5434,2.3378
35.7344,0.6095,2.622
35.7346,0.6143,2.6463
35.7348,0.5106,2.1975
35.7350,0.5802,2.4985
35.7352,0.6006,2.585
35.7354,0.5829,2.5063
35.7356,0.6091,2.6168
35.7358,0.6757,2.9041
35.7360,0.68,2.9199
35.7362,0.7157,3.0733
35.7364,0.6903,2.9642
35.7366,0.7262,3.121
35.7368,0.721,3.0974
35.7370,0.7142,3.0695
35.7372,0.6853,2.9425
35.7374,0.7192,3.0897
35.7376,0.7625,3.2757
35.7378,0.7727,3.3164
35.7380,0.7636,3.2757
35.7382,0.813,3.4876
35.7384,0.812,3.4852
35.7386,0.8419,3.615
35.7388,0.8103,3.4763
35.7390,0.8732,3.7371
35.7392,1.0123,4.3345
35.7394,1.0233,4.3797
35.7396,0.9919,4.2452
35.7398,0.9242,3.9613
35.7400,0.9127,3.9102
35.7402,0.9441,4.0466
35.7404,0.9419,4.0387
35.7406,0.862,3.6946
35.7408,0.9168,3.9258
35.7410,0.9781,4.1901
35.7412,0.9294,3.976
35.7414,0.9626,4.1238
35.7416,0.9706,4.1621
35.7418,0.9516,4.0785
35.7420,0.9254,3.9757
35.7422,0.7973,3.425
35.7424,0.8238,3.5372
35.7426,0.8432,3.6122
35.7428,0.9828,4.2003
35.7430,1.0006,4.2867
35.7432,0.886,3.8062
35.7434,0.8111,3.4875
35.7436,0.7245,3.1153
35.7438,0.7103,3.053
35.7440,0.7343,3.1575
35.7442,0.7314,3.1452
35.7444,0.6982,3.0009
35.7446,0.7278,3.1268
35.7448,0.8794,3.7814
35.7450,0.7793,3.3493
35.7452,0.7932,3.4044
35.7454,0.8317,3.5729
35.7456,0.7958,3.422
35.7458,0.7359,3.1628
35.7460,0.7727,3.3225
35.7462,0.7799,3.3488
35.7464,0.7928,3.406
35.7466,0.7708,3.3143
35.7468,0.7573,3.2565
35.7470,0.791,3.3983
35.7472,0.7777,3.3426
35.7474,0.7216,3.1058
35.7476,0.6811,2.9313
35.7478,0.7057,3.0343
35.7480,0.797,3.424
35.7482,0.8161,3.5092
35.7484,0.7105,3.0578
35.7486,0.7143,3.07
35.7488,0.7645,3.2844
35.7490,0.7994,3.4327
35.7492,0.8298,3.5696
35.7494,0.7076,3.0468
35.7496,0.6676,2.8735
35.7498,0.6949,2.9879
35.7500,0.7228,3.1095
35.7502,0.7425,3.1926
35.7504,0.768,3.3024
35.7506,0.7518,3.2328
35.7508,0.6934,2.9817
35.7510,0.6805,2.9301
35.7512,0.6728,2.8971
35.7514,0.6697,2.8823
35.7516,0.6842,2.9434
35.7518,0.7289,3.1387
35.7520,0.7076,3.0397
35.7522,0.8031,3.4519
35.7524,0.8396,3.6035
35.7526,0.8877,3.8099
35.7528,0.8627,3.7028
35.7530,0.8337,3.5816
35.7532,0.8392,3.6087
35.7534,0.818,3.5109
35.7536,0.8344,3.5814
35.7538,0.9142,3.9236
35.7540,0.8904,3.8253
35.7542,0.879,3.7781
35.7544,0.7847,3.3725
35.7546,0.774,3.3267
35.7548,0.7904,3.4004
35.7550,0.7871,3.3876
35.7552,0.7646,3.2865
35.7554,0.7841,3.3699
35.7556,0.792,3.404
35.7558,0.8663,3.7218
35.7560,0.8705,3.7398
35.7562,0.847,3.6388
35.7564,0.8723,3.7545
35.7566,0.7232,3.1154
35.7568,0.6867,2.9515
35.7570,0.7006,3.0183
35.7572,0.625,2.6948
35.7574,0.6139,2.646
35.7576,0.6533,2.809
35.7578,0.725,3.1188
35.7580,0.7205,3.104
35.7582,0.7247,3.1177
35.7584,0.7587,3.2637
35.7586,0.6804,2.9296
35.7588,0.6379,2.7468
35.7590,0.6437,2.7677
35.7592,0.7783,3.3499
35.7594,0.7378,3.1769
35.7596,0.6494,2.7964
35.7598,0.6216,2.6766
35.7600,0.571,2.4633
35.7602,0.5254,2.2688
35.7604,0.5223,2.2543
35.7606,0.5227,2.2569
35.7608,0.5259,2.2656
35.7610,0.6548,2.8144
35.7612,0.7871,3.3813
35.7614,0.8063,3.4669
35.7616,0.7534,3.241
35.7618,0.7331,3.1553
35.7620,0.6632,2.8544
35.7622,0.6275,2.7019
35.7624,0.6808,2.9276
35.7626,0.7931,3.4118
35.7628,0.7234,3.1135
35.7630,0.6763,2.912
35.7632,0.6589,2.8372
35.7634,0.6254,2.6944
35.7636,0.6205,2.6744
35.7638,0.624,2.6907
35.7640,0.6244,2.691
35.7642,0.6233,2.6851
35.7644,0.6161,2.6553
35.7646,0.6193,2.668
35.7648,0.6294,2.7114
35.7650,0.6304,2.7118
35.7652,0.651,2.8031
35.7654,0.6003,2.5883
35.7656,0.6168,2.6597
35.7658,0.6078,2.6209
35.7660,0.5943,2.5613
35.7662,0.601,2.5902
35.7664,0.6084,2.6222
35.7666,0.582,2.5074
35.7668,0.6244,2.6885
35.7670,0.6618,2.8509
35.7672,0.684,2.9451
35.7674,0.6445,2.7791
35.7676,0.5969,2.5726
35.7678,0.6413,2.7587
35.7680,0.6662,2.8727
35.7682,0.5959,2.5685
35.7684,0.5886,2.5358
35.7686,0.5696,2.4571
35.7688,0.4917,2.1243
35.7690,0.4831,2.0861
35.7692,0.48,2.0707
35.7694,0.4811,2.0753
35.7696,0.4857,2.0955
35.7698,0.5184,2.2352
35.7700,0.5564,2.3957
35.7702,0.624,2.6882
35.7704,0.5875,2.5323
35.7706,0.577,2.4845
35.7708,0.6658,2.8658
35.7710,0.7223,3.106
35.7712,0.7976,3.4266
35.7714,0.7849,3.3688
35.7716,0.8348,3.5846
35.7718,0.8714,3.7382
35.7720,0.8939,3.8349
35.7722,0.8491,3.6459
35.7724,0.8395,3.6047
35.7726,0.872,3.7425
35.7728,0.8897,3.8133
35.7730,0.9641,4.1281
35.7732,0.9696,4.1614
35.7734,0.8937,3.8338
35.7736,0.8995,3.8554
35.7738,0.9148,3.9262
35.7740,0.8603,3.6943
35.7742,0.8651,3.7097
35.7744,0.9409,4.0271
35.7746,1.0204,4.3694
35.7748,1.0283,4.4053
35.7750,0.9902,4.246
35.7752,0.9498,4.0746
35.7754,1.0099,4.3262
35.7756,1.0353,4.4331
35.7758,0.9614,4.1302
35.7760,0.8611,3.6991
35.7762,0.8889,3.8115
35.7764,0.9789,4.1917
35.7766,1.0154,4.3519
35.7768,1.0085,4.3307
35.7770,0.9693,4.1565
35.7772,0.9811,4.2049
35.7774,0.9883,4.2437
35.7776,0.9425,4.0432
35.7778,0.9441,4.0485
35.7780,0.8768,3.7666
35.7782,0.8625,3.707
35.7784,0.8847,3.8041
35.7786,0.8376,3.5998
35.7788,0.7711,3.322
35.7790,0.7109,3.0627
35.7792,0.7274,3.1291
35.7794,0.7694,3.3086
35.7796,0.6869,2.9621
35.7798,0.597,2.5743
35.7800,0.6197,2.6696
35.7802,0.6396,2.7541
35.7804,0.6013,2.5905
35.7806,0.6664,2.8697
35.7808,0.6777,2.9237
35.7810,0.5392,2.3294
35.7812,0.4525,1.9567
35.7814,0.4572,1.9751
35.7816,0.5325,2.2972
35.7818,0.5704,2.4573
35.7820,0.6296,2.7112
35.7822,0.7174,3.0949
35.7824,0.5504,2.3776
35.7826,0.512,2.2057
35.7828,0.619,2.664
35.7830,0.6651,2.8667
35.7832,0.6068,2.618
35.7834,0.6474,2.7889
35.7836,0.6535,2.8139
35.7838,0.6852,2.9489
35.7840,0.7192,3.0969
35.7842,0.6601,2.8463
35.7844,0.5272,2.2755
35.7846,0.5892,2.5407
35.7848,0.6103,2.6342
35.7850,0.5325,2.2972
35.7852,0.4892,2.1125
35.7854,0.4753,2.0505
35.7856,0.5397,2.3261
35.7858,0.5914,2.5489
35.7860,0.5897,2.5428
35.7862,0.5645,2.4365
35.7864,0.442,1.9111
35.7866,0.4007,1.7328
35.7868,0.3983,1.7208
35.7870,0.4002,1.7291
35.7872,0.4052,1.7503
35.7874,0.4513,1.9488
35.7876,0.45,1.9431
35.7878,0.4594,1.9826
35.7880,0.4477,1.9333
35.7882,0.4437,1.9175
35.7884,0.4446,1.9207
35.7886,0.4481,1.934
35.7888,0.4469,1.9288
35.7890,0.4475,1.9314
35.7892,0.4408,1.9033
35.7894,0.4401,1.9011
35.7896,0.4464,1.9276
35.7898,0.4492,1.9395
35.7900,0.4485,1.9346
35.7902,0.4459,1.9273
35.7904,0.4458,1.925
35.7906,0.4612,1.9876
35.7908,0.5154,2.2171
35.7910,0.5371,2.318
35.7912,0.4404,1.9
35.7914,0.4411,1.904
35.7916,0.466,2.0101
35.7918,0.4651,2.0075
35.7920,0.4558,1.9653
35.7922,0.5016,2.1598
35.7924,0.5706,2.4617
35.7926,0.4824,2.08
35.7928,0.4613,1.9863
35.7930,0.5175,2.2295
35.7932,0.547,2.3544
35.7934,0.6167,2.6567
35.7936,0.6301,2.7158
35.7938,0.6011,2.5895
35.7940,0.5938,2.5556
35.7942,0.6149,2.6452
35.7944,0.6337,2.73
35.7946,0.6355,2.7327
35.7948,0.6969,2.9925
35.7950,0.757,3.2504
35.7952,0.7307,3.1391
35.7954,0.6577,2.8346
35.7956,0.5682,2.4503
35.7958,0.5553,2.3911
35.7960,0.5686,2.4438
35.7962,0.6883,2.954
35.7964,0.7754,3.3297
35.7966,0.7687,3.3009
35.7968,0.8021,3.4424
35.7970,0.8059,3.4621
35.7972,0.7368,3.1728
35.7974,0.6931,2.9774
35.7976,0.7825,3.3601
35.7978,0.7781,3.3457
35.7980,0.7247,3.1148
35.7982,0.6752,2.9087
35.7984,0.5805,2.5007
35.7986,0.5522,2.3832
35.7988,0.5187,2.2357
35.7990,0.5579,2.4013
35.7992,0.5951,2.5613
35.7994,0.6528,2.8082
35.7996,0.6985,3.0048
35.7998,0.5887,2.5351
35.8000,0.5399,2.3239
35.8002,0.6371,2.7419
35.8004,0.6606,2.8431
35.8006,0.6657,2.8639
35.8008,0.6465,2.7801
35.8010,0.6853,2.9467
35.8012,0.733,3.1504
35.8014,0.7204,3.1006
35.8016,0.6624,2.8469
35.8018,0.7328,3.1508
35.8020,0.7259,3.1214
35.8022,0.7314,3.1393
35.8024,0.8117,3.4804
35.8026,0.8844,3.7978
35.8028,0.8383,3.6012
35.8030,0.7738,3.3256
35.8032,0.7352,3.1567
35.8034,0.8034,3.4513
35.8036,0.7875,3.3849
35.8038,0.7993,3.4322
35.8040,0.8228,3.5315
35.8042,0.8643,3.7078
35.8044,0.8744,3.751
35.8046,0.8816,3.7784
35.8048,0.8998,3.8583
35.8050,0.8582,3.6799
35.8052,0.9473,4.0562
35.8054,1.0552,4.5162
35.8056,1.1168,4.7777
35.8058,1.0981,4.6933
35.8060,1.1006,4.7151
35.8062,1.0412,4.4624
35.8064,0.9777,4.1964
35.8066,0.9179,3.9433
35.8068,0.8889,3.8097
35.8070,0.913,3.9167
35.8072,0.9383,4.0271
35.8074,0.9009,3.8611
35.8076,0.9402,4.0334
35.8078,0.99,4.2429
35.8080,1.0311,4.4233
35.8082,0.9739,4.1741
35.8084,1.0088,4.3256
35.8086,1.0087,4.3231
35.8088,0.9989,4.2815
35.8090,1.006,4.3098
35.8092,1.0367,4.4372
35.8094,1.0695,4.5837
35.8096,0.9672,4.1588
35.8098,0.8595,3.6924
35.8100,0.8848,3.7993
35.8102,0.8786,3.7743
35.8104,0.8682,3.7283
35.8106,0.9257,3.9712
35.8108,0.9615,4.1269
35.8110,0.954,4.0907
35.8112,0.9672,4.1453
35.8114,0.9989,4.2895
35.8116,0.9432,4.0482
35.8118,0.937,4.027
35.8120,0.8597,3.69
35.8122,0.9204,3.9467
35.8124,0.9661,4.1445
35.8126,1.0114,4.339
35.8128,0.9546,4.0971
35.8130,0.8952,3.8459
35.8132,0.8666,3.7245
35.8134,0.8878,3.8051
35.8136,0.9979,4.2729
35.8138,1.0275,4.4038
35.8140,1.0034,4.3065
35.8142,1.0168,4.3601
35.8144,1.0226,4.3848
35.8146,1.0323,4.4305
35.8148,0.9934,4.2638
35.8150,0.9199,3.952
35.8152,0.9151,3.9259
35.8154,0.9668,4.1496
35.8156,0.9506,4.082
35.8158,0.9708,4.1665
35.8160,0.9925,4.2557
35.8162,0.9655,4.1478
35.8164,0.8588,3.691
35.8166,0.8485,3.6467
35.8168,0.8961,3.8477
35.8170,0.9258,3.981
35.8172,0.9434,4.0492
35.8174,0.9651,4.1424
35.8176,1.018,4.3652
35.8178,1.0029,4.3145
35.8180,0.8391,3.6082
35.8182,0.8242,3.5459
35.8184,0.7933,3.416
35.8186,0.7799,3.3535
35.8188,0.8263,3.553
35.8190,0.7992,3.4429
35.8192,0.798,3.4329
35.8194,0.8379,3.598
35.8196,0.9063,3.8879
35.8198,0.9569,4.1068
35.8200,0.959,4.118
35.8202,0.9727,4.1787
35.8204,0.9619,4.1265
35.8206,0.9975,4.2773
35.8208,1.0144,4.3539
35.8210,0.9413,4.0494
35.8212,0.8547,3.6735
35.8214,0.863,3.7073
35.8216,0.9234,3.9706
35.8218,0.951,4.0854
35.8220,0.9889,4.2443
35.8222,0.9575,4.1094
35.8224,0.9716,4.1682
35.8226,0.9894,4.2602
35.8228,0.789,3.3958
35.8230,0.762,3.2827
35.8232,0.7103,3.0615
35.8234,0.7107,3.0659
35.8236,0.6962,3.0019
35.8238,0.6801,2.9313
35.8240,0.6787,2.9251
35.8242,0.6784,2.9227
35.8244,0.7005,3.0177
35.8246,0.7082,3.0551
35.8248,0.6609,2.8499
35.8250,0.7203,3.103
35.8252,0.7625,3.2818
35.8276,0.8421,3.6227
35.8300,0.8036,3.4539
35.8324,0.851,3.6626
35.8326,0.8282,3.5613
35.8328,0.7953,3.4295
35.8330,0.7366,3.1718
35.8332,0.709,3.0573
35.8334,0.6709,2.8928
35.8336,0.6684,2.8793
35.8338,0.6572,2.8339
35.8340,0.6555,2.828
35.8342,0.6501,2.8034
35.8344,0.6405,2.7633
35.8346,0.6384,2.7514
35.8348,0.6537,2.8163
35.8350,0.71,3.06
35.8352,0.6768,2.9168
35.8354,0.6793,2.9277
35.8356,0.6885,2.9578
35.8358,0.7615,3.2822
35.8360,0.6618,2.8549
35.8362,0.6354,2.7373
35.8364,0.642,2.7682
35.8366,0.6628,2.8542
35.8368,0.6515,2.8091
35.8370,0.6078,2.6197
35.8372,0.6513,2.8099
35.8374,0.703,3.0258
35.8376,0.8036,3.4588
35.8378,0.7682,3.3019
35.8380,0.7888,3.3916
35.8382,0.842,3.6205
35.8384,0.8258,3.5493
35.8386,0.8239,3.5476
35.8388,0.8445,3.6263
35.8390,0.9722,4.1669
35.8392,1.0364,4.4398
35.8394,1.0952,4.6942
35.8396,1.0427,4.4774
35.8398,0.9618,4.1241
35.8400,0.9872,4.2311
35.8402,1.0218,4.3858
35.8404,0.9632,4.138
35.8406,0.9927,4.2627
35.8408,0.9829,4.2126
35.8410,1.0204,4.3755
35.8412,1.089,4.6653
35.8414,1.0992,4.7133
35.8416,0.9991,4.294
35.8418,0.9656,4.1444
35.8420,0.926,3.9801
35.8422,0.9668,4.1476
35.8424,1.0763,4.6108
35.8426,1.0511,4.5114
35.8428,1.0065,4.3199
35.8430,1.0125,4.3416
35.8432,1.018,4.3673
35.8434,0.9873,4.2376
35.8436,1.0183,4.3744
35.8438,0.9227,3.9712
35.8440,0.8524,3.6637
35.8442,0.847,3.6439
35.8444,0.8552,3.6807
35.8446,0.8571,3.6872
35.8448,0.9131,3.9208
35.8450,1.0246,4.3915
35.8452,1.0798,4.6387
35.8454,1.0133,4.3533
35.8456,0.9942,4.2649
35.8458,1.0218,4.3837
35.8460,1.0024,4.3044
35.8462,0.9253,3.977
35.8464,1.0001,4.2886
35.8466,1.1043,4.7398
35.8468,1.0305,4.4311
35.8470,0.8371,3.6078
35.8472,0.759,3.2713
35.8474,0.7427,3.1966
35.8476,0.7762,3.3406
35.8478,0.7858,3.385
35.8480,0.7793,3.3587
35.8482,0.829,3.5682
35.8484,0.8445,3.6314
35.8486,0.8356,3.5966
35.8488,0.8409,3.6176
35.8490,0.8395,3.6097
35.8492,0.7999,3.4444
35.8494,0.7844,3.3793
35.8496,0.8083,3.4757
35.8498,0.9266,3.979
35.8500,0.93,3.9971
35.8502,0.9053,3.8928
35.8504,0.8724,3.7515
35.8506,0.8566,3.6869
35.8508,0.845,3.6334
35.8510,0.8477,3.647
35.8512,0.8392,3.6137
35.8514,0.7718,3.3282
35.8516,0.7137,3.0731
35.8518,0.783,3.3731
35.8520,0.8222,3.5388
35.8522,0.8027,3.4562
35.8524,0.7415,3.1974
35.8526,0.7533,3.242
35.8528,0.7796,3.3587
35.8530,0.7937,3.4144
35.8532,0.8509,3.6638
35.8534,0.8067,3.4706
35.8536,0.8566,3.68
35.8538,0.8481,3.6502
35.8540,0.7619,3.2853
35.8542,0.6917,2.9814
35.8544,0.7023,3.0269
35.8546,0.7045,3.0348
35.8548,0.7567,3.26
35.8550,0.772,3.3241
35.8552,0.7786,3.3509
35.8554,0.771,3.3184
35.8556,0.7627,3.2813
35.8558,0.7627,3.2828
35.8560,0.8422,3.6249
35.8562,0.8543,3.6754
35.8564,0.8862,3.8055
35.8566,0.956,4.1128
35.8568,0.8114,3.4988
35.8570,0.7113,3.0657
35.8572,0.6763,2.9175
35.8574,0.7121,3.0693
35.8576,0.786,3.3798
35.8578,0.8376,3.6065
35.8580,0.7904,3.402
35.8582,0.801,3.4474
35.8584,0.8196,3.5274
35.8586,0.7909,3.4041
35.8588,0.8168,3.5139
35.8590,0.8473,3.6415
35.8592,0.8817,3.7947
35.8594,0.7952,3.4274
35.8596,0.767,3.2998
35.8598,0.8529,3.6675
35.8600,0.813,3.499
35.8602,0.7708,3.3282
35.8604,0.6488,2.7964
35.8606,0.6726,2.9055
35.8608,0.6262,2.7
35.8610,0.7031,3.0277
35.8612,0.7355,3.1671
35.8614,0.7389,3.1816
35.8616,0.7146,3.0787
35.8618,0.6917,2.98
35.8620,0.6646,2.8659
35.8622,0.6812,2.9441
35.8624,0.5336,2.3083
35.8626,0.4766,2.061
35.8628,0.4769,2.061
35.8630,0.5036,2.1736
35.8632,0.561,2.4215
35.8634,0.5236,2.2642
35.8636,0.4717,2.0378
35.8638,0.4717,2.0378
35.8640,0.4674,2.021
35.8642,0.4679,2.024
35.8644,0.4656,2.0123
35.8646,0.5265,2.2714
35.8648,0.6272,2.7059
35.8650,0.5929,2.5579
35.8652,0.6161,2.6565
35.8654,0.6594,2.8392
35.8656,0.6938,2.9874
35.8658,0.6889,2.9718
35.8660,0.661,2.8518
35.8662,0.6547,2.827
35.8664,0.5854,2.5265
35.8666,0.567,2.4451
35.8668,0.5772,2.4902
35.8670,0.5801,2.5026
35.8672,0.5759,2.4868
35.8674,0.5706,2.4617
35.8676,0.5656,2.44
35.8678,0.561,2.4181
35.8680,0.6429,2.7711
35.8682,0.6286,2.7116
35.8684,0.6031,2.5995
35.8686,0.6172,2.66
35.8688,0.6059,2.6138
35.8690,0.6169,2.6602
35.8692,0.6202,2.6729
35.8694,0.6283,2.7105
35.8696,0.6284,2.7098
35.8698,0.6106,2.6315
35.8700,0.6664,2.871
35.8702,0.6887,2.9657
35.8704,0.6602,2.8429
35.8706,0.7064,3.0402
35.8708,0.7248,3.1226
35.8710,0.7112,3.0637
35.8712,0.6784,2.9281
35.8714,0.5324,2.2999
35.8716,0.5012,2.1652
35.8718,0.5103,2.2026
35.8720,0.5108,2.2046
35.8722,0.4988,2.1539
35.8724,0.4991,2.1559
35.8726,0.5001,2.1586
35.8728,0.5009,2.1617
35.8730,0.4998,2.158
35.8732,0.4977,2.1502
35.8734,0.5303,2.2858
35.8736,0.5485,2.3649
35.8738,0.5206,2.246
35.8740,0.5492,2.3691
35.8742,0.5988,2.5809
35.8744,0.6227,2.685
35.8746,0.5879,2.535
35.8748,0.6134,2.6403
35.8750,0.722,3.1044
35.8752,0.7777,3.3411
35.8754,0.8181,3.5196
35.8756,0.8075,3.4688
35.8758,0.8747,3.7543
35.8760,0.8746,3.7573
35.8762,0.8757,3.7567
35.8764,0.9712,4.1608
35.8766,0.9979,4.2769
35.8768,0.9888,4.2418
35.8770,0.9515,4.0875
35.8772,0.9035,3.8778
35.8774,0.9522,4.083
35.8776,0.9481,4.0712
35.8778,0.9608,4.1142
35.8780,1.0892,4.6685
35.8782,1.0608,4.5509
35.8784,0.9849,4.2253
35.8786,0.9023,3.8781
35.8788,0.8343,3.5859
35.8790,0.8699,3.7355
35.8792,0.871,3.7436
35.8794,0.872,3.7425
35.8796,0.936,4.0173
35.8798,0.9801,4.2028
35.8800,0.9965,4.2712
35.8802,0.9724,4.1718
35.8804,0.9275,3.99
35.8806,0.7917,3.414
35.8808,0.6763,2.9134
35.8810,0.6969,3.0009
35.8812,0.7017,3.0201
35.8814,0.735,3.1621
35.8816,0.7571,3.2555
35.8818,0.8174,3.5116
35.8820,0.8834,3.7931
35.8822,0.8571,3.6907
35.8824,0.7748,3.3334
35.8826,0.7973,3.425
35.8828,0.8486,3.6455
35.8830,0.8389,3.6088
35.8832,0.7789,3.3493
35.8834,0.8146,3.503
35.8836,0.8299,3.5685
35.8838,0.8807,3.7853
35.8840,0.8688,3.7308
35.8842,0.8909,3.8256
35.8844,0.8937,3.8446
35.8846,0.8085,3.4767
35.8848,0.7938,3.4149
35.8850,0.774,3.3313
35.8852,0.7497,3.234
35.8854,0.6616,2.853
35.8856,0.6708,2.891
35.8858,0.6782,2.919
35.8860,0.695,2.9926
35.8862,0.7004,3.0144
35.8864,0.6914,2.9743
35.8866,0.7453,3.2065
35.8868,0.7706,3.3199
35.8870,0.6679,2.8759
35.8872,0.6223,2.6847
35.8874,0.5985,2.5817
35.8876,0.594,2.5614
35.8878,0.5871,2.5314
35.8880,0.5829,2.5122
35.8882,0.6235,2.6874
35.8884,0.6648,2.8665
35.8886,0.6774,2.9126
35.8888,0.7343,3.1634
35.8890,0.6759,2.9132
35.8892,0.6637,2.8565
35.8894,0.6728,2.8944
35.8896,0.7329,3.1543
35.8898,0.7602,3.2704
35.8900,0.7637,3.2854
35.8902,0.7304,3.1464
35.8904,0.6522,2.8135
35.8906,0.5914,2.55
35.8908,0.5778,2.4916
35.8910,0.5874,2.5306
35.8912,0.6263,2.6992
35.8914,0.6217,2.6796
35.8916,0.6386,2.755
35.8918,0.636,2.7424
35.8920,0.6226,2.682
35.8922,0.623,2.684
35.8924,0.622,2.6819
35.8926,0.6212,2.6751
35.8928,0.7078,3.0422
35.8930,0.8072,3.4678
35.8932,0.768,3.3132
35.8934,0.6055,2.6147
35.8936,0.5698,2.457
35.8938,0.5673,2.4473
35.8940,0.5656,2.4411
35.8942,0.5612,2.4197
35.8944,0.5643,2.4309
35.8946,0.5684,2.4519
35.8948,0.5658,2.4433
35.8950,0.5757,2.4812
35.8952,0.5975,2.5752
35.8954,0.58,2.5021
35.8956,0.5608,2.4182
35.8958,0.5711,2.4604
35.8960,0.5685,2.4467
35.8962,0.6754,2.9057
35.8964,0.7286,3.1415
35.8966,0.6064,2.6147
35.8968,0.5963,2.5689
35.8970,0.6523,2.8088
35.8972,0.6602,2.8429
35.8974,0.6807,2.9284
35.8976,0.7528,3.2339
35.8978,0.8299,3.5668
35.8980,0.8063,3.4653
35.8982,0.8025,3.4477
35.8984,0.8419,3.6167
35.8986,0.7955,3.4237
35.8988,0.744,3.1993
35.8990,0.7353,3.1602
35.8992,0.7642,3.2798
35.8994,0.8535,3.6598
35.8996,0.928,3.9772
35.8998,0.928,3.9828
35.9000,0.936,4.0192
35.9002,0.8834,3.7949
35.9004,0.8507,3.6531
35.9006,0.8103,3.4877
35.9008,0.689,2.9654
35.9010,0.7304,3.1434
35.9012,0.7373,3.1763
35.9014,0.7495,3.2215
35.9016,0.8197,3.5214
35.9018,0.7733,3.3297
35.9020,0.7459,3.2105
35.9022,0.7882,3.3843
35.9024,0.8018,3.4462
35.9026,0.785,3.3725
35.9028,0.7959,3.421
35.9030,0.7878,3.3922
35.9032,0.7307,3.1421
35.9034,0.744,3.2067
35.9036,0.6682,2.8761
35.9038,0.7045,3.0362
35.9040,0.6218,2.6801
35.9042,0.6097,2.6267
35.9044,0.6125,2.6398
35.9046,0.6257,2.6979
35.9048,0.5733,2.4766
35.9050,0.51,2.201
35.9052,0.5471,2.3593
35.9054,0.5319,2.2947
35.9056,0.4991,2.1539
35.9058,0.4952,2.1364
35.9060,0.4943,2.1342
35.9062,0.4947,2.1363
35.9064,0.4975,2.1482
35.9066,0.5106,2.2026
35.9068,0.5086,2.1963
35.9070,0.5158,2.2264
35.9072,0.5487,2.3638
35.9074,0.6107,2.6284
35.9076,0.62,2.6736
35.9078,0.5917,2.5516
35.9080,0.6194,2.6673
35.9082,0.7256,3.1199
35.9084,0.7691,3.304
35.9086,0.7951,3.4174
35.9088,0.8088,3.4729
35.9090,0.8468,3.6344
35.9092,0.8872,3.8061
35.9094,0.9051,3.8791
35.9096,1.0045,4.3011
35.9098,1.0378,4.4501
35.9100,1.0189,4.3627
35.9102,1.0513,4.504
35.9104,1.0355,4.4362
35.9106,1.0576,4.5243
35.9108,1.0696,4.5842
35.9110,0.9602,4.1232
35.9112,0.9193,3.9513
35.9114,0.8709,3.7413
35.9116,0.8774,3.7621
35.9118,0.9205,3.9546
35.9120,0.8868,3.8063
35.9122,0.8572,3.6843
35.9124,0.838,3.6019
35.9126,0.8615,3.6994
35.9128,0.8793,3.7791
35.9130,0.7877,3.3886
35.9132,0.8235,3.5411
35.9134,0.8034,3.4577
35.9136,0.6973,3.0038
35.9138,0.662,2.8546
35.9140,0.598,2.5749
35.9142,0.6465,2.7866
35.9144,0.6712,2.8944
35.9146,0.6485,2.7949
35.9148,0.6795,2.9219
35.9150,0.7664,3.2988
35.9152,0.7295,3.1398
35.9154,0.7114,3.0648
35.9156,0.6622,2.8543
35.9158,0.6993,3.0112
35.9160,0.6798,2.9284
35.9162,0.5872,2.5343
35.9164,0.5862,2.5243
35.9166,0.7035,3.0278
35.9168,0.7242,3.1171
35.9170,0.731,3.1475
35.9172,0.688,2.9668
35.9174,0.6628,2.8542
35.9176,0.6947,2.9957
35.9178,0.6247,2.6925
35.9180,0.6552,2.8199
35.9182,0.7331,3.1539
35.9184,0.7337,3.1535
35.9186,0.7482,3.2218
35.9188,0.6676,2.8775
35.9190,0.5983,2.5812
35.9192,0.5973,2.5766
35.9194,0.636,2.7373
35.9196,0.767,3.2998
35.9198,0.7035,3.0307
35.9200,0.6922,2.9807
35.9202,0.6968,2.9948
35.9204,0.7402,3.1828
35.9206,0.7506,3.2292
35.9208,0.7471,3.2187
35.9210,0.6631,2.8566
35.9212,0.7727,3.3334
35.9214,0.6033,2.5976
35.9216,0.6278,2.7072
35.9218,0.5899,2.5438
35.9220,0.6019,2.5931
35.9222,0.6131,2.6448
35.9224,0.576,2.4839
35.9226,0.6522,2.807
35.9228,0.6536,2.8171
35.9230,0.5035,2.1751
35.9232,0.455,1.9667
35.9234,0.4519,1.9514
35.9236,0.4475,1.9332
35.9238,0.4486,1.9378
35.9240,0.447,1.9329
35.9242,0.4491,1.9408
35.9244,0.4507,1.9481
35.9246,0.4474,1.9318
35.9248,0.4459,1.9264
35.9250,0.4469,1.9288
35.9252,0.4494,1.9406
35.9254,0.453,1.9561
35.9256,0.4495,1.9411
35.9258,0.4482,1.9363
35.9260,0.4449,1.9227
35.9262,0.4487,1.9366
35.9264,0.4585,1.979
35.9266,0.4525,1.9549
35.9268,0.4452,1.9224
35.9270,0.4452,1.9233
35.9272,0.448,1.9343
35.9274,0.456,1.9672
35.9276,0.5068,2.1865
35.9278,0.4939,2.1346
35.9280,0.456,1.969
35.9282,0.4506,1.9421
35.9284,0.4909,2.1177
35.9286,0.4531,1.9548
35.9288,0.4489,1.9358
35.9290,0.4479,1.9338
35.9292,0.4542,1.9613
35.9294,0.4535,1.9564
35.9296,0.4607,1.9865
35.9298,0.5212,2.2465
35.9300,0.5493,2.3686
35.9302,0.5619,2.424
35.9304,0.4771,2.0583
35.9306,0.4476,1.9301
35.9308,0.4923,2.123
35.9310,0.5324,2.2967
35.9312,0.5216,2.2512
35.9314,0.4638,1.9999
35.9316,0.4982,2.1483
35.9318,0.5176,2.231
35.9320,0.5395,2.3218
35.9322,0.5992,2.5777
35.9324,0.6114,2.6327
35.9326,0.5673,2.4473
35.9328,0.4879,2.1058
35.9330,0.4812,2.0739
35.9332,0.5158,2.2243
35.9334,0.4898,2.1131
35.9336,0.5025,2.1659
35.9338,0.5667,2.4413
35.9340,0.5148,2.2166
35.9342,0.5168,2.2253
35.9344,0.5032,2.169
35.9346,0.4977,2.1472
35.9348,0.4782,2.0629
35.9350,0.5109,2.2021
35.9352,0.4881,2.1049
35.9354,0.497,2.1421
35.9356,0.4696,2.0266
35.9358,0.3898,1.6817
35.9360,0.3796,1.6392
35.9362,0.3658,1.579
35.9364,0.3907,1.6876
35.9366,0.426,1.837
35.9368,0.5179,2.229
35.9370,0.5573,2.401
35.9372,0.507,2.185
35.9374,0.5113,2.2036
35.9376,0.505,2.1747
35.9378,0.5257,2.2625
35.9380,0.5739,2.4734
35.9382,0.5333,2.2987
35.9384,0.5407,2.3259
35.9386,0.6113,2.631
35.9388,0.592,2.5467
35.9390,0.6453,2.7737
35.9392,0.7,3.0073
35.9394,0.7175,3.0854
35.9396,0.6096,2.6213
35.9398,0.6548,2.8144
35.9400,0.6769,2.9065
35.9402,0.7612,3.27
35.9404,0.7396,3.1758
35.9406,0.7378,3.1681
35.9408,0.7531,3.2325
35.9410,0.7751,3.3282
35.9412,0.7685,3.2953
35.9414,0.8366,3.589
35.9416,0.834,3.5827
35.9418,0.8293,3.5626
35.9420,0.783,3.359
35.9422,0.8444,3.614
35.9424,0.957,4.0978
35.9426,0.9575,4.1075
35.9428,0.868,3.722
35.9430,0.9131,3.919
35.9432,0.8862,3.7984
35.9434,0.9577,4.1047
35.9436,0.9832,4.2083
35.9438,1.0082,4.319
35.9440,0.9602,4.1116
35.9442,0.9006,3.8655
35.9444,0.8045,3.4543
35.9446,0.842,3.6121
35.9448,0.8864,3.8042
35.9450,0.867,3.7214
35.9452,0.8901,3.8113
35.9454,0.9196,3.9449
35.9456,0.885,3.795
35.9458,0.9061,3.8891
35.9460,0.8465,3.6283
35.9462,0.9064,3.8884
35.9464,0.891,3.8279
35.9466,0.7935,3.4107
35.9468,0.7844,3.3668
35.9470,0.8693,3.7294
35.9472,0.8527,3.6613
35.9474,0.7991,3.4376
35.9476,0.7679,3.2988
35.9478,0.7913,3.4009
35.9480,0.7925,3.406
35.9482,0.7706,3.3091
35.9484,0.7873,3.3823
35.9486,0.7846,3.372
35.9488,0.7873,3.3854
35.9490,0.7928,3.4012
35.9492,0.8388,3.6033
35.9494,0.8465,3.6351
35.9496,0.8072,3.4694
35.9498,0.7447,3.1964
35.9500,0.8206,3.5288
35.9502,0.7427,3.1936
35.9504,0.741,3.1894
35.9506,0.7323,3.1473
35.9508,0.7648,3.2854
35.9510,0.7716,3.3148
35.9512,0.7868,3.3802
35.9514,0.8277,3.5559
35.9516,0.792,3.4024
35.9518,0.7071,3.0405
35.9520,0.7099,3.0509
35.9522,0.7097,3.0547
35.9524,0.7304,3.1434
35.9526,0.6993,3.0112
35.9528,0.6745,2.903
35.9530,0.6868,2.9547
35.9532,0.7465,3.2086
35.9534,0.816,3.5005
35.9536,0.8349,3.5918
35.9538,0.7313,3.1476
35.9540,0.7427,3.1951
35.9542,0.7065,3.0393
35.9544,0.7075,3.042
35.9546,0.7415,3.184
35.9548,0.8013,3.4458
35.9550,0.7031,3.0263
35.9552,0.7437,3.1978
35.9554,0.7181,3.0908
35.9556,0.7024,3.0176
35.9558,0.824,3.5432
35.9560,0.7464,3.2111
35.9562,0.6868,2.9547
35.9564,0.7188,3.091
35.9566,0.7634,3.2798
35.9568,0.7962,3.4268
35.9570,0.7281,3.1307
35.9572,0.72,3.0991
35.9574,0.7403,3.1818
35.9576,0.8493,3.6486
35.9578,0.8505,3.6504
35.9580,0.8959,3.8472
35.9582,0.8868,3.8098
35.9584,0.7715,3.3205
35.9586,0.7324,3.1537
35.9588,0.7426,3.1916
35.9590,0.841,3.6047
35.9592,0.9107,3.916
35.9594,0.7842,3.372
35.9596,0.7035,3.0278
35.9598,0.7087,3.0515
35.9600,0.7222,3.1055
35.9602,0.7362,3.1717
35.9604,0.6438,2.7773
35.9606,0.5625,2.4254
35.9608,0.5598,2.4141
35.9610,0.5603,2.4161
35.9612,0.5837,2.5134
35.9614,0.6437,2.7716
35.9616,0.6691,2.8797
35.9618,0.6541,2.8165
35.9620,0.5976,2.5805
35.9622,0.5461,2.3513
35.9624,0.7079,3.0427
35.9626,0.6917,2.9842
35.9628,0.5416,2.3366
35.9630,0.5275,2.2745
35.9632,0.53,2.2874
35.9634,0.528,2.2786
35.9636,0.5258,2.2672
35.9638,0.5742,2.4772
35.9640,0.5408,2.3329
35.9642,0.5275,2.2734
35.9644,0.5258,2.2683
35.9646,0.5486,2.3644
35.9648,0.618,2.6586
35.9650,0.6655,2.8656
35.9652,0.6503,2.8039
35.9654,0.6408,2.7631
35.9656,0.5778,2.4881
35.9658,0.6148,2.6509
35.9660,0.5491,2.3686
35.9662,0.542,2.337
35.9664,0.5312,2.2905
35.9666,0.5283,2.2802
35.9668,0.5283,2.2802
35.9670,0.5287,2.2786
35.9672,0.5294,2.2827
35.9674,0.5278,2.275
35.9676,0.5688,2.4506
35.9678,0.5703,2.4556
35.9680,0.5696,2.4594
35.9682,0.4592,1.9839
35.9684,0.4479,1.932
35.9686,0.5359,2.3106
35.9688,0.5174,2.2321
35.9690,0.5326,2.2924
35.9692,0.5895,2.5418
35.9694,0.5121,2.2083
35.9696,0.5533,2.3823
35.9698,0.5815,2.5042
35.9700,0.6116,2.6337
35.9702,0.6937,2.9814
35.9704,0.7587,3.2622
35.9706,0.6687,2.8809
35.9708,0.6049,2.6085
35.9710,0.6264,2.696
35.9712,0.7071,3.0391
35.9714,0.7172,3.0881
35.9716,0.6782,2.9176
35.9718,0.7312,3.1485
35.9720,0.6541,2.8165
35.9722,0.5473,2.362
35.9724,0.4616,1.9924
35.9726,0.4535,1.9582
35.9728,0.4549,1.9635
35.9730,0.452,1.9492
35.9732,0.4818,2.0775
35.9734,0.5163,2.2243
35.9736,0.5741,2.4733
35.9738,0.5716,2.4647
35.9740,0.5542,2.3864
35.9742,0.5744,2.472
35.9744,0.6742,2.8965
35.9746,0.8084,3.4697
35.9748,0.7835,3.3611
35.9750,0.782,3.3628
35.9752,0.7477,3.2138
35.9754,0.7362,3.1673
35.9756,0.7001,3.0134
35.9758,0.674,2.8968
35.9760,0.8046,3.45
35.9762,0.8625,3.7001
35.9764,0.8609,3.6934
35.9766,0.8816,3.7748
35.9768,1.0247,4.3797
35.9770,1.0928,4.6773
35.9772,1.0403,4.4588
35.9774,1.0198,4.3628
35.9776,1.0677,4.5696
35.9778,1.0132,4.3447
35.9780,0.9143,3.926
35.9782,0.8595,3.6941
35.9784,0.8464,3.6312
35.9786,0.8817,3.7859
35.9788,0.8962,3.8411
35.9790,0.9843,4.2109
35.9792,1.0805,4.6223
35.9794,1.066,4.573
35.9796,0.9542,4.0974
35.9798,0.8796,3.7772
35.9800,0.8752,3.7564
35.9802,0.8891,3.8161
35.9804,0.9636,4.1299
35.9806,1.0012,4.2872
35.9808,1.0612,4.5418
35.9810,1.0254,4.3951
35.9812,1.0403,4.4567
35.9814,1.0804,4.6283
35.9816,0.9989,4.2855
35.9818,0.9529,4.0918
35.9820,0.895,3.8395
35.9822,0.9173,3.9315
35.9824,0.968,4.1566
35.9826,0.9305,3.9936
35.9828,0.9712,4.1647
35.9830,0.9666,4.1505
35.9832,0.926,3.9764
35.9834,0.9228,3.9607
35.9836,0.9242,3.965
35.9838,0.9295,3.9951
35.9840,0.8154,3.5061
35.9842,0.7721,3.323
35.9844,0.718,3.0932
35.9846,0.6763,2.912
35.9848,0.711,3.0589
35.9850,0.7977,3.4319
35.9852,0.7847,3.3725
35.9854,0.822,3.5295
35.9856,0.8154,3.5061
35.9858,0.7426,3.1946
35.9860,0.7374,3.1754
35.9862,0.6951,2.9973
35.9864,0.6697,2.8877
35.9866,0.5981,2.579
35.9868,0.5889,2.5392
35.9870,0.5903,2.5466
35.9872,0.5855,2.5224
35.9874,0.594,2.5602
35.9876,0.7783,3.3468
35.9878,0.7697,3.3158
35.9880,0.6897,2.9726
35.9882,0.6685,2.8785
35.9884,0.6884,2.9601
35.9886,0.7826,3.3606
35.9888,0.8409,3.6125
35.9890,0.772,3.3272
35.9892,0.6716,2.8946
35.9894,0.6626,2.8519
35.9896,0.7125,3.0665
35.9898,0.6723,2.8964
35.9900,0.704,3.0299
35.9902,0.7347,3.162
35.9904,0.6585,2.8369
35.9906,0.5961,2.5702
35.9908,0.6049,2.6073
35.9910,0.6266,2.6995
35.9912,0.6347,2.7367
35.9914,0.628,2.7052
35.9916,0.6721,2.8967
35.9918,0.6058,2.6084
35.9920,0.625,2.6923
35.9922,0.5944,2.5642
35.9924,0.5772,2.4879
35.9926,0.6366,2.7475
35.9928,0.5649,2.4358
35.9930,0.5461,2.3568
35.9932,0.4746,2.0502
35.9934,0.4531,1.9584
35.9936,0.453,1.9561
35.9938,0.4568,1.9736
35.9940,0.4552,1.9672
35.9942,0.4548,1.9639
35.9944,0.4703,2.0297
35.9946,0.4606,1.9896
35.9948,0.4565,1.9711
35.9950,0.4571,1.9728
35.9952,0.4601,1.9848
35.9954,0.5114,2.2052
35.9956,0.5254,2.2688
35.9958,0.4802,2.0707
35.9960,0.5204,2.244
35.9962,0.5811,2.5056
35.9964,0.5853,2.5178
35.9966,0.6989,3.0068
35.9968,0.7167,3.0817
35.9970,0.6995,3.0108
35.9972,0.6866,2.9537
35.9974,0.6816,2.9307
35.9976,0.7403,3.1848
35.9978,0.7489,3.2219
35.9980,0.7055,3.0338
35.9982,0.7769,3.3359
35.9984,0.8599,3.6888
35.9986,0.9019,3.8693
35.9988,0.8971,3.8506
35.9990,0.8288,3.5655
35.9992,0.7605,3.2715
35.9994,0.7615,3.267
35.9996,0.8029,3.4476
35.9998,0.7883,3.3833
36.0000,0.8573,3.6831
36.0002,0.8238,3.5372
36.0004,0.8324,3.5743
36.0006,0.8001,3.447
36.0008,0.6536,2.8145
36.0010,0.683,2.9382
36.0012,0.7161,3.0835
36.0014,0.709,3.0487
36.0016,0.7145,3.0725
36.0018,0.7125,3.0651
36.0020,0.682,2.9382
36.0022,0.6521,2.8051
36.0024,0.7,3.0143
36.0026,0.663,2.8547
36.0028,0.6274,2.7001
36.0030,0.6521,2.8012
36.0032,0.7137,3.0731
36.0034,0.6607,2.8436
36.0036,0.6619,2.8514
36.0038,0.6377,2.7483
36.0040,0.6282,2.7063
36.0042,0.6413,2.7613
36.0044,0.642,2.7631
36.0046,0.6464,2.7874
36.0048,0.5348,2.3049
36.0050,0.5238,2.2605
36.0052,0.561,2.417
36.0054,0.5969,2.5726
36.0056,0.5808,2.5057
36.0058,0.541,2.3329
36.0060,0.5606,2.4138
36.0062,0.6554,2.8183
36.0064,0.7319,3.1487
36.0066,0.7063,3.0411
36.0068,0.6915,2.9735
36.0070,0.783,3.3669
36.0072,0.8354,3.5872
36.0074,0.8565,3.6795
36.0076,0.8347,3.5774
36.0078,0.935,4.0094
36.0080,0.994,4.2604
36.0082,1.0611,4.5307
36.0084,1.1474,4.9085
36.0086,1.097,4.7019
36.0088,1.0226,4.3868
36.0090,0.9487,4.0681
36.0092,0.9288,3.9864
36.0094,0.9384,4.0201
36.0096,1.0254,4.4012
36.0098,0.9584,4.1059
36.0100,1.0156,4.3509
36.0102,1.0343,4.4331
36.0104,1.03,4.4208
36.0106,0.931,3.992
36.0108,0.9489,4.0691
36.0110,0.9512,4.0808
36.0112,0.929,3.9893
36.0114,0.8603,3.6908
36.0116,0.9286,3.991
36.0118,0.8577,3.6864
36.0120,0.8166,3.5112
36.0122,0.8148,3.5019
36.0124,0.8293,3.5626
36.0126,0.8149,3.5073
36.0128,0.7728,3.323
36.0130,0.8168,3.509
36.0132,0.8637,3.707
36.0134,0.9505,4.0853
36.0136,0.8451,3.6272
36.0138,0.8963,3.8487
36.0140,0.8258,3.5476
36.0142,0.8145,3.5008
36.0144,0.835,3.5906
36.0146,0.8117,3.4917
36.0148,0.779,3.3499
36.0150,0.7927,3.4086
36.0152,0.8316,3.574
36.0154,0.8316,3.5707
36.0156,0.8431,3.6218
36.0158,0.84,3.6202
36.0160,0.7019,3.0268
36.0162,0.6687,2.8795
36.0164,0.6702,2.8884
36.0166,0.6432,2.7708
36.0168,0.7299,3.1414
36.0170,0.7167,3.086
36.0172,0.6758,2.9113
36.0174,0.6925,2.9818
36.0176,0.7143,3.0729
36.0178,0.7425,3.1956
36.0180,0.7479,3.2188
36.0182,0.771,3.3153
36.0184,0.7704,3.3127
36.0186,0.7832,3.371
36.0188,0.748,3.2163
36.0190,0.7714,3.3169
36.0192,0.7353,3.1646
36.0194,0.7426,3.1991
36.0196,0.7499,3.2261
36.0198,0.7361,3.1756
36.0200,0.615,2.6507
36.0202,0.6877,2.9652
36.0204,0.623,2.6865
36.0206,0.5905,2.5464
36.0208,0.5901,2.5432
36.0210,0.6367,2.7468
36.0212,0.5837,2.5216
36.0214,0.5252,2.2625
36.0216,0.6471,2.7892
36.0218,0.6446,2.777
36.0220,0.6402,2.7592
36.0222,0.629,2.7099
36.0224,0.6004,2.59
36.0226,0.5363,2.3159
36.0228,0.525,2.2647
36.0230,0.5271,2.275
36.0232,0.5272,2.2745
36.0234,0.5283,2.2791
36.0236,0.5275,2.2766
36.0238,0.5271,2.275
36.0240,0.5263,2.2703
36.0242,0.5301,2.289
36.0244,0.5326,2.2978
36.0246,0.5282,2.2776
36.0248,0.5614,2.4197
36.0250,0.615,2.6531
36.0252,0.5504,2.3721
36.0254,0.5449,2.3505
36.0256,0.5284,2.2807
36.0258,0.5361,2.3117
36.0260,0.6051,2.6054
36.0262,0.6073,2.6212
36.0264,0.5362,2.3143
36.0266,0.5256,2.2693
36.0268,0.5245,2.2626
36.0270,0.5234,2.2579
36.0272,0.5272,2.2734
36.0274,0.5266,2.2708
36.0276,0.5238,2.2584
36.0278,0.524,2.2616
36.0280,0.5262,2.2698
36.0282,0.5637,2.4272
36.0284,0.6155,2.6515
36.0286,0.6214,2.6781
36.0288,0.6234,2.6856
36.0290,0.6226,2.6832
36.0292,0.5636,2.4278
36.0294,0.5669,2.4434
36.0296,0.5367,2.3153
36.0298,0.5672,2.4433
36.0300,0.5862,2.5278
36.0302,0.5897,2.5393
36.0304,0.5789,2.4951
36.0306,0.5935,2.5558
36.0308,0.6498,2.7953
36.0310,0.6855,2.9491
36.0312,0.6872,2.9604
36.0314,0.6398,2.7551
36.0316,0.6423,2.7711
36.0318,0.5646,2.4347
36.0320,0.5248,2.2631
36.0322,0.5134,2.2129
36.0324,0.5114,2.2062
36.0326,0.4962,2.1405
36.0328,0.5324,2.2935
36.0330,0.5786,2.4924
36.0332,0.5983,2.58
36.0334,0.5455,2.3531
36.0336,0.5431,2.3406
36.0338,0.5232,2.2569
36.0340,0.4891,2.107
36.0342,0.5994,2.5775
36.0344,0.6375,2.7453
36.0346,0.616,2.6548
36.0348,0.5621,2.4228
36.0350,0.5351,2.3097
36.0352,0.5154,2.2222
36.0354,0.5709,2.4548
36.0356,0.6377,2.742
36.0358,0.6344,2.7331
36.0360,0.5905,2.5441
36.0362,0.5818,2.5098
36.0364,0.5254,2.2657
36.0366,0.515,2.2217
36.0368,0.5395,2.324
36.0370,0.5967,2.5668
36.0372,0.6148,2.6472
36.0374,0.6258,2.6922
36.0376,0.6843,2.9398
36.0378,0.7205,3.0982
36.0380,0.7383,3.1731
36.0382,0.6889,2.9649
36.0384,0.641,2.7577
36.0386,0.701,3.0142
36.0388,0.6676,2.8735
36.0390,0.571,2.4621
36.0392,0.5402,2.3271
36.0394,0.6006,2.5826
36.0396,0.6929,2.9783
36.0398,0.7816,3.3576
36.0400,0.8103,3.4812
36.0402,0.8039,3.4486
36.0404,0.8413,3.6141
36.0406,0.819,3.5134
36.0408,0.8437,3.6176
36.0410,0.8468,3.6378
36.0412,0.7977,3.4287
36.0414,0.7937,3.408
36.0416,0.8697,3.724
36.0418,1.0264,4.3889
36.0420,1.0748,4.5982
36.0422,1.059,4.5368
36.0424,1.0227,4.3751
36.0426,1.0549,4.5152
36.0428,0.9942,4.2689
36.0430,0.9036,3.8801
36.0432,0.8754,3.7556
36.0434,0.8757,3.7567
36.0436,0.8888,3.8092
36.0438,0.9262,3.9751
36.0440,0.8685,3.731
36.0442,0.8414,3.6129
36.0444,0.8376,3.5964
36.0446,0.8233,3.5319
36.0448,0.897,3.85
36.0450,0.8885,3.817
36.0452,0.8403,3.6083
36.0454,0.833,3.5769
36.0456,0.8289,3.5577
36.0458,0.9228,3.9607
36.0460,0.8956,3.8474
36.0462,0.8294,3.5581
36.0464,0.8771,3.7646
36.0466,0.8447,3.6341
36.0468,0.7222,3.1112
36.0470,0.715,3.0731
36.0472,0.7789,3.3525
36.0474,0.7555,3.2533
36.0476,0.6883,2.9637
36.0478,0.6939,2.9852
36.0480,0.7003,3.0125
36.0482,0.695,2.994
36.0484,0.6447,2.775
36.0486,0.7361,3.1638
36.0488,0.7734,3.3256
36.0490,0.7745,3.3303
36.0492,0.7714,3.3199
36.0494,0.7409,3.1859
36.0496,0.7132,3.0711
36.0498,0.6415,2.7636
36.0500,0.6907,2.9699
36.0502,0.7119,3.0611
36.0504,0.7449,3.2014
36.0506,0.7722,3.3251
36.0508,0.7275,3.1325
36.0510,0.7259,3.1229
36.0512,0.6837,2.9413
36.0514,0.7046,3.0339
36.0516,0.6829,2.9377
36.0518,0.6974,2.9987
36.0520,0.6969,3.005
36.0522,0.6019,2.5955
36.0524,0.5827,2.5128
36.0526,0.579,2.4956
36.0528,0.5826,2.5123
36.0530,0.5868,2.5292
36.0532,0.5938,2.5556
36.0534,0.7005,3.0093
36.0536,0.8247,3.5463
36.0538,0.8302,3.5667
36.0540,0.8216,3.5296
36.0542,0.7559,3.2564
36.0544,0.6744,2.9051
36.0546,0.6594,2.8379
36.0548,0.6588,2.838
36.0550,0.5963,2.57
36.0552,0.5868,2.5292
36.0554,0.633,2.7269
36.0556,0.6554,2.8183
36.0558,0.7066,3.0398
36.0560,0.7553,3.2463
36.0562,0.8173,3.5111
36.0564,0.7875,3.3833
36.0566,0.8045,3.4559
36.0568,0.7758,3.3344
36.0570,0.7769,3.3375
36.0572,0.8166,3.5129
36.0574,0.7422,3.196
36.0576,0.6688,2.8787
36.0578,0.6401,2.7574
36.0580,0.6615,2.8485
36.0582,0.6829,2.9418
36.0584,0.5884,2.5371
36.0586,0.5821,2.5102
36.0588,0.6051,2.6066
36.0590,0.624,2.6857
36.0592,0.7051,3.0374
36.0594,0.6396,2.7592
36.0596,0.4968,2.1441
36.0598,0.4971,2.1436
36.0600,0.6205,2.6695
36.0602,0.6378,2.7514
36.0604,0.5606,2.4183
36.0606,0.5515,2.3779
36.0608,0.5077,2.1912
36.0610,0.492,2.1224
36.0612,0.5003,2.1561
36.0614,0.5618,2.419
36.0616,0.5989,2.5814
36.0618,0.5901,2.542
36.0620,0.6248,2.6905
36.0622,0.6842,2.942
36.0624,0.7564,3.2554
36.0626,0.653,2.8171
36.0628,0.5444,2.3484
36.0630,0.5336,2.2998
36.0632,0.5349,2.3076
36.0634,0.5308,2.29
36.0636,0.5331,2.2988
36.0638,0.5759,2.4822
36.0640,0.6199,2.6694
36.0642,0.636,2.7386
36.0644,0.6583,2.8346
36.0646,0.6564,2.825
36.0648,0.6672,2.8701
36.0650,0.6644,2.8596
36.0652,0.6625,2.854
36.0654,0.5838,2.5163
36.0656,0.5465,2.3545
36.0658,0.5455,2.352
36.0660,0.5485,2.3649
36.0662,0.5433,2.3416
36.0664,0.5378,2.3189
36.0666,0.5257,2.2667
36.0668,0.5608,2.4148
36.0670,0.5999,2.5856
36.0672,0.5837,2.5158
36.0674,0.5869,2.5297
36.0676,0.5928,2.5539
36.0678,0.5949,2.5627
36.0680,0.5964,2.5706
36.0682,0.6043,2.601
36.0684,0.6763,2.9093
36.0686,0.6817,2.9366
36.0688,0.6319,2.7235
36.0690,0.6299,2.7122
36.0692,0.6188,2.6635
36.0694,0.6614,2.8467
36.0696,0.6335,2.7277
36.0698,0.6132,2.6392
36.0700,0.6391,2.7469
36.0702,0.7278,3.1282
36.0704,0.716,3.0815
36.0706,0.6325,2.7261
36.0708,0.5576,2.4053
36.0710,0.5022,2.1634
36.0712,0.4982,2.1493
36.0714,0.4875,2.1023
36.0716,0.4855,2.0935
36.0718,0.4851,2.0919
36.0720,0.4934,2.1296
36.0722,0.4997,2.1565
36.0724,0.4988,2.1509
36.0726,0.5176,2.231
36.0728,0.5562,2.3952
36.0730,0.6179,2.6631
36.0732,0.582,2.5062
36.0734,0.5746,2.4731
36.0736,0.6678,2.8741
36.0738,0.7264,3.1206
36.0740,0.7864,3.3766
36.0742,0.7864,3.3782
36.0744,0.8198,3.5235
36.0746,0.7979,3.426
36.0748,0.8039,3.4518
36.0750,0.8558,3.6662
36.0752,1.0139,4.3376
36.0754,1.0738,4.6
36.0756,1.0131,4.3401
36.0758,0.9983,4.2729
36.0760,1.0246,4.3853
36.0762,1.0448,4.4736
36.0764,0.9768,4.1786
36.0766,1.0914,4.6646
36.0768,1.1107,4.7627
36.0770,0.9487,4.0718
36.0772,0.891,3.8279
36.0774,0.8276,3.5554
36.0776,0.8197,3.5181
36.0778,0.8708,3.7373
36.0780,0.8892,3.8148
36.0782,0.9264,3.9743
36.0784,0.9163,3.9366
36.0786,0.8542,3.668
36.0788,0.847,3.6337
36.0790,0.93,3.9897
36.0792,0.9127,3.9193
36.0794,0.7642,3.289
36.0796,0.7031,3.0277
36.0798,0.6956,2.9924
36.0800,0.7049,3.0326
36.0802,0.7549,3.2447
36.0804,0.803,3.4498
36.0806,0.781,3.3534
36.0808,0.8447,3.629
36.0810,0.8272,3.5538
36.0812,0.8338,3.5788
36.0814,0.8763,3.761
36.0816,0.8281,3.5657
36.0818,0.7726,3.3174
36.0820,0.8495,3.6479
36.0822,0.8046,3.4597
36.0824,0.7971,3.4245
36.0826,0.8118,3.489
36.0828,0.7324,3.1522
36.0830,0.6897,2.9671
36.0832,0.7292,3.1412
36.0834,0.7057,3.0315
36.0836,0.775,3.3308
36.0838,0.7795,3.355
36.0840,0.7643,3.288
36.0842,0.7528,3.2324
36.0844,0.7898,3.3915
36.0846,0.83,3.5707
36.0848,0.7745,3.3349
36.0850,0.7456,3.2045
36.0852,0.7555,3.2518
36.0854,0.645,2.7786
36.0856,0.5881,2.5361
36.0858,0.5651,2.4357
36.0860,0.5741,2.4767
36.0862,0.5732,2.4714
36.0864,0.6356,2.7357
36.0866,0.7217,3.1034
36.0868,0.7375,3.1729
36.0870,0.7253,3.1232
36.0872,0.6754,2.9084
36.0874,0.6626,2.8519
36.0876,0.6715,2.8914
36.0878,0.6781,2.9198
36.0880,0.8312,3.5758
36.0882,0.6989,3.011
36.0884,0.5762,2.4855
36.0886,0.498,2.1503
36.0888,0.4899,2.1136
36.0890,0.545,2.3489
36.0892,0.5387,2.3241
36.0894,0.5354,2.3097
36.0896,0.5403,2.3319
36.0898,0.5366,2.3148
36.0900,0.5432,2.34
36.0902,0.5505,2.3726
36.0904,0.5801,2.5014
36.0906,0.5433,2.3416
36.0908,0.5471,2.3571
36.0910,0.6238,2.6847
36.0912,0.7119,3.0583
36.0914,0.795,3.4232
36.0916,0.6603,2.846
36.0918,0.5646,2.4359
36.0920,0.5505,2.3759
36.0922,0.5497,2.3679
36.0924,0.5483,2.3644
36.0926,0.544,2.3469
36.0928,0.5435,2.3448
36.0930,0.5445,2.3479
36.0932,0.5402,2.3293
36.0934,0.5319,2.2947
36.0936,0.5555,2.3954
36.0938,0.5206,2.246
36.0940,0.5289,2.2807
36.0942,0.5471,2.3582
36.0944,0.5317,2.2926
36.0946,0.5699,2.4564
36.0948,0.6146,2.6491
36.0950,0.5687,2.4512
36.0952,0.5487,2.3638
36.0954,0.6096,2.6238
36.0956,0.686,2.9511
36.0958,0.7312,3.1397
36.0960,0.7639,3.2849
36.0962,0.7643,3.2849
36.0964,0.7519,3.2378
36.0966,0.6898,2.9676
36.0968,0.7039,3.0322
36.0970,0.6741,2.9001
36.0972,0.7212,3.0956
36.0974,0.7669,3.2978
36.0976,0.759,3.2668
36.0978,0.6482,2.7847
36.0980,0.7964,3.4183
36.0982,0.8402,3.6145
36.0984,0.7657,3.2957
36.0986,0.7072,3.041
36.0988,0.721,3.1018
36.0990,0.6921,2.9802
36.0992,0.698,3.0027
36.0994,0.6835,2.9389
36.0996,0.7246,3.1187
36.0998,0.7281,3.1307
36.1000,0.738,3.1706
36.1002,0.7458,3.21
36.1004,0.6425,2.7626
36.1006,0.6742,2.9033
36.1008,0.6289,2.7094
36.1010,0.5937,2.5587
36.1012,0.5884,2.5277
36.1014,0.8299,3.5618
36.1016,0.8638,3.7109
36.1018,0.7843,3.3757
36.1020,0.6578,2.8338
36.1022,0.6228,2.6805
36.1024,0.6474,2.7902
36.1026,0.5983,2.5788
36.1028,0.6115,2.6332
36.1030,0.6284,2.7085
36.1032,0.6119,2.6385
36.1034,0.5933,2.5559
36.1036,0.639,2.7464
36.1038,0.7152,3.077
36.1040,0.6838,2.9418
36.1042,0.6576,2.8341
36.1044,0.5539,2.3893
36.1046,0.5306,2.289
36.1048,0.5602,2.4178
36.1050,0.5115,2.2077
36.1052,0.4833,2.0852
36.1054,0.4739,2.0443
36.1056,0.4699,2.0263
36.1058,0.5216,2.247
36.1060,0.6025,2.5957
36.1062,0.594,2.559
36.1064,0.5952,2.5678
36.1066,0.553,2.3846
36.1068,0.5597,2.4102
36.1070,0.6176,2.6583
36.1072,0.6753,2.9066
36.1074,0.6711,2.8912
36.1076,0.6693,2.8794
36.1078,0.6835,2.9389
36.1080,0.7634,3.2737
36.1082,0.9256,3.9688
36.1084,0.9209,3.9524
36.1086,0.8955,3.838
36.1088,0.8919,3.8243
36.1090,0.8687,3.7286
36.1092,0.8934,3.8346
36.1094,0.8982,3.8588
36.1096,0.8533,3.6605
36.1098,0.9084,3.8935
36.1100,0.9378,4.0231
36.1102,0.8986,3.8531
36.1104,0.8908,3.8215
36.1106,0.9163,3.9347
36.1108,0.9121,3.9167
36.1110,0.8342,3.582
36.1112,0.8146,3.4997
36.1114,0.8672,3.7236
36.1116,0.8352,3.5862
36.1118,0.7799,3.3503
36.1120,0.7788,3.3457
36.1122,0.8324,3.5726
36.1124,0.8792,3.7786
36.1126,0.84,3.6034
36.1128,0.9159,3.9382
36.1130,0.815,3.5013
36.1132,0.7904,3.3957
36.1134,0.7577,3.252
36.1136,0.8479,3.6373
36.1138,0.9326,4.0066
36.1140,0.8993,3.8652
36.1142,0.834,3.5827
36.1144,0.8214,3.5335
36.1146,0.737,3.1718
36.1148,0.7335,3.1554
36.1150,0.7358,3.1623
36.1152,0.7795,3.3488
36.1154,0.7816,3.3576
36.1156,0.8379,3.5997
36.1158,0.8674,3.7264
36.1160,0.8745,3.755
36.1162,0.837,3.5972
36.1164,0.8085,3.4751
36.1166,0.7973,3.4298
36.1168,0.7449,3.2074
36.1170,0.7512,3.2317
36.1172,0.8142,3.496
36.1174,0.8192,3.5242
36.1176,0.7027,3.0242
36.1178,0.6823,2.9338
36.1180,0.7335,3.1554
36.1182,0.7711,3.3143
36.1184,0.7837,3.37
36.1186,0.7838,3.3705
36.1188,0.777,3.3426
36.1190,0.7166,3.0827
36.1192,0.6932,2.9848
36.1194,0.6841,2.9456
36.1196,0.7103,3.053
36.1198,0.7885,3.389
36.1200,0.8148,3.5035
36.1202,0.8019,3.4499
36.1204,0.8066,3.462
36.1206,0.795,3.4184
36.1208,0.8391,3.6031
36.1210,0.9178,3.9391
36.1212,0.8685,3.7276
36.1214,0.828,3.5586
36.1216,0.826,3.552
36.1218,0.8428,3.6258
36.1220,0.7735,3.3339
36.1222,0.6648,2.8625
36.1224,0.679,2.9239
36.1226,0.7137,3.0717
36.1228,0.7379,3.176
36.1230,0.7313,3.1447
36.1232,0.7275,3.1282
36.1234,0.7274,3.1335
36.1236,0.7073,3.0458
36.1238,0.7161,3.0792
36.1240,0.7501,3.2346
36.1242,0.5971,2.5772
36.1244,0.5132,2.2129
36.1246,0.5808,2.5022
36.1248,0.6422,2.7706
36.1250,0.5863,2.5307
36.1252,0.5413,2.3372
36.1254,0.4669,2.0171
36.1256,0.4583,1.9807
36.1258,0.4591,1.9834
36.1260,0.4601,1.9848
36.1262,0.4854,2.0939
36.1264,0.5021,2.1658
36.1266,0.4553,1.965
36.1268,0.4526,1.9554
36.1270,0.4566,1.9735
36.1272,0.4517,1.9513
36.1274,0.4499,1.9408
36.1276,0.4499,1.9435
36.1278,0.4518,1.9509
36.1280,0.4542,1.9613
36.1282,0.4646,2.0035
36.1284,0.5072,2.1881
36.1286,0.4734,2.0432
36.1288,0.5685,2.4501
36.1290,0.5907,2.5458
36.1292,0.5509,2.3742
36.1294,0.5476,2.3613
36.1296,0.5446,2.3506
36.1298,0.542,2.337
36.1300,0.5559,2.3937
36.1302,0.5637,2.4295
36.1304,0.5534,2.3861
36.1306,0.5921,2.552
36.1308,0.6367,2.7391
36.1310,0.6734,2.8956
36.1312,0.7258,3.1209
36.1314,0.7101,3.0576
36.1316,0.6264,2.696
36.1318,0.6515,2.8052
36.1320,0.6286,2.7053
36.1322,0.6138,2.6455
36.1324,0.6236,2.6879
36.1326,0.5917,2.548
36.1328,0.6041,2.5988
36.1330,0.6735,2.9002
36.1332,0.6331,2.7224
36.1334,0.6899,2.9681
36.1336,0.6618,2.8469
36.1338,0.6716,2.8946
36.1340,0.6258,2.6984
36.1342,0.5286,2.2802
36.1344,0.485,2.0934
36.1346,0.4787,2.065
36.1348,0.5586,2.4055
36.1350,0.5922,2.5513
36.1352,0.6205,2.6707
36.1354,0.6356,2.7396
36.1356,0.5789,2.494
36.1358,0.5937,2.5575
36.1360,0.6125,2.6361
36.1362,0.6164,2.6544
36.1364,0.6264,2.6973
36.1366,0.6125,2.6361
36.1368,0.6198,2.6701
36.1370,0.6669,2.8718
36.1372,0.6131,2.6412
36.1374,0.567,2.4439
36.1376,0.5651,2.4323
36.1378,0.6197,2.6646
36.1380,0.7199,3.0957
36.1382,0.679,2.928
36.1384,0.5908,2.5451
36.1386,0.5925,2.5511
36.1388,0.5991,2.5807
36.1390,0.6114,2.6303
36.1392,0.6506,2.795
36.1394,0.7155,3.0723
36.1396,0.7407,3.1878
36.1398,0.6045,2.6016
36.1400,0.6173,2.6543
36.1402,0.7533,3.239
36.1404,0.7651,3.287
36.1406,0.7724,3.3169
36.1408,0.777,3.3411
36.1410,0.7181,3.0894
36.1412,0.6696,2.8791
36.1414,0.7594,3.2623
36.1416,0.8106,3.4757
36.1418,0.8866,3.8017
36.1420,0.8897,3.8186
36.1422,0.88,3.777
36.1424,0.895,3.8395
36.1426,0.8813,3.7844
36.1428,0.8426,3.6164
36.1430,0.889,3.8138
36.1432,0.8983,3.8539
36.1434,0.9194,3.9444
36.1436,0.9316,3.9983
36.1438,0.8476,3.638
36.1440,0.7949,3.4147
36.1442,0.7799,3.3519
36.1444,0.7643,3.2819
36.1446,0.8009,3.4453
36.1448,0.7518,3.2343
36.1450,0.7458,3.2055
36.1452,0.7628,3.2772
36.1454,0.813,3.4909
36.1456,0.8039,3.455
36.1458,0.7662,3.2886
36.1460,0.8397,3.6074
36.1462,0.871,3.7418
36.1464,0.8906,3.8222
36.1466,0.8891,3.8143
36.1468,0.8624,3.7065
36.1470,0.8089,3.4766
36.1472,0.7957,3.4215
36.1474,0.7573,3.2535
36.1476,0.8034,3.4513
36.1478,0.8109,3.4886
36.1480,0.7143,3.0786
36.1482,0.6447,2.775
36.1484,0.6792,2.9231
36.1486,0.6868,2.9589
36.1488,0.6675,2.873
36.1490,0.6387,2.7543
36.1492,0.5699,2.4575
36.1494,0.5687,2.4512
36.1496,0.6239,2.6877
36.1498,0.6746,2.9089
36.1500,0.6274,2.7014
36.1502,0.645,2.776
36.1504,0.6608,2.8441
36.1506,0.6654,2.8651
36.1508,0.6555,2.8227
36.1510,0.6553,2.8217
36.1512,0.6575,2.8336
36.1514,0.5792,2.4961
36.1516,0.6258,2.6947
36.1518,0.6662,2.8687
36.1520,0.6651,2.8614
36.1522,0.6262,2.6975
36.1524,0.5693,2.4549
36.1526,0.5655,2.435
36.1528,0.5771,2.4874
36.1530,0.5792,2.4973
36.1532,0.5533,2.3867
36.1534,0.511,2.2046
36.1536,0.4772,2.0578
36.1538,0.4933,2.1271
36.1540,0.5054,2.1793
36.1542,0.538,2.3189
36.1544,0.6041,2.6012
36.1546,0.6063,2.6154
36.1548,0.5453,2.3515
36.1550,0.5651,2.4345
36.1552,0.6088,2.6201
36.1554,0.6222,2.6792
36.1556,0.6362,2.7396
36.1558,0.6539,2.8129
36.1560,0.6554,2.8183
36.1562,0.6523,2.8088
36.1564,0.6536,2.8145
36.1566,0.6999,3.011
36.1568,0.6676,2.8749
36.1570,0.612,2.6365
36.1572,0.6108,2.6301
36.1574,0.6368,2.7409
36.1576,0.6555,2.8188
36.1578,0.7404,3.1883
36.1580,0.6704,2.8881
36.1582,0.6325,2.7211
36.1584,0.6702,2.8804
36.1586,0.7692,3.306
36.1588,0.7699,3.3138
36.1590,0.613,2.6407
36.1592,0.5423,2.3375
36.1594,0.5362,2.3122
36.1596,0.5323,2.2951
36.1598,0.5463,2.3556
36.1600,0.5492,2.368
36.1602,0.5368,2.3137
36.1604,0.5362,2.3111
36.1606,0.5631,2.4246
36.1608,0.6258,2.6947
36.1610,0.6742,2.9006
36.1612,0.6521,2.8117
36.1614,0.5602,2.4134
36.1616,0.5865,2.5265
36.1618,0.5649,2.4346
36.1620,0.5823,2.5038
36.1622,0.6697,2.881
36.1624,0.6798,2.927
36.1626,0.6506,2.799
36.1628,0.6489,2.7956
36.1630,0.5673,2.4473
36.1632,0.5403,2.3309
36.1634,0.5365,2.3111
36.1636,0.5433,2.3394
36.1638,0.6142,2.6434
36.1640,0.6575,2.8284
36.1642,0.6563,2.8206
36.1644,0.6998,3.0118
36.1646,0.6782,2.9244
36.1648,0.5557,2.396
36.1650,0.5208,2.2434
36.1652,0.5511,2.3752
36.1654,0.5557,2.396
36.1656,0.5638,2.43
36.1658,0.6134,2.6415
36.1660,0.5811,2.5044
36.1662,0.5995,2.5816
36.1664,0.665,2.8582
36.1666,0.6686,2.883
36.1668,0.5475,2.3597
36.1670,0.5079,2.1881
36.1672,0.5557,2.3937
36.1674,0.5056,2.1804
36.1676,0.4977,2.1472
36.1678,0.5091,2.1954
36.1680,0.5073,2.1866
36.1682,0.5035,2.1731
36.1684,0.494,2.1302
36.1686,0.4971,2.1427
36.1688,0.4986,2.1479
36.1690,0.5543,2.3903
36.1692,0.5004,2.1586
36.1694,0.4886,2.1069
36.1696,0.5072,2.185
36.1698,0.6384,2.7451
36.1700,0.7071,3.0391
36.1702,0.6729,2.8949
36.1704,0.6592,2.84
36.1706,0.5663,2.4408
36.1708,0.4886,2.1069
36.1710,0.4787,2.0659
36.1712,0.4774,2.0583
36.1714,0.467,2.0129
36.1716,0.5074,2.1861
36.1718,0.5131,2.2134
36.1720,0.4862,2.0956
36.1722,0.4933,2.1241
36.1724,0.5592,2.4104
36.1726,0.5409,2.3302
36.1728,0.5851,2.5196
36.1730,0.5983,2.5776
36.1732,0.5814,2.5013
36.1734,0.6103,2.6232
36.1736,0.6613,2.8462
36.1738,0.6479,2.7871
36.1740,0.6615,2.8432
36.1742,0.6633,2.8497
36.1744,0.6848,2.9419
36.1746,0.7009,3.0137
36.1748,0.7329,3.1455
36.1750,0.7909,3.393
36.1752,0.8464,3.6295
36.1754,0.8509,3.6502
36.1756,0.8507,3.6463
36.1758,0.9099,3.8996
36.1760,0.9111,3.9102
36.1762,0.8923,3.83
36.1764,0.8657,3.7105
36.1766,0.9054,3.8824
36.1768,0.9012,3.868
36.1770,0.8698,3.7297
36.1772,0.932,3.9891
36.1774,1.0185,4.3591
36.1776,1.0388,4.4438
36.1778,1.0576,4.5328
36.1780,0.9631,4.122
36.1782,1.0477,4.4802
36.1784,1.0895,4.6651
36.1786,1.0003,4.2831
36.1788,0.9489,4.0691
36.1790,0.9275,3.9789
36.1792,0.8704,3.7375
36.1794,0.8095,3.4743
36.1796,0.8284,3.559
36.1798,0.8627,3.7028
36.1800,0.8787,3.7731
36.1802,0.8373,3.5937
36.1804,0.8325,3.5765
36.1806,0.8606,3.6919
36.1808,0.9461,4.0605
36.1810,0.8953,3.841
36.1812,0.9306,3.9941
36.1814,0.9177,3.9386
36.1816,0.819,3.5183
36.1818,0.8234,3.5373
36.1820,0.8788,3.7753
36.1822,0.8338,3.5855
36.1824,0.7951,3.4174
36.1826,0.8368,3.595
36.1828,0.8431,3.6184
36.1830,0.8173,3.516
36.1832,0.7569,3.256
36.1834,0.7013,3.02
36.1836,0.6366,2.7399
36.1838,0.6322,2.7258
36.1840,0.6082,2.6188
36.1842,0.6742,2.9006
36.1844,0.7015,3.0177
36.1846,0.7541,3.2426
36.1848,0.7299,3.1428
36.1850,0.6609,2.8486
36.1852,0.5973,2.573
36.1854,0.6258,2.6947
36.1856,0.6426,2.7695
36.1858,0.5971,2.5737
36.1860,0.589,2.5385
36.1862,0.6245,2.6853
36.1864,0.6975,2.9993
36.1866,0.6664,2.8697
36.1868,0.6179,2.6643
36.1870,0.5981,2.5778
36.1872,0.5817,2.5082
36.1874,0.5839,2.5168
36.1876,0.5875,2.5323
36.1878,0.5885,2.5365
36.1880,0.5973,2.5706
36.1882,0.6504,2.7979
36.1884,0.6312,2.7217
36.1886,0.5896,2.5411
36.1888,0.5885,2.5353
36.1890,0.5839,2.5156
36.1892,0.5875,2.5335
36.1894,0.5887,2.5363
36.1896,0.6251,2.6878
36.1898,0.6515,2.8078
36.1900,0.5432,2.3433
36.1902,0.523,2.2553
36.1904,0.5369,2.3164
36.1906,0.5179,2.2341
36.1908,0.5507,2.377
36.1910,0.4947,2.1353
36.1912,0.4604,1.9882
36.1914,0.4493,1.9391
36.1916,0.4459,1.9247
36.1918,0.4739,2.0433
36.1920,0.5095,2.1989
36.1922,0.458,1.9769
36.1924,0.4574,1.9725
36.1926,0.52,2.2414
36.1928,0.5212,2.2497
36.1930,0.4734,2.0413
36.1932,0.4688,2.0216
36.1934,0.5403,2.3287
36.1936,0.5455,2.3531
36.1938,0.4661,2.0088
36.1940,0.4607,1.9892
36.1942,0.4458,1.925
36.1944,0.4401,1.8993
36.1946,0.4199,1.8124
36.1948,0.4378,1.8903
36.1950,0.491,2.1163
36.1952,0.5539,2.3827
36.1954,0.5804,2.5013
36.1956,0.5726,2.4666
36.1958,0.5824,2.5066
36.1960,0.5718,2.4635
36.1962,0.582,2.5085
36.1964,0.5943,2.5577
36.1966,0.6415,2.7597
36.1968,0.6065,2.6103
36.1970,0.6205,2.6682
36.1972,0.6752,2.9047
36.1974,0.6879,2.958
36.1976,0.6854,2.9444
36.1978,0.7094,3.0517
36.1980,0.695,2.9884
36.1982,0.7023,3.0213
36.1984,0.6631,2.8486
36.1986,0.6976,3.0053
36.1988,0.6015,2.5887
36.1990,0.6197,2.6696
36.1992,0.5796,2.4971
36.1994,0.6079,2.6177
36.1996,0.611,2.6312
36.1998,0.6354,2.7411
36.2000,0.5211,2.2471
36.2002,0.464,2.0028
36.2004,0.4585,1.979
36.2006,0.4595,1.9813
36.2008,0.4567,1.9676
36.2010,0.5516,2.3718
36.2012,0.6618,2.8482
36.2014,0.6127,2.6372
36.2016,0.6372,2.7425
36.2018,0.6067,2.6114
36.2020,0.6254,2.6919
36.2022,0.6293,2.7096
36.2024,0.5977,2.5727
36.2026,0.6488,2.7899
36.2028,0.7265,3.1211
36.2030,0.732,3.1419
36.2032,0.7603,3.2633
36.2034,0.7298,3.1394
36.2036,0.6837,2.9413
36.2038,0.679,2.9198
36.2040,0.6547,2.8217
36.2042,0.5782,2.4897
36.2044,0.5979,2.5744
36.2046,0.5903,2.5407
36.2048,0.6004,2.5876
36.2050,0.5724,2.4649
36.2052,0.5764,2.4831
36.2054,0.5608,2.4193
36.2056,0.4988,2.1519
36.2058,0.5091,2.1943
36.2060,0.5606,2.4116
36.2062,0.5811,2.5032
36.2064,0.5595,2.4114
36.2066,0.5734,2.4667
36.2068,0.6001,2.5818
36.2070,0.6511,2.801
36.2072,0.6613,2.8449
36.2074,0.6971,2.9963
36.2076,0.73,3.1331
36.2078,0.7578,3.254
36.2080,0.7754,3.3204
36.2082,0.9088,3.8932
36.2084,0.9483,4.0665
36.2086,0.8692,3.7272
36.2088,0.8668,3.7169
36.2090,0.8938,3.8308
36.2092,0.9054,3.8861
36.2094,0.872,3.739
36.2096,0.8902,3.8171
36.2098,0.9067,3.8881
36.2100,0.8987,3.8518
36.2102,0.9251,3.9668
36.2104,0.9198,3.9497
36.2106,0.8571,3.6821
36.2108,0.7835,3.3674
36.2110,0.707,3.0386
36.2112,0.7421,3.1866
36.2114,0.8224,3.5266
36.2116,0.9004,3.8644
36.2118,0.8856,3.8011
36.2120,0.8842,3.7985
36.2122,0.8428,3.6157
36.2124,0.8136,3.4918
36.2126,0.8264,3.5469
36.2128,0.9036,3.8765
36.2130,0.8733,3.7464
36.2132,0.8566,3.68
36.2134,0.8467,3.6373
36.2136,0.8679,3.7284
36.2138,0.8047,3.4554
36.2140,0.7569,3.2514
36.2142,0.7864,3.3766
36.2144,0.8045,3.4511
36.2146,0.8221,3.535
36.2148,0.7403,3.1833
36.2150,0.7658,3.2901
36.2152,0.8193,3.5165
36.2154,0.8583,3.6838
36.2156,0.8724,3.7463
36.2158,0.8681,3.726
36.2160,0.8599,3.6888
36.2162,0.8268,3.5518
36.2164,0.8314,3.5735
36.2166,0.7516,3.2378
36.2168,0.6533,2.8129
36.2170,0.6845,2.9449
36.2172,0.7366,3.1659
36.2174,0.7945,3.41
36.2176,0.8443,3.627
36.2178,0.7899,3.3984
36.2180,0.7612,3.2715
36.2182,0.7798,3.3498
36.2184,0.7814,3.357
36.2186,0.8278,3.5581
36.2188,0.8182,3.5168
36.2190,0.7859,3.3777
36.2192,0.7798,3.3498
36.2194,0.7946,3.4169
36.2196,0.8119,3.4928
36.2198,0.73,3.1434
36.2200,0.6746,2.9048
36.2202,0.6849,2.9492
36.2204,0.6826,2.9367
36.2206,0.6694,2.8826
36.2208,0.7137,3.0717
36.2210,0.7161,3.082
36.2212,0.7148,3.0764
36.2214,0.68,2.9281
36.2216,0.6541,2.8178
36.2218,0.6501,2.7995
36.2220,0.6718,2.8916
36.2222,0.6702,2.883
36.2224,0.7155,3.0795
36.2226,0.7235,3.1111
36.2228,0.7932,3.4044
36.2230,0.857,3.6799
36.2232,0.8314,3.5802
36.2234,0.6976,3.0053
36.2236,0.6312,2.7192
36.2238,0.6051,2.6102
36.2240,0.5648,2.4307
36.2242,0.6965,2.9965
36.2244,0.6582,2.8367
36.2246,0.5651,2.4391
36.2248,0.5477,2.3629
36.2250,0.5286,2.2802
36.2252,0.5306,2.2858
36.2254,0.5633,2.4291
36.2256,0.5359,2.3117
36.2258,0.5282,2.2776
36.2260,0.5327,2.2983
36.2262,0.5268,2.2735
36.2264,0.5295,2.2832
36.2266,0.5335,2.3003
36.2268,0.5278,2.276
36.2270,0.5264,2.2719
36.2272,0.5253,2.2651
36.2274,0.572,2.4606
36.2276,0.6753,2.9079
36.2278,0.6295,2.7157
36.2280,0.5703,2.459
36.2282,0.554,2.3898
36.2284,0.5278,2.276
36.2286,0.5274,2.2761
36.2288,0.5422,2.3359
36.2290,0.5511,2.3752
36.2292,0.5284,2.2786
36.2294,0.5435,2.3437
36.2296,0.559,2.4104
36.2298,0.5567,2.3995
36.2300,0.5447,2.3489
36.2302,0.5632,2.4252
36.2304,0.6294,2.7076
36.2306,0.6874,2.9559
36.2308,0.7187,3.0891
36.2310,0.7298,3.1423
36.2312,0.6537,2.8124
36.2314,0.6491,2.7909
36.2316,0.6764,2.9126
36.2318,0.6338,2.7331
36.2320,0.5586,2.4055
36.2322,0.5981,2.5778
36.2324,0.5365,2.3132
36.2326,0.5667,2.4424
36.2328,0.5621,2.4205
36.2330,0.6227,2.6788
36.2332,0.7047,3.0358
36.2334,0.6349,2.7339
36.2336,0.6589,2.8385
36.2338,0.586,2.5209
36.2340,0.6525,2.8111
36.2342,0.6367,2.7429
36.2344,0.5974,2.5711
36.2346,0.6383,2.7484
36.2348,0.6566,2.8274
36.2350,0.6583,2.8346
36.2352,0.6598,2.8374
36.2354,0.684,2.9424
36.2356,0.6589,2.8332
36.2358,0.7106,3.0555
36.2360,0.7151,3.0765
36.2362,0.6919,2.9764
36.2364,0.7006,3.0113
36.2366,0.7328,3.1552
36.2368,0.6407,2.76
36.2370,0.6268,2.6976
36.2372,0.6059,2.6102
36.2374,0.5582,2.4046
36.2376,0.5494,2.3669
36.2378,0.5528,2.3824
36.2380,0.5717,2.4652
36.2382,0.5747,2.4759
36.2384,0.6102,2.6276
36.2386,0.6012,2.5912
36.2388,0.5664,2.4402
36.2390,0.5702,2.4574
36.2392,0.5407,2.3281
36.2394,0.5872,2.5296
36.2396,0.5867,2.5299
36.2398,0.603,2.5978
36.2400,0.6553,2.8178
36.2402,0.698,2.9971
36.2404,0.7748,3.3272
36.2406,0.7932,3.4028
36.2408,0.7838,3.3673
36.2410,0.7714,3.3153
36.2412,0.7464,3.2007
36.2414,0.9995,4.2741
36.2416,1.0476,4.488
36.2418,0.9589,4.1118
36.2420,0.9329,4.0002
36.2422,0.9439,4.0494
36.2424,0.897,3.85
36.2426,0.8903,3.8194
36.2428,0.868,3.7307
36.2430,0.8886,3.8087
36.2432,0.959,4.1123
36.2434,0.8987,3.8572
36.2436,0.854,3.6653
36.2438,0.8543,3.6668
36.2440,0.8446,3.6268
36.2442,0.8256,3.545
36.2444,0.8182,3.5152
36.2446,0.8567,3.6805
36.2448,0.8445,3.6246
36.2450,0.8306,3.5682
36.2452,0.8144,3.4971
36.2454,0.8094,3.4771
36.2456,0.8488,3.6448
36.2458,0.8477,3.6402
36.2460,0.847,3.6371
36.2462,0.8499,3.6495
36.2464,0.8641,3.7102
36.2466,0.8503,3.6459
36.2468,0.9023,3.8691
36.2470,0.9506,4.0782
36.2472,0.9155,3.9366
36.2474,0.954,4.1002
36.2476,0.8202,3.5234
36.2478,0.7728,3.3277
36.2480,0.6517,2.8049
36.2482,0.7223,3.1074
36.2484,0.7642,3.2829
36.2486,0.7625,3.2757
36.2488,0.7516,3.2333
36.2490,0.7137,3.0731
36.2492,0.7077,3.0431
36.2494,0.7727,3.321
36.2496,0.7733,3.3267
36.2498,0.7703,3.3138
36.2500,0.7579,3.2591
36.2502,0.7358,3.1681
36.2504,0.6917,2.9759
36.2506,0.8059,3.467
36.2508,0.6963,2.9983
36.2510,0.6058,2.6109
36.2512,0.603,2.5978
36.2514,0.6033,2.6
36.2516,0.6015,2.5911
36.2518,0.6282,2.7037
36.2520,0.7019,3.0225
36.2522,0.7452,3.2059
36.2524,0.718,3.0946
36.2526,0.6572,2.83
36.2528,0.6553,2.8191
36.2530,0.7378,3.1754
36.2532,0.7118,3.0635
36.2534,0.6915,2.979
36.2536,0.6845,2.9477
36.2538,0.7021,3.016
36.2540,0.7898,3.3931
36.2542,0.8018,3.451
36.2544,0.6979,3.0022
36.2546,0.7252,3.1169
36.2548,0.7194,3.0979
36.2550,0.7088,3.052
36.2552,0.7087,3.05
36.2554,0.6956,2.9924
36.2556,0.7745,3.3303
36.2558,0.8067,3.4625
36.2560,0.788,3.3885
36.2562,0.809,3.4804
36.2564,0.754,3.2451
36.2566,0.6204,2.6727
36.2568,0.6354,2.7373
36.2570,0.6395,2.7574
36.2572,0.5859,2.5239
36.2574,0.6238,2.6871
36.2576,0.6471,2.7866
36.2578,0.6386,2.7538
36.2580,0.5879,2.5327
36.2582,0.6329,2.7251
36.2584,0.6521,2.8143
36.2586,0.5134,2.2181
36.2588,0.4772,2.0588
36.2590,0.474,2.0458
36.2592,0.4746,2.0493
36.2594,0.4871,2.1022
36.2596,0.4791,2.067
36.2598,0.479,2.0656
36.2600,0.5266,2.274
36.2602,0.4837,2.0877
36.2604,0.4806,2.0733
36.2606,0.5528,2.3836
36.2608,0.5417,2.3349
36.2610,0.5851,2.5185
36.2612,0.675,2.9023
36.2614,0.7563,3.2534
36.2616,0.6813,2.9324
36.2618,0.6126,2.6416
36.2620,0.5687,2.4523
36.2622,0.5679,2.4453
36.2624,0.6136,2.6457
36.2626,0.5962,2.5671
36.2628,0.6299,2.7097
36.2630,0.6531,2.8098
36.2632,0.6633,2.8536
36.2634,0.736,3.1633
36.2636,0.7419,3.1885
36.2638,0.7023,3.0227
36.2640,0.6873,2.9595
36.2642,0.6569,2.8231
36.2644,0.6807,2.9284
36.2646,0.6258,2.6972
36.2648,0.5692,2.4532
36.2650,0.5624,2.4227
36.2652,0.5619,2.424
36.2654,0.5546,2.3924
36.2656,0.5459,2.3541
36.2658,0.5428,2.3396
36.2660,0.5363,2.3127
36.2662,0.5419,2.3376
36.2664,0.5337,2.2971
36.2666,0.611,2.6312
36.2668,0.6477,2.7918
36.2670,0.6142,2.6434
36.2672,0.6632,2.8544
36.2674,0.6765,2.9117
36.2676,0.6179,2.6594
36.2678,0.5872,2.5272
36.2680,0.6226,2.6795
36.2682,0.6572,2.8313
36.2684,0.6258,2.6934
36.2686,0.6288,2.7076
36.2688,0.5853,2.5225
36.2690,0.5914,2.5453
36.2692,0.5874,2.5342
36.2694,0.5083,2.1907
36.2696,0.4927,2.1235
36.2698,0.5193,2.2362
36.2700,0.5391,2.3246
36.2702,0.5306,2.289
36.2704,0.4883,2.1054
36.2706,0.4898,2.1121
36.2708,0.5078,2.1907
36.2710,0.5142,2.2171
36.2712,0.4964,2.1386
36.2714,0.4867,2.0996
36.2716,0.4904,2.1147
36.2718,0.4867,2.0996
36.2720,0.5162,2.2259
36.2722,0.5475,2.3564
36.2724,0.6513,2.802
36.2726,0.6094,2.6252
36.2728,0.5833,2.5131
36.2730,0.5805,2.496
36.2732,0.6702,2.8804
36.2734,0.6935,2.9836
36.2736,0.6666,2.8662
36.2738,0.7169,3.0799
36.2740,0.7589,3.2617
36.2742,0.7352,3.1538
36.2744,0.8672,3.7132
36.2746,0.9456,4.0509
36.2748,0.9215,3.9495
36.2750,0.9203,3.9462
36.2752,0.9337,4.0056
36.2754,0.9135,3.9169
36.2756,0.9329,4.002
36.2758,0.8651,3.7079
36.2760,0.9946,4.251
36.2762,1.0735,4.599
36.2764,1.0127,4.3426
36.2766,0.9722,4.1669
36.2768,0.9324,4.0019
36.2770,0.9479,4.0588
36.2772,0.9953,4.272
36.2774,0.9194,3.9463
36.2776,0.8403,3.6049
36.2778,0.8641,3.7051
36.2780,0.8409,3.6176
36.2782,0.7432,3.1957
36.2784,0.729,3.1349
36.2786,0.7238,3.1122
36.2788,0.6902,2.9719
36.2790,0.6982,3.0037
36.2792,0.7311,3.1407
36.2794,0.7698,3.3071
36.2796,0.7668,3.2973
36.2798,0.8004,3.4368
36.2800,0.8865,3.8012
36.2802,0.9037,3.8789
36.2804,0.8552,3.6687
36.2806,0.8705,3.7398
36.2808,0.8281,3.5591
36.2810,0.7494,3.2255
36.2812,0.6721,2.8953
36.2814,0.7145,3.0725
36.2816,0.794,3.4143
36.2818,0.7133,3.0702
36.2820,0.6772,2.9135
36.2822,0.6712,2.889
36.2824,0.6678,2.8714
36.2826,0.7316,3.1486
36.2828,0.7331,3.1509
36.2830,0.7939,3.4154
36.2832,0.712,3.0688
36.2834,0.6223,2.6847
36.2836,0.6091,2.6229
36.2838,0.6792,2.9204
36.2840,0.7516,3.2258
36.2842,0.7898,3.3963
36.2844,0.728,3.1346
36.2846,0.621,2.6777
36.2848,0.5977,2.5786
36.2850,0.6138,2.6406
36.2852,0.6947,2.9916
36.2854,0.6917,2.9786
36.2856,0.6805,2.926
36.2858,0.6816,2.9348
36.2860,0.6776,2.9164
36.2862,0.6692,2.8856
36.2864,0.5886,2.537
36.2866,0.6351,2.7349
36.2868,0.667,2.8696
36.2870,0.6663,2.8692
36.2872,0.6236,2.6904
36.2874,0.5565,2.3974
36.2876,0.5595,2.4125
36.2878,0.5654,2.4378
36.2880,0.5863,2.526
36.2882,0.626,2.702
36.2884,0.5018,2.1678
36.2886,0.4763,2.0546
36.2888,0.4801,2.0693
36.2890,0.5474,2.3603
36.2892,0.5323,2.2951
36.2894,0.5257,2.2688
36.2896,0.5242,2.2626
36.2898,0.5272,2.2724
36.2900,0.5321,2.2925
36.2902,0.6127,2.6408
36.2904,0.5658,2.4399
36.2906,0.5257,2.2635
36.2908,0.5571,2.4022
36.2910,0.5348,2.3081
36.2912,0.5303,2.2879
36.2914,0.5363,2.3116
36.2916,0.5379,2.3184
36.2918,0.5319,2.2925
36.2920,0.53,2.2864
36.2922,0.5217,2.2496
36.2924,0.5133,2.2124
36.2926,0.5103,2.1995
36.2928,0.561,2.4192
36.2930,0.5694,2.4554
36.2932,0.5224,2.2517
36.2934,0.5441,2.3442
36.2936,0.5958,2.5692
36.2938,0.5463,2.3513
36.2940,0.606,2.6034
36.2942,0.6718,2.8916
36.2944,0.6405,2.7569
36.2946,0.6449,2.7755
36.2948,0.6628,2.8516
36.2950,0.7192,3.0926
36.2952,0.7433,3.1932
36.2954,0.7525,3.2344
36.2956,0.7471,3.2097
36.2958,0.7542,3.2431
36.2960,0.7013,3.02
36.2962,0.6266,2.6958
36.2964,0.6891,2.9632
36.2966,0.7535,3.2385
36.2968,0.7708,3.3112
36.2970,0.7443,3.1944
36.2972,0.7949,3.4132
36.2974,0.7565,3.2529
36.2976,0.7,3.0087
36.2978,0.7307,3.1421
36.2980,0.7407,3.1878
36.2982,0.6965,2.9951
36.2984,0.7271,3.1222
36.2986,0.8041,3.4544
36.2988,0.7947,3.419
36.2990,0.7016,3.021
36.2992,0.597,2.5743
36.2994,0.5596,2.4141
36.2996,0.5554,2.3927
36.2998,0.6006,2.585
36.3000,0.6512,2.7989
36.3002,0.7882,3.3827
36.3004,0.8236,3.5351
36.3006,0.785,3.3772
36.3008,0.6286,2.7078
36.3010,0.6144,2.6432
36.3012,0.6914,2.9743
36.3014,0.6627,2.8497
36.3016,0.729,3.1378
36.3018,0.6771,2.9116
36.3020,0.7324,3.1478
36.3022,0.7593,3.2633
36.3024,0.7148,3.0764
36.3026,0.7181,3.0865
36.3028,0.7403,3.1848
36.3030,0.6775,2.9199
36.3032,0.5946,2.5581
36.3034,0.645,2.7773
36.3036,0.5871,2.5279
36.3038,0.5843,2.5172
36.3040,0.5714,2.4626
36.3042,0.5863,2.5283
36.3044,0.5751,2.4786
36.3046,0.5733,2.4697
36.3048,0.5838,2.514
36.3050,0.6318,2.7218
36.3052,0.6341,2.7252
36.3054,0.7597,3.2638
36.3056,0.7411,3.1854
36.3058,0.7419,3.1885
36.3060,0.7127,3.069
36.3062,0.6764,2.9099
36.3064,0.6889,2.9594
36.3066,0.75,3.2236
36.3068,0.7359,3.1628
36.3070,0.7752,3.3256
36.3072,0.9109,3.9061
36.3074,0.9205,3.9491
36.3076,0.916,3.9313
36.3078,0.8986,3.8531
36.3080,0.9057,3.8835
36.3082,0.8915,3.8228
36.3084,0.923,3.9636
36.3086,0.8431,3.6184
36.3088,0.8855,3.7971
36.3090,0.9007,3.8642
36.3092,0.9165,3.9352
36.3094,0.8935,3.8315
36.3096,0.9528,4.0855
36.3098,0.8846,3.7983
36.3100,0.8447,3.6273
36.3102,0.8681,3.726
36.3104,0.87,3.7308
36.3106,0.944,4.0499
36.3108,0.9088,3.9077
36.3110,0.7697,3.3112
36.3112,0.7402,3.1828
36.3114,0.7373,3.1719
36.3116,0.7102,3.0539
36.3118,0.7043,3.0315
36.3120,0.7055,3.0394
36.3122,0.7504,3.2266
36.3124,0.76,3.2648
36.3126,0.7799,3.3519
36.3128,0.7945,3.4164
36.3130,0.7963,3.4241
36.3132,0.718,3.086
36.3134,0.7374,3.1739
36.3136,0.7416,3.192
36.3138,0.6915,2.9721
36.3140,0.7475,3.2157
36.3142,0.8293,3.5593
36.3144,0.8947,3.8385
36.3146,0.8657,3.714
36.3148,0.8491,3.6561
36.3150,0.686,2.9498
36.3152,0.7564,3.2524
36.3154,0.7494,3.2225
36.3156,0.7581,3.2596
36.3158,0.7579,3.2591
36.3160,0.7837,3.3668
36.3162,0.801,3.4442
36.3164,0.7772,3.339
36.3166,0.8123,3.4911
36.3168,0.8081,3.4714
36.3170,0.8432,3.6223
36.3172,0.8477,3.6436
36.3174,0.8248,3.5468
36.3176,0.7585,3.2617
36.3178,0.6842,2.9502
36.3180,0.5953,2.5683
36.3182,0.5769,2.4886
36.3184,0.5897,2.5428
36.3186,0.6007,2.588
36.3188,0.6021,2.5949
36.3190,0.6078,2.6197
36.3192,0.5729,2.4716
36.3194,0.513,2.2139
36.3196,0.5022,2.1674
36.3198,0.5401,2.3287
36.3200,0.5529,2.3841
36.3202,0.5507,2.3759
36.3204,0.5596,2.4141
36.3206,0.5572,2.4027
36.3208,0.5553,2.3933
36.3210,0.5527,2.383
36.3212,0.5734,2.4702
36.3214,0.6365,2.7368
36.3216,0.7681,3.3014
36.3218,0.7968,3.4325
36.3220,0.6323,2.7263
36.3222,0.5303,2.2869
36.3224,0.5554,2.396
36.3226,0.516,2.2248
36.3228,0.5269,2.2708
36.3230,0.6096,2.6238
36.3232,0.6774,2.9194
36.3234,0.6192,2.6688
36.3236,0.5866,2.5282
36.3238,0.5381,2.3237
36.3240,0.4801,2.0712
36.3242,0.5015,2.1633
36.3244,0.521,2.2486
36.3246,0.5133,2.2124
36.3248,0.509,2.1969
36.3250,0.4686,2.0243
36.3252,0.4631,1.9987
36.3254,0.4654,2.0085
36.3256,0.4997,2.1535
36.3258,0.5283,2.2823
36.3260,0.4379,1.8909
36.3262,0.4283,1.8486
36.3264,0.4344,1.8767
36.3266,0.4451,1.921
36.3268,0.5035,2.17
36.3270,0.5266,2.2687
36.3272,0.4897,2.1155
36.3274,0.438,1.8914
36.3276,0.4317,1.8639
36.3278,0.4318,1.8627
36.3280,0.4306,1.8593
36.3282,0.4227,1.8251
36.3284,0.4314,1.8612
36.3286,0.4463,1.9262
36.3288,0.4314,1.8629
36.3290,0.429,1.8525
36.3292,0.4267,1.841
36.3294,0.4752,2.049
36.3296,0.5215,2.2476
36.3298,0.5428,2.3396
36.3300,0.5633,2.4257
36.3302,0.5616,2.4184
36.3304,0.5616,2.4207
36.3306,0.5281,2.277
36.3308,0.5199,2.2408
36.3310,0.5504,2.3699
36.3312,0.5268,2.2724
36.3314,0.5168,2.2264
36.3316,0.5323,2.293
36.3318,0.4803,2.0713
36.3320,0.5218,2.2491
36.3322,0.571,2.4621
36.3324,0.5377,2.313
36.3326,0.6246,2.687
36.3328,0.6218,2.6776
36.3330,0.5909,2.5432
36.3332,0.5802,2.4962
36.3334,0.5902,2.539
36.3336,0.6226,2.6758
36.3338,0.672,2.8948
36.3340,0.5979,2.5732
36.3342,0.6298,2.7067
36.3344,0.7451,3.198
36.3346,0.8046,3.4549
36.3348,0.7679,3.2958
36.3350,0.7199,3.0957
36.3352,0.7248,3.1168
36.3354,0.7105,3.0507
36.3356,0.7215,3.1038
36.3358,0.6661,2.8695
36.3360,0.5684,2.4485
36.3362,0.5074,2.1871
36.3364,0.5425,2.338
36.3366,0.5685,2.4524
36.3368,0.4784,2.0639
36.3370,0.4535,1.9582
36.3372,0.4505,1.9443
36.3374,0.4543,1.9609
36.3376,0.4566,1.9698
36.3378,0.4541,1.9598
36.3380,0.4366,1.8852
36.3382,0.4428,1.9068
36.3384,0.517,2.2253
36.3386,0.5813,2.5008
36.3388,0.5977,2.5739
36.3390,0.6257,2.6954
36.3392,0.6449,2.7716
36.3394,0.7198,3.0923
36.3396,0.7081,3.0404
36.3398,0.738,3.1661
36.3400,0.775,3.3292
36.3402,0.7865,3.3755
36.3404,0.7775,3.3432
36.3406,0.6585,2.8343
36.3408,0.7277,3.1219
36.3410,0.8535,3.6564
36.3412,0.8752,3.7494
36.3414,0.8989,3.8529
36.3416,0.9511,4.0745
36.3418,0.9605,4.1165
36.3420,0.9331,3.9993
36.3422,0.9132,3.9213
36.3424,0.8431,3.6184
36.3426,0.8831,3.7833
36.3428,0.9076,3.8881
36.3430,0.9233,3.9627
36.3432,0.8389,3.5954
36.3434,0.8753,3.7569
36.3436,0.8347,3.5858
36.3438,0.7919,3.3987
36.3440,0.8102,3.4791
36.3442,0.8233,3.5352
36.3444,0.875,3.7536
36.3446,0.8505,3.6521
36.3448,0.8449,3.6228
36.3450,0.8895,3.8176
36.3452,0.8712,3.7411
36.3454,0.8148,3.5002
36.3456,0.7873,3.3839
36.3458,0.8268,3.5468
36.3460,0.8479,3.6407
36.3462,0.789,3.3848
36.3464,0.8565,3.6795
36.3466,0.8459,3.6325
36.3468,0.8337,3.58
36.3470,0.7928,3.4092
36.3472,0.7778,3.3431
36.3474,0.7911,3.4019
36.3476,0.7283,3.1303
36.3478,0.7471,3.2112
36.3480,0.7614,3.2741
36.3482,0.7645,3.2829
36.3484,0.8355,3.591
36.3486,0.8121,3.4938
36.3488,0.7194,3.095
36.3490,0.7034,3.0259
36.3492,0.6911,2.9719
36.3494,0.769,3.3004
36.3496,0.8432,3.619
36.3498,0.8428,3.6225
36.3500,0.8139,3.495
36.3502,0.8504,3.6532
36.3504,0.8088,3.4745
36.3506,0.7687,3.304
36.3508,0.7739,3.3261
36.3510,0.7373,3.1734
36.3512,0.6709,2.8888
36.3514,0.6866,2.9537
36.3516,0.7432,3.1957
36.3518,0.7142,3.0795
36.3520,0.5938,2.5604
36.3522,0.581,2.5016
36.3524,0.6361,2.7404
36.3526,0.6401,2.7574
36.3528,0.6314,2.7189
36.3530,0.7036,3.0213
36.3532,0.7868,3.3865
36.3534,0.7192,3.0983
36.3536,0.6668,2.8646
36.3538,0.7474,3.2137
36.3540,0.7328,3.1508
36.3542,0.7332,3.1529
36.3544,0.7564,3.2554
36.3546,0.7765,3.339
36.3548,0.7943,3.4122
36.3550,0.8196,3.5209
36.3552,0.8322,3.5766
36.3554,0.7247,3.1206
36.3556,0.6583,2.8333
36.3558,0.6339,2.7298
36.3560,0.644,2.7744
36.3562,0.6564,2.825
36.3564,0.7417,3.188
36.3566,0.7734,3.3241
36.3568,0.7434,3.1967
36.3570,0.7125,3.0651
36.3572,0.6657,2.8733
36.3574,0.5494,2.3691
36.3576,0.5317,2.2926
36.3578,0.5282,2.2797
36.3580,0.5295,2.2854
36.3582,0.5615,2.4224
36.3584,0.5455,2.352
36.3586,0.5421,2.3386
36.3588,0.5289,2.2817
36.3590,0.5253,2.2641
36.3592,0.526,2.2672
36.3594,0.5307,2.2895
36.3596,0.5518,2.3794
36.3598,0.6179,2.6631
36.3600,0.5553,2.3944
36.3602,0.5235,2.2574
36.3604,0.5283,2.2791
36.3606,0.5283,2.2781
36.3608,0.526,2.2672
36.3610,0.5283,2.2791
36.3612,0.559,2.4082
36.3614,0.6591,2.8356
36.3616,0.6786,2.9232
36.3618,0.5652,2.4373
36.3620,0.5302,2.2863
36.3622,0.5286,2.2791
36.3624,0.5339,2.2992
36.3626,0.5805,2.4995
36.3628,0.6451,2.7752
36.3630,0.7312,3.1456
36.3632,0.7316,3.1442
36.3634,0.7167,3.0817
36.3636,0.7318,3.1526
36.3638,0.5928,2.5539
36.3640,0.5756,2.4806
36.3642,0.5861,2.5249
36.3644,0.5656,2.4377
36.3646,0.5873,2.5278
36.3648,0.6522,2.8083
36.3650,0.6254,2.6956
36.3652,0.5963,2.5677
36.3654,0.6292,2.7091
36.3656,0.5933,2.5559
36.3658,0.5945,2.5611
36.3660,0.6055,2.611
36.3662,0.5359,2.3096
36.3664,0.5583,2.404
36.3666,0.5467,2.3583
36.3668,0.5013,2.1627
36.3670,0.4874,2.1027
36.3672,0.4993,2.151
36.3674,0.6174,2.6536
36.3676,0.6859,2.9492
36.3678,0.6483,2.7879
36.3680,0.6878,2.9561
36.3682,0.6656,2.8661
36.3684,0.6086,2.6221
36.3686,0.5638,2.43
36.3688,0.5488,2.3654
36.3690,0.5476,2.3591
36.3692,0.5437,2.341
36.3694,0.5476,2.3591
36.3696,0.5709,2.4582
36.3698,0.6336,2.7308
36.3700,0.5758,2.4817
36.3702,0.5417,2.336
36.3704,0.5505,2.3715
36.3706,0.5607,2.4154
36.3708,0.589,2.5326
36.3710,0.6341,2.7328
36.3712,0.5197,2.2388
36.3714,0.5415,2.336
36.3716,0.4823,2.0805
36.3718,0.52,2.2414
36.3720,0.5377,2.3195
36.3722,0.4754,2.0491
36.3724,0.5143,2.2145
36.3726,0.6311,2.7123
36.3728,0.6698,2.8788
36.3730,0.6854,2.9485
36.3732,0.7012,3.0166
36.3734,0.753,3.2335
36.3736,0.804,3.4507
36.3738,0.8288,3.5555
36.3740,0.8895,3.8123
36.3742,0.9334,3.9966
36.3744,0.9596,4.111
36.3746,0.9787,4.1868
36.3748,1.0085,4.3206
36.3750,1.0065,4.3098
36.3752,1.0306,4.413
36.3754,0.9382,4.0209
36.3756,0.9488,4.0648
36.3758,0.9957,4.2656
36.3760,0.9738,4.1697
36.3762,1.0157,4.3453
36.3764,1.0978,4.6962
36.3766,1.1094,4.7526
36.3768,0.9962,4.2697
36.3770,0.9647,4.1326
36.3772,1.0209,4.3674
36.3774,1.0147,4.3468
36.3776,0.9578,4.109
36.3778,0.9547,4.0957
36.3780,0.9642,4.1324
36.3782,0.9794,4.1977
36.3784,0.9407,4.0392
36.3786,0.8952,3.8423
36.3788,0.8974,3.8498
36.3790,0.9233,3.959
36.3792,0.873,3.7489
36.3794,0.8807,3.7888
36.3796,0.7831,3.3643
36.3798,0.8965,3.8462
36.3800,0.918,3.9401
36.3802,0.8718,3.7437
36.3804,0.8113,3.4853
36.3806,0.7883,3.3927
36.3808,0.7365,3.1668
36.3810,0.7716,3.3148
36.3812,0.7929,3.4065
36.3814,0.8546,3.6747
36.3816,0.8017,3.4441
36.3818,0.8328,3.5759
36.3820,0.8004,3.4496
36.3822,0.6708,2.8896
36.3824,0.6837,2.9413
36.3826,0.7311,3.1422
36.3828,0.7662,3.2978
36.3830,0.773,3.3241
36.3832,0.7877,3.3838
36.3834,0.8423,3.6154
36.3836,0.8572,3.6809
36.3838,0.8474,3.6454
36.3840,0.8063,3.4717
36.3842,0.7046,3.0381
36.3844,0.6041,2.6048
36.3846,0.6451,2.7791
36.3848,0.7059,3.0368
36.3850,0.7059,3.0424
36.3852,0.6178,2.6638
36.3854,0.603,2.599
36.3856,0.6345,2.7349
36.3858,0.611,2.6348
36.3860,0.6108,2.6338
36.3862,0.6167,2.6542
36.3864,0.7036,3.0255
36.3866,0.7358,3.1711
36.3868,0.6254,2.6944
36.3870,0.6278,2.706
36.3872,0.5926,2.5564
36.3874,0.536,2.3144
36.3876,0.5329,2.2999
36.3878,0.5277,2.2765
36.3880,0.5443,2.3468
36.3882,0.5771,2.4885
36.3884,0.5624,2.426
36.3886,0.5163,2.2264
36.3888,0.5293,2.2822
36.3890,0.5522,2.381
36.3892,0.5487,2.3671
36.3894,0.5052,2.1813
36.3896,0.4507,1.9472
36.3898,0.4351,1.8798
36.3900,0.4338,1.8733
36.3902,0.432,1.8646
36.3904,0.4444,1.9197
36.3906,0.4467,1.9295
36.3908,0.4591,1.9807
36.3910,0.4974,2.1477
36.3912,0.4441,1.9187
36.3914,0.4441,1.9187
36.3916,0.4453,1.9212
36.3918,0.435,1.8767
36.3920,0.4321,1.866
36.3922,0.4311,1.8605
36.3924,0.4425,1.9114
36.3926,0.4461,1.9261
36.3928,0.435,1.8784
36.3930,0.4407,1.9001
36.3932,0.4897,2.1135
36.3934,0.4666,2.0127
36.3936,0.474,2.042
36.3938,0.5296,2.2838
36.3940,0.5449,2.3451
36.3942,0.6138,2.6443
36.3944,0.6289,2.7106
36.3946,0.5821,2.5044
36.3948,0.626,2.6957
36.3950,0.6314,2.7202
36.3952,0.6351,2.7337
36.3954,0.6,2.5813
36.3956,0.5839,2.5168
36.3958,0.5763,2.4837
36.3960,0.5849,2.5198
36.3962,0.6337,2.7237
36.3964,0.7324,3.1478
36.3966,0.7679,3.2988
36.3968,0.7316,3.1501
36.3970,0.6325,2.7211
36.3972,0.6205,2.672
36.3974,0.5615,2.4235
36.3976,0.4685,2.0219
36.3978,0.4474,1.93
36.3980,0.476,2.0526
36.3982,0.5324,2.2957
36.3984,0.5119,2.2083
36.3986,0.5122,2.2057
36.3988,0.5399,2.3261
36.3990,0.5206,2.2429
36.3992,0.5564,2.3991
36.3994,0.514,2.2176
36.3996,0.4992,2.1514
36.3998,0.5404,2.3303
36.4000,0.4962,2.1405
36.4002,0.4887,2.1084
36.4004,0.4897,2.1126
36.4006,0.5,2.1521
36.4008,0.5577,2.3981
36.4010,0.6234,2.6856
36.4012,0.6122,2.6339
36.4014,0.6643,2.8564
36.4016,0.7182,3.087
36.4018,0.7017,3.0187
36.4020,0.6468,2.7799
36.4022,0.6542,2.8144
36.4024,0.6211,2.6745
36.4026,0.547,2.3587
36.4028,0.4939,2.1287
36.4030,0.5467,2.3561
36.4032,0.5664,2.4391
36.4034,0.5667,2.439
36.4036,0.5838,2.514
36.4038,0.5762,2.4809
36.4040,0.5572,2.4005
36.4042,0.5762,2.4809
36.4044,0.6353,2.7355
36.4046,0.5672,2.4445
36.4048,0.5157,2.2217
36.4050,0.5367,2.3143
36.4052,0.5712,2.4552
36.4054,0.6618,2.843
36.4056,0.6693,2.8821
36.4058,0.5667,2.4379
36.4060,0.6489,2.7904
36.4062,0.7179,3.084
36.4064,0.7328,3.145
36.4066,0.7796,3.3446
36.4068,0.8036,3.4459
36.4070,0.8372,3.5949
36.4072,0.791,3.3935
36.4074,0.8625,3.6949
36.4076,0.8962,3.8411
36.4078,0.9009,3.8647
36.4080,0.9251,3.9649
36.4082,0.9214,3.9453
36.4084,0.9471,4.0576
36.4086,0.9239,3.9616
36.4088,0.81,3.4748
36.4090,0.828,3.5553
36.4092,0.8529,3.6641
36.4094,0.7784,3.3411
36.4096,0.8172,3.5057
36.4098,0.8682,3.7283
36.4100,0.8204,3.5228
36.4102,0.8179,3.5104
36.4104,0.8475,3.6324
36.4106,0.9001,3.8634
36.4108,0.8648,3.7151
36.4110,0.8176,3.5142
36.4112,0.8069,3.4646
36.4114,0.8187,3.5123
36.4116,0.8585,3.6831
36.4118,0.832,3.5744
36.4120,0.8006,3.4379
36.4122,0.8298,3.5646
36.4124,0.8413,3.6141
36.4126,0.8006,3.4363
36.4128,0.8308,3.5693
36.4130,0.8101,3.4818
36.4132,0.7642,3.2859
36.4134,0.77,3.3066
36.4136,0.8324,3.576
36.4138,0.8709,3.7413
36.4140,0.8421,3.6194
36.4142,0.7917,3.3998
36.4144,0.8511,3.6546
36.4146,0.8656,3.7117
36.4148,0.8533,3.6622
36.4150,0.8641,3.7085
36.4152,0.8654,3.7194
36.4154,0.8019,3.4419
36.4156,0.8487,3.6443
36.4158,0.844,3.6276
36.4160,0.7893,3.3926
36.4162,0.7801,3.3498
36.4164,0.8359,3.5909
36.4166,0.8468,3.6361
36.4168,0.8489,3.6454
36.4170,0.8513,3.6591
36.4172,0.8325,3.5765
36.4174,0.836,3.5898
36.4176,0.8166,3.5112
36.4178,0.7599,3.2674
36.4180,0.7541,3.2426
36.4182,0.7599,3.2689
36.4184,0.7626,3.2853
36.4186,0.6775,2.9145
36.4188,0.6686,2.8777
36.4190,0.6756,2.9076
36.4192,0.6822,2.936
36.4194,0.7188,3.091
36.4196,0.7384,3.1795
36.4198,0.6572,2.8313
36.4200,0.5911,2.5466
36.4202,0.6075,2.6169
36.4204,0.6332,2.7292
36.4206,0.6281,2.7045
36.4208,0.623,2.6816
36.4210,0.6443,2.7742
36.4212,0.6533,2.8142
36.4214,0.6493,2.7972
36.4216,0.6039,2.6026
36.4218,0.6188,2.6635
36.4220,0.6831,2.9442
36.4222,0.6493,2.7959
36.4224,0.6437,2.7716
36.4226,0.5902,2.5425
36.4228,0.6694,2.8826
36.4230,0.6045,2.6052
36.4232,0.5881,2.5337
36.4234,0.6408,2.7605
36.4236,0.6368,2.7422
36.4238,0.6615,2.8485
36.4240,0.6434,2.7731
36.4242,0.563,2.4286
36.4244,0.5327,2.2983
36.4246,0.5277,2.2755
36.4248,0.5259,2.2667
36.4250,0.5383,2.3199
36.4252,0.6121,2.6383
36.4254,0.6595,2.8411
36.4256,0.5965,2.5711
36.4258,0.548,2.3629
36.4260,0.5694,2.452
36.4262,0.6091,2.6266
36.4264,0.5483,2.3655
36.4266,0.5796,2.4994
36.4268,0.5527,2.3819
36.4270,0.5573,2.401
36.4272,0.6022,2.5978
36.4274,0.5332,2.2993
36.4276,0.5216,2.2502
36.4278,0.5192,2.2388
36.4280,0.5232,2.2548
36.4282,0.5321,2.2946
36.4284,0.5373,2.3179
36.4286,0.5223,2.2522
36.4288,0.5224,2.2517
36.4290,0.5233,2.2574
36.4292,0.5344,2.3034
36.4294,0.6245,2.6828
36.4296,0.7292,3.1354
36.4298,0.7004,3.0144
36.4300,0.6764,2.9126
36.4302,0.6449,2.7794
36.4304,0.5552,2.3939
36.4306,0.5204,2.245
36.4308,0.5136,2.2145
36.4310,0.5253,2.2641
36.4312,0.5634,2.4239
36.4314,0.5944,2.563
36.4316,0.4867,2.1006
36.4318,0.483,2.0855
36.4320,0.5445,2.3457
36.4322,0.5849,2.5198
36.4324,0.5735,2.4707
36.4326,0.5958,2.5632
36.4328,0.6825,2.9334
36.4330,0.6887,2.9616
36.4332,0.6764,2.9099
36.4334,0.6861,2.9558
36.4336,0.614,2.6428
36.4338,0.5962,2.5659
36.4340,0.6392,2.7538
36.4342,0.6317,2.7174
36.4344,0.7022,3.0165
36.4346,0.7501,3.2211
36.4348,0.7272,3.13
36.4350,0.6741,2.8987
36.4352,0.6925,2.9845
36.4354,0.5818,2.5075
36.4356,0.5648,2.433
36.4358,0.5832,2.5102
36.4360,0.6531,2.8098
36.4362,0.6573,2.8278
36.4364,0.6235,2.6861
36.4366,0.6042,2.6005
36.4368,0.6444,2.7747
36.4370,0.6512,2.8041
36.4372,0.5893,2.5448
36.4374,0.4721,2.0375
36.4376,0.4498,1.9403
36.4378,0.4606,1.9859
36.4380,0.4851,2.09
36.4382,0.5602,2.4111
36.4384,0.6235,2.6849
36.4386,0.6253,2.6964
36.4388,0.5475,2.3575
36.4390,0.5902,2.5378
36.4392,0.6632,2.8558
36.4394,0.6529,2.8061
36.4396,0.6637,2.8565
36.4398,0.6886,2.9583
36.4400,0.7853,3.3735
36.4402,0.7268,3.128
36.4404,0.6669,2.8651
36.4406,0.8326,3.5737
36.4408,0.9011,3.8639
36.4410,0.859,3.6835
36.4412,0.8178,3.5049
36.4414,0.8551,3.6716
36.4416,0.837,3.5939
36.4418,0.8617,3.6999
36.4420,0.837,3.5905
36.4422,0.8591,3.684
36.4424,0.8983,3.8467
36.4426,1.0266,4.3879
36.4428,1.0931,4.674
36.4430,1.1024,4.7206
36.4432,1.0542,4.5142
36.4434,1.0214,4.3735
36.4436,0.988,4.2426
36.4438,0.8788,3.7736
36.4440,0.8652,3.7085
36.4442,0.8963,3.8398
36.4444,0.9218,3.9547
36.4446,0.8736,3.7497
36.4448,0.9198,3.9515
36.4450,0.8143,3.4998
36.4452,0.7928,3.4076
36.4454,0.7504,3.2266
36.4456,0.7259,3.1214
36.4458,0.7067,3.0375
36.4460,0.7969,3.4283
36.4462,0.7499,3.2246
36.4464,0.7131,3.0677
36.4466,0.7537,3.2396
36.4468,0.7805,3.356
36.4470,0.7361,3.1638
36.4472,0.741,3.1879
36.4474,0.7353,3.1617
36.4476,0.7729,3.3236
36.4478,0.7577,3.2581
36.4480,0.7029,3.0267
36.4482,0.6645,2.8628
36.4484,0.6983,3.0015
36.4486,0.7549,3.2477
36.4488,0.7352,3.1656
36.4490,0.6878,2.9589
36.4492,0.6875,2.9606
36.4494,0.6859,2.952
36.4496,0.6998,3.0118
36.4498,0.7161,3.0806
36.4500,0.7577,3.2581
36.4502,0.7379,3.1745
36.4504,0.738,3.175
36.4506,0.685,2.9497
36.4508,0.6655,2.8616
36.4510,0.7276,3.1287
36.4512,0.7036,3.027
36.4514,0.704,3.0285
36.4516,0.6717,2.8924
36.4518,0.6223,2.6797
36.4520,0.5961,2.5702
36.4522,0.5884,2.5336
36.4524,0.6522,2.8083
36.4526,0.6799,2.9248
36.4528,0.6781,2.9225
36.4530,0.5714,2.4648
36.4532,0.5632,2.4263
36.4534,0.586,2.5256
36.4536,0.6113,2.6285
36.4538,0.6987,3.0086
36.4540,0.7004,3.0158
36.4542,0.72,3.0976
36.4544,0.7222,3.1098
36.4546,0.6158,2.6543
36.4548,0.5863,2.5283
36.4550,0.5823,2.5084
36.4552,0.6332,2.7267
36.4554,0.623,2.6865
36.4556,0.5723,2.4667
36.4558,0.567,2.4439
36.4560,0.6224,2.6815
36.4562,0.5992,2.5836
36.4564,0.5691,2.4516
36.4566,0.6116,2.635
36.4568,0.6102,2.63
36.4570,0.5391,2.3225
36.4572,0.5031,2.1705
36.4574,0.4532,1.958
36.4576,0.4435,1.9152
36.4578,0.4573,1.9747
36.4580,0.4529,1.9556
36.4582,0.4467,1.9278
36.4584,0.4455,1.9235
36.4586,0.4487,1.9366
36.4588,0.4572,1.9706
36.4590,0.5,2.1561
36.4592,0.4853,2.0954
36.4594,0.4481,1.9349
36.4596,0.4465,1.9272
36.4598,0.4499,1.9408
36.4600,0.4485,1.9346
36.4602,0.4462,1.9239
36.4604,0.4898,2.1111
36.4606,0.5615,2.4168
36.4608,0.5405,2.333
36.4610,0.4643,2.0029
36.4612,0.4497,1.9398
36.4614,0.4532,1.9553
36.4616,0.5039,2.1716
36.4618,0.548,2.3607
36.4620,0.5515,2.3757
36.4622,0.5495,2.3663
36.4624,0.6031,2.5983
36.4626,0.5547,2.3885
36.4628,0.5857,2.5211
36.4630,0.6658,2.8658
36.4632,0.6426,2.7644
36.4634,0.6726,2.892
36.4636,0.6711,2.8885
36.4638,0.6384,2.7489
36.4640,0.5775,2.4889
36.4642,0.4962,2.1395
36.4644,0.4487,1.9375
36.4646,0.429,1.8517
36.4648,0.5232,2.2517
36.4650,0.6102,2.6263
36.4652,0.598,2.5773
36.4654,0.582,2.5062
36.4656,0.591,2.5438
36.4658,0.6048,2.6055
36.4660,0.5979,2.5756
36.4662,0.6241,2.685
36.4664,0.6715,2.886
36.4666,0.7197,3.0918
36.4668,0.7173,3.0858
36.4670,0.6757,2.9054
36.4672,0.6926,2.9753
36.4674,0.7679,3.2942
36.4676,0.778,3.3437
36.4678,0.6552,2.8238
36.4680,0.5824,2.5101
36.4682,0.5559,2.3981
36.4684,0.4808,2.0743
36.4686,0.4674,2.0154
36.4688,0.4735,2.0427
36.4690,0.4703,2.0288
36.4692,0.4668,2.0128
36.4694,0.4622,1.9941
36.4696,0.4651,2.0065
36.4698,0.4688,2.0207
36.4700,0.4712,2.0329
36.4702,0.468,2.0199
36.4704,0.4391,1.896
36.4706,0.46,1.9815
36.4708,0.5818,2.5017
36.4710,0.569,2.4534
36.4712,0.5001,2.1556
36.4714,0.5591,2.4065
36.4716,0.6211,2.6745
36.4718,0.5911,2.5455
36.4720,0.609,2.62
36.4722,0.6244,2.6847
36.4724,0.6897,2.9644
36.4726,0.6622,2.8477
36.4728,0.6405,2.7531
36.4730,0.7233,3.1058
36.4732,0.8471,3.6326
36.4734,0.9216,3.9482
36.4736,0.8951,3.8364
36.4738,0.9166,3.9266
36.4740,0.9298,3.9831
36.4742,0.9379,4.0199
36.4744,0.8926,3.831
36.4746,0.828,3.5536
36.4748,0.865,3.7126
36.4750,0.8232,3.5363
36.4752,0.8041,3.4496
36.4754,0.8596,3.6809
36.4756,0.9479,4.0588
36.4758,0.9828,4.2082
36.4760,0.9758,4.1764
36.4762,1.0609,4.5345
36.4764,1.135,4.8534
36.4766,1.1461,4.9006
36.4768,1.154,4.9344
36.4770,1.1094,4.7371
36.4772,1.0913,4.675
36.4774,0.9082,3.9015
36.4776,0.7848,3.3746
36.4778,0.7925,3.406
36.4780,0.7846,3.3704
36.4782,0.7549,3.2432
36.4784,0.7662,3.2932
36.4786,0.7786,3.3431
36.4788,0.7748,3.3272
36.4790,0.7837,3.3637
36.4792,0.8576,3.679
36.4794,0.9089,3.8992
36.4796,0.8774,3.7691
36.4798,0.813,3.4925
36.4800,0.8444,3.6258
36.4802,0.8453,3.6265
36.4804,0.8452,3.6294
36.4806,0.8155,3.5001
36.4808,0.8245,3.5403
36.4810,0.8112,3.488
36.4812,0.8157,3.5027
36.4814,0.8295,3.5586
36.4816,0.8455,3.6321
36.4818,0.8366,3.5923
36.4820,0.8471,3.6359
36.4822,0.8453,3.6367
36.4824,0.791,3.403
36.4826,0.7899,3.392
36.4828,0.8393,3.6092
36.4830,0.7678,3.3029
36.4832,0.7465,3.2086
36.4834,0.7585,3.2617
36.4836,0.7323,3.1532
36.4838,0.6962,2.9964
36.4840,0.7462,3.2101
36.4842,0.7337,3.1579
36.4844,0.6811,2.93
36.4846,0.7138,3.0737
36.4848,0.6847,2.9455
36.4850,0.6694,2.8813
36.4852,0.6601,2.8437
36.4854,0.666,2.8676
36.4856,0.6897,2.9657
36.4858,0.7572,3.256
36.4860,0.7221,3.1078
36.4862,0.6986,3.0081
36.4864,0.6634,2.8541
36.4866,0.6362,2.7434
36.4868,0.5922,2.5513
36.4870,0.6318,2.718
36.4872,0.6868,2.9547
36.4874,0.7435,3.2002
36.4876,0.6397,2.7533
36.4878,0.6427,2.7713
36.4880,0.5548,2.3946
36.4882,0.5299,2.2848
36.4884,0.5295,2.2843
36.4886,0.5315,2.2931
36.4888,0.5365,2.3111
36.4890,0.6452,2.7757
36.4892,0.6826,2.9435
36.4894,0.5823,2.5107
36.4896,0.5295,2.2822
36.4898,0.5308,2.2889
36.4900,0.5281,2.2781
36.4902,0.5262,2.2688
36.4904,0.5265,2.2714
36.4906,0.5265,2.2714
36.4908,0.5294,2.2838
36.4910,0.5254,2.2667
36.4912,0.5259,2.2677
36.4914,0.5461,2.3535
36.4916,0.5272,2.2724
36.4918,0.5288,2.2812
36.4920,0.5479,2.3613
36.4922,0.6041,2.6
36.4924,0.6257,2.6967
36.4926,0.5674,2.4466
36.4928,0.545,2.3478
36.4930,0.6329,2.7251
36.4932,0.6397,2.7507
36.4934,0.7036,3.0255
36.4936,0.7142,3.0738
36.4938,0.6693,2.8781
36.4940,0.6938,2.9888
36.4942,0.6545,2.8194
36.4944,0.6829,2.935
36.4946,0.707,3.0428
36.4948,0.6355,2.7378
36.4950,0.6203,2.6697
36.4952,0.6284,2.7048
36.4954,0.6427,2.7662
36.4956,0.6875,2.9565
36.4958,0.7465,3.2116
36.4960,0.6971,3.0019
36.4962,0.766,3.2906
36.4964,0.7656,3.286
36.4966,0.7492,3.2245
36.4968,0.6597,2.8448
36.4970,0.5802,2.4996
36.4972,0.6142,2.6458
36.4974,0.5868,2.528
36.4976,0.5555,2.3954
36.4978,0.6272,2.6984
36.4980,0.6943,2.9895
36.4982,0.6308,2.7176
36.4984,0.5778,2.4916
36.4986,0.4974,2.1467
36.4988,0.5083,2.1917
36.4990,0.5759,2.481
36.4992,0.5759,2.481
36.4994,0.5827,2.5116
36.4996,0.6361,2.7365
36.4998,0.682,2.9341
36.5000,0.6477,2.784
36.5002,0.6762,2.9129
36.5004,0.6535,2.8179
36.5006,0.6078,2.6148
36.5008,0.6739,2.899
36.5010,0.6995,3.015
36.5012,0.6368,2.7435
36.5014,0.5958,2.5656
36.5016,0.6314,2.7189
36.5018,0.6533,2.8116
36.5020,0.6634,2.8528
36.5022,0.724,3.1161
36.5024,0.6101,2.6331
36.5026,0.4999,2.1565
36.5028,0.5096,2.1954
36.5030,0.5181,2.2341
36.5032,0.4939,2.1317
36.5034,0.507,2.185
36.5036,0.5362,2.3101
36.5038,0.607,2.6173
36.5040,0.5335,2.3014
36.5042,0.5229,2.2548
36.5044,0.4892,2.1095
36.5046,0.5522,2.3788
36.5048,0.5513,2.3751
36.5050,0.5678,2.4425
36.5052,0.6571,2.8294
36.5054,0.6073,2.6176
36.5056,0.6107,2.6284
36.5058,0.6322,2.7208
36.5060,0.6423,2.7621
36.5062,0.7245,3.1124
36.5064,0.8034,3.4417
36.5066,0.9388,4.0197
36.5068,0.8945,3.841
36.5070,0.7751,3.3313
36.5072,0.7679,3.3034
36.5074,0.7617,3.2736
36.5076,0.788,3.3854
36.5078,0.7685,3.3045
36.5080,0.6881,2.9604
36.5082,0.6608,2.8454
36.5084,0.6717,2.8884
36.5086,0.7487,3.2149
36.5088,0.8173,3.5094
36.5090,0.8722,3.7435
36.5092,0.8931,3.8277
36.5094,0.9266,3.9716
36.5096,0.9647,4.1326
36.5098,0.9714,4.1594
36.5100,0.9739,4.176
36.5102,0.9312,3.9967
36.5104,0.8745,3.7515
36.5106,0.8862,3.8002
36.5108,0.8923,3.8335
36.5110,0.8241,3.5388
36.5112,0.838,3.5968
36.5114,0.8513,3.6574
36.5116,0.8588,3.6893
36.5118,0.845,3.6267
36.5120,0.8519,3.6582
36.5122,0.9072,3.892
36.5124,0.8769,3.7671
36.5126,0.7676,3.3009
36.5128,0.7763,3.3364
36.5130,0.7799,3.355
36.5132,0.7347,3.1635
36.5134,0.7404,3.1809
36.5136,0.8324,3.5726
36.5138,0.8651,3.7149
36.5140,0.85,3.6551
36.5142,0.8295,3.562
36.5144,0.848,3.6412
36.5146,0.8523,3.6581
36.5148,0.7976,3.4362
36.5150,0.7004,3.0144
36.5152,0.7433,3.1962
36.5154,0.7913,3.3961
36.5156,0.8402,3.6111
36.5158,0.7907,3.3983
36.5160,0.7985,3.4286
36.5162,0.8331,3.5824
36.5164,0.8046,3.4581
36.5166,0.7852,3.3762
36.5168,0.7521,3.2338
36.5170,0.7724,3.3246
36.5172,0.7102,3.0567
36.5174,0.6744,2.9024
36.5176,0.683,2.941
36.5178,0.6529,2.8127
36.5180,0.6799,2.9289
36.5182,0.644,2.7744
36.5184,0.6107,2.6321
36.5186,0.6221,2.6762
36.5188,0.7846,3.3689
36.5190,0.8445,3.6364
36.5192,0.6576,2.8328
36.5194,0.5911,2.5502
36.5196,0.5857,2.5257
36.5198,0.5806,2.5012
36.5200,0.5931,2.5549
36.5202,0.6434,2.7693
36.5204,0.6211,2.6807
36.5206,0.4938,2.1302
36.5208,0.4787,2.0659
36.5210,0.4878,2.1062
36.5212,0.469,2.025
36.5214,0.4618,1.9948
36.5216,0.4601,1.9876
36.5218,0.4591,1.9825
36.5220,0.468,2.0161
36.5222,0.5832,2.5125
36.5224,0.6072,2.6171
36.5226,0.5708,2.4588
36.5228,0.5529,2.3841
36.5230,0.5423,2.3397
36.5232,0.4787,2.0659
36.5234,0.4543,1.9618
36.5236,0.457,1.9732
36.5238,0.4522,1.9498
36.5240,0.4891,2.109
36.5242,0.5338,2.3019
36.5244,0.5513,2.3785
36.5246,0.5495,2.3685
36.5248,0.5487,2.3649
36.5250,0.5509,2.3742
36.5252,0.5624,2.4227
36.5254,0.547,2.3609
36.5256,0.461,1.9899
36.5258,0.4515,1.9476
36.5260,0.4512,1.9465
36.5262,0.4544,1.9605
36.5264,0.4555,1.9661
36.5266,0.4598,1.9856
36.5268,0.468,2.0171
36.5270,0.5109,2.2051
36.5272,0.4638,2.0018
36.5274,0.47,2.023
36.5276,0.5892,2.5384
36.5278,0.5391,2.3235
36.5280,0.4649,2.0046
36.5282,0.4554,1.9655
36.5284,0.4518,1.95
36.5286,0.4437,1.9157
36.5288,0.4619,1.9916
36.5290,0.5136,2.2114
36.5292,0.5651,2.4345
36.5294,0.5814,2.5048
36.5296,0.5564,2.3946
36.5298,0.545,2.3478
36.5300,0.5113,2.2077
36.5302,0.4564,1.9688
36.5304,0.4531,1.9548
36.5306,0.4535,1.9564
36.5308,0.4524,1.9526
36.5310,0.4986,2.1479
36.5312,0.5493,2.3653
36.5314,0.5524,2.3787
36.5316,0.5601,2.414
36.5318,0.5468,2.3566
36.5320,0.5426,2.3363
36.5322,0.5716,2.4602
36.5324,0.595,2.5632
36.5326,0.5959,2.5661
36.5328,0.6049,2.6024
36.5330,0.6064,2.6074
36.5332,0.6726,2.8866
36.5334,0.7494,3.221
36.5336,0.7049,3.0298
36.5338,0.6986,3.0025
36.5340,0.7524,3.2309
36.5342,0.7548,3.2412
36.5344,0.7506,3.2217
36.5346,0.7489,3.2174
36.5348,0.7272,3.1271
36.5350,0.7202,3.0924
36.5352,0.7175,3.0911
36.5354,0.6036,2.5992
36.5356,0.641,2.7564
36.5358,0.6545,2.8181
36.5360,0.5939,2.555
36.5362,0.661,2.8412
36.5364,0.6718,2.8916
36.5366,0.6324,2.7231
36.5368,0.5967,2.5692
36.5370,0.5937,2.5563
36.5372,0.5959,2.5685
36.5374,0.5684,2.4462
36.5376,0.6003,2.5823
36.5378,0.6467,2.7793
36.5380,0.724,3.1146
36.5382,0.5863,2.526
36.5384,0.5379,2.3194
36.5386,0.6017,2.5897
36.5388,0.685,2.9443
36.5390,0.7145,3.071
36.5392,0.7184,3.0904
36.5394,0.6866,2.9496
36.5396,0.7149,3.0683
36.5398,0.7988,3.4269
36.5400,0.7957,3.4183
36.5402,0.8498,3.6456
36.5404,0.9022,3.8686
36.5406,0.8487,3.6426
36.5408,0.871,3.7366
36.5410,0.8679,3.725
36.5412,0.8135,3.4897
36.5414,0.8287,3.5583
36.5416,0.8483,3.636
36.5418,0.9477,4.0639
36.5420,0.9012,3.8644
36.5422,0.9076,3.8935
36.5424,0.8595,3.6872
36.5426,0.8998,3.8655
36.5428,0.8205,3.5217
36.5430,0.8168,3.5041
36.5432,0.8223,3.5311
36.5434,0.8318,3.5701
36.5436,0.8419,3.615
36.5438,0.822,3.5246
36.5440,0.8844,3.7978
36.5442,0.8263,3.5464
36.5444,0.8513,3.6574
36.5446,0.8523,3.6598
36.5448,0.8608,3.6963
36.5450,0.8388,3.6033
36.5452,0.7916,3.3961
36.5454,0.8485,3.645
36.5456,0.8536,3.6671
36.5458,0.7712,3.3133
36.5460,0.7932,3.4044
36.5462,0.8519,3.6565
36.5464,0.8804,3.7855
36.5466,0.776,3.337
36.5468,0.7991,3.4296
36.5470,0.8305,3.5677
36.5472,0.8053,3.4612
36.5474,0.7817,3.3518
36.5476,0.8638,3.7057
36.5478,0.8565,3.6778
36.5480,0.8081,3.473
36.5482,0.7937,3.4144
36.5484,0.7745,3.3272
36.5486,0.8256,3.5417
36.5488,0.8951,3.84
36.5490,0.8487,3.646
36.5492,0.8168,3.5106
36.5494,0.7775,3.3432
36.5496,0.7483,3.2194
36.5498,0.7503,3.2261
36.5500,0.7523,3.2409
36.5502,0.6698,2.8815
36.5504,0.6926,2.9809
36.5506,0.7094,3.0531
36.5508,0.6729,2.8976
36.5510,0.6614,2.8493
36.5512,0.6535,2.8139
36.5514,0.6633,2.855
36.5516,0.6742,2.9046
36.5518,0.6787,2.9237
36.5520,0.6628,2.8476
36.5522,0.8063,3.4653
36.5524,0.7116,3.0686
36.5526,0.6066,2.6108
36.5528,0.6859,2.952
36.5530,0.7107,3.0574
36.5532,0.7359,3.1657
36.5534,0.7621,3.2756
36.5536,0.7718,3.3128
36.5538,0.7571,3.2616
36.5540,0.6741,2.9001
36.5542,0.7001,3.0148
36.5544,0.6993,3.014
36.5546,0.6312,2.7217
36.5548,0.6088,2.6226
36.5550,0.615,2.6494
36.5552,0.6345,2.7324
36.5554,0.7027,3.0186
36.5556,0.794,3.4127
36.5558,0.7194,3.095
36.5560,0.7045,3.0348
36.5562,0.6569,2.8337
36.5564,0.5493,2.3686
36.5566,0.5381,2.3215
36.5568,0.5397,2.3283
36.5570,0.5359,2.3106
36.5572,0.538,2.32
36.5574,0.5521,2.3805
36.5576,0.5944,2.5606
36.5578,0.6419,2.7677
36.5580,0.5717,2.4652
36.5582,0.5507,2.3759
36.5584,0.5531,2.3851
36.5586,0.5545,2.3852
36.5588,0.7011,3.0161
36.5590,0.604,2.6043
36.5592,0.526,2.2704
36.5594,0.5262,2.2677
36.5596,0.5234,2.2579
36.5598,0.5239,2.261
36.5600,0.522,2.2517
36.5602,0.5248,2.2631
36.5604,0.523,2.2553
36.5606,0.53,2.2832
36.5608,0.5602,2.4156
36.5610,0.5269,2.2708
36.5612,0.5341,2.3029
36.5614,0.5542,2.3898
36.5616,0.563,2.4264
36.5618,0.5561,2.3958
36.5620,0.5549,2.3906
36.5622,0.5986,2.5739
36.5624,0.7245,3.1138
36.5626,0.7732,3.3277
36.5628,0.7024,3.0204
36.5630,0.729,3.1349
36.5632,0.6417,2.7659
36.5634,0.5573,2.3999
36.5636,0.5974,2.5747
36.5638,0.6018,2.5878
36.5640,0.6973,2.9982
36.5642,0.6722,2.8945
36.5644,0.6651,2.8627
36.5646,0.6642,2.8572
36.5648,0.6564,2.8263
36.5650,0.6076,2.6198
36.5652,0.5652,2.4362
36.5654,0.5886,2.5311
36.5656,0.6467,2.7832
36.5658,0.6987,3.0016
36.5660,0.7613,3.272
36.5662,0.7246,3.1172
36.5664,0.727,3.1261
36.5666,0.7471,3.2127
36.5668,0.7421,3.1896
36.5670,0.7464,3.2096
36.5672,0.6794,2.9268
36.5674,0.5994,2.5811
36.5676,0.6444,2.7721
36.5678,0.709,3.0459
36.5680,0.6861,2.9558
36.5682,0.5926,2.5576
36.5684,0.5182,2.2346
36.5686,0.4935,2.1262
36.5688,0.5861,2.5226
36.5690,0.5907,2.5469
36.5692,0.4847,2.0889
36.5694,0.5046,2.1797
36.5696,0.4361,1.884
36.5698,0.4536,1.9541
36.5700,0.5338,2.3051
36.5702,0.4275,1.8467
36.5704,0.4138,1.786
36.5706,0.4006,1.729
36.5708,0.3844,1.6607
36.5710,0.4079,1.7614
36.5712,0.4615,1.9892
36.5714,0.5307,2.2895
36.5716,0.4982,2.1503
36.5718,0.4793,2.0666
36.5720,0.5542,2.3831
36.5722,0.628,2.7027
36.5724,0.6354,2.7347
36.5726,0.6688,2.8693
36.5728,0.7836,3.3663
36.5730,0.7732,3.32
36.5732,0.8916,3.8197
36.5734,0.9674,4.1425
36.5736,0.9476,4.0615
36.5738,0.9424,4.0351
36.5740,0.9404,4.0307
36.5742,0.9276,3.9776
36.5744,0.94,4.0305
36.5746,0.87,3.7342
36.5748,0.8688,3.7221
36.5750,0.9717,4.1668
36.5752,0.9455,4.0504
36.5754,0.9649,4.1317
36.5756,1.0126,4.332
36.5758,1.0216,4.3725
36.5760,1.0844,4.6436
36.5762,1.0733,4.5915
36.5764,1.096,4.6885
36.5766,1.092,4.6759
36.5768,1.0324,4.4207
36.5770,1.006,4.3118
36.5772,0.9424,4.0427
36.5774,0.925,3.9644
36.5776,0.9529,4.088
36.5778,0.9656,4.1405
36.5780,0.966,4.146
36.5782,0.8606,3.6953
36.5784,0.8854,3.8037
36.5786,0.862,3.6929
36.5788,0.9461,4.0567
36.5790,0.9645,4.1398
36.5792,0.9012,3.8771
36.5794,0.8036,3.4507
36.5796,0.8367,3.5962
36.5798,0.7959,3.4289
36.5800,0.673,2.8941
36.5802,0.7678,3.2953
36.5804,0.8426,3.6214
36.5806,0.7192,3.094
36.5808,0.7322,3.157
36.5810,0.6913,2.9724
36.5812,0.7143,3.0743
36.5814,0.6597,2.8395
36.5816,0.6816,2.9348
36.5818,0.7169,3.0799
36.5820,0.7646,3.2895
36.5822,0.7741,3.3287
36.5824,0.8163,3.5102
36.5826,0.7415,3.1929
36.5828,0.7211,3.1037
36.5830,0.6982,3.0065
36.5832,0.6509,2.8013
36.5834,0.6854,2.9527
36.5836,0.6122,2.64
36.5838,0.6172,2.66
36.5840,0.6533,2.8116
36.5842,0.6816,2.9334
36.5844,0.7073,3.0472
36.5846,0.6459,2.784
36.5848,0.5953,2.5647
36.5850,0.6288,2.7088
36.5852,0.6091,2.6229
36.5854,0.6495,2.7982
36.5856,0.6608,2.8494
36.5858,0.5881,2.5349
36.5860,0.5838,2.5175
36.5862,0.5795,2.4989
36.5864,0.6089,2.6194
36.5866,0.67,2.8865
36.5868,0.5698,2.4593
36.5870,0.4997,2.1585
36.5872,0.4879,2.1068
36.5874,0.486,2.0975
36.5876,0.4763,2.0575
36.5878,0.4674,2.0192
36.5880,0.5169,2.2269
36.5882,0.5414,2.3355
36.5884,0.4769,2.0591
36.5886,0.4781,2.0605
36.5888,0.5354,2.3097
36.5890,0.4706,2.0322
36.5892,0.4529,1.9556
36.5894,0.4574,1.9762
36.5896,0.4476,1.9337
36.5898,0.4433,1.915
36.5900,0.4432,1.9119
36.5902,0.4425,1.9096
36.5904,0.4474,1.9309
36.5906,0.451,1.9491
36.5908,0.4497,1.9416
36.5910,0.4463,1.9235
36.5912,0.4728,2.0415
36.5914,0.4463,1.9271
36.5916,0.4983,2.1498
36.5918,0.4952,2.1374
36.5920,0.4529,1.9538
36.5922,0.4381,1.891
36.5924,0.4451,1.9201
36.5926,0.4633,1.9997
36.5928,0.5066,2.1855
36.5930,0.5408,2.3275
36.5932,0.6031,2.5971
36.5934,0.5789,2.494
36.5936,0.576,2.4827
36.5938,0.5698,2.457
36.5940,0.5783,2.4902
36.5942,0.5734,2.4679
36.5944,0.6344,2.7306
36.5946,0.6534,2.8147
36.5948,0.5685,2.4479
36.5950,0.5396,2.3256
36.5952,0.5499,2.3678
36.5954,0.5619,2.4195
36.5956,0.611,2.6287
36.5958,0.6557,2.8219
36.5960,0.6814,2.9315
36.5962,0.7283,3.1332
36.5964,0.6903,2.9725
36.5966,0.622,2.6794
36.5968,0.6094,2.6239
36.5970,0.5457,2.3541
36.5972,0.4758,2.0526
36.5974,0.5032,2.164
36.5976,0.6244,2.691
36.5978,0.5798,2.4987
36.5980,0.5939,2.5561
36.5982,0.6254,2.6906
36.5984,0.6278,2.7047
36.5986,0.6175,2.6566
36.5988,0.6756,2.9062
36.5990,0.6246,2.6845
36.5992,0.7107,3.0517
36.5994,0.7799,3.3503
36.5996,0.7684,3.304
36.5998,0.7148,3.0706
36.6000,0.7099,3.0481
36.6002,0.7565,3.2544
36.6004,0.6322,2.7246
36.6006,0.582,2.5074
36.6008,0.5814,2.506
36.6010,0.5775,2.4901
36.6012,0.5306,2.2879
36.6014,0.4764,2.0552
36.6016,0.4753,2.0495
36.6018,0.5131,2.2104
36.6020,0.5351,2.3065
36.6022,0.4808,2.0724
36.6024,0.5198,2.2424
36.6026,0.5612,2.4197
36.6028,0.5348,2.3039
36.6030,0.594,2.5579
36.6032,0.5471,2.3625
36.6034,0.4258,1.8386
36.6036,0.4058,1.7497
36.6038,0.4621,1.9945
36.6040,0.426,1.8379
36.6042,0.4721,2.0346
36.6044,0.5554,2.3905
36.6046,0.6898,2.9635
36.6048,0.7033,3.0226
36.6050,0.6922,2.9779
36.6052,0.6613,2.8409
36.6054,0.7583,3.2576
36.6056,0.7228,3.1109
36.6058,0.6373,2.7417
36.6060,0.7011,3.0105
36.6062,0.7865,3.3787
36.6064,0.7292,3.1354
36.6066,0.7186,3.0886
36.6068,0.7343,3.1575
36.6070,0.6963,2.9857
36.6072,0.8576,3.6756
36.6074,0.9275,3.9808
36.6076,0.8517,3.6555
36.6078,0.8288,3.5506
36.6080,0.9383,4.0214
36.6082,0.9632,4.1264
36.6084,0.9826,4.2096
36.6086,0.9708,4.1529
36.6088,0.929,3.9874
36.6090,0.8716,3.7427
36.6092,0.8953,3.8392
36.6094,0.9723,4.1616
36.6096,1.0242,4.3817
36.6098,1.074,4.5946
36.6100,1.0041,4.3096
36.6102,0.873,3.7489
36.6104,0.8811,3.7798
36.6106,0.8668,3.7221
36.6108,0.8529,3.6641
36.6110,0.8414,3.6112
36.6112,0.845,3.6284
36.6114,0.8377,3.6003
36.6116,0.7675,3.2958
36.6118,0.8489,3.6403
36.6120,0.9836,4.2196
36.6122,0.9594,4.1177
36.6124,0.856,3.674
36.6126,0.8698,3.7384
36.6128,0.8469,3.6332
36.6130,0.8606,3.6936
36.6132,0.8781,3.7687
36.6134,0.9184,3.938
36.6136,0.9566,4.1058
36.6138,0.8969,3.8549
36.6140,0.8617,3.6948
36.6142,0.9166,3.9339
36.6144,0.8479,3.6424
36.6146,0.8434,3.6217
36.6148,0.8417,3.6178
36.6150,0.8046,3.4597
36.6152,0.8063,3.4637
36.6154,0.8035,3.4518
36.6156,0.8259,3.5498
36.6158,0.8373,3.5988
36.6160,0.839,3.6026
36.6162,0.8494,3.644
36.6164,0.8649,3.7156
36.6166,0.8516,3.6584
36.6168,0.8602,3.6972
36.6170,0.8076,3.479
36.6172,0.7136,3.0726
36.6174,0.701,3.017
36.6176,0.7218,3.1025
36.6178,0.7199,3.0971
36.6180,0.7585,3.2602
36.6182,0.8238,3.5405
36.6184,0.8349,3.5851
36.6186,0.8764,3.7668
36.6188,0.8461,3.6381
36.6190,0.8149,3.504
36.6192,0.7168,3.0866
36.6194,0.6838,2.9418
36.6196,0.7043,3.0329
36.6198,0.6916,2.9809
36.6200,0.6553,2.823
36.6202,0.615,2.6519
36.6204,0.5639,2.4339
36.6206,0.4863,2.101
36.6208,0.4781,2.0653
36.6210,0.4887,2.1075
36.6212,0.5361,2.3117
36.6214,0.5302,2.2885
36.6216,0.5296,2.2869
36.6218,0.5781,2.4869
36.6220,0.7052,3.0337
36.6222,0.6343,2.7364
36.6224,0.5518,2.3805
36.6226,0.5315,2.2931
36.6228,0.5537,2.3866
36.6230,0.6154,2.651
36.6232,0.6265,2.6965
36.6234,0.6378,2.7489
36.6236,0.5848,2.5239
36.6238,0.5396,2.3267
36.6240,0.5393,2.3256
36.6242,0.5802,2.4996
36.6244,0.6284,2.7048
36.6246,0.6565,2.8255
36.6248,0.6475,2.7881
36.6250,0.5998,2.5826
36.6252,0.6811,2.9327
36.6254,0.6312,2.7217
36.6256,0.533,2.2993
36.6258,0.5289,2.2817
36.6260,0.526,2.2683
36.6262,0.5266,2.2719
36.6264,0.5269,2.274
36.6266,0.5266,2.2719
36.6268,0.5222,2.2517
36.6270,0.5154,2.2233
36.6272,0.5281,2.277
36.6274,0.5379,2.3194
36.6276,0.5788,2.4911
36.6278,0.6096,2.6262
36.6280,0.5363,2.3149
36.6282,0.5335,2.3003
36.6284,0.585,2.5191
36.6286,0.6004,2.5876
36.6288,0.595,2.5584
36.6290,0.6842,2.9434
36.6292,0.681,2.9308
36.6294,0.6646,2.8593
36.6296,0.6842,2.9434
36.6298,0.6776,2.9218
36.6300,0.5491,2.3686
36.6302,0.5241,2.261
36.6304,0.5295,2.2822
36.6306,0.6127,2.6347
36.6308,0.6806,2.9279
36.6310,0.659,2.8377
36.6312,0.6784,2.9213
36.6314,0.5938,2.558
36.6316,0.5471,2.3582
36.6318,0.5661,2.4375
36.6320,0.6463,2.7817
36.6322,0.6539,2.8155
36.6324,0.6427,2.7623
36.6326,0.7608,3.2669
36.6328,0.7597,3.2653
36.6330,0.7313,3.1417
36.6332,0.7513,3.2338
36.6334,0.6871,2.9571
36.6336,0.6801,2.9299
36.6338,0.616,2.6486
36.6340,0.6676,2.8749
36.6342,0.6959,2.9939
36.6344,0.7258,3.1195
36.6346,0.7419,3.1871
36.6348,0.7379,3.173
36.6350,0.7208,3.0993
36.6352,0.8028,3.4503
36.6354,0.8259,3.5482
36.6356,0.7916,3.4024
36.6358,0.8007,3.4384
36.6360,0.7877,3.3838
36.6362,0.7,3.0171
36.6364,0.628,2.7052
36.6366,0.6175,2.6578
36.6368,0.6837,2.9386
36.6370,0.7154,3.0789
36.6372,0.6601,2.8397
36.6374,0.6645,2.8601
36.6376,0.6169,2.654
36.6378,0.6563,2.8232
36.6380,0.7706,3.3122
36.6382,0.7373,3.1763
36.6384,0.6503,2.7935
36.6386,0.8529,3.6606
36.6388,0.8676,3.7239
36.6390,0.7836,3.3726
36.6392,0.6975,2.9993
36.6394,0.7053,3.0299
36.6396,0.7437,3.1978
36.6398,0.7622,3.2777
36.6400,0.8072,3.4662
36.6402,0.8497,3.645
36.6404,0.868,3.7238
36.6406,0.9202,3.9475
36.6408,0.9653,4.1371
36.6410,0.9831,4.2097
36.6412,1.0382,4.4475
36.6414,1.0482,4.4927
36.6416,1.0125,4.3396
36.6418,1.029,4.4084
36.6420,1.0675,4.569
36.6422,1.1274,4.8139
36.6424,1.1902,5.0941
36.6426,1.1114,4.7547
36.6428,1.1563,4.9465
36.6430,1.1391,4.8777
36.6432,1.1342,4.8612
36.6434,0.9831,4.2215
36.6436,0.9095,3.8963
36.6438,0.9734,4.172
36.6440,0.9804,4.2057
36.6442,0.9561,4.1018
36.6444,0.8751,3.7681
36.6446,0.7775,3.3432
36.6448,0.8144,3.502
36.6450,0.8507,3.6531
36.6452,0.8858,3.8017
36.6454,0.9043,3.8796
36.6456,0.9373,4.023
36.6458,1.0306,4.4172
36.6460,1.0058,4.3208
36.6462,0.8802,3.7797
36.6464,0.8813,3.7879
36.6466,0.8804,3.7855
36.6468,0.7934,3.4101
36.6470,0.8027,3.4498
36.6472,0.8124,3.4932
36.6474,0.8169,3.5112
36.6476,0.8288,3.5672
36.6478,0.7951,3.4205
36.6480,0.8067,3.4706
36.6482,0.8156,3.5006
36.6484,0.9084,3.8989
36.6486,0.9572,4.1122
36.6488,0.8559,3.6855
36.6490,0.7477,3.2183
36.6492,0.7804,3.3571
36.6494,0.7657,3.2988
36.6496,0.7019,3.0253
36.6498,0.6902,2.9719
36.6500,0.723,3.1105
36.6502,0.769,3.305
36.6504,0.7805,3.3545
36.6506,0.7433,3.2051
36.6508,0.6889,2.9704
36.6510,0.691,2.9742
36.6512,0.7203,3.1015
36.6514,0.744,3.2023
36.6516,0.7684,3.3024
36.6518,0.8433,3.6212
36.6520,0.9341,4.0109
36.6522,0.8685,3.738
36.6524,0.7256,3.1243
36.6526,0.7741,3.3287
36.6528,0.8154,3.5077
36.6530,0.8071,3.4705
36.6532,0.8181,3.5229
36.6534,0.6993,3.0112
36.6536,0.6433,2.7739
36.6538,0.6283,2.7093
36.6540,0.6459,2.7853
36.6542,0.6788,2.9242
36.6544,0.6967,3.004
36.6546,0.6345,2.7349
36.6548,0.6398,2.7602
36.6550,0.5931,2.5573
36.6552,0.6059,2.6138
36.6554,0.5458,2.359
36.6556,0.4578,1.9786
36.6558,0.4486,1.9378
36.6560,0.4504,1.9447
36.6562,0.4512,1.9501
36.6564,0.4505,1.947
36.6566,0.4504,1.9465
36.6568,0.4476,1.9346
36.6570,0.4492,1.9395
36.6572,0.4598,1.9874
36.6574,0.4615,1.9956
36.6576,0.447,1.9302
36.6578,0.4806,2.0733
36.6580,0.4938,2.1341
36.6582,0.4518,1.9518
36.6584,0.4518,1.95
36.6586,0.4469,1.9306
36.6588,0.4905,2.1142
36.6590,0.5487,2.3671
36.6592,0.5095,2.201
36.6594,0.4613,1.9927
36.6596,0.4582,1.9784
36.6598,0.4558,1.9671
36.6600,0.4546,1.9628
36.6602,0.458,1.9778
36.6604,0.4555,1.9661
36.6606,0.4474,1.9318
36.6608,0.4397,1.8986
36.6610,0.4372,1.8877
36.6612,0.4456,1.9222
36.6614,0.4477,1.9333
36.6616,0.4451,1.9219
36.6618,0.4726,2.0395
36.6620,0.5288,2.277
36.6622,0.6095,2.6232
36.6624,0.6124,2.6393
36.6626,0.598,2.5797
36.6628,0.5863,2.5272
36.6630,0.572,2.464
36.6632,0.6084,2.6222
36.6634,0.5344,2.3066
36.6636,0.4812,2.0749
36.6638,0.548,2.3607
36.6640,0.5664,2.4425
36.6642,0.5826,2.5088
36.6644,0.6209,2.6735
36.6646,0.6685,2.8745
36.6648,0.7157,3.0819
36.6650,0.5806,2.5023
36.6652,0.5235,2.2584
36.6654,0.4965,2.1391
36.6656,0.5955,2.5593
36.6658,0.6845,2.9449
36.6660,0.6509,2.8026
36.6662,0.656,2.8248
36.6664,0.7017,3.0187
36.6666,0.6678,2.8754
36.6668,0.6191,2.6633
36.6670,0.6487,2.7933
36.6672,0.6391,2.7494
36.6674,0.6897,2.9644
36.6676,0.7161,3.0863
36.6678,0.5874,2.533
36.6680,0.5727,2.4671
36.6682,0.5778,2.4928
36.6684,0.5945,2.5599
36.6686,0.6506,2.7976
36.6688,0.6373,2.7455
36.6690,0.5235,2.2563
36.6692,0.5416,2.3355
36.6694,0.5664,2.4414
36.6696,0.5586,2.4089
36.6698,0.4818,2.0813
36.6700,0.4176,1.8025
36.6702,0.4497,1.9407
36.6704,0.4238,1.8289
36.6706,0.4124,1.7814
36.6708,0.3947,1.7053
36.6710,0.4223,1.8219
36.6712,0.4931,2.1251
36.6714,0.5209,2.2471
36.6716,0.4799,2.0702
36.6718,0.5221,2.246
36.6720,0.6674,2.8672
36.6722,0.6932,2.9779
36.6724,0.7304,3.1405
36.6726,0.7565,3.2484
36.6728,0.7835,3.3642
36.6730,0.795,3.4121
36.6732,0.95,4.0642
36.6734,1.0885,4.6523
36.6736,1.0939,4.6798
36.6738,1.0741,4.593
36.6740,1.0595,4.5347
36.6742,1.0316,4.411
36.6744,1.0776,4.6143
36.6746,1.0407,4.4541
36.6748,1.0853,4.6407
36.6750,1.1052,4.728
36.6752,1.1385,4.866
36.6754,1.131,4.8383
36.6756,1.1312,4.8325
36.6758,1.1909,5.0947
36.6760,1.0543,4.5295
36.6762,0.8612,3.6979
36.6764,0.8907,3.8228
36.6766,0.8505,3.6521
36.6768,0.8272,3.5555
36.6770,0.8123,3.4911
36.6772,0.8361,3.5886
36.6774,0.8986,3.8585
36.6776,0.8816,3.7872
36.6778,0.8885,3.8135
36.6780,0.9268,3.9758
36.6782,0.9286,3.9817
36.6784,0.9413,4.0399
36.6786,0.9319,3.9942
36.6788,1.0149,4.3519
36.6790,0.9587,4.1146
36.6792,0.8945,3.8428
36.6794,0.8814,3.7884
36.6796,0.829,3.5599
36.6798,0.8078,3.4768
36.6800,0.7627,3.2813
36.6802,0.7852,3.3714
36.6804,0.8467,3.6373
36.6806,0.8534,3.6661
36.6808,0.8391,3.6099
36.6810,0.7958,3.4236
36.6812,0.8006,3.4379
36.6814,0.822,3.5344
36.6816,0.8215,3.5307
36.6818,0.8054,3.4633
36.6820,0.8024,3.4472
36.6822,0.8498,3.6524
36.6824,0.8474,3.6471
36.6826,0.7678,3.3029
36.6828,0.7534,3.2365
36.6830,0.842,3.6155
36.6832,0.9172,3.9347
36.6834,0.948,4.0669
36.6836,0.9265,3.9803
36.6838,0.8891,3.8196
36.6840,0.8838,3.7917
36.6842,0.915,3.9272
36.6844,0.9196,3.9486
36.6846,0.9155,3.9384
36.6848,0.8156,3.5071
36.6850,0.8524,3.6586
36.6852,0.9234,3.9651
36.6854,0.924,3.9732
36.6856,0.8386,3.6028
36.6858,0.8965,3.8498
36.6860,0.9005,3.8686
36.6862,0.8352,3.5828
36.6864,0.9248,3.9731
36.6866,0.8979,3.8572
36.6868,0.8991,3.8624
36.6870,0.8956,3.8457
36.6872,0.903,3.8758
36.6874,0.9052,3.8905
36.6876,0.8886,3.8176
36.6878,0.8927,3.8351
36.6880,0.8862,3.8073
36.6882,0.9005,3.8668
36.6884,0.9202,3.9512
36.6886,0.9124,3.9214
36.6888,0.9124,3.9177
36.6890,0.9112,3.9126
36.6892,0.9497,4.076
36.6894,0.9349,4.0183
36.6896,0.9059,3.8936
36.6898,0.848,3.648
36.6900,0.8015,3.4431
36.6902,0.8434,3.6284
36.6904,0.8245,3.5453
36.6906,0.8718,3.7454
36.6908,0.913,3.9203
36.6910,0.8935,3.8387
36.6912,0.8313,3.5797
36.6914,0.7584,3.2672
36.6916,0.7736,3.3313
36.6918,0.8069,3.4727
36.6920,0.8053,3.4612
36.6922,0.8278,3.5581
36.6924,0.8383,3.6046
36.6926,0.8408,3.6171
36.6928,0.817,3.5182
36.6930,0.8286,3.5611
36.6932,0.8503,3.6561
36.6934,0.8471,3.6393
36.6936,0.9747,4.1816
36.6938,1.0314,4.4187
36.6940,0.9198,3.957
36.6942,0.7457,3.2095
36.6944,0.7897,3.4005
36.6946,0.7859,3.384
36.6948,0.8011,3.4463
36.6950,0.8142,3.5009
36.6952,0.8101,3.4883
36.6954,0.7989,3.4402
36.6956,0.807,3.4716
36.6958,0.8325,3.5798
36.6960,0.8287,3.5633
36.6962,0.8123,3.5008
36.6964,0.7363,3.1707
36.6966,0.7253,3.1218
36.6968,0.7308,3.1455
36.6970,0.7413,3.1874
36.6972,0.7636,3.2879
36.6974,0.7498,3.2301
36.6976,0.724,3.119
36.6978,0.694,2.9912
36.6980,0.6866,2.9578
36.6982,0.7452,3.2059
36.6984,0.7477,3.2153
36.6986,0.8223,3.5343
36.6988,0.8408,3.6188
36.6990,0.8112,3.4897
36.6992,0.8035,3.455
36.6994,0.841,3.6232
36.6996,0.8108,3.4881
36.6998,0.7037,3.0331
36.7000,0.6684,2.8806
36.7002,0.6705,2.8886
36.7004,0.6628,2.8635
36.7006,0.5883,2.5331
36.7008,0.6702,2.8884
36.7010,0.6326,2.7304
36.7012,0.5684,2.4553
36.7014,0.5561,2.3958
36.7016,0.7244,3.1162
36.7018,0.7366,3.1776
36.7020,0.5892,2.5454
36.7022,0.557,2.4039
36.7024,0.6018,2.5986
36.7026,0.5114,2.2082
36.7028,0.4789,2.0689
36.7030,0.53,2.2864
36.7032,0.5885,2.5365
36.7034,0.5621,2.425
36.7036,0.579,2.5037
36.7038,0.4525,1.9576
36.7040,0.4432,1.9145
36.7042,0.5139,2.216
36.7044,0.6296,2.7125
36.7046,0.7276,3.1345
36.7048,0.6988,3.0049
36.7050,0.7417,3.191
36.7052,0.7148,3.0792
36.7054,0.7235,3.1169
36.7056,0.697,3.0042
36.7058,0.6801,2.9286
36.7060,0.7602,3.2704
36.7062,0.776,3.3354
36.7064,0.8752,3.7546
36.7066,0.9191,3.9466
36.7068,0.8958,3.8467
36.7070,0.912,3.9162
36.7072,0.9142,3.9255
36.7074,0.9395,4.0322
36.7076,0.971,4.1695
36.7078,0.9142,3.92
36.7080,0.96,4.1145
36.7082,0.9928,4.2592
36.7084,0.9565,4.1034
36.7086,0.9473,4.0676
36.7088,0.9681,4.1572
36.7090,0.9706,4.168
36.7092,0.9323,4.0032
36.7094,0.9124,3.9123
36.7096,0.9681,4.1552
36.7098,0.9371,4.035
36.7100,0.7971,3.4325
36.7102,0.7608,3.2745
36.7104,0.7485,3.2229
36.7106,0.7419,3.1974
36.7108,0.7428,3.1927
36.7110,0.8322,3.5783
36.7112,0.8001,3.4454
36.7114,0.7126,3.0699
36.7116,0.7007,3.016
36.7118,0.7722,3.322
36.7120,0.8017,3.4489
36.7122,0.8276,3.5587
36.7124,0.8497,3.6569
36.7126,0.8034,3.4545
36.7128,0.7964,3.4246
36.7130,0.8106,3.4903
36.7132,0.7521,3.2338
36.7134,0.7891,3.3947
36.7136,0.8131,3.5012
36.7138,0.7935,3.4154
36.7140,0.7633,3.2838
36.7142,0.7541,3.2456
36.7144,0.7334,3.1549
36.7146,0.7825,3.3679
36.7148,0.8076,3.4742
36.7150,0.8019,3.4564
36.7152,0.6847,2.9496
36.7154,0.6783,2.9235
36.7156,0.6938,2.9902
36.7158,0.6932,2.9821
36.7160,0.7554,3.2468
36.7162,0.8292,3.5654
36.7164,0.833,3.5869
36.7166,0.7811,3.3633
36.7168,0.7709,3.3179
36.7170,0.7294,3.1452
36.7172,0.673,2.8995
36.7174,0.7075,3.0477
36.7176,0.6832,2.9447
36.7178,0.6055,2.6123
36.7180,0.5904,2.5471
36.7182,0.5907,2.5469
36.7184,0.5833,2.5177
36.7186,0.5913,2.5495
36.7188,0.6467,2.7871
36.7190,0.6131,2.6461
36.7192,0.5399,2.3304
36.7194,0.5136,2.2165
36.7196,0.5168,2.2326
36.7198,0.5741,2.479
36.7200,0.5124,2.2124
36.7202,0.4784,2.0678
36.7204,0.4729,2.0439
36.7206,0.4715,2.0377
36.7208,0.4692,2.0241
36.7210,0.5564,2.4013
36.7212,0.5018,2.1658
36.7214,0.4937,2.1356
36.7216,0.4476,1.9346
36.7218,0.4432,1.9145
36.7220,0.4552,1.9663
36.7222,0.4585,1.9827
36.7224,0.4494,1.9424
36.7226,0.4535,1.9591
36.7228,0.45,1.9431
36.7230,0.4541,1.9626
36.7232,0.454,1.962
36.7234,0.4519,1.9523
36.7236,0.4772,2.0597
36.7238,0.5447,2.3478
36.7240,0.5831,2.5155
36.7242,0.5687,2.45
36.7244,0.5856,2.5287
36.7246,0.4684,2.0242
36.7248,0.4401,1.8993
36.7250,0.4389,1.8959
36.7252,0.4633,2.0006
36.7254,0.512,2.2088
36.7256,0.5354,2.3086
36.7258,0.5519,2.3799
36.7260,0.55,2.3717
36.7262,0.5517,2.3767
36.7264,0.5527,2.3841
36.7266,0.5378,2.32
36.7268,0.5492,2.3669
36.7270,0.5757,2.4823
36.7272,0.5154,2.2264
36.7274,0.4507,1.9454
36.7276,0.4658,2.0087
36.7278,0.4616,1.9934
36.7280,0.4498,1.9421
36.7282,0.4704,2.0302
36.7284,0.4644,2.0034
36.7286,0.4723,2.0366
36.7288,0.5216,2.2491
36.7290,0.5748,2.4775
36.7292,0.6022,2.5942
36.7294,0.576,2.4804
36.7296,0.5503,2.3749
36.7298,0.4914,2.1178
36.7300,0.5557,2.3904
36.7302,0.5886,2.537
36.7304,0.5451,2.3505
36.7306,0.6296,2.7074
36.7308,0.6487,2.7933
36.7310,0.6425,2.7639
36.7312,0.6981,3.0032
36.7314,0.6679,2.8759
36.7316,0.5991,2.5807
36.7318,0.612,2.6316
36.7320,0.695,2.9926
36.7322,0.6736,2.9007
36.7324,0.6723,2.891
36.7326,0.7175,3.0811
36.7328,0.6983,3.0057
36.7330,0.6489,2.7891
36.7332,0.7125,3.0637
36.7334,0.6624,2.8548
36.7336,0.5976,2.5745
36.7338,0.6006,2.5838
36.7340,0.6113,2.6322
36.7342,0.6347,2.7342
36.7344,0.6077,2.6143
36.7346,0.6444,2.7695
36.7348,0.6441,2.7775
36.7350,0.5673,2.4473
36.7352,0.5545,2.3908
36.7354,0.5106,2.1995
36.7356,0.5315,2.2931
36.7358,0.5143,2.2176
36.7360,0.5714,2.4591
36.7362,0.6157,2.6501
36.7364,0.6215,2.6748
36.7366,0.6444,2.776
36.7368,0.5023,2.1699
36.7370,0.4101,1.7716
36.7372,0.4118,1.7763
36.7374,0.4507,1.9445
36.7376,0.5101,2.1985
36.7378,0.5258,2.2672
36.7380,0.5072,2.183
36.7382,0.6035,2.595
36.7384,0.6533,2.8129
36.7386,0.6389,2.7484
36.7388,0.6866,2.951
36.7390,0.7281,3.1278
36.7392,0.7308,3.1411
36.7394,0.6999,3.0082
36.7396,0.7305,3.1381
36.7398,0.8064,3.4594
36.7400,0.8687,3.7268
36.7402,0.8722,3.74
36.7404,0.906,3.8832
36.7406,0.9684,4.1504
36.7408,1.0115,4.3314
36.7410,0.9614,4.1206
36.7412,0.9505,4.0701
36.7414,0.9856,4.2264
36.7416,0.9368,4.0209
36.7418,0.9019,3.8675
36.7420,0.8971,3.847
36.7422,0.9019,3.8675
36.7424,0.8699,3.7337
36.7426,0.8374,3.5909
36.7428,0.9226,3.9597
36.7430,0.867,3.7231
36.7432,0.8353,3.585
36.7434,0.8915,3.8246
36.7436,0.8947,3.8438
36.7438,0.8675,3.7252
36.7440,0.8431,3.6201
36.7442,0.8214,3.5269
36.7444,0.8274,3.5576
36.7446,0.8097,3.4786
36.7448,0.8762,3.7605
36.7450,0.9112,3.9071
36.7452,0.8867,3.8076
36.7454,0.8971,3.8488
36.7456,0.9089,3.8955
36.7458,0.8129,3.4921
36.7460,0.7771,3.3417
36.7462,0.7906,3.401
36.7464,0.7759,3.3303
36.7466,0.8587,3.6854
36.7468,0.8781,3.7741
36.7470,0.8053,3.458
36.7472,0.8274,3.5594
36.7474,0.7268,3.1309
36.7476,0.6879,2.9581
36.7478,0.7743,3.3262
36.7480,0.8217,3.5302
36.7482,0.8338,3.5839
36.7484,0.827,3.5529
36.7486,0.8048,3.4608
36.7488,0.765,3.2881
36.7490,0.765,3.2911
36.7492,0.7639,3.2895
36.7494,0.7129,3.0667
36.7496,0.7403,3.1849
36.7498,0.7112,3.0638
36.7500,0.6787,2.9224
36.7502,0.6794,2.9228
36.7504,0.6902,2.9706
36.7506,0.7077,3.046
36.7508,0.6901,2.9673
36.7510,0.7461,3.2081
36.7512,0.813,3.4958
36.7514,0.7715,3.3205
36.7516,0.6663,2.8706
36.7518,0.6649,2.8591
36.7520,0.7113,3.0614
36.7522,0.713,3.0715
36.7524,0.6802,2.9291
36.7526,0.7255,3.1223
36.7528,0.6982,3.0066
36.7530,0.6738,2.9013
36.7532,0.6832,2.9448
36.7534,0.6227,2.6825
36.7536,0.5979,2.5768
36.7538,0.598,2.5749
36.7540,0.6585,2.8383
36.7542,0.6499,2.7985
36.7544,0.6986,3.0053
36.7546,0.7481,3.2169
36.7548,0.7936,3.4139
36.7550,0.7368,3.1699
36.7552,0.7173,3.0873
36.7554,0.6703,2.8863
36.7556,0.6247,2.6926
36.7558,0.6197,2.6721
36.7560,0.5667,2.4458
36.7562,0.5173,2.2316
36.7564,0.5153,2.2238
36.7566,0.5288,2.2791
36.7568,0.5573,2.4021
36.7570,0.5385,2.3231
36.7572,0.5364,2.3138
36.7574,0.5515,2.3779
36.7576,0.5174,2.23
36.7578,0.6171,2.657
36.7580,0.6394,2.7595
36.7582,0.5192,2.2399
36.7584,0.5127,2.2109
36.7586,0.506,2.183
36.7588,0.5049,2.1793
36.7590,0.5036,2.1736
36.7592,0.5019,2.1664
36.7594,0.5023,2.1659
36.7596,0.509,2.1949
36.7598,0.5051,2.1798
36.7600,0.5124,2.2104
36.7602,0.52,2.2424
36.7604,0.5205,2.2435
36.7606,0.5198,2.2414
36.7608,0.5108,2.2037
36.7610,0.5558,2.3921
36.7612,0.6392,2.7526
36.7614,0.6352,2.7388
36.7616,0.5977,2.5763
36.7618,0.587,2.5274
36.7620,0.6293,2.7059
36.7622,0.6988,3.0092
36.7624,0.6632,2.8518
36.7626,0.7203,3.0987
36.7628,0.6844,2.9445
36.7630,0.7008,3.0132
36.7632,0.7109,3.0542
36.7634,0.7292,3.1354
36.7636,0.6638,2.8571
36.7638,0.6472,2.7892
36.7640,0.5813,2.5055
36.7642,0.5831,2.5121
36.7644,0.6452,2.7719
36.7646,0.7963,3.421
36.7648,0.765,3.2911
36.7650,0.722,3.1045
36.7652,0.7277,3.1263
36.7654,0.7378,3.1726
36.7656,0.7605,3.2685
36.7658,0.7305,3.1455
36.7660,0.5215,2.2507
36.7662,0.4776,2.0613
36.7664,0.4859,2.0961
36.7666,0.4795,2.0677
36.7668,0.4729,2.0392
36.7670,0.4775,2.0598
36.7672,0.5173,2.2316
36.7674,0.5041,2.1757
36.7676,0.466,2.0093
36.7678,0.4686,2.0216
36.7680,0.4691,2.0255
36.7682,0.4258,1.8377
36.7684,0.4637,1.9985
36.7686,0.5198,2.2424
36.7688,0.484,2.0897
36.7690,0.4001,1.7294
36.7692,0.3867,1.6714
36.7694,0.3892,1.6807
36.7696,0.3907,1.6877
36.7698,0.3901,1.6851
36.7700,0.4138,1.7852
36.7702,0.4331,1.8676
36.7704,0.4728,2.0378
36.7706,0.5388,2.322
36.7708,0.5332,2.2983
36.7710,0.5495,2.3707
36.7712,0.5776,2.4825
36.7714,0.7751,3.3314
36.7716,0.7448,3.1995
36.7718,0.7765,3.336
36.7720,0.7907,3.3936
36.7722,0.8166,3.5048
36.7724,0.8502,3.6506
36.7726,0.8136,3.4952
36.7728,0.7962,3.4205
36.7730,0.798,3.425
36.7732,0.8068,3.4658
36.7734,0.7918,3.3967
36.7736,0.9201,3.9379
36.7738,0.9747,4.1778
36.7740,0.9901,4.2435
36.7742,0.987,4.2302
36.7744,0.9542,4.0899
36.7746,0.96,4.1126
36.7748,0.9745,4.1767
36.7750,0.9153,3.9228
36.7752,0.924,3.9604
36.7754,0.8853,3.7997
36.7756,0.8795,3.7732
36.7758,0.9234,3.9615
36.7760,0.887,3.8069
36.7762,0.8822,3.7863
36.7764,0.8604,3.6961
36.7766,0.7826,3.3607
36.7768,0.8085,3.4703
36.7770,0.8163,3.5054
36.7772,0.8241,3.5421
36.7774,0.8322,3.5733
36.7776,0.8793,3.7704
36.7778,0.911,3.9098
36.7780,0.9009,3.8666
36.7782,0.9122,3.9095
36.7784,0.8841,3.7945
36.7786,0.8683,3.7318
36.7788,0.8021,3.4521
36.7790,0.7912,3.3988
36.7792,0.8431,3.6185
36.7794,0.8327,3.5837
36.7796,0.7249,3.1169
36.7798,0.7155,3.0781
36.7800,0.706,3.0387
36.7802,0.7051,3.0346
36.7804,0.7048,3.0322
36.7806,0.7089,3.0525
36.7808,0.7043,3.0287
36.7810,0.7835,3.3674
36.7812,0.6961,3.0001
36.7814,0.7119,3.064
36.7816,0.6468,2.789
36.7818,0.5992,2.5825
36.7820,0.6635,2.8529
36.7822,0.6817,2.934
36.7824,0.6964,2.9947
36.7826,0.7153,3.0785
36.7828,0.6981,3.0019
36.7830,0.743,3.1903
36.7832,0.7795,3.3504
36.7834,0.7222,3.1099
36.7836,0.7034,3.0274
36.7838,0.7331,3.1524
36.7840,0.7395,3.1813
36.7842,0.6758,2.9127
36.7844,0.6071,2.6154
36.7846,0.6211,2.6758
36.7848,0.6066,2.6133
36.7850,0.5928,2.5575
36.7852,0.5449,2.3506
36.7854,0.5732,2.4703
36.7856,0.581,2.5039
36.7858,0.5441,2.3475
36.7860,0.5088,2.1938
36.7862,0.5131,2.2125
36.7864,0.5145,2.2187
36.7866,0.569,2.4545
36.7868,0.5105,2.2041
36.7870,0.4463,1.9262
36.7872,0.4487,1.9384
36.7874,0.4469,1.9297
36.7876,0.4469,1.9306
36.7878,0.4425,1.9097
36.7880,0.4446,1.9199
36.7882,0.486,2.0966
36.7884,0.5214,2.2492
36.7886,0.4769,2.0582
36.7888,0.4523,1.9521
36.7890,0.4524,1.9535
36.7892,0.4638,2.0037
36.7894,0.4391,1.8943
36.7896,0.4536,1.9569
36.7898,0.4868,2.1031
36.7900,0.4425,1.9097
36.7902,0.4617,1.9916
36.7904,0.4567,1.9722
36.7906,0.4455,1.9235
36.7908,0.4458,1.9233
36.7910,0.501,2.1592
36.7912,0.5464,2.3551
36.7914,0.5808,2.5034
36.7916,0.5578,2.4031
36.7918,0.565,2.4341
36.7920,0.5901,2.5432
36.7922,0.5977,2.5715
36.7924,0.6366,2.7412
36.7926,0.6,2.5837
36.7928,0.6138,2.6443
36.7930,0.5695,2.4509
36.7932,0.5986,2.5751
36.7934,0.6467,2.7807
36.7936,0.6738,2.9053
36.7938,0.553,2.3824
36.7940,0.5505,2.3727
36.7942,0.5969,2.5703
36.7944,0.6318,2.718
36.7946,0.6778,2.912
36.7948,0.7163,3.0745
36.7950,0.7782,3.3385
36.7952,0.8082,3.4768
36.7954,0.7045,3.032
36.7956,0.7033,3.0212
36.7958,0.7226,3.1085
36.7960,0.6648,2.8585
36.7962,0.7213,3.0971
36.7964,0.6944,2.9901
36.7966,0.5757,2.4801
36.7968,0.5501,2.3722
36.7970,0.5545,2.3897
36.7972,0.5883,2.5319
36.7974,0.643,2.7621
36.7976,0.7482,3.2219
36.7978,0.6414,2.7593
36.7980,0.6446,2.7732
36.7982,0.6421,2.7637
36.7984,0.6444,2.7735
36.7986,0.6583,2.8347
36.7988,0.6147,2.6479
36.7990,0.5718,2.4624
36.7992,0.574,2.4717
36.7994,0.6258,2.6935
36.7996,0.6476,2.7835
36.7998,0.6838,2.9378
36.8000,0.7129,3.0653
36.8002,0.6862,2.9508
36.8004,0.7348,3.1582
36.8006,0.7702,3.3071
36.8008,0.7608,3.2716
36.8010,0.6829,2.9391
36.8012,0.6504,2.8006
36.8014,0.6352,2.7299
36.8016,0.6704,2.8881
36.8018,0.5677,2.4466
36.8020,0.562,2.4234
36.8022,0.5344,2.3024
36.8024,0.5358,2.308
36.8026,0.5324,2.2925
36.8028,0.5368,2.3127
36.8030,0.5837,2.5135
36.8032,0.6672,2.8689
36.8034,0.6861,2.9503
36.8036,0.7175,3.0868
36.8038,0.7207,3.0974
36.8040,0.7601,3.2654
36.8042,0.7409,3.18
36.8044,0.7876,3.3818
36.8046,0.8029,3.4477
36.8048,0.8012,3.4421
36.8050,0.7591,3.2643
36.8052,0.7469,3.2073
36.8054,0.8798,3.769
36.8056,0.9352,4.01
36.8058,0.8713,3.7342
36.8060,0.9168,3.9295
36.8062,0.9484,4.0647
36.8064,1.0089,4.3202
36.8066,1.002,4.2964
36.8068,0.9693,4.1546
36.8070,0.9929,4.2514
36.8072,1.0189,4.3628
36.8074,1.0102,4.3319
36.8076,0.9215,3.9533
36.8078,0.924,3.9659
36.8080,0.9147,3.9239
36.8082,0.9592,4.1129
36.8084,0.9642,4.1325
36.8086,1.0143,4.3453
36.8088,1.011,4.3289
36.8090,0.9877,4.2293
36.8092,1.0138,4.3473
36.8094,0.9897,4.244
36.8096,1.022,4.3782
36.8098,0.9783,4.1971
36.8100,0.9463,4.0597
36.8102,0.9929,4.2554
36.8104,0.9969,4.2768
36.8106,0.9569,4.1031
36.8108,0.986,4.2221
36.8110,1.0304,4.4183
36.8112,0.9967,4.2758
36.8114,0.9906,4.2476
36.8116,1.0003,4.2872
36.8118,1.0077,4.3191
36.8120,0.9964,4.2787
36.8122,0.8845,3.7943
36.8124,0.8811,3.7852
36.8126,0.8643,3.7131
36.8128,0.886,3.8045
36.8130,0.8791,3.7782
36.8132,0.8834,3.795
36.8134,0.8703,3.7353
36.8136,0.8757,3.7655
36.8138,0.8365,3.5969
36.8140,0.8318,3.5751
36.8142,0.8376,3.5999
36.8144,0.8721,3.7483
36.8146,0.8418,3.623
36.8148,0.7231,3.112
36.8150,0.7195,3.0937
36.8152,0.7478,3.2153
36.8154,0.7697,3.3143
36.8156,0.7571,3.2571
36.8158,0.804,3.4556
36.8160,0.7946,3.4185
36.8162,0.7642,3.2875
36.8164,0.7967,3.4209
36.8166,0.8397,3.6091
36.8168,0.8352,3.5896
36.8170,0.8358,3.5905
36.8172,0.8361,3.5954
36.8174,0.8452,3.6345
36.8176,0.8438,3.625
36.8178,0.8641,3.7138
36.8180,0.7551,3.2513
36.8182,0.6907,2.9754
36.8184,0.6901,2.9756
36.8186,0.6837,2.94
36.8188,0.8282,3.5646
36.8190,0.7696,3.3123
36.8192,0.7469,3.2147
36.8194,0.7379,3.176
36.8196,0.7633,3.2854
36.8198,0.7612,3.2746
36.8200,0.7789,3.351
36.8202,0.8202,3.5202
36.8204,0.905,3.8877
36.8206,0.9153,3.932
36.8208,0.9022,3.8686
36.8210,0.8847,3.7989
36.8212,0.8625,3.7053
36.8214,0.8894,3.8207
36.8216,0.8577,3.6916
36.8218,0.7617,3.2767
36.8220,0.8106,3.4855
36.8222,0.8072,3.4743
36.8224,0.8115,3.4913
36.8226,0.8317,3.5779
36.8228,0.7907,3.4015
36.8230,0.7948,3.4175
36.8232,0.7759,3.3381
36.8234,0.8046,3.4694
36.8236,0.7201,3.1006
36.8238,0.6966,3.0008
36.8240,0.6193,2.6718
36.8242,0.5888,2.5399
36.8244,0.6368,2.7435
36.8246,0.6575,2.8324
36.8248,0.6215,2.6811
36.8250,0.5896,2.5447
36.8252,0.6269,2.7019
36.8254,0.6493,2.7985
36.8256,0.6525,2.8164
36.8258,0.5861,2.5297
36.8260,0.5509,2.3775
36.8262,0.5447,2.349
36.8264,0.5373,2.319
36.8266,0.539,2.3274
36.8268,0.5494,2.3691
36.8270,0.6259,2.6977
36.8272,0.6162,2.6584
36.8274,0.5427,2.3413
36.8276,0.5727,2.4683
36.8278,0.6418,2.7621
36.8280,0.68,2.9308
36.8282,0.6708,2.8897
36.8284,0.6945,2.9892
36.8286,0.7703,3.3169
36.8288,0.6648,2.8639
36.8290,0.6524,2.8094
36.8292,0.6667,2.8735
36.8294,0.656,2.8248
36.8296,0.6615,2.8499
36.8298,0.6584,2.8378
36.8300,0.6464,2.7874
36.8302,0.6834,2.9412
36.8304,0.731,3.1432
36.8306,0.7496,3.2231
36.8308,0.8066,3.4604
36.8310,0.8412,3.6187
36.8312,0.783,3.3669
36.8314,0.7745,3.3288
36.8316,0.7993,3.4355
36.8318,0.7937,3.4097
36.8320,0.886,3.8045
36.8322,0.9077,3.8959
36.8324,0.902,3.8694
36.8326,0.9201,3.9508
36.8328,0.8699,3.7355
36.8330,0.8303,3.5701
36.8332,0.8097,3.4852
36.8334,0.7145,3.0725
36.8336,0.8064,3.4675
36.8338,0.8235,3.5429
36.8340,0.7506,3.2307
36.8342,0.7013,3.0172
36.8344,0.737,3.1719
36.8346,0.7438,3.2013
36.8348,0.7788,3.3489
36.8350,0.7859,3.3825
36.8352,0.734,3.1634
36.8354,0.5961,2.5738
36.8356,0.5123,2.2109
36.8358,0.5182,2.2357
36.8360,0.4959,2.1395
36.8362,0.5304,2.288
36.8364,0.6342,2.7334
36.8366,0.6402,2.7554
36.8368,0.6907,2.9685
36.8370,0.7759,3.3334
36.8372,0.783,3.3685
36.8374,0.7596,3.2664
36.8376,0.8021,3.4441
36.8378,0.8916,3.8341
36.8380,0.7904,3.3989
36.8382,0.7794,3.353
36.8384,0.8255,3.5462
36.8386,0.9094,3.9068
36.8388,0.8404,3.6089
36.8390,0.8675,3.7235
36.8392,0.9237,3.9625
36.8394,0.9134,3.9256
36.8396,0.9805,4.2024
36.8398,1.0533,4.5144
36.8400,1.0324,4.425
36.8402,1.0634,4.5512
36.8404,1.0955,4.6931
36.8406,1.0775,4.6139
36.8408,1.0797,4.6274
36.8410,1.0176,4.3633
36.8412,0.9825,4.2131
36.8414,1.0502,4.5073
36.8416,0.9926,4.2563
36.8418,0.9863,4.233
36.8420,0.9287,3.9841
36.8422,0.9658,4.1411
36.8424,0.9708,4.1724
36.8426,0.9238,3.9649
36.8428,0.9497,4.0817
36.8430,0.8486,3.649
36.8432,0.8572,3.681
36.8434,0.9497,4.076
36.8436,0.9973,4.2764
36.8438,1.025,4.3992
36.8440,0.9142,3.9292
36.8442,0.8686,3.7386
36.8444,0.7997,3.4418
36.8446,0.7804,3.3556
36.8448,0.8124,3.4933
36.8450,0.9069,3.8941
36.8452,0.9369,4.0228
36.8454,0.9184,3.9454
36.8456,0.8714,3.7452
36.8458,0.9066,3.904
36.8460,0.8125,3.5003
36.8462,0.7111,3.0661
36.8464,0.6247,2.6963
36.8466,0.6302,2.7164
36.8468,0.7316,3.1472
36.8470,0.7711,3.3174
36.8472,0.7892,3.3953
36.8474,0.8051,3.4715
36.8476,0.6888,2.9672
36.8478,0.6794,2.9269
36.8480,0.6882,2.9605
36.8482,0.7394,3.1822
36.8484,0.754,3.2467
36.8486,0.7867,3.3845
36.8488,0.8219,3.534
36.8490,0.8692,3.729
36.8492,0.924,3.977
36.8494,0.7979,3.4325
36.8496,0.8108,3.4849
36.8498,0.8223,3.5344
36.8500,0.788,3.3949
36.8502,0.7595,3.2735
36.8504,0.6834,2.9467
36.8506,0.6218,2.6764
36.8508,0.6854,2.9555
36.8510,0.627,2.7011
36.8512,0.7168,3.0895
36.8514,0.679,2.9253
36.8516,0.6943,2.9882
36.8518,0.7175,3.094
36.8520,0.6991,3.0158
36.8522,0.6424,2.7711
36.8524,0.6115,2.6382
36.8526,0.5995,2.584
36.8528,0.6681,2.8783
36.8530,0.7765,3.3438
36.8532,0.6937,2.987
36.8534,0.6804,2.9337
36.8536,0.6533,2.8182
36.8538,0.6708,2.8897
36.8540,0.6794,2.9323
36.8542,0.5334,2.3052
36.8544,0.4933,2.1331
36.8546,0.489,2.1124
36.8548,0.4849,2.0948
36.8550,0.4873,2.1052
36.8552,0.487,2.1056
36.8554,0.509,2.1989
36.8556,0.5752,2.4814
36.8558,0.5781,2.4939
36.8560,0.5395,2.3305
36.8562,0.4878,2.1063
36.8564,0.4879,2.1058
36.8566,0.4888,2.1114
36.8568,0.4867,2.1026
36.8570,0.484,2.0897
36.8572,0.4832,2.0885
36.8574,0.4864,2.101
36.8576,0.4841,2.0912
36.8578,0.4813,2.0793
36.8580,0.4828,2.0845
36.8582,0.4817,2.0799
36.8584,0.4861,2.0971
36.8586,0.4882,2.1069
36.8588,0.4866,2.1031
36.8590,0.4817,2.0799
36.8592,0.4861,2.0981
36.8594,0.4872,2.1037
36.8596,0.4835,2.0886
36.8598,0.4823,2.0805
36.8600,0.482,2.0795
36.8602,0.4819,2.0799
36.8604,0.4957,2.1405
36.8606,0.5019,2.1664
36.8608,0.5268,2.2714
36.8610,0.5908,2.5451
36.8612,0.6474,2.7864
36.8614,0.6936,2.9837
36.8616,0.7198,3.0981
36.8618,0.6813,2.9352
36.8620,0.6181,2.6617
36.8622,0.6672,2.8729
36.8624,0.6744,2.9038
36.8626,0.6463,2.783
36.8628,0.6719,2.8903
36.8630,0.7243,3.1143
36.8632,0.7699,3.3077
36.8634,0.8226,3.5322
36.8636,0.8208,3.5261
36.8638,0.796,3.4226
36.8640,0.7707,3.3123
36.8642,0.7404,3.1898
36.8644,0.6972,3.0006
36.8646,0.6732,2.8987
36.8648,0.6394,2.7505
36.8650,0.6778,2.9161
36.8652,0.7328,3.1568
36.8654,0.6613,2.8502
36.8656,0.5704,2.4585
36.8658,0.5471,2.3593
36.8660,0.5879,2.5339
36.8662,0.6135,2.6452
36.8664,0.5492,2.3681
36.8666,0.5525,2.3781
36.8668,0.6928,2.982
36.8670,0.6352,2.7439
36.8672,0.4742,2.0478
36.8674,0.5126,2.2104
36.8676,0.5709,2.464
36.8678,0.5278,2.2782
36.8680,0.4762,2.057
36.8682,0.4198,1.8127
36.8684,0.4194,1.812
36.8686,0.4212,1.8172
36.8688,0.4554,1.9683
36.8690,0.4034,1.7426
36.8692,0.4119,1.7794
36.8694,0.4575,1.9744
36.8696,0.4872,2.1008
36.8698,0.5242,2.2584
36.8700,0.5834,2.5108
36.8702,0.6178,2.654
36.8704,0.6795,2.9233
36.8706,0.6753,2.9039
36.8708,0.7548,3.2443
36.8710,0.791,3.3967
36.8712,0.8418,3.6145
36.8714,0.8334,3.5785
36.8716,0.9094,3.8922
36.8718,1.0522,4.5013
36.8720,1.0831,4.6293
36.8722,1.1119,4.7612
36.8724,1.0931,4.6806
36.8726,1.0969,4.6971
36.8728,1.0556,4.5178
36.8730,1.0131,4.3483
36.8732,0.9142,3.9146
36.8734,1.001,4.2803
36.8736,1.0879,4.6586
36.8738,1.0678,4.5702
36.8740,1.0626,4.5523
36.8742,1.053,4.5134
36.8744,1.0449,4.4742
36.8746,1.0186,4.3618
36.8748,1.0104,4.3284
36.8750,0.94,4.0362
36.8752,0.9172,3.9384
36.8754,0.9148,3.9263
36.8756,0.9175,3.9381
36.8758,0.901,3.8671
36.8760,0.9204,3.9523
36.8762,0.9096,3.9041
36.8764,0.8948,3.8403
36.8766,0.9057,3.8835
36.8768,1.0042,4.3042
36.8770,1.0129,4.3432
36.8772,0.9699,4.1669
36.8774,0.896,3.8509
36.8776,0.8668,3.7204
36.8778,0.8657,3.7141
36.8780,0.9301,3.9903
36.8782,0.916,3.9388
36.8784,0.8321,3.5778
36.8786,0.8637,3.7088
36.8788,0.9137,3.9235
36.8790,0.8738,3.7555
36.8792,0.8371,3.5961
36.8794,0.8425,3.621
36.8796,0.7711,3.3159
36.8798,0.7493,3.2221
36.8800,0.8121,3.4922
36.8802,0.8464,3.6363
36.8804,0.8699,3.7408
36.8806,0.8396,3.6053
36.8808,0.8469,3.6401
36.8810,0.8488,3.65
36.8812,0.8341,3.5899
36.8814,0.8011,3.4464
36.8816,0.8113,3.4902
36.8818,0.7944,3.4207
36.8820,0.781,3.3613
36.8822,0.7866,3.3824
36.8824,0.7906,3.4026
36.8826,0.7267,3.1275
36.8828,0.7113,3.0629
36.8830,0.6903,2.9753
36.8832,0.6973,2.9997
36.8834,0.8202,3.5235
36.8836,0.8805,3.7808
36.8838,0.8554,3.6835
36.8840,0.736,3.1692
36.8842,0.6426,2.7722
36.8844,0.5994,2.5883
36.8846,0.5799,2.5028
36.8848,0.5939,2.5598
36.8850,0.6549,2.8241
36.8852,0.6117,2.6411
36.8854,0.5513,2.3785
36.8856,0.5551,2.3945
36.8858,0.543,2.3423
36.8860,0.5396,2.33
36.8862,0.5377,2.3206
36.8864,0.5407,2.3325
36.8866,0.5534,2.3851
36.8868,0.6457,2.7817
36.8870,0.7166,3.0842
36.8872,0.6699,2.8888
36.8874,0.557,2.4039
36.8876,0.545,2.3533
36.8878,0.5451,2.3527
36.8880,0.5421,2.3398
36.8882,0.5378,2.3211
36.8884,0.5437,2.3476
36.8886,0.5525,2.3837
36.8888,0.5413,2.3329
36.8890,0.5772,2.4902
36.8892,0.5649,2.4369
36.8894,0.547,2.3588
36.8896,0.5594,2.412
36.8898,0.5507,2.3781
36.8900,0.5962,2.5672
36.8902,0.6783,2.925
36.8904,0.5614,2.4208
36.8906,0.5614,2.4186
36.8908,0.6007,2.5868
36.8910,0.6317,2.7213
36.8912,0.6437,2.7729
36.8914,0.6787,2.9251
36.8916,0.6806,2.9307
36.8918,0.6745,2.903
36.8920,0.6723,2.8964
36.8922,0.679,2.9213
36.8924,0.7123,3.0627
36.8926,0.7443,3.2004
36.8928,0.7464,3.2171
36.8930,0.6589,2.8412
36.8932,0.6251,2.6891
36.8934,0.736,3.1663
36.8936,0.7305,3.144
36.8938,0.7746,3.3324
36.8940,0.7196,3.0971
36.8942,0.7505,3.2242
36.8944,0.7926,3.4098
36.8946,0.7281,3.1352
36.8948,0.6563,2.8285
36.8950,0.6427,2.7701
36.8952,0.637,2.744
36.8954,0.6431,2.7704
36.8956,0.6416,2.7654
36.8958,0.6414,2.7619
36.8960,0.6738,2.8972
36.8962,0.7755,3.336
36.8964,0.7691,3.3117
36.8966,0.7515,3.2313
36.8968,0.8066,3.4621
36.8970,0.7951,3.4206
36.8972,0.7256,3.1214
36.8974,0.7409,3.1874
36.8976,0.7343,3.1547
36.8978,0.7725,3.3216
36.8980,0.7696,3.3092
36.8982,0.7275,3.1311
36.8984,0.6651,2.8667
36.8986,0.6719,2.893
36.8988,0.6198,2.6714
36.8990,0.6302,2.7151
36.8992,0.6173,2.6593
36.8994,0.563,2.4309
36.8996,0.497,2.1471
36.8998,0.5027,2.1675
36.9000,0.5295,2.2875
36.9002,0.4336,1.8731
36.9004,0.4163,1.7985
36.9006,0.4004,1.7304
36.9008,0.3991,1.7255
36.9010,0.4013,1.7346
36.9012,0.4071,1.7586
36.9014,0.4173,1.8043
36.9016,0.4151,1.7942
36.9018,0.4126,1.7825
36.9020,0.41,1.7711
36.9022,0.4185,1.8087
36.9024,0.4242,1.8319
36.9026,0.4343,1.8745
36.9028,0.4554,1.9647
36.9030,0.5254,2.2626
36.9032,0.6415,2.7637
36.9034,0.6488,2.7913
36.9036,0.6834,2.9385
36.9038,0.6729,2.895
36.9040,0.6757,2.9082
36.9042,0.6416,2.7603
36.9044,0.6973,2.9983
36.9046,0.7642,3.2845
36.9048,0.7933,3.4081
36.9050,0.8687,3.72
36.9052,1.0088,4.3217
36.9054,1.0258,4.3946
36.9056,1.0221,4.3746
36.9058,1.0018,4.2959
36.9060,0.9804,4.2058
36.9062,0.9675,4.1489
36.9064,0.9427,4.0424
36.9066,0.9276,3.9776
36.9068,0.9498,4.0709
36.9070,0.9801,4.2028
36.9072,0.9353,4.0087
36.9074,0.9475,4.0649
36.9076,0.9727,4.1729
36.9078,0.9511,4.0822
36.9080,0.8817,3.7807
36.9082,0.9184,3.9417
36.9084,0.9087,3.9
36.9086,0.8985,3.8545
36.9088,0.8846,3.8001
36.9090,0.9165,3.9335
36.9092,0.9184,3.9399
36.9094,0.9205,3.9565
36.9096,0.8602,3.6956
36.9098,0.8842,3.795
36.9100,0.8715,3.7422
36.9102,0.8352,3.5845
36.9104,0.8799,3.78
36.9106,0.8708,3.7444
36.9108,0.8427,3.6203
36.9110,0.8452,3.6329
36.9112,0.8312,3.5759
36.9114,0.8173,3.5128
36.9116,0.819,3.5216
36.9118,0.763,3.2839
36.9120,0.7247,3.1178
36.9122,0.7805,3.3546
36.9124,0.7988,3.435
36.9126,0.8118,3.4874
36.9128,0.8638,3.7093
36.9130,0.8282,3.5613
36.9132,0.8154,3.5062
36.9134,0.8286,3.5612
36.9136,0.8073,3.4684
36.9138,0.8243,3.5427
36.9140,0.8295,3.5687
36.9142,0.8108,3.4882
36.9144,0.7984,3.4313
36.9146,0.7675,3.3035
36.9148,0.725,3.1188
36.9150,0.7374,3.1769
36.9152,0.6547,2.8192
36.9154,0.6543,2.8228
36.9156,0.5877,2.5352
36.9158,0.5872,2.532
36.9160,0.5858,2.527
36.9162,0.579,2.4945
36.9164,0.5993,2.5854
36.9166,0.6069,2.618
36.9168,0.6057,2.6128
36.9170,0.5745,2.4783
36.9172,0.5782,2.4955
36.9174,0.537,2.3186
36.9176,0.4813,2.0812
36.9178,0.3937,1.7006
36.9180,0.4417,1.9083
36.9182,0.4353,1.8804
36.9184,0.4283,1.8495
36.9186,0.4317,1.8657
36.9188,0.43,1.8593
36.9190,0.433,1.8714
36.9192,0.4317,1.8648
36.9194,0.431,1.8617
36.9196,0.4317,1.8657
36.9198,0.435,1.8785
36.9200,0.4417,1.9075
36.9202,0.4444,1.9189
36.9204,0.4331,1.8719
36.9206,0.431,1.8626
36.9208,0.4311,1.8622
36.9210,0.4371,1.8873
36.9212,0.4326,1.8681
36.9214,0.4499,1.94
36.9216,0.515,2.2207
36.9218,0.5251,2.2684
36.9220,0.4715,2.034
36.9222,0.4624,1.9956
36.9224,0.464,2.0038
36.9226,0.4644,2.0053
36.9228,0.4668,2.0129
36.9230,0.5349,2.3033
36.9232,0.6085,2.6228
36.9234,0.557,2.3995
36.9236,0.5801,2.498
36.9238,0.5814,2.506
36.9240,0.5305,2.2885
36.9242,0.5248,2.2642
36.9244,0.4878,2.1053
36.9246,0.4485,1.9356
36.9248,0.4627,1.9971
36.9250,0.5209,2.2461
36.9252,0.5464,2.354
36.9254,0.5541,2.3882
36.9256,0.5555,2.3944
36.9258,0.5536,2.3839
36.9260,0.5612,2.4232
36.9262,0.4649,2.0065
36.9264,0.453,1.9552
36.9266,0.4517,1.9477
36.9268,0.4528,1.9533
36.9270,0.4567,1.9685
36.9272,0.5147,2.2161
36.9274,0.631,2.7106
36.9276,0.7178,3.0879
36.9278,0.6615,2.8459
36.9280,0.659,2.8391
36.9282,0.5914,2.5477
36.9284,0.5518,2.3784
36.9286,0.5555,2.3955
36.9288,0.5293,2.2801
36.9290,0.5913,2.5448
36.9292,0.6136,2.6408
36.9294,0.6454,2.7789
36.9296,0.6693,2.8741
36.9298,0.7541,3.2442
36.9300,0.6671,2.871
36.9302,0.6536,2.8119
36.9304,0.6966,2.991
36.9306,0.7066,3.0385
36.9308,0.7478,3.2139
36.9310,0.7648,3.2886
36.9312,0.727,3.1218
36.9314,0.7765,3.3329
36.9316,0.7761,3.3355
36.9318,0.7193,3.0946
36.9320,0.6629,2.8516
36.9322,0.6133,2.641
36.9324,0.5922,2.5513
36.9326,0.6125,2.6399
36.9328,0.5569,2.4001
36.9330,0.5395,2.3251
36.9332,0.5172,2.23
36.9334,0.5753,2.4762
36.9336,0.6161,2.6541
36.9338,0.5576,2.4054
36.9340,0.4805,2.0728
36.9342,0.4682,2.0228
36.9344,0.3985,1.7205
36.9346,0.3874,1.6729
36.9348,0.3987,1.7216
36.9350,0.4022,1.7374
36.9352,0.3933,1.6975
36.9354,0.395,1.704
36.9356,0.4091,1.765
36.9358,0.4443,1.9174
36.9360,0.4914,2.1179
36.9362,0.5318,2.2942
36.9364,0.4934,2.1267
36.9366,0.4922,2.1215
36.9368,0.6071,2.6118
36.9370,0.6548,2.8144
36.9372,0.7127,3.0591
36.9374,0.7818,3.3571
36.9376,0.7642,3.2829
36.9378,0.8023,3.4387
36.9380,0.8855,3.8042
36.9382,0.802,3.442
36.9384,0.8342,3.5771
36.9386,0.851,3.6508
36.9388,0.8902,3.8154
36.9390,0.9613,4.1163
36.9392,0.9783,4.1893
36.9394,0.9752,4.1779
36.9396,0.9924,4.2533
36.9398,1.006,4.3079
36.9400,0.9852,4.2225
36.9402,0.8672,3.7237
36.9404,0.7934,3.4086
36.9406,0.8225,3.5316
36.9408,0.8287,3.5584
36.9410,0.8172,3.509
36.9412,0.8215,3.5292
36.9414,0.8089,3.4718
36.9416,0.8075,3.4673
36.9418,0.8392,3.5987
36.9420,0.8975,3.8504
36.9422,0.8605,3.6931
36.9424,0.839,3.6044
36.9426,0.8389,3.6005
36.9428,0.8787,3.7679
36.9430,0.8774,3.7675
36.9432,0.8605,3.6914
36.9434,0.9208,3.9446
36.9436,0.9958,4.2702
36.9438,0.9655,4.1478
36.9440,0.8115,3.4832
36.9442,0.8523,3.6598
36.9444,0.7987,3.4313
36.9446,0.7895,3.39
36.9448,0.8312,3.5659
36.9450,0.8621,3.6969
36.9452,0.8737,3.7497
36.9454,0.9005,3.874
36.9456,0.7659,3.2917
36.9458,0.7552,3.2458
36.9460,0.768,3.3009
36.9462,0.8275,3.5549
36.9464,0.8004,3.4401
36.9466,0.7849,3.3752
36.9468,0.7169,3.0886
36.9470,0.6878,2.9589
36.9472,0.7227,3.109
36.9474,0.7267,3.1275
36.9476,0.749,3.2175
36.9478,0.7928,3.4076
36.9480,0.7998,3.4423
36.9482,0.7079,3.0456
36.9484,0.6794,2.9255
36.9486,0.7033,3.0255
36.9488,0.7302,3.1445
36.9490,0.6795,2.9274
36.9492,0.6725,2.8915
36.9494,0.7515,3.2313
36.9496,0.747,3.2152
36.9498,0.7002,3.0163
36.9500,0.6644,2.8597
36.9502,0.6698,2.8856
36.9504,0.6681,2.8797
36.9506,0.6456,2.7812
36.9508,0.6095,2.6245
36.9510,0.621,2.6728
36.9512,0.6653,2.8619
36.9514,0.6823,2.9352
36.9516,0.6918,2.9732
36.9518,0.7305,3.144
36.9520,0.6992,3.0135
36.9522,0.6338,2.7306
36.9524,0.641,2.759
36.9526,0.6987,3.0031
36.9528,0.7729,3.3221
36.9530,0.7432,3.1972
36.9532,0.7016,3.0182
36.9534,0.681,2.9363
36.9536,0.5712,2.4632
36.9538,0.5909,2.548
36.9540,0.5455,2.3531
36.9542,0.5615,2.4213
36.9544,0.5612,2.4198
36.9546,0.5306,2.2879
36.9548,0.5426,2.3396
36.9550,0.5416,2.3366
36.9552,0.5294,2.2849
36.9554,0.5277,2.2766
36.9556,0.5289,2.2807
36.9558,0.5311,2.289
36.9560,0.5695,2.4498
36.9562,0.6883,2.9679
36.9564,0.5734,2.4714
36.9566,0.5918,2.5505
36.9568,0.5633,2.428
36.9570,0.5293,2.2844
36.9572,0.5228,2.2554
36.9574,0.5241,2.26
36.9576,0.5244,2.2621
36.9578,0.5272,2.2745
36.9580,0.5254,2.2657
36.9582,0.5197,2.2399
36.9584,0.5238,2.2595
36.9586,0.5259,2.2688
36.9588,0.5287,2.2807
36.9590,0.5232,2.2569
36.9592,0.5208,2.2445
36.9594,0.5277,2.2745
36.9596,0.5245,2.2616
36.9598,0.534,2.3024
36.9600,0.5377,2.3185
36.9602,0.5301,2.2827
36.9604,0.6305,2.7136
36.9606,0.65,2.7977
36.9608,0.6341,2.7291
36.9610,0.6286,2.7066
36.9612,0.6248,2.6918
36.9614,0.6253,2.6914
36.9616,0.625,2.6911
36.9618,0.6239,2.6865
36.9620,0.6527,2.8065
36.9622,0.7554,3.2438
36.9624,0.7906,3.3994
36.9626,0.7902,3.3931
36.9628,0.7738,3.3226
36.9630,0.7925,3.4045
36.9632,0.7639,3.2865
36.9634,0.7101,3.0534
36.9636,0.7512,3.2273
36.9638,0.7895,3.3916
36.9640,0.7504,3.2312
36.9642,0.7228,3.1095
36.9644,0.6685,2.8759
36.9646,0.6635,2.8529
36.9648,0.6378,2.7464
36.9650,0.683,2.941
36.9652,0.636,2.7437
36.9654,0.5001,2.1586
36.9656,0.4819,2.0799
36.9658,0.4958,2.137
36.9660,0.5142,2.2151
36.9662,0.5168,2.2326
36.9664,0.4101,1.7708
36.9666,0.4319,1.8641
36.9668,0.4753,2.0534
36.9670,0.4073,1.7597
36.9672,0.3877,1.6747
36.9674,0.3872,1.6719
36.9676,0.3904,1.6866
36.9678,0.3921,1.6908
36.9680,0.4172,1.8013
36.9682,0.3727,1.61
36.9684,0.3907,1.6853
36.9686,0.4217,1.8201
36.9688,0.4139,1.7873
36.9690,0.448,1.9326
36.9692,0.4911,2.1149
36.9694,0.5187,2.2368
36.9696,0.4952,2.1344
36.9698,0.5336,2.2945
36.9700,0.6748,2.9032
36.9702,0.6377,2.7446
36.9704,0.6966,2.9924
36.9706,0.7932,3.406
36.9708,0.7597,3.2593
36.9710,0.7806,3.3504
36.9712,0.8343,3.5793
36.9714,0.8931,3.826
36.9716,0.9159,3.9272
36.9718,0.8516,3.6551
36.9720,0.8412,3.6069
36.9722,0.9301,3.9829
36.9724,0.9887,4.2354
36.9726,0.9817,4.2056
36.9728,0.9876,4.2288
36.9730,0.9803,4.1975
36.9732,0.9968,4.2703
36.9734,1.004,4.3052
36.9736,0.944,4.0443
36.9738,0.9581,4.1044
36.9740,0.968,4.149
36.9742,0.9649,4.1298
36.9744,0.9703,4.1549
36.9746,0.9873,4.2317
36.9748,0.9937,4.2609
36.9750,0.9708,4.1627
36.9752,0.9249,3.9677
36.9754,0.904,3.88
36.9756,0.8932,3.8319
36.9758,0.9126,3.9115
36.9760,0.9385,4.0225
36.9762,0.9709,4.1691
36.9764,0.8722,3.7506
36.9766,0.7228,3.1095
36.9768,0.7282,3.1298
36.9770,0.7723,3.3241
36.9772,0.7299,3.14
36.9774,0.69,2.9668
36.9776,0.7065,3.0408
36.9778,0.704,3.0271
36.9780,0.7081,3.0475
36.9782,0.6784,2.9214
36.9784,0.6997,3.0114
36.9786,0.7002,3.0106
36.9788,0.6938,2.9889
36.9790,0.6057,2.6104
36.9792,0.6208,2.6718
36.9794,0.6693,2.8808
36.9796,0.6918,2.9759
36.9798,0.7296,3.136
36.9800,0.7925,3.4061
36.9802,0.8412,3.6187
36.9804,0.6299,2.7135
36.9806,0.6419,2.7626
36.9808,0.6272,2.7034
36.9810,0.5946,2.5629
36.9812,0.5964,2.5706
36.9814,0.6546,2.816
36.9816,0.7029,3.0239
36.9818,0.6409,2.7611
36.9820,0.629,2.7087
36.9822,0.6506,2.7977
36.9824,0.7408,3.1884
36.9826,0.659,2.8391
36.9828,0.588,2.5356
36.9830,0.5946,2.5617
36.9832,0.6565,2.8282
36.9834,0.638,2.7474
36.9836,0.5751,2.4798
36.9838,0.5314,2.2926
36.9840,0.4878,2.1034
36.9842,0.548,2.3651
36.9844,0.5501,2.3711
36.9846,0.5741,2.4768
36.9848,0.5266,2.2709
36.9850,0.5229,2.2559
36.9852,0.531,2.2906
36.9854,0.537,2.311
36.9856,0.6262,2.6975
36.9858,0.5615,2.4247
36.9860,0.4666,2.0118
36.9862,0.527,2.2735
36.9864,0.4965,2.1451
36.9866,0.4356,1.8811
36.9868,0.431,1.8609
36.9870,0.429,1.8534
36.9872,0.4408,1.9016
36.9874,0.4985,2.1484
36.9876,0.5542,2.3887
36.9878,0.504,2.1752
36.9880,0.4263,1.8424
36.9882,0.4361,1.8823
36.9884,0.4499,1.9409
36.9886,0.442,1.9085
36.9888,0.4245,1.8329
36.9890,0.4182,1.8068
36.9892,0.4162,1.7955
36.9894,0.439,1.8929
36.9896,0.4762,2.0542
36.9898,0.5039,2.1736
36.9900,0.529,2.2791
36.9902,0.5491,2.3643
36.9904,0.5714,2.4626
36.9906,0.5724,2.4661
36.9908,0.5663,2.4398
36.9910,0.5642,2.4282
36.9912,0.5794,2.4961
36.9914,0.5901,2.542
36.9916,0.6067,2.6126
36.9918,0.5597,2.4136
36.9920,0.5274,2.274
36.9922,0.5438,2.3426
36.9924,0.5741,2.471
36.9926,0.6067,2.6126
36.9928,0.5943,2.5577
36.9930,0.5956,2.5622
36.9932,0.6414,2.7567
36.9934,0.7407,3.182
36.9936,0.7686,3.3051
36.9938,0.7102,3.0497
36.9940,0.5945,2.5564
36.9942,0.6236,2.6842
36.9944,0.5793,2.4967
36.9946,0.5913,2.5425
36.9948,0.698,3
36.9950,0.7199,3.0957
36.9952,0.7196,3.0913
36.9954,0.7282,3.1313
36.9956,0.6723,2.8964
36.9958,0.5608,2.4182
36.9960,0.5579,2.4058
36.9962,0.5591,2.4099
36.9964,0.5778,2.4882
36.9966,0.5708,2.4589
36.9968,0.5702,2.454
36.9970,0.5912,2.5455
36.9972,0.572,2.4629
36.9974,0.575,2.477
36.9976,0.6257,2.6942
36.9978,0.6207,2.6725
36.9980,0.5934,2.5541
36.9982,0.5951,2.5637
36.9984,0.5495,2.3696
36.9986,0.5383,2.3167
36.9988,0.5876,2.5324
36.9990,0.5302,2.2832
36.9992,0.5175,2.2305
36.9994,0.5065,2.1871
36.9996,0.4199,1.8132
36.9998,0.3915,1.6889
37.0000,0.3931,1.698
37.0002,0.3919,1.6921
37.0004,0.3926,1.6944
37.0006,0.3869,1.6693
37.0008,0.3873,1.6708
37.0010,0.3909,1.6871
37.0012,0.3963,1.712
37.0014,0.3958,1.7076
37.0016,0.4114,1.774
37.0018,0.4487,1.933
37.0020,0.5264,2.2656
37.0022,0.5811,2.501
37.0024,0.6246,2.6821
37.0026,0.6582,2.8289
37.0028,0.6732,2.8933
37.0030,0.7231,3.1033
37.0032,0.7939,3.4075
37.0034,0.813,3.4828
37.0036,0.8811,3.7764
37.0038,0.8709,3.7362
37.0040,0.8484,3.631
37.0042,0.9395,4.0267
37.0044,0.9616,4.1174
37.0046,0.9827,4.2077
37.0048,0.9606,4.1113
37.0050,0.9811,4.2011
37.0052,0.9843,4.2149
37.0054,0.9818,4.21
37.0056,0.9317,3.9858
37.0058,1.0003,4.2852
37.0060,0.951,4.0836
37.0062,0.822,3.5312
37.0064,0.8081,3.4682
37.0066,0.8261,3.5471
37.0068,0.8201,3.5213
37.0070,0.8154,3.5062
37.0072,0.7903,3.3936
37.0074,0.8503,3.6511
37.0076,0.8305,3.5678
37.0078,0.8081,3.4699
37.0080,0.8384,3.5934
37.0082,0.8974,3.8481
37.0084,0.8746,3.7574
37.0086,0.7956,3.4163
37.0088,0.7963,3.4178
37.0090,0.8396,3.6036
37.0092,0.8897,3.8187
37.0094,0.9178,3.9318
37.0096,0.9614,4.1207
37.0098,0.9276,3.9795
37.0100,0.8932,3.8354
37.0102,0.8606,3.6937
37.0104,0.8952,3.8424
37.0106,0.8928,3.8303
37.0108,0.8348,3.588
37.0110,0.7759,3.3381
37.0112,0.755,3.2448
37.0114,0.7526,3.2345
37.0116,0.7433,3.1933
37.0118,0.7727,3.3211
37.0120,0.7763,3.3381
37.0122,0.8099,3.4776
37.0124,0.8779,3.7678
37.0126,0.8665,3.7189
37.0128,0.854,3.6671
37.0130,0.8633,3.7072
37.0132,0.86,3.6945
37.0134,0.8292,3.5638
37.0136,0.7903,3.3936
37.0138,0.8166,3.5129
37.0140,0.7698,3.3118
37.0142,0.7294,3.1365
37.0144,0.6801,2.9286
37.0146,0.7245,3.1139
37.0148,0.7542,3.2447
37.0150,0.7121,3.0636
37.0152,0.7733,3.3252
37.0154,0.8147,3.5031
37.0156,0.7258,3.1239
37.0158,0.6424,2.7647
37.0160,0.6416,2.7667
37.0162,0.6155,2.6491
37.0164,0.6207,2.675
37.0166,0.5304,2.288
37.0168,0.4835,2.0876
37.0170,0.5144,2.2192
37.0172,0.5348,2.3071
37.0174,0.5264,2.2709
37.0176,0.5247,2.2658
37.0178,0.5274,2.275
37.0180,0.5319,2.2936
37.0182,0.5281,2.2771
37.0184,0.5294,2.2828
37.0186,0.6155,2.6491
37.0188,0.7058,3.0363
37.0190,0.6826,2.9422
37.0192,0.5596,2.4142
37.0194,0.5284,2.2797
37.0196,0.5276,2.2729
37.0198,0.5282,2.2765
37.0200,0.5407,2.3292
37.0202,0.5729,2.4705
37.0204,0.5324,2.2968
37.0206,0.5265,2.2693
37.0208,0.5222,2.2507
37.0210,0.5268,2.2703
37.0212,0.5259,2.2688
37.0214,0.5228,2.2554
37.0216,0.5172,2.23
37.0218,0.5495,2.3652
37.0220,0.6829,2.935
37.0222,0.7535,3.2476
37.0224,0.6007,2.588
37.0226,0.5509,2.3742
37.0228,0.5777,2.49
37.0230,0.5546,2.3902
37.0232,0.5704,2.4562
37.0234,0.613,2.6395
37.0236,0.6225,2.6815
37.0238,0.6094,2.624
37.0240,0.5696,2.456
37.0242,0.5371,2.3169
37.0244,0.5234,2.2559
37.0246,0.5378,2.3157
37.0248,0.647,2.7835
37.0250,0.6513,2.8021
37.0252,0.684,2.941
37.0254,0.7095,3.0523
37.0256,0.7023,3.0256
37.0258,0.6025,2.5994
37.0260,0.5741,2.4722
37.0262,0.6225,2.6778
37.0264,0.6625,2.8488
37.0266,0.7317,3.1463
37.0268,0.7312,3.1471
37.0270,0.7237,3.1103
37.0272,0.702,3.0198
37.0274,0.6334,2.7285
37.0276,0.6332,2.7255
37.0278,0.6741,2.8974
37.0280,0.7656,3.286
37.0282,0.766,3.2907
37.0284,0.7478,3.2139
37.0286,0.7992,3.4365
37.0288,0.6973,2.9997
37.0290,0.6577,2.8321
37.0292,0.7105,3.055
37.0294,0.7359,3.1628
37.0296,0.7505,3.2242
37.0298,0.7488,3.217
37.0300,0.7642,3.2829
37.0302,0.7629,3.2803
37.0304,0.7673,3.2994
37.0306,0.7608,3.27
37.0308,0.7274,3.1306
37.0310,0.6242,2.6905
37.0312,0.5595,2.4137
37.0314,0.5499,2.3712
37.0316,0.5515,2.3779
37.0318,0.5975,2.5729
37.0320,0.5746,2.4766
37.0322,0.5445,2.349
37.0324,0.5029,2.1685
37.0326,0.529,2.278
37.0328,0.5787,2.4918
37.0330,0.568,2.4527
37.0332,0.4379,1.8891
37.0334,0.4577,1.9763
37.0336,0.4097,1.7717
37.0338,0.3992,1.7244
37.0340,0.4133,1.7839
37.0342,0.4051,1.7498
37.0344,0.388,1.6763
37.0346,0.3901,1.6851
37.0348,0.3933,1.6975
37.0350,0.4837,2.0829
37.0352,0.5353,2.3081
37.0354,0.5313,2.291
37.0356,0.5367,2.3122
37.0358,0.6126,2.6367
37.0360,0.6288,2.7064
37.0362,0.6533,2.8077
37.0364,0.6889,2.9608
37.0366,0.7267,3.1188
37.0368,0.8044,3.4539
37.0370,0.8157,3.5028
37.0372,0.8172,3.509
37.0374,0.8313,3.5664
37.0376,0.8516,3.6551
37.0378,0.8789,3.7724
37.0380,0.842,3.6139
37.0382,0.8186,3.5119
37.0384,0.8214,3.5237
37.0386,0.8404,3.6072
37.0388,0.8538,3.6592
37.0390,0.9134,3.9183
37.0392,0.9268,3.9703
37.0394,0.9235,3.9583
37.0396,0.9559,4.0932
37.0398,0.974,4.1786
37.0400,0.9252,3.9674
37.0402,0.9214,3.9509
37.0404,0.9111,3.914
37.0406,0.8414,3.6113
37.0408,0.8287,3.5584
37.0410,0.824,3.54
37.0412,0.8192,3.5194
37.0414,0.8145,3.496
37.0416,0.8071,3.4657
37.0418,0.8241,3.5372
37.0420,0.8967,3.8468
37.0422,0.9184,3.938
37.0424,0.8956,3.8421
37.0426,0.9304,3.9913
37.0428,0.9298,3.9906
37.0430,0.889,3.8121
37.0432,0.941,4.0352
37.0434,0.9497,4.076
37.0436,0.9415,4.0429
37.0438,0.86,3.7014
37.0440,0.7314,3.1482
37.0442,0.6968,2.999
37.0444,0.704,3.0271
37.0446,0.7445,3.1999
37.0448,0.8148,3.5036
37.0450,0.848,3.6413
37.0452,0.858,3.684
37.0454,0.8032,3.4568
37.0456,0.6808,2.9304
37.0458,0.6758,2.906
37.0460,0.6987,3.0045
37.0462,0.7313,3.1462
37.0464,0.719,3.0916
37.0466,0.7462,3.2146
37.0468,0.699,3.0083
37.0470,0.6563,2.8272
37.0472,0.638,2.7461
37.0474,0.6619,2.8501
37.0476,0.6293,2.711
37.0478,0.5828,2.5117
37.0480,0.59,2.5415
37.0482,0.628,2.7078
37.0484,0.625,2.6886
37.0486,0.733,3.1534
37.0488,0.6834,2.9467
37.0490,0.5958,2.568
37.0492,0.5421,2.3398
37.0494,0.4921,2.123
37.0496,0.5483,2.3634
37.0498,0.5677,2.4466
37.0500,0.5763,2.4849
37.0502,0.5753,2.482
37.0504,0.5921,2.5508
37.0506,0.6035,2.5987
37.0508,0.6361,2.7391
37.0510,0.6693,2.8755
37.0512,0.6902,2.9748
37.0514,0.5572,2.4038
37.0516,0.5395,2.3284
37.0518,0.5806,2.5001
37.0520,0.6463,2.783
37.0522,0.5903,2.5454
37.0524,0.5524,2.3809
37.0526,0.5643,2.4332
37.0528,0.5561,2.3959
37.0530,0.5758,2.4817
37.0532,0.5817,2.5047
37.0534,0.6491,2.7988
37.0536,0.5259,2.2709
37.0538,0.479,2.0666
37.0540,0.4902,2.1147
37.0542,0.4794,2.0691
37.0544,0.4757,2.053
37.0546,0.465,2.007
37.0548,0.4588,1.9791
37.0550,0.4593,1.9812
37.0552,0.5828,2.5047
37.0554,0.7469,3.2177
37.0556,0.5874,2.5295
37.0558,0.5747,2.4759
37.0560,0.5412,2.3367
37.0562,0.4528,1.9551
37.0564,0.4476,1.931
37.0566,0.4443,1.9192
37.0568,0.4455,1.9226
37.0570,0.4486,1.9361
37.0572,0.4473,1.9304
37.0574,0.4456,1.9231
37.0576,0.4443,1.9166
37.0578,0.4464,1.9268
37.0580,0.4479,1.9321
37.0582,0.448,1.9326
37.0584,0.4469,1.9279
37.0586,0.4449,1.9209
37.0588,0.4469,1.9288
37.0590,0.4624,1.9937
37.0592,0.4784,2.063
37.0594,0.5262,2.2688
37.0596,0.5627,2.4198
37.0598,0.639,2.749
37.0600,0.6739,2.9004
37.0602,0.6589,2.8346
37.0604,0.6289,2.7069
37.0606,0.6607,2.8437
37.0608,0.6437,2.7704
37.0610,0.5886,2.5335
37.0612,0.5793,2.4921
37.0614,0.6105,2.6262
37.0616,0.6523,2.8075
37.0618,0.6617,2.8451
37.0620,0.6711,2.8886
37.0622,0.6537,2.8124
37.0624,0.7028,3.0178
37.0626,0.6937,2.9828
37.0628,0.6183,2.6634
37.0630,0.6183,2.6585
37.0632,0.6789,2.9221
37.0634,0.6758,2.9087
37.0636,0.635,2.7358
37.0638,0.528,2.2755
37.0640,0.5018,2.1639
37.0642,0.4963,2.1391
37.0644,0.5005,2.1562
37.0646,0.5595,2.4103
37.0648,0.606,2.6083
37.0650,0.5832,2.5149
37.0652,0.5368,2.3084
37.0654,0.671,2.8867
37.0656,0.5582,2.408
37.0658,0.4589,1.9806
37.0660,0.414,1.787
37.0662,0.3887,1.6771
37.0664,0.389,1.6789
37.0666,0.3903,1.6846
37.0668,0.4301,1.8564
37.0670,0.3828,1.652
37.0672,0.378,1.6312
37.0674,0.3991,1.7223
37.0676,0.3922,1.6936
37.0678,0.4066,1.7549
37.0680,0.3887,1.6771
37.0682,0.4003,1.7259
37.0684,0.4481,1.9322
37.0686,0.5178,2.2305
37.0688,0.5215,2.2466
37.0690,0.5483,2.359
37.0692,0.6396,2.7503
37.0694,0.6601,2.8371
37.0696,0.7082,3.0381
37.0698,0.7701,3.3036
37.0700,0.765,3.2835
37.0702,0.8275,3.55
37.0704,0.8729,3.7414
37.0706,0.8716,3.7393
37.0708,0.8691,3.7215
37.0710,0.9628,4.1167
37.0712,1.008,4.3141
37.0714,0.9964,4.2688
37.0716,0.9725,4.166
37.0718,0.9559,4.0932
37.0720,0.9524,4.0822
37.0722,0.9366,4.0143
37.0724,0.9226,3.945
37.0726,0.9881,4.2328
37.0728,0.9647,4.1346
37.0730,0.9865,4.2242
37.0732,1.0119,4.333
37.0734,0.9607,4.1215
37.0736,0.9132,3.9159
37.0738,0.9151,3.9205
37.0740,0.9087,3.8946
37.0742,0.9231,3.9562
37.0744,0.8955,3.8434
37.0746,0.8595,3.6873
37.0748,0.8335,3.5757
37.0750,0.8588,3.6894
37.0752,0.8108,3.4849
37.0754,0.8023,3.4435
37.0756,0.8522,3.6559
37.0758,0.8486,3.6422
37.0760,0.8617,3.7
37.0762,0.8485,3.64
37.0764,0.8697,3.7362
37.0766,0.8673,3.7225
37.0768,0.8651,3.7115
37.0770,0.8915,3.8264
37.0772,0.8685,3.7241
37.0774,0.8442,3.6282
37.0776,0.7564,3.2555
37.0778,0.744,3.1964
37.0780,0.785,3.371
37.0782,0.8359,3.5893
37.0784,0.7948,3.4159
37.0786,0.7602,3.2659
37.0788,0.7925,3.4045
37.0790,0.792,3.404
37.0792,0.7711,3.3113
37.0794,0.842,3.6172
37.0796,0.8241,3.5454
37.0798,0.7631,3.2768
37.0800,0.775,3.3308
37.0802,0.7672,3.2989
37.0804,0.7446,3.2079
37.0806,0.683,2.941
37.0808,0.7006,3.0127
37.0810,0.7296,3.1389
37.0812,0.7066,3.0413
37.0814,0.7707,3.3077
37.0816,0.818,3.5175
37.0818,0.7217,3.1107
37.0820,0.5924,2.553
37.0822,0.5638,2.43
37.0824,0.5629,2.427
37.0826,0.5816,2.5065
37.0828,0.5728,2.4699
37.0830,0.5338,2.303
37.0832,0.5078,2.1897
37.0834,0.5782,2.4921
37.0836,0.6108,2.6326
37.0838,0.5747,2.4782
37.0840,0.5505,2.3738
37.0842,0.5505,2.3749
37.0844,0.5509,2.3742
37.0846,0.6077,2.6143
37.0848,0.6864,2.9472
37.0850,0.7984,3.4313
37.0852,0.7481,3.2184
37.0854,0.6747,2.9094
37.0856,0.642,2.7644
37.0858,0.6171,2.6607
37.0860,0.5605,2.4189
37.0862,0.541,2.3318
37.0864,0.5365,2.3133
37.0866,0.5384,2.3194
37.0868,0.5372,2.3153
37.0870,0.5378,2.3211
37.0872,0.5558,2.3965
37.0874,0.5485,2.3661
37.0876,0.5415,2.335
37.0878,0.5507,2.3748
37.0880,0.5871,2.5244
37.0882,0.7655,3.2963
37.0884,0.6029,2.5973
37.0886,0.5571,2.3978
37.0888,0.612,2.6353
37.0890,0.6403,2.7572
37.0892,0.6365,2.7407
37.0894,0.6564,2.8238
37.0896,0.663,2.8521
37.0898,0.6649,2.8631
37.0900,0.6619,2.8488
37.0902,0.6854,2.9445
37.0904,0.6958,2.9949
37.0906,0.6295,2.7107
37.0908,0.6286,2.7091
37.0910,0.6409,2.7598
37.0912,0.6786,2.9178
37.0914,0.7277,3.1292
37.0916,0.7897,3.3942
37.0918,0.7852,3.3746
37.0920,0.6993,3.0056
37.0922,0.6976,3.0054
37.0924,0.6383,2.7497
37.0926,0.6563,2.8219
37.0928,0.7101,3.0534
37.0930,0.7473,3.2133
37.0932,0.7511,3.2283
37.0934,0.7505,3.2227
37.0936,0.7999,3.4412
37.0938,0.7532,3.2401
37.0940,0.7341,3.1566
37.0942,0.7139,3.0742
37.0944,0.63,2.7128
37.0946,0.6838,2.9405
37.0948,0.7523,3.2349
37.0950,0.6916,2.9768
37.0952,0.6697,2.881
37.0954,0.693,2.9811
37.0956,0.7268,3.128
37.0958,0.6569,2.8271
37.0960,0.7249,3.1198
37.0962,0.7376,3.1715
37.0964,0.7298,3.1409
37.0966,0.6442,2.7763
37.0968,0.5818,2.5076
37.0970,0.5764,2.4878
37.0972,0.5435,2.3427
37.0974,0.5418,2.3371
37.0976,0.512,2.2078
37.0978,0.4963,2.1391
37.0980,0.4736,2.0452
37.0982,0.4047,1.7475
37.0984,0.412,1.7799
37.0986,0.4031,1.7432
37.0988,0.397,1.7151
37.0990,0.391,1.6884
37.0992,0.3953,1.7087
37.0994,0.3992,1.7244
37.0996,0.4417,1.9066
37.0998,0.4037,1.7425
37.1000,0.3878,1.6737
37.1002,0.3926,1.6952
37.1004,0.3964,1.7141
37.1006,0.3929,1.6967
37.1008,0.3941,1.7027
37.1010,0.3991,1.7215
37.1012,0.4451,1.9193
37.1014,0.4919,2.12
37.1016,0.5536,2.3839
37.1018,0.6131,2.6363
37.1020,0.6106,2.6304
37.1022,0.5754,2.4756
37.1024,0.7051,3.0276
37.1026,0.8198,3.517
37.1028,0.7951,3.4142
37.1030,0.8317,3.5696
37.1032,0.8576,3.6739
37.1034,0.9369,4.0116
37.1036,0.9925,4.2538
37.1038,0.9944,4.2581
37.1040,0.984,4.2154
37.1042,0.9794,4.1978
37.1044,0.9836,4.2118
37.1046,0.9847,4.2165
37.1048,0.9562,4.1
37.1050,0.9178,3.9281
37.1052,1.0024,4.2965
37.1054,0.9628,4.1283
37.1056,0.9626,4.122
37.1058,0.961,4.1225
37.1060,0.9221,3.9577
37.1062,0.9024,3.8679
37.1064,0.9145,3.9252
37.1066,0.8875,3.8089
37.1068,0.8837,3.7894
37.1070,0.9136,3.9193
37.1072,0.8732,3.7459
37.1074,0.881,3.7811
37.1076,0.8962,3.8501
37.1078,0.8462,3.6353
37.1080,0.7689,3.3015
37.1082,0.8349,3.5869
37.1084,0.8624,3.7031
37.1086,0.8768,3.7631
37.1088,0.9134,3.9128
37.1090,0.9819,4.2164
37.1092,0.8514,3.6574
37.1094,0.81,3.4797
37.1096,0.8436,3.6172
37.1098,0.8593,3.6914
37.1100,0.8065,3.4648
37.1102,0.7856,3.3799
37.1104,0.7904,3.3973
37.1106,0.789,3.3911
37.1108,0.7667,3.2937
37.1110,0.7951,3.4174
37.1112,0.802,3.4452
37.1114,0.8438,3.625
37.1116,0.8493,3.6487
37.1118,0.8285,3.559
37.1120,0.8155,3.5099
37.1122,0.7638,3.2844
37.1124,0.7609,3.2766
37.1126,0.7234,3.1121
37.1128,0.7111,3.0618
37.1130,0.689,2.9627
37.1132,0.759,3.2638
37.1134,0.7458,3.2101
37.1136,0.6984,3.0043
37.1138,0.7069,3.0409
37.1140,0.7394,3.1763
37.1142,0.8028,3.4472
37.1144,0.763,3.2869
37.1146,0.6005,2.5966
37.1148,0.4542,1.9631
37.1150,0.4681,2.0204
37.1152,0.4585,1.9781
37.1154,0.519,2.2419
37.1156,0.4712,2.0348
37.1158,0.5016,2.1598
37.1160,0.5314,2.2958
37.1162,0.4428,1.9139
37.1164,0.4361,1.8849
37.1166,0.4331,1.8702
37.1168,0.4317,1.864
37.1170,0.4366,1.8861
37.1172,0.4361,1.8831
37.1174,0.4329,1.8691
37.1176,0.4328,1.8686
37.1178,0.431,1.86
37.1180,0.4366,1.8843
37.1182,0.4489,1.9385
37.1184,0.4371,1.8873
37.1186,0.4317,1.8648
37.1188,0.4319,1.865
37.1190,0.4866,2.0982
37.1192,0.5288,2.2791
37.1194,0.4825,2.0816
37.1196,0.448,1.9326
37.1198,0.447,1.9293
37.1200,0.4506,1.9458
37.1202,0.451,1.9482
37.1204,0.4465,1.9273
37.1206,0.4432,1.9128
37.1208,0.4458,1.9242
37.1210,0.4483,1.9341
37.1212,0.4479,1.9339
37.1214,0.4468,1.9274
37.1216,0.4774,2.0584
37.1218,0.5331,2.2956
37.1220,0.5816,2.5077
37.1222,0.4702,2.0292
37.1224,0.4485,1.9356
37.1226,0.4464,1.9268
37.1228,0.4441,1.916
37.1230,0.4499,1.94
37.1232,0.4675,2.0178
37.1234,0.467,2.0167
37.1236,0.4885,2.1055
37.1238,0.5336,2.2987
37.1240,0.56,2.4135
37.1242,0.575,2.4758
37.1244,0.5795,2.4977
37.1246,0.4843,2.0864
37.1248,0.5373,2.3126
37.1250,0.6028,2.5944
37.1252,0.5933,2.5572
37.1254,0.6184,2.6578
37.1256,0.7199,3.0972
37.1258,0.6853,2.9426
37.1260,0.7402,3.1799
37.1262,0.7773,3.3391
37.1264,0.7181,3.0894
37.1266,0.6855,2.9423
37.1268,0.752,3.2319
37.1270,0.7143,3.0744
37.1272,0.6757,2.9068
37.1274,0.7078,3.0394
37.1276,0.6895,2.9661
37.1278,0.6239,2.684
37.1280,0.6425,2.7665
37.1282,0.6203,2.666
37.1284,0.6559,2.8217
37.1286,0.6091,2.623
37.1288,0.6438,2.7683
37.1290,0.7047,3.0317
37.1292,0.6204,2.6702
37.1294,0.5904,2.5424
37.1296,0.5852,2.5185
37.1298,0.6064,2.6074
37.1300,0.6801,2.9286
37.1302,0.6081,2.6207
37.1304,0.516,2.2249
37.1306,0.5439,2.3399
37.1308,0.6265,2.6991
37.1310,0.5843,2.5137
37.1312,0.6491,2.7949
37.1314,0.5445,2.349
37.1316,0.4802,2.0717
37.1318,0.4921,2.123
37.1320,0.5392,2.323
37.1322,0.584,2.5169
37.1324,0.5271,2.274
37.1326,0.4873,2.1023
37.1328,0.5083,2.1908
37.1330,0.4994,2.1515
37.1332,0.5182,2.2357
37.1334,0.5052,2.1733
37.1336,0.6009,2.5897
37.1338,0.5042,2.1762
37.1340,0.4215,1.82
37.1342,0.419,1.8066
37.1344,0.463,1.9963
37.1346,0.4971,2.1407
37.1348,0.545,2.3489
37.1350,0.5313,2.29
37.1352,0.5259,2.2625
37.1354,0.6356,2.732
37.1356,0.7618,3.2711
37.1358,0.8315,3.5669
37.1360,0.8168,3.5025
37.1362,0.8464,3.6312
37.1364,0.8792,3.7664
37.1366,0.8653,3.7172
37.1368,0.816,3.4973
37.1370,0.9533,4.08
37.1372,0.9763,4.1825
37.1374,0.9709,4.1594
37.1376,0.9641,4.1262
37.1378,0.9703,4.1568
37.1380,0.9673,4.142
37.1382,0.8993,3.8635
37.1384,0.7836,3.3648
37.1386,0.84,3.6085
37.1388,0.8028,3.4472
37.1390,0.808,3.4693
37.1392,0.8244,3.5399
37.1394,0.8287,3.5568
37.1396,0.8153,3.5007
37.1398,0.7969,3.4236
37.1400,0.7974,3.424
37.1402,0.8213,3.5265
37.1404,0.8219,3.5307
37.1406,0.825,3.5408
37.1408,0.8354,3.5839
37.1410,0.8512,3.6501
37.1412,0.8797,3.779
37.1414,0.7943,3.409
37.1416,0.863,3.7022
37.1418,0.8916,3.8234
37.1420,0.9564,4.1029
37.1422,0.8702,3.7331
37.1424,0.845,3.6284
37.1426,0.789,3.3927
37.1428,0.7618,3.2757
37.1430,0.7696,3.3061
37.1432,0.8038,3.4529
37.1434,0.8052,3.4591
37.1436,0.8221,3.5301
37.1438,0.8403,3.605
37.1440,0.8633,3.7107
37.1442,0.8139,3.4951
37.1444,0.8604,3.6926
37.1446,0.7975,3.4309
37.1448,0.7047,3.0317
37.1450,0.76,3.2664
37.1452,0.765,3.2881
37.1454,0.7651,3.2901
37.1456,0.7344,3.1581
37.1458,0.7184,3.0919
37.1460,0.7015,3.0191
37.1462,0.6764,2.914
37.1464,0.676,2.9084
37.1466,0.6928,2.9806
37.1468,0.6988,3.005
37.1470,0.7678,3.2999
37.1472,0.7906,3.3994
37.1474,0.7432,3.1958
37.1476,0.6945,2.992
37.1478,0.6499,2.8037
37.1480,0.594,2.5591
37.1482,0.622,2.677
37.1484,0.6552,2.8212
37.1486,0.6403,2.7598
37.1488,0.6082,2.6188
37.1490,0.6184,2.6627
37.1492,0.6239,2.6852
37.1494,0.6545,2.8181
37.1496,0.6807,2.9285
37.1498,0.6974,3.003
37.1500,0.6156,2.6521
37.1502,0.6075,2.6157
37.1504,0.6159,2.6506
37.1506,0.6284,2.7036
37.1508,0.7054,3.0376
37.1510,0.6759,2.9079
37.1512,0.6876,2.9606
37.1514,0.6462,2.7825
37.1516,0.6581,2.831
37.1518,0.6829,2.9432
37.1520,0.612,2.639
37.1522,0.5486,2.3655
37.1524,0.5328,2.2973
37.1526,0.5319,2.2947
37.1528,0.5337,2.3035
37.1530,0.5477,2.3619
37.1532,0.54,2.3272
37.1534,0.5313,2.2889
37.1536,0.5364,2.3128
37.1538,0.5561,2.3947
37.1540,0.6384,2.7438
37.1542,0.7257,3.1263
37.1544,0.6161,2.6566
37.1546,0.5469,2.3572
37.1548,0.5445,2.3479
37.1550,0.5432,2.3422
37.1552,0.542,2.3371
37.1554,0.5299,2.2848
37.1556,0.5415,2.3317
37.1558,0.6034,2.6006
37.1560,0.5432,2.3411
37.1562,0.5337,2.3025
37.1564,0.5413,2.334
37.1566,0.5608,2.4171
37.1568,0.5359,2.3107
37.1570,0.5332,2.2983
37.1572,0.5314,2.2916
37.1574,0.5728,2.4642
37.1576,0.5889,2.5392
37.1578,0.5854,2.5207
37.1580,0.6262,2.6938
37.1582,0.626,2.6958
37.1584,0.6319,2.7211
37.1586,0.6264,2.6948
37.1588,0.6743,2.8979
37.1590,0.722,3.1002
37.1592,0.7523,3.2364
37.1594,0.7533,3.233
37.1596,0.8267,3.548
37.1598,0.8576,3.6825
37.1600,0.788,3.3917
37.1602,0.6891,2.9646
37.1604,0.6593,2.8361
37.1606,0.6504,2.7967
37.1608,0.7298,3.1365
37.1610,0.7426,3.1976
37.1612,0.6637,2.8566
37.1614,0.6608,2.8442
37.1616,0.6445,2.7753
37.1618,0.644,2.7706
37.1620,0.6409,2.7547
37.1622,0.6792,2.9245
37.1624,0.6567,2.8306
37.1626,0.6433,2.7688
37.1628,0.6561,2.8214
37.1630,0.6746,2.9062
37.1632,0.6582,2.8355
37.1634,0.6216,2.6742
37.1636,0.5896,2.5388
37.1638,0.5298,2.2854
37.1640,0.5178,2.2285
37.1642,0.6018,2.5987
37.1644,0.445,1.9214
37.1646,0.4091,1.7666
37.1648,0.4377,1.8881
37.1650,0.5001,2.1566
37.1652,0.5143,2.2166
37.1654,0.5269,2.2698
37.1656,0.518,2.2347
37.1658,0.5089,2.1954
37.1660,0.4545,1.9633
37.1662,0.3937,1.6998
37.1664,0.3856,1.6644
37.1666,0.4482,1.9336
37.1668,0.497,2.1462
37.1670,0.4148,1.7901
37.1672,0.4142,1.7884
37.1674,0.4119,1.7761
37.1676,0.4672,2.0126
37.1678,0.5057,2.1794
37.1680,0.5642,2.4316
37.1682,0.5599,2.4107
37.1684,0.6543,2.8085
37.1686,0.7286,3.1329
37.1688,0.7364,3.1619
37.1690,0.81,3.4732
37.1692,0.8665,3.7154
37.1694,0.8769,3.7601
37.1696,0.8901,3.8131
37.1698,0.972,4.162
37.1700,1.0088,4.3177
37.1702,1.0087,4.3192
37.1704,0.9799,4.1959
37.1706,0.9661,4.1408
37.1708,0.98,4.2004
37.1710,0.9487,4.07
37.1712,0.907,3.8874
37.1714,0.9707,4.1603
37.1716,0.9833,4.2083
37.1718,0.9864,4.2276
37.1720,0.9727,4.1651
37.1722,0.9982,4.2785
37.1724,0.96,4.1184
37.1726,0.8933,3.8359
37.1728,0.8863,3.8038
37.1730,0.9114,3.9119
37.1732,0.9208,3.9465
37.1734,0.9151,3.9278
37.1736,0.8438,3.6216
37.1738,0.8686,3.7299
37.1740,0.8461,3.6331
37.1742,0.8346,3.5836
37.1744,0.8777,3.769
37.1746,0.8924,3.8283
37.1748,0.9163,3.9293
37.1750,0.9226,3.9616
37.1752,0.8057,3.4628
37.1754,0.7332,3.1559
37.1756,0.7144,3.0777
37.1758,0.6864,2.9555
37.1760,0.7338,3.1585
37.1762,0.7125,3.0623
37.1764,0.725,3.1203
37.1766,0.725,3.1174
37.1768,0.7582,3.2602
37.1770,0.7749,3.3288
37.1772,0.8256,3.55
37.1774,0.8099,3.4808
37.1776,0.8535,3.6633
37.1778,0.8348,3.588
37.1780,0.7832,3.3695
37.1782,0.7755,3.3376
37.1784,0.6928,2.982
37.1786,0.6064,2.6123
37.1788,0.6141,2.6454
37.1790,0.6825,2.9362
37.1792,0.7308,3.1456
37.1794,0.6398,2.759
37.1796,0.5973,2.5742
37.1798,0.6083,2.6218
37.1800,0.619,2.6678
37.1802,0.6129,2.639
37.1804,0.5944,2.5618
37.1806,0.5868,2.5316
37.1808,0.55,2.3728
37.1810,0.4904,2.1157
37.1812,0.4828,2.0826
37.1814,0.472,2.0379
37.1816,0.4822,2.0819
37.1818,0.4883,2.1074
37.1820,0.4926,2.126
37.1822,0.5366,2.3138
37.1824,0.562,2.4245
37.1826,0.4692,2.027
37.1828,0.4188,1.8102
37.1830,0.4292,1.8522
37.1832,0.4581,1.9742
37.1834,0.5292,2.2775
37.1836,0.6643,2.8645
37.1838,0.5782,2.4944
37.1840,0.55,2.3695
37.1842,0.5091,2.1974
37.1844,0.459,1.9829
37.1846,0.4637,2.0013
37.1848,0.4666,2.0118
37.1850,0.5139,2.214
37.1852,0.5688,2.454
37.1854,0.5517,2.3789
37.1856,0.5655,2.4361
37.1858,0.5692,2.451
37.1860,0.6414,2.758
37.1862,0.7121,3.0679
37.1864,0.5552,2.3951
37.1866,0.4567,1.9694
37.1868,0.4551,1.9631
37.1870,0.4709,2.0295
37.1872,0.51,2.2031
37.1874,0.4543,1.9618
37.1876,0.4589,1.9806
37.1878,0.4714,2.0325
37.1880,0.4974,2.1437
37.1882,0.532,2.291
37.1884,0.5553,2.3911
37.1886,0.5726,2.4678
37.1888,0.5746,2.4766
37.1890,0.5886,2.5358
37.1892,0.5946,2.5605
37.1894,0.6242,2.6855
37.1896,0.6247,2.6938
37.1898,0.542,2.3349
37.1900,0.5271,2.2698
37.1902,0.5314,2.2894
37.1904,0.5895,2.5406
37.1906,0.578,2.4887
37.1908,0.6085,2.6179
37.1910,0.6225,2.6815
37.1912,0.5609,2.4176
37.1914,0.5523,2.3804
37.1916,0.5551,2.3923
37.1918,0.5577,2.4003
37.1920,0.6025,2.5909
37.1922,0.6413,2.7588
37.1924,0.7312,3.1398
37.1926,0.8211,3.5243
37.1928,0.7946,3.409
37.1930,0.8016,3.4437
37.1932,0.8532,3.6652
37.1934,0.7908,3.4052
37.1936,0.6949,2.9907
37.1938,0.6376,2.7453
37.1940,0.6003,2.5872
37.1942,0.6159,2.6531
37.1944,0.5988,2.5798
37.1946,0.5872,2.5261
37.1948,0.6021,2.5949
37.1950,0.5814,2.5025
37.1952,0.6187,2.6606
37.1954,0.6406,2.7595
37.1956,0.6129,2.639
37.1958,0.6138,2.6419
37.1960,0.583,2.5127
37.1962,0.5861,2.5238
37.1964,0.622,2.6807
37.1966,0.5372,2.3164
37.1968,0.4426,1.912
37.1970,0.4037,1.7441
37.1972,0.4408,1.9016
37.1974,0.4216,1.8213
37.1976,0.3962,1.7115
37.1978,0.4053,1.7501
37.1980,0.3908,1.6874
37.1982,0.3847,1.661
37.1984,0.3861,1.6672
37.1986,0.3914,1.69
37.1988,0.3907,1.6869
37.1990,0.3896,1.6822
37.1992,0.3898,1.6833
37.1994,0.3861,1.6672
37.1996,0.391,1.6884
37.1998,0.3911,1.6882
37.2000,0.3889,1.6776
37.2002,0.3883,1.675
37.2004,0.3935,1.6977
37.2006,0.4101,1.7699
37.2008,0.4389,1.8942
37.2010,0.506,2.1799
37.2012,0.5882,2.5314
37.2014,0.6166,2.6476
37.2016,0.6914,2.973
37.2018,0.7084,3.0406
37.2020,0.7655,3.284
37.2022,0.783,3.3622
37.2024,0.8002,3.4343
37.2026,0.856,3.669
37.2028,0.8918,3.8203
37.2030,0.8848,3.7958
37.2032,0.8908,3.8144
37.2034,0.9576,4.1023
37.2036,0.9719,4.1596
37.2038,0.9755,4.175
37.2040,0.9873,4.2297
37.2042,0.9915,4.2477
37.2044,1.0044,4.3007
37.2046,0.966,4.1364
37.2048,0.9936,4.2565
37.2050,0.9089,3.8956
37.2052,0.8916,3.8234
37.2054,0.9005,3.8632
37.2056,0.8875,3.8072
37.2058,0.9027,3.8743
37.2060,0.8987,3.8573
37.2062,0.8027,3.4419
37.2064,0.9026,3.872
37.2066,0.8653,3.7155
37.2068,0.8488,3.6398
37.2070,0.9157,3.9322
37.2072,0.8702,3.7331
37.2074,0.9042,3.8774
37.2076,0.8969,3.8514
37.2078,0.8407,3.6082
37.2080,0.8735,3.7492
37.2082,0.8767,3.7556
37.2084,0.9184,3.9344
37.2086,0.9281,3.9778
37.2088,0.9195,3.9482
37.2090,0.914,3.919
37.2092,0.8936,3.8298
37.2094,0.9063,3.8861
37.2096,0.9243,3.9688
37.2098,0.9225,3.9592
37.2100,0.8356,3.5916
37.2102,0.7594,3.2669
37.2104,0.7601,3.2669
37.2106,0.8133,3.4909
37.2108,0.8892,3.8167
37.2110,0.8415,3.6101
37.2112,0.8457,3.6332
37.2114,0.8277,3.5576
37.2116,0.7638,3.2844
37.2118,0.7703,3.3107
37.2120,0.7889,3.389
37.2122,0.7764,3.337
37.2124,0.7773,3.3406
37.2126,0.7949,3.4164
37.2128,0.7979,3.4309
37.2130,0.7842,3.3721
37.2132,0.7313,3.1447
37.2134,0.7258,3.1239
37.2136,0.6751,2.9083
37.2138,0.6632,2.8545
37.2140,0.6172,2.66
37.2142,0.5564,2.4002
37.2144,0.5771,2.4886
37.2146,0.5806,2.5024
37.2148,0.6275,2.7032
37.2150,0.6061,2.6125
37.2152,0.5738,2.4764
37.2154,0.5067,2.185
37.2156,0.4986,2.1499
37.2158,0.5013,2.1608
37.2160,0.5485,2.3672
37.2162,0.5336,2.2998
37.2164,0.5894,2.5401
37.2166,0.5391,2.3257
37.2168,0.535,2.306
37.2170,0.6386,2.7449
37.2172,0.7078,3.0479
37.2174,0.6087,2.6245
37.2176,0.5465,2.3556
37.2178,0.5299,2.2838
37.2180,0.5698,2.457
37.2182,0.5353,2.3103
37.2184,0.5325,2.2952
37.2186,0.5304,2.2858
37.2188,0.5293,2.2812
37.2190,0.5262,2.2678
37.2192,0.5278,2.2761
37.2194,0.5334,2.3009
37.2196,0.5308,2.29
37.2198,0.5282,2.2776
37.2200,0.5244,2.26
37.2202,0.5334,2.2966
37.2204,0.7002,3.0092
37.2206,0.7846,3.3752
37.2208,0.6795,2.922
37.2210,0.6379,2.752
37.2212,0.5367,2.3143
37.2214,0.5341,2.3008
37.2216,0.5669,2.4457
37.2218,0.5286,2.2802
37.2220,0.5259,2.2667
37.2222,0.5272,2.2724
37.2224,0.5341,2.3008
37.2226,0.5385,2.3199
37.2228,0.5294,2.2838
37.2230,0.5216,2.2492
37.2232,0.5217,2.2507
37.2234,0.529,2.2812
37.2236,0.5727,2.4637
37.2238,0.7131,3.0635
37.2240,0.7579,3.2592
37.2242,0.736,3.1648
37.2244,0.7125,3.0652
37.2246,0.6969,2.9995
37.2248,0.6703,2.8836
37.2250,0.6608,2.8415
37.2252,0.7547,3.2437
37.2254,0.8482,3.6406
37.2256,0.837,3.5939
37.2258,0.8373,3.5888
37.2260,0.8863,3.8091
37.2262,0.7867,3.3845
37.2264,0.7199,3.0957
37.2266,0.6575,2.8324
37.2268,0.6187,2.6606
37.2270,0.7713,3.3133
37.2272,0.7936,3.4091
37.2274,0.7087,3.0444
37.2276,0.7083,3.05
37.2278,0.6705,2.8873
37.2280,0.643,2.7711
37.2282,0.7228,3.1081
37.2284,0.7057,3.033
37.2286,0.7413,3.1845
37.2288,0.7271,3.1296
37.2290,0.6859,2.9479
37.2292,0.7077,3.0446
37.2294,0.7005,3.0136
37.2296,0.7744,3.3298
37.2298,0.709,3.0559
37.2300,0.6181,2.6604
37.2302,0.6722,2.8919
37.2304,0.6549,2.8202
37.2306,0.5841,2.515
37.2308,0.5974,2.5736
37.2310,0.6112,2.6366
37.2312,0.5635,2.4274
37.2314,0.5782,2.4909
37.2316,0.556,2.3987
37.2318,0.4873,2.1052
37.2320,0.4094,1.7668
37.2322,0.4144,1.7886
37.2324,0.4157,1.7959
37.2326,0.406,1.7532
37.2328,0.4059,1.7543
37.2330,0.4019,1.7364
37.2332,0.4073,1.758
37.2334,0.4527,1.9501
37.2336,0.534,2.3014
37.2338,0.5215,2.2497
37.2340,0.5106,2.1985
37.2342,0.5999,2.5832
37.2344,0.5921,2.5485
37.2346,0.6764,2.9086
37.2348,0.7162,3.0783
37.2350,0.7159,3.0782
37.2352,0.755,3.2433
37.2354,0.7788,3.3411
37.2356,0.8328,3.5676
37.2358,0.9269,3.9745
37.2360,0.8764,3.7616
37.2362,0.8601,3.6899
37.2364,0.8966,3.8463
37.2366,0.8909,3.8167
37.2368,0.9458,4.052
37.2370,0.9607,4.1176
37.2372,0.9575,4.0999
37.2374,0.9713,4.159
37.2376,0.9896,4.2415
37.2378,0.9823,4.2121
37.2380,0.9576,4.1062
37.2382,0.9023,3.8746
37.2384,0.8788,3.7736
37.2386,0.8757,3.7567
37.2388,0.8638,3.7058
37.2390,0.9221,3.9558
37.2392,0.9119,3.9103
37.2394,0.8984,3.854
37.2396,0.8755,3.7592
37.2398,0.8747,3.7544
37.2400,0.8781,3.767
37.2402,0.8723,3.7458
37.2404,0.8897,3.8187
37.2406,0.8751,3.7629
37.2408,0.7906,3.3963
37.2410,0.7996,3.4381
37.2412,0.8209,3.5266
37.2414,0.8249,3.5419
37.2416,0.8433,3.6263
37.2418,0.7129,3.0667
37.2420,0.7036,3.0242
37.2422,0.7641,3.2839
37.2424,0.696,2.9982
37.2426,0.6733,2.8992
37.2428,0.6871,2.9559
37.2430,0.714,3.0686
37.2432,0.7658,3.2912
37.2434,0.8011,3.4401
37.2436,0.8328,3.5826
37.2438,0.7227,3.1105
37.2440,0.6981,3.0061
37.2442,0.7378,3.1726
37.2444,0.7847,3.3711
37.2446,0.7689,3.3046
37.2448,0.7736,3.3247
37.2450,0.7779,3.3417
37.2452,0.7837,3.3701
37.2454,0.7716,3.3242
37.2456,0.6695,2.8841
37.2458,0.6292,2.7105
37.2460,0.6125,2.6399
37.2462,0.5774,2.4885
37.2464,0.6006,2.5839
37.2466,0.6689,2.8815
37.2468,0.6021,2.595
37.2470,0.6075,2.6158
37.2472,0.6419,2.7665
37.2474,0.5527,2.3853
37.2476,0.5331,2.2978
37.2478,0.5859,2.5252
37.2480,0.5732,2.4704
37.2482,0.5698,2.4559
37.2484,0.5919,2.5522
37.2486,0.6115,2.6358
37.2488,0.6018,2.5951
37.2490,0.5302,2.2875
37.2492,0.5313,2.2922
37.2494,0.5476,2.3625
37.2496,0.5643,2.4288
37.2498,0.6785,2.9174
37.2500,0.6673,2.8774
37.2502,0.58,2.501
37.2504,0.5569,2.4001
37.2506,0.6506,2.803
37.2508,0.5673,2.4496
37.2510,0.4595,1.9841
37.2512,0.4474,1.9318
37.2514,0.4479,1.9321
37.2516,0.4482,1.9346
37.2518,0.4601,1.9858
37.2520,0.459,1.9821
37.2522,0.4473,1.9304
37.2524,0.4452,1.9216
37.2526,0.4448,1.9195
37.2528,0.4529,1.9556
37.2530,0.4468,1.9283
37.2532,0.4422,1.9078
37.2534,0.443,1.9109
37.2536,0.4436,1.9144
37.2538,0.4475,1.9323
37.2540,0.4494,1.9406
37.2542,0.4438,1.9145
37.2544,0.4494,1.9379
37.2546,0.5008,2.1582
37.2548,0.5308,2.289
37.2550,0.4678,2.0171
37.2552,0.4609,1.9885
37.2554,0.4599,1.9857
37.2556,0.4596,1.9837
37.2558,0.4611,1.9909
37.2560,0.4594,1.9818
37.2562,0.4701,2.0259
37.2564,0.5431,2.3385
37.2566,0.5771,2.4863
37.2568,0.5732,2.4658
37.2570,0.5791,2.4946
37.2572,0.5895,2.5395
37.2574,0.5937,2.5588
37.2576,0.5565,2.3963
37.2578,0.5665,2.4381
37.2580,0.6171,2.6571
37.2582,0.6499,2.7947
37.2584,0.7022,3.0153
37.2586,0.7062,3.0365
37.2588,0.7234,3.1035
37.2590,0.786,3.3846
37.2592,0.6155,2.6528
37.2594,0.5834,2.5108
37.2596,0.6084,2.6163
37.2598,0.678,2.9167
37.2600,0.6101,2.6271
37.2602,0.5701,2.4547
37.2604,0.5799,2.4993
37.2606,0.5924,2.5519
37.2608,0.5741,2.4722
37.2610,0.5657,2.435
37.2612,0.5669,2.4435
37.2614,0.5689,2.4507
37.2616,0.5649,2.4325
37.2618,0.5744,2.4721
37.2620,0.5228,2.2554
37.2622,0.4758,2.0545
37.2624,0.4716,2.0355
37.2626,0.4424,1.9074
37.2628,0.4541,1.9581
37.2630,0.5378,2.3179
37.2632,0.5223,2.2502
37.2634,0.5366,2.3106
37.2636,0.6005,2.5822
37.2638,0.5777,2.4923
37.2640,0.4242,1.8319
37.2642,0.3931,1.6981
37.2644,0.3918,1.6908
37.2646,0.4013,1.7306
37.2648,0.48,2.0679
37.2650,0.5109,2.2022
37.2652,0.5342,2.2992
37.2654,0.5606,2.4116
37.2656,0.5135,2.2151
37.2658,0.424,1.83
37.2660,0.421,1.8179
37.2662,0.4126,1.78
37.2664,0.4139,1.7841
37.2666,0.4542,1.9577
37.2668,0.4909,2.1149
37.2670,0.5974,2.5664
37.2672,0.7366,3.166
37.2674,0.6767,2.9083
37.2676,0.6996,3.0039
37.2678,0.7469,3.2088
37.2680,0.7718,3.3124
37.2682,0.8237,3.5303
37.2684,0.8483,3.6373
37.2686,0.8475,3.6342
37.2688,0.8692,3.7238
37.2690,0.8672,3.7151
37.2692,0.965,4.1304
37.2694,0.9984,4.2731
37.2696,0.973,4.1682
37.2698,0.9776,4.1882
37.2700,0.9793,4.1934
37.2702,1.016,4.3506
37.2704,0.9738,4.1737
37.2706,0.8966,3.8392
37.2708,0.9851,4.222
37.2710,0.9853,4.2191
37.2712,0.9767,4.1802
37.2714,1.0085,4.3223
37.2716,0.9811,4.2031
37.2718,0.9961,4.2633
37.2720,0.9334,4.0061
37.2722,0.8436,3.6206
37.2724,0.8774,3.7588
37.2726,1.0041,4.2957
37.2728,1.0973,4.6943
37.2730,1.0618,4.551
37.2732,0.9718,4.1572
37.2734,1.04,4.4574
37.2736,0.9034,3.8775
37.2738,0.8776,3.7668
37.2740,0.8703,3.7354
37.2742,0.8556,3.6755
37.2744,0.8134,3.4926
37.2746,0.8487,3.6428
37.2748,0.8596,3.6879
37.2750,0.9043,3.8847
37.2752,0.8541,3.6642
37.2754,0.913,3.9132
37.2756,1.0184,4.3629
37.2758,0.9923,4.2588
37.2760,0.8754,3.7605
37.2762,0.8352,3.588
37.2764,0.8183,3.5153
37.2766,0.7953,3.4196
37.2768,0.806,3.4628
37.2770,0.8472,3.6344
37.2772,0.9114,3.9101
37.2774,0.9119,3.9158
37.2776,0.8804,3.7839
37.2778,0.8421,3.6161
37.2780,0.8513,3.657
37.2782,0.8206,3.5251
37.2784,0.8424,3.6205
37.2786,0.8099,3.4825
37.2788,0.7558,3.2484
37.2790,0.7478,3.2154
37.2792,0.7526,3.2375
37.2794,0.6795,2.9261
37.2796,0.6554,2.821
37.2798,0.6945,2.9934
37.2800,0.6523,2.8089
37.2802,0.6506,2.8017
37.2804,0.6569,2.8311
37.2806,0.6647,2.8621
37.2808,0.71,3.0516
37.2810,0.6834,2.944
37.2812,0.5786,2.496
37.2814,0.5514,2.3785
37.2816,0.6279,2.7023
37.2818,0.7208,3.1008
37.2820,0.6863,2.955
37.2822,0.6888,2.9631
37.2824,0.6825,2.9363
37.2826,0.6339,2.7332
37.2828,0.6077,2.618
37.2830,0.6746,2.9009
37.2832,0.7736,3.3278
37.2834,0.7454,3.2081
37.2836,0.773,3.3237
37.2838,0.7803,3.3583
37.2840,0.6756,2.9091
37.2842,0.6316,2.7221
37.2844,0.5914,2.5478
37.2846,0.6047,2.6063
37.2848,0.652,2.8073
37.2850,0.7012,3.0182
37.2852,0.7288,3.1354
37.2854,0.7415,3.193
37.2856,0.6761,2.9125
37.2858,0.6294,2.709
37.2860,0.6179,2.6619
37.2862,0.6063,2.6082
37.2864,0.7524,3.2385
37.2866,0.7192,3.0984
37.2868,0.6785,2.9215
37.2870,0.712,3.0603
37.2872,0.7541,3.2442
37.2874,0.7777,3.3412
37.2876,0.7854,3.371
37.2878,0.8237,3.5402
37.2880,0.8112,3.4882
37.2882,0.8044,3.4604
37.2884,0.7524,3.2355
37.2886,0.703,3.0301
37.2888,0.6333,2.7293
37.2890,0.6247,2.6901
37.2892,0.624,2.6883
37.2894,0.6361,2.7405
37.2896,0.6522,2.8032
37.2898,0.7927,3.4104
37.2900,0.763,3.287
37.2902,0.7112,3.0624
37.2904,0.698,3.0042
37.2906,0.6864,2.9542
37.2908,0.6827,2.9395
37.2910,0.6644,2.861
37.2912,0.6566,2.8288
37.2914,0.7005,3.0123
37.2916,0.7592,3.2614
37.2918,0.8039,3.4535
37.2920,0.8077,3.47
37.2922,0.7742,3.3273
37.2924,0.7999,3.4349
37.2926,0.8174,3.5101
37.2928,0.7858,3.3804
37.2930,0.754,3.2437
37.2932,0.7506,3.2293
37.2934,0.6994,3.016
37.2936,0.6496,2.797
37.2938,0.6863,2.9509
37.2940,0.707,3.0415
37.2942,0.6824,2.9399
37.2944,0.6704,2.8842
37.2946,0.709,3.0517
37.2948,0.6831,2.943
37.2950,0.6951,2.9988
37.2952,0.5524,2.3843
37.2954,0.4942,2.1328
37.2956,0.5377,2.3228
37.2958,0.4394,1.898
37.2960,0.4139,1.789
37.2962,0.4151,1.7909
37.2964,0.5499,2.3734
37.2966,0.4691,2.0246
37.2968,0.4241,1.8331
37.2970,0.4045,1.7489
37.2972,0.3925,1.6963
37.2974,0.3927,1.6965
37.2976,0.3957,1.7095
37.2978,0.4181,1.8021
37.2980,0.4894,2.114
37.2982,0.4174,1.8016
37.2984,0.4401,1.9011
37.2986,0.3982,1.7211
37.2988,0.3971,1.7173
37.2990,0.3971,1.7157
37.2992,0.3946,1.7048
37.2994,0.3916,1.6926
37.2996,0.4131,1.7821
37.2998,0.4745,2.0479
37.3000,0.4478,1.9325
37.3002,0.5111,2.2017
37.3004,0.608,2.6166
37.3006,0.6626,2.848
37.3008,0.7176,3.0869
37.3010,0.6662,2.8648
37.3012,0.7183,3.0871
37.3014,0.7148,3.0722
37.3016,0.7255,3.1166
37.3018,0.7926,3.4019
37.3020,0.8402,3.6029
37.3022,0.9366,4.0125
37.3024,0.9853,4.2211
37.3026,0.9808,4.1976
37.3028,1.0153,4.3475
37.3030,0.9641,4.1321
37.3032,0.9625,4.1235
37.3034,0.9985,4.2796
37.3036,0.9792,4.1949
37.3038,0.9845,4.2195
37.3040,0.9742,4.1753
37.3042,0.9922,4.2543
37.3044,0.9158,3.9286
37.3046,0.8785,3.7686
37.3048,0.9296,3.9841
37.3050,0.9551,4.0993
37.3052,0.9141,3.9251
37.3054,0.8914,3.8242
37.3056,0.8927,3.8317
37.3058,0.8485,3.64
37.3060,0.8318,3.5735
37.3062,0.8224,3.5312
37.3064,0.8568,3.6773
37.3066,0.8521,3.6657
37.3068,0.7905,3.3942
37.3070,0.8989,3.8579
37.3072,0.8894,3.8172
37.3074,0.8094,3.4804
37.3076,0.8144,3.4988
37.3078,0.8455,3.6272
37.3080,0.9178,3.9374
37.3082,0.9461,4.0588
37.3084,0.9431,4.0478
37.3086,0.8896,3.82
37.3088,0.882,3.7959
37.3090,0.7208,3.1037
37.3092,0.6973,3.0025
37.3094,0.7135,3.0694
37.3096,0.78,3.3541
37.3098,0.8401,3.6091
37.3100,0.8507,3.6527
37.3102,0.8553,3.6762
37.3104,0.8317,3.5763
37.3106,0.7841,3.3685
37.3108,0.8273,3.5523
37.3110,0.8508,3.66
37.3112,0.7949,3.4196
37.3114,0.8379,3.5998
37.3116,0.7985,3.4335
37.3118,0.777,3.3459
37.3120,0.7111,3.0605
37.3122,0.7017,3.0202
37.3124,0.6833,2.9448
37.3126,0.6201,2.6725
37.3128,0.5913,2.5496
37.3130,0.5752,2.4815
37.3132,0.5451,2.3538
37.3134,0.4912,2.1208
37.3136,0.4888,2.1085
37.3138,0.5016,2.1639
37.3140,0.4858,2.0995
37.3142,0.4096,1.7704
37.3144,0.3995,1.7276
37.3146,0.4013,1.7338
37.3148,0.4534,1.9595
37.3150,0.4497,1.9417
37.3152,0.4473,1.9313
37.3154,0.4484,1.936
37.3156,0.4597,1.9861
37.3158,0.4611,1.989
37.3160,0.4602,1.9872
37.3162,0.4579,1.9774
37.3164,0.4605,1.9883
37.3166,0.4612,1.9895
37.3168,0.4726,2.0406
37.3170,0.4891,2.1101
37.3172,0.5295,2.2833
37.3174,0.4846,2.0923
37.3176,0.446,1.9265
37.3178,0.4487,1.9366
37.3180,0.4533,1.9545
37.3182,0.515,2.2197
37.3184,0.5528,2.3859
37.3186,0.5051,2.1799
37.3188,0.4576,1.974
37.3190,0.4484,1.9342
37.3192,0.4448,1.9204
37.3194,0.445,1.9197
37.3196,0.4599,1.9838
37.3198,0.518,2.2337
37.3200,0.5205,2.2466
37.3202,0.4531,1.9558
37.3204,0.4446,1.919
37.3206,0.4392,1.8957
37.3208,0.4482,1.9346
37.3210,0.4468,1.9266
37.3212,0.4444,1.9189
37.3214,0.4731,2.0398
37.3216,0.5184,2.2373
37.3218,0.4778,2.0633
37.3220,0.4547,1.9634
37.3222,0.4461,1.9252
37.3224,0.444,1.9156
37.3226,0.4432,1.9119
37.3228,0.483,2.0837
37.3230,0.5214,2.2471
37.3232,0.5349,2.3045
37.3234,0.5723,2.4679
37.3236,0.569,2.4523
37.3238,0.5722,2.464
37.3240,0.5698,2.4536
37.3242,0.5952,2.5607
37.3244,0.6671,2.8657
37.3246,0.7143,3.0673
37.3248,0.7408,3.1825
37.3250,0.7426,3.1947
37.3252,0.6685,2.8773
37.3254,0.6378,2.7439
37.3256,0.6665,2.8632
37.3258,0.7682,3.3
37.3260,0.7479,3.2129
37.3262,0.6961,2.9946
37.3264,0.6598,2.8383
37.3266,0.6731,2.8942
37.3268,0.6991,3.0103
37.3270,0.6241,2.6876
37.3272,0.5889,2.5369
37.3274,0.565,2.433
37.3276,0.5768,2.4847
37.3278,0.6063,2.6094
37.3280,0.6714,2.8829
37.3282,0.7215,3.0996
37.3284,0.7859,3.3747
37.3286,0.8372,3.6001
37.3288,0.6852,2.949
37.3290,0.651,2.8019
37.3292,0.6679,2.8733
37.3294,0.6506,2.8004
37.3296,0.5653,2.434
37.3298,0.5672,2.4423
37.3300,0.5698,2.4548
37.3302,0.5834,2.5155
37.3304,0.5491,2.3654
37.3306,0.5657,2.4361
37.3308,0.5437,2.3465
37.3310,0.4233,1.8286
37.3312,0.3969,1.7138
37.3314,0.3926,1.6929
37.3316,0.4102,1.768
37.3318,0.4558,1.969
37.3320,0.4033,1.7413
37.3322,0.3912,1.6882
37.3324,0.393,1.6968
37.3326,0.3909,1.688
37.3328,0.3953,1.7071
37.3330,0.3999,1.7252
37.3332,0.4,1.7257
37.3334,0.4576,1.9713
37.3336,0.5774,2.485
37.3338,0.6981,2.9964
37.3340,0.7261,3.1221
37.3342,0.6818,2.9305
37.3344,0.6954,2.9859
37.3346,0.7341,3.1537
37.3348,0.7249,3.1126
37.3350,0.7156,3.0729
37.3352,0.7777,3.3381
37.3354,0.8496,3.643
37.3356,0.9401,4.0237
37.3358,0.9894,4.2366
37.3360,0.992,4.2479
37.3362,0.996,4.2608
37.3364,0.9763,4.1787
37.3366,0.9774,4.1813
37.3368,1.0392,4.4517
37.3370,0.9647,4.1385
37.3372,0.9647,4.1308
37.3374,0.9658,4.1393
37.3376,0.8992,3.8558
37.3378,0.8986,3.8515
37.3380,0.9168,3.9296
37.3382,0.8679,3.7269
37.3384,0.8569,3.6829
37.3386,0.8197,3.5166
37.3388,0.8791,3.773
37.3390,0.8212,3.526
37.3392,0.8194,3.5167
37.3394,0.8462,3.6303
37.3396,0.9122,3.9077
37.3398,0.9445,4.054
37.3400,0.8331,3.5792
37.3402,0.8505,3.6454
37.3404,0.9014,3.8705
37.3406,0.8231,3.5359
37.3408,0.7777,3.3396
37.3410,0.777,3.3381
37.3412,0.778,3.3438
37.3414,0.7804,3.3525
37.3416,0.79,3.3953
37.3418,0.8099,3.4793
37.3420,0.8028,3.4505
37.3422,0.786,3.3815
37.3424,0.7244,3.1134
37.3426,0.7684,3.2995
37.3428,0.84,3.6086
37.3430,0.8448,3.6342
37.3432,0.7606,3.2706
37.3434,0.7532,3.2356
37.3436,0.7583,3.2653
37.3438,0.7234,3.1107
37.3440,0.7613,3.2706
37.3442,0.7823,3.3623
37.3444,0.7611,3.2696
37.3446,0.7872,3.3851
37.3448,0.77,3.3093
37.3450,0.7811,3.3588
37.3452,0.7792,3.3536
37.3454,0.7539,3.2402
37.3456,0.7643,3.2896
37.3458,0.6864,2.9528
37.3460,0.6569,2.8311
37.3462,0.6062,2.6089
37.3464,0.693,2.9784
37.3466,0.7183,3.0943
37.3468,0.6568,2.8306
37.3470,0.6233,2.6852
37.3472,0.5738,2.473
37.3474,0.5693,2.4516
37.3476,0.6312,2.718
37.3478,0.6985,3.0077
37.3480,0.6497,2.7975
37.3482,0.6454,2.7777
37.3484,0.6713,2.8918
37.3486,0.668,2.8739
37.3488,0.7035,3.0266
37.3490,0.6641,2.8608
37.3492,0.6161,2.6542
37.3494,0.6328,2.7247
37.3496,0.6853,2.9495
37.3498,0.7221,3.1108
37.3500,0.6768,2.9115
37.3502,0.7015,3.0178
37.3504,0.6839,2.9447
37.3506,0.6225,2.6841
37.3508,0.5437,2.3433
37.3510,0.5343,2.304
37.3512,0.5329,2.2999
37.3514,0.5346,2.3061
37.3516,0.5365,2.3123
37.3518,0.5492,2.3681
37.3520,0.5379,2.3195
37.3522,0.5338,2.303
37.3524,0.5295,2.2833
37.3526,0.5356,2.3097
37.3528,0.5385,2.32
37.3530,0.6062,2.6113
37.3532,0.5769,2.4899
37.3534,0.5286,2.2792
37.3536,0.5286,2.2792
37.3538,0.5286,2.2792
37.3540,0.5243,2.2616
37.3542,0.5239,2.258
37.3544,0.5239,2.258
37.3546,0.5302,2.2886
37.3548,0.5262,2.2689
37.3550,0.5216,2.2482
37.3552,0.5216,2.2503
37.3554,0.5197,2.242
37.3556,0.5232,2.257
37.3558,0.5271,2.2709
37.3560,0.5325,2.2952
37.3562,0.6096,2.6275
37.3564,0.6474,2.7877
37.3566,0.6446,2.7733
37.3568,0.6556,2.8202
37.3570,0.6464,2.781
37.3572,0.644,2.7694
37.3574,0.6383,2.7472
37.3576,0.6509,2.8014
37.3578,0.6997,3.0044
37.3580,0.7702,3.3103
37.3582,0.7925,3.4014
37.3584,0.7957,3.4185
37.3586,0.78,3.351
37.3588,0.7522,3.2345
37.3590,0.707,3.0429
37.3592,0.6257,2.6968
37.3594,0.6106,2.628
37.3596,0.6463,2.7805
37.3598,0.6999,3.0125
37.3600,0.7022,3.0195
37.3602,0.6759,2.9093
37.3604,0.6468,2.7826
37.3606,0.6792,2.9218
37.3608,0.6438,2.7722
37.3610,0.6431,2.7678
37.3612,0.6433,2.7689
37.3614,0.6716,2.892
37.3616,0.6704,2.8882
37.3618,0.6137,2.6402
37.3620,0.6156,2.6521
37.3622,0.6102,2.6277
37.3624,0.6042,2.6018
37.3626,0.5803,2.5021
37.3628,0.5139,2.2192
37.3630,0.4623,1.997
37.3632,0.392,1.6926
37.3634,0.3846,1.6613
37.3636,0.3861,1.6688
37.3638,0.3918,1.6916
37.3640,0.3918,1.69
37.3642,0.4215,1.8183
37.3644,0.48,2.0698
37.3646,0.5466,2.3557
37.3648,0.5402,2.3283
37.3650,0.5094,2.1995
37.3652,0.4123,1.7801
37.3654,0.4119,1.7802
37.3656,0.3872,1.6719
37.3658,0.4107,1.7709
37.3660,0.4786,2.0626
37.3662,0.5095,2.196
37.3664,0.5057,2.1784
37.3666,0.5482,2.3607
37.3668,0.6098,2.6207
37.3670,0.6967,2.9958
37.3672,0.7228,3.1067
37.3674,0.6867,2.9502
37.3676,0.711,3.0543
37.3678,0.7586,3.2603
37.3680,0.7333,3.1486
37.3682,0.7598,3.2563
37.3684,0.855,3.6695
37.3686,0.8608,3.693
37.3688,0.8479,3.6358
37.3690,0.8495,3.6442
37.3692,0.8676,3.7236
37.3694,0.867,3.7141
37.3696,0.9521,4.0769
37.3698,0.9533,4.0877
37.3700,0.9383,4.0197
37.3702,0.9652,4.1348
37.3704,0.9692,4.1523
37.3706,0.9702,4.1525
37.3708,0.9828,4.2142
37.3710,0.9189,3.9402
37.3712,0.9525,4.0803
37.3714,0.996,4.2688
37.3716,0.9791,4.1944
37.3718,1.0041,4.2997
37.3720,0.9896,4.2435
37.3722,0.9474,4.0625
37.3724,0.9328,3.998
37.3726,0.9667,4.1434
37.3728,0.9652,4.1348
37.3730,0.9721,4.1743
37.3732,0.9019,3.8654
37.3734,0.9492,4.0684
37.3736,0.9823,4.2102
37.3738,0.8569,3.6863
37.3740,0.747,3.2108
37.3742,0.7987,3.4298
37.3744,0.8911,3.8244
37.3746,0.8441,3.6244
37.3748,0.8423,3.6217
37.3750,0.777,3.3428
37.3752,0.7214,3.102
37.3754,0.6767,2.9096
37.3756,0.6909,2.9751
37.3758,0.6913,2.9767
37.3760,0.7076,3.0455
37.3762,0.6817,2.934
37.3764,0.6701,2.8853
37.3766,0.6824,2.9371
37.3768,0.7033,3.0269
37.3770,0.7054,3.0348
37.3772,0.672,2.8895
37.3774,0.7136,3.077
37.3776,0.654,2.8174
37.3778,0.6154,2.6511
37.3780,0.6087,2.6234
37.3782,0.6228,2.6794
37.3784,0.6912,2.972
37.3786,0.7522,3.2375
37.3788,0.6407,2.7614
37.3790,0.6458,2.7849
37.3792,0.6154,2.6535
37.3794,0.6022,2.5907
37.3796,0.6422,2.7694
37.3798,0.5967,2.5717
37.3800,0.6428,2.772
37.3802,0.5723,2.4679
37.3804,0.5048,2.1778
37.3806,0.4728,2.0454
37.3808,0.3915,1.6921
37.3810,0.3842,1.6597
37.3812,0.4012,1.7325
37.3814,0.4409,1.903
37.3816,0.4454,1.923
37.3818,0.4335,1.8709
37.3820,0.4314,1.8621
37.3822,0.4293,1.8536
37.3824,0.432,1.8664
37.3826,0.4331,1.8719
37.3828,0.4316,1.8626
37.3830,0.4294,1.8533
37.3832,0.4449,1.9183
37.3834,0.5063,2.182
37.3836,0.5324,2.2979
37.3838,0.4636,1.999
37.3840,0.4563,1.9683
37.3842,0.5043,2.1737
37.3844,0.5731,2.4676
37.3846,0.6157,2.6514
37.3848,0.5746,2.4755
37.3850,0.5734,2.4714
37.3852,0.5396,2.3246
37.3854,0.5058,2.183
37.3856,0.4751,2.0505
37.3858,0.4601,1.984
37.3860,0.4915,2.1194
37.3862,0.5246,2.2632
37.3864,0.5319,2.2884
37.3866,0.5952,2.5619
37.3868,0.6232,2.6859
37.3870,0.5692,2.4499
37.3872,0.5886,2.5347
37.3874,0.6243,2.6881
37.3876,0.6099,2.6273
37.3878,0.5927,2.5535
37.3880,0.6173,2.6594
37.3882,0.6336,2.7271
37.3884,0.6312,2.7142
37.3886,0.6687,2.8756
37.3888,0.6863,2.9578
37.3890,0.5703,2.4546
37.3892,0.6324,2.7194
37.3894,0.6961,2.9946
37.3896,0.7129,3.0668
37.3898,0.6767,2.9083
37.3900,0.6558,2.8212
37.3902,0.6649,2.8604
37.3904,0.6559,2.8178
37.3906,0.6586,2.8318
37.3908,0.6876,2.9566
37.3910,0.761,3.2691
37.3912,0.7707,3.3108
37.3914,0.7739,3.3278
37.3916,0.7442,3.197
37.3918,0.7313,3.1418
37.3920,0.7209,3.0956
37.3922,0.7098,3.0576
37.3924,0.6179,2.6607
37.3926,0.6006,2.5863
37.3928,0.5722,2.4663
37.3930,0.5782,2.4909
37.3932,0.5828,2.5094
37.3934,0.5715,2.4609
37.3936,0.616,2.6524
37.3938,0.6493,2.7934
37.3940,0.6094,2.624
37.3942,0.5813,2.5044
37.3944,0.6323,2.7227
37.3946,0.6263,2.6981
37.3948,0.5548,2.3902
37.3950,0.5596,2.412
37.3952,0.555,2.3941
37.3954,0.4655,2.0091
37.3956,0.4024,1.7369
37.3958,0.3969,1.7146
37.3960,0.3946,1.7048
37.3962,0.3906,1.6856
37.3964,0.4,1.7257
37.3966,0.412,1.7799
37.3968,0.4089,1.7656
37.3970,0.4082,1.7617
37.3972,0.4049,1.7469
37.3974,0.4102,1.7689
37.3976,0.483,2.0856
37.3978,0.4192,1.8093
37.3980,0.3998,1.7263
37.3982,0.3973,1.7162
37.3984,0.4011,1.732
37.3986,0.3928,1.6955
37.3988,0.3834,1.6546
37.3990,0.383,1.6538
37.3992,0.3842,1.659
37.3994,0.4109,1.7711
37.3996,0.4771,2.0574
37.3998,0.5148,2.2197
37.4000,0.543,2.3358
37.4002,0.5708,2.4555
37.4004,0.6263,2.6956
37.4006,0.5907,2.5411
37.4008,0.6014,2.5858
37.4010,0.6925,2.9763
37.4012,0.7319,3.1444
37.4014,0.7877,3.3792
37.4016,0.856,3.669
37.4018,0.8443,3.622
37.4020,0.8533,3.6555
37.4022,0.8853,3.798
37.4024,0.8401,3.599
37.4026,0.8408,3.6071
37.4028,0.8319,3.5707
37.4030,0.8269,3.5458
37.4032,0.8288,3.554
37.4034,0.8254,3.5408
37.4036,0.8209,3.5234
37.4038,0.8388,3.6001
37.4040,0.7443,3.2005
37.4042,0.681,2.9268
37.4044,0.8058,3.4537
37.4046,0.8985,3.8528
37.4048,0.8799,3.7731
37.4050,0.8493,3.6453
37.4052,0.8293,3.5577
37.4054,0.8367,3.5896
37.4056,0.8146,3.4977
37.4058,0.7996,3.4334
37.4060,0.8808,3.7749
37.4062,0.9238,3.9594
37.4064,0.893,3.8309
37.4066,0.8942,3.8325
37.4068,0.9057,3.8836
37.4070,0.9118,3.9044
37.4072,0.9706,4.156
37.4074,0.9587,4.1128
37.4076,0.9676,4.1489
37.4078,0.9673,4.144
37.4080,1.035,4.4338
37.4082,0.9941,4.2586
37.4084,0.9424,4.0353
37.4086,0.9881,4.2388
37.4088,0.9267,3.981
37.4090,0.8715,3.7406
37.4092,0.8697,3.7311
37.4094,0.8954,3.8394
37.4096,0.8642,3.7092
37.4098,0.877,3.7625
37.4100,0.9083,3.8931
37.4102,0.9333,4.0075
37.4104,0.8683,3.7301
37.4106,0.8366,3.5941
37.4108,0.8731,3.7542
37.4110,0.7445,3.206
37.4112,0.6637,2.8513
37.4114,0.7532,3.2356
37.4116,0.7909,3.3979
37.4118,0.7834,3.367
37.4120,0.7005,3.0179
37.4122,0.6458,2.7836
37.4124,0.6041,2.6062
37.4126,0.569,2.45
37.4128,0.6449,2.7743
37.4130,0.6825,2.939
37.4132,0.6658,2.8654
37.4134,0.6538,2.8125
37.4136,0.6788,2.923
37.4138,0.6562,2.8307
37.4140,0.5853,2.5238
37.4142,0.6039,2.6039
37.4144,0.5726,2.4667
37.4146,0.5985,2.5782
37.4148,0.5984,2.5789
37.4150,0.5705,2.459
37.4152,0.5603,2.4151
37.4154,0.5665,2.4426
37.4156,0.5587,2.4101
37.4158,0.5524,2.3821
37.4160,0.565,2.433
37.4162,0.608,2.6166
37.4164,0.6449,2.7807
37.4166,0.5227,2.2549
37.4168,0.4781,2.0615
37.4170,0.4782,2.0649
37.4172,0.4876,2.1033
37.4174,0.541,2.3341
37.4176,0.5418,2.335
37.4178,0.5319,2.2937
37.4180,0.5355,2.3103
37.4182,0.5334,2.2999
37.4184,0.5386,2.3216
37.4186,0.5343,2.3029
37.4188,0.531,2.2906
37.4190,0.5198,2.2425
37.4192,0.519,2.2378
37.4194,0.5927,2.5523
37.4196,0.6269,2.6982
37.4198,0.6499,2.7986
37.4200,0.6086,2.6229
37.4202,0.538,2.3168
37.4204,0.5862,2.5267
37.4206,0.5427,2.3424
37.4208,0.5332,2.2994
37.4210,0.5305,2.2853
37.4212,0.5252,2.2647
37.4214,0.5326,2.2957
37.4216,0.547,2.3599
37.4218,0.5373,2.3126
37.4220,0.5611,2.416
37.4222,0.535,2.3039
37.4224,0.606,2.6096
37.4226,0.6231,2.6792
37.4228,0.7029,3.0198
37.4230,0.7084,3.0491
37.4232,0.6288,2.7052
37.4234,0.631,2.7157
37.4236,0.6598,2.8396
37.4238,0.6433,2.7689
37.4240,0.65,2.7952
37.4242,0.7006,3.0128
37.4244,0.7598,3.2655
37.4246,0.7566,3.2475
37.4248,0.7875,3.3814
37.4250,0.7771,3.3386
37.4252,0.7829,3.3665
37.4254,0.7674,3.3
37.4256,0.6925,2.9819
37.4258,0.6255,2.692
37.4260,0.6534,2.8096
37.4262,0.7273,3.1229
37.4264,0.7587,3.2608
37.4266,0.7281,3.1265
37.4268,0.7491,3.2166
37.4270,0.762,3.2768
37.4272,0.7443,3.2005
37.4274,0.7402,3.18
37.4276,0.7411,3.1821
37.4278,0.7558,3.25
37.4280,0.7443,3.2005
37.4282,0.7313,3.1418
37.4284,0.7632,3.2773
37.4286,0.6969,3.0038
37.4288,0.5781,2.4916
37.4290,0.5661,2.441
37.4292,0.5795,2.492
37.4294,0.7089,3.0498
37.4296,0.6303,2.7139
37.4298,0.6119,2.6312
37.4300,0.7299,3.1386
37.4302,0.6943,2.9882
37.4304,0.6475,2.7856
37.4306,0.6369,2.7448
37.4308,0.6257,2.693
37.4310,0.6642,2.8613
37.4312,0.5524,2.381
37.4314,0.5231,2.2544
37.4316,0.53,2.2822
37.4318,0.5214,2.2503
37.4320,0.4518,1.951
37.4322,0.432,1.8681
37.4324,0.3995,1.726
37.4326,0.3981,1.719
37.4328,0.4041,1.7433
37.4330,0.4957,2.1355
37.4332,0.5636,2.4268
37.4334,0.5511,2.3742
37.4336,0.5684,2.4452
37.4338,0.6192,2.6676
37.4340,0.5795,2.4989
37.4342,0.5798,2.4919
37.4344,0.6825,2.9349
37.4346,0.7315,3.1438
37.4348,0.7427,3.1923
37.4350,0.7143,3.0687
37.4352,0.7643,3.2835
37.4354,0.79,3.3937
37.4356,0.8623,3.694
37.4358,0.999,4.2777
37.4360,0.949,4.0711
37.4362,0.955,4.0949
37.4364,0.913,3.9132
37.4366,0.9125,3.9093
37.4368,0.945,4.0504
37.4370,0.9686,4.1555
37.4372,0.9197,3.9438
37.4374,0.9576,4.1024
37.4376,0.9992,4.2827
37.4378,0.9527,4.0833
37.4380,0.9051,3.8774
37.4382,0.9184,3.94
37.4384,0.8888,3.8164
37.4386,0.8239,3.5362
37.4388,0.8394,3.6043
37.4390,0.851,3.6543
37.4392,0.8787,3.7732
37.4394,0.8683,3.7301
37.4396,0.8108,3.4866
37.4398,0.7482,3.219
37.4400,0.7718,3.317
37.4402,0.7144,3.0735
37.4404,0.7744,3.3299
37.4406,0.8136,3.4936
37.4408,0.7984,3.4282
37.4410,0.8158,3.5012
37.4412,0.9014,3.8741
37.4414,0.814,3.4919
37.4416,0.8614,3.7042
37.4418,0.7979,3.4309
37.4420,0.8257,3.5456
37.4422,0.8352,3.5913
37.4424,0.7557,3.2494
37.4426,0.7987,3.4314
37.4428,0.8441,3.6227
37.4430,0.8644,3.7102
37.4432,0.868,3.7291
37.4434,0.8689,3.731
37.4436,0.7965,3.4311
37.4438,0.6221,2.6813
37.4440,0.6722,2.8906
37.4442,0.6945,2.9865
37.4444,0.6979,3.0009
37.4446,0.7297,3.139
37.4448,0.7833,3.3727
37.4450,0.6936,2.9851
37.4452,0.637,2.7466
37.4454,0.594,2.5627
37.4456,0.5755,2.4814
37.4458,0.5805,2.5031
37.4460,0.5548,2.3913
37.4462,0.5773,2.4868
37.4464,0.6261,2.6996
37.4466,0.5968,2.5722
37.4468,0.5828,2.5117
37.4470,0.5842,2.5179
37.4472,0.6232,2.6834
37.4474,0.662,2.8494
37.4476,0.6992,3.0052
37.4478,0.7167,3.0876
37.4480,0.595,2.5656
37.4482,0.5499,2.3723
37.4484,0.5105,2.2032
37.4486,0.5061,2.1815
37.4488,0.5603,2.414
37.4490,0.5792,2.4928
37.4492,0.6466,2.7867
37.4494,0.5904,2.5413
37.4496,0.6203,2.6735
37.4498,0.6033,2.5977
37.4500,0.6863,2.9578
37.4502,0.5876,2.5359
37.4504,0.4749,2.0504
37.4506,0.4579,1.9783
37.4508,0.4516,1.949
37.4510,0.4533,1.9554
37.4512,0.4615,1.9911
37.4514,0.4701,2.0306
37.4516,0.4576,1.9768
37.4518,0.4522,1.9525
37.4520,0.4793,2.0676
37.4522,0.472,2.038
37.4524,0.4505,1.9453
37.4526,0.4478,1.9316
37.4528,0.4484,1.936
37.4530,0.4476,1.9329
37.4532,0.4524,1.9527
37.4534,0.5135,2.2171
37.4536,0.459,1.9811
37.4538,0.4449,1.921
37.4540,0.4433,1.9133
37.4542,0.448,1.9326
37.4544,0.4467,1.9269
37.4546,0.446,1.9247
37.4548,0.4467,1.9296
37.4550,0.4444,1.9171
37.4552,0.4518,1.9501
37.4554,0.4964,2.1406
37.4556,0.5355,2.3092
37.4558,0.5498,2.3696
37.4560,0.5484,2.3612
37.4562,0.5589,2.4078
37.4564,0.5627,2.4254
37.4566,0.5529,2.3819
37.4568,0.5502,2.3701
37.4570,0.5523,2.3794
37.4572,0.5611,2.4182
37.4574,0.5581,2.4053
37.4576,0.5725,2.4616
37.4578,0.6783,2.9114
37.4580,0.7806,3.3489
37.4582,0.836,3.5865
37.4584,0.772,3.3211
37.4586,0.6678,2.8755
37.4588,0.619,2.6653
37.4590,0.5542,2.3865
37.4592,0.6147,2.648
37.4594,0.5672,2.4457
37.4596,0.5114,2.2042
37.4598,0.5553,2.3889
37.4600,0.6365,2.7395
37.4602,0.6553,2.8192
37.4604,0.6463,2.7818
37.4606,0.6101,2.6284
37.4608,0.5746,2.4766
37.4610,0.5715,2.4586
37.4612,0.6118,2.6307
37.4614,0.6523,2.8102
37.4616,0.6016,2.5905
37.4618,0.5559,2.3938
37.4620,0.59,2.538
37.4622,0.6522,2.811
37.4624,0.5365,2.3123
37.4626,0.4755,2.053
37.4628,0.3955,1.7084
37.4630,0.3879,1.675
37.4632,0.3975,1.7164
37.4634,0.4195,1.8087
37.4636,0.5102,2.2042
37.4638,0.4198,1.8136
37.4640,0.3933,1.6975
37.4642,0.3964,1.7118
37.4644,0.3934,1.6988
37.4646,0.4125,1.7754
37.4648,0.5255,2.2637
37.4650,0.4807,2.071
37.4652,0.469,2.0232
37.4654,0.4305,1.8597
37.4656,0.4138,1.7852
37.4658,0.4172,1.7988
37.4660,0.4934,2.1257
37.4662,0.6111,2.63
37.4664,0.6303,2.7101
37.4666,0.6413,2.755
37.4668,0.7177,3.0846
37.4670,0.7323,3.1489
37.4672,0.6928,2.9779
37.4674,0.6869,2.9535
37.4676,0.7336,3.1516
37.4678,0.7942,3.407
37.4680,0.8592,3.6875
37.4682,0.8245,3.5355
37.4684,0.8294,3.5583
37.4686,0.8608,3.693
37.4688,0.8412,3.6087
37.4690,0.9159,3.9218
37.4692,0.9939,4.2561
37.4694,0.9949,4.2582
37.4696,0.9656,4.1349
37.4698,0.9694,4.1489
37.4700,0.9794,4.194
37.4702,0.9612,4.1198
37.4704,0.922,3.9554
37.4706,0.9667,4.1376
37.4708,0.981,4.2065
37.4710,0.9553,4.0908
37.4712,0.9938,4.2536
37.4714,0.987,4.2243
37.4716,0.9766,4.1816
37.4718,1.0008,4.2954
37.4720,0.8935,3.8365
37.4722,0.9297,3.9846
37.4724,0.9625,4.1293
37.4726,0.9275,3.979
37.4728,0.912,3.9145
37.4730,0.8549,3.6673
37.4732,0.8479,3.6426
37.4734,0.7721,3.3201
37.4736,0.8005,3.4375
37.4738,0.8709,3.7397
37.4740,0.862,3.6999
37.4742,0.8498,3.6474
37.4744,0.8865,3.8031
37.4746,0.8847,3.7936
37.4748,0.9032,3.8837
37.4750,0.781,3.3551
37.4752,0.8016,3.4405
37.4754,0.8672,3.7238
37.4756,0.8197,3.5248
37.4758,0.7321,3.1449
37.4760,0.8076,3.4646
37.4762,0.8875,3.8126
37.4764,0.8119,3.4864
37.4766,0.8366,3.5925
37.4768,0.8301,3.568
37.4770,0.7806,3.3567
37.4772,0.7619,3.2778
37.4774,0.7413,3.1831
37.4776,0.7837,3.3701
37.4778,0.7524,3.237
37.4780,0.7819,3.3639
37.4782,0.7514,3.2354
37.4784,0.674,2.9023
37.4786,0.6703,2.8863
37.4788,0.6554,2.8236
37.4790,0.6132,2.6369
37.4792,0.7437,3.1964
37.4794,0.7264,3.128
37.4796,0.6556,2.8268
37.4798,0.6221,2.6813
37.4800,0.6102,2.6289
37.4802,0.5743,2.4773
37.4804,0.5643,2.4333
37.4806,0.5602,2.4146
37.4808,0.5677,2.4455
37.4810,0.5699,2.4564
37.4812,0.5878,2.5346
37.4814,0.6077,2.6217
37.4816,0.5398,2.33
37.4818,0.4838,2.0883
37.4820,0.4812,2.0778
37.4822,0.5195,2.2389
37.4824,0.5823,2.5039
37.4826,0.7183,3.0843
37.4828,0.72,3.1059
37.4830,0.5421,2.3387
37.4832,0.5255,2.2668
37.4834,0.5261,2.2704
37.4836,0.5261,2.2694
37.4838,0.5235,2.2575
37.4840,0.5265,2.2715
37.4842,0.5302,2.2864
37.4844,0.5281,2.2761
37.4846,0.5297,2.2807
37.4848,0.5714,2.4638
37.4850,0.5957,2.5676
37.4852,0.6487,2.7908
37.4854,0.6511,2.805
37.4856,0.5684,2.4475
37.4858,0.6945,2.9823
37.4860,0.6961,2.9987
37.4862,0.554,2.3855
37.4864,0.6217,2.6785
37.4866,0.638,2.7474
37.4868,0.6245,2.6866
37.4870,0.6327,2.7242
37.4872,0.6524,2.8081
37.4874,0.6889,2.965
37.4876,0.6935,2.9804
37.4878,0.7028,3.0221
37.4880,0.7213,3.1043
37.4882,0.702,3.0198
37.4884,0.6574,2.8279
37.4886,0.7069,3.041
37.4888,0.7156,3.0758
37.4890,0.7213,3.0986
37.4892,0.7848,3.37
37.4894,0.7923,3.4004
37.4896,0.8069,3.468
37.4898,0.7512,3.2304
37.4900,0.6867,2.953
37.4902,0.7569,3.2531
37.4904,0.7658,3.2928
37.4906,0.7111,3.0576
37.4908,0.7178,3.0836
37.4910,0.7794,3.3484
37.4912,0.8502,3.6472
37.4914,0.8709,3.7415
37.4916,0.8505,3.6522
37.4918,0.7884,3.3839
37.4920,0.655,2.8189
37.4922,0.6594,2.8328
37.4924,0.7255,3.121
37.4926,0.6756,2.9131
37.4928,0.592,2.5492
37.4930,0.6196,2.6667
37.4932,0.6566,2.8275
37.4934,0.6452,2.7784
37.4936,0.66,2.8419
37.4938,0.6058,2.6073
37.4940,0.6177,2.6621
37.4942,0.6125,2.6399
37.4944,0.6125,2.6387
37.4946,0.6056,2.6063
37.4948,0.671,2.8868
37.4950,0.6981,3.0061
37.4952,0.6211,2.6734
37.4954,0.594,2.5615
37.4956,0.5759,2.4811
37.4958,0.5951,2.5674
37.4960,0.4962,2.1455
37.4962,0.4157,1.7976
37.4964,0.3916,1.6919
37.4966,0.3907,1.6885
37.4968,0.3891,1.681
37.4970,0.3932,1.6986
37.4972,0.3901,1.6843
37.4974,0.3901,1.6859
37.4976,0.3867,1.6706
37.4978,0.3908,1.6874
37.4980,0.3959,1.7113
37.4982,0.4042,1.7462
37.4984,0.4048,1.748
37.4986,0.4018,1.7351
37.4988,0.4034,1.7402
37.4990,0.4961,2.1361
37.4992,0.5648,2.4331
37.4994,0.5216,2.2482
37.4996,0.5662,2.4382
37.4998,0.6271,2.703
37.5000,0.5889,2.5346
37.5002,0.6131,2.64
37.5004,0.571,2.4577
37.5006,0.6431,2.764
37.5008,0.6833,2.9339
37.5010,0.7773,3.3423
37.5012,0.7285,3.128
37.5014,0.7768,3.3355
37.5016,0.818,3.5127
37.5018,0.8083,3.4709
37.5020,0.8461,3.623
37.5022,0.9299,3.9819
37.5024,0.9186,3.9336
37.5026,0.9567,4.0983
37.5028,0.9385,4.0264
37.5030,0.9412,4.032
37.5032,0.975,4.175
37.5034,0.9525,4.088
37.5036,0.9255,3.9666
37.5038,1.001,4.2864
37.5040,0.9694,4.1528
37.5042,0.9511,4.0766
37.5044,0.998,4.2735
37.5046,1.0134,4.3413
37.5048,0.9622,4.1258
37.5050,0.9668,4.142
37.5052,0.9949,4.2622
37.5054,0.937,4.0253
37.5056,0.854,3.6654
37.5058,0.8859,3.8023
37.5060,0.8897,3.8206
37.5062,0.8666,3.7247
37.5064,0.8009,3.4454
37.5066,0.7468,3.2113
37.5068,0.7869,3.3804
37.5070,0.8234,3.5358
37.5072,0.8535,3.6651
37.5074,0.8311,3.5721
37.5076,0.8412,3.612
37.5078,0.9216,3.9502
37.5080,0.9571,4.1099
37.5082,0.8417,3.6175
37.5084,0.8087,3.4757
37.5086,0.8107,3.4877
37.5088,0.7062,3.0379
37.5090,0.7407,3.188
37.5092,0.7453,3.2061
37.5094,0.7306,3.1417
37.5096,0.7774,3.3397
37.5098,0.8182,3.5148
37.5100,0.8001,3.437
37.5102,0.8035,3.4536
37.5104,0.7343,3.1621
37.5106,0.7032,3.0292
37.5108,0.6578,2.8326
37.5110,0.6731,2.9023
37.5112,0.5952,2.5667
37.5114,0.6066,2.6122
37.5116,0.6845,2.9459
37.5118,0.7029,3.0296
37.5120,0.5651,2.4403
37.5122,0.5376,2.318
37.5124,0.5395,2.3273
37.5126,0.5732,2.4715
37.5128,0.5698,2.4605
37.5130,0.5159,2.2265
37.5132,0.4984,2.1479
37.5134,0.5765,2.4895
37.5136,0.5468,2.3567
37.5138,0.5782,2.4909
37.5140,0.5584,2.4102
37.5142,0.5685,2.4525
37.5144,0.5281,2.2792
37.5146,0.4958,2.139
37.5148,0.497,2.1432
37.5150,0.6084,2.6211
37.5152,0.634,2.7324
37.5154,0.553,2.3814
37.5156,0.5932,2.5555
37.5158,0.6196,2.6729
37.5160,0.5454,2.3527
37.5162,0.5018,2.1639
37.5164,0.4848,2.0924
37.5166,0.5031,2.1696
37.5168,0.5544,2.3904
37.5170,0.4701,2.0316
37.5172,0.4036,1.7445
37.5174,0.3959,1.7081
37.5176,0.4445,1.9194
37.5178,0.4484,1.9369
37.5180,0.4466,1.9282
37.5182,0.4482,1.9346
37.5184,0.4446,1.919
37.5186,0.4571,1.9738
37.5188,0.4593,1.9822
37.5190,0.4641,2.0019
37.5192,0.4585,1.9809
37.5194,0.4585,1.98
37.5196,0.4511,1.9461
37.5198,0.4521,1.9502
37.5200,0.4589,1.9797
37.5202,0.4564,1.9707
37.5204,0.4446,1.9181
37.5206,0.4425,1.9079
37.5208,0.4444,1.918
37.5210,0.4596,1.9846
37.5212,0.4542,1.9595
37.5214,0.45,1.9396
37.5216,0.4898,2.1112
37.5218,0.5768,2.4824
37.5220,0.6638,2.8598
37.5222,0.6064,2.6099
37.5224,0.6222,2.6768
37.5226,0.6123,2.6377
37.5228,0.6168,2.6573
37.5230,0.5855,2.5225
37.5232,0.5613,2.4192
37.5234,0.5571,2.4
37.5236,0.6135,2.6391
37.5238,0.6492,2.7903
37.5240,0.7159,3.0768
37.5242,0.6994,3.0118
37.5244,0.6416,2.7629
37.5246,0.637,2.7377
37.5248,0.6608,2.8429
37.5250,0.6749,2.906
37.5252,0.6265,2.6979
37.5254,0.6021,2.5877
37.5256,0.6857,2.9469
37.5258,0.6434,2.7681
37.5260,0.6346,2.7312
37.5262,0.6512,2.8042
37.5264,0.6334,2.726
37.5266,0.6317,2.7176
37.5268,0.6505,2.7972
37.5270,0.6743,2.9007
37.5272,0.6768,2.9088
37.5274,0.7155,3.071
37.5276,0.7472,3.2143
37.5278,0.702,3.0184
37.5280,0.7745,3.3242
37.5282,0.773,3.3221
37.5284,0.6124,2.6357
37.5286,0.5733,2.4675
37.5288,0.6691,2.8772
37.5290,0.6514,2.8061
37.5292,0.6268,2.6977
37.5294,0.6599,2.8401
37.5296,0.6576,2.8303
37.5298,0.6863,2.9509
37.5300,0.7334,3.1506
37.5302,0.6768,2.9156
37.5304,0.5518,2.3795
37.5306,0.5225,2.2528
37.5308,0.5097,2.1929
37.5310,0.5389,2.3258
37.5312,0.426,1.8405
37.5314,0.4059,1.7527
37.5316,0.4296,1.8543
37.5318,0.439,1.8912
37.5320,0.5204,2.2409
37.5322,0.5281,2.2729
37.5324,0.5792,2.4939
37.5326,0.5275,2.2735
37.5328,0.5167,2.2259
37.5330,0.5744,2.4721
37.5332,0.6129,2.6378
37.5334,0.6015,2.5864
37.5336,0.6093,2.6235
37.5338,0.5737,2.469
37.5340,0.6178,2.654
37.5342,0.6952,2.984
37.5344,0.759,3.2654
37.5346,0.7189,3.0926
37.5348,0.7366,3.163
37.5350,0.7658,3.2851
37.5352,0.8468,3.6312
37.5354,0.9324,3.9927
37.5356,0.9977,4.27
37.5358,0.9888,4.232
37.5360,0.9918,4.2488
37.5362,0.9875,4.2323
37.5364,0.9679,4.1466
37.5366,0.9842,4.2204
37.5368,0.926,3.9668
37.5370,0.9655,4.1305
37.5372,0.9648,4.1313
37.5374,0.9288,3.981
37.5376,0.9031,3.8759
37.5378,0.84,3.6086
37.5380,0.8216,3.5281
37.5382,0.8087,3.4741
37.5384,0.7834,3.3623
37.5386,0.8245,3.5405
37.5388,0.8367,3.588
37.5390,0.9208,3.9429
37.5392,0.9486,4.0734
37.5394,0.8637,3.7106
37.5396,0.8257,3.5489
37.5398,0.7682,3.3
37.5400,0.7702,3.3087
37.5402,0.7852,3.3731
37.5404,0.7936,3.4108
37.5406,0.7779,3.3433
37.5408,0.7706,3.3149
37.5410,0.79,3.3969
37.5412,0.8088,3.473
37.5414,0.839,3.5994
37.5416,0.878,3.7736
37.5418,0.818,3.511
37.5420,0.8695,3.7335
37.5422,0.8339,3.5806
37.5424,0.8563,3.6803
37.5426,0.8539,3.6666
37.5428,0.859,3.687
37.5430,0.848,3.6397
37.5432,0.8346,3.5837
37.5434,0.8562,3.6781
37.5436,0.8111,3.4877
37.5438,0.8045,3.4593
37.5440,0.801,3.4427
37.5442,0.7869,3.3819
37.5444,0.7828,3.366
37.5446,0.7542,3.2448
37.5448,0.6997,3.01
37.5450,0.6468,2.7864
37.5452,0.5987,2.5805
37.5454,0.5756,2.4761
37.5456,0.7056,3.0381
37.5458,0.6793,2.9278
37.5460,0.6084,2.6211
37.5462,0.6251,2.6942
37.5464,0.5933,2.5548
37.5466,0.5806,2.5001
37.5468,0.6046,2.6034
37.5470,0.6288,2.7052
37.5472,0.7144,3.0764
37.5474,0.6984,3.0058
37.5476,0.7128,3.0648
37.5478,0.7235,3.1127
37.5480,0.697,3.0043
37.5482,0.6101,2.6284
37.5484,0.6099,2.6285
37.5486,0.6213,2.6789
37.5488,0.639,2.7503
37.5490,0.7069,3.0396
37.5492,0.7244,3.1192
37.5494,0.6605,2.844
37.5496,0.6488,2.7926
37.5498,0.701,3.0171
37.5500,0.6253,2.6965
37.5502,0.5533,2.3879
37.5504,0.5463,2.3557
37.5506,0.5424,2.3376
37.5508,0.5347,2.3056
37.5510,0.5414,2.3345
37.5512,0.5379,2.3206
37.5514,0.528,2.2756
37.5516,0.532,2.2942
37.5518,0.5304,2.288
37.5520,0.5415,2.3329
37.5522,0.6139,2.6437
37.5524,0.5924,2.5555
37.5526,0.5307,2.2906
37.5528,0.5264,2.2699
37.5530,0.5288,2.2802
37.5532,0.5256,2.2642
37.5534,0.5734,2.4726
37.5536,0.5317,2.2926
37.5538,0.5245,2.2627
37.5540,0.5326,2.2968
37.5542,0.5936,2.5571
37.5544,0.6241,2.6876
37.5546,0.5818,2.5076
37.5548,0.5903,2.5419
37.5550,0.6201,2.6712
37.5552,0.6223,2.6773
37.5554,0.6323,2.7214
37.5556,0.6307,2.7159
37.5558,0.6295,2.7083
37.5560,0.6467,2.7833
37.5562,0.64,2.7557
37.5564,0.6379,2.7431
37.5566,0.6907,2.9658
37.5568,0.7644,3.2901
37.5570,0.7155,3.0781
37.5572,0.6975,3.0022
37.5574,0.6233,2.6839
37.5576,0.6216,2.6767
37.5578,0.6729,2.895
37.5580,0.6936,2.981
37.5582,0.7401,3.1809
37.5584,0.7617,3.2706
37.5586,0.7433,3.1993
37.5588,0.6636,2.8561
37.5590,0.6605,2.8374
37.5592,0.7354,3.1638
37.5594,0.6733,2.8992
37.5596,0.6702,2.8818
37.5598,0.7251,3.1136
37.5600,0.7749,3.3273
37.5602,0.7616,3.2793
37.5604,0.6752,2.9062
37.5606,0.6522,2.8071
37.5608,0.6944,2.9901
37.5610,0.5895,2.5419
37.5612,0.5178,2.2306
37.5614,0.536,2.3123
37.5616,0.4951,2.1389
37.5618,0.4156,1.7946
37.5620,0.4022,1.7374
37.5622,0.4371,1.8847
37.5624,0.5325,2.2995
37.5626,0.4127,1.783
37.5628,0.3926,1.6952
37.5630,0.4001,1.7278
37.5632,0.3987,1.7224
37.5634,0.4217,1.8193
37.5636,0.4313,1.8616
37.5638,0.3963,1.7113
37.5640,0.4001,1.7286
37.5642,0.3985,1.719
37.5644,0.4495,1.9403
37.5646,0.4235,1.8288
37.5648,0.3865,1.6665
37.5650,0.4332,1.8681
37.5652,0.4973,2.1433
37.5654,0.5445,2.3403
37.5656,0.6683,2.8776
37.5658,0.612,2.6366
37.5660,0.5962,2.5649
37.5662,0.6301,2.7108
37.5664,0.6358,2.7364
37.5666,0.6578,2.8287
37.5668,0.7016,3.0113
37.5670,0.7252,3.117
37.5672,0.6955,2.9878
37.5674,0.7739,3.3232
37.5676,0.8059,3.4574
37.5678,0.8546,3.668
37.5680,0.8106,3.4775
37.5682,0.8212,3.526
37.5684,0.7858,3.3757
37.5686,0.7951,3.4143
37.5688,0.783,3.3592
37.5690,0.926,3.9668
37.5692,0.9701,4.1578
37.5694,0.9886,4.233
37.5696,0.9742,4.1733
37.5698,0.9752,4.176
37.5700,1.0027,4.2936
37.5702,0.9852,4.2245
37.5704,0.9359,4.0132
37.5706,0.9961,4.2673
37.5708,0.9654,4.1377
37.5710,0.9839,4.2149
37.5712,1.0038,4.2982
37.5714,0.9814,4.2002
37.5716,0.9764,4.1792
37.5718,0.9694,4.1586
37.5720,0.955,4.0988
37.5722,0.9449,4.0499
37.5724,0.9727,4.1671
37.5726,0.9857,4.2246
37.5728,0.9799,4.2019
37.5730,0.9507,4.0783
37.5732,0.8816,3.7856
37.5734,0.8138,3.493
37.5736,0.8861,3.8016
37.5738,0.9173,3.9445
37.5740,0.8188,3.519
37.5742,0.7849,3.369
37.5744,0.8556,3.6738
37.5746,0.8372,3.6001
37.5748,0.737,3.172
37.5750,0.6964,2.9961
37.5752,0.7101,3.0578
37.5754,0.6987,3.0073
37.5756,0.6699,2.8835
37.5758,0.6632,2.8506
37.5760,0.7528,3.2341
37.5762,0.7902,3.3979
37.5764,0.7263,3.1231
37.5766,0.7289,3.1417
37.5768,0.6098,2.6268
37.5770,0.6133,2.6435
37.5772,0.6409,2.7573
37.5774,0.7449,3.2015
37.5776,0.7255,3.1268
37.5778,0.5962,2.5684
37.5780,0.6276,2.7038
37.5782,0.5789,2.4975
37.5784,0.5744,2.4779
37.5786,0.5514,2.3807
37.5788,0.4966,2.1431
37.5790,0.497,2.1422
37.5792,0.5566,2.398
37.5794,0.619,2.6641
37.5796,0.6434,2.772
37.5798,0.5904,2.546
37.5800,0.5175,2.2347
37.5802,0.4979,2.1498
37.5804,0.5241,2.2601
37.5806,0.5885,2.5354
37.5808,0.5594,2.4132
37.5810,0.5228,2.2554
37.5812,0.5043,2.1758
37.5814,0.4819,2.079
37.5816,0.4908,2.1193
37.5818,0.5159,2.2234
37.5820,0.5753,2.4808
37.5822,0.5244,2.2653
37.5824,0.4468,1.9292
37.5826,0.4599,1.9857
37.5828,0.4287,1.8493
37.5830,0.456,1.9664
37.5832,0.4494,1.9388
37.5834,0.4419,1.9089
37.5836,0.4427,1.9134
37.5838,0.4542,1.9586
37.5840,0.5135,2.212
37.5842,0.592,2.5551
37.5844,0.4867,2.1017
37.5846,0.457,1.9705
37.5848,0.4642,2.0015
37.5850,0.4552,1.9646
37.5852,0.4602,1.9863
37.5854,0.4636,1.9999
37.5856,0.5113,2.2017
37.5858,0.5522,2.3777
37.5860,0.5669,2.4435
37.5862,0.5644,2.4327
37.5864,0.5422,2.3349
37.5866,0.5499,2.369
37.5868,0.5681,2.4487
37.5870,0.5924,2.5484
37.5872,0.6307,2.7172
37.5874,0.5856,2.5218
37.5876,0.6098,2.6231
37.5878,0.6442,2.7699
37.5880,0.6478,2.7854
37.5882,0.6891,2.9619
37.5884,0.7226,3.1042
37.5886,0.7179,3.087
37.5888,0.708,3.0428
37.5890,0.7194,3.099
37.5892,0.6375,2.7449
37.5894,0.6474,2.7851
37.5896,0.6646,2.8562
37.5898,0.7556,3.2444
37.5900,0.7391,3.1753
37.5902,0.7437,3.1934
37.5904,0.7936,3.4124
37.5906,0.7601,3.2655
37.5908,0.7634,3.2809
37.5910,0.7259,3.1245
37.5912,0.6798,2.9258
37.5914,0.6794,2.9229
37.5916,0.6523,2.8089
37.5918,0.5621,2.4217
37.5920,0.5996,2.5817
37.5922,0.6306,2.7167
37.5924,0.5641,2.4311
37.5926,0.5522,2.3766
37.5928,0.5978,2.5763
37.5930,0.5332,2.2994
37.5932,0.5241,2.2611
37.5934,0.5055,2.1809
37.5936,0.4914,2.1169
37.5938,0.5883,2.5343
37.5940,0.5854,2.5219
37.5942,0.5613,2.4204
37.5944,0.5077,2.1892
37.5946,0.5185,2.2347
37.5948,0.5203,2.2414
37.5950,0.507,2.1851
37.5952,0.5611,2.4182
37.5954,0.5775,2.4913
37.5956,0.5235,2.2575
37.5958,0.5419,2.3355
37.5960,0.5123,2.2079
37.5962,0.5091,2.1924
37.5964,0.5651,2.4358
37.5966,0.5298,2.2822
37.5968,0.4909,2.1198
37.5970,0.4063,1.755
37.5972,0.3968,1.7133
37.5974,0.3944,1.703
37.5976,0.394,1.6998
37.5978,0.3983,1.7185
37.5980,0.4206,1.8164
37.5982,0.4055,1.7511
37.5984,0.426,1.8354
37.5986,0.5438,2.3438
37.5988,0.5094,2.1975
37.5990,0.4849,2.092
37.5992,0.4854,2.0921
37.5994,0.4859,2.0951
37.5996,0.5037,2.1712
37.5998,0.5556,2.3911
37.6000,0.6149,2.6441
37.6002,0.6156,2.6509
37.6004,0.5827,2.5089
37.6006,0.6351,2.7269
37.6008,0.7406,3.1771
37.6010,0.7818,3.3556
37.6012,0.7485,3.2185
37.6014,0.7237,3.106
37.6016,0.787,3.3746
37.6018,0.8143,3.4918
37.6020,0.869,3.7263
37.6022,0.9534,4.0863
37.6024,0.9188,3.936
37.6026,0.9656,4.133
37.6028,0.9694,4.1508
37.6030,1.0122,4.3341
37.6032,0.9805,4.2025
37.6034,0.9118,3.9098
37.6036,0.9216,3.9502
37.6038,0.9362,4.0123
37.6040,0.9303,3.9872
37.6042,0.8875,3.809
37.6044,0.8691,3.7268
37.6046,0.919,3.9389
37.6048,0.8847,3.7954
37.6050,0.8465,3.6296
37.6052,0.8763,3.7629
37.6054,0.8752,3.7565
37.6056,0.8809,3.7807
37.6058,0.902,3.8659
37.6060,0.9474,4.0588
37.6062,0.9529,4.0843
37.6064,0.8956,3.8458
37.6066,0.8154,3.5046
37.6068,0.8407,3.6066
37.6070,0.8842,3.7916
37.6072,0.8854,3.7967
37.6074,0.9291,3.982
37.6076,0.9575,4.1057
37.6078,0.8905,3.8219
37.6080,0.7891,3.3933
37.6082,0.7831,3.3644
37.6084,0.8393,3.6004
37.6086,0.927,3.977
37.6088,0.892,3.8304
37.6090,0.8567,3.675
37.6092,0.8567,3.6767
37.6094,0.8511,3.6548
37.6096,0.8818,3.7795
37.6098,0.7774,3.3443
37.6100,0.7752,3.3319
37.6102,0.778,3.3422
37.6104,0.7488,3.2201
37.6106,0.7568,3.2571
37.6108,0.6925,2.9791
37.6110,0.6861,2.9518
37.6112,0.7023,3.0228
37.6114,0.7408,3.187
37.6116,0.7268,3.1281
37.6118,0.7005,3.0109
37.6120,0.7324,3.1523
37.6122,0.6455,2.782
37.6124,0.5751,2.4775
37.6126,0.5793,2.4991
37.6128,0.5872,2.532
37.6130,0.6185,2.6645
37.6132,0.5848,2.5229
37.6134,0.4999,2.1586
37.6136,0.496,2.1376
37.6138,0.5416,2.3356
37.6140,0.5661,2.441
37.6142,0.5358,2.3092
37.6144,0.5368,2.3149
37.6146,0.5361,2.3139
37.6148,0.5412,2.3335
37.6150,0.5633,2.4246
37.6152,0.708,3.0442
37.6154,0.7201,3.1021
37.6156,0.574,2.4752
37.6158,0.5409,2.3325
37.6160,0.5343,2.3029
37.6162,0.5334,2.3009
37.6164,0.534,2.3035
37.6166,0.5372,2.3175
37.6168,0.535,2.3039
37.6170,0.566,2.4394
37.6172,0.5285,2.2776
37.6174,0.528,2.2756
37.6176,0.5298,2.2844
37.6178,0.528,2.2756
37.6180,0.528,2.2766
37.6182,0.525,2.2637
37.6184,0.575,2.4759
37.6186,0.5998,2.5851
37.6188,0.5314,2.2916
37.6190,0.5207,2.2461
37.6192,0.5187,2.2368
37.6194,0.5211,2.2482
37.6196,0.5299,2.2859
37.6198,0.5244,2.2611
37.6200,0.529,2.2791
37.6202,0.5304,2.288
37.6204,0.5344,2.3024
37.6206,0.5475,2.3576
37.6208,0.592,2.5492
37.6210,0.6327,2.7242
37.6212,0.6403,2.756
37.6214,0.6744,2.9039
37.6216,0.6473,2.7872
37.6218,0.6607,2.8397
37.6220,0.7235,3.1113
37.6222,0.7052,3.0366
37.6224,0.6671,2.8671
37.6226,0.7299,3.1371
37.6228,0.7259,3.1216
37.6230,0.7123,3.0614
37.6232,0.7605,3.2655
37.6234,0.7719,3.3175
37.6236,0.7223,3.109
37.6238,0.6392,2.7513
37.6240,0.6649,2.8578
37.6242,0.7285,3.1324
37.6244,0.7305,3.1426
37.6246,0.7047,3.0331
37.6248,0.6653,2.862
37.6250,0.7044,3.0259
37.6252,0.8081,3.4699
37.6254,0.7346,3.1602
37.6256,0.6988,3.0022
37.6258,0.7811,3.3541
37.6260,0.7816,3.3593
37.6262,0.754,3.2422
37.6264,0.7598,3.267
37.6266,0.72,3.0943
37.6268,0.6976,2.9999
37.6270,0.7118,3.0607
37.6272,0.7298,3.1381
37.6274,0.7016,3.0169
37.6276,0.6695,2.8841
37.6278,0.6279,2.7048
37.6280,0.622,2.6807
37.6282,0.6659,2.8619
37.6284,0.7339,3.1615
37.6286,0.5942,2.5608
37.6288,0.5901,2.5386
37.6290,0.6491,2.7924
37.6292,0.6811,2.9328
37.6294,0.697,2.9973
37.6296,0.6554,2.8289
37.6298,0.4262,1.8419
37.6300,0.4091,1.7683
37.6302,0.4114,1.7749
37.6304,0.4238,1.8298
37.6306,0.4114,1.7765
37.6308,0.4091,1.7683
37.6310,0.4066,1.7566
37.6312,0.4709,2.0286
37.6314,0.5179,2.2321
37.6316,0.5686,2.4485
37.6318,0.5474,2.3615
37.6320,0.4843,2.0894
37.6322,0.4854,2.095
37.6324,0.4927,2.1226
37.6326,0.5307,2.2853
37.6328,0.5683,2.4492
37.6330,0.6094,2.6253
37.6332,0.6142,2.6398
37.6334,0.7074,3.0416
37.6336,0.7045,3.0265
37.6338,0.7226,3.1028
37.6340,0.7445,3.1955
37.6342,0.8146,3.501
37.6344,0.7932,3.4077
37.6346,0.7816,3.3561
37.6348,0.8369,3.5918
37.6350,0.8768,3.7615
37.6352,0.9118,3.9062
37.6354,0.981,4.2006
37.6356,0.9864,4.2277
37.6358,0.9678,4.148
37.6360,0.9574,4.1052
37.6362,0.9297,3.9846
37.6364,0.9727,4.1671
37.6366,0.9754,4.1824
37.6368,0.9706,4.1618
37.6370,0.9491,4.0697
37.6372,0.9629,4.127
37.6374,0.9713,4.1571
37.6376,0.9829,4.2187
37.6378,0.9444,4.0497
37.6380,0.9339,4.0044
37.6382,0.9149,3.9287
37.6384,0.8917,3.8252
37.6386,0.8838,3.7913
37.6388,0.8832,3.7958
37.6390,0.8389,3.6073
37.6392,0.8142,3.4978
37.6394,0.8266,3.5542
37.6396,0.7289,3.1388
37.6398,0.6944,2.9901
37.6400,0.675,2.9024
37.6402,0.7204,3.095
37.6404,0.7803,3.3489
37.6406,0.8316,3.5792
37.6408,0.78,3.3557
37.6410,0.7599,3.266
37.6412,0.7799,3.3536
37.6414,0.7285,3.1397
37.6416,0.6511,2.805
37.6418,0.6559,2.8218
37.6420,0.662,2.852
37.6422,0.6824,2.9358
37.6424,0.7381,3.1692
37.6426,0.8122,3.4907
37.6428,0.8137,3.5039
37.6430,0.7399,3.1784
37.6432,0.8028,3.4489
37.6434,0.7971,3.4289
37.6436,0.7662,3.2963
37.6438,0.7875,3.3861
37.6440,0.7606,3.2767
37.6442,0.6045,2.6089
37.6444,0.5269,2.2741
37.6446,0.5083,2.1908
37.6448,0.5915,2.5447
37.6450,0.7316,3.1502
37.6452,0.5997,2.587
37.6454,0.5124,2.2114
37.6456,0.5578,2.4042
37.6458,0.601,2.5915
37.6460,0.5799,2.4982
37.6462,0.6016,2.5893
37.6464,0.6111,2.6325
37.6466,0.6318,2.7231
37.6468,0.6275,2.7058
37.6470,0.6023,2.5936
37.6472,0.6215,2.6787
37.6474,0.5957,2.5664
37.6476,0.6576,2.8316
37.6478,0.6717,2.8925
37.6480,0.6285,2.7061
37.6482,0.6281,2.7021
37.6484,0.6733,2.9019
37.6486,0.6305,2.7149
37.6488,0.6167,2.6592
37.6490,0.5554,2.3961
37.6492,0.5593,2.4138
37.6494,0.5497,2.3691
37.6496,0.554,2.3877
37.6498,0.5468,2.3534
37.6500,0.6092,2.6242
37.6502,0.6104,2.6318
37.6504,0.521,2.2487
37.6506,0.4701,2.0297
37.6508,0.4596,1.9856
37.6510,0.4577,1.9754
37.6512,0.4603,1.9868
37.6514,0.4615,1.9929
37.6516,0.4593,1.9813
37.6518,0.4575,1.9735
37.6520,0.451,1.9456
37.6522,0.4455,1.9235
37.6524,0.4454,1.9239
37.6526,0.4438,1.9154
37.6528,0.4464,1.9268
37.6530,0.4415,1.9065
37.6532,0.4506,1.944
37.6534,0.4547,1.9598
37.6536,0.5035,2.1681
37.6538,0.5902,2.5414
37.6540,0.6193,2.6681
37.6542,0.6127,2.6385
37.6544,0.5693,2.455
37.6546,0.5563,2.3975
37.6548,0.5551,2.3879
37.6550,0.6088,2.619
37.6552,0.6352,2.7325
37.6554,0.6445,2.7779
37.6556,0.6178,2.6589
37.6558,0.6426,2.7645
37.6560,0.6854,2.9459
37.6562,0.7167,3.0776
37.6564,0.7704,3.3113
37.6566,0.7258,3.124
37.6568,0.5944,2.5607
37.6570,0.5395,2.3241
37.6572,0.5698,2.4536
37.6574,0.627,2.6999
37.6576,0.6626,2.852
37.6578,0.6571,2.8269
37.6580,0.6285,2.7049
37.6582,0.6161,2.6554
37.6584,0.5636,2.4291
37.6586,0.5998,2.5839
37.6588,0.586,2.5234
37.6590,0.5704,2.4574
37.6592,0.5903,2.5443
37.6594,0.5659,2.4366
37.6596,0.547,2.3555
37.6598,0.5972,2.569
37.6600,0.6192,2.6651
37.6602,0.5821,2.5086
37.6604,0.5499,2.369
37.6606,0.587,2.531
37.6608,0.5229,2.2538
37.6610,0.5195,2.2399
37.6612,0.5201,2.2435
37.6614,0.4859,2.0961
37.6616,0.4021,1.7353
37.6618,0.3867,1.6698
37.6620,0.3885,1.6784
37.6622,0.3939,1.7009
37.6624,0.3781,1.6326
37.6626,0.3711,1.6025
37.6628,0.375,1.6191
37.6630,0.3825,1.6509
37.6632,0.3976,1.717
37.6634,0.3816,1.6476
37.6636,0.4111,1.7725
37.6638,0.4654,2.0058
37.6640,0.5131,2.2145
37.6642,0.4566,1.9671
37.6644,0.5344,2.3003
37.6646,0.5689,2.4541
37.6648,0.4751,2.0495
37.6650,0.4677,2.0147
37.6652,0.482,2.0738
37.6654,0.5693,2.4482
37.6656,0.612,2.6293
37.6658,0.7,3.0088
37.6660,0.698,3
37.6662,0.7143,3.0687
37.6664,0.6835,2.9377
37.6666,0.6948,2.9833
37.6668,0.7743,3.3201
37.6670,0.8255,3.538
37.6672,0.8475,3.6359
37.6674,0.8543,3.6647
37.6676,0.8556,3.6738
37.6678,0.8293,3.5594
37.6680,0.8653,3.7069
37.6682,0.8616,3.6961
37.6684,0.808,3.4678
37.6686,0.8383,3.5913
37.6688,0.9574,4.1033
37.6690,0.9698,4.1548
37.6692,0.9784,4.1893
37.6694,0.9751,4.1774
37.6696,0.9848,4.219
37.6698,0.9734,4.1683
37.6700,0.989,4.237
37.6702,0.9412,4.0339
37.6704,0.9354,4.0149
37.6706,0.9032,3.8746
37.6708,0.9286,3.9818
37.6710,0.9429,4.0411
37.6712,0.9111,3.9049
37.6714,0.9186,3.9373
37.6716,0.9092,3.9022
37.6718,0.9174,3.9358
37.6720,0.9335,4.0029
37.6722,0.9173,3.9335
37.6724,0.8979,3.8574
37.6726,0.8303,3.5668
37.6728,0.8177,3.5078
37.6730,0.821,3.5272
37.6732,0.7611,3.265
37.6734,0.8399,3.6097
37.6736,0.8208,3.5278
37.6738,0.8516,3.6568
37.6740,0.8477,3.6364
37.6742,0.8835,3.792
37.6744,0.8869,3.8064
37.6746,0.8567,3.6819
37.6748,0.8018,3.4415
37.6750,0.8576,3.6809
37.6752,0.8776,3.7738
37.6754,0.7755,3.3345
37.6756,0.7807,3.351
37.6758,0.8541,3.6659
37.6760,0.8959,3.845
37.6762,0.867,3.7193
37.6764,0.8328,3.581
37.6766,0.7655,3.2948
37.6768,0.7052,3.038
37.6770,0.6701,2.8826
37.6772,0.6692,2.8804
37.6774,0.7135,3.0708
37.6776,0.6824,2.9371
37.6778,0.6581,2.831
37.6780,0.6896,2.9667
37.6782,0.7315,3.1438
37.6784,0.7166,3.0871
37.6786,0.662,2.8507
37.6788,0.6653,2.8633
37.6790,0.6594,2.842
37.6792,0.6196,2.6679
37.6794,0.5986,2.5824
37.6796,0.4865,2.1006
37.6798,0.4844,2.0899
37.6800,0.4858,2.0956
37.6802,0.5536,2.3884
37.6804,0.5379,2.3206
37.6806,0.5367,2.3133
37.6808,0.5487,2.3639
37.6810,0.5928,2.5552
37.6812,0.5756,2.475
37.6814,0.7051,3.0361
37.6816,0.6202,2.6742
37.6818,0.5389,2.3226
37.6820,0.5412,2.3346
37.6822,0.5412,2.3346
37.6824,0.5279,2.2761
37.6826,0.5226,2.2523
37.6828,0.5219,2.2482
37.6830,0.5256,2.2652
37.6832,0.5299,2.2859
37.6834,0.538,2.319
37.6836,0.5491,2.3687
37.6838,0.5256,2.2652
37.6840,0.5785,2.492
37.6842,0.6255,2.6945
37.6844,0.5509,2.3754
37.6846,0.5943,2.5542
37.6848,0.6789,2.9235
37.6850,0.5595,2.4115
37.6852,0.5499,2.3701
37.6854,0.5906,2.5442
37.6856,0.6295,2.7083
37.6858,0.708,3.04
37.6860,0.7726,3.3237
37.6862,0.7192,3.0956
37.6864,0.671,2.8868
37.6866,0.6795,2.9207
37.6868,0.751,3.2278
37.6870,0.7642,3.2876
37.6872,0.7038,3.0234
37.6874,0.701,3.0157
37.6876,0.7142,3.0725
37.6878,0.6584,2.83
37.6880,0.7445,3.1985
37.6882,0.7942,3.415
37.6884,0.7815,3.3556
37.6886,0.7768,3.3386
37.6888,0.7128,3.0634
37.6890,0.7083,3.0486
37.6892,0.694,2.9872
37.6894,0.6871,2.9545
37.6896,0.6908,2.9677
37.6898,0.7496,3.2216
37.6900,0.8008,3.4417
37.6902,0.7777,3.3443
37.6904,0.7432,3.1928
37.6906,0.8056,3.4607
37.6908,0.8292,3.5605
37.6910,0.7969,3.4236
37.6912,0.8048,3.4592
37.6914,0.8348,3.5864
37.6916,0.8209,3.5349
37.6918,0.6949,2.988
37.6920,0.6992,3.0108
37.6922,0.6511,2.8024
37.6924,0.6893,2.9638
37.6926,0.6994,3.009
37.6928,0.6897,2.97
37.6930,0.675,2.9092
37.6932,0.5987,2.5805
37.6934,0.59,2.5428
37.6936,0.5928,2.5575
37.6938,0.5159,2.2265
37.6940,0.5237,2.258
37.6942,0.4994,2.1526
37.6944,0.5259,2.2689
37.6946,0.5618,2.4157
37.6948,0.6727,2.894
37.6950,0.6518,2.812
37.6952,0.5275,2.2767
37.6954,0.4978,2.1473
37.6956,0.5064,2.1835
37.6958,0.535,2.3071
37.6960,0.5169,2.2321
37.6962,0.4392,1.8966
37.6964,0.4087,1.7646
37.6966,0.4031,1.7424
37.6968,0.4005,1.7302
37.6970,0.4564,1.9716
37.6972,0.4168,1.7998
37.6974,0.4475,1.9288
37.6976,0.5099,2.1985
37.6978,0.4874,2.1009
37.6980,0.5484,2.3645
37.6982,0.5048,2.1778
37.6984,0.4829,2.0832
37.6986,0.483,2.0837
37.6988,0.4868,2.1002
37.6990,0.492,2.1215
37.6992,0.5162,2.2239
37.6994,0.5618,2.4168
37.6996,0.6114,2.634
37.6998,0.5801,2.4957
37.7000,0.6407,2.7588
37.7002,0.653,2.8094
37.7004,0.7058,3.0335
37.7006,0.7113,3.0587
37.7008,0.6912,2.972
37.7010,0.7088,3.045
37.7012,0.7696,3.3016
37.7014,0.8604,3.6893
37.7016,0.8872,3.8062
37.7018,0.8526,3.6609
37.7020,0.8275,3.5566
37.7022,0.801,3.4395
37.7024,0.8092,3.4762
37.7026,0.8064,3.4611
37.7028,0.8096,3.4782
37.7030,0.7783,3.3438
37.7032,0.8213,3.5183
37.7034,0.9507,4.0764
37.7036,0.9557,4.0961
37.7038,0.9728,4.1677
37.7040,0.9736,4.1707
37.7042,0.9585,4.106
37.7044,0.9793,4.1974
37.7046,0.9091,3.9035
37.7048,0.8531,3.663
37.7050,0.9113,3.906
37.7052,0.976,4.1849
37.7054,0.9013,3.8682
37.7056,0.8908,3.8181
37.7058,0.9146,3.9217
37.7060,0.9461,4.0607
37.7062,0.8912,3.8232
37.7064,0.8987,3.8538
37.7066,0.9309,3.9897
37.7068,0.9836,4.2159
37.7070,1.0069,4.3156
37.7072,0.9487,4.0682
37.7074,0.923,3.9595
37.7076,0.922,3.9591
37.7078,0.8944,3.8389
37.7080,0.9611,4.1212
37.7082,0.9005,3.8687
37.7084,0.8626,3.7094
37.7086,0.8011,3.4465
37.7088,0.8087,3.4741
37.7090,0.819,3.5168
37.7092,0.8204,3.5246
37.7094,0.843,3.6164
37.7096,0.8915,3.8354
37.7098,0.8047,3.4652
37.7100,0.6926,2.9851
37.7102,0.598,2.5774
37.7104,0.5699,2.4587
37.7106,0.5715,2.462
37.7108,0.5877,2.5341
37.7110,0.5603,2.4173
37.7112,0.5316,2.2932
37.7114,0.5907,2.547
37.7116,0.6157,2.6539
37.7118,0.6264,2.6961
37.7120,0.6347,2.7355
37.7122,0.6045,2.6065
37.7124,0.5987,2.5805
37.7126,0.5925,2.5548
37.7128,0.5882,2.5421
37.7130,0.5034,2.1716
37.7132,0.5184,2.2363
37.7134,0.5247,2.2669
37.7136,0.4939,2.1327
37.7138,0.4784,2.0659
37.7140,0.4762,2.0542
37.7142,0.5289,2.2818
37.7144,0.5123,2.2079
37.7146,0.6023,2.5924
37.7148,0.6955,2.9948
37.7150,0.6267,2.7072
37.7152,0.4527,1.9555
37.7154,0.3979,1.718
37.7156,0.4395,1.8977
37.7158,0.4494,1.9406
37.7160,0.4467,1.9287
37.7162,0.4488,1.9389
37.7164,0.4468,1.9301
37.7166,0.4458,1.9251
37.7168,0.4427,1.9108
37.7170,0.4488,1.9389
37.7172,0.4489,1.9386
37.7174,0.4488,1.9362
37.7176,0.4457,1.9237
37.7178,0.4448,1.9195
37.7180,0.4507,1.9463
37.7182,0.4499,1.9427
37.7184,0.4481,1.9349
37.7186,0.447,1.9285
37.7188,0.4468,1.9275
37.7190,0.45,1.9423
37.7192,0.4489,1.9368
37.7194,0.4472,1.929
37.7196,0.4434,1.9121
37.7198,0.4439,1.9168
37.7200,0.4811,2.0744
37.7202,0.5545,2.3887
37.7204,0.5916,2.5453
37.7206,0.6005,2.5894
37.7208,0.5569,2.4001
37.7210,0.5499,2.3679
37.7212,0.5557,2.3927
37.7214,0.5666,2.4397
37.7216,0.599,2.5803
37.7218,0.5669,2.4435
37.7220,0.5679,2.4465
37.7222,0.5969,2.5691
37.7224,0.6473,2.7807
37.7226,0.7695,3.3072
37.7228,0.7335,3.1511
37.7230,0.7207,3.1032
37.7232,0.5771,2.4898
37.7234,0.5245,2.2637
37.7236,0.5137,2.2141
37.7238,0.5607,2.4133
37.7240,0.6072,2.6135
37.7242,0.6458,2.7784
37.7244,0.6461,2.7782
37.7246,0.6348,2.7322
37.7248,0.6799,2.9222
37.7250,0.7354,3.1623
37.7252,0.6576,2.8303
37.7254,0.624,2.687
37.7256,0.6141,2.6405
37.7258,0.638,2.7436
37.7260,0.65,2.7965
37.7262,0.6515,2.804
37.7264,0.6376,2.7441
37.7266,0.6574,2.8293
37.7268,0.6216,2.6742
37.7270,0.649,2.7931
37.7272,0.6286,2.7067
37.7274,0.6291,2.7024
37.7276,0.696,2.9913
37.7278,0.6721,2.8874
37.7280,0.714,3.0714
37.7282,0.6768,2.9115
37.7284,0.7046,3.0298
37.7286,0.6954,2.9873
37.7288,0.7204,3.0993
37.7290,0.699,3.007
37.7292,0.655,2.8202
37.7294,0.5316,2.2911
37.7296,0.5143,2.2187
37.7298,0.5148,2.2208
37.7300,0.5151,2.2192
37.7302,0.5595,2.4104
37.7304,0.5961,2.5679
37.7306,0.6201,2.67
37.7308,0.5764,2.482
37.7310,0.5686,2.4508
37.7312,0.4993,2.154
37.7314,0.4854,2.0921
37.7316,0.4932,2.1286
37.7318,0.4938,2.1292
37.7320,0.4966,2.1401
37.7322,0.4958,2.137
37.7324,0.5077,2.1892
37.7326,0.5331,2.2967
37.7328,0.5761,2.4782
37.7330,0.6183,2.6635
37.7332,0.5909,2.5457
37.7334,0.5841,2.5116
37.7336,0.7182,3.088
37.7338,0.7279,3.1313
37.7340,0.7114,3.0563
37.7342,0.7556,3.2429
37.7344,0.8069,3.4599
37.7346,0.828,3.5488
37.7348,0.8635,3.7044
37.7350,0.8744,3.7477
37.7352,0.9682,4.1496
37.7354,0.9424,4.041
37.7356,0.8983,3.8499
37.7358,0.8924,3.823
37.7360,0.9231,3.9619
37.7362,0.8501,3.6467
37.7364,0.8938,3.8291
37.7366,0.9144,3.923
37.7368,0.896,3.8456
37.7370,0.8772,3.7595
37.7372,0.9172,3.9311
37.7374,0.9126,3.9153
37.7376,0.9049,3.8873
37.7378,0.8173,3.5079
37.7380,0.8316,3.5725
37.7382,0.821,3.5255
37.7384,0.859,3.687
37.7386,0.8292,3.5589
37.7388,0.8194,3.5183
37.7390,0.8195,3.5221
37.7392,0.752,3.2305
37.7394,0.7668,3.2974
37.7396,0.7728,3.3216
37.7398,0.7709,3.3134
37.7400,0.7624,3.2768
37.7402,0.7953,3.4164
37.7404,0.8201,3.5198
37.7406,0.806,3.466
37.7408,0.8038,3.4562
37.7410,0.8045,3.4577
37.7412,0.8178,3.5116
37.7414,0.7539,3.2371
37.7416,0.7975,3.4277
37.7418,0.7653,3.2876
37.7420,0.7463,3.2107
37.7422,0.7175,3.0854
37.7424,0.7683,3.302
37.7426,0.8125,3.4954
37.7428,0.7177,3.0845
37.7430,0.7276,3.1302
37.7432,0.7394,3.1822
37.7434,0.721,3.1033
37.7436,0.6422,2.7667
37.7438,0.6145,2.645
37.7440,0.6577,2.8281
37.7442,0.7039,3.0323
37.7444,0.7123,3.0642
37.7446,0.7127,3.0676
37.7448,0.7017,3.0188
37.7450,0.7711,3.3174
37.7452,0.7196,3.0942
37.7454,0.6636,2.8574
37.7456,0.6221,2.6837
37.7458,0.6407,2.7588
37.7460,0.6594,2.838
37.7462,0.6529,2.8114
37.7464,0.7168,3.0866
37.7466,0.681,2.9309
37.7468,0.6587,2.8336
37.7470,0.6737,2.9021
37.7472,0.6553,2.8231
37.7474,0.6593,2.8361
37.7476,0.6808,2.9263
37.7478,0.7454,3.205
37.7480,0.7208,3.1008
37.7482,0.7197,3.0976
37.7484,0.6638,2.8584
37.7486,0.6189,2.6635
37.7488,0.6799,2.9276
37.7490,0.6645,2.8628
37.7492,0.6135,2.6415
37.7494,0.6268,2.6976
37.7496,0.6708,2.883
37.7498,0.7697,3.3035
37.7500,0.8081,3.4763
37.7502,0.738,3.1765
37.7504,0.701,3.0157
37.7506,0.7173,3.0873
37.7508,0.7178,3.0879
37.7510,0.774,3.3267
37.7512,0.7921,3.4014
37.7514,0.7842,3.3737
37.7516,0.7575,3.2571
37.7518,0.7442,3.1984
37.7520,0.7372,3.17
37.7522,0.7302,3.143
37.7524,0.731,3.1432
37.7526,0.7186,3.0886
37.7528,0.7319,3.1517
37.7530,0.7215,3.1039
37.7532,0.7619,3.2716
37.7534,0.7825,3.3633
37.7536,0.7762,3.336
37.7538,0.7637,3.2855
37.7540,0.7603,3.271
37.7542,0.7701,3.3051
37.7544,0.8468,3.6311
37.7546,0.9123,3.9136
37.7548,0.8964,3.8511
37.7550,0.7919,3.4003
37.7552,0.8307,3.5722
37.7554,0.7436,3.2033
37.7556,0.6765,2.9131
37.7558,0.6681,2.877
37.7560,0.6696,2.8818
37.7562,0.6672,2.8729
37.7564,0.6561,2.8267
37.7566,0.6558,2.8212
37.7568,0.6823,2.9338
37.7570,0.7476,3.2118
37.7572,0.8108,3.4866
37.7574,0.7889,3.3922
37.7576,0.7468,3.2067
37.7578,0.8311,3.5687
37.7580,0.7783,3.3453
37.7582,0.7674,3.3014
37.7584,0.6972,3.0006
37.7586,0.6873,2.961
37.7588,0.6747,2.9013
37.7590,0.7083,3.0485
37.7592,0.6666,2.8703
37.7594,0.7009,3.0165
37.7596,0.6964,2.9947
37.7598,0.7476,3.2133
37.7600,0.771,3.32
37.7602,0.6796,2.9293
37.7604,0.6641,2.8621
37.7606,0.6565,2.8243
37.7608,0.6624,2.8562
37.7610,0.6207,2.6713
37.7612,0.7246,3.1202
37.7614,0.5962,2.5755
37.7616,0.4402,1.9007
37.7618,0.4437,1.9175
37.7620,0.4528,1.956
37.7622,0.4497,1.9425
37.7624,0.4441,1.9178
37.7626,0.441,1.9044
37.7628,0.4489,1.9385
37.7630,0.4479,1.9321
37.7632,0.4451,1.922
37.7634,0.4452,1.9216
37.7636,0.495,2.1334
37.7638,0.559,2.4105
37.7640,0.5367,2.3154
37.7642,0.5324,2.2968
37.7644,0.5336,2.3009
37.7646,0.5257,2.2667
37.7648,0.5384,2.3205
37.7650,0.568,2.4459
37.7652,0.6593,2.8322
37.7654,0.7228,3.1124
37.7656,0.6747,2.904
37.7658,0.7154,3.0747
37.7660,0.7918,3.3967
37.7662,0.8147,3.4965
37.7664,0.8121,3.4939
37.7666,0.7036,3.0214
37.7668,0.797,3.4241
37.7670,0.8347,3.5875
37.7672,0.7906,3.3947
37.7674,0.8335,3.5757
37.7676,0.851,3.6474
37.7678,0.9628,4.1264
37.7680,1.0006,4.2848
37.7682,1.0018,4.2919
37.7684,1.0223,4.3756
37.7686,1.0439,4.4743
37.7688,1.0058,4.3129
37.7690,0.9925,4.2558
37.7692,0.9665,4.1442
37.7694,0.9734,4.1702
37.7696,1.0202,4.3664
37.7698,1.0646,4.5606
37.7700,1.0014,4.2898
37.7702,1.0086,4.3207
37.7704,1.0411,4.462
37.7706,0.9768,4.1904
37.7708,0.8997,3.8614
37.7710,0.944,4.05
37.7712,0.9372,4.0244
37.7714,0.9208,3.9539
37.7716,0.945,4.0541
37.7718,0.9783,4.201
37.7720,0.9846,4.2238
37.7722,0.947,4.0685
37.7724,0.895,3.8431
37.7726,0.848,3.6447
37.7728,0.7944,3.4143
37.7730,0.7595,3.2674
37.7732,0.7842,3.3752
37.7734,0.7853,3.3783
37.7736,0.7645,3.2891
37.7738,0.7765,3.3422
37.7740,0.7733,3.3236
37.7742,0.7894,3.3911
37.7744,0.8511,3.6581
37.7746,0.862,3.7016
37.7748,0.913,3.9186
37.7750,0.8825,3.7896
37.7752,0.8641,3.712
37.7754,0.8378,3.6009
37.7756,0.8416,3.614
37.7758,0.8215,3.5357
37.7760,0.7642,3.2936
37.7762,0.6638,2.8624
37.7764,0.5865,2.5324
37.7766,0.5818,2.5087
37.7768,0.5817,2.5082
37.7770,0.5718,2.467
37.7772,0.5699,2.4587
37.7774,0.5746,2.4731
37.7776,0.6458,2.781
37.7778,0.6774,2.9181
37.7780,0.621,2.6815
37.7782,0.5605,2.4189
37.7784,0.5589,2.41
37.7786,0.5575,2.4038
37.7788,0.5711,2.4616
37.7790,0.5573,2.4055
37.7792,0.5631,2.4281
37.7794,0.5768,2.4905
37.7796,0.4723,2.0395
37.7798,0.4848,2.0933
37.7800,0.4739,2.0453
37.7802,0.5168,2.2295
37.7804,0.5204,2.2471
37.7806,0.5218,2.2523
37.7808,0.5084,2.1953
37.7810,0.5073,2.1917
37.7812,0.5085,2.1948
37.7814,0.4872,2.1017
37.7816,0.509,2.1979
37.7818,0.5079,2.1933
37.7820,0.526,2.2693
37.7822,0.5064,2.1825
37.7824,0.5289,2.2807
37.7826,0.5218,2.2512
37.7828,0.5271,2.2729
37.7830,0.5348,2.3082
37.7832,0.5423,2.3408
37.7834,0.5161,2.2254
37.7836,0.5167,2.229
37.7838,0.5202,2.2461
37.7840,0.5003,2.1561
37.7842,0.586,2.5268
37.7844,0.5259,2.2699
37.7846,0.5099,2.1995
37.7848,0.5639,2.4283
37.7850,0.6084,2.6199
37.7852,0.6005,2.5858
37.7854,0.6521,2.8039
37.7856,0.7002,3.0134
37.7858,0.7196,3.0927
37.7860,0.7159,3.0739
37.7862,0.7771,3.3463
37.7864,0.6753,2.9093
37.7866,0.6463,2.7817
37.7868,0.6343,2.7314
37.7870,0.6218,2.6777
37.7872,0.6686,2.8764
37.7874,0.7075,3.035
37.7876,0.8347,3.5858
37.7878,0.837,3.5939
37.7880,0.8583,3.6856
37.7882,0.8487,3.6444
37.7884,0.8511,3.6564
37.7886,0.7868,3.3834
37.7888,0.7569,3.253
37.7890,0.749,3.216
37.7892,0.7668,3.2958
37.7894,0.7636,3.2834
37.7896,0.7823,3.3638
37.7898,0.7715,3.3221
37.7900,0.7251,3.115
37.7902,0.7974,3.4304
37.7904,0.7192,3.0941
37.7906,0.7156,3.0772
37.7908,0.8208,3.5277
37.7910,0.7879,3.3865
37.7912,0.7514,3.2383
37.7914,0.6485,2.7975
37.7916,0.5752,2.4757
37.7918,0.5949,2.5639
37.7920,0.5854,2.5242
37.7922,0.5757,2.4801
37.7924,0.6476,2.7822
37.7926,0.6914,2.9799
37.7928,0.6037,2.5997
37.7930,0.6635,2.8555
37.7932,0.6787,2.9224
37.7934,0.6957,2.993
37.7936,0.6487,2.7946
37.7938,0.5888,2.5375
37.7940,0.5775,2.489
37.7942,0.5582,2.4046
37.7944,0.5756,2.483
37.7946,0.5802,2.502
37.7948,0.5908,2.5463
37.7950,0.5762,2.4856
37.7952,0.5727,2.4717
37.7954,0.5584,2.4045
37.7956,0.6426,2.7683
37.7958,0.6075,2.6194
37.7960,0.5739,2.4735
37.7962,0.5806,2.5024
37.7964,0.5677,2.4477
37.7966,0.5912,2.5455
37.7968,0.6763,2.9094
37.7970,0.6684,2.8753
37.7972,0.6695,2.8787
37.7974,0.6643,2.8578
37.7976,0.6674,2.8739
37.7978,0.6755,2.9085
37.7980,0.6611,2.8452
37.7982,0.6661,2.8655
37.7984,0.669,2.8806
37.7986,0.6879,2.9581
37.7988,0.7668,3.2912
37.7990,0.7975,3.4214
37.7992,0.8233,3.5385
37.7994,0.8095,3.4809
37.7996,0.8223,3.5262
37.7998,0.8803,3.7781
37.8000,0.8827,3.7831
37.8002,0.9268,3.974
37.8004,0.9162,3.9251
37.8006,0.9129,3.918
37.8008,0.9005,3.8668
37.8010,0.8873,3.8084
37.8012,0.9191,3.9411
37.8014,0.9509,4.0736
37.8016,0.9219,3.9548
37.8018,0.9151,3.9278
37.8020,0.9227,3.9602
37.8022,0.8785,3.7686
37.8024,0.904,3.8782
37.8026,0.951,4.0836
37.8028,0.9107,3.9124
37.8030,0.8985,3.8491
37.8032,0.9668,4.1458
37.8034,0.9118,3.9134
37.8036,0.8691,3.7319
37.8038,0.8424,3.6188
37.8040,0.9041,3.8805
37.8042,0.9684,4.1544
37.8044,0.9334,4.0023
37.8046,0.9371,4.0201
37.8048,0.9677,4.1455
37.8050,0.9949,4.2641
37.8052,0.9967,4.2738
37.8054,0.9659,4.1436
37.8056,1.0149,4.3459
37.8058,1.0317,4.4198
37.8060,1.0668,4.5703
37.8062,1.0707,4.5868
37.8064,1.0628,4.5507
37.8066,1.0655,4.5647
37.8068,1.0618,4.5487
37.8070,1.0672,4.574
37.8072,1.087,4.6544
37.8074,1.0774,4.6155
37.8076,1.0691,4.5844
37.8078,0.9858,4.229
37.8080,0.9508,4.0788
37.8082,1.042,4.464
37.8084,1.0767,4.6124
37.8086,1.1104,4.759
37.8088,1.0849,4.6479
37.8090,1.016,4.3606
37.8092,0.9512,4.0789
37.8094,0.9806,4.201
37.8096,1.0535,4.5175
37.8098,1.0414,4.4739
37.8100,0.9942,4.267
37.8102,1.0216,4.3828
37.8104,1.0229,4.3844
37.8106,1.0552,4.5247
37.8108,1.0725,4.603
37.8110,1.03,4.4167
37.8112,1.0451,4.4836
37.8114,1.0474,4.4913
37.8116,1.0233,4.392
37.8118,1.0216,4.3889
37.8120,1.011,4.337
37.8122,1.0192,4.3766
37.8124,0.9917,4.2502
37.8126,0.9999,4.2877
37.8128,1.0089,4.3323
37.8130,0.9932,4.2708
37.8132,0.9618,4.128
37.8134,0.9644,4.1413
37.8136,0.9821,4.2229
37.8138,0.8285,3.5624
37.8140,0.797,3.4289
37.8142,0.8235,3.5462
37.8144,0.8027,3.4563
37.8146,0.7473,3.2193
37.8148,0.6915,2.9818
37.8150,0.6819,2.9405
37.8152,0.6856,2.9524
37.8154,0.6933,2.9896
37.8156,0.6424,2.7686
37.8158,0.6775,2.9213
37.8160,0.6994,3.0146
37.8162,0.7445,3.2104
37.8164,0.6967,3.0041
37.8166,0.683,2.9424
37.8168,0.6914,2.9855
37.8170,0.5931,2.5609
37.8172,0.6235,2.6862
37.8174,0.6877,2.957
37.8176,0.8613,3.7105
37.8178,0.7156,3.0872
37.8180,0.6282,2.7088
37.8182,0.6144,2.6518
37.8184,0.6157,2.6563
37.8186,0.6317,2.7238
37.8188,0.6307,2.7197
37.8190,0.636,2.7424
37.8192,0.6932,2.9849
37.8194,0.7672,3.3019
37.8196,0.7711,3.3205
37.8198,0.763,3.2854
37.8200,0.7561,3.2575
37.8202,0.7603,3.271
37.8204,0.7527,3.241
37.8206,0.7815,3.3618
37.8208,0.8914,3.8259
37.8210,0.986,4.232
37.8212,0.9521,4.092
37.8214,0.9551,4.0954
37.8216,0.971,4.1715
37.8218,0.8416,3.6208
37.8220,0.7883,3.3975
37.8222,0.738,3.1795
37.8224,0.7161,3.0835
37.8226,0.7241,3.121
37.8228,0.7606,3.2766
37.8230,0.7548,3.2488
37.8232,0.7482,3.2204
37.8234,0.7702,3.3087
37.8236,0.902,3.8766
37.8238,0.8994,3.864
37.8240,0.9271,3.9774
37.8242,0.9901,4.2574
37.8244,0.8262,3.5575
37.8246,0.7986,3.434
37.8248,0.9171,3.9361
37.8250,0.93,3.9972
37.8252,0.8596,3.6999
37.8254,0.8428,3.6276
37.8256,0.8063,3.4686
37.8258,0.8153,3.5073
37.8260,0.83,3.5657
37.8262,0.8991,3.8732
37.8264,0.7782,3.351
37.8266,0.7493,3.225
37.8268,0.79,3.4
37.8270,0.8442,3.6316
37.8272,0.8161,3.5109
37.8274,0.8514,3.6574
37.8276,0.9351,4.0207
37.8278,0.9094,3.9049
37.8280,0.8735,3.7545
37.8282,0.889,3.8174
37.8284,0.9105,3.915
37.8286,0.8273,3.5671
37.8288,0.7156,3.0843
37.8290,0.6936,2.9892
37.8292,0.6653,2.8713
37.8294,0.6555,2.8267
37.8296,0.6416,2.768
37.8298,0.6247,2.6876
37.8300,0.7963,3.421
37.8302,0.8362,3.6042
37.8304,0.7392,3.1861
37.8306,0.7292,3.1398
37.8308,0.8075,3.4689
37.8310,0.8818,3.7989
37.8312,0.6898,2.976
37.8314,0.6242,2.6905
37.8316,0.6183,2.6671
37.8318,0.6209,2.6798
37.8320,0.6396,2.7541
37.8322,0.7503,3.2247
37.8324,0.8006,3.4459
37.8326,0.7457,3.2111
37.8328,0.7191,3.0936
37.8330,0.8009,3.4518
37.8332,0.7555,3.2489
37.8334,0.8472,3.6445
37.8336,0.8704,3.7411
37.8338,0.9198,3.9479
37.8340,0.9378,4.0288
37.8342,0.968,4.1451
37.8344,1.1186,4.7922
37.8346,1.0997,4.7111
37.8348,1.0816,4.6378
37.8350,1.0829,4.6435
37.8352,1.124,4.8154
37.8354,1.1341,4.8585
37.8356,1.1075,4.7467
37.8358,1.145,4.8984
37.8360,1.2158,5.2035
37.8362,1.1963,5.1227
37.8364,1.1782,5.0452
37.8366,1.2286,5.2584
37.8368,1.178,5.0418
37.8370,1.1379,4.8772
37.8372,1.0908,4.6796
37.8374,1.0435,4.4785
37.8376,1.0417,4.4708
37.8378,1.046,4.4893
37.8380,1.0439,4.4785
37.8382,1.0442,4.4899
37.8384,0.9134,3.9238
37.8386,0.8762,3.7728
37.8388,0.8343,3.586
37.8390,0.8571,3.689
37.8392,0.8545,3.6777
37.8394,0.855,3.6746
37.8396,0.9456,4.0604
37.8398,0.9765,4.1991
37.8400,0.8972,3.8578
37.8402,0.8898,3.8192
37.8404,0.9827,4.2195
37.8406,0.9665,4.1616
37.8408,0.802,3.4564
37.8410,0.7898,3.3979
37.8412,0.8451,3.6391
37.8414,0.8297,3.5659
37.8416,0.888,3.8222
37.8418,0.7834,3.3732
37.8420,0.7548,3.2533
37.8422,0.7156,3.0872
37.8424,0.7156,3.0843
37.8426,0.7679,3.3066
37.8428,0.821,3.5353
37.8430,0.8391,3.6099
37.8432,0.8402,3.6162
37.8434,0.8062,3.4745
37.8436,0.6817,2.9394
37.8438,0.6148,2.6558
37.8440,0.5674,2.4512
37.8442,0.6325,2.73
37.8444,0.6256,2.7012
37.8446,0.5512,2.3824
37.8448,0.5488,2.3709
37.8450,0.5736,2.4782
37.8452,0.5673,2.4462
37.8454,0.6569,2.8324
37.8456,0.7045,3.0377
37.8458,0.69,2.9723
37.8460,0.7024,3.0317
37.8462,0.6263,2.7005
37.8464,0.6891,2.9729
37.8466,0.6354,2.7386
37.8468,0.6874,2.9587
37.8470,0.7623,3.2854
37.8472,0.6721,2.8994
37.8474,0.689,2.9696
37.8476,0.7078,3.0536
37.8478,0.5641,2.4345
37.8480,0.6112,2.6366
37.8482,0.6485,2.7949
37.8484,0.6497,2.8027
37.8486,0.593,2.5627
37.8488,0.5185,2.2419
37.8490,0.5118,2.2119
37.8492,0.5108,2.2057
37.8494,0.5109,2.2072
37.8496,0.5271,2.2782
37.8498,0.5218,2.2544
37.8500,0.5107,2.2062
37.8502,0.5102,2.2031
37.8504,0.5132,2.2171
37.8506,0.5153,2.2259
37.8508,0.5939,2.5633
37.8510,0.5639,2.4362
37.8512,0.4971,2.1497
37.8514,0.4949,2.1388
37.8516,0.5039,2.1757
37.8518,0.4958,2.142
37.8520,0.4919,2.1249
37.8522,0.492,2.1264
37.8524,0.5382,2.3227
37.8526,0.5879,2.5363
37.8528,0.5994,2.5847
37.8530,0.6017,2.5958
37.8532,0.6025,2.5994
37.8534,0.6245,2.6915
37.8536,0.6276,2.7037
37.8538,0.6233,2.6889
37.8540,0.6215,2.6811
37.8542,0.6254,2.6957
37.8544,0.6448,2.7776
37.8546,0.7365,3.1684
37.8548,0.7573,3.2581
37.8550,0.8229,3.5353
37.8552,0.8141,3.5054
37.8554,0.6379,2.7507
37.8556,0.6082,2.6237
37.8558,0.6025,2.5994
37.8560,0.5938,2.5628
37.8562,0.5942,2.5632
37.8564,0.6769,2.9133
37.8566,0.7457,3.2096
37.8568,0.6986,3.0067
37.8570,0.7274,3.1277
37.8572,0.7919,3.4083
37.8574,0.766,3.2968
37.8576,0.7612,3.2716
37.8578,0.8328,3.5792
37.8580,0.8359,3.5927
37.8582,0.7454,3.214
37.8584,0.5674,2.4512
37.8586,0.4819,2.0819
37.8588,0.5456,2.3537
37.8590,0.5667,2.4458
37.8592,0.5349,2.3119
37.8594,0.4804,2.0761
37.8596,0.4375,1.8911
37.8598,0.4259,1.84
37.8600,0.4224,1.8249
37.8602,0.4242,1.8336
37.8604,0.4295,1.8572
37.8606,0.4272,1.8482
37.8608,0.4217,1.8227
37.8610,0.4128,1.7843
37.8612,0.4185,1.807
37.8614,0.4282,1.8498
37.8616,0.4299,1.8571
37.8618,0.42,1.8137
37.8620,0.4167,1.7992
37.8622,0.4208,1.8194
37.8624,0.437,1.8876
37.8626,0.4824,2.083
37.8628,0.4684,2.0196
37.8630,0.5672,2.4456
37.8632,0.5786,2.4924
37.8634,0.5798,2.4999
37.8636,0.5693,2.4561
37.8638,0.5632,2.4297
37.8640,0.5497,2.3702
37.8642,0.5439,2.3442
37.8644,0.5673,2.4473
37.8646,0.6004,2.5877
37.8648,0.6252,2.6934
37.8650,0.6493,2.7946
37.8652,0.6651,2.8614
37.8654,0.7069,3.0395
37.8656,0.7705,3.3071
37.8658,0.9084,3.8954
37.8660,0.9088,3.9024
37.8662,0.8651,3.7184
37.8664,0.7757,3.3293
37.8666,0.8304,3.5606
37.8668,0.9063,3.8861
37.8670,0.8907,3.8228
37.8672,0.936,4.0174
37.8674,0.9569,4.1031
37.8676,1.0023,4.2899
37.8678,1.0823,4.6366
37.8680,1.06,4.5389
37.8682,1.0915,4.6696
37.8684,1.098,4.6995
37.8686,1.0788,4.6195
37.8688,1.0875,4.6587
37.8690,1.0661,4.5694
37.8692,1.0582,4.5333
37.8694,1.1292,4.8352
37.8696,1.0859,4.6455
37.8698,1.0774,4.6134
37.8700,1.0125,4.3396
37.8702,1.0176,4.3633
37.8704,1.0153,4.3535
37.8706,1.0089,4.3242
37.8708,0.9917,4.2562
37.8710,0.9172,3.9366
37.8712,0.9064,3.8921
37.8714,0.912,3.9163
37.8716,0.9306,3.9979
37.8718,0.9363,4.0221
37.8720,0.8976,3.8509
37.8722,0.902,3.8748
37.8724,0.9201,3.9489
37.8726,0.9527,4.087
37.8728,0.9005,3.8704
37.8730,0.8631,3.7062
37.8732,0.9556,4.1032
37.8734,0.9367,4.0205
37.8736,0.9351,4.0151
37.8738,0.8885,3.8189
37.8740,0.8743,3.7558
37.8742,0.8785,3.7703
37.8744,0.8829,3.7929
37.8746,0.9394,4.0318
37.8748,0.9297,4.0012
37.8750,0.7647,3.2942
37.8752,0.7353,3.1691
37.8754,0.6528,2.8135
37.8756,0.6251,2.6916
37.8758,0.6842,2.9462
37.8760,0.7154,3.0819
37.8762,0.7553,3.2493
37.8764,0.8101,3.4867
37.8766,0.6871,2.9641
37.8768,0.6275,2.707
37.8770,0.6617,2.8491
37.8772,0.7262,3.124
37.8774,0.7187,3.0992
37.8776,0.6295,2.7158
37.8778,0.6119,2.6385
37.8780,0.5938,2.5616
37.8782,0.6031,2.6008
37.8784,0.609,2.6237
37.8786,0.6218,2.6777
37.8788,0.681,2.9336
37.8790,0.6082,2.6249
37.8792,0.5435,2.3449
37.8794,0.5435,2.347
37.8796,0.584,2.518
37.8798,0.5752,2.4826
37.8800,0.5663,2.4432
37.8802,0.5728,2.4699
37.8804,0.6451,2.7779
37.8806,0.6639,2.8602
37.8808,0.5988,2.5833
37.8810,0.566,2.4427
37.8812,0.5727,2.4694
37.8814,0.5691,2.4539
37.8816,0.5669,2.4469
37.8818,0.57,2.4603
37.8820,0.5675,2.4472
37.8822,0.5699,2.4564
37.8824,0.5698,2.4582
37.8826,0.5884,2.5395
37.8828,0.5643,2.4332
37.8830,0.5632,2.4297
37.8832,0.5926,2.5553
37.8834,0.5871,2.5327
37.8836,0.5963,2.5677
37.8838,0.656,2.8235
37.8840,0.635,2.7383
37.8842,0.6011,2.5908
37.8844,0.6515,2.8039
37.8846,0.6919,2.9792
37.8848,0.6862,2.955
37.8850,0.7118,3.0635
37.8852,0.7072,3.0425
37.8854,0.713,3.0672
37.8856,0.7017,3.0202
37.8858,0.7,3.0129
37.8860,0.7145,3.0754
37.8862,0.6982,3.0052
37.8864,0.7354,3.1622
37.8866,0.8093,3.4685
37.8868,0.9924,4.2533
37.8870,0.9618,4.128
37.8872,0.9446,4.0563
37.8874,0.9022,3.874
37.8876,0.8476,3.6398
37.8878,0.8424,3.6255
37.8880,0.7824,3.3628
37.8882,0.8311,3.5704
37.8884,0.8551,3.67
37.8886,0.8812,3.7839
37.8888,0.8552,3.6739
37.8890,0.8392,3.6088
37.8892,0.807,3.4717
37.8894,0.8148,3.4987
37.8896,0.8189,3.5244
37.8898,0.7354,3.1652
37.8900,0.7759,3.335
37.8902,0.8189,3.5178
37.8904,0.8173,3.5111
37.8906,0.8073,3.4732
37.8908,0.763,3.2885
37.8910,0.6528,2.8135
37.8912,0.6199,2.6707
37.8914,0.6418,2.7647
37.8916,0.6413,2.7652
37.8918,0.6264,2.6973
37.8920,0.6939,2.988
37.8922,0.7482,3.2189
37.8924,0.7486,3.222
37.8926,0.7627,3.2874
37.8928,0.6739,2.9018
37.8930,0.704,3.0286
37.8932,0.7372,3.1729
37.8934,0.7246,3.1231
37.8936,0.6865,2.9519
37.8938,0.7151,3.0837
37.8940,0.589,2.5421
37.8942,0.5816,2.5089
37.8944,0.5724,2.4684
37.8946,0.5735,2.4719
37.8948,0.6047,2.6099
37.8950,0.5269,2.2751
37.8952,0.5021,2.1669
37.8954,0.4818,2.0794
37.8956,0.5262,2.2688
37.8958,0.5161,2.2295
37.8960,0.5085,2.1948
37.8962,0.4886,2.1099
37.8964,0.4873,2.1042
37.8966,0.4859,2.098
37.8968,0.5194,2.2399
37.8970,0.618,2.6624
37.8972,0.5678,2.4494
37.8974,0.4921,2.1249
37.8976,0.4856,2.0989
37.8978,0.4816,2.0774
37.8980,0.4852,2.0939
37.8982,0.4878,2.1063
37.8984,0.4847,2.0919
37.8986,0.5083,2.1918
37.8988,0.5457,2.3509
37.8990,0.6083,2.6218
37.8992,0.606,2.6132
37.8994,0.5778,2.4917
37.8996,0.6272,2.6959
37.8998,0.7096,3.0514
37.9000,0.7144,3.0749
37.9002,0.7163,3.0788
37.9004,0.7982,3.4244
37.9006,0.8361,3.5903
37.9008,0.8612,3.6945
37.9010,0.9375,4.0179
37.9012,0.9685,4.151
37.9014,0.9781,4.1902
37.9016,0.9846,4.2199
37.9018,0.9668,4.1438
37.9020,0.9815,4.2065
37.9022,0.9661,4.1485
37.9024,0.9261,3.9728
37.9026,0.9863,4.2291
37.9028,0.995,4.2666
37.9030,0.9575,4.1076
37.9032,0.964,4.1315
37.9034,1.0011,4.2908
37.9036,0.9831,4.2157
37.9038,0.9714,4.1731
37.9040,0.9148,3.9281
37.9042,0.9422,4.0366
37.9044,0.9807,4.2133
37.9046,0.8811,3.7799
37.9048,0.8967,3.8468
37.9050,0.9062,3.8947
37.9052,0.7824,3.3675
37.9054,0.6992,3.0107
37.9056,0.7551,3.2513
37.9058,0.7253,3.1204
37.9060,0.7288,3.1397
37.9062,0.7139,3.0742
37.9064,0.7296,3.1375
37.9066,0.7624,3.2752
37.9068,0.8226,3.5322
37.9070,0.9052,3.8851
37.9072,0.9371,4.0239
37.9074,0.8678,3.7263
37.9076,0.8413,3.6158
37.9078,0.827,3.5529
37.9080,0.8883,3.8125
37.9082,0.8689,3.7379
37.9084,0.7787,3.3499
37.9086,0.7695,3.3118
37.9088,0.7726,3.3236
37.9090,0.7817,3.3628
37.9092,0.7861,3.3819
37.9094,0.7356,3.1647
37.9096,0.7329,3.1543
37.9098,0.7107,3.0603
37.9100,0.7243,3.1172
37.9102,0.6838,2.9487
37.9104,0.6541,2.8179
37.9106,0.7011,3.019
37.9108,0.6781,2.9198
37.9110,0.7088,3.0506
37.9112,0.7412,3.1885
37.9114,0.6999,3.0166
37.9116,0.5925,2.5559
37.9118,0.586,2.528
37.9120,0.5949,2.5639
37.9122,0.6187,2.6667
37.9124,0.6608,2.8521
37.9126,0.5946,2.5664
37.9128,0.5578,2.4064
37.9130,0.5425,2.3402
37.9132,0.5597,2.4169
37.9134,0.501,2.1652
37.9136,0.4778,2.0614
37.9138,0.5346,2.3061
37.9140,0.4786,2.0674
37.9142,0.4891,2.11
37.9144,0.4986,2.1519
37.9146,0.4782,2.0658
37.9148,0.4814,2.0788
37.9150,0.4849,2.0929
37.9152,0.4868,2.1021
37.9154,0.4822,2.0829
37.9156,0.4776,2.0632
37.9158,0.4646,2.0054
37.9160,0.4704,2.0312
37.9162,0.4721,2.0385
37.9164,0.4746,2.0474
37.9166,0.4726,2.0415
37.9168,0.4758,2.0545
37.9170,0.4741,2.0463
37.9172,0.5482,2.364
37.9174,0.5943,2.5613
37.9176,0.5656,2.4412
37.9178,0.5019,2.1664
37.9180,0.4982,2.1483
37.9182,0.4816,2.0794
37.9184,0.4756,2.0535
37.9186,0.5313,2.2921
37.9188,0.5806,2.5012
37.9190,0.5856,2.5241
37.9192,0.648,2.7941
37.9194,0.6031,2.5971
37.9196,0.5922,2.549
37.9198,0.6434,2.7693
37.9200,0.6589,2.8346
37.9202,0.6943,2.9868
37.9204,0.7644,3.2809
37.9206,0.8588,3.6894
37.9208,0.8207,3.5256
37.9210,0.8264,3.5519
37.9212,0.7726,3.3236
37.9214,0.7003,3.0098
37.9216,0.6848,2.9474
37.9218,0.6813,2.9324
37.9220,0.7077,3.046
37.9222,0.7088,3.0534
37.9224,0.6461,2.7807
37.9226,0.6305,2.7161
37.9228,0.6258,2.696
37.9230,0.633,2.7232
37.9232,0.6871,2.9503
37.9234,0.7734,3.3257
37.9236,0.8246,3.5376
37.9238,0.9123,3.9173
37.9240,0.8014,3.4458
37.9242,0.7561,3.2514
37.9244,0.7264,3.1236
37.9246,0.7149,3.0698
37.9248,0.7985,3.435
37.9250,0.7384,3.1766
37.9252,0.7076,3.0511
37.9254,0.6253,2.6952
37.9256,0.6022,2.593
37.9258,0.6478,2.784
37.9260,0.7201,3.1006
37.9262,0.7278,3.1268
37.9264,0.7873,3.3745
37.9266,0.8644,3.7153
37.9268,0.7777,3.3474
37.9270,0.6745,2.9071
37.9272,0.6565,2.8217
37.9274,0.7555,3.2504
37.9276,0.7022,3.0264
37.9278,0.5856,2.5264
37.9280,0.4814,2.0769
37.9282,0.4783,2.0644
37.9284,0.4884,2.1079
37.9286,0.5426,2.3386
37.9288,0.6184,2.6602
37.9290,0.688,2.9586
37.9292,0.7219,3.1083
37.9294,0.685,2.9484
37.9296,0.6326,2.7254
37.9298,0.579,2.4957
37.9300,0.5758,2.4829
37.9302,0.586,2.5256
37.9304,0.5788,2.4923
37.9306,0.5918,2.554
37.9308,0.5198,2.2424
37.9310,0.5085,2.1928
37.9312,0.4855,2.0935
37.9314,0.4872,2.1017
37.9316,0.4902,2.1147
37.9318,0.5115,2.2057
37.9320,0.5529,2.3819
37.9322,0.6119,2.6361
37.9324,0.5879,2.5339
37.9326,0.5728,2.4677
37.9328,0.6516,2.8018
37.9330,0.7091,3.0479
37.9332,0.7101,3.0563
37.9334,0.7238,3.1108
37.9336,0.8204,3.5229
37.9338,0.836,3.5882
37.9340,0.9168,3.9277
37.9342,1.0022,4.2974
37.9344,0.9433,4.0431
37.9346,0.9461,4.0549
37.9348,0.9759,4.1829
37.9350,0.9843,4.2189
37.9352,0.9757,4.1838
37.9354,0.9553,4.0964
37.9356,0.9668,4.1438
37.9358,0.9948,4.2616
37.9360,0.9582,4.1107
37.9362,0.9305,3.9881
37.9364,0.961,4.1206
37.9366,0.9746,4.1792
37.9368,0.9864,4.2355
37.9370,0.8647,3.7112
37.9372,0.858,3.6892
37.9374,0.8614,3.6973
37.9376,0.8744,3.7546
37.9378,0.9227,3.9621
37.9380,0.8433,3.6229
37.9382,0.8189,3.5129
37.9384,0.9068,3.8918
37.9386,0.9186,3.9446
37.9388,0.9118,3.9134
37.9390,0.8785,3.7739
37.9392,0.8004,3.4321
37.9394,0.9044,3.8797
37.9396,0.8761,3.7653
37.9398,0.869,3.7366
37.9400,0.8228,3.5365
37.9402,0.7968,3.4246
37.9404,0.8376,3.5999
37.9406,0.8015,3.4495
37.9408,0.7314,3.1467
37.9410,0.7269,3.1285
37.9412,0.7354,3.1667
37.9414,0.7365,3.1742
37.9416,0.6099,2.6285
37.9418,0.6331,2.7313
37.9420,0.5993,2.583
37.9422,0.5965,2.5711
37.9424,0.5627,2.4265
37.9426,0.5632,2.4297
37.9428,0.6168,2.6585
37.9430,0.6412,2.7608
37.9432,0.6812,2.9346
37.9434,0.7227,3.1105
37.9436,0.7421,3.1956
37.9438,0.6945,2.9864
37.9440,0.7012,3.0237
37.9442,0.6001,2.5902
37.9444,0.5812,2.505
37.9446,0.6344,2.7306
37.9448,0.6903,2.9725
37.9450,0.733,3.1534
37.9452,0.7704,3.3159
37.9454,0.6385,2.7507
37.9456,0.6089,2.6231
37.9458,0.6054,2.6106
37.9460,0.5844,2.5224
37.9462,0.5856,2.5229
37.9464,0.644,2.7745
37.9466,0.7137,3.0703
37.9468,0.7077,3.046
37.9470,0.66,2.8458
37.9472,0.6105,2.6274
37.9474,0.6891,2.966
37.9476,0.7168,3.0852
37.9478,0.7313,3.1476
37.9480,0.7521,3.2324
37.9482,0.7656,3.2922
37.9484,0.6993,3.0126
37.9486,0.6631,2.854
37.9488,0.6885,2.9634
37.9490,0.6012,2.5949
37.9492,0.5395,2.3294
37.9494,0.5328,2.2973
37.9496,0.537,2.3164
37.9498,0.5468,2.3545
37.9500,0.7,3.0115
37.9502,0.7159,3.0811
37.9504,0.6168,2.6622
37.9506,0.5481,2.3645
37.9508,0.5408,2.3319
37.9510,0.5371,2.3169
37.9512,0.5709,2.4582
37.9514,0.6655,2.8656
37.9516,0.6675,2.8717
37.9518,0.6416,2.7616
37.9520,0.6398,2.7539
37.9522,0.6432,2.7709
37.9524,0.6383,2.7497
37.9526,0.6554,2.8183
37.9528,0.7462,3.2057
37.9530,0.8283,3.5602
37.9532,0.7927,3.4055
37.9534,0.7957,3.42
37.9536,0.7666,3.304
37.9538,0.651,2.8058
37.9540,0.6149,2.649
37.9542,0.6185,2.6657
37.9544,0.6268,2.7014
37.9546,0.6239,2.6865
37.9548,0.6195,2.6661
37.9550,0.6244,2.6898
37.9552,0.6225,2.6828
37.9554,0.6215,2.6774
37.9556,0.6202,2.6717
37.9558,0.6197,2.6709
37.9560,0.6093,2.6247
37.9562,0.646,2.7789
37.9564,0.6932,2.9807
37.9566,0.7579,3.2546
37.9568,0.8083,3.4693
37.9570,0.8235,3.5429
37.9572,0.7008,3.0216
37.9574,0.591,2.5462
37.9576,0.6005,2.5906
37.9578,0.5553,2.3922
37.9580,0.5559,2.3959
37.9582,0.5589,2.41
37.9584,0.5752,2.478
37.9586,0.5806,2.5001
37.9588,0.6077,2.6192
37.9590,0.6064,2.6147
37.9592,0.5973,2.573
37.9594,0.6082,2.6164
37.9596,0.6499,2.8024
37.9598,0.5842,2.5156
37.9600,0.6545,2.8194
37.9602,0.5561,2.3981
37.9604,0.5066,2.1866
37.9606,0.5445,2.349
37.9608,0.4814,2.0798
37.9610,0.4036,1.7444
37.9612,0.3975,1.7172
37.9614,0.3969,1.7138
37.9616,0.4441,1.9169
37.9618,0.4627,1.9934
37.9620,0.5419,2.3365
37.9622,0.5127,2.214
37.9624,0.5023,2.1679
37.9626,0.5123,2.2088
37.9628,0.5196,2.2414
37.9630,0.5012,2.1633
37.9632,0.5252,2.2615
37.9634,0.5895,2.5395
37.9636,0.55,2.3728
37.9638,0.5037,2.1691
37.9640,0.5509,2.3742
37.9642,0.565,2.4341
37.9644,0.5944,2.5606
37.9646,0.6257,2.6942
37.9648,0.6366,2.7374
37.9650,0.687,2.9539
37.9652,0.693,2.9783
37.9654,0.7603,3.2664
37.9656,0.7901,3.391
37.9658,0.8217,3.5318
37.9660,0.7168,3.0866
37.9662,0.6938,2.9833
37.9664,0.7428,3.1927
37.9666,0.7536,3.2376
37.9668,0.7538,3.2366
37.9670,0.7938,3.4086
37.9672,0.8169,3.508
37.9674,0.8433,3.6212
37.9676,0.8849,3.791
37.9678,0.9775,4.1896
37.9680,0.9958,4.2682
37.9682,1.0005,4.2882
37.9684,0.9829,4.2107
37.9686,0.9782,4.1907
37.9688,0.9909,4.2471
37.9690,0.9462,4.0592
37.9692,0.9373,4.0193
37.9694,0.9835,4.2172
37.9696,0.9699,4.1572
37.9698,0.9749,4.1744
37.9700,0.9857,4.2265
37.9702,0.9286,3.9873
37.9704,0.9042,3.8756
37.9706,0.9041,3.8787
37.9708,0.9052,3.8833
37.9710,0.9426,4.04
37.9712,0.9773,4.1866
37.9714,0.9719,4.1693
37.9716,0.9149,3.925
37.9718,0.9416,4.0434
37.9720,0.8725,3.7533
37.9722,0.799,3.4307
37.9724,0.88,3.7788
37.9726,0.8576,3.6911
37.9728,0.7304,3.1435
37.9730,0.6984,3.0029
37.9732,0.6962,2.9978
37.9734,0.6985,3.0076
37.9736,0.7061,3.0378
37.9738,0.7786,3.3416
37.9740,0.8726,3.7504
37.9742,0.6089,2.6195
37.9744,0.6939,2.988
37.9746,0.6738,2.9013
37.9748,0.6735,2.9029
37.9750,0.6154,2.6535
37.9752,0.5903,2.5419
37.9754,0.6448,2.7789
37.9756,0.5936,2.5582
37.9758,0.598,2.5773
37.9760,0.612,2.6341
37.9762,0.6288,2.7114
37.9764,0.5896,2.5388
37.9766,0.6209,2.676
37.9768,0.6703,2.889
37.9770,0.6078,2.6197
37.9772,0.5991,2.5796
37.9774,0.6566,2.8287
37.9776,0.6626,2.8559
37.9778,0.5997,2.5822
37.9780,0.6346,2.7337
37.9782,0.5706,2.4641
37.9784,0.5119,2.2104
37.9786,0.5166,2.2285
37.9788,0.5172,2.2342
37.9790,0.4347,1.8795
37.9792,0.4122,1.7826
37.9794,0.4139,1.7882
37.9796,0.4252,1.8318
37.9798,0.5962,2.5672
37.9800,0.6157,2.6587
37.9802,0.4687,2.024
37.9804,0.4471,1.9308
37.9806,0.4446,1.9208
37.9808,0.4331,1.871
37.9810,0.4293,1.8528
37.9812,0.4294,1.8541
37.9814,0.4464,1.9277
37.9816,0.4471,1.9308
37.9818,0.4355,1.8814
37.9820,0.4335,1.8726
37.9822,0.4348,1.8766
37.9824,0.4452,1.9234
37.9826,0.4477,1.9333
37.9828,0.4372,1.8878
37.9830,0.4386,1.8931
37.9832,0.4332,1.8707
37.9834,0.445,1.9206
37.9836,0.4649,2.0027
37.9838,0.5247,2.2626
37.9840,0.5277,2.2745
37.9842,0.5668,2.4396
37.9844,0.6413,2.7588
37.9846,0.6695,2.8773
37.9848,0.6789,2.9194
37.9850,0.6846,2.9436
37.9852,0.7578,3.2571
37.9854,0.7529,3.2405
37.9856,0.6673,2.8694
37.9858,0.7057,3.0344
37.9860,0.7179,3.0841
37.9862,0.7681,3.303
37.9864,0.7267,3.1231
37.9866,0.7421,3.1867
37.9868,0.7909,3.3962
37.9870,0.8424,3.6171
37.9872,0.8161,3.5076
37.9874,0.7695,3.3118
37.9876,0.7008,3.009
37.9878,0.7412,3.187
37.9880,0.6996,3.0095
37.9882,0.7011,3.012
37.9884,0.7741,3.3241
37.9886,0.7807,3.3603
37.9888,0.7179,3.0884
37.9890,0.7,3.0171
37.9892,0.586,2.5256
37.9894,0.6082,2.6176
37.9896,0.6647,2.8567
37.9898,0.7675,3.2928
37.9900,0.7468,3.2142
37.9902,0.6035,2.5987
37.9904,0.4529,1.9547
37.9906,0.4595,1.9823
37.9908,0.5017,2.1643
37.9910,0.4961,2.139
37.9912,0.4991,2.152
37.9914,0.5016,2.1628
37.9916,0.5326,2.2967
37.9918,0.5085,2.1928
37.9920,0.5012,2.1623
37.9922,0.5036,2.1726
37.9924,0.5108,2.1996
37.9926,0.5401,2.3277
37.9928,0.5365,2.3144
37.9930,0.5154,2.2223
37.9932,0.5186,2.2342
37.9934,0.5419,2.3365
37.9936,0.4697,2.0309
37.9938,0.3937,1.7006
37.9940,0.3895,1.6809
37.9942,0.4066,1.7558
37.9944,0.4118,1.778
37.9946,0.4134,1.7836
37.9948,0.5001,2.1546
37.9950,0.5053,2.1788
37.9952,0.5022,2.1664
37.9954,0.5001,2.1576
37.9956,0.5005,2.1592
37.9958,0.4955,2.1364
37.9960,0.4967,2.1416
37.9962,0.4983,2.1489
37.9964,0.4865,2.0977
37.9966,0.4799,2.0692
37.9968,0.4894,2.1071
37.9970,0.5233,2.2564
37.9972,0.4922,2.1225
37.9974,0.4941,2.1298
37.9976,0.5288,2.277
37.9978,0.5181,2.2321
37.9980,0.5654,2.4345
37.9982,0.6047,2.599
37.9984,0.6372,2.7425
37.9986,0.5811,2.5033
37.9988,0.6035,2.5951
37.9990,0.6746,2.8995
37.9992,0.7113,3.0586
37.9994,0.7196,3.0899
37.9996,0.7674,3.2938
37.9998,0.7797,3.3463
38.0000,0.7992,3.4254
38.0002,0.9407,4.0262
38.0004,1.0088,4.3197
38.0006,0.9683,4.15
38.0008,0.9363,4.0147
38.0010,0.9057,3.8872
38.0012,0.8433,3.6195
38.0014,0.8197,3.5182
38.0016,0.7752,3.3257
38.0018,0.8451,3.6273
38.0020,0.8097,3.4787
38.0022,0.8322,3.5717
38.0024,0.8966,3.8445
38.0026,0.8991,3.8535
38.0028,0.8999,3.8589
38.0030,0.919,3.9424
38.0032,0.8817,3.7807
38.0034,0.9316,3.9965
38.0036,0.9251,3.9705
38.0038,0.8574,3.6798
38.0040,0.821,3.5271
38.0042,0.8338,3.5806
38.0044,0.8443,3.6254
38.0046,0.8094,3.4707
38.0048,0.9064,3.883
38.0050,0.9596,4.1111
38.0052,0.9887,4.2393
38.0054,0.9244,3.9656
38.0056,0.9262,3.9678
38.0058,0.9805,4.2044
38.0060,0.977,4.1934
38.0062,0.9129,3.9144
38.0064,0.8948,3.8368
38.0066,0.9131,3.9154
38.0068,0.9258,3.9792
38.0070,0.8142,3.501
38.0072,0.7854,3.3773
38.0074,0.7806,3.3535
38.0076,0.782,3.3597
38.0078,0.7892,3.3906
38.0080,0.7693,3.3051
38.0082,0.7415,3.193
38.0084,0.7349,3.1602
38.0086,0.7715,3.319
38.0088,0.7443,3.1989
38.0090,0.7699,3.3107
38.0092,0.7106,3.0583
38.0094,0.6636,2.8574
38.0096,0.6455,2.7807
38.0098,0.6335,2.729
38.0100,0.6377,2.7471
38.0102,0.5892,2.5396
38.0104,0.6187,2.6692
38.0106,0.5991,2.5784
38.0108,0.6501,2.8008
38.0110,0.6078,2.6185
38.0112,0.6386,2.7487
38.0114,0.6017,2.5909
38.0116,0.5775,2.4913
38.0118,0.5708,2.4612
38.0120,0.5672,2.4445
38.0122,0.5741,2.4756
38.0124,0.5727,2.4671
38.0126,0.5667,2.4402
38.0128,0.6171,2.6533
38.0130,0.7113,3.0614
38.0132,0.6896,2.9708
38.0134,0.6159,2.6556
38.0136,0.5784,2.4942
38.0138,0.5367,2.3165
38.0140,0.4783,2.0635
38.0142,0.4804,2.0732
38.0144,0.5051,2.1778
38.0146,0.5319,2.2926
38.0148,0.5247,2.2616
38.0150,0.539,2.3241
38.0152,0.5438,2.3459
38.0154,0.5384,2.3237
38.0156,0.5331,2.2977
38.0158,0.5344,2.3034
38.0160,0.5367,2.3111
38.0162,0.5921,2.5485
38.0164,0.6247,2.6913
38.0166,0.5477,2.363
38.0168,0.521,2.2497
38.0170,0.5155,2.2218
38.0172,0.5382,2.3173
38.0174,0.6089,2.6231
38.0176,0.6049,2.6061
38.0178,0.6493,2.792
38.0180,0.7105,3.0522
38.0182,0.785,3.371
38.0184,0.7975,3.4341
38.0186,0.6714,2.8923
38.0188,0.6503,2.7949
38.0190,0.7319,3.1458
38.0192,0.7741,3.3257
38.0194,0.7826,3.3591
38.0196,0.8916,3.8269
38.0198,0.8189,3.5195
38.0200,0.6729,2.895
38.0202,0.6233,2.6851
38.0204,0.6111,2.6349
38.0206,0.5989,2.5791
38.0208,0.5994,2.5799
38.0210,0.6001,2.5842
38.0212,0.6155,2.6479
38.0214,0.6052,2.6059
38.0216,0.6013,2.5906
38.0218,0.5995,2.5828
38.0220,0.6028,2.5956
38.0222,0.6135,2.6428
38.0224,0.6049,2.6049
38.0226,0.6595,2.8359
38.0228,0.7299,3.1356
38.0230,0.8093,3.4734
38.0232,0.8199,3.5257
38.0234,0.7708,3.319
38.0236,0.6529,2.8101
38.0238,0.6509,2.8013
38.0240,0.6757,2.9068
38.0242,0.6733,2.8965
38.0244,0.7037,3.0275
38.0246,0.6649,2.8604
38.0248,0.6933,2.9813
38.0250,0.715,3.0774
38.0252,0.6656,2.8635
38.0254,0.6507,2.806
38.0256,0.5776,2.4883
38.0258,0.6222,2.6743
38.0260,0.6864,2.9555
38.0262,0.6131,2.64
38.0264,0.6155,2.6479
38.0266,0.7005,3.0136
38.0268,0.6876,2.9593
38.0270,0.6784,2.9187
38.0272,0.7055,3.031
38.0274,0.7398,3.1828
38.0276,0.6877,2.957
38.0278,0.7228,3.1067
38.0280,0.7286,3.1314
38.0282,0.7679,3.3004
38.0284,0.7534,3.2396
38.0286,0.6975,3.0021
38.0288,0.696,2.9954
38.0290,0.671,2.8894
38.0292,0.6009,2.5873
38.0294,0.6266,2.7008
38.0296,0.5922,2.549
38.0298,0.6189,2.6673
38.0300,0.5894,2.5389
38.0302,0.6259,2.6952
38.0304,0.5768,2.4882
38.0306,0.492,2.1234
38.0308,0.4871,2.1012
38.0310,0.4981,2.1468
38.0312,0.526,2.2662
38.0314,0.5723,2.4644
38.0316,0.6149,2.6514
38.0318,0.5741,2.4733
38.0320,0.5865,2.5254
38.0322,0.6957,2.9916
38.0324,0.7285,3.128
38.0326,0.7856,3.372
38.0328,0.7969,3.422
38.0330,0.8397,3.6058
38.0332,0.8687,3.7286
38.0334,0.8845,3.7908
38.0336,0.9112,3.9072
38.0338,0.9464,4.0565
38.0340,0.9783,4.1873
38.0342,0.971,4.1599
38.0344,0.9424,4.0352
38.0346,0.9945,4.2645
38.0348,0.9791,4.2021
38.0350,0.9257,3.9657
38.0352,0.9975,4.2734
38.0354,0.9776,4.1901
38.0356,0.9028,3.8766
38.0358,0.8914,3.8224
38.0360,0.9388,4.0236
38.0362,0.9521,4.0844
38.0364,0.9024,3.8787
38.0366,0.8099,3.4792
38.0368,0.8201,3.5246
38.0370,0.8219,3.5324
38.0372,0.8185,3.5163
38.0374,0.8107,3.4828
38.0376,0.8094,3.4755
38.0378,0.838,3.6019
38.0380,0.8181,3.518
38.0382,0.8264,3.5486
38.0384,0.8403,3.61
38.0386,0.9015,3.8655
38.0388,0.9494,4.0731
38.0390,0.8486,3.649
38.0392,0.7794,3.3499
38.0394,0.7915,3.4067
38.0396,0.7708,3.3159
38.0398,0.7913,3.4025
38.0400,0.7529,3.239
38.0402,0.7058,3.0391
38.0404,0.6485,2.7923
38.0406,0.6692,2.883
38.0408,0.6641,2.8621
38.0410,0.5991,2.5844
38.0412,0.5831,2.5156
38.0414,0.5726,2.4689
38.0416,0.5505,2.3705
38.0418,0.5997,2.5834
38.0420,0.6504,2.798
38.0422,0.6984,3.0057
38.0424,0.687,2.9567
38.0426,0.6739,2.9031
38.0428,0.5974,2.5759
38.0430,0.5879,2.5351
38.0432,0.5907,2.5446
38.0434,0.6045,2.604
38.0436,0.6573,2.8318
38.0438,0.6211,2.6746
38.0440,0.5988,2.5798
38.0442,0.5765,2.4837
38.0444,0.6049,2.6073
38.0446,0.6276,2.7025
38.0448,0.6154,2.651
38.0450,0.5698,2.457
38.0452,0.5705,2.4601
38.0454,0.589,2.5362
38.0456,0.6244,2.6885
38.0458,0.6259,2.6952
38.0460,0.6408,2.7618
38.0462,0.6624,2.8509
38.0464,0.6617,2.8491
38.0466,0.6051,2.6078
38.0468,0.5325,2.2994
38.0470,0.4711,2.0334
38.0472,0.4837,2.0858
38.0474,0.5783,2.4949
38.0476,0.5322,2.2968
38.0478,0.4639,2.0023
38.0480,0.4854,2.093
38.0482,0.5293,2.2823
38.0484,0.5162,2.2249
38.0486,0.5338,2.3008
38.0488,0.5391,2.3236
38.0490,0.5705,2.4601
38.0492,0.5914,2.5454
38.0494,0.637,2.744
38.0496,0.5579,2.4081
38.0498,0.4676,2.0184
38.0500,0.4611,1.989
38.0502,0.4748,2.0475
38.0504,0.5461,2.3525
38.0506,0.5593,2.4104
38.0508,0.5583,2.4063
38.0510,0.5643,2.4321
38.0512,0.5685,2.4479
38.0514,0.6107,2.6333
38.0516,0.5575,2.4038
38.0518,0.5553,2.3933
38.0520,0.5871,2.5244
38.0522,0.6537,2.8124
38.0524,0.669,2.8766
38.0526,0.7265,3.1212
38.0528,0.7874,3.3892
38.0530,0.6386,2.7538
38.0532,0.5547,2.393
38.0534,0.5348,2.306
38.0536,0.5253,2.2652
38.0538,0.5318,2.2931
38.0540,0.5326,2.2967
38.0542,0.5319,2.2936
38.0544,0.5284,2.2786
38.0546,0.5258,2.2673
38.0548,0.5282,2.2776
38.0550,0.5353,2.3081
38.0552,0.534,2.3035
38.0554,0.5373,2.3147
38.0556,0.5453,2.3494
38.0558,0.5927,2.5522
38.0560,0.6352,2.7337
38.0562,0.6667,2.8721
38.0564,0.6341,2.7316
38.0566,0.5778,2.4882
38.0568,0.6341,2.7291
38.0570,0.6049,2.6109
38.0572,0.4738,2.0448
38.0574,0.439,1.8929
38.0576,0.477,2.0549
38.0578,0.5127,2.2119
38.0580,0.517,2.2285
38.0582,0.5276,2.2729
38.0584,0.5109,2.2031
38.0586,0.5015,2.1633
38.0588,0.5063,2.181
38.0590,0.5475,2.3565
38.0592,0.5465,2.3534
38.0594,0.5186,2.2352
38.0596,0.5432,2.3422
38.0598,0.5162,2.2238
38.0600,0.4763,2.0556
38.0602,0.4021,1.7361
38.0604,0.3937,1.699
38.0606,0.4045,1.744
38.0608,0.5125,2.2068
38.0610,0.5307,2.2895
38.0612,0.532,2.291
38.0614,0.5474,2.3592
38.0616,0.4817,2.076
38.0618,0.4967,2.1416
38.0620,0.4989,2.1514
38.0622,0.4868,2.0982
38.0624,0.4864,2.0972
38.0626,0.4734,2.0394
38.0628,0.4903,2.1142
38.0630,0.5115,2.2047
38.0632,0.5507,2.3715
38.0634,0.5716,2.4602
38.0636,0.5922,2.5466
38.0638,0.6163,2.6539
38.0640,0.6071,2.6118
38.0642,0.6225,2.6753
38.0644,0.6954,2.9872
38.0646,0.7378,3.1652
38.0648,0.8245,3.5437
38.0650,0.7762,3.3329
38.0652,0.7775,3.3354
38.0654,0.8281,3.5542
38.0656,0.8419,3.6117
38.0658,0.8419,3.6117
38.0660,0.8455,3.6271
38.0662,0.8587,3.6803
38.0664,0.8745,3.7516
38.0666,0.8845,3.7978
38.0668,0.8655,3.7096
38.0670,0.9427,4.0386
38.0672,0.9687,4.1501
38.0674,0.9556,4.0936
38.0676,0.9601,4.1093
38.0678,1.0171,4.3571
38.0680,0.9911,4.2476
38.0682,0.9371,4.0126
38.0684,0.9746,4.1753
38.0686,0.9705,4.1578
38.0688,0.9608,4.1181
38.0690,0.9529,4.0842
38.0692,0.9305,3.9937
38.0694,0.849,3.6522
38.0696,0.7415,3.19
38.0698,0.7057,3.033
38.0700,0.7342,3.1541
38.0702,0.7656,3.2876
38.0704,0.8311,3.5637
38.0706,0.9151,3.9187
38.0708,0.981,4.2064
38.0710,0.9617,4.1275
38.0712,0.9381,4.0224
38.0714,0.893,3.8362
38.0716,0.844,3.626
38.0718,0.833,3.5786
38.0720,0.8028,3.4472
38.0722,0.7679,3.2989
38.0724,0.7969,3.4267
38.0726,0.8094,3.4788
38.0728,0.8021,3.4457
38.0730,0.7678,3.2999
38.0732,0.7755,3.3314
38.0734,0.593,2.5556
38.0736,0.5837,2.5147
38.0738,0.6246,2.6896
38.0740,0.6347,2.738
38.0742,0.5615,2.4213
38.0744,0.5566,2.4013
38.0746,0.5662,2.4415
38.0748,0.5631,2.4258
38.0750,0.5691,2.4505
38.0752,0.5882,2.5326
38.0754,0.6683,2.8748
38.0756,0.735,3.1622
38.0758,0.7042,3.0296
38.0760,0.734,3.1575
38.0762,0.6966,2.9966
38.0764,0.6322,2.7246
38.0766,0.6144,2.6457
38.0768,0.6507,2.7995
38.0770,0.6293,2.7135
38.0772,0.5793,2.4956
38.0774,0.5853,2.5225
38.0776,0.5777,2.4888
38.0778,0.5792,2.4962
38.0780,0.5813,2.5043
38.0782,0.5678,2.4482
38.0784,0.4916,2.1209
38.0786,0.5121,2.2073
38.0788,0.6452,2.7732
38.0790,0.7156,3.0858
38.0792,0.544,2.3448
38.0794,0.5197,2.2419
38.0796,0.526,2.2693
38.0798,0.5238,2.2574
38.0800,0.5242,2.2605
38.0802,0.5221,2.2523
38.0804,0.5245,2.2626
38.0806,0.5275,2.2745
38.0808,0.5235,2.2574
38.0810,0.5262,2.2699
38.0812,0.5319,2.2926
38.0814,0.54,2.3283
38.0816,0.5314,2.2894
38.0818,0.5343,2.3029
38.0820,0.5392,2.323
38.0822,0.5962,2.566
38.0824,0.6926,2.9796
38.0826,0.6493,2.7959
38.0828,0.5958,2.5668
38.0830,0.6372,2.7412
38.0832,0.7071,3.0363
38.0834,0.7295,3.1311
38.0836,0.7448,3.201
38.0838,0.7798,3.3452
38.0840,0.8207,3.5272
38.0842,0.7509,3.2303
38.0844,0.753,3.2365
38.0846,0.7487,3.2135
38.0848,0.8239,3.5296
38.0850,0.8592,3.6892
38.0852,0.7963,3.4242
38.0854,0.7912,3.3957
38.0856,0.8366,3.5874
38.0858,0.8606,3.7005
38.0860,0.7768,3.337
38.0862,0.7997,3.4338
38.0864,0.7808,3.3577
38.0866,0.774,3.3236
38.0868,0.7548,3.2503
38.0870,0.6876,2.9579
38.0872,0.746,3.2076
38.0874,0.7162,3.0826
38.0876,0.6541,2.8153
38.0878,0.6515,2.8052
38.0880,0.6425,2.7665
38.0882,0.6693,2.8768
38.0884,0.7241,3.1138
38.0886,0.7469,3.2088
38.0888,0.7603,3.268
38.0890,0.8088,3.4778
38.0892,0.7563,3.252
38.0894,0.6981,3.0019
38.0896,0.6885,2.962
38.0898,0.6645,2.8615
38.0900,0.6,2.5861
38.0902,0.5866,2.5259
38.0904,0.6096,2.625
38.0906,0.5981,2.5755
38.0908,0.5873,2.5313
38.0910,0.5983,2.5717
38.0912,0.6912,2.9747
38.0914,0.6187,2.6655
38.0916,0.5898,2.5434
38.0918,0.5908,2.5451
38.0920,0.6596,2.839
38.0922,0.6153,2.6517
38.0924,0.5257,2.2678
38.0926,0.4892,2.1115
38.0928,0.4754,2.0511
38.0930,0.4735,2.0428
38.0932,0.4894,2.1101
38.0934,0.5192,2.2378
38.0936,0.5783,2.4937
38.0938,0.58,2.4998
38.0940,0.571,2.4599
38.0942,0.5666,2.4419
38.0944,0.58,2.4986
38.0946,0.5894,2.5378
38.0948,0.6135,2.6403
38.0950,0.5681,2.4521
38.0952,0.5354,2.3054
38.0954,0.6547,2.8192
38.0956,0.5883,2.5366
38.0958,0.5067,2.1871
38.0960,0.4933,2.1281
38.0962,0.4928,2.1241
38.0964,0.4974,2.1437
38.0966,0.4945,2.1333
38.0968,0.4953,2.1369
38.0970,0.4922,2.1225
38.0972,0.5063,2.183
38.0974,0.5415,2.3328
38.0976,0.5925,2.55
38.0978,0.6042,2.603
38.0980,0.5722,2.4616
38.0982,0.6396,2.7439
38.0984,0.7759,3.335
38.0986,0.7257,3.1219
38.0988,0.7054,3.0319
38.0990,0.7555,3.2443
38.0992,0.7811,3.354
38.0994,0.8155,3.4969
38.0996,0.9106,3.9046
38.0998,0.9345,4.0013
38.1000,0.9608,4.1201
38.1002,0.9421,4.0436
38.1004,0.9044,3.8761
38.1006,0.9201,3.9452
38.1008,0.9751,4.1812
38.1010,0.9371,4.0126
38.1012,0.9467,4.0575
38.1014,0.9407,4.0337
38.1016,0.9132,3.9141
38.1018,0.9327,3.9955
38.1020,0.9568,4.0988
38.1022,0.9201,3.9471
38.1024,0.89,3.8197
38.1026,0.9341,4.0035
38.1028,0.9612,4.1197
38.1030,0.9324,3.9963
38.1032,0.9285,3.9812
38.1034,0.9523,4.0816
38.1036,0.9937,4.259
38.1038,0.971,4.1657
38.1040,0.8731,3.7454
38.1042,0.8973,3.8493
38.1044,0.9216,3.9575
38.1046,0.8743,3.7558
38.1048,0.835,3.5874
38.1050,0.8601,3.6933
38.1052,0.9102,3.9049
38.1054,0.967,4.1482
38.1056,0.963,4.1293
38.1058,0.9333,4.0093
38.1060,0.7243,3.1201
38.1062,0.6778,2.9202
38.1064,0.6626,2.8506
38.1066,0.729,3.1378
38.1068,0.7503,3.2247
38.1070,0.7834,3.3654
38.1072,0.7825,3.3711
38.1074,0.6524,2.8107
38.1076,0.6426,2.767
38.1078,0.648,2.7902
38.1080,0.6517,2.8102
38.1082,0.6438,2.7709
38.1084,0.7085,3.0496
38.1086,0.7215,3.1053
38.1088,0.6213,2.6776
38.1090,0.604,2.6032
38.1092,0.5629,2.4293
38.1094,0.5208,2.2476
38.1096,0.5402,2.3304
38.1098,0.5816,2.5112
38.1100,0.5292,2.2817
38.1102,0.5661,2.441
38.1104,0.506,2.183
38.1106,0.4926,2.126
38.1108,0.4816,2.0794
38.1110,0.4849,2.0919
38.1112,0.5001,2.1606
38.1114,0.5003,2.1601
38.1116,0.5428,2.3396
38.1118,0.5838,2.5175
38.1120,0.5233,2.2616
38.1122,0.4227,1.826
38.1124,0.421,1.8162
38.1126,0.4561,1.9696
38.1128,0.4458,1.9268
38.1130,0.4464,1.9277
38.1132,0.4512,1.9484
38.1134,0.447,1.9302
38.1136,0.4446,1.9199
38.1138,0.444,1.9155
38.1140,0.4438,1.9154
38.1142,0.4515,1.9485
38.1144,0.4483,1.9332
38.1146,0.4459,1.9256
38.1148,0.4409,1.9038
38.1150,0.4435,1.9143
38.1152,0.4523,1.9503
38.1154,0.4487,1.9375
38.1156,0.4513,1.9489
38.1158,0.4637,1.9994
38.1160,0.5095,2.1939
38.1162,0.5558,2.391
38.1164,0.5937,2.5564
38.1166,0.575,2.4793
38.1168,0.5747,2.4759
38.1170,0.5859,2.5204
38.1172,0.6042,2.6006
38.1174,0.5928,2.5575
38.1176,0.5461,2.3536
38.1178,0.5546,2.388
38.1180,0.6242,2.683
38.1182,0.685,2.9471
38.1184,0.6709,2.8795
38.1186,0.8107,3.4828
38.1188,0.7332,3.1559
38.1190,0.5969,2.5691
38.1192,0.5937,2.554
38.1194,0.6005,2.5882
38.1196,0.5138,2.2156
38.1198,0.5047,2.1773
38.1200,0.5064,2.1845
38.1202,0.5137,2.214
38.1204,0.5125,2.2109
38.1206,0.5077,2.1902
38.1208,0.5046,2.1747
38.1210,0.5077,2.1872
38.1212,0.5155,2.2207
38.1214,0.5141,2.2176
38.1216,0.5209,2.2461
38.1218,0.5742,2.4716
38.1220,0.6053,2.6052
38.1222,0.6319,2.7211
38.1224,0.7296,3.1331
38.1226,0.7012,3.0209
38.1228,0.5964,2.5682
38.1230,0.5864,2.5249
38.1232,0.5788,2.4923
38.1234,0.6197,2.6684
38.1236,0.6258,2.691
38.1238,0.6347,2.7291
38.1240,0.6702,2.8764
38.1242,0.6907,2.9727
38.1244,0.5963,2.5689
38.1246,0.6113,2.6322
38.1248,0.6278,2.6985
38.1250,0.6662,2.8687
38.1252,0.6132,2.6405
38.1254,0.5981,2.5743
38.1256,0.6221,2.675
38.1258,0.6798,2.9284
38.1260,0.6003,2.5848
38.1262,0.5523,2.3782
38.1264,0.6305,2.7161
38.1266,0.5671,2.444
38.1268,0.5145,2.2187
38.1270,0.5256,2.2652
38.1272,0.5666,2.4385
38.1274,0.6207,2.6713
38.1276,0.5943,2.5589
38.1278,0.5148,2.2197
38.1280,0.4969,2.1427
38.1282,0.4973,2.1442
38.1284,0.5144,2.214
38.1286,0.61,2.6266
38.1288,0.618,2.6612
38.1290,0.6328,2.7209
38.1292,0.6259,2.694
38.1294,0.5796,2.4948
38.1296,0.5982,2.5772
38.1298,0.5843,2.5208
38.1300,0.5117,2.2052
38.1302,0.5055,2.1779
38.1304,0.5408,2.3276
38.1306,0.5918,2.5469
38.1308,0.5995,2.5816
38.1310,0.5764,2.4797
38.1312,0.6293,2.7059
38.1314,0.696,2.9926
38.1316,0.7207,3.0974
38.1318,0.7089,3.044
38.1320,0.7698,3.3056
38.1322,0.802,3.442
38.1324,0.8524,3.6484
38.1326,0.955,4.093
38.1328,0.9415,4.0354
38.1330,0.9727,4.169
38.1332,0.9683,4.1481
38.1334,0.9623,4.1224
38.1336,0.9801,4.2009
38.1338,0.9616,4.1193
38.1340,0.9311,3.9888
38.1342,0.9768,4.1865
38.1344,0.9788,4.1952
38.1346,0.9634,4.127
38.1348,0.955,4.0891
38.1350,0.9387,4.0324
38.1352,0.8215,3.5275
38.1354,0.8028,3.4472
38.1356,0.8138,3.4946
38.1358,0.8362,3.5892
38.1360,0.8527,3.6614
38.1362,0.8398,3.6063
38.1364,0.8741,3.7466
38.1366,0.8762,3.7606
38.1368,0.8275,3.5549
38.1370,0.7774,3.338
38.1372,0.8356,3.5899
38.1374,0.8088,3.4713
38.1376,0.782,3.3644
38.1378,0.7804,3.3509
38.1380,0.8733,3.7465
38.1382,0.8873,3.8066
38.1384,0.8936,3.8405
38.1386,0.8305,3.5695
38.1388,0.777,3.338
38.1390,0.7871,3.3845
38.1392,0.7018,3.0221
38.1394,0.6541,2.8166
38.1396,0.6358,2.7389
38.1398,0.6919,2.9723
38.1400,0.7735,3.3262
38.1402,0.7539,3.2416
38.1404,0.7644,3.2885
38.1406,0.6793,2.9291
38.1408,0.5855,2.5259
38.1410,0.5964,2.5694
38.1412,0.5867,2.5276
38.1414,0.6726,2.8921
38.1416,0.7466,3.2117
38.1418,0.7113,3.0586
38.1420,0.6765,2.9118
38.1422,0.6798,2.9271
38.1424,0.6511,2.8037
38.1426,0.6519,2.806
38.1428,0.6771,2.9144
38.1430,0.7388,3.1767
38.1432,0.7314,3.1452
38.1434,0.7034,3.0288
38.1436,0.619,2.6641
38.1438,0.6655,2.8656
38.1440,0.6895,2.9703
38.1442,0.6643,2.8591
38.1444,0.66,2.8419
38.1446,0.606,2.612
38.1448,0.6186,2.665
38.1450,0.626,2.6958
38.1452,0.6949,2.9921
38.1454,0.677,2.9138
38.1456,0.7079,3.047
38.1458,0.6665,2.8684
38.1460,0.6445,2.7753
38.1462,0.6456,2.7786
38.1464,0.6914,2.9799
38.1466,0.6018,2.5939
38.1468,0.5539,2.386
38.1470,0.5823,2.5085
38.1472,0.647,2.7887
38.1474,0.6187,2.6692
38.1476,0.5549,2.3929
38.1478,0.5413,2.3329
38.1480,0.5384,2.3183
38.1482,0.6539,2.8103
38.1484,0.683,2.9383
38.1486,0.6896,2.9653
38.1488,0.7521,3.2279
38.1490,0.8038,3.4545
38.1492,0.7358,3.1653
38.1494,0.6808,2.9331
38.1496,0.6438,2.7735
38.1498,0.6436,2.7699
38.1500,0.6391,2.7495
38.1502,0.6454,2.7763
38.1504,0.735,3.1578
38.1506,0.8503,3.6477
38.1508,0.8725,3.7498
38.1510,0.7615,3.2792
38.1512,0.653,2.8119
38.1514,0.6292,2.7054
38.1516,0.6979,3.005
38.1518,0.642,2.7657
38.1520,0.6282,2.7038
38.1522,0.616,2.6524
38.1524,0.6075,2.6169
38.1526,0.6109,2.6331
38.1528,0.6108,2.6302
38.1530,0.6096,2.625
38.1532,0.6058,2.6085
38.1534,0.6076,2.6175
38.1536,0.6099,2.6285
38.1538,0.6124,2.6418
38.1540,0.6107,2.6321
38.1542,0.5981,2.5743
38.1544,0.6118,2.6319
38.1546,0.665,2.8649
38.1548,0.6565,2.823
38.1550,0.6639,2.8563
38.1552,0.6631,2.8527
38.1554,0.6813,2.9352
38.1556,0.6012,2.5913
38.1558,0.5808,2.5034
38.1560,0.6433,2.7663
38.1562,0.7015,3.0163
38.1564,0.6907,2.9727
38.1566,0.6353,2.7368
38.1568,0.6221,2.6775
38.1570,0.6536,2.8132
38.1572,0.626,2.697
38.1574,0.6434,2.7706
38.1576,0.6352,2.735
38.1578,0.6276,2.7075
38.1580,0.4413,1.901
38.1582,0.5427,2.3402
38.1584,0.5117,2.2103
38.1586,0.4126,1.7825
38.1588,0.4432,1.9128
38.1590,0.426,1.8413
38.1592,0.4158,1.7973
38.1594,0.415,1.7878
38.1596,0.523,2.2543
38.1598,0.557,2.4028
38.1600,0.4982,2.1483
38.1602,0.4844,2.0889
38.1604,0.4859,2.0931
38.1606,0.5136,2.2155
38.1608,0.4873,2.0993
38.1610,0.5488,2.3643
38.1612,0.5673,2.4473
38.1614,0.4951,2.1339
38.1616,0.4816,2.0774
38.1618,0.4765,2.0548
38.1620,0.4941,2.1298
38.1622,0.5338,2.3008
38.1624,0.5599,2.4107
38.1626,0.631,2.7144
38.1628,0.6181,2.6617
38.1630,0.6091,2.623
38.1632,0.61,2.6253
38.1634,0.6034,2.5982
38.1636,0.6228,2.6781
38.1638,0.6583,2.8333
38.1640,0.6991,3.0018
38.1642,0.7294,3.1365
38.1644,0.703,3.0216
38.1646,0.7302,3.1386
38.1648,0.755,3.2402
38.1650,0.8291,3.5566
38.1652,0.7928,3.3997
38.1654,0.8312,3.5676
38.1656,0.8484,3.6412
38.1658,0.839,3.5977
38.1660,0.9217,3.9524
38.1662,0.9782,4.1907
38.1664,0.947,4.0571
38.1666,0.9449,4.046
38.1668,0.9805,4.1965
38.1670,1.0252,4.388
38.1672,1.0039,4.3026
38.1674,0.9358,4.0126
38.1676,0.9734,4.1702
38.1678,0.9839,4.2148
38.1680,0.9815,4.2046
38.1682,0.9773,4.1866
38.1684,0.977,4.1875
38.1686,0.9504,4.0734
38.1688,0.9762,4.1898
38.1690,0.9588,4.1094
38.1692,0.9855,4.224
38.1694,0.9269,3.9764
38.1696,0.954,4.0908
38.1698,0.9594,4.1177
38.1700,0.9227,3.9584
38.1702,0.9012,3.8681
38.1704,0.84,3.6119
38.1706,0.8225,3.5316
38.1708,0.8522,3.6593
38.1710,0.8793,3.7757
38.1712,0.8744,3.7546
38.1714,0.8677,3.724
38.1716,0.8892,3.8149
38.1718,0.9083,3.9058
38.1720,0.825,3.5441
38.1722,0.8243,3.5493
38.1724,0.6714,2.8896
38.1726,0.6408,2.7657
38.1728,0.5831,2.5097
38.1730,0.689,2.9655
38.1732,0.6268,2.7001
38.1734,0.6467,2.791
38.1736,0.5824,2.5101
38.1738,0.6094,2.6276
38.1740,0.5847,2.5235
38.1742,0.5784,2.4942
38.1744,0.5733,2.4709
38.1746,0.6096,2.6275
38.1748,0.6127,2.6409
38.1750,0.623,2.6804
38.1752,0.6777,2.9183
38.1754,0.6335,2.7316
38.1756,0.5832,2.5138
38.1758,0.5888,2.5399
38.1760,0.5111,2.2037
38.1762,0.5407,2.3303
38.1764,0.6087,2.6233
38.1766,0.6027,2.5987
38.1768,0.541,2.3362
38.1770,0.5236,2.258
38.1772,0.5576,2.4032
38.1774,0.5419,2.3376
38.1776,0.5083,2.1938
38.1778,0.4994,2.1545
38.1780,0.4975,2.1432
38.1782,0.5716,2.4613
38.1784,0.6246,2.6921
38.1786,0.6323,2.7239
38.1788,0.5217,2.2549
38.1790,0.4158,1.7956
38.1792,0.4623,1.9951
38.1794,0.4198,1.8127
38.1796,0.4688,2.0226
38.1798,0.489,2.1115
38.1800,0.459,1.9802
38.1802,0.4571,1.9728
38.1804,0.4548,1.9648
38.1806,0.4766,2.0572
38.1808,0.4581,1.9779
38.1810,0.4576,1.9758
38.1812,0.4601,1.9858
38.1814,0.4741,2.0444
38.1816,0.5057,2.1824
38.1818,0.4563,1.9683
38.1820,0.478,2.0562
38.1822,0.5908,2.5428
38.1824,0.6478,2.7879
38.1826,0.6482,2.7926
38.1828,0.5826,2.5077
38.1830,0.577,2.4846
38.1832,0.5695,2.4509
38.1834,0.5714,2.4626
38.1836,0.5716,2.4636
38.1838,0.5801,2.498
38.1840,0.6064,2.6087
38.1842,0.6632,2.8532
38.1844,0.6657,2.8627
38.1846,0.7034,3.0246
38.1848,0.7162,3.0812
38.1850,0.6743,2.902
38.1852,0.6418,2.7608
38.1854,0.6771,2.913
38.1856,0.7314,3.1482
38.1858,0.7379,3.1731
38.1860,0.6778,2.9147
38.1862,0.6747,2.9067
38.1864,0.6171,2.657
38.1866,0.6159,2.6482
38.1868,0.6427,2.7662
38.1870,0.666,2.8677
38.1872,0.6903,2.9698
38.1874,0.7295,3.137
38.1876,0.7131,3.0635
38.1878,0.7418,3.1896
38.1880,0.7443,3.1974
38.1882,0.7559,3.2519
38.1884,0.6921,2.9789
38.1886,0.7066,3.0371
38.1888,0.724,3.1162
38.1890,0.6196,2.6691
38.1892,0.5998,2.5815
38.1894,0.653,2.8119
38.1896,0.5991,2.5784
38.1898,0.6342,2.7321
38.1900,0.544,2.3491
38.1902,0.4722,2.039
38.1904,0.4485,1.9347
38.1906,0.4894,2.1071
38.1908,0.58,2.5021
38.1910,0.5245,2.2605
38.1912,0.5101,2.1975
38.1914,0.5262,2.2688
38.1916,0.5007,2.1602
38.1918,0.5281,2.2729
38.1920,0.5909,2.5492
38.1922,0.5475,2.3598
38.1924,0.5453,2.3504
38.1926,0.5366,2.3106
38.1928,0.5463,2.3535
38.1930,0.5792,2.495
38.1932,0.5641,2.4333
38.1934,0.4911,2.1188
38.1936,0.4867,2.0987
38.1938,0.4886,2.108
38.1940,0.4861,2.0971
38.1942,0.4846,2.0904
38.1944,0.4849,2.0909
38.1946,0.4828,2.0807
38.1948,0.4807,2.0719
38.1950,0.4831,2.0842
38.1952,0.4844,2.0889
38.1954,0.4862,2.0966
38.1956,0.4796,2.0672
38.1958,0.5245,2.2595
38.1960,0.5594,2.4132
38.1962,0.4938,2.1292
38.1964,0.4786,2.0626
38.1966,0.4852,2.093
38.1968,0.4926,2.1221
38.1970,0.5371,2.3116
38.1972,0.5671,2.4395
38.1974,0.6202,2.6717
38.1976,0.5969,2.5703
38.1978,0.5943,2.5554
38.1980,0.6892,2.961
38.1982,0.7412,3.1825
38.1984,0.7157,3.0734
38.1986,0.753,3.2365
38.1988,0.7347,3.1562
38.1990,0.7684,3.2979
38.1992,0.8793,3.7704
38.1994,0.9383,4.0178
38.1996,0.9458,4.0539
38.1998,0.9292,3.9787
38.2000,0.9658,4.1353
38.2002,0.9253,3.9679
38.2004,0.899,3.8547
38.2006,0.8864,3.7972
38.2008,0.9168,3.9332
38.2010,0.9,3.8576
38.2012,0.9815,4.2065
38.2014,0.9719,4.1635
38.2016,0.9478,4.0621
38.2018,0.9064,3.8794
38.2020,0.9372,4.0188
38.2022,0.9479,4.0664
38.2024,0.9162,3.927
38.2026,0.9333,3.9981
38.2028,0.9915,4.2457
38.2030,0.999,4.2796
38.2032,0.9629,4.1269
38.2034,0.9305,3.9918
38.2036,0.8792,3.7699
38.2038,0.889,3.8156
38.2040,0.8883,3.8125
38.2042,0.9192,3.9398
38.2044,0.9385,4.0225
38.2046,0.9036,3.8766
38.2048,0.9112,3.9108
38.2050,0.8475,3.6426
38.2052,0.8255,3.5462
38.2054,0.8301,3.5646
38.2056,0.7964,3.4247
38.2058,0.7406,3.1859
38.2060,0.6713,2.8904
38.2062,0.6912,2.9706
38.2064,0.7249,3.1183
38.2066,0.7113,3.0614
38.2068,0.7017,3.0202
38.2070,0.7175,3.084
38.2072,0.7792,3.352
38.2074,0.7268,3.1266
38.2076,0.6734,2.8997
38.2078,0.6643,2.8565
38.2080,0.6961,2.9973
38.2082,0.5897,2.5429
38.2084,0.5864,2.5249
38.2086,0.6482,2.7887
38.2088,0.7051,3.0304
38.2090,0.7451,3.1995
38.2092,0.7635,3.2859
38.2094,0.7187,3.0934
38.2096,0.6757,2.9068
38.2098,0.6813,2.9297
38.2100,0.7006,3.0211
38.2102,0.5942,2.562
38.2104,0.5712,2.4621
38.2106,0.568,2.447
38.2108,0.639,2.7502
38.2110,0.6587,2.8336
38.2112,0.6474,2.7864
38.2114,0.6478,2.7905
38.2116,0.59,2.5439
38.2118,0.5781,2.4927
38.2120,0.5632,2.4275
38.2122,0.571,2.461
38.2124,0.5378,2.3222
38.2126,0.5046,2.1768
38.2128,0.501,2.1612
38.2130,0.4802,2.0708
38.2132,0.5228,2.2564
38.2134,0.5294,2.2849
38.2136,0.5265,2.2704
38.2138,0.5283,2.276
38.2140,0.5252,2.2657
38.2142,0.5247,2.2626
38.2144,0.5227,2.2507
38.2146,0.5876,2.5312
38.2148,0.622,2.6782
38.2150,0.5685,2.4502
38.2152,0.6184,2.664
38.2154,0.6394,2.7531
38.2156,0.628,2.7003
38.2158,0.6354,2.7335
38.2160,0.6371,2.7407
38.2162,0.6344,2.7332
38.2164,0.6365,2.7394
38.2166,0.6464,2.7822
38.2168,0.6546,2.816
38.2170,0.7225,3.1022
38.2172,0.8502,3.6472
38.2174,0.8407,3.6099
38.2176,0.759,3.2669
38.2178,0.6709,2.8848
38.2180,0.729,3.1349
38.2182,0.6968,3.0004
38.2184,0.6374,2.7474
38.2186,0.6246,2.6908
38.2188,0.6172,2.6576
38.2190,0.6035,2.5975
38.2192,0.6063,2.6118
38.2194,0.6042,2.603
38.2196,0.6187,2.663
38.2198,0.6801,2.9245
38.2200,0.7424,3.1862
38.2202,0.7383,3.1805
38.2204,0.6233,2.6864
38.2206,0.6089,2.6195
38.2208,0.6018,2.5915
38.2210,0.6096,2.6238
38.2212,0.6602,2.8416
38.2214,0.6644,2.8597
38.2216,0.6909,2.9696
38.2218,0.7305,3.1382
38.2220,0.7343,3.1591
38.2222,0.6826,2.9354
38.2224,0.7282,3.1313
38.2226,0.6908,2.9704
38.2228,0.6796,2.9266
38.2230,0.6795,2.9233
38.2232,0.7374,3.1681
38.2234,0.7705,3.3149
38.2236,0.7124,3.0632
38.2238,0.7437,3.1963
38.2240,0.7185,3.0881
38.2242,0.6933,2.984
38.2244,0.6292,2.7104
38.2246,0.6111,2.6324
38.2248,0.6595,2.8372
38.2250,0.6657,2.868
38.2252,0.6135,2.6379
38.2254,0.6855,2.9491
38.2256,0.6545,2.8168
38.2258,0.6595,2.8372
38.2260,0.6925,2.9832
38.2262,0.6069,2.6131
38.2264,0.601,2.589
38.2266,0.5937,2.5564
38.2268,0.6109,2.6331
38.2270,0.5953,2.5648
38.2272,0.6084,2.6199
38.2274,0.5885,2.5377
38.2276,0.5174,2.2321
38.2278,0.5287,2.2786
38.2280,0.5832,2.5126
38.2282,0.5939,2.5586
38.2284,0.5879,2.5316
38.2286,0.5843,2.5196
38.2288,0.5147,2.2202
38.2290,0.4934,2.1277
38.2292,0.4865,2.0977
38.2294,0.4977,2.1453
38.2296,0.5609,2.4165
38.2298,0.6046,2.6058
38.2300,0.6205,2.6708
38.2302,0.663,2.8508
38.2304,0.676,2.903
38.2306,0.7747,3.3314
38.2308,0.6938,2.9861
38.2310,0.683,2.9383
38.2312,0.6931,2.9788
38.2314,0.7094,3.0504
38.2316,0.7024,3.019
38.2318,0.7432,3.1928
38.2320,0.7922,3.4019
38.2322,0.8183,3.5087
38.2324,0.9292,3.9787
38.2326,0.931,3.992
38.2328,0.9008,3.8679
38.2330,0.8942,3.836
38.2332,0.8927,3.8244
38.2334,0.9375,4.0198
38.2336,0.9524,4.0898
38.2338,0.8581,3.6794
38.2340,0.9028,3.873
38.2342,0.8777,3.7655
38.2344,0.8775,3.7627
38.2346,0.9365,4.0157
38.2348,0.9575,4.1037
38.2350,0.9587,4.1089
38.2352,0.9369,4.0154
38.2354,0.9346,4.0056
38.2356,0.9829,4.2107
38.2358,0.9727,4.1729
38.2360,0.9203,3.9481
38.2362,0.9059,3.8846
38.2364,0.9466,4.057
38.2366,0.953,4.1
38.2368,0.7649,3.2906
38.2370,0.7631,3.2829
38.2372,0.7269,3.1256
38.2374,0.7197,3.1005
38.2376,0.707,3.0429
38.2378,0.732,3.1493
38.2380,0.7228,3.111
38.2382,0.7136,3.0727
38.2384,0.6924,2.9785
38.2386,0.7202,3.0968
38.2388,0.6362,2.7435
38.2390,0.5619,2.4218
38.2392,0.6054,2.607
38.2394,0.677,2.9098
38.2396,0.7356,3.1618
38.2398,0.6903,2.9711
38.2400,0.6703,2.8823
38.2402,0.6468,2.7903
38.2404,0.528,2.2776
38.2406,0.4903,2.1162
38.2408,0.5109,2.2031
38.2410,0.6161,2.6504
38.2412,0.7115,3.0611
38.2414,0.6903,2.9698
38.2416,0.6704,2.8855
38.2418,0.6624,2.8522
38.2420,0.6666,2.8716
38.2422,0.6864,2.9527
38.2424,0.6948,2.9902
38.2426,0.69,2.9696
38.2428,0.6696,2.8885
38.2430,0.5382,2.3205
38.2432,0.5214,2.2492
38.2434,0.5537,2.3855
38.2436,0.5898,2.5434
38.2438,0.6023,2.5947
38.2440,0.6205,2.6732
38.2442,0.624,2.687
38.2444,0.6552,2.8186
38.2446,0.6439,2.7753
38.2448,0.5503,2.3749
38.2450,0.4588,1.9819
38.2452,0.4525,1.955
38.2454,0.4486,1.937
38.2456,0.4512,1.9493
38.2458,0.4438,1.918
38.2460,0.4422,1.9078
38.2462,0.4485,1.9338
38.2464,0.4632,1.9983
38.2466,0.4505,1.9435
38.2468,0.4539,1.9579
38.2470,0.4501,1.9428
38.2472,0.4663,2.0136
38.2474,0.4876,2.1013
38.2476,0.5434,2.3411
38.2478,0.5594,2.412
38.2480,0.5801,2.4968
38.2482,0.636,2.7373
38.2484,0.6115,2.6357
38.2486,0.579,2.4934
38.2488,0.5745,2.4772
38.2490,0.5718,2.4624
38.2492,0.6195,2.6661
38.2494,0.6416,2.7629
38.2496,0.6707,2.8811
38.2498,0.7874,3.3781
38.2500,0.8475,3.6342
38.2502,0.8599,3.6974
38.2504,0.7428,3.1957
38.2506,0.6703,2.889
38.2508,0.6165,2.6594
38.2510,0.5234,2.2559
38.2512,0.519,2.2357
38.2514,0.5286,2.2792
38.2516,0.5179,2.2342
38.2518,0.5127,2.2109
38.2520,0.5151,2.2202
38.2522,0.5193,2.2414
38.2524,0.5181,2.2352
38.2526,0.5136,2.2135
38.2528,0.5121,2.2073
38.2530,0.5127,2.2099
38.2532,0.5175,2.2326
38.2534,0.5204,2.244
38.2536,0.4932,2.1276
38.2538,0.5182,2.2326
38.2540,0.5438,2.3448
38.2542,0.5782,2.4909
38.2544,0.5772,2.4879
38.2546,0.5603,2.4117
38.2548,0.5848,2.5205
38.2550,0.5837,2.5158
38.2552,0.5627,2.4231
38.2554,0.548,2.3596
38.2556,0.5398,2.3278
38.2558,0.5216,2.2502
38.2560,0.4929,2.1256
38.2562,0.4982,2.1483
38.2564,0.5193,2.2383
38.2566,0.5379,2.3184
38.2568,0.5009,2.1567
38.2570,0.5437,2.3432
38.2572,0.5165,2.2238
38.2574,0.5403,2.3277
38.2576,0.5993,2.5818
38.2578,0.5671,2.444
38.2580,0.5151,2.2182
38.2582,0.5419,2.3344
38.2584,0.5963,2.5689
38.2586,0.5602,2.4123
38.2588,0.5722,2.4651
38.2590,0.5095,2.1959
38.2592,0.5067,2.185
38.2594,0.492,2.1224
38.2596,0.4879,2.1048
38.2598,0.495,2.1334
38.2600,0.4921,2.121
38.2602,0.5506,2.371
38.2604,0.5533,2.3846
38.2606,0.48,2.0688
38.2608,0.4715,2.034
38.2610,0.469,2.0231
38.2612,0.4844,2.0898
38.2614,0.5018,2.1598
38.2616,0.5512,2.3736
38.2618,0.5746,2.472
38.2620,0.6434,2.7681
38.2622,0.6163,2.649
38.2624,0.6096,2.6226
38.2626,0.6319,2.7211
38.2628,0.6292,2.7079
38.2630,0.6191,2.6596
38.2632,0.6886,2.9584
38.2634,0.7061,3.035
38.2636,0.6938,2.9847
38.2638,0.6561,2.8214
38.2640,0.6561,2.8201
38.2642,0.6873,2.9541
38.2644,0.738,3.1677
38.2646,0.787,3.3824
38.2648,0.7648,3.2794
38.2650,0.8382,3.5974
38.2652,0.824,3.5317
38.2654,0.9286,3.9706
38.2656,0.995,4.2666
38.2658,0.9336,4.0015
38.2660,0.9395,4.0229
38.2662,0.9732,4.1672
38.2664,0.9924,4.2553
38.2666,0.967,4.1443
38.2668,0.9258,3.9625
38.2670,0.9717,4.1571
38.2672,0.9692,4.1522
38.2674,0.9888,4.2379
38.2676,0.9924,4.2473
38.2678,1.0238,4.3839
38.2680,0.993,4.2559
38.2682,0.9626,4.1258
38.2684,0.9726,4.1627
38.2686,0.919,3.9443
38.2688,0.8948,3.8403
38.2690,0.9148,3.9208
38.2692,0.94,4.0306
38.2694,0.9309,3.9952
38.2696,0.8681,3.7296
38.2698,0.8004,3.4369
38.2700,0.7728,3.32
38.2702,0.798,3.425
38.2704,0.8954,3.8465
38.2706,0.812,3.4868
38.2708,0.7686,3.3066
38.2710,0.7632,3.2819
38.2712,0.7854,3.3757
38.2714,0.7391,3.1767
38.2716,0.7028,3.0234
38.2718,0.7233,3.1131
38.2720,0.7053,3.0314
38.2722,0.6903,2.9753
38.2724,0.6449,2.7768
38.2726,0.6485,2.7923
38.2728,0.6439,2.7714
38.2730,0.7049,3.0299
38.2732,0.7573,3.2521
38.2734,0.7109,3.0585
38.2736,0.6741,2.9001
38.2738,0.7247,3.1178
38.2740,0.7553,3.2493
38.2742,0.7067,3.039
38.2744,0.7048,3.0336
38.2746,0.6665,2.8671
38.2748,0.6479,2.7923
38.2750,0.5816,2.5077
38.2752,0.5613,2.4192
38.2754,0.5989,2.5803
38.2756,0.6403,2.761
38.2758,0.5909,2.5468
38.2760,0.5805,2.4996
38.2762,0.5752,2.4791
38.2764,0.5602,2.4157
38.2766,0.5696,2.4548
38.2768,0.5641,2.4322
38.2770,0.5654,2.4401
38.2772,0.5384,2.3162
38.2774,0.6482,2.7939
38.2776,0.533,2.3004
38.2778,0.4854,2.094
38.2780,0.5328,2.2973
38.2782,0.5431,2.3406
38.2784,0.5385,2.321
38.2786,0.5356,2.3107
38.2788,0.535,2.3081
38.2790,0.5358,2.3091
38.2792,0.5317,2.2915
38.2794,0.5437,2.3454
38.2796,0.527,2.2724
38.2798,0.5073,2.1846
38.2800,0.5373,2.3169
38.2802,0.5594,2.4098
38.2804,0.6203,2.671
38.2806,0.6594,2.8367
38.2808,0.6974,2.9974
38.2810,0.6952,2.9895
38.2812,0.6642,2.8533
38.2814,0.7172,3.0839
38.2816,0.7195,3.0937
38.2818,0.7226,3.1056
38.2820,0.7445,3.2014
38.2822,0.7473,3.2148
38.2824,0.7463,3.2077
38.2826,0.7579,3.2561
38.2828,0.8123,3.4862
38.2830,0.8648,3.7099
38.2832,0.8127,3.4932
38.2834,0.745,3.2065
38.2836,0.7247,3.1193
38.2838,0.7308,3.1368
38.2840,0.859,3.6852
38.2842,0.8422,3.6216
38.2844,0.7422,3.1901
38.2846,0.7834,3.3622
38.2848,0.7563,3.2504
38.2850,0.7193,3.0946
38.2852,0.7532,3.237
38.2854,0.7331,3.1568
38.2856,0.6269,2.6981
38.2858,0.6177,2.6621
38.2860,0.6274,2.7014
38.2862,0.6377,2.7458
38.2864,0.6148,2.6472
38.2866,0.6165,2.6545
38.2868,0.6215,2.6786
38.2870,0.6278,2.7048
38.2872,0.6497,2.791
38.2874,0.7502,3.2257
38.2876,0.7856,3.372
38.2878,0.791,3.4031
38.2880,0.7159,3.0811
38.2882,0.6896,2.9694
38.2884,0.6518,2.8055
38.2886,0.6615,2.8486
38.2888,0.6389,2.7497
38.2890,0.6844,2.9445
38.2892,0.6886,2.9653
38.2894,0.6183,2.6647
38.2896,0.5778,2.4882
38.2898,0.6157,2.6526
38.2900,0.59,2.5427
38.2902,0.6236,2.6842
38.2904,0.7154,3.0761
38.2906,0.7449,3.2
38.2908,0.7052,3.0365
38.2910,0.6686,2.8777
38.2912,0.6458,2.7822
38.2914,0.5248,2.2652
38.2916,0.5221,2.2512
38.2918,0.5712,2.4621
38.2920,0.5665,2.4425
38.2922,0.4979,2.1488
38.2924,0.4923,2.125
38.2926,0.4923,2.124
38.2928,0.4914,2.1199
38.2930,0.4958,2.14
38.2932,0.4911,2.1188
38.2934,0.4909,2.1178
38.2936,0.489,2.1095
38.2938,0.542,2.336
38.2940,0.5837,2.5147
38.2942,0.571,2.461
38.2944,0.4976,2.1468
38.2946,0.4776,2.0604
38.2948,0.4788,2.0665
38.2950,0.4838,2.0873
38.2952,0.4832,2.0837
38.2954,0.4824,2.082
38.2956,0.4782,2.062
38.2958,0.5112,2.2042
38.2960,0.4932,2.1256
38.2962,0.5111,2.2037
38.2964,0.5374,2.3163
38.2966,0.5778,2.4859
38.2968,0.6209,2.6736
38.2970,0.5753,2.4785
38.2972,0.5793,2.4956
38.2974,0.6823,2.9297
38.2976,0.7439,3.1959
38.2978,0.7725,3.3154
38.2980,0.8017,3.4394
38.2982,0.8386,3.6028
38.2984,0.8359,3.586
38.2986,0.8949,3.8391
38.2988,0.869,3.7279
38.2990,0.8631,3.7045
38.2992,0.8858,3.7946
38.2994,0.9671,4.1429
38.2996,0.9492,4.0664
38.2998,0.9692,4.1541
38.3000,0.9726,4.1704
38.3002,0.9454,4.0537
38.3004,0.9512,4.0751
38.3006,0.9464,4.0584
38.3008,0.9481,4.0618
38.3010,0.9833,4.2123
38.3012,0.9762,4.182
38.3014,0.9801,4.2048
38.3016,0.9454,4.0518
38.3018,0.9648,4.137
38.3020,0.949,4.0711
38.3022,0.8975,3.845
38.3024,0.9562,4.0962
38.3026,0.9873,4.2297
38.3028,0.9927,4.2568
38.3030,0.9888,4.2379
38.3032,0.9612,4.1293
38.3034,0.8996,3.8591
38.3036,0.834,3.5861
38.3038,0.7322,3.1469
38.3040,0.7974,3.4256
38.3042,0.8303,3.5701
38.3044,0.7347,3.1606
38.3046,0.7151,3.0765
38.3048,0.7527,3.2395
38.3050,0.6962,2.995
38.3052,0.6932,2.9835
38.3054,0.7388,3.1752
38.3056,0.7677,3.3055
38.3058,0.6608,2.8455
38.3060,0.6946,2.9883
38.3062,0.6641,2.8608
38.3064,0.5962,2.5684
38.3066,0.618,2.6649
38.3068,0.5964,2.5706
38.3070,0.61,2.6253
38.3072,0.6512,2.8055
38.3074,0.6403,2.7546
38.3076,0.697,3
38.3078,0.6428,2.7706
38.3080,0.6018,2.5939
38.3082,0.6178,2.6663
38.3084,0.5274,2.2719
38.3086,0.5509,2.3786
38.3088,0.5052,2.1793
38.3090,0.5435,2.3427
38.3092,0.5873,2.5302
38.3094,0.6095,2.6245
38.3096,0.6133,2.6484
38.3098,0.5184,2.2383
38.3100,0.4842,2.0898
38.3102,0.4904,2.1147
38.3104,0.5892,2.5384
38.3106,0.5846,2.5194
38.3108,0.5438,2.3492
38.3110,0.4338,1.8742
38.3112,0.41,1.7719
38.3114,0.409,1.7686
38.3116,0.4124,1.779
38.3118,0.4637,2.0013
38.3120,0.5107,2.2052
38.3122,0.4688,2.0245
38.3124,0.4541,1.959
38.3126,0.4528,1.9551
38.3128,0.4569,1.9709
38.3130,0.4553,1.9641
38.3132,0.472,2.036
38.3134,0.4804,2.0751
38.3136,0.4557,1.9657
38.3138,0.534,2.2971
38.3140,0.6548,2.8158
38.3142,0.6529,2.8114
38.3144,0.5804,2.5002
38.3146,0.5717,2.463
38.3148,0.5644,2.4315
38.3150,0.5659,2.44
38.3152,0.5617,2.4219
38.3154,0.5629,2.4237
38.3156,0.5602,2.4145
38.3158,0.578,2.4887
38.3160,0.6775,2.9091
38.3162,0.7878,3.3813
38.3164,0.7866,3.3808
38.3166,0.7753,3.3324
38.3168,0.7063,3.0426
38.3170,0.583,2.5104
38.3172,0.6127,2.6421
38.3174,0.5469,2.3572
38.3176,0.5302,2.2843
38.3178,0.5298,2.2822
38.3180,0.5383,2.3178
38.3182,0.5485,2.3628
38.3184,0.547,2.3588
38.3186,0.5389,2.3215
38.3188,0.5423,2.3364
38.3190,0.5446,2.3474
38.3192,0.547,2.3577
38.3194,0.5712,2.4621
38.3196,0.5427,2.3391
38.3198,0.5223,2.2502
38.3200,0.5378,2.319
38.3202,0.6003,2.5896
38.3204,0.5,2.1571
38.3206,0.4729,2.0374
38.3208,0.5623,2.4177
38.3210,0.699,3.0041
38.3212,0.7088,3.0478
38.3214,0.7132,3.0669
38.3216,0.6888,2.9644
38.3218,0.6577,2.8347
38.3220,0.6124,2.6345
38.3222,0.6672,2.8702
38.3224,0.6228,2.6831
38.3226,0.6322,2.7183
38.3228,0.7177,3.0816
38.3230,0.6895,2.9675
38.3232,0.5987,2.5792
38.3234,0.6127,2.6372
38.3236,0.6317,2.7188
38.3238,0.6199,2.6657
38.3240,0.6426,2.7644
38.3242,0.678,2.9139
38.3244,0.6938,2.9847
38.3246,0.6265,2.6953
38.3248,0.6744,2.9011
38.3250,0.6822,2.9374
38.3252,0.6525,2.8073
38.3254,0.5868,2.5293
38.3256,0.5016,2.1638
38.3258,0.5003,2.1571
38.3260,0.5028,2.167
38.3262,0.4989,2.1494
38.3264,0.5493,2.3697
38.3266,0.4969,2.1436
38.3268,0.4873,2.1023
38.3270,0.4837,2.0858
38.3272,0.4849,2.0919
38.3274,0.482,2.0795
38.3276,0.4816,2.0765
38.3278,0.4915,2.1184
38.3280,0.5192,2.2347
38.3282,0.581,2.5039
38.3284,0.5927,2.5534
38.3286,0.5883,2.5308
38.3288,0.5657,2.4383
38.3290,0.5125,2.2088
38.3292,0.5073,2.1866
38.3294,0.5276,2.2719
38.3296,0.5939,2.5538
38.3298,0.7053,3.0272
38.3300,0.7973,3.4283
38.3302,0.7703,3.3092
38.3304,0.7915,3.3972
38.3306,0.7919,3.3972
38.3308,0.772,3.3133
38.3310,0.8033,3.4477
38.3312,0.8455,3.6254
38.3314,0.8665,3.7171
38.3316,0.8719,3.7351
38.3318,0.9366,4.0106
38.3320,0.9638,4.1329
38.3322,0.9135,3.9115
38.3324,0.9553,4.0907
38.3326,0.9542,4.088
38.3328,0.9722,4.1592
38.3330,1.0046,4.3057
38.3332,0.9412,4.0357
38.3334,0.9516,4.0767
38.3336,0.9829,4.2166
38.3338,0.878,3.7648
38.3340,0.8728,3.7444
38.3342,0.8316,3.5674
38.3344,0.8365,3.5936
38.3346,0.8163,3.5086
38.3348,0.7944,3.4143
38.3350,0.8345,3.5798
38.3352,0.8877,3.8117
38.3354,0.84,3.6102
38.3356,0.8121,3.489
38.3358,0.821,3.5238
38.3360,0.8364,3.5914
38.3362,0.7921,3.4061
38.3364,0.7699,3.3077
38.3366,0.8488,3.6466
38.3368,0.8232,3.5397
38.3370,0.7763,3.3396
38.3372,0.7051,3.0304
38.3374,0.7139,3.0671
38.3376,0.7493,3.2235
38.3378,0.7278,3.1327
38.3380,0.7037,3.0233
38.3382,0.7795,3.3598
38.3384,0.6535,2.8127
38.3386,0.716,3.0744
38.3388,0.7662,3.2948
38.3390,0.7737,3.3283
38.3392,0.7013,3.0158
38.3394,0.7317,3.1506
38.3396,0.6709,2.8915
38.3398,0.6234,2.6844
38.3400,0.6565,2.8256
38.3402,0.7202,3.0968
38.3404,0.7046,3.0297
38.3406,0.6975,3.0021
38.3408,0.6776,2.9164
38.3410,0.724,3.1162
38.3412,0.6748,2.9086
38.3414,0.6196,2.6654
38.3416,0.6678,2.8768
38.3418,0.6582,2.8355
38.3420,0.6795,2.926
38.3422,0.6282,2.7013
38.3424,0.6825,2.9362
38.3426,0.6907,2.9754
38.3428,0.6171,2.6644
38.3430,0.5447,2.3511
38.3432,0.5483,2.3623
38.3434,0.6337,2.725
38.3436,0.7419,3.1871
38.3438,0.7002,3.0134
38.3440,0.643,2.7724
38.3442,0.5753,2.4808
38.3444,0.5667,2.4436
38.3446,0.5903,2.5431
38.3448,0.5912,2.5491
38.3450,0.5753,2.4797
38.3452,0.6145,2.6437
38.3454,0.601,2.589
38.3456,0.5609,2.4199
38.3458,0.5468,2.3588
38.3460,0.5288,2.2802
38.3462,0.5299,2.2859
38.3464,0.5304,2.288
38.3466,0.5346,2.3039
38.3468,0.5836,2.5118
38.3470,0.6587,2.8336
38.3472,0.6458,2.7784
38.3474,0.6577,2.8308
38.3476,0.6571,2.8282
38.3478,0.74,3.1804
38.3480,0.7424,3.1951
38.3482,0.6705,2.8873
38.3484,0.649,2.7931
38.3486,0.6683,2.8748
38.3488,0.7553,3.2418
38.3490,0.8338,3.5789
38.3492,0.8126,3.4943
38.3494,0.7355,3.1628
38.3496,0.7656,3.2906
38.3498,0.7299,3.1385
38.3500,0.7228,3.1067
38.3502,0.7822,3.3649
38.3504,0.6717,2.8925
38.3506,0.6208,2.6706
38.3508,0.6192,2.6676
38.3510,0.6115,2.6357
38.3512,0.6178,2.6564
38.3514,0.6472,2.7879
38.3516,0.6398,2.7551
38.3518,0.6186,2.6625
38.3520,0.6135,2.6428
38.3522,0.6127,2.6384
38.3524,0.6402,2.7516
38.3526,0.6924,2.9827
38.3528,0.6672,2.8769
38.3530,0.5642,2.4327
38.3532,0.543,2.3401
38.3534,0.5594,2.4087
38.3536,0.6318,2.7231
38.3538,0.5668,2.443
38.3540,0.6006,2.5851
38.3542,0.666,2.865
38.3544,0.6716,2.892
38.3546,0.6202,2.6754
38.3548,0.5494,2.368
38.3550,0.5434,2.3411
38.3552,0.5402,2.3271
38.3554,0.5422,2.337
38.3556,0.5529,2.3819
38.3558,0.5542,2.3876
38.3560,0.5512,2.3758
38.3562,0.5614,2.4197
38.3564,0.5766,2.4865
38.3566,0.531,2.2863
38.3568,0.5447,2.3479
38.3570,0.5063,2.185
38.3572,0.4971,2.1417
38.3574,0.5314,2.2905
38.3576,0.51,2.197
38.3578,0.5718,2.4635
38.3580,0.6404,2.7539
38.3582,0.7187,3.0891
38.3584,0.7192,3.0969
38.3586,0.6458,2.781
38.3588,0.6458,2.781
38.3590,0.6653,2.8593
38.3592,0.6788,2.9216
38.3594,0.6075,2.6182
38.3596,0.5657,2.4394
38.3598,0.5196,2.2404
38.3600,0.5322,2.2915
38.3602,0.5734,2.4725
38.3604,0.4855,2.0945
38.3606,0.4911,2.1188
38.3608,0.5233,2.2543
38.3610,0.5804,2.5014
38.3612,0.5919,2.5486
38.3614,0.6314,2.7165
38.3616,0.6276,2.6987
38.3618,0.6653,2.8646
38.3620,0.6416,2.7616
38.3622,0.6689,2.8747
38.3624,0.6758,2.91
38.3626,0.6288,2.7026
38.3628,0.6662,2.8701
38.3630,0.6064,2.6099
38.3632,0.6873,2.9569
38.3634,0.6758,2.9046
38.3636,0.7189,3.0839
38.3638,0.7955,3.419
38.3640,0.7526,3.2345
38.3642,0.7696,3.3061
38.3644,0.7804,3.3525
38.3646,0.801,3.4443
38.3648,0.7374,3.171
38.3650,0.7125,3.0581
38.3652,0.7773,3.3375
38.3654,0.8072,3.4695
38.3656,0.8322,3.565
38.3658,0.9716,4.1625
38.3660,0.9818,4.2081
38.3662,0.9993,4.2831
38.3664,0.9771,4.1841
38.3666,0.9735,4.1687
38.3668,0.9746,4.1753
38.3670,0.9325,4.0006
38.3672,0.9241,3.959
38.3674,0.9907,4.2461
38.3676,0.971,4.1618
38.3678,0.9258,3.9681
38.3680,0.9159,3.9327
38.3682,0.8822,3.7845
38.3684,0.8821,3.7858
38.3686,0.8916,3.8234
38.3688,0.9653,4.1352
38.3690,0.9895,4.2469
38.3692,0.9123,3.9118
38.3694,0.9197,3.9455
38.3696,0.9364,4.017
38.3698,0.9095,3.9073
38.3700,0.7817,3.3613
38.3702,0.7871,3.3829
38.3704,0.7901,3.3974
38.3706,0.6976,3.0068
38.3708,0.6083,2.623
38.3710,0.6065,2.6128
38.3712,0.6154,2.651
38.3714,0.6236,2.6842
38.3716,0.6511,2.8063
38.3718,0.6325,2.7249
38.3720,0.6346,2.7324
38.3722,0.6418,2.7608
38.3724,0.6733,2.8992
38.3726,0.6765,2.9118
38.3728,0.7027,3.0215
38.3730,0.666,2.869
38.3732,0.6207,2.6725
38.3734,0.66,2.8406
38.3736,0.6603,2.8434
38.3738,0.6692,2.883
38.3740,0.5895,2.543
38.3742,0.5715,2.4654
38.3744,0.5406,2.3319
38.3746,0.5039,2.1736
38.3748,0.4973,2.1432
38.3750,0.5561,2.3981
38.3752,0.5808,2.5034
38.3754,0.5649,2.4358
38.3756,0.5101,2.2016
38.3758,0.4944,2.1338
38.3760,0.5135,2.2109
38.3762,0.5846,2.5171
38.3764,0.5983,2.5765
38.3766,0.6406,2.7544
38.3768,0.73,3.139
38.3770,0.6912,2.9844
38.3772,0.513,2.213
38.3774,0.4894,2.1111
38.3776,0.4911,2.1188
38.3778,0.5028,2.17
38.3780,0.4928,2.127
38.3782,0.4191,1.8096
38.3784,0.4116,1.7791
38.3786,0.4298,1.8565
38.3788,0.4727,2.0382
38.3790,0.495,2.1354
38.3792,0.4528,1.9551
38.3794,0.4727,2.0392
38.3796,0.4837,2.0867
38.3798,0.464,2.0001
38.3800,0.5337,2.2971
38.3802,0.6576,2.8289
38.3804,0.7094,3.0518
38.3806,0.7203,3.0987
38.3808,0.6551,2.8194
38.3810,0.646,2.7789
38.3812,0.6602,2.839
38.3814,0.6801,2.9259
38.3816,0.6818,2.9331
38.3818,0.7358,3.1638
38.3820,0.7071,3.0391
38.3822,0.7981,3.4271
38.3824,0.8376,3.5965
38.3826,0.8048,3.4559
38.3828,0.7661,3.2896
38.3830,0.7124,3.0675
38.3832,0.6343,2.7288
38.3834,0.6559,2.8191
38.3836,0.6834,2.9385
38.3838,0.7605,3.27
38.3840,0.7299,3.14
38.3842,0.6632,2.8545
38.3844,0.6466,2.7841
38.3846,0.641,2.7565
38.3848,0.6853,2.9467
38.3850,0.7241,3.1167
38.3852,0.6744,2.9079
38.3854,0.5716,2.4636
38.3856,0.5486,2.3633
38.3858,0.5431,2.3428
38.3860,0.5388,2.3199
38.3862,0.5702,2.4597
38.3864,0.482,2.0785
38.3866,0.5215,2.2486
38.3868,0.4763,2.0537
38.3870,0.5307,2.2874
38.3872,0.5802,2.4997
38.3874,0.6159,2.6482
38.3876,0.6469,2.783
38.3878,0.6091,2.6193
38.3880,0.6362,2.7384
38.3882,0.5426,2.3407
38.3884,0.483,2.0856
38.3886,0.477,2.0559
38.3888,0.4802,2.0708
38.3890,0.51,2.198
38.3892,0.5594,2.4109
38.3894,0.5967,2.5645
38.3896,0.6373,2.743
38.3898,0.6265,2.6966
38.3900,0.5904,2.5436
38.3902,0.5422,2.3348
38.3904,0.5915,2.5482
38.3906,0.5817,2.5047
38.3908,0.63,2.7078
38.3910,0.6933,2.984
38.3912,0.6432,2.7683
38.3914,0.6378,2.7438
38.3916,0.6771,2.9103
38.3918,0.6576,2.8342
38.3920,0.5868,2.5316
38.3922,0.5072,2.1871
38.3924,0.4849,2.0909
38.3926,0.4802,2.0708
38.3928,0.4976,2.1458
38.3930,0.5534,2.384
38.3932,0.52,2.2414
38.3934,0.4876,2.1033
38.3936,0.4849,2.0919
38.3938,0.4817,2.078
38.3940,0.4835,2.0847
38.3942,0.4848,2.0904
38.3944,0.4853,2.0915
38.3946,0.483,2.0807
38.3948,0.4806,2.0714
38.3950,0.4921,2.12
38.3952,0.5509,2.3764
38.3954,0.4983,2.1479
38.3956,0.4987,2.1484
38.3958,0.5361,2.3085
38.3960,0.5936,2.5546
38.3962,0.6022,2.5918
38.3964,0.5969,2.5667
38.3966,0.6685,2.8678
38.3968,0.7951,3.4158
38.3970,0.7729,3.3205
38.3972,0.7831,3.3612
38.3974,0.8336,3.5745
38.3976,0.8492,3.6448
38.3978,0.7619,3.2731
38.3980,0.7874,3.375
38.3982,0.8592,3.6823
38.3984,0.9095,3.9018
38.3986,0.8986,3.8532
38.3988,0.9083,3.8912
38.3990,0.9351,4.0058
38.3992,0.9282,3.9783
38.3994,0.8972,3.8417
38.3996,1,4.2802
38.3998,0.9902,4.246
38.4000,0.96,4.1165
38.4002,0.9437,4.0428
38.4004,0.9644,4.1355
38.4006,0.9036,3.8766
38.4008,0.8858,3.8
38.4010,0.8765,3.7568
38.4012,0.9252,3.9674
38.4014,0.9622,4.1276
38.4016,0.9179,3.936
38.4018,0.9219,3.9566
38.4020,0.8732,3.7494
38.4022,0.843,3.6214
38.4024,0.7698,3.3056
38.4026,0.7636,3.2819
38.4028,0.7343,3.1547
38.4030,0.7793,3.3463
38.4032,0.8082,3.4736
38.4034,0.8002,3.4343
38.4036,0.8395,3.6014
38.4038,0.853,3.6663
38.4040,0.8256,3.5417
38.4042,0.8458,3.632
38.4044,0.7818,3.3665
38.4046,0.6774,2.9181
38.4048,0.6414,2.7593
38.4050,0.7355,3.1628
38.4052,0.7337,3.1609
38.4054,0.6885,2.9634
38.4056,0.6955,2.9892
38.4058,0.7656,3.2906
38.4060,0.7479,3.2159
38.4062,0.7439,3.2003
38.4064,0.747,3.2167
38.4066,0.7382,3.1741
38.4068,0.7487,3.2195
38.4070,0.7359,3.1658
38.4072,0.7386,3.1762
38.4074,0.7023,3.0213
38.4076,0.6272,2.7022
38.4078,0.6479,2.7845
38.4080,0.738,3.1751
38.4082,0.7036,3.0298
38.4084,0.6834,2.9398
38.4086,0.6841,2.9457
38.4088,0.6052,2.6083
38.4090,0.5841,2.5174
38.4092,0.6388,2.7479
38.4094,0.6564,2.8277
38.4096,0.6185,2.662
38.4098,0.7365,3.1684
38.4100,0.6524,2.808
38.4102,0.6021,2.5949
38.4104,0.5782,2.4921
38.4106,0.5695,2.4532
38.4108,0.5714,2.4637
38.4110,0.5696,2.4526
38.4112,0.6048,2.6092
38.4114,0.5019,2.1674
38.4116,0.4771,2.0583
38.4118,0.4957,2.1365
38.4120,0.5296,2.2838
38.4122,0.54,2.3294
38.4124,0.5262,2.2699
38.4126,0.5245,2.2626
38.4128,0.5256,2.2652
38.4130,0.6144,2.6432
38.4132,0.7112,3.0609
38.4134,0.7215,3.1039
38.4136,0.7214,3.1048
38.4138,0.6525,2.8099
38.4140,0.6324,2.7231
38.4142,0.638,2.7487
38.4144,0.6304,2.7131
38.4146,0.6395,2.7523
38.4148,0.6794,2.9228
38.4150,0.745,3.202
38.4152,0.7579,3.2561
38.4154,0.7419,3.1916
38.4156,0.6903,2.9725
38.4158,0.6235,2.6862
38.4160,0.6214,2.6756
38.4162,0.6208,2.6693
38.4164,0.679,2.9226
38.4166,0.6976,3.0068
38.4168,0.6197,2.6696
38.4170,0.6093,2.6223
38.4172,0.6114,2.634
38.4174,0.609,2.6237
38.4176,0.6102,2.6276
38.4178,0.6069,2.6144
38.4180,0.6101,2.6283
38.4182,0.6612,2.8457
38.4184,0.6979,3.0009
38.4186,0.6882,2.9618
38.4188,0.6278,2.706
38.4190,0.6082,2.6188
38.4192,0.621,2.6716
38.4194,0.681,2.9322
38.4196,0.6069,2.6095
38.4198,0.6992,3.0079
38.4200,0.6735,2.9029
38.4202,0.6689,2.8761
38.4204,0.6731,2.8928
38.4206,0.6593,2.8375
38.4208,0.6653,2.8619
38.4210,0.6958,2.9893
38.4212,0.7761,3.3339
38.4214,0.7822,3.3586
38.4216,0.7908,3.3925
38.4218,0.8268,3.5518
38.4220,0.7097,3.0533
38.4222,0.6537,2.815
38.4224,0.6475,2.7882
38.4226,0.6739,2.8977
38.4228,0.746,3.2061
38.4230,0.7623,3.2793
38.4232,0.7186,3.0901
38.4234,0.6938,2.9819
38.4236,0.7553,3.2463
38.4238,0.7675,3.302
38.4240,0.7127,3.0676
38.4242,0.7021,3.0175
38.4244,0.7523,3.2349
38.4246,0.7042,3.0282
38.4248,0.6776,2.9191
38.4250,0.622,2.6807
38.4252,0.5973,2.5718
38.4254,0.5901,2.542
38.4256,0.57,2.4603
38.4258,0.4955,2.1374
38.4260,0.4856,2.096
38.4262,0.483,2.0836
38.4264,0.4826,2.0821
38.4266,0.4802,2.0717
38.4268,0.4795,2.0667
38.4270,0.4889,2.107
38.4272,0.4877,2.1048
38.4274,0.4814,2.0779
38.4276,0.4849,2.0919
38.4278,0.4831,2.0832
38.4280,0.5137,2.213
38.4282,0.5832,2.5103
38.4284,0.6678,2.8741
38.4286,0.6238,2.6859
38.4288,0.5711,2.4604
38.4290,0.5776,2.4883
38.4292,0.6263,2.6955
38.4294,0.6509,2.7987
38.4296,0.7131,3.0649
38.4298,0.739,3.1762
38.4300,0.7515,3.2268
38.4302,0.7767,3.3318
38.4304,0.8147,3.4982
38.4306,0.8271,3.555
38.4308,0.8011,3.4384
38.4310,0.8409,3.6059
38.4312,0.946,4.0506
38.4314,1.0135,4.3397
38.4316,0.9783,4.1912
38.4318,0.9655,4.1362
38.4320,0.9763,4.1805
38.4322,0.974,4.1786
38.4324,0.9636,4.1338
38.4326,0.9288,3.9809
38.4328,0.9622,4.1276
38.4330,0.9662,4.1393
38.4332,0.9966,4.2713
38.4334,0.9481,4.0637
38.4336,0.9517,4.0829
38.4338,0.9475,4.0611
38.4340,0.977,4.1914
38.4342,0.9612,4.1235
38.4344,0.9267,3.9791
38.4346,0.8547,3.6701
38.4348,0.8147,3.4965
38.4350,0.886,3.7992
38.4352,0.9201,3.9526
38.4354,0.8267,3.5612
38.4356,0.668,2.8765
38.4358,0.6421,2.7649
38.4360,0.6695,2.884
38.4362,0.6422,2.7642
38.4364,0.6331,2.7288
38.4366,0.618,2.6636
38.4368,0.6251,2.6904
38.4370,0.668,2.8765
38.4372,0.6907,2.9699
38.4374,0.7183,3.0914
38.4376,0.5967,2.5728
38.4378,0.5764,2.4843
38.4380,0.582,2.5074
38.4382,0.6195,2.6649
38.4384,0.7185,3.091
38.4386,0.7541,3.2472
38.4388,0.6757,2.9095
38.4390,0.6541,2.814
38.4392,0.7101,3.0534
38.4394,0.7142,3.0738
38.4396,0.6651,2.8654
38.4398,0.6213,2.6776
38.4400,0.6512,2.8081
38.4402,0.6015,2.5935
38.4404,0.5886,2.537
38.4406,0.6031,2.5983
38.4408,0.6064,2.6099
38.4410,0.6561,2.8227
38.4412,0.6716,2.8879
38.4414,0.6571,2.8347
38.4416,0.5115,2.2088
38.4418,0.5108,2.2037
38.4420,0.4986,2.1489
38.4422,0.5479,2.3624
38.4424,0.5612,2.4175
38.4426,0.619,2.6641
38.4428,0.6288,2.7127
38.4430,0.5157,2.2238
38.4432,0.4916,2.1209
38.4434,0.53,2.2854
38.4436,0.5958,2.5668
38.4438,0.575,2.4793
38.4440,0.5391,2.3257
38.4442,0.5641,2.4333
38.4444,0.4919,2.1229
38.4446,0.4726,2.0377
38.4448,0.4763,2.0547
38.4450,0.466,2.0111
38.4452,0.4607,1.9893
38.4454,0.4575,1.9753
38.4456,0.4599,1.9838
38.4458,0.5196,2.2373
38.4460,0.6366,2.7412
38.4462,0.6057,2.6116
38.4464,0.5477,2.3619
38.4466,0.5561,2.3981
38.4468,0.5582,2.4069
38.4470,0.5578,2.4053
38.4472,0.5625,2.4232
38.4474,0.5566,2.3968
38.4476,0.5602,2.4112
38.4478,0.6378,2.74
38.4480,0.7787,3.3421
38.4482,0.7858,3.3709
38.4484,0.7639,3.288
38.4486,0.682,2.9382
38.4488,0.5945,2.5612
38.4490,0.5506,2.3721
38.4492,0.5647,2.4303
38.4494,0.66,2.8406
38.4496,0.6855,2.9477
38.4498,0.6752,2.9048
38.4500,0.6554,2.8209
38.4502,0.6359,2.7381
38.4504,0.6456,2.7799
38.4506,0.6479,2.7897
38.4508,0.58,2.501
38.4510,0.5427,2.3391
38.4512,0.5319,2.2936
38.4514,0.5265,2.2704
38.4516,0.5286,2.2792
38.4518,0.5314,2.2894
38.4520,0.5691,2.4516
38.4522,0.5983,2.5789
38.4524,0.5997,2.5834
38.4526,0.5175,2.2326
38.4528,0.4702,2.0292
38.4530,0.4636,1.9998
38.4532,0.481,2.0739
38.4534,0.534,2.2992
38.4536,0.6028,2.5944
38.4538,0.6678,2.8794
38.4540,0.5853,2.5202
38.4542,0.5625,2.4221
38.4544,0.5365,2.3154
38.4546,0.4795,2.0686
38.4548,0.482,2.0776
38.4550,0.464,2.0028
38.4552,0.453,1.9552
38.4554,0.466,2.0093
38.4556,0.5318,2.2942
38.4558,0.5114,2.2052
38.4560,0.4988,2.1489
38.4562,0.5294,2.2838
38.4564,0.5108,2.2006
38.4566,0.562,2.4178
38.4568,0.6135,2.6391
38.4570,0.671,2.888
38.4572,0.6392,2.7513
38.4574,0.6015,2.5887
38.4576,0.5914,2.543
38.4578,0.6295,2.7107
38.4580,0.5973,2.5706
38.4582,0.5948,2.561
38.4584,0.5137,2.2161
38.4586,0.4816,2.0784
38.4588,0.4939,2.1287
38.4590,0.4914,2.1179
38.4592,0.4909,2.1158
38.4594,0.4795,2.0686
38.4596,0.4901,2.1102
38.4598,0.559,2.4049
38.4600,0.6045,2.6016
38.4602,0.5931,2.5514
38.4604,0.6066,2.6121
38.4606,0.6218,2.6752
38.4608,0.6388,2.7467
38.4610,0.6591,2.8356
38.4612,0.651,2.7992
38.4614,0.647,2.7835
38.4616,0.5753,2.4762
38.4618,0.5709,2.4571
38.4620,0.6095,2.6233
38.4622,0.6462,2.7773
38.4624,0.7294,3.1292
38.4626,0.8124,3.4851
38.4628,0.8605,3.6914
38.4630,0.8422,3.6099
38.4632,0.8613,3.6899
38.4634,0.8666,3.7177
38.4636,0.81,3.4813
38.4638,0.7685,3.2999
38.4640,0.8095,3.4728
38.4642,0.7931,3.4071
38.4644,0.784,3.3664
38.4646,0.8656,3.7049
38.4648,0.987,4.2243
38.4650,0.9932,4.2529
38.4652,0.9944,4.262
38.4654,0.9859,4.2255
38.4656,0.983,4.2112
38.4658,0.9859,4.2236
38.4660,0.9463,4.0597
38.4662,0.8397,3.6058
38.4664,0.8151,3.5035
38.4666,0.8274,3.5511
38.4668,0.8329,3.5764
38.4670,0.8219,3.5307
38.4672,0.8198,3.522
38.4674,0.8163,3.5037
38.4676,0.7876,3.3834
38.4678,0.8244,3.5349
38.4680,0.8966,3.8463
38.4682,0.9171,3.9324
38.4684,0.9051,3.8882
38.4686,0.8249,3.5419
38.4688,0.8144,3.4971
38.4690,0.7752,3.3319
38.4692,0.7552,3.2413
38.4694,0.8256,3.545
38.4696,0.8547,3.665
38.4698,0.9114,3.9119
38.4700,0.8764,3.7633
38.4702,0.8627,3.7098
38.4704,0.7282,3.1298
38.4706,0.7024,3.0219
38.4708,0.7025,3.0224
38.4710,0.7264,3.1207
38.4712,0.7508,3.2327
38.4714,0.6457,2.7817
38.4716,0.654,2.8148
38.4718,0.6555,2.8228
38.4720,0.6679,2.876
38.4722,0.6602,2.8416
38.4724,0.6679,2.8746
38.4726,0.6257,2.6955
38.4728,0.6046,2.6045
38.4730,0.6448,2.775
38.4732,0.6667,2.8708
38.4734,0.6552,2.8212
38.4736,0.6978,2.9989
38.4738,0.7156,3.0829
38.4740,0.5949,2.5627
38.4742,0.565,2.4341
38.4744,0.5594,2.4132
38.4746,0.5867,2.5264
38.4748,0.6583,2.836
38.4750,0.6057,2.6104
38.4752,0.5547,2.3919
38.4754,0.544,2.3448
38.4756,0.5583,2.4063
38.4758,0.5618,2.4201
38.4760,0.6278,2.7048
38.4762,0.58,2.5021
38.4764,0.4787,2.066
38.4766,0.4769,2.0582
38.4768,0.4812,2.0759
38.4770,0.531,2.2884
38.4772,0.5258,2.2673
38.4774,0.5223,2.2533
38.4776,0.5264,2.2688
38.4778,0.5271,2.2708
38.4780,0.5268,2.2725
38.4782,0.5308,2.289
38.4784,0.5427,2.3402
38.4786,0.5202,2.2419
38.4788,0.5389,2.3225
38.4790,0.5828,2.5094
38.4792,0.6376,2.7402
38.4794,0.6549,2.8176
38.4796,0.6383,2.7484
38.4798,0.6524,2.8041
38.4800,0.7177,3.0845
38.4802,0.7308,3.1441
38.4804,0.7307,3.1407
38.4806,0.7548,3.2412
38.4808,0.7615,3.2731
38.4810,0.7878,3.3876
38.4812,0.7651,3.2871
38.4814,0.8138,3.4962
38.4816,0.8114,3.4859
38.4818,0.7895,3.39
38.4820,0.7886,3.3896
38.4822,0.7659,3.2932
38.4824,0.7084,3.0406
38.4826,0.7986,3.4292
38.4828,0.8544,3.6635
38.4830,0.888,3.8115
38.4832,0.8319,3.5756
38.4834,0.7755,3.3376
38.4836,0.7555,3.2489
38.4838,0.6889,2.9663
38.4840,0.625,2.6899
38.4842,0.6594,2.8406
38.4844,0.6211,2.6733
38.4846,0.6189,2.6648
38.4848,0.6317,2.7213
38.4850,0.6709,2.8862
38.4852,0.6653,2.8619
38.4854,0.6733,2.8992
38.4856,0.6595,2.8385
38.4858,0.6154,2.6437
38.4860,0.7144,3.0749
38.4862,0.6222,2.6842
38.4864,0.5468,2.3577
38.4866,0.5778,2.4859
38.4868,0.6395,2.7523
38.4870,0.6824,2.9371
38.4872,0.6563,2.8232
38.4874,0.6428,2.7693
38.4876,0.5698,2.4582
38.4878,0.6178,2.6577
38.4880,0.7048,3.0322
38.4882,0.6725,2.8956
38.4884,0.6024,2.5916
38.4886,0.6258,2.696
38.4888,0.593,2.5521
38.4890,0.6467,2.7807
38.4892,0.724,3.1133
38.4894,0.7409,3.186
38.4896,0.8052,3.4559
38.4898,0.8346,3.5803
38.4900,0.8105,3.4801
38.4902,0.7837,3.3685
38.4904,0.7723,3.318
38.4906,0.777,3.3365
38.4908,0.7883,3.388
38.4910,0.7886,3.3928
38.4912,0.7184,3.0919
38.4914,0.6376,2.7453
38.4916,0.5925,2.5536
38.4918,0.5812,2.505
38.4920,0.5882,2.5291
38.4922,0.6252,2.6909
38.4924,0.6846,2.9423
38.4926,0.754,3.2467
38.4928,0.6097,2.6341
38.4930,0.4941,2.1318
38.4932,0.4859,2.0951
38.4934,0.4862,2.0966
38.4936,0.4838,2.0882
38.4938,0.481,2.0758
38.4940,0.5019,2.1654
38.4942,0.5262,2.2699
38.4944,0.4892,2.1115
38.4946,0.492,2.1234
38.4948,0.4848,2.0924
38.4950,0.4835,2.0838
38.4952,0.5118,2.2068
38.4954,0.5699,2.4518
38.4956,0.693,2.9742
38.4958,0.7896,3.3921
38.4960,0.7504,3.2297
38.4962,0.6895,2.9648
38.4964,0.7229,3.1072
38.4966,0.7382,3.1771
38.4968,0.7115,3.0568
38.4970,0.7763,3.3334
38.4972,0.833,3.5753
38.4974,0.861,3.6952
38.4976,0.9186,3.9391
38.4978,0.8895,3.8141
38.4980,0.9029,3.8717
38.4982,0.9696,4.1576
38.4984,0.9703,4.1529
38.4986,1.005,4.3053
38.4988,0.9602,4.1194
38.4990,0.952,4.0782
38.4992,0.9919,4.2552
38.4994,0.9643,4.1311
38.4996,0.9834,4.2089
38.4998,1.0036,4.3016
38.5000,0.994,4.2585
38.5002,1.0022,4.2934
38.5004,0.99,4.241
38.5006,1.0022,4.2954
38.5008,1.0144,4.3479
38.5010,1.0182,4.3597
38.5012,1.0243,4.3921
38.5014,0.9288,3.9865
38.5016,0.8924,3.83
38.5018,0.818,3.5191
38.5020,0.7433,3.1963
38.5022,0.7704,3.3128
38.5024,0.8002,3.4375
38.5026,0.8329,3.5798
38.5028,0.7543,3.2482
38.5030,0.6902,2.9679
38.5032,0.719,3.093
38.5034,0.7776,3.3437
38.5036,0.7305,3.1455
38.5038,0.7445,3.2029
38.5040,0.6871,2.9613
38.5042,0.6017,2.5946
38.5044,0.6131,2.6388
38.5046,0.7123,3.0613
38.5048,0.7314,3.1482
38.5050,0.7102,3.054
38.5052,0.7593,3.2755
38.5054,0.5609,2.4221
38.5056,0.5242,2.2595
38.5058,0.5733,2.4697
38.5060,0.5757,2.4824
38.5062,0.5789,2.4952
38.5064,0.5952,2.5654
38.5066,0.581,2.5039
38.5068,0.6169,2.6553
38.5070,0.7217,3.1092
38.5072,0.6276,2.7087
38.5074,0.5129,2.2135
38.5076,0.5153,2.2207
38.5078,0.6183,2.6622
38.5080,0.6019,2.5944
38.5082,0.5697,2.4588
38.5084,0.4943,2.1352
38.5086,0.4867,2.1016
38.5088,0.4856,2.096
38.5090,0.5023,2.1659
38.5092,0.5585,2.4073
38.5094,0.5968,2.5734
38.5096,0.5602,2.4145
38.5098,0.536,2.3112
38.5100,0.4892,2.1145
38.5102,0.4378,1.8904
38.5104,0.4974,2.1437
38.5106,0.554,2.3888
38.5108,0.5257,2.271
38.5110,0.47,2.0306
38.5112,0.4676,2.0184
38.5114,0.467,2.0158
38.5116,0.4642,2.0043
38.5118,0.492,2.1205
38.5120,0.5648,2.4364
38.5122,0.5696,2.456
38.5124,0.5665,2.4403
38.5126,0.6522,2.807
38.5128,0.6028,2.5956
38.5130,0.5605,2.4156
38.5132,0.5614,2.4208
38.5134,0.5632,2.4252
38.5136,0.6052,2.6023
38.5138,0.676,2.9097
38.5140,0.6999,3.0096
38.5142,0.7596,3.2588
38.5144,0.7583,3.2683
38.5146,0.5675,2.4472
38.5148,0.5452,2.3499
38.5150,0.5384,2.3194
38.5152,0.5428,2.3407
38.5154,0.5522,2.3755
38.5156,0.6838,2.9433
38.5158,0.6031,2.5996
38.5160,0.5311,2.29
38.5162,0.5342,2.3045
38.5164,0.5316,2.291
38.5166,0.5318,2.292
38.5168,0.5292,2.2817
38.5170,0.5298,2.2854
38.5172,0.5342,2.3035
38.5174,0.5349,2.3066
38.5176,0.5314,2.2916
38.5178,0.5017,2.1633
38.5180,0.5539,2.3849
38.5182,0.5867,2.5299
38.5184,0.4858,2.0936
38.5186,0.4726,2.0367
38.5188,0.4764,2.0561
38.5190,0.4703,2.0298
38.5192,0.4733,2.0408
38.5194,0.4873,2.0993
38.5196,0.5521,2.375
38.5198,0.6576,2.8276
38.5200,0.7157,3.0734
38.5202,0.7379,3.1716
38.5204,0.6723,2.8951
38.5206,0.6504,2.798
38.5208,0.7003,3.0098
38.5210,0.6948,2.9902
38.5212,0.6293,2.7072
38.5214,0.6506,2.8042
38.5216,0.5293,2.2812
38.5218,0.5046,2.1757
38.5220,0.5057,2.1794
38.5222,0.5709,2.4594
38.5224,0.6217,2.6722
38.5226,0.7225,3.1008
38.5228,0.7998,3.4407
38.5230,0.7485,3.2154
38.5232,0.7655,3.2901
38.5234,0.707,3.0386
38.5236,0.7157,3.0763
38.5238,0.6996,3.0095
38.5240,0.6608,2.8415
38.5242,0.704,3.0286
38.5244,0.6996,3.0151
38.5246,0.5524,2.382
38.5248,0.5043,2.1747
38.5250,0.5052,2.1763
38.5252,0.5082,2.1923
38.5254,0.4997,2.1545
38.5256,0.4969,2.1427
38.5258,0.4953,2.1369
38.5260,0.4963,2.1401
38.5262,0.4874,2.1008
38.5264,0.4846,2.0884
38.5266,0.4835,2.0847
38.5268,0.4782,2.063
38.5270,0.4805,2.0718
38.5272,0.4849,2.0909
38.5274,0.4862,2.0966
38.5276,0.4838,2.0863
38.5278,0.4832,2.0847
38.5280,0.4871,2.1003
38.5282,0.4977,2.1433
38.5284,0.5665,2.4346
38.5286,0.702,3.0142
38.5288,0.7329,3.1499
38.5290,0.6879,2.9539
38.5292,0.7322,3.1483
38.5294,0.7201,3.0948
38.5296,0.7326,3.1475
38.5298,0.7332,3.1486
38.5300,0.7578,3.2526
38.5302,0.7878,3.3781
38.5304,0.8201,3.5164
38.5306,0.8785,3.7668
38.5308,0.8834,3.7914
38.5310,0.847,3.6338
38.5312,0.8955,3.8398
38.5314,0.9028,3.8712
38.5316,0.8638,3.7075
38.5318,0.8354,3.5872
38.5320,0.8257,3.5455
38.5322,0.8319,3.5657
38.5324,0.913,3.9186
38.5326,0.896,3.8365
38.5328,0.953,4.0809
38.5330,0.9863,4.2251
38.5332,0.9936,4.2565
38.5334,0.949,4.0673
38.5336,0.9089,3.9011
38.5338,0.8258,3.5477
38.5340,0.8246,3.5409
38.5342,0.8422,3.6149
38.5344,0.9022,3.8668
38.5346,0.924,3.9659
38.5348,0.8617,3.7
38.5350,0.836,3.5915
38.5352,0.7154,3.0776
38.5354,0.7336,3.153
38.5356,0.8337,3.5784
38.5358,0.8406,3.6094
38.5360,0.7636,3.2819
38.5362,0.7355,3.1657
38.5364,0.6973,2.9969
38.5366,0.756,3.2524
38.5368,0.6651,2.8614
38.5370,0.6894,2.9698
38.5372,0.692,2.9784
38.5374,0.6918,2.9759
38.5376,0.6723,2.8964
38.5378,0.6475,2.7882
38.5380,0.6478,2.7853
38.5382,0.7149,3.0726
38.5384,0.7139,3.0714
38.5386,0.6475,2.7895
38.5388,0.6714,2.8882
38.5390,0.715,3.076
38.5392,0.7153,3.0728
38.5394,0.7305,3.1411
38.5396,0.7354,3.1652
38.5398,0.6602,2.8442
38.5400,0.6559,2.8217
38.5402,0.6858,2.9529
38.5404,0.6878,2.9603
38.5406,0.6951,2.9932
38.5408,0.6448,2.7724
38.5410,0.6786,2.9246
38.5412,0.6053,2.6089
38.5414,0.5718,2.4647
38.5416,0.5768,2.4859
38.5418,0.5842,2.5191
38.5420,0.5933,2.5524
38.5422,0.7003,3.0112
38.5424,0.7211,3.1066
38.5426,0.6557,2.8207
38.5428,0.6909,2.9709
38.5430,0.6902,2.972
38.5432,0.6595,2.8372
38.5434,0.7009,3.0151
38.5436,0.6596,2.8417
38.5438,0.6686,2.8777
38.5440,0.6483,2.7957
38.5442,0.5528,2.3825
38.5444,0.5499,2.369
38.5446,0.5729,2.4705
38.5448,0.5391,2.3257
38.5450,0.5971,2.5713
38.5452,0.6318,2.7193
38.5454,0.6582,2.8328
38.5456,0.6364,2.7402
38.5458,0.6312,2.7167
38.5460,0.6358,2.7338
38.5462,0.6756,2.909
38.5464,0.6396,2.7541
38.5466,0.6551,2.8155
38.5468,0.7198,3.0938
38.5470,0.7843,3.3726
38.5472,0.7709,3.3133
38.5474,0.8145,3.4993
38.5476,0.7416,3.195
38.5478,0.6643,2.8578
38.5480,0.6686,2.8737
38.5482,0.7261,3.1206
38.5484,0.8253,3.5473
38.5486,0.815,3.5046
38.5488,0.8004,3.4353
38.5490,0.8315,3.5752
38.5492,0.7494,3.2226
38.5494,0.7201,3.0948
38.5496,0.7702,3.3102
38.5498,0.769,3.3066
38.5500,0.7805,3.3561
38.5502,0.7864,3.3782
38.5504,0.7444,3.2024
38.5506,0.6806,2.9321
38.5508,0.6847,2.9482
38.5510,0.6783,2.9141
38.5512,0.7169,3.0871
38.5514,0.6048,2.608
38.5516,0.5908,2.5475
38.5518,0.5818,2.5064
38.5520,0.5829,2.5064
38.5522,0.7302,3.1386
38.5524,0.7273,3.133
38.5526,0.5668,2.443
38.5528,0.6436,2.766
38.5530,0.731,3.1417
38.5532,0.7427,3.1981
38.5534,0.6302,2.7151
38.5536,0.5561,2.3959
38.5538,0.582,2.5051
38.5540,0.662,2.8507
38.5542,0.6293,2.7084
38.5544,0.6145,2.6425
38.5546,0.6841,2.9484
38.5548,0.6201,2.6737
38.5550,0.6184,2.6627
38.5552,0.6714,2.8829
38.5554,0.7613,3.2706
38.5556,0.8091,3.4745
38.5558,0.8515,3.6545
38.5560,0.8554,3.6715
38.5562,0.7952,3.4195
38.5564,0.7328,3.1568
38.5566,0.6595,2.8411
38.5568,0.6567,2.8253
38.5570,0.6585,2.8344
38.5572,0.7054,3.0319
38.5574,0.7424,3.1907
38.5576,0.7255,3.1252
38.5578,0.6522,2.8083
38.5580,0.6603,2.8434
38.5582,0.619,2.6665
38.5584,0.619,2.6628
38.5586,0.6991,3.0046
38.5588,0.7329,3.1499
38.5590,0.6822,2.9374
38.5592,0.6361,2.7366
38.5594,0.6961,2.9945
38.5596,0.7179,3.0884
38.5598,0.724,3.1147
38.5600,0.7243,3.1157
38.5602,0.7524,3.234
38.5604,0.7368,3.1699
38.5606,0.742,3.1906
38.5608,0.7478,3.2153
38.5610,0.66,2.8432
38.5612,0.6108,2.6326
38.5614,0.6362,2.7346
38.5616,0.8014,3.4442
38.5618,0.7252,3.1126
38.5620,0.8383,3.603
38.5622,0.7992,3.4302
38.5624,0.848,3.643
38.5626,0.8663,3.7184
38.5628,0.8833,3.7927
38.5630,0.8708,3.7357
38.5632,0.9522,4.0849
38.5634,0.9713,4.159
38.5636,1.0586,4.5222
38.5638,1.1773,5.0293
38.5640,1.1291,4.8369
38.5642,1.109,4.7489
38.5644,1.0975,4.6974
38.5646,1.0972,4.6959
38.5648,1.1111,4.7554
38.5650,1.0836,4.6422
38.5652,1.0599,4.5342
38.5654,1.1096,4.7493
38.5656,1.0751,4.6058
38.5658,1.0439,4.4701
38.5660,1.0235,4.391
38.5662,0.9187,3.9414
38.5664,0.9128,3.9212
38.5666,0.8602,3.6938
38.5668,0.9072,3.8884
38.5670,0.9439,4.0513
38.5672,0.9461,4.0625
38.5674,0.946,4.062
38.5676,0.9191,3.9466
38.5678,0.8621,3.7124
38.5680,0.7088,3.052
38.5682,0.696,2.9954
38.5684,0.7135,3.0693
38.5686,0.7596,3.2755
38.5688,0.6433,2.7753
38.5690,0.6216,2.6791
38.5692,0.7133,3.0688
38.5694,0.7337,3.158
38.5696,0.7189,3.0983
38.5698,0.6719,2.8903
38.5700,0.7434,3.2042
38.5702,0.6517,2.8076
38.5704,0.612,2.639
38.5706,0.575,2.4793
38.5708,0.5907,2.547
38.5710,0.6094,2.624
38.5712,0.6547,2.8179
38.5714,0.7202,3.0982
38.5716,0.6912,2.9761
38.5718,0.6304,2.7169
38.5720,0.6342,2.7372
38.5722,0.6451,2.7804
38.5724,0.6301,2.7158
38.5726,0.5873,2.5337
38.5728,0.5525,2.3848
38.5730,0.5284,2.2829
38.5732,0.5229,2.2517
38.5734,0.5958,2.5692
38.5736,0.5842,2.5202
38.5738,0.5559,2.3993
38.5740,0.5692,2.4578
38.5742,0.516,2.2269
38.5744,0.5075,2.1912
38.5746,0.492,2.1234
38.5748,0.5221,2.2523
38.5750,0.5463,2.3502
38.5752,0.6515,2.8117
38.5754,0.5268,2.2756
38.5756,0.4817,2.0808
38.5758,0.4212,1.8215
38.5760,0.3921,1.6962
38.5762,0.3826,1.6537
38.5764,0.3863,1.669
38.5766,0.4023,1.7355
38.5768,0.4528,1.9542
38.5770,0.4437,1.9166
38.5772,0.4319,1.8667
38.5774,0.4316,1.8643
38.5776,0.4298,1.8557
38.5778,0.4615,1.991
38.5780,0.5143,2.2156
38.5782,0.5274,2.2708
38.5784,0.5656,2.4401
38.5786,0.5521,2.3816
38.5788,0.5489,2.3671
38.5790,0.5902,2.5426
38.5792,0.6346,2.7324
38.5794,0.6366,2.7412
38.5796,0.6548,2.8197
38.5798,0.6695,2.88
38.5800,0.674,2.8982
38.5802,0.6707,2.8811
38.5804,0.713,3.0687
38.5806,0.6788,2.9202
38.5808,0.7252,3.117
38.5810,0.7599,3.2659
38.5812,0.784,3.3773
38.5814,0.6665,2.8684
38.5816,0.6638,2.8531
38.5818,0.7275,3.1297
38.5820,0.7211,3.1023
38.5822,0.6828,2.94
38.5824,0.6368,2.7397
38.5826,0.7053,3.0371
38.5828,0.6834,2.9398
38.5830,0.7024,3.0204
38.5832,0.7095,3.0523
38.5834,0.7121,3.0608
38.5836,0.7057,3.0386
38.5838,0.6107,2.6333
38.5840,0.5539,2.3871
38.5842,0.5396,2.3267
38.5844,0.5425,2.3413
38.5846,0.521,2.2445
38.5848,0.5813,2.5008
38.5850,0.6022,2.5978
38.5852,0.4783,2.0654
38.5854,0.4657,2.011
38.5856,0.464,2.0028
38.5858,0.467,2.0158
38.5860,0.5124,2.2083
38.5862,0.5591,2.4088
38.5864,0.5994,2.5823
38.5866,0.5948,2.5622
38.5868,0.5693,2.4527
38.5870,0.5661,2.4399
38.5872,0.5289,2.2807
38.5874,0.4582,1.9775
38.5876,0.4481,1.934
38.5878,0.4965,2.1411
38.5880,0.5611,2.4148
38.5882,0.5705,2.4578
38.5884,0.5841,2.5162
38.5886,0.5942,2.5572
38.5888,0.6174,2.6573
38.5890,0.6053,2.6064
38.5892,0.6077,2.6143
38.5894,0.6626,2.8493
38.5896,0.6711,2.8859
38.5898,0.7012,3.0139
38.5900,0.7581,3.2551
38.5902,0.7876,3.3834
38.5904,0.7605,3.273
38.5906,0.631,2.7245
38.5908,0.4994,2.1555
38.5910,0.4903,2.1132
38.5912,0.4967,2.1436
38.5914,0.4937,2.1297
38.5916,0.4905,2.1143
38.5918,0.4923,2.124
38.5920,0.4929,2.1246
38.5922,0.4937,2.1277
38.5924,0.4929,2.1256
38.5926,0.4904,2.1147
38.5928,0.4853,2.0925
38.5930,0.4807,2.0719
38.5932,0.5221,2.2491
38.5934,0.5585,2.4073
38.5936,0.5142,2.214
38.5938,0.56,2.4113
38.5940,0.5306,2.2879
38.5942,0.4915,2.1204
38.5944,0.5007,2.1552
38.5946,0.5951,2.5602
38.5948,0.6433,2.7701
38.5950,0.6288,2.7013
38.5952,0.6879,2.9553
38.5954,0.7165,3.0808
38.5956,0.6837,2.9414
38.5958,0.7147,3.0716
38.5960,0.7614,3.2726
38.5962,0.7686,3.2989
38.5964,0.8139,3.4935
38.5966,0.7741,3.3226
38.5968,0.8538,3.6643
38.5970,0.8627,3.7012
38.5972,0.8487,3.641
38.5974,0.878,3.7648
38.5976,0.9184,3.9344
38.5978,0.9321,3.9929
38.5980,0.9905,4.2411
38.5982,1.0161,4.351
38.5984,0.9391,4.0251
38.5986,0.9526,4.0827
38.5988,0.9991,4.2761
38.5990,0.9702,4.164
38.5992,0.8757,3.7567
38.5994,0.8823,3.7833
38.5996,0.9018,3.8689
38.5998,0.9074,3.8926
38.6000,0.9104,3.9
38.6002,0.9659,4.1417
38.6004,0.8902,3.8226
38.6006,0.8509,3.6588
38.6008,0.7855,3.3778
38.6010,0.7406,3.1859
38.6012,0.7282,3.1328
38.6014,0.6819,2.9336
38.6016,0.6956,2.9883
38.6018,0.7529,3.236
38.6020,0.7844,3.3669
38.6022,0.8293,3.5577
38.6024,0.8432,3.6241
38.6026,0.8419,3.6167
38.6028,0.8409,3.6059
38.6030,0.896,3.8509
38.6032,0.8035,3.4535
38.6034,0.7747,3.3298
38.6036,0.759,3.2653
38.6038,0.7102,3.0554
38.6040,0.7516,3.2319
38.6042,0.7514,3.2278
38.6044,0.7565,3.256
38.6046,0.7473,3.2148
38.6048,0.7107,3.056
38.6050,0.7302,3.143
38.6052,0.7545,3.2457
38.6054,0.7526,3.242
38.6056,0.6832,2.942
38.6058,0.674,2.9009
38.6060,0.669,2.8806
38.6062,0.6689,2.8801
38.6064,0.6759,2.9065
38.6066,0.7088,3.0534
38.6068,0.5958,2.5692
38.6070,0.5741,2.4768
38.6072,0.5672,2.4445
38.6074,0.5678,2.4482
38.6076,0.5692,2.4544
38.6078,0.5733,2.472
38.6080,0.5695,2.4532
38.6082,0.563,2.423
38.6084,0.6819,2.9323
38.6086,0.6955,2.9961
38.6088,0.6229,2.6848
38.6090,0.5953,2.5648
38.6092,0.5765,2.4837
38.6094,0.533,2.3004
38.6096,0.4866,2.1011
38.6098,0.5355,2.3038
38.6100,0.6173,2.6581
38.6102,0.6272,2.7034
38.6104,0.6127,2.6433
38.6106,0.5343,2.304
38.6108,0.5289,2.2796
38.6110,0.5656,2.4367
38.6112,0.6195,2.6674
38.6114,0.6287,2.7059
38.6116,0.6414,2.7606
38.6118,0.6493,2.7946
38.6120,0.648,2.7915
38.6122,0.6424,2.766
38.6124,0.6468,2.7838
38.6126,0.6547,2.8152
38.6128,0.7022,3.0236
38.6130,0.6774,2.914
38.6132,0.7115,3.0568
38.6134,0.7237,3.1146
38.6136,0.6168,2.6572
38.6138,0.6289,2.7082
38.6140,0.6603,2.8408
38.6142,0.7047,3.0288
38.6144,0.7252,3.1213
38.6146,0.6787,2.9224
38.6148,0.6203,2.6697
38.6150,0.6537,2.8085
38.6152,0.7004,3.0173
38.6154,0.6329,2.729
38.6156,0.6325,2.7211
38.6158,0.6765,2.9118
38.6160,0.6137,2.6426
38.6162,0.6033,2.6001
38.6164,0.6011,2.5896
38.6166,0.6004,2.5853
38.6168,0.6019,2.5932
38.6170,0.6145,2.6437
38.6172,0.6195,2.6711
38.6174,0.5343,2.305
38.6176,0.5312,2.2916
38.6178,0.5432,2.3401
38.6180,0.5367,2.3111
38.6182,0.5264,2.2656
38.6184,0.6331,2.725
38.6186,0.663,2.8574
38.6188,0.5783,2.4914
38.6190,0.6155,2.6503
38.6192,0.6384,2.7477
38.6194,0.6817,2.9272
38.6196,0.7762,3.3329
38.6198,0.755,3.2478
38.6200,0.6871,2.9531
38.6202,0.7232,3.1125
38.6204,0.6895,2.9689
38.6206,0.6904,2.9689
38.6208,0.7395,3.1783
38.6210,0.7156,3.0772
38.6212,0.6681,2.8757
38.6214,0.6823,2.9325
38.6216,0.7623,3.2732
38.6218,0.7883,3.3865
38.6220,0.7759,3.335
38.6222,0.7889,3.3875
38.6224,0.8179,3.5121
38.6226,0.7651,3.2886
38.6228,0.7717,3.3169
38.6230,0.7149,3.0741
38.6232,0.7205,3.0969
38.6234,0.7281,3.1322
38.6236,0.7203,3.0987
38.6238,0.6657,2.864
38.6240,0.6638,2.8544
38.6242,0.7255,3.1223
38.6244,0.6684,2.8794
38.6246,0.5717,2.4664
38.6248,0.5047,2.1783
38.6250,0.516,2.2269
38.6252,0.5266,2.2719
38.6254,0.492,2.1215
38.6256,0.5238,2.2574
38.6258,0.5518,2.3806
38.6260,0.491,2.1163
38.6262,0.4886,2.108
38.6264,0.4903,2.1142
38.6266,0.4897,2.1116
38.6268,0.485,2.0924
38.6270,0.4868,2.1012
38.6272,0.486,2.0946
38.6274,0.5109,2.1991
38.6276,0.5908,2.5416
38.6278,0.5998,2.5803
38.6280,0.6069,2.6119
38.6282,0.5998,2.5827
38.6284,0.612,2.6366
38.6286,0.6248,2.6856
38.6288,0.6868,2.9493
38.6290,0.8024,3.4457
38.6292,0.7779,3.3432
38.6294,0.7697,3.3035
38.6296,0.8385,3.5956
38.6298,0.8713,3.736
38.6300,0.8545,3.6674
38.6302,0.8418,3.6145
38.6304,0.8328,3.5743
38.6306,0.8461,3.628
38.6308,0.842,3.6139
38.6310,0.8264,3.5453
38.6312,0.8382,3.5991
38.6314,0.8197,3.5149
38.6316,0.857,3.6782
38.6318,0.8514,3.6557
38.6320,0.8408,3.6104
38.6322,0.8252,3.5435
38.6324,0.8329,3.5748
38.6326,0.816,3.5038
38.6328,0.7499,3.2231
38.6330,0.809,3.4724
38.6332,0.9154,3.9288
38.6334,0.8891,3.8144
38.6336,0.9016,3.8715
38.6338,0.7806,3.3582
38.6340,0.7305,3.1426
38.6342,0.7416,3.1876
38.6344,0.7581,3.2612
38.6346,0.712,3.0617
38.6348,0.747,3.2123
38.6350,0.7969,3.4252
38.6352,0.7958,3.4237
38.6354,0.6868,2.9562
38.6356,0.6782,2.9163
38.6358,0.7739,3.3247
38.6360,0.7861,3.3772
38.6362,0.7267,3.1231
38.6364,0.7324,3.1523
38.6366,0.6961,2.9973
38.6368,0.6707,2.8852
38.6370,0.6907,2.9727
38.6372,0.6582,2.8368
38.6374,0.5854,2.5231
38.6376,0.589,2.5362
38.6378,0.6326,2.7254
38.6380,0.615,2.6483
38.6382,0.6408,2.7593
38.6384,0.6698,2.8815
38.6386,0.6275,2.707
38.6388,0.5631,2.4269
38.6390,0.5566,2.4001
38.6392,0.591,2.5462
38.6394,0.6171,2.657
38.6396,0.6338,2.7344
38.6398,0.5537,2.3855
38.6400,0.6268,2.6976
38.6402,0.6764,2.9099
38.6404,0.6867,2.9543
38.6406,0.6705,2.886
38.6408,0.6757,2.9122
38.6410,0.6064,2.6135
38.6412,0.5593,2.4104
38.6414,0.5895,2.5383
38.6416,0.651,2.8019
38.6418,0.7117,3.0616
38.6420,0.6876,2.9551
38.6422,0.7095,3.0494
38.6424,0.7371,3.168
38.6426,0.7196,3.0956
38.6428,0.6497,2.7962
38.6430,0.663,2.8561
38.6432,0.6511,2.8063
38.6434,0.5566,2.4013
38.6436,0.4932,2.1276
38.6438,0.5079,2.1923
38.6440,0.5197,2.2399
38.6442,0.5675,2.4449
38.6444,0.6108,2.6339
38.6446,0.5468,2.3577
38.6448,0.5552,2.3928
38.6450,0.5792,2.4985
38.6452,0.5131,2.2114
38.6454,0.5924,2.5495
38.6456,0.643,2.766
38.6458,0.6862,2.9536
38.6460,0.6612,2.8418
38.6462,0.7102,3.0582
38.6464,0.6366,2.7463
38.6466,0.5395,2.3251
38.6468,0.5331,2.2977
38.6470,0.5335,2.3014
38.6472,0.5341,2.3029
38.6474,0.5324,2.2936
38.6476,0.5359,2.3085
38.6478,0.5367,2.3122
38.6480,0.5391,2.3247
38.6482,0.5395,2.3273
38.6484,0.5552,2.3895
38.6486,0.6407,2.7562
38.6488,0.6452,2.7732
38.6490,0.7617,3.2691
38.6492,0.7877,3.3918
38.6494,0.6185,2.6645
38.6496,0.547,2.3577
38.6498,0.5382,2.3216
38.6500,0.5084,2.1923
38.6502,0.5723,2.4633
38.6504,0.619,2.6678
38.6506,0.5763,2.4826
38.6508,0.5675,2.4449
38.6510,0.5661,2.4376
38.6512,0.5657,2.436
38.6514,0.5874,2.5318
38.6516,0.543,2.3434
38.6518,0.4784,2.0621
38.6520,0.4769,2.0573
38.6522,0.4868,2.0992
38.6524,0.5576,2.3987
38.6526,0.6111,2.63
38.6528,0.6233,2.6801
38.6530,0.578,2.4945
38.6532,0.4892,2.1125
38.6534,0.4911,2.1178
38.6536,0.4777,2.0599
38.6538,0.4764,2.0523
38.6540,0.5475,2.3576
38.6542,0.5438,2.3416
38.6544,0.5565,2.3952
38.6546,0.5901,2.5385
38.6548,0.6178,2.6626
38.6550,0.5567,2.3984
38.6552,0.597,2.5672
38.6554,0.6352,2.7363
38.6556,0.5554,2.3916
38.6558,0.5422,2.337
38.6560,0.5253,2.2641
38.6562,0.5453,2.3483
38.6564,0.5876,2.5253
38.6566,0.6949,2.988
38.6568,0.6239,2.6852
38.6570,0.5843,2.5126
38.6572,0.6348,2.7335
38.6574,0.6047,2.6051
38.6576,0.5908,2.5428
38.6578,0.6025,2.5909
38.6580,0.66,2.8406
38.6582,0.6647,2.8633
38.6584,0.6081,2.6159
38.6586,0.635,2.7294
38.6588,0.6677,2.8723
38.6590,0.6783,2.9168
38.6592,0.6968,2.9934
38.6594,0.6786,2.9192
38.6596,0.6192,2.6626
38.6598,0.6647,2.8607
38.6600,0.6367,2.7404
38.6602,0.6638,2.8544
38.6604,0.7135,3.065
38.6606,0.7217,3.1063
38.6608,0.581,2.5028
38.6610,0.5952,2.5619
38.6612,0.6367,2.7379
38.6614,0.6674,2.8686
38.6616,0.6825,2.9376
38.6618,0.6657,2.8627
38.6620,0.7302,3.1328
38.6622,0.8087,3.4708
38.6624,0.8362,3.5858
38.6626,0.8749,3.7514
38.6628,0.8526,3.6609
38.6630,0.8205,3.5234
38.6632,0.8885,3.8082
38.6634,0.8994,3.8568
38.6636,0.8612,3.6962
38.6638,0.8329,3.5748
38.6640,0.8313,3.5664
38.6642,0.8318,3.5718
38.6644,0.8503,3.6511
38.6646,0.8521,3.6571
38.6648,0.834,3.5811
38.6650,0.8771,3.7629
38.6652,0.8588,3.6859
38.6654,0.8004,3.4321
38.6656,0.8889,3.8116
38.6658,0.8504,3.6533
38.6660,0.8227,3.5343
38.6662,0.8317,3.5713
38.6664,0.8298,3.5614
38.6666,0.8165,3.5092
38.6668,0.7355,3.1628
38.6670,0.6837,2.94
38.6672,0.7175,3.0868
38.6674,0.7571,3.251
38.6676,0.8034,3.4546
38.6678,0.7444,3.2024
38.6680,0.729,3.1335
38.6682,0.7355,3.1569
38.6684,0.8169,3.5031
38.6686,0.8842,3.7915
38.6688,0.9159,3.9327
38.6690,0.8197,3.5231
38.6692,0.7769,3.3406
38.6694,0.7334,3.1535
38.6696,0.7222,3.107
38.6698,0.7404,3.1883
38.6700,0.7168,3.078
38.6702,0.7734,3.321
38.6704,0.7942,3.4149
38.6706,0.7304,3.1435
38.6708,0.6816,2.9335
38.6710,0.6909,2.9737
38.6712,0.7386,3.1717
38.6714,0.7243,3.1215
38.6716,0.6196,2.6704
38.6718,0.6015,2.5911
38.6720,0.6021,2.5949
38.6722,0.5534,2.3873
38.6724,0.6071,2.6142
38.6726,0.6576,2.8302
38.6728,0.659,2.8364
38.6730,0.6643,2.8618
38.6732,0.627,2.7024
38.6734,0.5955,2.5653
38.6736,0.573,2.4698
38.6738,0.5734,2.4725
38.6740,0.5706,2.4618
38.6742,0.5669,2.4435
38.6744,0.6096,2.6214
38.6746,0.7199,3.0957
38.6748,0.741,3.1865
38.6750,0.6913,2.9725
38.6752,0.7179,3.087
38.6754,0.7373,3.1734
38.6756,0.7046,3.0311
38.6758,0.6904,2.9703
38.6760,0.6856,2.9524
38.6762,0.6741,2.9028
38.6764,0.6222,2.6817
38.6766,0.4991,2.153
38.6768,0.5046,2.1757
38.6770,0.5636,2.4313
38.6772,0.536,2.3101
38.6774,0.5383,2.321
38.6776,0.5453,2.3515
38.6778,0.5423,2.3332
38.6780,0.7296,3.1317
38.6782,0.7906,3.4026
38.6784,0.6257,2.698
38.6786,0.5727,2.4671
38.6788,0.5999,2.5832
38.6790,0.6262,2.6963
38.6792,0.6467,2.7846
38.6794,0.659,2.8364
38.6796,0.654,2.8148
38.6798,0.644,2.7693
38.6800,0.677,2.9084
38.6802,0.7027,3.0229
38.6804,0.6293,2.7122
38.6806,0.6198,2.6714
38.6808,0.6196,2.6679
38.6810,0.64,2.7505
38.6812,0.7293,3.1345
38.6814,0.7976,3.4267
38.6816,0.8046,3.4565
38.6818,0.7466,3.2117
38.6820,0.6975,3.0063
38.6822,0.6463,2.7856
38.6824,0.6492,2.7954
38.6826,0.641,2.759
38.6828,0.6555,2.8188
38.6830,0.701,3.0157
38.6832,0.6632,2.8545
38.6834,0.663,2.8548
38.6836,0.6529,2.8101
38.6838,0.643,2.7673
38.6840,0.6401,2.7575
38.6842,0.6328,2.7259
38.6844,0.6332,2.7267
38.6846,0.6795,2.922
38.6848,0.797,3.4241
38.6850,0.6824,2.9357
38.6852,0.6483,2.7892
38.6854,0.7107,3.0546
38.6856,0.7834,3.3638
38.6858,0.8077,3.4667
38.6860,0.8315,3.5703
38.6862,0.8187,3.519
38.6864,0.7974,3.4256
38.6866,0.7383,3.1731
38.6868,0.6946,2.9911
38.6870,0.663,2.8588
38.6872,0.5528,2.3847
38.6874,0.5184,2.2342
38.6876,0.5884,2.5313
38.6878,0.7265,3.1241
38.6880,0.7473,3.2103
38.6882,0.7213,3.1086
38.6884,0.6359,2.7381
38.6886,0.6248,2.6931
38.6888,0.5837,2.5158
38.6890,0.6245,2.689
38.6892,0.684,2.941
38.6894,0.7101,3.062
38.6896,0.5516,2.3806
38.6898,0.509,2.1969
38.6900,0.5088,2.1928
38.6902,0.5665,2.4425
38.6904,0.5193,2.2414
38.6906,0.515,2.2218
38.6908,0.5188,2.2362
38.6910,0.5499,2.3646
38.6912,0.6768,2.9128
38.6914,0.5732,2.4749
38.6916,0.3895,1.6825
38.6918,0.3784,1.6363
38.6920,0.375,1.6206
38.6922,0.3825,1.6517
38.6924,0.389,1.6804
38.6926,0.3881,1.6768
38.6928,0.3834,1.6553
38.6930,0.3837,1.6576
38.6932,0.3999,1.7268
38.6934,0.4169,1.7978
38.6936,0.4722,2.039
38.6938,0.4886,2.105
38.6940,0.5214,2.2471
38.6942,0.517,2.2285
38.6944,0.5444,2.3463
38.6946,0.5826,2.5065
38.6948,0.6641,2.8528
38.6950,0.7427,3.1877
38.6952,0.7078,3.0422
38.6954,0.722,3.1002
38.6956,0.8149,3.5008
38.6958,0.7991,3.4328
38.6960,0.8053,3.4564
38.6962,0.7928,3.4013
38.6964,0.8148,3.4938
38.6966,0.9118,3.9043
38.6968,0.9607,4.1195
38.6970,0.9529,4.0823
38.6972,0.9877,4.2293
38.6974,0.9384,4.0258
38.6976,0.9099,3.9015
38.6978,0.9117,3.9092
38.6980,0.9004,3.8573
38.6982,0.9394,4.0243
38.6984,0.9388,4.0292
38.6986,0.9271,3.9774
38.6988,0.9345,4.0069
38.6990,0.9413,4.0362
38.6992,0.943,4.0416
38.6994,0.9207,3.9478
38.6996,0.9068,3.8918
38.6998,0.8957,3.8427
38.7000,0.9204,3.9486
38.7002,0.9341,4.0054
38.7004,0.9233,3.9647
38.7006,0.8165,3.5108
38.7008,0.7416,3.1935
38.7010,0.6943,2.984
38.7012,0.7557,3.2464
38.7014,0.7938,3.4118
38.7016,0.7837,3.3685
38.7018,0.7934,3.407
38.7020,0.8675,3.7218
38.7022,0.8879,3.8181
38.7024,0.7692,3.3092
38.7026,0.7374,3.171
38.7028,0.7757,3.3339
38.7030,0.8424,3.6137
38.7032,0.8732,3.7512
38.7034,0.7786,3.3494
38.7036,0.701,3.0143
38.7038,0.7528,3.2385
38.7040,0.7486,3.2205
38.7042,0.702,3.017
38.7044,0.7378,3.1726
38.7046,0.7832,3.3664
38.7048,0.7811,3.3618
38.7050,0.7389,3.1787
38.7052,0.7685,3.3046
38.7054,0.7689,3.3061
38.7056,0.7095,3.0565
38.7058,0.6217,2.6797
38.7060,0.6201,2.6687
38.7062,0.6414,2.7644
38.7064,0.593,2.558
38.7066,0.591,2.5474
38.7068,0.6419,2.7626
38.7070,0.6743,2.9074
38.7072,0.6035,2.5999
38.7074,0.578,2.4899
38.7076,0.583,2.5127
38.7078,0.6344,2.7332
38.7080,0.6727,2.898
38.7082,0.5848,2.5228
38.7084,0.5126,2.2114
38.7086,0.5608,2.416
38.7088,0.68,2.9268
38.7090,0.6777,2.9183
38.7092,0.5948,2.5634
38.7094,0.5618,2.4201
38.7096,0.5576,2.4032
38.7098,0.5615,2.4202
38.7100,0.6196,2.6679
38.7102,0.7073,3.043
38.7104,0.7197,3.0933
38.7106,0.752,3.2319
38.7108,0.7896,3.3969
38.7110,0.7535,3.2371
38.7112,0.7627,3.2829
38.7114,0.6748,2.9059
38.7116,0.6522,2.8083
38.7118,0.6665,2.8684
38.7120,0.7322,3.1483
38.7122,0.7749,3.3319
38.7124,0.7861,3.3741
38.7126,0.8063,3.467
38.7128,0.688,2.9641
38.7130,0.6451,2.7779
38.7132,0.6522,2.8083
38.7134,0.6407,2.7613
38.7136,0.6373,2.7443
38.7138,0.6383,2.7471
38.7140,0.6404,2.759
38.7142,0.6372,2.7425
38.7144,0.6768,2.9088
38.7146,0.7386,3.1762
38.7148,0.6639,2.8602
38.7150,0.6319,2.7211
38.7152,0.6817,2.934
38.7154,0.6302,2.7138
38.7156,0.6573,2.8332
38.7158,0.6424,2.7647
38.7160,0.635,2.7345
38.7162,0.6397,2.7559
38.7164,0.5741,2.4768
38.7166,0.5982,2.576
38.7168,0.6385,2.7533
38.7170,0.554,2.3899
38.7172,0.5419,2.3376
38.7174,0.4811,2.0763
38.7176,0.4652,2.0062
38.7178,0.5156,2.2233
38.7180,0.5215,2.2518
38.7182,0.4742,2.0459
38.7184,0.5,2.1571
38.7186,0.5284,2.2776
38.7188,0.5732,2.4681
38.7190,0.6559,2.823
38.7192,0.6836,2.9395
38.7194,0.7018,3.0193
38.7196,0.7107,3.0589
38.7198,0.6837,2.9482
38.7200,0.6081,2.6183
38.7202,0.6373,2.7443
38.7204,0.6283,2.7068
38.7206,0.6085,2.6216
38.7208,0.6334,2.7235
38.7210,0.6945,2.9878
38.7212,0.7042,3.0296
38.7214,0.7124,3.0632
38.7216,0.7379,3.1731
38.7218,0.6878,2.9617
38.7220,0.6109,2.6331
38.7222,0.6229,2.6811
38.7224,0.7298,3.1351
38.7226,0.7252,3.1213
38.7228,0.6419,2.7652
38.7230,0.6163,2.6552
38.7232,0.6235,2.6887
38.7234,0.5946,2.5664
38.7236,0.5163,2.2274
38.7238,0.4994,2.1535
38.7240,0.4994,2.1545
38.7242,0.5009,2.1607
38.7244,0.4973,2.1442
38.7246,0.4874,2.1028
38.7248,0.4858,2.0955
38.7250,0.4849,2.0909
38.7252,0.5025,2.1659
38.7254,0.542,2.3371
38.7256,0.5025,2.1639
38.7258,0.5136,2.2145
38.7260,0.487,2.1017
38.7262,0.4865,2.0977
38.7264,0.5119,2.2083
38.7266,0.5071,2.1856
38.7268,0.6006,2.5851
38.7270,0.6203,2.6722
38.7272,0.584,2.5134
38.7274,0.5471,2.3582
38.7276,0.5037,2.1711
38.7278,0.531,2.2884
38.7280,0.5952,2.5595
38.7282,0.6715,2.8861
38.7284,0.7106,3.0569
38.7286,0.7073,3.0416
38.7288,0.7949,3.4132
38.7290,0.7681,3.2999
38.7292,0.7624,3.2752
38.7294,0.762,3.2752
38.7296,0.7741,3.3241
38.7298,0.8451,3.6256
38.7300,0.8993,3.8617
38.7302,0.8034,3.4578
38.7304,0.7637,3.2778
38.7306,0.8576,3.6756
38.7308,0.8916,3.8252
38.7310,0.9271,3.9737
38.7312,0.9457,4.0534
38.7314,0.9298,3.985
38.7316,0.9824,4.2165
38.7318,0.8661,3.7173
38.7320,0.8558,3.6765
38.7322,0.8382,3.6008
38.7324,0.8237,3.5335
38.7326,0.8492,3.6431
38.7328,0.898,3.856
38.7330,0.8311,3.5754
38.7332,0.7554,3.2499
38.7334,0.6967,2.9957
38.7336,0.7268,3.1251
38.7338,0.7373,3.1705
38.7340,0.7541,3.2427
38.7342,0.7571,3.248
38.7344,0.7924,3.4087
38.7346,0.7409,3.186
38.7348,0.7195,3.0937
38.7350,0.7106,3.0598
38.7352,0.6994,3.0076
38.7354,0.7233,3.1087
38.7356,0.7221,3.1021
38.7358,0.7395,3.1813
38.7360,0.703,3.0272
38.7362,0.6727,2.8926
38.7364,0.7208,3.1022
38.7366,0.7047,3.0315
38.7368,0.7146,3.0715
38.7370,0.7229,3.1114
38.7372,0.6755,2.9035
38.7374,0.7088,3.0505
38.7376,0.6953,2.9969
38.7378,0.6287,2.7032
38.7380,0.7222,3.1054
38.7382,0.7338,3.1569
38.7384,0.7348,3.1581
38.7386,0.729,3.1333
38.7388,0.6959,2.9897
38.7390,0.7475,3.2142
38.7392,0.7538,3.2415
38.7394,0.7431,3.1966
38.7396,0.7058,3.0376
38.7398,0.6554,2.8222
38.7400,0.6362,2.7395
38.7402,0.6704,2.8827
38.7404,0.7296,3.1345
38.7406,0.7518,3.2313
38.7408,0.7613,3.2735
38.7410,0.7552,3.2487
38.7412,0.7478,3.2157
38.7414,0.7516,3.2302
38.7416,0.7317,3.1447
38.7418,0.7532,3.2389
38.7420,0.7427,3.1951
38.7422,0.6782,2.9203
38.7424,0.6272,2.7008
38.7426,0.6607,2.8435
38.7428,0.6783,2.9235
38.7430,0.6132,2.6416
38.7432,0.5899,2.5414
38.7434,0.5872,2.5319
38.7436,0.5908,2.5462
38.7438,0.5938,2.558
38.7440,0.6923,2.9756
38.7442,0.7496,3.2265
38.7444,0.6803,2.9295
38.7446,0.6925,2.9803
38.7448,0.6817,2.9366
38.7450,0.6788,2.9215
38.7452,0.6689,2.8751
38.7454,0.6883,2.9595
38.7456,0.6615,2.8498
38.7458,0.6506,2.8002
38.7460,0.6564,2.825
38.7462,0.6595,2.8384
38.7464,0.6598,2.8465
38.7466,0.5987,2.5815
38.7468,0.5686,2.4483
38.7470,0.5947,2.5609
38.7472,0.6175,2.6541
38.7474,0.7719,3.3163
38.7476,0.8043,3.4618
38.7478,0.6404,2.7589
38.7480,0.5999,2.5855
38.7482,0.5925,2.5546
38.7484,0.5815,2.5041
38.7486,0.6658,2.8644
38.7488,0.6206,2.6712
38.7490,0.5886,2.5393
38.7492,0.5399,2.3303
38.7494,0.5357,2.3122
38.7496,0.5355,2.308
38.7498,0.5518,2.3772
38.7500,0.6096,2.6261
38.7502,0.6234,2.6843
38.7504,0.6402,2.754
38.7506,0.6763,2.9093
38.7508,0.6372,2.7475
38.7510,0.5448,2.3516
38.7512,0.5645,2.433
38.7514,0.538,2.321
38.7516,0.5259,2.2666
38.7518,0.559,2.407
38.7520,0.6248,2.6892
38.7522,0.6686,2.8776
38.7524,0.6451,2.7777
38.7526,0.579,2.4956
38.7528,0.55,2.3716
38.7530,0.5463,2.3556
38.7532,0.5432,2.3411
38.7534,0.5568,2.3989
38.7536,0.6378,2.7463
38.7538,0.639,2.7476
38.7540,0.7018,3.022
38.7542,0.6392,2.7537
38.7544,0.6216,2.6778
38.7546,0.6157,2.6513
38.7548,0.6108,2.6313
38.7550,0.6071,2.6153
38.7552,0.6056,2.6067
38.7554,0.6405,2.7543
38.7556,0.6934,2.9858
38.7558,0.6318,2.723
38.7560,0.6182,2.6596
38.7562,0.6734,2.8888
38.7564,0.8173,3.5143
38.7566,0.7084,3.0475
38.7568,0.7035,3.0236
38.7570,0.7178,3.0863
38.7572,0.6874,2.9573
38.7574,0.6716,2.8892
38.7576,0.6797,2.927
38.7578,0.6368,2.7409
38.7580,0.6748,2.9004
38.7582,0.738,3.1705
38.7584,0.7294,3.1334
38.7586,0.7719,3.3194
38.7588,0.72,3.0932
38.7590,0.7077,3.0459
38.7592,0.6658,2.8671
38.7594,0.6737,2.8971
38.7596,0.7112,3.058
38.7598,0.694,2.9884
38.7600,0.5812,2.5049
38.7602,0.5743,2.4743
38.7604,0.5775,2.4877
38.7606,0.5676,2.4454
38.7608,0.6062,2.6105
38.7610,0.701,3.0127
38.7612,0.7434,3.1937
38.7614,0.7948,3.4115
38.7616,0.8158,3.5065
38.7618,0.7831,3.3673
38.7620,0.7191,3.0906
38.7622,0.7613,3.2689
38.7624,0.7775,3.3415
38.7626,0.8044,3.4559
38.7628,0.768,3.3039
38.7630,0.7168,3.0765
38.7632,0.8618,3.6987
38.7634,0.8514,3.6561
38.7636,0.8313,3.5696
38.7638,0.8253,3.5422
38.7640,0.8807,3.7817
38.7642,0.8969,3.8512
38.7644,0.9113,3.9094
38.7646,0.8705,3.7327
38.7648,0.9048,3.8834
38.7650,0.9049,3.8821
38.7652,0.9103,3.9071
38.7654,0.8493,3.6468
38.7656,0.8621,3.7054
38.7658,0.8193,3.5198
38.7660,0.7614,3.2786
38.7662,0.642,2.7656
38.7664,0.6553,2.8203
38.7666,0.7314,3.1436
38.7668,0.7681,3.3013
38.7670,0.8145,3.5008
38.7672,0.8249,3.5407
38.7674,0.8606,3.7004
38.7676,0.7621,3.2741
38.7678,0.7902,3.3914
38.7680,0.8432,3.6256
38.7682,0.7734,3.3271
38.7684,0.7854,3.3724
38.7686,0.8414,3.6129
38.7688,0.827,3.556
38.7690,0.7833,3.3699
38.7692,0.7783,3.342
38.7694,0.8017,3.444
38.7696,0.7465,3.2131
38.7698,0.7267,3.125
38.7700,0.7228,3.1109
38.7702,0.6838,2.9418
38.7704,0.7324,3.1492
38.7706,0.7727,3.324
38.7708,0.7421,3.1984
38.7710,0.5374,2.3173
38.7712,0.4995,2.1549
38.7714,0.4947,2.1362
38.7716,0.4942,2.1332
38.7718,0.5674,2.4443
38.7720,0.5853,2.5225
38.7722,0.5776,2.4882
38.7724,0.6013,2.5869
38.7726,0.7061,3.0406
38.7728,0.682,2.9395
38.7730,0.6241,2.6886
38.7732,0.6594,2.8405
38.7734,0.5723,2.4689
38.7736,0.5323,2.294
38.7738,0.6285,2.709
38.7740,0.5911,2.5478
38.7742,0.5282,2.2828
38.7744,0.4269,1.844
38.7746,0.4193,1.8097
38.7748,0.4118,1.7788
38.7750,0.426,1.8413
38.7752,0.4548,1.9629
38.7754,0.4488,1.9361
38.7756,0.5068,2.1885
38.7758,0.4948,2.1328
38.7760,0.5648,2.4307
38.7762,0.5869,2.5285
38.7764,0.5883,2.533
38.7766,0.5938,2.5591
38.7768,0.5778,2.4916
38.7770,0.56,2.4134
38.7772,0.5643,2.4331
38.7774,0.5561,2.3969
38.7776,0.5758,2.477
38.7778,0.6194,2.6673
38.7780,0.6353,2.7341
38.7782,0.6847,2.9468
38.7784,0.6928,2.9763
38.7786,0.7381,3.1755
38.7788,0.7361,3.1667
38.7790,0.7245,3.1166
38.7792,0.702,3.0174
38.7794,0.7048,3.0349
38.7796,0.6698,2.8814
38.7798,0.6831,2.9387
38.7800,0.6324,2.7255
38.7802,0.6113,2.6334
38.7804,0.6351,2.7311
38.7806,0.6926,2.9794
38.7808,0.7403,3.1803
38.7810,0.7525,3.2389
38.7812,0.6686,2.8789
38.7814,0.633,2.7231
38.7816,0.6615,2.8458
38.7818,0.7508,3.2271
38.7820,0.7706,3.3091
38.7822,0.7693,3.308
38.7824,0.7606,3.2704
38.7826,0.7187,3.0919
38.7828,0.6522,2.8095
38.7830,0.6107,2.6308
38.7832,0.5577,2.4081
38.7834,0.4962,2.1405
38.7836,0.4936,2.1276
38.7838,0.5626,2.4225
38.7840,0.6209,2.6772
38.7842,0.497,2.1421
38.7844,0.4826,2.081
38.7846,0.4779,2.0628
38.7848,0.4745,2.0468
38.7850,0.5079,2.1881
38.7852,0.5655,2.436
38.7854,0.6017,2.5921
38.7856,0.6137,2.6412
38.7858,0.5672,2.4467
38.7860,0.482,2.0794
38.7862,0.5389,2.3235
38.7864,0.5209,2.2439
38.7866,0.5859,2.5227
38.7868,0.6006,2.5862
38.7870,0.5982,2.5795
38.7872,0.586,2.522
38.7874,0.6325,2.7185
38.7876,0.6866,2.955
38.7878,0.6097,2.6254
38.7880,0.6338,2.7267
38.7882,0.6843,2.9425
38.7884,0.7097,3.0504
38.7886,0.7561,3.2453
38.7888,0.807,3.4748
38.7890,0.699,3.0059
38.7892,0.6827,2.9358
38.7894,0.6765,2.909
38.7896,0.6992,3.0078
38.7898,0.693,2.9801
38.7900,0.6977,3.0016
38.7902,0.6847,2.9481
38.7904,0.7112,3.0551
38.7906,0.7651,3.2885
38.7908,0.7048,3.0306
38.7910,0.719,3.0886
38.7912,0.7719,3.3163
38.7914,0.7427,3.1951
38.7916,0.7054,3.036
38.7918,0.7037,3.0274
38.7920,0.7451,3.1979
38.7922,0.7736,3.3235
38.7924,0.7294,3.1378
38.7926,0.7225,3.1055
38.7928,0.7637,3.2807
38.7930,0.7978,3.4307
38.7932,0.7615,3.2745
38.7934,0.7494,3.2194
38.7936,0.774,3.3281
38.7938,0.7686,3.3003
38.7940,0.8224,3.5282
38.7942,0.839,3.5992
38.7944,0.8331,3.5773
38.7946,0.7965,3.4203
38.7948,0.8451,3.6271
38.7950,0.8469,3.6365
38.7952,0.8371,3.5926
38.7954,0.8494,3.6473
38.7956,0.8223,3.5293
38.7958,0.8568,3.6724
38.7960,0.9294,3.9889
38.7962,0.9118,3.9114
38.7964,0.9157,3.9229
38.7966,1.0088,4.3215
38.7968,1.03,4.4145
38.7970,0.9869,4.2241
38.7972,1.029,4.4063
38.7974,1.0437,4.471
38.7976,1.0495,4.492
38.7978,1.0371,4.449
38.7980,0.9932,4.2607
38.7982,0.9896,4.2374
38.7984,1.0415,4.4597
38.7986,0.9934,4.2657
38.7988,0.906,3.8886
38.7990,0.8899,3.8214
38.7992,0.9499,4.0731
38.7994,0.9977,4.2743
38.7996,1.0258,4.3965
38.7998,1.0253,4.3945
38.8000,1.0237,4.3857
38.8002,1.0199,4.3673
38.8004,1.0216,4.3806
38.8006,1.01,4.3307
38.8008,0.9684,4.1523
38.8010,0.9795,4.2021
38.8012,0.9839,4.2191
38.8014,0.9832,4.2121
38.8016,1.0222,4.3832
38.8018,1.0191,4.3677
38.8020,0.9917,4.2585
38.8022,0.9264,3.9798
38.8024,0.9464,4.0639
38.8026,0.9337,4.013
38.8028,0.8976,3.8633
38.8030,0.7857,3.3802
38.8032,0.7799,3.3518
38.8034,0.7899,3.3983
38.8036,0.789,3.3926
38.8038,0.8095,3.4791
38.8040,0.7917,3.4076
38.8042,0.7341,3.1579
38.8044,0.7938,3.4148
38.8046,0.7971,3.4277
38.8048,0.7661,3.2972
38.8050,0.7157,3.079
38.8052,0.7333,3.1592
38.8054,0.6965,3.0034
38.8056,0.691,2.9769
38.8058,0.6934,2.983
38.8060,0.7513,3.2337
38.8062,0.7522,3.2358
38.8064,0.7814,3.3601
38.8066,0.7893,3.4005
38.8068,0.7172,3.0852
38.8070,0.7694,3.3116
38.8072,0.7856,3.3813
38.8074,0.7688,3.3121
38.8076,0.6984,3.0075
38.8078,0.6878,2.9643
38.8080,0.7112,3.0608
38.8082,0.7676,3.3039
38.8084,0.7125,3.0693
38.8086,0.676,2.9137
38.8088,0.6633,2.8589
38.8090,0.6954,2.9932
38.8092,0.7098,3.0566
38.8094,0.6758,2.9113
38.8096,0.6817,2.938
38.8098,0.6954,2.9918
38.8100,0.7432,3.1971
38.8102,0.7676,3.3039
38.8104,0.7866,3.3854
38.8106,0.791,3.4014
38.8108,0.785,3.3771
38.8110,0.7911,3.4035
38.8112,0.7054,3.0403
38.8114,0.6484,2.7974
38.8116,0.6067,2.6186
38.8118,0.601,2.5926
38.8120,0.6303,2.7193
38.8122,0.6066,2.6144
38.8124,0.6137,2.6462
38.8126,0.5989,2.5814
38.8128,0.5945,2.5646
38.8130,0.5158,2.2253
38.8132,0.5144,2.2222
38.8134,0.5396,2.3256
38.8136,0.6917,2.9786
38.8138,0.6538,2.8194
38.8140,0.5712,2.4643
38.8142,0.5612,2.4219
38.8144,0.5681,2.452
38.8146,0.5644,2.4337
38.8148,0.5598,2.4151
38.8150,0.5559,2.3981
38.8152,0.5649,2.4391
38.8154,0.5531,2.3873
38.8156,0.5505,2.3737
38.8158,0.5493,2.3707
38.8160,0.5654,2.4367
38.8162,0.6614,2.8453
38.8164,0.6716,2.8959
38.8166,0.5867,2.5287
38.8168,0.657,2.8302
38.8170,0.6112,2.6353
38.8172,0.5766,2.4876
38.8174,0.5815,2.5076
38.8176,0.6088,2.6213
38.8178,0.6466,2.7845
38.8180,0.6627,2.851
38.8182,0.7327,3.1508
38.8184,0.7909,3.3993
38.8186,0.812,3.4916
38.8188,0.8154,3.5028
38.8190,0.85,3.655
38.8192,0.7957,3.4231
38.8194,0.705,3.0373
38.8196,0.7309,3.143
38.8198,0.7857,3.3755
38.8200,0.8114,3.4841
38.8202,0.8335,3.5855
38.8204,0.7824,3.3658
38.8206,0.7984,3.4317
38.8208,0.7326,3.1561
38.8210,0.6652,2.8658
38.8212,0.6645,2.8614
38.8214,0.6583,2.8332
38.8216,0.6561,2.8279
38.8218,0.6935,2.9836
38.8220,0.7628,3.2771
38.8222,0.8067,3.4705
38.8224,0.6993,3.0125
38.8226,0.6486,2.7953
38.8228,0.6405,2.7581
38.8230,0.6444,2.7747
38.8232,0.6481,2.7907
38.8234,0.674,2.9022
38.8236,0.7271,3.1295
38.8238,0.6645,2.8627
38.8240,0.6518,2.8054
38.8242,0.6478,2.7922
38.8244,0.6399,2.7555
38.8246,0.6373,2.7429
38.8248,0.6811,2.9313
38.8250,0.695,2.9925
38.8252,0.7054,3.0389
38.8254,0.6976,3.0039
38.8256,0.6941,2.9875
38.8258,0.6808,2.9316
38.8260,0.6758,2.9086
38.8262,0.6893,2.9655
38.8264,0.7435,3.2002
38.8266,0.7066,3.0412
38.8268,0.7568,3.2529
38.8270,0.7679,3.2988
38.8272,0.8025,3.4444
38.8274,0.8884,3.8182
38.8276,0.8566,3.6782
38.8278,0.8638,3.7126
38.8280,0.8381,3.6006
38.8282,0.8248,3.5418
38.8284,0.8389,3.6004
38.8286,0.924,3.9658
38.8288,0.9066,3.8929
38.8290,0.9174,3.9338
38.8292,0.8887,3.8145
38.8294,0.9142,3.9236
38.8296,0.9584,4.1077
38.8298,1.015,4.3503
38.8300,1.0044,4.305
38.8302,1.0336,4.432
38.8304,1.015,4.3482
38.8306,1.0155,4.3503
38.8308,1.002,4.3008
38.8310,0.9363,4.0169
38.8312,0.9638,4.1328
38.8314,0.9675,4.1526
38.8316,0.9469,4.0659
38.8318,0.9169,3.9427
38.8320,0.8425,3.6209
38.8322,0.8709,3.7343
38.8324,0.91,3.9092
38.8326,0.817,3.5116
38.8328,0.8372,3.5999
38.8330,0.8807,3.7853
38.8332,0.8994,3.8639
38.8334,0.8903,3.8194
38.8336,0.9269,3.9744
38.8338,0.9243,3.971
38.8340,0.8397,3.6107
38.8342,0.8652,3.7153
38.8344,0.9411,4.0431
38.8346,0.9265,3.9784
38.8348,0.8691,3.737
38.8350,0.7674,3.3013
38.8352,0.7621,3.2817
38.8354,0.7537,3.2455
38.8356,0.7484,3.2228
38.8358,0.7374,3.1724
38.8360,0.7911,3.4003
38.8362,0.8475,3.6476
38.8364,0.8064,3.4674
38.8366,0.848,3.6446
38.8368,0.8305,3.566
38.8370,0.863,3.7142
38.8372,0.7437,3.2036
38.8374,0.708,3.0516
38.8376,0.6628,2.8555
38.8378,0.7439,3.1987
38.8380,0.852,3.6621
38.8382,0.8753,3.7621
38.8384,0.8133,3.4956
38.8386,0.8296,3.5657
38.8388,0.818,3.5174
38.8390,0.8595,3.7026
38.8392,0.7948,3.4258
38.8394,0.7637,3.2823
38.8396,0.8278,3.558
38.8398,0.8459,3.6426
38.8400,0.7417,3.1865
38.8402,0.813,3.4957
38.8404,0.8107,3.494
38.8406,0.7546,3.2507
38.8408,0.72,3.1033
38.8410,0.6815,2.9361
38.8412,0.696,3
38.8414,0.6643,2.8643
38.8416,0.6478,2.7883
38.8418,0.7018,3.0276
38.8420,0.6333,2.7284
38.8422,0.7048,3.0349
38.8424,0.7273,3.1305
38.8426,0.7002,3.0181
38.8428,0.6958,2.9989
38.8430,0.6921,2.9788
38.8432,0.6749,2.9077
38.8434,0.642,2.763
38.8436,0.7198,3.0994
38.8438,0.767,3.2998
38.8440,0.8227,3.5342
38.8442,0.8619,3.7043
38.8444,0.8359,3.5892
38.8446,0.897,3.8607
38.8448,0.7414,3.1968
38.8450,0.6637,2.8604
38.8452,0.6628,2.8542
38.8454,0.6606,2.8483
38.8456,0.6571,2.8333
38.8458,0.6501,2.8033
38.8460,0.6415,2.7635
38.8462,0.6454,2.7819
38.8464,0.6464,2.786
38.8466,0.6841,2.9469
38.8468,0.7349,3.1645
38.8470,0.7586,3.2652
38.8472,0.7518,3.2373
38.8474,0.7149,3.0825
38.8476,0.635,2.7369
38.8478,0.6336,2.7307
38.8480,0.6513,2.8046
38.8482,0.6532,2.8194
38.8484,0.533,2.3014
38.8486,0.5377,2.3194
38.8488,0.6427,2.77
38.8490,0.5934,2.5588
38.8492,0.605,2.6114
38.8494,0.6023,2.597
38.8496,0.5807,2.5051
38.8498,0.4954,2.1403
38.8500,0.4718,2.0383
38.8502,0.5201,2.246
38.8504,0.5229,2.2569
38.8506,0.545,2.3499
38.8508,0.5648,2.4375
38.8510,0.5598,2.4151
38.8512,0.5807,2.5005
38.8514,0.6347,2.729
38.8516,0.6806,2.9319
38.8518,0.6574,2.8349
38.8520,0.6357,2.7413
38.8522,0.5794,2.5018
38.8524,0.4981,2.1487
38.8526,0.5747,2.477
38.8528,0.6266,2.7007
38.8530,0.5718,2.4657
38.8532,0.5624,2.4249
38.8534,0.5631,2.428
38.8536,0.5591,2.4131
38.8538,0.5549,2.3939
38.8540,0.5666,2.4441
38.8542,0.5711,2.4615
38.8544,0.5631,2.428
38.8546,0.5548,2.3923
38.8548,0.5506,2.3731
38.8550,0.5936,2.5551
38.8552,0.624,2.6906
38.8554,0.6218,2.6826
38.8556,0.6496,2.7987
38.8558,0.6385,2.7519
38.8560,0.6311,2.7186
38.8562,0.6289,2.708
38.8564,0.6464,2.7783
38.8566,0.7089,3.0453
38.8568,0.7574,3.2555
38.8570,0.7361,3.174
38.8572,0.6426,2.7656
38.8574,0.6697,2.8836
38.8576,0.6875,2.9605
38.8578,0.7083,3.0456
38.8580,0.6978,3.0035
38.8582,0.6548,2.8209
38.8584,0.6482,2.7912
38.8586,0.7403,3.1833
38.8588,0.7657,3.2972
38.8590,0.7022,3.0221
38.8592,0.6537,2.8175
38.8594,0.6124,2.6392
38.8596,0.6213,2.6755
38.8598,0.6187,2.6654
38.8600,0.6151,2.6499
38.8602,0.6379,2.7468
38.8604,0.7425,3.1851
38.8606,0.8421,3.6159
38.8608,0.7901,3.3925
38.8610,0.7827,3.3642
38.8612,0.7468,3.2096
38.8614,0.7469,3.2101
38.8616,0.7624,3.2797
38.8618,0.8042,3.4565
38.8620,0.8633,3.7053
38.8622,0.8818,3.7846
38.8624,0.8156,3.5071
38.8626,0.7784,3.3457
38.8628,0.7692,3.3075
38.8630,0.7845,3.3735
38.8632,0.8293,3.5625
38.8634,0.8546,3.6678
38.8636,0.8642,3.7141
38.8638,0.808,3.4762
38.8640,0.7945,3.4131
38.8642,0.7818,3.3617
38.8644,0.8012,3.4388
38.8646,0.8847,3.8005
38.8648,0.7715,3.3219
38.8650,0.741,3.1893
38.8652,0.7582,3.2601
38.8654,0.7836,3.371
38.8656,0.7597,3.2668
38.8658,0.7562,3.2518
38.8660,0.746,3.211
38.8662,0.7353,3.1631
38.8664,0.683,2.9395
38.8666,0.7371,3.1679
38.8668,0.85,3.6533
38.8670,0.7931,3.4069
38.8672,0.8046,3.4628
38.8674,0.7609,3.2704
38.8676,0.8579,3.6805
38.8678,0.8606,3.7021
38.8680,0.7705,3.3132
38.8682,0.8088,3.4793
38.8684,0.7837,3.3715
38.8686,0.7534,3.2425
38.8688,0.7353,3.1616
38.8690,0.7652,3.2874
38.8692,0.807,3.4732
38.8694,0.7038,3.0322
38.8696,0.6825,2.9375
38.8698,0.736,3.1662
38.8700,0.7173,3.0857
38.8702,0.696,2.9944
38.8704,0.7495,3.2245
38.8706,0.8005,3.4405
38.8708,0.7609,3.2735
38.8710,0.6791,2.9257
38.8712,0.6199,2.6743
38.8714,0.6151,2.6524
38.8716,0.604,2.6067
38.8718,0.5396,2.3256
38.8720,0.6309,2.7181
38.8722,0.6683,2.8793
38.8724,0.6681,2.8769
38.8726,0.6817,2.9339
38.8728,0.6504,2.8018
38.8730,0.5907,2.5481
38.8732,0.6078,2.6196
38.8734,0.706,3.0358
38.8736,0.7173,3.0871
38.8738,0.6713,2.8895
38.8740,0.6868,2.9574
38.8742,0.6887,2.9643
38.8744,0.6861,2.9557
38.8746,0.6293,2.7134
38.8748,0.597,2.5743
38.8750,0.6417,2.7633
38.8752,0.6723,2.899
38.8754,0.5948,2.565
38.8756,0.5933,2.5559
38.8758,0.5851,2.5196
38.8760,0.6095,2.6268
38.8762,0.5932,2.5589
38.8764,0.5836,2.5129
38.8766,0.7022,3.0193
38.8768,0.6885,2.9688
38.8770,0.6089,2.6255
38.8772,0.62,2.6698
38.8774,0.6565,2.8281
38.8776,0.6429,2.7697
38.8778,0.6504,2.7992
38.8780,0.6713,2.8935
38.8782,0.6745,2.9029
38.8784,0.7091,3.0535
38.8786,0.6947,2.9859
38.8788,0.7335,3.1539
38.8790,0.6722,2.8931
38.8792,0.656,2.8274
38.8794,0.5596,2.4163
38.8796,0.5418,2.3386
38.8798,0.553,2.3801
38.8800,0.6788,2.9201
38.8802,0.7004,3.0172
38.8804,0.6496,2.7974
38.8806,0.635,2.7331
38.8808,0.6484,2.7896
38.8810,0.7014,3.019
38.8812,0.6766,2.9149
38.8814,0.6269,2.7018
38.8816,0.5928,2.5538
38.8818,0.6181,2.6591
38.8820,0.6799,2.9275
38.8822,0.6278,2.7072
38.8824,0.5446,2.3483
38.8826,0.5314,2.2936
38.8828,0.5324,2.2967
38.8830,0.5402,2.3303
38.8832,0.5775,2.4877
38.8834,0.6167,2.6566
38.8836,0.589,2.5408
38.8838,0.5313,2.291
38.8840,0.5251,2.2651
38.8842,0.5283,2.2812
38.8844,0.5259,2.2687
38.8846,0.5345,2.3039
38.8848,0.6065,2.6115
38.8850,0.6613,2.8475
38.8852,0.6717,2.8897
38.8854,0.6552,2.8224
38.8856,0.6335,2.7289
38.8858,0.5972,2.5729
38.8860,0.5468,2.3587
38.8862,0.5379,2.3205
38.8864,0.5499,2.3678
38.8866,0.62,2.6698
38.8868,0.5843,2.5183
38.8870,0.6068,2.6106
38.8872,0.6248,2.6967
38.8874,0.4728,2.0396
38.8876,0.4486,1.9369
38.8878,0.4396,1.8989
38.8880,0.4423,1.9117
38.8882,0.4682,2.0199
38.8884,0.4839,2.0867
38.8886,0.5372,2.3152
38.8888,0.6219,2.6769
38.8890,0.5801,2.5002
38.8892,0.5236,2.2547
38.8894,0.5869,2.5309
38.8896,0.541,2.335
38.8898,0.5371,2.3104
38.8900,0.6757,2.9094
38.8902,0.6,2.5884
38.8904,0.5242,2.2605
38.8906,0.5471,2.357
38.8908,0.5296,2.2805
38.8910,0.5522,2.3787
38.8912,0.5837,2.5122
38.8914,0.583,2.515
38.8916,0.5036,2.1695
38.8918,0.5416,2.3343
38.8920,0.5444,2.3484
38.8922,0.4891,2.109
38.8924,0.4872,2.0997
38.8926,0.4867,2.0996
38.8928,0.486,2.0945
38.8930,0.4964,2.1405
38.8932,0.4927,2.1245
38.8934,0.5523,2.3781
38.8936,0.6163,2.6489
38.8938,0.6885,2.955
38.8940,0.7606,3.2719
38.8942,0.6788,2.9174
38.8944,0.7014,3.019
38.8946,0.6383,2.747
38.8948,0.6393,2.7517
38.8950,0.6703,2.8822
38.8952,0.7516,3.2287
38.8954,0.7192,3.0853
38.8956,0.8078,3.4671
38.8958,0.8566,3.6765
38.8960,0.7783,3.3436
38.8962,0.7339,3.1545
38.8964,0.7457,3.202
38.8966,0.8475,3.6374
38.8968,0.8921,3.8217
38.8970,0.9397,4.0275
38.8972,0.9712,4.1627
38.8974,0.9429,4.0414
38.8976,0.9176,3.9311
38.8978,0.9026,3.8705
38.8980,0.9326,4.0028
38.8982,0.9319,3.9923
38.8984,0.9505,4.0757
38.8986,0.9295,3.9838
38.8988,0.9287,3.9803
38.8990,0.916,3.9294
38.8992,0.9102,3.9029
38.8994,0.8642,3.7107
38.8996,0.8609,3.7002
38.8998,0.8266,3.5462
38.9000,0.8805,3.7789
38.9002,0.8375,3.5947
38.9004,0.819,3.5166
38.9006,0.8571,3.6769
38.9008,0.8452,3.631
38.9010,0.8391,3.6014
38.9012,0.8678,3.7261
38.9014,0.8425,3.6209
38.9016,0.7875,3.3848
38.9018,0.8061,3.4615
38.9020,0.8261,3.5458
38.9022,0.8142,3.5009
38.9024,0.8137,3.4955
38.9026,0.7808,3.3575
38.9028,0.7195,3.0941
38.9030,0.7761,3.3436
38.9032,0.6794,2.9241
38.9034,0.6838,2.9418
38.9036,0.6505,2.7997
38.9038,0.6795,2.9232
38.9040,0.7137,3.0717
38.9042,0.6865,2.9531
38.9044,0.7036,3.0297
38.9046,0.7041,3.0318
38.9048,0.6263,2.6992
38.9050,0.626,2.6919
38.9052,0.6851,2.9502
38.9054,0.6613,2.8475
38.9056,0.6674,2.8765
38.9058,0.6224,2.6814
38.9060,0.6103,2.6317
38.9062,0.607,2.6148
38.9064,0.6652,2.8605
38.9066,0.7408,3.1824
38.9068,0.7271,3.1324
38.9070,0.6386,2.7524
38.9072,0.5977,2.5762
38.9074,0.6315,2.7232
38.9076,0.5953,2.5647
38.9078,0.6052,2.607
38.9080,0.614,2.6465
38.9082,0.6484,2.7935
38.9084,0.6303,2.7105
38.9086,0.7186,3.0928
38.9088,0.6934,2.9844
38.9090,0.689,2.9653
38.9092,0.6672,2.8714
38.9094,0.7091,3.0492
38.9096,0.742,3.1934
38.9098,0.6622,2.8503
38.9100,0.6573,2.8344
38.9102,0.5685,2.4524
38.9104,0.5396,2.3256
38.9106,0.5573,2.4009
38.9108,0.6061,2.6112
38.9110,0.6347,2.7341
38.9112,0.6476,2.7873
38.9114,0.6519,2.8072
38.9116,0.6528,2.8121
38.9118,0.6547,2.8164
38.9120,0.6567,2.8252
38.9122,0.6548,2.8183
38.9124,0.6636,2.8586
38.9126,0.6073,2.6175
38.9128,0.558,2.4063
38.9130,0.5588,2.4105
38.9132,0.5537,2.3865
38.9134,0.5498,2.3684
38.9136,0.5482,2.3628
38.9138,0.5409,2.3323
38.9140,0.563,2.4275
38.9142,0.5642,2.4326
38.9144,0.5639,2.4316
38.9146,0.5092,2.1958
38.9148,0.5169,2.2289
38.9150,0.5392,2.3262
38.9152,0.4771,2.0573
38.9154,0.4935,2.1311
38.9156,0.45,1.9422
38.9158,0.4523,1.9529
38.9160,0.4763,2.0565
38.9162,0.4652,2.0089
38.9164,0.4616,1.9924
38.9166,0.4561,1.9686
38.9168,0.4438,1.9162
38.9170,0.4525,1.9513
38.9172,0.4796,2.0691
38.9174,0.5229,2.2537
38.9176,0.6113,2.6309
38.9178,0.5898,2.5409
38.9180,0.5779,2.4886
38.9182,0.6311,2.7136
38.9184,0.6877,2.9583
38.9186,0.6953,2.9871
38.9188,0.7154,3.076
38.9190,0.7178,3.0878
38.9192,0.6826,2.9394
38.9194,0.6777,2.9155
38.9196,0.6542,2.8183
38.9198,0.5716,2.4613
38.9200,0.6164,2.6544
38.9202,0.5986,2.5798
38.9204,0.5305,2.2873
38.9206,0.5181,2.233
38.9208,0.5012,2.1592
38.9210,0.508,2.1917
38.9212,0.5113,2.2036
38.9214,0.5947,2.5573
38.9216,0.6654,2.865
38.9218,0.5841,2.5185
38.9220,0.5317,2.2925
38.9222,0.5012,2.1612
38.9224,0.4938,2.1291
38.9226,0.4842,2.0887
38.9228,0.4956,2.1369
38.9230,0.5468,2.3577
38.9232,0.5442,2.3446
38.9234,0.5091,2.1973
38.9236,0.3938,1.7003
38.9238,0.3813,1.6472
38.9240,0.3812,1.6459
38.9242,0.3823,1.6514
38.9244,0.3775,1.6306
38.9246,0.3761,1.6249
38.9248,0.3777,1.6286
38.9250,0.46,1.9833
38.9252,0.4825,2.0805
38.9254,0.4897,2.1115
38.9256,0.4886,2.1059
38.9258,0.4953,2.1339
38.9260,0.502,2.1638
38.9262,0.4992,2.1514
38.9264,0.5024,2.1664
38.9266,0.5265,2.2671
38.9268,0.6107,2.6235
38.9270,0.6877,2.9542
38.9272,0.7379,3.1641
38.9274,0.7922,3.4018
38.9276,0.765,3.2849
38.9278,0.8251,3.5395
38.9280,0.8331,3.574
38.9282,0.8295,3.5652
38.9284,0.7384,3.1735
38.9286,0.7481,3.2123
38.9288,0.7878,3.378
38.9290,0.8252,3.54
38.9292,0.7944,3.4158
38.9294,0.7596,3.2617
38.9296,0.8026,3.4482
38.9298,0.8227,3.5243
38.9300,0.9357,4.0068
38.9302,0.9444,4.0457
38.9304,0.9514,4.0779
38.9306,0.9326,4.0009
38.9308,0.8414,3.6095
38.9310,0.8525,3.6573
38.9312,0.8908,3.825
38.9314,0.8534,3.6609
38.9316,0.865,3.7091
38.9318,0.8825,3.7824
38.9320,0.913,3.9148
38.9322,0.9067,3.8935
38.9324,0.7772,3.3421
38.9326,0.7263,3.1229
38.9328,0.7331,3.1494
38.9330,0.7927,3.3991
38.9332,0.8891,3.8124
38.9334,0.8988,3.8577
38.9336,0.8222,3.5354
38.9338,0.7158,3.0766
38.9340,0.7299,3.1384
38.9342,0.714,3.0703
38.9344,0.7005,3.0149
38.9346,0.676,2.9096
38.9348,0.6907,2.9684
38.9350,0.7061,3.0363
38.9352,0.7203,3.0972
38.9354,0.6851,2.9461
38.9356,0.7694,3.3024
38.9358,0.8302,3.5633
38.9360,0.8321,3.5749
38.9362,0.8156,3.5071
38.9364,0.7974,3.4239
38.9366,0.877,3.7605
38.9368,0.8431,3.6184
38.9370,0.7968,3.4245
38.9372,0.8124,3.4915
38.9374,0.8349,3.5884
38.9376,0.8324,3.5776
38.9378,0.8295,3.5586
38.9380,0.863,3.7004
38.9382,0.8843,3.7972
38.9384,0.8193,3.5181
38.9386,0.8263,3.548
38.9388,0.854,3.6669
38.9390,0.854,3.6669
38.9392,0.83,3.5656
38.9394,0.7607,3.2694
38.9396,0.746,3.2095
38.9398,0.7857,3.3755
38.9400,0.8331,3.574
38.9402,0.8469,3.6348
38.9404,0.8325,3.5781
38.9406,0.8115,3.4863
38.9408,0.794,3.4158
38.9410,0.6909,2.9722
38.9412,0.6673,2.8719
38.9414,0.673,2.8954
38.9416,0.7145,3.0724
38.9418,0.7507,3.2251
38.9420,0.7775,3.3431
38.9422,0.7719,3.3209
38.9424,0.7652,3.292
38.9426,0.733,3.1503
38.9428,0.7331,3.1538
38.9430,0.7431,3.1921
38.9432,0.806,3.4561
38.9434,0.9537,4.0915
38.9436,0.9818,4.2118
38.9438,0.9691,4.1631
38.9440,0.8547,3.6768
38.9442,0.7403,3.1862
38.9444,0.7004,3.0116
38.9446,0.6962,2.9935
38.9448,0.6982,3.0051
38.9450,0.7055,3.0394
38.9452,0.6995,3.0094
38.9454,0.6989,3.0068
38.9456,0.7041,3.0304
38.9458,0.718,3.0917
38.9460,0.7223,3.1074
38.9462,0.714,3.0703
38.9464,0.7155,3.0765
38.9466,0.7962,3.414
38.9468,0.9538,4.0882
38.9470,0.9337,4.013
38.9472,0.7823,3.3684
38.9474,0.7004,3.0158
38.9476,0.655,2.8206
38.9478,0.6064,2.611
38.9480,0.6972,3.001
38.9482,0.6969,3.0022
38.9484,0.5996,2.5881
38.9486,0.5535,2.3877
38.9488,0.5795,2.4976
38.9490,0.5612,2.4197
38.9492,0.5681,2.4485
38.9494,0.5842,2.519
38.9496,0.5504,2.3721
38.9498,0.6399,2.7479
38.9500,0.798,3.4344
38.9502,0.6661,2.8734
38.9504,0.5487,2.367
38.9506,0.5415,2.3371
38.9508,0.5408,2.3318
38.9510,0.5874,2.5282
38.9512,0.6291,2.7078
38.9514,0.661,2.8464
38.9516,0.6975,2.9978
38.9518,0.7345,3.1585
38.9520,0.7096,3.0555
38.9522,0.7193,3.0959
38.9524,0.7411,3.1854
38.9526,0.6994,3.0116
38.9528,0.6486,2.794
38.9530,0.6621,2.8484
38.9532,0.7498,3.221
38.9534,0.7637,3.2869
38.9536,0.6787,2.9223
38.9538,0.6685,2.8824
38.9540,0.5929,2.5543
38.9542,0.5907,2.5445
38.9544,0.5899,2.5438
38.9546,0.5998,2.585
38.9548,0.5999,2.5831
38.9550,0.5884,2.5371
38.9552,0.5813,2.5066
38.9554,0.62,2.6686
38.9556,0.6512,2.8028
38.9558,0.6433,2.7726
38.9560,0.626,2.6969
38.9562,0.6229,2.6847
38.9564,0.6149,2.6439
38.9566,0.7054,3.0346
38.9568,0.7035,3.0348
38.9570,0.5494,2.3712
38.9572,0.5489,2.3648
38.9574,0.5839,2.5144
38.9576,0.5948,2.5614
38.9578,0.6065,2.6115
38.9580,0.6163,2.6538
38.9582,0.6619,2.8461
38.9584,0.6711,2.8871
38.9586,0.6372,2.7411
38.9588,0.6655,2.8669
38.9590,0.6329,2.7276
38.9592,0.5904,2.5423
38.9594,0.604,2.5994
38.9596,0.6546,2.8212
38.9598,0.6371,2.7381
38.9600,0.6953,2.9927
38.9602,0.6162,2.6546
38.9604,0.6559,2.8255
38.9606,0.6933,2.9811
38.9608,0.6938,2.986
38.9610,0.7032,3.0225
38.9612,0.7514,3.2252
38.9614,0.7528,3.2369
38.9616,0.7399,3.1832
38.9618,0.7116,3.0586
38.9620,0.7484,3.2183
38.9622,0.7826,3.3637
38.9624,0.7887,3.3852
38.9626,0.8913,3.8199
38.9628,0.9886,4.2372
38.9630,0.9886,4.2352
38.9632,0.9781,4.192
38.9634,0.9577,4.1085
38.9636,0.9748,4.182
38.9638,0.9684,4.1523
38.9640,0.9556,4.0997
38.9642,0.955,4.0971
38.9644,0.9221,3.9594
38.9646,0.8741,3.7447
38.9648,0.892,3.8266
38.9650,0.8652,3.717
38.9652,0.8747,3.756
38.9654,0.8751,3.7575
38.9656,0.8425,3.6175
38.9658,0.8379,3.5996
38.9660,0.8367,3.5961
38.9662,0.7794,3.3529
38.9664,0.7595,3.2642
38.9666,0.7919,3.4065
38.9668,0.7546,3.2476
38.9670,0.7548,3.2411
38.9672,0.7644,3.2915
38.9674,0.6596,2.8376
38.9676,0.6722,2.8958
38.9678,0.6663,2.8678
38.9680,0.7193,3.093
38.9682,0.7124,3.0688
38.9684,0.6686,2.8776
38.9686,0.6785,2.9191
38.9688,0.6645,2.8641
38.9690,0.6041,2.6084
38.9692,0.5354,2.3096
38.9694,0.5769,2.4863
38.9696,0.6787,2.921
38.9698,0.7522,3.2328
38.9700,0.7528,3.2384
38.9702,0.6999,3.0137
38.9704,0.6752,2.9073
38.9706,0.6841,2.9428
38.9708,0.7008,3.0164
38.9710,0.6833,2.9438
38.9712,0.6646,2.8659
38.9714,0.6699,2.8833
38.9716,0.6765,2.913
38.9718,0.6415,2.7648
38.9720,0.6025,2.5969
38.9722,0.6301,2.7195
38.9724,0.5486,2.3654
38.9726,0.535,2.307
38.9728,0.5144,2.2181
38.9730,0.5992,2.5836
38.9732,0.5703,2.4613
38.9734,0.4767,2.0576
38.9736,0.4823,2.0824
38.9738,0.4881,2.1058
38.9740,0.4598,1.9856
38.9742,0.404,1.7451
38.9744,0.4065,1.7544
38.9746,0.4814,2.0778
38.9748,0.4922,2.1214
38.9750,0.5802,2.5019
38.9752,0.5468,2.3577
38.9754,0.543,2.3427
38.9756,0.5654,2.4378
38.9758,0.5682,2.4479
38.9760,0.5666,2.4407
38.9762,0.5585,2.4083
38.9764,0.5597,2.4146
38.9766,0.599,2.5795
38.9768,0.6847,2.944
38.9770,0.7167,3.0846
38.9772,0.6572,2.8312
38.9774,0.586,2.5232
38.9776,0.6428,2.7667
38.9778,0.6477,2.7904
38.9780,0.6434,2.7718
38.9782,0.6755,2.9048
38.9784,0.7393,3.1762
38.9786,0.7317,3.1491
38.9788,0.7026,3.02
38.9790,0.683,2.9409
38.9792,0.6223,2.6834
38.9794,0.6204,2.6739
38.9796,0.6609,2.8406
38.9798,0.7337,3.1534
38.9800,0.7573,3.2595
38.9802,0.6705,2.8885
38.9804,0.6478,2.7883
38.9806,0.6745,2.9015
38.9808,0.7048,3.0349
38.9810,0.6668,2.8685
38.9812,0.7255,3.1256
38.9814,0.6089,2.6243
38.9816,0.5598,2.4129
38.9818,0.5886,2.5393
38.9820,0.4835,2.0866
38.9822,0.4642,2.0042
38.9824,0.4626,1.9947
38.9826,0.4651,2.0083
38.9828,0.4687,2.0239
38.9830,0.4645,2.0058
38.9832,0.4636,1.9998
38.9834,0.4634,2.0002
38.9836,0.4644,2.0034
38.9838,0.4668,2.0128
38.9840,0.464,2.0018
38.9842,0.4633,1.9987
38.9844,0.4616,1.9924
38.9846,0.4842,2.0868
38.9848,0.5743,2.4731
38.9850,0.5968,2.5697
38.9852,0.6152,2.6492
38.9854,0.6457,2.7777
38.9856,0.6341,2.7264
38.9858,0.6373,2.7416
38.9860,0.6113,2.6309
38.9862,0.6312,2.7191
38.9864,0.6059,2.6089
38.9866,0.6161,2.6503
38.9868,0.6313,2.7196
38.9870,0.5958,2.5655
38.9872,0.5944,2.5582
38.9874,0.6195,2.6665
38.9876,0.6489,2.793
38.9878,0.6151,2.6511
38.9880,0.5837,2.5146
38.9882,0.577,2.4856
38.9884,0.5814,2.5048
38.9886,0.5871,2.5267
38.9888,0.6014,2.5886
38.9890,0.5546,2.3924
38.9892,0.4995,2.1539
38.9894,0.4926,2.1259
38.9896,0.508,2.1886
38.9898,0.595,2.5572
38.9900,0.6425,2.769
38.9902,0.5289,2.2817
38.9904,0.5004,2.1556
38.9906,0.5209,2.2439
38.9908,0.539,2.324
38.9910,0.5777,2.4876
38.9912,0.6253,2.6913
38.9914,0.6282,2.705
38.9916,0.6094,2.6239
38.9918,0.5905,2.544
38.9920,0.5799,2.4957
38.9922,0.6029,2.596
38.9924,0.5859,2.525
38.9926,0.5272,2.2734
38.9928,0.4777,2.0598
38.9930,0.4718,2.0345
38.9932,0.495,2.1343
38.9934,0.5267,2.2703
38.9936,0.5902,2.5413
38.9938,0.5901,2.5396
38.9940,0.5719,2.4605
38.9942,0.5934,2.5528
38.9944,0.7022,3.0151
38.9946,0.801,3.4393
38.9948,0.8083,3.4675
38.9950,0.7854,3.3724
38.9952,0.8586,3.6818
38.9954,0.8041,3.4543
38.9956,0.7047,3.0231
38.9958,0.8253,3.5373
38.9960,0.8736,3.7461
38.9962,0.8884,3.8147
38.9964,0.85,3.6482
38.9966,0.8573,3.6745
38.9968,0.9273,3.9727
38.9970,0.9439,4.0436
38.9972,0.9086,3.8944
38.9974,0.9324,3.998
38.9976,0.9379,4.0236
38.9978,0.9327,3.9996
38.9980,0.903,3.8757
38.9982,0.8065,3.4598
38.9984,0.8372,3.5999
38.9986,0.7422,3.19
38.9988,0.7448,3.1984
38.9990,0.8137,3.4907
38.9992,0.907,3.8909
38.9994,0.9004,3.8626
38.9996,0.8928,3.8284
38.9998,0.8994,3.8585
39.0000,0.9031,3.878
39.0002,0.8549,3.6676
39.0004,0.8558,3.6763
39.0006,0.8243,3.5414
39.0008,0.863,3.7055
39.0010,0.8074,3.4704
39.0012,0.769,3.3049
39.0014,0.7464,3.2081
39.0016,0.7723,3.3209
39.0018,0.7146,3.0729
39.0020,0.7024,3.0189
39.0022,0.7233,3.1129
39.0024,0.708,3.0516
39.0026,0.6638,2.8556
39.0028,0.7399,3.1802
39.0030,0.7113,3.0613
39.0032,0.6341,2.7328
39.0034,0.5661,2.4409
39.0036,0.5601,2.415
39.0038,0.5758,2.4805
39.0040,0.636,2.7411
39.0042,0.6011,2.5919
39.0044,0.5672,2.4433
39.0046,0.568,2.4458
39.0048,0.6136,2.642
39.0050,0.6453,2.7775
39.0052,0.666,2.8623
39.0054,0.6989,3.0096
39.0056,0.6435,2.771
39.0058,0.6323,2.725
39.0060,0.6053,2.6039
39.0062,0.7026,3.0256
39.0064,0.6809,2.9308
39.0066,0.6469,2.7855
39.0068,0.5871,2.5302
39.0070,0.5657,2.4371
39.0072,0.5797,2.4975
39.0074,0.5836,2.5129
39.0076,0.6353,2.7341
39.0078,0.6493,2.7984
39.0080,0.5921,2.5519
39.0082,0.5838,2.5163
39.0084,0.6253,2.6913
39.0086,0.6224,2.6777
39.0088,0.6451,2.779
39.0090,0.6761,2.9074
39.0092,0.8145,3.4975
39.0094,0.8329,3.5746
39.0096,0.8625,3.7
39.0098,0.7929,3.4096
39.0100,0.7337,3.1534
39.0102,0.7663,3.3013
39.0104,0.6592,2.8413
39.0106,0.618,2.6611
39.0108,0.6157,2.6537
39.0110,0.6174,2.661
39.0112,0.6566,2.8234
39.0114,0.6948,2.9879
39.0116,0.7339,3.1559
39.0118,0.7284,3.1351
39.0120,0.6998,3.0146
39.0122,0.6279,2.7027
39.0124,0.6211,2.6757
39.0126,0.6247,2.6862
39.0128,0.7838,3.3673
39.0130,0.8142,3.5041
39.0132,0.6807,2.9311
39.0134,0.6446,2.7744
39.0136,0.6468,2.7837
39.0138,0.6155,2.6576
39.0140,0.5466,2.3582
39.0142,0.5371,2.3158
39.0144,0.5407,2.3313
39.0146,0.5417,2.3359
39.0148,0.5404,2.3303
39.0150,0.5421,2.3342
39.0152,0.5673,2.4461
39.0154,0.5356,2.3096
39.0156,0.5483,2.3644
39.0158,0.5519,2.3799
39.0160,0.5586,2.4044
39.0162,0.6634,2.8488
39.0164,0.7729,3.322
39.0166,0.7281,3.1321
39.0168,0.6681,2.8742
39.0170,0.6652,2.8645
39.0172,0.6609,2.8446
39.0174,0.6862,2.9507
39.0176,0.688,2.9612
39.0178,0.7433,3.1947
39.0180,0.7884,3.3853
39.0182,0.8082,3.4654
39.0184,0.8318,3.5717
39.0186,0.8493,3.6502
39.0188,0.7524,3.2338
39.0190,0.7534,3.2364
39.0192,0.8008,3.4388
39.0194,0.8531,3.6599
39.0196,0.8531,3.6633
39.0198,0.7989,3.4306
39.0200,0.7832,3.3631
39.0202,0.8383,3.6028
39.0204,0.7697,3.3111
39.0206,0.7415,3.1884
39.0208,0.7309,3.143
39.0210,0.7012,3.0194
39.0212,0.6809,2.9321
39.0214,0.6826,2.9339
39.0216,0.7049,3.0354
39.0218,0.6504,2.8057
39.0220,0.5777,2.4887
39.0222,0.5701,2.4585
39.0224,0.5715,2.4642
39.0226,0.5731,2.468
39.0228,0.6512,2.8002
39.0230,0.6366,2.7398
39.0232,0.6427,2.7687
39.0234,0.601,2.5914
39.0236,0.5729,2.4692
39.0238,0.5736,2.4723
39.0240,0.5874,2.5318
39.0242,0.6348,2.7295
39.0244,0.658,2.8335
39.0246,0.5878,2.5333
39.0248,0.5271,2.2739
39.0250,0.4926,2.1249
39.0252,0.4901,2.116
39.0254,0.4872,2.1036
39.0256,0.4871,2.1021
39.0258,0.4843,2.0893
39.0260,0.5042,2.1721
39.0262,0.5642,2.4326
39.0264,0.5022,2.1643
39.0266,0.5489,2.3648
39.0268,0.5841,2.5149
39.0270,0.6397,2.752
39.0272,0.6785,2.9177
39.0274,0.7386,3.1775
39.0276,0.719,3.0915
39.0278,0.7895,3.3883
39.0280,0.7976,3.4233
39.0282,0.7988,3.4317
39.0284,0.8185,3.5194
39.0286,0.7827,3.3642
39.0288,0.7781,3.3379
39.0290,0.9151,3.924
39.0292,0.9246,3.9609
39.0294,0.9369,4.0138
39.0296,0.9511,4.0783
39.0298,0.9782,4.1886
39.0300,1.0004,4.2876
39.0302,0.9722,4.1746
39.0304,0.8899,3.8214
39.0306,0.8872,3.8095
39.0308,0.8607,3.6975
39.0310,0.8264,3.5468
39.0312,0.8034,3.4496
39.0314,0.8191,3.5187
39.0316,0.8261,3.5508
39.0318,0.7923,3.4054
39.0320,0.816,3.5004
39.0322,0.8763,3.7627
39.0324,0.8679,3.7266
39.0326,0.8464,3.6345
39.0328,0.7837,3.3699
39.0330,0.7574,3.26
39.0332,0.7505,3.2271
39.0334,0.7609,3.2689
39.0336,0.7606,3.2734
39.0338,0.6537,2.8175
39.0340,0.6067,2.6162
39.0342,0.5743,2.4743
39.0344,0.6106,2.6278
39.0346,0.6429,2.7697
39.0348,0.6206,2.6737
39.0350,0.6301,2.7145
39.0352,0.6188,2.6659
39.0354,0.6613,2.8448
39.0356,0.6574,2.8349
39.0358,0.5466,2.356
39.0360,0.5859,2.5203
39.0362,0.7203,3.1044
39.0364,0.6308,2.715
39.0366,0.6724,2.8928
39.0368,0.6544,2.8233
39.0370,0.5772,2.4878
39.0372,0.6233,2.68
39.0374,0.6791,2.923
39.0376,0.6879,2.9579
39.0378,0.739,3.1761
39.0380,0.7377,3.1734
39.0382,0.7396,3.1846
39.0384,0.6596,2.8415
39.0386,0.6317,2.7187
39.0388,0.6577,2.832
39.0390,0.6691,2.8797
39.0392,0.6812,2.9304
39.0394,0.7168,3.0793
39.0396,0.7526,3.2394
39.0398,0.7137,3.0745
39.0400,0.6743,2.9024
39.0402,0.6294,2.7126
39.0404,0.5984,2.5781
39.0406,0.6501,2.7994
39.0408,0.6031,2.5982
39.0410,0.5793,2.5001
39.0412,0.5189,2.2377
39.0414,0.5648,2.433
39.0416,0.5947,2.5692
39.0418,0.4276,1.8472
39.0420,0.4038,1.743
39.0422,0.4556,1.9674
39.0424,0.4531,1.9566
39.0426,0.4537,1.9573
39.0428,0.5297,2.2821
39.0430,0.5104,2.203
39.0432,0.4505,1.9461
39.0434,0.4487,1.9374
39.0436,0.447,1.9293
39.0438,0.4466,1.9268
39.0440,0.4468,1.9273
39.0442,0.4456,1.9222
39.0444,0.4487,1.9356
39.0446,0.4506,1.9448
39.0448,0.4492,1.9386
39.0450,0.4474,1.9317
39.0452,0.4477,1.9315
39.0454,0.4552,1.9626
39.0456,0.4501,1.9436
39.0458,0.4447,1.9203
39.0460,0.4452,1.9206
39.0462,0.4416,1.906
39.0464,0.4505,1.9434
39.0466,0.465,2.005
39.0468,0.451,1.9473
39.0470,0.451,1.9473
39.0472,0.4585,1.978
39.0474,0.4614,1.9905
39.0476,0.4584,1.9794
39.0478,0.4578,1.9749
39.0480,0.4652,2.0051
39.0482,0.516,2.2237
39.0484,0.5188,2.2393
39.0486,0.4657,2.0091
39.0488,0.4661,2.0078
39.0490,0.5142,2.216
39.0492,0.5885,2.5388
39.0494,0.4552,1.9654
39.0496,0.4496,1.9389
39.0498,0.4513,1.9452
39.0500,0.4476,1.9301
39.0502,0.4791,2.0651
39.0504,0.5354,2.3043
39.0506,0.5827,2.5116
39.0508,0.553,2.3812
39.0510,0.5654,2.4344
39.0512,0.5606,2.4126
39.0514,0.6423,2.7646
39.0516,0.5917,2.5456
39.0518,0.5758,2.4759
39.0520,0.6311,2.7173
39.0522,0.607,2.6172
39.0524,0.5448,2.3472
39.0526,0.5408,2.3286
39.0528,0.5209,2.2429
39.0530,0.5327,2.2961
39.0532,0.4974,2.1426
39.0534,0.5496,2.3701
39.0536,0.5041,2.1746
39.0538,0.4883,2.1053
39.0540,0.518,2.2346
39.0542,0.4838,2.0862
39.0544,0.4853,2.0895
39.0546,0.5367,2.3089
39.0548,0.5688,2.4505
39.0550,0.5154,2.2212
39.0552,0.5074,2.184
39.0554,0.5608,2.4159
39.0556,0.4975,2.1432
39.0558,0.4423,1.91
39.0560,0.3601,1.5548
39.0562,0.3681,1.5888
39.0564,0.3866,1.6646
39.0566,0.486,2.0936
39.0568,0.5309,2.2894
39.0570,0.4981,2.1438
39.0572,0.5724,2.4626
39.0574,0.6106,2.6266
39.0576,0.6355,2.7339
39.0578,0.6199,2.6656
39.0580,0.6218,2.6726
39.0582,0.6791,2.9176
39.0584,0.6487,2.7906
39.0586,0.5829,2.5075
39.0588,0.6024,2.5903
39.0590,0.6976,2.9955
39.0592,0.7632,3.2787
39.0594,0.7068,3.0366
39.0596,0.713,3.0643
39.0598,0.6976,2.9997
39.0600,0.6522,2.7991
39.0602,0.7448,3.1984
39.0604,0.7719,3.3147
39.0606,0.7342,3.157
39.0608,0.7116,3.0558
39.0610,0.8048,3.4558
39.0612,0.7633,3.2807
39.0614,0.7047,3.0273
39.0616,0.7224,3.0934
39.0618,0.9018,3.8615
39.0620,0.953,4.0789
39.0622,0.966,4.1343
39.0624,0.9344,4.0068
39.0626,0.9332,4.0016
39.0628,0.8832,3.7872
39.0630,0.8518,3.6525
39.0632,0.8702,3.7312
39.0634,0.9038,3.8739
39.0636,0.9121,3.9112
39.0638,0.908,3.8919
39.0640,0.9253,3.964
39.0642,0.9285,3.9816
39.0644,0.9062,3.8878
39.0646,0.8646,3.7093
39.0648,0.8148,3.4986
39.0650,0.7752,3.3302
39.0652,0.7763,3.3364
39.0654,0.7824,3.3595
39.0656,0.819,3.5215
39.0658,0.7938,3.41
39.0660,0.7459,3.209
39.0662,0.6763,2.9079
39.0664,0.7127,3.0647
39.0666,0.7072,3.0381
39.0668,0.7488,3.2184
39.0670,0.7385,3.1785
39.0672,0.729,3.1319
39.0674,0.7554,3.2437
39.0676,0.7511,3.2282
39.0678,0.7336,3.1515
39.0680,0.8036,3.4507
39.0682,0.8055,3.4589
39.0684,0.7586,3.2621
39.0686,0.7643,3.2833
39.0688,0.8134,3.4961
39.0690,0.7746,3.3261
39.0692,0.8209,3.5265
39.0694,0.8371,3.596
39.0696,0.7355,3.1626
39.0698,0.7627,3.2766
39.0700,0.8151,3.4968
39.0702,0.8072,3.471
39.0704,0.7426,3.1916
39.0706,0.7597,3.2698
39.0708,0.7332,3.1499
39.0710,0.7919,3.4002
39.0712,0.7981,3.4286
39.0714,0.7741,3.3256
39.0716,0.7508,3.2286
39.0718,0.7555,3.2503
39.0720,0.7084,3.0461
39.0722,0.7146,3.0744
39.0724,0.7001,3.0049
39.0726,0.8108,3.4816
39.0728,0.7983,3.4296
39.0730,0.8113,3.4852
39.0732,0.7746,3.3323
39.0734,0.6826,2.9407
39.0736,0.6633,2.8562
39.0738,0.6705,2.8845
39.0740,0.6805,2.9273
39.0742,0.6731,2.8986
39.0744,0.67,2.8811
39.0746,0.6681,2.8755
39.0748,0.6721,2.8899
39.0750,0.7025,3.0237
39.0752,0.6916,2.9712
39.0754,0.8084,3.4696
39.0756,0.8289,3.5643
39.0758,0.8119,3.4829
39.0760,0.889,3.8101
39.0762,0.9065,3.8924
39.0764,0.7938,3.4132
39.0766,0.7576,3.259
39.0768,0.7389,3.1756
39.0770,0.7475,3.2127
39.0772,0.7651,3.2885
39.0774,0.8289,3.5577
39.0776,0.8439,3.6186
39.0778,0.8607,3.6906
39.0780,0.876,3.7652
39.0782,0.8213,3.5334
39.0784,0.7981,3.4286
39.0786,0.8016,3.4435
39.0788,0.8176,3.5109
39.0790,0.8778,3.7694
39.0792,0.8692,3.7271
39.0794,0.8953,3.8392
39.0796,0.8893,3.8206
39.0798,0.8447,3.629
39.0800,0.767,3.3028
39.0802,0.6855,2.9545
39.0804,0.6097,2.6303
39.0806,0.5561,2.3969
39.0808,0.5523,2.3814
39.0810,0.5523,2.3825
39.0812,0.595,2.5667
39.0814,0.5916,2.551
39.0816,0.5619,2.4183
39.0818,0.6492,2.7992
39.0820,0.563,2.4263
39.0822,0.5646,2.4336
39.0824,0.5815,2.5018
39.0826,0.7143,3.0771
39.0828,0.5872,2.5319
39.0830,0.5495,2.3706
39.0832,0.551,2.3769
39.0834,0.5475,2.3597
39.0836,0.5476,2.3602
39.0838,0.548,2.3639
39.0840,0.5465,2.3566
39.0842,0.5522,2.3776
39.0844,0.6664,2.8643
39.0846,0.7564,3.2523
39.0848,0.7877,3.3853
39.0850,0.7809,3.3596
39.0852,0.6909,2.9764
39.0854,0.6493,2.7958
39.0856,0.6478,2.7896
39.0858,0.6959,2.9911
39.0860,0.7757,3.34
39.0862,0.6733,2.9018
39.0864,0.6502,2.8013
39.0866,0.6397,2.7545
39.0868,0.645,2.7772
39.0870,0.6379,2.748
39.0872,0.6451,2.779
39.0874,0.6325,2.721
39.0876,0.6397,2.7532
39.0878,0.6478,2.7883
39.0880,0.6662,2.8673
39.0882,0.6606,2.8457
39.0884,0.6528,2.8082
39.0886,0.6972,3.0023
39.0888,0.6211,2.6757
39.0890,0.614,2.6428
39.0892,0.6728,2.8943
39.0894,0.6433,2.77
39.0896,0.6457,2.7829
39.0898,0.6189,2.6652
39.0900,0.6733,2.8964
39.0902,0.6662,2.8673
39.0904,0.6733,2.8937
39.0906,0.7596,3.2693
39.0908,0.6591,2.8355
39.0910,0.6317,2.7187
39.0912,0.6705,2.8845
39.0914,0.6791,2.9271
39.0916,0.5948,2.5662
39.0918,0.5462,2.3562
39.0920,0.5704,2.4561
39.0922,0.5787,2.494
39.0924,0.5793,2.4978
39.0926,0.583,2.5115
39.0928,0.5855,2.5235
39.0930,0.5863,2.5236
39.0932,0.6591,2.8395
39.0934,0.6187,2.6629
39.0936,0.6512,2.8041
39.0938,0.6024,2.5939
39.0940,0.6466,2.7819
39.0942,0.6939,2.9837
39.0944,0.7132,3.0696
39.0946,0.7188,3.0867
39.0948,0.8029,3.4476
39.0950,0.8064,3.4609
39.0952,0.9029,3.8698
39.0954,0.9218,3.9583
39.0956,0.8508,3.6484
39.0958,0.8989,3.8546
39.0960,0.9597,4.1134
39.0962,0.9845,4.2178
39.0964,0.9972,4.2722
39.0966,0.9639,4.1391
39.0968,0.8771,3.7628
39.0970,0.8133,3.4907
39.0972,0.8106,3.4838
39.0974,0.7907,3.3982
39.0976,0.8213,3.5219
39.0978,0.9018,3.8687
39.0980,0.8916,3.8304
39.0982,0.8456,3.6275
39.0984,0.8923,3.8281
39.0986,0.8833,3.7895
39.0988,0.8571,3.6872
39.0990,0.7998,3.439
39.0992,0.8427,3.6185
39.0994,0.8272,3.5571
39.0996,0.7707,3.3173
39.0998,0.7823,3.3606
39.1000,0.7747,3.3297
39.1002,0.7614,3.2755
39.1004,0.7451,3.2039
39.1006,0.7566,3.2549
39.1008,0.766,3.2921
39.1010,0.8155,3.5049
39.1012,0.7922,3.4033
39.1014,0.8158,3.5016
39.1016,0.8096,3.4829
39.1018,0.7811,3.3601
39.1020,0.7547,3.2451
39.1022,0.8012,3.45
39.1024,0.7264,3.1249
39.1026,0.7089,3.0538
39.1028,0.627,2.7023
39.1030,0.6065,2.6139
39.1032,0.6468,2.7837
39.1034,0.6645,2.8641
39.1036,0.5811,2.5067
39.1038,0.5787,2.494
39.1040,0.6289,2.708
39.1042,0.6712,2.8917
39.1044,0.6337,2.7262
39.1046,0.662,2.8545
39.1048,0.5981,2.5766
39.1050,0.5525,2.3858
39.1052,0.505,2.1808
39.1054,0.5067,2.186
39.1056,0.5758,2.4839
39.1058,0.5272,2.2744
39.1060,0.5115,2.2056
39.1062,0.5763,2.4837
39.1064,0.5668,2.4451
39.1066,0.5022,2.1643
39.1068,0.5567,2.4028
39.1070,0.5191,2.2393
39.1072,0.5172,2.2331
39.1074,0.4874,2.1037
39.1076,0.476,2.0555
39.1078,0.4763,2.0565
39.1080,0.4953,2.1368
39.1082,0.5082,2.1912
39.1084,0.5142,2.2181
39.1086,0.493,2.128
39.1088,0.4293,1.8544
39.1090,0.4209,1.8173
39.1092,0.5126,2.2103
39.1094,0.5562,2.3996
39.1096,0.4749,2.0508
39.1098,0.4504,1.9429
39.1100,0.4952,2.1343
39.1102,0.5809,2.5004
39.1104,0.6404,2.7563
39.1106,0.5966,2.5739
39.1108,0.5578,2.4063
39.1110,0.4989,2.1534
39.1112,0.4737,2.0447
39.1114,0.4799,2.0711
39.1116,0.4988,2.1449
39.1118,0.6144,2.6456
39.1120,0.5583,2.4039
39.1122,0.5607,2.4165
39.1124,0.5934,2.5564
39.1126,0.6282,2.7075
39.1128,0.5747,2.4724
39.1130,0.6445,2.7726
39.1132,0.6237,2.6933
39.1134,0.4811,2.0762
39.1136,0.4588,1.98
39.1138,0.4559,1.9667
39.1140,0.4535,1.959
39.1142,0.4568,1.9726
39.1144,0.4547,1.9615
39.1146,0.452,1.9483
39.1148,0.4775,2.0617
39.1150,0.4426,1.9092
39.1152,0.4634,1.9974
39.1154,0.5183,2.2362
39.1156,0.4819,2.0789
39.1158,0.4496,1.9398
39.1160,0.4379,1.8899
39.1162,0.451,1.9464
39.1164,0.4764,2.0532
39.1166,0.505,2.1757
39.1168,0.5332,2.2982
39.1170,0.5552,2.3905
39.1172,0.5731,2.468
39.1174,0.5739,2.4711
39.1176,0.5791,2.4926
39.1178,0.6506,2.8015
39.1180,0.6664,2.863
39.1182,0.7465,3.2056
39.1184,0.7261,3.1239
39.1186,0.6722,2.8917
39.1188,0.6383,2.747
39.1190,0.5772,2.4844
39.1192,0.6216,2.6778
39.1194,0.5945,2.5634
39.1196,0.5718,2.4623
39.1198,0.5644,2.4303
39.1200,0.5733,2.4719
39.1202,0.5746,2.4719
39.1204,0.6413,2.7625
39.1206,0.5405,2.3286
39.1208,0.5035,2.168
39.1210,0.5377,2.3173
39.1212,0.52,2.2392
39.1214,0.6155,2.649
39.1216,0.6333,2.7246
39.1218,0.6018,2.589
39.1220,0.5642,2.4304
39.1222,0.5038,2.1716
39.1224,0.4644,2.0052
39.1226,0.3871,1.6713
39.1228,0.3785,1.6345
39.1230,0.3765,1.6265
39.1232,0.3833,1.656
39.1234,0.3787,1.6343
39.1236,0.4288,1.848
39.1238,0.4662,2.0111
39.1240,0.4778,2.0594
39.1242,0.5217,2.2475
39.1244,0.4953,2.1358
39.1246,0.4873,2.1022
39.1248,0.4872,2.1007
39.1250,0.4873,2.0993
39.1252,0.4909,2.1167
39.1254,0.4972,2.1421
39.1256,0.5543,2.3847
39.1258,0.6336,2.7231
39.1260,0.6627,2.8497
39.1262,0.671,2.8866
39.1264,0.6765,2.913
39.1266,0.5642,2.4281
39.1268,0.5502,2.3671
39.1270,0.5922,2.5512
39.1272,0.561,2.4158
39.1274,0.5589,2.4032
39.1276,0.6561,2.82
39.1278,0.6878,2.9547
39.1280,0.6871,2.9543
39.1282,0.72,3.0932
39.1284,0.773,3.3194
39.1286,0.7987,3.42
39.1288,0.8976,3.8454
39.1290,0.9347,4.0041
39.1292,0.9586,4.1049
39.1294,0.9668,4.1398
39.1296,0.9363,4.0131
39.1298,0.9427,4.0404
39.1300,0.9284,3.9792
39.1302,0.8496,3.6433
39.1304,0.8797,3.7706
39.1306,0.8875,3.8022
39.1308,0.8889,3.8079
39.1310,0.9372,4.0224
39.1312,0.9122,3.9171
39.1314,0.8514,3.6578
39.1316,0.7547,3.2436
39.1318,0.7217,3.1005
39.1320,0.824,3.5349
39.1322,0.8465,3.6367
39.1324,0.8199,3.5191
39.1326,0.8133,3.4924
39.1328,0.8245,3.5419
39.1330,0.8036,3.4539
39.1332,0.7627,3.2766
39.1334,0.7554,3.2452
39.1336,0.786,3.3766
39.1338,0.7302,3.1429
39.1340,0.6814,2.9301
39.1342,0.7703,3.3045
39.1344,0.839,3.6009
39.1346,0.8672,3.727
39.1348,0.8276,3.5503
39.1350,0.8591,3.6873
39.1352,0.8181,3.5146
39.1354,0.7755,3.3348
39.1356,0.7446,3.2018
39.1358,0.7542,3.2446
39.1360,0.7366,3.1643
39.1362,0.7601,3.2638
39.1364,0.8127,3.4898
39.1366,0.7835,3.3673
39.1368,0.7548,3.2456
39.1370,0.7645,3.2859
39.1372,0.7426,3.1931
39.1374,0.7094,3.0474
39.1376,0.7942,3.4105
39.1378,0.8441,3.6281
39.1380,0.833,3.5751
39.1382,0.8519,3.6565
39.1384,0.8419,3.6115
39.1386,0.844,3.6259
39.1388,0.8466,3.6355
39.1390,0.8471,3.6359
39.1392,0.8594,3.6884
39.1394,0.8526,3.6578
39.1396,0.8366,3.5973
39.1398,0.7693,3.3096
39.1400,0.7302,3.14
39.1402,0.7257,3.1204
39.1404,0.7425,3.1925
39.1406,0.747,3.2121
39.1408,0.7944,3.4158
39.1410,0.7848,3.373
39.1412,0.7694,3.3055
39.1414,0.7829,3.3647
39.1416,0.7713,3.3137
39.1418,0.78,3.3524
39.1420,0.813,3.4941
39.1422,0.8207,3.5276
39.1424,0.8513,3.6488
39.1426,0.9513,4.0888
39.1428,0.7722,3.325
39.1430,0.7056,3.0343
39.1432,0.7017,3.0186
39.1434,0.6986,3.0066
39.1436,0.6972,3.0023
39.1438,0.697,2.9999
39.1440,0.7016,3.0209
39.1442,0.6968,2.9975
39.1444,0.6988,3.0049
39.1446,0.7002,3.0125
39.1448,0.7042,3.0281
39.1450,0.704,3.0313
39.1452,0.702,3.0216
39.1454,0.701,3.0169
39.1456,0.6909,2.9722
39.1458,0.7366,3.1643
39.1460,0.8198,3.5235
39.1462,0.7578,3.2601
39.1464,0.6445,2.7765
39.1466,0.6104,2.6273
39.1468,0.6663,2.8731
39.1470,0.5917,2.5504
39.1472,0.5975,2.5764
39.1474,0.5514,2.3767
39.1476,0.5477,2.3618
39.1478,0.5452,2.3509
39.1480,0.5448,2.3505
39.1482,0.5542,2.3886
39.1484,0.5504,2.3721
39.1486,0.5561,2.3991
39.1488,0.563,2.4286
39.1490,0.573,2.4674
39.1492,0.6408,2.7617
39.1494,0.573,2.4709
39.1496,0.5559,2.3958
39.1498,0.5537,2.3854
39.1500,0.5518,2.3805
39.1502,0.5616,2.4229
39.1504,0.55,2.3705
39.1506,0.5407,2.328
39.1508,0.5956,2.5657
39.1510,0.699,3.0017
39.1512,0.8519,3.6548
39.1514,0.8729,3.7483
39.1516,0.7964,3.4261
39.1518,0.7666,3.2992
39.1520,0.6624,2.8508
39.1522,0.6958,2.9934
39.1524,0.7601,3.2683
39.1526,0.7558,3.2483
39.1528,0.7269,3.1255
39.1530,0.7014,3.0218
39.1532,0.6183,2.6639
39.1534,0.6507,2.802
39.1536,0.7097,3.0532
39.1538,0.682,2.934
39.1540,0.6652,2.8645
39.1542,0.6868,2.9574
39.1544,0.6695,2.8817
39.1546,0.6624,2.8508
39.1548,0.6855,2.9504
39.1550,0.7017,3.0172
39.1552,0.7116,3.0615
39.1554,0.7049,3.034
39.1556,0.7166,3.0812
39.1558,0.7169,3.0885
39.1560,0.6158,2.653
39.1562,0.5976,2.5745
39.1564,0.552,2.3793
39.1566,0.5782,2.492
39.1568,0.6187,2.6629
39.1570,0.6754,2.9084
39.1572,0.6729,2.8989
39.1574,0.6275,2.7006
39.1576,0.6216,2.6778
39.1578,0.6038,2.6038
39.1580,0.6002,2.5835
39.1582,0.6572,2.8273
39.1584,0.6462,2.785
39.1586,0.5674,2.4466
39.1588,0.566,2.437
39.1590,0.5803,2.4989
39.1592,0.6389,2.7509
39.1594,0.6783,2.9181
39.1596,0.6618,2.8482
39.1598,0.6332,2.7254
39.1600,0.6486,2.7927
39.1602,0.6884,2.9628
39.1604,0.7067,3.0375
39.1606,0.7576,3.2545
39.1608,0.7649,3.2859
39.1610,0.761,3.2694
39.1612,0.7518,3.2313
39.1614,0.7693,3.308
39.1616,0.7758,3.3281
39.1618,0.862,3.7049
39.1620,0.77,3.3127
39.1622,0.8086,3.4691
39.1624,0.9384,4.02
39.1626,0.9486,4.0656
39.1628,0.9301,3.9827
39.1630,0.9578,4.1051
39.1632,0.9173,3.9351
39.1634,0.8833,3.7913
39.1636,0.8933,3.8394
39.1638,0.8251,3.5445
39.1640,0.8443,3.6235
39.1642,0.9112,3.9107
39.1644,0.8941,3.8358
39.1646,0.8909,3.8291
39.1648,0.8176,3.5142
39.1650,0.801,3.4425
39.1652,0.8007,3.4447
39.1654,0.755,3.2467
39.1656,0.7661,3.2895
39.1658,0.8478,3.6424
39.1660,0.7273,3.1334
39.1662,0.6632,2.857
39.1664,0.6239,2.6914
39.1666,0.5638,2.4311
39.1668,0.6086,2.622
39.1670,0.6185,2.6631
39.1672,0.6278,2.7059
39.1674,0.6386,2.7511
39.1676,0.6173,2.6592
39.1678,0.6188,2.6647
39.1680,0.6152,2.6529
39.1682,0.6074,2.6181
39.1684,0.6179,2.6618
39.1686,0.6217,2.6796
39.1688,0.5706,2.4583
39.1690,0.5827,2.5116
39.1692,0.573,2.472
39.1694,0.5477,2.3585
39.1696,0.6415,2.761
39.1698,0.6733,2.9018
39.1700,0.6185,2.6681
39.1702,0.5324,2.2945
39.1704,0.5873,2.5289
39.1706,0.6438,2.7708
39.1708,0.5994,2.5822
39.1710,0.5878,2.531
39.1712,0.6243,2.6922
39.1714,0.602,2.5948
39.1716,0.6098,2.6284
39.1718,0.6191,2.6682
39.1720,0.5916,2.5498
39.1722,0.6536,2.8092
39.1724,0.7212,3.0998
39.1726,0.6998,3.0118
39.1728,0.7066,3.0469
39.1730,0.6064,2.6122
39.1732,0.5856,2.524
39.1734,0.5403,2.3287
39.1736,0.5606,2.4194
39.1738,0.502,2.1658
39.1740,0.502,2.1638
39.1742,0.4922,2.1224
39.1744,0.4885,2.1093
39.1746,0.5261,2.2698
39.1748,0.5257,2.2635
39.1750,0.5764,2.4842
39.1752,0.5414,2.3366
39.1754,0.4447,1.9177
39.1756,0.5585,2.4061
39.1758,0.567,2.4439
39.1760,0.5773,2.4907
39.1762,0.493,2.126
39.1764,0.5158,2.2253
39.1766,0.5462,2.354
39.1768,0.5596,2.4096
39.1770,0.5914,2.5453
39.1772,0.6211,2.6757
39.1774,0.6128,2.6401
39.1776,0.617,2.6557
39.1778,0.6137,2.6437
39.1780,0.6267,2.6962
39.1782,0.6775,2.9172
39.1784,0.6188,2.6622
39.1786,0.6494,2.7937
39.1788,0.6891,2.9631
39.1790,0.7237,3.1078
39.1792,0.7733,3.3189
39.1794,0.7811,3.3586
39.1796,0.6472,2.7896
39.1798,0.5803,2.5013
39.1800,0.6072,2.6134
39.1802,0.5915,2.547
39.1804,0.5998,2.5838
39.1806,0.5868,2.528
39.1808,0.5769,2.4828
39.1810,0.6248,2.6855
39.1812,0.6854,2.9512
39.1814,0.641,2.7653
39.1816,0.5175,2.2325
39.1818,0.4866,2.0981
39.1820,0.4895,2.1115
39.1822,0.4808,2.0733
39.1824,0.548,2.3606
39.1826,0.5283,2.2791
39.1828,0.4767,2.0567
39.1830,0.4764,2.057
39.1832,0.4705,2.0316
39.1834,0.4728,2.0396
39.1836,0.4712,2.031
39.1838,0.4898,2.1101
39.1840,0.5558,2.3942
39.1842,0.5224,2.2517
39.1844,0.5728,2.463
39.1846,0.6643,2.8577
39.1848,0.6963,2.9954
39.1850,0.6821,2.9359
39.1852,0.663,2.8494
39.1854,0.6544,2.8193
39.1856,0.5734,2.4713
39.1858,0.5338,2.2997
39.1860,0.57,2.4511
39.1862,0.6017,2.5921
39.1864,0.5676,2.4442
39.1866,0.5873,2.5289
39.1868,0.5844,2.5188
39.1870,0.582,2.5073
39.1872,0.5604,2.411
39.1874,0.6011,2.5895
39.1876,0.5592,2.4081
39.1878,0.5807,2.5005
39.1880,0.6162,2.6546
39.1882,0.609,2.6211
39.1884,0.6524,2.8053
39.1886,0.6351,2.7324
39.1888,0.61,2.624
39.1890,0.6504,2.8005
39.1892,0.5956,2.5657
39.1894,0.5723,2.4632
39.1896,0.6013,2.5905
39.1898,0.6307,2.7107
39.1900,0.7036,3.0269
39.1902,0.6456,2.7824
39.1904,0.6121,2.6345
39.1906,0.6213,2.6718
39.1908,0.613,2.6406
39.1910,0.609,2.6199
39.1912,0.6948,2.9865
39.1914,0.7416,3.1815
39.1916,0.8293,3.5575
39.1918,0.8488,3.6448
39.1920,0.8161,3.5026
39.1922,0.8085,3.4702
39.1924,0.7544,3.2441
39.1926,0.7299,3.1413
39.1928,0.6716,2.8865
39.1930,0.679,2.9198
39.1932,0.7389,3.1771
39.1934,0.7616,3.2705
39.1936,0.8128,3.4871
39.1938,0.8642,3.7141
39.1940,0.7005,3.0093
39.1942,0.7839,3.3678
39.1944,0.7289,3.1314
39.1946,0.7223,3.1074
39.1948,0.7107,3.0545
39.1950,0.7871,3.3812
39.1952,0.7628,3.2802
39.1954,0.7231,3.1081
39.1956,0.7201,3.0952
39.1958,0.7333,3.1504
39.1960,0.756,3.2493
39.1962,0.8398,3.5994
39.1964,0.9484,4.0632
39.1966,0.9598,4.112
39.1968,1,4.284
39.1970,0.9787,4.1926
39.1972,1.001,4.2821
39.1974,1.039,4.451
39.1976,0.9931,4.2582
39.1978,0.9247,3.9651
39.1980,0.9247,3.9688
39.1982,0.8929,3.8289
39.1984,0.9255,3.9669
39.1986,0.9303,3.9893
39.1988,0.9595,4.1104
39.1990,1.0148,4.3452
39.1992,1.0048,4.3026
39.1994,1.0216,4.3826
39.1996,0.9712,4.1627
39.1998,0.9273,3.9802
39.2000,0.8971,3.8612
39.2002,0.741,3.1834
39.2004,0.7772,3.3343
39.2006,0.851,3.654
39.2008,0.8415,3.6167
39.2010,0.8567,3.677
39.2012,0.915,3.9217
39.2014,0.9377,4.0225
39.2016,0.8886,3.8175
39.2018,0.9022,3.8649
39.2020,1.0137,4.3487
39.2022,0.9413,4.0436
39.2024,0.8457,3.6314
39.2026,0.8787,3.7765
39.2028,0.8968,3.8525
39.2030,0.9,3.8628
39.2032,0.8598,3.6939
39.2034,0.8502,3.6544
39.2036,0.8296,3.5607
39.2038,0.8773,3.7708
39.2040,0.8676,3.7273
39.2042,0.8462,3.6351
39.2044,0.8468,3.6411
39.2046,0.7664,3.3003
39.2048,0.7216,3.1057
39.2050,0.7241,3.1122
39.2052,0.7367,3.1722
39.2054,0.7218,3.1039
39.2056,0.8174,3.5099
39.2058,0.8711,3.744
39.2060,0.8019,3.4531
39.2062,0.7308,3.1469
39.2064,0.7278,3.1282
39.2066,0.7849,3.3751
39.2068,0.7968,3.4229
39.2070,0.8242,3.5409
39.2072,0.8073,3.4747
39.2074,0.7379,3.1759
39.2076,0.7284,3.1337
39.2078,0.7391,3.1737
39.2080,0.8415,3.61
39.2082,0.9477,4.0677
39.2084,0.8929,3.8307
39.2086,0.8708,3.7425
39.2088,0.8862,3.8036
39.2090,0.9827,4.2101
39.2092,0.9962,4.2815
39.2094,0.7965,3.4235
39.2096,0.7818,3.3617
39.2098,0.7814,3.3632
39.2100,0.7842,3.3735
39.2102,0.7769,3.3436
39.2104,0.7791,3.355
39.2106,0.7802,3.355
39.2108,0.788,3.3869
39.2110,0.8023,3.4498
39.2112,0.792,3.4023
39.2114,0.8402,3.6127
39.2116,0.8366,3.5973
39.2118,0.838,3.6051
39.2120,0.7848,3.373
39.2122,0.8285,3.5578
39.2124,0.812,3.4948
39.2126,0.741,3.1908
39.2128,0.7474,3.2122
39.2130,0.8048,3.4574
39.2132,0.7609,3.2811
39.2134,0.6112,2.639
39.2136,0.5656,2.44
39.2138,0.5631,2.4257
39.2140,0.6203,2.6734
39.2142,0.6028,2.6003
39.2144,0.557,2.4038
39.2146,0.5463,2.3567
39.2148,0.5957,2.5698
39.2150,0.5922,2.5548
39.2152,0.5796,2.5016
39.2154,0.566,2.4404
39.2156,0.6327,2.7296
39.2158,0.5692,2.4543
39.2160,0.5711,2.4626
39.2162,0.6158,2.6505
39.2164,0.6636,2.8599
39.2166,0.6648,2.8651
39.2168,0.6878,2.9602
39.2170,0.7381,3.1725
39.2172,0.8648,3.7167
39.2174,0.8851,3.8043
39.2176,0.8543,3.6702
39.2178,0.8311,3.5686
39.2180,0.8028,3.4535
39.2182,0.7755,3.3364
39.2184,0.7748,3.3333
39.2186,0.803,3.4465
39.2188,0.8838,3.7916
39.2190,0.9157,3.9284
39.2192,0.8927,3.8332
39.2194,0.8375,3.5997
39.2196,0.8291,3.5637
39.2198,0.8395,3.608
39.2200,0.7981,3.435
39.2202,0.7842,3.372
39.2204,0.808,3.4778
39.2206,0.7613,3.275
39.2208,0.7357,3.1637
39.2210,0.7505,3.2271
39.2212,0.7547,3.2466
39.2214,0.7941,3.4148
39.2216,0.7631,3.2873
39.2218,0.6601,2.8423
39.2220,0.7049,3.0354
39.2222,0.6763,2.9161
39.2224,0.5645,2.4364
39.2226,0.5369,2.3163
39.2228,0.5317,2.2957
39.2230,0.5607,2.4131
39.2232,0.6981,3.0074
39.2234,0.6405,2.7633
39.2236,0.6061,2.6184
39.2238,0.5341,2.3039
39.2240,0.5299,2.2837
39.2242,0.5826,2.5111
39.2244,0.6264,2.7035
39.2246,0.5367,2.3153
39.2248,0.5037,2.1751
39.2250,0.5054,2.1833
39.2252,0.5029,2.1704
39.2254,0.5023,2.1668
39.2256,0.502,2.1678
39.2258,0.504,2.1761
39.2260,0.5195,2.2403
39.2262,0.5173,2.2336
39.2264,0.5331,2.3008
39.2266,0.5657,2.4382
39.2268,0.6234,2.6855
39.2270,0.65,2.8015
39.2272,0.6148,2.6496
39.2274,0.6314,2.7138
39.2276,0.7692,3.3029
39.2278,0.7886,3.3879
39.2280,0.8209,3.5265
39.2282,0.8574,3.6801
39.2284,0.9133,3.9181
39.2286,0.9302,3.9944
39.2288,0.8757,3.7584
39.2290,0.9102,3.9047
39.2292,0.8981,3.86
39.2294,0.8239,3.5426
39.2296,0.7905,3.4009
39.2298,0.7975,3.4276
39.2300,0.7914,3.3997
39.2302,0.823,3.5407
39.2304,0.7469,3.2146
39.2306,0.7614,3.271
39.2308,0.8181,3.5097
39.2310,0.9074,3.8929
39.2312,0.9224,3.9646
39.2314,0.8719,3.7424
39.2316,0.8901,3.8237
39.2318,0.8541,3.6674
39.2320,0.8817,3.7859
39.2322,0.8915,3.8245
39.2324,0.8166,3.5144
39.2326,0.7354,3.1651
39.2328,0.8173,3.5077
39.2330,0.9263,3.9774
39.2332,0.8538,3.6749
39.2334,0.7944,3.4142
39.2336,0.8032,3.4572
39.2338,0.7601,3.2653
39.2340,0.7916,3.4087
39.2342,0.7079,3.0483
39.2344,0.7134,3.0678
39.2346,0.7145,3.0753
39.2348,0.7489,3.2234
39.2350,0.7199,3.1057
39.2352,0.5378,2.3178
39.2354,0.612,2.6377
39.2356,0.58,2.5031
39.2358,0.5734,2.4724
39.2360,0.6204,2.6738
39.2362,0.6429,2.7671
39.2364,0.6792,2.9248
39.2366,0.6589,2.8384
39.2368,0.6773,2.9179
39.2370,0.6878,2.9574
39.2372,0.6984,3.013
39.2374,0.5746,2.4787
39.2376,0.6339,2.7284
39.2378,0.6987,3.0113
39.2380,0.6892,2.9663
39.2382,0.739,3.1805
39.2384,0.7005,3.012
39.2386,0.7042,3.0351
39.2388,0.6253,2.6938
39.2390,0.668,2.8763
39.2392,0.6547,2.8216
39.2394,0.6686,2.8802
39.2396,0.7032,3.0253
39.2398,0.7261,3.1209
39.2400,0.7239,3.114
39.2402,0.7225,3.1127
39.2404,0.6986,3.0108
39.2406,0.618,2.6672
39.2408,0.5448,2.3515
39.2410,0.5249,2.2677
39.2412,0.5168,2.2294
39.2414,0.5249,2.2656
39.2416,0.5195,2.2413
39.2418,0.5948,2.5614
39.2420,0.6385,2.7544
39.2422,0.5628,2.4325
39.2424,0.4548,1.9647
39.2426,0.4464,1.9275
39.2428,0.5011,2.1616
39.2430,0.5269,2.2728
39.2432,0.5294,2.2837
39.2434,0.4836,2.089
39.2436,0.481,2.0752
39.2438,0.4789,2.0679
39.2440,0.4773,2.0611
39.2442,0.4764,2.057
39.2444,0.4796,2.07
39.2446,0.4828,2.082
39.2448,0.5151,2.2232
39.2450,0.5,2.156
39.2452,0.5718,2.468
39.2454,0.498,2.1482
39.2456,0.4766,2.0561
39.2458,0.4662,2.013
39.2460,0.4572,1.9741
39.2462,0.4562,1.97
39.2464,0.4581,1.9765
39.2466,0.4579,1.9763
39.2468,0.4581,1.9765
39.2470,0.4558,1.967
39.2472,0.4543,1.9617
39.2474,0.4524,1.9516
39.2476,0.4591,1.9806
39.2478,0.4567,1.9721
39.2480,0.4482,1.9344
39.2482,0.4488,1.9379
39.2484,0.453,1.9542
39.2486,0.4536,1.9568
39.2488,0.4546,1.9618
39.2490,0.4523,1.952
39.2492,0.4445,1.9175
39.2494,0.4531,1.9565
39.2496,0.4579,1.9772
39.2498,0.4614,1.9895
39.2500,0.5111,2.202
39.2502,0.5621,2.4215
39.2504,0.5122,2.2097
39.2506,0.5471,2.357
39.2508,0.5705,2.4566
39.2510,0.5904,2.5387
39.2512,0.6362,2.7357
39.2514,0.6441,2.7723
39.2516,0.6875,2.9591
39.2518,0.6224,2.6801
39.2520,0.5782,2.4919
39.2522,0.4922,2.1234
39.2524,0.4808,2.0732
39.2526,0.5042,2.1731
39.2528,0.545,2.3466
39.2530,0.6033,2.6004
39.2532,0.5995,2.5815
39.2534,0.588,2.5331
39.2536,0.594,2.5566
39.2538,0.5857,2.5221
39.2540,0.5248,2.263
39.2542,0.493,2.128
39.2544,0.5361,2.3105
39.2546,0.5283,2.279
39.2548,0.5542,2.3863
39.2550,0.6364,2.7393
39.2552,0.6169,2.6539
39.2554,0.5655,2.4371
39.2556,0.5354,2.3064
39.2558,0.6163,2.6489
39.2560,0.6812,2.9331
39.2562,0.5944,2.5581
39.2564,0.644,2.7731
39.2566,0.6519,2.8032
39.2568,0.6454,2.7754
39.2570,0.6878,2.9587
39.2572,0.662,2.8465
39.2574,0.6963,2.9898
39.2576,0.7977,3.419
39.2578,0.8403,3.6082
39.2580,0.7914,3.3997
39.2582,0.7909,3.3929
39.2584,0.7905,3.3945
39.2586,0.7568,3.2528
39.2588,0.7175,3.0881
39.2590,0.6592,2.8347
39.2592,0.6415,2.7596
39.2594,0.6565,2.8228
39.2596,0.711,3.0546
39.2598,0.7941,3.4131
39.2600,0.676,2.9082
39.2602,0.6675,2.8689
39.2604,0.7454,3.2009
39.2606,0.8144,3.4986
39.2608,0.7677,3.2921
39.2610,0.8125,3.4855
39.2612,0.8676,3.7238
39.2614,0.8441,3.6246
39.2616,0.8554,3.6662
39.2618,0.9072,3.8864
39.2620,0.941,4.0312
39.2622,0.973,4.1703
39.2624,0.9446,4.0504
39.2626,0.9122,3.9134
39.2628,0.8984,3.8561
39.2630,0.8778,3.7623
39.2632,0.8885,3.8116
39.2634,0.9062,3.8841
39.2636,0.9549,4.0965
39.2638,0.9054,3.8841
39.2640,0.9025,3.8736
39.2642,0.8489,3.6452
39.2644,0.8464,3.6395
39.2646,0.792,3.4007
39.2648,0.8343,3.5791
39.2650,0.9363,4.0131
39.2652,0.9667,4.1508
39.2654,0.8494,3.649
39.2656,0.8029,3.4539
39.2658,0.7179,3.0882
39.2660,0.7374,3.1708
39.2662,0.7566,3.2488
39.2664,0.8219,3.5277
39.2666,0.8416,3.6138
39.2668,0.8412,3.6123
39.2670,0.8472,3.638
39.2672,0.8559,3.6751
39.2674,0.8348,3.5861
39.2676,0.8492,3.6463
39.2678,0.8586,3.6869
39.2680,0.8284,3.5555
39.2682,0.8408,3.6085
39.2684,0.8972,3.8563
39.2686,0.8261,3.5474
39.2688,0.8189,3.5214
39.2690,0.8005,3.4436
39.2692,0.8087,3.476
39.2694,0.7846,3.3708
39.2696,0.8621,3.7019
39.2698,0.8225,3.5402
39.2700,0.778,3.3409
39.2702,0.8108,3.4896
39.2704,0.7644,3.2868
39.2706,0.7426,3.1945
39.2708,0.7352,3.1615
39.2710,0.7271,3.125
39.2712,0.7876,3.3821
39.2714,0.8611,3.696
39.2716,0.8903,3.8211
39.2718,0.8274,3.5597
39.2720,0.729,3.1377
39.2722,0.7306,3.14
39.2724,0.7929,3.4095
39.2726,0.7976,3.4265
39.2728,0.862,3.6996
39.2730,0.8945,3.8373
39.2732,0.9033,3.879
39.2734,0.8428,3.6223
39.2736,0.8291,3.5652
39.2738,0.8559,3.6717
39.2740,0.9262,3.9755
39.2742,0.8682,3.7299
39.2744,0.8527,3.6651
39.2746,0.8144,3.4969
39.2748,0.855,3.6664
39.2750,0.961,4.1285
39.2752,0.8747,3.7647
39.2754,0.7762,3.3394
39.2756,0.7975,3.4227
39.2758,0.8575,3.684
39.2760,0.8712,3.7427
39.2762,0.8855,3.8023
39.2764,0.8987,3.8607
39.2766,0.9069,3.8944
39.2768,0.9307,3.9945
39.2770,0.9405,4.0386
39.2772,0.884,3.7996
39.2774,0.8521,3.6574
39.2776,0.8451,3.6254
39.2778,0.8798,3.7763
39.2780,0.9475,4.0684
39.2782,0.9839,4.223
39.2784,0.9536,4.0985
39.2786,0.8296,3.569
39.2788,0.7861,3.3833
39.2790,0.7837,3.3683
39.2792,0.8156,3.5135
39.2794,0.6529,2.8152
39.2796,0.5818,2.5109
39.2798,0.5754,2.4835
39.2800,0.5735,2.4741
39.2802,0.5888,2.5379
39.2804,0.6065,2.6163
39.2806,0.5932,2.5577
39.2808,0.5838,2.5174
39.2810,0.5874,2.5329
39.2812,0.5872,2.5354
39.2814,0.5944,2.5605
39.2816,0.6234,2.6905
39.2818,0.5671,2.4466
39.2820,0.5634,2.4306
39.2822,0.5826,2.5099
39.2824,0.6563,2.8249
39.2826,0.6632,2.8557
39.2828,0.7258,3.1266
39.2830,0.7073,3.0457
39.2832,0.7169,3.0827
39.2834,0.7318,3.151
39.2836,0.7206,3.0972
39.2838,0.8056,3.461
39.2840,0.8085,3.4782
39.2842,0.7924,3.4122
39.2844,0.7254,3.1265
39.2846,0.712,3.0629
39.2848,0.7045,3.0366
39.2850,0.6786,2.9236
39.2852,0.6916,2.978
39.2854,0.678,2.9197
39.2856,0.6861,2.9515
39.2858,0.6893,2.9682
39.2860,0.7173,3.0899
39.2862,0.661,2.849
39.2864,0.6013,2.5917
39.2866,0.6398,2.7588
39.2868,0.6273,2.7038
39.2870,0.6307,2.717
39.2872,0.6312,2.7178
39.2874,0.662,2.8531
39.2876,0.6326,2.724
39.2878,0.668,2.875
39.2880,0.7176,3.0901
39.2882,0.6796,2.9264
39.2884,0.6816,2.9311
39.2886,0.7658,3.293
39.2888,0.7593,3.2728
39.2890,0.6586,2.8387
39.2892,0.5819,2.5114
39.2894,0.5246,2.2641
39.2896,0.5165,2.2294
39.2898,0.5139,2.217
39.2900,0.5206,2.2449
39.2902,0.5452,2.3509
39.2904,0.5379,2.3204
39.2906,0.5306,2.2889
39.2908,0.5272,2.2765
39.2910,0.5331,2.3008
39.2912,0.5484,2.3638
39.2914,0.6153,2.6484
39.2916,0.6649,2.8616
39.2918,0.6679,2.8771
39.2920,0.6139,2.6459
39.2922,0.5502,2.3726
39.2924,0.6236,2.684
39.2926,0.7478,3.2127
39.2928,0.7754,3.3327
39.2930,0.8132,3.4967
39.2932,0.7456,3.2059
39.2934,0.7632,3.2756
39.2936,0.8679,3.7266
39.2938,0.8597,3.695
39.2940,0.8037,3.4511
39.2942,0.8905,3.8239
39.2944,0.9422,4.042
39.2946,0.9579,4.1017
39.2948,1.0393,4.4524
39.2950,0.9795,4.2
39.2952,0.9541,4.091
39.2954,0.9224,3.9682
39.2956,0.83,3.5655
39.2958,0.847,3.6404
39.2960,0.8526,3.6646
39.2962,0.8981,3.8545
39.2964,0.9176,3.9366
39.2966,0.906,3.8849
39.2968,0.9236,3.9641
39.2970,0.8884,3.8146
39.2972,0.878,3.7721
39.2974,0.8668,3.7254
39.2976,0.8411,3.6134
39.2978,0.8171,3.5088
39.2980,0.8748,3.7547
39.2982,0.8592,3.6947
39.2984,0.8361,3.5885
39.2986,0.8584,3.6928
39.2988,0.7723,3.3224
39.2990,0.762,3.278
39.2992,0.734,3.1608
39.2994,0.6862,2.9534
39.2996,0.6863,2.9553
39.2998,0.6586,2.8374
39.3000,0.6598,2.8399
39.3002,0.7289,3.1371
39.3004,0.7326,3.1546
39.3006,0.7085,3.0508
39.3008,0.7265,3.1268
39.3010,0.7237,3.1149
39.3012,0.709,3.0543
39.3014,0.6824,2.9355
39.3016,0.7115,3.0609
39.3018,0.7109,3.0611
39.3020,0.6964,3.0029
39.3022,0.5351,2.3107
39.3024,0.4921,2.1238
39.3026,0.5211,2.2501
39.3028,0.5658,2.4376
39.3030,0.6276,2.7048
39.3032,0.5971,2.5771
39.3034,0.5476,2.3579
39.3036,0.6535,2.8191
39.3038,0.6068,2.6166
39.3040,0.6512,2.8014
39.3042,0.6764,2.9179
39.3044,0.5915,2.5505
39.3046,0.5876,2.5316
39.3048,0.6462,2.7811
39.3050,0.6567,2.8317
39.3052,0.5622,2.4266
39.3054,0.4975,2.1471
39.3056,0.535,2.3069
39.3058,0.5536,2.3904
39.3060,0.4977,2.1452
39.3062,0.6048,2.6054
39.3064,0.6108,2.6361
39.3066,0.5197,2.2418
39.3068,0.5224,2.2495
39.3070,0.5828,2.5167
39.3072,0.5186,2.2392
39.3074,0.5101,2.2014
39.3076,0.4927,2.1254
39.3078,0.5042,2.1721
39.3080,0.6041,2.5951
39.3082,0.7074,3.0462
39.3084,0.596,2.5737
39.3086,0.4367,1.8865
39.3088,0.4538,1.9596
39.3090,0.4384,1.8955
39.3092,0.4066,1.7557
39.3094,0.4519,1.9496
39.3096,0.4444,1.9187
39.3098,0.4414,1.9058
39.3100,0.4502,1.9441
39.3102,0.4619,1.9943
39.3104,0.4536,1.9568
39.3106,0.4619,1.9943
39.3108,0.459,1.9828
39.3110,0.4625,1.9951
39.3112,0.4644,2.0024
39.3114,0.506,2.1818
39.3116,0.5754,2.4777
39.3118,0.5845,2.5181
39.3120,0.5489,2.3658
39.3122,0.5264,2.2739
39.3124,0.4572,1.9751
39.3126,0.4558,1.9661
39.3128,0.506,2.1818
39.3130,0.5063,2.1834
39.3132,0.5388,2.3213
39.3134,0.5644,2.4314
39.3136,0.5862,2.5254
39.3138,0.5995,2.5851
39.3140,0.5508,2.3741
39.3142,0.5687,2.4511
39.3144,0.4712,2.0347
39.3146,0.4374,1.8887
39.3148,0.4516,1.9453
39.3150,0.4963,2.1419
39.3152,0.4842,2.0877
39.3154,0.5348,2.3016
39.3156,0.5623,2.4226
39.3158,0.6089,2.6254
39.3160,0.585,2.5202
39.3162,0.6019,2.5882
39.3164,0.6466,2.787
39.3166,0.5962,2.5659
39.3168,0.609,2.6186
39.3170,0.6609,2.8406
39.3172,0.7374,3.1738
39.3174,0.6867,2.9596
39.3176,0.5566,2.3978
39.3178,0.5776,2.487
39.3180,0.589,2.5361
39.3182,0.5971,2.5676
39.3184,0.6661,2.8627
39.3186,0.6798,2.9261
39.3188,0.602,2.5923
39.3190,0.5674,2.4443
39.3192,0.558,2.4029
39.3194,0.602,2.5935
39.3196,0.558,2.4062
39.3198,0.4657,2.01
39.3200,0.4676,2.0154
39.3202,0.5387,2.3187
39.3204,0.5635,2.43
39.3206,0.5054,2.1802
39.3208,0.5276,2.2738
39.3210,0.5075,2.1885
39.3212,0.5051,2.1762
39.3214,0.5638,2.4288
39.3216,0.5297,2.28
39.3218,0.5885,2.5305
39.3220,0.6339,2.7309
39.3222,0.5984,2.5781
39.3224,0.5872,2.5283
39.3226,0.5713,2.4613
39.3228,0.5484,2.3648
39.3230,0.5032,2.1709
39.3232,0.5036,2.1664
39.3234,0.6077,2.6105
39.3236,0.7189,3.0885
39.3238,0.7033,3.0258
39.3240,0.6783,2.9207
39.3242,0.6545,2.8159
39.3244,0.6233,2.6862
39.3246,0.5505,2.3747
39.3248,0.482,2.0784
39.3250,0.4849,2.0918
39.3252,0.4727,2.039
39.3254,0.4705,2.026
39.3256,0.4972,2.1411
39.3258,0.5324,2.2913
39.3260,0.594,2.5589
39.3262,0.5665,2.4407
39.3264,0.5878,2.5274
39.3266,0.6562,2.8178
39.3268,0.72,3.0932
39.3270,0.7354,3.1591
39.3272,0.7382,3.1715
39.3274,0.7589,3.2631
39.3276,0.6675,2.8729
39.3278,0.6352,2.729
39.3280,0.7481,3.2107
39.3282,0.8267,3.5467
39.3284,0.8259,3.5464
39.3286,0.7674,3.2967
39.3288,0.7719,3.3147
39.3290,0.8237,3.5371
39.3292,0.826,3.5452
39.3294,0.8324,3.5692
39.3296,0.911,3.9065
39.3298,0.9404,4.0287
39.3300,0.9137,3.9159
39.3302,0.9303,3.9874
39.3304,0.9171,3.9363
39.3306,0.8217,3.5267
39.3308,0.8147,3.5034
39.3310,0.7671,3.2926
39.3312,0.7801,3.3528
39.3314,0.7681,3.2967
39.3316,0.8179,3.5053
39.3318,0.8852,3.8012
39.3320,0.8469,3.6365
39.3322,0.8222,3.5337
39.3324,0.7976,3.4233
39.3326,0.8828,3.7892
39.3328,0.8721,3.7394
39.3330,0.88,3.7715
39.3332,0.8749,3.7552
39.3334,0.8827,3.7851
39.3336,0.9412,4.0398
39.3338,0.8749,3.7534
39.3340,0.8633,3.7087
39.3342,0.7875,3.3832
39.3344,0.7605,3.2719
39.3346,0.7391,3.1721
39.3348,0.8228,3.5297
39.3350,0.87,3.7376
39.3352,0.8459,3.6357
39.3354,0.84,3.6088
39.3356,0.8454,3.6303
39.3358,0.8338,3.5753
39.3360,0.8453,3.6332
39.3362,0.832,3.5726
39.3364,0.8282,3.5545
39.3366,0.8321,3.5765
39.3368,0.8026,3.4529
39.3370,0.7551,3.2486
39.3372,0.7457,3.2049
39.3374,0.7483,3.2162
39.3376,0.8205,3.5248
39.3378,0.8435,3.6237
39.3380,0.8478,3.644
39.3382,0.8336,3.5827
39.3384,0.7861,3.3802
39.3386,0.7595,3.2657
39.3388,0.8017,3.4424
39.3390,0.8435,3.6221
39.3392,0.7892,3.3951
39.3394,0.7566,3.2533
39.3396,0.7721,3.3167
39.3398,0.8735,3.7508
39.3400,0.9104,3.9057
39.3402,0.9121,3.9129
39.3404,0.895,3.8393
39.3406,0.892,3.8265
39.3408,0.9236,3.9623
39.3410,0.9231,3.9658
39.3412,0.7862,3.3854
39.3414,0.6813,2.935
39.3416,0.679,2.9225
39.3418,0.7156,3.0799
39.3420,0.7081,3.0464
39.3422,0.7075,3.0439
39.3424,0.7087,3.049
39.3426,0.7073,3.0428
39.3428,0.74,3.1851
39.3430,0.7089,3.051
39.3432,0.7014,3.0204
39.3434,0.6964,2.9959
39.3436,0.7495,3.2214
39.3438,0.7344,3.1609
39.3440,0.6628,2.8528
39.3442,0.7096,3.054
39.3444,0.7501,3.2255
39.3446,0.7631,3.2827
39.3448,0.72,3.1047
39.3450,0.5735,2.4752
39.3452,0.5362,2.3143
39.3454,0.5344,2.3054
39.3456,0.5369,2.3131
39.3458,0.5766,2.4875
39.3460,0.5384,2.3225
39.3462,0.5345,2.307
39.3464,0.5349,2.3086
39.3466,0.5381,2.3204
39.3468,0.5368,2.3136
39.3470,0.5328,2.2987
39.3472,0.5314,2.2936
39.3474,0.5314,2.2893
39.3476,0.6071,2.6152
39.3478,0.573,2.472
39.3480,0.5374,2.3194
39.3482,0.5322,2.2951
39.3484,0.5313,2.292
39.3486,0.5709,2.4581
39.3488,0.646,2.7818
39.3490,0.6288,2.705
39.3492,0.6333,2.7271
39.3494,0.6291,2.7078
39.3496,0.6342,2.7307
39.3498,0.6433,2.7712
39.3500,0.6775,2.913
39.3502,0.7292,3.1343
39.3504,0.7681,3.3028
39.3506,0.7952,3.4162
39.3508,0.8138,3.4927
39.3510,0.8283,3.5649
39.3512,0.6815,2.936
39.3514,0.6754,2.907
39.3516,0.751,3.2291
39.3518,0.74,3.1836
39.3520,0.6791,2.9257
39.3522,0.6376,2.7457
39.3524,0.6331,2.7248
39.3526,0.6433,2.7674
39.3528,0.6975,3.0005
39.3530,0.7444,3.2007
39.3532,0.767,3.2936
39.3534,0.8344,3.5846
39.3536,0.7915,3.4034
39.3538,0.7674,3.2967
39.3540,0.7878,3.3874
39.3542,0.7459,3.203
39.3544,0.7736,3.3219
39.3546,0.7719,3.3193
39.3548,0.7735,3.3276
39.3550,0.7701,3.3116
39.3552,0.6924,2.9844
39.3554,0.6026,2.5973
39.3556,0.6051,2.6058
39.3558,0.6554,2.8195
39.3560,0.6578,2.8351
39.3562,0.6122,2.6375
39.3564,0.6731,2.8972
39.3566,0.6436,2.7754
39.3568,0.5843,2.5183
39.3570,0.5727,2.4681
39.3572,0.5632,2.4239
39.3574,0.5948,2.5626
39.3576,0.5828,2.5121
39.3578,0.5988,2.5832
39.3580,0.6069,2.6147
39.3582,0.6478,2.7909
39.3584,0.5888,2.5367
39.3586,0.589,2.5396
39.3588,0.5649,2.4312
39.3590,0.6768,2.9105
39.3592,0.7605,3.2779
39.3594,0.6075,2.6197
39.3596,0.586,2.5208
39.3598,0.6947,2.9914
39.3600,0.7093,3.0502
39.3602,0.7723,3.3178
39.3604,0.7815,3.3574
39.3606,0.8257,3.5437
39.3608,0.8352,3.5915
39.3610,0.738,3.1764
39.3612,0.7289,3.1328
39.3614,0.7505,3.2255
39.3616,0.7803,3.3538
39.3618,0.8318,3.5716
39.3620,0.8205,3.5248
39.3622,0.8017,3.4424
39.3624,0.8209,3.5231
39.3626,0.8077,3.4713
39.3628,0.8072,3.4709
39.3630,0.8237,3.5355
39.3632,0.8627,3.7062
39.3634,0.786,3.3749
39.3636,0.8219,3.531
39.3638,0.8167,3.5067
39.3640,0.853,3.6678
39.3642,0.7941,3.4083
39.3644,0.8075,3.4708
39.3646,0.8085,3.4766
39.3648,0.7348,3.1624
39.3650,0.7195,3.0954
39.3652,0.7086,3.0485
39.3654,0.6754,2.911
39.3656,0.6387,2.7503
39.3658,0.7049,3.0325
39.3660,0.7727,3.3224
39.3662,0.7026,3.0241
39.3664,0.686,2.9538
39.3666,0.6988,3.0062
39.3668,0.7215,3.0994
39.3670,0.7986,3.4322
39.3672,0.8128,3.4935
39.3674,0.849,3.6457
39.3676,0.7856,3.3844
39.3678,0.6481,2.7932
39.3680,0.67,2.8837
39.3682,0.7343,3.1574
39.3684,0.7617,3.274
39.3686,0.7579,3.262
39.3688,0.7057,3.0375
39.3690,0.688,2.9667
39.3692,0.5936,2.5586
39.3694,0.6688,2.8826
39.3696,0.6209,2.6746
39.3698,0.5884,2.5358
39.3700,0.5959,2.5696
39.3702,0.5941,2.5606
39.3704,0.5868,2.5279
39.3706,0.5897,2.5427
39.3708,0.5855,2.5246
39.3710,0.5939,2.5584
39.3712,0.5916,2.551
39.3714,0.559,2.4103
39.3716,0.5664,2.4424
39.3718,0.5874,2.5364
39.3720,0.5144,2.2211
39.3722,0.5122,2.2118
39.3724,0.5114,2.2051
39.3726,0.5245,2.2625
39.3728,0.5029,2.1714
39.3730,0.5265,2.2681
39.3732,0.5658,2.4398
39.3734,0.5249,2.2635
39.3736,0.5771,2.4884
39.3738,0.5018,2.1637
39.3740,0.5625,2.4231
39.3742,0.6211,2.6782
39.3744,0.535,2.3091
39.3746,0.4709,2.0313
39.3748,0.5014,2.1622
39.3750,0.5602,2.411
39.3752,0.6126,2.639
39.3754,0.5821,2.5101
39.3756,0.5796,2.4993
39.3758,0.6002,2.5882
39.3760,0.5731,2.4702
39.3762,0.5622,2.4221
39.3764,0.5821,2.5055
39.3766,0.6328,2.7276
39.3768,0.5668,2.444
39.3770,0.5292,2.2821
39.3772,0.5283,2.2769
39.3774,0.5508,2.3719
39.3776,0.5809,2.5038
39.3778,0.5504,2.3742
39.3780,0.5585,2.4083
39.3782,0.5554,2.3915
39.3784,0.6263,2.6966
39.3786,0.5785,2.4935
39.3788,0.5488,2.362
39.3790,0.6109,2.6306
39.3792,0.6017,2.5968
39.3794,0.4978,2.1477
39.3796,0.5053,2.1767
39.3798,0.5342,2.3055
39.3800,0.4667,2.015
39.3802,0.4433,1.9132
39.3804,0.4477,1.9314
39.3806,0.4492,1.9403
39.3808,0.4459,1.9237
39.3810,0.4575,1.9739
39.3812,0.4651,2.0074
39.3814,0.4608,1.9878
39.3816,0.491,2.1162
39.3818,0.501,2.1601
39.3820,0.4613,1.9899
39.3822,0.4662,2.012
39.3824,0.461,1.9889
39.3826,0.458,1.975
39.3828,0.4445,1.9175
39.3830,0.5288,2.2769
39.3832,0.5741,2.4709
39.3834,0.5868,2.5244
39.3836,0.554,2.3864
39.3838,0.5635,2.4277
39.3840,0.5433,2.3437
39.3842,0.4518,1.9499
39.3844,0.462,1.993
39.3846,0.494,2.1311
39.3848,0.4771,2.0563
39.3850,0.4777,2.0589
39.3852,0.4846,2.0879
39.3854,0.5171,2.2299
39.3856,0.4897,2.1115
39.3858,0.5205,2.2413
39.3860,0.5592,2.4114
39.3862,0.5065,2.1839
39.3864,0.5185,2.2335
39.3866,0.4873,2.1012
39.3868,0.4806,2.0722
39.3870,0.4884,2.1029
39.3872,0.5165,2.2263
39.3874,0.5066,2.1854
39.3876,0.4745,2.0468
39.3878,0.4861,2.095
39.3880,0.4812,2.0729
39.3882,0.4766,2.0561
39.3884,0.4862,2.0965
39.3886,0.4863,2.097
39.3888,0.4855,2.0924
39.3890,0.489,2.1065
39.3892,0.4929,2.1265
39.3894,0.5045,2.1746
39.3896,0.548,2.3562
39.3898,0.6616,2.845
39.3900,0.6645,2.856
39.3902,0.7139,3.0712
39.3904,0.6018,2.5913
39.3906,0.5283,2.278
39.3908,0.4755,2.0496
39.3910,0.4727,2.0371
39.3912,0.5012,2.1581
39.3914,0.5526,2.3796
39.3916,0.5866,2.5246
39.3918,0.6091,2.6179
39.3920,0.6602,2.8335
39.3922,0.7498,3.2239
39.3924,0.6789,2.9206
39.3926,0.6717,2.8883
39.3928,0.6916,2.9739
39.3930,0.6986,2.9996
39.3932,0.7568,3.2498
39.3934,0.7668,3.2941
39.3936,0.7515,3.2272
39.3938,0.7679,3.2956
39.3940,0.7592,3.2601
39.3942,0.8018,3.4365
39.3944,0.9204,3.9484
39.3946,0.8902,3.8152
39.3948,0.9121,3.9056
39.3950,0.9223,3.9493
39.3952,0.9728,4.1673
39.3954,0.9451,4.0487
39.3956,0.8867,3.8021
39.3958,0.9086,3.8925
39.3960,0.9289,3.9775
39.3962,0.9308,3.9876
39.3964,0.9312,3.9947
39.3966,0.849,3.644
39.3968,0.8562,3.6664
39.3970,0.8774,3.7625
39.3972,0.9072,3.8954
39.3974,0.8021,3.446
39.3976,0.7298,3.1398
39.3978,0.7605,3.2627
39.3980,0.8687,3.7215
39.3982,0.9211,3.9496
39.3984,0.8675,3.725
39.3986,0.8561,3.6727
39.3988,0.885,3.7984
39.3990,0.8768,3.7634
39.3992,0.8789,3.7704
39.3994,0.9001,3.8561
39.3996,0.9354,4.0127
39.3998,0.8506,3.6524
39.4000,0.7692,3.3044
39.4002,0.7896,3.3935
39.4004,0.8084,3.4696
39.4006,0.8651,3.7165
39.4008,0.7556,3.2492
39.4010,0.7876,3.3821
39.4012,0.8457,3.6296
39.4014,0.8471,3.6341
39.4016,0.828,3.5556
39.4018,0.8048,3.4574
39.4020,0.809,3.477
39.4022,0.7948,3.413
39.4024,0.8475,3.6373
39.4026,0.8422,3.6181
39.4028,0.8277,3.5574
39.4030,0.7911,3.3986
39.4032,0.7439,3.1972
39.4034,0.7158,3.0766
39.4036,0.7567,3.2493
39.4038,0.7388,3.18
39.4040,0.7234,3.1105
39.4042,0.764,3.2807
39.4044,0.8098,3.4774
39.4046,0.7729,3.3234
39.4048,0.75,3.225
39.4050,0.7568,3.2528
39.4052,0.7502,3.2275
39.4054,0.7518,3.2327
39.4056,0.7902,3.3929
39.4058,0.8568,3.6792
39.4060,0.8324,3.5758
39.4062,0.8276,3.5519
39.4064,0.831,3.5752
39.4066,0.7017,3.0186
39.4068,0.7149,3.0725
39.4070,0.8544,3.6689
39.4072,0.844,3.6275
39.4074,0.7436,3.2006
39.4076,0.6995,3.0079
39.4078,0.7001,3.0147
39.4080,0.7007,3.0159
39.4082,0.6999,3.0094
39.4084,0.7013,3.0198
39.4086,0.701,3.0183
39.4088,0.7033,3.0258
39.4090,0.7075,3.0453
39.4092,0.7012,3.0179
39.4094,0.6998,3.0103
39.4096,0.7151,3.0764
39.4098,0.7143,3.0742
39.4100,0.6968,3.003
39.4102,0.6601,2.8409
39.4104,0.7274,3.128
39.4106,0.739,3.1834
39.4108,0.6261,2.6999
39.4110,0.5569,2.4004
39.4112,0.5544,2.3896
39.4114,0.6291,2.7103
39.4116,0.6533,2.8146
39.4118,0.6653,2.865
39.4120,0.6566,2.8299
39.4122,0.5832,2.516
39.4124,0.5705,2.4577
39.4126,0.6097,2.6242
39.4128,0.6357,2.7323
39.4130,0.7146,3.0714
39.4132,0.7091,3.052
39.4134,0.6719,2.8893
39.4136,0.7616,3.2704
39.4138,0.726,3.1306
39.4140,0.5773,2.4895
39.4142,0.5948,2.5602
39.4144,0.6753,2.9038
39.4146,0.7427,3.195
39.4148,0.7527,3.2368
39.4150,0.7645,3.2873
39.4152,0.7638,3.2843
39.4154,0.7663,3.2951
39.4156,0.8048,3.4606
39.4158,0.8059,3.4636
39.4160,0.7557,3.2452
39.4162,0.8071,3.4639
39.4164,0.8469,3.6382
39.4166,0.844,3.6241
39.4168,0.8599,3.6892
39.4170,0.9187,3.943
39.4172,0.8863,3.8129
39.4174,0.762,3.2811
39.4176,0.7204,3.0962
39.4178,0.7757,3.3291
39.4180,0.7583,3.2621
39.4182,0.7026,3.0255
39.4184,0.7075,3.0481
39.4186,0.7102,3.0538
39.4188,0.7655,3.2899
39.4190,0.7322,3.1487
39.4192,0.6597,2.8407
39.4194,0.6302,2.7149
39.4196,0.6296,2.7149
39.4198,0.6024,2.5939
39.4200,0.6067,2.6161
39.4202,0.6309,2.718
39.4204,0.6779,2.9192
39.4206,0.6134,2.6451
39.4208,0.5765,2.4847
39.4210,0.5827,2.515
39.4212,0.5113,2.2076
39.4214,0.4893,2.1109
39.4216,0.4946,2.1347
39.4218,0.4952,2.1373
39.4220,0.4983,2.1497
39.4222,0.4933,2.128
39.4224,0.4911,2.1187
39.4226,0.4933,2.127
39.4228,0.4918,2.1228
39.4230,0.5099,2.1989
39.4232,0.5643,2.4342
39.4234,0.4983,2.1487
39.4236,0.535,2.3091
39.4238,0.4953,2.1368
39.4240,0.4982,2.1472
39.4242,0.4986,2.1498
39.4244,0.4945,2.1322
39.4246,0.5468,2.3565
39.4248,0.5676,2.4476
39.4250,0.5201,2.2428
39.4252,0.5531,2.3828
39.4254,0.6031,2.6006
39.4256,0.5736,2.4723
39.4258,0.5664,2.4401
39.4260,0.6516,2.7991
39.4262,0.7822,3.3605
39.4264,0.8019,3.4466
39.4266,0.7959,3.4256
39.4268,0.6978,3.0021
39.4270,0.7318,3.1451
39.4272,0.7999,3.4378
39.4274,0.6932,2.9847
39.4276,0.6593,2.8325
39.4278,0.7957,3.4182
39.4280,0.7977,3.4286
39.4282,0.7902,3.3929
39.4284,0.8486,3.6437
39.4286,0.8085,3.4717
39.4288,0.8525,3.659
39.4290,0.8573,3.6898
39.4292,0.7137,3.0673
39.4294,0.7356,3.1616
39.4296,0.7508,3.2286
39.4298,0.7715,3.3142
39.4300,0.8188,3.5193
39.4302,0.7748,3.3301
39.4304,0.761,3.2694
39.4306,0.7099,3.0556
39.4308,0.7259,3.1228
39.4310,0.7265,3.1225
39.4312,0.7236,3.1144
39.4314,0.7658,3.29
39.4316,0.8242,3.5342
39.4318,0.8349,3.59
39.4320,0.7512,3.2271
39.4322,0.8126,3.4843
39.4324,0.8906,3.8226
39.4326,0.934,4.0108
39.4328,0.8639,3.713
39.4330,0.8568,3.6792
39.4332,0.8197,3.5196
39.4334,0.8483,3.6443
39.4336,0.8304,3.5643
39.4338,0.865,3.7142
39.4340,0.8544,3.6723
39.4342,0.7499,3.2289
39.4344,0.6809,2.9307
39.4346,0.7357,3.1636
39.4348,0.7417,3.1894
39.4350,0.7439,3.1987
39.4352,0.7031,3.0262
39.4354,0.6749,2.9049
39.4356,0.7338,3.1539
39.4358,0.7664,3.2971
39.4360,0.7014,3.0204
39.4362,0.7038,3.0293
39.4364,0.7264,3.1248
39.4366,0.6686,2.8762
39.4368,0.711,3.0588
39.4370,0.7146,3.0772
39.4372,0.6707,2.8868
39.4374,0.6102,2.6323
39.4376,0.5628,2.4269
39.4378,0.5687,2.4511
39.4380,0.5828,2.5132
39.4382,0.5904,2.5458
39.4384,0.5946,2.5615
39.4386,0.6328,2.725
39.4388,0.6658,2.8683
39.4390,0.5791,2.4984
39.4392,0.4916,2.1257
39.4394,0.4399,1.8987
39.4396,0.4605,1.9886
39.4398,0.4544,1.9631
39.4400,0.4947,2.1342
39.4402,0.5378,2.321
39.4404,0.4601,1.9856
39.4406,0.4429,1.9116
39.4408,0.4477,1.9341
39.4410,0.4459,1.9264
39.4412,0.4506,1.9457
39.4414,0.4417,1.9065
39.4416,0.4534,1.9576
39.4418,0.4671,2.0162
39.4420,0.4614,1.9895
39.4422,0.4575,1.9739
39.4424,0.4585,1.9789
39.4426,0.4599,1.9851
39.4428,0.464,2.0018
39.4430,0.4578,1.9758
39.4432,0.4569,1.9731
39.4434,0.4451,1.921
39.4436,0.442,1.9066
39.4438,0.4802,2.0697
39.4440,0.532,2.294
39.4442,0.4771,2.0591
39.4444,0.4492,1.9386
39.4446,0.4766,2.0552
39.4448,0.5319,2.2914
39.4450,0.511,2.2046
39.4452,0.4962,2.1394
39.4454,0.535,2.3037
39.4456,0.5188,2.2382
39.4458,0.4434,1.9146
39.4460,0.4325,1.8666
39.4462,0.4296,1.8533
39.4464,0.43,1.8566
39.4466,0.4342,1.873
39.4468,0.4325,1.8658
39.4470,0.43,1.8558
39.4472,0.4288,1.8497
39.4474,0.4645,2.0002
39.4476,0.5198,2.2371
39.4478,0.5281,2.277
39.4480,0.4558,1.9679
39.4482,0.4326,1.8663
39.4484,0.4318,1.8627
39.4486,0.4451,1.921
39.4488,0.4444,1.917
39.4490,0.435,1.8731
39.4492,0.4905,2.1141
39.4494,0.5298,2.2805
39.4496,0.5458,2.3513
39.4498,0.5561,2.3968
39.4500,0.5548,2.39
39.4502,0.5471,2.3548
39.4504,0.598,2.5748
39.4506,0.5474,2.3591
39.4508,0.4894,2.1105
39.4510,0.5063,2.1814
39.4512,0.497,2.1421
39.4514,0.5222,2.2474
39.4516,0.5976,2.5732
39.4518,0.5863,2.5271
39.4520,0.5337,2.2991
39.4522,0.5381,2.3172
39.4524,0.5379,2.3172
39.4526,0.5183,2.2299
39.4528,0.5693,2.448
39.4530,0.6153,2.6497
39.4532,0.6093,2.6177
39.4534,0.6795,2.9232
39.4536,0.5789,2.495
39.4538,0.5415,2.3305
39.4540,0.5834,2.5112
39.4542,0.5971,2.5688
39.4544,0.5589,2.4087
39.4546,0.5374,2.3119
39.4548,0.6345,2.7259
39.4550,0.7245,3.1166
39.4552,0.6759,2.9077
39.4554,0.662,2.8439
39.4556,0.7049,3.0297
39.4558,0.7168,3.0821
39.4560,0.6616,2.8437
39.4562,0.6269,2.698
39.4564,0.6246,2.6894
39.4566,0.5712,2.4597
39.4568,0.5441,2.3441
39.4570,0.548,2.3617
39.4572,0.5565,2.395
39.4574,0.5849,2.5173
39.4576,0.5623,2.4203
39.4578,0.565,2.4339
39.4580,0.5504,2.3676
39.4582,0.6387,2.7452
39.4584,0.6884,2.9613
39.4586,0.6239,2.6838
39.4588,0.6331,2.7223
39.4590,0.6254,2.6905
39.4592,0.6753,2.8997
39.4594,0.7174,3.0833
39.4596,0.676,2.9055
39.4598,0.6472,2.7805
39.4600,0.7096,3.0498
39.4602,0.7629,3.2745
39.4604,0.7614,3.2724
39.4606,0.7219,3.1
39.4608,0.7983,3.4264
39.4610,0.7826,3.3589
39.4612,0.7741,3.3224
39.4614,0.8159,3.5004
39.4616,0.8959,3.8399
39.4618,0.9097,3.9026
39.4620,0.9102,3.8992
39.4622,0.9277,3.9742
39.4624,0.9144,3.9209
39.4626,0.8709,3.7377
39.4628,0.858,3.6792
39.4630,0.8322,3.5753
39.4632,0.7798,3.3502
39.4634,0.7224,3.1049
39.4636,0.7452,3.1999
39.4638,0.8161,3.4993
39.4640,0.8435,3.617
39.4642,0.8468,3.6343
39.4644,0.8283,3.5567
39.4646,0.8339,3.5775
39.4648,0.8698,3.7313
39.4650,0.9123,3.9066
39.4652,0.9575,4.104
39.4654,0.8668,3.7237
39.4656,0.8018,3.4445
39.4658,0.7987,3.4279
39.4660,0.7845,3.3734
39.4662,0.7751,3.3296
39.4664,0.7682,3.3003
39.4666,0.7685,3.2982
39.4668,0.7867,3.3749
39.4670,0.8102,3.4854
39.4672,0.7133,3.0686
39.4674,0.7356,3.1646
39.4676,0.7531,3.2354
39.4678,0.7653,3.2879
39.4680,0.7704,3.3111
39.4682,0.7832,3.3662
39.4684,0.7833,3.3683
39.4686,0.703,3.0214
39.4688,0.7532,3.2329
39.4690,0.8095,3.4791
39.4692,0.7592,3.2631
39.4694,0.7747,3.3265
39.4696,0.8332,3.5761
39.4698,0.8343,3.5824
39.4700,0.7658,3.2915
39.4702,0.7577,3.2549
39.4704,0.7579,3.2605
39.4706,0.7567,3.2553
39.4708,0.7368,3.1712
39.4710,0.6772,2.912
39.4712,0.702,3.0173
39.4714,0.838,3.5967
39.4716,0.8639,3.7044
39.4718,0.8179,3.5151
39.4720,0.7652,3.2874
39.4722,0.7593,3.2667
39.4724,0.7554,3.2482
39.4726,0.7567,3.2523
39.4728,0.7668,3.291
39.4730,0.8643,3.7094
39.4732,0.8563,3.6771
39.4734,0.8507,3.6546
39.4736,0.791,3.3997
39.4738,0.7507,3.2266
39.4740,0.7966,3.4255
39.4742,0.7752,3.3286
39.4744,0.8456,3.6308
39.4746,0.8507,3.6546
39.4748,0.8572,3.6807
39.4750,0.855,3.6698
39.4752,0.8765,3.7619
39.4754,0.8538,3.668
39.4756,0.7923,3.4085
39.4758,0.7381,3.1783
39.4760,0.6693,2.878
39.4762,0.7092,3.0497
39.4764,0.7596,3.2647
39.4766,0.7879,3.391
39.4768,0.6974,3
39.4770,0.7391,3.1795
39.4772,0.7332,3.1542
39.4774,0.7073,3.0442
39.4776,0.6463,2.7867
39.4778,0.5599,2.4134
39.4780,0.5869,2.5296
39.4782,0.5647,2.4329
39.4784,0.5659,2.4403
39.4786,0.5616,2.4228
39.4788,0.5529,2.3851
39.4790,0.5502,2.3726
39.4792,0.5511,2.374
39.4794,0.6367,2.7416
39.4796,0.7055,3.0309
39.4798,0.7723,3.3162
39.4800,0.741,3.1922
39.4802,0.6548,2.8156
39.4804,0.7538,3.243
39.4806,0.7345,3.1614
39.4808,0.728,3.1335
39.4810,0.6514,2.8038
39.4812,0.6337,2.7286
39.4814,0.6384,2.7488
39.4816,0.6379,2.748
39.4818,0.6376,2.7457
39.4820,0.6464,2.7834
39.4822,0.6591,2.8368
39.4824,0.7239,3.114
39.4826,0.7655,3.2884
39.4828,0.7807,3.3538
39.4830,0.7962,3.4203
39.4832,0.789,3.3957
39.4834,0.6728,2.897
39.4836,0.6448,2.7767
39.4838,0.6435,2.7671
39.4840,0.7039,3.0326
39.4842,0.651,2.8043
39.4844,0.6301,2.7144
39.4846,0.6364,2.7405
39.4848,0.6471,2.7878
39.4850,0.6107,2.6271
39.4852,0.6952,2.9907
39.4854,0.7015,3.0223
39.4856,0.673,2.8966
39.4858,0.6862,2.9548
39.4860,0.6842,2.9433
39.4862,0.7266,3.1273
39.4864,0.6936,2.9826
39.4866,0.762,3.2765
39.4868,0.7896,3.3983
39.4870,0.7182,3.0912
39.4872,0.6749,2.9036
39.4874,0.6771,2.9142
39.4876,0.6551,2.8237
39.4878,0.6072,2.6121
39.4880,0.6182,2.662
39.4882,0.5804,2.5064
39.4884,0.4832,2.0875
39.4886,0.4638,2.0026
39.4888,0.4623,1.9946
39.4890,0.4609,1.9902
39.4892,0.4682,2.0208
39.4894,0.467,2.0175
39.4896,0.4635,2.0007
39.4898,0.4585,1.978
39.4900,0.4647,2.0058
39.4902,0.4701,2.031
39.4904,0.474,2.0457
39.4906,0.4724,2.0371
39.4908,0.4924,2.1244
39.4910,0.5209,2.2459
39.4912,0.6002,2.5822
39.4914,0.6607,2.8409
39.4916,0.7127,3.0575
39.4918,0.8164,3.5041
39.4920,0.8875,3.8092
39.4922,0.882,3.7909
39.4924,0.7527,3.2368
39.4926,0.7104,3.0534
39.4928,0.77,3.3095
39.4930,0.7512,3.2271
39.4932,0.7806,3.3533
39.4934,0.8137,3.4971
39.4936,0.7875,3.3816
39.4938,0.8694,3.7263
39.4940,0.9069,3.8908
39.4942,0.9066,3.8911
39.4944,0.9162,3.9267
39.4946,0.9285,3.9834
39.4948,0.8944,3.8368
39.4950,0.8948,3.8442
39.4952,0.8554,3.6747
39.4954,0.868,3.7253
39.4956,0.8837,3.7892
39.4958,0.8935,3.835
39.4960,0.8897,3.8185
39.4962,0.8885,3.8134
39.4964,0.8308,3.5708
39.4966,0.793,3.4116
39.4968,0.8099,3.4763
39.4970,0.8855,3.7987
39.4972,0.8947,3.8383
39.4974,0.9039,3.8779
39.4976,0.8866,3.8033
39.4978,0.8657,3.7225
39.4980,0.8029,3.4523
39.4982,0.8051,3.4573
39.4984,0.8433,3.621
39.4986,0.8384,3.6049
39.4988,0.7221,3.1077
39.4990,0.7224,3.1064
39.4992,0.7891,3.3899
39.4994,0.8219,3.5294
39.4996,0.8616,3.7084
39.4998,0.7686,3.3033
39.5000,0.7542,3.249
39.5002,0.6812,2.9358
39.5004,0.6159,2.6596
39.5006,0.5661,2.4375
39.5008,0.6434,2.7679
39.5010,0.6915,2.9775
39.5012,0.6685,2.881
39.5014,0.6037,2.6044
39.5016,0.62,2.676
39.5018,0.5212,2.2496
39.5020,0.5161,2.2253
39.5022,0.5878,2.5333
39.5024,0.5998,2.5825
39.5026,0.6253,2.69
39.5028,0.7327,3.1551
39.5030,0.7354,3.1709
39.5032,0.6014,2.5946
39.5034,0.5281,2.2759
39.5036,0.5827,2.5139
39.5038,0.5589,2.4109
39.5040,0.504,2.174
39.5042,0.4971,2.1446
39.5044,0.5135,2.2154
39.5046,0.5276,2.2749
39.5048,0.4934,2.1305
39.5050,0.5047,2.1792
39.5052,0.4722,2.0407
39.5054,0.4217,1.82
39.5056,0.4765,2.0594
39.5058,0.4327,1.8685
39.5060,0.4605,1.9822
39.5062,0.5849,2.5232
39.5064,0.5073,2.1916
39.5066,0.4488,1.9397
39.5068,0.4484,1.9363
39.5070,0.4471,1.9298
39.5072,0.4492,1.9386
39.5074,0.4476,1.9318
39.5076,0.446,1.9242
39.5078,0.4458,1.9232
39.5080,0.449,1.9389
39.5082,0.4622,1.9959
39.5084,0.4565,1.9701
39.5086,0.4464,1.9266
39.5088,0.4464,1.9284
39.5090,0.4494,1.9387
39.5092,0.4507,1.9453
39.5094,0.4492,1.9377
39.5096,0.4464,1.9258
39.5098,0.4426,1.9101
39.5100,0.4459,1.9246
39.5102,0.4506,1.9457
39.5104,0.4482,1.9344
39.5106,0.4511,1.9468
39.5108,0.4484,1.9346
39.5110,0.445,1.9204
39.5112,0.4532,1.9534
39.5114,0.4905,2.1112
39.5116,0.5757,2.4788
39.5118,0.6145,2.6473
39.5120,0.5611,2.4185
39.5122,0.5314,2.2925
39.5124,0.4721,2.0374
39.5126,0.4681,2.0166
39.5128,0.4874,2.1017
39.5130,0.4675,2.014
39.5132,0.5596,2.4073
39.5134,0.5839,2.5144
39.5136,0.598,2.5736
39.5138,0.6414,2.7617
39.5140,0.6258,2.6921
39.5142,0.6294,2.7075
39.5144,0.6278,2.7008
39.5146,0.6589,2.8331
39.5148,0.6891,2.9617
39.5150,0.6838,2.9445
39.5152,0.6062,2.6104
39.5154,0.6415,2.7571
39.5156,0.7354,3.1591
39.5158,0.7616,3.2765
39.5160,0.6864,2.949
39.5162,0.7014,3.0119
39.5164,0.7429,3.1945
39.5166,0.6458,2.7821
39.5168,0.4843,2.0921
39.5170,0.4355,1.8796
39.5172,0.476,2.0507
39.5174,0.4968,2.142
39.5176,0.4753,2.0504
39.5178,0.4795,2.0666
39.5180,0.5018,2.1607
39.5182,0.5408,2.3285
39.5184,0.5158,2.2232
39.5186,0.5087,2.1917
39.5188,0.5909,2.542
39.5190,0.642,2.7643
39.5192,0.5583,2.4061
39.5194,0.5454,2.3487
39.5196,0.6221,2.6761
39.5198,0.6057,2.6084
39.5200,0.6008,2.5848
39.5202,0.577,2.4867
39.5204,0.5028,2.1669
39.5206,0.4989,2.1523
39.5208,0.4948,2.1337
39.5210,0.5044,2.1711
39.5212,0.6188,2.6572
39.5214,0.6784,2.9185
39.5216,0.6439,2.77
39.5218,0.6999,3.0094
39.5220,0.6414,2.7643
39.5222,0.5194,2.2408
39.5224,0.4825,2.0795
39.5226,0.5029,2.1664
39.5228,0.5498,2.3705
39.5230,0.4878,2.1013
39.5232,0.4958,2.1369
39.5234,0.4909,2.1177
39.5236,0.488,2.1043
39.5238,0.4911,2.1187
39.5240,0.485,2.0913
39.5242,0.5095,2.1938
39.5244,0.536,2.3068
39.5246,0.6038,2.5977
39.5248,0.5996,2.5832
39.5250,0.5423,2.332
39.5252,0.6283,2.7029
39.5254,0.6688,2.8759
39.5256,0.6713,2.8827
39.5258,0.721,3.0915
39.5260,0.7496,3.2234
39.5262,0.696,2.9902
39.5264,0.7746,3.3136
39.5266,0.9362,4.0107
39.5268,0.8959,3.8417
39.5270,0.9093,3.8993
39.5272,0.9065,3.8833
39.5274,0.9143,3.9185
39.5276,0.9193,3.9438
39.5278,0.8668,3.7133
39.5280,0.9062,3.8805
39.5282,0.9024,3.8694
39.5284,0.8942,3.8327
39.5286,0.9276,3.9756
39.5288,0.8977,3.8494
39.5290,0.9035,3.8759
39.5292,0.8652,3.7101
39.5294,0.8252,3.54
39.5296,0.8302,3.5649
39.5298,0.7953,3.4119
39.5300,0.853,3.661
39.5302,0.8279,3.5518
39.5304,0.9053,3.8782
39.5306,0.9147,3.9279
39.5308,0.7905,3.3961
39.5310,0.7567,3.2508
39.5312,0.7806,3.3549
39.5314,0.7944,3.411
39.5316,0.7717,3.3167
39.5318,0.7706,3.3059
39.5320,0.892,3.8265
39.5322,0.8862,3.8
39.5324,0.8804,3.7753
39.5326,0.9222,3.9524
39.5328,0.9007,3.8658
39.5330,0.868,3.7253
39.5332,0.83,3.5639
39.5334,0.858,3.6844
39.5336,0.8469,3.6348
39.5338,0.85,3.6482
39.5340,0.8613,3.6948
39.5342,0.88,3.7751
39.5344,0.8912,3.827
39.5346,0.8591,3.6873
39.5348,0.8521,3.6625
39.5350,0.8217,3.5316
39.5352,0.7766,3.3394
39.5354,0.7476,3.2161
39.5356,0.6627,2.8523
39.5358,0.6942,2.9852
39.5360,0.7656,3.2905
39.5362,0.8189,3.5181
39.5364,0.806,3.4641
39.5366,0.7777,3.3441
39.5368,0.7673,3.3007
39.5370,0.7505,3.2255
39.5372,0.7592,3.2616
39.5374,0.7741,3.3239
39.5376,0.7785,3.3446
39.5378,0.7255,3.1241
39.5380,0.6742,2.8991
39.5382,0.7421,3.1924
39.5384,0.7286,3.1361
39.5386,0.7451,3.2023
39.5388,0.7565,3.2498
39.5390,0.7253,3.1217
39.5392,0.667,2.8668
39.5394,0.7388,3.177
39.5396,0.7557,3.2542
39.5398,0.6994,3.0144
39.5400,0.6013,2.5929
39.5402,0.5831,2.5143
39.5404,0.5831,2.5131
39.5406,0.5819,2.5056
39.5408,0.6173,2.6579
39.5410,0.6304,2.7147
39.5412,0.629,2.7098
39.5414,0.6272,2.702
39.5416,0.6396,2.7539
39.5418,0.6415,2.7596
39.5420,0.639,2.7552
39.5422,0.586,2.5243
39.5424,0.6206,2.6749
39.5426,0.5743,2.4719
39.5428,0.6399,2.7581
39.5430,0.6297,2.7154
39.5432,0.573,2.4685
39.5434,0.5525,2.3824
39.5436,0.548,2.3639
39.5438,0.5457,2.353
39.5440,0.5477,2.3596
39.5442,0.5494,2.369
39.5444,0.5483,2.3643
39.5446,0.5345,2.3059
39.5448,0.5271,2.2718
39.5450,0.6086,2.6244
39.5452,0.5482,2.3616
39.5454,0.533,2.2992
39.5456,0.5349,2.3075
39.5458,0.5417,2.3316
39.5460,0.658,2.8335
39.5462,0.6129,2.6455
39.5464,0.5337,2.3013
39.5466,0.5572,2.4026
39.5468,0.5457,2.353
39.5470,0.5275,2.2754
39.5472,0.5275,2.2733
39.5474,0.5228,2.2521
39.5476,0.5229,2.2558
39.5478,0.5235,2.2573
39.5480,0.5266,2.2686
39.5482,0.5387,2.323
39.5484,0.5273,2.2749
39.5486,0.5213,2.247
39.5488,0.5441,2.3441
39.5490,0.6186,2.6624
39.5492,0.6649,2.8576
39.5494,0.6807,2.9242
39.5496,0.6942,2.9922
39.5498,0.5633,2.4312
39.5500,0.5273,2.2739
39.5502,0.5264,2.2697
39.5504,0.5249,2.2635
39.5506,0.5203,2.2423
39.5508,0.5231,2.2547
39.5510,0.5273,2.2728
39.5512,0.5228,2.2553
39.5514,0.5221,2.2521
39.5516,0.5019,2.1622
39.5518,0.5469,2.3538
39.5520,0.6324,2.7255
39.5522,0.5915,2.5457
39.5524,0.5894,2.5358
39.5526,0.6439,2.77
39.5528,0.6029,2.6008
39.5530,0.5387,2.3208
39.5532,0.5331,2.2976
39.5534,0.5369,2.312
39.5536,0.5921,2.5495
39.5538,0.6071,2.6116
39.5540,0.6144,2.6431
39.5542,0.6266,2.6944
39.5544,0.6471,2.7865
39.5546,0.6367,2.7403
39.5548,0.6777,2.9127
39.5550,0.7352,3.1586
39.5552,0.7592,3.2647
39.5554,0.7478,3.2127
39.5556,0.7584,3.2595
39.5558,0.688,2.957
39.5560,0.6924,2.9789
39.5562,0.7079,3.0454
39.5564,0.7002,3.0096
39.5566,0.6939,2.9878
39.5568,0.6611,2.8456
39.5570,0.6356,2.7356
39.5572,0.6429,2.7658
39.5574,0.6466,2.7818
39.5576,0.6143,2.6438
39.5578,0.6964,2.9917
39.5580,0.7885,3.3857
39.5582,0.7486,3.2203
39.5584,0.655,2.8206
39.5586,0.6828,2.9335
39.5588,0.7494,3.2209
39.5590,0.7388,3.1755
39.5592,0.7283,3.1316
39.5594,0.7344,3.155
39.5596,0.7833,3.3605
39.5598,0.8697,3.7291
39.5600,0.9301,3.9919
39.5602,0.8634,3.7058
39.5604,0.8285,3.556
39.5606,0.8197,3.5212
39.5608,0.8291,3.5619
39.5610,0.8164,3.509
39.5612,0.789,3.3878
39.5614,0.8221,3.5299
39.5616,0.8026,3.4497
39.5618,0.8216,3.5245
39.5620,0.9002,3.8584
39.5622,0.8924,3.8285
39.5624,0.8587,3.6857
39.5626,0.8543,3.6701
39.5628,0.8595,3.6905
39.5630,0.8143,3.5013
39.5632,0.7856,3.3734
39.5634,0.8216,3.5278
39.5636,0.8164,3.5057
39.5638,0.7671,3.2972
39.5640,0.7481,3.2197
39.5642,0.7108,3.0564
39.5644,0.7807,3.3554
39.5646,0.7884,3.3852
39.5648,0.8017,3.4424
39.5650,0.8328,3.5779
39.5652,0.8363,3.5912
39.5654,0.8709,3.736
39.5656,0.8268,3.5538
39.5658,0.7664,3.2956
39.5660,0.8077,3.4681
39.5662,0.8704,3.7374
39.5664,0.7975,3.4291
39.5666,0.7445,3.1983
39.5668,0.8314,3.5684
39.5670,0.876,3.7616
39.5672,0.8158,3.5048
39.5674,0.8133,3.4988
39.5676,0.7563,3.2583
39.5678,0.6397,2.7519
39.5680,0.7116,3.06
39.5682,0.7736,3.3296
39.5684,0.702,3.0173
39.5686,0.7332,3.1557
39.5688,0.7035,3.0291
39.5690,0.6777,2.9154
39.5692,0.6933,2.9797
39.5694,0.8185,3.5194
39.5696,0.8068,3.4726
39.5698,0.7012,3.0179
39.5700,0.676,2.9096
39.5702,0.679,2.9238
39.5704,0.6664,2.8696
39.5706,0.6665,2.8675
39.5708,0.6663,2.8651
39.5710,0.7615,3.2745
39.5712,0.8217,3.53
39.5714,0.8402,3.6076
39.5716,0.7879,3.3879
39.5718,0.752,3.2352
39.5720,0.7018,3.0205
39.5722,0.6876,2.9624
39.5724,0.6959,2.9952
39.5726,0.7295,3.1353
39.5728,0.6834,2.9456
39.5730,0.6294,2.7126
39.5732,0.6361,2.7364
39.5734,0.7104,3.0548
39.5736,0.7252,3.1153
39.5738,0.7816,3.3579
39.5740,0.8268,3.5538
39.5742,0.8261,3.5507
39.5744,0.8101,3.4784
39.5746,0.8292,3.5641
39.5748,0.8308,3.5675
39.5750,0.7969,3.425
39.5752,0.7091,3.052
39.5754,0.6914,2.9756
39.5756,0.7008,3.0234
39.5758,0.5863,2.5282
39.5760,0.5789,2.4962
39.5762,0.6484,2.7896
39.5764,0.6743,2.901
39.5766,0.6391,2.7544
39.5768,0.6104,2.6309
39.5770,0.5794,2.4982
39.5772,0.5999,2.5855
39.5774,0.6134,2.6475
39.5776,0.5055,2.1798
39.5778,0.5253,2.2682
39.5780,0.4729,2.042
39.5782,0.4779,2.0628
39.5784,0.468,2.0217
39.5786,0.4637,2.0021
39.5788,0.4614,1.9923
39.5790,0.464,2.0037
39.5792,0.4659,2.011
39.5794,0.5164,2.2278
39.5796,0.4899,2.1116
39.5798,0.5553,2.391
39.5800,0.6414,2.763
39.5802,0.5777,2.4898
39.5804,0.5386,2.3235
39.5806,0.535,2.308
39.5808,0.533,2.296
39.5810,0.5358,2.3116
39.5812,0.5342,2.3044
39.5814,0.53,2.2852
39.5816,0.5282,2.2764
39.5818,0.5298,2.2858
39.5820,0.5336,2.2997
39.5822,0.5615,2.4167
39.5824,0.6111,2.6328
39.5826,0.6294,2.7113
39.5828,0.6378,2.7449
39.5830,0.6595,2.8357
39.5832,0.6627,2.8549
39.5834,0.6561,2.8226
39.5836,0.6885,2.9605
39.5838,0.6109,2.6318
39.5840,0.6033,2.6016
39.5842,0.6023,2.5958
39.5844,0.6078,2.6159
39.5846,0.6091,2.6228
39.5848,0.6042,2.6004
39.5850,0.6875,2.9563
39.5852,0.6779,2.9192
39.5854,0.6607,2.8422
39.5856,0.6767,2.9154
39.5858,0.6712,2.8929
39.5860,0.6182,2.662
39.5862,0.5851,2.5231
39.5864,0.5123,2.2082
39.5866,0.5734,2.4712
39.5868,0.5126,2.2092
39.5870,0.4935,2.1281
39.5872,0.4933,2.128
39.5874,0.4906,2.1166
39.5876,0.4897,2.1115
39.5878,0.5285,2.278
39.5880,0.5709,2.4627
39.5882,0.4939,2.1306
39.5884,0.471,2.0318
39.5886,0.4653,2.0066
39.5888,0.462,1.9949
39.5890,0.4677,2.0188
39.5892,0.471,2.0327
39.5894,0.4685,2.02
39.5896,0.4638,2.0008
39.5898,0.4611,1.9903
39.5900,0.4682,2.018
39.5902,0.4727,2.039
39.5904,0.4705,2.0288
39.5906,0.4735,2.0427
39.5908,0.4707,2.0298
39.5910,0.5014,2.1632
39.5912,0.5333,2.2965
39.5914,0.6177,2.655
39.5916,0.6716,2.8851
39.5918,0.7222,3.1068
39.5920,0.6516,2.803
39.5922,0.7035,3.0235
39.5924,0.7097,3.0503
39.5926,0.6819,2.9335
39.5928,0.7097,3.0531
39.5930,0.7029,3.0181
39.5932,0.7892,3.392
39.5934,0.7355,3.1567
39.5936,0.7683,3.3023
39.5938,0.7812,3.3465
39.5940,0.9147,3.9206
39.5942,0.9219,3.9532
39.5944,0.9171,3.9327
39.5946,0.928,3.9795
39.5948,0.9177,3.9334
39.5950,0.9254,3.9719
39.5952,0.7951,3.4156
39.5954,0.7773,3.3363
39.5956,0.8494,3.6439
39.5958,0.8635,3.7115
39.5960,0.8394,3.6012
39.5962,0.8487,3.6408
39.5964,0.8133,3.4923
39.5966,0.8227,3.5308
39.5968,0.8417,3.6126
39.5970,0.8806,3.7776
39.5972,0.8885,3.8134
39.5974,0.867,3.7247
39.5976,0.8199,3.5223
39.5978,0.8069,3.465
39.5980,0.841,3.6146
39.5982,0.7221,3.1077
39.5984,0.6887,2.9574
39.5986,0.7653,3.2894
39.5988,0.7857,3.377
39.5990,0.7916,3.3991
39.5992,0.826,3.5502
39.5994,0.7343,3.1589
39.5996,0.7059,3.0381
39.5998,0.6729,2.8948
39.6000,0.6956,2.9909
39.6002,0.6965,2.9978
39.6004,0.689,2.9653
39.6006,0.6792,2.9235
39.6008,0.7332,3.1542
39.6010,0.7505,3.2285
39.6012,0.7504,3.2265
39.6014,0.7465,3.2055
39.6016,0.8155,3.5032
39.6018,0.7345,3.1629
39.6020,0.7015,3.0153
39.6022,0.7375,3.1758
39.6024,0.6691,2.8796
39.6026,0.708,3.0459
39.6028,0.7246,3.1157
39.6030,0.7024,3.0189
39.6032,0.7687,3.3085
39.6034,0.6795,2.9245
39.6036,0.6786,2.9168
39.6038,0.7102,3.058
39.6040,0.6626,2.8544
39.6042,0.668,2.879
39.6044,0.6139,2.6422
39.6046,0.6095,2.6256
39.6048,0.5878,2.5321
39.6050,0.6414,2.7643
39.6052,0.6147,2.6508
39.6054,0.5878,2.5356
39.6056,0.5647,2.434
39.6058,0.5953,2.561
39.6060,0.7149,3.0753
39.6062,0.699,3.0114
39.6064,0.5904,2.5446
39.6066,0.5113,2.2056
39.6068,0.5294,2.2848
39.6070,0.5001,2.1585
39.6072,0.4983,2.1487
39.6074,0.5342,2.3044
39.6076,0.5235,2.2584
39.6078,0.5211,2.2459
39.6080,0.5292,2.2821
39.6082,0.5404,2.3291
39.6084,0.5275,2.2744
39.6086,0.5233,2.2531
39.6088,0.5228,2.2542
39.6090,0.5276,2.2759
39.6092,0.5321,2.2956
39.6094,0.5316,2.2925
39.6096,0.521,2.2444
39.6098,0.5248,2.264
39.6100,0.5297,2.2853
39.6102,0.5288,2.279
39.6104,0.5277,2.2754
39.6106,0.5278,2.277
39.6108,0.5254,2.2656
39.6110,0.5296,2.2837
39.6112,0.5282,2.2764
39.6114,0.5278,2.277
39.6116,0.5254,2.2656
39.6118,0.5271,2.2707
39.6120,0.5312,2.2904
39.6122,0.5356,2.3063
39.6124,0.6098,2.621
39.6126,0.7364,3.1667
39.6128,0.7549,3.2476
39.6130,0.7017,3.02
39.6132,0.6536,2.8104
39.6134,0.6698,2.8814
39.6136,0.6575,2.8274
39.6138,0.6891,2.9617
39.6140,0.7332,3.1528
39.6142,0.7358,3.1641
39.6144,0.7481,3.2137
39.6146,0.7167,3.0831
39.6148,0.6538,2.8088
39.6150,0.6929,2.9782
39.6152,0.7402,3.1842
39.6154,0.6531,2.8097
39.6156,0.6536,2.8104
39.6158,0.7042,3.0252
39.6160,0.7911,3.3971
39.6162,0.8387,3.6015
39.6164,0.8189,3.5132
39.6166,0.8061,3.4646
39.6168,0.7061,3.0363
39.6170,0.6739,2.9057
39.6172,0.5585,2.4083
39.6174,0.5343,2.3038
39.6176,0.5283,2.278
39.6178,0.5255,2.2661
39.6180,0.5294,2.2816
39.6182,0.551,2.3713
39.6184,0.6065,2.6114
39.6186,0.601,2.5865
39.6188,0.5989,2.5825
39.6190,0.567,2.4439
39.6192,0.6141,2.6396
39.6194,0.7012,3.0165
39.6196,0.6294,2.7088
39.6198,0.6469,2.7829
39.6200,0.6536,2.8117
39.6202,0.6092,2.6233
39.6204,0.5897,2.5403
39.6206,0.5975,2.5739
39.6208,0.6597,2.8354
39.6210,0.7454,3.2009
39.6212,0.7596,3.2647
39.6214,0.7663,3.2905
39.6216,0.7685,3.309
39.6218,0.5918,2.5532
39.6220,0.4863,2.097
39.6222,0.4753,2.0504
39.6224,0.4766,2.0571
39.6226,0.4766,2.058
39.6228,0.4704,2.0283
39.6230,0.4772,2.0568
39.6232,0.4849,2.0908
39.6234,0.4777,2.0598
39.6236,0.468,2.0189
39.6238,0.4742,2.0458
39.6240,0.4874,2.0997
39.6242,0.5544,2.3874
39.6244,0.5452,2.3487
39.6246,0.5322,2.2929
39.6248,0.6018,2.5925
39.6250,0.5677,2.4447
39.6252,0.5183,2.234
39.6254,0.6132,2.6367
39.6256,0.6775,2.9157
39.6258,0.6746,2.8993
39.6260,0.7243,3.1132
39.6262,0.7733,3.3188
39.6264,0.8253,3.5454
39.6266,0.7393,3.1717
39.6268,0.7876,3.3758
39.6270,0.8968,3.8453
39.6272,0.9249,3.9661
39.6274,0.9096,3.9021
39.6276,0.9065,3.8869
39.6278,0.905,3.8844
39.6280,0.8837,3.791
39.6282,0.8715,3.7385
39.6284,0.8819,3.7833
39.6286,0.8899,3.816
39.6288,0.8994,3.8584
39.6290,0.8962,3.8481
39.6292,0.8532,3.6569
39.6294,0.9037,3.8769
39.6296,0.8595,3.6888
39.6298,0.8939,3.8401
39.6300,0.8326,3.5752
39.6302,0.843,3.6183
39.6304,0.8988,3.8576
39.6306,0.8598,3.6955
39.6308,0.7966,3.4239
39.6310,0.7295,3.1397
39.6312,0.6614,2.8479
39.6314,0.6948,2.9892
39.6316,0.706,3.0372
39.6318,0.7298,3.1369
39.6320,0.803,3.4464
39.6322,0.8393,3.6057
39.6324,0.7746,3.326
39.6326,0.8007,3.435
39.6328,0.8526,3.6595
39.6330,0.8396,3.6067
39.6332,0.8125,3.4952
39.6334,0.7392,3.1786
39.6336,0.7205,3.0996
39.6338,0.7375,3.1699
39.6340,0.7812,3.359
39.6342,0.7683,3.3023
39.6344,0.7941,3.4115
39.6346,0.8185,3.5128
39.6348,0.8687,3.7371
39.6350,0.7795,3.3518
39.6352,0.7573,3.2549
39.6354,0.765,3.2894
39.6356,0.738,3.169
39.6358,0.7584,3.2656
39.6360,0.687,2.9584
39.6362,0.6987,3.0071
39.6364,0.6731,2.8985
39.6366,0.7089,3.0524
39.6368,0.7145,3.0709
39.6370,0.7549,3.2431
39.6372,0.7804,3.3528
39.6374,0.787,3.3811
39.6376,0.809,3.477
39.6378,0.792,3.4038
39.6380,0.739,3.1805
39.6382,0.677,2.915
39.6384,0.6845,2.9448
39.6386,0.7387,3.178
39.6388,0.7141,3.0708
39.6390,0.6878,2.9587
39.6392,0.6504,2.8056
39.6394,0.5354,2.3096
39.6396,0.4882,2.1043
39.6398,0.5394,2.3272
39.6400,0.539,2.3251
39.6402,0.533,2.2982
39.6404,0.5339,2.3012
39.6406,0.5296,2.2847
39.6408,0.5315,2.2898
39.6410,0.5488,2.3664
39.6412,0.5506,2.3742
39.6414,0.55,2.3749
39.6416,0.4921,2.1238
39.6418,0.5143,2.2165
39.6420,0.5468,2.3554
39.6422,0.543,2.3438
39.6424,0.4743,2.0482
39.6426,0.4507,1.9444
39.6428,0.459,1.981
39.6430,0.4655,2.0117
39.6432,0.4495,1.941
39.6434,0.4466,1.9286
39.6436,0.4468,1.9273
39.6438,0.4506,1.943
39.6440,0.4988,2.1528
39.6442,0.477,2.0596
39.6444,0.4599,1.9842
39.6446,0.4641,2.0023
39.6448,0.4643,2.0028
39.6450,0.4605,1.9886
39.6452,0.4725,2.0376
39.6454,0.5364,2.3121
39.6456,0.4826,2.082
39.6458,0.4662,2.0111
39.6460,0.4753,2.0504
39.6462,0.4547,1.9615
39.6464,0.4469,1.9269
39.6466,0.4874,2.1027
39.6468,0.4651,2.0074
39.6470,0.4894,2.1095
39.6472,0.4855,2.0944
39.6474,0.4434,1.9128
39.6476,0.4373,1.8873
39.6478,0.4487,1.9347
39.6480,0.459,1.9792
39.6482,0.4475,1.9304
39.6484,0.4392,1.8947
39.6486,0.4321,1.8625
39.6488,0.5235,2.2573
39.6490,0.5349,2.3054
39.6492,0.5616,2.4172
39.6494,0.5947,2.5609
39.6496,0.561,2.4146
39.6498,0.5766,2.4829
39.6500,0.5887,2.5374
39.6502,0.5231,2.2589
39.6504,0.4424,1.9105
39.6506,0.4144,1.7868
39.6508,0.485,2.0904
39.6510,0.5348,2.3059
39.6512,0.4758,2.0487
39.6514,0.5227,2.2506
39.6516,0.5391,2.3234
39.6518,0.492,2.1213
39.6520,0.52,2.2402
39.6522,0.5643,2.4297
39.6524,0.5456,2.3481
39.6526,0.568,2.4457
39.6528,0.5879,2.5302
39.6530,0.6141,2.6408
39.6532,0.6511,2.8009
39.6534,0.5885,2.534
39.6536,0.5957,2.5638
39.6538,0.6422,2.7615
39.6540,0.6259,2.6926
39.6542,0.6677,2.8659
39.6544,0.7619,3.2699
39.6546,0.7788,3.3456
39.6548,0.7478,3.2142
39.6550,0.7059,3.0338
39.6552,0.7158,3.0737
39.6554,0.7998,3.4325
39.6556,0.7737,3.3301
39.6558,0.606,2.6082
39.6560,0.5722,2.4649
39.6562,0.5685,2.4478
39.6564,0.593,2.5501
39.6566,0.6548,2.8156
39.6568,0.6532,2.8089
39.6570,0.6742,2.9018
39.6572,0.6815,2.9306
39.6574,0.6328,2.7225
39.6576,0.5902,2.5412
39.6578,0.5637,2.426
39.6580,0.5935,2.5557
39.6582,0.5873,2.5277
39.6584,0.5717,2.4617
39.6586,0.6068,2.6142
39.6588,0.6279,2.7026
39.6590,0.6342,2.7256
39.6592,0.7181,3.0835
39.6594,0.7693,3.3049
39.6596,0.7468,3.2066
39.6598,0.8089,3.4652
39.6600,0.9132,3.9157
39.6602,0.9144,3.9227
39.6604,0.9049,3.8802
39.6606,0.8999,3.8568
39.6608,0.8547,3.6665
39.6610,0.8237,3.5338
39.6612,0.8332,3.5761
39.6614,0.8234,3.5323
39.6616,0.8547,3.6699
39.6618,0.8619,3.6974
39.6620,0.8364,3.5883
39.6622,0.8346,3.584
39.6624,0.861,3.6955
39.6626,0.8664,3.7135
39.6628,0.8492,3.6446
39.6630,0.8165,3.5029
39.6632,0.8283,3.5583
39.6634,0.821,3.5269
39.6636,0.812,3.4866
39.6638,0.82,3.5228
39.6640,0.8159,3.5053
39.6642,0.8268,3.5455
39.6644,0.8863,3.8041
39.6646,0.8187,3.5155
39.6648,0.805,3.4568
39.6650,0.8444,3.6273
39.6652,0.8653,3.7106
39.6654,0.8985,3.8548
39.6656,0.8719,3.7406
39.6658,0.9201,3.9474
39.6660,0.8874,3.8069
39.6662,0.8669,3.7207
39.6664,0.8657,3.719
39.6666,0.8073,3.473
39.6668,0.7685,3.2998
39.6670,0.8019,3.4402
39.6672,0.8441,3.6246
39.6674,0.858,3.6844
39.6676,0.8465,3.64
39.6678,0.7525,3.2358
39.6680,0.6956,2.9951
39.6682,0.6693,2.882
39.6684,0.6822,2.9364
39.6686,0.7014,3.0119
39.6688,0.8367,3.591
39.6690,0.932,3.9964
39.6692,0.9471,4.0574
39.6694,0.9429,4.0432
39.6696,0.9334,4.0119
39.6698,0.8783,3.7661
39.6700,0.9308,3.9913
39.6702,0.9308,3.9931
39.6704,0.8918,3.8295
39.6706,0.8622,3.7006
39.6708,0.8995,3.8607
39.6710,0.9357,4.0199
39.6712,0.9277,3.9816
39.6714,0.9294,3.9888
39.6716,0.8924,3.8303
39.6718,0.8875,3.8092
39.6720,0.9445,4.0518
39.6722,0.9316,3.9949
39.6724,0.9562,4.106
39.6726,0.8994,3.862
39.6728,0.9361,4.0177
39.6730,0.9002,3.8674
39.6732,0.8813,3.7825
39.6734,0.9402,4.0314
39.6736,0.9309,3.9918
39.6738,0.9391,4.0324
39.6740,0.9372,4.0204
39.6742,0.9536,4.0947
39.6744,0.8915,3.8298
39.6746,0.8764,3.7684
39.6748,0.8067,3.4672
39.6750,0.7662,3.2961
39.6752,0.7755,3.3348
39.6754,0.8422,3.6198
39.6756,0.8125,3.4936
39.6758,0.9019,3.871
39.6760,0.9632,4.134
39.6762,0.9134,3.924
39.6764,0.8041,3.4591
39.6766,0.7486,3.2188
39.6768,0.7566,3.2548
39.6770,0.8229,3.5351
39.6772,0.8471,3.6477
39.6774,0.7533,3.2439
39.6776,0.7495,3.2244
39.6778,0.7409,3.1858
39.6780,0.7778,3.343
39.6782,0.7192,3.0996
39.6784,0.6607,2.8461
39.6786,0.6694,2.8798
39.6788,0.701,3.0197
39.6790,0.7435,3.1986
39.6792,0.7722,3.3265
39.6794,0.6518,2.8105
39.6796,0.5688,2.455
39.6798,0.5584,2.4078
39.6800,0.5595,2.4113
39.6802,0.5602,2.4166
39.6804,0.5595,2.4158
39.6806,0.5631,2.4302
39.6808,0.5586,2.4099
39.6810,0.5569,2.4027
39.6812,0.5559,2.398
39.6814,0.5569,2.3993
39.6816,0.5589,2.4098
39.6818,0.5578,2.4052
39.6820,0.6145,2.646
39.6822,0.7569,3.2488
39.6824,0.9409,4.0401
39.6826,0.941,4.0444
39.6828,0.7668,3.3033
39.6830,0.6589,2.841
39.6832,0.5511,2.3762
39.6834,0.534,2.3039
39.6836,0.5355,2.3122
39.6838,0.5312,2.2915
39.6840,0.5303,2.2889
39.6842,0.5291,2.2837
39.6844,0.5313,2.2909
39.6846,0.5354,2.3096
39.6848,0.5364,2.3131
39.6850,0.6225,2.6819
39.6852,0.6427,2.7687
39.6854,0.6486,2.794
39.6856,0.644,2.7756
39.6858,0.6348,2.7358
39.6860,0.6254,2.6955
39.6862,0.6415,2.7596
39.6864,0.6763,2.9079
39.6866,0.743,3.1951
39.6868,0.7794,3.3497
39.6870,0.7958,3.4235
39.6872,0.7464,3.211
39.6874,0.7417,3.1938
39.6876,0.6826,2.9393
39.6878,0.6899,2.9694
39.6880,0.6764,2.9111
39.6882,0.6555,2.8239
39.6884,0.6315,2.7206
39.6886,0.6686,2.8816
39.6888,0.6685,2.8797
39.6890,0.6855,2.9489
39.6892,0.662,2.8558
39.6894,0.5472,2.3608
39.6896,0.508,2.1947
39.6898,0.4679,2.0212
39.6900,0.4669,2.0151
39.6902,0.4669,2.017
39.6904,0.4324,1.8696
39.6906,0.4793,2.0656
39.6908,0.5691,2.4549
39.6910,0.5121,2.2082
39.6912,0.5285,2.2822
39.6914,0.4816,2.0778
39.6916,0.5177,2.2273
39.6918,0.647,2.7834
39.6920,0.6747,2.9052
39.6922,0.6764,2.9111
39.6924,0.7006,3.0111
39.6926,0.7632,3.2817
39.6928,0.7887,3.3915
39.6930,0.8123,3.4898
39.6932,0.8478,3.6355
39.6934,0.9336,4.0031
39.6936,0.9374,4.0177
39.6938,1.0189,4.3671
39.6940,1.0509,4.4981
39.6942,1.0687,4.5719
39.6944,1.088,4.661
39.6946,1.0186,4.3717
39.6948,0.9836,4.2116
39.6950,1.0191,4.3636
39.6952,1.0079,4.3239
39.6954,0.9595,4.1142
39.6956,1.0897,4.6595
39.6958,1.1376,4.8714
39.6960,1.0355,4.4339
39.6962,1.0232,4.3856
39.6964,1.0169,4.3625
39.6966,1.0099,4.3306
39.6968,0.9973,4.2826
39.6970,0.877,3.7639
39.6972,0.9,3.87
39.6974,0.8403,3.6065
39.6976,0.9055,3.8937
39.6978,0.801,3.4409
39.6980,0.9007,3.8694
39.6982,0.9053,3.889
39.6984,0.9035,3.8813
39.6986,0.8897,3.8167
39.6988,0.9439,4.0549
39.6990,0.935,4.0186
39.6992,0.8686,3.7366
39.6994,0.7976,3.4296
39.6996,0.7965,3.4218
39.6998,0.8065,3.471
39.7000,0.7705,3.3131
39.7002,0.8326,3.5769
39.7004,0.8819,3.7903
39.7006,0.8674,3.7262
39.7008,0.8327,3.5857
39.7010,0.7151,3.0821
39.7012,0.6621,2.8537
39.7014,0.6728,2.8997
39.7016,0.7176,3.0858
39.7018,0.8015,3.4483
39.7020,0.745,3.2048
39.7022,0.7792,3.3461
39.7024,0.7977,3.4349
39.7026,0.7067,3.0459
39.7028,0.6922,2.9848
39.7030,0.7101,3.0561
39.7032,0.7193,3.0973
39.7034,0.6718,2.8969
39.7036,0.6042,2.6065
39.7038,0.5939,2.562
39.7040,0.6126,2.6402
39.7042,0.5837,2.5204
39.7044,0.5176,2.2382
39.7046,0.5013,2.1647
39.7048,0.5339,2.3034
39.7050,0.5516,2.3794
39.7052,0.5541,2.3914
39.7054,0.5644,2.4336
39.7056,0.5633,2.4278
39.7058,0.5613,2.419
39.7060,0.5669,2.4467
39.7062,0.5659,2.4415
39.7064,0.5626,2.4259
39.7066,0.5647,2.4363
39.7068,0.5586,2.411
39.7070,0.5482,2.3638
39.7072,0.5818,2.5063
39.7074,0.6336,2.7281
39.7076,0.6972,3.0009
39.7078,0.693,2.987
39.7080,0.5806,2.5034
39.7082,0.5187,2.2418
39.7084,0.448,1.9352
39.7086,0.4507,1.9462
39.7088,0.4504,1.9464
39.7090,0.4487,1.9401
39.7092,0.4446,1.9216
39.7094,0.4418,1.9079
39.7096,0.4496,1.9415
39.7098,0.4487,1.9383
39.7100,0.449,1.9398
39.7102,0.4421,1.9107
39.7104,0.4386,1.893
39.7106,0.4487,1.9383
39.7108,0.448,1.9343
39.7110,0.4783,2.0624
39.7112,0.5432,2.3421
39.7114,0.5459,2.354
39.7116,0.5231,2.2599
39.7118,0.4313,1.8623
39.7120,0.4773,2.0592
39.7122,0.5031,2.1694
39.7124,0.5426,2.3363
39.7126,0.5534,2.3827
39.7128,0.624,2.6856
39.7130,0.6167,2.6566
39.7132,0.6242,2.6891
39.7134,0.62,2.6698
39.7136,0.5951,2.5636
39.7138,0.5706,2.4582
39.7140,0.5777,2.4898
39.7142,0.5957,2.5626
39.7144,0.6724,2.8927
39.7146,0.6454,2.7792
39.7148,0.6446,2.7731
39.7150,0.6706,2.8904
39.7152,0.6328,2.7212
39.7154,0.7063,3.033
39.7156,0.781,3.3601
39.7158,0.7132,3.0767
39.7160,0.5575,2.4075
39.7162,0.5598,2.4106
39.7164,0.6171,2.6574
39.7166,0.5887,2.5362
39.7168,0.6186,2.6648
39.7170,0.6265,2.6977
39.7172,0.6175,2.6565
39.7174,0.7328,3.1512
39.7176,0.6785,2.9258
39.7178,0.5551,2.3916
39.7180,0.6016,2.5915
39.7182,0.6354,2.7384
39.7184,0.6102,2.6275
39.7186,0.5916,2.5462
39.7188,0.6266,2.6944
39.7190,0.6173,2.6616
39.7192,0.4917,2.1203
39.7194,0.4958,2.1399
39.7196,0.5222,2.2516
39.7198,0.5911,2.5454
39.7200,0.5978,2.5719
39.7202,0.6418,2.7638
39.7204,0.6354,2.7384
39.7206,0.4987,2.1503
39.7208,0.4673,2.0139
39.7210,0.4685,2.0209
39.7212,0.509,2.1958
39.7214,0.5517,2.3766
39.7216,0.5464,2.3572
39.7218,0.4622,1.995
39.7220,0.4517,1.9494
39.7222,0.449,1.938
39.7224,0.4575,1.9739
39.7226,0.4591,1.9815
39.7228,0.4536,1.9577
39.7230,0.4565,1.971
39.7232,0.4508,1.9467
39.7234,0.4559,1.9666
39.7236,0.4538,1.9569
39.7238,0.4753,2.0504
39.7240,0.4661,2.0097
39.7242,0.5399,2.3206
39.7244,0.634,2.7327
39.7246,0.5259,2.2687
39.7248,0.4936,2.1266
39.7250,0.5815,2.5006
39.7252,0.6699,2.8819
39.7254,0.6775,2.9117
39.7256,0.7171,3.0794
39.7258,0.7392,3.1756
39.7260,0.7911,3.3971
39.7262,0.8351,3.5894
39.7264,0.7647,3.2823
39.7266,0.8038,3.4452
39.7268,0.9059,3.8843
39.7270,0.9128,3.9123
39.7272,0.9571,4.0981
39.7274,0.965,4.1262
39.7276,1.0217,4.3749
39.7278,1.0513,4.4954
39.7280,1.1031,4.7235
39.7282,0.9818,4.2098
39.7284,0.8664,3.7204
39.7286,0.8596,3.6842
39.7288,0.9515,4.0783
39.7290,0.9743,4.1799
39.7292,0.8465,3.6349
39.7294,0.8343,3.5841
39.7296,0.8043,3.4569
39.7298,0.7941,3.4068
39.7300,0.8628,3.6998
39.7302,0.8578,3.6833
39.7304,0.8189,3.5181
39.7306,0.8087,3.4727
39.7308,0.8254,3.546
39.7310,0.7945,3.4194
39.7312,0.7346,3.1575
39.7314,0.783,3.3605
39.7316,0.8704,3.7304
39.7318,0.921,3.9528
39.7320,0.873,3.747
39.7322,0.8868,3.8061
39.7324,0.868,3.7271
39.7326,0.8519,3.6649
39.7328,0.8288,3.5587
39.7330,0.8697,3.7273
39.7332,0.925,3.9703
39.7334,0.8603,3.6941
39.7336,0.8786,3.7694
39.7338,0.9206,3.9494
39.7340,0.9248,3.9674
39.7342,0.9129,3.9165
39.7344,0.9416,4.0357
39.7346,0.9238,3.9689
39.7348,0.8168,3.5072
39.7350,0.8417,3.6126
39.7352,0.9596,4.1147
39.7354,0.9767,4.196
39.7356,0.8382,3.6095
39.7358,0.684,2.9414
39.7360,0.7356,3.1646
39.7362,0.767,3.2997
39.7364,0.7892,3.3936
39.7366,0.7818,3.36
39.7368,0.8298,3.5634
39.7370,0.8587,3.6892
39.7372,0.8578,3.685
39.7374,0.8597,3.695
39.7376,0.8712,3.7392
39.7378,0.917,3.9358
39.7380,0.8884,3.8146
39.7382,0.8559,3.6717
39.7384,0.9334,4.0063
39.7386,0.9189,3.9441
39.7388,0.9296,3.9954
39.7390,0.8372,3.5998
39.7392,0.7257,3.1276
39.7394,0.6685,2.8797
39.7396,0.6577,2.8345
39.7398,0.6501,2.7994
39.7400,0.6749,2.9076
39.7402,0.6815,2.9374
39.7404,0.6916,2.978
39.7406,0.6441,2.7787
39.7408,0.5771,2.493
39.7410,0.4964,2.1434
39.7412,0.4815,2.0764
39.7414,0.5054,2.1802
39.7416,0.5079,2.1901
39.7418,0.5716,2.4658
39.7420,0.5998,2.5861
39.7422,0.5427,2.3411
39.7424,0.5205,2.2485
39.7426,0.508,2.1937
39.7428,0.5065,2.1849
39.7430,0.5092,2.1988
39.7432,0.5101,2.2025
39.7434,0.5097,2.2009
39.7436,0.509,2.1978
39.7438,0.5055,2.1808
39.7440,0.5066,2.1854
39.7442,0.5109,2.2051
39.7444,0.5518,2.3804
39.7446,0.5141,2.218
39.7448,0.5031,2.1714
39.7450,0.5412,2.3306
39.7452,0.6209,2.6759
39.7454,0.5219,2.2527
39.7456,0.5185,2.2387
39.7458,0.5162,2.2258
39.7460,0.5139,2.218
39.7462,0.5198,2.2423
39.7464,0.52,2.2413
39.7466,0.518,2.2325
39.7468,0.5189,2.2387
39.7470,0.5163,2.2273
39.7472,0.5267,2.2734
39.7474,0.5146,2.217
39.7476,0.5493,2.3696
39.7478,0.5048,2.1756
39.7480,0.5549,2.3905
39.7482,0.6089,2.6206
39.7484,0.6224,2.6789
39.7486,0.6322,2.7225
39.7488,0.6426,2.7681
39.7490,0.6267,2.6975
39.7492,0.6218,2.6813
39.7494,0.5487,2.367
39.7496,0.5089,2.1963
39.7498,0.5043,2.1736
39.7500,0.5063,2.1824
39.7502,0.5062,2.1839
39.7504,0.5014,2.1622
39.7506,0.5581,2.4045
39.7508,0.6017,2.5932
39.7510,0.5619,2.416
39.7512,0.6213,2.6767
39.7514,0.5772,2.4878
39.7516,0.5902,2.5401
39.7518,0.6543,2.8175
39.7520,0.6091,2.6228
39.7522,0.6483,2.7929
39.7524,0.611,2.6335
39.7526,0.5923,2.5482
39.7528,0.705,3.0288
39.7530,0.7589,3.2601
39.7532,0.773,3.3209
39.7534,0.7605,3.2703
39.7536,0.7022,3.0235
39.7538,0.6444,2.7707
39.7540,0.708,3.0445
39.7542,0.7432,3.1911
39.7544,0.7348,3.158
39.7546,0.7438,3.1996
39.7548,0.7133,3.0629
39.7550,0.8186,3.5133
39.7552,0.8253,3.5405
39.7554,0.8506,3.6541
39.7556,0.793,3.4069
39.7558,0.7982,3.4258
39.7560,0.8156,3.5005
39.7562,0.806,3.4625
39.7564,0.743,3.1965
39.7566,0.6539,2.8159
39.7568,0.6321,2.7232
39.7570,0.6183,2.6638
39.7572,0.6569,2.8301
39.7574,0.6253,2.6963
39.7576,0.5415,2.3338
39.7578,0.5392,2.3229
39.7580,0.5779,2.4874
39.7582,0.6227,2.6811
39.7584,0.6908,2.9703
39.7586,0.7643,3.2909
39.7588,0.6412,2.7586
39.7590,0.6452,2.7731
39.7592,0.8268,3.5439
39.7594,0.9107,3.9067
39.7596,0.8731,3.7457
39.7598,0.8786,3.7712
39.7600,0.8229,3.5302
39.7602,0.864,3.7049
39.7604,0.8885,3.8169
39.7606,0.8527,3.6583
39.7608,0.8909,3.8183
39.7610,0.9256,3.9729
39.7612,0.8861,3.8031
39.7614,0.8704,3.7304
39.7616,0.9532,4.0836
39.7618,0.9779,4.1933
39.7620,0.9915,4.2534
39.7622,0.9683,4.1464
39.7624,1.0477,4.4821
39.7626,1.0539,4.5214
39.7628,0.9712,4.1587
39.7630,1.0256,4.3898
39.7632,1.0027,4.3058
39.7634,0.8378,3.6074
39.7636,0.6837,2.9439
39.7638,0.6981,3.0031
39.7640,0.7039,3.0298
39.7642,0.706,3.0414
39.7644,0.6918,2.9735
39.7646,0.747,3.2136
39.7648,0.7292,3.1401
39.7650,0.696,2.9971
39.7652,0.7426,3.1915
39.7654,0.7623,3.2811
39.7656,0.708,3.0459
39.7658,0.7301,3.1423
39.7660,0.708,3.0473
39.7662,0.7033,3.0244
39.7664,0.6977,3.0016
39.7666,0.6789,2.9274
39.7668,0.6283,2.7054
39.7670,0.686,2.9524
39.7672,0.7121,3.062
39.7674,0.7361,3.171
39.7676,0.6633,2.8548
39.7678,0.7289,3.1357
39.7680,0.7572,3.2544
39.7682,0.7939,3.4184
39.7684,0.6616,2.8503
39.7686,0.65,2.8015
39.7688,0.608,2.6218
39.7690,0.5878,2.5321
39.7692,0.6404,2.7563
39.7694,0.6838,2.9431
39.7696,0.6874,2.96
39.7698,0.6915,2.972
39.7700,0.759,3.2621
39.7702,0.7832,3.3646
39.7704,0.8057,3.4679
39.7706,0.6963,2.9968
39.7708,0.7001,3.0119
39.7710,0.7426,3.1945
39.7712,0.7035,3.032
39.7714,0.6496,2.7999
39.7716,0.6209,2.6734
39.7718,0.6361,2.7441
39.7720,0.5423,2.3396
39.7722,0.5435,2.3447
39.7724,0.5628,2.4224
39.7726,0.6964,2.9987
39.7728,0.667,2.8695
39.7730,0.721,3.1002
39.7732,0.7858,3.3807
39.7734,0.7797,3.3528
39.7736,0.7667,3.2982
39.7738,0.6892,2.9663
39.7740,0.6391,2.7532
39.7742,0.6187,2.6666
39.7744,0.6318,2.7191
39.7746,0.6854,2.9484
39.7748,0.6971,3.0018
39.7750,0.7462,3.2114
39.7752,0.7565,3.2513
39.7754,0.77,3.3172
39.7756,0.6763,2.9173
39.7758,0.6062,2.608
39.7760,0.6559,2.8202
39.7762,0.7059,3.0352
39.7764,0.7241,3.1165
39.7766,0.6671,2.8714
39.7768,0.6638,2.8622
39.7770,0.6121,2.6394
39.7772,0.6002,2.5858
39.7774,0.5858,2.5238
39.7776,0.6093,2.6263
39.7778,0.5968,2.5684
39.7780,0.6282,2.7087
39.7782,0.5934,2.5611
39.7784,0.4924,2.1254
39.7786,0.5036,2.1745
39.7788,0.4593,1.9825
39.7790,0.4548,1.9638
39.7792,0.4537,1.9573
39.7794,0.4524,1.9534
39.7796,0.452,1.9519
39.7798,0.453,1.956
39.7800,0.4982,2.1472
39.7802,0.5391,2.3245
39.7804,0.5516,2.3783
39.7806,0.5466,2.356
39.7808,0.5541,2.388
39.7810,0.5537,2.3876
39.7812,0.5524,2.3819
39.7814,0.5637,2.4271
39.7816,0.6177,2.66
39.7818,0.6489,2.7916
39.7820,0.6743,2.901
39.7822,0.6185,2.6643
39.7824,0.5866,2.5257
39.7826,0.6484,2.7883
39.7828,0.6475,2.7854
39.7830,0.5995,2.5863
39.7832,0.5446,2.3461
39.7834,0.6012,2.5887
39.7836,0.6904,2.9715
39.7838,0.6396,2.7527
39.7840,0.6581,2.834
39.7842,0.6203,2.6733
39.7844,0.6087,2.6213
39.7846,0.58,2.4997
39.7848,0.5861,2.5248
39.7850,0.6504,2.7991
39.7852,0.741,3.1818
39.7854,0.7264,3.1248
39.7856,0.7043,3.0299
39.7858,0.7482,3.2142
39.7860,0.7849,3.3687
39.7862,0.767,3.2982
39.7864,0.7471,3.2141
39.7866,0.7638,3.2858
39.7868,0.7547,3.2405
39.7870,0.7892,3.392
39.7872,0.7376,3.1689
39.7874,0.7902,3.3914
39.7876,0.83,3.5622
39.7878,0.8134,3.4977
39.7880,0.7452,3.2043
39.7882,0.7718,3.3173
39.7884,0.7616,3.2704
39.7886,0.8261,3.5474
39.7888,0.8362,3.5906
39.7890,0.8355,3.5892
39.7892,0.8078,3.4654
39.7894,0.8247,3.5396
39.7896,0.8459,3.6374
39.7898,0.762,3.2811
39.7900,0.6976,2.9983
39.7902,0.7791,3.344
39.7904,0.8825,3.7859
39.7906,0.8674,3.7228
39.7908,0.8532,3.6603
39.7910,0.8675,3.7216
39.7912,0.8938,3.8378
39.7914,0.9519,4.0856
39.7916,0.9174,3.9319
39.7918,0.9145,3.9195
39.7920,0.998,4.2692
39.7922,1.084,4.6354
39.7924,1.0875,4.6546
39.7926,1.0638,4.553
39.7928,1.1261,4.8311
39.7930,1.0446,4.4729
39.7932,1.0828,4.6389
39.7934,1.0506,4.4944
39.7936,1.142,4.8853
39.7938,1.1489,4.9173
39.7940,1.1583,4.9527
39.7942,1.1252,4.827
39.7944,0.979,4.2058
39.7946,0.9529,4.0821
39.7948,1.1037,4.7172
39.7950,1.2158,5.1964
39.7952,1.2129,5.1889
39.7954,1.1958,5.118
39.7956,1.1897,5.0989
39.7958,1.0999,4.7096
39.7960,1.0675,4.5753
39.7962,1.0625,4.5558
39.7964,1.1009,4.712
39.7966,1.1017,4.7195
39.7968,1.0765,4.6117
39.7970,1.0874,4.6584
39.7972,1.0909,4.6733
39.7974,1.0814,4.6371
39.7976,1.0814,4.6371
39.7978,1.0801,4.6271
39.7980,1.0874,4.6541
39.7982,1.1547,4.935
39.7984,1.1429,4.9008
39.7986,1.0506,4.507
39.7988,1.0589,4.5404
39.7990,1.0452,4.4839
39.7992,1.0503,4.506
39.7994,1.0193,4.3748
39.7996,0.9604,4.1298
39.7998,0.8664,3.7221
39.8000,0.886,3.8061
39.8002,0.9083,3.9073
39.8004,0.8674,3.728
39.8006,0.8827,3.7922
39.8008,0.9115,3.9176
39.8010,0.8947,3.8437
39.8012,0.8977,3.8548
39.8014,0.9205,3.9526
39.8016,0.9972,4.2781
39.8018,1.0188,4.3707
39.8020,0.9826,4.2173
39.8022,0.9669,4.1538
39.8024,0.9863,4.2313
39.8026,1.0387,4.4519
39.8028,1.0457,4.4901
39.8030,0.9029,3.8896
39.8032,0.8255,3.5531
39.8034,0.8715,3.7525
39.8036,0.8177,3.5228
39.8038,0.8083,3.4788
39.8040,0.7945,3.4147
39.8042,0.8597,3.6933
39.8044,0.8484,3.6533
39.8046,0.7999,3.4458
39.8048,0.8312,3.574
39.8050,0.8448,3.6362
39.8052,0.7951,3.4252
39.8054,0.8056,3.469
39.8056,0.823,3.5406
39.8058,0.7983,3.4407
39.8060,0.7183,3.096
39.8062,0.7093,3.0573
39.8064,0.7133,3.0743
39.8066,0.735,3.1708
39.8068,0.6795,2.93
39.8070,0.7607,3.2739
39.8072,0.7561,3.2618
39.8074,0.6263,2.7042
39.8076,0.6253,2.6963
39.8078,0.6537,2.8214
39.8080,0.6452,2.7795
39.8082,0.7675,3.3064
39.8084,0.6665,2.8768
39.8086,0.5833,2.5176
39.8088,0.6488,2.7989
39.8090,0.6159,2.6547
39.8092,0.6397,2.7596
39.8094,0.576,2.4884
39.8096,0.4988,2.1568
39.8098,0.4986,2.1548
39.8100,0.5085,2.1957
39.8102,0.5554,2.3971
39.8104,0.5427,2.3444
39.8106,0.5396,2.3287
39.8108,0.542,2.338
39.8110,0.5598,2.4162
39.8112,0.6689,2.8831
39.8114,0.7203,3.1014
39.8116,0.6909,2.9777
39.8118,0.6698,2.8854
39.8120,0.6906,2.9711
39.8122,0.7506,3.2275
39.8124,0.8217,3.5283
39.8126,0.9264,3.9834
39.8128,0.89,3.8272
39.8130,0.8405,3.6125
39.8132,0.8745,3.7549
39.8134,0.9153,3.9305
39.8136,0.9405,4.0442
39.8138,0.8563,3.6823
39.8140,0.8616,3.7015
39.8142,0.9164,3.9369
39.8144,0.8903,3.8246
39.8146,0.9284,3.9884
39.8148,1.0115,4.3373
39.8150,1.0794,4.6197
39.8152,1.131,4.8431
39.8154,1.1428,4.8911
39.8156,1.1322,4.8483
39.8158,1.1283,4.8336
39.8160,1.1644,4.9952
39.8162,1.0703,4.5957
39.8164,0.9978,4.2827
39.8166,1.0062,4.3187
39.8168,1.0228,4.3918
39.8170,1.0137,4.3526
39.8172,0.9997,4.2929
39.8174,0.9599,4.122
39.8176,0.9774,4.2011
39.8178,0.9598,4.1196
39.8180,1.0776,4.6098
39.8182,1.1989,5.1313
39.8184,1.1712,5.0128
39.8186,1.155,4.955
39.8188,1.1382,4.883
39.8190,1.0577,4.5437
39.8192,0.9306,4.0033
39.8194,0.8792,3.7843
39.8196,0.8778,3.7763
39.8198,0.8736,3.7565
39.8200,0.8699,3.7405
39.8202,0.8681,3.7345
39.8204,0.8628,3.7136
39.8206,0.8688,3.7376
39.8208,0.9086,3.9034
39.8210,0.9405,4.0442
39.8212,0.9442,4.0508
39.8214,1.1078,4.7502
39.8216,1.0453,4.4865
39.8218,1.0675,4.5817
39.8220,1.0609,4.5534
39.8222,1.0477,4.4947
39.8224,1.0227,4.3994
39.8226,0.8602,3.7005
39.8228,0.8146,3.5045
39.8230,0.8644,3.7289
39.8232,0.7071,3.0475
39.8234,0.7827,3.3688
39.8236,0.7906,3.4061
39.8238,0.7902,3.4087
39.8240,0.7203,3.1057
39.8242,0.6737,2.9038
39.8244,0.6998,3.0145
39.8246,0.8364,3.5917
39.8248,0.9915,4.2614
39.8250,0.9906,4.2538
39.8252,0.992,4.2595
39.8254,0.9912,4.2544
39.8256,1.0539,4.5299
39.8258,0.9514,4.0873
39.8260,0.8997,3.8689
39.8262,0.9096,3.9076
39.8264,0.9083,3.911
39.8266,0.8975,3.8537
39.8268,1.0194,4.3774
39.8270,1.0562,4.5333
39.8272,1.0875,4.6654
39.8274,1.1098,4.7589
39.8276,1.1439,4.8981
39.8278,1.2134,5.2007
39.8280,1.3951,5.9569
39.8282,1.4015,5.9846
39.8284,1.4459,6.174
39.8286,1.4758,6.2986
39.8288,1.4599,6.231
39.8290,1.4609,6.238
39.8292,1.4716,6.2836
39.8294,1.4924,6.3667
39.8296,1.5125,6.4551
39.8298,1.4731,6.2902
39.8300,1.4304,6.1051
39.8302,1.4885,6.3617
39.8304,1.4725,6.2906
39.8306,1.4101,6.035
39.8308,1.3296,5.6827
39.8310,1.4931,6.3728
39.8312,1.5651,6.6735
39.8314,1.6268,6.9564
39.8316,1.3779,5.903
39.8318,1.2935,5.5466
39.8320,1.2572,5.3782
39.8322,1.4628,6.2579
39.8324,1.4202,6.0645
39.8326,1.528,6.5125
39.8328,1.5825,6.7603
39.8330,1.524,6.5165
39.8332,1.4813,6.3339
39.8334,1.5237,6.5124
39.8336,1.4695,6.2955
39.8338,1.3651,5.8508
39.8340,1.3349,5.7213
39.8342,1.2638,5.414
39.8344,1.3063,5.5964
39.8346,1.3208,5.6612
39.8348,1.3452,5.7682
39.8350,1.3235,5.6725
39.8352,1.2326,5.2952
39.8354,1.0768,4.6261
39.8356,1.1328,4.8599
39.8358,1.1671,5.0187
39.8360,1.0209,4.3999
39.8362,0.9614,4.132
39.8364,1.1012,4.7285
39.8366,1.1571,4.9707
39.8368,1.1667,5.0096
39.8370,1.2235,5.239
39.8372,1.3244,5.6739
39.8374,1.3593,5.8234
39.8376,1.3483,5.7842
39.8378,1.2643,5.4236
39.8380,1.2545,5.382
39.8382,1.276,5.4792
39.8384,1.2366,5.2999
39.8386,1.2404,5.3238
39.8388,1.1893,5.1093
39.8390,1.181,5.0738
39.8392,1.1885,5.0962
39.8394,1.2803,5.4926
39.8396,1.2301,5.2893
39.8398,1.1462,4.9239
39.8400,1.1261,4.8446
39.8402,1.0596,4.5583
39.8404,1.0656,4.5777
39.8406,1.115,4.7989
39.8408,1.0797,4.6471
39.8410,1.0996,4.7262
39.8412,1.1869,5.0919
39.8414,1.2253,5.254
39.8416,1.2689,5.4437
39.8418,1.2592,5.4071
39.8420,1.2409,5.3283
39.8422,1.2214,5.2473
39.8424,1.2226,5.25
39.8426,1.2319,5.2897
39.8428,1.2391,5.3156
39.8430,1.2529,5.3848
39.8432,1.2465,5.3525
39.8434,1.232,5.2877
39.8436,1.2402,5.3327
39.8438,1.1947,5.1349
39.8440,1.2033,5.172
39.8442,1.1477,4.9306
39.8444,1.1479,4.9247
39.8446,1.2057,5.1967
39.8448,0.9518,4.106
39.8450,0.8875,3.8288
39.8452,0.9406,4.0485
39.8454,1.1561,4.9666
39.8456,1.1794,5.0642
39.8458,1.212,5.2212
39.8460,0.9928,4.2809
39.8462,1.053,4.5278
39.8464,1.0772,4.632
39.8466,1.0892,4.6901
39.8468,1.0423,4.4945
39.8470,1.0213,4.3938
39.8472,1.0458,4.5115
39.8474,0.8874,3.83
39.8476,0.8868,3.8132
39.8478,1.1225,4.8179
39.8480,1.172,5.0492
39.8482,1.0084,4.3481
39.8484,0.847,3.6709
39.8486,0.5498,2.3859
39.8488,0.5309,2.3
39.8490,0.6135,2.6579
39.8492,0.6398,2.7665
39.8494,0.7194,3.1108
39.8496,0.7403,3.1965
39.8498,0.7816,3.3814
39.8500,0.7337,3.168
39.8502,0.8155,3.5146
39.8504,0.9145,3.9451
39.8506,0.8146,3.5192
39.8508,0.791,3.4124
39.8510,0.8556,3.6895
39.8512,0.9197,3.9619
39.8514,1.0145,4.3603
39.8516,1.1177,4.8018
39.8518,1.1523,4.9478
39.8520,1.1707,5.0295
39.8522,1.1446,4.924
39.8524,1.0223,4.4081
39.8526,0.9994,4.3054
39.8528,0.9924,4.2714
39.8530,1.0279,4.4221
39.8532,1.0448,4.5011
39.8534,1.0423,4.484
39.8536,1.045,4.4996
39.8538,0.9887,4.2574
39.8540,0.9808,4.2312
39.8542,0.9056,3.8996
39.8544,0.9687,4.1731
39.8546,0.9849,4.2389
39.8548,1.0272,4.419
39.8550,0.9682,4.173
39.8552,0.9109,3.9278
39.8554,0.9339,4.0271
39.8556,0.8538,3.6954
39.8558,0.6938,2.9984
39.8560,0.6945,3.0029
39.8562,0.676,2.9231
39.8564,0.692,2.9879
39.8566,0.7825,3.3756
39.8568,0.7656,3.3027
39.8570,0.7477,3.2241
39.8572,0.8625,3.7241
39.8574,0.8105,3.4983
39.8576,0.8768,3.7775
39.8578,0.9446,4.0693
39.8580,0.9255,3.9816
39.8582,0.9918,4.2589
39.8584,1.0433,4.4923
39.8586,1.0195,4.3819
39.8588,1.1192,4.8057
39.8590,1.1762,5.0531
39.8592,1.1033,4.7444
39.8594,1.1187,4.8059
39.8596,1.1388,4.8947
39.8598,1.0744,4.6201
39.8600,1.0033,4.3224
39.8602,1.0627,4.559
39.8604,1.2623,5.4154
39.8606,1.2483,5.3477
39.8608,1.3145,5.6313
39.8610,1.235,5.3006
39.8612,1.1768,5.0487
39.8614,1.2319,5.2848
39.8616,1.299,5.5624
39.8618,1.3687,5.8662
39.8620,1.3698,5.8681
39.8622,1.3421,5.7602
39.8624,1.1947,5.1253
39.8626,1.23,5.2815
39.8628,1.1918,5.1225
39.8630,1.2185,5.2296
39.8632,1.2189,5.2243
39.8634,1.2699,5.4504
39.8636,1.1562,4.9718
39.8638,1.123,4.8289
39.8640,1.1573,4.9694
39.8642,1.2174,5.225
39.8644,1.2045,5.1723
39.8646,1.2265,5.2665
39.8648,1.2774,5.4777
39.8650,1.3108,5.6259
39.8652,1.2336,5.2994
39.8654,1.1652,5.0128
39.8656,1.0846,4.6726
39.8658,1.0489,4.5166
39.8660,0.9575,4.127
39.8662,0.976,4.2027
39.8664,1.0593,4.5509
39.8666,1.1456,4.9259
39.8668,1.1133,4.7872
39.8670,1.0593,4.5488
39.8672,1.1918,5.1177
39.8674,1.2188,5.2336
39.8676,1.2292,5.2931
39.8678,1.0123,4.3632
39.8680,0.8933,3.8536
39.8682,0.8918,3.8438
39.8684,1.0002,4.309
39.8686,0.9953,4.2858
39.8688,1.0292,4.4319
39.8690,1.0821,4.6574
39.8692,1.0705,4.6053
39.8694,1.1211,4.8184
39.8696,1.099,4.728
39.8698,1.1352,4.8793
39.8700,1.1726,5.0377
39.8702,1.1718,5.0341
39.8704,1.0948,4.7231
39.8706,0.9761,4.2052
39.8708,1.0043,4.3205
39.8710,1.085,4.6612
39.8712,1.1399,4.9062
39.8714,1.0699,4.607
39.8716,1.064,4.5753
39.8718,1.1798,5.0639
39.8720,1.2318,5.2941
39.8722,1.1512,4.9455
39.8724,1.179,5.0697
39.8726,1.0838,4.6625
39.8728,1.0066,4.3303
39.8730,1.0511,4.5301
39.8732,0.98,4.2217
39.8734,1.0047,4.3281
39.8736,0.9987,4.3063
39.8738,0.9421,4.0641
39.8740,0.9465,4.0757
39.8742,1.0508,4.5207
39.8744,1.1033,4.74
39.8746,1.1262,4.8429
39.8748,1.1165,4.8078
39.8750,1.0857,4.6686
39.8752,1.0325,4.45
39.8754,0.9559,4.1198
39.8756,0.9568,4.1258
39.8758,0.9468,4.0824
39.8760,0.9113,3.9366
39.8762,0.8102,3.5
39.8764,0.8035,3.4726
39.8766,0.7951,3.4347
39.8768,0.8021,3.4621
39.8770,0.8134,3.5123
39.8772,0.8215,3.547
39.8774,0.8344,3.5963
39.8776,0.9922,4.2704
39.8778,1.0158,4.3741
39.8780,0.9238,3.9892
39.8782,0.8116,3.5062
39.8784,0.8198,3.5365
39.8786,0.8091,3.4921
39.8788,0.7862,3.3964
39.8790,0.7761,3.3482
39.8792,0.794,3.4269
39.8794,0.8091,3.4921
39.8796,0.8194,3.5382
39.8798,0.7767,3.3524
39.8800,0.7844,3.3871
39.8802,0.8029,3.4636
39.8804,0.7891,3.4057
39.8806,0.7898,3.4104
39.8808,0.8509,3.6608
39.8810,0.9958,4.2879
39.8812,0.9661,4.1618
39.8814,0.989,4.2624
39.8816,0.8917,3.8469
39.8818,0.7947,3.43
39.8820,0.7785,3.3617
39.8822,0.791,3.4155
39.8824,0.774,3.3405
39.8826,0.7977,3.4477
39.8828,0.7879,3.3958
39.8830,0.8411,3.6269
39.8832,0.8498,3.6658
39.8834,0.8525,3.676
39.8836,0.8257,3.5602
39.8838,0.8229,3.5549
39.8840,0.8159,3.52
39.8842,0.9114,3.9208
39.8844,1.0137,4.3587
39.8846,1.0505,4.5191
39.8848,1.0385,4.4675
39.8850,0.9936,4.2746
39.8852,1.0131,4.3582
39.8854,1.0199,4.3896
39.8856,1.0518,4.5227
39.8858,1.0254,4.4051
39.8860,1.0099,4.3448
39.8862,1.0026,4.3133
39.8864,1.0687,4.5932
39.8866,1.0815,4.6462
39.8868,1.0277,4.4273
39.8870,0.9261,3.9916
39.8872,0.8932,3.8584
39.8874,0.7711,3.3142
39.8876,1.026,4.4139
39.8878,1.0737,4.6192
39.8880,0.9849,4.2507
39.8882,0.826,3.5651
39.8884,0.7048,3.0517
39.8886,0.6385,2.7633
39.8888,0.6427,2.7789
39.8890,0.6192,2.6773
39.8892,0.6277,2.7141
39.8894,0.6492,2.8056
39.8896,0.6845,2.9517
39.8898,0.7729,3.3358
39.8900,0.7372,3.1816
39.8902,0.7735,3.343
39.8904,0.8175,3.5267
39.8906,0.7633,3.2883
39.8908,0.8908,3.8356
39.8910,0.9108,3.9182
39.8912,1.0192,4.3845
39.8914,1.0152,4.3695
39.8916,1.0236,4.3954
39.8918,1.1766,5.0453
39.8920,1.194,5.127
39.8922,1.2338,5.2807
39.8924,1.3465,5.7631
39.8926,1.3724,5.8657
39.8928,1.4453,6.1801
39.8930,1.373,5.8874
39.8932,1.2758,5.4756
39.8934,1.2161,5.2144
39.8936,1.2513,5.3581
39.8938,1.356,5.8036
39.8940,1.4393,6.1516
39.8942,1.4113,6.0373
39.8944,1.2623,5.4053
39.8946,1.3792,5.9004
39.8948,1.4302,6.1241
39.8950,1.4247,6.0948
39.8952,1.4466,6.1916
39.8954,1.3863,5.9362
39.8956,1.3523,5.7985
39.8958,1.2491,5.3663
39.8960,1.2366,5.3024
39.8962,1.3186,5.654
39.8964,1.283,5.5065
39.8966,1.2319,5.2848
39.8968,1.215,5.2171
39.8970,1.2025,5.1636
39.8972,1.2571,5.3953
39.8974,1.3074,5.6062
39.8976,1.2513,5.3756
39.8978,1.1336,4.8788
39.8980,1.0529,4.5294
39.8982,1.0355,4.4526
39.8984,1.0441,4.4918
39.8986,1.0525,4.5279
39.8988,1.0748,4.6217
39.8990,1.0915,4.6933
39.8992,1.0559,4.5402
39.8994,1.0689,4.5964
39.8996,1.0729,4.6177
39.8998,1.0635,4.5732
39.9000,1.0762,4.6322
39.9002,1.0483,4.5161
39.9004,1.0345,4.4588
39.9006,1.0197,4.3886
39.9008,1.0662,4.5952
39.9010,0.9326,4.0195
39.9012,0.9468,4.0786
39.9014,0.9138,3.942
39.9016,0.9059,3.9097
39.9018,0.8926,3.8433
39.9020,0.9831,4.241
39.9022,0.9089,3.9208
39.9024,0.8749,3.7744
39.9026,0.8698,3.7487
39.9028,0.8874,3.8265
39.9030,0.8893,3.8365
39.9032,0.9103,3.9325
39.9034,0.8145,3.5154
39.9036,0.7848,3.3886
39.9038,0.7977,3.4381
39.9040,0.9756,4.2031
39.9042,0.9697,4.1811
39.9044,0.8617,3.7193
39.9046,0.8523,3.6767
39.9048,0.8577,3.7017
39.9050,0.8886,3.8334
39.9052,0.873,3.7627
39.9054,0.874,3.7703
39.9056,0.8098,3.4952
39.9058,0.7981,3.4477
39.9060,0.7284,3.1482
39.9062,0.7716,3.3332
39.9064,0.7426,3.2049
39.9066,0.7215,3.1196
39.9068,0.6924,2.9927
39.9070,0.7036,3.0395
39.9072,0.774,3.342
39.9074,0.7388,3.1903
39.9076,0.7212,3.1142
39.9078,0.7199,3.1114
39.9080,0.7357,3.1783
39.9082,0.7472,3.228
39.9084,0.7183,3.1018
39.9086,0.7048,3.0447
39.9088,0.7215,3.1181
39.9090,0.7343,3.1721
39.9092,0.6993,3.0209
39.9094,0.7007,3.0299
39.9096,0.6998,3.0215
39.9098,0.7621,3.2923
39.9100,0.7319,3.1588
39.9102,0.7019,3.0323
39.9104,0.7004,3.0227
39.9106,0.7307,3.1507
39.9108,0.7879,3.4021
39.9110,0.765,3.3001
39.9112,0.8406,3.6198
39.9114,0.8849,3.8156
39.9116,0.8333,3.5916
39.9118,0.8617,3.7072
39.9120,0.9248,3.9841
39.9122,0.8874,3.8211
39.9124,0.8669,3.7398
39.9126,0.7978,3.4418
39.9128,0.8253,3.552
39.9130,0.8848,3.808
39.9132,0.8815,3.7958
39.9134,0.8498,3.6607
39.9136,0.9199,3.9592
39.9138,0.914,3.9376
39.9140,0.9273,3.9931
39.9142,0.8887,3.8286
39.9144,0.8977,3.8655
39.9146,0.9651,4.1499
39.9148,1.0186,4.39
39.9150,0.8,3.4512
39.9152,0.794,3.4253
39.9154,0.8049,3.4708
39.9156,0.7873,3.39
39.9158,0.9278,3.9951
39.9160,0.9197,3.9619
39.9162,0.9246,3.9849
39.9164,0.8629,3.7193
39.9166,0.7923,3.4181
39.9168,0.7655,3.3022
39.9170,0.7803,3.3648
39.9172,0.8199,3.5305
39.9174,0.9336,4.0124
39.9176,1.0646,4.5693
39.9178,1.0954,4.7082
39.9180,0.974,4.1959
39.9182,0.8718,3.7593
39.9184,0.856,3.6876
39.9186,0.8774,3.7818
39.9188,0.8695,3.7477
39.9190,0.8645,3.726
39.9192,0.8524,3.6738
39.9194,0.8315,3.5872
39.9196,0.837,3.606
39.9198,0.8499,3.6578
39.9200,0.8211,3.5406
39.9202,0.8137,3.5101
39.9204,0.8712,3.7462
39.9206,0.9681,4.1628
39.9208,0.941,4.0482
39.9210,0.9234,3.9797
39.9212,0.8633,3.726
39.9214,0.6929,2.9948
39.9216,0.6318,2.7318
39.9218,0.6037,2.6104
39.9220,0.6267,2.7062
39.9222,0.6536,2.8209
39.9224,0.6658,2.879
39.9226,0.6645,2.8693
39.9228,0.7426,3.2034
39.9230,0.7712,3.3239
39.9232,0.7548,3.2562
39.9234,0.7867,3.3922
39.9236,0.8108,3.4912
39.9238,0.8838,3.7968
39.9240,1.023,4.3969
39.9242,1.0531,4.5262
39.9244,1.0456,4.4833
39.9246,1.1211,4.814
39.9248,1.1164,4.7916
39.9250,1.1791,5.0514
39.9252,1.2321,5.2833
39.9254,1.226,5.2571
39.9256,1.2617,5.3952
39.9258,1.2807,5.4813
39.9260,1.2635,5.413
39.9262,1.2873,5.525
39.9264,1.177,5.0515
39.9266,1.147,4.9229
39.9268,1.1459,4.9182
39.9270,1.1444,4.9093
39.9272,1.2019,5.1514
39.9274,1.1511,4.9358
39.9276,1.1964,5.1205
39.9278,1.2089,5.1884
39.9280,1.2248,5.2544
39.9282,1.2244,5.248
39.9284,1.2794,5.4705
39.9286,1.3143,5.6329
39.9288,1.2212,5.2317
39.9290,1.2097,5.1944
39.9292,1.1434,4.9189
39.9294,1.0268,4.4113
39.9296,1.096,4.7064
39.9298,1.1753,5.049
39.9300,1.1131,4.7795
39.9302,1.0719,4.6093
39.9304,1.1469,4.9201
39.9306,1.1868,5.1008
39.9308,1.0747,4.6255
39.9310,1.0001,4.2985
39.9312,1.1157,4.793
39.9314,1.1362,4.8766
39.9316,1.0872,4.6726
39.9318,1.0697,4.5931
39.9320,1.076,4.6247
39.9322,1.097,4.7192
39.9324,1.0737,4.6127
39.9326,1.1368,4.8814
39.9328,1.1411,4.9045
39.9330,1.1426,4.9061
39.9332,1.1029,4.7401
39.9334,1.0589,4.5489
39.9336,1.1021,4.7326
39.9338,1.1003,4.7271
39.9340,1.1098,4.77
39.9342,1.0703,4.5978
39.9344,1.1199,4.8111
39.9346,1.0544,4.5298
39.9348,1.0645,4.5773
39.9350,1.0728,4.6086
39.9352,1.0427,4.4898
39.9354,0.9203,3.9626
39.9356,0.9258,3.9882
39.9358,0.9392,4.0498
39.9360,0.9043,3.8976
39.9362,0.8783,3.7872
39.9364,0.8695,3.7477
39.9366,0.8704,3.753
39.9368,0.8818,3.8039
39.9370,0.9128,3.9306
39.9372,0.9023,3.8906
39.9374,0.7862,3.3932
39.9376,0.7869,3.3964
39.9378,0.7989,3.4449
39.9380,0.8416,3.629
39.9382,0.8294,3.5795
39.9384,0.752,3.2503
39.9386,0.6734,2.9103
39.9388,0.6993,3.0209
39.9390,0.6536,2.8261
39.9392,0.6273,2.7138
39.9394,0.6197,2.6806
39.9396,0.6108,2.6423
39.9398,0.6326,2.7367
39.9400,0.6424,2.7779
39.9402,0.6269,2.7067
39.9404,0.7607,3.2845
39.9406,0.7041,3.0458
39.9408,0.6342,2.7383
39.9410,0.6373,2.7543
39.9412,0.6212,2.6874
39.9414,0.6156,2.6605
39.9416,0.6189,2.6775
39.9418,0.6218,2.6875
39.9420,0.6198,2.6787
39.9422,0.6203,2.6783
39.9424,0.6159,2.6633
39.9426,0.615,2.6579
39.9428,0.6215,2.6859
39.9430,0.6279,2.7127
39.9432,0.6195,2.6801
39.9434,0.6141,2.6555
39.9436,0.6211,2.6782
39.9438,0.774,3.3343
39.9440,0.7828,3.3772
39.9442,0.8018,3.4541
39.9444,0.7681,3.3166
39.9446,0.674,2.9129
39.9448,0.6554,2.8339
39.9450,0.5916,2.5569
39.9452,0.6137,2.651
39.9454,0.6453,2.7865
39.9456,0.6563,2.8328
39.9458,0.6494,2.8041
39.9460,0.6487,2.801
39.9462,0.6343,2.7401
39.9464,0.5649,2.4447
39.9466,0.5625,2.431
39.9468,0.5903,2.55
39.9470,0.618,2.6647
39.9472,0.6795,2.9367
39.9474,0.6583,2.8371
39.9476,0.7007,3.0229
39.9478,0.6921,2.987
39.9480,0.6966,3.0122
39.9482,0.5936,2.5657
39.9484,0.5657,2.445
39.9486,0.5571,2.4065
39.9488,0.6111,2.6414
39.9490,0.6035,2.6022
39.9492,0.6759,2.9158
39.9494,0.6941,2.9944
39.9496,0.6828,2.9458
39.9498,0.7071,3.0489
39.9500,0.7319,3.1603
39.9502,0.6187,2.6728
39.9504,0.6327,2.7283
39.9506,0.7114,3.0618
39.9508,0.8098,3.4887
39.9510,0.7936,3.4174
39.9512,0.7364,3.1726
39.9514,0.7163,3.0872
39.9516,0.7574,3.263
39.9518,0.8042,3.4644
39.9520,0.8031,3.4534
39.9522,0.8181,3.5227
39.9524,0.8336,3.5893
39.9526,0.8201,3.5315
39.9528,0.7456,3.2163
39.9530,0.7228,3.118
39.9532,0.6908,2.9799
39.9534,0.6959,2.9994
39.9536,0.7313,3.1518
39.9538,0.7476,3.2176
39.9540,0.7762,3.3425
39.9542,0.7502,3.2365
39.9544,0.6285,2.7152
39.9546,0.6044,2.6099
39.9548,0.7037,3.0344
39.9550,0.7018,3.0261
39.9552,0.6518,2.817
39.9554,0.5831,2.5201
39.9556,0.5903,2.5477
39.9558,0.5846,2.5245
39.9560,0.5269,2.2781
39.9562,0.5144,2.2232
39.9564,0.5716,2.4681
39.9566,0.6167,2.6615
39.9568,0.5978,2.5767
39.9570,0.7295,3.1368
39.9572,0.8215,3.5355
39.9574,0.803,3.4593
39.9576,0.7457,3.2153
39.9578,0.6942,2.9935
39.9580,0.7466,3.2165
39.9582,0.7844,3.3745
39.9584,0.8822,3.7831
39.9586,0.9785,4.2018
39.9588,0.9825,4.2207
39.9590,0.9086,3.9016
39.9592,0.9249,3.9735
39.9594,0.9681,4.157
39.9596,1.0125,4.3414
39.9598,1.0264,4.4052
39.9600,1.0144,4.3537
39.9602,1.0521,4.5137
39.9604,1.0613,4.5486
39.9606,1.0566,4.5349
39.9608,1.0199,4.3692
39.9610,1.1047,4.7368
39.9612,1.0942,4.6964
39.9614,0.9936,4.2667
39.9616,1.0097,4.3316
39.9618,1.0219,4.3923
39.9620,0.9093,3.912
39.9622,0.8896,3.8269
39.9624,0.889,3.8207
39.9626,0.8939,3.8437
39.9628,0.8898,3.8297
39.9630,0.8863,3.8076
39.9632,0.9422,4.0552
39.9634,0.8224,3.5413
39.9636,0.8279,3.5601
39.9638,0.8892,3.8182
39.9640,0.9579,4.1247
39.9642,0.8456,3.6426
39.9644,0.7631,3.2888
39.9646,0.7422,3.1974
39.9648,0.7729,3.3296
39.9650,0.7622,3.2821
39.9652,0.7129,3.0713
39.9654,0.7457,3.2139
39.9656,0.7312,3.1528
39.9658,0.7462,3.2144
39.9660,0.7844,3.3776
39.9662,0.8092,3.4845
39.9664,0.7801,3.3575
39.9666,0.8001,3.4405
39.9668,0.8245,3.5484
39.9670,0.7989,3.4417
39.9672,0.7838,3.3782
39.9674,0.7759,3.3425
39.9676,0.7486,3.2248
39.9678,0.7137,3.0802
39.9680,0.6639,2.8641
39.9682,0.6668,2.8765
39.9684,0.6748,2.9111
39.9686,0.6587,2.8445
39.9688,0.6432,2.7759
39.9690,0.6483,2.7955
39.9692,0.6481,2.7958
39.9694,0.6609,2.8551
39.9696,0.5813,2.51
39.9698,0.5634,2.4317
39.9700,0.5579,2.4102
39.9702,0.5519,2.3821
39.9704,0.6669,2.8743
39.9706,0.7453,3.2123
39.9708,0.7156,3.087
39.9710,0.6522,2.8134
39.9712,0.6831,2.9455
39.9714,0.7023,3.024
39.9716,0.7268,3.1313
39.9718,0.7005,3.0204
39.9720,0.6816,2.9393
39.9722,0.7001,3.0203
39.9724,0.7105,3.0653
39.9726,0.6412,2.7676
39.9728,0.6153,2.6521
39.9730,0.6649,2.8669
39.9732,0.6249,2.696
39.9734,0.5685,2.4546
39.9736,0.617,2.6606
39.9738,0.687,2.9625
39.9740,0.6577,2.8372
39.9742,0.6087,2.6273
39.9744,0.6005,2.5916
39.9746,0.633,2.7293
39.9748,0.6204,2.6713
39.9750,0.6786,2.9236
39.9752,0.7246,3.1229
39.9754,0.7336,3.1631
39.9756,0.7062,3.0452
39.9758,0.5966,2.5763
39.9760,0.5343,2.3049
39.9762,0.5477,2.365
39.9764,0.4874,2.1075
39.9766,0.4881,2.1087
39.9768,0.5176,2.2382
39.9770,0.4854,2.0987
39.9772,0.4721,2.0393
39.9774,0.4707,2.0345
39.9776,0.4752,2.0528
39.9778,0.4777,2.0646
39.9780,0.4733,2.0445
39.9782,0.4777,2.0617
39.9784,0.5261,2.2729
39.9786,0.4954,2.1423
39.9788,0.4869,2.1045
39.9790,0.4856,2.0978
39.9792,0.4821,2.0828
39.9794,0.483,2.0855
39.9796,0.486,2.0994
39.9798,0.4849,2.0937
39.9800,0.477,2.0596
39.9802,0.4707,2.0345
39.9804,0.499,2.1548
39.9806,0.5571,2.3998
39.9808,0.6212,2.6799
39.9810,0.6161,2.6565
39.9812,0.6213,2.6792
39.9814,0.5836,2.5175
39.9816,0.5254,2.2677
39.9818,0.5113,2.2036
39.9820,0.5532,2.3844
39.9822,0.5941,2.5642
39.9824,0.5336,2.3039
39.9826,0.5151,2.2232
39.9828,0.5199,2.2428
39.9830,0.5138,2.2154
39.9832,0.5198,2.2423
39.9834,0.5689,2.4544
39.9836,0.6098,2.6283
39.9838,0.6668,2.8711
39.9840,0.7328,3.1498
39.9842,0.7863,3.3796
39.9844,0.7856,3.3749
39.9846,0.7573,3.264
39.9848,0.6339,2.7322
39.9850,0.6183,2.6663
39.9852,0.6152,2.6516
39.9854,0.5627,2.4275
39.9856,0.5318,2.2972
39.9858,0.517,2.2273
39.9860,0.5634,2.4295
39.9862,0.5194,2.2397
39.9864,0.517,2.2294
39.9866,0.5257,2.2656
39.9868,0.5586,2.4099
39.9870,0.5108,2.2056
39.9872,0.509,2.1968
39.9874,0.5125,2.2128
39.9876,0.4805,2.0717
39.9878,0.5622,2.4299
39.9880,0.4493,1.9418
39.9882,0.439,1.8954
39.9884,0.4499,1.9435
39.9886,0.4297,1.8564
39.9888,0.424,1.8316
39.9890,0.4495,1.9392
39.9892,0.5078,2.1906
39.9894,0.5528,2.3813
39.9896,0.5728,2.4687
39.9898,0.5562,2.3962
39.9900,0.6,2.5848
39.9902,0.681,2.9258
39.9904,0.7963,3.4224
39.9906,0.7849,3.3703
39.9908,0.8235,3.5377
39.9910,0.8604,3.6895
39.9912,0.9213,3.9525
39.9914,0.8809,3.7827
39.9916,0.8603,3.6924
39.9918,0.8573,3.683
39.9920,0.8918,3.8242
39.9922,0.9896,4.2373
39.9924,0.9732,4.1713
39.9926,1.0043,4.3004
39.9928,1.0279,4.4077
39.9930,0.9115,3.9067
39.9932,0.9617,4.1143
39.9934,1.0568,4.5211
39.9936,1.1409,4.8829
39.9938,1.1313,4.8464
39.9940,1.0406,4.4643
39.9942,0.9159,3.933
39.9944,0.912,3.9106
39.9946,0.9611,4.1252
39.9948,0.9426,4.0454
39.9950,0.906,3.8903
39.9952,0.9101,3.9042
39.9954,0.9783,4.1988
39.9956,0.8875,3.811
39.9958,0.8613,3.6965
39.9960,0.9235,3.9581
39.9962,1.0043,4.3065
39.9964,1.0079,4.3239
39.9966,0.9488,4.0722
39.9968,1.0027,4.3018
39.9970,1.0356,4.4344
39.9972,1.0508,4.4996
39.9974,1.0661,4.5648
39.9976,1.0248,4.3964
39.9978,0.9164,3.9369
39.9980,0.8464,3.6361
39.9982,0.8459,3.634
39.9984,0.918,3.9381
39.9986,0.9334,4.0119
39.9988,0.8639,3.713
39.9990,0.8844,3.7994
39.9992,0.8821,3.7843
39.9994,0.8849,3.8103
39.9996,0.747,3.218
39.9998,0.7565,3.2513
40.0000,0.8147,3.505
40.0002,0.744,3.2051
40.0004,0.6928,2.979
40.0006,0.7676,3.3069
40.0008,0.7138,3.0735
40.0010,0.758,3.2595
40.0012,0.8432,3.6239
40.0014,0.8784,3.7824
40.0016,0.7882,3.3894
40.0018,0.8242,3.5425
40.0020,0.8736,3.7583
40.0022,0.8273,3.5575
40.0024,0.8755,3.7648
40.0026,0.8344,3.5913
40.0028,0.7706,3.3213
40.0030,0.7267,3.1322
40.0032,0.7409,3.1843
40.0034,0.8484,3.6466
40.0036,0.8432,3.6289
40.0038,0.7633,3.2837
40.0040,0.7385,3.1784
40.0042,0.7289,3.1386
40.0044,0.7375,3.1758
40.0046,0.6911,2.9815
40.0048,0.6028,2.6003
40.0050,0.5822,2.513
40.0052,0.5164,2.232
40.0054,0.5074,2.1921
40.0056,0.5089,2.1983
40.0058,0.4974,2.1486
40.0060,0.5275,2.2786
40.0062,0.5565,2.4028
40.0064,0.5555,2.3965
40.0066,0.5665,2.4441
40.0068,0.5538,2.3892
40.0070,0.6185,2.6656
40.0072,0.6453,2.78
40.0074,0.6043,2.607
40.0076,0.5563,2.4023
40.0078,0.5477,2.365
40.0080,0.5417,2.3381
40.0082,0.5441,2.3462
40.0084,0.5748,2.4763
40.0086,0.6273,2.7076
40.0088,0.5701,2.4596
40.0090,0.5655,2.4371
40.0092,0.5561,2.3979
40.0094,0.6151,2.6511
40.0096,0.6014,2.5934
40.0098,0.5541,2.3858
40.0100,0.6591,2.8381
40.0102,0.6468,2.7888
40.0104,0.5935,2.5592
40.0106,0.5921,2.5495
40.0108,0.6508,2.8038
40.0110,0.6583,2.8358
40.0112,0.679,2.9211
40.0114,0.7366,3.1657
40.0116,0.7774,3.3461
40.0118,0.7595,3.2672
40.0120,0.7722,3.3188
40.0122,0.7713,3.3152
40.0124,0.7656,3.2981
40.0126,0.741,3.1863
40.0128,0.8181,3.5162
40.0130,0.824,3.5431
40.0132,0.8388,3.602
40.0134,0.8447,3.6272
40.0136,0.8066,3.4683
40.0138,0.8019,3.445
40.0140,0.8471,3.6426
40.0142,0.8414,3.6162
40.0144,0.8134,3.4993
40.0146,0.7091,3.0591
40.0148,0.6096,2.6237
40.0150,0.6902,2.9691
40.0152,0.7628,3.2801
40.0154,0.7712,3.3193
40.0156,0.7499,3.2259
40.0158,0.7346,3.1634
40.0160,0.6615,2.8498
40.0162,0.6472,2.7883
40.0164,0.659,2.8336
40.0166,0.8095,3.4726
40.0168,0.9645,4.13
40.0170,1.0033,4.2963
40.0172,0.9344,4.0161
40.0174,0.755,3.2511
40.0176,0.7258,3.1281
40.0178,0.6963,2.9982
40.0180,0.7212,3.1041
40.0182,0.7035,3.0291
40.0184,0.7074,3.0476
40.0186,0.7192,3.0925
40.0188,0.8073,3.4649
40.0190,0.8842,3.8001
40.0192,0.7574,3.2645
40.0194,0.6541,2.8177
40.0196,0.652,2.8142
40.0198,0.5595,2.4102
40.0200,0.6818,2.937
40.0202,0.6348,2.7371
40.0204,0.5933,2.5618
40.0206,0.4616,1.997
40.0208,0.411,1.7773
40.0210,0.4029,1.7404
40.0212,0.406,1.7539
40.0214,0.4116,1.7799
40.0216,0.4299,1.8561
40.0218,0.4629,2.0008
40.0220,0.4144,1.7901
40.0222,0.4134,1.786
40.0224,0.4357,1.8823
40.0226,0.4722,2.0389
40.0228,0.5404,2.3291
40.0230,0.5542,2.3908
40.0232,0.5197,2.2408
40.0234,0.6114,2.6338
40.0236,0.6551,2.8145
40.0238,0.7579,3.259
40.0240,0.744,3.1962
40.0242,0.7966,3.4223
40.0244,0.8216,3.5328
40.0246,0.7304,3.1453
40.0248,0.7096,3.0441
40.0250,0.8748,3.7529
40.0252,0.9047,3.8828
40.0254,0.8868,3.8044
40.0256,0.9332,3.9978
40.0258,0.9758,4.1802
40.0260,1.0047,4.308
40.0262,0.9911,4.2558
40.0264,0.9499,4.0749
40.0266,0.9109,3.9041
40.0268,0.9123,3.9158
40.0270,0.8948,3.846
40.0272,0.8181,3.5145
40.0274,0.8647,3.7184
40.0276,0.8102,3.4838
40.0278,0.7739,3.326
40.0280,0.7808,3.3575
40.0282,0.814,3.4954
40.0284,0.8964,3.8437
40.0286,0.9491,4.0681
40.0288,0.9872,4.229
40.0290,1.0508,4.5059
40.0292,1.0192,4.3784
40.0294,0.9723,4.1692
40.0296,1.0049,4.305
40.0298,1.0037,4.3019
40.0300,0.9897,4.2437
40.0302,0.9518,4.0813
40.0304,0.9386,4.0266
40.0306,0.9568,4.1086
40.0308,0.9545,4.0988
40.0310,0.9633,4.1325
40.0312,0.9898,4.2343
40.0314,1.1453,4.8973
40.0316,1.0806,4.6291
40.0318,1.0603,4.5466
40.0320,1.0191,4.3799
40.0322,0.8671,3.7322
40.0324,0.811,3.4874
40.0326,0.8222,3.5337
40.0328,0.8361,3.5918
40.0330,0.8496,3.6534
40.0332,0.864,3.7084
40.0334,0.9911,4.2539
40.0336,0.9928,4.2631
40.0338,0.95,4.0812
40.0340,0.8351,3.5977
40.0342,0.6685,2.8824
40.0344,0.6402,2.7617
40.0346,0.6671,2.87
40.0348,0.7243,3.1175
40.0350,0.7637,3.2837
40.0352,0.8286,3.5615
40.0354,0.8704,3.7426
40.0356,0.8507,3.6563
40.0358,0.8959,3.8453
40.0360,0.8784,3.7754
40.0362,0.8807,3.7922
40.0364,0.7688,3.3059
40.0366,0.7664,3.3017
40.0368,0.7356,3.1675
40.0370,0.7393,3.185
40.0372,0.7135,3.0754
40.0374,0.6933,2.9866
40.0376,0.7008,3.0178
40.0378,0.6103,2.6365
40.0380,0.5292,2.2853
40.0382,0.5225,2.2574
40.0384,0.5291,2.2858
40.0386,0.5569,2.4049
40.0388,0.485,2.0981
40.0390,0.4737,2.0484
40.0392,0.4735,2.0474
40.0394,0.4476,1.9309
40.0396,0.5001,2.1595
40.0398,0.488,2.1092
40.0400,0.4855,2.0963
40.0402,0.4851,2.0957
40.0404,0.4993,2.1579
40.0406,0.4942,2.1361
40.0408,0.4785,2.0663
40.0410,0.4664,2.0159
40.0412,0.4614,1.9941
40.0414,0.4723,2.0384
40.0416,0.506,2.1828
40.0418,0.5573,2.4031
40.0420,0.6435,2.771
40.0422,0.6477,2.7929
40.0424,0.5583,2.4106
40.0426,0.4922,2.1253
40.0428,0.4796,2.071
40.0430,0.4699,2.029
40.0432,0.4886,2.1069
40.0434,0.6149,2.6488
40.0436,0.6167,2.6578
40.0438,0.581,2.5043
40.0440,0.6125,2.6422
40.0442,0.5834,2.5158
40.0444,0.559,2.4115
40.0446,0.482,2.0813
40.0448,0.4627,1.9961
40.0450,0.4891,2.1128
40.0452,0.4609,1.9893
40.0454,0.4952,2.1383
40.0456,0.499,2.1578
40.0458,0.4717,2.0358
40.0460,0.4683,2.0204
40.0462,0.4619,1.9934
40.0464,0.4717,2.0368
40.0466,0.4605,1.9886
40.0468,0.4522,1.9524
40.0470,0.4629,1.999
40.0472,0.5259,2.2677
40.0474,0.5992,2.5812
40.0476,0.6441,2.7697
40.0478,0.6578,2.8351
40.0480,0.5645,2.4375
40.0482,0.4833,2.0831
40.0484,0.5665,2.4384
40.0486,0.5956,2.5657
40.0488,0.5818,2.5063
40.0490,0.5936,2.5538
40.0492,0.6387,2.7491
40.0494,0.6193,2.6679
40.0496,0.5998,2.5837
40.0498,0.5944,2.5593
40.0500,0.6372,2.7398
40.0502,0.6818,2.9316
40.0504,0.7715,3.3157
40.0506,0.8328,3.5796
40.0508,0.7593,3.2621
40.0510,0.778,3.3456
40.0512,0.7436,3.1961
40.0514,0.7746,3.3276
40.0516,0.7912,3.4023
40.0518,0.7674,3.292
40.0520,0.8639,3.7148
40.0522,0.831,3.5801
40.0524,0.6703,2.8875
40.0526,0.6023,2.5958
40.0528,0.603,2.5989
40.0530,0.6615,2.8405
40.0532,0.8047,3.452
40.0534,0.8364,3.59
40.0536,0.8219,3.5327
40.0538,0.7796,3.3585
40.0540,0.685,2.9441
40.0542,0.7656,3.2905
40.0544,0.6882,2.9718
40.0546,0.4807,2.0766
40.0548,0.4432,1.91
40.0550,0.4805,2.0746
40.0552,0.4215,1.8207
40.0554,0.4757,2.052
40.0556,0.5254,2.2645
40.0558,0.5398,2.3222
40.0560,0.633,2.7268
40.0562,0.6802,2.9249
40.0564,0.735,3.1635
40.0566,0.647,2.7834
40.0568,0.6512,2.7975
40.0570,0.7327,3.1507
40.0572,0.7001,3.0147
40.0574,0.6993,3.0069
40.0576,0.803,3.4448
40.0578,0.8291,3.5619
40.0580,0.8291,3.5553
40.0582,0.9361,4.0158
40.0584,0.8926,3.8273
40.0586,0.9722,4.1648
40.0588,0.9948,4.2599
40.0590,1.0232,4.3877
40.0592,0.9887,4.2376
40.0594,0.9695,4.1535
40.0596,0.9651,4.1383
40.0598,0.9222,3.9598
40.0600,0.8839,3.7973
40.0602,0.8878,3.8085
40.0604,0.9252,3.969
40.0606,0.9314,3.9994
40.0608,0.8957,3.846
40.0610,0.9137,3.9141
40.0612,0.9842,4.224
40.0614,0.908,3.9009
40.0616,0.8905,3.8257
40.0618,0.8827,3.7886
40.0620,0.8944,3.8368
40.0622,0.9388,4.0332
40.0624,0.9062,3.8913
40.0626,0.8969,3.8494
40.0628,0.8569,3.678
40.0630,0.8557,3.6763
40.0632,0.8325,3.5764
40.0634,0.8472,3.638
40.0636,0.8665,3.7174
40.0638,0.8903,3.8264
40.0640,0.8237,3.5371
40.0642,0.8436,3.6243
40.0644,0.8523,3.663
40.0646,0.8345,3.5918
40.0648,0.7725,3.3203
40.0650,0.8423,3.6186
40.0652,0.8613,3.7051
40.0654,0.8463,3.6305
40.0656,0.8887,3.8179
40.0658,0.8242,3.5408
40.0660,0.8724,3.7461
40.0662,0.8747,3.7629
40.0664,0.7451,3.2053
40.0666,0.7343,3.1604
40.0668,0.7791,3.3518
40.0670,0.8007,3.4415
40.0672,0.818,3.514
40.0674,0.8609,3.7002
40.0676,0.8502,3.6509
40.0678,0.8429,3.6313
40.0680,0.7358,3.1685
40.0682,0.7864,3.3833
40.0684,0.7611,3.276
40.0686,0.728,3.135
40.0688,0.7168,3.0864
40.0690,0.7098,3.0522
40.0692,0.7398,3.1811
40.0694,0.8163,3.5133
40.0696,0.7266,3.1302
40.0698,0.711,3.0588
40.0700,0.8105,3.487
40.0702,0.7577,3.261
40.0704,0.7308,3.1454
40.0706,0.7918,3.4049
40.0708,0.8284,3.5605
40.0710,0.7872,3.3879
40.0712,0.7669,3.2992
40.0714,0.7687,3.3085
40.0716,0.7247,3.122
40.0718,0.7177,3.0906
40.0720,0.686,2.9538
40.0722,0.6391,2.7532
40.0724,0.6541,2.8177
40.0726,0.6658,2.8697
40.0728,0.6951,2.9958
40.0730,0.7146,3.0757
40.0732,0.7694,3.3054
40.0734,0.8292,3.5658
40.0736,0.8217,3.5382
40.0738,0.6783,2.9248
40.0740,0.6155,2.6502
40.0742,0.6556,2.8244
40.0744,0.6565,2.8281
40.0746,0.6086,2.6244
40.0748,0.5629,2.4285
40.0750,0.5609,2.4209
40.0752,0.5638,2.431
40.0754,0.6318,2.7204
40.0756,0.6867,2.9569
40.0758,0.7175,3.0838
40.0760,0.7476,3.2266
40.0762,0.6002,2.5906
40.0764,0.565,2.4328
40.0766,0.6966,2.9997
40.0768,0.6567,2.833
40.0770,0.5593,2.4119
40.0772,0.5514,2.3778
40.0774,0.5501,2.3743
40.0776,0.5517,2.381
40.0778,0.5514,2.38
40.0780,0.5488,2.3675
40.0782,0.5573,2.4031
40.0784,0.6169,2.6601
40.0786,0.5785,2.4946
40.0788,0.5518,2.3727
40.0790,0.6516,2.8095
40.0792,0.5659,2.4392
40.0794,0.6043,2.6082
40.0796,0.57,2.4613
40.0798,0.5625,2.4253
40.0800,0.5673,2.4449
40.0802,0.5689,2.4544
40.0804,0.5948,2.5614
40.0806,0.6601,2.8396
40.0808,0.7121,3.0649
40.0810,0.7131,3.069
40.0812,0.7273,3.1319
40.0814,0.6844,2.947
40.0816,0.7062,3.0438
40.0818,0.6447,2.7774
40.0820,0.6382,2.7483
40.0822,0.6716,2.8931
40.0824,0.612,2.6413
40.0826,0.5384,2.3203
40.0828,0.5958,2.5643
40.0830,0.7099,3.0556
40.0832,0.7251,3.1192
40.0834,0.7282,3.1297
40.0836,0.7204,3.1034
40.0838,0.6773,2.9152
40.0840,0.6529,2.8126
40.0842,0.6436,2.7728
40.0844,0.7039,3.0298
40.0846,0.7304,3.1409
40.0848,0.7364,3.1682
40.0850,0.7192,3.0996
40.0852,0.64,2.756
40.0854,0.6444,2.7694
40.0856,0.6278,2.7059
40.0858,0.5363,2.3137
40.0860,0.5302,2.2905
40.0862,0.5252,2.2666
40.0864,0.5263,2.2681
40.0866,0.6011,2.5882
40.0868,0.6423,2.7722
40.0870,0.5176,2.234
40.0872,0.4231,1.8279
40.0874,0.4133,1.7863
40.0876,0.4056,1.7515
40.0878,0.4069,1.758
40.0880,0.4019,1.7371
40.0882,0.4062,1.7549
40.0884,0.4171,1.802
40.0886,0.4428,1.9102
40.0888,0.4922,2.1234
40.0890,0.4282,1.848
40.0892,0.4621,1.9935
40.0894,0.5303,2.2847
40.0896,0.6073,2.6138
40.0898,0.6676,2.8721
40.0900,0.6837,2.9453
40.0902,0.6328,2.7212
40.0904,0.7187,3.0904
40.0906,0.7432,3.1926
40.0908,0.7703,3.309
40.0910,0.7954,3.414
40.0912,0.8724,3.7392
40.0914,1.0596,4.5265
40.0916,1.1948,5.1067
40.0918,1.1386,4.8732
40.0920,1.1236,4.8001
40.0922,1.205,5.1479
40.0924,1.2019,5.1393
40.0926,1.1758,5.0276
40.0928,1.1261,4.8198
40.0930,1.165,4.9814
40.0932,1.2181,5.2037
40.0934,1.2276,5.2392
40.0936,1.2334,5.2619
40.0938,1.2868,5.492
40.0940,1.2065,5.1685
40.0942,1.0649,4.564
40.0944,1.0356,4.4365
40.0946,1.0773,4.6088
40.0948,1.1054,4.731
40.0950,1.0667,4.5717
40.0952,1.0042,4.3039
40.0954,1.0151,4.3588
40.0956,0.9861,4.2303
40.0958,0.9968,4.2741
40.0960,0.9896,4.2412
40.0962,1.0049,4.3171
40.0964,0.8822,3.7848
40.0966,0.8909,3.8254
40.0968,0.8713,3.745
40.0970,0.8716,3.7478
40.0972,0.9211,3.9515
40.0974,0.9517,4.0846
40.0976,0.9756,4.1855
40.0978,1.0271,4.4041
40.0980,0.941,4.0463
40.0982,0.8007,3.4447
40.0984,0.8119,3.4959
40.0986,0.7327,3.1566
40.0988,0.7257,3.1247
40.0990,0.7514,3.2327
40.0992,0.74,3.1866
40.0994,0.7393,3.182
40.0996,0.783,3.3714
40.0998,0.7187,3.0947
40.1000,0.7041,3.0359
40.1002,0.7144,3.0761
40.1004,0.7637,3.2853
40.1006,0.7614,3.277
40.1008,0.7453,3.2093
40.1010,0.7177,3.0934
40.1012,0.6637,2.8617
40.1014,0.6599,2.8444
40.1016,0.6561,2.8265
40.1018,0.7192,3.0968
40.1020,0.7308,3.1483
40.1022,0.6844,2.9511
40.1024,0.6396,2.7552
40.1026,0.6372,2.7462
40.1028,0.6405,2.7619
40.1030,0.6711,2.8897
40.1032,0.6914,2.9825
40.1034,0.5758,2.4862
40.1036,0.5508,2.3785
40.1038,0.5528,2.3835
40.1040,0.5854,2.5241
40.1042,0.5721,2.4701
40.1044,0.53,2.2863
40.1046,0.571,2.4609
40.1048,0.5839,2.5214
40.1050,0.5276,2.2802
40.1052,0.48,2.0716
40.1054,0.492,2.1253
40.1056,0.4788,2.0683
40.1058,0.4735,2.0436
40.1060,0.4711,2.0342
40.1062,0.4767,2.0595
40.1064,0.4805,2.0755
40.1066,0.4769,2.0591
40.1068,0.4746,2.0492
40.1070,0.4734,2.0459
40.1072,0.4755,2.0534
40.1074,0.4771,2.0601
40.1076,0.4739,2.0471
40.1078,0.4715,2.0367
40.1080,0.4706,2.0312
40.1082,0.4743,2.0482
40.1084,0.4797,2.0724
40.1086,0.4765,2.0556
40.1088,0.5186,2.2382
40.1090,0.5549,2.3939
40.1092,0.5006,2.1596
40.1094,0.5143,2.2175
40.1096,0.5254,2.2645
40.1098,0.5766,2.4864
40.1100,0.5745,2.477
40.1102,0.5523,2.3825
40.1104,0.5518,2.3804
40.1106,0.5746,2.4764
40.1108,0.6073,2.6163
40.1110,0.6053,2.6063
40.1112,0.6432,2.7707
40.1114,0.6289,2.7067
40.1116,0.6468,2.7862
40.1118,0.6621,2.8537
40.1120,0.6682,2.8747
40.1122,0.6944,2.9885
40.1124,0.7205,3.101
40.1126,0.7223,3.1087
40.1128,0.6505,2.7996
40.1130,0.7116,3.0628
40.1132,0.6339,2.7271
40.1134,0.6562,2.827
40.1136,0.6651,2.8586
40.1138,0.718,3.0887
40.1140,0.751,3.2291
40.1142,0.7703,3.309
40.1144,0.7452,3.2028
40.1146,0.7597,3.2667
40.1148,0.7735,3.3276
40.1150,0.6892,2.9663
40.1152,0.6673,2.8745
40.1154,0.6414,2.763
40.1156,0.6994,3.006
40.1158,0.7379,3.1758
40.1160,0.7858,3.3728
40.1162,0.8972,3.8527
40.1164,0.8721,3.7463
40.1166,0.8656,3.7168
40.1168,0.7705,3.3177
40.1170,0.659,2.8389
40.1172,0.6523,2.81
40.1174,0.65,2.7989
40.1176,0.6415,2.7635
40.1178,0.615,2.653
40.1180,0.5459,2.3529
40.1182,0.5414,2.3354
40.1184,0.5358,2.3116
40.1186,0.5373,2.3168
40.1188,0.5373,2.3178
40.1190,0.5337,2.2991
40.1192,0.5657,2.4393
40.1194,0.5657,2.4393
40.1196,0.5692,2.4532
40.1198,0.5392,2.325
40.1200,0.5481,2.3611
40.1202,0.5405,2.3351
40.1204,0.4358,1.8837
40.1206,0.4135,1.7873
40.1208,0.4062,1.7549
40.1210,0.4115,1.7769
40.1212,0.4211,1.8191
40.1214,0.4165,1.7995
40.1216,0.4163,1.7984
40.1218,0.4093,1.7692
40.1220,0.4197,1.8129
40.1222,0.4207,1.8167
40.1224,0.4362,1.8818
40.1226,0.487,2.0992
40.1228,0.5556,2.3959
40.1230,0.5465,2.3522
40.1232,0.5932,2.553
40.1234,0.6308,2.715
40.1236,0.6798,2.9261
40.1238,0.6577,2.8293
40.1240,0.6644,2.8582
40.1242,0.6978,2.9965
40.1244,0.8595,3.6819
40.1246,0.8599,3.6926
40.1248,0.7506,3.229
40.1250,0.7065,3.0364
40.1252,0.7623,3.2735
40.1254,0.7571,3.2569
40.1256,0.7386,3.1745
40.1258,0.7421,3.1894
40.1260,0.7037,3.0245
40.1262,0.7547,3.2436
40.1264,0.7634,3.2766
40.1266,0.7797,3.3513
40.1268,0.7892,3.3872
40.1270,0.8662,3.7211
40.1272,0.825,3.5444
40.1274,0.7862,3.3822
40.1276,0.7414,3.1819
40.1278,0.759,3.2606
40.1280,0.7273,3.1246
40.1282,0.8129,3.4908
40.1284,0.8761,3.7603
40.1286,0.8743,3.7509
40.1288,0.8771,3.7627
40.1290,0.8784,3.7684
40.1292,0.906,3.8812
40.1294,0.9385,4.0261
40.1296,0.8669,3.7155
40.1298,0.92,3.9487
40.1300,0.9179,3.9339
40.1302,1.0068,4.3072
40.1304,1.0464,4.4848
40.1306,1.018,4.3569
40.1308,1.0622,4.5442
40.1310,1.0599,4.5408
40.1312,1.0641,4.5545
40.1314,1.0724,4.5963
40.1316,1.0573,4.5295
40.1318,1.0526,4.5052
40.1320,1.1129,4.7611
40.1322,1.089,4.6651
40.1324,1.0078,4.3234
40.1326,0.9634,4.1331
40.1328,0.9762,4.1842
40.1330,0.99,4.2492
40.1332,0.9562,4.1079
40.1334,0.8713,3.7415
40.1336,0.8905,3.8221
40.1338,0.8899,3.8195
40.1340,0.9422,4.0439
40.1342,0.8849,3.8015
40.1344,0.8598,3.6938
40.1346,0.8584,3.6876
40.1348,0.8776,3.7753
40.1350,0.8348,3.5845
40.1352,0.8784,3.7684
40.1354,0.8922,3.8311
40.1356,0.8939,3.8437
40.1358,0.7854,3.3849
40.1360,0.7459,3.2119
40.1362,0.7583,3.2605
40.1364,0.7974,3.4302
40.1366,0.84,3.6122
40.1368,0.8286,3.5615
40.1370,0.8098,3.4822
40.1372,0.8091,3.4856
40.1374,0.7225,3.1098
40.1376,0.7212,3.1027
40.1378,0.7555,3.2532
40.1380,0.7541,3.244
40.1382,0.7569,3.2579
40.1384,0.7098,3.0551
40.1386,0.7137,3.0702
40.1388,0.7599,3.2708
40.1390,0.7442,3.2062
40.1392,0.6882,2.9691
40.1394,0.6016,2.5987
40.1396,0.556,2.3974
40.1398,0.596,2.5713
40.1400,0.5722,2.4684
40.1402,0.5815,2.5087
40.1404,0.5548,2.3923
40.1406,0.5549,2.395
40.1408,0.5632,2.4318
40.1410,0.5669,2.4467
40.1412,0.5676,2.4487
40.1414,0.5633,2.429
40.1416,0.562,2.4222
40.1418,0.6079,2.6213
40.1420,0.5706,2.4616
40.1422,0.5659,2.4415
40.1424,0.5579,2.4068
40.1426,0.5446,2.3494
40.1428,0.5693,2.4525
40.1430,0.6711,2.8884
40.1432,0.711,3.0602
40.1434,0.6628,2.8554
40.1436,0.678,2.9224
40.1438,0.624,2.6868
40.1440,0.6653,2.8663
40.1442,0.6592,2.8426
40.1444,0.6352,2.7392
40.1446,0.6171,2.6599
40.1448,0.5779,2.4944
40.1450,0.5285,2.2801
40.1452,0.5404,2.3302
40.1454,0.5281,2.278
40.1456,0.5243,2.262
40.1458,0.523,2.2573
40.1460,0.5275,2.2744
40.1462,0.5287,2.2806
40.1464,0.5283,2.2801
40.1466,0.5239,2.261
40.1468,0.5169,2.2299
40.1470,0.5569,2.396
40.1472,0.6652,2.8644
40.1474,0.6619,2.8513
40.1476,0.6563,2.8249
40.1478,0.6611,2.8482
40.1480,0.6502,2.8025
40.1482,0.6446,2.7756
40.1484,0.624,2.6881
40.1486,0.6246,2.6907
40.1488,0.6182,2.6645
40.1490,0.6309,2.7193
40.1492,0.6569,2.8275
40.1494,0.7303,3.136
40.1496,0.8067,3.4672
40.1498,0.8484,3.6449
40.1500,0.8029,3.4523
40.1502,0.7313,3.1431
40.1504,0.7239,3.1169
40.1506,0.6887,2.9656
40.1508,0.6964,2.9959
40.1510,0.7313,3.1489
40.1512,0.6988,3.0062
40.1514,0.7361,3.1622
40.1516,0.7801,3.3544
40.1518,0.78,3.3539
40.1520,0.7754,3.3389
40.1522,0.6757,2.908
40.1524,0.6706,2.8877
40.1526,0.7193,3.0973
40.1528,0.6617,2.8495
40.1530,0.7231,3.1066
40.1532,0.7822,3.3683
40.1534,0.7162,3.0781
40.1536,0.7471,3.2141
40.1538,0.7107,3.0587
40.1540,0.6838,2.9486
40.1542,0.6242,2.6891
40.1544,0.6025,2.5992
40.1546,0.562,2.4222
40.1548,0.6279,2.7026
40.1550,0.6005,2.5868
40.1552,0.6031,2.5958
40.1554,0.6475,2.7906
40.1556,0.5764,2.4842
40.1558,0.5629,2.4274
40.1560,0.558,2.4062
40.1562,0.6173,2.6542
40.1564,0.79,3.394
40.1566,0.8205,3.5216
40.1568,0.8054,3.4648
40.1570,0.7117,3.0605
40.1572,0.7219,3.1014
40.1574,0.7717,3.3198
40.1576,0.6944,2.9899
40.1578,0.7285,3.1312
40.1580,0.7643,3.2863
40.1582,0.6761,2.9087
40.1584,0.7356,3.1572
40.1586,0.8932,3.8334
40.1588,0.8888,3.8131
40.1590,0.8754,3.7555
40.1592,0.9194,3.948
40.1594,0.9155,3.9255
40.1596,0.9574,4.1016
40.1598,0.9813,4.2077
40.1600,0.9644,4.1314
40.1602,1.0381,4.4535
40.1604,0.903,3.8792
40.1606,0.8521,3.6625
40.1608,0.8559,3.6734
40.1610,0.8825,3.7876
40.1612,0.8272,3.5586
40.1614,0.7258,3.1237
40.1616,0.7288,3.1337
40.1618,0.7456,3.2044
40.1620,0.7965,3.4218
40.1622,0.865,3.7125
40.1624,0.9061,3.8908
40.1626,0.9147,3.9261
40.1628,0.9128,3.9178
40.1630,0.8834,3.79
40.1632,0.9691,4.1534
40.1634,0.9338,4.0097
40.1636,0.864,3.717
40.1638,0.8422,3.6181
40.1640,0.8667,3.7249
40.1642,0.8524,3.6602
40.1644,0.9059,3.8916
40.1646,0.8985,3.862
40.1648,0.8637,3.7086
40.1650,0.8777,3.7688
40.1652,0.8384,3.6049
40.1654,0.8304,3.5676
40.1656,0.8563,3.6823
40.1658,0.7863,3.3828
40.1660,0.7945,3.4131
40.1662,0.7827,3.3735
40.1664,0.6231,2.687
40.1666,0.587,2.5302
40.1668,0.6301,2.7157
40.1670,0.6734,2.9009
40.1672,0.6882,2.9636
40.1674,0.6782,2.9202
40.1676,0.6969,2.9993
40.1678,0.6978,3.0049
40.1680,0.6866,2.9563
40.1682,0.6499,2.8035
40.1684,0.6103,2.6304
40.1686,0.6905,2.9734
40.1688,0.6921,2.9856
40.1690,0.6153,2.6533
40.1692,0.5964,2.5705
40.1694,0.599,2.5818
40.1696,0.63,2.7076
40.1698,0.7284,3.1394
40.1700,0.6346,2.7366
40.1702,0.6574,2.8335
40.1704,0.6236,2.689
40.1706,0.5751,2.4785
40.1708,0.5977,2.5785
40.1710,0.5873,2.5335
40.1712,0.6008,2.5908
40.1714,0.5951,2.5672
40.1716,0.5836,2.5187
40.1718,0.6057,2.6084
40.1720,0.6595,2.8423
40.1722,0.5771,2.4896
40.1724,0.561,2.4214
40.1726,0.5567,2.4005
40.1728,0.5924,2.551
40.1730,0.6464,2.7834
40.1732,0.7047,3.0357
40.1734,0.6733,2.8963
40.1736,0.6693,2.886
40.1738,0.5945,2.5646
40.1740,0.6042,2.6028
40.1742,0.6592,2.8439
40.1744,0.5304,2.2894
40.1746,0.5571,2.4021
40.1748,0.6134,2.6451
40.1750,0.5886,2.5369
40.1752,0.5992,2.5883
40.1754,0.4813,2.0792
40.1756,0.5143,2.2185
40.1758,0.4878,2.1062
40.1760,0.4596,1.9845
40.1762,0.4935,2.129
40.1764,0.5295,2.2832
40.1766,0.5495,2.3717
40.1768,0.5417,2.337
40.1770,0.5505,2.3736
40.1772,0.5553,2.3943
40.1774,0.5471,2.3592
40.1776,0.571,2.462
40.1778,0.5322,2.2982
40.1780,0.459,1.981
40.1782,0.4504,1.9455
40.1784,0.4484,1.9381
40.1786,0.4463,1.927
40.1788,0.4453,1.922
40.1790,0.4486,1.9369
40.1792,0.448,1.9343
40.1794,0.4464,1.9266
40.1796,0.4448,1.9208
40.1798,0.4499,1.9408
40.1800,0.4535,1.9581
40.1802,0.4658,2.0096
40.1804,0.5283,2.2748
40.1806,0.6376,2.7444
40.1808,0.6105,2.629
40.1810,0.6448,2.7754
40.1812,0.6078,2.6135
40.1814,0.6522,2.8095
40.1816,0.5718,2.4657
40.1818,0.5557,2.3953
40.1820,0.5983,2.5763
40.1822,0.612,2.6364
40.1824,0.5933,2.5547
40.1826,0.5988,2.5784
40.1828,0.6735,2.8974
40.1830,0.7108,3.0535
40.1832,0.7169,3.0855
40.1834,0.6611,2.8482
40.1836,0.6493,2.7958
40.1838,0.6906,2.967
40.1840,0.7209,3.1054
40.1842,0.6055,2.6097
40.1844,0.5764,2.4819
40.1846,0.6023,2.5922
40.1848,0.6104,2.626
40.1850,0.632,2.7227
40.1852,0.5725,2.4711
40.1854,0.491,2.1182
40.1856,0.4869,2.0996
40.1858,0.5266,2.2729
40.1860,0.4794,2.069
40.1862,0.4968,2.14
40.1864,0.5638,2.431
40.1866,0.4954,2.1383
40.1868,0.4683,2.0185
40.1870,0.5281,2.2791
40.1872,0.4619,1.9962
40.1874,0.395,1.7062
40.1876,0.3846,1.6617
40.1878,0.3777,1.6316
40.1880,0.39,1.6826
40.1882,0.4216,1.8212
40.1884,0.3747,1.6187
40.1886,0.3821,1.65
40.1888,0.4011,1.7318
40.1890,0.4171,1.802
40.1892,0.4315,1.8608
40.1894,0.4723,2.0347
40.1896,0.5374,2.3141
40.1898,0.5715,2.4584
40.1900,0.6482,2.7872
40.1902,0.6481,2.7802
40.1904,0.7792,3.3476
40.1906,0.7882,3.3847
40.1908,0.7958,3.4124
40.1910,0.842,3.6103
40.1912,0.9376,4.0168
40.1914,0.9602,4.1038
40.1916,1.0018,4.2816
40.1918,1.1001,4.7041
40.1920,1.0971,4.6978
40.1922,1.0345,4.4215
40.1924,1.1207,4.7922
40.1926,1.1,4.7013
40.1928,1.1223,4.8012
40.1930,1.1266,4.8129
40.1932,1.1043,4.7286
40.1934,1.0272,4.4026
40.1936,1.0626,4.5436
40.1938,1.1213,4.7993
40.1940,1.0333,4.4371
40.1942,0.8619,3.7008
40.1944,0.818,3.5157
40.1946,0.8111,3.483
40.1948,0.9175,3.9342
40.1950,0.9894,4.2467
40.1952,0.9031,3.8761
40.1954,0.8981,3.8563
40.1956,0.8888,3.8113
40.1958,0.8985,3.8602
40.1960,0.855,3.6698
40.1962,0.9255,3.9687
40.1964,0.9314,3.992
40.1966,1.0168,4.3559
40.1968,1.0675,4.5689
40.1970,1.1181,4.7787
40.1972,1.1611,4.9627
40.1974,1.1155,4.7831
40.1976,0.9598,4.1196
40.1978,0.8593,3.6935
40.1980,0.8783,3.7731
40.1982,0.8826,3.7881
40.1984,0.8515,3.6566
40.1986,0.8399,3.6083
40.1988,0.8639,3.713
40.1990,0.8158,3.5064
40.1992,0.7834,3.3657
40.1994,0.83,3.5705
40.1996,0.7745,3.3348
40.1998,0.7486,3.2173
40.2000,0.7446,3.2092
40.2002,0.6733,2.8977
40.2004,0.6652,2.8644
40.2006,0.6916,2.9766
40.2008,0.7629,3.2791
40.2010,0.8277,3.5591
40.2012,0.7989,3.4353
40.2014,0.7653,3.291
40.2016,0.7698,3.3085
40.2018,0.7803,3.3538
40.2020,0.7782,3.3461
40.2022,0.7792,3.3539
40.2024,0.7225,3.1083
40.2026,0.6945,2.989
40.2028,0.764,3.2868
40.2030,0.7274,3.1353
40.2032,0.6225,2.6819
40.2034,0.6127,2.642
40.2036,0.5999,2.5867
40.2038,0.627,2.7048
40.2040,0.5531,2.3872
40.2042,0.5315,2.2951
40.2044,0.5343,2.307
40.2046,0.529,2.2843
40.2048,0.5381,2.3193
40.2050,0.5842,2.5201
40.2052,0.5352,2.309
40.2054,0.5255,2.2671
40.2056,0.5204,2.2449
40.2058,0.5326,2.2977
40.2060,0.5589,2.4065
40.2062,0.6152,2.6565
40.2064,0.5409,2.3344
40.2066,0.5211,2.2491
40.2068,0.5295,2.2842
40.2070,0.5275,2.2744
40.2072,0.5294,2.2816
40.2074,0.5224,2.2547
40.2076,0.518,2.2356
40.2078,0.5284,2.2775
40.2080,0.5675,2.4471
40.2082,0.5331,2.2987
40.2084,0.521,2.2475
40.2086,0.5185,2.2366
40.2088,0.5265,2.2713
40.2090,0.5278,2.2759
40.2092,0.5788,2.4922
40.2094,0.6045,2.608
40.2096,0.5417,2.337
40.2098,0.5615,2.4178
40.2100,0.6248,2.6917
40.2102,0.6291,2.709
40.2104,0.6754,2.9056
40.2106,0.7279,3.133
40.2108,0.6994,3.0088
40.2110,0.7135,3.0697
40.2112,0.6644,2.8608
40.2114,0.7122,3.064
40.2116,0.7125,3.065
40.2118,0.6424,2.7676
40.2120,0.6162,2.652
40.2122,0.6174,2.6584
40.2124,0.6495,2.7955
40.2126,0.6572,2.8312
40.2128,0.6569,2.8288
40.2130,0.6766,2.9108
40.2132,0.6918,2.9777
40.2134,0.6715,2.8886
40.2136,0.6796,2.9237
40.2138,0.7276,3.1329
40.2140,0.6537,2.8162
40.2142,0.6294,2.7113
40.2144,0.6716,2.8891
40.2146,0.7628,3.2801
40.2148,0.7701,3.31
40.2150,0.7683,3.3008
40.2152,0.795,3.4119
40.2154,0.8902,3.8152
40.2156,0.9093,3.9029
40.2158,0.8715,3.742
40.2160,0.8578,3.685
40.2162,0.8701,3.7346
40.2164,0.893,3.8365
40.2166,0.8002,3.4426
40.2168,0.6956,2.9951
40.2170,0.6616,2.8423
40.2172,0.7489,3.2188
40.2174,0.7965,3.4266
40.2176,0.7127,3.0732
40.2178,0.6144,2.6468
40.2180,0.578,2.4914
40.2182,0.576,2.4849
40.2184,0.5189,2.2387
40.2186,0.4807,2.0737
40.2188,0.4789,2.0679
40.2190,0.4749,2.0498
40.2192,0.5325,2.2929
40.2194,0.5992,2.5847
40.2196,0.4713,2.0371
40.2198,0.4103,1.7742
40.2200,0.3932,1.6977
40.2202,0.3917,1.6922
40.2204,0.3872,1.6733
40.2206,0.3928,1.6985
40.2208,0.3945,1.7018
40.2210,0.485,2.0923
40.2212,0.4794,2.0709
40.2214,0.4079,1.763
40.2216,0.3962,1.7114
40.2218,0.4102,1.7704
40.2220,0.4204,1.8135
40.2222,0.4463,1.9243
40.2224,0.4975,2.1461
40.2226,0.5894,2.5405
40.2228,0.6107,2.6283
40.2230,0.6548,2.8169
40.2232,0.6969,2.9938
40.2234,0.7661,3.2925
40.2236,0.7405,3.1842
40.2238,0.7538,3.24
40.2240,0.792,3.3991
40.2242,0.7927,3.4069
40.2244,0.7782,3.3399
40.2246,0.9446,4.0466
40.2248,0.9744,4.1726
40.2250,0.9634,4.1254
40.2252,0.9747,4.1756
40.2254,0.9783,4.189
40.2256,0.979,4.196
40.2258,0.9656,4.1404
40.2260,0.9691,4.1495
40.2262,0.9923,4.2531
40.2264,0.9849,4.2192
40.2266,1.0195,4.3656
40.2268,1.0203,4.3646
40.2270,1.0509,4.5023
40.2272,1.0354,4.4417
40.2274,0.9346,4.0115
40.2276,0.892,3.8229
40.2278,0.946,4.0604
40.2280,0.908,3.8991
40.2282,0.8981,3.8491
40.2284,0.9676,4.1491
40.2286,0.8896,3.8251
40.2288,0.7897,3.4019
40.2290,0.688,2.9598
40.2292,0.7163,3.0815
40.2294,0.7197,3.0974
40.2296,0.7718,3.3203
40.2298,0.7818,3.3585
40.2300,0.8193,3.5181
40.2302,0.8533,3.6643
40.2304,0.8941,3.8429
40.2306,0.8571,3.6819
40.2308,0.8553,3.6725
40.2310,0.8682,3.7299
40.2312,0.8217,3.5333
40.2314,0.8107,3.4794
40.2316,0.8456,3.6291
40.2318,0.7941,3.4146
40.2320,0.7859,3.3811
40.2322,0.7918,3.4033
40.2324,0.83,3.5655
40.2326,0.8309,3.5646
40.2328,0.8694,3.7332
40.2330,0.829,3.5597
40.2332,0.8723,3.7473
40.2334,0.8508,3.6585
40.2336,0.8229,3.5384
40.2338,0.7759,3.3378
40.2340,0.7614,3.2739
40.2342,0.7099,3.0612
40.2344,0.6692,2.8774
40.2346,0.7018,3.0247
40.2348,0.63,2.7139
40.2350,0.6892,2.9676
40.2352,0.7634,3.2888
40.2354,0.6764,2.911
40.2356,0.7278,3.1281
40.2358,0.7957,3.4293
40.2360,0.6476,2.7898
40.2362,0.644,2.7743
40.2364,0.6199,2.6692
40.2366,0.6343,2.7337
40.2368,0.5797,2.5009
40.2370,0.5732,2.4695
40.2372,0.6011,2.5966
40.2374,0.4699,2.0299
40.2376,0.4677,2.0206
40.2378,0.4578,1.9767
40.2380,0.4547,1.9641
40.2382,0.4566,1.9733
40.2384,0.4586,1.9812
40.2386,0.4536,1.9604
40.2388,0.4545,1.9636
40.2390,0.5098,2.1993
40.2392,0.5452,2.3541
40.2394,0.4863,2.1009
40.2396,0.4631,1.9985
40.2398,0.4527,1.9559
40.2400,0.4509,1.949
40.2402,0.4542,1.9612
40.2404,0.4567,1.9729
40.2406,0.4482,1.9344
40.2408,0.494,2.1311
40.2410,0.5242,2.2635
40.2412,0.4893,2.1109
40.2414,0.5301,2.2868
40.2416,0.4535,1.9581
40.2418,0.4604,1.9872
40.2420,0.4608,1.9896
40.2422,0.4637,2.0011
40.2424,0.4603,1.9857
40.2426,0.4566,1.9697
40.2428,0.4495,1.9392
40.2430,0.4507,1.9443
40.2432,0.4581,1.9773
40.2434,0.4526,1.9544
40.2436,0.4421,1.9089
40.2438,0.4538,1.9578
40.2440,0.5036,2.1704
40.2442,0.4921,2.1238
40.2444,0.4568,1.9725
40.2446,0.4477,1.9323
40.2448,0.4392,1.8947
40.2450,0.4497,1.9393
40.2452,0.5081,2.1921
40.2454,0.4971,2.1475
40.2456,0.4507,1.9443
40.2458,0.4734,2.043
40.2460,0.4488,1.9379
40.2462,0.4506,1.942
40.2464,0.5238,2.2557
40.2466,0.5812,2.5048
40.2468,0.5845,2.5146
40.2470,0.6383,2.7487
40.2472,0.5687,2.4522
40.2474,0.5508,2.3751
40.2476,0.5375,2.3156
40.2478,0.5376,2.3172
40.2480,0.5294,2.2805
40.2482,0.5428,2.3362
40.2484,0.6164,2.6518
40.2486,0.7027,3.0175
40.2488,0.7952,3.4145
40.2490,0.7689,3.3048
40.2492,0.7514,3.2251
40.2494,0.8156,3.5037
40.2496,0.7296,3.1343
40.2498,0.7038,3.0306
40.2500,0.6232,2.6837
40.2502,0.6435,2.7684
40.2504,0.6813,2.9336
40.2506,0.6572,2.8245
40.2508,0.7077,3.0387
40.2510,0.7349,3.1614
40.2512,0.6446,2.773
40.2514,0.6177,2.6624
40.2516,0.5738,2.4675
40.2518,0.6357,2.7348
40.2520,0.665,2.8607
40.2522,0.6776,2.9135
40.2524,0.6499,2.7996
40.2526,0.5501,2.3709
40.2528,0.5808,2.4998
40.2530,0.5922,2.55
40.2532,0.5753,2.4772
40.2534,0.5602,2.4188
40.2536,0.4333,1.8711
40.2538,0.4009,1.7313
40.2540,0.4008,1.73
40.2542,0.4569,1.9712
40.2544,0.4206,1.817
40.2546,0.4072,1.7566
40.2548,0.4509,1.9409
40.2550,0.5519,2.3765
40.2552,0.5536,2.387
40.2554,0.5672,2.4414
40.2556,0.6445,2.7776
40.2558,0.5149,2.22
40.2560,0.5502,2.366
40.2562,0.671,2.8865
40.2564,0.6593,2.8325
40.2566,0.6988,3.0006
40.2568,0.7681,3.2997
40.2570,0.7394,3.1751
40.2572,0.8268,3.5422
40.2574,0.9725,4.1624
40.2576,0.9874,4.228
40.2578,0.9238,3.9614
40.2580,0.8747,3.7471
40.2582,0.8883,3.8128
40.2584,0.84,3.6054
40.2586,0.8005,3.4388
40.2588,0.7905,3.3881
40.2590,0.8837,3.7874
40.2592,0.9327,4.0013
40.2594,0.8906,3.8154
40.2596,0.9284,3.9772
40.2598,0.9433,4.0428
40.2600,0.9254,3.9662
40.2602,0.9423,4.0425
40.2604,0.9459,4.0541
40.2606,0.9283,3.9767
40.2608,0.9388,4.0275
40.2610,0.8955,3.8401
40.2612,0.8602,3.6918
40.2614,0.8614,3.697
40.2616,0.8044,3.4606
40.2618,0.7515,3.2316
40.2620,0.791,3.3981
40.2622,0.8076,3.4664
40.2624,0.7984,3.4284
40.2626,0.7989,3.4273
40.2628,0.8561,3.6692
40.2630,0.9497,4.0686
40.2632,0.9562,4.104
40.2634,0.8862,3.8053
40.2636,0.8482,3.6421
40.2638,0.8234,3.5371
40.2640,0.7782,3.3461
40.2642,0.7652,3.2873
40.2644,0.7585,3.2585
40.2646,0.7653,3.2894
40.2648,0.7861,3.3817
40.2650,0.7624,3.277
40.2652,0.7586,3.2605
40.2654,0.7684,3.3028
40.2656,0.7442,3.2031
40.2658,0.6899,2.9694
40.2660,0.7362,3.1641
40.2662,0.7699,3.3089
40.2664,0.758,3.261
40.2666,0.7653,3.2894
40.2668,0.8086,3.477
40.2670,0.7628,3.2785
40.2672,0.7166,3.0844
40.2674,0.6784,2.9171
40.2676,0.7274,3.1294
40.2678,0.7523,3.2347
40.2680,0.7447,3.2082
40.2682,0.678,2.9183
40.2684,0.6577,2.8305
40.2686,0.6809,2.9252
40.2688,0.7585,3.257
40.2690,0.782,3.3657
40.2692,0.7027,3.026
40.2694,0.6566,2.8272
40.2696,0.6759,2.913
40.2698,0.6176,2.6619
40.2700,0.6491,2.7926
40.2702,0.6741,2.9026
40.2704,0.6912,2.9737
40.2706,0.7484,3.2182
40.2708,0.728,3.132
40.2710,0.7192,3.0895
40.2712,0.7988,3.4379
40.2714,0.6809,2.9347
40.2716,0.6461,2.7823
40.2718,0.6379,2.7441
40.2720,0.6694,2.8744
40.2722,0.7946,3.4135
40.2724,0.807,3.4687
40.2726,0.7931,3.4121
40.2728,0.7593,3.2666
40.2730,0.6871,2.9616
40.2732,0.5772,2.4889
40.2734,0.5603,2.4171
40.2736,0.5554,2.3937
40.2738,0.5656,2.4387
40.2740,0.5439,2.3462
40.2742,0.5537,2.3876
40.2744,0.5543,2.389
40.2746,0.5445,2.3456
40.2748,0.617,2.6605
40.2750,0.5648,2.4311
40.2752,0.6768,2.9104
40.2754,0.7332,3.1601
40.2756,0.5794,2.4947
40.2758,0.6025,2.5932
40.2760,0.6344,2.7355
40.2762,0.6321,2.7232
40.2764,0.6406,2.7585
40.2766,0.6315,2.718
40.2768,0.629,2.711
40.2770,0.5501,2.3731
40.2772,0.5296,2.2836
40.2774,0.5234,2.2567
40.2776,0.5244,2.2614
40.2778,0.523,2.2573
40.2780,0.5282,2.2774
40.2782,0.5256,2.2655
40.2784,0.5229,2.2547
40.2786,0.5314,2.2914
40.2788,0.5243,2.2598
40.2790,0.5363,2.3115
40.2792,0.5354,2.3085
40.2794,0.5324,2.2923
40.2796,0.629,2.7059
40.2798,0.7343,3.1544
40.2800,0.764,3.2837
40.2802,0.7653,3.2909
40.2804,0.6937,2.9873
40.2806,0.6271,2.6977
40.2808,0.6519,2.8032
40.2810,0.6694,2.8811
40.2812,0.7059,3.0352
40.2814,0.7476,3.2146
40.2816,0.7216,3.0998
40.2818,0.7536,3.2358
40.2820,0.8141,3.4991
40.2822,0.7961,3.4186
40.2824,0.8151,3.4967
40.2826,0.8473,3.6419
40.2828,0.8121,3.4936
40.2830,0.721,3.1016
40.2832,0.6658,2.8656
40.2834,0.6804,2.9286
40.2836,0.6882,2.9608
40.2838,0.627,2.6997
40.2840,0.6152,2.6491
40.2842,0.6254,2.7005
40.2844,0.5099,2.2009
40.2846,0.4955,2.1368
40.2848,0.4875,2.1012
40.2850,0.505,2.1797
40.2852,0.5459,2.3518
40.2854,0.5977,2.5737
40.2856,0.5967,2.5744
40.2858,0.4332,1.8706
40.2860,0.4102,1.7728
40.2862,0.3995,1.7275
40.2864,0.3791,1.6386
40.2866,0.3762,1.6254
40.2868,0.3792,1.6383
40.2870,0.3905,1.6878
40.2872,0.3885,1.6767
40.2874,0.3872,1.6717
40.2876,0.3796,1.6391
40.2878,0.382,1.651
40.2880,0.4243,1.8331
40.2882,0.4091,1.7665
40.2884,0.4356,1.88
40.2886,0.5086,2.1911
40.2888,0.5388,2.3234
40.2890,0.5174,2.2288
40.2892,0.5315,2.2877
40.2894,0.6662,2.8685
40.2896,0.6294,2.7088
40.2898,0.7055,3.0294
40.2900,0.7861,3.3722
40.2902,0.8526,3.6577
40.2904,0.8736,3.7425
40.2906,0.885,3.7948
40.2908,0.922,3.9481
40.2910,1.017,4.3568
40.2912,0.9943,4.2597
40.2914,0.9742,4.1754
40.2916,0.9728,4.1634
40.2918,0.9763,4.1788
40.2920,0.9957,4.2634
40.2922,0.9645,4.1318
40.2924,1.044,4.4661
40.2926,1.1108,4.7496
40.2928,1.1215,4.7913
40.2930,1.1428,4.8888
40.2932,1.0928,4.6858
40.2934,0.9867,4.2249
40.2936,1.0151,4.3466
40.2938,1.0062,4.3086
40.2940,1.0699,4.5812
40.2942,1.0983,4.7095
40.2944,1.0265,4.3912
40.2946,1.0843,4.6471
40.2948,1.0002,4.2849
40.2950,0.988,4.2345
40.2952,0.9723,4.1633
40.2954,1.0387,4.4477
40.2956,1.0785,4.6289
40.2958,0.9423,4.0519
40.2960,0.7603,3.2723
40.2962,0.7175,3.0852
40.2964,0.7791,3.3486
40.2966,0.835,3.5804
40.2968,0.8724,3.7496
40.2970,0.818,3.5172
40.2972,0.8232,3.5416
40.2974,0.726,3.1261
40.2976,0.6597,2.8406
40.2978,0.7356,3.163
40.2980,0.8272,3.5569
40.2982,0.7475,3.2156
40.2984,0.7303,3.1403
40.2986,0.6973,3.0041
40.2988,0.7442,3.2002
40.2990,0.8024,3.4502
40.2992,0.7832,3.3646
40.2994,0.782,3.3641
40.2996,0.72,3.1018
40.2998,0.6928,2.9831
40.3000,0.7122,3.0625
40.3002,0.7398,3.187
40.3004,0.6345,2.7348
40.3006,0.6575,2.8327
40.3008,0.6231,2.6844
40.3010,0.6116,2.6373
40.3012,0.6357,2.7412
40.3014,0.6062,2.614
40.3016,0.6091,2.6228
40.3018,0.6406,2.7573
40.3020,0.7075,3.0452
40.3022,0.7157,3.0803
40.3024,0.6708,2.8927
40.3026,0.5533,2.3904
40.3028,0.4975,2.1471
40.3030,0.5105,2.2025
40.3032,0.506,2.1818
40.3034,0.52,2.2433
40.3036,0.5459,2.3572
40.3038,0.482,2.0842
40.3040,0.4271,1.845
40.3042,0.415,1.7919
40.3044,0.4465,1.9289
40.3046,0.4427,1.9123
40.3048,0.4369,1.8866
40.3050,0.4489,1.9384
40.3052,0.4455,1.9248
40.3054,0.4507,1.9461
40.3056,0.4466,1.9268
40.3058,0.4955,2.1378
40.3060,0.529,2.2842
40.3062,0.4607,1.9873
40.3064,0.4475,1.9331
40.3066,0.444,1.918
40.3068,0.4726,2.0381
40.3070,0.5039,2.174
40.3072,0.4553,1.9658
40.3074,0.4479,1.9351
40.3076,0.4438,1.917
40.3078,0.4433,1.914
40.3080,0.4476,1.9318
40.3082,0.4476,1.9318
40.3084,0.438,1.8904
40.3086,0.4657,2.0109
40.3088,0.4714,2.0348
40.3090,0.4717,2.0339
40.3092,0.5282,2.2764
40.3094,0.553,2.3844
40.3096,0.5613,2.4179
40.3098,0.5777,2.4875
40.3100,0.5653,2.4354
40.3102,0.5643,2.4308
40.3104,0.5852,2.5188
40.3106,0.6457,2.7764
40.3108,0.6466,2.7857
40.3110,0.5657,2.4381
40.3112,0.5457,2.3529
40.3114,0.5754,2.4777
40.3116,0.6115,2.6319
40.3118,0.6077,2.6117
40.3120,0.6599,2.839
40.3122,0.6378,2.7474
40.3124,0.5249,2.2635
40.3126,0.5337,2.2991
40.3128,0.6102,2.625
40.3130,0.6238,2.6838
40.3132,0.6134,2.6438
40.3134,0.565,2.4339
40.3136,0.5638,2.4276
40.3138,0.5812,2.5025
40.3140,0.5782,2.4919
40.3142,0.5639,2.4304
40.3144,0.5675,2.4425
40.3146,0.6226,2.6774
40.3148,0.6893,2.964
40.3150,0.6891,2.9602
40.3152,0.7338,3.1524
40.3154,0.7431,3.1955
40.3156,0.732,3.1476
40.3158,0.7236,3.11
40.3160,0.721,3.103
40.3162,0.6717,2.8896
40.3164,0.6551,2.8197
40.3166,0.6314,2.7213
40.3168,0.5819,2.5044
40.3170,0.6216,2.6765
40.3172,0.6033,2.5968
40.3174,0.5907,2.5461
40.3176,0.5754,2.4811
40.3178,0.5676,2.4453
40.3180,0.5645,2.4318
40.3182,0.5663,2.4407
40.3184,0.565,2.4362
40.3186,0.506,2.1828
40.3188,0.4848,2.0874
40.3190,0.5212,2.2506
40.3192,0.4043,1.7466
40.3194,0.388,1.6746
40.3196,0.3896,1.6821
40.3198,0.3926,1.695
40.3200,0.3902,1.6847
40.3202,0.3902,1.6839
40.3204,0.388,1.6738
40.3206,0.3899,1.6837
40.3208,0.4307,1.8597
40.3210,0.4226,1.825
40.3212,0.3994,1.723
40.3214,0.4225,1.8236
40.3216,0.4753,2.0485
40.3218,0.5675,2.4413
40.3220,0.6527,2.8015
40.3222,0.7214,3.1022
40.3224,0.6484,2.7908
40.3226,0.6344,2.7254
40.3228,0.6921,2.9773
40.3230,0.6503,2.7952
40.3232,0.7388,3.171
40.3234,0.8054,3.4534
40.3236,0.8699,3.7213
40.3238,1.0006,4.2864
40.3240,0.9422,4.0401
40.3242,0.9088,3.8971
40.3244,0.9018,3.8614
40.3246,0.9358,4.0053
40.3248,0.9425,4.0397
40.3250,0.9614,4.1185
40.3252,1.01,4.3189
40.3254,1.0672,4.5656
40.3256,1.0603,4.538
40.3258,1.0642,4.5549
40.3260,1.0524,4.5041
40.3262,1.0141,4.3445
40.3264,0.9219,3.955
40.3266,0.8958,3.8429
40.3268,0.8813,3.7789
40.3270,0.92,3.9505
40.3272,0.8801,3.779
40.3274,0.8388,3.5986
40.3276,0.8294,3.5612
40.3278,0.8026,3.4528
40.3280,0.7423,3.186
40.3282,0.821,3.5252
40.3284,0.831,3.5734
40.3286,0.811,3.4825
40.3288,0.8134,3.4928
40.3290,0.8545,3.6711
40.3292,0.8737,3.7465
40.3294,0.8811,3.7784
40.3296,0.9021,3.8665
40.3298,0.9701,4.1598
40.3300,0.9439,4.0491
40.3302,0.92,3.9486
40.3304,0.8772,3.7667
40.3306,0.818,3.5172
40.3308,0.8126,3.4924
40.3310,0.8056,3.4577
40.3312,0.8345,3.5817
40.3314,0.8488,3.6446
40.3316,0.8544,3.6688
40.3318,0.8476,3.6395
40.3320,0.8454,3.6319
40.3322,0.8531,3.6615
40.3324,0.8693,3.7275
40.3326,0.8662,3.721
40.3328,0.8708,3.7376
40.3330,0.8596,3.6961
40.3332,0.7975,3.4307
40.3334,0.8074,3.467
40.3336,0.8634,3.7092
40.3338,0.8134,3.4993
40.3340,0.7211,3.1035
40.3342,0.7316,3.1431
40.3344,0.7644,3.2883
40.3346,0.7401,3.1841
40.3348,0.7563,3.2522
40.3350,0.723,3.1147
40.3352,0.6923,2.9811
40.3354,0.711,3.0616
40.3356,0.6481,2.7931
40.3358,0.5921,2.5518
40.3360,0.6216,2.6827
40.3362,0.5007,2.161
40.3364,0.5113,2.2045
40.3366,0.5701,2.4572
40.3368,0.6282,2.7086
40.3370,0.6493,2.797
40.3372,0.6389,2.7539
40.3374,0.5687,2.451
40.3376,0.5337,2.3033
40.3378,0.5292,2.2842
40.3380,0.5409,2.329
40.3382,0.6536,2.8169
40.3384,0.6194,2.6721
40.3386,0.5725,2.4687
40.3388,0.5559,2.3957
40.3390,0.547,2.3597
40.3392,0.5509,2.3768
40.3394,0.5501,2.372
40.3396,0.5867,2.5274
40.3398,0.5708,2.4615
40.3400,0.5453,2.3525
40.3402,0.5472,2.3607
40.3404,0.5352,2.3069
40.3406,0.5403,2.3296
40.3408,0.5425,2.3406
40.3410,0.5308,2.2877
40.3412,0.5447,2.3499
40.3414,0.5826,2.511
40.3416,0.6142,2.6486
40.3418,0.5364,2.3131
40.3420,0.5402,2.3281
40.3422,0.6084,2.6221
40.3424,0.6087,2.6212
40.3426,0.5993,2.584
40.3428,0.5413,2.3354
40.3430,0.574,2.4726
40.3432,0.5702,2.4578
40.3434,0.538,2.3209
40.3436,0.5514,2.3788
40.3438,0.5402,2.3291
40.3440,0.5352,2.309
40.3442,0.5337,2.3012
40.3444,0.5357,2.3079
40.3446,0.5294,2.2815
40.3448,0.5651,2.4355
40.3450,0.6122,2.6374
40.3452,0.6137,2.6411
40.3454,0.6003,2.5863
40.3456,0.6521,2.8081
40.3458,0.7003,3.0101
40.3460,0.7313,3.1415
40.3462,0.7732,3.3265
40.3464,0.7449,3.2003
40.3466,0.7796,3.3522
40.3468,0.7345,3.1613
40.3470,0.6595,2.837
40.3472,0.6581,2.8313
40.3474,0.7117,3.0619
40.3476,0.7431,3.1881
40.3478,0.8013,3.444
40.3480,0.7057,3.0403
40.3482,0.7031,3.0247
40.3484,0.7399,3.1816
40.3486,0.7114,3.0617
40.3488,0.6777,2.9194
40.3490,0.6488,2.7924
40.3492,0.6544,2.8166
40.3494,0.6842,2.9405
40.3496,0.7548,3.2425
40.3498,0.7892,3.3919
40.3500,0.7433,3.1945
40.3502,0.7428,3.194
40.3504,0.7165,3.0839
40.3506,0.7062,3.0381
40.3508,0.7104,3.0576
40.3510,0.6325,2.7209
40.3512,0.6449,2.7758
40.3514,0.6993,3.0068
40.3516,0.7608,3.2759
40.3518,0.6981,3.0114
40.3520,0.5236,2.2588
40.3522,0.4862,2.0945
40.3524,0.5674,2.4442
40.3526,0.5827,2.5127
40.3528,0.5306,2.2899
40.3530,0.534,2.3006
40.3532,0.6264,2.6984
40.3534,0.5716,2.4623
40.3536,0.5586,2.4121
40.3538,0.4319,1.8666
40.3540,0.4026,1.7393
40.3542,0.4056,1.7523
40.3544,0.4087,1.7649
40.3546,0.4519,1.9513
40.3548,0.4879,2.1037
40.3550,0.52,2.2392
40.3552,0.5884,2.5358
40.3554,0.5722,2.4672
40.3556,0.5949,2.5559
40.3558,0.6939,2.9822
40.3560,0.7181,3.0849
40.3562,0.8212,3.5213
40.3564,0.8614,3.697
40.3566,0.8538,3.668
40.3568,0.8356,3.5863
40.3570,0.8442,3.6217
40.3572,0.9082,3.8927
40.3574,0.9753,4.1761
40.3576,0.9769,4.1833
40.3578,0.9622,4.1221
40.3580,0.9688,4.1523
40.3582,0.964,4.1336
40.3584,0.9912,4.2444
40.3586,1.0696,4.5823
40.3588,1.0723,4.5872
40.3590,1.1376,4.8713
40.3592,1.0986,4.7022
40.3594,1.1229,4.8014
40.3596,1.1014,4.7228
40.3598,0.9735,4.1781
40.3600,0.8994,3.8637
40.3602,0.8606,3.6939
40.3604,0.8641,3.7088
40.3606,0.8931,3.8316
40.3608,0.8935,3.8402
40.3610,0.8249,3.5422
40.3612,0.8572,3.6841
40.3614,0.8441,3.6246
40.3616,0.8241,3.5468
40.3618,0.6882,2.9594
40.3620,0.7344,3.1535
40.3622,0.8349,3.5866
40.3624,0.8983,3.8573
40.3626,0.9449,4.0557
40.3628,0.8458,3.6402
40.3630,0.7442,3.2002
40.3632,0.7536,3.2419
40.3634,0.7,3.0099
40.3636,0.7367,3.1691
40.3638,0.7429,3.1989
40.3640,0.6867,2.9568
40.3642,0.6907,2.9702
40.3644,0.7439,3.2046
40.3646,0.694,2.9897
40.3648,0.6886,2.9651
40.3650,0.6773,2.9179
40.3652,0.6445,2.7764
40.3654,0.6392,2.7549
40.3656,0.6226,2.6786
40.3658,0.7112,3.0626
40.3660,0.7249,3.1258
40.3662,0.6079,2.6176
40.3664,0.6404,2.7575
40.3666,0.7187,3.0903
40.3668,0.6995,3.0134
40.3670,0.6309,2.7155
40.3672,0.6014,2.5945
40.3674,0.588,2.5331
40.3676,0.6627,2.8496
40.3678,0.7276,3.1314
40.3680,0.7164,3.0848
40.3682,0.6708,2.894
40.3684,0.5433,2.3426
40.3686,0.5802,2.4995
40.3688,0.5742,2.4771
40.3690,0.5677,2.4458
40.3692,0.5982,2.5782
40.3694,0.649,2.7986
40.3696,0.5891,2.5401
40.3698,0.5501,2.3742
40.3700,0.5199,2.2418
40.3702,0.577,2.4879
40.3704,0.5762,2.4813
40.3706,0.6264,2.6996
40.3708,0.5846,2.5233
40.3710,0.5466,2.3581
40.3712,0.5411,2.3333
40.3714,0.5548,2.3933
40.3716,0.5589,2.4098
40.3718,0.5936,2.5562
40.3720,0.644,2.7691
40.3722,0.6844,2.9443
40.3724,0.6047,2.6109
40.3726,0.5011,2.1606
40.3728,0.5656,2.4376
40.3730,0.511,2.2076
40.3732,0.458,1.9786
40.3734,0.4649,2.0054
40.3736,0.4846,2.0917
40.3738,0.4729,2.041
40.3740,0.4677,2.0178
40.3742,0.4676,2.0182
40.3744,0.5056,2.1812
40.3746,0.5011,2.1636
40.3748,0.4644,2.0033
40.3750,0.4599,1.9842
40.3752,0.4851,2.0918
40.3754,0.531,2.2898
40.3756,0.5615,2.4223
40.3758,0.547,2.3608
40.3760,0.4848,2.0932
40.3762,0.4555,1.9659
40.3764,0.4884,2.1077
40.3766,0.4864,2.0985
40.3768,0.4878,2.1012
40.3770,0.5279,2.2753
40.3772,0.5338,2.2985
40.3774,0.5725,2.4676
40.3776,0.5561,2.3957
40.3778,0.5791,2.4972
40.3780,0.5065,2.1869
40.3782,0.4541,1.9606
40.3784,0.456,1.9653
40.3786,0.4686,2.0195
40.3788,0.5078,2.1865
40.3790,0.5427,2.3367
40.3792,0.5656,2.4342
40.3794,0.6395,2.7513
40.3796,0.6718,2.8901
40.3798,0.6676,2.8734
40.3800,0.6548,2.8168
40.3802,0.6503,2.8004
40.3804,0.5726,2.467
40.3806,0.562,2.421
40.3808,0.605,2.6028
40.3810,0.6768,2.909
40.3812,0.7437,3.1966
40.3814,0.7693,3.3033
40.3816,0.7044,3.0332
40.3818,0.5858,2.5238
40.3820,0.6013,2.5892
40.3822,0.5801,2.5001
40.3824,0.5695,2.4512
40.3826,0.5784,2.4883
40.3828,0.6512,2.8027
40.3830,0.6839,2.9436
40.3832,0.6176,2.6594
40.3834,0.5699,2.4539
40.3836,0.5917,2.5479
40.3838,0.5878,2.5309
40.3840,0.5941,2.5582
40.3842,0.5619,2.4216
40.3844,0.5,2.1539
40.3846,0.5427,2.3411
40.3848,0.4868,2.0991
40.3850,0.5063,2.1813
40.3852,0.527,2.2733
40.3854,0.4328,1.869
40.3856,0.3869,1.6699
40.3858,0.3824,1.651
40.3860,0.385,1.6624
40.3862,0.3843,1.6593
40.3864,0.3906,1.686
40.3866,0.4298,1.8543
40.3868,0.4701,2.0291
40.3870,0.4051,1.7502
40.3872,0.3863,1.6681
40.3874,0.39,1.6826
40.3876,0.3974,1.7142
40.3878,0.3977,1.7173
40.3880,0.4434,1.9119
40.3882,0.4602,1.9824
40.3884,0.5276,2.2727
40.3886,0.55,2.3693
40.3888,0.555,2.3855
40.3890,0.6903,2.964
40.3892,0.7794,3.345
40.3894,0.8308,3.5641
40.3896,0.8087,3.4694
40.3898,0.8096,3.4747
40.3900,0.863,3.699
40.3902,0.9139,3.9151
40.3904,0.8922,3.8257
40.3906,0.8604,3.6929
40.3908,0.847,3.6268
40.3910,0.9441,4.0464
40.3912,0.9534,4.0884
40.3914,0.9627,4.1203
40.3916,0.9975,4.2731
40.3918,0.9961,4.2634
40.3920,1.0711,4.5735
40.3922,1.1513,4.9229
40.3924,1.0677,4.5677
40.3926,1.0968,4.6901
40.3928,1.1241,4.8133
40.3930,1.0371,4.4431
40.3932,0.9627,4.126
40.3934,0.9057,3.8838
40.3936,0.9165,3.9227
40.3938,0.999,4.2778
40.3940,0.9539,4.0885
40.3942,0.9718,4.1612
40.3944,1.0546,4.516
40.3946,1.0147,4.3389
40.3948,1.1093,4.7412
40.3950,1.1266,4.8263
40.3952,1.0228,4.3774
40.3954,1.0056,4.304
40.3956,1.0526,4.5136
40.3958,0.9608,4.1217
40.3960,0.9184,3.9401
40.3962,0.931,3.9922
40.3964,0.9556,4.0995
40.3966,0.9285,3.9852
40.3968,0.8705,3.7326
40.3970,0.9087,3.9002
40.3972,0.8851,3.8024
40.3974,0.8778,3.7692
40.3976,0.8756,3.7617
40.3978,0.8417,3.6159
40.3980,0.8423,3.6202
40.3982,0.8413,3.6127
40.3984,0.8493,3.645
40.3986,0.8825,3.7928
40.3988,0.8569,3.6831
40.3990,0.837,3.6026
40.3992,0.7277,3.1348
40.3994,0.6832,2.9418
40.3996,0.67,2.885
40.3998,0.6842,2.9418
40.4000,0.7376,3.1733
40.4002,0.7581,3.2615
40.4004,0.774,3.3265
40.4006,0.794,3.4173
40.4008,0.769,3.31
40.4010,0.7109,3.0597
40.4012,0.6912,2.9737
40.4014,0.7471,3.217
40.4016,0.7214,3.1065
40.4018,0.6702,2.8874
40.4020,0.6768,2.9145
40.4022,0.6415,2.7673
40.4024,0.5731,2.4736
40.4026,0.4948,2.1367
40.4028,0.497,2.143
40.4030,0.5352,2.3069
40.4032,0.5946,2.5615
40.4034,0.5742,2.4783
40.4036,0.5481,2.3654
40.4038,0.5315,2.293
40.4040,0.5375,2.3188
40.4042,0.5348,2.3069
40.4044,0.5379,2.3193
40.4046,0.5461,2.3517
40.4048,0.6238,2.6863
40.4050,0.5808,2.5044
40.4052,0.5343,2.3059
40.4054,0.5367,2.3141
40.4056,0.5367,2.3141
40.4058,0.5232,2.2573
40.4060,0.5475,2.3596
40.4062,0.5526,2.3818
40.4064,0.5647,2.434
40.4066,0.5288,2.2811
40.4068,0.5247,2.2614
40.4070,0.5579,2.4034
40.4072,0.6247,2.6911
40.4074,0.6196,2.6719
40.4076,0.5366,2.3136
40.4078,0.5163,2.2283
40.4080,0.5182,2.2366
40.4082,0.5165,2.2283
40.4084,0.5277,2.2754
40.4086,0.5499,2.3677
40.4088,0.6135,2.6419
40.4090,0.6301,2.7106
40.4092,0.7093,3.0501
40.4094,0.7175,3.0881
40.4096,0.6589,2.8331
40.4098,0.6907,2.9702
40.4100,0.7085,3.0465
40.4102,0.7196,3.0973
40.4104,0.6869,2.9592
40.4106,0.665,2.8647
40.4108,0.6098,2.6283
40.4110,0.6062,2.6116
40.4112,0.6231,2.6807
40.4114,0.6996,3.0056
40.4116,0.6928,2.9776
40.4118,0.6975,3.0005
40.4120,0.6925,2.9779
40.4122,0.7232,3.1128
40.4124,0.6897,2.9697
40.4126,0.6676,2.8694
40.4128,0.7356,3.1616
40.4130,0.744,3.2006
40.4132,0.7219,3.1014
40.4134,0.7909,3.3991
40.4136,0.7582,3.2605
40.4138,0.7947,3.4188
40.4140,0.7457,3.2048
40.4142,0.747,3.209
40.4144,0.7523,3.2362
40.4146,0.6909,2.9721
40.4148,0.7577,3.2579
40.4150,0.7519,3.2347
40.4152,0.6714,2.8899
40.4154,0.6723,2.8922
40.4156,0.7561,3.2512
40.4158,0.8162,3.5079
40.4160,0.765,3.2939
40.4162,0.6383,2.7475
40.4164,0.7029,3.0265
40.4166,0.6242,2.6891
40.4168,0.5647,2.4329
40.4170,0.5683,2.4484
40.4172,0.6108,2.6324
40.4174,0.6027,2.6014
40.4176,0.5255,2.2661
40.4178,0.5316,2.2892
40.4180,0.5427,2.3432
40.4182,0.502,2.1687
40.4184,0.4382,1.8906
40.4186,0.4164,1.7989
40.4188,0.4033,1.7433
40.4190,0.3941,1.7034
40.4192,0.4308,1.8593
40.4194,0.4334,1.8716
40.4196,0.3938,1.7002
40.4198,0.3899,1.6829
40.4200,0.3896,1.6837
40.4202,0.3875,1.6749
40.4204,0.3928,1.6961
40.4206,0.3944,1.7044
40.4208,0.3922,1.6943
40.4210,0.3939,1.7007
40.4212,0.3984,1.7196
40.4214,0.421,1.8161
40.4216,0.4658,2.0077
40.4218,0.5284,2.2764
40.4220,0.5093,2.1942
40.4222,0.5382,2.3198
40.4224,0.6259,2.6913
40.4226,0.7526,3.2302
40.4228,0.8337,3.5764
40.4230,0.827,3.546
40.4232,0.8598,3.6886
40.4234,0.8948,3.837
40.4236,0.8858,3.8002
40.4238,0.9704,4.1609
40.4240,0.9699,4.153
40.4242,0.9876,4.231
40.4244,0.996,4.2669
40.4246,0.9815,4.2048
40.4248,1.0045,4.3034
40.4250,1.0309,4.404
40.4252,1.1274,4.8254
40.4254,1.1027,4.7219
40.4256,1.1106,4.7491
40.4258,1.088,4.6565
40.4260,1.0223,4.3855
40.4262,0.9132,3.9211
40.4264,0.8852,3.7994
40.4266,0.863,3.7059
40.4268,0.8922,3.8328
40.4270,0.8892,3.8128
40.4272,0.9493,4.0723
40.4274,0.9431,4.0479
40.4276,0.8453,3.6331
40.4278,0.7596,3.2601
40.4280,0.8494,3.6557
40.4282,0.7726,3.3208
40.4284,0.8202,3.5237
40.4286,0.8214,3.5273
40.4288,0.8404,3.6086
40.4290,0.816,3.5008
40.4292,0.849,3.6525
40.4294,0.7559,3.2502
40.4296,0.7689,3.3033
40.4298,0.8505,3.6501
40.4300,0.8903,3.821
40.4302,0.8704,3.7425
40.4304,0.7864,3.3816
40.4306,0.7752,3.3316
40.4308,0.7635,3.2816
40.4310,0.7853,3.3723
40.4312,0.8505,3.6552
40.4314,0.8231,3.5394
40.4316,0.819,3.5153
40.4318,0.912,3.9105
40.4320,0.9749,4.1824
40.4322,0.952,4.0841
40.4324,0.9358,4.0128
40.4326,0.9472,4.0673
40.4328,0.8702,3.7438
40.4330,0.7883,3.3946
40.4332,0.7445,3.2056
40.4334,0.7272,3.1269
40.4336,0.7322,3.1515
40.4338,0.6815,2.9373
40.4340,0.619,2.6681
40.4342,0.6265,2.7001
40.4344,0.6378,2.7474
40.4346,0.6374,2.7484
40.4348,0.5731,2.4725
40.4350,0.5473,2.3623
40.4352,0.5155,2.2278
40.4354,0.4497,1.942
40.4356,0.472,2.0374
40.4358,0.503,2.1689
40.4360,0.5597,2.4123
40.4362,0.6238,2.6925
40.4364,0.5607,2.4209
40.4366,0.4854,2.0958
40.4368,0.4587,1.9808
40.4370,0.4561,1.9704
40.4372,0.4662,2.0092
40.4374,0.5559,2.3957
40.4376,0.5508,2.3751
40.4378,0.5515,2.3805
40.4380,0.5458,2.3534
40.4382,0.5554,2.3937
40.4384,0.5713,2.4658
40.4386,0.5542,2.3885
40.4388,0.5712,2.4608
40.4390,0.5509,2.3757
40.4392,0.5234,2.2588
40.4394,0.4583,1.9797
40.4396,0.4481,1.9356
40.4398,0.4404,1.9016
40.4400,0.4385,1.8942
40.4402,0.4491,1.9412
40.4404,0.4481,1.9348
40.4406,0.4461,1.9256
40.4408,0.4394,1.8966
40.4410,0.4352,1.8785
40.4412,0.4471,1.9306
40.4414,0.449,1.9407
40.4416,0.446,1.926
40.4418,0.437,1.8854
40.4420,0.4356,1.8809
40.4422,0.4531,1.9547
40.4424,0.5079,2.1901
40.4426,0.4854,2.0948
40.4428,0.4454,1.9216
40.4430,0.4638,2.0007
40.4432,0.461,1.9907
40.4434,0.4837,2.0856
40.4436,0.5434,2.3442
40.4438,0.4728,2.0405
40.4440,0.4557,1.9661
40.4442,0.4759,2.052
40.4444,0.4795,2.0685
40.4446,0.4574,1.9751
40.4448,0.4509,1.9463
40.4450,0.4902,2.1126
40.4452,0.549,2.3663
40.4454,0.5607,2.4153
40.4456,0.5553,2.3921
40.4458,0.5768,2.4827
40.4460,0.6333,2.7233
40.4462,0.6621,2.847
40.4464,0.6364,2.7379
40.4466,0.6382,2.7469
40.4468,0.6081,2.6198
40.4470,0.5875,2.531
40.4472,0.6302,2.7111
40.4474,0.6705,2.8817
40.4476,0.7086,3.047
40.4478,0.7208,3.1011
40.4480,0.6644,2.8581
40.4482,0.6482,2.7898
40.4484,0.7007,3.0102
40.4486,0.776,3.3337
40.4488,0.7451,3.2038
40.4490,0.6796,2.925
40.4492,0.6797,2.9241
40.4494,0.6904,2.9673
40.4496,0.6948,2.9877
40.4498,0.7198,3.095
40.4500,0.7688,3.3012
40.4502,0.8045,3.4579
40.4504,0.744,3.2021
40.4506,0.6536,2.813
40.4508,0.6521,2.8055
40.4510,0.6599,2.839
40.4512,0.6981,2.9961
40.4514,0.8132,3.495
40.4516,0.6858,2.9546
40.4518,0.5939,2.5572
40.4520,0.6135,2.6431
40.4522,0.6548,2.8195
40.4524,0.5999,2.5854
40.4526,0.5249,2.2666
40.4528,0.4352,1.8785
40.4530,0.4163,1.7967
40.4532,0.4209,1.8172
40.4534,0.4279,1.8478
40.4536,0.4318,1.8626
40.4538,0.4777,2.0626
40.4540,0.4097,1.7683
40.4542,0.4194,1.811
40.4544,0.4218,1.8205
40.4546,0.4565,1.9664
40.4548,0.5199,2.2386
40.4550,0.5991,2.5799
40.4552,0.6156,2.6531
40.4554,0.5659,2.4312
40.4556,0.7151,3.0706
40.4558,0.7776,3.3388
40.4560,0.8386,3.5942
40.4562,0.9224,3.9515
40.4564,0.8969,3.8457
40.4566,0.9152,3.9171
40.4568,1.0725,4.5903
40.4570,1.0754,4.5984
40.4572,1.0681,4.5735
40.4574,1.0032,4.2897
40.4576,1.0417,4.4564
40.4578,0.9996,4.2863
40.4580,0.997,4.2611
40.4582,1.0988,4.7005
40.4584,1.1009,4.7142
40.4586,1.106,4.7269
40.4588,1.1768,5.0203
40.4590,1.2756,5.4392
40.4592,1.207,5.1637
40.4594,1.0801,4.6378
40.4596,0.9314,3.9956
40.4598,0.941,4.0368
40.4600,0.947,4.0625
40.4602,0.9363,4.0149
40.4604,0.9362,4.0087
40.4606,1.0106,4.3276
40.4608,0.9885,4.2365
40.4610,0.9728,4.1692
40.4612,1.0371,4.4493
40.4614,1.0121,4.3357
40.4616,1.031,4.4169
40.4618,1.0263,4.3928
40.4620,1.0145,4.3501
40.4622,0.9714,4.1655
40.4624,0.9545,4.093
40.4626,0.963,4.1372
40.4628,0.906,3.8902
40.4630,0.9357,4.0123
40.4632,0.9118,3.9191
40.4634,0.8334,3.5787
40.4636,0.8909,3.8271
40.4638,0.8614,3.7039
40.4640,0.7898,3.3945
40.4642,0.8065,3.4677
40.4644,0.8495,3.6494
40.4646,0.9112,3.9129
40.4648,0.8686,3.7331
40.4650,0.8012,3.4434
40.4652,0.7903,3.3966
40.4654,0.8039,3.4537
40.4656,0.8698,3.7365
40.4658,0.9042,3.8825
40.4660,0.9183,3.9396
40.4662,0.9805,4.2105
40.4664,0.9284,3.9884
40.4666,0.8555,3.6752
40.4668,0.8719,3.7475
40.4670,0.8037,3.4543
40.4672,0.7905,3.4039
40.4674,0.7885,3.3936
40.4676,0.7813,3.3579
40.4678,0.8302,3.5698
40.4680,0.7277,3.1392
40.4682,0.5873,2.5323
40.4684,0.6454,2.7779
40.4686,0.7138,3.0721
40.4688,0.6981,3.0058
40.4690,0.7096,3.0582
40.4692,0.6916,2.9821
40.4694,0.6681,2.8794
40.4696,0.6659,2.8688
40.4698,0.6596,2.8414
40.4700,0.6798,2.9287
40.4702,0.6856,2.9563
40.4704,0.6662,2.8698
40.4706,0.606,2.6142
40.4708,0.5352,2.3069
40.4710,0.67,2.885
40.4712,0.6961,3.0004
40.4714,0.5671,2.4466
40.4716,0.5303,2.2889
40.4718,0.5289,2.2826
40.4720,0.5435,2.3447
40.4722,0.5315,2.2951
40.4724,0.5266,2.2739
40.4726,0.5229,2.2557
40.4728,0.5224,2.2526
40.4730,0.5313,2.2919
40.4732,0.5484,2.367
40.4734,0.5301,2.2857
40.4736,0.5244,2.2625
40.4738,0.5774,2.4922
40.4740,0.5742,2.476
40.4742,0.6452,2.7756
40.4744,0.7407,3.1852
40.4746,0.7909,3.4039
40.4748,0.7036,3.031
40.4750,0.6056,2.6102
40.4752,0.5488,2.3686
40.4754,0.54,2.3308
40.4756,0.5849,2.5196
40.4758,0.6247,2.6936
40.4760,0.6092,2.6281
40.4762,0.5631,2.4301
40.4764,0.5472,2.3585
40.4766,0.5344,2.3054
40.4768,0.5304,2.2862
40.4770,0.5906,2.5456
40.4772,0.6202,2.6733
40.4774,0.6391,2.7518
40.4776,0.6899,2.9666
40.4778,0.6864,2.9571
40.4780,0.6621,2.847
40.4782,0.7112,3.0641
40.4784,0.6259,2.6975
40.4786,0.63,2.7151
40.4788,0.622,2.6798
40.4790,0.6683,2.8778
40.4792,0.7041,3.0274
40.4794,0.7457,3.2063
40.4796,0.7517,3.2321
40.4798,0.7754,3.3342
40.4800,0.761,3.2723
40.4802,0.7327,3.1507
40.4804,0.6984,3.0088
40.4806,0.7049,3.0353
40.4808,0.9115,3.9121
40.4810,0.8819,3.7903
40.4812,0.7344,3.1593
40.4814,0.6955,2.9964
40.4816,0.6795,2.9258
40.4818,0.7026,3.0227
40.4820,0.7442,3.2002
40.4822,0.7502,3.2289
40.4824,0.7258,3.1222
40.4826,0.7077,3.0429
40.4828,0.7273,3.1304
40.4830,0.7069,3.0412
40.4832,0.7066,3.0397
40.4834,0.7043,3.0327
40.4836,0.6604,2.8437
40.4838,0.6254,2.698
40.4840,0.5842,2.5142
40.4842,0.7412,3.1858
40.4844,0.7377,3.1753
40.4846,0.6349,2.7426
40.4848,0.4469,1.9323
40.4850,0.4089,1.7679
40.4852,0.4053,1.7524
40.4854,0.3987,1.7222
40.4856,0.3987,1.7222
40.4858,0.4035,1.7438
40.4860,0.4042,1.7469
40.4862,0.4012,1.7339
40.4864,0.3935,1.7
40.4866,0.3852,1.665
40.4868,0.388,1.6761
40.4870,0.3878,1.6743
40.4872,0.391,1.6899
40.4874,0.3994,1.7254
40.4876,0.4331,1.8674
40.4878,0.4925,2.1229
40.4880,0.5985,2.5785
40.4882,0.6086,2.6207
40.4884,0.6553,2.815
40.4886,0.7734,3.3192
40.4888,0.8645,3.7138
40.4890,0.8088,3.4716
40.4892,0.8403,3.603
40.4894,0.8829,3.7861
40.4896,0.9012,3.857
40.4898,1.0019,4.2921
40.4900,0.9875,4.2344
40.4902,0.9555,4.0933
40.4904,0.975,4.1829
40.4906,0.9629,4.129
40.4908,0.9787,4.1949
40.4910,0.9988,4.2807
40.4912,0.9707,4.1527
40.4914,1.0853,4.6431
40.4916,1.1248,4.8163
40.4918,1.0311,4.4257
40.4920,0.9291,3.9877
40.4922,0.9199,3.9481
40.4924,0.941,4.033
40.4926,0.9841,4.2259
40.4928,0.9326,3.9952
40.4930,0.9622,4.1259
40.4932,0.9332,4.0034
40.4934,0.9531,4.0926
40.4936,0.9489,4.0688
40.4938,0.9506,4.0741
40.4940,0.9901,4.2457
40.4942,1.026,4.3953
40.4944,1.0771,4.612
40.4946,1.0548,4.527
40.4948,0.9374,4.0307
40.4950,0.8533,3.6659
40.4952,0.8722,3.745
40.4954,0.8792,3.7807
40.4956,0.9013,3.8756
40.4958,0.8923,3.8315
40.4960,0.8901,3.8223
40.4962,0.9074,3.8928
40.4964,0.9198,3.955
40.4966,0.8261,3.5572
40.4968,0.7452,3.2117
40.4970,0.6586,2.8373
40.4972,0.6839,2.9449
40.4974,0.7258,3.1266
40.4976,0.7218,3.1052
40.4978,0.758,3.264
40.4980,0.7375,3.1772
40.4982,0.7605,3.2733
40.4984,0.7525,3.2387
40.4986,0.7182,3.0883
40.4988,0.7681,3.3043
40.4990,0.7713,3.3228
40.4992,0.7054,3.0317
40.4994,0.7554,3.2481
40.4996,0.7211,3.1079
40.4998,0.7133,3.0714
40.5000,0.7563,3.2522
40.5002,0.7931,3.4153
40.5004,0.6459,2.7877
40.5006,0.5403,2.3329
40.5008,0.5448,2.346
40.5010,0.5875,2.5345
40.5012,0.5652,2.4394
40.5014,0.5104,2.206
40.5016,0.4863,2.0999
40.5018,0.4807,2.0765
40.5020,0.4789,2.0688
40.5022,0.4857,2.0983
40.5024,0.4904,2.1156
40.5026,0.5262,2.2681
40.5028,0.547,2.363
40.5030,0.429,1.8533
40.5032,0.4042,1.7485
40.5034,0.4164,1.7997
40.5036,0.459,1.9819
40.5038,0.4514,1.9484
40.5040,0.477,2.0576
40.5042,0.5447,2.3466
40.5044,0.564,2.4331
40.5046,0.5008,2.1626
40.5048,0.4711,2.0332
40.5050,0.5005,2.16
40.5052,0.5514,2.3799
40.5054,0.5031,2.1704
40.5056,0.4833,2.087
40.5058,0.4874,2.1046
40.5060,0.4922,2.1243
40.5062,0.4855,2.0943
40.5064,0.4714,2.0338
40.5066,0.4734,2.0449
40.5068,0.4535,1.9581
40.5070,0.439,1.8954
40.5072,0.4309,1.8607
40.5074,0.4508,1.9449
40.5076,0.4762,2.0536
40.5078,0.4878,2.1022
40.5080,0.5225,2.251
40.5082,0.5693,2.4525
40.5084,0.5936,2.5573
40.5086,0.6403,2.7532
40.5088,0.644,2.7717
40.5090,0.6236,2.6852
40.5092,0.623,2.6789
40.5094,0.656,2.8233
40.5096,0.6526,2.8128
40.5098,0.5652,2.4361
40.5100,0.5583,2.4061
40.5102,0.5653,2.432
40.5104,0.6288,2.7087
40.5106,0.611,2.6322
40.5108,0.5975,2.5727
40.5110,0.6453,2.7748
40.5112,0.6717,2.8909
40.5114,0.614,2.6476
40.5116,0.5801,2.5013
40.5118,0.5644,2.4313
40.5120,0.6033,2.5944
40.5122,0.6665,2.8687
40.5124,0.6734,2.8981
40.5126,0.6853,2.9456
40.5128,0.7095,3.0492
40.5130,0.7425,3.1929
40.5132,0.7756,3.3352
40.5134,0.7672,3.2961
40.5136,0.7289,3.1371
40.5138,0.6934,2.9857
40.5140,0.6532,2.8088
40.5142,0.6433,2.7699
40.5144,0.6511,2.7996
40.5146,0.6658,2.8683
40.5148,0.5833,2.5153
40.5150,0.5894,2.5416
40.5152,0.6051,2.6057
40.5154,0.6036,2.6002
40.5156,0.6382,2.7469
40.5158,0.6785,2.9163
40.5160,0.6653,2.8649
40.5162,0.6862,2.952
40.5164,0.6599,2.843
40.5166,0.5957,2.5673
40.5168,0.5759,2.4809
40.5170,0.6276,2.701
40.5172,0.6207,2.6766
40.5174,0.5204,2.2428
40.5176,0.5202,2.2433
40.5178,0.5129,2.2107
40.5180,0.5307,2.2893
40.5182,0.5183,2.2361
40.5184,0.5219,2.2505
40.5186,0.4667,2.0122
40.5188,0.4554,1.9672
40.5190,0.4108,1.7746
40.5192,0.3972,1.716
40.5194,0.3989,1.7193
40.5196,0.4573,1.9737
40.5198,0.4063,1.7562
40.5200,0.397,1.715
40.5202,0.3929,1.6974
40.5204,0.3927,1.6948
40.5206,0.4206,1.8145
40.5208,0.4688,2.0206
40.5210,0.5057,2.1797
40.5212,0.5423,2.3352
40.5214,0.5867,2.5215
40.5216,0.6849,2.9463
40.5218,0.7184,3.0893
40.5220,0.7108,3.0549
40.5222,0.7214,3.0964
40.5224,0.765,3.2817
40.5226,0.7957,3.415
40.5228,0.8743,3.7421
40.5230,0.9395,4.0306
40.5232,0.859,3.6867
40.5234,0.8413,3.6077
40.5236,0.8416,3.6104
40.5238,0.9247,3.9594
40.5240,0.9175,3.9305
40.5242,0.9458,4.046
40.5244,0.9983,4.2847
40.5246,0.8905,3.8202
40.5248,0.9413,4.0327
40.5250,0.9556,4.0957
40.5252,0.9527,4.0834
40.5254,0.896,3.8493
40.5256,0.7985,3.4289
40.5258,0.8238,3.5359
40.5260,0.855,3.6697
40.5262,0.8567,3.682
40.5264,0.8435,3.6237
40.5266,0.8232,3.535
40.5268,0.8074,3.4654
40.5270,0.7966,3.4255
40.5272,0.8112,3.4835
40.5274,0.8544,3.6688
40.5276,0.8479,3.641
40.5278,0.8259,3.5463
40.5280,0.8566,3.6747
40.5282,0.8764,3.756
40.5284,0.908,3.8935
40.5286,0.9334,4.0007
40.5288,0.9479,4.0628
40.5290,0.9308,3.9875
40.5292,1.0008,4.2935
40.5294,0.9207,3.9554
40.5296,0.8622,3.7023
40.5298,0.8566,3.6781
40.5300,0.8533,3.6642
40.5302,0.8508,3.6534
40.5304,0.8695,3.7302
40.5306,0.8777,3.7652
40.5308,0.9244,3.9658
40.5310,1.0031,4.3032
40.5312,1.0103,4.326
40.5314,1.003,4.2987
40.5316,0.9837,4.2179
40.5318,0.9829,4.2168
40.5320,0.9561,4.0978
40.5322,0.9494,4.0747
40.5324,0.929,3.9872
40.5326,0.9552,4.0999
40.5328,0.8901,3.8258
40.5330,0.787,3.3874
40.5332,0.7382,3.1803
40.5334,0.6352,2.7404
40.5336,0.6166,2.654
40.5338,0.6593,2.8391
40.5340,0.6529,2.8138
40.5342,0.6296,2.7136
40.5344,0.6288,2.7137
40.5346,0.5086,2.1942
40.5348,0.5202,2.2433
40.5350,0.5343,2.3038
40.5352,0.5378,2.3177
40.5354,0.5481,2.3643
40.5356,0.5447,2.351
40.5358,0.5448,2.3482
40.5360,0.6148,2.6439
40.5362,0.6887,2.9656
40.5364,0.638,2.7523
40.5366,0.553,2.3844
40.5368,0.5422,2.3358
40.5370,0.6125,2.6372
40.5372,0.5824,2.5111
40.5374,0.618,2.6634
40.5376,0.6238,2.685
40.5378,0.6548,2.8195
40.5380,0.6306,2.7177
40.5382,0.6372,2.7487
40.5384,0.561,2.4202
40.5386,0.5361,2.3116
40.5388,0.5696,2.4586
40.5390,0.5374,2.3194
40.5392,0.5273,2.2749
40.5394,0.5306,2.2878
40.5396,0.5285,2.2779
40.5398,0.527,2.2723
40.5400,0.525,2.265
40.5402,0.5412,2.3305
40.5404,0.617,2.6593
40.5406,0.5471,2.3602
40.5408,0.5252,2.2677
40.5410,0.5213,2.249
40.5412,0.5198,2.2402
40.5414,0.5268,2.2717
40.5416,0.5238,2.2578
40.5418,0.5591,2.4086
40.5420,0.5798,2.4991
40.5422,0.5247,2.2614
40.5424,0.5354,2.3095
40.5426,0.5344,2.3075
40.5428,0.5244,2.2604
40.5430,0.5155,2.2226
40.5432,0.517,2.2304
40.5434,0.5258,2.2681
40.5436,0.5484,2.3615
40.5438,0.6271,2.6964
40.5440,0.6836,2.9406
40.5442,0.7139,3.074
40.5444,0.6596,2.8388
40.5446,0.6628,2.8514
40.5448,0.6985,3.0065
40.5450,0.6471,2.7864
40.5452,0.6713,2.884
40.5454,0.7482,3.2142
40.5456,0.8103,3.481
40.5458,0.8264,3.55
40.5460,0.8194,3.5185
40.5462,0.8212,3.5246
40.5464,0.8335,3.5826
40.5466,0.7812,3.3558
40.5468,0.749,3.2178
40.5470,0.7431,3.197
40.5472,0.7285,3.1312
40.5474,0.7446,3.1987
40.5476,0.7806,3.3579
40.5478,0.7217,3.1032
40.5480,0.7284,3.1306
40.5482,0.7489,3.2173
40.5484,0.7657,3.2894
40.5486,0.7529,3.2373
40.5488,0.7447,3.2007
40.5490,0.7332,3.1586
40.5492,0.6596,2.8388
40.5494,0.6461,2.7823
40.5496,0.6096,2.6273
40.5498,0.6177,2.6599
40.5500,0.6476,2.7911
40.5502,0.5758,2.4815
40.5504,0.549,2.3652
40.5506,0.5951,2.5659
40.5508,0.5816,2.5092
40.5510,0.5424,2.339
40.5512,0.5075,2.1915
40.5514,0.4119,1.78
40.5516,0.3985,1.7225
40.5518,0.3969,1.7129
40.5520,0.4315,1.8607
40.5522,0.4664,2.014
40.5524,0.4115,1.7777
40.5526,0.4017,1.736
40.5528,0.3921,1.693
40.5530,0.3887,1.6793
40.5532,0.3881,1.6759
40.5534,0.396,1.7109
40.5536,0.3952,1.7064
40.5538,0.4146,1.7878
40.5540,0.4717,2.0349
40.5542,0.515,2.2164
40.5544,0.6545,2.8132
40.5546,0.7672,3.2945
40.5548,0.7473,3.2136
40.5550,0.7455,3.2013
40.5552,0.7936,3.411
40.5554,0.734,3.1549
40.5556,0.7734,3.3177
40.5558,0.8618,3.7008
40.5560,0.9,3.8609
40.5562,0.9182,3.9354
40.5564,1.0032,4.2897
40.5566,1.0602,4.5375
40.5568,1.0803,4.6215
40.5570,1.0797,4.6211
40.5572,1.0668,4.5678
40.5574,1.0604,4.5491
40.5576,0.875,3.7539
40.5578,0.9056,3.8832
40.5580,0.9502,4.0726
40.5582,0.9628,4.1227
40.5584,0.954,4.089
40.5586,0.9476,4.0689
40.5588,0.9044,3.8835
40.5590,0.9005,3.8647
40.5592,0.9002,3.8565
40.5594,0.9726,4.1687
40.5596,1.0014,4.294
40.5598,0.9383,4.0255
40.5600,0.8989,3.8563
40.5602,0.9327,4.0032
40.5604,0.8987,3.8588
40.5606,0.8268,3.5587
40.5608,0.7294,3.1377
40.5610,0.7267,3.1263
40.5612,0.7211,3.1035
40.5614,0.7026,3.0255
40.5616,0.7054,3.0331
40.5618,0.7041,3.0317
40.5620,0.7171,3.0836
40.5622,0.7912,3.4023
40.5624,0.7418,3.1884
40.5626,0.7603,3.2723
40.5628,0.6978,3.0048
40.5630,0.6476,2.7846
40.5632,0.7374,3.1708
40.5634,0.7785,3.3445
40.5636,0.8122,3.4909
40.5638,0.7496,3.2294
40.5640,0.6553,2.8202
40.5642,0.6748,2.907
40.5644,0.6503,2.7978
40.5646,0.7322,3.1471
40.5648,0.7519,3.2316
40.5650,0.7588,3.2676
40.5652,0.6877,2.9614
40.5654,0.7296,3.1387
40.5656,0.7433,3.196
40.5658,0.7719,3.3208
40.5660,0.7386,3.1744
40.5662,0.8062,3.4715
40.5664,0.644,2.7717
40.5666,0.6681,2.8781
40.5668,0.7007,3.02
40.5670,0.6694,2.8851
40.5672,0.5484,2.367
40.5674,0.538,2.3209
40.5676,0.5603,2.4182
40.5678,0.5107,2.203
40.5680,0.5206,2.2449
40.5682,0.5449,2.3509
40.5684,0.5441,2.344
40.5686,0.5866,2.5292
40.5688,0.6141,2.6457
40.5690,0.6518,2.8066
40.5692,0.6144,2.6479
40.5694,0.5698,2.4557
40.5696,0.5832,2.5124
40.5698,0.5949,2.5654
40.5700,0.5773,2.4894
40.5702,0.5899,2.5425
40.5704,0.6098,2.6259
40.5706,0.6411,2.7593
40.5708,0.6723,2.8962
40.5710,0.5747,2.4815
40.5712,0.4622,1.9949
40.5714,0.4479,1.9333
40.5716,0.446,1.9268
40.5718,0.446,1.9277
40.5720,0.4478,1.9328
40.5722,0.4599,1.986
40.5724,0.4556,1.9674
40.5726,0.4466,1.9285
40.5728,0.4459,1.9237
40.5730,0.4479,1.9342
40.5732,0.449,1.9389
40.5734,0.4497,1.9411
40.5736,0.4487,1.9373
40.5738,0.4485,1.9368
40.5740,0.4479,1.9324
40.5742,0.4529,1.9537
40.5744,0.4464,1.9257
40.5746,0.4523,1.9502
40.5748,0.5048,2.1756
40.5750,0.5433,2.3426
40.5752,0.4802,2.0697
40.5754,0.4568,1.9716
40.5756,0.4537,1.9564
40.5758,0.5332,2.297
40.5760,0.5824,2.5053
40.5762,0.62,2.6747
40.5764,0.499,2.1508
40.5766,0.468,2.0188
40.5768,0.491,2.1152
40.5770,0.5665,2.4406
40.5772,0.582,2.5037
40.5774,0.6318,2.7178
40.5776,0.6541,2.8164
40.5778,0.6327,2.7219
40.5780,0.653,2.8065
40.5782,0.6523,2.8099
40.5784,0.6441,2.7722
40.5786,0.6807,2.9296
40.5788,0.6381,2.7477
40.5790,0.6416,2.7601
40.5792,0.7002,3.0081
40.5794,0.8202,3.5172
40.5796,0.7949,3.4214
40.5798,0.6042,2.6028
40.5800,0.5382,2.3187
40.5802,0.5357,2.3089
40.5804,0.5286,2.2795
40.5806,0.5261,2.2676
40.5808,0.5283,2.2769
40.5810,0.5235,2.2562
40.5812,0.5231,2.2557
40.5814,0.5067,2.1839
40.5816,0.5225,2.25
40.5818,0.5641,2.4314
40.5820,0.5783,2.4924
40.5822,0.599,2.5782
40.5824,0.6042,2.5992
40.5826,0.6838,2.9417
40.5828,0.6995,3.0078
40.5830,0.7008,3.0107
40.5832,0.6873,2.9539
40.5834,0.6794,2.9253
40.5836,0.5527,2.3856
40.5838,0.5178,2.234
40.5840,0.5291,2.2794
40.5842,0.5225,2.2521
40.5844,0.5047,2.1761
40.5846,0.4977,2.1461
40.5848,0.5301,2.2825
40.5850,0.5563,2.3978
40.5852,0.4714,2.0367
40.5854,0.3982,1.721
40.5856,0.3917,1.6914
40.5858,0.3842,1.658
40.5860,0.3938,1.7002
40.5862,0.4113,1.7742
40.5864,0.4801,2.0691
40.5866,0.4502,1.9423
40.5868,0.4032,1.7395
40.5870,0.4613,1.9889
40.5872,0.5163,2.2221
40.5874,0.6231,2.6769
40.5876,0.7362,3.1656
40.5878,0.6921,2.9759
40.5880,0.6994,3.0031
40.5882,0.7327,3.1477
40.5884,0.7117,3.0562
40.5886,0.7629,3.2699
40.5888,0.8347,3.5811
40.5890,0.8532,3.6603
40.5892,0.8596,3.6858
40.5894,0.8599,3.6839
40.5896,0.9524,4.0723
40.5898,0.9873,4.2294
40.5900,0.9858,4.2213
40.5902,0.9687,4.1479
40.5904,0.9453,4.0515
40.5906,0.954,4.089
40.5908,0.9723,4.1672
40.5910,0.9202,3.9404
40.5912,0.9671,4.1412
40.5914,0.9943,4.2617
40.5916,0.9528,4.082
40.5918,0.9632,4.1281
40.5920,0.9813,4.2136
40.5922,0.902,3.8696
40.5924,0.8951,3.838
40.5926,0.9162,3.923
40.5928,0.9491,4.068
40.5930,0.9329,4.0023
40.5932,0.9198,3.9513
40.5934,0.8741,3.7498
40.5936,0.8647,3.7148
40.5938,0.8121,3.4903
40.5940,0.7515,3.2301
40.5942,0.7942,3.412
40.5944,0.7911,3.397
40.5946,0.8152,3.5005
40.5948,0.8561,3.676
40.5950,0.8838,3.7932
40.5952,0.9081,3.8977
40.5954,0.8888,3.8184
40.5956,0.8609,3.6932
40.5958,0.8779,3.7733
40.5960,0.8464,3.636
40.5962,0.7812,3.3574
40.5964,0.7747,3.3265
40.5966,0.8535,3.6613
40.5968,0.8871,3.8094
40.5970,0.8768,3.7669
40.5972,0.8564,3.6793
40.5974,0.7934,3.4084
40.5976,0.7483,3.2207
40.5978,0.7415,3.1898
40.5980,0.727,3.1317
40.5982,0.6726,2.8964
40.5984,0.6628,2.8541
40.5986,0.6581,2.8326
40.5988,0.747,3.2105
40.5990,0.7947,3.4188
40.5992,0.7832,3.3661
40.5994,0.7297,3.1407
40.5996,0.6714,2.8953
40.5998,0.6278,2.7046
40.6000,0.6587,2.8378
40.6002,0.6309,2.7192
40.6004,0.5744,2.4781
40.6006,0.5919,2.5501
40.6008,0.5969,2.5725
40.6010,0.5934,2.5563
40.6012,0.599,2.577
40.6014,0.714,3.0717
40.6016,0.6819,2.9375
40.6018,0.5989,2.5837
40.6020,0.5497,2.3716
40.6022,0.5397,2.3281
40.6024,0.5306,2.2867
40.6026,0.5219,2.2516
40.6028,0.5276,2.277
40.6030,0.5355,2.3068
40.6032,0.5993,2.5828
40.6034,0.5821,2.5136
40.6036,0.5248,2.263
40.6038,0.5424,2.3368
40.6040,0.5752,2.4812
40.6042,0.539,2.324
40.6044,0.5343,2.3027
40.6046,0.5274,2.2775
40.6048,0.5283,2.279
40.6050,0.5734,2.4689
40.6052,0.5886,2.5392
40.6054,0.5282,2.2795
40.6056,0.5199,2.2407
40.6058,0.5232,2.2562
40.6060,0.5297,2.2831
40.6062,0.5404,2.3291
40.6064,0.5658,2.4352
40.6066,0.6336,2.7306
40.6068,0.5713,2.4636
40.6070,0.5695,2.4535
40.6072,0.5862,2.523
40.6074,0.6433,2.7686
40.6076,0.6477,2.7877
40.6078,0.6535,2.8099
40.6080,0.6545,2.8171
40.6082,0.6803,2.9281
40.6084,0.6622,2.8475
40.6086,0.6874,2.9558
40.6088,0.7129,3.0656
40.6090,0.7201,3.098
40.6092,0.6422,2.764
40.6094,0.6103,2.6291
40.6096,0.661,2.845
40.6098,0.7413,3.1863
40.6100,0.8122,3.4876
40.6102,0.7901,3.4008
40.6104,0.658,2.8347
40.6106,0.6389,2.7513
40.6108,0.6424,2.7663
40.6110,0.6419,2.7629
40.6112,0.6435,2.7722
40.6114,0.7077,3.0415
40.6116,0.8452,3.6275
40.6118,0.8216,3.5261
40.6120,0.8267,3.5499
40.6122,0.8309,3.5712
40.6124,0.7671,3.2956
40.6126,0.7704,3.3156
40.6128,0.7291,3.1352
40.6130,0.7786,3.3403
40.6132,0.8837,3.7892
40.6134,0.9118,3.9191
40.6136,0.8033,3.4543
40.6138,0.7071,3.0432
40.6140,0.6951,2.9902
40.6142,0.6852,2.9465
40.6144,0.6766,2.9107
40.6146,0.7115,3.0637
40.6148,0.7115,3.0594
40.6150,0.7422,3.1899
40.6152,0.7635,3.2832
40.6154,0.7324,3.1476
40.6156,0.8201,3.5298
40.6158,0.6783,2.922
40.6160,0.6295,2.7118
40.6162,0.6288,2.7125
40.6164,0.6237,2.6845
40.6166,0.7431,3.194
40.6168,0.7503,3.2264
40.6170,0.7234,3.1148
40.6172,0.6134,2.6475
40.6174,0.4692,2.024
40.6176,0.4975,2.1471
40.6178,0.5133,2.2164
40.6180,0.4911,2.1187
40.6182,0.5098,2.1973
40.6184,0.5894,2.5416
40.6186,0.5556,2.4003
40.6188,0.4216,1.8229
40.6190,0.3972,1.716
40.6192,0.3996,1.7264
40.6194,0.3951,1.7075
40.6196,0.394,1.7013
40.6198,0.437,1.8854
40.6200,0.4412,1.907
40.6202,0.4422,1.9067
40.6204,0.561,2.4135
40.6206,0.7041,3.0274
40.6208,0.714,3.0717
40.6210,0.6917,2.9757
40.6212,0.7029,3.0223
40.6214,0.7587,3.2595
40.6216,0.7587,3.261
40.6218,0.8126,3.4875
40.6220,0.852,3.6602
40.6222,0.7704,3.3095
40.6224,0.7684,3.2997
40.6226,0.8193,3.518
40.6228,0.8379,3.5944
40.6230,0.9168,3.9311
40.6232,0.9714,4.1694
40.6234,0.9122,3.9115
40.6236,0.9283,3.9748
40.6238,0.9933,4.2551
40.6240,1.0579,4.5277
40.6242,1.0971,4.689
40.6244,1.1212,4.7964
40.6246,1.1206,4.7961
40.6248,1.0235,4.3886
40.6250,0.9587,4.1072
40.6252,1.0012,4.287
40.6254,0.9323,3.9998
40.6256,0.8847,3.8009
40.6258,0.8544,3.6705
40.6260,0.8466,3.6354
40.6262,0.8226,3.5357
40.6264,0.8169,3.5061
40.6266,0.9178,3.9338
40.6268,0.9496,4.07
40.6270,0.9169,3.9371
40.6272,0.861,3.7006
40.6274,0.865,3.7141
40.6276,0.8519,3.6563
40.6278,0.8951,3.8416
40.6280,0.8975,3.8555
40.6282,0.8375,3.5912
40.6284,0.9002,3.8637
40.6286,0.8863,3.804
40.6288,0.9206,3.9512
40.6290,0.8633,3.7156
40.6292,0.7556,3.2491
40.6294,0.7617,3.2769
40.6296,0.7594,3.2656
40.6298,0.7789,3.3476
40.6300,0.8419,3.6187
40.6302,0.8443,3.6307
40.6304,0.8092,3.478
40.6306,0.8033,3.4527
40.6308,0.8443,3.6273
40.6310,0.8627,3.7026
40.6312,0.8563,3.6805
40.6314,0.821,3.5268
40.6316,0.815,3.5043
40.6318,0.7798,3.3533
40.6320,0.7798,3.358
40.6322,0.7509,3.2305
40.6324,0.7621,3.277
40.6326,0.7121,3.0677
40.6328,0.609,2.6271
40.6330,0.5388,2.3278
40.6332,0.511,2.2035
40.6334,0.5304,2.2904
40.6336,0.482,2.0822
40.6338,0.4977,2.1521
40.6340,0.4229,1.8269
40.6342,0.4129,1.7831
40.6344,0.4619,1.9961
40.6346,0.456,1.9698
40.6348,0.455,1.9648
40.6350,0.4613,1.9926
40.6352,0.4585,1.9807
40.6354,0.4795,2.0685
40.6356,0.5993,2.5804
40.6358,0.6604,2.8451
40.6360,0.5633,2.4312
40.6362,0.4694,2.025
40.6364,0.5397,2.3227
40.6366,0.6542,2.8208
40.6368,0.5743,2.4788
40.6370,0.5129,2.2159
40.6372,0.5283,2.2801
40.6374,0.4856,2.0968
40.6376,0.4676,2.0173
40.6378,0.5131,2.2123
40.6380,0.5505,2.3725
40.6382,0.5547,2.3895
40.6384,0.556,2.3974
40.6386,0.5497,2.3705
40.6388,0.5463,2.3566
40.6390,0.5513,2.375
40.6392,0.5694,2.4541
40.6394,0.5176,2.2361
40.6396,0.4525,1.9539
40.6398,0.4459,1.9245
40.6400,0.4489,1.9384
40.6402,0.4479,1.9342
40.6404,0.4457,1.9244
40.6406,0.4457,1.9244
40.6408,0.4438,1.917
40.6410,0.4469,1.9296
40.6412,0.4491,1.9376
40.6414,0.4961,2.1394
40.6416,0.5178,2.234
40.6418,0.4559,1.9657
40.6420,0.4874,2.0997
40.6422,0.5225,2.2552
40.6424,0.4628,1.9994
40.6426,0.4482,1.9344
40.6428,0.4472,1.9311
40.6430,0.4681,2.0193
40.6432,0.5327,2.2939
40.6434,0.553,2.3822
40.6436,0.5443,2.3461
40.6438,0.5523,2.3802
40.6440,0.5639,2.4281
40.6442,0.5598,2.4128
40.6444,0.5604,2.4154
40.6446,0.5607,2.4164
40.6448,0.5741,2.4709
40.6450,0.6252,2.6869
40.6452,0.7435,3.1896
40.6454,0.8242,3.5407
40.6456,0.7876,3.3805
40.6458,0.7882,3.3941
40.6460,0.6223,2.682
40.6462,0.5873,2.53
40.6464,0.6031,2.5969
40.6466,0.586,2.5255
40.6468,0.5765,2.4789
40.6470,0.6626,2.8504
40.6472,0.6508,2.7985
40.6474,0.6834,2.9415
40.6476,0.7027,3.0218
40.6478,0.7526,3.2317
40.6480,0.7808,3.3543
40.6482,0.7441,3.2026
40.6484,0.6952,2.9879
40.6486,0.7096,3.0512
40.6488,0.6806,2.9345
40.6490,0.6018,2.5913
40.6492,0.5684,2.4523
40.6494,0.4789,2.0669
40.6496,0.4713,2.0333
40.6498,0.4976,2.1446
40.6500,0.5217,2.2485
40.6502,0.5033,2.1704
40.6504,0.5386,2.3213
40.6506,0.5512,2.3756
40.6508,0.5457,2.354
40.6510,0.5406,2.329
40.6512,0.5431,2.3442
40.6514,0.4238,1.831
40.6516,0.4182,1.8033
40.6518,0.4912,2.1192
40.6520,0.4396,1.8971
40.6522,0.4197,1.8095
40.6524,0.446,1.9251
40.6526,0.396,1.7109
40.6528,0.3994,1.7254
40.6530,0.4007,1.7278
40.6532,0.4218,1.8205
40.6534,0.406,1.7506
40.6536,0.517,2.2262
40.6538,0.5725,2.463
40.6540,0.6148,2.6439
40.6542,0.6724,2.89
40.6544,0.7129,3.0684
40.6546,0.652,2.8024
40.6548,0.7594,3.2611
40.6550,0.7826,3.3573
40.6552,0.8068,3.4596
40.6554,0.854,3.6605
40.6556,0.8976,3.8524
40.6558,0.8945,3.8336
40.6560,0.9665,4.1406
40.6562,0.9809,4.2022
40.6564,0.987,4.2264
40.6566,0.9698,4.1486
40.6568,1.0465,4.4769
40.6570,1.0704,4.579
40.6572,1.0709,4.5815
40.6574,1.0714,4.5857
40.6576,1.0731,4.5886
40.6578,1.0745,4.6012
40.6580,1.0262,4.4046
40.6582,0.8666,3.7162
40.6584,0.8688,3.7271
40.6586,0.8792,3.7754
40.6588,0.8297,3.5611
40.6590,0.8731,3.7457
40.6592,0.8676,3.7203
40.6594,0.9148,3.9228
40.6596,0.9205,3.9507
40.6598,0.8443,3.6256
40.6600,0.8237,3.5387
40.6602,0.8003,3.4366
40.6604,0.8315,3.5705
40.6606,0.8686,3.7313
40.6608,0.8436,3.6242
40.6610,0.7975,3.4211
40.6612,0.8605,3.6899
40.6614,0.8424,3.6174
40.6616,0.8413,3.611
40.6618,0.8674,3.7279
40.6620,0.8007,3.4382
40.6622,0.8141,3.4991
40.6624,0.8072,3.4724
40.6626,0.7584,3.258
40.6628,0.7776,3.3388
40.6630,0.8277,3.5557
40.6632,0.8568,3.6826
40.6634,0.8437,3.6264
40.6636,0.7503,3.2309
40.6638,0.6873,2.958
40.6640,0.7445,3.1997
40.6642,0.7616,3.2734
40.6644,0.7491,3.2228
40.6646,0.7602,3.2672
40.6648,0.8063,3.4672
40.6650,0.7606,3.2738
40.6652,0.6989,3.0067
40.6654,0.6965,3.0019
40.6656,0.6652,2.867
40.6658,0.6557,2.8249
40.6660,0.596,2.5689
40.6662,0.6128,2.6375
40.6664,0.7249,3.1215
40.6666,0.6348,2.7358
40.6668,0.5925,2.5539
40.6670,0.6747,2.9025
40.6672,0.7184,3.0893
40.6674,0.7213,3.1074
40.6676,0.6413,2.7604
40.6678,0.6439,2.7738
40.6680,0.6583,2.8305
40.6682,0.7363,3.1676
40.6684,0.7122,3.0696
40.6686,0.6513,2.8058
40.6688,0.6489,2.7929
40.6690,0.6495,2.7954
40.6692,0.6657,2.8651
40.6694,0.7027,3.0232
40.6696,0.771,3.3151
40.6698,0.7771,3.343
40.6700,0.7124,3.0678
40.6702,0.6349,2.7388
40.6704,0.5616,2.4228
40.6706,0.5571,2.4009
40.6708,0.5433,2.3426
40.6710,0.5506,2.3752
40.6712,0.5489,2.3647
40.6714,0.5641,2.4314
40.6716,0.5653,2.4366
40.6718,0.5744,2.4781
40.6720,0.5566,2.4011
40.6722,0.5693,2.4525
40.6724,0.5801,2.5013
40.6726,0.5487,2.368
40.6728,0.5384,2.3192
40.6730,0.6687,2.874
40.6732,0.6889,2.9707
40.6734,0.5687,2.4533
40.6736,0.5547,2.3917
40.6738,0.5449,2.3487
40.6740,0.525,2.2661
40.6742,0.524,2.2604
40.6744,0.524,2.2593
40.6746,0.526,2.2671
40.6748,0.5261,2.2697
40.6750,0.5232,2.2583
40.6752,0.5241,2.2609
40.6754,0.526,2.2671
40.6756,0.5325,2.2971
40.6758,0.5288,2.28
40.6760,0.5349,2.3021
40.6762,0.6405,2.7529
40.6764,0.7475,3.2126
40.6766,0.7526,3.2362
40.6768,0.6935,2.9848
40.6770,0.6592,2.8359
40.6772,0.6768,2.9145
40.6774,0.6816,2.9324
40.6776,0.7085,3.0437
40.6778,0.7249,3.1157
40.6780,0.7531,3.2338
40.6782,0.7826,3.3557
40.6784,0.927,3.9748
40.6786,0.9561,4.1016
40.6788,0.9242,3.9629
40.6790,0.8907,3.832
40.6792,0.7442,3.2031
40.6794,0.7132,3.0652
40.6796,0.8373,3.5852
40.6798,0.9325,4.0003
40.6800,0.8712,3.7479
40.6802,0.69,2.974
40.6804,0.6752,2.9086
40.6806,0.6508,2.8011
40.6808,0.6431,2.7681
40.6810,0.6413,2.7591
40.6812,0.6786,2.9195
40.6814,0.6826,2.9392
40.6816,0.6801,2.9284
40.6818,0.671,2.8878
40.6820,0.6556,2.8218
40.6822,0.6723,2.8948
40.6824,0.7127,3.0674
40.6826,0.6848,2.9485
40.6828,0.5586,2.4065
40.6830,0.5712,2.4619
40.6832,0.5431,2.3431
40.6834,0.5039,2.175
40.6836,0.4427,1.9132
40.6838,0.391,1.6914
40.6840,0.3741,1.6161
40.6842,0.3719,1.6067
40.6844,0.3724,1.6088
40.6846,0.3816,1.6472
40.6848,0.3873,1.673
40.6850,0.3746,1.6196
40.6852,0.3706,1.6025
40.6854,0.3691,1.595
40.6856,0.383,1.6544
40.6858,0.3903,1.6852
40.6860,0.3736,1.614
40.6862,0.4048,1.747
40.6864,0.4234,1.8281
40.6866,0.4436,1.9112
40.6868,0.5911,2.5441
40.6870,0.6493,2.7944
40.6872,0.6945,2.9834
40.6874,0.7684,3.2935
40.6876,0.8535,3.6647
40.6878,0.7392,3.1726
40.6880,0.7791,3.3455
40.6882,0.8116,3.4818
40.6884,0.8343,3.5807
40.6886,0.8526,3.6611
40.6888,0.8525,3.6572
40.6890,0.8475,3.6339
40.6892,0.8388,3.5986
40.6894,0.8748,3.7529
40.6896,0.8644,3.7098
40.6898,0.8593,3.6899
40.6900,0.862,3.6944
40.6902,0.9454,4.052
40.6904,0.9616,4.1253
40.6906,0.9561,4.0997
40.6908,0.9578,4.105
40.6910,0.9178,3.9338
40.6912,0.934,4.0014
40.6914,0.9745,4.1789
40.6916,1.0046,4.3019
40.6918,1.1084,4.7393
40.6920,1.1123,4.7607
40.6922,1.0851,4.6486
40.6924,1.0394,4.4487
40.6926,1.0606,4.5438
40.6928,0.9816,4.2033
40.6930,1.0608,4.5379
40.6932,1.0948,4.6902
40.6934,1.0522,4.5099
40.6936,0.9809,4.21
40.6938,0.8684,3.736
40.6940,0.744,3.2021
40.6942,0.7102,3.058
40.6944,0.7041,3.0288
40.6946,0.7696,3.311
40.6948,0.77,3.3141
40.6950,0.7371,3.1712
40.6952,0.7392,3.177
40.6954,0.7833,3.3635
40.6956,0.8506,3.6575
40.6958,0.7662,3.293
40.6960,0.8199,3.5238
40.6962,0.7843,3.3755
40.6964,0.7766,3.3394
40.6966,0.8111,3.4862
40.6968,0.7788,3.3502
40.6970,0.7133,3.0686
40.6972,0.7565,3.2512
40.6974,0.8013,3.444
40.6976,0.7947,3.4204
40.6978,0.7381,3.1753
40.6980,0.741,3.1907
40.6982,0.7412,3.1858
40.6984,0.7952,3.4177
40.6986,0.7671,3.3017
40.6988,0.7288,3.138
40.6990,0.6842,2.9446
40.6992,0.643,2.7766
40.6994,0.5085,2.1967
40.6996,0.529,2.281
40.6998,0.5663,2.4441
40.7000,0.4948,2.1377
40.7002,0.4912,2.1202
40.7004,0.4922,2.1233
40.7006,0.5067,2.1829
40.7008,0.6089,2.6242
40.7010,0.638,2.7523
40.7012,0.5852,2.5247
40.7014,0.5716,2.4669
40.7016,0.5139,2.219
40.7018,0.5012,2.1641
40.7020,0.4899,2.1125
40.7022,0.5067,2.1849
40.7024,0.5652,2.4383
40.7026,0.5313,2.2941
40.7028,0.5585,2.4038
40.7030,0.6774,2.9157
40.7032,0.6729,2.8974
40.7034,0.6771,2.9182
40.7036,0.5224,2.2557
40.7038,0.4538,1.9587
40.7040,0.4473,1.9316
40.7042,0.4439,1.9184
40.7044,0.442,1.9101
40.7046,0.4509,1.9472
40.7048,0.4506,1.9465
40.7050,0.4481,1.9356
40.7052,0.445,1.9213
40.7054,0.4442,1.9164
40.7056,0.45,1.9421
40.7058,0.4502,1.945
40.7060,0.481,2.0752
40.7062,0.4438,1.917
40.7064,0.4338,1.874
40.7066,0.4615,1.9918
40.7068,0.474,2.0437
40.7070,0.497,2.144
40.7072,0.5435,2.3414
40.7074,0.5675,2.4425
40.7076,0.6451,2.7764
40.7078,0.6307,2.717
40.7080,0.5916,2.5509
40.7082,0.5688,2.4527
40.7084,0.5587,2.407
40.7086,0.5658,2.4375
40.7088,0.6109,2.6281
40.7090,0.6762,2.9092
40.7092,0.7246,3.1127
40.7094,0.7633,3.2837
40.7096,0.682,2.9353
40.7098,0.6043,2.6033
40.7100,0.5529,2.385
40.7102,0.5513,2.3772
40.7104,0.5479,2.3594
40.7106,0.5597,2.41
40.7108,0.569,2.4492
40.7110,0.6224,2.6788
40.7112,0.64,2.7508
40.7114,0.7247,3.1147
40.7116,0.7797,3.3528
40.7118,0.7599,3.2662
40.7120,0.7337,3.1518
40.7122,0.7807,3.3506
40.7124,0.8129,3.4939
40.7126,0.7363,3.1705
40.7128,0.6541,2.8111
40.7130,0.6928,2.9804
40.7132,0.6915,2.9774
40.7134,0.6826,2.9352
40.7136,0.6937,2.9886
40.7138,0.5633,2.4289
40.7140,0.5121,2.2092
40.7142,0.539,2.3229
40.7144,0.5797,2.4986
40.7146,0.5693,2.4513
40.7148,0.5778,2.4892
40.7150,0.5728,2.4698
40.7152,0.5322,2.2929
40.7154,0.5361,2.3126
40.7156,0.5097,2.1988
40.7158,0.5344,2.3022
40.7160,0.5808,2.5009
40.7162,0.5629,2.4262
40.7164,0.532,2.2918
40.7166,0.5762,2.4801
40.7168,0.6178,2.6617
40.7170,0.5911,2.5489
40.7172,0.5336,2.2986
40.7174,0.5254,2.2655
40.7176,0.5181,2.235
40.7178,0.4964,2.1414
40.7180,0.4717,2.0339
40.7182,0.5192,2.2366
40.7184,0.5268,2.2717
40.7186,0.5549,2.3927
40.7188,0.5375,2.3167
40.7190,0.5271,2.2717
40.7192,0.5477,2.3628
40.7194,0.4801,2.0691
40.7196,0.4783,2.0643
40.7198,0.4856,2.0939
40.7200,0.5537,2.3853
40.7202,0.5455,2.3491
40.7204,0.5597,2.41
40.7206,0.6137,2.6436
40.7208,0.582,2.5049
40.7210,0.5718,2.4599
40.7212,0.6633,2.8521
40.7214,0.7266,3.1229
40.7216,0.7753,3.329
40.7218,0.7847,3.3666
40.7220,0.8314,3.565
40.7222,0.8641,3.7088
40.7224,0.8186,3.5116
40.7226,0.8415,3.6116
40.7228,0.8387,3.5964
40.7230,0.8689,3.7207
40.7232,0.9364,4.0135
40.7234,0.9412,4.0359
40.7236,0.9171,3.9289
40.7238,0.9339,4.0027
40.7240,0.9012,3.8642
40.7242,0.8654,3.7197
40.7244,0.7796,3.3491
40.7246,0.7759,3.3316
40.7248,0.7812,3.3589
40.7250,0.7042,3.0308
40.7252,0.6761,2.9046
40.7254,0.8,3.4319
40.7256,0.8271,3.5498
40.7258,0.8662,3.7141
40.7260,0.9358,4.0184
40.7262,0.8731,3.7509
40.7264,0.8419,3.6136
40.7266,0.8575,3.6805
40.7268,0.8482,3.637
40.7270,0.9298,3.9852
40.7272,0.9164,3.9295
40.7274,0.9231,3.962
40.7276,0.9317,3.9953
40.7278,0.9849,4.2172
40.7280,0.9983,4.2827
40.7282,0.9603,4.1215
40.7284,0.943,4.0399
40.7286,0.9416,4.045
40.7288,0.8508,3.6568
40.7290,0.8343,3.5857
40.7292,0.8373,3.5919
40.7294,0.9612,4.116
40.7296,1.0278,4.4092
40.7298,0.8905,3.8238
40.7300,0.9067,3.8861
40.7302,0.9508,4.0771
40.7304,0.9152,3.9317
40.7306,0.8887,3.8143
40.7308,0.896,3.8403
40.7310,0.9299,3.9913
40.7312,0.9037,3.8768
40.7314,0.9334,4.0063
40.7316,0.9055,3.89
40.7318,0.7796,3.3616
40.7320,0.6214,2.6759
40.7322,0.6513,2.8084
40.7324,0.6627,2.8535
40.7326,0.7048,3.0319
40.7328,0.7105,3.0595
40.7330,0.6395,2.759
40.7332,0.5766,2.4863
40.7334,0.6255,2.6947
40.7336,0.6232,2.6862
40.7338,0.663,2.8551
40.7340,0.7186,3.0913
40.7342,0.7081,3.0492
40.7344,0.6562,2.8283
40.7346,0.6202,2.6708
40.7348,0.6888,2.9633
40.7350,0.7349,3.1585
40.7352,0.7814,3.3647
40.7354,0.7713,3.3198
40.7356,0.7375,3.1713
40.7358,0.8144,3.5001
40.7360,0.7574,3.2675
40.7362,0.5538,2.3892
40.7364,0.5183,2.235
40.7366,0.5048,2.1766
40.7368,0.5756,2.4833
40.7370,0.5526,2.3862
40.7372,0.5073,2.1895
40.7374,0.4959,2.1403
40.7376,0.499,2.1508
40.7378,0.591,2.5483
40.7380,0.5825,2.5105
40.7382,0.6115,2.6331
40.7384,0.6061,2.6123
40.7386,0.6166,2.659
40.7388,0.6297,2.7153
40.7390,0.5559,2.3935
40.7392,0.6051,2.6094
40.7394,0.5577,2.4068
40.7396,0.5103,2.2004
40.7398,0.5033,2.1724
40.7400,0.505,2.1807
40.7402,0.5099,2.1988
40.7404,0.5085,2.1937
40.7406,0.5085,2.1957
40.7408,0.5084,2.1921
40.7410,0.5063,2.1833
40.7412,0.5127,2.2107
40.7414,0.5218,2.249
40.7416,0.553,2.3856
40.7418,0.5128,2.2113
40.7420,0.5147,2.2195
40.7422,0.5851,2.5207
40.7424,0.6283,2.7041
40.7426,0.6833,2.9396
40.7428,0.6797,2.9255
40.7430,0.6798,2.926
40.7432,0.6877,2.9628
40.7434,0.6225,2.6806
40.7436,0.6171,2.6598
40.7438,0.6381,2.7464
40.7440,0.7223,3.1
40.7442,0.8171,3.5071
40.7444,0.8422,3.6214
40.7446,0.7532,3.2388
40.7448,0.7242,3.1126
40.7450,0.7642,3.2847
40.7452,0.7157,3.0846
40.7454,0.649,2.7986
40.7456,0.6079,2.6188
40.7458,0.6777,2.9113
40.7460,0.7676,3.2961
40.7462,0.7568,3.2528
40.7464,0.7255,3.1241
40.7466,0.6828,2.9416
40.7468,0.6964,2.9958
40.7470,0.7398,3.1796
40.7472,0.7459,3.2074
40.7474,0.7391,3.178
40.7476,0.7181,3.0906
40.7478,0.6421,2.7635
40.7480,0.6506,2.8001
40.7482,0.7091,3.0505
40.7484,0.7027,3.0232
40.7486,0.668,2.8763
40.7488,0.6941,2.9846
40.7490,0.7145,3.0723
40.7492,0.7464,3.2079
40.7494,0.7406,3.1876
40.7496,0.6958,2.9919
40.7498,0.7126,3.0626
40.7500,0.741,3.1877
40.7502,0.7764,3.3399
40.7504,0.7038,3.0236
40.7506,0.7867,3.3827
40.7508,0.7358,3.1714
40.7510,0.5836,2.5175
40.7512,0.53,2.2831
40.7514,0.5479,2.3627
40.7516,0.5657,2.4381
40.7518,0.5953,2.5681
40.7520,0.5472,2.3629
40.7522,0.4316,1.8647
40.7524,0.4273,1.8443
40.7526,0.5041,2.1725
40.7528,0.5453,2.3514
40.7530,0.5113,2.2056
40.7532,0.5845,2.5146
40.7534,0.6604,2.8411
40.7536,0.6309,2.7218
40.7538,0.5772,2.4877
40.7540,0.605,2.6016
40.7542,0.6761,2.906
40.7544,0.7499,3.2244
40.7546,0.7302,3.1413
40.7548,0.7219,3.1014
40.7550,0.7815,3.3589
40.7552,0.8108,3.4782
40.7554,0.927,3.9692
40.7556,0.9913,4.2508
40.7558,0.9662,4.1409
40.7560,0.9568,4.1009
40.7562,0.9097,3.9025
40.7564,0.9395,4.0287
40.7566,0.9689,4.1547
40.7568,0.9513,4.0772
40.7570,0.9425,4.0416
40.7572,0.9606,4.1192
40.7574,0.9852,4.2246
40.7576,0.9405,4.0366
40.7578,0.8877,3.8084
40.7580,0.9187,3.9393
40.7582,0.9616,4.1214
40.7584,0.8941,3.841
40.7586,0.8457,3.6313
40.7588,0.894,3.8387
40.7590,0.906,3.892
40.7592,0.8247,3.5445
40.7594,0.7889,3.3925
40.7596,0.7477,3.2181
40.7598,0.6954,2.9945
40.7600,0.6669,2.8716
40.7602,0.6871,2.9602
40.7604,0.7123,3.0644
40.7606,0.7455,3.2043
40.7608,0.7641,3.2842
40.7610,0.7809,3.3579
40.7612,0.8145,3.4958
40.7614,0.8916,3.8302
40.7616,0.9063,3.8972
40.7618,0.8766,3.7641
40.7620,0.8259,3.5496
40.7622,0.7864,3.3801
40.7624,0.8355,3.5875
40.7626,0.8471,3.6374
40.7628,0.8266,3.5494
40.7630,0.8622,3.7023
40.7632,0.876,3.765
40.7634,0.8497,3.6488
40.7636,0.8795,3.7729
40.7638,0.8674,3.7331
40.7640,0.702,3.0229
40.7642,0.7122,3.0653
40.7644,0.7458,3.2098
40.7646,0.71,3.0603
40.7648,0.5854,2.5287
40.7650,0.4922,2.1253
40.7652,0.5577,2.4046
40.7654,0.577,2.489
40.7656,0.575,2.4784
40.7658,0.6187,2.6665
40.7660,0.5488,2.3686
40.7662,0.4851,2.0947
40.7664,0.5205,2.2464
40.7666,0.5639,2.4304
40.7668,0.5789,2.4984
40.7670,0.537,2.3168
40.7672,0.5242,2.2614
40.7674,0.5388,2.3224
40.7676,0.5366,2.3136
40.7678,0.5408,2.3306
40.7680,0.593,2.5548
40.7682,0.6686,2.8788
40.7684,0.7013,3.0156
40.7686,0.7139,3.074
40.7688,0.6519,2.8084
40.7690,0.609,2.6247
40.7692,0.5814,2.5047
40.7694,0.5867,2.5297
40.7696,0.5872,2.5295
40.7698,0.6569,2.8301
40.7700,0.6562,2.8243
40.7702,0.7051,3.0293
40.7704,0.7802,3.3595
40.7706,0.7077,3.0486
40.7708,0.6127,2.6431
40.7710,0.5577,2.4035
40.7712,0.5695,2.4558
40.7714,0.5689,2.4544
40.7716,0.4677,2.0197
40.7718,0.4472,1.9329
40.7720,0.4512,1.9473
40.7722,0.4482,1.9353
40.7724,0.4471,1.9306
40.7726,0.445,1.9222
40.7728,0.4461,1.9274
40.7730,0.4475,1.9322
40.7732,0.4473,1.9308
40.7734,0.4923,2.1228
40.7736,0.5345,2.3059
40.7738,0.4741,2.0452
40.7740,0.4535,1.959
40.7742,0.4473,1.9316
40.7744,0.4473,1.9308
40.7746,0.4469,1.9296
40.7748,0.4459,1.9263
40.7750,0.4554,1.9627
40.7752,0.5309,2.2883
40.7754,0.5523,2.3825
40.7756,0.5487,2.3636
40.7758,0.5518,2.376
40.7760,0.5625,2.4219
40.7762,0.5687,2.4522
40.7764,0.5577,2.4035
40.7766,0.6156,2.6482
40.7768,0.6997,3.0075
40.7770,0.6893,2.9682
40.7772,0.5928,2.5514
40.7774,0.6392,2.7498
40.7776,0.7127,3.0603
40.7778,0.7802,3.3533
40.7780,0.7356,3.166
40.7782,0.7246,3.1127
40.7784,0.7941,3.413
40.7786,0.7282,3.1282
40.7788,0.7447,3.2022
40.7790,0.7092,3.0553
40.7792,0.605,2.6052
40.7794,0.5778,2.488
40.7796,0.6044,2.6063
40.7798,0.5913,2.5475
40.7800,0.5771,2.4872
40.7802,0.5589,2.4098
40.7804,0.5694,2.453
40.7806,0.5676,2.4441
40.7808,0.5949,2.5606
40.7810,0.5886,2.5333
40.7812,0.6267,2.6949
40.7814,0.6755,2.9101
40.7816,0.6236,2.684
40.7818,0.6601,2.8382
40.7820,0.6563,2.8249
40.7822,0.6502,2.7998
40.7824,0.6303,2.7116
40.7826,0.632,2.7214
40.7828,0.6039,2.6018
40.7830,0.5645,2.433
40.7832,0.5412,2.3338
40.7834,0.5487,2.3669
40.7836,0.5348,2.3027
40.7838,0.6105,2.6314
40.7840,0.5726,2.4681
40.7842,0.5328,2.2965
40.7844,0.5315,2.2908
40.7846,0.5194,2.2397
40.7848,0.5278,2.2769
40.7850,0.5238,2.2578
40.7852,0.5533,2.3849
40.7854,0.5236,2.2567
40.7856,0.5917,2.5455
40.7858,0.6608,2.8426
40.7860,0.6555,2.8186
40.7862,0.6422,2.7627
40.7864,0.7377,3.1738
40.7866,0.7804,3.3512
40.7868,0.82,3.5194
40.7870,0.822,3.5249
40.7872,0.8466,3.6354
40.7874,0.8523,3.6562
40.7876,0.8692,3.7287
40.7878,0.8471,3.6357
40.7880,0.8538,3.6646
40.7882,0.8955,3.8401
40.7884,0.9102,3.8973
40.7886,1.0153,4.3456
40.7888,1.0775,4.6097
40.7890,1.1004,4.7055
40.7892,1.1152,4.7663
40.7894,1.1382,4.8647
40.7896,1.1249,4.8168
40.7898,1.0377,4.4457
40.7900,0.9886,4.237
40.7902,0.9387,4.0195
40.7904,1.0063,4.3071
40.7906,1.0578,4.5314
40.7908,1.0862,4.6488
40.7910,1.1388,4.8696
40.7912,1.1268,4.8228
40.7914,1.1157,4.7751
40.7916,1.1151,4.7658
40.7918,1.1001,4.7062
40.7920,1.1181,4.7809
40.7922,1.1496,4.9203
40.7924,1.1707,5.0106
40.7926,1.1885,5.0842
40.7928,1.201,5.1429
40.7930,1.0674,4.5725
40.7932,1.0355,4.4401
40.7934,1.0283,4.401
40.7936,1.0507,4.5011
40.7938,1.0317,4.4179
40.7940,1.0192,4.3803
40.7942,0.9404,4.0361
40.7944,0.9452,4.0529
40.7946,0.9841,4.2259
40.7948,0.9618,4.1225
40.7950,1.0042,4.3039
40.7952,1.0219,4.3799
40.7954,1.0207,4.385
40.7956,0.9376,4.0224
40.7958,1.0028,4.2942
40.7960,1.0721,4.5931
40.7962,1.0641,4.5714
40.7964,0.8827,3.7921
40.7966,0.8451,3.6321
40.7968,0.8481,3.6483
40.7970,0.8458,3.6335
40.7972,0.8952,3.8421
40.7974,0.9767,4.192
40.7976,0.9909,4.2488
40.7978,0.9729,4.1756
40.7980,0.9322,4.0067
40.7982,0.8917,3.8343
40.7984,0.8864,3.8116
40.7986,0.891,3.8312
40.7988,0.8917,3.8343
40.7990,0.8885,3.8204
40.7992,0.8505,3.6552
40.7994,0.8829,3.7914
40.7996,0.9238,3.9725
40.7998,0.8563,3.6856
40.8000,0.7796,3.36
40.8002,0.6923,2.9838
40.8004,0.7081,3.0492
40.8006,0.7031,3.0275
40.8008,0.7696,3.3095
40.8010,0.8628,3.7118
40.8012,0.8177,3.5162
40.8014,0.8243,3.5413
40.8016,0.8713,3.7467
40.8018,0.8841,3.8001
40.8020,0.8557,3.6796
40.8022,0.8403,3.6081
40.8024,0.8343,3.5907
40.8026,0.7696,3.3171
40.8028,0.7159,3.0813
40.8030,0.7574,3.2584
40.8032,0.8074,3.4751
40.8034,0.8447,3.6322
40.8036,0.7954,3.4219
40.8038,0.7959,3.4287
40.8040,0.7502,3.2289
40.8042,0.7786,3.3512
40.8044,0.781,3.3631
40.8046,0.759,3.2727
40.8048,0.6969,3.009
40.8050,0.5892,2.5406
40.8052,0.5979,2.5771
40.8054,0.7003,3.0157
40.8056,0.7338,3.1641
40.8058,0.5647,2.4374
40.8060,0.5581,2.4111
40.8062,0.5838,2.5197
40.8064,0.6037,2.6007
40.8066,0.6707,2.8908
40.8068,0.6839,2.9477
40.8070,0.7002,3.0151
40.8072,0.7039,3.0311
40.8074,0.7162,3.0881
40.8076,0.6621,2.8536
40.8078,0.6527,2.8133
40.8080,0.6376,2.7482
40.8082,0.6605,2.8495
40.8084,0.6653,2.8662
40.8086,0.732,3.1446
40.8088,0.8452,3.6309
40.8090,0.8027,3.4566
40.8092,0.6918,2.9818
40.8094,0.6684,2.8823
40.8096,0.6611,2.8481
40.8098,0.6785,2.9217
40.8100,0.747,3.2105
40.8102,0.8447,3.6322
40.8104,0.8338,3.587
40.8106,0.8024,3.447
40.8108,0.8425,3.6212
40.8110,0.8615,3.7044
40.8112,0.8327,3.5806
40.8114,0.8762,3.7643
40.8116,0.8198,3.5282
40.8118,0.7979,3.4359
40.8120,0.8707,3.7319
40.8122,0.9925,4.2679
40.8124,0.868,3.7305
40.8126,0.8672,3.7274
40.8128,0.837,3.6026
40.8130,0.8381,3.6038
40.8132,0.7937,3.4194
40.8134,0.6838,2.9444
40.8136,0.6778,2.9199
40.8138,0.6834,2.9456
40.8140,0.7009,3.0168
40.8142,0.7461,3.2188
40.8144,0.619,2.6706
40.8146,0.6074,2.6216
40.8148,0.6109,2.6354
40.8150,0.6074,2.618
40.8152,0.6065,2.6126
40.8154,0.7888,3.3841
40.8156,0.9421,4.049
40.8158,0.85,3.6583
40.8160,0.7103,3.0656
40.8162,0.5839,2.5213
40.8164,0.5689,2.4555
40.8166,0.5789,2.495
40.8168,0.6465,2.7877
40.8170,0.6247,2.6949
40.8172,0.5773,2.4917
40.8174,0.6015,2.5938
40.8176,0.6382,2.7508
40.8178,0.6071,2.6152
40.8180,0.6766,2.9175
40.8182,0.6339,2.7334
40.8184,0.6145,2.6497
40.8186,0.6283,2.7003
40.8188,0.8044,3.4557
40.8190,0.8097,3.4833
40.8192,0.7598,3.2717
40.8194,0.7353,3.1664
40.8196,0.7487,3.2192
40.8198,0.7812,3.3589
40.8200,0.8264,3.555
40.8202,0.7844,3.3713
40.8204,0.7899,3.395
40.8206,0.8669,3.7276
40.8208,0.8473,3.6385
40.8210,0.8789,3.7774
40.8212,0.8833,3.7982
40.8214,0.8994,3.8619
40.8216,0.9178,3.9394
40.8218,0.9505,4.0736
40.8220,0.964,4.1356
40.8222,1.009,4.3284
40.8224,1.0188,4.3706
40.8226,1.0168,4.3619
40.8228,1.0133,4.3449
40.8230,1.006,4.3095
40.8232,0.9966,4.2775
40.8234,0.9743,4.1778
40.8236,0.9837,4.2199
40.8238,0.9959,4.2704
40.8240,1.0574,4.5341
40.8242,1.0495,4.4939
40.8244,1.1127,4.7667
40.8246,1.1074,4.7463
40.8248,1.0261,4.3999
40.8250,1.0134,4.3475
40.8252,1.0905,4.6739
40.8254,1.057,4.5347
40.8256,1.0171,4.3614
40.8258,1.0635,4.5518
40.8260,1.1965,5.1281
40.8262,1.0772,4.6297
40.8264,0.9038,3.8828
40.8266,0.9584,4.121
40.8268,0.9172,3.9423
40.8270,0.9385,4.0297
40.8272,0.9305,3.9958
40.8274,0.9218,3.9674
40.8276,0.8317,3.5815
40.8278,0.7657,3.2955
40.8280,0.765,3.2909
40.8282,0.784,3.3745
40.8284,0.8355,3.5958
40.8286,0.8184,3.516
40.8288,0.904,3.882
40.8290,0.9561,4.1073
40.8292,0.9977,4.2741
40.8294,1.0698,4.5892
40.8296,1.0395,4.4555
40.8298,1.1207,4.8056
40.8300,0.9725,4.1818
40.8302,0.8452,3.636
40.8304,0.8828,3.7926
40.8306,0.932,4.0038
40.8308,0.8538,3.6731
40.8310,0.7554,3.2496
40.8312,0.8217,3.5381
40.8314,0.8298,3.5699
40.8316,0.8405,3.6226
40.8318,0.6981,3.0114
40.8320,0.7044,3.0318
40.8322,0.7877,3.3936
40.8324,0.7368,3.1756
40.8326,0.7013,3.0226
40.8328,0.712,3.0729
40.8330,0.586,2.5325
40.8332,0.5587,2.4126
40.8334,0.5988,2.5867
40.8336,0.5514,2.3799
40.8338,0.5789,2.4996
40.8340,0.5857,2.5268
40.8342,0.6312,2.7253
40.8344,0.5939,2.5619
40.8346,0.5813,2.51
40.8348,0.5796,2.5039
40.8350,0.5583,2.4128
40.8352,0.5256,2.2687
40.8354,0.579,2.4978
40.8356,0.5945,2.5681
40.8358,0.5535,2.3887
40.8360,0.5591,2.4175
40.8362,0.4767,2.0633
40.8364,0.4432,1.918
40.8366,0.4466,1.9312
40.8368,0.4507,1.9479
40.8370,0.5139,2.221
40.8372,0.5388,2.3245
40.8374,0.6017,2.5907
40.8376,0.6792,2.9316
40.8378,0.5316,2.2956
40.8380,0.4978,2.1516
40.8382,0.4964,2.1454
40.8384,0.4982,2.1492
40.8386,0.5616,2.4239
40.8388,0.5931,2.5588
40.8390,0.6147,2.6507
40.8392,0.6572,2.8285
40.8394,0.6849,2.9504
40.8396,0.6188,2.6732
40.8398,0.52,2.2454
40.8400,0.5079,2.1921
40.8402,0.5057,2.1838
40.8404,0.5048,2.1817
40.8406,0.5193,2.2433
40.8408,0.5043,2.1766
40.8410,0.4925,2.1249
40.8412,0.5622,2.4243
40.8414,0.5834,2.5169
40.8416,0.6292,2.7145
40.8418,0.6142,2.6474
40.8420,0.6086,2.6243
40.8422,0.6029,2.5983
40.8424,0.6084,2.6221
40.8426,0.613,2.6435
40.8428,0.6244,2.6913
40.8430,0.6869,2.9578
40.8432,0.747,3.2135
40.8434,0.8172,3.5076
40.8436,0.8966,3.8554
40.8438,0.7765,3.3451
40.8440,0.7073,3.0428
40.8442,0.7386,3.1774
40.8444,0.7713,3.3182
40.8446,0.7294,3.145
40.8448,0.6153,2.6533
40.8450,0.6338,2.7278
40.8452,0.7092,3.0539
40.8454,0.7335,3.1587
40.8456,0.7041,3.0303
40.8458,0.6638,2.8582
40.8460,0.697,2.9998
40.8462,0.7151,3.0806
40.8464,0.7258,3.1237
40.8466,0.7325,3.1511
40.8468,0.7347,3.158
40.8470,0.7531,3.2428
40.8472,0.6923,2.9783
40.8474,0.7731,3.3244
40.8476,0.7997,3.4357
40.8478,0.8273,3.5591
40.8480,0.7152,3.0825
40.8482,0.6476,2.7885
40.8484,0.6676,2.8774
40.8486,0.6611,2.8468
40.8488,0.7276,3.127
40.8490,0.7452,3.2058
40.8492,0.691,2.9726
40.8494,0.7807,3.3584
40.8496,0.7652,3.298
40.8498,0.629,2.7122
40.8500,0.6262,2.7028
40.8502,0.5635,2.4311
40.8504,0.5637,2.4305
40.8506,0.5485,2.3686
40.8508,0.4637,2.0039
40.8510,0.4296,1.8567
40.8512,0.4477,1.935
40.8514,0.4268,1.844
40.8516,0.4924,2.1224
40.8518,0.6176,2.6582
40.8520,0.6261,2.7011
40.8522,0.555,2.3932
40.8524,0.5463,2.3555
40.8526,0.5623,2.4225
40.8528,0.5985,2.5797
40.8530,0.6551,2.8223
40.8532,0.6728,2.8983
40.8534,0.6364,2.7405
40.8536,0.7247,3.1118
40.8538,0.8199,3.5222
40.8540,0.8718,3.7417
40.8542,0.8368,3.5965
40.8544,0.8226,3.5308
40.8546,0.9278,3.9784
40.8548,0.9015,3.8766
40.8550,0.7657,3.2909
40.8552,0.9069,3.8816
40.8554,1.0302,4.4133
40.8556,1.0319,4.4164
40.8558,1.0652,4.5676
40.8560,1.0259,4.3989
40.8562,1.016,4.3547
40.8564,1.0293,4.4077
40.8566,1.0188,4.3706
40.8568,0.9745,4.1769
40.8570,1.0267,4.3984
40.8572,1.0287,4.403
40.8574,1.0936,4.6872
40.8576,0.9893,4.2461
40.8578,0.9809,4.2042
40.8580,0.9669,4.1556
40.8582,0.8424,3.6157
40.8584,0.92,3.9449
40.8586,0.988,4.2365
40.8588,0.9853,4.2251
40.8590,0.9508,4.0809
40.8592,0.9205,3.9525
40.8594,0.9307,3.9963
40.8596,0.9775,4.1956
40.8598,0.9164,3.9405
40.8600,0.8783,3.7713
40.8602,0.8947,3.8454
40.8604,0.8545,3.6694
40.8606,0.8969,3.8547
40.8608,0.8847,3.8026
40.8610,0.8717,3.75
40.8612,0.8244,3.5401
40.8614,0.8744,3.7583
40.8616,0.8698,3.7382
40.8618,0.8506,3.6575
40.8620,0.8128,3.4918
40.8622,0.9034,3.8812
40.8624,0.9216,3.9572
40.8626,0.9387,4.0289
40.8628,0.9093,3.9101
40.8630,0.8158,3.5063
40.8632,0.8494,3.6506
40.8634,0.8439,3.6269
40.8636,0.8847,3.8044
40.8638,0.8591,3.7009
40.8640,0.7439,3.2031
40.8642,0.7266,3.1316
40.8644,0.723,3.1132
40.8646,0.7248,3.1224
40.8648,0.6831,2.9454
40.8650,0.626,2.6981
40.8652,0.6876,2.9637
40.8654,0.6839,2.949
40.8656,0.6406,2.7637
40.8658,0.6626,2.8557
40.8660,0.6911,2.9773
40.8662,0.7067,3.0416
40.8664,0.7003,3.0171
40.8666,0.6899,2.9721
40.8668,0.7226,3.1131
40.8670,0.7435,3.2015
40.8672,0.7894,3.3961
40.8674,0.7852,3.3765
40.8676,0.7638,3.2888
40.8678,0.7352,3.1644
40.8680,0.7339,3.1558
40.8682,0.7439,3.2016
40.8684,0.7714,3.3218
40.8686,0.7834,3.3734
40.8688,0.773,3.3316
40.8690,0.6291,2.714
40.8692,0.5734,2.4735
40.8694,0.5718,2.4668
40.8696,0.6176,2.6619
40.8698,0.6846,2.9494
40.8700,0.6855,2.9571
40.8702,0.6033,2.6064
40.8704,0.5845,2.5216
40.8706,0.5955,2.5692
40.8708,0.5897,2.545
40.8710,0.5774,2.4911
40.8712,0.5732,2.473
40.8714,0.566,2.4419
40.8716,0.5676,2.4498
40.8718,0.5758,2.485
40.8720,0.5688,2.4538
40.8722,0.5626,2.4269
40.8724,0.57,2.459
40.8726,0.5713,2.4647
40.8728,0.5705,2.4611
40.8730,0.5675,2.4481
40.8732,0.5645,2.4352
40.8734,0.57,2.4601
40.8736,0.5714,2.4652
40.8738,0.5666,2.4445
40.8740,0.5665,2.444
40.8742,0.5641,2.4303
40.8744,0.6268,2.7004
40.8746,0.6873,2.958
40.8748,0.7174,3.0847
40.8750,0.7545,3.246
40.8752,0.7533,3.2363
40.8754,0.7823,3.3657
40.8756,0.7718,3.3218
40.8758,0.7719,3.3177
40.8760,0.7795,3.3517
40.8762,0.7942,3.4167
40.8764,0.7614,3.2754
40.8766,0.7696,3.3125
40.8768,0.7918,3.4033
40.8770,0.8445,3.6261
40.8772,0.8834,3.7934
40.8774,0.8411,3.6184
40.8776,0.7688,3.3074
40.8778,0.75,3.2264
40.8780,0.7314,3.1464
40.8782,0.7099,3.057
40.8784,0.6911,2.9759
40.8786,0.737,3.1736
40.8788,0.6963,2.9981
40.8790,0.6821,2.9331
40.8792,0.733,3.1532
40.8794,0.7735,3.3275
40.8796,0.7479,3.2191
40.8798,0.7115,3.0651
40.8800,0.7182,3.0926
40.8802,0.7144,3.0746
40.8804,0.6933,2.9852
40.8806,0.7145,3.0751
40.8808,0.6892,2.969
40.8810,0.6184,2.663
40.8812,0.609,2.6259
40.8814,0.5802,2.5065
40.8816,0.5014,2.1631
40.8818,0.5809,2.5038
40.8820,0.6354,2.7384
40.8822,0.6453,2.7826
40.8824,0.6065,2.6126
40.8826,0.6089,2.6229
40.8828,0.6029,2.5971
40.8830,0.5597,2.4179
40.8832,0.506,2.1848
40.8834,0.4977,2.1511
40.8836,0.4675,2.0168
40.8838,0.573,2.4742
40.8840,0.4965,2.1459
40.8842,0.4037,1.744
40.8844,0.3995,1.7267
40.8846,0.4077,1.7603
40.8848,0.456,1.9653
40.8850,0.6253,2.69
40.8852,0.676,2.919
40.8854,0.5045,2.1766
40.8856,0.5165,2.2283
40.8858,0.5303,2.2857
40.8860,0.5895,2.5398
40.8862,0.64,2.7598
40.8864,0.6226,2.6811
40.8866,0.6198,2.6687
40.8868,0.6158,2.6504
40.8870,0.6809,2.932
40.8872,0.6979,3.0011
40.8874,0.7427,3.189
40.8876,0.805,3.4551
40.8878,0.8706,3.7418
40.8880,0.8182,3.515
40.8882,0.8452,3.6275
40.8884,0.8816,3.7839
40.8886,0.9331,4.0066
40.8888,0.9087,3.8984
40.8890,0.9988,4.2727
40.8892,1.1157,4.7728
40.8894,1.1203,4.7929
40.8896,1.1177,4.786
40.8898,1.0744,4.605
40.8900,1.0139,4.3455
40.8902,1.0052,4.3105
40.8904,1.0019,4.2921
40.8906,1.0513,4.5037
40.8908,1.0331,4.4256
40.8910,1.0144,4.3455
40.8912,0.9665,4.1522
40.8914,0.9454,4.0558
40.8916,0.9361,4.012
40.8918,0.9885,4.2385
40.8920,1.0031,4.2992
40.8922,1.0256,4.3999
40.8924,0.9417,4.0418
40.8926,0.9092,3.9041
40.8928,0.9033,3.8807
40.8930,0.8885,3.8168
40.8932,0.8754,3.7607
40.8934,0.8493,3.6501
40.8936,0.7912,3.4023
40.8938,0.7821,3.3631
40.8940,0.8068,3.4709
40.8942,0.7677,3.3027
40.8944,0.803,3.4512
40.8946,0.8859,3.8113
40.8948,0.8163,3.5084
40.8950,0.8236,3.5382
40.8952,0.9169,3.9371
40.8954,0.8891,3.8212
40.8956,0.7869,3.3884
40.8958,0.6794,2.9267
40.8960,0.7112,3.0641
40.8962,0.7419,3.1918
40.8964,0.7867,3.3827
40.8966,0.7559,3.2592
40.8968,0.6704,2.8879
40.8970,0.6653,2.8676
40.8972,0.6399,2.7554
40.8974,0.712,3.0686
40.8976,0.616,2.6564
40.8978,0.664,2.8605
40.8980,0.7036,3.0338
40.8982,0.6087,2.6249
40.8984,0.6394,2.7547
40.8986,0.7049,3.0339
40.8988,0.7108,3.0606
40.8990,0.6867,2.9595
40.8992,0.631,2.7223
40.8994,0.6101,2.6305
40.8996,0.6319,2.7246
40.8998,0.5722,2.4695
40.9000,0.5507,2.3768
40.9002,0.5688,2.4516
40.9004,0.6249,2.6897
40.9006,0.6597,2.8433
40.9008,0.6753,2.9091
40.9010,0.7451,3.2067
40.9012,0.7146,3.08
40.9014,0.6307,2.7182
40.9016,0.6431,2.7745
40.9018,0.6618,2.8446
40.9020,0.8186,3.5198
40.9022,0.7569,3.2624
40.9024,0.5882,2.54
40.9026,0.4892,2.1153
40.9028,0.4508,1.9476
40.9030,0.4478,1.9355
40.9032,0.4428,1.9137
40.9034,0.4447,1.9211
40.9036,0.449,1.9389
40.9038,0.4463,1.9279
40.9040,0.4475,1.934
40.9042,0.4442,1.9182
40.9044,0.4481,1.9365
40.9046,0.4466,1.9294
40.9048,0.4497,1.9402
40.9050,0.5003,2.1555
40.9052,0.6273,2.7012
40.9054,0.6412,2.7701
40.9056,0.4949,2.1352
40.9058,0.5236,2.2567
40.9060,0.5743,2.4776
40.9062,0.5736,2.4745
40.9064,0.5738,2.4733
40.9066,0.5708,2.4603
40.9068,0.5719,2.465
40.9070,0.5708,2.4603
40.9072,0.6069,2.6147
40.9074,0.6584,2.8363
40.9076,0.6519,2.8058
40.9078,0.6416,2.7627
40.9080,0.6324,2.7254
40.9082,0.6812,2.9276
40.9084,0.7624,3.2816
40.9086,0.6736,2.9005
40.9088,0.6731,2.8985
40.9090,0.6674,2.871
40.9092,0.7443,3.2022
40.9094,0.738,3.1748
40.9096,0.7204,3.0961
40.9098,0.7778,3.3398
40.9100,0.847,3.642
40.9102,0.7886,3.3909
40.9104,0.7333,3.1532
40.9106,0.723,3.1132
40.9108,0.7271,3.1264
40.9110,0.7112,3.0641
40.9112,0.5886,2.5415
40.9114,0.5471,2.358
40.9116,0.5994,2.5785
40.9118,0.6773,2.9125
40.9120,0.6636,2.859
40.9122,0.6337,2.7299
40.9124,0.5941,2.5606
40.9126,0.5744,2.4781
40.9128,0.573,2.4696
40.9130,0.5825,2.5093
40.9132,0.569,2.4537
40.9134,0.5163,2.2252
40.9136,0.5186,2.233
40.9138,0.6087,2.6236
40.9140,0.6134,2.645
40.9142,0.5838,2.5197
40.9144,0.5153,2.2221
40.9146,0.4712,2.0356
40.9148,0.3981,1.7205
40.9150,0.3898,1.6847
40.9152,0.3914,1.6883
40.9154,0.4738,2.0442
40.9156,0.4348,1.8799
40.9158,0.3929,1.6982
40.9160,0.3899,1.6844
40.9162,0.3898,1.6847
40.9164,0.392,1.6932
40.9166,0.3938,1.7002
40.9168,0.3918,1.6919
40.9170,0.3934,1.6987
40.9172,0.4436,1.9129
40.9174,0.5168,2.2262
40.9176,0.5514,2.3777
40.9178,0.5224,2.2505
40.9180,0.569,2.4549
40.9182,0.4972,2.145
40.9184,0.4918,2.1208
40.9186,0.4952,2.1343
40.9188,0.499,2.1508
40.9190,0.5559,2.3946
40.9192,0.63,2.7101
40.9194,0.6636,2.8537
40.9196,0.7424,3.1894
40.9198,0.8127,3.4945
40.9200,0.7176,3.0843
40.9202,0.7342,3.151
40.9204,0.7746,3.3306
40.9206,0.7484,3.2122
40.9208,0.847,3.6352
40.9210,0.8615,3.6975
40.9212,0.8688,3.7271
40.9214,0.8537,3.6692
40.9216,0.787,3.3779
40.9218,0.8268,3.5471
40.9220,0.8883,3.811
40.9222,0.9013,3.8665
40.9224,0.9379,4.0215
40.9226,0.9736,4.1728
40.9228,0.9666,4.1411
40.9230,0.9979,4.2771
40.9232,0.964,4.1317
40.9234,0.9271,3.979
40.9236,0.8272,3.552
40.9238,0.8489,3.6452
40.9240,0.8895,3.8197
40.9242,0.8839,3.7955
40.9244,0.8286,3.5565
40.9246,0.8305,3.568
40.9248,0.855,3.6697
40.9250,0.8355,3.5875
40.9252,0.8484,3.6414
40.9254,0.8823,3.7835
40.9256,0.9005,3.8647
40.9258,0.9228,3.9586
40.9260,0.943,4.0418
40.9262,0.8753,3.7584
40.9264,0.8847,3.7973
40.9266,0.9037,3.8768
40.9268,0.9343,4.0061
40.9270,0.9513,4.0772
40.9272,0.9738,4.1777
40.9274,0.9054,3.8895
40.9276,0.8669,3.7241
40.9278,0.8399,3.6065
40.9280,0.8813,3.7771
40.9282,0.9499,4.0749
40.9284,0.9484,4.0744
40.9286,0.8708,3.7411
40.9288,0.8282,3.5561
40.9290,0.8569,3.6814
40.9292,0.8724,3.7426
40.9294,0.9422,4.0457
40.9296,0.8792,3.7701
40.9298,0.928,3.9831
40.9300,0.8692,3.7339
40.9302,0.8323,3.5791
40.9304,0.8055,3.462
40.9306,0.8151,3.5032
40.9308,0.8069,3.4682
40.9310,0.7759,3.3347
40.9312,0.8027,3.4469
40.9314,0.8776,3.77
40.9316,0.8747,3.7576
40.9318,0.8152,3.5103
40.9320,0.6764,2.9151
40.9322,0.6159,2.6571
40.9324,0.5804,2.5005
40.9326,0.609,2.6247
40.9328,0.5701,2.4595
40.9330,0.5713,2.4636
40.9332,0.5634,2.4317
40.9334,0.5695,2.4569
40.9336,0.5702,2.4589
40.9338,0.5899,2.5449
40.9340,0.5303,2.2899
40.9342,0.4875,2.1041
40.9344,0.499,2.1548
40.9346,0.518,2.2293
40.9348,0.6913,2.9742
40.9350,0.6502,2.8063
40.9352,0.5584,2.4111
40.9354,0.5324,2.2955
40.9356,0.5646,2.4346
40.9358,0.5303,2.2878
40.9360,0.5282,2.2795
40.9362,0.5288,2.279
40.9364,0.5316,2.2924
40.9366,0.5306,2.2899
40.9368,0.5286,2.2827
40.9370,0.5309,2.2893
40.9372,0.5334,2.3012
40.9374,0.5372,2.3151
40.9376,0.6069,2.6122
40.9378,0.638,2.7459
40.9380,0.6651,2.8612
40.9382,0.6334,2.7314
40.9384,0.5396,2.3276
40.9386,0.5289,2.2816
40.9388,0.5348,2.3069
40.9390,0.5854,2.5205
40.9392,0.6093,2.6238
40.9394,0.6128,2.6375
40.9396,0.6188,2.6633
40.9398,0.6231,2.6881
40.9400,0.5493,2.3706
40.9402,0.5413,2.3343
40.9404,0.585,2.5178
40.9406,0.6378,2.7474
40.9408,0.6392,2.7511
40.9410,0.7066,3.0369
40.9412,0.7482,3.2202
40.9414,0.6772,2.9133
40.9416,0.6429,2.7684
40.9418,0.6431,2.7707
40.9420,0.6575,2.8287
40.9422,0.7369,3.1643
40.9424,0.7659,3.2965
40.9426,0.7194,3.0934
40.9428,0.7621,3.28
40.9430,0.6529,2.8099
40.9432,0.6182,2.6657
40.9434,0.615,2.6505
40.9436,0.641,2.7575
40.9438,0.6928,2.9776
40.9440,0.7345,3.1599
40.9442,0.7417,3.1893
40.9444,0.7084,3.0531
40.9446,0.6493,2.7931
40.9448,0.6931,2.9819
40.9450,0.7003,3.0115
40.9452,0.7542,3.246
40.9454,0.6729,2.8961
40.9456,0.6891,2.9616
40.9458,0.7363,3.1617
40.9460,0.7859,3.3811
40.9462,0.7207,3.1049
40.9464,0.6999,3.0122
40.9466,0.6928,2.9817
40.9468,0.7148,3.0767
40.9470,0.7116,3.0599
40.9472,0.716,3.0761
40.9474,0.7694,3.3007
40.9476,0.8446,3.6317
40.9478,0.7217,3.1061
40.9480,0.7015,3.018
40.9482,0.7386,3.1759
40.9484,0.7818,3.3584
40.9486,0.8014,3.4429
40.9488,0.6969,3.0049
40.9490,0.6074,2.6155
40.9492,0.6175,2.6589
40.9494,0.5644,2.4324
40.9496,0.5854,2.524
40.9498,0.5672,2.4437
40.9500,0.6027,2.5978
40.9502,0.571,2.4666
40.9504,0.4481,1.9348
40.9506,0.446,1.9251
40.9508,0.4948,2.1327
40.9510,0.5973,2.5734
40.9512,0.6039,2.603
40.9514,0.6017,2.5907
40.9516,0.6819,2.9321
40.9518,0.7017,3.0199
40.9520,0.6887,2.9697
40.9522,0.5334,2.3012
40.9524,0.5162,2.2257
40.9526,0.5465,2.3522
40.9528,0.6067,2.6149
40.9530,0.5917,2.5491
40.9532,0.6336,2.7293
40.9534,0.6303,2.7129
40.9536,0.6911,2.9704
40.9538,0.7599,3.2662
40.9540,0.7867,3.3795
40.9542,0.791,3.3949
40.9544,0.8236,3.5382
40.9546,0.8279,3.5551
40.9548,0.8792,3.7737
40.9550,0.8529,3.6621
40.9552,0.8393,3.604
40.9554,0.8397,3.6072
40.9556,0.8322,3.5719
40.9558,0.838,3.5983
40.9560,0.8352,3.5881
40.9562,0.826,3.5501
40.9564,0.8585,3.6898
40.9566,0.8186,3.5182
40.9568,0.7981,3.4285
40.9570,0.8477,3.64
40.9572,0.837,3.5908
40.9574,0.9056,3.8814
40.9576,0.8911,3.8282
40.9578,0.8885,3.8151
40.9580,0.8758,3.7587
40.9582,0.8947,3.84
40.9584,0.9157,3.9338
40.9586,0.8642,3.7128
40.9588,0.7724,3.3182
40.9590,0.7874,3.3826
40.9592,0.8304,3.5708
40.9594,0.8241,3.5419
40.9596,0.8047,3.4584
40.9598,0.8364,3.5916
40.9600,0.8448,3.6344
40.9602,0.752,3.2337
40.9604,0.7106,3.0544
40.9606,0.8136,3.4922
40.9608,0.9141,3.9271
40.9610,0.8683,3.7303
40.9612,0.85,3.6515
40.9614,0.8401,3.6126
40.9616,0.7871,3.3832
40.9618,0.7568,3.2513
40.9620,0.7716,3.3192
40.9622,0.7048,3.0348
40.9624,0.7207,3.1049
40.9626,0.72,3.0989
40.9628,0.716,3.079
40.9630,0.7337,3.1621
40.9632,0.6443,2.7797
40.9634,0.5821,2.5101
40.9636,0.5367,2.3152
40.9638,0.522,2.2532
40.9640,0.5044,2.1801
40.9642,0.4403,1.902
40.9644,0.4885,2.1073
40.9646,0.5634,2.4283
40.9648,0.5646,2.4335
40.9650,0.6011,2.587
40.9652,0.6786,2.9249
40.9654,0.5801,2.5001
40.9656,0.5888,2.5367
40.9658,0.6056,2.6078
40.9660,0.6115,2.6343
40.9662,0.6517,2.8073
40.9664,0.6513,2.8045
40.9666,0.7162,3.0795
40.9668,0.7249,3.1171
40.9670,0.7238,3.1183
40.9672,0.6085,2.625
40.9674,0.5243,2.2661
40.9676,0.455,1.9657
40.9678,0.4494,1.9395
40.9680,0.4933,2.127
40.9682,0.5702,2.4578
40.9684,0.5943,2.5616
40.9686,0.5964,2.568
40.9688,0.5821,2.5054
40.9690,0.5976,2.5744
40.9692,0.5879,2.5337
40.9694,0.6389,2.7526
40.9696,0.6452,2.7795
40.9698,0.5698,2.4591
40.9700,0.4884,2.1068
40.9702,0.5055,2.1817
40.9704,0.4995,2.1579
40.9706,0.427,1.8445
40.9708,0.4181,1.8062
40.9710,0.4226,1.8258
40.9712,0.4542,1.9575
40.9714,0.5097,2.1988
40.9716,0.4981,2.1477
40.9718,0.4792,2.0684
40.9720,0.4631,1.9985
40.9722,0.4589,1.9795
40.9724,0.4533,1.9575
40.9726,0.4436,1.9174
40.9728,0.4424,1.9095
40.9730,0.4465,1.9262
40.9732,0.4681,2.0184
40.9734,0.5319,2.2935
40.9736,0.546,2.3523
40.9738,0.5478,2.3589
40.9740,0.552,2.3759
40.9742,0.5617,2.4199
40.9744,0.5639,2.4281
40.9746,0.6487,2.7918
40.9748,0.6375,2.7464
40.9750,0.5746,2.4741
40.9752,0.5616,2.4206
40.9754,0.5533,2.3838
40.9756,0.5586,2.4032
40.9758,0.6097,2.6229
40.9760,0.7517,3.2291
40.9762,0.8175,3.5135
40.9764,0.7339,3.1543
40.9766,0.7102,3.0552
40.9768,0.6399,2.7542
40.9770,0.6198,2.6687
40.9772,0.6395,2.7513
40.9774,0.6915,2.9719
40.9776,0.7338,3.1568
40.9778,0.7224,3.1078
40.9780,0.6618,2.8486
40.9782,0.597,2.573
40.9784,0.5415,2.3359
40.9786,0.5352,2.3058
40.9788,0.5545,2.3878
40.9790,0.6059,2.61
40.9792,0.6332,2.7278
40.9794,0.6163,2.6537
40.9796,0.6301,2.7068
40.9798,0.7025,3.0249
40.9800,0.5996,2.5808
40.9802,0.5678,2.4497
40.9804,0.4786,2.0639
40.9806,0.4782,2.0628
40.9808,0.4857,2.0954
40.9810,0.4863,2.096
40.9812,0.539,2.3229
40.9814,0.4979,2.1471
40.9816,0.5164,2.2278
40.9818,0.474,2.0447
40.9820,0.4544,1.9604
40.9822,0.4931,2.1245
40.9824,0.5441,2.3451
40.9826,0.4991,2.1533
40.9828,0.5012,2.1601
40.9830,0.5342,2.3011
40.9832,0.5571,2.3998
40.9834,0.5457,2.354
40.9836,0.5133,2.2082
40.9838,0.6134,2.6377
40.9840,0.6336,2.7306
40.9842,0.5925,2.5527
40.9844,0.5833,2.5118
40.9846,0.5547,2.3873
40.9848,0.6231,2.6807
40.9850,0.6451,2.7751
40.9852,0.6623,2.8454
40.9854,0.7316,3.1431
40.9856,0.762,3.2734
40.9858,0.8105,3.482
40.9860,0.7785,3.3414
40.9862,0.7268,3.1283
40.9864,0.7157,3.0746
40.9866,0.7452,3.2043
40.9868,0.727,3.1215
40.9870,0.7869,3.3805
40.9872,0.7464,3.2064
40.9874,0.8344,3.5728
40.9876,0.9669,4.146
40.9878,0.9222,3.9542
40.9880,0.9228,3.9531
40.9882,0.9483,4.0606
40.9884,0.9676,4.1432
40.9886,0.9951,4.2628
40.9888,0.9838,4.2204
40.9890,0.938,4.0183
40.9892,0.9681,4.1492
40.9894,1.0102,4.3275
40.9896,1.0266,4.3897
40.9898,1.0862,4.6423
40.9900,1.1115,4.7549
40.9902,1.0976,4.702
40.9904,1.064,4.5539
40.9906,1.0783,4.6085
40.9908,1.1313,4.8418
40.9910,1.0903,4.6663
40.9912,1.056,4.5216
40.9914,1.057,4.5241
40.9916,0.9959,4.2764
40.9918,0.8918,3.833
40.9920,0.8798,3.7833
40.9922,0.8128,3.4934
40.9924,0.7856,3.3765
40.9926,0.7636,3.2821
40.9928,0.7689,3.3064
40.9930,0.7951,3.4172
40.9932,0.8184,3.5193
40.9934,0.7741,3.3254
40.9936,0.8091,3.4742
40.9938,0.8708,3.7446
40.9940,0.8198,3.5217
40.9942,0.8393,3.6023
40.9944,0.8706,3.7383
40.9946,0.8236,3.5415
40.9948,0.8036,3.4538
40.9950,0.7853,3.377
40.9952,0.7759,3.3363
40.9954,0.8081,3.4717
40.9956,0.8394,3.6129
40.9958,0.7007,3.013
40.9960,0.72,3.0974
40.9962,0.7491,3.2258
40.9964,0.7047,3.03
40.9966,0.7457,3.2093
40.9968,0.7292,3.1445
40.9970,0.669,2.8809
40.9972,0.69,2.9644
40.9974,0.7849,3.3749
40.9976,0.7554,3.2511
40.9978,0.7355,3.1625
40.9980,0.774,3.3265
40.9982,0.803,3.4544
40.9984,0.8192,3.524
40.9986,0.7045,3.038
40.9988,0.5668,2.445
40.9990,0.5627,2.4275
40.9992,0.5737,2.4716
40.9994,0.5874,2.534
40.9996,0.614,2.6476
40.9998,0.6159,2.6571
41.0000,0.5866,2.5292
41.0002,0.5336,2.3028
41.0004,0.5326,2.2987
41.0006,0.5595,2.4113
41.0008,0.6277,2.7015
41.0010,0.6084,2.6245
41.0012,0.5919,2.5501
41.0014,0.6418,2.7676
41.0016,0.5798,2.4979
41.0018,0.5736,2.4745
41.0020,0.5386,2.3235
41.0022,0.535,2.308
41.0024,0.5408,2.3317
41.0026,0.533,2.297
41.0028,0.5559,2.3991
41.0030,0.5147,2.2206
41.0032,0.5205,2.2454
41.0034,0.5411,2.3322
41.0036,0.5319,2.2945
41.0038,0.5844,2.5141
41.0040,0.6865,2.9563
41.0042,0.5822,2.5118
41.0044,0.5659,2.4369
41.0046,0.6274,2.7017
41.0048,0.6266,2.6994
41.0050,0.6355,2.7363
41.0052,0.6562,2.8257
41.0054,0.6701,2.8855
41.0056,0.684,2.9413
41.0058,0.7342,3.1568
41.0060,0.7502,3.2229
41.0062,0.7654,3.296
41.0064,0.6716,2.8944
41.0066,0.6379,2.7467
41.0068,0.6374,2.7446
41.0070,0.6419,2.7629
41.0072,0.7059,3.0338
41.0074,0.7783,3.3466
41.0076,0.7391,3.1735
41.0078,0.7635,3.2816
41.0080,0.7313,3.1459
41.0082,0.7511,3.234
41.0084,0.6973,3
41.0086,0.7411,3.1838
41.0088,0.7737,3.3285
41.0090,0.7244,3.1165
41.0092,0.7252,3.1153
41.0094,0.7705,3.3115
41.0096,0.7928,3.409
41.0098,0.8047,3.4632
41.0100,0.7434,3.1951
41.0102,0.7065,3.0434
41.0104,0.6644,2.8568
41.0106,0.7713,3.3182
41.0108,0.6728,2.8996
41.0110,0.62,2.6685
41.0112,0.6921,2.98
41.0114,0.7,3.0113
41.0116,0.676,2.9122
41.0118,0.6581,2.8366
41.0120,0.6674,2.871
41.0122,0.7055,3.0364
41.0124,0.6415,2.7634
41.0126,0.6091,2.6228
41.0128,0.6383,2.7475
41.0130,0.6403,2.7596
41.0132,0.5617,2.4211
41.0134,0.5517,2.3788
41.0136,0.5159,2.2247
41.0138,0.5334,2.2991
41.0140,0.5886,2.5392
41.0142,0.5206,2.248
41.0144,0.4262,1.8414
41.0146,0.3989,1.7249
41.0148,0.3951,1.7075
41.0150,0.3981,1.7197
41.0152,0.3979,1.7199
41.0154,0.3964,1.7124
41.0156,0.3987,1.7222
41.0158,0.3959,1.7095
41.0160,0.4376,1.8906
41.0162,0.4128,1.7817
41.0164,0.4731,2.0373
41.0166,0.5622,2.4254
41.0168,0.4942,2.1331
41.0170,0.5031,2.1664
41.0172,0.6322,2.7161
41.0174,0.727,3.1274
41.0176,0.6213,2.6754
41.0178,0.5723,2.4677
41.0180,0.5041,2.1755
41.0182,0.5015,2.1637
41.0184,0.525,2.2619
41.0186,0.5718,2.461
41.0188,0.6699,2.8818
41.0190,0.7112,3.0527
41.0192,0.7789,3.3445
41.0194,0.7899,3.3918
41.0196,0.8145,3.5006
41.0198,0.8014,3.4429
41.0200,0.8283,3.5549
41.0202,0.8533,3.6642
41.0204,0.7967,3.418
41.0206,0.8743,3.7456
41.0208,0.9731,4.1688
41.0210,0.9951,4.2648
41.0212,0.9885,4.2346
41.0214,0.9885,4.2346
41.0216,0.979,4.194
41.0218,0.9933,4.2571
41.0220,0.965,4.1416
41.0222,0.9361,4.0063
41.0224,1,4.2839
41.0226,0.9686,4.1512
41.0228,0.9606,4.1154
41.0230,0.9831,4.2154
41.0232,0.9479,4.0704
41.0234,0.9122,3.9115
41.0236,0.9389,4.0262
41.0238,0.9182,3.9317
41.0240,0.9786,4.2022
41.0242,0.9265,3.9783
41.0244,0.8742,3.759
41.0246,0.8123,3.4897
41.0248,0.8172,3.5109
41.0250,0.8129,3.4988
41.0252,0.7705,3.3084
41.0254,0.825,3.546
41.0256,0.8543,3.67
41.0258,0.8394,3.6078
41.0260,0.8206,3.5187
41.0262,0.9218,3.9582
41.0264,0.8935,3.8367
41.0266,0.8425,3.6212
41.0268,0.7973,3.427
41.0270,0.8482,3.6455
41.0272,0.8311,3.5723
41.0274,0.7804,3.359
41.0276,0.7377,3.1723
41.0278,0.7499,3.2274
41.0280,0.7692,3.3059
41.0282,0.8448,3.6276
41.0284,0.855,3.6748
41.0286,0.7964,3.4276
41.0288,0.7089,3.0495
41.0290,0.7029,3.0237
41.0292,0.7397,3.1835
41.0294,0.7435,3.1971
41.0296,0.7561,3.2542
41.0298,0.6629,2.8585
41.0300,0.621,2.6776
41.0302,0.5935,2.558
41.0304,0.5872,2.5306
41.0306,0.6009,2.5901
41.0308,0.6162,2.6581
41.0310,0.5604,2.4165
41.0312,0.5366,2.3147
41.0314,0.5068,2.1874
41.0316,0.4997,2.1579
41.0318,0.4815,2.0782
41.0320,0.4946,2.1337
41.0322,0.5007,2.16
41.0324,0.5067,2.1869
41.0326,0.5255,2.2703
41.0328,0.502,2.1677
41.0330,0.4276,1.8479
41.0332,0.4306,1.86
41.0334,0.4682,2.0217
41.0336,0.4592,1.9829
41.0338,0.4725,2.0394
41.0340,0.5345,2.3016
41.0342,0.6128,2.6449
41.0344,0.5698,2.4591
41.0346,0.5208,2.248
41.0348,0.4638,2.0035
41.0350,0.4526,1.9544
41.0352,0.456,1.9671
41.0354,0.456,1.9671
41.0356,0.4543,1.9626
41.0358,0.4547,1.9623
41.0360,0.4538,1.9587
41.0362,0.5102,2.2029
41.0364,0.4647,2.0067
41.0366,0.4514,1.9474
41.0368,0.4472,1.9293
41.0370,0.4544,1.9613
41.0372,0.4555,1.9641
41.0374,0.4976,2.1456
41.0376,0.5412,2.3349
41.0378,0.5508,2.374
41.0380,0.5408,2.3317
41.0382,0.5143,2.2195
41.0384,0.4559,1.9675
41.0386,0.4499,1.9425
41.0388,0.4485,1.9332
41.0390,0.5246,2.2567
41.0392,0.6513,2.7993
41.0394,0.6901,2.9676
41.0396,0.6959,2.9938
41.0398,0.7258,3.1208
41.0400,0.7086,3.0499
41.0402,0.5864,2.5252
41.0404,0.5603,2.4137
41.0406,0.5561,2.3957
41.0408,0.5744,2.4724
41.0410,0.68,2.9211
41.0412,0.7586,3.2635
41.0414,0.7267,3.1263
41.0416,0.7536,3.2358
41.0418,0.7632,3.2877
41.0420,0.5851,2.5195
41.0422,0.587,2.5301
41.0424,0.5569,2.4026
41.0426,0.5508,2.3751
41.0428,0.6005,2.5844
41.0430,0.6376,2.7418
41.0432,0.6675,2.8715
41.0434,0.6798,2.9233
41.0436,0.7238,3.1111
41.0438,0.6906,2.9752
41.0440,0.6236,2.6877
41.0442,0.5712,2.4596
41.0444,0.6238,2.6838
41.0446,0.6478,2.7869
41.0448,0.6445,2.7725
41.0450,0.6273,2.6987
41.0452,0.6434,2.7691
41.0454,0.635,2.7343
41.0456,0.6122,2.6362
41.0458,0.6121,2.6369
41.0460,0.6372,2.7397
41.0462,0.7024,3.0202
41.0464,0.6541,2.8164
41.0466,0.6206,2.6698
41.0468,0.7024,3.0188
41.0470,0.7553,3.2446
41.0472,0.7318,3.1436
41.0474,0.6538,2.8166
41.0476,0.566,2.4419
41.0478,0.5619,2.416
41.0480,0.6111,2.634
41.0482,0.5348,2.3059
41.0484,0.5396,2.3265
41.0486,0.4518,1.9508
41.0488,0.3984,1.7212
41.0490,0.4219,1.8194
41.0492,0.4607,1.9891
41.0494,0.4426,1.9074
41.0496,0.5405,2.3296
41.0498,0.5423,2.3384
41.0500,0.4905,2.1161
41.0502,0.483,2.0815
41.0504,0.4819,2.0759
41.0506,0.4816,2.0759
41.0508,0.4846,2.0898
41.0510,0.4899,2.1145
41.0512,0.488,2.1052
41.0514,0.5068,2.1824
41.0516,0.5737,2.4682
41.0518,0.6224,2.6788
41.0520,0.6394,2.7534
41.0522,0.6361,2.7338
41.0524,0.6893,2.9585
41.0526,0.731,3.1405
41.0528,0.773,3.3193
41.0530,0.8103,3.481
41.0532,0.7855,3.3712
41.0534,0.794,3.4062
41.0536,0.8204,3.5193
41.0538,0.8292,3.5591
41.0540,0.8726,3.7436
41.0542,0.8759,3.7592
41.0544,0.8304,3.5642
41.0546,0.8186,3.5133
41.0548,0.8171,3.5038
41.0550,0.8211,3.5306
41.0552,0.7806,3.3501
41.0554,0.8638,3.7055
41.0556,0.9256,3.9691
41.0558,0.9052,3.8817
41.0560,0.9176,3.9328
41.0562,0.9506,4.076
41.0564,0.9722,4.1647
41.0566,0.9299,3.9839
41.0568,0.932,4.0001
41.0570,0.8443,3.6256
41.0572,0.8566,3.673
41.0574,0.9243,3.9653
41.0576,0.87,3.7323
41.0578,0.8771,3.7626
41.0580,0.8867,3.8127
41.0582,0.8168,3.5039
41.0584,0.869,3.7282
41.0586,0.8687,3.7232
41.0588,0.9146,3.9236
41.0590,0.9168,3.9292
41.0592,0.9278,3.9765
41.0594,0.9242,3.9703
41.0596,0.8264,3.5467
41.0598,0.8411,3.6117
41.0600,0.8341,3.5785
41.0602,0.8663,3.725
41.0604,0.7453,3.2063
41.0606,0.7761,3.3342
41.0608,0.8675,3.725
41.0610,0.8694,3.7349
41.0612,0.8618,3.7008
41.0614,0.7681,3.3074
41.0616,0.6782,2.9188
41.0618,0.6766,2.9161
41.0620,0.6759,2.913
41.0622,0.6651,2.8625
41.0624,0.6776,2.9162
41.0626,0.6766,2.9107
41.0628,0.7353,3.1605
41.0630,0.7515,3.2376
41.0632,0.6211,2.6731
41.0634,0.7199,3.0955
41.0636,0.7507,3.228
41.0638,0.7241,3.1222
41.0640,0.5922,2.5511
41.0642,0.6407,2.7578
41.0644,0.6589,2.8357
41.0646,0.6692,2.8787
41.0648,0.6939,2.9892
41.0650,0.6256,2.6978
41.0652,0.5882,2.5341
41.0654,0.6274,2.7005
41.0656,0.6648,2.8615
41.0658,0.6563,2.8262
41.0660,0.6704,2.8852
41.0662,0.6428,2.764
41.0664,0.6783,2.9166
41.0666,0.7133,3.0657
41.0668,0.8003,3.4398
41.0670,0.7996,3.4399
41.0672,0.7451,3.2067
41.0674,0.6043,2.6057
41.0676,0.5339,2.3044
41.0678,0.5324,2.2966
41.0680,0.5255,2.2671
41.0682,0.5278,2.2759
41.0684,0.5282,2.2806
41.0686,0.5288,2.2811
41.0688,0.5369,2.3141
41.0690,0.5391,2.3256
41.0692,0.5274,2.2754
41.0694,0.5202,2.2423
41.0696,0.5318,2.2929
41.0698,0.5623,2.4214
41.0700,0.6717,2.8896
41.0702,0.6599,2.8443
41.0704,0.5428,2.3394
41.0706,0.5375,2.3188
41.0708,0.5348,2.3048
41.0710,0.5349,2.3032
41.0712,0.573,2.4696
41.0714,0.5509,2.3724
41.0716,0.5839,2.519
41.0718,0.5929,2.5531
41.0720,0.6732,2.8922
41.0722,0.7214,3.1036
41.0724,0.662,2.8504
41.0726,0.6597,2.8393
41.0728,0.6584,2.8323
41.0730,0.6535,2.8099
41.0732,0.7448,3.1983
41.0734,0.7798,3.3533
41.0736,0.7371,3.1683
41.0738,0.7832,3.3677
41.0740,0.7496,3.2219
41.0742,0.711,3.0602
41.0744,0.632,2.7214
41.0746,0.6266,2.7006
41.0748,0.6205,2.673
41.0750,0.6201,2.6703
41.0752,0.6184,2.663
41.0754,0.7189,3.0957
41.0756,0.6455,2.7771
41.0758,0.6856,2.9467
41.0760,0.7118,3.0595
41.0762,0.7747,3.3311
41.0764,0.7548,3.241
41.0766,0.8122,3.4892
41.0768,0.7994,3.4373
41.0770,0.741,3.1892
41.0772,0.6783,2.9193
41.0774,0.6838,2.9444
41.0776,0.6618,2.8486
41.0778,0.6409,2.757
41.0780,0.6539,2.808
41.0782,0.7459,3.2059
41.0784,0.7961,3.4202
41.0786,0.7738,3.3244
41.0788,0.7241,3.1164
41.0790,0.6941,2.9902
41.0792,0.6271,2.7002
41.0794,0.5806,2.5045
41.0796,0.5051,2.1812
41.0798,0.5453,2.3492
41.0800,0.5832,2.5112
41.0802,0.5445,2.3488
41.0804,0.4969,2.1415
41.0806,0.519,2.2392
41.0808,0.5535,2.3854
41.0810,0.5397,2.3314
41.0812,0.4438,1.9143
41.0814,0.5065,2.1849
41.0816,0.4916,2.1207
41.0818,0.5065,2.1879
41.0820,0.4249,1.8357
41.0822,0.4374,1.8834
41.0824,0.5572,2.4025
41.0826,0.5027,2.1678
41.0828,0.4933,2.128
41.0830,0.4864,2.0965
41.0832,0.5737,2.467
41.0834,0.6994,3.0129
41.0836,0.62,2.6735
41.0838,0.5584,2.4055
41.0840,0.5541,2.3869
41.0842,0.5729,2.4668
41.0844,0.615,2.6468
41.0846,0.6598,2.8385
41.0848,0.6824,2.9328
41.0850,0.7235,3.1124
41.0852,0.7124,3.0607
41.0854,0.7918,3.4017
41.0856,0.7939,3.4088
41.0858,0.8581,3.6796
41.0860,0.9049,3.8802
41.0862,0.8929,3.8252
41.0864,0.9964,4.2645
41.0866,1.1014,4.7052
41.0868,1.2139,5.1857
41.0870,1.1705,5.0073
41.0872,1.1025,4.7208
41.0874,1.01,4.325
41.0876,0.9538,4.088
41.0878,0.9181,3.9367
41.0880,0.9001,3.8578
41.0882,1.0543,4.5102
41.0884,1.1192,4.7832
41.0886,1.1512,4.9201
41.0888,1.1454,4.8978
41.0890,1.1367,4.8581
41.0892,1.1316,4.8479
41.0894,1.069,4.5819
41.0896,0.9882,4.2355
41.0898,1.0418,4.4527
41.0900,1.2426,5.3111
41.0902,1.2528,5.3571
41.0904,1.1461,4.9054
41.0906,1.0539,4.5171
41.0908,0.9762,4.188
41.0910,0.9917,4.2583
41.0912,0.9531,4.0926
41.0914,0.8942,3.8451
41.0916,0.8003,3.4398
41.0918,0.8641,3.7088
41.0920,0.9206,3.9475
41.0922,0.9562,4.104
41.0924,0.9331,4.0047
41.0926,0.9293,3.9925
41.0928,0.8471,3.6459
41.0930,0.8012,3.445
41.0932,0.8592,3.6963
41.0934,0.7578,3.2584
41.0936,0.7978,3.429
41.0938,0.8205,3.5264
41.0940,0.8411,3.6167
41.0942,0.7712,3.3192
41.0944,0.7582,3.2665
41.0946,0.7168,3.085
41.0948,0.7139,3.0697
41.0950,0.7734,3.3223
41.0952,0.8163,3.5133
41.0954,0.661,2.849
41.0956,0.6777,2.9181
41.0958,0.7029,3.0279
41.0960,0.6671,2.8766
41.0962,0.6144,2.6504
41.0964,0.6337,2.7273
41.0966,0.7568,3.2528
41.0968,0.7218,3.1095
41.0970,0.65,2.804
41.0972,0.636,2.7384
41.0974,0.7252,3.124
41.0976,0.6689,2.8817
41.0978,0.6719,2.8946
41.0980,0.6762,2.9119
41.0982,0.5922,2.5559
41.0984,0.4966,2.1444
41.0986,0.5363,2.3115
41.0988,0.6307,2.717
41.0990,0.6579,2.8329
41.0992,0.7136,3.0744
41.0994,0.7146,3.0771
41.0996,0.6533,2.8172
41.0998,0.624,2.6893
41.1000,0.6258,2.6995
41.1002,0.5286,2.2806
41.1004,0.518,2.2366
41.1006,0.5338,2.3049
41.1008,0.5174,2.233
41.1010,0.5157,2.2268
41.1012,0.5062,2.1838
41.1014,0.5157,2.2247
41.1016,0.5386,2.3235
41.1018,0.5285,2.2779
41.1020,0.589,2.5407
41.1022,0.5333,2.3007
41.1024,0.5459,2.3529
41.1026,0.6328,2.7275
41.1028,0.6059,2.6137
41.1030,0.5545,2.3912
41.1032,0.5175,2.2335
41.1034,0.5376,2.3183
41.1036,0.5586,2.4088
41.1038,0.5716,2.4623
41.1040,0.6422,2.7665
41.1042,0.6601,2.8409
41.1044,0.6743,2.9023
41.1046,0.6814,2.9341
41.1048,0.6762,2.9132
41.1050,0.6838,2.9417
41.1052,0.7431,3.194
41.1054,0.7623,3.2795
41.1056,0.7246,3.1214
41.1058,0.6641,2.8611
41.1060,0.6647,2.8583
41.1062,0.6726,2.8964
41.1064,0.6308,2.72
41.1066,0.5904,2.5446
41.1068,0.5683,2.4495
41.1070,0.565,2.435
41.1072,0.6259,2.6963
41.1074,0.6959,2.9924
41.1076,0.7433,3.1931
41.1078,0.7335,3.1543
41.1080,0.7738,3.326
41.1082,0.7355,3.1699
41.1084,0.571,2.4631
41.1086,0.5529,2.385
41.1088,0.5507,2.3768
41.1090,0.5442,2.3445
41.1092,0.5946,2.5627
41.1094,0.6336,2.7281
41.1096,0.6424,2.765
41.1098,0.6657,2.8691
41.1100,0.6048,2.6054
41.1102,0.6223,2.682
41.1104,0.5831,2.5154
41.1106,0.5828,2.512
41.1108,0.5955,2.5668
41.1110,0.5686,2.4517
41.1112,0.567,2.4427
41.1114,0.6102,2.6286
41.1116,0.6455,2.7797
41.1118,0.5755,2.4817
41.1120,0.5346,2.3032
41.1122,0.577,2.4913
41.1124,0.5217,2.2516
41.1126,0.4785,2.0643
41.1128,0.4496,1.9424
41.1130,0.4114,1.7772
41.1132,0.4031,1.7406
41.1134,0.4011,1.7318
41.1136,0.4137,1.7878
41.1138,0.4003,1.7303
41.1140,0.3857,1.6655
41.1142,0.3834,1.6565
41.1144,0.3851,1.6645
41.1146,0.3928,1.6977
41.1148,0.3912,1.6909
41.1150,0.4031,1.7382
41.1152,0.4473,1.9308
41.1154,0.4513,1.9469
41.1156,0.5256,2.2676
41.1158,0.5102,2.1999
41.1160,0.4891,2.1089
41.1162,0.4872,2.1016
41.1164,0.4928,2.1259
41.1166,0.4951,2.1337
41.1168,0.4928,2.1239
41.1170,0.494,2.1291
41.1172,0.5213,2.2459
41.1174,0.5923,2.5517
41.1176,0.59,2.5395
41.1178,0.5937,2.5555
41.1180,0.6264,2.6958
41.1182,0.6383,2.7475
41.1184,0.6139,2.6422
41.1186,0.5897,2.5391
41.1188,0.6138,2.6392
41.1190,0.7238,3.1096
41.1192,0.777,3.3347
41.1194,0.8244,3.5352
41.1196,0.8562,3.6731
41.1198,0.8581,3.6796
41.1200,0.8941,3.8339
41.1202,0.8793,3.7636
41.1204,1.0347,4.4225
41.1206,1.1293,4.8313
41.1208,1.0905,4.663
41.1210,1.1259,4.8097
41.1212,1.1395,4.8818
41.1214,0.9774,4.1932
41.1216,0.9267,3.97
41.1218,0.9087,3.8912
41.1220,0.9489,4.067
41.1222,0.9879,4.232
41.1224,1.0019,4.2961
41.1226,0.941,4.0349
41.1228,0.9472,4.0616
41.1230,0.9123,3.9175
41.1232,0.8415,3.6166
41.1234,0.8082,3.4722
41.1236,0.8654,3.7127
41.1238,0.8863,3.804
41.1240,0.8797,3.7775
41.1242,0.8946,3.8395
41.1244,0.9152,3.9225
41.1246,0.9656,4.1403
41.1248,0.8808,3.7786
41.1250,0.8734,3.7484
41.1252,0.9278,3.9802
41.1254,0.9431,4.0423
41.1256,0.9648,4.1353
41.1258,0.9784,4.1973
41.1260,0.9664,4.1458
41.1262,0.9116,3.9126
41.1264,0.8671,3.7182
41.1266,0.9531,4.0907
41.1268,0.9338,4.0059
41.1270,0.9072,3.8936
41.1272,0.8784,3.7753
41.1274,0.8621,3.7035
41.1276,0.8406,3.6147
41.1278,0.7652,3.2888
41.1280,0.7229,3.1113
41.1282,0.7091,3.0533
41.1284,0.7355,3.1596
41.1286,0.8512,3.6549
41.1288,0.8756,3.7635
41.1290,0.7621,3.2815
41.1292,0.6995,3.0078
41.1294,0.7663,3.2935
41.1296,0.7707,3.3095
41.1298,0.817,3.5098
41.1300,0.8762,3.7643
41.1302,0.8946,3.8413
41.1304,0.8023,3.4545
41.1306,0.6897,2.9697
41.1308,0.6813,2.9363
41.1310,0.5984,2.5816
41.1312,0.5646,2.4335
41.1314,0.5919,2.5513
41.1316,0.5786,2.4951
41.1318,0.569,2.4515
41.1320,0.6422,2.7678
41.1322,0.6476,2.7898
41.1324,0.611,2.6298
41.1326,0.6163,2.6562
41.1328,0.5765,2.4835
41.1330,0.5973,2.5722
41.1332,0.6843,2.9478
41.1334,0.6658,2.8656
41.1336,0.6693,2.8846
41.1338,0.677,2.915
41.1340,0.6852,2.9533
41.1342,0.6512,2.8014
41.1344,0.6834,2.9374
41.1346,0.7626,3.2806
41.1348,0.7031,3.0346
41.1350,0.5719,2.4684
41.1352,0.5608,2.4192
41.1354,0.5592,2.4125
41.1356,0.5614,2.4195
41.1358,0.5916,2.5497
41.1360,0.5662,2.4402
41.1362,0.5917,2.5455
41.1364,0.7393,3.1835
41.1366,0.7124,3.0664
41.1368,0.6488,2.7975
41.1370,0.5461,2.3539
41.1372,0.5367,2.3152
41.1374,0.5415,2.3359
41.1376,0.5419,2.3369
41.1378,0.617,2.6556
41.1380,0.7096,3.054
41.1382,0.6611,2.8468
41.1384,0.6297,2.7153
41.1386,0.574,2.4738
41.1388,0.564,2.4309
41.1390,0.5695,2.4535
41.1392,0.6145,2.646
41.1394,0.6483,2.789
41.1396,0.7051,3.0278
41.1398,0.8314,3.5733
41.1400,0.7852,3.378
41.1402,0.8164,3.5007
41.1404,0.9061,3.8889
41.1406,0.817,3.5131
41.1408,0.7737,3.3223
41.1410,0.8062,3.4651
41.1412,0.764,3.2883
41.1414,0.6771,2.9182
41.1416,0.6563,2.8275
41.1418,0.6527,2.8107
41.1420,0.6502,2.7998
41.1422,0.6624,2.8485
41.1424,0.7784,3.3424
41.1426,0.7885,3.3888
41.1428,0.8192,3.5158
41.1430,0.9367,4.0108
41.1432,1.0198,4.3666
41.1434,1.0073,4.3212
41.1436,0.905,3.8915
41.1438,0.7464,3.2124
41.1440,0.7068,3.0421
41.1442,0.6989,3.0109
41.1444,0.7043,3.0285
41.1446,0.7364,3.1681
41.1448,0.7165,3.0868
41.1450,0.7235,3.111
41.1452,0.7764,3.3383
41.1454,0.7121,3.0648
41.1456,0.7217,3.1047
41.1458,0.7084,3.0474
41.1460,0.729,3.1347
41.1462,0.8091,3.4807
41.1464,0.793,3.4084
41.1466,0.7719,3.3239
41.1468,0.7412,3.1932
41.1470,0.6729,2.8961
41.1472,0.6532,2.8128
41.1474,0.5891,2.5424
41.1476,0.5134,2.2149
41.1478,0.5212,2.2495
41.1480,0.5571,2.4043
41.1482,0.506,2.1868
41.1484,0.4737,2.0408
41.1486,0.5553,2.3943
41.1488,0.5349,2.3075
41.1490,0.4879,2.1066
41.1492,0.4875,2.1051
41.1494,0.4927,2.1264
41.1496,0.4884,2.1058
41.1498,0.4873,2.1031
41.1500,0.4857,2.0964
41.1502,0.4856,2.0968
41.1504,0.4896,2.111
41.1506,0.4911,2.1187
41.1508,0.4874,2.1026
41.1510,0.5165,2.2262
41.1512,0.5716,2.4623
41.1514,0.7042,3.028
41.1516,0.7265,3.1268
41.1518,0.679,2.9197
41.1520,0.6907,2.9702
41.1522,0.7216,3.1042
41.1524,0.7256,3.1144
41.1526,0.8124,3.4854
41.1528,0.8609,3.6949
41.1530,0.865,3.7124
41.1532,0.9399,4.0284
41.1534,1.0175,4.3548
41.1536,0.9987,4.2762
41.1538,0.9801,4.2006
41.1540,0.9888,4.2381
41.1542,0.982,4.2127
41.1544,0.9684,4.1526
41.1546,0.9291,3.984
41.1548,0.9424,4.0392
41.1550,0.9885,4.2405
41.1552,0.9532,4.0893
41.1554,0.9575,4.1039
41.1556,0.9772,4.1882
41.1558,0.9429,4.0526
41.1560,0.8309,3.5746
41.1562,0.7912,3.3975
41.1564,0.8205,3.5248
41.1566,0.84,3.6104
41.1568,0.8397,3.6122
41.1570,0.7677,3.3027
41.1572,0.7543,3.2465
41.1574,0.7517,3.2321
41.1576,0.7325,3.1496
41.1578,0.7812,3.3589
41.1580,0.7979,3.4343
41.1582,0.7612,3.2749
41.1584,0.7194,3.0963
41.1586,0.7368,3.1667
41.1588,0.7611,3.2713
41.1590,0.7912,3.4007
41.1592,0.8134,3.4976
41.1594,0.84,3.6071
41.1596,0.8356,3.588
41.1598,0.8611,3.708
41.1600,0.7376,3.1718
41.1602,0.7949,3.4135
41.1604,0.8657,3.7207
41.1606,0.7719,3.3239
41.1608,0.6863,2.9566
41.1610,0.705,3.0372
41.1612,0.6639,2.8587
41.1614,0.6527,2.8133
41.1616,0.6318,2.7203
41.1618,0.6869,2.9578
41.1620,0.6324,2.7254
41.1622,0.584,2.5172
41.1624,0.6027,2.5978
41.1626,0.6541,2.819
41.1628,0.6345,2.7348
41.1630,0.5837,2.5168
41.1632,0.6065,2.6175
41.1634,0.5499,2.3677
41.1636,0.6192,2.6686
41.1638,0.5919,2.5537
41.1640,0.5893,2.5399
41.1642,0.6095,2.6267
41.1644,0.5816,2.5103
41.1646,0.5103,2.2024
41.1648,0.506,2.1818
41.1650,0.5687,2.4488
41.1652,0.6009,2.5864
41.1654,0.5964,2.5692
41.1656,0.5631,2.429
41.1658,0.5183,2.2371
41.1660,0.5355,2.3111
41.1662,0.578,2.4879
41.1664,0.6738,2.9056
41.1666,0.5875,2.5345
41.1668,0.5506,2.3752
41.1670,0.5852,2.5224
41.1672,0.5555,2.3953
41.1674,0.5808,2.5032
41.1676,0.5816,2.5127
41.1678,0.4694,2.0269
41.1680,0.4554,1.9654
41.1682,0.4556,1.9683
41.1684,0.4717,2.0367
41.1686,0.4625,1.9978
41.1688,0.4976,2.1456
41.1690,0.4844,2.0916
41.1692,0.4537,1.96
41.1694,0.4506,1.9447
41.1696,0.4458,1.9249
41.1698,0.446,1.926
41.1700,0.4455,1.923
41.1702,0.4476,1.9318
41.1704,0.4511,1.9486
41.1706,0.4487,1.9373
41.1708,0.4455,1.923
41.1710,0.4459,1.9245
41.1712,0.452,1.9518
41.1714,0.5024,2.1663
41.1716,0.5314,2.2871
41.1718,0.5971,2.5735
41.1720,0.5681,2.4485
41.1722,0.5532,2.3833
41.1724,0.559,2.4081
41.1726,0.5532,2.3855
41.1728,0.5925,2.5527
41.1730,0.6388,2.7521
41.1732,0.5977,2.5725
41.1734,0.6441,2.7722
41.1736,0.6571,2.824
41.1738,0.6959,2.9952
41.1740,0.6912,2.9723
41.1742,0.7294,3.1348
41.1744,0.7091,3.0533
41.1746,0.5988,2.5843
41.1748,0.5292,2.2821
41.1750,0.5252,2.2624
41.1752,0.5259,2.2676
41.1754,0.5378,2.3177
41.1756,0.5399,2.3238
41.1758,0.5899,2.539
41.1760,0.6214,2.6747
41.1762,0.6466,2.7844
41.1764,0.6503,2.7978
41.1766,0.6121,2.6357
41.1768,0.6188,2.6633
41.1770,0.6533,2.812
41.1772,0.6055,2.6097
41.1774,0.5812,2.5048
41.1776,0.5975,2.5727
41.1778,0.5996,2.5844
41.1780,0.5918,2.5496
41.1782,0.5816,2.5069
41.1784,0.5416,2.3332
41.1786,0.584,2.516
41.1788,0.5491,2.3624
41.1790,0.627,2.7009
41.1792,0.5412,2.3316
41.1794,0.5592,2.4069
41.1796,0.6458,2.7833
41.1798,0.5934,2.5539
41.1800,0.6464,2.7885
41.1802,0.4572,1.9732
41.1804,0.4043,1.7474
41.1806,0.3988,1.7236
41.1808,0.3974,1.7158
41.1810,0.3896,1.6829
41.1812,0.3946,1.7046
41.1814,0.4056,1.7507
41.1816,0.4159,1.7927
41.1818,0.5026,2.1633
41.1820,0.602,2.5959
41.1822,0.5006,2.1565
41.1824,0.4851,2.0918
41.1826,0.4892,2.1084
41.1828,0.4828,2.082
41.1830,0.4852,2.0894
41.1832,0.581,2.5031
41.1834,0.6005,2.5868
41.1836,0.539,2.3196
41.1838,0.5774,2.4853
41.1840,0.6032,2.5963
41.1842,0.6154,2.6489
41.1844,0.649,2.7921
41.1846,0.6725,2.8892
41.1848,0.7085,3.0423
41.1850,0.7647,3.2883
41.1852,0.6941,2.9833
41.1854,0.6904,2.9673
41.1856,0.7235,3.1081
41.1858,0.7831,3.3578
41.1860,0.8295,3.5584
41.1862,0.849,3.6457
41.1864,0.8712,3.7305
41.1866,1.0145,4.3318
41.1868,1.1357,4.854
41.1870,1.1298,4.8243
41.1872,1.1218,4.8035
41.1874,1.0351,4.4302
41.1876,1.043,4.4599
41.1878,1.0871,4.6551
41.1880,1.0356,4.4323
41.1882,1.0817,4.6255
41.1884,1.0996,4.6997
41.1886,1.0929,4.6798
41.1888,1.0114,4.3347
41.1890,0.9912,4.2464
41.1892,1.0121,4.3398
41.1894,0.9516,4.0807
41.1896,0.9995,4.2798
41.1898,1.0598,4.5338
41.1900,1.0885,4.6629
41.1902,1.0002,4.2949
41.1904,0.8662,3.7193
41.1906,0.8261,3.549
41.1908,0.8118,3.4909
41.1910,0.7665,3.2976
41.1912,0.7648,3.2873
41.1914,0.8047,3.4536
41.1916,0.894,3.8369
41.1918,0.8845,3.7928
41.1920,0.8943,3.8385
41.1922,0.8532,3.6637
41.1924,0.8605,3.6968
41.1926,0.8506,3.6524
41.1928,0.9136,3.9177
41.1930,0.9322,4.0011
41.1932,0.816,3.5041
41.1934,0.8309,3.5646
41.1936,0.8682,3.728
41.1938,0.8636,3.7188
41.1940,0.716,3.0833
41.1942,0.7255,3.1168
41.1944,0.7904,3.4002
41.1946,0.7371,3.1697
41.1948,0.7502,3.2259
41.1950,0.7277,3.1319
41.1952,0.6765,2.9143
41.1954,0.6622,2.8541
41.1956,0.6675,2.8769
41.1958,0.6,2.5871
41.1960,0.5743,2.4765
41.1962,0.636,2.7359
41.1964,0.7367,3.1706
41.1966,0.6773,2.9206
41.1968,0.5755,2.4817
41.1970,0.5621,2.4249
41.1972,0.5555,2.3942
41.1974,0.5641,2.4337
41.1976,0.5651,2.4355
41.1978,0.6014,2.5873
41.1980,0.6818,2.937
41.1982,0.6169,2.66
41.1984,0.535,2.3069
41.1986,0.5032,2.1709
41.1988,0.5381,2.3214
41.1990,0.555,2.3921
41.1992,0.6159,2.6497
41.1994,0.6909,2.9735
41.1996,0.7373,3.1688
41.1998,0.7653,3.2894
41.2000,0.7232,3.1128
41.2002,0.5939,2.5619
41.2004,0.5322,2.2971
41.2006,0.5273,2.2759
41.2008,0.5247,2.2635
41.2010,0.5244,2.2625
41.2012,0.5266,2.2718
41.2014,0.5282,2.2774
41.2016,0.5265,2.2712
41.2018,0.5297,2.2852
41.2020,0.5249,2.2635
41.2022,0.5259,2.2687
41.2024,0.5261,2.2697
41.2026,0.5253,2.264
41.2028,0.5393,2.3234
41.2030,0.6079,2.6176
41.2032,0.5933,2.5558
41.2034,0.5601,2.4094
41.2036,0.6392,2.7523
41.2038,0.6387,2.7516
41.2040,0.6416,2.7601
41.2042,0.6702,2.8834
41.2044,0.6674,2.8723
41.2046,0.6641,2.8597
41.2048,0.6487,2.7905
41.2050,0.6714,2.8859
41.2052,0.7252,3.1211
41.2054,0.671,2.8892
41.2056,0.64,2.756
41.2058,0.6366,2.7397
41.2060,0.6772,2.9106
41.2062,0.8007,3.4382
41.2064,0.8166,3.5083
41.2066,0.7506,3.229
41.2068,0.7133,3.0657
41.2070,0.7686,3.3048
41.2072,0.7747,3.3296
41.2074,0.7618,3.2729
41.2076,0.7846,3.3708
41.2078,0.7889,3.3925
41.2080,0.7314,3.1464
41.2082,0.6991,3.0049
41.2084,0.7605,3.2733
41.2086,0.7344,3.1579
41.2088,0.7412,3.1858
41.2090,0.747,3.209
41.2092,0.7978,3.4242
41.2094,0.8175,3.5119
41.2096,0.8264,3.5517
41.2098,0.7832,3.3677
41.2100,0.7639,3.2816
41.2102,0.7827,3.3672
41.2104,0.7008,3.0191
41.2106,0.6922,2.9792
41.2108,0.7056,3.0341
41.2110,0.6966,2.9955
41.2112,0.6307,2.717
41.2114,0.5866,2.528
41.2116,0.6114,2.6338
41.2118,0.6572,2.8285
41.2120,0.6517,2.8047
41.2122,0.7205,3.101
41.2124,0.6544,2.8218
41.2126,0.5937,2.5579
41.2128,0.6146,2.6416
41.2130,0.7138,3.0735
41.2132,0.6253,2.6987
41.2134,0.518,2.2345
41.2136,0.5313,2.2909
41.2138,0.5792,2.4954
41.2140,0.5628,2.4268
41.2142,0.4979,2.1511
41.2144,0.4272,1.8455
41.2146,0.4167,1.7991
41.2148,0.4249,1.8331
41.2150,0.514,2.2164
41.2152,0.5355,2.31
41.2154,0.5345,2.307
41.2156,0.4888,2.1088
41.2158,0.4888,2.1098
41.2160,0.4882,2.1062
41.2162,0.541,2.3327
41.2164,0.5244,2.2614
41.2166,0.4855,2.0943
41.2168,0.4833,2.087
41.2170,0.4832,2.0855
41.2172,0.4873,2.1021
41.2174,0.4928,2.1249
41.2176,0.4904,2.1136
41.2178,0.5108,2.2025
41.2180,0.5585,2.4038
41.2182,0.649,2.7895
41.2184,0.7264,3.1175
41.2186,0.7288,3.1322
41.2188,0.7843,3.3676
41.2190,0.8051,3.4572
41.2192,0.8132,3.4901
41.2194,0.8115,3.4861
41.2196,0.788,3.3868
41.2198,0.7991,3.4283
41.2200,0.9383,4.0217
41.2202,0.9333,4.002
41.2204,0.9481,4.0634
41.2206,0.9367,4.0183
41.2208,0.9045,3.8786
41.2210,0.8907,3.8213
41.2212,0.8229,3.5301
41.2214,0.8612,3.6896
41.2216,0.9093,3.9028
41.2218,0.8785,3.7706
41.2220,0.8877,3.8102
41.2222,0.8845,3.7945
41.2224,0.8717,3.7395
41.2226,0.9073,3.8959
41.2228,0.8976,3.8452
41.2230,0.953,4.0882
41.2232,0.9279,3.977
41.2234,0.9708,4.159
41.2236,0.9831,4.2134
41.2238,1.0132,4.3404
41.2240,0.9473,4.066
41.2242,0.8206,3.5253
41.2244,0.8333,3.5782
41.2246,0.8675,3.7215
41.2248,0.9299,3.9913
41.2250,0.8423,3.6202
41.2252,0.8502,3.6508
41.2254,0.8817,3.7845
41.2256,0.8672,3.7222
41.2258,0.84,3.602
41.2260,0.9297,3.9903
41.2262,0.9104,3.9074
41.2264,0.906,3.8993
41.2266,0.7122,3.0682
41.2268,0.6856,2.9535
41.2270,0.6482,2.7924
41.2272,0.6554,2.822
41.2274,0.6425,2.7694
41.2276,0.5752,2.4812
41.2278,0.5694,2.4564
41.2280,0.585,2.5237
41.2282,0.6193,2.6654
41.2284,0.6644,2.8608
41.2286,0.6357,2.7399
41.2288,0.6069,2.6147
41.2290,0.6502,2.7959
41.2292,0.7067,3.043
41.2294,0.706,3.0385
41.2296,0.7036,3.031
41.2298,0.6044,2.6087
41.2300,0.5345,2.3048
41.2302,0.5742,2.4748
41.2304,0.6302,2.7111
41.2306,0.6476,2.7898
41.2308,0.5812,2.5059
41.2310,0.614,2.6439
41.2312,0.687,2.957
41.2314,0.6447,2.7774
41.2316,0.6331,2.7273
41.2318,0.5866,2.5316
41.2320,0.546,2.3556
41.2322,0.5403,2.3307
41.2324,0.5417,2.3315
41.2326,0.652,2.8089
41.2328,0.6553,2.8281
41.2330,0.5442,2.3478
41.2332,0.4958,2.1388
41.2334,0.4804,2.0717
41.2336,0.5358,2.3116
41.2338,0.5321,2.2956
41.2340,0.5174,2.2288
41.2342,0.5436,2.3452
41.2344,0.5162,2.2309
41.2346,0.4333,1.8728
41.2348,0.4165,1.7994
41.2350,0.443,1.9112
41.2352,0.4674,2.019
41.2354,0.4499,1.9434
41.2356,0.4482,1.9317
41.2358,0.5178,2.2299
41.2360,0.6443,2.772
41.2362,0.6244,2.6913
41.2364,0.5296,2.2858
41.2366,0.4596,1.9845
41.2368,0.4578,1.9767
41.2370,0.4554,1.9645
41.2372,0.4902,2.1116
41.2374,0.5419,2.3358
41.2376,0.5551,2.3926
41.2378,0.5662,2.4391
41.2380,0.5838,2.5138
41.2382,0.661,2.845
41.2384,0.7025,3.0221
41.2386,0.6525,2.8084
41.2388,0.6067,2.6136
41.2390,0.5657,2.437
41.2392,0.5641,2.4291
41.2394,0.6253,2.6887
41.2396,0.746,3.2034
41.2398,0.7765,3.3373
41.2400,0.7598,3.2641
41.2402,0.7578,3.2554
41.2404,0.7189,3.0899
41.2406,0.7255,3.1212
41.2408,0.6624,2.8552
41.2410,0.5548,2.3911
41.2412,0.5423,2.3374
41.2414,0.5424,2.339
41.2416,0.5412,2.3327
41.2418,0.5909,2.5455
41.2420,0.5819,2.5044
41.2422,0.6388,2.747
41.2424,0.7007,3.0074
41.2426,0.8097,3.4833
41.2428,0.6818,2.9343
41.2430,0.6663,2.8717
41.2432,0.6297,2.709
41.2434,0.5857,2.5221
41.2436,0.6647,2.8597
41.2438,0.6885,2.9645
41.2440,0.6243,2.6883
41.2442,0.6075,2.6185
41.2444,0.617,2.6568
41.2446,0.6133,2.6408
41.2448,0.6104,2.6284
41.2450,0.6241,2.6873
41.2452,0.6681,2.8754
41.2454,0.5947,2.562
41.2456,0.5352,2.3047
41.2458,0.5477,2.3617
41.2460,0.5657,2.4347
41.2462,0.6446,2.7743
41.2464,0.6272,2.7007
41.2466,0.6278,2.7046
41.2468,0.6137,2.6387
41.2470,0.6869,2.9551
41.2472,0.6478,2.7921
41.2474,0.5852,2.5212
41.2476,0.6255,2.6935
41.2478,0.6151,2.6498
41.2480,0.6105,2.629
41.2482,0.597,2.5718
41.2484,0.5954,2.5651
41.2486,0.6198,2.6699
41.2488,0.543,2.3415
41.2490,0.494,2.1321
41.2492,0.4868,2.1
41.2494,0.4917,2.1183
41.2496,0.5536,2.3881
41.2498,0.4978,2.1476
41.2500,0.4822,2.0804
41.2502,0.4815,2.0763
41.2504,0.4872,2.0996
41.2506,0.4862,2.0965
41.2508,0.5127,2.2097
41.2510,0.5524,2.3774
41.2512,0.6152,2.6491
41.2514,0.5918,2.5484
41.2516,0.6472,2.7792
41.2518,0.78,3.3476
41.2520,0.7481,3.2166
41.2522,0.7265,3.1166
41.2524,0.8045,3.4498
41.2526,0.8211,3.5224
41.2528,0.8895,3.8144
41.2530,0.9538,4.088
41.2532,0.946,4.0508
41.2534,0.9696,4.1559
41.2536,0.9864,4.2258
41.2538,0.9833,4.2105
41.2540,0.9662,4.139
41.2542,0.9942,4.2652
41.2544,0.9503,4.0712
41.2546,0.9893,4.2421
41.2548,1.0032,4.2997
41.2550,0.9732,4.1771
41.2552,0.8377,3.5973
41.2554,0.8128,3.4934
41.2556,0.8333,3.5766
41.2558,0.8327,3.5806
41.2560,0.8065,3.4645
41.2562,0.8267,3.5516
41.2564,0.8206,3.5236
41.2566,0.8195,3.5207
41.2568,0.8084,3.4679
41.2570,0.8671,3.7234
41.2572,0.8859,3.8078
41.2574,0.8092,3.4731
41.2576,0.8341,3.5818
41.2578,0.8133,3.4955
41.2580,0.8208,3.5214
41.2582,0.907,3.8876
41.2584,0.9466,4.0648
41.2586,0.8718,3.7452
41.2588,0.7901,3.3945
41.2590,0.806,3.4641
41.2592,0.8353,3.5853
41.2594,0.8716,3.7425
41.2596,0.8098,3.4789
41.2598,0.791,3.4012
41.2600,0.7785,3.346
41.2602,0.7659,3.295
41.2604,0.7586,3.2681
41.2606,0.7437,3.2011
41.2608,0.691,2.9754
41.2610,0.6208,2.6758
41.2612,0.5766,2.4852
41.2614,0.6368,2.7407
41.2616,0.7055,3.0322
41.2618,0.7003,3.0157
41.2620,0.7017,3.0185
41.2622,0.7567,3.2568
41.2624,0.7467,3.2125
41.2626,0.7224,3.1107
41.2628,0.6686,2.8802
41.2630,0.6559,2.8241
41.2632,0.6641,2.8571
41.2634,0.6298,2.7159
41.2636,0.5976,2.578
41.2638,0.5854,2.5229
41.2640,0.5857,2.5256
41.2642,0.587,2.5325
41.2644,0.6125,2.6348
41.2646,0.6845,2.9461
41.2648,0.6925,2.9821
41.2650,0.6533,2.8093
41.2652,0.629,2.7122
41.2654,0.566,2.4408
41.2656,0.6301,2.7118
41.2658,0.7053,3.0368
41.2660,0.6496,2.7973
41.2662,0.6403,2.7532
41.2664,0.6993,3.0082
41.2666,0.6868,2.9587
41.2668,0.6777,2.9167
41.2670,0.68,2.9306
41.2672,0.564,2.432
41.2674,0.5298,2.2857
41.2676,0.5391,2.3245
41.2678,0.5496,2.3689
41.2680,0.5345,2.3038
41.2682,0.5346,2.3054
41.2684,0.5402,2.3291
41.2686,0.562,2.4199
41.2688,0.693,2.9869
41.2690,0.5873,2.5323
41.2692,0.5321,2.2945
41.2694,0.5372,2.3151
41.2696,0.5681,2.4485
41.2698,0.5314,2.2903
41.2700,0.55,2.3704
41.2702,0.6212,2.6774
41.2704,0.6478,2.7882
41.2706,0.7014,3.0189
41.2708,0.6538,2.814
41.2710,0.6355,2.7363
41.2712,0.6284,2.7071
41.2714,0.6404,2.7562
41.2716,0.6852,2.9437
41.2718,0.7951,3.4219
41.2720,0.7452,3.2013
41.2722,0.8132,3.4901
41.2724,0.7327,3.1536
41.2726,0.6412,2.7624
41.2728,0.617,2.6568
41.2730,0.6147,2.647
41.2732,0.6148,2.6475
41.2734,0.6259,2.6975
41.2736,0.6158,2.6541
41.2738,0.6174,2.6571
41.2740,0.6302,2.7124
41.2742,0.667,2.8695
41.2744,0.7053,3.0382
41.2746,0.6355,2.7351
41.2748,0.6253,2.69
41.2750,0.6699,2.8818
41.2752,0.7236,3.1086
41.2754,0.8186,3.5133
41.2756,0.776,3.3383
41.2758,0.6857,2.9527
41.2760,0.6618,2.8499
41.2762,0.5725,2.4687
41.2764,0.5297,2.2842
41.2766,0.5708,2.4615
41.2768,0.5943,2.5628
41.2770,0.5755,2.4805
41.2772,0.5776,2.4881
41.2774,0.6229,2.6834
41.2776,0.6035,2.5997
41.2778,0.637,2.7392
41.2780,0.6736,2.9005
41.2782,0.6186,2.6611
41.2784,0.626,2.6968
41.2786,0.6075,2.6185
41.2788,0.5842,2.5154
41.2790,0.5852,2.5212
41.2792,0.6006,2.5873
41.2794,0.6107,2.6319
41.2796,0.6307,2.7132
41.2798,0.6578,2.8324
41.2800,0.6218,2.6775
41.2802,0.59,2.5489
41.2804,0.4385,1.8925
41.2806,0.493,2.123
41.2808,0.6049,2.6071
41.2810,0.5411,2.3354
41.2812,0.4867,2.0976
41.2814,0.4881,2.1038
41.2816,0.4876,2.1046
41.2818,0.4873,2.1031
41.2820,0.4833,2.085
41.2822,0.4818,2.0773
41.2824,0.5201,2.2428
41.2826,0.5143,2.2175
41.2828,0.5256,2.2634
41.2830,0.5732,2.4695
41.2832,0.5953,2.5622
41.2834,0.6427,2.7647
41.2836,0.6532,2.8114
41.2838,0.6554,2.8194
41.2840,0.6966,2.9913
41.2842,0.8048,3.4525
41.2844,0.8187,3.5138
41.2846,0.8786,3.7711
41.2848,0.8837,3.7874
41.2850,0.9808,4.1978
41.2852,0.9837,4.212
41.2854,1.0075,4.3162
41.2856,1.0072,4.3147
41.2858,0.9856,4.2222
41.2860,0.9506,4.0703
41.2862,0.9575,4.1078
41.2864,0.896,3.8511
41.2866,0.8196,3.5228
41.2868,0.8164,3.5024
41.2870,0.8744,3.7531
41.2872,0.8639,3.7112
41.2874,0.8774,3.7607
41.2876,0.9352,4.0102
41.2878,0.8777,3.7687
41.2880,0.8521,3.6625
41.2882,0.8449,3.6248
41.2884,0.8761,3.762
41.2886,0.8869,3.7995
41.2888,0.9904,4.2428
41.2890,0.9867,4.2328
41.2892,0.9341,4.0037
41.2894,0.9597,4.1132
41.2896,0.959,4.114
41.2898,0.9718,4.1709
41.2900,0.9597,4.1209
41.2902,0.865,3.7124
41.2904,0.8792,3.7754
41.2906,0.8768,3.7599
41.2908,0.8677,3.7312
41.2910,0.8017,3.4471
41.2912,0.787,3.3858
41.2914,0.7762,3.3394
41.2916,0.7726,3.3223
41.2918,0.763,3.2826
41.2920,0.8103,3.4761
41.2922,0.9496,4.0681
41.2924,0.9706,4.1677
41.2926,0.874,3.7598
41.2928,0.7948,3.4209
41.2930,0.7889,3.394
41.2932,0.74,3.1806
41.2934,0.7969,3.4233
41.2936,0.7923,3.4069
41.2938,0.78,3.3585
41.2940,0.744,3.1976
41.2942,0.7256,3.1289
41.2944,0.637,2.7469
41.2946,0.6343,2.7299
41.2948,0.6421,2.766
41.2950,0.6295,2.713
41.2952,0.6473,2.79
41.2954,0.6304,2.7184
41.2956,0.6225,2.6806
41.2958,0.6399,2.7567
41.2960,0.682,2.9448
41.2962,0.5093,2.1983
41.2964,0.5072,2.188
41.2966,0.5584,2.4088
41.2968,0.5723,2.4677
41.2970,0.5881,2.5312
41.2972,0.5989,2.5837
41.2974,0.5102,2.2009
41.2976,0.5517,2.3788
41.2978,0.6159,2.6534
41.2980,0.6478,2.7921
41.2982,0.6247,2.6911
41.2984,0.633,2.7268
41.2986,0.6409,2.7583
41.2988,0.6694,2.8825
41.2990,0.6538,2.8166
41.2992,0.5571,2.4009
41.2994,0.561,2.4202
41.2996,0.5759,2.4832
41.2998,0.5997,2.5801
41.3000,0.6688,2.8825
41.3002,0.6093,2.6274
41.3004,0.5725,2.471
41.3006,0.5026,2.1693
41.3008,0.4851,2.0938
41.3010,0.4844,2.0907
41.3012,0.4933,2.1299
41.3014,0.4964,2.1414
41.3016,0.5155,2.2267
41.3018,0.431,1.8612
41.3020,0.4925,2.1229
41.3022,0.5075,2.1915
41.3024,0.4409,1.9019
41.3026,0.5187,2.2376
41.3028,0.5405,2.3296
41.3030,0.5545,2.3901
41.3032,0.5726,2.4681
41.3034,0.6343,2.7312
41.3036,0.6897,2.9669
41.3038,0.6243,2.6921
41.3040,0.5791,2.4948
41.3042,0.5767,2.4868
41.3044,0.5984,2.5792
41.3046,0.5942,2.5599
41.3048,0.6599,2.8351
41.3050,0.7921,3.4059
41.3052,0.7638,3.2796
41.3054,0.8128,3.4918
41.3056,0.7692,3.3043
41.3058,0.8178,3.5134
41.3060,0.8277,3.559
41.3062,0.7315,3.1484
41.3064,0.687,2.957
41.3066,0.7068,3.0435
41.3068,0.6253,2.6925
41.3070,0.6089,2.6229
41.3072,0.6122,2.6337
41.3074,0.6388,2.747
41.3076,0.6541,2.8177
41.3078,0.6447,2.7748
41.3080,0.6784,2.9185
41.3082,0.6704,2.8826
41.3084,0.7111,3.0593
41.3086,0.683,2.9394
41.3088,0.6686,2.8762
41.3090,0.6618,2.8512
41.3092,0.5945,2.5633
41.3094,0.5668,2.4439
41.3096,0.5669,2.4444
41.3098,0.5324,2.2966
41.3100,0.4819,2.0769
41.3102,0.5247,2.2624
41.3104,0.5282,2.2806
41.3106,0.4712,2.0356
41.3108,0.4637,2.0002
41.3110,0.4621,1.9953
41.3112,0.4628,1.9975
41.3114,0.4665,2.0136
41.3116,0.4643,2.0019
41.3118,0.4634,2.001
41.3120,0.4616,1.9923
41.3122,0.4597,1.9822
41.3124,0.4705,2.0287
41.3126,0.4778,2.0622
41.3128,0.4589,1.9804
41.3130,0.4543,1.9599
41.3132,0.4467,1.9273
41.3134,0.4759,2.052
41.3136,0.5101,2.1983
41.3138,0.5542,2.3863
41.3140,0.5857,2.5209
41.3142,0.5953,2.5598
41.3144,0.6266,2.6994
41.3146,0.6114,2.6326
41.3148,0.6343,2.7286
41.3150,0.6899,2.9694
41.3152,0.6545,2.8158
41.3154,0.653,2.8078
41.3156,0.6761,2.9073
41.3158,0.6404,2.7575
41.3160,0.6091,2.6215
41.3162,0.7026,3.0227
41.3164,0.6485,2.7926
41.3166,0.5506,2.3752
41.3168,0.4898,2.113
41.3170,0.4885,2.1063
41.3172,0.5181,2.2309
41.3174,0.5772,2.482
41.3176,0.6318,2.7216
41.3178,0.586,2.5255
41.3180,0.5856,2.5181
41.3182,0.7226,3.1059
41.3184,0.77,3.3095
41.3186,0.7493,3.2188
41.3188,0.8182,3.5101
41.3190,0.8053,3.4577
41.3192,0.8006,3.4313
41.3194,0.9356,4.0062
41.3196,0.9639,4.1312
41.3198,1.0138,4.3389
41.3200,1.0256,4.3856
41.3202,1.0326,4.4236
41.3204,1.0616,4.5415
41.3206,1.0937,4.6812
41.3208,1.0584,4.5319
41.3210,1.05,4.5002
41.3212,0.9943,4.2617
41.3214,0.9853,4.2173
41.3216,1.0237,4.3856
41.3218,1.0387,4.4415
41.3220,1.0903,4.6576
41.3222,1.117,4.7807
41.3224,1.0802,4.6318
41.3226,1.0002,4.2909
41.3228,0.9164,3.9332
41.3230,0.8465,3.6349
41.3232,0.8335,3.5793
41.3234,0.8952,3.8385
41.3236,0.8777,3.774
41.3238,0.7604,3.2682
41.3240,0.7782,3.3461
41.3242,0.8007,3.443
41.3244,0.794,3.4141
41.3246,0.7647,3.2837
41.3248,0.8311,3.5673
41.3250,0.9246,3.9682
41.3252,0.9286,3.9894
41.3254,0.9223,3.9566
41.3256,0.9545,4.0911
41.3258,0.9463,4.0613
41.3260,0.8344,3.5912
41.3262,0.7385,3.1784
41.3264,0.7415,3.1898
41.3266,0.7276,3.1299
41.3268,0.7434,3.1951
41.3270,0.7507,3.228
41.3272,0.778,3.3471
41.3274,0.7724,3.3198
41.3276,0.76,3.2682
41.3278,0.7404,3.1866
41.3280,0.7186,3.0927
41.3282,0.7196,3.0959
41.3284,0.7252,3.1153
41.3286,0.7732,3.3265
41.3288,0.7575,3.2604
41.3290,0.7429,3.1975
41.3292,0.724,3.113
41.3294,0.7343,3.1647
41.3296,0.6225,2.6831
41.3298,0.6116,2.6373
41.3300,0.6122,2.6399
41.3302,0.5782,2.493
41.3304,0.6219,2.678
41.3306,0.6656,2.8713
41.3308,0.5893,2.5423
41.3310,0.573,2.4719
41.3312,0.5617,2.4211
41.3314,0.5716,2.4634
41.3316,0.5825,2.5105
41.3318,0.5851,2.5207
41.3320,0.6889,2.9639
41.3322,0.7228,3.1194
41.3324,0.5254,2.2666
41.3326,0.492,2.1242
41.3328,0.4975,2.1461
41.3330,0.5298,2.2857
41.3332,0.5252,2.2645
41.3334,0.5286,2.2795
41.3336,0.5262,2.2723
41.3338,0.5229,2.2568
41.3340,0.5206,2.2459
41.3342,0.5224,2.2537
41.3344,0.5282,2.2785
41.3346,0.5268,2.2728
41.3348,0.5256,2.2676
41.3350,0.5364,2.3131
41.3352,0.5465,2.3533
41.3354,0.6422,2.764
41.3356,0.7068,3.0435
41.3358,0.7039,3.0326
41.3360,0.5935,2.5592
41.3362,0.5437,2.3457
41.3364,0.5601,2.4116
41.3366,0.629,2.7059
41.3368,0.6549,2.8174
41.3370,0.6398,2.7562
41.3372,0.6363,2.7425
41.3374,0.6479,2.7874
41.3376,0.6567,2.8264
41.3378,0.6457,2.7789
41.3380,0.6547,2.8124
41.3382,0.773,3.3146
41.3384,0.8291,3.5602
41.3386,0.7981,3.4285
41.3388,0.8332,3.5777
41.3390,0.8136,3.4987
41.3392,0.7307,3.1448
41.3394,0.6589,2.8397
41.3396,0.626,2.6943
41.3398,0.6234,2.6842
41.3400,0.6382,2.7469
41.3402,0.693,2.98
41.3404,0.7102,3.0537
41.3406,0.7345,3.1584
41.3408,0.775,3.3358
41.3410,0.6959,2.9952
41.3412,0.6237,2.687
41.3414,0.6222,2.6803
41.3416,0.6249,2.6884
41.3418,0.683,2.9367
41.3420,0.7916,3.3991
41.3422,0.8507,3.6563
41.3424,0.7689,3.3048
41.3426,0.7853,3.3754
41.3428,0.7599,3.2707
41.3430,0.6681,2.8754
41.3432,0.6575,2.8287
41.3434,0.6724,2.8954
41.3436,0.6804,2.9327
41.3438,0.6812,2.9317
41.3440,0.6957,2.9913
41.3442,0.7337,3.1518
41.3444,0.8058,3.4668
41.3446,0.7364,3.1681
41.3448,0.7062,3.0367
41.3450,0.731,3.1434
41.3452,0.7108,3.0591
41.3454,0.7189,3.0957
41.3456,0.7042,3.035
41.3458,0.5675,2.4481
41.3460,0.5168,2.2304
41.3462,0.5084,2.1931
41.3464,0.5386,2.3203
41.3466,0.5706,2.4593
41.3468,0.5164,2.2237
41.3470,0.5863,2.5247
41.3472,0.6862,2.9534
41.3474,0.6466,2.7882
41.3476,0.518,2.2335
41.3478,0.492,2.1233
41.3480,0.4939,2.1315
41.3482,0.4909,2.1176
41.3484,0.4952,2.1382
41.3486,0.526,2.2671
41.3488,0.5664,2.4424
41.3490,0.4966,2.1434
41.3492,0.489,2.1084
41.3494,0.5471,2.3602
41.3496,0.4955,2.1368
41.3498,0.4842,2.0867
41.3500,0.4861,2.0989
41.3502,0.4966,2.1415
41.3504,0.5302,2.2862
41.3506,0.5759,2.4797
41.3508,0.6577,2.8292
41.3510,0.6646,2.8591
41.3512,0.702,3.0201
41.3514,0.7057,3.0332
41.3516,0.7162,3.0795
41.3518,0.7551,3.244
41.3520,0.8333,3.5782
41.3522,0.8458,3.6284
41.3524,0.8752,3.7527
41.3526,0.9364,4.0154
41.3528,0.9838,4.2185
41.3530,0.9846,4.2162
41.3532,0.9829,4.2109
41.3534,0.9687,4.1517
41.3536,0.9669,4.144
41.3538,0.9681,4.1511
41.3540,0.9382,4.0231
41.3542,0.9509,4.0757
41.3544,0.9775,4.1859
41.3546,0.9785,4.1939
41.3548,0.9481,4.0652
41.3550,0.9624,4.1269
41.3552,0.9985,4.2797
41.3554,0.9768,4.1886
41.3556,0.947,4.0606
41.3558,0.9357,4.0198
41.3560,0.8622,3.7006
41.3562,0.832,3.5709
41.3564,0.8814,3.7829
41.3566,0.9154,3.9346
41.3568,0.8029,3.4571
41.3570,0.7036,3.0282
41.3572,0.7039,3.0269
41.3574,0.706,3.0385
41.3576,0.7079,3.0454
41.3578,0.712,3.06
41.3580,0.8359,3.5912
41.3582,0.8253,3.5454
41.3584,0.8503,3.653
41.3586,0.871,3.7381
41.3588,0.8599,3.6994
41.3590,0.7325,3.1482
41.3592,0.7213,3.106
41.3594,0.6116,2.6336
41.3596,0.6604,2.8437
41.3598,0.7208,3.0996
41.3600,0.7617,3.2724
41.3602,0.7641,3.2873
41.3604,0.7363,3.1661
41.3606,0.7202,3.1042
41.3608,0.5929,2.5566
41.3610,0.5801,2.5001
41.3612,0.5892,2.5406
41.3614,0.5934,2.5599
41.3616,0.6436,2.7727
41.3618,0.6773,2.9152
41.3620,0.665,2.8633
41.3622,0.5983,2.5811
41.3624,0.5283,2.2779
41.3626,0.5718,2.4645
41.3628,0.6165,2.6585
41.3630,0.6081,2.6198
41.3632,0.6093,2.6274
41.3634,0.6017,2.5956
41.3636,0.5478,2.3633
41.3638,0.5156,2.2221
41.3640,0.5192,2.2366
41.3642,0.5627,2.4252
41.3644,0.5488,2.3664
41.3646,0.5499,2.3743
41.3648,0.488,2.1062
41.3650,0.511,2.2004
41.3652,0.6231,2.6857
41.3654,0.5844,2.5152
41.3656,0.6547,2.8176
41.3658,0.6809,2.932
41.3660,0.665,2.866
41.3662,0.5879,2.5337
41.3664,0.5625,2.4242
41.3666,0.6283,2.7079
41.3668,0.6162,2.6569
41.3670,0.4949,2.1362
41.3672,0.4598,1.9855
41.3674,0.4556,1.9665
41.3676,0.4448,1.9208
41.3678,0.4493,1.9408
41.3680,0.4465,1.9271
41.3682,0.4532,1.957
41.3684,0.4487,1.9382
41.3686,0.4463,1.927
41.3688,0.4469,1.9296
41.3690,0.4451,1.9218
41.3692,0.4497,1.9411
41.3694,0.4532,1.9543
41.3696,0.5055,2.1797
41.3698,0.5403,2.3307
41.3700,0.547,2.3575
41.3702,0.58,2.4985
41.3704,0.5602,2.4121
41.3706,0.5586,2.4054
41.3708,0.6101,2.6281
41.3710,0.58,2.4985
41.3712,0.5595,2.409
41.3714,0.6055,2.6085
41.3716,0.6163,2.6537
41.3718,0.6782,2.912
41.3720,0.7651,3.2868
41.3722,0.749,3.2178
41.3724,0.737,3.1692
41.3726,0.6916,2.9793
41.3728,0.5565,2.3983
41.3730,0.5333,2.2975
41.3732,0.5356,2.3095
41.3734,0.5333,2.3007
41.3736,0.527,2.2712
41.3738,0.5308,2.2877
41.3740,0.5315,2.2898
41.3742,0.5358,2.3084
41.3744,0.5297,2.282
41.3746,0.5279,2.2764
41.3748,0.5304,2.2862
41.3750,0.5839,2.5132
41.3752,0.6213,2.6742
41.3754,0.6488,2.7911
41.3756,0.6556,2.8205
41.3758,0.6441,2.7684
41.3760,0.6985,3.0051
41.3762,0.6485,2.7913
41.3764,0.5948,2.5649
41.3766,0.5208,2.2469
41.3768,0.5405,2.3296
41.3770,0.5178,2.234
41.3772,0.5273,2.2706
41.3774,0.5861,2.5248
41.3776,0.544,2.3457
41.3778,0.5388,2.3191
41.3780,0.5393,2.3234
41.3782,0.5128,2.2123
41.3784,0.523,2.25
41.3786,0.6129,2.6405
41.3788,0.5502,2.3737
41.3790,0.4632,2
41.3792,0.4108,1.7721
41.3794,0.4054,1.7488
41.3796,0.403,1.7393
41.3798,0.4416,1.9033
41.3800,0.5455,2.3491
41.3802,0.6125,2.636
41.3804,0.6078,2.6159
41.3806,0.5921,2.5471
41.3808,0.5964,2.5692
41.3810,0.5413,2.3332
41.3812,0.4947,2.1322
41.3814,0.4904,2.1126
41.3816,0.5403,2.3296
41.3818,0.4878,2.1042
41.3820,0.4849,2.0898
41.3822,0.5206,2.2428
41.3824,0.5055,2.1777
41.3826,0.5515,2.3738
41.3828,0.6218,2.675
41.3830,0.6342,2.7294
41.3832,0.6139,2.6422
41.3834,0.6031,2.5969
41.3836,0.618,2.6585
41.3838,0.6518,2.8013
41.3840,0.7376,3.1629
41.3842,0.8397,3.6055
41.3844,0.788,3.3836
41.3846,0.793,3.4021
41.3848,0.8188,3.5176
41.3850,0.8253,3.5355
41.3852,1.0008,4.2835
41.3854,1.0127,4.3322
41.3856,1.0297,4.4092
41.3858,1.0216,4.3682
41.3860,1.1096,4.7423
41.3862,1.1383,4.863
41.3864,1.1193,4.7905
41.3866,1.0549,4.5212
41.3868,0.9942,4.2532
41.3870,1.0803,4.6172
41.3872,1.1081,4.745
41.3874,1.0331,4.4236
41.3876,0.9984,4.2752
41.3878,0.9929,4.2555
41.3880,1.0092,4.3234
41.3882,1.0628,4.5509
41.3884,1.0741,4.5906
41.3886,1.1416,4.8768
41.3888,1.1418,4.8961
41.3890,1.0067,4.3207
41.3892,0.8921,3.8341
41.3894,0.8451,3.6321
41.3896,0.8266,3.551
41.3898,0.8216,3.5311
41.3900,0.8279,3.5551
41.3902,0.8194,3.5234
41.3904,0.799,3.4294
41.3906,0.9181,3.9386
41.3908,0.8988,3.8593
41.3910,0.8692,3.7356
41.3912,0.826,3.5485
41.3914,0.8526,3.6594
41.3916,0.8849,3.7996
41.3918,0.9248,3.9674
41.3920,0.8891,3.8158
41.3922,0.8088,3.4764
41.3924,0.7877,3.392
41.3926,0.6786,2.9249
41.3928,0.6437,2.7733
41.3930,0.6386,2.7485
41.3932,0.6642,2.8589
41.3934,0.6834,2.9442
41.3936,0.6605,2.8442
41.3938,0.6581,2.8352
41.3940,0.6875,2.9618
41.3942,0.6423,2.7709
41.3944,0.6032,2.6011
41.3946,0.6571,2.828
41.3948,0.7241,3.115
41.3950,0.691,2.9712
41.3952,0.7291,3.1337
41.3954,0.7445,3.2086
41.3956,0.6142,2.6486
41.3958,0.5789,2.4961
41.3960,0.5812,2.5059
41.3962,0.624,2.688
41.3964,0.6047,2.6073
41.3966,0.5692,2.4542
41.3968,0.5753,2.4806
41.3970,0.575,2.4784
41.3972,0.5815,2.5052
41.3974,0.6059,2.6088
41.3976,0.6596,2.8388
41.3978,0.6447,2.78
41.3980,0.5009,2.1611
41.3982,0.4872,2.1016
41.3984,0.582,2.5049
41.3986,0.675,2.9027
41.3988,0.7142,3.0755
41.3990,0.6231,2.6869
41.3992,0.5783,2.4959
41.3994,0.54,2.3286
41.3996,0.5324,2.2955
41.3998,0.5348,2.3059
41.4000,0.5596,2.4118
41.4002,0.6125,2.6397
41.4004,0.6065,2.6102
41.4006,0.6422,2.7678
41.4008,0.6249,2.6934
41.4010,0.5501,2.3742
41.4012,0.5253,2.2661
41.4014,0.5246,2.2588
41.4016,0.6422,2.7627
41.4018,0.6387,2.7541
41.4020,0.5529,2.3839
41.4022,0.6068,2.6129
41.4024,0.6306,2.7152
41.4026,0.6865,2.9535
41.4028,0.7092,3.0524
41.4030,0.6675,2.8715
41.4032,0.6559,2.8215
41.4034,0.6553,2.8202
41.4036,0.6607,2.8448
41.4038,0.6626,2.853
41.4040,0.6894,2.9632
41.4042,0.8012,3.4418
41.4044,0.8144,3.4985
41.4046,0.7794,3.3497
41.4048,0.7463,3.2074
41.4050,0.7893,3.3909
41.4052,0.7556,3.2461
41.4054,0.7901,3.3976
41.4056,0.7988,3.4363
41.4058,0.7404,3.1837
41.4060,0.7127,3.066
41.4062,0.7115,3.0622
41.4064,0.719,3.089
41.4066,0.7863,3.3795
41.4068,0.7738,3.3275
41.4070,0.7734,3.3239
41.4072,0.7442,3.2031
41.4074,0.6824,2.9382
41.4076,0.6419,2.7642
41.4078,0.6981,3.0031
41.4080,0.7184,3.0879
41.4082,0.7407,3.1822
41.4084,0.737,3.1722
41.4086,0.6868,2.9573
41.4088,0.7071,3.0432
41.4090,0.719,3.0948
41.4092,0.6036,2.6062
41.4094,0.5336,2.2996
41.4096,0.5856,2.5192
41.4098,0.6049,2.6059
41.4100,0.5837,2.5156
41.4102,0.6095,2.6255
41.4104,0.5941,2.5606
41.4106,0.5824,2.5076
41.4108,0.6265,2.6976
41.4110,0.682,2.938
41.4112,0.6352,2.7366
41.4114,0.6393,2.7529
41.4116,0.6983,2.9999
41.4118,0.7367,3.1706
41.4120,0.6217,2.6857
41.4122,0.4242,1.8343
41.4124,0.3926,1.6958
41.4126,0.386,1.6681
41.4128,0.3842,1.658
41.4130,0.4631,1.9967
41.4132,0.5497,2.3716
41.4134,0.5062,2.1838
41.4136,0.4807,2.0737
41.4138,0.4839,2.0886
41.4140,0.4902,2.1155
41.4142,0.4843,2.0882
41.4144,0.4894,2.1114
41.4146,0.4867,2.0995
41.4148,0.5321,2.2924
41.4150,0.5391,2.3234
41.4152,0.4886,2.1068
41.4154,0.4844,2.0887
41.4156,0.486,2.0964
41.4158,0.4854,2.0938
41.4160,0.5002,2.156
41.4162,0.4979,2.1471
41.4164,0.4969,2.1435
41.4166,0.5272,2.2691
41.4168,0.5836,2.514
41.4170,0.6166,2.6553
41.4172,0.6284,2.7034
41.4174,0.6383,2.7462
41.4176,0.663,2.8524
41.4178,0.7038,3.025
41.4180,0.7252,3.1167
41.4182,0.7312,3.1381
41.4184,0.7924,3.3995
41.4186,0.8255,3.5415
41.4188,0.9286,3.9782
41.4190,0.9887,4.2336
41.4192,0.9526,4.0848
41.4194,0.911,3.9082
41.4196,0.9082,3.8891
41.4198,0.9744,4.1745
41.4200,0.9495,4.0714
41.4202,0.9194,3.9387
41.4204,0.9475,4.0646
41.4206,0.919,3.9445
41.4208,0.9178,3.9357
41.4210,0.9364,4.0116
41.4212,0.9516,4.075
41.4214,0.9725,4.1624
41.4216,1.0009,4.292
41.4218,1.0304,4.4061
41.4220,1.1299,4.8361
41.4222,1.1194,4.7888
41.4224,1.1285,4.8277
41.4226,1.1682,4.9882
41.4228,1.1773,5.0412
41.4230,1.0525,4.5152
41.4232,0.9439,4.0473
41.4234,0.9651,4.1363
41.4236,1.0014,4.292
41.4238,1.0305,4.4169
41.4240,0.9608,4.1197
41.4242,0.9549,4.0965
41.4244,0.9532,4.0912
41.4246,0.8875,3.8145
41.4248,0.7541,3.2485
41.4250,0.6862,2.9575
41.4252,0.6273,2.7037
41.4254,0.6265,2.7026
41.4256,0.5259,2.2666
41.4258,0.5678,2.4486
41.4260,0.5945,2.561
41.4262,0.5994,2.5821
41.4264,0.6782,2.9201
41.4266,0.7085,3.0508
41.4268,0.6879,2.9633
41.4270,0.6601,2.8475
41.4272,0.5457,2.3573
41.4274,0.5442,2.3478
41.4276,0.5575,2.4019
41.4278,0.6023,2.5933
41.4280,0.6357,2.7425
41.4282,0.5482,2.3671
41.4284,0.5471,2.358
41.4286,0.5556,2.3958
41.4288,0.5711,2.4625
41.4290,0.5386,2.3224
41.4292,0.4927,2.1254
41.4294,0.491,2.1211
41.4296,0.4868,2.0991
41.4298,0.5549,2.3927
41.4300,0.566,2.4419
41.4302,0.5235,2.2573
41.4304,0.4948,2.1357
41.4306,0.4909,2.1176
41.4308,0.544,2.3457
41.4310,0.5192,2.2376
41.4312,0.5071,2.1844
41.4314,0.6129,2.6405
41.4316,0.6801,2.927
41.4318,0.6671,2.8766
41.4320,0.5362,2.3142
41.4322,0.4839,2.0905
41.4324,0.4828,2.082
41.4326,0.4958,2.1388
41.4328,0.5025,2.1658
41.4330,0.5436,2.3463
41.4332,0.5108,2.2055
41.4334,0.4394,1.8984
41.4336,0.4077,1.7611
41.4338,0.43,1.8566
41.4340,0.496,2.1399
41.4342,0.4705,2.0297
41.4344,0.4495,1.9401
41.4346,0.4869,2.0996
41.4348,0.53,2.2862
41.4350,0.4982,2.1502
41.4352,0.4489,1.9384
41.4354,0.4491,1.9358
41.4356,0.5014,2.1611
41.4358,0.5397,2.3238
41.4360,0.5833,2.5141
41.4362,0.5662,2.4402
41.4364,0.5734,2.4678
41.4366,0.574,2.4726
41.4368,0.5893,2.5387
41.4370,0.5839,2.5143
41.4372,0.5728,2.4686
41.4374,0.5899,2.5413
41.4376,0.6479,2.7836
41.4378,0.6985,3.0037
41.4380,0.6849,2.9381
41.4382,0.8435,3.6186
41.4384,0.7835,3.374
41.4386,0.6199,2.6742
41.4388,0.544,2.3446
41.4390,0.5852,2.5177
41.4392,0.6224,2.6801
41.4394,0.6315,2.7193
41.4396,0.618,2.6597
41.4398,0.5964,2.5692
41.4400,0.5437,2.3446
41.4402,0.5372,2.3162
41.4404,0.5343,2.3038
41.4406,0.5566,2.3955
41.4408,0.6172,2.6579
41.4410,0.6306,2.7139
41.4412,0.6562,2.8204
41.4414,0.7105,3.0553
41.4416,0.666,2.864
41.4418,0.7297,3.1349
41.4420,0.7334,3.1552
41.4422,0.7134,3.0662
41.4424,0.6712,2.8889
41.4426,0.5935,2.5556
41.4428,0.5966,2.5679
41.4430,0.6427,2.7609
41.4432,0.7105,3.061
41.4434,0.6129,2.6405
41.4436,0.6277,2.699
41.4438,0.6406,2.7598
41.4440,0.5674,2.4454
41.4442,0.5568,2.3988
41.4444,0.5512,2.3734
41.4446,0.6537,2.8122
41.4448,0.6892,2.9635
41.4450,0.7187,3.0946
41.4452,0.6389,2.7488
41.4454,0.6541,2.8111
41.4456,0.6695,2.8883
41.4458,0.541,2.3327
41.4460,0.5346,2.3
41.4462,0.6411,2.758
41.4464,0.6242,2.6853
41.4466,0.6343,2.7312
41.4468,0.6397,2.7531
41.4470,0.6119,2.6346
41.4472,0.5777,2.491
41.4474,0.5092,2.1957
41.4476,0.5029,2.1693
41.4478,0.5012,2.1621
41.4480,0.4942,2.1282
41.4482,0.5505,2.3714
41.4484,0.5256,2.2655
41.4486,0.5593,2.413
41.4488,0.5035,2.1709
41.4490,0.4797,2.0695
41.4492,0.4826,2.0829
41.4494,0.4784,2.0629
41.4496,0.4846,2.0888
41.4498,0.4881,2.1038
41.4500,0.5059,2.1813
41.4502,0.5411,2.3322
41.4504,0.5985,2.5785
41.4506,0.5987,2.5778
41.4508,0.5759,2.4809
41.4510,0.6202,2.6633
41.4512,0.7048,3.0263
41.4514,0.734,3.1519
41.4516,0.7196,3.0901
41.4518,0.7837,3.3666
41.4520,0.7759,3.3347
41.4522,0.7714,3.3095
41.4524,0.8566,3.673
41.4526,0.9321,3.9931
41.4528,0.9761,4.1777
41.4530,0.9833,4.2085
41.4532,0.9664,4.1381
41.4534,0.9888,4.2381
41.4536,1.0001,4.2864
41.4538,0.9094,3.8942
41.4540,0.9545,4.0892
41.4542,0.974,4.1705
41.4544,0.9749,4.1746
41.4546,0.9831,4.2154
41.4548,0.8967,3.8524
41.4550,0.8163,3.5051
41.4552,0.8115,3.4878
41.4554,0.7943,3.4125
41.4556,0.8459,3.634
41.4558,0.8331,3.5772
41.4560,0.8192,3.5158
41.4562,0.8134,3.4928
41.4564,0.8199,3.5189
41.4566,0.8389,3.6041
41.4568,0.826,3.5468
41.4570,0.8588,3.6896
41.4572,0.8252,3.5399
41.4574,0.8289,3.5641
41.4576,0.8282,3.5511
41.4578,0.9358,4.0053
41.4580,0.9455,4.0526
41.4582,0.8603,3.6992
41.4584,0.7545,3.246
41.4586,0.743,3.1965
41.4588,0.7597,3.2636
41.4590,0.7707,3.3141
41.4592,0.7025,3.0235
41.4594,0.6989,3.0053
41.4596,0.6909,2.9749
41.4598,0.6929,2.985
41.4600,0.6657,2.8664
41.4602,0.6923,2.9769
41.4604,0.726,3.1276
41.4606,0.6555,2.8239
41.4608,0.6481,2.7893
41.4610,0.6484,2.7934
41.4612,0.612,2.6339
41.4614,0.7073,3.0456
41.4616,0.7117,3.0619
41.4618,0.7017,3.0157
41.4620,0.749,3.2193
41.4622,0.7398,3.184
41.4624,0.6828,2.9389
41.4626,0.6686,2.8788
41.4628,0.6379,2.7441
41.4630,0.6865,2.9577
41.4632,0.6875,2.959
41.4634,0.7023,3.0239
41.4636,0.729,3.1332
41.4638,0.7688,3.3074
41.4640,0.6834,2.9456
41.4642,0.5599,2.4156
41.4644,0.5791,2.4925
41.4646,0.6828,2.9389
41.4648,0.7355,3.164
41.4650,0.741,3.1892
41.4652,0.6586,2.8399
41.4654,0.5671,2.4455
41.4656,0.5623,2.4237
41.4658,0.5644,2.4302
41.4660,0.5749,2.4791
41.4662,0.5794,2.4994
41.4664,0.5827,2.5103
41.4666,0.6362,2.742
41.4668,0.5622,2.4231
41.4670,0.5641,2.4348
41.4672,0.5479,2.3605
41.4674,0.5429,2.341
41.4676,0.5448,2.3493
41.4678,0.5495,2.3684
41.4680,0.6533,2.808
41.4682,0.7056,3.0412
41.4684,0.5891,2.5354
41.4686,0.6722,2.8916
41.4688,0.6773,2.9098
41.4690,0.7158,3.0794
41.4692,0.6553,2.8215
41.4694,0.6413,2.7604
41.4696,0.6451,2.7764
41.4698,0.6467,2.7862
41.4700,0.6385,2.7505
41.4702,0.6617,2.8428
41.4704,0.811,3.4776
41.4706,0.8484,3.6431
41.4708,0.8133,3.4955
41.4710,0.7526,3.2362
41.4712,0.7206,3.1015
41.4714,0.753,3.2393
41.4716,0.7328,3.1541
41.4718,0.6737,2.8997
41.4720,0.628,2.7031
41.4722,0.6176,2.6594
41.4724,0.6525,2.8097
41.4726,0.6261,2.6986
41.4728,0.6168,2.657
41.4730,0.6141,2.6457
41.4732,0.6097,2.6253
41.4734,0.6081,2.6198
41.4736,0.6125,2.6384
41.4738,0.6174,2.6571
41.4740,0.6146,2.6477
41.4742,0.611,2.6286
41.4744,0.6417,2.767
41.4746,0.6283,2.7003
41.4748,0.7055,3.035
41.4750,0.6857,2.9527
41.4752,0.6804,2.9259
41.4754,0.6816,2.931
41.4756,0.6969,3.0021
41.4758,0.5931,2.5576
41.4760,0.5505,2.3747
41.4762,0.5441,2.3451
41.4764,0.541,2.3327
41.4766,0.5442,2.3456
41.4768,0.5678,2.4463
41.4770,0.5545,2.3912
41.4772,0.543,2.3405
41.4774,0.5473,2.358
41.4776,0.5813,2.5041
41.4778,0.5941,2.5606
41.4780,0.5743,2.4742
41.4782,0.613,2.6373
41.4784,0.6755,2.9061
41.4786,0.7081,3.0435
41.4788,0.7199,3.0984
41.4790,0.6192,2.6661
41.4792,0.6982,3.0022
41.4794,0.7729,3.3203
41.4796,0.6848,2.9499
41.4798,0.599,2.5806
41.4800,0.6032,2.5963
41.4802,0.6265,2.6926
41.4804,0.7189,3.0928
41.4806,0.6407,2.7591
41.4808,0.6092,2.6233
41.4810,0.5939,2.5572
41.4812,0.5464,2.356
41.4814,0.4916,2.1207
41.4816,0.5059,2.1792
41.4818,0.572,2.4644
41.4820,0.5965,2.5685
41.4822,0.6033,2.5956
41.4824,0.6608,2.8453
41.4826,0.6298,2.7121
41.4828,0.615,2.6468
41.4830,0.6554,2.8181
41.4832,0.6925,2.9724
41.4834,0.8082,3.469
41.4836,0.7829,3.3667
41.4838,0.7592,3.2616
41.4840,0.7678,3.2971
41.4842,0.8026,3.4416
41.4844,0.8606,3.6939
41.4846,0.8899,3.8141
41.4848,0.9604,4.1105
41.4850,0.9989,4.2792
41.4852,0.9714,4.1577
41.4854,1.0743,4.5959
41.4856,1.1099,4.7593
41.4858,0.9749,4.1765
41.4860,0.9448,4.0476
41.4862,0.9804,4.2021
41.4864,0.8978,3.8552
41.4866,0.8448,3.626
41.4868,0.8642,3.7059
41.4870,0.9412,4.0378
41.4872,0.971,4.1596
41.4874,1.0051,4.31
41.4876,0.9683,4.1483
41.4878,0.9693,4.1563
41.4880,0.968,4.1487
41.4882,1.0278,4.4071
41.4884,0.9983,4.2767
41.4886,1.0328,4.4184
41.4888,1.1074,4.7419
41.4890,1.019,4.3696
41.4892,0.8953,3.848
41.4894,0.8412,3.6105
41.4896,0.8856,3.8009
41.4898,0.832,3.5759
41.4900,0.8495,3.6477
41.4902,0.8933,3.8339
41.4904,0.9379,4.0253
41.4906,0.8913,3.8256
41.4908,0.8873,3.8135
41.4910,0.8428,3.624
41.4912,0.7632,3.2847
41.4914,0.7651,3.2945
41.4916,0.713,3.0675
41.4918,0.7008,3.0191
41.4920,0.6415,2.7699
41.4922,0.5843,2.5171
41.4924,0.5941,2.5618
41.4926,0.5804,2.5028
41.4928,0.6015,2.5902
41.4930,0.6219,2.678
41.4932,0.6412,2.765
41.4934,0.5928,2.5549
41.4936,0.6199,2.6705
41.4938,0.6164,2.6567
41.4940,0.6071,2.6176
41.4942,0.5876,2.5315
41.4944,0.5961,2.567
41.4946,0.6394,2.7572
41.4948,0.5955,2.568
41.4950,0.5402,2.3313
41.4952,0.4958,2.1398
41.4954,0.5204,2.2438
41.4956,0.5523,2.3825
41.4958,0.4966,2.1444
41.4960,0.4856,2.0978
41.4962,0.4808,2.0732
41.4964,0.5128,2.2133
41.4966,0.4995,2.1569
41.4968,0.5235,2.2562
41.4970,0.5812,2.5071
41.4972,0.4869,2.1044
41.4974,0.4316,1.863
41.4976,0.4908,2.1181
41.4978,0.4694,2.025
41.4980,0.4598,1.9855
41.4982,0.4613,1.9926
41.4984,0.4644,2.0061
41.4986,0.4502,1.9432
41.4988,0.4827,2.0815
41.4990,0.578,2.4902
41.4992,0.628,2.7081
41.4994,0.5584,2.4044
41.4996,0.5244,2.2645
41.4998,0.4567,1.9729
41.5000,0.4506,1.9456
41.5002,0.455,1.9648
41.5004,0.4729,2.04
41.5006,0.533,2.2981
41.5008,0.547,2.3553
41.5010,0.5838,2.5138
41.5012,0.6134,2.6438
41.5014,0.5339,2.299
41.5016,0.5917,2.5467
41.5018,0.6513,2.8019
41.5020,0.6647,2.861
41.5022,0.6827,2.937
41.5024,0.7035,3.0249
41.5026,0.7133,3.0657
41.5028,0.7165,3.0839
41.5030,0.7084,3.0403
41.5032,0.8105,3.4788
41.5034,0.8479,3.6461
41.5036,0.7652,3.2873
41.5038,0.7362,3.1656
41.5040,0.7303,3.1403
41.5042,0.7318,3.1465
41.5044,0.7106,3.0586
41.5046,0.6367,2.7415
41.5048,0.6338,2.7278
41.5050,0.6843,2.9465
41.5052,0.7013,3.0198
41.5054,0.6738,2.9029
41.5056,0.6435,2.7709
41.5058,0.6306,2.7114
41.5060,0.6764,2.911
41.5062,0.682,2.9394
41.5064,0.5701,2.4584
41.5066,0.5601,2.4138
41.5068,0.5605,2.417
41.5070,0.5604,2.4154
41.5072,0.6137,2.6411
41.5074,0.6017,2.5883
41.5076,0.6054,2.608
41.5078,0.5904,2.5434
41.5080,0.6232,2.6824
41.5082,0.6219,2.6805
41.5084,0.593,2.5559
41.5086,0.5302,2.2873
41.5088,0.4906,2.1156
41.5090,0.539,2.3229
41.5092,0.5021,2.1652
41.5094,0.4994,2.1533
41.5096,0.5344,2.3054
41.5098,0.5137,2.2149
41.5100,0.5153,2.2211
41.5102,0.5872,2.5318
41.5104,0.536,2.31
41.5106,0.5351,2.3053
41.5108,0.5241,2.2609
41.5110,0.5075,2.1905
41.5112,0.5007,2.158
41.5114,0.5256,2.2655
41.5116,0.5345,2.3048
41.5118,0.5325,2.296
41.5120,0.497,2.14
41.5122,0.5336,2.3018
41.5124,0.4949,2.1352
41.5126,0.4924,2.1234
41.5128,0.4928,2.1259
41.5130,0.4922,2.1233
41.5132,0.4952,2.1362
41.5134,0.4967,2.142
41.5136,0.4936,2.1275
41.5138,0.5417,2.3359
41.5140,0.552,2.3792
41.5142,0.5066,2.1844
41.5144,0.4843,2.0892
41.5146,0.4819,2.0779
41.5148,0.4762,2.0526
41.5150,0.4785,2.0624
41.5152,0.481,2.0752
41.5154,0.4804,2.0717
41.5156,0.4855,2.0924
41.5158,0.4756,2.051
41.5160,0.478,2.0623
41.5162,0.4878,2.1022
41.5164,0.5229,2.2515
41.5166,0.5493,2.3629
41.5168,0.6137,2.6399
41.5170,0.5861,2.5248
41.5172,0.5854,2.5217
41.5174,0.6549,2.8134
41.5176,0.723,3.1046
41.5178,0.732,3.1446
41.5180,0.7553,3.2431
41.5182,0.7952,3.4113
41.5184,0.8141,3.4958
41.5186,0.8716,3.7337
41.5188,1.0006,4.2804
41.5190,0.9754,4.1747
41.5192,0.9755,4.1791
41.5194,0.9822,4.2059
41.5196,0.9789,4.1915
41.5198,0.9537,4.0894
41.5200,0.8762,3.759
41.5202,0.916,3.9243
41.5204,0.9545,4.0892
41.5206,0.952,4.0784
41.5208,0.9705,4.1595
41.5210,0.9669,4.1382
41.5212,1.0111,4.3235
41.5214,1.1016,4.7106
41.5216,1.0717,4.5889
41.5218,1.0365,4.4405
41.5220,1.0548,4.5186
41.5222,1.0459,4.4785
41.5224,1.051,4.4964
41.5226,1.0647,4.5549
41.5228,1.0527,4.5057
41.5230,1.0494,4.4997
41.5232,0.9578,4.1088
41.5234,0.9647,4.1406
41.5236,0.9222,3.9542
41.5238,0.9057,3.8874
41.5240,0.9248,3.9563
41.5242,1.0519,4.5084
41.5244,1.016,4.3547
41.5246,0.9612,4.1276
41.5248,0.8562,3.68
41.5250,0.8035,3.4565
41.5252,0.7899,3.4013
41.5254,0.717,3.0817
41.5256,0.7458,3.2083
41.5258,0.7536,3.2404
41.5260,0.7455,3.2088
41.5262,0.7296,3.1373
41.5264,0.7617,3.2846
41.5266,0.6243,2.6883
41.5268,0.6584,2.8336
41.5270,0.6684,2.8797
41.5272,0.6651,2.8612
41.5274,0.7282,3.1311
41.5276,0.7148,3.0753
41.5278,0.6837,2.9439
41.5280,0.7358,3.1655
41.5282,0.7785,3.3507
41.5284,0.7062,3.0395
41.5286,0.6947,2.9886
41.5288,0.7551,3.2501
41.5290,0.6864,2.9585
41.5292,0.5761,2.4819
41.5294,0.5874,2.5305
41.5296,0.597,2.5754
41.5298,0.5688,2.4538
41.5300,0.5631,2.4268
41.5302,0.6038,2.6012
41.5304,0.6678,2.8717
41.5306,0.6862,2.952
41.5308,0.74,3.1836
41.5310,0.6943,2.9926
41.5312,0.6,2.5883
41.5314,0.5742,2.4771
41.5316,0.5638,2.431
41.5318,0.5682,2.4478
41.5320,0.6029,2.5959
41.5322,0.6398,2.7575
41.5324,0.5603,2.4171
41.5326,0.4863,2.0999
41.5328,0.5045,2.1766
41.5330,0.5314,2.2925
41.5332,0.5265,2.2712
41.5334,0.5261,2.2686
41.5336,0.5258,2.2671
41.5338,0.5244,2.2604
41.5340,0.6033,2.6004
41.5342,0.612,2.6351
41.5344,0.6229,2.6821
41.5346,0.6411,2.7632
41.5348,0.6393,2.7554
41.5350,0.6267,2.6999
41.5352,0.6376,2.7469
41.5354,0.6403,2.7557
41.5356,0.6404,2.7549
41.5358,0.6418,2.765
41.5360,0.6447,2.7761
41.5362,0.6595,2.837
41.5364,0.6978,2.9992
41.5366,0.8159,3.5068
41.5368,0.8056,3.4609
41.5370,0.7689,3.3094
41.5372,0.6822,2.9322
41.5374,0.7273,3.1275
41.5376,0.7112,3.0626
41.5378,0.6378,2.75
41.5380,0.6279,2.7038
41.5382,0.6306,2.7139
41.5384,0.6301,2.7131
41.5386,0.6345,2.7348
41.5388,0.6271,2.7015
41.5390,0.624,2.6843
41.5392,0.6726,2.891
41.5394,0.747,3.212
41.5396,0.719,3.0962
41.5398,0.6774,2.9143
41.5400,0.7111,3.0579
41.5402,0.6746,2.9047
41.5404,0.6232,2.6799
41.5406,0.7229,3.1069
41.5408,0.7511,3.2265
41.5410,0.7818,3.3647
41.5412,0.7508,3.2255
41.5414,0.8024,3.4486
41.5416,0.7433,3.196
41.5418,0.7202,3.0985
41.5420,0.7144,3.0732
41.5422,0.7097,3.0488
41.5424,0.7687,3.3053
41.5426,0.7682,3.3094
41.5428,0.7096,3.0497
41.5430,0.7526,3.2362
41.5432,0.7497,3.2239
41.5434,0.7399,3.1846
41.5436,0.6883,2.9599
41.5438,0.6579,2.8329
41.5440,0.6839,2.9422
41.5442,0.7066,3.0397
41.5444,0.7112,3.0598
41.5446,0.7231,3.1138
41.5448,0.6988,3.0075
41.5450,0.7118,3.0595
41.5452,0.7306,3.1487
41.5454,0.6153,2.6496
41.5456,0.6524,2.8052
41.5458,0.6857,2.9513
41.5460,0.7292,3.1357
41.5462,0.717,3.0932
41.5464,0.5586,2.4099
41.5466,0.5012,2.1621
41.5468,0.4866,2.099
41.5470,0.492,2.1223
41.5472,0.4989,2.1503
41.5474,0.5886,2.5345
41.5476,0.5554,2.3981
41.5478,0.503,2.1699
41.5480,0.5021,2.1662
41.5482,0.5018,2.1647
41.5484,0.4983,2.1497
41.5486,0.4985,2.1517
41.5488,0.4949,2.1352
41.5490,0.4969,2.1415
41.5492,0.5067,2.1839
41.5494,0.5274,2.2754
41.5496,0.533,2.297
41.5498,0.5631,2.4234
41.5500,0.6383,2.7449
41.5502,0.6982,3.0036
41.5504,0.6947,2.9886
41.5506,0.6604,2.8411
41.5508,0.7114,3.0589
41.5510,0.7157,3.076
41.5512,0.7753,3.3321
41.5514,0.791,3.3965
41.5516,0.7999,3.433
41.5518,0.877,3.7604
41.5520,0.9633,4.1286
41.5522,0.9798,4.1956
41.5524,0.9745,4.175
41.5526,0.9623,4.1264
41.5528,0.9712,4.1625
41.5530,0.9757,4.1821
41.5532,0.928,3.9794
41.5534,0.9394,4.0263
41.5536,0.9594,4.1141
41.5538,0.9647,4.1329
41.5540,0.9821,4.2093
41.5542,0.9817,4.2117
41.5544,0.9885,4.2306
41.5546,1.1147,4.771
41.5548,1.0845,4.6395
41.5550,1.0939,4.6795
41.5552,1.0756,4.5994
41.5554,1.1066,4.7471
41.5556,0.9368,4.0282
41.5558,0.7834,3.3734
41.5560,0.7482,3.2187
41.5562,0.7142,3.0755
41.5564,0.6638,2.8582
41.5566,0.7213,3.1046
41.5568,0.7085,3.0479
41.5570,0.7159,3.0828
41.5572,0.7169,3.0898
41.5574,0.6738,2.9002
41.5576,0.7139,3.0726
41.5578,0.7069,3.044
41.5580,0.7523,3.2377
41.5582,0.7309,3.1458
41.5584,0.6632,2.8569
41.5586,0.6069,2.6159
41.5588,0.5818,2.512
41.5590,0.5744,2.4781
41.5592,0.6264,2.6971
41.5594,0.6876,2.9623
41.5596,0.6198,2.6712
41.5598,0.6089,2.6242
41.5600,0.5904,2.5458
41.5602,0.6026,2.5961
41.5604,0.6123,2.6404
41.5606,0.582,2.5096
41.5608,0.5981,2.5777
41.5610,0.6644,2.8581
41.5612,0.7164,3.0848
41.5614,0.6979,3.0039
41.5616,0.6653,2.8622
41.5618,0.6821,2.9317
41.5620,0.7481,3.2196
41.5622,0.7012,3.0235
41.5624,0.6255,2.6972
41.5626,0.6002,2.5858
41.5628,0.6331,2.7285
41.5630,0.6623,2.8507
41.5632,0.6671,2.8713
41.5634,0.613,2.6435
41.5636,0.5646,2.4357
41.5638,0.621,2.6764
41.5640,0.6684,2.881
41.5642,0.6487,2.7944
41.5644,0.6527,2.8107
41.5646,0.6141,2.6469
41.5648,0.5646,2.4346
41.5650,0.5237,2.2625
41.5652,0.4358,1.8811
41.5654,0.4623,1.9954
41.5656,0.4533,1.9584
41.5658,0.4502,1.945
41.5660,0.4599,1.9851
41.5662,0.4712,2.0337
41.5664,0.4535,1.9562
41.5666,0.5074,2.189
41.5668,0.4668,2.0155
41.5670,0.4509,1.9463
41.5672,0.4477,1.9332
41.5674,0.4506,1.9465
41.5676,0.4466,1.9277
41.5678,0.494,2.1291
41.5680,0.5488,2.3642
41.5682,0.5791,2.496
41.5684,0.5839,2.5167
41.5686,0.5746,2.4764
41.5688,0.5742,2.4771
41.5690,0.575,2.4796
41.5692,0.573,2.4685
41.5694,0.5728,2.4675
41.5696,0.5646,2.4335
41.5698,0.583,2.5079
41.5700,0.7342,3.1539
41.5702,0.7755,3.3301
41.5704,0.7948,3.4114
41.5706,0.7608,3.2713
41.5708,0.7133,3.0743
41.5710,0.6436,2.7753
41.5712,0.5539,2.3886
41.5714,0.5198,2.2412
41.5716,0.5157,2.2257
41.5718,0.5133,2.2143
41.5720,0.5177,2.2325
41.5722,0.5169,2.2278
41.5724,0.5146,2.22
41.5726,0.5177,2.2335
41.5728,0.5159,2.2257
41.5730,0.5125,2.2087
41.5732,0.5141,2.218
41.5734,0.5153,2.2221
41.5736,0.5184,2.2345
41.5738,0.4896,2.109
41.5740,0.5213,2.2469
41.5742,0.5842,2.5142
41.5744,0.6316,2.7198
41.5746,0.5863,2.5247
41.5748,0.5939,2.5596
41.5750,0.5809,2.5003
41.5752,0.566,2.4408
41.5754,0.4735,2.0426
41.5756,0.4597,1.9831
41.5758,0.4568,1.9725
41.5760,0.4566,1.9706
41.5762,0.4722,2.036
41.5764,0.5351,2.3063
41.5766,0.5117,2.2066
41.5768,0.4958,2.1388
41.5770,0.5216,2.2469
41.5772,0.5117,2.2035
41.5774,0.5024,2.1663
41.5776,0.5031,2.1704
41.5778,0.5055,2.1787
41.5780,0.5303,2.2804
41.5782,0.593,2.5548
41.5784,0.582,2.5061
41.5786,0.5953,2.561
41.5788,0.6005,2.5832
41.5790,0.6047,2.6012
41.5792,0.571,2.4586
41.5794,0.5874,2.5293
41.5796,0.6023,2.5945
41.5798,0.582,2.5084
41.5800,0.5139,2.2139
41.5802,0.5596,2.4073
41.5804,0.5834,2.5111
41.5806,0.6092,2.6233
41.5808,0.591,2.5424
41.5810,0.6537,2.8135
41.5812,0.6716,2.8931
41.5814,0.649,2.7908
41.5816,0.6766,2.9094
41.5818,0.699,3.0044
41.5820,0.7042,3.0294
41.5822,0.643,2.7637
41.5824,0.6381,2.7477
41.5826,0.6291,2.7102
41.5828,0.6319,2.7183
41.5830,0.6452,2.7782
41.5832,0.5628,2.4223
41.5834,0.6392,2.7523
41.5836,0.6156,2.6469
41.5838,0.6698,2.88
41.5840,0.712,3.0572
41.5842,0.7885,3.3857
41.5844,0.7513,3.2321
41.5846,0.6899,2.9666
41.5848,0.6906,2.9697
41.5850,0.7109,3.0526
41.5852,0.7942,3.4056
41.5854,0.8455,3.6274
41.5856,0.813,3.4896
41.5858,0.8356,3.5897
41.5860,0.858,3.6809
41.5862,0.8767,3.7628
41.5864,0.8206,3.5204
41.5866,0.8356,3.5847
41.5868,0.8214,3.5256
41.5870,0.8561,3.6743
41.5872,0.8473,3.6351
41.5874,0.8594,3.6905
41.5876,0.7983,3.4279
41.5878,0.9079,3.8858
41.5880,1.0459,4.4764
41.5882,0.9867,4.2249
41.5884,0.9708,4.159
41.5886,1.0148,4.3455
41.5888,1.0217,4.3768
41.5890,0.9832,4.2139
41.5892,0.9187,3.9393
41.5894,0.9371,4.0185
41.5896,0.9062,3.8876
41.5898,0.872,3.7428
41.5900,0.8654,3.7162
41.5902,0.8599,3.6942
41.5904,0.8677,3.726
41.5906,0.8694,3.7245
41.5908,0.9581,4.1104
41.5910,0.9489,4.0764
41.5912,0.8003,3.4414
41.5914,0.7422,3.1884
41.5916,0.7668,3.2971
41.5918,0.7267,3.1278
41.5920,0.7328,3.1541
41.5922,0.7347,3.158
41.5924,0.8078,3.4718
41.5926,0.7839,3.3692
41.5928,0.7821,3.3615
41.5930,0.7314,3.1464
41.5932,0.6897,2.9683
41.5934,0.6891,2.9671
41.5936,0.6804,2.9299
41.5938,0.6717,2.8882
41.5940,0.7126,3.0655
41.5942,0.7184,3.0936
41.5944,0.705,3.0358
41.5946,0.6844,2.9443
41.5948,0.687,2.957
41.5950,0.6604,2.8437
41.5952,0.7117,3.0619
41.5954,0.7344,3.1623
41.5956,0.6235,2.6885
41.5958,0.5753,2.4795
41.5960,0.6192,2.6649
41.5962,0.667,2.8695
41.5964,0.662,2.8478
41.5966,0.7027,3.0204
41.5968,0.6754,2.9123
41.5970,0.5937,2.5579
41.5972,0.6776,2.9135
41.5974,0.7391,3.178
41.5976,0.7212,3.1069
41.5978,0.6049,2.6083
41.5980,0.5658,2.4398
41.5982,0.5535,2.3843
41.5984,0.5714,2.4606
41.5986,0.5797,2.4997
41.5988,0.5913,2.5523
41.5990,0.5207,2.2475
41.5992,0.4911,2.1187
41.5994,0.5187,2.2355
41.5996,0.5738,2.4687
41.5998,0.641,2.7562
41.6000,0.6427,2.7725
41.6002,0.5609,2.4208
41.6004,0.5402,2.3281
41.6006,0.6644,2.8568
41.6008,0.7223,3.1101
41.6010,0.7086,3.0499
41.6012,0.7225,3.1083
41.6014,0.738,3.1733
41.6016,0.7334,3.1523
41.6018,0.7349,3.1599
41.6020,0.7527,3.2368
41.6022,0.7669,3.293
41.6024,0.8418,3.6131
41.6026,0.8206,3.5253
41.6028,0.8446,3.6232
41.6030,0.8993,3.8578
41.6032,0.8873,3.8064
41.6034,0.905,3.8843
41.6036,0.9558,4.1044
41.6038,0.8457,3.6346
41.6040,0.8286,3.5548
41.6042,0.8684,3.7308
41.6044,0.762,3.278
41.6046,0.7097,3.0517
41.6048,0.7669,3.3007
41.6050,0.7436,3.1961
41.6052,0.7898,3.3977
41.6054,0.771,3.3136
41.6056,0.7838,3.3703
41.6058,0.7463,3.2134
41.6060,0.6716,2.8904
41.6062,0.6342,2.7294
41.6064,0.6187,2.6641
41.6066,0.6223,2.6833
41.6068,0.6212,2.6761
41.6070,0.6276,2.7023
41.6072,0.6967,2.9988
41.6074,0.7361,3.1651
41.6076,0.7153,3.0759
41.6078,0.7099,3.0555
41.6080,0.6863,2.9553
41.6082,0.6491,2.7939
41.6084,0.6243,2.6921
41.6086,0.5662,2.4413
41.6088,0.5652,2.4361
41.6090,0.5657,2.437
41.6092,0.5622,2.4243
41.6094,0.5631,2.429
41.6096,0.5593,2.4119
41.6098,0.5651,2.4355
41.6100,0.5903,2.5429
41.6102,0.5843,2.5194
41.6104,0.6014,2.5909
41.6106,0.6822,2.9322
41.6108,0.6953,2.9912
41.6110,0.6386,2.751
41.6112,0.5744,2.4781
41.6114,0.529,2.2789
41.6116,0.5795,2.4964
41.6118,0.5839,2.5167
41.6120,0.5903,2.5464
41.6122,0.585,2.5178
41.6124,0.6101,2.6281
41.6126,0.6165,2.6548
41.6128,0.6681,2.8728
41.6130,0.6612,2.8473
41.6132,0.5971,2.5747
41.6134,0.6025,2.5968
41.6136,0.5846,2.5198
41.6138,0.5362,2.3121
41.6140,0.4888,2.1079
41.6142,0.4843,2.0882
41.6144,0.4857,2.0954
41.6146,0.4826,2.0819
41.6148,0.4918,2.1198
41.6150,0.5503,2.3731
41.6152,0.5549,2.3949
41.6154,0.4866,2.099
41.6156,0.479,2.0655
41.6158,0.4812,2.0757
41.6160,0.4928,2.1259
41.6162,0.5063,2.1823
41.6164,0.527,2.2712
41.6166,0.5718,2.4622
41.6168,0.6163,2.655
41.6170,0.5813,2.5065
41.6172,0.589,2.536
41.6174,0.6936,2.9784
41.6176,0.7839,3.3677
41.6178,0.7913,3.3996
41.6180,0.8195,3.5141
41.6182,0.8633,3.7069
41.6184,0.8606,3.6939
41.6186,0.8369,3.5937
41.6188,0.8301,3.556
41.6190,0.9656,4.1365
41.6192,0.991,4.2434
41.6194,0.9965,4.271
41.6196,0.9801,4.1986
41.6198,0.9864,4.2219
41.6200,1.0253,4.3881
41.6202,0.9814,4.2121
41.6204,0.9894,4.2347
41.6206,1.1345,4.8466
41.6208,1.1738,5.0146
41.6210,1.2094,5.1715
41.6212,1.1777,5.038
41.6214,1.1726,5.0141
41.6216,1.179,5.046
41.6218,1.0441,4.4729
41.6220,1.0632,4.5503
41.6222,1.1024,4.7203
41.6224,1.0533,4.5146
41.6226,0.965,4.1416
41.6228,0.8834,3.7934
41.6230,0.9165,3.9374
41.6232,0.9175,3.9415
41.6234,0.8796,3.777
41.6236,0.9254,3.9736
41.6238,0.9383,4.0236
41.6240,0.9821,4.2132
41.6242,0.9567,4.1004
41.6244,0.9913,4.2608
41.6246,0.8586,3.6954
41.6248,0.733,3.1561
41.6250,0.6991,3.0077
41.6252,0.7821,3.3631
41.6254,0.8225,3.5352
41.6256,0.7351,3.1639
41.6258,0.7168,3.0807
41.6260,0.7569,3.2548
41.6262,0.7302,3.1471
41.6264,0.7031,3.0289
41.6266,0.7144,3.0761
41.6268,0.7142,3.0727
41.6270,0.7104,3.0647
41.6272,0.6457,2.7789
41.6274,0.7359,3.1705
41.6276,0.6867,2.9595
41.6278,0.6406,2.7585
41.6280,0.6413,2.7681
41.6282,0.5778,2.4938
41.6284,0.5455,2.3546
41.6286,0.5105,2.2025
41.6288,0.5086,2.1942
41.6290,0.5442,2.3456
41.6292,0.5878,2.5332
41.6294,0.5988,2.5867
41.6296,0.5236,2.262
41.6298,0.5635,2.4288
41.6300,0.5988,2.5831
41.6302,0.5213,2.2511
41.6304,0.4991,2.1523
41.6306,0.6081,2.6198
41.6308,0.6431,2.7745
41.6310,0.5374,2.3162
41.6312,0.559,2.4125
41.6314,0.4617,1.9956
41.6316,0.3994,1.727
41.6318,0.4032,1.7419
41.6320,0.4111,1.7745
41.6322,0.4548,1.9637
41.6324,0.4465,1.928
41.6326,0.4434,1.9154
41.6328,0.4451,1.9227
41.6330,0.4478,1.9346
41.6332,0.4458,1.924
41.6334,0.4432,1.9144
41.6336,0.4376,1.8906
41.6338,0.4428,1.9129
41.6340,0.4476,1.9309
41.6342,0.4839,2.0867
41.6344,0.5334,2.3002
41.6346,0.5451,2.3503
41.6348,0.6117,2.6353
41.6350,0.5894,2.5393
41.6352,0.555,2.3944
41.6354,0.5549,2.3916
41.6356,0.5662,2.4379
41.6358,0.5732,2.4707
41.6360,0.5705,2.4588
41.6362,0.5789,2.495
41.6364,0.6186,2.6623
41.6366,0.7067,3.036
41.6368,0.7759,3.3363
41.6370,0.7761,3.342
41.6372,0.6746,2.9006
41.6374,0.6302,2.7161
41.6376,0.5436,2.3441
41.6378,0.5525,2.3802
41.6380,0.5784,2.4917
41.6382,0.5333,2.2997
41.6384,0.5277,2.2764
41.6386,0.5644,2.4347
41.6388,0.5423,2.3384
41.6390,0.5376,2.3183
41.6392,0.5463,2.3555
41.6394,0.5447,2.3477
41.6396,0.5416,2.3332
41.6398,0.5381,2.3203
41.6400,0.5502,2.3715
41.6402,0.6154,2.6477
41.6404,0.6616,2.8476
41.6406,0.62,2.6697
41.6408,0.6765,2.9102
41.6410,0.6553,2.8163
41.6412,0.7115,3.058
41.6414,0.7353,3.1694
41.6416,0.6374,2.7446
41.6418,0.6826,2.9365
41.6420,0.6288,2.7074
41.6422,0.6454,2.7766
41.6424,0.7033,3.0201
41.6426,0.7575,3.2604
41.6428,0.7106,3.0572
41.6430,0.6041,2.5987
41.6432,0.6441,2.7709
41.6434,0.6629,2.8585
41.6436,0.5385,2.323
41.6438,0.4898,2.109
41.6440,0.5601,2.4127
41.6442,0.5798,2.4968
41.6444,0.6009,2.584
41.6446,0.6186,2.6623
41.6448,0.6635,2.8545
41.6450,0.7282,3.1311
41.6452,0.7133,3.0657
41.6454,0.7451,3.2023
41.6456,0.7005,3.019
41.6458,0.5533,2.3805
41.6460,0.6265,2.6964
41.6462,0.6296,2.711
41.6464,0.6308,2.7162
41.6466,0.6519,2.8006
41.6468,0.7104,3.0562
41.6470,0.7205,3.0966
41.6472,0.7909,3.3912
41.6474,0.8015,3.445
41.6476,0.7573,3.2609
41.6478,0.5808,2.5021
41.6480,0.5559,2.398
41.6482,0.5061,2.1833
41.6484,0.4861,2.0969
41.6486,0.4873,2.0992
41.6488,0.5508,2.3751
41.6490,0.4993,2.1528
41.6492,0.4906,2.1156
41.6494,0.4969,2.1435
41.6496,0.5087,2.1937
41.6498,0.5388,2.3202
41.6500,0.5959,2.566
41.6502,0.6285,2.7064
41.6504,0.5869,2.5261
41.6506,0.624,2.6805
41.6508,0.744,3.1932
41.6510,0.8437,3.6196
41.6512,0.8593,3.6882
41.6514,0.8317,3.5699
41.6516,0.8399,3.6049
41.6518,0.8562,3.6697
41.6520,0.8682,3.7298
41.6522,0.8001,3.4324
41.6524,0.9136,3.9122
41.6526,0.9707,4.1585
41.6528,0.9658,4.1413
41.6530,0.9584,4.1075
41.6532,0.9965,4.265
41.6534,0.982,4.2088
41.6536,0.9734,4.1757
41.6538,0.9469,4.0506
41.6540,0.9653,4.1393
41.6542,0.8536,3.6635
41.6544,0.8973,3.8496
41.6546,0.9654,4.1379
41.6548,0.9646,4.1381
41.6550,0.9457,4.0531
41.6552,0.9597,4.1151
41.6554,0.8985,3.8565
41.6556,0.8291,3.5619
41.6558,0.8194,3.5201
41.6560,0.89,3.82
41.6562,0.9036,3.8781
41.6564,0.8645,3.7104
41.6566,0.8635,3.7114
41.6568,0.7572,3.2543
41.6570,0.7662,3.2884
41.6572,0.8539,3.6685
41.6574,0.8297,3.5678
41.6576,0.7458,3.2039
41.6578,0.816,3.5106
41.6580,0.7833,3.3682
41.6582,0.7634,3.2826
41.6584,0.7223,3.1101
41.6586,0.6814,2.9327
41.6588,0.6838,2.9403
41.6590,0.681,2.9325
41.6592,0.669,2.8782
41.6594,0.7401,3.1871
41.6596,0.6773,2.9152
41.6598,0.6507,2.8032
41.6600,0.5983,2.5763
41.6602,0.6784,2.9212
41.6604,0.6472,2.7869
41.6606,0.6434,2.7717
41.6608,0.6389,2.7526
41.6610,0.6622,2.8554
41.6612,0.6318,2.7216
41.6614,0.6367,2.7402
41.6616,0.7021,3.0178
41.6618,0.7545,3.2445
41.6620,0.7611,3.2759
41.6622,0.7684,3.2997
41.6624,0.8168,3.5104
41.6626,0.7688,3.3089
41.6628,0.7388,3.174
41.6630,0.7657,3.2924
41.6632,0.7252,3.1225
41.6634,0.6881,2.9575
41.6636,0.7083,3.0469
41.6638,0.7229,3.1055
41.6640,0.8219,3.5326
41.6642,0.7788,3.3533
41.6644,0.6732,2.899
41.6646,0.6496,2.8012
41.6648,0.5713,2.4636
41.6650,0.5632,2.4261
41.6652,0.6111,2.6315
41.6654,0.6672,2.8718
41.6656,0.6903,2.975
41.6658,0.631,2.7172
41.6660,0.6628,2.8541
41.6662,0.6895,2.9733
41.6664,0.5773,2.4906
41.6666,0.5348,2.3048
41.6668,0.5352,2.3079
41.6670,0.5378,2.3188
41.6672,0.5947,2.5608
41.6674,0.6961,2.9934
41.6676,0.683,2.9435
41.6678,0.6352,2.7378
41.6680,0.6381,2.749
41.6682,0.6497,2.7939
41.6684,0.6865,2.9563
41.6686,0.6404,2.7588
41.6688,0.6551,2.8197
41.6690,0.7355,3.161
41.6692,0.7633,3.2821
41.6694,0.7145,3.0751
41.6696,0.7264,3.1233
41.6698,0.7139,3.074
41.6700,0.6434,2.7717
41.6702,0.6304,2.7147
41.6704,0.6981,3.0003
41.6706,0.7953,3.4182
41.6708,0.7995,3.4394
41.6710,0.7019,3.0224
41.6712,0.6416,2.7614
41.6714,0.618,2.661
41.6716,0.6158,2.6554
41.6718,0.6388,2.7534
41.6720,0.6585,2.8342
41.6722,0.7057,3.0347
41.6724,0.7029,3.0279
41.6726,0.6319,2.7246
41.6728,0.6198,2.6675
41.6730,0.6458,2.7833
41.6732,0.5531,2.3828
41.6734,0.5445,2.3477
41.6736,0.5411,2.3343
41.6738,0.5719,2.4639
41.6740,0.638,2.7459
41.6742,0.6186,2.6635
41.6744,0.6219,2.6768
41.6746,0.6698,2.8813
41.6748,0.6786,2.9208
41.6750,0.6666,2.8692
41.6752,0.6413,2.7642
41.6754,0.5858,2.5273
41.6756,0.5495,2.3695
41.6758,0.5466,2.3549
41.6760,0.5533,2.386
41.6762,0.5421,2.3374
41.6764,0.5382,2.3176
41.6766,0.5999,2.5818
41.6768,0.6688,2.8812
41.6770,0.6101,2.6281
41.6772,0.6284,2.7046
41.6774,0.6742,2.9031
41.6776,0.6569,2.8301
41.6778,0.5857,2.5209
41.6780,0.6297,2.7103
41.6782,0.7183,3.0888
41.6784,0.7401,3.1856
41.6786,0.7484,3.2197
41.6788,0.6988,3.0103
41.6790,0.6127,2.6382
41.6792,0.5984,2.5768
41.6794,0.6351,2.7348
41.6796,0.6084,2.6245
41.6798,0.5234,2.2567
41.6800,0.5351,2.3063
41.6802,0.5855,2.521
41.6804,0.6303,2.7091
41.6806,0.7465,3.2144
41.6808,0.5837,2.5168
41.6810,0.5302,2.2873
41.6812,0.5625,2.423
41.6814,0.5972,2.5693
41.6816,0.6519,2.8019
41.6818,0.7039,3.0283
41.6820,0.7246,3.1185
41.6822,0.7569,3.2518
41.6824,0.7453,3.2033
41.6826,0.7177,3.0891
41.6828,0.6838,2.9444
41.6830,0.6401,2.7526
41.6832,0.6743,2.9023
41.6834,0.6782,2.9174
41.6836,0.6894,2.9701
41.6838,0.6705,2.8817
41.6840,0.7411,3.1823
41.6842,0.7876,3.3884
41.6844,0.7292,3.1328
41.6846,0.8005,3.4372
41.6848,0.8286,3.5515
41.6850,0.8481,3.6415
41.6852,0.7909,3.4007
41.6854,0.8078,3.4669
41.6856,0.8855,3.7951
41.6858,0.9234,3.9556
41.6860,0.9912,4.2444
41.6862,0.9518,4.0793
41.6864,0.9401,4.0294
41.6866,0.9054,3.8877
41.6868,0.8632,3.7064
41.6870,0.8435,3.622
41.6872,0.8253,3.5404
41.6874,0.9086,3.8979
41.6876,0.9266,3.9751
41.6878,0.8766,3.7588
41.6880,0.9344,4.0048
41.6882,0.9784,4.1992
41.6884,0.9289,3.983
41.6886,0.8659,3.7235
41.6888,0.766,3.297
41.6890,0.7807,3.3553
41.6892,0.7419,3.1904
41.6894,0.7375,3.1728
41.6896,0.7487,3.2207
41.6898,0.7344,3.1564
41.6900,0.8362,3.5923
41.6902,0.8885,3.8186
41.6904,0.8341,3.5785
41.6906,0.8322,3.5719
41.6908,0.8924,3.8249
41.6910,0.9067,3.8969
41.6912,0.796,3.4245
41.6914,0.7626,3.2806
41.6916,0.7678,3.3033
41.6918,0.7544,3.2455
41.6920,0.766,3.2986
41.6922,0.7437,3.1981
41.6924,0.7439,3.1986
41.6926,0.7374,3.1708
41.6928,0.7388,3.1755
41.6930,0.743,3.1995
41.6932,0.7481,3.2256
41.6934,0.6596,2.8388
41.6936,0.6519,2.811
41.6938,0.5911,2.5512
41.6940,0.5762,2.4836
41.6942,0.6228,2.6791
41.6944,0.6612,2.8487
41.6946,0.6696,2.8835
41.6948,0.7235,3.1124
41.6950,0.6593,2.8457
41.6952,0.5158,2.2273
41.6954,0.4969,2.1435
41.6956,0.4955,2.1378
41.6958,0.5102,2.2009
41.6960,0.5277,2.2764
41.6962,0.5204,2.2428
41.6964,0.5183,2.235
41.6966,0.5712,2.4619
41.6968,0.5971,2.5759
41.6970,0.5484,2.3681
41.6972,0.5397,2.3249
41.6974,0.5648,2.4368
41.6976,0.4696,2.0289
41.6978,0.4432,1.9135
41.6980,0.449,1.938
41.6982,0.4487,1.9391
41.6984,0.4467,1.9308
41.6986,0.4476,1.9327
41.6988,0.4427,1.9106
41.6990,0.4532,1.9543
41.6992,0.4983,2.1487
41.6994,0.5674,2.4476
41.6996,0.4815,2.0782
41.6998,0.4473,1.9299
41.7000,0.4736,2.0441
41.7002,0.4698,2.0285
41.7004,0.4953,2.1348
41.7006,0.5692,2.452
41.7008,0.6214,2.6772
41.7010,0.6536,2.813
41.7012,0.6951,2.9874
41.7014,0.6839,2.9449
41.7016,0.667,2.8708
41.7018,0.7262,3.1243
41.7020,0.6827,2.9384
41.7022,0.6738,2.8989
41.7024,0.7002,3.0137
41.7026,0.7096,3.0455
41.7028,0.8443,3.6222
41.7030,0.8602,3.6935
41.7032,0.8545,3.6728
41.7034,0.8142,3.5012
41.7036,0.72,3.0946
41.7038,0.6881,2.963
41.7040,0.6535,2.8112
41.7042,0.6639,2.8574
41.7044,0.6154,2.6514
41.7046,0.6113,2.6345
41.7048,0.6159,2.6522
41.7050,0.628,2.7031
41.7052,0.6472,2.7895
41.7054,0.6286,2.7082
41.7056,0.6453,2.78
41.7058,0.626,2.6931
41.7060,0.6506,2.8027
41.7062,0.6421,2.7622
41.7064,0.7171,3.0851
41.7066,0.6445,2.7751
41.7068,0.6192,2.6711
41.7070,0.5056,2.1812
41.7072,0.458,1.9777
41.7074,0.4526,1.9553
41.7076,0.442,1.9066
41.7078,0.503,2.1648
41.7080,0.5888,2.5343
41.7082,0.6566,2.8233
41.7084,0.6965,2.9977
41.7086,0.6204,2.6713
41.7088,0.6035,2.6021
41.7090,0.5339,2.298
41.7092,0.6381,2.7439
41.7094,0.6682,2.8773
41.7096,0.5427,2.3389
41.7098,0.511,2.2035
41.7100,0.5152,2.2195
41.7102,0.5067,2.1879
41.7104,0.4176,1.8049
41.7106,0.4271,1.8433
41.7108,0.418,1.8048
41.7110,0.4526,1.9517
41.7112,0.5342,2.3001
41.7114,0.5702,2.4566
41.7116,0.5096,2.1973
41.7118,0.5015,2.1627
41.7120,0.5024,2.1653
41.7122,0.4886,2.1078
41.7124,0.4933,2.127
41.7126,0.5354,2.3095
41.7128,0.52,2.2402
41.7130,0.5228,2.2521
41.7132,0.4887,2.1064
41.7134,0.4786,2.0639
41.7136,0.4819,2.0798
41.7138,0.4844,2.0887
41.7140,0.4802,2.0706
41.7142,0.4807,2.0737
41.7144,0.4767,2.0547
41.7146,0.4782,2.0609
41.7148,0.4828,2.082
41.7150,0.4848,2.0922
41.7152,0.4821,2.0799
41.7154,0.4797,2.0686
41.7156,0.4796,2.069
41.7158,0.4794,2.067
41.7160,0.4996,2.1544
41.7162,0.4898,2.11
41.7164,0.4988,2.1488
41.7166,0.5319,2.2892
41.7168,0.5954,2.5627
41.7170,0.6065,2.6102
41.7172,0.6238,2.68
41.7174,0.7308,3.1366
41.7176,0.8044,3.4557
41.7178,0.7674,3.2935
41.7180,0.7791,3.3393
41.7182,0.8291,3.5552
41.7184,0.8094,3.4725
41.7186,0.7955,3.4224
41.7188,0.721,3.0958
41.7190,0.8129,3.4842
41.7192,0.9211,3.9459
41.7194,0.9277,3.976
41.7196,0.9578,4.1011
41.7198,1.0057,4.3065
41.7200,1.0189,4.363
41.7202,1.0118,4.3367
41.7204,0.9542,4.0857
41.7206,1.0042,4.3039
41.7208,1.0218,4.3692
41.7210,1.0996,4.6931
41.7212,1.2032,5.1449
41.7214,1.1602,4.9585
41.7216,1.1965,5.121
41.7218,1.1034,4.7227
41.7220,1.0618,4.5447
41.7222,1.0731,4.5972
41.7224,1.0305,4.4128
41.7226,1.0192,4.362
41.7228,1.0349,4.4333
41.7230,1.0247,4.3897
41.7232,0.9531,4.0849
41.7234,0.8707,3.7423
41.7236,0.8165,3.5078
41.7238,0.8298,3.5583
41.7240,0.9241,3.9624
41.7242,0.9135,3.919
41.7244,0.8205,3.5231
41.7246,0.7759,3.3332
41.7248,0.8073,3.4681
41.7250,0.8362,3.5906
41.7252,0.8773,3.7689
41.7254,0.8777,3.7652
41.7256,0.8913,3.8328
41.7258,0.7835,3.3661
41.7260,0.7603,3.2723
41.7262,0.7134,3.0748
41.7264,0.6654,2.8654
41.7266,0.7829,3.3682
41.7268,0.7893,3.3893
41.7270,0.9009,3.8686
41.7272,0.8015,3.4434
41.7274,0.8069,3.4698
41.7276,0.8212,3.5279
41.7278,0.8337,3.5831
41.7280,0.8359,3.5879
41.7282,0.8561,3.6812
41.7284,0.8093,3.4785
41.7286,0.8259,3.5529
41.7288,0.7322,3.1515
41.7290,0.6997,3.0089
41.7292,0.7132,3.0709
41.7294,0.7093,3.053
41.7296,0.7367,3.1677
41.7298,0.7493,3.2248
41.7300,0.7867,3.3795
41.7302,0.8705,3.7343
41.7304,0.9084,3.9005
41.7306,0.8473,3.6435
41.7308,0.8252,3.5465
41.7310,0.7502,3.2289
41.7312,0.663,2.8591
41.7314,0.6223,2.682
41.7316,0.6111,2.6328
41.7318,0.6084,2.6233
41.7320,0.6206,2.6736
41.7322,0.6192,2.6636
41.7324,0.6518,2.8092
41.7326,0.5621,2.4237
41.7328,0.5748,2.4797
41.7330,0.518,2.2345
41.7332,0.5316,2.2924
41.7334,0.5884,2.537
41.7336,0.6634,2.85
41.7338,0.7747,3.3311
41.7340,0.7599,3.2692
41.7342,0.719,3.0948
41.7344,0.7188,3.0923
41.7346,0.7199,3.0984
41.7348,0.7216,3.1042
41.7350,0.7186,3.0869
41.7352,0.7588,3.2615
41.7354,0.8418,3.6131
41.7356,0.8967,3.8434
41.7358,0.9732,4.1791
41.7360,0.8273,3.5558
41.7362,0.7671,3.3017
41.7364,0.7443,3.2066
41.7366,0.6942,2.9879
41.7368,0.6909,2.9721
41.7370,0.7283,3.1345
41.7372,0.7687,3.3053
41.7374,0.7949,3.4151
41.7376,0.7907,3.4018
41.7378,0.7176,3.0886
41.7380,0.7146,3.0785
41.7382,0.6975,3.0033
41.7384,0.6772,2.916
41.7386,0.6883,2.9626
41.7388,0.6959,2.9924
41.7390,0.6921,2.9759
41.7392,0.6946,2.995
41.7394,0.6472,2.7856
41.7396,0.755,3.2466
41.7398,0.7335,3.1601
41.7400,0.6785,2.9244
41.7402,0.625,2.6902
41.7404,0.6767,2.9139
41.7406,0.6274,2.703
41.7408,0.6806,2.9264
41.7410,0.8392,3.6018
41.7412,0.9538,4.0937
41.7414,0.8924,3.8285
41.7416,0.9346,4.0077
41.7418,0.9531,4.0964
41.7420,0.8088,3.4813
41.7422,0.7728,3.3213
41.7424,0.8371,3.6014
41.7426,0.794,3.4125
41.7428,0.8368,3.5915
41.7430,0.835,3.5938
41.7432,0.7997,3.4389
41.7434,0.8105,3.482
41.7436,0.9163,3.929
41.7438,0.973,4.1741
41.7440,0.9743,4.1876
41.7442,0.861,3.6989
41.7444,0.8236,3.5431
41.7446,0.8196,3.5228
41.7448,0.8153,3.5026
41.7450,0.7839,3.3739
41.7452,0.7435,3.2
41.7454,0.7441,3.2011
41.7456,0.7579,3.2589
41.7458,0.7538,3.2459
41.7460,0.6525,2.8123
41.7462,0.6013,2.5964
41.7464,0.5267,2.2733
41.7466,0.5216,2.25
41.7468,0.5216,2.2479
41.7470,0.6321,2.7206
41.7472,0.7037,3.0315
41.7474,0.6736,2.9086
41.7476,0.5237,2.2614
41.7478,0.489,2.1123
41.7480,0.483,2.0864
41.7482,0.4806,2.0731
41.7484,0.4779,2.0627
41.7486,0.484,2.0901
41.7488,0.4863,2.0989
41.7490,0.4857,2.0983
41.7492,0.4885,2.1102
41.7494,0.4825,2.0814
41.7496,0.5049,2.1771
41.7498,0.5635,2.4266
41.7500,0.676,2.9122
41.7502,0.6297,2.7103
41.7504,0.662,2.8478
41.7506,0.7446,3.2017
41.7508,0.7821,3.3662
41.7510,0.708,3.0473
41.7512,0.706,3.0371
41.7514,0.7506,3.2245
41.7516,0.8303,3.562
41.7518,0.8904,3.8233
41.7520,0.8368,3.5915
41.7522,0.8928,3.8282
41.7524,0.9827,4.2158
41.7526,0.9711,4.162
41.7528,0.9497,4.0686
41.7530,0.9931,4.2605
41.7532,0.9773,4.1887
41.7534,0.9687,4.1556
41.7536,0.9331,4.0028
41.7538,0.9259,3.9831
41.7540,0.8168,3.5121
41.7542,0.796,3.4213
41.7544,0.835,3.5838
41.7546,0.8705,3.7396
41.7548,0.8674,3.7244
41.7550,0.868,3.727
41.7552,0.8712,3.7461
41.7554,0.831,3.5784
41.7556,0.7641,3.2857
41.7558,0.7754,3.3358
41.7560,0.7487,3.2207
41.7562,0.7382,3.1758
41.7564,0.7096,3.054
41.7566,0.6501,2.7993
41.7568,0.6935,2.9862
41.7570,0.7268,3.1312
41.7572,0.6993,3.0124
41.7574,0.6862,2.9547
41.7576,0.7129,3.0613
41.7578,0.8047,3.4616
41.7580,0.7809,3.3626
41.7582,0.7105,3.0567
41.7584,0.7662,3.2976
41.7586,0.7443,3.2007
41.7588,0.724,3.1217
41.7590,0.6573,2.8303
41.7592,0.723,3.1118
41.7594,0.7419,3.1904
41.7596,0.7645,3.2888
41.7598,0.7523,3.2407
41.7600,0.6461,2.7849
41.7602,0.6454,2.7792
41.7604,0.6623,2.856
41.7606,0.6415,2.766
41.7608,0.6003,2.5839
41.7610,0.6417,2.767
41.7612,0.5934,2.5563
41.7614,0.6467,2.7836
41.7616,0.7053,3.0368
41.7618,0.7228,3.1108
41.7620,0.7837,3.3729
41.7622,0.7483,3.2192
41.7624,0.6917,2.9799
41.7626,0.7065,3.0434
41.7628,0.6935,2.9862
41.7630,0.6629,2.8519
41.7632,0.716,3.0847
41.7634,0.6085,2.6238
41.7636,0.6484,2.7908
41.7638,0.7073,3.0484
41.7640,0.6259,2.6975
41.7642,0.6274,2.703
41.7644,0.708,3.0445
41.7646,0.802,3.4535
41.7648,0.6824,2.9368
41.7650,0.7036,3.0268
41.7652,0.6876,2.9609
41.7654,0.7029,3.0251
41.7656,0.7419,3.1904
41.7658,0.7578,3.2569
41.7660,0.7744,3.3347
41.7662,0.7008,3.0177
41.7664,0.6315,2.7281
41.7666,0.5077,2.1911
41.7668,0.5961,2.5646
41.7670,0.7537,3.2379
41.7672,0.7744,3.3347
41.7674,0.7262,3.1272
41.7676,0.7073,3.0456
41.7678,0.6024,2.5963
41.7680,0.5592,2.4136
41.7682,0.5535,2.3865
41.7684,0.5561,2.3979
41.7686,0.559,2.4125
41.7688,0.5589,2.4098
41.7690,0.5696,2.454
41.7692,0.6226,2.6786
41.7694,0.6816,2.9351
41.7696,0.6865,2.9535
41.7698,0.719,3.0948
41.7700,0.6363,2.745
41.7702,0.5461,2.3583
41.7704,0.5816,2.5057
41.7706,0.6255,2.6922
41.7708,0.629,2.7122
41.7710,0.5494,2.37
41.7712,0.5374,2.3162
41.7714,0.541,2.3327
41.7716,0.546,2.3556
41.7718,0.5458,2.3534
41.7720,0.5435,2.3447
41.7722,0.5385,2.323
41.7724,0.54,2.3308
41.7726,0.5439,2.3452
41.7728,0.5452,2.3498
41.7730,0.5294,2.2837
41.7732,0.5246,2.263
41.7734,0.5145,2.2195
41.7736,0.5128,2.2102
41.7738,0.58,2.5008
41.7740,0.5327,2.2971
41.7742,0.5415,2.3348
41.7744,0.578,2.4879
41.7746,0.6663,2.8677
41.7748,0.6126,2.639
41.7750,0.565,2.4362
41.7752,0.5597,2.4168
41.7754,0.4934,2.1295
41.7756,0.4722,2.0369
41.7758,0.4755,2.0533
41.7760,0.4615,1.9937
41.7762,0.449,1.9362
41.7764,0.503,2.1689
41.7766,0.5337,2.3023
41.7768,0.5057,2.1818
41.7770,0.5071,2.1854
41.7772,0.5425,2.3395
41.7774,0.5943,2.5593
41.7776,0.6285,2.7077
41.7778,0.5933,2.5534
41.7780,0.594,2.5565
41.7782,0.6603,2.8459
41.7784,0.606,2.6093
41.7786,0.6339,2.7296
41.7788,0.6753,2.9064
41.7790,0.7352,3.16
41.7792,0.7174,3.0861
41.7794,0.7237,3.112
41.7796,0.7027,3.0204
41.7798,0.727,3.123
41.7800,0.7218,3.1052
41.7802,0.6965,2.9963
41.7804,0.7174,3.0832
41.7806,0.7663,3.2935
41.7808,0.7291,3.1308
41.7810,0.7759,3.3347
41.7812,0.7859,3.378
41.7814,0.7821,3.3568
41.7816,0.8189,3.5148
41.7818,0.8208,3.528
41.7820,0.7985,3.4305
41.7822,0.825,3.541
41.7824,0.8253,3.5421
41.7826,0.8086,3.4722
41.7828,0.799,3.4342
41.7830,0.7626,3.2745
41.7832,0.8169,3.5061
41.7834,0.8332,3.5794
41.7836,0.8362,3.5923
41.7838,0.8614,3.697
41.7840,0.891,3.817
41.7842,0.9749,4.1707
41.7844,1.0098,4.328
41.7846,0.9875,4.2304
41.7848,1.0038,4.3023
41.7850,0.9861,4.2243
41.7852,1.0004,4.2919
41.7854,0.8993,3.8578
41.7856,0.9383,4.0198
41.7858,1.01,4.3371
41.7860,0.9193,3.9437
41.7862,0.9376,4.0186
41.7864,0.952,4.0822
41.7866,0.9046,3.8918
41.7868,0.8248,3.5367
41.7870,0.9867,4.2249
41.7872,1.0747,4.5996
41.7874,1.0761,4.6165
41.7876,0.9368,4.0225
41.7878,0.913,3.9206
41.7880,0.9116,3.9181
41.7882,0.899,3.8604
41.7884,0.9108,3.9126
41.7886,0.8635,3.7114
41.7888,0.8465,3.6332
41.7890,0.913,3.9169
41.7892,0.9005,3.8665
41.7894,0.8982,3.8586
41.7896,0.8506,3.6524
41.7898,0.9115,3.9121
41.7900,0.9753,4.1781
41.7902,1.0177,4.3599
41.7904,1.0757,4.6085
41.7906,1.1001,4.7106
41.7908,1.0865,4.6569
41.7910,0.999,4.2897
41.7912,0.953,4.092
41.7914,0.9434,4.0471
41.7916,0.9742,4.1793
41.7918,0.9952,4.2673
41.7920,1.0389,4.4529
41.7922,1.0719,4.5921
41.7924,1.1345,4.8602
41.7926,1.076,4.6117
41.7928,1.072,4.5969
41.7930,1.0656,4.5627
41.7932,1.0307,4.4298
41.7934,0.8642,3.7111
41.7936,0.9406,4.0277
41.7938,1.0683,4.5809
41.7940,1.0358,4.4457
41.7942,1.0218,4.3855
41.7944,0.9582,4.1185
41.7946,0.8766,3.7711
41.7948,0.8482,3.6421
41.7950,0.8981,3.8598
41.7952,0.8604,3.6963
41.7954,0.872,3.7498
41.7956,0.8683,3.7355
41.7958,0.8047,3.4664
41.7960,0.7921,3.409
41.7962,0.8157,3.5091
41.7964,0.781,3.36
41.7966,0.7803,3.36
41.7968,0.7629,3.2806
41.7970,0.8322,3.5802
41.7972,0.8054,3.4711
41.7974,0.7247,3.1219
41.7976,0.7556,3.2537
41.7978,0.7045,3.0351
41.7980,0.7019,3.021
41.7982,0.7192,3.0967
41.7984,0.7338,3.1685
41.7986,0.656,2.8259
41.7988,0.7472,3.216
41.7990,0.7647,3.2929
41.7992,0.7386,3.1833
41.7994,0.6843,2.9519
41.7996,0.6207,2.6728
41.7998,0.676,2.9108
41.8000,0.6973,3.0041
41.8002,0.724,3.1159
41.8004,0.7786,3.3497
41.8006,0.7802,3.3548
41.8008,0.8567,3.682
41.8010,0.9032,3.8838
41.8012,0.856,3.679
41.8014,0.8791,3.7837
41.8016,0.8117,3.4904
41.8018,0.793,3.4132
41.8020,0.7428,3.1984
41.8022,0.7284,3.1379
41.8024,0.7694,3.31
41.8026,0.8115,3.491
41.8028,0.8213,3.5382
41.8030,0.7692,3.3089
41.8032,0.8141,3.4975
41.8034,0.8365,3.5971
41.8036,0.8881,3.8171
41.8038,0.8954,3.8503
41.8040,0.8063,3.4721
41.8042,0.7856,3.3827
41.8044,0.7988,3.4331
41.8046,0.7808,3.359
41.8048,0.7205,3.1067
41.8050,0.7316,3.1489
41.8052,0.791,3.4044
41.8054,0.7707,3.3187
41.8056,0.7898,3.3977
41.8058,0.7901,3.3992
41.8060,0.7314,3.1523
41.8062,0.644,2.7782
41.8064,0.6355,2.7389
41.8066,0.6343,2.7337
41.8068,0.6957,2.9886
41.8070,0.928,3.9868
41.8072,0.8094,3.4936
41.8074,0.5861,2.5307
41.8076,0.6072,2.6169
41.8078,0.6858,2.9546
41.8080,0.6867,2.9582
41.8082,0.6621,2.8549
41.8084,0.6176,2.6668
41.8086,0.5712,2.4653
41.8088,0.5677,2.4492
41.8090,0.6019,2.5978
41.8092,0.5801,2.5036
41.8094,0.5647,2.4362
41.8096,0.5675,2.4481
41.8098,0.5683,2.454
41.8100,0.5674,2.4499
41.8102,0.6133,2.6384
41.8104,0.7863,3.3858
41.8106,0.7508,3.236
41.8108,0.6994,3.0101
41.8110,0.6973,3.0055
41.8112,0.6494,2.7988
41.8114,0.6437,2.7733
41.8116,0.6465,2.7877
41.8118,0.6464,2.7885
41.8120,0.6559,2.8267
41.8122,0.6555,2.8239
41.8124,0.65,2.8014
41.8126,0.6512,2.8066
41.8128,0.6521,2.812
41.8130,0.6539,2.8185
41.8132,0.6537,2.8174
41.8134,0.6506,2.8027
41.8136,0.709,3.05
41.8138,0.7933,3.411
41.8140,0.7706,3.3136
41.8142,0.7333,3.1562
41.8144,0.6778,2.9254
41.8146,0.587,2.5348
41.8148,0.5837,2.518
41.8150,0.5782,2.4907
41.8152,0.6253,2.6975
41.8154,0.5776,2.4916
41.8156,0.5746,2.4775
41.8158,0.5861,2.5283
41.8160,0.5791,2.4983
41.8162,0.5782,2.4919
41.8164,0.6226,2.6811
41.8166,0.6875,2.9563
41.8168,0.8609,3.6966
41.8170,0.9371,4.0241
41.8172,0.861,3.7006
41.8174,0.8443,3.6273
41.8176,0.8556,3.6774
41.8178,0.8592,3.6929
41.8180,0.8309,3.5746
41.8182,0.7672,3.2976
41.8184,0.8103,3.4826
41.8186,0.8728,3.7459
41.8188,0.9256,3.971
41.8190,0.9358,4.0109
41.8192,0.9867,4.2308
41.8194,0.9646,4.1343
41.8196,0.9786,4.2003
41.8198,0.9924,4.2594
41.8200,0.9755,4.1869
41.8202,1.0061,4.3101
41.8204,1.0484,4.4956
41.8206,1.0199,4.3793
41.8208,0.9605,4.1168
41.8210,1.053,4.5109
41.8212,1.094,4.6866
41.8214,1.1544,4.9385
41.8216,1.2171,5.2019
41.8218,1.2052,5.1681
41.8220,1.0615,4.5537
41.8222,1.019,4.3717
41.8224,1.0268,4.401
41.8226,1.0377,4.4477
41.8228,1.1042,4.7324
41.8230,1.1036,4.7277
41.8232,1.0403,4.4669
41.8234,0.9719,4.1695
41.8236,1.0528,4.5125
41.8238,1.0982,4.7067
41.8240,1.0936,4.6894
41.8242,1.0482,4.4945
41.8244,1.0701,4.5886
41.8246,1.0406,4.4746
41.8248,0.8573,3.6863
41.8250,0.8388,3.612
41.8252,0.7907,3.4049
41.8254,0.7867,3.3827
41.8256,0.8562,3.6817
41.8258,0.8579,3.6958
41.8260,0.7753,3.3399
41.8262,0.7182,3.094
41.8264,0.7225,3.1112
41.8266,0.7259,3.1256
41.8268,0.7399,3.186
41.8270,0.7828,3.3677
41.8272,0.8403,3.6148
41.8274,0.837,3.6059
41.8276,0.7907,3.4034
41.8278,0.8499,3.6527
41.8280,0.85,3.6498
41.8282,0.9226,3.9618
41.8284,0.9674,4.1558
41.8286,0.9105,3.9189
41.8288,0.8121,3.4952
41.8290,0.77,3.3156
41.8292,0.741,3.1922
41.8294,0.7017,3.0284
41.8296,0.6581,2.8392
41.8298,0.6174,2.6633
41.8300,0.594,2.5648
41.8302,0.5981,2.5824
41.8304,0.6196,2.6731
41.8306,0.6258,2.6983
41.8308,0.6415,2.7686
41.8310,0.655,2.8218
41.8312,0.7147,3.079
41.8314,0.7017,3.0255
41.8316,0.6647,2.8663
41.8318,0.6833,2.9451
41.8320,0.6632,2.8596
41.8322,0.6283,2.7129
41.8324,0.6172,2.664
41.8326,0.6354,2.7409
41.8328,0.6423,2.7671
41.8330,0.7001,3.0174
41.8332,0.6711,2.8924
41.8334,0.658,2.8374
41.8336,0.6917,2.9826
41.8338,0.6711,2.8924
41.8340,0.6758,2.9125
41.8342,0.6575,2.8327
41.8344,0.683,2.9449
41.8346,0.7023,3.0267
41.8348,0.6664,2.8735
41.8350,0.5985,2.5809
41.8352,0.5999,2.5854
41.8354,0.6407,2.7629
41.8356,0.7078,3.0434
41.8358,0.8024,3.4566
41.8360,0.6922,2.9875
41.8362,0.5542,2.3941
41.8364,0.5162,2.2299
41.8366,0.5214,2.2495
41.8368,0.587,2.5301
41.8370,0.6518,2.8131
41.8372,0.5906,2.5503
41.8374,0.5633,2.4289
41.8376,0.5688,2.4538
41.8378,0.5658,2.4443
41.8380,0.5607,2.4198
41.8382,0.5585,2.4094
41.8384,0.5543,2.3901
41.8386,0.5603,2.4171
41.8388,0.5767,2.4891
41.8390,0.5796,2.4992
41.8392,0.5768,2.4862
41.8394,0.5473,2.3623
41.8396,0.5386,2.3235
41.8398,0.5572,2.4037
41.8400,0.4946,2.1366
41.8402,0.4698,2.0313
41.8404,0.4614,1.9941
41.8406,0.4667,2.015
41.8408,0.4923,2.1238
41.8410,0.5427,2.34
41.8412,0.6253,2.6912
41.8414,0.7443,3.1992
41.8416,0.7665,3.2976
41.8418,0.7471,3.2155
41.8420,0.7036,3.0324
41.8422,0.6471,2.7916
41.8424,0.6147,2.6483
41.8426,0.6392,2.7549
41.8428,0.6123,2.6404
41.8430,0.6241,2.686
41.8432,0.7006,3.0153
41.8434,0.7035,3.0277
41.8436,0.7188,3.0937
41.8438,0.7249,3.12
41.8440,0.7481,3.2196
41.8442,0.7675,3.3017
41.8444,0.6905,2.9733
41.8446,0.6373,2.7479
41.8448,0.6038,2.6012
41.8450,0.6178,2.6629
41.8452,0.6001,2.5852
41.8454,0.6381,2.749
41.8456,0.6693,2.8819
41.8458,0.6652,2.8697
41.8460,0.5123,2.2133
41.8462,0.4628,1.9984
41.8464,0.4574,1.9751
41.8466,0.4613,1.9917
41.8468,0.4626,1.9983
41.8470,0.4563,1.9714
41.8472,0.4495,1.9428
41.8474,0.4455,1.9248
41.8476,0.4369,1.8866
41.8478,0.4839,2.0886
41.8480,0.4957,2.1383
41.8482,0.5368,2.3136
41.8484,0.5478,2.3622
41.8486,0.5,2.1559
41.8488,0.5156,2.2252
41.8490,0.5097,2.2009
41.8492,0.5123,2.2082
41.8494,0.5764,2.4841
41.8496,0.5238,2.2588
41.8498,0.5965,2.5697
41.8500,0.6212,2.6749
41.8502,0.6686,2.8748
41.8504,0.7351,3.161
41.8506,0.7105,3.0567
41.8508,0.7638,3.2827
41.8510,0.7682,3.3048
41.8512,0.7363,3.1632
41.8514,0.7762,3.3378
41.8516,0.7873,3.3821
41.8518,0.8392,3.6018
41.8520,0.8013,3.4424
41.8522,0.7826,3.3573
41.8524,0.9188,3.938
41.8526,0.9543,4.092
41.8528,0.9621,4.1273
41.8530,0.9382,4.0231
41.8532,0.9061,3.8853
41.8534,0.887,3.8071
41.8536,0.9021,3.8737
41.8538,0.9316,3.9911
41.8540,0.9964,4.2705
41.8542,1.0598,4.5338
41.8544,1.0949,4.6819
41.8546,1.0864,4.6477
41.8548,1.06,4.5391
41.8550,1.0658,4.5637
41.8552,1.0281,4.4066
41.8554,1.0575,4.5283
41.8556,1.0707,4.5912
41.8558,0.9442,4.0507
41.8560,0.9467,4.0653
41.8562,0.8965,3.8585
41.8564,0.7893,3.3924
41.8566,0.7861,3.3879
41.8568,0.6659,2.8675
41.8570,0.7829,3.3714
41.8572,0.7466,3.212
41.8574,0.7449,3.2032
41.8576,0.7889,3.394
41.8578,0.7421,3.1938
41.8580,0.7676,3.3007
41.8582,0.775,3.3311
41.8584,0.8429,3.6194
41.8586,0.9538,4.0995
41.8588,0.8282,3.5644
41.8590,0.6917,2.9757
41.8592,0.7232,3.1114
41.8594,0.7556,3.2506
41.8596,0.7676,3.3038
41.8598,0.7469,3.2115
41.8600,0.7795,3.3564
41.8602,0.7352,3.1644
41.8604,0.7897,3.3924
41.8606,0.8568,3.6826
41.8608,0.8682,3.728
41.8610,0.8609,3.6984
41.8612,0.8635,3.7149
41.8614,0.8183,3.5204
41.8616,0.8447,3.6271
41.8618,0.899,3.8586
41.8620,0.9198,3.9494
41.8622,0.927,3.9785
41.8624,0.9423,4.0425
41.8626,0.9395,4.0306
41.8628,0.9202,3.957
41.8630,0.8141,3.5056
41.8632,0.7851,3.3807
41.8634,0.7785,3.3445
41.8636,0.8472,3.6413
41.8638,0.8484,3.6465
41.8640,0.8521,3.6642
41.8642,0.8604,3.6997
41.8644,0.8345,3.5917
41.8646,0.8096,3.4844
41.8648,0.7425,3.1959
41.8650,0.7423,3.1964
41.8652,0.7776,3.3435
41.8654,0.8401,3.6109
41.8656,0.8368,3.5948
41.8658,0.8387,3.5997
41.8660,0.887,3.8124
41.8662,0.8295,3.5734
41.8664,0.7512,3.2301
41.8666,0.8248,3.545
41.8668,0.82,3.5162
41.8670,1.0123,4.3368
41.8672,1.0353,4.4416
41.8674,0.953,4.1016
41.8676,0.778,3.3533
41.8678,0.7548,3.2485
41.8680,0.7629,3.2806
41.8682,0.8165,3.5094
41.8684,0.8657,3.7224
41.8686,0.8628,3.7066
41.8688,0.8234,3.5421
41.8690,0.7443,3.2051
41.8692,0.7272,3.1328
41.8694,0.7213,3.106
41.8696,0.7237,3.1149
41.8698,0.722,3.1091
41.8700,0.7242,3.1155
41.8702,0.805,3.4567
41.8704,0.8567,3.6889
41.8706,0.7559,3.2502
41.8708,0.7764,3.343
41.8710,0.725,3.1235
41.8712,0.7169,3.0883
41.8714,0.7164,3.0863
41.8716,0.7139,3.074
41.8718,0.7105,3.0581
41.8720,0.7204,3.1004
41.8722,0.7244,3.1165
41.8724,0.7644,3.2929
41.8726,0.6795,2.9285
41.8728,0.7208,3.1054
41.8730,0.6803,2.9322
41.8732,0.6123,2.644
41.8734,0.5778,2.4869
41.8736,0.7158,3.0808
41.8738,0.6946,2.9937
41.8740,0.6575,2.834
41.8742,0.6513,2.8071
41.8744,0.6894,2.9701
41.8746,0.7494,3.2238
41.8748,0.7682,3.3094
41.8750,0.7368,3.1726
41.8752,0.7183,3.096
41.8754,0.6177,2.6624
41.8756,0.613,2.6471
41.8758,0.5595,2.4157
41.8760,0.5627,2.4263
41.8762,0.5791,2.5006
41.8764,0.577,2.4879
41.8766,0.6111,2.6352
41.8768,0.6021,2.594
41.8770,0.6844,2.9456
41.8772,0.7264,3.1233
41.8774,0.7355,3.164
41.8776,0.7771,3.3414
41.8778,0.7696,3.3141
41.8780,0.7256,3.1217
41.8782,0.7682,3.3063
41.8784,0.7397,3.185
41.8786,0.7204,3.099
41.8788,0.6809,2.9347
41.8790,0.6126,2.6426
41.8792,0.6053,2.6111
41.8794,0.6147,2.6483
41.8796,0.6314,2.7251
41.8798,0.5158,2.2283
41.8800,0.4891,2.1099
41.8802,0.5755,2.477
41.8804,0.629,2.716
41.8806,0.5219,2.2547
41.8808,0.5754,2.4811
41.8810,0.5833,2.5153
41.8812,0.6065,2.6163
41.8814,0.6039,2.603
41.8816,0.62,2.6685
41.8818,0.6822,2.9363
41.8820,0.6283,2.7104
41.8822,0.6127,2.6419
41.8824,0.6354,2.7371
41.8826,0.65,2.8014
41.8828,0.6129,2.6393
41.8830,0.675,2.9054
41.8832,0.7242,3.1169
41.8834,0.7497,3.2209
41.8836,0.8098,3.4789
41.8838,0.8305,3.573
41.8840,0.7881,3.3936
41.8842,0.7542,3.2429
41.8844,0.7752,3.3316
41.8846,0.781,3.3616
41.8848,0.7921,3.4011
41.8850,0.9332,3.9959
41.8852,1.0364,4.4421
41.8854,0.9724,4.1793
41.8856,0.9045,3.8804
41.8858,0.921,3.9638
41.8860,0.8115,3.4845
41.8862,0.8772,3.7614
41.8864,0.9675,4.1485
41.8866,1.0231,4.383
41.8868,1.0579,4.5256
41.8870,1.1233,4.8079
41.8872,1.1534,4.9344
41.8874,1.1236,4.8202
41.8876,0.9669,4.1498
41.8878,0.9445,4.0555
41.8880,0.928,3.9831
41.8882,0.9532,4.0912
41.8884,1.0093,4.33
41.8886,0.9985,4.2857
41.8888,1.035,4.4401
41.8890,1.0284,4.4097
41.8892,0.9358,4.0259
41.8894,0.8397,3.6072
41.8896,0.8853,3.8017
41.8898,0.8636,3.7119
41.8900,0.8386,3.6093
41.8902,0.7767,3.3476
41.8904,0.7225,3.1112
41.8906,0.7053,3.0411
41.8908,0.6561,2.8278
41.8910,0.6705,2.8884
41.8912,0.6762,2.9132
41.8914,0.6748,2.9084
41.8916,0.6765,2.917
41.8918,0.6324,2.7267
41.8920,0.6229,2.6859
41.8922,0.6282,2.7099
41.8924,0.618,2.6647
41.8926,0.6451,2.7776
41.8928,0.6761,2.9154
41.8930,0.5707,2.4644
41.8932,0.5884,2.537
41.8934,0.6208,2.6746
41.8936,0.7044,3.0318
41.8938,0.6836,2.9461
41.8940,0.6354,2.7409
41.8942,0.5909,2.5466
41.8944,0.6184,2.6655
41.8946,0.6738,2.9029
41.8948,0.6599,2.8483
41.8950,0.5472,2.364
41.8952,0.4939,2.1335
41.8954,0.5419,2.3369
41.8956,0.6181,2.6664
41.8958,0.6038,2.6037
41.8960,0.6031,2.5994
41.8962,0.6214,2.6809
41.8964,0.5497,2.3716
41.8966,0.5387,2.3262
41.8968,0.538,2.3209
41.8970,0.5665,2.4451
41.8972,0.4955,2.1398
41.8974,0.4897,2.1134
41.8976,0.5556,2.3947
41.8978,0.5803,2.5012
41.8980,0.5855,2.5246
41.8982,0.5358,2.3159
41.8984,0.482,2.0803
41.8986,0.4941,2.1326
41.8988,0.525,2.265
41.8990,0.528,2.2811
41.8992,0.4386,1.8939
41.8994,0.4194,1.8102
41.8996,0.4712,2.0309
41.8998,0.5278,2.278
41.9000,0.5234,2.2547
41.9002,0.6111,2.6328
41.9004,0.6225,2.6831
41.9006,0.5714,2.4652
41.9008,0.5919,2.5513
41.9010,0.6294,2.71
41.9012,0.6443,2.7733
41.9014,0.6729,2.8961
41.9016,0.7383,3.1734
41.9018,0.782,3.3626
41.9020,0.7758,3.3326
41.9022,0.787,3.3874
41.9024,0.7478,3.2141
41.9026,0.7373,3.1688
41.9028,0.7771,3.3383
41.9030,0.7563,3.2522
41.9032,0.7114,3.0632
41.9034,0.6989,3.0095
41.9036,0.6731,2.8958
41.9038,0.7035,3.0249
41.9040,0.7292,3.1357
41.9042,0.7533,3.2348
41.9044,0.8512,3.66
41.9046,0.7947,3.4156
41.9048,0.8038,3.4564
41.9050,0.7147,3.079
41.9052,0.6983,3.0111
41.9054,0.6133,2.6433
41.9056,0.5969,2.5761
41.9058,0.5001,2.1604
41.9060,0.4748,2.0502
41.9062,0.4687,2.021
41.9064,0.5298,2.2868
41.9066,0.5044,2.1781
41.9068,0.5114,2.203
41.9070,0.5539,2.3919
41.9072,0.4812,2.0786
41.9074,0.4629,1.998
41.9076,0.4681,2.0193
41.9078,0.512,2.2046
41.9080,0.5626,2.4236
41.9082,0.6017,2.5944
41.9084,0.5937,2.5602
41.9086,0.5676,2.4475
41.9088,0.5629,2.4296
41.9090,0.5193,2.2402
41.9092,0.5517,2.3788
41.9094,0.4855,2.0953
41.9096,0.4792,2.0674
41.9098,0.482,2.0793
41.9100,0.475,2.0493
41.9102,0.5561,2.3957
41.9104,0.6043,2.6045
41.9106,0.5608,2.4169
41.9108,0.5557,2.3975
41.9110,0.526,2.2671
41.9112,0.5701,2.4527
41.9114,0.6579,2.8316
41.9116,0.629,2.711
41.9118,0.5923,2.5505
41.9120,0.6255,2.6947
41.9122,0.5866,2.5257
41.9124,0.6277,2.7028
41.9126,0.659,2.8336
41.9128,0.6429,2.7671
41.9130,0.6503,2.7965
41.9132,0.6448,2.7779
41.9134,0.5798,2.4979
41.9136,0.6225,2.6818
41.9138,0.6629,2.8559
41.9140,0.6273,2.7
41.9142,0.5917,2.5526
41.9144,0.5091,2.1962
41.9146,0.4972,2.144
41.9148,0.494,2.1291
41.9150,0.4935,2.128
41.9152,0.4906,2.1176
41.9154,0.4891,2.1099
41.9156,0.4923,2.1219
41.9158,0.4923,2.1238
41.9160,0.4848,2.0932
41.9162,0.5032,2.1669
41.9164,0.59,2.5383
41.9166,0.6411,2.758
41.9168,0.6693,2.8793
41.9170,0.6562,2.8283
41.9172,0.5816,2.5045
41.9174,0.578,2.489
41.9176,0.6454,2.7766
41.9178,0.714,3.0688
41.9180,0.7523,3.2317
41.9182,0.7846,3.3676
41.9184,0.827,3.5443
41.9186,0.8515,3.6582
41.9188,0.8087,3.4775
41.9190,0.7686,3.3048
41.9192,0.7618,3.2683
41.9194,0.9045,3.875
41.9196,0.9514,4.0796
41.9198,0.9109,3.904
41.9200,0.9058,3.8861
41.9202,0.9084,3.8951
41.9204,0.9175,3.9341
41.9206,0.9171,3.9326
41.9208,0.9283,3.9841
41.9210,0.8909,3.82
41.9212,0.8941,3.8321
41.9214,0.905,3.8789
41.9216,0.9168,3.9311
41.9218,0.9252,3.9707
41.9220,0.9277,3.9797
41.9222,0.9401,4.0332
41.9224,0.9022,3.867
41.9226,0.906,3.8866
41.9228,0.8867,3.8002
41.9230,0.8606,3.6973
41.9232,0.8454,3.6302
41.9234,0.891,3.8241
41.9236,0.8707,3.7389
41.9238,0.8379,3.5978
41.9240,0.8656,3.7133
41.9242,0.8798,3.778
41.9244,0.8436,3.6259
41.9246,0.788,3.3852
41.9248,0.8588,3.6913
41.9250,0.8525,3.6606
41.9252,0.8616,3.7066
41.9254,0.7055,3.0364
41.9256,0.7145,3.0737
41.9258,0.7068,3.0435
41.9260,0.6791,2.9256
41.9262,0.6566,2.8246
41.9264,0.7273,3.1275
41.9266,0.7111,3.0607
41.9268,0.7464,3.2109
41.9270,0.7449,3.2018
41.9272,0.7403,3.1831
41.9274,0.7321,3.1554
41.9276,0.6032,2.5987
41.9278,0.5867,2.5274
41.9280,0.6723,2.8935
41.9282,0.7355,3.1655
41.9284,0.6959,2.9979
41.9286,0.6604,2.8477
41.9288,0.6433,2.7686
41.9290,0.6493,2.7931
41.9292,0.6338,2.7291
41.9294,0.6045,2.6068
41.9296,0.5898,2.5432
41.9298,0.6326,2.7265
41.9300,0.5963,2.5699
41.9302,0.5759,2.482
41.9304,0.6192,2.6674
41.9306,0.6834,2.9429
41.9308,0.6208,2.6734
41.9310,0.5702,2.4566
41.9312,0.6114,2.635
41.9314,0.6041,2.6023
41.9316,0.6401,2.7565
41.9318,0.5989,2.5837
41.9320,0.5597,2.4134
41.9322,0.5659,2.4392
41.9324,0.5728,2.4675
41.9326,0.5729,2.4726
41.9328,0.5258,2.2681
41.9330,0.5825,2.5081
41.9332,0.616,2.6552
41.9334,0.6451,2.7699
41.9336,0.8008,3.4419
41.9338,0.7308,3.1483
41.9340,0.6482,2.7898
41.9342,0.6451,2.7764
41.9344,0.6463,2.7828
41.9346,0.6672,2.8718
41.9348,0.7306,3.1399
41.9350,0.7826,3.362
41.9352,0.777,3.3425
41.9354,0.7335,3.1543
41.9356,0.6832,2.9418
41.9358,0.6385,2.7492
41.9360,0.6194,2.6659
41.9362,0.6206,2.6736
41.9364,0.62,2.6735
41.9366,0.6212,2.6737
41.9368,0.6935,2.9779
41.9370,0.7901,3.3976
41.9372,0.7483,3.2237
41.9374,0.6363,2.7387
41.9376,0.6162,2.652
41.9378,0.6117,2.6366
41.9380,0.6111,2.634
41.9382,0.6103,2.6291
41.9384,0.6098,2.6259
41.9386,0.6139,2.6446
41.9388,0.6095,2.6267
41.9390,0.6357,2.7361
41.9392,0.6483,2.7968
41.9394,0.5547,2.3917
41.9396,0.5662,2.4413
41.9398,0.5563,2.3978
41.9400,0.6349,2.7312
41.9402,0.7326,3.1545
41.9404,0.621,2.6751
41.9406,0.562,2.4232
41.9408,0.5924,2.5534
41.9410,0.6403,2.7532
41.9412,0.7387,3.175
41.9414,0.7717,3.3167
41.9416,0.8072,3.4676
41.9418,0.7831,3.3656
41.9420,0.7512,3.2286
41.9422,0.778,3.3424
41.9424,0.7782,3.3476
41.9426,0.6958,2.9933
41.9428,0.7066,3.0411
41.9430,0.6973,3.0027
41.9432,0.6656,2.8606
41.9434,0.7919,3.3974
41.9436,0.8928,3.8336
41.9438,0.884,3.7907
41.9440,0.8841,3.7948
41.9442,0.8966,3.8501
41.9444,0.9064,3.8905
41.9446,0.8802,3.7813
41.9448,0.7183,3.096
41.9450,0.6282,2.7048
41.9452,0.6493,2.7983
41.9454,0.6253,2.6937
41.9456,0.6354,2.7358
41.9458,0.6397,2.7544
41.9460,0.6458,2.7833
41.9462,0.6083,2.6216
41.9464,0.5972,2.5728
41.9466,0.5987,2.579
41.9468,0.6635,2.8518
41.9470,0.7469,3.216
41.9472,0.6604,2.8464
41.9474,0.5729,2.4726
41.9476,0.4957,2.1403
41.9478,0.4842,2.0906
41.9480,0.4845,2.0912
41.9482,0.4822,2.0804
41.9484,0.4821,2.0779
41.9486,0.4866,2.099
41.9488,0.4851,2.0918
41.9490,0.485,2.0923
41.9492,0.4886,2.1107
41.9494,0.5036,2.1714
41.9496,0.5919,2.5513
41.9498,0.5993,2.578
41.9500,0.628,2.7043
41.9502,0.6784,2.9157
41.9504,0.743,3.192
41.9506,0.7309,3.1429
41.9508,0.6975,3.0019
41.9510,0.7109,3.0611
41.9512,0.7297,3.1407
41.9514,0.7073,3.0399
41.9516,0.7423,3.1904
41.9518,0.7954,3.4139
41.9520,0.8487,3.6441
41.9522,0.8876,3.8114
41.9524,0.9063,3.89
41.9526,0.8921,3.8234
41.9528,0.9152,3.928
41.9530,0.8928,3.8336
41.9532,0.9157,3.9246
41.9534,0.9477,4.0656
41.9536,0.8777,3.7635
41.9538,0.9148,3.921
41.9540,0.9425,4.0473
41.9542,0.8886,3.8173
41.9544,0.8946,3.8377
41.9546,0.9051,3.8812
41.9548,0.925,3.9684
41.9550,0.9455,4.0582
41.9552,0.9165,3.93
41.9554,0.9506,4.076
41.9556,0.9391,4.0323
41.9558,0.8693,3.7396
41.9560,0.7654,3.2929
41.9562,0.7579,3.2574
41.9564,0.7453,3.2108
41.9566,0.6867,2.9568
41.9568,0.6568,2.8309
41.9570,0.6178,2.6604
41.9572,0.661,2.8476
41.9574,0.6465,2.7838
41.9576,0.6935,2.9835
41.9578,0.7124,3.065
41.9580,0.6836,2.9434
41.9582,0.6761,2.91
41.9584,0.6862,2.9547
41.9586,0.7047,3.0328
41.9588,0.6809,2.9347
41.9590,0.6154,2.6501
41.9592,0.647,2.7885
41.9594,0.5973,2.5769
41.9596,0.5357,2.3111
41.9598,0.5483,2.3632
41.9600,0.5692,2.452
41.9602,0.6005,2.5904
41.9604,0.5766,2.484
41.9606,0.6276,2.701
41.9608,0.6744,2.9055
41.9610,0.6544,2.8179
41.9612,0.6951,2.9902
41.9614,0.658,2.8334
41.9616,0.623,2.6814
41.9618,0.6378,2.7474
41.9620,0.663,2.8538
41.9622,0.7765,3.3435
41.9624,0.7077,3.0443
41.9626,0.7175,3.0852
41.9628,0.7018,3.019
41.9630,0.7259,3.1227
41.9632,0.6344,2.7342
41.9634,0.5961,2.567
41.9636,0.6183,2.665
41.9638,0.5786,2.4939
41.9640,0.5808,2.5032
41.9642,0.5854,2.5217
41.9644,0.6387,2.7477
41.9646,0.6825,2.9387
41.9648,0.6463,2.7841
41.9650,0.5736,2.4745
41.9652,0.5186,2.2392
41.9654,0.5137,2.2159
41.9656,0.511,2.2025
41.9658,0.5177,2.2345
41.9660,0.5483,2.361
41.9662,0.6555,2.8213
41.9664,0.6344,2.7317
41.9666,0.6368,2.7407
41.9668,0.6888,2.9675
41.9670,0.618,2.6647
41.9672,0.5665,2.4429
41.9674,0.5869,2.5284
41.9676,0.6228,2.6816
41.9678,0.6875,2.9549
41.9680,0.7471,3.211
41.9682,0.7145,3.0737
41.9684,0.7308,3.1424
41.9686,0.7753,3.3399
41.9688,0.5937,2.5602
41.9690,0.5424,2.34
41.9692,0.54,2.3286
41.9694,0.5424,2.3379
41.9696,0.5415,2.3348
41.9698,0.539,2.3229
41.9700,0.5457,2.3475
41.9702,0.6752,2.9059
41.9704,0.6361,2.744
41.9706,0.5494,2.3689
41.9708,0.5369,2.3141
41.9710,0.5328,2.2976
41.9712,0.5343,2.3038
41.9714,0.53,2.2841
41.9716,0.515,2.2195
41.9718,0.5198,2.2412
41.9720,0.582,2.5107
41.9722,0.5012,2.1631
41.9724,0.4643,2.0037
41.9726,0.4649,2.0072
41.9728,0.4631,1.9985
41.9730,0.4605,1.9868
41.9732,0.4655,2.0061
41.9734,0.4629,1.9952
41.9736,0.4643,2.0037
41.9738,0.4609,1.9911
41.9740,0.465,2.005
41.9742,0.5139,2.2139
41.9744,0.5399,2.3292
41.9746,0.5315,2.2908
41.9748,0.5816,2.5034
41.9750,0.6172,2.6566
41.9752,0.5982,2.577
41.9754,0.5767,2.4822
41.9756,0.581,2.5066
41.9758,0.5037,2.174
41.9760,0.485,2.0903
41.9762,0.49,2.114
41.9764,0.4746,2.0463
41.9766,0.5515,2.3749
41.9768,0.5483,2.3632
41.9770,0.5493,2.364
41.9772,0.5898,2.5408
41.9774,0.5887,2.535
41.9776,0.6194,2.6672
41.9778,0.5357,2.3079
41.9780,0.5376,2.314
41.9782,0.584,2.5125
41.9784,0.6419,2.7591
41.9786,0.6521,2.8068
41.9788,0.6048,2.6078
41.9790,0.603,2.5952
41.9792,0.6184,2.6618
41.9794,0.5996,2.5832
41.9796,0.5995,2.5827
41.9798,0.6085,2.6153
41.9800,0.6716,2.8877
41.9802,0.6603,2.8432
41.9804,0.6379,2.7454
41.9806,0.6671,2.8713
41.9808,0.6446,2.7717
41.9810,0.6765,2.9116
41.9812,0.6624,2.8472
41.9814,0.696,2.9915
41.9816,0.6476,2.7846
41.9818,0.6369,2.7387
41.9820,0.6495,2.7954
41.9822,0.6292,2.7082
41.9824,0.6547,2.8124
41.9826,0.7599,3.2616
41.9828,0.7784,3.3424
41.9830,0.7473,3.2151
41.9832,0.7014,3.0133
41.9834,0.8668,3.7097
41.9836,0.996,4.2669
41.9838,0.9537,4.0856
41.9840,0.9265,3.9727
41.9842,0.8977,3.8511
41.9844,0.8511,3.6544
41.9846,0.8182,3.5084
41.9848,0.8674,3.7175
41.9850,0.867,3.7177
41.9852,0.9156,3.9259
41.9854,0.9311,3.9928
41.9856,0.9415,4.0332
41.9858,1.0313,4.4179
41.9860,1.0118,4.3367
41.9862,1.0064,4.3076
41.9864,1.038,4.4405
41.9866,1.0683,4.5745
41.9868,1.0755,4.601
41.9870,1.1025,4.7252
41.9872,0.9897,4.2318
41.9874,1.0468,4.4868
41.9876,0.9923,4.251
41.9878,0.9609,4.1164
41.9880,0.9687,4.1537
41.9882,0.9612,4.1256
41.9884,0.9441,4.0558
41.9886,0.8524,3.6669
41.9888,0.7578,3.2584
41.9890,0.7728,3.3229
41.9892,0.7678,3.3033
41.9894,0.7707,3.3126
41.9896,0.7693,3.3079
41.9898,0.7858,3.3743
41.9900,0.8936,3.8354
41.9902,0.9005,3.8611
41.9904,0.8689,3.7329
41.9906,0.7521,3.2372
41.9908,0.6917,2.9799
41.9910,0.683,2.9381
41.9912,0.6953,2.994
41.9914,0.6939,2.9892
41.9916,0.6995,3.012
41.9918,0.7379,3.1699
41.9920,0.8403,3.6131
41.9922,0.7942,3.4151
41.9924,0.7512,3.2346
41.9926,0.6531,2.8096
41.9928,0.6642,2.8603
41.9930,0.6454,2.7792
41.9932,0.723,3.1103
41.9934,0.6924,2.9816
41.9936,0.6656,2.8646
41.9938,0.7412,3.1858
41.9940,0.8285,3.5593
41.9942,0.8357,3.5902
41.9944,0.8074,3.4686
41.9946,0.8497,3.6539
41.9948,0.7838,3.3703
41.9950,0.7461,3.2114
41.9952,0.7277,3.129
41.9954,0.7891,3.3882
41.9956,0.7753,3.3337
41.9958,0.7055,3.0407
41.9960,0.6358,2.7404
41.9962,0.6501,2.7993
41.9964,0.6719,2.8879
41.9966,0.7587,3.261
41.9968,0.7829,3.3714
41.9970,0.6991,3.0105
41.9972,0.5995,2.5815
41.9974,0.5988,2.5796
41.9976,0.6571,2.8332
41.9978,0.6095,2.6292
41.9980,0.5192,2.2418
41.9982,0.4939,2.1335
41.9984,0.5343,2.3049
41.9986,0.537,2.3157
41.9988,0.5927,2.5508
41.9990,0.6689,2.8817
41.9992,0.6612,2.8473
41.9994,0.6545,2.8171
41.9996,0.6706,2.8823
41.9998,0.7897,3.3971
42.0000,0.7134,3.0719
42.0002,0.659,2.8362
42.0004,0.6919,2.9781
42.0006,0.712,3.0615
42.0008,0.7633,3.2837
42.0010,0.7584,3.2564
42.0012,0.816,3.509
42.0014,0.7707,3.3187
42.0016,0.7347,3.1609
42.0018,0.7791,3.3439
42.0020,0.8178,3.5134
42.0022,0.8069,3.4714
42.0024,0.7645,3.2873
42.0026,0.7837,3.3698
42.0028,0.7501,3.2299
42.0030,0.7621,3.2724
42.0032,0.8484,3.6448
42.0034,0.8192,3.5207
42.0036,0.7989,3.4337
42.0038,0.809,3.4769
42.0040,0.7952,3.4209
42.0042,0.7276,3.1314
42.0044,0.7857,3.377
42.0046,0.7954,3.4171
42.0048,0.7632,3.2862
42.0050,0.7035,3.0305
42.0052,0.6328,2.73
42.0054,0.5725,2.4687
42.0056,0.5638,2.431
42.0058,0.5633,2.4289
42.0060,0.5637,2.4327
42.0062,0.5663,2.4384
42.0064,0.6895,2.9651
42.0066,0.708,3.0487
42.0068,0.6578,2.8297
42.0070,0.6692,2.8828
42.0072,0.6345,2.7386
42.0074,0.6079,2.6152
42.0076,0.7304,3.1409
42.0078,0.735,3.1634
42.0080,0.6668,2.8764
42.0082,0.5665,2.4417
42.0084,0.553,2.3833
42.0086,0.5485,2.3675
42.0088,0.5435,2.3458
42.0090,0.5445,2.3477
42.0092,0.5285,2.2779
42.0094,0.64,2.7534
42.0096,0.7425,3.1929
42.0098,0.7609,3.2733
42.0100,0.686,2.9496
42.0102,0.7097,3.0545
42.0104,0.6743,2.9036
42.0106,0.691,2.974
42.0108,0.7487,3.2207
42.0110,0.7136,3.073
42.0112,0.6794,2.9239
42.0114,0.6812,2.929
42.0116,0.6895,2.9664
42.0118,0.6946,2.9867
42.0120,0.666,2.8733
42.0122,0.5664,2.4469
42.0124,0.4922,2.1233
42.0126,0.481,2.0771
42.0128,0.4789,2.0669
42.0130,0.4839,2.0886
42.0132,0.4854,2.0929
42.0134,0.4864,2.0995
42.0136,0.4816,2.0788
42.0138,0.4779,2.0618
42.0140,0.4807,2.0756
42.0142,0.4831,2.0859
42.0144,0.4797,2.0686
42.0146,0.522,2.249
42.0148,0.5936,2.5585
42.0150,0.5318,2.2929
42.0152,0.5087,2.1937
42.0154,0.5477,2.3606
42.0156,0.603,2.5976
42.0158,0.5991,2.5799
42.0160,0.6037,2.6007
42.0162,0.5814,2.5035
42.0164,0.6182,2.6632
42.0166,0.5981,2.5777
42.0168,0.5838,2.5138
42.0170,0.6765,2.9089
42.0172,0.7641,3.2827
42.0174,0.799,3.4294
42.0176,0.8246,3.5406
42.0178,0.8579,3.6803
42.0180,0.854,3.6639
42.0182,0.8975,3.8483
42.0184,0.9074,3.8837
42.0186,0.9939,4.2616
42.0188,0.979,4.1979
42.0190,0.9897,4.2417
42.0192,0.9723,4.1691
42.0194,0.9621,4.1273
42.0196,0.9471,4.0573
42.0198,0.9811,4.2032
42.0200,1.0109,4.3245
42.0202,1.1088,4.7458
42.0204,1.0837,4.6381
42.0206,1.112,4.7569
42.0208,1.1512,4.927
42.0210,1.1123,4.7718
42.0212,0.932,3.9964
42.0214,0.8909,3.8218
42.0216,0.9073,3.8941
42.0218,0.9494,4.0747
42.0220,0.947,4.0644
42.0222,0.9309,3.9936
42.0224,0.9489,4.0726
42.0226,0.9357,4.0179
42.0228,0.9296,3.9842
42.0230,0.9594,4.1179
42.0232,0.9281,3.9818
42.0234,0.9888,4.2361
42.0236,1.0244,4.403
42.0238,0.8267,3.5615
42.0240,0.7212,3.1026
42.0242,0.7852,3.3639
42.0244,0.9827,4.2178
42.0246,0.9817,4.2078
42.0248,0.9319,4.0108
42.0250,0.834,3.583
42.0252,0.8821,3.7913
42.0254,0.8035,3.4581
42.0256,0.6966,2.9941
42.0258,0.7501,3.2254
42.0260,0.7237,3.1178
42.0262,0.6457,2.7828
42.0264,0.5997,2.5897
42.0266,0.5146,2.2211
42.0268,0.5316,2.2935
42.0270,0.5741,2.48
42.0272,0.5083,2.1957
42.0274,0.4966,2.1415
42.0276,0.5834,2.5123
42.0278,0.7114,3.0603
42.0280,0.7342,3.1642
42.0282,0.5804,2.504
42.0284,0.5696,2.4575
42.0286,0.5838,2.5173
42.0288,0.5413,2.3375
42.0290,0.489,2.1113
42.0292,0.4855,2.0943
42.0294,0.4839,2.0876
42.0296,0.4873,2.105
42.0298,0.4858,2.0988
42.0300,0.4902,2.1175
42.0302,0.4842,2.0906
42.0304,0.4851,2.0938
42.0306,0.4985,2.1507
42.0308,0.5547,2.3895
42.0310,0.5682,2.4535
42.0312,0.4352,1.8802
42.0314,0.408,1.7618
42.0316,0.449,1.9398
42.0318,0.4838,2.0852
42.0320,0.5547,2.3906
42.0322,0.5812,2.5048
42.0324,0.5565,2.3972
42.0326,0.5499,2.371
42.0328,0.5549,2.3927
42.0330,0.5494,2.3689
42.0332,0.5623,2.4259
42.0334,0.5591,2.4119
42.0336,0.5682,2.449
42.0338,0.5921,2.5471
42.0340,0.6801,2.9284
42.0342,0.6601,2.8395
42.0344,0.7129,3.0656
42.0346,0.6626,2.853
42.0348,0.6023,2.5957
42.0350,0.5616,2.4217
42.0352,0.5458,2.3523
42.0354,0.5513,2.3761
42.0356,0.5461,2.355
42.0358,0.5423,2.3384
42.0360,0.5461,2.3528
42.0362,0.6057,2.6059
42.0364,0.6355,2.7389
42.0366,0.5496,2.3678
42.0368,0.5466,2.3581
42.0370,0.5366,2.3136
42.0372,0.5319,2.2945
42.0374,0.531,2.2898
42.0376,0.5274,2.2743
42.0378,0.5656,2.4342
42.0380,0.6219,2.6792
42.0382,0.6147,2.6446
42.0384,0.6001,2.5912
42.0386,0.512,2.2097
42.0388,0.4716,2.0353
42.0390,0.4742,2.0457
42.0392,0.4821,2.0799
42.0394,0.4961,2.1384
42.0396,0.515,2.2216
42.0398,0.4719,2.035
42.0400,0.4822,2.0804
42.0402,0.5113,2.2045
42.0404,0.5481,2.3589
42.0406,0.6451,2.7764
42.0408,0.6524,2.8091
42.0410,0.6362,2.7343
42.0412,0.7335,3.1513
42.0414,0.7165,3.0839
42.0416,0.709,3.0528
42.0418,0.6527,2.812
42.0420,0.6326,2.7227
42.0422,0.6266,2.6956
42.0424,0.6354,2.732
42.0426,0.747,3.212
42.0428,0.796,3.4149
42.0430,0.8195,3.519
42.0432,0.7615,3.2729
42.0434,0.7664,3.2955
42.0436,0.6858,2.9546
42.0438,0.6008,2.5895
42.0440,0.6328,2.7225
42.0442,0.7001,3.0076
42.0444,0.7448,3.2027
42.0446,0.724,3.1145
42.0448,0.7237,3.1091
42.0450,0.7868,3.3848
42.0452,0.7252,3.1167
42.0454,0.7477,3.2121
42.0456,0.7802,3.3517
42.0458,0.6684,2.8823
42.0460,0.5162,2.2257
42.0462,0.5051,2.1772
42.0464,0.5145,2.2164
42.0466,0.556,2.3985
42.0468,0.5069,2.1879
42.0470,0.503,2.1709
42.0472,0.4885,2.1063
42.0474,0.4846,2.0907
42.0476,0.486,2.0964
42.0478,0.4916,2.1168
42.0480,0.5351,2.3074
42.0482,0.5367,2.3152
42.0484,0.5244,2.2593
42.0486,0.5836,2.5128
42.0488,0.5884,2.5358
42.0490,0.5878,2.5332
42.0492,0.5762,2.4836
42.0494,0.5127,2.2077
42.0496,0.5327,2.2949
42.0498,0.5979,2.5735
42.0500,0.6053,2.6062
42.0502,0.5785,2.4934
42.0504,0.6014,2.5897
42.0506,0.684,2.9386
42.0508,0.7397,3.1791
42.0510,0.7297,3.1363
42.0512,0.7765,3.3295
42.0514,0.8445,3.6193
42.0516,0.859,3.6884
42.0518,0.8078,3.4718
42.0520,0.802,3.4422
42.0522,0.8369,3.5903
42.0524,0.8425,3.6196
42.0526,0.8294,3.5579
42.0528,0.8349,3.5782
42.0530,0.8793,3.7742
42.0532,0.823,3.5323
42.0534,0.9042,3.8789
42.0536,0.8909,3.82
42.0538,0.913,3.9096
42.0540,0.9972,4.274
42.0542,0.962,4.1307
42.0544,0.8513,3.6537
42.0546,0.8428,3.6223
42.0548,0.8021,3.4412
42.0550,0.9313,3.9933
42.0552,0.8945,3.8426
42.0554,0.7654,3.2838
42.0556,0.8413,3.611
42.0558,0.7714,3.3156
42.0560,0.7369,3.1658
42.0562,0.7798,3.3502
42.0564,0.773,3.3254
42.0566,0.7521,3.2342
42.0568,0.7385,3.1754
42.0570,0.7392,3.1755
42.0572,0.8042,3.4531
42.0574,0.8588,3.6844
42.0576,0.8337,3.5814
42.0578,0.7728,3.3229
42.0580,0.7937,3.4147
42.0582,0.7523,3.2347
42.0584,0.76,3.2682
42.0586,0.74,3.1851
42.0588,0.678,2.9169
42.0590,0.6975,2.9991
42.0592,0.7446,3.2062
42.0594,0.7104,3.0576
42.0596,0.7212,3.1055
42.0598,0.6324,2.7229
42.0600,0.6193,2.6666
42.0602,0.6831,2.9413
42.0604,0.6843,2.9396
42.0606,0.7478,3.2111
42.0608,0.7518,3.2341
42.0610,0.6994,3.0115
42.0612,0.6639,2.8574
42.0614,0.7368,3.1726
42.0616,0.6994,3.0101
42.0618,0.7568,3.2513
42.0620,0.779,3.3497
42.0622,0.7517,3.2321
42.0624,0.7077,3.0457
42.0626,0.6876,2.9568
42.0628,0.7728,3.3167
42.0630,0.8937,3.8359
42.0632,0.9068,3.9011
42.0634,0.7864,3.3816
42.0636,0.7521,3.2342
42.0638,0.7957,3.4182
42.0640,0.811,3.4889
42.0642,0.7796,3.3538
42.0644,0.7401,3.1841
42.0646,0.7478,3.2126
42.0648,0.7983,3.4311
42.0650,0.7959,3.424
42.0652,0.7464,3.2109
42.0654,0.7127,3.0703
42.0656,0.5912,2.547
42.0658,0.5868,2.5291
42.0660,0.5965,2.5685
42.0662,0.7169,3.0826
42.0664,0.7523,3.2392
42.0666,0.6244,2.6901
42.0668,0.6247,2.6936
42.0670,0.5977,2.5773
42.0672,0.5441,2.3451
42.0674,0.543,2.3426
42.0676,0.5267,2.2723
42.0678,0.5274,2.2754
42.0680,0.5271,2.2717
42.0682,0.57,2.459
42.0684,0.5352,2.3058
42.0686,0.5632,2.4273
42.0688,0.5332,2.2991
42.0690,0.5279,2.2775
42.0692,0.5285,2.28
42.0694,0.5668,2.4405
42.0696,0.6224,2.685
42.0698,0.5593,2.4141
42.0700,0.5452,2.3508
42.0702,0.5316,2.2924
42.0704,0.5256,2.2666
42.0706,0.5266,2.2718
42.0708,0.53,2.2852
42.0710,0.5291,2.2816
42.0712,0.5266,2.2718
42.0714,0.526,2.2702
42.0716,0.5243,2.2609
42.0718,0.5271,2.2717
42.0720,0.5273,2.2738
42.0722,0.5266,2.2707
42.0724,0.5241,2.2588
42.0726,0.5252,2.2614
42.0728,0.5358,2.3105
42.0730,0.53,2.2852
42.0732,0.5277,2.2754
42.0734,0.5267,2.2712
42.0736,0.526,2.2692
42.0738,0.526,2.266
42.0740,0.5607,2.4108
42.0742,0.6252,2.6882
42.0744,0.6688,2.8799
42.0746,0.6671,2.8686
42.0748,0.6929,2.9823
42.0750,0.6519,2.8097
42.0752,0.5553,2.3932
42.0754,0.5322,2.2918
42.0756,0.5385,2.3197
42.0758,0.6581,2.8366
42.0760,0.6059,2.6076
42.0762,0.6624,2.8525
42.0764,0.6005,2.588
42.0766,0.5696,2.4563
42.0768,0.6015,2.5938
42.0770,0.5104,2.2019
42.0772,0.4718,2.0344
42.0774,0.4602,1.9861
42.0776,0.4493,1.939
42.0778,0.446,1.9242
42.0780,0.4436,1.912
42.0782,0.5033,2.1694
42.0784,0.5707,2.4598
42.0786,0.5264,2.2686
42.0788,0.5198,2.2402
42.0790,0.5461,2.3539
42.0792,0.521,2.2464
42.0794,0.486,2.0935
42.0796,0.5442,2.3424
42.0798,0.6119,2.6359
42.0800,0.6202,2.6708
42.0802,0.5599,2.4122
42.0804,0.5466,2.3516
42.0806,0.6175,2.6589
42.0808,0.6163,2.6537
42.0810,0.6178,2.658
42.0812,0.6244,2.6876
42.0814,0.6273,2.7037
42.0816,0.576,2.4849
42.0818,0.5472,2.3564
42.0820,0.6145,2.6484
42.0822,0.5259,2.2676
42.0824,0.4964,2.1414
42.0826,0.4963,2.1379
42.0828,0.5561,2.3901
42.0830,0.6815,2.9319
42.0832,0.6964,2.9944
42.0834,0.727,3.123
42.0836,0.7503,3.2219
42.0838,0.7857,3.3707
42.0840,0.8339,3.5791
42.0842,0.8244,3.5368
42.0844,0.8276,3.5485
42.0846,0.8228,3.5329
42.0848,0.8265,3.5505
42.0850,0.7719,3.3131
42.0852,0.8526,3.6543
42.0854,0.9309,3.9899
42.0856,0.9671,4.1431
42.0858,0.9578,4.1069
42.0860,0.9338,4.0041
42.0862,0.9376,4.0186
42.0864,0.9795,4.198
42.0866,0.9765,4.1754
42.0868,1.0665,4.5625
42.0870,1.0681,4.5692
42.0872,1.061,4.5389
42.0874,1.1157,4.7728
42.0876,1.0666,4.5716
42.0878,0.9225,3.9613
42.0880,0.8846,3.7968
42.0882,0.9263,3.9703
42.0884,1.0102,4.3255
42.0886,1.0491,4.4882
42.0888,1.0422,4.4605
42.0890,1.0194,4.3671
42.0892,1.0484,4.4956
42.0894,1.0368,4.4395
42.0896,0.9357,4.0216
42.0898,0.8076,3.468
42.0900,0.8845,3.8051
42.0902,0.7561,3.2512
42.0904,0.6934,2.9802
42.0906,0.7719,3.3208
42.0908,0.7646,3.2954
42.0910,0.6668,2.8724
42.0912,0.6333,2.7296
42.0914,0.6373,2.7454
42.0916,0.6535,2.8125
42.0918,0.6542,2.8208
42.0920,0.6036,2.599
42.0922,0.6674,2.867
42.0924,0.8066,3.4699
42.0926,0.7151,3.0763
42.0928,0.7153,3.0788
42.0930,0.7278,3.1324
42.0932,0.7321,3.1495
42.0934,0.7527,3.2337
42.0936,0.7958,3.4203
42.0938,0.7868,3.3848
42.0940,0.7433,3.1975
42.0942,0.7523,3.2317
42.0944,0.782,3.3626
42.0946,0.7449,3.2062
42.0948,0.6976,3.0038
42.0950,0.6966,2.9983
42.0952,0.6887,2.9628
42.0954,0.6563,2.8275
42.0956,0.6387,2.749
42.0958,0.6672,2.8745
42.0960,0.7108,3.0591
42.0962,0.7413,3.1922
42.0964,0.6501,2.8006
42.0966,0.6489,2.7903
42.0968,0.7561,3.2527
42.0970,0.7326,3.1472
42.0972,0.7433,3.199
42.0974,0.6567,2.833
42.0976,0.5479,2.3627
42.0978,0.5451,2.3503
42.0980,0.5419,2.338
42.0982,0.5735,2.4706
42.0984,0.7018,3.0176
42.0986,0.7369,3.1687
42.0988,0.7357,3.1665
42.0990,0.7124,3.065
42.0992,0.7292,3.1357
42.0994,0.785,3.3802
42.0996,0.719,3.0933
42.0998,0.706,3.0371
42.1000,0.7686,3.3002
42.1002,0.8554,3.6712
42.1004,0.9085,3.8992
42.1006,0.8756,3.7582
42.1008,0.943,4.0531
42.1010,0.8604,3.7015
42.1012,0.7829,3.3635
42.1014,0.7915,3.4033
42.1016,0.7901,3.396
42.1018,0.8148,3.5006
42.1020,0.8331,3.5789
42.1022,0.7767,3.3399
42.1024,0.7455,3.2088
42.1026,0.744,3.1991
42.1028,0.8223,3.5292
42.1030,0.9457,4.055
42.1032,0.9538,4.0918
42.1034,0.9094,3.9033
42.1036,0.86,3.6982
42.1038,0.8248,3.5466
42.1040,0.8352,3.5881
42.1042,0.8282,3.5577
42.1044,0.7321,3.1554
42.1046,0.6729,2.8974
42.1048,0.703,3.027
42.1050,0.6427,2.7686
42.1052,0.6422,2.7691
42.1054,0.6098,2.6271
42.1056,0.6485,2.7952
42.1058,0.6056,2.6126
42.1060,0.5273,2.2759
42.1062,0.576,2.4826
42.1064,0.5879,2.5314
42.1066,0.6475,2.7867
42.1068,0.7085,3.0536
42.1070,0.6452,2.7807
42.1072,0.5467,2.3608
42.1074,0.5272,2.2743
42.1076,0.585,2.5202
42.1078,0.6258,2.6958
42.1080,0.6243,2.6921
42.1082,0.5597,2.4145
42.1084,0.5211,2.249
42.1086,0.4844,2.0897
42.1088,0.5367,2.3141
42.1090,0.5996,2.5844
42.1092,0.6048,2.603
42.1094,0.6284,2.7084
42.1096,0.5917,2.5526
42.1098,0.5935,2.5545
42.1100,0.6337,2.7273
42.1102,0.606,2.6105
42.1104,0.5837,2.5168
42.1106,0.6089,2.6217
42.1108,0.6612,2.8473
42.1110,0.6035,2.5997
42.1112,0.6186,2.666
42.1114,0.603,2.5976
42.1116,0.5858,2.5226
42.1118,0.5891,2.5389
42.1120,0.586,2.5255
42.1122,0.5801,2.5025
42.1124,0.5102,2.204
42.1126,0.4838,2.0881
42.1128,0.4872,2.1016
42.1130,0.4825,2.0814
42.1132,0.4789,2.0669
42.1134,0.4783,2.0643
42.1136,0.4807,2.0737
42.1138,0.4852,2.0953
42.1140,0.4782,2.0647
42.1142,0.483,2.0844
42.1144,0.4836,2.0851
42.1146,0.4833,2.0841
42.1148,0.5343,2.3017
42.1150,0.6102,2.6274
42.1152,0.6232,2.6862
42.1154,0.5487,2.368
42.1156,0.4906,2.1156
42.1158,0.4954,2.1383
42.1160,0.5007,2.159
42.1162,0.5436,2.3409
42.1164,0.5732,2.4661
42.1166,0.6308,2.7175
42.1168,0.6079,2.6164
42.1170,0.6463,2.7789
42.1172,0.7445,3.1952
42.1174,0.8311,3.5673
42.1176,0.7863,3.3827
42.1178,0.7501,3.2194
42.1180,0.8266,3.5444
42.1182,0.8596,3.6927
42.1184,0.7935,3.4089
42.1186,0.8768,3.7563
42.1188,0.9888,4.2401
42.1190,0.99,4.2432
42.1192,1.0033,4.2982
42.1194,0.9882,4.2316
42.1196,1.0103,4.326
42.1198,1.0445,4.4661
42.1200,1.0911,4.6742
42.1202,1.0602,4.5375
42.1204,1.0899,4.6647
42.1206,1.0889,4.6585
42.1208,1.0943,4.6925
42.1210,0.9784,4.1973
42.1212,0.8521,3.6608
42.1214,0.7816,3.3579
42.1216,0.818,3.5107
42.1218,0.8696,3.7325
42.1220,0.8662,3.7228
42.1222,0.8657,3.7155
42.1224,0.8966,3.8501
42.1226,0.8406,3.613
42.1228,0.7898,3.3913
42.1230,0.7947,3.4172
42.1232,0.8013,3.444
42.1234,0.8738,3.7522
42.1236,0.8779,3.7662
42.1238,0.841,3.6229
42.1240,0.7176,3.09
42.1242,0.7035,3.0249
42.1244,0.7551,3.2456
42.1246,0.7953,3.4182
42.1248,0.8592,3.6911
42.1250,0.8465,3.6366
42.1252,0.8337,3.5831
42.1254,0.8265,3.5571
42.1256,0.7489,3.2218
42.1258,0.741,3.1877
42.1260,0.7451,3.2067
42.1262,0.7499,3.2244
42.1264,0.7605,3.2687
42.1266,0.8353,3.5903
42.1268,0.8785,3.7758
42.1270,0.8359,3.5895
42.1272,0.8429,3.6194
42.1274,0.8743,3.756
42.1276,0.7664,3.3032
42.1278,0.6043,2.6057
42.1280,0.5907,2.5473
42.1282,0.5874,2.534
42.1284,0.5861,2.5271
42.1286,0.6137,2.6411
42.1288,0.6525,2.811
42.1290,0.6575,2.8327
42.1292,0.6514,2.805
42.1294,0.6526,2.8115
42.1296,0.6525,2.8123
42.1298,0.6395,2.7539
42.1300,0.683,2.9408
42.1302,0.6615,2.8523
42.1304,0.5737,2.4727
42.1306,0.556,2.3974
42.1308,0.5549,2.3938
42.1310,0.5597,2.4134
42.1312,0.5325,2.2982
42.1314,0.5463,2.3555
42.1316,0.5868,2.5302
42.1318,0.5873,2.5311
42.1320,0.5858,2.5238
42.1322,0.619,2.6656
42.1324,0.644,2.7704
42.1326,0.6952,2.9879
42.1328,0.7267,3.1292
42.1330,0.7021,3.0206
42.1332,0.7816,3.361
42.1334,0.7342,3.1598
42.1336,0.7108,3.0577
42.1338,0.7134,3.0719
42.1340,0.6483,2.7955
42.1342,0.6129,2.6417
42.1344,0.6095,2.628
42.1346,0.6212,2.6774
42.1348,0.6289,2.7105
42.1350,0.6116,2.6348
42.1352,0.6148,2.6488
42.1354,0.6137,2.6436
42.1356,0.615,2.6493
42.1358,0.6309,2.7142
42.1360,0.7207,3.0977
42.1362,0.7635,3.2832
42.1364,0.6867,2.9554
42.1366,0.6686,2.8815
42.1368,0.6321,2.7206
42.1370,0.6798,2.9219
42.1372,0.6951,2.9971
42.1374,0.6154,2.6526
42.1376,0.5893,2.5399
42.1378,0.5601,2.4161
42.1380,0.5505,2.3747
42.1382,0.5452,2.3508
42.1384,0.546,2.3545
42.1386,0.5509,2.3768
42.1388,0.5593,2.4096
42.1390,0.5587,2.4059
42.1392,0.6512,2.8001
42.1394,0.7356,3.1704
42.1396,0.6066,2.6143
42.1398,0.5948,2.5637
42.1400,0.67,2.885
42.1402,0.6659,2.8688
42.1404,0.6616,2.8462
42.1406,0.6798,2.926
42.1408,0.6844,2.9443
42.1410,0.7069,3.037
42.1412,0.7886,3.3909
42.1414,0.7924,3.4074
42.1416,0.802,3.4471
42.1418,0.784,3.3666
42.1420,0.8214,3.5289
42.1422,0.7897,3.3971
42.1424,0.7371,3.1668
42.1426,0.8168,3.5072
42.1428,0.8598,3.692
42.1430,0.8692,3.7287
42.1432,0.8642,3.7128
42.1434,0.806,3.4705
42.1436,0.7054,3.0331
42.1438,0.7704,3.311
42.1440,0.7415,3.1883
42.1442,0.794,3.4141
42.1444,0.7833,3.3714
42.1446,0.6879,2.962
42.1448,0.644,2.7704
42.1450,0.702,3.0187
42.1452,0.7767,3.3383
42.1454,0.7983,3.4295
42.1456,0.7936,3.411
42.1458,0.7881,3.3841
42.1460,0.7951,3.4203
42.1462,0.79,3.3971
42.1464,0.7907,3.4002
42.1466,0.7447,3.2067
42.1468,0.6826,2.9392
42.1470,0.7012,3.0151
42.1472,0.6924,2.9788
42.1474,0.6653,2.8609
42.1476,0.709,3.0557
42.1478,0.6376,2.7482
42.1480,0.6252,2.6944
42.1482,0.6378,2.7487
42.1484,0.5533,2.3882
42.1486,0.5285,2.2811
42.1488,0.5114,2.203
42.1490,0.562,2.4232
42.1492,0.5832,2.5124
42.1494,0.6645,2.86
42.1496,0.7328,3.1512
42.1498,0.7036,3.031
42.1500,0.5939,2.5584
42.1502,0.6476,2.7872
42.1504,0.7274,3.1251
42.1506,0.7674,3.3012
42.1508,0.7114,3.0603
42.1510,0.7671,3.2986
42.1512,0.7948,3.4177
42.1514,0.7894,3.3898
42.1516,0.8379,3.5978
42.1518,0.8621,3.6983
42.1520,0.9135,3.9208
42.1522,0.9098,3.9049
42.1524,0.9178,3.9357
42.1526,0.9663,4.1395
42.1528,0.9809,4.214
42.1530,0.9606,4.1154
42.1532,1.1054,4.7221
42.1534,1.1415,4.8877
42.1536,1.1193,4.786
42.1538,1.1307,4.837
42.1540,1.0675,4.5837
42.1542,0.921,3.9583
42.1544,0.8606,3.6973
42.1546,0.8767,3.7628
42.1548,0.9454,4.0577
42.1550,0.8969,3.8583
42.1552,0.8243,3.5413
42.1554,0.8258,3.5507
42.1556,0.8349,3.5899
42.1558,0.773,3.327
42.1560,0.6961,3.0032
42.1562,0.6164,2.6567
42.1564,0.6288,2.7049
42.1566,0.67,2.8891
42.1568,0.6029,2.5983
42.1570,0.6337,2.7299
42.1572,0.7051,3.0377
42.1574,0.6388,2.7546
42.1576,0.6128,2.6424
42.1578,0.624,2.688
42.1580,0.617,2.6568
42.1582,0.5746,2.4787
42.1584,0.5696,2.454
42.1586,0.5917,2.5514
42.1588,0.5952,2.5652
42.1590,0.6726,2.895
42.1592,0.7369,3.1702
42.1594,0.7385,3.1813
42.1596,0.6694,2.8838
42.1598,0.6758,2.9098
42.1600,0.7225,3.1068
42.1602,0.7967,3.4228
42.1604,0.8097,3.4833
42.1606,0.7859,3.389
42.1608,0.6115,2.6343
42.1610,0.6172,2.6616
42.1612,0.597,2.573
42.1614,0.6208,2.6758
42.1616,0.6252,2.6932
42.1618,0.661,2.849
42.1620,0.6039,2.6042
42.1622,0.5723,2.4688
42.1624,0.5947,2.5644
42.1626,0.6229,2.6821
42.1628,0.6635,2.8558
42.1630,0.6696,2.8821
42.1632,0.6686,2.8802
42.1634,0.6493,2.797
42.1636,0.6658,2.8656
42.1638,0.6988,3.0103
42.1640,0.6366,2.7461
42.1642,0.596,2.5701
42.1644,0.5545,2.3912
42.1646,0.5402,2.3324
42.1648,0.5369,2.3162
42.1650,0.5408,2.3296
42.1652,0.5761,2.4842
42.1654,0.6158,2.6529
42.1656,0.6666,2.8732
42.1658,0.6827,2.9398
42.1660,0.7241,3.1106
42.1662,0.7759,3.3316
42.1664,0.8214,3.5305
42.1666,0.7585,3.2615
42.1668,0.7582,3.262
42.1670,0.7214,3.1094
42.1672,0.5863,2.527
42.1674,0.5969,2.5749
42.1676,0.5645,2.4352
42.1678,0.5537,2.3864
42.1680,0.5482,2.3638
42.1682,0.5547,2.3906
42.1684,0.5581,2.4067
42.1686,0.5571,2.402
42.1688,0.5497,2.3716
42.1690,0.5455,2.3524
42.1692,0.6068,2.6105
42.1694,0.6485,2.7965
42.1696,0.5491,2.3679
42.1698,0.5454,2.3519
42.1700,0.5201,2.2438
42.1702,0.5101,2.1973
42.1704,0.5977,2.5725
42.1706,0.6095,2.6292
42.1708,0.4771,2.06
42.1710,0.461,1.9916
42.1712,0.4628,1.9975
42.1714,0.4627,1.9961
42.1716,0.4671,2.0171
42.1718,0.4634,2.0001
42.1720,0.4609,1.9902
42.1722,0.4599,1.9851
42.1724,0.4637,2.0011
42.1726,0.4665,2.0145
42.1728,0.4608,1.9878
42.1730,0.4631,1.9995
42.1732,0.4621,1.9953
42.1734,0.4635,2.0006
42.1736,0.4681,2.0203
42.1738,0.4656,2.0076
42.1740,0.5081,2.1911
42.1742,0.5598,2.4139
42.1744,0.5987,2.5778
42.1746,0.6195,2.6677
42.1748,0.6029,2.5947
42.1750,0.6021,2.5928
42.1752,0.6145,2.6472
42.1754,0.5645,2.4318
42.1756,0.5621,2.4215
42.1758,0.5768,2.4839
42.1760,0.6073,2.6187
42.1762,0.543,2.3394
42.1764,0.5437,2.3414
42.1766,0.6114,2.635
42.1768,0.6008,2.5871
42.1770,0.5828,2.5085
42.1772,0.6079,2.6176
42.1774,0.5903,2.5417
42.1776,0.6362,2.7407
42.1778,0.612,2.6351
42.1780,0.6512,2.7988
42.1782,0.6688,2.8785
42.1784,0.6876,2.9554
42.1786,0.7075,3.0452
42.1788,0.6262,2.6991
42.1790,0.5261,2.2697
42.1792,0.4971,2.1455
42.1794,0.519,2.2371
42.1796,0.523,2.2552
42.1798,0.5149,2.22
42.1800,0.5429,2.3389
42.1802,0.5675,2.4425
42.1804,0.6286,2.7057
42.1806,0.6871,2.9547
42.1808,0.6392,2.7511
42.1810,0.6578,2.8284
42.1812,0.6555,2.8239
42.1814,0.5928,2.5514
42.1816,0.6387,2.7464
42.1818,0.6494,2.7975
42.1820,0.5772,2.4877
42.1822,0.57,2.4556
42.1824,0.59,2.5383
42.1826,0.6368,2.7395
42.1828,0.6648,2.8588
42.1830,0.7164,3.0791
42.1832,0.7536,3.2343
42.1834,0.7984,3.4268
42.1836,0.8205,3.5231
42.1838,0.7893,3.3924
42.1840,0.8009,3.4408
42.1842,0.8237,3.5387
42.1844,0.7989,3.4305
42.1846,0.7946,3.4087
42.1848,0.8705,3.7309
42.1850,0.9561,4.094
42.1852,0.9791,4.2004
42.1854,0.947,4.0587
42.1856,0.962,4.1249
42.1858,0.9406,4.0371
42.1860,0.8519,3.658
42.1862,0.9105,3.897
42.1864,1.0581,4.5224
42.1866,1.0828,4.6323
42.1868,1.0676,4.5672
42.1870,1.0604,4.547
42.1872,0.9012,3.8714
42.1874,0.827,3.5476
42.1876,0.8644,3.7098
42.1878,0.8481,3.6432
42.1880,0.8367,3.591
42.1882,0.8762,3.759
42.1884,0.8707,3.7336
42.1886,0.89,3.8289
42.1888,0.8049,3.4546
42.1890,0.8144,3.5034
42.1892,0.6887,2.9601
42.1894,0.7599,3.2662
42.1896,0.7162,3.0795
42.1898,0.6916,2.978
42.1900,0.6839,2.9449
42.1902,0.6964,2.9972
42.1904,0.6977,3.0015
42.1906,0.7002,3.0109
42.1908,0.7567,3.2553
42.1910,0.7074,3.0461
42.1912,0.6901,2.969
42.1914,0.6429,2.7684
42.1916,0.6472,2.7856
42.1918,0.6415,2.7673
42.1920,0.5629,2.4274
42.1922,0.5615,2.4189
42.1924,0.6158,2.6529
42.1926,0.5759,2.482
42.1928,0.5526,2.3818
42.1930,0.5777,2.4886
42.1932,0.622,2.6798
42.1934,0.578,2.4937
42.1936,0.5586,2.4088
42.1938,0.5972,2.5705
42.1940,0.6786,2.9222
42.1942,0.5882,2.5353
42.1944,0.5764,2.483
42.1946,0.5845,2.5169
42.1948,0.6628,2.8501
42.1950,0.7248,3.1224
42.1952,0.5953,2.5646
42.1954,0.6463,2.7854
42.1956,0.6382,2.7482
42.1958,0.5843,2.5171
42.1960,0.6328,2.725
42.1962,0.6536,2.813
42.1964,0.685,2.9441
42.1966,0.6913,2.9797
42.1968,0.623,2.6802
42.1970,0.6654,2.8641
42.1972,0.6415,2.757
42.1974,0.6759,2.9103
42.1976,0.6453,2.78
42.1978,0.6038,2.6012
42.1980,0.5941,2.5594
42.1982,0.5904,2.5446
42.1984,0.612,2.6376
42.1986,0.5972,2.5764
42.1988,0.5225,2.2479
42.1990,0.6809,2.932
42.1992,0.6133,2.6457
42.1994,0.5465,2.3543
42.1996,0.5764,2.4818
42.1998,0.6077,2.6166
42.2000,0.6255,2.6935
42.2002,0.6495,2.7967
42.2004,0.6635,2.8532
42.2006,0.6778,2.9145
42.2008,0.7176,3.0857
42.2010,0.727,3.123
42.2012,0.7123,3.0673
42.2014,0.631,2.7198
42.2016,0.6206,2.6748
42.2018,0.6202,2.6695
42.2020,0.6417,2.7619
42.2022,0.6875,2.9577
42.2024,0.7392,3.1741
42.2026,0.7682,3.3048
42.2028,0.6973,3
42.2030,0.7031,3.0275
42.2032,0.5855,2.5246
42.2034,0.5403,2.3307
42.2036,0.5693,2.4513
42.2038,0.6148,2.6488
42.2040,0.5904,2.5434
42.2042,0.558,2.405
42.2044,0.5521,2.3797
42.2046,0.5517,2.3777
42.2048,0.5412,2.3338
42.2050,0.5831,2.5119
42.2052,0.6162,2.652
42.2054,0.6423,2.7645
42.2056,0.6883,2.9613
42.2058,0.7129,3.0656
42.2060,0.6527,2.8068
42.2062,0.6372,2.7448
42.2064,0.6057,2.6144
42.2066,0.5369,2.3162
42.2068,0.5255,2.2661
42.2070,0.5301,2.2836
42.2072,0.5996,2.5808
42.2074,0.659,2.8336
42.2076,0.674,2.898
42.2078,0.685,2.9523
42.2080,0.5687,2.4533
42.2082,0.5566,2.4011
42.2084,0.5487,2.3658
42.2086,0.5466,2.3538
42.2088,0.5464,2.3516
42.2090,0.6403,2.7557
42.2092,0.635,2.7355
42.2094,0.5646,2.4301
42.2096,0.5903,2.5452
42.2098,0.5271,2.2707
42.2100,0.536,2.311
42.2102,0.5391,2.3234
42.2104,0.5707,2.461
42.2106,0.5258,2.2671
42.2108,0.5292,2.2789
42.2110,0.5232,2.2573
42.2112,0.489,2.1084
42.2114,0.5242,2.2593
42.2116,0.4984,2.1512
42.2118,0.4857,2.0964
42.2120,0.4868,2.0991
42.2122,0.5144,2.2159
42.2124,0.5313,2.2898
42.2126,0.5172,2.2293
42.2128,0.5264,2.2634
42.2130,0.6413,2.7604
42.2132,0.5951,2.5683
42.2134,0.4138,1.7875
42.2136,0.385,1.664
42.2138,0.3777,1.6316
42.2140,0.3778,1.6283
42.2142,0.4598,1.9818
42.2144,0.4954,2.1353
42.2146,0.4888,2.1088
42.2148,0.4786,2.0639
42.2150,0.481,2.0733
42.2152,0.4912,2.1182
42.2154,0.4929,2.1254
42.2156,0.4942,2.1311
42.2158,0.5096,2.1953
42.2160,0.5346,2.3021
42.2162,0.5837,2.5098
42.2164,0.6707,2.8828
42.2166,0.697,2.997
42.2168,0.6699,2.8765
42.2170,0.7862,3.3743
42.2172,0.8116,3.4867
42.2174,0.8205,3.5199
42.2176,0.8585,3.6863
42.2178,0.7784,3.3424
42.2180,0.834,3.573
42.2182,0.9463,4.0556
42.2184,0.9466,4.0553
42.2186,0.9652,4.133
42.2188,0.9453,4.0496
42.2190,0.9422,4.0363
42.2192,0.9732,4.1693
42.2194,0.9881,4.2291
42.2196,1.0632,4.5418
42.2198,1.1015,4.7167
42.2200,1.0464,4.4806
42.2202,1.0548,4.5123
42.2204,1.0805,4.6182
42.2206,1.0212,4.3768
42.2208,0.9157,3.9209
42.2210,0.9531,4.083
42.2212,0.9952,4.2653
42.2214,0.9795,4.2019
42.2216,0.9457,4.055
42.2218,0.9817,4.2097
42.2220,1.0196,4.3661
42.2222,1.0189,4.3691
42.2224,0.9579,4.1074
42.2226,0.9361,4.012
42.2228,1.0138,4.3429
42.2230,0.9871,4.2408
42.2232,0.8228,3.5362
42.2234,0.7858,3.3759
42.2236,0.7911,3.4033
42.2238,0.7297,3.1378
42.2240,0.7724,3.3198
42.2242,0.7843,3.3629
42.2244,0.8746,3.7553
42.2246,0.8026,3.4496
42.2248,0.8104,3.4848
42.2250,0.7662,3.2914
42.2252,0.8116,3.485
42.2254,0.8265,3.5505
42.2256,0.8453,3.6246
42.2258,0.9124,3.9162
42.2260,0.9037,3.8804
42.2262,0.9232,3.9661
42.2264,0.8649,3.7175
42.2266,0.8205,3.5231
42.2268,0.8317,3.5731
42.2270,0.8731,3.7491
42.2272,0.8206,3.5236
42.2274,0.7802,3.3579
42.2276,0.7468,3.2099
42.2278,0.766,3.2985
42.2280,0.6989,3.0108
42.2282,0.6369,2.7399
42.2284,0.6893,2.9653
42.2286,0.72,3.0945
42.2288,0.831,3.57
42.2290,0.7623,3.284
42.2292,0.6807,2.9336
42.2294,0.6172,2.6578
42.2296,0.6313,2.722
42.2298,0.5961,2.5693
42.2300,0.6025,2.5955
42.2302,0.5502,2.3747
42.2304,0.5094,2.1978
42.2306,0.5726,2.4692
42.2308,0.6846,2.9507
42.2310,0.661,2.8463
42.2312,0.6516,2.806
42.2314,0.6567,2.8303
42.2316,0.6554,2.8207
42.2318,0.6919,2.9725
42.2320,0.7232,3.1128
42.2322,0.7104,3.0547
42.2324,0.7712,3.3192
42.2326,0.7586,3.2589
42.2328,0.864,3.71
42.2330,0.8129,3.502
42.2332,0.6611,2.8481
42.2334,0.6339,2.7308
42.2336,0.6343,2.7337
42.2338,0.6364,2.7417
42.2340,0.6468,2.7879
42.2342,0.637,2.7455
42.2344,0.6297,2.7115
42.2346,0.6369,2.7425
42.2348,0.638,2.7471
42.2350,0.6357,2.7373
42.2352,0.7193,3.0914
42.2354,0.745,3.2112
42.2356,0.6326,2.7264
42.2358,0.6317,2.7178
42.2360,0.6822,2.939
42.2362,0.6454,2.7804
42.2364,0.6311,2.7202
42.2366,0.5947,2.5608
42.2368,0.6042,2.6064
42.2370,0.4954,2.1392
42.2372,0.462,1.9957
42.2374,0.4515,1.9497
42.2376,0.4859,2.0954
42.2378,0.5562,2.4028
42.2380,0.4985,2.1517
42.2382,0.4726,2.0399
42.2384,0.4628,1.9975
42.2386,0.4591,1.9824
42.2388,0.464,2.0026
42.2390,0.487,2.102
42.2392,0.5297,2.2852
42.2394,0.5657,2.4369
42.2396,0.6212,2.6749
42.2398,0.6057,2.6095
42.2400,0.6326,2.7264
42.2402,0.6362,2.7381
42.2404,0.6867,2.9512
42.2406,0.7326,3.1486
42.2408,0.7536,3.2433
42.2410,0.6913,2.9755
42.2412,0.705,3.0343
42.2414,0.6274,2.703
42.2416,0.6141,2.6419
42.2418,0.6634,2.8553
42.2420,0.7026,3.0198
42.2422,0.7956,3.4165
42.2424,0.7793,3.3558
42.2426,0.7195,3.0982
42.2428,0.7063,3.0372
42.2430,0.6986,3.0042
42.2432,0.7432,3.2004
42.2434,0.6779,2.9177
42.2436,0.6461,2.7797
42.2438,0.6859,2.9523
42.2440,0.6847,2.9485
42.2442,0.6754,2.9096
42.2444,0.6144,2.6467
42.2446,0.5883,2.5357
42.2448,0.5397,2.3303
42.2450,0.5025,2.1678
42.2452,0.4997,2.1559
42.2454,0.5579,2.4034
42.2456,0.5935,2.558
42.2458,0.5861,2.5212
42.2460,0.6183,2.6649
42.2462,0.6027,2.5978
42.2464,0.5632,2.4284
42.2466,0.5025,2.1667
42.2468,0.4931,2.1245
42.2470,0.5885,2.5363
42.2472,0.5059,2.1812
42.2474,0.4867,2.1014
42.2476,0.5322,2.2928
42.2478,0.5347,2.3058
42.2480,0.4975,2.146
42.2482,0.5018,2.1636
42.2484,0.4996,2.1543
42.2486,0.5127,2.2107
42.2488,0.563,2.4245
42.2490,0.6108,2.6299
42.2492,0.6169,2.6587
42.2494,0.5936,2.5549
42.2496,0.6675,2.8675
42.2498,0.7444,3.2011
42.2500,0.7358,3.1625
42.2502,0.764,3.279
42.2504,0.8394,3.6027
42.2506,0.8401,3.6092
42.2508,0.7646,3.2862
42.2510,0.7738,3.3197
42.2512,0.8895,3.8125
42.2514,0.8956,3.8387
42.2516,0.9366,4.0163
42.2518,0.9352,4.0083
42.2520,0.9544,4.0886
42.2522,0.9818,4.2062
42.2524,0.9546,4.0934
42.2526,0.9406,4.0314
42.2528,0.9333,4.0057
42.2530,0.8396,3.6038
42.2532,0.8611,3.6942
42.2534,0.8393,3.6022
42.2536,0.8442,3.625
42.2538,0.8405,3.6124
42.2540,0.7988,3.4331
42.2542,0.8301,3.5692
42.2544,0.7542,3.2429
42.2546,0.7506,3.2289
42.2548,0.7404,3.1851
42.2550,0.7555,3.244
42.2552,0.7918,3.4032
42.2554,0.7454,3.2067
42.2556,0.7284,3.1364
42.2558,0.6982,3.0035
42.2560,0.6934,2.9829
42.2562,0.684,2.9426
42.2564,0.7532,3.2342
42.2566,0.7959,3.4191
42.2568,0.7817,3.363
42.2570,0.7608,3.2728
42.2572,0.7285,3.1355
42.2574,0.7247,3.119
42.2576,0.7148,3.0766
42.2578,0.7345,3.1569
42.2580,0.7561,3.2511
42.2582,0.7612,3.2703
42.2584,0.8076,3.4728
42.2586,0.7888,3.3903
42.2588,0.801,3.4445
42.2590,0.6967,3.0001
42.2592,0.6735,2.9013
42.2594,0.6852,2.9478
42.2596,0.7489,3.2202
42.2598,0.7236,3.1129
42.2600,0.7297,3.1435
42.2602,0.6692,2.88
42.2604,0.6763,2.911
42.2606,0.6789,2.9259
42.2608,0.6424,2.7675
42.2610,0.6694,2.8824
42.2612,0.6642,2.8575
42.2614,0.6843,2.9464
42.2616,0.6923,2.981
42.2618,0.66,2.8434
42.2620,0.6006,2.5885
42.2622,0.5871,2.5329
42.2624,0.5729,2.4702
42.2626,0.6159,2.6509
42.2628,0.6599,2.8403
42.2630,0.6062,2.6127
42.2632,0.5663,2.4418
42.2634,0.6184,2.6617
42.2636,0.7184,3.0892
42.2638,0.7851,3.3759
42.2640,0.7709,3.3151
42.2642,0.7696,3.3094
42.2644,0.7374,3.1692
42.2646,0.7386,3.1773
42.2648,0.7158,3.0779
42.2650,0.7756,3.3305
42.2652,0.85,3.6514
42.2654,0.8648,3.7153
42.2656,0.8386,3.6008
42.2658,0.8448,3.6276
42.2660,0.7944,3.4193
42.2662,0.7514,3.2295
42.2664,0.7729,3.3233
42.2666,0.7831,3.3687
42.2668,0.7596,3.2691
42.2670,0.6674,2.8736
42.2672,0.6448,2.7766
42.2674,0.6441,2.7747
42.2676,0.6471,2.7864
42.2678,0.6859,2.9536
42.2680,0.669,2.8808
42.2682,0.6647,2.8543
42.2684,0.8278,3.5545
42.2686,0.809,3.4785
42.2688,0.7561,3.2572
42.2690,0.6977,2.9987
42.2692,0.7555,3.2516
42.2694,0.676,2.9108
42.2696,0.6175,2.6613
42.2698,0.6037,2.6031
42.2700,0.5599,2.4166
42.2702,0.5409,2.3344
42.2704,0.5319,2.2945
42.2706,0.5344,2.3043
42.2708,0.5452,2.3519
42.2710,0.5405,2.3317
42.2712,0.5391,2.3234
42.2714,0.5388,2.3212
42.2716,0.5879,2.5337
42.2718,0.6347,2.7383
42.2720,0.5579,2.4045
42.2722,0.5929,2.5518
42.2724,0.6409,2.7608
42.2726,0.6037,2.6019
42.2728,0.5562,2.3973
42.2730,0.55,2.3704
42.2732,0.5913,2.5451
42.2734,0.6572,2.8297
42.2736,0.6789,2.9191
42.2738,0.7347,3.1579
42.2740,0.7376,3.1762
42.2742,0.6388,2.752
42.2744,0.6247,2.6873
42.2746,0.6839,2.9408
42.2748,0.7079,3.0453
42.2750,0.7293,3.1347
42.2752,0.769,3.3068
42.2754,0.7261,3.1266
42.2756,0.6642,2.8589
42.2758,0.6635,2.8544
42.2760,0.7033,3.0243
42.2762,0.7268,3.1253
42.2764,0.7468,3.2129
42.2766,0.7109,3.0596
42.2768,0.6899,2.9721
42.2770,0.7081,3.0477
42.2772,0.6298,2.7171
42.2774,0.4984,2.1502
42.2776,0.4913,2.1206
42.2778,0.4991,2.1523
42.2780,0.5373,2.3156
42.2782,0.5256,2.2623
42.2784,0.6478,2.7921
42.2786,0.5979,2.5807
42.2788,0.5327,2.296
42.2790,0.578,2.4901
42.2792,0.6114,2.6288
42.2794,0.6715,2.8917
42.2796,0.6307,2.7169
42.2798,0.6466,2.7804
42.2800,0.7265,3.1238
42.2802,0.7304,3.1452
42.2804,0.6748,2.9043
42.2806,0.6506,2.8039
42.2808,0.5713,2.4635
42.2810,0.5692,2.4519
42.2812,0.5775,2.4846
42.2814,0.6273,2.7037
42.2816,0.5941,2.557
42.2818,0.6287,2.7086
42.2820,0.5766,2.4839
42.2822,0.6482,2.7897
42.2824,0.703,3.0213
42.2826,0.7745,3.3274
42.2828,0.7233,3.1147
42.2830,0.6761,2.9059
42.2832,0.7227,3.1064
42.2834,0.7452,3.2042
42.2836,0.7735,3.3228
42.2838,0.8148,3.4972
42.2840,0.8508,3.6499
42.2842,0.8611,3.6976
42.2844,0.8461,3.6366
42.2846,0.7968,3.4232
42.2848,0.8124,3.4886
42.2850,0.8363,3.5877
42.2852,0.85,3.648
42.2854,0.9184,3.9345
42.2856,1.025,4.387
42.2858,1.0378,4.4461
42.2860,1.0664,4.5705
42.2862,0.9703,4.1647
42.2864,0.879,3.7726
42.2866,0.8845,3.7962
42.2868,0.9065,3.8873
42.2870,0.955,4.0988
42.2872,0.9127,3.9208
42.2874,0.8098,3.4821
42.2876,0.8158,3.5014
42.2878,0.8544,3.6636
42.2880,0.887,3.8088
42.2882,0.9052,3.8853
42.2884,0.9374,4.0213
42.2886,0.973,4.1663
42.2888,0.9413,4.0383
42.2890,0.807,3.4719
42.2892,0.7332,3.1571
42.2894,0.7034,3.0262
42.2896,0.7159,3.0827
42.2898,0.6924,2.9843
42.2900,0.6924,2.9801
42.2902,0.7111,3.0621
42.2904,0.635,2.7342
42.2906,0.6781,2.9147
42.2908,0.7446,3.2046
42.2910,0.7028,3.025
42.2912,0.6771,2.9195
42.2914,0.6338,2.7329
42.2916,0.6492,2.7957
42.2918,0.6501,2.8006
42.2920,0.6334,2.7275
42.2922,0.6579,2.8342
42.2924,0.6333,2.7283
42.2926,0.6485,2.7991
42.2928,0.5961,2.5693
42.2930,0.6551,2.821
42.2932,0.6753,2.909
42.2934,0.7085,3.0521
42.2936,0.6486,2.7944
42.2938,0.597,2.5718
42.2940,0.5807,2.505
42.2942,0.5487,2.3658
42.2944,0.5693,2.4547
42.2946,0.5726,2.4692
42.2948,0.5743,2.4764
42.2950,0.5803,2.5023
42.2952,0.5768,2.4861
42.2954,0.5584,2.4099
42.2956,0.5014,2.1651
42.2958,0.4885,2.1092
42.2960,0.4947,2.1322
42.2962,0.5554,2.3947
42.2964,0.5329,2.3002
42.2966,0.5267,2.2712
42.2968,0.5646,2.4334
42.2970,0.5712,2.463
42.2972,0.5779,2.4873
42.2974,0.6096,2.626
42.2976,0.5813,2.5053
42.2978,0.5977,2.5737
42.2980,0.6551,2.8223
42.2982,0.6522,2.8086
42.2984,0.7178,3.0867
42.2986,0.7467,3.2094
42.2988,0.7596,3.2646
42.2990,0.7647,3.2883
42.2992,0.7714,3.314
42.2994,0.7269,3.1273
42.2996,0.6765,2.9115
42.2998,0.6757,2.9098
42.3000,0.7132,3.068
42.3002,0.7111,3.0578
42.3004,0.7321,3.1509
42.3006,0.6665,2.8727
42.3008,0.6133,2.6408
42.3010,0.6081,2.6186
42.3012,0.6232,2.6849
42.3014,0.6379,2.7479
42.3016,0.6769,2.9082
42.3018,0.7617,3.2754
42.3020,0.719,3.0933
42.3022,0.6829,2.9366
42.3024,0.625,2.6939
42.3026,0.5638,2.4287
42.3028,0.6012,2.5934
42.3030,0.5005,2.161
42.3032,0.4765,2.0546
42.3034,0.5307,2.2914
42.3036,0.4788,2.0644
42.3038,0.4838,2.0861
42.3040,0.5003,2.1564
42.3042,0.562,2.4232
42.3044,0.6313,2.7207
42.3046,0.5936,2.5561
42.3048,0.562,2.4254
42.3050,0.4773,2.061
42.3052,0.4676,2.0163
42.3054,0.4671,2.0142
42.3056,0.4845,2.0892
42.3058,0.5481,2.3621
42.3060,0.5838,2.5161
42.3062,0.576,2.4814
42.3064,0.5928,2.5561
42.3066,0.5927,2.5532
42.3068,0.6238,2.6862
42.3070,0.6099,2.6251
42.3072,0.6418,2.7611
42.3074,0.6492,2.7931
42.3076,0.6525,2.8083
42.3078,0.6169,2.6575
42.3080,0.5606,2.4175
42.3082,0.5543,2.3901
42.3084,0.5515,2.3738
42.3086,0.6144,2.6467
42.3088,0.5763,2.4852
42.3090,0.5522,2.3791
42.3092,0.552,2.3781
42.3094,0.5478,2.3611
42.3096,0.5425,2.3383
42.3098,0.5781,2.4907
42.3100,0.6109,2.6317
42.3102,0.5963,2.5687
42.3104,0.5928,2.5513
42.3106,0.6076,2.6153
42.3108,0.6122,2.6361
42.3110,0.5847,2.5191
42.3112,0.6267,2.6973
42.3114,0.6508,2.8011
42.3116,0.617,2.6555
42.3118,0.6078,2.617
42.3120,0.6325,2.7246
42.3122,0.5988,2.5771
42.3124,0.5941,2.5582
42.3126,0.5568,2.401
42.3128,0.513,2.2112
42.3130,0.5357,2.3089
42.3132,0.5702,2.4554
42.3134,0.6027,2.5966
42.3136,0.5429,2.341
42.3138,0.5038,2.1724
42.3140,0.4874,2.1026
42.3142,0.4804,2.0716
42.3144,0.4827,2.0814
42.3146,0.4849,2.0908
42.3148,0.4858,2.0968
42.3150,0.4888,2.1088
42.3152,0.4869,2.0986
42.3154,0.5057,2.1807
42.3156,0.5455,2.3491
42.3158,0.6135,2.6394
42.3160,0.5955,2.5644
42.3162,0.572,2.462
42.3164,0.6147,2.6421
42.3166,0.7237,3.1119
42.3168,0.7231,3.1094
42.3170,0.7058,3.0295
42.3172,0.7994,3.4309
42.3174,0.8046,3.4519
42.3176,0.8841,3.7841
42.3178,1.0082,4.3172
42.3180,0.975,4.1789
42.3182,0.9709,4.1614
42.3184,0.9456,4.0511
42.3186,0.9627,4.1202
42.3188,1.0194,4.3588
42.3190,1.0088,4.3218
42.3192,0.9357,4.0122
42.3194,0.9153,3.9285
42.3196,0.9028,3.8713
42.3198,0.9685,4.1531
42.3200,0.9033,3.8734
42.3202,0.881,3.7795
42.3204,0.928,3.9756
42.3206,0.8789,3.7756
42.3208,0.7793,3.3496
42.3210,0.7769,3.3362
42.3212,0.8262,3.5478
42.3214,0.8612,3.6947
42.3216,0.9263,3.9666
42.3218,1.0044,4.2988
42.3220,1.0089,4.3284
42.3222,0.8633,3.7034
42.3224,0.8688,3.7306
42.3226,0.8405,3.6141
42.3228,0.8163,3.5083
42.3230,0.8118,3.486
42.3232,0.869,3.7351
42.3234,0.851,3.6561
42.3236,0.8299,3.5621
42.3238,0.823,3.5355
42.3240,0.7661,3.2914
42.3242,0.7985,3.4368
42.3244,0.7513,3.232
42.3246,0.7551,3.2455
42.3248,0.7724,3.3182
42.3250,0.8213,3.5267
42.3252,0.8542,3.6694
42.3254,0.8331,3.5838
42.3256,0.7566,3.2517
42.3258,0.7424,3.1938
42.3260,0.7977,3.4268
42.3262,0.846,3.6327
42.3264,0.8601,3.6952
42.3266,0.8362,3.5922
42.3268,0.8497,3.6572
42.3270,0.7262,3.1228
42.3272,0.755,3.2465
42.3274,0.7864,3.3816
42.3276,0.795,3.4139
42.3278,0.7989,3.44
42.3280,0.6813,2.939
42.3282,0.6578,2.8257
42.3284,0.8299,3.5621
42.3286,0.8544,3.6654
42.3288,0.7864,3.3894
42.3290,0.6604,2.845
42.3292,0.7021,3.0219
42.3294,0.6665,2.874
42.3296,0.6004,2.5879
42.3298,0.6376,2.7456
42.3300,0.6152,2.6515
42.3302,0.5985,2.5797
42.3304,0.6052,2.6086
42.3306,0.6147,2.6494
42.3308,0.6241,2.6897
42.3310,0.584,2.5148
42.3312,0.5744,2.4712
42.3314,0.6756,2.9052
42.3316,0.7,3.0098
42.3318,0.6238,2.6875
42.3320,0.6188,2.6695
42.3322,0.5808,2.5078
42.3324,0.5614,2.4206
42.3326,0.5639,2.4303
42.3328,0.5642,2.4319
42.3330,0.5724,2.4682
42.3332,0.5701,2.4595
42.3334,0.5054,2.1802
42.3336,0.4959,2.1423
42.3338,0.4847,2.0922
42.3340,0.5317,2.2929
42.3342,0.5256,2.2665
42.3344,0.5253,2.2671
42.3346,0.5365,2.3093
42.3348,0.6121,2.6332
42.3350,0.6183,2.6637
42.3352,0.5616,2.4216
42.3354,0.5304,2.2893
42.3356,0.5276,2.278
42.3358,0.5243,2.2619
42.3360,0.522,2.2521
42.3362,0.5193,2.2402
42.3364,0.5271,2.2727
42.3366,0.528,2.2758
42.3368,0.5262,2.2691
42.3370,0.5223,2.2521
42.3372,0.5522,2.3813
42.3374,0.5309,2.2903
42.3376,0.5302,2.2872
42.3378,0.5398,2.3275
42.3380,0.5526,2.3784
42.3382,0.613,2.6385
42.3384,0.5813,2.5041
42.3386,0.5524,2.3807
42.3388,0.593,2.5535
42.3390,0.6235,2.6834
42.3392,0.635,2.733
42.3394,0.6694,2.8784
42.3396,0.6783,2.9179
42.3398,0.7025,3.0221
42.3400,0.681,2.9243
42.3402,0.79,3.3907
42.3404,0.8307,3.5685
42.3406,0.8085,3.4813
42.3408,0.658,2.8334
42.3410,0.6219,2.6779
42.3412,0.6267,2.6936
42.3414,0.7502,3.2244
42.3416,0.7392,3.1799
42.3418,0.6967,3.0001
42.3420,0.6479,2.7874
42.3422,0.6558,2.8241
42.3424,0.6705,2.887
42.3426,0.6855,2.9488
42.3428,0.7314,3.1464
42.3430,0.7007,3.0115
42.3432,0.7168,3.0835
42.3434,0.716,3.0775
42.3436,0.7522,3.2346
42.3438,0.7247,3.1204
42.3440,0.6257,2.6957
42.3442,0.5954,2.5698
42.3444,0.5188,2.236
42.3446,0.5877,2.5261
42.3448,0.7491,3.2167
42.3450,0.7397,3.182
42.3452,0.6395,2.7577
42.3454,0.5371,2.3172
42.3456,0.4934,2.1265
42.3458,0.5536,2.3848
42.3460,0.5963,2.5675
42.3462,0.6423,2.7619
42.3464,0.6163,2.6537
42.3466,0.603,2.5988
42.3468,0.5431,2.3442
42.3470,0.4922,2.1233
42.3472,0.4881,2.1057
42.3474,0.491,2.1181
42.3476,0.5048,2.1756
42.3478,0.5713,2.4567
42.3480,0.6852,2.9478
42.3482,0.6724,2.894
42.3484,0.6534,2.8111
42.3486,0.6858,2.9463
42.3488,0.7853,3.3785
42.3490,0.6945,2.9903
42.3492,0.6696,2.8794
42.3494,0.7368,3.1667
42.3496,0.7284,3.132
42.3498,0.7183,3.0859
42.3500,0.7335,3.1527
42.3502,0.7466,3.2074
42.3504,0.7627,3.2825
42.3506,0.7117,3.0575
42.3508,0.8184,3.5094
42.3510,0.8955,3.8364
42.3512,0.9574,4.1014
42.3514,0.9576,4.1025
42.3516,0.9512,4.0766
42.3518,0.889,3.8158
42.3520,0.9191,3.9468
42.3522,0.8768,3.7615
42.3524,0.8929,3.8305
42.3526,0.9064,3.8886
42.3528,0.9083,3.8914
42.3530,0.9326,4.0007
42.3532,0.8823,3.7852
42.3534,0.9042,3.877
42.3536,0.9306,3.9906
42.3538,0.8901,3.8204
42.3540,0.8309,3.5695
42.3542,0.8038,3.4547
42.3544,0.7791,3.3454
42.3546,0.811,3.4856
42.3548,0.7329,3.1575
42.3550,0.668,2.8789
42.3552,0.6309,2.7192
42.3554,0.5982,2.5769
42.3556,0.6255,2.6947
42.3558,0.6217,2.6769
42.3560,0.6132,2.639
42.3562,0.6783,2.9179
42.3564,0.7184,3.0892
42.3566,0.7626,3.2759
42.3568,0.7883,3.3835
42.3570,0.9345,4.0146
42.3572,0.8208,3.5312
42.3574,0.7301,3.1436
42.3576,0.6739,2.898
42.3578,0.7556,3.243
42.3580,0.8561,3.6777
42.3582,0.8683,3.732
42.3584,0.7476,3.2145
42.3586,0.7723,3.3238
42.3588,0.7397,3.182
42.3590,0.7462,3.2089
42.3592,0.769,3.3053
42.3594,0.7844,3.3681
42.3596,0.8139,3.4947
42.3598,0.8419,3.622
42.3600,0.788,3.3851
42.3602,0.8405,3.609
42.3604,0.8194,3.525
42.3606,0.7851,3.3712
42.3608,0.8423,3.6201
42.3610,0.7492,3.2202
42.3612,0.7874,3.3825
42.3614,0.8372,3.5968
42.3616,0.7994,3.4356
42.3618,0.8003,3.4414
42.3620,0.7398,3.184
42.3622,0.7215,3.107
42.3624,0.7205,3.098
42.3626,0.7424,3.1894
42.3628,0.7609,3.2794
42.3630,0.6665,2.866
42.3632,0.752,3.2366
42.3634,0.7642,3.2862
42.3636,0.7858,3.3758
42.3638,0.8366,3.5892
42.3640,0.9748,4.1759
42.3642,1.0669,4.5768
42.3644,0.9345,4.0108
42.3646,0.8795,3.7764
42.3648,0.8968,3.8403
42.3650,1.1362,4.8605
42.3652,1.0649,4.5643
42.3654,0.9685,4.155
42.3656,0.9275,3.9791
42.3658,0.9262,3.979
42.3660,0.8454,3.6335
42.3662,0.8215,3.531
42.3664,0.849,3.6456
42.3666,0.9175,3.9377
42.3668,0.9453,4.0496
42.3670,1.0119,4.3412
42.3672,0.9806,4.2168
42.3674,0.8073,3.4745
42.3676,0.8223,3.5324
42.3678,0.8561,3.6794
42.3680,0.7849,3.3811
42.3682,0.7122,3.0696
42.3684,0.6648,2.8708
42.3686,0.6091,2.6215
42.3688,0.7245,3.1228
42.3690,0.6496,2.8037
42.3692,0.5572,2.4047
42.3694,0.5332,2.3034
42.3696,0.5389,2.3261
42.3698,0.5973,2.5757
42.3700,0.563,2.4301
42.3702,0.5431,2.3453
42.3704,0.5417,2.3369
42.3706,0.5397,2.3292
42.3708,0.5374,2.3193
42.3710,0.5416,2.3385
42.3712,0.537,2.3189
42.3714,0.5255,2.2692
42.3716,0.5549,2.3916
42.3718,0.6138,2.6465
42.3720,0.5669,2.4455
42.3722,0.5654,2.4393
42.3724,0.5923,2.5504
42.3726,0.6488,2.7962
42.3728,0.6522,2.8033
42.3730,0.8543,3.6614
42.3732,0.9247,3.9723
42.3734,0.8374,3.6024
42.3736,0.8176,3.5156
42.3738,0.8133,3.4922
42.3740,0.8368,3.5964
42.3742,0.7771,3.3445
42.3744,0.7492,3.2247
42.3746,0.7685,3.3048
42.3748,0.7737,3.33
42.3750,0.7251,3.1225
42.3752,0.7034,3.0304
42.3754,0.7212,3.1025
42.3756,0.7393,3.1819
42.3758,0.7064,3.0419
42.3760,0.7371,3.1711
42.3762,0.7339,3.1572
42.3764,0.7097,3.0516
42.3766,0.7172,3.0898
42.3768,0.6948,2.9905
42.3770,0.711,3.0587
42.3772,0.7006,3.018
42.3774,0.6894,2.9686
42.3776,0.6911,2.9745
42.3778,0.6862,2.9533
42.3780,0.6964,2.9986
42.3782,0.7285,3.134
42.3784,0.7464,3.2064
42.3786,0.8267,3.5482
42.3788,0.8567,3.6785
42.3790,0.8832,3.7959
42.3792,0.8452,3.6308
42.3794,0.8495,3.6426
42.3796,0.9441,4.0501
42.3798,0.9375,4.0199
42.3800,0.9464,4.0618
42.3802,0.8956,3.8548
42.3804,0.8063,3.4655
42.3806,0.8542,3.6694
42.3808,0.867,3.7263
42.3810,0.825,3.5525
42.3812,0.6856,2.9521
42.3814,0.7185,3.0926
42.3816,0.7283,3.1315
42.3818,0.7986,3.4358
42.3820,0.8466,3.6421
42.3822,0.758,3.2579
42.3824,0.8148,3.5021
42.3826,0.8178,3.5166
42.3828,0.8261,3.5506
42.3830,0.8503,3.6479
42.3832,0.9172,3.9422
42.3834,0.8099,3.4842
42.3836,0.817,3.5065
42.3838,1.0241,4.387
42.3840,1.0541,4.5181
42.3842,1.0666,4.5651
42.3844,1.0946,4.6956
42.3846,1.0158,4.3536
42.3848,0.9954,4.2722
42.3850,0.9118,3.919
42.3852,0.8703,3.7372
42.3854,0.9452,4.0604
42.3856,0.9363,4.0204
42.3858,0.9736,4.1766
42.3860,0.9703,4.1589
42.3862,0.9826,4.2172
42.3864,0.9362,4.0292
42.3866,0.8171,3.5168
42.3868,0.8494,3.6471
42.3870,0.8845,3.8033
42.3872,0.829,3.5646
42.3874,0.8714,3.7506
42.3876,0.8123,3.4962
42.3878,0.7929,3.411
42.3880,0.7881,3.3967
42.3882,0.7073,3.0484
42.3884,0.7251,3.1239
42.3886,0.7419,3.1933
42.3888,0.776,3.3429
42.3890,0.7127,3.0673
42.3892,0.7524,3.2367
42.3894,0.8292,3.5623
42.3896,0.9019,3.8726
42.3898,0.916,3.9389
42.3900,0.82,3.5292
42.3902,0.7705,3.3192
42.3904,0.6925,2.9848
42.3906,0.7422,3.1913
42.3908,0.793,3.4131
42.3910,0.7725,3.3249
42.3912,0.7585,3.269
42.3914,0.737,3.1736
42.3916,0.7269,3.1317
42.3918,0.7211,3.0991
42.3920,0.7851,3.3806
42.3922,0.7811,3.3651
42.3924,0.7281,3.1339
42.3926,0.7997,3.4404
42.3928,0.7804,3.3605
42.3930,0.6608,2.8505
42.3932,0.6368,2.7471
42.3934,0.6798,2.9287
42.3936,0.6811,2.933
42.3938,0.6867,2.9636
42.3940,0.6455,2.7797
42.3942,0.7226,3.1145
42.3944,0.667,2.8787
42.3946,0.5918,2.5531
42.3948,0.6105,2.635
42.3950,0.5943,2.5675
42.3952,0.5359,2.3121
42.3954,0.5448,2.3503
42.3956,0.6467,2.7848
42.3958,0.6915,2.9774
42.3960,0.676,2.9148
42.3962,0.6624,2.8538
42.3964,0.6682,2.8786
42.3966,0.6605,2.8468
42.3968,0.7033,3.0257
42.3970,0.8659,3.7182
42.3972,0.8649,3.7158
42.3974,0.8531,3.6682
42.3976,0.8504,3.6535
42.3978,0.8097,3.4881
42.3980,0.7379,3.1772
42.3982,0.7709,3.3197
42.3984,0.7643,3.2898
42.3986,0.776,3.3383
42.3988,0.7984,3.4315
42.3990,0.7997,3.4404
42.3992,0.7936,3.4157
42.3994,0.788,3.3851
42.3996,0.8351,3.5959
42.3998,0.8152,3.5053
42.4000,0.7976,3.4311
42.4002,0.7652,3.2934
42.4004,0.7629,3.279
42.4006,0.8113,3.4872
42.4008,0.8245,3.5439
42.4010,0.8978,3.8605
42.4012,0.8784,3.7788
42.4014,0.803,3.4543
42.4016,0.7827,3.3656
42.4018,0.8254,3.5458
42.4020,0.8714,3.7419
42.4022,0.8301,3.5742
42.4024,0.6992,3.0151
42.4026,0.6214,2.6809
42.4028,0.6268,2.7041
42.4030,0.6315,2.7218
42.4032,0.6216,2.6789
42.4034,0.6208,2.6783
42.4036,0.6198,2.6724
42.4038,0.6233,2.6879
42.4040,0.6797,2.9227
42.4042,0.8805,3.781
42.4044,0.9206,3.9585
42.4046,0.8205,3.5395
42.4048,0.6189,2.6712
42.4050,0.5813,2.5076
42.4052,0.5849,2.5196
42.4054,0.6564,2.8293
42.4056,0.6846,2.9466
42.4058,0.7191,3.0952
42.4060,0.7611,3.2743
42.4062,0.7934,3.4131
42.4064,0.8105,3.4852
42.4066,0.7689,3.3109
42.4068,0.7467,3.2139
42.4070,0.75,3.2293
42.4072,0.7218,3.1066
42.4074,0.7851,3.3728
42.4076,0.852,3.6602
42.4078,0.8402,3.6181
42.4080,0.7442,3.2046
42.4082,0.7489,3.2157
42.4084,0.8309,3.5762
42.4086,0.7821,3.3614
42.4088,0.8006,3.4456
42.4090,0.765,3.2939
42.4092,0.7052,3.0382
42.4094,0.681,2.9352
42.4096,0.6735,2.9026
42.4098,0.6621,2.8496
42.4100,0.7118,3.0623
42.4102,0.707,3.0459
42.4104,0.6991,3.0132
42.4106,0.6846,2.9452
42.4108,0.7599,3.2707
42.4110,0.7411,3.1941
42.4112,0.6786,2.9289
42.4114,0.5638,2.4321
42.4116,0.546,2.3577
42.4118,0.5443,2.3483
42.4120,0.5987,2.5742
42.4122,0.6819,2.9402
42.4124,0.6323,2.7292
42.4126,0.5442,2.3488
42.4128,0.5302,2.2883
42.4130,0.5362,2.3163
42.4132,0.5223,2.2552
42.4134,0.5194,2.2407
42.4136,0.5175,2.2334
42.4138,0.522,2.2542
42.4140,0.5218,2.2531
42.4142,0.5495,2.3683
42.4144,0.6214,2.6821
42.4146,0.5341,2.3043
42.4148,0.5518,2.3803
42.4150,0.594,2.5577
42.4152,0.6592,2.8398
42.4154,0.6193,2.6691
42.4156,0.612,2.6363
42.4158,0.6992,3.0054
42.4160,0.8368,3.5981
42.4162,0.7985,3.4304
42.4164,0.8425,3.6212
42.4166,0.8991,3.8572
42.4168,0.9683,4.1482
42.4170,0.9543,4.1014
42.4172,0.8478,3.6371
42.4174,1.0094,4.3264
42.4176,1.0696,4.5822
42.4178,1.1032,4.7128
42.4180,1.245,5.3237
42.4182,1.1352,4.8586
42.4184,1.0999,4.7034
42.4186,1.1029,4.7294
42.4188,1.0564,4.5236
42.4190,1.1094,4.7483
42.4192,1.0902,4.6684
42.4194,1.0969,4.7037
42.4196,1.0515,4.5068
42.4198,1.0302,4.4194
42.4200,1.0378,4.4461
42.4202,1.0476,4.5003
42.4204,0.9532,4.0911
42.4206,0.9429,4.0506
42.4208,0.906,3.8901
42.4210,0.9239,3.9692
42.4212,0.8922,3.8381
42.4214,0.8671,3.7251
42.4216,0.885,3.8018
42.4218,0.8461,3.6383
42.4220,0.8848,3.8048
42.4222,0.9073,3.8958
42.4224,0.9249,3.9678
42.4226,0.9823,4.2102
42.4228,0.985,4.2353
42.4230,0.8527,3.6667
42.4232,0.8648,3.7239
42.4234,0.7828,3.3708
42.4236,0.7675,3.3016
42.4238,0.8323,3.579
42.4240,0.8176,3.5238
42.4242,0.7157,3.0817
42.4244,0.7203,3.0989
42.4246,0.7513,3.235
42.4248,0.7049,3.0423
42.4250,0.6355,2.7426
42.4252,0.6116,2.6372
42.4254,0.5699,2.4607
42.4256,0.5442,2.3467
42.4258,0.64,2.7559
42.4260,0.7067,3.0415
42.4262,0.7327,3.155
42.4264,0.703,3.0284
42.4266,0.6688,2.8825
42.4268,0.6668,2.8764
42.4270,0.6177,2.6648
42.4272,0.6034,2.6021
42.4274,0.6114,2.635
42.4276,0.6262,2.699
42.4278,0.626,2.7005
42.4280,0.5952,2.5712
42.4282,0.5018,2.1677
42.4284,0.5108,2.2055
42.4286,0.5382,2.3219
42.4288,0.615,2.6517
42.4290,0.6061,2.6147
42.4292,0.5419,2.339
42.4294,0.5382,2.323
42.4296,0.5397,2.3281
42.4298,0.5934,2.5574
42.4300,0.6196,2.6694
42.4302,0.6749,2.9061
42.4304,0.7268,3.1311
42.4306,0.7266,3.1228
42.4308,0.8484,3.6481
42.4310,0.7525,3.2417
42.4312,0.6206,2.6772
42.4314,0.6019,2.5965
42.4316,0.6009,2.5924
42.4318,0.6013,2.594
42.4320,0.5995,2.5838
42.4322,0.5924,2.5557
42.4324,0.5847,2.5226
42.4326,0.6172,2.6628
42.4328,0.6034,2.6009
42.4330,0.5979,2.5795
42.4332,0.588,2.5377
42.4334,0.5843,2.5205
42.4336,0.5784,2.494
42.4338,0.5828,2.5131
42.4340,0.6139,2.6434
42.4342,0.6551,2.8262
42.4344,0.5633,2.4232
42.4346,0.6699,2.8885
42.4348,0.5746,2.4763
42.4350,0.5698,2.4613
42.4352,0.4976,2.1505
42.4354,0.4855,2.0962
42.4356,0.4841,2.0915
42.4358,0.4946,2.1346
42.4360,0.5255,2.2681
42.4362,0.474,2.0447
42.4364,0.4798,2.0719
42.4366,0.5084,2.1961
42.4368,0.5059,2.1832
42.4370,0.4921,2.1247
42.4372,0.4706,2.033
42.4374,0.4689,2.0239
42.4376,0.471,2.0308
42.4378,0.4953,2.1367
42.4380,0.5293,2.2826
42.4382,0.5475,2.3595
42.4384,0.5921,2.5529
42.4386,0.609,2.6234
42.4388,0.6347,2.7307
42.4390,0.6513,2.8018
42.4392,0.7322,3.1441
42.4394,0.8327,3.5772
42.4396,0.8355,3.5874
42.4398,0.841,3.6111
42.4400,0.8223,3.5374
42.4402,0.7416,3.1947
42.4404,0.6814,2.934
42.4406,0.6641,2.8557
42.4408,0.7672,3.2929
42.4410,0.8136,3.4986
42.4412,0.816,3.5073
42.4414,0.7906,3.3996
42.4416,0.8013,3.4439
42.4418,0.7717,3.3197
42.4420,0.7954,3.4186
42.4422,0.7835,3.3661
42.4424,0.7888,3.3982
42.4426,0.6745,2.9019
42.4428,0.7416,3.1843
42.4430,0.7682,3.3078
42.4432,0.5834,2.5169
42.4434,0.5343,2.3059
42.4436,0.5328,2.3007
42.4438,0.5359,2.3121
42.4440,0.5301,2.2867
42.4442,0.5297,2.2862
42.4444,0.5334,2.3012
42.4446,0.5807,2.4992
42.4448,0.6605,2.8455
42.4450,0.655,2.8204
42.4452,0.6781,2.9214
42.4454,0.6404,2.7587
42.4456,0.6359,2.7409
42.4458,0.5915,2.5504
42.4460,0.5406,2.3301
42.4462,0.5859,2.5242
42.4464,0.6229,2.6871
42.4466,0.6158,2.6516
42.4468,0.6298,2.7108
42.4470,0.6377,2.7487
42.4472,0.6259,2.6962
42.4474,0.6443,2.7732
42.4476,0.6277,2.7065
42.4478,0.5636,2.4293
42.4480,0.5495,2.3683
42.4482,0.5737,2.4704
42.4484,0.6168,2.6533
42.4486,0.6586,2.8386
42.4488,0.6216,2.6789
42.4490,0.6361,2.7363
42.4492,0.7495,3.2213
42.4494,0.7679,3.2976
42.4496,0.7685,3.3032
42.4498,0.8237,3.537
42.4500,0.8657,3.712
42.4502,0.9394,4.0225
42.4504,1.049,4.4939
42.4506,1.0682,4.5696
42.4508,1.0957,4.6854
42.4510,1.1079,4.7372
42.4512,1.0842,4.6405
42.4514,1.0498,4.4975
42.4516,0.9702,4.1661
42.4518,0.8853,3.7998
42.4520,0.8836,3.7926
42.4522,0.846,3.6361
42.4524,0.7918,3.4032
42.4526,0.7647,3.2898
42.4528,0.7949,3.4166
42.4530,0.8223,3.5341
42.4532,0.805,3.4631
42.4534,0.7422,3.1884
42.4536,0.7772,3.3419
42.4538,0.7955,3.4192
42.4540,0.8013,3.4391
42.4542,0.8585,3.688
42.4544,0.8054,3.4614
42.4546,0.8576,3.6878
42.4548,0.7603,3.2707
42.4550,0.7275,3.1284
42.4552,0.7874,3.3841
42.4554,0.8165,3.5077
42.4556,0.832,3.5742
42.4558,0.8437,3.6246
42.4560,0.8702,3.7419
42.4562,0.77,3.3125
42.4564,0.7485,3.2202
42.4566,0.7973,3.4285
42.4568,0.7943,3.4188
42.4570,0.684,2.9454
42.4572,0.6588,2.833
42.4574,0.7459,3.2058
42.4576,0.7772,3.3419
42.4578,0.807,3.4719
42.4580,0.8271,3.5547
42.4582,0.7381,3.1812
42.4584,0.6202,2.672
42.4586,0.6915,2.9788
42.4588,0.6859,2.9495
42.4590,0.7598,3.2671
42.4592,0.7555,3.2516
42.4594,0.7773,3.347
42.4596,0.7406,3.1876
42.4598,0.7142,3.0755
42.4600,0.7358,3.1669
42.4602,0.7623,3.2795
42.4604,0.7311,3.141
42.4606,0.7978,3.4305
42.4608,0.8189,3.5213
42.4610,0.8337,3.5797
42.4612,0.8833,3.7964
42.4614,0.7834,3.3702
42.4616,0.8233,3.5338
42.4618,0.8991,3.8608
42.4620,0.8857,3.8031
42.4622,0.8141,3.5072
42.4624,0.7467,3.2154
42.4626,0.7332,3.1556
42.4628,0.7241,3.1164
42.4630,0.7299,3.1417
42.4632,0.737,3.1677
42.4634,0.8471,3.6407
42.4636,0.8111,3.491
42.4638,0.7666,3.298
42.4640,0.807,3.4686
42.4642,0.8823,3.7923
42.4644,0.8558,3.6818
42.4646,0.7834,3.3718
42.4648,0.756,3.2521
42.4650,0.8014,3.4428
42.4652,0.7798,3.3548
42.4654,0.7567,3.2598
42.4656,0.7135,3.0752
42.4658,0.6593,2.8417
42.4660,0.6241,2.6885
42.4662,0.6429,2.7696
42.4664,0.7056,3.0383
42.4666,0.7335,3.1557
42.4668,0.7235,3.1123
42.4670,0.6698,2.8866
42.4672,0.6741,2.9039
42.4674,0.7151,3.0791
42.4676,0.6458,2.7859
42.4678,0.5746,2.4798
42.4680,0.5856,2.525
42.4682,0.5772,2.4888
42.4684,0.5446,2.3504
42.4686,0.5447,2.3498
42.4688,0.5475,2.3617
42.4690,0.5453,2.3546
42.4692,0.5427,2.3421
42.4694,0.5411,2.3343
42.4696,0.5465,2.3576
42.4698,0.5457,2.3551
42.4700,0.5415,2.3348
42.4702,0.5413,2.3364
42.4704,0.5407,2.3338
42.4706,0.5534,2.3854
42.4708,0.6238,2.6875
42.4710,0.6158,2.6565
42.4712,0.5627,2.4274
42.4714,0.557,2.4031
42.4716,0.5545,2.3911
42.4718,0.5863,2.5234
42.4720,0.6516,2.806
42.4722,0.6437,2.7732
42.4724,0.6708,2.8899
42.4726,0.6542,2.8155
42.4728,0.7266,3.1258
42.4730,0.7729,3.3233
42.4732,0.7946,3.4135
42.4734,0.8109,3.4851
42.4736,0.7268,3.1297
42.4738,0.6895,2.9705
42.4740,0.7368,3.1637
42.4742,0.7317,3.1523
42.4744,0.6464,2.7859
42.4746,0.6271,2.7002
42.4748,0.6573,2.8303
42.4750,0.6675,2.8715
42.4752,0.7458,3.2113
42.4754,0.6828,2.9402
42.4756,0.6887,2.9614
42.4758,0.7466,3.2104
42.4760,0.7465,3.2099
42.4762,0.7271,3.1322
42.4764,0.672,2.8964
42.4766,0.6016,2.5907
42.4768,0.5923,2.5516
42.4770,0.5683,2.454
42.4772,0.4886,2.1117
42.4774,0.4822,2.0813
42.4776,0.5013,2.1626
42.4778,0.5514,2.3777
42.4780,0.6232,2.6861
42.4782,0.6289,2.7054
42.4784,0.6665,2.8687
42.4786,0.6214,2.6796
42.4788,0.6099,2.6275
42.4790,0.6516,2.8047
42.4792,0.6581,2.8352
42.4794,0.6012,2.591
42.4796,0.6341,2.7319
42.4798,0.6231,2.6856
42.4800,0.5716,2.4645
42.4802,0.565,2.4361
42.4804,0.5839,2.5166
42.4806,0.6803,2.9239
42.4808,0.7539,3.2434
42.4810,0.6488,2.7949
42.4812,0.6043,2.6045
42.4814,0.638,2.742
42.4816,0.7014,3.016
42.4818,0.7877,3.3825
42.4820,0.8431,3.6237
42.4822,0.7456,3.2048
42.4824,0.8444,3.6227
42.4826,0.9269,3.9728
42.4828,0.9555,4.099
42.4830,0.9794,4.2018
42.4832,0.8958,3.8446
42.4834,0.9253,3.9638
42.4836,1.0212,4.3747
42.4838,1.079,4.6201
42.4840,1.1227,4.7963
42.4842,1.1483,4.9146
42.4844,1.0574,4.5362
42.4846,0.907,3.8912
42.4848,0.8576,3.6792
42.4850,0.8979,3.8539
42.4852,0.8973,3.8567
42.4854,0.8735,3.7506
42.4856,0.8557,3.6796
42.4858,0.8202,3.5188
42.4860,0.9278,3.9801
42.4862,0.9265,3.9782
42.4864,0.9002,3.8618
42.4866,0.966,4.1442
42.4868,0.9689,4.1585
42.4870,0.9016,3.8716
42.4872,0.8721,3.7502
42.4874,0.8607,3.6943
42.4876,0.8912,3.8304
42.4878,0.7857,3.3895
42.4880,0.6213,2.6754
42.4882,0.6624,2.8564
42.4884,0.6488,2.7962
42.4886,0.6392,2.7561
42.4888,0.6345,2.7334
42.4890,0.6446,2.7768
42.4892,0.6228,2.6816
42.4894,0.6564,2.8253
42.4896,0.6952,2.9948
42.4898,0.7073,3.0484
42.4900,0.6804,2.9353
42.4902,0.5853,2.5252
42.4904,0.5688,2.4504
42.4906,0.6412,2.7624
42.4908,0.6522,2.8099
42.4910,0.6585,2.8328
42.4912,0.7054,3.033
42.4914,0.7114,3.0674
42.4916,0.6437,2.7745
42.4918,0.6748,2.907
42.4920,0.6335,2.7331
42.4922,0.5973,2.5745
42.4924,0.604,2.6022
42.4926,0.6761,2.9086
42.4928,0.6839,2.9503
42.4930,0.5982,2.5805
42.4932,0.5359,2.3121
42.4934,0.5877,2.5332
42.4936,0.6015,2.5962
42.4938,0.5683,2.4494
42.4940,0.5789,2.4984
42.4942,0.5213,2.2521
42.4944,0.4791,2.0688
42.4946,0.4976,2.1475
42.4948,0.5285,2.2789
42.4950,0.6025,2.6015
42.4952,0.5211,2.249
42.4954,0.5477,2.3628
42.4956,0.5117,2.2076
42.4958,0.5047,2.1771
42.4960,0.56,2.4127
42.4962,0.5719,2.4638
42.4964,0.5537,2.3864
42.4966,0.6128,2.6399
42.4968,0.6795,2.9258
42.4970,0.673,2.8965
42.4972,0.7138,3.0677
42.4974,0.7712,3.3207
42.4976,0.6882,2.9662
42.4978,0.5971,2.5735
42.4980,0.5971,2.5711
42.4982,0.6207,2.674
42.4984,0.655,2.8218
42.4986,0.6681,2.8754
42.4988,0.6723,2.8934
42.4990,0.6707,2.8881
42.4992,0.6801,2.927
42.4994,0.6787,2.9186
42.4996,0.7045,3.0337
42.4998,0.7169,3.0854
42.5000,0.6522,2.8086
42.5002,0.6327,2.7269
42.5004,0.6229,2.6821
42.5006,0.6829,2.9366
42.5008,0.7034,3.0304
42.5010,0.6182,2.6669
42.5012,0.5755,2.4735
42.5014,0.6895,2.9691
42.5016,0.6398,2.7587
42.5018,0.6302,2.7123
42.5020,0.6918,2.9748
42.5022,0.6708,2.8859
42.5024,0.675,2.9053
42.5026,0.6319,2.7246
42.5028,0.517,2.2314
42.5030,0.5102,2.2019
42.5032,0.5488,2.3685
42.5034,0.5092,2.1957
42.5036,0.4967,2.1439
42.5038,0.4918,2.1237
42.5040,0.4933,2.1279
42.5042,0.4889,2.1083
42.5044,0.4951,2.1347
42.5046,0.4981,2.1486
42.5048,0.5406,2.329
42.5050,0.5852,2.5246
42.5052,0.5793,2.4981
42.5054,0.6311,2.7164
42.5056,0.6618,2.8472
42.5058,0.6314,2.7213
42.5060,0.6085,2.6201
42.5062,0.6698,2.8813
42.5064,0.7086,3.0441
42.5066,0.7638,3.2857
42.5068,0.7268,3.1297
42.5070,0.6933,2.981
42.5072,0.7303,3.1388
42.5074,0.7955,3.4239
42.5076,0.6531,2.8122
42.5078,0.6048,2.6029
42.5080,0.607,2.6164
42.5082,0.5855,2.5257
42.5084,0.585,2.5201
42.5086,0.6304,2.7121
42.5088,0.6379,2.7492
42.5090,0.6004,2.5891
42.5092,0.5841,2.5165
42.5094,0.5856,2.5203
42.5096,0.6051,2.6081
42.5098,0.5801,2.5036
42.5100,0.5043,2.1755
42.5102,0.4809,2.0756
42.5104,0.4767,2.0565
42.5106,0.4847,2.0922
42.5108,0.4825,2.0814
42.5110,0.4837,2.0856
42.5112,0.4873,2.1011
42.5114,0.5056,2.1782
42.5116,0.5942,2.5611
42.5118,0.6038,2.6036
42.5120,0.5952,2.5628
42.5122,0.5857,2.5232
42.5124,0.5858,2.5249
42.5126,0.5489,2.3657
42.5128,0.4989,2.1522
42.5130,0.4991,2.1523
42.5132,0.5122,2.2066
42.5134,0.5521,2.3775
42.5136,0.5694,2.4564
42.5138,0.4831,2.084
42.5140,0.4676,2.0163
42.5142,0.4755,2.0514
42.5144,0.4785,2.0633
42.5146,0.5041,2.1725
42.5148,0.5303,2.2835
42.5150,0.5834,2.5122
42.5152,0.5995,2.5838
42.5154,0.5688,2.4481
42.5156,0.6527,2.8041
42.5158,0.7347,3.1594
42.5160,0.7133,3.0671
42.5162,0.7093,3.0458
42.5164,0.7757,3.3279
42.5166,0.8082,3.4706
42.5168,0.8925,3.8236
42.5170,0.9625,4.1255
42.5172,0.9453,4.0515
42.5174,0.9208,3.9521
42.5176,0.8762,3.759
42.5178,0.8697,3.7329
42.5180,0.8134,3.4927
42.5182,0.7769,3.3393
42.5184,0.7863,3.3779
42.5186,0.8286,3.5564
42.5188,0.8002,3.4361
42.5190,0.8116,3.485
42.5192,0.8732,3.7444
42.5194,0.8701,3.7327
42.5196,0.8696,3.7324
42.5198,0.8639,3.7112
42.5200,0.8508,3.6482
42.5202,0.8809,3.7825
42.5204,0.9008,3.8608
42.5206,1.0134,4.3373
42.5208,1.0264,4.3891
42.5210,1.0133,4.3489
42.5212,0.8135,3.4997
42.5214,0.7761,3.3341
42.5216,0.805,3.4599
42.5218,0.8145,3.499
42.5220,0.8006,3.4344
42.5222,0.8474,3.6372
42.5224,0.8733,3.7484
42.5226,0.7971,3.429
42.5228,0.7115,3.0636
42.5230,0.7044,3.0317
42.5232,0.7098,3.0521
42.5234,0.7069,3.044
42.5236,0.6596,2.8361
42.5238,0.7154,3.0764
42.5240,0.7476,3.2115
42.5242,0.7783,3.3403
42.5244,0.8691,3.7286
42.5246,0.8883,3.8162
42.5248,0.7801,3.3542
42.5250,0.7847,3.3744
42.5252,0.7798,3.3563
42.5254,0.6751,2.9085
42.5256,0.6441,2.7722
42.5258,0.6508,2.7998
42.5260,0.6876,2.9622
42.5262,0.6256,2.6952
42.5264,0.6657,2.8651
42.5266,0.6538,2.8153
42.5268,0.6337,2.7273
42.5270,0.6793,2.9212
42.5272,0.7344,3.1593
42.5274,0.7479,3.2146
42.5276,0.7885,3.3919
42.5278,0.759,3.2635
42.5280,0.7251,3.1181
42.5282,0.7097,3.0601
42.5284,0.612,2.6375
42.5286,0.6162,2.6544
42.5288,0.5746,2.4752
42.5290,0.5699,2.4573
42.5292,0.6127,2.6419
42.5294,0.5845,2.5192
42.5296,0.573,2.4707
42.5298,0.5617,2.4233
42.5300,0.5626,2.4246
42.5302,0.5705,2.4576
42.5304,0.5991,2.5787
42.5306,0.6727,2.8955
42.5308,0.6642,2.8615
42.5310,0.5651,2.4389
42.5312,0.4798,2.0738
42.5314,0.4966,2.1414
42.5316,0.5364,2.3131
42.5318,0.5235,2.2572
42.5320,0.5295,2.2852
42.5322,0.5346,2.3053
42.5324,0.5344,2.3011
42.5326,0.6057,2.6095
42.5328,0.6003,2.5898
42.5330,0.5381,2.3203
42.5332,0.5303,2.2867
42.5334,0.5359,2.3121
42.5336,0.5387,2.3197
42.5338,0.5886,2.5344
42.5340,0.6177,2.6599
42.5342,0.6146,2.6489
42.5344,0.5451,2.3492
42.5346,0.5301,2.2878
42.5348,0.5274,2.2743
42.5350,0.5296,2.2836
42.5352,0.5244,2.2603
42.5354,0.5249,2.2624
42.5356,0.5298,2.2825
42.5358,0.579,2.4931
42.5360,0.6033,2.5979
42.5362,0.6032,2.6022
42.5364,0.5575,2.4029
42.5366,0.5508,2.374
42.5368,0.5297,2.2852
42.5370,0.5238,2.2567
42.5372,0.6287,2.7036
42.5374,0.6967,2.9973
42.5376,0.6136,2.6423
42.5378,0.5887,2.5385
42.5380,0.6069,2.6134
42.5382,0.6376,2.7405
42.5384,0.7159,3.0813
42.5386,0.7007,3.0129
42.5388,0.7297,3.1406
42.5390,0.6546,2.8137
42.5392,0.697,2.9956
42.5394,0.745,3.2082
42.5396,0.6433,2.7686
42.5398,0.6045,2.6019
42.5400,0.6079,2.6188
42.5402,0.623,2.6801
42.5404,0.723,3.1059
42.5406,0.7303,3.1403
42.5408,0.7037,3.0244
42.5410,0.7152,3.071
42.5412,0.7516,3.2351
42.5414,0.6838,2.943
42.5416,0.7015,3.0137
42.5418,0.6775,2.9229
42.5420,0.5415,2.3348
42.5422,0.5317,2.2908
42.5424,0.5977,2.5713
42.5426,0.6362,2.7381
42.5428,0.6554,2.8246
42.5430,0.559,2.408
42.5432,0.5397,2.3259
42.5434,0.5604,2.4153
42.5436,0.6129,2.6368
42.5438,0.7212,3.0968
42.5440,0.6924,2.9829
42.5442,0.5383,2.3203
42.5444,0.5235,2.2625
42.5446,0.4658,2.0104
42.5448,0.4892,2.1074
42.5450,0.5168,2.2283
42.5452,0.4957,2.1373
42.5454,0.4987,2.1482
42.5456,0.5644,2.4301
42.5458,0.5929,2.553
42.5460,0.5755,2.4805
42.5462,0.5766,2.4863
42.5464,0.568,2.4434
42.5466,0.6292,2.712
42.5468,0.6008,2.5859
42.5470,0.6537,2.8108
42.5472,0.6568,2.8269
42.5474,0.6132,2.6378
42.5476,0.6308,2.7174
42.5478,0.5723,2.4654
42.5480,0.5895,2.5386
42.5482,0.6134,2.645
42.5484,0.6051,2.6032
42.5486,0.6433,2.7698
42.5488,0.5958,2.563
42.5490,0.6467,2.7809
42.5492,0.657,2.8266
42.5494,0.6889,2.961
42.5496,0.7321,3.1466
42.5498,0.7009,3.0168
42.5500,0.6856,2.9452
42.5502,0.8277,3.549
42.5504,0.9242,3.9592
42.5506,0.9267,3.9681
42.5508,0.9634,4.1252
42.5510,1.0164,4.3521
42.5512,1.0245,4.3932
42.5514,0.9639,4.1311
42.5516,0.9472,4.0578
42.5518,0.9911,4.2438
42.5520,1.0163,4.3577
42.5522,0.9241,3.9568
42.5524,0.9387,4.0269
42.5526,0.9494,4.0689
42.5528,0.994,4.2621
42.5530,0.9393,4.0295
42.5532,0.9362,4.0143
42.5534,0.9709,4.1634
42.5536,0.9471,4.0535
42.5538,1.005,4.3034
42.5540,1.0573,4.5272
42.5542,1.0509,4.5042
42.5544,0.9502,4.0915
42.5546,0.6962,2.9994
42.5548,0.6675,2.8741
42.5550,0.6566,2.8258
42.5552,0.6894,2.9631
42.5554,0.7467,3.2124
42.5556,0.7533,3.2438
42.5558,0.7154,3.0792
42.5560,0.699,3.0071
42.5562,0.7542,3.2429
42.5564,0.762,3.2794
42.5566,0.7219,3.1071
42.5568,0.665,2.862
42.5570,0.6621,2.8456
42.5572,0.75,3.2188
42.5574,0.8359,3.5912
42.5576,0.8317,3.5748
42.5578,0.7809,3.3594
42.5580,0.7323,3.1476
42.5582,0.7861,3.3769
42.5584,0.7954,3.4218
42.5586,0.7528,3.2342
42.5588,0.7781,3.3429
42.5590,0.808,3.4695
42.5592,0.8237,3.5403
42.5594,0.7831,3.3718
42.5596,0.7221,3.1081
42.5598,0.678,2.9209
42.5600,0.632,2.7226
42.5602,0.6187,2.664
42.5604,0.6676,2.8706
42.5606,0.7681,3.3027
42.5608,0.7709,3.3151
42.5610,0.7766,3.3393
42.5612,0.7902,3.3965
42.5614,0.8512,3.6566
42.5616,0.8664,3.7203
42.5618,0.8696,3.7342
42.5620,0.8159,3.51
42.5622,0.7739,3.331
42.5624,0.712,3.0643
42.5626,0.714,3.0745
42.5628,0.7136,3.0686
42.5630,0.8142,3.493
42.5632,0.8928,3.8317
42.5634,0.8514,3.6576
42.5636,0.7813,3.3532
42.5638,0.8768,3.765
42.5640,0.9187,3.9447
42.5642,0.8938,3.8435
42.5644,0.8122,3.4908
42.5646,0.7976,3.4295
42.5648,0.7706,3.3135
42.5650,0.7299,3.1431
42.5652,0.6377,2.7461
42.5654,0.6898,2.9715
42.5656,0.7356,3.1644
42.5658,0.7441,3.204
42.5660,0.6639,2.86
42.5662,0.6518,2.8039
42.5664,0.6913,2.9769
42.5666,0.643,2.7662
42.5668,0.6954,2.9903
42.5670,0.7562,3.2501
42.5672,0.7983,3.4406
42.5674,0.6268,2.7004
42.5676,0.6635,2.8558
42.5678,0.6476,2.7962
42.5680,0.4933,2.1319
42.5682,0.4573,1.9746
42.5684,0.456,1.9689
42.5686,0.4535,1.9589
42.5688,0.4544,1.9631
42.5690,0.4536,1.9585
42.5692,0.4514,1.9501
42.5694,0.4541,1.9606
42.5696,0.4539,1.9601
42.5698,0.4523,1.951
42.5700,0.4497,1.9429
42.5702,0.4507,1.9479
42.5704,0.4554,1.9663
42.5706,0.4544,1.9622
42.5708,0.4529,1.9563
42.5710,0.4494,1.9404
42.5712,0.4571,1.9717
42.5714,0.5023,2.1667
42.5716,0.5323,2.2944
42.5718,0.5817,2.505
42.5720,0.6028,2.5971
42.5722,0.549,2.3673
42.5724,0.5511,2.3761
42.5726,0.5821,2.5054
42.5728,0.6319,2.7183
42.5730,0.6714,2.8871
42.5732,0.7123,3.063
42.5734,0.7655,3.2873
42.5736,0.7454,3.2082
42.5738,0.6183,2.6637
42.5740,0.5683,2.4494
42.5742,0.5694,2.4552
42.5744,0.5798,2.4979
42.5746,0.6278,2.7007
42.5748,0.5947,2.5631
42.5750,0.5302,2.2841
42.5752,0.5273,2.2738
42.5754,0.5141,2.2169
42.5756,0.5677,2.4457
42.5758,0.5825,2.5104
42.5760,0.5717,2.4628
42.5762,0.6183,2.6612
42.5764,0.69,2.9643
42.5766,0.7669,3.2975
42.5768,0.7031,3.0261
42.5770,0.6302,2.7123
42.5772,0.6195,2.6713
42.5774,0.6079,2.6163
42.5776,0.6524,2.8065
42.5778,0.6677,2.8752
42.5780,0.6606,2.8434
42.5782,0.6103,2.6279
42.5784,0.6103,2.6266
42.5786,0.6135,2.6406
42.5788,0.655,2.8178
42.5790,0.6504,2.8008
42.5792,0.6064,2.6126
42.5794,0.6557,2.8209
42.5796,0.6323,2.7241
42.5798,0.5735,2.4705
42.5800,0.571,2.4608
42.5802,0.5758,2.478
42.5804,0.6435,2.7747
42.5806,0.6232,2.6849
42.5808,0.61,2.6268
42.5810,0.6452,2.7768
42.5812,0.7015,3.0208
42.5814,0.6152,2.6503
42.5816,0.5759,2.4797
42.5818,0.6727,2.8901
42.5820,0.7423,3.1963
42.5822,0.6845,2.9461
42.5824,0.6983,2.9998
42.5826,0.7509,3.2275
42.5828,0.7361,3.165
42.5830,0.7211,3.0977
42.5832,0.776,3.3321
42.5834,0.8289,3.5558
42.5836,0.9466,4.0571
42.5838,1.0092,4.3274
42.5840,0.8938,3.8417
42.5842,0.8753,3.7513
42.5844,0.9938,4.2576
42.5846,0.9629,4.1308
42.5848,0.9257,3.9677
42.5850,0.9496,4.0719
42.5852,0.8737,3.7569
42.5854,0.7562,3.2486
42.5856,0.8171,3.5119
42.5858,0.8067,3.4687
42.5860,0.769,3.3053
42.5862,0.7841,3.3718
42.5864,0.805,3.4583
42.5866,0.7924,3.4026
42.5868,0.8319,3.5703
42.5870,0.8641,3.7087
42.5872,0.8798,3.7779
42.5874,0.8944,3.8389
42.5876,0.9057,3.8909
42.5878,0.8203,3.5209
42.5880,0.7864,3.3784
42.5882,0.7725,3.3202
42.5884,0.7357,3.162
42.5886,0.7984,3.4331
42.5888,0.7465,3.2144
42.5890,0.6881,2.9616
42.5892,0.6893,2.9681
42.5894,0.6997,3.0088
42.5896,0.6874,2.9571
42.5898,0.6877,2.9586
42.5900,0.6978,3.0006
42.5902,0.7038,3.032
42.5904,0.6525,2.8109
42.5906,0.6562,2.8282
42.5908,0.647,2.7846
42.5910,0.6491,2.7951
42.5912,0.6412,2.7636
42.5914,0.6337,2.7247
42.5916,0.6597,2.8379
42.5918,0.6983,3.0082
42.5920,0.6043,2.6069
42.5922,0.5821,2.5065
42.5924,0.6763,2.9096
42.5926,0.6761,2.914
42.5928,0.5987,2.5754
42.5930,0.6247,2.6911
42.5932,0.5931,2.5564
42.5934,0.6268,2.7016
42.5936,0.6262,2.6953
42.5938,0.7093,3.0458
42.5940,0.806,3.4688
42.5942,0.6919,2.9795
42.5944,0.678,2.9141
42.5946,0.7308,3.1409
42.5948,0.7103,3.0584
42.5950,0.6549,2.8239
42.5952,0.5789,2.4972
42.5954,0.5624,2.4241
42.5956,0.5686,2.4516
42.5958,0.555,2.3932
42.5960,0.5564,2.3994
42.5962,0.5497,2.3715
42.5964,0.5539,2.3863
42.5966,0.5695,2.4546
42.5968,0.6148,2.6512
42.5970,0.6681,2.874
42.5972,0.7015,3.0236
42.5974,0.5351,2.3074
42.5976,0.5039,2.1719
42.5978,0.5808,2.5043
42.5980,0.5743,2.4741
42.5982,0.6039,2.5993
42.5984,0.6579,2.8328
42.5986,0.669,2.8808
42.5988,0.6831,2.9372
42.5990,0.6972,2.9994
42.5992,0.7075,3.0494
42.5994,0.6217,2.6769
42.5996,0.6094,2.6255
42.5998,0.6146,2.6465
42.6000,0.6338,2.7291
42.6002,0.6346,2.7301
42.6004,0.6971,2.9975
42.6006,0.7629,3.2805
42.6008,0.7744,3.33
42.6010,0.7133,3.0657
42.6012,0.6461,2.7848
42.6014,0.5427,2.341
42.6016,0.5385,2.3229
42.6018,0.5319,2.2945
42.6020,0.525,2.265
42.6022,0.5261,2.2697
42.6024,0.5302,2.2862
42.6026,0.5434,2.342
42.6028,0.5335,2.2996
42.6030,0.5274,2.2743
42.6032,0.5332,2.298
42.6034,0.5454,2.3518
42.6036,0.5518,2.3759
42.6038,0.6662,2.8658
42.6040,0.7187,3.0932
42.6042,0.6966,2.994
42.6044,0.7197,3.0964
42.6046,0.6277,2.7065
42.6048,0.5588,2.4086
42.6050,0.584,2.5148
42.6052,0.5861,2.5283
42.6054,0.5388,2.3223
42.6056,0.5985,2.5761
42.6058,0.6283,2.7041
42.6060,0.631,2.7159
42.6062,0.6674,2.8696
42.6064,0.678,2.9169
42.6066,0.6374,2.7458
42.6068,0.5993,2.5792
42.6070,0.6724,2.8953
42.6072,0.6903,2.9681
42.6074,0.6688,2.8771
42.6076,0.6801,2.9283
42.6078,0.6052,2.6074
42.6080,0.559,2.4091
42.6082,0.5658,2.4386
42.6084,0.5596,2.4151
42.6086,0.4617,1.9919
42.6088,0.4489,1.9356
42.6090,0.4771,2.0581
42.6092,0.4568,1.9698
42.6094,0.535,2.3079
42.6096,0.4934,2.1265
42.6098,0.4886,2.1078
42.6100,0.4937,2.13
42.6102,0.5226,2.2536
42.6104,0.5442,2.3456
42.6106,0.5628,2.4234
42.6108,0.6066,2.6131
42.6110,0.6098,2.6246
42.6112,0.6028,2.5947
42.6114,0.606,2.6141
42.6116,0.5244,2.2624
42.6118,0.497,2.143
42.6120,0.4883,2.1067
42.6122,0.4893,2.1109
42.6124,0.493,2.1249
42.6126,0.5052,2.1776
42.6128,0.5668,2.4382
42.6130,0.6118,2.6346
42.6132,0.6157,2.6499
42.6134,0.6762,2.9064
42.6136,0.74,3.1806
42.6138,0.7196,3.0944
42.6140,0.7082,3.0468
42.6142,0.5996,2.5831
42.6144,0.4996,2.1523
42.6146,0.5325,2.2928
42.6148,0.5575,2.4029
42.6150,0.6222,2.679
42.6152,0.6504,2.7943
42.6154,0.6699,2.8858
42.6156,0.6381,2.7438
42.6158,0.7352,3.1541
42.6160,0.7942,3.4071
42.6162,0.7989,3.4304
42.6164,0.8045,3.453
42.6166,0.8339,3.5757
42.6168,0.9136,3.9121
42.6170,0.958,4.1078
42.6172,0.9322,3.9936
42.6174,1.0104,4.3244
42.6176,1.0509,4.5021
42.6178,1.0077,4.3131
42.6180,1.0404,4.459
42.6182,1.0119,4.3331
42.6184,1.0158,4.3536
42.6186,1.0288,4.3993
42.6188,1.0688,4.5786
42.6190,1.0294,4.4101
42.6192,1.0263,4.3988
42.6194,1.0015,4.2965
42.6196,0.9052,3.8871
42.6198,0.8754,3.7519
42.6200,1.0095,4.3229
42.6202,1.0757,4.6041
42.6204,0.9792,4.1969
42.6206,0.9312,3.9913
42.6208,0.9278,3.9764
42.6210,0.9249,3.9733
42.6212,0.81,3.4799
42.6214,0.9008,3.8644
42.6216,0.9526,4.0828
42.6218,0.9636,4.1339
42.6220,0.9187,3.9447
42.6222,0.8366,3.5942
42.6224,0.8389,3.6074
42.6226,0.7943,3.4156
42.6228,0.7721,3.3171
42.6230,0.8286,3.5581
42.6232,0.8871,3.8058
42.6234,0.9215,3.9534
42.6236,0.8392,3.6135
42.6238,0.7436,3.2005
42.6240,0.7111,3.0621
42.6242,0.7024,3.0244
42.6244,0.698,3.0072
42.6246,0.69,2.9712
42.6248,0.7177,3.089
42.6250,0.7238,3.1139
42.6252,0.7273,3.1274
42.6254,0.7789,3.3491
42.6256,0.8084,3.4743
42.6258,0.7941,3.4146
42.6260,0.7244,3.1252
42.6262,0.6198,2.6724
42.6264,0.6121,2.6368
42.6266,0.6073,2.6162
42.6268,0.684,2.9413
42.6270,0.7825,3.3614
42.6272,0.8353,3.5936
42.6274,0.7503,3.2279
42.6276,0.7784,3.347
42.6278,0.7419,3.1962
42.6280,0.6502,2.8037
42.6282,0.5935,2.558
42.6284,0.5864,2.5286
42.6286,0.5868,2.5279
42.6288,0.5843,2.5182
42.6290,0.6003,2.5874
42.6292,0.6592,2.8359
42.6294,0.7118,3.0652
42.6296,0.7069,3.0412
42.6298,0.7972,3.4296
42.6300,0.7621,3.2754
42.6302,0.7955,3.416
42.6304,0.7675,3.3063
42.6306,0.656,2.8272
42.6308,0.6497,2.799
42.6310,0.6536,2.8142
42.6312,0.6503,2.8029
42.6314,0.6591,2.8393
42.6316,0.6363,2.7412
42.6318,0.5791,2.4971
42.6320,0.5769,2.4878
42.6322,0.5791,2.496
42.6324,0.6268,2.7016
42.6326,0.6165,2.6572
42.6328,0.614,2.6439
42.6330,0.6281,2.7048
42.6332,0.6356,2.7368
42.6334,0.6247,2.6948
42.6336,0.569,2.4537
42.6338,0.5669,2.441
42.6340,0.6038,2.6024
42.6342,0.5985,2.5809
42.6344,0.5671,2.4488
42.6346,0.4913,2.1216
42.6348,0.4746,2.0482
42.6350,0.4699,2.028
42.6352,0.5031,2.1713
42.6354,0.4873,2.104
42.6356,0.4676,2.02
42.6358,0.5225,2.2552
42.6360,0.4911,2.1196
42.6362,0.4648,2.0063
42.6364,0.4789,2.0678
42.6366,0.4735,2.0435
42.6368,0.4648,2.0053
42.6370,0.4603,1.9848
42.6372,0.5158,2.2241
42.6374,0.5674,2.4464
42.6376,0.5642,2.4319
42.6378,0.5645,2.4329
42.6380,0.6344,2.7329
42.6382,0.6871,2.9574
42.6384,0.6845,2.9447
42.6386,0.6672,2.8704
42.6388,0.6921,2.9786
42.6390,0.7304,3.1364
42.6392,0.7514,3.228
42.6394,0.7705,3.3099
42.6396,0.7976,3.4279
42.6398,0.7868,3.3847
42.6400,0.7221,3.1081
42.6402,0.6509,2.8029
42.6404,0.6534,2.8111
42.6406,0.7112,3.0583
42.6408,0.7437,3.1995
42.6410,0.7471,3.211
42.6412,0.7099,3.0569
42.6414,0.6723,2.8934
42.6416,0.6784,2.917
42.6418,0.7188,3.0922
42.6420,0.7133,3.0699
42.6422,0.6181,2.6639
42.6424,0.5755,2.4805
42.6426,0.554,2.388
42.6428,0.5446,2.3493
42.6430,0.5429,2.3431
42.6432,0.5347,2.3026
42.6434,0.6165,2.651
42.6436,0.6804,2.9299
42.6438,0.6281,2.7061
42.6440,0.6091,2.6227
42.6442,0.6648,2.8601
42.6444,0.6949,2.9924
42.6446,0.6391,2.7531
42.6448,0.6082,2.6215
42.6450,0.6147,2.6445
42.6452,0.6805,2.9277
42.6454,0.6762,2.9145
42.6456,0.603,2.5964
42.6458,0.6028,2.5947
42.6460,0.6509,2.8042
42.6462,0.634,2.7288
42.6464,0.6405,2.7567
42.6466,0.5722,2.466
42.6468,0.4936,2.1295
42.6470,0.4916,2.1217
42.6472,0.4967,2.1429
42.6474,0.5293,2.2794
42.6476,0.5834,2.5146
42.6478,0.5923,2.5528
42.6480,0.6241,2.6885
42.6482,0.5975,2.5678
42.6484,0.7177,3.0862
42.6486,0.7159,3.0813
42.6488,0.6712,2.8848
42.6490,0.7466,3.2074
42.6492,0.7568,3.2573
42.6494,0.7188,3.0922
42.6496,0.7116,3.0613
42.6498,0.6945,2.9847
42.6500,0.7159,3.0784
42.6502,0.7578,3.2477
42.6504,0.9503,4.0749
42.6506,0.919,3.9389
42.6508,0.9775,4.1897
42.6510,1.0381,4.4471
42.6512,1.0136,4.3363
42.6514,1.0688,4.5765
42.6516,1.0206,4.3803
42.6518,0.8859,3.7971
42.6520,0.8834,3.7934
42.6522,0.8014,3.4444
42.6524,0.8364,3.5932
42.6526,0.8693,3.7291
42.6528,0.8767,3.7628
42.6530,0.8743,3.7577
42.6532,0.8027,3.4469
42.6534,0.856,3.672
42.6536,0.823,3.5372
42.6538,0.7683,3.3006
42.6540,0.8056,3.4657
42.6542,0.7675,3.3016
42.6544,0.7573,3.2563
42.6546,0.747,3.2105
42.6548,0.8009,3.4407
42.6550,0.7622,3.2805
42.6552,0.748,3.2166
42.6554,0.7785,3.346
42.6556,0.7895,3.3934
42.6558,0.9177,3.9388
42.6560,0.8687,3.7318
42.6562,0.7393,3.1804
42.6564,0.7471,3.214
42.6566,0.7331,3.1536
42.6568,0.6985,3.0106
42.6570,0.6133,2.6445
42.6572,0.6428,2.7704
42.6574,0.7007,3.0143
42.6576,0.6962,2.9967
42.6578,0.737,3.1706
42.6580,0.7533,3.2363
42.6582,0.7657,3.297
42.6584,0.7076,3.0471
42.6586,0.7056,3.0327
42.6588,0.7426,3.1949
42.6590,0.6856,2.9521
42.6592,0.7257,3.1221
42.6594,0.7462,3.2089
42.6596,0.7614,3.2723
42.6598,0.7628,3.28
42.6600,0.7497,3.2193
42.6602,0.8775,3.7681
42.6604,0.9191,3.9449
42.6606,0.9369,4.0192
42.6608,0.8679,3.7287
42.6610,0.7809,3.3641
42.6612,0.7108,3.0591
42.6614,0.7028,3.0222
42.6616,0.7359,3.166
42.6618,0.7709,3.3166
42.6620,0.7614,3.2769
42.6622,0.7315,3.1469
42.6624,0.7009,3.0196
42.6626,0.6275,2.706
42.6628,0.6091,2.6251
42.6630,0.6226,2.6823
42.6632,0.6261,2.696
42.6634,0.6443,2.7719
42.6636,0.7347,3.1608
42.6638,0.7996,3.4367
42.6640,0.7882,3.394
42.6642,0.6398,2.7587
42.6644,0.5783,2.4946
42.6646,0.5603,2.4126
42.6648,0.5899,2.5448
42.6650,0.5493,2.3695
42.6652,0.5508,2.3751
42.6654,0.5509,2.3745
42.6656,0.5786,2.495
42.6658,0.5406,2.3333
42.6660,0.5292,2.281
42.6662,0.6018,2.5924
42.6664,0.6212,2.6773
42.6666,0.569,2.4525
42.6668,0.6363,2.7412
42.6670,0.67,2.8903
42.6672,0.5677,2.4457
42.6674,0.6039,2.6017
42.6676,0.62,2.6709
42.6678,0.6489,2.7928
42.6680,0.7169,3.0797
42.6682,0.6786,2.9262
42.6684,0.5435,2.3457
42.6686,0.5297,2.2862
42.6688,0.5283,2.2779
42.6690,0.5288,2.28
42.6692,0.5334,2.3012
42.6694,0.531,2.2909
42.6696,0.5261,2.2686
42.6698,0.5289,2.2805
42.6700,0.5301,2.2825
42.6702,0.6136,2.6448
42.6704,0.5805,2.5056
42.6706,0.5297,2.2852
42.6708,0.5183,2.234
42.6710,0.5177,2.2334
42.6712,0.5434,2.3409
42.6714,0.5597,2.4122
42.6716,0.5279,2.2753
42.6718,0.5262,2.2702
42.6720,0.5261,2.2697
42.6722,0.5329,2.2981
42.6724,0.5389,2.3218
42.6726,0.5789,2.4926
42.6728,0.6417,2.7619
42.6730,0.6727,2.8955
42.6732,0.6695,2.8802
42.6734,0.6256,2.694
42.6736,0.6058,2.6136
42.6738,0.5373,2.3167
42.6740,0.549,2.3673
42.6742,0.5488,2.3652
42.6744,0.557,2.402
42.6746,0.5393,2.3244
42.6748,0.5677,2.4469
42.6750,0.5423,2.3384
42.6752,0.5291,2.2815
42.6754,0.5629,2.4262
42.6756,0.5521,2.3786
42.6758,0.5734,2.4711
42.6760,0.6086,2.6206
42.6762,0.5889,2.536
42.6764,0.5856,2.5239
42.6766,0.5699,2.4573
42.6768,0.5211,2.2469
42.6770,0.5889,2.5336
42.6772,0.6489,2.7928
42.6774,0.681,2.9311
42.6776,0.6694,2.8837
42.6778,0.6001,2.584
42.6780,0.5965,2.5673
42.6782,0.655,2.8178
42.6784,0.6133,2.642
42.6786,0.6416,2.7601
42.6788,0.6783,2.9179
42.6790,0.718,3.0872
42.6792,0.6829,2.938
42.6794,0.6524,2.8065
42.6796,0.6933,2.981
42.6798,0.722,3.1062
42.6800,0.669,2.8795
42.6802,0.6608,2.8439
42.6804,0.6461,2.7822
42.6806,0.6085,2.6177
42.6808,0.6347,2.7319
42.6810,0.6555,2.8199
42.6812,0.6549,2.8212
42.6814,0.5781,2.4872
42.6816,0.6168,2.6582
42.6818,0.5688,2.4504
42.6820,0.6148,2.6463
42.6822,0.701,3.0131
42.6824,0.7165,3.081
42.6826,0.6955,2.9908
42.6828,0.6968,2.9964
42.6830,0.7165,3.081
42.6832,0.7109,3.0539
42.6834,0.823,3.5322
42.6836,0.8371,3.5963
42.6838,0.7869,3.3758
42.6840,0.8111,3.4862
42.6842,0.7837,3.365
42.6844,0.8402,3.6047
42.6846,0.8453,3.6246
42.6848,0.8052,3.4577
42.6850,0.8249,3.5421
42.6852,0.8471,3.634
42.6854,0.8778,3.7586
42.6856,0.9669,4.1459
42.6858,0.9253,3.9712
42.6860,0.8673,3.7226
42.6862,0.8585,3.6863
42.6864,0.8253,3.5437
42.6866,0.8889,3.8188
42.6868,0.8214,3.5288
42.6870,0.7852,3.3733
42.6872,0.7808,3.3558
42.6874,0.7955,3.4144
42.6876,0.8566,3.6763
42.6878,0.8209,3.5284
42.6880,0.8353,3.5819
42.6882,0.9886,4.231
42.6884,1.0523,4.5082
42.6886,0.9902,4.2382
42.6888,1.0438,4.4718
42.6890,1.0067,4.3186
42.6892,0.9854,4.2216
42.6894,1.0005,4.2884
42.6896,1.033,4.4359
42.6898,0.9564,4.1012
42.6900,0.9866,4.2307
42.6902,0.9279,3.9825
42.6904,0.875,3.7608
42.6906,0.7243,3.1189
42.6908,0.6814,2.934
42.6910,0.7014,3.0202
42.6912,0.69,2.9726
42.6914,0.6935,2.9834
42.6916,0.7488,3.2227
42.6918,0.6901,2.9703
42.6920,0.6751,2.9085
42.6922,0.616,2.6551
42.6924,0.6118,2.6334
42.6926,0.6695,2.8829
42.6928,0.6817,2.9356
42.6930,0.7177,3.0876
42.6932,0.7616,3.2733
42.6934,0.7664,3.3001
42.6936,0.706,3.0385
42.6938,0.6977,3.0042
42.6940,0.7128,3.0707
42.6942,0.634,2.7326
42.6944,0.6051,2.6081
42.6946,0.6106,2.6331
42.6948,0.6478,2.7934
42.6950,0.6247,2.6911
42.6952,0.6299,2.7113
42.6954,0.6847,2.943
42.6956,0.7765,3.3403
42.6958,0.7874,3.3873
42.6960,0.7846,3.3785
42.6962,0.7001,3.016
42.6964,0.6602,2.8426
42.6966,0.7322,3.1441
42.6968,0.8014,3.4524
42.6970,0.6893,2.9681
42.6972,0.6861,2.9514
42.6974,0.7364,3.1681
42.6976,0.7004,3.0161
42.6978,0.6804,2.9285
42.6980,0.6943,2.9884
42.6982,0.7386,3.1759
42.6984,0.7747,3.331
42.6986,0.7855,3.3774
42.6988,0.7719,3.3223
42.6990,0.7544,3.2469
42.6992,0.7638,3.2857
42.6994,0.7182,3.0968
42.6996,0.5972,2.5764
42.6998,0.5418,2.332
42.7000,0.7171,3.0821
42.7002,0.6989,3.0122
42.7004,0.559,2.4125
42.7006,0.4812,2.0757
42.7008,0.4726,2.0409
42.7010,0.4765,2.0584
42.7012,0.4718,2.0363
42.7014,0.4705,2.0306
42.7016,0.4752,2.0489
42.7018,0.534,2.3059
42.7020,0.4833,2.086
42.7022,0.4788,2.0663
42.7024,0.4663,2.0134
42.7026,0.4642,2.0065
42.7028,0.4645,2.0056
42.7030,0.4704,2.031
42.7032,0.4642,2.0055
42.7034,0.4632,2
42.7036,0.4585,1.9779
42.7038,0.4993,2.1508
42.7040,0.5005,2.159
42.7042,0.5307,2.2861
42.7044,0.6092,2.6281
42.7046,0.5599,2.4133
42.7048,0.566,2.4385
42.7050,0.6086,2.6194
42.7052,0.6192,2.6686
42.7054,0.5675,2.4436
42.7056,0.5628,2.4234
42.7058,0.6388,2.7507
42.7060,0.7082,3.0454
42.7062,0.7738,3.329
42.7064,0.7056,3.0313
42.7066,0.7349,3.1628
42.7068,0.6322,2.7261
42.7070,0.5701,2.4561
42.7072,0.5718,2.4633
42.7074,0.5566,2.3999
42.7076,0.5756,2.4798
42.7078,0.6315,2.718
42.7080,0.651,2.8008
42.7082,0.687,2.9528
42.7084,0.7014,3.0202
42.7086,0.6748,2.907
42.7088,0.5993,2.5816
42.7090,0.5531,2.386
42.7092,0.5349,2.3063
42.7094,0.5881,2.5335
42.7096,0.6201,2.6702
42.7098,0.5918,2.5507
42.7100,0.5971,2.5735
42.7102,0.6079,2.6175
42.7104,0.6335,2.7242
42.7106,0.6546,2.8202
42.7108,0.6585,2.8341
42.7110,0.6564,2.8266
42.7112,0.6111,2.6327
42.7114,0.5835,2.5139
42.7116,0.6369,2.7425
42.7118,0.6292,2.7069
42.7120,0.653,2.8143
42.7122,0.5338,2.3028
42.7124,0.4867,2.0995
42.7126,0.4826,2.0829
42.7128,0.4819,2.0807
42.7130,0.4857,2.0963
42.7132,0.4883,2.1057
42.7134,0.4829,2.0834
42.7136,0.4792,2.0674
42.7138,0.478,2.0622
42.7140,0.4844,2.0887
42.7142,0.4851,2.0928
42.7144,0.4958,2.1388
42.7146,0.5242,2.2603
42.7148,0.576,2.4779
42.7150,0.6355,2.7376
42.7152,0.6364,2.7379
42.7154,0.6741,2.8958
42.7156,0.7449,3.1987
42.7158,0.761,3.2677
42.7160,0.8093,3.4736
42.7162,0.8444,3.626
42.7164,0.8013,3.4455
42.7166,0.7268,3.121
42.7168,0.7867,3.3763
42.7170,0.8347,3.5843
42.7172,0.8372,3.5951
42.7174,0.8154,3.4982
42.7176,0.8383,3.5981
42.7178,0.8973,3.8495
42.7180,0.9095,3.902
42.7182,0.8317,3.5681
42.7184,0.9043,3.8739
42.7186,0.9467,4.0576
42.7188,0.9533,4.0802
42.7190,1.045,4.479
42.7192,0.9426,4.0496
42.7194,0.8842,3.7934
42.7196,0.8796,3.7769
42.7198,0.8468,3.6262
42.7200,0.9952,4.2593
42.7202,1.0205,4.3696
42.7204,0.9682,4.1574
42.7206,0.8191,3.519
42.7208,0.8099,3.4761
42.7210,0.9019,3.8708
42.7212,0.8938,3.8328
42.7214,0.9061,3.8889
42.7216,0.8822,3.7812
42.7218,0.9183,3.9413
42.7220,0.8308,3.569
42.7222,0.8297,3.5644
42.7224,0.839,3.6029
42.7226,0.8319,3.572
42.7228,0.8627,3.6991
42.7230,0.9794,4.1999
42.7232,0.9527,4.0852
42.7234,0.9306,4.0018
42.7236,0.8039,3.4601
42.7238,0.7244,3.1179
42.7240,0.7404,3.1836
42.7242,0.7408,3.1842
42.7244,0.7379,3.1772
42.7246,0.653,2.813
42.7248,0.6624,2.8511
42.7250,0.7,3.0099
42.7252,0.7464,3.2094
42.7254,0.7656,3.295
42.7256,0.7371,3.1742
42.7258,0.6857,2.9499
42.7260,0.6919,2.9754
42.7262,0.7434,3.1951
42.7264,0.7612,3.2734
42.7266,0.7376,3.1747
42.7268,0.6845,2.9502
42.7270,0.6446,2.7807
42.7272,0.559,2.4103
42.7274,0.561,2.4213
42.7276,0.5611,2.4207
42.7278,0.5683,2.4495
42.7280,0.5756,2.4822
42.7282,0.6099,2.6264
42.7284,0.6601,2.8448
42.7286,0.593,2.5595
42.7288,0.5165,2.2293
42.7290,0.5066,2.1874
42.7292,0.5039,2.174
42.7294,0.5218,2.2479
42.7296,0.6003,2.5887
42.7298,0.5435,2.3436
42.7300,0.5066,2.1854
42.7302,0.5057,2.1828
42.7304,0.5035,2.1729
42.7306,0.5093,2.1963
42.7308,0.5059,2.1813
42.7310,0.5089,2.1962
42.7312,0.5047,2.1781
42.7314,0.5068,2.1854
42.7316,0.5192,2.2397
42.7318,0.5171,2.233
42.7320,0.508,2.1916
42.7322,0.5063,2.1843
42.7324,0.5043,2.1756
42.7326,0.5101,2.2004
42.7328,0.5295,2.281
42.7330,0.5885,2.5363
42.7332,0.5354,2.3085
42.7334,0.5113,2.2056
42.7336,0.5099,2.2009
42.7338,0.5062,2.1859
42.7340,0.5065,2.1849
42.7342,0.4999,2.1564
42.7344,0.5054,2.1802
42.7346,0.5107,2.2009
42.7348,0.5164,2.2257
42.7350,0.5262,2.2639
42.7352,0.6119,2.6359
42.7354,0.5957,2.5673
42.7356,0.5431,2.3421
42.7358,0.5404,2.3312
42.7360,0.5429,2.3389
42.7362,0.5602,2.4132
42.7364,0.5187,2.2355
42.7366,0.5212,2.2443
42.7368,0.5515,2.3771
42.7370,0.6095,2.6243
42.7372,0.6754,2.9056
42.7374,0.6495,2.7941
42.7376,0.6624,2.8485
42.7378,0.7118,3.0595
42.7380,0.7318,3.1465
42.7382,0.6919,2.9754
42.7384,0.6801,2.927
42.7386,0.6657,2.8598
42.7388,0.7234,3.1104
42.7390,0.7738,3.3244
42.7392,0.799,3.4278
42.7394,0.824,3.5364
42.7396,0.858,3.6826
42.7398,0.8369,3.592
42.7400,0.8616,3.7049
42.7402,0.7867,3.3827
42.7404,0.7906,3.3902
42.7406,0.896,3.8421
42.7408,0.8658,3.7212
42.7410,0.7847,3.3713
42.7412,0.7953,3.4166
42.7414,0.7463,3.2074
42.7416,0.7224,3.1078
42.7418,0.7112,3.0612
42.7420,0.6966,2.9955
42.7422,0.6945,2.9876
42.7424,0.6916,2.9752
42.7426,0.6924,2.9802
42.7428,0.7166,3.0773
42.7430,0.8198,3.5184
42.7432,0.8799,3.7767
42.7434,0.7886,3.3956
42.7436,0.676,2.9108
42.7438,0.6607,2.8421
42.7440,0.6815,2.9319
42.7442,0.6907,2.9744
42.7444,0.6945,2.989
42.7446,0.7012,3.0123
42.7448,0.8106,3.4842
42.7450,0.823,3.5339
42.7452,0.821,3.5318
42.7454,0.7766,3.3378
42.7456,0.7869,3.379
42.7458,0.7996,3.4287
42.7460,0.8436,3.6191
42.7462,0.8326,3.5768
42.7464,0.7746,3.3352
42.7466,0.7074,3.0447
42.7468,0.6699,2.8872
42.7470,0.5669,2.4444
42.7472,0.5969,2.5701
42.7474,0.6995,3.0064
42.7476,0.7593,3.2621
42.7478,0.7734,3.3223
42.7480,0.7683,3.3084
42.7482,0.7186,3.0898
42.7484,0.7744,3.3254
42.7486,0.8047,3.46
42.7488,0.7152,3.0782
42.7490,0.6831,2.9372
42.7492,0.7898,3.3898
42.7494,0.8216,3.5278
42.7496,0.7784,3.3486
42.7498,0.7542,3.2429
42.7500,0.753,3.2363
42.7502,0.7518,3.2311
42.7504,0.7687,3.3023
42.7506,0.8419,3.6102
42.7508,0.8931,3.8316
42.7510,0.9352,4.0158
42.7512,0.8905,3.8238
42.7514,0.8858,3.8002
42.7516,0.9188,3.9435
42.7518,0.8964,3.8544
42.7520,0.7698,3.31
42.7522,0.7621,3.2724
42.7524,0.8513,3.6572
42.7526,0.8222,3.5303
42.7528,0.8451,3.6354
42.7530,0.7358,3.167
42.7532,0.6869,2.9551
42.7534,0.7186,3.0913
42.7536,0.7207,3.1005
42.7538,0.749,3.2208
42.7540,0.756,3.2507
42.7542,0.7698,3.3084
42.7544,0.7719,3.3223
42.7546,0.764,3.2837
42.7548,0.8295,3.5601
42.7550,0.8582,3.687
42.7552,0.8476,3.6378
42.7554,0.8585,3.6915
42.7556,0.7796,3.3538
42.7558,0.726,3.1203
42.7560,0.8303,3.5637
42.7562,0.8411,3.6184
42.7564,0.7553,3.2491
42.7566,0.7831,3.3672
42.7568,0.7911,3.3986
42.7570,0.8138,3.4992
42.7572,0.7518,3.2371
42.7574,0.6746,2.9033
42.7576,0.7279,3.1329
42.7578,0.7816,3.3594
42.7580,0.7826,3.3667
42.7582,0.7622,3.2744
42.7584,0.8029,3.4539
42.7586,0.7621,3.28
42.7588,0.6967,2.9988
42.7590,0.6814,2.9327
42.7592,0.714,3.0717
42.7594,0.7622,3.2821
42.7596,0.7345,3.1569
42.7598,0.8181,3.5161
42.7600,0.8379,3.5995
42.7602,0.8373,3.5935
42.7604,0.8286,3.5631
42.7606,0.7871,3.3863
42.7608,0.7699,3.3151
42.7610,0.7032,3.028
42.7612,0.7304,3.1438
42.7614,0.7846,3.3723
42.7616,0.778,3.3455
42.7618,0.756,3.2522
42.7620,0.7169,3.084
42.7622,0.6626,2.8557
42.7624,0.6772,2.9133
42.7626,0.7616,3.2719
42.7628,0.8346,3.5839
42.7630,0.8799,3.7838
42.7632,0.7831,3.3703
42.7634,0.7262,3.1272
42.7636,0.6672,2.8785
42.7638,0.5717,2.4662
42.7640,0.5646,2.4369
42.7642,0.5913,2.5511
42.7644,0.5905,2.5463
42.7646,0.585,2.5225
42.7648,0.5803,2.5023
42.7650,0.5955,2.5668
42.7652,0.6177,2.6624
42.7654,0.6515,2.8068
42.7656,0.6337,2.7324
42.7658,0.5916,2.5521
42.7660,0.5858,2.5249
42.7662,0.7008,3.0135
42.7664,0.7611,3.2805
42.7666,0.5985,2.5797
42.7668,0.5561,2.3979
42.7670,0.5446,2.3504
42.7672,0.5408,2.336
42.7674,0.4843,2.0911
42.7676,0.4578,1.9767
42.7678,0.4909,2.1196
42.7680,0.4729,2.0419
42.7682,0.517,2.2293
42.7684,0.5427,2.3378
42.7686,0.5797,2.4997
42.7688,0.5572,2.4025
42.7690,0.5836,2.5175
42.7692,0.4976,2.1466
42.7694,0.5109,2.2071
42.7696,0.4537,1.9582
42.7698,0.4432,1.9135
42.7700,0.4482,1.9353
42.7702,0.5021,2.1683
42.7704,0.4699,2.028
42.7706,0.446,1.926
42.7708,0.4441,1.9194
42.7710,0.4448,1.9208
42.7712,0.4454,1.9234
42.7714,0.4597,1.985
42.7716,0.4549,1.9643
42.7718,0.4491,1.9385
42.7720,0.4993,2.1498
42.7722,0.6425,2.7642
42.7724,0.6923,2.9797
42.7726,0.6641,2.8584
42.7728,0.6689,2.8817
42.7730,0.6379,2.7492
42.7732,0.573,2.4696
42.7734,0.5601,2.4127
42.7736,0.55,2.3726
42.7738,0.5441,2.3473
42.7740,0.5358,2.3084
42.7742,0.5447,2.3477
42.7744,0.5505,2.3758
42.7746,0.5392,2.325
42.7748,0.5255,2.2661
42.7750,0.5409,2.3301
42.7752,0.5771,2.4838
42.7754,0.6433,2.766
42.7756,0.7001,3.0132
42.7758,0.6152,2.6491
42.7760,0.6478,2.7882
42.7762,0.6503,2.8017
42.7764,0.6527,2.8094
42.7766,0.6842,2.9432
42.7768,0.6477,2.7864
42.7770,0.6663,2.8664
42.7772,0.6742,2.9004
42.7774,0.693,2.9814
42.7776,0.6961,2.9948
42.7778,0.7592,3.2631
42.7780,0.8104,3.4831
42.7782,0.7596,3.2646
42.7784,0.7005,3.012
42.7786,0.7766,3.3347
42.7788,0.7424,3.1894
42.7790,0.7759,3.3347
42.7792,0.7477,3.2121
42.7794,0.7937,3.4131
42.7796,0.7146,3.0757
42.7798,0.7117,3.0562
42.7800,0.8122,3.4811
42.7802,0.9097,3.8953
42.7804,0.9566,4.1075
42.7806,0.7183,3.0931
42.7808,0.6449,2.7797
42.7810,0.6723,2.8868
42.7812,0.8212,3.5229
42.7814,0.8572,3.6841
42.7816,0.8692,3.7235
42.7818,0.9753,4.182
42.7820,0.9169,3.9371
42.7822,0.8969,3.8475
42.7824,0.9099,3.9054
42.7826,0.867,3.7177
42.7828,0.9822,4.2059
42.7830,1.0698,4.5785
42.7832,1.0339,4.4272
42.7834,1.0915,4.6583
42.7836,1.2654,5.4034
42.7838,1.2394,5.3022
42.7840,1.1961,5.1146
42.7842,1.2261,5.2453
42.7844,1.2148,5.1922
42.7846,1.1888,5.0786
42.7848,1.1702,5.0062
42.7850,1.1654,4.9787
42.7852,1.2581,5.3772
42.7854,1.229,5.2502
42.7856,1.255,5.3664
42.7858,1.2146,5.1912
42.7860,1.2678,5.4085
42.7862,1.3461,5.7452
42.7864,1.3629,5.8196
42.7866,1.2586,5.3792
42.7868,1.2277,5.2544
42.7870,1.1525,4.9349
42.7872,1.1277,4.8264
42.7874,1.1337,4.8566
42.7876,1.1374,4.8748
42.7878,1.0614,4.549
42.7880,1.0531,4.5156
42.7882,1.0098,4.3361
42.7884,0.9379,4.0309
42.7886,0.907,3.8985
42.7888,0.9064,3.8905
42.7890,0.9569,4.1052
42.7892,0.9897,4.2417
42.7894,1.0891,4.6633
42.7896,1.1098,4.7633
42.7898,0.9705,4.1692
42.7900,0.9334,4.01
42.7902,0.8561,3.6795
42.7904,0.884,3.796
42.7906,0.9614,4.13
42.7908,0.9171,3.9399
42.7910,0.9011,3.8727
42.7912,0.881,3.7867
42.7914,0.9211,3.9569
42.7916,0.9755,4.1849
42.7918,0.9917,4.2564
42.7920,0.9683,4.1618
42.7922,0.9126,3.924
42.7924,0.8782,3.7708
42.7926,0.9441,4.0521
42.7928,1.0148,4.3577
42.7930,0.9786,4.2081
42.7932,0.8834,3.7987
42.7934,0.8459,3.639
42.7936,0.8638,3.7124
42.7938,0.9261,3.9786
42.7940,0.956,4.1087
42.7942,0.9449,4.0576
42.7944,0.9314,4.005
42.7946,0.8895,3.8268
42.7948,0.8816,3.7892
42.7950,0.8948,3.8477
42.7952,0.917,3.9358
42.7954,0.9488,4.0759
42.7956,0.9611,4.129
42.7958,0.9525,4.0938
42.7960,0.904,3.8856
42.7962,0.9307,3.9981
42.7964,0.9674,4.1558
42.7966,0.967,4.1523
42.7968,0.9599,4.1181
42.7970,0.979,4.2057
42.7972,0.9045,3.8877
42.7974,0.9321,4.0099
42.7976,0.944,4.0497
42.7978,1.0859,4.6608
42.7980,1.0772,4.6211
42.7982,1.0662,4.5717
42.7984,1.0339,4.4396
42.7986,1.0122,4.3464
42.7988,1.0034,4.3108
42.7990,0.9912,4.2583
42.7992,0.9952,4.2733
42.7994,0.9669,4.1614
42.7996,0.7961,3.4345
42.7998,0.7017,3.0284
42.8000,0.7072,3.0423
42.8002,0.8206,3.5286
42.8004,0.8452,3.6376
42.8006,0.8248,3.5516
42.8008,0.8049,3.4675
42.8010,0.7955,3.4272
42.8012,0.7801,3.3574
42.8014,0.8037,3.4607
42.8016,0.8075,3.4804
42.8018,0.7483,3.2312
42.8020,0.6593,2.8496
42.8022,0.5668,2.445
42.8024,0.6693,2.8833
42.8026,0.8075,3.4788
42.8028,0.719,3.1034
42.8030,0.6508,2.8037
42.8032,0.73,3.1476
42.8034,0.6965,3.0033
42.8036,0.69,2.9768
42.8038,0.6895,2.9761
42.8040,0.6901,2.9759
42.8042,0.6909,2.9776
42.8044,0.6886,2.9706
42.8046,0.6856,2.9576
42.8048,0.6873,2.9621
42.8050,0.6976,3.0052
42.8052,0.7807,3.36
42.8054,0.8296,3.5689
42.8056,0.8386,3.6059
42.8058,0.9162,3.9358
42.8060,0.9797,4.2127
42.8062,0.8682,3.7367
42.8064,0.7838,3.3766
42.8066,0.7455,3.2118
42.8068,0.74,3.191
42.8070,0.7205,3.1053
42.8072,0.7316,3.1475
42.8074,0.818,3.5221
42.8076,0.8248,3.5483
42.8078,0.8768,3.7721
42.8080,0.7684,3.3104
42.8082,0.706,3.0442
42.8084,0.6979,3.0109
42.8086,0.7009,3.0224
42.8088,0.694,2.9925
42.8090,0.7605,3.2703
42.8092,0.8788,3.7821
42.8094,0.8151,3.5065
42.8096,0.8349,3.5883
42.8098,0.825,3.5526
42.8100,0.808,3.4809
42.8102,0.8015,3.4498
42.8104,0.8133,3.4987
42.8106,0.8801,3.7825
42.8108,0.9154,3.9364
42.8110,0.8669,3.7276
42.8112,0.8057,3.4695
42.8114,0.7918,3.4112
42.8116,0.7883,3.393
42.8118,0.8274,3.5629
42.8120,0.7953,3.4261
42.8122,0.7894,3.3914
42.8124,0.8795,3.7817
42.8126,0.8618,3.7094
42.8128,0.8163,3.5116
42.8130,0.7996,3.4431
42.8132,0.7993,3.4432
42.8134,0.7863,3.3843
42.8136,0.8133,3.4955
42.8138,0.878,3.7755
42.8140,0.9186,3.9498
42.8142,0.9302,3.9979
42.8144,0.8933,3.8392
42.8146,0.9127,3.9227
42.8148,0.9052,3.898
42.8150,0.9142,3.9257
42.8152,0.9145,3.9378
42.8154,0.8477,3.6468
42.8156,0.8417,3.6193
42.8158,0.8415,3.6166
42.8160,0.923,3.9578
42.8162,1.0325,4.4293
42.8164,1.076,4.6203
42.8166,1.0331,4.4339
42.8168,1.0275,4.4082
42.8170,0.9984,4.2872
42.8172,0.9946,4.2687
42.8174,1.002,4.3066
42.8176,0.9828,4.2222
42.8178,0.9744,4.192
42.8180,0.9481,4.0709
42.8182,1.0216,4.3865
42.8184,0.9712,4.182
42.8186,0.9327,4.0032
42.8188,1.0584,4.5361
42.8190,1.0978,4.7008
42.8192,1.1488,4.9259
42.8194,1.1381,4.8847
42.8196,1.0931,4.6808
42.8198,1.1871,5.0881
42.8200,1.0831,4.6572
42.8202,0.9527,4.0929
42.8204,0.967,4.1542
42.8206,0.9669,4.1576
42.8208,0.935,4.0167
42.8210,0.982,4.2166
42.8212,1.037,4.453
42.8214,1.07,4.601
42.8216,0.9538,4.0918
42.8218,1.0474,4.4936
42.8220,1.0889,4.6737
42.8222,1.0473,4.4972
42.8224,1.0524,4.5168
42.8226,1.0158,4.37
42.8228,0.9482,4.079
42.8230,0.904,3.891
42.8232,0.899,3.8658
42.8234,0.9128,3.9269
42.8236,0.9301,3.9993
42.8238,0.9024,3.8892
42.8240,0.8249,3.5554
42.8242,0.8009,3.4488
42.8244,0.8261,3.5639
42.8246,0.6898,2.9757
42.8248,0.6785,2.9258
42.8250,0.6888,2.973
42.8252,0.6899,2.9832
42.8254,0.6537,2.82
42.8256,0.7363,3.1735
42.8258,0.7467,3.2184
42.8260,0.7841,3.375
42.8262,0.8688,3.7393
42.8264,0.8321,3.5831
42.8266,0.7638,3.2918
42.8268,0.711,3.0644
42.8270,0.7482,3.2232
42.8272,0.8356,3.5947
42.8274,0.9038,3.8918
42.8276,0.8132,3.5015
42.8278,0.8271,3.5614
42.8280,0.8321,3.5814
42.8282,0.8032,3.4586
42.8284,0.8006,3.4457
42.8286,0.7832,3.3787
42.8288,0.7192,3.0996
42.8290,0.8249,3.5488
42.8292,0.8124,3.5065
42.8294,0.6665,2.8781
42.8296,0.6519,2.811
42.8298,0.6898,2.973
42.8300,0.685,2.9578
42.8302,0.6096,2.6346
42.8304,0.5597,2.419
42.8306,0.5555,2.4009
42.8308,0.5601,2.4194
42.8310,0.6127,2.6419
42.8312,0.6501,2.8058
42.8314,0.6392,2.7575
42.8316,0.6326,2.729
42.8318,0.5708,2.4683
42.8320,0.5497,2.3738
42.8322,0.5903,2.5488
42.8324,0.5921,2.5577
42.8326,0.5302,2.2915
42.8328,0.4896,2.1178
42.8330,0.4893,2.1158
42.8332,0.4917,2.1252
42.8334,0.4891,2.1138
42.8336,0.4903,2.1209
42.8338,0.5044,2.1811
42.8340,0.4999,2.1604
42.8342,0.4954,2.1422
42.8344,0.4984,2.1502
42.8346,0.552,2.3847
42.8348,0.4989,2.1563
42.8350,0.4897,2.1164
42.8352,0.4897,2.1154
42.8354,0.4714,2.0376
42.8356,0.4685,2.0265
42.8358,0.4735,2.0483
42.8360,0.4785,2.0672
42.8362,0.544,2.3435
42.8364,0.6554,2.8273
42.8366,0.6198,2.6712
42.8368,0.6479,2.7926
42.8370,0.7038,3.0334
42.8372,0.6669,2.8743
42.8374,0.6549,2.8239
42.8376,0.6367,2.7453
42.8378,0.6405,2.7632
42.8380,0.6038,2.6037
42.8382,0.6686,2.8775
42.8384,0.6665,2.8741
42.8386,0.6389,2.759
42.8388,0.5738,2.4756
42.8390,0.6069,2.6159
42.8392,0.6786,2.9222
42.8394,0.713,3.0704
42.8396,0.7308,3.1439
42.8398,0.7112,3.0612
42.8400,0.7859,3.3811
42.8402,0.7716,3.3223
42.8404,0.6995,3.0148
42.8406,0.6627,2.8575
42.8408,0.6355,2.744
42.8410,0.5138,2.2185
42.8412,0.506,2.1879
42.8414,0.4881,2.1077
42.8416,0.4808,2.0771
42.8418,0.4777,2.0607
42.8420,0.571,2.4631
42.8422,0.5755,2.4817
42.8424,0.5832,2.5136
42.8426,0.6194,2.6709
42.8428,0.6555,2.8252
42.8430,0.659,2.8402
42.8432,0.6554,2.822
42.8434,0.7189,3.0942
42.8436,0.7324,3.1491
42.8438,0.8156,3.502
42.8440,0.8556,3.6825
42.8442,0.7851,3.3728
42.8444,0.787,3.3874
42.8446,0.7404,3.1911
42.8448,0.6538,2.8193
42.8450,0.5633,2.43
42.8452,0.5437,2.3479
42.8454,0.5656,2.4399
42.8456,0.5828,2.5155
42.8458,0.543,2.3426
42.8460,0.5525,2.3835
42.8462,0.5729,2.468
42.8464,0.5995,2.5851
42.8466,0.5708,2.4603
42.8468,0.6496,2.7973
42.8470,0.6905,2.9733
42.8472,0.6815,2.9346
42.8474,0.7118,3.0624
42.8476,0.7024,3.0258
42.8478,0.7146,3.0785
42.8480,0.6832,2.935
42.8482,0.7322,3.1515
42.8484,0.7524,3.2367
42.8486,0.7899,3.3934
42.8488,0.8322,3.5802
42.8490,0.7678,3.3002
42.8492,0.8871,3.7987
42.8494,1.0713,4.5852
42.8496,1.1156,4.7679
42.8498,1.1646,4.9798
42.8500,1.1705,5.0002
42.8502,1.1871,5.0881
42.8504,1.0514,4.5042
42.8506,1.0079,4.3278
42.8508,0.954,4.0852
42.8510,1.0015,4.3006
42.8512,0.9268,3.9761
42.8514,0.9879,4.2438
42.8516,0.8921,3.8359
42.8518,0.8373,3.5986
42.8520,0.8509,3.6573
42.8522,0.8668,3.7305
42.8524,0.8078,3.4734
42.8526,0.8284,3.5555
42.8528,0.8886,3.8156
42.8530,0.8954,3.8449
42.8532,0.9091,3.9036
42.8534,0.9,3.8681
42.8536,0.8826,3.7969
42.8538,0.8383,3.5948
42.8540,0.9949,4.2623
42.8542,1.0777,4.6253
42.8544,0.9849,4.227
42.8546,0.9626,4.1371
42.8548,0.9045,3.8877
42.8550,0.9292,3.9957
42.8552,0.8554,3.6747
42.8554,0.8581,3.6865
42.8556,0.8881,3.8153
42.8558,0.8897,3.8202
42.8560,0.8997,3.867
42.8562,0.8668,3.7305
42.8564,0.8355,3.5908
42.8566,0.8448,3.631
42.8568,0.858,3.6843
42.8570,0.9612,4.1314
42.8572,0.9361,4.0176
42.8574,0.9457,4.0606
42.8576,0.9284,3.9921
42.8578,0.8853,3.8034
42.8580,0.9484,4.0725
42.8582,0.9888,4.244
42.8584,0.9459,4.0655
42.8586,0.8918,3.8348
42.8588,0.9626,4.1236
42.8590,1.0861,4.6505
42.8592,1.0777,4.6296
42.8594,0.9096,3.9148
42.8596,0.8429,3.6245
42.8598,0.8465,3.6382
42.8600,0.868,3.7288
42.8602,0.9777,4.1903
42.8604,1.0474,4.4957
42.8606,1.005,4.3095
42.8608,1.0243,4.3922
42.8610,1.0941,4.6958
42.8612,1.0654,4.5686
42.8614,0.9814,4.2239
42.8616,0.8229,3.5384
42.8618,0.8917,3.8325
42.8620,0.8736,3.7547
42.8622,0.9427,4.0478
42.8624,0.9827,4.2197
42.8626,0.9925,4.2679
42.8628,0.884,3.8084
42.8630,0.8395,3.61
42.8632,0.9005,3.8683
42.8634,0.8982,3.8657
42.8636,0.8817,3.7933
42.8638,0.8935,3.8456
42.8640,0.8316,3.5843
42.8642,0.7572,3.2634
42.8644,0.7273,3.1333
42.8646,0.7255,3.127
42.8648,0.6796,2.9291
42.8650,0.7214,3.1123
42.8652,0.6318,2.7279
42.8654,0.6273,2.7025
42.8656,0.7927,3.4132
42.8658,0.7831,3.3719
42.8660,0.7477,3.2226
42.8662,0.7271,3.1337
42.8664,0.7072,3.0465
42.8666,0.7579,3.2635
42.8668,0.7754,3.3389
42.8670,0.7003,3.0185
42.8672,0.7015,3.0264
42.8674,0.6628,2.862
42.8676,0.6235,2.6885
42.8678,0.6648,2.8642
42.8680,0.7144,3.0775
42.8682,0.6949,2.9966
42.8684,0.659,2.8415
42.8686,0.6423,2.7683
42.8688,0.6831,2.9468
42.8690,0.7115,3.0637
42.8692,0.7689,3.3094
42.8694,0.7295,3.1484
42.8696,0.6405,2.7644
42.8698,0.637,2.7469
42.8700,0.6392,2.7562
42.8702,0.6378,2.7525
42.8704,0.6536,2.8195
42.8706,0.6531,2.8175
42.8708,0.634,2.734
42.8710,0.6759,2.913
42.8712,0.6413,2.7681
42.8714,0.6213,2.6779
42.8716,0.6773,2.9179
42.8718,0.7624,3.2831
42.8720,0.7728,3.3244
42.8722,0.8358,3.594
42.8724,0.8478,3.6558
42.8726,0.661,2.8503
42.8728,0.6308,2.7187
42.8730,0.6324,2.7267
42.8732,0.6219,2.6817
42.8734,0.6154,2.6538
42.8736,0.6168,2.662
42.8738,0.6267,2.7037
42.8740,0.6282,2.7086
42.8742,0.6168,2.6607
42.8744,0.6066,2.6168
42.8746,0.6035,2.6021
42.8748,0.6168,2.6595
42.8750,0.6712,2.8929
42.8752,0.6665,2.8754
42.8754,0.6732,2.9003
42.8756,0.7356,3.1674
42.8758,0.7441,3.2026
42.8760,0.7367,3.1677
42.8762,0.7689,3.3079
42.8764,0.7547,3.2465
42.8766,0.7913,3.4044
42.8768,0.8549,3.6726
42.8770,0.9208,3.9522
42.8772,0.9604,4.1163
42.8774,0.9755,4.1947
42.8776,0.8394,3.6112
42.8778,0.8141,3.5007
42.8780,0.7893,3.4019
42.8782,0.6671,2.874
42.8784,0.6596,2.8467
42.8786,0.5982,2.5806
42.8788,0.6894,2.9687
42.8790,0.6939,2.9919
42.8792,0.5748,2.4808
42.8794,0.5634,2.4306
42.8796,0.5789,2.4961
42.8798,0.6261,2.7011
42.8800,0.6244,2.6938
42.8802,0.614,2.6488
42.8804,0.6378,2.7487
42.8806,0.6554,2.822
42.8808,0.7731,3.3213
42.8810,0.7875,3.391
42.8812,0.7247,3.1263
42.8814,0.6403,2.7596
42.8816,0.6782,2.9201
42.8818,0.6874,2.964
42.8820,0.6294,2.7138
42.8822,0.6802,2.9262
42.8824,0.7592,3.2646
42.8826,0.7893,3.3909
42.8828,0.8157,3.5042
42.8830,0.8822,3.7918
42.8832,0.8881,3.8153
42.8834,0.8841,3.8018
42.8836,0.8832,3.7959
42.8838,0.8973,3.8549
42.8840,0.8909,3.8254
42.8842,0.8799,3.782
42.8844,0.8476,3.6463
42.8846,0.8544,3.6723
42.8848,0.8885,3.8186
42.8850,0.8868,3.8132
42.8852,0.8813,3.7859
42.8854,0.8792,3.7772
42.8856,0.8223,3.5407
42.8858,0.7206,3.1015
42.8860,0.7599,3.2677
42.8862,0.8135,3.5014
42.8864,0.7599,3.2738
42.8866,0.7205,3.101
42.8868,0.7476,3.2191
42.8870,0.7542,3.2475
42.8872,0.7401,3.1885
42.8874,0.6382,2.7495
42.8876,0.6322,2.7237
42.8878,0.6933,2.9852
42.8880,0.735,3.1678
42.8882,0.7042,3.0294
42.8884,0.725,3.122
42.8886,0.7214,3.108
42.8888,0.7381,3.1768
42.8890,0.7737,3.3301
42.8892,0.7665,3.2991
42.8894,0.7151,3.0849
42.8896,0.5796,2.5015
42.8898,0.5672,2.4471
42.8900,0.64,2.7585
42.8902,0.6772,2.916
42.8904,0.6563,2.8288
42.8906,0.6291,2.714
42.8908,0.5887,2.5421
42.8910,0.549,2.3696
42.8912,0.5614,2.424
42.8914,0.5887,2.5397
42.8916,0.591,2.5495
42.8918,0.5973,2.5734
42.8920,0.6923,2.9755
42.8922,0.7376,3.1792
42.8924,0.6818,2.9397
42.8926,0.5954,2.5699
42.8928,0.5021,2.1693
42.8930,0.484,2.092
42.8932,0.4866,2.1
42.8934,0.4876,2.1056
42.8936,0.5208,2.2469
42.8938,0.5828,2.5097
42.8940,0.6348,2.7383
42.8942,0.5475,2.364
42.8944,0.4821,2.0847
42.8946,0.4749,2.0526
42.8948,0.4756,2.0538
42.8950,0.4649,2.0063
42.8952,0.5177,2.2304
42.8954,0.5488,2.3696
42.8956,0.4605,1.9886
42.8958,0.4738,2.0442
42.8960,0.5218,2.2511
42.8962,0.5566,2.4
42.8964,0.578,2.4913
42.8966,0.578,2.4913
42.8968,0.5943,2.5604
42.8970,0.6205,2.6743
42.8972,0.6342,2.7281
42.8974,0.6587,2.8405
42.8976,0.5866,2.5304
42.8978,0.547,2.3597
42.8980,0.5424,2.34
42.8982,0.5501,2.3698
42.8984,0.5991,2.5799
42.8986,0.6152,2.6528
42.8988,0.6121,2.6369
42.8990,0.5849,2.522
42.8992,0.5476,2.359
42.8994,0.5625,2.4264
42.8996,0.5526,2.3818
42.8998,0.6156,2.6531
42.9000,0.546,2.3577
42.9002,0.4569,1.974
42.9004,0.4512,1.9482
42.9006,0.4732,2.0416
42.9008,0.5368,2.3104
42.9010,0.5786,2.4939
42.9012,0.5537,2.3898
42.9014,0.5518,2.3837
42.9016,0.4748,2.0493
42.9018,0.4382,1.8932
42.9020,0.4332,1.8714
42.9022,0.436,1.8825
42.9024,0.488,2.1033
42.9026,0.5314,2.2914
42.9028,0.4774,2.0597
42.9030,0.4502,1.9414
42.9032,0.447,1.931
42.9034,0.4459,1.9254
42.9036,0.4535,1.9562
42.9038,0.4491,1.9385
42.9040,0.4467,1.9291
42.9042,0.4453,1.9228
42.9044,0.4464,1.9266
42.9046,0.4455,1.9239
42.9048,0.4655,2.008
42.9050,0.5101,2.2004
42.9052,0.5316,2.2903
42.9054,0.5767,2.4811
42.9056,0.6362,2.7394
42.9058,0.6051,2.6069
42.9060,0.5951,2.5635
42.9062,0.5306,2.2888
42.9064,0.5043,2.1756
42.9066,0.5176,2.2278
42.9068,0.6602,2.8374
42.9070,0.7106,3.0601
42.9072,0.6128,2.6412
42.9074,0.556,2.3963
42.9076,0.5319,2.2956
42.9078,0.4326,1.8671
42.9080,0.4422,1.9067
42.9082,0.4837,2.0856
42.9084,0.5688,2.4504
42.9086,0.6108,2.6288
42.9088,0.5906,2.5444
42.9090,0.5874,2.5305
42.9092,0.5583,2.4061
42.9094,0.4948,2.1317
42.9096,0.4959,2.1374
42.9098,0.5206,2.2386
42.9100,0.6404,2.7575
42.9102,0.6602,2.8401
42.9104,0.6541,2.8124
42.9106,0.6259,2.6963
42.9108,0.5692,2.4554
42.9110,0.5189,2.2376
42.9112,0.5748,2.4739
42.9114,0.6043,2.6009
42.9116,0.6947,2.9872
42.9118,0.7644,3.2837
42.9120,0.7148,3.0824
42.9122,0.5252,2.2666
42.9124,0.4625,1.995
42.9126,0.4663,2.0088
42.9128,0.4677,2.0178
42.9130,0.4615,1.9918
42.9132,0.4626,1.9955
42.9134,0.4637,2.0002
42.9136,0.4911,2.1177
42.9138,0.5182,2.2304
42.9140,0.6401,2.7526
42.9142,0.6409,2.7596
42.9144,0.5933,2.5522
42.9146,0.6109,2.6281
42.9148,0.6345,2.7309
42.9150,0.6463,2.7815
42.9152,0.6791,2.9202
42.9154,0.7236,3.1057
42.9156,0.7864,3.3801
42.9158,0.7154,3.075
42.9160,0.7668,3.2894
42.9162,0.8244,3.5385
42.9164,0.8279,3.5534
42.9166,0.8466,3.632
42.9168,0.811,3.4857
42.9170,0.7708,3.3069
42.9172,0.8827,3.7833
42.9174,0.8841,3.7859
42.9176,1.007,4.3122
42.9178,1.018,4.3548
42.9180,1.0132,4.3404
42.9182,0.9795,4.2019
42.9184,0.922,3.9481
42.9186,1.0046,4.2999
42.9188,1.0604,4.5427
42.9190,1.0641,4.5544
42.9192,1.0103,4.322
42.9194,1.0064,4.3096
42.9196,0.9931,4.2586
42.9198,0.9212,3.9538
42.9200,0.9339,4.0083
42.9202,0.8989,3.858
42.9204,0.8508,3.6466
42.9206,0.931,3.9904
42.9208,0.9164,3.935
42.9210,0.8803,3.7783
42.9212,0.8917,3.82
42.9214,1.0186,4.3635
42.9216,1.0929,4.6754
42.9218,1.1428,4.8865
42.9220,1.0893,4.6731
42.9222,0.9519,4.0836
42.9224,0.9514,4.0758
42.9226,0.9481,4.0747
42.9228,0.8753,3.7584
42.9230,0.8795,3.7764
42.9232,0.8373,3.5952
42.9234,0.8182,3.5183
42.9236,0.7708,3.3131
42.9238,0.8126,3.4908
42.9240,0.8363,3.5928
42.9242,0.875,3.7556
42.9244,0.8835,3.7939
42.9246,0.8412,3.6173
42.9248,0.7936,3.4142
42.9250,0.761,3.2693
42.9252,0.8716,3.7372
42.9254,0.9838,4.2126
42.9256,0.9873,4.2413
42.9258,0.869,3.7351
42.9260,0.8447,3.6322
42.9262,0.8117,3.4823
42.9264,0.8617,3.7071
42.9266,0.7899,3.395
42.9268,0.8277,3.5507
42.9270,0.9003,3.866
42.9272,0.8272,3.5553
42.9274,0.7867,3.3842
42.9276,0.8291,3.5652
42.9278,0.82,3.5276
42.9280,0.7452,3.2073
42.9282,0.7337,3.1548
42.9284,0.7603,3.2616
42.9286,0.9033,3.8699
42.9288,1.011,4.3352
42.9290,0.9843,4.2323
42.9292,0.7693,3.3156
42.9294,0.6672,2.8772
42.9296,0.6648,2.8642
42.9298,0.6678,2.8757
42.9300,0.6877,2.9642
42.9302,0.6425,2.7707
42.9304,0.6018,2.5937
42.9306,0.608,2.6205
42.9308,0.6313,2.7195
42.9310,0.6247,2.6936
42.9312,0.6089,2.6266
42.9314,0.5357,2.3111
42.9316,0.5322,2.2961
42.9318,0.55,2.3715
42.9320,0.6024,2.5975
42.9322,0.5337,2.3033
42.9324,0.5622,2.4276
42.9326,0.5514,2.381
42.9328,0.5297,2.2852
42.9330,0.5292,2.2821
42.9332,0.5242,2.2625
42.9334,0.5265,2.2723
42.9336,0.5315,2.293
42.9338,0.5301,2.2868
42.9340,0.527,2.2744
42.9342,0.5351,2.3085
42.9344,0.5436,2.3452
42.9346,0.5783,2.4924
42.9348,0.6362,2.7407
42.9350,0.6086,2.6231
42.9352,0.5406,2.3323
42.9354,0.5316,2.2924
42.9356,0.5722,2.466
42.9358,0.5632,2.4261
42.9360,0.6048,2.6066
42.9362,0.6265,2.6989
42.9364,0.6436,2.7702
42.9366,0.6626,2.853
42.9368,0.6948,2.9905
42.9370,0.6943,2.9871
42.9372,0.6948,2.9877
42.9374,0.7089,3.0509
42.9376,0.6406,2.7624
42.9378,0.6645,2.8613
42.9380,0.6507,2.7993
42.9382,0.6464,2.7833
42.9384,0.7024,3.0202
42.9386,0.7997,3.4341
42.9388,0.8343,3.5807
42.9390,0.8427,3.6167
42.9392,0.8921,3.8269
42.9394,0.8674,3.7296
42.9396,0.7644,3.2852
42.9398,0.749,3.2223
42.9400,0.6737,2.9024
42.9402,0.6139,2.6422
42.9404,0.6808,2.9329
42.9406,0.6412,2.7663
42.9408,0.526,2.2692
42.9410,0.4914,2.1217
42.9412,0.4836,2.087
42.9414,0.4785,2.0643
42.9416,0.5742,2.4771
42.9418,0.5863,2.52
42.9420,0.7403,3.1831
42.9422,0.7651,3.2883
42.9424,0.6957,3.0011
42.9426,0.5949,2.5654
42.9428,0.5947,2.562
42.9430,0.5973,2.5734
42.9432,0.5873,2.5323
42.9434,0.6225,2.6806
42.9436,0.6538,2.8114
42.9438,0.6937,2.9831
42.9440,0.7449,3.2062
42.9442,0.7055,3.0336
42.9444,0.7443,3.1992
42.9446,0.712,3.0672
42.9448,0.6828,2.9389
42.9450,0.6464,2.7872
42.9452,0.5901,2.5412
42.9454,0.6073,2.6174
42.9456,0.5726,2.4692
42.9458,0.5766,2.4886
42.9460,0.5418,2.3385
42.9462,0.5303,2.2889
42.9464,0.5319,2.2913
42.9466,0.5372,2.3141
42.9468,0.5424,2.3368
42.9470,0.5831,2.5119
42.9472,0.5867,2.5274
42.9474,0.6605,2.8469
42.9476,0.6459,2.78
42.9478,0.6656,2.8619
42.9480,0.7529,3.2388
42.9482,0.7274,3.128
42.9484,0.7151,3.0734
42.9486,0.7795,3.3471
42.9488,0.7964,3.4228
42.9490,0.8065,3.4629
42.9492,0.8856,3.8009
42.9494,0.9219,3.9532
42.9496,0.9343,4.0061
42.9498,0.9207,3.948
42.9500,0.917,3.9339
42.9502,0.9036,3.8781
42.9504,0.9038,3.8755
42.9506,0.9134,3.9203
42.9508,0.9011,3.8709
42.9510,0.8459,3.6357
42.9512,0.814,3.4953
42.9514,0.8193,3.5147
42.9516,0.8493,3.6501
42.9518,0.8272,3.5553
42.9520,0.8157,3.5042
42.9522,0.8381,3.5971
42.9524,0.8754,3.7572
42.9526,0.8833,3.7947
42.9528,0.8972,3.849
42.9530,0.9146,3.9255
42.9532,0.8555,3.6786
42.9534,0.819,3.5202
42.9536,0.7692,3.3089
42.9538,0.8,3.4367
42.9540,0.9015,3.8676
42.9542,0.9576,4.1198
42.9544,0.7701,3.3131
42.9546,0.7807,3.3569
42.9548,0.7657,3.2955
42.9550,0.7559,3.2502
42.9552,0.7394,3.1825
42.9554,0.7045,3.0337
42.9556,0.7139,3.074
42.9558,0.738,3.1763
42.9560,0.6913,2.9728
42.9562,0.7562,3.2457
42.9564,0.8585,3.6915
42.9566,0.8129,3.4956
42.9568,0.7909,3.4023
42.9570,0.7543,3.242
42.9572,0.769,3.3115
42.9574,0.7484,3.2197
42.9576,0.7695,3.3105
42.9578,0.6778,2.9213
42.9580,0.6195,2.6677
42.9582,0.6901,2.9704
42.9584,0.6973,3.0014
42.9586,0.7352,3.1644
42.9588,0.747,3.212
42.9590,0.7826,3.3636
42.9592,0.8201,3.5232
42.9594,0.8305,3.5697
42.9596,0.7857,3.3833
42.9598,0.7083,3.0511
42.9600,0.7047,3.03
42.9602,0.759,3.2696
42.9604,0.718,3.0858
42.9606,0.7351,3.1698
42.9608,0.6122,2.6374
42.9610,0.5916,2.5509
42.9612,0.5861,2.5283
42.9614,0.5982,2.5782
42.9616,0.6038,2.6012
42.9618,0.6502,2.8011
42.9620,0.6413,2.7668
42.9622,0.6039,2.603
42.9624,0.5572,2.4037
42.9626,0.5141,2.218
42.9628,0.5711,2.4602
42.9630,0.5802,2.503
42.9632,0.5427,2.3411
42.9634,0.5672,2.4482
42.9636,0.5712,2.463
42.9638,0.5692,2.4542
42.9640,0.5402,2.3324
42.9642,0.5024,2.1673
42.9644,0.5403,2.3286
42.9646,0.4935,2.132
42.9648,0.4524,1.9543
42.9650,0.4484,1.9363
42.9652,0.4487,1.9382
42.9654,0.4542,1.963
42.9656,0.4628,1.9984
42.9658,0.45,1.9412
42.9660,0.4497,1.9411
42.9662,0.4499,1.9407
42.9664,0.4571,1.9718
42.9666,0.4535,1.959
42.9668,0.4505,1.9469
42.9670,0.4682,2.0189
42.9672,0.5707,2.4564
42.9674,0.6512,2.8066
42.9676,0.5647,2.4362
42.9678,0.4802,2.0735
42.9680,0.4797,2.0638
42.9682,0.5687,2.4533
42.9684,0.4815,2.0773
42.9686,0.5337,2.2991
42.9688,0.567,2.4438
42.9690,0.5589,2.4075
42.9692,0.5471,2.3591
42.9694,0.5592,2.4102
42.9696,0.5689,2.4509
42.9698,0.5459,2.3518
42.9700,0.6023,2.5909
42.9702,0.6508,2.8024
42.9704,0.5533,2.3882
42.9706,0.4655,2.0098
42.9708,0.4513,1.9487
42.9710,0.4429,1.9107
42.9712,0.4471,1.9279
42.9714,0.521,2.2454
42.9716,0.5349,2.3042
42.9718,0.5789,2.4927
42.9720,0.5961,2.5706
42.9722,0.5614,2.4195
42.9724,0.5628,2.4257
42.9726,0.5097,2.2009
42.9728,0.4509,1.9454
42.9730,0.5111,2.203
42.9732,0.4753,2.0523
42.9734,0.4479,1.9333
42.9736,0.4342,1.8756
42.9738,0.433,1.8669
42.9740,0.484,2.0881
42.9742,0.4836,2.0841
42.9744,0.5358,2.3084
42.9746,0.5734,2.4723
42.9748,0.53,2.2841
42.9750,0.4882,2.1062
42.9752,0.4988,2.1518
42.9754,0.5489,2.3636
42.9756,0.5774,2.4865
42.9758,0.5762,2.4813
42.9760,0.5878,2.532
42.9762,0.6038,2.5976
42.9764,0.6565,2.8214
42.9766,0.6668,2.8658
42.9768,0.703,3.02
42.9770,0.7467,3.208
42.9772,0.7121,3.0606
42.9774,0.7208,3.0967
42.9776,0.7719,3.3177
42.9778,0.7073,3.0414
42.9780,0.6988,3.0006
42.9782,0.7092,3.0553
42.9784,0.5906,2.5456
42.9786,0.5591,2.4097
42.9788,0.5638,2.4287
42.9790,0.5737,2.4716
42.9792,0.5936,2.5562
42.9794,0.6441,2.7709
42.9796,0.634,2.7301
42.9798,0.6259,2.6963
42.9800,0.5609,2.4152
42.9802,0.566,2.4351
42.9804,0.6525,2.8149
42.9806,0.5146,2.218
42.9808,0.5155,2.2185
42.9810,0.5934,2.5516
42.9812,0.682,2.9326
42.9814,0.6983,2.9999
42.9816,0.7298,3.1324
42.9818,0.785,3.3723
42.9820,0.7931,3.4073
42.9822,0.7965,3.4154
42.9824,0.8539,3.6651
42.9826,0.8608,3.6892
42.9828,0.8976,3.847
42.9830,0.8971,3.8485
42.9832,0.8867,3.8002
42.9834,0.9429,4.0394
42.9836,0.958,4.1118
42.9838,0.9193,3.9363
42.9840,1.0358,4.4271
42.9842,1.0739,4.5965
42.9844,1.0193,4.3686
42.9846,0.8405,3.6024
42.9848,0.9087,3.8912
42.9850,1.0285,4.4082
42.9852,0.9947,4.2712
42.9854,0.8368,3.5915
42.9856,0.8219,3.531
42.9858,0.8195,3.519
42.9860,0.8147,3.4968
42.9862,0.8202,3.5254
42.9864,0.8355,3.5875
42.9866,0.8243,3.5429
42.9868,0.7633,3.2821
42.9870,0.7924,3.4042
42.9872,0.8558,3.675
42.9874,0.9206,3.9494
42.9876,0.9068,3.8884
42.9878,0.9427,4.044
42.9880,0.87,3.7305
42.9882,0.9313,4.0007
42.9884,0.8494,3.6489
42.9886,0.8675,3.725
42.9888,0.8791,3.7749
42.9890,0.812,3.4882
42.9892,0.7916,3.3991
42.9894,0.8537,3.664
42.9896,0.8809,3.7844
42.9898,0.8376,3.6001
42.9900,0.7706,3.3151
42.9902,0.7835,3.3677
42.9904,0.8291,3.5635
42.9906,0.8082,3.4755
42.9908,0.7696,3.3095
42.9910,0.7888,3.3888
42.9912,0.8307,3.5669
42.9914,0.8536,3.6669
42.9916,0.8231,3.5427
42.9918,0.7458,3.2083
42.9920,0.7357,3.165
42.9922,0.6999,3.0136
42.9924,0.6743,2.9023
42.9926,0.6652,2.8644
42.9928,0.6644,2.8621
42.9930,0.6748,2.9057
42.9932,0.6737,2.901
42.9934,0.7165,3.0825
42.9936,0.7465,3.2144
42.9938,0.6283,2.7079
42.9940,0.6102,2.6311
42.9942,0.6035,2.6009
42.9944,0.6513,2.8045
42.9946,0.6484,2.7934
42.9948,0.6978,2.9978
42.9950,0.8764,3.7596
42.9952,0.903,3.881
42.9954,0.7889,3.394
42.9956,0.7373,3.1717
42.9958,0.7363,3.1676
42.9960,0.8024,3.4518
42.9962,0.8065,3.4629
42.9964,0.8538,3.6663
42.9966,0.8615,3.7009
42.9968,0.8594,3.6905
42.9970,0.8371,3.6014
42.9972,0.7674,3.3012
42.9974,0.6969,2.9965
42.9976,0.7362,3.17
42.9978,0.7539,3.2464
42.9980,0.7886,3.3862
42.9982,0.8772,3.7631
42.9984,0.9285,3.9889
42.9986,0.8489,3.6469
42.9988,0.758,3.261
42.9990,0.7485,3.2187
42.9992,0.7875,3.3847
42.9994,0.7213,3.1118
42.9996,0.5981,2.58
42.9998,0.5849,2.522
43.0000,0.5764,2.4853
43.0002,0.5819,2.5067
43.0004,0.6398,2.7588
43.0006,0.587,2.5313
43.0008,0.574,2.4749
43.0010,0.5719,2.4661
43.0012,0.5777,2.4921
43.0014,0.6302,2.7061
43.0016,0.8194,3.5169
43.0018,0.8086,3.477
43.0020,0.7246,3.1228
43.0022,0.5632,2.4295
43.0024,0.5378,2.3199
43.0026,0.5556,2.3969
43.0028,0.566,2.4431
43.0030,0.5648,2.4356
43.0032,0.5605,2.4148
43.0034,0.5572,2.4037
43.0036,0.5637,2.4293
43.0038,0.5907,2.5449
43.0040,0.5758,2.4827
43.0042,0.5822,2.5106
43.0044,0.5802,2.4983
43.0046,0.6778,2.9132
43.0048,0.7549,3.2445
43.0050,0.7972,3.4296
43.0052,0.7288,3.1336
43.0054,0.6684,2.8783
43.0056,0.6315,2.7231
43.0058,0.6075,2.6197
43.0060,0.6284,2.7084
43.0062,0.6119,2.6383
43.0064,0.6026,2.5949
43.0066,0.6671,2.87
43.0068,0.6658,2.8683
43.0070,0.6098,2.6259
43.0072,0.6332,2.7253
43.0074,0.6765,2.9089
43.0076,0.7108,3.0591
43.0078,0.6427,2.7712
43.0080,0.6214,2.6759
43.0082,0.6705,2.8817
43.0084,0.6825,2.9346
43.0086,0.6825,2.9401
43.0088,0.6277,2.7015
43.0090,0.7055,3.0322
43.0092,0.7394,3.181
43.0094,0.7271,3.125
43.0096,0.7847,3.3744
43.0098,0.6954,2.9917
43.0100,0.6575,2.8327
43.0102,0.6222,2.6803
43.0104,0.6194,2.6647
43.0106,0.7036,3.0324
43.0108,0.6116,2.6373
43.0110,0.6111,2.6279
43.0112,0.6735,2.9
43.0114,0.6804,2.9299
43.0116,0.6109,2.6354
43.0118,0.5466,2.3571
43.0120,0.5614,2.4184
43.0122,0.5764,2.483
43.0124,0.5671,2.4466
43.0126,0.5645,2.4375
43.0128,0.5104,2.2019
43.0130,0.5797,2.4939
43.0132,0.5843,2.5171
43.0134,0.5813,2.5007
43.0136,0.6292,2.7095
43.0138,0.6814,2.9341
43.0140,0.6547,2.8176
43.0142,0.6712,2.8848
43.0144,0.7141,3.0693
43.0146,0.7479,3.2161
43.0148,0.7906,3.3934
43.0150,0.8346,3.5772
43.0152,0.9102,3.901
43.0154,0.9672,4.1436
43.0156,1.0194,4.3671
43.0158,1.0739,4.5943
43.0160,1.085,4.6415
43.0162,1.0952,4.6829
43.0164,1.1168,4.773
43.0166,1.1813,5.0487
43.0168,1.1725,5.0113
43.0170,1.1784,5.0388
43.0172,1.1358,4.8636
43.0174,1.1171,4.7835
43.0176,1.1645,4.9816
43.0178,1.158,4.9539
43.0180,1.1356,4.8535
43.0182,1.1641,4.9777
43.0184,1.1569,4.947
43.0186,1.1888,5.0834
43.0188,1.1715,5.0189
43.0190,1.0823,4.6324
43.0192,1.085,4.6502
43.0194,1.029,4.4143
43.0196,0.9254,3.9718
43.0198,0.899,3.8568
43.0200,0.9928,4.2669
43.0202,0.9442,4.0488
43.0204,0.9654,4.1456
43.0206,0.9615,4.1248
43.0208,1.0168,4.3659
43.0210,1.0087,4.3254
43.0212,1.0061,4.3181
43.0214,0.9695,4.1689
43.0216,0.8347,3.5911
43.0218,0.8292,3.564
43.0220,0.8246,3.5472
43.0222,0.8027,3.4534
43.0224,0.7507,3.2325
43.0226,0.7218,3.1066
43.0228,0.7189,3.0928
43.0230,0.7951,3.4188
43.0232,0.7972,3.4296
43.0234,0.8038,3.4612
43.0236,0.7368,3.177
43.0238,0.6304,2.7159
43.0240,0.6652,2.8644
43.0242,0.6804,2.9299
43.0244,0.7379,3.1787
43.0246,0.7078,3.0491
43.0248,0.7133,3.0714
43.0250,0.6901,2.9718
43.0252,0.6888,2.9688
43.0254,0.6917,2.9799
43.0256,0.6519,2.811
43.0258,0.5934,2.5575
43.0260,0.6463,2.7815
43.0262,0.6706,2.893
43.0264,0.5917,2.5538
43.0266,0.5894,2.5428
43.0268,0.5773,2.4906
43.0270,0.5788,2.4968
43.0272,0.5935,2.5616
43.0274,0.6078,2.6195
43.0276,0.6694,2.8811
43.0278,0.6982,3.0092
43.0280,0.6453,2.7813
43.0282,0.658,2.8413
43.0284,0.5443,2.3483
43.0286,0.5686,2.4505
43.0288,0.6497,2.7991
43.0290,0.6762,2.9132
43.0292,0.6831,2.9413
43.0294,0.6545,2.8211
43.0296,0.6698,2.8853
43.0298,0.6764,2.9138
43.0300,0.673,2.8979
43.0302,0.665,2.866
43.0304,0.6297,2.7166
43.0306,0.5464,2.3615
43.0308,0.4379,1.8916
43.0310,0.435,1.8792
43.0312,0.449,1.9407
43.0314,0.4426,1.9145
43.0316,0.4344,1.8775
43.0318,0.4332,1.8714
43.0320,0.4362,1.8852
43.0322,0.4475,1.934
43.0324,0.441,1.9042
43.0326,0.4322,1.8681
43.0328,0.4315,1.865
43.0330,0.4369,1.8866
43.0332,0.4496,1.9433
43.0334,0.4398,1.9008
43.0336,0.4422,1.9085
43.0338,0.4948,2.1337
43.0340,0.5289,2.2816
43.0342,0.5372,2.3194
43.0344,0.4625,1.9978
43.0346,0.4344,1.8749
43.0348,0.4741,2.0462
43.0350,0.4794,2.0718
43.0352,0.459,1.9828
43.0354,0.5015,2.1647
43.0356,0.5121,2.2081
43.0358,0.5404,2.3302
43.0360,0.5726,2.467
43.0362,0.5916,2.5486
43.0364,0.5786,2.4928
43.0366,0.5746,2.4741
43.0368,0.5818,2.5074
43.0370,0.5794,2.4994
43.0372,0.5754,2.4811
43.0374,0.5666,2.4434
43.0376,0.5589,2.4098
43.0378,0.5452,2.3498
43.0380,0.6099,2.6264
43.0382,0.6705,2.8858
43.0384,0.6946,2.9881
43.0386,0.7216,3.1056
43.0388,0.6445,2.7751
43.0390,0.691,2.9726
43.0392,0.702,3.0243
43.0394,0.5973,2.5698
43.0396,0.6439,2.7699
43.0398,0.6054,2.608
43.0400,0.5942,2.5599
43.0402,0.6608,2.8453
43.0404,0.5854,2.5229
43.0406,0.5753,2.476
43.0408,0.656,2.8233
43.0410,0.6556,2.8244
43.0412,0.5924,2.5522
43.0414,0.6013,2.5868
43.0416,0.617,2.6618
43.0418,0.5157,2.2247
43.0420,0.4942,2.1341
43.0422,0.5024,2.1653
43.0424,0.5831,2.5084
43.0426,0.6499,2.797
43.0428,0.6627,2.8535
43.0430,0.6494,2.8001
43.0432,0.5262,2.2713
43.0434,0.4786,2.0649
43.0436,0.4778,2.0603
43.0438,0.5187,2.2366
43.0440,0.5099,2.1978
43.0442,0.5177,2.2293
43.0444,0.5399,2.3281
43.0446,0.4801,2.073
43.0448,0.4674,2.0162
43.0450,0.4761,2.053
43.0452,0.4724,2.0389
43.0454,0.4683,2.0223
43.0456,0.4689,2.0239
43.0458,0.4659,2.0082
43.0460,0.4531,1.9538
43.0462,0.4521,1.9496
43.0464,0.5366,2.3136
43.0466,0.4984,2.1512
43.0468,0.5051,2.1772
43.0470,0.5231,2.2568
43.0472,0.4952,2.1353
43.0474,0.5669,2.4388
43.0476,0.6491,2.79
43.0478,0.6993,3.0054
43.0480,0.7413,3.1878
43.0482,0.6693,2.8779
43.0484,0.7159,3.0742
43.0486,0.763,3.2796
43.0488,0.6982,2.9966
43.0490,0.8393,3.5956
43.0492,0.9329,3.9986
43.0494,0.8952,3.8403
43.0496,0.8564,3.6724
43.0498,0.8838,3.7861
43.0500,0.9406,4.0315
43.0502,0.8773,3.7707
43.0504,0.811,3.4776
43.0506,0.9229,3.9499
43.0508,0.9797,4.2049
43.0510,0.844,3.6224
43.0512,0.8803,3.773
43.0514,0.9379,4.0234
43.0516,0.9081,3.8959
43.0518,0.9084,3.8969
43.0520,0.882,3.7837
43.0522,0.8909,3.8182
43.0524,0.9612,4.1218
43.0526,0.9508,4.0771
43.0528,0.9033,3.8789
43.0530,0.8345,3.5817
43.0532,0.8276,3.5552
43.0534,0.8088,3.4797
43.0536,0.7744,3.3239
43.0538,0.8507,3.6495
43.0540,0.8753,3.7637
43.0542,0.7815,3.3589
43.0544,0.8,3.4351
43.0546,0.8491,3.6513
43.0548,0.8066,3.4683
43.0550,0.7772,3.3373
43.0552,0.8397,3.6072
43.0554,0.8614,3.6987
43.0556,0.8608,3.6961
43.0558,0.8349,3.5866
43.0560,0.8666,3.7231
43.0562,0.8726,3.7471
43.0564,0.8557,3.6745
43.0566,0.8073,3.4713
43.0568,0.818,3.5123
43.0570,0.8487,3.6441
43.0572,0.7876,3.3852
43.0574,0.7764,3.3399
43.0576,0.7696,3.3095
43.0578,0.8086,3.4738
43.0580,0.8264,3.55
43.0582,0.8311,3.5706
43.0584,0.7942,3.412
43.0586,0.7783,3.345
43.0588,0.8093,3.4769
43.0590,0.8521,3.6539
43.0592,0.9258,3.9789
43.0594,0.8535,3.6681
43.0596,0.8388,3.6069
43.0598,0.7428,3.194
43.0600,0.7411,3.1882
43.0602,0.7089,3.0523
43.0604,0.6836,2.942
43.0606,0.6794,2.9226
43.0608,0.73,3.1417
43.0610,0.7362,3.1671
43.0612,0.7449,3.2032
43.0614,0.7351,3.161
43.0616,0.7479,3.2191
43.0618,0.6863,2.9566
43.0620,0.6825,2.9387
43.0622,0.7152,3.0768
43.0624,0.7422,3.1958
43.0626,0.7247,3.1205
43.0628,0.6952,2.9921
43.0630,0.6892,2.9663
43.0632,0.6659,2.8715
43.0634,0.6312,2.7178
43.0636,0.6782,2.9215
43.0638,0.58,2.5031
43.0640,0.5327,2.3003
43.0642,0.506,2.1858
43.0644,0.5021,2.1632
43.0646,0.6537,2.8109
43.0648,0.729,3.1434
43.0650,0.5851,2.5254
43.0652,0.537,2.3189
43.0654,0.5278,2.278
43.0656,0.527,2.2723
43.0658,0.5272,2.2733
43.0660,0.5316,2.2945
43.0662,0.5277,2.2775
43.0664,0.5238,2.2588
43.0666,0.5254,2.2655
43.0668,0.5319,2.2945
43.0670,0.5336,2.3018
43.0672,0.53,2.2841
43.0674,0.531,2.2898
43.0676,0.5298,2.2857
43.0678,0.6085,2.6165
43.0680,0.756,3.2461
43.0682,0.7635,3.2893
43.0684,0.5784,2.4952
43.0686,0.5373,2.3178
43.0688,0.5379,2.3193
43.0690,0.5493,2.3662
43.0692,0.6096,2.6236
43.0694,0.6297,2.7128
43.0696,0.6864,2.9558
43.0698,0.6778,2.9186
43.0700,0.5997,2.5837
43.0702,0.5505,2.3747
43.0704,0.5653,2.4366
43.0706,0.5361,2.3105
43.0708,0.5333,2.2975
43.0710,0.5647,2.4317
43.0712,0.6704,2.8812
43.0714,0.7802,3.3517
43.0716,0.7556,3.2491
43.0718,0.7063,3.0415
43.0720,0.6081,2.6223
43.0722,0.533,2.2981
43.0724,0.5198,2.2423
43.0726,0.5201,2.2438
43.0728,0.5231,2.2557
43.0730,0.5324,2.2955
43.0732,0.5295,2.2831
43.0734,0.5429,2.341
43.0736,0.5674,2.442
43.0738,0.5831,2.5131
43.0740,0.5923,2.5505
43.0742,0.5971,2.5735
43.0744,0.5731,2.4679
43.0746,0.6337,2.7311
43.0748,0.622,2.6798
43.0750,0.6523,2.8047
43.0752,0.6692,2.8787
43.0754,0.6348,2.7307
43.0756,0.6324,2.7217
43.0758,0.6586,2.8347
43.0760,0.7096,3.0497
43.0762,0.7911,3.4002
43.0764,0.7678,3.3017
43.0766,0.6927,2.9785
43.0768,0.6997,3.0075
43.0770,0.7069,3.0412
43.0772,0.6809,2.9307
43.0774,0.6824,2.9368
43.0776,0.6542,2.8156
43.0778,0.6527,2.8055
43.0780,0.709,3.0472
43.0782,0.7729,3.3218
43.0784,0.752,3.2382
43.0786,0.6255,2.6922
43.0788,0.6458,2.7794
43.0790,0.67,2.881
43.0792,0.6387,2.7528
43.0794,0.5935,2.5556
43.0796,0.632,2.7226
43.0798,0.6453,2.7774
43.0800,0.6355,2.7363
43.0802,0.6761,2.906
43.0804,0.7237,3.1149
43.0806,0.5826,2.5122
43.0808,0.5319,2.2924
43.0810,0.6083,2.6179
43.0812,0.6853,2.9511
43.0814,0.6592,2.8346
43.0816,0.6803,2.9281
43.0818,0.6531,2.8083
43.0820,0.7645,3.2796
43.0822,0.8482,3.6472
43.0824,0.7996,3.4351
43.0826,0.8431,3.6221
43.0828,0.8373,3.5935
43.0830,0.8621,3.6949
43.0832,0.8798,3.7762
43.0834,0.8224,3.5363
43.0836,0.7766,3.3363
43.0838,0.7889,3.3893
43.0840,0.8224,3.5347
43.0842,0.8225,3.5269
43.0844,0.9152,3.9225
43.0846,0.9621,4.1235
43.0848,0.9681,4.1434
43.0850,1.0223,4.3774
43.0852,1.0358,4.4374
43.0854,1.0316,4.4215
43.0856,1.0395,4.4492
43.0858,1.0652,4.559
43.0860,1.0654,4.5728
43.0862,0.9732,4.1713
43.0864,0.9009,3.8722
43.0866,0.7702,3.309
43.0868,0.7562,3.2532
43.0870,0.7187,3.0932
43.0872,0.7043,3.0299
43.0874,0.6894,2.9659
43.0876,0.7073,3.0414
43.0878,0.7714,3.3141
43.0880,0.7916,3.3991
43.0882,0.8341,3.5818
43.0884,0.8031,3.4549
43.0886,0.7518,3.2402
43.0888,0.6705,2.8858
43.0890,0.6778,2.9172
43.0892,0.6786,2.9236
43.0894,0.6748,2.9016
43.0896,0.7487,3.2162
43.0898,0.7717,3.3151
43.0900,0.793,3.4084
43.0902,0.7903,3.4045
43.0904,0.6868,2.9532
43.0906,0.7722,3.3187
43.0908,0.8256,3.5519
43.0910,0.7273,3.1275
43.0912,0.7228,3.1108
43.0914,0.6664,2.8695
43.0916,0.6677,2.8752
43.0918,0.7264,3.1277
43.0920,0.6815,2.9346
43.0922,0.712,3.0657
43.0924,0.7009,3.0154
43.0926,0.6861,2.9528
43.0928,0.7073,3.0428
43.0930,0.7219,3.1071
43.0932,0.7032,3.028
43.0934,0.6372,2.7474
43.0936,0.5964,2.5716
43.0938,0.6537,2.8109
43.0940,0.7326,3.1516
43.0942,0.7182,3.0897
43.0944,0.6645,2.8626
43.0946,0.6585,2.8342
43.0948,0.6818,2.9384
43.0950,0.6548,2.8208
43.0952,0.6629,2.8572
43.0954,0.6627,2.8522
43.0956,0.6657,2.8651
43.0958,0.699,3.0086
43.0960,0.7184,3.0879
43.0962,0.7415,3.1913
43.0964,0.6789,2.9287
43.0966,0.5717,2.464
43.0968,0.6273,2.7025
43.0970,0.6207,2.6778
43.0972,0.5568,2.4032
43.0974,0.5292,2.2831
43.0976,0.529,2.2821
43.0978,0.5503,2.3742
43.0980,0.5666,2.4445
43.0982,0.58,2.4961
43.0984,0.6429,2.7735
43.0986,0.5633,2.43
43.0988,0.578,2.489
43.0990,0.5846,2.5233
43.0992,0.4743,2.0481
43.0994,0.4589,1.9813
43.0996,0.4545,1.9609
43.0998,0.4621,1.9935
43.1000,0.508,2.1916
43.1002,0.5262,2.2723
43.1004,0.4639,2.0022
43.1006,0.4677,2.0187
43.1008,0.5213,2.248
43.1010,0.5705,2.4611
43.1012,0.5027,2.1688
43.1014,0.4601,1.9865
43.1016,0.4527,1.9559
43.1018,0.4485,1.9368
43.1020,0.4491,1.9385
43.1022,0.4464,1.9275
43.1024,0.4471,1.9306
43.1026,0.4433,1.9149
43.1028,0.4508,1.9449
43.1030,0.4506,1.9447
43.1032,0.449,1.9371
43.1034,0.489,2.1093
43.1036,0.4583,1.9788
43.1038,0.4491,1.9394
43.1040,0.4505,1.9433
43.1042,0.4471,1.9306
43.1044,0.4608,1.9869
43.1046,0.5348,2.3037
43.1048,0.5885,2.534
43.1050,0.6097,2.6241
43.1052,0.5966,2.5726
43.1054,0.5384,2.3246
43.1056,0.4595,1.9821
43.1058,0.45,1.9412
43.1060,0.4495,1.9401
43.1062,0.445,1.9177
43.1064,0.4452,1.9205
43.1066,0.4458,1.924
43.1068,0.4482,1.9335
43.1070,0.4706,2.0283
43.1072,0.5277,2.2754
43.1074,0.5393,2.3244
43.1076,0.5455,2.348
43.1078,0.5533,2.3849
43.1080,0.5563,2.3934
43.1082,0.6648,2.8575
43.1084,0.6844,2.9415
43.1086,0.6213,2.6754
43.1088,0.5981,2.5765
43.1090,0.5912,2.5458
43.1092,0.5918,2.5472
43.1094,0.666,2.8627
43.1096,0.6851,2.9419
43.1098,0.7079,3.0397
43.1100,0.7186,3.0898
43.1102,0.7127,3.0646
43.1104,0.7043,3.0285
43.1106,0.6547,2.8189
43.1108,0.6326,2.7214
43.1110,0.6401,2.7552
43.1112,0.6182,2.657
43.1114,0.6264,2.6958
43.1116,0.5655,2.4394
43.1118,0.4843,2.0882
43.1120,0.4707,2.0298
43.1122,0.464,2.0027
43.1124,0.4693,2.0236
43.1126,0.4782,2.0609
43.1128,0.4825,2.0804
43.1130,0.5373,2.3156
43.1132,0.5524,2.3774
43.1134,0.6183,2.6588
43.1136,0.6321,2.7181
43.1138,0.6434,2.773
43.1140,0.5613,2.4168
43.1142,0.6254,2.6905
43.1144,0.6304,2.7134
43.1146,0.6512,2.7988
43.1148,0.7216,3.0969
43.1150,0.7587,3.258
43.1152,0.8642,3.7007
43.1154,0.9819,4.2043
43.1156,0.9791,4.1925
43.1158,1.0278,4.403
43.1160,0.9949,4.2603
43.1162,1.005,4.2994
43.1164,1.0412,4.4543
43.1166,1.0075,4.3102
43.1168,1.0544,4.5086
43.1170,1.0702,4.5892
43.1172,0.9467,4.0558
43.1174,0.9434,4.0452
43.1176,0.9172,3.9331
43.1178,0.9543,4.0882
43.1180,0.9639,4.1331
43.1182,0.8972,3.849
43.1184,0.9039,3.8779
43.1186,0.9136,3.914
43.1188,0.9712,4.1606
43.1190,0.961,4.1246
43.1192,0.902,3.8678
43.1194,0.8913,3.8221
43.1196,0.8767,3.7611
43.1198,0.899,3.8568
43.1200,0.8931,3.8316
43.1202,0.9136,3.9213
43.1204,0.8921,3.8251
43.1206,0.8875,3.8074
43.1208,0.8949,3.8411
43.1210,0.9292,3.9864
43.1212,0.9287,3.9825
43.1214,0.9953,4.2638
43.1216,0.9899,4.2486
43.1218,0.941,4.0368
43.1220,0.9608,4.1197
43.1222,0.9363,4.0149
43.1224,0.9206,3.9549
43.1226,0.847,3.6352
43.1228,0.8252,3.5482
43.1230,0.7629,3.2821
43.1232,0.8229,3.5367
43.1234,0.7976,3.428
43.1236,0.8128,3.4902
43.1238,0.8359,3.5929
43.1240,0.8141,3.4975
43.1242,0.8262,3.5528
43.1244,0.8295,3.5651
43.1246,0.7935,3.4121
43.1248,0.7418,3.1943
43.1250,0.7274,3.1294
43.1252,0.7448,3.2042
43.1254,0.7031,3.0261
43.1256,0.718,3.0872
43.1258,0.7411,3.1897
43.1260,0.737,3.1707
43.1262,0.6912,2.9792
43.1264,0.6714,2.8926
43.1266,0.6792,2.9234
43.1268,0.6853,2.9511
43.1270,0.6828,2.943
43.1272,0.6162,2.6545
43.1274,0.5978,2.5742
43.1276,0.7118,3.0581
43.1278,0.8228,3.5428
43.1280,0.75,3.2249
43.1282,0.7289,3.14
43.1284,0.6461,2.7849
43.1286,0.6346,2.734
43.1288,0.6463,2.7815
43.1290,0.6583,2.8305
43.1292,0.7213,3.1031
43.1294,0.7222,3.1082
43.1296,0.7097,3.0545
43.1298,0.7106,3.0586
43.1300,0.7136,3.0758
43.1302,0.646,2.7882
43.1304,0.5688,2.4527
43.1306,0.5537,2.3876
43.1308,0.5527,2.3801
43.1310,0.6906,2.9725
43.1312,0.7164,3.0863
43.1314,0.6539,2.8185
43.1316,0.6061,2.6147
43.1318,0.5463,2.3555
43.1320,0.528,2.2759
43.1322,0.521,2.2485
43.1324,0.5177,2.2345
43.1326,0.5192,2.2397
43.1328,0.528,2.278
43.1330,0.5298,2.2857
43.1332,0.5554,2.3959
43.1334,0.5219,2.2516
43.1336,0.5217,2.2474
43.1338,0.5568,2.3999
43.1340,0.5851,2.5218
43.1342,0.5989,2.5777
43.1344,0.7072,3.0451
43.1346,0.6942,2.9865
43.1348,0.6832,2.9418
43.1350,0.6767,2.9139
43.1352,0.678,2.9169
43.1354,0.6965,2.9991
43.1356,0.6617,2.8468
43.1358,0.686,2.9482
43.1360,0.7529,3.2373
43.1362,0.7738,3.3275
43.1364,0.7308,3.1512
43.1366,0.6282,2.7048
43.1368,0.6144,2.6479
43.1370,0.6181,2.6627
43.1372,0.6382,2.7469
43.1374,0.6561,2.8225
43.1376,0.7133,3.0657
43.1378,0.8024,3.4502
43.1380,0.7973,3.4254
43.1382,0.8133,3.4987
43.1384,0.7712,3.3254
43.1386,0.571,2.4609
43.1388,0.5252,2.2624
43.1390,0.5803,2.5012
43.1392,0.5689,2.4532
43.1394,0.5598,2.4128
43.1396,0.6009,2.5888
43.1398,0.6617,2.8468
43.1400,0.6856,2.9494
43.1402,0.675,2.9081
43.1404,0.6358,2.7392
43.1406,0.6289,2.7067
43.1408,0.6065,2.6102
43.1410,0.6334,2.7263
43.1412,0.5964,2.5716
43.1414,0.561,2.4202
43.1416,0.5628,2.4257
43.1418,0.5844,2.5164
43.1420,0.6186,2.6635
43.1422,0.6466,2.7869
43.1424,0.5822,2.5094
43.1426,0.5736,2.4722
43.1428,0.5706,2.4582
43.1430,0.5713,2.4613
43.1432,0.5724,2.4694
43.1434,0.5097,2.2009
43.1436,0.4758,2.0534
43.1438,0.4707,2.0307
43.1440,0.47,2.0286
43.1442,0.4724,2.0389
43.1444,0.4888,2.1079
43.1446,0.5573,2.4031
43.1448,0.5128,2.2123
43.1450,0.4683,2.0213
43.1452,0.4631,1.9985
43.1454,0.4683,2.0213
43.1456,0.4661,2.0096
43.1458,0.4439,1.9149
43.1460,0.4507,1.9416
43.1462,0.5577,2.4046
43.1464,0.5145,2.2195
43.1466,0.4873,2.1002
43.1468,0.5261,2.2686
43.1470,0.5018,2.1647
43.1472,0.531,2.2888
43.1474,0.5419,2.3347
43.1476,0.5933,2.551
43.1478,0.6381,2.7477
43.1480,0.6602,2.8401
43.1482,0.6654,2.8641
43.1484,0.6476,2.7833
43.1486,0.8159,3.5036
43.1488,0.8219,3.5293
43.1490,0.7917,3.3996
43.1492,0.8062,3.4619
43.1494,0.8319,3.572
43.1496,0.8471,3.6323
43.1498,0.8977,3.8511
43.1500,0.8555,3.6718
43.1502,0.887,3.8089
43.1504,0.876,3.7545
43.1506,0.9457,4.0455
43.1508,1.0139,4.3475
43.1510,0.9772,4.1882
43.1512,1.0219,4.3779
43.1514,1.0328,4.4143
43.1516,1.1333,4.846
43.1518,1.1421,4.888
43.1520,1.103,4.7141
43.1522,1.1088,4.7436
43.1524,1.0646,4.5692
43.1526,0.8776,3.7682
43.1528,0.838,3.6017
43.1530,0.774,3.3296
43.1532,0.7592,3.2631
43.1534,0.7632,3.2786
43.1536,0.7942,3.4104
43.1538,0.788,3.3868
43.1540,0.799,3.4342
43.1542,0.7913,3.398
43.1544,0.8442,3.6268
43.1546,0.791,3.3981
43.1548,0.8217,3.5283
43.1550,0.8813,3.7842
43.1552,0.8788,3.7751
43.1554,0.7959,3.4192
43.1556,0.7844,3.3729
43.1558,0.7953,3.4182
43.1560,0.7933,3.4174
43.1562,0.7377,3.1723
43.1564,0.7792,3.3491
43.1566,0.7743,3.3311
43.1568,0.7711,3.3141
43.1570,0.7988,3.4315
43.1572,0.8141,3.5007
43.1574,0.7759,3.3347
43.1576,0.8036,3.457
43.1578,0.7458,3.2113
43.1580,0.6928,2.9831
43.1582,0.7195,3.0896
43.1584,0.8187,3.5154
43.1586,0.8289,3.5592
43.1588,0.8753,3.7584
43.1590,0.8826,3.7934
43.1592,0.7988,3.4379
43.1594,0.7265,3.1238
43.1596,0.7808,3.3558
43.1598,0.8375,3.5929
43.1600,0.9136,3.9213
43.1602,0.8928,3.8336
43.1604,0.8735,3.7594
43.1606,0.6779,2.9232
43.1608,0.635,2.7317
43.1610,0.7777,3.3424
43.1612,0.8329,3.5783
43.1614,0.8605,3.702
43.1616,0.7684,3.3074
43.1618,0.7659,3.2935
43.1620,0.8463,3.6338
43.1622,0.7831,3.3735
43.1624,0.6435,2.7774
43.1626,0.559,2.4159
43.1628,0.4631,1.9976
43.1630,0.4964,2.1454
43.1632,0.437,1.8897
43.1634,0.4412,1.9044
43.1636,0.4637,2.0021
43.1638,0.4532,1.9579
43.1640,0.4538,1.9605
43.1642,0.4802,2.0716
43.1644,0.5394,2.3293
43.1646,0.4894,2.1144
43.1648,0.4676,2.0182
43.1650,0.4523,1.9538
43.1652,0.4477,1.9332
43.1654,0.4452,1.9223
43.1656,0.4524,1.9543
43.1658,0.4518,1.9526
43.1660,0.446,1.9277
43.1662,0.4461,1.9265
43.1664,0.4428,1.912
43.1666,0.4499,1.9425
43.1668,0.4556,1.9655
43.1670,0.5013,2.1606
43.1672,0.506,2.1848
43.1674,0.4524,1.9525
43.1676,0.4537,1.9591
43.1678,0.4518,1.9526
43.1680,0.4508,1.9467
43.1682,0.4495,1.9392
43.1684,0.4917,2.1203
43.1686,0.5459,2.3539
43.1688,0.5491,2.3668
43.1690,0.5362,2.3121
43.1692,0.537,2.3189
43.1694,0.4638,2.0016
43.1696,0.4535,1.9571
43.1698,0.4784,2.0638
43.1700,0.4725,2.0385
43.1702,0.4918,2.1198
43.1704,0.5449,2.3487
43.1706,0.5634,2.4261
43.1708,0.5911,2.543
43.1710,0.6446,2.7717
43.1712,0.7079,3.0468
43.1714,0.6495,2.7967
43.1716,0.6101,2.6293
43.1718,0.5024,2.1643
43.1720,0.5199,2.2407
43.1722,0.5296,2.2836
43.1724,0.476,2.0516
43.1726,0.4679,2.0192
43.1728,0.4484,1.9372
43.1730,0.4523,1.9511
43.1732,0.4798,2.0662
43.1734,0.5309,2.2851
43.1736,0.5668,2.4416
43.1738,0.5514,2.3766
43.1740,0.5232,2.2531
43.1742,0.5228,2.2531
43.1744,0.5519,2.3776
43.1746,0.5995,2.5839
43.1748,0.6049,2.6047
43.1750,0.5985,2.5761
43.1752,0.581,2.5031
43.1754,0.5851,2.5195
43.1756,0.6039,2.6006
43.1758,0.6066,2.6083
43.1760,0.6789,2.9178
43.1762,0.7225,3.1039
43.1764,0.8153,3.5043
43.1766,0.7614,3.2708
43.1768,0.7437,3.1966
43.1770,0.7302,3.1398
43.1772,0.6741,2.9039
43.1774,0.5913,2.5452
43.1776,0.6541,2.8124
43.1778,0.7303,3.1374
43.1780,0.7764,3.3337
43.1782,0.7991,3.4347
43.1784,0.7614,3.2739
43.1786,0.6477,2.7916
43.1788,0.4941,2.1306
43.1790,0.471,2.0336
43.1792,0.4659,2.01
43.1794,0.4743,2.0453
43.1796,0.4726,2.039
43.1798,0.4619,1.9915
43.1800,0.5008,2.1586
43.1802,0.5358,2.3105
43.1804,0.4908,2.1151
43.1806,0.5272,2.2722
43.1808,0.5824,2.503
43.1810,0.7054,3.0331
43.1812,0.7612,3.2718
43.1814,0.7627,3.2811
43.1816,0.6921,2.9745
43.1818,0.7216,3.0998
43.1820,0.7029,3.0223
43.1822,0.7324,3.1418
43.1824,0.8887,3.8072
43.1826,0.9275,3.9755
43.1828,0.9151,3.922
43.1830,0.9347,4.0082
43.1832,0.9117,3.9058
43.1834,0.9026,3.8704
43.1836,0.8646,3.7143
43.1838,0.8389,3.594
43.1840,0.9639,4.1293
43.1842,0.9347,4.0082
43.1844,0.9513,4.081
43.1846,0.9371,4.0166
43.1848,0.9027,3.8763
43.1850,0.8132,3.4934
43.1852,0.7911,3.3986
43.1854,0.8008,3.4355
43.1856,0.8764,3.7613
43.1858,0.8334,3.5821
43.1860,0.8258,3.5474
43.1862,0.8399,3.5998
43.1864,0.927,3.9711
43.1866,1.0081,4.3208
43.1868,0.8702,3.7351
43.1870,0.8073,3.4681
43.1872,0.827,3.5526
43.1874,0.8758,3.7605
43.1876,0.8887,3.809
43.1878,0.8912,3.8305
43.1880,0.7982,3.429
43.1882,0.7864,3.3801
43.1884,0.7973,3.4222
43.1886,0.8844,3.7958
43.1888,0.887,3.8053
43.1890,0.8051,3.4669
43.1892,0.6897,2.9697
43.1894,0.6891,2.9616
43.1896,0.7888,3.3841
43.1898,0.8587,3.6874
43.1900,0.8452,3.6326
43.1902,0.7935,3.4105
43.1904,0.7624,3.2785
43.1906,0.7484,3.2182
43.1908,0.8009,3.4392
43.1910,0.8487,3.6475
43.1912,0.8088,3.478
43.1914,0.8048,3.4573
43.1916,0.8187,3.5154
43.1918,0.7838,3.3719
43.1920,0.7001,3.0132
43.1922,0.7433,3.196
43.1924,0.7868,3.3816
43.1926,0.7519,3.2301
43.1928,0.7406,3.1876
43.1930,0.6891,2.9671
43.1932,0.6753,2.9064
43.1934,0.6869,2.9592
43.1936,0.6837,2.9453
43.1938,0.6544,2.8192
43.1940,0.5916,2.5486
43.1942,0.6693,2.8726
43.1944,0.809,3.4818
43.1946,0.6803,2.9308
43.1948,0.6428,2.764
43.1950,0.7095,3.0521
43.1952,0.7236,3.1144
43.1954,0.7542,3.246
43.1956,0.77,3.3079
43.1958,0.7754,3.3373
43.1960,0.7083,3.0511
43.1962,0.6698,2.8827
43.1964,0.6934,2.9843
43.1966,0.7122,3.0682
43.1968,0.638,2.7485
43.1970,0.6127,2.6407
43.1972,0.6178,2.6642
43.1974,0.6363,2.7374
43.1976,0.7262,3.1214
43.1978,0.7831,3.3688
43.1980,0.7347,3.1624
43.1982,0.7144,3.0761
43.1984,0.6886,2.9678
43.1986,0.5756,2.4845
43.1988,0.5413,2.3365
43.1990,0.5677,2.4458
43.1992,0.5734,2.4723
43.1994,0.5331,2.2997
43.1996,0.5413,2.3354
43.1998,0.5538,2.3903
43.2000,0.5387,2.324
43.2002,0.5315,2.2919
43.2004,0.5638,2.4321
43.2006,0.5545,2.3923
43.2008,0.5547,2.3884
43.2010,0.6243,2.6921
43.2012,0.5533,2.386
43.2014,0.539,2.3207
43.2016,0.6011,2.5918
43.2018,0.5575,2.4052
43.2020,0.5436,2.3441
43.2022,0.544,2.3457
43.2024,0.5671,2.4432
43.2026,0.5694,2.4564
43.2028,0.5386,2.3224
43.2030,0.5349,2.3053
43.2032,0.5264,2.2707
43.2034,0.5201,2.2438
43.2036,0.5231,2.2557
43.2038,0.522,2.2521
43.2040,0.5259,2.2687
43.2042,0.5571,2.3987
43.2044,0.6313,2.7145
43.2046,0.6824,2.9355
43.2048,0.6863,2.9539
43.2050,0.6563,2.8262
43.2052,0.625,2.6939
43.2054,0.5818,2.5097
43.2056,0.5216,2.2479
43.2058,0.5704,2.456
43.2060,0.5833,2.5164
43.2062,0.564,2.4309
43.2064,0.6153,2.6471
43.2066,0.655,2.8192
43.2068,0.6563,2.8249
43.2070,0.6557,2.8249
43.2072,0.6165,2.656
43.2074,0.5743,2.473
43.2076,0.6008,2.5883
43.2078,0.6091,2.6252
43.2080,0.6271,2.6964
43.2082,0.7273,3.1231
43.2084,0.7603,3.2647
43.2086,0.8054,3.4615
43.2088,0.7385,3.1754
43.2090,0.7124,3.0621
43.2092,0.679,2.9238
43.2094,0.5888,2.539
43.2096,0.6146,2.6477
43.2098,0.614,2.6464
43.2100,0.5702,2.4566
43.2102,0.6535,2.8125
43.2104,0.6711,2.891
43.2106,0.5771,2.4895
43.2108,0.5208,2.2438
43.2110,0.5814,2.5058
43.2112,0.5309,2.2904
43.2114,0.4873,2.1031
43.2116,0.5091,2.1912
43.2118,0.5478,2.3622
43.2120,0.5334,2.3012
43.2122,0.5499,2.3688
43.2124,0.5634,2.4294
43.2126,0.4735,2.0436
43.2128,0.414,1.7869
43.2130,0.4123,1.7788
43.2132,0.4707,2.0298
43.2134,0.4989,2.1483
43.2136,0.5622,2.4254
43.2138,0.4999,2.1574
43.2140,0.5109,2.2009
43.2142,0.5899,2.539
43.2144,0.6499,2.7931
43.2146,0.6822,2.9363
43.2148,0.6577,2.8253
43.2150,0.7418,3.1839
43.2152,0.8086,3.4722
43.2154,0.8267,3.5549
43.2156,0.762,3.2719
43.2158,0.8116,3.4834
43.2160,0.9275,3.9736
43.2162,0.9423,4.0368
43.2164,0.935,4.0036
43.2166,0.9705,4.1595
43.2168,0.968,4.1506
43.2170,0.9916,4.2479
43.2172,1.0087,4.3113
43.2174,1.0455,4.4749
43.2176,1.0612,4.5463
43.2178,0.9931,4.2546
43.2180,0.9512,4.0786
43.2182,0.9539,4.0923
43.2184,0.9609,4.1183
43.2186,0.96,4.1167
43.2188,0.9391,4.0267
43.2190,0.9564,4.0974
43.2192,0.9807,4.2031
43.2194,1.0218,4.3774
43.2196,1.0494,4.4976
43.2198,0.9246,3.9682
43.2200,0.8999,3.8604
43.2202,0.9373,4.0265
43.2204,0.9237,3.9609
43.2206,0.9652,4.1484
43.2208,0.8236,3.5365
43.2210,0.7858,3.3838
43.2212,0.7027,3.0232
43.2214,0.7178,3.0867
43.2216,0.7178,3.0882
43.2218,0.7555,3.2501
43.2220,0.7935,3.4089
43.2222,0.8097,3.4784
43.2224,0.8154,3.5097
43.2226,0.7523,3.2362
43.2228,0.7571,3.2508
43.2230,0.8427,3.6218
43.2232,0.8368,3.5948
43.2234,0.8249,3.5455
43.2236,0.7825,3.3678
43.2238,0.6708,2.8886
43.2240,0.6759,2.9103
43.2242,0.7064,3.0377
43.2244,0.7338,3.1596
43.2246,0.7016,3.0213
43.2248,0.6942,2.9907
43.2250,0.6985,3.0009
43.2252,0.8069,3.4713
43.2254,0.6874,2.9598
43.2256,0.6864,2.9557
43.2258,0.6379,2.7479
43.2260,0.6188,2.6682
43.2262,0.6024,2.5962
43.2264,0.6563,2.8248
43.2266,0.6837,2.9452
43.2268,0.6295,2.7117
43.2270,0.6056,2.6102
43.2272,0.6094,2.623
43.2274,0.7164,3.0776
43.2276,0.7648,3.2888
43.2278,0.7568,3.2588
43.2280,0.7063,3.0386
43.2282,0.7449,3.2062
43.2284,0.7105,3.0595
43.2286,0.7225,3.1097
43.2288,0.6972,3.0022
43.2290,0.6435,2.7709
43.2292,0.6291,2.7177
43.2294,0.4843,2.0911
43.2296,0.4553,1.9676
43.2298,0.4318,1.866
43.2300,0.4271,1.8433
43.2302,0.5145,2.2174
43.2304,0.6254,2.6942
43.2306,0.6437,2.7706
43.2308,0.7211,3.1078
43.2310,0.5621,2.4282
43.2312,0.4599,1.9869
43.2314,0.5284,2.2774
43.2316,0.5966,2.5678
43.2318,0.6153,2.6532
43.2320,0.5828,2.512
43.2322,0.6393,2.7477
43.2324,0.7217,3.1046
43.2326,0.7325,3.154
43.2328,0.6956,2.9899
43.2330,0.7847,3.3759
43.2332,0.6858,2.9572
43.2334,0.6115,2.6343
43.2336,0.5802,2.5006
43.2338,0.5451,2.347
43.2340,0.5929,2.553
43.2342,0.6188,2.667
43.2344,0.571,2.4608
43.2346,0.5785,2.4945
43.2348,0.5771,2.4895
43.2350,0.5465,2.3565
43.2352,0.5557,2.3952
43.2354,0.5792,2.4942
43.2356,0.6194,2.6671
43.2358,0.6871,2.9519
43.2360,0.7471,3.211
43.2362,0.7285,3.1355
43.2364,0.698,3.0058
43.2366,0.6797,2.9227
43.2368,0.7118,3.0609
43.2370,0.7194,3.0962
43.2372,0.7232,3.107
43.2374,0.7744,3.3238
43.2376,0.8221,3.5286
43.2378,0.9003,3.8642
43.2380,0.9057,3.8873
43.2382,0.9039,3.876
43.2384,0.9563,4.0968
43.2386,1.0016,4.293
43.2388,1.0002,4.2888
43.2390,0.9341,4.0149
43.2392,0.8834,3.7863
43.2394,0.9076,3.8992
43.2396,0.836,3.595
43.2398,0.8068,3.4644
43.2400,0.8143,3.5001
43.2402,0.7753,3.3305
43.2404,0.8329,3.5799
43.2406,0.8419,3.6152
43.2408,0.8319,3.5803
43.2410,0.7297,3.1363
43.2412,0.7926,3.4052
43.2414,0.8513,3.6605
43.2416,0.7983,3.4262
43.2418,0.8546,3.6698
43.2420,0.8791,3.7766
43.2422,0.8599,3.6942
43.2424,0.8594,3.6887
43.2426,0.9241,3.9623
43.2428,0.9357,4.016
43.2430,0.8526,3.6645
43.2432,0.8594,3.6904
43.2434,0.8753,3.7548
43.2436,0.8976,3.8487
43.2438,0.9356,4.0136
43.2440,0.9643,4.1409
43.2442,0.937,4.0235
43.2444,0.9,3.8626
43.2446,0.9278,3.982
43.2448,0.9365,4.0177
43.2450,0.9417,4.0398
43.2452,1.0009,4.2919
43.2454,0.9049,3.8928
43.2456,0.7575,3.2558
43.2458,0.8085,3.4781
43.2460,0.7531,3.2382
43.2462,0.8,3.4382
43.2464,0.8061,3.4661
43.2466,0.8398,3.6127
43.2468,0.7677,3.3011
43.2470,0.7952,3.416
43.2472,0.8783,3.7695
43.2474,0.9486,4.0772
43.2476,0.9129,3.9127
43.2478,0.9666,4.1507
43.2480,0.9256,3.9727
43.2482,0.9659,4.1437
43.2484,1.0059,4.3175
43.2486,0.9461,4.0588
43.2488,1.0499,4.4959
43.2490,1.1402,4.8847
43.2492,1.1655,4.9861
43.2494,1.1803,5.0492
43.2496,1.1465,4.9046
43.2498,1.186,5.0786
43.2500,1.2266,5.2448
43.2502,1.2019,5.1464
43.2504,1.1436,4.8968
43.2506,1.1268,4.8227
43.2508,1.1966,5.119
43.2510,1.2123,5.191
43.2512,1.1491,4.9182
43.2514,1.1382,4.8806
43.2516,1.0954,4.6992
43.2518,1.0633,4.5592
43.2520,1.0997,4.7111
43.2522,1.1015,4.7232
43.2524,1.1058,4.7373
43.2526,1.107,4.7403
43.2528,1.1594,4.9669
43.2530,1.1599,4.9736
43.2532,1.0847,4.6513
43.2534,1.0297,4.4153
43.2536,1.029,4.4163
43.2538,1.0486,4.4944
43.2540,1.1105,4.7574
43.2542,1.1654,4.988
43.2544,1.1714,5.0206
43.2546,1.1746,5.0369
43.2548,1.1543,4.9425
43.2550,1.2053,5.1612
43.2552,1.2315,5.2732
43.2554,1.2056,5.1743
43.2556,1.0423,4.4714
43.2558,1.037,4.4529
43.2560,1.0453,4.4842
43.2562,1.0509,4.5105
43.2564,1.0414,4.4719
43.2566,1.0309,4.4287
43.2568,1.0221,4.387
43.2570,1.0546,4.5243
43.2572,1.0476,4.5003
43.2574,1.0231,4.3911
43.2576,1.0214,4.3839
43.2578,1.073,4.6073
43.2580,1.0667,4.5763
43.2582,1.0645,4.5686
43.2584,1.0671,4.58
43.2586,1.0288,4.4199
43.2588,0.9739,4.184
43.2590,1.0308,4.4302
43.2592,0.9847,4.2343
43.2594,0.9248,3.9765
43.2596,0.9455,4.0582
43.2598,1.0779,4.6155
43.2600,1.1847,5.0729
43.2602,1.2101,5.1842
43.2604,1.2156,5.2078
43.2606,1.2444,5.3261
43.2608,1.2622,5.4096
43.2610,1.1968,5.1344
43.2612,1.1624,4.9844
43.2614,1.1913,5.0988
43.2616,1.2225,5.2347
43.2618,1.2107,5.1989
43.2620,1.1181,4.8009
43.2622,1.0896,4.6767
43.2624,1.0675,4.59
43.2626,0.9504,4.0945
43.2628,0.8257,3.5573
43.2630,0.7719,3.3269
43.2632,0.7732,3.3357
43.2634,0.7762,3.3377
43.2636,1.0196,4.3741
43.2638,1.0779,4.6306
43.2640,1.0441,4.4791
43.2642,1.0838,4.6537
43.2644,1.0769,4.6222
43.2646,1.1026,4.7345
43.2648,1.1009,4.7251
43.2650,1.0888,4.6731
43.2652,1.098,4.7171
43.2654,1.0739,4.62
43.2656,0.9167,3.9457
43.2658,0.8524,3.6702
43.2660,0.8512,3.6651
43.2662,0.8709,3.752
43.2664,0.8832,3.8047
43.2666,0.8506,3.6659
43.2668,0.8616,3.7083
43.2670,0.9226,3.9599
43.2672,1.1312,4.853
43.2674,1.0889,4.6802
43.2676,0.9549,4.104
43.2678,1.0181,4.3715
43.2680,1.0828,4.6495
43.2682,1.0675,4.5879
43.2684,1.0597,4.5523
43.2686,1.03,4.4251
43.2688,0.9928,4.2649
43.2690,1.0185,4.3797
43.2692,1.0547,4.5291
43.2694,1.0721,4.6037
43.2696,1.069,4.5925
43.2698,1.0798,4.641
43.2700,1.0249,4.4009
43.2702,1.0454,4.4931
43.2704,1.0778,4.6279
43.2706,1.0531,4.5261
43.2708,1.0079,4.3338
43.2710,1.0197,4.3849
43.2712,1.058,4.5493
43.2714,0.9901,4.2615
43.2716,0.8542,3.6865
43.2718,0.7474,3.2275
43.2720,0.7863,3.3889
43.2722,0.7731,3.3321
43.2724,0.8643,3.7201
43.2726,0.943,4.0643
43.2728,0.9257,3.9862
43.2730,0.9058,3.9005
43.2732,0.9098,3.9103
43.2734,0.9426,4.0571
43.2736,0.9412,4.0434
43.2738,1.1106,4.7601
43.2740,1.1839,5.0812
43.2742,1.1254,4.8323
43.2744,1.1021,4.7368
43.2746,1.0143,4.3576
43.2748,1.0304,4.4266
43.2750,1.0328,4.4369
43.2752,1.0376,4.4575
43.2754,1.1228,4.8193
43.2756,1.1026,4.7433
43.2758,1.0643,4.5703
43.2760,1.0781,4.6316
43.2762,0.9862,4.2425
43.2764,0.9852,4.2364
43.2766,1.0568,4.5399
43.2768,1.0744,4.62
43.2770,1.0953,4.6965
43.2772,1.1871,5.0998
43.2774,1.0641,4.5777
43.2776,1.0003,4.3053
43.2778,0.8791,3.7889
43.2780,0.8902,3.8352
43.2782,0.8585,3.7017
43.2784,0.8183,3.5253
43.2786,0.933,4.0196
43.2788,0.8983,3.8716
43.2790,0.8148,3.5119
43.2792,0.863,3.7162
43.2794,0.8486,3.6627
43.2796,0.7647,3.2974
43.2798,0.772,3.3274
43.2800,0.7561,3.2647
43.2802,0.6923,2.9921
43.2804,0.7407,3.1925
43.2806,0.8985,3.86
43.2808,0.9733,4.1853
43.2810,0.972,4.1797
43.2812,0.9382,4.0343
43.2814,0.9737,4.1849
43.2816,1.0338,4.4493
43.2818,1.0242,4.3998
43.2820,1.1149,4.7853
43.2822,1.1145,4.7899
43.2824,1.0263,4.4132
43.2826,0.9356,4.0248
43.2828,1.0679,4.5793
43.2830,1.2246,5.2464
43.2832,1.2348,5.29
43.2834,1.2668,5.4221
43.2836,1.3146,5.6237
43.2838,1.3538,5.7887
43.2840,1.3945,5.9742
43.2842,1.274,5.4631
43.2844,1.2817,5.4883
43.2846,1.2935,5.5464
43.2848,1.2728,5.4528
43.2850,1.3082,5.6017
43.2852,1.3214,5.6582
43.2854,1.276,5.4662
43.2856,1.264,5.4249
43.2858,1.1959,5.1326
43.2860,1.1678,5.0146
43.2862,1.1375,4.882
43.2864,1.1691,5.0132
43.2866,1.2549,5.3858
43.2868,1.1643,4.995
43.2870,1.2388,5.3045
43.2872,1.2643,5.429
43.2874,1.1832,5.0923
43.2876,1.0468,4.5035
43.2878,1.0375,4.457
43.2880,1.0399,4.4715
43.2882,0.9929,4.2694
43.2884,0.9842,4.2342
43.2886,1.0206,4.3885
43.2888,1.0248,4.4065
43.2890,1.0922,4.6875
43.2892,1.2309,5.2829
43.2894,1.1437,4.9225
43.2896,0.9672,4.159
43.2898,0.9952,4.2831
43.2900,0.9815,4.2224
43.2902,1.0553,4.5359
43.2904,1.0636,4.5735
43.2906,1.0878,4.6733
43.2908,1.1357,4.8789
43.2910,1.1418,4.9028
43.2912,1.1582,4.978
43.2914,0.9946,4.2865
43.2916,0.9468,4.0752
43.2918,0.9682,4.1593
43.2920,1.0694,4.6026
43.2922,1.0008,4.3094
43.2924,0.9406,4.0465
43.2926,0.9561,4.1206
43.2928,0.8797,3.788
43.2930,0.8997,3.876
43.2932,0.9336,4.0296
43.2934,0.8651,3.725
43.2936,1.0208,4.3854
43.2938,1.0526,4.5261
43.2940,1.0672,4.5912
43.2942,1.0206,4.3946
43.2944,0.9119,3.9287
43.2946,0.9512,4.0995
43.2948,0.9817,4.2312
43.2950,0.9324,4.017
43.2952,0.9197,3.9604
43.2954,0.9441,4.0576
43.2956,1.0074,4.3418
43.2958,0.856,3.6977
43.2960,0.725,3.135
43.2962,0.7056,3.0482
43.2964,0.7558,3.2561
43.2966,0.859,3.7038
43.2968,0.8588,3.693
43.2970,0.9765,4.1968
43.2972,1.0041,4.3279
43.2974,0.9248,3.9839
43.2976,0.8697,3.7555
43.2978,0.7361,3.1798
43.2980,0.71,3.0688
43.2982,0.6876,2.9705
43.2984,0.6805,2.9386
43.2986,0.7323,3.1652
43.2988,0.6909,2.9845
43.2990,0.6971,3.01
43.2992,0.7007,3.0284
43.2994,0.6966,3.0121
43.2996,0.6744,2.9135
43.2998,0.6725,2.9066
43.3000,0.675,2.9161
43.3002,0.7506,3.2334
43.3004,0.8534,3.6783
43.3006,0.7483,3.2326
43.3008,0.6768,2.9225
43.3010,0.6796,2.9372
43.3012,0.676,2.923
43.3014,0.6678,2.885
43.3016,0.665,2.8726
43.3018,0.6624,2.8631
43.3020,0.6702,2.8914
43.3022,0.7231,3.118
43.3024,0.7185,3.1013
43.3026,0.6786,2.9303
43.3028,0.6851,2.961
43.3030,0.6912,2.9847
43.3032,0.6877,2.9683
43.3034,0.6828,2.9443
43.3036,0.7789,3.3553
43.3038,0.7739,3.3372
43.3040,0.8202,3.5335
43.3042,0.8839,3.8096
43.3044,0.8458,3.6418
43.3046,0.8357,3.6018
43.3048,0.7311,3.1556
43.3050,0.6855,2.9598
43.3052,0.6843,2.9546
43.3054,0.7072,3.045
43.3056,0.8326,3.5884
43.3058,0.8242,3.5506
43.3060,0.8219,3.5407
43.3062,0.8534,3.6749
43.3064,0.8625,3.7124
43.3066,0.8811,3.7977
43.3068,0.8292,3.5723
43.3070,0.8313,3.5794
43.3072,0.8578,3.6918
43.3074,0.8974,3.8626
43.3076,1.0044,4.3128
43.3078,1.026,4.4137
43.3080,0.851,3.6646
43.3082,0.8263,3.5582
43.3084,0.8292,3.5689
43.3086,0.8985,3.8636
43.3088,0.9356,4.0211
43.3090,0.96,4.1262
43.3092,1.0135,4.356
43.3094,0.9828,4.228
43.3096,0.9539,4.1018
43.3098,0.8984,3.8595
43.3100,0.9833,4.2262
43.3102,0.9899,4.2624
43.3104,0.8797,3.788
43.3106,0.9215,3.97
43.3108,0.8558,3.6852
43.3110,0.8135,3.5062
43.3112,0.7496,3.2338
43.3114,0.7291,3.1497
43.3116,0.675,2.9107
43.3118,0.7992,3.4431
43.3120,0.7707,3.3217
43.3122,0.7176,3.0986
43.3124,0.6796,2.9304
43.3126,0.7394,3.1883
43.3128,0.7134,3.0804
43.3130,0.6616,2.8581
43.3132,0.6476,2.7923
43.3134,0.8103,3.4825
43.3136,0.9546,4.1087
43.3138,0.9615,4.1343
43.3140,0.9955,4.2767
43.3142,0.9657,4.1446
43.3144,1.0481,4.5008
43.3146,1.0822,4.6513
43.3148,1.0129,4.3534
43.3150,1.0243,4.4003
43.3152,0.9964,4.2783
43.3154,1.0472,4.4924
43.3156,1.1432,4.9022
43.3158,1.1823,5.0603
43.3160,1.2282,5.2642
43.3162,1.183,5.0705
43.3164,1.2242,5.2443
43.3166,1.2547,5.3778
43.3168,1.183,5.0776
43.3170,1.079,4.6288
43.3172,1.1303,4.8512
43.3174,1.1479,4.9268
43.3176,1.1071,4.7541
43.3178,1.0508,4.5079
43.3180,1.1041,4.7412
43.3182,1.0732,4.6191
43.3184,0.9678,4.1635
43.3186,0.9646,4.1438
43.3188,1.0628,4.5657
43.3190,1.0176,4.3715
43.3192,0.9759,4.1962
43.3194,0.9763,4.2021
43.3196,0.9762,4.1977
43.3198,0.9695,4.1708
43.3200,0.9429,4.0506
43.3202,1.027,4.4122
43.3204,1.0704,4.5965
43.3206,1.0706,4.6056
43.3208,1.0167,4.3659
43.3210,1.0749,4.6134
43.3212,1.1203,4.8129
43.3214,1.0989,4.7185
43.3216,1.07,4.5966
43.3218,1.0142,4.3571
43.3220,1.0462,4.4925
43.3222,1.023,4.4008
43.3224,0.988,4.2522
43.3226,0.9661,4.1544
43.3228,0.9585,4.1214
43.3230,0.9412,4.0509
43.3232,0.9741,4.1865
43.3234,1.0026,4.3131
43.3236,1.0282,4.4215
43.3238,1.0464,4.4972
43.3240,1.0129,4.3534
43.3242,0.9896,4.2634
43.3244,0.897,3.8641
43.3246,0.8422,3.628
43.3248,0.8928,3.8478
43.3250,0.866,3.7256
43.3252,0.9205,3.9635
43.3254,0.943,4.0643
43.3256,0.8838,3.8037
43.3258,0.8714,3.7523
43.3260,0.8665,3.7312
43.3262,0.9053,3.8984
43.3264,0.9085,3.9119
43.3266,0.9896,4.2594
43.3268,0.9625,4.1428
43.3270,0.8731,3.7631
43.3272,0.8853,3.8122
43.3274,0.9215,3.9681
43.3276,0.9377,4.0378
43.3278,0.8554,3.6849
43.3280,0.795,3.4298
43.3282,0.7152,3.0853
43.3284,0.7052,3.048
43.3286,0.7821,3.3677
43.3288,0.8966,3.8661
43.3290,0.7893,3.4034
43.3292,0.7527,3.2472
43.3294,0.753,3.2483
43.3296,0.7568,3.2603
43.3298,0.8755,3.7681
43.3300,0.9135,3.9299
43.3302,0.9195,3.9594
43.3304,0.914,3.9356
43.3306,0.8395,3.615
43.3308,0.8057,3.4726
43.3310,0.748,3.2271
43.3312,0.7408,3.196
43.3314,0.7527,3.2457
43.3316,0.7655,3.3041
43.3318,0.7455,3.2192
43.3320,0.7351,3.1712
43.3322,0.7772,3.3496
43.3324,0.7736,3.3357
43.3326,0.8833,3.7805
43.3328,1.2399,5.3091
43.3330,1.2877,5.5243
43.3332,1.1674,5.013
43.3334,1.0362,4.4576
43.3336,1.0375,4.4612
43.3338,1.0119,4.3534
43.3340,1.0013,4.3035
43.3342,0.9759,4.2001
43.3344,0.896,3.8582
43.3346,0.8878,3.8213
43.3348,0.9014,3.8832
43.3350,0.8799,3.7925
43.3352,0.8712,3.7513
43.3354,0.8786,3.7833
43.3356,0.8725,3.7587
43.3358,0.9012,3.8786
43.3360,0.9359,4.0263
43.3362,1.0141,4.3545
43.3364,1.0616,4.5627
43.3366,1.0639,4.5725
43.3368,1.0251,4.4081
43.3370,0.9702,4.1719
43.3372,0.9582,4.128
43.3374,0.8545,3.6795
43.3376,0.837,3.6109
43.3378,0.753,3.2392
43.3380,1.0292,4.4153
43.3382,1.0986,4.7241
43.3384,0.9616,4.1329
43.3386,0.9739,4.184
43.3388,0.9958,4.2857
43.3390,0.879,3.7884
43.3392,0.846,3.6463
43.3394,0.8399,3.6182
43.3396,0.8575,3.6907
43.3398,0.9535,4.0964
43.3400,1.001,4.3044
43.3402,1.0336,4.4447
43.3404,0.947,4.0776
43.3406,0.8129,3.5069
43.3408,0.7726,3.3346
43.3410,0.8205,3.5329
43.3412,0.84,3.6238
43.3414,0.7946,3.4278
43.3416,0.7808,3.362
43.3418,0.8188,3.5273
43.3420,0.8287,3.5719
43.3422,0.8142,3.5093
43.3424,0.8434,3.6366
43.3426,0.8033,3.4607
43.3428,0.8081,3.483
43.3430,0.834,3.5929
43.3432,0.8729,3.7603
43.3434,0.756,3.2612
43.3436,0.7105,3.068
43.3438,0.7329,3.159
43.3440,0.8303,3.5769
43.3442,0.7472,3.2294
43.3444,0.625,2.7001
43.3446,0.6337,2.7387
43.3448,0.6117,2.6414
43.3450,0.6111,2.6388
43.3452,0.615,2.6566
43.3454,0.623,2.6926
43.3456,0.6502,2.8063
43.3458,0.6968,3.009
43.3460,0.7307,3.1506
43.3462,0.7552,3.2611
43.3464,0.7359,3.1675
43.3466,0.8514,3.6644
43.3468,0.8745,3.7658
43.3470,0.8613,3.7072
43.3472,0.9094,3.9105
43.3474,0.9366,4.0219
43.3476,1.0009,4.2999
43.3478,0.9717,4.1801
43.3480,0.9218,3.9618
43.3482,0.9473,4.0678
43.3484,1.0525,4.5151
43.3486,1.133,4.8607
43.3488,1.1619,4.9777
43.3490,1.2323,5.2817
43.3492,1.2203,5.2279
43.3494,1.2194,5.2262
43.3496,1.1441,4.9081
43.3498,1.1432,4.8999
43.3500,1.246,5.3403
43.3502,1.1953,5.1301
43.3504,1.1093,4.7589
43.3506,1.1525,4.9464
43.3508,1.1103,4.763
43.3510,1.1139,4.7807
43.3512,1.137,4.8823
43.3514,1.0776,4.6296
43.3516,1.0377,4.458
43.3518,1.0406,4.4558
43.3520,1.3504,5.7744
43.3522,1.4165,6.0512
43.3524,1.2774,5.48
43.3526,1.0458,4.4988
43.3528,1.061,4.5664
43.3530,0.9731,4.1862
43.3532,1.0308,4.4261
43.3534,1.1125,4.7794
43.3536,1.0776,4.6231
43.3538,1.1484,4.9266
43.3540,1.1196,4.8031
43.3542,1.1134,4.7808
43.3544,1.1242,4.8227
43.3546,1.1516,4.9405
43.3548,1.1809,5.0612
43.3550,1.1979,5.1414
43.3552,1.1068,4.7503
43.3554,1.0858,4.6646
43.3556,1.0748,4.6193
43.3558,1.0533,4.525
43.3560,1.0744,4.6157
43.3562,1.1176,4.7988
43.3564,1.1543,4.9564
43.3566,1.0893,4.6817
43.3568,1.0027,4.3096
43.3570,1.0395,4.447
43.3572,1.4082,6.0243
43.3574,1.2769,5.4882
43.3576,1.0272,4.4271
43.3578,0.9055,3.9008
43.3580,0.9015,3.8873
43.3582,0.8462,3.649
43.3584,0.861,3.7057
43.3586,0.9348,4.0236
43.3588,0.9249,3.9844
43.3590,0.9292,4.003
43.3592,0.9328,4.0167
43.3594,0.9277,3.9889
43.3596,0.9374,4.0325
43.3598,0.9076,3.9046
43.3600,0.8878,3.8248
43.3602,0.8828,3.8031
43.3604,0.9145,3.9377
43.3606,0.9074,3.9054
43.3608,0.8607,3.7115
43.3610,0.7518,3.2476
43.3612,0.7098,3.0663
43.3614,0.7068,3.0505
43.3616,0.6947,2.9969
43.3618,0.7019,3.0321
43.3620,0.703,3.0368
43.3622,0.7142,3.0826
43.3624,0.6988,3.0145
43.3626,0.6701,2.8962
43.3628,0.6395,2.7641
43.3630,0.6591,2.8406
43.3632,0.8319,3.582
43.3634,0.844,3.6392
43.3636,0.8483,3.6544
43.3638,0.8467,3.6477
43.3640,0.8557,3.6881
43.3642,0.8112,3.4996
43.3644,0.8212,3.5442
43.3646,0.6485,2.8029
43.3648,0.5937,2.5685
43.3650,0.5858,2.5319
43.3652,0.5688,2.4617
43.3654,0.5781,2.5022
43.3656,0.5573,2.4075
43.3658,0.5748,2.4865
43.3660,0.5594,2.4202
43.3662,0.5588,2.4153
43.3664,0.6244,2.6925
43.3666,0.6858,2.9668
43.3668,0.5658,2.4488
43.3670,0.5447,2.3553
43.3672,0.5369,2.3216
43.3674,0.5463,2.3642
43.3676,0.5533,2.3915
43.3678,0.6289,2.7154
43.3680,0.6241,2.696
43.3682,0.5467,2.3641
43.3684,0.569,2.4582
43.3686,0.5865,2.535
43.3688,0.5678,2.4553
43.3690,0.5513,2.3838
43.3692,0.5736,2.4779
43.3694,0.6328,2.73
43.3696,0.6611,2.8494
43.3698,0.6745,2.9127
43.3700,0.5958,2.5773
43.3702,0.5578,2.4107
43.3704,0.6337,2.7336
43.3706,0.6886,2.9705
43.3708,0.7206,3.1043
43.3710,0.7081,3.0534
43.3712,0.6883,2.9695
43.3714,0.7114,3.0645
43.3716,0.7514,3.2385
43.3718,0.7506,3.2334
43.3720,0.7441,3.2085
43.3722,0.7498,3.2333
43.3724,0.7573,3.2608
43.3726,0.7587,3.2685
43.3728,0.7985,3.4384
43.3730,0.845,3.632
43.3732,0.9321,3.9875
43.3734,1.2703,5.437
43.3736,1.2626,5.4092
43.3738,1.0836,4.6618
43.3740,0.7992,3.4463
43.3742,0.7452,3.2102
43.3744,0.7961,3.4281
43.3746,0.838,3.6066
43.3748,0.8896,3.8272
43.3750,0.8492,3.6534
43.3752,0.8366,3.6043
43.3754,0.8141,3.5072
43.3756,0.7356,3.1733
43.3758,0.6552,2.8254
43.3760,0.7171,3.0907
43.3762,0.7784,3.3501
43.3764,0.8552,3.6758
43.3766,0.9218,3.971
43.3768,0.8303,3.5769
43.3770,0.8079,3.4803
43.3772,0.7456,3.2212
43.3774,0.6184,2.6716
43.3776,0.6219,2.6842
43.3778,0.6216,2.6801
43.3780,0.6689,2.8884
43.3782,0.5913,2.5581
43.3784,0.5049,2.1831
43.3786,0.5164,2.234
43.3788,0.505,2.1827
43.3790,0.5332,2.3002
43.3792,0.5838,2.5173
43.3794,0.6431,2.7732
43.3796,0.6635,2.8637
43.3798,0.6315,2.723
43.3800,0.7158,3.0808
43.3802,0.8299,3.5687
43.3804,0.882,3.7907
43.3806,0.8715,3.7441
43.3808,0.9394,4.0338
43.3810,0.9165,3.9428
43.3812,0.8785,3.7705
43.3814,0.9649,4.1473
43.3816,0.9335,4.0086
43.3818,0.9833,4.2203
43.3820,1.0038,4.3062
43.3822,1.0585,4.5387
43.3824,1.1028,4.7267
43.3826,1.1348,4.8662
43.3828,1.1082,4.752
43.3830,1.1155,4.7834
43.3832,1.2183,5.2118
43.3834,1.2737,5.4488
43.3836,1.1728,5.0315
43.3838,1.081,4.6397
43.3840,1.0447,4.4816
43.3842,1.0702,4.5955
43.3844,1.0008,4.2974
43.3846,1.0178,4.3664
43.3848,1.0112,4.3462
43.3850,0.8944,3.8515
43.3852,0.8566,3.6866
43.3854,0.8548,3.6806
43.3856,0.8465,3.6483
43.3858,0.7661,3.3036
43.3860,0.7889,3.3987
43.3862,0.7953,3.4261
43.3864,0.8115,3.4942
43.3866,0.8472,3.643
43.3868,0.9116,3.918
43.3870,0.9077,3.9051
43.3872,0.8858,3.8125
43.3874,0.9424,4.0485
43.3876,1.0116,4.3538
43.3878,0.8593,3.6985
43.3880,0.7974,3.4338
43.3882,0.8317,3.5748
43.3884,0.897,3.8551
43.3886,0.8998,3.8711
43.3888,0.8773,3.7776
43.3890,0.8539,3.6735
43.3892,0.8965,3.8549
43.3894,0.8661,3.7262
43.3896,0.9193,3.9491
43.3898,0.9097,3.9134
43.3900,0.8454,3.642
43.3902,0.7889,3.3956
43.3904,0.8378,3.6027
43.3906,0.8953,3.8551
43.3908,0.8594,3.7007
43.3910,0.8816,3.7909
43.3912,0.9055,3.8917
43.3914,0.866,3.7291
43.3916,0.799,3.4389
43.3918,0.8043,3.4648
43.3920,0.778,3.3517
43.3922,0.8025,3.4555
43.3924,0.8085,3.4845
43.3926,0.7893,3.4018
43.3928,0.7751,3.3393
43.3930,0.8187,3.5186
43.3932,0.9303,3.9965
43.3934,0.9944,4.2621
43.3936,1.1757,5.0321
43.3938,1.2417,5.3292
43.3940,1.0119,4.3554
43.3942,0.8557,3.6864
43.3944,0.825,3.5525
43.3946,0.8257,3.5523
43.3948,0.82,3.5276
43.3950,0.8543,3.6785
43.3952,0.7908,3.4117
43.3954,0.7352,3.1702
43.3956,0.7395,3.1874
43.3958,0.7236,3.1143
43.3960,0.8109,3.4949
43.3962,0.7868,3.3863
43.3964,0.8384,3.6087
43.3966,0.8311,3.5805
43.3968,0.8167,3.5218
43.3970,0.7231,3.1224
43.3972,0.6392,2.7561
43.3974,0.634,2.7339
43.3976,0.6335,2.7356
43.3978,0.6298,2.7196
43.3980,0.6307,2.7219
43.3982,0.6281,2.7136
43.3984,0.6311,2.724
43.3986,0.6447,2.7812
43.3988,0.6328,2.7313
43.3990,0.6259,2.7
43.3992,0.6275,2.7072
43.3994,0.629,2.7147
43.3996,0.64,2.7597
43.3998,0.7598,3.2702
43.4000,0.8236,3.5529
43.4002,0.6639,2.8666
43.4004,0.631,2.7248
43.4006,0.6271,2.7064
43.4008,0.6263,2.7008
43.4010,0.6236,2.6902
43.4012,0.6247,2.6973
43.4014,0.6278,2.7095
43.4016,0.6277,2.7065
43.4018,0.6266,2.7043
43.4020,0.6587,2.843
43.4022,0.6323,2.7292
43.4024,0.6352,2.7365
43.4026,0.646,2.7856
43.4028,0.6416,2.7652
43.4030,0.6514,2.8115
43.4032,0.6441,2.7786
43.4034,0.6652,2.8643
43.4036,0.746,3.2138
43.4038,0.7408,3.1916
43.4040,0.7803,3.3553
43.4042,0.8097,3.4848
43.4044,0.7566,3.2608
43.4046,0.7026,3.0296
43.4048,0.7456,3.2078
43.4050,0.8072,3.4772
43.4052,0.6947,2.9955
43.4054,0.6696,2.8874
43.4056,0.6695,2.8856
43.4058,0.6569,2.8313
43.4060,0.6449,2.7809
43.4062,0.6447,2.7799
43.4064,0.6876,2.9595
43.4066,0.811,3.4856
43.4068,0.8816,3.7909
43.4070,0.8522,3.6646
43.4072,0.8187,3.5235
43.4074,0.7808,3.3636
43.4076,0.7495,3.2288
43.4078,0.7411,3.1911
43.4080,0.7401,3.19
43.4082,0.7659,3.2995
43.4084,0.77,3.314
43.4086,0.7646,3.2939
43.4088,0.7498,3.2288
43.4090,0.7476,3.2175
43.4092,0.7497,3.2268
43.4094,0.7397,3.1879
43.4096,0.7403,3.189
43.4098,0.7562,3.2516
43.4100,0.8009,3.4472
43.4102,0.7531,3.2413
43.4104,0.7516,3.2366
43.4106,0.7856,3.3764
43.4108,0.7543,3.2525
43.4110,0.6466,2.7882
43.4112,0.6606,2.8473
43.4114,0.672,2.8964
43.4116,0.6919,2.9822
43.4118,0.6687,2.8846
43.4120,0.5769,2.4913
43.4122,0.5593,2.4118
43.4124,0.6094,2.6279
43.4126,0.6666,2.8745
43.4128,0.7093,3.0586
43.4130,0.7209,3.1001
43.4132,0.838,3.5999
43.4134,0.8683,3.732
43.4136,0.9231,3.9619
43.4138,0.9559,4.1067
43.4140,0.8946,3.843
43.4142,0.8998,3.8639
43.4144,0.9203,3.9556
43.4146,0.958,4.1117
43.4148,1.0452,4.4816
43.4150,1.211,5.166
43.4152,1.4122,6.0186
43.4154,1.4619,6.2482
43.4156,1.2189,5.2217
43.4158,1.1658,4.9895
43.4160,1.1792,5.047
43.4162,1.2196,5.2175
43.4164,1.2491,5.3436
43.4166,1.224,5.2364
43.4168,1.2279,5.2479
43.4170,1.268,5.4247
43.4172,1.2381,5.3113
43.4174,1.0824,4.6415
43.4176,1.0521,4.5177
43.4178,1.0748,4.6065
43.4180,1.1456,4.9079
43.4182,1.1472,4.9122
43.4184,1.1511,4.9315
43.4186,1.2243,5.2399
43.4188,1.2309,5.2706
43.4190,1.176,5.0425
43.4192,1.1577,4.9621
43.4194,1.1451,4.9012
43.4196,1.1923,5.0981
43.4198,1.168,5.0133
43.4200,1.0731,4.6121
43.4202,0.9941,4.2745
43.4204,0.9524,4.0989
43.4206,0.8742,3.759
43.4208,0.9231,3.9675
43.4210,0.9265,3.9819
43.4212,0.8911,3.8406
43.4214,0.8185,3.5263
43.4216,0.8093,3.4865
43.4218,0.7976,3.4391
43.4220,0.802,3.4534
43.4222,0.8655,3.7253
43.4224,0.8506,3.6591
43.4226,0.8125,3.5005
43.4228,0.802,3.4566
43.4230,0.8108,3.4927
43.4232,0.8598,3.6971
43.4234,0.8765,3.7723
43.4236,0.8826,3.7968
43.4238,0.8355,3.6041
43.4240,0.7097,3.0587
43.4242,0.7323,3.1549
43.4244,0.7887,3.3977
43.4246,0.7962,3.4286
43.4248,0.8201,3.5346
43.4250,0.745,3.2141
43.4252,0.7392,3.1888
43.4254,0.7335,3.1615
43.4256,0.7159,3.0841
43.4258,0.7135,3.0738
43.4260,0.7196,3.1059
43.4262,0.6271,2.7077
43.4264,0.7027,3.0287
43.4266,0.7808,3.3667
43.4268,0.7007,3.0228
43.4270,0.6748,2.9137
43.4272,0.6696,2.8928
43.4274,0.6164,2.6616
43.4276,0.6175,2.6626
43.4278,0.6463,2.7918
43.4280,0.5763,2.491
43.4282,0.5494,2.3733
43.4284,0.5502,2.3769
43.4286,0.566,2.4464
43.4288,0.5546,2.3972
43.4290,0.5501,2.3753
43.4292,0.5439,2.3484
43.4294,0.5525,2.3879
43.4296,0.5707,2.4643
43.4298,0.6222,2.684
43.4300,0.6518,2.8078
43.4302,0.7197,3.1036
43.4304,0.6564,2.8358
43.4306,0.5639,2.4348
43.4308,0.5626,2.428
43.4310,0.5644,2.4358
43.4312,0.5713,2.4635
43.4314,0.623,2.6888
43.4316,0.6514,2.8115
43.4318,0.6602,2.8426
43.4320,0.6997,3.0144
43.4322,0.7452,3.2102
43.4324,0.7573,3.2669
43.4326,0.6106,2.638
43.4328,0.5457,2.3561
43.4330,0.5429,2.3475
43.4332,0.5888,2.5437
43.4334,0.5632,2.4306
43.4336,0.5656,2.4364
43.4338,0.6449,2.7797
43.4340,0.6436,2.774
43.4342,0.6533,2.8145
43.4344,0.6771,2.9181
43.4346,0.703,3.0284
43.4348,0.7699,3.312
43.4350,0.8152,3.5037
43.4352,0.8377,3.5955
43.4354,0.9364,4.0265
43.4356,0.7988,3.4443
43.4358,0.6671,2.8766
43.4360,0.6563,2.8274
43.4362,0.7187,3.0932
43.4364,0.7519,3.2346
43.4366,0.7902,3.4012
43.4368,0.8508,3.6482
43.4370,1.069,4.5861
43.4372,1.0702,4.5955
43.4374,0.9693,4.1678
43.4376,0.7713,3.3243
43.4378,0.6929,2.9891
43.4380,0.7037,3.0301
43.4382,0.7075,3.0494
43.4384,0.6985,3.0106
43.4386,0.7127,3.0673
43.4388,0.7272,3.1312
43.4390,0.6971,3.0044
43.4392,0.6985,3.0093
43.4394,0.7509,3.232
43.4396,0.7713,3.3243
43.4398,0.7273,3.1332
43.4400,0.7902,3.3996
43.4402,0.8116,3.485
43.4404,0.8731,3.7578
43.4406,0.7737,3.3331
43.4408,0.7801,3.362
43.4410,0.697,3.0053
43.4412,0.6217,2.6844
43.4414,0.5935,2.5627
43.4416,0.5851,2.5253
43.4418,0.5867,2.5285
43.4420,0.5861,2.5271
43.4422,0.5889,2.5419
43.4424,0.5933,2.5617
43.4426,0.5755,2.4828
43.4428,0.5706,2.4604
43.4430,0.5863,2.5293
43.4432,0.5811,2.5059
43.4434,0.6428,2.7742
43.4436,0.6036,2.6038
43.4438,0.5698,2.4568
43.4440,0.5605,2.4203
43.4442,0.562,2.4221
43.4444,0.635,2.7406
43.4446,0.5724,2.4739
43.4448,0.5186,2.2381
43.4450,0.5367,2.3141
43.4452,0.5889,2.543
43.4454,0.5629,2.4296
43.4456,0.5479,2.3638
43.4458,0.5352,2.3079
43.4460,0.5817,2.5085
43.4462,0.6435,2.776
43.4464,0.6436,2.7701
43.4466,0.7217,3.1075
43.4468,0.7128,3.0707
43.4470,0.7295,3.1352
43.4472,0.7881,3.3872
43.4474,0.8142,3.4996
43.4476,0.8771,3.7626
43.4478,1.0202,4.3706
43.4480,1.0366,4.4472
43.4482,1.0206,4.3742
43.4484,1.0478,4.4866
43.4486,1.09,4.6674
43.4488,1.0772,4.6103
43.4490,1.078,4.6246
43.4492,1.0405,4.4616
43.4494,1.0778,4.6193
43.4496,1.0768,4.6173
43.4498,1.0951,4.6938
43.4500,1.1221,4.8094
43.4502,1.0666,4.5651
43.4504,1.1329,4.8557
43.4506,1.0734,4.6008
43.4508,1.1008,4.718
43.4510,1.088,4.663
43.4512,1.0428,4.4734
43.4514,1.0235,4.3926
43.4516,0.9641,4.1399
43.4518,0.942,4.0451
43.4520,0.9142,3.9348
43.4522,0.8474,3.6423
43.4524,0.8884,3.8185
43.4526,0.8856,3.8062
43.4528,0.9268,3.9797
43.4530,0.9479,4.0741
43.4532,0.934,4.0106
43.4534,1.0158,4.3516
43.4536,1.0112,4.3462
43.4538,0.9556,4.1071
43.4540,0.981,4.2105
43.4542,0.9898,4.248
43.4544,1.0009,4.3039
43.4546,0.9158,3.9324
43.4548,0.9552,4.0979
43.4550,0.9877,4.2413
43.4552,0.9918,4.2608
43.4554,0.9754,4.1941
43.4556,0.9715,4.1679
43.4558,0.9544,4.1001
43.4560,0.935,4.0185
43.4562,0.9582,4.1146
43.4564,0.9824,4.2206
43.4566,0.9827,4.2236
43.4568,0.9622,4.1316
43.4570,0.9916,4.2597
43.4572,0.994,4.2661
43.4574,1.3196,5.632
43.4576,1.3788,5.9097
43.4578,1.0798,4.6367
43.4580,0.9295,4.0004
43.4582,0.8943,3.8492
43.4584,0.9365,4.0233
43.4586,0.9327,4.0087
43.4588,0.9561,4.1073
43.4590,0.9207,3.9608
43.4592,0.8528,3.6706
43.4594,0.8307,3.5735
43.4596,0.8856,3.8062
43.4598,0.8904,3.8357
43.4600,0.8333,3.5865
43.4602,0.8532,3.6704
43.4604,0.8055,3.4668
43.4606,0.7761,3.345
43.4608,0.7339,3.1631
43.4610,0.712,3.0699
43.4612,0.7178,3.0953
43.4614,0.7453,3.2152
43.4616,0.6513,2.8123
43.4618,0.602,2.5995
43.4620,0.5997,2.5896
43.4622,0.6088,2.6253
43.4624,0.6612,2.8526
43.4626,0.6551,2.8262
43.4628,0.7215,3.1041
43.4630,0.869,3.7437
43.4632,0.7837,3.376
43.4634,0.7655,3.2995
43.4636,0.747,3.2179
43.4638,0.7403,3.1875
43.4640,0.7429,3.1974
43.4642,0.7635,3.2907
43.4644,0.7453,3.2137
43.4646,0.7364,3.1754
43.4648,0.7474,3.2155
43.4650,0.7876,3.3883
43.4652,0.8014,3.4524
43.4654,0.7568,3.2573
43.4656,0.7843,3.3801
43.4658,0.7562,3.2607
43.4660,0.7496,3.2248
43.4662,0.8821,3.7948
43.4664,0.8157,3.5139
43.4666,0.7513,3.235
43.4668,0.7404,3.1866
43.4670,0.7861,3.3895
43.4672,0.6815,2.94
43.4674,0.6443,2.7809
43.4676,0.6355,2.7439
43.4678,0.6346,2.7403
43.4680,0.634,2.7352
43.4682,0.7052,3.041
43.4684,0.6742,2.9098
43.4686,0.6254,2.6967
43.4688,0.6389,2.7551
43.4690,0.637,2.7455
43.4692,0.6996,3.0125
43.4694,0.7308,3.1467
43.4696,0.7438,3.209
43.4698,0.6458,2.7859
43.4700,0.6269,2.7021
43.4702,0.6807,2.9282
43.4704,0.8572,3.684
43.4706,0.9151,3.9348
43.4708,0.8718,3.7486
43.4710,0.8757,3.7709
43.4712,0.8377,3.6022
43.4714,0.8261,3.5522
43.4716,0.8212,3.5344
43.4718,0.8123,3.4946
43.4720,0.802,3.4534
43.4722,0.8056,3.4641
43.4724,0.8323,3.5824
43.4726,0.8386,3.6092
43.4728,0.8459,3.6356
43.4730,0.8593,3.6933
43.4732,0.8474,3.6474
43.4734,0.7965,3.4328
43.4736,0.7558,3.2561
43.4738,0.759,3.2696
43.4740,0.7705,3.3192
43.4742,0.7865,3.3821
43.4744,0.7954,3.4266
43.4746,0.7724,3.3243
43.4748,0.7803,3.3553
43.4750,0.8004,3.4387
43.4752,0.8659,3.7251
43.4754,0.9131,3.9265
43.4756,0.8884,3.8203
43.4758,0.8497,3.6521
43.4760,0.8829,3.7984
43.4762,0.8586,3.6919
43.4764,0.8287,3.5685
43.4766,0.725,3.1307
43.4768,0.5871,2.5364
43.4770,0.5862,2.5229
43.4772,0.8383,3.5981
43.4774,0.9757,4.1878
43.4776,0.9142,3.9421
43.4778,0.659,2.8414
43.4780,0.6309,2.7205
43.4782,0.7084,3.0544
43.4784,0.6713,2.8947
43.4786,0.6502,2.8037
43.4788,0.6508,2.8076
43.4790,0.6172,2.6628
43.4792,0.6669,2.8716
43.4794,0.7196,3.0944
43.4796,0.7657,3.2985
43.4798,0.7327,3.1535
43.4800,0.7908,3.4038
43.4802,0.8456,3.6379
43.4804,0.8851,3.8006
43.4806,0.9101,3.91
43.4808,0.9306,3.9981
43.4810,0.9486,4.0715
43.4812,1.0333,4.4245
43.4814,1.0989,4.7097
43.4816,1.0794,4.6287
43.4818,1.0817,4.6384
43.4820,1.09,4.6739
43.4822,1.0968,4.701
43.4824,1.0551,4.5264
43.4826,1.0493,4.4996
43.4828,1.1089,4.7573
43.4830,1.104,4.7296
43.4832,1.2184,5.2123
43.4834,1.2059,5.1638
43.4836,1.1936,5.1133
43.4838,1.1552,4.9466
43.4840,1.1535,4.9441
43.4842,1.0996,4.7238
43.4844,1.039,4.4575
43.4846,1.0383,4.4565
43.4848,0.977,4.2033
43.4850,0.8765,3.7705
43.4852,0.8994,3.8672
43.4854,0.8476,3.6479
43.4856,0.8221,3.5352
43.4858,0.8273,3.5623
43.4860,0.8242,3.5506
43.4862,0.8135,3.503
43.4864,0.8091,3.4822
43.4866,0.8582,3.6921
43.4868,0.893,3.8381
43.4870,0.9155,3.9387
43.4872,0.8574,3.6868
43.4874,0.9001,3.8667
43.4876,0.9299,4.0043
43.4878,0.8388,3.6153
43.4880,0.8111,3.4878
43.4882,0.8842,3.8023
43.4884,0.8906,3.8332
43.4886,0.8154,3.5145
43.4888,0.7343,3.1602
43.4890,0.7765,3.3465
43.4892,0.7405,3.193
43.4894,0.7494,3.2283
43.4896,0.7941,3.4162
43.4898,0.829,3.5696
43.4900,0.7339,3.1631
43.4902,0.7466,3.2194
43.4904,0.7164,3.0876
43.4906,0.7677,3.3057
43.4908,0.7654,3.299
43.4910,0.7807,3.3662
43.4912,0.7458,3.2128
43.4914,0.7162,3.0866
43.4916,0.6906,2.9793
43.4918,0.6856,2.9562
43.4920,0.7106,3.0586
43.4922,0.795,3.4235
43.4924,0.8034,3.4628
43.4926,0.7792,3.3506
43.4928,0.8643,3.7201
43.4930,0.8081,3.4846
43.4932,0.7431,3.2014
43.4934,0.7391,3.1853
43.4936,0.6754,2.9136
43.4938,0.6134,2.6487
43.4940,0.6398,2.76
43.4942,0.6693,2.8832
43.4944,0.7157,3.0831
43.4946,0.7497,3.2283
43.4948,0.8116,3.4963
43.4950,0.7739,3.331
43.4952,0.7904,3.4049
43.4954,0.7042,3.0378
43.4956,0.7118,3.0694
43.4958,0.6798,2.926
43.4960,0.7932,3.4125
43.4962,0.8365,3.6054
43.4964,0.7069,3.0468
43.4966,0.6723,2.8948
43.4968,0.6912,2.9791
43.4970,0.7036,3.0338
43.4972,0.6915,2.9871
43.4974,0.6153,2.6569
43.4976,0.5813,2.5099
43.4978,0.5814,2.5104
43.4980,0.6009,2.5948
43.4982,0.5876,2.535
43.4984,0.5753,2.4817
43.4986,0.5973,2.5793
43.4988,0.593,2.5606
43.4990,0.6024,2.5974
43.4992,0.6629,2.8545
43.4994,0.6978,3.0089
43.4996,0.6891,2.9698
43.4998,0.7223,3.1115
43.5000,0.6472,2.7934
43.5002,0.5832,2.5194
43.5004,0.5687,2.4487
43.5006,0.8141,3.4942
43.5008,0.9809,4.21
43.5010,0.879,3.7919
43.5012,0.6036,2.6062
43.5014,0.5539,2.393
43.5016,0.5446,2.3493
43.5018,0.5476,2.3633
43.5020,0.5543,2.3945
43.5022,0.5497,2.3748
43.5024,0.5441,2.3494
43.5026,0.5449,2.3541
43.5028,0.5454,2.3551
43.5030,0.553,2.3855
43.5032,0.5582,2.4072
43.5034,0.5835,2.5162
43.5036,0.6307,2.7182
43.5038,0.6838,2.9457
43.5040,0.7329,3.159
43.5042,0.6931,2.9749
43.5044,0.9872,4.2234
43.5046,1.0491,4.5154
43.5048,0.7711,3.3187
43.5050,0.7585,3.2675
43.5052,0.7359,3.1719
43.5054,0.6799,2.9292
43.5056,0.6985,3.0065
43.5058,0.7753,3.3321
43.5060,0.8406,3.6129
43.5062,0.8624,3.7067
43.5064,0.8313,3.5727
43.5066,0.8116,3.4931
43.5068,0.7379,3.1772
43.5070,0.7235,3.1167
43.5072,0.6892,2.9703
43.5074,0.6933,2.9879
43.5076,0.6934,2.9843
43.5078,0.6801,2.9297
43.5080,0.7006,3.0194
43.5082,0.7492,3.2262
43.5084,0.7688,3.3104
43.5086,0.722,3.109
43.5088,0.6892,2.969
43.5090,0.7301,3.1466
43.5092,0.6973,3.0013
43.5094,0.7784,3.3486
43.5096,0.6961,3.0003
43.5098,0.5867,2.5297
43.5100,0.6441,2.7735
43.5102,0.6867,2.9622
43.5104,0.5985,2.5833
43.5106,0.5725,2.4733
43.5108,0.5207,2.2464
43.5110,0.5449,2.3552
43.5112,0.6002,2.5785
43.5114,0.8257,3.5589
43.5116,0.6349,2.7375
43.5118,0.5865,2.5303
43.5120,0.6014,2.5921
43.5122,0.6823,2.9395
43.5124,0.6368,2.7445
43.5126,0.6935,2.9806
43.5128,0.7441,3.204
43.5130,0.7243,3.1174
43.5132,0.7768,3.3403
43.5134,0.8202,3.527
43.5136,0.7965,3.4217
43.5138,0.8682,3.7297
43.5140,0.9173,3.9409
43.5142,0.9046,3.8809
43.5144,0.9334,4.0024
43.5146,1.002,4.2925
43.5148,1.0715,4.5904
43.5150,1.1005,4.7103
43.5152,1.195,5.1123
43.5154,1.2408,5.3033
43.5156,1.2567,5.3684
43.5158,1.2121,5.1827
43.5160,1.1991,5.1226
43.5162,1.2302,5.2626
43.5164,1.2189,5.2119
43.5166,1.2594,5.3878
43.5168,1.1629,4.9865
43.5170,1.0798,4.6324
43.5172,1.0378,4.4565
43.5174,0.9438,4.0528
43.5176,0.9106,3.9102
43.5178,0.9709,4.1711
43.5180,0.9715,4.1679
43.5182,1.0262,4.4004
43.5184,1.2136,5.1773
43.5186,1.4161,6.0383
43.5188,1.4316,6.13
43.5190,1.1249,4.8235
43.5192,1.0562,4.5289
43.5194,1.0235,4.4008
43.5196,0.9478,4.0736
43.5198,0.9211,3.9587
43.5200,0.8991,3.8644
43.5202,0.8676,3.7237
43.5204,0.931,3.994
43.5206,0.9788,4.2032
43.5208,0.9761,4.1913
43.5210,0.973,4.1818
43.5212,0.9965,4.2749
43.5214,1.0485,4.5023
43.5216,1.0323,4.4369
43.5218,0.9998,4.2913
43.5220,0.947,4.07
43.5222,0.8979,3.8592
43.5224,0.9449,4.0594
43.5226,0.9531,4.0925
43.5228,0.9691,4.1653
43.5230,0.9962,4.2758
43.5232,1.0675,4.5815
43.5234,1.0083,4.3258
43.5236,1.1203,4.804
43.5238,1.1131,4.7842
43.5240,0.9567,4.1137
43.5242,0.9625,4.1389
43.5244,0.9079,3.9056
43.5246,0.8568,3.6893
43.5248,0.8062,3.4699
43.5250,0.8098,3.4853
43.5252,0.7978,3.4385
43.5254,0.8231,3.5459
43.5256,0.8269,3.5525
43.5258,0.9682,4.1554
43.5260,0.9631,4.1473
43.5262,0.8319,3.5853
43.5264,0.7587,3.2701
43.5266,0.6887,2.9697
43.5268,0.6839,2.949
43.5270,0.6978,3.0089
43.5272,0.7489,3.2307
43.5274,0.671,2.8985
43.5276,0.5912,2.5541
43.5278,0.5943,2.5628
43.5280,0.6509,2.8081
43.5282,0.6355,2.7414
43.5284,0.6321,2.7294
43.5286,0.6301,2.7206
43.5288,0.6369,2.7463
43.5290,0.6953,2.9925
43.5292,0.8145,3.5071
43.5294,0.8079,3.4835
43.5296,0.651,2.8086
43.5298,0.6509,2.8055
43.5300,0.7627,3.2856
43.5302,0.7666,3.3057
43.5304,0.6894,2.9741
43.5306,0.6562,2.8322
43.5308,0.6616,2.8528
43.5310,0.6825,2.9441
43.5312,0.6962,2.9994
43.5314,0.7054,3.0387
43.5316,0.7277,3.1362
43.5318,0.6933,2.9935
43.5320,0.6335,2.7344
43.5322,0.618,2.6646
43.5324,0.6964,2.9986
43.5326,0.7912,3.4101
43.5328,0.6743,2.9076
43.5330,0.6638,2.8595
43.5332,0.7082,3.0525
43.5334,0.7224,3.1149
43.5336,0.7399,3.186
43.5338,0.7609,3.2748
43.5340,0.7896,3.3955
43.5342,0.8642,3.7127
43.5344,0.8976,3.8613
43.5346,0.8142,3.5077
43.5348,0.7606,3.2798
43.5350,0.7266,3.1316
43.5352,0.7187,3.0932
43.5354,0.7554,3.2526
43.5356,0.7964,3.4244
43.5358,0.8606,3.6955
43.5360,0.9071,3.9026
43.5362,0.8412,3.6205
43.5364,0.7889,3.3971
43.5366,0.7238,3.1197
43.5368,0.759,3.2665
43.5370,0.8233,3.5437
43.5372,0.8211,3.5339
43.5374,0.7695,3.315
43.5376,0.7423,3.1963
43.5378,0.764,3.2897
43.5380,0.7714,3.3248
43.5382,0.7593,3.2711
43.5384,0.7626,3.2805
43.5386,0.8484,3.6481
43.5388,0.852,3.6636
43.5390,0.8634,3.7108
43.5392,0.913,3.9205
43.5394,0.9629,4.1347
43.5396,0.8506,3.6506
43.5398,1.0183,4.3644
43.5400,1.1109,4.7611
43.5402,1.0609,4.5638
43.5404,0.8115,3.4909
43.5406,0.8501,3.6519
43.5408,0.8774,3.7711
43.5410,0.8889,3.8277
43.5412,0.79,3.4065
43.5414,0.6861,2.9569
43.5416,0.6446,2.782
43.5418,0.5869,2.5354
43.5420,0.576,2.486
43.5422,0.6109,2.6353
43.5424,0.6225,2.6855
43.5426,0.5737,2.4819
43.5428,0.5114,2.2132
43.5430,0.5925,2.5609
43.5432,0.5228,2.2593
43.5434,0.5253,2.2681
43.5436,0.5835,2.5174
43.5438,0.6134,2.6499
43.5440,0.5118,2.2101
43.5442,0.5326,2.2976
43.5444,0.6046,2.6097
43.5446,0.5692,2.461
43.5448,0.5024,2.1703
43.5450,0.5124,2.2117
43.5452,0.5582,2.4105
43.5454,0.6033,2.5979
43.5456,0.7634,3.2856
43.5458,0.731,3.1478
43.5460,0.8804,3.7717
43.5462,1.0617,4.5653
43.5464,0.8862,3.7928
43.5466,0.9562,4.1078
43.5468,0.9012,3.8732
43.5470,0.9441,4.0463
43.5472,0.9952,4.2553
43.5474,1.0438,4.4739
43.5476,1.1069,4.742
43.5478,1.0957,4.692
43.5480,1.1045,4.7405
43.5482,1.042,4.4724
43.5484,0.9708,4.1493
43.5486,1.0688,4.5808
43.5488,1.0827,4.6425
43.5490,1.0966,4.6912
43.5492,1.1827,5.0713
43.5494,1.0809,4.637
43.5496,1.1808,5.0536
43.5498,1.1748,5.0162
43.5500,1.2376,5.2994
43.5502,1.1076,4.7473
43.5504,1.0649,4.5707
43.5506,1.079,4.6309
43.5508,1.1038,4.7286
43.5510,1.1478,4.9148
43.5512,1.193,5.106
43.5514,1.2147,5.2037
43.5516,1.1906,5.0933
43.5518,1.1846,5.0795
43.5520,1.1444,4.9096
43.5522,1.128,4.8414
43.5524,1.0386,4.4596
43.5526,1.0091,4.3349
43.5528,0.9802,4.2108
43.5530,0.9213,3.9616
43.5532,0.9336,4.0072
43.5534,1.0377,4.4518
43.5536,1.1263,4.8364
43.5538,1.0315,4.4292
43.5540,0.9876,4.2487
43.5542,0.9315,4.0054
43.5544,0.9546,4.0992
43.5546,0.9773,4.1984
43.5548,0.9576,4.1197
43.5550,0.9088,3.9116
43.5552,0.897,3.8605
43.5554,0.8912,3.8304
43.5556,0.9533,4.0992
43.5558,0.9312,4.0062
43.5560,0.9229,3.9646
43.5562,0.9928,4.2609
43.5564,1.0185,4.3797
43.5566,0.9498,4.0843
43.5568,0.9447,4.0602
43.5570,0.94,4.0401
43.5572,0.9485,4.0881
43.5574,0.8286,3.5697
43.5576,0.7983,3.4358
43.5578,0.7796,3.3584
43.5580,0.8183,3.522
43.5582,0.8458,3.6452
43.5584,0.7706,3.3243
43.5586,0.7352,3.1702
43.5588,0.8482,3.6454
43.5590,0.898,3.8652
43.5592,0.8482,3.6522
43.5594,0.7735,3.3367
43.5596,0.7044,3.0416
43.5598,0.6218,2.6899
43.5600,0.5314,2.2977
43.5602,0.5491,2.3712
43.5604,0.5807,2.5085
43.5606,0.576,2.4871
43.5608,0.5741,2.4788
43.5610,0.5725,2.4733
43.5612,0.5772,2.4935
43.5614,0.6598,2.8477
43.5616,0.6326,2.734
43.5618,0.5826,2.5179
43.5620,0.5833,2.5164
43.5622,0.6491,2.8029
43.5624,0.593,2.5595
43.5626,0.5888,2.5425
43.5628,0.5845,2.5251
43.5630,0.5759,2.4889
43.5632,0.5743,2.4822
43.5634,0.5735,2.4763
43.5636,0.5768,2.4919
43.5638,0.5758,2.4872
43.5640,0.6231,2.6869
43.5642,0.621,2.68
43.5644,0.5773,2.4917
43.5646,0.5791,2.5017
43.5648,0.5728,2.4754
43.5650,0.5726,2.4738
43.5652,0.5724,2.4716
43.5654,0.5937,2.5519
43.5656,0.9205,3.9506
43.5658,0.9958,4.2738
43.5660,0.8956,3.8548
43.5662,0.7714,3.3171
43.5664,0.8437,3.6331
43.5666,0.8097,3.4897
43.5668,0.7129,3.0741
43.5670,0.6743,2.9063
43.5672,0.611,2.6395
43.5674,0.5636,2.4349
43.5676,0.5949,2.5642
43.5678,0.6491,2.8003
43.5680,0.649,2.8011
43.5682,0.6404,2.7639
43.5684,0.6387,2.7515
43.5686,0.6358,2.7455
43.5688,0.5658,2.4443
43.5690,0.5615,2.4245
43.5692,0.5551,2.3959
43.5694,0.5748,2.4773
43.5696,0.6829,2.9435
43.5698,0.7025,3.0235
43.5700,0.8068,3.4692
43.5702,0.8527,3.6616
43.5704,0.9043,3.8847
43.5706,0.8832,3.7941
43.5708,0.8649,3.7245
43.5710,0.714,3.0759
43.5712,0.7115,3.065
43.5714,0.7478,3.2185
43.5716,0.8237,3.5436
43.5718,0.8313,3.5694
43.5720,0.8808,3.782
43.5722,0.9501,4.0758
43.5724,0.9527,4.0967
43.5726,0.8389,3.604
43.5728,0.8408,3.6156
43.5730,1.0225,4.3865
43.5732,1.0288,4.4117
43.5734,0.9561,4.1111
43.5736,0.8693,3.7413
43.5738,0.8088,3.4828
43.5740,0.778,3.3486
43.5742,0.7459,3.2163
43.5744,0.714,3.0773
43.5746,0.7069,3.0468
43.5748,0.6557,2.8288
43.5750,0.661,2.8502
43.5752,0.668,2.8802
43.5754,0.6582,2.8357
43.5756,0.6759,2.913
43.5758,0.7139,3.0782
43.5760,0.6838,2.9444
43.5762,0.7147,3.0776
43.5764,0.7706,3.3212
43.5766,0.6683,2.8844
43.5768,0.566,2.4419
43.5770,0.5833,2.5199
43.5772,0.5236,2.2619
43.5774,0.5204,2.249
43.5776,0.507,2.1905
43.5778,0.5139,2.2189
43.5780,0.4929,2.1293
43.5782,0.5092,2.1967
43.5784,0.5632,2.4295
43.5786,0.5976,2.5755
43.5788,0.6299,2.7163
43.5790,0.5947,2.5655
43.5792,0.5941,2.5617
43.5794,0.7121,3.0662
43.5796,0.761,3.2738
43.5798,0.7587,3.2655
43.5800,0.7524,3.2336
43.5802,0.8413,3.6126
43.5804,0.9609,4.1259
43.5806,0.9727,4.175
43.5808,0.9726,4.1745
43.5810,1.0112,4.3341
43.5812,1.0942,4.6875
43.5814,1.1028,4.7091
43.5816,1.3477,5.741
43.5818,1.4412,6.1423
43.5820,1.2896,5.5325
43.5822,0.9834,4.2247
43.5824,0.9398,4.0353
43.5826,0.9633,4.1382
43.5828,0.9577,4.1087
43.5830,0.9748,4.1876
43.5832,0.9191,3.9486
43.5834,0.9154,3.9363
43.5836,0.8816,3.7874
43.5838,0.9166,3.9378
43.5840,0.978,4.2035
43.5842,0.9594,4.1236
43.5844,0.9302,3.9904
43.5846,0.9412,4.034
43.5848,1.1342,4.8523
43.5850,1.1746,5.0416
43.5852,0.9883,4.2399
43.5854,1.0058,4.319
43.5856,1.0111,4.3477
43.5858,0.9014,3.876
43.5860,0.8893,3.8239
43.5862,0.9486,4.0715
43.5864,1.0189,4.369
43.5866,0.9966,4.2834
43.5868,0.9341,4.0093
43.5870,1.0377,4.4518
43.5872,1.0404,4.4735
43.5874,0.9491,4.0812
43.5876,0.9134,3.9257
43.5878,0.8762,3.7677
43.5880,0.8631,3.715
43.5882,0.854,3.6741
43.5884,0.8943,3.8456
43.5886,0.9235,3.969
43.5888,0.8947,3.8471
43.5890,0.8736,3.7546
43.5892,0.9027,3.8762
43.5894,0.939,4.036
43.5896,0.9465,4.0661
43.5898,0.9268,3.9871
43.5900,0.9402,4.0468
43.5902,0.8971,3.8556
43.5904,0.8869,3.8118
43.5906,0.8654,3.7231
43.5908,0.8623,3.7062
43.5910,0.9615,4.1343
43.5912,0.9582,4.1165
43.5914,0.9657,4.1523
43.5916,0.9624,4.1307
43.5918,1.0561,4.5284
43.5920,1.1294,4.8498
43.5922,0.9326,4.0138
43.5924,0.7682,3.3093
43.5926,0.7235,3.121
43.5928,0.675,2.9134
43.5930,0.6754,2.9109
43.5932,0.7574,3.2613
43.5934,0.7827,3.3719
43.5936,0.7757,3.3419
43.5938,0.7834,3.3718
43.5940,0.795,3.4235
43.5942,0.8045,3.4626
43.5944,0.7893,3.3987
43.5946,0.7532,3.2508
43.5948,0.714,3.0802
43.5950,0.7316,3.1503
43.5952,0.8113,3.4872
43.5954,0.8985,3.86
43.5956,0.9308,4.0004
43.5958,0.9348,4.0217
43.5960,0.8882,3.8282
43.5962,0.7805,3.3672
43.5964,0.6965,3.0033
43.5966,0.6784,2.9279
43.5968,0.6755,2.9155
43.5970,0.6953,2.9953
43.5972,0.6859,2.9578
43.5974,0.6744,2.9095
43.5976,0.6712,2.8969
43.5978,0.6567,2.8342
43.5980,0.6663,2.8743
43.5982,0.657,2.8345
43.5984,0.6419,2.7667
43.5986,0.7646,3.2877
43.5988,0.8985,3.8654
43.5990,0.7837,3.3807
43.5992,0.6542,2.8208
43.5994,0.6475,2.7944
43.5996,0.6406,2.7662
43.5998,0.6745,2.9113
43.6000,0.6417,2.7683
43.6002,0.6338,2.7354
43.6004,0.6362,2.7445
43.6006,0.6345,2.7372
43.6008,0.631,2.7222
43.6010,0.6323,2.7279
43.6012,0.6331,2.731
43.6014,0.7302,3.1398
43.6016,0.8923,3.8332
43.6018,0.9067,3.8987
43.6020,0.8465,3.6382
43.6022,0.8713,3.7518
43.6024,0.7326,3.1574
43.6026,0.6468,2.7905
43.6028,0.6327,2.7269
43.6030,0.7254,3.1264
43.6032,0.7527,3.2412
43.6034,0.7465,3.2129
43.6036,0.7416,3.1947
43.6038,0.7405,3.1886
43.6040,0.7465,3.2174
43.6042,0.7422,3.1943
43.6044,0.7509,3.232
43.6046,0.8227,3.5345
43.6048,1.0224,4.3819
43.6050,1.0844,4.6606
43.6052,0.937,4.0254
43.6054,0.8943,3.842
43.6056,0.8886,3.8191
43.6058,0.9013,3.8755
43.6060,0.8913,3.838
43.6062,0.7791,3.3564
43.6064,0.7519,3.2406
43.6066,0.7784,3.3501
43.6068,0.7699,3.3135
43.6070,0.7626,3.2851
43.6072,0.7898,3.3976
43.6074,0.8637,3.7124
43.6076,0.8482,3.6522
43.6078,0.8066,3.473
43.6080,0.7803,3.3631
43.6082,0.8092,3.4795
43.6084,0.7345,3.1671
43.6086,0.6945,2.9917
43.6088,0.7335,3.1601
43.6090,0.6455,2.7874
43.6092,0.5773,2.494
43.6094,0.5464,2.3614
43.6096,0.4847,2.0951
43.6098,0.4863,2.0999
43.6100,0.5561,2.4001
43.6102,0.6151,2.651
43.6104,0.6355,2.7426
43.6106,0.606,2.6178
43.6108,0.5152,2.2277
43.6110,0.4815,2.0811
43.6112,0.4893,2.1138
43.6114,0.5032,2.1739
43.6116,0.5409,2.3322
43.6118,0.624,2.688
43.6120,0.7243,3.1145
43.6122,0.7525,3.2387
43.6124,0.7165,3.0839
43.6126,0.7533,3.2438
43.6128,0.7563,3.2537
43.6130,0.7712,3.3192
43.6132,0.7946,3.4166
43.6134,0.8057,3.463
43.6136,0.8711,3.7386
43.6138,0.9014,3.8688
43.6140,0.9666,4.1468
43.6142,1.0161,4.3633
43.6144,1.0058,4.311
43.6146,1.0989,4.7031
43.6148,1.102,4.7187
43.6150,1.0702,4.5869
43.6152,1.0442,4.4775
43.6154,1.0947,4.6918
43.6156,1.0748,4.6129
43.6158,0.9672,4.1571
43.6160,0.9508,4.0846
43.6162,0.9695,4.165
43.6164,0.9521,4.0846
43.6166,1.0023,4.3001
43.6168,1.0019,4.3
43.6170,1.0676,4.5735
43.6172,1.1546,4.9464
43.6174,1.193,5.1108
43.6176,1.1828,5.0624
43.6178,1.2447,5.3197
43.6180,1.2582,5.3776
43.6182,1.1995,5.1433
43.6184,1.1074,4.7529
43.6186,1.0712,4.591
43.6188,1.1005,4.7213
43.6190,1.0366,4.4472
43.6192,1.0429,4.476
43.6194,1.0405,4.4616
43.6196,1.1043,4.7329
43.6198,1.1098,4.7632
43.6200,1.0081,4.3348
43.6202,0.8966,3.8608
43.6204,0.8795,3.7852
43.6206,0.9055,3.8899
43.6208,0.9534,4.0959
43.6210,0.946,4.0659
43.6212,0.887,3.8177
43.6214,0.8669,3.7292
43.6216,0.8856,3.8097
43.6218,0.881,3.7954
43.6220,0.8099,3.4891
43.6222,0.8406,3.6129
43.6224,0.8906,3.8332
43.6226,0.8247,3.5493
43.6228,0.8298,3.5682
43.6230,0.8943,3.8402
43.6232,0.9724,4.1734
43.6234,0.9139,3.9406
43.6236,0.7355,3.1713
43.6238,0.7055,3.0449
43.6240,0.6498,2.8034
43.6242,0.6998,3.0163
43.6244,0.7639,3.2908
43.6246,0.7694,3.313
43.6248,0.7955,3.4271
43.6250,0.8063,3.472
43.6252,0.7901,3.4039
43.6254,0.7629,3.2897
43.6256,0.691,2.9795
43.6258,0.6976,3.0093
43.6260,0.731,3.1536
43.6262,0.7308,3.1511
43.6264,0.6694,2.8904
43.6266,0.6026,2.6033
43.6268,0.6009,2.5936
43.6270,0.6828,2.943
43.6272,0.7165,3.0882
43.6274,0.675,2.9121
43.6276,0.6096,2.6345
43.6278,0.5882,2.5423
43.6280,0.5976,2.5791
43.6282,0.6075,2.6196
43.6284,0.6858,2.9531
43.6286,0.7338,3.1684
43.6288,0.5687,2.4578
43.6290,0.4959,2.1433
43.6292,0.4988,2.1557
43.6294,0.5013,2.1666
43.6296,0.5549,2.3949
43.6298,0.5805,2.5056
43.6300,0.5924,2.5569
43.6302,0.6046,2.6084
43.6304,0.6835,2.9474
43.6306,0.6845,2.9488
43.6308,0.6568,2.8334
43.6310,0.5951,2.5671
43.6312,0.5892,2.5441
43.6314,0.5684,2.4556
43.6316,0.5813,2.5053
43.6318,0.6606,2.8473
43.6320,0.695,2.9929
43.6322,0.7121,3.0633
43.6324,0.7703,3.3171
43.6326,0.7426,3.1964
43.6328,0.7548,3.253
43.6330,0.7775,3.345
43.6332,0.779,3.3543
43.6334,0.7335,3.1586
43.6336,0.7449,3.2091
43.6338,0.7695,3.312
43.6340,0.7768,3.3419
43.6342,0.816,3.5138
43.6344,0.8117,3.4968
43.6346,0.7693,3.3125
43.6348,0.7658,3.296
43.6350,0.7606,3.2768
43.6352,0.7582,3.265
43.6354,0.7435,3.2015
43.6356,0.7738,3.3352
43.6358,0.6882,2.9662
43.6360,0.7332,3.1571
43.6362,0.8329,3.5833
43.6364,0.8299,3.5704
43.6366,0.7994,3.4372
43.6368,0.7942,3.4183
43.6370,0.7762,3.3409
43.6372,0.7437,3.204
43.6374,0.7614,3.2769
43.6376,0.856,3.6789
43.6378,0.9002,3.8654
43.6380,0.8932,3.8356
43.6382,0.8918,3.8383
43.6384,0.7581,3.269
43.6386,0.694,2.991
43.6388,0.6807,2.9323
43.6390,0.684,2.9509
43.6392,0.6903,2.9764
43.6394,0.6859,2.9564
43.6396,0.6813,2.9362
43.6398,0.6821,2.9371
43.6400,0.7241,3.1207
43.6402,0.6917,2.9826
43.6404,0.6719,2.8932
43.6406,0.7519,3.2361
43.6408,0.8043,3.4632
43.6410,0.7955,3.4208
43.6412,0.7956,3.426
43.6414,0.7548,3.247
43.6416,0.8372,3.6035
43.6418,0.7359,3.1689
43.6420,0.6913,2.9769
43.6422,0.753,3.2392
43.6424,0.8605,3.6967
43.6426,0.8902,3.828
43.6428,0.8045,3.461
43.6430,0.7964,3.4148
43.6432,0.9972,4.2799
43.6434,0.9677,4.1553
43.6436,0.8506,3.6659
43.6438,0.6784,2.9265
43.6440,0.6124,2.6433
43.6442,0.6285,2.7126
43.6444,0.6064,2.6162
43.6446,0.6058,2.6112
43.6448,0.6389,2.7538
43.6450,0.6659,2.8674
43.6452,0.7291,3.1395
43.6454,0.7086,3.0555
43.6456,0.6785,2.9176
43.6458,0.7931,3.4104
43.6460,0.8438,3.6251
43.6462,0.8985,3.8564
43.6464,0.9634,4.1252
43.6466,1.0761,4.6056
43.6468,1.1039,4.7269
43.6470,1.1019,4.7138
43.6472,1.222,5.2277
43.6474,1.2661,5.4139
43.6476,1.2721,5.4396
43.6478,1.2638,5.4067
43.6480,1.2421,5.3139
43.6482,1.2531,5.3581
43.6484,1.2618,5.4005
43.6486,1.1859,5.071
43.6488,1.2252,5.2563
43.6490,1.1069,4.7486
43.6492,1.0502,4.5074
43.6494,1.0333,4.4307
43.6496,1.0242,4.3937
43.6498,1.0395,4.4616
43.6500,1.0315,4.4292
43.6502,1.0329,4.425
43.6504,1.0989,4.7097
43.6506,1.1145,4.7788
43.6508,1.1274,4.8366
43.6510,1.03,4.423
43.6512,1.0233,4.3921
43.6514,1.013,4.3499
43.6516,0.9573,4.1105
43.6518,1.0312,4.424
43.6520,1.0681,4.5905
43.6522,0.9661,4.1525
43.6524,0.9423,4.0443
43.6526,0.9803,4.2035
43.6528,1.055,4.5238
43.6530,1.0746,4.6188
43.6532,0.9997,4.2928
43.6534,1.0452,4.4795
43.6536,1.114,4.7834
43.6538,1.011,4.3452
43.6540,0.9836,4.2238
43.6542,0.9949,4.2702
43.6544,0.9693,4.1659
43.6546,0.9071,3.9044
43.6548,0.8809,3.7949
43.6550,0.8203,3.5308
43.6552,0.8398,3.611
43.6554,0.8603,3.7026
43.6556,0.8237,3.5501
43.6558,0.7822,3.3682
43.6560,0.7966,3.4302
43.6562,0.8032,3.4634
43.6564,0.7718,3.3264
43.6566,0.7691,3.3135
43.6568,0.7924,3.4121
43.6570,0.8723,3.7507
43.6572,0.9219,3.9623
43.6574,0.8869,3.8172
43.6576,0.9105,3.9152
43.6578,0.9414,4.0463
43.6580,0.9075,3.9041
43.6582,0.8998,3.8657
43.6584,0.9321,4.0061
43.6586,0.9401,4.05
43.6588,0.7813,3.3657
43.6590,0.7683,3.3175
43.6592,0.6304,2.726
43.6594,0.5822,2.5152
43.6596,0.6094,2.6291
43.6598,0.6357,2.7462
43.6600,0.6289,2.7129
43.6602,0.6351,2.7411
43.6604,0.6308,2.725
43.6606,0.629,2.7147
43.6608,0.6303,2.7217
43.6610,0.6314,2.7263
43.6612,0.6316,2.7261
43.6614,0.6311,2.7228
43.6616,0.6364,2.743
43.6618,0.6928,2.9831
43.6620,0.7213,3.1117
43.6622,0.6663,2.8743
43.6624,0.6448,2.783
43.6626,0.6365,2.7473
43.6628,0.6303,2.7217
43.6630,0.6447,2.7773
43.6632,0.7655,3.2919
43.6634,0.79,3.4081
43.6636,0.6633,2.8614
43.6638,0.6498,2.8021
43.6640,0.6509,2.8055
43.6642,0.6828,2.9471
43.6644,0.6439,2.7776
43.6646,0.6393,2.7579
43.6648,0.6377,2.7499
43.6650,0.6864,2.9571
43.6652,0.7068,3.0491
43.6654,0.6375,2.7489
43.6656,0.6321,2.7269
43.6658,0.6368,2.7483
43.6660,0.6362,2.7445
43.6662,0.6301,2.7168
43.6664,0.6313,2.722
43.6666,0.6919,2.9822
43.6668,0.7048,3.0333
43.6670,0.7027,3.0315
43.6672,0.6626,2.8609
43.6674,0.6488,2.7975
43.6676,0.653,2.8156
43.6678,0.6749,2.9048
43.6680,0.7753,3.3398
43.6682,0.7405,3.1871
43.6684,0.8325,3.5812
43.6686,0.7906,3.4044
43.6688,0.7556,3.2551
43.6690,0.7483,3.2251
43.6692,0.7502,3.2319
43.6694,0.7855,3.3774
43.6696,0.8033,3.4575
43.6698,0.8389,3.6057
43.6700,0.8813,3.7823
43.6702,0.8838,3.8002
43.6704,0.8524,3.6685
43.6706,0.7954,3.4234
43.6708,0.7971,3.4259
43.6710,0.9099,3.9053
43.6712,0.914,3.9265
43.6714,0.8815,3.7904
43.6716,0.8353,3.5936
43.6718,0.8019,3.4481
43.6720,0.8219,3.5309
43.6722,1.0341,4.4281
43.6724,1.201,5.1404
43.6726,1.1327,4.866
43.6728,0.9273,3.9855
43.6730,0.9091,3.9054
43.6732,0.9136,3.9231
43.6734,0.9872,4.2333
43.6736,1.0297,4.4194
43.6738,1.0405,4.4678
43.6740,0.9607,4.1293
43.6742,0.875,3.7626
43.6744,0.8328,3.5844
43.6746,0.8043,3.4616
43.6748,0.7761,3.3403
43.6750,0.826,3.5567
43.6752,0.8128,3.5015
43.6754,0.7109,3.0667
43.6756,0.7341,3.1597
43.6758,0.7964,3.4291
43.6760,0.7489,3.2262
43.6762,0.7201,3.1065
43.6764,0.6779,2.9258
43.6766,0.6383,2.7538
43.6768,0.6291,2.7202
43.6770,0.5124,2.2138
43.6772,0.5158,2.2314
43.6774,0.5,2.1629
43.6776,0.5005,2.161
43.6778,0.5169,2.2329
43.6780,0.5761,2.4865
43.6782,0.5807,2.5038
43.6784,0.6028,2.6019
43.6786,0.6479,2.7952
43.6788,0.6364,2.7455
43.6790,0.6116,2.6372
43.6792,0.6967,2.9987
43.6794,0.7575,3.2603
43.6796,0.7947,3.4187
43.6798,0.8691,3.7304
43.6800,0.9509,4.0794
43.6802,0.9762,4.1918
43.6804,0.9563,4.1026
43.6806,1.0229,4.388
43.6808,1.0684,4.5792
43.6810,1.0852,4.6533
43.6812,1.0886,4.6677
43.6814,1.0743,4.6065
43.6816,1.0869,4.6562
43.6818,1.0731,4.6057
43.6820,1.0226,4.3829
43.6822,1.1947,5.106
43.6824,1.2443,5.3181
43.6826,1.2023,5.1412
43.6828,1.2052,5.1631
43.6830,1.1992,5.1375
43.6832,1.133,4.863
43.6834,1.0087,4.3334
43.6836,0.9693,4.16
43.6838,1.0003,4.2913
43.6840,1.0152,4.3632
43.6842,0.9503,4.0749
43.6844,1.1435,4.8918
43.6846,1.2688,5.4328
43.6848,1.1363,4.8905
43.6850,0.914,3.9246
43.6852,0.9887,4.2493
43.6854,0.9359,4.0207
43.6856,0.8814,3.7952
43.6858,0.8341,3.5834
43.6860,0.9817,4.2136
43.6862,0.9949,4.2821
43.6864,0.8847,3.8043
43.6866,0.8699,3.7421
43.6868,0.8387,3.6114
43.6870,0.8154,3.5112
43.6872,0.7959,3.4271
43.6874,0.7754,3.3388
43.6876,0.7837,3.376
43.6878,0.7966,3.4334
43.6880,0.8332,3.581
43.6882,0.9339,4.0101
43.6884,0.9202,3.9533
43.6886,0.9164,3.9423
43.6888,0.8436,3.6326
43.6890,0.8274,3.5645
43.6892,0.7947,3.4219
43.6894,0.9155,3.9423
43.6896,0.8393,3.614
43.6898,0.8455,3.6324
43.6900,0.8886,3.8226
43.6902,0.8304,3.5708
43.6904,0.8907,3.8355
43.6906,0.8278,3.5661
43.6908,0.7864,3.3879
43.6910,0.7326,3.1559
43.6912,0.7193,3.0986
43.6914,0.7614,3.2723
43.6916,0.8666,3.7334
43.6918,0.7362,3.1773
43.6920,0.7062,3.0508
43.6922,0.6311,2.7215
43.6924,0.6654,2.8707
43.6926,0.6754,2.9136
43.6928,0.6808,2.9328
43.6930,0.6894,2.97
43.6932,0.7347,3.1623
43.6934,0.8121,3.4984
43.6936,0.7863,3.3873
43.6938,0.8263,3.5615
43.6940,0.7112,3.0683
43.6942,0.6533,2.8198
43.6944,0.6388,2.7559
43.6946,0.6633,2.86
43.6948,0.6844,2.9497
43.6950,0.7452,3.2117
43.6952,0.7837,3.3744
43.6954,0.7552,3.2581
43.6956,0.6783,2.926
43.6958,0.7102,3.065
43.6960,0.5845,2.5251
43.6962,0.5722,2.4717
43.6964,0.5515,2.3826
43.6966,0.5466,2.3603
43.6968,0.55,2.3759
43.6970,0.5641,2.4359
43.6972,0.5497,2.3737
43.6974,0.553,2.3899
43.6976,0.5437,2.3479
43.6978,0.5552,2.3953
43.6980,0.5936,2.5585
43.6982,0.6566,2.8324
43.6984,0.5825,2.5162
43.6986,0.5608,2.4236
43.6988,0.5829,2.5148
43.6990,0.6387,2.7502
43.6992,0.6886,2.9678
43.6994,0.6222,2.6864
43.6996,0.5495,2.3749
43.6998,0.5427,2.3432
43.7000,0.5466,2.3592
43.7002,0.5434,2.3474
43.7004,0.5443,2.3515
43.7006,0.5447,2.3509
43.7008,0.5477,2.3649
43.7010,0.5475,2.3639
43.7012,0.5473,2.3623
43.7014,0.546,2.3577
43.7016,0.5449,2.3552
43.7018,0.5501,2.3753
43.7020,0.563,2.429
43.7022,0.5755,2.4816
43.7024,0.6289,2.7129
43.7026,0.6626,2.853
43.7028,0.7012,3.0164
43.7030,0.7406,3.1876
43.7032,0.7462,3.2089
43.7034,0.7819,3.3635
43.7036,0.8097,3.4848
43.7038,0.8001,3.4451
43.7040,0.7195,3.0982
43.7042,0.6959,2.9923
43.7044,0.7801,3.3558
43.7046,0.85,3.6548
43.7048,0.7959,3.4271
43.7050,0.7718,3.3202
43.7052,0.8208,3.5328
43.7054,0.7851,3.3822
43.7056,0.7786,3.3387
43.7058,0.963,4.1371
43.7060,0.8332,3.5876
43.7062,0.7219,3.11
43.7064,0.626,2.703
43.7066,0.5834,2.5157
43.7068,0.5957,2.5697
43.7070,0.5805,2.5056
43.7072,0.5728,2.472
43.7074,0.5771,2.4883
43.7076,0.5813,2.5076
43.7078,0.5983,2.5786
43.7080,0.6721,2.8943
43.7082,0.7231,3.1195
43.7084,0.5987,2.585
43.7086,0.516,2.2293
43.7088,0.5063,2.1884
43.7090,0.5033,2.1734
43.7092,0.5505,2.3747
43.7094,0.5475,2.3639
43.7096,0.4946,2.1376
43.7098,0.4977,2.151
43.7100,0.4996,2.1583
43.7102,0.4899,2.1154
43.7104,0.4925,2.1268
43.7106,0.5316,2.2924
43.7108,0.6152,2.649
43.7110,0.6835,2.9461
43.7112,0.5981,2.58
43.7114,0.5973,2.5745
43.7116,0.6452,2.7781
43.7118,0.6351,2.7373
43.7120,0.6745,2.9046
43.7122,0.7518,3.2311
43.7124,0.8145,3.4957
43.7126,0.8899,3.8158
43.7128,0.9171,3.938
43.7130,0.9393,4.0314
43.7132,0.9799,4.2019
43.7134,0.9863,4.2311
43.7136,0.9859,4.2316
43.7138,0.9741,4.1787
43.7140,0.9781,4.1923
43.7142,1.0058,4.315
43.7144,0.9549,4.0983
43.7146,0.9483,4.07
43.7148,0.9932,4.263
43.7150,0.999,4.2837
43.7152,1.0507,4.5032
43.7154,1.0806,4.6208
43.7156,1.1396,4.8822
43.7158,1.0884,4.6672
43.7160,1.0334,4.4292
43.7162,1.0611,4.5415
43.7164,1.1815,5.0544
43.7166,1.2162,5.2153
43.7168,1.0972,4.7025
43.7170,1.0275,4.404
43.7172,1.0137,4.355
43.7174,0.932,4.0056
43.7176,0.9197,3.9567
43.7178,0.8629,3.7036
43.7180,0.9629,4.1308
43.7182,1.0364,4.4441
43.7184,1.01,4.335
43.7186,0.9953,4.2677
43.7188,1.0122,4.3443
43.7190,0.9525,4.088
43.7192,1.0205,4.3798
43.7194,1.0654,4.5685
43.7196,1.061,4.5516
43.7198,1.0029,4.3026
43.7200,0.9727,4.1789
43.7202,0.9609,4.1202
43.7204,0.9709,4.1731
43.7206,0.9149,3.9361
43.7208,0.8641,3.7122
43.7210,0.8956,3.8512
43.7212,0.8928,3.8407
43.7214,0.8973,3.8549
43.7216,0.9383,4.0254
43.7218,0.9654,4.1513
43.7220,0.7677,3.3073
43.7222,0.7943,3.4204
43.7224,0.7976,3.4312
43.7226,0.7755,3.3394
43.7228,0.7826,3.3667
43.7230,0.8508,3.6551
43.7232,0.872,3.7498
43.7234,0.909,3.914
43.7236,0.8493,3.6569
43.7238,0.7975,3.4323
43.7240,0.7981,3.4316
43.7242,0.8529,3.669
43.7244,0.8508,3.6568
43.7246,0.8547,3.6784
43.7248,0.8019,3.4562
43.7250,0.8152,3.5119
43.7252,0.8518,3.6558
43.7254,1.0233,4.3922
43.7256,0.9904,4.2606
43.7258,0.8326,3.5901
43.7260,0.6943,2.994
43.7262,0.6882,2.9663
43.7264,0.6865,2.9604
43.7266,0.6764,2.9178
43.7268,0.6777,2.9235
43.7270,0.6832,2.9418
43.7272,0.7244,3.1223
43.7274,0.705,3.0344
43.7276,0.8196,3.5326
43.7278,0.729,3.1376
43.7280,0.7436,3.208
43.7282,0.6415,2.7699
43.7284,0.6211,2.6794
43.7286,0.6202,2.6745
43.7288,0.6633,2.8614
43.7290,0.6283,2.7116
43.7292,0.6463,2.7867
43.7294,0.6346,2.7378
43.7296,0.6011,2.593
43.7298,0.6237,2.692
43.7300,0.6397,2.7595
43.7302,0.6604,2.8451
43.7304,0.7027,3.0288
43.7306,0.6737,2.9078
43.7308,0.715,3.0715
43.7310,0.8392,3.6169
43.7312,0.6638,2.8635
43.7314,0.7002,3.0179
43.7316,0.7274,3.1338
43.7318,0.7306,3.1458
43.7320,0.7337,3.1577
43.7322,0.7521,3.2372
43.7324,0.7927,3.4132
43.7326,0.7907,3.4049
43.7328,0.7879,3.391
43.7330,0.7669,3.2991
43.7332,0.7777,3.3471
43.7334,0.7876,3.3947
43.7336,0.7259,3.1271
43.7338,0.7051,3.0363
43.7340,0.7175,3.0852
43.7342,0.7994,3.4405
43.7344,0.7488,3.2212
43.7346,0.7882,3.3957
43.7348,0.7536,3.2479
43.7350,0.7292,3.143
43.7352,0.7195,3.0968
43.7354,0.7435,3.2
43.7356,0.7961,3.4266
43.7358,0.8381,3.6038
43.7360,0.829,3.5663
43.7362,0.8376,3.5984
43.7364,0.9214,3.9585
43.7366,0.8734,3.7572
43.7368,0.817,3.518
43.7370,0.8278,3.5595
43.7372,0.8644,3.7133
43.7374,0.8717,3.7395
43.7376,0.9393,4.0371
43.7378,0.8927,3.8384
43.7380,0.9,3.8645
43.7382,0.9132,3.9229
43.7384,0.8623,3.708
43.7386,0.8923,3.8297
43.7388,0.9407,4.0433
43.7390,0.868,3.7357
43.7392,0.7768,3.3466
43.7394,0.7614,3.28
43.7396,0.7454,3.2098
43.7398,0.7481,3.2211
43.7400,0.7587,3.2671
43.7402,0.7858,3.3838
43.7404,0.678,2.925
43.7406,0.6531,2.8188
43.7408,0.6123,2.6453
43.7410,0.5349,2.3107
43.7412,0.515,2.2226
43.7414,0.5351,2.3128
43.7416,0.4911,2.1226
43.7418,0.4837,2.0885
43.7420,0.4893,2.1148
43.7422,0.4899,2.1174
43.7424,0.4897,2.1154
43.7426,0.4881,2.1096
43.7428,0.4868,2.1039
43.7430,0.4925,2.1278
43.7432,0.4933,2.1299
43.7434,0.5336,2.3039
43.7436,0.5012,2.1651
43.7438,0.4979,2.1501
43.7440,0.5477,2.3628
43.7442,0.5905,2.5463
43.7444,0.6455,2.7836
43.7446,0.6015,2.5962
43.7448,0.6199,2.6705
43.7450,0.7184,3.085
43.7452,0.8646,3.7126
43.7454,0.8918,3.8277
43.7456,0.9165,3.93
43.7458,0.9674,4.15
43.7460,0.9961,4.2774
43.7462,0.9861,4.2263
43.7464,1.0603,4.5401
43.7466,1.1953,5.0991
43.7468,1.3603,5.8002
43.7470,1.3673,5.8495
43.7472,1.1712,5.0197
43.7474,1.1,4.7013
43.7476,1.22,5.2264
43.7478,1.1004,4.7055
43.7480,1.2429,5.3121
43.7482,1.2753,5.4581
43.7484,1.1955,5.1145
43.7486,1.2516,5.3545
43.7488,1.2008,5.1442
43.7490,1.1067,4.7477
43.7492,1.0598,4.5444
43.7494,1.0503,4.5059
43.7496,1.0369,4.4483
43.7498,1.0147,4.3572
43.7500,1.0034,4.3048
43.7502,0.9903,4.2462
43.7504,1.0731,4.6015
43.7506,1.0826,4.6508
43.7508,0.991,4.2493
43.7510,0.9934,4.2695
43.7512,0.9539,4.0943
43.7514,1.0416,4.4684
43.7516,1.0654,4.5728
43.7518,1.0483,4.4993
43.7520,1.0457,4.49
43.7522,0.9808,4.2174
43.7524,0.9314,4.0012
43.7526,0.9555,4.1067
43.7528,0.9393,4.0334
43.7530,0.9365,4.0253
43.7532,0.9546,4.105
43.7534,0.9234,3.9704
43.7536,0.891,3.8348
43.7538,0.8629,3.7106
43.7540,0.956,4.1049
43.7542,0.9639,4.1447
43.7544,0.9249,3.979
43.7546,0.9327,4.0125
43.7548,0.9001,3.8704
43.7550,0.9536,4.0965
43.7552,0.987,4.2383
43.7554,0.9994,4.2933
43.7556,0.9882,4.2414
43.7558,1.0913,4.6753
43.7560,1.1301,4.8389
43.7562,1.1319,4.8602
43.7564,1.0504,4.519
43.7566,0.9712,4.1761
43.7568,0.911,3.9173
43.7570,0.9497,4.0819
43.7572,0.9809,4.2159
43.7574,0.925,3.9832
43.7576,0.7864,3.3895
43.7578,0.7472,3.2235
43.7580,0.7681,3.3104
43.7582,0.7359,3.1719
43.7584,0.7047,3.0441
43.7586,0.6224,2.6863
43.7588,0.6629,2.8625
43.7590,0.6176,2.6681
43.7592,0.605,2.6137
43.7594,0.6066,2.6204
43.7596,0.6141,2.6518
43.7598,0.6146,2.6551
43.7600,0.5651,2.4423
43.7602,0.5055,2.1848
43.7604,0.4983,2.1547
43.7606,0.5223,2.2573
43.7608,0.5559,2.4002
43.7610,0.5614,2.424
43.7612,0.5665,2.4474
43.7614,0.5535,2.3932
43.7616,0.5499,2.3754
43.7618,0.5864,2.5287
43.7620,0.6113,2.6394
43.7622,0.5573,2.4053
43.7624,0.5513,2.3794
43.7626,0.5483,2.3676
43.7628,0.5524,2.3852
43.7630,0.559,2.4148
43.7632,0.5529,2.3884
43.7634,0.5526,2.3873
43.7636,0.5495,2.3728
43.7638,0.5747,2.478
43.7640,0.6395,2.7565
43.7642,0.6529,2.8151
43.7644,0.666,2.872
43.7646,0.7226,3.1131
43.7648,0.7877,3.3889
43.7650,0.8224,3.5429
43.7652,0.705,3.0414
43.7654,0.664,2.8619
43.7656,0.662,2.8531
43.7658,0.658,2.836
43.7660,0.7011,3.0188
43.7662,0.7435,3.2
43.7664,0.721,3.1073
43.7666,0.7344,3.1667
43.7668,0.7146,3.0757
43.7670,0.7525,3.2402
43.7672,0.7523,3.2377
43.7674,0.8017,3.4503
43.7676,0.75,3.2324
43.7678,0.6663,2.8704
43.7680,0.7039,3.0326
43.7682,0.7211,3.1093
43.7684,0.6726,2.8977
43.7686,0.7048,3.0348
43.7688,0.7618,3.2683
43.7690,1.017,4.3568
43.7692,1.069,4.5797
43.7694,0.9921,4.2639
43.7696,0.8695,3.732
43.7698,1.0579,4.5425
43.7700,0.9561,4.1073
43.7702,0.9362,4.0256
43.7704,0.8658,3.7195
43.7706,0.8406,3.6113
43.7708,0.8819,3.7903
43.7710,0.9068,3.9011
43.7712,0.8798,3.7797
43.7714,0.8858,3.8073
43.7716,0.8582,3.6922
43.7718,0.8114,3.4905
43.7720,0.8538,3.6731
43.7722,0.8369,3.597
43.7724,0.8788,3.7734
43.7726,0.8945,3.8444
43.7728,0.9304,3.9971
43.7730,0.9397,4.0349
43.7732,0.9349,4.0143
43.7734,0.9104,3.9147
43.7736,0.858,3.6826
43.7738,0.925,3.9813
43.7740,0.8457,3.6431
43.7742,0.8038,3.4564
43.7744,0.8267,3.5549
43.7746,0.8907,3.8266
43.7748,0.9359,4.0171
43.7750,0.9617,4.1373
43.7752,0.8965,3.8478
43.7754,0.9797,4.199
43.7756,1.0849,4.654
43.7758,1.0578,4.5505
43.7760,0.8849,3.8031
43.7762,0.8724,3.7478
43.7764,0.8837,3.798
43.7766,0.9062,3.9021
43.7768,0.8136,3.5019
43.7770,0.8543,3.6752
43.7772,0.89,3.8289
43.7774,0.8764,3.7648
43.7776,0.9194,3.9516
43.7778,0.9198,3.955
43.7780,0.9579,4.1151
43.7782,0.9389,4.0299
43.7784,0.9937,4.2611
43.7786,1.0918,4.6839
43.7788,1.1314,4.8491
43.7790,1.1085,4.7509
43.7792,1.1146,4.7816
43.7794,1.1142,4.7778
43.7796,1.1178,4.7888
43.7798,1.1435,4.9033
43.7800,1.1257,4.8294
43.7802,1.1209,4.8066
43.7804,1.1061,4.7362
43.7806,1.16,4.9696
43.7808,1.1814,5.061
43.7810,1.2036,5.144
43.7812,1.2569,5.3746
43.7814,1.3004,5.5685
43.7816,1.2741,5.4555
43.7818,1.2032,5.1521
43.7820,1.292,5.5274
43.7822,1.3025,5.5746
43.7824,1.2109,5.1922
43.7826,1.107,4.7426
43.7828,1.1476,4.9208
43.7830,1.1223,4.8145
43.7832,1.1316,4.8569
43.7834,1.0897,4.6703
43.7836,1.1225,4.8156
43.7838,1.1413,4.894
43.7840,1.1323,4.8555
43.7842,1.1261,4.831
43.7844,1.0897,4.6768
43.7846,1.0955,4.7064
43.7848,1.0311,4.4319
43.7850,1.0141,4.3546
43.7852,0.9963,4.2819
43.7854,0.9723,4.1788
43.7856,0.9598,4.1214
43.7858,1.0659,4.5685
43.7860,1.1525,4.9488
43.7862,1.1165,4.7943
43.7864,1.1043,4.7396
43.7866,1.1718,5.0199
43.7868,1.1839,5.0718
43.7870,1.194,5.1269
43.7872,1.0713,4.6045
43.7874,1.0334,4.4396
43.7876,1.0754,4.6156
43.7878,1.1508,4.9323
43.7880,1.2044,5.1596
43.7882,1.2138,5.207
43.7884,1.1442,4.9109
43.7886,1.1759,5.0445
43.7888,1.1669,5.0059
43.7890,1.1278,4.8495
43.7892,1.0322,4.4386
43.7894,1.0698,4.5914
43.7896,1.0985,4.7105
43.7898,1.1409,4.8943
43.7900,1.126,4.8192
43.7902,1.2458,5.3443
43.7904,1.1563,4.9768
43.7906,1.047,4.502
43.7908,1.0829,4.6501
43.7910,1.1393,4.8898
43.7912,1.0978,4.7184
43.7914,1.0793,4.6217
43.7916,1.2132,5.1971
43.7918,1.2464,5.3444
43.7920,1.1955,5.1336
43.7922,1.1458,4.9176
43.7924,1.0832,4.6512
43.7926,1.1251,4.8314
43.7928,1.1741,5.0367
43.7930,1.1844,5.0786
43.7932,1.1189,4.8113
43.7934,1.0141,4.3688
43.7936,0.955,4.1103
43.7938,0.9455,4.0677
43.7940,0.9676,4.1665
43.7942,0.9037,3.8931
43.7944,0.8507,3.6699
43.7946,0.8451,3.6439
43.7948,0.8793,3.7794
43.7950,0.996,4.2868
43.7952,0.9959,4.2823
43.7954,1.0393,4.4669
43.7956,0.97,4.1807
43.7958,0.8635,3.7218
43.7960,0.8732,3.7619
43.7962,0.8865,3.821
43.7964,0.9079,3.9112
43.7966,0.904,3.8892
43.7968,0.913,3.9352
43.7970,0.9056,3.8941
43.7972,1.0254,4.4051
43.7974,1.0158,4.374
43.7976,0.8449,3.6417
43.7978,0.8169,3.524
43.7980,0.8171,3.5251
43.7982,0.8133,3.5069
43.7984,0.8183,3.5286
43.7986,0.8122,3.499
43.7988,0.8247,3.5543
43.7990,0.8374,3.6108
43.7992,0.8335,3.5943
43.7994,0.8282,3.571
43.7996,0.8526,3.6748
43.7998,0.8654,3.7318
43.8000,0.8334,3.5904
43.8002,0.8286,3.5714
43.8004,0.8267,3.5631
43.8006,0.8843,3.8076
43.8008,0.8602,3.7073
43.8010,0.8447,3.6373
43.8012,0.9263,3.9833
43.8014,1.0013,4.3035
43.8016,0.9522,4.1004
43.8018,0.9267,3.9867
43.8020,0.9771,4.1994
43.8022,1.0311,4.4319
43.8024,1.0509,4.5211
43.8026,1.0578,4.5463
43.8028,1.0846,4.6465
43.8030,1.1918,5.1176
43.8032,1.1201,4.812
43.8034,1.0998,4.7249
43.8036,1.0455,4.4979
43.8038,0.9585,4.1176
43.8040,1.0862,4.6706
43.8042,1.0704,4.6046
43.8044,0.9702,4.1759
43.8046,0.9141,3.938
43.8048,0.908,3.9117
43.8050,0.9154,3.9419
43.8052,0.9391,4.0436
43.8054,0.9232,3.9754
43.8056,0.9201,3.962
43.8058,0.9412,4.051
43.8060,0.966,4.1598
43.8062,0.8779,3.782
43.8064,0.8493,3.6603
43.8066,0.8341,3.6002
43.8068,0.7505,3.239
43.8070,0.763,3.2841
43.8072,0.9105,3.9207
43.8074,0.8599,3.7114
43.8076,0.744,3.214
43.8078,0.659,2.8441
43.8080,0.6966,3.0066
43.8082,0.7069,3.0554
43.8084,0.6809,2.9415
43.8086,0.7012,3.0277
43.8088,0.7412,3.1991
43.8090,0.7825,3.3724
43.8092,0.8427,3.6268
43.8094,0.8616,3.7101
43.8096,0.8936,3.8408
43.8098,0.888,3.8343
43.8100,0.7598,3.2763
43.8102,0.8429,3.6177
43.8104,1.0136,4.3607
43.8106,0.9376,4.0318
43.8108,1.09,4.674
43.8110,1.2044,5.1717
43.8112,1.1163,4.7933
43.8114,1.0827,4.6556
43.8116,1.0201,4.3926
43.8118,0.9789,4.2052
43.8120,1.0431,4.4792
43.8122,1.0733,4.6047
43.8124,1.1374,4.8816
43.8126,1.093,4.6978
43.8128,1.0578,4.5505
43.8130,0.9989,4.2932
43.8132,1.0536,4.5198
43.8134,1.138,4.8887
43.8136,1.1122,4.7758
43.8138,1.1254,4.8324
43.8140,1.141,4.8856
43.8142,1.27,5.4381
43.8144,1.2721,5.4626
43.8146,1.1944,5.1242
43.8148,1.1893,5.0997
43.8150,1.1875,5.0991
43.8152,1.1452,4.9196
43.8154,1.144,4.9099
43.8156,1.1588,4.9668
43.8158,1.2661,5.4267
43.8160,1.2232,5.2525
43.8162,1.1695,5.0289
43.8164,1.0915,4.6911
43.8166,1.0885,4.6717
43.8168,1.1214,4.8087
43.8170,1.1526,4.9424
43.8172,1.182,5.0707
43.8174,1.2159,5.2211
43.8176,1.1598,4.9802
43.8178,1.1226,4.8251
43.8180,1.1085,4.762
43.8182,1.119,4.7962
43.8184,1.1847,5.1015
43.8186,0.9236,3.9807
43.8188,0.8964,3.8652
43.8190,0.9085,3.9156
43.8192,0.9168,3.9494
43.8194,0.9134,3.9331
43.8196,0.9247,3.9798
43.8198,0.9483,4.0796
43.8200,0.9904,4.2646
43.8202,0.9178,3.9522
43.8204,0.9231,3.9786
43.8206,0.9177,3.9572
43.8208,0.8641,3.7226
43.8210,0.8747,3.7663
43.8212,0.9247,3.9872
43.8214,0.8773,3.7795
43.8216,0.9323,4.0165
43.8218,0.7889,3.4035
43.8220,0.8088,3.4878
43.8222,0.8618,3.7111
43.8224,0.9303,4.0078
43.8226,0.8488,3.6599
43.8228,0.8668,3.7288
43.8230,0.8705,3.75
43.8232,0.8862,3.8195
43.8234,0.8717,3.7552
43.8236,0.857,3.699
43.8238,0.7803,3.3709
43.8240,0.7429,3.2049
43.8242,0.765,3.3001
43.8244,0.7702,3.3228
43.8246,0.7284,3.151
43.8248,0.7178,3.0953
43.8250,0.8041,3.4719
43.8252,0.7011,3.023
43.8254,0.7915,3.4159
43.8256,0.7196,3.1103
43.8258,0.669,2.8903
43.8260,0.672,2.8992
43.8262,0.7011,3.0272
43.8264,0.6622,2.8607
43.8266,0.6559,2.8372
43.8268,0.6595,2.8462
43.8270,0.7569,3.2654
43.8272,0.6861,2.9625
43.8274,0.6635,2.8664
43.8276,0.7079,3.0524
43.8278,0.7352,3.1762
43.8280,0.6216,2.6876
43.8282,0.5724,2.4774
43.8284,0.6451,2.7841
43.8286,0.7285,3.1443
43.8288,0.7218,3.1182
43.8290,0.6531,2.8227
43.8292,0.643,2.7779
43.8294,0.6454,2.7869
43.8296,0.638,2.7574
43.8298,0.6491,2.803
43.8300,0.7374,3.1767
43.8302,0.7853,3.3864
43.8304,0.7168,3.095
43.8306,0.6886,2.9706
43.8308,0.732,3.1534
43.8310,0.7846,3.3786
43.8312,0.8387,3.5997
43.8314,1.0602,4.5693
43.8316,0.8261,3.5605
43.8318,0.7886,3.3988
43.8320,0.8084,3.4841
43.8322,0.8017,3.4535
43.8324,0.8243,3.5544
43.8326,0.781,3.36
43.8328,0.8478,3.6592
43.8330,0.7686,3.314
43.8332,0.7951,3.4251
43.8334,0.8576,3.6879
43.8336,0.9003,3.8768
43.8338,0.8415,3.625
43.8340,0.8434,3.6316
43.8342,0.8445,3.6396
43.8344,0.7491,3.2333
43.8346,0.743,3.2069
43.8348,0.7449,3.2092
43.8350,0.7823,3.3719
43.8352,0.823,3.5438
43.8354,0.8893,3.8293
43.8356,0.8741,3.7655
43.8358,0.7723,3.3316
43.8360,0.7352,3.1732
43.8362,0.8024,3.4534
43.8364,0.8106,3.489
43.8366,0.8398,3.6178
43.8368,0.8707,3.7458
43.8370,0.9246,3.9756
43.8372,0.8931,3.8387
43.8374,0.9112,3.9256
43.8376,0.761,3.283
43.8378,0.6708,2.8967
43.8380,0.6651,2.8692
43.8382,0.6675,2.8809
43.8384,0.6681,2.8835
43.8386,0.662,2.8557
43.8388,0.6618,2.8552
43.8390,0.6642,2.8669
43.8392,0.6794,2.9321
43.8394,0.7159,3.0885
43.8396,0.7241,3.1208
43.8398,0.7382,3.1788
43.8400,0.7979,3.4391
43.8402,0.773,3.3301
43.8404,0.8133,3.5069
43.8406,0.6989,3.0178
43.8408,0.6577,2.8371
43.8410,0.7206,3.1087
43.8412,0.6605,2.8482
43.8414,0.6737,2.9064
43.8416,0.6439,2.7802
43.8418,0.6755,2.9142
43.8420,0.6415,2.7673
43.8422,0.6409,2.7711
43.8424,0.5532,2.3899
43.8426,0.5291,2.2858
43.8428,0.5264,2.2749
43.8430,0.5268,2.2791
43.8432,0.53,2.2894
43.8434,0.5547,2.3939
43.8436,0.6152,2.6565
43.8438,0.6433,2.7738
43.8440,0.7128,3.0708
43.8442,0.7485,3.2232
43.8444,0.8019,3.453
43.8446,0.8373,3.6002
43.8448,0.8808,3.7856
43.8450,0.8774,3.7712
43.8452,0.9198,3.9494
43.8454,0.9967,4.28
43.8456,0.9885,4.2405
43.8458,1.1164,4.7826
43.8460,1.1568,4.9534
43.8462,1.1301,4.8434
43.8464,1.1285,4.8368
43.8466,1.1002,4.7155
43.8468,1.1055,4.7447
43.8470,1.0705,4.5987
43.8472,1.0044,4.3029
43.8474,1.1683,4.9934
43.8476,1.2536,5.3677
43.8478,1.2436,5.3177
43.8480,1.261,5.397
43.8482,1.1762,5.0436
43.8484,1.0977,4.7113
43.8486,1.0959,4.6992
43.8488,1.1317,4.8574
43.8490,1.0275,4.4102
43.8492,1.0287,4.4092
43.8494,1.1066,4.7538
43.8496,1.0387,4.4622
43.8498,1.032,4.4272
43.8500,1.1614,4.9729
43.8502,1.2132,5.1996
43.8504,1.1907,5.1106
43.8506,1.0724,4.6048
43.8508,1.0257,4.4046
43.8510,1.018,4.3731
43.8512,1.0575,4.5156
43.8514,1.3205,5.6674
43.8516,1.0936,4.6982
43.8518,1.0886,4.67
43.8520,1.0753,4.6172
43.8522,1.0658,4.5701
43.8524,1.0886,4.6787
43.8526,1.0106,4.3417
43.8528,1.0606,4.5501
43.8530,1.103,4.7361
43.8532,1.0614,4.5532
43.8534,1.154,4.9508
43.8536,1.1448,4.9089
43.8538,1.137,4.8778
43.8540,1.1268,4.8453
43.8542,1.0084,4.338
43.8544,1.0031,4.3133
43.8546,1.0043,4.3164
43.8548,1.0181,4.3696
43.8550,1.0907,4.6814
43.8552,1.0513,4.5142
43.8554,1.0701,4.5972
43.8556,1.0767,4.6234
43.8558,1.0925,4.6957
43.8560,1.0253,4.4066
43.8562,0.9628,4.1458
43.8564,0.8404,3.6204
43.8566,0.856,3.6858
43.8568,0.8846,3.811
43.8570,0.8858,3.8179
43.8572,0.8208,3.5444
43.8574,0.7306,3.1516
43.8576,0.7472,3.2265
43.8578,0.7483,3.2267
43.8580,0.8105,3.4885
43.8582,0.8538,3.6748
43.8584,0.8288,3.5752
43.8586,0.7099,3.0655
43.8588,0.694,2.998
43.8590,0.6995,3.0204
43.8592,0.7051,3.0405
43.8594,0.729,3.1449
43.8596,0.6472,2.796
43.8598,0.6274,2.7068
43.8600,0.749,3.2253
43.8602,0.8459,3.639
43.8604,0.8662,3.7331
43.8606,0.7935,3.4232
43.8608,0.7712,3.3254
43.8610,0.7686,3.311
43.8612,0.8183,3.522
43.8614,0.8169,3.5224
43.8616,0.7656,3.3011
43.8618,0.7387,3.1853
43.8620,0.7316,3.1548
43.8622,0.7617,3.283
43.8624,0.7614,3.2876
43.8626,0.6714,2.8993
43.8628,0.6601,2.8488
43.8630,0.659,2.8428
43.8632,0.7578,3.2614
43.8634,0.8406,3.6231
43.8636,0.7773,3.3564
43.8638,0.69,2.9795
43.8640,0.6676,2.88
43.8642,0.6674,2.8803
43.8644,0.7079,3.0524
43.8646,0.7453,3.2122
43.8648,0.7502,3.2349
43.8650,0.7916,3.4101
43.8652,0.7782,3.3476
43.8654,0.8274,3.5613
43.8656,0.7975,3.445
43.8658,0.6659,2.8755
43.8660,0.6731,2.9052
43.8662,0.6604,2.849
43.8664,0.6749,2.9116
43.8666,0.7111,3.065
43.8668,0.7375,3.1816
43.8670,0.7445,3.2101
43.8672,0.7473,3.2225
43.8674,0.7548,3.2561
43.8676,0.7488,3.2257
43.8678,0.7527,3.2428
43.8680,0.7479,3.2191
43.8682,0.8104,3.4896
43.8684,0.8772,3.7719
43.8686,0.9702,4.1701
43.8688,0.9371,4.0297
43.8690,0.8873,3.8241
43.8692,0.7581,3.2691
43.8694,0.7491,3.2288
43.8696,0.7541,3.2485
43.8698,0.7579,3.2635
43.8700,0.831,3.5784
43.8702,0.8457,3.6397
43.8704,0.8674,3.7296
43.8706,0.8935,3.8492
43.8708,0.8355,3.5958
43.8710,0.8825,3.7964
43.8712,0.8629,3.7088
43.8714,0.8756,3.7687
43.8716,0.8681,3.7362
43.8718,0.9015,3.8748
43.8720,0.8746,3.7693
43.8722,0.8434,3.6248
43.8724,0.9217,3.9614
43.8726,0.8799,3.7855
43.8728,0.8663,3.7146
43.8730,1.1389,4.8951
43.8732,0.9665,4.156
43.8734,0.8991,3.8681
43.8736,0.8735,3.7559
43.8738,0.9626,4.139
43.8740,0.9272,3.9869
43.8742,0.8737,3.757
43.8744,0.8493,3.6569
43.8746,0.8368,3.6032
43.8748,0.7809,3.3689
43.8750,0.7098,3.0607
43.8752,0.6684,2.8904
43.8754,0.5637,2.435
43.8756,0.6024,2.5999
43.8758,0.5917,2.5585
43.8760,0.5211,2.2521
43.8762,0.5175,2.2356
43.8764,0.5264,2.276
43.8766,0.524,2.2656
43.8768,0.5459,2.3594
43.8770,0.5907,2.5485
43.8772,0.6601,2.8395
43.8774,0.7857,3.3785
43.8776,0.8377,3.6073
43.8778,0.8118,3.4958
43.8780,0.8393,3.609
43.8782,0.8496,3.655
43.8784,0.8459,3.639
43.8786,0.8911,3.8282
43.8788,0.9379,4.0234
43.8790,1.0134,4.3475
43.8792,1.0008,4.2975
43.8794,0.984,4.2254
43.8796,1.0297,4.4215
43.8798,1.0888,4.6667
43.8800,1.1181,4.7965
43.8802,1.085,4.648
43.8804,1.1548,4.9493
43.8806,1.1864,5.0755
43.8808,1.2199,5.2259
43.8810,1.2261,5.2526
43.8812,1.2052,5.1681
43.8814,1.1748,5.0328
43.8816,1.1863,5.0797
43.8818,1.1249,4.8281
43.8820,0.9997,4.2908
43.8822,1.0196,4.3803
43.8824,1.0219,4.3901
43.8826,1.023,4.3989
43.8828,1.0092,4.3335
43.8830,1.0266,4.4082
43.8832,1.0298,4.4138
43.8834,1.0672,4.5848
43.8836,1.009,4.3305
43.8838,1.0411,4.4767
43.8840,0.9869,4.2377
43.8842,1.0424,4.474
43.8844,1.0283,4.4174
43.8846,1.011,4.3453
43.8848,0.9731,4.1863
43.8850,0.8636,3.7188
43.8852,0.834,3.593
43.8854,0.8501,3.6588
43.8856,0.8333,3.5916
43.8858,0.7965,3.4329
43.8860,0.8298,3.5699
43.8862,0.8918,3.8366
43.8864,0.9256,3.9821
43.8866,0.9352,4.0196
43.8868,0.9165,3.9447
43.8870,0.9006,3.8761
43.8872,0.8976,3.8596
43.8874,0.9542,4.0972
43.8876,1.0241,4.4035
43.8878,0.9779,4.2011
43.8880,0.957,4.1191
43.8882,0.841,3.628
43.8884,0.7535,3.2489
43.8886,0.7407,3.1956
43.8888,0.7189,3.1029
43.8890,0.7304,3.1482
43.8892,0.7969,3.4329
43.8894,0.8405,3.6242
43.8896,0.714,3.0802
43.8898,0.6585,2.8407
43.8900,0.7502,3.2394
43.8902,0.6753,2.9172
43.8904,0.6422,2.7691
43.8906,0.743,3.2039
43.8908,0.7586,3.2681
43.8910,0.8441,3.6313
43.8912,0.8097,3.4865
43.8914,0.7796,3.3632
43.8916,0.6979,3.0137
43.8918,0.6573,2.8356
43.8920,0.7118,3.0666
43.8922,0.7767,3.3492
43.8924,0.75,3.2324
43.8926,0.747,3.2195
43.8928,0.7533,3.2454
43.8930,0.7394,3.1677
43.8932,0.9957,4.2893
43.8934,0.808,3.4825
43.8936,0.8001,3.45
43.8938,0.7036,3.0366
43.8940,0.6948,3.0002
43.8942,0.6922,2.9861
43.8944,0.7199,3.1013
43.8946,0.7386,3.1818
43.8948,0.7705,3.3254
43.8950,0.6496,2.8064
43.8952,0.5804,2.5063
43.8954,0.5856,2.5298
43.8956,0.5746,2.4821
43.8958,0.5771,2.493
43.8960,0.6296,2.7173
43.8962,0.6267,2.7062
43.8964,0.5773,2.4929
43.8966,0.5728,2.4755
43.8968,0.5708,2.4626
43.8970,0.6319,2.7284
43.8972,0.5798,2.5037
43.8974,0.5684,2.4557
43.8976,0.5705,2.4645
43.8978,0.573,2.4742
43.8980,0.5719,2.4696
43.8982,0.5736,2.478
43.8984,0.5743,2.4799
43.8986,0.5672,2.4505
43.8988,0.5653,2.4434
43.8990,0.5648,2.4413
43.8992,0.5663,2.4464
43.8994,0.5678,2.452
43.8996,0.5696,2.4586
43.8998,0.5662,2.4436
43.9000,0.5828,2.5155
43.9002,0.6413,2.7655
43.9004,0.6874,2.9585
43.9006,0.7441,3.2071
43.9008,0.703,3.0312
43.9010,0.6966,3.0024
43.9012,0.756,3.2567
43.9014,0.7204,3.1004
43.9016,0.7616,3.2795
43.9018,0.7833,3.3729
43.9020,0.7947,3.4172
43.9022,0.8285,3.5609
43.9024,0.9232,3.9607
43.9026,0.9368,4.0244
43.9028,0.8954,3.8503
43.9030,0.85,3.6566
43.9032,0.7713,3.3244
43.9034,0.7012,3.0221
43.9036,0.7138,3.0763
43.9038,0.7017,3.0241
43.9040,0.6934,2.9899
43.9042,0.6887,2.9683
43.9044,0.7339,3.1617
43.9046,0.7345,3.1613
43.9048,0.7772,3.345
43.9050,0.7641,3.2964
43.9052,0.6991,3.0133
43.9054,0.7172,3.0885
43.9056,0.7037,3.0329
43.9058,0.6603,2.8485
43.9060,0.6005,2.5892
43.9062,0.5795,2.4999
43.9064,0.6393,2.7567
43.9066,0.7285,3.1399
43.9068,0.6244,2.6988
43.9070,0.5478,2.3644
43.9072,0.5541,2.3924
43.9074,0.5141,2.22
43.9076,0.511,2.2076
43.9078,0.5047,2.1801
43.9080,0.5111,2.2071
43.9082,0.5332,2.3013
43.9084,0.597,2.573
43.9086,0.6411,2.7632
43.9088,0.6535,2.8164
43.9090,0.6531,2.8162
43.9092,0.647,2.7872
43.9094,0.6665,2.8781
43.9096,0.543,2.347
43.9098,0.5201,2.247
43.9100,0.5169,2.2299
43.9102,0.5927,2.5568
43.9104,0.6331,2.7222
43.9106,0.7885,3.3857
43.9108,0.9022,3.8725
43.9110,0.9537,4.0913
43.9112,0.9621,4.1254
43.9114,1.0224,4.3881
43.9116,0.9807,4.209
43.9118,0.9948,4.2618
43.9120,1.0957,4.6916
43.9122,1.1503,4.9211
43.9124,1.1586,4.9611
43.9126,1.1092,4.7518
43.9128,1.1006,4.7104
43.9130,1.0955,4.6911
43.9132,1.1144,4.7717
43.9134,1.1429,4.8939
43.9136,1.1795,5.041
43.9138,1.2231,5.2373
43.9140,1.0713,4.5938
43.9142,0.9906,4.2497
43.9144,1.0635,4.5625
43.9146,1.0274,4.4056
43.9148,1.1778,5.0527
43.9150,1.0594,4.5323
43.9152,1.1598,4.9686
43.9154,1.1666,4.9978
43.9156,1.1652,4.9917
43.9158,1.1229,4.8171
43.9160,1.0621,4.5521
43.9162,1.0833,4.643
43.9164,1.2545,5.3744
43.9166,1.1889,5.0839
43.9168,1.287,5.5007
43.9170,1.2609,5.3991
43.9172,1.1906,5.1077
43.9174,1.1103,4.7653
43.9176,1.0356,4.4447
43.9178,1.0355,4.4442
43.9180,1.0251,4.3979
43.9182,1.0709,4.5922
43.9184,1.1056,4.7452
43.9186,1.0298,4.4241
43.9188,0.9544,4.104
43.9190,0.9423,4.05
43.9192,0.9411,4.043
43.9194,0.9773,4.2005
43.9196,0.9518,4.0907
43.9198,0.9296,3.9935
43.9200,1.0248,4.3963
43.9202,1.0057,4.3206
43.9204,0.9538,4.1014
43.9206,0.959,4.1235
43.9208,0.9446,4.0617
43.9210,0.9659,4.1515
43.9212,0.9713,4.1689
43.9214,1.0088,4.34
43.9216,0.8856,3.8098
43.9218,0.9296,3.9991
43.9220,0.9105,3.9152
43.9222,0.8979,3.8629
43.9224,0.8972,3.8634
43.9226,0.8533,3.6761
43.9228,0.753,3.2468
43.9230,0.7398,3.187
43.9232,0.8056,3.4673
43.9234,0.8351,3.5976
43.9236,0.7943,3.422
43.9238,0.7839,3.3786
43.9240,0.7915,3.4096
43.9242,0.7683,3.3145
43.9244,0.7089,3.058
43.9246,0.6955,2.9964
43.9248,0.76,3.2743
43.9250,0.7756,3.343
43.9252,0.7291,3.1454
43.9254,0.6949,3.0008
43.9256,0.6729,2.9015
43.9258,0.6791,2.9283
43.9260,0.6889,2.9707
43.9262,0.7017,3.0227
43.9264,0.7633,3.2867
43.9266,0.7502,3.2394
43.9268,0.6307,2.7245
43.9270,0.6399,2.758
43.9272,0.734,3.1637
43.9274,0.6929,2.9906
43.9276,0.6488,2.7988
43.9278,0.644,2.7769
43.9280,0.6517,2.8126
43.9282,0.6541,2.8229
43.9284,0.6526,2.8154
43.9286,0.6491,2.8017
43.9288,0.6759,2.9184
43.9290,0.6505,2.8048
43.9292,0.6518,2.8105
43.9294,0.6609,2.8511
43.9296,0.6676,2.8747
43.9298,0.7821,3.3678
43.9300,0.8003,3.4526
43.9302,0.7056,3.0398
43.9304,0.7544,3.2485
43.9306,0.777,3.344
43.9308,0.8218,3.537
43.9310,0.8285,3.5643
43.9312,0.8801,3.7896
43.9314,0.862,3.7116
43.9316,0.8202,3.5303
43.9318,0.8554,3.6781
43.9320,0.8365,3.6005
43.9322,0.8782,3.776
43.9324,0.9261,3.9823
43.9326,0.9054,3.8967
43.9328,0.8309,3.5729
43.9330,0.9038,3.8864
43.9332,0.9516,4.0921
43.9334,0.8706,3.7453
43.9336,0.8669,3.7276
43.9338,0.887,3.8142
43.9340,0.9033,3.8843
43.9342,0.8756,3.767
43.9344,0.8805,3.7864
43.9346,0.9582,4.107
43.9348,1.1881,5.0827
43.9350,1.2352,5.3015
43.9352,1.0225,4.3927
43.9354,0.9341,4.015
43.9356,0.9325,4.0077
43.9358,0.9409,4.04
43.9360,0.9895,4.2491
43.9362,1.0217,4.3891
43.9364,1.0351,4.4468
43.9366,0.9961,4.2754
43.9368,1.0411,4.4663
43.9370,1.0725,4.5989
43.9372,1.0501,4.486
43.9374,1.2036,5.1681
43.9376,1.0986,4.7154
43.9378,1.0985,4.7171
43.9380,1.0036,4.3214
43.9382,0.8495,3.6579
43.9384,0.7989,3.4416
43.9386,0.7252,3.1283
43.9388,0.7201,3.1095
43.9390,0.6665,2.8754
43.9392,0.6512,2.8118
43.9394,0.63,2.7189
43.9396,0.6933,2.988
43.9398,0.7794,3.3497
43.9400,0.8718,3.747
43.9402,0.8726,3.7645
43.9404,0.6783,2.9274
43.9406,0.6529,2.8164
43.9408,0.6515,2.8146
43.9410,0.5676,2.4521
43.9412,0.593,2.5607
43.9414,0.5439,2.3484
43.9416,0.574,2.4807
43.9418,0.5369,2.3184
43.9420,0.537,2.32
43.9422,0.5708,2.4683
43.9424,0.526,2.2744
43.9426,0.5137,2.2221
43.9428,0.511,2.2076
43.9430,0.5719,2.4684
43.9432,0.5762,2.4882
43.9434,0.5942,2.5587
43.9436,0.6868,2.9573
43.9438,0.7532,3.2418
43.9440,0.7743,3.3404
43.9442,0.7071,3.046
43.9444,0.7946,3.4199
43.9446,0.8347,3.5844
43.9448,0.8913,3.831
43.9450,0.8424,3.6207
43.9452,0.8999,3.8676
43.9454,0.9302,3.9961
43.9456,0.9885,4.2425
43.9458,1.0151,4.3587
43.9460,0.9708,4.1668
43.9462,0.9917,4.2564
43.9464,1.0072,4.3207
43.9466,1.0172,4.366
43.9468,1.0151,4.3506
43.9470,1.0379,4.4586
43.9472,0.9821,4.2191
43.9474,1.0371,4.4472
43.9476,1.1104,4.7569
43.9478,1.1057,4.7391
43.9480,1.0754,4.6134
43.9482,1.0376,4.4535
43.9484,1.0352,4.4411
43.9486,1.0735,4.6095
43.9488,1.0229,4.3942
43.9490,0.9708,4.1726
43.9492,0.9662,4.1525
43.9494,0.9609,4.1279
43.9496,0.9644,4.1371
43.9498,1.0279,4.4159
43.9500,1.009,4.3345
43.9502,0.9793,4.2073
43.9504,1.0317,4.4262
43.9506,1.0789,4.6305
43.9508,1.0905,4.6782
43.9510,1.0893,4.6665
43.9512,1.1268,4.8273
43.9514,1.1305,4.8523
43.9516,1.0452,4.4901
43.9518,1.0922,4.6854
43.9520,1.123,4.8154
43.9522,1.0801,4.6335
43.9524,1.0548,4.5249
43.9526,1.0744,4.605
43.9528,1.0876,4.6659
43.9530,1.0617,4.5633
43.9532,0.9427,4.0591
43.9534,0.9178,3.9485
43.9536,0.9618,4.1301
43.9538,0.9683,4.1618
43.9540,0.9808,4.2154
43.9542,0.9904,4.2566
43.9544,0.9409,4.0495
43.9546,0.9211,3.9661
43.9548,0.9332,4.0071
43.9550,1.066,4.5669
43.9552,1.1231,4.8271
43.9554,1.0274,4.4097
43.9556,1.0121,4.3479
43.9558,0.9907,4.2641
43.9560,0.9224,3.9644
43.9562,0.8984,3.8704
43.9564,0.8582,3.6784
43.9566,1.117,4.8008
43.9568,0.8719,3.7614
43.9570,0.7529,3.2508
43.9572,0.6852,2.9533
43.9574,0.7548,3.2516
43.9576,0.7682,3.314
43.9578,0.8295,3.5783
43.9580,0.7503,3.2369
43.9582,0.6827,2.9521
43.9584,0.5442,2.35
43.9586,0.6146,2.6563
43.9588,0.6508,2.8102
43.9590,0.6555,2.8291
43.9592,0.6798,2.9247
43.9594,0.7506,3.2455
43.9596,0.5993,2.5888
43.9598,0.6283,2.7116
43.9600,0.675,2.9148
43.9602,0.6463,2.7906
43.9604,0.6181,2.6714
43.9606,0.5812,2.5094
43.9608,0.5802,2.5053
43.9610,0.5947,2.5691
43.9612,0.5942,2.5682
43.9614,0.6219,2.683
43.9616,0.6863,2.9594
43.9618,0.6539,2.8198
43.9620,0.6487,2.7983
43.9622,0.6386,2.7549
43.9624,0.6755,2.9142
43.9626,0.6778,2.9267
43.9628,0.6572,2.8364
43.9630,0.6656,2.8752
43.9632,0.5922,2.5571
43.9634,0.5761,2.49
43.9636,0.5714,2.4698
43.9638,0.5761,2.4877
43.9640,0.615,2.6517
43.9642,0.6592,2.8438
43.9644,0.6608,2.8492
43.9646,0.6965,3.0047
43.9648,0.685,2.9523
43.9650,0.7065,3.0448
43.9652,0.7326,3.156
43.9654,0.6964,3.0084
43.9656,0.5819,2.516
43.9658,0.57,2.4624
43.9660,0.5696,2.4586
43.9662,0.5936,2.5633
43.9664,0.6682,2.8813
43.9666,0.6895,2.9719
43.9668,0.6786,2.9249
43.9670,0.6865,2.9577
43.9672,0.6843,2.9492
43.9674,0.7115,3.0665
43.9676,0.7276,3.1372
43.9678,0.6833,2.9464
43.9680,0.7223,3.1072
43.9682,0.8525,3.6623
43.9684,0.9145,3.9286
43.9686,0.9303,3.9947
43.9688,0.9279,3.99
43.9690,0.8389,3.6125
43.9692,0.7259,3.1314
43.9694,0.6602,2.848
43.9696,0.6254,2.6992
43.9698,0.629,2.7122
43.9700,0.6868,2.9573
43.9702,0.7294,3.1377
43.9704,0.7774,3.3492
43.9706,0.7472,3.2205
43.9708,0.7198,3.0993
43.9710,0.8445,3.6329
43.9712,0.874,3.7545
43.9714,0.9225,3.9631
43.9716,0.8591,3.6958
43.9718,0.8289,3.5658
43.9720,0.8042,3.4676
43.9722,0.6942,2.9907
43.9724,0.7387,3.1779
43.9726,0.8416,3.6205
43.9728,0.8765,3.7653
43.9730,0.8556,3.6808
43.9732,0.8181,3.521
43.9734,0.8229,3.5384
43.9736,0.8135,3.5014
43.9738,0.7789,3.3569
43.9740,0.72,3.1003
43.9742,0.7604,3.2789
43.9744,0.7138,3.0778
43.9746,0.6308,2.7225
43.9748,0.5592,2.4147
43.9750,0.5584,2.4133
43.9752,0.5928,2.5585
43.9754,0.5826,2.5156
43.9756,0.5382,2.3262
43.9758,0.5419,2.3401
43.9760,0.7376,3.1821
43.9762,0.5967,2.5744
43.9764,0.6482,2.7924
43.9766,0.7476,3.2161
43.9768,0.7855,3.3791
43.9770,0.7724,3.3275
43.9772,0.7814,3.36
43.9774,0.8736,3.753
43.9776,1.0206,4.3743
43.9778,1.0959,4.7036
43.9780,0.974,4.1821
43.9782,0.9955,4.2688
43.9784,0.9856,4.2321
43.9786,0.9686,4.157
43.9788,1.0319,4.4246
43.9790,1.0292,4.4174
43.9792,0.9951,4.2728
43.9794,0.9677,4.1534
43.9796,1.031,4.4045
43.9798,1.1642,4.9876
43.9800,1.144,4.8985
43.9802,1.1703,5.0185
43.9804,1.0937,4.6877
43.9806,1.1104,4.7614
43.9808,1.0755,4.6075
43.9810,1.1009,4.7164
43.9812,1.146,4.9072
43.9814,1.1278,4.8292
43.9816,1.1061,4.7495
43.9818,1.0492,4.5139
43.9820,0.9331,4.0084
43.9822,0.9646,4.1458
43.9824,0.9785,4.1998
43.9826,1.0123,4.3428
43.9828,1.0214,4.3819
43.9830,1.0762,4.6235
43.9832,0.9809,4.2159
43.9834,0.9387,4.0383
43.9836,0.907,3.8985
43.9838,1.0301,4.421
43.9840,1.0614,4.5553
43.9842,1.0284,4.4179
43.9844,0.9852,4.2325
43.9846,1.0009,4.296
43.9848,1.0451,4.4958
43.9850,0.9132,3.9284
43.9852,0.8941,3.8428
43.9854,0.9074,3.9018
43.9856,0.9246,3.9756
43.9858,0.9038,3.8773
43.9860,0.9707,4.1682
43.9862,0.9889,4.2505
43.9864,0.9677,4.165
43.9866,0.9123,3.923
43.9868,0.9314,4.0012
43.9870,0.8955,3.8544
43.9872,0.8892,3.8235
43.9874,0.9653,4.1489
43.9876,0.9693,4.1659
43.9878,0.9857,4.2306
43.9880,1.0021,4.3071
43.9882,0.9007,3.8802
43.9884,0.7996,3.4463
43.9886,0.7604,3.2743
43.9888,0.7871,3.3926
43.9890,0.7761,3.3451
43.9892,0.8115,3.4943
43.9894,0.8513,3.664
43.9896,0.8761,3.7708
43.9898,0.8869,3.8119
43.9900,0.8557,3.6882
43.9902,0.7772,3.3466
43.9904,0.7912,3.4054
43.9906,0.8289,3.5708
43.9908,0.7734,3.3363
43.9910,0.7885,3.3951
43.9912,0.7924,3.409
43.9914,0.8259,3.5546
43.9916,0.8019,3.4578
43.9918,0.7569,3.2639
43.9920,0.7262,3.1301
43.9922,0.738,3.1778
43.9924,0.8316,3.5777
43.9926,0.8978,3.8606
43.9928,0.9068,3.8993
43.9930,0.9249,3.9753
43.9932,0.9351,4.0228
43.9934,0.8834,3.8005
43.9936,0.8885,3.8204
43.9938,0.931,4.0015
43.9940,0.9165,3.9502
43.9942,0.7819,3.3714
43.9944,0.7541,3.2485
43.9946,0.7875,3.3894
43.9948,0.8147,3.5066
43.9950,0.8061,3.471
43.9952,0.7814,3.3678
43.9954,0.7092,3.0581
43.9956,0.6987,3.014
43.9958,0.714,3.0759
43.9960,0.831,3.5684
43.9962,0.9382,4.04
43.9964,0.7548,3.2546
43.9966,0.6849,2.9545
43.9968,0.6836,2.9502
43.9970,0.6786,2.9276
43.9972,0.8964,3.8598
43.9974,0.7608,3.2789
43.9976,0.7553,3.2566
43.9978,0.7099,3.0626
43.9980,0.655,2.8244
43.9982,0.6502,2.805
43.9984,0.6512,2.8118
43.9986,0.6548,2.8286
43.9988,0.6521,2.8133
43.9990,0.663,2.8564
43.9992,0.7762,3.3378
43.9994,0.8471,3.6442
43.9996,0.8168,3.5153
43.9998,0.7767,3.3445
44.0000,0.7569,3.2593
44.0002,0.7597,3.2727
44.0004,0.7548,3.2516
44.0006,0.7681,3.3058
44.0008,0.8169,3.5126
44.0010,0.8883,3.8163
44.0012,0.9405,4.0366
44.0014,1.0027,4.3077
44.0016,0.9732,4.1791
44.0018,0.9536,4.1061
44.0020,0.8078,3.4831
44.0022,0.7617,3.28
44.0024,0.8103,3.4859
44.0026,0.8344,3.5912
44.0028,0.8148,3.512
44.0030,0.7421,3.1953
44.0032,0.7324,3.1564
44.0034,0.7339,3.1661
44.0036,0.7326,3.1589
44.0038,0.7249,3.1244
44.0040,0.7284,3.1408
44.0042,0.7172,3.0899
44.0044,0.7615,3.2805
44.0046,0.7823,3.3657
44.0048,0.8476,3.6463
44.0050,0.7988,3.4427
44.0052,0.7617,3.283
44.0054,0.7355,3.1728
44.0056,0.6981,3.0072
44.0058,0.7252,3.124
44.0060,0.7704,3.3141
44.0062,0.8223,3.5424
44.0064,0.7599,3.2738
44.0066,0.7395,3.186
44.0068,0.705,3.0428
44.0070,0.6469,2.7906
44.0072,0.6714,2.8993
44.0074,0.5607,2.422
44.0076,0.5246,2.2672
44.0078,0.5648,2.4379
44.0080,0.5734,2.4781
44.0082,0.5063,2.1884
44.0084,0.5105,2.2065
44.0086,0.5374,2.3226
44.0088,0.5358,2.3137
44.0090,0.5116,2.2112
44.0092,0.5626,2.4247
44.0094,0.6925,2.9835
44.0096,0.7276,3.1329
44.0098,0.7037,3.0287
44.0100,0.7545,3.249
44.0102,0.8193,3.5278
44.0104,0.8337,3.5814
44.0106,0.9325,4.004
44.0108,0.9418,4.0404
44.0110,0.9859,4.2277
44.0112,1.0099,4.3346
44.0114,1.0165,4.3608
44.0116,1.0128,4.349
44.0118,1.0218,4.3876
44.0120,1.0887,4.664
44.0122,1.1748,5.021
44.0124,1.2634,5.3997
44.0126,1.2979,5.5473
44.0128,1.313,5.6119
44.0130,1.3466,5.7554
44.0132,1.328,5.6813
44.0134,1.2634,5.4098
44.0136,1.1713,5.0272
44.0138,1.0955,4.6954
44.0140,1.1094,4.7528
44.0142,1.1495,4.9244
44.0144,1.1617,4.9768
44.0146,1.1513,4.939
44.0148,1.169,5.0128
44.0150,1.1745,5.0317
44.0152,1.1452,4.9128
44.0154,1.1114,4.7677
44.0156,1.0837,4.6467
44.0158,1.1061,4.734
44.0160,1.2491,5.3537
44.0162,1.1855,5.0856
44.0164,1.1382,4.8761
44.0166,1.1823,5.0368
44.0168,1.3941,5.9862
44.0170,1.0417,4.4751
44.0172,0.9808,4.2154
44.0174,1.0263,4.4071
44.0176,1.0686,4.5884
44.0178,0.985,4.2374
44.0180,0.9093,3.9119
44.0182,0.8856,3.8116
44.0184,0.9038,3.8864
44.0186,0.9393,4.0334
44.0188,0.9981,4.2956
44.0190,0.872,3.755
44.0192,0.8686,3.74
44.0194,0.8542,3.6798
44.0196,0.8292,3.5723
44.0198,0.8271,3.563
44.0200,0.8115,3.4943
44.0202,0.8079,3.4788
44.0204,0.8132,3.4999
44.0206,0.8226,3.5423
44.0208,0.8496,3.6618
44.0210,0.8109,3.4901
44.0212,0.854,3.6707
44.0214,0.9169,3.9462
44.0216,0.8779,3.7785
44.0218,0.8804,3.7894
44.0220,0.8087,3.4856
44.0222,0.7881,3.3983
44.0224,0.7175,3.0981
44.0226,0.6665,2.8754
44.0228,0.7406,3.1921
44.0230,0.7853,3.377
44.0232,0.874,3.7667
44.0234,0.7719,3.3239
44.0236,0.8223,3.5374
44.0238,0.8417,3.6244
44.0240,0.8099,3.4956
44.0242,0.69,2.9809
44.0244,0.6199,2.6767
44.0246,0.6296,2.7186
44.0248,0.6229,2.6921
44.0250,0.5354,2.3159
44.0252,0.5182,2.2418
44.0254,0.5169,2.233
44.0256,0.5732,2.4776
44.0258,0.573,2.4777
44.0260,0.5652,2.4417
44.0262,0.5857,2.5279
44.0264,0.6306,2.7253
44.0266,0.5844,2.5246
44.0268,0.5704,2.4651
44.0270,0.5677,2.4537
44.0272,0.5688,2.4572
44.0274,0.5696,2.462
44.0276,0.5705,2.4645
44.0278,0.5707,2.4644
44.0280,0.6083,2.6228
44.0282,0.6472,2.7934
44.0284,0.6107,2.6368
44.0286,0.5933,2.5605
44.0288,0.5856,2.5298
44.0290,0.5722,2.4729
44.0292,0.5873,2.5347
44.0294,0.6346,2.7365
44.0296,0.6767,2.9153
44.0298,0.6981,3.0072
44.0300,0.7091,3.0562
44.0302,0.7188,3.0995
44.0304,0.718,3.0901
44.0306,0.7827,3.3703
44.0308,0.7201,3.1066
44.0310,0.7147,3.0833
44.0312,0.722,3.1105
44.0314,0.7682,3.3079
44.0316,0.7913,3.4059
44.0318,0.7873,3.3884
44.0320,0.8,3.4479
44.0322,0.7744,3.3316
44.0324,0.8292,3.5657
44.0326,0.8011,3.4525
44.0328,0.7156,3.0841
44.0330,0.7078,3.0491
44.0332,0.7762,3.3409
44.0334,0.7792,3.3569
44.0336,0.7756,3.3399
44.0338,0.8241,3.5402
44.0340,0.935,4.0148
44.0342,0.9851,4.232
44.0344,0.9327,4.005
44.0346,0.9297,3.9884
44.0348,1.0265,4.4076
44.0350,0.9628,4.1381
44.0352,0.9165,3.9392
44.0354,0.8707,3.7493
44.0356,0.7809,3.3657
44.0358,0.7473,3.2195
44.0360,0.712,3.07
44.0362,0.6518,2.8105
44.0364,0.636,2.7397
44.0366,0.7123,3.0659
44.0368,0.7766,3.3456
44.0370,0.7284,3.1423
44.0372,0.6889,2.9707
44.0374,0.7112,3.0626
44.0376,0.6936,2.9923
44.0378,0.6507,2.8032
44.0380,0.7132,3.0709
44.0382,0.7527,3.2458
44.0384,0.7274,3.1382
44.0386,0.6623,2.8573
44.0388,0.6309,2.7218
44.0390,0.609,2.6295
44.0392,0.6656,2.8673
44.0394,0.753,3.2438
44.0396,0.6671,2.8766
44.0398,0.6137,2.6522
44.0400,0.5194,2.2438
44.0402,0.5113,2.2086
44.0404,0.5086,2.1993
44.0406,0.5038,2.1795
44.0408,0.4596,1.9854
44.0410,0.4493,1.9435
44.0412,0.4291,1.8564
44.0414,0.4295,1.8554
44.0416,0.4924,2.1263
44.0418,0.5006,2.1625
44.0420,0.4941,2.1336
44.0422,0.5434,2.3463
44.0424,0.5784,2.4952
44.0426,0.5842,2.5177
44.0428,0.7065,3.0406
44.0430,0.7578,3.2614
44.0432,0.7797,3.3512
44.0434,0.8015,3.4466
44.0436,0.8057,3.4663
44.0438,0.7556,3.2522
44.0440,0.7841,3.375
44.0442,0.8292,3.5591
44.0444,0.94,4.0308
44.0446,1.0156,4.3527
44.0448,1.0302,4.4195
44.0450,0.9847,4.2265
44.0452,0.911,3.9173
44.0454,0.9297,3.9903
44.0456,1.0458,4.4801
44.0458,1.0909,4.6732
44.0460,1.11,4.7487
44.0462,1.1448,4.8952
44.0464,1.1733,5.0196
44.0466,1.2042,5.1538
44.0468,1.1398,4.8919
44.0470,1.0321,4.4298
44.0472,0.9881,4.2409
44.0474,0.9917,4.2524
44.0476,0.9957,4.2773
44.0478,0.9608,4.1178
44.0480,1.0292,4.4174
44.0482,0.984,4.2293
44.0484,0.9593,4.1174
44.0486,1.0115,4.3413
44.0488,0.9718,4.1729
44.0490,1.0057,4.3146
44.0492,1.0552,4.5228
44.0494,1.0098,4.3361
44.0496,0.973,4.18
44.0498,0.972,4.1797
44.0500,0.9009,3.8668
44.0502,0.9756,4.1894
44.0504,1.0219,4.386
44.0506,1.0391,4.4555
44.0508,1.0247,4.3958
44.0510,1.0457,4.4858
44.0512,1.0455,4.4895
44.0514,1.0297,4.4236
44.0516,1.0272,4.4128
44.0518,0.9521,4.0903
44.0520,0.9246,3.9737
44.0522,0.8804,3.7858
44.0524,0.903,3.8737
44.0526,1.0287,4.4154
44.0528,1.0486,4.505
44.0530,0.9851,4.2359
44.0532,0.8823,3.7941
44.0534,0.8817,3.7915
44.0536,0.9019,3.8781
44.0538,0.9012,3.875
44.0540,0.8524,3.6686
44.0542,0.8178,3.5167
44.0544,0.9055,3.8936
44.0546,0.9256,3.9765
44.0548,0.9189,3.9513
44.0550,0.9011,3.8763
44.0552,0.8887,3.8232
44.0554,0.8823,3.7923
44.0556,0.8853,3.807
44.0558,0.8958,3.8518
44.0560,0.9157,3.9356
44.0562,0.8598,3.7023
44.0564,0.807,3.4768
44.0566,0.8192,3.5257
44.0568,0.821,3.5318
44.0570,0.8099,3.4843
44.0572,0.811,3.4922
44.0574,0.7961,3.4345
44.0576,0.7259,3.13
44.0578,0.7038,3.0334
44.0580,0.699,3.0128
44.0582,0.6961,3.0004
44.0584,0.6983,3.0111
44.0586,0.7222,3.1111
44.0588,0.7765,3.3466
44.0590,0.743,3.2009
44.0592,0.828,3.5622
44.0594,0.9006,3.8707
44.0596,0.8814,3.7882
44.0598,0.9183,3.9488
44.0600,0.8514,3.6645
44.0602,0.8247,3.5494
44.0604,0.8389,3.6108
44.0606,0.8484,3.6499
44.0608,0.8353,3.5937
44.0610,0.816,3.5122
44.0612,0.8168,3.5153
44.0614,0.8201,3.5281
44.0616,0.8196,3.5261
44.0618,0.8208,3.5312
44.0620,0.8183,3.5253
44.0622,0.8129,3.5021
44.0624,0.8223,3.5358
44.0626,0.8918,3.8366
44.0628,0.905,3.8933
44.0630,0.8858,3.8055
44.0632,0.8973,3.8603
44.0634,0.8501,3.6554
44.0636,0.8923,3.8351
44.0638,0.8955,3.8508
44.0640,0.9195,3.9576
44.0642,0.8718,3.7505
44.0644,0.8845,3.8069
44.0646,0.8767,3.7681
44.0648,0.9277,3.9945
44.0650,0.769,3.3115
44.0652,0.7639,3.2893
44.0654,0.8513,3.6623
44.0656,0.8777,3.781
44.0658,0.815,3.5043
44.0660,0.8979,3.8557
44.0662,0.9586,4.1162
44.0664,0.9031,3.8869
44.0666,0.8133,3.5069
44.0668,0.8063,3.4721
44.0670,0.8126,3.4973
44.0672,0.8066,3.4747
44.0674,0.7785,3.3523
44.0676,0.8199,3.5255
44.0678,0.929,3.9891
44.0680,0.9494,4.0747
44.0682,0.9587,4.1206
44.0684,0.9936,4.2686
44.0686,1.0331,4.4422
44.0688,0.9755,4.1888
44.0690,0.9883,4.2459
44.0692,0.99,4.2452
44.0694,1.0034,4.3048
44.0696,0.9873,4.2452
44.0698,0.9357,4.0235
44.0700,0.9404,4.0474
44.0702,0.9153,3.934
44.0704,0.9867,4.2387
44.0706,1.0427,4.473
44.0708,1.0479,4.4977
44.0710,1.0247,4.404
44.0712,0.968,4.1641
44.0714,0.891,3.833
44.0716,0.9392,4.0366
44.0718,0.9596,4.128
44.0720,0.874,3.7598
44.0722,0.9076,3.9065
44.0724,0.8851,3.8024
44.0726,1.0087,4.3294
44.0728,0.9934,4.2735
44.0730,0.8585,3.6949
44.0732,0.9042,3.8897
44.0734,0.916,3.9445
44.0736,0.8347,3.5927
44.0738,0.8548,3.6806
44.0740,0.8803,3.7853
44.0742,0.9115,3.9139
44.0744,0.984,4.2293
44.0746,1.0079,4.3339
44.0748,0.9822,4.2216
44.0750,0.9578,4.1165
44.0752,0.9368,4.0319
44.0754,0.8493,3.6535
44.0756,0.8947,3.8472
44.0758,0.8847,3.8044
44.0760,0.9711,4.1678
44.0762,1.0514,4.5147
44.0764,0.979,4.2116
44.0766,0.946,4.066
44.0768,0.9648,4.1392
44.0770,1.0122,4.3525
44.0772,0.9267,3.9849
44.0774,0.9765,4.1949
44.0776,1.0755,4.6161
44.0778,1.0802,4.6361
44.0780,1.0578,4.5399
44.0782,1.0622,4.5611
44.0784,1.0099,4.3427
44.0786,0.9774,4.1932
44.0788,1.055,4.5302
44.0790,1.0605,4.5517
44.0792,1.0532,4.5309
44.0794,0.9698,4.168
44.0796,0.9499,4.0844
44.0798,0.9427,4.0534
44.0800,0.9287,3.9973
44.0802,0.9086,3.9088
44.0804,0.9162,3.9413
44.0806,0.8828,3.7997
44.0808,0.9188,3.9545
44.0810,0.9051,3.8921
44.0812,0.9126,3.9277
44.0814,0.9265,3.9764
44.0816,1.0801,4.6356
44.0818,1.0225,4.3947
44.0820,0.9609,4.1299
44.0822,0.9687,4.1653
44.0824,0.9913,4.2608
44.0826,1.0418,4.4819
44.0828,0.9455,4.0734
44.0830,0.9087,3.9021
44.0832,1.016,4.3649
44.0834,1.0343,4.4432
44.0836,1.0678,4.5874
44.0838,1.0668,4.5828
44.0840,1.0494,4.5039
44.0842,1.0096,4.3452
44.0844,0.8856,3.8116
44.0846,0.9265,3.9801
44.0848,1.0024,4.3042
44.0850,1.0669,4.579
44.0852,1.1084,4.7549
44.0854,1.161,4.9853
44.0856,1.0838,4.6559
44.0858,1.0278,4.4154
44.0860,0.9457,4.0682
44.0862,0.9226,3.9673
44.0864,0.9322,4.0123
44.0866,0.9274,3.9917
44.0868,0.9815,4.2244
44.0870,0.8495,3.663
44.0872,0.822,3.5413
44.0874,0.8512,3.6634
44.0876,0.8726,3.7558
44.0878,0.8873,3.8241
44.0880,0.8043,3.4649
44.0882,0.8211,3.5372
44.0884,0.8489,3.657
44.0886,0.8614,3.7125
44.0888,0.7684,3.3166
44.0890,0.6741,2.912
44.0892,0.6844,2.9525
44.0894,0.7512,3.2406
44.0896,0.7359,3.1749
44.0898,0.7796,3.3585
44.0900,0.8666,3.7335
44.0902,0.8874,3.8228
44.0904,0.8264,3.5583
44.0906,0.8413,3.6211
44.0908,0.8815,3.7958
44.0910,0.865,3.728
44.0912,0.814,3.5084
44.0914,0.8358,3.6007
44.0916,0.8609,3.7104
44.0918,0.838,3.6067
44.0920,0.8469,3.6449
44.0922,0.8517,3.6638
44.0924,0.8665,3.7312
44.0926,0.8931,3.8459
44.0928,0.8997,3.876
44.0930,0.8454,3.6421
44.0932,0.8714,3.7507
44.0934,0.9329,4.0135
44.0936,0.9345,4.024
44.0938,0.8025,3.4571
44.0940,0.7636,3.2928
44.0942,0.7627,3.2887
44.0944,0.7565,3.2633
44.0946,0.7569,3.2639
44.0948,0.7406,3.1921
44.0950,0.7543,3.251
44.0952,0.7622,3.2882
44.0954,0.7616,3.2825
44.0956,0.8097,3.4881
44.0958,0.8478,3.6507
44.0960,0.8514,3.6662
44.0962,0.8592,3.7049
44.0964,0.7785,3.3569
44.0966,0.7602,3.2748
44.0968,0.8259,3.5579
44.0970,0.8335,3.5959
44.0972,0.6627,2.8668
44.0974,0.5901,2.553
44.0976,0.583,2.5195
44.0978,0.5788,2.5002
44.0980,0.5806,2.508
44.0982,0.5946,2.5674
44.0984,0.6476,2.795
44.0986,0.669,2.8916
44.0988,0.6066,2.6168
44.0990,0.6749,2.9089
44.0992,0.7286,3.1433
44.0994,0.6708,2.8954
44.0996,0.6573,2.8382
44.0998,0.6526,2.8141
44.1000,0.7273,3.1304
44.1002,0.807,3.4703
44.1004,0.8481,3.65
44.1006,0.8027,3.4582
44.1008,0.7783,3.3544
44.1010,0.7606,3.2769
44.1012,0.8228,3.5444
44.1014,0.8136,3.5036
44.1016,0.7518,3.2447
44.1018,0.6424,2.7714
44.1020,0.6351,2.7424
44.1022,0.6487,2.7983
44.1024,0.7153,3.0831
44.1026,0.6997,3.0173
44.1028,0.6473,2.7965
44.1030,0.6427,2.775
44.1032,0.6419,2.7694
44.1034,0.6352,2.7404
44.1036,0.6298,2.7184
44.1038,0.6362,2.7445
44.1040,0.6746,2.9087
44.1042,0.6981,3.0114
44.1044,0.6585,2.8381
44.1046,0.675,2.9108
44.1048,0.6848,2.9554
44.1050,0.5759,2.4867
44.1052,0.5557,2.4008
44.1054,0.556,2.4007
44.1056,0.5501,2.3742
44.1058,0.5907,2.5509
44.1060,0.5445,2.3532
44.1062,0.5425,2.3449
44.1064,0.5416,2.3375
44.1066,0.5393,2.3298
44.1068,0.5378,2.322
44.1070,0.5565,2.4028
44.1072,0.5656,2.4421
44.1074,0.535,2.3122
44.1076,0.5496,2.3744
44.1078,0.5671,2.4477
44.1080,0.5591,2.4119
44.1082,0.5684,2.4534
44.1084,0.621,2.6776
44.1086,0.6195,2.6726
44.1088,0.6518,2.8092
44.1090,0.7097,3.0602
44.1092,0.6664,2.8722
44.1094,0.682,2.9367
44.1096,0.6905,2.9747
44.1098,0.7577,3.2594
44.1100,0.832,3.5776
44.1102,0.8772,3.7631
44.1104,0.9225,3.9594
44.1106,0.9773,4.1907
44.1108,1.0441,4.4792
44.1110,1.0121,4.3398
44.1112,1.011,4.3352
44.1114,1.0443,4.4802
44.1116,1.0277,4.4066
44.1118,1.0217,4.383
44.1120,0.9867,4.2367
44.1122,0.9861,4.2322
44.1124,1.0024,4.3022
44.1126,1.0321,4.4257
44.1128,1.0054,4.315
44.1130,0.9805,4.2105
44.1132,0.9923,4.2569
44.1134,1.1012,4.7174
44.1136,1.1498,4.9282
44.1138,1.0857,4.6576
44.1140,1.0852,4.6599
44.1142,1.0122,4.3464
44.1144,0.946,4.0622
44.1146,0.9335,4.0086
44.1148,1.0068,4.3212
44.1150,1.0789,4.6219
44.1152,1.1515,4.9308
44.1154,1.161,4.9667
44.1156,1.2461,5.3359
44.1158,1.2206,5.2217
44.1160,1.2428,5.3166
44.1162,1.2188,5.2188
44.1164,1.2056,5.1648
44.1166,1.2449,5.3283
44.1168,1.2807,5.4761
44.1170,1.2087,5.1926
44.1172,1.0147,4.3572
44.1174,0.9935,4.2681
44.1176,0.9722,4.1841
44.1178,0.8949,3.85
44.1180,0.9345,4.0109
44.1182,1.0329,4.4313
44.1184,1.0979,4.7079
44.1186,1.1448,4.9067
44.1188,1.1381,4.8733
44.1190,1.1459,4.909
44.1192,1.1799,5.0667
44.1194,1.0933,4.6835
44.1196,1.1562,4.9508
44.1198,1.1676,5.0136
44.1200,1.0356,4.4426
44.1202,1.0266,4.4123
44.1204,0.9982,4.2881
44.1206,1.0081,4.3309
44.1208,0.9503,4.0902
44.1210,0.8835,3.8081
44.1212,0.8224,3.5412
44.1214,0.8309,3.5729
44.1216,0.9316,4.0041
44.1218,0.9644,4.1429
44.1220,0.9905,4.2552
44.1222,1.0174,4.3767
44.1224,0.9638,4.1461
44.1226,0.9374,4.0289
44.1228,0.9588,4.123
44.1230,0.9647,4.1483
44.1232,0.95,4.083
44.1234,0.9349,4.0237
44.1236,0.9147,3.9406
44.1238,0.868,3.7374
44.1240,0.888,3.8183
44.1242,0.9144,3.9354
44.1244,0.8481,3.6551
44.1246,0.8154,3.508
44.1248,0.8997,3.8688
44.1250,0.8741,3.7638
44.1252,0.8925,3.8397
44.1254,0.9573,4.124
44.1256,0.8383,3.6116
44.1258,0.8576,3.693
44.1260,0.864,3.7221
44.1262,0.8405,3.6158
44.1264,0.8893,3.824
44.1266,0.9549,4.106
44.1268,0.9214,3.964
44.1270,0.9475,4.0778
44.1272,0.9142,3.9367
44.1274,0.8777,3.774
44.1276,0.8901,3.8294
44.1278,0.8922,3.8364
44.1280,0.9261,3.986
44.1282,0.9216,3.9664
44.1284,0.9194,3.9516
44.1286,0.9567,4.1195
44.1288,0.8876,3.8203
44.1290,0.9361,4.0232
44.1292,1.0018,4.3036
44.1294,0.9807,4.2129
44.1296,0.9671,4.1567
44.1298,0.9859,4.2376
44.1300,0.9857,4.2365
44.1302,1.0136,4.3505
44.1304,1.0103,4.3381
44.1306,0.9798,4.2133
44.1308,0.9897,4.2555
44.1310,0.9864,4.2396
44.1312,1.0079,4.3299
44.1314,1.0263,4.4092
44.1316,1.0112,4.3483
44.1318,1.0325,4.4355
44.1320,1.065,4.575
44.1322,1.09,4.6805
44.1324,1.018,4.3772
44.1326,0.9254,3.9773
44.1328,0.9916,4.2598
44.1330,1.1016,4.7239
44.1332,1.2002,5.1489
44.1334,1.1255,4.8284
44.1336,1.105,4.7427
44.1338,1.0965,4.6996
44.1340,1.1612,4.9794
44.1342,1.2205,5.2382
44.1344,1.1877,5.0954
44.1346,1.1452,4.9174
44.1348,1.076,4.6246
44.1350,1.0681,4.5842
44.1352,1.1187,4.7969
44.1354,1.1549,4.9567
44.1356,1.1139,4.7874
44.1358,1.0838,4.6538
44.1360,1.1388,4.8832
44.1362,1.1548,4.9539
44.1364,1.1486,4.9346
44.1366,1.0964,4.71
44.1368,1.0439,4.4865
44.1370,1.0218,4.3957
44.1372,1.0042,4.3199
44.1374,1.0058,4.3312
44.1376,0.9401,4.0445
44.1378,0.9206,3.9641
44.1380,0.9242,3.9796
44.1382,0.9223,3.9676
44.1384,0.964,4.1433
44.1386,1.0445,4.487
44.1388,1.0604,4.5576
44.1390,1.0539,4.5319
44.1392,1.0115,4.3494
44.1394,1.0189,4.3834
44.1396,1.0158,4.3679
44.1398,0.991,4.2592
44.1400,1.0322,4.4386
44.1402,1.0166,4.3695
44.1404,1.0266,4.4164
44.1406,1.034,4.4504
44.1408,0.9454,4.0728
44.1410,0.8457,3.6414
44.1412,0.849,3.6643
44.1414,0.7578,3.263
44.1416,0.8729,3.7569
44.1418,0.9536,4.0946
44.1420,1.0598,4.555
44.1422,1.0166,4.3797
44.1424,0.8847,3.8115
44.1426,0.8053,3.4706
44.1428,0.7892,3.403
44.1430,0.8043,3.4649
44.1432,0.8518,3.6694
44.1434,0.8825,3.8052
44.1436,0.8539,3.6787
44.1438,0.9217,3.9669
44.1440,0.9503,4.0864
44.1442,0.9368,4.0282
44.1444,0.9311,4.0058
44.1446,0.9297,3.9996
44.1448,0.9657,4.1601
44.1450,0.9241,3.9791
44.1452,0.9034,3.8903
44.1454,0.8989,3.8706
44.1456,0.9252,3.9707
44.1458,1.1012,4.7262
44.1460,1.101,4.7191
44.1462,1.1635,4.9985
44.1464,1.1489,4.9356
44.1466,1.122,4.8202
44.1468,1.1241,4.8177
44.1470,1.245,5.3363
44.1472,1.2417,5.3268
44.1474,1.2452,5.3318
44.1476,1.2307,5.2771
44.1478,1.2126,5.1994
44.1480,1.2033,5.1622
44.1482,1.1441,4.9196
44.1484,1.0957,4.7003
44.1486,1.106,4.7578
44.1488,0.9941,4.2746
44.1490,1.0045,4.3195
44.1492,1.0429,4.4865
44.1494,1.0552,4.5354
44.1496,1.0733,4.609
44.1498,1.1099,4.7638
44.1500,1.1986,5.1398
44.1502,1.2283,5.2668
44.1504,1.1967,5.1387
44.1506,1.1428,4.9071
44.1508,1.1269,4.8481
44.1510,1.0224,4.4065
44.1512,0.9247,3.9872
44.1514,0.8681,3.7362
44.1516,0.9401,4.0426
44.1518,1.0188,4.3747
44.1520,1.0997,4.7266
44.1522,1.1054,4.7531
44.1524,1.0694,4.6005
44.1526,1.0647,4.5825
44.1528,1.0249,4.4112
44.1530,0.9771,4.2033
44.1532,0.9588,4.1269
44.1534,0.9073,3.914
44.1536,0.8008,3.4547
44.1538,0.7912,3.4149
44.1540,0.8084,3.4889
44.1542,0.8005,3.4516
44.1544,0.7467,3.2304
44.1546,0.6479,2.803
44.1548,0.6489,2.8058
44.1550,0.6297,2.7216
44.1552,0.691,2.9892
44.1554,0.6755,2.9182
44.1556,0.7416,3.1977
44.1558,0.7602,3.2748
44.1560,0.8662,3.7297
44.1562,0.9064,3.9086
44.1564,0.766,3.3093
44.1566,0.6262,2.7116
44.1568,0.5711,2.4717
44.1570,0.566,2.4476
44.1572,0.5837,2.5215
44.1574,0.6771,2.925
44.1576,0.6762,2.9213
44.1578,0.6833,2.9505
44.1580,0.6894,2.9811
44.1582,0.6164,2.6616
44.1584,0.6712,2.9036
44.1586,0.5575,2.4119
44.1588,0.5872,2.5388
44.1590,0.5802,2.5076
44.1592,0.5842,2.5235
44.1594,0.6244,2.6963
44.1596,0.6313,2.7284
44.1598,0.5939,2.5726
44.1600,0.4888,2.1137
44.1602,0.5327,2.3056
44.1604,0.5273,2.2833
44.1606,0.5753,2.4852
44.1608,0.6189,2.6738
44.1610,0.6244,2.6976
44.1612,0.6177,2.6673
44.1614,0.6236,2.6915
44.1616,0.6497,2.8043
44.1618,0.6461,2.79
44.1620,0.6454,2.7895
44.1622,0.643,2.7766
44.1624,0.6475,2.7944
44.1626,0.586,2.5337
44.1628,0.53,2.2926
44.1630,0.5212,2.2547
44.1632,0.5254,2.2718
44.1634,0.5327,2.3035
44.1636,0.5334,2.3076
44.1638,0.5509,2.3823
44.1640,0.5381,2.3268
44.1642,0.5374,2.3226
44.1644,0.5954,2.5687
44.1646,0.6692,2.8854
44.1648,0.6542,2.8221
44.1650,0.6431,2.7784
44.1652,0.6236,2.694
44.1654,0.6351,2.7411
44.1656,0.635,2.7419
44.1658,0.6518,2.8131
44.1660,0.6519,2.811
44.1662,0.7243,3.1189
44.1664,0.7886,3.3925
44.1666,0.8906,3.8279
44.1668,0.9157,3.9374
44.1670,0.9144,3.9299
44.1672,0.9129,3.9292
44.1674,0.8177,3.5178
44.1676,0.8104,3.4864
44.1678,0.7924,3.4122
44.1680,0.7196,3.1045
44.1682,0.6609,2.8498
44.1684,0.7232,3.1186
44.1686,0.6915,2.9816
44.1688,0.6632,2.8583
44.1690,0.7005,3.0162
44.1692,0.7279,3.1373
44.1694,0.7507,3.234
44.1696,0.8017,3.4471
44.1698,0.8406,3.6164
44.1700,0.7978,3.4402
44.1702,0.6982,3.0092
44.1704,0.7376,3.1806
44.1706,0.7362,3.1686
44.1708,0.7698,3.3115
44.1710,0.7557,3.2542
44.1712,0.7331,3.1551
44.1714,0.7418,3.2017
44.1716,0.6839,2.949
44.1718,0.694,2.9911
44.1720,0.7277,3.1348
44.1722,0.7766,3.3471
44.1724,0.7487,3.2237
44.1726,0.8043,3.4633
44.1728,0.6688,2.8839
44.1730,0.6325,2.7298
44.1732,0.7055,3.0393
44.1734,0.7728,3.3244
44.1736,0.8717,3.743
44.1738,0.9509,4.0852
44.1740,0.8705,3.7465
44.1742,0.7581,3.2691
44.1744,0.6824,2.9491
44.1746,0.5599,2.4178
44.1748,0.6039,2.6054
44.1750,0.6565,2.8333
44.1752,0.585,2.5272
44.1754,0.5743,2.4811
44.1756,0.5804,2.5052
44.1758,0.596,2.5713
44.1760,0.6349,2.7363
44.1762,0.6958,2.996
44.1764,0.7621,3.2815
44.1766,0.8056,3.4657
44.1768,0.8026,3.4512
44.1770,0.8618,3.7042
44.1772,0.878,3.7755
44.1774,0.8656,3.7167
44.1776,0.9196,3.9508
44.1778,0.979,4.1999
44.1780,1.1395,4.8772
44.1782,1.169,5.0034
44.1784,1.1543,4.9472
44.1786,1.0976,4.6998
44.1788,1.1668,4.9937
44.1790,1.2049,5.1545
44.1792,1.2356,5.2957
44.1794,1.1403,4.8894
44.1796,1.1753,5.0231
44.1798,1.2205,5.2382
44.1800,1.0681,4.582
44.1802,1.0724,4.6005
44.1804,1.0888,4.6667
44.1806,1.0827,4.6405
44.1808,1.0733,4.6154
44.1810,0.9793,4.2034
44.1812,1.1157,4.7885
44.1814,1.0063,4.3292
44.1816,1.0127,4.3444
44.1818,1.0394,4.4591
44.1820,0.9881,4.2429
44.1822,0.9666,4.1585
44.1824,0.9009,3.8776
44.1826,0.9162,3.934
44.1828,1.0419,4.472
44.1830,1.0717,4.5975
44.1832,0.9799,4.2098
44.1834,0.9275,3.9866
44.1836,0.9478,4.0718
44.1838,1.0028,4.3122
44.1840,0.8889,3.826
44.1842,0.9148,3.9338
44.1844,0.9525,4.0938
44.1846,0.9226,3.9729
44.1848,0.8712,3.7444
44.1850,0.9075,3.9024
44.1852,0.8695,3.7424
44.1854,0.8816,3.7945
44.1856,0.8659,3.7304
44.1858,0.7972,3.4376
44.1860,0.7633,3.2852
44.1862,0.8194,3.5234
44.1864,0.9102,3.9101
44.1866,0.9337,4.0148
44.1868,0.8405,3.6175
44.1870,0.8325,3.5863
44.1872,0.8277,3.564
44.1874,0.8029,3.4587
44.1876,0.7519,3.2407
44.1878,0.7427,3.2009
44.1880,0.7343,3.1647
44.1882,0.7446,3.2032
44.1884,0.826,3.5584
44.1886,0.8421,3.6192
44.1888,0.8913,3.8363
44.1890,0.8,3.4447
44.1892,0.8321,3.5814
44.1894,0.8459,3.6458
44.1896,0.7295,3.1484
44.1898,0.7231,3.1152
44.1900,0.7899,3.4013
44.1902,0.7839,3.3771
44.1904,0.8012,3.4563
44.1906,0.7449,3.2092
44.1908,0.75,3.2324
44.1910,0.7285,3.1399
44.1912,0.7568,3.2573
44.1914,0.8564,3.681
44.1916,0.9423,4.0556
44.1918,0.8868,3.8149
44.1920,0.8477,3.6502
44.1922,0.7942,3.4247
44.1924,0.7382,3.1803
44.1926,0.744,3.2095
44.1928,0.6568,2.8361
44.1930,0.6422,2.7717
44.1932,0.6333,2.7334
44.1934,0.6205,2.6743
44.1936,0.7478,3.2246
44.1938,0.7651,3.2945
44.1940,0.7676,3.3084
44.1942,0.6985,3.0149
44.1944,0.6303,2.7192
44.1946,0.6435,2.7748
44.1948,0.7548,3.2485
44.1950,0.8369,3.6054
44.1952,0.7139,3.0783
44.1954,0.6809,2.9375
44.1956,0.6405,2.7619
44.1958,0.6279,2.7076
44.1960,0.6295,2.7156
44.1962,0.6318,2.7229
44.1964,0.6892,2.9745
44.1966,0.647,2.7924
44.1968,0.6271,2.7065
44.1970,0.6246,2.6944
44.1972,0.6274,2.703
44.1974,0.725,3.1235
44.1976,0.749,3.2283
44.1978,0.7794,3.359
44.1980,0.7633,3.2867
44.1982,0.8249,3.5521
44.1984,0.7686,3.3125
44.1986,0.7561,3.2572
44.1988,0.7749,3.3306
44.1990,0.9014,3.8707
44.1992,0.9653,4.147
44.1994,0.9627,4.1357
44.1996,0.9242,3.9759
44.1998,0.8066,3.4763
44.2000,0.7443,3.2111
44.2002,0.7415,3.1898
44.2004,0.8434,3.6265
44.2006,0.8658,3.7247
44.2008,0.8201,3.5281
44.2010,0.8213,3.5399
44.2012,0.766,3.2986
44.2014,0.8182,3.515
44.2016,0.9569,4.1129
44.2018,0.8585,3.6949
44.2020,0.8025,3.4507
44.2022,0.8674,3.7314
44.2024,0.8536,3.6738
44.2026,0.8104,3.4945
44.2028,0.7393,3.1923
44.2030,0.603,2.6025
44.2032,0.5884,2.544
44.2034,0.4977,2.1541
44.2036,0.4826,2.0877
44.2038,0.4548,1.9665
44.2040,0.4428,1.9146
44.2042,0.4429,1.9169
44.2044,0.4543,1.9653
44.2046,0.4664,2.0149
44.2048,0.564,2.4365
44.2050,0.5815,2.5122
44.2052,0.5376,2.3226
44.2054,0.5351,2.3106
44.2056,0.5985,2.5809
44.2058,0.5662,2.4492
44.2060,0.4231,1.833
44.2062,0.4119,1.7817
44.2064,0.4579,1.9763
44.2066,0.5541,2.3946
44.2068,0.4385,1.8977
44.2070,0.3758,1.6271
44.2072,0.3715,1.6069
44.2074,0.3828,1.6562
44.2076,0.3959,1.7095
44.2078,0.4748,2.0493
44.2080,0.5421,2.3428
44.2082,0.4842,2.0916
44.2084,0.4801,2.0739
44.2086,0.5032,2.1709
44.2088,0.5572,2.4037
44.2090,0.5858,2.5214
44.2092,0.6461,2.7836
44.2094,0.7085,3.0479
44.2096,0.7511,3.234
44.2098,0.7459,3.2104
44.2100,0.8036,3.4521
44.2102,0.8507,3.6546
44.2104,0.8817,3.7862
44.2106,0.9012,3.866
44.2108,0.9171,3.9326
44.2110,0.9756,4.1835
44.2112,1.0815,4.6331
44.2114,1.137,4.8664
44.2116,1.1748,5.0257
44.2118,1.1388,4.8764
44.2120,1.1356,4.8603
44.2122,1.1506,4.9313
44.2124,1.0424,4.472
44.2126,0.9563,4.1045
44.2128,0.9964,4.2705
44.2130,1.1134,4.7698
44.2132,1.1265,4.8258
44.2134,1.0744,4.6007
44.2136,1.1285,4.8345
44.2138,1.1015,4.7189
44.2140,1.146,4.9072
44.2142,1.1367,4.874
44.2144,1.0142,4.3531
44.2146,0.9981,4.2816
44.2148,1.0299,4.4123
44.2150,1.1044,4.7313
44.2152,1.1126,4.764
44.2154,1.1147,4.7799
44.2156,1.065,4.5687
44.2158,1.0591,4.5456
44.2160,1.0326,4.4318
44.2162,0.9482,4.0771
44.2164,0.8039,3.4633
44.2166,0.7145,3.0766
44.2168,0.7729,3.3296
44.2170,0.73,3.1432
44.2172,0.7806,3.3579
44.2174,0.8072,3.4741
44.2176,0.7919,3.4133
44.2178,0.7326,3.1575
44.2180,0.714,3.0759
44.2182,0.6911,2.9814
44.2184,0.6555,2.8226
44.2186,0.7543,3.248
44.2188,0.7657,3.2986
44.2190,0.7441,3.2115
44.2192,0.6755,2.9115
44.2194,0.7049,3.0367
44.2196,0.7126,3.0712
44.2198,0.7044,3.0388
44.2200,0.5939,2.5644
44.2202,0.5512,2.3811
44.2204,0.5101,2.2025
44.2206,0.5725,2.4722
44.2208,0.5902,2.5471
44.2210,0.5887,2.5374
44.2212,0.642,2.7694
44.2214,0.5969,2.5761
44.2216,0.5767,2.4892
44.2218,0.5452,2.3574
44.2220,0.5031,2.1724
44.2222,0.5645,2.4353
44.2224,0.6143,2.6487
44.2226,0.6308,2.7251
44.2228,0.5536,2.3871
44.2230,0.5454,2.3585
44.2232,0.4427,1.9141
44.2234,0.4736,2.047
44.2236,0.4523,1.9538
44.2238,0.4513,1.9515
44.2240,0.4622,1.9987
44.2242,0.4781,2.0623
44.2244,0.5231,2.2599
44.2246,0.546,2.3567
44.2248,0.533,2.3014
44.2250,0.4628,1.9994
44.2252,0.4622,1.9977
44.2254,0.4834,2.0895
44.2256,0.4954,2.1383
44.2258,0.5007,2.1631
44.2260,0.4686,2.0252
44.2262,0.4854,2.0958
44.2264,0.4807,2.0756
44.2266,0.4767,2.0566
44.2268,0.5163,2.2284
44.2270,0.455,1.9657
44.2272,0.4482,1.938
44.2274,0.4489,1.9411
44.2276,0.4354,1.8817
44.2278,0.4321,1.8659
44.2280,0.4326,1.8697
44.2282,0.4432,1.9145
44.2284,0.4605,1.9859
44.2286,0.5084,2.1932
44.2288,0.5228,2.2553
44.2290,0.5508,2.3752
44.2292,0.5759,2.4832
44.2294,0.576,2.4826
44.2296,0.5958,2.5679
44.2298,0.615,2.6518
44.2300,0.585,2.5202
44.2302,0.6577,2.8306
44.2304,0.6796,2.9278
44.2306,0.6458,2.7821
44.2308,0.6352,2.7354
44.2310,0.6372,2.7462
44.2312,0.6595,2.8383
44.2314,0.7099,3.0542
44.2316,0.6718,2.8928
44.2318,0.6739,2.9003
44.2320,0.6701,2.8843
44.2322,0.762,3.2735
44.2324,0.8988,3.8612
44.2326,0.8832,3.7942
44.2328,0.7649,3.2935
44.2330,0.6765,2.9116
44.2332,0.7017,3.02
44.2334,0.6722,2.893
44.2336,0.682,2.9354
44.2338,0.7274,3.128
44.2340,0.7272,3.1328
44.2342,0.7185,3.0894
44.2344,0.7381,3.1724
44.2346,0.7119,3.0639
44.2348,0.684,2.9496
44.2350,0.5958,2.5643
44.2352,0.6104,2.6297
44.2354,0.5912,2.5482
44.2356,0.6029,2.5984
44.2358,0.6629,2.8573
44.2360,0.6081,2.6199
44.2362,0.5986,2.5774
44.2364,0.6633,2.8588
44.2366,0.5724,2.4671
44.2368,0.5656,2.4388
44.2370,0.5427,2.3444
44.2372,0.4885,2.1102
44.2374,0.4127,1.7845
44.2376,0.3906,1.6891
44.2378,0.3878,1.6759
44.2380,0.3873,1.6738
44.2382,0.3922,1.6951
44.2384,0.4056,1.7523
44.2386,0.3945,1.7034
44.2388,0.3903,1.6852
44.2390,0.3875,1.6741
44.2392,0.39,1.6858
44.2394,0.3899,1.6852
44.2396,0.3891,1.6808
44.2398,0.3869,1.6731
44.2400,0.386,1.6674
44.2402,0.3898,1.6824
44.2404,0.4312,1.8592
44.2406,0.4731,2.0402
44.2408,0.5121,2.2072
44.2410,0.535,2.3091
44.2412,0.4968,2.142
44.2414,0.5307,2.2851
44.2416,0.5703,2.4612
44.2418,0.4843,2.0892
44.2420,0.4747,2.0469
44.2422,0.5035,2.169
44.2424,0.5326,2.2934
44.2426,0.5935,2.5569
44.2428,0.5934,2.5575
44.2430,0.5704,2.4572
44.2432,0.593,2.5489
44.2434,0.7022,3.015
44.2436,0.7409,3.1843
44.2438,0.7368,3.1653
44.2440,0.7771,3.3368
44.2442,0.8183,3.5074
44.2444,0.8834,3.7917
44.2446,0.8629,3.702
44.2448,0.8734,3.7485
44.2450,0.8727,3.7437
44.2452,0.8707,3.7302
44.2454,0.9499,4.0692
44.2456,0.9857,4.2248
44.2458,0.9942,4.2593
44.2460,0.9803,4.1997
44.2462,0.9902,4.2418
44.2464,1.0008,4.2895
44.2466,0.941,4.0406
44.2468,0.8376,3.5901
44.2470,0.9795,4.1961
44.2472,0.9199,3.95
44.2474,0.8312,3.5707
44.2476,0.8501,3.6521
44.2478,0.8338,3.577
44.2480,0.8855,3.7987
44.2482,0.8289,3.5609
44.2484,0.8181,3.5113
44.2486,0.9188,3.938
44.2488,0.9242,3.9667
44.2490,0.8701,3.7329
44.2492,0.9973,4.2766
44.2494,0.9983,4.2788
44.2496,0.9661,4.1424
44.2498,0.931,3.9905
44.2500,1.0782,4.6145
44.2502,1.1035,4.7206
44.2504,0.9718,4.171
44.2506,0.9259,3.9776
44.2508,0.9219,3.9532
44.2510,0.9436,4.0406
44.2512,0.99,4.2492
44.2514,0.9494,4.0729
44.2516,0.9427,4.0422
44.2518,0.9866,4.2343
44.2520,0.8438,3.6248
44.2522,0.8719,3.7476
44.2524,0.8677,3.7295
44.2526,0.8557,3.6797
44.2528,0.7881,3.3905
44.2530,0.7572,3.2544
44.2532,0.7807,3.3554
44.2534,0.7397,3.1865
44.2536,0.6882,2.9636
44.2538,0.7187,3.0875
44.2540,0.8239,3.5376
44.2542,0.8568,3.6809
44.2544,0.8539,3.6634
44.2546,0.8838,3.7933
44.2548,0.8448,3.6294
44.2550,0.8284,3.5588
44.2552,0.831,3.5785
44.2554,0.7147,3.0734
44.2556,0.7415,3.1928
44.2558,0.6532,2.8167
44.2560,0.6163,2.6575
44.2562,0.6122,2.6399
44.2564,0.5864,2.5276
44.2566,0.5766,2.4887
44.2568,0.5776,2.4905
44.2570,0.6315,2.7219
44.2572,0.5935,2.5592
44.2574,0.5852,2.5236
44.2576,0.6486,2.7901
44.2578,0.7236,3.1173
44.2580,0.603,2.5989
44.2582,0.571,2.4678
44.2584,0.5078,2.1926
44.2586,0.539,2.3262
44.2588,0.5294,2.2826
44.2590,0.538,2.3209
44.2592,0.5948,2.5637
44.2594,0.6086,2.622
44.2596,0.6282,2.7074
44.2598,0.6242,2.6904
44.2600,0.6388,2.7534
44.2602,0.6433,2.7738
44.2604,0.5789,2.4985
44.2606,0.5352,2.3101
44.2608,0.5303,2.2847
44.2610,0.6026,2.5949
44.2612,0.5963,2.5723
44.2614,0.5697,2.4552
44.2616,0.6245,2.6914
44.2618,0.5831,2.5131
44.2620,0.5755,2.4828
44.2622,0.5408,2.3339
44.2624,0.5295,2.281
44.2626,0.5801,2.5013
44.2628,0.5422,2.338
44.2630,0.5448,2.3504
44.2632,0.5453,2.3514
44.2634,0.5918,2.5496
44.2636,0.614,2.6452
44.2638,0.6186,2.6661
44.2640,0.6295,2.7106
44.2642,0.6351,2.7348
44.2644,0.6327,2.7245
44.2646,0.6327,2.722
44.2648,0.6498,2.7978
44.2650,0.7441,3.1982
44.2652,0.7947,3.4157
44.2654,0.7251,3.1206
44.2656,0.7015,3.0223
44.2658,0.6271,2.7015
44.2660,0.6195,2.6677
44.2662,0.6152,2.6504
44.2664,0.5983,2.5775
44.2666,0.6236,2.6853
44.2668,0.6807,2.9297
44.2670,0.7403,3.1817
44.2672,0.7999,3.4362
44.2674,0.7532,3.2404
44.2676,0.6826,2.9393
44.2678,0.6845,2.9435
44.2680,0.7382,3.1759
44.2682,0.6974,3.007
44.2684,0.6623,2.8494
44.2686,0.7224,3.1064
44.2688,0.7283,3.1346
44.2690,0.7206,3.0972
44.2692,0.7291,3.1353
44.2694,0.6824,2.9369
44.2696,0.7048,3.0334
44.2698,0.6833,2.9424
44.2700,0.6598,2.8438
44.2702,0.6879,2.9593
44.2704,0.7502,3.226
44.2706,0.7451,3.2038
44.2708,0.7379,3.1714
44.2710,0.7715,3.3142
44.2712,0.7982,3.4242
44.2714,0.899,3.864
44.2716,0.8484,3.6483
44.2718,0.7831,3.3673
44.2720,0.7581,3.2615
44.2722,0.7209,3.0997
44.2724,0.7959,3.4177
44.2726,0.8609,3.695
44.2728,0.7978,3.4291
44.2730,0.7557,3.2542
44.2732,0.7264,3.1234
44.2734,0.7635,3.2893
44.2736,0.6748,2.9084
44.2738,0.5968,2.5696
44.2740,0.6372,2.7462
44.2742,0.6435,2.7697
44.2744,0.6683,2.8792
44.2746,0.6567,2.8291
44.2748,0.6379,2.7467
44.2750,0.6507,2.802
44.2752,0.6578,2.8311
44.2754,0.6685,2.877
44.2756,0.6671,2.8714
44.2758,0.7469,3.213
44.2760,0.7893,3.3909
44.2762,0.7698,3.3085
44.2764,0.7662,3.293
44.2766,0.8296,3.5623
44.2768,0.892,3.8301
44.2770,0.8366,3.5888
44.2772,0.8968,3.8471
44.2774,0.871,3.7434
44.2776,0.8038,3.45
44.2778,0.9792,4.197
44.2780,1.0234,4.3821
44.2782,1.0652,4.5591
44.2784,1.1308,4.8398
44.2786,1.1417,4.882
44.2788,1.1428,4.8889
44.2790,1.1619,4.9774
44.2792,1.0102,4.3276
44.2794,1.0633,4.5573
44.2796,1.0914,4.6732
44.2798,1.081,4.629
44.2800,1.1309,4.8426
44.2802,1.1026,4.7281
44.2804,1.0145,4.3522
44.2806,0.9896,4.2492
44.2808,0.9703,4.1566
44.2810,1.0862,4.6533
44.2812,1.0512,4.5075
44.2814,1.0468,4.4822
44.2816,1.1108,4.7519
44.2818,1.175,5.0151
44.2820,1.2808,5.4818
44.2822,1.1276,4.826
44.2824,1.1945,5.1171
44.2826,1.1434,4.8983
44.2828,1.0952,4.7006
44.2830,0.9324,4.0092
44.2832,0.8457,3.6398
44.2834,0.8345,3.5868
44.2836,0.9062,3.9022
44.2838,0.8129,3.4956
44.2840,0.8406,3.6164
44.2842,0.8344,3.5896
44.2844,0.8053,3.4675
44.2846,0.7783,3.3466
44.2848,0.8021,3.4444
44.2850,0.9018,3.8759
44.2852,0.9819,4.2241
44.2854,0.8409,3.6208
44.2856,0.8017,3.4504
44.2858,0.762,3.278
44.2860,0.7608,3.2805
44.2862,0.7139,3.0741
44.2864,0.755,3.2496
44.2866,0.7318,3.1524
44.2868,0.6768,2.924
44.2870,0.5553,2.3977
44.2872,0.5948,2.5673
44.2874,0.5896,2.5398
44.2876,0.6206,2.6773
44.2878,0.6255,2.696
44.2880,0.731,3.145
44.2882,0.7565,3.2619
44.2884,0.6721,2.8979
44.2886,0.6331,2.7337
44.2888,0.5775,2.4923
44.2890,0.631,2.7198
44.2892,0.6339,2.7322
44.2894,0.6203,2.6745
44.2896,0.6448,2.7844
44.2898,0.5992,2.5859
44.2900,0.5916,2.5569
44.2902,0.501,2.1651
44.2904,0.4735,2.0474
44.2906,0.4655,2.0071
44.2908,0.5842,2.5201
44.2910,0.571,2.4689
44.2912,0.4803,2.076
44.2914,0.4598,1.9846
44.2916,0.4611,1.9921
44.2918,0.499,2.1558
44.2920,0.4972,2.1491
44.2922,0.4607,1.9892
44.2924,0.5063,2.1844
44.2926,0.5776,2.4882
44.2928,0.6348,2.7384
44.2930,0.5718,2.4657
44.2932,0.5557,2.3986
44.2934,0.5029,2.1744
44.2936,0.4549,1.9661
44.2938,0.4542,1.9612
44.2940,0.4543,1.9635
44.2942,0.4769,2.06
44.2944,0.5385,2.323
44.2946,0.5445,2.3467
44.2948,0.5952,2.5677
44.2950,0.5789,2.495
44.2952,0.6008,2.5872
44.2954,0.5742,2.4806
44.2956,0.4734,2.0469
44.2958,0.4661,2.0125
44.2960,0.4665,2.0145
44.2962,0.4631,1.9995
44.2964,0.5246,2.263
44.2966,0.5456,2.3535
44.2968,0.5454,2.3519
44.2970,0.5483,2.3643
44.2972,0.5519,2.3809
44.2974,0.6089,2.6242
44.2976,0.6194,2.6722
44.2978,0.568,2.4469
44.2980,0.5759,2.4821
44.2982,0.554,2.3886
44.2984,0.5653,2.4378
44.2986,0.6412,2.7573
44.2988,0.7705,3.3131
44.2990,0.7415,3.1898
44.2992,0.7203,3.0985
44.2994,0.6928,2.9873
44.2996,0.5506,2.3753
44.2998,0.5534,2.3827
44.3000,0.6194,2.6697
44.3002,0.6059,2.6064
44.3004,0.6784,2.9212
44.3006,0.679,2.9238
44.3008,0.6916,2.9739
44.3010,0.6826,2.9393
44.3012,0.6083,2.6204
44.3014,0.644,2.7743
44.3016,0.6212,2.6762
44.3018,0.6234,2.683
44.3020,0.6362,2.7446
44.3022,0.5806,2.5011
44.3024,0.5524,2.3797
44.3026,0.6135,2.6419
44.3028,0.5575,2.4086
44.3030,0.4158,1.7972
44.3032,0.4005,1.7301
44.3034,0.3944,1.7052
44.3036,0.3986,1.7226
44.3038,0.3975,1.7179
44.3040,0.3981,1.7189
44.3042,0.3932,1.6977
44.3044,0.3939,1.7008
44.3046,0.397,1.7134
44.3048,0.4087,1.7658
44.3050,0.4129,1.7847
44.3052,0.4496,1.9424
44.3054,0.4169,1.8002
44.3056,0.4056,1.7515
44.3058,0.4185,1.8069
44.3060,0.4224,1.8257
44.3062,0.3843,1.6609
44.3064,0.4099,1.7669
44.3066,0.5107,2.1989
44.3068,0.5667,2.4446
44.3070,0.5193,2.2413
44.3072,0.4952,2.1363
44.3074,0.5211,2.2438
44.3076,0.5912,2.5471
44.3078,0.5704,2.4572
44.3080,0.568,2.4446
44.3082,0.5976,2.5697
44.3084,0.6531,2.8084
44.3086,0.68,2.9266
44.3088,0.7297,3.1393
44.3090,0.694,2.9828
44.3092,0.7302,3.1355
44.3094,0.8089,3.47
44.3096,0.841,3.6045
44.3098,0.8643,3.7059
44.3100,0.8614,3.697
44.3102,0.8539,3.6668
44.3104,0.8556,3.6758
44.3106,0.8604,3.6895
44.3108,0.9019,3.8692
44.3110,0.9117,3.9041
44.3112,0.9988,4.2688
44.3114,1.097,4.6885
44.3116,1.0904,4.6669
44.3118,1.133,4.8445
44.3120,1.1622,4.9673
44.3122,1.1333,4.8529
44.3124,0.9993,4.2829
44.3126,0.984,4.2196
44.3128,0.9738,4.1778
44.3130,0.9441,4.0521
44.3132,0.9053,3.8818
44.3134,0.9237,3.9573
44.3136,0.9942,4.2593
44.3138,0.9852,4.2247
44.3140,0.9369,4.0213
44.3142,0.899,3.855
44.3144,0.958,4.1061
44.3146,1.0161,4.3528
44.3148,1.0315,4.4211
44.3150,1.0169,4.3686
44.3152,0.9161,3.9299
44.3154,0.9086,3.898
44.3156,0.8731,3.751
44.3158,0.8442,3.6268
44.3160,0.8484,3.6483
44.3162,0.7939,3.4153
44.3164,0.789,3.3925
44.3166,0.7947,3.4141
44.3168,0.8634,3.7075
44.3170,0.8508,3.6586
44.3172,0.8171,3.5071
44.3174,0.9013,3.8702
44.3176,0.8556,3.6741
44.3178,0.8852,3.8048
44.3180,0.8027,3.4534
44.3182,0.815,3.5011
44.3184,0.8501,3.6487
44.3186,0.8373,3.6037
44.3188,0.7671,3.3048
44.3190,0.6767,2.914
44.3192,0.6657,2.8692
44.3194,0.6638,2.8582
44.3196,0.6605,2.843
44.3198,0.6934,2.9885
44.3200,0.6621,2.855
44.3202,0.5884,2.537
44.3204,0.573,2.4685
44.3206,0.6545,2.8211
44.3208,0.6723,2.8962
44.3210,0.6653,2.8703
44.3212,0.5806,2.5057
44.3214,0.581,2.5043
44.3216,0.6432,2.772
44.3218,0.589,2.5372
44.3220,0.6127,2.6432
44.3222,0.5763,2.4836
44.3224,0.5709,2.4604
44.3226,0.5753,2.4818
44.3228,0.5763,2.4871
44.3230,0.5741,2.4743
44.3232,0.5822,2.5095
44.3234,0.6137,2.6461
44.3236,0.6121,2.6406
44.3238,0.5465,2.3544
44.3240,0.5711,2.466
44.3242,0.5024,2.1673
44.3244,0.5333,2.3008
44.3246,0.5313,2.292
44.3248,0.5277,2.2765
44.3250,0.5283,2.2801
44.3252,0.5326,2.2955
44.3254,0.5319,2.2946
44.3256,0.5386,2.3235
44.3258,0.5378,2.3188
44.3260,0.5589,2.4098
44.3262,0.5436,2.3453
44.3264,0.5259,2.2687
44.3266,0.5532,2.3866
44.3268,0.5534,2.3872
44.3270,0.5357,2.309
44.3272,0.5625,2.4242
44.3274,0.6005,2.588
44.3276,0.5933,2.5582
44.3278,0.5652,2.435
44.3280,0.6053,2.6075
44.3282,0.6185,2.6643
44.3284,0.6505,2.7996
44.3286,0.7298,3.1398
44.3288,0.7225,3.1054
44.3290,0.7104,3.0562
44.3292,0.6891,2.963
44.3294,0.7361,3.1681
44.3296,0.7499,3.2289
44.3298,0.6625,2.8539
44.3300,0.6333,2.7271
44.3302,0.6307,2.7145
44.3304,0.6382,2.7457
44.3306,0.7193,3.0887
44.3308,0.8,3.4368
44.3310,0.7409,3.1828
44.3312,0.7635,3.2863
44.3314,0.731,3.142
44.3316,0.7818,3.36
44.3318,0.7729,3.3219
44.3320,0.7133,3.0686
44.3322,0.7101,3.0547
44.3324,0.751,3.2261
44.3326,0.8577,3.6862
44.3328,0.8213,3.5268
44.3330,0.8312,3.5707
44.3332,0.7737,3.3301
44.3334,0.7417,3.1909
44.3336,0.7832,3.3646
44.3338,0.8416,3.6088
44.3340,0.8834,3.79
44.3342,0.8557,3.6729
44.3344,0.9349,4.0125
44.3346,0.7989,3.4369
44.3348,0.7568,3.2543
44.3350,0.7578,3.2585
44.3352,0.7258,3.1208
44.3354,0.7071,3.0475
44.3356,0.6121,2.6382
44.3358,0.5968,2.5696
44.3360,0.6109,2.6318
44.3362,0.6185,2.6668
44.3364,0.6063,2.6097
44.3366,0.6587,2.8352
44.3368,0.6514,2.8012
44.3370,0.7086,3.0513
44.3372,0.6806,2.9346
44.3374,0.6325,2.721
44.3376,0.6327,2.7308
44.3378,0.5291,2.2827
44.3380,0.5357,2.3154
44.3382,0.4193,1.8114
44.3384,0.4034,1.7401
44.3386,0.465,2.0097
44.3388,0.4153,1.7959
44.3390,0.4,1.7288
44.3392,0.3971,1.7171
44.3394,0.4023,1.7378
44.3396,0.4881,2.1038
44.3398,0.5424,2.3401
44.3400,0.4894,2.1124
44.3402,0.4933,2.126
44.3404,0.5734,2.4712
44.3406,0.5212,2.2454
44.3408,0.5649,2.4368
44.3410,0.5252,2.2666
44.3412,0.497,2.144
44.3414,0.5051,2.1772
44.3416,0.5477,2.3607
44.3418,0.5784,2.4906
44.3420,0.6252,2.6932
44.3422,0.6157,2.6475
44.3424,0.6748,2.9017
44.3426,0.6927,2.9813
44.3428,0.7171,3.0851
44.3430,0.7252,3.1182
44.3432,0.7499,3.2199
44.3434,0.8018,3.4445
44.3436,0.8097,3.4736
44.3438,0.9435,4.0439
44.3440,0.9719,4.1618
44.3442,1.0459,4.4786
44.3444,1.1117,4.7582
44.3446,1.1027,4.7153
44.3448,1.1218,4.7969
44.3450,1.1137,4.7709
44.3452,0.9866,4.2304
44.3454,0.9735,4.1743
44.3456,0.988,4.2346
44.3458,0.9879,4.238
44.3460,0.9601,4.1167
44.3462,0.9732,4.1694
44.3464,0.9897,4.2418
44.3466,0.9691,4.1592
44.3468,0.9421,4.0377
44.3470,0.9928,4.2571
44.3472,0.9188,3.9491
44.3474,0.8514,3.6543
44.3476,0.9385,4.0223
44.3478,1.0048,4.3085
44.3480,1.017,4.3569
44.3482,1.0318,4.4221
44.3484,0.9808,4.2076
44.3486,0.9839,4.221
44.3488,0.9888,4.2461
44.3490,0.8747,3.7594
44.3492,0.8465,3.64
44.3494,0.8363,3.5928
44.3496,0.8752,3.7615
44.3498,0.8337,3.5798
44.3500,0.8723,3.7509
44.3502,0.828,3.5573
44.3504,0.8475,3.6424
44.3506,0.8147,3.5017
44.3508,0.8521,3.6625
44.3510,0.8523,3.6613
44.3512,0.8617,3.7003
44.3514,0.8796,3.7823
44.3516,0.8255,3.5514
44.3518,0.7163,3.0858
44.3520,0.679,2.9279
44.3522,0.6731,2.8999
44.3524,0.6538,2.8154
44.3526,0.6856,2.9536
44.3528,0.6868,2.9587
44.3530,0.6999,3.0164
44.3532,0.6808,2.9343
44.3534,0.6609,2.8458
44.3536,0.6637,2.8604
44.3538,0.6435,2.7761
44.3540,0.5952,2.5689
44.3542,0.5151,2.2242
44.3544,0.4928,2.1279
44.3546,0.5207,2.2444
44.3548,0.6044,2.6051
44.3550,0.6683,2.8819
44.3552,0.6447,2.7774
44.3554,0.6852,2.9452
44.3556,0.7263,3.1258
44.3558,0.6933,2.9908
44.3560,0.5628,2.4291
44.3562,0.53,2.2831
44.3564,0.6025,2.6016
44.3566,0.5405,2.334
44.3568,0.5237,2.2615
44.3570,0.5176,2.2371
44.3572,0.436,1.8842
44.3574,0.4167,1.8
44.3576,0.4608,1.9897
44.3578,0.524,2.2573
44.3580,0.5611,2.4197
44.3582,0.5773,2.4883
44.3584,0.567,2.4439
44.3586,0.5634,2.4317
44.3588,0.5989,2.5825
44.3590,0.5927,2.5556
44.3592,0.5387,2.3262
44.3594,0.4652,2.0098
44.3596,0.4523,1.952
44.3598,0.4486,1.936
44.3600,0.4465,1.9281
44.3602,0.4486,1.9387
44.3604,0.4522,1.9524
44.3606,0.4494,1.9405
44.3608,0.4499,1.9435
44.3610,0.4481,1.9339
44.3612,0.4457,1.9227
44.3614,0.4524,1.9534
44.3616,0.4524,1.9525
44.3618,0.4839,2.0886
44.3620,0.4494,1.9405
44.3622,0.4599,1.986
44.3624,0.5041,2.1735
44.3626,0.5752,2.4767
44.3628,0.5816,2.5069
44.3630,0.5609,2.4175
44.3632,0.5637,2.4249
44.3634,0.5745,2.4759
44.3636,0.5723,2.4677
44.3638,0.5724,2.4648
44.3640,0.6195,2.6665
44.3642,0.6036,2.6027
44.3644,0.5722,2.4672
44.3646,0.5673,2.4426
44.3648,0.6251,2.6877
44.3650,0.6905,2.9692
44.3652,0.6705,2.8818
44.3654,0.7253,3.1217
44.3656,0.6998,3.0159
44.3658,0.5755,2.4794
44.3660,0.5535,2.3855
44.3662,0.6035,2.5985
44.3664,0.6457,2.7764
44.3666,0.6759,2.9077
44.3668,0.6743,2.8996
44.3670,0.6942,2.9866
44.3672,0.6577,2.8345
44.3674,0.5627,2.4264
44.3676,0.5688,2.4505
44.3678,0.5971,2.5712
44.3680,0.6129,2.6393
44.3682,0.6369,2.7388
44.3684,0.6472,2.7857
44.3686,0.6346,2.7328
44.3688,0.6671,2.87
44.3690,0.7022,3.0206
44.3692,0.7146,3.0743
44.3694,0.6621,2.8497
44.3696,0.655,2.8179
44.3698,0.7146,3.0772
44.3700,0.6239,2.6863
44.3702,0.5938,2.5555
44.3704,0.6177,2.6625
44.3706,0.6296,2.7098
44.3708,0.6765,2.913
44.3710,0.6315,2.7143
44.3712,0.6921,2.9815
44.3714,0.6435,2.771
44.3716,0.6207,2.6779
44.3718,0.4526,1.9554
44.3720,0.4223,1.8235
44.3722,0.4193,1.8089
44.3724,0.4562,1.9682
44.3726,0.4526,1.9499
44.3728,0.6005,2.5832
44.3730,0.6687,2.8754
44.3732,0.6716,2.8931
44.3734,0.5917,2.5503
44.3736,0.5381,2.3215
44.3738,0.4988,2.1508
44.3740,0.4972,2.1431
44.3742,0.5566,2.4
44.3744,0.5374,2.3141
44.3746,0.5625,2.422
44.3748,0.59,2.5395
44.3750,0.627,2.696
44.3752,0.6687,2.8687
44.3754,0.7984,3.4285
44.3756,0.7791,3.3471
44.3758,0.7916,3.3991
44.3760,0.8314,3.5717
44.3762,0.7629,3.2745
44.3764,0.7676,3.2946
44.3766,0.8078,3.467
44.3768,0.861,3.6938
44.3770,0.8631,3.7008
44.3772,0.9524,4.0762
44.3774,1.0688,4.5745
44.3776,1.0784,4.6177
44.3778,1.029,4.4021
44.3780,1.0265,4.3934
44.3782,1.0725,4.5861
44.3784,1.0944,4.686
44.3786,0.9671,4.1451
44.3788,0.9471,4.0612
44.3790,0.9911,4.244
44.3792,0.9892,4.2377
44.3794,0.948,4.0667
44.3796,0.9131,3.9188
44.3798,0.9048,3.8833
44.3800,0.8716,3.7443
44.3802,0.8003,3.4367
44.3804,0.8791,3.7785
44.3806,0.849,3.6457
44.3808,0.8354,3.587
44.3810,0.8192,3.5175
44.3812,0.8201,3.5184
44.3814,0.8216,3.5278
44.3816,0.7981,3.4285
44.3818,0.7971,3.4292
44.3820,0.7766,3.3379
44.3822,0.7867,3.378
44.3824,0.8471,3.6375
44.3826,0.8705,3.7379
44.3828,0.8486,3.6403
44.3830,0.8803,3.7819
44.3832,0.8392,3.6069
44.3834,0.8294,3.5646
44.3836,0.8444,3.6273
44.3838,0.8354,3.5921
44.3840,0.7249,3.1201
44.3842,0.7402,3.1812
44.3844,0.7893,3.3909
44.3846,0.7872,3.3864
44.3848,0.7656,3.295
44.3850,0.7146,3.0786
44.3852,0.6364,2.7431
44.3854,0.5745,2.4759
44.3856,0.6215,2.6785
44.3858,0.614,2.6477
44.3860,0.5671,2.4421
44.3862,0.6115,2.6344
44.3864,0.6539,2.8172
44.3866,0.6517,2.8113
44.3868,0.5888,2.5356
44.3870,0.6482,2.7911
44.3872,0.7108,3.0592
44.3874,0.699,3.0114
44.3876,0.7187,3.0918
44.3878,0.7343,3.1589
44.3880,0.6867,2.9582
44.3882,0.6699,2.8859
44.3884,0.6834,2.9429
44.3886,0.681,2.9312
44.3888,0.6719,2.8974
44.3890,0.5981,2.5777
44.3892,0.5761,2.4843
44.3894,0.57,2.4568
44.3896,0.6123,2.6416
44.3898,0.5935,2.5557
44.3900,0.6458,2.7834
44.3902,0.6366,2.741
44.3904,0.6752,2.9046
44.3906,0.6471,2.7891
44.3908,0.5952,2.5617
44.3910,0.6218,2.6788
44.3912,0.6242,2.6866
44.3914,0.7096,3.0569
44.3916,0.6611,2.8469
44.3918,0.6735,2.8974
44.3920,0.6862,2.9575
44.3922,0.5869,2.5308
44.3924,0.5537,2.3865
44.3926,0.547,2.3586
44.3928,0.555,2.39
44.3930,0.6994,3.0102
44.3932,0.7272,3.1328
44.3934,0.6004,2.5899
44.3936,0.5929,2.5543
44.3938,0.6149,2.6513
44.3940,0.5418,2.3353
44.3942,0.5761,2.482
44.3944,0.6338,2.7279
44.3946,0.6362,2.7408
44.3948,0.6569,2.8314
44.3950,0.6367,2.7403
44.3952,0.5869,2.5308
44.3954,0.534,2.3039
44.3956,0.582,2.5073
44.3958,0.6411,2.7581
44.3960,0.6385,2.748
44.3962,0.6436,2.7715
44.3964,0.6499,2.7996
44.3966,0.6483,2.7903
44.3968,0.6405,2.7581
44.3970,0.6749,2.9036
44.3972,0.7233,3.1056
44.3974,0.8262,3.5463
44.3976,0.8322,3.577
44.3978,0.7959,3.4208
44.3980,0.7825,3.3694
44.3982,0.6472,2.7883
44.3984,0.6191,2.6681
44.3986,0.6168,2.6571
44.3988,0.6135,2.6407
44.3990,0.6192,2.6662
44.3992,0.6194,2.6697
44.3994,0.6193,2.6655
44.3996,0.6731,2.8931
44.3998,0.7309,3.1459
44.4000,0.7445,3.2012
44.4002,0.8079,3.4675
44.4004,0.8711,3.7422
44.4006,0.7247,3.1191
44.4008,0.62,2.6685
44.4010,0.5915,2.5493
44.4012,0.647,2.7885
44.4014,0.5962,2.5682
44.4016,0.599,2.5818
44.4018,0.5663,2.443
44.4020,0.5012,2.1601
44.4022,0.5117,2.2046
44.4024,0.5397,2.3271
44.4026,0.5045,2.1776
44.4028,0.5161,2.2242
44.4030,0.5766,2.4852
44.4032,0.5441,2.3451
44.4034,0.64,2.7547
44.4036,0.6487,2.7945
44.4038,0.5531,2.3839
44.4040,0.5146,2.2191
44.4042,0.5397,2.3303
44.4044,0.4529,1.9564
44.4046,0.4031,1.7431
44.4048,0.3902,1.6871
44.4050,0.4182,1.8067
44.4052,0.4227,1.825
44.4054,0.3948,1.7057
44.4056,0.4114,1.7755
44.4058,0.4704,2.0273
44.4060,0.5477,2.3607
44.4062,0.5398,2.3287
44.4064,0.5125,2.2108
44.4066,0.5024,2.1663
44.4068,0.499,2.1518
44.4070,0.5019,2.1652
44.4072,0.5108,2.2005
44.4074,0.5327,2.2939
44.4076,0.5587,2.4071
44.4078,0.5874,2.5305
44.4080,0.6182,2.6608
44.4082,0.6364,2.7405
44.4084,0.6151,2.6462
44.4086,0.7222,3.1068
44.4088,0.7153,3.0717
44.4090,0.7873,3.3806
44.4092,0.8145,3.4942
44.4094,0.8254,3.541
44.4096,0.8517,3.6554
44.4098,0.8545,3.6694
44.4100,0.8536,3.6653
44.4102,0.8736,3.7443
44.4104,0.9364,4.0098
44.4106,0.9533,4.0822
44.4108,0.9727,4.1629
44.4110,0.9843,4.2186
44.4112,0.9905,4.2454
44.4114,0.9843,4.2127
44.4116,1.0163,4.3518
44.4118,0.9778,4.1928
44.4120,0.9848,4.2187
44.4122,1.0089,4.3199
44.4124,0.9807,4.2013
44.4126,0.995,4.2624
44.4128,1.0505,4.496
44.4130,1.0553,4.5165
44.4132,1.0994,4.701
44.4134,1.1122,4.7558
44.4136,1.1208,4.7883
44.4138,1.1519,4.9232
44.4140,1.1038,4.7288
44.4142,0.9849,4.2232
44.4144,0.9679,4.1521
44.4146,1.0012,4.2871
44.4148,1.0952,4.6852
44.4150,1.0807,4.6361
44.4152,0.9339,4.0084
44.4154,0.9418,4.0442
44.4156,0.9629,4.131
44.4158,0.956,4.1107
44.4160,0.753,3.2394
44.4162,0.7547,3.2466
44.4164,0.7236,3.1115
44.4166,0.724,3.1116
44.4168,0.7551,3.2426
44.4170,0.8613,3.6983
44.4172,0.8412,3.6207
44.4174,0.7796,3.3554
44.4176,0.7803,3.357
44.4178,0.7195,3.0983
44.4180,0.6918,2.9818
44.4182,0.6402,2.7565
44.4184,0.6539,2.8159
44.4186,0.6822,2.9378
44.4188,0.7043,3.0328
44.4190,0.6962,3.0004
44.4192,0.6292,2.7121
44.4194,0.6211,2.6744
44.4196,0.6655,2.8695
44.4198,0.6368,2.7421
44.4200,0.702,3.0187
44.4202,0.6998,3.0131
44.4204,0.7408,3.1882
44.4206,0.698,3.0096
44.4208,0.6043,2.6058
44.4210,0.5845,2.5228
44.4212,0.4969,2.1445
44.4214,0.5013,2.1647
44.4216,0.4785,2.0644
44.4218,0.4936,2.1296
44.4220,0.5367,2.3174
44.4222,0.5225,2.2563
44.4224,0.5247,2.2614
44.4226,0.5656,2.441
44.4228,0.5119,2.2082
44.4230,0.4957,2.1384
44.4232,0.4933,2.131
44.4234,0.437,1.8889
44.4236,0.4325,1.8684
44.4238,0.4357,1.8832
44.4240,0.448,1.9352
44.4242,0.4366,1.886
44.4244,0.4316,1.8647
44.4246,0.4324,1.8678
44.4248,0.4374,1.8887
44.4250,0.4482,1.9344
44.4252,0.4384,1.8911
44.4254,0.4324,1.8687
44.4256,0.4318,1.8661
44.4258,0.4367,1.8839
44.4260,0.4502,1.9441
44.4262,0.4428,1.9129
44.4264,0.4462,1.9256
44.4266,0.4448,1.919
44.4268,0.4488,1.937
44.4270,0.4721,2.0364
44.4272,0.5211,2.2459
44.4274,0.5278,2.2749
44.4276,0.553,2.3834
44.4278,0.5837,2.5134
44.4280,0.584,2.5149
44.4282,0.5681,2.4462
44.4284,0.5866,2.5222
44.4286,0.642,2.7643
44.4288,0.6189,2.6676
44.4290,0.5798,2.5003
44.4292,0.564,2.4298
44.4294,0.559,2.4081
44.4296,0.5601,2.4139
44.4298,0.5837,2.5098
44.4300,0.702,3.0159
44.4302,0.727,3.1202
44.4304,0.7501,3.2225
44.4306,0.7539,3.239
44.4308,0.7933,3.4111
44.4310,0.7547,3.2481
44.4312,0.7065,3.0364
44.4314,0.7469,3.2086
44.4316,0.764,3.2899
44.4318,0.6453,2.7774
44.4320,0.6378,2.7424
44.4322,0.6996,3.0098
44.4324,0.7218,3.1038
44.4326,0.74,3.1792
44.4328,0.8249,3.5406
44.4330,0.8788,3.7787
44.4332,0.7902,3.3898
44.4334,0.8577,3.6794
44.4336,0.8161,3.509
44.4338,0.712,3.0629
44.4340,0.6778,2.9159
44.4342,0.7279,3.1301
44.4344,0.699,3.01
44.4346,0.6139,2.6459
44.4348,0.5645,2.4341
44.4350,0.5866,2.5199
44.4352,0.6886,2.9665
44.4354,0.6228,2.6829
44.4356,0.637,2.7444
44.4358,0.6206,2.6749
44.4360,0.551,2.3757
44.4362,0.5144,2.2201
44.4364,0.5066,2.1834
44.4366,0.5164,2.2268
44.4368,0.517,2.2273
44.4370,0.5345,2.307
44.4372,0.4584,1.9812
44.4374,0.4011,1.7326
44.4376,0.3972,1.7153
44.4378,0.3992,1.7244
44.4380,0.4017,1.7344
44.4382,0.3917,1.6907
44.4384,0.414,1.7861
44.4386,0.448,1.9334
44.4388,0.4283,1.8459
44.4390,0.5498,2.3716
44.4392,0.5079,2.1901
44.4394,0.4879,2.1038
44.4396,0.4836,2.0861
44.4398,0.4856,2.0949
44.4400,0.4893,2.11
44.4402,0.5242,2.2573
44.4404,0.5517,2.3766
44.4406,0.5053,2.1777
44.4408,0.5519,2.3798
44.4410,0.5627,2.4264
44.4412,0.5474,2.358
44.4414,0.5622,2.4221
44.4416,0.5856,2.5204
44.4418,0.6051,2.6046
44.4420,0.5906,2.5398
44.4422,0.6471,2.7839
44.4424,0.6719,2.8907
44.4426,0.7174,3.0862
44.4428,0.7111,3.0551
44.4430,0.7602,3.2627
44.4432,0.8056,3.4561
44.4434,0.8626,3.6953
44.4436,0.985,4.2158
44.4438,0.9935,4.2522
44.4440,0.9887,4.2357
44.4442,0.9753,4.1801
44.4444,0.9759,4.1827
44.4446,0.9728,4.1673
44.4448,0.9503,4.0694
44.4450,0.995,4.2624
44.4452,0.9981,4.2757
44.4454,0.9451,4.0525
44.4456,0.9344,4.003
44.4458,0.9569,4.111
44.4460,0.8426,3.6196
44.4462,0.8168,3.5056
44.4464,0.8047,3.4552
44.4466,0.8543,3.6667
44.4468,0.8298,3.56
44.4470,0.8596,3.6876
44.4472,0.891,3.8277
44.4474,0.8785,3.7689
44.4476,0.9061,3.8817
44.4478,0.9836,4.2155
44.4480,0.9361,4.0139
44.4482,0.9012,3.8643
44.4484,0.8643,3.7077
44.4486,0.8909,3.8254
44.4488,0.8693,3.7275
44.4490,0.9027,3.8746
44.4492,0.9387,4.0309
44.4494,0.882,3.7856
44.4496,0.9133,3.9144
44.4498,0.9605,4.1169
44.4500,0.9502,4.0746
44.4502,0.9358,4.0129
44.4504,0.9876,4.233
44.4506,0.9887,4.2396
44.4508,0.9532,4.0874
44.4510,0.9646,4.1382
44.4512,0.8884,3.8199
44.4514,0.7935,3.4121
44.4516,0.7525,3.2388
44.4518,0.7002,3.0166
44.4520,0.6725,2.8959
44.4522,0.6495,2.7955
44.4524,0.7067,3.0402
44.4526,0.7428,3.197
44.4528,0.7197,3.0974
44.4530,0.711,3.056
44.4532,0.7543,3.2465
44.4534,0.723,3.1162
44.4536,0.696,2.9957
44.4538,0.6699,2.8832
44.4540,0.6662,2.8712
44.4542,0.6277,2.7079
44.4544,0.5812,2.506
44.4546,0.5709,2.4615
44.4548,0.5603,2.4149
44.4550,0.5861,2.5237
44.4552,0.6664,2.8683
44.4554,0.6832,2.946
44.4556,0.5815,2.5075
44.4558,0.5704,2.4595
44.4560,0.5617,2.4211
44.4562,0.5622,2.4243
44.4564,0.5801,2.499
44.4566,0.638,2.7447
44.4568,0.6886,2.9651
44.4570,0.6779,2.9178
44.4572,0.6508,2.8025
44.4574,0.6218,2.675
44.4576,0.6962,2.9921
44.4578,0.8134,3.4944
44.4580,0.8215,3.529
44.4582,0.8137,3.5052
44.4584,0.6779,2.9192
44.4586,0.6428,2.7705
44.4588,0.5894,2.544
44.4590,0.5376,2.3194
44.4592,0.5306,2.2878
44.4594,0.534,2.3039
44.4596,0.5328,2.2966
44.4598,0.5978,2.5695
44.4600,0.6968,3.0044
44.4602,0.5754,2.4823
44.4604,0.5384,2.3225
44.4606,0.5352,2.308
44.4608,0.5352,2.309
44.4610,0.5394,2.325
44.4612,0.5815,2.5041
44.4614,0.5772,2.4889
44.4616,0.5837,2.5134
44.4618,0.6342,2.7294
44.4620,0.6523,2.8087
44.4622,0.6422,2.7666
44.4624,0.6391,2.7506
44.4626,0.6415,2.7622
44.4628,0.642,2.763
44.4630,0.6661,2.8614
44.4632,0.7821,3.36
44.4634,0.8536,3.667
44.4636,0.8134,3.4961
44.4638,0.7635,3.2847
44.4640,0.7652,3.292
44.4642,0.7285,3.1341
44.4644,0.7168,3.0836
44.4646,0.7051,3.0321
44.4648,0.7197,3.096
44.4650,0.7263,3.1214
44.4652,0.7408,3.1882
44.4654,0.7102,3.0552
44.4656,0.7113,3.057
44.4658,0.7459,3.2059
44.4660,0.801,3.4409
44.4662,0.8062,3.4619
44.4664,0.7998,3.4325
44.4666,0.8631,3.706
44.4668,0.8452,3.6377
44.4670,0.774,3.3157
44.4672,0.9107,3.9104
44.4674,0.881,3.7814
44.4676,0.8932,3.8281
44.4678,0.9338,4.0041
44.4680,0.9025,3.8826
44.4682,0.7741,3.3301
44.4684,0.7617,3.2755
44.4686,0.773,3.3224
44.4688,0.668,2.8736
44.4690,0.7151,3.0721
44.4692,0.8086,3.4771
44.4694,0.8358,3.5908
44.4696,0.8044,3.4558
44.4698,0.8114,3.4889
44.4700,0.8086,3.4787
44.4702,0.7511,3.2281
44.4704,0.7658,3.2945
44.4706,0.7415,3.1884
44.4708,0.777,3.3425
44.4710,0.7929,3.4032
44.4712,0.8954,3.8468
44.4714,0.8477,3.6435
44.4716,0.8689,3.7295
44.4718,0.931,3.996
44.4720,0.8143,3.5046
44.4722,0.7195,3.0983
44.4724,0.7107,3.0573
44.4726,0.7155,3.0779
44.4728,0.7838,3.3735
44.4730,0.7427,3.1935
44.4732,0.7426,3.193
44.4734,0.7108,3.0621
44.4736,0.6441,2.7749
44.4738,0.6483,2.7929
44.4740,0.6243,2.6884
44.4742,0.6983,3.0055
44.4744,0.7119,3.0624
44.4746,0.7296,3.1359
44.4748,0.7929,3.4127
44.4750,0.7746,3.3307
44.4752,0.8048,3.459
44.4754,0.8182,3.5183
44.4756,0.808,3.4713
44.4758,0.8155,3.5016
44.4760,0.837,3.5993
44.4762,0.8182,3.5134
44.4764,0.9192,3.9414
44.4766,1.0019,4.2962
44.4768,0.9959,4.2685
44.4770,1.0066,4.3162
44.4772,1.0006,4.2945
44.4774,0.9964,4.2745
44.4776,0.9897,4.2437
44.4778,0.9472,4.0636
44.4780,0.9633,4.1345
44.4782,0.9771,4.1917
44.4784,0.9963,4.272
44.4786,0.9701,4.1657
44.4788,0.9342,4.0132
44.4790,0.9574,4.1073
44.4792,0.9658,4.1453
44.4794,0.9345,4.011
44.4796,0.9579,4.1056
44.4798,0.9846,4.2182
44.4800,1.0699,4.5856
44.4802,1.0935,4.689
44.4804,1.0898,4.6687
44.4806,1.0894,4.6737
44.4808,1.0146,4.3547
44.4810,0.9587,4.1149
44.4812,0.8999,3.8712
44.4814,0.7981,3.4349
44.4816,0.7362,3.1701
44.4818,0.7039,3.034
44.4820,0.7047,3.0385
44.4822,0.7015,3.0209
44.4824,0.6968,2.9974
44.4826,0.7765,3.3389
44.4828,0.825,3.5461
44.4830,0.8302,3.5699
44.4832,0.7798,3.3518
44.4834,0.8452,3.6343
44.4836,0.8711,3.744
44.4838,0.805,3.4681
44.4840,0.7266,3.1317
44.4842,0.6535,2.8165
44.4844,0.706,3.04
44.4846,0.7343,3.1648
44.4848,0.6897,2.9711
44.4850,0.6952,2.9949
44.4852,0.7055,3.0407
44.4854,0.6575,2.8367
44.4856,0.5916,2.5498
44.4858,0.644,2.7743
44.4860,0.6898,2.973
44.4862,0.6411,2.7645
44.4864,0.6192,2.6699
44.4866,0.6292,2.7146
44.4868,0.5969,2.5749
44.4870,0.6228,2.6817
44.4872,0.709,3.0529
44.4874,0.7348,3.1624
44.4876,0.7322,3.153
44.4878,0.7384,3.1779
44.4880,0.7393,3.1835
44.4882,0.7544,3.2471
44.4884,0.7737,3.3348
44.4886,0.7589,3.2646
44.4888,0.7639,3.2832
44.4890,0.7971,3.426
44.4892,0.8264,3.5517
44.4894,0.8187,3.522
44.4896,0.7282,3.1399
44.4898,0.6035,2.6058
44.4900,0.6706,2.889
44.4902,0.7827,3.3657
44.4904,0.7819,3.3605
44.4906,0.7911,3.405
44.4908,0.7903,3.395
44.4910,0.8643,3.7111
44.4912,0.8711,3.7527
44.4914,0.699,3.0156
44.4916,0.6439,2.7725
44.4918,0.711,3.0602
44.4920,0.6531,2.8175
44.4922,0.5998,2.5873
44.4924,0.6028,2.5942
44.4926,0.7211,3.1036
44.4928,0.7113,3.0684
44.4930,0.6113,2.6394
44.4932,0.5314,2.2967
44.4934,0.4698,2.0285
44.4936,0.47,2.0295
44.4938,0.5348,2.3081
44.4940,0.5372,2.3173
44.4942,0.5906,2.5445
44.4944,0.6791,2.9243
44.4946,0.6771,2.9183
44.4948,0.638,2.7523
44.4950,0.5718,2.468
44.4952,0.5645,2.4353
44.4954,0.5706,2.4616
44.4956,0.5605,2.4171
44.4958,0.5766,2.4829
44.4960,0.6763,2.9065
44.4962,0.83,3.5655
44.4964,0.8851,3.8096
44.4966,0.7493,3.2249
44.4968,0.7073,3.0471
44.4970,0.6059,2.6149
44.4972,0.5596,2.4129
44.4974,0.553,2.3845
44.4976,0.5462,2.3561
44.4978,0.5506,2.3775
44.4980,0.5532,2.3877
44.4982,0.5513,2.3784
44.4984,0.5462,2.3572
44.4986,0.5693,2.4548
44.4988,0.6223,2.6784
44.4990,0.6518,2.8053
44.4992,0.6608,2.8427
44.4994,0.6748,2.903
44.4996,0.6659,2.8715
44.4998,0.5556,2.397
44.5000,0.5055,2.1818
44.5002,0.5488,2.3653
44.5004,0.5731,2.4736
44.5006,0.4757,2.0539
44.5008,0.4649,2.0091
44.5010,0.485,2.0933
44.5012,0.4713,2.0362
44.5014,0.4791,2.0698
44.5016,0.5103,2.2025
44.5018,0.5598,2.414
44.5020,0.537,2.32
44.5022,0.4727,2.0419
44.5024,0.4537,1.9591
44.5026,0.4277,1.8459
44.5028,0.4519,1.9486
44.5030,0.5007,2.1611
44.5032,0.4915,2.1202
44.5034,0.4981,2.1497
44.5036,0.4887,2.1064
44.5038,0.5444,2.3473
44.5040,0.561,2.4191
44.5042,0.5345,2.3027
44.5044,0.5848,2.5227
44.5046,0.5516,2.375
44.5048,0.6779,2.9151
44.5050,0.6855,2.9489
44.5052,0.652,2.8102
44.5054,0.5904,2.547
44.5056,0.4994,2.1554
44.5058,0.4759,2.054
44.5060,0.4728,2.0396
44.5062,0.4855,2.0915
44.5064,0.564,2.4276
44.5066,0.6283,2.7079
44.5068,0.5767,2.4846
44.5070,0.5956,2.5633
44.5072,0.6295,2.7093
44.5074,0.6638,2.8556
44.5076,0.6879,2.9551
44.5078,0.7321,3.1452
44.5080,0.7717,3.3136
44.5082,0.764,3.2838
44.5084,0.7409,3.1858
44.5086,0.7369,3.1702
44.5088,0.7168,3.0807
44.5090,0.737,3.1693
44.5092,0.7332,3.1528
44.5094,0.7932,3.4026
44.5096,0.8055,3.4572
44.5098,0.833,3.5734
44.5100,0.9414,4.0365
44.5102,0.9822,4.2079
44.5104,0.9962,4.2635
44.5106,1.0145,4.3461
44.5108,0.9911,4.242
44.5110,1.0634,4.5493
44.5112,1.0965,4.6909
44.5114,1.059,4.5346
44.5116,1.1266,4.8174
44.5118,1.167,4.9901
44.5120,1.0984,4.7057
44.5122,1.0055,4.3096
44.5124,0.9779,4.1953
44.5126,0.9222,3.9543
44.5128,0.9658,4.1434
44.5130,0.9373,4.0228
44.5132,0.9041,3.8821
44.5134,0.8472,3.6397
44.5136,0.8286,3.5615
44.5138,0.8245,3.5435
44.5140,0.8416,3.6105
44.5142,0.8885,3.8134
44.5144,0.836,3.5896
44.5146,0.8771,3.7697
44.5148,0.8706,3.7419
44.5150,0.8204,3.5292
44.5152,0.773,3.324
44.5154,0.8447,3.6238
44.5156,0.9296,3.9843
44.5158,0.9367,4.024
44.5160,0.886,3.8114
44.5162,0.8433,3.6244
44.5164,0.8312,3.574
44.5166,0.7952,3.4209
44.5168,0.7692,3.309
44.5170,0.7545,3.2476
44.5172,0.7478,3.2157
44.5174,0.7658,3.293
44.5176,0.7453,3.2108
44.5178,0.7237,3.1164
44.5180,0.7541,3.2425
44.5182,0.7638,3.2827
44.5184,0.7664,3.2971
44.5186,0.7303,3.1462
44.5188,0.6631,2.8565
44.5190,0.6704,2.8853
44.5192,0.7396,3.1845
44.5194,0.7005,3.0204
44.5196,0.6038,2.6037
44.5198,0.5568,2.401
44.5200,0.5587,2.4115
44.5202,0.5719,2.4662
44.5204,0.5804,2.5017
44.5206,0.5819,2.5068
44.5208,0.6233,2.6862
44.5210,0.6278,2.7096
44.5212,0.5918,2.5496
44.5214,0.6074,2.6192
44.5216,0.5423,2.3428
44.5218,0.5295,2.2842
44.5220,0.5356,2.3074
44.5222,0.6078,2.6208
44.5224,0.6131,2.6398
44.5226,0.715,3.0801
44.5228,0.6538,2.818
44.5230,0.5699,2.4608
44.5232,0.5376,2.3194
44.5234,0.5342,2.3033
44.5236,0.5326,2.2966
44.5238,0.5326,2.2977
44.5240,0.5331,2.2997
44.5242,0.5728,2.4698
44.5244,0.5458,2.3557
44.5246,0.5285,2.2822
44.5248,0.5309,2.2883
44.5250,0.5469,2.3581
44.5252,0.5279,2.2775
44.5254,0.5394,2.3261
44.5256,0.5403,2.3286
44.5258,0.5609,2.4164
44.5260,0.618,2.6647
44.5262,0.5773,2.4895
44.5264,0.5536,2.386
44.5266,0.5861,2.5248
44.5268,0.6197,2.6707
44.5270,0.6422,2.7627
44.5272,0.6619,2.8473
44.5274,0.6935,2.9821
44.5276,0.7571,3.2539
44.5278,0.793,3.4101
44.5280,0.7938,3.4084
44.5282,0.8298,3.5667
44.5284,0.8137,3.4955
44.5286,0.8404,3.607
44.5288,0.8568,3.6775
44.5290,0.8596,3.6876
44.5292,0.9097,3.9026
44.5294,0.8985,3.862
44.5296,0.8092,3.4764
44.5298,0.7963,3.424
44.5300,0.7873,3.3853
44.5302,0.7532,3.2419
44.5304,0.7157,3.0775
44.5306,0.7314,3.1436
44.5308,0.8043,3.4537
44.5310,0.8169,3.5159
44.5312,0.7579,3.262
44.5314,0.755,3.2451
44.5316,0.7575,3.2544
44.5318,0.7137,3.073
44.5320,0.6652,2.8631
44.5322,0.7179,3.0853
44.5324,0.8241,3.5386
44.5326,0.8297,3.5678
44.5328,0.7964,3.4293
44.5330,0.7191,3.0919
44.5332,0.7826,3.3652
44.5334,0.718,3.093
44.5336,0.6109,2.633
44.5338,0.59,2.5454
44.5340,0.6143,2.645
44.5342,0.637,2.7418
44.5344,0.6713,2.8894
44.5346,0.6551,2.825
44.5348,0.6279,2.7064
44.5350,0.6113,2.6333
44.5352,0.6051,2.6058
44.5354,0.6045,2.6044
44.5356,0.6013,2.5892
44.5358,0.6908,2.9758
44.5360,0.671,2.8959
44.5362,0.55,2.3727
44.5364,0.508,2.1906
44.5366,0.5065,2.1849
44.5368,0.5358,2.3116
44.5370,0.4632,2.001
44.5372,0.4133,1.7846
44.5374,0.4219,1.8236
44.5376,0.409,1.7676
44.5378,0.459,1.9782
44.5380,0.5378,2.3188
44.5382,0.5092,2.1968
44.5384,0.5078,2.1906
44.5386,0.5452,2.3498
44.5388,0.5169,2.2289
44.5390,0.5089,2.1932
44.5392,0.539,2.3251
44.5394,0.5421,2.3364
44.5396,0.6087,2.6213
44.5398,0.6176,2.6533
44.5400,0.7469,3.2071
44.5402,0.8045,3.4563
44.5404,0.7709,3.3178
44.5406,0.5932,2.5565
44.5408,0.5996,2.5868
44.5410,0.5746,2.4764
44.5412,0.6251,2.6927
44.5414,0.6101,2.6269
44.5416,0.5936,2.555
44.5418,0.6814,2.9287
44.5420,0.7149,3.0768
44.5422,0.7086,3.0485
44.5424,0.7619,3.2714
44.5426,0.8257,3.5453
44.5428,0.8679,3.7196
44.5430,0.9783,4.191
44.5432,0.953,4.0845
44.5434,0.9474,4.0622
44.5436,0.9597,4.1133
44.5438,0.9789,4.1955
44.5440,0.9804,4.2041
44.5442,0.9804,4.2081
44.5444,0.92,3.945
44.5446,0.9698,4.1545
44.5448,0.9591,4.1145
44.5450,0.9563,4.1027
44.5452,0.9795,4.202
44.5454,0.9432,4.0518
44.5456,0.8922,3.8293
44.5458,0.9121,3.9147
44.5460,0.9006,3.8617
44.5462,0.9557,4.0982
44.5464,0.9466,4.061
44.5466,0.9199,3.9482
44.5468,0.9005,3.8648
44.5470,0.933,3.9987
44.5472,1.0139,4.3456
44.5474,1.0047,4.304
44.5476,1.067,4.5754
44.5478,1.014,4.3461
44.5480,1.0066,4.3182
44.5482,0.9668,4.1494
44.5484,0.9367,4.0202
44.5486,0.9697,4.1598
44.5488,0.9649,4.147
44.5490,0.8852,3.7959
44.5492,0.9462,4.0628
44.5494,0.9129,3.9238
44.5496,0.8325,3.5764
44.5498,0.8644,3.7116
44.5500,0.8627,3.7096
44.5502,0.7977,3.4365
44.5504,0.7103,3.06
44.5506,0.7113,3.0655
44.5508,0.6615,2.8484
44.5510,0.7331,3.1552
44.5512,0.7613,3.2734
44.5514,0.7792,3.3554
44.5516,0.7205,3.1068
44.5518,0.6637,2.8644
44.5520,0.5933,2.5606
44.5522,0.5989,2.5801
44.5524,0.639,2.7514
44.5526,0.6559,2.8268
44.5528,0.6615,2.8511
44.5530,0.6123,2.638
44.5532,0.5878,2.5368
44.5534,0.5191,2.2434
44.5536,0.5108,2.2035
44.5538,0.5833,2.513
44.5540,0.6067,2.6161
44.5542,0.5976,2.5792
44.5544,0.5589,2.4087
44.5546,0.5302,2.2884
44.5548,0.4969,2.1455
44.5550,0.5014,2.1652
44.5552,0.5119,2.2082
44.5554,0.5198,2.2454
44.5556,0.5026,2.1694
44.5558,0.5665,2.4395
44.5560,0.6141,2.6482
44.5562,0.5488,2.3653
44.5564,0.6245,2.6889
44.5566,0.6117,2.6378
44.5568,0.545,2.3553
44.5570,0.4598,1.9864
44.5572,0.4489,1.9384
44.5574,0.446,1.9269
44.5576,0.4465,1.929
44.5578,0.4448,1.9208
44.5580,0.4496,1.9406
44.5582,0.4635,2.0007
44.5584,0.4633,2.0005
44.5586,0.4586,1.9813
44.5588,0.4592,1.9829
44.5590,0.4586,1.9804
44.5592,0.4628,1.9994
44.5594,0.4589,1.9805
44.5596,0.4607,1.9873
44.5598,0.4495,1.9419
44.5600,0.4444,1.9196
44.5602,0.4475,1.9322
44.5604,0.4439,1.9176
44.5606,0.4615,1.9919
44.5608,0.5171,2.2309
44.5610,0.5409,2.3301
44.5612,0.5701,2.4562
44.5614,0.6334,2.7289
44.5616,0.5917,2.5503
44.5618,0.5553,2.3921
44.5620,0.5508,2.373
44.5622,0.5585,2.4083
44.5624,0.5568,2.4022
44.5626,0.5504,2.3709
44.5628,0.5596,2.4096
44.5630,0.6236,2.6803
44.5632,0.7366,3.1672
44.5634,0.7141,3.0665
44.5636,0.7885,3.3905
44.5638,0.7192,3.0982
44.5640,0.5611,2.4197
44.5642,0.5434,2.3442
44.5644,0.5402,2.3292
44.5646,0.568,2.4469
44.5648,0.6162,2.6545
44.5650,0.5674,2.4454
44.5652,0.5207,2.2454
44.5654,0.5557,2.3953
44.5656,0.6149,2.6464
44.5658,0.6254,2.693
44.5660,0.6337,2.7274
44.5662,0.6861,2.9529
44.5664,0.6916,2.9766
44.5666,0.6852,2.9438
44.5668,0.7056,3.0384
44.5670,0.6619,2.8513
44.5672,0.6104,2.6297
44.5674,0.6212,2.67
44.5676,0.7161,3.0805
44.5678,0.6679,2.8771
44.5680,0.6412,2.7612
44.5682,0.6592,2.8333
44.5684,0.6916,2.978
44.5686,0.6368,2.7421
44.5688,0.6507,2.8033
44.5690,0.6501,2.7955
44.5692,0.6843,2.9452
44.5694,0.6209,2.6759
44.5696,0.5644,2.4347
44.5698,0.5077,2.1891
44.5700,0.499,2.1508
44.5702,0.5173,2.2294
44.5704,0.5577,2.4058
44.5706,0.5361,2.3127
44.5708,0.554,2.3831
44.5710,0.6719,2.892
44.5712,0.6669,2.8717
44.5714,0.6179,2.6593
44.5716,0.5874,2.5317
44.5718,0.5029,2.1674
44.5720,0.4944,2.1327
44.5722,0.4945,2.1342
44.5724,0.4915,2.1202
44.5726,0.4922,2.1224
44.5728,0.4898,2.111
44.5730,0.5008,2.1566
44.5732,0.5474,2.3569
44.5734,0.5598,2.4106
44.5736,0.6079,2.6189
44.5738,0.6045,2.6044
44.5740,0.6198,2.6712
44.5742,0.5807,2.4981
44.5744,0.6355,2.7351
44.5746,0.6321,2.7232
44.5748,0.615,2.642
44.5750,0.7466,3.206
44.5752,0.7325,3.1438
44.5754,0.7815,3.359
44.5756,0.7875,3.3816
44.5758,0.8372,3.5914
44.5760,0.8397,3.6039
44.5762,0.8234,3.5257
44.5764,0.9193,3.9401
44.5766,0.8591,3.689
44.5768,0.838,3.5984
44.5770,0.886,3.799
44.5772,0.9209,3.9449
44.5774,0.9489,4.0727
44.5776,0.9802,4.2012
44.5778,0.9374,4.0139
44.5780,0.9604,4.1183
44.5782,0.9376,4.0206
44.5784,0.9549,4.1004
44.5786,0.8754,3.7573
44.5788,0.9019,3.8656
44.5790,0.9488,4.0665
44.5792,0.9105,3.9099
44.5794,0.8306,3.5681
44.5796,0.7904,3.3987
44.5798,0.7599,3.2678
44.5800,0.7474,3.2136
44.5802,0.7393,3.1791
44.5804,0.7845,3.3719
44.5806,0.8047,3.4585
44.5808,0.7541,3.2395
44.5810,0.8158,3.4982
44.5812,0.9195,3.9466
44.5814,0.8813,3.7825
44.5816,0.8956,3.8455
44.5818,0.8486,3.6471
44.5820,0.8257,3.5503
44.5822,0.7987,3.4327
44.5824,0.7808,3.3528
44.5826,0.8103,3.4811
44.5828,0.8314,3.5684
44.5830,0.8326,3.5785
44.5832,0.7567,3.2538
44.5834,0.7568,3.2559
44.5836,0.7209,3.104
44.5838,0.6697,2.8795
44.5840,0.6656,2.87
44.5842,0.6322,2.7225
44.5844,0.6849,2.9477
44.5846,0.6772,2.9147
44.5848,0.6562,2.827
44.5850,0.6668,2.8698
44.5852,0.6742,2.9045
44.5854,0.662,2.8505
44.5856,0.7105,3.0568
44.5858,0.7502,3.223
44.5860,0.7587,3.2641
44.5862,0.709,3.0486
44.5864,0.6828,2.9403
44.5866,0.7045,3.0338
44.5868,0.646,2.7844
44.5870,0.6004,2.5875
44.5872,0.5929,2.5555
44.5874,0.6575,2.8327
44.5876,0.6146,2.6453
44.5878,0.6243,2.6859
44.5880,0.6526,2.8128
44.5882,0.6248,2.6904
44.5884,0.723,3.1104
44.5886,0.7243,3.1175
44.5888,0.7228,3.1079
44.5890,0.7266,3.1273
44.5892,0.6947,2.9887
44.5894,0.6735,2.9001
44.5896,0.6597,2.8407
44.5898,0.6348,2.7346
44.5900,0.6465,2.7839
44.5902,0.6637,2.8551
44.5904,0.6357,2.7425
44.5906,0.5402,2.3303
44.5908,0.5337,2.3013
44.5910,0.543,2.3416
44.5912,0.5525,2.3835
44.5914,0.54,2.3297
44.5916,0.5345,2.3049
44.5918,0.5354,2.3106
44.5920,0.5387,2.324
44.5922,0.5778,2.4834
44.5924,0.6926,2.9822
44.5926,0.5754,2.48
44.5928,0.5414,2.3354
44.5930,0.5435,2.3458
44.5932,0.5415,2.3316
44.5934,0.6037,2.5972
44.5936,0.7132,3.0638
44.5938,0.79,3.4019
44.5940,0.6668,2.8698
44.5942,0.6411,2.7594
44.5944,0.6368,2.7421
44.5946,0.6445,2.7725
44.5948,0.6969,2.9993
44.5950,0.7057,3.0375
44.5952,0.7276,3.1271
44.5954,0.7298,3.1369
44.5956,0.7971,3.4244
44.5958,0.841,3.6112
44.5960,0.7885,3.3889
44.5962,0.7164,3.0863
44.5964,0.63,2.7164
44.5966,0.6105,2.629
44.5968,0.6102,2.6299
44.5970,0.617,2.6569
44.5972,0.6138,2.6429
44.5974,0.6077,2.6166
44.5976,0.6071,2.6128
44.5978,0.6098,2.6271
44.5980,0.6143,2.6462
44.5982,0.618,2.6622
44.5984,0.6072,2.6133
44.5986,0.6604,2.8411
44.5988,0.7092,3.0497
44.5990,0.7693,3.3049
44.5992,0.7989,3.4337
44.5994,0.7745,3.3255
44.5996,0.7868,3.3895
44.5998,0.6488,2.7976
44.6000,0.5998,2.5813
44.6002,0.6319,2.7222
44.6004,0.5879,2.5326
44.6006,0.6098,2.6259
44.6008,0.6102,2.6275
44.6010,0.6318,2.7217
44.6012,0.6185,2.6643
44.6014,0.6471,2.7891
44.6016,0.5995,2.5839
44.6018,0.5897,2.5415
44.6020,0.578,2.4949
44.6022,0.5161,2.2232
44.6024,0.5856,2.524
44.6026,0.5677,2.4481
44.6028,0.5079,2.1921
44.6030,0.4752,2.049
44.6032,0.4718,2.0364
44.6034,0.477,2.0557
44.6036,0.5417,2.3381
44.6038,0.4781,2.0633
44.6040,0.4778,2.0594
44.6042,0.5538,2.3881
44.6044,0.587,2.529
44.6046,0.579,2.4955
44.6048,0.5753,2.4772
44.6050,0.6635,2.8532
44.6052,0.6766,2.9135
44.6054,0.5989,2.5813
44.6056,0.6265,2.6952
44.6058,0.6235,2.6848
44.6060,0.5743,2.4742
44.6062,0.6129,2.6381
44.6064,0.6549,2.8161
44.6066,0.6749,2.9063
44.6068,0.69,2.9686
44.6070,0.6916,2.9753
44.6072,0.6291,2.7053
44.6074,0.6821,2.9318
44.6076,0.6845,2.9421
44.6078,0.7458,3.2039
44.6080,0.7662,3.293
44.6082,0.7803,3.357
44.6084,0.7483,3.2133
44.6086,0.8237,3.5322
44.6088,0.8755,3.756
44.6090,0.8795,3.7712
44.6092,0.9002,3.862
44.6094,0.8669,3.712
44.6096,1.0189,4.359
44.6098,1.1011,4.7126
44.6100,1.0726,4.5909
44.6102,1.094,4.6779
44.6104,1.1418,4.8802
44.6106,1.1345,4.8535
44.6108,1.0473,4.4889
44.6110,0.9458,4.0537
44.6112,0.979,4.1999
44.6114,0.9976,4.2777
44.6116,0.9571,4.1039
44.6118,0.9503,4.0675
44.6120,0.9994,4.2794
44.6122,0.9646,4.1363
44.6124,0.8869,3.8102
44.6126,0.8531,3.6667
44.6128,0.8938,3.836
44.6130,0.9096,3.9021
44.6132,0.9093,3.9047
44.6134,0.894,3.837
44.6136,0.9175,3.9305
44.6138,0.9691,4.1572
44.6140,0.9368,4.0226
44.6142,0.8481,3.6501
44.6144,0.7445,3.2072
44.6146,0.7131,3.0704
44.6148,0.7032,3.0239
44.6150,0.7749,3.3291
44.6152,0.8362,3.5923
44.6154,0.8536,3.6704
44.6156,0.8144,3.4986
44.6158,0.838,3.5984
44.6160,0.8765,3.7654
44.6162,0.7875,3.3974
44.6164,0.589,2.5384
44.6166,0.6363,2.74
44.6168,0.6441,2.7761
44.6170,0.6295,2.7093
44.6172,0.6923,2.9825
44.6174,0.6838,2.9458
44.6176,0.6363,2.7426
44.6178,0.6,2.586
44.6180,0.6414,2.7643
44.6182,0.6369,2.7413
44.6184,0.6761,2.9128
44.6186,0.6555,2.8239
44.6188,0.6869,2.9538
44.6190,0.7171,3.0909
44.6192,0.6123,2.6404
44.6194,0.5324,2.2988
44.6196,0.5343,2.3038
44.6198,0.5897,2.5439
44.6200,0.5342,2.3055
44.6202,0.5007,2.1621
44.6204,0.487,2.1031
44.6206,0.4857,2.0983
44.6208,0.4793,2.0704
44.6210,0.4946,2.1347
44.6212,0.5056,2.1843
44.6214,0.4962,2.1424
44.6216,0.4233,1.8302
44.6218,0.4026,1.7394
44.6220,0.4156,1.7928
44.6222,0.4549,1.9652
44.6224,0.4466,1.9295
44.6226,0.4434,1.9155
44.6228,0.446,1.926
44.6230,0.4493,1.9409
44.6232,0.4454,1.9252
44.6234,0.444,1.9181
44.6236,0.4388,1.8923
44.6238,0.4818,2.0764
44.6240,0.5374,2.3184
44.6242,0.4826,2.0839
44.6244,0.454,1.9602
44.6246,0.4711,2.0351
44.6248,0.4415,1.9054
44.6250,0.4609,1.9902
44.6252,0.4898,2.112
44.6254,0.496,2.1419
44.6256,0.4469,1.9278
44.6258,0.4355,1.8804
44.6260,0.4535,1.959
44.6262,0.4842,2.0897
44.6264,0.5057,2.1798
44.6266,0.5351,2.3075
44.6268,0.5705,2.4566
44.6270,0.6333,2.7246
44.6272,0.6522,2.8069
44.6274,0.6625,2.8512
44.6276,0.6686,2.8762
44.6278,0.679,2.9211
44.6280,0.6526,2.8089
44.6282,0.6646,2.8592
44.6284,0.7029,3.0251
44.6286,0.6796,2.9223
44.6288,0.7463,3.203
44.6290,0.8197,3.513
44.6292,0.8908,3.8178
44.6294,0.8838,3.7968
44.6296,0.7357,3.1695
44.6298,0.6418,2.7612
44.6300,0.6687,2.8767
44.6302,0.6717,2.8869
44.6304,0.6716,2.8891
44.6306,0.6484,2.787
44.6308,0.6578,2.8298
44.6310,0.6812,2.929
44.6312,0.7231,3.1196
44.6314,0.559,2.4103
44.6316,0.5438,2.3436
44.6318,0.5405,2.3275
44.6320,0.6016,2.5903
44.6322,0.6881,2.9548
44.6324,0.8304,3.5643
44.6326,0.7098,3.0565
44.6328,0.6711,2.8884
44.6330,0.7001,3.0147
44.6332,0.5787,2.4963
44.6334,0.5056,2.1813
44.6336,0.5556,2.3903
44.6338,0.6051,2.6058
44.6340,0.6225,2.6819
44.6342,0.6312,2.7153
44.6344,0.6629,2.856
44.6346,0.5863,2.5294
44.6348,0.5279,2.2764
44.6350,0.5239,2.2547
44.6352,0.6223,2.6759
44.6354,0.6462,2.7811
44.6356,0.6701,2.8856
44.6358,0.6179,2.6642
44.6360,0.4719,2.0378
44.6362,0.4055,1.751
44.6364,0.3951,1.706
44.6366,0.414,1.7878
44.6368,0.4022,1.7373
44.6370,0.431,1.8587
44.6372,0.5306,2.2857
44.6374,0.5257,2.2656
44.6376,0.4881,2.1038
44.6378,0.4868,2.1001
44.6380,0.4869,2.1006
44.6382,0.4816,2.0769
44.6384,0.4826,2.0791
44.6386,0.5693,2.4525
44.6388,0.57,2.4579
44.6390,0.5017,2.1612
44.6392,0.5243,2.2588
44.6394,0.523,2.2552
44.6396,0.5245,2.2625
44.6398,0.5168,2.2284
44.6400,0.5138,2.2134
44.6402,0.5155,2.2216
44.6404,0.5176,2.2299
44.6406,0.5465,2.3533
44.6408,0.598,2.57
44.6410,0.6326,2.724
44.6412,0.5743,2.4731
44.6414,0.5968,2.566
44.6416,0.6904,2.966
44.6418,0.7405,3.1798
44.6420,0.745,3.2018
44.6422,0.7246,3.1099
44.6424,0.7852,3.3687
44.6426,0.8072,3.4628
44.6428,0.9055,3.8774
44.6430,0.9873,4.2256
44.6432,0.9896,4.2373
44.6434,0.9848,4.2167
44.6436,0.9813,4.2038
44.6438,0.9909,4.2429
44.6440,1.0012,4.2871
44.6442,0.958,4.1061
44.6444,0.9332,4.0016
44.6446,0.9545,4.0912
44.6448,0.9193,3.9474
44.6450,0.8261,3.5474
44.6452,0.8155,3.4983
44.6454,0.9036,3.8728
44.6456,0.9463,4.0519
44.6458,0.8703,3.7334
44.6460,0.865,3.7125
44.6462,0.9061,3.8854
44.6464,0.9234,3.9594
44.6466,0.9055,3.8828
44.6468,0.9616,4.1177
44.6470,0.9729,4.1698
44.6472,0.8667,3.7266
44.6474,0.7794,3.345
44.6476,0.8097,3.4801
44.6478,0.7936,3.411
44.6480,0.7768,3.3373
44.6482,0.7982,3.4258
44.6484,0.8656,3.7116
44.6486,0.9328,4.0019
44.6488,0.9429,4.0451
44.6490,0.9261,3.9694
44.6492,0.939,4.0356
44.6494,0.8494,3.6507
44.6496,0.7959,3.4208
44.6498,0.7111,3.0622
44.6500,0.6519,2.8084
44.6502,0.6691,2.881
44.6504,0.6688,2.8759
44.6506,0.8125,3.4936
44.6508,0.759,3.2591
44.6510,0.8119,3.4894
44.6512,0.7989,3.4289
44.6514,0.8656,3.7133
44.6516,0.8863,3.8059
44.6518,0.8292,3.5658
44.6520,0.7657,3.2925
44.6522,0.7715,3.3157
44.6524,0.8367,3.5894
44.6526,0.8995,3.8625
44.6528,0.8544,3.6706
44.6530,0.8183,3.5139
44.6532,0.8444,3.624
44.6534,0.8703,3.7351
44.6536,0.8307,3.5736
44.6538,0.7131,3.0662
44.6540,0.7191,3.0905
44.6542,0.7252,3.124
44.6544,0.6757,2.9107
44.6546,0.6745,2.9015
44.6548,0.6718,2.8942
44.6550,0.6433,2.7687
44.6552,0.7247,3.1205
44.6554,0.7508,3.2316
44.6556,0.7412,3.1873
44.6558,0.7231,3.1109
44.6560,0.692,2.9782
44.6562,0.712,3.0601
44.6564,0.7604,3.2683
44.6566,0.7532,3.2434
44.6568,0.6668,2.8765
44.6570,0.6056,2.6115
44.6572,0.5964,2.5705
44.6574,0.5924,2.5534
44.6576,0.574,2.475
44.6578,0.5409,2.3334
44.6580,0.529,2.2821
44.6582,0.5312,2.2915
44.6584,0.5442,2.3435
44.6586,0.7031,3.022
44.6588,0.7175,3.0953
44.6590,0.5427,2.3411
44.6592,0.5318,2.294
44.6594,0.5405,2.3296
44.6596,0.5542,2.3863
44.6598,0.618,2.6635
44.6600,0.6426,2.7681
44.6602,0.6453,2.7787
44.6604,0.6448,2.7754
44.6606,0.6556,2.8231
44.6608,0.6551,2.8237
44.6610,0.64,2.756
44.6612,0.6417,2.7594
44.6614,0.7363,3.1618
44.6616,0.7661,3.2971
44.6618,0.7438,3.1996
44.6620,0.7814,3.3632
44.6622,0.6547,2.819
44.6624,0.6217,2.6795
44.6626,0.6229,2.6822
44.6628,0.6599,2.843
44.6630,0.6197,2.6695
44.6632,0.6117,2.6342
44.6634,0.6138,2.6442
44.6636,0.6195,2.6702
44.6638,0.6447,2.78
44.6640,0.6105,2.629
44.6642,0.6045,2.6044
44.6644,0.6213,2.6767
44.6646,0.6334,2.7276
44.6648,0.6212,2.675
44.6650,0.6861,2.9515
44.6652,0.7464,3.2065
44.6654,0.7978,3.4227
44.6656,0.842,3.6137
44.6658,0.8361,3.6002
44.6660,0.6815,2.9333
44.6662,0.6463,2.7816
44.6664,0.6639,2.8588
44.6666,0.6766,2.9148
44.6668,0.6803,2.9254
44.6670,0.7133,3.0715
44.6672,0.6884,2.9586
44.6674,0.7452,3.2073
44.6676,0.6615,2.8471
44.6678,0.6514,2.8025
44.6680,0.6562,2.8231
44.6682,0.7048,3.0334
44.6684,0.674,2.8967
44.6686,0.7355,3.167
44.6688,0.7204,3.0962
44.6690,0.7613,3.2734
44.6692,0.714,3.0717
44.6694,0.7304,3.1424
44.6696,0.6408,2.7642
44.6698,0.5496,2.3689
44.6700,0.6134,2.6402
44.6702,0.6902,2.9732
44.6704,0.6321,2.7245
44.6706,0.6225,2.6806
44.6708,0.6194,2.6684
44.6710,0.6051,2.6118
44.6712,0.5066,2.1864
44.6714,0.4857,2.0974
44.6716,0.4855,2.0973
44.6718,0.482,2.0803
44.6720,0.4828,2.083
44.6722,0.484,2.0901
44.6724,0.4834,2.0875
44.6726,0.4858,2.0959
44.6728,0.4875,2.1032
44.6730,0.5344,2.3044
44.6732,0.5657,2.4404
44.6734,0.5,2.156
44.6736,0.526,2.2661
44.6738,0.5723,2.4643
44.6740,0.6289,2.7055
44.6742,0.6637,2.8551
44.6744,0.6802,2.9208
44.6746,0.7268,3.1298
44.6748,0.6801,2.9271
44.6750,0.723,3.1061
44.6752,0.782,3.3564
44.6754,0.8219,3.5277
44.6756,0.852,3.6569
44.6758,0.8993,3.8525
44.6760,0.9857,4.2189
44.6762,1.0061,4.3101
44.6764,0.9984,4.2793
44.6766,0.9858,4.2253
44.6768,0.9749,4.1785
44.6770,0.9653,4.1374
44.6772,0.94,4.0328
44.6774,0.9345,4.0072
44.6776,0.9621,4.1255
44.6778,0.9761,4.1817
44.6780,0.975,4.1849
44.6782,0.933,4.0043
44.6784,0.9471,4.0593
44.6786,0.9884,4.2321
44.6788,0.9623,4.1304
44.6790,0.9181,3.9405
44.6792,0.955,4.0951
44.6794,0.9685,4.1508
44.6796,1.0316,4.4237
44.6798,1.0557,4.5207
44.6800,1.0123,4.3409
44.6802,0.9021,3.8792
44.6804,0.8041,3.4575
44.6806,0.8039,3.4505
44.6808,0.8506,3.6507
44.6810,0.895,3.8447
44.6812,0.8273,3.5625
44.6814,0.7029,3.0266
44.6816,0.7267,3.1249
44.6818,0.7433,3.1946
44.6820,0.7939,3.4105
44.6822,0.783,3.3652
44.6824,0.6989,3.0109
44.6826,0.6183,2.6675
44.6828,0.6315,2.7219
44.6830,0.6495,2.7981
44.6832,0.6474,2.7901
44.6834,0.5812,2.506
44.6836,0.6006,2.5849
44.6838,0.6839,2.945
44.6840,0.6397,2.757
44.6842,0.6328,2.7276
44.6844,0.6734,2.8995
44.6846,0.6873,2.9622
44.6848,0.6045,2.6044
44.6850,0.6176,2.6632
44.6852,0.5984,2.5781
44.6854,0.5822,2.5118
44.6856,0.5551,2.3927
44.6858,0.6429,2.7671
44.6860,0.6351,2.7399
44.6862,0.5519,2.3798
44.6864,0.5984,2.5781
44.6866,0.6084,2.6221
44.6868,0.5884,2.5405
44.6870,0.514,2.2175
44.6872,0.5143,2.2185
44.6874,0.5201,2.2449
44.6876,0.5342,2.3023
44.6878,0.5815,2.5075
44.6880,0.5689,2.4544
44.6882,0.5663,2.4385
44.6884,0.6342,2.7282
44.6886,0.6825,2.9442
44.6888,0.5466,2.3582
44.6890,0.5328,2.2966
44.6892,0.5741,2.4766
44.6894,0.5572,2.4015
44.6896,0.5649,2.4368
44.6898,0.5568,2.3999
44.6900,0.5839,2.5156
44.6902,0.5658,2.4398
44.6904,0.5647,2.4352
44.6906,0.5916,2.5451
44.6908,0.6573,2.833
44.6910,0.5346,2.3086
44.6912,0.4703,2.0315
44.6914,0.4655,2.0117
44.6916,0.4574,1.9743
44.6918,0.452,1.951
44.6920,0.4495,1.941
44.6922,0.4522,1.9524
44.6924,0.4524,1.9534
44.6926,0.4621,1.9944
44.6928,0.474,2.0447
44.6930,0.5391,2.3245
44.6932,0.5526,2.3818
44.6934,0.5826,2.511
44.6936,0.5676,2.4464
44.6938,0.5643,2.4297
44.6940,0.6316,2.7136
44.6942,0.7489,3.2218
44.6944,0.6789,2.9192
44.6946,0.6505,2.8035
44.6948,0.6411,2.7581
44.6950,0.7517,3.2277
44.6952,0.7831,3.3626
44.6954,0.8017,3.4456
44.6956,0.795,3.4167
44.6958,0.7544,3.2455
44.6960,0.7417,3.1879
44.6962,0.7121,3.0663
44.6964,0.6338,2.7342
44.6966,0.5492,2.3669
44.6968,0.5596,2.4107
44.6970,0.5468,2.3565
44.6972,0.5424,2.3368
44.6974,0.5565,2.3984
44.6976,0.5439,2.3452
44.6978,0.5409,2.3344
44.6980,0.5442,2.3468
44.6982,0.5412,2.3295
44.6984,0.6283,2.7042
44.6986,0.6421,2.7674
44.6988,0.5884,2.5347
44.6990,0.5944,2.5593
44.6992,0.5899,2.5426
44.6994,0.5864,2.5287
44.6996,0.5388,2.3224
44.6998,0.5103,2.2015
44.7000,0.5102,2.1999
44.7002,0.5358,2.3084
44.7004,0.5385,2.3198
44.7006,0.5267,2.2702
44.7008,0.5737,2.4705
44.7010,0.5611,2.4163
44.7012,0.5526,2.3841
44.7014,0.5549,2.3939
44.7016,0.5295,2.28
44.7018,0.5518,2.3793
44.7020,0.5077,2.187
44.7022,0.5255,2.2693
44.7024,0.4312,1.8635
44.7026,0.4206,1.8162
44.7028,0.424,1.8307
44.7030,0.4072,1.7558
44.7032,0.536,2.31
44.7034,0.5137,2.2139
44.7036,0.4848,2.0922
44.7038,0.4767,2.0566
44.7040,0.4809,2.0738
44.7042,0.4848,2.0884
44.7044,0.5454,2.3519
44.7046,0.5,2.159
44.7048,0.4739,2.0433
44.7050,0.471,2.0309
44.7052,0.4742,2.0448
44.7054,0.4917,2.1183
44.7056,0.5444,2.344
44.7058,0.5524,2.3775
44.7060,0.5764,2.4807
44.7062,0.6319,2.7196
44.7064,0.6363,2.7387
44.7066,0.6125,2.6373
44.7068,0.6267,2.6962
44.7070,0.6517,2.8009
44.7072,0.6881,2.9534
44.7074,0.758,3.2565
44.7076,0.7436,3.1991
44.7078,0.7084,3.0446
44.7080,0.7027,3.0204
44.7082,0.7369,3.1658
44.7084,0.8193,3.5131
44.7086,0.8421,3.6125
44.7088,0.8472,3.6329
44.7090,0.8904,3.8216
44.7092,0.8856,3.7868
44.7094,1.0718,4.5831
44.7096,1.0513,4.5059
44.7098,0.9795,4.1981
44.7100,0.9906,4.2379
44.7102,1.0755,4.5947
44.7104,1.1244,4.8081
44.7106,1.0849,4.6476
44.7108,0.9681,4.1512
44.7110,0.9441,4.0427
44.7112,0.9861,4.2263
44.7114,0.9625,4.127
44.7116,0.9653,4.1336
44.7118,0.9752,4.1776
44.7120,0.9571,4.0962
44.7122,1.0778,4.6152
44.7124,1.099,4.7016
44.7126,1.082,4.631
44.7128,1.0368,4.4437
44.7130,0.9812,4.2151
44.7132,0.8181,3.5162
44.7134,0.7578,3.2585
44.7136,0.7428,3.1955
44.7138,0.6818,2.9302
44.7140,0.7526,3.2348
44.7142,0.8213,3.5317
44.7144,0.8261,3.5491
44.7146,0.8029,3.4475
44.7148,0.8138,3.4895
44.7150,0.9006,3.8617
44.7152,0.8466,3.6354
44.7154,0.8349,3.59
44.7156,0.7867,3.3827
44.7158,0.7438,3.2026
44.7160,0.6679,2.8758
44.7162,0.6548,2.8221
44.7164,0.6736,2.8965
44.7166,0.7342,3.1569
44.7168,0.7265,3.1283
44.7170,0.6987,3.0085
44.7172,0.702,3.0201
44.7174,0.7246,3.1186
44.7176,0.7259,3.1257
44.7178,0.6977,3.0016
44.7180,0.736,3.1676
44.7182,0.6854,2.9457
44.7184,0.7269,3.1284
44.7186,0.6957,2.997
44.7188,0.673,2.8981
44.7190,0.6472,2.7909
44.7192,0.5654,2.4367
44.7194,0.5683,2.4507
44.7196,0.5717,2.4652
44.7198,0.6034,2.5969
44.7200,0.67,2.8892
44.7202,0.5465,2.3599
44.7204,0.5002,2.16
44.7206,0.5005,2.1591
44.7208,0.5303,2.2879
44.7210,0.5273,2.2739
44.7212,0.6354,2.7334
44.7214,0.6934,2.9872
44.7216,0.557,2.4038
44.7218,0.507,2.186
44.7220,0.5055,2.1808
44.7222,0.5044,2.1782
44.7224,0.5005,2.1601
44.7226,0.5028,2.1689
44.7228,0.5026,2.1674
44.7230,0.5094,2.1974
44.7232,0.5059,2.1834
44.7234,0.5197,2.2418
44.7236,0.5165,2.2305
44.7238,0.5036,2.1725
44.7240,0.5223,2.2522
44.7242,0.5139,2.218
44.7244,0.5195,2.2382
44.7246,0.6192,2.6625
44.7248,0.6722,2.8944
44.7250,0.614,2.644
44.7252,0.5736,2.47
44.7254,0.5959,2.5673
44.7256,0.6266,2.6982
44.7258,0.6456,2.7798
44.7260,0.647,2.7834
44.7262,0.6475,2.7868
44.7264,0.6475,2.7868
44.7266,0.6632,2.8517
44.7268,0.7179,3.0868
44.7270,0.7466,3.2061
44.7272,0.81,3.4828
44.7274,0.7278,3.1326
44.7276,0.7266,3.1274
44.7278,0.7257,3.1145
44.7280,0.811,3.481
44.7282,0.8061,3.4615
44.7284,0.7916,3.4055
44.7286,0.7246,3.1172
44.7288,0.6992,3.0092
44.7290,0.6933,2.9825
44.7292,0.7192,3.094
44.7294,0.7187,3.0876
44.7296,0.7703,3.3106
44.7298,0.8,3.4352
44.7300,0.8306,3.5632
44.7302,0.9104,3.9076
44.7304,0.8916,3.8286
44.7306,0.8411,3.6135
44.7308,0.767,3.2982
44.7310,0.7908,3.3956
44.7312,0.902,3.8698
44.7314,0.8881,3.819
44.7316,0.7359,3.1686
44.7318,0.6784,2.9213
44.7320,0.6426,2.7695
44.7322,0.5913,2.5471
44.7324,0.5983,2.5764
44.7326,0.6157,2.6525
44.7328,0.6399,2.7555
44.7330,0.6416,2.7628
44.7332,0.6905,2.9679
44.7334,0.8507,3.6513
44.7336,0.877,3.764
44.7338,0.7849,3.3798
44.7340,0.6711,2.8938
44.7342,0.607,2.6124
44.7344,0.66,2.8418
44.7346,0.5914,2.5512
44.7348,0.5058,2.1839
44.7350,0.4983,2.1488
44.7352,0.5417,2.3359
44.7354,0.5492,2.3669
44.7356,0.571,2.4575
44.7358,0.6381,2.7465
44.7360,0.6291,2.7103
44.7362,0.5794,2.4948
44.7364,0.6426,2.7669
44.7366,0.6107,2.6345
44.7368,0.5717,2.4652
44.7370,0.5678,2.447
44.7372,0.5645,2.4342
44.7374,0.5648,2.4341
44.7376,0.6404,2.7525
44.7378,0.7213,3.1032
44.7380,0.6498,2.8018
44.7382,0.5759,2.4833
44.7384,0.5633,2.4279
44.7386,0.5598,2.414
44.7388,0.5616,2.4218
44.7390,0.5565,2.3995
44.7392,0.5585,2.405
44.7394,0.5608,2.4159
44.7396,0.5908,2.5439
44.7398,0.6493,2.7945
44.7400,0.6849,2.9451
44.7402,0.7427,3.1965
44.7404,0.68,2.9239
44.7406,0.7251,3.1149
44.7408,0.7776,3.3405
44.7410,0.7811,3.3539
44.7412,0.8466,3.6338
44.7414,0.889,3.8137
44.7416,0.8666,3.7262
44.7418,0.8098,3.4742
44.7420,0.9534,4.0804
44.7422,1.0206,4.3765
44.7424,0.9532,4.0894
44.7426,0.9142,3.9217
44.7428,0.9064,3.8847
44.7430,0.9024,3.8749
44.7432,0.8837,3.7964
44.7434,0.8508,3.6484
44.7436,0.9005,3.8667
44.7438,0.9199,3.9464
44.7440,0.9501,4.0703
44.7442,0.9955,4.2685
44.7444,0.9658,4.1434
44.7446,0.924,3.9639
44.7448,0.998,4.2693
44.7450,1.113,4.7612
44.7452,1.0598,4.5404
44.7454,1.0191,4.3596
44.7456,1.0801,4.6293
44.7458,1.0247,4.3898
44.7460,1.051,4.4981
44.7462,1.1066,4.7429
44.7464,0.9941,4.2648
44.7466,0.9369,4.027
44.7468,0.8182,3.5217
44.7470,0.7167,3.0889
44.7472,0.6826,2.9394
44.7474,0.7499,3.223
44.7476,0.8218,3.5355
44.7478,0.8126,3.4958
44.7480,0.7841,3.3699
44.7482,0.7909,3.4008
44.7484,0.8083,3.474
44.7486,0.814,3.502
44.7488,0.748,3.2163
44.7490,0.7898,3.4009
44.7492,0.7712,3.3209
44.7494,0.7245,3.1195
44.7496,0.6634,2.8594
44.7498,0.6475,2.7894
44.7500,0.6893,2.9669
44.7502,0.6951,2.9931
44.7504,0.677,2.9164
44.7506,0.6566,2.8313
44.7508,0.6348,2.7321
44.7510,0.7048,3.0363
44.7512,0.7273,3.1276
44.7514,0.7577,3.258
44.7516,0.7688,3.3106
44.7518,0.7281,3.1307
44.7520,0.752,3.2398
44.7522,0.6375,2.7478
44.7524,0.638,2.7498
44.7526,0.6502,2.8039
44.7528,0.5853,2.5248
44.7530,0.5827,2.5139
44.7532,0.5572,2.4015
44.7534,0.5815,2.5088
44.7536,0.5892,2.5407
44.7538,0.6122,2.6351
44.7540,0.653,2.8144
44.7542,0.6107,2.6308
44.7544,0.6275,2.7044
44.7546,0.6133,2.6446
44.7548,0.5969,2.5726
44.7550,0.6474,2.7927
44.7552,0.5319,2.2967
44.7554,0.4911,2.1217
44.7556,0.496,2.1409
44.7558,0.5041,2.1746
44.7560,0.5504,2.3754
44.7562,0.5634,2.4284
44.7564,0.5757,2.4788
44.7566,0.6392,2.7525
44.7568,0.6789,2.9206
44.7570,0.6928,2.9819
44.7572,0.6303,2.718
44.7574,0.6308,2.7163
44.7576,0.724,3.1131
44.7578,0.7178,3.0906
44.7580,0.6249,2.696
44.7582,0.5927,2.5533
44.7584,0.6284,2.706
44.7586,0.624,2.6844
44.7588,0.6954,2.9946
44.7590,0.6825,2.9429
44.7592,0.6162,2.6533
44.7594,0.6163,2.6538
44.7596,0.6559,2.8255
44.7598,0.6694,2.8826
44.7600,0.6707,2.8842
44.7602,0.7355,3.1582
44.7604,0.8307,3.5654
44.7606,0.8215,3.534
44.7608,0.7415,3.1884
44.7610,0.8154,3.5028
44.7612,0.7684,3.307
44.7614,0.7332,3.1572
44.7616,0.7188,3.0867
44.7618,0.7954,3.422
44.7620,0.7755,3.3317
44.7622,0.794,3.4095
44.7624,0.8254,3.5493
44.7626,0.8178,3.5196
44.7628,0.7118,3.0634
44.7630,0.6917,2.9786
44.7632,0.6746,2.9048
44.7634,0.6668,2.8685
44.7636,0.7156,3.0756
44.7638,0.7862,3.3792
44.7640,0.7729,3.3266
44.7642,0.8023,3.4434
44.7644,0.9252,3.9653
44.7646,0.9636,4.1375
44.7648,0.9199,3.9446
44.7650,0.9235,3.9637
44.7652,0.8667,3.7232
44.7654,0.8028,3.4567
44.7656,0.7618,3.2756
44.7658,0.7598,3.2627
44.7660,0.7727,3.3194
44.7662,0.8249,3.5456
44.7664,0.8293,3.5609
44.7666,0.8767,3.77
44.7668,0.8273,3.5543
44.7670,0.8235,3.5411
44.7672,0.8022,3.4509
44.7674,0.77,3.3127
44.7676,0.7083,3.0498
44.7678,0.6146,2.6466
44.7680,0.6395,2.7548
44.7682,0.621,2.674
44.7684,0.6625,2.8566
44.7686,0.6518,2.8067
44.7688,0.7149,3.0825
44.7690,0.6047,2.6086
44.7692,0.5752,2.4813
44.7694,0.576,2.4838
44.7696,0.5896,2.5422
44.7698,0.5746,2.4753
44.7700,0.5694,2.4531
44.7702,0.5812,2.506
44.7704,0.645,2.7798
44.7706,0.6353,2.7367
44.7708,0.614,2.644
44.7710,0.6285,2.7015
44.7712,0.7263,3.1273
44.7714,0.6984,3.0061
44.7716,0.7148,3.072
44.7718,0.8038,3.4565
44.7720,0.7751,3.3312
44.7722,0.7982,3.4339
44.7724,0.8005,3.4373
44.7726,0.8492,3.6497
44.7728,0.7994,3.4326
44.7730,0.8363,3.5929
44.7732,0.8163,3.5085
44.7734,0.8619,3.7026
44.7736,0.8489,3.6487
44.7738,0.8427,3.6185
44.7740,0.859,3.6885
44.7742,0.8791,3.7733
44.7744,0.8903,3.8105
44.7746,1.0796,4.623
44.7748,1.0675,4.5732
44.7750,1.0612,4.5396
44.7752,1.0761,4.6124
44.7754,1.0426,4.4643
44.7756,1.0755,4.6055
44.7758,1.0467,4.488
44.7760,0.9414,4.0441
44.7762,0.8791,3.7768
44.7764,0.8785,3.776
44.7766,0.8959,3.8435
44.7768,0.9302,3.9981
44.7770,0.9362,4.0164
44.7772,0.9938,4.2613
44.7774,1.0053,4.3086
44.7776,1.0375,4.4448
44.7778,1.0925,4.6823
44.7780,1.0378,4.4583
44.7782,0.9312,3.9985
44.7784,0.9838,4.2226
44.7786,0.9451,4.0563
44.7788,0.9327,4.0052
44.7790,0.9342,4.0039
44.7792,1.0446,4.473
44.7794,1.0903,4.6752
44.7796,1.0893,4.6689
44.7798,1.0895,4.6651
44.7800,1.0893,4.6645
44.7802,1.0963,4.6987
44.7804,1.0814,4.6371
44.7806,1.0773,4.611
44.7808,1.1276,4.8306
44.7810,1.1393,4.8832
44.7812,1.0967,4.6981
44.7814,1.069,4.5837
44.7816,1.0451,4.4814
44.7818,1.0151,4.3548
44.7820,1.0071,4.3204
44.7822,1.0739,4.6069
44.7824,1.0678,4.5785
44.7826,1.0607,4.5461
44.7828,1.1107,4.7626
44.7830,1.1196,4.7962
44.7832,1.1211,4.8028
44.7834,1.0957,4.7027
44.7836,1.0241,4.3996
44.7838,1.0324,4.4289
44.7840,1.0478,4.4953
44.7842,1.0896,4.6765
44.7844,1.0293,4.4155
44.7846,0.9697,4.1599
44.7848,0.979,4.2039
44.7850,0.9615,4.1307
44.7852,0.9784,4.1994
44.7854,1.0401,4.4639
44.7856,1.0705,4.5946
44.7858,1.0253,4.4027
44.7860,0.9781,4.1998
44.7862,0.9645,4.1416
44.7864,0.9549,4.0966
44.7866,1.0098,4.3362
44.7868,0.9608,4.1314
44.7870,0.9541,4.1064
44.7872,0.9422,4.0459
44.7874,0.9971,4.2737
44.7876,1.0616,4.5544
44.7878,1.0657,4.574
44.7880,0.9809,4.2181
44.7882,0.9271,3.9903
44.7884,0.9134,3.9296
44.7886,0.9234,3.9669
44.7888,0.9242,3.9779
44.7890,0.8811,3.7903
44.7892,0.8931,3.8383
44.7894,0.9034,3.8827
44.7896,0.8989,3.8636
44.7898,0.9086,3.909
44.7900,0.8889,3.8239
44.7902,0.8998,3.8744
44.7904,0.8824,3.7925
44.7906,0.9297,3.9905
44.7908,1.0234,4.3944
44.7910,1.0025,4.3068
44.7912,1.0028,4.3039
44.7914,1.0484,4.4999
44.7916,1.019,4.3876
44.7918,0.7987,3.4455
44.7920,0.7095,3.0607
44.7922,0.703,3.0299
44.7924,0.6895,2.9743
44.7926,0.6909,2.9833
44.7928,0.6911,2.9829
44.7930,0.7125,3.0708
44.7932,0.7705,3.3178
44.7934,0.7826,3.3731
44.7936,0.7878,3.3969
44.7938,0.7626,3.2837
44.7940,0.8173,3.5143
44.7942,0.8679,3.7336
44.7944,0.9118,3.9206
44.7946,0.9519,4.099
44.7948,0.7992,3.4492
44.7950,0.7038,3.035
44.7952,0.747,3.2151
44.7954,0.8094,3.4835
44.7956,0.8428,3.6275
44.7958,0.8384,3.6151
44.7960,0.7559,3.2594
44.7962,0.7343,3.1663
44.7964,0.7251,3.1279
44.7966,0.7194,3.1036
44.7968,0.7198,3.1009
44.7970,0.7359,3.1686
44.7972,0.7395,3.1811
44.7974,0.8384,3.6067
44.7976,0.8564,3.6841
44.7978,0.8655,3.725
44.7980,0.8144,3.5084
44.7982,0.7379,3.1833
44.7984,0.7044,3.0361
44.7986,0.7073,3.0528
44.7988,0.5914,2.5535
44.7990,0.5785,2.5005
44.7992,0.5803,2.5071
44.7994,0.6113,2.6383
44.7996,0.6115,2.6417
44.7998,0.593,2.5632
44.8000,0.5988,2.5868
44.8002,0.5829,2.5156
44.8004,0.6091,2.6192
44.8006,0.8409,3.6242
44.8008,0.7222,3.1198
44.8010,0.6104,2.6346
44.8012,0.5965,2.577
44.8014,0.6014,2.597
44.8016,0.6146,2.6491
44.8018,0.7207,3.1007
44.8020,0.7525,3.2389
44.8022,0.7648,3.29
44.8024,0.797,3.4383
44.8026,0.6743,2.9091
44.8028,0.6567,2.8331
44.8030,0.6681,2.8822
44.8032,0.6699,2.886
44.8034,0.6797,2.9324
44.8036,0.6532,2.8181
44.8038,0.6981,3.0032
44.8040,0.8008,3.45
44.8042,0.6986,3.015
44.8044,0.6735,2.9055
44.8046,0.6988,3.0091
44.8048,0.7471,3.2186
44.8050,0.7548,3.2487
44.8052,0.7851,3.3808
44.8054,0.7883,3.3926
44.8056,0.823,3.539
44.8058,0.7614,3.2816
44.8060,0.7173,3.0886
44.8062,0.8206,3.5287
44.8064,0.8404,3.6138
44.8066,0.8019,3.4515
44.8068,0.8187,3.5254
44.8070,0.8402,3.6144
44.8072,0.8679,3.7336
44.8074,0.8952,3.8458
44.8076,0.9444,4.0551
44.8078,1.0034,4.3064
44.8080,1.0156,4.3589
44.8082,1.0369,4.4422
44.8084,1.1258,4.8251
44.8086,1.1288,4.8335
44.8088,1.1504,4.9259
44.8090,1.1524,4.9415
44.8092,1.1477,4.9238
44.8094,1.1327,4.8504
44.8096,1.1092,4.7609
44.8098,1.0588,4.54
44.8100,1.0807,4.6341
44.8102,1.109,4.7487
44.8104,1.1726,5.0279
44.8106,1.156,4.9593
44.8108,1.0958,4.7076
44.8110,0.9592,4.119
44.8112,0.9439,4.0606
44.8114,0.9144,3.9301
44.8116,0.9347,4.0172
44.8118,0.9194,3.9499
44.8120,0.923,3.969
44.8122,0.9218,3.9657
44.8124,0.9223,3.9622
44.8126,0.9194,3.9591
44.8128,0.8317,3.5811
44.8130,0.8612,3.703
44.8132,0.8835,3.7936
44.8134,0.9373,4.0285
44.8136,0.9769,4.1986
44.8138,0.9767,4.2039
44.8140,0.856,3.6859
44.8142,0.7362,3.1746
44.8144,0.6776,2.9231
44.8146,0.646,2.7883
44.8148,0.6841,2.9483
44.8150,0.7215,3.1095
44.8152,0.7502,3.2321
44.8154,0.7897,3.4004
44.8156,0.8218,3.5421
44.8158,0.6996,3.0127
44.8160,0.7377,3.1778
44.8162,0.7373,3.1807
44.8164,0.6752,2.9127
44.8166,0.6638,2.8649
44.8168,0.6848,2.9541
44.8170,0.6693,2.8847
44.8172,0.6733,2.9045
44.8174,0.663,2.8547
44.8176,0.7655,3.2992
44.8178,0.742,3.2024
44.8180,0.7034,3.0329
44.8182,0.7065,3.0463
44.8184,0.6577,2.8399
44.8186,0.5636,2.4368
44.8188,0.5205,2.2496
44.8190,0.5464,2.3594
44.8192,0.5559,2.4014
44.8194,0.4919,2.1268
44.8196,0.4514,1.9538
44.8198,0.455,1.9694
44.8200,0.4763,2.0603
44.8202,0.4663,2.0098
44.8204,0.6785,2.9259
44.8206,0.614,2.6539
44.8208,0.518,2.2367
44.8210,0.5189,2.2419
44.8212,0.4992,2.1574
44.8214,0.4837,2.0915
44.8216,0.4821,2.0857
44.8218,0.4805,2.0765
44.8220,0.4989,2.1544
44.8222,0.4984,2.1543
44.8224,0.4784,2.0687
44.8226,0.4676,2.022
44.8228,0.4685,2.0238
44.8230,0.4842,2.0907
44.8232,0.4895,2.1164
44.8234,0.4741,2.051
44.8236,0.4742,2.0486
44.8238,0.4705,2.0326
44.8240,0.4895,2.1154
44.8242,0.5231,2.2579
44.8244,0.5505,2.3726
44.8246,0.62,2.6698
44.8248,0.7031,3.0276
44.8250,0.738,3.1764
44.8252,0.738,3.1779
44.8254,0.7333,3.1548
44.8256,0.7648,3.2915
44.8258,0.7737,3.3302
44.8260,0.764,3.2838
44.8262,0.8076,3.4741
44.8264,0.8332,3.5812
44.8266,0.8917,3.8273
44.8268,0.9417,4.0476
44.8270,0.8476,3.6464
44.8272,0.7625,3.2832
44.8274,0.718,3.0888
44.8276,0.7462,3.2085
44.8278,0.8101,3.485
44.8280,0.8248,3.5468
44.8282,0.8311,3.5819
44.8284,0.6824,2.9451
44.8286,0.6146,2.6503
44.8288,0.6118,2.6367
44.8290,0.617,2.6594
44.8292,0.6235,2.6898
44.8294,0.6083,2.6241
44.8296,0.6085,2.6251
44.8298,0.6089,2.6267
44.8300,0.6248,2.693
44.8302,0.6399,2.7607
44.8304,0.6625,2.85
44.8306,0.7106,3.0597
44.8308,0.6514,2.809
44.8310,0.6097,2.6303
44.8312,0.6396,2.7604
44.8314,0.5892,2.5407
44.8316,0.5583,2.4073
44.8318,0.5989,2.5814
44.8320,0.6176,2.6645
44.8322,0.5584,2.4078
44.8324,0.5567,2.3983
44.8326,0.6133,2.6483
44.8328,0.5676,2.451
44.8330,0.5932,2.5554
44.8332,0.6436,2.7754
44.8334,0.5916,2.5522
44.8336,0.6253,2.6963
44.8338,0.6224,2.6827
44.8340,0.5722,2.4684
44.8342,0.4999,2.1595
44.8344,0.4554,1.9664
44.8346,0.5546,2.3924
44.8348,0.5543,2.3913
44.8350,0.5856,2.524
44.8352,0.6442,2.7754
44.8354,0.6457,2.779
44.8356,0.6799,2.9261
44.8358,0.667,2.8709
44.8360,0.6277,2.7067
44.8362,0.5561,2.4002
44.8364,0.55,2.3738
44.8366,0.5498,2.3673
44.8368,0.609,2.6248
44.8370,0.5544,2.3919
44.8372,0.5469,2.3582
44.8374,0.5477,2.3607
44.8376,0.5939,2.5597
44.8378,0.5957,2.5722
44.8380,0.5414,2.3366
44.8382,0.5384,2.3225
44.8384,0.5393,2.3256
44.8386,0.5451,2.3504
44.8388,0.5486,2.3654
44.8390,0.5832,2.5125
44.8392,0.6261,2.6962
44.8394,0.6808,2.933
44.8396,0.6374,2.746
44.8398,0.6631,2.8539
44.8400,0.7243,3.1132
44.8402,0.8077,3.4698
44.8404,0.805,3.4601
44.8406,0.8097,3.4721
44.8408,0.9052,3.8795
44.8410,0.9525,4.0825
44.8412,1.0747,4.5976
44.8414,1.1248,4.8165
44.8416,1.0992,4.7088
44.8418,1.1007,4.7155
44.8420,1.0826,4.6336
44.8422,1.1166,4.7744
44.8424,1.1371,4.8689
44.8426,1.0402,4.4561
44.8428,1.0655,4.5645
44.8430,1.0461,4.4834
44.8432,1.0216,4.3847
44.8434,0.9231,3.9622
44.8436,0.9522,4.0886
44.8438,0.9693,4.1564
44.8440,1.0072,4.3229
44.8442,0.9401,4.0347
44.8444,1.0041,4.3075
44.8446,1.0178,4.358
44.8448,1.0968,4.7008
44.8450,1.0556,4.5266
44.8452,1.0144,4.3518
44.8454,0.9505,4.0776
44.8456,0.9897,4.2478
44.8458,0.9907,4.2519
44.8460,0.9775,4.1953
44.8462,0.9889,4.2382
44.8464,0.9897,4.2537
44.8466,0.9492,4.0738
44.8468,0.9845,4.2256
44.8470,0.9559,4.1065
44.8472,0.9301,3.9957
44.8474,0.9536,4.0948
44.8476,0.9345,4.0148
44.8478,0.9156,3.9334
44.8480,0.8295,3.5718
44.8482,0.7345,3.1644
44.8484,0.6972,3.0051
44.8486,0.7233,3.11
44.8488,0.8074,3.4785
44.8490,0.7402,3.1901
44.8492,0.7101,3.0604
44.8494,0.7194,3.0964
44.8496,0.7827,3.3658
44.8498,0.8239,3.541
44.8500,0.7899,3.3999
44.8502,0.7489,3.2279
44.8504,0.7067,3.0474
44.8506,0.7132,3.0739
44.8508,0.7169,3.0885
44.8510,0.723,3.1119
44.8512,0.7932,3.4154
44.8514,0.7755,3.3379
44.8516,0.7753,3.3323
44.8518,0.8675,3.732
44.8520,0.8061,3.4679
44.8522,0.8403,3.6183
44.8524,0.8237,3.5454
44.8526,0.7847,3.3756
44.8528,0.744,3.2007
44.8530,0.7811,3.3601
44.8532,0.7928,3.4123
44.8534,0.7625,3.2802
44.8536,0.7745,3.341
44.8538,0.6299,2.721
44.8540,0.549,2.3697
44.8542,0.5869,2.532
44.8544,0.6113,2.6346
44.8546,0.6583,2.8424
44.8548,0.5958,2.5703
44.8550,0.5851,2.5231
44.8552,0.5845,2.524
44.8554,0.5892,2.5407
44.8556,0.6552,2.8224
44.8558,0.6845,2.9504
44.8560,0.6994,3.0172
44.8562,0.6055,2.611
44.8564,0.5809,2.5062
44.8566,0.58,2.4974
44.8568,0.7254,3.1251
44.8570,0.6508,2.8077
44.8572,0.5847,2.5222
44.8574,0.6397,2.7571
44.8576,0.6646,2.8606
44.8578,0.6927,2.9786
44.8580,0.756,3.2523
44.8582,0.7103,3.0615
44.8584,0.7022,3.0249
44.8586,0.6954,2.996
44.8588,0.7182,3.0855
44.8590,0.8324,3.5776
44.8592,0.8095,3.4856
44.8594,0.7335,3.1597
44.8596,0.7185,3.0923
44.8598,0.7254,3.1237
44.8600,0.724,3.1117
44.8602,0.8706,3.7472
44.8604,0.7543,3.2481
44.8606,0.7025,3.0251
44.8608,0.712,3.0673
44.8610,0.7144,3.0747
44.8612,0.7327,3.1552
44.8614,0.7104,3.0606
44.8616,0.7059,3.0381
44.8618,0.7198,3.1009
44.8620,0.7079,3.0511
44.8622,0.6866,2.9578
44.8624,0.6856,2.9509
44.8626,0.6909,2.9736
44.8628,0.6919,2.975
44.8630,0.7245,3.1253
44.8632,0.5917,2.5539
44.8634,0.6778,2.9133
44.8636,0.8421,3.6159
44.8638,0.9042,3.879
44.8640,0.9377,4.0357
44.8642,0.7658,3.2977
44.8644,0.7481,3.2183
44.8646,0.7634,3.2828
44.8648,0.7808,3.3591
44.8650,0.7348,3.1684
44.8652,0.6751,2.9082
44.8654,0.677,2.9151
44.8656,0.7091,3.0563
44.8658,0.7097,3.0546
44.8660,0.6964,2.9973
44.8662,0.6957,2.9942
44.8664,0.691,2.9741
44.8666,0.733,3.1547
44.8668,0.7664,3.2957
44.8670,0.7917,3.4029
44.8672,0.808,3.473
44.8674,0.8928,3.8337
44.8676,0.8952,3.844
44.8678,0.9086,3.9053
44.8680,0.8787,3.7765
44.8682,0.9008,3.8664
44.8684,0.9143,3.9277
44.8686,0.8781,3.7809
44.8688,0.6872,2.9645
44.8690,0.6071,2.6177
44.8692,0.605,2.6065
44.8694,0.652,2.8116
44.8696,0.6042,2.6041
44.8698,0.6066,2.6169
44.8700,0.6294,2.7126
44.8702,0.6609,2.8485
44.8704,0.6785,2.9245
44.8706,0.5962,2.5742
44.8708,0.5006,2.1626
44.8710,0.4926,2.1269
44.8712,0.5056,2.1813
44.8714,0.5698,2.4581
44.8716,0.547,2.3631
44.8718,0.5044,2.1772
44.8720,0.4959,2.1424
44.8722,0.499,2.1549
44.8724,0.5299,2.2837
44.8726,0.5715,2.463
44.8728,0.6273,2.7064
44.8730,0.5908,2.5474
44.8732,0.5782,2.492
44.8734,0.6458,2.7796
44.8736,0.7174,3.0862
44.8738,0.7217,3.1019
44.8740,0.7801,3.3544
44.8742,0.8138,3.4944
44.8744,0.8652,3.7188
44.8746,0.883,3.788
44.8748,0.9481,4.0692
44.8750,0.9209,3.9542
44.8752,0.9389,4.0277
44.8754,0.9619,4.1245
44.8756,0.9576,4.1079
44.8758,0.9739,4.1759
44.8760,0.9536,4.0929
44.8762,0.9296,3.9881
44.8764,0.9636,4.1375
44.8766,0.9923,4.2551
44.8768,0.9869,4.232
44.8770,0.9955,4.2705
44.8772,1.0197,4.3703
44.8774,1.0305,4.4166
44.8776,1.005,4.3096
44.8778,1.0282,4.4109
44.8780,1.0384,4.4546
44.8782,1.0417,4.469
44.8784,0.9597,4.121
44.8786,0.9098,3.9087
44.8788,0.9108,3.9091
44.8790,0.8767,3.7718
44.8792,0.85,3.6482
44.8794,0.9365,4.0286
44.8796,0.7808,3.3622
44.8798,0.7514,3.2387
44.8800,0.6868,2.9574
44.8802,0.6944,2.9927
44.8804,0.6743,2.9064
44.8806,0.6748,2.9017
44.8808,0.756,3.2584
44.8810,0.7169,3.0899
44.8812,0.6904,2.9771
44.8814,0.6046,2.6081
44.8816,0.597,2.5755
44.8818,0.6023,2.5982
44.8820,0.592,2.549
44.8822,0.6885,2.9605
44.8824,0.7769,3.339
44.8826,0.7367,3.1752
44.8828,0.6856,2.9577
44.8830,0.6481,2.792
44.8832,0.6327,2.7284
44.8834,0.6216,2.6766
44.8836,0.6504,2.8044
44.8838,0.6008,2.5908
44.8840,0.6144,2.6493
44.8842,0.5993,2.5865
44.8844,0.5885,2.5411
44.8846,0.6317,2.7212
44.8848,0.6789,2.9261
44.8850,0.6614,2.848
44.8852,0.6452,2.7783
44.8854,0.66,2.8484
44.8856,0.5836,2.5176
44.8858,0.5855,2.527
44.8860,0.5965,2.5734
44.8862,0.5759,2.4844
44.8864,0.55,2.3749
44.8866,0.5573,2.4043
44.8868,0.6227,2.6824
44.8870,0.6645,2.8601
44.8872,0.6767,2.9181
44.8874,0.5475,2.3662
44.8876,0.4565,1.9738
44.8878,0.454,1.9629
44.8880,0.4493,1.9418
44.8882,0.446,1.9251
44.8884,0.4865,2.1015
44.8886,0.5367,2.3164
44.8888,0.5029,2.1724
44.8890,0.4645,2.0058
44.8892,0.4511,1.9496
44.8894,0.4483,1.9377
44.8896,0.4487,1.9401
44.8898,0.4523,1.9529
44.8900,0.4487,1.9374
44.8902,0.4505,1.9452
44.8904,0.4463,1.928
44.8906,0.4839,2.0867
44.8908,0.5403,2.3287
44.8910,0.5469,2.3582
44.8912,0.5697,2.4575
44.8914,0.5698,2.4558
44.8916,0.5549,2.3917
44.8918,0.5694,2.4554
44.8920,0.5719,2.4662
44.8922,0.5682,2.4491
44.8924,0.5679,2.4452
44.8926,0.5934,2.554
44.8928,0.6487,2.7932
44.8930,0.6749,2.9023
44.8932,0.7261,3.1268
44.8934,0.7288,3.1396
44.8936,0.6354,2.7385
44.8938,0.5534,2.3839
44.8940,0.5486,2.3632
44.8942,0.591,2.5449
44.8944,0.6318,2.7217
44.8946,0.6349,2.7364
44.8948,0.6203,2.6696
44.8950,0.6302,2.7137
44.8952,0.6139,2.6484
44.8954,0.5446,2.3494
44.8956,0.536,2.3101
44.8958,0.5344,2.3033
44.8960,0.5456,2.3514
44.8962,0.5948,2.565
44.8964,0.6219,2.6793
44.8966,0.6229,2.6822
44.8968,0.6266,2.6982
44.8970,0.6875,2.9578
44.8972,0.7125,3.0594
44.8974,0.791,3.3982
44.8976,0.6932,2.9876
44.8978,0.6044,2.6063
44.8980,0.5428,2.3406
44.8982,0.514,2.2196
44.8984,0.5203,2.2403
44.8986,0.6252,2.6958
44.8988,0.5371,2.3147
44.8990,0.5098,2.1984
44.8992,0.5086,2.1912
44.8994,0.567,2.4462
44.8996,0.5303,2.2868
44.8998,0.5095,2.1948
44.9000,0.5842,2.5201
44.9002,0.539,2.324
44.9004,0.5203,2.2434
44.9006,0.511,2.2036
44.9008,0.5067,2.185
44.9010,0.5547,2.3929
44.9012,0.5271,2.2739
44.9014,0.4799,2.0692
44.9016,0.4929,2.1265
44.9018,0.5119,2.2082
44.9020,0.4998,2.154
44.9022,0.502,2.1648
44.9024,0.4863,2.098
44.9026,0.4978,2.1487
44.9028,0.4881,2.1048
44.9030,0.5113,2.2046
44.9032,0.5584,2.4067
44.9034,0.5283,2.2791
44.9036,0.4934,2.1276
44.9038,0.5236,2.2579
44.9040,0.5403,2.3276
44.9042,0.5704,2.4561
44.9044,0.5978,2.5731
44.9046,0.6281,2.7044
44.9048,0.63,2.7127
44.9050,0.6389,2.7496
44.9052,0.6154,2.6472
44.9054,0.6549,2.8162
44.9056,0.6769,2.9105
44.9058,0.6475,2.7868
44.9060,0.6447,2.7749
44.9062,0.6668,2.8672
44.9064,0.7344,3.1536
44.9066,0.7983,3.4296
44.9068,0.7639,3.2833
44.9070,0.7711,3.3081
44.9072,0.8309,3.5614
44.9074,0.9404,4.025
44.9076,0.9811,4.2068
44.9078,0.9222,3.9599
44.9080,0.9059,3.8844
44.9082,0.9583,4.1053
44.9084,0.9547,4.0937
44.9086,0.9321,3.9914
44.9088,1.0532,4.5058
44.9090,1.0679,4.5705
44.9092,1.1017,4.713
44.9094,1.0923,4.6752
44.9096,1.0886,4.6636
44.9098,1.0625,4.5432
44.9100,1.0926,4.6784
44.9102,0.9582,4.1009
44.9104,1.0642,4.5525
44.9106,1.1227,4.8073
44.9108,1.1026,4.7215
44.9110,1.0441,4.471
44.9112,1.0247,4.396
44.9114,0.9482,4.0735
44.9116,0.821,3.5286
44.9118,0.7843,3.3725
44.9120,0.814,3.4971
44.9122,0.8319,3.5705
44.9124,0.9068,3.894
44.9126,0.9161,3.9318
44.9128,0.9338,4.0024
44.9130,0.9504,4.0847
44.9132,0.8223,3.5326
44.9134,0.8194,3.517
44.9136,0.8127,3.4963
44.9138,0.7499,3.223
44.9140,0.8023,3.4514
44.9142,0.83,3.5606
44.9144,0.8895,3.8247
44.9146,0.8198,3.5185
44.9148,0.8879,3.8162
44.9150,0.847,3.6387
44.9152,0.7754,3.3405
44.9154,0.7073,3.0443
44.9156,0.7456,3.203
44.9158,0.8038,3.4501
44.9160,0.8904,3.8217
44.9162,0.907,3.8927
44.9164,0.9344,4.0087
44.9166,0.8743,3.7649
44.9168,0.7019,3.0267
44.9170,0.6488,2.7976
44.9172,0.6654,2.861
44.9174,0.77,3.3096
44.9176,0.8466,3.6372
44.9178,0.8505,3.6486
44.9180,0.8675,3.7268
44.9182,0.8447,3.634
44.9184,0.8312,3.5708
44.9186,0.8182,3.5184
44.9188,0.7953,3.4247
44.9190,0.7384,3.1839
44.9192,0.5921,2.5519
44.9194,0.5771,2.4873
44.9196,0.6613,2.8395
44.9198,0.8691,3.7405
44.9200,0.7278,3.1398
44.9202,0.6096,2.6274
44.9204,0.6043,2.6058
44.9206,0.5857,2.5269
44.9208,0.5837,2.5146
44.9210,0.6055,2.6086
44.9212,0.633,2.7269
44.9214,0.6428,2.7692
44.9216,0.6259,2.7001
44.9218,0.591,2.5484
44.9220,0.6152,2.6516
44.9222,0.6279,2.7077
44.9224,0.6247,2.6925
44.9226,0.6132,2.6416
44.9228,0.6091,2.6216
44.9230,0.7106,3.0554
44.9232,0.7921,3.4092
44.9234,0.7664,3.3003
44.9236,0.7137,3.0702
44.9238,0.7315,3.1456
44.9240,0.711,3.0646
44.9242,0.6493,2.7984
44.9244,0.6674,2.8765
44.9246,0.6586,2.8348
44.9248,0.6853,2.9521
44.9250,0.6794,2.9254
44.9252,0.6969,2.9966
44.9254,0.771,3.3137
44.9256,0.7868,3.3817
44.9258,0.7481,3.2153
44.9260,0.7929,3.4096
44.9262,0.7843,3.3725
44.9264,0.794,3.4206
44.9266,0.6655,2.8682
44.9268,0.6121,2.6394
44.9270,0.611,2.6336
44.9272,0.6116,2.6349
44.9274,0.6109,2.6306
44.9276,0.6079,2.6189
44.9278,0.6077,2.6191
44.9280,0.6133,2.6458
44.9282,0.6108,2.6338
44.9284,0.6187,2.6642
44.9286,0.6195,2.669
44.9288,0.6471,2.7852
44.9290,0.705,3.0345
44.9292,0.6595,2.8384
44.9294,0.6393,2.7555
44.9296,0.6136,2.6432
44.9298,0.6577,2.8293
44.9300,0.6892,2.9678
44.9302,0.659,2.8376
44.9304,0.6778,2.9201
44.9306,0.6913,2.9738
44.9308,0.7405,3.1917
44.9310,0.6246,2.692
44.9312,0.5789,2.4951
44.9314,0.609,2.6248
44.9316,0.5954,2.5688
44.9318,0.579,2.4967
44.9320,0.5824,2.5089
44.9322,0.6466,2.7793
44.9324,0.6694,2.8826
44.9326,0.6201,2.6728
44.9328,0.6126,2.6378
44.9330,0.6625,2.8553
44.9332,0.6046,2.6069
44.9334,0.6132,2.6441
44.9336,0.5934,2.5588
44.9338,0.5607,2.4165
44.9340,0.5889,2.5356
44.9342,0.6693,2.8807
44.9344,0.6415,2.7648
44.9346,0.5727,2.4705
44.9348,0.568,2.4492
44.9350,0.5712,2.462
44.9352,0.5817,2.5058
44.9354,0.6349,2.7351
44.9356,0.6342,2.7308
44.9358,0.6462,2.7824
44.9360,0.5965,2.5686
44.9362,0.6447,2.7775
44.9364,0.6535,2.8165
44.9366,0.5759,2.4833
44.9368,0.5625,2.4276
44.9370,0.5604,2.4166
44.9372,0.5558,2.3942
44.9374,0.5636,2.4289
44.9376,0.5622,2.4244
44.9378,0.563,2.4275
44.9380,0.5567,2.4017
44.9382,0.5603,2.4161
44.9384,0.5741,2.4755
44.9386,0.5901,2.5419
44.9388,0.6183,2.6614
44.9390,0.6549,2.8149
44.9392,0.7245,3.1152
44.9394,0.7833,3.3637
44.9396,0.8118,3.4873
44.9398,0.8164,3.5074
44.9400,0.8339,3.5826
44.9402,0.7785,3.3493
44.9404,0.7213,3.1004
44.9406,0.777,3.3379
44.9408,0.8097,3.4785
44.9410,0.8413,3.6107
44.9412,0.8921,3.8271
44.9414,0.9094,3.903
44.9416,0.9271,3.9754
44.9418,0.9757,4.1817
44.9420,0.9717,4.1667
44.9422,0.9809,4.2024
44.9424,1.0012,4.2912
44.9426,0.9944,4.2619
44.9428,0.9674,4.1521
44.9430,0.9693,4.1545
44.9432,1.0269,4.3991
44.9434,1.0643,4.5551
44.9436,1.1473,4.9102
44.9438,1.1113,4.7541
44.9440,1.077,4.6117
44.9442,1.1128,4.7652
44.9444,1.0995,4.706
44.9446,1.0955,4.6973
44.9448,1.0126,4.3461
44.9450,0.9427,4.046
44.9452,0.9315,4.0019
44.9454,0.8652,3.7222
44.9456,0.8151,3.505
44.9458,0.8203,3.5255
44.9460,0.8187,3.5221
44.9462,0.7835,3.3704
44.9464,0.824,3.5398
44.9466,0.8529,3.6708
44.9468,0.7249,3.1231
44.9470,0.6848,2.95
44.9472,0.7192,3.0997
44.9474,0.6898,2.9703
44.9476,0.7085,3.0551
44.9478,0.6554,2.8261
44.9480,0.6399,2.7543
44.9482,0.6972,2.9982
44.9484,0.7261,3.1268
44.9486,0.698,3.004
44.9488,0.7435,3.2016
44.9490,0.6748,2.9098
44.9492,0.6094,2.6263
44.9494,0.6236,2.6903
44.9496,0.5898,2.5433
44.9498,0.5777,2.4922
44.9500,0.6109,2.6306
44.9502,0.6767,2.9141
44.9504,0.6679,2.8772
44.9506,0.6775,2.9199
44.9508,0.603,2.6026
44.9510,0.5034,2.1735
44.9512,0.5151,2.2222
44.9514,0.5761,2.4866
44.9516,0.5741,2.4732
44.9518,0.6001,2.5841
44.9520,0.6263,2.7004
44.9522,0.5407,2.3356
44.9524,0.5086,2.1963
44.9526,0.5054,2.1813
44.9528,0.5506,2.3753
44.9530,0.5892,2.5395
44.9532,0.6321,2.7233
44.9534,0.5603,2.4183
44.9536,0.5034,2.1725
44.9538,0.4999,2.1575
44.9540,0.5008,2.1626
44.9542,0.5072,2.1901
44.9544,0.4805,2.0756
44.9546,0.4041,1.744
44.9548,0.4743,2.0473
44.9550,0.5276,2.276
44.9552,0.5595,2.4136
44.9554,0.4807,2.0747
44.9556,0.4601,1.9857
44.9558,0.4606,1.9896
44.9560,0.4615,1.99
44.9562,0.55,2.3694
44.9564,0.5927,2.5521
44.9566,0.6436,2.7716
44.9568,0.6638,2.853
44.9570,0.7114,3.0633
44.9572,0.5883,2.5377
44.9574,0.5667,2.4446
44.9576,0.5634,2.4284
44.9578,0.5651,2.4368
44.9580,0.561,2.4203
44.9582,0.5921,2.5448
44.9584,0.7223,3.103
44.9586,0.7349,3.1586
44.9588,0.7603,3.2663
44.9590,0.7148,3.082
44.9592,0.5634,2.4284
44.9594,0.5831,2.5131
44.9596,0.5566,2.3978
44.9598,0.5337,2.3013
44.9600,0.5349,2.3065
44.9602,0.5854,2.5218
44.9604,0.6267,2.7013
44.9606,0.5303,2.2868
44.9608,0.5152,2.2227
44.9610,0.5203,2.2455
44.9612,0.5136,2.2155
44.9614,0.5134,2.2139
44.9616,0.5124,2.2093
44.9618,0.5204,2.2429
44.9620,0.539,2.3262
44.9622,0.4909,2.1177
44.9624,0.5401,2.3265
44.9626,0.5711,2.458
44.9628,0.6101,2.6319
44.9630,0.5155,2.2268
44.9632,0.5383,2.3188
44.9634,0.6149,2.6464
44.9636,0.6712,2.8849
44.9638,0.6847,2.944
44.9640,0.7004,3.0144
44.9642,0.6964,2.9973
44.9644,0.6375,2.7452
44.9646,0.649,2.7948
44.9648,0.6205,2.6719
44.9650,0.6327,2.7246
44.9652,0.6258,2.6971
44.9654,0.5448,2.3483
44.9656,0.5396,2.3256
44.9658,0.5387,2.3198
44.9660,0.5725,2.47
44.9662,0.5775,2.4831
44.9664,0.6203,2.6709
44.9666,0.6513,2.7994
44.9668,0.7247,3.1104
44.9670,0.7433,3.1962
44.9672,0.6736,2.9006
44.9674,0.6258,2.6971
44.9676,0.5909,2.5444
44.9678,0.6278,2.7034
44.9680,0.6508,2.7999
44.9682,0.6829,2.9418
44.9684,0.6022,2.5917
44.9686,0.5998,2.5814
44.9688,0.5779,2.4921
44.9690,0.515,2.2217
44.9692,0.5269,2.2718
44.9694,0.5616,2.4229
44.9696,0.4978,2.1467
44.9698,0.4952,2.1314
44.9700,0.5505,2.3748
44.9702,0.4917,2.1213
44.9704,0.4856,2.094
44.9706,0.4832,2.0827
44.9708,0.4889,2.1089
44.9710,0.4842,2.0887
44.9712,0.4866,2.0981
44.9714,0.4845,2.0893
44.9716,0.4966,2.1415
44.9718,0.5302,2.2831
44.9720,0.5871,2.5243
44.9722,0.6086,2.622
44.9724,0.5857,2.5233
44.9726,0.6465,2.7801
44.9728,0.7803,3.3461
44.9730,0.8773,3.7638
44.9732,0.8724,3.7445
44.9734,0.8644,3.7048
44.9736,0.9243,3.9581
44.9738,0.9743,4.1761
44.9740,0.997,4.2652
44.9742,1.0409,4.4634
44.9744,0.9281,3.9814
44.9746,0.9049,3.8767
44.9748,0.9628,4.1229
44.9750,0.9476,4.0652
44.9752,0.9084,3.897
44.9754,0.863,3.709
44.9756,0.7765,3.3328
44.9758,0.8624,3.6978
44.9760,0.953,4.0922
44.9762,0.8913,3.8253
44.9764,0.8838,3.788
44.9766,0.9143,3.9204
44.9768,0.9362,4.0182
44.9770,0.8685,3.731
44.9772,0.8188,3.5161
44.9774,0.8636,3.7081
44.9776,0.8965,3.8461
44.9778,0.8866,3.7981
44.9780,0.9585,4.1044
44.9782,0.988,4.2346
44.9784,0.9164,3.937
44.9786,0.8353,3.5899
44.9788,0.773,3.3209
44.9790,0.7731,3.323
44.9792,0.7761,3.3359
44.9794,0.7535,3.24
44.9796,0.7554,3.2512
44.9798,0.7113,3.0613
44.9800,0.693,2.9843
44.9802,0.7269,3.1299
44.9804,0.6972,2.9996
44.9806,0.6981,3.0074
44.9808,0.6565,2.8268
44.9810,0.6993,3.0097
44.9812,0.6454,2.778
44.9814,0.6451,2.7765
44.9816,0.6512,2.8093
44.9818,0.5845,2.5205
44.9820,0.604,2.5994
44.9822,0.6564,2.8276
44.9824,0.6505,2.8023
44.9826,0.6678,2.874
44.9828,0.6946,2.9868
44.9830,0.741,3.1849
44.9832,0.7606,3.2704
44.9834,0.7046,3.0352
44.9836,0.6669,2.8717
44.9838,0.7116,3.0615
44.9840,0.753,3.2364
44.9842,0.7843,3.374
44.9844,0.7229,3.1128
44.9846,0.7098,3.0466
44.9848,0.8926,3.8363
44.9850,0.8401,3.6089
44.9852,0.7982,3.4355
44.9854,0.7875,3.3896
44.9856,0.7812,3.3559
44.9858,0.8144,3.4938
44.9860,0.8498,3.6472
44.9862,0.8814,3.7831
44.9864,0.9188,3.9418
44.9866,0.8983,3.8628
44.9868,0.7163,3.0873
44.9870,0.6198,2.6713
44.9872,0.5881,2.5349
44.9874,0.5887,2.5386
44.9876,0.5998,2.5862
44.9878,0.5814,2.5048
44.9880,0.6222,2.6804
44.9882,0.6016,2.5975
44.9884,0.5043,2.1777
44.9886,0.4929,2.1265
44.9888,0.4924,2.1264
44.9890,0.526,2.2682
44.9892,0.6549,2.8149
44.9894,0.7393,3.1762
44.9896,0.7585,3.2631
44.9898,0.6847,2.9522
44.9900,0.6468,2.7837
44.9902,0.6813,2.9337
44.9904,0.6513,2.8059
44.9906,0.6391,2.7532
44.9908,0.6504,2.7966
44.9910,0.7488,3.2139
44.9912,0.7898,3.3962
44.9914,0.726,3.1234
44.9916,0.7006,3.0196
44.9918,0.6266,2.6995
44.9920,0.6186,2.6649
44.9922,0.615,2.6469
44.9924,0.6313,2.7171
44.9926,0.7285,3.1313
44.9928,0.7472,3.2132
44.9930,0.685,2.9497
44.9932,0.6333,2.7272
44.9934,0.6253,2.6951
44.9936,0.6266,2.702
44.9938,0.6212,2.675
44.9940,0.626,2.6957
44.9942,0.6287,2.7058
44.9944,0.7016,3.0167
44.9946,0.7723,3.3225
44.9948,0.6839,2.9478
44.9950,0.6456,2.7785
44.9952,0.6261,2.6987
44.9954,0.5585,2.4094
44.9956,0.5781,2.4926
44.9958,0.68,2.9198
44.9960,0.8042,3.4516
44.9962,0.7892,3.3873
44.9964,0.777,3.341
44.9966,0.6904,2.9729
44.9968,0.6694,2.8826
44.9970,0.624,2.6894
44.9972,0.5505,2.3726
44.9974,0.541,2.3318
44.9976,0.5396,2.3266
44.9978,0.5426,2.3385
44.9980,0.5567,2.3983
44.9982,0.5475,2.3608
44.9984,0.5416,2.3354
44.9986,0.5402,2.3314
44.9988,0.5407,2.3302
44.9990,0.568,2.4446
44.9992,0.5957,2.5662
44.9994,0.6222,2.6791
44.9996,0.6644,2.8582
44.9998,0.6558,2.8237
45.0000,0.6957,2.9928
45.0002,0.7119,3.0611
45.0004,0.7096,3.0569
45.0006,0.6042,2.6053
45.0008,0.6008,2.5884
45.0010,0.5968,2.5709
45.0012,0.5862,2.5242
45.0014,0.6356,2.7319
45.0016,0.6854,2.9485
45.0018,0.6886,2.9665
45.0020,0.6197,2.6695
45.0022,0.5805,2.5029
45.0024,0.5735,2.4707
45.0026,0.6243,2.6872
45.0028,0.6259,2.6939
45.0030,0.6269,2.698
45.0032,0.6499,2.7984
45.0034,0.5878,2.5333
45.0036,0.5947,2.5621
45.0038,0.6169,2.6552
45.0040,0.6179,2.6605
45.0042,0.6444,2.7747
45.0044,0.6288,2.7063
45.0046,0.6136,2.642
45.0048,0.6486,2.7914
45.0050,0.6514,2.8038
45.0052,0.6361,2.739
45.0054,0.663,2.8534
45.0056,0.6813,2.9296
45.0058,0.6709,2.8834
45.0060,0.73,3.1389
45.0062,0.7402,3.1798
45.0064,0.8228,3.5314
45.0066,0.81,3.478
45.0068,0.8405,3.6076
45.0070,0.8546,3.6695
45.0072,0.8724,3.7357
45.0074,0.9968,4.2761
45.0076,0.9374,4.0178
45.0078,0.9306,3.9866
45.0080,0.9919,4.2531
45.0082,0.9832,4.218
45.0084,0.9525,4.0825
45.0086,0.9555,4.0992
45.0088,0.9512,4.0788
45.0090,0.97,4.1595
45.0092,0.9817,4.2054
45.0094,1.0271,4.4022
45.0096,1.016,4.3483
45.0098,1.0932,4.6788
45.0100,1.097,4.7018
45.0102,1.0243,4.3863
45.0104,1.0937,4.6765
45.0106,1.1042,4.7326
45.0108,0.9633,4.1326
45.0110,0.8999,3.8641
45.0112,0.8862,3.8054
45.0114,0.9029,3.8752
45.0116,0.8697,3.7396
45.0118,0.8523,3.658
45.0120,0.8718,3.7454
45.0122,0.7952,3.4178
45.0124,0.7384,3.1794
45.0126,0.6591,2.8408
45.0128,0.6544,2.8167
45.0130,0.759,3.2667
45.0132,0.7137,3.0745
45.0134,0.6516,2.8056
45.0136,0.6468,2.7837
45.0138,0.755,3.2527
45.0140,0.6088,2.6213
45.0142,0.6044,2.6063
45.0144,0.6324,2.723
45.0146,0.6205,2.6744
45.0148,0.5893,2.5436
45.0150,0.567,2.4439
45.0152,0.5777,2.4899
45.0154,0.6102,2.6299
45.0156,0.6556,2.8245
45.0158,0.6621,2.8484
45.0160,0.6956,2.9951
45.0162,0.6902,2.9719
45.0164,0.7161,3.0848
45.0166,0.6253,2.6938
45.0168,0.6411,2.7658
45.0170,0.5859,2.525
45.0172,0.5911,2.5454
45.0174,0.6276,2.7049
45.0176,0.605,2.6101
45.0178,0.5905,2.5487
45.0180,0.5326,2.2966
45.0182,0.5507,2.3747
45.0184,0.5436,2.3475
45.0186,0.511,2.2066
45.0188,0.5025,2.1689
45.0190,0.4908,2.1152
45.0192,0.5571,2.3988
45.0194,0.6361,2.739
45.0196,0.645,2.7837
45.0198,0.5253,2.2662
45.0200,0.5071,2.1906
45.0202,0.4661,2.0144
45.0204,0.4243,1.8315
45.0206,0.4626,1.9984
45.0208,0.4148,1.7917
45.0210,0.4606,1.9887
45.0212,0.4577,1.9744
45.0214,0.4688,2.0244
45.0216,0.4378,1.8903
45.0218,0.4554,1.9655
45.0220,0.4706,2.0322
45.0222,0.4492,1.9404
45.0224,0.4416,1.9051
45.0226,0.5001,2.1575
45.0228,0.542,2.3359
45.0230,0.5681,2.4463
45.0232,0.6218,2.6763
45.0234,0.6511,2.8036
45.0236,0.6541,2.8152
45.0238,0.6776,2.9163
45.0240,0.6827,2.9358
45.0242,0.6878,2.9547
45.0244,0.7309,3.1416
45.0246,0.7096,3.0555
45.0248,0.6727,2.8965
45.0250,0.6618,2.8482
45.0252,0.7124,3.0589
45.0254,0.8067,3.4657
45.0256,0.8361,3.5919
45.0258,0.7869,3.3854
45.0260,0.721,3.1031
45.0262,0.6681,2.8715
45.0264,0.7407,3.1848
45.0266,0.7037,3.0302
45.0268,0.6519,2.8098
45.0270,0.6336,2.7256
45.0272,0.6411,2.7594
45.0274,0.6654,2.8637
45.0276,0.7084,3.0504
45.0278,0.6711,2.8911
45.0280,0.5723,2.4689
45.0282,0.5458,2.3546
45.0284,0.5414,2.3344
45.0286,0.5385,2.322
45.0288,0.5395,2.3272
45.0290,0.5341,2.2986
45.0292,0.6011,2.5847
45.0294,0.6565,2.8334
45.0296,0.5247,2.2636
45.0298,0.5579,2.4024
45.0300,0.605,2.6041
45.0302,0.6145,2.6473
45.0304,0.6155,2.6502
45.0306,0.5589,2.411
45.0308,0.4836,2.0861
45.0310,0.4664,2.014
45.0312,0.4547,1.9642
45.0314,0.4514,1.9484
45.0316,0.4586,1.9786
45.0318,0.5188,2.2361
45.0320,0.5258,2.2672
45.0322,0.4975,2.1442
45.0324,0.5546,2.3902
45.0326,0.5421,2.3386
45.0328,0.573,2.4652
45.0330,0.653,2.8066
45.0332,0.6987,3.0043
45.0334,0.7002,3.0153
45.0336,0.6337,2.7274
45.0338,0.6217,2.6758
45.0340,0.6024,2.5939
45.0342,0.6001,2.5853
45.0344,0.6254,2.6881
45.0346,0.7149,3.0768
45.0348,0.665,2.8648
45.0350,0.5666,2.4441
45.0352,0.4921,2.1209
45.0354,0.4911,2.1168
45.0356,0.4926,2.123
45.0358,0.521,2.2444
45.0360,0.5731,2.468
45.0362,0.6349,2.7351
45.0364,0.6156,2.652
45.0366,0.5935,2.5557
45.0368,0.5835,2.5112
45.0370,0.5853,2.5189
45.0372,0.5936,2.5598
45.0374,0.5187,2.2356
45.0376,0.4959,2.1384
45.0378,0.5118,2.2067
45.0380,0.4966,2.1405
45.0382,0.5228,2.2511
45.0384,0.5609,2.4164
45.0386,0.6048,2.6043
45.0388,0.606,2.6082
45.0390,0.6313,2.7108
45.0392,0.7661,3.2864
45.0394,0.7839,3.3694
45.0396,0.7338,3.1584
45.0398,0.7355,3.1582
45.0400,0.8106,3.4789
45.0402,0.8291,3.5554
45.0404,0.9484,4.065
45.0406,0.92,3.9451
45.0408,0.862,3.6928
45.0410,0.8971,3.8451
45.0412,0.9326,4.0009
45.0414,0.9472,4.058
45.0416,0.9799,4.1958
45.0418,0.9728,4.1694
45.0420,0.9632,4.1263
45.0422,0.976,4.1754
45.0424,1.0004,4.2836
45.0426,0.9451,4.0469
45.0428,1.0084,4.318
45.0430,1.0182,4.3601
45.0432,1.0048,4.3046
45.0434,1.0035,4.2969
45.0436,1.0645,4.554
45.0438,0.9826,4.2174
45.0440,0.8674,3.7228
45.0442,0.8464,3.6328
45.0444,0.865,3.7126
45.0446,0.9133,3.9181
45.0448,0.9079,3.8968
45.0450,0.8349,3.5867
45.0452,0.8006,3.4394
45.0454,0.8441,3.6247
45.0456,0.8321,3.5782
45.0458,0.7793,3.3493
45.0460,0.808,3.4697
45.0462,0.7988,3.4333
45.0464,0.765,3.2864
45.0466,0.8085,3.4734
45.0468,0.8338,3.5788
45.0470,0.8692,3.7358
45.0472,0.7807,3.357
45.0474,0.8012,3.45
45.0476,0.7168,3.0836
45.0478,0.7071,3.0447
45.0480,0.6807,2.9297
45.0482,0.7245,3.1152
45.0484,0.7209,3.0997
45.0486,0.7249,3.1187
45.0488,0.7445,3.2043
45.0490,0.757,3.2549
45.0492,0.7643,3.2864
45.0494,0.8,3.4368
45.0496,0.807,3.4683
45.0498,0.7989,3.4354
45.0500,0.7652,3.2951
45.0502,0.7097,3.056
45.0504,0.7092,3.0511
45.0506,0.783,3.3684
45.0508,0.7681,3.3075
45.0510,0.6138,2.6467
45.0512,0.5683,2.4507
45.0514,0.6076,2.6198
45.0516,0.583,2.5115
45.0518,0.5957,2.5638
45.0520,0.6547,2.823
45.0522,0.6162,2.6533
45.0524,0.7006,3.0154
45.0526,0.7438,3.1997
45.0528,0.6854,2.9553
45.0530,0.5796,2.4993
45.0532,0.5644,2.4325
45.0534,0.5483,2.3633
45.0536,0.567,2.445
45.0538,0.5847,2.5199
45.0540,0.5911,2.5466
45.0542,0.6101,2.6331
45.0544,0.5314,2.2936
45.0546,0.4994,2.1534
45.0548,0.5006,2.1566
45.0550,0.5966,2.568
45.0552,0.657,2.8276
45.0554,0.6386,2.7537
45.0556,0.7002,3.0097
45.0558,0.7977,3.4318
45.0560,0.7456,3.2104
45.0562,0.654,2.8146
45.0564,0.6871,2.9571
45.0566,0.7098,3.0509
45.0568,0.729,3.1333
45.0570,0.7624,3.2766
45.0572,0.8005,3.4389
45.0574,0.8528,3.6635
45.0576,0.7839,3.3709
45.0578,0.7429,3.1946
45.0580,0.7299,3.1399
45.0582,0.6954,2.9974
45.0584,0.6395,2.7535
45.0586,0.6341,2.7302
45.0588,0.6317,2.7149
45.0590,0.8234,3.5406
45.0592,0.7288,3.1367
45.0594,0.6568,2.8297
45.0596,0.6407,2.7599
45.0598,0.6255,2.6911
45.0600,0.6333,2.7272
45.0602,0.6367,2.7442
45.0604,0.6393,2.753
45.0606,0.6998,3.0118
45.0608,0.657,2.8315
45.0610,0.6182,2.6646
45.0612,0.6415,2.7623
45.0614,0.6299,2.7172
45.0616,0.5559,2.397
45.0618,0.5499,2.3722
45.0620,0.5366,2.3159
45.0622,0.5933,2.5547
45.0624,0.7124,3.066
45.0626,0.6592,2.836
45.0628,0.6861,2.9475
45.0630,0.8108,3.4848
45.0632,0.7511,3.2312
45.0634,0.7254,3.1193
45.0636,0.7391,3.1811
45.0638,0.7195,3.0969
45.0640,0.7233,3.11
45.0642,0.7446,3.1988
45.0644,0.807,3.4651
45.0646,0.8312,3.5691
45.0648,0.8216,3.5361
45.0650,0.7311,3.1465
45.0652,0.711,3.0631
45.0654,0.6981,3.0032
45.0656,0.7474,3.2152
45.0658,0.763,3.2822
45.0660,0.7477,3.2167
45.0662,0.7048,3.0306
45.0664,0.7288,3.1352
45.0666,0.7719,3.3194
45.0668,0.7735,3.3245
45.0670,0.7824,3.3627
45.0672,0.7589,3.2647
45.0674,0.7106,3.0611
45.0676,0.7227,3.1046
45.0678,0.7672,3.3034
45.0680,0.6378,2.7488
45.0682,0.6011,2.5859
45.0684,0.6318,2.723
45.0686,0.5685,2.4546
45.0688,0.5096,2.1964
45.0690,0.5598,2.4151
45.0692,0.5026,2.1684
45.0694,0.4881,2.1058
45.0696,0.4935,2.1291
45.0698,0.4956,2.1399
45.0700,0.4962,2.1415
45.0702,0.4884,2.1059
45.0704,0.4854,2.0949
45.0706,0.5301,2.2847
45.0708,0.5839,2.5179
45.0710,0.5061,2.1824
45.0712,0.4922,2.1244
45.0714,0.5091,2.1953
45.0716,0.6401,2.7561
45.0718,0.6052,2.6094
45.0720,0.6288,2.71
45.0722,0.6429,2.7646
45.0724,0.76,3.2648
45.0726,0.7387,3.1751
45.0728,0.7562,3.2533
45.0730,0.7347,3.1576
45.0732,0.7237,3.1092
45.0734,0.7897,3.3941
45.0736,0.8161,3.5042
45.0738,0.8935,3.8261
45.0740,0.9909,4.247
45.0742,0.9884,4.2342
45.0744,0.9943,4.2574
45.0746,0.9904,4.2449
45.0748,1.0076,4.3184
45.0750,1.0209,4.3755
45.0752,0.9602,4.1173
45.0754,0.9957,4.2655
45.0756,1.0935,4.6759
45.0758,1.1196,4.7894
45.0760,1.0747,4.5955
45.0762,1.0785,4.6226
45.0764,1.0604,4.5408
45.0766,1.1291,4.8327
45.0768,1.1237,4.8074
45.0770,1.0883,4.6643
45.0772,0.9951,4.265
45.0774,0.951,4.0796
45.0776,0.9283,3.9843
45.0778,0.9373,4.0266
45.0780,0.8934,3.8399
45.0782,0.7759,3.3395
45.0784,0.6783,2.9248
45.0786,0.6537,2.8162
45.0788,0.6604,2.8438
45.0790,0.6597,2.8434
45.0792,0.6373,2.7467
45.0794,0.6287,2.707
45.0796,0.6884,2.9641
45.0798,0.6803,2.9336
45.0800,0.6832,2.9406
45.0802,0.7048,3.0321
45.0804,0.6651,2.8666
45.0806,0.6299,2.7134
45.0808,0.6553,2.8177
45.0810,0.7082,3.0493
45.0812,0.6329,2.7276
45.0814,0.6409,2.7635
45.0816,0.6353,2.738
45.0818,0.6229,2.6822
45.0820,0.6278,2.7047
45.0822,0.6275,2.7044
45.0824,0.6381,2.7504
45.0826,0.6359,2.7367
45.0828,0.7065,3.0421
45.0830,0.7007,3.0215
45.0832,0.6191,2.6682
45.0834,0.5909,2.5456
45.0836,0.6076,2.6186
45.0838,0.5495,2.3695
45.0840,0.6018,2.5926
45.0842,0.6801,2.9312
45.0844,0.6156,2.6544
45.0846,0.6278,2.7047
45.0848,0.6633,2.8602
45.0850,0.5892,2.5395
45.0852,0.5764,2.4842
45.0854,0.5898,2.5421
45.0856,0.6269,2.698
45.0858,0.6588,2.8406
45.0860,0.5672,2.4467
45.0862,0.5297,2.2853
45.0864,0.515,2.2237
45.0866,0.5203,2.2424
45.0868,0.5618,2.42
45.0870,0.6098,2.6272
45.0872,0.6401,2.7612
45.0874,0.506,2.1829
45.0876,0.4579,1.9773
45.0878,0.4663,2.0154
45.0880,0.4524,1.9544
45.0882,0.4471,1.9298
45.0884,0.4462,1.9257
45.0886,0.453,1.9561
45.0888,0.5138,2.2134
45.0890,0.6187,2.6642
45.0892,0.629,2.7111
45.0894,0.5652,2.4373
45.0896,0.5564,2.4001
45.0898,0.5567,2.4017
45.0900,0.5579,2.4046
45.0902,0.5552,2.3927
45.0904,0.5685,2.449
45.0906,0.6275,2.7006
45.0908,0.6528,2.8056
45.0910,0.7201,3.0966
45.0912,0.7179,3.0912
45.0914,0.5927,2.5569
45.0916,0.5398,2.3287
45.0918,0.5385,2.322
45.0920,0.5523,2.3781
45.0922,0.6423,2.7672
45.0924,0.6324,2.7243
45.0926,0.632,2.7253
45.0928,0.5689,2.4544
45.0930,0.5223,2.2522
45.0932,0.5102,2.201
45.0934,0.5107,2.2031
45.0936,0.516,2.2258
45.0938,0.5182,2.2336
45.0940,0.5161,2.2253
45.0942,0.5155,2.2227
45.0944,0.5321,2.2946
45.0946,0.5355,2.3091
45.0948,0.5223,2.2511
45.0950,0.5916,2.5487
45.0952,0.6267,2.6975
45.0954,0.6668,2.8699
45.0956,0.5945,2.5611
45.0958,0.5537,2.3865
45.0960,0.4824,2.0829
45.0962,0.4874,2.1017
45.0964,0.5377,2.3162
45.0966,0.5897,2.5392
45.0968,0.6639,2.8562
45.0970,0.6722,2.8917
45.0972,0.6383,2.7458
45.0974,0.6037,2.6008
45.0976,0.5681,2.4474
45.0978,0.561,2.4169
45.0980,0.5483,2.3644
45.0982,0.4998,2.157
45.0984,0.516,2.2237
45.0986,0.55,2.3716
45.0988,0.5035,2.171
45.0990,0.5061,2.1824
45.0992,0.5402,2.3227
45.0994,0.6695,2.8804
45.0996,0.6413,2.7625
45.0998,0.6279,2.7064
45.1000,0.6203,2.6734
45.1002,0.5844,2.5165
45.1004,0.5664,2.4425
45.1006,0.503,2.1699
45.1008,0.4878,2.1043
45.1010,0.4825,2.0815
45.1012,0.4811,2.0705
45.1014,0.6016,2.5951
45.1016,0.5101,2.2015
45.1018,0.482,2.0794
45.1020,0.4728,2.0386
45.1022,0.4731,2.0393
45.1024,0.5197,2.2398
45.1026,0.5656,2.4388
45.1028,0.5127,2.2057
45.1030,0.563,2.4241
45.1032,0.5791,2.4926
45.1034,0.6441,2.7749
45.1036,0.6112,2.6304
45.1038,0.606,2.6082
45.1040,0.6088,2.6213
45.1042,0.6439,2.7713
45.1044,0.6439,2.7687
45.1046,0.691,2.9686
45.1048,0.7265,3.124
45.1050,0.7067,3.0417
45.1052,0.6567,2.8226
45.1054,0.7314,3.1407
45.1056,0.807,3.4619
45.1058,0.85,3.6482
45.1060,0.8307,3.5604
45.1062,0.9014,3.8582
45.1064,0.9861,4.2264
45.1066,0.9727,4.1689
45.1068,0.9825,4.209
45.1070,0.9923,4.2472
45.1072,1.0173,4.3519
45.1074,1.0938,4.6792
45.1076,1.0926,4.6697
45.1078,1.1011,4.7038
45.1080,1.1417,4.8821
45.1082,1.1287,4.8307
45.1084,1.0571,4.5307
45.1086,0.9875,4.2365
45.1088,0.93,3.9859
45.1090,0.9702,4.1561
45.1092,0.9959,4.2725
45.1094,0.9601,4.1187
45.1096,0.9524,4.0801
45.1098,1.0056,4.3142
45.1100,1.0005,4.2901
45.1102,1.0032,4.3019
45.1104,0.9544,4.0984
45.1106,0.8435,3.6204
45.1108,0.8365,3.5917
45.1110,0.8307,3.5704
45.1112,0.8249,3.544
45.1114,0.854,3.6686
45.1116,0.8719,3.7476
45.1118,0.7567,3.2584
45.1120,0.6901,2.97
45.1122,0.7019,3.0169
45.1124,0.749,3.2254
45.1126,0.7989,3.4386
45.1128,0.7327,3.1537
45.1130,0.6989,3.0068
45.1132,0.7591,3.2627
45.1134,0.7506,3.2291
45.1136,0.7345,3.1585
45.1138,0.7014,3.0246
45.1140,0.6233,2.6838
45.1142,0.6558,2.8263
45.1144,0.6879,2.9634
45.1146,0.6855,2.9517
45.1148,0.6914,2.9729
45.1150,0.7425,3.1955
45.1152,0.6919,2.9791
45.1154,0.6709,2.8888
45.1156,0.6452,2.7821
45.1158,0.5865,2.53
45.1160,0.6374,2.7485
45.1162,0.5898,2.5433
45.1164,0.5922,2.5501
45.1166,0.6472,2.7845
45.1168,0.6701,2.8857
45.1170,0.6619,2.8514
45.1172,0.6643,2.8604
45.1174,0.6783,2.9194
45.1176,0.6305,2.7198
45.1178,0.5784,2.493
45.1180,0.5695,2.4548
45.1182,0.5917,2.548
45.1184,0.6507,2.8046
45.1186,0.6079,2.6153
45.1188,0.648,2.794
45.1190,0.5733,2.4742
45.1192,0.5542,2.3908
45.1194,0.5625,2.4254
45.1196,0.5697,2.4553
45.1198,0.6052,2.6058
45.1200,0.5591,2.4143
45.1202,0.4824,2.081
45.1204,0.48,2.0725
45.1206,0.506,2.1839
45.1208,0.5644,2.4348
45.1210,0.5204,2.2449
45.1212,0.5125,2.2108
45.1214,0.555,2.3889
45.1216,0.6609,2.8472
45.1218,0.5977,2.5738
45.1220,0.6743,2.901
45.1222,0.6639,2.8588
45.1224,0.6327,2.7271
45.1226,0.5919,2.5497
45.1228,0.5922,2.5489
45.1230,0.6357,2.7375
45.1232,0.6554,2.8208
45.1234,0.6694,2.8799
45.1236,0.6693,2.8807
45.1238,0.6621,2.8484
45.1240,0.7187,3.0905
45.1242,0.7829,3.3679
45.1244,0.7597,3.2637
45.1246,0.779,3.3467
45.1248,0.7863,3.3844
45.1250,0.7267,3.1235
45.1252,0.7826,3.359
45.1254,0.8172,3.5105
45.1256,0.811,3.4923
45.1258,0.6813,2.935
45.1260,0.6513,2.8007
45.1262,0.7652,3.289
45.1264,0.8164,3.5058
45.1266,0.8163,3.5085
45.1268,0.7725,3.3173
45.1270,0.8305,3.5643
45.1272,0.8472,3.6415
45.1274,0.8043,3.4586
45.1276,0.7422,3.19
45.1278,0.7302,3.1429
45.1280,0.7344,3.158
45.1282,0.7306,3.1444
45.1284,0.6083,2.6217
45.1286,0.5797,2.4975
45.1288,0.6374,2.7498
45.1290,0.5729,2.4704
45.1292,0.5395,2.3261
45.1294,0.5825,2.5094
45.1296,0.6463,2.7816
45.1298,0.6812,2.9304
45.1300,0.6589,2.8345
45.1302,0.6511,2.8075
45.1304,0.5727,2.4705
45.1306,0.5548,2.3923
45.1308,0.5507,2.3725
45.1310,0.542,2.3391
45.1312,0.5381,2.3215
45.1314,0.5335,2.2981
45.1316,0.5925,2.5464
45.1318,0.6759,2.9131
45.1320,0.6465,2.7839
45.1322,0.6789,2.9193
45.1324,0.7126,3.0656
45.1326,0.7084,3.0504
45.1328,0.6672,2.8701
45.1330,0.6857,2.9459
45.1332,0.7466,3.2061
45.1334,0.7288,3.1352
45.1336,0.6861,2.9543
45.1338,0.6657,2.8666
45.1340,0.6609,2.8446
45.1342,0.6749,2.9063
45.1344,0.6626,2.8558
45.1346,0.5956,2.5657
45.1348,0.5935,2.5569
45.1350,0.6615,2.8445
45.1352,0.7086,3.0471
45.1354,0.7429,3.2005
45.1356,0.6234,2.6868
45.1358,0.5987,2.5803
45.1360,0.5482,2.3628
45.1362,0.5001,2.1575
45.1364,0.501,2.1612
45.1366,0.4914,2.1208
45.1368,0.5038,2.1716
45.1370,0.5616,2.4184
45.1372,0.5964,2.5705
45.1374,0.6065,2.6127
45.1376,0.6112,2.6316
45.1378,0.6048,2.6079
45.1380,0.5277,2.2754
45.1382,0.543,2.3405
45.1384,0.5885,2.5282
45.1386,0.7324,3.1463
45.1388,0.7861,3.3834
45.1390,0.7337,3.1593
45.1392,0.6765,2.909
45.1394,0.7434,3.1981
45.1396,0.749,3.2194
45.1398,0.7759,3.3271
45.1400,0.842,3.6121
45.1402,0.8438,3.6232
45.1404,0.8261,3.5508
45.1406,0.826,3.5503
45.1408,0.8209,3.5281
45.1410,0.8149,3.4991
45.1412,0.8096,3.478
45.1414,0.8198,3.5218
45.1416,0.816,3.5037
45.1418,0.8371,3.5876
45.1420,0.9553,4.0982
45.1422,0.9415,4.039
45.1424,0.973,4.1665
45.1426,1.0893,4.6558
45.1428,1.1182,4.7838
45.1430,1.1086,4.7428
45.1432,1.0978,4.701
45.1434,1.0849,4.6455
45.1436,1.1221,4.8047
45.1438,1.1131,4.7617
45.1440,1.1076,4.7382
45.1442,1.1098,4.7523
45.1444,1.0143,4.3492
45.1446,0.9636,4.1317
45.1448,0.9397,4.0351
45.1450,0.9168,3.9385
45.1452,0.8547,3.67
45.1454,0.871,3.7418
45.1456,0.8498,3.6506
45.1458,0.9186,3.9408
45.1460,0.9206,3.9513
45.1462,0.9194,3.9499
45.1464,0.9252,3.9653
45.1466,0.9886,4.2412
45.1468,0.9113,3.9185
45.1470,0.8076,3.4774
45.1472,0.7308,3.144
45.1474,0.7877,3.3885
45.1476,0.7592,3.2693
45.1478,0.7332,3.1528
45.1480,0.8265,3.5523
45.1482,0.846,3.6346
45.1484,0.8705,3.7397
45.1486,0.8758,3.7606
45.1488,0.8739,3.7576
45.1490,0.7538,3.2415
45.1492,0.7806,3.3549
45.1494,0.8073,3.4731
45.1496,0.7359,3.173
45.1498,0.6157,2.6574
45.1500,0.5661,2.4443
45.1502,0.5207,2.2465
45.1504,0.5651,2.4368
45.1506,0.5872,2.5319
45.1508,0.6158,2.6555
45.1510,0.6179,2.663
45.1512,0.5884,2.5382
45.1514,0.5162,2.2289
45.1516,0.5068,2.1895
45.1518,0.5137,2.2139
45.1520,0.624,2.6856
45.1522,0.701,3.0184
45.1524,0.6838,2.9486
45.1526,0.5764,2.4877
45.1528,0.4932,2.1295
45.1530,0.4818,2.0803
45.1532,0.497,2.1471
45.1534,0.4996,2.1585
45.1536,0.5022,2.1703
45.1538,0.4154,1.7951
45.1540,0.396,1.7117
45.1542,0.4035,1.743
45.1544,0.4098,1.7688
45.1546,0.4621,1.9963
45.1548,0.4624,1.9974
45.1550,0.498,2.1472
45.1552,0.5486,2.3643
45.1554,0.5789,2.4962
45.1556,0.5767,2.4858
45.1558,0.604,2.6007
45.1560,0.6464,2.7821
45.1562,0.6577,2.8306
45.1564,0.6709,2.8874
45.1566,0.6161,2.6565
45.1568,0.5745,2.4782
45.1570,0.5588,2.4094
45.1572,0.5608,2.417
45.1574,0.5922,2.5501
45.1576,0.6807,2.9297
45.1578,0.7398,3.1797
45.1580,0.7847,3.3693
45.1582,0.7886,3.3926
45.1584,0.7252,3.127
45.1586,0.6548,2.817
45.1588,0.6782,2.923
45.1590,0.556,2.3975
45.1592,0.5385,2.3231
45.1594,0.5365,2.3143
45.1596,0.5311,2.2899
45.1598,0.532,2.2941
45.1600,0.5606,2.416
45.1602,0.5916,2.5522
45.1604,0.5379,2.3205
45.1606,0.5294,2.2816
45.1608,0.5293,2.2811
45.1610,0.5531,2.3851
45.1612,0.5425,2.3401
45.1614,0.5353,2.3091
45.1616,0.5248,2.263
45.1618,0.5249,2.2657
45.1620,0.604,2.6031
45.1622,0.6048,2.6055
45.1624,0.5693,2.4526
45.1626,0.5537,2.3865
45.1628,0.5505,2.3693
45.1630,0.6356,2.7331
45.1632,0.7161,3.0805
45.1634,0.7217,3.1062
45.1636,0.7144,3.0733
45.1638,0.6488,2.7938
45.1640,0.6071,2.6177
45.1642,0.6233,2.6863
45.1644,0.5878,2.5321
45.1646,0.6006,2.585
45.1648,0.6259,2.6976
45.1650,0.5638,2.4311
45.1652,0.5378,2.3189
45.1654,0.5639,2.4293
45.1656,0.6517,2.8061
45.1658,0.641,2.7564
45.1660,0.6863,2.9485
45.1662,0.7094,3.0502
45.1664,0.7207,3.0992
45.1666,0.7242,3.1156
45.1668,0.7552,3.2457
45.1670,0.7456,3.203
45.1672,0.7161,3.082
45.1674,0.7341,3.1564
45.1676,0.6769,2.9173
45.1678,0.5914,2.5464
45.1680,0.5372,2.3163
45.1682,0.492,2.1214
45.1684,0.4871,2.1012
45.1686,0.4863,2.099
45.1688,0.4796,2.071
45.1690,0.48,2.0706
45.1692,0.4829,2.083
45.1694,0.4861,2.097
45.1696,0.4837,2.0857
45.1698,0.48,2.0697
45.1700,0.4818,2.0774
45.1702,0.5119,2.2062
45.1704,0.5627,2.4275
45.1706,0.5118,2.2077
45.1708,0.4872,2.1007
45.1710,0.4865,2.0966
45.1712,0.4901,2.1141
45.1714,0.5,2.155
45.1716,0.5505,2.3682
45.1718,0.6741,2.8946
45.1720,0.8134,3.4961
45.1722,0.735,3.1606
45.1724,0.733,3.1503
45.1726,0.7691,3.3055
45.1728,0.739,3.1776
45.1730,0.7291,3.1339
45.1732,0.7131,3.0619
45.1734,0.7958,3.4156
45.1736,0.844,3.6259
45.1738,0.8848,3.7904
45.1740,0.9797,4.2011
45.1742,0.912,3.9106
45.1744,0.8947,3.8348
45.1746,0.9012,3.8644
45.1748,0.9295,3.9876
45.1750,0.9645,4.132
45.1752,0.9702,4.16
45.1754,0.9542,4.0859
45.1756,0.9922,4.2487
45.1758,1.0375,4.4365
45.1760,1.1344,4.8531
45.1762,1.0967,4.6915
45.1764,1.1126,4.7619
45.1766,1.0961,4.6933
45.1768,0.9861,4.2304
45.1770,0.929,3.9818
45.1772,0.9512,4.0769
45.1774,0.9715,4.1657
45.1776,0.9248,3.9731
45.1778,0.8523,3.6614
45.1780,0.832,3.5777
45.1782,0.7077,3.0515
45.1784,0.6553,2.8229
45.1786,0.6945,2.9877
45.1788,0.7489,3.2219
45.1790,0.6946,2.9896
45.1792,0.6823,2.9364
45.1794,0.7054,3.0346
45.1796,0.7273,3.1261
45.1798,0.7937,3.4079
45.1800,0.862,3.7083
45.1802,0.7538,3.2415
45.1804,0.7098,3.058
45.1806,0.6923,2.9812
45.1808,0.6839,2.9423
45.1810,0.7302,3.14
45.1812,0.7614,3.2755
45.1814,0.7354,3.1651
45.1816,0.7414,3.1909
45.1818,0.7224,3.1079
45.1820,0.6904,2.9729
45.1822,0.6495,2.7969
45.1824,0.6947,2.9887
45.1826,0.7675,3.3003
45.1828,0.7464,3.2096
45.1830,0.7079,3.0497
45.1832,0.703,3.0271
45.1834,0.7036,3.0255
45.1836,0.7253,3.1217
45.1838,0.7478,3.2187
45.1840,0.7311,3.145
45.1842,0.7098,3.0523
45.1844,0.6927,2.9827
45.1846,0.6632,2.8584
45.1848,0.6396,2.7553
45.1850,0.6693,2.882
45.1852,0.7466,3.2106
45.1854,0.7674,3.2982
45.1856,0.6739,2.9057
45.1858,0.5925,2.5535
45.1860,0.5903,2.5418
45.1862,0.6028,2.5991
45.1864,0.6181,2.6641
45.1866,0.6771,2.9156
45.1868,0.7029,3.028
45.1870,0.6209,2.6759
45.1872,0.5765,2.487
45.1874,0.5632,2.4296
45.1876,0.5433,2.3437
45.1878,0.5303,2.2868
45.1880,0.5305,2.2884
45.1882,0.5808,2.4998
45.1884,0.6678,2.8753
45.1886,0.6824,2.9356
45.1888,0.7229,3.1085
45.1890,0.7079,3.0469
45.1892,0.6445,2.7752
45.1894,0.6366,2.7424
45.1896,0.6365,2.7406
45.1898,0.6787,2.921
45.1900,0.7203,3.0972
45.1902,0.7532,3.2405
45.1904,0.7206,3.103
45.1906,0.6432,2.7682
45.1908,0.6235,2.6848
45.1910,0.6213,2.6768
45.1912,0.6172,2.6587
45.1914,0.6209,2.6747
45.1916,0.6192,2.6662
45.1918,0.6249,2.6885
45.1920,0.7181,3.085
45.1922,0.7693,3.3065
45.1924,0.7311,3.1392
45.1926,0.7627,3.2797
45.1928,0.7537,3.247
45.1930,0.6712,2.8917
45.1932,0.6227,2.6812
45.1934,0.6219,2.6781
45.1936,0.6229,2.6835
45.1938,0.6216,2.6766
45.1940,0.6209,2.671
45.1942,0.6536,2.8183
45.1944,0.5699,2.4574
45.1946,0.554,2.3887
45.1948,0.5505,2.3748
45.1950,0.549,2.3686
45.1952,0.5731,2.4657
45.1954,0.7108,3.0564
45.1956,0.6391,2.7519
45.1958,0.6474,2.7876
45.1960,0.6386,2.7499
45.1962,0.6843,2.9438
45.1964,0.7076,3.0425
45.1966,0.7067,3.0417
45.1968,0.6915,2.9789
45.1970,0.6676,2.8708
45.1972,0.7,3.01
45.1974,0.6815,2.9374
45.1976,0.5913,2.5518
45.1978,0.5392,2.3229
45.1980,0.5874,2.5318
45.1982,0.6301,2.7132
45.1984,0.6636,2.8546
45.1986,0.6996,3.0099
45.1988,0.6826,2.9339
45.1990,0.7176,3.0829
45.1992,0.7676,3.3023
45.1994,0.7264,3.1264
45.1996,0.6413,2.7625
45.1998,0.5842,2.5178
45.2000,0.5832,2.5137
45.2002,0.6028,2.5967
45.2004,0.5639,2.4338
45.2006,0.4868,2.1021
45.2008,0.4826,2.083
45.2010,0.4844,2.0898
45.2012,0.4933,2.128
45.2014,0.4869,2.1026
45.2016,0.4811,2.0743
45.2018,0.554,2.3842
45.2020,0.6112,2.6353
45.2022,0.5175,2.2305
45.2024,0.5649,2.4335
45.2026,0.5972,2.5717
45.2028,0.6597,2.8407
45.2030,0.6919,2.9777
45.2032,0.6325,2.7223
45.2034,0.6399,2.753
45.2036,0.6529,2.8126
45.2038,0.6492,2.794
45.2040,0.6844,2.9416
45.2042,0.7471,3.2112
45.2044,0.7377,3.1749
45.2046,0.6948,2.9879
45.2048,0.7004,3.0102
45.2050,0.7537,3.2335
45.2052,0.8295,3.5652
45.2054,0.7743,3.3266
45.2056,0.7742,3.3245
45.2058,0.7974,3.4223
45.2060,0.8282,3.5579
45.2062,0.8078,3.4703
45.2064,0.8311,3.5653
45.2066,0.8627,3.7011
45.2068,0.8832,3.7855
45.2070,0.9753,4.1763
45.2072,1.0017,4.2932
45.2074,0.9923,4.2531
45.2076,0.9837,4.2142
45.2078,0.954,4.0868
45.2080,0.989,4.2388
45.2082,0.9867,4.2329
45.2084,0.9223,3.9549
45.2086,0.9872,4.2251
45.2088,1.0383,4.4479
45.2090,1.0185,4.3652
45.2092,1.0149,4.3498
45.2094,0.9917,4.2526
45.2096,0.9909,4.241
45.2098,1.044,4.4746
45.2100,1.0296,4.4191
45.2102,0.9064,3.8901
45.2104,0.868,3.7341
45.2106,0.7609,3.278
45.2108,0.6817,2.9325
45.2110,0.699,3.0101
45.2112,0.6536,2.8144
45.2114,0.6198,2.6676
45.2116,0.6826,2.938
45.2118,0.6989,3.0096
45.2120,0.7187,3.0919
45.2122,0.7574,3.2615
45.2124,0.6729,2.9002
45.2126,0.6311,2.7199
45.2128,0.6281,2.7044
45.2130,0.6559,2.8229
45.2132,0.6743,2.9037
45.2134,0.6523,2.8087
45.2136,0.6444,2.7772
45.2138,0.6571,2.8281
45.2140,0.7519,3.2408
45.2142,0.6492,2.7953
45.2144,0.703,3.0229
45.2146,0.7548,3.2487
45.2148,0.6588,2.8406
45.2150,0.5691,2.4515
45.2152,0.6114,2.64
45.2154,0.5377,2.3184
45.2156,0.5936,2.5586
45.2158,0.5778,2.4893
45.2160,0.624,2.6894
45.2162,0.6532,2.8142
45.2164,0.6246,2.6907
45.2166,0.6013,2.5917
45.2168,0.5291,2.2827
45.2170,0.507,2.189
45.2172,0.5205,2.2444
45.2174,0.6151,2.6487
45.2176,0.6392,2.7512
45.2178,0.626,2.6969
45.2180,0.617,2.6594
45.2182,0.5835,2.517
45.2184,0.5613,2.4225
45.2186,0.482,2.0804
45.2188,0.4849,2.0938
45.2190,0.4966,2.1425
45.2192,0.496,2.137
45.2194,0.5727,2.4705
45.2196,0.4983,2.1528
45.2198,0.4243,1.8315
45.2200,0.4506,1.9466
45.2202,0.4439,1.914
45.2204,0.5061,2.1864
45.2206,0.4438,1.9171
45.2208,0.4423,1.9082
45.2210,0.5095,2.1958
45.2212,0.5723,2.4666
45.2214,0.5701,2.4539
45.2216,0.6065,2.6139
45.2218,0.5649,2.4357
45.2220,0.5869,2.5297
45.2222,0.6114,2.6314
45.2224,0.65,2.7976
45.2226,0.6573,2.8304
45.2228,0.6824,2.9329
45.2230,0.7417,3.1865
45.2232,0.7851,3.3745
45.2234,0.7601,3.2653
45.2236,0.7825,3.3632
45.2238,0.7787,3.3498
45.2240,0.7598,3.2643
45.2242,0.7615,3.276
45.2244,0.7089,3.0482
45.2246,0.6953,2.9969
45.2248,0.6383,2.7445
45.2250,0.7277,3.1277
45.2252,0.7818,3.3585
45.2254,0.7523,3.2363
45.2256,0.7133,3.0701
45.2258,0.6555,2.824
45.2260,0.6414,2.7566
45.2262,0.7213,3.1018
45.2264,0.6626,2.8558
45.2266,0.5675,2.4471
45.2268,0.5458,2.3535
45.2270,0.5348,2.306
45.2272,0.5438,2.3458
45.2274,0.5965,2.5722
45.2276,0.5197,2.2418
45.2278,0.4724,2.038
45.2280,0.4624,1.9964
45.2282,0.4595,1.9822
45.2284,0.4651,2.0083
45.2286,0.4632,1.9982
45.2288,0.4707,2.0308
45.2290,0.5128,2.2103
45.2292,0.5632,2.4274
45.2294,0.6013,2.5917
45.2296,0.5957,2.5662
45.2298,0.5688,2.4494
45.2300,0.5657,2.4382
45.2302,0.5289,2.2817
45.2304,0.5115,2.2077
45.2306,0.4609,1.9884
45.2308,0.4797,2.0696
45.2310,0.5079,2.1881
45.2312,0.5735,2.4684
45.2314,0.6222,2.6816
45.2316,0.5942,2.5576
45.2318,0.6014,2.5874
45.2320,0.6242,2.6904
45.2322,0.5875,2.5323
45.2324,0.6148,2.6434
45.2326,0.6711,2.8898
45.2328,0.6044,2.6039
45.2330,0.6052,2.607
45.2332,0.6048,2.6031
45.2334,0.5941,2.5607
45.2336,0.6079,2.6177
45.2338,0.6586,2.8321
45.2340,0.6257,2.6966
45.2342,0.5872,2.5319
45.2344,0.5194,2.2387
45.2346,0.4862,2.0966
45.2348,0.4849,2.0899
45.2350,0.4861,2.096
45.2352,0.4859,2.097
45.2354,0.5055,2.1778
45.2356,0.5634,2.4261
45.2358,0.5861,2.5249
45.2360,0.5812,2.5026
45.2362,0.5916,2.5487
45.2364,0.5155,2.2237
45.2366,0.5026,2.1684
45.2368,0.5197,2.2418
45.2370,0.5209,2.2439
45.2372,0.5717,2.4641
45.2374,0.6178,2.6588
45.2376,0.6422,2.7641
45.2378,0.6685,2.8744
45.2380,0.6907,2.9657
45.2382,0.7373,3.1645
45.2384,0.8215,3.5307
45.2386,0.7305,3.1424
45.2388,0.6932,2.9765
45.2390,0.7636,3.2833
45.2392,0.7112,3.058
45.2394,0.7476,3.2072
45.2396,0.7863,3.3765
45.2398,0.8241,3.5321
45.2400,0.9619,4.1111
45.2402,1.048,4.4895
45.2404,0.9692,4.154
45.2406,0.9646,4.1344
45.2408,0.9321,3.9933
45.2410,0.9208,3.9463
45.2412,0.9004,3.8608
45.2414,0.8904,3.8163
45.2416,0.9781,4.19
45.2418,0.9877,4.2272
45.2420,1.0014,4.2922
45.2422,0.9797,4.1972
45.2424,0.9975,4.2772
45.2426,1.0044,4.295
45.2428,1.0529,4.5063
45.2430,1.0419,4.4591
45.2432,1.0806,4.6271
45.2434,1.1102,4.7539
45.2436,1.1006,4.7128
45.2438,1.0365,4.4443
45.2440,0.8963,3.8469
45.2442,0.8318,3.5783
45.2444,0.753,3.2319
45.2446,0.874,3.7512
45.2448,0.9029,3.8788
45.2450,0.8634,3.7093
45.2452,0.8695,3.7286
45.2454,0.9471,4.0632
45.2456,0.9325,4.006
45.2458,0.8626,3.704
45.2460,0.8441,3.6247
45.2462,0.8793,3.7756
45.2464,0.8806,3.7865
45.2466,0.7721,3.3214
45.2468,0.7247,3.1162
45.2470,0.7678,3.2998
45.2472,0.7931,3.4069
45.2474,0.8162,3.5064
45.2476,0.8325,3.5731
45.2478,0.838,3.5984
45.2480,0.8755,3.7631
45.2482,0.8571,3.6803
45.2484,0.8407,3.6148
45.2486,0.7764,3.3385
45.2488,0.7676,3.3008
45.2490,0.7538,3.2445
45.2492,0.6891,2.97
45.2494,0.6896,2.9693
45.2496,0.692,2.981
45.2498,0.6699,2.8873
45.2500,0.6672,2.8754
45.2502,0.6154,2.6509
45.2504,0.5861,2.5261
45.2506,0.5752,2.4802
45.2508,0.6036,2.5991
45.2510,0.6162,2.657
45.2512,0.5892,2.5383
45.2514,0.6518,2.8093
45.2516,0.6326,2.7291
45.2518,0.5776,2.4917
45.2520,0.5766,2.4852
45.2522,0.5712,2.462
45.2524,0.5741,2.479
45.2526,0.4981,2.1507
45.2528,0.4855,2.0964
45.2530,0.485,2.0933
45.2532,0.5389,2.3235
45.2534,0.5934,2.5588
45.2536,0.5372,2.3163
45.2538,0.5278,2.277
45.2540,0.5434,2.341
45.2542,0.6124,2.6368
45.2544,0.6065,2.6127
45.2546,0.6329,2.7251
45.2548,0.6435,2.7736
45.2550,0.6372,2.7449
45.2552,0.6351,2.7349
45.2554,0.6338,2.7305
45.2556,0.6367,2.7442
45.2558,0.6417,2.7607
45.2560,0.7084,3.0447
45.2562,0.7877,3.3853
45.2564,0.8297,3.5679
45.2566,0.7626,3.2792
45.2568,0.7223,3.1074
45.2570,0.7299,3.1384
45.2572,0.7294,3.1363
45.2574,0.7295,3.1369
45.2576,0.727,3.1275
45.2578,0.7229,3.1099
45.2580,0.7783,3.3436
45.2582,0.8269,3.5506
45.2584,0.8187,3.5188
45.2586,0.7709,3.3163
45.2588,0.6842,2.9447
45.2590,0.6278,2.7047
45.2592,0.648,2.794
45.2594,0.6368,2.7447
45.2596,0.6464,2.7808
45.2598,0.6986,3.0052
45.2600,0.7445,3.2013
45.2602,0.7528,3.2384
45.2604,0.7417,3.1894
45.2606,0.707,3.0413
45.2608,0.6801,2.9312
45.2610,0.663,2.8573
45.2612,0.6637,2.8551
45.2614,0.7459,3.2075
45.2616,0.7808,3.3591
45.2618,0.7028,3.0233
45.2620,0.7095,3.0508
45.2622,0.7102,3.0567
45.2624,0.71,3.0542
45.2626,0.7565,3.2514
45.2628,0.7806,3.3581
45.2630,0.7796,3.3539
45.2632,0.7914,3.3997
45.2634,0.8354,3.5905
45.2636,0.7519,3.2393
45.2638,0.6402,2.7579
45.2640,0.626,2.6957
45.2642,0.6257,2.6929
45.2644,0.7407,3.1833
45.2646,0.7913,3.3992
45.2648,0.8207,3.5276
45.2650,0.779,3.3498
45.2652,0.7895,3.3947
45.2654,0.7022,3.0221
45.2656,0.7005,3.0107
45.2658,0.7468,3.2126
45.2660,0.7366,3.1688
45.2662,0.7585,3.2647
45.2664,0.7122,3.064
45.2666,0.6693,2.8847
45.2668,0.6299,2.7134
45.2670,0.6273,2.7013
45.2672,0.6083,2.6205
45.2674,0.6112,2.6365
45.2676,0.5414,2.3376
45.2678,0.51,2.1979
45.2680,0.5757,2.48
45.2682,0.5639,2.435
45.2684,0.4958,2.1389
45.2686,0.4844,2.0898
45.2688,0.4843,2.0912
45.2690,0.4877,2.1057
45.2692,0.4904,2.1156
45.2694,0.5361,2.3149
45.2696,0.494,2.1341
45.2698,0.486,2.0984
45.2700,0.483,2.0826
45.2702,0.4844,2.0898
45.2704,0.4829,2.084
45.2706,0.5034,2.1705
45.2708,0.5927,2.5569
45.2710,0.6055,2.6062
45.2712,0.6255,2.6961
45.2714,0.6332,2.7292
45.2716,0.5998,2.5838
45.2718,0.5926,2.5516
45.2720,0.6463,2.7777
45.2722,0.7182,3.0884
45.2724,0.7537,3.2425
45.2726,0.7284,3.1351
45.2728,0.7517,3.2292
45.2730,0.7917,3.3997
45.2732,0.7947,3.4157
45.2734,0.8323,3.5687
45.2736,0.9395,4.0265
45.2738,0.9474,4.0642
45.2740,0.9237,3.961
45.2742,0.9554,4.0968
45.2744,0.9704,4.1591
45.2746,0.9795,4.1981
45.2748,0.9546,4.0932
45.2750,1.0131,4.338
45.2752,1.0957,4.6874
45.2754,1.0877,4.653
45.2756,1.0975,4.6973
45.2758,1.1273,4.8228
45.2760,1.1528,4.9315
45.2762,1.0767,4.6192
45.2764,0.9278,3.9804
45.2766,0.9373,4.0229
45.2768,0.8369,3.6005
45.2770,0.7121,3.0635
45.2772,0.7285,3.1386
45.2774,0.7369,3.1703
45.2776,0.766,3.2921
45.2778,0.7871,3.3812
45.2780,0.8239,3.5443
45.2782,0.7736,3.3312
45.2784,0.7263,3.1258
45.2786,0.679,2.9239
45.2788,0.6349,2.7377
45.2790,0.6282,2.71
45.2792,0.6267,2.7025
45.2794,0.6041,2.6024
45.2796,0.6396,2.754
45.2798,0.6825,2.9429
45.2800,0.605,2.6077
45.2802,0.5806,2.5011
45.2804,0.6337,2.7287
45.2806,0.6583,2.8398
45.2808,0.63,2.7127
45.2810,0.6526,2.8142
45.2812,0.5602,2.42
45.2814,0.4938,2.1321
45.2816,0.5471,2.3559
45.2818,0.6595,2.8344
45.2820,0.7233,3.1144
45.2822,0.656,2.826
45.2824,0.6607,2.8449
45.2826,0.635,2.7407
45.2828,0.565,2.4385
45.2830,0.5729,2.4692
45.2832,0.6144,2.6431
45.2834,0.6578,2.8312
45.2836,0.6917,2.9772
45.2838,0.7397,3.1851
45.2840,0.7297,3.1364
45.2842,0.7413,3.1918
45.2844,0.6867,2.9555
45.2846,0.7354,3.1592
45.2848,0.7787,3.3514
45.2850,0.7252,3.1183
45.2852,0.7853,3.375
45.2854,0.7916,3.4071
45.2856,0.76,3.2648
45.2858,0.8163,3.5069
45.2860,0.7754,3.3405
45.2862,0.6213,2.678
45.2864,0.6084,2.621
45.2866,0.5615,2.4257
45.2868,0.5114,2.2072
45.2870,0.499,2.1549
45.2872,0.516,2.2258
45.2874,0.5621,2.4238
45.2876,0.5904,2.5447
45.2878,0.5704,2.4584
45.2880,0.5843,2.5148
45.2882,0.6158,2.6555
45.2884,0.5736,2.4735
45.2886,0.5676,2.4476
45.2888,0.5628,2.4247
45.2890,0.5986,2.5786
45.2892,0.6389,2.7522
45.2894,0.6994,3.0088
45.2896,0.7071,3.0447
45.2898,0.6248,2.6942
45.2900,0.5442,2.3468
45.2902,0.5357,2.3122
45.2904,0.5312,2.2915
45.2906,0.5329,2.2998
45.2908,0.5335,2.3013
45.2910,0.5329,2.2966
45.2912,0.5313,2.292
45.2914,0.5308,2.2889
45.2916,0.5321,2.2925
45.2918,0.5475,2.3597
45.2920,0.5414,2.3355
45.2922,0.5324,2.2977
45.2924,0.5282,2.2786
45.2926,0.53,2.2842
45.2928,0.5372,2.3174
45.2930,0.5339,2.3034
45.2932,0.5038,2.1716
45.2934,0.5242,2.2573
45.2936,0.5821,2.5125
45.2938,0.5056,2.1823
45.2940,0.5362,2.3111
45.2942,0.6258,2.6921
45.2944,0.6277,2.7092
45.2946,0.4912,2.1212
45.2948,0.4683,2.0205
45.2950,0.4627,1.9952
45.2952,0.4616,1.9915
45.2954,0.4783,2.0643
45.2956,0.5438,2.3404
45.2958,0.6493,2.7906
45.2960,0.6916,2.9739
45.2962,0.6614,2.848
45.2964,0.5764,2.4877
45.2966,0.4936,2.1266
45.2968,0.5332,2.2992
45.2970,0.4945,2.1342
45.2972,0.5191,2.233
45.2974,0.66,2.8391
45.2976,0.6469,2.7842
45.2978,0.6779,2.9165
45.2980,0.6646,2.8566
45.2982,0.6933,2.9811
45.2984,0.7544,3.2456
45.2986,0.6622,2.8516
45.2988,0.5933,2.5535
45.2990,0.6469,2.7868
45.2992,0.6168,2.6559
45.2994,0.612,2.6328
45.2996,0.6058,2.6084
45.2998,0.5976,2.5757
45.3000,0.5727,2.4659
45.3002,0.5753,2.4773
45.3004,0.5862,2.5266
45.3006,0.6078,2.6184
45.3008,0.5724,2.466
45.3010,0.509,2.1958
45.3012,0.473,2.0416
45.3014,0.4807,2.0728
45.3016,0.4981,2.1428
45.3018,0.5468,2.3544
45.3020,0.5598,2.4107
45.3022,0.5871,2.529
45.3024,0.6091,2.6241
45.3026,0.611,2.6287
45.3028,0.6261,2.6962
45.3030,0.6342,2.7282
45.3032,0.6692,2.8775
45.3034,0.6613,2.8475
45.3036,0.595,2.5619
45.3038,0.6223,2.6834
45.3040,0.6142,2.6384
45.3042,0.7109,3.0584
45.3044,0.6535,2.8113
45.3046,0.685,2.9442
45.3048,0.7016,3.0139
45.3050,0.7681,3.2998
45.3052,0.7824,3.3595
45.3054,0.7994,3.4311
45.3056,0.8528,3.6635
45.3058,0.7939,3.4106
45.3060,0.82,3.5179
45.3062,0.8506,3.6474
45.3064,0.8307,3.562
45.3066,0.9055,3.8829
45.3068,0.9332,3.9979
45.3070,0.959,4.1045
45.3072,0.9809,4.2024
45.3074,1.0211,4.3744
45.3076,1.0079,4.3159
45.3078,0.9705,4.1577
45.3080,0.9628,4.1248
45.3082,0.9502,4.0804
45.3084,0.8642,3.7124
45.3086,0.8246,3.5408
45.3088,0.8113,3.4852
45.3090,0.8066,3.4652
45.3092,0.8107,3.4794
45.3094,0.8211,3.5291
45.3096,0.782,3.3611
45.3098,0.7758,3.3297
45.3100,0.8628,3.6998
45.3102,0.8851,3.8061
45.3104,0.7619,3.2761
45.3106,0.7543,3.2406
45.3108,0.7409,3.1888
45.3110,0.6699,2.8819
45.3112,0.6942,2.9867
45.3114,0.708,3.0488
45.3116,0.6707,2.8856
45.3118,0.6872,2.9576
45.3120,0.7025,3.0223
45.3122,0.6977,3.003
45.3124,0.6759,2.9064
45.3126,0.7241,3.1108
45.3128,0.8097,3.4705
45.3130,0.9173,3.9479
45.3132,0.763,3.2838
45.3134,0.7496,3.2235
45.3136,0.7363,3.1648
45.3138,0.7471,3.2156
45.3140,0.6966,2.997
45.3142,0.7528,3.2339
45.3144,0.7535,3.2355
45.3146,0.7782,3.3477
45.3148,0.6848,2.9473
45.3150,0.6633,2.8562
45.3152,0.6656,2.866
45.3154,0.6851,2.9516
45.3156,0.6182,2.6633
45.3158,0.6359,2.738
45.3160,0.7001,3.0133
45.3162,0.6549,2.8227
45.3164,0.6024,2.5988
45.3166,0.5893,2.5388
45.3168,0.6285,2.7065
45.3170,0.6343,2.7326
45.3172,0.6242,2.6867
45.3174,0.6399,2.7504
45.3176,0.7257,3.1204
45.3178,0.7475,3.2187
45.3180,0.6799,2.9288
45.3182,0.6055,2.6098
45.3184,0.5959,2.5696
45.3186,0.5676,2.451
45.3188,0.4908,2.1182
45.3190,0.4797,2.0715
45.3192,0.4807,2.0737
45.3194,0.518,2.2315
45.3196,0.5369,2.312
45.3198,0.5546,2.3935
45.3200,0.5471,2.3581
45.3202,0.6186,2.6599
45.3204,0.67,2.8865
45.3206,0.6389,2.7509
45.3208,0.6614,2.8453
45.3210,0.7097,3.0518
45.3212,0.7216,3.1057
45.3214,0.6782,2.9189
45.3216,0.6934,2.9844
45.3218,0.7136,3.0711
45.3220,0.7248,3.1138
45.3222,0.7454,3.2024
45.3224,0.7948,3.4147
45.3226,0.8107,3.4827
45.3228,0.7564,3.2493
45.3230,0.7989,3.4338
45.3232,0.7884,3.3932
45.3234,0.7482,3.2158
45.3236,0.7295,3.1398
45.3238,0.6941,2.9875
45.3240,0.7006,3.0112
45.3242,0.7908,3.3908
45.3244,0.8754,3.7538
45.3246,0.8794,3.7761
45.3248,0.816,3.5086
45.3250,0.8037,3.4576
45.3252,0.764,3.2884
45.3254,0.654,2.8173
45.3256,0.6216,2.6778
45.3258,0.6243,2.6897
45.3260,0.6201,2.6716
45.3262,0.6258,2.6896
45.3264,0.6782,2.9243
45.3266,0.5654,2.4389
45.3268,0.5525,2.3814
45.3270,0.549,2.3664
45.3272,0.5558,2.3964
45.3274,0.5693,2.4503
45.3276,0.7096,3.0498
45.3278,0.7137,3.0745
45.3280,0.5817,2.5093
45.3282,0.5606,2.4182
45.3284,0.5588,2.4094
45.3286,0.5722,2.4627
45.3288,0.667,2.8696
45.3290,0.6824,2.9356
45.3292,0.6427,2.7649
45.3294,0.6441,2.7775
45.3296,0.5504,2.3732
45.3298,0.5383,2.322
45.3300,0.5319,2.2935
45.3302,0.5271,2.2729
45.3304,0.5976,2.5721
45.3306,0.662,2.8479
45.3308,0.685,2.9428
45.3310,0.7404,3.1793
45.3312,0.7343,3.1619
45.3314,0.6235,2.6873
45.3316,0.5939,2.5597
45.3318,0.5865,2.5241
45.3320,0.6566,2.8207
45.3322,0.7466,3.2136
45.3324,0.6291,2.7091
45.3326,0.6306,2.7153
45.3328,0.6168,2.6571
45.3330,0.5948,2.5614
45.3332,0.5968,2.5721
45.3334,0.5965,2.5698
45.3336,0.6008,2.592
45.3338,0.5011,2.1607
45.3340,0.4905,2.1162
45.3342,0.4934,2.1256
45.3344,0.5583,2.4028
45.3346,0.6576,2.8367
45.3348,0.5445,2.35
45.3350,0.4929,2.1265
45.3352,0.4982,2.1453
45.3354,0.5353,2.3091
45.3356,0.4923,2.1249
45.3358,0.514,2.2114
45.3360,0.5915,2.547
45.3362,0.5818,2.5063
45.3364,0.5574,2.4059
45.3366,0.5073,2.1855
45.3368,0.5887,2.5363
45.3370,0.5939,2.5597
45.3372,0.607,2.6124
45.3374,0.6127,2.6359
45.3376,0.6324,2.718
45.3378,0.714,3.0661
45.3380,0.7442,3.1988
45.3382,0.7291,3.1368
45.3384,0.7257,3.1175
45.3386,0.7766,3.3379
45.3388,0.7458,3.2085
45.3390,0.7325,3.1483
45.3392,0.7777,3.341
45.3394,0.7649,3.2813
45.3396,0.7916,3.4008
45.3398,0.7465,3.2101
45.3400,0.7996,3.4337
45.3402,0.8607,3.6906
45.3404,0.8968,3.8471
45.3406,0.8931,3.8312
45.3408,0.9253,3.964
45.3410,0.9962,4.2656
45.3412,1.0283,4.4032
45.3414,1.0555,4.5113
45.3416,1.1504,4.919
45.3418,1.1295,4.8365
45.3420,1.0319,4.4207
45.3422,1.0163,4.3458
45.3424,1.0885,4.6544
45.3426,1.113,4.7746
45.3428,0.9469,4.0735
45.3430,0.8068,3.4646
45.3432,0.8222,3.5338
45.3434,0.7741,3.3302
45.3436,0.7784,3.3425
45.3438,0.8499,3.6477
45.3440,0.8649,3.7103
45.3442,0.8752,3.758
45.3444,0.9211,3.9497
45.3446,0.9885,4.2367
45.3448,0.9592,4.1228
45.3450,0.8547,3.67
45.3452,0.8155,3.5033
45.3454,0.786,3.3797
45.3456,0.7812,3.3622
45.3458,0.7962,3.4203
45.3460,0.8802,3.7762
45.3462,0.8579,3.6873
45.3464,0.8185,3.526
45.3466,0.6613,2.8448
45.3468,0.6862,2.9548
45.3470,0.7158,3.0852
45.3472,0.682,2.9354
45.3474,0.721,3.1017
45.3476,0.7477,3.2182
45.3478,0.7158,3.0867
45.3480,0.6149,2.6501
45.3482,0.6047,2.605
45.3484,0.6115,2.6332
45.3486,0.6546,2.8198
45.3488,0.6163,2.6575
45.3490,0.608,2.6243
45.3492,0.5879,2.535
45.3494,0.5783,2.4936
45.3496,0.5895,2.5394
45.3498,0.6755,2.9089
45.3500,0.6845,2.9476
45.3502,0.6417,2.762
45.3504,0.6472,2.7948
45.3506,0.5418,2.3375
45.3508,0.5748,2.4786
45.3510,0.5215,2.2496
45.3512,0.512,2.2108
45.3514,0.4974,2.1496
45.3516,0.4142,1.7891
45.3518,0.4011,1.7335
45.3520,0.4011,1.7335
45.3522,0.439,1.8937
45.3524,0.4564,1.9706
45.3526,0.4446,1.9216
45.3528,0.4474,1.9317
45.3530,0.4663,2.0107
45.3532,0.5384,2.3225
45.3534,0.555,2.3944
45.3536,0.5516,2.3783
45.3538,0.5454,2.3509
45.3540,0.5541,2.3881
45.3542,0.5576,2.4053
45.3544,0.5742,2.4749
45.3546,0.6457,2.7765
45.3548,0.7044,3.0305
45.3550,0.6342,2.7346
45.3552,0.5747,2.4735
45.3554,0.6216,2.6766
45.3556,0.6483,2.7917
45.3558,0.7047,3.0301
45.3560,0.7254,3.1222
45.3562,0.6664,2.871
45.3564,0.636,2.7372
45.3566,0.6347,2.7316
45.3568,0.6255,2.6936
45.3570,0.6201,2.6704
45.3572,0.5873,2.5312
45.3574,0.5935,2.5557
45.3576,0.6288,2.7126
45.3578,0.5667,2.4412
45.3580,0.593,2.5525
45.3582,0.6379,2.7442
45.3584,0.6573,2.8304
45.3586,0.6657,2.8639
45.3588,0.7061,3.0391
45.3590,0.642,2.7669
45.3592,0.6556,2.8245
45.3594,0.6365,2.7444
45.3596,0.545,2.3488
45.3598,0.5331,2.2955
45.3600,0.5832,2.516
45.3602,0.5029,2.1684
45.3604,0.4748,2.0503
45.3606,0.4669,2.0161
45.3608,0.4634,2.0002
45.3610,0.466,2.011
45.3612,0.4827,2.0806
45.3614,0.5203,2.2403
45.3616,0.5459,2.3519
45.3618,0.5956,2.5609
45.3620,0.6736,2.8966
45.3622,0.7127,3.0675
45.3624,0.702,3.0216
45.3626,0.6999,3.0095
45.3628,0.6903,2.9683
45.3630,0.6538,2.8181
45.3632,0.6363,2.7401
45.3634,0.656,2.8208
45.3636,0.7465,3.2071
45.3638,0.713,3.0671
45.3640,0.7132,3.0653
45.3642,0.7619,3.2761
45.3644,0.7404,3.1838
45.3646,0.7402,3.1813
45.3648,0.8083,3.4724
45.3650,0.7588,3.2611
45.3652,0.7572,3.2529
45.3654,0.771,3.3122
45.3656,0.7335,3.1539
45.3658,0.7699,3.3106
45.3660,0.8006,3.441
45.3662,0.7337,3.1564
45.3664,0.6276,2.7036
45.3666,0.6332,2.7254
45.3668,0.6336,2.732
45.3670,0.5185,2.2367
45.3672,0.4872,2.1026
45.3674,0.4908,2.1191
45.3676,0.4813,2.0763
45.3678,0.4873,2.1012
45.3680,0.498,2.1472
45.3682,0.5008,2.1616
45.3684,0.4932,2.1285
45.3686,0.4932,2.1265
45.3688,0.5083,2.1907
45.3690,0.5661,2.4386
45.3692,0.564,2.4332
45.3694,0.5005,2.1601
45.3696,0.4885,2.1064
45.3698,0.5288,2.278
45.3700,0.5887,2.5374
45.3702,0.5919,2.5497
45.3704,0.5863,2.5248
45.3706,0.5536,2.386
45.3708,0.559,2.4093
45.3710,0.6199,2.6681
45.3712,0.6068,2.6143
45.3714,0.5794,2.4971
45.3716,0.6425,2.7612
45.3718,0.7056,3.03
45.3720,0.7157,3.0776
45.3722,0.7217,3.0976
45.3724,0.7625,3.2786
45.3726,0.7327,3.1478
45.3728,0.845,3.6215
45.3730,0.9302,3.9907
45.3732,0.9187,3.9394
45.3734,0.9028,3.8692
45.3736,0.9133,3.9145
45.3738,0.9401,4.0272
45.3740,0.9606,4.117
45.3742,0.9422,4.044
45.3744,0.8845,3.7964
45.3746,0.8969,3.8423
45.3748,0.9361,4.0121
45.3750,0.9627,4.1281
45.3752,0.9257,3.973
45.3754,0.9017,3.8718
45.3756,0.8248,3.5468
45.3758,0.7218,3.1024
45.3760,0.7526,3.2334
45.3762,0.8377,3.5986
45.3764,0.8391,3.5997
45.3766,0.8427,3.6185
45.3768,0.762,3.2796
45.3770,0.6646,2.8619
45.3772,0.6233,2.6875
45.3774,0.6351,2.7324
45.3776,0.7036,3.0213
45.3778,0.7815,3.3575
45.3780,0.7615,3.2745
45.3782,0.7909,3.3977
45.3784,0.8598,3.6887
45.3786,0.8789,3.774
45.3788,0.8091,3.4824
45.3790,0.7237,3.1165
45.3792,0.7377,3.1704
45.3794,0.7724,3.3261
45.3796,0.6303,2.7142
45.3798,0.6269,2.698
45.3800,0.6422,2.7654
45.3802,0.6452,2.777
45.3804,0.6411,2.7646
45.3806,0.5981,2.5778
45.3808,0.6423,2.7659
45.3810,0.6801,2.9258
45.3812,0.6975,3.0006
45.3814,0.7034,3.0273
45.3816,0.7258,3.1194
45.3818,0.7468,3.2111
45.3820,0.7161,3.0848
45.3822,0.6878,2.9602
45.3824,0.7104,3.0549
45.3826,0.7342,3.1584
45.3828,0.7577,3.2535
45.3830,0.8065,3.4695
45.3832,0.75,3.225
45.3834,0.7332,3.1528
45.3836,0.7276,3.133
45.3838,0.6469,2.7842
45.3840,0.6841,2.9428
45.3842,0.739,3.1805
45.3844,0.6963,2.9954
45.3846,0.7273,3.129
45.3848,0.7313,3.149
45.3850,0.7193,3.0945
45.3852,0.72,3.1033
45.3854,0.6138,2.6454
45.3856,0.5773,2.4895
45.3858,0.5695,2.4536
45.3860,0.5995,2.5851
45.3862,0.5972,2.5705
45.3864,0.6336,2.7269
45.3866,0.618,2.6598
45.3868,0.6237,2.6896
45.3870,0.5987,2.5803
45.3872,0.618,2.6574
45.3874,0.7465,3.2071
45.3876,0.7823,3.3622
45.3878,0.7375,3.1699
45.3880,0.7584,3.2566
45.3882,0.8375,3.5981
45.3884,0.8289,3.5643
45.3886,0.7508,3.2286
45.3888,0.7333,3.1578
45.3890,0.6717,2.8951
45.3892,0.6321,2.7207
45.3894,0.6336,2.7269
45.3896,0.6336,2.7307
45.3898,0.6306,2.7153
45.3900,0.6191,2.6682
45.3902,0.6134,2.6427
45.3904,0.6205,2.6744
45.3906,0.6851,2.9447
45.3908,0.7725,3.3266
45.3910,0.713,3.0714
45.3912,0.6392,2.7525
45.3914,0.6187,2.6642
45.3916,0.6148,2.6496
45.3918,0.6121,2.6382
45.3920,0.6019,2.5931
45.3922,0.6156,2.6507
45.3924,0.6391,2.7558
45.3926,0.5524,2.382
45.3928,0.5446,2.3483
45.3930,0.5454,2.3531
45.3932,0.5447,2.3478
45.3934,0.5468,2.3577
45.3936,0.539,2.324
45.3938,0.5385,2.3198
45.3940,0.6235,2.6861
45.3942,0.5842,2.519
45.3944,0.5471,2.3603
45.3946,0.5423,2.3374
45.3948,0.5434,2.3432
45.3950,0.5489,2.3637
45.3952,0.6466,2.7793
45.3954,0.8128,3.4919
45.3956,0.7909,3.4024
45.3958,0.6963,2.9954
45.3960,0.63,2.7165
45.3962,0.5968,2.5673
45.3964,0.6397,2.7532
45.3966,0.6433,2.7649
45.3968,0.7299,3.1399
45.3970,0.6989,3.0096
45.3972,0.688,2.9543
45.3974,0.8104,3.4849
45.3976,0.7435,3.1987
45.3978,0.7279,3.1272
45.3980,0.7391,3.1751
45.3982,0.7638,3.2874
45.3984,0.7022,3.0221
45.3986,0.7025,3.0223
45.3988,0.6797,2.9256
45.3990,0.6842,2.9447
45.3992,0.7048,3.0321
45.3994,0.6808,2.9275
45.3996,0.6787,2.9182
45.3998,0.7398,3.1812
45.4000,0.7616,3.2796
45.4002,0.6923,2.9798
45.4004,0.6909,2.9695
45.4006,0.7773,3.3379
45.4008,0.826,3.5569
45.4010,0.6518,2.808
45.4012,0.6163,2.6538
45.4014,0.5932,2.5554
45.4016,0.5887,2.5374
45.4018,0.6007,2.5891
45.4020,0.6173,2.658
45.4022,0.6409,2.7571
45.4024,0.6361,2.7416
45.4026,0.6291,2.7103
45.4028,0.6625,2.8513
45.4030,0.6428,2.7667
45.4032,0.6444,2.7785
45.4034,0.5764,2.4842
45.4036,0.5724,2.4672
45.4038,0.5893,2.5388
45.4040,0.6065,2.6127
45.4042,0.6522,2.8056
45.4044,0.7425,3.1836
45.4046,0.8055,3.4621
45.4048,0.7788,3.3488
45.4050,0.7681,3.2998
45.4052,0.8193,3.5214
45.4054,0.8058,3.4648
45.4056,0.8026,3.4449
45.4058,0.8472,3.6347
45.4060,0.8781,3.7669
45.4062,0.909,3.8942
45.4064,0.9708,4.1587
45.4066,0.96,4.1163
45.4068,0.9684,4.1542
45.4070,0.9765,4.1834
45.4072,0.9736,4.171
45.4074,0.9915,4.2456
45.4076,0.9934,4.2538
45.4078,1.0318,4.4078
45.4080,1.1349,4.8574
45.4082,1.1104,4.7571
45.4084,1.1052,4.7301
45.4086,1.1294,4.827
45.4088,1.1216,4.8004
45.4090,0.9914,4.255
45.4092,0.863,3.709
45.4094,0.8002,3.4395
45.4096,0.8338,3.5838
45.4098,0.7825,3.3679
45.4100,0.7612,3.2791
45.4102,0.6686,2.8789
45.4104,0.6465,2.7839
45.4106,0.6301,2.7183
45.4108,0.5626,2.427
45.4110,0.6172,2.6587
45.4112,0.6566,2.8247
45.4114,0.7387,3.1825
45.4116,0.6754,2.9084
45.4118,0.6867,2.9583
45.4120,0.6628,2.8515
45.4122,0.6709,2.8914
45.4124,0.6142,2.647
45.4126,0.626,2.6957
45.4128,0.6142,2.647
45.4130,0.5616,2.424
45.4132,0.5616,2.4229
45.4134,0.5995,2.5839
45.4136,0.5895,2.5394
45.4138,0.6074,2.6193
45.4140,0.6222,2.6804
45.4142,0.6678,2.8753
45.4144,0.6317,2.725
45.4146,0.5086,2.1973
45.4148,0.4879,2.1067
45.4150,0.493,2.127
45.4152,0.5434,2.3421
45.4154,0.5825,2.5117
45.4156,0.5925,2.5535
45.4158,0.5881,2.5349
45.4160,0.6389,2.7509
45.4162,0.6168,2.6608
45.4164,0.5719,2.4674
45.4166,0.5769,2.4851
45.4168,0.5947,2.5597
45.4170,0.5842,2.5201
45.4172,0.5106,2.2036
45.4174,0.5142,2.2181
45.4176,0.5327,2.2961
45.4178,0.5838,2.5174
45.4180,0.6342,2.732
45.4182,0.5682,2.4525
45.4184,0.5061,2.1844
45.4186,0.5055,2.1818
45.4188,0.5281,2.2759
45.4190,0.5668,2.4429
45.4192,0.5276,2.2739
45.4194,0.6025,2.5945
45.4196,0.6035,2.6034
45.4198,0.5896,2.5411
45.4200,0.5853,2.5225
45.4202,0.567,2.4416
45.4204,0.5546,2.3902
45.4206,0.5922,2.5501
45.4208,0.6324,2.723
45.4210,0.585,2.5202
45.4212,0.5856,2.5205
45.4214,0.6296,2.7124
45.4216,0.6419,2.7651
45.4218,0.6752,2.9006
45.4220,0.7386,3.1775
45.4222,0.6751,2.9068
45.4224,0.6589,2.8371
45.4226,0.6538,2.8115
45.4228,0.7098,3.0551
45.4230,0.6772,2.9161
45.4232,0.6715,2.8887
45.4234,0.7118,3.0634
45.4236,0.6459,2.7814
45.4238,0.6179,2.6605
45.4240,0.6285,2.7065
45.4242,0.6301,2.7132
45.4244,0.6589,2.8345
45.4246,0.707,3.0413
45.4248,0.7273,3.129
45.4250,0.7186,3.0928
45.4252,0.6432,2.7682
45.4254,0.6522,2.8069
45.4256,0.6536,2.817
45.4258,0.6146,2.6503
45.4260,0.5291,2.2827
45.4262,0.4879,2.1067
45.4264,0.4733,2.0445
45.4266,0.4691,2.0236
45.4268,0.47,2.0277
45.4270,0.4757,2.0511
45.4272,0.4721,2.0374
45.4274,0.4764,2.0532
45.4276,0.5396,2.3256
45.4278,0.5356,2.3096
45.4280,0.4778,2.0623
45.4282,0.4727,2.0381
45.4284,0.5139,2.2129
45.4286,0.5785,2.4889
45.4288,0.6303,2.713
45.4290,0.6281,2.7057
45.4292,0.5741,2.4755
45.4294,0.5026,2.1704
45.4296,0.5091,2.1943
45.4298,0.5946,2.5592
45.4300,0.5942,2.5612
45.4302,0.5556,2.3948
45.4304,0.5993,2.5829
45.4306,0.5909,2.542
45.4308,0.6442,2.7754
45.4310,0.6038,2.6001
45.4312,0.6086,2.6208
45.4314,0.5919,2.5497
45.4316,0.5959,2.5661
45.4318,0.6547,2.8125
45.4320,0.6552,2.8198
45.4322,0.6098,2.6247
45.4324,0.5824,2.5089
45.4326,0.5853,2.5213
45.4328,0.5904,2.5423
45.4330,0.5817,2.5081
45.4332,0.4971,2.1446
45.4334,0.4865,2.0976
45.4336,0.4867,2.0996
45.4338,0.4877,2.1037
45.4340,0.4823,2.0785
45.4342,0.4831,2.0831
45.4344,0.4877,2.1018
45.4346,0.557,2.4016
45.4348,0.503,2.1699
45.4350,0.4807,2.0728
45.4352,0.4825,2.0805
45.4354,0.4838,2.0852
45.4356,0.4831,2.0831
45.4358,0.4953,2.1319
45.4360,0.5442,2.3446
45.4362,0.5841,2.5161
45.4364,0.6301,2.7107
45.4366,0.6365,2.7368
45.4368,0.6211,2.6732
45.4370,0.5935,2.5545
45.4372,0.5934,2.554
45.4374,0.5818,2.5016
45.4376,0.6565,2.8242
45.4378,0.7008,3.0136
45.4380,0.7285,3.1313
45.4382,0.6938,2.9818
45.4384,0.7646,3.2833
45.4386,0.8133,3.4924
45.4388,0.8038,3.4469
45.4390,0.8572,3.6722
45.4392,0.9043,3.8814
45.4394,0.8698,3.7279
45.4396,0.9036,3.8728
45.4398,0.9715,4.1637
45.4400,0.9397,4.0294
45.4402,0.9112,3.9034
45.4404,0.9451,4.0469
45.4406,0.9596,4.1148
45.4408,0.9097,3.9009
45.4410,0.949,4.0733
45.4412,0.873,3.7401
45.4414,0.9496,4.0664
45.4416,1.0109,4.3288
45.4418,0.9789,4.1936
45.4420,0.9791,4.1927
45.4422,1.0357,4.4412
45.4424,0.973,4.1762
45.4426,0.8859,3.8021
45.4428,0.8788,3.7629
45.4430,0.9794,4.1976
45.4432,0.9504,4.079
45.4434,0.8385,3.6005
45.4436,0.8198,3.5202
45.4438,0.8269,3.5506
45.4440,0.8136,3.4999
45.4442,0.7645,3.2859
45.4444,0.8559,3.6717
45.4446,0.8977,3.8495
45.4448,0.9203,3.9443
45.4450,0.9578,4.1032
45.4452,0.973,4.1743
45.4454,0.938,4.0278
45.4456,0.8403,3.6133
45.4458,0.8077,3.4698
45.4460,0.8672,3.7253
45.4462,0.799,3.4343
45.4464,0.741,3.1878
45.4466,0.7379,3.1685
45.4468,0.8245,3.5436
45.4470,0.7722,3.322
45.4472,0.7919,3.4034
45.4474,0.8622,3.7007
45.4476,0.8937,3.8338
45.4478,0.9336,4.0107
45.4480,0.8427,3.6185
45.4482,0.8391,3.6014
45.4484,0.8384,3.605
45.4486,0.7555,3.2548
45.4488,0.6833,2.9425
45.4490,0.6842,2.9447
45.4492,0.7556,3.2477
45.4494,0.733,3.1562
45.4496,0.6886,2.9652
45.4498,0.6385,2.7519
45.4500,0.5922,2.5512
45.4502,0.5875,2.5299
45.4504,0.6426,2.7695
45.4506,0.6722,2.8944
45.4508,0.6986,3.0066
45.4510,0.6492,2.8005
45.4512,0.5597,2.4157
45.4514,0.5494,2.369
45.4516,0.5614,2.4196
45.4518,0.5689,2.4533
45.4520,0.5974,2.577
45.4522,0.582,2.5132
45.4524,0.4898,2.1121
45.4526,0.5658,2.4399
45.4528,0.5936,2.5586
45.4530,0.6349,2.7339
45.4532,0.6285,2.7052
45.4534,0.6338,2.7305
45.4536,0.6326,2.7266
45.4538,0.6409,2.761
45.4540,0.6362,2.7408
45.4542,0.6439,2.7726
45.4544,0.6389,2.7509
45.4546,0.6867,2.9542
45.4548,0.7024,3.0217
45.4550,0.6331,2.7261
45.4552,0.6158,2.653
45.4554,0.6127,2.642
45.4556,0.6109,2.633
45.4558,0.6211,2.6745
45.4560,0.6245,2.6902
45.4562,0.6164,2.6544
45.4564,0.6137,2.6437
45.4566,0.6127,2.6371
45.4568,0.6344,2.7293
45.4570,0.7064,3.0373
45.4572,0.7851,3.3761
45.4574,0.824,3.5464
45.4576,0.6823,2.9392
45.4578,0.6538,2.8128
45.4580,0.6802,2.9277
45.4582,0.6445,2.7765
45.4584,0.6616,2.853
45.4586,0.6403,2.7533
45.4588,0.753,3.2394
45.4590,0.6462,2.7876
45.4592,0.5942,2.5612
45.4594,0.561,2.4192
45.4596,0.5504,2.371
45.4598,0.5616,2.4195
45.4600,0.5586,2.4088
45.4602,0.5494,2.3668
45.4604,0.6722,2.8917
45.4606,0.6625,2.8539
45.4608,0.5978,2.5755
45.4610,0.6381,2.7465
45.4612,0.6294,2.7089
45.4614,0.6591,2.8382
45.4616,0.683,2.9395
45.4618,0.6796,2.9237
45.4620,0.7128,3.0652
45.4622,0.7837,3.3668
45.4624,0.7684,3.2993
45.4626,0.8185,3.5162
45.4628,0.7725,3.3235
45.4630,0.7195,3.0955
45.4632,0.7194,3.095
45.4634,0.758,3.2596
45.4636,0.8035,3.4518
45.4638,0.8152,3.5006
45.4640,0.7859,3.3823
45.4642,0.6835,2.943
45.4644,0.6748,2.9017
45.4646,0.7552,3.2442
45.4648,0.7639,3.2848
45.4650,0.7715,3.3205
45.4652,0.711,3.0632
45.4654,0.614,2.6441
45.4656,0.6018,2.5938
45.4658,0.5891,2.539
45.4660,0.5856,2.5241
45.4662,0.5931,2.5573
45.4664,0.5515,2.379
45.4666,0.5415,2.3339
45.4668,0.5751,2.4832
45.4670,0.4979,2.1477
45.4672,0.4922,2.1224
45.4674,0.501,2.1602
45.4676,0.5417,2.3371
45.4678,0.515,2.2248
45.4680,0.4885,2.1074
45.4682,0.4916,2.1208
45.4684,0.4959,2.1385
45.4686,0.5396,2.3256
45.4688,0.5935,2.5546
45.4690,0.6626,2.8532
45.4692,0.6066,2.6108
45.4694,0.5661,2.4432
45.4696,0.4838,2.0882
45.4698,0.4826,2.082
45.4700,0.4872,2.1007
45.4702,0.52,2.2424
45.4704,0.565,2.434
45.4706,0.6278,2.706
45.4708,0.5736,2.4701
45.4710,0.5691,2.4505
45.4712,0.6242,2.6855
45.4714,0.7344,3.1581
45.4716,0.7164,3.0807
45.4718,0.7515,3.2283
45.4720,0.7944,3.4095
45.4722,0.8588,3.6824
45.4724,0.8806,3.783
45.4726,0.8053,3.4547
45.4728,0.9017,3.8665
45.4730,0.9681,4.1513
45.4732,0.9691,4.1555
45.4734,0.9783,4.1872
45.4736,1.0257,4.3899
45.4738,1.0446,4.4668
45.4740,1.0982,4.7048
45.4742,1.0425,4.466
45.4744,1.038,4.447
45.4746,1.026,4.3997
45.4748,0.9191,3.9484
45.4750,0.7961,3.4231
45.4752,0.7308,3.1397
45.4754,0.7812,3.3545
45.4756,0.8064,3.4674
45.4758,0.7584,3.2597
45.4760,0.8059,3.4654
45.4762,0.8156,3.5022
45.4764,0.8499,3.6478
45.4766,0.8735,3.7509
45.4768,0.8967,3.8503
45.4770,0.874,3.7512
45.4772,0.862,3.7049
45.4774,0.8403,3.61
45.4776,0.8199,3.5208
45.4778,0.8577,3.6881
45.4780,0.794,3.4175
45.4782,0.7593,3.2648
45.4784,0.7447,3.2039
45.4786,0.7493,3.222
45.4788,0.7421,3.1925
45.4790,0.8278,3.5564
45.4792,0.8206,3.5321
45.4794,0.7109,3.0641
45.4796,0.6631,2.8579
45.4798,0.6565,2.8242
45.4800,0.6836,2.9435
45.4802,0.6837,2.9427
45.4804,0.6603,2.8447
45.4806,0.632,2.7228
45.4808,0.6714,2.8922
45.4810,0.7221,3.1035
45.4812,0.7443,3.2018
45.4814,0.7379,3.1774
45.4816,0.6729,2.8989
45.4818,0.6832,2.9365
45.4820,0.7173,3.0843
45.4822,0.7328,3.1523
45.4824,0.7867,3.3813
45.4826,0.7899,3.3999
45.4828,0.6778,2.9215
45.4830,0.5879,2.535
45.4832,0.6164,2.6544
45.4834,0.7234,3.1121
45.4836,0.6922,2.9793
45.4838,0.6543,2.8202
45.4840,0.6236,2.6879
45.4842,0.6163,2.6564
45.4844,0.6184,2.6651
45.4846,0.6266,2.7021
45.4848,0.5426,2.3418
45.4850,0.5253,2.2662
45.4852,0.4892,2.1085
45.4854,0.5393,2.3256
45.4856,0.5591,2.4121
45.4858,0.5655,2.4361
45.4860,0.5818,2.5075
45.4862,0.5752,2.4791
45.4864,0.5841,2.5185
45.4866,0.5765,2.4859
45.4868,0.5776,2.4871
45.4870,0.5827,2.5082
45.4872,0.6263,2.6967
45.4874,0.6584,2.8351
45.4876,0.7099,3.0552
45.4878,0.7039,3.0336
45.4880,0.5632,2.4263
45.4882,0.5417,2.3349
45.4884,0.6061,2.6136
45.4886,0.577,2.4857
45.4888,0.5873,2.5325
45.4890,0.5395,2.3283
45.4892,0.5313,2.2899
45.4894,0.5476,2.3613
45.4896,0.5489,2.367
45.4898,0.541,2.3329
45.4900,0.5414,2.3334
45.4902,0.5465,2.3567
45.4904,0.5577,2.4048
45.4906,0.554,2.3887
45.4908,0.5402,2.3293
45.4910,0.5403,2.3309
45.4912,0.5296,2.2869
45.4914,0.5018,2.1638
45.4916,0.5416,2.3322
45.4918,0.5776,2.4871
45.4920,0.5528,2.3824
45.4922,0.5119,2.2103
45.4924,0.4691,2.0255
45.4926,0.4628,1.9986
45.4928,0.4615,1.9901
45.4930,0.4612,1.9904
45.4932,0.464,2.0028
45.4934,0.4618,1.992
45.4936,0.4626,1.9975
45.4938,0.458,1.976
45.4940,0.4584,1.9785
45.4942,0.4669,2.0152
45.4944,0.4648,2.004
45.4946,0.5089,2.1923
45.4948,0.5589,2.4088
45.4950,0.6277,2.7004
45.4952,0.6793,2.9236
45.4954,0.5861,2.5238
45.4956,0.6202,2.6704
45.4958,0.6236,2.6866
45.4960,0.5637,2.4272
45.4962,0.5658,2.4388
45.4964,0.5693,2.4515
45.4966,0.6088,2.6153
45.4968,0.7441,3.1998
45.4970,0.7151,3.0793
45.4972,0.6355,2.734
45.4974,0.6271,2.7004
45.4976,0.5915,2.5482
45.4978,0.6294,2.7076
45.4980,0.6985,2.9992
45.4982,0.7495,3.22
45.4984,0.7144,3.072
45.4986,0.7072,3.041
45.4988,0.7628,3.2742
45.4990,0.7582,3.2677
45.4992,0.5332,2.3025
45.4994,0.492,2.1224
45.4996,0.4879,2.1029
45.4998,0.4823,2.0815
45.5000,0.4826,2.0801
45.5002,0.507,2.184
45.5004,0.5539,2.3871
45.5006,0.561,2.4159
45.5008,0.5867,2.5264
45.5010,0.614,2.6441
45.5012,0.6127,2.6384
45.5014,0.6088,2.6189
45.5016,0.6208,2.6693
45.5018,0.6995,3.0052
45.5020,0.7286,3.1328
45.5022,0.6766,2.9122
45.5024,0.5796,2.4971
45.5026,0.5625,2.4243
45.5028,0.5678,2.4459
45.5030,0.6033,2.594
45.5032,0.6703,2.8835
45.5034,0.6529,2.8074
45.5036,0.709,3.0417
45.5038,0.8362,3.5941
45.5040,0.7539,3.2371
45.5042,0.7734,3.3241
45.5044,0.81,3.4748
45.5046,0.8776,3.7667
45.5048,0.8471,3.6326
45.5050,0.8906,3.8169
45.5052,0.9638,4.1251
45.5054,1.0414,4.4509
45.5056,1.0866,4.6506
45.5058,0.9988,4.283
45.5060,0.9366,4.0161
45.5062,0.901,3.8598
45.5064,0.9531,4.0814
45.5066,0.9862,4.2231
45.5068,0.9782,4.1926
45.5070,0.9769,4.185
45.5072,1.0415,4.4556
45.5074,1.0609,4.5387
45.5076,1.0439,4.4721
45.5078,0.9953,4.2641
45.5080,0.9223,3.9623
45.5082,0.7971,3.4261
45.5084,0.7119,3.0583
45.5086,0.7789,3.3509
45.5088,0.7643,3.2849
45.5090,0.7807,3.3555
45.5092,0.7446,3.2004
45.5094,0.7298,3.1394
45.5096,0.7341,3.1565
45.5098,0.7593,3.2602
45.5100,0.7923,3.4055
45.5102,0.7198,3.0966
45.5104,0.7069,3.0451
45.5106,0.7105,3.0535
45.5108,0.8138,3.4896
45.5110,0.8776,3.7737
45.5112,0.7527,3.2379
45.5114,0.6933,2.984
45.5116,0.695,2.9898
45.5118,0.6969,2.9981
45.5120,0.6901,2.9742
45.5122,0.6361,2.7378
45.5124,0.665,2.8622
45.5126,0.6786,2.9191
45.5128,0.7341,3.158
45.5130,0.7542,3.2431
45.5132,0.7019,3.0197
45.5134,0.7405,3.1858
45.5136,0.7548,3.2457
45.5138,0.7076,3.0454
45.5140,0.7156,3.0771
45.5142,0.7289,3.1373
45.5144,0.6362,2.7447
45.5146,0.6006,2.585
45.5148,0.6549,2.8188
45.5150,0.6316,2.722
45.5152,0.5867,2.5287
45.5154,0.5711,2.4638
45.5156,0.5666,2.443
45.5158,0.5697,2.4542
45.5160,0.6006,2.5862
45.5162,0.6789,2.9193
45.5164,0.7199,3.0985
45.5166,0.664,2.8634
45.5168,0.5825,2.5106
45.5170,0.5726,2.4677
45.5172,0.5825,2.5118
45.5174,0.5754,2.4801
45.5176,0.569,2.4499
45.5178,0.627,2.7036
45.5180,0.5714,2.4568
45.5182,0.6614,2.848
45.5184,0.6841,2.947
45.5186,0.71,3.0557
45.5188,0.7217,3.1048
45.5190,0.6959,2.9939
45.5192,0.6524,2.8093
45.5194,0.6595,2.8371
45.5196,0.7474,3.2093
45.5198,0.8299,3.5635
45.5200,0.8224,3.5365
45.5202,0.7643,3.2895
45.5204,0.7712,3.3163
45.5206,0.7282,3.1312
45.5208,0.7377,3.1705
45.5210,0.7483,3.2179
45.5212,0.738,3.1765
45.5214,0.7263,3.123
45.5216,0.723,3.1076
45.5218,0.725,3.1159
45.5220,0.7777,3.3489
45.5222,0.6987,3.01
45.5224,0.6963,2.9955
45.5226,0.7006,3.0113
45.5228,0.7497,3.2205
45.5230,0.8658,3.7197
45.5232,0.8489,3.6505
45.5234,0.8058,3.4616
45.5236,0.7698,3.3148
45.5238,0.7024,3.019
45.5240,0.7608,3.2745
45.5242,0.6356,2.7396
45.5244,0.5582,2.4068
45.5246,0.5511,2.3774
45.5248,0.5505,2.3759
45.5250,0.5626,2.4259
45.5252,0.5576,2.4053
45.5254,0.5503,2.3738
45.5256,0.545,2.3499
45.5258,0.5495,2.3685
45.5260,0.5547,2.3896
45.5262,0.6563,2.8232
45.5264,0.6616,2.853
45.5266,0.5567,2.4006
45.5268,0.5522,2.3821
45.5270,0.5516,2.3773
45.5272,0.5498,2.3695
45.5274,0.5586,2.4055
45.5276,0.6506,2.7976
45.5278,0.7066,3.037
45.5280,0.7042,3.0352
45.5282,0.6019,2.5919
45.5284,0.6931,2.9843
45.5286,0.6342,2.7334
45.5288,0.6482,2.7899
45.5290,0.6793,2.9195
45.5292,0.7224,3.1036
45.5294,0.7566,3.255
45.5296,0.7128,3.0652
45.5298,0.7155,3.0809
45.5300,0.6841,2.9456
45.5302,0.672,2.8894
45.5304,0.7099,3.0509
45.5306,0.7584,3.2627
45.5308,0.701,3.0142
45.5310,0.7029,3.0253
45.5312,0.6722,2.8945
45.5314,0.6597,2.8408
45.5316,0.6211,2.6758
45.5318,0.5758,2.4817
45.5320,0.5833,2.5142
45.5322,0.6039,2.5978
45.5324,0.6305,2.7173
45.5326,0.5072,2.1881
45.5328,0.4951,2.1368
45.5330,0.5477,2.3618
45.5332,0.5166,2.2284
45.5334,0.483,2.0855
45.5336,0.4826,2.084
45.5338,0.4836,2.0872
45.5340,0.4823,2.0795
45.5342,0.4813,2.0783
45.5344,0.483,2.0836
45.5346,0.5187,2.2346
45.5348,0.5855,2.5212
45.5350,0.5909,2.5468
45.5352,0.5833,2.5154
45.5354,0.5315,2.2931
45.5356,0.4839,2.0887
45.5358,0.4881,2.1058
45.5360,0.4832,2.0837
45.5362,0.5098,2.1944
45.5364,0.5946,2.5569
45.5366,0.7181,3.0894
45.5368,0.6668,2.8699
45.5370,0.7051,3.0317
45.5372,0.6905,2.9707
45.5374,0.6901,2.9687
45.5376,0.7151,3.075
45.5378,0.7346,3.1542
45.5380,0.7645,3.2829
45.5382,0.8095,3.4743
45.5384,0.866,3.7185
45.5386,0.8473,3.6314
45.5388,0.889,3.8138
45.5390,0.895,3.8431
45.5392,0.9029,3.8626
45.5394,0.9948,4.2575
45.5396,1.0149,4.3458
45.5398,1.0752,4.5976
45.5400,1.1528,4.927
45.5402,1.1294,4.8339
45.5404,1.1198,4.7928
45.5406,1.0494,4.4999
45.5408,0.9939,4.2579
45.5410,1.0113,4.3304
45.5412,1.0662,4.5719
45.5414,1.0419,4.4634
45.5416,1.0151,4.3509
45.5418,0.9838,4.2187
45.5420,0.9088,3.9023
45.5422,0.8579,3.6857
45.5424,0.9305,3.9955
45.5426,0.8825,3.7895
45.5428,0.8931,3.8366
45.5430,0.8631,3.7061
45.5432,0.8633,3.7071
45.5434,0.8422,3.6283
45.5436,0.726,3.122
45.5438,0.7427,3.1921
45.5440,0.8161,3.5043
45.5442,0.9123,3.9154
45.5444,0.9805,4.2004
45.5446,1.0565,4.5239
45.5448,0.9896,4.2473
45.5450,0.8752,3.7599
45.5452,0.8548,3.6672
45.5454,0.8923,3.8335
45.5456,0.8985,3.8634
45.5458,0.8005,3.4438
45.5460,0.7475,3.2098
45.5462,0.8607,3.701
45.5464,0.7786,3.354
45.5466,0.7116,3.0601
45.5468,0.7794,3.3561
45.5470,0.7409,3.1918
45.5472,0.7335,3.1554
45.5474,0.7381,3.177
45.5476,0.7624,3.2767
45.5478,0.7963,3.4257
45.5480,0.7706,3.3138
45.5482,0.7115,3.0653
45.5484,0.6965,3.0035
45.5486,0.6202,2.6741
45.5488,0.6079,2.6214
45.5490,0.6143,2.6488
45.5492,0.6317,2.7212
45.5494,0.6079,2.6226
45.5496,0.5469,2.3582
45.5498,0.5455,2.3542
45.5500,0.5214,2.2502
45.5502,0.527,2.2724
45.5504,0.5342,2.3055
45.5506,0.5368,2.3159
45.5508,0.5203,2.2424
45.5510,0.578,2.4944
45.5512,0.5493,2.3697
45.5514,0.5407,2.3302
45.5516,0.6021,2.5912
45.5518,0.6552,2.8225
45.5520,0.6589,2.8398
45.5522,0.6576,2.8341
45.5524,0.6624,2.8508
45.5526,0.6625,2.8513
45.5528,0.6509,2.8052
45.5530,0.6879,2.9566
45.5532,0.7893,3.3942
45.5534,0.8245,3.542
45.5536,0.8576,3.6841
45.5538,0.8287,3.5633
45.5540,0.777,3.3489
45.5542,0.6636,2.86
45.5544,0.6433,2.7688
45.5546,0.6445,2.7778
45.5548,0.6332,2.728
45.5550,0.6459,2.7827
45.5552,0.661,2.8504
45.5554,0.6471,2.7879
45.5556,0.6585,2.8343
45.5558,0.644,2.7732
45.5560,0.6318,2.723
45.5562,0.6341,2.7341
45.5564,0.6326,2.7241
45.5566,0.657,2.8276
45.5568,0.7264,3.1221
45.5570,0.8485,3.645
45.5572,0.8238,3.5455
45.5574,0.6567,2.8345
45.5576,0.5655,2.4372
45.5578,0.5422,2.3391
45.5580,0.5389,2.3247
45.5582,0.6009,2.5849
45.5584,0.6666,2.8662
45.5586,0.7265,3.1298
45.5588,0.7118,3.0635
45.5590,0.669,2.8806
45.5592,0.628,2.709
45.5594,0.5849,2.5221
45.5596,0.5705,2.4589
45.5598,0.6161,2.6516
45.5600,0.683,2.9355
45.5602,0.7248,3.1197
45.5604,0.7404,3.1853
45.5606,0.7626,3.2792
45.5608,0.7456,3.2045
45.5610,0.7965,3.4235
45.5612,0.7929,3.4065
45.5614,0.787,3.387
45.5616,0.7422,3.1931
45.5618,0.7265,3.1255
45.5620,0.7403,3.1863
45.5622,0.7061,3.042
45.5624,0.6981,3.0032
45.5626,0.6651,2.8627
45.5628,0.6892,2.9664
45.5630,0.6718,2.8929
45.5632,0.6663,2.8679
45.5634,0.6879,2.9663
45.5636,0.6328,2.7272
45.5638,0.6016,2.5916
45.5640,0.5856,2.5252
45.5642,0.5993,2.583
45.5644,0.5899,2.5415
45.5646,0.6317,2.7225
45.5648,0.6036,2.5992
45.5650,0.6035,2.6035
45.5652,0.5862,2.5278
45.5654,0.5818,2.511
45.5656,0.5027,2.1694
45.5658,0.4837,2.0867
45.5660,0.4866,2.0981
45.5662,0.4867,2.1016
45.5664,0.4859,2.097
45.5666,0.4886,2.1089
45.5668,0.4862,2.0995
45.5670,0.4861,2.099
45.5672,0.4842,2.0888
45.5674,0.4855,2.0935
45.5676,0.5495,2.3685
45.5678,0.5955,2.5652
45.5680,0.5308,2.2889
45.5682,0.4941,2.1307
45.5684,0.5451,2.3526
45.5686,0.5027,2.1694
45.5688,0.4921,2.1229
45.5690,0.4943,2.1302
45.5692,0.557,2.3972
45.5694,0.5875,2.5323
45.5696,0.5686,2.4495
45.5698,0.601,2.5854
45.5700,0.6139,2.6436
45.5702,0.5881,2.5349
45.5704,0.6275,2.6981
45.5706,0.7151,3.075
45.5708,0.726,3.1205
45.5710,0.7176,3.0844
45.5712,0.779,3.3467
45.5714,0.8126,3.4894
45.5716,0.8691,3.7232
45.5718,0.9853,4.2229
45.5720,0.9762,4.1819
45.5722,0.9718,4.1712
45.5724,0.9287,3.9803
45.5726,0.9518,4.0795
45.5728,0.956,4.0937
45.5730,0.9669,4.1501
45.5732,0.9113,3.9113
45.5734,0.9133,3.92
45.5736,0.8776,3.7684
45.5738,0.884,3.7957
45.5740,0.8557,3.6725
45.5742,0.8077,3.4682
45.5744,0.8239,3.5361
45.5746,0.8493,3.6503
45.5748,0.7927,3.4071
45.5750,0.8124,3.4899
45.5752,0.8,3.4417
45.5754,0.7441,3.2013
45.5756,0.7451,3.2025
45.5758,0.7413,3.1889
45.5760,0.7469,3.2102
45.5762,0.7654,3.2896
45.5764,0.791,3.3998
45.5766,0.7994,3.4423
45.5768,0.7163,3.0816
45.5770,0.7191,3.0949
45.5772,0.7275,3.1282
45.5774,0.7203,3.0972
45.5776,0.7352,3.1582
45.5778,0.7634,3.2874
45.5780,0.7503,3.2291
45.5782,0.7004,3.0158
45.5784,0.6848,2.9473
45.5786,0.7275,3.1325
45.5788,0.6698,2.8855
45.5790,0.6381,2.7491
45.5792,0.5993,2.5818
45.5794,0.5934,2.5565
45.5796,0.6383,2.7509
45.5798,0.6569,2.8297
45.5800,0.697,2.9972
45.5802,0.7774,3.3411
45.5804,0.77,3.3158
45.5806,0.7122,3.0612
45.5808,0.8149,3.504
45.5810,0.7444,3.2009
45.5812,0.7136,3.0712
45.5814,0.7013,3.02
45.5816,0.7157,3.0776
45.5818,0.7567,3.254
45.5820,0.7236,3.116
45.5822,0.7157,3.0791
45.5824,0.7441,3.1998
45.5826,0.7112,3.0637
45.5828,0.6042,2.6042
45.5830,0.585,2.5226
45.5832,0.6142,2.6446
45.5834,0.6587,2.8361
45.5836,0.6494,2.7951
45.5838,0.6643,2.8604
45.5840,0.6423,2.7685
45.5842,0.6228,2.6805
45.5844,0.7122,3.0627
45.5846,0.726,3.1249
45.5848,0.7167,3.0846
45.5850,0.734,3.156
45.5852,0.7877,3.3838
45.5854,0.8396,3.6052
45.5856,0.8641,3.7171
45.5858,0.7699,3.3076
45.5860,0.8168,3.5106
45.5862,0.8528,3.6618
45.5864,0.8765,3.7673
45.5866,0.8194,3.5253
45.5868,0.7481,3.2183
45.5870,0.7256,3.1214
45.5872,0.7035,3.0335
45.5874,0.5905,2.5441
45.5876,0.5977,2.5751
45.5878,0.6289,2.7106
45.5880,0.6239,2.6914
45.5882,0.6226,2.6795
45.5884,0.6247,2.69
45.5886,0.6282,2.7063
45.5888,0.6541,2.8113
45.5890,0.7784,3.3457
45.5892,0.7516,3.2363
45.5894,0.6834,2.9466
45.5896,0.6226,2.6832
45.5898,0.5988,2.5797
45.5900,0.6563,2.8298
45.5902,0.5908,2.5486
45.5904,0.5644,2.4326
45.5906,0.5609,2.4165
45.5908,0.5525,2.3825
45.5910,0.5568,2.4022
45.5912,0.5578,2.4053
45.5914,0.558,2.4074
45.5916,0.5546,2.3924
45.5918,0.5529,2.3852
45.5920,0.5421,2.3365
45.5922,0.5967,2.5704
45.5924,0.6092,2.6283
45.5926,0.5518,2.3783
45.5928,0.5419,2.3387
45.5930,0.5446,2.3495
45.5932,0.5432,2.3411
45.5934,0.5444,2.3463
45.5936,0.5432,2.3422
45.5938,0.5585,2.405
45.5940,0.6292,2.7091
45.5942,0.7042,3.0267
45.5944,0.7795,3.3488
45.5946,0.7384,3.178
45.5948,0.6429,2.7672
45.5950,0.6573,2.8318
45.5952,0.6301,2.712
45.5954,0.6494,2.7925
45.5956,0.7353,3.1631
45.5958,0.6937,2.9841
45.5960,0.6614,2.8454
45.5962,0.7024,3.0246
45.5964,0.6674,2.8725
45.5966,0.7446,3.2034
45.5968,0.7216,3.1058
45.5970,0.6589,2.8359
45.5972,0.6341,2.7303
45.5974,0.6354,2.7373
45.5976,0.6289,2.7094
45.5978,0.6628,2.8516
45.5980,0.6993,3.007
45.5982,0.7182,3.0884
45.5984,0.7083,3.0513
45.5986,0.654,2.8134
45.5988,0.7082,3.0437
45.5990,0.7415,3.19
45.5992,0.6347,2.7329
45.5994,0.6059,2.6078
45.5996,0.6875,2.9592
45.5998,0.6539,2.8129
45.6000,0.6542,2.8184
45.6002,0.6152,2.6492
45.6004,0.6223,2.6772
45.6006,0.6632,2.8518
45.6008,0.7226,3.107
45.6010,0.7208,3.1036
45.6012,0.7308,3.1411
45.6014,0.7822,3.3633
45.6016,0.6997,3.0113
45.6018,0.6898,2.9704
45.6020,0.6963,2.9941
45.6022,0.7019,3.0155
45.6024,0.7105,3.0578
45.6026,0.606,2.6143
45.6028,0.5652,2.4317
45.6030,0.6698,2.8815
45.6032,0.7029,3.0239
45.6034,0.6694,2.8799
45.6036,0.7304,3.1376
45.6038,0.8445,3.6263
45.6040,0.835,3.584
45.6042,0.8521,3.657
45.6044,0.8819,3.787
45.6046,0.8548,3.6774
45.6048,0.7224,3.1065
45.6050,0.7161,3.0749
45.6052,0.8672,3.715
45.6054,0.9679,4.1464
45.6056,0.9764,4.1868
45.6058,0.9836,4.2216
45.6060,0.9572,4.1007
45.6062,1.0346,4.4258
45.6064,1.0758,4.6152
45.6066,0.9609,4.1243
45.6068,0.9735,4.1686
45.6070,0.9667,4.151
45.6072,0.8166,3.5112
45.6074,0.786,3.3813
45.6076,0.7849,3.3736
45.6078,0.8184,3.5141
45.6080,0.8618,3.7056
45.6082,0.8572,3.6757
45.6084,0.8927,3.8315
45.6086,0.8952,3.8477
45.6088,0.8469,3.6349
45.6090,0.8648,3.7133
45.6092,0.8944,3.8512
45.6094,0.7286,3.1386
45.6096,0.654,2.816
45.6098,0.6256,2.6949
45.6100,0.6126,2.6403
45.6102,0.6086,2.6245
45.6104,0.5944,2.563
45.6106,0.6575,2.8336
45.6108,0.6347,2.7316
45.6110,0.6357,2.7388
45.6112,0.6322,2.7258
45.6114,0.6252,2.6946
45.6116,0.6274,2.7026
45.6118,0.5986,2.5811
45.6120,0.6148,2.6496
45.6122,0.6215,2.6761
45.6124,0.6168,2.6597
45.6126,0.5943,2.5601
45.6128,0.6174,2.6622
45.6130,0.6029,2.5961
45.6132,0.5874,2.5365
45.6134,0.5397,2.3272
45.6136,0.5736,2.4701
45.6138,0.6288,2.7101
45.6140,0.663,2.8574
45.6142,0.6606,2.8431
45.6144,0.6428,2.7693
45.6146,0.6071,2.6178
45.6148,0.5393,2.3289
45.6150,0.505,2.1778
45.6152,0.5062,2.184
45.6154,0.5034,2.1715
45.6156,0.5615,2.4202
45.6158,0.5962,2.5695
45.6160,0.5368,2.318
45.6162,0.5118,2.2078
45.6164,0.5739,2.4711
45.6166,0.6363,2.7376
45.6168,0.6312,2.7255
45.6170,0.5043,2.1777
45.6172,0.515,2.2197
45.6174,0.5934,2.5612
45.6176,0.4977,2.1472
45.6178,0.5553,2.3922
45.6180,0.5451,2.3516
45.6182,0.5031,2.1715
45.6184,0.4952,2.1364
45.6186,0.4839,2.0887
45.6188,0.5169,2.2269
45.6190,0.6188,2.6697
45.6192,0.5709,2.4616
45.6194,0.5651,2.4368
45.6196,0.5887,2.5363
45.6198,0.6046,2.6021
45.6200,0.6765,2.9117
45.6202,0.621,2.6753
45.6204,0.58,2.4998
45.6206,0.5843,2.516
45.6208,0.6316,2.7195
45.6210,0.6015,2.5923
45.6212,0.5872,2.5272
45.6214,0.6546,2.8147
45.6216,0.7049,3.0312
45.6218,0.6257,2.6967
45.6220,0.5452,2.351
45.6222,0.5549,2.3906
45.6224,0.5756,2.4818
45.6226,0.5627,2.4265
45.6228,0.5612,2.4197
45.6230,0.5481,2.3612
45.6232,0.5576,2.4042
45.6234,0.5807,2.4994
45.6236,0.6264,2.6948
45.6238,0.6234,2.6906
45.6240,0.5064,2.1875
45.6242,0.4648,2.0059
45.6244,0.4714,2.0325
45.6246,0.4597,1.9851
45.6248,0.4553,1.9659
45.6250,0.4546,1.961
45.6252,0.4561,1.9677
45.6254,0.477,2.0549
45.6256,0.5682,2.4491
45.6258,0.4873,2.1032
45.6260,0.4549,1.9635
45.6262,0.4515,1.9476
45.6264,0.4477,1.9324
45.6266,0.448,1.9335
45.6268,0.4756,2.0496
45.6270,0.538,2.3167
45.6272,0.5416,2.3344
45.6274,0.5859,2.5216
45.6276,0.6128,2.6377
45.6278,0.5628,2.4247
45.6280,0.5558,2.3954
45.6282,0.5423,2.3397
45.6284,0.4717,2.035
45.6286,0.4486,1.9342
45.6288,0.4471,1.9307
45.6290,0.4556,1.9666
45.6292,0.4661,2.0097
45.6294,0.4477,1.9297
45.6296,0.4704,2.0265
45.6298,0.5235,2.2553
45.6300,0.5066,2.1865
45.6302,0.4465,1.9255
45.6304,0.4315,1.8617
45.6306,0.4319,1.8624
45.6308,0.4753,2.0495
45.6310,0.5108,2.2026
45.6312,0.4928,2.124
45.6314,0.494,2.1292
45.6316,0.5115,2.2047
45.6318,0.511,2.2016
45.6320,0.5004,2.1536
45.6322,0.5336,2.2966
45.6324,0.5722,2.465
45.6326,0.5409,2.3313
45.6328,0.5188,2.2372
45.6330,0.4879,2.1029
45.6332,0.4877,2.1028
45.6334,0.4811,2.0734
45.6336,0.5323,2.2941
45.6338,0.4878,2.1014
45.6340,0.497,2.1411
45.6342,0.512,2.2078
45.6344,0.4974,2.1437
45.6346,0.4935,2.1271
45.6348,0.4873,2.1003
45.6350,0.4982,2.1473
45.6352,0.5415,2.3306
45.6354,0.609,2.6163
45.6356,0.6814,2.9288
45.6358,0.6881,2.9549
45.6360,0.6834,2.9398
45.6362,0.6167,2.6542
45.6364,0.6407,2.7574
45.6366,0.6097,2.6206
45.6368,0.6855,2.9449
45.6370,0.6997,3.0029
45.6372,0.7199,3.0928
45.6374,0.7294,3.132
45.6376,0.765,3.2865
45.6378,0.7161,3.0734
45.6380,0.8666,3.7106
45.6382,0.9515,4.0742
45.6384,0.9198,3.9405
45.6386,0.9431,4.0382
45.6388,0.9644,4.1315
45.6390,0.9172,3.9255
45.6392,0.9981,4.2739
45.6394,0.9798,4.1993
45.6396,0.924,3.9584
45.6398,0.9828,4.2062
45.6400,1.0135,4.3396
45.6402,0.9817,4.2055
45.6404,0.9208,3.9482
45.6406,0.8664,3.7136
45.6408,0.9263,3.9738
45.6410,0.8964,3.8475
45.6412,0.91,3.902
45.6414,0.8722,3.74
45.6416,0.8602,3.6903
45.6418,0.8923,3.821
45.6420,0.9385,4.0262
45.6422,0.8945,3.8428
45.6424,0.8813,3.7809
45.6426,0.9019,3.8621
45.6428,0.9575,4.1056
45.6430,0.937,4.012
45.6432,1.0119,4.335
45.6434,1.0368,4.4501
45.6436,0.9039,3.8794
45.6438,0.8572,3.6792
45.6440,0.8585,3.6831
45.6442,0.9372,4.0206
45.6444,0.9583,4.1168
45.6446,0.8294,3.5648
45.6448,0.7474,3.2122
45.6450,0.7541,3.2411
45.6452,0.7596,3.2648
45.6454,0.8029,3.4509
45.6456,0.8282,3.5579
45.6458,0.7926,3.4081
45.6460,0.8009,3.4469
45.6462,0.7071,3.0419
45.6464,0.7079,3.0413
45.6466,0.7899,3.3857
45.6468,0.8688,3.7395
45.6470,0.7278,3.1312
45.6472,0.7387,3.1751
45.6474,0.7614,3.2725
45.6476,0.7855,3.373
45.6478,0.8103,3.4844
45.6480,0.7746,3.3323
45.6482,0.781,3.3565
45.6484,0.7777,3.3473
45.6486,0.7413,3.186
45.6488,0.8043,3.4586
45.6490,0.7488,3.2229
45.6492,0.6968,2.9976
45.6494,0.6829,2.9377
45.6496,0.7203,3.1015
45.6498,0.6915,2.9776
45.6500,0.6837,2.9386
45.6502,0.7669,3.2962
45.6504,0.8218,3.5306
45.6506,0.8049,3.4596
45.6508,0.7573,3.2581
45.6510,0.7657,3.2942
45.6512,0.7765,3.3406
45.6514,0.7692,3.3076
45.6516,0.7693,3.3019
45.6518,0.8294,3.5598
45.6520,0.8732,3.7511
45.6522,0.9021,3.8716
45.6524,0.8867,3.8129
45.6526,0.7214,3.1062
45.6528,0.6541,2.8178
45.6530,0.6438,2.7696
45.6532,0.6824,2.9357
45.6534,0.6959,2.9967
45.6536,0.6975,3.0048
45.6538,0.6979,3.0036
45.6540,0.7053,3.0328
45.6542,0.7149,3.0783
45.6544,0.7051,3.0317
45.6546,0.7035,3.0292
45.6548,0.7009,3.0165
45.6550,0.703,3.0258
45.6552,0.7124,3.0646
45.6554,0.8088,3.4713
45.6556,0.8447,3.6341
45.6558,0.7706,3.3153
45.6560,0.6848,2.9501
45.6562,0.6009,2.5885
45.6564,0.6356,2.7319
45.6566,0.7121,3.065
45.6568,0.6904,2.9771
45.6570,0.5968,2.5709
45.6572,0.6214,2.6756
45.6574,0.6379,2.7507
45.6576,0.5507,2.3781
45.6578,0.5387,2.3241
45.6580,0.5685,2.4513
45.6582,0.5815,2.5042
45.6584,0.6374,2.7435
45.6586,0.7191,3.0935
45.6588,0.7939,3.4122
45.6590,0.6922,2.9793
45.6592,0.7318,3.1453
45.6594,0.7404,3.1853
45.6596,0.6917,2.9759
45.6598,0.6804,2.9296
45.6600,0.673,2.8941
45.6602,0.7778,3.34
45.6604,0.8716,3.7374
45.6606,0.9308,3.997
45.6608,0.8326,3.5803
45.6610,0.7435,3.1972
45.6612,0.7495,3.2245
45.6614,0.8061,3.4664
45.6616,0.7858,3.3724
45.6618,0.8876,3.8058
45.6620,0.9162,3.9379
45.6622,0.8253,3.5472
45.6624,0.8114,3.4923
45.6626,0.6911,2.9775
45.6628,0.6476,2.7912
45.6630,0.644,2.7732
45.6632,0.6679,2.8786
45.6634,0.638,2.7524
45.6636,0.5548,2.3935
45.6638,0.5339,2.3013
45.6640,0.5842,2.5179
45.6642,0.628,2.7052
45.6644,0.5963,2.57
45.6646,0.5883,2.5366
45.6648,0.614,2.649
45.6650,0.5842,2.5179
45.6652,0.5977,2.5715
45.6654,0.6545,2.8141
45.6656,0.7035,3.025
45.6658,0.6735,2.9029
45.6660,0.6398,2.7512
45.6662,0.7289,3.1373
45.6664,0.6585,2.8383
45.6666,0.6477,2.7931
45.6668,0.6176,2.6633
45.6670,0.5315,2.2931
45.6672,0.4922,2.1254
45.6674,0.4856,2.096
45.6676,0.4849,2.0919
45.6678,0.4875,2.1042
45.6680,0.4881,2.1078
45.6682,0.4833,2.0861
45.6684,0.5313,2.291
45.6686,0.5778,2.4951
45.6688,0.5116,2.2062
45.6690,0.5552,2.3928
45.6692,0.5766,2.483
45.6694,0.6668,2.8686
45.6696,0.747,3.2107
45.6698,0.7095,3.0536
45.6700,0.6769,2.9106
45.6702,0.7656,3.2906
45.6704,0.8193,3.5182
45.6706,0.834,3.5793
45.6708,0.8391,3.5998
45.6710,0.9129,3.9125
45.6712,0.972,4.1717
45.6714,0.9401,4.031
45.6716,0.9789,4.1957
45.6718,0.9932,4.2568
45.6720,1.0317,4.4177
45.6722,1.0451,4.471
45.6724,1.097,4.6953
45.6726,1.0721,4.5928
45.6728,1.0223,4.3797
45.6730,1.0178,4.3662
45.6732,1.0378,4.4563
45.6734,0.881,3.7846
45.6736,0.8069,3.4679
45.6738,0.8379,3.6013
45.6740,0.833,3.5752
45.6742,0.8554,3.6732
45.6744,0.8224,3.5316
45.6746,0.8188,3.521
45.6748,0.8017,3.4473
45.6750,0.821,3.5221
45.6752,0.883,3.7969
45.6754,0.7931,3.4118
45.6756,0.8037,3.4496
45.6758,0.8601,3.695
45.6760,0.8528,3.6687
45.6762,0.7992,3.4381
45.6764,0.8305,3.5694
45.6766,0.7541,3.2456
45.6768,0.7115,3.0638
45.6770,0.7232,3.111
45.6772,0.771,3.3169
45.6774,0.6968,3.0017
45.6776,0.6706,2.8931
45.6778,0.5793,2.4978
45.6780,0.6188,2.6635
45.6782,0.6561,2.8266
45.6784,0.6645,2.8614
45.6786,0.6702,2.8884
45.6788,0.6452,2.7745
45.6790,0.7222,3.1069
45.6792,0.7217,3.1092
45.6794,0.6921,2.9788
45.6796,0.7488,3.2244
45.6798,0.6789,2.922
45.6800,0.647,2.7861
45.6802,0.6269,2.6993
45.6804,0.7083,3.0485
45.6806,0.7061,3.0364
45.6808,0.7603,3.2694
45.6810,0.7248,3.1226
45.6812,0.6679,2.8799
45.6814,0.6247,2.69
45.6816,0.6492,2.7915
45.6818,0.7507,3.2282
45.6820,0.7356,3.172
45.6822,0.6236,2.6854
45.6824,0.6475,2.7894
45.6826,0.5958,2.5668
45.6828,0.6266,2.6995
45.6830,0.6342,2.7372
45.6832,0.5602,2.4145
45.6834,0.5744,2.4789
45.6836,0.5264,2.2719
45.6838,0.5203,2.2445
45.6840,0.5315,2.2931
45.6842,0.5309,2.2926
45.6844,0.5238,2.2595
45.6846,0.5769,2.4863
45.6848,0.6313,2.7184
45.6850,0.6449,2.7794
45.6852,0.6723,2.8923
45.6854,0.6812,2.9359
45.6856,0.5658,2.441
45.6858,0.5386,2.3258
45.6860,0.5288,2.2812
45.6862,0.5276,2.276
45.6864,0.5302,2.2874
45.6866,0.5326,2.2978
45.6868,0.5323,2.2962
45.6870,0.5281,2.276
45.6872,0.529,2.2822
45.6874,0.5343,2.3061
45.6876,0.5339,2.3045
45.6878,0.5338,2.3029
45.6880,0.5284,2.2786
45.6882,0.5317,2.2936
45.6884,0.5344,2.3055
45.6886,0.5324,2.2957
45.6888,0.5379,2.3194
45.6890,0.5323,2.2951
45.6892,0.5257,2.2646
45.6894,0.642,2.7669
45.6896,0.5796,2.5005
45.6898,0.4844,2.0917
45.6900,0.4739,2.0462
45.6902,0.4687,2.0239
45.6904,0.4595,1.9831
45.6906,0.5061,2.1804
45.6908,0.5253,2.2673
45.6910,0.4793,2.0685
45.6912,0.5116,2.2072
45.6914,0.4844,2.0917
45.6916,0.4842,2.0897
45.6918,0.512,2.2067
45.6920,0.5204,2.244
45.6922,0.4831,2.0832
45.6924,0.4799,2.0711
45.6926,0.4933,2.1281
45.6928,0.5059,2.1834
45.6930,0.4802,2.0727
45.6932,0.4791,2.067
45.6934,0.4774,2.0574
45.6936,0.5911,2.5431
45.6938,0.6819,2.9349
45.6940,0.6896,2.9666
45.6942,0.6666,2.8676
45.6944,0.6435,2.7698
45.6946,0.6503,2.8
45.6948,0.6208,2.6767
45.6950,0.5469,2.3571
45.6952,0.5257,2.2667
45.6954,0.5209,2.245
45.6956,0.5533,2.3823
45.6958,0.6023,2.5947
45.6960,0.5832,2.5137
45.6962,0.5837,2.5134
45.6964,0.5923,2.5518
45.6966,0.6023,2.5947
45.6968,0.6054,2.6045
45.6970,0.6509,2.8
45.6972,0.6531,2.8085
45.6974,0.7414,3.1805
45.6976,0.8101,3.4834
45.6978,0.6675,2.873
45.6980,0.6031,2.5995
45.6982,0.5949,2.5627
45.6984,0.6193,2.6618
45.6986,0.6854,2.9472
45.6988,0.6798,2.9284
45.6990,0.6553,2.8178
45.6992,0.6818,2.9331
45.6994,0.6746,2.9035
45.6996,0.6764,2.9126
45.6998,0.6293,2.7059
45.7000,0.6698,2.8828
45.7002,0.6288,2.7088
45.7004,0.6179,2.6569
45.7006,0.6863,2.9499
45.7008,0.7118,3.0606
45.7010,0.7232,3.1067
45.7012,0.7293,3.1373
45.7014,0.6657,2.8693
45.7016,0.5799,2.4969
45.7018,0.6214,2.6718
45.7020,0.6781,2.9184
45.7022,0.6486,2.7902
45.7024,0.6732,2.8932
45.7026,0.6964,2.9918
45.7028,0.7557,3.2433
45.7030,0.8084,3.4762
45.7032,0.7638,3.2844
45.7034,0.7355,3.1612
45.7036,0.7775,3.3385
45.7038,0.8457,3.6315
45.7040,0.8204,3.5228
45.7042,0.7919,3.4003
45.7044,0.8235,3.5379
45.7046,0.8519,3.6582
45.7048,0.8658,3.7197
45.7050,0.7529,3.236
45.7052,0.7593,3.2648
45.7054,0.7872,3.3786
45.7056,0.8299,3.5618
45.7058,0.8306,3.5649
45.7060,0.8515,3.6528
45.7062,0.8838,3.7899
45.7064,0.9202,3.9475
45.7066,0.9168,3.9331
45.7068,0.8043,3.457
45.7070,0.779,3.3452
45.7072,0.7843,3.371
45.7074,0.7822,3.3617
45.7076,0.7352,3.1611
45.7078,0.706,3.0401
45.7080,0.6486,2.7941
45.7082,0.6397,2.7584
45.7084,0.6244,2.6847
45.7086,0.7134,3.0664
45.7088,0.7302,3.14
45.7090,0.7413,3.1874
45.7092,0.7328,3.1538
45.7094,0.7244,3.1162
45.7096,0.7395,3.1797
45.7098,0.75,3.2236
45.7100,0.8179,3.5104
45.7102,0.8492,3.6464
45.7104,0.7826,3.3638
45.7106,0.7042,3.0309
45.7108,0.6845,2.9449
45.7110,0.7012,3.0166
45.7112,0.688,2.964
45.7114,0.6961,2.9945
45.7116,0.7253,3.1189
45.7118,0.7182,3.0884
45.7120,0.7274,3.1305
45.7122,0.6751,2.9042
45.7124,0.7257,3.1204
45.7126,0.7528,3.2384
45.7128,0.7649,3.2875
45.7130,0.7649,3.289
45.7132,0.6939,2.9866
45.7134,0.6802,2.9236
45.7136,0.772,3.3164
45.7138,0.7885,3.3891
45.7140,0.7738,3.3272
45.7142,0.7643,3.2896
45.7144,0.7695,3.3056
45.7146,0.7558,3.2514
45.7148,0.7213,3.1014
45.7150,0.7723,3.3226
45.7152,0.7783,3.3453
45.7154,0.7416,3.1905
45.7156,0.692,2.9811
45.7158,0.6376,2.7504
45.7160,0.577,2.488
45.7162,0.581,2.5016
45.7164,0.646,2.7815
45.7166,0.6143,2.6476
45.7168,0.6426,2.7683
45.7170,0.6445,2.7753
45.7172,0.6557,2.822
45.7174,0.6402,2.7567
45.7176,0.6533,2.8117
45.7178,0.7599,3.2659
45.7180,0.8117,3.4837
45.7182,0.8383,3.5963
45.7184,0.9529,4.0823
45.7186,1.0129,4.3371
45.7188,1.0467,4.4882
45.7190,1.0281,4.3982
45.7192,1.1581,4.945
45.7194,1.2406,5.3047
45.7196,1.1745,5.0363
45.7198,1.0077,4.3191
45.7200,0.9436,4.046
45.7202,0.9629,4.1346
45.7204,0.9122,3.9186
45.7206,0.9307,3.9873
45.7208,1.0592,4.5374
45.7210,1.0791,4.6249
45.7212,1.0756,4.61
45.7214,1.0618,4.5509
45.7216,1.017,4.3587
45.7218,1.0027,4.2955
45.7220,1.053,4.5155
45.7222,1.0421,4.4728
45.7224,1.0173,4.3602
45.7226,1.022,4.3802
45.7228,0.9324,4.0038
45.7230,0.8777,3.7708
45.7232,0.9023,3.8709
45.7234,0.9622,4.1238
45.7236,0.9819,4.2204
45.7238,0.9521,4.0844
45.7240,0.9962,4.2717
45.7242,0.9843,4.2208
45.7244,1.0311,4.4172
45.7246,1.0619,4.545
45.7248,1.0084,4.3222
45.7250,1.0704,4.5836
45.7252,1.1745,5.0246
45.7254,1.2472,5.3279
45.7256,1.246,5.3303
45.7258,1.2249,5.2376
45.7260,1.2306,5.2597
45.7262,1.266,5.421
45.7264,1.1409,4.8878
45.7266,1.1174,4.7916
45.7268,1.146,4.9071
45.7270,1.2372,5.2854
45.7272,1.29,5.5134
45.7274,1.2387,5.299
45.7276,1.2858,5.4955
45.7278,1.3448,5.7557
45.7280,1.231,5.2785
45.7282,1.1319,4.8515
45.7284,1.0761,4.612
45.7286,1.1387,4.878
45.7288,1.2134,5.1956
45.7290,1.1974,5.1297
45.7292,1.2393,5.3016
45.7294,1.3089,5.597
45.7296,1.313,5.6118
45.7298,1.3203,5.6483
45.7300,1.3129,5.6139
45.7302,1.3344,5.7004
45.7304,1.3682,5.8421
45.7306,1.3439,5.7575
45.7308,1.3117,5.6088
45.7310,1.4125,6.0315
45.7312,1.3852,5.9286
45.7314,1.3049,5.5822
45.7316,1.3044,5.5827
45.7318,1.3119,5.6177
45.7320,1.2479,5.346
45.7322,1.2219,5.237
45.7324,1.2287,5.2589
45.7326,1.2505,5.3548
45.7328,1.2508,5.3533
45.7330,1.2935,5.549
45.7332,1.2254,5.2445
45.7334,1.2901,5.5242
45.7336,1.3057,5.5962
45.7338,1.2649,5.4164
45.7340,1.2812,5.4862
45.7342,1.3202,5.6478
45.7344,1.3702,5.8617
45.7346,1.3227,5.6613
45.7348,1.301,5.571
45.7350,1.2947,5.5463
45.7352,1.2736,5.4559
45.7354,1.2431,5.323
45.7356,1.2785,5.4719
45.7358,1.3019,5.5876
45.7360,1.1255,4.835
45.7362,1.1008,4.7311
45.7364,1.1335,4.8491
45.7366,1.3921,5.9473
45.7368,1.4672,6.2709
45.7370,1.4702,6.2778
45.7372,1.5057,6.4354
45.7374,1.4953,6.3878
45.7376,1.476,6.3112
45.7378,1.4978,6.4075
45.7380,1.4234,6.0952
45.7382,1.3673,5.8604
45.7384,1.2703,5.4446
45.7386,1.3082,5.607
45.7388,1.2507,5.3578
45.7390,1.2644,5.4194
45.7392,1.3103,5.621
45.7394,1.2998,5.5736
45.7396,1.2595,5.4034
45.7398,1.2561,5.3809
45.7400,1.301,5.584
45.7402,1.1725,5.0346
45.7404,1.1908,5.1134
45.7406,1.1409,4.8946
45.7408,1.1849,5.0905
45.7410,1.1171,4.799
45.7412,1.2066,5.162
45.7414,1.3921,5.9556
45.7416,1.3906,5.9517
45.7418,1.3955,5.9728
45.7420,1.4439,6.1801
45.7422,1.4016,6.013
45.7424,1.2688,5.4405
45.7426,1.2345,5.3033
45.7428,1.1846,5.0866
45.7430,1.2096,5.1894
45.7432,1.3206,5.6547
45.7434,1.367,5.8561
45.7436,1.3716,5.8844
45.7438,1.3568,5.8233
45.7440,1.2803,5.4898
45.7442,1.2291,5.2703
45.7444,1.3097,5.6027
45.7446,1.4486,6.2001
45.7448,1.4513,6.2201
45.7450,1.3297,5.707
45.7452,1.2932,5.5402
45.7454,1.3631,5.8424
45.7456,1.2701,5.4664
45.7458,1.1041,4.7522
45.7460,1.0423,4.4838
45.7462,1.0787,4.6449
45.7464,1.0949,4.7015
45.7466,1.2631,5.4112
45.7468,1.3477,5.7923
45.7470,1.1761,5.0501
45.7472,1.1977,5.1427
45.7474,1.2269,5.2684
45.7476,1.2561,5.391
45.7478,1.2268,5.2948
45.7480,0.9484,4.0837
45.7482,1.0758,4.6304
45.7484,1.0523,4.5271
45.7486,1.0177,4.3862
45.7488,0.9999,4.3057
45.7490,1.0412,4.4833
45.7492,1.0161,4.3815
45.7494,0.9752,4.2071
45.7496,0.9262,3.9955
45.7498,0.8943,3.8544
45.7500,0.9811,4.2246
45.7502,1.0189,4.3893
45.7504,0.998,4.2974
45.7506,0.9964,4.2907
45.7508,0.9946,4.2909
45.7510,0.9291,4.0061
45.7512,0.9581,4.1293
45.7514,0.9365,4.0419
45.7516,0.858,3.7029
45.7518,0.9113,3.9278
45.7520,0.9518,4.1043
45.7522,0.9455,4.0694
45.7524,1.0371,4.4678
45.7526,1.0135,4.3661
45.7528,0.9843,4.2464
45.7530,0.8835,3.8132
45.7532,0.8776,3.7843
45.7534,0.9781,4.2019
45.7536,1.0992,4.7266
45.7538,1.0847,4.6729
45.7540,1.0714,4.6134
45.7542,1.0616,4.5711
45.7544,1.0518,4.5271
45.7546,1.0566,4.5393
45.7548,1.1301,4.8506
45.7550,1.1474,4.9454
45.7552,0.993,4.2837
45.7554,0.9536,4.1159
45.7556,0.9383,4.044
45.7558,0.9643,4.1523
45.7560,0.9821,4.2327
45.7562,1.0178,4.3887
45.7564,0.8576,3.6945
45.7566,0.9204,3.9744
45.7568,0.7934,3.434
45.7570,0.6949,3.0019
45.7572,0.7443,3.2138
45.7574,0.8309,3.5843
45.7576,0.836,3.6132
45.7578,0.7274,3.1437
45.7580,0.7129,3.081
45.7582,0.7296,3.1535
45.7584,0.7792,3.3629
45.7586,0.8618,3.716
45.7588,0.8372,3.6151
45.7590,0.8782,3.7886
45.7592,0.8979,3.8627
45.7594,1.0124,4.3553
45.7596,1.037,4.4631
45.7598,1.0733,4.6195
45.7600,1.078,4.6418
45.7602,0.9988,4.301
45.7604,0.9672,4.1744
45.7606,0.9287,4.0064
45.7608,0.9047,3.9011
45.7610,0.8991,3.875
45.7612,0.9323,4.0201
45.7614,0.8976,3.8778
45.7616,0.7996,3.4509
45.7618,0.9151,3.9425
45.7620,0.9702,4.1776
45.7622,0.95,4.0909
45.7624,0.9779,4.2087
45.7626,0.9616,4.1424
45.7628,0.9634,4.1521
45.7630,0.8795,3.7908
45.7632,0.9008,3.8841
45.7634,0.9518,4.1024
45.7636,0.9131,3.93
45.7638,0.9095,3.92
45.7640,0.8904,3.8396
45.7642,0.8671,3.7371
45.7644,0.8461,3.65
45.7646,0.8456,3.6479
45.7648,0.8581,3.7017
45.7650,0.8877,3.8242
45.7652,0.9328,4.0109
45.7654,1.0315,4.4353
45.7656,1.0553,4.5379
45.7658,1.0925,4.6977
45.7660,1.0977,4.7287
45.7662,1.0291,4.427
45.7664,1.0529,4.5192
45.7666,1.0801,4.6446
45.7668,1.071,4.6097
45.7670,1.0457,4.5029
45.7672,1.0457,4.4966
45.7674,1.0999,4.7165
45.7676,1.1789,5.0601
45.7678,1.1935,5.1271
45.7680,1.181,5.0594
45.7682,1.2535,5.3802
45.7684,1.1206,4.8273
45.7686,0.9219,3.9714
45.7688,0.9745,4.2001
45.7690,0.9875,4.2559
45.7692,1.0286,4.4188
45.7694,1.0767,4.6297
45.7696,1.0762,4.6276
45.7698,1.0801,4.6446
45.7700,1.1166,4.7991
45.7702,1.1432,4.9135
45.7704,1.1129,4.7787
45.7706,1.2318,5.2821
45.7708,1.3672,5.8462
45.7710,1.4654,6.272
45.7712,1.4263,6.0961
45.7714,1.5033,6.4251
45.7716,1.5472,6.6127
45.7718,1.5034,6.4347
45.7720,1.421,6.0878
45.7722,1.3624,5.8393
45.7724,1.4226,6.0888
45.7726,1.4767,6.3291
45.7728,1.3255,5.6863
45.7730,1.3021,5.5782
45.7732,1.3203,5.6563
45.7734,1.3941,5.9778
45.7736,1.3438,5.7623
45.7738,1.3172,5.6403
45.7740,1.3887,5.9546
45.7742,1.3852,5.9231
45.7744,1.4174,6.0724
45.7746,1.3882,5.9442
45.7748,1.495,6.3987
45.7750,1.478,6.3466
45.7752,1.28,5.4965
45.7754,1.2278,5.272
45.7756,1.2075,5.1922
45.7758,1.1146,4.7926
45.7760,1.1034,4.7491
45.7762,1.1505,4.9404
45.7764,1.2279,5.2799
45.7766,1.2007,5.1604
45.7768,1.1888,5.107
45.7770,1.1721,5.0401
45.7772,1.1918,5.1175
45.7774,1.1915,5.1189
45.7776,1.1941,5.1392
45.7778,1.1099,4.7725
45.7780,1.151,4.9424
45.7782,1.1879,5.1058
45.7784,1.2191,5.2349
45.7786,1.271,5.4604
45.7788,1.1864,5.0943
45.7790,1.2025,5.1657
45.7792,1.2894,5.534
45.7794,1.3498,5.7907
45.7796,1.3081,5.6117
45.7798,1.3499,5.7858
45.7800,1.4288,6.1183
45.7802,1.4461,6.198
45.7804,1.3445,5.7789
45.7806,1.2098,5.2044
45.7808,1.2082,5.1977
45.7810,1.2156,5.2175
45.7812,1.2162,5.2274
45.7814,1.2293,5.2737
45.7816,1.334,5.7228
45.7818,1.3785,5.9164
45.7820,1.3646,5.8677
45.7822,1.2562,5.4015
45.7824,1.2409,5.3212
45.7826,1.355,5.8156
45.7828,1.3095,5.6231
45.7830,1.2727,5.4651
45.7832,1.2587,5.4073
45.7834,1.2932,5.5531
45.7836,1.3238,5.687
45.7838,1.2882,5.5418
45.7840,1.2248,5.2591
45.7842,1.3492,5.7936
45.7844,1.2673,5.4444
45.7846,1.2526,5.3811
45.7848,1.2784,5.4944
45.7850,1.2943,5.55
45.7852,1.4352,6.1455
45.7854,1.4401,6.1781
45.7856,1.3491,5.8065
45.7858,1.115,4.7991
45.7860,1.1329,4.8806
45.7862,1.13,4.8659
45.7864,1.1712,5.0407
45.7866,1.1528,4.9686
45.7868,1.0238,4.4146
45.7870,1.0188,4.3908
45.7872,1.0586,4.5624
45.7874,1.0415,4.4848
45.7876,1.0601,4.5691
45.7878,1.1141,4.795
45.7880,1.1854,5.0997
45.7882,1.1378,4.8995
45.7884,1.0396,4.4828
45.7886,0.9733,4.2047
45.7888,0.8572,3.705
45.7890,0.8166,3.5276
45.7892,0.8438,3.6486
45.7894,0.8358,3.6155
45.7896,0.8155,3.5295
45.7898,0.7461,3.229
45.7900,0.7149,3.0969
45.7902,0.7067,3.0588
45.7904,0.7183,3.1072
45.7906,0.7306,3.1591
45.7908,0.7451,3.2278
45.7910,0.7066,3.0611
45.7912,0.7127,3.0776
45.7914,0.7782,3.3665
45.7916,0.7624,3.295
45.7918,0.8,3.4594
45.7920,0.7624,3.295
45.7922,0.7783,3.3655
45.7924,0.7609,3.2964
45.7926,0.6704,2.9029
45.7928,0.7207,3.1132
45.7930,0.7891,3.4106
45.7932,0.7949,3.4291
45.7934,0.9181,3.9572
45.7936,0.9825,4.2328
45.7938,0.9304,4.0211
45.7940,0.8054,3.4811
45.7942,0.821,3.5484
45.7944,0.8029,3.4654
45.7946,0.8607,3.7148
45.7948,0.8231,3.5573
45.7950,0.7843,3.3852
45.7952,0.8251,3.5628
45.7954,0.8191,3.5385
45.7956,0.7902,3.4153
45.7958,0.7834,3.3842
45.7960,0.7807,3.3696
45.7962,0.8474,3.6523
45.7964,0.9691,4.1672
45.7966,0.984,4.2488
45.7968,0.797,3.4448
45.7970,0.762,3.2919
45.7972,0.7655,3.31
45.7974,0.8186,3.5364
45.7976,0.8231,3.5556
45.7978,0.7713,3.3241
45.7980,0.9153,3.9448
45.7982,0.8999,3.8805
45.7984,0.8812,3.7963
45.7986,0.9708,4.1899
45.7988,0.9081,3.9156
45.7990,0.8982,3.8714
45.7992,0.9327,4.016
45.7994,0.9677,4.1668
45.7996,1.0118,4.3527
45.7998,1.0371,4.4657
45.8000,0.9776,4.2116
45.8002,1.0156,4.3814
45.8004,0.9192,3.96
45.8006,0.9667,4.1646
45.8008,1.0071,4.3346
45.8010,1.0401,4.4766
45.8012,0.9762,4.2034
45.8014,0.8817,3.8036
45.8016,0.8545,3.6896
45.8018,0.8089,3.4864
45.8020,0.8707,3.756
45.8022,0.8681,3.7469
45.8024,0.8715,3.7562
45.8026,0.9532,4.1024
45.8028,0.9662,4.1625
45.8030,0.9377,4.034
45.8032,1.0154,4.3763
45.8034,1.0084,4.3343
45.8036,1.1388,4.8945
45.8038,1.0883,4.6775
45.8040,1.1481,4.9232
45.8042,1.3463,5.7677
45.8044,1.3622,5.8383
45.8046,1.3264,5.6957
45.8048,1.2203,5.2474
45.8050,1.0961,4.7132
45.8052,1.0875,4.6782
45.8054,1.0459,4.5055
45.8056,0.98,4.2121
45.8058,1.0804,4.6478
45.8060,1.0384,4.4756
45.8062,0.9113,3.9332
45.8064,0.8586,3.7004
45.8066,0.9517,4.0981
45.8068,0.9891,4.2572
45.8070,0.9202,3.9642
45.8072,0.941,4.0522
45.8074,0.9732,4.1905
45.8076,1.0027,4.3115
45.8078,1.0502,4.522
45.8080,0.8981,3.8673
45.8082,0.9345,4.0275
45.8084,0.9523,4.0988
45.8086,0.9599,4.1371
45.8088,0.9352,4.0343
45.8090,0.8762,3.7816
45.8092,0.8992,3.872
45.8094,0.8938,3.8612
45.8096,0.7503,3.2442
45.8098,0.7238,3.1267
45.8100,0.7222,3.12
45.8102,0.7518,3.2449
45.8104,0.7466,3.2251
45.8106,0.6719,2.9078
45.8108,0.6651,2.8774
45.8110,0.6721,2.9008
45.8112,0.7541,3.2563
45.8114,0.8006,3.4523
45.8116,0.85,3.6603
45.8118,0.8667,3.7442
45.8120,0.6601,2.8556
45.8122,0.6244,2.6973
45.8124,0.6741,2.9149
45.8126,0.6945,3.0017
45.8128,0.7361,3.1756
45.8130,0.7862,3.3887
45.8132,0.7879,3.4038
45.8134,0.7061,3.0491
45.8136,0.6939,2.9991
45.8138,0.6529,2.8258
45.8140,0.6645,2.8681
45.8142,0.7235,3.1286
45.8144,0.6172,2.6711
45.8146,0.5729,2.4785
45.8148,0.5807,2.5134
45.8150,0.5822,2.5173
45.8152,0.5799,2.5109
45.8154,0.5546,2.398
45.8156,0.648,2.7993
45.8158,0.6993,3.0238
45.8160,0.6966,3.0049
45.8162,0.7011,3.0288
45.8164,0.6597,2.8488
45.8166,0.6907,2.9837
45.8168,0.68,2.9363
45.8170,0.7046,3.0368
45.8172,0.8027,3.4499
45.8174,1.0057,4.3264
45.8176,0.9869,4.2474
45.8178,0.9367,4.0336
45.8180,0.8431,3.6371
45.8182,0.7237,3.1204
45.8184,0.7817,3.3706
45.8186,0.8457,3.6468
45.8188,0.842,3.6307
45.8190,0.8174,3.5215
45.8192,0.8662,3.73
45.8194,0.9171,3.9434
45.8196,0.9221,3.9687
45.8198,0.905,3.8949
45.8200,0.9114,3.9283
45.8202,0.7768,3.3526
45.8204,0.7534,3.2516
45.8206,0.7623,3.2869
45.8208,0.7774,3.352
45.8210,0.7873,3.3918
45.8212,0.8707,3.756
45.8214,0.7313,3.1579
45.8216,0.7054,3.0432
45.8218,0.7773,3.3546
45.8220,0.7844,3.3778
45.8222,0.7894,3.4132
45.8224,0.5993,2.5926
45.8226,0.5641,2.439
45.8228,0.5638,2.4368
45.8230,0.5659,2.4445
45.8232,0.589,2.5456
45.8234,0.5884,2.5442
45.8236,0.5788,2.5027
45.8238,0.5751,2.4867
45.8240,0.5789,2.5009
45.8242,0.6223,2.6897
45.8244,0.5901,2.5515
45.8246,0.571,2.4679
45.8248,0.5693,2.4595
45.8250,0.5722,2.4765
45.8252,0.5637,2.4363
45.8254,0.5579,2.4114
45.8256,0.5548,2.3957
45.8258,0.6834,2.9412
45.8260,0.8068,3.4803
45.8262,0.7013,3.027
45.8264,0.6783,2.925
45.8266,0.7288,3.1412
45.8268,0.7767,3.3474
45.8270,0.8123,3.4944
45.8272,0.8368,3.6068
45.8274,0.7786,3.3588
45.8276,0.7187,3.0963
45.8278,0.7401,3.1897
45.8280,0.7512,3.2363
45.8282,0.7593,3.2709
45.8284,0.752,3.2439
45.8286,0.7157,3.0877
45.8288,0.7391,3.1812
45.8290,0.8285,3.5657
45.8292,0.8202,3.5317
45.8294,0.7776,3.35
45.8296,0.7606,3.2827
45.8298,0.6512,2.8107
45.8300,0.6094,2.6337
45.8302,0.6004,2.5937
45.8304,0.6013,2.5966
45.8306,0.5995,2.59
45.8308,0.5951,2.5709
45.8310,0.6035,2.6071
45.8312,0.6057,2.6128
45.8314,0.606,2.6168
45.8316,0.6037,2.6094
45.8318,0.6051,2.6139
45.8320,0.6288,2.7089
45.8322,0.7024,3.0289
45.8324,0.6751,2.915
45.8326,0.5995,2.5888
45.8328,0.5949,2.5675
45.8330,0.6013,2.5942
45.8332,0.6147,2.6541
45.8334,0.6096,2.6336
45.8336,0.6107,2.6358
45.8338,0.6087,2.6258
45.8340,0.61,2.6339
45.8342,0.6113,2.6359
45.8344,0.6705,2.8927
45.8346,0.616,2.6585
45.8348,0.6057,2.6153
45.8350,0.6106,2.6353
45.8352,0.6186,2.6687
45.8354,0.6543,2.8215
45.8356,0.7133,3.0731
45.8358,0.7207,3.1031
45.8360,0.7498,3.2241
45.8362,0.8444,3.6343
45.8364,0.8413,3.6192
45.8366,0.9004,3.8717
45.8368,0.8925,3.8323
45.8370,0.9534,4.092
45.8372,1.0042,4.3062
45.8374,1.0975,4.6974
45.8376,1.1956,5.1125
45.8378,1.2093,5.1757
45.8380,1.1751,5.0342
45.8382,1.1676,4.9925
45.8384,1.261,5.3969
45.8386,1.2399,5.3091
45.8388,1.2044,5.1595
45.8390,1.1654,4.9833
45.8392,1.2533,5.3716
45.8394,1.0737,4.606
45.8396,1.0724,4.5982
45.8398,1.1606,4.972
45.8400,1.176,5.0425
45.8402,1.0656,4.5758
45.8404,1.0197,4.3807
45.8406,1.0285,4.4101
45.8408,1.0659,4.579
45.8410,0.9247,3.9764
45.8412,0.9264,3.9799
45.8414,0.9843,4.2287
45.8416,0.9498,4.0842
45.8418,0.8207,3.5321
45.8420,0.8346,3.5887
45.8422,0.8975,3.8575
45.8424,0.9246,3.9814
45.8426,0.8587,3.6957
45.8428,0.9076,3.9027
45.8430,0.8957,3.8498
45.8432,0.8588,3.698
45.8434,0.8479,3.6476
45.8436,0.8775,3.775
45.8438,0.8747,3.7649
45.8440,0.7779,3.3572
45.8442,0.7442,3.2043
45.8444,0.7746,3.3386
45.8446,0.7721,3.3246
45.8448,0.7773,3.3515
45.8450,0.7147,3.0788
45.8452,0.7497,3.2326
45.8454,0.7344,3.1655
45.8456,0.8117,3.495
45.8458,0.7407,3.1953
45.8460,0.7101,3.0634
45.8462,0.724,3.1205
45.8464,0.7558,3.2514
45.8466,0.7707,3.3246
45.8468,0.7107,3.0631
45.8470,0.6972,3.0075
45.8472,0.6596,2.8496
45.8474,0.6534,2.8161
45.8476,0.7797,3.3603
45.8478,0.7409,3.1934
45.8480,0.7308,3.15
45.8482,0.7235,3.1199
45.8484,0.7253,3.1276
45.8486,0.7045,3.0391
45.8488,0.65,2.8068
45.8490,0.6325,2.7287
45.8492,0.6475,2.7908
45.8494,0.6385,2.7558
45.8496,0.634,2.7374
45.8498,0.6201,2.6749
45.8500,0.6852,2.9531
45.8502,0.6446,2.7822
45.8504,0.6557,2.8299
45.8506,0.6293,2.7185
45.8508,0.6191,2.6708
45.8510,0.6371,2.7484
45.8512,0.6089,2.6304
45.8514,0.5698,2.4582
45.8516,0.5854,2.5242
45.8518,0.637,2.7517
45.8520,0.532,2.3005
45.8522,0.4891,2.1159
45.8524,0.4904,2.1177
45.8526,0.5385,2.3264
45.8528,0.5334,2.3052
45.8530,0.5456,2.3558
45.8532,0.5403,2.332
45.8534,0.5311,2.2943
45.8536,0.5347,2.3109
45.8538,0.5452,2.3554
45.8540,0.5518,2.3795
45.8542,0.6221,2.6812
45.8544,0.6384,2.754
45.8546,0.6546,2.8226
45.8548,0.6462,2.7838
45.8550,0.6022,2.5978
45.8552,0.5501,2.3766
45.8554,0.5374,2.3217
45.8556,0.5276,2.2792
45.8558,0.5322,2.2989
45.8560,0.5588,2.415
45.8562,0.5462,2.3573
45.8564,0.5611,2.4215
45.8566,0.5205,2.2476
45.8568,0.532,2.2973
45.8570,0.5493,2.3719
45.8572,0.5388,2.3263
45.8574,0.5499,2.3745
45.8576,0.5423,2.343
45.8578,0.5886,2.5358
45.8580,0.6618,2.8496
45.8582,0.6651,2.8654
45.8584,0.64,2.7582
45.8586,0.6426,2.7696
45.8588,0.6584,2.8391
45.8590,0.6729,2.8976
45.8592,0.7171,3.0877
45.8594,0.7657,3.2927
45.8596,0.8041,3.4577
45.8598,0.792,3.404
45.8600,0.824,3.5416
45.8602,0.8316,3.5758
45.8604,0.7722,3.3252
45.8606,0.772,3.3241
45.8608,0.7021,3.0259
45.8610,0.6507,2.8047
45.8612,0.677,2.9193
45.8614,0.6499,2.8011
45.8616,0.6311,2.72
45.8618,0.6293,2.7122
45.8620,0.6695,2.8854
45.8622,0.7078,3.0521
45.8624,0.5841,2.5209
45.8626,0.5289,2.2839
45.8628,0.5325,2.2994
45.8630,0.554,2.3899
45.8632,0.5643,2.4332
45.8634,0.5398,2.3321
45.8636,0.5499,2.3756
45.8638,0.526,2.2704
45.8640,0.5169,2.2331
45.8642,0.5287,2.2818
45.8644,0.5296,2.2849
45.8646,0.5328,2.2941
45.8648,0.6408,2.7605
45.8650,0.6572,2.8313
45.8652,0.6396,2.7567
45.8654,0.5663,2.4454
45.8656,0.5005,2.1612
45.8658,0.4944,2.1328
45.8660,0.5004,2.1596
45.8662,0.5536,2.3894
45.8664,0.5088,2.1959
45.8666,0.5371,2.3137
45.8668,0.6443,2.7742
45.8670,0.6931,2.9844
45.8672,0.6819,2.9364
45.8674,0.6758,2.9046
45.8676,0.7349,3.1646
45.8678,0.7179,3.0884
45.8680,0.694,2.9899
45.8682,0.5894,2.5401
45.8684,0.6053,2.6089
45.8686,0.5973,2.5766
45.8688,0.6094,2.6264
45.8690,0.5877,2.5364
45.8692,0.5763,2.4815
45.8694,0.648,2.789
45.8696,0.6782,2.9177
45.8698,0.745,3.2005
45.8700,0.7962,3.4189
45.8702,0.8054,3.4601
45.8704,0.7939,3.4139
45.8706,0.7864,3.3798
45.8708,0.8627,3.7029
45.8710,0.8385,3.604
45.8712,0.805,3.4597
45.8714,0.7892,3.3922
45.8716,0.7647,3.2865
45.8718,0.809,3.474
45.8720,0.8366,3.5941
45.8722,0.7897,3.3927
45.8724,0.8882,3.8138
45.8726,0.8678,3.7297
45.8728,0.7942,3.4149
45.8730,0.7828,3.369
45.8732,0.696,2.9968
45.8734,0.7231,3.1106
45.8736,0.7631,3.2859
45.8738,0.792,3.4009
45.8740,0.9089,3.8974
45.8742,0.9197,3.9511
45.8744,0.8374,3.5977
45.8746,0.8297,3.5642
45.8748,0.8583,3.6839
45.8750,0.889,3.8263
45.8752,0.7621,3.2772
45.8754,0.8003,3.438
45.8756,0.8611,3.6957
45.8758,0.9135,3.9243
45.8760,0.8837,3.7912
45.8762,0.9172,3.9311
45.8764,0.9304,3.995
45.8766,0.835,3.5924
45.8768,0.8126,3.4959
45.8770,0.8328,3.5792
45.8772,0.8461,3.6314
45.8774,0.8607,3.7011
45.8776,0.8243,3.546
45.8778,0.8009,3.439
45.8780,0.8458,3.6388
45.8782,0.8014,3.449
45.8784,0.8082,3.4752
45.8786,0.8141,3.5037
45.8788,0.6892,2.9692
45.8790,0.6817,2.9312
45.8792,0.7554,3.2499
45.8794,0.747,3.2152
45.8796,0.7769,3.3406
45.8798,0.8569,3.6794
45.8800,0.8624,3.7065
45.8802,0.8595,3.6959
45.8804,0.8386,3.6062
45.8806,0.8063,3.4686
45.8808,0.7302,3.1445
45.8810,0.7177,3.0917
45.8812,0.7009,3.0165
45.8814,0.7024,3.0261
45.8816,0.6842,2.9489
45.8818,0.6755,2.9085
45.8820,0.6775,2.9159
45.8822,0.6822,2.9388
45.8824,0.6867,2.9543
45.8826,0.7362,3.1688
45.8828,0.7587,3.2653
45.8830,0.7145,3.0768
45.8832,0.6906,2.9735
45.8834,0.7484,3.2194
45.8836,0.7799,3.3535
45.8838,0.7479,3.2174
45.8840,0.7323,3.1547
45.8842,0.7147,3.0745
45.8844,0.762,3.2767
45.8846,0.7889,3.4001
45.8848,0.7073,3.0444
45.8850,0.7102,3.0596
45.8852,0.6337,2.7351
45.8854,0.5849,2.5233
45.8856,0.5812,2.5038
45.8858,0.622,2.6794
45.8860,0.6289,2.7132
45.8862,0.6174,2.6623
45.8864,0.6513,2.806
45.8866,0.6506,2.8042
45.8868,0.6186,2.6637
45.8870,0.635,2.737
45.8872,0.6192,2.67
45.8874,0.6386,2.7525
45.8876,0.6229,2.6861
45.8878,0.627,2.7011
45.8880,0.6282,2.7113
45.8882,0.5343,2.3082
45.8884,0.4624,1.9965
45.8886,0.4573,1.9748
45.8888,0.4602,1.989
45.8890,0.4558,1.968
45.8892,0.4569,1.9736
45.8894,0.4945,2.1363
45.8896,0.4709,2.0342
45.8898,0.4613,1.9928
45.8900,0.4588,1.9837
45.8902,0.4573,1.9729
45.8904,0.4944,2.1348
45.8906,0.4642,2.0052
45.8908,0.5025,2.167
45.8910,0.5579,2.4036
45.8912,0.5609,2.4188
45.8914,0.5537,2.39
45.8916,0.5313,2.2942
45.8918,0.4692,2.0232
45.8920,0.5379,2.3173
45.8922,0.6137,2.6475
45.8924,0.5561,2.3981
45.8926,0.5464,2.354
45.8928,0.5542,2.3898
45.8930,0.5811,2.5045
45.8932,0.6341,2.7316
45.8934,0.675,2.9051
45.8936,0.6725,2.8942
45.8938,0.6699,2.8807
45.8940,0.6898,2.9732
45.8942,0.5853,2.5225
45.8944,0.5718,2.4635
45.8946,0.5597,2.4125
45.8948,0.5644,2.4338
45.8950,0.5614,2.4197
45.8952,0.6024,2.5952
45.8954,0.5609,2.4199
45.8956,0.5517,2.38
45.8958,0.5615,2.4213
45.8960,0.5613,2.4192
45.8962,0.535,2.3081
45.8964,0.5299,2.2848
45.8966,0.5685,2.4502
45.8968,0.5537,2.3866
45.8970,0.5892,2.5396
45.8972,0.5861,2.525
45.8974,0.5835,2.5125
45.8976,0.5829,2.511
45.8978,0.6286,2.7041
45.8980,0.6972,2.9978
45.8982,0.737,3.1675
45.8984,0.7326,3.1518
45.8986,0.7198,3.0938
45.8988,0.7554,3.2453
45.8990,0.7828,3.3675
45.8992,0.7554,3.2468
45.8994,0.7222,3.1084
45.8996,0.6681,2.8783
45.8998,0.6451,2.7804
45.9000,0.5927,2.551
45.9002,0.6632,2.8545
45.9004,0.7035,3.0279
45.9006,0.7121,3.0622
45.9008,0.7157,3.0777
45.9010,0.7023,3.0241
45.9012,0.6607,2.845
45.9014,0.6108,2.6339
45.9016,0.5709,2.4605
45.9018,0.6069,2.6131
45.9020,0.646,2.7763
45.9022,0.7389,3.1772
45.9024,0.7151,3.0765
45.9026,0.7102,3.0497
45.9028,0.7745,3.3272
45.9030,0.8084,3.473
45.9032,0.8367,3.5929
45.9034,0.7898,3.3932
45.9036,0.8492,3.6448
45.9038,0.8657,3.7141
45.9040,0.8765,3.7586
45.9042,0.877,3.7659
45.9044,0.7789,3.3432
45.9046,0.8615,3.696
45.9048,0.9624,4.1287
45.9050,0.9845,4.2154
45.9052,1.0329,4.4208
45.9054,1.0765,4.6098
45.9056,1.0324,4.4291
45.9058,0.9252,3.9729
45.9060,0.8563,3.6768
45.9062,0.8612,3.6997
45.9064,0.8121,3.4922
45.9066,0.8088,3.4778
45.9068,0.7587,3.2653
45.9070,0.7159,3.0796
45.9072,0.7172,3.0853
45.9074,0.7412,3.1914
45.9076,0.7431,3.1967
45.9078,0.7621,3.2772
45.9080,0.7394,3.1807
45.9082,0.7326,3.1518
45.9084,0.724,3.1147
45.9086,0.7277,3.1263
45.9088,0.6942,2.9876
45.9090,0.6859,2.9534
45.9092,0.7085,3.0482
45.9094,0.7937,3.4081
45.9096,0.8739,3.7578
45.9098,0.7773,3.3469
45.9100,0.7239,3.1142
45.9102,0.6889,2.9663
45.9104,0.6763,2.908
45.9106,0.7764,3.3417
45.9108,0.737,3.1704
45.9110,0.6991,3.0158
45.9112,0.6311,2.7174
45.9114,0.7273,3.1257
45.9116,0.7482,3.2189
45.9118,0.745,3.2065
45.9120,0.6906,2.9749
45.9122,0.6163,2.6576
45.9124,0.5716,2.4648
45.9126,0.5858,2.5234
45.9128,0.6765,2.9118
45.9130,0.6702,2.8884
45.9132,0.653,2.8106
45.9134,0.6963,2.9928
45.9136,0.7434,3.1968
45.9138,0.7481,3.2199
45.9140,0.7414,3.191
45.9142,0.6678,2.8781
45.9144,0.6525,2.8125
45.9146,0.619,2.6678
45.9148,0.5908,2.5463
45.9150,0.5895,2.5395
45.9152,0.6019,2.598
45.9154,0.5161,2.2254
45.9156,0.5341,2.304
45.9158,0.5063,2.184
45.9160,0.5471,2.3604
45.9162,0.539,2.3252
45.9164,0.5268,2.2682
45.9166,0.6107,2.6333
45.9168,0.5518,2.3795
45.9170,0.5292,2.2839
45.9172,0.5757,2.4777
45.9174,0.6948,2.9916
45.9176,0.6416,2.768
45.9178,0.5674,2.4421
45.9180,0.6539,2.8142
45.9182,0.6786,2.9206
45.9184,0.7186,3.0929
45.9186,0.6826,2.9367
45.9188,0.6784,2.9187
45.9190,0.709,3.0516
45.9192,0.7256,3.1229
45.9194,0.7379,3.1745
45.9196,0.7017,3.0174
45.9198,0.7052,3.0337
45.9200,0.6516,2.807
45.9202,0.6226,2.6808
45.9204,0.6259,2.6902
45.9206,0.7461,3.2081
45.9208,0.8097,3.4787
45.9210,0.7879,3.3881
45.9212,0.7154,3.0804
45.9214,0.6354,2.7373
45.9216,0.6731,2.8941
45.9218,0.6852,2.9544
45.9220,0.5567,2.4029
45.9222,0.5347,2.3066
45.9224,0.5371,2.3169
45.9226,0.5396,2.3278
45.9228,0.548,2.3651
45.9230,0.5388,2.3242
45.9232,0.5334,2.2977
45.9234,0.531,2.2884
45.9236,0.5334,2.3009
45.9238,0.5505,2.3727
45.9240,0.616,2.6536
45.9242,0.6153,2.6542
45.9244,0.5413,2.334
45.9246,0.5342,2.3045
45.9248,0.5419,2.3376
45.9250,0.5488,2.3643
45.9252,0.5876,2.5324
45.9254,0.5492,2.3681
45.9256,0.5826,2.5112
45.9258,0.5615,2.4202
45.9260,0.5465,2.3578
45.9262,0.5766,2.483
45.9264,0.6601,2.8398
45.9266,0.6729,2.8963
45.9268,0.6425,2.7665
45.9270,0.5884,2.5348
45.9272,0.6102,2.6252
45.9274,0.6649,2.8617
45.9276,0.6227,2.6838
45.9278,0.6088,2.6251
45.9280,0.6193,2.6656
45.9282,0.6246,2.6946
45.9284,0.5124,2.2083
45.9286,0.5655,2.4361
45.9288,0.533,2.2972
45.9290,0.5284,2.2797
45.9292,0.5115,2.2068
45.9294,0.5163,2.2274
45.9296,0.4943,2.1333
45.9298,0.4913,2.1193
45.9300,0.4907,2.1187
45.9302,0.4455,1.9253
45.9304,0.3856,1.6651
45.9306,0.3874,1.6714
45.9308,0.4558,1.968
45.9310,0.3959,1.7105
45.9312,0.3841,1.6569
45.9314,0.439,1.8929
45.9316,0.4826,2.0802
45.9318,0.5319,2.2947
45.9320,0.4888,2.1075
45.9322,0.4898,2.1112
45.9324,0.488,2.1054
45.9326,0.4969,2.1436
45.9328,0.5043,2.1737
45.9330,0.4908,2.1163
45.9332,0.4985,2.1484
45.9334,0.5504,2.3689
45.9336,0.6177,2.6584
45.9338,0.5992,2.5777
45.9340,0.6503,2.7975
45.9342,0.6299,2.7173
45.9344,0.5005,2.1602
45.9346,0.4778,2.0604
45.9348,0.4811,2.0734
45.9350,0.5305,2.2864
45.9352,0.5612,2.4164
45.9354,0.6109,2.6258
45.9356,0.6653,2.8566
45.9358,0.7481,3.2154
45.9360,0.746,3.2031
45.9362,0.7277,3.1263
45.9364,0.7386,3.1762
45.9366,0.7184,3.0847
45.9368,0.7948,3.4048
45.9370,0.8626,3.7024
45.9372,0.7457,3.2006
45.9374,0.8434,3.615
45.9376,0.9119,3.9085
45.9378,0.9191,3.9393
45.9380,0.9405,4.0326
45.9382,0.9205,3.9473
45.9384,0.9203,3.9426
45.9386,0.9347,4.0098
45.9388,0.8815,3.7779
45.9390,0.9626,4.1258
45.9392,0.9446,4.045
45.9394,1.0015,4.2864
45.9396,1.0671,4.5692
45.9398,1.0457,4.4778
45.9400,1.0142,4.3408
45.9402,0.9897,4.2361
45.9404,1.0394,4.4506
45.9406,1.0409,4.4594
45.9408,1.0372,4.4455
45.9410,1.005,4.3032
45.9412,1.009,4.3308
45.9414,0.9274,3.971
45.9416,0.987,4.2282
45.9418,0.9155,3.9404
45.9420,0.7376,3.1759
45.9422,0.7076,3.044
45.9424,0.6903,2.9698
45.9426,0.7103,3.0573
45.9428,0.7023,3.0199
45.9430,0.715,3.0732
45.9432,0.7449,3.203
45.9434,0.7831,3.3675
45.9436,0.7912,3.3973
45.9438,0.839,3.6061
45.9440,0.8221,3.5301
45.9442,0.8262,3.5526
45.9444,0.7963,3.4178
45.9446,0.8359,3.5893
45.9448,0.8257,3.5422
45.9450,0.85,3.6518
45.9452,0.8415,3.6202
45.9454,0.7888,3.3901
45.9456,0.7982,3.4308
45.9458,0.8214,3.5286
45.9460,0.8366,3.5957
45.9462,0.7987,3.4377
45.9464,0.6499,2.7972
45.9466,0.7142,3.071
45.9468,0.745,3.2094
45.9470,0.637,2.744
45.9472,0.6238,2.6872
45.9474,0.6334,2.7273
45.9476,0.6715,2.8941
45.9478,0.636,2.7373
45.9480,0.6709,2.8889
45.9482,0.6964,2.9947
45.9484,0.7252,3.1199
45.9486,0.7181,3.0894
45.9488,0.7245,3.1211
45.9490,0.6716,2.8933
45.9492,0.6748,2.9059
45.9494,0.6775,2.9146
45.9496,0.7072,3.0425
45.9498,0.6897,2.9686
45.9500,0.7274,3.1321
45.9502,0.7085,3.0524
45.9504,0.6732,2.8946
45.9506,0.7319,3.1458
45.9508,0.7704,3.3159
45.9510,0.7045,3.0348
45.9512,0.638,2.7499
45.9514,0.6195,2.6674
45.9516,0.6199,2.6719
45.9518,0.6222,2.683
45.9520,0.6236,2.6892
45.9522,0.6225,2.6815
45.9524,0.6264,2.6961
45.9526,0.6349,2.7327
45.9528,0.6169,2.6578
45.9530,0.6253,2.6914
45.9532,0.6312,2.7192
45.9534,0.6408,2.7593
45.9536,0.622,2.6807
45.9538,0.5892,2.5384
45.9540,0.6501,2.8008
45.9542,0.5937,2.5635
45.9544,0.4783,2.0654
45.9546,0.4734,2.0441
45.9548,0.4682,2.0219
45.9550,0.475,2.0518
45.9552,0.4813,2.0783
45.9554,0.4831,2.0842
45.9556,0.4796,2.0692
45.9558,0.5569,2.4045
45.9560,0.4964,2.1436
45.9562,0.4672,2.0144
45.9564,0.4957,2.1405
45.9566,0.492,2.1234
45.9568,0.5118,2.2068
45.9570,0.5299,2.2848
45.9572,0.5193,2.2383
45.9574,0.5589,2.4122
45.9576,0.5165,2.2259
45.9578,0.5512,2.3725
45.9580,0.6368,2.741
45.9582,0.6661,2.8642
45.9584,0.7003,3.0098
45.9586,0.7358,3.1623
45.9588,0.8215,3.5308
45.9590,0.8002,3.4391
45.9592,0.7208,3.0979
45.9594,0.7401,3.1794
45.9596,0.819,3.5118
45.9598,0.9014,3.8632
45.9600,0.8984,3.8594
45.9602,0.8618,3.6988
45.9604,0.9112,3.9163
45.9606,0.8226,3.5338
45.9608,0.7903,3.3921
45.9610,0.8062,3.4664
45.9612,0.7347,3.1606
45.9614,0.7111,3.059
45.9616,0.6944,2.9887
45.9618,0.6985,3.0104
45.9620,0.69,2.9696
45.9622,0.6824,2.933
45.9624,0.7801,3.353
45.9626,0.7542,3.2492
45.9628,0.6213,2.6763
45.9630,0.6054,2.6106
45.9632,0.6136,2.6421
45.9634,0.63,2.7103
45.9636,0.654,2.8187
45.9638,0.6234,2.6869
45.9640,0.6207,2.6725
45.9642,0.6573,2.8266
45.9644,0.6987,3.0087
45.9646,0.6637,2.8605
45.9648,0.6697,2.8824
45.9650,0.6674,2.8752
45.9652,0.6391,2.7572
45.9654,0.5467,2.3572
45.9656,0.5461,2.3503
45.9658,0.5945,2.5635
45.9660,0.5316,2.2921
45.9662,0.5296,2.2838
45.9664,0.5248,2.2663
45.9666,0.5245,2.2637
45.9668,0.5428,2.3385
45.9670,0.6129,2.6365
45.9672,0.6763,2.908
45.9674,0.7184,3.0905
45.9676,0.6987,3.0045
45.9678,0.6027,2.5999
45.9680,0.53,2.2864
45.9682,0.5672,2.4422
45.9684,0.6222,2.6805
45.9686,0.5868,2.5293
45.9688,0.5794,2.4961
45.9690,0.6271,2.6954
45.9692,0.7678,3.2968
45.9694,0.7738,3.3272
45.9696,0.7287,3.1305
45.9698,0.7831,3.3659
45.9700,0.7532,3.2401
45.9702,0.7308,3.1383
45.9704,0.8373,3.5938
45.9706,0.8492,3.6482
45.9708,0.8293,3.5577
45.9710,0.877,3.7589
45.9712,0.8613,3.7036
45.9714,0.7626,3.2778
45.9716,0.753,3.241
45.9718,0.6608,2.8442
45.9720,0.7108,3.0551
45.9722,0.7548,3.2458
45.9724,0.7352,3.1627
45.9726,0.7231,3.1077
45.9728,0.7818,3.3571
45.9730,0.8327,3.5737
45.9732,0.8162,3.513
45.9734,0.7561,3.2484
45.9736,0.7997,3.437
45.9738,0.7629,3.2818
45.9740,0.7418,3.1896
45.9742,0.7452,3.206
45.9744,0.7515,3.2298
45.9746,0.7512,3.2348
45.9748,0.6838,2.9405
45.9750,0.7244,3.1177
45.9752,0.6518,2.8055
45.9754,0.6776,2.9191
45.9756,0.6547,2.8165
45.9758,0.7603,3.268
45.9760,0.7967,3.4273
45.9762,0.7283,3.1362
45.9764,0.6636,2.856
45.9766,0.6461,2.7833
45.9768,0.6669,2.8718
45.9770,0.6433,2.7688
45.9772,0.6952,2.9895
45.9774,0.7678,3.303
45.9776,0.7179,3.0841
45.9778,0.7442,3.2014
45.9780,0.7603,3.2725
45.9782,0.7389,3.1801
45.9784,0.7079,3.0427
45.9786,0.7873,3.3808
45.9788,0.8479,3.6459
45.9790,0.7883,3.3912
45.9792,0.7812,3.3561
45.9794,0.7944,3.4143
45.9796,0.7619,3.2731
45.9798,0.8506,3.6492
45.9800,0.9153,3.9265
45.9802,0.9359,4.0225
45.9804,0.7921,3.403
45.9806,0.7654,3.2927
45.9808,0.691,2.9756
45.9810,0.6643,2.8605
45.9812,0.7304,3.1435
45.9814,0.7554,3.2483
45.9816,0.7624,3.2783
45.9818,0.696,2.9982
45.9820,0.6485,2.7936
45.9822,0.6445,2.7766
45.9824,0.6609,2.8487
45.9826,0.5548,2.3935
45.9828,0.4919,2.1229
45.9830,0.5527,2.3842
45.9832,0.5813,2.5055
45.9834,0.642,2.7619
45.9836,0.7015,3.0177
45.9838,0.7491,3.218
45.9840,0.7672,3.2989
45.9842,0.7553,3.2554
45.9844,0.6028,2.5992
45.9846,0.5704,2.4619
45.9848,0.5623,2.4278
45.9850,0.4971,2.1437
45.9852,0.5462,2.3552
45.9854,0.5053,2.1799
45.9856,0.5078,2.1897
45.9858,0.5477,2.3608
45.9860,0.5687,2.4535
45.9862,0.547,2.3599
45.9864,0.5407,2.3314
45.9866,0.5348,2.305
45.9868,0.5986,2.5787
45.9870,0.6322,2.7221
45.9872,0.6281,2.7058
45.9874,0.6113,2.631
45.9876,0.6524,2.808
45.9878,0.6922,2.9794
45.9880,0.6627,2.8551
45.9882,0.6162,2.6547
45.9884,0.6007,2.5892
45.9886,0.5957,2.5687
45.9888,0.5924,2.5507
45.9890,0.5944,2.5606
45.9892,0.5948,2.561
45.9894,0.5992,2.5837
45.9896,0.5594,2.4143
45.9898,0.5299,2.2848
45.9900,0.531,2.2852
45.9902,0.61,2.6266
45.9904,0.631,2.7182
45.9906,0.5768,2.487
45.9908,0.5704,2.4562
45.9910,0.577,2.488
45.9912,0.5415,2.335
45.9914,0.574,2.4763
45.9916,0.5317,2.2926
45.9918,0.5214,2.2481
45.9920,0.5191,2.2404
45.9922,0.5329,2.2967
45.9924,0.536,2.308
45.9926,0.6057,2.6068
45.9928,0.6366,2.7399
45.9930,0.6618,2.8483
45.9932,0.693,2.9811
45.9934,0.6937,2.9856
45.9936,0.624,2.6882
45.9938,0.5397,2.3283
45.9940,0.522,2.2507
45.9942,0.5324,2.2946
45.9944,0.5214,2.2492
45.9946,0.5149,2.2223
45.9948,0.5137,2.214
45.9950,0.5172,2.228
45.9952,0.5407,2.3303
45.9954,0.5619,2.4229
45.9956,0.527,2.2703
45.9958,0.526,2.2683
45.9960,0.5402,2.3271
45.9962,0.5638,2.43
45.9964,0.5196,2.2425
45.9966,0.5143,2.2166
45.9968,0.5908,2.5381
45.9970,0.6594,2.838
45.9972,0.5975,2.5741
45.9974,0.6358,2.7363
45.9976,0.6277,2.6992
45.9978,0.6996,3.0095
45.9980,0.6933,2.9826
45.9982,0.7262,3.1225
45.9984,0.7906,3.3947
45.9986,0.8144,3.5004
45.9988,0.7199,3.0943
45.9990,0.7639,3.2804
45.9992,0.7964,3.4167
45.9994,0.8631,3.7045
45.9996,0.8643,3.7113
45.9998,0.8421,3.6194
46.0000,0.745,3.2005
46.0002,0.7806,3.3504
46.0004,0.8095,3.476
46.0006,0.869,3.7262
46.0008,0.9092,3.8966
46.0010,0.8914,3.8259
46.0012,0.8767,3.7644
46.0014,0.8592,3.6926
46.0016,0.7624,3.2737
46.0018,0.7765,3.3391
46.0020,0.6819,2.9336
46.0022,0.7017,3.0145
46.0024,0.7949,3.4148
46.0026,0.7912,3.3973
46.0028,0.839,3.6044
46.0030,0.8307,3.5722
46.0032,0.7793,3.3478
46.0034,0.7779,3.337
46.0036,0.8857,3.7994
46.0038,0.9195,3.939
46.0040,0.9783,4.1893
46.0042,1.0179,4.3587
46.0044,1.0488,4.4912
46.0046,1.0604,4.5383
46.0048,1.0538,4.5228
46.0050,0.8979,3.8537
46.0052,0.9172,3.9347
46.0054,0.8948,3.8403
46.0056,0.9295,3.9877
46.0058,0.9023,3.8746
46.0060,0.9365,4.0194
46.0062,0.9046,3.8825
46.0064,0.8744,3.7546
46.0066,0.8937,3.8393
46.0068,0.8527,3.6614
46.0070,0.8481,3.6435
46.0072,0.841,3.6148
46.0074,0.7837,3.3638
46.0076,0.9157,3.9267
46.0078,0.8829,3.7964
46.0080,0.8083,3.4806
46.0082,0.7147,3.0759
46.0084,0.7048,3.035
46.0086,0.6876,2.9579
46.0088,0.777,3.3396
46.0090,0.8186,3.5201
46.0092,0.7815,3.3587
46.0094,0.769,3.3081
46.0096,0.7443,3.2034
46.0098,0.7148,3.0764
46.0100,0.6723,2.8978
46.0102,0.6367,2.743
46.0104,0.6751,2.9083
46.0106,0.6681,2.877
46.0108,0.6716,2.8879
46.0110,0.7105,3.0593
46.0112,0.6963,2.9983
46.0114,0.6938,2.9805
46.0116,0.7408,3.1929
46.0118,0.6251,2.6966
46.0120,0.6126,2.6379
46.0122,0.6964,2.9947
46.0124,0.7984,3.4313
46.0126,0.7456,3.212
46.0128,0.6627,2.8551
46.0130,0.6416,2.7629
46.0132,0.6812,2.9346
46.0134,0.6517,2.8102
46.0136,0.6183,2.6597
46.0138,0.7245,3.1182
46.0140,0.7511,3.2313
46.0142,0.7072,3.0411
46.0144,0.6937,2.9842
46.0146,0.6819,2.935
46.0148,0.6757,2.9109
46.0150,0.6832,2.942
46.0152,0.6796,2.9225
46.0154,0.7487,3.221
46.0156,0.7478,3.2183
46.0158,0.7127,3.0662
46.0160,0.6771,2.9144
46.0162,0.7133,3.0674
46.0164,0.7834,3.3654
46.0166,0.7944,3.4191
46.0168,0.7034,3.0316
46.0170,0.637,2.744
46.0172,0.6952,2.9909
46.0174,0.7156,3.08
46.0176,0.7243,3.1143
46.0178,0.7837,3.3685
46.0180,0.7842,3.3705
46.0182,0.8197,3.5231
46.0184,0.8065,3.4664
46.0186,0.8316,3.5741
46.0188,0.8024,3.4489
46.0190,0.755,3.2508
46.0192,0.7383,3.1702
46.0194,0.7843,3.3695
46.0196,0.7788,3.3536
46.0198,0.6825,2.9376
46.0200,0.7428,3.1957
46.0202,0.7085,3.051
46.0204,0.7262,3.124
46.0206,0.7469,3.2147
46.0208,0.646,2.7828
46.0210,0.5971,2.5725
46.0212,0.6124,2.6418
46.0214,0.6019,2.5944
46.0216,0.6487,2.7972
46.0218,0.5545,2.3942
46.0220,0.4801,2.0741
46.0222,0.4742,2.0487
46.0224,0.46,1.9852
46.0226,0.4579,1.9774
46.0228,0.4605,1.9882
46.0230,0.4651,2.0075
46.0232,0.4624,1.9965
46.0234,0.4617,1.9943
46.0236,0.4784,2.0659
46.0238,0.4573,1.9729
46.0240,0.5193,2.2383
46.0242,0.6161,2.6541
46.0244,0.5825,2.5107
46.0246,0.5474,2.3592
46.0248,0.5491,2.3676
46.0250,0.5515,2.379
46.0252,0.5465,2.3567
46.0254,0.5805,2.4996
46.0256,0.6242,2.688
46.0258,0.6177,2.6596
46.0260,0.6537,2.8137
46.0262,0.6885,2.9606
46.0264,0.6874,2.956
46.0266,0.6949,2.9866
46.0268,0.7257,3.1263
46.0270,0.6282,2.7063
46.0272,0.5826,2.51
46.0274,0.5597,2.4125
46.0276,0.5486,2.3655
46.0278,0.548,2.3607
46.0280,0.5897,2.5417
46.0282,0.5971,2.5737
46.0284,0.5879,2.5339
46.0286,0.5846,2.5194
46.0288,0.61,2.629
46.0290,0.5991,2.5808
46.0292,0.5903,2.5419
46.0294,0.6391,2.752
46.0296,0.6343,2.7301
46.0298,0.6704,2.8801
46.0300,0.7571,3.2601
46.0302,0.6596,2.8403
46.0304,0.6726,2.8961
46.0306,0.6049,2.6085
46.0308,0.5029,2.1705
46.0310,0.4952,2.1364
46.0312,0.4929,2.1256
46.0314,0.4921,2.123
46.0316,0.4904,2.1147
46.0318,0.5864,2.5284
46.0320,0.536,2.3123
46.0322,0.4964,2.1426
46.0324,0.4834,2.0862
46.0326,0.4822,2.081
46.0328,0.4819,2.078
46.0330,0.4861,2.0961
46.0332,0.4853,2.0935
46.0334,0.4817,2.078
46.0336,0.4826,2.0821
46.0338,0.4837,2.0867
46.0340,0.4877,2.1038
46.0342,0.4874,2.1028
46.0344,0.5012,2.1603
46.0346,0.5288,2.2781
46.0348,0.5735,2.4685
46.0350,0.6304,2.7143
46.0352,0.6085,2.6204
46.0354,0.5751,2.474
46.0356,0.7421,3.1896
46.0358,0.7552,3.2428
46.0360,0.7565,3.25
46.0362,0.7491,3.221
46.0364,0.7075,3.0435
46.0366,0.6952,2.9867
46.0368,0.8038,3.4465
46.0370,0.9005,3.8614
46.0372,0.9409,4.0385
46.0374,0.8857,3.7994
46.0376,0.9057,3.8799
46.0378,0.9135,3.9133
46.0380,0.9125,3.9147
46.0382,0.8692,3.7307
46.0384,0.9036,3.8766
46.0386,0.9053,3.8802
46.0388,0.9131,3.9136
46.0390,0.9155,3.9312
46.0392,0.8654,3.709
46.0394,0.9157,3.9249
46.0396,0.8932,3.8336
46.0398,0.8669,3.7209
46.0400,0.9,3.8648
46.0402,0.9017,3.8666
46.0404,0.9135,3.917
46.0406,0.8966,3.8498
46.0408,0.8839,3.7935
46.0410,0.9122,3.9168
46.0412,0.7961,3.4184
46.0414,0.8133,3.4925
46.0416,0.854,3.6688
46.0418,0.818,3.511
46.0420,0.8476,3.6432
46.0422,0.7621,3.2818
46.0424,0.6915,2.9763
46.0426,0.6949,2.9907
46.0428,0.6936,2.9795
46.0430,0.8187,3.519
46.0432,0.8225,3.5316
46.0434,0.8563,3.6837
46.0436,0.7077,3.046
46.0438,0.6794,2.9269
46.0440,0.6695,2.8787
46.0442,0.7147,3.0773
46.0444,0.6569,2.8298
46.0446,0.653,2.8093
46.0448,0.7027,3.0215
46.0450,0.7231,3.1149
46.0452,0.6916,2.9754
46.0454,0.6981,3.0019
46.0456,0.6949,2.9921
46.0458,0.6708,2.8897
46.0460,0.6199,2.6719
46.0462,0.6102,2.6288
46.0464,0.6648,2.8612
46.0466,0.6783,2.9209
46.0468,0.6048,2.6056
46.0470,0.6449,2.7755
46.0472,0.6525,2.8112
46.0474,0.6105,2.6299
46.0476,0.583,2.5151
46.0478,0.5721,2.4668
46.0480,0.557,2.4017
46.0482,0.5572,2.4038
46.0484,0.5594,2.4098
46.0486,0.5706,2.4595
46.0488,0.5711,2.4627
46.0490,0.5304,2.2869
46.0492,0.4892,2.1115
46.0494,0.4965,2.1411
46.0496,0.5539,2.3883
46.0498,0.5609,2.4154
46.0500,0.6702,2.8871
46.0502,0.6241,2.6875
46.0504,0.6209,2.6748
46.0506,0.59,2.5427
46.0508,0.5307,2.2885
46.0510,0.5301,2.2859
46.0512,0.5253,2.2652
46.0514,0.5264,2.2709
46.0516,0.5244,2.2621
46.0518,0.5259,2.2667
46.0520,0.5462,2.3519
46.0522,0.6059,2.6102
46.0524,0.5518,2.3795
46.0526,0.528,2.2766
46.0528,0.5281,2.2771
46.0530,0.5337,2.3003
46.0532,0.5349,2.3076
46.0534,0.5246,2.2631
46.0536,0.5209,2.2461
46.0538,0.5214,2.2481
46.0540,0.5286,2.2792
46.0542,0.5252,2.2636
46.0544,0.5254,2.2636
46.0546,0.5228,2.2543
46.0548,0.55,2.3706
46.0550,0.5482,2.364
46.0552,0.5185,2.2336
46.0554,0.5564,2.3947
46.0556,0.6193,2.6668
46.0558,0.6083,2.6206
46.0560,0.5428,2.3396
46.0562,0.5168,2.2285
46.0564,0.5217,2.2486
46.0566,0.6073,2.614
46.0568,0.7005,3.0136
46.0570,0.6396,2.7541
46.0572,0.6048,2.6019
46.0574,0.6909,2.9696
46.0576,0.6956,2.9897
46.0578,0.733,3.1519
46.0580,0.7065,3.0394
46.0582,0.7077,3.0446
46.0584,0.6927,2.9801
46.0586,0.6979,3.0022
46.0588,0.6602,2.8403
46.0590,0.6938,2.9847
46.0592,0.7093,3.0484
46.0594,0.7335,3.1555
46.0596,0.6885,2.9593
46.0598,0.7522,3.2329
46.0600,0.7872,3.3818
46.0602,0.8093,3.4766
46.0604,0.7288,3.1353
46.0606,0.6981,3.0019
46.0608,0.7374,3.171
46.0610,0.6457,2.7817
46.0612,0.5792,2.4939
46.0614,0.6202,2.6717
46.0616,0.5858,2.5211
46.0618,0.6677,2.8723
46.0620,0.6834,2.9426
46.0622,0.6047,2.6039
46.0624,0.6517,2.805
46.0626,0.6055,2.6063
46.0628,0.5977,2.5763
46.0630,0.5127,2.214
46.0632,0.4555,1.9661
46.0634,0.4776,2.0604
46.0636,0.4646,2.0026
46.0638,0.5099,2.2005
46.0640,0.4901,2.1132
46.0642,0.4947,2.1324
46.0644,0.4927,2.1246
46.0646,0.4935,2.1292
46.0648,0.495,2.1354
46.0650,0.5039,2.1736
46.0652,0.5181,2.2311
46.0654,0.5964,2.5682
46.0656,0.5953,2.5648
46.0658,0.6174,2.6561
46.0660,0.6474,2.7851
46.0662,0.5648,2.4364
46.0664,0.4793,2.0676
46.0666,0.4787,2.066
46.0668,0.4793,2.0657
46.0670,0.4903,2.1142
46.0672,0.4846,2.0904
46.0674,0.4841,2.0873
46.0676,0.4748,2.0466
46.0678,0.4888,2.1065
46.0680,0.5227,2.2517
46.0682,0.5631,2.4236
46.0684,0.5916,2.5511
46.0686,0.554,2.3888
46.0688,0.5581,2.4019
46.0690,0.6338,2.723
46.0692,0.7289,3.1344
46.0694,0.7112,3.0552
46.0696,0.7187,3.0891
46.0698,0.7679,3.2958
46.0700,0.8516,3.6482
46.0702,0.8861,3.8086
46.0704,0.7677,3.3009
46.0706,0.7782,3.3354
46.0708,0.8927,3.8262
46.0710,0.8985,3.8527
46.0712,0.9125,3.911
46.0714,0.9145,3.9198
46.0716,0.914,3.9208
46.0718,0.9143,3.9187
46.0720,0.8958,3.8468
46.0722,0.7806,3.3551
46.0724,0.7734,3.321
46.0726,0.7874,3.3829
46.0728,0.7779,3.337
46.0730,0.831,3.5682
46.0732,0.8475,3.6409
46.0734,0.844,3.6243
46.0736,0.8078,3.464
46.0738,0.8889,3.8098
46.0740,0.9469,4.0623
46.0742,0.924,3.9604
46.0744,0.9419,4.0426
46.0746,0.8639,3.7115
46.0748,0.8159,3.5033
46.0750,0.7744,3.3298
46.0752,0.7554,3.2483
46.0754,0.7502,3.2242
46.0756,0.7282,3.1298
46.0758,0.7184,3.089
46.0760,0.75,3.2266
46.0762,0.7255,3.1165
46.0764,0.8029,3.4429
46.0766,0.9044,3.8851
46.0768,0.8059,3.4638
46.0770,0.795,3.4121
46.0772,0.8227,3.536
46.0774,0.7366,3.1645
46.0776,0.8157,3.5061
46.0778,0.8478,3.6369
46.0780,0.8901,3.8185
46.0782,0.852,3.6583
46.0784,0.8662,3.7178
46.0786,0.8514,3.6523
46.0788,0.8621,3.7021
46.0790,0.8559,3.6753
46.0792,0.8462,3.637
46.0794,0.8056,3.4639
46.0796,0.7775,3.3401
46.0798,0.8378,3.5992
46.0800,0.8503,3.6528
46.0802,0.8389,3.6039
46.0804,0.7567,3.254
46.0806,0.7037,3.0261
46.0808,0.7409,3.1889
46.0810,0.6979,3.0036
46.0812,0.6757,2.9109
46.0814,0.6756,2.9077
46.0816,0.7195,3.0937
46.0818,0.7788,3.3473
46.0820,0.7816,3.3592
46.0822,0.7807,3.354
46.0824,0.7492,3.2215
46.0826,0.7758,3.3376
46.0828,0.7605,3.27
46.0830,0.7313,3.1476
46.0832,0.7378,3.1696
46.0834,0.7702,3.3133
46.0836,0.7186,3.0944
46.0838,0.6615,2.8486
46.0840,0.6575,2.831
46.0842,0.6539,2.8155
46.0844,0.6606,2.8471
46.0846,0.5937,2.5599
46.0848,0.5709,2.4617
46.0850,0.5688,2.4529
46.0852,0.562,2.4223
46.0854,0.6209,2.6748
46.0856,0.6189,2.6648
46.0858,0.6522,2.807
46.0860,0.5876,2.5382
46.0862,0.5067,2.184
46.0864,0.5555,2.3899
46.0866,0.6602,2.8442
46.0868,0.607,2.6185
46.0870,0.5016,2.1648
46.0872,0.4814,2.0788
46.0874,0.4694,2.0271
46.0876,0.4664,2.0141
46.0878,0.4702,2.0302
46.0880,0.4712,2.0348
46.0882,0.4699,2.0273
46.0884,0.4664,2.0141
46.0886,0.4639,2.0014
46.0888,0.4548,1.9621
46.0890,0.49,2.1146
46.0892,0.4735,2.0447
46.0894,0.5154,2.2212
46.0896,0.5486,2.3677
46.0898,0.4811,2.0773
46.0900,0.4712,2.0311
46.0902,0.4964,2.1406
46.0904,0.4795,2.0648
46.0906,0.5987,2.5816
46.0908,0.5691,2.4539
46.0910,0.5548,2.3935
46.0912,0.5498,2.3718
46.0914,0.5443,2.3458
46.0916,0.5463,2.3557
46.0918,0.5477,2.3619
46.0920,0.5618,2.4201
46.0922,0.5529,2.383
46.0924,0.5504,2.3711
46.0926,0.6005,2.5846
46.0928,0.6455,2.7794
46.0930,0.6835,2.9403
46.0932,0.6715,2.8847
46.0934,0.6856,2.951
46.0936,0.6503,2.8001
46.0938,0.631,2.7157
46.0940,0.5848,2.5193
46.0942,0.5636,2.429
46.0944,0.5573,2.401
46.0946,0.5489,2.3649
46.0948,0.5565,2.3985
46.0950,0.5607,2.4177
46.0952,0.5439,2.3453
46.0954,0.5452,2.351
46.0956,0.5455,2.3499
46.0958,0.5493,2.3664
46.0960,0.5499,2.3723
46.0962,0.5211,2.2471
46.0964,0.5523,2.3782
46.0966,0.5961,2.5655
46.0968,0.6341,2.7278
46.0970,0.7008,3.0076
46.0972,0.7451,3.204
46.0974,0.748,3.2164
46.0976,0.684,2.9465
46.0978,0.6254,2.6919
46.0980,0.6306,2.7154
46.0982,0.6737,2.898
46.0984,0.6978,2.9975
46.0986,0.7532,3.234
46.0988,0.8125,3.4922
46.0990,0.7439,3.1959
46.0992,0.7129,3.0653
46.0994,0.677,2.9125
46.0996,0.7231,3.1077
46.0998,0.768,3.2994
46.1000,0.7107,3.0589
46.1002,0.6933,2.9799
46.1004,0.7294,3.1365
46.1006,0.6867,2.9502
46.1008,0.7503,3.2262
46.1010,0.7138,3.0751
46.1012,0.6147,2.6492
46.1014,0.5686,2.4484
46.1016,0.5858,2.5234
46.1018,0.5963,2.5701
46.1020,0.6282,2.7025
46.1022,0.6501,2.7969
46.1024,0.6776,2.9137
46.1026,0.7011,3.0148
46.1028,0.6912,2.972
46.1030,0.7407,3.1849
46.1032,0.7227,3.1061
46.1034,0.7532,3.231
46.1036,0.9072,3.8884
46.1038,0.9393,4.0238
46.1040,0.9173,3.9353
46.1042,0.8611,3.7009
46.1044,0.8153,3.5007
46.1046,0.8442,3.6198
46.1048,0.8535,3.6684
46.1050,0.799,3.4307
46.1052,0.8649,3.7087
46.1054,0.9075,3.8913
46.1056,0.8898,3.8192
46.1058,0.8487,3.6427
46.1060,0.8431,3.6219
46.1062,0.7889,3.3954
46.1064,0.7066,3.0385
46.1066,0.6954,2.9928
46.1068,0.6596,2.8377
46.1070,0.6678,2.8714
46.1072,0.6521,2.8065
46.1074,0.6569,2.8271
46.1076,0.6528,2.8122
46.1078,0.6466,2.7828
46.1080,0.6482,2.79
46.1082,0.6943,2.9868
46.1084,0.7042,3.0282
46.1086,0.7172,3.081
46.1088,0.8141,3.4972
46.1090,0.7813,3.3613
46.1092,0.7467,3.2107
46.1094,0.7389,3.1816
46.1096,0.6946,2.9883
46.1098,0.7,3.0143
46.1100,0.7048,3.035
46.1102,0.6421,2.7624
46.1104,0.6625,2.8461
46.1106,0.7637,3.2824
46.1108,0.7624,3.2798
46.1110,0.7603,3.2649
46.1112,0.7467,3.2107
46.1114,0.7105,3.0621
46.1116,0.5993,2.5842
46.1118,0.5787,2.4895
46.1120,0.6565,2.8269
46.1122,0.6631,2.8553
46.1124,0.6765,2.9118
46.1126,0.6843,2.9412
46.1128,0.7273,3.1286
46.1130,0.7504,3.2237
46.1132,0.7472,3.2083
46.1134,0.7031,3.0292
46.1136,0.6445,2.7727
46.1138,0.6589,2.8385
46.1140,0.6184,2.6677
46.1142,0.5608,2.4171
46.1144,0.5669,2.4435
46.1146,0.5728,2.4677
46.1148,0.5446,2.3506
46.1150,0.4889,2.109
46.1152,0.483,2.0827
46.1154,0.484,2.0887
46.1156,0.5294,2.2838
46.1158,0.5476,2.3614
46.1160,0.5365,2.3144
46.1162,0.54,2.3283
46.1164,0.5557,2.3882
46.1166,0.7004,3.0117
46.1168,0.6879,2.9636
46.1170,0.5625,2.421
46.1172,0.5824,2.5078
46.1174,0.6162,2.6547
46.1176,0.6428,2.768
46.1178,0.6642,2.8586
46.1180,0.6661,2.8642
46.1182,0.6829,2.9378
46.1184,0.6808,2.9276
46.1186,0.7008,3.0132
46.1188,0.7209,3.1042
46.1190,0.6457,2.7791
46.1192,0.7054,3.0333
46.1194,0.7871,3.3797
46.1196,0.7512,3.2288
46.1198,0.7208,3.0979
46.1200,0.7311,3.1437
46.1202,0.7261,3.1206
46.1204,0.7492,3.2215
46.1206,0.7073,3.0458
46.1208,0.6719,2.8917
46.1210,0.6561,2.8254
46.1212,0.6633,2.8563
46.1214,0.6426,2.7683
46.1216,0.5587,2.4067
46.1218,0.5423,2.3364
46.1220,0.557,2.3984
46.1222,0.5461,2.3546
46.1224,0.5418,2.3382
46.1226,0.5379,2.3184
46.1228,0.5434,2.3389
46.1230,0.6739,2.8991
46.1232,0.7043,3.0315
46.1234,0.6023,2.5983
46.1236,0.5288,2.2812
46.1238,0.5272,2.2735
46.1240,0.5245,2.2626
46.1242,0.5234,2.2569
46.1244,0.523,2.2533
46.1246,0.5268,2.2703
46.1248,0.5275,2.2724
46.1250,0.5271,2.2698
46.1252,0.5228,2.2543
46.1254,0.5234,2.258
46.1256,0.5397,2.324
46.1258,0.6064,2.6087
46.1260,0.6492,2.7954
46.1262,0.6479,2.7884
46.1264,0.6906,2.9708
46.1266,0.6853,2.9467
46.1268,0.6299,2.7135
46.1270,0.5712,2.4609
46.1272,0.5841,2.5174
46.1274,0.5909,2.5445
46.1276,0.5811,2.5033
46.1278,0.619,2.6628
46.1280,0.6951,2.9876
46.1282,0.6902,2.9706
46.1284,0.6036,2.6004
46.1286,0.5859,2.524
46.1288,0.5431,2.3439
46.1290,0.4768,2.0567
46.1292,0.462,1.994
46.1294,0.4518,1.9501
46.1296,0.4979,2.1438
46.1298,0.5674,2.4433
46.1300,0.5648,2.4342
46.1302,0.531,2.2895
46.1304,0.5347,2.3023
46.1306,0.5203,2.2445
46.1308,0.5058,2.1819
46.1310,0.5017,2.1613
46.1312,0.5605,2.4133
46.1314,0.6287,2.7046
46.1316,0.6665,2.8644
46.1318,0.7009,3.0137
46.1320,0.657,2.8237
46.1322,0.6945,2.9864
46.1324,0.6578,2.8352
46.1326,0.5591,2.4076
46.1328,0.5545,2.3875
46.1330,0.6248,2.6893
46.1332,0.6521,2.8052
46.1334,0.5846,2.5159
46.1336,0.5517,2.3778
46.1338,0.5632,2.4275
46.1340,0.5714,2.4615
46.1342,0.603,2.593
46.1344,0.6398,2.7539
46.1346,0.5752,2.4768
46.1348,0.5835,2.5136
46.1350,0.5802,2.4997
46.1352,0.5468,2.3523
46.1354,0.6428,2.7655
46.1356,0.6307,2.7146
46.1358,0.6444,2.7722
46.1360,0.6951,2.989
46.1362,0.7256,3.1156
46.1364,0.7662,3.2856
46.1366,0.86,3.6825
46.1368,0.942,4.0337
46.1370,0.9532,4.0852
46.1372,0.945,4.0541
46.1374,0.9554,4.0855
46.1376,1.0443,4.4696
46.1378,1.0791,4.6227
46.1380,1.01,4.3228
46.1382,1.0504,4.4936
46.1384,1.0557,4.5141
46.1386,1.0864,4.6519
46.1388,1.0445,4.4769
46.1390,1.018,4.3592
46.1392,1.0485,4.4896
46.1394,1.0358,4.4435
46.1396,0.9647,4.1307
46.1398,1.004,4.2991
46.1400,1.0384,4.4507
46.1402,1.0372,4.4414
46.1404,1.0584,4.5365
46.1406,1.0625,4.5476
46.1408,1.0944,4.6841
46.1410,1.0516,4.503
46.1412,1.0606,4.5394
46.1414,1.0174,4.3668
46.1416,0.9095,3.9054
46.1418,0.8398,3.6113
46.1420,0.8268,3.5518
46.1422,0.8493,3.6487
46.1424,0.8378,3.6059
46.1426,0.7498,3.2241
46.1428,0.7589,3.2572
46.1430,0.86,3.6894
46.1432,0.9458,4.0615
46.1434,0.9329,4.0077
46.1436,0.8219,3.534
46.1438,0.7764,3.3386
46.1440,0.7767,3.3381
46.1442,0.8162,3.5114
46.1444,0.8011,3.4432
46.1446,0.741,3.1924
46.1448,0.6115,2.6382
46.1450,0.6497,2.7988
46.1452,0.6715,2.8914
46.1454,0.6668,2.8686
46.1456,0.7243,3.1172
46.1458,0.7642,3.2875
46.1460,0.7659,3.2932
46.1462,0.738,3.1765
46.1464,0.741,3.1894
46.1466,0.7572,3.2591
46.1468,0.7255,3.1209
46.1470,0.7529,3.2375
46.1472,0.7278,3.1341
46.1474,0.6324,2.7269
46.1476,0.6322,2.7183
46.1478,0.7452,3.2045
46.1480,0.7707,3.3215
46.1482,0.6461,2.7807
46.1484,0.6807,2.9326
46.1486,0.683,2.9437
46.1488,0.6258,2.6985
46.1490,0.6004,2.5853
46.1492,0.6042,2.6042
46.1494,0.604,2.6008
46.1496,0.6531,2.8111
46.1498,0.6769,2.916
46.1500,0.6383,2.7548
46.1502,0.5247,2.2647
46.1504,0.5165,2.2269
46.1506,0.5692,2.4533
46.1508,0.6221,2.6837
46.1510,0.5662,2.4404
46.1512,0.5583,2.4074
46.1514,0.5801,2.4992
46.1516,0.5955,2.5677
46.1518,0.5846,2.5206
46.1520,0.5697,2.4554
46.1522,0.544,2.3469
46.1524,0.5021,2.1659
46.1526,0.5413,2.3361
46.1528,0.485,2.0953
46.1530,0.4546,1.9638
46.1532,0.4512,1.9493
46.1534,0.4741,2.0463
46.1536,0.4908,2.1192
46.1538,0.4552,1.9654
46.1540,0.4498,1.9404
46.1542,0.4446,1.9208
46.1544,0.4421,1.909
46.1546,0.4491,1.9372
46.1548,0.4537,1.9601
46.1550,0.4481,1.9349
46.1552,0.4438,1.9145
46.1554,0.4748,2.0504
46.1556,0.4494,1.9397
46.1558,0.4543,1.9618
46.1560,0.4463,1.9262
46.1562,0.4489,1.9376
46.1564,0.4455,1.9226
46.1566,0.4471,1.9299
46.1568,0.5066,2.1855
46.1570,0.5438,2.3437
46.1572,0.5439,2.3432
46.1574,0.576,2.4816
46.1576,0.5842,2.5167
46.1578,0.6052,2.6047
46.1580,0.5837,2.5147
46.1582,0.6071,2.6142
46.1584,0.588,2.5321
46.1586,0.5799,2.4993
46.1588,0.5766,2.483
46.1590,0.6262,2.695
46.1592,0.633,2.7232
46.1594,0.6738,2.8972
46.1596,0.6915,2.9708
46.1598,0.6956,2.9911
46.1600,0.6641,2.8594
46.1602,0.6225,2.6828
46.1604,0.5724,2.465
46.1606,0.6145,2.6462
46.1608,0.596,2.5674
46.1610,0.6266,2.6971
46.1612,0.6282,2.7013
46.1614,0.6778,2.9134
46.1616,0.7434,3.1953
46.1618,0.7005,3.0206
46.1620,0.5216,2.2502
46.1622,0.509,2.1959
46.1624,0.5095,2.198
46.1626,0.4949,2.1339
46.1628,0.491,2.1144
46.1630,0.5505,2.3716
46.1632,0.553,2.3857
46.1634,0.4926,2.124
46.1636,0.5218,2.2481
46.1638,0.5419,2.3387
46.1640,0.4959,2.1405
46.1642,0.4836,2.0862
46.1644,0.4947,2.1314
46.1646,0.5464,2.3518
46.1648,0.6167,2.6567
46.1650,0.6179,2.6557
46.1652,0.662,2.8454
46.1654,0.6692,2.8843
46.1656,0.6019,2.5932
46.1658,0.5709,2.4582
46.1660,0.574,2.4717
46.1662,0.6004,2.5829
46.1664,0.6519,2.8099
46.1666,0.5742,2.4773
46.1668,0.4982,2.1493
46.1670,0.4754,2.0501
46.1672,0.478,2.0619
46.1674,0.5238,2.2595
46.1676,0.491,2.1163
46.1678,0.4932,2.1256
46.1680,0.525,2.2605
46.1682,0.5993,2.5794
46.1684,0.592,2.5503
46.1686,0.5715,2.4608
46.1688,0.5985,2.5758
46.1690,0.641,2.7577
46.1692,0.6446,2.7732
46.1694,0.6509,2.7987
46.1696,0.6536,2.8119
46.1698,0.6812,2.9278
46.1700,0.7023,3.0185
46.1702,0.7196,3.0855
46.1704,0.8743,3.7453
46.1706,0.9485,4.0652
46.1708,0.9192,3.9416
46.1710,0.881,3.7759
46.1712,0.8394,3.6009
46.1714,0.8486,3.6371
46.1716,0.8896,3.8129
46.1718,0.8846,3.7948
46.1720,0.9045,3.8802
46.1722,0.9033,3.8696
46.1724,0.934,4.0068
46.1726,0.8666,3.7246
46.1728,0.7618,3.2726
46.1730,0.7526,3.2345
46.1732,0.7858,3.3741
46.1734,0.799,3.4307
46.1736,0.8324,3.5744
46.1738,0.8428,3.6175
46.1740,0.9244,3.9601
46.1742,0.8976,3.8527
46.1744,0.8154,3.4996
46.1746,0.8133,3.4958
46.1748,0.7832,3.3664
46.1750,0.7728,3.3216
46.1752,0.7779,3.3385
46.1754,0.8233,3.5369
46.1756,0.8467,3.6289
46.1758,0.9505,4.0758
46.1760,0.9186,3.9427
46.1762,0.8892,3.8113
46.1764,0.8973,3.8547
46.1766,0.8408,3.6155
46.1768,0.8384,3.6001
46.1770,0.8273,3.5506
46.1772,0.8263,3.5481
46.1774,0.8593,3.6863
46.1776,0.8806,3.7796
46.1778,0.8704,3.7341
46.1780,0.839,3.6077
46.1782,0.7817,3.3613
46.1784,0.8023,3.4483
46.1786,0.8385,3.6057
46.1788,0.7697,3.3082
46.1790,0.7618,3.2757
46.1792,0.7138,3.0737
46.1794,0.6921,2.9761
46.1796,0.798,3.4282
46.1798,0.8153,3.504
46.1800,0.7707,3.3138
46.1802,0.7747,3.3345
46.1804,0.7342,3.1541
46.1806,0.7599,3.2629
46.1808,0.8299,3.5619
46.1810,0.8523,3.6616
46.1812,0.8902,3.8208
46.1814,0.9451,4.0565
46.1816,0.922,3.9535
46.1818,0.8909,3.8274
46.1820,0.8651,3.7201
46.1822,0.8145,3.4977
46.1824,0.8416,3.6191
46.1826,0.839,3.6027
46.1828,0.8821,3.7875
46.1830,0.9,3.863
46.1832,0.8444,3.6326
46.1834,0.7614,3.2711
46.1836,0.8404,3.6072
46.1838,0.8239,3.5411
46.1840,0.7825,3.3664
46.1842,0.7749,3.3365
46.1844,0.7259,3.1244
46.1846,0.7132,3.0697
46.1848,0.7314,3.1467
46.1850,0.756,3.257
46.1852,0.6746,2.9062
46.1854,0.631,2.7207
46.1856,0.6006,2.5887
46.1858,0.5455,2.351
46.1860,0.5795,2.5001
46.1862,0.6257,2.693
46.1864,0.7108,3.0651
46.1866,0.5816,2.5089
46.1868,0.5716,2.4648
46.1870,0.5602,2.4145
46.1872,0.5522,2.3821
46.1874,0.5433,2.3438
46.1876,0.5543,2.3925
46.1878,0.5575,2.4049
46.1880,0.554,2.3877
46.1882,0.5942,2.562
46.1884,0.5533,2.3868
46.1886,0.5706,2.4606
46.1888,0.5716,2.4625
46.1890,0.5669,2.4423
46.1892,0.5711,2.4593
46.1894,0.6105,2.6311
46.1896,0.6449,2.7794
46.1898,0.6627,2.8511
46.1900,0.706,3.0373
46.1902,0.6916,2.9782
46.1904,0.635,2.737
46.1906,0.6355,2.7365
46.1908,0.6384,2.7502
46.1910,0.6316,2.7195
46.1912,0.6522,2.8096
46.1914,0.6567,2.8253
46.1916,0.6969,2.9981
46.1918,0.7039,3.028
46.1920,0.6814,2.9343
46.1922,0.6918,2.9773
46.1924,0.7006,3.0113
46.1926,0.8006,3.4443
46.1928,0.7584,3.2597
46.1930,0.7799,3.3567
46.1932,0.6607,2.8476
46.1934,0.6186,2.6637
46.1936,0.6479,2.7871
46.1938,0.6505,2.8011
46.1940,0.6332,2.7267
46.1942,0.6336,2.7334
46.1944,0.6,2.5861
46.1946,0.6151,2.6488
46.1948,0.6115,2.6345
46.1950,0.6022,2.5954
46.1952,0.5904,2.546
46.1954,0.5938,2.5581
46.1956,0.6047,2.6063
46.1958,0.6048,2.6068
46.1960,0.5889,2.5369
46.1962,0.7012,3.0139
46.1964,0.7686,3.3051
46.1966,0.7597,3.2623
46.1968,0.7992,3.4334
46.1970,0.821,3.5271
46.1972,0.8328,3.5826
46.1974,0.7406,3.1874
46.1976,0.7138,3.0666
46.1978,0.8177,3.511
46.1980,0.8755,3.7592
46.1982,0.8586,3.6866
46.1984,0.836,3.5898
46.1986,0.8749,3.7584
46.1988,0.8563,3.6768
46.1990,0.8719,3.7438
46.1992,0.8419,3.6184
46.1994,0.8312,3.5709
46.1996,0.8722,3.7401
46.1998,0.8891,3.8179
46.2000,0.8113,3.4919
46.2002,0.6692,2.8843
46.2004,0.5823,2.5085
46.2006,0.576,2.4816
46.2008,0.5685,2.4547
46.2010,0.5458,2.3536
46.2012,0.6233,2.6814
46.2014,0.6343,2.7314
46.2016,0.6516,2.8018
46.2018,0.693,2.9866
46.2020,0.625,2.6911
46.2022,0.6919,2.9778
46.2024,0.6717,2.8898
46.2026,0.7053,3.0328
46.2028,0.7277,3.1292
46.2030,0.7672,3.2989
46.2032,0.7596,3.2603
46.2034,0.8169,3.5112
46.2036,0.7552,3.2503
46.2038,0.7661,3.2958
46.2040,0.7665,3.2942
46.2042,0.7662,3.2963
46.2044,0.7621,3.2757
46.2046,0.7844,3.3716
46.2048,0.7594,3.2669
46.2050,0.7746,3.3339
46.2052,0.7916,3.3977
46.2054,0.9168,3.935
46.2056,0.8994,3.8622
46.2058,0.8672,3.7254
46.2060,0.8282,3.558
46.2062,0.83,3.5657
46.2064,0.862,3.6998
46.2066,0.8424,3.6188
46.2068,0.8678,3.7297
46.2070,0.8268,3.5518
46.2072,0.8998,3.8637
46.2074,0.9088,3.9042
46.2076,0.8515,3.6614
46.2078,0.7717,3.3185
46.2080,0.8022,3.4494
46.2082,0.7655,3.2917
46.2084,0.7934,3.4102
46.2086,0.8456,3.6361
46.2088,0.7932,3.4124
46.2090,0.7467,3.2107
46.2092,0.748,3.2209
46.2094,0.7376,3.1715
46.2096,0.7151,3.0794
46.2098,0.706,3.0416
46.2100,0.7228,3.1124
46.2102,0.7328,3.1524
46.2104,0.7643,3.2926
46.2106,0.6627,2.8564
46.2108,0.6178,2.6626
46.2110,0.6093,2.6271
46.2112,0.5879,2.5339
46.2114,0.6059,2.6102
46.2116,0.6208,2.6743
46.2118,0.6554,2.8262
46.2120,0.5926,2.5541
46.2122,0.6332,2.7255
46.2124,0.6844,2.9458
46.2126,0.703,3.0202
46.2128,0.7599,3.272
46.2130,0.663,2.8562
46.2132,0.662,2.852
46.2134,0.7009,3.018
46.2136,0.695,2.9913
46.2138,0.7172,3.0854
46.2140,0.7194,3.0946
46.2142,0.7219,3.1026
46.2144,0.7939,3.4123
46.2146,0.7393,3.1862
46.2148,0.6168,2.6585
46.2150,0.6444,2.78
46.2152,0.5928,2.5575
46.2154,0.5868,2.5317
46.2156,0.5758,2.4829
46.2158,0.5719,2.4647
46.2160,0.5763,2.4838
46.2162,0.5775,2.4913
46.2164,0.607,2.6149
46.2166,0.6365,2.7395
46.2168,0.644,2.7771
46.2170,0.5934,2.5589
46.2172,0.6155,2.6491
46.2174,0.6767,2.9151
46.2176,0.6691,2.8798
46.2178,0.7255,3.1166
46.2180,0.7502,3.2272
46.2182,0.7066,3.0414
46.2184,0.7113,3.0629
46.2186,0.6696,2.8819
46.2188,0.6969,2.9982
46.2190,0.7154,3.0805
46.2192,0.605,2.6074
46.2194,0.5699,2.4564
46.2196,0.6346,2.7261
46.2198,0.7794,3.3531
46.2200,0.7305,3.1514
46.2202,0.6482,2.7939
46.2204,0.6339,2.7294
46.2206,0.6168,2.6573
46.2208,0.6189,2.6685
46.2210,0.5837,2.5182
46.2212,0.5609,2.4188
46.2214,0.5687,2.4513
46.2216,0.5864,2.5284
46.2218,0.6098,2.6305
46.2220,0.5838,2.5187
46.2222,0.5059,2.1825
46.2224,0.4593,1.9831
46.2226,0.4501,1.9437
46.2228,0.4812,2.0769
46.2230,0.5205,2.2456
46.2232,0.4726,2.0396
46.2234,0.4578,1.9778
46.2236,0.4552,1.9664
46.2238,0.4537,1.9584
46.2240,0.4501,1.9437
46.2242,0.4528,1.9533
46.2244,0.5108,2.2057
46.2246,0.4575,1.9744
46.2248,0.4466,1.9264
46.2250,0.4462,1.9267
46.2252,0.4455,1.9253
46.2254,0.4472,1.9299
46.2256,0.4739,2.0434
46.2258,0.5257,2.2657
46.2260,0.5822,2.5057
46.2262,0.658,2.8292
46.2264,0.6136,2.6409
46.2266,0.5831,2.5133
46.2268,0.6216,2.6792
46.2270,0.5619,2.4229
46.2272,0.5621,2.4228
46.2274,0.5084,2.1944
46.2276,0.4563,1.9692
46.2278,0.4394,1.8954
46.2280,0.4377,1.889
46.2282,0.4246,1.8309
46.2284,0.5072,2.1872
46.2286,0.5159,2.2265
46.2288,0.4901,2.1152
46.2290,0.4922,2.1196
46.2292,0.6002,2.5855
46.2294,0.5813,2.5032
46.2296,0.5801,2.4992
46.2298,0.5187,2.2368
46.2300,0.507,2.1861
46.2302,0.5075,2.1851
46.2304,0.559,2.4116
46.2306,0.507,2.1861
46.2308,0.5047,2.1743
46.2310,0.5925,2.5477
46.2312,0.6528,2.8057
46.2314,0.6908,2.9705
46.2316,0.7107,3.0547
46.2318,0.7391,3.1739
46.2320,0.7072,3.044
46.2322,0.6348,2.7335
46.2324,0.6503,2.8014
46.2326,0.6221,2.675
46.2328,0.6635,2.8516
46.2330,0.6735,2.9043
46.2332,0.5149,2.2223
46.2334,0.4818,2.0785
46.2336,0.4795,2.0696
46.2338,0.4711,2.0306
46.2340,0.4753,2.0506
46.2342,0.4846,2.0875
46.2344,0.5414,2.3313
46.2346,0.5508,2.3671
46.2348,0.6082,2.6189
46.2350,0.5667,2.4414
46.2352,0.6241,2.6863
46.2354,0.6139,2.6412
46.2356,0.6833,2.9394
46.2358,0.66,2.8419
46.2360,0.6578,2.8261
46.2362,0.7454,3.2006
46.2364,0.78,3.3494
46.2366,0.8274,3.5479
46.2368,0.845,3.6234
46.2370,0.9015,3.8674
46.2372,0.9498,4.0709
46.2374,0.9642,4.123
46.2376,1.0248,4.3901
46.2378,0.9948,4.2617
46.2380,1.0047,4.2983
46.2382,1.0178,4.3623
46.2384,0.9899,4.2386
46.2386,1.0841,4.6357
46.2388,1.0342,4.4369
46.2390,0.931,3.9921
46.2392,0.9334,3.9987
46.2394,0.9334,4.0024
46.2396,0.9533,4.0839
46.2398,0.9808,4.2016
46.2400,1.0213,4.3711
46.2402,1.0435,4.4702
46.2404,1.0774,4.6091
46.2406,1.1291,4.8325
46.2408,1.04,4.4553
46.2410,0.9895,4.245
46.2412,0.9412,4.0358
46.2414,0.9487,4.0625
46.2416,1.0019,4.3
46.2418,0.9504,4.0735
46.2420,1.0035,4.2972
46.2422,1.0562,4.5205
46.2424,1.0858,4.6451
46.2426,1.108,4.7488
46.2428,0.9688,4.1579
46.2430,0.9168,3.9333
46.2432,0.9582,4.1069
46.2434,0.9908,4.2526
46.2436,0.8678,3.7333
46.2438,0.7965,3.4216
46.2440,0.8334,3.5819
46.2442,0.8489,3.6467
46.2444,0.8336,3.5863
46.2446,0.7797,3.3541
46.2448,0.8292,3.5605
46.2450,0.8311,3.5771
46.2452,0.7438,3.1999
46.2454,0.7739,3.3278
46.2456,0.7673,3.2995
46.2458,0.7712,3.3129
46.2460,0.8233,3.5353
46.2462,0.8448,3.6309
46.2464,0.8605,3.6967
46.2466,0.8528,3.6671
46.2468,0.7726,3.3252
46.2470,0.7527,3.2411
46.2472,0.6875,2.9602
46.2474,0.668,2.8779
46.2476,0.6692,2.8844
46.2478,0.6443,2.7769
46.2480,0.584,2.5192
46.2482,0.5758,2.4852
46.2484,0.5799,2.5005
46.2486,0.6015,2.5936
46.2488,0.6331,2.7275
46.2490,0.6334,2.7273
46.2492,0.6341,2.7291
46.2494,0.7225,3.1109
46.2496,0.724,3.1162
46.2498,0.7216,3.1073
46.2500,0.6522,2.811
46.2502,0.6444,2.7761
46.2504,0.6469,2.7882
46.2506,0.6445,2.7766
46.2508,0.6337,2.7301
46.2510,0.6444,2.7774
46.2512,0.6455,2.7833
46.2514,0.651,2.8032
46.2516,0.6412,2.7647
46.2518,0.5867,2.5276
46.2520,0.6107,2.6322
46.2522,0.5725,2.465
46.2524,0.609,2.6261
46.2526,0.575,2.4793
46.2528,0.6028,2.6017
46.2530,0.5364,2.3117
46.2532,0.5738,2.4753
46.2534,0.534,2.3035
46.2536,0.5294,2.2839
46.2538,0.5274,2.274
46.2540,0.5255,2.2668
46.2542,0.5273,2.2767
46.2544,0.5304,2.287
46.2546,0.5645,2.4354
46.2548,0.5186,2.2363
46.2550,0.5221,2.2492
46.2552,0.6072,2.6172
46.2554,0.61,2.6266
46.2556,0.634,2.7299
46.2558,0.6018,2.5951
46.2560,0.5861,2.5239
46.2562,0.6757,2.9109
46.2564,0.6189,2.6698
46.2566,0.5685,2.448
46.2568,0.5867,2.5265
46.2570,0.6283,2.7069
46.2572,0.6499,2.796
46.2574,0.6686,2.8778
46.2576,0.684,2.9397
46.2578,0.6982,3.0066
46.2580,0.6857,2.9524
46.2582,0.6701,2.8853
46.2584,0.64,2.7544
46.2586,0.6389,2.7485
46.2588,0.6833,2.938
46.2590,0.6828,2.9428
46.2592,0.6239,2.6878
46.2594,0.6611,2.8439
46.2596,0.72,3.0943
46.2598,0.7769,3.3407
46.2600,0.7568,3.2541
46.2602,0.742,3.1951
46.2604,0.6559,2.8218
46.2606,0.6714,2.8923
46.2608,0.6052,2.6048
46.2610,0.6468,2.7864
46.2612,0.6014,2.5906
46.2614,0.6558,2.8186
46.2616,0.749,3.2176
46.2618,0.7836,3.3696
46.2620,0.7566,3.2581
46.2622,0.6935,2.9846
46.2624,0.775,3.3278
46.2626,0.812,3.4902
46.2628,0.768,3.3087
46.2630,0.6333,2.7293
46.2632,0.5924,2.5543
46.2634,0.5267,2.272
46.2636,0.4966,2.1411
46.2638,0.5173,2.2275
46.2640,0.6311,2.7188
46.2642,0.6841,2.943
46.2644,0.6897,2.9672
46.2646,0.728,3.1318
46.2648,0.7562,3.2545
46.2650,0.6903,2.974
46.2652,0.6118,2.6344
46.2654,0.609,2.6274
46.2656,0.5305,2.2875
46.2658,0.5551,2.3979
46.2660,0.4649,2.0074
46.2662,0.4507,1.9454
46.2664,0.4571,1.9719
46.2666,0.4661,2.0117
46.2668,0.4498,1.9422
46.2670,0.4467,1.9278
46.2672,0.4494,1.9406
46.2674,0.4585,1.98
46.2676,0.4667,2.0161
46.2678,0.4559,1.9668
46.2680,0.5124,2.2063
46.2682,0.6074,2.6189
46.2684,0.5262,2.2699
46.2686,0.4996,2.1531
46.2688,0.5478,2.3575
46.2690,0.6481,2.7895
46.2692,0.6431,2.7691
46.2694,0.6933,2.9813
46.2696,0.7746,3.3278
46.2698,0.7873,3.3808
46.2700,0.7556,3.2535
46.2702,0.6517,2.805
46.2704,0.7146,3.0654
46.2706,0.8303,3.5652
46.2708,0.8357,3.5867
46.2710,0.8876,3.8042
46.2712,0.9201,3.9435
46.2714,0.9248,3.9654
46.2716,0.8824,3.7821
46.2718,0.8619,3.7046
46.2720,0.7759,3.3335
46.2722,0.769,3.3021
46.2724,0.7781,3.3443
46.2726,0.8419,3.6101
46.2728,0.8962,3.843
46.2730,0.9091,3.8907
46.2732,1.0378,4.4419
46.2734,1.0105,4.3269
46.2736,1.03,4.4065
46.2738,1.0788,4.6239
46.2740,1.0541,4.5181
46.2742,0.9845,4.2214
46.2744,0.9184,3.9436
46.2746,0.8858,3.8
46.2748,0.8938,3.8327
46.2750,0.8906,3.8206
46.2752,0.939,4.0228
46.2754,0.9991,4.2842
46.2756,0.921,3.955
46.2758,0.9008,3.8679
46.2760,0.8522,3.6594
46.2762,0.8322,3.5784
46.2764,0.793,3.405
46.2766,0.9034,3.8757
46.2768,0.8943,3.8419
46.2770,0.815,3.5063
46.2772,0.7318,3.1468
46.2774,0.8058,3.4617
46.2776,0.8359,3.5927
46.2778,0.8282,3.5614
46.2780,0.839,3.6011
46.2782,0.8662,3.7231
46.2784,0.7648,3.2902
46.2786,0.7634,3.2824
46.2788,0.8185,3.5213
46.2790,0.7753,3.3293
46.2792,0.8126,3.4927
46.2794,0.8178,3.5133
46.2796,0.8248,3.5448
46.2798,0.8197,3.5264
46.2800,0.7563,3.252
46.2802,0.755,3.2479
46.2804,0.7586,3.2679
46.2806,0.7072,3.0425
46.2808,0.7198,3.0996
46.2810,0.7268,3.1252
46.2812,0.7542,3.2478
46.2814,0.6761,2.9138
46.2816,0.6283,2.7106
46.2818,0.6035,2.6012
46.2820,0.6137,2.6451
46.2822,0.6086,2.6241
46.2824,0.6201,2.67
46.2826,0.707,3.0387
46.2828,0.727,3.1335
46.2830,0.6367,2.743
46.2832,0.6352,2.7363
46.2834,0.5836,2.5177
46.2836,0.5635,2.4308
46.2838,0.5966,2.5736
46.2840,0.5545,2.392
46.2842,0.5553,2.3967
46.2844,0.5704,2.4608
46.2846,0.5693,2.455
46.2848,0.5548,2.3958
46.2850,0.5113,2.2037
46.2852,0.5528,2.387
46.2854,0.488,2.1064
46.2856,0.4982,2.1514
46.2858,0.4557,1.9685
46.2860,0.4511,1.9488
46.2862,0.4505,1.9453
46.2864,0.4596,1.9846
46.2866,0.4643,2.0058
46.2868,0.4533,1.959
46.2870,0.4506,1.9467
46.2872,0.4505,1.9453
46.2874,0.4531,1.9576
46.2876,0.4525,1.955
46.2878,0.4492,1.9387
46.2880,0.4557,1.9639
46.2882,0.5099,2.2006
46.2884,0.4583,1.978
46.2886,0.4536,1.9578
46.2888,0.4461,1.927
46.2890,0.4438,1.9163
46.2892,0.4448,1.9195
46.2894,0.4792,2.0671
46.2896,0.4952,2.1384
46.2898,0.4498,1.9413
46.2900,0.4445,1.9185
46.2902,0.4589,1.9806
46.2904,0.4637,2.0013
46.2906,0.4606,1.9869
46.2908,0.4588,1.9792
46.2910,0.459,1.9811
46.2912,0.4553,1.9651
46.2914,0.4667,2.0133
46.2916,0.4668,2.0157
46.2918,0.4551,1.9622
46.2920,0.4426,1.9111
46.2922,0.4401,1.9002
46.2924,0.4855,2.0945
46.2926,0.5413,2.3318
46.2928,0.5818,2.5053
46.2930,0.5807,2.503
46.2932,0.5695,2.4555
46.2934,0.4997,2.1546
46.2936,0.4541,1.959
46.2938,0.4536,1.9569
46.2940,0.4601,1.9876
46.2942,0.4385,1.8918
46.2944,0.5042,2.1712
46.2946,0.5414,2.3356
46.2948,0.4741,2.0454
46.2950,0.5107,2.2022
46.2952,0.5159,2.2223
46.2954,0.5208,2.2404
46.2956,0.603,2.5943
46.2958,0.6155,2.6528
46.2960,0.6204,2.6691
46.2962,0.6876,2.9566
46.2964,0.6623,2.8504
46.2966,0.6241,2.6851
46.2968,0.662,2.8507
46.2970,0.6064,2.6087
46.2972,0.6123,2.6352
46.2974,0.6504,2.7941
46.2976,0.7141,3.0734
46.2978,0.6767,2.9096
46.2980,0.7207,3.0931
46.2982,0.7447,3.2035
46.2984,0.6624,2.8483
46.2986,0.6697,2.8784
46.2988,0.7217,3.1021
46.2990,0.7054,3.0334
46.2992,0.6903,2.9657
46.2994,0.7737,3.3252
46.2996,0.692,2.9798
46.2998,0.5794,2.4938
46.3000,0.5605,2.4134
46.3002,0.6148,2.6448
46.3004,0.6673,2.8708
46.3006,0.6165,2.6496
46.3008,0.6758,2.9087
46.3010,0.6204,2.6753
46.3012,0.5461,2.3525
46.3014,0.5976,2.5699
46.3016,0.6229,2.6861
46.3018,0.5386,2.3194
46.3020,0.6062,2.6052
46.3022,0.7202,3.0925
46.3024,0.7779,3.3433
46.3026,0.7707,3.3124
46.3028,0.8126,3.4895
46.3030,0.7861,3.3725
46.3032,0.863,3.6937
46.3034,1.0008,4.2834
46.3036,1.0148,4.3454
46.3038,0.9787,4.1909
46.3040,0.9912,4.2542
46.3042,0.8447,3.627
46.3044,0.8791,3.7712
46.3046,0.9058,3.8877
46.3048,0.8485,3.6384
46.3050,0.8266,3.5476
46.3052,0.8557,3.6692
46.3054,0.8405,3.6073
46.3056,0.8032,3.4472
46.3058,0.8894,3.8137
46.3060,0.9654,4.1416
46.3062,0.9091,3.9016
46.3064,0.8727,3.7405
46.3066,0.9044,3.8834
46.3068,0.8382,3.5992
46.3070,0.8285,3.5558
46.3072,0.8286,3.5613
46.3074,0.8162,3.5049
46.3076,0.8014,3.4395
46.3078,0.805,3.4549
46.3080,0.839,3.6061
46.3082,0.7872,3.3819
46.3084,0.7893,3.3954
46.3086,0.7921,3.4062
46.3088,0.7858,3.3789
46.3090,0.7854,3.3773
46.3092,0.8004,3.4402
46.3094,0.771,3.3154
46.3096,0.7901,3.3974
46.3098,0.792,3.4057
46.3100,0.7499,3.2247
46.3102,0.7345,3.1596
46.3104,0.7538,3.2412
46.3106,0.7788,3.349
46.3108,0.7757,3.3324
46.3110,0.7733,3.3221
46.3112,0.7905,3.3911
46.3114,0.8262,3.551
46.3116,0.8143,3.4983
46.3118,0.836,3.5966
46.3120,0.7287,3.1349
46.3122,0.7369,3.17
46.3124,0.7949,3.4149
46.3126,0.8456,3.6294
46.3128,0.8135,3.4947
46.3130,0.7851,3.3773
46.3132,0.7649,3.2861
46.3134,0.7726,3.3221
46.3136,0.7577,3.2582
46.3138,0.7583,3.2638
46.3140,0.7063,3.0384
46.3142,0.7102,3.0569
46.3144,0.6744,2.9039
46.3146,0.6656,2.8675
46.3148,0.6913,2.9739
46.3150,0.6851,2.9471
46.3152,0.6986,3.0096
46.3154,0.6136,2.6446
46.3156,0.5793,2.4968
46.3158,0.5792,2.4916
46.3160,0.7468,3.2053
46.3162,0.8489,3.6518
46.3164,0.7581,3.2628
46.3166,0.7352,3.1613
46.3168,0.7746,3.3309
46.3170,0.7756,3.3366
46.3172,0.7649,3.283
46.3174,0.799,3.434
46.3176,0.8017,3.4442
46.3178,0.8119,3.4864
46.3180,0.801,3.4491
46.3182,0.6828,2.9414
46.3184,0.6311,2.72
46.3186,0.6183,2.6647
46.3188,0.6262,2.6963
46.3190,0.6546,2.8161
46.3192,0.6783,2.9182
46.3194,0.7331,3.151
46.3196,0.7858,3.3836
46.3198,0.7143,3.073
46.3200,0.6885,2.969
46.3202,0.5716,2.466
46.3204,0.5468,2.3578
46.3206,0.6139,2.6449
46.3208,0.6315,2.7216
46.3210,0.5656,2.439
46.3212,0.5521,2.3805
46.3214,0.5641,2.4334
46.3216,0.5666,2.4408
46.3218,0.6244,2.6873
46.3220,0.661,2.8474
46.3222,0.6606,2.8445
46.3224,0.6391,2.7483
46.3226,0.6581,2.8376
46.3228,0.5415,2.3361
46.3230,0.5342,2.3035
46.3232,0.5336,2.302
46.3234,0.5655,2.4396
46.3236,0.5517,2.3812
46.3238,0.5251,2.2642
46.3240,0.5368,2.3127
46.3242,0.5984,2.5801
46.3244,0.5376,2.318
46.3246,0.5282,2.2787
46.3248,0.5247,2.2648
46.3250,0.5257,2.2668
46.3252,0.5292,2.2828
46.3254,0.5311,2.289
46.3256,0.616,2.6512
46.3258,0.707,3.0415
46.3260,0.7112,3.0624
46.3262,0.6488,2.7952
46.3264,0.5692,2.4568
46.3266,0.5225,2.2528
46.3268,0.551,2.3737
46.3270,0.5611,2.4193
46.3272,0.5633,2.4291
46.3274,0.5769,2.483
46.3276,0.5854,2.5231
46.3278,0.5661,2.4388
46.3280,0.6121,2.6347
46.3282,0.6494,2.8004
46.3284,0.6076,2.6163
46.3286,0.6167,2.6518
46.3288,0.672,2.8909
46.3290,0.6448,2.7764
46.3292,0.6352,2.7338
46.3294,0.6371,2.7446
46.3296,0.5886,2.5359
46.3298,0.5834,2.5155
46.3300,0.5753,2.4797
46.3302,0.5589,2.41
46.3304,0.5017,2.1634
46.3306,0.5576,2.3999
46.3308,0.6292,2.7067
46.3310,0.6608,2.8389
46.3312,0.7323,3.1562
46.3314,0.5563,2.3997
46.3316,0.4946,2.1329
46.3318,0.4932,2.1277
46.3320,0.4896,2.1121
46.3322,0.4847,2.0909
46.3324,0.5448,2.3446
46.3326,0.6074,2.6189
46.3328,0.4878,2.1053
46.3330,0.4943,2.1333
46.3332,0.4721,2.0366
46.3334,0.4704,2.0265
46.3336,0.534,2.3046
46.3338,0.4842,2.0908
46.3340,0.476,2.0537
46.3342,0.4883,2.1035
46.3344,0.5259,2.2657
46.3346,0.5587,2.4067
46.3348,0.613,2.6395
46.3350,0.5943,2.5578
46.3352,0.6403,2.7585
46.3354,0.6258,2.691
46.3356,0.6864,2.95
46.3358,0.7433,3.1934
46.3360,0.7371,3.1636
46.3362,0.777,3.3319
46.3364,0.8322,3.5767
46.3366,0.8028,3.4473
46.3368,0.8196,3.5193
46.3370,0.8736,3.7441
46.3372,0.9061,3.8815
46.3374,0.9293,3.9886
46.3376,0.9049,3.8782
46.3378,0.9297,3.9865
46.3380,0.8959,3.8432
46.3382,0.8721,3.7431
46.3384,0.8379,3.5965
46.3386,0.8652,3.7115
46.3388,0.8662,3.711
46.3390,1.0312,4.4034
46.3392,1.1675,4.9851
46.3394,1.1026,4.7235
46.3396,0.9776,4.1882
46.3398,0.9944,4.2601
46.3400,1.0714,4.5921
46.3402,1.0071,4.3186
46.3404,0.9528,4.0819
46.3406,0.951,4.0761
46.3408,0.9758,4.1864
46.3410,0.919,3.9425
46.3412,0.9292,3.9863
46.3414,0.8873,3.8085
46.3416,0.8469,3.6384
46.3418,0.8276,3.5572
46.3420,0.8108,3.4801
46.3422,0.8793,3.774
46.3424,0.9332,4.007
46.3426,0.8472,3.6446
46.3428,0.7546,3.2448
46.3430,0.747,3.2123
46.3432,0.758,3.2577
46.3434,0.8349,3.5853
46.3436,0.9035,3.878
46.3438,0.8903,3.8214
46.3440,0.8666,3.7247
46.3442,0.7619,3.2778
46.3444,0.8012,3.4454
46.3446,0.8078,3.4721
46.3448,0.8065,3.4697
46.3450,0.7038,3.0304
46.3452,0.7387,3.1762
46.3454,0.772,3.3211
46.3456,0.7075,3.0506
46.3458,0.6403,2.7585
46.3460,0.7415,3.1886
46.3462,0.7797,3.3526
46.3464,0.7848,3.3747
46.3466,0.7947,3.4186
46.3468,0.6511,2.8063
46.3470,0.5918,2.5517
46.3472,0.6016,2.5917
46.3474,0.6545,2.8208
46.3476,0.613,2.6432
46.3478,0.5886,2.5394
46.3480,0.5913,2.5473
46.3482,0.6307,2.7159
46.3484,0.6707,2.8879
46.3486,0.6791,2.924
46.3488,0.6361,2.7417
46.3490,0.5901,2.5433
46.3492,0.5922,2.5526
46.3494,0.5952,2.5667
46.3496,0.5719,2.4647
46.3498,0.5716,2.4637
46.3500,0.6184,2.6628
46.3502,0.6798,2.9244
46.3504,0.7472,3.2203
46.3506,0.6536,2.8172
46.3508,0.5999,2.5856
46.3510,0.5915,2.5518
46.3512,0.5685,2.4514
46.3514,0.5967,2.5705
46.3516,0.5922,2.5538
46.3518,0.483,2.0866
46.3520,0.4195,1.812
46.3522,0.4245,1.8329
46.3524,0.4885,2.1055
46.3526,0.542,2.3393
46.3528,0.4632,1.9993
46.3530,0.4498,1.9422
46.3532,0.4546,1.9638
46.3534,0.4529,1.9547
46.3536,0.4555,1.9652
46.3538,0.5113,2.2078
46.3540,0.4687,2.0249
46.3542,0.4597,1.9815
46.3544,0.4921,2.125
46.3546,0.446,1.9247
46.3548,0.4914,2.1199
46.3550,0.4817,2.0799
46.3552,0.4473,1.9295
46.3554,0.4641,2.001
46.3556,0.4951,2.1369
46.3558,0.4474,1.93
46.3560,0.4591,1.9798
46.3562,0.5004,2.1597
46.3564,0.5204,2.2409
46.3566,0.6044,2.5999
46.3568,0.644,2.7746
46.3570,0.6101,2.6284
46.3572,0.5872,2.5285
46.3574,0.5731,2.4699
46.3576,0.5774,2.4885
46.3578,0.5711,2.4628
46.3580,0.5889,2.5334
46.3582,0.6357,2.7409
46.3584,0.5643,2.4333
46.3586,0.53,2.2843
46.3588,0.5856,2.5195
46.3590,0.6396,2.7516
46.3592,0.6674,2.8739
46.3594,0.6861,2.9518
46.3596,0.6739,2.8991
46.3598,0.6355,2.7379
46.3600,0.5654,2.4357
46.3602,0.5933,2.5537
46.3604,0.6409,2.7598
46.3606,0.5725,2.4707
46.3608,0.5028,2.166
46.3610,0.5896,2.5377
46.3612,0.5968,2.5722
46.3614,0.5575,2.4016
46.3616,0.5349,2.3045
46.3618,0.5962,2.5684
46.3620,0.5714,2.4604
46.3622,0.5803,2.4962
46.3624,0.6265,2.6954
46.3626,0.6494,2.7965
46.3628,0.6604,2.8422
46.3630,0.6456,2.7787
46.3632,0.6148,2.6473
46.3634,0.6647,2.8501
46.3636,0.7975,3.4246
46.3638,0.7632,3.2789
46.3640,0.7454,3.2051
46.3642,0.6973,3.0053
46.3644,0.6221,2.675
46.3646,0.7244,3.1149
46.3648,0.7102,3.0597
46.3650,0.6162,2.6522
46.3652,0.5723,2.4656
46.3654,0.5677,2.4455
46.3656,0.6184,2.6615
46.3658,0.6498,2.8006
46.3660,0.5217,2.2508
46.3662,0.4765,2.0557
46.3664,0.4697,2.0253
46.3666,0.4975,2.1463
46.3668,0.5222,2.2508
46.3670,0.537,2.3132
46.3672,0.5669,2.4447
46.3674,0.4702,2.0293
46.3676,0.489,2.1086
46.3678,0.5334,2.2977
46.3680,0.5544,2.3904
46.3682,0.4799,2.0702
46.3684,0.5279,2.275
46.3686,0.578,2.4853
46.3688,0.646,2.7776
46.3690,0.7056,3.0297
46.3692,0.7539,3.2372
46.3694,0.7939,3.4107
46.3696,0.7914,3.3983
46.3698,0.7743,3.3325
46.3700,0.6505,2.7959
46.3702,0.7709,3.3072
46.3704,0.7818,3.3587
46.3706,0.7582,3.2588
46.3708,0.7493,3.2176
46.3710,0.7857,3.3768
46.3712,0.77,3.3108
46.3714,0.7406,3.183
46.3716,0.755,3.2388
46.3718,0.8423,3.6116
46.3720,0.8907,3.8193
46.3722,0.9159,3.9237
46.3724,0.9496,4.0699
46.3726,0.9315,3.9942
46.3728,0.9756,4.1873
46.3730,0.8583,3.6891
46.3732,0.7872,3.3803
46.3734,0.8077,3.4732
46.3736,0.8101,3.4787
46.3738,0.8495,3.6459
46.3740,0.8393,3.6021
46.3742,0.9272,3.9757
46.3744,0.9489,4.0744
46.3746,0.7927,3.4088
46.3748,0.7991,3.4297
46.3750,0.8449,3.6246
46.3752,0.8367,3.593
46.3754,0.8421,3.6145
46.3756,0.8971,3.8484
46.3758,0.8798,3.7814
46.3760,0.8453,3.6245
46.3762,0.8896,3.82
46.3764,0.8649,3.7123
46.3766,0.8701,3.7344
46.3768,0.7949,3.4149
46.3770,0.79,3.3937
46.3772,0.8594,3.6903
46.3774,0.8595,3.6891
46.3776,0.8648,3.7135
46.3778,0.8507,3.6544
46.3780,0.8507,3.6544
46.3782,0.8125,3.4906
46.3784,0.839,3.6028
46.3786,0.8498,3.6491
46.3788,0.8538,3.6695
46.3790,0.869,3.7315
46.3792,0.8694,3.7278
46.3794,0.9358,4.0108
46.3796,0.9609,4.1201
46.3798,0.9594,4.112
46.3800,0.9821,4.2111
46.3802,0.9317,4.0026
46.3804,0.816,3.5104
46.3806,0.7734,3.3273
46.3808,0.8032,3.4472
46.3810,0.88,3.7753
46.3812,0.873,3.7555
46.3814,0.7584,3.2628
46.3816,0.7866,3.3809
46.3818,0.8381,3.5936
46.3820,0.9523,4.0855
46.3822,1.0065,4.316
46.3824,0.904,3.8855
46.3826,0.7369,3.1729
46.3828,0.6813,2.9352
46.3830,0.68,2.9295
46.3832,0.665,2.8623
46.3834,0.6713,2.8918
46.3836,0.7059,3.0439
46.3838,0.6258,2.6973
46.3840,0.5967,2.5765
46.3842,0.5661,2.4399
46.3844,0.603,2.6003
46.3846,0.5491,2.3676
46.3848,0.5347,2.3088
46.3850,0.5606,2.4184
46.3852,0.5413,2.3351
46.3854,0.5414,2.3334
46.3856,0.615,2.6532
46.3858,0.5493,2.3687
46.3860,0.5427,2.3413
46.3862,0.5317,2.2948
46.3864,0.5275,2.2756
46.3866,0.5273,2.2767
46.3868,0.528,2.2777
46.3870,0.5326,2.3
46.3872,0.5268,2.2735
46.3874,0.5256,2.2663
46.3876,0.5263,2.2694
46.3878,0.5793,2.4956
46.3880,0.6438,2.7697
46.3882,0.6992,3.0122
46.3884,0.5789,2.4929
46.3886,0.5892,2.542
46.3888,0.5859,2.5252
46.3890,0.6204,2.6728
46.3892,0.5749,2.4799
46.3894,0.5294,2.2839
46.3896,0.5234,2.258
46.3898,0.5276,2.274
46.3900,0.5301,2.288
46.3902,0.5263,2.2725
46.3904,0.5209,2.2482
46.3906,0.521,2.2466
46.3908,0.5249,2.2642
46.3910,0.5384,2.3205
46.3912,0.5302,2.2864
46.3914,0.5237,2.258
46.3916,0.5358,2.3092
46.3918,0.5426,2.3397
46.3920,0.5472,2.3572
46.3922,0.6382,2.7429
46.3924,0.7494,3.2256
46.3926,0.6908,2.976
46.3928,0.6421,2.7624
46.3930,0.599,2.5827
46.3932,0.5433,2.3417
46.3934,0.5277,2.2756
46.3936,0.525,2.2647
46.3938,0.5283,2.2771
46.3940,0.5326,2.2968
46.3942,0.5638,2.4312
46.3944,0.5715,2.4632
46.3946,0.5361,2.3107
46.3948,0.6159,2.6519
46.3950,0.6565,2.8243
46.3952,0.6865,2.9574
46.3954,0.6526,2.8099
46.3956,0.6695,2.8787
46.3958,0.6723,2.8938
46.3960,0.6984,3.003
46.3962,0.6788,2.9189
46.3964,0.6803,2.9278
46.3966,0.7048,3.0308
46.3968,0.7354,3.1594
46.3970,0.8225,3.5284
46.3972,0.924,3.9641
46.3974,0.8784,3.7699
46.3976,0.8355,3.5828
46.3978,0.9071,3.8862
46.3980,0.9621,4.1272
46.3982,0.8496,3.6532
46.3984,0.7342,3.1586
46.3986,0.7407,3.188
46.3988,0.7447,3.1975
46.3990,0.7786,3.3479
46.3992,0.6583,2.8347
46.3994,0.6028,2.5993
46.3996,0.5606,2.4139
46.3998,0.6187,2.6631
46.4000,0.5946,2.5641
46.4002,0.6028,2.5993
46.4004,0.5828,2.5106
46.4006,0.6167,2.6568
46.4008,0.5936,2.5535
46.4010,0.6897,2.9686
46.4012,0.674,2.901
46.4014,0.6468,2.7826
46.4016,0.6559,2.8231
46.4018,0.6457,2.7779
46.4020,0.7021,3.0204
46.4022,0.7104,3.0531
46.4024,0.7426,3.1947
46.4026,0.7119,3.0598
46.4028,0.7791,3.3438
46.4030,0.8161,3.5028
46.4032,0.7973,3.4252
46.4034,0.8387,3.6029
46.4036,0.8768,3.7597
46.4038,0.8926,3.8311
46.4040,0.8859,3.7988
46.4042,0.9312,3.9913
46.4044,0.9108,3.9057
46.4046,0.9005,3.8633
46.4048,0.8875,3.8072
46.4050,0.8953,3.8407
46.4052,0.9315,3.9979
46.4054,0.9281,3.9835
46.4056,0.8797,3.772
46.4058,0.8931,3.8296
46.4060,0.8834,3.7986
46.4062,0.8219,3.5357
46.4064,0.8327,3.5755
46.4066,0.8968,3.8492
46.4068,0.8283,3.5652
46.4070,0.7533,3.2391
46.4072,0.7492,3.2231
46.4074,0.7462,3.2087
46.4076,0.7291,3.1379
46.4078,0.6743,2.902
46.4080,0.7017,3.0188
46.4082,0.7715,3.3144
46.4084,0.812,3.4885
46.4086,0.8589,3.6865
46.4088,0.8427,3.6204
46.4090,0.8078,3.477
46.4092,0.7223,3.109
46.4094,0.7076,3.0441
46.4096,0.7141,3.0748
46.4098,0.703,3.0273
46.4100,0.6702,2.8872
46.4102,0.6588,2.8341
46.4104,0.6734,2.8998
46.4106,0.6737,2.9035
46.4108,0.6237,2.6892
46.4110,0.6437,2.7704
46.4112,0.6743,2.9034
46.4114,0.6818,2.9332
46.4116,0.7719,3.3144
46.4118,0.839,3.6078
46.4120,0.746,3.2107
46.4122,0.7478,3.2214
46.4124,0.6424,2.7673
46.4126,0.6174,2.6574
46.4128,0.6841,2.9457
46.4130,0.6774,2.9182
46.4132,0.6577,2.8295
46.4134,0.742,3.1877
46.4136,0.7998,3.4344
46.4138,0.8044,3.4572
46.4140,0.7869,3.3835
46.4142,0.7634,3.287
46.4144,0.6881,2.9586
46.4146,0.7005,3.0151
46.4148,0.6974,3.0058
46.4150,0.6136,2.6458
46.4152,0.6016,2.5929
46.4154,0.6702,2.8791
46.4156,0.743,3.2022
46.4158,0.6184,2.6652
46.4160,0.6165,2.6545
46.4162,0.6799,2.9263
46.4164,0.6932,2.9863
46.4166,0.6246,2.6896
46.4168,0.6877,2.964
46.4170,0.6474,2.7838
46.4172,0.6889,2.9664
46.4174,0.6289,2.7132
46.4176,0.5757,2.4836
46.4178,0.5746,2.4743
46.4180,0.6269,2.6994
46.4182,0.6089,2.6232
46.4184,0.6088,2.6239
46.4186,0.5496,2.3708
46.4188,0.5451,2.3506
46.4190,0.5714,2.4638
46.4192,0.5534,2.3862
46.4194,0.568,2.4527
46.4196,0.548,2.3619
46.4198,0.5708,2.4601
46.4200,0.5526,2.3815
46.4202,0.5656,2.439
46.4204,0.5656,2.4344
46.4206,0.636,2.7399
46.4208,0.5834,2.5167
46.4210,0.5599,2.4153
46.4212,0.5581,2.4053
46.4214,0.5529,2.3831
46.4216,0.5541,2.3893
46.4218,0.5237,2.259
46.4220,0.4728,2.0407
46.4222,0.465,2.0079
46.4224,0.4758,2.0526
46.4226,0.5286,2.2803
46.4228,0.5609,2.4188
46.4230,0.5505,2.3705
46.4232,0.5617,2.4208
46.4234,0.5671,2.4452
46.4236,0.5503,2.3706
46.4238,0.5576,2.4021
46.4240,0.5591,2.4133
46.4242,0.4861,2.0991
46.4244,0.4495,1.9394
46.4246,0.4577,1.9745
46.4248,0.5117,2.2053
46.4250,0.51,2.2021
46.4252,0.4686,2.0207
46.4254,0.5156,2.2213
46.4256,0.5588,2.4061
46.4258,0.6044,2.6048
46.4260,0.5699,2.4553
46.4262,0.5562,2.3992
46.4264,0.4711,2.0334
46.4266,0.4952,2.1355
46.4268,0.4895,2.1106
46.4270,0.4546,1.9611
46.4272,0.4542,1.9613
46.4274,0.4479,1.933
46.4276,0.447,1.9303
46.4278,0.4661,2.0079
46.4280,0.5602,2.4157
46.4282,0.5587,2.4034
46.4284,0.5855,2.5225
46.4286,0.5193,2.2373
46.4288,0.5359,2.3118
46.4290,0.4912,2.1179
46.4292,0.4944,2.1318
46.4294,0.4862,2.0976
46.4296,0.4944,2.1308
46.4298,0.5352,2.3044
46.4300,0.6041,2.6013
46.4302,0.5999,2.582
46.4304,0.6523,2.8037
46.4306,0.7252,3.1127
46.4308,0.7468,3.2113
46.4310,0.6574,2.8293
46.4312,0.6448,2.7764
46.4314,0.6261,2.6946
46.4316,0.6407,2.755
46.4318,0.6265,2.6954
46.4320,0.7202,3.0911
46.4322,0.7953,3.4101
46.4324,0.8286,3.558
46.4326,0.7995,3.4328
46.4328,0.7755,3.3407
46.4330,0.6003,2.5884
46.4332,0.5004,2.1577
46.4334,0.484,2.0869
46.4336,0.4831,2.0842
46.4338,0.4744,2.0455
46.4340,0.4842,2.0869
46.4342,0.5187,2.2337
46.4344,0.6522,2.8058
46.4346,0.6729,2.8964
46.4348,0.624,2.6833
46.4350,0.6776,2.9124
46.4352,0.7349,3.1573
46.4354,0.766,3.2877
46.4356,0.7521,3.231
46.4358,0.748,3.2105
46.4360,0.7972,3.4278
46.4362,0.7746,3.3278
46.4364,0.7803,3.352
46.4366,0.8119,3.4848
46.4368,0.8926,3.8276
46.4370,0.9332,3.9958
46.4372,1.0068,4.309
46.4374,1.0785,4.6116
46.4376,1.0657,4.561
46.4378,1.0577,4.5293
46.4380,1.0215,4.3721
46.4382,1.0739,4.6029
46.4384,0.9489,4.0725
46.4386,0.8484,3.6412
46.4388,0.8168,3.5108
46.4390,0.8027,3.4516
46.4392,0.8041,3.4545
46.4394,0.8044,3.4588
46.4396,0.7871,3.3782
46.4398,0.8809,3.7789
46.4400,0.9106,3.9047
46.4402,0.9081,3.8939
46.4404,0.9188,3.936
46.4406,0.9838,4.2164
46.4408,0.9888,4.2439
46.4410,0.9095,3.9001
46.4412,0.8975,3.8504
46.4414,0.9051,3.881
46.4416,0.9206,3.9492
46.4418,0.9031,3.8723
46.4420,0.9455,4.0524
46.4422,0.9617,4.1237
46.4424,0.9853,4.229
46.4426,0.9178,3.9374
46.4428,0.9164,3.9294
46.4430,0.9639,4.1311
46.4432,0.9356,4.0173
46.4434,0.8478,3.6471
46.4436,0.7918,3.4078
46.4438,0.7598,3.27
46.4440,0.6948,2.9917
46.4442,0.7399,3.1829
46.4444,0.7685,3.3046
46.4446,0.7309,3.1442
46.4448,0.69,2.9683
46.4450,0.7758,3.3392
46.4452,0.736,3.1693
46.4454,0.7437,3.1949
46.4456,0.7979,3.4325
46.4458,0.7942,3.415
46.4460,0.7865,3.3788
46.4462,0.8159,3.5083
46.4464,0.7765,3.3392
46.4466,0.765,3.2912
46.4468,0.764,3.2865
46.4470,0.7765,3.3423
46.4472,0.7815,3.3619
46.4474,0.6976,3.0082
46.4476,0.5984,2.5801
46.4478,0.5903,2.5431
46.4480,0.6364,2.7402
46.4482,0.6468,2.7851
46.4484,0.721,3.1033
46.4486,0.711,3.0585
46.4488,0.7297,3.1448
46.4490,0.6505,2.8037
46.4492,0.6263,2.6993
46.4494,0.6305,2.7162
46.4496,0.6437,2.773
46.4498,0.6496,2.7996
46.4500,0.6439,2.7779
46.4502,0.586,2.5269
46.4504,0.6256,2.6937
46.4506,0.6449,2.7795
46.4508,0.5661,2.441
46.4510,0.5277,2.2777
46.4512,0.5233,2.2575
46.4514,0.5285,2.2819
46.4516,0.5314,2.2927
46.4518,0.594,2.5591
46.4520,0.5952,2.5679
46.4522,0.5404,2.3325
46.4524,0.544,2.3459
46.4526,0.5414,2.3345
46.4528,0.5389,2.3237
46.4530,0.5326,2.2968
46.4532,0.5316,2.2943
46.4534,0.5395,2.3284
46.4536,0.5371,2.3181
46.4538,0.538,2.32
46.4540,0.5263,2.2694
46.4542,0.545,2.35
46.4544,0.5211,2.2471
46.4546,0.5792,2.4928
46.4548,0.5812,2.5062
46.4550,0.5614,2.4186
46.4552,0.644,2.772
46.4554,0.6878,2.9659
46.4556,0.5861,2.5274
46.4558,0.6,2.585
46.4560,0.6268,2.6977
46.4562,0.6375,2.7423
46.4564,0.6539,2.8156
46.4566,0.6816,2.9321
46.4568,0.696,2.9968
46.4570,0.6504,2.7993
46.4572,0.6805,2.9275
46.4574,0.6921,2.9817
46.4576,0.6155,2.6504
46.4578,0.6083,2.6206
46.4580,0.616,2.6524
46.4582,0.6515,2.8027
46.4584,0.7184,3.0862
46.4586,0.7997,3.4371
46.4588,0.7348,3.1612
46.4590,0.7295,3.14
46.4592,0.7165,3.078
46.4594,0.7516,3.2364
46.4596,0.6939,2.9867
46.4598,0.6907,2.9714
46.4600,0.7463,3.2062
46.4602,0.7777,3.3428
46.4604,0.7309,3.1471
46.4606,0.6711,2.89
46.4608,0.7004,3.0103
46.4610,0.7822,3.3587
46.4612,0.8093,3.4767
46.4614,0.753,3.2411
46.4616,0.6824,2.9371
46.4618,0.71,3.0544
46.4620,0.71,3.0587
46.4622,0.6837,2.9427
46.4624,0.7337,3.1492
46.4626,0.8281,3.5558
46.4628,0.8449,3.633
46.4630,0.789,3.3927
46.4632,0.778,3.3484
46.4634,0.7693,3.3051
46.4636,0.7993,3.4355
46.4638,0.7878,3.3891
46.4640,0.686,2.9526
46.4642,0.6913,2.9711
46.4644,0.7211,3.1052
46.4646,0.6727,2.9033
46.4648,0.5158,2.2274
46.4650,0.4806,2.0733
46.4652,0.523,2.2564
46.4654,0.5115,2.2088
46.4656,0.4756,2.0535
46.4658,0.4656,2.0086
46.4660,0.4667,2.0124
46.4662,0.4629,1.9986
46.4664,0.4467,1.9269
46.4666,0.5605,2.4178
46.4668,0.5149,2.2243
46.4670,0.4251,1.8346
46.4672,0.4661,2.0116
46.4674,0.5233,2.2575
46.4676,0.5039,2.1747
46.4678,0.4935,2.1292
46.4680,0.5878,2.5287
46.4682,0.6789,2.9235
46.4684,0.6488,2.7926
46.4686,0.6949,2.988
46.4688,0.6943,2.984
46.4690,0.7873,3.3761
46.4692,0.8901,3.8203
46.4694,0.7986,3.4308
46.4696,0.8426,3.6198
46.4698,0.8378,3.5992
46.4700,0.8492,3.6414
46.4702,0.9014,3.8668
46.4704,0.9281,3.9853
46.4706,0.8481,3.6367
46.4708,0.927,3.9732
46.4710,0.9341,4.0054
46.4712,0.9504,4.0772
46.4714,0.9625,4.1234
46.4716,0.9972,4.2679
46.4718,1.0125,4.3417
46.4720,1.0347,4.4285
46.4722,1.0554,4.5194
46.4724,1.0429,4.4655
46.4726,1.0625,4.5476
46.4728,1.0587,4.5375
46.4730,0.9769,4.1968
46.4732,0.9009,3.8648
46.4734,0.9012,3.8771
46.4736,0.7102,3.0582
46.4738,0.7077,3.0431
46.4740,0.7487,3.2195
46.4742,0.7548,3.2473
46.4744,0.7214,3.1062
46.4746,0.7252,3.1199
46.4748,0.7463,3.2107
46.4750,0.7382,3.18
46.4752,0.7174,3.082
46.4754,0.7978,3.4288
46.4756,0.7708,3.3128
46.4758,0.7512,3.2333
46.4760,0.7469,3.2117
46.4762,0.7968,3.423
46.4764,0.8172,3.5123
46.4766,0.8156,3.5039
46.4768,0.8258,3.551
46.4770,0.8282,3.5547
46.4772,0.8583,3.6856
46.4774,0.8786,3.7744
46.4776,0.8095,3.4841
46.4778,0.7376,3.173
46.4780,0.8234,3.5374
46.4782,0.8487,3.6478
46.4784,0.7419,3.1931
46.4786,0.7472,3.2098
46.4788,0.8105,3.4834
46.4790,0.7347,3.1606
46.4792,0.7232,3.1096
46.4794,0.7811,3.354
46.4796,0.8914,3.8295
46.4798,0.8892,3.8184
46.4800,0.8225,3.5366
46.4802,0.7904,3.3989
46.4804,0.7912,3.4036
46.4806,0.8148,3.5036
46.4808,0.7528,3.2415
46.4810,0.7307,3.1436
46.4812,0.822,3.5362
46.4814,0.8085,3.4751
46.4816,0.8068,3.4706
46.4818,0.744,3.2038
46.4820,0.6918,2.9801
46.4822,0.623,2.6853
46.4824,0.6207,2.6762
46.4826,0.6418,2.7672
46.4828,0.6494,2.7977
46.4830,0.6886,2.9653
46.4832,0.6412,2.7647
46.4834,0.5489,2.3671
46.4836,0.5306,2.2911
46.4838,0.4423,1.9127
46.4840,0.4427,1.9116
46.4842,0.5147,2.2223
46.4844,0.4621,1.9964
46.4846,0.4492,1.9405
46.4848,0.4499,1.9427
46.4850,0.4531,1.9576
46.4852,0.46,1.9843
46.4854,0.5112,2.2052
46.4856,0.4856,2.0989
46.4858,0.4504,1.9465
46.4860,0.4487,1.9384
46.4862,0.4506,1.9458
46.4864,0.4499,1.9436
46.4866,0.4461,1.9261
46.4868,0.4674,2.0155
46.4870,0.5233,2.2575
46.4872,0.4828,2.0836
46.4874,0.4534,1.9577
46.4876,0.5037,2.1741
46.4878,0.4534,1.9586
46.4880,0.4534,1.9577
46.4882,0.4505,1.9444
46.4884,0.444,1.9164
46.4886,0.4831,2.0822
46.4888,0.5142,2.2181
46.4890,0.4588,1.981
46.4892,0.448,1.9362
46.4894,0.4439,1.9177
46.4896,0.4427,1.9107
46.4898,0.4438,1.9163
46.4900,0.4505,1.9444
46.4902,0.4609,1.9894
46.4904,0.4477,1.9316
46.4906,0.4435,1.9161
46.4908,0.4696,2.0266
46.4910,0.4624,1.9965
46.4912,0.4517,1.9468
46.4914,0.5196,2.2393
46.4916,0.5546,2.3891
46.4918,0.5876,2.5277
46.4920,0.6025,2.597
46.4922,0.5525,2.3815
46.4924,0.5382,2.3184
46.4926,0.5113,2.2067
46.4928,0.4579,1.9783
46.4930,0.4658,2.0115
46.4932,0.4576,1.9749
46.4934,0.4507,1.9436
46.4936,0.4862,2.0937
46.4938,0.5379,2.3152
46.4940,0.603,2.5966
46.4942,0.5706,2.4584
46.4944,0.5296,2.2838
46.4946,0.5355,2.3102
46.4948,0.5178,2.2305
46.4950,0.5758,2.4794
46.4952,0.6366,2.7374
46.4954,0.7117,3.0602
46.4956,0.6786,2.9178
46.4958,0.6908,2.9677
46.4960,0.7597,3.2639
46.4962,0.7078,3.0422
46.4964,0.7613,3.2721
46.4966,0.7565,3.2545
46.4968,0.703,3.0188
46.4970,0.739,3.1777
46.4972,0.7039,3.0309
46.4974,0.6073,2.614
46.4976,0.5841,2.5185
46.4978,0.5762,2.4833
46.4980,0.5765,2.4802
46.4982,0.6587,2.8323
46.4984,0.6997,3.0128
46.4986,0.6329,2.7239
46.4988,0.6711,2.8818
46.4990,0.6949,2.988
46.4992,0.649,2.7918
46.4994,0.6753,2.9053
46.4996,0.6792,2.9218
46.4998,0.6801,2.9232
46.5000,0.6352,2.7375
46.5002,0.5545,2.3886
46.5004,0.5691,2.4482
46.5006,0.6657,2.8627
46.5008,0.715,3.0717
46.5010,0.7599,3.2689
46.5012,0.7214,3.099
46.5014,0.7665,3.2912
46.5016,0.7494,3.2181
46.5018,0.7629,3.2788
46.5020,0.7701,3.3082
46.5022,0.792,3.3961
46.5024,0.851,3.6559
46.5026,0.8095,3.4679
46.5028,0.9776,4.194
46.5030,0.9396,4.0272
46.5032,0.9039,3.8758
46.5034,0.9134,3.9128
46.5036,1.0089,4.3202
46.5038,1.0329,4.4311
46.5040,0.9256,3.9744
46.5042,0.9111,3.9067
46.5044,0.9298,3.9869
46.5046,1.0077,4.313
46.5048,1.092,4.6716
46.5050,1.0769,4.607
46.5052,1.0471,4.4772
46.5054,1.0472,4.4861
46.5056,0.9806,4.2049
46.5058,1.0215,4.3741
46.5060,1.05,4.5068
46.5062,0.8743,3.7611
46.5064,0.7624,3.2798
46.5066,0.7419,3.1916
46.5068,0.7341,3.1551
46.5070,0.7571,3.2571
46.5072,0.7585,3.2618
46.5074,0.7726,3.3236
46.5076,0.7729,3.3252
46.5078,0.7823,3.3623
46.5080,0.825,3.5425
46.5082,0.8648,3.7169
46.5084,0.8432,3.6173
46.5086,0.8557,3.6794
46.5088,0.8123,3.4911
46.5090,0.8505,3.6572
46.5092,0.8139,3.4967
46.5094,0.7597,3.2684
46.5096,0.7834,3.3669
46.5098,0.8553,3.6693
46.5100,0.8849,3.7964
46.5102,0.8691,3.7319
46.5104,0.8475,3.6494
46.5106,0.7397,3.1867
46.5108,0.6807,2.9285
46.5110,0.7446,3.199
46.5112,0.8235,3.5396
46.5114,0.8208,3.5277
46.5116,0.7697,3.3066
46.5118,0.7554,3.2483
46.5120,0.785,3.3741
46.5122,0.7312,3.1486
46.5124,0.6617,2.8504
46.5126,0.6594,2.8393
46.5128,0.6952,2.9909
46.5130,0.7305,3.1455
46.5132,0.6866,2.9551
46.5134,0.6813,2.9324
46.5136,0.676,2.9097
46.5138,0.6726,2.8961
46.5140,0.6925,2.9832
46.5142,0.6913,2.9753
46.5144,0.7149,3.0755
46.5146,0.7463,3.2107
46.5148,0.7289,3.1388
46.5150,0.6364,2.7427
46.5152,0.6269,2.6994
46.5154,0.6981,3.0033
46.5156,0.7362,3.1673
46.5158,0.7769,3.3391
46.5160,0.7973,3.4299
46.5162,0.722,3.1059
46.5164,0.7397,3.1808
46.5166,0.7113,3.0643
46.5168,0.7157,3.0834
46.5170,0.6943,2.9868
46.5172,0.6684,2.8834
46.5174,0.5551,2.3945
46.5176,0.5425,2.3391
46.5178,0.5474,2.3549
46.5180,0.7077,3.046
46.5182,0.6648,2.8679
46.5184,0.5512,2.378
46.5186,0.5389,2.3247
46.5188,0.5362,2.3144
46.5190,0.5661,2.4421
46.5192,0.5671,2.4463
46.5194,0.5366,2.3127
46.5196,0.533,2.2983
46.5198,0.5289,2.2818
46.5200,0.5423,2.3386
46.5202,0.5493,2.3686
46.5204,0.5394,2.3268
46.5206,0.5981,2.5778
46.5208,0.5792,2.4962
46.5210,0.6507,2.7969
46.5212,0.7624,3.2813
46.5214,0.641,2.7654
46.5216,0.5516,2.3806
46.5218,0.5392,2.3263
46.5220,0.5358,2.3123
46.5222,0.537,2.3143
46.5224,0.6053,2.6064
46.5226,0.6096,2.6262
46.5228,0.6234,2.6832
46.5230,0.6612,2.8444
46.5232,0.6403,2.7598
46.5234,0.547,2.3588
46.5236,0.5551,2.3912
46.5238,0.5868,2.5316
46.5240,0.5414,2.3334
46.5242,0.5368,2.3138
46.5244,0.5763,2.4815
46.5246,0.6614,2.8468
46.5248,0.6734,2.8957
46.5250,0.6868,2.9575
46.5252,0.6645,2.8655
46.5254,0.5571,2.4033
46.5256,0.5245,2.2616
46.5258,0.5666,2.4465
46.5260,0.5326,2.2946
46.5262,0.5916,2.5476
46.5264,0.5613,2.4181
46.5266,0.5897,2.5393
46.5268,0.6731,2.9022
46.5270,0.6274,2.7014
46.5272,0.6109,2.6331
46.5274,0.5702,2.4574
46.5276,0.5766,2.4807
46.5278,0.6948,2.9861
46.5280,0.6987,3.0045
46.5282,0.6691,2.8784
46.5284,0.7106,3.0541
46.5286,0.7703,3.3138
46.5288,0.674,2.8982
46.5290,0.6974,3.0002
46.5292,0.735,3.1607
46.5294,0.7382,3.1711
46.5296,0.7006,3.0141
46.5298,0.6621,2.8512
46.5300,0.6686,2.8804
46.5302,0.5945,2.5612
46.5304,0.58,2.4986
46.5306,0.5939,2.5609
46.5308,0.5489,2.3649
46.5310,0.5512,2.3736
46.5312,0.5481,2.3623
46.5314,0.5529,2.3841
46.5316,0.5623,2.4256
46.5318,0.5633,2.4291
46.5320,0.5932,2.5519
46.5322,0.6247,2.6938
46.5324,0.5246,2.2642
46.5326,0.4993,2.153
46.5328,0.5176,2.2331
46.5330,0.4473,1.9295
46.5332,0.4441,1.9187
46.5334,0.4283,1.8486
46.5336,0.4888,2.1055
46.5338,0.5627,2.4265
46.5340,0.54,2.3261
46.5342,0.5615,2.4191
46.5344,0.5955,2.5605
46.5346,0.6836,2.9409
46.5348,0.7071,3.042
46.5350,0.7419,3.1856
46.5352,0.8008,3.432
46.5354,0.8328,3.5759
46.5356,0.8231,3.5342
46.5358,0.8618,3.6954
46.5360,0.8432,3.619
46.5362,0.8542,3.663
46.5364,0.8985,3.8509
46.5366,0.9238,3.9612
46.5368,0.9917,4.2522
46.5370,0.9637,4.1266
46.5372,0.9823,4.2101
46.5374,0.9749,4.1802
46.5376,0.9568,4.0949
46.5378,0.9818,4.2061
46.5380,0.9741,4.1732
46.5382,0.9997,4.2827
46.5384,1.0357,4.4326
46.5386,1.0921,4.67
46.5388,1.1177,4.7837
46.5390,1.0939,4.6842
46.5392,0.9957,4.2657
46.5394,0.9548,4.1001
46.5396,0.8813,3.7845
46.5398,0.9406,4.0369
46.5400,0.996,4.2687
46.5402,0.9569,4.1031
46.5404,0.9083,3.9003
46.5406,0.8901,3.8185
46.5408,0.9174,3.9394
46.5410,0.8408,3.6155
46.5412,0.7681,3.303
46.5414,0.7412,3.1929
46.5416,0.7069,3.0438
46.5418,0.6789,2.9235
46.5420,0.6937,2.9842
46.5422,0.7469,3.2102
46.5424,0.8406,3.6127
46.5426,0.8202,3.5251
46.5428,0.7807,3.3556
46.5430,0.8233,3.5369
46.5432,0.8684,3.7375
46.5434,0.7456,3.2046
46.5436,0.7762,3.3375
46.5438,0.7897,3.3974
46.5440,0.7308,3.15
46.5442,0.648,2.7902
46.5444,0.6804,2.931
46.5446,0.6919,2.9778
46.5448,0.6822,2.936
46.5450,0.6732,2.8973
46.5452,0.7154,3.0804
46.5454,0.6856,2.951
46.5456,0.7027,3.0201
46.5458,0.7944,3.4191
46.5460,0.7498,3.2301
46.5462,0.722,3.1103
46.5464,0.6865,2.9532
46.5466,0.7067,3.0404
46.5468,0.7329,3.1558
46.5470,0.713,3.0687
46.5472,0.6499,2.8037
46.5474,0.6466,2.7828
46.5476,0.7376,3.1745
46.5478,0.6667,2.8748
46.5480,0.5903,2.549
46.5482,0.5841,2.5162
46.5484,0.5928,2.5539
46.5486,0.6013,2.5894
46.5488,0.6015,2.5959
46.5490,0.5534,2.3862
46.5492,0.5843,2.5184
46.5494,0.5724,2.4684
46.5496,0.484,2.0926
46.5498,0.4029,1.7421
46.5500,0.4118,1.7772
46.5502,0.4361,1.884
46.5504,0.4301,1.859
46.5506,0.4359,1.883
46.5508,0.4319,1.865
46.5510,0.4331,1.8702
46.5512,0.4314,1.8647
46.5514,0.4305,1.8605
46.5516,0.4398,1.8992
46.5518,0.432,1.8655
46.5520,0.4301,1.8564
46.5522,0.4271,1.8443
46.5524,0.4258,1.8377
46.5526,0.4323,1.8683
46.5528,0.437,1.8885
46.5530,0.4603,1.9886
46.5532,0.4407,1.9019
46.5534,0.4578,1.9732
46.5536,0.5468,2.3588
46.5538,0.4744,2.0454
46.5540,0.4907,2.1158
46.5542,0.4927,2.1246
46.5544,0.4732,2.0422
46.5546,0.5007,2.1612
46.5548,0.5286,2.2792
46.5550,0.5377,2.3152
46.5552,0.5618,2.419
46.5554,0.5758,2.4817
46.5556,0.5751,2.4775
46.5558,0.5768,2.4812
46.5560,0.6555,2.8149
46.5562,0.7336,3.1604
46.5564,0.6455,2.7833
46.5566,0.6117,2.6314
46.5568,0.6752,2.9034
46.5570,0.6183,2.6634
46.5572,0.5488,2.3632
46.5574,0.5902,2.539
46.5576,0.644,2.7719
46.5578,0.6587,2.8349
46.5580,0.6745,2.9017
46.5582,0.6928,2.9778
46.5584,0.6978,3.0031
46.5586,0.6466,2.7828
46.5588,0.697,2.9986
46.5590,0.6637,2.8539
46.5592,0.6501,2.8008
46.5594,0.5638,2.4312
46.5596,0.5536,2.3861
46.5598,0.5533,2.3857
46.5600,0.5584,2.4068
46.5602,0.5418,2.3328
46.5604,0.5522,2.3799
46.5606,0.5394,2.3246
46.5608,0.5534,2.3818
46.5610,0.5986,2.5775
46.5612,0.6198,2.6677
46.5614,0.6739,2.9004
46.5616,0.6413,2.7562
46.5618,0.7223,3.1046
46.5620,0.783,3.3654
46.5622,0.7361,3.1594
46.5624,0.7409,3.183
46.5626,0.6926,2.9796
46.5628,0.6536,2.8158
46.5630,0.6061,2.6113
46.5632,0.5823,2.5096
46.5634,0.5864,2.5213
46.5636,0.6891,2.9605
46.5638,0.7125,3.0638
46.5640,0.7159,3.0768
46.5642,0.6479,2.791
46.5644,0.6036,2.6004
46.5646,0.5632,2.4308
46.5648,0.4916,2.1199
46.5650,0.4746,2.0474
46.5652,0.4714,2.0335
46.5654,0.4744,2.0454
46.5656,0.4962,2.1366
46.5658,0.4862,2.0986
46.5660,0.4186,1.8042
46.5662,0.5029,2.1685
46.5664,0.5034,2.1706
46.5666,0.5003,2.1561
46.5668,0.5471,2.3582
46.5670,0.4962,2.1395
46.5672,0.5308,2.2858
46.5674,0.6095,2.6221
46.5676,0.6656,2.8608
46.5678,0.665,2.8636
46.5680,0.663,2.8521
46.5682,0.7112,3.0538
46.5684,0.7213,3.1014
46.5686,0.7261,3.1191
46.5688,0.7699,3.3046
46.5690,0.8586,3.6815
46.5692,0.9145,3.9179
46.5694,0.9371,4.0183
46.5696,0.8785,3.7686
46.5698,0.8777,3.7655
46.5700,0.8678,3.7228
46.5702,0.8617,3.6966
46.5704,0.8502,3.6455
46.5706,0.8598,3.6918
46.5708,0.8083,3.4709
46.5710,0.8065,3.4632
46.5712,0.8083,3.4741
46.5714,0.7798,3.3483
46.5716,0.8136,3.4935
46.5718,0.8154,3.4996
46.5720,0.8109,3.4822
46.5722,0.8506,3.6492
46.5724,0.9033,3.8714
46.5726,0.9414,4.0443
46.5728,0.775,3.3339
46.5730,0.7638,3.2783
46.5732,0.8204,3.5229
46.5734,0.8279,3.5565
46.5736,0.7842,3.3674
46.5738,0.8252,3.5402
46.5740,0.8274,3.5577
46.5742,0.8016,3.4469
46.5744,0.8075,3.4657
46.5746,0.8428,3.6175
46.5748,0.8806,3.7796
46.5750,0.8839,3.7953
46.5752,0.8425,3.6143
46.5754,0.8618,3.7005
46.5756,0.8586,3.6883
46.5758,0.8592,3.6858
46.5760,0.8593,3.6897
46.5762,0.8081,3.4731
46.5764,0.7671,3.2984
46.5766,0.7548,3.2443
46.5768,0.797,3.4225
46.5770,0.8552,3.6722
46.5772,0.8572,3.6844
46.5774,0.8046,3.4598
46.5776,0.8015,3.4431
46.5778,0.7707,3.3123
46.5780,0.7505,3.2272
46.5782,0.7975,3.4277
46.5784,0.8563,3.6734
46.5786,0.9708,4.1627
46.5788,0.9317,3.9988
46.5790,0.9346,4.0112
46.5792,0.8859,3.8058
46.5794,0.8633,3.7055
46.5796,0.8852,3.7974
46.5798,0.9504,4.0753
46.5800,0.9785,4.2035
46.5802,0.821,3.532
46.5804,0.8161,3.506
46.5806,0.8511,3.6581
46.5808,0.769,3.3097
46.5810,0.7386,3.1762
46.5812,0.7528,3.2385
46.5814,0.7367,3.1694
46.5816,0.7149,3.0812
46.5818,0.6618,2.8509
46.5820,0.6378,2.7515
46.5822,0.5172,2.2342
46.5824,0.5265,2.2725
46.5826,0.584,2.5157
46.5828,0.6374,2.7435
46.5830,0.6244,2.6898
46.5832,0.5473,2.362
46.5834,0.5494,2.3702
46.5836,0.55,2.3695
46.5838,0.6191,2.6596
46.5840,0.7791,3.353
46.5842,0.6864,2.9568
46.5844,0.61,2.6314
46.5846,0.551,2.3758
46.5848,0.5434,2.3444
46.5850,0.543,2.3434
46.5852,0.537,2.3164
46.5854,0.5308,2.2911
46.5856,0.5295,2.2833
46.5858,0.5307,2.2885
46.5860,0.5322,2.2979
46.5862,0.5793,2.4967
46.5864,0.585,2.5227
46.5866,0.5371,2.3169
46.5868,0.5344,2.3066
46.5870,0.5569,2.3956
46.5872,0.7245,3.1168
46.5874,0.649,2.7996
46.5876,0.547,2.3588
46.5878,0.5663,2.4432
46.5880,0.53,2.2864
46.5882,0.5284,2.2786
46.5884,0.5292,2.2839
46.5886,0.5254,2.2689
46.5888,0.5241,2.259
46.5890,0.5673,2.445
46.5892,0.5431,2.3428
46.5894,0.5355,2.3091
46.5896,0.5234,2.2548
46.5898,0.5214,2.2492
46.5900,0.5492,2.3681
46.5902,0.5571,2.4033
46.5904,0.5342,2.3045
46.5906,0.5258,2.2652
46.5908,0.5822,2.5079
46.5910,0.6425,2.7652
46.5912,0.6665,2.8671
46.5914,0.6878,2.9534
46.5916,0.6956,2.9938
46.5918,0.5896,2.5447
46.5920,0.5324,2.2968
46.5922,0.5264,2.2698
46.5924,0.5475,2.3565
46.5926,0.6308,2.7189
46.5928,0.6001,2.5854
46.5930,0.6263,2.6943
46.5932,0.643,2.7673
46.5934,0.6277,2.7055
46.5936,0.6329,2.7252
46.5938,0.6912,2.9706
46.5940,0.6958,2.9935
46.5942,0.7103,3.0516
46.5944,0.7925,3.4045
46.5946,0.7957,3.4168
46.5948,0.7648,3.2824
46.5950,0.831,3.5665
46.5952,0.8951,3.8455
46.5954,0.8498,3.6439
46.5956,0.8968,3.858
46.5958,0.745,3.202
46.5960,0.7595,3.2628
46.5962,0.766,3.2907
46.5964,0.8045,3.4576
46.5966,0.733,3.1593
46.5968,0.6533,2.813
46.5970,0.6925,2.9749
46.5972,0.7438,3.1968
46.5974,0.7358,3.1667
46.5976,0.688,2.9641
46.5978,0.6162,2.6534
46.5980,0.5856,2.5241
46.5982,0.5768,2.4893
46.5984,0.5117,2.2073
46.5986,0.5061,2.1815
46.5988,0.5471,2.3604
46.5990,0.5392,2.3252
46.5992,0.5748,2.4776
46.5994,0.5376,2.3158
46.5996,0.5805,2.5007
46.5998,0.6257,2.693
46.6000,0.6432,2.7644
46.6002,0.7151,3.0808
46.6004,0.6247,2.6926
46.6006,0.6076,2.6162
46.6008,0.6792,2.9218
46.6010,0.6612,2.8444
46.6012,0.668,2.8725
46.6014,0.6644,2.8597
46.6016,0.6843,2.9426
46.6018,0.8107,3.4731
46.6020,0.9466,4.0608
46.6022,0.9239,3.9672
46.6024,0.8972,3.847
46.6026,0.9177,3.9313
46.6028,0.9372,4.0131
46.6030,0.9059,3.89
46.6032,0.8535,3.665
46.6034,0.8747,3.7526
46.6036,0.9442,4.0448
46.6038,0.9789,4.1938
46.6040,0.9804,4.1999
46.6042,0.9803,4.1994
46.6044,0.9656,4.1387
46.6046,0.9532,4.0852
46.6048,0.9696,4.1615
46.6050,0.9251,3.9705
46.6052,0.9029,3.8717
46.6054,0.9335,4.0028
46.6056,0.9496,4.0793
46.6058,0.8036,3.4556
46.6060,0.7278,3.137
46.6062,0.6847,2.9469
46.6064,0.7433,3.1992
46.6066,0.7025,3.021
46.6068,0.7,3.0115
46.6070,0.7926,3.4082
46.6072,0.7879,3.3865
46.6074,0.7786,3.3463
46.6076,0.7807,3.3509
46.6078,0.9012,3.8735
46.6080,0.8383,3.6046
46.6082,0.8323,3.5838
46.6084,0.7106,3.0569
46.6086,0.7119,3.0612
46.6088,0.7551,3.2453
46.6090,0.7843,3.3679
46.6092,0.8341,3.5849
46.6094,0.7466,3.2162
46.6096,0.6994,3.0118
46.6098,0.716,3.0816
46.6100,0.7054,3.0305
46.6102,0.7925,3.4061
46.6104,0.8234,3.5423
46.6106,0.736,3.1692
46.6108,0.7077,3.0431
46.6110,0.7638,3.2799
46.6112,0.8334,3.5835
46.6114,0.7781,3.3505
46.6116,0.6775,2.9159
46.6118,0.7035,3.0265
46.6120,0.7479,3.2189
46.6122,0.6916,2.981
46.6124,0.6173,2.6618
46.6126,0.6034,2.603
46.6128,0.5287,2.2828
46.6130,0.5206,2.2492
46.6132,0.5121,2.2104
46.6134,0.5389,2.3204
46.6136,0.6925,2.9763
46.6138,0.7475,3.2203
46.6140,0.6376,2.7453
46.6142,0.6492,2.7967
46.6144,0.6674,2.8752
46.6146,0.6973,3.0025
46.6148,0.6584,2.8339
46.6150,0.6456,2.7812
46.6152,0.6133,2.6447
46.6154,0.5902,2.5426
46.6156,0.592,2.5515
46.6158,0.5999,2.588
46.6160,0.571,2.4633
46.6162,0.6061,2.6125
46.6164,0.6708,2.891
46.6166,0.5727,2.4694
46.6168,0.5661,2.4365
46.6170,0.6242,2.6918
46.6172,0.5566,2.4001
46.6174,0.5666,2.4419
46.6176,0.5844,2.5189
46.6178,0.6313,2.7197
46.6180,0.6274,2.7065
46.6182,0.5608,2.416
46.6184,0.6097,2.628
46.6186,0.54,2.3326
46.6188,0.4669,2.0153
46.6190,0.4766,2.0591
46.6192,0.4848,2.0953
46.6194,0.4594,1.9827
46.6196,0.4573,1.9757
46.6198,0.4583,1.978
46.6200,0.46,1.9834
46.6202,0.5509,2.3764
46.6204,0.4778,2.0614
46.6206,0.4638,2.0018
46.6208,0.5413,2.334
46.6210,0.5483,2.3634
46.6212,0.5441,2.3496
46.6214,0.4742,2.0478
46.6216,0.4697,2.0243
46.6218,0.5283,2.2781
46.6220,0.4786,2.0645
46.6222,0.5216,2.2502
46.6224,0.5612,2.4198
46.6226,0.5528,2.3814
46.6228,0.5778,2.4905
46.6230,0.5522,2.3799
46.6232,0.5693,2.4561
46.6234,0.4609,1.9885
46.6236,0.451,1.9437
46.6238,0.5389,2.3215
46.6240,0.5769,2.4864
46.6242,0.6017,2.5909
46.6244,0.6051,2.603
46.6246,0.5842,2.5202
46.6248,0.5185,2.2357
46.6250,0.5361,2.3117
46.6252,0.5362,2.3101
46.6254,0.5554,2.3928
46.6256,0.5511,2.3764
46.6258,0.5017,2.1643
46.6260,0.4916,2.1209
46.6262,0.4973,2.1432
46.6264,0.5443,2.3458
46.6266,0.5069,2.1846
46.6268,0.5669,2.4423
46.6270,0.6234,2.6782
46.6272,0.6928,2.9792
46.6274,0.6609,2.8434
46.6276,0.7054,3.0347
46.6278,0.7081,3.0503
46.6280,0.6635,2.8542
46.6282,0.635,2.7332
46.6284,0.6021,2.5925
46.6286,0.6087,2.6209
46.6288,0.5927,2.5522
46.6290,0.5605,2.4167
46.6292,0.4932,2.1286
46.6294,0.4862,2.0986
46.6296,0.4882,2.1059
46.6298,0.483,2.0817
46.6300,0.5668,2.4396
46.6302,0.6183,2.661
46.6304,0.5903,2.5431
46.6306,0.5162,2.229
46.6308,0.4318,1.8636
46.6310,0.4487,1.9366
46.6312,0.4703,2.025
46.6314,0.5117,2.2073
46.6316,0.4362,1.8845
46.6318,0.3946,1.7048
46.6320,0.3956,1.7073
46.6322,0.4072,1.7559
46.6324,0.4178,1.8031
46.6326,0.4341,1.8726
46.6328,0.5055,2.1779
46.6330,0.5346,2.305
46.6332,0.4889,2.108
46.6334,0.5686,2.445
46.6336,0.6949,2.9824
46.6338,0.7301,3.1366
46.6340,0.7618,3.2711
46.6342,0.7928,3.4029
46.6344,0.8353,3.5817
46.6346,0.8503,3.646
46.6348,0.9586,4.1026
46.6350,1.0269,4.389
46.6352,1.0801,4.6187
46.6354,1.0718,4.585
46.6356,1.0854,4.6369
46.6358,1.1271,4.8197
46.6360,1.0571,4.5287
46.6362,0.9664,4.1418
46.6364,0.9432,4.0369
46.6366,0.9955,4.2547
46.6368,1.137,4.8572
46.6370,1.0968,4.69
46.6372,1.1042,4.724
46.6374,1.0824,4.6306
46.6376,1.0884,4.6519
46.6378,1.0954,4.686
46.6380,1.0931,4.6894
46.6382,0.9451,4.0546
46.6384,0.9125,3.9092
46.6386,0.9305,3.9918
46.6388,0.9445,4.0539
46.6390,0.9117,3.9129
46.6392,0.883,3.7934
46.6394,0.8439,3.6221
46.6396,0.8674,3.7247
46.6398,0.9048,3.8799
46.6400,0.9234,3.9615
46.6402,0.9369,4.0135
46.6404,1.0429,4.4655
46.6406,1.0804,4.6262
46.6408,1.0714,4.5898
46.6410,1.0653,4.5594
46.6412,1.093,4.6823
46.6414,1.0433,4.478
46.6416,0.9186,3.9372
46.6418,0.928,3.981
46.6420,0.9527,4.0908
46.6422,0.9336,4.0089
46.6424,0.9116,3.9087
46.6426,0.94,4.0344
46.6428,0.9119,3.9121
46.6430,0.9321,3.9985
46.6432,0.9319,3.9961
46.6434,0.9283,3.9844
46.6436,0.9379,4.0275
46.6438,0.9456,4.0604
46.6440,0.9462,4.0592
46.6442,0.9446,4.0544
46.6444,0.9484,4.0685
46.6446,0.9668,4.1477
46.6448,0.9655,4.1401
46.6450,0.9642,4.1364
46.6452,0.9566,4.1078
46.6454,0.9932,4.2609
46.6456,0.9716,4.1683
46.6458,0.9596,4.1188
46.6460,0.954,4.0946
46.6462,0.9407,4.0356
46.6464,0.9482,4.0718
46.6466,0.9719,4.1693
46.6468,0.9608,4.1258
46.6470,0.88,3.7858
46.6472,0.8259,3.5515
46.6474,0.8665,3.7223
46.6476,0.8888,3.8199
46.6478,0.8126,3.4992
46.6480,0.7582,3.2648
46.6482,0.7436,3.2018
46.6484,0.7414,3.191
46.6486,0.7469,3.2162
46.6488,0.7727,3.3257
46.6490,0.7674,3.3014
46.6492,0.7565,3.256
46.6494,0.7575,3.2541
46.6496,0.8425,3.621
46.6498,0.8749,3.7549
46.6500,0.8365,3.6002
46.6502,0.7615,3.2823
46.6504,0.7704,3.3159
46.6506,0.7685,3.3076
46.6508,0.7514,3.2338
46.6510,0.7424,3.1936
46.6512,0.7919,3.4035
46.6514,0.7738,3.3303
46.6516,0.7319,3.1531
46.6518,0.7368,3.1743
46.6520,0.7198,3.0981
46.6522,0.7205,3.1041
46.6524,0.7145,3.0768
46.6526,0.7426,3.1947
46.6528,0.7198,3.1067
46.6530,0.5348,2.305
46.6532,0.6541,2.8166
46.6534,0.727,3.1291
46.6536,0.7632,3.2834
46.6538,0.7301,3.1425
46.6540,0.7444,3.2024
46.6542,0.7259,3.1244
46.6544,0.7028,3.0262
46.6546,0.7346,3.163
46.6548,0.7709,3.3179
46.6550,0.7837,3.37
46.6552,0.7786,3.3556
46.6554,0.718,3.0932
46.6556,0.7353,3.1661
46.6558,0.6716,2.892
46.6560,0.6428,2.7719
46.6562,0.6426,2.7709
46.6564,0.679,2.9213
46.6566,0.7343,3.162
46.6568,0.7192,3.0969
46.6570,0.7179,3.0898
46.6572,0.7644,3.287
46.6574,0.7687,3.3087
46.6576,0.7149,3.0826
46.6578,0.681,2.9336
46.6580,0.6812,2.9333
46.6582,0.7057,3.04
46.6584,0.6786,2.9246
46.6586,0.6596,2.8403
46.6588,0.6549,2.8228
46.6590,0.6452,2.781
46.6592,0.6504,2.8019
46.6594,0.6794,2.9269
46.6596,0.6904,2.9716
46.6598,0.8046,3.4533
46.6600,0.8773,3.7705
46.6602,0.8213,3.5331
46.6604,0.8105,3.485
46.6606,0.7585,3.2648
46.6608,0.6744,2.9065
46.6610,0.6362,2.7435
46.6612,0.6853,2.9508
46.6614,0.7145,3.0811
46.6616,0.6452,2.7822
46.6618,0.6301,2.7171
46.6620,0.6346,2.735
46.6622,0.6332,2.7255
46.6624,0.6942,2.9904
46.6626,0.7344,3.1625
46.6628,0.7377,3.1765
46.6630,0.7307,3.1421
46.6632,0.854,3.6705
46.6634,0.8317,3.5813
46.6636,0.6774,2.9195
46.6638,0.6695,2.8894
46.6640,0.575,2.4781
46.6642,0.5571,2.4044
46.6644,0.5609,2.4221
46.6646,0.5577,2.4037
46.6648,0.6004,2.5901
46.6650,0.5609,2.4221
46.6652,0.5615,2.4225
46.6654,0.582,2.5086
46.6656,0.5991,2.5832
46.6658,0.6416,2.7693
46.6660,0.6258,2.696
46.6662,0.6379,2.7507
46.6664,0.5903,2.5443
46.6666,0.6943,2.9826
46.6668,0.7705,3.3149
46.6670,0.7425,3.1956
46.6672,0.7672,3.3004
46.6674,0.7779,3.3417
46.6676,0.8181,3.518
46.6678,0.7585,3.2663
46.6680,0.7633,3.2824
46.6682,0.8241,3.5388
46.6684,0.8821,3.784
46.6686,0.933,3.997
46.6688,0.9686,4.1535
46.6690,0.9644,4.1393
46.6692,0.9768,4.1924
46.6694,0.9461,4.0606
46.6696,0.9512,4.0808
46.6698,0.9746,4.1831
46.6700,0.961,4.1225
46.6702,1.0018,4.2979
46.6704,0.9756,4.1833
46.6706,0.9847,4.2263
46.6708,0.9602,4.1271
46.6710,0.9044,3.8815
46.6712,0.952,4.0858
46.6714,0.9217,3.9598
46.6716,0.8992,3.8612
46.6718,0.9451,4.0546
46.6720,1.0028,4.302
46.6722,0.9813,4.208
46.6724,0.9976,4.2879
46.6726,0.9436,4.0536
46.6728,0.9345,4.0088
46.6730,0.9578,4.1091
46.6732,0.9747,4.1856
46.6734,0.9503,4.0767
46.6736,0.9238,3.9593
46.6738,0.9643,4.1427
46.6740,0.9496,4.0774
46.6742,0.9492,4.074
46.6744,0.928,3.9885
46.6746,0.8475,3.646
46.6748,0.8102,3.4856
46.6750,0.824,3.5449
46.6752,0.8389,3.6022
46.6754,0.8674,3.7334
46.6756,0.7701,3.3159
46.6758,0.7662,3.2978
46.6760,0.7728,3.3216
46.6762,0.8063,3.4686
46.6764,0.8473,3.645
46.6766,0.8157,3.5061
46.6768,0.8516,3.6619
46.6770,0.8457,3.64
46.6772,0.7879,3.3944
46.6774,0.6901,2.9715
46.6776,0.7319,3.1531
46.6778,0.735,3.1695
46.6780,0.6645,2.8628
46.6782,0.7002,3.0134
46.6784,0.7422,3.1946
46.6786,0.7708,3.3174
46.6788,0.7018,3.0249
46.6790,0.6397,2.761
46.6792,0.6019,2.5968
46.6794,0.6018,2.5951
46.6796,0.6144,2.6469
46.6798,0.7418,3.1866
46.6800,0.8002,3.4471
46.6802,0.6698,2.8923
46.6804,0.5539,2.3905
46.6806,0.5305,2.2938
46.6808,0.4788,2.0684
46.6810,0.573,2.4721
46.6812,0.5824,2.5148
46.6814,0.5362,2.3165
46.6816,0.5364,2.3149
46.6818,0.5549,2.3962
46.6820,0.5542,2.392
46.6822,0.5362,2.3155
46.6824,0.5361,2.3171
46.6826,0.4696,2.0285
46.6828,0.4559,1.9704
46.6830,0.4553,1.9678
46.6832,0.4605,1.9873
46.6834,0.5085,2.1938
46.6836,0.5554,2.3972
46.6838,0.5453,2.3537
46.6840,0.5491,2.3687
46.6842,0.5533,2.389
46.6844,0.5487,2.3671
46.6846,0.5647,2.4337
46.6848,0.5829,2.5145
46.6850,0.512,2.2109
46.6852,0.4817,2.0799
46.6854,0.474,2.0467
46.6856,0.4642,2.0052
46.6858,0.4621,1.9964
46.6860,0.4533,1.9572
46.6862,0.4481,1.9349
46.6864,0.4476,1.9346
46.6866,0.4451,1.9228
46.6868,0.448,1.9317
46.6870,0.4915,2.1223
46.6872,0.4573,1.9757
46.6874,0.4487,1.9393
46.6876,0.4493,1.9383
46.6878,0.4882,2.1078
46.6880,0.4475,1.9341
46.6882,0.4513,1.9471
46.6884,0.4648,2.005
46.6886,0.4521,1.9538
46.6888,0.4471,1.9317
46.6890,0.4463,1.928
46.6892,0.4501,1.9437
46.6894,0.4518,1.951
46.6896,0.5091,2.1954
46.6898,0.5277,2.2787
46.6900,0.4651,2.0066
46.6902,0.5124,2.2083
46.6904,0.5613,2.4169
46.6906,0.5848,2.5205
46.6908,0.5599,2.4152
46.6910,0.5482,2.3607
46.6912,0.585,2.5203
46.6914,0.5376,2.3169
46.6916,0.5336,2.3009
46.6918,0.563,2.423
46.6920,0.6271,2.6979
46.6922,0.6332,2.7305
46.6924,0.5862,2.5279
46.6926,0.571,2.4599
46.6928,0.5944,2.5618
46.6930,0.572,2.4663
46.6932,0.5836,2.5141
46.6934,0.6195,2.6612
46.6936,0.6854,2.9459
46.6938,0.7225,3.1094
46.6940,0.6576,2.8329
46.6942,0.6402,2.7528
46.6944,0.7215,3.1024
46.6946,0.6651,2.8641
46.6948,0.6379,2.7482
46.6950,0.6163,2.6539
46.6952,0.6171,2.6546
46.6954,0.6326,2.7204
46.6956,0.6708,2.8857
46.6958,0.681,2.9309
46.6960,0.6719,2.8903
46.6962,0.6352,2.735
46.6964,0.6133,2.641
46.6966,0.6227,2.6838
46.6968,0.5744,2.4732
46.6970,0.6049,2.6037
46.6972,0.6202,2.6705
46.6974,0.6101,2.6307
46.6976,0.6041,2.5989
46.6978,0.6713,2.8877
46.6980,0.6772,2.9149
46.6982,0.63,2.7178
46.6984,0.4913,2.1233
46.6986,0.4059,1.7518
46.6988,0.4308,1.8586
46.6990,0.4794,2.0681
46.6992,0.5242,2.2605
46.6994,0.521,2.2455
46.6996,0.5885,2.5318
46.6998,0.6332,2.728
46.7000,0.6118,2.6294
46.7002,0.6913,2.9697
46.7004,0.6838,2.9419
46.7006,0.6507,2.7956
46.7008,0.7514,3.2293
46.7010,0.7746,3.3293
46.7012,0.7825,3.3617
46.7014,0.8154,3.4947
46.7016,0.9184,3.9344
46.7018,0.937,4.0159
46.7020,0.9536,4.0854
46.7022,1.0132,4.3427
46.7024,0.9749,4.1783
46.7026,0.9488,4.0686
46.7028,0.9446,4.0506
46.7030,0.9643,4.1292
46.7032,0.9824,4.2047
46.7034,0.9775,4.1954
46.7036,0.9021,3.8717
46.7038,0.8918,3.8257
46.7040,0.9116,3.9106
46.7042,0.9062,3.8874
46.7044,0.8863,3.8056
46.7046,0.8265,3.5508
46.7048,0.855,3.6678
46.7050,0.9163,3.9293
46.7052,0.9259,3.9741
46.7054,0.884,3.7975
46.7056,0.8289,3.5644
46.7058,0.7588,3.2597
46.7060,0.7738,3.3257
46.7062,0.8159,3.5017
46.7064,0.8527,3.6614
46.7066,0.7631,3.2783
46.7068,0.7788,3.3458
46.7070,0.8006,3.4395
46.7072,0.8518,3.6629
46.7074,0.8136,3.4968
46.7076,0.7946,3.4154
46.7078,0.7768,3.3401
46.7080,0.7865,3.3819
46.7082,0.7987,3.4265
46.7084,0.8587,3.6923
46.7086,0.7928,3.4124
46.7088,0.783,3.3654
46.7090,0.7795,3.3535
46.7092,0.7097,3.0505
46.7094,0.7864,3.3735
46.7096,0.8479,3.6459
46.7098,0.7268,3.1251
46.7100,0.7913,3.4009
46.7102,0.7815,3.3618
46.7104,0.7584,3.2612
46.7106,0.7864,3.3813
46.7108,0.7896,3.3937
46.7110,0.7765,3.3359
46.7112,0.7899,3.3968
46.7114,0.7615,3.2792
46.7116,0.7099,3.0552
46.7118,0.7138,3.0722
46.7120,0.6854,2.9513
46.7122,0.6796,2.9292
46.7124,0.6622,2.8516
46.7126,0.6919,2.9722
46.7128,0.8144,3.4954
46.7130,0.8527,3.6647
46.7132,0.7669,3.3008
46.7134,0.7103,3.0601
46.7136,0.6359,2.7406
46.7138,0.5921,2.5496
46.7140,0.6301,2.7145
46.7142,0.647,2.7874
46.7144,0.6374,2.746
46.7146,0.6613,2.8462
46.7148,0.6813,2.9324
46.7150,0.6758,2.9113
46.7152,0.65,2.8029
46.7154,0.616,2.656
46.7156,0.6245,2.689
46.7158,0.6614,2.8427
46.7160,0.7487,3.2149
46.7162,0.7957,3.4215
46.7164,0.7699,3.3138
46.7166,0.7186,3.0929
46.7168,0.7054,3.0361
46.7170,0.678,2.922
46.7172,0.6455,2.7755
46.7174,0.6594,2.8432
46.7176,0.5663,2.4431
46.7178,0.5176,2.2341
46.7180,0.5319,2.2947
46.7182,0.5353,2.3102
46.7184,0.5199,2.245
46.7186,0.5149,2.2212
46.7188,0.518,2.2346
46.7190,0.5238,2.2563
46.7192,0.6035,2.6011
46.7194,0.5387,2.3241
46.7196,0.5151,2.2222
46.7198,0.5672,2.4479
46.7200,0.5284,2.2797
46.7202,0.5163,2.2284
46.7204,0.516,2.2259
46.7206,0.5132,2.2129
46.7208,0.5265,2.2682
46.7210,0.6304,2.7143
46.7212,0.6396,2.7553
46.7214,0.5675,2.4472
46.7216,0.5203,2.2445
46.7218,0.5198,2.2434
46.7220,0.519,2.2357
46.7222,0.5777,2.4888
46.7224,0.6091,2.6217
46.7226,0.6322,2.7208
46.7228,0.6798,2.9297
46.7230,0.6674,2.8712
46.7232,0.6816,2.9334
46.7234,0.6753,2.9106
46.7236,0.6101,2.6283
46.7238,0.653,2.8093
46.7240,0.6632,2.8518
46.7242,0.6711,2.8872
46.7244,0.6493,2.7985
46.7246,0.5877,2.5328
46.7248,0.5862,2.5278
46.7250,0.5945,2.5611
46.7252,0.6469,2.7855
46.7254,0.6,2.5849
46.7256,0.6247,2.6863
46.7258,0.753,3.235
46.7260,0.7359,3.1628
46.7262,0.6871,2.9571
46.7264,0.6648,2.8651
46.7266,0.6396,2.7528
46.7268,0.6771,2.9102
46.7270,0.7346,3.16
46.7272,0.7414,3.185
46.7274,0.742,3.1891
46.7276,0.6389,2.7548
46.7278,0.5871,2.5303
46.7280,0.5949,2.5638
46.7282,0.5799,2.5004
46.7284,0.5244,2.2642
46.7286,0.4787,2.0659
46.7288,0.4747,2.047
46.7290,0.4801,2.0702
46.7292,0.5531,2.3862
46.7294,0.5034,2.1725
46.7296,0.4839,2.0848
46.7298,0.504,2.1741
46.7300,0.5006,2.1606
46.7302,0.4419,1.9088
46.7304,0.3941,1.7035
46.7306,0.376,1.6252
46.7308,0.3908,1.6874
46.7310,0.3908,1.685
46.7312,0.4427,1.9125
46.7314,0.3913,1.6918
46.7316,0.3803,1.6423
46.7318,0.4103,1.7701
46.7320,0.4636,1.9998
46.7322,0.5216,2.2502
46.7324,0.5215,2.2455
46.7326,0.5693,2.4515
46.7328,0.5914,2.5441
46.7330,0.6802,2.9236
46.7332,0.7052,3.0294
46.7334,0.7025,3.0223
46.7336,0.7096,3.0527
46.7338,0.7269,3.1241
46.7340,0.7572,3.2484
46.7342,0.8368,3.5917
46.7344,0.8323,3.5721
46.7346,0.8344,3.5814
46.7348,0.8977,3.8459
46.7350,0.9836,4.2157
46.7352,0.9824,4.2106
46.7354,0.9945,4.2585
46.7356,0.9886,4.2333
46.7358,0.9902,4.24
46.7360,1.0084,4.3221
46.7362,0.8836,3.7906
46.7364,0.9065,3.8907
46.7366,0.89,3.8143
46.7368,0.9298,3.985
46.7370,0.9464,4.0583
46.7372,0.9572,4.1007
46.7374,0.9686,4.1476
46.7376,0.9679,4.1484
46.7378,0.9523,4.0854
46.7380,0.9957,4.2676
46.7382,0.9819,4.2065
46.7384,0.9535,4.0886
46.7386,0.9709,4.1632
46.7388,0.9623,4.1281
46.7390,0.8969,3.8477
46.7392,0.8441,3.6248
46.7394,0.8398,3.6062
46.7396,0.8709,3.7431
46.7398,0.8898,3.8156
46.7400,0.9258,3.9736
46.7402,0.901,3.867
46.7404,0.8656,3.7169
46.7406,0.8684,3.727
46.7408,0.8688,3.7274
46.7410,0.9305,3.9955
46.7412,0.9155,3.9384
46.7414,0.781,3.3644
46.7416,0.6557,2.8219
46.7418,0.7075,3.0406
46.7420,0.7283,3.1332
46.7422,0.7088,3.0506
46.7424,0.7274,3.1276
46.7426,0.8214,3.5302
46.7428,0.8328,3.5825
46.7430,0.7919,3.405
46.7432,0.7788,3.3457
46.7434,0.8425,3.6192
46.7436,0.8102,3.4807
46.7438,0.7475,3.2157
46.7440,0.7204,3.1035
46.7442,0.6597,2.8448
46.7444,0.6079,2.619
46.7446,0.6052,2.6083
46.7448,0.6527,2.8103
46.7450,0.6952,2.9908
46.7452,0.6736,2.9034
46.7454,0.6511,2.8049
46.7456,0.6323,2.72
46.7458,0.7202,3.0924
46.7460,0.8085,3.4783
46.7462,0.7422,3.199
46.7464,0.6552,2.8238
46.7466,0.5555,2.3977
46.7468,0.485,2.0963
46.7470,0.4102,1.7729
46.7472,0.4013,1.7337
46.7474,0.4174,1.799
46.7476,0.5119,2.2124
46.7478,0.461,1.9917
46.7480,0.4632,2.0001
46.7482,0.4495,1.9411
46.7484,0.4417,1.9074
46.7486,0.4408,1.9042
46.7488,0.4488,1.9389
46.7490,0.4532,1.9544
46.7492,0.5029,2.1685
46.7494,0.5429,2.3444
46.7496,0.4768,2.0596
46.7498,0.4542,1.9604
46.7500,0.4516,1.9499
46.7502,0.4619,1.9926
46.7504,0.5277,2.2765
46.7506,0.4727,2.0391
46.7508,0.4589,1.9805
46.7510,0.4654,2.0076
46.7512,0.4967,2.1446
46.7514,0.5086,2.1943
46.7516,0.4739,2.0443
46.7518,0.459,1.982
46.7520,0.4669,2.0152
46.7522,0.4649,2.0064
46.7524,0.4566,1.9689
46.7526,0.4515,1.9485
46.7528,0.4584,1.9785
46.7530,0.4754,2.051
46.7532,0.5447,2.3456
46.7534,0.6157,2.6488
46.7536,0.6728,2.8957
46.7538,0.667,2.8723
46.7540,0.6632,2.8491
46.7542,0.6869,2.9539
46.7544,0.67,2.8839
46.7546,0.6812,2.9291
46.7548,0.7244,3.1147
46.7550,0.6818,2.9358
46.7552,0.6513,2.8047
46.7554,0.656,2.8222
46.7556,0.6572,2.826
46.7558,0.7015,3.0135
46.7560,0.7515,3.2283
46.7562,0.7349,3.1586
46.7564,0.7304,3.1405
46.7566,0.7664,3.2896
46.7568,0.8258,3.5493
46.7570,0.7537,3.2396
46.7572,0.7245,3.1153
46.7574,0.6672,2.8715
46.7576,0.6583,2.8293
46.7578,0.6724,2.8928
46.7580,0.6594,2.8392
46.7582,0.6652,2.8659
46.7584,0.6626,2.8492
46.7586,0.7065,3.0407
46.7588,0.6232,2.6821
46.7590,0.6941,2.9834
46.7592,0.8016,3.4388
46.7594,0.815,3.498
46.7596,0.7746,3.3323
46.7598,0.7114,3.0633
46.7600,0.6919,2.975
46.7602,0.783,3.3653
46.7604,0.792,3.404
46.7606,0.741,3.1864
46.7608,0.7353,3.1587
46.7610,0.7576,3.2576
46.7612,0.7597,3.2653
46.7614,0.7504,3.2236
46.7616,0.7745,3.3303
46.7618,0.7625,3.2802
46.7620,0.7398,3.1813
46.7622,0.7076,3.0411
46.7624,0.71,3.0515
46.7626,0.704,3.0271
46.7628,0.717,3.0819
46.7630,0.774,3.3267
46.7632,0.7461,3.2111
46.7634,0.6823,2.9365
46.7636,0.725,3.1188
46.7638,0.7486,3.2204
46.7640,0.6509,2.8013
46.7642,0.6217,2.6759
46.7644,0.6188,2.6635
46.7646,0.6203,2.6722
46.7648,0.6537,2.815
46.7650,0.6752,2.9047
46.7652,0.7519,3.2258
46.7654,0.8805,3.7773
46.7656,0.8758,3.7537
46.7658,0.9029,3.8716
46.7660,0.9242,3.965
46.7662,0.9557,4.094
46.7664,0.9462,4.0573
46.7666,0.9211,3.9553
46.7668,0.9206,3.9477
46.7670,0.9597,4.1134
46.7672,0.9298,3.9924
46.7674,0.8895,3.8212
46.7676,0.9065,3.8889
46.7678,1.0571,4.5286
46.7680,1.1155,4.7699
46.7682,1.1388,4.8716
46.7684,1.1463,4.9085
46.7686,1.1019,4.7141
46.7688,1.1175,4.7831
46.7690,1.0662,4.5698
46.7692,0.9631,4.1317
46.7694,0.9973,4.2763
46.7696,0.9951,4.267
46.7698,0.9383,4.0252
46.7700,0.9424,4.0427
46.7702,0.971,4.1656
46.7704,0.9529,4.0841
46.7706,1.0006,4.2947
46.7708,0.9264,3.9761
46.7710,0.971,4.1637
46.7712,0.9549,4.0986
46.7714,0.9513,4.0794
46.7716,0.9786,4.1922
46.7718,1.009,4.3226
46.7720,1.0414,4.4697
46.7722,0.8961,3.8477
46.7724,0.9132,3.9195
46.7726,0.9834,4.2186
46.7728,1.0168,4.3581
46.7730,0.9699,4.161
46.7732,0.9424,4.0427
46.7734,0.9816,4.2148
46.7736,0.9606,4.1228
46.7738,0.9822,4.2174
46.7740,0.9398,4.0375
46.7742,0.9242,3.9687
46.7744,0.9153,3.9356
46.7746,0.8247,3.543
46.7748,0.8637,3.7139
46.7750,0.8838,3.7987
46.7752,0.8837,3.8
46.7754,0.8571,3.6838
46.7756,0.88,3.7822
46.7758,0.886,3.8045
46.7760,0.8877,3.8134
46.7762,0.8836,3.7977
46.7764,0.8919,3.835
46.7766,0.875,3.7588
46.7768,0.8891,3.8196
46.7770,0.8818,3.7935
46.7772,0.81,3.4861
46.7774,0.7783,3.3483
46.7776,0.7983,3.4313
46.7778,0.8416,3.6173
46.7780,0.8736,3.7567
46.7782,0.8664,3.7275
46.7784,0.8091,3.4809
46.7786,0.8211,3.5341
46.7788,0.8167,3.515
46.7790,0.8419,3.6183
46.7792,0.8708,3.7478
46.7794,0.807,3.4748
46.7796,0.7875,3.388
46.7798,0.7888,3.3995
46.7800,0.7218,3.1082
46.7802,0.7299,3.1428
46.7804,0.7673,3.3055
46.7806,0.7125,3.0665
46.7808,0.7453,3.2109
46.7810,0.6374,2.7499
46.7812,0.5762,2.4878
46.7814,0.6001,2.5878
46.7816,0.6517,2.8114
46.7818,0.6381,2.7491
46.7820,0.7022,3.0264
46.7822,0.6982,3.0065
46.7824,0.7469,3.2117
46.7826,0.7691,3.3117
46.7828,0.6908,2.9773
46.7830,0.6796,2.9306
46.7832,0.6829,2.9432
46.7834,0.6834,2.9466
46.7836,0.6578,2.8365
46.7838,0.6036,2.604
46.7840,0.5964,2.5718
46.7842,0.6098,2.626
46.7844,0.6788,2.9242
46.7846,0.691,2.9783
46.7848,0.6862,2.9563
46.7850,0.679,2.9253
46.7852,0.6788,2.9242
46.7854,0.6852,2.953
46.7856,0.6875,2.9578
46.7858,0.7678,3.2999
46.7860,0.7935,3.417
46.7862,0.6992,3.0177
46.7864,0.6109,2.6355
46.7866,0.612,2.6377
46.7868,0.6632,2.8597
46.7870,0.6551,2.8233
46.7872,0.6518,2.808
46.7874,0.6492,2.798
46.7876,0.6367,2.7468
46.7878,0.6432,2.7734
46.7880,0.6517,2.8088
46.7882,0.6909,2.9709
46.7884,0.7316,3.1486
46.7886,0.6991,3.0143
46.7888,0.6504,2.8031
46.7890,0.6746,2.8981
46.7892,0.8353,3.585
46.7894,0.8718,3.7542
46.7896,0.7091,3.0549
46.7898,0.713,3.0672
46.7900,0.8009,3.4469
46.7902,0.8007,3.4448
46.7904,0.7519,3.2363
46.7906,0.7422,3.1916
46.7908,0.8102,3.4823
46.7910,0.7973,3.4314
46.7912,0.8185,3.5179
46.7914,0.8717,3.7467
46.7916,0.8455,3.6355
46.7918,0.8497,3.6535
46.7920,0.8194,3.5253
46.7922,0.7646,3.2895
46.7924,0.7747,3.3313
46.7926,0.8402,3.6061
46.7928,0.9852,4.2244
46.7930,1.0879,4.6672
46.7932,0.9868,4.2355
46.7934,0.9659,4.1454
46.7936,0.9946,4.2709
46.7938,0.9521,4.0882
46.7940,0.9277,3.9818
46.7942,0.9632,4.1341
46.7944,0.9748,4.1879
46.7946,0.9434,4.0454
46.7948,0.9968,4.2822
46.7950,0.9443,4.0566
46.7952,0.9048,3.8817
46.7954,0.928,3.9884
46.7956,0.8397,3.6091
46.7958,0.9388,4.0291
46.7960,1.0063,4.3209
46.7962,1.0088,4.3277
46.7964,0.9178,3.9464
46.7966,0.7717,3.3292
46.7968,0.6601,2.8437
46.7970,0.6703,2.8943
46.7972,0.5708,2.4657
46.7974,0.513,2.217
46.7976,0.5286,2.2812
46.7978,0.6455,2.7845
46.7980,0.6144,2.6481
46.7982,0.6476,2.7899
46.7984,0.6898,2.9731
46.7986,0.7288,3.1367
46.7988,0.7155,3.0823
46.7990,0.7347,3.1606
46.7992,0.8377,3.602
46.7994,0.7974,3.4303
46.7996,0.7477,3.2168
46.7998,0.8082,3.4768
46.8000,0.8085,3.4767
46.8002,0.8199,3.5273
46.8004,0.8425,3.6226
46.8006,0.8289,3.566
46.8008,0.8416,3.6106
46.8010,0.9657,4.1469
46.8012,0.9453,4.0631
46.8014,0.9203,3.948
46.8016,0.925,3.9736
46.8018,0.9119,3.9193
46.8020,0.9316,4.0001
46.8022,0.9214,3.9582
46.8024,0.9252,3.9765
46.8026,0.9013,3.8722
46.8028,0.9127,3.9138
46.8030,1.0268,4.3966
46.8032,1.0933,4.6859
46.8034,1.0689,4.5854
46.8036,1.0615,4.5519
46.8038,1.0147,4.3549
46.8040,0.9229,3.9686
46.8042,0.8822,3.7968
46.8044,0.8224,3.5398
46.8046,0.8167,3.5118
46.8048,0.8307,3.5688
46.8050,0.8541,3.6778
46.8052,0.8066,3.4717
46.8054,0.8168,3.5139
46.8056,0.8734,3.7504
46.8058,0.9165,3.9426
46.8060,0.8726,3.7503
46.8062,0.9025,3.8845
46.8064,0.8524,3.6654
46.8066,0.8266,3.5562
46.8068,0.8283,3.5618
46.8070,0.8836,3.7977
46.8072,0.9425,4.0451
46.8074,0.9334,4.0134
46.8076,0.8146,3.503
46.8078,0.8148,3.5117
46.8080,0.7009,3.0221
46.8082,0.6588,2.8393
46.8084,0.7644,3.2946
46.8086,0.6968,3.0017
46.8088,0.6806,2.9361
46.8090,0.6606,2.8471
46.8092,0.6877,2.9638
46.8094,0.6903,2.9752
46.8096,0.6819,2.9431
46.8098,0.5945,2.5671
46.8100,0.6409,2.7623
46.8102,0.713,3.07
46.8104,0.737,3.1718
46.8106,0.825,3.5539
46.8108,0.7431,3.1996
46.8110,0.6684,2.8806
46.8112,0.6751,2.9082
46.8114,0.8053,3.4644
46.8116,0.8384,3.6101
46.8118,0.7654,3.2941
46.8120,0.7722,3.3236
46.8122,0.7817,3.3643
46.8124,0.7792,3.3535
46.8126,0.7402,3.1887
46.8128,0.6807,2.938
46.8130,0.6256,2.6986
46.8132,0.6691,2.8811
46.8134,0.7356,3.1676
46.8136,0.7295,3.1457
46.8138,0.6541,2.8165
46.8140,0.686,2.9539
46.8142,0.7036,3.0312
46.8144,0.738,3.1794
46.8146,0.7022,3.0236
46.8148,0.7235,3.1198
46.8150,0.6293,2.7185
46.8152,0.5396,2.331
46.8154,0.5776,2.4848
46.8156,0.771,3.323
46.8158,0.6604,2.8505
46.8160,0.6017,2.5945
46.8162,0.6196,2.6715
46.8164,0.606,2.6143
46.8166,0.6149,2.6538
46.8168,0.6192,2.6688
46.8170,0.6902,2.9747
46.8172,0.6438,2.7811
46.8174,0.5763,2.4884
46.8176,0.5432,2.3433
46.8178,0.5552,2.3983
46.8180,0.6027,2.5974
46.8182,0.6215,2.6811
46.8184,0.5688,2.454
46.8186,0.5423,2.3451
46.8188,0.5108,2.2057
46.8190,0.5314,2.2905
46.8192,0.5787,2.4952
46.8194,0.5915,2.5506
46.8196,0.5961,2.5714
46.8198,0.5679,2.4521
46.8200,0.5571,2.4055
46.8202,0.5634,2.4307
46.8204,0.5724,2.4683
46.8206,0.5732,2.4703
46.8208,0.5717,2.4652
46.8210,0.5811,2.5067
46.8212,0.5681,2.452
46.8214,0.5497,2.3701
46.8216,0.6007,2.5904
46.8218,0.6356,2.7396
46.8220,0.6342,2.7321
46.8222,0.6411,2.7633
46.8224,0.5693,2.4538
46.8226,0.6003,2.5859
46.8228,0.6337,2.7338
46.8230,0.6216,2.6741
46.8232,0.783,3.3669
46.8234,0.7807,3.3555
46.8236,0.8214,3.5335
46.8238,0.7938,3.4133
46.8240,0.8346,3.5836
46.8242,0.8627,3.7115
46.8244,0.7242,3.1229
46.8246,0.6823,2.9406
46.8248,0.6626,2.8532
46.8250,0.6625,2.85
46.8252,0.7175,3.0839
46.8254,0.7613,3.269
46.8256,0.8367,3.5962
46.8258,0.8704,3.741
46.8260,0.7742,3.337
46.8262,0.6545,2.8194
46.8264,0.6993,3.0098
46.8266,0.7361,3.1726
46.8268,0.7109,3.0556
46.8270,0.7916,3.3977
46.8272,0.8693,3.7294
46.8274,0.8968,3.849
46.8276,0.8939,3.8384
46.8278,0.8951,3.8525
46.8280,0.7834,3.3653
46.8282,0.8277,3.5559
46.8284,0.8023,3.4451
46.8286,0.8461,3.6381
46.8288,0.8585,3.6848
46.8290,0.9636,4.1357
46.8292,0.8093,3.4879
46.8294,0.6848,2.9487
46.8296,0.6849,2.9561
46.8298,0.5224,2.2548
46.8300,0.482,2.0824
46.8302,0.4803,2.0732
46.8304,0.5043,2.1757
46.8306,0.5602,2.4167
46.8308,0.5369,2.3185
46.8310,0.5208,2.2465
46.8312,0.5282,2.2797
46.8314,0.497,2.1461
46.8316,0.5361,2.3138
46.8318,0.5483,2.3644
46.8320,0.6114,2.6315
46.8322,0.7075,3.0449
46.8324,0.7131,3.0691
46.8326,0.7939,3.4138
46.8328,0.8504,3.6515
46.8330,0.9206,3.9496
46.8332,0.9401,4.0291
46.8334,1.0109,4.3349
46.8336,1.0222,4.3832
46.8338,1.0154,4.3478
46.8340,1.0416,4.4603
46.8342,1.0838,4.6432
46.8344,1.0564,4.5298
46.8346,1.0763,4.6044
46.8348,1.2008,5.1248
46.8350,1.1404,4.8788
46.8352,1.1662,4.9844
46.8354,1.2671,5.4179
46.8356,1.1854,5.0735
46.8358,1.1591,4.9681
46.8360,1.1334,4.8531
46.8362,1.0837,4.6383
46.8364,1.1192,4.7947
46.8366,1.0644,4.5642
46.8368,1.0292,4.4172
46.8370,0.9937,4.2648
46.8372,0.9784,4.2014
46.8374,0.934,4.0104
46.8376,0.9347,4.0154
46.8378,0.9527,4.0888
46.8380,0.9625,4.131
46.8382,0.9535,4.0905
46.8384,0.9631,4.1355
46.8386,0.9986,4.2899
46.8388,0.9527,4.0945
46.8390,0.9292,3.9861
46.8392,1.0129,4.3512
46.8394,0.9372,4.0262
46.8396,0.8673,3.7293
46.8398,0.8439,3.6288
46.8400,0.8898,3.8227
46.8402,0.9447,4.0624
46.8404,0.8788,3.7788
46.8406,0.8931,3.8438
46.8408,0.8742,3.7557
46.8410,0.857,3.6884
46.8412,0.8184,3.5206
46.8414,0.8462,3.6386
46.8416,0.8614,3.7024
46.8418,0.9124,3.9196
46.8420,0.9282,3.9913
46.8422,0.9097,3.9119
46.8424,0.8488,3.6499
46.8426,0.806,3.4691
46.8428,0.7875,3.3928
46.8430,0.7636,3.291
46.8432,0.7479,3.2203
46.8434,0.7597,3.2729
46.8436,0.7551,3.2513
46.8438,0.7632,3.2849
46.8440,0.7684,3.3086
46.8442,0.7644,3.2946
46.8444,0.6964,2.9988
46.8446,0.7216,3.1072
46.8448,0.7618,3.2832
46.8450,0.7485,3.2214
46.8452,0.8162,3.5064
46.8454,0.8744,3.7598
46.8456,0.8555,3.6822
46.8458,0.7644,3.2931
46.8460,0.7048,3.0392
46.8462,0.6879,2.9635
46.8464,0.6896,2.9776
46.8466,0.5668,2.4508
46.8468,0.5306,2.2921
46.8470,0.5582,2.4102
46.8472,0.55,2.3739
46.8474,0.5745,2.476
46.8476,0.5905,2.5488
46.8478,0.5425,2.3434
46.8480,0.5616,2.4241
46.8482,0.5709,2.4628
46.8484,0.5625,2.4299
46.8486,0.6073,2.6176
46.8488,0.6872,2.959
46.8490,0.6993,3.0126
46.8492,0.6402,2.7592
46.8494,0.6427,2.7726
46.8496,0.6428,2.7744
46.8498,0.6328,2.7297
46.8500,0.6293,2.7109
46.8502,0.636,2.7437
46.8504,0.6482,2.7925
46.8506,0.6581,2.8428
46.8508,0.5332,2.3025
46.8510,0.525,2.2647
46.8512,0.5674,2.4489
46.8514,0.5396,2.331
46.8516,0.5294,2.2859
46.8518,0.5208,2.2445
46.8520,0.6499,2.7985
46.8522,0.6513,2.8099
46.8524,0.5622,2.4266
46.8526,0.5933,2.5583
46.8528,0.6155,2.6527
46.8530,0.6633,2.8589
46.8532,0.6656,2.8688
46.8534,0.6735,2.9015
46.8536,0.6656,2.8661
46.8538,0.7223,3.1118
46.8540,0.6941,2.9876
46.8542,0.6898,2.9731
46.8544,0.6239,2.6914
46.8546,0.6173,2.6617
46.8548,0.6236,2.6904
46.8550,0.6513,2.806
46.8552,0.6609,2.8446
46.8554,0.7347,3.1606
46.8556,0.7551,3.2528
46.8558,0.6573,2.8331
46.8560,0.6016,2.5952
46.8562,0.6113,2.6359
46.8564,0.6652,2.8645
46.8566,0.672,2.8935
46.8568,0.6884,2.9656
46.8570,0.6579,2.8357
46.8572,0.6447,2.7788
46.8574,0.6547,2.8217
46.8576,0.6455,2.7819
46.8578,0.6557,2.8232
46.8580,0.7235,3.114
46.8582,0.7143,3.0729
46.8584,0.7669,3.3008
46.8586,0.7449,3.2014
46.8588,0.8041,3.456
46.8590,0.7694,3.3101
46.8592,0.739,3.1762
46.8594,0.771,3.3169
46.8596,0.7202,3.101
46.8598,0.7524,3.2369
46.8600,0.718,3.0917
46.8602,0.6569,2.8297
46.8604,0.6531,2.8124
46.8606,0.6678,2.8767
46.8608,0.6738,2.9052
46.8610,0.5957,2.5734
46.8612,0.5456,2.3569
46.8614,0.5108,2.2057
46.8616,0.4815,2.0784
46.8618,0.4812,2.0749
46.8620,0.6248,2.6905
46.8622,0.6792,2.9258
46.8624,0.6661,2.8722
46.8626,0.5016,2.1688
46.8628,0.4175,1.8053
46.8630,0.4182,1.8059
46.8632,0.4667,2.0133
46.8634,0.485,2.0943
46.8636,0.4862,2.0976
46.8638,0.5397,2.3283
46.8640,0.529,2.2822
46.8642,0.5086,2.1974
46.8644,0.4169,1.8027
46.8646,0.4042,1.7486
46.8648,0.4212,1.8189
46.8650,0.4704,2.0293
46.8652,0.5347,2.3012
46.8654,0.6531,2.8176
46.8656,0.5277,2.2776
46.8658,0.5283,2.2739
46.8660,0.6435,2.7698
46.8662,0.6362,2.7396
46.8664,0.6796,2.9238
46.8666,0.712,3.0602
46.8668,0.7828,3.358
46.8670,0.9045,3.8747
46.8672,0.9597,4.1134
46.8674,0.9903,4.2445
46.8676,1.003,4.299
46.8678,0.9795,4.1982
46.8680,0.9855,4.2279
46.8682,0.9739,4.176
46.8684,0.9792,4.2006
46.8686,0.9275,3.9752
46.8688,0.9489,4.071
46.8690,0.9509,4.0735
46.8692,0.9862,4.227
46.8694,0.9583,4.113
46.8696,0.9671,4.1506
46.8698,0.9546,4.0952
46.8700,0.8831,3.7921
46.8702,0.8632,3.7015
46.8704,0.9308,3.9933
46.8706,0.9151,3.9241
46.8708,0.9451,4.0545
46.8710,0.9165,3.9389
46.8712,0.8294,3.5648
46.8714,0.7973,3.433
46.8716,0.6911,2.9747
46.8718,0.7036,3.027
46.8720,0.7361,3.1667
46.8722,0.7515,3.2388
46.8724,0.7136,3.0726
46.8726,0.7498,3.2241
46.8728,0.7801,3.3545
46.8730,0.8137,3.4972
46.8732,0.845,3.625
46.8734,0.93,3.9878
46.8736,0.9283,3.9844
46.8738,0.8716,3.7427
46.8740,0.8453,3.6333
46.8742,0.8612,3.7013
46.8744,0.8593,3.6896
46.8746,0.8475,3.6409
46.8748,0.8132,3.4968
46.8750,0.7883,3.3911
46.8752,0.7776,3.3437
46.8754,0.8354,3.5905
46.8756,0.8521,3.6622
46.8758,0.824,3.5465
46.8760,0.768,3.3055
46.8762,0.7777,3.3442
46.8764,0.7902,3.3931
46.8766,0.845,3.6317
46.8768,0.8426,3.6181
46.8770,0.8626,3.711
46.8772,0.7525,3.2449
46.8774,0.6588,2.8419
46.8776,0.6241,2.6887
46.8778,0.6238,2.6884
46.8780,0.6282,2.7088
46.8782,0.6151,2.6536
46.8784,0.5861,2.5261
46.8786,0.684,2.9424
46.8788,0.6652,2.8725
46.8790,0.5344,2.3087
46.8792,0.5175,2.2315
46.8794,0.5576,2.4053
46.8796,0.4957,2.1424
46.8798,0.4517,1.9522
46.8800,0.4463,1.928
46.8802,0.4487,1.9392
46.8804,0.4534,1.9595
46.8806,0.4474,1.9327
46.8808,0.4467,1.9295
46.8810,0.4488,1.9389
46.8812,0.4525,1.9531
46.8814,0.4568,1.9708
46.8816,0.4523,1.9512
46.8818,0.4513,1.9497
46.8820,0.467,2.0167
46.8822,0.5229,2.2559
46.8824,0.5601,2.4162
46.8826,0.5499,2.3711
46.8828,0.538,2.3221
46.8830,0.4717,2.0359
46.8832,0.4636,1.9998
46.8834,0.5007,2.1592
46.8836,0.56,2.4157
46.8838,0.554,2.3898
46.8840,0.5417,2.3338
46.8842,0.5726,2.4689
46.8844,0.569,2.4522
46.8846,0.6202,2.6766
46.8848,0.4885,2.1084
46.8850,0.448,1.9335
46.8852,0.4482,1.9336
46.8854,0.452,1.952
46.8856,0.4528,1.9551
46.8858,0.4927,2.1255
46.8860,0.5167,2.229
46.8862,0.454,1.9611
46.8864,0.4483,1.9368
46.8866,0.4464,1.9285
46.8868,0.4469,1.9279
46.8870,0.4479,1.9329
46.8872,0.4603,1.9868
46.8874,0.4722,2.0389
46.8876,0.4666,2.0137
46.8878,0.4555,1.967
46.8880,0.4509,1.9468
46.8882,0.4526,1.9536
46.8884,0.4595,1.9841
46.8886,0.458,1.976
46.8888,0.4497,1.9407
46.8890,0.4397,1.8986
46.8892,0.4771,2.0583
46.8894,0.5203,2.2414
46.8896,0.5056,2.1793
46.8898,0.5831,2.5085
46.8900,0.6706,2.8864
46.8902,0.6281,2.702
46.8904,0.6542,2.8131
46.8906,0.6525,2.8085
46.8908,0.6156,2.652
46.8910,0.5806,2.4989
46.8912,0.6148,2.6472
46.8914,0.6085,2.624
46.8916,0.5913,2.546
46.8918,0.6224,2.6752
46.8920,0.7378,3.1651
46.8922,0.8065,3.4615
46.8924,0.8358,3.5887
46.8926,0.8136,3.4951
46.8928,0.765,3.2911
46.8930,0.6756,2.9035
46.8932,0.7416,3.1875
46.8934,0.7361,3.1653
46.8936,0.6904,2.9702
46.8938,0.6485,2.7884
46.8940,0.6634,2.8581
46.8942,0.6336,2.727
46.8944,0.6685,2.8772
46.8946,0.6523,2.8101
46.8948,0.5786,2.4912
46.8950,0.5675,2.4449
46.8952,0.6076,2.6101
46.8954,0.7109,3.0584
46.8956,0.6557,2.8259
46.8958,0.5408,2.3297
46.8960,0.5729,2.4704
46.8962,0.5727,2.4682
46.8964,0.5494,2.368
46.8966,0.5386,2.3204
46.8968,0.5253,2.2694
46.8970,0.4139,1.7881
46.8972,0.4096,1.767
46.8974,0.4503,1.9451
46.8976,0.422,1.8228
46.8978,0.4061,1.7536
46.8980,0.4054,1.7505
46.8982,0.4203,1.8131
46.8984,0.4565,1.9702
46.8986,0.5058,2.1788
46.8988,0.577,2.4834
46.8990,0.5981,2.5706
46.8992,0.6402,2.7566
46.8994,0.6363,2.7376
46.8996,0.6899,2.9654
46.8998,0.7025,3.0181
46.9000,0.7644,3.2793
46.9002,0.847,3.632
46.9004,0.863,3.7039
46.9006,0.8039,3.4502
46.9008,0.8404,3.6088
46.9010,0.8354,3.5822
46.9012,0.8452,3.6328
46.9014,0.7841,3.3699
46.9016,0.7682,3.2973
46.9018,0.7776,3.3406
46.9020,0.7999,3.4348
46.9022,0.8096,3.4732
46.9024,0.8883,3.8089
46.9026,0.9289,3.9832
46.9028,0.9166,3.9284
46.9030,0.9265,3.9729
46.9032,0.9111,3.9084
46.9034,0.8854,3.7966
46.9036,0.9366,4.018
46.9038,0.8782,3.7692
46.9040,0.837,3.5939
46.9042,0.8397,3.6074
46.9044,0.8269,3.5506
46.9046,0.8208,3.5227
46.9048,0.9153,3.9228
46.9050,0.9492,4.0682
46.9052,0.9028,3.8729
46.9054,0.8524,3.662
46.9056,0.8463,3.6306
46.9058,0.8629,3.7068
46.9060,0.8263,3.5514
46.9062,0.8145,3.4943
46.9064,0.8645,3.7106
46.9066,0.894,3.839
46.9068,0.813,3.4958
46.9070,0.7632,3.2772
46.9072,0.8445,3.628
46.9074,0.8085,3.4767
46.9076,0.7082,3.048
46.9078,0.6961,2.9958
46.9080,0.7023,3.0199
46.9082,0.7393,3.1792
46.9084,0.6959,2.9925
46.9086,0.7055,3.038
46.9088,0.7191,3.0949
46.9090,0.7094,3.0531
46.9092,0.656,2.8235
46.9094,0.7232,3.111
46.9096,0.7403,3.1833
46.9098,0.7452,3.203
46.9100,0.7651,3.2901
46.9102,0.753,3.241
46.9104,0.6886,2.9652
46.9106,0.7236,3.1102
46.9108,0.7343,3.1605
46.9110,0.663,2.8547
46.9112,0.6597,2.8408
46.9114,0.6758,2.9059
46.9116,0.7471,3.2127
46.9118,0.7061,3.0378
46.9120,0.7607,3.2725
46.9122,0.7156,3.08
46.9124,0.7228,3.1066
46.9126,0.7216,3.1087
46.9128,0.6575,2.8297
46.9130,0.6338,2.7293
46.9132,0.595,2.562
46.9134,0.6468,2.7863
46.9136,0.6127,2.6372
46.9138,0.6262,2.6962
46.9140,0.6513,2.806
46.9142,0.6704,2.8854
46.9144,0.6528,2.8095
46.9146,0.6393,2.7543
46.9148,0.6709,2.8875
46.9150,0.7258,3.1267
46.9152,0.7176,3.0873
46.9154,0.7463,3.2121
46.9156,0.659,2.839
46.9158,0.6155,2.6564
46.9160,0.527,2.2745
46.9162,0.5048,2.1767
46.9164,0.5417,2.3371
46.9166,0.5361,2.3117
46.9168,0.5336,2.3008
46.9170,0.5233,2.2574
46.9172,0.5296,2.2848
46.9174,0.5794,2.4972
46.9176,0.5519,2.3799
46.9178,0.5405,2.3319
46.9180,0.5408,2.3308
46.9182,0.5427,2.3369
46.9184,0.5717,2.4664
46.9186,0.5438,2.3437
46.9188,0.5371,2.3169
46.9190,0.5395,2.3272
46.9192,0.5321,2.2946
46.9194,0.5251,2.2631
46.9196,0.5228,2.2532
46.9198,0.5667,2.4413
46.9200,0.5379,2.3184
46.9202,0.5315,2.2931
46.9204,0.529,2.2822
46.9206,0.5215,2.2486
46.9208,0.5238,2.2574
46.9210,0.5287,2.2786
46.9212,0.5313,2.291
46.9214,0.5296,2.2838
46.9216,0.5296,2.2838
46.9218,0.53,2.2853
46.9220,0.5396,2.3234
46.9222,0.6318,2.718
46.9224,0.6946,2.9924
46.9226,0.6094,2.6227
46.9228,0.6499,2.7933
46.9230,0.7352,3.1626
46.9232,0.6709,2.8861
46.9234,0.6578,2.8273
46.9236,0.6975,2.9993
46.9238,0.7036,3.027
46.9240,0.7154,3.0775
46.9242,0.6789,2.9193
46.9244,0.7083,3.0414
46.9246,0.7414,3.182
46.9248,0.7762,3.3344
46.9250,0.8456,3.6259
46.9252,0.9017,3.8719
46.9254,0.7923,3.4055
46.9256,0.762,3.2812
46.9258,0.6329,2.7251
46.9260,0.6179,2.6618
46.9262,0.6131,2.6399
46.9264,0.6045,2.6028
46.9266,0.6127,2.6372
46.9268,0.6156,2.6508
46.9270,0.6413,2.76
46.9272,0.6759,2.9078
46.9274,0.6594,2.8419
46.9276,0.6024,2.5952
46.9278,0.6179,2.6606
46.9280,0.6075,2.6169
46.9282,0.5945,2.5611
46.9284,0.6528,2.8069
46.9286,0.7716,3.3163
46.9288,0.7192,3.0983
46.9290,0.5524,2.3842
46.9292,0.5257,2.2678
46.9294,0.5137,2.215
46.9296,0.5059,2.1784
46.9298,0.5691,2.4516
46.9300,0.4994,2.1575
46.9302,0.4144,1.7877
46.9304,0.4235,1.8304
46.9306,0.3813,1.6472
46.9308,0.3899,1.6838
46.9310,0.4188,1.8094
46.9312,0.4144,1.7885
46.9314,0.4271,1.8425
46.9316,0.4655,2.0044
46.9318,0.5669,2.44
46.9320,0.604,2.6031
46.9322,0.6156,2.6434
46.9324,0.6836,2.9408
46.9326,0.6868,2.952
46.9328,0.764,3.2808
46.9330,0.7642,3.2829
46.9332,0.8221,3.5267
46.9334,0.8843,3.7937
46.9336,0.8738,3.7467
46.9338,0.883,3.7845
46.9340,0.9709,4.1593
46.9342,0.9794,4.1938
46.9344,0.9736,4.1672
46.9346,0.9933,4.2553
46.9348,0.9898,4.2444
46.9350,0.9528,4.0855
46.9352,0.9077,3.8886
46.9354,0.9834,4.2186
46.9356,0.9659,4.1377
46.9358,0.9758,4.1803
46.9360,0.9693,4.1507
46.9362,0.9615,4.1192
46.9364,0.9433,4.0449
46.9366,0.9463,4.0634
46.9368,0.8866,3.7999
46.9370,0.9527,4.085
46.9372,0.989,4.2408
46.9374,0.9774,4.1929
46.9376,0.88,3.7805
46.9378,0.8457,3.6315
46.9380,0.8067,3.4722
46.9382,0.6932,2.9848
46.9384,0.7087,3.0486
46.9386,0.7152,3.0756
46.9388,0.7275,3.1296
46.9390,0.7818,3.3555
46.9392,0.8136,3.4951
46.9394,0.7722,3.3236
46.9396,0.7103,3.0558
46.9398,0.7322,3.1527
46.9400,0.7077,3.0473
46.9402,0.6997,3.0113
46.9404,0.6608,2.8454
46.9406,0.664,2.8567
46.9408,0.7416,3.1875
46.9410,0.7621,3.2772
46.9412,0.7756,3.3349
46.9414,0.8091,3.4777
46.9416,0.813,3.4974
46.9418,0.6995,3.0122
46.9420,0.6539,2.8116
46.9422,0.7535,3.2446
46.9424,0.6548,2.8183
46.9426,0.6825,2.9375
46.9428,0.7031,3.0291
46.9430,0.7022,3.0208
46.9432,0.7608,3.27
46.9434,0.6949,2.9949
46.9436,0.6627,2.8537
46.9438,0.6816,2.9293
46.9440,0.7172,3.0867
46.9442,0.6938,2.9833
46.9444,0.7784,3.3488
46.9446,0.7452,3.2045
46.9448,0.7783,3.3468
46.9450,0.7549,3.2523
46.9452,0.6648,2.8638
46.9454,0.6176,2.662
46.9456,0.5979,2.5768
46.9458,0.575,2.4827
46.9460,0.4867,2.1006
46.9462,0.4979,2.1487
46.9464,0.4895,2.1145
46.9466,0.4758,2.0535
46.9468,0.494,2.1302
46.9470,0.506,2.1849
46.9472,0.5107,2.2031
46.9474,0.471,2.0347
46.9476,0.4031,1.7407
46.9478,0.4128,1.7851
46.9480,0.4184,1.8056
46.9482,0.5048,2.1767
46.9484,0.497,2.1471
46.9486,0.4594,1.9835
46.9488,0.4592,1.9812
46.9490,0.4609,1.9903
46.9492,0.4576,1.9767
46.9494,0.4523,1.9521
46.9496,0.4789,2.066
46.9498,0.4923,2.124
46.9500,0.4975,2.1482
46.9502,0.4494,1.9397
46.9504,0.4703,2.0288
46.9506,0.4486,1.9369
46.9508,0.4674,2.0173
46.9510,0.4532,1.9562
46.9512,0.4511,1.9469
46.9514,0.4486,1.9369
46.9516,0.4455,1.9217
46.9518,0.4669,2.0134
46.9520,0.4871,2.0983
46.9522,0.522,2.2496
46.9524,0.5548,2.3901
46.9526,0.5748,2.4741
46.9528,0.5778,2.4893
46.9530,0.5908,2.5439
46.9532,0.591,2.5449
46.9534,0.6124,2.6344
46.9536,0.6127,2.6384
46.9538,0.541,2.3318
46.9540,0.5357,2.3091
46.9542,0.5409,2.3302
46.9544,0.5722,2.4604
46.9546,0.654,2.816
46.9548,0.6441,2.775
46.9550,0.6049,2.606
46.9552,0.5748,2.4764
46.9554,0.5734,2.4679
46.9556,0.6604,2.8413
46.9558,0.6458,2.7809
46.9560,0.6242,2.6855
46.9562,0.6727,2.8939
46.9564,0.6631,2.8539
46.9566,0.6566,2.8247
46.9568,0.6345,2.7349
46.9570,0.5658,2.4376
46.9572,0.5583,2.4051
46.9574,0.5845,2.5147
46.9576,0.6383,2.7445
46.9578,0.6802,2.9236
46.9580,0.7295,3.1398
46.9582,0.6584,2.8391
46.9584,0.5443,2.3458
46.9586,0.5385,2.3199
46.9588,0.5295,2.2822
46.9590,0.5414,2.3323
46.9592,0.5953,2.5623
46.9594,0.6024,2.5928
46.9596,0.575,2.4769
46.9598,0.5764,2.4854
46.9600,0.5658,2.4388
46.9602,0.5899,2.5368
46.9604,0.6447,2.775
46.9606,0.6031,2.5971
46.9608,0.6024,2.5928
46.9610,0.6047,2.6026
46.9612,0.6227,2.6837
46.9614,0.5696,2.4548
46.9616,0.591,2.5414
46.9618,0.6198,2.6751
46.9620,0.4444,1.9197
46.9622,0.419,1.8074
46.9624,0.4877,2.1008
46.9626,0.5408,2.3297
46.9628,0.5259,2.2677
46.9630,0.4646,2.0054
46.9632,0.4041,1.7448
46.9634,0.4048,1.748
46.9636,0.405,1.749
46.9638,0.4208,1.8134
46.9640,0.4861,2.0912
46.9642,0.5511,2.373
46.9644,0.568,2.4447
46.9646,0.6277,2.7004
46.9648,0.6516,2.8044
46.9650,0.5555,2.3954
46.9652,0.5351,2.3022
46.9654,0.6492,2.7915
46.9656,0.6414,2.7567
46.9658,0.6775,2.9104
46.9660,0.7533,3.233
46.9662,0.7993,3.4258
46.9664,0.8735,3.7422
46.9666,0.9653,4.1409
46.9668,0.8521,3.6553
46.9670,0.8703,3.7335
46.9672,0.8373,3.5937
46.9674,0.8244,3.5365
46.9676,0.8453,3.6299
46.9678,0.8679,3.7215
46.9680,0.898,3.8542
46.9682,0.8565,3.6778
46.9684,0.8398,3.6029
46.9686,0.848,3.6345
46.9688,0.9221,3.9484
46.9690,0.9892,4.2319
46.9692,0.9618,4.1222
46.9694,0.8962,3.85
46.9696,0.8464,3.6312
46.9698,0.8548,3.6672
46.9700,0.8298,3.5597
46.9702,0.8601,3.6932
46.9704,0.8306,3.5666
46.9706,0.8015,3.4447
46.9708,0.7437,3.1948
46.9710,0.8252,3.5434
46.9712,0.8101,3.4818
46.9714,0.8064,3.4626
46.9716,0.8009,3.4389
46.9718,0.8187,3.514
46.9720,0.8698,3.7297
46.9722,0.9043,3.8742
46.9724,0.941,4.0351
46.9726,0.9295,3.9895
46.9728,0.9425,4.0413
46.9730,0.8933,3.8323
46.9732,0.8801,3.7775
46.9734,0.8967,3.8485
46.9736,0.8453,3.6265
46.9738,0.8453,3.6333
46.9740,0.837,3.5955
46.9742,0.8403,3.6066
46.9744,0.836,3.5914
46.9746,0.8427,3.6186
46.9748,0.8364,3.5896
46.9750,0.8372,3.5932
46.9752,0.853,3.6646
46.9754,0.8421,3.6177
46.9756,0.8397,3.6091
46.9758,0.8416,3.619
46.9760,0.7951,3.4158
46.9762,0.7987,3.4344
46.9764,0.7289,3.1373
46.9766,0.6774,2.914
46.9768,0.704,3.0285
46.9770,0.7529,3.239
46.9772,0.7286,3.1372
46.9774,0.7054,3.0305
46.9776,0.7626,3.2807
46.9778,0.6962,2.9978
46.9780,0.6768,2.9114
46.9782,0.6728,2.893
46.9784,0.6745,2.903
46.9786,0.6674,2.8752
46.9788,0.6603,2.846
46.9790,0.6083,2.6217
46.9792,0.595,2.562
46.9794,0.6295,2.7157
46.9796,0.5459,2.3574
46.9798,0.5137,2.215
46.9800,0.4873,2.1022
46.9802,0.5136,2.2145
46.9804,0.5338,2.3029
46.9806,0.5305,2.2884
46.9808,0.5566,2.3979
46.9810,0.6246,2.6908
46.9812,0.6114,2.6364
46.9814,0.554,2.3898
46.9816,0.5336,2.3019
46.9818,0.5421,2.3354
46.9820,0.6299,2.7084
46.9822,0.7591,3.2643
46.9824,0.6685,2.8825
46.9826,0.5561,2.3991
46.9828,0.5405,2.3297
46.9830,0.5398,2.3277
46.9832,0.5586,2.4044
46.9834,0.6245,2.6865
46.9836,0.6618,2.8496
46.9838,0.6965,2.9965
46.9840,0.6877,2.9611
46.9842,0.6973,2.9982
46.9844,0.6751,2.9109
46.9846,0.5459,2.3541
46.9848,0.5429,2.3379
46.9850,0.6211,2.677
46.9852,0.5434,2.3432
46.9854,0.5374,2.3174
46.9856,0.5312,2.2915
46.9858,0.5288,2.2812
46.9860,0.5281,2.277
46.9862,0.5337,2.2992
46.9864,0.5473,2.3609
46.9866,0.5329,2.2967
46.9868,0.5591,2.4121
46.9870,0.527,2.2713
46.9872,0.5278,2.2771
46.9874,0.536,2.3101
46.9876,0.608,2.6207
46.9878,0.5476,2.3613
46.9880,0.5383,2.321
46.9882,0.5396,2.3234
46.9884,0.5859,2.5204
46.9886,0.6675,2.8717
46.9888,0.6857,2.9473
46.9890,0.748,3.2163
46.9892,0.7693,3.3066
46.9894,0.815,3.4996
46.9896,0.7579,3.2637
46.9898,0.6371,2.7394
46.9900,0.6919,2.9736
46.9902,0.7566,3.2489
46.9904,0.8003,3.4443
46.9906,0.7248,3.1197
46.9908,0.7359,3.1613
46.9910,0.7367,3.1723
46.9912,0.6681,2.8769
46.9914,0.6813,2.9269
46.9916,0.7697,3.3096
46.9918,0.6793,2.9236
46.9920,0.6552,2.8199
46.9922,0.6724,2.8955
46.9924,0.6727,2.8912
46.9926,0.7408,3.1839
46.9928,0.7663,3.2952
46.9930,0.7706,3.3138
46.9932,0.7415,3.19
46.9934,0.6651,2.86
46.9936,0.6723,2.8896
46.9938,0.7185,3.0938
46.9940,0.6393,2.7517
46.9942,0.6883,2.9609
46.9944,0.6837,2.9372
46.9946,0.7336,3.1559
46.9948,0.707,3.04
46.9950,0.7006,3.0127
46.9952,0.6622,2.853
46.9954,0.6342,2.7346
46.9956,0.5765,2.4894
46.9958,0.4247,1.8348
46.9960,0.4002,1.7299
46.9962,0.4046,1.7469
46.9964,0.4373,1.8891
46.9966,0.4044,1.7472
46.9968,0.4043,1.7451
46.9970,0.4542,1.9631
46.9972,0.4009,1.7309
46.9974,0.4128,1.7826
46.9976,0.4606,1.9869
46.9978,0.5252,2.2625
46.9980,0.519,2.2367
46.9982,0.5239,2.2568
46.9984,0.6018,2.5866
46.9986,0.7162,3.0768
46.9988,0.756,3.2478
46.9990,0.7355,3.1627
46.9992,0.7651,3.2885
46.9994,0.8072,3.4646
46.9996,0.7923,3.4055
46.9998,0.7179,3.0812
47.0000,0.9552,4.0901
47.0002,0.9814,4.2045
47.0004,0.9716,4.1663
47.0006,0.9138,3.9166
47.0008,0.9577,4.1009
47.0010,0.9992,4.2865
47.0012,0.9362,4.0127
47.0014,0.9741,4.1732
47.0016,0.938,4.0204
47.0018,0.9605,4.1223
47.0020,0.9121,3.9149
47.0022,0.8908,3.8215
47.0024,0.8876,3.8094
47.0026,0.8825,3.7895
47.0028,0.8822,3.7845
47.0030,0.8795,3.7731
47.0032,0.8975,3.8539
47.0034,0.8545,3.6708
47.0036,0.8233,3.5368
47.0038,0.8187,3.5189
47.0040,0.7855,3.3824
47.0042,0.6793,2.9222
47.0044,0.698,3.0013
47.0046,0.7039,3.028
47.0048,0.7208,3.0978
47.0050,0.8111,3.4827
47.0052,0.868,3.729
47.0054,0.8154,3.5077
47.0056,0.7889,3.3953
47.0058,0.7762,3.3313
47.0060,0.8493,3.6452
47.0062,0.8236,3.5433
47.0064,0.7005,3.0191
47.0066,0.6879,2.9608
47.0068,0.6777,2.9196
47.0070,0.6784,2.9213
47.0072,0.6656,2.8661
47.0074,0.6486,2.7902
47.0076,0.6943,2.9867
47.0078,0.6732,2.8986
47.0080,0.6916,2.9754
47.0082,0.713,3.07
47.0084,0.6836,2.9422
47.0086,0.7118,3.062
47.0088,0.751,3.2337
47.0090,0.6808,2.9289
47.0092,0.6745,2.9016
47.0094,0.6805,2.9274
47.0096,0.7342,3.1585
47.0098,0.6938,2.9874
47.0100,0.7041,3.0304
47.0102,0.7353,3.1631
47.0104,0.6691,2.8837
47.0106,0.6076,2.6198
47.0108,0.6058,2.6109
47.0110,0.5929,2.552
47.0112,0.6238,2.6871
47.0114,0.5738,2.4763
47.0116,0.5265,2.2703
47.0118,0.5869,2.5286
47.0120,0.6072,2.6171
47.0122,0.6011,2.5895
47.0124,0.5957,2.5627
47.0126,0.6302,2.7138
47.0128,0.6558,2.8251
47.0130,0.612,2.639
47.0132,0.5339,2.3034
47.0134,0.4931,2.13
47.0136,0.5068,2.1855
47.0138,0.5782,2.4909
47.0140,0.5949,2.5627
47.0142,0.5666,2.443
47.0144,0.5634,2.4284
47.0146,0.6109,2.6258
47.0148,0.6281,2.7095
47.0150,0.5074,2.1901
47.0152,0.5149,2.2191
47.0154,0.5387,2.3252
47.0156,0.4583,1.9789
47.0158,0.4476,1.9328
47.0160,0.4531,1.9548
47.0162,0.4639,2.0032
47.0164,0.4538,1.9579
47.0166,0.4481,1.9349
47.0168,0.4492,1.9395
47.0170,0.4474,1.9309
47.0172,0.4471,1.9289
47.0174,0.4446,1.9199
47.0176,0.4464,1.9267
47.0178,0.4499,1.9417
47.0180,0.4549,1.9626
47.0182,0.4632,2.0001
47.0184,0.4597,1.9851
47.0186,0.4567,1.9712
47.0188,0.4603,1.9877
47.0190,0.4598,1.9847
47.0192,0.4571,1.9737
47.0194,0.4529,1.9538
47.0196,0.4546,1.9619
47.0198,0.4505,1.9434
47.0200,0.4547,1.9597
47.0202,0.5048,2.1737
47.0204,0.5427,2.3412
47.0206,0.4968,2.1431
47.0208,0.5164,2.2248
47.0210,0.5043,2.1737
47.0212,0.5142,2.216
47.0214,0.5456,2.3514
47.0216,0.5781,2.4857
47.0218,0.7004,3.0046
47.0220,0.7452,3.2074
47.0222,0.6732,2.8973
47.0224,0.6685,2.8758
47.0226,0.6516,2.8005
47.0228,0.6628,2.8555
47.0230,0.5974,2.5711
47.0232,0.6464,2.7783
47.0234,0.7054,3.0319
47.0236,0.7329,3.1455
47.0238,0.7872,3.3818
47.0240,0.754,3.2406
47.0242,0.7573,3.255
47.0244,0.6714,2.8949
47.0246,0.5302,2.2863
47.0248,0.5445,2.3446
47.0250,0.5974,2.5723
47.0252,0.5892,2.5396
47.0254,0.5717,2.4618
47.0256,0.574,2.4716
47.0258,0.5899,2.5415
47.0260,0.5813,2.502
47.0262,0.567,2.4417
47.0264,0.5977,2.5703
47.0266,0.6328,2.7234
47.0268,0.5995,2.5828
47.0270,0.5728,2.4699
47.0272,0.5039,2.1706
47.0274,0.5235,2.2584
47.0276,0.5027,2.1674
47.0278,0.5102,2.198
47.0280,0.5336,2.2976
47.0282,0.5763,2.4872
47.0284,0.4404,1.9008
47.0286,0.4072,1.7575
47.0288,0.4095,1.769
47.0290,0.4076,1.7599
47.0292,0.4311,1.8613
47.0294,0.401,1.7298
47.0296,0.3899,1.6822
47.0298,0.429,1.8517
47.0300,0.4181,1.8063
47.0302,0.4047,1.7458
47.0304,0.4532,1.9526
47.0306,0.5254,2.2657
47.0308,0.5516,2.3784
47.0310,0.5422,2.3348
47.0312,0.563,2.4241
47.0314,0.6794,2.916
47.0316,0.7512,3.2227
47.0318,0.7787,3.3421
47.0320,0.8065,3.4583
47.0322,0.857,3.6713
47.0324,0.8813,3.7773
47.0326,0.8939,3.8277
47.0328,0.9849,4.2154
47.0330,0.9956,4.2611
47.0332,0.9842,4.2104
47.0334,0.9782,4.1867
47.0336,0.982,4.2071
47.0338,0.9783,4.1892
47.0340,0.9409,4.0365
47.0342,0.9378,4.0175
47.0344,0.985,4.2179
47.0346,0.9391,4.025
47.0348,0.9206,3.9477
47.0350,0.9077,3.8886
47.0352,0.9413,4.0324
47.0354,0.9329,4.002
47.0356,0.8991,3.857
47.0358,0.9529,4.0841
47.0360,0.9435,4.0422
47.0362,0.9378,4.0175
47.0364,0.9021,3.8698
47.0366,0.8313,3.5713
47.0368,0.8258,3.5476
47.0370,0.8108,3.4832
47.0372,0.7935,3.4091
47.0374,0.7805,3.356
47.0376,0.8383,3.5945
47.0378,0.9223,3.9586
47.0380,0.8716,3.7374
47.0382,0.872,3.7442
47.0384,0.8739,3.7525
47.0386,0.8817,3.7842
47.0388,0.874,3.753
47.0390,0.8874,3.8071
47.0392,0.8738,3.7537
47.0394,0.779,3.3514
47.0396,0.7513,3.2277
47.0398,0.8047,3.457
47.0400,0.7805,3.356
47.0402,0.7569,3.256
47.0404,0.7663,3.2952
47.0406,0.8091,3.4744
47.0408,0.8545,3.6708
47.0410,0.8571,3.6855
47.0412,0.7402,3.1872
47.0414,0.7145,3.0739
47.0416,0.7464,3.2111
47.0418,0.6935,2.9836
47.0420,0.7169,3.0828
47.0422,0.76,3.2679
47.0424,0.7312,3.1441
47.0426,0.7276,3.1243
47.0428,0.7396,3.1817
47.0430,0.6955,2.9961
47.0432,0.7091,3.0507
47.0434,0.7398,3.1827
47.0436,0.7381,3.1755
47.0438,0.6885,2.9633
47.0440,0.6786,2.9205
47.0442,0.6699,2.882
47.0444,0.6685,2.8785
47.0446,0.6485,2.7949
47.0448,0.5909,2.548
47.0450,0.5571,2.4022
47.0452,0.5503,2.3738
47.0454,0.5536,2.3883
47.0456,0.5547,2.3918
47.0458,0.6118,2.6306
47.0460,0.68,2.9281
47.0462,0.5525,2.3858
47.0464,0.4895,2.1145
47.0466,0.4848,2.0904
47.0468,0.532,2.2952
47.0470,0.5658,2.4376
47.0472,0.6152,2.6517
47.0474,0.5642,2.4327
47.0476,0.5287,2.2807
47.0478,0.5276,2.275
47.0480,0.5386,2.3193
47.0482,0.588,2.5332
47.0484,0.6133,2.6447
47.0486,0.5562,2.3997
47.0488,0.5495,2.3685
47.0490,0.5353,2.3081
47.0492,0.5239,2.26
47.0494,0.5274,2.2739
47.0496,0.5278,2.2739
47.0498,0.5427,2.3401
47.0500,0.5319,2.2957
47.0502,0.5559,2.3948
47.0504,0.5528,2.3824
47.0506,0.571,2.461
47.0508,0.5758,2.4782
47.0510,0.6475,2.7868
47.0512,0.6774,2.9167
47.0514,0.6668,2.8713
47.0516,0.6597,2.8382
47.0518,0.6567,2.8253
47.0520,0.7258,3.1209
47.0522,0.7696,3.3122
47.0524,0.6991,3.0046
47.0526,0.7076,3.0482
47.0528,0.6246,2.6908
47.0530,0.6114,2.6327
47.0532,0.6245,2.6877
47.0534,0.6306,2.7153
47.0536,0.6877,2.9583
47.0538,0.7066,3.037
47.0540,0.7065,3.0393
47.0542,0.6745,2.9016
47.0544,0.6768,2.9155
47.0546,0.6284,2.706
47.0548,0.666,2.8623
47.0550,0.7381,3.1711
47.0552,0.7374,3.1709
47.0554,0.7239,3.1127
47.0556,0.7124,3.0632
47.0558,0.6645,2.8588
47.0560,0.7777,3.338
47.0562,0.8254,3.5477
47.0564,0.7343,3.159
47.0566,0.722,3.1102
47.0568,0.6693,2.8767
47.0570,0.7006,3.0155
47.0572,0.6401,2.7587
47.0574,0.5917,2.5469
47.0576,0.6308,2.7164
47.0578,0.6518,2.808
47.0580,0.6902,2.9706
47.0582,0.6632,2.8544
47.0584,0.6505,2.7997
47.0586,0.6794,2.9268
47.0588,0.6569,2.8245
47.0590,0.6895,2.9619
47.0592,0.747,3.2062
47.0594,0.809,3.482
47.0596,0.6987,3.0128
47.0598,0.5693,2.4549
47.0600,0.5451,2.3494
47.0602,0.5764,2.4831
47.0604,0.5872,2.5331
47.0606,0.5305,2.2842
47.0608,0.622,2.6732
47.0610,0.65,2.8068
47.0612,0.4499,1.9444
47.0614,0.3985,1.7221
47.0616,0.4001,1.7278
47.0618,0.3975,1.7172
47.0620,0.3957,1.7102
47.0622,0.4239,1.826
47.0624,0.5007,2.1582
47.0626,0.4952,2.1354
47.0628,0.4515,1.9503
47.0630,0.4044,1.7464
47.0632,0.4068,1.7576
47.0634,0.4154,1.791
47.0636,0.5591,2.4054
47.0638,0.6427,2.7636
47.0640,0.7043,3.0286
47.0642,0.6962,2.9964
47.0644,0.6341,2.7227
47.0646,0.7451,3.1995
47.0648,0.7873,3.3854
47.0650,0.7308,3.1411
47.0652,0.7674,3.2937
47.0654,0.8066,3.462
47.0656,0.8926,3.8221
47.0658,1,4.2841
47.0660,0.9153,3.9246
47.0662,0.9299,3.9836
47.0664,0.9727,4.1709
47.0666,0.9683,4.1519
47.0668,0.9612,4.1177
47.0670,0.963,4.1273
47.0672,0.9378,4.0194
47.0674,0.9671,4.1429
47.0676,0.9534,4.0881
47.0678,0.9447,4.0492
47.0680,1.0143,4.3473
47.0682,0.9218,3.9603
47.0684,0.8299,3.5602
47.0686,0.8607,3.6907
47.0688,0.9264,3.9724
47.0690,0.9276,3.9794
47.0692,0.8588,3.691
47.0694,0.8995,3.8626
47.0696,0.9174,3.9394
47.0698,0.8521,3.6605
47.0700,0.7572,3.2606
47.0702,0.7235,3.1111
47.0704,0.7903,3.3936
47.0706,0.7919,3.4003
47.0708,0.8341,3.5832
47.0710,0.8757,3.7602
47.0712,0.8888,3.8145
47.0714,0.9113,3.9058
47.0716,0.9155,3.9348
47.0718,0.8265,3.5474
47.0720,0.88,3.7752
47.0722,0.8922,3.8294
47.0724,0.8783,3.7733
47.0726,0.8853,3.7996
47.0728,0.9059,3.8917
47.0730,0.8367,3.5945
47.0732,0.8131,3.493
47.0734,0.831,3.5731
47.0736,0.8145,3.5008
47.0738,0.773,3.3256
47.0740,0.7534,3.241
47.0742,0.7865,3.3818
47.0744,0.7904,3.4004
47.0746,0.7626,3.2807
47.0748,0.7703,3.3138
47.0750,0.7846,3.372
47.0752,0.7899,3.3936
47.0754,0.7618,3.2817
47.0756,0.6693,2.8848
47.0758,0.6422,2.7667
47.0760,0.6292,2.7091
47.0762,0.6294,2.7114
47.0764,0.6837,2.9454
47.0766,0.6317,2.725
47.0768,0.6045,2.6004
47.0770,0.7252,3.1198
47.0772,0.6982,3.0135
47.0774,0.5444,2.3495
47.0776,0.5103,2.2015
47.0778,0.5181,2.2372
47.0780,0.5005,2.1611
47.0782,0.519,2.2388
47.0784,0.5361,2.3128
47.0786,0.501,2.1622
47.0788,0.4928,2.126
47.0790,0.521,2.2476
47.0792,0.5164,2.23
47.0794,0.5109,2.2092
47.0796,0.4379,1.8917
47.0798,0.4263,1.8415
47.0800,0.4248,1.8344
47.0802,0.504,2.1701
47.0804,0.6142,2.6446
47.0806,0.5356,2.3107
47.0808,0.4732,2.044
47.0810,0.458,1.9778
47.0812,0.508,2.1937
47.0814,0.461,1.9889
47.0816,0.4512,1.9483
47.0818,0.4541,1.9608
47.0820,0.4519,1.9514
47.0822,0.4638,1.9999
47.0824,0.5266,2.2666
47.0826,0.645,2.776
47.0828,0.5404,2.3346
47.0830,0.4589,1.9805
47.0832,0.454,1.9593
47.0834,0.4568,1.9717
47.0836,0.4597,1.9823
47.0838,0.507,2.185
47.0840,0.5359,2.3096
47.0842,0.5455,2.3509
47.0844,0.5723,2.4667
47.0846,0.5592,2.4104
47.0848,0.5687,2.4557
47.0850,0.468,2.0189
47.0852,0.458,1.9769
47.0854,0.465,2.0051
47.0856,0.4663,2.0117
47.0858,0.4559,1.9685
47.0860,0.4542,1.9585
47.0862,0.5049,2.1773
47.0864,0.5403,2.3276
47.0866,0.5056,2.1824
47.0868,0.4552,1.9627
47.0870,0.4534,1.9549
47.0872,0.5039,2.1716
47.0874,0.5505,2.3704
47.0876,0.5542,2.3875
47.0878,0.5421,2.3365
47.0880,0.5825,2.5083
47.0882,0.6374,2.7422
47.0884,0.6774,2.9126
47.0886,0.6722,2.8945
47.0888,0.654,2.8121
47.0890,0.6964,2.996
47.0892,0.6403,2.7546
47.0894,0.6723,2.8923
47.0896,0.7645,3.2844
47.0898,0.7994,3.4375
47.0900,0.7001,3.0106
47.0902,0.6934,2.9817
47.0904,0.6501,2.7956
47.0906,0.6917,2.9786
47.0908,0.6353,2.7355
47.0910,0.6209,2.6698
47.0912,0.6841,2.9401
47.0914,0.6774,2.914
47.0916,0.6293,2.7109
47.0918,0.5929,2.5532
47.0920,0.5909,2.5421
47.0922,0.6016,2.5868
47.0924,0.6734,2.897
47.0926,0.6931,2.9816
47.0928,0.7134,3.065
47.0930,0.7507,3.2282
47.0932,0.7028,3.0205
47.0934,0.7087,3.0543
47.0936,0.5789,2.4916
47.0938,0.6164,2.6519
47.0940,0.6191,2.6645
47.0942,0.6228,2.6793
47.0944,0.6503,2.8026
47.0946,0.6209,2.6735
47.0948,0.5922,2.5513
47.0950,0.4784,2.0659
47.0952,0.4248,1.8336
47.0954,0.4321,1.8669
47.0956,0.4428,1.9112
47.0958,0.4168,1.7997
47.0960,0.406,1.7539
47.0962,0.4091,1.7633
47.0964,0.4841,2.0863
47.0966,0.4841,2.0863
47.0968,0.4899,2.1126
47.0970,0.492,2.1185
47.0972,0.547,2.3587
47.0974,0.5398,2.3234
47.0976,0.6669,2.8664
47.0978,0.6939,2.9824
47.0980,0.7063,3.0355
47.0982,0.7102,3.0511
47.0984,0.772,3.3133
47.0986,0.8016,3.4372
47.0988,0.8575,3.6699
47.0990,0.9959,4.2627
47.0992,1.007,4.3139
47.0994,0.9801,4.2047
47.0996,0.9182,3.9356
47.0998,0.9145,3.9179
47.1000,0.9548,4.0885
47.1002,0.9534,4.0881
47.1004,0.9585,4.1064
47.1006,0.963,4.1312
47.1008,0.8976,3.8508
47.1010,0.9142,3.9255
47.1012,0.8679,3.7232
47.1014,0.9107,3.9032
47.1016,0.8781,3.7687
47.1018,0.7951,3.411
47.1020,0.8629,3.7016
47.1022,0.9349,4.0089
47.1024,0.9306,3.9923
47.1026,0.8635,3.7077
47.1028,0.8295,3.562
47.1030,0.8208,3.5244
47.1032,0.7952,3.4179
47.1034,0.7861,3.3724
47.1036,0.8584,3.6826
47.1038,0.8445,3.628
47.1040,0.8489,3.6437
47.1042,0.8853,3.8031
47.1044,0.8245,3.542
47.1046,0.7925,3.406
47.1048,0.7915,3.3971
47.1050,0.8901,3.822
47.1052,0.8729,3.7518
47.1054,0.8157,3.5044
47.1056,0.8194,3.5236
47.1058,0.7704,3.3112
47.1060,0.8245,3.542
47.1062,0.8258,3.5394
47.1064,0.8607,3.6958
47.1066,0.7994,3.4343
47.1068,0.8305,3.5677
47.1070,0.831,3.5698
47.1072,0.822,3.5295
47.1074,0.853,3.6663
47.1076,0.7648,3.29
47.1078,0.7733,3.322
47.1080,0.7541,3.2441
47.1082,0.7039,3.0294
47.1084,0.6834,2.9452
47.1086,0.668,2.8764
47.1088,0.7053,3.0328
47.1090,0.7567,3.2524
47.1092,0.7928,3.4076
47.1094,0.7789,3.354
47.1096,0.6909,2.9764
47.1098,0.6197,2.6659
47.1100,0.7238,3.1151
47.1102,0.7006,3.0169
47.1104,0.6741,2.9041
47.1106,0.6432,2.7734
47.1108,0.5938,2.5592
47.1110,0.5804,2.5002
47.1112,0.5917,2.5469
47.1114,0.6794,2.9228
47.1116,0.718,3.0917
47.1118,0.6811,2.9327
47.1120,0.6852,2.9516
47.1122,0.6632,2.8571
47.1124,0.6206,2.675
47.1126,0.6128,2.6389
47.1128,0.6193,2.6656
47.1130,0.6393,2.7492
47.1132,0.673,2.8995
47.1134,0.6415,2.7623
47.1136,0.6581,2.8309
47.1138,0.7151,3.0779
47.1140,0.7156,3.0857
47.1142,0.612,2.6377
47.1144,0.5555,2.3954
47.1146,0.5292,2.2828
47.1148,0.5275,2.2755
47.1150,0.5276,2.275
47.1152,0.5296,2.2848
47.1154,0.5386,2.3236
47.1156,0.5381,2.3215
47.1158,0.5258,2.2693
47.1160,0.5234,2.2558
47.1162,0.5269,2.2729
47.1164,0.5295,2.2854
47.1166,0.557,2.3983
47.1168,0.6144,2.6456
47.1170,0.6103,2.6342
47.1172,0.5374,2.3184
47.1174,0.5776,2.486
47.1176,0.6253,2.6951
47.1178,0.5774,2.4872
47.1180,0.5795,2.4989
47.1182,0.5301,2.2848
47.1184,0.5269,2.2708
47.1186,0.5236,2.26
47.1188,0.5226,2.2533
47.1190,0.5252,2.2636
47.1192,0.5228,2.2543
47.1194,0.5329,2.2956
47.1196,0.5373,2.3169
47.1198,0.5365,2.3111
47.1200,0.5931,2.5502
47.1202,0.6591,2.8409
47.1204,0.5982,2.5759
47.1206,0.6405,2.7582
47.1208,0.6232,2.6833
47.1210,0.6379,2.7455
47.1212,0.6372,2.7425
47.1214,0.6771,2.9102
47.1216,0.7218,3.1025
47.1218,0.7354,3.1622
47.1220,0.7471,3.2112
47.1222,0.7765,3.3313
47.1224,0.8258,3.5443
47.1226,0.833,3.5802
47.1228,0.7909,3.4009
47.1230,0.7636,3.2803
47.1232,0.7248,3.1183
47.1234,0.71,3.0543
47.1236,0.7366,3.1703
47.1238,0.7386,3.1746
47.1240,0.7507,3.2267
47.1242,0.7336,3.1515
47.1244,0.7938,3.4117
47.1246,0.7584,3.2642
47.1248,0.6646,2.8606
47.1250,0.648,2.7941
47.1252,0.5756,2.4806
47.1254,0.5732,2.4692
47.1256,0.5823,2.5107
47.1258,0.5874,2.5306
47.1260,0.6071,2.6153
47.1262,0.6085,2.624
47.1264,0.4698,2.0286
47.1266,0.4562,1.9701
47.1268,0.4422,1.9086
47.1270,0.4727,2.041
47.1272,0.4068,1.7576
47.1274,0.3999,1.7275
47.1276,0.3935,1.6985
47.1278,0.3939,1.7016
47.1280,0.4214,1.8194
47.1282,0.4149,1.7914
47.1284,0.392,1.6926
47.1286,0.3901,1.6851
47.1288,0.3903,1.6861
47.1290,0.4059,1.7542
47.1292,0.3886,1.6788
47.1294,0.3963,1.7096
47.1296,0.4116,1.7766
47.1298,0.4097,1.7692
47.1300,0.4259,1.8365
47.1302,0.4825,2.0777
47.1304,0.5245,2.2584
47.1306,0.6181,2.6616
47.1308,0.6775,2.9091
47.1310,0.7247,3.1163
47.1312,0.6868,2.952
47.1314,0.7691,3.3055
47.1316,0.7386,3.1717
47.1318,0.7657,3.2865
47.1320,0.8565,3.6709
47.1322,0.8925,3.8233
47.1324,0.9111,3.903
47.1326,0.9811,4.199
47.1328,0.9852,4.2145
47.1330,0.9949,4.26
47.1332,0.9915,4.2496
47.1334,0.9687,4.152
47.1336,0.9139,3.9208
47.1338,0.8928,3.832
47.1340,0.8548,3.6672
47.1342,0.8923,3.8246
47.1344,0.9468,4.0541
47.1346,0.9635,4.1255
47.1348,0.9832,4.2083
47.1350,0.98,4.2003
47.1352,0.9651,4.1385
47.1354,0.9726,4.1684
47.1356,0.9637,4.1342
47.1358,0.9706,4.1602
47.1360,0.9782,4.1926
47.1362,0.9224,3.9573
47.1364,0.8952,3.8423
47.1366,0.9022,3.8704
47.1368,0.9376,4.0259
47.1370,0.9007,3.8624
47.1372,0.9391,4.0288
47.1374,0.8704,3.741
47.1376,0.7864,3.3829
47.1378,0.7878,3.3796
47.1380,0.8503,3.6493
47.1382,0.8639,3.7149
47.1384,0.7919,3.4114
47.1386,0.7095,3.048
47.1388,0.8163,3.5037
47.1390,0.8423,3.6204
47.1392,0.7718,3.322
47.1394,0.7265,3.1255
47.1396,0.6865,2.9546
47.1398,0.6927,2.9828
47.1400,0.7,3.0115
47.1402,0.6965,2.9965
47.1404,0.7379,3.1715
47.1406,0.8106,3.4822
47.1408,0.7643,3.2849
47.1410,0.7381,3.1726
47.1412,0.7344,3.1595
47.1414,0.7058,3.0405
47.1416,0.651,2.8083
47.1418,0.6048,2.6055
47.1420,0.654,2.8121
47.1422,0.7489,3.2189
47.1424,0.7324,3.1522
47.1426,0.7017,3.0215
47.1428,0.6474,2.7941
47.1430,0.5389,2.3257
47.1432,0.5204,2.2429
47.1434,0.5775,2.4901
47.1436,0.5311,2.291
47.1438,0.5103,2.2005
47.1440,0.5712,2.4586
47.1442,0.6531,2.8124
47.1444,0.6259,2.6977
47.1446,0.5921,2.552
47.1448,0.5862,2.5302
47.1450,0.5036,2.1746
47.1452,0.4891,2.111
47.1454,0.507,2.1881
47.1456,0.5122,2.2067
47.1458,0.5533,2.3845
47.1460,0.4967,2.1455
47.1462,0.4174,1.8032
47.1464,0.4119,1.7785
47.1466,0.4464,1.9276
47.1468,0.4614,1.9933
47.1470,0.4667,2.0095
47.1472,0.5613,2.4225
47.1474,0.4931,2.1271
47.1476,0.5264,2.2698
47.1478,0.5223,2.2543
47.1480,0.4536,1.9587
47.1482,0.4489,1.9385
47.1484,0.4564,1.9706
47.1486,0.4744,2.0464
47.1488,0.4512,1.9492
47.1490,0.4342,1.8748
47.1492,0.4534,1.9558
47.1494,0.4643,2.002
47.1496,0.4546,1.9619
47.1498,0.4397,1.8995
47.1500,0.4458,1.925
47.1502,0.4528,1.9532
47.1504,0.4724,2.0362
47.1506,0.5031,2.1695
47.1508,0.5242,2.2605
47.1510,0.5545,2.3875
47.1512,0.6042,2.5981
47.1514,0.6506,2.8029
47.1516,0.5945,2.5599
47.1518,0.5775,2.4843
47.1520,0.6068,2.6131
47.1522,0.6214,2.6756
47.1524,0.6461,2.7781
47.1526,0.6776,2.9109
47.1528,0.7063,3.0397
47.1530,0.6212,2.6738
47.1532,0.601,2.589
47.1534,0.5511,2.3785
47.1536,0.5058,2.1809
47.1538,0.5417,2.3327
47.1540,0.5527,2.3808
47.1542,0.5586,2.4089
47.1544,0.5499,2.3678
47.1546,0.5555,2.391
47.1548,0.6077,2.6167
47.1550,0.6453,2.7775
47.1552,0.6774,2.914
47.1554,0.6702,2.883
47.1556,0.6751,2.9055
47.1558,0.669,2.8752
47.1560,0.72,3.0904
47.1562,0.7679,3.2973
47.1564,0.7326,3.1503
47.1566,0.6663,2.8705
47.1568,0.5903,2.5418
47.1570,0.5462,2.354
47.1572,0.6005,2.5845
47.1574,0.5776,2.4894
47.1576,0.5251,2.262
47.1578,0.5711,2.4581
47.1580,0.5698,2.4536
47.1582,0.6258,2.6972
47.1584,0.5811,2.5032
47.1586,0.5814,2.5048
47.1588,0.5801,2.4991
47.1590,0.567,2.4417
47.1592,0.6077,2.6143
47.1594,0.6369,2.7414
47.1596,0.606,2.6095
47.1598,0.6302,2.7113
47.1600,0.6125,2.6386
47.1602,0.5756,2.4829
47.1604,0.5447,2.3478
47.1606,0.5359,2.3074
47.1608,0.5202,2.246
47.1610,0.4229,1.8261
47.1612,0.4124,1.7789
47.1614,0.4432,1.911
47.1616,0.441,1.9034
47.1618,0.4106,1.7736
47.1620,0.3985,1.7205
47.1622,0.3976,1.7161
47.1624,0.4012,1.73
47.1626,0.4634,2.0011
47.1628,0.4052,1.7479
47.1630,0.4536,1.9523
47.1632,0.5369,2.3121
47.1634,0.5426,2.3385
47.1636,0.5131,2.2114
47.1638,0.5366,2.3095
47.1640,0.6476,2.7874
47.1642,0.6843,2.9384
47.1644,0.7288,3.128
47.1646,0.7751,3.3282
47.1648,0.754,3.2376
47.1650,0.7796,3.34
47.1652,0.8473,3.6348
47.1654,0.8373,3.5971
47.1656,0.8037,3.448
47.1658,0.8636,3.703
47.1660,0.9018,3.8652
47.1662,0.916,3.9259
47.1664,0.935,4.0076
47.1666,0.9567,4.0987
47.1668,0.9264,3.9761
47.1670,0.8938,3.829
47.1672,0.9522,4.0811
47.1674,0.9926,4.2503
47.1676,0.984,4.2153
47.1678,0.9329,3.9983
47.1680,0.9223,3.9549
47.1682,0.8378,3.6008
47.1684,0.7191,3.0935
47.1686,0.7588,3.2627
47.1688,0.7367,3.1649
47.1690,0.7328,3.1479
47.1692,0.7549,3.2432
47.1694,0.7885,3.3859
47.1696,0.8202,3.5218
47.1698,0.7855,3.3793
47.1700,0.7483,3.2134
47.1702,0.8758,3.7502
47.1704,0.9653,4.1448
47.1706,0.8753,3.7551
47.1708,0.9125,3.9109
47.1710,0.9386,4.0249
47.1712,0.9109,3.9079
47.1714,0.887,3.8068
47.1716,0.9523,4.0835
47.1718,0.9373,4.0173
47.1720,0.9361,4.0197
47.1722,0.8768,3.7666
47.1724,0.8417,3.6128
47.1726,0.8398,3.6062
47.1728,0.8234,3.5373
47.1730,0.789,3.3927
47.1732,0.8101,3.4834
47.1734,0.7879,3.3849
47.1736,0.8095,3.4776
47.1738,0.7921,3.4045
47.1740,0.7626,3.2777
47.1742,0.8109,3.4838
47.1744,0.8402,3.6078
47.1746,0.7989,3.4355
47.1748,0.7768,3.3401
47.1750,0.8042,3.4581
47.1752,0.7865,3.3834
47.1754,0.7211,3.1023
47.1756,0.7168,3.0823
47.1758,0.7236,3.1145
47.1760,0.6222,2.6804
47.1762,0.5869,2.5309
47.1764,0.6059,2.6102
47.1766,0.6136,2.6445
47.1768,0.5727,2.4671
47.1770,0.577,2.4857
47.1772,0.6287,2.7083
47.1774,0.6024,2.5976
47.1776,0.5546,2.3935
47.1778,0.4947,2.1363
47.1780,0.5065,2.185
47.1782,0.5443,2.3479
47.1784,0.5363,2.3116
47.1786,0.5348,2.306
47.1788,0.5343,2.3029
47.1790,0.5324,2.2935
47.1792,0.5357,2.3091
47.1794,0.533,2.2982
47.1796,0.5473,2.3554
47.1798,0.6885,2.9661
47.1800,0.6426,2.7695
47.1802,0.5705,2.4589
47.1804,0.5503,2.3727
47.1806,0.5395,2.3262
47.1808,0.5381,2.3205
47.1810,0.5385,2.3199
47.1812,0.544,2.3458
47.1814,0.5408,2.334
47.1816,0.5389,2.3247
47.1818,0.5391,2.3235
47.1820,0.5378,2.32
47.1822,0.5295,2.2832
47.1824,0.5257,2.2646
47.1826,0.6226,2.6795
47.1828,0.6961,2.9917
47.1830,0.7728,3.3184
47.1832,0.7733,3.3313
47.1834,0.576,2.485
47.1836,0.5325,2.2962
47.1838,0.5367,2.311
47.1840,0.5967,2.568
47.1842,0.5958,2.5656
47.1844,0.6063,2.6117
47.1846,0.6125,2.6398
47.1848,0.5391,2.3225
47.1850,0.5401,2.3287
47.1852,0.5338,2.3019
47.1854,0.5272,2.2713
47.1856,0.5224,2.2517
47.1858,0.5254,2.2667
47.1860,0.5296,2.2827
47.1862,0.6308,2.7088
47.1864,0.771,3.3138
47.1866,0.7543,3.2452
47.1868,0.6802,2.9277
47.1870,0.6287,2.7046
47.1872,0.6444,2.776
47.1874,0.5811,2.5044
47.1876,0.5649,2.4335
47.1878,0.6455,2.7768
47.1880,0.7175,3.0854
47.1882,0.7054,3.0333
47.1884,0.724,3.1132
47.1886,0.727,3.1261
47.1888,0.7127,3.0605
47.1890,0.7438,3.1998
47.1892,0.6753,2.9066
47.1894,0.6702,2.883
47.1896,0.7356,3.1617
47.1898,0.7645,3.2844
47.1900,0.7377,3.1705
47.1902,0.7131,3.0663
47.1904,0.7405,3.1814
47.1906,0.7656,3.289
47.1908,0.787,3.3792
47.1910,0.7752,3.3318
47.1912,0.7503,3.2291
47.1914,0.6891,2.9632
47.1916,0.7017,3.0173
47.1918,0.7515,3.2313
47.1920,0.7608,3.2745
47.1922,0.657,2.8276
47.1924,0.6392,2.7525
47.1926,0.5988,2.5785
47.1928,0.6354,2.736
47.1930,0.6794,2.9228
47.1932,0.6857,2.9473
47.1934,0.6545,2.8155
47.1936,0.6084,2.621
47.1938,0.5904,2.5424
47.1940,0.6198,2.6676
47.1942,0.6209,2.6772
47.1944,0.5137,2.216
47.1946,0.4859,2.097
47.1948,0.4883,2.1044
47.1950,0.5029,2.1675
47.1952,0.4994,2.1545
47.1954,0.5021,2.1658
47.1956,0.4774,2.0593
47.1958,0.4744,2.0464
47.1960,0.482,2.0785
47.1962,0.5528,2.3824
47.1964,0.5531,2.3829
47.1966,0.5673,2.4438
47.1968,0.6443,2.769
47.1970,0.7626,3.2746
47.1972,0.7534,3.238
47.1974,0.7041,3.029
47.1976,0.714,3.0675
47.1978,0.7519,3.2333
47.1980,0.7346,3.1556
47.1982,0.7772,3.339
47.1984,0.7537,3.235
47.1986,0.8352,3.5828
47.1988,0.8757,3.7584
47.1990,0.8425,3.6142
47.1992,0.8796,3.7701
47.1994,0.9346,4.0036
47.1996,0.9531,4.0852
47.1998,0.957,4.1016
47.2000,0.9489,4.0653
47.2002,0.9684,4.1485
47.2004,0.9908,4.2465
47.2006,0.9643,4.1349
47.2008,0.9614,4.1187
47.2010,1.0082,4.3211
47.2012,0.9691,4.1555
47.2014,0.9246,3.9702
47.2016,0.8664,3.7136
47.2018,0.9163,3.9256
47.2020,0.9617,4.1236
47.2022,0.9166,3.9339
47.2024,0.9095,3.9054
47.2026,0.9076,3.8935
47.2028,0.9487,4.0699
47.2030,0.9265,3.9748
47.2032,0.9274,3.9765
47.2034,0.8969,3.8477
47.2036,0.8652,3.724
47.2038,0.7182,3.0928
47.2040,0.7272,3.1257
47.2042,0.7711,3.3127
47.2044,0.8417,3.6128
47.2046,0.9027,3.8724
47.2048,0.8685,3.731
47.2050,0.8545,3.669
47.2052,0.8371,3.6028
47.2054,0.7051,3.0346
47.2056,0.6932,2.9876
47.2058,0.6884,2.9614
47.2060,0.7772,3.3406
47.2062,0.8018,3.4494
47.2064,0.7617,3.2751
47.2066,0.7175,3.0854
47.2068,0.7188,3.0939
47.2070,0.7664,3.2973
47.2072,0.7304,3.142
47.2074,0.7995,3.4332
47.2076,0.798,3.4409
47.2078,0.6338,2.728
47.2080,0.686,2.9525
47.2082,0.6407,2.7587
47.2084,0.6151,2.65
47.2086,0.6675,2.8798
47.2088,0.5681,2.4486
47.2090,0.5698,2.457
47.2092,0.5337,2.3003
47.2094,0.5964,2.5694
47.2096,0.6703,2.8876
47.2098,0.6007,2.5904
47.2100,0.5624,2.4272
47.2102,0.522,2.2518
47.2104,0.512,2.2078
47.2106,0.5456,2.3537
47.2108,0.5696,2.4548
47.2110,0.5924,2.5507
47.2112,0.5953,2.5648
47.2114,0.5858,2.5234
47.2116,0.6018,2.5939
47.2118,0.5973,2.5778
47.2120,0.5494,2.3702
47.2122,0.5356,2.3107
47.2124,0.5346,2.3061
47.2126,0.5995,2.5793
47.2128,0.7117,3.0616
47.2130,0.6491,2.7949
47.2132,0.6425,2.7665
47.2134,0.6,2.5885
47.2136,0.5495,2.3707
47.2138,0.5769,2.4852
47.2140,0.5781,2.4939
47.2142,0.463,2
47.2144,0.4501,1.9446
47.2146,0.4518,1.9491
47.2148,0.4645,2.0068
47.2150,0.4533,1.9581
47.2152,0.4493,1.9419
47.2154,0.4461,1.9252
47.2156,0.4481,1.934
47.2158,0.4492,1.9405
47.2160,0.447,1.9302
47.2162,0.4434,1.9138
47.2164,0.4437,1.9131
47.2166,0.4482,1.9354
47.2168,0.4493,1.9392
47.2170,0.4533,1.9554
47.2172,0.5031,2.1675
47.2174,0.5956,2.5658
47.2176,0.5802,2.5032
47.2178,0.469,2.025
47.2180,0.4519,1.9506
47.2182,0.451,1.9455
47.2184,0.4536,1.9569
47.2186,0.4559,1.9676
47.2188,0.4536,1.9578
47.2190,0.4582,1.9775
47.2192,0.4522,1.9507
47.2194,0.475,2.0471
47.2196,0.533,2.2962
47.2198,0.5697,2.4531
47.2200,0.5581,2.4041
47.2202,0.5491,2.3643
47.2204,0.5542,2.3876
47.2206,0.5641,2.4299
47.2208,0.5788,2.49
47.2210,0.6365,2.7381
47.2212,0.6591,2.8343
47.2214,0.6772,2.9108
47.2216,0.7129,3.0596
47.2218,0.809,3.474
47.2220,0.8165,3.5043
47.2222,0.8452,3.6345
47.2224,0.7161,3.0835
47.2226,0.6482,2.7861
47.2228,0.6814,2.9302
47.2230,0.6355,2.7353
47.2232,0.6189,2.6648
47.2234,0.6034,2.597
47.2236,0.6679,2.872
47.2238,0.6987,3.0073
47.2240,0.6521,2.8039
47.2242,0.6641,2.8581
47.2244,0.6372,2.7438
47.2246,0.578,2.4887
47.2248,0.5868,2.5281
47.2250,0.5757,2.4789
47.2252,0.5474,2.3603
47.2254,0.4818,2.0775
47.2256,0.5222,2.2549
47.2258,0.4405,1.9014
47.2260,0.4836,2.0853
47.2262,0.4555,1.967
47.2264,0.3969,1.7146
47.2266,0.3926,1.6944
47.2268,0.3951,1.7053
47.2270,0.3951,1.7068
47.2272,0.3941,1.7027
47.2274,0.414,1.7862
47.2276,0.5084,2.1882
47.2278,0.5367,2.3154
47.2280,0.4265,1.8409
47.2282,0.3956,1.7089
47.2284,0.3705,1.5992
47.2286,0.4012,1.7309
47.2288,0.4169,1.8003
47.2290,0.3927,1.6965
47.2292,0.3938,1.6988
47.2294,0.4338,1.8716
47.2296,0.4421,1.9046
47.2298,0.5623,2.4154
47.2300,0.6978,2.9962
47.2302,0.6988,3.0022
47.2304,0.6752,2.8994
47.2306,0.7322,3.1439
47.2308,0.7372,3.1685
47.2310,0.7679,3.2943
47.2312,0.8099,3.4743
47.2314,0.8303,3.5618
47.2316,0.8714,3.733
47.2318,0.8811,3.7764
47.2320,0.8654,3.7073
47.2322,0.924,3.9585
47.2324,0.9991,4.2801
47.2326,0.9956,4.2592
47.2328,0.9887,4.2314
47.2330,0.9647,4.1327
47.2332,0.9729,4.1662
47.2334,0.9794,4.1939
47.2336,0.9167,3.929
47.2338,0.9325,4.0006
47.2340,0.9003,3.864
47.2342,0.8774,3.7604
47.2344,0.9065,3.8871
47.2346,0.883,3.7864
47.2348,0.9143,3.9187
47.2350,0.9595,4.1144
47.2352,0.9469,4.0566
47.2354,0.9668,4.1438
47.2356,0.9426,4.0457
47.2358,0.8536,3.6604
47.2360,0.8851,3.7933
47.2362,0.9086,3.8959
47.2364,0.8777,3.7672
47.2366,0.7865,3.3803
47.2368,0.7673,3.2979
47.2370,0.7874,3.3829
47.2372,0.7885,3.3875
47.2374,0.7867,3.3782
47.2376,0.8196,3.516
47.2378,0.8647,3.7077
47.2380,0.8316,3.5708
47.2382,0.8125,3.4857
47.2384,0.9071,3.8952
47.2386,0.841,3.6114
47.2388,0.8191,3.5189
47.2390,0.795,3.4137
47.2392,0.8004,3.4385
47.2394,0.808,3.471
47.2396,0.7612,3.2716
47.2398,0.7874,3.3829
47.2400,0.8175,3.5154
47.2402,0.76,3.2679
47.2404,0.7817,3.3597
47.2406,0.835,3.5874
47.2408,0.7904,3.3957
47.2410,0.8091,3.4777
47.2412,0.7759,3.335
47.2414,0.8008,3.4416
47.2416,0.8106,3.4823
47.2418,0.7912,3.4036
47.2420,0.7323,3.1547
47.2422,0.6446,2.7771
47.2424,0.5958,2.5656
47.2426,0.6885,2.9606
47.2428,0.7415,3.19
47.2430,0.6674,2.8739
47.2432,0.6495,2.797
47.2434,0.6539,2.8195
47.2436,0.594,2.5591
47.2438,0.6024,2.594
47.2440,0.6191,2.667
47.2442,0.6141,2.6466
47.2444,0.6289,2.7082
47.2446,0.6383,2.7484
47.2448,0.6106,2.634
47.2450,0.5344,2.3066
47.2452,0.4862,2.0986
47.2454,0.4829,2.0841
47.2456,0.5376,2.3179
47.2458,0.5449,2.344
47.2460,0.6772,2.9135
47.2462,0.6886,2.9653
47.2464,0.6103,2.6293
47.2466,0.5864,2.5284
47.2468,0.5378,2.3211
47.2470,0.53,2.2864
47.2472,0.5244,2.2611
47.2474,0.5239,2.26
47.2476,0.5323,2.2941
47.2478,0.5361,2.3064
47.2480,0.6106,2.634
47.2482,0.537,2.3175
47.2484,0.5174,2.2311
47.2486,0.5459,2.353
47.2488,0.5438,2.3459
47.2490,0.5328,2.2973
47.2492,0.5539,2.3816
47.2494,0.6744,2.9038
47.2496,0.5894,2.5413
47.2498,0.5559,2.3937
47.2500,0.6181,2.6617
47.2502,0.6226,2.682
47.2504,0.6319,2.7211
47.2506,0.6555,2.8215
47.2508,0.6721,2.8913
47.2510,0.6802,2.9251
47.2512,0.722,3.103
47.2514,0.742,3.1936
47.2516,0.6426,2.7683
47.2518,0.6276,2.7037
47.2520,0.6329,2.7227
47.2522,0.6475,2.7856
47.2524,0.6828,2.9373
47.2526,0.7108,3.0537
47.2528,0.7335,3.1511
47.2530,0.7223,3.1089
47.2532,0.7156,3.0772
47.2534,0.7138,3.0694
47.2536,0.7008,3.0188
47.2538,0.6358,2.7389
47.2540,0.6378,2.7451
47.2542,0.6591,2.8343
47.2544,0.7124,3.0632
47.2546,0.7504,3.2207
47.2548,0.8226,3.5322
47.2550,0.7759,3.3381
47.2552,0.7684,3.3025
47.2554,0.7533,3.2421
47.2556,0.6575,2.8324
47.2558,0.6286,2.7028
47.2560,0.7545,3.2397
47.2562,0.7342,3.163
47.2564,0.6031,2.5983
47.2566,0.6373,2.743
47.2568,0.7203,3.0987
47.2570,0.6806,2.9293
47.2572,0.65,2.7964
47.2574,0.6699,2.8821
47.2576,0.6462,2.7799
47.2578,0.6771,2.9103
47.2580,0.7125,3.068
47.2582,0.6843,2.9453
47.2584,0.6865,2.9546
47.2586,0.6822,2.9374
47.2588,0.6467,2.7872
47.2590,0.63,2.7141
47.2592,0.5924,2.5495
47.2594,0.6397,2.7521
47.2596,0.6318,2.7294
47.2598,0.4482,1.9372
47.2600,0.4017,1.7361
47.2602,0.3933,1.6991
47.2604,0.3935,1.7001
47.2606,0.3961,1.7102
47.2608,0.3983,1.72
47.2610,0.3959,1.7113
47.2612,0.3952,1.7058
47.2614,0.4513,1.9489
47.2616,0.4226,1.8255
47.2618,0.4046,1.7478
47.2620,0.4036,1.7436
47.2622,0.4042,1.7454
47.2624,0.4033,1.7413
47.2626,0.4124,1.7798
47.2628,0.424,1.8283
47.2630,0.5433,2.3395
47.2632,0.5948,2.5562
47.2634,0.7356,3.1618
47.2636,0.7793,3.3463
47.2638,0.7727,3.3195
47.2640,0.7599,3.2644
47.2642,0.7468,3.2127
47.2644,0.7103,3.0531
47.2646,0.7571,3.248
47.2648,0.8281,3.5509
47.2650,0.8514,3.6489
47.2652,0.9595,4.1125
47.2654,0.9806,4.2029
47.2656,0.9339,4.0025
47.2658,0.9221,3.9521
47.2660,0.9523,4.0759
47.2662,0.9884,4.2383
47.2664,0.9318,3.9938
47.2666,0.9705,4.1598
47.2668,0.9841,4.2178
47.2670,0.954,4.0908
47.2672,0.9667,4.1433
47.2674,0.967,4.1463
47.2676,0.9655,4.142
47.2678,0.9169,3.9355
47.2680,0.9095,3.8964
47.2682,0.9743,4.1776
47.2684,0.9436,4.0517
47.2686,0.8678,3.7228
47.2688,0.8538,3.6643
47.2690,0.8451,3.6239
47.2692,0.8878,3.8158
47.2694,0.8362,3.5892
47.2696,0.8931,3.8385
47.2698,0.7794,3.3499
47.2700,0.774,3.3267
47.2702,0.7922,3.4051
47.2704,0.8034,3.4562
47.2706,0.7402,3.1814
47.2708,0.7233,3.1131
47.2710,0.6921,2.9761
47.2712,0.7222,3.1099
47.2714,0.7239,3.1142
47.2716,0.6993,3.0112
47.2718,0.6611,2.8439
47.2720,0.7179,3.0841
47.2722,0.8101,3.4802
47.2724,0.8135,3.493
47.2726,0.8065,3.4696
47.2728,0.7093,3.0541
47.2730,0.7204,3.0978
47.2732,0.7903,3.3968
47.2734,0.809,3.4724
47.2736,0.8193,3.5232
47.2738,0.7579,3.2577
47.2740,0.7402,3.1814
47.2742,0.7806,3.3535
47.2744,0.8334,3.5835
47.2746,0.8255,3.5445
47.2748,0.805,3.4629
47.2750,0.691,2.9742
47.2752,0.6493,2.7985
47.2754,0.6271,2.7029
47.2756,0.6334,2.7247
47.2758,0.7167,3.0832
47.2760,0.6632,2.8571
47.2762,0.5796,2.5029
47.2764,0.5121,2.2114
47.2766,0.4962,2.1405
47.2768,0.4878,2.1043
47.2770,0.4843,2.0903
47.2772,0.4953,2.1379
47.2774,0.5013,2.1598
47.2776,0.5229,2.259
47.2778,0.4176,1.8067
47.2780,0.4033,1.7429
47.2782,0.4245,1.8312
47.2784,0.465,2.0088
47.2786,0.4621,1.9955
47.2788,0.45,1.9423
47.2790,0.4475,1.9314
47.2792,0.4499,1.9436
47.2794,0.4684,2.0205
47.2796,0.5042,2.1752
47.2798,0.4914,2.1228
47.2800,0.4499,1.9436
47.2802,0.445,1.9206
47.2804,0.45,1.9432
47.2806,0.4491,1.9381
47.2808,0.4493,1.9401
47.2810,0.4501,1.9428
47.2812,0.4486,1.9352
47.2814,0.4558,1.968
47.2816,0.4644,2.0044
47.2818,0.462,1.9931
47.2820,0.4589,1.9797
47.2822,0.4612,1.9904
47.2824,0.4651,2.0075
47.2826,0.4639,2.0014
47.2828,0.4627,1.9971
47.2830,0.4784,2.0611
47.2832,0.527,2.2693
47.2834,0.6352,2.7337
47.2836,0.6254,2.6944
47.2838,0.5543,2.3903
47.2840,0.4768,2.0577
47.2842,0.4528,1.9542
47.2844,0.4633,1.9988
47.2846,0.479,2.0637
47.2848,0.5326,2.2967
47.2850,0.5352,2.3065
47.2852,0.5679,2.4465
47.2854,0.5561,2.3947
47.2856,0.5964,2.567
47.2858,0.6093,2.6235
47.2860,0.6125,2.635
47.2862,0.5906,2.5453
47.2864,0.5565,2.3974
47.2866,0.5594,2.4098
47.2868,0.5727,2.4683
47.2870,0.5576,2.4021
47.2872,0.571,2.4565
47.2874,0.642,2.758
47.2876,0.7178,3.085
47.2878,0.7864,3.3735
47.2880,0.802,3.4468
47.2882,0.7523,3.2349
47.2884,0.7313,3.1432
47.2886,0.691,2.9784
47.2888,0.5516,2.3795
47.2890,0.5605,2.4122
47.2892,0.5645,2.4331
47.2894,0.5325,2.2941
47.2896,0.6197,2.6647
47.2898,0.6617,2.8465
47.2900,0.6529,2.8088
47.2902,0.6527,2.8104
47.2904,0.6602,2.839
47.2906,0.7013,3.0144
47.2908,0.6813,2.9311
47.2910,0.6969,2.9953
47.2912,0.7384,3.1781
47.2914,0.6738,2.8972
47.2916,0.7036,3.0284
47.2918,0.6395,2.7523
47.2920,0.6571,2.8295
47.2922,0.6268,2.6964
47.2924,0.6503,2.8001
47.2926,0.5849,2.5222
47.2928,0.5245,2.2605
47.2930,0.4955,2.1345
47.2932,0.529,2.2791
47.2934,0.6057,2.6068
47.2936,0.6418,2.7634
47.2938,0.5597,2.4091
47.2940,0.6346,2.7362
47.2942,0.4829,2.0851
47.2944,0.4181,1.8055
47.2946,0.4247,1.8331
47.2948,0.4145,1.7883
47.2950,0.4083,1.7638
47.2952,0.3961,1.7118
47.2954,0.4013,1.7322
47.2956,0.4081,1.7603
47.2958,0.4116,1.775
47.2960,0.4998,2.1521
47.2962,0.5754,2.4779
47.2964,0.5716,2.4602
47.2966,0.6193,2.6668
47.2968,0.5924,2.5519
47.2970,0.5914,2.5454
47.2972,0.6772,2.9108
47.2974,0.7308,3.1397
47.2976,0.7774,3.3349
47.2978,0.8427,3.6119
47.2980,0.8547,3.6633
47.2982,0.8669,3.7175
47.2984,0.8615,3.6943
47.2986,0.943,4.0434
47.2988,0.9783,4.1873
47.2990,0.9719,4.1615
47.2992,0.9584,4.1079
47.2994,0.9708,4.155
47.2996,1.0138,4.3412
47.2998,0.9734,4.1779
47.3000,0.8993,3.8563
47.3002,0.9173,3.9316
47.3004,0.9116,3.9124
47.3006,0.8721,3.7431
47.3008,0.8883,3.8072
47.3010,0.8952,3.837
47.3012,0.8901,3.8256
47.3014,0.8094,3.4788
47.3016,0.8112,3.4832
47.3018,0.8281,3.5558
47.3020,0.8252,3.5418
47.3022,0.8853,3.7979
47.3024,0.9482,4.0566
47.3026,0.9467,4.0613
47.3028,0.8372,3.6
47.3030,0.7873,3.3824
47.3032,0.8362,3.5909
47.3034,0.8127,3.4899
47.3036,0.8107,3.4812
47.3038,0.8541,3.659
47.3040,0.9129,3.9162
47.3042,0.9064,3.8884
47.3044,0.8817,3.7842
47.3046,0.8671,3.7232
47.3048,0.884,3.7887
47.3050,0.9649,4.1395
47.3052,0.8532,3.6669
47.3054,0.775,3.3293
47.3056,0.7788,3.3442
47.3058,0.8223,3.5311
47.3060,0.8619,3.7028
47.3062,0.8415,3.6169
47.3064,0.7689,3.3046
47.3066,0.7979,3.4277
47.3068,0.7683,3.302
47.3070,0.7624,3.2798
47.3072,0.7478,3.2168
47.3074,0.7587,3.2577
47.3076,0.7715,3.3159
47.3078,0.7769,3.3437
47.3080,0.7125,3.0709
47.3082,0.6535,2.8127
47.3084,0.6769,2.9133
47.3086,0.6697,2.8824
47.3088,0.6186,2.6687
47.3090,0.6419,2.7613
47.3092,0.6577,2.8373
47.3094,0.5762,2.4856
47.3096,0.5971,2.5725
47.3098,0.5924,2.553
47.3100,0.5748,2.4776
47.3102,0.5862,2.5255
47.3104,0.6102,2.6288
47.3106,0.6037,2.5985
47.3108,0.6859,2.9548
47.3110,0.66,2.8445
47.3112,0.6746,2.9022
47.3114,0.6997,3.01
47.3116,0.715,3.076
47.3118,0.6557,2.822
47.3120,0.6209,2.6748
47.3122,0.6836,2.9395
47.3124,0.7462,3.2116
47.3126,0.7003,3.0126
47.3128,0.6943,2.9896
47.3130,0.6855,2.9546
47.3132,0.6337,2.7313
47.3134,0.5582,2.4057
47.3136,0.5488,2.3676
47.3138,0.5366,2.3138
47.3140,0.5308,2.2869
47.3142,0.5802,2.5032
47.3144,0.5383,2.3221
47.3146,0.5423,2.3386
47.3148,0.5265,2.2714
47.3150,0.5276,2.2761
47.3152,0.5251,2.2631
47.3154,0.5274,2.2719
47.3156,0.5338,2.303
47.3158,0.5278,2.2771
47.3160,0.5242,2.2605
47.3162,0.5251,2.2663
47.3164,0.5271,2.274
47.3166,0.5262,2.2678
47.3168,0.5782,2.4886
47.3170,0.6197,2.6696
47.3172,0.56,2.4157
47.3174,0.531,2.2884
47.3176,0.5286,2.2792
47.3178,0.5248,2.2642
47.3180,0.5236,2.2569
47.3182,0.5251,2.2642
47.3184,0.5286,2.2792
47.3186,0.527,2.2714
47.3188,0.5554,2.3905
47.3190,0.6846,2.945
47.3192,0.6654,2.8638
47.3194,0.6483,2.7892
47.3196,0.7031,3.0292
47.3198,0.6421,2.7649
47.3200,0.6343,2.7314
47.3202,0.6301,2.7108
47.3204,0.6402,2.7528
47.3206,0.6918,2.9704
47.3208,0.774,3.3267
47.3210,0.7239,3.1127
47.3212,0.7215,3.1039
47.3214,0.7253,3.1189
47.3216,0.747,3.2093
47.3218,0.7565,3.2545
47.3220,0.757,3.252
47.3222,0.7246,3.1158
47.3224,0.6757,2.9095
47.3226,0.6808,2.9331
47.3228,0.6643,2.8605
47.3230,0.6609,2.842
47.3232,0.7184,3.0862
47.3234,0.8005,3.4422
47.3236,0.7998,3.4375
47.3238,0.7514,3.2293
47.3240,0.7087,3.0515
47.3242,0.6619,2.8475
47.3244,0.7208,3.1037
47.3246,0.6199,2.6682
47.3248,0.6597,2.8408
47.3250,0.6294,2.7115
47.3252,0.5925,2.5524
47.3254,0.5704,2.463
47.3256,0.4663,2.0117
47.3258,0.4709,2.0352
47.3260,0.3953,1.7079
47.3262,0.3866,1.6708
47.3264,0.3938,1.7011
47.3266,0.3957,1.7086
47.3268,0.3964,1.7109
47.3270,0.4364,1.885
47.3272,0.3951,1.7053
47.3274,0.4305,1.8597
47.3276,0.3907,1.6877
47.3278,0.3837,1.6569
47.3280,0.3967,1.7144
47.3282,0.3887,1.6802
47.3284,0.4028,1.7392
47.3286,0.3866,1.6685
47.3288,0.4284,1.8483
47.3290,0.4419,1.9062
47.3292,0.4751,2.0466
47.3294,0.5378,2.3157
47.3296,0.5907,2.5434
47.3298,0.6306,2.7129
47.3300,0.6991,3.0004
47.3302,0.7608,3.267
47.3304,0.7903,3.3952
47.3306,0.7958,3.4141
47.3308,0.8418,3.6078
47.3310,0.8451,3.6273
47.3312,0.8651,3.7149
47.3314,0.8635,3.7026
47.3316,0.8734,3.7452
47.3318,0.9299,3.9855
47.3320,0.9288,3.9809
47.3322,0.9084,3.8899
47.3324,0.9684,4.1466
47.3326,0.9727,4.1671
47.3328,0.9842,4.2184
47.3330,0.9631,4.1298
47.3332,0.9584,4.1059
47.3334,0.9927,4.2548
47.3336,0.9931,4.2524
47.3338,0.9997,4.2807
47.3340,0.9709,4.1613
47.3342,0.939,4.0246
47.3344,0.977,4.1875
47.3346,0.9608,4.1201
47.3348,0.9589,4.1061
47.3350,0.9783,4.1912
47.3352,0.9801,4.2009
47.3354,0.9336,4.0015
47.3356,0.9328,3.9997
47.3358,0.9228,3.9626
47.3360,0.8683,3.7318
47.3362,0.8587,3.682
47.3364,0.8855,3.8007
47.3366,0.8466,3.6368
47.3368,0.8494,3.6492
47.3370,0.8944,3.8334
47.3372,0.9219,3.9585
47.3374,0.8554,3.6732
47.3376,0.845,3.6318
47.3378,0.8263,3.5531
47.3380,0.8262,3.5459
47.3382,0.8739,3.7543
47.3384,0.8081,3.4795
47.3386,0.7058,3.0377
47.3388,0.7025,3.0238
47.3390,0.6998,3.0119
47.3392,0.7386,3.1762
47.3394,0.7836,3.3648
47.3396,0.778,3.3484
47.3398,0.6942,2.989
47.3400,0.6542,2.8132
47.3402,0.7436,3.1943
47.3404,0.8191,3.5221
47.3406,0.7722,3.3221
47.3408,0.7071,3.042
47.3410,0.6873,2.9637
47.3412,0.6189,2.671
47.3414,0.5468,2.3599
47.3416,0.498,2.1463
47.3418,0.5533,2.3835
47.3420,0.5433,2.3449
47.3422,0.5346,2.3061
47.3424,0.5251,2.2652
47.3426,0.4993,2.155
47.3428,0.4921,2.1239
47.3430,0.4976,2.1477
47.3432,0.4987,2.1494
47.3434,0.5662,2.437
47.3436,0.6611,2.8492
47.3438,0.545,2.3522
47.3440,0.4769,2.0611
47.3442,0.4166,1.7996
47.3444,0.4567,1.9713
47.3446,0.4861,2.0961
47.3448,0.5494,2.368
47.3450,0.6454,2.7776
47.3452,0.5915,2.5482
47.3454,0.5805,2.4996
47.3456,0.5655,2.4373
47.3458,0.572,2.4663
47.3460,0.5486,2.3699
47.3462,0.4621,1.9955
47.3464,0.4521,1.9502
47.3466,0.4499,1.9409
47.3468,0.4495,1.9411
47.3470,0.4456,1.924
47.3472,0.4461,1.9234
47.3474,0.4506,1.944
47.3476,0.4499,1.9436
47.3478,0.4552,1.9645
47.3480,0.4667,2.0142
47.3482,0.4618,1.9921
47.3484,0.4692,2.0242
47.3486,0.4485,1.9356
47.3488,0.4531,1.9548
47.3490,0.4462,1.9248
47.3492,0.4979,2.1448
47.3494,0.5549,2.394
47.3496,0.509,2.1949
47.3498,0.5344,2.3024
47.3500,0.5645,2.4298
47.3502,0.6215,2.6737
47.3504,0.6415,2.7649
47.3506,0.5784,2.4908
47.3508,0.5697,2.4554
47.3510,0.6003,2.5848
47.3512,0.6136,2.6396
47.3514,0.6138,2.6468
47.3516,0.5368,2.3138
47.3518,0.5379,2.3163
47.3520,0.6058,2.6049
47.3522,0.6439,2.7714
47.3524,0.6572,2.8261
47.3526,0.6615,2.8486
47.3528,0.6379,2.7482
47.3530,0.5783,2.4891
47.3532,0.575,2.4747
47.3534,0.5802,2.4997
47.3536,0.6266,2.6933
47.3538,0.7167,3.0775
47.3540,0.7776,3.3406
47.3542,0.8358,3.5854
47.3544,0.8775,3.7662
47.3546,0.7966,3.422
47.3548,0.7793,3.3541
47.3550,0.6811,2.9328
47.3552,0.592,2.5491
47.3554,0.6118,2.6355
47.3556,0.5777,2.4888
47.3558,0.5756,2.4807
47.3560,0.5892,2.5408
47.3562,0.5705,2.4578
47.3564,0.5636,2.4267
47.3566,0.5669,2.4412
47.3568,0.5908,2.544
47.3570,0.5846,2.5183
47.3572,0.5736,2.4713
47.3574,0.5601,2.4151
47.3576,0.544,2.3437
47.3578,0.585,2.5262
47.3580,0.4419,1.9089
47.3582,0.3986,1.7203
47.3584,0.3938,1.6996
47.3586,0.3908,1.6874
47.3588,0.3895,1.6809
47.3590,0.3901,1.6851
47.3592,0.4012,1.7317
47.3594,0.4262,1.8376
47.3596,0.4317,1.864
47.3598,0.3907,1.6877
47.3600,0.3898,1.6825
47.3602,0.3953,1.7047
47.3604,0.4593,1.9821
47.3606,0.4072,1.76
47.3608,0.3932,1.6978
47.3610,0.3935,1.6985
47.3612,0.3964,1.7117
47.3614,0.3922,1.6928
47.3616,0.3878,1.6729
47.3618,0.3872,1.6703
47.3620,0.3957,1.7055
47.3622,0.4904,2.1108
47.3624,0.5535,2.3856
47.3626,0.5069,2.1825
47.3628,0.5356,2.3054
47.3630,0.5756,2.4761
47.3632,0.648,2.7864
47.3634,0.6823,2.9297
47.3636,0.7361,3.1609
47.3638,0.7359,3.1569
47.3640,0.8035,3.4439
47.3642,0.8739,3.7438
47.3644,0.8699,3.7338
47.3646,0.8568,3.672
47.3648,0.8595,3.6821
47.3650,0.9,3.854
47.3652,0.9801,4.197
47.3654,0.966,4.1364
47.3656,0.9693,4.1507
47.3658,1.0008,4.2893
47.3660,0.9889,4.2404
47.3662,0.9246,3.9611
47.3664,0.9316,3.989
47.3666,0.9426,4.0419
47.3668,0.9008,3.8607
47.3670,0.9342,4.0003
47.3672,0.9196,3.9469
47.3674,0.8338,3.5822
47.3676,0.8029,3.4477
47.3678,0.7914,3.3983
47.3680,0.7659,3.2871
47.3682,0.8047,3.4554
47.3684,0.8163,3.5021
47.3686,0.8692,3.7272
47.3688,0.9271,3.97
47.3690,0.9373,4.0193
47.3692,0.9098,3.9065
47.3694,0.8855,3.8007
47.3696,0.8708,3.7322
47.3698,0.9084,3.9008
47.3700,0.8138,3.4962
47.3702,0.7912,3.3973
47.3704,0.8319,3.5707
47.3706,0.8939,3.8349
47.3708,0.9148,3.9244
47.3710,0.9282,3.9802
47.3712,0.9075,3.8931
47.3714,0.8979,3.8483
47.3716,0.8604,3.6978
47.3718,0.7373,3.172
47.3720,0.7511,3.2298
47.3722,0.812,3.4868
47.3724,0.8484,3.6429
47.3726,0.8527,3.6614
47.3728,0.8615,3.6995
47.3730,0.8599,3.6888
47.3732,0.8595,3.6856
47.3734,0.8581,3.6811
47.3736,0.8558,3.6748
47.3738,0.8649,3.7174
47.3740,0.8051,3.4602
47.3742,0.7955,3.4206
47.3744,0.7358,3.1667
47.3746,0.6668,2.8713
47.3748,0.651,2.8019
47.3750,0.6661,2.8669
47.3752,0.734,3.1575
47.3754,0.7168,3.0823
47.3756,0.7386,3.1806
47.3758,0.678,2.9193
47.3760,0.6558,2.8251
47.3762,0.6005,2.5882
47.3764,0.5428,2.3439
47.3766,0.5022,2.1664
47.3768,0.5338,2.3051
47.3770,0.526,2.2693
47.3772,0.5278,2.2761
47.3774,0.5257,2.2657
47.3776,0.5232,2.2569
47.3778,0.5232,2.258
47.3780,0.5233,2.2543
47.3782,0.53,2.2854
47.3784,0.5305,2.2885
47.3786,0.5271,2.2729
47.3788,0.548,2.3618
47.3790,0.5733,2.4732
47.3792,0.5413,2.3329
47.3794,0.54,2.3272
47.3796,0.528,2.2755
47.3798,0.5299,2.2827
47.3800,0.6025,2.597
47.3802,0.6245,2.694
47.3804,0.544,2.3448
47.3806,0.5425,2.3391
47.3808,0.5497,2.3702
47.3810,0.529,2.2791
47.3812,0.5293,2.2801
47.3814,0.5302,2.2864
47.3816,0.5287,2.2797
47.3818,0.5269,2.2709
47.3820,0.5406,2.3287
47.3822,0.607,2.6161
47.3824,0.5404,2.3303
47.3826,0.5299,2.2838
47.3828,0.5268,2.2703
47.3830,0.5353,2.307
47.3832,0.5557,2.3927
47.3834,0.574,2.474
47.3836,0.5617,2.4185
47.3838,0.6577,2.8281
47.3840,0.6666,2.8703
47.3842,0.5925,2.5524
47.3844,0.5542,2.3898
47.3846,0.5402,2.3271
47.3848,0.5276,2.2729
47.3850,0.5593,2.4059
47.3852,0.671,2.8854
47.3854,0.6955,2.9892
47.3856,0.7121,3.0608
47.3858,0.7197,3.0947
47.3860,0.7349,3.1572
47.3862,0.6854,2.9513
47.3864,0.5735,2.4708
47.3866,0.5576,2.3998
47.3868,0.5675,2.4438
47.3870,0.6481,2.7882
47.3872,0.7316,3.1443
47.3874,0.7289,3.1329
47.3876,0.7215,3.101
47.3878,0.7972,3.4246
47.3880,0.807,3.4652
47.3882,0.7832,3.3711
47.3884,0.6978,3.0003
47.3886,0.6744,2.9025
47.3888,0.6864,2.95
47.3890,0.7265,3.1197
47.3892,0.772,3.3164
47.3894,0.7832,3.368
47.3896,0.7336,3.1501
47.3898,0.7358,3.1594
47.3900,0.7543,3.2407
47.3902,0.7648,3.2901
47.3904,0.7484,3.2179
47.3906,0.7053,3.03
47.3908,0.7233,3.1131
47.3910,0.672,2.8935
47.3912,0.6163,2.6539
47.3914,0.5778,2.4894
47.3916,0.584,2.5157
47.3918,0.622,2.6757
47.3920,0.6199,2.6694
47.3922,0.6397,2.7559
47.3924,0.5973,2.573
47.3926,0.6317,2.7213
47.3928,0.6132,2.6417
47.3930,0.53,2.2854
47.3932,0.5182,2.2347
47.3934,0.5709,2.4594
47.3936,0.57,2.4581
47.3938,0.5427,2.3423
47.3940,0.4709,2.0333
47.3942,0.441,1.9035
47.3944,0.4359,1.8812
47.3946,0.4358,1.8798
47.3948,0.4224,1.8233
47.3950,0.4034,1.7434
47.3952,0.4069,1.756
47.3954,0.5224,2.2476
47.3956,0.6217,2.6797
47.3958,0.5298,2.2843
47.3960,0.4961,2.138
47.3962,0.5274,2.2708
47.3964,0.5663,2.4375
47.3966,0.6162,2.6547
47.3968,0.579,2.4934
47.3970,0.5855,2.5189
47.3972,0.685,2.9457
47.3974,0.7312,3.1398
47.3976,0.7391,3.1767
47.3978,0.7139,3.0657
47.3980,0.7739,3.3216
47.3982,0.7948,3.4063
47.3984,0.8908,3.8162
47.3986,1.0008,4.2913
47.3988,0.9817,4.2036
47.3990,0.9771,4.1841
47.3992,0.9755,4.1769
47.3994,0.9882,4.2314
47.3996,0.9667,4.1395
47.3998,0.9309,3.9915
47.4000,0.955,4.0949
47.4002,0.9673,4.1459
47.4004,0.9572,4.1027
47.4006,0.9719,4.1615
47.4008,0.9578,4.1034
47.4010,0.9857,4.2265
47.4012,0.9671,4.1468
47.4014,0.8858,3.8
47.4016,0.8946,3.838
47.4018,0.9156,3.9317
47.4020,0.8566,3.6818
47.4022,0.804,3.4556
47.4024,0.7553,3.2478
47.4026,0.7365,3.1669
47.4028,0.7071,3.0448
47.4030,0.6722,2.8905
47.4032,0.7115,3.0611
47.4034,0.7844,3.3669
47.4036,0.8843,3.7902
47.4038,0.9481,4.0731
47.4040,0.8619,3.6993
47.4042,0.8506,3.6543
47.4044,0.7781,3.3427
47.4046,0.7963,3.4242
47.4048,0.7794,3.353
47.4050,0.8038,3.4545
47.4052,0.763,3.2808
47.4054,0.7729,3.319
47.4056,0.8494,3.6492
47.4058,0.8105,3.4801
47.4060,0.8502,3.6574
47.4062,0.8062,3.4664
47.4064,0.791,3.3983
47.4066,0.7617,3.2752
47.4068,0.7005,3.0164
47.4070,0.6671,2.871
47.4072,0.715,3.076
47.4074,0.6931,2.983
47.4076,0.6383,2.7497
47.4078,0.6401,2.7575
47.4080,0.639,2.7554
47.4082,0.5487,2.3693
47.4084,0.489,2.1115
47.4086,0.5007,2.1592
47.4088,0.5968,2.571
47.4090,0.6178,2.6614
47.4092,0.5551,2.3945
47.4094,0.5401,2.3299
47.4096,0.5572,2.4038
47.4098,0.5792,2.4962
47.4100,0.5997,2.581
47.4102,0.6196,2.6704
47.4104,0.5829,2.5134
47.4106,0.5585,2.4051
47.4108,0.5715,2.4608
47.4110,0.6253,2.6902
47.4112,0.715,3.0732
47.4114,0.7994,3.4408
47.4116,0.6705,2.8913
47.4118,0.5521,2.3794
47.4120,0.5655,2.4373
47.4122,0.6367,2.7417
47.4124,0.5962,2.566
47.4126,0.6031,2.6008
47.4128,0.5686,2.453
47.4130,0.5489,2.366
47.4132,0.5674,2.4478
47.4134,0.5589,2.4077
47.4136,0.6463,2.7817
47.4138,0.582,2.5109
47.4140,0.4787,2.066
47.4142,0.475,2.0499
47.4144,0.4728,2.0397
47.4146,0.4617,1.9934
47.4148,0.4594,1.9845
47.4150,0.4607,1.9883
47.4152,0.4642,2.0024
47.4154,0.4495,1.9402
47.4156,0.4453,1.9221
47.4158,0.4645,2.0049
47.4160,0.4796,2.0701
47.4162,0.4539,1.9598
47.4164,0.4506,1.9467
47.4166,0.4633,1.9988
47.4168,0.492,2.1234
47.4170,0.4492,1.9378
47.4172,0.4507,1.9436
47.4174,0.4471,1.929
47.4176,0.4437,1.9149
47.4178,0.4428,1.9121
47.4180,0.4468,1.9283
47.4182,0.4519,1.9497
47.4184,0.4941,2.1308
47.4186,0.5372,2.3153
47.4188,0.5521,2.3783
47.4190,0.5487,2.3627
47.4192,0.5611,2.417
47.4194,0.5605,2.4144
47.4196,0.5511,2.3731
47.4198,0.5535,2.3856
47.4200,0.5573,2.4021
47.4202,0.5561,2.397
47.4204,0.5599,2.4119
47.4206,0.5847,2.5153
47.4208,0.6849,2.9397
47.4210,0.786,3.3767
47.4212,0.8297,3.5609
47.4214,0.8036,3.4508
47.4216,0.7235,3.1141
47.4218,0.5957,2.5699
47.4220,0.5553,2.3922
47.4222,0.6403,2.7546
47.4224,0.6087,2.6197
47.4226,0.5718,2.4624
47.4228,0.5847,2.5188
47.4230,0.5751,2.4775
47.4232,0.5679,2.4442
47.4234,0.6197,2.6659
47.4236,0.6657,2.8653
47.4238,0.6707,2.8825
47.4240,0.7168,3.0838
47.4242,0.6356,2.732
47.4244,0.6826,2.9354
47.4246,0.6355,2.7391
47.4248,0.5379,2.3173
47.4250,0.5331,2.3009
47.4252,0.4712,2.032
47.4254,0.5021,2.1629
47.4256,0.5143,2.2176
47.4258,0.5063,2.182
47.4260,0.5188,2.2362
47.4262,0.5165,2.2259
47.4264,0.467,2.0167
47.4266,0.4023,1.7371
47.4268,0.4318,1.8645
47.4270,0.3941,1.7035
47.4272,0.3946,1.7048
47.4274,0.3897,1.682
47.4276,0.3895,1.6809
47.4278,0.4076,1.7599
47.4280,0.3883,1.6765
47.4282,0.3967,1.7112
47.4284,0.4016,1.7332
47.4286,0.4835,2.0828
47.4288,0.5531,2.384
47.4290,0.4921,2.12
47.4292,0.4998,2.1521
47.4294,0.5373,2.3147
47.4296,0.5724,2.4615
47.4298,0.6482,2.7822
47.4300,0.7126,3.0628
47.4302,0.694,2.983
47.4304,0.689,2.9613
47.4306,0.7281,3.125
47.4308,0.7458,3.1996
47.4310,0.797,3.4177
47.4312,0.8562,3.6712
47.4314,0.8584,3.6827
47.4316,0.8671,3.7197
47.4318,0.8813,3.7756
47.4320,0.959,4.1066
47.4322,0.9727,4.169
47.4324,0.9148,3.919
47.4326,0.945,4.0503
47.4328,0.9577,4.1029
47.4330,0.9647,4.1327
47.4332,0.9689,4.1545
47.4334,0.9144,3.9174
47.4336,0.9714,4.1595
47.4338,0.9813,4.2041
47.4340,0.9749,4.1763
47.4342,0.9958,4.2602
47.4344,1.0101,4.3294
47.4346,0.9664,4.1398
47.4348,1.0038,4.3061
47.4350,0.9698,4.1567
47.4352,0.9813,4.206
47.4354,0.9538,4.0859
47.4356,0.9863,4.2271
47.4358,0.906,3.8869
47.4360,0.8316,3.5641
47.4362,0.9219,3.9511
47.4364,0.8383,3.603
47.4366,0.7737,3.3252
47.4368,0.7842,3.3674
47.4370,0.8358,3.5921
47.4372,0.802,3.4452
47.4374,0.7993,3.4339
47.4376,0.7889,3.3906
47.4378,0.7765,3.3391
47.4380,0.7645,3.286
47.4382,0.8262,3.5426
47.4384,0.9267,3.9717
47.4386,0.878,3.77
47.4388,0.8539,3.6665
47.4390,0.8479,3.6425
47.4392,0.7946,3.4154
47.4394,0.7843,3.371
47.4396,0.8298,3.5647
47.4398,0.7924,3.4072
47.4400,0.7848,3.3747
47.4402,0.7906,3.3947
47.4404,0.8528,3.6619
47.4406,0.884,3.7993
47.4408,0.7115,3.0611
47.4410,0.7257,3.1234
47.4412,0.7123,3.0642
47.4414,0.7235,3.1141
47.4416,0.6515,2.8078
47.4418,0.5832,2.5149
47.4420,0.6081,2.6171
47.4422,0.6713,2.8864
47.4424,0.7208,3.0993
47.4426,0.731,3.1432
47.4428,0.7024,3.0303
47.4430,0.5766,2.4876
47.4432,0.563,2.4264
47.4434,0.5662,2.4392
47.4436,0.5744,2.4801
47.4438,0.4992,2.1545
47.4440,0.4805,2.0699
47.4442,0.5649,2.4336
47.4444,0.5973,2.5742
47.4446,0.603,2.6002
47.4448,0.5543,2.3892
47.4450,0.5492,2.3692
47.4452,0.5742,2.4739
47.4454,0.6884,2.956
47.4456,0.7325,3.1513
47.4458,0.6755,2.9098
47.4460,0.6537,2.8163
47.4462,0.6385,2.7495
47.4464,0.6702,2.8884
47.4466,0.6293,2.7135
47.4468,0.5477,2.3597
47.4470,0.5467,2.3561
47.4472,0.5443,2.3469
47.4474,0.5434,2.3411
47.4476,0.5437,2.3454
47.4478,0.56,2.4157
47.4480,0.5523,2.3815
47.4482,0.5461,2.3546
47.4484,0.5481,2.3645
47.4486,0.5561,2.3903
47.4488,0.7572,3.2561
47.4490,0.6469,2.7895
47.4492,0.5513,2.3763
47.4494,0.5762,2.4833
47.4496,0.6142,2.6459
47.4498,0.636,2.7361
47.4500,0.6554,2.8223
47.4502,0.663,2.8521
47.4504,0.6892,2.9651
47.4506,0.7016,3.0182
47.4508,0.6982,3.0024
47.4510,0.7159,3.0796
47.4512,0.7105,3.055
47.4514,0.7136,3.0698
47.4516,0.6939,2.9866
47.4518,0.66,2.8392
47.4520,0.7377,3.1706
47.4522,0.8118,3.4874
47.4524,0.7216,3.1044
47.4526,0.6454,2.7776
47.4528,0.6348,2.736
47.4530,0.6409,2.7611
47.4532,0.6888,2.9617
47.4534,0.719,3.0902
47.4536,0.748,3.2194
47.4538,0.7025,3.0224
47.4540,0.7298,3.1322
47.4542,0.8498,3.6422
47.4544,0.9006,3.8637
47.4546,0.8704,3.7376
47.4548,0.8294,3.5582
47.4550,0.8601,3.6933
47.4552,0.7647,3.2881
47.4554,0.7456,3.2046
47.4556,0.7987,3.4297
47.4558,0.7563,3.2535
47.4560,0.7021,3.0175
47.4562,0.7723,3.3226
47.4564,0.6967,2.9943
47.4566,0.7353,3.1647
47.4568,0.7313,3.1462
47.4570,0.6957,2.993
47.4572,0.718,3.086
47.4574,0.7579,3.2561
47.4576,0.8,3.4402
47.4578,0.7424,3.1996
47.4580,0.5992,2.5825
47.4582,0.4648,2.0051
47.4584,0.4626,1.993
47.4586,0.6072,2.616
47.4588,0.5978,2.5799
47.4590,0.4585,1.9809
47.4592,0.4217,1.8236
47.4594,0.4115,1.7778
47.4596,0.4051,1.7491
47.4598,0.4081,1.7628
47.4600,0.4123,1.7809
47.4602,0.4095,1.7674
47.4604,0.4055,1.7519
47.4606,0.3965,1.7131
47.4608,0.4033,1.7421
47.4610,0.4121,1.7804
47.4612,0.4186,1.8051
47.4614,0.4946,2.1329
47.4616,0.5265,2.2662
47.4618,0.5901,2.5386
47.4620,0.643,2.7673
47.4622,0.6503,2.8014
47.4624,0.5585,2.4085
47.4626,0.546,2.352
47.4628,0.5812,2.5015
47.4630,0.6366,2.7362
47.4632,0.7028,3.0221
47.4634,0.7649,3.2861
47.4636,0.7716,3.3134
47.4638,0.8379,3.5965
47.4640,0.8041,3.4529
47.4642,0.89,3.8109
47.4644,0.9898,4.2401
47.4646,0.9776,4.1863
47.4648,1.0365,4.4404
47.4650,1.0201,4.3619
47.4652,1.0952,4.6851
47.4654,1.1208,4.7971
47.4656,1.1237,4.8072
47.4658,1.1125,4.7595
47.4660,1.0954,4.6883
47.4662,1.1213,4.7947
47.4664,1.138,4.8614
47.4666,1.1894,5.0811
47.4668,1.1579,4.9557
47.4670,1.0954,4.6905
47.4672,1.1166,4.7791
47.4674,1.1002,4.7132
47.4676,1.0712,4.5825
47.4678,1.1341,4.8473
47.4680,1.1056,4.7363
47.4682,1.0479,4.4892
47.4684,1.0767,4.6104
47.4686,1.1121,4.7574
47.4688,1.1376,4.8735
47.4690,1.0005,4.2963
47.4692,0.9736,4.1727
47.4694,1.0087,4.3213
47.4696,1.0228,4.3839
47.4698,1.0326,4.4276
47.4700,1.0521,4.5156
47.4702,1.0221,4.3849
47.4704,0.9606,4.121
47.4706,0.975,4.1867
47.4708,0.9406,4.037
47.4710,0.9507,4.0764
47.4712,0.9233,3.9684
47.4714,0.8182,3.5181
47.4716,0.8292,3.5655
47.4718,0.8673,3.7312
47.4720,0.7963,3.4226
47.4722,0.8076,3.4743
47.4724,0.7949,3.4228
47.4726,0.7498,3.2257
47.4728,0.7759,3.3381
47.4730,0.7375,3.1755
47.4732,0.7401,3.1898
47.4734,0.7313,3.1462
47.4736,0.7417,3.1936
47.4738,0.696,3.0024
47.4740,0.5985,2.5771
47.4742,0.6434,2.7745
47.4744,0.6093,2.6272
47.4746,0.6016,2.5953
47.4748,0.5951,2.5674
47.4750,0.6204,2.674
47.4752,0.6805,2.937
47.4754,0.5643,2.4355
47.4756,0.5147,2.2213
47.4758,0.5075,2.1892
47.4760,0.5041,2.1757
47.4762,0.5144,2.2213
47.4764,0.5099,2.2026
47.4766,0.5704,2.4574
47.4768,0.596,2.5722
47.4770,0.5336,2.3052
47.4772,0.5006,2.1627
47.4774,0.4561,1.9687
47.4776,0.4558,1.9708
47.4778,0.46,1.988
47.4780,0.4663,2.0136
47.4782,0.4731,2.0417
47.4784,0.5142,2.2213
47.4786,0.456,1.9691
47.4788,0.4638,2.0037
47.4790,0.4539,1.9616
47.4792,0.4491,1.9391
47.4794,0.4491,1.9391
47.4796,0.451,1.9483
47.4798,0.4506,1.9467
47.4800,0.448,1.9353
47.4802,0.4494,1.9415
47.4804,0.446,1.9274
47.4806,0.4503,1.9443
47.4808,0.4481,1.934
47.4810,0.4476,1.9311
47.4812,0.4478,1.9343
47.4814,0.4501,1.9428
47.4816,0.4551,1.965
47.4818,0.499,2.1515
47.4820,0.5392,2.3241
47.4822,0.537,2.3175
47.4824,0.4807,2.0767
47.4826,0.4617,1.9925
47.4828,0.4543,1.9591
47.4830,0.4835,2.0887
47.4832,0.446,1.9256
47.4834,0.4594,1.9827
47.4836,0.4998,2.1571
47.4838,0.4787,2.0641
47.4840,0.4949,2.1299
47.4842,0.599,2.5779
47.4844,0.653,2.8107
47.4846,0.6467,2.7846
47.4848,0.6299,2.7161
47.4850,0.5744,2.4756
47.4852,0.5685,2.4491
47.4854,0.5783,2.4915
47.4856,0.6032,2.5972
47.4858,0.646,2.7802
47.4860,0.6999,3.0097
47.4862,0.7082,3.0453
47.4864,0.7076,3.0398
47.4866,0.7933,3.4018
47.4868,0.8686,3.7352
47.4870,0.7303,3.1431
47.4872,0.662,2.8481
47.4874,0.661,2.8474
47.4876,0.6144,2.647
47.4878,0.5638,2.4301
47.4880,0.5948,2.5634
47.4882,0.5845,2.5178
47.4884,0.5703,2.4557
47.4886,0.5938,2.5545
47.4888,0.6628,2.8538
47.4890,0.6346,2.7325
47.4892,0.5819,2.507
47.4894,0.5931,2.5538
47.4896,0.6027,2.5951
47.4898,0.5919,2.5498
47.4900,0.6445,2.7753
47.4902,0.6919,2.9779
47.4904,0.6249,2.6894
47.4906,0.6171,2.6571
47.4908,0.6618,2.8484
47.4910,0.6454,2.7777
47.4912,0.6234,2.6807
47.4914,0.6536,2.8146
47.4916,0.6614,2.8468
47.4918,0.6649,2.8618
47.4920,0.63,2.7141
47.4922,0.6141,2.6479
47.4924,0.5563,2.3953
47.4926,0.5874,2.5284
47.4928,0.5681,2.4521
47.4930,0.439,1.8965
47.4932,0.4096,1.7687
47.4934,0.4096,1.7679
47.4936,0.4226,1.8263
47.4938,0.4113,1.7752
47.4940,0.4403,1.8995
47.4942,0.4233,1.8269
47.4944,0.4512,1.943
47.4946,0.5644,2.4338
47.4948,0.5161,2.2244
47.4950,0.4963,2.1401
47.4952,0.4985,2.1504
47.4954,0.4954,2.136
47.4956,0.5113,2.2027
47.4958,0.545,2.3446
47.4960,0.5996,2.5805
47.4962,0.605,2.6061
47.4964,0.5662,2.4382
47.4966,0.5962,2.5625
47.4968,0.7016,3.0155
47.4970,0.7059,3.0312
47.4972,0.7526,3.23
47.4974,0.7937,3.4097
47.4976,0.82,3.5094
47.4978,0.9649,4.1338
47.4980,0.9622,4.1181
47.4982,0.9773,4.1828
47.4984,0.9947,4.2592
47.4986,0.9547,4.092
47.4988,0.9124,3.9142
47.4990,0.8899,3.8193
47.4992,0.8486,3.6372
47.4994,0.8983,3.8553
47.4996,0.8748,3.7562
47.4998,0.8942,3.836
47.5000,0.9021,3.8682
47.5002,0.9062,3.8839
47.5004,0.915,3.9256
47.5006,0.92,3.9466
47.5008,0.9041,3.8751
47.5010,0.9356,4.0079
47.5012,0.9007,3.8674
47.5014,0.8528,3.6586
47.5016,0.8843,3.7956
47.5018,0.8321,3.5729
47.5020,0.864,3.7116
47.5022,0.8086,3.4704
47.5024,0.8017,3.4442
47.5026,0.7972,3.4231
47.5028,0.7974,3.4305
47.5030,0.7505,3.2273
47.5032,0.7848,3.3716
47.5034,0.8266,3.5459
47.5036,0.8938,3.8363
47.5038,0.8671,3.7163
47.5040,0.8818,3.7813
47.5042,0.93,3.9917
47.5044,0.8833,3.7963
47.5046,0.7901,3.3958
47.5048,0.7871,3.3845
47.5050,0.7833,3.3712
47.5052,0.7703,3.3108
47.5054,0.7887,3.3881
47.5056,0.8495,3.6459
47.5058,0.8491,3.6477
47.5060,0.818,3.5159
47.5062,0.8282,3.5614
47.5064,0.7459,3.2161
47.5066,0.5934,2.5589
47.5068,0.6063,2.613
47.5070,0.5908,2.5428
47.5072,0.6517,2.8063
47.5074,0.6612,2.8484
47.5076,0.645,2.7774
47.5078,0.669,2.8766
47.5080,0.7297,3.1419
47.5082,0.6593,2.8428
47.5084,0.5956,2.5635
47.5086,0.6211,2.6759
47.5088,0.6366,2.7412
47.5090,0.6759,2.9052
47.5092,0.7518,3.2359
47.5094,0.6922,2.9794
47.5096,0.7098,3.0534
47.5098,0.7074,3.0431
47.5100,0.6949,2.9908
47.5102,0.7185,3.0925
47.5104,0.6253,2.694
47.5106,0.5693,2.4527
47.5108,0.5752,2.4803
47.5110,0.5816,2.5042
47.5112,0.6717,2.8872
47.5114,0.7701,3.3175
47.5116,0.6642,2.8587
47.5118,0.6698,2.8829
47.5120,0.6717,2.8925
47.5122,0.6217,2.681
47.5124,0.577,2.4892
47.5126,0.5394,2.3279
47.5128,0.5341,2.303
47.5130,0.5374,2.3164
47.5132,0.5359,2.3107
47.5134,0.5481,2.3635
47.5136,0.5356,2.3076
47.5138,0.5359,2.3118
47.5140,0.5341,2.3062
47.5142,0.5406,2.3298
47.5144,0.5412,2.3302
47.5146,0.6865,2.9574
47.5148,0.595,2.5668
47.5150,0.5449,2.3506
47.5152,0.5409,2.3314
47.5154,0.5422,2.3371
47.5156,0.5426,2.3408
47.5158,0.5419,2.3366
47.5160,0.5355,2.3092
47.5162,0.5536,2.3873
47.5164,0.5565,2.3986
47.5166,0.5246,2.2611
47.5168,0.5229,2.2538
47.5170,0.557,2.3984
47.5172,0.5952,2.5607
47.5174,0.6681,2.877
47.5176,0.6446,2.7784
47.5178,0.6663,2.8653
47.5180,0.7093,3.0542
47.5182,0.6524,2.8107
47.5184,0.6487,2.7908
47.5186,0.6732,2.8947
47.5188,0.7253,3.1146
47.5190,0.7873,3.3871
47.5192,0.7463,3.2122
47.5194,0.7174,3.0864
47.5196,0.6759,2.9093
47.5198,0.6243,2.6893
47.5200,0.6371,2.742
47.5202,0.6968,2.9963
47.5204,0.7287,3.1334
47.5206,0.7403,3.182
47.5208,0.7328,3.1539
47.5210,0.6369,2.7423
47.5212,0.6685,2.8746
47.5214,0.7083,3.0472
47.5216,0.6359,2.7382
47.5218,0.6166,2.6563
47.5220,0.6127,2.6409
47.5222,0.6087,2.6209
47.5224,0.6765,2.9078
47.5226,0.7424,3.1937
47.5228,0.6985,3.0049
47.5230,0.6508,2.8009
47.5232,0.5973,2.5743
47.5234,0.5356,2.3108
47.5236,0.5143,2.2197
47.5238,0.5052,2.1774
47.5240,0.5969,2.5703
47.5242,0.6351,2.7371
47.5244,0.61,2.6291
47.5246,0.6015,2.59
47.5248,0.578,2.4911
47.5250,0.5697,2.4588
47.5252,0.4848,2.0934
47.5254,0.4223,1.8236
47.5256,0.4587,1.9778
47.5258,0.512,2.2078
47.5260,0.5428,2.3418
47.5262,0.55,2.3696
47.5264,0.5425,2.3424
47.5266,0.3988,1.7237
47.5268,0.39,1.683
47.5270,0.445,1.9188
47.5272,0.4493,1.9374
47.5274,0.4915,2.1184
47.5276,0.5473,2.361
47.5278,0.4916,2.1209
47.5280,0.4726,2.0387
47.5282,0.4813,2.0745
47.5284,0.5082,2.1882
47.5286,0.5444,2.3442
47.5288,0.5892,2.5338
47.5290,0.694,2.9858
47.5292,0.7194,3.0918
47.5294,0.7059,3.0383
47.5296,0.6803,2.9224
47.5298,0.7359,3.1629
47.5300,0.784,3.3664
47.5302,0.8466,3.6284
47.5304,0.866,3.7134
47.5306,0.8607,3.696
47.5308,0.8549,3.6656
47.5310,0.925,3.9645
47.5312,0.9652,4.1329
47.5314,0.9841,4.214
47.5316,0.9834,4.2129
47.5318,0.9684,4.1467
47.5320,0.9489,4.0668
47.5322,0.9628,4.1284
47.5324,0.9201,3.9435
47.5326,0.9694,4.1586
47.5328,0.9646,4.138
47.5330,0.9487,4.0663
47.5332,0.9695,4.1533
47.5334,0.9985,4.2816
47.5336,0.9629,4.125
47.5338,0.9668,4.1497
47.5340,0.9389,4.0298
47.5342,0.9099,3.9034
47.5344,0.911,3.9044
47.5346,0.9527,4.0852
47.5348,0.9766,4.1836
47.5350,0.9928,4.2549
47.5352,0.9507,4.0802
47.5354,0.8843,3.8062
47.5356,0.747,3.2138
47.5358,0.7197,3.0976
47.5360,0.7134,3.0689
47.5362,0.7131,3.065
47.5364,0.8142,3.4929
47.5366,0.874,3.7514
47.5368,0.8751,3.7577
47.5370,0.818,3.511
47.5372,0.8754,3.757
47.5374,0.8986,3.8605
47.5376,0.8161,3.5142
47.5378,0.6659,2.8646
47.5380,0.7836,3.3711
47.5382,0.7348,3.1612
47.5384,0.7917,3.401
47.5386,0.7401,3.1854
47.5388,0.6956,2.9939
47.5390,0.7293,3.1375
47.5392,0.7834,3.3701
47.5394,0.7166,3.0842
47.5396,0.6906,2.9764
47.5398,0.6631,2.8554
47.5400,0.659,2.8404
47.5402,0.6047,2.6063
47.5404,0.6017,2.5946
47.5406,0.5891,2.5391
47.5408,0.6494,2.7952
47.5410,0.5926,2.5565
47.5412,0.5114,2.2063
47.5414,0.4954,2.1389
47.5416,0.4555,1.968
47.5418,0.4792,2.0681
47.5420,0.4847,2.0919
47.5422,0.5472,2.3593
47.5424,0.5896,2.5424
47.5426,0.6075,2.6146
47.5428,0.6379,2.7482
47.5430,0.5304,2.2891
47.5432,0.4901,2.1152
47.5434,0.5075,2.1892
47.5436,0.4956,2.139
47.5438,0.4984,2.1519
47.5440,0.4472,1.9308
47.5442,0.485,2.0925
47.5444,0.5289,2.2839
47.5446,0.5087,2.1923
47.5448,0.5418,2.335
47.5450,0.5241,2.2622
47.5452,0.4743,2.0459
47.5454,0.4717,2.036
47.5456,0.4641,2.0038
47.5458,0.475,2.0481
47.5460,0.5397,2.3262
47.5462,0.5545,2.3876
47.5464,0.5815,2.5072
47.5466,0.5687,2.4501
47.5468,0.596,2.571
47.5470,0.4836,2.0853
47.5472,0.4972,2.1467
47.5474,0.4588,1.9801
47.5476,0.4475,1.9315
47.5478,0.4461,1.9244
47.5480,0.4494,1.9379
47.5482,0.468,2.0162
47.5484,0.4948,2.1334
47.5486,0.5388,2.321
47.5488,0.6066,2.6122
47.5490,0.5901,2.5421
47.5492,0.5855,2.5225
47.5494,0.5801,2.5004
47.5496,0.5872,2.5273
47.5498,0.6268,2.6951
47.5500,0.7063,3.037
47.5502,0.693,2.9812
47.5504,0.6535,2.8127
47.5506,0.644,2.7733
47.5508,0.66,2.8393
47.5510,0.7056,3.0325
47.5512,0.6966,2.9966
47.5514,0.6527,2.8091
47.5516,0.6696,2.8819
47.5518,0.6558,2.8186
47.5520,0.7096,3.05
47.5522,0.7348,3.1641
47.5524,0.6728,2.8945
47.5526,0.6768,2.9102
47.5528,0.6566,2.8314
47.5530,0.5529,2.3831
47.5532,0.5731,2.4664
47.5534,0.6203,2.671
47.5536,0.6548,2.8184
47.5538,0.6662,2.8661
47.5540,0.6485,2.7924
47.5542,0.6104,2.6294
47.5544,0.6127,2.6409
47.5546,0.5493,2.3665
47.5548,0.5294,2.2828
47.5550,0.5265,2.2694
47.5552,0.5391,2.3236
47.5554,0.5199,2.243
47.5556,0.5599,2.4119
47.5558,0.5809,2.5011
47.5560,0.61,2.6266
47.5562,0.6193,2.6694
47.5564,0.5338,2.3009
47.5566,0.5392,2.3241
47.5568,0.5404,2.3282
47.5570,0.507,2.1851
47.5572,0.5438,2.3438
47.5574,0.5568,2.3996
47.5576,0.5207,2.243
47.5578,0.5235,2.2585
47.5580,0.5117,2.2063
47.5582,0.5166,2.2265
47.5584,0.5054,2.1774
47.5586,0.4717,2.036
47.5588,0.3994,1.7263
47.5590,0.3953,1.7079
47.5592,0.392,1.6926
47.5594,0.3913,1.6895
47.5596,0.3892,1.6815
47.5598,0.388,1.6748
47.5600,0.3932,1.697
47.5602,0.3934,1.6973
47.5604,0.483,2.0808
47.5606,0.5107,2.2011
47.5608,0.4838,2.0863
47.5610,0.4902,2.1147
47.5612,0.486,2.0966
47.5614,0.4814,2.075
47.5616,0.4862,2.0957
47.5618,0.489,2.1076
47.5620,0.525,2.2605
47.5622,0.5666,2.4397
47.5624,0.6163,2.6503
47.5626,0.6089,2.6195
47.5628,0.6583,2.8281
47.5630,0.7765,3.3329
47.5632,0.7876,3.3819
47.5634,0.7155,3.0724
47.5636,0.7867,3.3751
47.5638,0.8389,3.5922
47.5640,0.9462,4.0536
47.5642,0.9448,4.0493
47.5644,0.918,3.9384
47.5646,0.8502,3.6472
47.5648,0.8342,3.5788
47.5650,0.8718,3.7329
47.5652,0.9645,4.1356
47.5654,0.8872,3.8062
47.5656,0.9023,3.8674
47.5658,0.9587,4.1032
47.5660,1.0106,4.3335
47.5662,0.9438,4.0433
47.5664,0.9646,4.1303
47.5666,1.0062,4.3044
47.5668,1.0099,4.3304
47.5670,0.9192,3.9454
47.5672,0.9148,3.919
47.5674,0.9766,4.1836
47.5676,0.9348,4.0123
47.5678,0.8387,3.5995
47.5680,0.8629,3.7001
47.5682,0.8736,3.7493
47.5684,0.814,3.4935
47.5686,0.875,3.759
47.5688,0.8827,3.7884
47.5690,0.9087,3.8965
47.5692,0.9447,4.0469
47.5694,0.976,4.183
47.5696,0.9756,4.1814
47.5698,0.9474,4.0682
47.5700,0.9206,3.9455
47.5702,0.9594,4.112
47.5704,0.9628,4.1322
47.5706,0.901,3.869
47.5708,0.8829,3.7859
47.5710,0.8974,3.8535
47.5712,0.8514,3.6558
47.5714,0.8432,3.6208
47.5716,0.8435,3.6235
47.5718,0.8616,3.6996
47.5720,0.8708,3.734
47.5722,0.8846,3.8002
47.5724,0.8301,3.5696
47.5726,0.7662,3.2933
47.5728,0.7492,3.2246
47.5730,0.7318,3.1527
47.5732,0.6817,2.9368
47.5734,0.6683,2.8762
47.5736,0.6622,2.8499
47.5738,0.6954,2.9943
47.5740,0.6922,2.9767
47.5742,0.7505,3.2288
47.5744,0.7168,3.0852
47.5746,0.6636,2.8574
47.5748,0.6592,2.841
47.5750,0.6005,2.5894
47.5752,0.5701,2.4581
47.5754,0.5879,2.5351
47.5756,0.6167,2.6543
47.5758,0.6378,2.7502
47.5760,0.5331,2.301
47.5762,0.501,2.1613
47.5764,0.5346,2.3061
47.5766,0.5485,2.3672
47.5768,0.5551,2.3935
47.5770,0.5422,2.3371
47.5772,0.5304,2.288
47.5774,0.6017,2.5886
47.5776,0.6828,2.94
47.5778,0.6333,2.7306
47.5780,0.5621,2.4251
47.5782,0.5332,2.2994
47.5784,0.5245,2.2648
47.5786,0.5234,2.2591
47.5788,0.5292,2.2818
47.5790,0.5281,2.2782
47.5792,0.5262,2.2689
47.5794,0.5249,2.2642
47.5796,0.5247,2.2627
47.5798,0.5306,2.288
47.5800,0.5299,2.287
47.5802,0.5277,2.2766
47.5804,0.5232,2.2559
47.5806,0.5251,2.2642
47.5808,0.5864,2.5261
47.5810,0.5969,2.5751
47.5812,0.5358,2.3092
47.5814,0.5255,2.2647
47.5816,0.5269,2.273
47.5818,0.53,2.2865
47.5820,0.5299,2.2849
47.5822,0.5264,2.2699
47.5824,0.5229,2.2538
47.5826,0.5275,2.2724
47.5828,0.5919,2.5463
47.5830,0.7203,3.0973
47.5832,0.7253,3.119
47.5834,0.6825,2.939
47.5836,0.639,2.7529
47.5838,0.641,2.7604
47.5840,0.642,2.7606
47.5842,0.6997,3.0072
47.5844,0.763,3.2809
47.5846,0.7215,3.0996
47.5848,0.7541,3.2367
47.5850,0.8256,3.5434
47.5852,0.7947,3.4154
47.5854,0.796,3.4179
47.5856,0.7987,3.4314
47.5858,0.7569,3.2561
47.5860,0.7213,3.1
47.5862,0.7468,3.2098
47.5864,0.7407,3.1835
47.5866,0.7453,3.2031
47.5868,0.7592,3.2644
47.5870,0.7178,3.0908
47.5872,0.6127,2.6397
47.5874,0.6804,2.9229
47.5876,0.7927,3.4024
47.5878,0.7516,3.2334
47.5880,0.6836,2.9396
47.5882,0.7325,3.1514
47.5884,0.7225,3.1124
47.5886,0.6647,2.8607
47.5888,0.6474,2.789
47.5890,0.6323,2.7201
47.5892,0.6722,2.8906
47.5894,0.6656,2.8649
47.5896,0.6713,2.8905
47.5898,0.6757,2.9082
47.5900,0.7329,3.15
47.5902,0.7485,3.22
47.5904,0.6859,2.9535
47.5906,0.6464,2.7836
47.5908,0.6735,2.9016
47.5910,0.6046,2.6034
47.5912,0.5612,2.4176
47.5914,0.5608,2.4172
47.5916,0.5352,2.3066
47.5918,0.5547,2.393
47.5920,0.5365,2.3133
47.5922,0.5434,2.3455
47.5924,0.4284,1.8509
47.5926,0.4039,1.7431
47.5928,0.4108,1.7739
47.5930,0.4451,1.9175
47.5932,0.5486,2.3699
47.5934,0.457,1.9696
47.5936,0.5394,2.3257
47.5938,0.5004,2.1587
47.5940,0.5155,2.2218
47.5942,0.5732,2.4715
47.5944,0.5091,2.1954
47.5946,0.4838,2.0854
47.5948,0.4912,2.1179
47.5950,0.4888,2.1066
47.5952,0.5151,2.2223
47.5954,0.5499,2.369
47.5956,0.6175,2.6579
47.5958,0.6023,2.5924
47.5960,0.586,2.5245
47.5962,0.6517,2.7998
47.5964,0.7295,3.1327
47.5966,0.7293,3.136
47.5968,0.7297,3.1361
47.5970,0.7891,3.3917
47.5972,0.8315,3.5687
47.5974,0.8855,3.7955
47.5976,0.9411,4.0334
47.5978,0.9557,4.0961
47.5980,0.983,4.2113
47.5982,0.9712,4.1605
47.5984,0.9692,4.1542
47.5986,0.9674,4.1504
47.5988,0.9454,4.0538
47.5990,0.9419,4.0351
47.5992,0.9531,4.0867
47.5994,0.9453,4.0533
47.5996,0.9776,4.1921
47.5998,0.9707,4.1623
47.6000,0.9621,4.1272
47.6002,0.9624,4.1287
47.6004,0.9489,4.0725
47.6006,0.9261,3.9729
47.6008,0.8884,3.8149
47.6010,0.8432,3.6225
47.6012,0.8206,3.5218
47.6014,0.8638,3.7111
47.6016,0.8502,3.654
47.6018,0.8029,3.4574
47.6020,0.6859,2.948
47.6022,0.7131,3.0678
47.6024,0.7686,3.3021
47.6026,0.8215,3.5259
47.6028,0.8201,3.5247
47.6030,0.7767,3.3412
47.6032,0.7914,3.3999
47.6034,0.7867,3.3877
47.6036,0.7056,3.0367
47.6038,0.7304,3.1421
47.6040,0.7578,3.2572
47.6042,0.7457,3.2081
47.6044,0.7207,3.0989
47.6046,0.803,3.4531
47.6048,0.7646,3.2907
47.6050,0.6903,2.9753
47.6052,0.636,2.7387
47.6054,0.6928,2.9806
47.6056,0.664,2.8603
47.6058,0.5922,2.5514
47.6060,0.5898,2.5434
47.6062,0.5827,2.5136
47.6064,0.581,2.5028
47.6066,0.6255,2.6945
47.6068,0.6249,2.6931
47.6070,0.6309,2.719
47.6072,0.6011,2.5872
47.6074,0.6475,2.7882
47.6076,0.6367,2.7443
47.6078,0.6162,2.6572
47.6080,0.5683,2.4503
47.6082,0.5757,2.4801
47.6084,0.6276,2.7025
47.6086,0.6596,2.8417
47.6088,0.6257,2.6943
47.6090,0.6087,2.6222
47.6092,0.5573,2.4044
47.6094,0.5095,2.2
47.6096,0.5063,2.184
47.6098,0.525,2.2626
47.6100,0.6053,2.6101
47.6102,0.5705,2.459
47.6104,0.5391,2.3258
47.6106,0.4976,2.1428
47.6108,0.6666,2.873
47.6110,0.5707,2.4573
47.6112,0.591,2.5474
47.6114,0.5788,2.4947
47.6116,0.5897,2.5417
47.6118,0.5565,2.3986
47.6120,0.5792,2.4939
47.6122,0.6239,2.6878
47.6124,0.5885,2.5389
47.6126,0.475,2.0509
47.6128,0.4639,2.0014
47.6130,0.4685,2.023
47.6132,0.4585,1.98
47.6134,0.5643,2.4344
47.6136,0.4703,2.0307
47.6138,0.4581,1.9779
47.6140,0.4545,1.9597
47.6142,0.4591,1.9826
47.6144,0.4543,1.96
47.6146,0.4868,2.1002
47.6148,0.4711,2.0344
47.6150,0.4495,1.9412
47.6152,0.4469,1.928
47.6154,0.4495,1.9412
47.6156,0.4512,1.9466
47.6158,0.4597,1.9824
47.6160,0.4608,1.9871
47.6162,0.504,2.1712
47.6164,0.5711,2.4616
47.6166,0.5861,2.5239
47.6168,0.5739,2.4724
47.6170,0.5964,2.5671
47.6172,0.6238,2.6872
47.6174,0.5746,2.4743
47.6176,0.5678,2.4449
47.6178,0.5749,2.4765
47.6180,0.6102,2.624
47.6182,0.7113,3.0587
47.6184,0.7092,3.0494
47.6186,0.7132,3.0655
47.6188,0.6775,2.9187
47.6190,0.5906,2.5442
47.6192,0.5725,2.4673
47.6194,0.5337,2.2993
47.6196,0.5621,2.4206
47.6198,0.6051,2.6042
47.6200,0.6354,2.7335
47.6202,0.6625,2.8515
47.6204,0.6434,2.7681
47.6206,0.6281,2.7021
47.6208,0.6304,2.7119
47.6210,0.5759,2.4834
47.6212,0.5317,2.2937
47.6214,0.507,2.1861
47.6216,0.5314,2.2895
47.6218,0.5745,2.4761
47.6220,0.5238,2.2575
47.6222,0.5338,2.3019
47.6224,0.5009,2.1608
47.6226,0.5112,2.2032
47.6228,0.5569,2.3968
47.6230,0.5252,2.2637
47.6232,0.5091,2.1944
47.6234,0.6039,2.5955
47.6236,0.6619,2.8502
47.6238,0.5511,2.3753
47.6240,0.5318,2.2921
47.6242,0.5482,2.3607
47.6244,0.5789,2.4906
47.6246,0.6011,2.5872
47.6248,0.5986,2.5812
47.6250,0.5371,2.317
47.6252,0.4535,1.9582
47.6254,0.4052,1.7496
47.6256,0.4101,1.77
47.6258,0.4681,2.0167
47.6260,0.5326,2.2946
47.6262,0.5255,2.2615
47.6264,0.5575,2.3994
47.6266,0.655,2.815
47.6268,0.717,3.0843
47.6270,0.5872,2.532
47.6272,0.5112,2.2042
47.6274,0.4915,2.1194
47.6276,0.5028,2.167
47.6278,0.5281,2.274
47.6280,0.5922,2.5478
47.6282,0.6309,2.7139
47.6284,0.6361,2.7341
47.6286,0.6696,2.8779
47.6288,0.7263,3.1231
47.6290,0.7216,3.0972
47.6292,0.8026,3.443
47.6294,0.7998,3.4328
47.6296,0.8348,3.5814
47.6298,0.8185,3.5114
47.6300,0.8153,3.4976
47.6302,0.8539,3.6632
47.6304,0.8642,3.7022
47.6306,0.9581,4.0987
47.6308,0.9992,4.2747
47.6310,0.9851,4.2181
47.6312,0.9752,4.1779
47.6314,0.9628,4.1245
47.6316,0.9904,4.2446
47.6318,0.9731,4.1726
47.6320,0.9342,4.0041
47.6322,0.9552,4.0902
47.6324,0.9668,4.14
47.6326,0.9983,4.2746
47.6328,0.9859,4.2217
47.6330,0.9682,4.1534
47.6332,0.9323,3.9959
47.6334,0.9363,4.0166
47.6336,0.9362,4.0105
47.6338,0.9815,4.2047
47.6340,0.9032,3.8764
47.6342,0.8419,3.6168
47.6344,0.8225,3.5301
47.6346,0.8626,3.7042
47.6348,0.8195,3.5172
47.6350,0.8046,3.4566
47.6352,0.7925,3.403
47.6354,0.8508,3.6481
47.6356,0.9162,3.9325
47.6358,0.805,3.4598
47.6360,0.8001,3.437
47.6362,0.8896,3.8165
47.6364,0.9034,3.8847
47.6366,0.7998,3.4376
47.6368,0.8185,3.5131
47.6370,0.8732,3.746
47.6372,0.8714,3.7418
47.6374,0.8188,3.519
47.6376,0.8529,3.6659
47.6378,0.857,3.6817
47.6380,0.8589,3.6865
47.6382,0.8257,3.5506
47.6384,0.7884,3.3918
47.6386,0.7518,3.2329
47.6388,0.7335,3.157
47.6390,0.6692,2.8857
47.6392,0.5805,2.5008
47.6394,0.5779,2.4906
47.6396,0.5726,2.469
47.6398,0.6077,2.6144
47.6400,0.6957,2.9916
47.6402,0.7209,3.1014
47.6404,0.705,3.0313
47.6406,0.7269,3.1271
47.6408,0.6918,2.9801
47.6410,0.6576,2.8329
47.6412,0.6516,2.8084
47.6414,0.6554,2.821
47.6416,0.6587,2.8376
47.6418,0.6159,2.6569
47.6420,0.5193,2.2415
47.6422,0.4812,2.0759
47.6424,0.4842,2.0898
47.6426,0.497,2.1442
47.6428,0.5511,2.3775
47.6430,0.5452,2.35
47.6432,0.5346,2.3072
47.6434,0.5273,2.2756
47.6436,0.5314,2.2905
47.6438,0.5913,2.5425
47.6440,0.6981,3.0047
47.6442,0.6684,2.8821
47.6444,0.5684,2.4486
47.6446,0.5909,2.5469
47.6448,0.6201,2.6712
47.6450,0.6208,2.6706
47.6452,0.6068,2.6151
47.6454,0.5445,2.348
47.6456,0.5835,2.5172
47.6458,0.549,2.3671
47.6460,0.5551,2.3912
47.6462,0.6299,2.7111
47.6464,0.6726,2.8948
47.6466,0.6801,2.926
47.6468,0.6605,2.8427
47.6470,0.5922,2.549
47.6472,0.669,2.882
47.6474,0.6281,2.7071
47.6476,0.5623,2.4234
47.6478,0.5876,2.5301
47.6480,0.6261,2.6971
47.6482,0.6358,2.7389
47.6484,0.6426,2.7658
47.6486,0.6588,2.8355
47.6488,0.6589,2.8333
47.6490,0.6751,2.9016
47.6492,0.7222,3.1056
47.6494,0.7301,3.1425
47.6496,0.7223,3.1047
47.6498,0.712,3.0618
47.6500,0.7021,3.0204
47.6502,0.708,3.0442
47.6504,0.7217,3.0992
47.6506,0.7683,3.3005
47.6508,0.8135,3.498
47.6510,0.8313,3.5681
47.6512,0.8431,3.6186
47.6514,0.8005,3.4423
47.6516,0.7971,3.4241
47.6518,0.7986,3.4308
47.6520,0.7894,3.3912
47.6522,0.7921,3.4062
47.6524,0.7631,3.2814
47.6526,0.7263,3.1231
47.6528,0.6785,2.9215
47.6530,0.6654,2.8625
47.6532,0.7339,3.1541
47.6534,0.7289,3.1359
47.6536,0.6691,2.8812
47.6538,0.7072,3.0369
47.6540,0.8154,3.5013
47.6542,0.7569,3.2607
47.6544,0.655,2.8216
47.6546,0.6768,2.9115
47.6548,0.6377,2.7472
47.6550,0.5968,2.5722
47.6552,0.5921,2.5509
47.6554,0.6385,2.7482
47.6556,0.7053,3.0343
47.6558,0.695,2.9941
47.6560,0.6335,2.7342
47.6562,0.5328,2.2984
47.6564,0.5269,2.272
47.6566,0.5466,2.3557
47.6568,0.5089,2.1964
47.6570,0.4195,1.8095
47.6572,0.5257,2.2647
47.6574,0.5662,2.445
47.6576,0.4383,1.8916
47.6578,0.423,1.8276
47.6580,0.4084,1.7652
47.6582,0.4013,1.7346
47.6584,0.3949,1.705
47.6586,0.3955,1.7084
47.6588,0.3937,1.6999
47.6590,0.3993,1.7258
47.6592,0.4257,1.8381
47.6594,0.4426,1.9094
47.6596,0.4647,2.0027
47.6598,0.5096,2.2006
47.6600,0.4872,2.1028
47.6602,0.4852,2.093
47.6604,0.4841,2.0874
47.6606,0.4865,2.0958
47.6608,0.5014,2.1608
47.6610,0.5877,2.5294
47.6612,0.6359,2.7407
47.6614,0.5359,2.3097
47.6616,0.5036,2.1706
47.6618,0.5461,2.3525
47.6620,0.5756,2.4761
47.6622,0.6234,2.6832
47.6624,0.6059,2.6079
47.6626,0.6795,2.922
47.6628,0.734,3.1561
47.6630,0.7173,3.083
47.6632,0.712,3.0589
47.6634,0.7737,3.3237
47.6636,0.7813,3.3504
47.6638,0.8636,3.6945
47.6640,0.9963,4.2703
47.6642,1.0038,4.3042
47.6644,0.9353,4.0087
47.6646,0.938,4.0182
47.6648,0.9706,4.1598
47.6650,0.968,4.1471
47.6652,0.969,4.1532
47.6654,0.9389,4.0242
47.6656,0.9636,4.1281
47.6658,0.9977,4.272
47.6660,1.0104,4.3305
47.6662,0.9756,4.1834
47.6664,0.9563,4.0987
47.6666,0.924,3.966
47.6668,0.889,3.8139
47.6670,0.9544,4.0886
47.6672,0.9956,4.2653
47.6674,0.982,4.2126
47.6676,0.998,4.2735
47.6678,1.0287,4.4112
47.6680,0.9746,4.1773
47.6682,0.9522,4.085
47.6684,0.9203,3.9445
47.6686,0.935,4.0184
47.6688,0.8448,3.6275
47.6690,0.8791,3.7765
47.6692,0.8342,3.5822
47.6694,0.8818,3.7866
47.6696,0.8587,3.6889
47.6698,0.8293,3.5561
47.6700,0.9027,3.878
47.6702,0.8239,3.5395
47.6704,0.8583,3.6839
47.6706,0.8503,3.658
47.6708,0.7691,3.3087
47.6710,0.768,3.2995
47.6712,0.8185,3.5147
47.6714,0.8024,3.4441
47.6716,0.8393,3.6038
47.6718,0.7697,3.3144
47.6720,0.684,2.9466
47.6722,0.6521,2.8105
47.6724,0.5988,2.581
47.6726,0.613,2.6408
47.6728,0.6415,2.7624
47.6730,0.6274,2.7002
47.6732,0.6246,2.6934
47.6734,0.5975,2.5753
47.6736,0.6133,2.6411
47.6738,0.6253,2.6965
47.6740,0.5966,2.576
47.6742,0.5692,2.4545
47.6744,0.592,2.5504
47.6746,0.6045,2.6029
47.6748,0.6078,2.6246
47.6750,0.5061,2.1855
47.6752,0.4908,2.1203
47.6754,0.4757,2.054
47.6756,0.4824,2.0811
47.6758,0.486,2.0995
47.6760,0.4944,2.1338
47.6762,0.5101,2.2026
47.6764,0.4889,2.1129
47.6766,0.4192,1.8118
47.6768,0.4072,1.7584
47.6770,0.4484,1.9351
47.6772,0.4666,2.0156
47.6774,0.4577,1.9773
47.6776,0.4717,2.036
47.6778,0.4704,2.0294
47.6780,0.4593,1.9831
47.6782,0.4567,1.9731
47.6784,0.4557,1.9657
47.6786,0.4525,1.9541
47.6788,0.4455,1.9244
47.6790,0.4437,1.9167
47.6792,0.4438,1.9154
47.6794,0.4497,1.9399
47.6796,0.4517,1.9505
47.6798,0.451,1.9474
47.6800,0.4479,1.9339
47.6802,0.4464,1.9259
47.6804,0.4547,1.9616
47.6806,0.5053,2.1799
47.6808,0.4662,2.0122
47.6810,0.4519,1.9497
47.6812,0.4631,1.9969
47.6814,0.5508,2.3738
47.6816,0.538,2.3211
47.6818,0.463,1.9973
47.6820,0.45,1.9414
47.6822,0.4505,1.9444
47.6824,0.4771,2.0583
47.6826,0.5205,2.2446
47.6828,0.5334,2.2977
47.6830,0.5751,2.4764
47.6832,0.5508,2.3727
47.6834,0.5587,2.4067
47.6836,0.5637,2.4273
47.6838,0.5775,2.4867
47.6840,0.6002,2.5843
47.6842,0.5759,2.48
47.6844,0.6124,2.6382
47.6846,0.6125,2.6375
47.6848,0.6576,2.8263
47.6850,0.7719,3.3113
47.6852,0.7839,3.3643
47.6854,0.7414,3.1881
47.6856,0.6857,2.9538
47.6858,0.5817,2.5083
47.6860,0.515,2.2218
47.6862,0.5157,2.2208
47.6864,0.598,2.5726
47.6866,0.6687,2.8743
47.6868,0.6851,2.9403
47.6870,0.7418,3.1867
47.6872,0.7492,3.2201
47.6874,0.7263,3.1202
47.6876,0.7517,3.2324
47.6878,0.6938,2.9862
47.6880,0.6652,2.8601
47.6882,0.6928,2.9793
47.6884,0.683,2.9342
47.6886,0.7005,3.0151
47.6888,0.6348,2.7322
47.6890,0.6351,2.7345
47.6892,0.6261,2.6933
47.6894,0.64,2.7557
47.6896,0.6324,2.7219
47.6898,0.6552,2.8213
47.6900,0.6017,2.5886
47.6902,0.6101,2.6247
47.6904,0.6307,2.7122
47.6906,0.6211,2.6734
47.6908,0.649,2.7918
47.6910,0.6257,2.6918
47.6912,0.6114,2.634
47.6914,0.5173,2.2275
47.6916,0.5687,2.4479
47.6918,0.6132,2.6418
47.6920,0.5715,2.4654
47.6922,0.4543,1.961
47.6924,0.4107,1.7726
47.6926,0.4621,1.9955
47.6928,0.445,1.917
47.6930,0.5371,2.3148
47.6932,0.4958,2.138
47.6934,0.491,2.1174
47.6936,0.4928,2.1251
47.6938,0.4894,2.1091
47.6940,0.489,2.1115
47.6942,0.4895,2.1116
47.6944,0.5196,2.2394
47.6946,0.527,2.2714
47.6948,0.4886,2.1051
47.6950,0.4967,2.1407
47.6952,0.525,2.2626
47.6954,0.5671,2.4361
47.6956,0.6213,2.6739
47.6958,0.5793,2.4956
47.6960,0.5758,2.4783
47.6962,0.6818,2.9305
47.6964,0.7211,3.0966
47.6966,0.7122,3.0594
47.6968,0.7291,3.1321
47.6970,0.8101,3.4738
47.6972,0.9027,3.8635
47.6974,1.0061,4.3079
47.6976,0.9887,4.2315
47.6978,0.9441,4.0444
47.6980,0.9138,3.9131
47.6982,0.9421,4.0324
47.6984,0.9844,4.215
47.6986,0.9562,4.0982
47.6988,0.9365,4.0158
47.6990,0.9549,4.0906
47.6992,0.9838,4.2164
47.6994,0.9179,3.9416
47.6996,0.8232,3.5381
47.6998,0.8168,3.5026
47.7000,0.8881,3.808
47.7002,0.8799,3.7766
47.7004,0.8707,3.7404
47.7006,0.8342,3.5822
47.7008,0.8547,3.6685
47.7010,0.84,3.6052
47.7012,0.8661,3.7139
47.7014,0.8472,3.6344
47.7016,0.8173,3.5112
47.7018,0.7715,3.3175
47.7020,0.7744,3.3268
47.7022,0.7895,3.3901
47.7024,0.7995,3.4344
47.7026,0.8182,3.5148
47.7028,0.7869,3.3804
47.7030,0.8092,3.4713
47.7032,0.8956,3.844
47.7034,0.9098,3.9066
47.7036,0.913,3.9186
47.7038,0.8744,3.7599
47.7040,0.763,3.2733
47.7042,0.8478,3.6387
47.7044,0.8738,3.7486
47.7046,0.8538,3.6661
47.7048,0.8134,3.4991
47.7050,0.7072,3.0454
47.7052,0.7131,3.0692
47.7054,0.6924,2.9786
47.7056,0.6853,2.9481
47.7058,0.719,3.096
47.7060,0.715,3.0789
47.7062,0.6758,2.9087
47.7064,0.71,3.0572
47.7066,0.6849,2.9507
47.7068,0.6815,2.9316
47.7070,0.7575,3.2556
47.7072,0.7649,3.2891
47.7074,0.7058,3.0377
47.7076,0.6828,2.9373
47.7078,0.6705,2.886
47.7080,0.6844,2.9445
47.7082,0.6974,3.0058
47.7084,0.6386,2.75
47.7086,0.668,2.8778
47.7088,0.6284,2.7086
47.7090,0.6352,2.735
47.7092,0.612,2.639
47.7094,0.5687,2.4512
47.7096,0.5754,2.4813
47.7098,0.6174,2.6573
47.7100,0.6784,2.9146
47.7102,0.7908,3.3989
47.7104,0.7602,3.272
47.7106,0.6757,2.9095
47.7108,0.6386,2.7474
47.7110,0.7121,3.0622
47.7112,0.7961,3.42
47.7114,0.7946,3.417
47.7116,0.7416,3.1905
47.7118,0.7057,3.0386
47.7120,0.7061,3.0407
47.7122,0.6618,2.8496
47.7124,0.6144,2.6457
47.7126,0.6073,2.6164
47.7128,0.6049,2.6085
47.7130,0.6067,2.6138
47.7132,0.61,2.6241
47.7134,0.6683,2.8748
47.7136,0.7189,3.094
47.7138,0.7061,3.0407
47.7140,0.7027,3.0229
47.7142,0.7022,3.0208
47.7144,0.7004,3.0159
47.7146,0.6984,3.0057
47.7148,0.6952,2.9923
47.7150,0.6895,2.9689
47.7152,0.6822,2.9374
47.7154,0.6946,2.9869
47.7156,0.7637,3.2809
47.7158,0.7763,3.3334
47.7160,0.7898,3.3932
47.7162,0.8099,3.4808
47.7164,0.8348,3.5847
47.7166,0.8508,3.6549
47.7168,0.8249,3.5436
47.7170,0.8867,3.8076
47.7172,0.8829,3.7876
47.7174,0.8215,3.5275
47.7176,0.8117,3.4902
47.7178,0.78,3.3587
47.7180,0.6909,2.9709
47.7182,0.7258,3.1239
47.7184,0.6597,2.8408
47.7186,0.6341,2.7316
47.7188,0.6591,2.8369
47.7190,0.7115,3.0611
47.7192,0.6796,2.9211
47.7194,0.7371,3.1665
47.7196,0.8021,3.4521
47.7198,0.7461,3.2051
47.7200,0.7756,3.3303
47.7202,0.7782,3.3479
47.7204,0.7948,3.4175
47.7206,0.774,3.3329
47.7208,0.6654,2.8664
47.7210,0.6145,2.6487
47.7212,0.6114,2.6377
47.7214,0.6024,2.5952
47.7216,0.6421,2.7637
47.7218,0.6579,2.8397
47.7220,0.518,2.2347
47.7222,0.4994,2.1545
47.7224,0.4898,2.1131
47.7226,0.4974,2.1467
47.7228,0.5133,2.2135
47.7230,0.5507,2.3781
47.7232,0.4777,2.0618
47.7234,0.4855,2.0945
47.7236,0.5031,2.1746
47.7238,0.4182,1.8068
47.7240,0.411,1.7741
47.7242,0.421,1.8187
47.7244,0.4157,1.7968
47.7246,0.4565,1.9684
47.7248,0.5212,2.2487
47.7250,0.5139,2.2192
47.7252,0.487,2.1027
47.7254,0.4541,1.959
47.7256,0.4805,2.067
47.7258,0.5776,2.4895
47.7260,0.5688,2.4483
47.7262,0.619,2.6641
47.7264,0.6135,2.6403
47.7266,0.6211,2.6746
47.7268,0.656,2.8301
47.7270,0.5198,2.2414
47.7272,0.4997,2.1535
47.7274,0.5522,2.381
47.7276,0.568,2.447
47.7278,0.5924,2.5507
47.7280,0.6337,2.7288
47.7282,0.6743,2.9033
47.7284,0.6933,2.9771
47.7286,0.7723,3.3164
47.7288,0.7888,3.3948
47.7290,0.6812,2.9305
47.7292,0.7334,3.1476
47.7294,0.8372,3.5916
47.7296,0.8294,3.5632
47.7298,0.8276,3.5521
47.7300,0.8738,3.7503
47.7302,0.8334,3.5785
47.7304,0.8167,3.5037
47.7306,0.8942,3.8342
47.7308,0.9015,3.8619
47.7310,0.9387,4.0231
47.7312,0.9646,4.1341
47.7314,0.9391,4.0289
47.7316,0.896,3.8437
47.7318,0.8679,3.725
47.7320,0.8854,3.7949
47.7322,0.9514,4.0794
47.7324,0.9168,3.9332
47.7326,0.9166,3.9303
47.7328,0.9583,4.1093
47.7330,0.9648,4.139
47.7332,0.9628,4.1264
47.7334,0.9399,4.0282
47.7336,0.9855,4.2201
47.7338,0.9831,4.2157
47.7340,0.9189,3.9438
47.7342,0.9331,4.0069
47.7344,0.8818,3.7847
47.7346,0.8743,3.7541
47.7348,0.8914,3.8313
47.7350,0.8299,3.5602
47.7352,0.8843,3.7956
47.7354,0.8641,3.712
47.7356,0.8413,3.6158
47.7358,0.8627,3.7046
47.7360,0.8827,3.7884
47.7362,0.8915,3.83
47.7364,0.8141,3.4989
47.7366,0.7937,3.4097
47.7368,0.7651,3.2947
47.7370,0.7138,3.0751
47.7372,0.68,2.9268
47.7374,0.6963,2.9997
47.7376,0.7136,3.0713
47.7378,0.7168,3.0866
47.7380,0.6504,2.8006
47.7382,0.6738,2.904
47.7384,0.6286,2.7091
47.7386,0.6171,2.6595
47.7388,0.5956,2.5682
47.7390,0.6048,2.6116
47.7392,0.5427,2.3413
47.7394,0.5677,2.4454
47.7396,0.6148,2.6472
47.7398,0.6666,2.8703
47.7400,0.6843,2.9453
47.7402,0.6041,2.6061
47.7404,0.5986,2.5811
47.7406,0.5817,2.5094
47.7408,0.5221,2.2523
47.7410,0.5271,2.2761
47.7412,0.5048,2.1788
47.7414,0.5097,2.197
47.7416,0.5422,2.3392
47.7418,0.5084,2.1913
47.7420,0.5931,2.5561
47.7422,0.5651,2.438
47.7424,0.5176,2.2331
47.7426,0.5103,2.2016
47.7428,0.5447,2.3522
47.7430,0.5054,2.1804
47.7432,0.5004,2.1556
47.7434,0.5582,2.4069
47.7436,0.5506,2.3765
47.7438,0.4992,2.1535
47.7440,0.5034,2.1716
47.7442,0.557,2.4028
47.7444,0.5763,2.4872
47.7446,0.4922,2.1235
47.7448,0.5203,2.2424
47.7450,0.582,2.5063
47.7452,0.6687,2.8796
47.7454,0.6174,2.6623
47.7456,0.5859,2.524
47.7458,0.5782,2.4932
47.7460,0.5617,2.4219
47.7462,0.5843,2.5172
47.7464,0.6347,2.7304
47.7466,0.6914,2.9716
47.7468,0.7251,3.1179
47.7470,0.7282,3.1298
47.7472,0.7425,3.1941
47.7474,0.6949,2.9921
47.7476,0.6738,2.8972
47.7478,0.7173,3.0873
47.7480,0.696,2.9926
47.7482,0.7249,3.114
47.7484,0.7505,3.2302
47.7486,0.6942,2.9876
47.7488,0.6784,2.9187
47.7490,0.6714,2.8896
47.7492,0.7084,3.0491
47.7494,0.6982,3.0052
47.7496,0.6975,2.9993
47.7498,0.7376,3.1715
47.7500,0.8004,3.4353
47.7502,0.8231,3.5359
47.7504,0.7984,3.4297
47.7506,0.789,3.3927
47.7508,0.7498,3.2226
47.7510,0.7818,3.3587
47.7512,0.7648,3.287
47.7514,0.765,3.2896
47.7516,0.7563,3.2504
47.7518,0.7466,3.2087
47.7520,0.7006,3.0155
47.7522,0.6533,2.813
47.7524,0.6841,2.9429
47.7526,0.7335,3.1481
47.7528,0.833,3.5836
47.7530,0.751,3.2278
47.7532,0.7879,3.3849
47.7534,0.7305,3.1426
47.7536,0.6595,2.8385
47.7538,0.6366,2.745
47.7540,0.6195,2.6649
47.7542,0.6623,2.853
47.7544,0.5521,2.3805
47.7546,0.5389,2.3236
47.7548,0.5678,2.4482
47.7550,0.5842,2.5179
47.7552,0.6256,2.6912
47.7554,0.6614,2.8507
47.7556,0.5865,2.5301
47.7558,0.5421,2.3365
47.7560,0.5946,2.5605
47.7562,0.6283,2.7081
47.7564,0.6542,2.8145
47.7566,0.7317,3.1404
47.7568,0.8201,3.523
47.7570,0.8359,3.591
47.7572,0.8458,3.6337
47.7574,0.8209,3.5233
47.7576,0.8605,3.688
47.7578,0.9476,4.073
47.7580,0.8409,3.6193
47.7582,0.7728,3.3216
47.7584,0.7383,3.1731
47.7586,0.807,3.4604
47.7588,0.9373,4.0212
47.7590,0.981,4.2045
47.7592,0.956,4.0976
47.7594,0.9664,4.1476
47.7596,0.941,4.039
47.7598,0.8835,3.7937
47.7600,0.8085,3.4751
47.7602,0.7274,3.1321
47.7604,0.6831,2.9429
47.7606,0.6813,2.9338
47.7608,0.6926,2.9796
47.7610,0.7123,3.0613
47.7612,0.7993,3.4339
47.7614,0.7945,3.4148
47.7616,0.8154,3.4996
47.7618,0.8463,3.6341
47.7620,0.8485,3.6434
47.7622,0.8775,3.7645
47.7624,0.9195,3.9445
47.7626,0.9309,3.9952
47.7628,0.8991,3.8535
47.7630,1.0232,4.3813
47.7632,1.125,4.8127
47.7634,1.1721,5.0143
47.7636,1.1167,4.7773
47.7638,1.1153,4.7734
47.7640,1.106,4.7361
47.7642,1.1299,4.836
47.7644,1.0752,4.6063
47.7646,1.0941,4.6847
47.7648,1.1203,4.7949
47.7650,1.1112,4.7604
47.7652,1.1026,4.7234
47.7654,1.1203,4.7972
47.7656,1.1102,4.7518
47.7658,1.1167,4.7795
47.7660,1.0965,4.6972
47.7662,1.1352,4.8654
47.7664,1.1322,4.8458
47.7666,1.1479,4.9107
47.7668,1.1684,5.0007
47.7670,1.1433,4.8981
47.7672,1.1072,4.7412
47.7674,1.0932,4.6899
47.7676,1.0762,4.6125
47.7678,1.1234,4.8128
47.7680,1.1342,4.859
47.7682,1.125,4.8217
47.7684,1.1003,4.7136
47.7686,1.1062,4.7366
47.7688,1.0984,4.7098
47.7690,1.071,4.5904
47.7692,1.0939,4.6886
47.7694,1.0745,4.6075
47.7696,1.0558,4.5357
47.7698,0.953,4.0924
47.7700,0.9735,4.1804
47.7702,0.9926,4.2603
47.7704,0.9806,4.2108
47.7706,0.9678,4.1615
47.7708,0.8799,3.7853
47.7710,0.8809,3.7877
47.7712,0.8528,3.6687
47.7714,0.8374,3.601
47.7716,0.8394,3.611
47.7718,0.8745,3.7638
47.7720,0.8643,3.7182
47.7722,0.8484,3.6479
47.7724,0.8633,3.7158
47.7726,0.8589,3.6968
47.7728,0.8246,3.5475
47.7730,0.8034,3.4562
47.7732,0.7928,3.4219
47.7734,0.6958,3.0004
47.7736,0.715,3.0803
47.7738,0.7701,3.3159
47.7740,0.7504,3.2387
47.7742,0.6579,2.8344
47.7744,0.6862,2.9577
47.7746,0.6368,2.746
47.7748,0.6454,2.7866
47.7750,0.6588,2.838
47.7752,0.7902,3.3979
47.7754,0.8372,3.6033
47.7756,0.7716,3.3257
47.7758,0.7455,3.213
47.7760,0.7437,3.1978
47.7762,0.8454,3.6334
47.7764,0.9119,3.9139
47.7766,0.9237,3.9754
47.7768,0.8559,3.6873
47.7770,0.8261,3.5586
47.7772,0.7511,3.2343
47.7774,0.7392,3.1861
47.7776,0.7431,3.2056
47.7778,0.6708,2.8924
47.7780,0.6551,2.826
47.7782,0.65,2.8016
47.7784,0.6919,2.9834
47.7786,0.7132,3.074
47.7788,0.7024,3.0261
47.7790,0.7049,3.0369
47.7792,0.701,3.0241
47.7794,0.7005,3.0192
47.7796,0.7193,3.0975
47.7798,0.7738,3.3319
47.7800,0.782,3.3722
47.7802,0.7421,3.1971
47.7804,0.7043,3.0343
47.7806,0.6949,2.9935
47.7808,0.699,3.0125
47.7810,0.6957,2.9971
47.7812,0.6932,2.9891
47.7814,0.719,3.0974
47.7816,0.7939,3.4107
47.7818,0.8918,3.8328
47.7820,0.8716,3.7532
47.7822,0.8087,3.4789
47.7824,0.8044,3.4587
47.7826,0.8216,3.533
47.7828,0.8389,3.6072
47.7830,0.8353,3.5867
47.7832,0.9544,4.0942
47.7834,1.0616,4.5541
47.7836,1.058,4.5429
47.7838,0.9119,3.923
47.7840,0.8117,3.495
47.7842,0.808,3.4758
47.7844,0.8174,3.5166
47.7846,0.8653,3.7189
47.7848,0.9024,3.8769
47.7850,0.9347,4.0136
47.7852,0.9509,4.085
47.7854,0.8777,3.7795
47.7856,0.8374,3.601
47.7858,0.8871,3.8127
47.7860,0.928,3.9866
47.7862,0.9785,4.1956
47.7864,1.036,4.4466
47.7866,1.0155,4.3626
47.7868,1.0152,4.3489
47.7870,1.0857,4.6553
47.7872,0.9765,4.2011
47.7874,0.8226,3.5371
47.7876,0.8329,3.5898
47.7878,0.7551,3.2544
47.7880,0.7555,3.2549
47.7882,0.7958,3.4253
47.7884,0.7987,3.4409
47.7886,0.8017,3.4538
47.7888,0.7547,3.2528
47.7890,0.6858,2.9611
47.7892,0.6313,2.7273
47.7894,0.6641,2.8594
47.7896,0.7926,3.4098
47.7898,0.7391,3.193
47.7900,0.5952,2.569
47.7902,0.5985,2.5806
47.7904,0.6181,2.6691
47.7906,0.57,2.4592
47.7908,0.6571,2.8374
47.7910,0.5789,2.4975
47.7912,0.5547,2.3963
47.7914,0.5633,2.4336
47.7916,0.5666,2.4431
47.7918,0.6262,2.7013
47.7920,0.5641,2.4345
47.7922,0.5474,2.3636
47.7924,0.5469,2.3605
47.7926,0.5523,2.3848
47.7928,0.5533,2.3868
47.7930,0.6412,2.7672
47.7932,0.5965,2.5723
47.7934,0.6101,2.6295
47.7936,0.6077,2.6241
47.7938,0.5599,2.4152
47.7940,0.559,2.4138
47.7942,0.5561,2.4014
47.7944,0.5876,2.5335
47.7946,0.6368,2.7435
47.7948,0.6823,2.9406
47.7950,0.6703,2.8903
47.7952,0.7006,3.0141
47.7954,0.7709,3.3149
47.7956,0.7979,3.4325
47.7958,0.7925,3.4108
47.7960,0.8205,3.5283
47.7962,0.8789,3.7724
47.7964,0.931,3.9976
47.7966,0.9515,4.0781
47.7968,1.0587,4.5354
47.7970,1.0231,4.389
47.7972,0.9752,4.1837
47.7974,0.9798,4.2033
47.7976,0.9692,4.1619
47.7978,0.9646,4.1456
47.7980,0.9051,3.881
47.7982,1.0282,4.407
47.7984,1.089,4.6654
47.7986,1.0565,4.5325
47.7988,0.9913,4.2546
47.7990,0.9809,4.2118
47.7992,0.9566,4.1097
47.7994,0.9305,3.9993
47.7996,0.9123,3.91
47.7998,1.0503,4.5057
47.8000,0.9839,4.2306
47.8002,0.9425,4.047
47.8004,0.9618,4.128
47.8006,1.0123,4.3447
47.8008,1.0421,4.4728
47.8010,0.9377,4.0321
47.8012,0.8703,3.7406
47.8014,0.851,3.661
47.8016,0.7974,3.4352
47.8018,0.7776,3.3484
47.8020,0.7934,3.4118
47.8022,0.8636,3.7134
47.8024,0.9077,3.905
47.8026,0.8232,3.538
47.8028,0.8867,3.8112
47.8030,0.9028,3.882
47.8032,0.8294,3.5665
47.8034,0.8598,3.7021
47.8036,0.8147,3.5063
47.8038,0.7545,3.2533
47.8040,0.7027,3.0313
47.8042,0.6242,2.6918
47.8044,0.6841,2.9443
47.8046,0.7737,3.3314
47.8048,0.7166,3.0899
47.8050,0.7129,3.0739
47.8052,0.7135,3.0722
47.8054,0.7365,3.1757
47.8056,0.7119,3.0683
47.8058,0.735,3.171
47.8060,0.6584,2.8404
47.8062,0.6155,2.6577
47.8064,0.6029,2.6009
47.8066,0.6436,2.7724
47.8068,0.6978,3.0073
47.8070,0.6968,3.0046
47.8072,0.6629,2.8596
47.8074,0.6487,2.7972
47.8076,0.701,3.0213
47.8078,0.6776,2.9205
47.8080,0.6822,2.9374
47.8082,0.7372,3.1744
47.8084,0.6695,2.884
47.8086,0.6752,2.9183
47.8088,0.5727,2.4752
47.8090,0.5499,2.3745
47.8092,0.5824,2.5101
47.8094,0.6473,2.7897
47.8096,0.6922,2.9835
47.8098,0.6707,2.8919
47.8100,0.6256,2.6987
47.8102,0.6159,2.6593
47.8104,0.6079,2.6202
47.8106,0.6854,2.9527
47.8108,0.6476,2.7978
47.8110,0.5338,2.3072
47.8112,0.5209,2.2471
47.8114,0.5017,2.1673
47.8116,0.4981,2.1528
47.8118,0.5084,2.1984
47.8120,0.4939,2.1347
47.8122,0.4891,2.113
47.8124,0.4895,2.1145
47.8126,0.4927,2.1285
47.8128,0.4896,2.115
47.8130,0.4884,2.1089
47.8132,0.4883,2.1084
47.8134,0.4896,2.115
47.8136,0.4989,2.1544
47.8138,0.5525,2.3837
47.8140,0.5398,2.331
47.8142,0.4947,2.1373
47.8144,0.4902,2.1186
47.8146,0.518,2.2326
47.8148,0.5979,2.5756
47.8150,0.6046,2.6033
47.8152,0.6675,2.8757
47.8154,0.6323,2.7226
47.8156,0.6879,2.9622
47.8158,0.6781,2.9226
47.8160,0.6167,2.6555
47.8162,0.6103,2.6318
47.8164,0.6228,2.6818
47.8166,0.7004,3.0103
47.8168,0.7649,3.2937
47.8170,0.7654,3.2942
47.8172,0.7812,3.3608
47.8174,0.7103,3.063
47.8176,0.615,2.6519
47.8178,0.6,2.5885
47.8180,0.5952,2.5643
47.8182,0.6009,2.5897
47.8184,0.6013,2.5918
47.8186,0.6181,2.6654
47.8188,0.6163,2.6589
47.8190,0.6263,2.6968
47.8192,0.6768,2.9128
47.8194,0.7189,3.094
47.8196,0.7591,3.2628
47.8198,0.7967,3.4273
47.8200,0.7042,3.0324
47.8202,0.7097,3.0547
47.8204,0.7271,3.131
47.8206,0.6997,3.0142
47.8208,0.6659,2.8685
47.8210,0.6647,2.8647
47.8212,0.6113,2.6359
47.8214,0.5495,2.3696
47.8216,0.551,2.3769
47.8218,0.5991,2.5844
47.8220,0.5936,2.5606
47.8222,0.5499,2.3701
47.8224,0.5764,2.4866
47.8226,0.5913,2.5496
47.8228,0.5575,2.4082
47.8230,0.4368,1.8871
47.8232,0.4368,1.8871
47.8234,0.4314,1.8638
47.8236,0.4489,1.9412
47.8238,0.4283,1.8512
47.8240,0.4651,2.0084
47.8242,0.4356,1.8819
47.8244,0.4325,1.8667
47.8246,0.439,1.8947
47.8248,0.4775,2.057
47.8250,0.5922,2.5525
47.8252,0.5718,2.4635
47.8254,0.6444,2.776
47.8256,0.6746,2.8995
47.8258,0.7159,3.0825
47.8260,0.6036,2.604
47.8262,0.5419,2.3365
47.8264,0.5397,2.3262
47.8266,0.5465,2.3534
47.8268,0.6102,2.6264
47.8270,0.6716,2.8906
47.8272,0.7229,3.1086
47.8274,0.7394,3.1778
47.8276,0.7358,3.1653
47.8278,0.6966,2.9952
47.8280,0.7503,3.2247
47.8282,0.7701,3.3128
47.8284,0.6805,2.9288
47.8286,0.7289,3.1344
47.8288,0.7723,3.318
47.8290,0.7996,3.4333
47.8292,0.8099,3.476
47.8294,0.8833,3.7892
47.8296,0.9196,3.9395
47.8298,1.0117,4.3259
47.8300,1.1335,4.8514
47.8302,1.1028,4.72
47.8304,1.0863,4.6514
47.8306,1.0538,4.5164
47.8308,0.9973,4.2744
47.8310,0.9962,4.2658
47.8312,1.0022,4.2914
47.8314,1.0182,4.3638
47.8316,1.0716,4.5909
47.8318,1.0143,4.3514
47.8320,1.0116,4.3355
47.8322,1.0281,4.4085
47.8324,1.0081,4.3206
47.8326,0.9951,4.2711
47.8328,0.9015,3.8728
47.8330,0.9159,3.9291
47.8332,0.9192,3.9453
47.8334,0.9775,4.1896
47.8336,1.0041,4.3137
47.8338,0.9144,3.9211
47.8340,0.9424,4.039
47.8342,0.9504,4.081
47.8344,0.9371,4.0201
47.8346,0.9703,4.1665
47.8348,0.8961,3.846
47.8350,0.8886,3.8176
47.8352,0.8925,3.8359
47.8354,0.8779,3.7713
47.8356,0.9068,3.89
47.8358,0.9017,3.872
47.8360,0.9313,3.9973
47.8362,0.9628,4.1341
47.8364,0.9514,4.089
47.8366,0.8751,3.7629
47.8368,0.815,3.5079
47.8370,0.7251,3.1223
47.8372,0.6938,2.9889
47.8374,0.676,2.9138
47.8376,0.6543,2.8202
47.8378,0.6412,2.7647
47.8380,0.6078,2.6209
47.8382,0.6316,2.722
47.8384,0.7061,3.0364
47.8386,0.7913,3.4025
47.8388,0.7533,3.2421
47.8390,0.7402,3.1858
47.8392,0.742,3.1906
47.8394,0.8165,3.5124
47.8396,0.813,3.4975
47.8398,0.8041,3.4593
47.8400,0.7059,3.0425
47.8402,0.6087,2.6233
47.8404,0.6613,2.8489
47.8406,0.6974,3.0044
47.8408,0.6957,2.9971
47.8410,0.6633,2.859
47.8412,0.6251,2.6991
47.8414,0.6001,2.5878
47.8416,0.6257,2.6955
47.8418,0.6566,2.8287
47.8420,0.6246,2.6896
47.8422,0.6314,2.719
47.8424,0.6605,2.8479
47.8426,0.6655,2.8656
47.8428,0.7538,3.2457
47.8430,0.7386,3.1806
47.8432,0.7099,3.0581
47.8434,0.6507,2.8008
47.8436,0.7042,3.031
47.8438,0.6957,2.9971
47.8440,0.6681,2.8783
47.8442,0.6834,2.9439
47.8444,0.7449,3.2104
47.8446,0.6135,2.6477
47.8448,0.5398,2.3288
47.8450,0.5543,2.3914
47.8452,0.5503,2.3716
47.8454,0.6232,2.6859
47.8456,0.621,2.6753
47.8458,0.6201,2.6761
47.8460,0.6362,2.7358
47.8462,0.7599,3.272
47.8464,0.6408,2.767
47.8466,0.6189,2.6635
47.8468,0.6606,2.8471
47.8470,0.6274,2.7039
47.8472,0.6479,2.7923
47.8474,0.659,2.8391
47.8476,0.6551,2.822
47.8478,0.657,2.8303
47.8480,0.6497,2.8001
47.8482,0.6486,2.7941
47.8484,0.638,2.7487
47.8486,0.6372,2.7451
47.8488,0.6367,2.7443
47.8490,0.6575,2.831
47.8492,0.7215,3.0995
47.8494,0.8479,3.6425
47.8496,0.8973,3.8529
47.8498,0.898,3.856
47.8500,0.8395,3.6048
47.8502,0.8321,3.5762
47.8504,0.8497,3.657
47.8506,0.7759,3.3365
47.8508,0.7533,3.2421
47.8510,0.7035,3.0293
47.8512,0.701,3.0185
47.8514,0.7142,3.0724
47.8516,0.7372,3.17
47.8518,0.7516,3.2303
47.8520,0.7626,3.2823
47.8522,0.7585,3.2633
47.8524,0.7755,3.336
47.8526,0.7822,3.3571
47.8528,0.8707,3.7421
47.8530,0.8036,3.4604
47.8532,0.672,2.8935
47.8534,0.6085,2.6252
47.8536,0.5462,2.3595
47.8538,0.5519,2.38
47.8540,0.5757,2.4789
47.8542,0.6277,2.708
47.8544,0.5949,2.5663
47.8546,0.5867,2.5252
47.8548,0.6245,2.6928
47.8550,0.5878,2.5334
47.8552,0.5861,2.5262
47.8554,0.6,2.5849
47.8556,0.6472,2.7879
47.8558,0.6829,2.9419
47.8560,0.6563,2.8272
47.8562,0.6233,2.6851
47.8564,0.6409,2.7611
47.8566,0.647,2.7887
47.8568,0.56,2.4213
47.8570,0.4463,1.9298
47.8572,0.4006,1.7323
47.8574,0.4034,1.7426
47.8576,0.3993,1.7258
47.8578,0.4319,1.8641
47.8580,0.5263,2.2704
47.8582,0.5798,2.4999
47.8584,0.4927,2.1275
47.8586,0.4746,2.0493
47.8588,0.4714,2.0353
47.8590,0.4738,2.0448
47.8592,0.4849,2.0919
47.8594,0.4864,2.0991
47.8596,0.4799,2.0721
47.8598,0.4783,2.0635
47.8600,0.4781,2.0624
47.8602,0.4782,2.063
47.8604,0.4812,2.0778
47.8606,0.4861,2.099
47.8608,0.4762,2.0551
47.8610,0.497,2.1432
47.8612,0.5268,2.2725
47.8614,0.5991,2.5796
47.8616,0.6076,2.6162
47.8618,0.5753,2.4773
47.8620,0.6031,2.5959
47.8622,0.6976,2.9984
47.8624,0.7312,3.1442
47.8626,0.7601,3.2639
47.8628,0.7904,3.3942
47.8630,0.8534,3.6645
47.8632,0.8499,3.6478
47.8634,0.8515,3.6494
47.8636,0.9144,3.9174
47.8638,0.9607,4.1176
47.8640,0.9716,4.1663
47.8642,0.9845,4.2233
47.8644,0.9762,4.1839
47.8646,0.9583,4.1073
47.8648,0.9877,4.2352
47.8650,0.9488,4.0667
47.8652,0.9472,4.0633
47.8654,1.0075,4.3201
47.8656,0.9859,4.2275
47.8658,0.9785,4.1917
47.8660,0.9813,4.208
47.8662,0.9678,4.1499
47.8664,0.9551,4.0935
47.8666,0.9792,4.1968
47.8668,0.9329,4.004
47.8670,0.9044,3.8833
47.8672,0.9084,3.9008
47.8674,0.9211,3.9499
47.8676,0.9596,4.1149
47.8678,0.9756,4.1872
47.8680,0.8847,3.7971
47.8682,0.9253,3.9697
47.8684,0.9601,4.1208
47.8686,0.939,4.0321
47.8688,0.8699,3.7373
47.8690,0.851,3.661
47.8692,0.8255,3.5495
47.8694,0.8337,3.58
47.8696,0.8608,3.6947
47.8698,0.8407,3.6099
47.8700,0.8952,3.8531
47.8702,0.7547,3.2498
47.8704,0.7011,3.0162
47.8706,0.7364,3.1693
47.8708,0.7481,3.2184
47.8710,0.7257,3.1263
47.8712,0.6097,2.6292
47.8714,0.583,2.5139
47.8716,0.6048,2.6092
47.8718,0.5999,2.5868
47.8720,0.6073,2.6176
47.8722,0.6494,2.7964
47.8724,0.7346,3.163
47.8726,0.6843,2.9453
47.8728,0.6759,2.9106
47.8730,0.6807,2.9312
47.8732,0.6824,2.9384
47.8734,0.6778,2.9215
47.8736,0.61,2.6314
47.8738,0.5648,2.4387
47.8740,0.5145,2.2217
47.8742,0.5087,2.1933
47.8744,0.5771,2.4874
47.8746,0.5344,2.3088
47.8748,0.4385,1.8952
47.8750,0.4163,1.8002
47.8752,0.427,1.8438
47.8754,0.4729,2.0421
47.8756,0.4649,2.0065
47.8758,0.462,1.995
47.8760,0.5372,2.3142
47.8762,0.5913,2.5531
47.8764,0.4724,2.0381
47.8766,0.4644,2.0035
47.8768,0.4491,1.9417
47.8770,0.447,1.9311
47.8772,0.4488,1.9389
47.8774,0.4523,1.9521
47.8776,0.4498,1.9413
47.8778,0.4536,1.9596
47.8780,0.4479,1.933
47.8782,0.4474,1.9309
47.8784,0.4506,1.9467
47.8786,0.4483,1.9368
47.8788,0.4469,1.9297
47.8790,0.4507,1.9472
47.8792,0.4469,1.9297
47.8794,0.4606,1.9869
47.8796,0.4636,2.0008
47.8798,0.4596,1.9828
47.8800,0.4581,1.9779
47.8802,0.4588,1.9791
47.8804,0.4636,1.9998
47.8806,0.4582,1.9793
47.8808,0.4668,2.0147
47.8810,0.5184,2.2331
47.8812,0.5383,2.3178
47.8814,0.5595,2.4126
47.8816,0.5618,2.4213
47.8818,0.5431,2.3385
47.8820,0.5513,2.3752
47.8822,0.5553,2.3945
47.8824,0.5618,2.4213
47.8826,0.6103,2.6293
47.8828,0.5942,2.5596
47.8830,0.5647,2.4337
47.8832,0.6057,2.6056
47.8834,0.7055,3.0324
47.8836,0.7542,3.2417
47.8838,0.7579,3.2531
47.8840,0.7679,3.3066
47.8842,0.6545,2.8207
47.8844,0.5846,2.5159
47.8846,0.5832,2.5126
47.8848,0.5678,2.4471
47.8850,0.548,2.3629
47.8852,0.5403,2.3277
47.8854,0.5715,2.4631
47.8856,0.615,2.6458
47.8858,0.683,2.9356
47.8860,0.7515,3.2343
47.8862,0.7436,3.1958
47.8864,0.755,3.2478
47.8866,0.6546,2.8213
47.8868,0.5825,2.5083
47.8870,0.5699,2.4541
47.8872,0.5729,2.467
47.8874,0.6371,2.7445
47.8876,0.6396,2.7515
47.8878,0.6846,2.9464
47.8880,0.6493,2.7946
47.8882,0.6621,2.8472
47.8884,0.6715,2.8888
47.8886,0.6389,2.7536
47.8888,0.642,2.7631
47.8890,0.6483,2.7918
47.8892,0.618,2.6599
47.8894,0.6078,2.6197
47.8896,0.5681,2.4452
47.8898,0.6097,2.6231
47.8900,0.6246,2.6896
47.8902,0.6366,2.7437
47.8904,0.6061,2.6113
47.8906,0.554,2.3854
47.8908,0.5683,2.4492
47.8910,0.5258,2.2673
47.8912,0.5573,2.4044
47.8914,0.5176,2.2311
47.8916,0.5006,2.1587
47.8918,0.4883,2.1054
47.8920,0.4901,2.1142
47.8922,0.4898,2.1131
47.8924,0.4975,2.1462
47.8926,0.494,2.1293
47.8928,0.5324,2.2968
47.8930,0.4974,2.1457
47.8932,0.4849,2.0919
47.8934,0.4852,2.092
47.8936,0.4876,2.1013
47.8938,0.4871,2.0993
47.8940,0.4894,2.1111
47.8942,0.497,2.1432
47.8944,0.557,2.3995
47.8946,0.5835,2.5078
47.8948,0.6867,2.9515
47.8950,0.7204,3.1021
47.8952,0.6156,2.6496
47.8954,0.6522,2.8031
47.8956,0.7016,3.0168
47.8958,0.7445,3.1999
47.8960,0.7895,3.3885
47.8962,0.8184,3.5076
47.8964,0.9261,3.9654
47.8966,1.0122,4.33
47.8968,1.0057,4.3043
47.8970,0.9926,4.2523
47.8972,0.9753,4.1803
47.8974,0.9809,4.202
47.8976,0.9685,4.1549
47.8978,0.8744,3.7528
47.8980,0.931,3.9864
47.8982,0.9774,4.191
47.8984,0.8949,3.8391
47.8986,0.9056,3.8812
47.8988,0.915,3.9273
47.8990,0.8679,3.7268
47.8992,0.806,3.4643
47.8994,0.7912,3.4004
47.8996,0.8175,3.5105
47.8998,0.8487,3.6393
47.9000,0.8594,3.6885
47.9002,0.8813,3.7862
47.9004,0.8466,3.6368
47.9006,0.8343,3.586
47.9008,0.7587,3.2608
47.9010,0.7782,3.3416
47.9012,0.786,3.3783
47.9014,0.7936,3.4123
47.9016,0.7945,3.4133
47.9018,0.7847,3.3742
47.9020,0.778,3.3453
47.9022,0.7855,3.3746
47.9024,0.831,3.5616
47.9026,0.9553,4.1002
47.9028,0.8606,3.6919
47.9030,0.8884,3.8184
47.9032,0.7945,3.4148
47.9034,0.7595,3.2644
47.9036,0.7335,3.1569
47.9038,0.7398,3.1872
47.9040,0.7008,3.016
47.9042,0.6992,3.0079
47.9044,0.6912,2.9734
47.9046,0.7243,3.1143
47.9048,0.7456,3.2061
47.9050,0.746,3.2076
47.9052,0.6873,2.9596
47.9054,0.7017,3.0188
47.9056,0.7184,3.0933
47.9058,0.6259,2.6915
47.9060,0.6962,2.9978
47.9062,0.6573,2.8332
47.9064,0.5876,2.5312
47.9066,0.6388,2.7518
47.9068,0.6657,2.8693
47.9070,0.6058,2.6085
47.9072,0.628,2.7028
47.9074,0.656,2.8275
47.9076,0.6095,2.6257
47.9078,0.6438,2.7722
47.9080,0.6777,2.9156
47.9082,0.6882,2.9618
47.9084,0.7356,3.1662
47.9086,0.7374,3.174
47.9088,0.6373,2.7468
47.9090,0.6262,2.6963
47.9092,0.7004,3.0131
47.9094,0.7364,3.1664
47.9096,0.7119,3.0655
47.9098,0.6319,2.7223
47.9100,0.6407,2.7575
47.9102,0.7143,3.0701
47.9104,0.7692,3.3046
47.9106,0.7385,3.1801
47.9108,0.6743,2.902
47.9110,0.6551,2.8155
47.9112,0.7002,3.0134
47.9114,0.6229,2.6848
47.9116,0.5419,2.3376
47.9118,0.5295,2.2843
47.9120,0.5289,2.2796
47.9122,0.5376,2.3179
47.9124,0.5718,2.4624
47.9126,0.6132,2.6417
47.9128,0.5356,2.3086
47.9130,0.5277,2.2766
47.9132,0.5318,2.2931
47.9134,0.526,2.2693
47.9136,0.5256,2.2673
47.9138,0.5389,2.3225
47.9140,0.6067,2.6114
47.9142,0.6307,2.7146
47.9144,0.633,2.727
47.9146,0.634,2.7286
47.9148,0.6836,2.9395
47.9150,0.6955,2.9947
47.9152,0.6473,2.7871
47.9154,0.6599,2.8361
47.9156,0.7484,3.2164
47.9158,0.7926,3.405
47.9160,0.7967,3.4241
47.9162,0.7424,3.1921
47.9164,0.7241,3.1152
47.9166,0.7065,3.038
47.9168,0.7621,3.2772
47.9170,0.7523,3.2364
47.9172,0.7096,3.0528
47.9174,0.6824,2.9371
47.9176,0.6707,2.8852
47.9178,0.6683,2.8748
47.9180,0.6704,2.8828
47.9182,0.6793,2.925
47.9184,0.6709,2.8875
47.9186,0.6711,2.8912
47.9188,0.6606,2.8405
47.9190,0.7211,3.0951
47.9192,0.8154,3.5045
47.9194,0.716,3.083
47.9196,0.6436,2.766
47.9198,0.7148,3.0793
47.9200,0.6371,2.7471
47.9202,0.6025,2.5958
47.9204,0.5888,2.5375
47.9206,0.6052,2.6059
47.9208,0.6395,2.7561
47.9210,0.5837,2.5147
47.9212,0.6486,2.7889
47.9214,0.7042,3.0296
47.9216,0.6293,2.711
47.9218,0.5989,2.5827
47.9220,0.582,2.5074
47.9222,0.6055,2.605
47.9224,0.6426,2.7632
47.9226,0.6689,2.8788
47.9228,0.556,2.4031
47.9230,0.4126,1.7833
47.9232,0.4071,1.7586
47.9234,0.3931,1.698
47.9236,0.3835,1.6574
47.9238,0.3832,1.6563
47.9240,0.4145,1.7858
47.9242,0.5144,2.2171
47.9244,0.4878,2.1043
47.9246,0.4828,2.0826
47.9248,0.4816,2.0774
47.9250,0.5377,2.3195
47.9252,0.5241,2.26
47.9254,0.494,2.1312
47.9256,0.4865,2.0977
47.9258,0.5579,2.4036
47.9260,0.5989,2.5767
47.9262,0.6181,2.6604
47.9264,0.6323,2.7239
47.9266,0.5944,2.5618
47.9268,0.5919,2.5474
47.9270,0.6618,2.8483
47.9272,0.6407,2.7549
47.9274,0.6613,2.8462
47.9276,0.6213,2.6739
47.9278,0.6778,2.9134
47.9280,0.7322,3.1439
47.9282,0.7515,3.2298
47.9284,0.7428,3.1942
47.9286,0.7705,3.3102
47.9288,0.7824,3.3581
47.9290,0.8225,3.5316
47.9292,0.8274,3.5544
47.9294,0.827,3.5496
47.9296,0.8522,3.6542
47.9298,0.8625,3.7002
47.9300,0.8704,3.7393
47.9302,0.8848,3.7923
47.9304,0.9509,4.0717
47.9306,0.9852,4.2185
47.9308,0.9864,4.2237
47.9310,0.9887,4.2354
47.9312,0.9984,4.275
47.9314,1.0117,4.336
47.9316,0.939,4.0265
47.9318,0.9798,4.1993
47.9320,0.9581,4.1063
47.9322,0.9502,4.0686
47.9324,0.9877,4.2293
47.9326,0.9783,4.1951
47.9328,0.9313,3.9992
47.9330,0.8875,3.8107
47.9332,0.8491,3.6442
47.9334,0.8825,3.7896
47.9336,0.8879,3.811
47.9338,0.868,3.7273
47.9340,0.8412,3.6069
47.9342,0.8915,3.8282
47.9344,0.8623,3.706
47.9346,0.7359,3.1702
47.9348,0.6964,2.9975
47.9350,0.713,3.0644
47.9352,0.7601,3.27
47.9354,0.6836,2.9395
47.9356,0.7021,3.0189
47.9358,0.7458,3.2071
47.9360,0.7898,3.4011
47.9362,0.7047,3.0331
47.9364,0.68,2.9281
47.9366,0.7099,3.0538
47.9368,0.7171,3.0877
47.9370,0.6408,2.7593
47.9372,0.6698,2.8829
47.9374,0.6729,2.899
47.9376,0.6117,2.6375
47.9378,0.5789,2.4963
47.9380,0.5666,2.4408
47.9382,0.5927,2.5534
47.9384,0.6486,2.7954
47.9386,0.6055,2.6063
47.9388,0.6072,2.6171
47.9390,0.6269,2.7006
47.9392,0.6777,2.9156
47.9394,0.6853,2.9508
47.9396,0.6643,2.8645
47.9398,0.6108,2.6314
47.9400,0.6452,2.7822
47.9402,0.5746,2.4754
47.9404,0.5896,2.5459
47.9406,0.5055,2.1809
47.9408,0.5366,2.3138
47.9410,0.5359,2.3085
47.9412,0.5915,2.5518
47.9414,0.5311,2.2921
47.9416,0.5109,2.2042
47.9418,0.4933,2.1271
47.9420,0.4979,2.1468
47.9422,0.5051,2.1788
47.9424,0.5524,2.3765
47.9426,0.6868,2.9575
47.9428,0.6283,2.7144
47.9430,0.4342,1.8757
47.9432,0.4133,1.7864
47.9434,0.409,1.7661
47.9436,0.4588,1.981
47.9438,0.4553,1.9651
47.9440,0.4509,1.9441
47.9442,0.4553,1.9651
47.9444,0.4895,2.1126
47.9446,0.447,1.9302
47.9448,0.4414,1.905
47.9450,0.4642,2.0024
47.9452,0.5003,2.1581
47.9454,0.4799,2.0711
47.9456,0.4488,1.9362
47.9458,0.439,1.8938
47.9460,0.4925,2.1225
47.9462,0.5777,2.4888
47.9464,0.6034,2.6006
47.9466,0.5477,2.3608
47.9468,0.5571,2.4011
47.9470,0.5844,2.5119
47.9472,0.7052,3.0337
47.9474,0.6613,2.8436
47.9476,0.6926,2.9754
47.9478,0.7256,3.1185
47.9480,0.704,3.0243
47.9482,0.734,3.1575
47.9484,0.706,3.0373
47.9486,0.7198,3.0923
47.9488,0.7359,3.1614
47.9490,0.7813,3.3519
47.9492,0.8805,3.7791
47.9494,0.772,3.3149
47.9496,0.7591,3.2613
47.9498,0.7566,3.2565
47.9500,0.6424,2.7634
47.9502,0.6735,2.8948
47.9504,0.7067,3.0404
47.9506,0.6903,2.9711
47.9508,0.6551,2.8181
47.9510,0.6436,2.7686
47.9512,0.7,3.0129
47.9514,0.7403,3.1863
47.9516,0.6354,2.7386
47.9518,0.5547,2.3897
47.9520,0.55,2.3695
47.9522,0.6023,2.5935
47.9524,0.7003,3.0056
47.9526,0.7738,3.3303
47.9528,0.6241,2.6863
47.9530,0.6534,2.8122
47.9532,0.6494,2.8003
47.9534,0.4939,2.1307
47.9536,0.4711,2.0343
47.9538,0.4643,2.0048
47.9540,0.4589,1.9797
47.9542,0.4625,1.9961
47.9544,0.4503,1.9424
47.9546,0.5041,2.1727
47.9548,0.5313,2.2921
47.9550,0.4995,2.155
47.9552,0.5258,2.2683
47.9554,0.5151,2.2212
47.9556,0.5022,2.1634
47.9558,0.5216,2.245
47.9560,0.5792,2.495
47.9562,0.5721,2.4668
47.9564,0.5116,2.2072
47.9566,0.5035,2.17
47.9568,0.5138,2.2165
47.9570,0.4468,1.9247
47.9572,0.5633,2.4279
47.9574,0.5186,2.2352
47.9576,0.4885,2.1064
47.9578,0.4911,2.1198
47.9580,0.4979,2.1477
47.9582,0.492,2.1204
47.9584,0.4917,2.1214
47.9586,0.4889,2.1089
47.9588,0.4933,2.1271
47.9590,0.4917,2.1214
47.9592,0.4878,2.1014
47.9594,0.4847,2.0899
47.9596,0.5313,2.2921
47.9598,0.506,2.1819
47.9600,0.4879,2.1038
47.9602,0.4824,2.08
47.9604,0.4883,2.1054
47.9606,0.5052,2.1773
47.9608,0.5344,2.3023
47.9610,0.5917,2.5433
47.9612,0.6302,2.7125
47.9614,0.5928,2.5539
47.9616,0.6021,2.5888
47.9618,0.7482,3.2159
47.9620,0.7664,3.2896
47.9622,0.817,3.5084
47.9624,0.7609,3.269
47.9626,0.8054,3.4504
47.9628,0.903,3.8758
47.9630,0.8493,3.6401
47.9632,0.8818,3.7829
47.9634,0.903,3.874
47.9636,0.9328,3.9922
47.9638,0.9384,4.0257
47.9640,0.8301,3.5678
47.9642,0.7759,3.3271
47.9644,0.8553,3.6744
47.9646,0.816,3.5054
47.9648,0.8271,3.55
47.9650,0.8271,3.5483
47.9652,0.8638,3.704
47.9654,0.9211,3.948
47.9656,0.8895,3.8176
47.9658,0.8236,3.5367
47.9660,0.8879,3.8109
47.9662,0.9137,3.9143
47.9664,0.959,4.1065
47.9666,0.9784,4.1975
47.9668,0.9418,4.0363
47.9670,0.9438,4.0451
47.9672,0.9337,4
47.9674,0.9711,4.1642
47.9676,0.9614,4.1245
47.9678,0.9047,3.8812
47.9680,0.9117,3.9128
47.9682,0.9294,3.9871
47.9684,0.8811,3.7851
47.9686,0.8185,3.5146
47.9688,0.8517,3.6572
47.9690,0.8107,3.4876
47.9692,0.742,3.192
47.9694,0.7208,3.0993
47.9696,0.7342,3.1541
47.9698,0.7512,3.2302
47.9700,0.75,3.2266
47.9702,0.7263,3.1201
47.9704,0.7404,3.1838
47.9706,0.7595,3.2673
47.9708,0.7718,3.3174
47.9710,0.7458,3.2041
47.9712,0.7944,3.419
47.9714,0.715,3.076
47.9716,0.7387,3.1766
47.9718,0.7566,3.2519
47.9720,0.7583,3.2622
47.9722,0.7437,3.2022
47.9724,0.6522,2.8109
47.9726,0.6288,2.7076
47.9728,0.6398,2.7564
47.9730,0.6114,2.6339
47.9732,0.6451,2.7778
47.9734,0.6854,2.9499
47.9736,0.6763,2.9066
47.9738,0.725,3.1217
47.9740,0.6814,2.9342
47.9742,0.6745,2.903
47.9744,0.6885,2.962
47.9746,0.7143,3.0729
47.9748,0.6468,2.7863
47.9750,0.6254,2.6944
47.9752,0.5903,2.5395
47.9754,0.6493,2.7933
47.9756,0.6527,2.8142
47.9758,0.6015,2.5935
47.9760,0.5724,2.4683
47.9762,0.5633,2.4257
47.9764,0.5841,2.515
47.9766,0.6127,2.6433
47.9768,0.504,2.1741
47.9770,0.4868,2.1002
47.9772,0.5187,2.2367
47.9774,0.5675,2.4483
47.9776,0.5389,2.3236
47.9778,0.5375,2.319
47.9780,0.5342,2.3045
47.9782,0.5295,2.2822
47.9784,0.5329,2.2977
47.9786,0.5772,2.4833
47.9788,0.6813,2.9351
47.9790,0.5774,2.4895
47.9792,0.536,2.3112
47.9794,0.5296,2.2848
47.9796,0.53,2.2864
47.9798,0.5503,2.3694
47.9800,0.6158,2.6494
47.9802,0.6523,2.8101
47.9804,0.6328,2.7234
47.9806,0.6489,2.793
47.9808,0.6674,2.8738
47.9810,0.6627,2.8537
47.9812,0.6509,2.8
47.9814,0.6492,2.7954
47.9816,0.697,2.9916
47.9818,0.8314,3.5685
47.9820,0.8202,3.5234
47.9822,0.8046,3.4549
47.9824,0.783,3.37
47.9826,0.6485,2.7949
47.9828,0.6181,2.6616
47.9830,0.6053,2.6076
47.9832,0.6051,2.6066
47.9834,0.6078,2.616
47.9836,0.6116,2.6325
47.9838,0.627,2.6986
47.9840,0.6782,2.9162
47.9842,0.728,3.136
47.9844,0.6172,2.6563
47.9846,0.6166,2.6562
47.9848,0.6344,2.7319
47.9850,0.6224,2.6765
47.9852,0.7035,3.025
47.9854,0.7464,3.2096
47.9856,0.7161,3.082
47.9858,0.7114,3.0562
47.9860,0.7727,3.3225
47.9862,0.7325,3.1498
47.9864,0.739,3.1762
47.9866,0.7495,3.2215
47.9868,0.6987,3.003
47.9870,0.7525,3.2359
47.9872,0.7229,3.1071
47.9874,0.7709,3.3148
47.9876,0.764,3.2854
47.9878,0.7632,3.2818
47.9880,0.7438,3.1983
47.9882,0.6679,2.8732
47.9884,0.6494,2.8003
47.9886,0.5385,2.3188
47.9888,0.6282,2.705
47.9890,0.5774,2.4907
47.9892,0.52,2.2403
47.9894,0.5824,2.5124
47.9896,0.5562,2.3997
47.9898,0.5262,2.2688
47.9900,0.5341,2.3008
47.9902,0.5774,2.4861
47.9904,0.5985,2.5782
47.9906,0.6616,2.8451
47.9908,0.7468,3.2082
47.9910,0.7081,3.0475
47.9912,0.6179,2.6631
47.9914,0.6103,2.6281
47.9916,0.612,2.6341
47.9918,0.6094,2.6239
47.9920,0.6488,2.7964
47.9922,0.5561,2.3991
47.9924,0.4953,2.1389
47.9926,0.4836,2.0862
47.9928,0.4815,2.0774
47.9930,0.4791,2.067
47.9932,0.4781,2.0634
47.9934,0.4813,2.0754
47.9936,0.4873,2.1013
47.9938,0.5009,2.1597
47.9940,0.5292,2.2817
47.9942,0.6144,2.6481
47.9944,0.5787,2.4941
47.9946,0.5821,2.5044
47.9948,0.6752,2.902
47.9950,0.7334,3.149
47.9952,0.7636,3.2833
47.9954,0.7877,3.3807
47.9956,0.8377,3.5936
47.9958,0.8422,3.6148
47.9960,0.8937,3.8356
47.9962,0.8772,3.7651
47.9964,0.8007,3.4368
47.9966,0.871,3.7331
47.9968,0.9697,4.1561
47.9970,0.9601,4.115
47.9972,0.9684,4.1504
47.9974,0.9729,4.17
47.9976,0.9792,4.1986
47.9978,0.971,4.1559
47.9980,0.9667,4.1452
47.9982,0.9143,3.9187
47.9984,0.9083,3.893
47.9986,0.9784,4.1995
47.9988,0.9099,3.9033
47.9990,0.9324,4
47.9992,0.8772,3.7616
47.9994,0.8721,3.7482
47.9996,0.8084,3.4713
47.9998,0.8266,3.5479
48.0000,0.8661,3.7138
48.0002,0.9101,3.9116
48.0004,0.8401,3.614
48.0006,0.7596,3.2663
48.0008,0.7515,3.2328
48.0010,0.7139,3.0742
48.0012,0.6741,2.8987
48.0014,0.7408,3.1839
48.0016,0.7314,3.1481
48.0018,0.7065,3.0407
48.0020,0.7501,3.2301
48.0022,0.6818,2.9317
48.0024,0.7557,3.2508
48.0026,0.729,3.1363
48.0028,0.7507,3.2267
48.0030,0.6931,2.9857
48.0032,0.6537,2.8189
48.0034,0.6041,2.6012
48.0036,0.623,2.6853
48.0038,0.6446,2.7757
48.0040,0.6596,2.8403
48.0042,0.6163,2.6551
48.0044,0.6338,2.728
48.0046,0.6512,2.8093
48.0048,0.5269,2.274
48.0050,0.5158,2.2253
48.0052,0.5944,2.5594
48.0054,0.6976,3.0026
48.0056,0.6408,2.7554
48.0058,0.7262,3.1268
48.0060,0.7009,3.0165
48.0062,0.6904,2.9744
48.0064,0.6296,2.7112
48.0066,0.6182,2.6621
48.0068,0.6566,2.8313
48.0070,0.5762,2.4832
48.0072,0.5892,2.5372
48.0074,0.6156,2.6496
48.0076,0.6199,2.6681
48.0078,0.629,2.7099
48.0080,0.5594,2.4131
48.0082,0.5321,2.2936
48.0084,0.6215,2.6748
48.0086,0.6294,2.7139
48.0088,0.6047,2.605
48.0090,0.5651,2.4379
48.0092,0.5402,2.326
48.0094,0.5518,2.3772
48.0096,0.5519,2.3788
48.0098,0.568,2.4492
48.0100,0.5613,2.418
48.0102,0.5698,2.4581
48.0104,0.5675,2.4472
48.0106,0.5765,2.4836
48.0108,0.6029,2.5973
48.0110,0.6167,2.6567
48.0112,0.5463,2.3589
48.0114,0.4751,2.0514
48.0116,0.4705,2.0317
48.0118,0.4673,2.0168
48.0120,0.4651,2.0065
48.0122,0.4648,2.0068
48.0124,0.4651,2.0084
48.0126,0.4642,2.0033
48.0128,0.4656,2.0067
48.0130,0.5329,2.2977
48.0132,0.5543,2.3892
48.0134,0.5535,2.3844
48.0136,0.5487,2.366
48.0138,0.5545,2.3908
48.0140,0.5516,2.3762
48.0142,0.5523,2.3804
48.0144,0.5567,2.3995
48.0146,0.5572,2.3971
48.0148,0.6054,2.6081
48.0150,0.6563,2.8206
48.0152,0.7993,3.4338
48.0154,0.8241,3.5404
48.0156,0.7477,3.2153
48.0158,0.7299,3.137
48.0160,0.6576,2.8289
48.0162,0.6362,2.7421
48.0164,0.5636,2.4312
48.0166,0.5339,2.3013
48.0168,0.5299,2.2848
48.0170,0.5298,2.2832
48.0172,0.5369,2.3164
48.0174,0.5329,2.2977
48.0176,0.5305,2.2863
48.0178,0.5288,2.2759
48.0180,0.5979,2.5744
48.0182,0.6338,2.7293
48.0184,0.6179,2.6618
48.0186,0.6039,2.5978
48.0188,0.6115,2.632
48.0190,0.6224,2.679
48.0192,0.6776,2.915
48.0194,0.6402,2.7554
48.0196,0.5688,2.4517
48.0198,0.498,2.1503
48.0200,0.4393,1.8953
48.0202,0.453,1.9552
48.0204,0.5031,2.1705
48.0206,0.5106,2.2016
48.0208,0.5032,2.17
48.0210,0.4983,2.1468
48.0212,0.5397,2.325
48.0214,0.5199,2.2419
48.0216,0.5373,2.3136
48.0218,0.6298,2.7117
48.0220,0.5619,2.4217
48.0222,0.5268,2.2714
48.0224,0.5281,2.276
48.0226,0.5402,2.3271
48.0228,0.5259,2.2688
48.0230,0.4949,2.1338
48.0232,0.5209,2.246
48.0234,0.5151,2.2212
48.0236,0.494,2.1312
48.0238,0.4781,2.0624
48.0240,0.4821,2.079
48.0242,0.4768,2.0558
48.0244,0.4871,2.1012
48.0246,0.492,2.1214
48.0248,0.4806,2.0713
48.0250,0.4776,2.0584
48.0252,0.5157,2.2217
48.0254,0.5228,2.2553
48.0256,0.5024,2.1624
48.0258,0.5517,2.3756
48.0260,0.5626,2.4214
48.0262,0.6668,2.8633
48.0264,0.6944,2.9858
48.0266,0.6239,2.6839
48.0268,0.6156,2.6471
48.0270,0.6333,2.7247
48.0272,0.6889,2.9608
48.0274,0.7794,3.3405
48.0276,0.838,3.5968
48.0278,0.762,3.2705
48.0280,0.7622,3.2731
48.0282,0.7721,3.3169
48.0284,0.816,3.5005
48.0286,0.8384,3.5967
48.0288,0.8467,3.6322
48.0290,0.8477,3.6351
48.0292,0.8523,3.653
48.0294,0.9599,4.1082
48.0296,0.9838,4.2167
48.0298,0.9174,3.9339
48.0300,0.933,4.0026
48.0302,0.909,3.8942
48.0304,0.943,4.0453
48.0306,0.9549,4.0929
48.0308,0.9593,4.1075
48.0310,0.9736,4.1653
48.0312,0.9787,4.1907
48.0314,1.0201,4.3719
48.0316,0.9131,3.919
48.0318,0.8179,3.5153
48.0320,0.8142,3.4977
48.0322,0.8274,3.5543
48.0324,0.8152,3.5023
48.0326,0.797,3.4256
48.0328,0.7587,3.2622
48.0330,0.7338,3.1569
48.0332,0.7347,3.1606
48.0334,0.7319,3.1487
48.0336,0.7344,3.1566
48.0338,0.6964,2.9946
48.0340,0.7588,3.2627
48.0342,0.7715,3.3158
48.0344,0.7853,3.3704
48.0346,0.8272,3.5505
48.0348,0.8481,3.6401
48.0350,0.874,3.7547
48.0352,0.8209,3.5282
48.0354,0.7601,3.2684
48.0356,0.7491,3.221
48.0358,0.7304,3.1405
48.0360,0.6884,2.9628
48.0362,0.6992,3.0051
48.0364,0.7554,3.2498
48.0366,0.6977,3.0031
48.0368,0.7456,3.206
48.0370,0.7455,3.207
48.0372,0.6727,2.8992
48.0374,0.6199,2.6681
48.0376,0.6654,2.8624
48.0378,0.7097,3.0547
48.0380,0.6861,2.9489
48.0382,0.716,3.0844
48.0384,0.6357,2.7375
48.0386,0.6451,2.7752
48.0388,0.6053,2.6076
48.0390,0.6194,2.6673
48.0392,0.6186,2.6625
48.0394,0.613,2.6419
48.0396,0.5736,2.4747
48.0398,0.5552,2.3939
48.0400,0.5624,2.4227
48.0402,0.5706,2.4594
48.0404,0.5923,2.5554
48.0406,0.5106,2.2046
48.0408,0.4849,2.0919
48.0410,0.4854,2.0959
48.0412,0.4905,2.1162
48.0414,0.5456,2.3482
48.0416,0.6753,2.9039
48.0418,0.6859,2.9575
48.0420,0.5543,2.3892
48.0422,0.5407,2.3313
48.0424,0.5386,2.3225
48.0426,0.5335,2.3003
48.0428,0.5303,2.2847
48.0430,0.5223,2.2522
48.0432,0.5228,2.2543
48.0434,0.5188,2.2383
48.0436,0.5252,2.2625
48.0438,0.5463,2.3556
48.0440,0.5266,2.2698
48.0442,0.5386,2.3204
48.0444,0.5356,2.3085
48.0446,0.5395,2.324
48.0448,0.5962,2.5695
48.0450,0.5721,2.4657
48.0452,0.5517,2.3756
48.0454,0.5874,2.5295
48.0456,0.6254,2.6894
48.0458,0.659,2.8311
48.0460,0.7245,3.1153
48.0462,0.7813,3.3581
48.0464,0.7356,3.1632
48.0466,0.7077,3.0388
48.0468,0.7664,3.2927
48.0470,0.7661,3.2942
48.0472,0.7593,3.2572
48.0474,0.7902,3.3899
48.0476,0.8233,3.5418
48.0478,0.7686,3.3035
48.0480,0.7903,3.3936
48.0482,0.7884,3.3885
48.0484,0.7783,3.3468
48.0486,0.7336,3.1544
48.0488,0.7061,3.0364
48.0490,0.714,3.0704
48.0492,0.7296,3.136
48.0494,0.7344,3.1581
48.0496,0.7107,3.0588
48.0498,0.7469,3.2132
48.0500,0.6836,2.9408
48.0502,0.6363,2.7414
48.0504,0.6182,2.6621
48.0506,0.6124,2.6381
48.0508,0.6184,2.6614
48.0510,0.6211,2.677
48.0512,0.6414,2.7592
48.0514,0.7708,3.3097
48.0516,0.7735,3.3261
48.0518,0.7318,3.1438
48.0520,0.7066,3.0384
48.0522,0.6372,2.745
48.0524,0.6097,2.6279
48.0526,0.5898,2.541
48.0528,0.5859,2.5239
48.0530,0.5981,2.5754
48.0532,0.5923,2.5518
48.0534,0.5765,2.4836
48.0536,0.5708,2.4565
48.0538,0.5837,2.5123
48.0540,0.6054,2.6069
48.0542,0.6084,2.621
48.0544,0.6319,2.721
48.0546,0.5976,2.5733
48.0548,0.6342,2.7308
48.0550,0.6591,2.8356
48.0552,0.6457,2.7843
48.0554,0.4957,2.1394
48.0556,0.4686,2.0234
48.0558,0.4662,2.0112
48.0560,0.5274,2.2729
48.0562,0.5753,2.4796
48.0564,0.6149,2.6465
48.0566,0.6023,2.5959
48.0568,0.5686,2.4518
48.0570,0.5788,2.4911
48.0572,0.6037,2.5997
48.0574,0.5669,2.4434
48.0576,0.5608,2.4171
48.0578,0.5614,2.4197
48.0580,0.5967,2.5656
48.0582,0.6513,2.8007
48.0584,0.6582,2.8301
48.0586,0.6187,2.6655
48.0588,0.5628,2.4247
48.0590,0.5632,2.4263
48.0592,0.5624,2.4249
48.0594,0.5582,2.4057
48.0596,0.5652,2.4339
48.0598,0.5874,2.5283
48.0600,0.6163,2.6514
48.0602,0.6481,2.7881
48.0604,0.726,3.1147
48.0606,0.7897,3.3894
48.0608,0.7933,3.4144
48.0610,0.6908,2.9704
48.0612,0.7658,3.2885
48.0614,0.8106,3.4774
48.0616,0.8564,3.6756
48.0618,0.8295,3.562
48.0620,0.8404,3.597
48.0622,0.9847,4.2105
48.0624,1.0218,4.3756
48.0626,1.0011,4.2907
48.0628,0.9729,4.1719
48.0630,0.9699,4.1532
48.0632,0.9735,4.1745
48.0634,0.9469,4.0584
48.0636,0.9385,4.015
48.0638,0.988,4.2347
48.0640,0.9535,4.0867
48.0642,0.995,4.2665
48.0644,0.9838,4.2167
48.0646,0.9807,4.1994
48.0648,0.9818,4.21
48.0650,0.9287,3.984
48.0652,0.9473,4.0619
48.0654,0.9479,4.0663
48.0656,0.917,3.9378
48.0658,0.9142,3.9255
48.0660,0.8816,3.7819
48.0662,0.8814,3.7831
48.0664,0.8435,3.6138
48.0666,0.9266,3.9772
48.0668,0.8952,3.8441
48.0670,0.8439,3.6237
48.0672,0.8218,3.5323
48.0674,0.8615,3.6943
48.0676,0.9294,3.9908
48.0678,0.833,3.5752
48.0680,0.8607,3.6924
48.0682,0.8571,3.6821
48.0684,0.8703,3.7335
48.0686,0.8858,3.807
48.0688,0.8035,3.4599
48.0690,0.7151,3.0836
48.0692,0.6138,2.643
48.0694,0.6943,2.9839
48.0696,0.7247,3.1177
48.0698,0.7069,3.0423
48.0700,0.7061,3.0364
48.0702,0.7692,3.3045
48.0704,0.7554,3.2513
48.0706,0.7283,3.1347
48.0708,0.7619,3.2807
48.0710,0.6133,2.6447
48.0712,0.5234,2.2579
48.0714,0.5776,2.4917
48.0716,0.5837,2.5146
48.0718,0.6125,2.6386
48.0720,0.5792,2.4996
48.0722,0.5122,2.2129
48.0724,0.4963,2.144
48.0726,0.5071,2.1855
48.0728,0.5326,2.2978
48.0730,0.5018,2.1648
48.0732,0.5122,2.2098
48.0734,0.5151,2.2243
48.0736,0.4621,1.9973
48.0738,0.4032,1.742
48.0740,0.3976,1.7153
48.0742,0.4439,1.9167
48.0744,0.4511,1.9478
48.0746,0.4455,1.9244
48.0748,0.4434,1.9129
48.0750,0.4485,1.9337
48.0752,0.4643,2.0038
48.0754,0.4522,1.9507
48.0756,0.4458,1.925
48.0758,0.4446,1.9207
48.0760,0.4516,1.949
48.0762,0.4491,1.9381
48.0764,0.4477,1.9342
48.0766,0.4471,1.9298
48.0768,0.4726,2.0377
48.0770,0.5272,2.2745
48.0772,0.4827,2.0835
48.0774,0.4528,1.9569
48.0776,0.4483,1.935
48.0778,0.4461,1.9252
48.0780,0.4486,1.936
48.0782,0.4489,1.9367
48.0784,0.4479,1.9311
48.0786,0.4825,2.0796
48.0788,0.5367,2.3132
48.0790,0.6259,2.6939
48.0792,0.6566,2.8274
48.0794,0.5793,2.4967
48.0796,0.5506,2.3742
48.0798,0.5487,2.366
48.0800,0.5562,2.3952
48.0802,0.572,2.4628
48.0804,0.5642,2.4293
48.0806,0.6144,2.6432
48.0808,0.6004,2.5876
48.0810,0.5787,2.4941
48.0812,0.6378,2.7412
48.0814,0.7441,3.1983
48.0816,0.7444,3.1979
48.0818,0.7362,3.1628
48.0820,0.7009,3.0179
48.0822,0.5655,2.4372
48.0824,0.5409,2.3334
48.0826,0.5432,2.3411
48.0828,0.5434,2.341
48.0830,0.5491,2.3686
48.0832,0.5416,2.3355
48.0834,0.5367,2.3132
48.0836,0.558,2.4052
48.0838,0.5371,2.3137
48.0840,0.5312,2.2884
48.0842,0.5461,2.3524
48.0844,0.5474,2.3603
48.0846,0.5674,2.4421
48.0848,0.6613,2.8409
48.0850,0.7533,3.236
48.0852,0.7492,3.2185
48.0854,0.7402,3.1872
48.0856,0.5722,2.4673
48.0858,0.5686,2.4484
48.0860,0.5856,2.5205
48.0862,0.6746,2.8994
48.0864,0.7252,3.1198
48.0866,0.6616,2.8451
48.0868,0.6633,2.8523
48.0870,0.6666,2.8649
48.0872,0.7154,3.0732
48.0874,0.771,3.3138
48.0876,0.7415,3.1855
48.0878,0.7814,3.357
48.0880,0.7602,3.2644
48.0882,0.8228,3.5348
48.0884,0.7862,3.3776
48.0886,0.7603,3.2664
48.0888,0.7704,3.3112
48.0890,0.6626,2.8558
48.0892,0.6118,2.6318
48.0894,0.6781,2.9184
48.0896,0.6408,2.7567
48.0898,0.642,2.7618
48.0900,0.6602,2.8402
48.0902,0.6945,2.9877
48.0904,0.7078,3.045
48.0906,0.6654,2.8611
48.0908,0.6672,2.8755
48.0910,0.5445,2.3457
48.0912,0.525,2.2647
48.0914,0.5155,2.2228
48.0916,0.5233,2.2564
48.0918,0.5211,2.246
48.0920,0.5335,2.2971
48.0922,0.5357,2.3091
48.0924,0.5332,2.2971
48.0926,0.5306,2.289
48.0928,0.5557,2.3949
48.0930,0.5655,2.4361
48.0932,0.5468,2.3544
48.0934,0.5904,2.5388
48.0936,0.6595,2.8345
48.0938,0.7155,3.0766
48.0940,0.7031,3.0235
48.0942,0.681,2.9281
48.0944,0.7557,3.2463
48.0946,0.8235,3.5329
48.0948,0.8583,3.6821
48.0950,0.8663,3.7114
48.0952,0.9548,4.0885
48.0954,0.9736,4.1633
48.0956,1.0662,4.5506
48.0958,1.1985,5.1247
48.0960,1.151,4.9216
48.0962,1.1178,4.7796
48.0964,1.1114,4.7547
48.0966,1.094,4.6715
48.0968,1.1487,4.9119
48.0970,1.1436,4.8967
48.0972,1.096,4.6819
48.0974,1.1564,4.9493
48.0976,1.091,4.6762
48.0978,0.9475,4.0629
48.0980,0.9462,4.0573
48.0982,0.9477,4.0583
48.0984,0.9835,4.2172
48.0986,0.9533,4.0895
48.0988,0.9278,3.9767
48.0990,1.023,4.3807
48.0992,0.9942,4.2629
48.0994,0.9565,4.1015
48.0996,0.9589,4.1118
48.0998,0.9615,4.125
48.1000,0.928,3.9828
48.1002,0.8829,3.7893
48.1004,0.9391,4.0232
48.1006,1.0428,4.4696
48.1008,1.038,4.4511
48.1010,0.9939,4.2599
48.1012,0.9781,4.196
48.1014,0.9626,4.1335
48.1016,0.8872,3.8203
48.1018,0.7365,3.1683
48.1020,0.7687,3.3071
48.1022,0.7895,3.3963
48.1024,0.7661,3.2957
48.1026,0.7422,3.1901
48.1028,0.7715,3.3158
48.1030,0.8145,3.509
48.1032,0.6717,2.8978
48.1034,0.622,2.6794
48.1036,0.6196,2.6678
48.1038,0.6792,2.9272
48.1040,0.6492,2.7967
48.1042,0.6384,2.7502
48.1044,0.5777,2.4923
48.1046,0.6024,2.594
48.1048,0.709,3.0516
48.1050,0.7051,3.036
48.1052,0.7163,3.0859
48.1054,0.7325,3.1527
48.1056,0.7337,3.1535
48.1058,0.7248,3.1197
48.1060,0.6967,3.0012
48.1062,0.7048,3.0335
48.1064,0.7239,3.1141
48.1066,0.7302,3.1429
48.1068,0.701,3.0198
48.1070,0.6988,3.0091
48.1072,0.7087,3.0515
48.1074,0.6974,3.0043
48.1076,0.6896,2.9707
48.1078,0.6944,2.9845
48.1080,0.7676,3.3009
48.1082,0.778,3.3437
48.1084,0.8084,3.4762
48.1086,0.7854,3.3803
48.1088,0.6987,3.01
48.1090,0.6037,2.6033
48.1092,0.6039,2.6074
48.1094,0.5462,2.3551
48.1096,0.5369,2.3164
48.1098,0.5379,2.3216
48.1100,0.5624,2.4272
48.1102,0.5545,2.3919
48.1104,0.5293,2.2854
48.1106,0.5265,2.2724
48.1108,0.5299,2.2848
48.1110,0.5293,2.2843
48.1112,0.5363,2.3106
48.1114,0.6787,2.9169
48.1116,0.7282,3.1356
48.1118,0.6161,2.6602
48.1120,0.5485,2.366
48.1122,0.6021,2.5912
48.1124,0.6437,2.7716
48.1126,0.6533,2.8142
48.1128,0.6507,2.8021
48.1130,0.6734,2.8956
48.1132,0.6793,2.925
48.1134,0.6473,2.7897
48.1136,0.6624,2.8495
48.1138,0.7456,3.206
48.1140,0.7686,3.3081
48.1142,0.6965,3.0021
48.1144,0.6301,2.7133
48.1146,0.6662,2.8647
48.1148,0.7818,3.3648
48.1150,0.6751,2.9096
48.1152,0.6342,2.7321
48.1154,0.6137,2.6462
48.1156,0.6046,2.6057
48.1158,0.6077,2.6179
48.1160,0.6102,2.63
48.1162,0.6119,2.636
48.1164,0.611,2.6336
48.1166,0.6042,2.6017
48.1168,0.6076,2.6186
48.1170,0.6097,2.6279
48.1172,0.6128,2.6401
48.1174,0.6088,2.6214
48.1176,0.5926,2.5528
48.1178,0.6163,2.6514
48.1180,0.707,3.0414
48.1182,0.7294,3.1379
48.1184,0.7553,3.2508
48.1186,0.6853,2.9508
48.1188,0.6458,2.7835
48.1190,0.6176,2.6645
48.1192,0.5525,2.3825
48.1194,0.5815,2.5018
48.1196,0.6553,2.8191
48.1198,0.6125,2.641
48.1200,0.6027,2.5962
48.1202,0.6293,2.7122
48.1204,0.5898,2.5398
48.1206,0.6493,2.7959
48.1208,0.7277,3.135
48.1210,0.6323,2.7238
48.1212,0.6063,2.6081
48.1214,0.6935,2.9836
48.1216,0.7227,3.1104
48.1218,0.7188,3.0997
48.1220,0.5229,2.26
48.1222,0.424,1.8316
48.1224,0.4971,2.1446
48.1226,0.5034,2.1705
48.1228,0.4961,2.14
48.1230,0.5055,2.1788
48.1232,0.5562,2.3985
48.1234,0.51,2.201
48.1236,0.4935,2.1301
48.1238,0.4911,2.1188
48.1240,0.4997,2.1545
48.1242,0.494,2.1312
48.1244,0.4758,2.0535
48.1246,0.5108,2.2026
48.1248,0.5592,2.4092
48.1250,0.5234,2.2579
48.1252,0.5191,2.2383
48.1254,0.5498,2.3684
48.1256,0.5598,2.4118
48.1258,0.5955,2.5664
48.1260,0.6157,2.6513
48.1262,0.6145,2.6437
48.1264,0.6361,2.7391
48.1266,0.6579,2.8278
48.1268,0.7395,3.1797
48.1270,0.6935,2.9795
48.1272,0.7829,3.3632
48.1274,0.7968,3.4214
48.1276,0.7685,3.3029
48.1278,0.7828,3.3627
48.1280,0.7824,3.3627
48.1282,0.7471,3.2097
48.1284,0.7818,3.357
48.1286,0.8376,3.5964
48.1288,0.8504,3.6498
48.1290,0.8515,3.6528
48.1292,0.8638,3.7057
48.1294,0.9288,3.9771
48.1296,0.9793,4.1992
48.1298,0.9515,4.0761
48.1300,0.974,4.1687
48.1302,1.0096,4.3272
48.1304,0.9703,4.1625
48.1306,0.9786,4.1961
48.1308,0.9513,4.0775
48.1310,0.95,4.0699
48.1312,0.9778,4.191
48.1314,0.9884,4.2442
48.1316,0.8937,3.8356
48.1318,0.8808,3.7841
48.1320,0.8768,3.7648
48.1322,0.8921,3.8272
48.1324,0.8517,3.6555
48.1326,0.8788,3.7701
48.1328,0.9055,3.8848
48.1330,0.9096,3.9023
48.1332,0.9223,3.9549
48.1334,0.917,3.9378
48.1336,0.897,3.8536
48.1338,0.8619,3.7027
48.1340,0.8533,3.6588
48.1342,0.953,4.0847
48.1344,0.9693,4.1604
48.1346,0.7475,3.2202
48.1348,0.6494,2.8016
48.1350,0.6547,2.8204
48.1352,0.6485,2.7949
48.1354,0.6137,2.6425
48.1356,0.6824,2.9384
48.1358,0.6863,2.9568
48.1360,0.6239,2.6902
48.1362,0.5386,2.3225
48.1364,0.5915,2.5517
48.1366,0.5856,2.5252
48.1368,0.6072,2.6146
48.1370,0.6169,2.6651
48.1372,0.5037,2.1741
48.1374,0.4955,2.1364
48.1376,0.5462,2.354
48.1378,0.5398,2.3288
48.1380,0.5303,2.2879
48.1382,0.5415,2.3382
48.1384,0.4962,2.1415
48.1386,0.4915,2.1213
48.1388,0.4859,2.097
48.1390,0.5357,2.308
48.1392,0.6403,2.7559
48.1394,0.6266,2.6983
48.1396,0.6075,2.6145
48.1398,0.6534,2.8173
48.1400,0.5989,2.5826
48.1402,0.5998,2.5838
48.1404,0.5874,2.5306
48.1406,0.5831,2.512
48.1408,0.6344,2.7319
48.1410,0.5447,2.3522
48.1412,0.4164,1.7998
48.1414,0.4018,1.7382
48.1416,0.4035,1.7423
48.1418,0.4522,1.9516
48.1420,0.4486,1.9378
48.1422,0.4447,1.9204
48.1424,0.447,1.9293
48.1426,0.4371,1.8881
48.1428,0.4445,1.9184
48.1430,0.4612,1.9895
48.1432,0.4615,1.9929
48.1434,0.4614,1.9905
48.1436,0.4833,2.0861
48.1438,0.4479,1.9329
48.1440,0.4712,2.0329
48.1442,0.4878,2.1033
48.1444,0.4717,2.0359
48.1446,0.4522,1.9516
48.1448,0.4327,1.8686
48.1450,0.4495,1.9393
48.1452,0.476,2.0536
48.1454,0.497,2.1421
48.1456,0.5738,2.4694
48.1458,0.6601,2.8384
48.1460,0.7146,3.073
48.1462,0.6699,2.8833
48.1464,0.6646,2.8593
48.1466,0.6694,2.8813
48.1468,0.707,3.04
48.1470,0.7594,3.2653
48.1472,0.7324,3.142
48.1474,0.8107,3.4811
48.1476,0.8154,3.5028
48.1478,0.7913,3.3961
48.1480,0.8275,3.5499
48.1482,0.7667,3.3014
48.1484,0.6404,2.7589
48.1486,0.6688,2.876
48.1488,0.71,3.0529
48.1490,0.6866,2.9537
48.1492,0.6525,2.8072
48.1494,0.6985,3.0048
48.1496,0.6533,2.8077
48.1498,0.6887,2.9616
48.1500,0.6768,2.9114
48.1502,0.6886,2.9694
48.1504,0.5706,2.4583
48.1506,0.5403,2.3309
48.1508,0.5411,2.3334
48.1510,0.5425,2.3369
48.1512,0.5746,2.4708
48.1514,0.7021,3.016
48.1516,0.7155,3.078
48.1518,0.6848,2.9514
48.1520,0.6048,2.6067
48.1522,0.555,2.3912
48.1524,0.5534,2.385
48.1526,0.523,2.2564
48.1528,0.4907,2.1147
48.1530,0.5236,2.2579
48.1532,0.512,2.2057
48.1534,0.5127,2.2109
48.1536,0.5266,2.2719
48.1538,0.533,2.2972
48.1540,0.519,2.2367
48.1542,0.5664,2.4402
48.1544,0.5832,2.5137
48.1546,0.5937,2.5563
48.1548,0.6077,2.6179
48.1550,0.5367,2.3132
48.1552,0.5331,2.2988
48.1554,0.4877,2.1038
48.1556,0.5158,2.2233
48.1558,0.5278,2.2771
48.1560,0.4968,2.1421
48.1562,0.489,2.1095
48.1564,0.491,2.1163
48.1566,0.4917,2.1214
48.1568,0.4929,2.1255
48.1570,0.495,2.1304
48.1572,0.5463,2.3545
48.1574,0.4998,2.156
48.1576,0.482,2.0795
48.1578,0.4797,2.0677
48.1580,0.4824,2.081
48.1582,0.4843,2.0883
48.1584,0.4813,2.0744
48.1586,0.4799,2.0702
48.1588,0.4933,2.1281
48.1590,0.5462,2.3529
48.1592,0.516,2.2238
48.1594,0.4843,2.0883
48.1596,0.4842,2.0888
48.1598,0.5164,2.2228
48.1600,0.5687,2.4478
48.1602,0.5757,2.4789
48.1604,0.617,2.6582
48.1606,0.5804,2.4955
48.1608,0.6423,2.7646
48.1610,0.6576,2.8236
48.1612,0.7046,3.0269
48.1614,0.7078,3.0422
48.1616,0.7607,3.2664
48.1618,0.7909,3.393
48.1620,0.86,3.6824
48.1622,0.9852,4.2145
48.1624,1.0019,4.2903
48.1626,0.9805,4.2004
48.1628,1.0246,4.3874
48.1630,0.982,4.2071
48.1632,0.9782,4.1887
48.1634,1.004,4.2991
48.1636,0.9547,4.0899
48.1638,0.9933,4.2553
48.1640,1.009,4.3226
48.1642,0.9786,4.198
48.1644,0.8807,3.7783
48.1646,0.8721,3.7412
48.1648,0.8366,3.5907
48.1650,0.8456,3.6326
48.1652,0.8124,3.4867
48.1654,0.8181,3.5098
48.1656,0.8343,3.5825
48.1658,0.8439,3.6204
48.1660,0.9059,3.8863
48.1662,0.9262,3.9695
48.1664,0.9224,3.961
48.1666,0.8608,3.6946
48.1668,0.8723,3.744
48.1670,0.8777,3.7672
48.1672,0.9165,3.9279
48.1674,0.9353,4.0105
48.1676,0.8908,3.8251
48.1678,0.8393,3.6058
48.1680,0.8371,3.5944
48.1682,0.8449,3.6262
48.1684,0.8459,3.6308
48.1686,0.85,3.6551
48.1688,0.7842,3.372
48.1690,0.7672,3.2957
48.1692,0.7608,3.27
48.1694,0.8071,3.4705
48.1696,0.797,3.4272
48.1698,0.76,3.2679
48.1700,0.762,3.2766
48.1702,0.7342,3.16
48.1704,0.6564,2.825
48.1706,0.686,2.9498
48.1708,0.7419,3.19
48.1710,0.7549,3.2447
48.1712,0.7307,3.145
48.1714,0.6828,2.9413
48.1716,0.6511,2.8088
48.1718,0.5746,2.4731
48.1720,0.6252,2.6883
48.1722,0.6441,2.7762
48.1724,0.5795,2.4965
48.1726,0.6176,2.6596
48.1728,0.5887,2.5363
48.1730,0.5729,2.4693
48.1732,0.5776,2.4883
48.1734,0.6486,2.7954
48.1736,0.598,2.5773
48.1738,0.5794,2.496
48.1740,0.5688,2.4517
48.1742,0.5772,2.4856
48.1744,0.63,2.7115
48.1746,0.666,2.8703
48.1748,0.6107,2.6333
48.1750,0.5829,2.5133
48.1752,0.5223,2.2533
48.1754,0.4758,2.0535
48.1756,0.4862,2.0976
48.1758,0.5343,2.3029
48.1760,0.5269,2.2719
48.1762,0.5248,2.2652
48.1764,0.5216,2.2523
48.1766,0.5236,2.2579
48.1768,0.5286,2.2781
48.1770,0.524,2.2605
48.1772,0.5221,2.2512
48.1774,0.5233,2.2553
48.1776,0.5329,2.2935
48.1778,0.5982,2.5747
48.1780,0.6222,2.6779
48.1782,0.6066,2.6157
48.1784,0.5917,2.5492
48.1786,0.6162,2.6521
48.1788,0.6347,2.7303
48.1790,0.6404,2.7525
48.1792,0.694,2.9829
48.1794,0.711,3.0618
48.1796,0.6452,2.7757
48.1798,0.6649,2.859
48.1800,0.7522,3.2314
48.1802,0.8051,3.4585
48.1804,0.8006,3.4411
48.1806,0.7356,3.1676
48.1808,0.6501,2.8008
48.1810,0.6579,2.8291
48.1812,0.7105,3.0549
48.1814,0.6534,2.816
48.1816,0.6198,2.6713
48.1818,0.6228,2.6793
48.1820,0.6643,2.8604
48.1822,0.6139,2.6436
48.1824,0.608,2.6195
48.1826,0.6085,2.6203
48.1828,0.6086,2.6208
48.1830,0.6118,2.6367
48.1832,0.6419,2.7651
48.1834,0.6235,2.6849
48.1836,0.6196,2.6678
48.1838,0.6251,2.6916
48.1840,0.644,2.7693
48.1842,0.6369,2.7414
48.1844,0.6187,2.6655
48.1846,0.6499,2.7985
48.1848,0.6705,2.8832
48.1850,0.7326,3.1503
48.1852,0.7047,3.0302
48.1854,0.7253,3.1174
48.1856,0.7811,3.3555
48.1858,0.7594,3.2683
48.1860,0.688,2.9626
48.1862,0.6914,2.973
48.1864,0.7187,3.0891
48.1866,0.7288,3.1353
48.1868,0.7087,3.05
48.1870,0.694,2.9857
48.1872,0.683,2.9369
48.1874,0.671,2.8907
48.1876,0.6204,2.6702
48.1878,0.6958,2.9976
48.1880,0.6941,2.989
48.1882,0.6844,2.9444
48.1884,0.685,2.9456
48.1886,0.7122,3.0641
48.1888,0.7051,3.0331
48.1890,0.7005,3.0135
48.1892,0.7353,3.1543
48.1894,0.8498,3.6558
48.1896,0.6817,2.938
48.1898,0.6215,2.6773
48.1900,0.6639,2.8575
48.1902,0.6017,2.5945
48.1904,0.5327,2.2972
48.1906,0.5221,2.2522
48.1908,0.4956,2.1359
48.1910,0.4928,2.126
48.1912,0.4893,2.112
48.1914,0.4887,2.1094
48.1916,0.4895,2.1106
48.1918,0.4916,2.1189
48.1920,0.5191,2.2362
48.1922,0.5293,2.2833
48.1924,0.4811,2.0763
48.1926,0.4794,2.0681
48.1928,0.482,2.0795
48.1930,0.4841,2.0892
48.1932,0.4926,2.125
48.1934,0.518,2.2315
48.1936,0.5718,2.4623
48.1938,0.6331,2.7262
48.1940,0.5937,2.5563
48.1942,0.5862,2.5231
48.1944,0.6696,2.8778
48.1946,0.729,3.1363
48.1948,0.7314,3.1437
48.1950,0.7816,3.356
48.1952,0.8398,3.6029
48.1954,0.8676,3.7239
48.1956,0.8682,3.7213
48.1958,0.9341,4.0035
48.1960,0.956,4.0956
48.1962,0.9756,4.1793
48.1964,0.9729,4.17
48.1966,0.9651,4.1366
48.1968,0.9789,4.1937
48.1970,0.9447,4.0492
48.1972,0.9246,3.961
48.1974,0.9895,4.2429
48.1976,0.9614,4.1206
48.1978,0.9638,4.1348
48.1980,0.9712,4.1628
48.1982,0.9587,4.1146
48.1984,0.8721,3.7447
48.1986,0.8069,3.463
48.1988,0.8793,3.7686
48.1990,0.9109,3.9061
48.1992,0.9202,3.9494
48.1994,0.9082,3.8961
48.1996,0.943,4.0453
48.1998,0.9305,4.0011
48.2000,0.754,3.2421
48.2002,0.7298,3.1365
48.2004,0.7619,3.2746
48.2006,0.7491,3.224
48.2008,0.682,2.9355
48.2010,0.7452,3.2045
48.2012,0.7898,3.3947
48.2014,0.7582,3.2647
48.2016,0.6375,2.7465
48.2018,0.6372,2.745
48.2020,0.6517,2.8062
48.2022,0.672,2.9015
48.2024,0.5723,2.4678
48.2026,0.5735,2.473
48.2028,0.6005,2.5893
48.2030,0.635,2.7344
48.2032,0.701,3.0156
48.2034,0.7127,3.0704
48.2036,0.6048,2.6092
48.2038,0.5391,2.3257
48.2040,0.5535,2.3855
48.2042,0.6206,2.67
48.2044,0.7024,3.0274
48.2046,0.6362,2.7409
48.2048,0.6286,2.7053
48.2050,0.6326,2.7254
48.2052,0.5836,2.5141
48.2054,0.5951,2.5673
48.2056,0.5295,2.2832
48.2058,0.5446,2.3473
48.2060,0.6134,2.6439
48.2062,0.6295,2.7094
48.2064,0.6875,2.9592
48.2066,0.6666,2.8676
48.2068,0.6705,2.8846
48.2070,0.7006,3.0141
48.2072,0.6613,2.8462
48.2074,0.675,2.905
48.2076,0.7069,3.0465
48.2078,0.6227,2.6813
48.2080,0.6236,2.6854
48.2082,0.6239,2.6852
48.2084,0.6646,2.8659
48.2086,0.5974,2.5699
48.2088,0.6527,2.8116
48.2090,0.6595,2.8398
48.2092,0.5973,2.5754
48.2094,0.53,2.2864
48.2096,0.4974,2.1467
48.2098,0.4873,2.1003
48.2100,0.5092,2.1969
48.2102,0.513,2.215
48.2104,0.4951,2.1368
48.2106,0.4694,2.0261
48.2108,0.4694,2.0261
48.2110,0.4709,2.0295
48.2112,0.5461,2.3513
48.2114,0.5674,2.4455
48.2116,0.5847,2.5187
48.2118,0.5692,2.4532
48.2120,0.5768,2.487
48.2122,0.5604,2.4166
48.2124,0.5638,2.4277
48.2126,0.572,2.4651
48.2128,0.559,2.4104
48.2130,0.6024,2.5928
48.2132,0.6706,2.8838
48.2134,0.6619,2.8448
48.2136,0.7284,3.1308
48.2138,0.8017,3.4473
48.2140,0.7547,3.2467
48.2142,0.6336,2.732
48.2144,0.563,2.4275
48.2146,0.5536,2.3861
48.2148,0.541,2.3307
48.2150,0.5383,2.3199
48.2152,0.5375,2.3179
48.2154,0.5329,2.2988
48.2156,0.5283,2.2781
48.2158,0.5236,2.2579
48.2160,0.5308,2.2889
48.2162,0.5317,2.2904
48.2164,0.5371,2.3137
48.2166,0.5284,2.2765
48.2168,0.5292,2.2785
48.2170,0.5306,2.2879
48.2172,0.5317,2.2936
48.2174,0.5046,2.1727
48.2176,0.5939,2.5585
48.2178,0.6215,2.6761
48.2180,0.6047,2.6038
48.2182,0.627,2.7023
48.2184,0.5751,2.4774
48.2186,0.5664,2.4402
48.2188,0.5332,2.2993
48.2190,0.4844,2.0917
48.2192,0.4781,2.0614
48.2194,0.5256,2.263
48.2196,0.5321,2.2946
48.2198,0.4511,1.9469
48.2200,0.4714,2.0297
48.2202,0.5652,2.4328
48.2204,0.5476,2.3591
48.2206,0.5025,2.1659
48.2208,0.5287,2.2807
48.2210,0.4919,2.1219
48.2212,0.4911,2.1168
48.2214,0.55,2.3662
48.2216,0.6603,2.8407
48.2218,0.672,2.8935
48.2220,0.594,2.5567
48.2222,0.5827,2.5093
48.2224,0.5913,2.5483
48.2226,0.5903,2.543
48.2228,0.5709,2.4605
48.2230,0.4934,2.1286
48.2232,0.4819,2.0789
48.2234,0.4909,2.1158
48.2236,0.5342,2.3002
48.2238,0.5248,2.262
48.2240,0.4898,2.1121
48.2242,0.4854,2.093
48.2244,0.5005,2.1581
48.2246,0.5469,2.356
48.2248,0.5601,2.4106
48.2250,0.5848,2.5158
48.2252,0.6191,2.6645
48.2254,0.6197,2.6671
48.2256,0.6109,2.627
48.2258,0.6238,2.6834
48.2260,0.6007,2.5868
48.2262,0.682,2.93
48.2264,0.7241,3.1079
48.2266,0.8447,3.624
48.2268,0.7885,3.3874
48.2270,0.7643,3.2834
48.2272,0.7627,3.2767
48.2274,0.7619,3.2716
48.2276,0.7759,3.3318
48.2278,0.7806,3.3519
48.2280,0.7788,3.3426
48.2282,0.8358,3.5854
48.2284,0.8312,3.5658
48.2286,0.8226,3.5304
48.2288,0.8253,3.5423
48.2290,0.8326,3.5753
48.2292,0.8157,3.5027
48.2294,0.8205,3.5151
48.2296,0.881,3.7828
48.2298,0.7835,3.3658
48.2300,0.7585,3.2571
48.2302,0.8064,3.4626
48.2304,0.8143,3.4982
48.2306,0.8161,3.4978
48.2308,0.8433,3.6212
48.2310,0.8123,3.4862
48.2312,0.8573,3.6763
48.2314,0.8013,3.4426
48.2316,0.7349,3.1586
48.2318,0.7883,3.3896
48.2320,0.7981,3.4271
48.2322,0.8085,3.4718
48.2324,0.8205,3.5299
48.2326,0.756,3.2448
48.2328,0.8164,3.5042
48.2330,0.8268,3.5485
48.2332,0.8283,3.5568
48.2334,0.7823,3.3622
48.2336,0.7688,3.2983
48.2338,0.8521,3.6588
48.2340,0.7751,3.3344
48.2342,0.7226,3.1027
48.2344,0.7578,3.2571
48.2346,0.7258,3.1224
48.2348,0.7258,3.1224
48.2350,0.735,3.1606
48.2352,0.7451,3.2025
48.2354,0.7311,3.1465
48.2356,0.6847,2.9468
48.2358,0.7158,3.0767
48.2360,0.7223,3.106
48.2362,0.7298,3.1379
48.2364,0.7215,3.1009
48.2366,0.7425,3.1926
48.2368,0.7271,3.1295
48.2370,0.6825,2.9362
48.2372,0.7158,3.0781
48.2374,0.7615,3.27
48.2376,0.7849,3.3767
48.2378,0.7187,3.0934
48.2380,0.7566,3.2504
48.2382,0.7903,3.3999
48.2384,0.709,3.053
48.2386,0.6149,2.6501
48.2388,0.6041,2.6012
48.2390,0.614,2.6453
48.2392,0.621,2.6777
48.2394,0.6015,2.5887
48.2396,0.6401,2.7561
48.2398,0.6487,2.792
48.2400,0.6657,2.8613
48.2402,0.6801,2.9299
48.2404,0.6355,2.7365
48.2406,0.6465,2.7788
48.2408,0.7013,3.0186
48.2410,0.6518,2.8041
48.2412,0.6825,2.9348
48.2414,0.7034,3.0273
48.2416,0.653,2.8132
48.2418,0.6583,2.8372
48.2420,0.594,2.559
48.2422,0.613,2.6407
48.2424,0.6042,2.5993
48.2426,0.6049,2.6073
48.2428,0.5558,2.3965
48.2430,0.5451,2.3483
48.2432,0.5656,2.44
48.2434,0.5633,2.4291
48.2436,0.5608,2.4137
48.2438,0.661,2.8425
48.2440,0.7392,3.1846
48.2442,0.6475,2.7855
48.2444,0.6498,2.7979
48.2446,0.6089,2.6182
48.2448,0.72,3.0962
48.2450,0.7481,3.2138
48.2452,0.7605,3.2715
48.2454,0.7614,3.2756
48.2456,0.7329,3.1543
48.2458,0.6632,2.8531
48.2460,0.6587,2.8322
48.2462,0.7494,3.2165
48.2464,0.8338,3.5805
48.2466,0.7854,3.374
48.2468,0.7663,3.2952
48.2470,0.7832,3.3616
48.2472,0.8566,3.6715
48.2474,0.8445,3.628
48.2476,0.8265,3.5474
48.2478,0.8579,3.684
48.2480,0.7569,3.256
48.2482,0.7539,3.2416
48.2484,0.7849,3.3736
48.2486,0.7781,3.3442
48.2488,0.7637,3.2823
48.2490,0.7726,3.3205
48.2492,0.7422,3.1901
48.2494,0.7656,3.2936
48.2496,0.7593,3.2633
48.2498,0.7401,3.1852
48.2500,0.6806,2.9306
48.2502,0.6866,2.9564
48.2504,0.7353,3.1631
48.2506,0.7531,3.2415
48.2508,0.6849,2.9451
48.2510,0.6893,2.9656
48.2512,0.6628,2.8542
48.2514,0.6489,2.7995
48.2516,0.5652,2.4373
48.2518,0.5512,2.3768
48.2520,0.5609,2.4187
48.2522,0.5893,2.5389
48.2524,0.5806,2.5
48.2526,0.6546,2.8173
48.2528,0.6175,2.664
48.2530,0.4868,2.1002
48.2532,0.4738,2.0447
48.2534,0.4692,2.0269
48.2536,0.4741,2.0444
48.2538,0.5458,2.3514
48.2540,0.5489,2.367
48.2542,0.5068,2.1855
48.2544,0.5451,2.3472
48.2546,0.6342,2.7283
48.2548,0.6314,2.7227
48.2550,0.5505,2.3737
48.2552,0.5434,2.3421
48.2554,0.5347,2.3055
48.2556,0.5242,2.2605
48.2558,0.5481,2.3612
48.2560,0.57,2.4557
48.2562,0.6064,2.6135
48.2564,0.5878,2.5334
48.2566,0.5898,2.541
48.2568,0.5788,2.4923
48.2570,0.6023,2.5971
48.2572,0.5837,2.5146
48.2574,0.5908,2.5427
48.2576,0.6566,2.8261
48.2578,0.6656,2.8661
48.2580,0.6278,2.7009
48.2582,0.6181,2.6629
48.2584,0.5927,2.5545
48.2586,0.591,2.5449
48.2588,0.5675,2.4472
48.2590,0.4974,2.1457
48.2592,0.5299,2.2827
48.2594,0.5646,2.4336
48.2596,0.5808,2.4999
48.2598,0.6402,2.7528
48.2600,0.6542,2.8184
48.2602,0.6449,2.7742
48.2604,0.7439,3.1958
48.2606,0.7444,3.1964
48.2608,0.7977,3.4239
48.2610,0.7929,3.4113
48.2612,0.7292,3.1295
48.2614,0.8429,3.6162
48.2616,0.9118,3.9152
48.2618,0.8434,3.6166
48.2620,0.8794,3.7691
48.2622,0.9386,4.0267
48.2624,0.9347,4.006
48.2626,0.975,4.1748
48.2628,0.9661,4.1426
48.2630,0.9709,4.1612
48.2632,1.0054,4.3092
48.2634,0.9788,4.1951
48.2636,0.9674,4.1444
48.2638,0.9406,4.0368
48.2640,0.9204,3.9449
48.2642,0.9648,4.1389
48.2644,0.9337,4.0038
48.2646,0.9545,4.0927
48.2648,0.98,4.1983
48.2650,0.9728,4.1772
48.2652,0.9246,3.9666
48.2654,0.9151,3.9241
48.2656,0.915,3.9254
48.2658,0.9018,3.8706
48.2660,0.93,3.9916
48.2662,0.9548,4.1
48.2664,0.9298,3.9942
48.2666,0.8287,3.5617
48.2668,0.809,3.4755
48.2670,0.8417,3.6145
48.2672,0.8428,3.6191
48.2674,0.8432,3.619
48.2676,0.898,3.8559
48.2678,0.8521,3.669
48.2680,0.7256,3.1243
48.2682,0.661,2.8438
48.2684,0.7323,3.1502
48.2686,0.7517,3.2323
48.2688,0.762,3.2766
48.2690,0.7777,3.3457
48.2692,0.7772,3.3452
48.2694,0.7232,3.1096
48.2696,0.7564,3.2524
48.2698,0.7664,3.2927
48.2700,0.7756,3.3349
48.2702,0.7583,3.2622
48.2704,0.7705,3.3148
48.2706,0.7179,3.0926
48.2708,0.6481,2.7959
48.2710,0.5573,2.4088
48.2712,0.4897,2.1135
48.2714,0.4844,2.0908
48.2716,0.4946,2.1338
48.2718,0.5567,2.4017
48.2720,0.5445,2.3511
48.2722,0.4892,2.1125
48.2724,0.4745,2.0497
48.2726,0.4883,2.1093
48.2728,0.4871,2.1022
48.2730,0.4988,2.1559
48.2732,0.4307,1.8615
48.2734,0.4078,1.7593
48.2736,0.4831,2.0832
48.2738,0.4613,1.9927
48.2740,0.4686,2.0234
48.2742,0.4678,2.0198
48.2744,0.4598,1.9856
48.2746,0.46,1.987
48.2748,0.4588,1.9809
48.2750,0.4613,1.9918
48.2752,0.456,1.969
48.2754,0.4582,1.9765
48.2756,0.4571,1.9728
48.2758,0.4607,1.9883
48.2760,0.4483,1.9377
48.2762,0.4456,1.9249
48.2764,0.4445,1.9193
48.2766,0.4439,1.915
48.2768,0.4458,1.9259
48.2770,0.4497,1.9398
48.2772,0.485,2.0914
48.2774,0.5329,2.2956
48.2776,0.5453,2.346
48.2778,0.6001,2.5854
48.2780,0.5574,2.4037
48.2782,0.5507,2.3759
48.2784,0.5525,2.3825
48.2786,0.5518,2.3783
48.2788,0.5572,2.4016
48.2790,0.5679,2.4453
48.2792,0.5642,2.4304
48.2794,0.5757,2.4789
48.2796,0.6336,2.727
48.2798,0.6788,2.9229
48.2800,0.6907,2.9657
48.2802,0.7818,3.3586
48.2804,0.7203,3.0987
48.2806,0.6872,2.9577
48.2808,0.6437,2.7703
48.2810,0.5969,2.5762
48.2812,0.515,2.2227
48.2814,0.5208,2.2455
48.2816,0.5311,2.29
48.2818,0.5202,2.2408
48.2820,0.5193,2.2383
48.2822,0.5097,2.1979
48.2824,0.5103,2.2005
48.2826,0.5092,2.1979
48.2828,0.5118,2.2057
48.2830,0.5133,2.2145
48.2832,0.5066,2.1855
48.2834,0.5082,2.1912
48.2836,0.5053,2.1788
48.2838,0.4927,2.1225
48.2840,0.5645,2.4286
48.2842,0.6764,2.9071
48.2844,0.7452,3.2045
48.2846,0.7151,3.0779
48.2848,0.6426,2.767
48.2850,0.6331,2.7287
48.2852,0.6043,2.5998
48.2854,0.6962,2.9894
48.2856,0.7531,3.2385
48.2858,0.7223,3.1031
48.2860,0.698,3.0069
48.2862,0.595,2.5596
48.2864,0.6452,2.7745
48.2866,0.6746,2.9008
48.2868,0.6751,2.9042
48.2870,0.672,2.8908
48.2872,0.6718,2.8862
48.2874,0.7254,3.1136
48.2876,0.7555,3.2503
48.2878,0.6859,2.9588
48.2880,0.5202,2.2429
48.2882,0.4964,2.1405
48.2884,0.4903,2.1152
48.2886,0.5389,2.3225
48.2888,0.5856,2.5194
48.2890,0.6076,2.6162
48.2892,0.6066,2.6121
48.2894,0.6029,2.5949
48.2896,0.5986,2.5775
48.2898,0.5693,2.4549
48.2900,0.5006,2.1586
48.2902,0.491,2.1173
48.2904,0.5324,2.2957
48.2906,0.5627,2.4208
48.2908,0.5802,2.502
48.2910,0.4913,2.1193
48.2912,0.4824,2.08
48.2914,0.4818,2.0775
48.2916,0.4785,2.0654
48.2918,0.4805,2.0718
48.2920,0.4811,2.0744
48.2922,0.4826,2.082
48.2924,0.4808,2.0743
48.2926,0.4956,2.134
48.2928,0.5311,2.2878
48.2930,0.5877,2.5281
48.2932,0.6052,2.6059
48.2934,0.57,2.4546
48.2936,0.6307,2.7108
48.2938,0.7557,3.2448
48.2940,0.8397,3.599
48.2942,0.8446,3.6268
48.2944,0.8061,3.4583
48.2946,0.8603,3.6908
48.2948,0.9089,3.8974
48.2950,0.8918,3.8256
48.2952,0.9247,3.9615
48.2954,0.978,4.1837
48.2956,0.9855,4.222
48.2958,0.9706,4.1563
48.2960,0.9879,4.2263
48.2962,1.018,4.3652
48.2964,0.9727,4.1689
48.2966,0.9552,4.092
48.2968,0.9647,4.1364
48.2970,0.9597,4.1173
48.2972,0.8919,3.8226
48.2974,0.8912,3.823
48.2976,0.8979,3.85
48.2978,0.8975,3.8557
48.2980,0.8455,3.6338
48.2982,0.7953,3.4152
48.2984,0.8097,3.4802
48.2986,0.836,3.5881
48.2988,0.8822,3.7827
48.2990,0.8652,3.7154
48.2992,0.8782,3.7745
48.2994,0.8274,3.5543
48.2996,0.7431,3.1967
48.2998,0.7429,3.1932
48.3000,0.7802,3.3519
48.3002,0.7627,3.2736
48.3004,0.7609,3.2659
48.3006,0.8034,3.4529
48.3008,0.7871,3.3891
48.3010,0.7143,3.0743
48.3012,0.6546,2.8134
48.3014,0.6946,2.9883
48.3016,0.7221,3.1064
48.3018,0.6923,2.9812
48.3020,0.6433,2.7662
48.3022,0.742,3.192
48.3024,0.6679,2.8746
48.3026,0.6837,2.9413
48.3028,0.7076,3.0496
48.3030,0.6154,2.6522
48.3032,0.5819,2.5069
48.3034,0.6107,2.6272
48.3036,0.6678,2.8754
48.3038,0.6607,2.8449
48.3040,0.6819,2.9309
48.3042,0.7553,3.2478
48.3044,0.75,3.2281
48.3046,0.709,3.0502
48.3048,0.6964,2.9946
48.3050,0.6961,2.9958
48.3052,0.6811,2.9286
48.3054,0.6594,2.8392
48.3056,0.5976,2.5769
48.3058,0.5899,2.5438
48.3060,0.5893,2.5389
48.3062,0.5929,2.5544
48.3064,0.6023,2.5959
48.3066,0.6051,2.6078
48.3068,0.6262,2.6937
48.3070,0.6746,2.9021
48.3072,0.697,2.9944
48.3074,0.7675,3.3019
48.3076,0.7102,3.061
48.3078,0.6489,2.793
48.3080,0.7061,3.0392
48.3082,0.6661,2.8668
48.3084,0.6444,2.7747
48.3086,0.6714,2.8895
48.3088,0.6595,2.8384
48.3090,0.6738,2.8999
48.3092,0.6628,2.8569
48.3094,0.6762,2.9088
48.3096,0.713,3.0686
48.3098,0.6262,2.7012
48.3100,0.5439,2.3431
48.3102,0.6102,2.6251
48.3104,0.6156,2.6496
48.3106,0.638,2.7461
48.3108,0.7016,3.0238
48.3110,0.6537,2.815
48.3112,0.6379,2.7455
48.3114,0.6399,2.7556
48.3116,0.6386,2.7499
48.3118,0.6451,2.7765
48.3120,0.6953,2.9886
48.3122,0.7782,3.3431
48.3124,0.7804,3.3587
48.3126,0.7199,3.0985
48.3128,0.6723,2.895
48.3130,0.6241,2.6874
48.3132,0.6221,2.6812
48.3134,0.6343,2.7301
48.3136,0.6971,2.9963
48.3138,0.6581,2.8349
48.3140,0.6289,2.7081
48.3142,0.6179,2.6618
48.3144,0.6075,2.6181
48.3146,0.6066,2.6133
48.3148,0.6118,2.633
48.3150,0.6274,2.7014
48.3152,0.6211,2.6758
48.3154,0.6158,2.6518
48.3156,0.6173,2.6593
48.3158,0.623,2.6853
48.3160,0.6108,2.6277
48.3162,0.666,2.865
48.3164,0.6551,2.8246
48.3166,0.5746,2.4765
48.3168,0.5663,2.4386
48.3170,0.6224,2.679
48.3172,0.6073,2.6176
48.3174,0.6259,2.6939
48.3176,0.6957,2.9915
48.3178,0.6752,2.906
48.3180,0.698,3.0055
48.3182,0.6381,2.7479
48.3184,0.626,2.692
48.3186,0.6607,2.8462
48.3188,0.5923,2.5506
48.3190,0.6242,2.6905
48.3192,0.5841,2.5185
48.3194,0.5663,2.4408
48.3196,0.5708,2.4577
48.3198,0.6006,2.585
48.3200,0.6513,2.8047
48.3202,0.6284,2.706
48.3204,0.5909,2.5456
48.3206,0.5979,2.5732
48.3208,0.7116,3.0572
48.3210,0.785,3.3725
48.3212,0.7789,3.3525
48.3214,0.5998,2.5874
48.3216,0.5054,2.1803
48.3218,0.5072,2.1861
48.3220,0.5088,2.1958
48.3222,0.4922,2.1244
48.3224,0.5329,2.2967
48.3226,0.5152,2.2227
48.3228,0.4861,2.0971
48.3230,0.495,2.1363
48.3232,0.478,2.0619
48.3234,0.4833,2.0832
48.3236,0.4832,2.0837
48.3238,0.4802,2.0717
48.3240,0.4951,2.1349
48.3242,0.5318,2.292
48.3244,0.5554,2.3905
48.3246,0.5845,2.5182
48.3248,0.607,2.6136
48.3250,0.6113,2.6298
48.3252,0.6361,2.7353
48.3254,0.6299,2.711
48.3256,0.6168,2.6535
48.3258,0.6336,2.7257
48.3260,0.6831,2.9401
48.3262,0.6519,2.8059
48.3264,0.6741,2.8974
48.3266,0.7031,3.0235
48.3268,0.6871,2.953
48.3270,0.7326,3.1474
48.3272,0.7474,3.2063
48.3274,0.822,3.5279
48.3276,0.8395,3.608
48.3278,0.7798,3.3436
48.3280,0.8108,3.4849
48.3282,0.7866,3.3792
48.3284,0.7493,3.213
48.3286,0.8804,3.7767
48.3288,0.8697,3.731
48.3290,0.9102,3.9048
48.3292,0.9298,3.9831
48.3294,0.9633,4.1308
48.3296,0.8949,3.8372
48.3298,0.9102,3.903
48.3300,0.903,3.8667
48.3302,0.9717,4.159
48.3304,0.9638,4.1348
48.3306,0.9329,3.9983
48.3308,0.9804,4.1999
48.3310,0.9645,4.1359
48.3312,0.9629,4.1268
48.3314,0.987,4.2321
48.3316,0.954,4.085
48.3318,0.9973,4.2763
48.3320,0.9536,4.091
48.3322,0.9137,3.9179
48.3324,0.9198,3.9478
48.3326,0.9043,3.8832
48.3328,0.8657,3.7192
48.3330,0.7747,3.3282
48.3332,0.8286,3.5578
48.3334,0.7962,3.422
48.3336,0.8016,3.4532
48.3338,0.7051,3.0317
48.3340,0.7242,3.1215
48.3342,0.63,2.7153
48.3344,0.6202,2.6729
48.3346,0.5956,2.5669
48.3348,0.6187,2.6655
48.3350,0.622,2.6794
48.3352,0.6004,2.5912
48.3354,0.5463,2.3556
48.3356,0.5844,2.5189
48.3358,0.5827,2.5105
48.3360,0.5862,2.5255
48.3362,0.5871,2.5303
48.3364,0.5414,2.3355
48.3366,0.4974,2.1477
48.3368,0.5096,2.1984
48.3370,0.5692,2.4521
48.3372,0.6215,2.6773
48.3374,0.5853,2.5272
48.3376,0.4859,2.098
48.3378,0.494,2.1322
48.3380,0.5155,2.2197
48.3382,0.623,2.6816
48.3384,0.6271,2.7041
48.3386,0.5799,2.5004
48.3388,0.5413,2.3339
48.3390,0.5226,2.2512
48.3392,0.5607,2.4154
48.3394,0.5339,2.3034
48.3396,0.5022,2.1664
48.3398,0.5042,2.1731
48.3400,0.5393,2.3202
48.3402,0.6708,2.8923
48.3404,0.5899,2.5438
48.3406,0.5395,2.3272
48.3408,0.5185,2.2378
48.3410,0.4968,2.1431
48.3412,0.4903,2.1161
48.3414,0.4879,2.1038
48.3416,0.4801,2.0693
48.3418,0.5252,2.2625
48.3420,0.5311,2.2921
48.3422,0.5025,2.1679
48.3424,0.5097,2.1969
48.3426,0.5085,2.1938
48.3428,0.4855,2.0945
48.3430,0.5029,2.1685
48.3432,0.512,2.2078
48.3434,0.5244,2.2558
48.3436,0.6292,2.7091
48.3438,0.5909,2.5503
48.3440,0.525,2.2636
48.3442,0.5324,2.2914
48.3444,0.6191,2.6658
48.3446,0.6464,2.7835
48.3448,0.6612,2.843
48.3450,0.6717,2.8897
48.3452,0.6675,2.873
48.3454,0.7126,3.0642
48.3456,0.7193,3.0888
48.3458,0.7668,3.2927
48.3460,0.7708,3.3127
48.3462,0.7342,3.1526
48.3464,0.7825,3.3664
48.3466,0.7003,3.0083
48.3468,0.7697,3.3035
48.3470,0.8223,3.5311
48.3472,0.8115,3.488
48.3474,0.7437,3.2022
48.3476,0.6758,2.9046
48.3478,0.7235,3.1097
48.3480,0.7352,3.1611
48.3482,0.7079,3.0455
48.3484,0.679,2.9226
48.3486,0.6429,2.7698
48.3488,0.6604,2.8426
48.3490,0.6907,2.9726
48.3492,0.6393,2.7505
48.3494,0.633,2.7257
48.3496,0.6251,2.6928
48.3498,0.5823,2.5049
48.3500,0.6154,2.6485
48.3502,0.6504,2.8005
48.3504,0.5892,2.5454
48.3506,0.5043,2.1737
48.3508,0.5788,2.4911
48.3510,0.6042,2.6042
48.3512,0.5735,2.4673
48.3514,0.6444,2.7747
48.3516,0.542,2.3392
48.3518,0.4851,2.0939
48.3520,0.4812,2.0778
48.3522,0.4776,2.0613
48.3524,0.4736,2.0433
48.3526,0.4744,2.0473
48.3528,0.4796,2.0691
48.3530,0.4799,2.0682
48.3532,0.5283,2.277
48.3534,0.4911,2.1188
48.3536,0.4693,2.0218
48.3538,0.5432,2.3389
48.3540,0.6363,2.7376
48.3542,0.6355,2.739
48.3544,0.5393,2.3246
48.3546,0.5323,2.2951
48.3548,0.5294,2.2806
48.3550,0.5259,2.2667
48.3552,0.5138,2.2155
48.3554,0.5379,2.3184
48.3556,0.574,2.4716
48.3558,0.6084,2.6174
48.3560,0.6116,2.6337
48.3562,0.5991,2.5795
48.3564,0.5947,2.5598
48.3566,0.6096,2.625
48.3568,0.5964,2.5682
48.3570,0.5934,2.5541
48.3572,0.5935,2.5558
48.3574,0.6311,2.7161
48.3576,0.63,2.7127
48.3578,0.5953,2.5611
48.3580,0.6133,2.6422
48.3582,0.5855,2.5212
48.3584,0.5818,2.5029
48.3586,0.5467,2.3572
48.3588,0.4929,2.1265
48.3590,0.5021,2.1658
48.3592,0.4889,2.107
48.3594,0.5222,2.2486
48.3596,0.5597,2.4102
48.3598,0.6071,2.6141
48.3600,0.606,2.6071
48.3602,0.6464,2.7744
48.3604,0.7705,3.3102
48.3606,0.7479,3.2188
48.3608,0.6991,3.0046
48.3610,0.7566,3.2489
48.3612,0.778,3.339
48.3614,0.8227,3.526
48.3616,0.9409,4.029
48.3618,0.9302,3.9907
48.3620,0.8453,3.6248
48.3622,0.8772,3.7634
48.3624,0.9317,3.9913
48.3626,0.927,3.9713
48.3628,0.9334,4.0022
48.3630,0.944,4.0442
48.3632,0.9898,4.2385
48.3634,0.9804,4.2038
48.3636,0.9736,4.1692
48.3638,0.9955,4.2666
48.3640,0.982,4.209
48.3642,0.9878,4.2297
48.3644,0.9547,4.0918
48.3646,0.8974,3.8498
48.3648,0.9258,3.968
48.3650,0.9353,4.0086
48.3652,0.9206,3.9496
48.3654,0.9218,3.9566
48.3656,0.9338,4.0062
48.3658,0.9356,4.0101
48.3660,0.8892,3.8148
48.3662,0.8673,3.7207
48.3664,0.8359,3.5909
48.3666,0.7805,3.356
48.3668,0.7908,3.3941
48.3670,0.8607,3.6958
48.3672,0.8229,3.5369
48.3674,0.8049,3.458
48.3676,0.8293,3.5593
48.3678,0.8657,3.7088
48.3680,0.9241,3.9645
48.3682,0.8018,3.4462
48.3684,0.7391,3.1811
48.3686,0.7276,3.1345
48.3688,0.6758,2.9059
48.3690,0.7397,3.1837
48.3692,0.6983,3.0084
48.3694,0.6579,2.8331
48.3696,0.6492,2.7928
48.3698,0.6631,2.8566
48.3700,0.712,3.0645
48.3702,0.7444,3.2009
48.3704,0.7664,3.2957
48.3706,0.6871,2.9626
48.3708,0.6071,2.6129
48.3710,0.6989,3.0054
48.3712,0.7009,3.0151
48.3714,0.6727,2.8979
48.3716,0.6925,2.9804
48.3718,0.6961,2.9972
48.3720,0.5873,2.5325
48.3722,0.5781,2.4903
48.3724,0.6108,2.6326
48.3726,0.5694,2.4543
48.3728,0.5724,2.4683
48.3730,0.5615,2.4213
48.3732,0.5619,2.4217
48.3734,0.5915,2.547
48.3736,0.6542,2.8184
48.3738,0.6703,2.8876
48.3740,0.6046,2.6081
48.3742,0.4911,2.1198
48.3744,0.4808,2.0743
48.3746,0.4772,2.0578
48.3748,0.5321,2.2968
48.3750,0.5281,2.2792
48.3752,0.5209,2.246
48.3754,0.522,2.2507
48.3756,0.5253,2.2651
48.3758,0.5265,2.2682
48.3760,0.5782,2.4943
48.3762,0.5413,2.3328
48.3764,0.5439,2.3453
48.3766,0.5614,2.4197
48.3768,0.6083,2.6193
48.3770,0.701,3.0142
48.3772,0.6913,2.9752
48.3774,0.674,2.8995
48.3776,0.6603,2.8407
48.3778,0.6518,2.8054
48.3780,0.6468,2.7837
48.3782,0.6378,2.7463
48.3784,0.6351,2.7349
48.3786,0.6488,2.7925
48.3788,0.667,2.8683
48.3790,0.7474,3.2122
48.3792,0.7706,3.3122
48.3794,0.7545,3.2427
48.3796,0.6781,2.9211
48.3798,0.6274,2.7039
48.3800,0.6339,2.7272
48.3802,0.7031,3.0249
48.3804,0.6678,2.8754
48.3806,0.6197,2.6671
48.3808,0.6196,2.6678
48.3810,0.6506,2.799
48.3812,0.6807,2.9271
48.3814,0.677,2.9165
48.3816,0.631,2.7169
48.3818,0.6793,2.925
48.3820,0.6503,2.7987
48.3822,0.6895,2.9675
48.3824,0.6829,2.9404
48.3826,0.615,2.647
48.3828,0.621,2.674
48.3830,0.6208,2.6755
48.3832,0.6128,2.6377
48.3834,0.6638,2.8597
48.3836,0.617,2.6582
48.3838,0.5564,2.398
48.3840,0.6023,2.5899
48.3842,0.6973,2.9982
48.3844,0.7561,3.2484
48.3846,0.7745,3.3272
48.3848,0.7931,3.4054
48.3850,0.8135,3.4995
48.3852,0.6943,2.9881
48.3854,0.6748,2.9032
48.3856,0.6849,2.9437
48.3858,0.6687,2.8768
48.3860,0.6798,2.9284
48.3862,0.6337,2.7313
48.3864,0.628,2.7027
48.3866,0.6965,2.9951
48.3868,0.7088,3.0477
48.3870,0.7621,3.2741
48.3872,0.8017,3.4409
48.3874,0.8513,3.654
48.3876,0.8856,3.8029
48.3878,0.8542,3.6714
48.3880,0.8144,3.5003
48.3882,0.8114,3.4907
48.3884,0.7609,3.2796
48.3886,0.6467,2.7858
48.3888,0.5537,2.3877
48.3890,0.5139,2.2171
48.3892,0.4949,2.1338
48.3894,0.5549,2.3906
48.3896,0.5959,2.5709
48.3898,0.5873,2.5301
48.3900,0.6142,2.6458
48.3902,0.5956,2.5658
48.3904,0.5747,2.4793
48.3906,0.5035,2.1721
48.3908,0.4921,2.1209
48.3910,0.4905,2.1162
48.3912,0.5003,2.1561
48.3914,0.526,2.2704
48.3916,0.4845,2.0903
48.3918,0.508,2.1917
48.3920,0.5263,2.2703
48.3922,0.4873,2.0993
48.3924,0.5519,2.3777
48.3926,0.5289,2.2817
48.3928,0.535,2.307
48.3930,0.5655,2.4361
48.3932,0.6132,2.6417
48.3934,0.6359,2.7355
48.3936,0.7536,3.239
48.3938,0.7203,3.0958
48.3940,0.7209,3.0984
48.3942,0.7057,3.0343
48.3944,0.7385,3.1756
48.3946,0.7401,3.1838
48.3948,0.7519,3.2258
48.3950,0.9259,3.9685
48.3952,0.9666,4.1466
48.3954,0.923,3.958
48.3956,0.8919,3.8226
48.3958,0.8941,3.8341
48.3960,0.9358,4.0106
48.3962,0.9709,4.1651
48.3964,0.9416,4.0377
48.3966,0.9639,4.1295
48.3968,1.0087,4.3211
48.3970,0.9757,4.1837
48.3972,0.9591,4.1147
48.3974,0.9867,4.2291
48.3976,0.9771,4.1899
48.3978,0.9766,4.1937
48.3980,0.8864,3.806
48.3982,0.8493,3.6503
48.3984,0.8166,3.5063
48.3986,0.875,3.7483
48.3988,0.9438,4.0489
48.3990,0.9035,3.8851
48.3992,0.7439,3.2047
48.3994,0.6298,2.7105
48.3996,0.67,2.8852
48.3998,0.6531,2.815
48.4000,0.616,2.6523
48.4002,0.6401,2.7561
48.4004,0.6589,2.8385
48.4006,0.6173,2.658
48.4008,0.6276,2.7074
48.4010,0.5973,2.5754
48.4012,0.6186,2.6649
48.4014,0.639,2.7527
48.4016,0.6335,2.7341
48.4018,0.5595,2.4103
48.4020,0.6217,2.6784
48.4022,0.5941,2.5584
48.4024,0.6185,2.6657
48.4026,0.5622,2.4244
48.4028,0.5456,2.3514
48.4030,0.6084,2.6235
48.4032,0.6007,2.5892
48.4034,0.6009,2.5885
48.4036,0.5872,2.5296
48.4038,0.5941,2.5572
48.4040,0.6444,2.7747
48.4042,0.6684,2.878
48.4044,0.6172,2.6587
48.4046,0.5877,2.5305
48.4048,0.6095,2.6257
48.4050,0.6254,2.6931
48.4052,0.6905,2.9707
48.4054,0.6754,2.9098
48.4056,0.6453,2.775
48.4058,0.7305,3.1454
48.4060,0.6811,2.9313
48.4062,0.6828,2.9372
48.4064,0.7401,3.1852
48.4066,0.7107,3.0531
48.4068,0.7591,3.2627
48.4070,0.7292,3.1397
48.4072,0.6254,2.6906
48.4074,0.6524,2.8067
48.4076,0.681,2.9335
48.4078,0.6268,2.7038
48.4080,0.5772,2.4856
48.4082,0.6438,2.7696
48.4084,0.6292,2.7104
48.4086,0.5682,2.4525
48.4088,0.5169,2.229
48.4090,0.5477,2.3618
48.4092,0.5232,2.2558
48.4094,0.5185,2.2388
48.4096,0.5034,2.1705
48.4098,0.5501,2.37
48.4100,0.5794,2.4937
48.4102,0.6687,2.8782
48.4104,0.6626,2.8505
48.4106,0.6293,2.7122
48.4108,0.565,2.4352
48.4110,0.5577,2.4036
48.4112,0.5592,2.4115
48.4114,0.555,2.3934
48.4116,0.5609,2.4153
48.4118,0.604,2.5959
48.4120,0.7226,3.0998
48.4122,0.8028,3.4503
48.4124,0.7396,3.1773
48.4126,0.7461,3.2125
48.4128,0.6892,2.9733
48.4130,0.5524,2.382
48.4132,0.516,2.2248
48.4134,0.5121,2.2093
48.4136,0.5162,2.2259
48.4138,0.5252,2.2636
48.4140,0.5295,2.2811
48.4142,0.5156,2.2233
48.4144,0.5158,2.2253
48.4146,0.5194,2.2409
48.4148,0.5212,2.2476
48.4150,0.5176,2.2321
48.4152,0.5144,2.2191
48.4154,0.5114,2.2042
48.4156,0.5119,2.2083
48.4158,0.4943,2.1302
48.4160,0.5235,2.2574
48.4162,0.5462,2.354
48.4164,0.5841,2.5185
48.4166,0.4977,2.1482
48.4168,0.4793,2.0676
48.4170,0.477,2.0577
48.4172,0.4732,2.0402
48.4174,0.4962,2.1375
48.4176,0.5499,2.3667
48.4178,0.5878,2.5298
48.4180,0.6085,2.6215
48.4182,0.5903,2.5442
48.4184,0.5794,2.4972
48.4186,0.5557,2.3949
48.4188,0.4949,2.1338
48.4190,0.4745,2.0478
48.4192,0.4904,2.1147
48.4194,0.4604,1.9864
48.4196,0.4573,1.9729
48.4198,0.4892,2.1095
48.4200,0.535,2.3038
48.4202,0.6283,2.6992
48.4204,0.6914,2.9743
48.4206,0.6349,2.7339
48.4208,0.6251,2.6903
48.4210,0.6226,2.682
48.4212,0.5568,2.3989
48.4214,0.5758,2.4794
48.4216,0.5827,2.5093
48.4218,0.5902,2.5413
48.4220,0.5854,2.5207
48.4222,0.6187,2.6593
48.4224,0.651,2.8031
48.4226,0.5943,2.5553
48.4228,0.6471,2.784
48.4230,0.6543,2.8176
48.4232,0.623,2.684
48.4234,0.6048,2.6007
48.4236,0.6432,2.7657
48.4238,0.6259,2.6939
48.4240,0.6298,2.7117
48.4242,0.5951,2.5601
48.4244,0.6157,2.6488
48.4246,0.6808,2.9317
48.4248,0.6288,2.7076
48.4250,0.6078,2.616
48.4252,0.6172,2.6538
48.4254,0.6363,2.7388
48.4256,0.6542,2.8131
48.4258,0.6975,2.9951
48.4260,0.7282,3.1327
48.4262,0.7047,3.0302
48.4264,0.7109,3.0584
48.4266,0.7286,3.127
48.4268,0.8009,3.4405
48.4270,0.7951,3.4158
48.4272,0.8019,3.4403
48.4274,0.845,3.6233
48.4276,0.841,3.6097
48.4278,0.835,3.5823
48.4280,0.8413,3.6124
48.4282,0.8434,3.6149
48.4284,0.9596,4.1072
48.4286,1.0028,4.2939
48.4288,0.989,4.2329
48.4290,0.9886,4.2373
48.4292,0.9589,4.1079
48.4294,0.9937,4.2609
48.4296,0.9758,4.1823
48.4298,0.9343,4.0045
48.4300,0.9621,4.1237
48.4302,0.9698,4.1527
48.4304,0.9859,4.2235
48.4306,0.9744,4.18
48.4308,0.9169,3.941
48.4310,0.8223,3.5311
48.4312,0.8125,3.4921
48.4314,0.7895,3.3852
48.4316,0.8742,3.754
48.4318,0.8509,3.6519
48.4320,0.8643,3.7061
48.4322,0.8581,3.6793
48.4324,0.8934,3.8382
48.4326,0.823,3.5424
48.4328,0.7214,3.1033
48.4330,0.718,3.0874
48.4332,0.7169,3.0828
48.4334,0.7398,3.1783
48.4336,0.7672,3.2957
48.4338,0.8028,3.4487
48.4340,0.8325,3.5715
48.4342,0.8852,3.8026
48.4344,0.8705,3.7346
48.4346,0.8915,3.8317
48.4348,0.8358,3.5921
48.4350,0.7772,3.3421
48.4352,0.706,3.0359
48.4354,0.7456,3.206
48.4356,0.7491,3.224
48.4358,0.7419,3.193
48.4360,0.7493,3.2235
48.4362,0.7347,3.1591
48.4364,0.7399,3.1803
48.4366,0.7732,3.3246
48.4368,0.7657,3.2911
48.4370,0.7366,3.1703
48.4372,0.7499,3.2261
48.4374,0.7587,3.2622
48.4376,0.7439,3.1973
48.4378,0.7503,3.2306
48.4380,0.6578,2.8365
48.4382,0.5898,2.5398
48.4384,0.6308,2.7151
48.4386,0.6551,2.8246
48.4388,0.5895,2.5429
48.4390,0.5796,2.5005
48.4392,0.558,2.4063
48.4394,0.5468,2.3588
48.4396,0.5636,2.4312
48.4398,0.5736,2.4735
48.4400,0.6175,2.6566
48.4402,0.642,2.7657
48.4404,0.5722,2.4707
48.4406,0.5229,2.2579
48.4408,0.5068,2.1855
48.4410,0.5375,2.3179
48.4412,0.5437,2.3453
48.4414,0.5374,2.3174
48.4416,0.5368,2.3137
48.4418,0.5393,2.3267
48.4420,0.5252,2.2657
48.4422,0.5157,2.2248
48.4424,0.5155,2.2248
48.4426,0.562,2.4234
48.4428,0.5511,2.3741
48.4430,0.5517,2.3789
48.4432,0.5473,2.3543
48.4434,0.6744,2.8997
48.4436,0.6937,2.9869
48.4438,0.6481,2.7894
48.4440,0.6747,2.9053
48.4442,0.6853,2.9494
48.4444,0.7132,3.0668
48.4446,0.7354,3.1607
48.4448,0.7471,3.2097
48.4450,0.7788,3.3473
48.4452,0.7751,3.3282
48.4454,0.7789,3.3478
48.4456,0.7614,3.2725
48.4458,0.7817,3.3581
48.4460,0.7747,3.3344
48.4462,0.6988,3.0091
48.4464,0.6908,2.9718
48.4466,0.7063,3.0355
48.4468,0.7492,3.2185
48.4470,0.7939,3.4138
48.4472,0.8016,3.4468
48.4474,0.7952,3.4179
48.4476,0.7814,3.3539
48.4478,0.7963,3.4273
48.4480,0.6718,2.8956
48.4482,0.6308,2.7164
48.4484,0.633,2.7219
48.4486,0.7011,3.0147
48.4488,0.7615,3.2761
48.4490,0.7288,3.1411
48.4492,0.6284,2.7023
48.4494,0.6592,2.8414
48.4496,0.5622,2.4255
48.4498,0.5877,2.5328
48.4500,0.6389,2.7484
48.4502,0.6573,2.8305
48.4504,0.6967,2.9998
48.4506,0.6598,2.8387
48.4508,0.6826,2.9394
48.4510,0.668,2.8751
48.4512,0.686,2.9525
48.4514,0.676,2.9137
48.4516,0.5691,2.4539
48.4518,0.5426,2.3374
48.4520,0.5983,2.5776
48.4522,0.603,2.6014
48.4524,0.5853,2.5225
48.4526,0.6215,2.6761
48.4528,0.6313,2.721
48.4530,0.5957,2.5663
48.4532,0.6408,2.7567
48.4534,0.7323,3.1444
48.4536,0.84,3.6084
48.4538,0.7451,3.2069
48.4540,0.6843,2.948
48.4542,0.6661,2.8695
48.4544,0.5927,2.5545
48.4546,0.581,2.5039
48.4548,0.5897,2.5393
48.4550,0.6244,2.6847
48.4552,0.4982,2.1493
48.4554,0.4836,2.0881
48.4556,0.4908,2.1192
48.4558,0.4838,2.0872
48.4560,0.4819,2.0789
48.4562,0.4795,2.0696
48.4564,0.48,2.0707
48.4566,0.4809,2.0738
48.4568,0.4892,2.1105
48.4570,0.4839,2.0887
48.4572,0.5037,2.1711
48.4574,0.5632,2.4274
48.4576,0.5374,2.3184
48.4578,0.4976,2.1477
48.4580,0.4968,2.1431
48.4582,0.4915,2.1203
48.4584,0.4923,2.1249
48.4586,0.5004,2.1586
48.4588,0.5049,2.1783
48.4590,0.4889,2.108
48.4592,0.4895,2.1106
48.4594,0.532,2.292
48.4596,0.5965,2.5639
48.4598,0.7664,3.285
48.4600,0.8423,3.6187
48.4602,0.7099,3.0524
48.4604,0.6673,2.8693
48.4606,0.7491,3.2225
48.4608,0.7156,3.0771
48.4610,0.7582,3.2586
48.4612,0.7474,3.2063
48.4614,0.8354,3.5805
48.4616,0.9479,4.0626
48.4618,0.9533,4.0876
48.4620,0.9372,4.0224
48.4622,0.8816,3.7854
48.4624,0.8945,3.8357
48.4626,0.9612,4.1196
48.4628,0.983,4.219
48.4630,0.941,4.0351
48.4632,0.966,4.1382
48.4634,0.9967,4.2697
48.4636,0.9722,4.1649
48.4638,0.9879,4.2362
48.4640,0.9721,4.1664
48.4642,1.006,4.3078
48.4644,0.9886,4.2373
48.4646,0.9921,4.2522
48.4648,1.0173,4.354
48.4650,1.0415,4.4577
48.4652,0.9982,4.2904
48.4654,0.7995,3.4428
48.4656,0.7192,3.0926
48.4658,0.7771,3.3432
48.4660,0.7331,3.1524
48.4662,0.719,3.0901
48.4664,0.7566,3.2534
48.4666,0.7488,3.2244
48.4668,0.7169,3.0828
48.4670,0.7825,3.3679
48.4672,0.7083,3.0471
48.4674,0.737,3.1704
48.4676,0.703,3.0244
48.4678,0.7329,3.1514
48.4680,0.7456,3.2045
48.4682,0.7278,3.1312
48.4684,0.6584,2.8298
48.4686,0.7518,3.2358
48.4688,0.754,3.2436
48.4690,0.7374,3.1709
48.4692,0.7459,3.215
48.4694,0.6055,2.6074
48.4696,0.6307,2.7184
48.4698,0.6098,2.626
48.4700,0.6182,2.6659
48.4702,0.5979,2.5768
48.4704,0.6385,2.752
48.4706,0.598,2.5761
48.4708,0.6035,2.5986
48.4710,0.6085,2.624
48.4712,0.6188,2.666
48.4714,0.6365,2.7406
48.4716,0.592,2.5562
48.4718,0.5086,2.1963
48.4720,0.488,2.1053
48.4722,0.519,2.2409
48.4724,0.5362,2.3101
48.4726,0.5968,2.5709
48.4728,0.5615,2.419
48.4730,0.6049,2.6024
48.4732,0.6666,2.8702
48.4734,0.619,2.6665
48.4736,0.6644,2.8636
48.4738,0.6212,2.68
48.4740,0.5329,2.2977
48.4742,0.4923,2.124
48.4744,0.5245,2.2594
48.4746,0.5793,2.4978
48.4748,0.5559,2.3992
48.4750,0.4885,2.1084
48.4752,0.5269,2.274
48.4754,0.501,2.1612
48.4756,0.5041,2.1746
48.4758,0.4655,2.009
48.4760,0.4127,1.7838
48.4762,0.4504,1.942
48.4764,0.4901,2.1102
48.4766,0.5974,2.5723
48.4768,0.6063,2.6142
48.4770,0.5456,2.3514
48.4772,0.5539,2.3871
48.4774,0.5506,2.3731
48.4776,0.5674,2.4455
48.4778,0.5742,2.4761
48.4780,0.5634,2.4273
48.4782,0.5631,2.4235
48.4784,0.6006,2.5862
48.4786,0.6747,2.904
48.4788,0.729,3.1334
48.4790,0.7283,3.1288
48.4792,0.7155,3.0809
48.4794,0.604,2.6055
48.4796,0.5342,2.3023
48.4798,0.5251,2.2631
48.4800,0.5272,2.2734
48.4802,0.5487,2.3671
48.4804,0.5492,2.368
48.4806,0.5309,2.2884
48.4808,0.5414,2.3344
48.4810,0.5476,2.3602
48.4812,0.5457,2.352
48.4814,0.5368,2.3148
48.4816,0.5296,2.2827
48.4818,0.5246,2.261
48.4820,0.5221,2.2491
48.4822,0.524,2.2605
48.4824,0.5244,2.261
48.4826,0.5091,2.1943
48.4828,0.5143,2.2155
48.4830,0.5721,2.4645
48.4832,0.5561,2.3991
48.4834,0.5224,2.2517
48.4836,0.5344,2.3055
48.4838,0.5292,2.2785
48.4840,0.6031,2.5971
48.4842,0.6608,2.8402
48.4844,0.7137,3.0674
48.4846,0.6847,2.9441
48.4848,0.6624,2.8495
48.4850,0.6449,2.7755
48.4852,0.6373,2.7442
48.4854,0.6347,2.7291
48.4856,0.6523,2.8101
48.4858,0.5559,2.3937
48.4860,0.5488,2.3654
48.4862,0.5547,2.3874
48.4864,0.5745,2.4714
48.4866,0.6825,2.9362
48.4868,0.6973,2.9968
48.4870,0.7476,3.2148
48.4872,0.706,3.0344
48.4874,0.7028,3.0219
48.4876,0.741,3.1805
48.4878,0.78,3.354
48.4880,0.6541,2.8139
48.4882,0.629,2.7086
48.4884,0.6405,2.7569
48.4886,0.6609,2.8446
48.4888,0.6557,2.818
48.4890,0.7016,3.0168
48.4892,0.7101,3.0534
48.4894,0.7125,3.0637
48.4896,0.6866,2.9551
48.4898,0.604,2.6019
48.4900,0.5878,2.5322
48.4902,0.5272,2.2724
48.4904,0.5384,2.3204
48.4906,0.57,2.4546
48.4908,0.5854,2.5207
48.4910,0.5706,2.4594
48.4912,0.5937,2.5587
48.4914,0.5985,2.5746
48.4916,0.5764,2.4843
48.4918,0.4925,2.1255
48.4920,0.492,2.1204
48.4922,0.4952,2.1354
48.4924,0.5082,2.1882
48.4926,0.5588,2.4027
48.4928,0.6914,2.9688
48.4930,0.7602,3.2674
48.4932,0.6986,3.0053
48.4934,0.7299,3.1355
48.4936,0.7505,3.2271
48.4938,0.7051,3.0289
48.4940,0.7336,3.1544
48.4942,0.7127,3.0619
48.4944,0.8028,3.4439
48.4946,0.8551,3.6665
48.4948,0.8341,3.5848
48.4950,0.7085,3.0481
48.4952,0.7715,3.3127
48.4954,0.8379,3.598
48.4956,0.8292,3.5587
48.4958,0.8138,3.4961
48.4960,0.8423,3.6154
48.4962,0.8192,3.5128
48.4964,0.8446,3.6251
48.4966,0.8199,3.524
48.4968,0.8039,3.4534
48.4970,0.8115,3.4831
48.4972,0.8234,3.5373
48.4974,0.8632,3.7015
48.4976,0.8968,3.8472
48.4978,0.8675,3.72
48.4980,0.8912,3.823
48.4982,0.8877,3.8099
48.4984,0.9006,3.8619
48.4986,0.8741,3.7517
48.4988,0.8968,3.849
48.4990,0.865,3.7144
48.4992,0.7965,3.4219
48.4994,0.7443,3.1988
48.4996,0.6941,2.9862
48.4998,0.6975,3.0006
48.5000,0.6955,2.9933
48.5002,0.6911,2.9733
48.5004,0.6993,3.007
48.5006,0.6933,2.9826
48.5008,0.7047,3.0316
48.5010,0.7133,3.0702
48.5012,0.6638,2.8557
48.5014,0.6925,2.9804
48.5016,0.7024,3.0218
48.5018,0.6997,3.0127
48.5020,0.614,2.6441
48.5022,0.6398,2.7512
48.5024,0.6554,2.8196
48.5026,0.6506,2.8016
48.5028,0.5772,2.4856
48.5030,0.659,2.8364
48.5032,0.6892,2.9664
48.5034,0.7034,3.0217
48.5036,0.7606,3.272
48.5038,0.6758,2.9086
48.5040,0.7244,3.1118
48.5042,0.7456,3.2015
48.5044,0.7872,3.3833
48.5046,0.7728,3.3246
48.5048,0.6985,3.0034
48.5050,0.718,3.0889
48.5052,0.7022,3.0222
48.5054,0.6992,3.0093
48.5056,0.6696,2.8791
48.5058,0.6597,2.8408
48.5060,0.6859,2.9534
48.5062,0.7091,3.0493
48.5064,0.76,3.2664
48.5066,0.7494,3.224
48.5068,0.7528,3.2369
48.5070,0.7191,3.0949
48.5072,0.6819,2.9336
48.5074,0.6838,2.9432
48.5076,0.67,2.8865
48.5078,0.6057,2.6091
48.5080,0.6115,2.6345
48.5082,0.6152,2.6492
48.5084,0.636,2.7386
48.5086,0.653,2.8067
48.5088,0.7049,3.0326
48.5090,0.6987,3.0072
48.5092,0.7271,3.1251
48.5094,0.7481,3.2168
48.5096,0.7419,3.1885
48.5098,0.7813,3.3628
48.5100,0.6697,2.885
48.5102,0.6233,2.6838
48.5104,0.638,2.7473
48.5106,0.6287,2.7046
48.5108,0.6274,2.7039
48.5110,0.5451,2.3526
48.5112,0.5348,2.3071
48.5114,0.539,2.3241
48.5116,0.5351,2.3065
48.5118,0.5343,2.3039
48.5120,0.5349,2.3076
48.5122,0.5342,2.3023
48.5124,0.5378,2.3189
48.5126,0.5383,2.3199
48.5128,0.538,2.3157
48.5130,0.7131,3.0677
48.5132,0.7039,3.035
48.5134,0.5955,2.5629
48.5136,0.6322,2.7233
48.5138,0.5531,2.3851
48.5140,0.5268,2.2714
48.5142,0.5247,2.2626
48.5144,0.555,2.39
48.5146,0.58,2.5009
48.5148,0.5299,2.2859
48.5150,0.5245,2.2615
48.5152,0.525,2.2615
48.5154,0.5278,2.275
48.5156,0.5278,2.276
48.5158,0.5246,2.262
48.5160,0.5232,2.2558
48.5162,0.5564,2.3957
48.5164,0.6897,2.9671
48.5166,0.6937,2.9869
48.5168,0.629,2.7111
48.5170,0.5734,2.4713
48.5172,0.5722,2.4604
48.5174,0.6398,2.75
48.5176,0.663,2.8561
48.5178,0.6218,2.6826
48.5180,0.5399,2.3261
48.5182,0.5638,2.4277
48.5184,0.5802,2.4996
48.5186,0.5812,2.5014
48.5188,0.6758,2.9059
48.5190,0.6173,2.663
48.5192,0.4897,2.1126
48.5194,0.494,2.1282
48.5196,0.5397,2.3283
48.5198,0.4856,2.095
48.5200,0.4969,2.1446
48.5202,0.439,1.8929
48.5204,0.4788,2.0636
48.5206,0.4789,2.0679
48.5208,0.4628,1.9958
48.5210,0.4682,2.019
48.5212,0.5011,2.1607
48.5214,0.4977,2.1482
48.5216,0.4769,2.0591
48.5218,0.4729,2.0392
48.5220,0.5222,2.2486
48.5222,0.5621,2.4194
48.5224,0.5579,2.4058
48.5226,0.4935,2.1262
48.5228,0.5125,2.2098
48.5230,0.4915,2.1203
48.5232,0.4221,1.8234
48.5234,0.3962,1.7083
48.5236,0.5194,2.2377
48.5238,0.5462,2.3551
48.5240,0.4907,2.1157
48.5242,0.5071,2.1866
48.5244,0.5115,2.2047
48.5246,0.5133,2.2124
48.5248,0.5084,2.1902
48.5250,0.5507,2.3737
48.5252,0.467,2.0139
48.5254,0.4608,1.9879
48.5256,0.4959,2.1365
48.5258,0.5863,2.5236
48.5260,0.5839,2.511
48.5262,0.6656,2.8621
48.5264,0.6752,2.906
48.5266,0.6003,2.5835
48.5268,0.5919,2.5486
48.5270,0.6118,2.6318
48.5272,0.6596,2.8403
48.5274,0.5515,2.3746
48.5276,0.5932,2.5519
48.5278,0.6079,2.6177
48.5280,0.639,2.7451
48.5282,0.729,3.1319
48.5284,0.6977,2.9989
48.5286,0.7451,3.1965
48.5288,0.8127,3.4882
48.5290,0.7692,3.3014
48.5292,0.7762,3.3328
48.5294,0.7929,3.4033
48.5296,0.8464,3.6312
48.5298,0.8024,3.4472
48.5300,0.7704,3.3066
48.5302,0.8741,3.7465
48.5304,0.9024,3.8642
48.5306,0.93,3.986
48.5308,0.9331,3.9956
48.5310,0.9626,4.1296
48.5312,0.9334,4.006
48.5314,0.881,3.7811
48.5316,0.8427,3.6152
48.5318,0.853,3.6595
48.5320,0.8676,3.7187
48.5322,0.9003,3.8585
48.5324,0.9043,3.8796
48.5326,0.8727,3.7456
48.5328,0.87,3.7342
48.5330,0.8356,3.5899
48.5332,0.8065,3.4615
48.5334,0.8356,3.5882
48.5336,0.8263,3.548
48.5338,0.7822,3.3601
48.5340,0.725,3.1188
48.5342,0.6913,2.9724
48.5344,0.7745,3.3272
48.5346,0.7085,3.0509
48.5348,0.6308,2.7164
48.5350,0.6751,2.9055
48.5352,0.6649,2.8603
48.5354,0.6283,2.7043
48.5356,0.636,2.7386
48.5358,0.6374,2.7397
48.5360,0.7487,3.2164
48.5362,0.7885,3.389
48.5364,0.7772,3.3406
48.5366,0.7156,3.0771
48.5368,0.6974,3.0015
48.5370,0.6359,2.733
48.5372,0.7441,3.1954
48.5374,0.8157,3.5093
48.5376,0.779,3.3452
48.5378,0.8302,3.575
48.5380,0.6989,3.0068
48.5382,0.728,3.1288
48.5384,0.7481,3.2123
48.5386,0.7362,3.1658
48.5388,0.6872,2.9549
48.5390,0.6845,2.9463
48.5392,0.7227,3.109
48.5394,0.7142,3.0709
48.5396,0.7461,3.2066
48.5398,0.7668,3.3019
48.5400,0.6515,2.8052
48.5402,0.6702,2.8857
48.5404,0.6017,2.5933
48.5406,0.6015,2.5887
48.5408,0.6221,2.6812
48.5410,0.6009,2.5897
48.5412,0.5986,2.5787
48.5414,0.5935,2.557
48.5416,0.6064,2.6098
48.5418,0.6155,2.6527
48.5420,0.5855,2.52
48.5422,0.6027,2.5926
48.5424,0.6608,2.8441
48.5426,0.6527,2.8077
48.5428,0.673,2.8954
48.5430,0.6751,2.9069
48.5432,0.6375,2.7453
48.5434,0.6492,2.7941
48.5436,0.6899,2.9695
48.5438,0.7196,3.0884
48.5440,0.8443,3.6236
48.5442,0.8579,3.6857
48.5444,0.8251,3.5445
48.5446,0.7973,3.4266
48.5448,0.7668,3.2927
48.5450,0.7841,3.3699
48.5452,0.7964,3.423
48.5454,0.7405,3.1873
48.5456,0.6775,2.9145
48.5458,0.6651,2.8627
48.5460,0.6992,3.0037
48.5462,0.7951,3.419
48.5464,0.7512,3.2272
48.5466,0.7818,3.3586
48.5468,0.7563,3.2519
48.5470,0.7188,3.091
48.5472,0.7176,3.0859
48.5474,0.7236,3.1102
48.5476,0.8003,3.4395
48.5478,0.7582,3.2677
48.5480,0.5915,2.5517
48.5482,0.5609,2.412
48.5484,0.6569,2.8271
48.5486,0.5907,2.5493
48.5488,0.5513,2.3751
48.5490,0.6076,2.6174
48.5492,0.5832,2.5149
48.5494,0.5606,2.4194
48.5496,0.4903,2.1161
48.5498,0.4747,2.0489
48.5500,0.4762,2.056
48.5502,0.4838,2.0834
48.5504,0.6064,2.6086
48.5506,0.6571,2.8294
48.5508,0.6871,2.9571
48.5510,0.6658,2.8685
48.5512,0.5861,2.5226
48.5514,0.6245,2.6902
48.5516,0.5372,2.3185
48.5518,0.4658,2.0106
48.5520,0.4626,1.9975
48.5522,0.4645,2.0058
48.5524,0.5035,2.167
48.5526,0.5992,2.5789
48.5528,0.6049,2.606
48.5530,0.5525,2.3825
48.5532,0.5627,2.4253
48.5534,0.5568,2.3978
48.5536,0.5499,2.3678
48.5538,0.5517,2.3756
48.5540,0.5494,2.3702
48.5542,0.5519,2.3799
48.5544,0.5757,2.4777
48.5546,0.6295,2.7094
48.5548,0.6,2.5861
48.5550,0.5511,2.3752
48.5552,0.5524,2.3787
48.5554,0.5482,2.3617
48.5556,0.548,2.3629
48.5558,0.5463,2.3556
48.5560,0.5474,2.357
48.5562,0.5489,2.3659
48.5564,0.5441,2.3463
48.5566,0.5411,2.3312
48.5568,0.5343,2.3018
48.5570,0.5302,2.2853
48.5572,0.5652,2.4351
48.5574,0.5962,2.5683
48.5576,0.5763,2.4837
48.5578,0.5938,2.5544
48.5580,0.6176,2.6571
48.5582,0.5891,2.539
48.5584,0.5973,2.5694
48.5586,0.5991,2.5771
48.5588,0.669,2.8765
48.5590,0.7251,3.1193
48.5592,0.698,2.9985
48.5594,0.7282,3.1298
48.5596,0.7572,3.25
48.5598,0.8423,3.612
48.5600,0.8217,3.5252
48.5602,0.8113,3.4869
48.5604,0.7976,3.425
48.5606,0.8227,3.531
48.5608,0.8197,3.5165
48.5610,0.8873,3.8066
48.5612,0.9354,4.0054
48.5614,0.9691,4.1496
48.5616,0.9649,4.1355
48.5618,0.9392,4.0274
48.5620,0.903,3.874
48.5622,0.8817,3.7859
48.5624,0.9079,3.8932
48.5626,0.8816,3.7819
48.5628,0.8383,3.5979
48.5630,0.8417,3.6077
48.5632,0.9077,3.8958
48.5634,0.9319,3.9961
48.5636,0.9662,4.1373
48.5638,1.0033,4.302
48.5640,0.9967,4.2697
48.5642,0.9868,4.2296
48.5644,0.98,4.2022
48.5646,0.9521,4.0844
48.5648,0.9077,3.8977
48.5650,0.8288,3.5622
48.5652,0.8035,3.4534
48.5654,0.8047,3.4602
48.5656,0.7416,3.1905
48.5658,0.7739,3.3246
48.5660,0.8422,3.6165
48.5662,0.8519,3.6633
48.5664,0.7899,3.3936
48.5666,0.7858,3.374
48.5668,0.8052,3.4623
48.5670,0.8282,3.5596
48.5672,0.8377,3.6003
48.5674,0.7898,3.3963
48.5676,0.7792,3.3488
48.5678,0.7355,3.1656
48.5680,0.7238,3.1122
48.5682,0.7535,3.2415
48.5684,0.7343,3.159
48.5686,0.7405,3.1858
48.5688,0.7018,3.022
48.5690,0.7024,3.0176
48.5692,0.7739,3.3246
48.5694,0.7534,3.2425
48.5696,0.6944,2.99
48.5698,0.6805,2.9274
48.5700,0.6991,3.0088
48.5702,0.6805,2.9301
48.5704,0.7156,3.0828
48.5706,0.6329,2.7277
48.5708,0.6028,2.5931
48.5710,0.6372,2.7488
48.5712,0.5798,2.4987
48.5714,0.5789,2.4951
48.5716,0.5668,2.4429
48.5718,0.6066,2.6133
48.5720,0.6581,2.8375
48.5722,0.5985,2.5793
48.5724,0.5867,2.5264
48.5726,0.6369,2.744
48.5728,0.5648,2.4364
48.5730,0.5845,2.5194
48.5732,0.5771,2.4874
48.5734,0.5887,2.5351
48.5736,0.6168,2.6609
48.5738,0.5156,2.2274
48.5740,0.4951,2.1358
48.5742,0.4933,2.1281
48.5744,0.5422,2.3381
48.5746,0.5429,2.3379
48.5748,0.5815,2.5088
48.5750,0.5473,2.362
48.5752,0.5851,2.5196
48.5754,0.6403,2.7559
48.5756,0.6633,2.8563
48.5758,0.7107,3.0517
48.5760,0.7759,3.3365
48.5762,0.6744,2.9051
48.5764,0.6407,2.7587
48.5766,0.6311,2.7187
48.5768,0.6421,2.7662
48.5770,0.6537,2.8111
48.5772,0.717,3.0804
48.5774,0.7702,3.3102
48.5776,0.7903,3.3952
48.5778,0.742,3.195
48.5780,0.6372,2.745
48.5782,0.6156,2.6532
48.5784,0.6115,2.6357
48.5786,0.611,2.6299
48.5788,0.6256,2.6949
48.5790,0.624,2.6844
48.5792,0.6518,2.8002
48.5794,0.7033,3.0254
48.5796,0.7103,3.0587
48.5798,0.6724,2.8955
48.5800,0.711,3.0589
48.5802,0.7005,3.0177
48.5804,0.6282,2.7063
48.5806,0.6086,2.6233
48.5808,0.6055,2.6098
48.5810,0.6068,2.6107
48.5812,0.6417,2.7659
48.5814,0.5967,2.5668
48.5816,0.6492,2.798
48.5818,0.583,2.5138
48.5820,0.5597,2.4135
48.5822,0.5485,2.3638
48.5824,0.5513,2.3751
48.5826,0.6108,2.6326
48.5828,0.554,2.3876
48.5830,0.5618,2.419
48.5832,0.609,2.6236
48.5834,0.6373,2.7442
48.5836,0.666,2.865
48.5838,0.7396,3.1787
48.5840,0.7747,3.3297
48.5842,0.7866,3.3792
48.5844,0.7932,3.4059
48.5846,0.783,3.3684
48.5848,0.7669,3.2993
48.5850,0.7208,3.0993
48.5852,0.7236,3.1102
48.5854,0.7463,3.2091
48.5856,0.7511,3.2282
48.5858,0.7993,3.4322
48.5860,0.847,3.6371
48.5862,0.8477,3.6436
48.5864,0.7867,3.3844
48.5866,0.735,3.1621
48.5868,0.7512,3.2287
48.5870,0.7811,3.3586
48.5872,0.7311,3.1422
48.5874,0.7059,3.0424
48.5876,0.5992,2.5813
48.5878,0.5904,2.5459
48.5880,0.6124,2.6393
48.5882,0.5939,2.5609
48.5884,0.5873,2.5313
48.5886,0.5941,2.5607
48.5888,0.6077,2.6131
48.5890,0.7064,3.0402
48.5892,0.6875,2.962
48.5894,0.621,2.6753
48.5896,0.6052,2.6059
48.5898,0.5711,2.4649
48.5900,0.5357,2.3091
48.5902,0.5501,2.3722
48.5904,0.5068,2.1876
48.5906,0.5174,2.229
48.5908,0.5668,2.4395
48.5910,0.5997,2.5845
48.5912,0.5983,2.5776
48.5914,0.5826,2.5111
48.5916,0.6076,2.6138
48.5918,0.6646,2.8633
48.5920,0.6212,2.6751
48.5922,0.615,2.6494
48.5924,0.6112,2.6268
48.5926,0.6509,2.8026
48.5928,0.5993,2.583
48.5930,0.6501,2.7956
48.5932,0.7082,3.0451
48.5934,0.7374,3.1695
48.5936,0.7227,3.1032
48.5938,0.7834,3.3606
48.5940,0.848,3.6412
48.5942,0.8047,3.4554
48.5944,0.8647,3.7163
48.5946,0.8422,3.6132
48.5948,0.9106,3.9027
48.5950,0.9579,4.1096
48.5952,0.9125,3.9091
48.5954,0.9647,4.1345
48.5956,0.9769,4.1869
48.5958,0.9511,4.0821
48.5960,0.9414,4.0367
48.5962,0.9895,4.2409
48.5964,0.983,4.2112
48.5966,0.9552,4.0977
48.5968,0.9179,3.9377
48.5970,0.8987,3.8554
48.5972,0.8938,3.8344
48.5974,0.8908,3.8268
48.5976,0.8473,3.6365
48.5978,0.9208,3.9556
48.5980,0.8191,3.5204
48.5982,0.798,3.4313
48.5984,0.8021,3.444
48.5986,0.7925,3.4108
48.5988,0.7011,3.0175
48.5990,0.765,3.2926
48.5992,0.7379,3.176
48.5994,0.7296,3.136
48.5996,0.7922,3.4018
48.5998,0.8488,3.6482
48.6000,0.7903,3.3999
48.6002,0.6802,2.925
48.6004,0.7191,3.0949
48.6006,0.6575,2.8336
48.6008,0.65,2.8029
48.6010,0.6061,2.61
48.6012,0.6097,2.6291
48.6014,0.5622,2.4266
48.6016,0.5817,2.5012
48.6018,0.6854,2.9458
48.6020,0.7323,3.1502
48.6022,0.745,3.2079
48.6024,0.6518,2.8093
48.6026,0.5325,2.2983
48.6028,0.5585,2.4061
48.6030,0.6301,2.7158
48.6032,0.5812,2.5061
48.6034,0.5798,2.4999
48.6036,0.6272,2.6996
48.6038,0.6837,2.94
48.6040,0.7071,3.0447
48.6042,0.6784,2.9213
48.6044,0.6897,2.9699
48.6046,0.6365,2.7394
48.6048,0.6499,2.8011
48.6050,0.5884,2.5371
48.6052,0.5268,2.2714
48.6054,0.5148,2.2207
48.6056,0.5766,2.483
48.6058,0.6789,2.9261
48.6060,0.6248,2.6943
48.6062,0.5706,2.4594
48.6064,0.5872,2.5308
48.6066,0.6179,2.6631
48.6068,0.5622,2.4244
48.6070,0.5661,2.4409
48.6072,0.5736,2.4712
48.6074,0.5981,2.579
48.6076,0.5723,2.4644
48.6078,0.6224,2.6827
48.6080,0.6108,2.6314
48.6082,0.6227,2.6813
48.6084,0.5764,2.4843
48.6086,0.5789,2.4963
48.6088,0.5753,2.4785
48.6090,0.672,2.8921
48.6092,0.7501,3.2241
48.6094,0.7547,3.2512
48.6096,0.6313,2.721
48.6098,0.5751,2.4786
48.6100,0.575,2.4758
48.6102,0.5949,2.5591
48.6104,0.6518,2.8054
48.6106,0.6988,3.0091
48.6108,0.6855,2.9532
48.6110,0.6704,2.8841
48.6112,0.6883,2.9609
48.6114,0.6848,2.9473
48.6116,0.6459,2.7827
48.6118,0.5521,2.3793
48.6120,0.544,2.3458
48.6122,0.5572,2.4038
48.6124,0.6624,2.8442
48.6126,0.7587,3.2637
48.6128,0.6113,2.6359
48.6130,0.5438,2.3448
48.6132,0.5374,2.3174
48.6134,0.5343,2.3018
48.6136,0.564,2.4288
48.6138,0.5891,2.5426
48.6140,0.5434,2.3454
48.6142,0.5359,2.3106
48.6144,0.5348,2.3049
48.6146,0.5241,2.26
48.6148,0.5482,2.3584
48.6150,0.6332,2.728
48.6152,0.5419,2.3354
48.6154,0.5172,2.231
48.6156,0.4768,2.0567
48.6158,0.476,2.0536
48.6160,0.4741,2.0463
48.6162,0.4717,2.035
48.6164,0.5199,2.2429
48.6166,0.5074,2.1871
48.6168,0.5831,2.5109
48.6170,0.5998,2.5814
48.6172,0.6043,2.6059
48.6174,0.5461,2.3546
48.6176,0.5415,2.3328
48.6178,0.5536,2.3861
48.6180,0.5023,2.1669
48.6182,0.5154,2.2233
48.6184,0.522,2.2486
48.6186,0.5877,2.5293
48.6188,0.5993,2.5806
48.6190,0.6686,2.879
48.6192,0.6588,2.834
48.6194,0.6456,2.7773
48.6196,0.6409,2.7585
48.6198,0.6156,2.652
48.6200,0.6004,2.5816
48.6202,0.6283,2.703
48.6204,0.639,2.7527
48.6206,0.6067,2.6138
48.6208,0.5702,2.4597
48.6210,0.4886,2.1079
48.6212,0.4751,2.0504
48.6214,0.4711,2.0314
48.6216,0.4808,2.0724
48.6218,0.4869,2.1007
48.6220,0.4782,2.062
48.6222,0.4788,2.0655
48.6224,0.4787,2.065
48.6226,0.5244,2.26
48.6228,0.5552,2.3895
48.6230,0.5525,2.3814
48.6232,0.5577,2.4025
48.6234,0.5881,2.5314
48.6236,0.6061,2.6076
48.6238,0.6082,2.6176
48.6240,0.6067,2.6126
48.6242,0.6036,2.598
48.6244,0.6341,2.7278
48.6246,0.6271,2.6991
48.6248,0.6205,2.6695
48.6250,0.6377,2.7445
48.6252,0.6247,2.6888
48.6254,0.6458,2.7783
48.6256,0.6834,2.9357
48.6258,0.7077,3.0431
48.6260,0.72,3.0919
48.6262,0.7679,3.2942
48.6264,0.8257,3.5438
48.6266,0.8539,3.6648
48.6268,0.867,3.7214
48.6270,0.8289,3.5594
48.6272,0.8081,3.4682
48.6274,0.922,3.9479
48.6276,1.0214,4.3715
48.6278,0.9898,4.2385
48.6280,0.9756,4.1754
48.6282,0.9784,4.1936
48.6284,0.9583,4.1092
48.6286,0.9884,4.2382
48.6288,0.9475,4.0591
48.6290,0.9696,4.1536
48.6292,0.9879,4.2322
48.6294,1.021,4.3679
48.6296,1.0061,4.3123
48.6298,0.8974,3.8552
48.6300,0.8583,3.6838
48.6302,0.8999,3.8606
48.6304,0.8643,3.713
48.6306,0.8292,3.5621
48.6308,0.8004,3.4416
48.6310,0.7583,3.2591
48.6312,0.7323,3.1458
48.6314,0.7694,3.3086
48.6316,0.7414,3.1909
48.6318,0.7005,3.0135
48.6320,0.7474,3.2078
48.6322,0.8302,3.57
48.6324,0.7964,3.4198
48.6326,0.8161,3.5026
48.6328,0.8355,3.5827
48.6330,0.9046,3.877
48.6332,0.9637,4.1381
48.6334,0.8571,3.6838
48.6336,0.8196,3.5176
48.6338,0.9081,3.8937
48.6340,0.9208,3.9575
48.6342,0.8173,3.5143
48.6344,0.7642,3.2844
48.6346,0.7612,3.273
48.6348,0.7516,3.2318
48.6350,0.8097,3.4802
48.6352,0.8281,3.5541
48.6354,0.8979,3.8518
48.6356,0.9269,3.9782
48.6358,0.8792,3.7751
48.6360,0.8313,3.5697
48.6362,0.8631,3.7096
48.6364,0.8427,3.6236
48.6366,0.8376,3.5964
48.6368,0.8405,3.6127
48.6370,0.8028,3.4536
48.6372,0.7871,3.3844
48.6374,0.7798,3.3514
48.6376,0.7762,3.3421
48.6378,0.7396,3.1832
48.6380,0.7518,3.2328
48.6382,0.7811,3.3586
48.6384,0.7895,3.3947
48.6386,0.8009,3.4373
48.6388,0.8456,3.6309
48.6390,0.8378,3.6008
48.6392,0.7818,3.3586
48.6394,0.822,3.5377
48.6396,0.726,3.1292
48.6398,0.6451,2.7804
48.6400,0.6164,2.6569
48.6402,0.613,2.6382
48.6404,0.7131,3.0706
48.6406,0.6474,2.7863
48.6408,0.669,2.8832
48.6410,0.6343,2.7364
48.6412,0.615,2.6507
48.6414,0.6545,2.8207
48.6416,0.6181,2.6641
48.6418,0.6479,2.7858
48.6420,0.763,3.2792
48.6422,0.7343,3.1619
48.6424,0.6422,2.7654
48.6426,0.6762,2.9129
48.6428,0.7,3.0129
48.6430,0.7228,3.108
48.6432,0.7387,3.1781
48.6434,0.7118,3.0663
48.6436,0.6819,2.9336
48.6438,0.7367,3.1679
48.6440,0.6849,2.9506
48.6442,0.6516,2.807
48.6444,0.6533,2.8142
48.6446,0.6753,2.9052
48.6448,0.6914,2.9757
48.6450,0.6957,2.9901
48.6452,0.8077,3.465
48.6454,0.9366,4.018
48.6456,0.9174,3.9394
48.6458,0.8033,3.4572
48.6460,0.767,3.3029
48.6462,0.6463,2.7856
48.6464,0.5823,2.5119
48.6466,0.5356,2.3118
48.6468,0.528,2.2776
48.6470,0.528,2.2765
48.6472,0.5347,2.3055
48.6474,0.5462,2.3562
48.6476,0.5303,2.29
48.6478,0.5301,2.2848
48.6480,0.5637,2.4317
48.6482,0.5327,2.2983
48.6484,0.5373,2.3147
48.6486,0.6955,2.9891
48.6488,0.7787,3.3499
48.6490,0.7185,3.0952
48.6492,0.6292,2.7142
48.6494,0.5673,2.4495
48.6496,0.569,2.4499
48.6498,0.6403,2.7559
48.6500,0.706,3.0387
48.6502,0.7281,3.1322
48.6504,0.6759,2.9051
48.6506,0.6679,2.8759
48.6508,0.671,2.8934
48.6510,0.5965,2.5723
48.6512,0.5474,2.3592
48.6514,0.5501,2.3733
48.6516,0.5348,2.3049
48.6518,0.6109,2.6245
48.6520,0.7799,3.3581
48.6522,0.6124,2.6381
48.6524,0.5463,2.3578
48.6526,0.5299,2.2869
48.6528,0.5242,2.2615
48.6530,0.5585,2.4084
48.6532,0.5367,2.3153
48.6534,0.5301,2.2848
48.6536,0.5462,2.3529
48.6538,0.5432,2.3422
48.6540,0.5547,2.3929
48.6542,0.5636,2.4278
48.6544,0.5756,2.4818
48.6546,0.5769,2.4863
48.6548,0.5488,2.3654
48.6550,0.5295,2.2843
48.6552,0.5125,2.2109
48.6554,0.4939,2.1277
48.6556,0.5413,2.3328
48.6558,0.5377,2.3195
48.6560,0.5217,2.2476
48.6562,0.6059,2.6114
48.6564,0.6284,2.7098
48.6566,0.5608,2.4182
48.6568,0.5157,2.2238
48.6570,0.5007,2.1592
48.6572,0.5074,2.1851
48.6574,0.581,2.5039
48.6576,0.5475,2.3608
48.6578,0.4916,2.1199
48.6580,0.551,2.3758
48.6582,0.518,2.2336
48.6584,0.5373,2.3115
48.6586,0.6131,2.6363
48.6588,0.7,3.0115
48.6590,0.6829,2.935
48.6592,0.6836,2.9422
48.6594,0.7277,3.1277
48.6596,0.7846,3.3673
48.6598,0.8452,3.626
48.6600,0.8558,3.673
48.6602,0.8423,3.617
48.6604,0.8216,3.5247
48.6606,0.8288,3.5506
48.6608,0.897,3.8482
48.6610,0.9021,3.8735
48.6612,0.8693,3.7329
48.6614,0.8007,3.44
48.6616,0.7897,3.391
48.6618,0.8495,3.6445
48.6620,0.9064,3.8847
48.6622,0.9153,3.9228
48.6624,0.9579,4.1057
48.6626,0.9564,4.1048
48.6628,0.9518,4.0814
48.6630,0.966,4.1382
48.6632,1.0186,4.3617
48.6634,1.0858,4.6514
48.6636,1.0284,4.412
48.6638,0.9806,4.2009
48.6640,1.0364,4.4356
48.6642,1.0308,4.4203
48.6644,0.9968,4.2822
48.6646,0.8613,3.7018
48.6648,0.8202,3.5234
48.6650,0.8166,3.5047
48.6652,0.8148,3.5002
48.6654,0.8033,3.4508
48.6656,0.8516,3.6601
48.6658,0.8752,3.7546
48.6660,0.8721,3.7395
48.6662,0.9747,4.1796
48.6664,1.0015,4.2903
48.6666,1.0341,4.4403
48.6668,0.8603,3.696
48.6670,0.7831,3.369
48.6672,0.7391,3.1826
48.6674,0.7284,3.1381
48.6676,0.7085,3.0481
48.6678,0.7264,3.125
48.6680,0.7402,3.1828
48.6682,0.7662,3.2962
48.6684,0.7871,3.3797
48.6686,0.912,3.9198
48.6688,0.8407,3.6132
48.6690,0.8288,3.5638
48.6692,0.7982,3.4324
48.6694,0.8199,3.5224
48.6696,0.826,3.547
48.6698,0.8589,3.6881
48.6700,0.7899,3.3984
48.6702,0.738,3.178
48.6704,0.707,3.0456
48.6706,0.7301,3.1424
48.6708,0.7118,3.0606
48.6710,0.7402,3.1858
48.6712,0.7711,3.3174
48.6714,0.72,3.0991
48.6716,0.701,3.0226
48.6718,0.6511,2.8036
48.6720,0.7204,3.1006
48.6722,0.6717,2.8938
48.6724,0.6071,2.6178
48.6726,0.5931,2.5573
48.6728,0.5945,2.5623
48.6730,0.5919,2.5521
48.6732,0.5896,2.5458
48.6734,0.5176,2.2341
48.6736,0.5053,2.1798
48.6738,0.5068,2.1896
48.6740,0.5079,2.1902
48.6742,0.5639,2.4305
48.6744,0.6409,2.7597
48.6746,0.6661,2.8682
48.6748,0.659,2.8377
48.6750,0.6482,2.7938
48.6752,0.6691,2.8771
48.6754,0.7306,3.1445
48.6756,0.6971,3.0033
48.6758,0.6547,2.8178
48.6760,0.6757,2.9095
48.6762,0.7387,3.1722
48.6764,0.8588,3.6807
48.6766,0.9221,3.9557
48.6768,0.8245,3.5502
48.6770,0.7204,3.1035
48.6772,0.6512,2.8041
48.6774,0.6491,2.7987
48.6776,0.6357,2.7388
48.6778,0.6323,2.7226
48.6780,0.6322,2.7246
48.6782,0.6649,2.863
48.6784,0.6897,2.9644
48.6786,0.766,3.2952
48.6788,0.685,2.9525
48.6790,0.6244,2.691
48.6792,0.6182,2.6634
48.6794,0.6229,2.6823
48.6796,0.6317,2.7225
48.6798,0.6333,2.7285
48.6800,0.6354,2.7385
48.6802,0.576,2.4839
48.6804,0.5989,2.5874
48.6806,0.5024,2.1674
48.6808,0.564,2.4333
48.6810,0.4821,2.0829
48.6812,0.4788,2.0665
48.6814,0.4832,2.0846
48.6816,0.4739,2.0462
48.6818,0.4588,1.9828
48.6820,0.4481,1.9349
48.6822,0.4644,2.0044
48.6824,0.4951,2.1368
48.6826,0.5083,2.1927
48.6828,0.5506,2.372
48.6830,0.6057,2.6055
48.6832,0.6746,2.9048
48.6834,0.7103,3.0558
48.6836,0.7052,3.0322
48.6838,0.7016,3.0182
48.6840,0.7457,3.211
48.6842,0.6601,2.841
48.6844,0.6598,2.8374
48.6846,0.716,3.0787
48.6848,0.7907,3.403
48.6850,0.6642,2.8599
48.6852,0.7071,3.0405
48.6854,0.7202,3.0996
48.6856,0.715,3.0774
48.6858,0.7557,3.2508
48.6860,0.8042,3.4533
48.6862,0.8482,3.6406
48.6864,0.8831,3.7921
48.6866,0.7969,3.4267
48.6868,0.7726,3.3236
48.6870,0.8118,3.489
48.6872,0.8188,3.5178
48.6874,0.7676,3.3101
48.6876,0.6263,2.6992
48.6878,0.603,2.5954
48.6880,0.6461,2.7832
48.6882,0.641,2.7551
48.6884,0.7298,3.1423
48.6886,0.5997,2.5893
48.6888,0.4969,2.1466
48.6890,0.4908,2.1192
48.6892,0.4921,2.1229
48.6894,0.5226,2.2522
48.6896,0.6139,2.6436
48.6898,0.611,2.6348
48.6900,0.5444,2.3484
48.6902,0.5101,2.2005
48.6904,0.5073,2.1917
48.6906,0.4999,2.1575
48.6908,0.5485,2.3595
48.6910,0.6572,2.8326
48.6912,0.6055,2.6086
48.6914,0.6089,2.6219
48.6916,0.6112,2.6317
48.6918,0.6192,2.6663
48.6920,0.6531,2.8085
48.6922,0.7655,3.2931
48.6924,0.7226,3.1113
48.6926,0.6861,2.9516
48.6928,0.6962,2.9922
48.6930,0.7437,3.1963
48.6932,0.7636,3.2803
48.6934,0.8299,3.5635
48.6936,0.8449,3.6295
48.6938,0.792,3.4087
48.6940,0.6861,2.9516
48.6942,0.7799,3.3503
48.6944,0.8055,3.459
48.6946,0.8018,3.4446
48.6948,0.8087,3.4756
48.6950,0.8075,3.4688
48.6952,0.8485,3.6399
48.6954,0.8973,3.8511
48.6956,0.906,3.8886
48.6958,0.9236,3.9606
48.6960,0.9608,4.1181
48.6962,0.9882,4.2333
48.6964,0.9788,4.1951
48.6966,0.9691,4.1555
48.6968,0.901,3.8688
48.6970,0.9054,3.8897
48.6972,0.8757,3.7549
48.6974,0.9296,3.9919
48.6976,0.8956,3.8474
48.6978,0.8569,3.6759
48.6980,0.8011,3.4447
48.6982,0.7547,3.2467
48.6984,0.7601,3.273
48.6986,0.7193,3.0974
48.6988,0.7024,3.0232
48.6990,0.7322,3.1453
48.6992,0.8246,3.5441
48.6994,0.8816,3.7889
48.6996,0.76,3.2694
48.6998,0.7004,3.0144
48.7000,0.7334,3.1607
48.7002,0.6826,2.9367
48.7004,0.6968,3.0003
48.7006,0.711,3.0632
48.7008,0.7043,3.03
48.7010,0.6524,2.808
48.7012,0.6729,2.8962
48.7014,0.7157,3.0848
48.7016,0.621,2.6753
48.7018,0.6433,2.7701
48.7020,0.6453,2.784
48.7022,0.5807,2.5052
48.7024,0.5991,2.5819
48.7026,0.5847,2.5187
48.7028,0.6151,2.6475
48.7030,0.6676,2.8749
48.7032,0.7257,3.1233
48.7034,0.719,3.093
48.7036,0.688,2.964
48.7038,0.6818,2.9344
48.7040,0.7409,3.1874
48.7042,0.6829,2.9391
48.7044,0.6776,2.9164
48.7046,0.6837,2.9427
48.7048,0.6896,2.9638
48.7050,0.7692,3.3091
48.7052,0.728,3.1331
48.7054,0.6943,2.9839
48.7056,0.7796,3.3509
48.7058,0.7233,3.1087
48.7060,0.7759,3.338
48.7062,0.7549,3.2477
48.7064,0.7662,3.3039
48.7066,0.614,2.649
48.7068,0.5787,2.4952
48.7070,0.6116,2.635
48.7072,0.6208,2.6742
48.7074,0.648,2.7928
48.7076,0.6049,2.6073
48.7078,0.5899,2.5427
48.7080,0.5923,2.5542
48.7082,0.6355,2.7365
48.7084,0.7474,3.2122
48.7086,0.7927,3.4086
48.7088,0.7355,3.1598
48.7090,0.8233,3.5319
48.7092,0.875,3.7571
48.7094,0.8563,3.6819
48.7096,0.8082,3.4735
48.7098,0.8087,3.4756
48.7100,0.8199,3.524
48.7102,0.8247,3.5414
48.7104,0.8181,3.5147
48.7106,0.7938,3.4149
48.7108,0.7822,3.3633
48.7110,0.7507,3.2282
48.7112,0.729,3.1349
48.7114,0.7559,3.2534
48.7116,0.7624,3.2782
48.7118,0.7666,3.3039
48.7120,0.6217,2.6796
48.7122,0.6047,2.605
48.7124,0.5874,2.533
48.7126,0.5847,2.5199
48.7128,0.5857,2.5257
48.7130,0.5928,2.5515
48.7132,0.6383,2.7522
48.7134,0.5359,2.3128
48.7136,0.5205,2.2476
48.7138,0.518,2.2326
48.7140,0.526,2.2683
48.7142,0.5238,2.2584
48.7144,0.5252,2.2667
48.7146,0.5224,2.2559
48.7148,0.5287,2.2775
48.7150,0.6103,2.6317
48.7152,0.5545,2.3919
48.7154,0.524,2.2595
48.7156,0.5233,2.2564
48.7158,0.5314,2.2905
48.7160,0.5534,2.3884
48.7162,0.5651,2.4345
48.7164,0.6634,2.8541
48.7166,0.7139,3.0727
48.7168,0.6916,2.9795
48.7170,0.6236,2.6866
48.7172,0.575,2.4769
48.7174,0.6125,2.6361
48.7176,0.6717,2.8897
48.7178,0.6756,2.9062
48.7180,0.7113,3.0628
48.7182,0.7236,3.1145
48.7184,0.6867,2.9583
48.7186,0.6252,2.6921
48.7188,0.6686,2.8777
48.7190,0.7218,3.1025
48.7192,0.7148,3.0721
48.7194,0.7116,3.0644
48.7196,0.6921,2.9816
48.7198,0.6465,2.7866
48.7200,0.5991,2.5831
48.7202,0.5084,2.1953
48.7204,0.483,2.0846
48.7206,0.4884,2.1049
48.7208,0.4873,2.1013
48.7210,0.498,2.1473
48.7212,0.4947,2.1333
48.7214,0.4897,2.1126
48.7216,0.5706,2.4549
48.7218,0.6824,2.9425
48.7220,0.5356,2.3096
48.7222,0.5082,2.1912
48.7224,0.5562,2.3974
48.7226,0.5914,2.5453
48.7228,0.6104,2.6274
48.7230,0.6277,2.7042
48.7232,0.6196,2.6678
48.7234,0.6437,2.7703
48.7236,0.632,2.7203
48.7238,0.6037,2.6009
48.7240,0.6531,2.8098
48.7242,0.7494,3.2225
48.7244,0.7464,3.2081
48.7246,0.6716,2.8919
48.7248,0.6469,2.7855
48.7250,0.6956,2.9938
48.7252,0.7193,3.0888
48.7254,0.7939,3.4122
48.7256,0.786,3.375
48.7258,0.8501,3.6471
48.7260,0.8456,3.6326
48.7262,0.7935,3.4122
48.7264,0.7897,3.3894
48.7266,0.8885,3.8117
48.7268,0.9055,3.8884
48.7270,0.8597,3.6848
48.7272,1.0051,4.3017
48.7274,1.1386,4.862
48.7276,1.2073,5.1554
48.7278,1.2031,5.1471
48.7280,1.2054,5.1544
48.7282,1.1856,5.0651
48.7284,1.2043,5.1522
48.7286,1.0916,4.67
48.7288,1.131,4.836
48.7290,1.1838,5.0621
48.7292,1.1355,4.86
48.7294,1.1304,4.838
48.7296,1.1022,4.7196
48.7298,1.0359,4.4439
48.7300,0.9976,4.2758
48.7302,0.9642,4.1324
48.7304,0.9294,3.9871
48.7306,0.8501,3.6556
48.7308,0.772,3.3225
48.7310,0.8362,3.5908
48.7312,0.8909,3.8238
48.7314,0.9295,3.9876
48.7316,0.9517,4.0752
48.7318,1.0623,4.5507
48.7320,1.0323,4.4305
48.7322,0.891,3.8314
48.7324,0.7831,3.3737
48.7326,0.7158,3.081
48.7328,0.723,3.112
48.7330,0.7197,3.099
48.7332,0.7271,3.131
48.7334,0.7579,3.2591
48.7336,0.8058,3.46
48.7338,0.8595,3.6941
48.7340,0.8138,3.5026
48.7342,0.7943,3.4169
48.7344,0.8262,3.5541
48.7346,0.7486,3.2204
48.7348,0.7885,3.3827
48.7350,0.9295,3.9969
48.7352,0.8138,3.4978
48.7354,0.8371,3.5944
48.7356,0.8341,3.5882
48.7358,0.8272,3.5588
48.7360,0.7744,3.3344
48.7362,0.7138,3.0722
48.7364,0.7221,3.1093
48.7366,0.7119,3.0654
48.7368,0.7081,3.0475
48.7370,0.6869,2.9607
48.7372,0.6039,2.605
48.7374,0.6316,2.7258
48.7376,0.5842,2.5202
48.7378,0.5637,2.4317
48.7380,0.6224,2.6815
48.7382,0.6916,2.9754
48.7384,0.7664,3.2942
48.7386,0.7842,3.3736
48.7388,0.8202,3.5234
48.7390,0.8523,3.6632
48.7392,0.7511,3.2342
48.7394,0.7223,3.1103
48.7396,0.7501,3.2301
48.7398,0.7006,3.0169
48.7400,0.701,3.017
48.7402,0.6771,2.917
48.7404,0.6805,2.9301
48.7406,0.7253,3.1232
48.7408,0.6974,3.0015
48.7410,0.713,3.0686
48.7412,0.6904,2.9744
48.7414,0.597,2.5731
48.7416,0.6795,2.9219
48.7418,0.7666,3.2993
48.7420,0.7216,3.1087
48.7422,0.7288,3.1411
48.7424,0.6998,3.0118
48.7426,0.7358,3.1608
48.7428,0.7846,3.3736
48.7430,0.7564,3.2539
48.7432,0.7956,3.4178
48.7434,0.8081,3.473
48.7436,0.7595,3.2689
48.7438,0.7718,3.3189
48.7440,0.7848,3.3793
48.7442,0.7533,3.2435
48.7444,0.7482,3.2188
48.7446,0.7389,3.1786
48.7448,0.7716,3.3163
48.7450,0.815,3.5045
48.7452,0.7742,3.3354
48.7454,0.67,2.8879
48.7456,0.6458,2.7848
48.7458,0.6656,2.8701
48.7460,0.6452,2.777
48.7462,0.6386,2.7486
48.7464,0.6506,2.8042
48.7466,0.6507,2.8047
48.7468,0.6802,2.9277
48.7470,0.7359,3.1642
48.7472,0.8348,3.5863
48.7474,0.8348,3.5846
48.7476,0.8064,3.4706
48.7478,0.7829,3.3679
48.7480,0.7721,3.3215
48.7482,0.7482,3.2159
48.7484,0.7752,3.338
48.7486,0.7758,3.3452
48.7488,0.6509,2.8039
48.7490,0.6772,2.9135
48.7492,0.7408,3.1913
48.7494,0.6835,2.9458
48.7496,0.73,3.1361
48.7498,0.8166,3.5096
48.7500,0.856,3.6775
48.7502,0.8166,3.5112
48.7504,0.7776,3.3468
48.7506,0.7299,3.1443
48.7508,0.6539,2.8168
48.7510,0.6416,2.7628
48.7512,0.672,2.8935
48.7514,0.6989,3.0096
48.7516,0.6993,3.0126
48.7518,0.7209,3.1012
48.7520,0.7756,3.338
48.7522,0.735,3.1709
48.7524,0.5944,2.563
48.7526,0.57,2.4591
48.7528,0.5524,2.382
48.7530,0.5638,2.4277
48.7532,0.6699,2.8833
48.7534,0.668,2.8804
48.7536,0.6065,2.6164
48.7538,0.6017,2.5921
48.7540,0.6299,2.7135
48.7542,0.6001,2.5878
48.7544,0.6197,2.6683
48.7546,0.6759,2.9132
48.7548,0.6325,2.7249
48.7550,0.6318,2.723
48.7552,0.6167,2.6591
48.7554,0.6615,2.8472
48.7556,0.707,3.04
48.7558,0.7199,3.0985
48.7560,0.728,3.1317
48.7562,0.7626,3.2807
48.7564,0.789,3.3927
48.7566,0.7581,3.2627
48.7568,0.7697,3.3096
48.7570,0.7957,3.4199
48.7572,0.7788,3.3535
48.7574,0.7052,3.0365
48.7576,0.6393,2.7556
48.7578,0.6136,2.6445
48.7580,0.6233,2.6813
48.7582,0.7211,3.1008
48.7584,0.8191,3.5172
48.7586,0.8776,3.7667
48.7588,0.8872,3.8114
48.7590,0.8907,3.8228
48.7592,0.9,3.8629
48.7594,0.8953,3.8428
48.7596,0.877,3.7694
48.7598,0.874,3.753
48.7600,0.8844,3.796
48.7602,0.8783,3.7697
48.7604,0.9325,4.0005
48.7606,0.9796,4.2007
48.7608,1.0162,4.3596
48.7610,1.0073,4.3215
48.7612,0.9631,4.1298
48.7614,0.9729,4.1758
48.7616,1.0283,4.4095
48.7618,1.0806,4.6228
48.7620,1.1258,4.8207
48.7622,1.0986,4.702
48.7624,1.1741,5.0253
48.7626,1.1805,5.0572
48.7628,1.081,4.633
48.7630,1.032,4.4233
48.7632,1.0958,4.6945
48.7634,1.1124,4.7654
48.7636,1.0329,4.4269
48.7638,1.0338,4.431
48.7640,1.0505,4.5109
48.7642,1.0189,4.3688
48.7644,1.0994,4.7056
48.7646,1.1685,4.9965
48.7648,1.1866,5.0858
48.7650,1.028,4.4202
48.7652,0.9254,3.9739
48.7654,0.9581,4.1101
48.7656,0.9757,4.1954
48.7658,0.892,3.8356
48.7660,0.8687,3.7338
48.7662,0.8414,3.6197
48.7664,0.8435,3.6289
48.7666,0.8521,3.657
48.7668,0.9662,4.1431
48.7670,1.0426,4.4727
48.7672,1.0638,4.5638
48.7674,1.0039,4.3106
48.7676,0.9547,4.0976
48.7678,0.9667,4.1471
48.7680,1.0013,4.2938
48.7682,0.9559,4.1104
48.7684,0.8698,3.7384
48.7686,0.8806,3.7848
48.7688,0.9139,3.9281
48.7690,0.9693,4.1642
48.7692,0.9934,4.2658
48.7694,0.9825,4.217
48.7696,0.9812,4.2172
48.7698,0.88,3.7822
48.7700,0.8411,3.622
48.7702,0.8299,3.5685
48.7704,0.8657,3.7296
48.7706,0.8353,3.595
48.7708,0.87,3.7447
48.7710,0.8218,3.5356
48.7712,0.8102,3.4855
48.7714,0.8632,3.7066
48.7716,0.8882,3.8244
48.7718,0.8916,3.834
48.7720,0.8933,3.8394
48.7722,0.881,3.7916
48.7724,0.8393,3.6142
48.7726,0.8605,3.6965
48.7728,0.8999,3.8714
48.7730,0.8645,3.7227
48.7732,0.8431,3.6319
48.7734,0.8067,3.4754
48.7736,0.8129,3.4985
48.7738,0.8082,3.4751
48.7740,0.8083,3.4773
48.7742,0.8146,3.5062
48.7744,0.8158,3.513
48.7746,0.8493,3.652
48.7748,0.883,3.7951
48.7750,0.8735,3.7579
48.7752,0.8783,3.7785
48.7754,0.9168,3.9386
48.7756,0.9708,4.1627
48.7758,0.9969,4.2887
48.7760,0.8563,3.687
48.7762,0.8109,3.4903
48.7764,0.8316,3.579
48.7766,0.8414,3.6247
48.7768,0.7772,3.3483
48.7770,0.7413,3.1919
48.7772,0.7329,3.1572
48.7774,0.7799,3.3597
48.7776,0.7612,3.2776
48.7778,0.8871,3.8109
48.7780,0.9541,4.1103
48.7782,0.7846,3.3814
48.7784,0.7687,3.3117
48.7786,0.7643,3.2926
48.7788,0.7566,3.2565
48.7790,0.7395,3.1871
48.7792,0.7043,3.0343
48.7794,0.769,3.3142
48.7796,0.6991,3.0157
48.7798,0.6578,2.8378
48.7800,0.6744,2.9065
48.7802,0.6819,2.9404
48.7804,0.6633,2.8603
48.7806,0.6738,2.9039
48.7808,0.6492,2.8031
48.7810,0.5746,2.4788
48.7812,0.7182,3.0956
48.7814,0.6609,2.8539
48.7816,0.5891,2.5438
48.7818,0.6287,2.7096
48.7820,0.6557,2.8272
48.7822,0.7023,3.0241
48.7824,0.7915,3.4082
48.7826,0.8031,3.4567
48.7828,0.8148,3.5084
48.7830,0.791,3.4109
48.7832,0.7208,3.1065
48.7834,0.7301,3.141
48.7836,0.7603,3.2709
48.7838,0.7751,3.3344
48.7840,0.7965,3.4331
48.7842,0.7401,3.1897
48.7844,0.77,3.3112
48.7846,0.8868,3.8098
48.7848,0.8753,3.7604
48.7850,0.8492,3.6498
48.7852,0.801,3.449
48.7854,0.7951,3.4221
48.7856,0.8075,3.4737
48.7858,0.8311,3.5786
48.7860,0.706,3.0457
48.7862,0.6551,2.8272
48.7864,0.6518,2.808
48.7866,0.6634,2.8595
48.7868,0.6573,2.8344
48.7870,0.6477,2.7943
48.7872,0.6408,2.7656
48.7874,0.6485,2.7936
48.7876,0.684,2.9465
48.7878,0.7407,3.1849
48.7880,0.8,3.4481
48.7882,0.6992,3.0135
48.7884,0.7009,3.0193
48.7886,0.7003,3.0153
48.7888,0.7868,3.3849
48.7890,0.8332,3.5846
48.7892,0.8105,3.4849
48.7894,0.8054,3.4649
48.7896,0.7878,3.3906
48.7898,0.8168,3.5204
48.7900,0.6148,2.6546
48.7902,0.5089,2.2004
48.7904,0.5044,2.1802
48.7906,0.5054,2.1834
48.7908,0.5458,2.3525
48.7910,0.6332,2.7292
48.7912,0.6889,2.9676
48.7914,0.7417,3.188
48.7916,0.8311,3.5753
48.7918,0.7947,3.419
48.7920,0.8247,3.5447
48.7922,0.8007,3.448
48.7924,0.7884,3.3917
48.7926,0.8111,3.4859
48.7928,0.8353,3.5933
48.7930,0.8409,3.6125
48.7932,0.9009,3.8701
48.7934,0.8726,3.7468
48.7936,0.917,3.9378
48.7938,0.9908,4.2545
48.7940,0.9877,4.2371
48.7942,0.9818,4.2158
48.7944,0.985,4.2199
48.7946,1.0216,4.3786
48.7948,1.0629,4.5554
48.7950,1.1192,4.7947
48.7952,1.1049,4.7336
48.7954,1.1107,4.7538
48.7956,1.1197,4.8012
48.7958,1.0362,4.4517
48.7960,0.9275,3.9845
48.7962,0.8453,3.6401
48.7964,0.7722,3.3236
48.7966,0.7819,3.3701
48.7968,0.784,3.3788
48.7970,0.6932,2.9876
48.7972,0.6652,2.8685
48.7974,0.706,3.0415
48.7976,0.713,3.0743
48.7978,0.6681,2.8836
48.7980,0.6163,2.6613
48.7982,0.627,2.6998
48.7984,0.7109,3.0627
48.7986,0.7238,3.1209
48.7988,0.6483,2.7943
48.7990,0.7077,3.0502
48.7992,0.6566,2.8261
48.7994,0.7131,3.0734
48.7996,0.6691,2.8878
48.7998,0.6343,2.7364
48.8000,0.6607,2.8462
48.8002,0.6673,2.8813
48.8004,0.5792,2.5008
48.8006,0.5839,2.518
48.8008,0.6089,2.6255
48.8010,0.6573,2.8357
48.8012,0.5543,2.3925
48.8014,0.5802,2.502
48.8016,0.6662,2.874
48.8018,0.5839,2.5215
48.8020,0.5486,2.3633
48.8022,0.6212,2.6775
48.8024,0.6626,2.8545
48.8026,0.6975,3.0062
48.8028,0.6392,2.7551
48.8030,0.6393,2.7556
48.8032,0.6968,3.0017
48.8034,0.7172,3.0881
48.8036,0.7084,3.0518
48.8038,0.6849,2.9533
48.8040,0.667,2.8776
48.8042,0.6191,2.6707
48.8044,0.608,2.6219
48.8046,0.6621,2.8538
48.8048,0.6867,2.9611
48.8050,0.6187,2.6692
48.8052,0.5536,2.3916
48.8054,0.5015,2.1653
48.8056,0.5096,2.2015
48.8058,0.5209,2.2471
48.8060,0.591,2.5497
48.8062,0.6185,2.6681
48.8064,0.5492,2.3691
48.8066,0.5269,2.2761
48.8068,0.5324,2.2957
48.8070,0.5884,2.5371
48.8072,0.5784,2.493
48.8074,0.6353,2.7355
48.8076,0.7054,3.0375
48.8078,0.7208,3.1007
48.8080,0.773,3.3287
48.8082,0.7634,3.2859
48.8084,0.7649,3.2921
48.8086,0.7537,3.2501
48.8088,0.585,2.5226
48.8090,0.5559,2.3981
48.8092,0.5574,2.4048
48.8094,0.6144,2.6469
48.8096,0.6786,2.9219
48.8098,0.6467,2.7871
48.8100,0.65,2.8055
48.8102,0.5775,2.4901
48.8104,0.5592,2.4104
48.8106,0.562,2.4211
48.8108,0.6578,2.8325
48.8110,0.7312,3.15
48.8112,0.726,3.1234
48.8114,0.7024,3.0218
48.8116,0.7102,3.0596
48.8118,0.6801,2.9245
48.8120,0.729,3.1392
48.8122,0.6536,2.8197
48.8124,0.5428,2.3439
48.8126,0.4903,2.1161
48.8128,0.4853,2.0963
48.8130,0.4799,2.073
48.8132,0.4762,2.0551
48.8134,0.4705,2.0307
48.8136,0.4696,2.0275
48.8138,0.4754,2.0539
48.8140,0.4771,2.0611
48.8142,0.4829,2.085
48.8144,0.476,2.0574
48.8146,0.4748,2.0503
48.8148,0.4742,2.0468
48.8150,0.4763,2.0565
48.8152,0.4772,2.0597
48.8154,0.4776,2.0603
48.8156,0.524,2.2595
48.8158,0.5829,2.5098
48.8160,0.6566,2.8313
48.8162,0.6435,2.7711
48.8164,0.6569,2.8271
48.8166,0.6669,2.8718
48.8168,0.6357,2.7413
48.8170,0.5756,2.4795
48.8172,0.569,2.4522
48.8174,0.5615,2.4213
48.8176,0.5732,2.4703
48.8178,0.5935,2.5558
48.8180,0.6259,2.6964
48.8182,0.6199,2.6731
48.8184,0.6,2.5861
48.8186,0.6277,2.7029
48.8188,0.608,2.6158
48.8190,0.6389,2.7522
48.8192,0.6602,2.8415
48.8194,0.6711,2.8872
48.8196,0.7051,3.0346
48.8198,0.6553,2.8217
48.8200,0.6697,2.8837
48.8202,0.6319,2.7223
48.8204,0.6265,2.6953
48.8206,0.6563,2.8271
48.8208,0.5891,2.5402
48.8210,0.582,2.5109
48.8212,0.5444,2.3484
48.8214,0.5437,2.3421
48.8216,0.5903,2.543
48.8218,0.6185,2.6632
48.8220,0.6329,2.7226
48.8222,0.6413,2.7587
48.8224,0.6916,2.9768
48.8226,0.7131,3.072
48.8228,0.6387,2.7517
48.8230,0.6397,2.752
48.8232,0.7055,3.0366
48.8234,0.6362,2.7421
48.8236,0.5768,2.4847
48.8238,0.5794,2.4937
48.8240,0.6238,2.6834
48.8242,0.6792,2.9258
48.8244,0.6551,2.8193
48.8246,0.7408,3.1795
48.8248,0.8299,3.5652
48.8250,0.7892,3.3905
48.8252,0.7964,3.4214
48.8254,0.8105,3.4768
48.8256,0.8251,3.5478
48.8258,0.7234,3.1106
48.8260,0.77,3.3081
48.8262,0.8386,3.5977
48.8264,0.889,3.8102
48.8266,0.9988,4.285
48.8268,0.9362,4.0127
48.8270,0.9177,3.933
48.8272,0.9186,3.939
48.8274,0.9419,4.0406
48.8276,0.9789,4.1996
48.8278,0.9539,4.094
48.8280,0.9435,4.0459
48.8282,0.9852,4.2204
48.8284,0.9801,4.1988
48.8286,0.9443,4.049
48.8288,0.9149,3.9285
48.8290,0.9121,3.9149
48.8292,0.9431,4.0439
48.8294,0.906,3.8886
48.8296,0.9822,4.2095
48.8298,1.0653,4.5593
48.8300,1.0571,4.5265
48.8302,1.0218,4.3817
48.8304,0.9467,4.065
48.8306,0.9328,3.9978
48.8308,0.9983,4.2829
48.8310,0.8724,3.7533
48.8312,0.7986,3.4339
48.8314,0.8042,3.4533
48.8316,0.8203,3.5272
48.8318,0.7704,3.3112
48.8320,0.791,3.4046
48.8322,0.7265,3.1284
48.8324,0.7016,3.021
48.8326,0.6979,3.0022
48.8328,0.7674,3.2998
48.8330,0.8235,3.5395
48.8332,0.7599,3.2704
48.8334,0.6607,2.8436
48.8336,0.738,3.1794
48.8338,0.7127,3.0704
48.8340,0.6751,2.9109
48.8342,0.654,2.816
48.8344,0.7185,3.0938
48.8346,0.7294,3.1408
48.8348,0.6947,2.9902
48.8350,0.6917,2.9773
48.8352,0.6772,2.9175
48.8354,0.6565,2.8295
48.8356,0.6693,2.8861
48.8358,0.6149,2.6514
48.8360,0.577,2.4857
48.8362,0.6555,2.8214
48.8364,0.7272,3.1315
48.8366,0.6778,2.9174
48.8368,0.6798,2.9325
48.8370,0.5909,2.5492
48.8372,0.5841,2.515
48.8374,0.6801,2.9272
48.8376,0.7158,3.0853
48.8378,0.6718,2.8943
48.8380,0.6308,2.7201
48.8382,0.6005,2.5881
48.8384,0.5639,2.4328
48.8386,0.5663,2.442
48.8388,0.5517,2.3778
48.8390,0.5751,2.4809
48.8392,0.5662,2.4437
48.8394,0.5259,2.2677
48.8396,0.5365,2.3122
48.8398,0.5843,2.5207
48.8400,0.5598,2.4152
48.8402,0.5493,2.3708
48.8404,0.5241,2.2631
48.8406,0.5387,2.3198
48.8408,0.6808,2.933
48.8410,0.6043,2.6059
48.8412,0.5479,2.3602
48.8414,0.5945,2.5611
48.8416,0.6112,2.6341
48.8418,0.6415,2.7623
48.8420,0.668,2.8778
48.8422,0.6711,2.8912
48.8424,0.6939,2.9866
48.8426,0.6606,2.8444
48.8428,0.6021,2.5924
48.8430,0.6479,2.7897
48.8432,0.6746,2.9035
48.8434,0.6963,2.9941
48.8436,0.7257,3.1248
48.8438,0.777,3.338
48.8440,0.8674,3.7229
48.8442,0.8432,3.6274
48.8444,0.6739,2.9031
48.8446,0.6106,2.6303
48.8448,0.6102,2.6251
48.8450,0.6628,2.8529
48.8452,0.7199,3.0985
48.8454,0.7109,3.0598
48.8456,0.7264,3.1162
48.8458,0.8933,3.8323
48.8460,0.9039,3.8848
48.8462,0.8308,3.5693
48.8464,0.7521,3.2369
48.8466,0.6915,2.9762
48.8468,0.6419,2.769
48.8470,0.5506,2.3765
48.8472,0.5434,2.34
48.8474,0.6565,2.8308
48.8476,0.5813,2.5078
48.8478,0.5357,2.3112
48.8480,0.5374,2.3184
48.8482,0.5367,2.3143
48.8484,0.5357,2.3101
48.8486,0.5361,2.3106
48.8488,0.5772,2.4879
48.8490,0.6278,2.7022
48.8492,0.6696,2.8818
48.8494,0.6555,2.8188
48.8496,0.6892,2.9637
48.8498,0.736,3.1633
48.8500,0.7173,3.0901
48.8502,0.5849,2.5221
48.8504,0.5959,2.5697
48.8506,0.58,2.4998
48.8508,0.5786,2.4936
48.8510,0.5854,2.5195
48.8512,0.6468,2.7863
48.8514,0.6132,2.638
48.8516,0.6539,2.8181
48.8518,0.5899,2.5438
48.8520,0.6088,2.625
48.8522,0.6235,2.6849
48.8524,0.5857,2.5257
48.8526,0.5076,2.1917
48.8528,0.5127,2.2119
48.8530,0.4992,2.1524
48.8532,0.4534,1.9604
48.8534,0.3914,1.6923
48.8536,0.3789,1.6376
48.8538,0.3696,1.598
48.8540,0.3712,1.6059
48.8542,0.372,1.6076
48.8544,0.3721,1.6066
48.8546,0.3686,1.5923
48.8548,0.3722,1.6079
48.8550,0.3746,1.6197
48.8552,0.3746,1.6197
48.8554,0.3753,1.6206
48.8556,0.4884,2.1059
48.8558,0.5437,2.3421
48.8560,0.5392,2.3251
48.8562,0.4861,2.0961
48.8564,0.4837,2.0848
48.8566,0.4862,2.0976
48.8568,0.4879,2.1048
48.8570,0.4951,2.1358
48.8572,0.4908,2.1172
48.8574,0.5108,2.2016
48.8576,0.5542,2.3842
48.8578,0.6503,2.7935
48.8580,0.7341,3.1565
48.8582,0.688,2.9503
48.8584,0.8262,3.5459
48.8586,0.777,3.3411
48.8588,0.7571,3.2555
48.8590,0.7299,3.137
48.8592,0.7191,3.0863
48.8594,0.8373,3.5904
48.8596,0.8176,3.5126
48.8598,0.7022,3.0137
48.8600,0.8362,3.5824
48.8602,0.9461,4.0548
48.8604,0.9633,4.1327
48.8606,0.9334,3.9985
48.8608,0.9458,4.0481
48.8610,1.0337,4.4223
48.8612,1.0662,4.5677
48.8614,1.0017,4.2873
48.8616,1.0758,4.6023
48.8618,1.0715,4.5881
48.8620,1.0769,4.6091
48.8622,1.0606,4.5414
48.8624,1.0428,4.4633
48.8626,1.0746,4.6015
48.8628,1.05,4.4962
48.8630,0.9871,4.2286
48.8632,1.0009,4.2897
48.8634,1.0239,4.3863
48.8636,1.0123,4.3406
48.8638,0.9394,4.0317
48.8640,0.926,3.9746
48.8642,0.8754,3.7556
48.8644,0.9377,4.0264
48.8646,0.9366,4.018
48.8648,0.9124,3.9159
48.8650,0.9224,3.9591
48.8652,0.9312,4.0023
48.8654,0.8155,3.505
48.8656,0.7916,3.4024
48.8658,0.777,3.338
48.8660,0.7746,3.3292
48.8662,0.813,3.4941
48.8664,0.8188,3.521
48.8666,0.7156,3.08
48.8668,0.6642,2.8586
48.8670,0.6861,2.9544
48.8672,0.7144,3.072
48.8674,0.7873,3.3823
48.8676,0.8067,3.4674
48.8678,0.7581,3.2642
48.8680,0.7265,3.1298
48.8682,0.6825,2.9416
48.8684,0.6043,2.6059
48.8686,0.6022,2.5906
48.8688,0.7121,3.0664
48.8690,0.7232,3.1139
48.8692,0.6666,2.8702
48.8694,0.6901,2.9728
48.8696,0.6638,2.8637
48.8698,0.6166,2.6549
48.8700,0.656,2.8261
48.8702,0.6398,2.7551
48.8704,0.6867,2.9515
48.8706,0.7788,3.3442
48.8708,0.8323,3.5838
48.8710,0.6775,2.9172
48.8712,0.6997,3.0113
48.8714,0.6873,2.9595
48.8716,0.6435,2.7724
48.8718,0.6685,2.8772
48.8720,0.6835,2.9389
48.8722,0.7284,3.1323
48.8724,0.7055,3.0409
48.8726,0.6198,2.6713
48.8728,0.6378,2.7514
48.8730,0.6163,2.6576
48.8732,0.6113,2.6322
48.8734,0.6184,2.6676
48.8736,0.5913,2.5483
48.8738,0.6339,2.7285
48.8740,0.6684,2.8793
48.8742,0.6027,2.5974
48.8744,0.6108,2.6265
48.8746,0.7067,3.0488
48.8748,0.5558,2.3987
48.8750,0.5155,2.2238
48.8752,0.5305,2.2863
48.8754,0.5652,2.4385
48.8756,0.5646,2.4347
48.8758,0.5675,2.446
48.8760,0.5853,2.5248
48.8762,0.5722,2.4662
48.8764,0.57,2.4569
48.8766,0.567,2.4439
48.8768,0.5649,2.4369
48.8770,0.5631,2.4246
48.8772,0.6272,2.7021
48.8774,0.6015,2.5923
48.8776,0.5723,2.4678
48.8778,0.5866,2.5294
48.8780,0.5808,2.5069
48.8782,0.5013,2.1617
48.8784,0.5158,2.2253
48.8786,0.5079,2.1942
48.8788,0.4559,1.9649
48.8790,0.5162,2.2259
48.8792,0.5122,2.2129
48.8794,0.4471,1.9316
48.8796,0.4407,1.9028
48.8798,0.4494,1.9388
48.8800,0.4735,2.0427
48.8802,0.4778,2.0633
48.8804,0.4362,1.8836
48.8806,0.4323,1.8665
48.8808,0.4435,1.9134
48.8810,0.4675,2.0169
48.8812,0.5046,2.1767
48.8814,0.5193,2.2393
48.8816,0.5513,2.3773
48.8818,0.5995,2.5828
48.8820,0.5974,2.5699
48.8822,0.6471,2.784
48.8824,0.7156,3.0771
48.8826,0.7246,3.1158
48.8828,0.7199,3.0957
48.8830,0.6814,2.9342
48.8832,0.6198,2.6713
48.8834,0.5893,2.5413
48.8836,0.5404,2.3292
48.8838,0.5533,2.3834
48.8840,0.5527,2.3797
48.8842,0.5929,2.5532
48.8844,0.6114,2.6327
48.8846,0.597,2.5708
48.8848,0.6109,2.6294
48.8850,0.5992,2.5836
48.8852,0.5682,2.4503
48.8854,0.5512,2.3735
48.8856,0.6274,2.7014
48.8858,0.569,2.4534
48.8860,0.4708,2.0308
48.8862,0.4331,1.8693
48.8864,0.4768,2.0586
48.8866,0.4811,2.0734
48.8868,0.5294,2.2817
48.8870,0.4937,2.1296
48.8872,0.4893,2.1091
48.8874,0.519,2.2377
48.8876,0.4921,2.1219
48.8878,0.4992,2.1514
48.8880,0.5644,2.4314
48.8882,0.5103,2.1975
48.8884,0.5492,2.3658
48.8886,0.5669,2.4423
48.8888,0.5084,2.1912
48.8890,0.5344,2.3034
48.8892,0.5733,2.472
48.8894,0.5113,2.2047
48.8896,0.491,2.1173
48.8898,0.524,2.2563
48.8900,0.6164,2.6482
48.8902,0.7551,3.2407
48.8904,0.853,3.6578
48.8906,0.8302,3.5567
48.8908,0.8782,3.7692
48.8910,0.784,3.3679
48.8912,0.7626,3.2792
48.8914,0.7176,3.0844
48.8916,0.7456,3.2015
48.8918,0.8212,3.5313
48.8920,0.6891,2.9604
48.8922,0.7143,3.0686
48.8924,0.7741,3.3225
48.8926,0.8329,3.5764
48.8928,0.8276,3.5487
48.8930,0.8989,3.8529
48.8932,0.9445,4.0557
48.8934,0.8383,3.5945
48.8936,0.8929,3.8272
48.8938,0.9402,4.0315
48.8940,0.8944,3.8369
48.8942,0.8715,3.7387
48.8944,0.8447,3.624
48.8946,0.8879,3.8074
48.8948,0.9433,4.043
48.8950,0.9007,3.8642
48.8952,0.8838,3.7917
48.8954,0.8913,3.8235
48.8956,0.9091,3.8984
48.8958,0.8691,3.7301
48.8960,0.8542,3.6697
48.8962,0.8609,3.6951
48.8964,0.8593,3.6862
48.8966,0.8053,3.4628
48.8968,0.7563,3.2534
48.8970,0.7477,3.2153
48.8972,0.7475,3.2128
48.8974,0.6968,3.0003
48.8976,0.6932,2.9835
48.8978,0.7751,3.3297
48.8980,0.78,3.354
48.8982,0.7019,3.0197
48.8984,0.7269,3.1241
48.8986,0.7886,3.3832
48.8988,0.7932,3.4059
48.8990,0.8313,3.5663
48.8992,0.906,3.8923
48.8994,0.884,3.7975
48.8996,0.8417,3.6178
48.8998,0.788,3.3822
48.9000,0.8451,3.6289
48.9002,0.8403,3.6083
48.9004,0.8348,3.5846
48.9006,0.8275,3.5565
48.9008,0.8215,3.5291
48.9010,0.7968,3.4246
48.9012,0.8149,3.5008
48.9014,0.8473,3.6398
48.9016,0.8661,3.7155
48.9018,0.865,3.7161
48.9020,0.8564,3.6773
48.9022,0.8328,3.5808
48.9024,0.7807,3.3571
48.9026,0.8108,3.4849
48.9028,0.7843,3.3694
48.9030,0.7824,3.3659
48.9032,0.7606,3.2705
48.9034,0.764,3.2839
48.9036,0.8175,3.5072
48.9038,0.8884,3.813
48.9040,0.8443,3.6287
48.9042,0.8018,3.4526
48.9044,0.7244,3.1162
48.9046,0.7301,3.1337
48.9048,0.8415,3.6118
48.9050,0.9148,3.9262
48.9052,0.9027,3.8832
48.9054,0.7783,3.353
48.9056,0.6965,2.9993
48.9058,0.6855,2.9545
48.9060,0.6655,2.8656
48.9062,0.6638,2.8557
48.9064,0.709,3.0502
48.9066,0.7794,3.3483
48.9068,0.7777,3.3395
48.9070,0.8547,3.6667
48.9072,0.8989,3.8583
48.9074,0.8855,3.8077
48.9076,0.7613,3.2751
48.9078,0.7399,3.1847
48.9080,0.745,3.2049
48.9082,0.7465,3.2131
48.9084,0.6735,2.9002
48.9086,0.6579,2.8357
48.9088,0.6592,2.8414
48.9090,0.688,2.9613
48.9092,0.7105,3.0549
48.9094,0.7361,3.1667
48.9096,0.7565,3.256
48.9098,0.7605,3.2669
48.9100,0.8169,3.5095
48.9102,0.8591,3.684
48.9104,0.9453,4.0574
48.9106,0.8474,3.6471
48.9108,0.7596,3.2679
48.9110,0.7498,3.2271
48.9112,0.6753,2.9066
48.9114,0.7284,3.1294
48.9116,0.7521,3.2354
48.9118,0.7197,3.0975
48.9120,0.7088,3.0576
48.9122,0.5756,2.4829
48.9124,0.5495,2.3729
48.9126,0.5579,2.4058
48.9128,0.565,2.434
48.9130,0.5628,2.4259
48.9132,0.5582,2.4068
48.9134,0.5591,2.4121
48.9136,0.7027,3.0228
48.9138,0.7509,3.2377
48.9140,0.5673,2.4473
48.9142,0.5432,2.3444
48.9144,0.5337,2.3045
48.9146,0.5405,2.3276
48.9148,0.6022,2.593
48.9150,0.6098,2.6309
48.9152,0.5756,2.4795
48.9154,0.6493,2.7946
48.9156,0.7114,3.0576
48.9158,0.769,3.3081
48.9160,0.6953,2.9955
48.9162,0.6402,2.7566
48.9164,0.6369,2.7427
48.9166,0.6399,2.7569
48.9168,0.6529,2.8061
48.9170,0.7895,3.3995
48.9172,0.674,2.9036
48.9174,0.6258,2.6959
48.9176,0.629,2.7099
48.9178,0.6289,2.7106
48.9180,0.6268,2.6988
48.9182,0.6289,2.7106
48.9184,0.638,2.7486
48.9186,0.6564,2.8277
48.9188,0.626,2.697
48.9190,0.6445,2.7752
48.9192,0.6703,2.8862
48.9194,0.6939,2.9866
48.9196,0.6718,2.8916
48.9198,0.6551,2.8167
48.9200,0.7272,3.1315
48.9202,0.6697,2.889
48.9204,0.6119,2.636
48.9206,0.6506,2.8016
48.9208,0.6667,2.8721
48.9210,0.657,2.8302
48.9212,0.6427,2.77
48.9214,0.6072,2.6171
48.9216,0.6778,2.9147
48.9218,0.7449,3.2044
48.9220,0.7115,3.0638
48.9222,0.6927,2.9814
48.9224,0.7505,3.2286
48.9226,0.7182,3.0899
48.9228,0.6758,2.9059
48.9230,0.7536,3.2406
48.9232,0.7503,3.2276
48.9234,0.7132,3.0668
48.9236,0.7344,3.1595
48.9238,0.729,3.1392
48.9240,0.6917,2.98
48.9242,0.6244,2.6885
48.9244,0.6445,2.7752
48.9246,0.6441,2.7762
48.9248,0.5758,2.4805
48.9250,0.5959,2.5685
48.9252,0.6702,2.883
48.9254,0.7537,3.2396
48.9256,0.8294,3.5581
48.9258,0.8782,3.7675
48.9260,0.8722,3.7435
48.9262,0.9216,3.9463
48.9264,0.9953,4.2661
48.9266,0.9485,4.0689
48.9268,0.9312,3.9948
48.9270,0.9635,4.1313
48.9272,1.0019,4.2923
48.9274,1.0445,4.4705
48.9276,1.0655,4.5582
48.9278,1.059,4.5411
48.9280,1.0266,4.4043
48.9282,1.0378,4.4438
48.9284,1.0605,4.5515
48.9286,0.8873,3.8137
48.9288,0.8748,3.7566
48.9290,0.9036,3.8838
48.9292,0.8421,3.6177
48.9294,0.8123,3.4878
48.9296,0.827,3.5561
48.9298,0.8602,3.6972
48.9300,0.8708,3.7443
48.9302,0.8522,3.6593
48.9304,0.8547,3.6718
48.9306,0.8024,3.4504
48.9308,0.8185,3.5244
48.9310,0.7119,3.0654
48.9312,0.703,3.0286
48.9314,0.6822,2.936
48.9316,0.7067,3.0404
48.9318,0.7758,3.339
48.9320,0.7276,3.1345
48.9322,0.6959,2.9925
48.9324,0.7718,3.3189
48.9326,0.7888,3.3979
48.9328,0.6937,2.9938
48.9330,0.6137,2.6438
48.9332,0.6685,2.8798
48.9334,0.6717,2.8951
48.9336,0.6437,2.7742
48.9338,0.659,2.8377
48.9340,0.6814,2.9315
48.9342,0.6819,2.9418
48.9344,0.6046,2.6057
48.9346,0.6435,2.7711
48.9348,0.6838,2.95
48.9350,0.5965,2.5735
48.9352,0.5904,2.5447
48.9354,0.5914,2.5477
48.9356,0.6023,2.5959
48.9358,0.6621,2.8551
48.9360,0.6435,2.7762
48.9362,0.5559,2.4003
48.9364,0.4947,2.1343
48.9366,0.5521,2.3816
48.9368,0.5768,2.4858
48.9370,0.5814,2.5095
48.9372,0.4983,2.1498
48.9374,0.4789,2.0679
48.9376,0.4886,2.1099
48.9378,0.4962,2.1425
48.9380,0.5216,2.2491
48.9382,0.5631,2.4269
48.9384,0.5782,2.4943
48.9386,0.5842,2.5214
48.9388,0.517,2.2305
48.9390,0.5238,2.2563
48.9392,0.5775,2.4901
48.9394,0.5679,2.4498
48.9396,0.5804,2.5025
48.9398,0.628,2.7027
48.9400,0.711,3.0604
48.9402,0.7589,3.2617
48.9404,0.832,3.5728
48.9406,0.7855,3.3777
48.9408,0.7242,3.1186
48.9410,0.6705,2.8913
48.9412,0.6517,2.8036
48.9414,0.7122,3.0641
48.9416,0.6794,2.9268
48.9418,0.6594,2.8392
48.9420,0.6667,2.8681
48.9422,0.6932,2.9807
48.9424,0.7179,3.0912
48.9426,0.6643,2.8604
48.9428,0.6295,2.7119
48.9430,0.62,2.6711
48.9432,0.629,2.7099
48.9434,0.6807,2.9298
48.9436,0.6417,2.7646
48.9438,0.6031,2.5983
48.9440,0.6068,2.6155
48.9442,0.5802,2.5031
48.9444,0.595,2.5667
48.9446,0.5812,2.5038
48.9448,0.6493,2.7959
48.9450,0.6248,2.6905
48.9452,0.6566,2.83
48.9454,0.586,2.5291
48.9456,0.4887,2.1084
48.9458,0.4811,2.0753
48.9460,0.4688,2.0244
48.9462,0.4632,2.001
48.9464,0.4624,1.9965
48.9466,0.4645,2.0039
48.9468,0.466,2.012
48.9470,0.465,2.0069
48.9472,0.4631,1.9968
48.9474,0.4624,1.9937
48.9476,0.4652,2.008
48.9478,0.4664,2.0141
48.9480,0.4638,2.0027
48.9482,0.4661,2.0097
48.9484,0.5095,2.1979
48.9486,0.5239,2.2568
48.9488,0.641,2.7538
48.9490,0.7421,3.1925
48.9492,0.6938,2.9833
48.9494,0.6632,2.8544
48.9496,0.6088,2.6262
48.9498,0.5481,2.3623
48.9500,0.5547,2.3874
48.9502,0.6505,2.7958
48.9504,0.6561,2.8253
48.9506,0.6082,2.6188
48.9508,0.6176,2.6583
48.9510,0.6649,2.8617
48.9512,0.6377,2.7445
48.9514,0.6459,2.7814
48.9516,0.6549,2.8175
48.9518,0.6794,2.9241
48.9520,0.6498,2.794
48.9522,0.7148,3.0735
48.9524,0.6813,2.9324
48.9526,0.6554,2.8209
48.9528,0.6967,2.9901
48.9530,0.7601,3.273
48.9532,0.591,2.5485
48.9534,0.5208,2.2455
48.9536,0.5086,2.1933
48.9538,0.5054,2.1793
48.9540,0.5072,2.1871
48.9542,0.5044,2.1762
48.9544,0.5298,2.2811
48.9546,0.608,2.6158
48.9548,0.6621,2.8538
48.9550,0.5642,2.4338
48.9552,0.4863,2.0971
48.9554,0.4848,2.0914
48.9556,0.4962,2.1395
48.9558,0.4835,2.0857
48.9560,0.4833,2.0852
48.9562,0.4832,2.0846
48.9564,0.4873,2.1013
48.9566,0.4854,2.0949
48.9568,0.5076,2.1886
48.9570,0.4964,2.1405
48.9572,0.5046,2.1737
48.9574,0.5637,2.4261
48.9576,0.6173,2.6593
48.9578,0.598,2.5761
48.9580,0.5744,2.4755
48.9582,0.6567,2.8213
48.9584,0.7395,3.1768
48.9586,0.7186,3.0871
48.9588,0.7218,3.101
48.9590,0.7897,3.391
48.9592,0.8224,3.5299
48.9594,0.8414,3.6096
48.9596,0.8635,3.7042
48.9598,0.9364,4.0132
48.9600,0.9792,4.1947
48.9602,1.0087,4.3191
48.9604,0.9679,4.1387
48.9606,1.088,4.6525
48.9608,1.0466,4.4834
48.9610,1.0236,4.3812
48.9612,1.0527,4.5054
48.9614,1.0687,4.5742
48.9616,1.0283,4.4095
48.9618,0.9052,3.8832
48.9620,0.9192,3.9361
48.9622,0.9877,4.2352
48.9624,0.944,4.0499
48.9626,0.9107,3.9105
48.9628,0.9091,3.9002
48.9630,0.9601,4.1111
48.9632,0.9951,4.2631
48.9634,0.9831,4.2195
48.9636,0.856,3.6757
48.9638,0.8347,3.5874
48.9640,0.829,3.5632
48.9642,0.8048,3.4591
48.9644,0.777,3.3395
48.9646,0.7579,3.2591
48.9648,0.7777,3.3426
48.9650,0.8364,3.5913
48.9652,0.81,3.4829
48.9654,0.7727,3.3194
48.9656,0.8127,3.4947
48.9658,0.8446,3.6268
48.9660,0.8473,3.6432
48.9662,0.7334,3.1549
48.9664,0.7197,3.0961
48.9666,0.7465,3.2116
48.9668,0.7546,3.2432
48.9670,0.7433,3.2007
48.9672,0.7257,3.1219
48.9674,0.7806,3.355
48.9676,0.8325,3.5748
48.9678,0.913,3.9203
48.9680,0.8931,3.8366
48.9682,0.7668,3.3003
48.9684,0.6957,2.9957
48.9686,0.6838,2.95
48.9688,0.5994,2.5859
48.9690,0.5746,2.4777
48.9692,0.6018,2.5926
48.9694,0.6738,2.8985
48.9696,0.7488,3.2199
48.9698,0.7473,3.2147
48.9700,0.7493,3.222
48.9702,0.7396,3.1817
48.9704,0.7011,3.0203
48.9706,0.6845,2.9477
48.9708,0.6721,2.8967
48.9710,0.7031,3.0249
48.9712,0.6776,2.9191
48.9714,0.6125,2.6423
48.9716,0.5134,2.2181
48.9718,0.5082,2.1912
48.9720,0.5872,2.5308
48.9722,0.6287,2.7058
48.9724,0.6604,2.8452
48.9726,0.6384,2.7489
48.9728,0.6366,2.745
48.9730,0.5515,2.3779
48.9732,0.5438,2.3404
48.9734,0.685,2.9484
48.9736,0.6796,2.9279
48.9738,0.5704,2.463
48.9740,0.5422,2.3413
48.9742,0.5367,2.3143
48.9744,0.5416,2.3366
48.9746,0.5396,2.3278
48.9748,0.539,2.3241
48.9750,0.5361,2.3117
48.9752,0.5324,2.2967
48.9754,0.5329,2.2977
48.9756,0.5367,2.3164
48.9758,0.5228,2.2553
48.9760,0.521,2.2486
48.9762,0.5191,2.2383
48.9764,0.5324,2.2967
48.9766,0.5444,2.3463
48.9768,0.6045,2.6028
48.9770,0.5967,2.5764
48.9772,0.5327,2.2983
48.9774,0.5301,2.2869
48.9776,0.5266,2.2719
48.9778,0.523,2.2553
48.9780,0.5239,2.26
48.9782,0.5245,2.2626
48.9784,0.5471,2.3571
48.9786,0.6127,2.6396
48.9788,0.5648,2.4364
48.9790,0.5504,2.3754
48.9792,0.5283,2.2781
48.9794,0.5313,2.2889
48.9796,0.5443,2.3458
48.9798,0.5335,2.3003
48.9800,0.5373,2.3179
48.9802,0.5281,2.277
48.9804,0.5362,2.3111
48.9806,0.565,2.4352
48.9808,0.6025,2.5957
48.9810,0.6461,2.7755
48.9812,0.7642,3.2844
48.9814,0.7332,3.1529
48.9816,0.7139,3.0699
48.9818,0.7344,3.1566
48.9820,0.7522,3.2299
48.9822,0.7886,3.3895
48.9824,0.7679,3.3019
48.9826,0.7374,3.1754
48.9828,0.6286,2.7065
48.9830,0.6323,2.7226
48.9832,0.6784,2.9159
48.9834,0.7513,3.2277
48.9836,0.7342,3.157
48.9838,0.665,2.8622
48.9840,0.6699,2.8847
48.9842,0.6649,2.863
48.9844,0.6712,2.885
48.9846,0.7486,3.2189
48.9848,0.7564,3.257
48.9850,0.6326,2.7292
48.9852,0.5056,2.1814
48.9854,0.5,2.1561
48.9856,0.4993,2.1559
48.9858,0.4583,1.9816
48.9860,0.3781,1.6332
48.9862,0.3736,1.6133
48.9864,0.3754,1.6219
48.9866,0.3772,1.6296
48.9868,0.3718,1.6063
48.9870,0.3715,1.6055
48.9872,0.3747,1.6195
48.9874,0.3748,1.62
48.9876,0.3933,1.699
48.9878,0.4528,1.9523
48.9880,0.4712,2.031
48.9882,0.489,2.1095
48.9884,0.488,2.1063
48.9886,0.4833,2.0813
48.9888,0.5546,2.3902
48.9890,0.5173,2.2315
48.9892,0.4908,2.1162
48.9894,0.4935,2.1291
48.9896,0.4867,2.0987
48.9898,0.4944,2.1308
48.9900,0.5369,2.3099
48.9902,0.6576,2.8302
48.9904,0.6643,2.8538
48.9906,0.7458,3.207
48.9908,0.677,2.9165
48.9910,0.6369,2.744
48.9912,0.5832,2.5102
48.9914,0.6152,2.6468
48.9916,0.6766,2.9055
48.9918,0.7506,3.2247
48.9920,0.7007,3.0118
48.9922,0.7238,3.1107
48.9924,0.7651,3.287
48.9926,0.7808,3.3529
48.9928,0.7953,3.4152
48.9930,0.8049,3.4564
48.9932,0.8378,3.5908
48.9934,0.9188,3.9345
48.9936,0.9794,4.1918
48.9938,1.0019,4.2883
48.9940,1.0444,4.4742
48.9942,0.9864,4.2275
48.9944,0.9811,4.1971
48.9946,1.0398,4.4547
48.9948,0.9979,4.2789
48.9950,0.8799,3.7764
48.9952,0.8783,3.7715
48.9954,0.8666,3.7158
48.9956,0.8419,3.6167
48.9958,0.7698,3.3071
48.9960,0.8094,3.4738
48.9962,0.8746,3.752
48.9964,0.8884,3.8094
48.9966,0.9042,3.8755
48.9968,0.9138,3.9166
48.9970,0.9149,3.9285
48.9972,0.8382,3.6024
48.9974,0.7837,3.37
48.9976,0.7384,3.1751
48.9978,0.7413,3.1919
48.9980,0.6495,2.7956
48.9982,0.6584,2.8325
48.9984,0.6787,2.9156
48.9986,0.7584,3.2642
48.9988,0.7078,3.0422
48.9990,0.7511,3.2297
48.9992,0.7563,3.2519
48.9994,0.7451,3.2069
48.9996,0.7006,3.0127
48.9998,0.73,3.1346
49.0000,0.7646,3.288
49.0002,0.7075,3.0477
49.0004,0.694,2.9871
49.0006,0.7127,3.0662
49.0008,0.7534,3.235
49.0010,0.769,3.3035
49.0012,0.8199,3.5257
49.0014,0.7765,3.3344
49.0016,0.8254,3.5444
49.0018,0.8187,3.5189
49.0020,0.7946,3.4153
49.0022,0.787,3.3839
49.0024,0.7606,3.2705
49.0026,0.7403,3.1833
49.0028,0.7571,3.254
49.0030,0.7862,3.3824
49.0032,0.7203,3.0943
49.0034,0.7929,3.4065
49.0036,0.8061,3.4664
49.0038,0.7766,3.3395
49.0040,0.7875,3.3817
49.0042,0.7766,3.338
49.0044,0.765,3.2911
49.0046,0.7411,3.1914
49.0048,0.6553,2.8243
49.0050,0.6504,2.7966
49.0052,0.7832,3.3663
49.0054,0.8093,3.4766
49.0056,0.8033,3.4524
49.0058,0.8325,3.5732
49.0060,0.8728,3.7426
49.0062,0.9246,3.9702
49.0064,0.9114,3.9173
49.0066,0.8335,3.5839
49.0068,0.8313,3.5697
49.0070,0.8072,3.4759
49.0072,0.6811,2.9341
49.0074,0.6597,2.8408
49.0076,0.6535,2.8126
49.0078,0.6597,2.8408
49.0080,0.6613,2.8488
49.0082,0.662,2.8519
49.0084,0.6531,2.8163
49.0086,0.5813,2.5066
49.0088,0.5841,2.5173
49.0090,0.6551,2.8207
49.0092,0.6307,2.7158
49.0094,0.6282,2.7063
49.0096,0.6021,2.5949
49.0098,0.6173,2.658
49.0100,0.6607,2.8476
49.0102,0.6009,2.5897
49.0104,0.5799,2.5004
49.0106,0.5536,2.3883
49.0108,0.6142,2.6397
49.0110,0.7311,3.1407
49.0112,0.7262,3.1283
49.0114,0.5866,2.5329
49.0116,0.483,2.0836
49.0118,0.507,2.185
49.0120,0.5447,2.35
49.0122,0.5259,2.2698
49.0124,0.5349,2.3054
49.0126,0.5612,2.4175
49.0128,0.5434,2.3432
49.0130,0.5535,2.3844
49.0132,0.5884,2.5371
49.0134,0.576,2.4827
49.0136,0.5521,2.3827
49.0138,0.4754,2.0529
49.0140,0.4589,1.9815
49.0142,0.4651,2.0065
49.0144,0.4817,2.0779
49.0146,0.4877,2.1057
49.0148,0.475,2.048
49.0150,0.5614,2.4152
49.0152,0.6627,2.8511
49.0154,0.6674,2.8725
49.0156,0.7013,3.0186
49.0158,0.6848,2.9487
49.0160,0.6453,2.7763
49.0162,0.6467,2.7845
49.0164,0.6043,2.6059
49.0166,0.5498,2.3717
49.0168,0.5458,2.3525
49.0170,0.542,2.337
49.0172,0.547,2.3598
49.0174,0.5507,2.3748
49.0176,0.5494,2.3658
49.0178,0.5471,2.3582
49.0180,0.5416,2.3344
49.0182,0.5435,2.3437
49.0184,0.5489,2.3681
49.0186,0.5487,2.3649
49.0188,0.5475,2.3597
49.0190,0.5838,2.514
49.0192,0.6209,2.6735
49.0194,0.5962,2.5683
49.0196,0.5644,2.4314
49.0198,0.5591,2.4098
49.0200,0.5487,2.3671
49.0202,0.5426,2.3374
49.0204,0.6108,2.6265
49.0206,0.6549,2.8162
49.0208,0.6664,2.8684
49.0210,0.6824,2.937
49.0212,0.6422,2.7628
49.0214,0.6678,2.8714
49.0216,0.645,2.7734
49.0218,0.7651,3.2885
49.0220,0.7486,3.2159
49.0222,0.7459,3.2046
49.0224,0.7708,3.3112
49.0226,0.7431,3.1922
49.0228,0.7735,3.3261
49.0230,0.72,3.0947
49.0232,0.7691,3.3009
49.0234,0.8016,3.4468
49.0236,0.7378,3.174
49.0238,0.6857,2.9528
49.0240,0.5983,2.5764
49.0242,0.676,2.907
49.0244,0.7029,3.021
49.0246,0.7323,3.1473
49.0248,0.7742,3.3277
49.0250,0.8437,3.621
49.0252,0.8391,3.6031
49.0254,0.8467,3.6356
49.0256,0.8769,3.7618
49.0258,0.88,3.7734
49.0260,0.9329,3.9983
49.0262,0.981,4.2083
49.0264,0.9535,4.0886
49.0266,0.9642,4.1305
49.0268,0.9764,4.1868
49.0270,0.9573,4.1051
49.0272,0.9049,3.8822
49.0274,0.833,3.5752
49.0276,0.8242,3.5426
49.0278,0.803,3.4498
49.0280,0.8212,3.5297
49.0282,0.814,3.4988
49.0284,0.8376,3.5981
49.0286,0.8087,3.474
49.0288,0.7849,3.3783
49.0290,0.7114,3.0562
49.0292,0.7925,3.4076
49.0294,0.7704,3.3143
49.0296,0.7783,3.3437
49.0298,0.8019,3.4483
49.0300,0.7752,3.3349
49.0302,0.7539,3.2446
49.0304,0.7088,3.0477
49.0306,0.7664,3.2957
49.0308,0.7765,3.3406
49.0310,0.7099,3.0552
49.0312,0.6902,2.9706
49.0314,0.7523,3.2334
49.0316,0.8391,3.6031
49.0318,0.8602,3.6886
49.0320,0.8813,3.7844
49.0322,0.8469,3.64
49.0324,0.78,3.3555
49.0326,0.6947,2.9929
49.0328,0.657,2.8315
49.0330,0.6561,2.824
49.0332,0.7188,3.0925
49.0334,0.7244,3.1162
49.0336,0.6931,2.9843
49.0338,0.6487,2.7933
49.0340,0.7085,3.0467
49.0342,0.7444,3.2009
49.0344,0.7283,3.1332
49.0346,0.7247,3.1221
49.0348,0.7061,3.0364
49.0350,0.7595,3.2643
49.0352,0.7631,3.2828
49.0354,0.7142,3.0738
49.0356,0.6699,2.886
49.0358,0.6469,2.7868
49.0360,0.5965,2.5735
49.0362,0.5808,2.5045
49.0364,0.6372,2.7386
49.0366,0.7202,3.101
49.0368,0.6444,2.7786
49.0370,0.5764,2.4831
49.0372,0.6421,2.761
49.0374,0.6583,2.8359
49.0376,0.6288,2.7088
49.0378,0.6292,2.7142
49.0380,0.6438,2.7696
49.0382,0.6682,2.8775
49.0384,0.6491,2.7935
49.0386,0.6703,2.8809
49.0388,0.7792,3.3457
49.0390,0.8389,3.6055
49.0392,0.7487,3.2269
49.0394,0.6428,2.7628
49.0396,0.7951,3.4158
49.0398,0.8018,3.4462
49.0400,0.7054,3.0333
49.0402,0.6977,3.0017
49.0404,0.7182,3.0913
49.0406,0.7234,3.115
49.0408,0.7373,3.169
49.0410,0.7463,3.2106
49.0412,0.7697,3.3096
49.0414,0.7786,3.3462
49.0416,0.7694,3.3055
49.0418,0.8647,3.7128
49.0420,0.8492,3.6515
49.0422,0.7414,3.1924
49.0424,0.7209,3.1012
49.0426,0.7381,3.1755
49.0428,0.7452,3.2015
49.0430,0.8229,3.5353
49.0432,0.8119,3.4944
49.0434,0.7272,3.13
49.0436,0.6209,2.6785
49.0438,0.5565,2.4018
49.0440,0.5561,2.398
49.0442,0.5497,2.3712
49.0444,0.5603,2.4172
49.0446,0.5778,2.4905
49.0448,0.5908,2.5451
49.0450,0.5691,2.4539
49.0452,0.5669,2.4457
49.0454,0.5565,2.3985
49.0456,0.5566,2.4012
49.0458,0.555,2.3956
49.0460,0.5568,2.4022
49.0462,0.5907,2.5434
49.0464,0.6204,2.6739
49.0466,0.5499,2.3711
49.0468,0.5431,2.3417
49.0470,0.5432,2.3433
49.0472,0.5475,2.3619
49.0474,0.5997,2.5833
49.0476,0.6108,2.6326
49.0478,0.6198,2.6664
49.0480,0.6925,2.9818
49.0482,0.694,2.9857
49.0484,0.7336,3.153
49.0486,0.7595,3.2628
49.0488,0.7451,3.2054
49.0490,0.7197,3.0975
49.0492,0.6901,2.9714
49.0494,0.6721,2.8913
49.0496,0.7537,3.2411
49.0498,0.7596,3.2679
49.0500,0.7254,3.1179
49.0502,0.7554,3.2498
49.0504,0.7116,3.0615
49.0506,0.7577,3.2535
49.0508,0.8107,3.4844
49.0510,0.8019,3.4499
49.0512,0.7049,3.0383
49.0514,0.6149,2.6489
49.0516,0.5708,2.4611
49.0518,0.5498,2.3673
49.0520,0.6339,2.7311
49.0522,0.6503,2.8026
49.0524,0.6094,2.6264
49.0526,0.5681,2.4531
49.0528,0.5139,2.215
49.0530,0.5837,2.5158
49.0532,0.5193,2.2414
49.0534,0.4938,2.1302
49.0536,0.548,2.3629
49.0538,0.5775,2.4901
49.0540,0.5835,2.5159
49.0542,0.5483,2.3655
49.0544,0.4886,2.1079
49.0546,0.5191,2.2362
49.0548,0.5829,2.5098
49.0550,0.5837,2.5205
49.0552,0.4892,2.1115
49.0554,0.474,2.0458
49.0556,0.475,2.0508
49.0558,0.4765,2.0576
49.0560,0.4742,2.0477
49.0562,0.4636,1.9998
49.0564,0.4625,1.9951
49.0566,0.4763,2.0537
49.0568,0.5118,2.2037
49.0570,0.5458,2.3503
49.0572,0.6102,2.6312
49.0574,0.5756,2.4795
49.0576,0.5715,2.4608
49.0578,0.6465,2.7801
49.0580,0.7565,3.2529
49.0582,0.7247,3.1134
49.0584,0.7687,3.304
49.0586,0.813,3.4893
49.0588,0.8664,3.7188
49.0590,0.887,3.8121
49.0592,0.8061,3.4615
49.0594,0.8697,3.7257
49.0596,0.9528,4.0836
49.0598,0.9549,4.0929
49.0600,0.9373,4.023
49.0602,0.9218,3.9529
49.0604,0.9256,3.967
49.0606,1.0202,4.3725
49.0608,1.0126,4.334
49.0610,1.0201,4.3679
49.0612,1.0036,4.2935
49.0614,1.0509,4.4998
49.0616,1.0224,4.3802
49.0618,1,4.2901
49.0620,0.9915,4.2496
49.0622,1.0085,4.3226
49.0624,0.9499,4.0789
49.0626,0.8732,3.7459
49.0628,0.8912,3.8159
49.0630,1.0137,4.3427
49.0632,0.98,4.2062
49.0634,0.8742,3.7575
49.0636,0.8011,3.4431
49.0638,0.7293,3.1403
49.0640,0.6595,2.8424
49.0642,0.6212,2.6763
49.0644,0.615,2.6507
49.0646,0.6079,2.619
49.0648,0.6428,2.7654
49.0650,0.6979,3.0064
49.0652,0.7058,3.032
49.0654,0.8027,3.453
49.0656,0.7076,3.0482
49.0658,0.662,2.848
49.0660,0.709,3.0487
49.0662,0.6796,2.9279
49.0664,0.6658,2.8658
49.0666,0.6474,2.7889
49.0668,0.5956,2.5658
49.0670,0.6246,2.6895
49.0672,0.65,2.7964
49.0674,0.7216,3.113
49.0676,0.6007,2.5892
49.0678,0.6192,2.6626
49.0680,0.7206,3.0973
49.0682,0.7332,3.1573
49.0684,0.7283,3.1376
49.0686,0.6988,3.0119
49.0688,0.6535,2.8153
49.0690,0.6178,2.665
49.0692,0.5343,2.305
49.0694,0.5766,2.483
49.0696,0.6271,2.7004
49.0698,0.6053,2.6112
49.0700,0.5215,2.2528
49.0702,0.5019,2.1663
49.0704,0.5025,2.1679
49.0706,0.5124,2.2103
49.0708,0.5485,2.3627
49.0710,0.6545,2.8194
49.0712,0.4482,1.9372
49.0714,0.4181,1.8071
49.0716,0.4202,1.8125
49.0718,0.5326,2.2946
49.0720,0.5938,2.558
49.0722,0.5812,2.5049
49.0724,0.5616,2.4207
49.0726,0.5521,2.3771
49.0728,0.615,2.6433
49.0730,0.662,2.8519
49.0732,0.5312,2.2937
49.0734,0.4528,1.9551
49.0736,0.4497,1.9416
49.0738,0.4465,1.9272
49.0740,0.4485,1.9346
49.0742,0.4441,1.9187
49.0744,0.4492,1.9377
49.0746,0.4721,2.0356
49.0748,0.4708,2.0308
49.0750,0.4602,1.9881
49.0752,0.4556,1.9675
49.0754,0.4592,1.9812
49.0756,0.4616,1.9924
49.0758,0.4595,1.9822
49.0760,0.4571,1.971
49.0762,0.4512,1.9483
49.0764,0.4445,1.9193
49.0766,0.4475,1.9323
49.0768,0.4441,1.9169
49.0770,0.441,1.9052
49.0772,0.4351,1.8789
49.0774,0.4421,1.9072
49.0776,0.448,1.9326
49.0778,0.4509,1.9441
49.0780,0.4724,2.039
49.0782,0.4338,1.8706
49.0784,0.4921,2.119
49.0786,0.5516,2.3806
49.0788,0.4663,2.0136
49.0790,0.4431,1.9122
49.0792,0.4341,1.8717
49.0794,0.4378,1.8877
49.0796,0.4566,1.9689
49.0798,0.4921,2.1209
49.0800,0.511,2.2006
49.0802,0.5896,2.5376
49.0804,0.5909,2.5432
49.0806,0.6114,2.6352
49.0808,0.5815,2.5053
49.0810,0.5901,2.5349
49.0812,0.6652,2.8619
49.0814,0.5965,2.5663
49.0816,0.6335,2.7214
49.0818,0.7233,3.1101
49.0820,0.6883,2.9651
49.0822,0.6048,2.6055
49.0824,0.5546,2.3902
49.0826,0.525,2.2626
49.0828,0.5483,2.3633
49.0830,0.5688,2.4483
49.0832,0.5857,2.5211
49.0834,0.6049,2.6036
49.0836,0.6228,2.6818
49.0838,0.5675,2.4426
49.0840,0.5744,2.4755
49.0842,0.5841,2.5185
49.0844,0.5025,2.1639
49.0846,0.5523,2.3771
49.0848,0.6015,2.5887
49.0850,0.5905,2.5441
49.0852,0.512,2.2067
49.0854,0.5104,2.2021
49.0856,0.5178,2.2336
49.0858,0.4339,1.8729
49.0860,0.3938,1.7019
49.0862,0.3909,1.6848
49.0864,0.4704,2.0293
49.0866,0.4787,2.064
49.0868,0.4945,2.1313
49.0870,0.4986,2.1479
49.0872,0.4899,2.1136
49.0874,0.486,2.0965
49.0876,0.4975,2.1432
49.0878,0.485,2.0914
49.0880,0.4903,2.1142
49.0882,0.5223,2.248
49.0884,0.5915,2.5423
49.0886,0.6043,2.5998
49.0888,0.6377,2.7445
49.0890,0.6476,2.7874
49.0892,0.5411,2.3323
49.0894,0.4841,2.0873
49.0896,0.4933,2.1281
49.0898,0.5017,2.1603
49.0900,0.5428,2.3374
49.0902,0.5724,2.4638
49.0904,0.6102,2.6263
49.0906,0.6298,2.7054
49.0908,0.6933,2.9812
49.0910,0.7081,3.0432
49.0912,0.6991,3.0004
49.0914,0.7208,3.0964
49.0916,0.7049,3.027
49.0918,0.75,3.2206
49.0920,0.8049,3.4532
49.0922,0.8557,3.6674
49.0924,0.8947,3.8385
49.0926,0.9046,3.877
49.0928,0.9242,3.9595
49.0930,0.8979,3.8411
49.0932,0.9645,4.134
49.0934,0.8765,3.7585
49.0936,0.8259,3.5449
49.0938,0.8402,3.6027
49.0940,0.8897,3.8151
49.0942,0.8746,3.759
49.0944,0.7579,3.2561
49.0946,0.7427,3.1907
49.0948,0.745,3.199
49.0950,0.7529,3.2329
49.0952,0.7266,3.1231
49.0954,0.7595,3.2597
49.0956,0.8083,3.4676
49.0958,0.847,3.6303
49.0960,0.9205,3.9472
49.0962,0.9453,4.0518
49.0964,0.9264,3.965
49.0966,0.9764,4.1849
49.0968,0.9383,4.0233
49.0970,0.9328,4.0071
49.0972,0.8518,3.6526
49.0974,0.8951,3.8364
49.0976,0.9217,3.9505
49.0978,0.8776,3.7702
49.0980,0.8076,3.4693
49.0982,0.7764,3.3354
49.0984,0.7726,3.3189
49.0986,0.7977,3.4271
49.0988,0.8247,3.5414
49.0990,0.8091,3.4744
49.0992,0.8571,3.6821
49.0994,0.8216,3.5247
49.0996,0.8401,3.5972
49.0998,0.9635,4.1236
49.1000,0.9786,4.1961
49.1002,0.9504,4.081
49.1004,0.9153,3.9283
49.1006,0.8963,3.8469
49.1008,0.8589,3.6829
49.1010,0.9449,4.0497
49.1012,0.9702,4.1601
49.1014,0.8891,3.8178
49.1016,0.8348,3.5829
49.1018,0.826,3.5503
49.1020,0.8302,3.5684
49.1022,0.836,3.5881
49.1024,0.8475,3.6409
49.1026,0.8378,3.5958
49.1028,0.8429,3.623
49.1030,0.785,3.3756
49.1032,0.7763,3.338
49.1034,0.7543,3.2436
49.1036,0.7639,3.2834
49.1038,0.8142,3.496
49.1040,0.7678,3.3014
49.1042,0.7787,3.3405
49.1044,0.8774,3.7656
49.1046,0.9029,3.8734
49.1048,0.9135,3.9224
49.1050,0.9218,3.9529
49.1052,0.9428,4.0429
49.1054,0.9367,4.0166
49.1056,0.9643,4.1387
49.1058,0.8178,3.5197
49.1060,0.6873,2.9595
49.1062,0.68,2.9294
49.1064,0.6575,2.8349
49.1066,0.5856,2.5252
49.1068,0.5736,2.4747
49.1070,0.5736,2.4735
49.1072,0.5764,2.4831
49.1074,0.6197,2.6683
49.1076,0.6353,2.7355
49.1078,0.6317,2.72
49.1080,0.628,2.7077
49.1082,0.6282,2.7075
49.1084,0.6221,2.6787
49.1086,0.6408,2.7579
49.1088,0.6477,2.7892
49.1090,0.6483,2.793
49.1092,0.6,2.5873
49.1094,0.6252,2.6946
49.1096,0.6142,2.6507
49.1098,0.5377,2.3184
49.1100,0.5284,2.2775
49.1102,0.5311,2.291
49.1104,0.5757,2.4789
49.1106,0.6951,2.9875
49.1108,0.7762,3.3344
49.1110,0.7003,3.0209
49.1112,0.5555,2.3966
49.1114,0.545,2.3499
49.1116,0.5425,2.3391
49.1118,0.5901,2.542
49.1120,0.6196,2.6641
49.1122,0.7162,3.0768
49.1124,0.7498,3.2256
49.1126,0.688,2.9654
49.1128,0.574,2.4751
49.1130,0.5345,2.3082
49.1132,0.5319,2.2936
49.1134,0.5389,2.3236
49.1136,0.5444,2.3452
49.1138,0.6098,2.6284
49.1140,0.5372,2.3163
49.1142,0.5331,2.2977
49.1144,0.615,2.647
49.1146,0.6658,2.8645
49.1148,0.6688,2.8787
49.1150,0.6377,2.7509
49.1152,0.5543,2.3903
49.1154,0.5483,2.3611
49.1156,0.6612,2.8417
49.1158,0.6819,2.939
49.1160,0.5523,2.3815
49.1162,0.5379,2.3205
49.1164,0.5374,2.3184
49.1166,0.533,2.2982
49.1168,0.5239,2.26
49.1170,0.5182,2.2357
49.1172,0.5204,2.2429
49.1174,0.5572,2.4027
49.1176,0.5272,2.2745
49.1178,0.5077,2.1902
49.1180,0.5187,2.2388
49.1182,0.5295,2.2843
49.1184,0.5714,2.4614
49.1186,0.6071,2.6153
49.1188,0.5384,2.3247
49.1190,0.4733,2.0417
49.1192,0.4908,2.1143
49.1194,0.6295,2.7069
49.1196,0.6348,2.7334
49.1198,0.6091,2.6229
49.1200,0.6591,2.8369
49.1202,0.7101,3.0534
49.1204,0.7142,3.0695
49.1206,0.7358,3.1593
49.1208,0.7467,3.2106
49.1210,0.7717,3.3122
49.1212,0.8178,3.5115
49.1214,0.8355,3.5894
49.1216,0.7964,3.4183
49.1218,0.8512,3.6483
49.1220,0.9511,4.0783
49.1222,0.8959,3.8454
49.1224,0.8603,3.6977
49.1226,0.7187,3.0948
49.1228,0.5867,2.5299
49.1230,0.5397,2.3283
49.1232,0.5524,2.3809
49.1234,0.6001,2.5818
49.1236,0.6736,2.894
49.1238,0.7539,3.2401
49.1240,0.781,3.3503
49.1242,0.8539,3.6665
49.1244,0.841,3.6131
49.1246,0.8124,3.4899
49.1248,0.825,3.5457
49.1250,0.8051,3.4569
49.1252,0.8355,3.5827
49.1254,0.9326,3.9917
49.1256,0.9588,4.1093
49.1258,0.9727,4.167
49.1260,1.0602,4.5399
49.1262,1.0565,4.5218
49.1264,1.0584,4.5322
49.1266,1.0777,4.6213
49.1268,0.9612,4.1254
49.1270,0.8938,3.8308
49.1272,0.9244,3.9674
49.1274,0.8957,3.8462
49.1276,0.8997,3.8614
49.1278,0.8746,3.759
49.1280,0.8441,3.6248
49.1282,0.8601,3.7001
49.1284,0.7212,3.0999
49.1286,0.7666,3.2947
49.1288,0.8691,3.7319
49.1290,0.9053,3.8892
49.1292,0.831,3.5731
49.1294,0.7968,3.4309
49.1296,0.7081,3.0517
49.1298,0.5963,2.5689
49.1300,0.6486,2.7902
49.1302,0.7511,3.2357
49.1304,0.7299,3.1414
49.1306,0.751,3.2277
49.1308,0.8185,3.5195
49.1310,0.8069,3.4711
49.1312,0.7474,3.2167
49.1314,0.7214,3.1004
49.1316,0.8215,3.5258
49.1318,0.8759,3.7595
49.1320,0.7862,3.3871
49.1322,0.7045,3.0348
49.1324,0.6928,2.9805
49.1326,0.7379,3.176
49.1328,0.7393,3.1822
49.1330,0.7439,3.1973
49.1332,0.776,3.3323
49.1334,0.8236,3.5351
49.1336,0.8602,3.6989
49.1338,0.8096,3.4846
49.1340,0.7317,3.1506
49.1342,0.7173,3.0886
49.1344,0.7083,3.0513
49.1346,0.6862,2.9535
49.1348,0.6795,2.9233
49.1350,0.6991,3.0074
49.1352,0.7208,3.1036
49.1354,0.7162,3.0868
49.1356,0.661,2.8491
49.1358,0.6956,2.9924
49.1360,0.7808,3.3623
49.1362,0.7148,3.0806
49.1364,0.6103,2.6317
49.1366,0.5892,2.5407
49.1368,0.5897,2.5428
49.1370,0.5806,2.5035
49.1372,0.6203,2.6722
49.1374,0.6819,2.9349
49.1376,0.7,3.0101
49.1378,0.7581,3.2581
49.1380,0.7265,3.1255
49.1382,0.6596,2.8416
49.1384,0.67,2.8825
49.1386,0.7909,3.4009
49.1388,0.7198,3.0995
49.1390,0.6715,2.8874
49.1392,0.7036,3.0298
49.1394,0.7094,3.0503
49.1396,0.7697,3.3066
49.1398,0.7959,3.4226
49.1400,0.7524,3.2429
49.1402,0.7063,3.0411
49.1404,0.7052,3.0294
49.1406,0.7684,3.307
49.1408,0.7655,3.2931
49.1410,0.7439,3.2003
49.1412,0.7037,3.0261
49.1414,0.7162,3.0826
49.1416,0.7133,3.073
49.1418,0.7368,3.1639
49.1420,0.7819,3.3638
49.1422,0.7161,3.082
49.1424,0.7254,3.1252
49.1426,0.6277,2.7042
49.1428,0.5967,2.5716
49.1430,0.5915,2.5506
49.1432,0.5733,2.4754
49.1434,0.4744,2.0473
49.1436,0.4681,2.0232
49.1438,0.4935,2.1281
49.1440,0.515,2.2238
49.1442,0.4573,1.9766
49.1444,0.4529,1.9556
49.1446,0.4525,1.954
49.1448,0.4573,1.9729
49.1450,0.457,1.9741
49.1452,0.4654,2.0094
49.1454,0.4672,2.0163
49.1456,0.4642,2.0042
49.1458,0.4649,2.0074
49.1460,0.5035,2.171
49.1462,0.5054,2.1803
49.1464,0.5196,2.2372
49.1466,0.6304,2.7118
49.1468,0.6222,2.6842
49.1470,0.5391,2.3268
49.1472,0.5369,2.3142
49.1474,0.5911,2.5443
49.1476,0.6245,2.689
49.1478,0.6415,2.761
49.1480,0.6726,2.8974
49.1482,0.6681,2.8743
49.1484,0.6506,2.799
49.1486,0.6553,2.823
49.1488,0.6672,2.8728
49.1490,0.6408,2.7643
49.1492,0.5622,2.4233
49.1494,0.547,2.3565
49.1496,0.5482,2.365
49.1498,0.5511,2.3763
49.1500,0.5509,2.3742
49.1502,0.5554,2.3927
49.1504,0.5938,2.5568
49.1506,0.6443,2.7742
49.1508,0.6385,2.7494
49.1510,0.6344,2.7319
49.1512,0.5917,2.5492
49.1514,0.5529,2.3808
49.1516,0.6172,2.6587
49.1518,0.6223,2.6797
49.1520,0.6359,2.7368
49.1522,0.6818,2.9317
49.1524,0.7238,3.1151
49.1526,0.7021,3.0174
49.1528,0.7139,3.0727
49.1530,0.6312,2.7179
49.1532,0.6569,2.8297
49.1534,0.6083,2.6193
49.1536,0.633,2.7244
49.1538,0.6764,2.9139
49.1540,0.6088,2.6214
49.1542,0.5863,2.5248
49.1544,0.5832,2.5125
49.1546,0.5982,2.5783
49.1548,0.5825,2.5106
49.1550,0.5917,2.5516
49.1552,0.4956,2.1389
49.1554,0.4811,2.0763
49.1556,0.482,2.0795
49.1558,0.4868,2.0982
49.1560,0.5062,2.1819
49.1562,0.5354,2.3054
49.1564,0.5805,2.4972
49.1566,0.6122,2.6388
49.1568,0.5887,2.5363
49.1570,0.6347,2.7316
49.1572,0.6654,2.8584
49.1574,0.7453,3.2065
49.1576,0.73,3.1375
49.1578,0.778,3.3374
49.1580,0.8569,3.6742
49.1582,0.8812,3.7786
49.1584,0.8507,3.6531
49.1586,0.8269,3.5506
49.1588,0.8661,3.7155
49.1590,0.9022,3.8668
49.1592,0.9278,3.9786
49.1594,0.8819,3.787
49.1596,0.8463,3.6256
49.1598,0.9723,4.1713
49.1600,0.9328,4.0034
49.1602,0.897,3.8411
49.1604,0.9933,4.2573
49.1606,1.0382,4.4433
49.1608,1.0683,4.57
49.1610,0.9998,4.2911
49.1612,0.8489,3.642
49.1614,0.822,3.5295
49.1616,0.8374,3.601
49.1618,0.8507,3.6531
49.1620,0.8674,3.7229
49.1622,0.8602,3.6869
49.1624,0.9693,4.1526
49.1626,1.0281,4.4043
49.1628,1.0061,4.3224
49.1630,0.7752,3.3411
49.1632,0.6616,2.8477
49.1634,0.7527,3.2334
49.1636,0.8242,3.5376
49.1638,0.8617,3.6999
49.1640,0.8655,3.7095
49.1642,0.9251,3.9668
49.1644,0.9609,4.1186
49.1646,0.9443,4.0622
49.1648,0.8245,3.542
49.1650,0.7889,3.3921
49.1652,0.8254,3.5477
49.1654,0.8167,3.5134
49.1656,0.7499,3.2231
49.1658,0.7696,3.3091
49.1660,0.7692,3.3076
49.1662,0.7675,3.3004
49.1664,0.8364,3.5946
49.1666,0.8638,3.7144
49.1668,0.7998,3.4375
49.1670,0.7946,3.4121
49.1672,0.8663,3.7183
49.1674,0.874,3.7565
49.1676,0.768,3.307
49.1678,0.6834,2.9411
49.1680,0.7265,3.1284
49.1682,0.7476,3.2178
49.1684,0.7238,3.1136
49.1686,0.7215,3.1038
49.1688,0.7445,3.2058
49.1690,0.688,2.964
49.1692,0.6569,2.831
49.1694,0.6392,2.7551
49.1696,0.6403,2.7584
49.1698,0.6455,2.7832
49.1700,0.5634,2.4307
49.1702,0.5668,2.4452
49.1704,0.5726,2.4666
49.1706,0.5879,2.535
49.1708,0.6052,2.6071
49.1710,0.5726,2.4677
49.1712,0.542,2.3403
49.1714,0.4982,2.1493
49.1716,0.6543,2.811
49.1718,0.7543,3.2497
49.1720,0.5859,2.5239
49.1722,0.6096,2.6274
49.1724,0.6269,2.6993
49.1726,0.6338,2.7331
49.1728,0.5516,2.3817
49.1730,0.5281,2.2781
49.1732,0.5257,2.2667
49.1734,0.553,2.3802
49.1736,0.638,2.7512
49.1738,0.568,2.4504
49.1740,0.5411,2.3345
49.1742,0.5329,2.2988
49.1744,0.532,2.2962
49.1746,0.5338,2.3029
49.1748,0.541,2.3286
49.1750,0.6886,2.968
49.1752,0.5983,2.58
49.1754,0.5318,2.292
49.1756,0.5431,2.3428
49.1758,0.5429,2.3433
49.1760,0.5397,2.3283
49.1762,0.5325,2.2972
49.1764,0.5303,2.2879
49.1766,0.5363,2.3116
49.1768,0.5407,2.3313
49.1770,0.5367,2.3132
49.1772,0.5547,2.3929
49.1774,0.5158,2.2253
49.1776,0.5242,2.2594
49.1778,0.5383,2.321
49.1780,0.5916,2.5487
49.1782,0.6265,2.6978
49.1784,0.6084,2.6235
49.1786,0.5367,2.3132
49.1788,0.5512,2.3768
49.1790,0.5682,2.448
49.1792,0.6163,2.6514
49.1794,0.6968,2.9948
49.1796,0.7591,3.2643
49.1798,0.7295,3.1398
49.1800,0.6688,2.876
49.1802,0.7172,3.0838
49.1804,0.722,3.1059
49.1806,0.7005,3.0107
49.1808,0.7633,3.2808
49.1810,0.762,3.2751
49.1812,0.7752,3.3349
49.1814,0.7462,3.2041
49.1816,0.8296,3.5641
49.1818,0.8453,3.6248
49.1820,0.9295,3.9876
49.1822,0.9078,3.8945
49.1824,0.82,3.5196
49.1826,0.773,3.3256
49.1828,0.7206,3.106
49.1830,0.6199,2.6694
49.1832,0.6637,2.8552
49.1834,0.7164,3.0793
49.1836,0.7718,3.3143
49.1838,0.8163,3.5037
49.1840,0.8342,3.5837
49.1842,0.8251,3.5495
49.1844,0.6612,2.8523
49.1846,0.5233,2.2585
49.1848,0.5204,2.2419
49.1850,0.6622,2.8516
49.1852,0.6269,2.7018
49.1854,0.5512,2.3779
49.1856,0.4893,2.112
49.1858,0.5041,2.1757
49.1860,0.5016,2.1648
49.1862,0.4967,2.1426
49.1864,0.5005,2.1591
49.1866,0.5042,2.1752
49.1868,0.5487,2.3638
49.1870,0.6133,2.641
49.1872,0.6049,2.6024
49.1874,0.7064,3.0402
49.1876,0.6545,2.8233
49.1878,0.501,2.1602
49.1880,0.5194,2.2377
49.1882,0.638,2.7473
49.1884,0.6113,2.6322
49.1886,0.563,2.4275
49.1888,0.4806,2.0742
49.1890,0.4896,2.113
49.1892,0.5223,2.2522
49.1894,0.5839,2.5156
49.1896,0.5762,2.4844
49.1898,0.5533,2.3845
49.1900,0.5952,2.5571
49.1902,0.6916,2.974
49.1904,0.7033,3.024
49.1906,0.7517,3.2263
49.1908,0.8248,3.5435
49.1910,0.8314,3.5785
49.1912,0.7631,3.2721
49.1914,0.9121,3.9094
49.1916,0.9336,4.0033
49.1918,0.9578,4.0975
49.1920,1.0416,4.4624
49.1922,0.9969,4.2727
49.1924,0.9856,4.2284
49.1926,0.9485,4.0651
49.1928,1.0053,4.3047
49.1930,1.0401,4.4515
49.1932,0.9511,4.0859
49.1934,0.8547,3.6667
49.1936,0.9046,3.8843
49.1938,0.9132,3.9195
49.1940,0.9469,4.0547
49.1942,0.9729,4.17
49.1944,0.9736,4.1731
49.1946,1.0103,4.3303
49.1948,0.9946,4.261
49.1950,1.0041,4.3016
49.1952,1.0513,4.5103
49.1954,0.9455,4.0636
49.1956,0.825,3.5473
49.1958,0.7885,3.3843
49.1960,0.8636,3.7099
49.1962,0.872,3.7442
49.1964,0.8783,3.7627
49.1966,0.9444,4.0495
49.1968,0.9777,4.1983
49.1970,0.8595,3.6958
49.1972,0.7447,3.2039
49.1974,0.7879,3.3864
49.1976,0.8516,3.6618
49.1978,0.7631,3.2798
49.1980,0.7131,3.0691
49.1982,0.7239,3.1127
49.1984,0.8076,3.4726
49.1986,0.8358,3.5937
49.1988,0.7955,3.4221
49.1990,0.8241,3.5437
49.1992,0.8296,3.5625
49.1994,0.8631,3.7061
49.1996,0.8515,3.663
49.1998,0.8168,3.5106
49.2000,0.8216,3.5313
49.2002,0.7714,3.3215
49.2004,0.7012,3.018
49.2006,0.7536,3.2421
49.2008,0.8039,3.4534
49.2010,0.8246,3.5491
49.2012,0.6904,2.9716
49.2014,0.7013,3.0186
49.2016,0.6811,2.9341
49.2018,0.7156,3.0815
49.2020,0.7285,3.1338
49.2022,0.7425,3.1986
49.2024,0.6149,2.6514
49.2026,0.5971,2.5713
49.2028,0.6626,2.8506
49.2030,0.729,3.1349
49.2032,0.7819,3.367
49.2034,0.7382,3.1785
49.2036,0.7145,3.0768
49.2038,0.6759,2.9106
49.2040,0.6822,2.9401
49.2042,0.66,2.8432
49.2044,0.6575,2.8284
49.2046,0.7215,3.101
49.2048,0.7832,3.3711
49.2050,0.7734,3.3272
49.2052,0.8192,3.5259
49.2054,0.7289,3.1373
49.2056,0.6666,2.8716
49.2058,0.6003,2.5884
49.2060,0.5952,2.5666
49.2062,0.6057,2.608
49.2064,0.6412,2.7621
49.2066,0.6331,2.73
49.2068,0.6407,2.7613
49.2070,0.623,2.6866
49.2072,0.5852,2.5244
49.2074,0.5759,2.4845
49.2076,0.5683,2.4503
49.2078,0.5476,2.3603
49.2080,0.6563,2.8246
49.2082,0.7119,3.0697
49.2084,0.6225,2.6865
49.2086,0.4892,2.1115
49.2088,0.4727,2.041
49.2090,0.4722,2.0399
49.2092,0.477,2.0587
49.2094,0.4718,2.0355
49.2096,0.4754,2.053
49.2098,0.5123,2.2119
49.2100,0.5096,2.2005
49.2102,0.4732,2.0412
49.2104,0.5055,2.1809
49.2106,0.5554,2.395
49.2108,0.5575,2.4026
49.2110,0.5674,2.4455
49.2112,0.5545,2.3942
49.2114,0.478,2.0629
49.2116,0.4709,2.0323
49.2118,0.485,2.0953
49.2120,0.485,2.0905
49.2122,0.5945,2.5588
49.2124,0.6353,2.7317
49.2126,0.6822,2.9374
49.2128,0.6699,2.8847
49.2130,0.6187,2.668
49.2132,0.5674,2.4455
49.2134,0.5961,2.5679
49.2136,0.6482,2.7913
49.2138,0.6764,2.9086
49.2140,0.7322,3.1469
49.2142,0.7179,3.0913
49.2144,0.647,2.7874
49.2146,0.5894,2.5425
49.2148,0.5522,2.381
49.2150,0.5488,2.3654
49.2152,0.5441,2.3464
49.2154,0.5511,2.3775
49.2156,0.5467,2.3583
49.2158,0.5546,2.3891
49.2160,0.5625,2.4232
49.2162,0.5629,2.4248
49.2164,0.5995,2.5828
49.2166,0.5567,2.4018
49.2168,0.5444,2.3474
49.2170,0.5615,2.4213
49.2172,0.5589,2.4089
49.2174,0.6034,2.5994
49.2176,0.5859,2.5228
49.2178,0.6244,2.6873
49.2180,0.638,2.7448
49.2182,0.6316,2.7208
49.2184,0.6384,2.7477
49.2186,0.651,2.8032
49.2188,0.6619,2.8475
49.2190,0.6904,2.9675
49.2192,0.7717,3.3185
49.2194,0.6631,2.8527
49.2196,0.6784,2.916
49.2198,0.7479,3.2144
49.2200,0.7494,3.2256
49.2202,0.6924,2.9785
49.2204,0.6788,2.9216
49.2206,0.6004,2.5877
49.2208,0.5746,2.4754
49.2210,0.5885,2.5353
49.2212,0.5836,2.513
49.2214,0.6125,2.635
49.2216,0.6644,2.861
49.2218,0.6437,2.7729
49.2220,0.6468,2.7825
49.2222,0.6708,2.883
49.2224,0.7269,3.1242
49.2226,0.7407,3.182
49.2228,0.8057,3.4628
49.2230,0.7651,3.2916
49.2232,0.728,3.1288
49.2234,0.7415,3.1871
49.2236,0.7239,3.1098
49.2238,0.8024,3.4457
49.2240,0.8368,3.5884
49.2242,0.872,3.7425
49.2244,0.8246,3.5409
49.2246,0.8168,3.5091
49.2248,0.8247,3.5447
49.2250,0.7963,3.4242
49.2252,0.7788,3.3442
49.2254,0.8141,3.494
49.2256,0.8329,3.5781
49.2258,0.7966,3.422
49.2260,0.8264,3.5503
49.2262,0.8071,3.469
49.2264,0.8111,3.4827
49.2266,0.8354,3.5906
49.2268,0.8174,3.5116
49.2270,0.7832,3.368
49.2272,0.7582,3.2602
49.2274,0.7058,3.0335
49.2276,0.7582,3.2572
49.2278,0.7928,3.4108
49.2280,0.7498,3.2241
49.2282,0.7744,3.3298
49.2284,0.7354,3.1622
49.2286,0.736,3.1678
49.2288,0.6996,3.0123
49.2290,0.6637,2.8566
49.2292,0.697,2.9972
49.2294,0.6985,3.0062
49.2296,0.6998,3.0119
49.2298,0.7133,3.0702
49.2300,0.7003,3.0112
49.2302,0.7186,3.0915
49.2304,0.7215,3.101
49.2306,0.7746,3.3324
49.2308,0.7323,3.1488
49.2310,0.7397,3.1852
49.2312,0.687,2.9581
49.2314,0.7124,3.0647
49.2316,0.7281,3.1337
49.2318,0.7028,3.0206
49.2320,0.7049,3.0327
49.2322,0.6813,2.9338
49.2324,0.6889,2.9663
49.2326,0.713,3.0658
49.2328,0.7432,3.1987
49.2330,0.6487,2.7972
49.2332,0.6096,2.625
49.2334,0.6546,2.8186
49.2336,0.6408,2.7567
49.2338,0.7027,3.0243
49.2340,0.6818,2.9359
49.2342,0.69,2.9654
49.2344,0.7732,3.3231
49.2346,0.7557,3.2539
49.2348,0.7595,3.2644
49.2350,0.7577,3.2551
49.2352,0.756,3.2539
49.2354,0.6901,2.9729
49.2356,0.6531,2.8125
49.2358,0.6096,2.6299
49.2360,0.5794,2.4984
49.2362,0.5601,2.4151
49.2364,0.5444,2.3485
49.2366,0.559,2.4082
49.2368,0.5738,2.4718
49.2370,0.6165,2.6569
49.2372,0.5465,2.3578
49.2374,0.5404,2.3293
49.2376,0.5277,2.2776
49.2378,0.5266,2.273
49.2380,0.5284,2.2765
49.2382,0.6148,2.646
49.2384,0.6172,2.6563
49.2386,0.6377,2.7446
49.2388,0.657,2.8277
49.2390,0.6623,2.8517
49.2392,0.6804,2.931
49.2394,0.6494,2.7925
49.2396,0.6879,2.9581
49.2398,0.7136,3.0713
49.2400,0.7072,3.0439
49.2402,0.6507,2.8034
49.2404,0.6155,2.6503
49.2406,0.633,2.7244
49.2408,0.6541,2.8166
49.2410,0.7097,3.0547
49.2412,0.6969,2.9953
49.2414,0.6936,2.9851
49.2416,0.6861,2.9503
49.2418,0.704,3.03
49.2420,0.6111,2.6324
49.2422,0.5477,2.3619
49.2424,0.5402,2.3282
49.2426,0.5409,2.3324
49.2428,0.5475,2.3619
49.2430,0.5559,2.397
49.2432,0.5426,2.3396
49.2434,0.5382,2.3205
49.2436,0.5474,2.357
49.2438,0.5801,2.5003
49.2440,0.5916,2.5452
49.2442,0.7099,3.0553
49.2444,0.6861,2.9558
49.2446,0.6607,2.8437
49.2448,0.6443,2.773
49.2450,0.6125,2.6374
49.2452,0.582,2.5086
49.2454,0.5311,2.289
49.2456,0.5287,2.2797
49.2458,0.5302,2.2864
49.2460,0.5396,2.3256
49.2462,0.5382,2.3173
49.2464,0.57,2.4558
49.2466,0.6355,2.7353
49.2468,0.6794,2.9228
49.2470,0.6553,2.8204
49.2472,0.65,2.7977
49.2474,0.6722,2.8932
49.2476,0.6404,2.7628
49.2478,0.5588,2.4061
49.2480,0.5903,2.5443
49.2482,0.5275,2.2734
49.2484,0.5418,2.3349
49.2486,0.5409,2.3313
49.2488,0.5812,2.5061
49.2490,0.5161,2.2254
49.2492,0.4994,2.1535
49.2494,0.5083,2.1938
49.2496,0.486,2.0966
49.2498,0.5148,2.2207
49.2500,0.5049,2.1783
49.2502,0.4921,2.121
49.2504,0.5849,2.5175
49.2506,0.6689,2.8774
49.2508,0.7021,3.0203
49.2510,0.6561,2.8227
49.2512,0.6799,2.9249
49.2514,0.6746,2.9008
49.2516,0.6796,2.9252
49.2518,0.666,2.8664
49.2520,0.6057,2.6068
49.2522,0.6221,2.6812
49.2524,0.6065,2.6104
49.2526,0.6217,2.6772
49.2528,0.6226,2.6771
49.2530,0.763,3.2732
49.2532,0.7437,3.2038
49.2534,0.5372,2.3175
49.2536,0.4832,2.0847
49.2538,0.5186,2.2342
49.2540,0.5017,2.1663
49.2542,0.4834,2.0862
49.2544,0.4813,2.0745
49.2546,0.5403,2.3287
49.2548,0.486,2.0956
49.2550,0.4739,2.0434
49.2552,0.4974,2.1437
49.2554,0.5306,2.2848
49.2556,0.5885,2.5341
49.2558,0.57,2.4569
49.2560,0.5631,2.4224
49.2562,0.6631,2.85
49.2564,0.7163,3.0817
49.2566,0.7073,3.0416
49.2568,0.7439,3.1944
49.2570,0.734,3.1517
49.2572,0.7713,3.3133
49.2574,0.825,3.5408
49.2576,0.8943,3.8329
49.2578,0.8894,3.8101
49.2580,0.9331,4.0013
49.2582,0.9198,3.9405
49.2584,0.9275,3.9734
49.2586,0.9593,4.1038
49.2588,1.0339,4.427
49.2590,1.0108,4.3324
49.2592,0.9765,4.1777
49.2594,1.0547,4.5142
49.2596,1.0626,4.5502
49.2598,1.0514,4.5019
49.2600,1.002,4.2964
49.2602,0.9004,3.8645
49.2604,0.8665,3.7171
49.2606,0.8813,3.788
49.2608,0.8226,3.5322
49.2610,0.7912,3.402
49.2612,0.7516,3.2288
49.2614,0.8321,3.5678
49.2616,0.9214,3.9509
49.2618,0.8668,3.7256
49.2620,0.8366,3.5924
49.2622,0.8354,3.5889
49.2624,0.7904,3.3973
49.2626,0.7825,3.3664
49.2628,0.7865,3.3803
49.2630,0.8048,3.4559
49.2632,0.8315,3.5686
49.2634,0.8149,3.4992
49.2636,0.8467,3.6373
49.2638,0.8505,3.6521
49.2640,0.8681,3.7348
49.2642,0.7072,3.0411
49.2644,0.7418,3.1881
49.2646,0.8169,3.5063
49.2648,0.8674,3.7247
49.2650,0.7978,3.432
49.2652,0.7394,3.1822
49.2654,0.7337,3.158
49.2656,0.7156,3.0786
49.2658,0.7059,3.0354
49.2660,0.7364,3.1678
49.2662,0.7178,3.0879
49.2664,0.7081,3.0518
49.2666,0.6226,2.6771
49.2668,0.6975,3.0049
49.2670,0.6289,2.7094
49.2672,0.621,2.6716
49.2674,0.7225,3.1051
49.2676,0.721,3.1047
49.2678,0.6944,2.9887
49.2680,0.691,2.9715
49.2682,0.6862,2.9508
49.2684,0.7295,3.1384
49.2686,0.7274,3.1321
49.2688,0.7027,3.0243
49.2690,0.7629,3.2757
49.2692,0.7842,3.3737
49.2694,0.7376,3.1715
49.2696,0.7191,3.095
49.2698,0.6583,2.8347
49.2700,0.6522,2.8109
49.2702,0.6524,2.8107
49.2704,0.6577,2.8321
49.2706,0.681,2.9268
49.2708,0.7691,3.301
49.2710,0.8032,3.452
49.2712,0.7382,3.1785
49.2714,0.6474,2.789
49.2716,0.6258,2.696
49.2718,0.6226,2.6833
49.2720,0.6257,2.6942
49.2722,0.6492,2.7941
49.2724,0.6888,2.963
49.2726,0.7096,3.0514
49.2728,0.7306,3.1402
49.2730,0.6991,3.0074
49.2732,0.6766,2.9137
49.2734,0.6505,2.805
49.2736,0.584,2.518
49.2738,0.5455,2.351
49.2740,0.6036,2.5992
49.2742,0.6312,2.7255
49.2744,0.4804,2.0742
49.2746,0.4617,1.9897
49.2748,0.5576,2.4043
49.2750,0.497,2.1471
49.2752,0.4661,2.0135
49.2754,0.4563,1.9701
49.2756,0.4522,1.9516
49.2758,0.4627,1.9953
49.2760,0.4605,1.9873
49.2762,0.4503,1.9424
49.2764,0.4534,1.9559
49.2766,0.4679,2.0185
49.2768,0.4834,2.0862
49.2770,0.5248,2.2631
49.2772,0.5336,2.3019
49.2774,0.4684,2.0205
49.2776,0.4639,2.0014
49.2778,0.5132,2.2119
49.2780,0.5618,2.4213
49.2782,0.5849,2.5175
49.2784,0.6842,2.9448
49.2786,0.6758,2.91
49.2788,0.6679,2.8733
49.2790,0.6714,2.8869
49.2792,0.696,2.994
49.2794,0.6762,2.9102
49.2796,0.6666,2.8689
49.2798,0.6867,2.9502
49.2800,0.7434,3.1953
49.2802,0.7497,3.2236
49.2804,0.7493,3.225
49.2806,0.6991,3.0074
49.2808,0.696,2.994
49.2810,0.7033,3.0241
49.2812,0.7499,3.2186
49.2814,0.7615,3.2777
49.2816,0.6842,2.9448
49.2818,0.6561,2.824
49.2820,0.6855,2.9491
49.2822,0.7239,3.1142
49.2824,0.6615,2.8486
49.2826,0.6215,2.6761
49.2828,0.6289,2.7094
49.2830,0.6077,2.6168
49.2832,0.6216,2.6767
49.2834,0.5983,2.5765
49.2836,0.6662,2.8647
49.2838,0.7336,3.1501
49.2840,0.7582,3.2617
49.2842,0.6936,2.9837
49.2844,0.6726,2.8961
49.2846,0.6021,2.5925
49.2848,0.6053,2.6089
49.2850,0.562,2.4268
49.2852,0.4929,2.1256
49.2854,0.4801,2.0712
49.2856,0.4805,2.0718
49.2858,0.4856,2.096
49.2860,0.483,2.0846
49.2862,0.4844,2.0879
49.2864,0.4788,2.0655
49.2866,0.4878,2.1053
49.2868,0.5018,2.1659
49.2870,0.4981,2.1478
49.2872,0.512,2.2058
49.2874,0.5618,2.4213
49.2876,0.6018,2.5951
49.2878,0.5165,2.2249
49.2880,0.4934,2.1277
49.2882,0.4842,2.0898
49.2884,0.4813,2.0774
49.2886,0.5096,2.1975
49.2888,0.5437,2.34
49.2890,0.6045,2.604
49.2892,0.5794,2.4961
49.2894,0.5735,2.4685
49.2896,0.6094,2.6179
49.2898,0.7301,3.1396
49.2900,0.741,3.1835
49.2902,0.7667,3.2937
49.2904,0.7253,3.1204
49.2906,0.7155,3.0738
49.2908,0.7699,3.303
49.2910,0.807,3.4668
49.2912,0.7611,3.2726
49.2914,0.7969,3.4156
49.2916,0.9346,4.0019
49.2918,1.0177,4.3556
49.2920,1.0488,4.487
49.2922,1.0277,4.4049
49.2924,0.9062,3.891
49.2926,0.8538,3.6643
49.2928,0.9071,3.8879
49.2930,0.9668,4.14
49.2932,0.9999,4.2857
49.2934,0.9175,3.9399
49.2936,0.8683,3.7231
49.2938,0.9214,3.9491
49.2940,0.8991,3.8625
49.2942,0.8301,3.5663
49.2944,0.8287,3.5501
49.2946,0.8934,3.8347
49.2948,0.8216,3.5363
49.2950,0.7186,3.0901
49.2952,0.7103,3.0616
49.2954,0.6533,2.8143
49.2956,0.6452,2.781
49.2958,0.5901,2.5432
49.2960,0.5924,2.5507
49.2962,0.6252,2.6921
49.2964,0.6276,2.705
49.2966,0.5995,2.5816
49.2968,0.6994,3.0062
49.2970,0.7313,3.1462
49.2972,0.7178,3.0893
49.2974,0.7505,3.2212
49.2976,0.7878,3.3876
49.2978,0.703,3.0258
49.2980,0.6653,2.8686
49.2982,0.583,2.5127
49.2984,0.6322,2.7208
49.2986,0.6636,2.8574
49.2988,0.6787,2.9211
49.2990,0.6872,2.9563
49.2992,0.7118,3.0578
49.2994,0.7595,3.2644
49.2996,0.7069,3.0424
49.2998,0.6516,2.807
49.3000,0.6389,2.7497
49.3002,0.6529,2.8127
49.3004,0.6388,2.7505
49.3006,0.6506,2.7977
49.3008,0.713,3.0658
49.3010,0.7449,3.2015
49.3012,0.7388,3.1767
49.3014,0.7608,3.27
49.3016,0.7576,3.2591
49.3018,0.6966,2.998
49.3020,0.6969,2.9981
49.3022,0.7412,3.1855
49.3024,0.7422,3.1916
49.3026,0.6772,2.9122
49.3028,0.6927,2.9856
49.3030,0.6083,2.6242
49.3032,0.6142,2.6434
49.3034,0.6245,2.6903
49.3036,0.5799,2.4993
49.3038,0.5798,2.4988
49.3040,0.6334,2.7235
49.3042,0.7003,3.014
49.3044,0.6906,2.9722
49.3046,0.6807,2.9285
49.3048,0.6271,2.7079
49.3050,0.4914,2.1199
49.3052,0.5178,2.2337
49.3054,0.4877,2.1048
49.3056,0.5099,2.1985
49.3058,0.5334,2.2998
49.3060,0.5248,2.2621
49.3062,0.5216,2.2481
49.3064,0.5233,2.2575
49.3066,0.5305,2.2885
49.3068,0.5293,2.2812
49.3070,0.5343,2.304
49.3072,0.5382,2.3194
49.3074,0.638,2.7436
49.3076,0.7127,3.0705
49.3078,0.5958,2.5668
49.3080,0.5529,2.383
49.3082,0.5421,2.3376
49.3084,0.5361,2.3128
49.3086,0.5377,2.3185
49.3088,0.5313,2.2889
49.3090,0.5241,2.259
49.3092,0.5218,2.2492
49.3094,0.5211,2.245
49.3096,0.5268,2.2703
49.3098,0.5325,2.2952
49.3100,0.5306,2.2879
49.3102,0.527,2.2735
49.3104,0.5274,2.274
49.3106,0.5324,2.2936
49.3108,0.5788,2.49
49.3110,0.6728,2.8931
49.3112,0.6725,2.8942
49.3114,0.6367,2.7404
49.3116,0.6172,2.66
49.3118,0.5492,2.3681
49.3120,0.5302,2.2864
49.3122,0.5332,2.2972
49.3124,0.593,2.5521
49.3126,0.5998,2.5815
49.3128,0.6211,2.6721
49.3130,0.6325,2.7249
49.3132,0.6023,2.5923
49.3134,0.643,2.766
49.3136,0.6739,2.9018
49.3138,0.6589,2.8399
49.3140,0.5998,2.5803
49.3142,0.6085,2.6204
49.3144,0.5412,2.3324
49.3146,0.535,2.3039
49.3148,0.6087,2.6221
49.3150,0.5667,2.4447
49.3152,0.5383,2.3167
49.3154,0.5645,2.4343
49.3156,0.5292,2.2807
49.3158,0.5281,2.276
49.3160,0.5162,2.2259
49.3162,0.5101,2.1965
49.3164,0.5338,2.3008
49.3166,0.5318,2.291
49.3168,0.6209,2.6711
49.3170,0.6449,2.7755
49.3172,0.6064,2.6099
49.3174,0.6431,2.7626
49.3176,0.6972,2.9992
49.3178,0.6907,2.9672
49.3180,0.7097,3.0505
49.3182,0.6744,2.8998
49.3184,0.6879,2.9581
49.3186,0.7322,3.1395
49.3188,0.836,3.5948
49.3190,0.7046,3.0297
49.3192,0.6621,2.8472
49.3194,0.7075,3.0393
49.3196,0.755,3.2402
49.3198,0.7518,3.2299
49.3200,0.6822,2.936
49.3202,0.6621,2.8485
49.3204,0.7141,3.0676
49.3206,0.7472,3.2053
49.3208,0.8277,3.551
49.3210,0.8427,3.6119
49.3212,0.916,3.9314
49.3214,0.825,3.5425
49.3216,0.8012,3.4405
49.3218,0.8508,3.6515
49.3220,0.8723,3.7423
49.3222,0.7885,3.3875
49.3224,0.7555,3.2489
49.3226,0.7094,3.0504
49.3228,0.713,3.0644
49.3230,0.7475,3.2128
49.3232,0.7612,3.267
49.3234,0.7999,3.4348
49.3236,0.796,3.4178
49.3238,0.8089,3.4751
49.3240,0.7868,3.3756
49.3242,0.8467,3.6373
49.3244,0.8105,3.4801
49.3246,0.863,3.6988
49.3248,0.9082,3.8943
49.3250,0.9229,3.9594
49.3252,0.8839,3.7935
49.3254,0.8727,3.7456
49.3256,0.8219,3.5291
49.3258,0.8159,3.5017
49.3260,0.8419,3.6184
49.3262,0.8085,3.4735
49.3264,0.8033,3.4525
49.3266,0.8197,3.5198
49.3268,0.871,3.7402
49.3270,0.883,3.7917
49.3272,0.8793,3.7669
49.3274,0.9359,4.015
49.3276,0.9456,4.0604
49.3278,0.9136,3.9102
49.3280,1.0502,4.4926
49.3282,1.1045,4.7338
49.3284,1.0064,4.3154
49.3286,0.9247,3.969
49.3288,0.898,3.8596
49.3290,0.7999,3.4364
49.3292,0.777,3.3458
49.3294,0.6874,2.9601
49.3296,0.697,3.0014
49.3298,0.6985,3.0048
49.3300,0.7102,3.0582
49.3302,0.6898,2.9691
49.3304,0.7034,3.0274
49.3306,0.7077,3.0431
49.3308,0.7237,3.1117
49.3310,0.7231,3.1106
49.3312,0.735,3.1622
49.3314,0.7674,3.2968
49.3316,0.7937,3.4112
49.3318,0.7464,3.2127
49.3320,0.6939,2.9852
49.3322,0.6993,3.007
49.3324,0.6522,2.8096
49.3326,0.65,2.799
49.3328,0.6517,2.8036
49.3330,0.6457,2.783
49.3332,0.6171,2.6607
49.3334,0.622,2.677
49.3336,0.6776,2.9151
49.3338,0.6426,2.7683
49.3340,0.6597,2.8422
49.3342,0.6996,3.0123
49.3344,0.6476,2.7913
49.3346,0.6049,2.6073
49.3348,0.6162,2.6547
49.3350,0.6671,2.867
49.3352,0.7171,3.0805
49.3354,0.7196,3.0956
49.3356,0.6838,2.946
49.3358,0.632,2.7203
49.3360,0.6648,2.8599
49.3362,0.6753,2.908
49.3364,0.6782,2.9204
49.3366,0.6482,2.79
49.3368,0.6711,2.8872
49.3370,0.6764,2.9099
49.3372,0.7141,3.0719
49.3374,0.7631,3.2768
49.3376,0.8157,3.5044
49.3378,0.7876,3.3897
49.3380,0.712,3.066
49.3382,0.6916,2.9727
49.3384,0.7207,3.1046
49.3386,0.66,2.8419
49.3388,0.6714,2.8896
49.3390,0.683,2.9396
49.3392,0.7299,3.1414
49.3394,0.697,3
49.3396,0.6497,2.7975
49.3398,0.6578,2.8339
49.3400,0.6745,2.903
49.3402,0.6561,2.824
49.3404,0.6437,2.7729
49.3406,0.6635,2.8569
49.3408,0.7314,3.1496
49.3410,0.6488,2.8029
49.3412,0.4813,2.0802
49.3414,0.4513,1.9489
49.3416,0.4483,1.9341
49.3418,0.4512,1.9475
49.3420,0.4504,1.9447
49.3422,0.4493,1.9401
49.3424,0.4476,1.9328
49.3426,0.4494,1.9406
49.3428,0.4609,1.9894
49.3430,0.4561,1.9696
49.3432,0.4476,1.9337
49.3434,0.4475,1.9341
49.3436,0.4467,1.9269
49.3438,0.4517,1.9486
49.3440,0.4486,1.937
49.3442,0.4481,1.934
49.3444,0.4445,1.9194
49.3446,0.4489,1.9385
49.3448,0.4969,2.1436
49.3450,0.4919,2.12
49.3452,0.536,2.3123
49.3454,0.47,2.0287
49.3456,0.4551,1.9613
49.3458,0.5179,2.2342
49.3460,0.468,2.0199
49.3462,0.4497,1.9407
49.3464,0.4435,1.9135
49.3466,0.4891,2.109
49.3468,0.5422,2.337
49.3470,0.5818,2.5052
49.3472,0.5764,2.4843
49.3474,0.5463,2.3546
49.3476,0.5563,2.3953
49.3478,0.5434,2.3422
49.3480,0.4781,2.0643
49.3482,0.46,1.9852
49.3484,0.4547,1.9625
49.3486,0.4577,1.9745
49.3488,0.4596,1.9828
49.3490,0.4566,1.9708
49.3492,0.4542,1.9586
49.3494,0.4651,2.0056
49.3496,0.507,2.1861
49.3498,0.472,2.0379
49.3500,0.4314,1.8595
49.3502,0.5422,2.3327
49.3504,0.5986,2.5751
49.3506,0.5921,2.5496
49.3508,0.5883,2.5331
49.3510,0.6024,2.5904
49.3512,0.6301,2.7095
49.3514,0.6717,2.8925
49.3516,0.6746,2.9008
49.3518,0.747,3.2078
49.3520,0.7627,3.2767
49.3522,0.6844,2.9431
49.3524,0.6709,2.8875
49.3526,0.6813,2.927
49.3528,0.7354,3.1608
49.3530,0.742,3.1891
49.3532,0.6721,2.8873
49.3534,0.6877,2.9598
49.3536,0.6109,2.6319
49.3538,0.5511,2.3753
49.3540,0.4788,2.0646
49.3542,0.4712,2.032
49.3544,0.4808,2.0743
49.3546,0.483,2.0827
49.3548,0.4757,2.0502
49.3550,0.4987,2.1474
49.3552,0.58,2.4986
49.3554,0.5696,2.4492
49.3556,0.6035,2.5975
49.3558,0.607,2.6112
49.3560,0.6537,2.815
49.3562,0.6739,2.8991
49.3564,0.6772,2.9122
49.3566,0.6391,2.7469
49.3568,0.6948,2.9874
49.3570,0.7013,3.0088
49.3572,0.8095,3.4696
49.3574,0.8633,3.6951
49.3576,0.989,4.229
49.3578,1.0992,4.7046
49.3580,1.065,4.5562
49.3582,1.0662,4.5571
49.3584,1.1256,4.8085
49.3586,1.0817,4.6405
49.3588,0.9179,3.9323
49.3590,0.9749,4.1763
49.3592,0.943,4.0397
49.3594,0.9273,3.9724
49.3596,0.9087,3.9
49.3598,0.8618,3.7005
49.3600,0.8526,3.6523
49.3602,0.9361,4.0104
49.3604,0.992,4.2399
49.3606,1.0405,4.4531
49.3608,1.0917,4.6679
49.3610,1.1435,4.8871
49.3612,1.1736,5.0087
49.3614,1.2473,5.3285
49.3616,1.2095,5.1744
49.3618,1.1409,4.8741
49.3620,1.1762,5.027
49.3622,1.1166,4.788
49.3624,0.9871,4.2346
49.3626,0.9695,4.1571
49.3628,0.9852,4.2264
49.3630,0.9698,4.1547
49.3632,0.9931,4.2604
49.3634,0.9387,4.0324
49.3636,0.8733,3.7482
49.3638,0.8743,3.7558
49.3640,0.8173,3.5111
49.3642,0.8804,3.7786
49.3644,0.8898,3.821
49.3646,0.8466,3.6351
49.3648,0.8497,3.6502
49.3650,0.8175,3.5122
49.3652,0.8139,3.4983
49.3654,0.8081,3.4763
49.3656,0.804,3.4556
49.3658,0.8312,3.5676
49.3660,0.8839,3.7935
49.3662,0.9053,3.8838
49.3664,0.9041,3.8841
49.3666,0.8147,3.4998
49.3668,0.7925,3.4108
49.3670,0.7701,3.3097
49.3672,0.8822,3.7916
49.3674,0.8355,3.5928
49.3676,0.8202,3.5235
49.3678,0.892,3.8303
49.3680,0.8461,3.6365
49.3682,0.8403,3.61
49.3684,0.8795,3.782
49.3686,0.7939,3.4186
49.3688,0.7854,3.382
49.3690,0.7138,3.0723
49.3692,0.6919,2.9792
49.3694,0.6896,2.9708
49.3696,0.6793,2.9223
49.3698,0.7677,3.2979
49.3700,0.7847,3.3757
49.3702,0.8166,3.5048
49.3704,0.9906,4.2436
49.3706,0.9891,4.2473
49.3708,0.8663,3.7236
49.3710,0.7804,3.3603
49.3712,0.7394,3.1807
49.3714,0.8016,3.4453
49.3716,0.8402,3.6078
49.3718,0.8669,3.7348
49.3720,0.7752,3.335
49.3722,0.7711,3.3174
49.3724,0.8012,3.4501
49.3726,0.7648,3.287
49.3728,0.8271,3.5534
49.3730,0.8228,3.5381
49.3732,0.7925,3.4124
49.3734,0.7627,3.2829
49.3736,0.7589,3.2618
49.3738,0.7749,3.3396
49.3740,0.6499,2.8037
49.3742,0.6055,2.6087
49.3744,0.6107,2.6309
49.3746,0.6061,2.6161
49.3748,0.6047,2.6087
49.3750,0.6322,2.7196
49.3752,0.6822,2.9415
49.3754,0.6612,2.8497
49.3756,0.6089,2.6231
49.3758,0.6468,2.7864
49.3760,0.637,2.7453
49.3762,0.6195,2.6711
49.3764,0.6183,2.6659
49.3766,0.6053,2.6076
49.3768,0.6714,2.8882
49.3770,0.7884,3.398
49.3772,0.6612,2.8497
49.3774,0.6108,2.629
49.3776,0.6831,2.9415
49.3778,0.7331,3.1539
49.3780,0.7455,3.2085
49.3782,0.7335,3.1584
49.3784,0.7228,3.1139
49.3786,0.697,3
49.3788,0.6892,2.9679
49.3790,0.7058,3.0377
49.3792,0.7,3.0143
49.3794,0.6819,2.9336
49.3796,0.7271,3.1296
49.3798,0.7443,3.2019
49.3800,0.7623,3.2808
49.3802,0.7726,3.3221
49.3804,0.7631,3.289
49.3806,0.6,2.5849
49.3808,0.6647,2.866
49.3810,0.6195,2.6711
49.3812,0.5777,2.4923
49.3814,0.603,2.6002
49.3816,0.5739,2.4712
49.3818,0.6456,2.7812
49.3820,0.7012,3.0181
49.3822,0.6551,2.8246
49.3824,0.5969,2.5727
49.3826,0.5927,2.557
49.3828,0.5903,2.5466
49.3830,0.5873,2.5337
49.3832,0.5075,2.1912
49.3834,0.5139,2.2202
49.3836,0.4921,2.1239
49.3838,0.4868,2.1012
49.3840,0.4848,2.0933
49.3842,0.4891,2.112
49.3844,0.4907,2.1187
49.3846,0.4901,2.1151
49.3848,0.5364,2.3128
49.3850,0.6063,2.613
49.3852,0.6437,2.7704
49.3854,0.6992,3.0093
49.3856,0.6312,2.7255
49.3858,0.5041,2.1717
49.3860,0.528,2.2808
49.3862,0.4787,2.0669
49.3864,0.4783,2.0654
49.3866,0.4686,2.0234
49.3868,0.4734,2.0423
49.3870,0.5473,2.3609
49.3872,0.5015,2.1633
49.3874,0.4703,2.0307
49.3876,0.4575,1.9753
49.3878,0.4528,1.9551
49.3880,0.459,1.9811
49.3882,0.4897,2.1136
49.3884,0.5185,2.2378
49.3886,0.5498,2.3663
49.3888,0.597,2.5708
49.3890,0.5659,2.4411
49.3892,0.5533,2.3835
49.3894,0.6505,2.7972
49.3896,0.7262,3.1196
49.3898,0.7972,3.423
49.3900,0.7764,3.337
49.3902,0.784,3.3679
49.3904,0.8601,3.695
49.3906,0.784,3.3664
49.3908,0.8475,3.6325
49.3910,0.9138,3.9203
49.3912,0.898,3.8542
49.3914,0.9235,3.962
49.3916,0.9289,3.9814
49.3918,0.8695,3.737
49.3920,0.7344,3.1596
49.3922,0.7233,3.1087
49.3924,0.7602,3.2659
49.3926,0.7633,3.2824
49.3928,0.7487,3.2165
49.3930,0.8446,3.6269
49.3932,0.9153,3.9302
49.3934,0.9118,3.9043
49.3936,0.9917,4.2482
49.3938,1.0082,4.3211
49.3940,0.9559,4.0971
49.3942,1.0323,4.4224
49.3944,1.0135,4.3417
49.3946,1.0831,4.6402
49.3948,1.0665,4.5688
49.3950,0.9761,4.1971
49.3952,0.7589,3.2633
49.3954,0.8124,3.4933
49.3956,0.8352,3.5879
49.3958,0.8219,3.5373
49.3960,0.7841,3.3684
49.3962,0.8168,3.5123
49.3964,0.8347,3.5875
49.3966,0.7998,3.4391
49.3968,0.75,3.2251
49.3970,0.771,3.3154
49.3972,0.7794,3.3515
49.3974,0.8305,3.5661
49.3976,0.83,3.5691
49.3978,0.7931,3.4087
49.3980,0.8577,3.6882
49.3982,0.8196,3.5209
49.3984,0.8353,3.5851
49.3986,0.8366,3.5957
49.3988,0.8358,3.5955
49.3990,0.8064,3.4659
49.3992,0.8066,3.4685
49.3994,0.8044,3.4587
49.3996,0.7976,3.4346
49.3998,0.7215,3.1039
49.4000,0.7355,3.1657
49.4002,0.769,3.3051
49.4004,0.8329,3.5748
49.4006,0.8547,3.6719
49.4008,0.7852,3.3809
49.4010,0.7452,3.2075
49.4012,0.7849,3.372
49.4014,0.8297,3.5675
49.4016,0.8057,3.4676
49.4018,0.7108,3.0594
49.4020,0.7066,3.0427
49.4022,0.739,3.1836
49.4024,0.7,3.0157
49.4026,0.6765,2.9185
49.4028,0.6004,2.5901
49.4030,0.5871,2.5291
49.4032,0.6326,2.7254
49.4034,0.6096,2.625
49.4036,0.6516,2.807
49.4038,0.6593,2.8427
49.4040,0.586,2.5268
49.4042,0.5849,2.5222
49.4044,0.5918,2.5528
49.4046,0.5979,2.578
49.4048,0.5693,2.4572
49.4050,0.5045,2.1783
49.4052,0.5024,2.1694
49.4054,0.5149,2.2192
49.4056,0.5794,2.4995
49.4058,0.5724,2.4707
49.4060,0.5666,2.4419
49.4062,0.5932,2.5567
49.4064,0.6097,2.6304
49.4066,0.5061,2.1855
49.4068,0.4535,1.9582
49.4070,0.4433,1.916
49.4072,0.4459,1.9247
49.4074,0.4623,1.996
49.4076,0.4515,1.9494
49.4078,0.4455,1.9253
49.4080,0.4504,1.9456
49.4082,0.451,1.9455
49.4084,0.4607,1.9874
49.4086,0.4643,2.0029
49.4088,0.4606,1.9869
49.4090,0.4572,1.9752
49.4092,0.4615,1.9938
49.4094,0.4608,1.9898
49.4096,0.4601,1.9858
49.4098,0.4547,1.9625
49.4100,0.4545,1.9605
49.4102,0.4483,1.9359
49.4104,0.4469,1.9297
49.4106,0.4479,1.9312
49.4108,0.4879,2.1048
49.4110,0.5419,2.3344
49.4112,0.5591,2.4088
49.4114,0.6081,2.6183
49.4116,0.6468,2.7864
49.4118,0.6354,2.7373
49.4120,0.5414,2.3356
49.4122,0.4559,1.9667
49.4124,0.4651,2.0084
49.4126,0.4553,1.9651
49.4128,0.4746,2.0446
49.4130,0.5691,2.4516
49.4132,0.6455,2.7768
49.4134,0.6796,2.9211
49.4136,0.6475,2.7869
49.4138,0.6344,2.7344
49.4140,0.5852,2.5232
49.4142,0.4852,2.0939
49.4144,0.4601,1.9867
49.4146,0.4564,1.9697
49.4148,0.4511,1.9469
49.4150,0.4483,1.9359
49.4152,0.4548,1.9621
49.4154,0.4553,1.9623
49.4156,0.5257,2.2657
49.4158,0.4643,2.0029
49.4160,0.4352,1.8764
49.4162,0.4656,2.0105
49.4164,0.488,2.1044
49.4166,0.556,2.3931
49.4168,0.6125,2.6374
49.4170,0.5958,2.5656
49.4172,0.5734,2.4725
49.4174,0.5093,2.1949
49.4176,0.538,2.3157
49.4178,0.5814,2.5037
49.4180,0.6049,2.6049
49.4182,0.6221,2.6737
49.4184,0.7343,3.1547
49.4186,0.7986,3.4276
49.4188,0.7692,3.3046
49.4190,0.7221,3.1021
49.4192,0.7456,3.2016
49.4194,0.7847,3.3726
49.4196,0.7524,3.2324
49.4198,0.7708,3.3066
49.4200,0.7816,3.3592
49.4202,0.7365,3.1654
49.4204,0.7081,3.0433
49.4206,0.7277,3.1278
49.4208,0.7428,3.1942
49.4210,0.6727,2.8953
49.4212,0.6579,2.8318
49.4214,0.6473,2.7884
49.4216,0.5727,2.4671
49.4218,0.5876,2.5277
49.4220,0.6226,2.6808
49.4222,0.6242,2.688
49.4224,0.5988,2.5762
49.4226,0.6486,2.7915
49.4228,0.636,2.7373
49.4230,0.6281,2.7033
49.4232,0.7023,3.0143
49.4234,0.8535,3.6565
49.4236,0.9425,4.0357
49.4238,0.9735,4.1726
49.4240,0.9319,3.998
49.4242,0.9134,3.9183
49.4244,0.9062,3.8874
49.4246,0.849,3.6437
49.4248,0.8872,3.8044
49.4250,0.8821,3.7858
49.4252,0.8283,3.5569
49.4254,0.8581,3.6811
49.4256,0.8763,3.7611
49.4258,0.8177,3.5094
49.4260,0.8715,3.744
49.4262,0.786,3.3783
49.4264,0.7774,3.3411
49.4266,0.7829,3.3602
49.4268,0.8409,3.6126
49.4270,0.8168,3.5058
49.4272,0.8872,3.8044
49.4274,0.9086,3.8959
49.4276,0.8396,3.6103
49.4278,0.7623,3.2777
49.4280,0.7752,3.3319
49.4282,0.7785,3.3442
49.4284,0.7681,3.3015
49.4286,0.7892,3.3922
49.4288,0.7984,3.4297
49.4290,0.8094,3.4755
49.4292,0.8442,3.6265
49.4294,0.8924,3.8318
49.4296,0.8478,3.6386
49.4298,0.841,3.6148
49.4300,0.8022,3.4446
49.4302,0.8112,3.4816
49.4304,0.7955,3.4174
49.4306,0.7554,3.2514
49.4308,0.7573,3.2581
49.4310,0.7982,3.4324
49.4312,0.7831,3.3659
49.4314,0.768,3.3009
49.4316,0.7755,3.3314
49.4318,0.8269,3.5523
49.4320,0.8679,3.7303
49.4322,0.8099,3.4824
49.4324,0.8059,3.4654
49.4326,0.8207,3.5305
49.4328,0.7801,3.353
49.4330,0.8035,3.4519
49.4332,0.7858,3.3741
49.4334,0.8105,3.4818
49.4336,0.7532,3.2431
49.4338,0.68,2.9295
49.4340,0.6672,2.8715
49.4342,0.6975,3.0007
49.4344,0.742,3.1936
49.4346,0.7079,3.0498
49.4348,0.6692,2.8816
49.4350,0.6686,2.8764
49.4352,0.6801,2.9286
49.4354,0.6733,2.8992
49.4356,0.6789,2.9207
49.4358,0.7174,3.0863
49.4360,0.6474,2.7903
49.4362,0.5958,2.5692
49.4364,0.6185,2.6632
49.4366,0.6573,2.8226
49.4368,0.7952,3.4211
49.4370,0.7511,3.2343
49.4372,0.6921,2.9775
49.4374,0.7119,3.064
49.4376,0.7183,3.0914
49.4378,0.734,3.1575
49.4380,0.7523,3.2334
49.4382,0.7536,3.2406
49.4384,0.7523,3.2319
49.4386,0.7925,3.4061
49.4388,0.8305,3.5678
49.4390,0.859,3.6852
49.4392,0.8713,3.7412
49.4394,0.7804,3.3618
49.4396,0.6763,2.9121
49.4398,0.6349,2.7314
49.4400,0.7275,3.1253
49.4402,0.8172,3.5139
49.4404,0.7816,3.3654
49.4406,0.6888,2.9686
49.4408,0.6235,2.6812
49.4410,0.6675,2.8717
49.4412,0.6289,2.7132
49.4414,0.5416,2.3355
49.4416,0.5396,2.3267
49.4418,0.5365,2.3165
49.4420,0.5384,2.3226
49.4422,0.5521,2.3805
49.4424,0.5376,2.319
49.4426,0.5597,2.4136
49.4428,0.5621,2.4239
49.4430,0.5364,2.3128
49.4432,0.5438,2.3405
49.4434,0.7046,3.0325
49.4436,0.6848,2.9474
49.4438,0.6949,2.9907
49.4440,0.7126,3.0686
49.4442,0.6082,2.6237
49.4444,0.5412,2.3345
49.4446,0.5319,2.2926
49.4448,0.5338,2.3008
49.4450,0.5377,2.3195
49.4452,0.5379,2.3216
49.4454,0.5349,2.3076
49.4456,0.5329,2.2967
49.4458,0.5864,2.5284
49.4460,0.5601,2.4118
49.4462,0.6191,2.6646
49.4464,0.6699,2.8807
49.4466,0.7177,3.0874
49.4468,0.6564,2.8238
49.4470,0.6251,2.6966
49.4472,0.5407,2.3335
49.4474,0.5114,2.2052
49.4476,0.5318,2.2899
49.4478,0.5703,2.4591
49.4480,0.5599,2.413
49.4482,0.5708,2.46
49.4484,0.6102,2.6276
49.4486,0.5944,2.5606
49.4488,0.5932,2.5567
49.4490,0.6029,2.5985
49.4492,0.6022,2.5918
49.4494,0.5806,2.5012
49.4496,0.5699,2.4564
49.4498,0.5814,2.5048
49.4500,0.5494,2.3669
49.4502,0.556,2.3987
49.4504,0.5059,2.1814
49.4506,0.5009,2.1587
49.4508,0.4921,2.123
49.4510,0.5069,2.1856
49.4512,0.5748,2.4718
49.4514,0.6766,2.9109
49.4516,0.7052,3.0337
49.4518,0.6856,2.9483
49.4520,0.7372,3.17
49.4522,0.6585,2.8383
49.4524,0.5784,2.4931
49.4526,0.5925,2.5512
49.4528,0.5901,2.5409
49.4530,0.5727,2.4648
49.4532,0.6034,2.5994
49.4534,0.5678,2.4471
49.4536,0.5672,2.4456
49.4538,0.5631,2.4269
49.4540,0.5787,2.493
49.4542,0.5468,2.3588
49.4544,0.4787,2.0631
49.4546,0.5057,2.1774
49.4548,0.5435,2.3416
49.4550,0.5876,2.5288
49.4552,0.6256,2.6974
49.4554,0.5588,2.4039
49.4556,0.6388,2.7441
49.4558,0.7061,3.0364
49.4560,0.7114,3.0577
49.4562,0.7454,3.1991
49.4564,0.7804,3.3494
49.4566,0.7813,3.355
49.4568,0.8089,3.4702
49.4570,0.9082,3.898
49.4572,0.9036,3.873
49.4574,0.9409,4.0309
49.4576,0.9511,4.0708
49.4578,1.0408,4.4526
49.4580,1.07,4.5794
49.4582,1.0658,4.5657
49.4584,1.0333,4.4224
49.4586,1.0506,4.4926
49.4588,1.1008,4.7135
49.4590,1.0694,4.5811
49.4592,1.0136,4.3382
49.4594,1.0435,4.4681
49.4596,1.0235,4.3849
49.4598,0.9973,4.2764
49.4600,1.0052,4.3023
49.4602,1.1045,4.7206
49.4604,1.0821,4.6377
49.4606,0.9589,4.1195
49.4608,0.8442,3.6248
49.4610,0.8199,3.5225
49.4612,0.8306,3.565
49.4614,0.8722,3.7401
49.4616,0.9153,3.9302
49.4618,0.9015,3.8728
49.4620,0.8633,3.7124
49.4622,0.79,3.3921
49.4624,0.8081,3.4763
49.4626,0.7372,3.1729
49.4628,0.7488,3.2215
49.4630,0.8059,3.4622
49.4632,0.8554,3.6732
49.4634,0.8964,3.8457
49.4636,0.889,3.8281
49.4638,0.7474,3.2138
49.4640,0.8017,3.4426
49.4642,0.839,3.6027
49.4644,0.8556,3.6755
49.4646,0.815,3.5079
49.4648,0.7175,3.0883
49.4650,0.7672,3.2943
49.4652,0.8354,3.5923
49.4654,0.7889,3.389
49.4656,0.8085,3.4768
49.4658,0.7326,3.1533
49.4660,0.7324,3.1508
49.4662,0.7823,3.3685
49.4664,0.765,3.2865
49.4666,0.8269,3.5573
49.4668,0.7781,3.3458
49.4670,0.7517,3.2369
49.4672,0.6884,2.9643
49.4674,0.6778,2.9175
49.4676,0.678,2.9193
49.4678,0.7317,3.1477
49.4680,0.7621,3.2787
49.4682,0.7343,3.1635
49.4684,0.6861,2.9544
49.4686,0.6529,2.814
49.4688,0.6576,2.8316
49.4690,0.697,2.9972
49.4692,0.7424,3.2025
49.4694,0.6165,2.6581
49.4696,0.6716,2.8879
49.4698,0.7758,3.3329
49.4700,0.7745,3.335
49.4702,0.6758,2.9127
49.4704,0.6241,2.6912
49.4706,0.6161,2.6554
49.4708,0.6079,2.6202
49.4710,0.6069,2.6168
49.4712,0.5986,2.5811
49.4714,0.6024,2.5928
49.4716,0.6762,2.9075
49.4718,0.7588,3.2613
49.4720,0.7251,3.1266
49.4722,0.5931,2.5573
49.4724,0.5919,2.5474
49.4726,0.6332,2.7318
49.4728,0.5626,2.426
49.4730,0.56,2.4157
49.4732,0.5462,2.353
49.4734,0.5948,2.5634
49.4736,0.5828,2.5129
49.4738,0.5758,2.4817
49.4740,0.5962,2.5732
49.4742,0.5234,2.2601
49.4744,0.475,2.0509
49.4746,0.4763,2.0566
49.4748,0.4603,1.9896
49.4750,0.4453,1.923
49.4752,0.4437,1.9149
49.4754,0.4848,2.0914
49.4756,0.4849,2.0939
49.4758,0.4793,2.0695
49.4760,0.4765,2.0586
49.4762,0.4504,1.9429
49.4764,0.5024,2.1614
49.4766,0.668,2.8751
49.4768,0.6886,2.9653
49.4770,0.6685,2.8772
49.4772,0.6476,2.7848
49.4774,0.7235,3.1155
49.4776,0.7156,3.0829
49.4778,0.6768,2.9128
49.4780,0.6704,2.8841
49.4782,0.6927,2.9815
49.4784,0.6832,2.9407
49.4786,0.6619,2.8488
49.4788,0.6513,2.8047
49.4790,0.6897,2.9658
49.4792,0.7674,3.2999
49.4794,0.7704,3.3097
49.4796,0.7572,3.2591
49.4798,0.7573,3.2551
49.4800,0.7852,3.3746
49.4802,0.7386,3.1732
49.4804,0.7436,3.1958
49.4806,0.7058,3.0377
49.4808,0.6822,2.9347
49.4810,0.6854,2.9486
49.4812,0.713,3.0687
49.4814,0.7175,3.0868
49.4816,0.7167,3.0875
49.4818,0.6371,2.742
49.4820,0.635,2.7319
49.4822,0.692,2.9811
49.4824,0.6619,2.8501
49.4826,0.6855,2.9519
49.4828,0.6184,2.6652
49.4830,0.5876,2.5312
49.4832,0.6126,2.6367
49.4834,0.6624,2.8509
49.4836,0.6137,2.6426
49.4838,0.5734,2.4737
49.4840,0.4993,2.156
49.4842,0.4902,2.1166
49.4844,0.4916,2.1209
49.4846,0.4931,2.1271
49.4848,0.4878,2.1043
49.4850,0.4885,2.1074
49.4852,0.489,2.1085
49.4854,0.4885,2.1055
49.4856,0.5455,2.3531
49.4858,0.4989,2.1504
49.4860,0.5256,2.2673
49.4862,0.4916,2.1219
49.4864,0.487,2.1007
49.4866,0.515,2.2176
49.4868,0.5829,2.511
49.4870,0.5733,2.4686
49.4872,0.5471,2.3593
49.4874,0.4783,2.0644
49.4876,0.4804,2.0732
49.4878,0.4909,2.1148
49.4880,0.5304,2.2848
49.4882,0.6011,2.5884
49.4884,0.6065,2.614
49.4886,0.5671,2.4429
49.4888,0.5312,2.2873
49.4890,0.5891,2.532
49.4892,0.6612,2.8457
49.4894,0.6636,2.8534
49.4896,0.6922,2.9794
49.4898,0.654,2.8134
49.4900,0.6975,3.0007
49.4902,0.6999,3.0096
49.4904,0.7215,3.0995
49.4906,0.7902,3.3916
49.4908,0.8823,3.7886
49.4910,0.8702,3.7348
49.4912,0.8434,3.6251
49.4914,0.7384,3.1766
49.4916,0.7408,3.184
49.4918,0.734,3.1546
49.4920,0.8017,3.4394
49.4922,0.8145,3.4977
49.4924,0.8072,3.4662
49.4926,0.8262,3.5493
49.4928,0.819,3.5151
49.4930,0.8577,3.6847
49.4932,0.8362,3.5975
49.4934,0.7705,3.3087
49.4936,0.8072,3.463
49.4938,0.8673,3.7225
49.4940,0.7992,3.4365
49.4942,0.8054,3.4617
49.4944,0.8202,3.5235
49.4946,0.7484,3.2149
49.4948,0.7221,3.1036
49.4950,0.7211,3.1038
49.4952,0.6843,2.9467
49.4954,0.6901,2.9673
49.4956,0.7126,3.0628
49.4958,0.7804,3.3572
49.4960,0.7394,3.1822
49.4962,0.7721,3.3169
49.4964,0.7548,3.2473
49.4966,0.7024,3.0204
49.4968,0.7383,3.1746
49.4970,0.7546,3.2478
49.4972,0.6957,2.9902
49.4974,0.7564,3.2555
49.4976,0.771,3.3154
49.4978,0.7806,3.3566
49.4980,0.7671,3.2968
49.4982,0.7677,3.2979
49.4984,0.742,3.1936
49.4986,0.7184,3.0862
49.4988,0.7444,3.2039
49.4990,0.6766,2.9137
49.4992,0.7076,3.0454
49.4994,0.7434,3.1953
49.4996,0.7629,3.2757
49.4998,0.7966,3.4268
49.5000,0.7783,3.3437
49.5002,0.7883,3.3865
49.5004,0.8409,3.6092
49.5006,0.8494,3.6509
49.5008,0.806,3.4643
49.5010,0.8358,3.5921
49.5012,0.7957,3.4184
49.5014,0.7216,3.1073
49.5016,0.6961,2.9945
49.5018,0.7208,3.0979
49.5020,0.7202,3.0982
49.5022,0.7061,3.0421
49.5024,0.6413,2.7665
49.5026,0.5786,2.4936
49.5028,0.6018,2.5891
49.5030,0.6699,2.8861
49.5032,0.6324,2.7269
49.5034,0.5942,2.5572
49.5036,0.6389,2.7536
49.5038,0.6101,2.6332
49.5040,0.5463,2.3568
49.5042,0.5241,2.259
49.5044,0.5239,2.2611
49.5046,0.526,2.2693
49.5048,0.5256,2.2652
49.5050,0.5235,2.2564
49.5052,0.5236,2.258
49.5054,0.5234,2.259
49.5056,0.5286,2.2781
49.5058,0.527,2.2735
49.5060,0.524,2.2595
49.5062,0.5471,2.356
49.5064,0.6512,2.8016
49.5066,0.6597,2.8422
49.5068,0.5668,2.4452
49.5070,0.5398,2.3256
49.5072,0.5752,2.4814
49.5074,0.5787,2.4953
49.5076,0.5506,2.3743
49.5078,0.5356,2.3097
49.5080,0.5402,2.3293
49.5082,0.5342,2.3013
49.5084,0.5292,2.2786
49.5086,0.5732,2.4715
49.5088,0.5406,2.3319
49.5090,0.5292,2.2817
49.5092,0.5308,2.2879
49.5094,0.5289,2.2765
49.5096,0.6214,2.6744
49.5098,0.6431,2.7691
49.5100,0.639,2.7515
49.5102,0.5545,2.3897
49.5104,0.5364,2.3138
49.5106,0.5398,2.3278
49.5108,0.5419,2.3344
49.5110,0.5379,2.3206
49.5112,0.5335,2.3014
49.5114,0.5184,2.2331
49.5116,0.5688,2.4472
49.5118,0.6495,2.797
49.5120,0.6263,2.698
49.5122,0.5572,2.4027
49.5124,0.5686,2.4484
49.5126,0.6527,2.8104
49.5128,0.7017,3.0117
49.5130,0.788,3.387
49.5132,0.7341,3.1566
49.5134,0.6832,2.942
49.5136,0.6426,2.7644
49.5138,0.6702,2.8831
49.5140,0.6343,2.7365
49.5142,0.5306,2.289
49.5144,0.5197,2.2399
49.5146,0.5101,2.1975
49.5148,0.5445,2.3479
49.5150,0.5427,2.3391
49.5152,0.5596,2.4108
49.5154,0.5834,2.5119
49.5156,0.5886,2.5394
49.5158,0.537,2.3132
49.5160,0.5329,2.2978
49.5162,0.4858,2.0955
49.5164,0.482,2.0785
49.5166,0.5423,2.3375
49.5168,0.5662,2.437
49.5170,0.571,2.4588
49.5172,0.5776,2.4895
49.5174,0.5949,2.5627
49.5176,0.6807,2.9244
49.5178,0.7143,3.0729
49.5180,0.6823,2.9338
49.5182,0.7314,3.1394
49.5184,0.7611,3.2726
49.5186,0.7064,3.0375
49.5188,0.676,2.9084
49.5190,0.7018,3.0179
49.5192,0.7332,3.1544
49.5194,0.7523,3.2289
49.5196,0.7815,3.3587
49.5198,0.7523,3.2334
49.5200,0.7589,3.2618
49.5202,0.7493,3.2191
49.5204,0.7317,3.1521
49.5206,0.6433,2.7727
49.5208,0.6215,2.6761
49.5210,0.5979,2.5708
49.5212,0.6662,2.8621
49.5214,0.7612,3.2731
49.5216,0.6442,2.7724
49.5218,0.5832,2.5103
49.5220,0.6325,2.7211
49.5222,0.657,2.8277
49.5224,0.6342,2.7296
49.5226,0.687,2.9512
49.5228,0.7594,3.2638
49.5230,0.7243,3.1099
49.5232,0.8608,3.6912
49.5234,0.9497,4.0703
49.5236,0.9532,4.0833
49.5238,0.912,3.9181
49.5240,0.8379,3.5981
49.5242,0.8255,3.5445
49.5244,0.8149,3.5008
49.5246,0.7764,3.3339
49.5248,0.8262,3.5493
49.5250,0.8038,3.4513
49.5252,0.8235,3.5297
49.5254,0.9112,3.9108
49.5256,0.889,3.8138
49.5258,0.898,3.8506
49.5260,0.8994,3.8586
49.5262,0.9131,3.9172
49.5264,0.9251,3.9668
49.5266,0.8902,3.8261
49.5268,0.7605,3.2715
49.5270,0.7436,3.1973
49.5272,0.7382,3.1741
49.5274,0.735,3.1607
49.5276,0.7494,3.2166
49.5278,0.8304,3.5689
49.5280,0.7853,3.3736
49.5282,0.8036,3.4524
49.5284,0.8368,3.5951
49.5286,0.8121,3.4906
49.5288,0.7969,3.4236
49.5290,0.8404,3.6122
49.5292,0.8073,3.4619
49.5294,0.8618,3.7005
49.5296,0.842,3.6156
49.5298,0.8558,3.6782
49.5300,0.789,3.3911
49.5302,0.7752,3.335
49.5304,0.7867,3.3829
49.5306,0.8024,3.4473
49.5308,0.7816,3.3608
49.5310,0.7287,3.1377
49.5312,0.6902,2.9748
49.5314,0.6764,2.9153
49.5316,0.6434,2.7706
49.5318,0.71,3.0529
49.5320,0.8113,3.487
49.5322,0.8294,3.5665
49.5324,0.7294,3.1379
49.5326,0.7407,3.179
49.5328,0.8287,3.5601
49.5330,0.7994,3.436
49.5332,0.8015,3.4447
49.5334,0.8215,3.5325
49.5336,0.7631,3.2844
49.5338,0.7168,3.0881
49.5340,0.6049,2.6073
49.5342,0.5906,2.5465
49.5344,0.5992,2.5813
49.5346,0.5611,2.4226
49.5348,0.4993,2.156
49.5350,0.497,2.1452
49.5352,0.5001,2.1576
49.5354,0.5313,2.29
49.5356,0.5578,2.4064
49.5358,0.545,2.3478
49.5360,0.5987,2.578
49.5362,0.6432,2.7709
49.5364,0.6057,2.6104
49.5366,0.636,2.7373
49.5368,0.7136,3.0741
49.5370,0.6677,2.8736
49.5372,0.6633,2.8537
49.5374,0.6672,2.8715
49.5376,0.6972,3.0006
49.5378,0.7452,3.2075
49.5380,0.722,3.1074
49.5382,0.7216,3.1044
49.5384,0.7106,3.0555
49.5386,0.6672,2.8782
49.5388,0.5373,2.318
49.5390,0.5307,2.2885
49.5392,0.5408,2.333
49.5394,0.5578,2.4053
49.5396,0.5675,2.4483
49.5398,0.56,2.4113
49.5400,0.6065,2.614
49.5402,0.5687,2.449
49.5404,0.6174,2.6598
49.5406,0.5672,2.449
49.5408,0.4748,2.0504
49.5410,0.4645,2.004
49.5412,0.4711,2.0305
49.5414,0.5499,2.369
49.5416,0.5251,2.2694
49.5418,0.4343,1.8762
49.5420,0.4259,1.84
49.5422,0.427,1.8438
49.5424,0.4341,1.8752
49.5426,0.429,1.8526
49.5428,0.4789,2.0641
49.5430,0.5215,2.2476
49.5432,0.5402,2.3315
49.5434,0.4793,2.0714
49.5436,0.4504,1.9447
49.5438,0.4471,1.929
49.5440,0.4474,1.9309
49.5442,0.4456,1.9231
49.5444,0.4488,1.9353
49.5446,0.4476,1.9301
49.5448,0.4461,1.9234
49.5450,0.4458,1.926
49.5452,0.4469,1.9297
49.5454,0.4453,1.9212
49.5456,0.4748,2.0466
49.5458,0.5181,2.2331
49.5460,0.5404,2.3293
49.5462,0.5573,2.401
49.5464,0.539,2.3231
49.5466,0.5075,2.1882
49.5468,0.57,2.4569
49.5470,0.5697,2.4565
49.5472,0.5017,2.1633
49.5474,0.5012,2.1603
49.5476,0.5132,2.214
49.5478,0.4977,2.1443
49.5480,0.5415,2.335
49.5482,0.5675,2.4427
49.5484,0.5669,2.4457
49.5486,0.4968,2.1411
49.5488,0.5498,2.3696
49.5490,0.5777,2.4865
49.5492,0.5811,2.4998
49.5494,0.6052,2.6071
49.5496,0.5135,2.214
49.5498,0.4982,2.1483
49.5500,0.494,2.1293
49.5502,0.5121,2.2063
49.5504,0.541,2.3275
49.5506,0.6017,2.5873
49.5508,0.6825,2.9335
49.5510,0.7366,3.1689
49.5512,0.6298,2.7118
49.5514,0.5346,2.3018
49.5516,0.5446,2.3441
49.5518,0.5806,2.5024
49.5520,0.5552,2.3951
49.5522,0.4853,2.0915
49.5524,0.5263,2.262
49.5526,0.6193,2.6693
49.5528,0.5239,2.2579
49.5530,0.5113,2.2016
49.5532,0.5485,2.3606
49.5534,0.5609,2.4188
49.5536,0.5639,2.4294
49.5538,0.5712,2.4598
49.5540,0.5849,2.5151
49.5542,0.6302,2.7113
49.5544,0.6091,2.6217
49.5546,0.6606,2.8379
49.5548,0.6739,2.9018
49.5550,0.5407,2.3314
49.5552,0.5499,2.3679
49.5554,0.6555,2.8188
49.5556,0.657,2.8263
49.5558,0.6937,2.9814
49.5560,0.7048,3.0308
49.5562,0.704,3.0173
49.5564,0.8723,3.7406
49.5566,0.8552,3.6671
49.5568,0.857,3.6731
49.5570,0.9201,3.9397
49.5572,0.9606,4.1152
49.5574,0.9696,4.1479
49.5576,1.0552,4.5163
49.5578,1.0239,4.3762
49.5580,1.0554,4.5194
49.5582,1.0466,4.4814
49.5584,1.0635,4.5517
49.5586,1.0105,4.3269
49.5588,1.0032,4.2996
49.5590,0.9491,4.064
49.5592,1.0132,4.3407
49.5594,1.0283,4.3972
49.5596,1.1212,4.7941
49.5598,1.0949,4.6905
49.5600,1.0096,4.3313
49.5602,0.95,4.0719
49.5604,0.9233,3.9536
49.5606,0.9837,4.2143
49.5608,0.9271,3.9756
49.5610,0.9204,3.9486
49.5612,0.8992,3.8576
49.5614,0.8945,3.8429
49.5616,0.8614,3.6973
49.5618,0.8876,3.8077
49.5620,0.8872,3.8044
49.5622,0.9142,3.9255
49.5624,0.8795,3.7697
49.5626,0.9116,3.9142
49.5628,0.8186,3.5201
49.5630,0.7739,3.3293
49.5632,0.7355,3.1613
49.5634,0.7547,3.2437
49.5636,0.7885,3.3859
49.5638,0.809,3.4772
49.5640,0.7695,3.3071
49.5642,0.8091,3.481
49.5644,0.728,3.1288
49.5646,0.7958,3.4189
49.5648,0.8787,3.7819
49.5650,0.7077,3.0446
49.5652,0.6964,2.9947
49.5654,0.7192,3.0926
49.5656,0.7408,3.1825
49.5658,0.8045,3.456
49.5660,0.801,3.4427
49.5662,0.8168,3.514
49.5664,0.7938,3.4133
49.5666,0.7659,3.2963
49.5668,0.6998,3.0105
49.5670,0.7621,3.2803
49.5672,0.7143,3.0744
49.5674,0.678,2.9207
49.5676,0.6696,2.8859
49.5678,0.6873,2.9555
49.5680,0.7546,3.2447
49.5682,0.6961,2.9987
49.5684,0.6113,2.6359
49.5686,0.5914,2.5501
49.5688,0.607,2.61
49.5690,0.7461,3.2081
49.5692,0.7051,3.0388
49.5694,0.6386,2.7513
49.5696,0.6367,2.743
49.5698,0.63,2.7141
49.5700,0.638,2.7499
49.5702,0.6361,2.7404
49.5704,0.6468,2.7825
49.5706,0.6583,2.836
49.5708,0.7101,3.0534
49.5710,0.7993,3.4355
49.5712,0.7714,3.3231
49.5714,0.5867,2.5311
49.5716,0.5457,2.3542
49.5718,0.5431,2.3385
49.5720,0.6109,2.6319
49.5722,0.6649,2.8631
49.5724,0.6424,2.7724
49.5726,0.5455,2.3531
49.5728,0.5304,2.2869
49.5730,0.538,2.32
49.5732,0.5777,2.49
49.5734,0.6186,2.665
49.5736,0.6247,2.6926
49.5738,0.6323,2.7213
49.5740,0.6594,2.8406
49.5742,0.6115,2.637
49.5744,0.568,2.4504
49.5746,0.518,2.2337
49.5748,0.5268,2.2714
49.5750,0.5569,2.4012
49.5752,0.5311,2.289
49.5754,0.5338,2.3008
49.5756,0.6127,2.6446
49.5758,0.5489,2.3671
49.5760,0.5372,2.3153
49.5762,0.5712,2.4609
49.5764,0.6076,2.615
49.5766,0.6467,2.782
49.5768,0.6973,2.9969
49.5770,0.7365,3.1698
49.5772,0.681,2.9295
49.5774,0.6877,2.9612
49.5776,0.6509,2.8013
49.5778,0.6794,2.9228
49.5780,0.7159,3.0782
49.5782,0.7627,3.2798
49.5784,0.7342,3.16
49.5786,0.7171,3.0848
49.5788,0.7384,3.1707
49.5790,0.8121,3.489
49.5792,0.793,3.4097
49.5794,0.8012,3.4485
49.5796,0.6924,2.9785
49.5798,0.6523,2.8141
49.5800,0.5483,2.3645
49.5802,0.5706,2.4584
49.5804,0.579,2.4934
49.5806,0.5936,2.5582
49.5808,0.6093,2.6259
49.5810,0.6169,2.6541
49.5812,0.6596,2.839
49.5814,0.6846,2.9436
49.5816,0.7082,3.0466
49.5818,0.6829,2.9405
49.5820,0.6078,2.6185
49.5822,0.6191,2.6658
49.5824,0.6671,2.875
49.5826,0.6171,2.6607
49.5828,0.5848,2.5181
49.5830,0.6072,2.6159
49.5832,0.6082,2.6176
49.5834,0.6681,2.8757
49.5836,0.6942,2.9904
49.5838,0.6595,2.8385
49.5840,0.6467,2.7884
49.5842,0.5182,2.2378
49.5844,0.471,2.0338
49.5846,0.4734,2.0423
49.5848,0.4643,2.0039
49.5850,0.4652,2.008
49.5852,0.4632,1.9983
49.5854,0.4699,2.0291
49.5856,0.4697,2.03
49.5858,0.4645,2.0049
49.5860,0.474,2.0439
49.5862,0.4748,2.0504
49.5864,0.468,2.0199
49.5866,0.4668,2.0138
49.5868,0.4682,2.0191
49.5870,0.4589,1.9806
49.5872,0.4527,1.9528
49.5874,0.5368,2.3138
49.5876,0.5763,2.4838
49.5878,0.5475,2.3608
49.5880,0.4943,2.1323
49.5882,0.5024,2.1624
49.5884,0.6257,2.6917
49.5886,0.6324,2.7206
49.5888,0.6455,2.773
49.5890,0.6963,2.9928
49.5892,0.6904,2.973
49.5894,0.6919,2.9765
49.5896,0.7874,3.3813
49.5898,0.8006,3.4299
49.5900,0.8737,3.7463
49.5902,0.8618,3.6919
49.5904,0.9081,3.8975
49.5906,0.9027,3.8707
49.5908,0.9384,4.022
49.5910,0.9415,4.0392
49.5912,0.9318,3.9975
49.5914,0.8892,3.8113
49.5916,0.9075,3.8931
49.5918,0.89,3.8144
49.5920,0.9004,3.8609
49.5922,0.9378,4.0213
49.5924,0.9849,4.2155
49.5926,1.0089,4.3202
49.5928,0.9915,4.2517
49.5930,0.9935,4.2579
49.5932,1.0062,4.3084
49.5934,1.0435,4.466
49.5936,1.0553,4.5273
49.5938,0.9058,3.8949
49.5940,0.8358,3.5871
49.5942,0.8698,3.7368
49.5944,0.7954,3.4216
49.5946,0.7346,3.1586
49.5948,0.7169,3.0814
49.5950,0.7627,3.2783
49.5952,0.8125,3.4889
49.5954,0.8386,3.6028
49.5956,0.8269,3.5507
49.5958,0.8349,3.5919
49.5960,0.7329,3.1514
49.5962,0.7705,3.3133
49.5964,0.7627,3.2767
49.5966,0.7285,3.1338
49.5968,0.7486,3.219
49.5970,0.7908,3.4005
49.5972,0.791,3.3999
49.5974,0.7798,3.3499
49.5976,0.7699,3.3107
49.5978,0.7654,3.2911
49.5980,0.8012,3.4437
49.5982,0.8105,3.4801
49.5984,0.8414,3.613
49.5986,0.8361,3.597
49.5988,0.7469,3.2162
49.5990,0.7366,3.1689
49.5992,0.7264,3.1265
49.5994,0.718,3.086
49.5996,0.7168,3.0866
49.5998,0.695,2.9871
49.6000,0.7751,3.3345
49.6002,0.7946,3.4154
49.6004,0.8324,3.5744
49.6006,0.7747,3.3329
49.6008,0.6725,2.8983
49.6010,0.6264,2.6986
49.6012,0.6173,2.6605
49.6014,0.6096,2.6262
49.6016,0.6684,2.8753
49.6018,0.7124,3.0718
49.6020,0.6426,2.7696
49.6022,0.6612,2.8431
49.6024,0.6916,2.9796
49.6026,0.5994,2.5847
49.6028,0.587,2.531
49.6030,0.5902,2.5426
49.6032,0.6035,2.5999
49.6034,0.5987,2.5804
49.6036,0.5663,2.4443
49.6038,0.5211,2.2492
49.6040,0.5235,2.2553
49.6042,0.551,2.378
49.6044,0.5021,2.1659
49.6046,0.5344,2.3045
49.6048,0.5009,2.1617
49.6050,0.4559,1.9695
49.6052,0.4546,1.962
49.6054,0.4987,2.1524
49.6056,0.4547,1.9625
49.6058,0.4504,1.9456
49.6060,0.4618,1.9939
49.6062,0.4602,1.9863
49.6064,0.4531,1.9566
49.6066,0.4528,1.956
49.6068,0.4531,1.9566
49.6070,0.4531,1.9557
49.6072,0.4499,1.9427
49.6074,0.4513,1.9489
49.6076,0.4511,1.9451
49.6078,0.5016,2.1628
49.6080,0.4699,2.0282
49.6082,0.4529,1.9538
49.6084,0.483,2.0836
49.6086,0.5545,2.3875
49.6088,0.606,2.612
49.6090,0.5066,2.1876
49.6092,0.4614,1.9924
49.6094,0.4523,1.9512
49.6096,0.4515,1.9494
49.6098,0.4757,2.0511
49.6100,0.5147,2.2192
49.6102,0.4533,1.9554
49.6104,0.4501,1.9437
49.6106,0.4462,1.9266
49.6108,0.4518,1.9491
49.6110,0.4729,2.0402
49.6112,0.4703,2.0298
49.6114,0.4557,1.9666
49.6116,0.4567,1.9704
49.6118,0.4584,1.9758
49.6120,0.5342,2.2981
49.6122,0.6342,2.7271
49.6124,0.7039,3.0295
49.6126,0.6403,2.7559
49.6128,0.5925,2.5512
49.6130,0.5822,2.5091
49.6132,0.4805,2.0737
49.6134,0.4854,2.0911
49.6136,0.5536,2.3839
49.6138,0.5849,2.521
49.6140,0.5784,2.4908
49.6142,0.5265,2.2704
49.6144,0.4558,1.9653
49.6146,0.5046,2.1737
49.6148,0.5419,2.3322
49.6150,0.5763,2.4803
49.6152,0.5937,2.5552
49.6154,0.6039,2.6002
49.6156,0.5751,2.4763
49.6158,0.5784,2.4919
49.6160,0.6041,2.6013
49.6162,0.6226,2.6733
49.6164,0.746,3.2046
49.6166,0.7516,3.2258
49.6168,0.7564,3.2494
49.6170,0.7703,3.3077
49.6172,0.7948,3.4143
49.6174,0.7673,3.2979
49.6176,0.7215,3.0967
49.6178,0.7451,3.204
49.6180,0.6546,2.8186
49.6182,0.6308,2.7139
49.6184,0.6533,2.8077
49.6186,0.748,3.2134
49.6188,0.81,3.4781
49.6190,0.7596,3.2694
49.6192,0.685,2.9471
49.6194,0.6787,2.9184
49.6196,0.6916,2.974
49.6198,0.6999,3.0096
49.6200,0.7343,3.1576
49.6202,0.7103,3.0545
49.6204,0.6102,2.6313
49.6206,0.5678,2.4448
49.6208,0.6482,2.7848
49.6210,0.7227,3.1032
49.6212,0.7437,3.1978
49.6214,0.6969,2.9967
49.6216,0.7225,3.1022
49.6218,0.7409,3.186
49.6220,0.6837,2.9427
49.6222,0.6898,2.9718
49.6224,0.6353,2.7317
49.6226,0.732,3.139
49.6228,0.9323,3.9958
49.6230,0.9352,4.0119
49.6232,0.8379,3.6014
49.6234,0.7546,3.2417
49.6236,0.7665,3.2927
49.6238,0.8099,3.4808
49.6240,0.7844,3.3684
49.6242,0.8106,3.4742
49.6244,0.8421,3.6127
49.6246,0.8632,3.6998
49.6248,0.8569,3.6794
49.6250,0.8425,3.6126
49.6252,0.9461,4.053
49.6254,0.9679,4.1543
49.6256,0.8892,3.8149
49.6258,0.8794,3.7727
49.6260,0.8517,3.6539
49.6262,0.9301,3.9847
49.6264,0.9372,4.0206
49.6266,0.8323,3.5772
49.6268,0.8234,3.5391
49.6270,0.7765,3.3422
49.6272,0.7485,3.2169
49.6274,0.7759,3.3365
49.6276,0.7739,3.3262
49.6278,0.7709,3.3118
49.6280,0.8338,3.5806
49.6282,0.8295,3.5653
49.6284,0.7902,3.3963
49.6286,0.7595,3.2644
49.6288,0.8234,3.5358
49.6290,0.8607,3.6959
49.6292,0.8213,3.5314
49.6294,0.739,3.1748
49.6296,0.7529,3.239
49.6298,0.7575,3.2586
49.6300,0.748,3.2149
49.6302,0.7298,3.1424
49.6304,0.7167,3.0832
49.6306,0.7619,3.2747
49.6308,0.7782,3.3463
49.6310,0.7143,3.0686
49.6312,0.7542,3.2447
49.6314,0.7461,3.2081
49.6316,0.7488,3.2155
49.6318,0.8051,3.4602
49.6320,0.7926,3.4082
49.6322,0.733,3.1505
49.6324,0.7466,3.2117
49.6326,0.7049,3.0341
49.6328,0.7024,3.0219
49.6330,0.7295,3.1399
49.6332,0.7554,3.2483
49.6334,0.7629,3.2803
49.6336,0.7427,3.1937
49.6338,0.7981,3.4319
49.6340,0.7773,3.3406
49.6342,0.7825,3.3633
49.6344,0.7488,3.22
49.6346,0.7656,3.2922
49.6348,0.7753,3.3339
49.6350,0.7508,3.2267
49.6352,0.744,3.2009
49.6354,0.6808,2.9304
49.6356,0.7335,3.1496
49.6358,0.7757,3.3355
49.6360,0.7497,3.2251
49.6362,0.7484,3.2194
49.6364,0.7792,3.3504
49.6366,0.7894,3.3943
49.6368,0.7386,3.1791
49.6370,0.6891,2.9687
49.6372,0.6119,2.6373
49.6374,0.5965,2.5675
49.6376,0.6422,2.7655
49.6378,0.6534,2.8122
49.6380,0.6898,2.9718
49.6382,0.6313,2.7235
49.6384,0.6157,2.6501
49.6386,0.7288,3.1368
49.6388,0.6593,2.8361
49.6390,0.6993,3.0084
49.6392,0.7259,3.1259
49.6394,0.6885,2.9648
49.6396,0.7108,3.0594
49.6398,0.6879,2.9594
49.6400,0.6389,2.7548
49.6402,0.5368,2.317
49.6404,0.5317,2.2915
49.6406,0.5435,2.3427
49.6408,0.5382,2.3216
49.6410,0.542,2.3381
49.6412,0.542,2.3371
49.6414,0.5437,2.3454
49.6416,0.5908,2.5463
49.6418,0.6295,2.7095
49.6420,0.6115,2.6345
49.6422,0.5452,2.3521
49.6424,0.5394,2.3257
49.6426,0.5372,2.3164
49.6428,0.5238,2.2595
49.6430,0.5209,2.2492
49.6432,0.5202,2.244
49.6434,0.5282,2.2776
49.6436,0.5259,2.2678
49.6438,0.5257,2.2646
49.6440,0.5246,2.2621
49.6442,0.5234,2.258
49.6444,0.5276,2.2761
49.6446,0.5301,2.2859
49.6448,0.5253,2.2652
49.6450,0.5775,2.4878
49.6452,0.6305,2.7123
49.6454,0.6659,2.8632
49.6456,0.6657,2.864
49.6458,0.6599,2.8387
49.6460,0.6585,2.8423
49.6462,0.5407,2.3325
49.6464,0.5286,2.2781
49.6466,0.5294,2.2817
49.6468,0.5252,2.2647
49.6470,0.5433,2.3428
49.6472,0.5541,2.386
49.6474,0.6089,2.6231
49.6476,0.5636,2.4267
49.6478,0.5896,2.5412
49.6480,0.5912,2.5502
49.6482,0.5861,2.5238
49.6484,0.671,2.884
49.6486,0.6872,2.9618
49.6488,0.5728,2.4699
49.6490,0.5548,2.3913
49.6492,0.5721,2.4623
49.6494,0.6401,2.7536
49.6496,0.6687,2.8796
49.6498,0.6774,2.9127
49.6500,0.6889,2.9594
49.6502,0.7065,3.0436
49.6504,0.6085,2.6204
49.6506,0.6337,2.725
49.6508,0.637,2.7415
49.6510,0.6698,2.8802
49.6512,0.6866,2.9551
49.6514,0.6286,2.7104
49.6516,0.6242,2.688
49.6518,0.6364,2.7351
49.6520,0.7307,3.1392
49.6522,0.7422,3.1916
49.6524,0.7045,3.032
49.6526,0.5683,2.4503
49.6528,0.4818,2.0794
49.6530,0.4682,2.02
49.6532,0.4811,2.0734
49.6534,0.5641,2.4288
49.6536,0.593,2.558
49.6538,0.485,2.0915
49.6540,0.5994,2.5775
49.6542,0.6402,2.7592
49.6544,0.5432,2.3401
49.6546,0.5812,2.5038
49.6548,0.5633,2.4257
49.6550,0.5793,2.4921
49.6552,0.7048,3.0294
49.6554,0.7421,3.1867
49.6556,0.7669,3.2948
49.6558,0.7838,3.3674
49.6560,0.8137,3.4908
49.6562,0.8341,3.5782
49.6564,0.868,3.7221
49.6566,0.9359,4.0131
49.6568,0.903,3.874
49.6570,0.8749,3.7427
49.6572,1.0072,4.311
49.6574,1.0526,4.5029
49.6576,1.1008,4.7135
49.6578,1.0413,4.4651
49.6580,0.9165,3.9298
49.6582,0.974,4.1766
49.6584,0.9496,4.0641
49.6586,1.042,4.4577
49.6588,1.0399,4.4464
49.6590,1.0793,4.6173
49.6592,1.0811,4.625
49.6594,1.121,4.7958
49.6596,1.1287,4.8354
49.6598,1.0084,4.3302
49.6600,0.8463,3.6341
49.6602,0.8412,3.6086
49.6604,0.8702,3.7383
49.6606,0.8359,3.591
49.6608,0.8214,3.5319
49.6610,0.8107,3.4828
49.6612,0.8479,3.6391
49.6614,0.8817,3.786
49.6616,0.8488,3.6415
49.6618,0.8873,3.8084
49.6620,0.9132,3.9141
49.6622,1.0202,4.3644
49.6624,1.084,4.6459
49.6626,1.015,4.3504
49.6628,1.0214,4.3715
49.6630,1.045,4.4768
49.6632,1.0287,4.407
49.6634,0.9735,4.1765
49.6636,0.9063,3.9042
49.6638,0.6796,2.9279
49.6640,0.7331,3.1539
49.6642,0.7733,3.3236
49.6644,0.7951,3.4206
49.6646,0.7546,3.2462
49.6648,0.728,3.1346
49.6650,0.6627,2.8577
49.6652,0.598,2.5773
49.6654,0.6427,2.7727
49.6656,0.6596,2.8417
49.6658,0.6904,2.9703
49.6660,0.7542,3.2432
49.6662,0.7649,3.2906
49.6664,0.7289,3.1388
49.6666,0.7106,3.0583
49.6668,0.7193,3.0989
49.6670,0.6902,2.972
49.6672,0.6864,2.9555
49.6674,0.6884,2.9656
49.6676,0.6521,2.8117
49.6678,0.6023,2.5971
49.6680,0.6187,2.6667
49.6682,0.6109,2.6319
49.6684,0.6,2.5885
49.6686,0.5214,2.2513
49.6688,0.5288,2.2802
49.6690,0.5588,2.4106
49.6692,0.5486,2.3666
49.6694,0.5613,2.4181
49.6696,0.5826,2.5077
49.6698,0.6555,2.8228
49.6700,0.6744,2.9119
49.6702,0.5182,2.2357
49.6704,0.5485,2.3661
49.6706,0.5535,2.3867
49.6708,0.5343,2.3072
49.6710,0.4564,1.9715
49.6712,0.4554,1.9665
49.6714,0.4674,2.0173
49.6716,0.4663,2.0127
49.6718,0.4583,1.9807
49.6720,0.4571,1.9728
49.6722,0.4997,2.1535
49.6724,0.5583,2.4085
49.6726,0.5551,2.3934
49.6728,0.5552,2.3917
49.6730,0.5162,2.228
49.6732,0.4585,1.9809
49.6734,0.4583,1.9789
49.6736,0.4557,1.9657
49.6738,0.4814,2.075
49.6740,0.5746,2.4777
49.6742,0.5639,2.4317
49.6744,0.5822,2.5079
49.6746,0.565,2.4318
49.6748,0.6114,2.634
49.6750,0.5528,2.3858
49.6752,0.4501,1.9428
49.6754,0.4638,2.0027
49.6756,0.4897,2.1126
49.6758,0.5192,2.2378
49.6760,0.5575,2.4038
49.6762,0.5638,2.43
49.6764,0.5733,2.4686
49.6766,0.5727,2.4683
49.6768,0.5858,2.5246
49.6770,0.609,2.6273
49.6772,0.5679,2.4465
49.6774,0.5585,2.4073
49.6776,0.629,2.7087
49.6778,0.6434,2.7693
49.6780,0.6218,2.6727
49.6782,0.7296,3.1317
49.6784,0.7788,3.3489
49.6786,0.7479,3.2189
49.6788,0.6775,2.9173
49.6790,0.6159,2.6543
49.6792,0.5642,2.4316
49.6794,0.5481,2.3634
49.6796,0.5673,2.4428
49.6798,0.5967,2.5681
49.6800,0.6262,2.6975
49.6802,0.5636,2.4301
49.6804,0.5372,2.3153
49.6806,0.5228,2.2554
49.6808,0.5181,2.2331
49.6810,0.5444,2.3485
49.6812,0.4927,2.1246
49.6814,0.4981,2.1478
49.6816,0.5311,2.2879
49.6818,0.5858,2.5211
49.6820,0.6406,2.757
49.6822,0.637,2.7402
49.6824,0.7012,3.0153
49.6826,0.7112,3.0581
49.6828,0.6902,2.9665
49.6830,0.7829,3.3664
49.6832,0.6659,2.8685
49.6834,0.5756,2.4784
49.6836,0.5692,2.4544
49.6838,0.5199,2.244
49.6840,0.4805,2.0728
49.6842,0.4756,2.0516
49.6844,0.4734,2.0413
49.6846,0.4919,2.117
49.6848,0.6257,2.6942
49.6850,0.5662,2.4415
49.6852,0.4848,2.0914
49.6854,0.4696,2.0266
49.6856,0.4698,2.0277
49.6858,0.4682,2.02
49.6860,0.4664,2.0113
49.6862,0.4536,1.9569
49.6864,0.4506,1.9422
49.6866,0.5346,2.3061
49.6868,0.5043,2.1737
49.6870,0.5149,2.2182
49.6872,0.5326,2.2978
49.6874,0.4961,2.138
49.6876,0.5408,2.3254
49.6878,0.5883,2.5319
49.6880,0.6325,2.7224
49.6882,0.6511,2.8024
49.6884,0.6454,2.7763
49.6886,0.6691,2.8744
49.6888,0.7761,3.3339
49.6890,0.7956,3.4179
49.6892,0.8117,3.4821
49.6894,0.8551,3.6648
49.6896,0.9072,3.8902
49.6898,0.9263,3.9701
49.6900,0.8996,3.8573
49.6902,0.9173,3.9353
49.6904,0.9217,3.9543
49.6906,0.886,3.7992
49.6908,0.875,3.7502
49.6910,0.9412,4.032
49.6912,0.9464,4.0565
49.6914,0.9486,4.0638
49.6916,0.9485,4.0747
49.6918,0.8367,3.5929
49.6920,0.8594,3.6833
49.6922,0.945,4.0522
49.6924,0.9524,4.0879
49.6926,0.8473,3.6365
49.6928,0.8276,3.5505
49.6930,0.84,3.6068
49.6932,0.8143,3.4917
49.6934,0.928,3.9829
49.6936,0.8762,3.7588
49.6938,0.877,3.7624
49.6940,0.8952,3.8406
49.6942,0.8907,3.8228
49.6944,0.8691,3.7337
49.6946,0.8279,3.5565
49.6948,0.7913,3.4009
49.6950,0.8243,3.5427
49.6952,0.809,3.474
49.6954,0.8274,3.5561
49.6956,0.7672,3.2958
49.6958,0.8304,3.564
49.6960,0.8912,3.8178
49.6962,0.9605,4.1262
49.6964,0.8482,3.6457
49.6966,0.8089,3.4751
49.6968,0.8141,3.4956
49.6970,0.8598,3.6918
49.6972,0.8846,3.7966
49.6974,0.834,3.5794
49.6976,0.7792,3.3489
49.6978,0.7719,3.3144
49.6980,0.8412,3.6086
49.6982,0.9504,4.0753
49.6984,0.9957,4.2657
49.6986,1.0102,4.3299
49.6988,0.9594,4.1177
49.6990,0.8548,3.669
49.6992,0.847,3.6389
49.6994,0.919,3.9479
49.6996,0.8522,3.6593
49.6998,0.8318,3.5717
49.7000,0.9307,3.9928
49.7002,0.9382,4.0228
49.7004,0.9223,3.9642
49.7006,0.7776,3.3499
49.7008,0.6937,2.9869
49.7010,0.6909,2.9709
49.7012,0.7989,3.4355
49.7014,0.7244,3.1234
49.7016,0.6131,2.6424
49.7018,0.6025,2.5969
49.7020,0.5944,2.5594
49.7022,0.6607,2.8449
49.7024,0.6447,2.7788
49.7026,0.6413,2.7638
49.7028,0.6275,2.7069
49.7030,0.595,2.5679
49.7032,0.5375,2.319
49.7034,0.5052,2.1803
49.7036,0.5023,2.1669
49.7038,0.5101,2.2036
49.7040,0.5107,2.2041
49.7042,0.5102,2.202
49.7044,0.5344,2.3002
49.7046,0.6592,2.8414
49.7048,0.622,2.6806
49.7050,0.5401,2.3287
49.7052,0.5137,2.216
49.7054,0.5074,2.1901
49.7056,0.5072,2.1881
49.7058,0.5094,2.1974
49.7060,0.5078,2.1927
49.7062,0.5056,2.1834
49.7064,0.507,2.1871
49.7066,0.506,2.1819
49.7068,0.5091,2.1964
49.7070,0.5108,2.2026
49.7072,0.5074,2.1881
49.7074,0.5512,2.379
49.7076,0.5241,2.2621
49.7078,0.5161,2.2253
49.7080,0.5061,2.1844
49.7082,0.5059,2.1834
49.7084,0.5131,2.2114
49.7086,0.5769,2.484
49.7088,0.6009,2.5921
49.7090,0.5306,2.289
49.7092,0.5065,2.185
49.7094,0.5047,2.1782
49.7096,0.5043,2.1777
49.7098,0.5071,2.1855
49.7100,0.5233,2.2564
49.7102,0.5089,2.1943
49.7104,0.554,2.3887
49.7106,0.5336,2.2998
49.7108,0.5112,2.2072
49.7110,0.5325,2.2951
49.7112,0.6259,2.6939
49.7114,0.6794,2.92
49.7116,0.7039,3.0294
49.7118,0.6495,2.7956
49.7120,0.7047,3.0246
49.7122,0.7468,3.2112
49.7124,0.653,2.8132
49.7126,0.6012,2.5888
49.7128,0.6566,2.8287
49.7130,0.6391,2.7456
49.7132,0.7408,3.1854
49.7134,0.7352,3.1626
49.7136,0.7263,3.1215
49.7138,0.7124,3.0603
49.7140,0.762,3.2782
49.7142,0.7148,3.0764
49.7144,0.7133,3.0659
49.7146,0.7678,3.2922
49.7148,0.8919,3.8261
49.7150,0.9382,4.0209
49.7152,0.9525,4.0902
49.7154,0.7849,3.372
49.7156,0.8221,3.53
49.7158,0.8417,3.6195
49.7160,0.767,3.2983
49.7162,0.7626,3.2777
49.7164,0.7182,3.0899
49.7166,0.6548,2.8222
49.7168,0.6299,2.7122
49.7170,0.6134,2.6427
49.7172,0.5724,2.4661
49.7174,0.6276,2.7024
49.7176,0.6649,2.8603
49.7178,0.7173,3.0815
49.7180,0.7664,3.2942
49.7182,0.7992,3.4349
49.7184,0.7609,3.269
49.7186,0.7944,3.4079
49.7188,0.8763,3.761
49.7190,0.8531,3.6685
49.7192,0.7728,3.3215
49.7194,0.7573,3.2535
49.7196,0.8051,3.4569
49.7198,0.8118,3.4874
49.7200,0.7356,3.1662
49.7202,0.6407,2.76
49.7204,0.6208,2.6755
49.7206,0.6474,2.7863
49.7208,0.6443,2.7742
49.7210,0.6319,2.7235
49.7212,0.6234,2.6831
49.7214,0.6696,2.8805
49.7216,0.6687,2.8728
49.7218,0.7483,3.2104
49.7220,0.9049,3.8858
49.7222,0.9089,3.901
49.7224,0.9208,3.9501
49.7226,0.9235,3.9638
49.7228,0.9226,3.9578
49.7230,0.9113,3.9095
49.7232,0.9346,4.013
49.7234,0.8469,3.6366
49.7236,0.8594,3.6884
49.7238,0.8975,3.8503
49.7240,0.9446,4.0543
49.7242,0.9531,4.0871
49.7244,0.9566,4.1001
49.7246,0.9677,4.1474
49.7248,0.9684,4.1485
49.7250,1.051,4.5024
49.7252,1.0711,4.5887
49.7254,1.0639,4.5579
49.7256,1.0498,4.4973
49.7258,1.036,4.4424
49.7260,0.9812,4.2133
49.7262,0.8649,3.7156
49.7264,0.7637,3.2823
49.7266,0.7698,3.3086
49.7268,0.7759,3.338
49.7270,0.7776,3.3468
49.7272,0.7559,3.2488
49.7274,0.7783,3.3468
49.7276,0.8045,3.4608
49.7278,0.7864,3.3829
49.7280,0.765,3.288
49.7282,0.7927,3.4102
49.7284,0.8001,3.4438
49.7286,0.7853,3.3798
49.7288,0.7582,3.2586
49.7290,0.8181,3.5163
49.7292,0.8476,3.6414
49.7294,0.844,3.6259
49.7296,0.8655,3.7199
49.7298,0.8067,3.4706
49.7300,0.823,3.5391
49.7302,0.8355,3.5927
49.7304,0.8011,3.4399
49.7306,0.8515,3.6596
49.7308,0.7919,3.4082
49.7310,0.767,3.2998
49.7312,0.7896,3.3921
49.7314,0.8615,3.7011
49.7316,0.853,3.6714
49.7318,0.792,3.4087
49.7320,0.8041,3.4576
49.7322,0.7934,3.4086
49.7324,0.7977,3.4383
49.7326,0.6921,2.9788
49.7328,0.7973,3.4314
49.7330,0.8084,3.4794
49.7332,0.7952,3.4211
49.7334,0.7634,3.2844
49.7336,0.7632,3.2849
49.7338,0.7293,3.1373
49.7340,0.7627,3.2797
49.7342,0.7511,3.2342
49.7344,0.7027,3.0228
49.7346,0.7746,3.3292
49.7348,0.8392,3.6137
49.7350,0.7402,3.1858
49.7352,0.7703,3.3122
49.7354,0.76,3.2694
49.7356,0.7955,3.4173
49.7358,0.8497,3.6467
49.7360,0.9271,3.9792
49.7362,0.9431,4.0477
49.7364,0.9212,3.954
49.7366,0.9288,3.9957
49.7368,0.8001,3.4422
49.7370,0.7667,3.2952
49.7372,0.7854,3.3788
49.7374,0.7729,3.3328
49.7376,0.7239,3.1199
49.7378,0.7698,3.3132
49.7380,0.7373,3.1749
49.7382,0.7311,3.1495
49.7384,0.7133,3.0687
49.7386,0.7955,3.4237
49.7388,0.7519,3.2363
49.7390,0.7241,3.1195
49.7392,0.7114,3.0633
49.7394,0.7006,3.0225
49.7396,0.6389,2.7586
49.7398,0.5361,2.3149
49.7400,0.4881,2.1078
49.7402,0.4716,2.0382
49.7404,0.4678,2.0198
49.7406,0.4823,2.0834
49.7408,0.4745,2.0469
49.7410,0.5048,2.1818
49.7412,0.463,2.0018
49.7414,0.4579,1.9792
49.7416,0.4726,2.0386
49.7418,0.5187,2.2388
49.7420,0.4938,2.1292
49.7422,0.5485,2.366
49.7424,0.5077,2.1922
49.7426,0.5238,2.2595
49.7428,0.5642,2.4315
49.7430,0.5843,2.5219
49.7432,0.5736,2.4735
49.7434,0.566,2.4438
49.7436,0.5003,2.1591
49.7438,0.4693,2.0265
49.7440,0.4571,1.9737
49.7442,0.455,1.9658
49.7444,0.4706,2.0313
49.7446,0.529,2.2801
49.7448,0.5776,2.4883
49.7450,0.6152,2.6517
49.7452,0.5829,2.5122
49.7454,0.5601,2.414
49.7456,0.5504,2.3776
49.7458,0.4833,2.0881
49.7460,0.4682,2.0218
49.7462,0.4657,2.0128
49.7464,0.4732,2.0412
49.7466,0.5513,2.3773
49.7468,0.5588,2.4094
49.7470,0.542,2.3381
49.7472,0.5584,2.4079
49.7474,0.6058,2.606
49.7476,0.6609,2.846
49.7478,0.6434,2.7731
49.7480,0.6155,2.6527
49.7482,0.6107,2.6308
49.7484,0.6004,2.5864
49.7486,0.6168,2.6559
49.7488,0.67,2.8839
49.7490,0.67,2.8812
49.7492,0.6692,2.8789
49.7494,0.7246,3.1143
49.7496,0.7537,3.2426
49.7498,0.6682,2.8788
49.7500,0.6325,2.7236
49.7502,0.7137,3.0717
49.7504,0.7143,3.0729
49.7506,0.6841,2.9456
49.7508,0.6799,2.9248
49.7510,0.6929,2.9824
49.7512,0.6879,2.9594
49.7514,0.6875,2.9633
49.7516,0.6191,2.6682
49.7518,0.6504,2.8005
49.7520,0.6194,2.6648
49.7522,0.6727,2.8912
49.7524,0.7242,3.1186
49.7526,0.6349,2.7339
49.7528,0.6154,2.6534
49.7530,0.5624,2.4227
49.7532,0.5914,2.5477
49.7534,0.6329,2.7251
49.7536,0.7194,3.0907
49.7538,0.7401,3.1838
49.7540,0.6679,2.8719
49.7542,0.7362,3.1599
49.7544,0.8162,3.5048
49.7546,0.8118,3.489
49.7548,0.8018,3.443
49.7550,0.9254,3.9702
49.7552,0.9583,4.1053
49.7554,0.9776,4.1881
49.7556,1.063,4.5474
49.7558,1.0966,4.6932
49.7560,1.0468,4.4782
49.7562,1.0763,4.613
49.7564,1.037,4.4465
49.7566,0.9394,4.0298
49.7568,0.9401,4.0329
49.7570,0.9426,4.0362
49.7572,1.0467,4.4756
49.7574,1.0993,4.7072
49.7576,1.1262,4.82
49.7578,1.1473,4.908
49.7580,1.1678,4.9957
49.7582,1.1426,4.8903
49.7584,1.1727,5.0168
49.7586,1.159,4.9583
49.7588,1.1247,4.8161
49.7590,1.0433,4.4758
49.7592,1.0539,4.5126
49.7594,1.1479,4.9083
49.7596,1.1607,4.9655
49.7598,1.1347,4.861
49.7600,1.0861,4.6551
49.7602,1.0542,4.5205
49.7604,0.9686,4.1592
49.7606,0.9734,4.1779
49.7608,1.0398,4.4547
49.7610,1.0906,4.6741
49.7612,1.0349,4.4419
49.7614,0.9747,4.1835
49.7616,0.9223,3.9605
49.7618,0.9522,4.0849
49.7620,0.9987,4.2825
49.7622,1.0157,4.3575
49.7624,0.9878,4.2416
49.7626,0.9503,4.0842
49.7628,0.875,3.7641
49.7630,0.8533,3.6673
49.7632,0.9083,3.8984
49.7634,0.8916,3.834
49.7636,0.8608,3.7049
49.7638,0.8338,3.5872
49.7640,0.7945,3.418
49.7642,0.7925,3.4155
49.7644,0.7841,3.3699
49.7646,0.8756,3.7632
49.7648,0.8704,3.7375
49.7650,0.8944,3.8441
49.7652,0.8812,3.7927
49.7654,0.8119,3.496
49.7656,0.8103,3.4844
49.7658,0.82,3.5278
49.7660,0.8067,3.4706
49.7662,0.8452,3.6311
49.7664,0.8904,3.8271
49.7666,0.8257,3.5554
49.7668,0.8103,3.4877
49.7670,0.8041,3.4544
49.7672,0.8649,3.7173
49.7674,0.8657,3.7226
49.7676,0.8256,3.5483
49.7678,0.8676,3.7274
49.7680,0.8802,3.7885
49.7682,0.8188,3.5227
49.7684,0.8041,3.4608
49.7686,0.7793,3.3556
49.7688,0.7916,3.4072
49.7690,0.8174,3.5181
49.7692,0.7558,3.2574
49.7694,0.6994,3.0173
49.7696,0.6242,2.6917
49.7698,0.6258,2.7022
49.7700,0.6124,2.6442
49.7702,0.5952,2.5678
49.7704,0.5947,2.5693
49.7706,0.5137,2.2171
49.7708,0.5449,2.3538
49.7710,0.5415,2.3328
49.7712,0.667,2.875
49.7714,0.6614,2.8546
49.7716,0.6018,2.5962
49.7718,0.5885,2.5412
49.7720,0.5747,2.4816
49.7722,0.6042,2.609
49.7724,0.5705,2.4612
49.7726,0.597,2.5731
49.7728,0.7103,3.0601
49.7730,0.6834,2.9439
49.7732,0.6814,2.9383
49.7734,0.698,3.0083
49.7736,0.6757,2.9108
49.7738,0.7031,3.0291
49.7740,0.6595,2.8398
49.7742,0.6618,2.8482
49.7744,0.7277,3.1335
49.7746,0.7318,3.1526
49.7748,0.6613,2.8554
49.7750,0.5951,2.5673
49.7752,0.6373,2.7481
49.7754,0.63,2.7127
49.7756,0.6921,2.9774
49.7758,0.7613,3.2812
49.7760,0.6969,3.0009
49.7762,0.7134,3.0735
49.7764,0.7198,3.1009
49.7766,0.7187,3.0948
49.7768,0.742,3.192
49.7770,0.7793,3.3571
49.7772,0.6765,2.9158
49.7774,0.6341,2.7303
49.7776,0.7087,3.0472
49.7778,0.7637,3.2854
49.7780,0.8005,3.4422
49.7782,0.8577,3.6881
49.7784,0.8085,3.4783
49.7786,0.765,3.2941
49.7788,0.7035,3.0335
49.7790,0.6313,2.7235
49.7792,0.5552,2.3939
49.7794,0.5473,2.3609
49.7796,0.5546,2.3902
49.7798,0.6914,2.9799
49.7800,0.6904,2.9757
49.7802,0.6537,2.8163
49.7804,0.651,2.8044
49.7806,0.6543,2.8202
49.7808,0.6585,2.8383
49.7810,0.6643,2.8604
49.7812,0.7101,3.0576
49.7814,0.6999,3.0138
49.7816,0.7276,3.1301
49.7818,0.7813,3.3597
49.7820,0.7778,3.3525
49.7822,0.6603,2.8421
49.7824,0.7269,3.127
49.7826,0.731,3.1489
49.7828,0.6855,2.9504
49.7830,0.7004,3.0158
49.7832,0.6835,2.9458
49.7834,0.6776,2.9204
49.7836,0.6751,2.9055
49.7838,0.6818,2.9344
49.7840,0.7045,3.0348
49.7842,0.7,3.0115
49.7844,0.7482,3.2203
49.7846,0.7428,3.1986
49.7848,0.7042,3.0324
49.7850,0.6703,2.8903
49.7852,0.6282,2.7113
49.7854,0.5686,2.4529
49.7856,0.5771,2.485
49.7858,0.6301,2.7158
49.7860,0.58,2.5044
49.7862,0.4794,2.0738
49.7864,0.4264,1.8412
49.7866,0.5015,2.1653
49.7868,0.5048,2.1777
49.7870,0.5535,2.39
49.7872,0.5492,2.3669
49.7874,0.5615,2.4202
49.7876,0.5806,2.4977
49.7878,0.7137,3.066
49.7880,0.7885,3.3922
49.7882,0.7817,3.3612
49.7884,0.8063,3.4653
49.7886,0.8298,3.5613
49.7888,0.8364,3.5963
49.7890,0.7536,3.2451
49.7892,0.6956,2.9966
49.7894,0.6976,2.9998
49.7896,0.7438,3.1998
49.7898,0.7805,3.3576
49.7900,0.7806,3.3597
49.7902,0.7931,3.4054
49.7904,0.8682,3.73
49.7906,0.8326,3.5787
49.7908,0.7523,3.2349
49.7910,0.7535,3.24
49.7912,0.7741,3.3318
49.7914,0.7909,3.3977
49.7916,0.8956,3.8439
49.7918,0.9099,3.9033
49.7920,0.959,4.1104
49.7922,0.9994,4.2835
49.7924,0.9288,3.9846
49.7926,0.9192,3.9452
49.7928,0.8739,3.7542
49.7930,0.9061,3.8946
49.7932,0.8397,3.6124
49.7934,0.7651,3.2931
49.7936,0.787,3.3807
49.7938,0.8377,3.6003
49.7940,0.7759,3.3349
49.7942,0.8109,3.4886
49.7944,0.8133,3.4973
49.7946,0.8715,3.7404
49.7948,0.9444,4.0514
49.7950,0.9841,4.2237
49.7952,0.9458,4.0595
49.7954,0.9106,3.9118
49.7956,0.8457,3.6365
49.7958,0.8483,3.6479
49.7960,0.841,3.6164
49.7962,0.8212,3.533
49.7964,0.8623,3.7025
49.7966,0.9073,3.8979
49.7968,0.8302,3.57
49.7970,0.8539,3.6699
49.7972,0.8529,3.6658
49.7974,0.7618,3.2817
49.7976,0.6985,3.0062
49.7978,0.7091,3.0535
49.7980,0.7066,3.0455
49.7982,0.6608,2.8454
49.7984,0.7188,3.091
49.7986,0.815,3.5045
49.7988,0.8121,3.4905
49.7990,0.7921,3.4045
49.7992,0.7941,3.4196
49.7994,0.7409,3.1889
49.7996,0.7524,3.2399
49.7998,0.7693,3.3081
49.8000,0.7771,3.3447
49.8002,0.7404,3.1868
49.8004,0.6914,2.9771
49.8006,0.7039,3.0322
49.8008,0.7128,3.0709
49.8010,0.6699,2.8874
49.8012,0.6745,2.9043
49.8014,0.7536,3.2466
49.8016,0.66,2.8471
49.8018,0.6185,2.6657
49.8020,0.6187,2.6667
49.8022,0.6419,2.7677
49.8024,0.6458,2.7899
49.8026,0.5618,2.4235
49.8028,0.6176,2.6608
49.8030,0.6256,2.6974
49.8032,0.5458,2.3612
49.8034,0.4353,1.8812
49.8036,0.4556,1.9666
49.8038,0.4847,2.0938
49.8040,0.4747,2.0517
49.8042,0.4702,2.0301
49.8044,0.4704,2.0321
49.8046,0.47,2.0315
49.8048,0.4751,2.0533
49.8050,0.4728,2.0425
49.8052,0.4552,1.9645
49.8054,0.4558,1.9689
49.8056,0.4609,1.9912
49.8058,0.4642,2.0042
49.8060,0.465,2.0088
49.8062,0.4572,1.976
49.8064,0.4618,1.9948
49.8066,0.4614,1.9923
49.8068,0.465,2.006
49.8070,0.4883,2.1064
49.8072,0.5425,2.3402
49.8074,0.5515,2.379
49.8076,0.4953,2.1389
49.8078,0.4678,2.0207
49.8080,0.4614,1.9923
49.8082,0.4586,1.9786
49.8084,0.4594,1.9845
49.8086,0.4594,1.9835
49.8088,0.4625,1.9951
49.8090,0.4579,1.9782
49.8092,0.4577,1.9781
49.8094,0.4584,1.9794
49.8096,0.4579,1.9764
49.8098,0.4666,2.0137
49.8100,0.4709,2.0332
49.8102,0.4577,1.9745
49.8104,0.4802,2.0707
49.8106,0.532,2.2952
49.8108,0.4843,2.0912
49.8110,0.4602,1.9853
49.8112,0.4851,2.0929
49.8114,0.5368,2.3159
49.8116,0.5868,2.528
49.8118,0.5992,2.5813
49.8120,0.5691,2.4527
49.8122,0.5332,2.3003
49.8124,0.5064,2.1845
49.8126,0.4673,2.014
49.8128,0.5644,2.4303
49.8130,0.6235,2.6811
49.8132,0.7106,3.0569
49.8134,0.6757,2.9108
49.8136,0.619,2.6665
49.8138,0.613,2.6394
49.8140,0.5878,2.5322
49.8142,0.5839,2.5168
49.8144,0.5804,2.4978
49.8146,0.6498,2.7953
49.8148,0.721,3.1032
49.8150,0.7503,3.2201
49.8152,0.8289,3.5561
49.8154,0.8505,3.6504
49.8156,0.8307,3.5671
49.8158,0.8199,3.5175
49.8160,0.8566,3.6715
49.8162,0.8973,3.8475
49.8164,0.9004,3.8626
49.8166,0.9319,4.0017
49.8168,0.8089,3.4685
49.8170,0.8414,3.6146
49.8172,0.7381,3.174
49.8174,0.7211,3.1037
49.8176,0.7262,3.1225
49.8178,0.7611,3.2725
49.8180,0.747,3.2167
49.8182,0.6181,2.6641
49.8184,0.5887,2.5375
49.8186,0.5875,2.5323
49.8188,0.5632,2.424
49.8190,0.5837,2.5123
49.8192,0.607,2.6148
49.8194,0.6354,2.7373
49.8196,0.6691,2.8797
49.8198,0.6341,2.7278
49.8200,0.6738,2.9052
49.8202,0.5722,2.465
49.8204,0.5656,2.4377
49.8206,0.5152,2.2197
49.8208,0.5691,2.4493
49.8210,0.6612,2.8443
49.8212,0.7305,3.141
49.8214,0.7268,3.1221
49.8216,0.766,3.2891
49.8218,0.786,3.3782
49.8220,0.8079,3.4628
49.8222,0.9418,4.042
49.8224,0.9045,3.8801
49.8226,0.8751,3.7576
49.8228,0.8444,3.6258
49.8230,0.8882,3.812
49.8232,0.9078,3.8927
49.8234,0.8997,3.8578
49.8236,0.9216,3.9482
49.8238,0.9943,4.2595
49.8240,1.0163,4.3601
49.8242,0.9483,4.0684
49.8244,0.9121,3.9058
49.8246,0.9965,4.2752
49.8248,0.9522,4.0887
49.8250,0.8343,3.5842
49.8252,0.8266,3.5479
49.8254,0.8498,3.6507
49.8256,0.8184,3.519
49.8258,0.8105,3.4833
49.8260,0.8842,3.7914
49.8262,0.9398,4.03
49.8264,0.9081,3.9046
49.8266,0.7902,3.3962
49.8268,0.7813,3.3612
49.8270,0.7847,3.3741
49.8272,0.7994,3.4391
49.8274,0.7708,3.3143
49.8276,0.7911,3.3988
49.8278,0.8358,3.5937
49.8280,0.7855,3.3777
49.8282,0.7769,3.339
49.8284,0.7862,3.3792
49.8286,0.798,3.4329
49.8288,0.7733,3.3267
49.8290,0.7776,3.3437
49.8292,0.7679,3.3019
49.8294,0.8053,3.4612
49.8296,0.8278,3.563
49.8298,0.7161,3.0806
49.8300,0.6867,2.9556
49.8302,0.7234,3.1092
49.8304,0.8077,3.4747
49.8306,0.763,3.2823
49.8308,0.7633,3.2823
49.8310,0.7597,3.2653
49.8312,0.7877,3.3901
49.8314,0.7644,3.287
49.8316,0.7733,3.3251
49.8318,0.7628,3.2772
49.8320,0.7884,3.3917
49.8322,0.7379,3.176
49.8324,0.7061,3.0406
49.8326,0.6692,2.8816
49.8328,0.7206,3.0988
49.8330,0.7703,3.3153
49.8332,0.7096,3.0556
49.8334,0.6726,2.8987
49.8336,0.6675,2.8757
49.8338,0.683,2.941
49.8340,0.6947,2.9888
49.8342,0.7368,3.1669
49.8344,0.7852,3.3714
49.8346,0.8341,3.5848
49.8348,0.7889,3.3937
49.8350,0.8115,3.4961
49.8352,0.7169,3.0842
49.8354,0.7441,3.1998
49.8356,0.7517,3.2368
49.8358,0.7075,3.0477
49.8360,0.6848,2.9487
49.8362,0.6801,2.9259
49.8364,0.685,2.9456
49.8366,0.7264,3.1264
49.8368,0.6982,3.0107
49.8370,0.6268,2.7026
49.8372,0.6259,2.6977
49.8374,0.6439,2.7701
49.8376,0.7142,3.0709
49.8378,0.783,3.3669
49.8380,0.7819,3.3638
49.8382,0.7531,3.2355
49.8384,0.7547,3.2497
49.8386,0.6676,2.8762
49.8388,0.6897,2.9726
49.8390,0.6715,2.89
49.8392,0.6862,2.9535
49.8394,0.674,2.909
49.8396,0.5559,2.397
49.8398,0.5465,2.3556
49.8400,0.5458,2.3547
49.8402,0.57,2.4591
49.8404,0.5519,2.3821
49.8406,0.5338,2.3019
49.8408,0.5434,2.3432
49.8410,0.6534,2.8121
49.8412,0.654,2.8186
49.8414,0.5438,2.347
49.8416,0.5356,2.3118
49.8418,0.5361,2.3128
49.8420,0.5318,2.2941
49.8422,0.5331,2.2988
49.8424,0.5305,2.2884
49.8426,0.5298,2.2843
49.8428,0.5325,2.2951
49.8430,0.5566,2.4001
49.8432,0.5664,2.4425
49.8434,0.5469,2.3604
49.8436,0.5248,2.2652
49.8438,0.5308,2.2889
49.8440,0.5405,2.3297
49.8442,0.5392,2.3262
49.8444,0.5393,2.3246
49.8446,0.5681,2.4452
49.8448,0.6434,2.7654
49.8450,0.6903,2.9711
49.8452,0.6669,2.8744
49.8454,0.6426,2.767
49.8456,0.6108,2.6338
49.8458,0.5338,2.3029
49.8460,0.5235,2.2574
49.8462,0.5862,2.5243
49.8464,0.6475,2.7868
49.8466,0.6455,2.7794
49.8468,0.7024,3.0232
49.8470,0.7036,3.0284
49.8472,0.6923,2.9826
49.8474,0.6181,2.6653
49.8476,0.594,2.5579
49.8478,0.6819,2.9309
49.8480,0.6722,2.8945
49.8482,0.6482,2.7912
49.8484,0.6639,2.8562
49.8486,0.6748,2.9045
49.8488,0.6686,2.8777
49.8490,0.6757,2.9095
49.8492,0.6672,2.8728
49.8494,0.6481,2.792
49.8496,0.5842,2.5167
49.8498,0.5434,2.3443
49.8500,0.4938,2.1302
49.8502,0.4745,2.0488
49.8504,0.4718,2.0355
49.8506,0.4763,2.0546
49.8508,0.4789,2.066
49.8510,0.5224,2.2506
49.8512,0.6158,2.6567
49.8514,0.4998,2.154
49.8516,0.4723,2.0376
49.8518,0.4722,2.0399
49.8520,0.4523,1.9512
49.8522,0.5216,2.2502
49.8524,0.4554,1.9674
49.8526,0.4004,1.7304
49.8528,0.4,1.7264
49.8530,0.4411,1.8995
49.8532,0.5233,2.2553
49.8534,0.5613,2.418
49.8536,0.5783,2.4856
49.8538,0.6893,2.9628
49.8540,0.694,2.9871
49.8542,0.6265,2.699
49.8544,0.6,2.5801
49.8546,0.7012,3.0166
49.8548,0.7205,3.0939
49.8550,0.7801,3.3514
49.8552,0.7888,3.39
49.8554,0.8027,3.4434
49.8556,0.922,3.9479
49.8558,1.007,4.3139
49.8560,1.0317,4.4218
49.8562,0.9888,4.2338
49.8564,1.016,4.3484
49.8566,1.0361,4.4304
49.8568,1.1035,4.7164
49.8570,1.1195,4.8002
49.8572,0.9772,4.1904
49.8574,0.962,4.1213
49.8576,0.9891,4.2354
49.8578,0.9879,4.2283
49.8580,1.059,4.5263
49.8582,1.1419,4.8872
49.8584,1.1234,4.806
49.8586,1.0967,4.6938
49.8588,1.082,4.6333
49.8590,1.0949,4.6882
49.8592,1.0678,4.5722
49.8594,1.0046,4.3036
49.8596,0.9708,4.1685
49.8598,0.9156,3.9298
49.8600,0.8434,3.6301
49.8602,0.7547,3.2467
49.8604,0.797,3.4208
49.8606,0.8961,3.8405
49.8608,0.9341,4.0109
49.8610,0.8983,3.8557
49.8612,0.9522,4.0849
49.8614,0.924,3.964
49.8616,0.9349,4.0127
49.8618,0.9334,4.0078
49.8620,0.865,3.7213
49.8622,0.7888,3.3932
49.8624,0.7463,3.2091
49.8626,0.8265,3.5507
49.8628,0.8642,3.7108
49.8630,0.8492,3.6515
49.8632,0.8456,3.636
49.8634,0.8585,3.6917
49.8636,0.8088,3.4761
49.8638,0.7873,3.3902
49.8640,0.718,3.0903
49.8642,0.7457,3.208
49.8644,0.7324,3.1508
49.8646,0.7708,3.3158
49.8648,0.748,3.2193
49.8650,0.729,3.1363
49.8652,0.7638,3.2859
49.8654,0.7506,3.2322
49.8656,0.6999,3.0124
49.8658,0.6774,2.918
49.8660,0.6702,2.8857
49.8662,0.63,2.7203
49.8664,0.5878,2.5345
49.8666,0.6158,2.6518
49.8668,0.6628,2.8595
49.8670,0.5506,2.3776
49.8672,0.5034,2.1736
49.8674,0.509,2.1938
49.8676,0.5598,2.4174
49.8678,0.5471,2.3614
49.8680,0.5509,2.3742
49.8682,0.5678,2.4482
49.8684,0.571,2.4621
49.8686,0.566,2.4438
49.8688,0.5007,2.1612
49.8690,0.5269,2.2719
49.8692,0.5473,2.3631
49.8694,0.4949,2.1378
49.8696,0.4643,2.0048
49.8698,0.46,1.988
49.8700,0.4487,1.9392
49.8702,0.4474,1.9318
49.8704,0.4494,1.9415
49.8706,0.4547,1.9643
49.8708,0.4477,1.9315
49.8710,0.45,1.9422
49.8712,0.4889,2.108
49.8714,0.5239,2.2631
49.8716,0.4638,2.0036
49.8718,0.4474,1.9318
49.8720,0.4434,1.9138
49.8722,0.4452,1.9215
49.8724,0.4463,1.9244
49.8726,0.4991,2.1549
49.8728,0.4461,1.9261
49.8730,0.4409,1.902
49.8732,0.5317,2.2894
49.8734,0.6277,2.7042
49.8736,0.6304,2.7168
49.8738,0.6054,2.6081
49.8740,0.5329,2.2999
49.8742,0.4573,1.9756
49.8744,0.4602,1.9853
49.8746,0.4734,2.0422
49.8748,0.5074,2.1901
49.8750,0.5228,2.2522
49.8752,0.586,2.5209
49.8754,0.6534,2.8108
49.8756,0.6661,2.8655
49.8758,0.6947,2.986
49.8760,0.7627,3.2736
49.8762,0.7708,3.3189
49.8764,0.608,2.6219
49.8766,0.5595,2.4092
49.8768,0.5904,2.5435
49.8770,0.572,2.4674
49.8772,0.5295,2.2843
49.8774,0.5339,2.2992
49.8776,0.5794,2.4949
49.8778,0.6451,2.7752
49.8780,0.7193,3.0902
49.8782,0.7122,3.0669
49.8784,0.6802,2.9277
49.8786,0.6694,2.8813
49.8788,0.5879,2.5327
49.8790,0.6113,2.6322
49.8792,0.6278,2.7022
49.8794,0.5945,2.5599
49.8796,0.5916,2.5487
49.8798,0.6307,2.7158
49.8800,0.6667,2.8734
49.8802,0.6149,2.6477
49.8804,0.5871,2.5291
49.8806,0.5999,2.5844
49.8808,0.6226,2.677
49.8810,0.7108,3.0536
49.8812,0.734,3.1516
49.8814,0.772,3.3164
49.8816,0.7645,3.2905
49.8818,0.6446,2.7783
49.8820,0.5369,2.3164
49.8822,0.478,2.0609
49.8824,0.482,2.0795
49.8826,0.4856,2.095
49.8828,0.4793,2.0676
49.8830,0.4788,2.0655
49.8832,0.5055,2.1788
49.8834,0.5199,2.245
49.8836,0.4856,2.093
49.8838,0.5211,2.245
49.8840,0.5669,2.4434
49.8842,0.5727,2.4648
49.8844,0.5602,2.4156
49.8846,0.4505,1.9443
49.8848,0.4591,1.9816
49.8850,0.4849,2.0899
49.8852,0.5289,2.2807
49.8854,0.4532,1.9571
49.8856,0.4014,1.7335
49.8858,0.3963,1.712
49.8860,0.3872,1.6718
49.8862,0.3979,1.7163
49.8864,0.4306,1.8567
49.8866,0.4729,2.0383
49.8868,0.5233,2.2564
49.8870,0.4891,2.108
49.8872,0.4896,2.1081
49.8874,0.5921,2.546
49.8876,0.6561,2.8201
49.8878,0.6838,2.9377
49.8880,0.7439,3.1943
49.8882,0.7818,3.3586
49.8884,0.795,3.4137
49.8886,0.7775,3.34
49.8888,0.7084,3.0462
49.8890,0.7429,3.1932
49.8892,0.7319,3.1428
49.8894,0.8003,3.4299
49.8896,0.9299,3.9855
49.8898,0.8903,3.8212
49.8900,0.8657,3.7088
49.8902,0.9348,4.0028
49.8904,0.9522,4.0849
49.8906,0.9078,3.8945
49.8908,0.8766,3.752
49.8910,0.948,4.0612
49.8912,0.9335,4.0046
49.8914,0.8796,3.7807
49.8916,0.7661,3.2926
49.8918,0.7371,3.1709
49.8920,0.7244,3.1162
49.8922,0.732,3.1492
49.8924,0.704,3.0243
49.8926,0.7525,3.2284
49.8928,0.8504,3.6515
49.8930,0.8161,3.5026
49.8932,0.8632,3.7015
49.8934,0.9461,4.0586
49.8936,0.919,3.9424
49.8938,0.8497,3.645
49.8940,0.8185,3.5113
49.8942,0.8492,3.6447
49.8944,0.8368,3.59
49.8946,0.8673,3.7241
49.8948,0.8834,3.7878
49.8950,0.9419,4.0369
49.8952,0.9635,4.1371
49.8954,0.9011,3.8639
49.8956,0.9305,3.988
49.8958,0.9209,3.9451
49.8960,0.9606,4.1247
49.8962,0.8697,3.7362
49.8964,0.8513,3.6557
49.8966,0.8452,3.6311
49.8968,0.8427,3.6236
49.8970,0.7708,3.3127
49.8972,0.7782,3.34
49.8974,0.8338,3.5822
49.8976,0.8385,3.6056
49.8978,0.8368,3.595
49.8980,0.8485,3.6399
49.8982,0.8783,3.7733
49.8984,0.8566,3.6766
49.8986,0.8781,3.774
49.8988,0.8585,3.6831
49.8990,0.8926,3.8292
49.8992,0.9078,3.8964
49.8994,0.9099,3.9124
49.8996,0.7594,3.2683
49.8998,0.6931,2.9829
49.9000,0.7228,3.1066
49.9002,0.8028,3.4503
49.9004,0.8218,3.5274
49.9006,0.9055,3.883
49.9008,0.9702,4.1659
49.9010,0.8888,3.8181
49.9012,0.8296,3.5724
49.9014,0.7102,3.0596
49.9016,0.6571,2.8321
49.9018,0.5919,2.5533
49.9020,0.5533,2.3856
49.9022,0.5318,2.2931
49.9024,0.5351,2.3086
49.9026,0.5354,2.3097
49.9028,0.5325,2.2962
49.9030,0.5309,2.2905
49.9032,0.5305,2.2874
49.9034,0.5409,2.3313
49.9036,0.5741,2.4756
49.9038,0.5343,2.3007
49.9040,0.6485,2.791
49.9042,0.6566,2.83
49.9044,0.577,2.488
49.9046,0.5582,2.4079
49.9048,0.5495,2.3696
49.9050,0.5455,2.352
49.9052,0.5467,2.3583
49.9054,0.5495,2.3696
49.9056,0.5458,2.3525
49.9058,0.5461,2.3568
49.9060,0.5426,2.3407
49.9062,0.5624,2.4249
49.9064,0.5469,2.3593
49.9066,0.5253,2.2662
49.9068,0.5226,2.2543
49.9070,0.5254,2.2657
49.9072,0.5564,2.3946
49.9074,0.6176,2.6645
49.9076,0.5431,2.3438
49.9078,0.5253,2.2651
49.9080,0.5172,2.229
49.9082,0.5212,2.2486
49.9084,0.5277,2.2765
49.9086,0.5244,2.261
49.9088,0.5168,2.2284
49.9090,0.5214,2.247
49.9092,0.5248,2.262
49.9094,0.5383,2.3221
49.9096,0.5329,2.2988
49.9098,0.5206,2.245
49.9100,0.521,2.2476
49.9102,0.5245,2.2615
49.9104,0.5274,2.275
49.9106,0.5643,2.4275
49.9108,0.6371,2.7432
49.9110,0.6202,2.6716
49.9112,0.6688,2.8787
49.9114,0.6669,2.8704
49.9116,0.6415,2.7636
49.9118,0.5995,2.5864
49.9120,0.5205,2.2424
49.9122,0.5814,2.5025
49.9124,0.6202,2.6716
49.9126,0.554,2.3865
49.9128,0.5931,2.5537
49.9130,0.6585,2.8343
49.9132,0.6577,2.8294
49.9134,0.6676,2.8709
49.9136,0.6842,2.9461
49.9138,0.6804,2.9228
49.9140,0.7751,3.3297
49.9142,0.7699,3.3091
49.9144,0.7405,3.1814
49.9146,0.7476,3.2163
49.9148,0.7319,3.1428
49.9150,0.8031,3.4487
49.9152,0.8467,3.6322
49.9154,0.868,3.7255
49.9156,0.8184,3.5223
49.9158,0.6944,2.9858
49.9160,0.694,2.9871
49.9162,0.6873,2.9568
49.9164,0.734,3.156
49.9166,0.7385,3.1741
49.9168,0.7266,3.1216
49.9170,0.7238,3.1122
49.9172,0.6899,2.9709
49.9174,0.6458,2.7796
49.9176,0.6151,2.6475
49.9178,0.657,2.8276
49.9180,0.6938,2.9874
49.9182,0.6775,2.9186
49.9184,0.6549,2.8175
49.9186,0.6668,2.8686
49.9188,0.6307,2.7171
49.9190,0.5541,2.3903
49.9192,0.4985,2.1503
49.9194,0.5067,2.186
49.9196,0.5294,2.2827
49.9198,0.5612,2.4186
49.9200,0.5866,2.5235
49.9202,0.6369,2.7427
49.9204,0.6434,2.7667
49.9206,0.6965,2.9965
49.9208,0.7198,3.0923
49.9210,0.728,3.136
49.9212,0.6435,2.7698
49.9214,0.6782,2.9162
49.9216,0.7006,3.0099
49.9218,0.771,3.3107
49.9220,0.8692,3.7254
49.9222,0.9149,3.9212
49.9224,0.921,3.9474
49.9226,0.9153,3.9264
49.9228,0.9432,4.0425
49.9230,0.9734,4.1701
49.9232,0.9649,4.1355
49.9234,0.9471,4.0614
49.9236,0.9606,4.119
49.9238,0.9449,4.0516
49.9240,0.9666,4.1389
49.9242,1.0184,4.3647
49.9244,1.0177,4.3596
49.9246,1.0025,4.2969
49.9248,0.9922,4.2527
49.9250,1.0195,4.3612
49.9252,1.0837,4.6405
49.9254,0.986,4.2339
49.9256,0.8558,3.6764
49.9258,0.8907,3.8281
49.9260,0.8759,3.7612
49.9262,0.8218,3.5389
49.9264,0.7,3.0087
49.9266,0.7489,3.2249
49.9268,0.7081,3.046
49.9270,0.7154,3.0804
49.9272,0.6799,2.9248
49.9274,0.7581,3.2611
49.9276,0.7625,3.2772
49.9278,0.7873,3.3823
49.9280,0.807,3.47
49.9282,0.751,3.2292
49.9284,0.7582,3.2556
49.9286,0.7461,3.2111
49.9288,0.7354,3.1607
49.9290,0.8182,3.5168
49.9292,0.7776,3.3437
49.9294,0.7824,3.3627
49.9296,0.7889,3.3969
49.9298,0.7136,3.0698
49.9300,0.701,3.0142
49.9302,0.7648,3.29
49.9304,0.7864,3.3829
49.9306,0.8028,3.4536
49.9308,0.7684,3.307
49.9310,0.7314,3.1481
49.9312,0.6758,2.914
49.9314,0.6036,2.6028
49.9316,0.5784,2.4942
49.9318,0.5765,2.4836
49.9320,0.6357,2.7375
49.9322,0.6733,2.9018
49.9324,0.6107,2.6321
49.9326,0.5868,2.5304
49.9328,0.5775,2.4912
49.9330,0.5814,2.5071
49.9332,0.601,2.5878
49.9334,0.6302,2.7138
49.9336,0.7102,3.0624
49.9338,0.6203,2.6746
49.9340,0.6113,2.631
49.9342,0.6982,3.0065
49.9344,0.6934,2.9831
49.9346,0.6716,2.8933
49.9348,0.6306,2.7166
49.9350,0.6028,2.5967
49.9352,0.6597,2.8395
49.9354,0.6631,2.8566
49.9356,0.6432,2.7721
49.9358,0.6023,2.5947
49.9360,0.6379,2.7443
49.9362,0.671,2.8866
49.9364,0.7072,3.0481
49.9366,0.6432,2.7683
49.9368,0.6254,2.6956
49.9370,0.5706,2.464
49.9372,0.5425,2.3402
49.9374,0.528,2.2765
49.9376,0.5339,2.3034
49.9378,0.5398,2.3277
49.9380,0.5567,2.3995
49.9382,0.5607,2.4177
49.9384,0.5579,2.4058
49.9386,0.5632,2.4285
49.9388,0.5845,2.5171
49.9390,0.5932,2.5614
49.9392,0.4801,2.0731
49.9394,0.4969,2.1416
49.9396,0.504,2.1761
49.9398,0.4558,1.968
49.9400,0.4504,1.9447
49.9402,0.4558,1.9662
49.9404,0.4658,2.0096
49.9406,0.5211,2.2502
49.9408,0.4809,2.0758
49.9410,0.5084,2.1902
49.9412,0.5746,2.4765
49.9414,0.5865,2.5265
49.9416,0.5956,2.5646
49.9418,0.5893,2.5365
49.9420,0.6252,2.6921
49.9422,0.6212,2.6825
49.9424,0.4691,2.0236
49.9426,0.4499,1.9435
49.9428,0.4461,1.9261
49.9430,0.4453,1.9212
49.9432,0.4463,1.928
49.9434,0.4482,1.9345
49.9436,0.4501,1.9419
49.9438,0.4458,1.9232
49.9440,0.4429,1.9126
49.9442,0.4688,2.0216
49.9444,0.5485,2.3616
49.9446,0.6462,2.7812
49.9448,0.6157,2.6538
49.9450,0.5501,2.3722
49.9452,0.5429,2.339
49.9454,0.5696,2.4525
49.9456,0.5973,2.5754
49.9458,0.5548,2.389
49.9460,0.5843,2.5172
49.9462,0.5343,2.3061
49.9464,0.5062,2.184
49.9466,0.4969,2.1406
49.9468,0.4998,2.156
49.9470,0.4853,2.0925
49.9472,0.4935,2.1262
49.9474,0.5564,2.3957
49.9476,0.6304,2.713
49.9478,0.6561,2.8214
49.9480,0.6546,2.812
49.9482,0.7363,3.1663
49.9484,0.7266,3.1245
49.9486,0.6884,2.9628
49.9488,0.6148,2.6484
49.9490,0.6385,2.7482
49.9492,0.5831,2.5109
49.9494,0.5736,2.4747
49.9496,0.5011,2.1607
49.9498,0.4811,2.0734
49.9500,0.4784,2.0621
49.9502,0.5471,2.356
49.9504,0.5825,2.513
49.9506,0.4894,2.1101
49.9508,0.4806,2.0743
49.9510,0.4535,1.9555
49.9512,0.5151,2.2192
49.9514,0.4533,1.9563
49.9516,0.3901,1.6812
49.9518,0.4503,1.9442
49.9520,0.4046,1.747
49.9522,0.3937,1.6998
49.9524,0.3898,1.6817
49.9526,0.437,1.8859
49.9528,0.4455,1.9199
49.9530,0.5129,2.2083
49.9532,0.6178,2.6564
49.9534,0.6829,2.9323
49.9536,0.7577,3.2551
49.9538,0.7047,3.0302
49.9540,0.681,2.9268
49.9542,0.7365,3.1625
49.9544,0.7832,3.3601
49.9546,0.8518,3.6459
49.9548,0.9686,4.1438
49.9550,0.9705,4.1578
49.9552,0.908,3.8897
49.9554,0.9419,4.0369
49.9556,0.9517,4.0772
49.9558,0.9899,4.2425
49.9560,0.8425,3.6176
49.9562,0.8009,3.439
49.9564,0.8167,3.5037
49.9566,0.8149,3.4992
49.9568,0.8201,3.5181
49.9570,0.8677,3.7292
49.9572,0.8183,3.512
49.9574,0.8607,3.6942
49.9576,0.8384,3.5951
49.9578,0.8871,3.8038
49.9580,0.9106,3.9046
49.9582,0.9135,3.9151
49.9584,0.9552,4.0902
49.9586,1.0198,4.3669
49.9588,1.03,4.4085
49.9590,1.0161,4.353
49.9592,1.0539,4.5085
49.9594,1.0999,4.7099
49.9596,0.9964,4.2668
49.9598,1.0335,4.4275
49.9600,1.0412,4.4604
49.9602,0.9908,4.2506
49.9604,0.9548,4.0924
49.9606,0.9508,4.0769
49.9608,1.0064,4.3094
49.9610,1.0528,4.506
49.9612,1.0309,4.4203
49.9614,0.9395,4.0304
49.9616,0.9457,4.0628
49.9618,0.8608,3.6964
49.9620,0.8484,3.6429
49.9622,0.8473,3.6416
49.9624,0.8138,3.4978
49.9626,0.7908,3.3973
49.9628,0.7726,3.3205
49.9630,0.7593,3.2724
49.9632,0.6696,2.8832
49.9634,0.684,2.9424
49.9636,0.7533,3.2391
49.9638,0.7653,3.2906
49.9640,0.7806,3.3582
49.9642,0.7378,3.1755
49.9644,0.6972,2.9992
49.9646,0.7181,3.0894
49.9648,0.6834,2.9439
49.9650,0.6669,2.8732
49.9652,0.7208,3.1037
49.9654,0.7455,3.2041
49.9656,0.7587,3.2653
49.9658,0.7647,3.2835
49.9660,0.7921,3.4045
49.9662,0.7378,3.1755
49.9664,0.6817,2.9381
49.9666,0.6744,2.9038
49.9668,0.7163,3.0788
49.9670,0.7261,3.1264
49.9672,0.6873,2.9582
49.9674,0.7036,3.027
49.9676,0.6855,2.9519
49.9678,0.6216,2.6779
49.9680,0.6596,2.839
49.9682,0.6789,2.9262
49.9684,0.6468,2.7851
49.9686,0.6353,2.7342
49.9688,0.6365,2.7394
49.9690,0.6506,2.8055
49.9692,0.5764,2.4843
49.9694,0.6111,2.6324
49.9696,0.6005,2.5906
49.9698,0.5692,2.4556
49.9700,0.5593,2.4126
49.9702,0.5641,2.4322
49.9704,0.5573,2.4021
49.9706,0.5606,2.4138
49.9708,0.6107,2.6272
49.9710,0.6294,2.714
49.9712,0.5458,2.3569
49.9714,0.4796,2.0701
49.9716,0.4757,2.054
49.9718,0.4823,2.0815
49.9720,0.5451,2.3483
49.9722,0.5919,2.5498
49.9724,0.5575,2.4015
49.9726,0.5625,2.4266
49.9728,0.5392,2.3252
49.9730,0.5427,2.3413
49.9732,0.5527,2.3831
49.9734,0.5672,2.4411
49.9736,0.637,2.7427
49.9738,0.6639,2.8523
49.9740,0.771,3.32
49.9742,0.6776,2.9178
49.9744,0.6361,2.7366
49.9746,0.6901,2.9673
49.9748,0.7567,3.254
49.9750,0.7289,3.1315
49.9752,0.8024,3.444
49.9754,0.8372,3.5933
49.9756,0.8644,3.7084
49.9758,0.8698,3.735
49.9760,0.8665,3.7189
49.9762,0.8455,3.6373
49.9764,0.6654,2.8651
49.9766,0.6257,2.6967
49.9768,0.6728,2.8904
49.9770,0.7927,3.4055
49.9772,0.7884,3.3854
49.9774,0.8368,3.5884
49.9776,0.9021,3.8699
49.9778,0.8809,3.7789
49.9780,0.8931,3.8385
49.9782,0.7996,3.4349
49.9784,0.7934,3.4118
49.9786,0.7761,3.3401
49.9788,0.6956,2.9966
49.9790,0.6635,2.8555
49.9792,0.6444,2.7735
49.9794,0.6388,2.753
49.9796,0.6395,2.7549
49.9798,0.6451,2.7779
49.9800,0.6394,2.7505
49.9802,0.7089,3.0497
49.9804,0.7366,3.1674
49.9806,0.7316,3.1457
49.9808,0.7573,3.2536
49.9810,0.7979,3.4309
49.9812,0.5822,2.5114
49.9814,0.536,2.3123
49.9816,0.5382,2.3194
49.9818,0.5343,2.304
49.9820,0.5727,2.4694
49.9822,0.565,2.4352
49.9824,0.5239,2.2611
49.9826,0.5059,2.1824
49.9828,0.5404,2.3303
49.9830,0.5723,2.4622
49.9832,0.6425,2.7665
49.9834,0.6165,2.6581
49.9836,0.5766,2.483
49.9838,0.6042,2.6018
49.9840,0.5792,2.495
49.9842,0.5668,2.4407
49.9844,0.5898,2.5445
49.9846,0.5951,2.5649
49.9848,0.5787,2.4918
49.9850,0.6305,2.7111
49.9852,0.66,2.8458
49.9854,0.5314,2.2926
49.9856,0.5229,2.2538
49.9858,0.5519,2.3778
49.9860,0.5615,2.4236
49.9862,0.557,2.3995
49.9864,0.5853,2.5237
49.9866,0.5867,2.5229
49.9868,0.635,2.7319
49.9870,0.7199,3.1
49.9872,0.6656,2.8661
49.9874,0.6384,2.7438
49.9876,0.7138,3.0723
49.9878,0.7377,3.172
49.9880,0.7671,3.2938
49.9882,0.7795,3.3473
49.9884,0.8184,3.5109
49.9886,0.8575,3.6751
49.9888,0.9394,4.0261
49.9890,0.9661,4.1427
49.9892,0.9641,4.1359
49.9894,0.934,4.0086
49.9896,0.9397,4.0258
49.9898,0.9747,4.1817
49.9900,0.9577,4.1029
49.9902,0.9865,4.2261
49.9904,1.0029,4.2925
49.9906,1.0756,4.61
49.9908,1.0403,4.4589
49.9910,1.0575,4.526
49.9912,1.0968,4.6944
49.9914,1.0637,4.5548
49.9916,1.0259,4.4054
49.9918,0.8726,3.7504
49.9920,0.8228,3.5348
49.9922,0.8817,3.7789
49.9924,0.9243,3.978
49.9926,0.7101,3.0534
49.9928,0.7237,3.1146
49.9930,0.7293,3.1403
49.9932,0.722,3.103
49.9934,0.7645,3.2814
49.9936,0.834,3.5811
49.9938,0.8508,3.6566
49.9940,0.8143,3.5015
49.9942,0.8172,3.5123
49.9944,0.8121,3.489
49.9946,0.8323,3.5739
49.9948,0.869,3.7314
49.9950,0.8539,3.6682
49.9952,0.8717,3.745
49.9954,0.8662,3.7213
49.9956,0.8425,3.6227
49.9958,0.8045,3.4625
49.9960,0.7889,3.3938
49.9962,0.8033,3.4493
49.9964,0.8517,3.6573
49.9966,0.8614,3.699
49.9968,0.8722,3.7523
49.9970,0.7964,3.4215
49.9972,0.8289,3.5628
49.9974,0.8394,3.6143
49.9976,0.7168,3.0881
49.9978,0.7165,3.0779
49.9980,0.8514,3.6557
49.9982,0.8787,3.7766
49.9984,0.8538,3.6626
49.9986,0.8884,3.8148
49.9988,0.8629,3.7086
49.9990,0.7386,3.1776
49.9992,0.7275,3.1311
49.9994,0.7129,3.0696
49.9996,0.6557,2.822
49.9998,0.7251,3.1179
50.0000,0.7961,3.4311
50.0002,0.7202,3.0982
50.0004,0.7523,3.2425
50.0006,0.5956,2.5694
50.0008,0.5964,2.573
50.0010,0.5503,2.3727
50.0012,0.5278,2.2761
50.0014,0.4898,2.118
50.0016,0.4335,1.8743
50.0018,0.4187,1.8089
50.0020,0.4232,1.8289
50.0022,0.4939,2.1307
50.0024,0.5269,2.2751
50.0026,0.4764,2.0571
50.0028,0.4715,2.0378
50.0030,0.4848,2.0924
50.0032,0.5408,2.3308
50.0034,0.5322,2.2968
50.0036,0.4944,2.1358
50.0038,0.479,2.0685
50.0040,0.4753,2.0505
50.0042,0.4709,2.0333
50.0044,0.4751,2.0514
50.0046,0.4747,2.0489
50.0048,0.515,2.2156
50.0050,0.645,2.7799
50.0052,0.5464,2.3595
50.0054,0.5228,2.2543
50.0056,0.5919,2.5486
50.0058,0.6059,2.6114
50.0060,0.5626,2.4249
50.0062,0.5539,2.3871
50.0064,0.556,2.3964
50.0066,0.5593,2.4138
50.0068,0.5298,2.2843
50.0070,0.5649,2.4347
50.0072,0.592,2.5515
50.0074,0.5795,2.4977
50.0076,0.6022,2.5918
50.0078,0.6065,2.6128
50.0080,0.5842,2.5202
50.0082,0.5378,2.3211
50.0084,0.524,2.2585
50.0086,0.5263,2.2693
50.0088,0.5651,2.4346
50.0090,0.6081,2.622
50.0092,0.5511,2.3764
50.0094,0.5419,2.3355
50.0096,0.5489,2.3671
50.0098,0.5087,2.1933
50.0100,0.5076,2.1897
50.0102,0.5179,2.2321
50.0104,0.5922,2.5478
50.0106,0.6522,2.807
50.0108,0.6607,2.845
50.0110,0.6559,2.8191
50.0112,0.7168,3.0838
50.0114,0.675,2.9064
50.0116,0.6529,2.8114
50.0118,0.6391,2.7508
50.0120,0.644,2.7745
50.0122,0.651,2.7992
50.0124,0.7576,3.2531
50.0126,0.8421,3.6127
50.0128,0.8505,3.6521
50.0130,0.8172,3.5057
50.0132,0.875,3.7589
50.0134,0.8139,3.4967
50.0136,0.7539,3.2386
50.0138,0.7232,3.1111
50.0140,0.7498,3.2241
50.0142,0.7478,3.2124
50.0144,0.7817,3.3535
50.0146,0.8546,3.6696
50.0148,0.8627,3.7012
50.0150,0.8376,3.5999
50.0152,0.7749,3.3288
50.0154,0.8135,3.4898
50.0156,0.9151,3.9315
50.0158,0.7909,3.3978
50.0160,0.7341,3.161
50.0162,0.6498,2.7967
50.0164,0.6693,2.8822
50.0166,0.6543,2.8176
50.0168,0.6227,2.6825
50.0170,0.5843,2.5254
50.0172,0.439,1.8956
50.0174,0.4055,1.7519
50.0176,0.3995,1.7268
50.0178,0.3962,1.7115
50.0180,0.4025,1.7398
50.0182,0.4082,1.7625
50.0184,0.4256,1.8376
50.0186,0.426,1.8405
50.0188,0.4541,1.9599
50.0190,0.5254,2.2636
50.0192,0.5515,2.3768
50.0194,0.5174,2.23
50.0196,0.5444,2.342
50.0198,0.6476,2.7913
50.0200,0.6334,2.7273
50.0202,0.6607,2.8423
50.0204,0.6909,2.9682
50.0206,0.7426,3.1887
50.0208,0.775,3.3339
50.0210,0.7249,3.1169
50.0212,0.7125,3.0595
50.0214,0.8345,3.5798
50.0216,0.8904,3.8182
50.0218,0.9294,3.9835
50.0220,0.9714,4.1614
50.0222,0.9815,4.2046
50.0224,0.9783,4.1951
50.0226,0.9148,3.9281
50.0228,0.9111,3.903
50.0230,0.9761,4.1854
50.0232,0.9598,4.1154
50.0234,0.9502,4.0819
50.0236,0.8366,3.5941
50.0238,0.8145,3.496
50.0240,0.8478,3.642
50.0242,0.7898,3.3916
50.0244,0.8343,3.5843
50.0246,0.8386,3.6012
50.0248,0.8264,3.5453
50.0250,0.9123,3.9155
50.0252,0.8571,3.6822
50.0254,0.8192,3.521
50.0256,0.8181,3.5131
50.0258,0.7892,3.389
50.0260,0.7985,3.4303
50.0262,0.8277,3.5593
50.0264,0.8553,3.671
50.0266,0.9271,3.9793
50.0268,0.8747,3.7544
50.0270,0.875,3.7589
50.0272,0.8189,3.5162
50.0274,0.8457,3.6298
50.0276,0.8795,3.775
50.0278,0.8643,3.7234
50.0280,0.7258,3.121
50.0282,0.7667,3.2937
50.0284,0.797,3.4289
50.0286,0.7744,3.3252
50.0288,0.8617,3.7017
50.0290,0.8445,3.6281
50.0292,0.7719,3.3236
50.0294,0.7472,3.2143
50.0296,0.7824,3.3675
50.0298,0.7109,3.0599
50.0300,0.6679,2.8773
50.0302,0.6687,2.8796
50.0304,0.7018,3.0151
50.0306,0.7969,3.4299
50.0308,0.8059,3.4638
50.0310,0.7873,3.3855
50.0312,0.7089,3.054
50.0314,0.6609,2.8473
50.0316,0.6656,2.8648
50.0318,0.6696,2.8818
50.0320,0.6787,2.9197
50.0322,0.688,2.9627
50.0324,0.6879,2.9608
50.0326,0.7312,3.1442
50.0328,0.8187,3.514
50.0330,0.9168,3.9387
50.0332,0.8238,3.5406
50.0334,0.8119,3.4928
50.0336,0.724,3.1162
50.0338,0.7177,3.0931
50.0340,0.6895,2.9689
50.0342,0.6909,2.9737
50.0344,0.6892,2.9679
50.0346,0.7228,3.111
50.0348,0.7335,3.1584
50.0350,0.7246,3.1129
50.0352,0.7988,3.435
50.0354,0.762,3.2752
50.0356,0.7927,3.4135
50.0358,0.725,3.1246
50.0360,0.6549,2.8189
50.0362,0.7683,3.302
50.0364,0.8287,3.5617
50.0366,0.7774,3.3427
50.0368,0.7335,3.154
50.0370,0.7123,3.0656
50.0372,0.6979,3.0064
50.0374,0.6127,2.6421
50.0376,0.5522,2.3821
50.0378,0.5388,2.3253
50.0380,0.5511,2.3786
50.0382,0.5451,2.3505
50.0384,0.556,2.3976
50.0386,0.5432,2.3411
50.0388,0.5444,2.3485
50.0390,0.5853,2.5261
50.0392,0.5584,2.409
50.0394,0.572,2.4595
50.0396,0.7702,3.3179
50.0398,0.6196,2.6741
50.0400,0.5306,2.2879
50.0402,0.5287,2.2807
50.0404,0.5248,2.2642
50.0406,0.526,2.2715
50.0408,0.522,2.2507
50.0410,0.5228,2.2543
50.0412,0.5276,2.2771
50.0414,0.5235,2.2585
50.0416,0.5234,2.258
50.0418,0.5244,2.26
50.0420,0.5242,2.2616
50.0422,0.5264,2.2709
50.0424,0.5272,2.2745
50.0426,0.528,2.2755
50.0428,0.5894,2.5401
50.0430,0.6203,2.6759
50.0432,0.5504,2.3733
50.0434,0.5585,2.4051
50.0436,0.6331,2.7262
50.0438,0.6494,2.7925
50.0440,0.6643,2.8591
50.0442,0.636,2.7399
50.0444,0.5912,2.5491
50.0446,0.5802,2.5008
50.0448,0.5754,2.4779
50.0450,0.5811,2.5033
50.0452,0.6282,2.7025
50.0454,0.6651,2.8614
50.0456,0.7149,3.0755
50.0458,0.7027,3.0243
50.0460,0.6637,2.8526
50.0462,0.7392,3.1787
50.0464,0.7481,3.2214
50.0466,0.6964,2.9961
50.0468,0.6683,2.8762
50.0470,0.6689,2.8788
50.0472,0.6756,2.905
50.0474,0.6979,3.0022
50.0476,0.7093,3.0498
50.0478,0.6583,2.8386
50.0480,0.5777,2.49
50.0482,0.578,2.4899
50.0484,0.5859,2.524
50.0486,0.6102,2.6288
50.0488,0.562,2.4234
50.0490,0.4901,2.1132
50.0492,0.5446,2.3484
50.0494,0.5335,2.3025
50.0496,0.5181,2.2362
50.0498,0.5051,2.1778
50.0500,0.4723,2.0404
50.0502,0.3974,1.7167
50.0504,0.3917,1.6923
50.0506,0.3891,1.6809
50.0508,0.3828,1.6527
50.0510,0.3805,1.6436
50.0512,0.3913,1.691
50.0514,0.3989,1.7226
50.0516,0.4083,1.7638
50.0518,0.3784,1.6348
50.0520,0.3965,1.7115
50.0522,0.4519,1.9506
50.0524,0.4805,2.0718
50.0526,0.5362,2.3112
50.0528,0.5199,2.2398
50.0530,0.6308,2.7139
50.0532,0.6915,2.9708
50.0534,0.6996,3.0039
50.0536,0.7485,3.2184
50.0538,0.7145,3.0725
50.0540,0.7383,3.1702
50.0542,0.8252,3.5402
50.0544,0.8143,3.4966
50.0546,0.8197,3.5198
50.0548,0.8583,3.6822
50.0550,0.8776,3.7597
50.0552,0.9434,4.0398
50.0554,1.053,4.5028
50.0556,1.1246,4.8089
50.0558,1.1219,4.8016
50.0560,1.0878,4.6559
50.0562,1.1371,4.8554
50.0564,1.186,5.0738
50.0566,1.0737,4.5953
50.0568,1.1063,4.7327
50.0570,1.1524,4.9256
50.0572,1.1036,4.7324
50.0574,0.9846,4.2278
50.0576,0.8987,3.8555
50.0578,0.8729,3.7467
50.0580,0.9093,3.9008
50.0582,0.9558,4.0946
50.0584,0.9383,4.029
50.0586,0.8615,3.6943
50.0588,0.8993,3.8635
50.0590,0.8763,3.7593
50.0592,0.9241,3.9646
50.0594,0.9246,3.9685
50.0596,0.8444,3.6309
50.0598,0.7326,3.1518
50.0600,0.7045,3.0334
50.0602,0.6992,3.0121
50.0604,0.6768,2.9142
50.0606,0.7121,3.0622
50.0608,0.7722,3.3221
50.0610,0.7956,3.4274
50.0612,0.7273,3.1286
50.0614,0.7151,3.0765
50.0616,0.7179,3.087
50.0618,0.7457,3.2096
50.0620,0.6954,2.9914
50.0622,0.7298,3.1424
50.0624,0.6985,3.0062
50.0626,0.7695,3.3087
50.0628,0.7669,3.2994
50.0630,0.8202,3.5268
50.0632,0.7961,3.4247
50.0634,0.7211,3.1009
50.0636,0.7046,3.0325
50.0638,0.6842,2.9462
50.0640,0.6981,3.0019
50.0642,0.7432,3.2032
50.0644,0.6301,2.7158
50.0646,0.5975,2.5753
50.0648,0.6046,2.6033
50.0650,0.6257,2.6967
50.0652,0.6099,2.6285
50.0654,0.6826,2.9354
50.0656,0.6748,2.9086
50.0658,0.6299,2.7123
50.0660,0.7135,3.0722
50.0662,0.6521,2.8078
50.0664,0.671,2.888
50.0666,0.6816,2.9362
50.0668,0.6829,2.9432
50.0670,0.668,2.8751
50.0672,0.6478,2.7931
50.0674,0.5338,2.304
50.0676,0.4981,2.1508
50.0678,0.5095,2.198
50.0680,0.5113,2.2057
50.0682,0.5325,2.2994
50.0684,0.4992,2.1575
50.0686,0.4196,1.8134
50.0688,0.3957,1.7094
50.0690,0.4173,1.801
50.0692,0.4584,1.9803
50.0694,0.4482,1.9345
50.0696,0.4444,1.918
50.0698,0.4462,1.9257
50.0700,0.4506,1.9449
50.0702,0.4493,1.941
50.0704,0.4501,1.9437
50.0706,0.4459,1.9247
50.0708,0.4603,1.9859
50.0710,0.5223,2.2533
50.0712,0.5073,2.1876
50.0714,0.4917,2.1234
50.0716,0.4433,1.9133
50.0718,0.4509,1.945
50.0720,0.4829,2.0841
50.0722,0.4636,2.0008
50.0724,0.4599,1.9856
50.0726,0.4416,1.9069
50.0728,0.4438,1.9154
50.0730,0.464,1.9991
50.0732,0.55,2.3728
50.0734,0.512,2.2058
50.0736,0.5373,2.3147
50.0738,0.6129,2.6341
50.0740,0.7171,3.0805
50.0742,0.7402,3.1829
50.0744,0.6932,2.9821
50.0746,0.6705,2.8846
50.0748,0.6286,2.7053
50.0750,0.6207,2.6725
50.0752,0.5808,2.5023
50.0754,0.5404,2.3293
50.0756,0.5747,2.4759
50.0758,0.6006,2.5803
50.0760,0.7183,3.0885
50.0762,0.7138,3.0694
50.0764,0.7066,3.0357
50.0766,0.7087,3.0444
50.0768,0.6734,2.8984
50.0770,0.6615,2.8473
50.0772,0.6968,3.0004
50.0774,0.6836,2.9381
50.0776,0.782,3.3644
50.0778,0.6481,2.7895
50.0780,0.5756,2.4807
50.0782,0.5679,2.4465
50.0784,0.551,2.3725
50.0786,0.5487,2.3638
50.0788,0.5667,2.439
50.0790,0.6268,2.6989
50.0792,0.6473,2.7859
50.0794,0.676,2.9043
50.0796,0.746,3.2076
50.0798,0.7082,3.0509
50.0800,0.595,2.562
50.0802,0.5952,2.5666
50.0804,0.5693,2.4515
50.0806,0.5824,2.509
50.0808,0.5792,2.4962
50.0810,0.5697,2.4531
50.0812,0.5963,2.5653
50.0814,0.6265,2.6941
50.0816,0.6087,2.6197
50.0818,0.5977,2.5739
50.0820,0.5987,2.5792
50.0822,0.5709,2.4605
50.0824,0.5998,2.5815
50.0826,0.6725,2.8929
50.0828,0.6434,2.7719
50.0830,0.5533,2.3846
50.0832,0.4894,2.1111
50.0834,0.4582,1.9747
50.0836,0.5235,2.2606
50.0838,0.432,1.8673
50.0840,0.3905,1.6864
50.0842,0.3878,1.6752
50.0844,0.3884,1.6778
50.0846,0.3877,1.6724
50.0848,0.403,1.7394
50.0850,0.4016,1.7332
50.0852,0.4206,1.8155
50.0854,0.471,2.031
50.0856,0.5418,2.3306
50.0858,0.6025,2.5921
50.0860,0.6416,2.7642
50.0862,0.6251,2.6879
50.0864,0.6842,2.9393
50.0866,0.7163,3.0817
50.0868,0.6866,2.951
50.0870,0.7292,3.1325
50.0872,0.7637,3.2809
50.0874,0.8347,3.5775
50.0876,0.9707,4.1545
50.0878,0.9823,4.2101
50.0880,0.9371,4.0164
50.0882,0.9275,3.9753
50.0884,0.889,3.8103
50.0886,0.9214,3.9527
50.0888,0.8702,3.7348
50.0890,0.8757,3.755
50.0892,0.88,3.777
50.0894,0.8552,3.6654
50.0896,0.8815,3.7779
50.0898,0.8934,3.8311
50.0900,0.8886,3.8105
50.0902,0.8633,3.7124
50.0904,0.7985,3.4303
50.0906,0.8294,3.5598
50.0908,0.8392,3.5987
50.0910,0.8697,3.7362
50.0912,0.8376,3.5948
50.0914,0.8257,3.5422
50.0916,0.8945,3.8375
50.0918,0.9066,3.8985
50.0920,0.7882,3.3844
50.0922,0.7954,3.4185
50.0924,0.7892,3.3922
50.0926,0.7593,3.2573
50.0928,0.7987,3.4329
50.0930,0.8479,3.6408
50.0932,0.8468,3.6362
50.0934,0.8222,3.529
50.0936,0.8877,3.8082
50.0938,0.9261,3.9747
50.0940,0.901,3.8707
50.0942,0.7842,3.369
50.0944,0.7886,3.3849
50.0946,0.8528,3.6636
50.0948,0.8223,3.5344
50.0950,0.7691,3.3056
50.0952,0.7231,3.112
50.0954,0.7222,3.1055
50.0956,0.7576,3.2546
50.0958,0.8228,3.5348
50.0960,0.7698,3.3087
50.0962,0.7602,3.2675
50.0964,0.7663,3.2953
50.0966,0.8063,3.4637
50.0968,0.8479,3.6425
50.0970,0.7609,3.2736
50.0972,0.7611,3.268
50.0974,0.822,3.5296
50.0976,0.8558,3.6782
50.0978,0.8233,3.5385
50.0980,0.802,3.4468
50.0982,0.834,3.5811
50.0984,0.81,3.4829
50.0986,0.8285,3.5607
50.0988,0.828,3.557
50.0990,0.8354,3.5839
50.0992,0.9101,3.908
50.0994,0.8771,3.7717
50.0996,0.7679,3.3066
50.0998,0.6673,2.8734
50.1000,0.63,2.7178
50.1002,0.5601,2.4163
50.1004,0.5537,2.3866
50.1006,0.5621,2.4228
50.1008,0.5678,2.4494
50.1010,0.5976,2.5758
50.1012,0.6531,2.8151
50.1014,0.6282,2.7051
50.1016,0.644,2.7771
50.1018,0.5786,2.4959
50.1020,0.5753,2.4762
50.1022,0.6611,2.8412
50.1024,0.6943,2.9909
50.1026,0.5782,2.4944
50.1028,0.5475,2.3619
50.1030,0.5324,2.2946
50.1032,0.5668,2.4441
50.1034,0.5367,2.3132
50.1036,0.5302,2.2875
50.1038,0.5453,2.3483
50.1040,0.5708,2.46
50.1042,0.537,2.3164
50.1044,0.5354,2.3108
50.1046,0.5391,2.3257
50.1048,0.5395,2.3262
50.1050,0.5377,2.3195
50.1052,0.5346,2.305
50.1054,0.5495,2.3619
50.1056,0.7388,3.1752
50.1058,0.6515,2.8078
50.1060,0.5423,2.3386
50.1062,0.5331,2.3009
50.1064,0.5328,2.2973
50.1066,0.5686,2.4496
50.1068,0.56,2.4146
50.1070,0.5403,2.3298
50.1072,0.5373,2.3147
50.1074,0.539,2.3241
50.1076,0.5482,2.3618
50.1078,0.5495,2.3707
50.1080,0.536,2.3112
50.1082,0.53,2.2843
50.1084,0.5232,2.2559
50.1086,0.5226,2.2533
50.1088,0.5581,2.4019
50.1090,0.6064,2.6135
50.1092,0.5341,2.3029
50.1094,0.5227,2.2538
50.1096,0.5702,2.4551
50.1098,0.6593,2.8322
50.1100,0.7512,3.2288
50.1102,0.7244,3.1148
50.1104,0.74,3.1848
50.1106,0.6605,2.8413
50.1108,0.669,2.8806
50.1110,0.6463,2.7856
50.1112,0.6352,2.7325
50.1114,0.7008,3.009
50.1116,0.7559,3.2504
50.1118,0.7317,3.1477
50.1120,0.7085,3.0439
50.1122,0.762,3.2706
50.1124,0.7553,3.2478
50.1126,0.7173,3.0873
50.1128,0.739,3.1807
50.1130,0.734,3.1546
50.1132,0.7325,3.1469
50.1134,0.7643,3.288
50.1136,0.7479,3.2129
50.1138,0.745,3.202
50.1140,0.7627,3.2767
50.1142,0.7834,3.3669
50.1144,0.7085,3.0524
50.1146,0.6507,2.8021
50.1148,0.6867,2.9515
50.1150,0.7173,3.0844
50.1152,0.73,3.139
50.1154,0.7226,3.1071
50.1156,0.7311,3.1437
50.1158,0.7536,3.2391
50.1160,0.7361,3.1727
50.1162,0.556,2.3953
50.1164,0.5834,2.5108
50.1166,0.6197,2.6696
50.1168,0.5727,2.4694
50.1170,0.5531,2.384
50.1172,0.5194,2.2419
50.1174,0.5271,2.274
50.1176,0.5736,2.4759
50.1178,0.4663,2.0136
50.1180,0.423,1.8258
50.1182,0.4588,1.9773
50.1184,0.4952,2.1334
50.1186,0.5862,2.522
50.1188,0.6848,2.9501
50.1190,0.6271,2.7017
50.1192,0.6389,2.7497
50.1194,0.6603,2.8421
50.1196,0.6518,2.8081
50.1198,0.6607,2.8384
50.1200,0.7674,3.2968
50.1202,0.7975,3.4229
50.1204,0.8052,3.4575
50.1206,0.8558,3.6731
50.1208,0.8885,3.8153
50.1210,0.9059,3.8864
50.1212,0.9436,4.0441
50.1214,0.9675,4.1392
50.1216,0.9948,4.2576
50.1218,0.9749,4.1783
50.1220,0.9341,4.0054
50.1222,0.9889,4.2384
50.1224,1.0241,4.3813
50.1226,1.11,4.7486
50.1228,1.1179,4.7847
50.1230,1.0867,4.6447
50.1232,1.152,4.9258
50.1234,1.095,4.6976
50.1236,0.8961,3.846
50.1238,0.9178,3.941
50.1240,0.8913,3.829
50.1242,0.8177,3.5143
50.1244,0.7583,3.2622
50.1246,0.7462,3.2101
50.1248,0.7419,3.1945
50.1250,0.7028,3.0276
50.1252,0.6783,2.9168
50.1254,0.7508,3.2282
50.1256,0.7878,3.386
50.1258,0.8482,3.644
50.1260,0.7619,3.2792
50.1262,0.7561,3.2469
50.1264,0.8226,3.5371
50.1266,0.722,3.1045
50.1268,0.7639,3.288
50.1270,0.7331,3.1568
50.1272,0.7081,3.0518
50.1274,0.6641,2.8581
50.1276,0.6907,2.9727
50.1278,0.7013,3.0186
50.1280,0.7187,3.0877
50.1282,0.7834,3.3669
50.1284,0.7577,3.2612
50.1286,0.7535,3.2416
50.1288,0.7733,3.3267
50.1290,0.7024,3.0275
50.1292,0.6081,2.6183
50.1294,0.665,2.8649
50.1296,0.6361,2.7391
50.1298,0.6467,2.782
50.1300,0.668,2.8765
50.1302,0.681,2.9309
50.1304,0.7367,3.1723
50.1306,0.7081,3.0503
50.1308,0.6991,3.0088
50.1310,0.6474,2.7915
50.1312,0.6117,2.6326
50.1314,0.6853,2.9467
50.1316,0.7261,3.1278
50.1318,0.6587,2.8362
50.1320,0.7681,3.303
50.1322,0.7629,3.2864
50.1324,0.6089,2.6244
50.1326,0.6246,2.6921
50.1328,0.6286,2.7066
50.1330,0.5896,2.5447
50.1332,0.5395,2.3251
50.1334,0.6102,2.6276
50.1336,0.6637,2.8552
50.1338,0.7059,3.0396
50.1340,0.6524,2.8107
50.1342,0.6085,2.624
50.1344,0.5715,2.4654
50.1346,0.5613,2.4214
50.1348,0.5606,2.4161
50.1350,0.5979,2.5744
50.1352,0.6855,2.9491
50.1354,0.7009,3.0194
50.1356,0.6277,2.7055
50.1358,0.6793,2.9223
50.1360,0.6457,2.7856
50.1362,0.5674,2.4467
50.1364,0.6,2.5861
50.1366,0.5524,2.3865
50.1368,0.4916,2.1179
50.1370,0.59,2.5451
50.1372,0.506,2.186
50.1374,0.4582,1.9784
50.1376,0.4558,1.9671
50.1378,0.4437,1.9157
50.1380,0.4435,1.9152
50.1382,0.4432,1.9137
50.1384,0.4476,1.9319
50.1386,0.4354,1.8809
50.1388,0.4252,1.8377
50.1390,0.4236,1.8293
50.1392,0.4223,1.8227
50.1394,0.4324,1.8671
50.1396,0.4296,1.856
50.1398,0.4318,1.8654
50.1400,0.4283,1.8486
50.1402,0.4289,1.8512
50.1404,0.4337,1.8728
50.1406,0.431,1.8591
50.1408,0.4278,1.8474
50.1410,0.4277,1.846
50.1412,0.43,1.8567
50.1414,0.4326,1.8681
50.1416,0.4298,1.854
50.1418,0.4305,1.8571
50.1420,0.4296,1.8534
50.1422,0.4323,1.8683
50.1424,0.4433,1.9142
50.1426,0.4387,1.8919
50.1428,0.4935,2.1262
50.1430,0.5702,2.4529
50.1432,0.624,2.6832
50.1434,0.7046,3.0283
50.1436,0.6913,2.9753
50.1438,0.6155,2.6503
50.1440,0.6001,2.5854
50.1442,0.5861,2.525
50.1444,0.5569,2.4012
50.1446,0.5444,2.3441
50.1448,0.6193,2.6644
50.1450,0.6669,2.8692
50.1452,0.6769,2.9066
50.1454,0.7609,3.269
50.1456,0.7607,3.2756
50.1458,0.6016,2.5904
50.1460,0.6009,2.5837
50.1462,0.6642,2.856
50.1464,0.6359,2.7368
50.1466,0.6141,2.6441
50.1468,0.6233,2.6839
50.1470,0.604,2.6008
50.1472,0.5977,2.5751
50.1474,0.5758,2.4829
50.1476,0.4985,2.1504
50.1478,0.4901,2.1093
50.1480,0.5214,2.2471
50.1482,0.4848,2.0895
50.1484,0.5259,2.2657
50.1486,0.5403,2.3298
50.1488,0.481,2.0748
50.1490,0.4316,1.8626
50.1492,0.4631,1.9959
50.1494,0.5075,2.1912
50.1496,0.3913,1.6895
50.1498,0.3715,1.6048
50.1500,0.3741,1.6154
50.1502,0.388,1.6763
50.1504,0.377,1.6286
50.1506,0.3706,1.6004
50.1508,0.3686,1.5909
50.1510,0.3795,1.6372
50.1512,0.4027,1.7371
50.1514,0.4221,1.82
50.1516,0.4741,2.0416
50.1518,0.568,2.4436
50.1520,0.6355,2.7327
50.1522,0.6235,2.6799
50.1524,0.6793,2.9237
50.1526,0.6537,2.8098
50.1528,0.6786,2.9138
50.1530,0.7205,3.0954
50.1532,0.7508,3.2177
50.1534,0.8427,3.6102
50.1536,0.8873,3.7978
50.1538,0.9526,4.0827
50.1540,0.9689,4.1468
50.1542,1.0279,4.3951
50.1544,1.0357,4.4326
50.1546,1.0526,4.4987
50.1548,1.0883,4.6536
50.1550,1.0931,4.6697
50.1552,1.1258,4.8073
50.1554,1.1509,4.9189
50.1556,1.1421,4.8838
50.1558,1.1155,4.7744
50.1560,1.0502,4.4905
50.1562,1.0596,4.531
50.1564,1.0654,4.5556
50.1566,1.1062,4.7322
50.1568,1.0756,4.5992
50.1570,1.0871,4.655
50.1572,1.0237,4.3874
50.1574,0.9728,4.1695
50.1576,0.9463,4.056
50.1578,0.9811,4.207
50.1580,0.9265,3.973
50.1582,0.8919,3.8226
50.1584,0.9589,4.1061
50.1586,0.9986,4.28
50.1588,1.0342,4.4368
50.1590,0.9219,3.9566
50.1592,0.8693,3.733
50.1594,0.8656,3.7135
50.1596,0.9298,3.9943
50.1598,0.8174,3.5116
50.1600,0.7892,3.3953
50.1602,0.7973,3.4251
50.1604,0.8752,3.7582
50.1606,0.8566,3.675
50.1608,0.8316,3.5741
50.1610,0.777,3.3396
50.1612,0.8175,3.5105
50.1614,0.8404,3.6122
50.1616,0.8415,3.6135
50.1618,0.8487,3.6461
50.1620,0.8553,3.6779
50.1622,0.8756,3.751
50.1624,0.978,4.1916
50.1626,0.9134,3.9183
50.1628,0.94,4.0306
50.1630,0.9635,4.1314
50.1632,0.9098,3.9083
50.1634,0.7993,3.4403
50.1636,0.7728,3.3278
50.1638,0.7201,3.0962
50.1640,0.7573,3.2596
50.1642,0.7003,3.0168
50.1644,0.6814,2.9343
50.1646,0.6687,2.8782
50.1648,0.6937,2.987
50.1650,0.7301,3.1381
50.1652,0.8462,3.637
50.1654,0.739,3.1851
50.1656,0.5993,2.5854
50.1658,0.5024,2.1694
50.1660,0.485,2.0924
50.1662,0.4962,2.1395
50.1664,0.5416,2.3377
50.1666,0.5322,2.2957
50.1668,0.5722,2.4685
50.1670,0.5467,2.3561
50.1672,0.5898,2.5434
50.1674,0.5611,2.4204
50.1676,0.5443,2.3469
50.1678,0.5385,2.3221
50.1680,0.5461,2.3557
50.1682,0.5518,2.3773
50.1684,0.6467,2.782
50.1686,0.6841,2.9457
50.1688,0.609,2.6273
50.1690,0.5317,2.2926
50.1692,0.5266,2.2719
50.1694,0.5236,2.259
50.1696,0.5269,2.2719
50.1698,0.5386,2.3215
50.1700,0.5703,2.4602
50.1702,0.5349,2.3076
50.1704,0.5551,2.3934
50.1706,0.5311,2.2911
50.1708,0.5154,2.2212
50.1710,0.54,2.3283
50.1712,0.5497,2.3713
50.1714,0.5316,2.2931
50.1716,0.5312,2.2895
50.1718,0.5961,2.5703
50.1720,0.5582,2.408
50.1722,0.5388,2.3209
50.1724,0.5768,2.4835
50.1726,0.6082,2.6188
50.1728,0.6317,2.72
50.1730,0.6546,2.8173
50.1732,0.662,2.848
50.1734,0.6836,2.9436
50.1736,0.6926,2.9796
50.1738,0.7356,3.1589
50.1740,0.7753,3.3308
50.1742,0.7245,3.1168
50.1744,0.699,3.0111
50.1746,0.6226,2.682
50.1748,0.6075,2.6182
50.1750,0.6498,2.7941
50.1752,0.7614,3.2726
50.1754,0.7795,3.3489
50.1756,0.8082,3.472
50.1758,0.7722,3.3174
50.1760,0.7894,3.3864
50.1762,0.84,3.6102
50.1764,0.8143,3.4999
50.1766,0.7774,3.3443
50.1768,0.7125,3.0652
50.1770,0.6633,2.8577
50.1772,0.6588,2.8354
50.1774,0.7302,3.1357
50.1776,0.7767,3.3412
50.1778,0.7446,3.2034
50.1780,0.7532,3.2416
50.1782,0.6777,2.9169
50.1784,0.6794,2.9215
50.1786,0.753,3.241
50.1788,0.76,3.2664
50.1790,0.7912,3.3973
50.1792,0.7888,3.3964
50.1794,0.6388,2.753
50.1796,0.5709,2.4617
50.1798,0.572,2.4663
50.1800,0.5765,2.4848
50.1802,0.5753,2.4773
50.1804,0.5973,2.5778
50.1806,0.4943,2.1342
50.1808,0.4742,2.0459
50.1810,0.4552,1.9664
50.1812,0.4854,2.093
50.1814,0.5275,2.2766
50.1816,0.4975,2.1462
50.1818,0.4444,1.9197
50.1820,0.4067,1.7579
50.1822,0.4017,1.7361
50.1824,0.3884,1.6778
50.1826,0.3879,1.6758
50.1828,0.3929,1.6983
50.1830,0.3962,1.7123
50.1832,0.3919,1.6913
50.1834,0.4564,1.9725
50.1836,0.4017,1.7353
50.1838,0.3955,1.706
50.1840,0.454,1.9566
50.1842,0.4618,1.9921
50.1844,0.4107,1.7734
50.1846,0.4384,1.8912
50.1848,0.4963,2.1381
50.1850,0.5304,2.288
50.1852,0.498,2.1483
50.1854,0.5096,2.1924
50.1856,0.6575,2.8258
50.1858,0.6687,2.8769
50.1860,0.6981,2.9991
50.1862,0.7721,3.3154
50.1864,0.768,3.304
50.1866,0.6999,3.0082
50.1868,0.8181,3.5049
50.1870,0.9769,4.1831
50.1872,0.9488,4.0667
50.1874,0.9596,4.1111
50.1876,0.9739,4.1742
50.1878,0.9257,3.9731
50.1880,0.8962,3.8465
50.1882,0.8699,3.7251
50.1884,0.95,4.0719
50.1886,0.9678,4.1479
50.1888,0.9818,4.2041
50.1890,0.9908,4.2446
50.1892,0.9529,4.0842
50.1894,0.9753,4.1803
50.1896,0.9546,4.0952
50.1898,0.9926,4.2543
50.1900,0.996,4.2667
50.1902,0.9917,4.2482
50.1904,0.9586,4.1141
50.1906,0.8937,3.8285
50.1908,0.9751,4.1812
50.1910,0.8978,3.8568
50.1912,0.7286,3.1387
50.1914,0.6722,2.8959
50.1916,0.6889,2.9636
50.1918,0.7093,3.0527
50.1920,0.6956,2.9911
50.1922,0.7666,3.2902
50.1924,0.7864,3.3798
50.1926,0.7913,3.4041
50.1928,0.7551,3.2483
50.1930,0.7334,3.1535
50.1932,0.7288,3.1339
50.1934,0.7378,3.1755
50.1936,0.7289,3.13
50.1938,0.8153,3.4991
50.1940,0.8171,3.5068
50.1942,0.834,3.5827
50.1944,0.8196,3.5275
50.1946,0.7717,3.3138
50.1948,0.8026,3.4462
50.1950,0.8315,3.5719
50.1952,0.8374,3.5994
50.1954,0.8095,3.4744
50.1956,0.6938,2.9903
50.1958,0.6741,2.9028
50.1960,0.6745,2.9003
50.1962,0.7091,3.0507
50.1964,0.7508,3.2282
50.1966,0.735,3.1592
50.1968,0.7482,3.2144
50.1970,0.7573,3.2581
50.1972,0.7421,3.1881
50.1974,0.856,3.6827
50.1976,0.8072,3.4711
50.1978,0.7777,3.3443
50.1980,0.7466,3.2102
50.1982,0.7432,3.1972
50.1984,0.7466,3.2132
50.1986,0.6147,2.6516
50.1988,0.5082,2.1943
50.1990,0.5216,2.2502
50.1992,0.5296,2.2859
50.1994,0.487,2.1017
50.1996,0.5018,2.1649
50.1998,0.4907,2.1187
50.2000,0.4905,2.1162
50.2002,0.52,2.2404
50.2004,0.5721,2.4634
50.2006,0.5825,2.5165
50.2008,0.4331,1.8719
50.2010,0.4228,1.8214
50.2012,0.6354,2.7398
50.2014,0.5409,2.3335
50.2016,0.4783,2.0654
50.2018,0.4557,1.9684
50.2020,0.4449,1.9218
50.2022,0.4464,1.9277
50.2024,0.4553,1.966
50.2026,0.5037,2.1751
50.2028,0.4686,2.0225
50.2030,0.4455,1.9226
50.2032,0.4456,1.924
50.2034,0.4487,1.9357
50.2036,0.4524,1.9508
50.2038,0.4503,1.9442
50.2040,0.4482,1.9363
50.2042,0.4529,1.9529
50.2044,0.5034,2.1696
50.2046,0.5123,2.2119
50.2048,0.4523,1.9512
50.2050,0.4455,1.9235
50.2052,0.4447,1.9204
50.2054,0.4485,1.9356
50.2056,0.4517,1.9504
50.2058,0.4487,1.9366
50.2060,0.444,1.9155
50.2062,0.4444,1.918
50.2064,0.4458,1.9251
50.2066,0.4582,1.9756
50.2068,0.4836,2.0843
50.2070,0.5281,2.2739
50.2072,0.5552,2.3917
50.2074,0.5374,2.3174
50.2076,0.5483,2.3623
50.2078,0.6103,2.6257
50.2080,0.6358,2.7414
50.2082,0.5269,2.2719
50.2084,0.5138,2.2135
50.2086,0.5585,2.4039
50.2088,0.5908,2.5416
50.2090,0.6209,2.6748
50.2092,0.6263,2.6955
50.2094,0.6679,2.872
50.2096,0.6627,2.8524
50.2098,0.6853,2.9495
50.2100,0.6341,2.7304
50.2102,0.5651,2.4323
50.2104,0.6324,2.7168
50.2106,0.7097,3.0505
50.2108,0.7298,3.1351
50.2110,0.728,3.1317
50.2112,0.7234,3.1092
50.2114,0.6782,2.9217
50.2116,0.5708,2.4589
50.2118,0.5578,2.4009
50.2120,0.5927,2.5498
50.2122,0.6203,2.6697
50.2124,0.6299,2.7098
50.2126,0.6945,2.985
50.2128,0.7361,3.1653
50.2130,0.7123,3.0613
50.2132,0.7228,3.1067
50.2134,0.7463,3.2032
50.2136,0.8058,3.4536
50.2138,0.8261,3.5487
50.2140,0.7654,3.2896
50.2142,0.7523,3.238
50.2144,0.6915,2.9694
50.2146,0.7674,3.3014
50.2148,0.7029,3.0239
50.2150,0.6563,2.8272
50.2152,0.6099,2.6248
50.2154,0.6336,2.7232
50.2156,0.6591,2.8396
50.2158,0.578,2.4945
50.2160,0.539,2.3231
50.2162,0.5613,2.4158
50.2164,0.5765,2.4848
50.2166,0.5452,2.3521
50.2168,0.4276,1.8447
50.2170,0.4103,1.7702
50.2172,0.4087,1.7629
50.2174,0.4905,2.1143
50.2176,0.5163,2.2233
50.2178,0.6467,2.782
50.2180,0.6513,2.8047
50.2182,0.6108,2.6277
50.2184,0.6269,2.6981
50.2186,0.6533,2.809
50.2188,0.6686,2.8764
50.2190,0.6519,2.8008
50.2192,0.7566,3.2505
50.2194,0.8076,3.4678
50.2196,0.8818,3.7759
50.2198,0.9863,4.2212
50.2200,0.952,4.082
50.2202,0.8997,3.8578
50.2204,0.8993,3.8527
50.2206,0.9264,3.9688
50.2208,0.9544,4.0885
50.2210,0.9207,3.9497
50.2212,0.9197,3.9474
50.2214,0.8719,3.7385
50.2216,0.898,3.8488
50.2218,0.9203,3.9444
50.2220,0.9478,4.064
50.2222,0.9638,4.1271
50.2224,1.0102,4.3258
50.2226,0.9885,4.2369
50.2228,1.005,4.3032
50.2230,1.0022,4.2995
50.2232,0.9207,3.946
50.2234,0.9063,3.8897
50.2236,0.8361,3.5887
50.2238,0.8317,3.5746
50.2240,0.8072,3.4727
50.2242,0.7922,3.4003
50.2244,0.8318,3.5768
50.2246,0.7763,3.3365
50.2248,0.7714,3.3154
50.2250,0.7843,3.3679
50.2252,0.8667,3.7182
50.2254,0.9313,3.9954
50.2256,0.9325,4.0006
50.2258,0.8811,3.7869
50.2260,0.8197,3.5231
50.2262,0.7904,3.3942
50.2264,0.771,3.3169
50.2266,0.7611,3.2726
50.2268,0.7609,3.269
50.2270,0.8162,3.5049
50.2272,0.8855,3.8025
50.2274,0.8738,3.7503
50.2276,0.8515,3.6528
50.2278,0.8727,3.7474
50.2280,0.8366,3.5957
50.2282,0.7848,3.3731
50.2284,0.8002,3.4375
50.2286,0.8392,3.6088
50.2288,0.7805,3.3592
50.2290,0.6908,2.9773
50.2292,0.6689,2.8814
50.2294,0.6661,2.8669
50.2296,0.7091,3.0493
50.2298,0.7585,3.2678
50.2300,0.6837,2.9427
50.2302,0.6567,2.8306
50.2304,0.6474,2.7877
50.2306,0.6781,2.9185
50.2308,0.6752,2.9061
50.2310,0.6799,2.9249
50.2312,0.7304,3.142
50.2314,0.7476,3.2133
50.2316,0.7386,3.185
50.2318,0.584,2.5204
50.2320,0.5862,2.5255
50.2322,0.6442,2.7737
50.2324,0.6697,2.885
50.2326,0.6655,2.863
50.2328,0.6912,2.9747
50.2330,0.6758,2.9087
50.2332,0.6993,3.0098
50.2334,0.7304,3.142
50.2336,0.7293,3.1432
50.2338,0.6412,2.7647
50.2340,0.6254,2.6944
50.2342,0.6427,2.765
50.2344,0.7246,3.1144
50.2346,0.7597,3.2654
50.2348,0.805,3.4597
50.2350,0.757,3.2566
50.2352,0.6973,2.9983
50.2354,0.7219,3.104
50.2356,0.7183,3.0957
50.2358,0.6563,2.8259
50.2360,0.6837,2.9414
50.2362,0.6266,2.7008
50.2364,0.5471,2.3593
50.2366,0.5507,2.3759
50.2368,0.5409,2.3335
50.2370,0.5352,2.3097
50.2372,0.5307,2.2885
50.2374,0.5395,2.3284
50.2376,0.5766,2.4807
50.2378,0.7041,3.0263
50.2380,0.6942,2.9932
50.2382,0.5606,2.4183
50.2384,0.5409,2.3324
50.2386,0.5406,2.333
50.2388,0.5379,2.3206
50.2390,0.5338,2.3008
50.2392,0.5337,2.3003
50.2394,0.5391,2.3257
50.2396,0.5289,2.2818
50.2398,0.522,2.2507
50.2400,0.518,2.2357
50.2402,0.5205,2.2466
50.2404,0.526,2.2683
50.2406,0.5282,2.2787
50.2408,0.5264,2.272
50.2410,0.5282,2.2776
50.2412,0.5253,2.2662
50.2414,0.5284,2.2786
50.2416,0.5698,2.4525
50.2418,0.6298,2.7105
50.2420,0.6807,2.9258
50.2422,0.7474,3.2138
50.2424,0.7433,3.1933
50.2426,0.7397,3.1808
50.2428,0.7237,3.1132
50.2430,0.7201,3.0977
50.2432,0.6846,2.9477
50.2434,0.6202,2.668
50.2436,0.732,3.1463
50.2438,0.7872,3.3787
50.2440,0.8552,3.6705
50.2442,0.7934,3.415
50.2444,0.7476,3.2103
50.2446,0.8026,3.4494
50.2448,0.7479,3.2159
50.2450,0.7197,3.099
50.2452,0.7011,3.0204
50.2454,0.6774,2.9113
50.2456,0.7082,3.0452
50.2458,0.752,3.2379
50.2460,0.677,2.9138
50.2462,0.6142,2.6446
50.2464,0.6436,2.7686
50.2466,0.6987,3.0045
50.2468,0.6684,2.8794
50.2470,0.6343,2.7314
50.2472,0.6186,2.665
50.2474,0.6223,2.6798
50.2476,0.6344,2.7319
50.2478,0.6379,2.7418
50.2480,0.7493,3.2235
50.2482,0.7063,3.0468
50.2484,0.503,2.171
50.2486,0.4252,1.8377
50.2488,0.4071,1.7595
50.2490,0.3922,1.6944
50.2492,0.3807,1.6439
50.2494,0.395,1.7063
50.2496,0.3986,1.7227
50.2498,0.3708,1.6009
50.2500,0.3657,1.5799
50.2502,0.3672,1.5876
50.2504,0.3871,1.6721
50.2506,0.3928,1.697
50.2508,0.3981,1.719
50.2510,0.4324,1.8653
50.2512,0.4971,2.1427
50.2514,0.5256,2.2652
50.2516,0.528,2.2734
50.2518,0.6117,2.6265
50.2520,0.7656,3.2922
50.2522,0.7408,3.181
50.2524,0.849,3.642
50.2526,0.8168,3.5025
50.2528,0.8834,3.7897
50.2530,0.8673,3.7207
50.2532,0.8738,3.738
50.2534,1.0486,4.488
50.2536,1.0691,4.5758
50.2538,1.0929,4.6752
50.2540,1.0321,4.4213
50.2542,0.974,4.1747
50.2544,0.9831,4.2098
50.2546,0.9818,4.21
50.2548,0.9839,4.2089
50.2550,1.1195,4.7891
50.2552,1.1285,4.8276
50.2554,1.0997,4.7001
50.2556,1.1288,4.8336
50.2558,1.096,4.6973
50.2560,0.9936,4.2604
50.2562,0.9595,4.1144
50.2564,0.9623,4.1262
50.2566,0.971,4.1676
50.2568,0.9533,4.0915
50.2570,0.9365,4.0157
50.2572,0.967,4.1424
50.2574,0.9781,4.1921
50.2576,0.9683,4.1577
50.2578,0.9161,3.9338
50.2580,0.8819,3.787
50.2582,0.9159,3.9291
50.2584,0.9564,4.1049
50.2586,0.9147,3.9276
50.2588,0.9172,3.9347
50.2590,0.9313,3.9917
50.2592,0.8798,3.7795
50.2594,0.769,3.3112
50.2596,0.7368,3.1729
50.2598,0.7296,3.1404
50.2600,0.6781,2.9185
50.2602,0.6674,2.8752
50.2604,0.6768,2.9155
50.2606,0.6721,2.894
50.2608,0.6974,3.0016
50.2610,0.7385,3.1756
50.2612,0.7329,3.1573
50.2614,0.7257,3.1234
50.2616,0.7594,3.273
50.2618,0.6253,2.6952
50.2620,0.585,2.5215
50.2622,0.5961,2.5691
50.2624,0.6457,2.783
50.2626,0.642,2.7619
50.2628,0.6776,2.9205
50.2630,0.691,2.9784
50.2632,0.6495,2.7931
50.2634,0.7058,3.0391
50.2636,0.6524,2.8133
50.2638,0.6142,2.6471
50.2640,0.5975,2.5741
50.2642,0.606,2.6132
50.2644,0.6129,2.6414
50.2646,0.6392,2.7538
50.2648,0.5987,2.5852
50.2650,0.504,2.1772
50.2652,0.486,2.0975
50.2654,0.501,2.1602
50.2656,0.5554,2.3972
50.2658,0.5155,2.2249
50.2660,0.5764,2.4832
50.2662,0.5888,2.5399
50.2664,0.5636,2.4335
50.2666,0.5215,2.2507
50.2668,0.5117,2.2052
50.2670,0.5855,2.5248
50.2672,0.5131,2.2145
50.2674,0.4909,2.1188
50.2676,0.4793,2.0676
50.2678,0.4885,2.1084
50.2680,0.4962,2.1425
50.2682,0.5087,2.1923
50.2684,0.5965,2.5723
50.2686,0.5368,2.3148
50.2688,0.5228,2.2564
50.2690,0.5346,2.3082
50.2692,0.4583,1.978
50.2694,0.4516,1.9481
50.2696,0.4473,1.9322
50.2698,0.4426,1.912
50.2700,0.4571,1.9747
50.2702,0.4311,1.8605
50.2704,0.4286,1.8505
50.2706,0.4384,1.8938
50.2708,0.4323,1.8657
50.2710,0.4278,1.8474
50.2712,0.4215,1.8191
50.2714,0.4292,1.8531
50.2716,0.4603,1.9877
50.2718,0.4817,2.077
50.2720,0.5135,2.212
50.2722,0.5542,2.3854
50.2724,0.635,2.7358
50.2726,0.6059,2.609
50.2728,0.64,2.7531
50.2730,0.641,2.7616
50.2732,0.5823,2.5096
50.2734,0.5681,2.4486
50.2736,0.5599,2.4141
50.2738,0.5895,2.5383
50.2740,0.5843,2.5161
50.2742,0.596,2.565
50.2744,0.6517,2.8076
50.2746,0.6145,2.6462
50.2748,0.6221,2.6775
50.2750,0.6422,2.7655
50.2752,0.6174,2.6611
50.2754,0.6109,2.627
50.2756,0.6904,2.9675
50.2758,0.7374,3.1695
50.2760,0.7378,3.1681
50.2762,0.7366,3.1615
50.2764,0.7671,3.3014
50.2766,0.7024,3.0219
50.2768,0.7147,3.0702
50.2770,0.7343,3.1532
50.2772,0.7655,3.2932
50.2774,0.7245,3.1182
50.2776,0.6576,2.8302
50.2778,0.6794,2.9215
50.2780,0.7198,3.0952
50.2782,0.6891,2.9674
50.2784,0.6505,2.8024
50.2786,0.6436,2.7737
50.2788,0.5546,2.3902
50.2790,0.5306,2.289
50.2792,0.5244,2.2621
50.2794,0.5266,2.2698
50.2796,0.5252,2.2636
50.2798,0.5222,2.2507
50.2800,0.5191,2.2404
50.2802,0.4998,2.1561
50.2804,0.5061,2.1815
50.2806,0.535,2.3028
50.2808,0.6139,2.6436
50.2810,0.5547,2.3919
50.2812,0.4951,2.1359
50.2814,0.5015,2.1603
50.2816,0.5383,2.32
50.2818,0.503,2.168
50.2820,0.5179,2.2311
50.2822,0.5766,2.4842
50.2824,0.5549,2.3918
50.2826,0.5089,2.1944
50.2828,0.4981,2.1468
50.2830,0.4958,2.138
50.2832,0.4989,2.1534
50.2834,0.4264,1.8412
50.2836,0.3944,1.7022
50.2838,0.3939,1.7009
50.2840,0.3935,1.7001
50.2842,0.4103,1.7702
50.2844,0.4545,1.9578
50.2846,0.5154,2.2202
50.2848,0.5216,2.2481
50.2850,0.5287,2.2786
50.2852,0.5665,2.4335
50.2854,0.7043,3.0245
50.2856,0.7898,3.3884
50.2858,0.8289,3.5578
50.2860,0.8125,3.4824
50.2862,0.854,3.6602
50.2864,0.8792,3.7752
50.2866,0.8167,3.5053
50.2868,0.9104,3.9018
50.2870,0.9648,4.1332
50.2872,0.9747,4.1739
50.2874,0.9705,4.1617
50.2876,0.9145,3.9198
50.2878,0.9456,4.0491
50.2880,0.9517,4.0829
50.2882,0.8649,3.707
50.2884,0.9848,4.2209
50.2886,1.0271,4.39
50.2888,1.1226,4.7935
50.2890,1.1173,4.7933
50.2892,0.9041,3.8805
50.2894,0.8481,3.6401
50.2896,0.8695,3.7335
50.2898,0.813,3.4958
50.2900,0.7858,3.3757
50.2902,0.8216,3.528
50.2904,0.7972,3.423
50.2906,0.777,3.3365
50.2908,0.7873,3.3808
50.2910,0.8362,3.5858
50.2912,0.893,3.8308
50.2914,0.9295,3.9859
50.2916,0.9334,4.0023
50.2918,0.9068,3.8936
50.2920,0.8484,3.6446
50.2922,0.8547,3.665
50.2924,0.8936,3.8352
50.2926,0.8611,3.6992
50.2928,0.8614,3.6973
50.2930,0.9039,3.8758
50.2932,0.9255,3.9702
50.2934,0.933,4.0082
50.2936,0.8601,3.6933
50.2938,0.8432,3.6157
50.2940,0.8674,3.7282
50.2942,0.797,3.4257
50.2944,0.828,3.5586
50.2946,0.8565,3.6762
50.2948,0.8656,3.717
50.2950,0.8354,3.5872
50.2952,0.8327,3.5821
50.2954,0.7927,3.4055
50.2956,0.8267,3.5497
50.2958,0.8189,3.5211
50.2960,0.8202,3.5268
50.2962,0.7768,3.3401
50.2964,0.7726,3.3236
50.2966,0.7678,3.3045
50.2968,0.6952,2.9867
50.2970,0.7702,3.3087
50.2972,0.8353,3.5884
50.2974,0.805,3.4613
50.2976,0.7554,3.2514
50.2978,0.7593,3.2679
50.2980,0.7283,3.1362
50.2982,0.7197,3.0961
50.2984,0.6814,2.9329
50.2986,0.6831,2.9415
50.2988,0.6524,2.812
50.2990,0.5838,2.5222
50.2992,0.5069,2.1896
50.2994,0.5025,2.167
50.2996,0.5483,2.3656
50.2998,0.5422,2.3403
50.3000,0.5347,2.3066
50.3002,0.5362,2.3112
50.3004,0.54,2.3304
50.3006,0.5347,2.3077
50.3008,0.524,2.2595
50.3010,0.5605,2.4156
50.3012,0.6141,2.6466
50.3014,0.6111,2.6361
50.3016,0.5512,2.3769
50.3018,0.5329,2.2988
50.3020,0.5252,2.2657
50.3022,0.5247,2.2647
50.3024,0.5288,2.2812
50.3026,0.5276,2.2761
50.3028,0.527,2.2745
50.3030,0.5258,2.2694
50.3032,0.5248,2.2621
50.3034,0.5301,2.2859
50.3036,0.5299,2.2859
50.3038,0.5242,2.2616
50.3040,0.5236,2.258
50.3042,0.526,2.2693
50.3044,0.5831,2.5121
50.3046,0.669,2.8766
50.3048,0.6998,3.0161
50.3050,0.563,2.4287
50.3052,0.5506,2.371
50.3054,0.6115,2.6357
50.3056,0.5465,2.3556
50.3058,0.5659,2.4411
50.3060,0.534,2.3035
50.3062,0.5248,2.2631
50.3064,0.5305,2.2864
50.3066,0.5402,2.3315
50.3068,0.5277,2.2766
50.3070,0.5246,2.261
50.3072,0.5212,2.2466
50.3074,0.5313,2.2921
50.3076,0.543,2.339
50.3078,0.6681,2.8743
50.3080,0.6888,2.9658
50.3082,0.6275,2.7007
50.3084,0.5714,2.4615
50.3086,0.5657,2.4394
50.3088,0.5854,2.5184
50.3090,0.6952,2.9895
50.3092,0.6912,2.9734
50.3094,0.6992,3.0065
50.3096,0.7662,3.2932
50.3098,0.7394,3.1763
50.3100,0.7299,3.1341
50.3102,0.7504,3.2297
50.3104,0.7166,3.0813
50.3106,0.7593,3.2648
50.3108,0.7064,3.0389
50.3110,0.7329,3.1499
50.3112,0.8099,3.4808
50.3114,0.772,3.321
50.3116,0.6938,2.9833
50.3118,0.6969,2.9995
50.3120,0.6817,2.9285
50.3122,0.7409,3.186
50.3124,0.7576,3.2591
50.3126,0.7361,3.1639
50.3128,0.7534,3.2456
50.3130,0.6822,2.9374
50.3132,0.675,2.9037
50.3134,0.6476,2.7861
50.3136,0.6555,2.8215
50.3138,0.6263,2.698
50.3140,0.6248,2.6893
50.3142,0.7143,3.0686
50.3144,0.7663,3.2953
50.3146,0.7082,3.0494
50.3148,0.6121,2.6383
50.3150,0.5627,2.4209
50.3152,0.6419,2.7626
50.3154,0.6775,2.9159
50.3156,0.6719,2.8917
50.3158,0.6358,2.7376
50.3160,0.6687,2.8796
50.3162,0.6072,2.6159
50.3164,0.5242,2.2616
50.3166,0.4927,2.1275
50.3168,0.478,2.0638
50.3170,0.4724,2.0372
50.3172,0.4783,2.0644
50.3174,0.4879,2.1058
50.3176,0.5419,2.3322
50.3178,0.6377,2.742
50.3180,0.7261,3.122
50.3182,0.7101,3.0549
50.3184,0.7004,3.0117
50.3186,0.7268,3.1222
50.3188,0.83,3.5624
50.3190,0.8568,3.6789
50.3192,0.827,3.5512
50.3194,0.859,3.6904
50.3196,0.8572,3.6792
50.3198,0.9026,3.863
50.3200,1.0191,4.3659
50.3202,0.9939,4.26
50.3204,0.9787,4.1947
50.3206,0.9768,4.1865
50.3208,0.9839,4.2188
50.3210,0.9705,4.1636
50.3212,0.9457,4.0553
50.3214,0.9827,4.2018
50.3216,1.122,4.7976
50.3218,1.1295,4.8299
50.3220,1.118,4.7852
50.3222,1.1134,4.7696
50.3224,1.0912,4.6768
50.3226,0.9581,4.1121
50.3228,0.8346,3.5853
50.3230,0.8291,3.5633
50.3232,0.8205,3.5267
50.3234,0.839,3.6027
50.3236,0.8955,3.8398
50.3238,0.8557,3.6828
50.3240,0.7541,3.2442
50.3242,0.727,3.132
50.3244,0.6794,2.9242
50.3246,0.7004,3.0089
50.3248,0.7897,3.3927
50.3250,0.7956,3.4227
50.3252,0.792,3.404
50.3254,0.7939,3.4139
50.3256,0.7786,3.3479
50.3258,0.76,3.271
50.3260,0.7445,3.2044
50.3262,0.746,3.2076
50.3264,0.7618,3.2802
50.3266,0.6543,2.8176
50.3268,0.6725,2.8956
50.3270,0.6997,3.0142
50.3272,0.7151,3.078
50.3274,0.7768,3.3355
50.3276,0.8132,3.4936
50.3278,0.7687,3.3117
50.3280,0.6461,2.7846
50.3282,0.5963,2.5701
50.3284,0.591,2.5474
50.3286,0.6118,2.6355
50.3288,0.6782,2.9217
50.3290,0.6883,2.9624
50.3292,0.68,2.9268
50.3294,0.7047,3.0317
50.3296,0.7534,3.2426
50.3298,0.7693,3.3112
50.3300,0.6832,2.942
50.3302,0.7031,3.0264
50.3304,0.7485,3.2169
50.3306,0.8151,3.5019
50.3308,0.7225,3.1138
50.3310,0.6731,2.8968
50.3312,0.707,3.0499
50.3314,0.51,2.2041
50.3316,0.4451,1.9237
50.3318,0.45,1.9414
50.3320,0.5389,2.3247
50.3322,0.5661,2.441
50.3324,0.587,2.5286
50.3326,0.5816,2.5089
50.3328,0.5778,2.4905
50.3330,0.5794,2.4995
50.3332,0.5987,2.578
50.3334,0.6696,2.8845
50.3336,0.6115,2.6382
50.3338,0.5657,2.4406
50.3340,0.5696,2.456
50.3342,0.5385,2.3264
50.3344,0.4963,2.1421
50.3346,0.5422,2.3359
50.3348,0.5607,2.4177
50.3350,0.5594,2.4109
50.3352,0.5665,2.4459
50.3354,0.4908,2.1202
50.3356,0.4673,2.0177
50.3358,0.4625,1.9952
50.3360,0.4726,2.0377
50.3362,0.5348,2.306
50.3364,0.5971,2.5713
50.3366,0.5873,2.5302
50.3368,0.588,2.5391
50.3370,0.5668,2.4441
50.3372,0.525,2.2647
50.3374,0.464,2.0028
50.3376,0.4885,2.1084
50.3378,0.4871,2.1012
50.3380,0.4531,1.9557
50.3382,0.4456,1.9249
50.3384,0.447,1.9302
50.3386,0.4467,1.9278
50.3388,0.4443,1.9192
50.3390,0.4404,1.9018
50.3392,0.4465,1.9273
50.3394,0.4473,1.9295
50.3396,0.4566,1.9698
50.3398,0.4608,1.9889
50.3400,0.4599,1.9847
50.3402,0.4572,1.9733
50.3404,0.4626,1.9966
50.3406,0.4578,1.9768
50.3408,0.4583,1.9771
50.3410,0.4539,1.9579
50.3412,0.4704,2.0293
50.3414,0.533,2.294
50.3416,0.6263,2.6918
50.3418,0.665,2.8596
50.3420,0.628,2.7065
50.3422,0.5807,2.5006
50.3424,0.6324,2.7193
50.3426,0.6667,2.8695
50.3428,0.6217,2.6759
50.3430,0.592,2.5479
50.3432,0.6058,2.6073
50.3434,0.5957,2.5651
50.3436,0.6294,2.709
50.3438,0.6891,2.9618
50.3440,0.7216,3.1044
50.3442,0.7109,3.0542
50.3444,0.771,3.3123
50.3446,0.715,3.0746
50.3448,0.6572,2.8313
50.3450,0.5816,2.5065
50.3452,0.5714,2.4603
50.3454,0.5763,2.4838
50.3456,0.5763,2.4826
50.3458,0.5495,2.3707
50.3460,0.4775,2.0598
50.3462,0.4805,2.0699
50.3464,0.5293,2.2823
50.3466,0.4901,2.1142
50.3468,0.4652,2.008
50.3470,0.4678,2.017
50.3472,0.4908,2.1153
50.3474,0.5045,2.1772
50.3476,0.4901,2.1102
50.3478,0.5298,2.2833
50.3480,0.4403,1.9012
50.3482,0.4042,1.7462
50.3484,0.3871,1.6714
50.3486,0.3666,1.5828
50.3488,0.367,1.5856
50.3490,0.3702,1.5991
50.3492,0.3932,1.6978
50.3494,0.3818,1.6486
50.3496,0.3777,1.6317
50.3498,0.3819,1.6491
50.3500,0.3851,1.6608
50.3502,0.4012,1.7325
50.3504,0.4003,1.7291
50.3506,0.3949,1.7034
50.3508,0.4152,1.7889
50.3510,0.4595,1.9795
50.3512,0.573,2.4675
50.3514,0.5828,2.5082
50.3516,0.6079,2.6081
50.3518,0.7998,3.4295
50.3520,0.8527,3.6563
50.3522,0.8605,3.688
50.3524,0.8902,3.8154
50.3526,0.8775,3.761
50.3528,0.8964,3.8404
50.3530,0.865,3.7092
50.3532,0.9038,3.8663
50.3534,0.9596,4.1072
50.3536,0.9292,3.9843
50.3538,0.9081,3.892
50.3540,0.8968,3.8455
50.3542,0.9273,3.9724
50.3544,0.9767,4.184
50.3546,0.9002,3.8527
50.3548,0.9542,4.0937
50.3550,0.9114,3.9082
50.3552,0.9217,3.9506
50.3554,0.9261,3.9691
50.3556,0.9518,4.0777
50.3558,0.9769,4.187
50.3560,0.9388,4.0236
50.3562,0.9846,4.214
50.3564,1.0393,4.448
50.3566,1.0613,4.5403
50.3568,1.0873,4.656
50.3570,1.057,4.5261
50.3572,1.0616,4.5435
50.3574,0.9944,4.27
50.3576,0.8253,3.5407
50.3578,0.8685,3.7172
50.3580,0.9966,4.2673
50.3582,1.0089,4.3303
50.3584,0.913,3.9149
50.3586,0.9623,4.1224
50.3588,1.0538,4.5101
50.3590,1.1182,4.7835
50.3592,1.0901,4.6678
50.3594,0.9291,3.9875
50.3596,0.8727,3.7474
50.3598,0.8539,3.6717
50.3600,0.7799,3.3551
50.3602,0.7675,3.2989
50.3604,0.7896,3.3921
50.3606,0.8606,3.6919
50.3608,0.8756,3.7597
50.3610,0.8687,3.7321
50.3612,0.8859,3.804
50.3614,0.9032,3.8727
50.3616,0.9318,3.9975
50.3618,0.9271,3.9774
50.3620,0.9509,4.0774
50.3622,0.9292,3.9918
50.3624,0.78,3.3556
50.3626,0.7624,3.2767
50.3628,0.755,3.2463
50.3630,0.7837,3.3732
50.3632,0.7355,3.1657
50.3634,0.6949,2.9921
50.3636,0.6549,2.8228
50.3638,0.6626,2.8519
50.3640,0.7466,3.2117
50.3642,0.6885,2.9703
50.3644,0.5312,2.2905
50.3646,0.5991,2.5844
50.3648,0.6099,2.6273
50.3650,0.6293,2.7097
50.3652,0.6719,2.8917
50.3654,0.6856,2.951
50.3656,0.6337,2.7351
50.3658,0.5422,2.3413
50.3660,0.5423,2.3386
50.3662,0.5446,2.3506
50.3664,0.5326,2.2978
50.3666,0.573,2.4721
50.3668,0.5359,2.3085
50.3670,0.5331,2.2988
50.3672,0.563,2.4264
50.3674,0.6124,2.6418
50.3676,0.5426,2.3407
50.3678,0.5283,2.2781
50.3680,0.5376,2.3158
50.3682,0.5956,2.567
50.3684,0.6094,2.6289
50.3686,0.5331,2.2988
50.3688,0.521,2.2455
50.3690,0.5284,2.2797
50.3692,0.5265,2.2725
50.3694,0.5271,2.2708
50.3696,0.5534,2.3862
50.3698,0.5313,2.2921
50.3700,0.5501,2.3722
50.3702,0.5501,2.3722
50.3704,0.5366,2.3117
50.3706,0.5457,2.3542
50.3708,0.5274,2.274
50.3710,0.5449,2.3462
50.3712,0.6222,2.678
50.3714,0.6948,2.9916
50.3716,0.6759,2.9106
50.3718,0.6752,2.9048
50.3720,0.6677,2.8749
50.3722,0.66,2.8406
50.3724,0.6939,2.9825
50.3726,0.731,3.1417
50.3728,0.6966,2.9966
50.3730,0.7179,3.0898
50.3732,0.7076,3.044
50.3734,0.6593,2.8375
50.3736,0.6386,2.7461
50.3738,0.7192,3.0926
50.3740,0.7461,3.2081
50.3742,0.7438,3.1983
50.3744,0.7717,3.3169
50.3746,0.782,3.3566
50.3748,0.8486,3.6405
50.3750,0.9307,3.9929
50.3752,0.9588,4.1094
50.3754,0.9518,4.0777
50.3756,0.927,3.9806
50.3758,0.8552,3.6739
50.3760,0.8389,3.6039
50.3762,0.8177,3.5127
50.3764,0.8111,3.486
50.3766,0.7852,3.3684
50.3768,0.9104,3.8963
50.3770,0.9753,4.1842
50.3772,0.9559,4.0952
50.3774,1.0027,4.2935
50.3776,0.9984,4.289
50.3778,0.8843,3.8009
50.3780,0.835,3.589
50.3782,0.7632,3.2819
50.3784,0.7402,3.1814
50.3786,0.7406,3.1844
50.3788,0.7903,3.3952
50.3790,0.8474,3.6387
50.3792,0.8486,3.649
50.3794,0.7949,3.4212
50.3796,0.7734,3.3272
50.3798,0.6879,2.9649
50.3800,0.5666,2.4465
50.3802,0.5046,2.1768
50.3804,0.498,2.1463
50.3806,0.6524,2.808
50.3808,0.6746,2.913
50.3810,0.5232,2.2569
50.3812,0.53,2.2843
50.3814,0.5623,2.4256
50.3816,0.5229,2.2601
50.3818,0.4152,1.7922
50.3820,0.4336,1.8749
50.3822,0.4009,1.7325
50.3824,0.4035,1.7415
50.3826,0.437,1.8885
50.3828,0.403,1.7418
50.3830,0.4016,1.7364
50.3832,0.3987,1.7224
50.3834,0.3985,1.7213
50.3836,0.4,1.7289
50.3838,0.4188,1.8044
50.3840,0.5997,2.5834
50.3842,0.5453,2.3504
50.3844,0.5754,2.4825
50.3846,0.5307,2.2895
50.3848,0.5655,2.4328
50.3850,0.6884,2.9615
50.3852,0.7231,3.1091
50.3854,0.749,3.2205
50.3856,0.7154,3.0747
50.3858,0.7627,3.2767
50.3860,0.794,3.4128
50.3862,0.8118,3.4793
50.3864,0.8847,3.7989
50.3866,0.8279,3.5548
50.3868,0.8614,3.6955
50.3870,0.9117,3.9092
50.3872,0.9093,3.9026
50.3874,0.9383,4.0234
50.3876,1.0004,4.2837
50.3878,1.0462,4.4736
50.3880,1.0835,4.6439
50.3882,1.0274,4.3993
50.3884,1.0389,4.4465
50.3886,1.0738,4.5958
50.3888,1.0096,4.3354
50.3890,0.9075,3.8967
50.3892,0.8581,3.6811
50.3894,0.907,3.8928
50.3896,0.9425,4.047
50.3898,0.9094,3.9013
50.3900,0.9286,3.9836
50.3902,0.9131,3.9172
50.3904,0.9112,3.909
50.3906,0.9149,3.9286
50.3908,0.9052,3.8869
50.3910,0.9289,3.987
50.3912,0.8804,3.7803
50.3914,0.8627,3.7012
50.3916,0.9207,3.9515
50.3918,0.9258,3.9736
50.3920,0.9376,4.0278
50.3922,0.8362,3.5942
50.3924,0.8458,3.6303
50.3926,0.9371,4.0258
50.3928,0.8735,3.7562
50.3930,0.7794,3.353
50.3932,0.7642,3.286
50.3934,0.7534,3.2411
50.3936,0.7528,3.2415
50.3938,0.7689,3.3061
50.3940,0.8251,3.5463
50.3942,0.7859,3.3825
50.3944,0.7523,3.2349
50.3946,0.8053,3.4596
50.3948,0.8434,3.6217
50.3950,0.8698,3.742
50.3952,0.7867,3.3876
50.3954,0.7177,3.0902
50.3956,0.6942,2.9876
50.3958,0.7391,3.1797
50.3960,0.7223,3.1032
50.3962,0.752,3.2319
50.3964,0.8071,3.4722
50.3966,0.7127,3.0705
50.3968,0.6449,2.7768
50.3970,0.75,3.2251
50.3972,0.8088,3.4778
50.3974,0.804,3.4556
50.3976,0.8181,3.5213
50.3978,0.745,3.205
50.3980,0.651,2.811
50.3982,0.5107,2.2062
50.3984,0.4956,2.1399
50.3986,0.5148,2.2238
50.3988,0.4999,2.1616
50.3990,0.42,1.8154
50.3992,0.4,1.7281
50.3994,0.4115,1.777
50.3996,0.4577,1.9763
50.3998,0.4527,1.9555
50.4000,0.4527,1.9564
50.4002,0.4621,1.9955
50.4004,0.5263,2.2704
50.4006,0.537,2.3175
50.4008,0.4778,2.0633
50.4010,0.4718,2.0374
50.4012,0.5048,2.1768
50.4014,0.4989,2.1544
50.4016,0.4621,1.9955
50.4018,0.4588,1.981
50.4020,0.4842,2.0888
50.4022,0.5101,2.2046
50.4024,0.4531,1.9566
50.4026,0.5022,2.1684
50.4028,0.4603,1.9877
50.4030,0.4492,1.9405
50.4032,0.4452,1.9234
50.4034,0.4452,1.9225
50.4036,0.4475,1.9332
50.4038,0.4509,1.9477
50.4040,0.4469,1.9315
50.4042,0.4464,1.9277
50.4044,0.4426,1.9102
50.4046,0.4456,1.9231
50.4048,0.4485,1.9365
50.4050,0.4449,1.9218
50.4052,0.4445,1.9194
50.4054,0.4447,1.9195
50.4056,0.4578,1.9768
50.4058,0.5193,2.2404
50.4060,0.4907,2.1167
50.4062,0.4469,1.9288
50.4064,0.4405,1.9023
50.4066,0.4413,1.9045
50.4068,0.4505,1.9444
50.4070,0.4776,2.0585
50.4072,0.5322,2.2936
50.4074,0.547,2.3555
50.4076,0.5786,2.4924
50.4078,0.5703,2.4568
50.4080,0.6179,2.6594
50.4082,0.603,2.5942
50.4084,0.6023,2.5935
50.4086,0.6443,2.7704
50.4088,0.6816,2.9307
50.4090,0.7003,3.0112
50.4092,0.7548,3.2443
50.4094,0.7967,3.4225
50.4096,0.7986,3.4356
50.4098,0.6517,2.8076
50.4100,0.5463,2.3535
50.4102,0.5294,2.2817
50.4104,0.5245,2.2595
50.4106,0.5662,2.4392
50.4108,0.5928,2.5504
50.4110,0.6969,2.9981
50.4112,0.703,3.023
50.4114,0.6753,2.9053
50.4116,0.6758,2.9019
50.4118,0.7069,3.0409
50.4120,0.6768,2.9128
50.4122,0.6936,2.9809
50.4124,0.7396,3.1788
50.4126,0.737,3.1675
50.4128,0.7259,3.1201
50.4130,0.728,3.1346
50.4132,0.6084,2.6186
50.4134,0.6073,2.6152
50.4136,0.5964,2.5682
50.4138,0.6263,2.6968
50.4140,0.6101,2.6283
50.4142,0.5564,2.398
50.4144,0.5051,2.1758
50.4146,0.609,2.6212
50.4148,0.5948,2.5646
50.4150,0.5452,2.3478
50.4152,0.5706,2.4606
50.4154,0.4783,2.0673
50.4156,0.4151,1.7933
50.4158,0.4212,1.8156
50.4160,0.5149,2.2212
50.4162,0.5125,2.2109
50.4164,0.5256,2.2652
50.4166,0.5188,2.2362
50.4168,0.4975,2.1492
50.4170,0.4246,1.8309
50.4172,0.4778,2.0595
50.4174,0.5007,2.1572
50.4176,0.6041,2.6001
50.4178,0.671,2.88
50.4180,0.7113,3.06
50.4182,0.742,3.1847
50.4184,0.7591,3.2598
50.4186,0.715,3.0717
50.4188,0.772,3.3164
50.4190,0.7913,3.3962
50.4192,0.8487,3.6325
50.4194,0.9776,4.192
50.4196,0.9318,3.9919
50.4198,0.9545,4.089
50.4200,0.9696,4.1518
50.4202,0.9797,4.1969
50.4204,0.9833,4.2142
50.4206,0.9927,4.2608
50.4208,0.9476,4.054
50.4210,1.1003,4.7026
50.4212,1.1409,4.8741
50.4214,1.1388,4.8694
50.4216,1.0888,4.6621
50.4218,1.0297,4.4173
50.4220,0.8821,3.7893
50.4222,0.8422,3.62
50.4224,0.8366,3.589
50.4226,0.8831,3.7922
50.4228,0.8751,3.7559
50.4230,0.8761,3.76
50.4232,0.8156,3.5056
50.4234,0.8172,3.5139
50.4236,0.8171,3.5101
50.4238,0.8307,3.5655
50.4240,0.8731,3.7507
50.4242,0.8496,3.6497
50.4244,0.8311,3.5737
50.4246,0.7823,3.3607
50.4248,0.7933,3.4113
50.4250,0.7831,3.3643
50.4252,0.7671,3.2984
50.4254,0.7581,3.2612
50.4256,0.7795,3.3504
50.4258,0.7974,3.4256
50.4260,0.7667,3.2968
50.4262,0.7277,3.1292
50.4264,0.7521,3.2339
50.4266,0.7697,3.3082
50.4268,0.8147,3.4982
50.4270,0.8373,3.6005
50.4272,0.7858,3.3819
50.4274,0.7263,3.1231
50.4276,0.7421,3.1956
50.4278,0.6799,2.9276
50.4280,0.6728,2.8944
50.4282,0.7305,3.1426
50.4284,0.7976,3.4314
50.4286,0.8155,3.5067
50.4288,0.7848,3.3731
50.4290,0.7358,3.1608
50.4292,0.7674,3.306
50.4294,0.6921,2.9803
50.4296,0.6973,2.9969
50.4298,0.7277,3.1365
50.4300,0.6034,2.603
50.4302,0.575,2.4793
50.4304,0.6169,2.6578
50.4306,0.6424,2.7673
50.4308,0.5908,2.5451
50.4310,0.6222,2.6805
50.4312,0.6558,2.8251
50.4314,0.6764,2.9113
50.4316,0.702,3.0184
50.4318,0.7147,3.0802
50.4320,0.6719,2.8957
50.4322,0.6573,2.8292
50.4324,0.6856,2.9483
50.4326,0.6789,2.9235
50.4328,0.6426,2.767
50.4330,0.6396,2.7528
50.4332,0.6641,2.8608
50.4334,0.6984,3.0057
50.4336,0.7395,3.1813
50.4338,0.743,3.1947
50.4340,0.7157,3.0834
50.4342,0.6473,2.7897
50.4344,0.5829,2.5122
50.4346,0.5687,2.449
50.4348,0.6419,2.7665
50.4350,0.6107,2.6321
50.4352,0.5824,2.5125
50.4354,0.5503,2.3727
50.4356,0.5555,2.3977
50.4358,0.5489,2.3681
50.4360,0.5681,2.4475
50.4362,0.6106,2.6304
50.4364,0.623,2.6841
50.4366,0.6259,2.7002
50.4368,0.5445,2.349
50.4370,0.5847,2.5211
50.4372,0.6193,2.6668
50.4374,0.5741,2.4745
50.4376,0.5299,2.2848
50.4378,0.5282,2.2787
50.4380,0.5276,2.2782
50.4382,0.5259,2.2678
50.4384,0.5241,2.26
50.4386,0.531,2.2895
50.4388,0.5977,2.5775
50.4390,0.5589,2.4089
50.4392,0.5305,2.2874
50.4394,0.5244,2.2621
50.4396,0.5226,2.2543
50.4398,0.5265,2.2714
50.4400,0.5238,2.2585
50.4402,0.5354,2.3065
50.4404,0.6127,2.6397
50.4406,0.6334,2.7273
50.4408,0.6534,2.8096
50.4410,0.653,2.8093
50.4412,0.6446,2.7732
50.4414,0.6421,2.7637
50.4416,0.6478,2.7879
50.4418,0.6963,2.9969
50.4420,0.7506,3.2232
50.4422,0.8193,3.5166
50.4424,0.8256,3.5417
50.4426,0.8362,3.5909
50.4428,0.7626,3.2839
50.4430,0.6203,2.6735
50.4432,0.5946,2.5593
50.4434,0.6864,2.9527
50.4436,0.6922,2.9794
50.4438,0.6877,2.9625
50.4440,0.6491,2.7949
50.4442,0.6633,2.8537
50.4444,0.6542,2.8171
50.4446,0.6497,2.7962
50.4448,0.7047,3.0317
50.4450,0.7538,3.2396
50.4452,0.7678,3.303
50.4454,0.6476,2.7913
50.4456,0.57,2.4569
50.4458,0.5674,2.4444
50.4460,0.5973,2.5718
50.4462,0.6548,2.8262
50.4464,0.4419,1.9089
50.4466,0.3938,1.7027
50.4468,0.4519,1.9514
50.4470,0.4337,1.8736
50.4472,0.397,1.7151
50.4474,0.3955,1.7076
50.4476,0.404,1.7451
50.4478,0.3887,1.6794
50.4480,0.3744,1.6172
50.4482,0.37,1.5985
50.4484,0.3755,1.6209
50.4486,0.3917,1.6915
50.4488,0.4187,1.8063
50.4490,0.4602,1.9872
50.4492,0.3963,1.7112
50.4494,0.3789,1.6369
50.4496,0.3879,1.6749
50.4498,0.3771,1.6284
50.4500,0.3748,1.6193
50.4502,0.4,1.7264
50.4504,0.4604,1.9864
50.4506,0.5146,2.2099
50.4508,0.7727,3.3148
50.4510,0.7828,3.3611
50.4512,0.7795,3.3488
50.4514,0.7933,3.4033
50.4516,0.7973,3.425
50.4518,0.7619,3.27
50.4520,0.8107,3.4811
50.4522,0.8259,3.5415
50.4524,0.8796,3.7737
50.4526,0.8871,3.802
50.4528,0.8663,3.7148
50.4530,0.9268,3.9721
50.4532,0.9828,4.2101
50.4534,0.9751,4.1753
50.4536,1.0293,4.4053
50.4538,1.0521,4.4965
50.4540,1.0928,4.673
50.4542,1.1225,4.7996
50.4544,1.0847,4.6381
50.4546,1.1147,4.7685
50.4548,1.1121,4.7577
50.4550,1.1214,4.795
50.4552,1.1262,4.8155
50.4554,1.1023,4.7135
50.4556,1.1246,4.8088
50.4558,1.1376,4.8688
50.4560,1.1257,4.8179
50.4562,1.1362,4.8586
50.4564,1.1226,4.8024
50.4566,1.1214,4.795
50.4568,1.1473,4.9034
50.4570,1.1147,4.7796
50.4572,0.9729,4.1777
50.4574,0.8625,3.7018
50.4576,0.8879,3.8091
50.4578,0.9529,4.0899
50.4580,0.9754,4.1886
50.4582,0.9041,3.8768
50.4584,0.9666,4.1447
50.4586,0.9392,4.0387
50.4588,0.7941,3.4164
50.4590,0.7625,3.2772
50.4592,0.8235,3.5428
50.4594,0.8099,3.4807
50.4596,0.7664,3.3003
50.4598,0.7088,3.0506
50.4600,0.7194,3.0965
50.4602,0.7046,3.0325
50.4604,0.6795,2.926
50.4606,0.684,2.9451
50.4608,0.6881,2.9659
50.4610,0.7294,3.1408
50.4612,0.7164,3.085
50.4614,0.7043,3.0286
50.4616,0.7409,3.1889
50.4618,0.6626,2.8532
50.4620,0.6276,2.7062
50.4622,0.6294,2.7127
50.4624,0.6296,2.7112
50.4626,0.6736,2.9047
50.4628,0.6423,2.7672
50.4630,0.6646,2.8606
50.4632,0.6272,2.7034
50.4634,0.58,2.4998
50.4636,0.6338,2.728
50.4638,0.6289,2.7119
50.4640,0.5827,2.514
50.4642,0.5992,2.5824
50.4644,0.5566,2.4023
50.4646,0.5434,2.3432
50.4648,0.5324,2.301
50.4650,0.4294,1.8532
50.4652,0.475,2.0499
50.4654,0.491,2.1222
50.4656,0.4504,1.9447
50.4658,0.4571,1.9737
50.4660,0.4692,2.026
50.4662,0.4636,2.0007
50.4664,0.4717,2.035
50.4666,0.5037,2.1721
50.4668,0.5287,2.2828
50.4670,0.4564,1.9715
50.4672,0.4848,2.0914
50.4674,0.4971,2.1476
50.4676,0.4403,1.903
50.4678,0.4324,1.8679
50.4680,0.433,1.8688
50.4682,0.4407,1.9019
50.4684,0.451,1.9455
50.4686,0.4368,1.8853
50.4688,0.4308,1.8603
50.4690,0.4513,1.947
50.4692,0.5144,2.2191
50.4694,0.4799,2.0711
50.4696,0.436,1.8826
50.4698,0.4331,1.871
50.4700,0.4318,1.8645
50.4702,0.4397,1.896
50.4704,0.4613,1.9872
50.4706,0.5162,2.2248
50.4708,0.5373,2.3179
50.4710,0.5726,2.4666
50.4712,0.5997,2.5821
50.4714,0.6037,2.6009
50.4716,0.6158,2.6506
50.4718,0.7012,3.011
50.4720,0.7076,3.044
50.4722,0.6461,2.7819
50.4724,0.5693,2.4549
50.4726,0.5507,2.3748
50.4728,0.5421,2.3354
50.4730,0.598,2.5749
50.4732,0.6642,2.8599
50.4734,0.6347,2.7316
50.4736,0.6029,2.5973
50.4738,0.5667,2.4435
50.4740,0.5709,2.4582
50.4742,0.6241,2.6912
50.4744,0.5839,2.5168
50.4746,0.5991,2.5771
50.4748,0.6958,2.9892
50.4750,0.8154,3.4979
50.4752,0.8834,3.7861
50.4754,0.8648,3.7116
50.4756,0.8264,3.5535
50.4758,0.7067,3.0418
50.4760,0.6656,2.8634
50.4762,0.6901,2.9687
50.4764,0.7337,3.1564
50.4766,0.661,2.8425
50.4768,0.6594,2.8366
50.4770,0.6685,2.8785
50.4772,0.6041,2.6036
50.4774,0.6024,2.594
50.4776,0.6088,2.6226
50.4778,0.5639,2.4294
50.4780,0.5903,2.543
50.4782,0.6613,2.8435
50.4784,0.6582,2.8354
50.4786,0.5818,2.5087
50.4788,0.5408,2.3318
50.4790,0.4981,2.1468
50.4792,0.5314,2.2915
50.4794,0.5602,2.4111
50.4796,0.575,2.4792
50.4798,0.4782,2.0658
50.4800,0.3996,1.7257
50.4802,0.3955,1.7068
50.4804,0.4086,1.7637
50.4806,0.4041,1.7457
50.4808,0.3952,1.7081
50.4810,0.3965,1.7122
50.4812,0.4089,1.7639
50.4814,0.4095,1.7681
50.4816,0.4083,1.763
50.4818,0.4101,1.7675
50.4820,0.4698,2.0267
50.4822,0.4086,1.7653
50.4824,0.4018,1.7358
50.4826,0.3981,1.719
50.4828,0.3896,1.6822
50.4830,0.3921,1.6931
50.4832,0.4423,1.9082
50.4834,0.4678,2.016
50.4836,0.4883,2.1025
50.4838,0.6114,2.6254
50.4840,0.7367,3.1649
50.4842,0.6913,2.9724
50.4844,0.6908,2.969
50.4846,0.715,3.0702
50.4848,0.742,3.1891
50.4850,0.7024,3.019
50.4852,0.7662,3.287
50.4854,0.8313,3.563
50.4856,0.8099,3.4726
50.4858,0.9109,3.9024
50.4860,0.9488,4.0648
50.4862,0.9384,4.0238
50.4864,0.9129,3.918
50.4866,0.8933,3.8287
50.4868,0.8938,3.829
50.4870,0.8841,3.7927
50.4872,0.8569,3.6759
50.4874,0.8856,3.7994
50.4876,0.913,3.9167
50.4878,0.895,3.8377
50.4880,0.8699,3.732
50.4882,0.9294,3.9816
50.4884,0.968,4.1431
50.4886,0.9416,4.0396
50.4888,0.9124,3.9104
50.4890,0.9412,4.0319
50.4892,1.0012,4.2933
50.4894,0.8913,3.8271
50.4896,0.8772,3.7669
50.4898,0.8937,3.8285
50.4900,0.9211,3.9608
50.4902,0.7688,3.306
50.4904,0.7938,3.4038
50.4906,0.8847,3.8006
50.4908,0.8594,3.6919
50.4910,0.8565,3.6761
50.4912,0.8926,3.831
50.4914,0.9108,3.9129
50.4916,0.8613,3.6949
50.4918,0.8599,3.6871
50.4920,0.9391,4.0288
50.4922,0.9757,4.1837
50.4924,0.8795,3.7784
50.4926,0.8497,3.6484
50.4928,0.8155,3.4984
50.4930,0.835,3.5873
50.4932,0.8444,3.6292
50.4934,0.8212,3.5281
50.4936,0.8244,3.5415
50.4938,0.8318,3.5734
50.4940,0.8464,3.6379
50.4942,0.8569,3.6776
50.4944,0.8693,3.7329
50.4946,0.8711,3.7389
50.4948,0.8649,3.7121
50.4950,0.836,3.5931
50.4952,0.8549,3.6745
50.4954,0.8139,3.5015
50.4956,0.739,3.1776
50.4958,0.7106,3.0583
50.4960,0.6776,2.9191
50.4962,0.6428,2.7693
50.4964,0.6477,2.7879
50.4966,0.6681,2.8783
50.4968,0.7064,3.0402
50.4970,0.7417,3.188
50.4972,0.727,3.1348
50.4974,0.5789,2.4963
50.4976,0.5621,2.4216
50.4978,0.5718,2.4646
50.4980,0.5794,2.4983
50.4982,0.5857,2.5257
50.4984,0.5362,2.3133
50.4986,0.4901,2.1151
50.4988,0.4855,2.0974
50.4990,0.5121,2.2103
50.4992,0.541,2.3318
50.4994,0.5367,2.3143
50.4996,0.5361,2.3095
50.4998,0.6301,2.712
50.5000,0.7036,3.0312
50.5002,0.629,2.7111
50.5004,0.6133,2.6447
50.5006,0.6238,2.6896
50.5008,0.5479,2.3635
50.5010,0.529,2.2812
50.5012,0.5271,2.274
50.5014,0.5356,2.3085
50.5016,0.5445,2.3468
50.5018,0.5421,2.3386
50.5020,0.5384,2.3237
50.5022,0.5371,2.3169
50.5024,0.5422,2.3381
50.5026,0.5383,2.321
50.5028,0.5354,2.3097
50.5030,0.5354,2.3075
50.5032,0.5817,2.5012
50.5034,0.6816,2.932
50.5036,0.6634,2.8608
50.5038,0.5453,2.3493
50.5040,0.5825,2.5118
50.5042,0.5379,2.3194
50.5044,0.5372,2.3174
50.5046,0.5446,2.3462
50.5048,0.5505,2.3737
50.5050,0.5251,2.262
50.5052,0.569,2.4488
50.5054,0.6423,2.7672
50.5056,0.601,2.5926
50.5058,0.5354,2.3086
50.5060,0.5275,2.2745
50.5062,0.5513,2.374
50.5064,0.6304,2.7118
50.5066,0.6917,2.9731
50.5068,0.7073,3.0401
50.5070,0.7256,3.1155
50.5072,0.789,3.3895
50.5074,0.7422,3.196
50.5076,0.6503,2.8013
50.5078,0.6353,2.7329
50.5080,0.6467,2.7793
50.5082,0.8173,3.5062
50.5084,0.8929,3.8343
50.5086,0.879,3.7728
50.5088,0.8308,3.5743
50.5090,0.7051,3.036
50.5092,0.6421,2.7636
50.5094,0.6204,2.6727
50.5096,0.609,2.6224
50.5098,0.6278,2.6959
50.5100,0.772,3.3148
50.5102,0.757,3.2565
50.5104,0.6769,2.9133
50.5106,0.6499,2.7998
50.5108,0.659,2.8351
50.5110,0.6834,2.9384
50.5112,0.7513,3.2293
50.5114,0.7235,3.1111
50.5116,0.719,3.0858
50.5118,0.7343,3.159
50.5120,0.7215,3.1009
50.5122,0.7565,3.256
50.5124,0.6911,2.9775
50.5126,0.6169,2.6589
50.5128,0.6066,2.6108
50.5130,0.5916,2.5487
50.5132,0.5493,2.3675
50.5134,0.5058,2.1839
50.5136,0.4946,2.1328
50.5138,0.555,2.3934
50.5140,0.5455,2.352
50.5142,0.5724,2.4683
50.5144,0.4947,2.1353
50.5146,0.4158,1.7939
50.5148,0.4523,1.953
50.5150,0.4566,1.968
50.5152,0.5131,2.2134
50.5154,0.5509,2.3764
50.5156,0.4562,1.9701
50.5158,0.4029,1.7413
50.5160,0.3995,1.726
50.5162,0.402,1.736
50.5164,0.4561,1.9668
50.5166,0.5029,2.1675
50.5168,0.5433,2.3362
50.5170,0.6417,2.7621
50.5172,0.6883,2.9568
50.5174,0.7898,3.3931
50.5176,0.8209,3.5314
50.5178,0.6928,2.9778
50.5180,0.7133,3.0659
50.5182,0.7553,3.2417
50.5184,0.7796,3.3462
50.5186,0.8102,3.4774
50.5188,0.8217,3.5285
50.5190,0.8748,3.7531
50.5192,0.878,3.7664
50.5194,0.8334,3.5751
50.5196,0.8247,3.5381
50.5198,0.8349,3.5835
50.5200,0.84,3.6034
50.5202,0.8667,3.7129
50.5204,0.9703,4.1606
50.5206,0.9571,4.104
50.5208,0.9446,4.0468
50.5210,0.972,4.1659
50.5212,0.9882,4.2313
50.5214,1.0059,4.3113
50.5216,0.9185,3.9403
50.5218,0.8935,3.8369
50.5220,0.8536,3.6654
50.5222,0.8623,3.7008
50.5224,0.839,3.6026
50.5226,0.8337,3.5833
50.5228,0.7979,3.4292
50.5230,0.8156,3.499
50.5232,0.9138,3.9184
50.5234,0.942,4.0468
50.5236,0.907,3.8946
50.5238,0.7889,3.3937
50.5240,0.7362,3.1643
50.5242,0.7927,3.4055
50.5244,0.8144,3.4922
50.5246,0.8739,3.7525
50.5248,0.8262,3.5508
50.5250,0.8057,3.4627
50.5252,0.7784,3.3442
50.5254,0.7775,3.3432
50.5256,0.7888,3.39
50.5258,0.7848,3.3793
50.5260,0.6664,2.867
50.5262,0.7057,3.0357
50.5264,0.7337,3.1594
50.5266,0.6964,2.9946
50.5268,0.7051,3.0317
50.5270,0.7807,3.3602
50.5272,0.6993,3.0126
50.5274,0.6055,2.6086
50.5276,0.6007,2.5868
50.5278,0.6077,2.6179
50.5280,0.6096,2.6311
50.5282,0.5452,2.3521
50.5284,0.5772,2.4867
50.5286,0.66,2.8379
50.5288,0.7241,3.1181
50.5290,0.6866,2.9578
50.5292,0.6857,2.9528
50.5294,0.5879,2.535
50.5296,0.5088,2.1928
50.5298,0.576,2.4804
50.5300,0.6983,3.0057
50.5302,0.6913,2.978
50.5304,0.6296,2.7099
50.5306,0.6276,2.7074
50.5308,0.5881,2.5326
50.5310,0.6553,2.823
50.5312,0.6422,2.7693
50.5314,0.6217,2.6784
50.5316,0.672,2.8921
50.5318,0.6537,2.8137
50.5320,0.6703,2.8822
50.5322,0.6702,2.8857
50.5324,0.6138,2.6467
50.5326,0.5827,2.5128
50.5328,0.5991,2.5807
50.5330,0.6269,2.6968
50.5332,0.7187,3.0876
50.5334,0.7888,3.3916
50.5336,0.6965,3.0049
50.5338,0.5772,2.4867
50.5340,0.5691,2.4527
50.5342,0.522,2.2517
50.5344,0.5109,2.2062
50.5346,0.4747,2.0489
50.5348,0.4704,2.0293
50.5350,0.5108,2.2067
50.5352,0.5198,2.2393
50.5354,0.5893,2.5389
50.5356,0.5711,2.4638
50.5358,0.4883,2.1083
50.5360,0.453,1.9561
50.5362,0.4556,1.9657
50.5364,0.4562,1.9682
50.5366,0.501,2.1602
50.5368,0.5371,2.318
50.5370,0.5657,2.436
50.5372,0.6139,2.6436
50.5374,0.5758,2.4805
50.5376,0.5447,2.35
50.5378,0.4621,1.9954
50.5380,0.4548,1.9639
50.5382,0.4591,1.9834
50.5384,0.4566,1.9707
50.5386,0.455,1.964
50.5388,0.4547,1.9633
50.5390,0.4538,1.9597
50.5392,0.4559,1.9667
50.5394,0.4757,2.0492
50.5396,0.5353,2.3059
50.5398,0.544,2.3436
50.5400,0.5793,2.499
50.5402,0.5591,2.4098
50.5404,0.5666,2.4396
50.5406,0.5601,2.4151
50.5408,0.5555,2.3943
50.5410,0.5489,2.3637
50.5412,0.553,2.3813
50.5414,0.6124,2.6332
50.5416,0.7023,3.0213
50.5418,0.691,2.9686
50.5420,0.733,3.1504
50.5422,0.6861,2.953
50.5424,0.6582,2.8328
50.5426,0.6323,2.7251
50.5428,0.5589,2.4077
50.5430,0.5527,2.3797
50.5432,0.5547,2.3907
50.5434,0.5539,2.3882
50.5436,0.5477,2.3596
50.5438,0.5495,2.3685
50.5440,0.5411,2.3312
50.5442,0.595,2.5584
50.5444,0.6188,2.666
50.5446,0.5461,2.3524
50.5448,0.5608,2.4171
50.5450,0.5583,2.4062
50.5452,0.5684,2.4474
50.5454,0.5859,2.5251
50.5456,0.588,2.5309
50.5458,0.57,2.4534
50.5460,0.5374,2.3174
50.5462,0.5023,2.1669
50.5464,0.4991,2.1519
50.5466,0.5592,2.4104
50.5468,0.5307,2.2852
50.5470,0.5457,2.3498
50.5472,0.5714,2.4637
50.5474,0.4977,2.1442
50.5476,0.4908,2.1153
50.5478,0.4916,2.1179
50.5480,0.5083,2.1917
50.5482,0.4815,2.0793
50.5484,0.3917,1.6915
50.5486,0.3702,1.5998
50.5488,0.3699,1.5973
50.5490,0.3855,1.6631
50.5492,0.3855,1.6638
50.5494,0.389,1.6781
50.5496,0.4417,1.9074
50.5498,0.4041,1.74
50.5500,0.5447,2.3446
50.5502,0.6067,2.6114
50.5504,0.6615,2.8432
50.5506,0.7314,3.1379
50.5508,0.7963,3.4177
50.5510,0.7674,3.2937
50.5512,0.7706,3.3061
50.5514,0.8421,3.6093
50.5516,0.838,3.5935
50.5518,0.8361,3.5853
50.5520,0.8682,3.7283
50.5522,0.7758,3.3375
50.5524,0.7214,3.0932
50.5526,0.8647,3.7042
50.5528,0.8979,3.8482
50.5530,0.9006,3.8583
50.5532,0.9553,4.0906
50.5534,0.9841,4.2119
50.5536,1.031,4.4125
50.5538,1.0494,4.4957
50.5540,0.9786,4.1863
50.5542,1.045,4.4663
50.5544,1.0896,4.6569
50.5546,1.0396,4.4495
50.5548,0.9993,4.285
50.5550,0.9955,4.2586
50.5552,1.1163,4.7757
50.5554,1.092,4.6672
50.5556,1.0926,4.6697
50.5558,1.0866,4.6441
50.5560,1.1047,4.7171
50.5562,1.1515,4.9237
50.5564,1.0919,4.6798
50.5566,0.9543,4.0979
50.5568,0.8895,3.8194
50.5570,0.8258,3.5509
50.5572,0.7874,3.3844
50.5574,0.7849,3.372
50.5576,0.7787,3.3436
50.5578,0.7699,3.3091
50.5580,0.7872,3.3849
50.5582,0.7787,3.3436
50.5584,0.7871,3.3797
50.5586,0.8465,3.6317
50.5588,0.9081,3.8956
50.5590,0.8757,3.7549
50.5592,0.8717,3.7414
50.5594,0.8501,3.6505
50.5596,0.8488,3.6448
50.5598,0.8091,3.4809
50.5600,0.7122,3.0627
50.5602,0.7748,3.3318
50.5604,0.787,3.3839
50.5606,0.8007,3.4416
50.5608,0.8161,3.5092
50.5610,0.7192,3.0954
50.5612,0.6703,2.8862
50.5614,0.7073,3.0401
50.5616,0.8191,3.5188
50.5618,0.7378,3.1813
50.5620,0.6328,2.7246
50.5622,0.672,2.8908
50.5624,0.6854,2.9472
50.5626,0.73,3.1463
50.5628,0.628,2.7027
50.5630,0.7186,3.0957
50.5632,0.6308,2.7164
50.5634,0.6486,2.7928
50.5636,0.6756,2.9076
50.5638,0.6687,2.8755
50.5640,0.6878,2.9589
50.5642,0.7377,3.1764
50.5644,0.6595,2.8411
50.5646,0.5833,2.5166
50.5648,0.5901,2.542
50.5650,0.6528,2.8095
50.5652,0.6801,2.9272
50.5654,0.6113,2.6359
50.5656,0.5656,2.4389
50.5658,0.5675,2.446
50.5660,0.5969,2.5679
50.5662,0.7164,3.085
50.5664,0.6501,2.8073
50.5666,0.5068,2.1876
50.5668,0.5084,2.1922
50.5670,0.4998,2.157
50.5672,0.4809,2.0738
50.5674,0.5271,2.275
50.5676,0.5298,2.2875
50.5678,0.5287,2.2807
50.5680,0.5286,2.2791
50.5682,0.5242,2.2615
50.5684,0.5241,2.2589
50.5686,0.5525,2.3825
50.5688,0.5278,2.276
50.5690,0.5319,2.2947
50.5692,0.5379,2.3184
50.5694,0.5752,2.4791
50.5696,0.5979,2.578
50.5698,0.5423,2.3364
50.5700,0.5578,2.403
50.5702,0.5946,2.5592
50.5704,0.6428,2.7667
50.5706,0.6504,2.7979
50.5708,0.6685,2.8772
50.5710,0.6644,2.8609
50.5712,0.6692,2.8802
50.5714,0.7274,3.1276
50.5716,0.7432,3.1942
50.5718,0.675,2.9064
50.5720,0.6187,2.6655
50.5722,0.6329,2.7201
50.5724,0.7176,3.0844
50.5726,0.7415,3.1885
50.5728,0.771,3.3184
50.5730,0.7158,3.0796
50.5732,0.7343,3.159
50.5734,0.6765,2.9117
50.5736,0.6557,2.8232
50.5738,0.6886,2.957
50.5740,0.7903,3.3952
50.5742,0.7449,3.2044
50.5744,0.7284,3.1279
50.5746,0.841,3.6097
50.5748,0.8854,3.7966
50.5750,0.9025,3.8755
50.5752,0.8591,3.6891
50.5754,0.7792,3.3457
50.5756,0.7203,3.0987
50.5758,0.6892,2.9692
50.5760,0.6504,2.7953
50.5762,0.7682,3.3035
50.5764,0.6845,2.949
50.5766,0.6361,2.7378
50.5768,0.6935,2.9795
50.5770,0.7252,3.1155
50.5772,0.7187,3.0963
50.5774,0.6432,2.7708
50.5776,0.6366,2.7411
50.5778,0.6222,2.6842
50.5780,0.5361,2.3095
50.5782,0.574,2.4751
50.5784,0.5807,2.5029
50.5786,0.5881,2.5326
50.5788,0.6202,2.6729
50.5790,0.5856,2.5229
50.5792,0.62,2.6711
50.5794,0.6634,2.8555
50.5796,0.7073,3.0401
50.5798,0.7215,3.1038
50.5800,0.7003,3.0153
50.5802,0.5935,2.5605
50.5804,0.5197,2.2409
50.5806,0.5007,2.1632
50.5808,0.413,1.7848
50.5810,0.3911,1.6905
50.5812,0.3881,1.6768
50.5814,0.3883,1.6781
50.5816,0.4362,1.8845
50.5818,0.4109,1.7752
50.5820,0.3931,1.698
50.5822,0.3934,1.6988
50.5824,0.4024,1.7384
50.5826,0.4477,1.9306
50.5828,0.5338,2.3019
50.5830,0.5419,2.3343
50.5832,0.5826,2.5076
50.5834,0.6824,2.9343
50.5836,0.6969,2.9939
50.5838,0.729,3.1349
50.5840,0.6845,2.9436
50.5842,0.7184,3.0904
50.5844,0.7024,3.0204
50.5846,0.7361,3.1594
50.5848,0.7732,3.3231
50.5850,0.7703,3.3045
50.5852,0.9061,3.8819
50.5854,0.948,4.065
50.5856,0.9534,4.0862
50.5858,0.9071,3.8896
50.5860,0.9373,4.0211
50.5862,0.9531,4.0852
50.5864,0.9577,4.1047
50.5866,0.9476,4.0634
50.5868,0.9576,4.0984
50.5870,0.997,4.2753
50.5872,0.9302,3.9926
50.5874,0.8915,3.8281
50.5876,0.948,4.065
50.5878,0.9699,4.1591
50.5880,0.9521,4.0863
50.5882,0.8736,3.7497
50.5884,0.894,3.8372
50.5886,0.9033,3.8714
50.5888,0.9744,4.1722
50.5890,0.9999,4.2936
50.5892,0.8971,3.8523
50.5894,0.8397,3.6141
50.5896,0.6981,3.0018
50.5898,0.7563,3.2519
50.5900,0.7733,3.3251
50.5902,0.7841,3.3684
50.5904,0.7781,3.3442
50.5906,0.8007,3.4432
50.5908,0.8119,3.4911
50.5910,0.8269,3.5523
50.5912,0.8277,3.5559
50.5914,0.8579,3.684
50.5916,0.8588,3.6841
50.5918,0.837,3.6022
50.5920,0.7212,3.1042
50.5922,0.7886,3.3895
50.5924,0.8265,3.5474
50.5926,0.863,3.7056
50.5928,0.9151,3.9314
50.5930,0.8528,3.6652
50.5932,0.8208,3.526
50.5934,0.8638,3.7109
50.5936,0.8506,3.6577
50.5938,0.7295,3.1428
50.5940,0.6517,2.8101
50.5942,0.6437,2.7729
50.5944,0.6391,2.7533
50.5946,0.6575,2.8323
50.5948,0.6691,2.8784
50.5950,0.697,3.0028
50.5952,0.6946,2.9938
50.5954,0.6402,2.7618
50.5956,0.5889,2.5345
50.5958,0.667,2.8723
50.5960,0.6311,2.7199
50.5962,0.5968,2.5721
50.5964,0.6154,2.6522
50.5966,0.5851,2.5243
50.5968,0.5763,2.486
50.5970,0.5555,2.3977
50.5972,0.5222,2.2528
50.5974,0.5058,2.1829
50.5976,0.4935,2.1321
50.5978,0.4898,2.1141
50.5980,0.5025,2.1689
50.5982,0.5027,2.1694
50.5984,0.4922,2.1293
50.5986,0.4224,1.8258
50.5988,0.4119,1.7801
50.5990,0.4986,2.1469
50.5992,0.5818,2.5122
50.5994,0.4796,2.071
50.5996,0.4717,2.0369
50.5998,0.4526,1.9536
50.6000,0.4538,1.9588
50.6002,0.4544,1.9623
50.6004,0.457,1.9741
50.6006,0.453,1.9552
50.6008,0.4556,1.9666
50.6010,0.4516,1.949
50.6012,0.4515,1.9494
50.6014,0.4562,1.9692
50.6016,0.4717,2.034
50.6018,0.4994,2.1555
50.6020,0.4543,1.9636
50.6022,0.4477,1.9342
50.6024,0.4538,1.9579
50.6026,0.4622,1.9941
50.6028,0.4598,1.9856
50.6030,0.4573,1.9738
50.6032,0.4585,1.9772
50.6034,0.4618,1.9911
50.6036,0.5101,2.1995
50.6038,0.5401,2.332
50.6040,0.488,2.1073
50.6042,0.4528,1.9542
50.6044,0.4497,1.9407
50.6046,0.4626,1.9947
50.6048,0.5114,2.2062
50.6050,0.506,2.1768
50.6052,0.6012,2.5876
50.6054,0.635,2.737
50.6056,0.5692,2.4532
50.6058,0.5425,2.3391
50.6060,0.5497,2.369
50.6062,0.5515,2.3779
50.6064,0.555,2.39
50.6066,0.5579,2.4024
50.6068,0.5519,2.3777
50.6070,0.5571,2.4011
50.6072,0.6028,2.5955
50.6074,0.667,2.8643
50.6076,0.7667,3.2876
50.6078,0.8714,3.7382
50.6080,0.8058,3.4632
50.6082,0.6857,2.9542
50.6084,0.5574,2.4026
50.6086,0.5501,2.37
50.6088,0.5529,2.3841
50.6090,0.6064,2.6062
50.6092,0.7016,3.0238
50.6094,0.5735,2.473
50.6096,0.5624,2.4204
50.6098,0.5733,2.4674
50.6100,0.6034,2.5981
50.6102,0.6227,2.6775
50.6104,0.6692,2.8789
50.6106,0.6794,2.9228
50.6108,0.7286,3.1284
50.6110,0.7334,3.1519
50.6112,0.6915,2.9749
50.6114,0.6596,2.8376
50.6116,0.6841,2.9429
50.6118,0.6811,2.93
50.6120,0.6407,2.7561
50.6122,0.6292,2.7104
50.6124,0.6433,2.7688
50.6126,0.6164,2.6532
50.6128,0.6094,2.6227
50.6130,0.6447,2.7724
50.6132,0.6476,2.7861
50.6134,0.619,2.6652
50.6136,0.5577,2.4059
50.6138,0.4361,1.884
50.6140,0.4136,1.7858
50.6142,0.4133,1.7839
50.6144,0.4168,1.7989
50.6146,0.4182,1.8059
50.6148,0.447,1.9275
50.6150,0.4643,2.0038
50.6152,0.4877,2.1018
50.6154,0.5624,2.4227
50.6156,0.5558,2.3943
50.6158,0.5465,2.3556
50.6160,0.5446,2.3462
50.6162,0.522,2.2475
50.6164,0.5586,2.4033
50.6166,0.6368,2.7384
50.6168,0.6563,2.8219
50.6170,0.7289,3.1285
50.6172,0.7777,3.3395
50.6174,0.7889,3.3858
50.6176,0.8449,3.6262
50.6178,0.8522,3.6541
50.6180,0.8518,3.656
50.6182,0.8638,3.7057
50.6184,0.8607,3.6889
50.6186,0.9407,4.028
50.6188,0.9663,4.1398
50.6190,0.9751,4.1792
50.6192,0.992,4.2497
50.6194,1.0097,4.3176
50.6196,1.0723,4.5917
50.6198,1.0161,4.3529
50.6200,1.0205,4.3679
50.6202,1.0593,4.5294
50.6204,1.0878,4.6667
50.6206,0.9163,3.9366
50.6208,0.8464,3.6345
50.6210,0.8185,3.5146
50.6212,0.8151,3.5034
50.6214,0.7889,3.389
50.6216,0.8105,3.4768
50.6218,0.8699,3.7337
50.6220,0.8974,3.8534
50.6222,0.8505,3.6487
50.6224,0.879,3.7746
50.6226,0.8329,3.578
50.6228,0.8313,3.5663
50.6230,0.8565,3.6795
50.6232,0.835,3.584
50.6234,0.8762,3.7657
50.6236,0.8163,3.5086
50.6238,0.7794,3.3483
50.6240,0.807,3.4635
50.6242,0.8696,3.7322
50.6244,0.8931,3.8331
50.6246,0.8729,3.7483
50.6248,0.8473,3.6365
50.6250,0.8916,3.834
50.6252,0.7612,3.2761
50.6254,0.7356,3.1632
50.6256,0.7732,3.3215
50.6258,0.8118,3.4874
50.6260,0.8069,3.463
50.6262,0.8721,3.7482
50.6264,0.789,3.3927
50.6266,0.7938,3.4101
50.6268,0.8368,3.5967
50.6270,0.8179,3.5136
50.6272,0.8117,3.4852
50.6274,0.8224,3.5283
50.6276,0.8102,3.4872
50.6278,0.7043,3.0357
50.6280,0.6112,2.6366
50.6282,0.5704,2.4596
50.6284,0.5777,2.4876
50.6286,0.6169,2.6577
50.6288,0.6551,2.8193
50.6290,0.6487,2.7959
50.6292,0.577,2.4868
50.6294,0.5884,2.5359
50.6296,0.6215,2.6786
50.6298,0.648,2.7915
50.6300,0.6853,2.9521
50.6302,0.6938,2.9847
50.6304,0.6569,2.8271
50.6306,0.6537,2.815
50.6308,0.6441,2.7711
50.6310,0.72,3.0976
50.6312,0.7539,3.2431
50.6314,0.7518,3.2358
50.6316,0.6935,2.9836
50.6318,0.7788,3.3488
50.6320,0.7985,3.4302
50.6322,0.8658,3.718
50.6324,0.8308,3.5676
50.6326,0.8206,3.5238
50.6328,0.8795,3.7767
50.6330,0.8503,3.6595
50.6332,0.6793,2.929
50.6334,0.5786,2.4936
50.6336,0.5788,2.4958
50.6338,0.5991,2.5807
50.6340,0.6003,2.5871
50.6342,0.6181,2.6629
50.6344,0.6192,2.67
50.6346,0.5881,2.5384
50.6348,0.6162,2.6546
50.6350,0.6482,2.7886
50.6352,0.7673,3.2963
50.6354,0.8766,3.7625
50.6356,0.8512,3.6603
50.6358,0.6799,2.9343
50.6360,0.5838,2.5186
50.6362,0.6019,2.5943
50.6364,0.6531,2.8124
50.6366,0.6616,2.8491
50.6368,0.7051,3.0346
50.6370,0.6923,2.984
50.6372,0.5934,2.5576
50.6374,0.569,2.4534
50.6376,0.5634,2.4318
50.6378,0.5654,2.439
50.6380,0.5873,2.5266
50.6382,0.6708,2.8843
50.6384,0.704,3.0313
50.6386,0.6792,2.9217
50.6388,0.7348,3.1581
50.6390,0.7684,3.3009
50.6392,0.7463,3.2121
50.6394,0.6951,2.9945
50.6396,0.6968,2.9976
50.6398,0.7535,3.2385
50.6400,0.8126,3.4861
50.6402,0.8587,3.6871
50.6404,0.8005,3.4422
50.6406,0.7313,3.1432
50.6408,0.8005,3.4422
50.6410,0.8046,3.4597
50.6412,0.7386,3.1776
50.6414,0.6715,2.8941
50.6416,0.6649,2.8643
50.6418,0.6818,2.9317
50.6420,0.7771,3.3354
50.6422,0.8804,3.782
50.6424,0.8458,3.6387
50.6426,0.7777,3.3442
50.6428,0.7997,3.4417
50.6430,0.7772,3.3421
50.6432,0.7896,3.3921
50.6434,0.7974,3.424
50.6436,0.8548,3.6774
50.6438,0.7427,3.1921
50.6440,0.7732,3.3246
50.6442,0.7969,3.4299
50.6444,0.7094,3.0546
50.6446,0.6732,2.8959
50.6448,0.6545,2.822
50.6450,0.5591,2.4143
50.6452,0.4758,2.0554
50.6454,0.5001,2.1536
50.6456,0.6901,2.9728
50.6458,0.6199,2.6781
50.6460,0.5108,2.2046
50.6462,0.5079,2.1942
50.6464,0.4776,2.0613
50.6466,0.4836,2.0901
50.6468,0.4456,1.924
50.6470,0.4519,1.9478
50.6472,0.533,2.2993
50.6474,0.5127,2.2129
50.6476,0.5342,2.3077
50.6478,0.4709,2.0332
50.6480,0.4438,1.9171
50.6482,0.4736,2.0433
50.6484,0.4958,2.139
50.6486,0.4537,1.9556
50.6488,0.639,2.7489
50.6490,0.6349,2.7352
50.6492,0.6121,2.6358
50.6494,0.6774,2.9126
50.6496,0.772,3.3117
50.6498,0.9193,3.9402
50.6500,0.9481,4.0674
50.6502,0.916,3.9295
50.6504,0.9236,3.9569
50.6506,0.9527,4.085
50.6508,0.9513,4.0813
50.6510,0.9674,4.1483
50.6512,0.9853,4.2229
50.6514,0.9666,4.1447
50.6516,1.007,4.3139
50.6518,1.0396,4.4495
50.6520,1.0806,4.6207
50.6522,1.0902,4.6682
50.6524,1.0054,4.3112
50.6526,1.0005,4.2882
50.6528,1.0217,4.373
50.6530,1.083,4.6352
50.6532,1.1132,4.7624
50.6534,1.1286,4.828
50.6536,1.136,4.8644
50.6538,1.0112,4.342
50.6540,0.8949,3.8443
50.6542,0.948,4.0631
50.6544,1.0722,4.5933
50.6546,1.041,4.4598
50.6548,1.0475,4.4875
50.6550,1.1054,4.7312
50.6552,1.1572,4.9552
50.6554,1.1678,4.9911
50.6556,1.219,5.2197
50.6558,1.1311,4.8478
50.6560,1.0533,4.5143
50.6562,1.0446,4.4773
50.6564,1.0674,4.5771
50.6566,1.0052,4.3163
50.6568,0.9336,4.007
50.6570,0.9516,4.0842
50.6572,0.9437,4.0559
50.6574,0.8982,3.8588
50.6576,0.909,3.8997
50.6578,0.9031,3.8871
50.6580,0.7867,3.3844
50.6582,0.7782,3.3509
50.6584,0.7774,3.3442
50.6586,0.8405,3.616
50.6588,0.8554,3.6851
50.6590,0.7674,3.3014
50.6592,0.7849,3.3783
50.6594,0.7389,3.1816
50.6596,0.7619,3.2792
50.6598,0.8063,3.4685
50.6600,0.7971,3.4325
50.6602,0.8007,3.4448
50.6604,0.7714,3.3169
50.6606,0.8025,3.4557
50.6608,0.7221,3.1136
50.6610,0.6522,2.8135
50.6612,0.557,2.4028
50.6614,0.5377,2.3195
50.6616,0.6465,2.7879
50.6618,0.7052,3.0379
50.6620,0.7046,3.0367
50.6622,0.6289,2.7144
50.6624,0.5529,2.3885
50.6626,0.5102,2.2041
50.6628,0.5155,2.2269
50.6630,0.5294,2.2859
50.6632,0.5199,2.2471
50.6634,0.448,1.9379
50.6636,0.4357,1.8859
50.6638,0.4275,1.8484
50.6640,0.4794,2.0681
50.6642,0.5054,2.1813
50.6644,0.4808,2.0772
50.6646,0.4768,2.0596
50.6648,0.4778,2.0642
50.6650,0.4979,2.1467
50.6652,0.6235,2.6899
50.6654,0.5309,2.2948
50.6656,0.4813,2.0764
50.6658,0.5202,2.244
50.6660,0.512,2.2098
50.6662,0.4982,2.1523
50.6664,0.4769,2.061
50.6666,0.4667,2.017
50.6668,0.4667,2.0142
50.6670,0.4808,2.0762
50.6672,0.4841,2.0883
50.6674,0.5074,2.1932
50.6676,0.4614,1.9923
50.6678,0.4564,1.9706
50.6680,0.4714,2.0353
50.6682,0.4631,1.9996
50.6684,0.4552,1.9654
50.6686,0.4541,1.9626
50.6688,0.4574,1.9762
50.6690,0.4814,2.0769
50.6692,0.5218,2.2512
50.6694,0.5302,2.2863
50.6696,0.6098,2.6248
50.6698,0.6379,2.7455
50.6700,0.6329,2.7264
50.6702,0.6248,2.693
50.6704,0.6211,2.6745
50.6706,0.6205,2.672
50.6708,0.6214,2.6793
50.6710,0.5805,2.4995
50.6712,0.6608,2.8441
50.6714,0.6715,2.89
50.6716,0.6856,2.9482
50.6718,0.7552,3.2427
50.6720,0.8259,3.5498
50.6722,0.7991,3.436
50.6724,0.7427,3.2011
50.6726,0.6349,2.7314
50.6728,0.6829,2.9377
50.6730,0.7347,3.162
50.6732,0.7031,3.0235
50.6734,0.7064,3.0402
50.6736,0.71,3.0543
50.6738,0.7486,3.2189
50.6740,0.8063,3.4605
50.6742,0.8431,3.6201
50.6744,0.7788,3.3519
50.6746,0.6469,2.7868
50.6748,0.5916,2.5499
50.6750,0.6133,2.6434
50.6752,0.6961,2.9889
50.6754,0.7935,3.4154
50.6756,0.7311,3.148
50.6758,0.6807,2.9325
50.6760,0.6469,2.783
50.6762,0.6495,2.7969
50.6764,0.6322,2.7233
50.6766,0.6319,2.7248
50.6768,0.6116,2.6325
50.6770,0.6781,2.9211
50.6772,0.6332,2.7267
50.6774,0.6444,2.7747
50.6776,0.6564,2.8263
50.6778,0.6359,2.738
50.6780,0.6385,2.7507
50.6782,0.6461,2.7819
50.6784,0.6137,2.6474
50.6786,0.5318,2.2941
50.6788,0.4664,2.0141
50.6790,0.4221,1.8234
50.6792,0.4212,1.8189
50.6794,0.404,1.7443
50.6796,0.4047,1.7491
50.6798,0.4082,1.7625
50.6800,0.4138,1.7876
50.6802,0.4078,1.7617
50.6804,0.4034,1.7434
50.6806,0.4048,1.7488
50.6808,0.4055,1.7494
50.6810,0.4103,1.7726
50.6812,0.4138,1.786
50.6814,0.4628,1.9958
50.6816,0.5022,2.1664
50.6818,0.5618,2.4201
50.6820,0.5762,2.4832
50.6822,0.5501,2.3689
50.6824,0.6039,2.6026
50.6826,0.5909,2.5444
50.6828,0.6115,2.6283
50.6830,0.6616,2.8491
50.6832,0.6246,2.6895
50.6834,0.6703,2.8795
50.6836,0.7637,3.2778
50.6838,0.8088,3.4713
50.6840,0.8144,3.4987
50.6842,0.8138,3.4945
50.6844,0.8632,3.7015
50.6846,0.8889,3.8168
50.6848,0.9126,3.9042
50.6850,1.012,4.3375
50.6852,1.0095,4.3247
50.6854,1.0565,4.5239
50.6856,0.9904,4.243
50.6858,0.9976,4.2778
50.6860,0.9823,4.2101
50.6862,0.9549,4.0967
50.6864,0.9421,4.0379
50.6866,0.9501,4.0704
50.6868,0.9949,4.266
50.6870,0.9853,4.2249
50.6872,0.9757,4.1876
50.6874,0.8927,3.8279
50.6876,0.8981,3.8475
50.6878,0.9754,4.1847
50.6880,1.0483,4.4932
50.6882,1.0029,4.3045
50.6884,0.8896,3.8199
50.6886,0.9107,3.9051
50.6888,0.9456,4.0566
50.6890,0.9004,3.8608
50.6892,0.8799,3.78
50.6894,0.8862,3.8037
50.6896,0.9712,4.1647
50.6898,0.972,4.1678
50.6900,0.9455,4.0542
50.6902,0.9861,4.2245
50.6904,1.0147,4.3407
50.6906,1.0145,4.3442
50.6908,1.0037,4.3081
50.6910,0.9392,4.0331
50.6912,0.9304,3.9931
50.6914,0.9186,3.9463
50.6916,0.8467,3.6407
50.6918,0.8858,3.8034
50.6920,0.9113,3.9131
50.6922,0.8645,3.7123
50.6924,0.8906,3.8276
50.6926,0.8741,3.7535
50.6928,0.8957,3.8497
50.6930,0.7667,3.2998
50.6932,0.7914,3.4014
50.6934,0.8763,3.7575
50.6936,0.9065,3.8979
50.6938,0.8168,3.5139
50.6940,0.7512,3.2378
50.6942,0.6955,2.9919
50.6944,0.7334,3.1578
50.6946,0.7173,3.0915
50.6948,0.7124,3.0646
50.6950,0.7217,3.1048
50.6952,0.7523,3.2364
50.6954,0.7697,3.3127
50.6956,0.7145,3.0782
50.6958,0.633,2.7307
50.6960,0.5975,2.5776
50.6962,0.5953,2.5671
50.6964,0.6045,2.6052
50.6966,0.6587,2.8388
50.6968,0.6404,2.7589
50.6970,0.6513,2.806
50.6972,0.6396,2.7592
50.6974,0.5568,2.4022
50.6976,0.6011,2.5919
50.6978,0.5807,2.5075
50.6980,0.5487,2.366
50.6982,0.5636,2.4233
50.6984,0.7554,3.2468
50.6986,0.7563,3.261
50.6988,0.601,2.5938
50.6990,0.5475,2.3619
50.6992,0.5305,2.2884
50.6994,0.5317,2.2947
50.6996,0.5326,2.2967
50.6998,0.5369,2.3175
50.7000,0.5301,2.288
50.7002,0.53,2.2864
50.7004,0.53,2.2864
50.7006,0.5337,2.3035
50.7008,0.5369,2.3185
50.7010,0.5317,2.2947
50.7012,0.5305,2.2874
50.7014,0.53,2.2864
50.7016,0.5463,2.3534
50.7018,0.6404,2.7564
50.7020,0.7102,3.0582
50.7022,0.6523,2.8127
50.7024,0.5576,2.4053
50.7026,0.5721,2.4679
50.7028,0.5488,2.3687
50.7030,0.5375,2.32
50.7032,0.5404,2.3292
50.7034,0.5368,2.3169
50.7036,0.5444,2.3463
50.7038,0.5652,2.4362
50.7040,0.5705,2.4555
50.7042,0.6778,2.9188
50.7044,0.6698,2.8828
50.7046,0.6684,2.8766
50.7048,0.6721,2.8926
50.7050,0.732,3.1463
50.7052,0.8173,3.5094
50.7054,0.8343,3.5842
50.7056,0.83,3.559
50.7058,0.8896,3.8217
50.7060,0.8539,3.6716
50.7062,0.7909,3.4025
50.7064,0.712,3.0631
50.7066,0.6959,2.9967
50.7068,0.7031,3.0221
50.7070,0.7316,3.1457
50.7072,0.7085,3.0509
50.7074,0.7254,3.1208
50.7076,0.7898,3.3884
50.7078,0.8676,3.7292
50.7080,0.778,3.3437
50.7082,0.7923,3.4008
50.7084,0.8811,3.7798
50.7086,0.934,4.0067
50.7088,0.9097,3.9064
50.7090,0.8288,3.5638
50.7092,0.8135,3.4978
50.7094,0.7542,3.2446
50.7096,0.7242,3.1186
50.7098,0.6798,2.927
50.7100,0.6066,2.6133
50.7102,0.5838,2.514
50.7104,0.6531,2.815
50.7106,0.6435,2.7737
50.7108,0.5808,2.5045
50.7110,0.515,2.2227
50.7112,0.5289,2.2796
50.7114,0.6001,2.5842
50.7116,0.6263,2.6942
50.7118,0.6722,2.8999
50.7120,0.5636,2.4256
50.7122,0.6525,2.8124
50.7124,0.6446,2.7744
50.7126,0.7119,3.0654
50.7128,0.65,2.8003
50.7130,0.6505,2.7984
50.7132,0.6899,2.9695
50.7134,0.6434,2.768
50.7136,0.6405,2.7595
50.7138,0.6598,2.8453
50.7140,0.5801,2.5061
50.7142,0.4413,1.9054
50.7144,0.4265,1.8425
50.7146,0.457,1.9714
50.7148,0.5676,2.4443
50.7150,0.5938,2.5604
50.7152,0.5417,2.3371
50.7154,0.5777,2.4888
50.7156,0.6227,2.68
50.7158,0.6722,2.8972
50.7160,0.6475,2.783
50.7162,0.7009,3.0165
50.7164,0.6372,2.745
50.7166,0.6407,2.7523
50.7168,0.8191,3.5155
50.7170,0.8407,3.6115
50.7172,0.8376,3.5981
50.7174,0.8579,3.6788
50.7176,0.9282,3.9801
50.7178,0.9194,3.9426
50.7180,0.9094,3.9012
50.7182,0.9314,3.994
50.7184,0.9264,3.9687
50.7186,0.9602,4.1193
50.7188,0.9802,4.1994
50.7190,1.0202,4.3745
50.7192,1.0029,4.2984
50.7194,1.0398,4.4484
50.7196,1.0822,4.636
50.7198,0.9969,4.2807
50.7200,0.8933,3.8287
50.7202,0.9289,3.9888
50.7204,0.9,3.8647
50.7206,0.9022,3.8722
50.7208,0.9129,3.9143
50.7210,0.9145,3.9252
50.7212,0.9108,3.9092
50.7214,0.8967,3.8485
50.7216,0.9035,3.8814
50.7218,0.8825,3.7895
50.7220,0.884,3.7922
50.7222,0.9883,4.2377
50.7224,1.0201,4.3699
50.7226,1.0377,4.4454
50.7228,0.9961,4.2692
50.7230,1.0425,4.466
50.7232,1.0409,4.4614
50.7234,0.9811,4.2128
50.7236,0.9362,4.0146
50.7238,1.0131,4.3421
50.7240,1.0819,4.6328
50.7242,1.1271,4.8219
50.7244,1.1838,5.0669
50.7246,1.1481,4.9116
50.7248,1.2058,5.1656
50.7250,1.174,5.0224
50.7252,1.2282,5.2469
50.7254,1.2759,5.4431
50.7256,1.3625,5.8125
50.7258,1.3698,5.8464
50.7260,1.366,5.8382
50.7262,1.3136,5.6143
50.7264,1.2414,5.3182
50.7266,1.1849,5.0667
50.7268,1.266,5.4133
50.7270,1.244,5.3245
50.7272,1.1713,5.0177
50.7274,1.1109,4.7593
50.7276,1.1202,4.7988
50.7278,1.1637,4.9946
50.7280,1.0663,4.5724
50.7282,1.0715,4.5924
50.7284,1.0564,4.5319
50.7286,1.1049,4.7314
50.7288,1.1376,4.8756
50.7290,1.0663,4.5767
50.7292,1.0539,4.5169
50.7294,1.1464,4.9136
50.7296,1.1764,5.0374
50.7298,1.1788,5.0547
50.7300,1.1209,4.7997
50.7302,1.1711,5.0148
50.7304,1.1487,4.9234
50.7306,1.1788,5.0547
50.7308,1.1678,5.0121
50.7310,1.1205,4.8116
50.7312,1.0913,4.6772
50.7314,1.1057,4.7499
50.7316,1.0836,4.6378
50.7318,1.2385,5.2984
50.7320,1.1854,5.0783
50.7322,1.1847,5.0847
50.7324,1.1268,4.8293
50.7326,1.2166,5.2045
50.7328,1.286,5.5221
50.7330,1.0995,4.7105
50.7332,1.0753,4.6132
50.7334,1.0777,4.6148
50.7336,1.1978,5.1312
50.7338,1.2202,5.2272
50.7340,1.2233,5.243
50.7342,1.201,5.1474
50.7344,1.1725,5.0251
50.7346,1.2022,5.1502
50.7348,1.2341,5.2893
50.7350,1.2153,5.211
50.7352,1.2087,5.1731
50.7354,1.2576,5.38
50.7356,1.3719,5.8551
50.7358,1.4376,6.1355
50.7360,1.419,6.0676
50.7362,1.3852,5.9257
50.7364,1.3986,5.9832
50.7366,1.3889,5.9361
50.7368,1.3895,5.9498
50.7370,1.3084,5.6079
50.7372,1.2727,5.4497
50.7374,1.2832,5.4923
50.7376,1.3073,5.5954
50.7378,1.338,5.7242
50.7380,1.3922,5.9616
50.7382,1.3359,5.7122
50.7384,1.3671,5.8456
50.7386,1.4157,6.0594
50.7388,1.3081,5.6064
50.7390,1.2601,5.4033
50.7392,1.2631,5.4187
50.7394,1.2522,5.3694
50.7396,1.2503,5.3612
50.7398,1.2215,5.2427
50.7400,1.1861,5.0885
50.7402,1.1763,5.051
50.7404,1.189,5.1103
50.7406,1.1774,5.058
50.7408,1.1395,4.8861
50.7410,1.1946,5.1322
50.7412,1.1308,4.8558
50.7414,1.1272,4.8539
50.7416,1.0153,4.3676
50.7418,1.004,4.3131
50.7420,1.0577,4.5502
50.7422,1.0787,4.6362
50.7424,1.0968,4.7118
50.7426,1.0896,4.6853
50.7428,0.8908,3.8536
50.7430,0.617,2.6693
50.7432,0.6314,2.7303
50.7434,0.6587,2.8441
50.7436,0.6739,2.9138
50.7438,0.7004,3.0284
50.7440,0.6367,2.7531
50.7442,0.6645,2.8694
50.7444,0.7347,3.1723
50.7446,0.7122,3.0783
50.7448,0.6697,2.889
50.7450,0.7548,3.2533
50.7452,0.7974,3.4431
50.7454,0.7181,3.1066
50.7456,0.6238,2.7009
50.7458,0.5419,2.3473
50.7460,0.5577,2.4159
50.7462,0.4967,2.1515
50.7464,0.4748,2.0541
50.7466,0.5431,2.3514
50.7468,0.5377,2.327
50.7470,0.5143,2.2279
50.7472,0.5146,2.2284
50.7474,0.5555,2.4043
50.7476,0.5356,2.3171
50.7478,0.5348,2.3135
50.7480,0.5343,2.3135
50.7482,0.527,2.2756
50.7484,0.5675,2.4528
50.7486,0.5341,2.3104
50.7488,0.5566,2.4057
50.7490,0.6522,2.8161
50.7492,0.6222,2.6867
50.7494,0.6363,2.7477
50.7496,0.6896,2.9721
50.7498,0.7962,3.4252
50.7500,0.9029,3.8861
50.7502,0.9005,3.8704
50.7504,0.9558,4.1137
50.7506,0.9374,4.031
50.7508,0.941,4.0464
50.7510,0.9752,4.1934
50.7512,0.972,4.1795
50.7514,0.9892,4.2458
50.7516,1.057,4.5345
50.7518,1.1084,4.7573
50.7520,1.0983,4.7141
50.7522,1.1005,4.7256
50.7524,1.0504,4.5146
50.7526,1.01,4.3348
50.7528,1.0927,4.6877
50.7530,1.1409,4.9037
50.7532,0.935,4.03
50.7534,0.8927,3.8458
50.7536,0.8937,3.8428
50.7538,0.9521,4.0939
50.7540,1.04,4.4614
50.7542,1.1131,4.7707
50.7544,1.1708,5.0203
50.7546,1.1709,5.0231
50.7548,1.115,4.7857
50.7550,1.1547,4.9468
50.7552,1.2528,5.3645
50.7554,1.2735,5.4507
50.7556,1.2854,5.517
50.7558,1.1525,4.9398
50.7560,1.2,5.1457
50.7562,1.1831,5.0756
50.7564,1.1651,4.9984
50.7566,1.1888,5.1045
50.7568,1.1368,4.8748
50.7570,1.1433,4.9071
50.7572,1.1326,4.8613
50.7574,1.1841,5.075
50.7576,1.2202,5.237
50.7578,1.2131,5.2042
50.7580,1.2252,5.2513
50.7582,1.1939,5.1195
50.7584,1.2111,5.1979
50.7586,1.1394,4.8947
50.7588,1.1029,4.7359
50.7590,1.1163,4.7935
50.7592,1.2058,5.1704
50.7594,1.2021,5.1521
50.7596,1.2083,5.1836
50.7598,1.2177,5.2262
50.7600,1.1615,4.9877
50.7602,1.1377,4.8806
50.7604,1.1607,4.991
50.7606,1.1073,4.7594
50.7608,1.0353,4.4517
50.7610,1.0113,4.3466
50.7612,1.004,4.3171
50.7614,1.0266,4.4146
50.7616,1.0165,4.3707
50.7618,1.0162,4.3718
50.7620,0.9722,4.1863
50.7622,0.9982,4.3004
50.7624,0.9408,4.0511
50.7626,0.9667,4.1645
50.7628,0.9371,4.0388
50.7630,0.917,3.9451
50.7632,0.9482,4.0831
50.7634,0.9211,3.9664
50.7636,0.9635,4.1486
50.7638,0.9441,4.0617
50.7640,1.0071,4.3325
50.7642,0.9928,4.2712
50.7644,1.021,4.3842
50.7646,1.0222,4.3935
50.7648,1.0653,4.5678
50.7650,1.1389,4.8949
50.7652,1.0579,4.547
50.7654,1.072,4.6095
50.7656,1.1198,4.813
50.7658,1.0283,4.428
50.7660,0.9817,4.2212
50.7662,1.0278,4.4259
50.7664,0.986,4.2398
50.7666,1.0649,4.5769
50.7668,1.0963,4.7098
50.7670,1.1029,4.7381
50.7672,1.0657,4.5784
50.7674,1.1067,4.7546
50.7676,1.1583,4.9714
50.7678,1.1389,4.8903
50.7680,1.1475,4.9228
50.7682,1.2112,5.196
50.7684,1.254,5.3771
50.7686,1.3137,5.62
50.7688,1.3623,5.8278
50.7690,1.2627,5.4222
50.7692,1.1494,4.9357
50.7694,1.1289,4.8589
50.7696,1.0867,4.6685
50.7698,1.1907,5.1104
50.7700,1.1885,5.1011
50.7702,1.177,5.0588
50.7704,1.1198,4.8085
50.7706,1.0982,4.718
50.7708,1.0734,4.6157
50.7710,1.1027,4.7415
50.7712,1.1139,4.7899
50.7714,1.0756,4.6228
50.7716,1.0778,4.6304
50.7718,1.1316,4.8521
50.7720,1.2597,5.3892
50.7722,1.4448,6.1894
50.7724,1.3806,5.9173
50.7726,1.3613,5.8318
50.7728,1.3825,5.9172
50.7730,1.4042,6.0129
50.7732,1.3937,5.965
50.7734,1.4192,6.0686
50.7736,1.4654,6.2748
50.7738,1.3939,5.9855
50.7740,1.2521,5.3739
50.7742,1.1555,4.9781
50.7744,0.9656,4.1599
50.7746,0.989,4.2547
50.7748,1.1112,4.7759
50.7750,1.1016,4.739
50.7752,1.009,4.3509
50.7754,0.9998,4.3071
50.7756,0.9971,4.2977
50.7758,0.9753,4.2037
50.7760,1.015,4.3666
50.7762,0.976,4.2126
50.7764,0.8744,3.765
50.7766,0.9552,4.1245
50.7768,0.8021,3.4665
50.7770,0.7449,3.2133
50.7772,0.8289,3.576
50.7774,0.8221,3.5498
50.7776,0.8344,3.6064
50.7778,0.7534,3.2471
50.7780,0.8865,3.8225
50.7782,0.8835,3.8148
50.7784,0.8856,3.8153
50.7786,0.9595,4.1393
50.7788,0.8391,3.625
50.7790,0.7236,3.1276
50.7792,0.7384,3.1913
50.7794,0.6741,2.9149
50.7796,0.6493,2.8102
50.7798,0.6535,2.8296
50.7800,0.6146,2.6602
50.7802,0.6203,2.6833
50.7804,0.6333,2.7411
50.7806,0.62,2.6786
50.7808,0.7196,3.1085
50.7810,0.7293,3.1505
50.7812,0.7763,3.3504
50.7814,0.7606,3.2857
50.7816,0.734,3.1721
50.7818,0.7298,3.1525
50.7820,0.7925,3.4171
50.7822,0.814,3.5118
50.7824,0.8117,3.5031
50.7826,0.8162,3.5179
50.7828,0.8886,3.8318
50.7830,0.8618,3.7142
50.7832,0.976,4.2048
50.7834,0.9961,4.2851
50.7836,1.0035,4.3171
50.7838,1.022,4.3924
50.7840,1.1115,4.7641
50.7842,1.2069,5.1726
50.7844,1.1985,5.1414
50.7846,1.2082,5.1879
50.7848,1.2216,5.2334
50.7850,1.285,5.5051
50.7852,1.2687,5.4353
50.7854,1.2448,5.3251
50.7856,1.2888,5.5314
50.7858,1.2271,5.2644
50.7860,1.2609,5.4019
50.7862,1.2912,5.5391
50.7864,1.23,5.2792
50.7866,1.222,5.2398
50.7868,1.2118,5.201
50.7870,1.1849,5.0904
50.7872,1.11,4.7685
50.7874,1.1413,4.9075
50.7876,1.1175,4.8054
50.7878,1.0546,4.5368
50.7880,1.024,4.4073
50.7882,0.9967,4.2937
50.7884,0.9563,4.1157
50.7886,1.0324,4.4455
50.7888,0.9818,4.2276
50.7890,0.9642,4.1517
50.7892,0.9696,4.1672
50.7894,1.0925,4.6976
50.7896,1.0919,4.6841
50.7898,1.1651,5.0031
50.7900,1.1144,4.7809
50.7902,1.1699,5.026
50.7904,1.1358,4.886
50.7906,1.0657,4.5827
50.7908,1.0704,4.6049
50.7910,1.0341,4.4527
50.7912,1.043,4.4868
50.7914,1.0701,4.5948
50.7916,1.166,5.0114
50.7918,1.0559,4.5531
50.7920,0.9216,3.974
50.7922,0.9367,4.0335
50.7924,1.0197,4.3826
50.7926,1.0695,4.5879
50.7928,1.1835,5.089
50.7930,1.0672,4.5953
50.7932,0.9961,4.2831
50.7934,1.0503,4.5203
50.7936,1.0331,4.4569
50.7938,0.8933,3.8591
50.7940,0.8015,3.4511
50.7942,0.9205,3.9767
50.7944,0.7181,3.1023
50.7946,0.7423,3.2025
50.7948,0.8621,3.7158
50.7950,0.887,3.8299
50.7952,0.853,3.6799
50.7954,0.8287,3.5749
50.7956,0.7781,3.3504
50.7958,0.8341,3.5982
50.7960,0.7511,3.2432
50.7962,0.721,3.1162
50.7964,0.7566,3.2686
50.7966,0.7281,3.1453
50.7968,0.7116,3.0729
50.7970,0.7775,3.354
50.7972,0.7995,3.4492
50.7974,0.8308,3.5892
50.7976,0.6969,3.0148
50.7978,0.6706,2.8918
50.7980,0.7872,3.4038
50.7982,0.6637,2.8671
50.7984,0.7097,3.0689
50.7986,0.6685,2.8892
50.7988,0.6628,2.8635
50.7990,0.6807,2.9407
50.7992,0.6914,2.9895
50.7994,0.663,2.8627
50.7996,0.6795,2.9341
50.7998,0.7438,3.2161
50.8000,0.6706,2.8972
50.8002,0.6734,2.9077
50.8004,0.6723,2.9031
50.8006,0.6656,2.8741
50.8008,0.6681,2.885
50.8010,0.661,2.857
50.8012,0.6621,2.863
50.8014,0.6463,2.7933
50.8016,0.6118,2.6465
50.8018,0.5664,2.4516
50.8020,0.5511,2.384
50.8022,0.5527,2.3908
50.8024,0.5525,2.388
50.8026,0.5744,2.4801
50.8028,0.641,2.7667
50.8030,0.6762,2.9237
50.8032,0.6156,2.6594
50.8034,0.7006,3.0225
50.8036,0.7391,3.187
50.8038,0.7282,3.1414
50.8040,0.723,3.1206
50.8042,0.7258,3.1282
50.8044,0.7312,3.1514
50.8046,0.7286,3.143
50.8048,0.8437,3.6261
50.8050,1.0307,4.43
50.8052,1.0159,4.3641
50.8054,0.9557,4.117
50.8056,0.8197,3.5345
50.8058,0.8046,3.4677
50.8060,0.7976,3.4378
50.8062,0.8084,3.4843
50.8064,0.8146,3.5128
50.8066,0.8607,3.701
50.8068,0.933,4.0138
50.8070,0.9233,3.9738
50.8072,0.9142,3.9364
50.8074,0.8182,3.5266
50.8076,0.8308,3.5842
50.8078,0.801,3.4522
50.8080,0.8093,3.4895
50.8082,0.779,3.3576
50.8084,0.8167,3.5134
50.8086,0.8331,3.5907
50.8088,0.7901,3.4005
50.8090,0.8132,3.5033
50.8092,0.7794,3.3576
50.8094,0.8569,3.6879
50.8096,0.8937,3.841
50.8098,0.9087,3.9109
50.8100,0.8433,3.633
50.8102,0.8131,3.506
50.8104,0.8097,3.4835
50.8106,0.8849,3.8104
50.8108,0.8721,3.7535
50.8110,0.8957,3.8587
50.8112,0.8533,3.6707
50.8114,0.824,3.5514
50.8116,0.8438,3.6333
50.8118,0.8583,3.6924
50.8120,0.8702,3.7469
50.8122,0.8543,3.6788
50.8124,0.8868,3.8152
50.8126,0.8778,3.7817
50.8128,0.7651,3.3008
50.8130,0.7168,3.0909
50.8132,0.747,3.2182
50.8134,0.7516,3.2363
50.8136,0.7684,3.3147
50.8138,0.7759,3.3427
50.8140,0.8702,3.7382
50.8142,1.0107,4.344
50.8144,0.9819,4.2242
50.8146,0.873,3.7593
50.8148,0.8391,3.6132
50.8150,0.8533,3.6776
50.8152,0.812,3.4981
50.8154,0.8286,3.5694
50.8156,0.8444,3.6258
50.8158,1.025,4.4053
50.8160,0.9801,4.2184
50.8162,0.8865,3.8065
50.8164,1.0366,4.4429
50.8166,1.1192,4.8014
50.8168,1.1298,4.8535
50.8170,1.0763,4.6151
50.8172,1.1671,4.9903
50.8174,1.3812,5.9033
50.8176,1.3951,5.96
50.8178,1.4002,5.9787
50.8180,1.4094,6.0266
50.8182,1.4027,6.0006
50.8184,1.3993,5.9807
50.8186,1.3981,5.9839
50.8188,1.3391,5.7261
50.8190,1.3071,5.5997
50.8192,1.2594,5.3952
50.8194,1.2515,5.3713
50.8196,1.1894,5.0952
50.8198,1.3084,5.6079
50.8200,1.2862,5.5026
50.8202,1.3214,5.6634
50.8204,1.2373,5.3056
50.8206,1.1867,5.0934
50.8208,1.2063,5.1701
50.8210,1.2302,5.2728
50.8212,1.2135,5.2082
50.8214,1.2005,5.1502
50.8216,1.1734,5.0433
50.8218,1.0543,4.5189
50.8220,1.1537,4.9542
50.8222,1.0895,4.6848
50.8224,1.0601,4.5521
50.8226,1.1262,4.8313
50.8228,1.149,4.9359
50.8230,1.1208,4.8126
50.8232,1.086,4.672
50.8234,1.0081,4.3266
50.8236,1.0587,4.5501
50.8238,1.0523,4.5249
50.8240,0.9679,4.1697
50.8242,0.9177,3.9532
50.8244,0.9247,3.98
50.8246,0.9481,4.0788
50.8248,0.9763,4.198
50.8250,0.963,4.1466
50.8252,0.9149,3.9432
50.8254,0.8932,3.8496
50.8256,0.9241,3.9848
50.8258,0.848,3.6599
50.8260,0.7396,3.1965
50.8262,0.7033,3.0324
50.8264,0.7861,3.3913
50.8266,0.7853,3.3877
50.8268,0.7003,3.0265
50.8270,0.6816,2.9429
50.8272,0.7366,3.1806
50.8274,0.7087,3.0656
50.8276,0.7187,3.0948
50.8278,0.8464,3.6481
50.8280,0.8005,3.455
50.8282,0.7902,3.4057
50.8284,0.7672,3.3096
50.8286,0.7016,3.0308
50.8288,0.7053,3.0469
50.8290,0.7347,3.1708
50.8292,0.7283,3.1463
50.8294,0.6941,3.0001
50.8296,0.6778,2.9296
50.8298,0.6292,2.7154
50.8300,0.6926,2.9878
50.8302,0.7229,3.1201
50.8304,0.7185,3.0995
50.8306,0.716,3.0901
50.8308,0.7181,3.0994
50.8310,0.7808,3.3623
50.8312,0.8613,3.7139
50.8314,0.73,3.1507
50.8316,0.683,2.9519
50.8318,0.6108,2.6424
50.8320,0.6214,2.6855
50.8322,0.6223,2.6884
50.8324,0.5935,2.5665
50.8326,0.6059,2.6174
50.8328,0.647,2.7964
50.8330,0.5625,2.4333
50.8332,0.5669,2.4525
50.8334,0.5504,2.3787
50.8336,0.5765,2.494
50.8338,0.5398,2.3363
50.8340,0.5307,2.2958
50.8342,0.5294,2.288
50.8344,0.5357,2.3176
50.8346,0.5303,2.2932
50.8348,0.5313,2.2942
50.8350,0.5384,2.329
50.8352,0.573,2.4778
50.8354,0.5667,2.4503
50.8356,0.5451,2.357
50.8358,0.5644,2.4371
50.8360,0.6662,2.87
50.8362,0.6813,2.9419
50.8364,0.632,2.7266
50.8366,0.6482,2.7951
50.8368,0.6712,2.8984
50.8370,0.6572,2.8392
50.8372,0.6794,2.9309
50.8374,0.6796,2.9292
50.8376,0.7541,3.2502
50.8378,0.7782,3.3525
50.8380,0.8087,3.4821
50.8382,0.763,3.2884
50.8384,0.7581,3.2657
50.8386,0.7476,3.2237
50.8388,0.7184,3.0961
50.8390,0.7161,3.0892
50.8392,0.6515,2.8143
50.8394,0.6229,2.6873
50.8396,0.6167,2.6616
50.8398,0.6415,2.7649
50.8400,0.7097,3.0561
50.8402,0.7882,3.3954
50.8404,0.7657,3.3033
50.8406,0.7007,3.0244
50.8408,0.626,2.6982
50.8410,0.6777,2.9196
50.8412,0.7477,3.2243
50.8414,0.6857,2.9569
50.8416,0.6505,2.8049
50.8418,0.6495,2.8008
50.8420,0.6716,2.9
50.8422,0.6275,2.7082
50.8424,0.6778,2.9215
50.8426,0.6885,2.9688
50.8428,0.6722,2.9026
50.8430,0.6146,2.654
50.8432,0.6106,2.6352
50.8434,0.6061,2.6148
50.8436,0.6512,2.812
50.8438,0.6306,2.7267
50.8440,0.5314,2.2968
50.8442,0.4801,2.075
50.8444,0.4883,2.1132
50.8446,0.4062,1.7582
50.8448,0.3982,1.7227
50.8450,0.4233,1.8328
50.8452,0.4013,1.7353
50.8454,0.4497,1.9461
50.8456,0.3992,1.7268
50.8458,0.3923,1.6965
50.8460,0.4073,1.7629
50.8462,0.4038,1.7478
50.8464,0.3917,1.6954
50.8466,0.3865,1.6718
50.8468,0.4176,1.8025
50.8470,0.5759,2.4879
50.8472,0.5234,2.2632
50.8474,0.4697,2.0299
50.8476,0.4679,2.0212
50.8478,0.4728,2.0434
50.8480,0.4877,2.1057
50.8482,0.5223,2.2533
50.8484,0.5512,2.3779
50.8486,0.5947,2.5633
50.8488,0.6733,2.9018
50.8490,0.67,2.8879
50.8492,0.6241,2.6912
50.8494,0.6075,2.6145
50.8496,0.6808,2.9317
50.8498,0.7127,3.069
50.8500,0.7211,3.1008
50.8502,0.7589,3.2602
50.8504,0.8046,3.4629
50.8506,0.7899,3.3984
50.8508,0.8475,3.6392
50.8510,0.8782,3.771
50.8512,0.8654,3.7159
50.8514,0.8888,3.811
50.8516,0.9688,4.1602
50.8518,0.925,3.9681
50.8520,1.0195,4.3694
50.8522,1.0537,4.51
50.8524,1.1136,4.7661
50.8526,1.1022,4.7218
50.8528,1.1001,4.7108
50.8530,1.0394,4.4547
50.8532,1.0139,4.3559
50.8534,0.9306,3.9979
50.8536,0.9698,4.1663
50.8538,0.9332,4.0055
50.8540,0.9596,4.1206
50.8542,0.9724,4.1737
50.8544,0.9673,4.1535
50.8546,0.9497,4.0741
50.8548,1.0335,4.4295
50.8550,1.0904,4.6714
50.8552,1.106,4.7404
50.8554,1.1039,4.7268
50.8556,1.1251,4.8176
50.8558,1.0673,4.5872
50.8560,0.8612,3.6996
50.8562,0.8226,3.5403
50.8564,0.7963,3.4337
50.8566,0.7373,3.1763
50.8568,0.7248,3.1197
50.8570,0.7497,3.231
50.8572,0.7399,3.1862
50.8574,0.795,3.4184
50.8576,0.8323,3.5788
50.8578,0.8164,3.514
50.8580,0.8007,3.448
50.8582,0.8421,3.6227
50.8584,0.6816,2.9389
50.8586,0.6879,2.9608
50.8588,0.7739,3.3308
50.8590,0.6724,2.9009
50.8592,0.6361,2.7442
50.8594,0.6226,2.6845
50.8596,0.6102,2.6361
50.8598,0.5404,2.3335
50.8600,0.5684,2.4519
50.8602,0.6226,2.687
50.8604,0.5282,2.2807
50.8606,0.5226,2.2543
50.8608,0.6596,2.8429
50.8610,0.7107,3.0659
50.8612,0.6576,2.8354
50.8614,0.6039,2.6062
50.8616,0.5875,2.5347
50.8618,0.6631,2.8592
50.8620,0.6507,2.8073
50.8622,0.5497,2.3745
50.8624,0.4847,2.0947
50.8626,0.5044,2.1772
50.8628,0.5787,2.4929
50.8630,0.6143,2.6537
50.8632,0.5054,2.1844
50.8634,0.5175,2.2326
50.8636,0.5172,2.2331
50.8638,0.5097,2.2
50.8640,0.5407,2.3324
50.8642,0.6292,2.7091
50.8644,0.6131,2.651
50.8646,0.4089,1.7696
50.8648,0.4061,1.7569
50.8650,0.4145,1.7924
50.8652,0.4136,1.7858
50.8654,0.4572,1.976
50.8656,0.4419,1.9097
50.8658,0.4609,1.9903
50.8660,0.4578,1.9786
50.8662,0.4455,1.9253
50.8664,0.4899,2.1156
50.8666,0.5411,2.3345
50.8668,0.5565,2.4018
50.8670,0.5167,2.23
50.8672,0.5251,2.2673
50.8674,0.453,1.9561
50.8676,0.4329,1.87
50.8678,0.4482,1.9372
50.8680,0.4777,2.0628
50.8682,0.5055,2.1809
50.8684,0.5294,2.2817
50.8686,0.566,2.4404
50.8688,0.5771,2.4885
50.8690,0.5717,2.4641
50.8692,0.5714,2.4603
50.8694,0.6212,2.6751
50.8696,0.6385,2.7545
50.8698,0.574,2.4774
50.8700,0.563,2.4275
50.8702,0.5601,2.414
50.8704,0.6186,2.6686
50.8706,0.5724,2.4672
50.8708,0.5941,2.5572
50.8710,0.6445,2.7714
50.8712,0.7294,3.1379
50.8714,0.7367,3.1723
50.8716,0.7031,3.0263
50.8718,0.6947,2.986
50.8720,0.7752,3.3272
50.8722,0.8728,3.7548
50.8724,0.727,3.1319
50.8726,0.6343,2.7313
50.8728,0.6389,2.7497
50.8730,0.7184,3.0918
50.8732,0.7446,3.2034
50.8734,0.757,3.255
50.8736,0.7584,3.2612
50.8738,0.7554,3.2513
50.8740,0.7182,3.0884
50.8742,0.718,3.096
50.8744,0.5848,2.5216
50.8746,0.5383,2.3231
50.8748,0.5031,2.1695
50.8750,0.5428,2.3396
50.8752,0.5686,2.4552
50.8754,0.4721,2.0384
50.8756,0.4664,2.0141
50.8758,0.4698,2.0267
50.8760,0.4751,2.0485
50.8762,0.5871,2.5303
50.8764,0.6179,2.6569
50.8766,0.6146,2.6528
50.8768,0.5319,2.2957
50.8770,0.5688,2.4517
50.8772,0.56,2.4123
50.8774,0.5615,2.4179
50.8776,0.6805,2.9315
50.8778,0.6235,2.6861
50.8780,0.5772,2.4879
50.8782,0.5333,2.2998
50.8784,0.5501,2.3733
50.8786,0.5226,2.2533
50.8788,0.5103,2.2005
50.8790,0.5221,2.2512
50.8792,0.4567,1.9721
50.8794,0.4041,1.7448
50.8796,0.424,1.8299
50.8798,0.5254,2.2657
50.8800,0.5264,2.2709
50.8802,0.5103,2.1975
50.8804,0.5361,2.3128
50.8806,0.494,2.1322
50.8808,0.4859,2.096
50.8810,0.4861,2.0961
50.8812,0.4908,2.1172
50.8814,0.4911,2.1188
50.8816,0.5103,2.2015
50.8818,0.5468,2.3555
50.8820,0.6092,2.6234
50.8822,0.591,2.5461
50.8824,0.5727,2.4659
50.8826,0.6393,2.7479
50.8828,0.7326,3.1474
50.8830,0.7704,3.3112
50.8832,0.7678,3.2999
50.8834,0.8094,3.4722
50.8836,0.8576,3.679
50.8838,0.8296,3.5608
50.8840,0.8943,3.8328
50.8842,0.976,4.1833
50.8844,0.9769,4.1869
50.8846,0.9858,4.2269
50.8848,0.9142,3.9255
50.8850,0.8666,3.7158
50.8852,0.9167,3.9271
50.8854,0.9601,4.1188
50.8856,0.9143,3.9205
50.8858,0.9394,4.0186
50.8860,1.0724,4.5879
50.8862,1.1228,4.7966
50.8864,1.1117,4.7712
50.8866,0.9555,4.0993
50.8868,0.9811,4.2049
50.8870,0.9361,4.0141
50.8872,0.9534,4.0881
50.8874,0.8835,3.7989
50.8876,0.7711,3.3189
50.8878,0.7693,3.3096
50.8880,0.7891,3.3916
50.8882,0.8067,3.4657
50.8884,0.8082,3.4735
50.8886,0.8196,3.5192
50.8888,0.8825,3.7842
50.8890,0.8856,3.8011
50.8892,0.8805,3.7808
50.8894,0.9133,3.9164
50.8896,0.9641,4.1377
50.8898,0.9569,4.1088
50.8900,0.9023,3.8709
50.8902,0.8961,3.8477
50.8904,0.8872,3.8061
50.8906,1.0228,4.3878
50.8908,0.9564,4.101
50.8910,0.9601,4.1265
50.8912,0.8963,3.8434
50.8914,0.924,3.964
50.8916,0.9125,3.9182
50.8918,0.882,3.7857
50.8920,0.888,3.8132
50.8922,0.8181,3.5261
50.8924,0.7434,3.1997
50.8926,0.782,3.3628
50.8928,0.7421,3.1985
50.8930,0.641,2.759
50.8932,0.744,3.2008
50.8934,0.7852,3.3762
50.8936,0.8013,3.4426
50.8938,0.8498,3.6524
50.8940,0.8239,3.541
50.8942,0.8233,3.5352
50.8944,0.8732,3.7511
50.8946,0.7681,3.3091
50.8948,0.727,3.1275
50.8950,0.7392,3.1816
50.8952,0.7073,3.0458
50.8954,0.7374,3.1739
50.8956,0.7822,3.3648
50.8958,0.7997,3.4337
50.8960,0.7986,3.4371
50.8962,0.7483,3.2253
50.8964,0.6449,2.7806
50.8966,0.5866,2.5294
50.8968,0.5962,2.5695
50.8970,0.6535,2.8139
50.8972,0.7618,3.2802
50.8974,0.7069,3.0508
50.8976,0.5347,2.3098
50.8978,0.4805,2.0747
50.8980,0.4795,2.0696
50.8982,0.5524,2.3809
50.8984,0.6083,2.6217
50.8986,0.604,2.6043
50.8988,0.6185,2.6669
50.8990,0.548,2.3651
50.8992,0.5272,2.2766
50.8994,0.5313,2.2931
50.8996,0.5288,2.2812
50.8998,0.5269,2.2719
50.9000,0.5263,2.2714
50.9002,0.5315,2.292
50.9004,0.6561,2.824
50.9006,0.775,3.3339
50.9008,0.6704,2.8935
50.9010,0.5422,2.3402
50.9012,0.5372,2.3185
50.9014,0.5371,2.3169
50.9016,0.5362,2.3133
50.9018,0.5351,2.3108
50.9020,0.5324,2.2967
50.9022,0.5941,2.5619
50.9024,0.589,2.5385
50.9026,0.5787,2.4952
50.9028,0.5639,2.4305
50.9030,0.5971,2.5713
50.9032,0.5938,2.5616
50.9034,0.5662,2.4426
50.9036,0.5842,2.5143
50.9038,0.691,2.9742
50.9040,0.7007,3.0188
50.9042,0.6759,2.9091
50.9044,0.7197,3.0918
50.9046,0.7758,3.3328
50.9048,0.7375,3.1729
50.9050,0.6732,2.9
50.9052,0.6178,2.6626
50.9054,0.6192,2.6675
50.9056,0.624,2.6882
50.9058,0.6149,2.6489
50.9060,0.6915,2.9749
50.9062,0.7214,3.1019
50.9064,0.7606,3.2705
50.9066,0.7706,3.3138
50.9068,0.7188,3.0953
50.9070,0.7,3.0129
50.9072,0.7377,3.1749
50.9074,0.67,2.8852
50.9076,0.6651,2.864
50.9078,0.6774,2.9167
50.9080,0.6654,2.8637
50.9082,0.6909,2.975
50.9084,0.6684,2.8793
50.9086,0.6788,2.9242
50.9088,0.6747,2.9026
50.9090,0.7009,3.0151
50.9092,0.7545,3.2457
50.9094,0.7198,3.0966
50.9096,0.6604,2.8399
50.9098,0.6687,2.8822
50.9100,0.6092,2.6234
50.9102,0.7212,3.1013
50.9104,0.7482,3.2203
50.9106,0.6691,2.8811
50.9108,0.6751,2.9069
50.9110,0.6783,2.9208
50.9112,0.7097,3.0547
50.9114,0.7233,3.1087
50.9116,0.7862,3.3824
50.9118,0.7188,3.0982
50.9120,0.6367,2.7417
50.9122,0.6193,2.6668
50.9124,0.6367,2.7429
50.9126,0.6812,2.9359
50.9128,0.5964,2.5682
50.9130,0.6162,2.6583
50.9132,0.5756,2.4818
50.9134,0.5989,2.579
50.9136,0.6451,2.7791
50.9138,0.5739,2.4746
50.9140,0.5652,2.4373
50.9142,0.5709,2.4616
50.9144,0.5754,2.479
50.9146,0.6415,2.7597
50.9148,0.7035,3.0264
50.9150,0.6999,3.0152
50.9152,0.663,2.8561
50.9154,0.6712,2.8877
50.9156,0.7434,3.1952
50.9158,0.8209,3.5249
50.9160,0.8691,3.7284
50.9162,0.8637,3.7052
50.9164,0.8618,3.7039
50.9166,0.8378,3.5992
50.9168,0.8991,3.8516
50.9170,0.9897,4.2419
50.9172,1.0226,4.3786
50.9174,1.0907,4.6681
50.9176,1.0966,4.6976
50.9178,1.0258,4.3966
50.9180,1.0409,4.4593
50.9182,1.0296,4.4213
50.9184,0.9121,3.9149
50.9186,0.9419,4.0406
50.9188,0.9727,4.1728
50.9190,0.9019,3.8711
50.9192,0.888,3.8132
50.9194,0.8955,3.8469
50.9196,0.8849,3.7998
50.9198,0.8874,3.8124
50.9200,0.8872,3.8078
50.9202,0.9197,3.9473
50.9204,0.9463,4.0597
50.9206,0.9528,4.0874
50.9208,0.9045,3.8856
50.9210,0.8852,3.8044
50.9212,0.8633,3.7141
50.9214,0.7947,3.4206
50.9216,0.8029,3.4525
50.9218,0.8113,3.4869
50.9220,0.7619,3.2777
50.9222,0.7354,3.1637
50.9224,0.7338,3.1613
50.9226,0.7138,3.0751
50.9228,0.7046,3.0339
50.9230,0.7188,3.091
50.9232,0.751,3.2322
50.9234,0.7053,3.0398
50.9236,0.6551,2.822
50.9238,0.6681,2.8756
50.9240,0.7398,3.1827
50.9242,0.7137,3.0746
50.9244,0.7146,3.0758
50.9246,0.7748,3.3349
50.9248,0.6804,2.9364
50.9250,0.5745,2.4771
50.9252,0.6072,2.6183
50.9254,0.5763,2.4872
50.9256,0.5115,2.2047
50.9258,0.6158,2.6506
50.9260,0.7146,3.0787
50.9262,0.6905,2.9735
50.9264,0.6748,2.9072
50.9266,0.6415,2.7662
50.9268,0.6127,2.6408
50.9270,0.6033,2.6012
50.9272,0.6048,2.6092
50.9274,0.5644,2.436
50.9276,0.5381,2.3215
50.9278,0.5796,2.4994
50.9280,0.5885,2.5376
50.9282,0.6316,2.7169
50.9284,0.6664,2.8724
50.9286,0.6162,2.6534
50.9288,0.6606,2.8418
50.9290,0.6901,2.9742
50.9292,0.6427,2.7688
50.9294,0.6874,2.9614
50.9296,0.6575,2.8336
50.9298,0.583,2.515
50.9300,0.5136,2.2145
50.9302,0.5973,2.5718
50.9304,0.6468,2.7837
50.9306,0.6438,2.7773
50.9308,0.579,2.5003
50.9310,0.5275,2.2734
50.9312,0.5365,2.3165
50.9314,0.5315,2.2952
50.9316,0.5125,2.2109
50.9318,0.5594,2.412
50.9320,0.5643,2.4321
50.9322,0.5865,2.53
50.9324,0.5885,2.5376
50.9326,0.6102,2.6276
50.9328,0.614,2.6453
50.9330,0.6397,2.7597
50.9332,0.5286,2.2823
50.9334,0.461,1.9889
50.9336,0.4562,1.9701
50.9338,0.4554,1.9674
50.9340,0.4576,1.9767
50.9342,0.4586,1.9813
50.9344,0.4565,1.972
50.9346,0.4576,1.9758
50.9348,0.457,1.9741
50.9350,0.458,1.9769
50.9352,0.5319,2.2915
50.9354,0.5956,2.5622
50.9356,0.6668,2.8686
50.9358,0.6415,2.7662
50.9360,0.5959,2.5673
50.9362,0.651,2.8044
50.9364,0.666,2.8663
50.9366,0.6506,2.8042
50.9368,0.5856,2.5229
50.9370,0.6103,2.6269
50.9372,0.6805,2.9179
50.9374,0.901,3.867
50.9376,0.8933,3.8323
50.9378,0.8757,3.7619
50.9380,0.85,3.6517
50.9382,0.8557,3.6708
50.9384,0.8569,3.6828
50.9386,0.7046,3.0325
50.9388,0.6304,2.7181
50.9390,0.5509,2.3742
50.9392,0.5884,2.5348
50.9394,0.6305,2.7136
50.9396,0.6622,2.8503
50.9398,0.6727,2.8979
50.9400,0.6452,2.777
50.9402,0.6547,2.823
50.9404,0.5434,2.3432
50.9406,0.5318,2.2941
50.9408,0.5323,2.2973
50.9410,0.5351,2.3086
50.9412,0.5488,2.3643
50.9414,0.5909,2.548
50.9416,0.495,2.1363
50.9418,0.4639,2.0032
50.9420,0.463,1.9991
50.9422,0.4662,2.0121
50.9424,0.4652,2.007
50.9426,0.4432,1.9136
50.9428,0.4638,2.0018
50.9430,0.5102,2.2
50.9432,0.5107,2.2011
50.9434,0.515,2.2207
50.9436,0.5218,2.2512
50.9438,0.5465,2.3545
50.9440,0.524,2.2595
50.9442,0.515,2.2227
50.9444,0.5428,2.3396
50.9446,0.5523,2.3826
50.9448,0.5293,2.2812
50.9450,0.5181,2.2341
50.9452,0.5015,2.1623
50.9454,0.5324,2.2925
50.9456,0.5662,2.4392
50.9458,0.5983,2.5788
50.9460,0.5782,2.4932
50.9462,0.4995,2.154
50.9464,0.4938,2.1302
50.9466,0.4873,2.1022
50.9468,0.4899,2.1126
50.9470,0.5072,2.184
50.9472,0.575,2.4746
50.9474,0.6167,2.6567
50.9476,0.6037,2.5985
50.9478,0.6613,2.8422
50.9480,0.685,2.9443
50.9482,0.7265,3.124
50.9484,0.7606,3.2674
50.9486,0.8015,3.4415
50.9488,0.7726,3.3158
50.9490,0.8158,3.5033
50.9492,0.8533,3.6639
50.9494,0.8581,3.6828
50.9496,0.8557,3.6708
50.9498,0.8595,3.6907
50.9500,0.8882,3.8013
50.9502,1.0235,4.3787
50.9504,1.0667,4.5612
50.9506,1.0613,4.5424
50.9508,1.0257,4.394
50.9510,1.0403,4.4567
50.9512,1.0579,4.5259
50.9514,1.0216,4.3786
50.9516,0.9551,4.0915
50.9518,0.9631,4.1317
50.9520,0.9107,3.9014
50.9522,0.9793,4.2011
50.9524,0.9487,4.0662
50.9526,0.9625,4.1233
50.9528,0.979,4.2001
50.9530,0.9055,3.8848
50.9532,0.9284,3.9793
50.9534,0.9793,4.1972
50.9536,1.0059,4.3093
50.9538,1.0862,4.6469
50.9540,1.1015,4.7143
50.9542,1.1077,4.7432
50.9544,1.0442,4.4815
50.9546,0.9555,4.0993
50.9548,0.9331,4.0087
50.9550,0.8367,3.5979
50.9552,0.7935,3.4138
50.9554,0.7958,3.4173
50.9556,0.874,3.753
50.9558,0.8704,3.734
50.9560,0.9082,3.8979
50.9562,0.8968,3.8454
50.9564,0.9179,3.9414
50.9566,0.8373,3.6004
50.9568,0.7617,3.2781
50.9570,0.7698,3.3117
50.9572,0.8114,3.4858
50.9574,0.877,3.7658
50.9576,0.8722,3.7505
50.9578,0.8132,3.4984
50.9580,0.7509,3.2287
50.9582,0.7588,3.2658
50.9584,0.753,3.2455
50.9586,0.6812,2.9359
50.9588,0.6174,2.6622
50.9590,0.5877,2.534
50.9592,0.577,2.4868
50.9594,0.6119,2.6348
50.9596,0.6543,2.8176
50.9598,0.6458,2.7809
50.9600,0.6449,2.7806
50.9602,0.6497,2.8013
50.9604,0.581,2.5039
50.9606,0.563,2.4286
50.9608,0.5585,2.4084
50.9610,0.6047,2.6062
50.9612,0.6233,2.6876
50.9614,0.572,2.4686
50.9616,0.561,2.4215
50.9618,0.6145,2.6486
50.9620,0.5931,2.5573
50.9622,0.592,2.5526
50.9624,0.6088,2.6226
50.9626,0.5757,2.48
50.9628,0.5456,2.3536
50.9630,0.4926,2.126
50.9632,0.5345,2.3039
50.9634,0.5919,2.5533
50.9636,0.5411,2.3345
50.9638,0.5257,2.2678
50.9640,0.5268,2.2735
50.9642,0.5259,2.2667
50.9644,0.5247,2.2636
50.9646,0.5221,2.2522
50.9648,0.5247,2.2626
50.9650,0.5329,2.2999
50.9652,0.563,2.4286
50.9654,0.5206,2.245
50.9656,0.5155,2.2207
50.9658,0.607,2.616
50.9660,0.5799,2.5016
50.9662,0.5356,2.3107
50.9664,0.5185,2.2346
50.9666,0.5722,2.4627
50.9668,0.6806,2.9306
50.9670,0.6416,2.7654
50.9672,0.6173,2.6568
50.9674,0.6392,2.7525
50.9676,0.6523,2.8075
50.9678,0.7049,3.0326
50.9680,0.6795,2.9233
50.9682,0.722,3.1059
50.9684,0.7479,3.2173
50.9686,0.7465,3.2086
50.9688,0.7583,3.2591
50.9690,0.7506,3.2262
50.9692,0.7596,3.2679
50.9694,0.7573,3.255
50.9696,0.7854,3.3725
50.9698,0.8411,3.6068
50.9700,0.9,3.8593
50.9702,0.9025,3.8755
50.9704,0.901,3.8634
50.9706,0.9206,3.9459
50.9708,0.9204,3.9522
50.9710,0.8796,3.7754
50.9712,0.9035,3.876
50.9714,0.866,3.7237
50.9716,0.7931,3.4134
50.9718,0.7422,3.1916
50.9720,0.7723,3.321
50.9722,0.7392,3.1816
50.9724,0.7212,3.1042
50.9726,0.735,3.1606
50.9728,0.7205,3.0982
50.9730,0.7173,3.0858
50.9732,0.7911,3.4019
50.9734,0.7751,3.3406
50.9736,0.6221,2.6799
50.9738,0.6212,2.6751
50.9740,0.6325,2.7286
50.9742,0.5321,2.2946
50.9744,0.5685,2.4467
50.9746,0.6139,2.6448
50.9748,0.5946,2.5616
50.9750,0.5994,2.5847
50.9752,0.6264,2.6998
50.9754,0.6221,2.6799
50.9756,0.6295,2.7094
50.9758,0.7015,3.0191
50.9760,0.6651,2.8693
50.9762,0.5591,2.4098
50.9764,0.555,2.3912
50.9766,0.6256,2.6936
50.9768,0.6462,2.785
50.9770,0.63,2.7127
50.9772,0.6678,2.87
50.9774,0.7031,3.0277
50.9776,0.5883,2.539
50.9778,0.4818,2.0813
50.9780,0.4631,1.9996
50.9782,0.5187,2.2377
50.9784,0.5491,2.3686
50.9786,0.5609,2.4198
50.9788,0.5443,2.3468
50.9790,0.5491,2.3697
50.9792,0.4883,2.1064
50.9794,0.4839,2.0877
50.9796,0.4881,2.1058
50.9798,0.4904,2.1176
50.9800,0.4871,2.1031
50.9802,0.4836,2.0862
50.9804,0.4845,2.0903
50.9806,0.485,2.0914
50.9808,0.4866,2.0991
50.9810,0.4943,2.1322
50.9812,0.5217,2.2486
50.9814,0.5643,2.4309
50.9816,0.6154,2.6534
50.9818,0.5804,2.5002
50.9820,0.6077,2.6119
50.9822,0.721,3.1003
50.9824,0.7302,3.1415
50.9826,0.7071,3.0391
50.9828,0.7511,3.2267
50.9830,0.8037,3.4496
50.9832,0.8433,3.6144
50.9834,0.9621,4.1256
50.9836,0.942,4.0393
50.9838,0.9523,4.0778
50.9840,0.9734,4.1681
50.9842,0.9871,4.2306
50.9844,0.9588,4.1074
50.9846,0.9951,4.269
50.9848,0.9241,3.9608
50.9850,0.968,4.147
50.9852,1.012,4.3416
50.9854,0.9794,4.1977
50.9856,0.9525,4.0807
50.9858,0.973,4.1705
50.9860,0.9244,3.9655
50.9862,0.9155,3.9311
50.9864,0.8766,3.7661
50.9866,0.9029,3.8789
50.9868,0.8483,3.6428
50.9870,0.8637,3.7035
50.9872,0.9389,4.0278
50.9874,0.8903,3.8194
50.9876,0.9203,3.9517
50.9878,0.8824,3.7925
50.9880,0.8956,3.8474
50.9882,0.8643,3.7078
50.9884,0.9838,4.2207
50.9886,0.9888,4.2319
50.9888,1.0259,4.3992
50.9890,0.9727,4.1767
50.9892,0.9318,3.9993
50.9894,0.9087,3.9054
50.9896,0.8228,3.5381
50.9898,0.8766,3.7625
50.9900,0.8698,3.7384
50.9902,0.7874,3.3844
50.9904,0.8553,3.6744
50.9906,0.8579,3.6891
50.9908,0.8227,3.5375
50.9910,0.7621,3.2833
50.9912,0.6597,2.8461
50.9914,0.5919,2.5521
50.9916,0.591,2.5473
50.9918,0.5794,2.4983
50.9920,0.6051,2.609
50.9922,0.6071,2.6178
50.9924,0.5874,2.533
50.9926,0.5829,2.5157
50.9928,0.5543,2.3936
50.9930,0.524,2.2605
50.9932,0.5399,2.3272
50.9934,0.577,2.4915
50.9936,0.5061,2.1834
50.9938,0.5235,2.2563
50.9940,0.5338,2.3051
50.9942,0.5073,2.1886
50.9944,0.5355,2.3091
50.9946,0.5577,2.4059
50.9948,0.5796,2.4982
50.9950,0.5718,2.4669
50.9952,0.5252,2.2688
50.9954,0.5072,2.1901
50.9956,0.497,2.1451
50.9958,0.4865,2.0996
50.9960,0.4988,2.1539
50.9962,0.5363,2.3116
50.9964,0.6137,2.6413
50.9966,0.659,2.8377
50.9968,0.6015,2.5959
50.9970,0.4762,2.057
50.9972,0.4266,1.843
50.9974,0.4386,1.8922
50.9976,0.4754,2.052
50.9978,0.5005,2.1561
50.9980,0.5915,2.5517
50.9982,0.5977,2.5786
50.9984,0.5674,2.4421
50.9986,0.6307,2.7108
50.9988,0.66,2.8458
50.9990,0.4965,2.145
50.9992,0.4585,1.9808
50.9994,0.4538,1.9588
50.9996,0.4535,1.9573
50.9998,0.4809,2.0738
51.0000,0.5245,2.2647
51.0002,0.4648,2.0059
51.0004,0.4756,2.0496
51.0006,0.5071,2.1876
51.0008,0.461,1.9908
51.0010,0.4588,1.9819
51.0012,0.4564,1.9688
51.0014,0.5098,2.1995
51.0016,0.5429,2.3412
51.0018,0.5603,2.4128
51.0020,0.5826,2.5088
51.0022,0.5628,2.4259
51.0024,0.5871,2.5267
51.0026,0.601,2.5914
51.0028,0.5604,2.4166
51.0030,0.5559,2.3959
51.0032,0.563,2.4241
51.0034,0.6256,2.6899
51.0036,0.6802,2.9304
51.0038,0.6483,2.7879
51.0040,0.7168,3.0808
51.0042,0.6854,2.9527
51.0044,0.5516,2.3762
51.0046,0.5292,2.2828
51.0048,0.5348,2.3081
51.0050,0.5375,2.3168
51.0052,0.5347,2.3023
51.0054,0.5624,2.4238
51.0056,0.5257,2.2646
51.0058,0.6065,2.6091
51.0060,0.6648,2.8585
51.0062,0.6765,2.9104
51.0064,0.721,3.1018
51.0066,0.7076,3.0426
51.0068,0.6449,2.7794
51.0070,0.5621,2.4216
51.0072,0.5983,2.5752
51.0074,0.6362,2.737
51.0076,0.6393,2.753
51.0078,0.6636,2.8533
51.0080,0.7181,3.0865
51.0082,0.6726,2.8933
51.0084,0.6186,2.6637
51.0086,0.6455,2.7794
51.0088,0.6507,2.7995
51.0090,0.6824,2.9329
51.0092,0.6615,2.8472
51.0094,0.5939,2.5573
51.0096,0.5844,2.5177
51.0098,0.6614,2.8427
51.0100,0.7229,3.1114
51.0102,0.6691,2.8797
51.0104,0.6799,2.9275
51.0106,0.6057,2.6079
51.0108,0.5732,2.4714
51.0110,0.4639,2.0032
51.0112,0.4101,1.7724
51.0114,0.4067,1.7554
51.0116,0.4178,1.8039
51.0118,0.4132,1.7825
51.0120,0.5203,2.2434
51.0122,0.5142,2.2171
51.0124,0.4935,2.1262
51.0126,0.5421,2.3365
51.0128,0.5112,2.2052
51.0130,0.4974,2.1467
51.0132,0.4926,2.123
51.0134,0.4895,2.1115
51.0136,0.4893,2.111
51.0138,0.4973,2.1412
51.0140,0.5541,2.3881
51.0142,0.4943,2.1302
51.0144,0.4956,2.1359
51.0146,0.5254,2.2646
51.0148,0.575,2.4735
51.0150,0.6467,2.7819
51.0152,0.6721,2.8899
51.0154,0.7172,3.0809
51.0156,0.7057,3.0287
51.0158,0.7506,3.2202
51.0160,0.7925,3.3981
51.0162,0.8235,3.5313
51.0164,0.8563,3.6716
51.0166,0.8674,3.7194
51.0168,0.8913,3.8253
51.0170,0.8392,3.5953
51.0172,0.9386,4.0211
51.0174,0.9693,4.1526
51.0176,0.9714,4.1575
51.0178,0.9948,4.2615
51.0180,1.0016,4.2928
51.0182,0.997,4.2693
51.0184,0.9831,4.2097
51.0186,0.97,4.1557
51.0188,0.9832,4.2102
51.0190,0.9732,4.171
51.0192,0.9035,3.8796
51.0194,0.8483,3.6445
51.0196,0.8063,3.4621
51.0198,0.8429,3.6179
51.0200,0.885,3.7986
51.0202,0.838,3.5985
51.0204,0.8268,3.5501
51.0206,0.8458,3.6269
51.0208,0.8759,3.7595
51.0210,0.8404,3.6105
51.0212,0.8209,3.5249
51.0214,0.8133,3.4924
51.0216,0.7515,3.2328
51.0218,0.7703,3.3091
51.0220,0.7994,3.4311
51.0222,0.8452,3.6294
51.0224,0.8302,3.565
51.0226,0.8661,3.7155
51.0228,0.906,3.8904
51.0230,0.874,3.753
51.0232,0.8808,3.7753
51.0234,0.9217,3.9542
51.0236,0.9337,4.0038
51.0238,0.8963,3.8505
51.0240,0.8155,3.5033
51.0242,0.7886,3.3927
51.0244,0.7349,3.1631
51.0246,0.7288,3.1338
51.0248,0.7429,3.1961
51.0250,0.6837,2.9427
51.0252,0.7121,3.065
51.0254,0.7024,3.0204
51.0256,0.723,3.1105
51.0258,0.7419,3.1945
51.0260,0.7049,3.0312
51.0262,0.7385,3.1771
51.0264,0.6728,2.8971
51.0266,0.6494,2.7977
51.0268,0.5975,2.574
51.0270,0.5817,2.5047
51.0272,0.6512,2.8054
51.0274,0.6545,2.8194
51.0276,0.6597,2.8408
51.0278,0.6468,2.7837
51.0280,0.6786,2.9205
51.0282,0.6693,2.8861
51.0284,0.5959,2.5673
51.0286,0.62,2.6674
51.0288,0.6319,2.7223
51.0290,0.6057,2.6116
51.0292,0.6021,2.5949
51.0294,0.62,2.6674
51.0296,0.641,2.7602
51.0298,0.6736,2.898
51.0300,0.7191,3.0949
51.0302,0.7053,3.0328
51.0304,0.6798,2.927
51.0306,0.6663,2.8665
51.0308,0.7145,3.0768
51.0310,0.7258,3.1238
51.0312,0.6799,2.9248
51.0314,0.6811,2.9286
51.0316,0.6625,2.854
51.0318,0.5632,2.4285
51.0320,0.5642,2.4338
51.0322,0.5559,2.397
51.0324,0.5649,2.4358
51.0326,0.5411,2.3334
51.0328,0.5762,2.4844
51.0330,0.5573,2.3999
51.0332,0.6727,2.8952
51.0334,0.6596,2.8416
51.0336,0.5717,2.4675
51.0338,0.5414,2.3355
51.0340,0.5399,2.3282
51.0342,0.5351,2.3075
51.0344,0.5342,2.3023
51.0346,0.6036,2.598
51.0348,0.6616,2.8504
51.0350,0.6438,2.7696
51.0352,0.639,2.7502
51.0354,0.6387,2.7492
51.0356,0.6421,2.7675
51.0358,0.6636,2.8573
51.0360,0.6733,2.8964
51.0362,0.7517,3.2248
51.0364,0.8346,3.5852
51.0366,0.8335,3.5739
51.0368,0.8759,3.7595
51.0370,0.8591,3.6943
51.0372,0.7194,3.0979
51.0374,0.6278,2.7047
51.0376,0.6208,2.6742
51.0378,0.6389,2.7484
51.0380,0.6964,2.9932
51.0382,0.7094,3.0475
51.0384,0.7401,3.1808
51.0386,0.729,3.1392
51.0388,0.6625,2.858
51.0390,0.6407,2.7561
51.0392,0.7103,3.0502
51.0394,0.7535,3.2385
51.0396,0.7529,3.236
51.0398,0.7886,3.388
51.0400,0.744,3.2038
51.0402,0.6708,2.8896
51.0404,0.5923,2.5554
51.0406,0.5353,2.3091
51.0408,0.5357,2.3091
51.0410,0.5214,2.2491
51.0412,0.548,2.3618
51.0414,0.5892,2.5384
51.0416,0.5787,2.4918
51.0418,0.5962,2.5671
51.0420,0.6259,2.6927
51.0422,0.6656,2.8714
51.0424,0.5451,2.3516
51.0426,0.5524,2.3787
51.0428,0.6462,2.7812
51.0430,0.6268,2.6963
51.0432,0.6674,2.8712
51.0434,0.6631,2.8553
51.0436,0.5488,2.3676
51.0438,0.5119,2.2093
51.0440,0.5321,2.2978
51.0442,0.4122,1.7817
51.0444,0.3821,1.6509
51.0446,0.3801,1.6428
51.0448,0.3889,1.6799
51.0450,0.4056,1.7491
51.0452,0.4994,2.1505
51.0454,0.5274,2.275
51.0456,0.4838,2.0892
51.0458,0.4889,2.108
51.0460,0.5366,2.3138
51.0462,0.483,2.0846
51.0464,0.4772,2.0588
51.0466,0.476,2.0526
51.0468,0.4818,2.0784
51.0470,0.5,2.1541
51.0472,0.5961,2.5654
51.0474,0.6459,2.7801
51.0476,0.6227,2.6813
51.0478,0.6278,2.7022
51.0480,0.6696,2.8778
51.0482,0.7021,3.0146
51.0484,0.7754,3.3251
51.0486,0.8212,3.5281
51.0488,0.8063,3.4621
51.0490,0.8221,3.5284
51.0492,0.8641,3.7085
51.0494,0.8602,3.692
51.0496,0.8635,3.7059
51.0498,0.8623,3.6973
51.0500,0.88,3.7734
51.0502,0.9187,3.9395
51.0504,0.9465,4.0588
51.0506,0.9325,3.9949
51.0508,0.9732,4.1652
51.0510,1.0878,4.6536
51.0512,1.1203,4.7859
51.0514,1.1521,4.9262
51.0516,1.0485,4.4937
51.0518,0.9741,4.1732
51.0520,1.0115,4.3354
51.0522,0.9178,3.9482
51.0524,0.8468,3.631
51.0526,0.9641,4.1319
51.0528,0.9275,3.9789
51.0530,0.8908,3.8215
51.0532,0.9419,4.0406
51.0534,0.9394,4.0298
51.0536,0.9234,3.9669
51.0538,0.7969,3.4267
51.0540,0.732,3.1521
51.0542,0.7367,3.1693
51.0544,0.7408,3.1854
51.0546,0.7391,3.1767
51.0548,0.7576,3.2545
51.0550,0.8067,3.469
51.0552,0.7971,3.4309
51.0554,0.7529,3.2344
51.0556,0.8395,3.603
51.0558,0.8395,3.6097
51.0560,0.8184,3.5124
51.0562,0.8652,3.7119
51.0564,0.8221,3.535
51.0566,0.81,3.4796
51.0568,0.8708,3.7338
51.0570,0.9366,4.0199
51.0572,0.8975,3.8575
51.0574,0.818,3.5174
51.0576,0.7169,3.0856
51.0578,0.6904,2.9675
51.0580,0.7554,3.2528
51.0582,0.6986,3.0095
51.0584,0.6712,2.8944
51.0586,0.6534,2.8121
51.0588,0.698,3.0041
51.0590,0.7441,3.2073
51.0592,0.6169,2.6589
51.0594,0.6114,2.6327
51.0596,0.648,2.7928
51.0598,0.6042,2.6029
51.0600,0.6132,2.6429
51.0602,0.641,2.7641
51.0604,0.6313,2.7222
51.0606,0.5885,2.5353
51.0608,0.6589,2.8385
51.0610,0.6726,2.9001
51.0612,0.6046,2.6045
51.0614,0.6182,2.6646
51.0616,0.5386,2.3247
51.0618,0.5265,2.2735
51.0620,0.4923,2.1259
51.0622,0.4198,1.8127
51.0624,0.417,1.8033
51.0626,0.4157,1.7959
51.0628,0.4596,1.9837
51.0630,0.476,2.0498
51.0632,0.6308,2.7126
51.0634,0.6518,2.8119
51.0636,0.527,2.2766
51.0638,0.464,2.0019
51.0640,0.4711,2.0343
51.0642,0.4618,1.9948
51.0644,0.4493,1.94
51.0646,0.4468,1.9283
51.0648,0.4589,1.9815
51.0650,0.4627,1.998
51.0652,0.4914,2.1208
51.0654,0.4493,1.94
51.0656,0.4459,1.9247
51.0658,0.4833,2.0871
51.0660,0.4781,2.0653
51.0662,0.4601,1.9857
51.0664,0.4411,1.9048
51.0666,0.4327,1.8686
51.0668,0.4493,1.9382
51.0670,0.4684,2.0205
51.0672,0.4952,2.1374
51.0674,0.5238,2.2563
51.0676,0.6193,2.6643
51.0678,0.6853,2.9494
51.0680,0.6618,2.8469
51.0682,0.6633,2.8523
51.0684,0.6684,2.874
51.0686,0.6985,3.0062
51.0688,0.6884,2.9614
51.0690,0.7242,3.1142
51.0692,0.7205,3.1011
51.0694,0.6837,2.9359
51.0696,0.7955,3.4157
51.0698,0.8077,3.4666
51.0700,0.7939,3.4122
51.0702,0.7263,3.1244
51.0704,0.7115,3.0596
51.0706,0.7286,3.1342
51.0708,0.6967,2.9956
51.0710,0.6595,2.8411
51.0712,0.6338,2.7293
51.0714,0.638,2.7473
51.0716,0.6288,2.7051
51.0718,0.6374,2.7435
51.0720,0.6895,2.9702
51.0722,0.6308,2.7189
51.0724,0.5518,2.3761
51.0726,0.6096,2.6225
51.0728,0.6474,2.785
51.0730,0.6664,2.8657
51.0732,0.682,2.9327
51.0734,0.661,2.8452
51.0736,0.6541,2.8126
51.0738,0.6708,2.891
51.0740,0.5192,2.2398
51.0742,0.5018,2.1628
51.0744,0.5353,2.307
51.0746,0.5098,2.1985
51.0748,0.5064,2.1835
51.0750,0.4971,2.1427
51.0752,0.5254,2.2657
51.0754,0.5286,2.2791
51.0756,0.507,2.186
51.0758,0.5393,2.3256
51.0760,0.517,2.2284
51.0762,0.514,2.2165
51.0764,0.5126,2.2134
51.0766,0.4218,1.8198
51.0768,0.4221,1.8234
51.0770,0.4048,1.748
51.0772,0.4652,2.0061
51.0774,0.5384,2.3215
51.0776,0.5265,2.2693
51.0778,0.5031,2.1725
51.0780,0.4275,1.8441
51.0782,0.5056,2.1763
51.0784,0.5425,2.3369
51.0786,0.5518,2.3761
51.0788,0.5962,2.5659
51.0790,0.6067,2.6126
51.0792,0.615,2.647
51.0794,0.6176,2.6559
51.0796,0.6416,2.7577
51.0798,0.6206,2.6737
51.0800,0.5601,2.4162
51.0802,0.4896,2.1121
51.0804,0.4783,2.0634
51.0806,0.4845,2.0884
51.0808,0.4832,2.0837
51.0810,0.4977,2.1452
51.0812,0.5345,2.3007
51.0814,0.5881,2.5326
51.0816,0.6021,2.59
51.0818,0.5925,2.55
51.0820,0.6301,2.707
51.0822,0.738,3.172
51.0824,0.731,3.1431
51.0826,0.7172,3.0781
51.0828,0.7652,3.2844
51.0830,0.8202,3.5201
51.0832,0.8473,3.6297
51.0834,0.8565,3.6761
51.0836,0.8536,3.6586
51.0838,0.9228,3.9588
51.0840,0.9029,3.8698
51.0842,0.9335,3.999
51.0844,0.9717,4.1668
51.0846,0.8838,3.7899
51.0848,0.8943,3.8364
51.0850,0.9067,3.8863
51.0852,0.9167,3.9344
51.0854,0.8969,3.8459
51.0856,0.8975,3.8449
51.0858,0.9412,4.0375
51.0860,0.926,3.969
51.0862,0.9295,3.9858
51.0864,0.9463,4.0559
51.0866,0.8957,3.8462
51.0868,0.875,3.7571
51.0870,0.9001,3.8598
51.0872,0.9319,3.9923
51.0874,0.9643,4.1387
51.0876,0.8398,3.6113
51.0878,0.7899,3.3873
51.0880,0.8796,3.7719
51.0882,0.8895,3.8141
51.0884,0.9159,3.9308
51.0886,0.9412,4.0375
51.0888,0.8861,3.8032
51.0890,0.8705,3.7363
51.0892,0.8559,3.6718
51.0894,0.9124,3.9141
51.0896,0.9172,3.9328
51.0898,0.9368,4.0228
51.0900,0.8266,3.5546
51.0902,0.7133,3.0702
51.0904,0.665,2.8622
51.0906,0.713,3.0643
51.0908,0.7399,3.1833
51.0910,0.6652,2.8685
51.0912,0.5679,2.4476
51.0914,0.5562,2.3974
51.0916,0.5847,2.5199
51.0918,0.6379,2.7455
51.0920,0.698,3.0069
51.0922,0.5953,2.5647
51.0924,0.5817,2.5035
51.0926,0.6739,2.8977
51.0928,0.7264,3.1308
51.0930,0.6654,2.8611
51.0932,0.7447,3.2024
51.0934,0.7379,3.173
51.0936,0.7456,3.2075
51.0938,0.7486,3.2159
51.0940,0.77,3.3096
51.0942,0.768,3.307
51.0944,0.6372,2.7463
51.0946,0.629,2.7061
51.0948,0.6708,2.891
51.0950,0.5795,2.4977
51.0952,0.6055,2.611
51.0954,0.5762,2.4821
51.0956,0.566,2.4393
51.0958,0.5631,2.4269
51.0960,0.6083,2.6193
51.0962,0.6577,2.832
51.0964,0.6613,2.8462
51.0966,0.6426,2.7721
51.0968,0.5688,2.4506
51.0970,0.6157,2.6525
51.0972,0.576,2.485
51.0974,0.5754,2.4801
51.0976,0.5831,2.5132
51.0978,0.5973,2.5742
51.0980,0.5205,2.2445
51.0982,0.5559,2.397
51.0984,0.5666,2.4407
51.0986,0.6361,2.7378
51.0988,0.6517,2.8075
51.0990,0.6503,2.8
51.0992,0.6024,2.5952
51.0994,0.6179,2.6618
51.0996,0.6338,2.7318
51.0998,0.6263,2.6992
51.1000,0.5535,2.3878
51.1002,0.541,2.3329
51.1004,0.5312,2.2915
51.1006,0.5658,2.4388
51.1008,0.6426,2.7657
51.1010,0.6202,2.6679
51.1012,0.6313,2.7184
51.1014,0.6422,2.7654
51.1016,0.6547,2.8191
51.1018,0.6462,2.7812
51.1020,0.6374,2.7435
51.1022,0.6482,2.7873
51.1024,0.7391,3.1737
51.1026,0.8326,3.577
51.1028,0.8356,3.5882
51.1030,0.8476,3.6414
51.1032,0.7794,3.3592
51.1034,0.6348,2.7347
51.1036,0.6173,2.6593
51.1038,0.6324,2.7193
51.1040,0.6693,2.8808
51.1042,0.6242,2.6867
51.1044,0.6158,2.6543
51.1046,0.6128,2.6426
51.1048,0.6067,2.6138
51.1050,0.6039,2.6014
51.1052,0.6006,2.5874
51.1054,0.6262,2.6937
51.1056,0.6911,2.9705
51.1058,0.727,3.1232
51.1060,0.7642,3.2829
51.1062,0.7919,3.4019
51.1064,0.822,3.5344
51.1066,0.7233,3.1116
51.1068,0.6645,2.8601
51.1070,0.6554,2.817
51.1072,0.7218,3.1068
51.1074,0.6862,2.9535
51.1076,0.713,3.0672
51.1078,0.7185,3.0924
51.1080,0.7121,3.0636
51.1082,0.6884,2.9656
51.1084,0.6396,2.7528
51.1086,0.6537,2.8124
51.1088,0.6801,2.9245
51.1090,0.6955,2.9947
51.1092,0.6398,2.7525
51.1094,0.7046,3.0311
51.1096,0.7343,3.1605
51.1098,0.6841,2.9442
51.1100,0.5953,2.5671
51.1102,0.5148,2.2186
51.1104,0.5409,2.3345
51.1106,0.5047,2.1752
51.1108,0.4969,2.1426
51.1110,0.5074,2.1861
51.1112,0.6234,2.6843
51.1114,0.6393,2.753
51.1116,0.6075,2.6181
51.1118,0.5877,2.5328
51.1120,0.5925,2.55
51.1122,0.5914,2.5453
51.1124,0.5535,2.3855
51.1126,0.497,2.1441
51.1128,0.4872,2.1046
51.1130,0.4844,2.0917
51.1132,0.4849,2.0928
51.1134,0.4881,2.1058
51.1136,0.485,2.0914
51.1138,0.4887,2.1075
51.1140,0.5103,2.1975
51.1142,0.6157,2.6501
51.1144,0.6433,2.7688
51.1146,0.6341,2.7303
51.1148,0.6015,2.5923
51.1150,0.5712,2.4598
51.1152,0.6182,2.656
51.1154,0.7046,3.0311
51.1156,0.7157,3.0776
51.1158,0.7093,3.0469
51.1160,0.7678,3.3014
51.1162,0.7346,3.1556
51.1164,0.8052,3.4542
51.1166,0.9067,3.8899
51.1168,0.9293,3.9829
51.1170,0.9245,3.9642
51.1172,0.9055,3.8793
51.1174,0.9278,3.9767
51.1176,0.9595,4.1182
51.1178,0.8772,3.7686
51.1180,0.8531,3.6583
51.1182,0.9216,3.95
51.1184,0.9569,4.103
51.1186,0.9414,4.0386
51.1188,0.9224,3.9481
51.1190,1.0224,4.3781
51.1192,1.0316,4.4171
51.1194,1.0539,4.5148
51.1196,1.0772,4.6085
51.1198,1.0972,4.698
51.1200,1.1101,4.7468
51.1202,1.1066,4.743
51.1204,0.9624,4.1324
51.1206,0.9181,3.9369
51.1208,0.9214,3.9619
51.1210,0.7606,3.2735
51.1212,0.7765,3.3375
51.1214,0.8065,3.4663
51.1216,0.8246,3.5441
51.1218,0.787,3.3807
51.1220,0.8205,3.5217
51.1222,0.8696,3.7357
51.1224,0.7941,3.4164
51.1226,0.72,3.0976
51.1228,0.7847,3.3741
51.1230,0.7882,3.3875
51.1232,0.7571,3.2585
51.1234,0.7158,3.0824
51.1236,0.667,2.8696
51.1238,0.67,2.8852
51.1240,0.7097,3.0561
51.1242,0.697,3.0042
51.1244,0.62,2.6711
51.1246,0.5941,2.5596
51.1248,0.6203,2.6771
51.1250,0.5331,2.2988
51.1252,0.5949,2.5627
51.1254,0.6101,2.6295
51.1256,0.6176,2.662
51.1258,0.6196,2.6715
51.1260,0.5842,2.5214
51.1262,0.5796,2.4982
51.1264,0.6663,2.8652
51.1266,0.6903,2.9766
51.1268,0.564,2.431
51.1270,0.5728,2.4676
51.1272,0.657,2.8315
51.1274,0.628,2.7065
51.1276,0.619,2.669
51.1278,0.615,2.6482
51.1280,0.6991,3.0046
51.1282,0.7173,3.0886
51.1284,0.7173,3.0858
51.1286,0.6524,2.8119
51.1288,0.5989,2.5802
51.1290,0.6461,2.7845
51.1292,0.6387,2.7504
51.1294,0.6675,2.8784
51.1296,0.5446,2.3506
51.1298,0.5078,2.1917
51.1300,0.5118,2.2067
51.1302,0.519,2.2388
51.1304,0.5155,2.2258
51.1306,0.5146,2.2181
51.1308,0.5748,2.4775
51.1310,0.5819,2.5104
51.1312,0.5521,2.3805
51.1314,0.5697,2.453
51.1316,0.5904,2.5459
51.1318,0.5726,2.4689
51.1320,0.5606,2.416
51.1322,0.5934,2.5541
51.1324,0.6339,2.7349
51.1326,0.5055,2.1829
51.1328,0.4513,1.9488
51.1330,0.4479,1.9338
51.1332,0.4483,1.935
51.1334,0.4523,1.9503
51.1336,0.4516,1.9481
51.1338,0.4838,2.0863
51.1340,0.5586,2.4078
51.1342,0.5703,2.4556
51.1344,0.6015,2.5923
51.1346,0.5591,2.411
51.1348,0.551,2.3747
51.1350,0.5565,2.3974
51.1352,0.5545,2.3897
51.1354,0.5618,2.419
51.1356,0.5841,2.515
51.1358,0.6408,2.7579
51.1360,0.6861,2.9475
51.1362,0.7305,3.1381
51.1364,0.7445,3.2029
51.1366,0.66,2.8471
51.1368,0.5461,2.3524
51.1370,0.5363,2.3106
51.1372,0.5703,2.4545
51.1374,0.6469,2.7855
51.1376,0.6462,2.7825
51.1378,0.5961,2.569
51.1380,0.5513,2.374
51.1382,0.6075,2.6157
51.1384,0.5643,2.4287
51.1386,0.6248,2.6905
51.1388,0.636,2.7335
51.1390,0.6976,3.0012
51.1392,0.7093,3.0512
51.1394,0.77,3.305
51.1396,0.8095,3.4792
51.1398,0.7595,3.2643
51.1400,0.6335,2.7303
51.1402,0.5479,2.3602
51.1404,0.6077,2.6204
51.1406,0.5217,2.2507
51.1408,0.5055,2.1788
51.1410,0.5166,2.2295
51.1412,0.4601,1.9866
51.1414,0.463,1.9963
51.1416,0.4626,1.9938
51.1418,0.4861,2.099
51.1420,0.4279,1.847
51.1422,0.4558,1.9662
51.1424,0.5221,2.2512
51.1426,0.5113,2.2036
51.1428,0.4965,2.1421
51.1430,0.4833,2.0852
51.1432,0.512,2.2057
51.1434,0.513,2.2098
51.1436,0.4949,2.1338
51.1438,0.4915,2.1184
51.1440,0.5455,2.3487
51.1442,0.5485,2.3638
51.1444,0.5728,2.4653
51.1446,0.6465,2.7866
51.1448,0.5859,2.5216
51.1450,0.5764,2.4843
51.1452,0.5062,2.1829
51.1454,0.4881,2.1058
51.1456,0.4802,2.0698
51.1458,0.4751,2.0504
51.1460,0.4747,2.0489
51.1462,0.4723,2.0366
51.1464,0.4847,2.0889
51.1466,0.5168,2.2274
51.1468,0.5409,2.3313
51.1470,0.5742,2.4692
51.1472,0.6477,2.7866
51.1474,0.6253,2.6914
51.1476,0.6481,2.7894
51.1478,0.7027,3.0186
51.1480,0.7101,3.0534
51.1482,0.75,3.2251
51.1484,0.7403,3.1774
51.1486,0.8274,3.5477
51.1488,0.8425,3.6108
51.1490,0.8564,3.6721
51.1492,0.8644,3.7118
51.1494,0.8649,3.7104
51.1496,0.8691,3.7249
51.1498,0.9256,3.9651
51.1500,0.935,4.0094
51.1502,0.932,3.991
51.1504,0.9762,4.178
51.1506,1.0205,4.372
51.1508,1.0462,4.4756
51.1510,1.1099,4.748
51.1512,1.074,4.5903
51.1514,1.1016,4.7148
51.1516,1.0811,4.6249
51.1518,1.1221,4.7936
51.1520,1.1582,4.9478
51.1522,1.0962,4.6983
51.1524,0.9998,4.2891
51.1526,0.9153,3.9319
51.1528,0.876,3.7565
51.1530,0.9042,3.8791
51.1532,0.8823,3.7885
51.1534,0.8488,3.6448
51.1536,0.8252,3.5434
51.1538,0.8172,3.5106
51.1540,0.8373,3.5954
51.1542,0.8744,3.7493
51.1544,0.935,4.0094
51.1546,0.9137,3.9197
51.1548,0.8771,3.7664
51.1550,0.8585,3.6848
51.1552,0.879,3.7746
51.1554,0.8732,3.7511
51.1556,0.8439,3.6305
51.1558,0.7762,3.3344
51.1560,0.8022,3.4446
51.1562,0.8079,3.4725
51.1564,0.7832,3.3695
51.1566,0.7244,3.1162
51.1568,0.7473,3.2147
51.1570,0.7588,3.2627
51.1572,0.7709,3.3148
51.1574,0.7545,3.2457
51.1576,0.7551,3.2467
51.1578,0.7124,3.0689
51.1580,0.6393,2.7543
51.1582,0.5967,2.5716
51.1584,0.6075,2.6157
51.1586,0.6697,2.8837
51.1588,0.725,3.1217
51.1590,0.685,2.9484
51.1592,0.7221,3.1035
51.1594,0.7569,3.2545
51.1596,0.7566,3.2534
51.1598,0.764,3.2869
51.1600,0.7368,3.1713
51.1602,0.7295,3.1384
51.1604,0.765,3.288
51.1606,0.7964,3.4198
51.1608,0.8059,3.467
51.1610,0.7325,3.1571
51.1612,0.6197,2.6708
51.1614,0.5928,2.5539
51.1616,0.5868,2.5292
51.1618,0.559,2.4149
51.1620,0.4865,2.1005
51.1622,0.4842,2.0897
51.1624,0.4833,2.0881
51.1626,0.5426,2.3363
51.1628,0.6911,2.9761
51.1630,0.6331,2.7312
51.1632,0.5639,2.4339
51.1634,0.5356,2.3096
51.1636,0.5336,2.303
51.1638,0.5313,2.2931
51.1640,0.528,2.2765
51.1642,0.5264,2.2687
51.1644,0.5319,2.2947
51.1646,0.5357,2.3112
51.1648,0.5308,2.2868
51.1650,0.5612,2.4197
51.1652,0.564,2.4344
51.1654,0.5431,2.3406
51.1656,0.5483,2.3644
51.1658,0.53,2.2864
51.1660,0.6076,2.6138
51.1662,0.6981,3.006
51.1664,0.6119,2.6372
51.1666,0.5738,2.4717
51.1668,0.6175,2.6603
51.1670,0.6447,2.7763
51.1672,0.7142,3.0709
51.1674,0.7329,3.1543
51.1676,0.6626,2.8492
51.1678,0.689,2.9613
51.1680,0.7063,3.0411
51.1682,0.6714,2.8909
51.1684,0.6493,2.7959
51.1686,0.6613,2.8435
51.1688,0.7783,3.3421
51.1690,0.8619,3.6975
51.1692,0.8137,3.4956
51.1694,0.8023,3.4467
51.1696,0.7932,3.4075
51.1698,0.7935,3.4122
51.1700,0.7666,3.2962
51.1702,0.7967,3.4257
51.1704,0.751,3.2247
51.1706,0.7582,3.2632
51.1708,0.7075,3.0435
51.1710,0.7064,3.036
51.1712,0.7191,3.0877
51.1714,0.7829,3.3632
51.1716,0.776,3.3401
51.1718,0.7519,3.2348
51.1720,0.7579,3.2637
51.1722,0.6718,2.8876
51.1724,0.7349,3.1616
51.1726,0.73,3.1375
51.1728,0.8158,3.5049
51.1730,0.8111,3.4859
51.1732,0.7522,3.2389
51.1734,0.6019,2.5967
51.1736,0.5511,2.3763
51.1738,0.6094,2.6252
51.1740,0.5821,2.5114
51.1742,0.5795,2.4954
51.1744,0.617,2.6582
51.1746,0.5856,2.5241
51.1748,0.6065,2.6103
51.1750,0.6548,2.8196
51.1752,0.6781,2.9211
51.1754,0.6988,3.0063
51.1756,0.6935,2.9892
51.1758,0.5543,2.3925
51.1760,0.5579,2.4036
51.1762,0.6582,2.8328
51.1764,0.5857,2.5281
51.1766,0.4275,1.8484
51.1768,0.4025,1.7397
51.1770,0.3996,1.7265
51.1772,0.4004,1.7296
51.1774,0.4047,1.7458
51.1776,0.4859,2.097
51.1778,0.5118,2.2057
51.1780,0.5746,2.4708
51.1782,0.6149,2.6489
51.1784,0.6003,2.5895
51.1786,0.5215,2.2507
51.1788,0.5015,2.1623
51.1790,0.5385,2.3209
51.1792,0.5226,2.2501
51.1794,0.6319,2.7197
51.1796,0.6264,2.6973
51.1798,0.5878,2.531
51.1800,0.6191,2.6682
51.1802,0.6157,2.6525
51.1804,0.5709,2.4605
51.1806,0.5116,2.2072
51.1808,0.5025,2.1669
51.1810,0.5409,2.3291
51.1812,0.5782,2.4885
51.1814,0.6375,2.744
51.1816,0.644,2.7732
51.1818,0.6197,2.6683
51.1820,0.6801,2.9259
51.1822,0.7058,3.0348
51.1824,0.706,3.0344
51.1826,0.7686,3.3035
51.1828,0.8126,3.491
51.1830,0.8525,3.654
51.1832,0.9862,4.225
51.1834,0.9763,4.1824
51.1836,0.9747,4.1816
51.1838,0.9515,4.078
51.1840,0.9758,4.1803
51.1842,0.95,4.0718
51.1844,0.9683,4.1519
51.1846,0.9528,4.0798
51.1848,0.9546,4.0894
51.1850,0.9998,4.2871
51.1852,0.992,4.2477
51.1854,1.0156,4.3489
51.1856,0.9758,4.1862
51.1858,0.8909,3.8256
51.1860,0.8788,3.7701
51.1862,0.9335,4.0009
51.1864,0.951,4.0778
51.1866,0.9493,4.0725
51.1868,0.9475,4.0648
51.1870,0.9483,4.0684
51.1872,0.9826,4.2096
51.1874,0.9901,4.2474
51.1876,0.9161,3.9245
51.1878,0.9739,4.1838
51.1880,0.868,3.729
51.1882,0.8991,3.866
51.1884,0.89,3.8197
51.1886,0.9228,3.957
51.1888,0.8918,3.8327
51.1890,0.8588,3.6824
51.1892,0.9976,4.2778
51.1894,1.028,4.4038
51.1896,1.0464,4.4934
51.1898,0.8608,3.7084
51.1900,0.6901,2.97
51.1902,0.7045,3.0306
51.1904,0.7656,3.2936
51.1906,0.7748,3.3303
51.1908,0.7822,3.3664
51.1910,0.7065,3.0436
51.1912,0.6828,2.9413
51.1914,0.6931,2.9816
51.1916,0.7652,3.2967
51.1918,0.6975,3.0048
51.1920,0.685,2.9497
51.1922,0.684,2.9437
51.1924,0.6729,2.8989
51.1926,0.6859,2.9534
51.1928,0.7283,3.1376
51.1930,0.5874,2.5389
51.1932,0.4875,2.1052
51.1934,0.4909,2.1197
51.1936,0.4939,2.1317
51.1938,0.5027,2.1694
51.1940,0.5172,2.231
51.1942,0.5423,2.3407
51.1944,0.5094,2.1994
51.1946,0.4704,2.0312
51.1948,0.4558,1.9689
51.1950,0.4534,1.9586
51.1952,0.4586,1.9804
51.1954,0.4757,2.052
51.1956,0.4802,2.0717
51.1958,0.5148,2.2207
51.1960,0.5194,2.244
51.1962,0.466,2.0129
51.1964,0.4613,1.9937
51.1966,0.4461,1.9278
51.1968,0.4491,1.9399
51.1970,0.4523,1.9521
51.1972,0.4536,1.9596
51.1974,0.454,1.9602
51.1976,0.4814,2.0769
51.1978,0.5321,2.2936
51.1980,0.5632,2.4285
51.1982,0.5562,2.4019
51.1984,0.4897,2.1145
51.1986,0.4645,2.0039
51.1988,0.4603,1.9858
51.1990,0.4945,2.1333
51.1992,0.5507,2.3759
51.1994,0.5392,2.323
51.1996,0.5715,2.4631
51.1998,0.5716,2.4624
51.2000,0.6015,2.5911
51.2002,0.6001,2.5866
51.2004,0.5741,2.4721
51.2006,0.5724,2.4683
51.2008,0.5706,2.4583
51.2010,0.5768,2.4858
51.2012,0.6023,2.5911
51.2014,0.6546,2.8199
51.2016,0.6722,2.8931
51.2018,0.6941,2.9862
51.2020,0.751,3.2247
51.2022,0.7685,3.3091
51.2024,0.6252,2.6946
51.2026,0.5997,2.5833
51.2028,0.5468,2.3566
51.2030,0.5338,2.3019
51.2032,0.5333,2.3009
51.2034,0.5331,2.2988
51.2036,0.53,2.2853
51.2038,0.528,2.2755
51.2040,0.5309,2.2884
51.2042,0.5333,2.2987
51.2044,0.5335,2.2992
51.2046,0.5326,2.2967
51.2048,0.5542,2.3898
51.2050,0.5244,2.2621
51.2052,0.5199,2.2398
51.2054,0.5542,2.3875
51.2056,0.6441,2.7698
51.2058,0.7106,3.0526
51.2060,0.7317,3.1433
51.2062,0.6691,2.8811
51.2064,0.6405,2.7582
51.2066,0.6293,2.7109
51.2068,0.6304,2.7118
51.2070,0.6455,2.7806
51.2072,0.6482,2.7873
51.2074,0.6391,2.752
51.2076,0.5485,2.3638
51.2078,0.5293,2.2801
51.2080,0.5673,2.4438
51.2082,0.6143,2.6426
51.2084,0.691,2.9769
51.2086,0.5577,2.4059
51.2088,0.4818,2.0784
51.2090,0.5359,2.3085
51.2092,0.5397,2.3261
51.2094,0.5064,2.1845
51.2096,0.5094,2.1974
51.2098,0.5163,2.2253
51.2100,0.528,2.2744
51.2102,0.5588,2.4072
51.2104,0.5778,2.487
51.2106,0.5628,2.427
51.2108,0.5052,2.1793
51.2110,0.5131,2.2124
51.2112,0.5434,2.341
51.2114,0.5801,2.5003
51.2116,0.5115,2.2067
51.2118,0.5148,2.2176
51.2120,0.5337,2.3003
51.2122,0.4807,2.0728
51.2124,0.4769,2.0572
51.2126,0.478,2.0609
51.2128,0.4777,2.0599
51.2130,0.4899,2.1156
51.2132,0.482,2.0795
51.2134,0.4802,2.0707
51.2136,0.4821,2.08
51.2138,0.4871,2.1002
51.2140,0.5176,2.229
51.2142,0.5568,2.3945
51.2144,0.6127,2.6396
51.2146,0.5801,2.4991
51.2148,0.5745,2.4714
51.2150,0.6679,2.8719
51.2152,0.7052,3.0294
51.2154,0.7133,3.0659
51.2156,0.7419,3.1856
51.2158,0.7922,3.4002
51.2160,0.854,3.6636
51.2162,0.9226,3.9467
51.2164,0.9865,4.232
51.2166,0.9547,4.0899
51.2168,0.9768,4.1805
51.2170,0.9884,4.2343
51.2172,0.969,4.153
51.2174,0.9581,4.1024
51.2176,0.9491,4.0658
51.2178,0.9548,4.0905
51.2180,0.979,4.1942
51.2182,0.9796,4.1948
51.2184,0.9955,4.2666
51.2186,0.9655,4.1439
51.2188,0.8535,3.6598
51.2190,0.8668,3.7151
51.2192,0.8856,3.7923
51.2194,0.9371,4.0201
51.2196,0.8891,3.8161
51.2198,0.9061,3.8855
51.2200,0.8927,3.8333
51.2202,0.8288,3.5605
51.2204,0.8295,3.557
51.2206,0.8572,3.6826
51.2208,0.7834,3.3622
51.2210,0.8511,3.6563
51.2212,0.8126,3.4894
51.2214,0.7911,3.3972
51.2216,0.85,3.65
51.2218,0.8971,3.8488
51.2220,0.9181,3.9369
51.2222,0.8762,3.757
51.2224,0.9033,3.8822
51.2226,0.7932,3.4123
51.2228,0.7637,3.2854
51.2230,0.7023,3.0185
51.2232,0.7368,3.1684
51.2234,0.7322,3.1483
51.2236,0.7597,3.2668
51.2238,0.7184,3.0933
51.2240,0.686,2.9498
51.2242,0.6627,2.8577
51.2244,0.6162,2.6546
51.2246,0.6801,2.9272
51.2248,0.6685,2.8758
51.2250,0.6783,2.9168
51.2252,0.7476,3.2148
51.2254,0.7348,3.1625
51.2256,0.742,3.1905
51.2258,0.7209,3.1012
51.2260,0.6781,2.9198
51.2262,0.6723,2.899
51.2264,0.6228,2.683
51.2266,0.6516,2.8031
51.2268,0.6757,2.9068
51.2270,0.6904,2.9702
51.2272,0.6727,2.8979
51.2274,0.6506,2.8016
51.2276,0.62,2.6699
51.2278,0.6467,2.7832
51.2280,0.7096,3.057
51.2282,0.6729,2.8936
51.2284,0.7216,3.1029
51.2286,0.7459,3.2135
51.2288,0.6865,2.9491
51.2290,0.8085,3.4735
51.2292,0.847,3.6422
51.2294,0.8477,3.6402
51.2296,0.835,3.589
51.2298,0.7686,3.3004
51.2300,0.8354,3.5872
51.2302,0.8439,3.6305
51.2304,0.6897,2.974
51.2306,0.5618,2.4235
51.2308,0.5521,2.3816
51.2310,0.5573,2.4032
51.2312,0.5565,2.3985
51.2314,0.5482,2.3639
51.2316,0.5437,2.3443
51.2318,0.5449,2.3505
51.2320,0.5554,2.3949
51.2322,0.6295,2.7119
51.2324,0.6485,2.7949
51.2326,0.5523,2.3826
51.2328,0.5319,2.2957
51.2330,0.5542,2.3875
51.2332,0.6233,2.6801
51.2334,0.6644,2.8623
51.2336,0.6337,2.73
51.2338,0.6333,2.7285
51.2340,0.638,2.7473
51.2342,0.674,2.9009
51.2344,0.6738,2.9025
51.2346,0.654,2.8121
51.2348,0.7576,3.2545
51.2350,0.7575,3.2586
51.2352,0.7163,3.0802
51.2354,0.6765,2.9158
51.2356,0.6211,2.6758
51.2358,0.6136,2.6408
51.2360,0.6218,2.6764
51.2362,0.6772,2.9121
51.2364,0.7275,3.1282
51.2366,0.7103,3.0558
51.2368,0.6499,2.7985
51.2370,0.6236,2.6879
51.2372,0.616,2.6548
51.2374,0.6106,2.6303
51.2376,0.638,2.7461
51.2378,0.6959,2.9967
51.2380,0.6861,2.9544
51.2382,0.6515,2.8065
51.2384,0.6136,2.6396
51.2386,0.6559,2.823
51.2388,0.7175,3.0854
51.2390,0.7914,3.403
51.2392,0.7651,3.2901
51.2394,0.7031,3.0235
51.2396,0.6973,3.0052
51.2398,0.5857,2.5246
51.2400,0.5804,2.499
51.2402,0.6143,2.6463
51.2404,0.6328,2.7259
51.2406,0.6608,2.8468
51.2408,0.5973,2.5754
51.2410,0.5483,2.3622
51.2412,0.6196,2.6691
51.2414,0.6187,2.663
51.2416,0.6441,2.7724
51.2418,0.6995,3.0038
51.2420,0.7545,3.2427
51.2422,0.7865,3.3787
51.2424,0.8358,3.5921
51.2426,0.7499,3.2261
51.2428,0.6618,2.8509
51.2430,0.6649,2.863
51.2432,0.5904,2.5471
51.2434,0.4439,1.9167
51.2436,0.4895,2.1115
51.2438,0.5096,2.1984
51.2440,0.497,2.1451
51.2442,0.4932,2.1276
51.2444,0.5524,2.382
51.2446,0.5254,2.2657
51.2448,0.4979,2.1467
51.2450,0.4979,2.1477
51.2452,0.509,2.1959
51.2454,0.5133,2.2114
51.2456,0.5715,2.4642
51.2458,0.5307,2.2895
51.2460,0.5072,2.1901
51.2462,0.5198,2.2403
51.2464,0.564,2.4265
51.2466,0.6825,2.9362
51.2468,0.664,2.8567
51.2470,0.6444,2.7747
51.2472,0.6025,2.5981
51.2474,0.574,2.4728
51.2476,0.6331,2.7198
51.2478,0.7788,3.3457
51.2480,0.7944,3.4143
51.2482,0.7584,3.2597
51.2484,0.7403,3.1744
51.2486,0.8483,3.6411
51.2488,0.8668,3.7238
51.2490,0.8283,3.5535
51.2492,0.8504,3.6515
51.2494,0.9089,3.8955
51.2496,0.9813,4.2001
51.2498,1.0844,4.6327
51.2500,1.1713,5.0059
51.2502,1.1629,4.9724
51.2504,1.0974,4.7034
51.2506,1.0095,4.3247
51.2508,1.0034,4.3005
51.2510,0.9782,4.1965
51.2512,0.9611,4.1191
51.2514,0.9808,4.2019
51.2516,0.9814,4.2084
51.2518,1.0006,4.2907
51.2520,0.9922,4.2567
51.2522,0.9119,3.9157
51.2524,0.886,3.8062
51.2526,0.8711,3.7389
51.2528,0.9019,3.8675
51.2530,0.8987,3.8554
51.2532,0.9054,3.8861
51.2534,0.8973,3.8547
51.2536,0.8823,3.7885
51.2538,0.8947,3.8385
51.2540,0.8806,3.7848
51.2542,0.8178,3.5131
51.2544,0.892,3.8266
51.2546,0.9114,3.9118
51.2548,0.8331,3.5857
51.2550,0.7471,3.2172
51.2552,0.7607,3.2725
51.2554,0.7951,3.419
51.2556,0.7819,3.3591
51.2558,0.828,3.5668
51.2560,0.6838,2.9432
51.2562,0.6103,2.633
51.2564,0.5908,2.5486
51.2566,0.5884,2.5359
51.2568,0.5817,2.507
51.2570,0.6326,2.7266
51.2572,0.7089,3.0511
51.2574,0.6997,3.0141
51.2576,0.6236,2.6829
51.2578,0.7126,3.0656
51.2580,0.6976,3.0081
51.2582,0.6164,2.6593
51.2584,0.5908,2.5463
51.2586,0.6892,2.9651
51.2588,0.7423,3.1965
51.2590,0.6359,2.7419
51.2592,0.6263,2.6955
51.2594,0.6603,2.8447
51.2596,0.5915,2.5506
51.2598,0.576,2.4873
51.2600,0.5317,2.2936
51.2602,0.5271,2.274
51.2604,0.5021,2.1658
51.2606,0.5019,2.1673
51.2608,0.5473,2.3598
51.2610,0.5509,2.3764
51.2612,0.5345,2.3103
51.2614,0.447,1.9311
51.2616,0.4765,2.0576
51.2618,0.4681,2.0204
51.2620,0.5134,2.2129
51.2622,0.5498,2.3728
51.2624,0.475,2.0489
51.2626,0.5146,2.2202
51.2628,0.4583,1.9789
51.2630,0.4431,1.914
51.2632,0.4431,1.9131
51.2634,0.4728,2.0425
51.2636,0.4465,1.9272
51.2638,0.4559,1.9685
51.2640,0.4657,2.01
51.2642,0.4531,1.9548
51.2644,0.4505,1.9443
51.2646,0.4498,1.9412
51.2648,0.4495,1.942
51.2650,0.4383,1.8942
51.2652,0.4318,1.8636
51.2654,0.4317,1.8631
51.2656,0.4387,1.8936
51.2658,0.4584,1.9766
51.2660,0.4975,2.1462
51.2662,0.5169,2.2259
51.2664,0.5746,2.4719
51.2666,0.6812,2.9278
51.2668,0.7433,3.2007
51.2670,0.6292,2.7129
51.2672,0.5796,2.4959
51.2674,0.5837,2.5146
51.2676,0.5765,2.4836
51.2678,0.5854,2.5183
51.2680,0.6193,2.668
51.2682,0.657,2.8237
51.2684,0.7628,3.2772
51.2686,0.7347,3.1606
51.2688,0.7293,3.1359
51.2690,0.762,3.2721
51.2692,0.7986,3.4323
51.2694,0.7235,3.1126
51.2696,0.6407,2.7561
51.2698,0.6738,2.8999
51.2700,0.6663,2.8692
51.2702,0.6507,2.8008
51.2704,0.6557,2.8219
51.2706,0.6229,2.6798
51.2708,0.6471,2.7827
51.2710,0.7115,3.061
51.2712,0.6911,2.9719
51.2714,0.6808,2.9317
51.2716,0.688,2.9585
51.2718,0.7018,3.0164
51.2720,0.712,3.0631
51.2722,0.66,2.8431
51.2724,0.7302,3.1327
51.2726,0.8386,3.6028
51.2728,0.7786,3.3478
51.2730,0.7112,3.058
51.2732,0.7193,3.1003
51.2734,0.6272,2.7021
51.2736,0.6192,2.6663
51.2738,0.6119,2.636
51.2740,0.615,2.6519
51.2742,0.5566,2.3968
51.2744,0.5539,2.3849
51.2746,0.5281,2.2802
51.2748,0.4318,1.8653
51.2750,0.4252,1.8326
51.2752,0.5654,2.4367
51.2754,0.4974,2.1477
51.2756,0.4345,1.8764
51.2758,0.4258,1.8377
51.2760,0.4146,1.7896
51.2762,0.4078,1.7585
51.2764,0.4938,2.1282
51.2766,0.5981,2.5754
51.2768,0.6151,2.6463
51.2770,0.6437,2.7716
51.2772,0.5714,2.4637
51.2774,0.5363,2.3127
51.2776,0.5386,2.3215
51.2778,0.5784,2.4896
51.2780,0.6107,2.6272
51.2782,0.62,2.6699
51.2784,0.6271,2.6991
51.2786,0.6077,2.6204
51.2788,0.5295,2.2822
51.2790,0.5282,2.2765
51.2792,0.5246,2.2589
51.2794,0.5949,2.5615
51.2796,0.6302,2.71
51.2798,0.6715,2.8874
51.2800,0.6853,2.9467
51.2802,0.6993,3.0056
51.2804,0.7476,3.2118
51.2806,0.874,3.7407
51.2808,0.9015,3.8691
51.2810,0.8182,3.5119
51.2812,0.8034,3.4513
51.2814,0.8528,3.655
51.2816,0.9306,3.9867
51.2818,0.9619,4.1208
51.2820,1.0127,4.3345
51.2822,1.0551,4.5115
51.2824,1.1193,4.784
51.2826,1.1492,4.9162
51.2828,1.0763,4.6065
51.2830,1.0189,4.3607
51.2832,1.0582,4.529
51.2834,1.1216,4.7938
51.2836,1.1613,4.9657
51.2838,1.0874,4.6521
51.2840,1.1093,4.7432
51.2842,1.1272,4.8336
51.2844,0.9668,4.1438
51.2846,0.9506,4.0782
51.2848,0.9485,4.0689
51.2850,0.9576,4.1023
51.2852,1.0415,4.4639
51.2854,0.9349,4.0108
51.2856,0.9548,4.0924
51.2858,0.987,4.2261
51.2860,1.0356,4.4367
51.2862,1.0473,4.4907
51.2864,1.0207,4.3704
51.2866,1.0475,4.4875
51.2868,1.0522,4.5076
51.2870,1.0476,4.4797
51.2872,1.1976,5.1211
51.2874,1.2051,5.1577
51.2876,1.151,4.9285
51.2878,1.1426,4.8926
51.2880,1.1004,4.7207
51.2882,1.013,4.3457
51.2884,1.0296,4.4048
51.2886,1.1198,4.795
51.2888,1.0439,4.4826
51.2890,0.8993,3.8634
51.2892,0.8702,3.7382
51.2894,0.8444,3.6325
51.2896,0.7271,3.131
51.2898,0.6795,2.9273
51.2900,0.7263,3.123
51.2902,0.8166,3.5063
51.2904,0.888,3.8185
51.2906,0.8886,3.8193
51.2908,0.8608,3.7015
51.2910,0.8143,3.4982
51.2912,0.8534,3.6644
51.2914,0.8565,3.6864
51.2916,0.7664,3.2988
51.2918,0.7299,3.1399
51.2920,0.7571,3.2631
51.2922,0.6992,3.0121
51.2924,0.7054,3.0375
51.2926,0.683,2.9437
51.2928,0.644,2.7744
51.2930,0.6251,2.6953
51.2932,0.58,2.5044
51.2934,0.58,2.5009
51.2936,0.6248,2.6943
51.2938,0.6353,2.738
51.2940,0.6475,2.7959
51.2942,0.5733,2.4754
51.2944,0.572,2.4651
51.2946,0.5704,2.4607
51.2948,0.5907,2.5434
51.2950,0.695,2.9898
51.2952,0.7145,3.0839
51.2954,0.5449,2.3527
51.2956,0.494,2.1342
51.2958,0.5203,2.2455
51.2960,0.5342,2.3045
51.2962,0.5305,2.2906
51.2964,0.5324,2.2967
51.2966,0.5333,2.3019
51.2968,0.5319,2.2957
51.2970,0.5452,2.3532
51.2972,0.5643,2.4354
51.2974,0.5342,2.3045
51.2976,0.5308,2.2889
51.2978,0.5849,2.5233
51.2980,0.6009,2.5897
51.2982,0.6542,2.8144
51.2984,0.7624,3.2812
51.2986,0.6308,2.7214
51.2988,0.5577,2.4059
51.2990,0.6221,2.6787
51.2992,0.6451,2.7804
51.2994,0.6435,2.7737
51.2996,0.6439,2.7726
51.2998,0.6759,2.9105
51.3000,0.6326,2.7279
51.3002,0.6363,2.7427
51.3004,0.686,2.9511
51.3006,0.7625,3.2757
51.3008,0.7837,3.3731
51.3010,0.7075,3.0449
51.3012,0.7277,3.1277
51.3014,0.7678,3.2999
51.3016,0.7987,3.4312
51.3018,0.8208,3.5342
51.3020,0.6899,2.9737
51.3022,0.6278,2.706
51.3024,0.6308,2.7176
51.3026,0.6545,2.822
51.3028,0.6144,2.6481
51.3030,0.5989,2.5814
51.3032,0.6023,2.5959
51.3034,0.6098,2.6321
51.3036,0.603,2.6002
51.3038,0.597,2.572
51.3040,0.6019,2.5943
51.3042,0.6048,2.6067
51.3044,0.6057,2.6091
51.3046,0.6592,2.8387
51.3048,0.671,2.888
51.3050,0.7922,3.4082
51.3052,0.7428,3.1971
51.3054,0.782,3.3612
51.3056,0.7462,3.2116
51.3058,0.6465,2.7879
51.3060,0.6462,2.7812
51.3062,0.6782,2.9203
51.3064,0.6838,2.9418
51.3066,0.6872,2.9535
51.3068,0.7356,3.1647
51.3070,0.7622,3.2762
51.3072,0.7587,3.2637
51.3074,0.6968,3.0017
51.3076,0.6898,2.9704
51.3078,0.6801,2.9272
51.3080,0.683,2.9382
51.3082,0.6934,2.9817
51.3084,0.7276,3.133
51.3086,0.6658,2.8698
51.3088,0.639,2.7527
51.3090,0.6621,2.8524
51.3092,0.6438,2.776
51.3094,0.6354,2.736
51.3096,0.6375,2.744
51.3098,0.6675,2.8703
51.3100,0.6615,2.8512
51.3102,0.6405,2.7607
51.3104,0.6566,2.8287
51.3106,0.5628,2.4304
51.3108,0.4973,2.1471
51.3110,0.4932,2.1295
51.3112,0.4951,2.1349
51.3114,0.5073,2.1876
51.3116,0.5691,2.4527
51.3118,0.5863,2.5318
51.3120,0.5121,2.2093
51.3122,0.4992,2.1564
51.3124,0.4976,2.1477
51.3126,0.4986,2.1499
51.3128,0.5423,2.3375
51.3130,0.5586,2.4111
51.3132,0.4921,2.1229
51.3134,0.4946,2.1348
51.3136,0.5257,2.2678
51.3138,0.579,2.4933
51.3140,0.6095,2.6257
51.3142,0.5782,2.4909
51.3144,0.5877,2.5293
51.3146,0.6963,2.9927
51.3148,0.7324,3.1464
51.3150,0.7867,3.375
51.3152,0.8206,3.5222
51.3154,0.8615,3.7011
51.3156,0.8575,3.6802
51.3158,0.8613,3.6915
51.3160,0.9185,3.9348
51.3162,0.9705,4.1616
51.3164,0.9486,4.0694
51.3166,0.8986,3.8549
51.3168,0.9187,3.9377
51.3170,0.9613,4.1201
51.3172,0.9953,4.2701
51.3174,0.9248,3.962
51.3176,0.9794,4.1997
51.3178,0.9698,4.1585
51.3180,0.9494,4.073
51.3182,0.954,4.085
51.3184,1.004,4.3051
51.3186,0.9866,4.2286
51.3188,1.0407,4.4603
51.3190,1.0127,4.3386
51.3192,1.0177,4.3576
51.3194,1.0892,4.6641
51.3196,1.1039,4.729
51.3198,1.0065,4.3179
51.3200,0.9118,3.9188
51.3202,0.8615,3.7011
51.3204,0.8929,3.829
51.3206,0.9542,4.0917
51.3208,0.945,4.0521
51.3210,0.9635,4.1371
51.3212,0.9841,4.2178
51.3214,1.0492,4.5052
51.3216,0.9507,4.0844
51.3218,0.8304,3.5739
51.3220,0.7676,3.307
51.3222,0.7064,3.0416
51.3224,0.6765,2.9104
51.3226,0.6774,2.9194
51.3228,0.6182,2.6634
51.3230,0.6443,2.7768
51.3232,0.6847,2.9482
51.3234,0.6947,2.9902
51.3236,0.7335,3.1569
51.3238,0.6801,2.9367
51.3240,0.5114,2.2062
51.3242,0.5185,2.2357
51.3244,0.5607,2.4177
51.3246,0.5971,2.5749
51.3248,0.5835,2.5171
51.3250,0.6043,2.6035
51.3252,0.6595,2.8398
51.3254,0.6869,2.9594
51.3256,0.6409,2.7636
51.3258,0.5811,2.5044
51.3260,0.5805,2.5007
51.3262,0.6467,2.7884
51.3264,0.5854,2.5218
51.3266,0.6399,2.7582
51.3268,0.6185,2.6669
51.3270,0.6188,2.6672
51.3272,0.598,2.5773
51.3274,0.6017,2.5921
51.3276,0.6205,2.6695
51.3278,0.6897,2.9726
51.3280,0.6367,2.7442
51.3282,0.6752,2.9087
51.3284,0.617,2.6595
51.3286,0.6108,2.6326
51.3288,0.6084,2.6235
51.3290,0.5775,2.4901
51.3292,0.5085,2.1948
51.3294,0.462,1.9958
51.3296,0.4555,1.9697
51.3298,0.4553,1.9668
51.3300,0.4765,2.0547
51.3302,0.5072,2.1891
51.3304,0.4679,2.0212
51.3306,0.4531,1.9575
51.3308,0.4459,1.9264
51.3310,0.4457,1.9254
51.3312,0.45,1.9422
51.3314,0.4505,1.947
51.3316,0.4518,1.9518
51.3318,0.4601,1.9857
51.3320,0.4686,2.0225
51.3322,0.5229,2.2559
51.3324,0.5543,2.3892
51.3326,0.5615,2.4202
51.3328,0.5914,2.55
51.3330,0.5694,2.4554
51.3332,0.5657,2.4383
51.3334,0.5615,2.4224
51.3336,0.5667,2.4413
51.3338,0.6193,2.6668
51.3340,0.5903,2.543
51.3342,0.5884,2.5336
51.3344,0.6592,2.8348
51.3346,0.6705,2.8846
51.3348,0.7192,3.0911
51.3350,0.7871,3.3876
51.3352,0.6233,2.6888
51.3354,0.5542,2.3898
51.3356,0.5391,2.3235
51.3358,0.5308,2.2889
51.3360,0.5283,2.277
51.3362,0.5332,2.3003
51.3364,0.5361,2.3128
51.3366,0.5331,2.2998
51.3368,0.5312,2.2915
51.3370,0.5318,2.2941
51.3372,0.5353,2.3081
51.3374,0.5393,2.3246
51.3376,0.5353,2.3081
51.3378,0.5342,2.3002
51.3380,0.5905,2.5382
51.3382,0.7174,3.0834
51.3384,0.7599,3.2689
51.3386,0.7441,3.2043
51.3388,0.6604,2.8426
51.3390,0.6414,2.7592
51.3392,0.6248,2.6918
51.3394,0.5851,2.5208
51.3396,0.5609,2.4198
51.3398,0.5139,2.215
51.3400,0.6216,2.6754
51.3402,0.6124,2.6381
51.3404,0.5963,2.5677
51.3406,0.5463,2.3556
51.3408,0.5326,2.2946
51.3410,0.5952,2.563
51.3412,0.5938,2.5604
51.3414,0.5228,2.2574
51.3416,0.461,1.9908
51.3418,0.4131,1.7812
51.3420,0.4399,1.9005
51.3422,0.4149,1.7898
51.3424,0.4851,2.0881
51.3426,0.556,2.3964
51.3428,0.5066,2.1845
51.3430,0.5029,2.1665
51.3432,0.5152,2.2227
51.3434,0.5184,2.2372
51.3436,0.4885,2.1045
51.3438,0.56,2.4146
51.3440,0.5115,2.2067
51.3442,0.4962,2.1405
51.3444,0.4817,2.0769
51.3446,0.4729,2.0383
51.3448,0.4696,2.0257
51.3450,0.4811,2.0753
51.3452,0.5055,2.1778
51.3454,0.5321,2.2925
51.3456,0.5541,2.3859
51.3458,0.5891,2.5355
51.3460,0.6184,2.659
51.3462,0.6162,2.6509
51.3464,0.6083,2.6169
51.3466,0.6224,2.6802
51.3468,0.6398,2.7512
51.3470,0.7028,3.0163
51.3472,0.7776,3.3421
51.3474,0.6835,2.9403
51.3476,0.6754,2.903
51.3478,0.6974,2.9945
51.3480,0.7622,3.2716
51.3482,0.8223,3.5294
51.3484,0.8657,3.714
51.3486,0.835,3.5806
51.3488,0.8582,3.6816
51.3490,0.8745,3.748
51.3492,0.8691,3.7249
51.3494,0.9131,3.908
51.3496,0.9859,4.2235
51.3498,0.9724,4.164
51.3500,0.9807,4.2014
51.3502,0.9942,4.2629
51.3504,0.9259,3.9722
51.3506,0.9123,3.9154
51.3508,0.8493,3.6418
51.3510,0.93,3.9804
51.3512,1.0003,4.2851
51.3514,0.9698,4.1585
51.3516,0.9498,4.0765
51.3518,0.9614,4.1206
51.3520,1.0229,4.3761
51.3522,1.0296,4.413
51.3524,1.0341,4.4197
51.3526,1.1444,4.8911
51.3528,1.1238,4.8165
51.3530,1.0099,4.3323
51.3532,0.9162,3.9342
51.3534,0.8365,3.5918
51.3536,0.8143,3.5014
51.3538,0.7697,3.305
51.3540,0.828,3.5553
51.3542,0.8322,3.5766
51.3544,0.8048,3.4623
51.3546,0.7525,3.2344
51.3548,0.7772,3.3421
51.3550,0.7648,3.287
51.3552,0.8015,3.4479
51.3554,0.777,3.3426
51.3556,0.7234,3.1121
51.3558,0.6751,2.9069
51.3560,0.6878,2.9589
51.3562,0.7408,3.1854
51.3564,0.7375,3.1715
51.3566,0.7501,3.2256
51.3568,0.7427,3.1951
51.3570,0.6759,2.9091
51.3572,0.6929,2.9838
51.3574,0.7106,3.0611
51.3576,0.7127,3.0676
51.3578,0.7077,3.0431
51.3580,0.732,3.1507
51.3582,0.7248,3.1183
51.3584,0.7332,3.1544
51.3586,0.659,2.8403
51.3588,0.6116,2.6337
51.3590,0.6999,3.0124
51.3592,0.6817,2.9339
51.3594,0.695,2.9926
51.3596,0.6503,2.8052
51.3598,0.5732,2.4692
51.3600,0.6166,2.6537
51.3602,0.6101,2.6283
51.3604,0.6063,2.6129
51.3606,0.6054,2.6142
51.3608,0.5148,2.2217
51.3610,0.5344,2.3012
51.3612,0.6347,2.7329
51.3614,0.631,2.7207
51.3616,0.5565,2.3985
51.3618,0.5559,2.3937
51.3620,0.5584,2.4079
51.3622,0.5324,2.2967
51.3624,0.5283,2.2791
51.3626,0.5305,2.2874
51.3628,0.5402,2.3293
51.3630,0.5431,2.3428
51.3632,0.5292,2.2828
51.3634,0.5299,2.2837
51.3636,0.5188,2.2372
51.3638,0.5632,2.4297
51.3640,0.5338,2.3029
51.3642,0.512,2.2088
51.3644,0.5446,2.3462
51.3646,0.5933,2.5583
51.3648,0.5678,2.4436
51.3650,0.6721,2.8873
51.3652,0.7763,3.338
51.3654,0.744,3.1993
51.3656,0.6931,2.9816
51.3658,0.6698,2.8842
51.3660,0.6728,2.8971
51.3662,0.6697,2.881
51.3664,0.6672,2.8688
51.3666,0.6902,2.965
51.3668,0.813,3.4909
51.3670,0.8251,3.5445
51.3672,0.7962,3.4188
51.3674,0.789,3.3927
51.3676,0.7946,3.4137
51.3678,0.8644,3.7101
51.3680,0.8784,3.7685
51.3682,0.8218,3.5306
51.3684,0.8117,3.4852
51.3686,0.8028,3.4471
51.3688,0.75,3.2281
51.3690,0.7064,3.0402
51.3692,0.7059,3.0368
51.3694,0.7277,3.1292
51.3696,0.7593,3.2678
51.3698,0.7525,3.2344
51.3700,0.7609,3.2674
51.3702,0.8051,3.4634
51.3704,0.6867,2.9583
51.3706,0.6396,2.7528
51.3708,0.6079,2.6129
51.3710,0.7998,3.4343
51.3712,0.7933,3.4144
51.3714,0.7202,3.0967
51.3716,0.6801,2.9299
51.3718,0.5734,2.4736
51.3720,0.554,2.3887
51.3722,0.5878,2.5334
51.3724,0.5854,2.5254
51.3726,0.5915,2.5482
51.3728,0.6283,2.708
51.3730,0.5974,2.5747
51.3732,0.6098,2.6236
51.3734,0.6652,2.8606
51.3736,0.6433,2.7675
51.3738,0.6473,2.7871
51.3740,0.6336,2.7257
51.3742,0.6678,2.8741
51.3744,0.6745,2.9016
51.3746,0.6949,2.9949
51.3748,0.5161,2.2295
51.3750,0.4047,1.7466
51.3752,0.4613,1.9909
51.3754,0.5493,2.3708
51.3756,0.5067,2.185
51.3758,0.4853,2.0934
51.3760,0.4831,2.0861
51.3762,0.4857,2.0965
51.3764,0.4839,2.0887
51.3766,0.4861,2.0961
51.3768,0.4889,2.108
51.3770,0.4868,2.1002
51.3772,0.4861,2.0971
51.3774,0.4916,2.1208
51.3776,0.5431,2.3384
51.3778,0.6037,2.5985
51.3780,0.6061,2.6124
51.3782,0.6137,2.6438
51.3784,0.6064,2.6135
51.3786,0.5245,2.2605
51.3788,0.4998,2.155
51.3790,0.4951,2.1368
51.3792,0.4974,2.1447
51.3794,0.5592,2.4092
51.3796,0.6107,2.626
51.3798,0.6592,2.84
51.3800,0.6552,2.8159
51.3802,0.695,2.994
51.3804,0.5895,2.5406
51.3806,0.6013,2.5893
51.3808,0.7158,3.0767
51.3810,0.748,3.2133
51.3812,0.7718,3.3143
51.3814,0.7875,3.3817
51.3816,0.7961,3.4215
51.3818,0.7655,3.2885
51.3820,0.8052,3.4526
51.3822,0.8481,3.6384
51.3824,0.8991,3.8588
51.3826,0.9246,3.9647
51.3828,0.9485,4.0651
51.3830,0.9808,4.2039
51.3832,0.9768,4.1805
51.3834,0.9924,4.2493
51.3836,0.9812,4.2074
51.3838,0.983,4.2151
51.3840,0.9521,4.0844
51.3842,0.8897,3.8204
51.3844,0.883,3.7881
51.3846,0.917,3.9323
51.3848,0.9541,4.0874
51.3850,0.948,4.0631
51.3852,0.9542,4.0936
51.3854,0.9547,4.0976
51.3856,0.9666,4.1408
51.3858,1.0288,4.4053
51.3860,1.0451,4.4773
51.3862,1.0476,4.4839
51.3864,1.0535,4.5153
51.3866,1.0697,4.5826
51.3868,1.0998,4.7137
51.3870,1.0001,4.2906
51.3872,0.9469,4.0641
51.3874,0.8602,3.6955
51.3876,0.8306,3.5649
51.3878,0.8877,3.8188
51.3880,0.7275,3.1267
51.3882,0.7663,3.2998
51.3884,0.7489,3.2264
51.3886,0.7204,3.1049
51.3888,0.6658,2.8685
51.3890,0.6663,2.8679
51.3892,0.6837,2.9427
51.3894,0.7112,3.0609
51.3896,0.7573,3.2581
51.3898,0.7593,3.2709
51.3900,0.6895,2.9688
51.3902,0.7,3.0143
51.3904,0.6302,2.7176
51.3906,0.6314,2.7215
51.3908,0.6811,2.9286
51.3910,0.7377,3.1705
51.3912,0.7682,3.3004
51.3914,0.833,3.5819
51.3916,0.8272,3.5621
51.3918,0.7804,3.3555
51.3920,0.8095,3.4792
51.3922,0.8563,3.6853
51.3924,0.6995,3.0136
51.3926,0.517,2.2346
51.3928,0.426,1.8404
51.3930,0.4245,1.8354
51.3932,0.4209,1.8199
51.3934,0.4628,1.9986
51.3936,0.472,2.0379
51.3938,0.4698,2.0267
51.3940,0.5006,2.1626
51.3942,0.5278,2.2739
51.3944,0.6169,2.6565
51.3946,0.5792,2.5008
51.3948,0.4732,2.045
51.3950,0.4555,1.9679
51.3952,0.4487,1.9375
51.3954,0.4452,1.9233
51.3956,0.4503,1.9451
51.3958,0.4488,1.9389
51.3960,0.4475,1.9341
51.3962,0.4469,1.9279
51.3964,0.4463,1.9262
51.3966,0.4525,1.9531
51.3968,0.4509,1.9486
51.3970,0.4467,1.9304
51.3972,0.4495,1.9411
51.3974,0.4497,1.9425
51.3976,0.4522,1.9534
51.3978,0.459,1.9792
51.3980,0.5351,2.3022
51.3982,0.6311,2.7161
51.3984,0.6632,2.8558
51.3986,0.6194,2.6685
51.3988,0.574,2.4751
51.3990,0.5708,2.4611
51.3992,0.5709,2.4571
51.3994,0.6063,2.6081
51.3996,0.6551,2.8128
51.3998,0.7628,3.2787
51.4000,0.7521,3.2369
51.4002,0.6875,2.962
51.4004,0.7139,3.0642
51.4006,0.8403,3.6049
51.4008,0.8163,3.5118
51.4010,0.684,2.9451
51.4012,0.7003,3.0083
51.4014,0.7776,3.339
51.4016,0.7861,3.3819
51.4018,0.6862,2.9563
51.4020,0.6035,2.6023
51.4022,0.5348,2.3049
51.4024,0.5402,2.3293
51.4026,0.55,2.3717
51.4028,0.548,2.3618
51.4030,0.5451,2.3483
51.4032,0.5722,2.4685
51.4034,0.5402,2.3282
51.4036,0.5572,2.4027
51.4038,0.5537,2.3888
51.4040,0.5512,2.3757
51.4042,0.5684,2.4474
51.4044,0.6392,2.7512
51.4046,0.6386,2.7474
51.4048,0.6517,2.8075
51.4050,0.6362,2.7409
51.4052,0.6048,2.6055
51.4054,0.6172,2.655
51.4056,0.6416,2.7628
51.4058,0.6022,2.5966
51.4060,0.5359,2.3096
51.4062,0.5786,2.4878
51.4064,0.6505,2.7971
51.4066,0.671,2.888
51.4068,0.6608,2.8454
51.4070,0.627,2.6998
51.4072,0.5896,2.5387
51.4074,0.5904,2.5388
51.4076,0.6551,2.8233
51.4078,0.5764,2.4843
51.4080,0.538,2.3178
51.4082,0.5417,2.336
51.4084,0.5584,2.4045
51.4086,0.6551,2.8193
51.4088,0.6417,2.7621
51.4090,0.5802,2.502
51.4092,0.4986,2.1508
51.4094,0.4919,2.1219
51.4096,0.4952,2.1334
51.4098,0.5299,2.2816
51.4100,0.5798,2.4999
51.4102,0.5155,2.2248
51.4104,0.5011,2.1587
51.4106,0.541,2.3329
51.4108,0.491,2.1183
51.4110,0.4854,2.093
51.4112,0.4802,2.0698
51.4114,0.4799,2.0702
51.4116,0.483,2.0846
51.4118,0.4787,2.0659
51.4120,0.4821,2.079
51.4122,0.4806,2.0733
51.4124,0.4853,2.0925
51.4126,0.5028,2.1679
51.4128,0.4999,2.1535
51.4130,0.5155,2.2207
51.4132,0.5536,2.3838
51.4134,0.6138,2.6443
51.4136,0.6046,2.6033
51.4138,0.5851,2.5196
51.4140,0.6347,2.7278
51.4142,0.718,3.0845
51.4144,0.7799,3.3472
51.4146,0.8287,3.5517
51.4148,0.8752,3.7581
51.4150,0.8041,3.4544
51.4152,0.8226,3.5222
51.4154,0.9736,4.1672
51.4156,1.006,4.3078
51.4158,0.9813,4.204
51.4160,0.9784,4.1897
51.4162,0.9715,4.1638
51.4164,0.9578,4.0995
51.4166,0.9965,4.2732
51.4168,0.9378,4.0231
51.4170,0.9691,4.1535
51.4172,0.987,4.2261
51.4174,0.969,4.1569
51.4176,0.871,3.7366
51.4178,0.8723,3.744
51.4180,0.8558,3.673
51.4182,0.8987,3.859
51.4184,0.8708,3.7338
51.4186,0.9167,3.9363
51.4188,0.8527,3.6613
51.4190,0.8437,3.621
51.4192,0.87,3.7342
51.4194,0.8288,3.5555
51.4196,0.8717,3.7414
51.4198,0.8328,3.5742
51.4200,0.8742,3.7488
51.4202,0.9317,3.9932
51.4204,0.9409,4.0403
51.4206,0.8679,3.725
51.4208,0.813,3.4909
51.4210,0.8166,3.5096
51.4212,0.7452,3.2074
51.4214,0.714,3.0747
51.4216,0.6922,2.9793
51.4218,0.6956,2.9924
51.4220,0.6607,2.8462
51.4222,0.6264,2.6948
51.4224,0.684,2.9451
51.4226,0.6718,2.8916
51.4228,0.7227,3.1061
51.4230,0.7453,3.2065
51.4232,0.7324,3.1522
51.4234,0.6982,3.0065
51.4236,0.6616,2.8477
51.4238,0.6824,2.937
51.4240,0.7028,3.0262
51.4242,0.6807,2.9271
51.4244,0.7336,3.1544
51.4246,0.7281,3.1336
51.4248,0.7088,3.052
51.4250,0.6613,2.8475
51.4252,0.6458,2.7809
51.4254,0.663,2.8547
51.4256,0.6842,2.9434
51.4258,0.6741,2.9028
51.4260,0.5991,2.5795
51.4262,0.5765,2.4871
51.4264,0.5775,2.4912
51.4266,0.5658,2.441
51.4268,0.5691,2.4516
51.4270,0.5787,2.4952
51.4272,0.5772,2.4879
51.4274,0.6199,2.6681
51.4276,0.7157,3.0776
51.4278,0.7456,3.209
51.4280,0.6547,2.8243
51.4282,0.6134,2.6427
51.4284,0.6325,2.7236
51.4286,0.6696,2.8778
51.4288,0.7128,3.0652
51.4290,0.7134,3.0678
51.4292,0.7199,3.0985
51.4294,0.6368,2.7473
51.4296,0.5523,2.3815
51.4298,0.5513,2.3796
51.4300,0.5363,2.3127
51.4302,0.5329,2.2956
51.4304,0.5763,2.4849
51.4306,0.5588,2.4083
51.4308,0.6459,2.7762
51.4310,0.7396,3.1832
51.4312,0.6753,2.9066
51.4314,0.6464,2.7835
51.4316,0.6417,2.7646
51.4318,0.6381,2.7491
51.4320,0.6391,2.7507
51.4322,0.6378,2.745
51.4324,0.6475,2.7855
51.4326,0.7187,3.0891
51.4328,0.7733,3.322
51.4330,0.7849,3.3783
51.4332,0.6666,2.8716
51.4334,0.6292,2.7104
51.4336,0.6264,2.6985
51.4338,0.6286,2.7053
51.4340,0.629,2.7086
51.4342,0.6733,2.8978
51.4344,0.7156,3.0814
51.4346,0.6456,2.7786
51.4348,0.6589,2.8372
51.4350,0.7009,3.0179
51.4352,0.6498,2.7979
51.4354,0.6121,2.6358
51.4356,0.6085,2.6215
51.4358,0.6139,2.6472
51.4360,0.6088,2.6201
51.4362,0.6072,2.6146
51.4364,0.6022,2.5954
51.4366,0.6114,2.6303
51.4368,0.6494,2.799
51.4370,0.5557,2.396
51.4372,0.5437,2.3453
51.4374,0.5476,2.3591
51.4376,0.6575,2.8284
51.4378,0.6958,2.9934
51.4380,0.6867,2.9542
51.4382,0.6985,3.002
51.4384,0.726,3.1234
51.4386,0.6702,2.8871
51.4388,0.5795,2.4954
51.4390,0.6214,2.6781
51.4392,0.5958,2.5668
51.4394,0.5914,2.5429
51.4396,0.6434,2.7719
51.4398,0.6107,2.6333
51.4400,0.6102,2.6251
51.4402,0.6758,2.9073
51.4404,0.6754,2.9071
51.4406,0.6576,2.8302
51.4408,0.6645,2.8588
51.4410,0.657,2.8302
51.4412,0.6051,2.6054
51.4414,0.613,2.6407
51.4416,0.6259,2.6914
51.4418,0.725,3.1173
51.4420,0.6824,2.9425
51.4422,0.5155,2.2238
51.4424,0.4914,2.1198
51.4426,0.4985,2.1513
51.4428,0.5262,2.2709
51.4430,0.5609,2.4198
51.4432,0.518,2.2336
51.4434,0.5118,2.2078
51.4436,0.5034,2.1715
51.4438,0.4927,2.1255
51.4440,0.4827,2.0797
51.4442,0.4837,2.0877
51.4444,0.5005,2.1601
51.4446,0.5224,2.2517
51.4448,0.5536,2.3816
51.4450,0.6155,2.649
51.4452,0.6077,2.6143
51.4454,0.6284,2.7035
51.4456,0.6289,2.7068
51.4458,0.6468,2.7811
51.4460,0.668,2.8724
51.4462,0.7188,3.0925
51.4464,0.7438,3.1938
51.4466,0.8523,3.6581
51.4468,0.8084,3.4729
51.4470,0.771,3.3107
51.4472,0.7843,3.3678
51.4474,0.7892,3.3889
51.4476,0.8069,3.4614
51.4478,0.8366,3.5907
51.4480,0.8554,3.6715
51.4482,0.8582,3.6884
51.4484,0.8265,3.5408
51.4486,0.9846,4.2159
51.4488,1.0023,4.2919
51.4490,1.0007,4.2852
51.4492,0.9124,3.9177
51.4494,0.8458,3.632
51.4496,0.8816,3.7801
51.4498,0.9009,3.8647
51.4500,0.9004,3.8554
51.4502,0.9894,4.2364
51.4504,1.023,4.3827
51.4506,0.9765,4.1893
51.4508,0.9174,3.9375
51.4510,0.932,4.004
51.4512,0.9045,3.8838
51.4514,0.9051,3.8827
51.4516,0.9023,3.8709
51.4518,0.8578,3.6817
51.4520,0.8319,3.5722
51.4522,0.819,3.5183
51.4524,0.8154,3.5045
51.4526,0.8142,3.4993
51.4528,0.7961,3.4215
51.4530,0.7872,3.3818
51.4532,0.8662,3.7212
51.4534,0.8788,3.7683
51.4536,0.8684,3.7322
51.4538,0.8048,3.4543
51.4540,0.8822,3.7897
51.4542,0.8846,3.8018
51.4544,0.8215,3.5291
51.4546,0.8657,3.714
51.4548,0.9066,3.893
51.4550,0.8257,3.5488
51.4552,0.8012,3.4452
51.4554,0.7921,3.4092
51.4556,0.6832,2.9447
51.4558,0.6616,2.8543
51.4560,0.6108,2.6314
51.4562,0.6375,2.744
51.4564,0.686,2.9552
51.4566,0.6404,2.7641
51.4568,0.5138,2.2165
51.4570,0.5275,2.2766
51.4572,0.5103,2.2036
51.4574,0.5416,2.3366
51.4576,0.5945,2.5599
51.4578,0.6554,2.8196
51.4580,0.6953,2.9955
51.4582,0.6655,2.8656
51.4584,0.6844,2.9485
51.4586,0.6211,2.6733
51.4588,0.6092,2.6259
51.4590,0.6241,2.6912
51.4592,0.6256,2.6961
51.4594,0.6473,2.7858
51.4596,0.6887,2.9671
51.4598,0.6481,2.7933
51.4600,0.5531,2.3851
51.4602,0.5031,2.1735
51.4604,0.4273,1.8436
51.4606,0.5252,2.2657
51.4608,0.5278,2.2792
51.4610,0.5015,2.1633
51.4612,0.5006,2.1596
51.4614,0.4536,1.9587
51.4616,0.4456,1.9249
51.4618,0.432,1.8663
51.4620,0.427,1.8437
51.4622,0.4339,1.8738
51.4624,0.4485,1.9382
51.4626,0.4393,1.8988
51.4628,0.4361,1.884
51.4630,0.4325,1.8667
51.4632,0.4447,1.9195
51.4634,0.4612,1.9904
51.4636,0.4552,1.9654
51.4638,0.4462,1.9266
51.4640,0.4495,1.9384
51.4642,0.5017,2.1633
51.4644,0.5664,2.4391
51.4646,0.6688,2.876
51.4648,0.6546,2.8186
51.4650,0.6417,2.7621
51.4652,0.6533,2.8103
51.4654,0.6744,2.8997
51.4656,0.6706,2.8838
51.4658,0.6812,2.9332
51.4660,0.7134,3.0678
51.4662,0.822,3.5312
51.4664,0.8047,3.4554
51.4666,0.7946,3.4121
51.4668,0.806,3.4659
51.4670,0.7425,3.1926
51.4672,0.6652,2.8619
51.4674,0.6762,2.9088
51.4676,0.6958,2.9948
51.4678,0.7203,3.0958
51.4680,0.7277,3.1321
51.4682,0.6596,2.839
51.4684,0.6589,2.8372
51.4686,0.6363,2.7388
51.4688,0.6298,2.7105
51.4690,0.6631,2.8526
51.4692,0.7216,3.1101
51.4694,0.5933,2.5571
51.4696,0.5503,2.3727
51.4698,0.5329,2.2988
51.4700,0.5309,2.2884
51.4702,0.5804,2.5013
51.4704,0.513,2.2129
51.4706,0.491,2.1163
51.4708,0.5529,2.383
51.4710,0.5572,2.3982
51.4712,0.6503,2.8
51.4714,0.6132,2.6441
51.4716,0.5459,2.3519
51.4718,0.6005,2.5869
51.4720,0.5553,2.3955
51.4722,0.4988,2.1509
51.4724,0.5275,2.2723
51.4726,0.5168,2.2295
51.4728,0.5048,2.1757
51.4730,0.5656,2.4389
51.4732,0.5548,2.3901
51.4734,0.5601,2.4129
51.4736,0.5427,2.338
51.4738,0.5529,2.3841
51.4740,0.5402,2.3271
51.4742,0.6167,2.6542
51.4744,0.6197,2.6721
51.4746,0.5146,2.2181
51.4748,0.5417,2.336
51.4750,0.5031,2.1685
51.4752,0.4911,2.1168
51.4754,0.4921,2.1229
51.4756,0.4896,2.1111
51.4758,0.4909,2.1158
51.4760,0.492,2.1224
51.4762,0.4962,2.1395
51.4764,0.4937,2.1306
51.4766,0.5238,2.2553
51.4768,0.5698,2.457
51.4770,0.4992,2.1514
51.4772,0.4847,2.0889
51.4774,0.4825,2.0806
51.4776,0.4842,2.0888
51.4778,0.4845,2.0884
51.4780,0.4819,2.0789
51.4782,0.4844,2.0908
51.4784,0.4851,2.091
51.4786,0.4854,2.092
51.4788,0.5239,2.2558
51.4790,0.5684,2.4462
51.4792,0.5883,2.5319
51.4794,0.6025,2.5945
51.4796,0.5973,2.5718
51.4798,0.5862,2.5231
51.4800,0.5939,2.5573
51.4802,0.5879,2.5303
51.4804,0.6642,2.8546
51.4806,0.7184,3.0832
51.4808,0.7621,3.268
51.4810,0.8288,3.5572
51.4812,0.828,3.5486
51.4814,0.9394,4.0242
51.4816,0.9545,4.0889
51.4818,0.9888,4.2279
51.4820,1.1017,4.7109
51.4822,1.136,4.853
51.4824,1.1401,4.8773
51.4826,1.1235,4.8087
51.4828,0.997,4.2753
51.4830,0.9613,4.1201
51.4832,1.0048,4.3026
51.4834,0.9663,4.1359
51.4836,0.9937,4.2569
51.4838,0.9969,4.2708
51.4840,0.9756,4.1793
51.4842,0.9401,4.0367
51.4844,0.8398,3.6062
51.4846,0.8546,3.6696
51.4848,0.8652,3.7137
51.4850,0.8788,3.7683
51.4852,0.9385,4.0243
51.4854,0.9495,4.0735
51.4856,0.9198,3.9441
51.4858,0.9089,3.8937
51.4860,0.968,4.1489
51.4862,0.9842,4.2261
51.4864,0.8712,3.7394
51.4866,0.8849,3.791
51.4868,0.9082,3.8997
51.4870,0.8374,3.5976
51.4872,0.837,3.5939
51.4874,0.8374,3.5959
51.4876,0.8643,3.7095
51.4878,0.8847,3.7988
51.4880,0.8611,3.7008
51.4882,0.8238,3.5389
51.4884,0.8476,3.6329
51.4886,0.8643,3.7165
51.4888,0.7911,3.4051
51.4890,0.7625,3.2802
51.4892,0.7501,3.2271
51.4894,0.7428,3.1927
51.4896,0.8009,3.4373
51.4898,0.7756,3.3396
51.4900,0.6252,2.6908
51.4902,0.627,2.7036
51.4904,0.5718,2.4669
51.4906,0.6173,2.6568
51.4908,0.661,2.8425
51.4910,0.6772,2.9175
51.4912,0.5929,2.5568
51.4914,0.598,2.5761
51.4916,0.5967,2.5716
51.4918,0.5802,2.5008
51.4920,0.5923,2.553
51.4922,0.6224,2.6815
51.4924,0.6143,2.6476
51.4926,0.5923,2.5554
51.4928,0.5758,2.4794
51.4930,0.5815,2.5076
51.4932,0.5694,2.4543
51.4934,0.6204,2.6702
51.4936,0.6401,2.7574
51.4938,0.5893,2.5389
51.4940,0.6492,2.7967
51.4942,0.6542,2.821
51.4944,0.5829,2.511
51.4946,0.5857,2.5257
51.4948,0.5751,2.4774
51.4950,0.5917,2.5516
51.4952,0.5832,2.516
51.4954,0.536,2.3133
51.4956,0.4848,2.0914
51.4958,0.4778,2.0614
51.4960,0.5239,2.2589
51.4962,0.5355,2.308
51.4964,0.5318,2.2931
51.4966,0.5353,2.3091
51.4968,0.5579,2.4036
51.4970,0.5638,2.4311
51.4972,0.5342,2.3023
51.4974,0.5937,2.5575
51.4976,0.6175,2.6603
51.4978,0.6224,2.679
51.4980,0.6287,2.7083
51.4982,0.6284,2.7048
51.4984,0.6867,2.9528
51.4986,0.7046,3.0325
51.4988,0.6874,2.9546
51.4990,0.7729,3.3174
51.4992,0.8516,3.6601
51.4994,0.7842,3.372
51.4996,0.7277,3.1277
51.4998,0.7143,3.0743
51.5000,0.6652,2.8659
51.5002,0.6446,2.7732
51.5004,0.6531,2.8124
51.5006,0.6775,2.9172
51.5008,0.7226,3.107
51.5010,0.7254,3.1179
51.5012,0.7685,3.3045
51.5014,0.7511,3.2327
51.5016,0.6479,2.791
51.5018,0.6209,2.6747
51.5020,0.6095,2.6269
51.5022,0.6031,2.6007
51.5024,0.6112,2.6329
51.5026,0.6057,2.6079
51.5028,0.6024,2.5976
51.5030,0.5798,2.4976
51.5032,0.63,2.7102
51.5034,0.6124,2.6368
51.5036,0.6047,2.605
51.5038,0.6384,2.7476
51.5040,0.6475,2.7868
51.5042,0.66,2.8405
51.5044,0.6758,2.9059
51.5046,0.7456,3.2075
51.5048,0.731,3.1387
51.5050,0.7553,3.2432
51.5052,0.7642,3.289
51.5054,0.6998,3.0132
51.5056,0.6819,2.9336
51.5058,0.6808,2.9262
51.5060,0.7119,3.0625
51.5062,0.7287,3.1362
51.5064,0.6758,2.9086
51.5066,0.6186,2.6637
51.5068,0.6115,2.632
51.5070,0.6938,2.986
51.5072,0.6387,2.7492
51.5074,0.6492,2.7954
51.5076,0.6329,2.7251
51.5078,0.6664,2.8644
51.5080,0.7407,3.1775
51.5082,0.795,3.4137
51.5084,0.8117,3.4869
51.5086,0.7931,3.4118
51.5088,0.7577,3.2611
51.5090,0.6735,2.9002
51.5092,0.6173,2.6593
51.5094,0.6155,2.6515
51.5096,0.6051,2.6054
51.5098,0.6015,2.5887
51.5100,0.5633,2.4291
51.5102,0.5011,2.1607
51.5104,0.5524,2.3831
51.5106,0.5223,2.2543
51.5108,0.4898,2.1121
51.5110,0.4885,2.1084
51.5112,0.4889,2.108
51.5114,0.5535,2.3867
51.5116,0.4967,2.1446
51.5118,0.4796,2.0701
51.5120,0.4785,2.0645
51.5122,0.4803,2.0732
51.5124,0.4884,2.1079
51.5126,0.4875,2.1023
51.5128,0.4893,2.1091
51.5130,0.5113,2.2047
51.5132,0.5582,2.4046
51.5134,0.6136,2.6457
51.5136,0.5886,2.5346
51.5138,0.6344,2.7293
51.5140,0.6816,2.9293
51.5142,0.7855,3.373
51.5144,0.8277,3.5526
51.5146,0.8571,3.6821
51.5148,0.7753,3.3308
51.5150,0.7674,3.2922
51.5152,0.8576,3.6807
51.5154,0.859,3.6903
51.5156,0.863,3.7021
51.5158,0.8885,3.8099
51.5160,0.8841,3.7909
51.5162,0.9355,4.0096
51.5164,0.9853,4.2229
51.5166,0.9596,4.1148
51.5168,0.9328,3.9997
51.5170,0.9618,4.1241
51.5172,0.934,4.0085
51.5174,0.8871,3.8055
51.5176,0.8962,3.8428
51.5178,0.8916,3.8233
51.5180,0.8811,3.7851
51.5182,0.7989,3.4291
51.5184,0.8236,3.54
51.5186,0.8238,3.5405
51.5188,0.8408,3.6087
51.5190,0.9041,3.8768
51.5192,0.8919,3.8243
51.5194,0.9233,3.9572
51.5196,0.8816,3.7907
51.5198,0.791,3.3983
51.5200,0.8739,3.7577
51.5202,0.8455,3.6287
51.5204,0.847,3.6371
51.5206,0.8724,3.7428
51.5208,0.9009,3.8701
51.5210,0.8386,3.6028
51.5212,0.8523,3.6598
51.5214,0.8473,3.6449
51.5216,0.7425,3.2
51.5218,0.6658,2.8631
51.5220,0.7664,3.2957
51.5222,0.7,3.0115
51.5224,0.6474,2.7876
51.5226,0.6222,2.6854
51.5228,0.5335,2.3024
51.5230,0.508,2.1907
51.5232,0.5384,2.3226
51.5234,0.5198,2.2434
51.5236,0.528,2.2723
51.5238,0.6222,2.6804
51.5240,0.5796,2.4971
51.5242,0.644,2.7744
51.5244,0.6929,2.9824
51.5246,0.6662,2.8713
51.5248,0.6252,2.6896
51.5250,0.7337,3.155
51.5252,0.7049,3.0354
51.5254,0.6163,2.6564
51.5256,0.607,2.6173
51.5258,0.606,2.6119
51.5260,0.6139,2.6448
51.5262,0.6015,2.5935
51.5264,0.6204,2.6739
51.5266,0.6423,2.7634
51.5268,0.7106,3.0555
51.5270,0.6879,2.9649
51.5272,0.5768,2.4881
51.5274,0.5333,2.3009
51.5276,0.5336,2.2998
51.5278,0.555,2.3923
51.5280,0.5756,2.4829
51.5282,0.5742,2.4738
51.5284,0.5757,2.4823
51.5286,0.5518,2.3783
51.5288,0.5979,2.578
51.5290,0.5132,2.214
51.5292,0.4718,2.0374
51.5294,0.465,2.0088
51.5296,0.4567,1.9731
51.5298,0.4528,1.9542
51.5300,0.4577,1.9772
51.5302,0.4685,2.0191
51.5304,0.5842,2.5143
51.5306,0.6423,2.7646
51.5308,0.6104,2.631
51.5310,0.5651,2.4357
51.5312,0.5652,2.4351
51.5314,0.6157,2.6538
51.5316,0.5685,2.4501
51.5318,0.5626,2.4248
51.5320,0.6047,2.6038
51.5322,0.68,2.9253
51.5324,0.6572,2.826
51.5326,0.7268,3.1236
51.5328,0.7529,3.2405
51.5330,0.6374,2.7486
51.5332,0.5503,2.3727
51.5334,0.5336,2.3008
51.5336,0.5356,2.3064
51.5338,0.6034,2.5933
51.5340,0.6747,2.9026
51.5342,0.6131,2.6412
51.5344,0.562,2.4234
51.5346,0.5491,2.3675
51.5348,0.5398,2.3266
51.5350,0.542,2.3359
51.5352,0.5451,2.3516
51.5354,0.5465,2.3578
51.5356,0.542,2.3359
51.5358,0.5389,2.3214
51.5360,0.5347,2.3033
51.5362,0.5295,2.2854
51.5364,0.4989,2.1524
51.5366,0.5528,2.3813
51.5368,0.5325,2.2972
51.5370,0.4692,2.0241
51.5372,0.5146,2.2202
51.5374,0.5342,2.2991
51.5376,0.6138,2.643
51.5378,0.6409,2.7597
51.5380,0.6157,2.6513
51.5382,0.6393,2.7569
51.5384,0.5491,2.3664
51.5386,0.5539,2.3871
51.5388,0.5771,2.485
51.5390,0.6022,2.5918
51.5392,0.5946,2.5604
51.5394,0.6004,2.5876
51.5396,0.5444,2.3474
51.5398,0.5144,2.2181
51.5400,0.5651,2.4334
51.5402,0.617,2.6557
51.5404,0.6048,2.6055
51.5406,0.5308,2.2847
51.5408,0.6293,2.7084
51.5410,0.6221,2.6749
51.5412,0.7051,3.0303
51.5414,0.7324,3.1493
51.5416,0.6066,2.6157
51.5418,0.4983,2.1488
51.5420,0.5499,2.3689
51.5422,0.5853,2.519
51.5424,0.5928,2.5503
51.5426,0.6298,2.7105
51.5428,0.6251,2.6903
51.5430,0.6022,2.593
51.5432,0.6016,2.5928
51.5434,0.5359,2.3106
51.5436,0.4871,2.0992
51.5438,0.5348,2.3039
51.5440,0.5126,2.2093
51.5442,0.5305,2.2863
51.5444,0.5598,2.4096
51.5446,0.5926,2.5528
51.5448,0.6124,2.6368
51.5450,0.6242,2.6867
51.5452,0.6172,2.6538
51.5454,0.6184,2.659
51.5456,0.6196,2.6641
51.5458,0.6274,2.6989
51.5460,0.6577,2.8307
51.5462,0.6655,2.8616
51.5464,0.7045,3.0306
51.5466,0.6581,2.8309
51.5468,0.6967,2.9915
51.5470,0.8367,3.5928
51.5472,0.8358,3.5871
51.5474,0.8075,3.464
51.5476,0.8603,3.6874
51.5478,0.8814,3.7814
51.5480,0.8987,3.8518
51.5482,0.9723,4.1674
51.5484,0.9418,4.0307
51.5486,0.9783,4.1853
51.5488,0.994,4.2564
51.5490,0.9744,4.1761
51.5492,0.9647,4.1345
51.5494,0.9677,4.1493
51.5496,0.9359,4.0093
51.5498,0.9674,4.1425
51.5500,0.9897,4.2399
51.5502,0.9843,4.2188
51.5504,0.9943,4.2595
51.5506,0.9835,4.2152
51.5508,0.9534,4.0862
51.5510,0.9344,4.0087
51.5512,0.9304,3.9875
51.5514,1.0058,4.3088
51.5516,0.9976,4.2778
51.5518,0.8765,3.762
51.5520,0.8314,3.5669
51.5522,0.8756,3.7597
51.5524,0.8493,3.6486
51.5526,0.8404,3.6105
51.5528,0.8818,3.7864
51.5530,0.8711,3.7406
51.5532,0.8299,3.5685
51.5534,0.789,3.3942
51.5536,0.7648,3.2885
51.5538,0.7747,3.3297
51.5540,0.8072,3.4678
51.5542,0.7446,3.2049
51.5544,0.7294,3.1349
51.5546,0.7673,3.3039
51.5548,0.6465,2.7827
51.5550,0.6438,2.7708
51.5552,0.6853,2.9508
51.5554,0.6834,2.9425
51.5556,0.6751,2.9069
51.5558,0.672,2.8921
51.5560,0.7264,3.1279
51.5562,0.6509,2.8065
51.5564,0.5756,2.4818
51.5566,0.5881,2.5314
51.5568,0.6658,2.8645
51.5570,0.6729,2.8949
51.5572,0.7256,3.1214
51.5574,0.7441,3.1998
51.5576,0.7288,3.1367
51.5578,0.6621,2.8498
51.5580,0.6674,2.8712
51.5582,0.6699,2.886
51.5584,0.5979,2.5792
51.5586,0.5765,2.4848
51.5588,0.6312,2.7192
51.5590,0.6314,2.7202
51.5592,0.6341,2.7379
51.5594,0.5339,2.3056
51.5596,0.4905,2.1152
51.5598,0.4938,2.1292
51.5600,0.5397,2.324
51.5602,0.7215,3.1009
51.5604,0.773,3.3303
51.5606,0.6336,2.7282
51.5608,0.6567,2.8292
51.5610,0.6066,2.6169
51.5612,0.5554,2.3938
51.5614,0.5505,2.3715
51.5616,0.55,2.3728
51.5618,0.5234,2.2579
51.5620,0.5303,2.2869
51.5622,0.518,2.2357
51.5624,0.5124,2.2103
51.5626,0.5119,2.2072
51.5628,0.5214,2.2481
51.5630,0.5348,2.306
51.5632,0.5199,2.2398
51.5634,0.5941,2.5524
51.5636,0.7463,3.2061
51.5638,0.7726,3.3251
51.5640,0.7114,3.0591
51.5642,0.711,3.0561
51.5644,0.7176,3.0887
51.5646,0.7322,3.1468
51.5648,0.7648,3.2854
51.5650,0.7646,3.2865
51.5652,0.806,3.4659
51.5654,0.8027,3.4466
51.5656,0.7919,3.4019
51.5658,0.8372,3.5983
51.5660,0.7985,3.4286
51.5662,0.8203,3.5223
51.5664,0.807,3.4652
51.5666,0.8806,3.7742
51.5668,0.9627,4.1263
51.5670,0.9565,4.1053
51.5672,0.8856,3.8029
51.5674,0.8897,3.8151
51.5676,0.933,4.0044
51.5678,0.9039,3.8812
51.5680,0.916,3.9313
51.5682,0.8608,3.6998
51.5684,0.8263,3.548
51.5686,0.8547,3.6701
51.5688,0.8961,3.8441
51.5690,0.887,3.8086
51.5692,0.7764,3.3401
51.5694,0.727,3.1304
51.5696,0.6337,2.7313
51.5698,0.5663,2.4397
51.5700,0.5619,2.4206
51.5702,0.7161,3.0792
51.5704,0.7155,3.0809
51.5706,0.6212,2.6751
51.5708,0.6624,2.8522
51.5710,0.6723,2.895
51.5712,0.6274,2.7001
51.5714,0.6245,2.689
51.5716,0.624,2.6882
51.5718,0.6132,2.6429
51.5720,0.612,2.639
51.5722,0.5925,2.5523
51.5724,0.6395,2.7548
51.5726,0.629,2.7111
51.5728,0.6281,2.7057
51.5730,0.6163,2.6564
51.5732,0.6046,2.6045
51.5734,0.6299,2.7084
51.5736,0.7105,3.0578
51.5738,0.6836,2.9449
51.5740,0.6875,2.9578
51.5742,0.6444,2.776
51.5744,0.5985,2.5782
51.5746,0.619,2.6677
51.5748,0.6137,2.6474
51.5750,0.5367,2.3153
51.5752,0.5068,2.1876
51.5754,0.503,2.171
51.5756,0.5022,2.1654
51.5758,0.5015,2.1643
51.5760,0.5052,2.1813
51.5762,0.5168,2.2284
51.5764,0.5239,2.26
51.5766,0.4866,2.1011
51.5768,0.5065,2.184
51.5770,0.6034,2.6017
51.5772,0.5164,2.2279
51.5774,0.5332,2.3003
51.5776,0.5036,2.1746
51.5778,0.4829,2.0821
51.5780,0.4831,2.0851
51.5782,0.4824,2.081
51.5784,0.485,2.0924
51.5786,0.4867,2.1006
51.5788,0.4887,2.1104
51.5790,0.5,2.1571
51.5792,0.5072,2.1861
51.5794,0.5787,2.4929
51.5796,0.663,2.8455
51.5798,0.7847,3.371
51.5800,0.7736,3.3251
51.5802,0.7268,3.1251
51.5804,0.7463,3.2076
51.5806,0.7613,3.269
51.5808,0.7486,3.2189
51.5810,0.7584,3.2566
51.5812,0.7474,3.2122
51.5814,0.7587,3.2577
51.5816,0.8624,3.6927
51.5818,0.9826,4.2195
51.5820,0.8606,3.6936
51.5822,0.8908,3.8179
51.5824,0.9637,4.1285
51.5826,0.9471,4.0633
51.5828,0.8885,3.8099
51.5830,0.8826,3.79
51.5832,0.8828,3.7817
51.5834,0.9539,4.0883
51.5836,0.9842,4.2202
51.5838,1.0033,4.294
51.5840,1.0473,4.4739
51.5842,1.135,4.8512
51.5844,1.1192,4.7902
51.5846,1.0772,4.6085
51.5848,1.112,4.7594
51.5850,1.0949,4.6882
51.5852,1.0972,4.6958
51.5854,1.1058,4.7283
51.5856,1.0904,4.6649
51.5858,1.1106,4.7577
51.5860,0.9912,4.254
51.5862,0.8459,3.6376
51.5864,0.813,3.4941
51.5866,0.8431,3.6252
51.5868,0.8025,3.4525
51.5870,0.8473,3.6382
51.5872,0.8509,3.6519
51.5874,0.8388,3.6083
51.5876,0.8089,3.4734
51.5878,0.8284,3.5656
51.5880,0.7947,3.4206
51.5882,0.7307,3.1435
51.5884,0.7203,3.1015
51.5886,0.6739,2.8977
51.5888,0.7434,3.2027
51.5890,0.6958,2.9976
51.5892,0.6667,2.8787
51.5894,0.5127,2.2129
51.5896,0.5007,2.1622
51.5898,0.5181,2.2362
51.5900,0.5881,2.5326
51.5902,0.6609,2.8499
51.5904,0.6007,2.5916
51.5906,0.5513,2.3807
51.5908,0.4991,2.1559
51.5910,0.4885,2.1094
51.5912,0.5536,2.3883
51.5914,0.5745,2.4783
51.5916,0.6254,2.6919
51.5918,0.6583,2.8359
51.5920,0.6345,2.7349
51.5922,0.5952,2.5654
51.5924,0.5897,2.544
51.5926,0.5847,2.5199
51.5928,0.5893,2.5413
51.5930,0.5625,2.4288
51.5932,0.5106,2.2026
51.5934,0.558,2.4052
51.5936,0.5553,2.3955
51.5938,0.5041,2.1777
51.5940,0.4325,1.8676
51.5942,0.4964,2.1445
51.5944,0.4582,1.9784
51.5946,0.4483,1.9368
51.5948,0.4506,1.9466
51.5950,0.4598,1.9856
51.5952,0.4606,1.9869
51.5954,0.4592,1.9821
51.5956,0.4571,1.9737
51.5958,0.4597,1.9842
51.5960,0.4609,1.9903
51.5962,0.46,1.9834
51.5964,0.5037,2.1721
51.5966,0.5919,2.5521
51.5968,0.564,2.4288
51.5970,0.5729,2.4704
51.5972,0.5582,2.4068
51.5974,0.5601,2.414
51.5976,0.5604,2.4155
51.5978,0.5698,2.4558
51.5980,0.5627,2.4253
51.5982,0.57,2.4557
51.5984,0.6218,2.6752
51.5986,0.6845,2.9449
51.5988,0.6739,2.895
51.5990,0.7577,3.2535
51.5992,0.782,3.3643
51.5994,0.677,2.9124
51.5996,0.677,2.9179
51.5998,0.5608,2.4182
51.6000,0.5462,2.3551
51.6002,0.5459,2.353
51.6004,0.6054,2.6045
51.6006,0.6293,2.7059
51.6008,0.688,2.9585
51.6010,0.6814,2.9342
51.6012,0.6369,2.7414
51.6014,0.6427,2.7688
51.6016,0.5464,2.354
51.6018,0.5825,2.5083
51.6020,0.5777,2.4911
51.6022,0.5272,2.2713
51.6024,0.5318,2.292
51.6026,0.5481,2.3612
51.6028,0.5479,2.3591
51.6030,0.5983,2.5836
51.6032,0.483,2.0836
51.6034,0.4596,1.9846
51.6036,0.4791,2.0642
51.6038,0.5841,2.5138
51.6040,0.657,2.8276
51.6042,0.6658,2.8645
51.6044,0.6877,2.9597
51.6046,0.6287,2.7083
51.6048,0.5979,2.578
51.6050,0.5836,2.5118
51.6052,0.6757,2.9054
51.6054,0.6881,2.9563
51.6056,0.7107,3.0588
51.6058,0.6495,2.7943
51.6060,0.657,2.8302
51.6062,0.5805,2.503
51.6064,0.5746,2.4754
51.6066,0.5957,2.5651
51.6068,0.5687,2.4466
51.6070,0.6714,2.8868
51.6072,0.7065,3.0407
51.6074,0.6398,2.7538
51.6076,0.6017,2.5933
51.6078,0.5197,2.244
51.6080,0.4965,2.1401
51.6082,0.4905,2.1162
51.6084,0.4904,2.1157
51.6086,0.4917,2.1194
51.6088,0.5311,2.2889
51.6090,0.5204,2.245
51.6092,0.4838,2.0872
51.6094,0.483,2.0836
51.6096,0.485,2.0924
51.6098,0.4867,2.0996
51.6100,0.4829,2.0831
51.6102,0.4811,2.0744
51.6104,0.4891,2.107
51.6106,0.5284,2.2786
51.6108,0.4901,2.1131
51.6110,0.4857,2.0926
51.6112,0.4844,2.0898
51.6114,0.4823,2.0805
51.6116,0.4861,2.0951
51.6118,0.4998,2.153
51.6120,0.5626,2.4259
51.6122,0.5073,2.1856
51.6124,0.5151,2.2181
51.6126,0.5603,2.4128
51.6128,0.5956,2.561
51.6130,0.6939,2.981
51.6132,0.7813,3.3581
51.6134,0.7432,3.1942
51.6136,0.7355,3.1583
51.6138,0.7578,3.254
51.6140,0.7808,3.3513
51.6142,0.7736,3.3189
51.6144,0.7931,3.4007
51.6146,0.7843,3.3725
51.6148,0.7262,3.1181
51.6150,0.8608,3.6894
51.6152,0.9019,3.8639
51.6154,0.9226,3.9541
51.6156,0.9519,4.0743
51.6158,0.9838,4.2128
51.6160,1.0055,4.3057
51.6162,0.9776,4.1939
51.6164,0.9356,4.0083
51.6166,0.9962,4.2657
51.6168,0.9807,4.1994
51.6170,0.9831,4.2156
51.6172,0.888,3.8132
51.6174,0.8337,3.5816
51.6176,0.8218,3.529
51.6178,0.8095,3.4776
51.6180,0.7885,3.3859
51.6182,0.8096,3.4797
51.6184,0.823,3.5358
51.6186,0.8326,3.5737
51.6188,0.8605,3.6913
51.6190,0.8771,3.7628
51.6192,0.8268,3.5551
51.6194,0.7232,3.1125
51.6196,0.7547,3.2422
51.6198,0.7929,3.4065
51.6200,0.8125,3.4921
51.6202,0.7967,3.4209
51.6204,0.8302,3.5617
51.6206,0.8396,3.6052
51.6208,0.8264,3.5502
51.6210,0.8157,3.5044
51.6212,0.8301,3.5678
51.6214,0.789,3.3895
51.6216,0.7886,3.3927
51.6218,0.7114,3.0576
51.6220,0.7487,3.2224
51.6222,0.6187,2.6667
51.6224,0.5583,2.4062
51.6226,0.6059,2.609
51.6228,0.6733,2.8978
51.6230,0.6245,2.6902
51.6232,0.5807,2.5029
51.6234,0.669,2.8792
51.6236,0.7299,3.1414
51.6238,0.6955,2.9891
51.6240,0.712,3.0616
51.6242,0.7019,3.0225
51.6244,0.6935,2.9864
51.6246,0.6893,2.9656
51.6248,0.6889,2.9635
51.6250,0.727,3.1261
51.6252,0.7175,3.0839
51.6254,0.7576,3.2561
51.6256,0.7467,3.2106
51.6258,0.683,2.9464
51.6260,0.5727,2.4682
51.6262,0.5726,2.4689
51.6264,0.5756,2.4795
51.6266,0.5999,2.5868
51.6268,0.5742,2.475
51.6270,0.5632,2.4263
51.6272,0.5619,2.4195
51.6274,0.5975,2.5716
51.6276,0.709,3.0502
51.6278,0.72,3.0976
51.6280,0.7083,3.0471
51.6282,0.7272,3.1286
51.6284,0.7264,3.1293
51.6286,0.5881,2.5326
51.6288,0.5606,2.416
51.6290,0.5553,2.3933
51.6292,0.6013,2.593
51.6294,0.5545,2.3875
51.6296,0.6133,2.6398
51.6298,0.6937,2.9814
51.6300,0.7902,3.3978
51.6302,0.7471,3.2142
51.6304,0.668,2.8737
51.6306,0.6469,2.783
51.6308,0.6509,2.8026
51.6310,0.6456,2.7812
51.6312,0.6626,2.8479
51.6314,0.7836,3.3647
51.6316,0.8307,3.5688
51.6318,0.7784,3.3442
51.6320,0.7386,3.1717
51.6322,0.7383,3.1805
51.6324,0.6353,2.7355
51.6326,0.6228,2.6805
51.6328,0.6221,2.6799
51.6330,0.6218,2.6801
51.6332,0.6555,2.8149
51.6334,0.8259,3.5449
51.6336,0.7848,3.3762
51.6338,0.6753,2.9079
51.6340,0.6313,2.721
51.6342,0.616,2.6536
51.6344,0.6138,2.6443
51.6346,0.6163,2.6551
51.6348,0.6208,2.6742
51.6350,0.6474,2.7902
51.6352,0.6071,2.6141
51.6354,0.6465,2.7827
51.6356,0.6204,2.6752
51.6358,0.5721,2.4679
51.6360,0.5652,2.4385
51.6362,0.5613,2.4191
51.6364,0.5615,2.4179
51.6366,0.6687,2.8755
51.6368,0.674,2.9063
51.6370,0.5759,2.4787
51.6372,0.6386,2.7499
51.6374,0.6836,2.9422
51.6376,0.6879,2.9594
51.6378,0.6482,2.7925
51.6380,0.5494,2.368
51.6382,0.5403,2.3309
51.6384,0.5342,2.3023
51.6386,0.5838,2.514
51.6388,0.6023,2.5947
51.6390,0.5904,2.5424
51.6392,0.6179,2.6618
51.6394,0.6663,2.8665
51.6396,0.6704,2.8867
51.6398,0.618,2.6586
51.6400,0.7431,3.1937
51.6402,0.77,3.3081
51.6404,0.7745,3.3303
51.6406,0.794,3.4143
51.6408,0.7176,3.0902
51.6410,0.6834,2.9425
51.6412,0.6445,2.7765
51.6414,0.6305,2.7148
51.6416,0.6053,2.6076
51.6418,0.6006,2.5874
51.6420,0.6143,2.6439
51.6422,0.6576,2.8315
51.6424,0.5901,2.5479
51.6426,0.5035,2.1721
51.6428,0.498,2.1483
51.6430,0.4925,2.1235
51.6432,0.477,2.0587
51.6434,0.4893,2.1081
51.6436,0.5565,2.3996
51.6438,0.5226,2.2512
51.6440,0.5485,2.3627
51.6442,0.5796,2.4971
51.6444,0.5959,2.5661
51.6446,0.6079,2.6153
51.6448,0.6676,2.8735
51.6450,0.6967,2.9915
51.6452,0.7154,3.0775
51.6454,0.6723,2.8896
51.6456,0.7178,3.0864
51.6458,0.7517,3.2353
51.6460,0.6884,2.9614
51.6462,0.731,3.1402
51.6464,0.7772,3.3344
51.6466,0.8582,3.6833
51.6468,0.818,3.5142
51.6470,0.7473,3.2102
51.6472,0.7965,3.4172
51.6474,0.8656,3.7152
51.6476,0.8566,3.6783
51.6478,0.8652,3.7119
51.6480,0.8637,3.7052
51.6482,0.8871,3.7984
51.6484,0.983,4.2092
51.6486,1.0102,4.3278
51.6488,0.9862,4.227
51.6490,0.969,4.153
51.6492,0.9643,4.133
51.6494,0.9834,4.2107
51.6496,0.9832,4.2201
51.6498,0.9156,3.9261
51.6500,0.9868,4.2237
51.6502,1.0229,4.3843
51.6504,1.0148,4.3514
51.6506,1.1037,4.724
51.6508,1.1041,4.7278
51.6510,1.0368,4.4439
51.6512,0.9959,4.2746
51.6514,0.9385,4.0281
51.6516,0.989,4.2388
51.6518,1.0512,4.5077
51.6520,0.9422,4.0478
51.6522,0.8311,3.577
51.6524,0.7498,3.2271
51.6526,0.7372,3.1773
51.6528,0.5932,2.5566
51.6530,0.603,2.5978
51.6532,0.6184,2.6602
51.6534,0.6763,2.9161
51.6536,0.6192,2.6688
51.6538,0.6384,2.7514
51.6540,0.6121,2.637
51.6542,0.6113,2.6334
51.6544,0.6058,2.6084
51.6546,0.703,3.0202
51.6548,0.7786,3.3462
51.6550,0.7204,3.1078
51.6552,0.6269,2.7043
51.6554,0.6178,2.6626
51.6556,0.586,2.5268
51.6558,0.5727,2.4705
51.6560,0.5739,2.4757
51.6562,0.5962,2.5683
51.6564,0.6091,2.6229
51.6566,0.6685,2.8772
51.6568,0.7521,3.2369
51.6570,0.6955,3.0016
51.6572,0.5326,2.2988
51.6574,0.4814,2.0798
51.6576,0.4967,2.1436
51.6578,0.498,2.1503
51.6580,0.4862,2.0966
51.6582,0.5313,2.2889
51.6584,0.6316,2.7195
51.6586,0.6748,2.9072
51.6588,0.6452,2.7822
51.6590,0.6094,2.6276
51.6592,0.5909,2.5456
51.6594,0.6426,2.7631
51.6596,0.7192,3.0911
51.6598,0.7281,3.1322
51.6600,0.6753,2.9133
51.6602,0.483,2.0875
51.6604,0.419,1.8099
51.6606,0.4245,1.832
51.6608,0.4669,2.0134
51.6610,0.5372,2.3163
51.6612,0.5373,2.3169
51.6614,0.5585,2.4084
51.6616,0.5568,2.4
51.6618,0.5721,2.4679
51.6620,0.4559,1.9703
51.6622,0.4378,1.8921
51.6624,0.4367,1.8839
51.6626,0.5178,2.2305
51.6628,0.5875,2.5323
51.6630,0.5517,2.3778
51.6632,0.583,2.5092
51.6634,0.6799,2.9289
51.6636,0.5835,2.5147
51.6638,0.5931,2.5573
51.6640,0.6236,2.6866
51.6642,0.6351,2.7337
51.6644,0.6582,2.8314
51.6646,0.6902,2.9678
51.6648,0.6935,2.985
51.6650,0.6868,2.9506
51.6652,0.7325,3.1498
51.6654,0.6914,2.9743
51.6656,0.7012,3.0208
51.6658,0.6694,2.8813
51.6660,0.6681,2.8769
51.6662,0.6546,2.8186
51.6664,0.6314,2.7164
51.6666,0.7066,3.0356
51.6668,0.7836,3.3632
51.6670,0.8113,3.4869
51.6672,0.7782,3.3463
51.6674,0.7228,3.1124
51.6676,0.6592,2.8374
51.6678,0.635,2.7332
51.6680,0.6685,2.8745
51.6682,0.7036,3.0284
51.6684,0.6034,2.6005
51.6686,0.5423,2.3386
51.6688,0.5319,2.2968
51.6690,0.5209,2.2471
51.6692,0.5784,2.4919
51.6694,0.5223,2.2554
51.6696,0.4729,2.0411
51.6698,0.4944,2.1288
51.6700,0.5445,2.3479
51.6702,0.4952,2.1374
51.6704,0.4775,2.0579
51.6706,0.5329,2.2967
51.6708,0.5786,2.4901
51.6710,0.6035,2.6011
51.6712,0.5721,2.4622
51.6714,0.5616,2.4229
51.6716,0.467,2.0167
51.6718,0.453,1.9534
51.6720,0.5401,2.3287
51.6722,0.5277,2.2755
51.6724,0.5122,2.2088
51.6726,0.5161,2.2243
51.6728,0.5946,2.5616
51.6730,0.5362,2.3101
51.6732,0.5384,2.3183
51.6734,0.631,2.7156
51.6736,0.6501,2.7982
51.6738,0.6416,2.7615
51.6740,0.6132,2.6405
51.6742,0.5881,2.5337
51.6744,0.5938,2.5604
51.6746,0.5869,2.5297
51.6748,0.5308,2.2889
51.6750,0.4913,2.1183
51.6752,0.4855,2.0945
51.6754,0.4871,2.0983
51.6756,0.5396,2.3278
51.6758,0.509,2.1959
51.6760,0.4853,2.0934
51.6762,0.4805,2.0699
51.6764,0.4922,2.1234
51.6766,0.4957,2.1374
51.6768,0.4958,2.139
51.6770,0.4909,2.1158
51.6772,0.5182,2.2326
51.6774,0.5789,2.4928
51.6776,0.6115,2.6357
51.6778,0.5163,2.2253
51.6780,0.4901,2.1131
51.6782,0.4796,2.0691
51.6784,0.4807,2.0719
51.6786,0.4851,2.091
51.6788,0.5052,2.1793
51.6790,0.4919,2.1189
51.6792,0.5264,2.2666
51.6794,0.6323,2.72
51.6796,0.7182,3.0798
51.6798,0.8123,3.4878
51.6800,0.7531,3.234
51.6802,0.7655,3.287
51.6804,0.732,3.1419
51.6806,0.7503,3.2246
51.6808,0.7138,3.0665
51.6810,0.7768,3.337
51.6812,0.792,3.396
51.6814,0.8513,3.6437
51.6816,0.9657,4.1353
51.6818,0.9661,4.1387
51.6820,0.9009,3.8647
51.6822,0.8193,3.5182
51.6824,0.8257,3.5455
51.6826,0.8379,3.5997
51.6828,0.8123,3.4862
51.6830,0.85,3.6432
51.6832,0.9136,3.9119
51.6834,0.9693,4.1526
51.6836,0.9687,4.152
51.6838,0.9617,4.1274
51.6840,0.9312,3.9911
51.6842,0.966,4.1363
51.6844,0.9715,4.1619
51.6846,1.0177,4.3596
51.6848,1.0653,4.555
51.6850,1.1386,4.8665
51.6852,1.0982,4.6982
51.6854,1.0867,4.6577
51.6856,0.9943,4.2595
51.6858,0.9828,4.2141
51.6860,0.9435,4.0497
51.6862,0.8776,3.7684
51.6864,0.8716,3.7357
51.6866,0.9025,3.8755
51.6868,0.8769,3.7653
51.6870,0.8912,3.8266
51.6872,0.9028,3.8729
51.6874,0.9084,3.8989
51.6876,0.9425,4.0394
51.6878,0.9919,4.2492
51.6880,0.9271,3.9829
51.6882,0.7519,3.2363
51.6884,0.7244,3.1205
51.6886,0.6748,2.9059
51.6888,0.6971,2.9991
51.6890,0.7385,3.1712
51.6892,0.7631,3.2843
51.6894,0.7263,3.123
51.6896,0.7407,3.1863
51.6898,0.7489,3.2204
51.6900,0.75,3.2281
51.6902,0.7426,3.1931
51.6904,0.8235,3.5329
51.6906,0.9081,3.8974
51.6908,0.8458,3.6337
51.6910,0.785,3.3741
51.6912,0.7943,3.4106
51.6914,0.8756,3.7632
51.6916,0.7762,3.3406
51.6918,0.6751,2.9109
51.6920,0.6019,2.5967
51.6922,0.5796,2.4971
51.6924,0.5765,2.4848
51.6926,0.5804,2.5025
51.6928,0.6104,2.631
51.6930,0.6974,2.9973
51.6932,0.734,3.1633
51.6934,0.6209,2.6772
51.6936,0.5839,2.518
51.6938,0.5771,2.4874
51.6940,0.577,2.4868
51.6942,0.5675,2.4517
51.6944,0.4975,2.1492
51.6946,0.4877,2.1047
51.6948,0.5116,2.2093
51.6950,0.509,2.1959
51.6952,0.5074,2.1901
51.6954,0.5094,2.1974
51.6956,0.51,2.1959
51.6958,0.5718,2.4623
51.6960,0.6488,2.7925
51.6962,0.7045,3.0306
51.6964,0.7188,3.0925
51.6966,0.7209,3.1012
51.6968,0.6664,2.871
51.6970,0.627,2.7011
51.6972,0.6242,2.6892
51.6974,0.6389,2.7484
51.6976,0.694,2.9801
51.6978,0.7615,3.2731
51.6980,0.7624,3.2797
51.6982,0.7012,3.0194
51.6984,0.6163,2.6564
51.6986,0.6097,2.6291
51.6988,0.6018,2.5914
51.6990,0.6054,2.6093
51.6992,0.6035,2.5998
51.6994,0.6051,2.6066
51.6996,0.6205,2.6695
51.6998,0.7283,3.1332
51.7000,0.7733,3.3267
51.7002,0.7617,3.2797
51.7004,0.6281,2.707
51.7006,0.5981,2.5778
51.7008,0.5973,2.5742
51.7010,0.6284,2.7048
51.7012,0.7393,3.1792
51.7014,0.7931,3.4118
51.7016,0.724,3.1161
51.7018,0.6976,3.0053
51.7020,0.6432,2.7734
51.7022,0.5528,2.3836
51.7024,0.5634,2.4284
51.7026,0.5438,2.3459
51.7028,0.5383,2.3188
51.7030,0.6763,2.9107
51.7032,0.685,2.9525
51.7034,0.5491,2.3675
51.7036,0.5814,2.5036
51.7038,0.6656,2.8621
51.7040,0.7405,3.1829
51.7042,0.8037,3.4529
51.7044,0.7519,3.2363
51.7046,0.7119,3.0611
51.7048,0.7685,3.3014
51.7050,0.7525,3.2359
51.7052,0.7319,3.1502
51.7054,0.7027,3.0214
51.7056,0.7241,3.1152
51.7058,0.6399,2.7582
51.7060,0.5597,2.4113
51.7062,0.5875,2.5276
51.7064,0.7161,3.082
51.7066,0.7379,3.1701
51.7068,0.807,3.4652
51.7070,0.8525,3.6574
51.7072,0.8872,3.8096
51.7074,0.86,3.6944
51.7076,0.7385,3.1771
51.7078,0.7506,3.2277
51.7080,0.7681,3.3014
51.7082,0.7702,3.3086
51.7084,0.7607,3.2771
51.7086,0.6265,2.7003
51.7088,0.5854,2.5207
51.7090,0.5784,2.4919
51.7092,0.586,2.5256
51.7094,0.5843,2.5172
51.7096,0.5849,2.5221
51.7098,0.5837,2.5158
51.7100,0.5861,2.5261
51.7102,0.5863,2.5248
51.7104,0.5837,2.5181
51.7106,0.5036,2.1746
51.7108,0.4844,2.0917
51.7110,0.4839,2.0877
51.7112,0.4856,2.094
51.7114,0.5282,2.2765
51.7116,0.559,2.4127
51.7118,0.4946,2.1328
51.7120,0.4951,2.1358
51.7122,0.5012,2.1582
51.7124,0.6229,2.6798
51.7126,0.7022,3.018
51.7128,0.8043,3.457
51.7130,0.7822,3.3648
51.7132,0.6655,2.8669
51.7134,0.681,2.9295
51.7136,0.7144,3.0691
51.7138,0.7787,3.3436
51.7140,0.7856,3.3735
51.7142,0.7952,3.4131
51.7144,0.7988,3.4349
51.7146,0.6986,3.0081
51.7148,0.7093,3.0484
51.7150,0.8042,3.4533
51.7152,0.8233,3.5352
51.7154,0.8238,3.5389
51.7156,0.8181,3.5147
51.7158,0.8212,3.5248
51.7160,0.8934,3.8274
51.7162,0.9621,4.1295
51.7164,0.9441,4.0447
51.7166,1.048,4.4875
51.7168,1.0611,4.5392
51.7170,1.0937,4.6787
51.7172,1.0545,4.5152
51.7174,1.0388,4.45
51.7176,1.0389,4.4485
51.7178,1.0625,4.5475
51.7180,1.1097,4.7453
51.7182,1.1534,4.9319
51.7184,1.1392,4.8805
51.7186,0.9587,4.1222
51.7188,0.7694,3.3117
51.7190,0.7149,3.0797
51.7192,0.712,3.0688
51.7194,0.707,3.0442
51.7196,0.7154,3.0746
51.7198,0.7813,3.3597
51.7200,0.7895,3.3979
51.7202,0.7441,3.1998
51.7204,0.8016,3.442
51.7206,0.8061,3.4664
51.7208,0.7354,3.1637
51.7210,0.7587,3.2668
51.7212,0.7011,3.0189
51.7214,0.689,2.964
51.7216,0.6783,2.9263
51.7218,0.6345,2.7324
51.7220,0.6905,2.9721
51.7222,0.7006,3.0169
51.7224,0.7546,3.2507
51.7226,0.6498,2.8044
51.7228,0.5097,2.201
51.7230,0.5578,2.4053
51.7232,0.6546,2.8173
51.7234,0.6328,2.7297
51.7236,0.5362,2.3111
51.7238,0.569,2.4499
51.7240,0.631,2.7181
51.7242,0.6811,2.9327
51.7244,0.6971,3.0005
51.7246,0.7019,3.0183
51.7248,0.7639,3.288
51.7250,0.726,3.1249
51.7252,0.6992,3.0065
51.7254,0.7395,3.1797
51.7256,0.7299,3.1428
51.7258,0.6757,2.9122
51.7260,0.6554,2.8248
51.7262,0.669,2.8779
51.7264,0.7338,3.154
51.7266,0.7537,3.2471
51.7268,0.6519,2.8085
51.7270,0.6752,2.906
51.7272,0.6787,2.9197
51.7274,0.7328,3.1538
51.7276,0.7101,3.0576
51.7278,0.7103,3.0587
51.7280,0.7168,3.0851
51.7282,0.7844,3.3731
51.7284,0.822,3.5279
51.7286,0.8688,3.736
51.7288,0.6842,2.9516
51.7290,0.6288,2.7088
51.7292,0.6877,2.9625
51.7294,0.6457,2.783
51.7296,0.6583,2.832
51.7298,0.7968,3.4278
51.7300,0.7236,3.1131
51.7302,0.6768,2.9128
51.7304,0.7313,3.1417
51.7306,0.8537,3.6677
51.7308,0.8796,3.786
51.7310,0.7741,3.3272
51.7312,0.7588,3.2673
51.7314,0.6852,2.9503
51.7316,0.7322,3.1483
51.7318,0.7735,3.3323
51.7320,0.6531,2.8163
51.7322,0.6351,2.7375
51.7324,0.6369,2.744
51.7326,0.6534,2.8147
51.7328,0.673,2.8968
51.7330,0.7101,3.0562
51.7332,0.7093,3.0498
51.7334,0.7037,3.0303
51.7336,0.6668,2.8739
51.7338,0.65,2.8042
51.7340,0.6233,2.6851
51.7342,0.6529,2.814
51.7344,0.627,2.7011
51.7346,0.6733,2.9005
51.7348,0.6469,2.7881
51.7350,0.6369,2.7414
51.7352,0.6314,2.7202
51.7354,0.6516,2.8031
51.7356,0.6941,2.989
51.7358,0.6763,2.9093
51.7360,0.7943,3.409
51.7362,0.8571,3.6838
51.7364,0.7718,3.3236
51.7366,0.7336,3.1544
51.7368,0.7529,3.2329
51.7370,0.8103,3.4828
51.7372,0.8481,3.6452
51.7374,0.8699,3.7389
51.7376,0.7873,3.3839
51.7378,0.7808,3.3576
51.7380,0.7582,3.2662
51.7382,0.7214,3.1076
51.7384,0.6668,2.8699
51.7386,0.6904,2.9771
51.7388,0.6533,2.8116
51.7390,0.677,2.9138
51.7392,0.6754,2.9098
51.7394,0.6185,2.6607
51.7396,0.7536,3.2421
51.7398,0.7199,3.1029
51.7400,0.6257,2.6917
51.7402,0.6847,2.9468
51.7404,0.6997,3.0183
51.7406,0.5987,2.5828
51.7408,0.5843,2.5184
51.7410,0.5863,2.5272
51.7412,0.6523,2.8049
51.7414,0.6929,2.9797
51.7416,0.7294,3.1349
51.7418,0.7801,3.3561
51.7420,0.7088,3.0506
51.7422,0.7174,3.0891
51.7424,0.6639,2.8602
51.7426,0.6125,2.641
51.7428,0.6003,2.5859
51.7430,0.6708,2.887
51.7432,0.6929,2.981
51.7434,0.6988,3.0077
51.7436,0.7739,3.3308
51.7438,0.7679,3.3019
51.7440,0.7717,3.3138
51.7442,0.7903,3.3952
51.7444,0.7971,3.4245
51.7446,0.8005,3.4422
51.7448,0.7525,3.2359
51.7450,0.7558,3.2498
51.7452,0.7567,3.2555
51.7454,0.7667,3.2937
51.7456,0.7959,3.4226
51.7458,0.809,3.4804
51.7460,0.7911,3.3988
51.7462,0.8064,3.461
51.7464,0.8517,3.6521
51.7466,0.9226,3.9597
51.7468,0.9012,3.868
51.7470,0.9024,3.875
51.7472,0.8995,3.859
51.7474,0.9295,3.9914
51.7476,0.9091,3.902
51.7478,0.9121,3.9167
51.7480,0.8834,3.7931
51.7482,0.894,3.8372
51.7484,0.9516,4.0842
51.7486,0.9805,4.2043
51.7488,1.0203,4.373
51.7490,1.0585,4.5306
51.7492,1.1491,4.9134
51.7494,1.1549,4.9409
51.7496,1.1516,4.9242
51.7498,1.1801,5.0509
51.7500,1.1642,4.9827
51.7502,1.1608,4.973
51.7504,1.0999,4.7142
51.7506,1.1222,4.8053
51.7508,1.1407,4.8798
51.7510,1.1179,4.7846
51.7512,1.1769,5.03
51.7514,1.1942,5.1086
51.7516,1.1461,4.9212
51.7518,0.9615,4.1365
51.7520,0.8469,3.6383
51.7522,0.863,3.7091
51.7524,0.8927,3.8369
51.7526,0.9075,3.9039
51.7528,0.8612,3.6996
51.7530,0.9136,3.9229
51.7532,0.9347,4.0191
51.7534,0.8569,3.6845
51.7536,0.8757,3.7602
51.7538,0.9117,3.9165
51.7540,0.9317,4.0044
51.7542,0.9017,3.8719
51.7544,0.9301,3.9939
51.7546,0.931,4.0013
51.7548,0.8828,3.7994
51.7550,0.8289,3.5627
51.7552,0.9099,3.9106
51.7554,0.8623,3.7094
51.7556,0.8432,3.6324
51.7558,0.7534,3.244
51.7560,0.7732,3.3261
51.7562,0.8311,3.5753
51.7564,0.8553,3.6795
51.7566,0.8632,3.7118
51.7568,0.8802,3.7833
51.7570,0.8426,3.6231
51.7572,0.8447,3.6273
51.7574,0.9834,4.2147
51.7576,1.0607,4.5483
51.7578,1.0697,4.5911
51.7580,1.045,4.483
51.7582,1.037,4.4506
51.7584,0.9836,4.2196
51.7586,0.9753,4.19
51.7588,0.9513,4.087
51.7590,0.9945,4.2724
51.7592,0.9127,3.9248
51.7594,0.8841,3.8015
51.7596,0.9354,4.0222
51.7598,0.97,4.1654
51.7600,0.9733,4.1735
51.7602,1.0289,4.4059
51.7604,1.077,4.6204
51.7606,1.0419,4.4717
51.7608,1.0331,4.4424
51.7610,0.9516,4.088
51.7612,0.9766,4.1937
51.7614,0.9702,4.164
51.7616,0.9661,4.1484
51.7618,0.9659,4.1512
51.7620,0.9185,3.9513
51.7622,0.8789,3.7811
51.7624,0.8849,3.8051
51.7626,0.9654,4.1492
51.7628,0.888,3.8168
51.7630,0.945,4.0597
51.7632,0.9318,4.003
51.7634,0.9124,3.9159
51.7636,1.0165,4.3606
51.7638,1.0124,4.3492
51.7640,1.01,4.3348
51.7642,1.0576,4.537
51.7644,1.0542,4.5268
51.7646,1.0024,4.2984
51.7648,1.0853,4.6602
51.7650,1.0023,4.3139
51.7652,0.8623,3.7111
51.7654,0.8573,3.69
51.7656,0.9065,3.8979
51.7658,0.9513,4.087
51.7660,0.9738,4.1814
51.7662,0.9914,4.2551
51.7664,1.0862,4.6534
51.7666,1.1605,4.9691
51.7668,1.1487,4.9211
51.7670,1.1338,4.8733
51.7672,0.9801,4.2184
51.7674,0.9034,3.8827
51.7676,0.9049,3.8912
51.7678,0.923,3.9691
51.7680,0.9209,3.958
51.7682,0.9217,3.9708
51.7684,0.8572,3.6843
51.7686,0.9253,3.9826
51.7688,0.8587,3.6957
51.7690,0.7928,3.4171
51.7692,0.7558,3.2544
51.7694,0.7687,3.3086
51.7696,0.8006,3.4427
51.7698,0.977,4.1992
51.7700,0.9728,4.185
51.7702,0.6684,2.882
51.7704,0.7371,3.1797
51.7706,0.7245,3.1254
51.7708,0.6252,2.7021
51.7710,0.6172,2.6649
51.7712,0.5994,2.5883
51.7714,0.5831,2.5202
51.7716,0.5933,2.5642
51.7718,0.6029,2.6033
51.7720,0.5799,2.5039
51.7722,0.5821,2.516
51.7724,0.6005,2.5893
51.7726,0.7157,3.0805
51.7728,0.8521,3.6639
51.7730,0.8498,3.6626
51.7732,0.7555,3.2564
51.7734,0.7419,3.2004
51.7736,0.7435,3.1987
51.7738,0.8552,3.6841
51.7740,0.7066,3.0497
51.7742,0.6254,2.7006
51.7744,0.617,2.6632
51.7746,0.6167,2.6616
51.7748,0.6151,2.6561
51.7750,0.6167,2.6641
51.7752,0.6206,2.6787
51.7754,0.616,2.6585
51.7756,0.6134,2.6489
51.7758,0.6084,2.6247
51.7760,0.6277,2.7042
51.7762,0.7603,3.2755
51.7764,0.7439,3.2077
51.7766,0.6784,2.9281
51.7768,0.6139,2.6509
51.7770,0.6068,2.6216
51.7772,0.6075,2.623
51.7774,0.5973,2.5766
51.7776,0.6096,2.6286
51.7778,0.6856,2.9564
51.7780,0.6717,2.8965
51.7782,0.6909,2.975
51.7784,0.7393,3.1881
51.7786,0.6823,2.9379
51.7788,0.7328,3.1538
51.7790,0.7819,3.3638
51.7792,0.8131,3.4963
51.7794,0.8606,3.7005
51.7796,0.8318,3.5767
51.7798,0.8831,3.8009
51.7800,0.8655,3.7216
51.7802,0.8951,3.849
51.7804,0.8179,3.5153
51.7806,0.9076,3.899
51.7808,0.9079,3.9041
51.7810,0.8728,3.7426
51.7812,1.037,4.4506
51.7814,1.0299,4.4223
51.7816,1.0275,4.4059
51.7818,1.0595,4.5389
51.7820,1.0419,4.4696
51.7822,1.0283,4.4115
51.7824,1.056,4.5303
51.7826,1.0193,4.3729
51.7828,1.0542,4.5268
51.7830,1.1033,4.7286
51.7832,1.1301,4.8369
51.7834,1.2463,5.3342
51.7836,1.2093,5.1805
51.7838,1.1689,5.0027
51.7840,1.1946,5.1178
51.7842,1.1752,5.0323
51.7844,1.228,5.2606
51.7846,1.1882,5.0972
51.7848,1.0559,4.5425
51.7850,0.9047,3.8884
51.7852,0.8542,3.6783
51.7854,0.8522,3.6712
51.7856,0.8031,3.4583
51.7858,0.8073,3.4764
51.7860,0.8733,3.7551
51.7862,0.9583,4.1168
51.7864,0.9359,4.0261
51.7866,0.8416,3.6224
51.7868,0.7911,3.4083
51.7870,0.8305,3.576
51.7872,0.8109,3.4935
51.7874,0.7862,3.3887
51.7876,0.764,3.2931
51.7878,0.7457,3.2155
51.7880,0.7229,3.11
51.7882,0.8304,3.5739
51.7884,0.8415,3.6235
51.7886,0.8346,3.5936
51.7888,0.8465,3.6469
51.7890,0.7696,3.3168
51.7892,0.6704,2.8975
51.7894,0.5838,2.5186
51.7896,0.6905,2.9735
51.7898,0.7535,3.2446
51.7900,0.7233,3.1173
51.7902,0.6819,2.9445
51.7904,0.6282,2.7138
51.7906,0.6602,2.8481
51.7908,0.6787,2.9278
51.7910,0.6643,2.8644
51.7912,0.6813,2.9433
51.7914,0.58,2.5044
51.7916,0.5884,2.5383
51.7918,0.6323,2.7289
51.7920,0.6054,2.6166
51.7922,0.6088,2.6274
51.7924,0.5821,2.5137
51.7926,0.5522,2.3832
51.7928,0.6587,2.8388
51.7930,0.6728,2.9025
51.7932,0.5873,2.536
51.7934,0.5539,2.3926
51.7936,0.5644,2.436
51.7938,0.5564,2.4069
51.7940,0.4582,1.982
51.7942,0.4703,2.0316
51.7944,0.491,2.1202
51.7946,0.5133,2.2196
51.7948,0.4916,2.1248
51.7950,0.4914,2.1198
51.7952,0.5664,2.4459
51.7954,0.5925,2.5571
51.7956,0.5922,2.556
51.7958,0.5956,2.5693
51.7960,0.5989,2.5826
51.7962,0.6104,2.6335
51.7964,0.6085,2.6228
51.7966,0.6097,2.6304
51.7968,0.6035,2.6035
51.7970,0.609,2.6273
51.7972,0.6203,2.6734
51.7974,0.685,2.9484
51.7976,0.785,3.3772
51.7978,0.8256,3.5433
51.7980,0.8605,3.7017
51.7982,0.7322,3.157
51.7984,0.6437,2.778
51.7986,0.6633,2.8589
51.7988,0.6485,2.7974
51.7990,0.6215,2.6811
51.7992,0.6221,2.6812
51.7994,0.6673,2.8747
51.7996,0.6956,2.998
51.7998,0.6194,2.6723
51.8000,0.6072,2.6195
51.8002,0.6133,2.6447
51.8004,0.6521,2.8051
51.8006,0.7873,3.3933
51.8008,0.7154,3.0832
51.8010,0.6464,2.7861
51.8012,0.6638,2.861
51.8014,0.6474,2.7889
51.8016,0.6332,2.7305
51.8018,0.5893,2.5413
51.8020,0.6602,2.8481
51.8022,0.6463,2.7856
51.8024,0.6493,2.7959
51.8026,0.6435,2.7724
51.8028,0.7049,3.034
51.8030,0.7015,3.0275
51.8032,0.5685,2.4536
51.8034,0.568,2.4469
51.8036,0.6718,2.8916
51.8038,0.772,3.3225
51.8040,0.7831,3.369
51.8042,0.75,3.2311
51.8044,0.704,3.0313
51.8046,0.6991,3.0115
51.8048,0.6698,2.8842
51.8050,0.6866,2.9592
51.8052,0.6127,2.6445
51.8054,0.5802,2.502
51.8056,0.6298,2.713
51.8058,0.6949,2.9907
51.8060,0.7428,3.1956
51.8062,0.783,3.3606
51.8064,0.8503,3.6561
51.8066,0.8132,3.5001
51.8068,0.7764,3.3432
51.8070,0.7313,3.1461
51.8072,0.7356,3.1676
51.8074,0.7403,3.1848
51.8076,0.7981,3.435
51.8078,0.7422,3.2005
51.8080,0.6325,2.7249
51.8082,0.6269,2.6993
51.8084,0.6479,2.7975
51.8086,0.5333,2.3009
51.8088,0.5787,2.4964
51.8090,0.5193,2.2414
51.8092,0.5076,2.1927
51.8094,0.507,2.1891
51.8096,0.5094,2.1974
51.8098,0.5083,2.1938
51.8100,0.5009,2.1627
51.8102,0.4921,2.1269
51.8104,0.4907,2.1206
51.8106,0.4904,2.1176
51.8108,0.4925,2.1255
51.8110,0.4965,2.143
51.8112,0.5017,2.1643
51.8114,0.5301,2.2848
51.8116,0.5777,2.4911
51.8118,0.6061,2.6136
51.8120,0.6066,2.6121
51.8122,0.628,2.704
51.8124,0.6017,2.5945
51.8126,0.5879,2.5315
51.8128,0.6693,2.8781
51.8130,0.7312,3.1485
51.8132,0.7134,3.0721
51.8134,0.7244,3.1162
51.8136,0.7354,3.1607
51.8138,0.7807,3.3571
51.8140,0.7992,3.4365
51.8142,0.8181,3.5163
51.8144,0.815,3.4996
51.8146,0.8392,3.6037
51.8148,0.8486,3.6421
51.8150,0.8807,3.78
51.8152,0.8799,3.78
51.8154,0.8426,3.6214
51.8156,0.8366,3.5923
51.8158,0.8276,3.5537
51.8160,0.8523,3.6632
51.8162,0.8264,3.5502
51.8164,0.8688,3.7326
51.8166,0.9439,4.0456
51.8168,0.984,4.2212
51.8170,0.9849,4.2253
51.8172,0.9894,4.2404
51.8174,0.972,4.1697
51.8176,0.9172,3.9365
51.8178,0.9292,3.9842
51.8180,0.9187,3.9432
51.8182,0.9011,3.8765
51.8184,0.7721,3.3246
51.8186,0.7301,3.1439
51.8188,0.712,3.0602
51.8190,0.8091,3.4793
51.8192,0.6903,2.9738
51.8194,0.735,3.1592
51.8196,0.7804,3.3571
51.8198,0.7392,3.1861
51.8200,0.7078,3.0478
51.8202,0.7398,3.1798
51.8204,0.8197,3.5246
51.8206,0.7847,3.3725
51.8208,0.7928,3.4107
51.8210,0.7676,3.3055
51.8212,0.7021,3.0217
51.8214,0.6814,2.9342
51.8216,0.7127,3.0704
51.8218,0.7238,3.1093
51.8220,0.7702,3.3132
51.8222,0.7711,3.3158
51.8224,0.7533,3.2405
51.8226,0.756,3.2554
51.8228,0.7482,3.2188
51.8230,0.7313,3.1476
51.8232,0.7184,3.0976
51.8234,0.6522,2.8122
51.8236,0.6547,2.8178
51.8238,0.676,2.9083
51.8240,0.6795,2.926
51.8242,0.6764,2.9166
51.8244,0.691,2.9728
51.8246,0.7515,3.2328
51.8248,0.7583,3.2667
51.8250,0.7253,3.1247
51.8252,0.6637,2.8592
51.8254,0.6553,2.8243
51.8256,0.6589,2.8385
51.8258,0.6998,3.0104
51.8260,0.7449,3.2104
51.8262,0.6414,2.7682
51.8264,0.5613,2.4214
51.8266,0.5602,2.4156
51.8268,0.5705,2.4601
51.8270,0.5939,2.5597
51.8272,0.6489,2.7956
51.8274,0.667,2.875
51.8276,0.6486,2.7941
51.8278,0.6699,2.8807
51.8280,0.7389,3.186
51.8282,0.6012,2.5948
51.8284,0.5432,2.3433
51.8286,0.5465,2.3578
51.8288,0.5439,2.3453
51.8290,0.583,2.5115
51.8292,0.6387,2.7517
51.8294,0.6329,2.7289
51.8296,0.5726,2.4712
51.8298,0.5374,2.3206
51.8300,0.5401,2.3298
51.8302,0.5269,2.2719
51.8304,0.5224,2.2527
51.8306,0.5227,2.2538
51.8308,0.5246,2.262
51.8310,0.5314,2.2926
51.8312,0.5296,2.2869
51.8314,0.5274,2.275
51.8316,0.525,2.2657
51.8318,0.5254,2.2678
51.8320,0.5284,2.2797
51.8322,0.5262,2.2688
51.8324,0.5282,2.2765
51.8326,0.5956,2.5658
51.8328,0.6597,2.8434
51.8330,0.6446,2.7783
51.8332,0.5595,2.4136
51.8334,0.5344,2.3066
51.8336,0.5312,2.2926
51.8338,0.5318,2.2931
51.8340,0.5349,2.3054
51.8342,0.5329,2.2977
51.8344,0.5317,2.2957
51.8346,0.5615,2.4224
51.8348,0.5342,2.3034
51.8350,0.5295,2.2854
51.8352,0.5271,2.274
51.8354,0.5264,2.2677
51.8356,0.522,2.2517
51.8358,0.5501,2.3667
51.8360,0.6636,2.8573
51.8362,0.6132,2.6454
51.8364,0.5341,2.304
51.8366,0.526,2.2662
51.8368,0.5745,2.4725
51.8370,0.6488,2.7912
51.8372,0.6638,2.8583
51.8374,0.6278,2.7009
51.8376,0.6208,2.6767
51.8378,0.5371,2.3147
51.8380,0.5419,2.3376
51.8382,0.5341,2.304
51.8384,0.5149,2.2212
51.8386,0.5173,2.2305
51.8388,0.5339,2.3002
51.8390,0.6012,2.59
51.8392,0.6144,2.6444
51.8394,0.6432,2.7708
51.8396,0.6045,2.604
51.8398,0.6206,2.6712
51.8400,0.635,2.737
51.8402,0.5956,2.5634
51.8404,0.6615,2.8472
51.8406,0.7022,3.0236
51.8408,0.6118,2.6343
51.8410,0.5869,2.5297
51.8412,0.5706,2.4606
51.8414,0.5624,2.4215
51.8416,0.604,2.6007
51.8418,0.6254,2.6919
51.8420,0.6356,2.7345
51.8422,0.6341,2.7328
51.8424,0.5861,2.5249
51.8426,0.5398,2.3288
51.8428,0.4742,2.0439
51.8430,0.5553,2.3911
51.8432,0.6006,2.5911
51.8434,0.5178,2.2336
51.8436,0.485,2.0905
51.8438,0.5118,2.2067
51.8440,0.5559,2.3981
51.8442,0.5217,2.2496
51.8444,0.5692,2.4532
51.8446,0.5573,2.4021
51.8448,0.5831,2.5132
51.8450,0.569,2.4522
51.8452,0.5259,2.2688
51.8454,0.5186,2.2362
51.8456,0.5491,2.3631
51.8458,0.5879,2.5292
51.8460,0.6754,2.9057
51.8462,0.684,2.941
51.8464,0.6884,2.9614
51.8466,0.7127,3.0576
51.8468,0.842,3.6121
51.8470,0.8341,3.5848
51.8472,0.7883,3.3848
51.8474,0.8229,3.5287
51.8476,0.8307,3.5654
51.8478,0.8585,3.6814
51.8480,0.9481,4.0674
51.8482,0.9115,3.9105
51.8484,0.9184,3.938
51.8486,0.9554,4.093
51.8488,0.9828,4.2101
51.8490,0.9421,4.0435
51.8492,0.8852,3.7991
51.8494,0.8931,3.8313
51.8496,0.9186,3.9427
51.8498,0.9355,4.0134
51.8500,0.9114,3.9118
51.8502,0.8588,3.6841
51.8504,0.8772,3.7634
51.8506,0.839,3.6026
51.8508,0.7977,3.4287
51.8510,0.8523,3.6581
51.8512,0.881,3.7828
51.8514,0.8405,3.6127
51.8516,0.8455,3.6287
51.8518,0.8748,3.7513
51.8520,0.912,3.9125
51.8522,0.9015,3.8763
51.8524,0.7645,3.2844
51.8526,0.783,3.3669
51.8528,0.7477,3.2183
51.8530,0.6914,2.9785
51.8532,0.6824,2.9384
51.8534,0.642,2.7644
51.8536,0.6396,2.7528
51.8538,0.6228,2.683
51.8540,0.6339,2.7285
51.8542,0.701,3.017
51.8544,0.7034,3.0287
51.8546,0.6415,2.7636
51.8548,0.6807,2.9284
51.8550,0.7417,3.1925
51.8552,0.6715,2.89
51.8554,0.725,3.113
51.8556,0.8215,3.534
51.8558,0.7515,3.2343
51.8560,0.7,3.0129
51.8562,0.7391,3.1782
51.8564,0.7542,3.2416
51.8566,0.7704,3.3143
51.8568,0.7645,3.2859
51.8570,0.7595,3.2613
51.8572,0.8176,3.5175
51.8574,0.7191,3.1021
51.8576,0.5932,2.5566
51.8578,0.6427,2.7649
51.8580,0.686,2.9552
51.8582,0.601,2.5926
51.8584,0.5814,2.5048
51.8586,0.6347,2.7303
51.8588,0.6507,2.8034
51.8590,0.6449,2.7794
51.8592,0.6549,2.8201
51.8594,0.7246,3.1143
51.8596,0.8035,3.4583
51.8598,0.7378,3.1754
51.8600,0.7389,3.1771
51.8602,0.7205,3.0968
51.8604,0.7264,3.125
51.8606,0.7094,3.056
51.8608,0.6395,2.7561
51.8610,0.6027,2.5974
51.8612,0.5703,2.4625
51.8614,0.5644,2.4292
51.8616,0.632,2.7203
51.8618,0.6681,2.8769
51.8620,0.6878,2.9589
51.8622,0.7185,3.088
51.8624,0.7565,3.2499
51.8626,0.8446,3.6302
51.8628,0.791,3.4014
51.8630,0.7794,3.3483
51.8632,0.7645,3.289
51.8634,0.7643,3.2849
51.8636,0.7572,3.253
51.8638,0.7714,3.3153
51.8640,0.869,3.7331
51.8642,0.8384,3.6001
51.8644,0.806,3.4659
51.8646,0.7565,3.2544
51.8648,0.7601,3.2684
51.8650,0.781,3.3581
51.8652,0.7956,3.421
51.8654,0.7575,3.2571
51.8656,0.7452,3.2089
51.8658,0.7535,3.24
51.8660,0.795,3.4184
51.8662,0.776,3.3354
51.8664,0.8185,3.5129
51.8666,0.8542,3.6731
51.8668,0.7366,3.1673
51.8670,0.7335,3.1525
51.8672,0.7776,3.3437
51.8674,0.8182,3.5201
51.8676,0.6832,2.9434
51.8678,0.6161,2.6541
51.8680,0.6456,2.7837
51.8682,0.5266,2.274
51.8684,0.4875,2.1023
51.8686,0.5396,2.3278
51.8688,0.4896,2.115
51.8690,0.4833,2.0852
51.8692,0.5618,2.4201
51.8694,0.5489,2.3703
51.8696,0.4899,2.1156
51.8698,0.4839,2.0877
51.8700,0.4899,2.1107
51.8702,0.5875,2.5323
51.8704,0.6092,2.6271
51.8706,0.6205,2.6732
51.8708,0.6104,2.631
51.8710,0.5469,2.3615
51.8712,0.4753,2.0533
51.8714,0.4651,2.0093
51.8716,0.4676,2.0193
51.8718,0.4818,2.0765
51.8720,0.568,2.4458
51.8722,0.5558,2.3976
51.8724,0.5387,2.3241
51.8726,0.5403,2.3276
51.8728,0.622,2.6769
51.8730,0.66,2.8445
51.8732,0.6018,2.5938
51.8734,0.6109,2.6307
51.8736,0.5949,2.5615
51.8738,0.5848,2.5193
51.8740,0.6222,2.6767
51.8742,0.6704,2.8894
51.8744,0.6065,2.6115
51.8746,0.6173,2.6593
51.8748,0.5977,2.5751
51.8750,0.5943,2.5601
51.8752,0.5808,2.5022
51.8754,0.5849,2.5198
51.8756,0.6301,2.712
51.8758,0.6782,2.923
51.8760,0.5524,2.382
51.8762,0.489,2.1095
51.8764,0.4784,2.0649
51.8766,0.4793,2.0685
51.8768,0.4837,2.0857
51.8770,0.4827,2.0835
51.8772,0.4812,2.0778
51.8774,0.4843,2.0893
51.8776,0.486,2.0946
51.8778,0.486,2.0965
51.8780,0.5164,2.2259
51.8782,0.5595,2.4092
51.8784,0.5905,2.5429
51.8786,0.5703,2.4556
51.8788,0.5678,2.4459
51.8790,0.5778,2.4893
51.8792,0.666,2.861
51.8794,0.7561,3.2499
51.8796,0.6949,2.9865
51.8798,0.7022,3.018
51.8800,0.7307,3.1406
51.8802,0.7362,3.1628
51.8804,0.7818,3.3586
51.8806,0.7795,3.3488
51.8808,0.8066,3.4636
51.8810,0.8788,3.7683
51.8812,0.9597,4.1115
51.8814,0.9656,4.1367
51.8816,0.9256,3.9744
51.8818,0.8335,3.5773
51.8820,0.8483,3.6394
51.8822,0.9079,3.8987
51.8824,0.9045,3.8765
51.8826,0.9527,4.0793
51.8828,1.0082,4.315
51.8830,1.0644,4.5514
51.8832,1.1199,4.7933
51.8834,1.097,4.6953
51.8836,1.13,4.8319
51.8838,1.1613,4.9634
51.8840,1.139,4.8795
51.8842,1.0052,4.3102
51.8844,0.9409,4.0309
51.8846,0.9813,4.2059
51.8848,0.9729,4.17
51.8850,0.9632,4.1303
51.8852,0.9614,4.1245
51.8854,0.9427,4.0461
51.8856,0.9023,3.8763
51.8858,0.8648,3.7151
51.8860,0.8567,3.6788
51.8862,0.7946,3.4201
51.8864,0.7114,3.0619
51.8866,0.7648,3.2885
51.8868,0.8028,3.4536
51.8870,0.7759,3.3349
51.8872,0.8182,3.5168
51.8874,0.8629,3.7016
51.8876,0.9394,4.0317
51.8878,0.848,3.6463
51.8880,0.7139,3.0727
51.8882,0.7088,3.0506
51.8884,0.7185,3.0952
51.8886,0.6603,2.8447
51.8888,0.7054,3.0333
51.8890,0.7842,3.3689
51.8892,0.8087,3.4756
51.8894,0.7682,3.3035
51.8896,0.8102,3.4823
51.8898,0.8716,3.7427
51.8900,0.8918,3.8292
51.8902,0.7985,3.4414
51.8904,0.6335,2.7328
51.8906,0.644,2.7667
51.8908,0.8331,3.5791
51.8910,0.7853,3.3782
51.8912,0.7154,3.0761
51.8914,0.7505,3.2316
51.8916,0.7167,3.0846
51.8918,0.7298,3.1423
51.8920,0.6479,2.7936
51.8922,0.5788,2.4923
51.8924,0.6277,2.7042
51.8926,0.6742,2.9033
51.8928,0.6842,2.9434
51.8930,0.6799,2.9275
51.8932,0.6043,2.6071
51.8934,0.575,2.4804
51.8936,0.5676,2.4477
51.8938,0.6042,2.6029
51.8940,0.6519,2.8111
51.8942,0.5898,2.5433
51.8944,0.5636,2.429
51.8946,0.5589,2.4088
51.8948,0.6097,2.6304
51.8950,0.5805,2.503
51.8952,0.5866,2.527
51.8954,0.5873,2.5313
51.8956,0.6064,2.6135
51.8958,0.6423,2.7634
51.8960,0.7019,3.0211
51.8962,0.6242,2.693
51.8964,0.5341,2.3061
51.8966,0.522,2.2517
51.8968,0.5254,2.2667
51.8970,0.5268,2.2735
51.8972,0.526,2.2704
51.8974,0.5236,2.2579
51.8976,0.5215,2.2496
51.8978,0.5275,2.2755
51.8980,0.5456,2.3536
51.8982,0.5309,2.2926
51.8984,0.5217,2.2528
51.8986,0.5182,2.2367
51.8988,0.5241,2.26
51.8990,0.528,2.2755
51.8992,0.5345,2.3071
51.8994,0.5194,2.2409
51.8996,0.5235,2.2574
51.8998,0.5429,2.3401
51.9000,0.5441,2.3474
51.9002,0.5403,2.3309
51.9004,0.5483,2.3611
51.9006,0.6187,2.663
51.9008,0.6319,2.7223
51.9010,0.5597,2.4113
51.9012,0.6005,2.5845
51.9014,0.6652,2.8632
51.9016,0.674,2.9036
51.9018,0.6242,2.6917
51.9020,0.5511,2.3763
51.9022,0.5559,2.397
51.9024,0.6909,2.9737
51.9026,0.6793,2.9236
51.9028,0.6799,2.9235
51.9030,0.7128,3.0667
51.9032,0.7057,3.0385
51.9034,0.6878,2.9602
51.9036,0.6694,2.8799
51.9038,0.673,2.8954
51.9040,0.6908,2.969
51.9042,0.7507,3.2267
51.9044,0.772,3.321
51.9046,0.7826,3.3606
51.9048,0.8055,3.4622
51.9050,0.7527,3.2364
51.9052,0.7706,3.3091
51.9054,0.8794,3.7709
51.9056,0.9475,4.0648
51.9058,0.8649,3.7173
51.9060,0.785,3.3725
51.9062,0.8063,3.4653
51.9064,0.7268,3.128
51.9066,0.6892,2.9719
51.9068,0.5702,2.4574
51.9070,0.5764,2.4831
51.9072,0.6104,2.631
51.9074,0.5909,2.5456
51.9076,0.6363,2.7401
51.9078,0.5788,2.4946
51.9080,0.5342,2.3088
51.9082,0.4823,2.0824
51.9084,0.5479,2.3602
51.9086,0.5949,2.5638
51.9088,0.5838,2.514
51.9090,0.6188,2.6647
51.9092,0.604,2.6031
51.9094,0.5408,2.3329
51.9096,0.5012,2.1652
51.9098,0.4305,1.8588
51.9100,0.4152,1.7947
51.9102,0.4273,1.8461
51.9104,0.4511,1.9451
51.9106,0.5154,2.2222
51.9108,0.4993,2.1549
51.9110,0.5049,2.1783
51.9112,0.5353,2.3059
51.9114,0.5461,2.3535
51.9116,0.5384,2.3226
51.9118,0.5497,2.3712
51.9120,0.5853,2.5202
51.9122,0.5684,2.4474
51.9124,0.6281,2.6995
51.9126,0.6843,2.9453
51.9128,0.6414,2.7618
51.9130,0.6435,2.7659
51.9132,0.75,3.2221
51.9134,0.7868,3.3787
51.9136,0.8434,3.6183
51.9138,0.912,3.9107
51.9140,0.9111,3.9066
51.9142,0.8967,3.8485
51.9144,0.8499,3.6478
51.9146,0.8687,3.7286
51.9148,0.906,3.8904
51.9150,0.8825,3.786
51.9152,0.8906,3.8187
51.9154,0.9129,3.918
51.9156,0.9137,3.9216
51.9158,0.9137,3.9161
51.9160,0.9368,4.0134
51.9162,0.9744,4.1761
51.9164,0.9579,4.1076
51.9166,0.9953,4.2641
51.9168,1.0031,4.2975
51.9170,0.951,4.0797
51.9172,0.9348,4.0103
51.9174,0.9258,3.9698
51.9176,0.9254,3.9683
51.9178,0.9247,3.9726
51.9180,0.8581,3.6845
51.9182,0.892,3.8213
51.9184,0.9557,4.1036
51.9186,0.8585,3.6883
51.9188,0.8919,3.8226
51.9190,0.9379,4.0312
51.9192,0.8704,3.7375
51.9194,0.8573,3.6831
51.9196,0.8959,3.84
51.9198,0.92,3.9507
51.9200,0.8135,3.4946
51.9202,0.8344,3.5831
51.9204,0.8584,3.686
51.9206,0.8736,3.7532
51.9208,0.8373,3.6004
51.9210,0.81,3.4845
51.9212,0.7958,3.422
51.9214,0.8143,3.4949
51.9216,0.8943,3.84
51.9218,0.8581,3.6845
51.9220,0.8557,3.6776
51.9222,0.8391,3.6065
51.9224,0.8274,3.5543
51.9226,0.8449,3.6295
51.9228,0.8365,3.5952
51.9230,0.8687,3.7268
51.9232,0.9349,4.0089
51.9234,0.9053,3.8892
51.9236,0.8334,3.5834
51.9238,0.8302,3.57
51.9240,0.7977,3.4303
51.9242,0.8033,3.4524
51.9244,0.8953,3.8482
51.9246,0.8509,3.657
51.9248,0.8433,3.6195
51.9250,0.8995,3.8626
51.9252,0.9494,4.0749
51.9254,0.9549,4.1043
51.9256,0.92,3.9488
51.9258,0.936,4.0192
51.9260,0.8571,3.6821
51.9262,0.8259,3.5531
51.9264,0.8106,3.4855
51.9266,0.8106,3.4903
51.9268,0.7356,3.1676
51.9270,0.6962,3.0005
51.9272,0.6958,2.9976
51.9274,0.7082,3.0494
51.9276,0.6899,2.9709
51.9278,0.7048,3.0377
51.9280,0.669,2.8765
51.9282,0.7204,3.1049
51.9284,0.7085,3.0538
51.9286,0.6693,2.8821
51.9288,0.6691,2.8811
51.9290,0.6897,2.9699
51.9292,0.7426,3.1916
51.9294,0.7873,3.3823
51.9296,0.7896,3.3921
51.9298,0.8655,3.7147
51.9300,0.9461,4.0643
51.9302,0.9174,3.9449
51.9304,0.81,3.4877
51.9306,0.6733,2.8978
51.9308,0.7084,3.0518
51.9310,0.6477,2.7918
51.9312,0.6355,2.739
51.9314,0.6373,2.7455
51.9316,0.6288,2.7114
51.9318,0.6383,2.7496
51.9320,0.6754,2.9098
51.9322,0.6244,2.6922
51.9324,0.6246,2.6933
51.9326,0.6344,2.7331
51.9328,0.6198,2.6713
51.9330,0.6281,2.707
51.9332,0.6328,2.7284
51.9334,0.6341,2.7354
51.9336,0.5971,2.5749
51.9338,0.5968,2.5721
51.9340,0.5915,2.5506
51.9342,0.591,2.5532
51.9344,0.4883,2.1083
51.9346,0.4652,2.0098
51.9348,0.4622,1.9978
51.9350,0.4631,2.0005
51.9352,0.4621,1.9954
51.9354,0.4964,2.1425
51.9356,0.5203,2.2466
51.9358,0.4703,2.0297
51.9360,0.4971,2.1446
51.9362,0.5545,2.3908
51.9364,0.5578,2.4042
51.9366,0.5769,2.484
51.9368,0.6359,2.7419
51.9370,0.5777,2.4923
51.9372,0.5821,2.5067
51.9374,0.662,2.8559
51.9376,0.5343,2.3071
51.9378,0.5445,2.3435
51.9380,0.6113,2.6371
51.9382,0.5613,2.4214
51.9384,0.5416,2.3376
51.9386,0.5293,2.2833
51.9388,0.5126,2.2124
51.9390,0.5464,2.3551
51.9392,0.6283,2.703
51.9394,0.6493,2.7985
51.9396,0.5832,2.5137
51.9398,0.6096,2.6274
51.9400,0.5991,2.5819
51.9402,0.6104,2.6298
51.9404,0.6615,2.8485
51.9406,0.691,2.9728
51.9408,0.7176,3.083
51.9410,0.7126,3.0685
51.9412,0.6739,2.9044
51.9414,0.6118,2.6355
51.9416,0.6082,2.6212
51.9418,0.5178,2.2326
51.9420,0.5509,2.3742
51.9422,0.6275,2.7019
51.9424,0.6217,2.6784
51.9426,0.616,2.6499
51.9428,0.6878,2.9575
51.9430,0.7474,3.2197
51.9432,0.6577,2.8307
51.9434,0.6475,2.7868
51.9436,0.6534,2.8134
51.9438,0.6738,2.9012
51.9440,0.6621,2.8485
51.9442,0.636,2.7411
51.9444,0.5905,2.5452
51.9446,0.5957,2.5651
51.9448,0.6238,2.6884
51.9450,0.5886,2.537
51.9452,0.6186,2.6649
51.9454,0.642,2.7644
51.9456,0.6688,2.876
51.9458,0.714,3.0633
51.9460,0.8676,3.7239
51.9462,0.8346,3.5836
51.9464,0.8459,3.6325
51.9466,0.8635,3.7094
51.9468,0.8443,3.6236
51.9470,0.8848,3.7958
51.9472,0.9199,3.941
51.9474,0.9549,4.091
51.9476,0.9726,4.1684
51.9478,0.9835,4.2132
51.9480,0.9806,4.2127
51.9482,0.9161,3.93
51.9484,0.9552,4.0958
51.9486,0.9204,3.9504
51.9488,0.9263,3.9682
51.9490,0.9888,4.2398
51.9492,0.916,3.9368
51.9494,0.8198,3.5252
51.9496,0.8203,3.5239
51.9498,0.834,3.5843
51.9500,0.7818,3.3664
51.9502,0.7069,3.0423
51.9504,0.751,3.2277
51.9506,0.7931,3.4054
51.9508,0.8266,3.5512
51.9510,0.76,3.2755
51.9512,0.6684,2.8806
51.9514,0.6513,2.8073
51.9516,0.6067,2.6126
51.9518,0.661,2.8452
51.9520,0.7053,3.0356
51.9522,0.7034,3.0273
51.9524,0.6778,2.9174
51.9526,0.7093,3.0512
51.9528,0.711,3.0589
51.9530,0.7125,3.068
51.9532,0.6872,2.959
51.9534,0.7033,3.024
51.9536,0.7658,3.2916
51.9538,0.7253,3.1232
51.9540,0.6215,2.6748
51.9542,0.6784,2.9227
51.9544,0.6561,2.8253
51.9546,0.6621,2.8511
51.9548,0.6962,3.0005
51.9550,0.6057,2.6104
51.9552,0.5817,2.507
51.9554,0.6432,2.767
51.9556,0.6977,3.0031
51.9558,0.7308,3.1514
51.9560,0.6083,2.6217
51.9562,0.604,2.6007
51.9564,0.6437,2.7755
51.9566,0.6271,2.6991
51.9568,0.6661,2.8668
51.9570,0.6609,2.846
51.9572,0.6929,2.981
51.9574,0.7326,3.1533
51.9576,0.6548,2.8249
51.9578,0.5756,2.4818
51.9580,0.5885,2.5341
51.9582,0.6751,2.9042
51.9584,0.685,2.9484
51.9586,0.6632,2.8584
51.9588,0.5764,2.4843
51.9590,0.561,2.4181
51.9592,0.5598,2.4152
51.9594,0.5644,2.4348
51.9596,0.5476,2.3646
51.9598,0.4758,2.0526
51.9600,0.4925,2.1245
51.9602,0.5209,2.245
51.9604,0.6235,2.6874
51.9606,0.6456,2.776
51.9608,0.7488,3.2184
51.9610,0.7672,3.3034
51.9612,0.6898,2.9745
51.9614,0.6479,2.7884
51.9616,0.6834,2.9384
51.9618,0.7246,3.1187
51.9620,0.7746,3.3261
51.9622,0.8648,3.7151
51.9624,0.8301,3.5629
51.9626,0.8226,3.5337
51.9628,0.8509,3.6553
51.9630,0.8691,3.7319
51.9632,0.8758,3.7572
51.9634,0.865,3.7074
51.9636,0.9504,4.0733
51.9638,0.9805,4.2082
51.9640,0.8593,3.6948
51.9642,0.7336,3.1559
51.9644,0.7006,3.0169
51.9646,0.6989,3.011
51.9648,0.6982,3.0023
51.9650,0.7822,3.357
51.9652,0.8561,3.6763
51.9654,0.8184,3.5173
51.9656,0.7617,3.2781
51.9658,0.7378,3.174
51.9660,0.7299,3.1428
51.9662,0.6651,2.8627
51.9664,0.6694,2.8866
51.9666,0.5668,2.4452
51.9668,0.5512,2.3779
51.9670,0.5559,2.3948
51.9672,0.5651,2.4368
51.9674,0.5505,2.3737
51.9676,0.5505,2.3759
51.9678,0.5503,2.3749
51.9680,0.5524,2.3831
51.9682,0.5801,2.4945
51.9684,0.6963,3.0038
51.9686,0.5564,2.3991
51.9688,0.5474,2.3603
51.9690,0.5438,2.3459
51.9692,0.5674,2.4421
51.9694,0.6391,2.7507
51.9696,0.6871,2.9585
51.9698,0.6887,2.963
51.9700,0.6348,2.7347
51.9702,0.5698,2.4558
51.9704,0.5662,2.4403
51.9706,0.6396,2.7528
51.9708,0.6618,2.8482
51.9710,0.6838,2.9446
51.9712,0.695,2.9884
51.9714,0.7212,3.1057
51.9716,0.6813,2.9337
51.9718,0.6702,2.8817
51.9720,0.7029,3.0253
51.9722,0.6657,2.8639
51.9724,0.6902,2.9692
51.9726,0.739,3.1791
51.9728,0.7539,3.2401
51.9730,0.7516,3.2318
51.9732,0.6908,2.9745
51.9734,0.673,2.8941
51.9736,0.6672,2.8741
51.9738,0.5885,2.5388
51.9740,0.5666,2.443
51.9742,0.5664,2.4414
51.9744,0.5694,2.4543
51.9746,0.5688,2.4506
51.9748,0.6003,2.5883
51.9750,0.5638,2.43
51.9752,0.5658,2.4399
51.9754,0.5808,2.5022
51.9756,0.6363,2.7414
51.9758,0.6218,2.6814
51.9760,0.5307,2.2916
51.9762,0.5071,2.1876
51.9764,0.5392,2.3251
51.9766,0.5041,2.1716
51.9768,0.553,2.3802
51.9770,0.6356,2.7383
51.9772,0.6072,2.6183
51.9774,0.5419,2.3365
51.9776,0.4865,2.0986
51.9778,0.4871,2.1012
51.9780,0.515,2.2197
51.9782,0.608,2.6146
51.9784,0.6967,2.9929
51.9786,0.7139,3.0699
51.9788,0.6825,2.9389
51.9790,0.6907,2.9726
51.9792,0.7083,3.0442
51.9794,0.7314,3.1452
51.9796,0.7658,3.2901
51.9798,0.8476,3.6346
51.9800,0.8834,3.7914
51.9802,0.8904,3.8217
51.9804,0.8848,3.7975
51.9806,0.8552,3.6687
51.9808,0.8629,3.7068
51.9810,0.8512,3.6551
51.9812,0.8427,3.6152
51.9814,0.8618,3.697
51.9816,0.8772,3.7616
51.9818,0.9625,4.1176
51.9820,1.1034,4.7313
51.9822,1.0022,4.2994
51.9824,0.9712,4.1589
51.9826,1.0379,4.4423
51.9828,1.0787,4.6232
51.9830,0.9723,4.1752
51.9832,0.8789,3.7741
51.9834,0.895,3.8413
51.9836,0.9033,3.8768
51.9838,0.8494,3.6457
51.9840,0.8113,3.4869
51.9842,0.8443,3.6303
51.9844,0.8047,3.4586
51.9846,0.7823,3.3607
51.9848,0.8408,3.6154
51.9850,0.7768,3.3385
51.9852,0.7705,3.3148
51.9854,0.7735,3.3215
51.9856,0.8238,3.5422
51.9858,0.7498,3.2256
51.9860,0.7868,3.3802
51.9862,0.8194,3.5236
51.9864,0.8006,3.4443
51.9866,0.7602,3.2689
51.9868,0.7312,3.1514
51.9870,0.6982,3.0037
51.9872,0.7575,3.2586
51.9874,0.7301,3.141
51.9876,0.726,3.1249
51.9878,0.7294,3.1364
51.9880,0.7686,3.3035
51.9882,0.7836,3.3726
51.9884,0.6616,2.8517
51.9886,0.6696,2.8831
51.9888,0.6422,2.768
51.9890,0.604,2.6055
51.9892,0.5363,2.3116
51.9894,0.6235,2.6824
51.9896,0.6778,2.9201
51.9898,0.6915,2.9749
51.9900,0.7381,3.1799
51.9902,0.5732,2.4749
51.9904,0.5439,2.3453
51.9906,0.5946,2.5628
51.9908,0.5937,2.5575
51.9910,0.6127,2.6372
51.9912,0.6615,2.8472
51.9914,0.6848,2.9501
51.9916,0.6343,2.7377
51.9918,0.5158,2.2274
51.9920,0.482,2.0795
51.9922,0.5103,2.1995
51.9924,0.57,2.4569
51.9926,0.5727,2.4728
51.9928,0.4861,2.098
51.9930,0.503,2.168
51.9932,0.5609,2.421
51.9934,0.5541,2.3903
51.9936,0.5849,2.5221
51.9938,0.595,2.5655
51.9940,0.5393,2.3278
51.9942,0.5097,2.2
51.9944,0.5036,2.1716
51.9946,0.5405,2.3308
51.9948,0.5837,2.5158
51.9950,0.6877,2.9556
51.9952,0.7626,3.2792
51.9954,0.7417,3.1925
51.9956,0.7264,3.1235
51.9958,0.6601,2.8437
51.9960,0.5775,2.4878
51.9962,0.5631,2.4291
51.9964,0.5688,2.4551
51.9966,0.5455,2.3531
51.9968,0.5451,2.3505
51.9970,0.5345,2.306
51.9972,0.5374,2.3184
51.9974,0.5298,2.2843
51.9976,0.5343,2.3039
51.9978,0.5536,2.3838
51.9980,0.6166,2.6586
51.9982,0.5517,2.38
51.9984,0.5312,2.2894
51.9986,0.5368,2.3148
51.9988,0.5274,2.2771
51.9990,0.5046,2.1747
51.9992,0.5608,2.4182
51.9994,0.5317,2.2947
51.9996,0.4687,2.023
51.9998,0.4679,2.0203
52.0000,0.4976,2.1447
52.0002,0.5441,2.3452
52.0004,0.6251,2.6941
52.0006,0.5488,2.3654
52.0008,0.5278,2.2718
52.0010,0.5708,2.46
52.0012,0.5609,2.4187
52.0014,0.566,2.4382
52.0016,0.6354,2.7373
52.0018,0.5527,2.3808
52.0020,0.571,2.4587
52.0022,0.6148,2.6447
52.0024,0.6796,2.9211
52.0026,0.719,3.0901
52.0028,0.7343,3.1546
52.0030,0.7344,3.161
52.0032,0.7077,3.0459
52.0034,0.6686,2.875
52.0036,0.7361,3.1594
52.0038,0.8005,3.4422
52.0040,0.6955,2.9947
52.0042,0.6458,2.7796
52.0044,0.6499,2.7946
52.0046,0.6603,2.8421
52.0048,0.6776,2.9164
52.0050,0.6722,2.8918
52.0052,0.676,2.9083
52.0054,0.6874,2.9614
52.0056,0.6552,2.8212
52.0058,0.6146,2.6491
52.0060,0.5974,2.5711
52.0062,0.6325,2.7236
52.0064,0.6636,2.8586
52.0066,0.6057,2.6091
52.0068,0.5968,2.5709
52.0070,0.6041,2.6024
52.0072,0.6052,2.6059
52.0074,0.5911,2.5443
52.0076,0.5838,2.5151
52.0078,0.5874,2.5306
52.0080,0.5875,2.53
52.0082,0.548,2.3651
52.0084,0.4895,2.1115
52.0086,0.4901,2.1141
52.0088,0.4837,2.0857
52.0090,0.4829,2.0821
52.0092,0.4847,2.0918
52.0094,0.5127,2.2088
52.0096,0.5874,2.5306
52.0098,0.5908,2.5439
52.0100,0.5679,2.4487
52.0102,0.5272,2.2724
52.0104,0.5747,2.4747
52.0106,0.5429,2.3412
52.0108,0.5027,2.1664
52.0110,0.5257,2.2657
52.0112,0.5661,2.4375
52.0114,0.6329,2.7251
52.0116,0.6462,2.7786
52.0118,0.7105,3.0549
52.0120,0.7063,3.0341
52.0122,0.7087,3.0444
52.0124,0.7567,3.2509
52.0126,0.7837,3.3606
52.0128,0.8197,3.5197
52.0130,0.7955,3.4173
52.0132,0.7528,3.2339
52.0134,0.7941,3.4085
52.0136,0.8619,3.6923
52.0138,0.892,3.8249
52.0140,0.884,3.7886
52.0142,0.9108,3.9038
52.0144,0.9367,4.0091
52.0146,0.9629,4.1306
52.0148,0.9434,4.0454
52.0150,0.97,4.1479
52.0152,1.0605,4.5366
52.0154,1.0986,4.7042
52.0156,1.0306,4.413
52.0158,0.9831,4.2156
52.0160,0.9554,4.0949
52.0162,0.9554,4.1045
52.0164,0.8723,3.744
52.0166,0.8063,3.4685
52.0168,0.7325,3.1513
52.0170,0.7236,3.1131
52.0172,0.7258,3.118
52.0174,0.751,3.2307
52.0176,0.7335,3.1583
52.0178,0.686,2.9525
52.0180,0.7272,3.1242
52.0182,0.7872,3.3881
52.0184,0.7206,3.0944
52.0186,0.8124,3.4899
52.0188,0.7721,3.32
52.0190,0.7173,3.0872
52.0192,0.7013,3.0172
52.0194,0.7679,3.3034
52.0196,0.7142,3.0723
52.0198,0.6738,2.9012
52.0200,0.7103,3.0516
52.0202,0.7993,3.4354
52.0204,0.7836,3.3663
52.0206,0.7682,3.3035
52.0208,0.7573,3.2611
52.0210,0.6838,2.9487
52.0212,0.6304,2.7143
52.0214,0.6417,2.7621
52.0216,0.6625,2.8513
52.0218,0.7233,3.1101
52.0220,0.7402,3.1813
52.0222,0.7648,3.2885
52.0224,0.7185,3.0938
52.0226,0.6615,2.8472
52.0228,0.6766,2.9122
52.0230,0.6818,2.9317
52.0232,0.7334,3.1505
52.0234,0.8107,3.4827
52.0236,0.8431,3.6168
52.0238,0.8816,3.7836
52.0240,0.8565,3.6812
52.0242,0.821,3.5303
52.0244,0.8202,3.5234
52.0246,0.8163,3.5086
52.0248,0.7572,3.2606
52.0250,0.66,2.8431
52.0252,0.5851,2.522
52.0254,0.571,2.4633
52.0256,0.5929,2.5532
52.0258,0.6703,2.8862
52.0260,0.6848,2.9473
52.0262,0.6897,2.9699
52.0264,0.6688,2.8814
52.0266,0.6034,2.5993
52.0268,0.6113,2.6322
52.0270,0.6551,2.822
52.0272,0.6736,2.8966
52.0274,0.8045,3.4527
52.0276,0.9234,3.9651
52.0278,0.8263,3.5563
52.0280,0.7503,3.2231
52.0282,0.7899,3.3936
52.0284,0.7632,3.2803
52.0286,0.7591,3.2673
52.0288,0.6487,2.7946
52.0290,0.6264,2.701
52.0292,0.6223,2.6822
52.0294,0.6158,2.6531
52.0296,0.6181,2.6604
52.0298,0.6179,2.6631
52.0300,0.6282,2.7063
52.0302,0.6217,2.6759
52.0304,0.6271,2.6978
52.0306,0.6379,2.7417
52.0308,0.7679,3.3019
52.0310,0.76,3.2755
52.0312,0.6305,2.7161
52.0314,0.668,2.8751
52.0316,0.6216,2.6778
52.0318,0.5586,2.4078
52.0320,0.5573,2.4021
52.0322,0.5481,2.3634
52.0324,0.5819,2.5069
52.0326,0.6404,2.7602
52.0328,0.5813,2.5054
52.0330,0.5488,2.3654
52.0332,0.5542,2.3909
52.0334,0.5483,2.3655
52.0336,0.5483,2.3622
52.0338,0.5479,2.3613
52.0340,0.5654,2.4356
52.0342,0.6343,2.7364
52.0344,0.5644,2.4337
52.0346,0.5445,2.3468
52.0348,0.5405,2.3319
52.0350,0.5451,2.3516
52.0352,0.5449,2.3472
52.0354,0.5868,2.5257
52.0356,0.6524,2.8067
52.0358,0.7164,3.0821
52.0360,0.7583,3.2607
52.0362,0.6867,2.957
52.0364,0.6758,2.9059
52.0366,0.6687,2.8782
52.0368,0.6367,2.7417
52.0370,0.639,2.7502
52.0372,0.6378,2.7438
52.0374,0.692,2.9755
52.0376,0.7808,3.3638
52.0378,0.647,2.7835
52.0380,0.6887,2.9616
52.0382,0.7003,3.0153
52.0384,0.6712,2.889
52.0386,0.6751,2.9028
52.0388,0.6796,2.9265
52.0390,0.6655,2.8656
52.0392,0.712,3.0602
52.0394,0.7392,3.1772
52.0396,0.7622,3.2792
52.0398,0.6801,2.9286
52.0400,0.6726,2.8907
52.0402,0.7059,3.0325
52.0404,0.7053,3.0356
52.0406,0.6642,2.8559
52.0408,0.7712,3.3133
52.0410,0.7535,3.2461
52.0412,0.5786,2.4947
52.0414,0.5509,2.3742
52.0416,0.586,2.5233
52.0418,0.6167,2.6542
52.0420,0.6283,2.7068
52.0422,0.6372,2.7463
52.0424,0.6511,2.801
52.0426,0.7316,3.1442
52.0428,0.7511,3.2297
52.0430,0.7025,3.0251
52.0432,0.6547,2.8152
52.0434,0.7577,3.2535
52.0436,0.73,3.1434
52.0438,0.6059,2.6126
52.0440,0.5931,2.5561
52.0442,0.636,2.7347
52.0444,0.6758,2.9032
52.0446,0.7837,3.3668
52.0448,0.7843,3.3678
52.0450,0.7937,3.4096
52.0452,0.8072,3.4678
52.0454,0.8286,3.5578
52.0456,0.8476,3.638
52.0458,0.8229,3.5353
52.0460,0.8328,3.5775
52.0462,0.8735,3.7422
52.0464,0.9922,4.2507
52.0466,1.0039,4.3026
52.0468,0.9853,4.2268
52.0470,0.9768,4.1864
52.0472,0.9795,4.1982
52.0474,0.9714,4.1652
52.0476,0.9926,4.2582
52.0478,0.9388,4.0179
52.0480,1.0509,4.4914
52.0482,1.153,4.935
52.0484,1.1177,4.788
52.0486,1.0565,4.5324
52.0488,0.9904,4.245
52.0490,0.9771,4.1899
52.0492,0.9794,4.2036
52.0494,0.9356,4.0176
52.0496,0.8577,3.6881
52.0498,0.818,3.5174
52.0500,0.7584,3.2642
52.0502,0.7214,3.1076
52.0504,0.6598,2.8439
52.0506,0.6528,2.8135
52.0508,0.6286,2.7053
52.0510,0.6822,2.9373
52.0512,0.7093,3.054
52.0514,0.6535,2.8192
52.0516,0.601,2.5902
52.0518,0.6228,2.683
52.0520,0.6338,2.7305
52.0522,0.6884,2.9656
52.0524,0.6844,2.9458
52.0526,0.6949,2.9865
52.0528,0.7543,3.2497
52.0530,0.635,2.737
52.0532,0.5752,2.4802
52.0534,0.6163,2.6588
52.0536,0.6582,2.8341
52.0538,0.6565,2.8255
52.0540,0.6874,2.9614
52.0542,0.6447,2.7788
52.0544,0.6098,2.6297
52.0546,0.632,2.7241
52.0548,0.6324,2.7231
52.0550,0.5971,2.5784
52.0552,0.5139,2.2191
52.0554,0.5032,2.169
52.0556,0.6089,2.6182
52.0558,0.6569,2.831
52.0560,0.5964,2.5718
52.0562,0.5562,2.3985
52.0564,0.5041,2.1767
52.0566,0.5048,2.1767
52.0568,0.5562,2.3974
52.0570,0.5295,2.2854
52.0572,0.4968,2.1451
52.0574,0.4831,2.0841
52.0576,0.5188,2.2393
52.0578,0.485,2.0924
52.0580,0.4758,2.0535
52.0582,0.4923,2.1259
52.0584,0.5025,2.1689
52.0586,0.4797,2.0716
52.0588,0.4048,1.7488
52.0590,0.4432,1.9119
52.0592,0.5429,2.3368
52.0594,0.6787,2.9224
52.0596,0.6552,2.8225
52.0598,0.5868,2.5304
52.0600,0.5501,2.3711
52.0602,0.5594,2.412
52.0604,0.5545,2.3908
52.0606,0.5477,2.3596
52.0608,0.5648,2.4307
52.0610,0.6499,2.7933
52.0612,0.7991,3.4216
52.0614,0.9328,4.0053
52.0616,0.8444,3.6207
52.0618,0.9771,4.186
52.0620,0.9253,3.9733
52.0622,0.827,3.5528
52.0624,0.8176,3.511
52.0626,0.8334,3.5784
52.0628,0.8482,3.6423
52.0630,0.768,3.304
52.0632,0.6828,2.9386
52.0634,0.7233,3.1116
52.0636,0.7503,3.2231
52.0638,0.7998,3.4359
52.0640,0.7985,3.4286
52.0642,0.869,3.7296
52.0644,0.8705,3.7433
52.0646,0.7085,3.0509
52.0648,0.6644,2.8609
52.0650,0.745,3.2049
52.0652,0.7187,3.0934
52.0654,0.6335,2.7303
52.0656,0.6184,2.6651
52.0658,0.5956,2.5705
52.0660,0.4849,2.0919
52.0662,0.486,2.0965
52.0664,0.4812,2.0768
52.0666,0.5288,2.2844
52.0668,0.4806,2.0742
52.0670,0.4711,2.0314
52.0672,0.4733,2.0426
52.0674,0.472,2.037
52.0676,0.4758,2.0507
52.0678,0.5272,2.2745
52.0680,0.4727,2.0401
52.0682,0.4688,2.0244
52.0684,0.4633,2.0006
52.0686,0.4604,1.9864
52.0688,0.4991,2.1509
52.0690,0.5507,2.3704
52.0692,0.6293,2.7096
52.0694,0.6272,2.6996
52.0696,0.6235,2.6824
52.0698,0.6692,2.8829
52.0700,0.555,2.3945
52.0702,0.5306,2.289
52.0704,0.5727,2.4671
52.0706,0.5967,2.5656
52.0708,0.6434,2.7731
52.0710,0.6075,2.6169
52.0712,0.626,2.6932
52.0714,0.6408,2.7605
52.0716,0.6058,2.6097
52.0718,0.6474,2.785
52.0720,0.6874,2.9559
52.0722,0.6561,2.8227
52.0724,0.6754,2.9057
52.0726,0.7041,3.029
52.0728,0.6807,2.9284
52.0730,0.6559,2.8282
52.0732,0.5535,2.3889
52.0734,0.4913,2.1193
52.0736,0.4901,2.1141
52.0738,0.4877,2.1057
52.0740,0.4907,2.1167
52.0742,0.4899,2.1126
52.0744,0.4853,2.0925
52.0746,0.4861,2.0961
52.0748,0.4892,2.1125
52.0750,0.5004,2.1566
52.0752,0.5386,2.3225
52.0754,0.489,2.1085
52.0756,0.5089,2.1923
52.0758,0.5784,2.4907
52.0760,0.5588,2.4094
52.0762,0.5027,2.1654
52.0764,0.4959,2.1395
52.0766,0.5001,2.1576
52.0768,0.5312,2.2915
52.0770,0.4881,2.1058
52.0772,0.4908,2.1172
52.0774,0.4934,2.1276
52.0776,0.522,2.2486
52.0778,0.5642,2.427
52.0780,0.6194,2.6673
52.0782,0.5861,2.5249
52.0784,0.5772,2.4844
52.0786,0.6667,2.8641
52.0788,0.7226,3.107
52.0790,0.7168,3.0823
52.0792,0.7381,3.1667
52.0794,0.8057,3.4579
52.0796,0.8229,3.5303
52.0798,0.9379,4.018
52.0800,0.9685,4.1471
52.0802,0.9866,4.2266
52.0804,0.9883,4.2338
52.0806,0.9717,4.1668
52.0808,0.9692,4.1482
52.0810,1.0155,4.3463
52.0812,1.0141,4.3361
52.0814,1.0657,4.5613
52.0816,1.0487,4.4885
52.0818,0.993,4.2518
52.0820,0.9794,4.1958
52.0822,0.9752,4.1836
52.0824,0.8826,3.79
52.0826,0.8547,3.6684
52.0828,0.8322,3.5683
52.0830,0.8909,3.822
52.0832,0.8794,3.7726
52.0834,0.9018,3.867
52.0836,0.8955,3.8398
52.0838,0.9001,3.8652
52.0840,0.8987,3.8554
52.0842,0.8523,3.6666
52.0844,0.7069,3.0423
52.0846,0.6916,2.9795
52.0848,0.6901,2.9687
52.0850,0.6732,2.8986
52.0852,0.6964,2.9946
52.0854,0.7681,3.3014
52.0856,0.7822,3.3601
52.0858,0.7723,3.3164
52.0860,0.8185,3.5146
52.0862,0.8752,3.7599
52.0864,0.8781,3.7757
52.0866,0.7736,3.3267
52.0868,0.7498,3.2301
52.0870,0.6501,2.7982
52.0872,0.6866,2.9523
52.0874,0.8113,3.4788
52.0876,0.9078,3.9
52.0878,0.7685,3.3029
52.0880,0.8028,3.4503
52.0882,0.7715,3.322
52.0884,0.6768,2.9155
52.0886,0.654,2.8134
52.0888,0.6967,2.997
52.0890,0.6917,2.9773
52.0892,0.6733,2.9005
52.0894,0.6884,2.9614
52.0896,0.7664,3.2957
52.0898,0.7437,3.2022
52.0900,0.6923,2.984
52.0902,0.6107,2.6308
52.0904,0.5991,2.5807
52.0906,0.5953,2.5588
52.0908,0.7295,3.1355
52.0910,0.7075,3.0491
52.0912,0.6338,2.7318
52.0914,0.5908,2.5463
52.0916,0.5935,2.557
52.0918,0.6148,2.6484
52.0920,0.6137,2.645
52.0922,0.5935,2.5558
52.0924,0.5842,2.5179
52.0926,0.5775,2.4889
52.0928,0.5904,2.5447
52.0930,0.5898,2.5433
52.0932,0.633,2.7295
52.0934,0.5308,2.29
52.0936,0.4872,2.1027
52.0938,0.4873,2.1032
52.0940,0.5535,2.3778
52.0942,0.7692,3.3153
52.0944,0.5845,2.5206
52.0946,0.5264,2.2698
52.0948,0.5215,2.2496
52.0950,0.5258,2.2683
52.0952,0.5247,2.2626
52.0954,0.5259,2.2677
52.0956,0.5247,2.2626
52.0958,0.5226,2.2543
52.0960,0.5266,2.2719
52.0962,0.5401,2.3298
52.0964,0.5333,2.2987
52.0966,0.5246,2.2631
52.0968,0.5357,2.3091
52.0970,0.5944,2.5618
52.0972,0.5461,2.3524
52.0974,0.5994,2.5787
52.0976,0.6036,2.6028
52.0978,0.529,2.2833
52.0980,0.5236,2.26
52.0982,0.5282,2.2776
52.0984,0.5266,2.2698
52.0986,0.5308,2.2857
52.0988,0.5952,2.563
52.0990,0.6374,2.7473
52.0992,0.5621,2.4228
52.0994,0.5208,2.2445
52.0996,0.5293,2.2833
52.0998,0.5272,2.2745
52.1000,0.5365,2.3122
52.1002,0.5302,2.2853
52.1004,0.5543,2.3881
52.1006,0.5727,2.4648
52.1008,0.6553,2.8204
52.1010,0.6307,2.7158
52.1012,0.5686,2.4484
52.1014,0.6432,2.7695
52.1016,0.6718,2.8903
52.1018,0.6757,2.9068
52.1020,0.6782,2.9176
52.1022,0.7322,3.1483
52.1024,0.7714,3.3091
52.1026,0.7886,3.388
52.1028,0.766,3.2921
52.1030,0.7421,3.1925
52.1032,0.753,3.2365
52.1034,0.7786,3.3462
52.1036,0.7146,3.0773
52.1038,0.6193,2.6693
52.1040,0.6465,2.7788
52.1042,0.7041,3.029
52.1044,0.6866,2.9564
52.1046,0.6509,2.8
52.1048,0.6371,2.7432
52.1050,0.6139,2.6423
52.1052,0.6486,2.7941
52.1054,0.5838,2.514
52.1056,0.5668,2.4429
52.1058,0.5965,2.5699
52.1060,0.5762,2.4809
52.1062,0.6283,2.7018
52.1064,0.636,2.7398
52.1066,0.5837,2.5158
52.1068,0.5994,2.5787
52.1070,0.6663,2.8639
52.1072,0.7362,3.1687
52.1074,0.6585,2.8343
52.1076,0.6016,2.5892
52.1078,0.6079,2.6165
52.1080,0.5862,2.5325
52.1082,0.4096,1.7695
52.1084,0.3851,1.663
52.1086,0.3806,1.6434
52.1088,0.422,1.8169
52.1090,0.5377,2.3173
52.1092,0.4897,2.1116
52.1094,0.488,2.1063
52.1096,0.4756,2.0506
52.1098,0.4849,2.0938
52.1100,0.4851,2.0929
52.1102,0.4933,2.1261
52.1104,0.4922,2.1234
52.1106,0.5052,2.1763
52.1108,0.5792,2.4927
52.1110,0.6523,2.8023
52.1112,0.73,3.1317
52.1114,0.7752,3.3334
52.1116,0.7519,3.2303
52.1118,0.7867,3.3766
52.1120,0.777,3.338
52.1122,0.7842,3.3626
52.1124,0.8354,3.5838
52.1126,0.8239,3.5361
52.1128,0.8348,3.5846
52.1130,0.8392,3.5969
52.1132,0.9262,3.9714
52.1134,0.9498,4.0727
52.1136,0.9344,4.005
52.1138,0.919,3.9387
52.1140,0.9323,3.9957
52.1142,0.9485,4.0613
52.1144,0.9547,4.0899
52.1146,1.0087,4.313
52.1148,1.0642,4.5589
52.1150,1.0379,4.4444
52.1152,1.0193,4.3607
52.1154,1.0593,4.5315
52.1156,1.027,4.3976
52.1158,0.9768,4.1903
52.1160,0.8647,3.7094
52.1162,0.8738,3.7537
52.1164,0.8469,3.64
52.1166,0.8256,3.5433
52.1168,0.8534,3.6593
52.1170,0.8968,3.8508
52.1172,0.8498,3.6473
52.1174,0.7926,3.4129
52.1176,0.6687,2.8795
52.1178,0.6873,2.9595
52.1180,0.6435,2.7711
52.1182,0.6691,2.8784
52.1184,0.7067,3.0404
52.1186,0.7128,3.0652
52.1188,0.7316,3.1442
52.1190,0.6973,3.0024
52.1192,0.6417,2.7621
52.1194,0.7054,3.0305
52.1196,0.7913,3.404
52.1198,0.6795,2.9273
52.1200,0.6692,2.8776
52.1202,0.7091,3.0493
52.1204,0.7619,3.2716
52.1206,0.7824,3.3612
52.1208,0.8263,3.5497
52.1210,0.8343,3.5892
52.1212,0.6877,2.9625
52.1214,0.6721,2.894
52.1216,0.6441,2.7737
52.1218,0.6518,2.8028
52.1220,0.6634,2.8581
52.1222,0.6298,2.713
52.1224,0.6322,2.7233
52.1226,0.6727,2.8939
52.1228,0.6872,2.9577
52.1230,0.7256,3.1199
52.1232,0.7655,3.2901
52.1234,0.8052,3.4574
52.1236,0.845,3.625
52.1238,0.8684,3.7253
52.1240,0.9494,4.0692
52.1242,1.0057,4.3143
52.1244,0.9699,4.161
52.1246,0.932,4.0003
52.1248,0.8645,3.7175
52.1250,0.7663,3.2921
52.1252,0.8051,3.4601
52.1254,0.8166,3.5096
52.1256,0.8174,3.5132
52.1258,0.8266,3.5546
52.1260,0.7702,3.3163
52.1262,0.6956,2.991
52.1264,0.7136,3.0726
52.1266,0.6981,3.0032
52.1268,0.7116,3.0558
52.1270,0.813,3.4925
52.1272,0.8834,3.7949
52.1274,0.8796,3.7737
52.1276,0.9371,4.0219
52.1278,0.8801,3.7898
52.1280,0.6923,2.9798
52.1282,0.6547,2.8204
52.1284,0.6513,2.8034
52.1286,0.6476,2.7912
52.1288,0.6482,2.7938
52.1290,0.657,2.825
52.1292,0.7164,3.0836
52.1294,0.6515,2.8052
52.1296,0.6414,2.7618
52.1298,0.6417,2.7633
52.1300,0.6474,2.7902
52.1302,0.6509,2.8052
52.1304,0.6447,2.7775
52.1306,0.6434,2.7706
52.1308,0.6263,2.6955
52.1310,0.6799,2.9207
52.1312,0.791,3.4062
52.1314,0.661,2.8491
52.1316,0.5608,2.4193
52.1318,0.5321,2.2968
52.1320,0.5802,2.4973
52.1322,0.6944,2.9914
52.1324,0.6132,2.6441
52.1326,0.5841,2.5173
52.1328,0.5474,2.3614
52.1330,0.4937,2.1316
52.1332,0.4899,2.1156
52.1334,0.4867,2.1006
52.1336,0.4851,2.0949
52.1338,0.5074,2.1891
52.1340,0.5626,2.4237
52.1342,0.639,2.7527
52.1344,0.5757,2.4823
52.1346,0.5705,2.4589
52.1348,0.5913,2.5472
52.1350,0.603,2.6014
52.1352,0.5001,2.1606
52.1354,0.4596,1.9837
52.1356,0.5208,2.2434
52.1358,0.5824,2.5089
52.1360,0.6052,2.6059
52.1362,0.676,2.9083
52.1364,0.6782,2.919
52.1366,0.6233,2.6863
52.1368,0.5553,2.3955
52.1370,0.5465,2.3589
52.1372,0.5403,2.3276
52.1374,0.5932,2.5554
52.1376,0.642,2.7657
52.1378,0.5926,2.5517
52.1380,0.5958,2.5644
52.1382,0.6181,2.6629
52.1384,0.5965,2.5711
52.1386,0.6362,2.7358
52.1388,0.6474,2.7902
52.1390,0.6413,2.7587
52.1392,0.7084,3.0476
52.1394,0.6717,2.8884
52.1396,0.6068,2.6192
52.1398,0.4917,2.1214
52.1400,0.492,2.1224
52.1402,0.4928,2.129
52.1404,0.4807,2.0757
52.1406,0.478,2.0619
52.1408,0.4824,2.081
52.1410,0.4909,2.1187
52.1412,0.538,2.3146
52.1414,0.6096,2.6238
52.1416,0.6328,2.7208
52.1418,0.7194,3.0936
52.1420,0.7331,3.1539
52.1422,0.7198,3.0952
52.1424,0.6835,2.9444
52.1426,0.6387,2.7492
52.1428,0.6471,2.7853
52.1430,0.7047,3.0274
52.1432,0.7674,3.2983
52.1434,0.717,3.0804
52.1436,0.7078,3.0436
52.1438,0.7036,3.0255
52.1440,0.697,3.0014
52.1442,0.6531,2.8085
52.1444,0.7306,3.1401
52.1446,0.7766,3.3364
52.1448,0.8058,3.4568
52.1450,0.8458,3.6337
52.1452,0.7658,3.2885
52.1454,0.8216,3.528
52.1456,0.8078,3.472
52.1458,0.7286,3.1313
52.1460,0.7793,3.3462
52.1462,0.8493,3.6452
52.1464,0.8408,3.6036
52.1466,0.963,4.1235
52.1468,0.9736,4.175
52.1470,0.9206,3.9496
52.1472,0.9051,3.8809
52.1474,0.9329,3.9983
52.1476,0.9695,4.1551
52.1478,0.9489,4.0748
52.1480,0.9087,3.8909
52.1482,0.9534,4.0976
52.1484,0.8161,3.5092
52.1486,0.7861,3.3756
52.1488,0.8287,3.56
52.1490,0.8078,3.472
52.1492,0.8052,3.459
52.1494,0.8146,3.4948
52.1496,0.8747,3.7578
52.1498,0.8326,3.5753
52.1500,0.8467,3.639
52.1502,0.7938,3.4165
52.1504,0.7381,3.177
52.1506,0.7329,3.1514
52.1508,0.7061,3.0406
52.1510,0.6583,2.8333
52.1512,0.6999,3.0124
52.1514,0.7093,3.0512
52.1516,0.7521,3.2369
52.1518,0.709,3.053
52.1520,0.6907,2.9712
52.1522,0.7007,3.0132
52.1524,0.7222,3.1026
52.1526,0.8437,3.6193
52.1528,0.8052,3.4639
52.1530,0.7638,3.2859
52.1532,0.7228,3.1124
52.1534,0.6879,2.9621
52.1536,0.6654,2.8637
52.1538,0.6965,2.9979
52.1540,0.7503,3.2261
52.1542,0.7058,3.0362
52.1544,0.6515,2.8065
52.1546,0.6487,2.7946
52.1548,0.6603,2.8421
52.1550,0.7004,3.0158
52.1552,0.6836,2.9449
52.1554,0.6664,2.8697
52.1556,0.6591,2.8356
52.1558,0.6852,2.9489
52.1560,0.6621,2.8538
52.1562,0.6043,2.6035
52.1564,0.6317,2.7212
52.1566,0.6553,2.8243
52.1568,0.6903,2.9725
52.1570,0.656,2.8274
52.1572,0.5897,2.5369
52.1574,0.7107,3.0574
52.1576,0.7131,3.0691
52.1578,0.6405,2.7607
52.1580,0.5805,2.503
52.1582,0.5729,2.4716
52.1584,0.575,2.4769
52.1586,0.6299,2.7122
52.1588,0.6473,2.7897
52.1590,0.6022,2.5942
52.1592,0.5896,2.5399
52.1594,0.626,2.6957
52.1596,0.6557,2.8232
52.1598,0.6319,2.7235
52.1600,0.6386,2.7474
52.1602,0.7224,3.1065
52.1604,0.7569,3.253
52.1606,0.7296,3.136
52.1608,0.789,3.3848
52.1610,0.8564,3.6773
52.1612,0.817,3.5182
52.1614,0.6853,2.9521
52.1616,0.7009,3.0137
52.1618,0.7614,3.2741
52.1620,0.744,3.2008
52.1622,0.7365,3.1683
52.1624,0.7371,3.1679
52.1626,0.7453,3.2035
52.1628,0.7935,3.4122
52.1630,0.7808,3.3529
52.1632,0.8017,3.4457
52.1634,0.7852,3.3746
52.1636,0.788,3.3838
52.1638,0.8438,3.6266
52.1640,0.8708,3.7321
52.1642,1.0053,4.3087
52.1644,0.9907,4.248
52.1646,0.9458,4.0595
52.1648,0.9088,3.9059
52.1650,0.8007,3.4432
52.1652,0.7405,3.1873
52.1654,0.7415,3.187
52.1656,0.778,3.3452
52.1658,0.7716,3.3179
52.1660,0.7919,3.405
52.1662,0.7618,3.2832
52.1664,0.6208,2.678
52.1666,0.5943,2.5624
52.1668,0.5899,2.5427
52.1670,0.5949,2.565
52.1672,0.5955,2.5629
52.1674,0.795,3.4073
52.1676,0.8211,3.5423
52.1678,0.6169,2.6626
52.1680,0.5607,2.4188
52.1682,0.5728,2.4699
52.1684,0.5732,2.4714
52.1686,0.5655,2.435
52.1688,0.6572,2.8286
52.1690,0.7366,3.1673
52.1692,0.7678,3.306
52.1694,0.678,2.9193
52.1696,0.6621,2.8538
52.1698,0.6332,2.7305
52.1700,0.6173,2.658
52.1702,0.6632,2.8531
52.1704,0.7708,3.3097
52.1706,0.8396,3.6119
52.1708,0.7115,3.0624
52.1710,0.7088,3.052
52.1712,0.6712,2.889
52.1714,0.6995,3.0108
52.1716,0.7452,3.2074
52.1718,0.7091,3.0507
52.1720,0.6898,2.9676
52.1722,0.6812,2.9319
52.1724,0.6162,2.6558
52.1726,0.6501,2.806
52.1728,0.5467,2.3583
52.1730,0.5048,2.1767
52.1732,0.4968,2.1451
52.1734,0.4916,2.1228
52.1736,0.4945,2.1333
52.1738,0.5488,2.3632
52.1740,0.6039,2.605
52.1742,0.5345,2.306
52.1744,0.5268,2.2735
52.1746,0.4866,2.1001
52.1748,0.4866,2.1001
52.1750,0.494,2.1302
52.1752,0.5724,2.4638
52.1754,0.5678,2.4482
52.1756,0.4957,2.1384
52.1758,0.5392,2.3251
52.1760,0.5138,2.2165
52.1762,0.4862,2.0985
52.1764,0.4799,2.0711
52.1766,0.4787,2.0659
52.1768,0.4787,2.065
52.1770,0.4845,2.0913
52.1772,0.4823,2.0805
52.1774,0.497,2.1421
52.1776,0.5318,2.2909
52.1778,0.5904,2.5412
52.1780,0.6103,2.6317
52.1782,0.572,2.4651
52.1784,0.6168,2.651
52.1786,0.7265,3.124
52.1788,0.7617,3.2751
52.1790,0.7684,3.2963
52.1792,0.8361,3.5903
52.1794,0.8296,3.5608
52.1796,0.885,3.7986
52.1798,0.8871,3.8038
52.1800,0.959,4.1065
52.1802,0.9861,4.2245
52.1804,0.971,4.1617
52.1806,0.9614,4.1129
52.1808,0.9738,4.1736
52.1810,1.0553,4.5167
52.1812,1.0468,4.4928
52.1814,0.9245,3.9642
52.1816,0.9547,4.0957
52.1818,0.934,4.0048
52.1820,0.9441,4.0428
52.1822,1.0155,4.3565
52.1824,0.9867,4.231
52.1826,1.0013,4.2898
52.1828,0.9653,4.1448
52.1830,0.9097,3.9028
52.1832,0.9799,4.2037
52.1834,0.9977,4.2823
52.1836,0.9073,3.8907
52.1838,0.9118,3.9133
52.1840,0.904,3.8763
52.1842,0.9987,4.2845
52.1844,0.9844,4.2232
52.1846,0.9723,4.1732
52.1848,0.9024,3.8822
52.1850,0.7643,3.2926
52.1852,0.719,3.0901
52.1854,0.7522,3.2329
52.1856,0.7834,3.3731
52.1858,0.7408,3.1869
52.1860,0.8004,3.4384
52.1862,0.8379,3.5997
52.1864,0.8396,3.6052
52.1866,0.7959,3.4226
52.1868,0.765,3.2895
52.1870,0.78,3.3524
52.1872,0.8644,3.7118
52.1874,0.8481,3.6553
52.1876,0.6753,2.9093
52.1878,0.751,3.2247
52.1880,0.8389,3.6088
52.1882,0.7313,3.149
52.1884,0.7176,3.0945
52.1886,0.6428,2.7718
52.1888,0.6113,2.6346
52.1890,0.6143,2.6488
52.1892,0.5935,2.5582
52.1894,0.6524,2.808
52.1896,0.6744,2.9051
52.1898,0.6535,2.8153
52.1900,0.57,2.4591
52.1902,0.5089,2.1964
52.1904,0.5833,2.5131
52.1906,0.667,2.8763
52.1908,0.5686,2.4552
52.1910,0.5533,2.39
52.1912,0.4962,2.1425
52.1914,0.4829,2.0831
52.1916,0.5348,2.3039
52.1918,0.5868,2.5316
52.1920,0.5481,2.3667
52.1922,0.4889,2.1109
52.1924,0.4777,2.0628
52.1926,0.4827,2.0835
52.1928,0.4926,2.127
52.1930,0.5018,2.1668
52.1932,0.5306,2.289
52.1934,0.5121,2.2113
52.1936,0.4475,1.935
52.1938,0.4139,1.7898
52.1940,0.4263,1.8406
52.1942,0.4648,2.0068
52.1944,0.4993,2.1539
52.1946,0.542,2.3359
52.1948,0.5262,2.2719
52.1950,0.4505,1.9452
52.1952,0.4399,1.8997
52.1954,0.4467,1.9287
52.1956,0.4501,1.9437
52.1958,0.4637,2.004
52.1960,0.4476,1.9328
52.1962,0.4444,1.9188
52.1964,0.4461,1.9243
52.1966,0.4499,1.9417
52.1968,0.4489,1.9376
52.1970,0.4479,1.932
52.1972,0.4465,1.9281
52.1974,0.4473,1.933
52.1976,0.4495,1.942
52.1978,0.4473,1.9295
52.1980,0.4452,1.9207
52.1982,0.4432,1.9145
52.1984,0.4438,1.9144
52.1986,0.4962,2.1375
52.1988,0.5397,2.3272
52.1990,0.4741,2.0453
52.1992,0.4494,1.9388
52.1994,0.4717,2.0369
52.1996,0.4844,2.0898
52.1998,0.4658,2.0106
52.2000,0.4693,2.0265
52.2002,0.4553,1.9632
52.2004,0.512,2.2078
52.2006,0.463,1.9972
52.2008,0.4764,2.0561
52.2010,0.4879,2.1029
52.2012,0.5278,2.2739
52.2014,0.5775,2.4889
52.2016,0.5741,2.471
52.2018,0.6293,2.7046
52.2020,0.6987,3.003
52.2022,0.6527,2.8064
52.2024,0.6433,2.7662
52.2026,0.6885,2.962
52.2028,0.6883,2.9609
52.2030,0.6994,3.0047
52.2032,0.7455,3.2025
52.2034,0.6389,2.7522
52.2036,0.6181,2.6604
52.2038,0.6483,2.7892
52.2040,0.6185,2.6607
52.2042,0.6404,2.7589
52.2044,0.5887,2.5363
52.2046,0.6092,2.621
52.2048,0.5955,2.5664
52.2050,0.553,2.3824
52.2052,0.5847,2.5164
52.2054,0.5915,2.5458
52.2056,0.5871,2.5279
52.2058,0.6063,2.6093
52.2060,0.6558,2.8198
52.2062,0.6571,2.8255
52.2064,0.6673,2.8707
52.2066,0.6443,2.7755
52.2068,0.5415,2.335
52.2070,0.4992,2.1524
52.2072,0.4968,2.1461
52.2074,0.4032,1.742
52.2076,0.3841,1.6591
52.2078,0.3819,1.6483
52.2080,0.4056,1.75
52.2082,0.4704,2.0274
52.2084,0.5056,2.1814
52.2086,0.4934,2.1266
52.2088,0.5257,2.2635
52.2090,0.5095,2.1959
52.2092,0.4973,2.1432
52.2094,0.4929,2.1255
52.2096,0.5047,2.1742
52.2098,0.5808,2.4964
52.2100,0.6783,2.9154
52.2102,0.6626,2.8505
52.2104,0.6525,2.8059
52.2106,0.6818,2.929
52.2108,0.657,2.8289
52.2110,0.6108,2.6277
52.2112,0.6347,2.7367
52.2114,0.5615,2.4179
52.2116,0.5968,2.5638
52.2118,0.691,2.9714
52.2120,0.6977,3.0017
52.2122,0.6814,2.9274
52.2124,0.7293,3.133
52.2126,0.7619,3.2716
52.2128,0.8045,3.4511
52.2130,0.8799,3.7712
52.2132,0.9398,4.0262
52.2134,0.9553,4.0906
52.2136,0.9322,3.9934
52.2138,0.9079,3.8896
52.2140,0.8904,3.8182
52.2142,0.9168,3.9349
52.2144,0.8535,3.6598
52.2146,0.9065,3.8907
52.2148,0.8717,3.7432
52.2150,0.8338,3.5755
52.2152,0.8402,3.6061
52.2154,0.8306,3.5666
52.2156,0.8049,3.458
52.2158,0.7609,3.272
52.2160,0.7558,3.2438
52.2162,0.8462,3.6318
52.2164,0.8435,3.6205
52.2166,0.8317,3.5712
52.2168,0.7886,3.388
52.2170,0.7644,3.2854
52.2172,0.7607,3.2694
52.2174,0.7232,3.1096
52.2176,0.7186,3.09
52.2178,0.7203,3.0987
52.2180,0.7127,3.0662
52.2182,0.6887,2.9602
52.2184,0.7109,3.057
52.2186,0.7422,3.1871
52.2188,0.833,3.5785
52.2190,0.8091,3.4728
52.2192,0.833,3.5735
52.2194,0.8955,3.8433
52.2196,0.8555,3.6685
52.2198,0.8716,3.7427
52.2200,0.851,3.6541
52.2202,0.8108,3.4784
52.2204,0.8378,3.5941
52.2206,0.8605,3.6948
52.2208,0.812,3.49
52.2210,0.7915,3.4019
52.2212,0.8402,3.6061
52.2214,0.8377,3.5986
52.2216,0.8077,3.4682
52.2218,0.7913,3.3993
52.2220,0.8234,3.539
52.2222,0.839,3.606
52.2224,0.7919,3.3987
52.2226,0.8269,3.5556
52.2228,0.7808,3.356
52.2230,0.7892,3.3921
52.2232,0.8039,3.4502
52.2234,0.8443,3.6236
52.2236,0.8439,3.622
52.2238,0.8489,3.6471
52.2240,0.8107,3.4844
52.2242,0.7993,3.4322
52.2244,0.8796,3.7737
52.2246,0.9159,3.9253
52.2248,0.9284,3.983
52.2250,0.9228,3.9607
52.2252,0.8889,3.8186
52.2254,0.9018,3.8724
52.2256,0.883,3.7934
52.2258,0.7771,3.3463
52.2260,0.6926,2.9823
52.2262,0.7106,3.0555
52.2264,0.7742,3.3246
52.2266,0.8053,3.4579
52.2268,0.8251,3.5462
52.2270,0.8282,3.5629
52.2272,0.7422,3.196
52.2274,0.6656,2.8674
52.2276,0.6639,2.8602
52.2278,0.6571,2.8294
52.2280,0.6561,2.8253
52.2282,0.6551,2.822
52.2284,0.6575,2.8297
52.2286,0.6612,2.8483
52.2288,0.6479,2.7923
52.2290,0.648,2.7889
52.2292,0.71,3.0515
52.2294,0.7674,3.2983
52.2296,0.827,3.5594
52.2298,0.7128,3.0667
52.2300,0.7061,3.0364
52.2302,0.8449,3.6245
52.2304,0.953,4.0961
52.2306,0.8344,3.5814
52.2308,0.8215,3.5307
52.2310,0.8199,3.5257
52.2312,0.7611,3.2756
52.2314,0.6684,2.8806
52.2316,0.5923,2.5554
52.2318,0.5919,2.5521
52.2320,0.5955,2.5664
52.2322,0.5642,2.4315
52.2324,0.5895,2.5441
52.2326,0.5274,2.2739
52.2328,0.507,2.1881
52.2330,0.5278,2.2771
52.2332,0.563,2.4286
52.2334,0.5548,2.3901
52.2336,0.6947,2.9916
52.2338,0.6835,2.9471
52.2340,0.5756,2.4806
52.2342,0.5564,2.3991
52.2344,0.5608,2.4182
52.2346,0.5628,2.4259
52.2348,0.5817,2.5058
52.2350,0.5774,2.4895
52.2352,0.7374,3.1665
52.2354,0.8429,3.623
52.2356,0.7717,3.3184
52.2358,0.7301,3.1439
52.2360,0.6402,2.7579
52.2362,0.6341,2.729
52.2364,0.6434,2.7706
52.2366,0.6595,2.8358
52.2368,0.7726,3.3267
52.2370,0.6531,2.8124
52.2372,0.6282,2.705
52.2374,0.648,2.7902
52.2376,0.653,2.8093
52.2378,0.6772,2.9216
52.2380,0.5745,2.4771
52.2382,0.5479,2.3635
52.2384,0.5558,2.3965
52.2386,0.5515,2.3779
52.2388,0.5451,2.3505
52.2390,0.5522,2.3788
52.2392,0.5879,2.535
52.2394,0.5568,2.4
52.2396,0.5493,2.3675
52.2398,0.5636,2.429
52.2400,0.6287,2.7083
52.2402,0.6461,2.7794
52.2404,0.6609,2.842
52.2406,0.7031,3.0277
52.2408,0.6631,2.8553
52.2410,0.6637,2.8552
52.2412,0.7413,3.1874
52.2414,0.7571,3.2555
52.2416,0.7648,3.287
52.2418,0.8087,3.4707
52.2420,0.8342,3.582
52.2422,0.847,3.6371
52.2424,0.8667,3.7233
52.2426,0.8438,3.6232
52.2428,0.824,3.5416
52.2430,0.8359,3.5909
52.2432,0.8337,3.58
52.2434,0.8417,3.6145
52.2436,0.8688,3.7291
52.2438,0.9198,3.9515
52.2440,0.8771,3.7646
52.2442,0.9085,3.8904
52.2444,0.9489,4.0748
52.2446,0.8504,3.6532
52.2448,0.8643,3.7095
52.2450,0.8516,3.655
52.2452,0.8669,3.7243
52.2454,0.8435,3.6222
52.2456,0.8817,3.7859
52.2458,0.8676,3.7239
52.2460,0.887,3.8068
52.2462,0.9549,4.0929
52.2464,1.0256,4.3935
52.2466,1.0342,4.4305
52.2468,1.0771,4.6144
52.2470,1.0702,4.5825
52.2472,1.0701,4.582
52.2474,1.0519,4.5044
52.2476,1.0934,4.6886
52.2478,1.0193,4.377
52.2480,0.8687,3.7321
52.2482,0.8246,3.5392
52.2484,0.9125,3.9109
52.2486,1.0421,4.4665
52.2488,0.9564,4.1086
52.2490,0.8912,3.8266
52.2492,0.9043,3.8832
52.2494,0.945,4.054
52.2496,1.0001,4.2906
52.2498,1.0143,4.3452
52.2500,0.9856,4.2382
52.2502,0.8009,3.4469
52.2504,0.7453,3.208
52.2506,0.7675,3.3065
52.2508,0.663,2.8547
52.2510,0.688,2.9626
52.2512,0.7073,3.0444
52.2514,0.7907,3.3983
52.2516,0.8673,3.7241
52.2518,0.823,3.5407
52.2520,0.7409,3.1918
52.2522,0.7085,3.0538
52.2524,0.6706,2.8878
52.2526,0.7053,3.0412
52.2528,0.685,2.9497
52.2530,0.7182,3.0913
52.2532,0.7138,3.0708
52.2534,0.7553,3.2553
52.2536,0.6901,2.9728
52.2538,0.6969,2.9995
52.2540,0.7378,3.1813
52.2542,0.578,2.4979
52.2544,0.5295,2.2864
52.2546,0.5657,2.4371
52.2548,0.6501,2.7995
52.2550,0.6425,2.769
52.2552,0.5919,2.5462
52.2554,0.6935,2.9892
52.2556,0.6467,2.7897
52.2558,0.6499,2.8063
52.2560,0.566,2.4438
52.2562,0.5009,2.1577
52.2564,0.582,2.5132
52.2566,0.5148,2.2207
52.2568,0.5115,2.2088
52.2570,0.4672,2.0181
52.2572,0.4825,2.0844
52.2574,0.4946,2.1377
52.2576,0.508,2.1917
52.2578,0.5499,2.3722
52.2580,0.547,2.362
52.2582,0.5029,2.1695
52.2584,0.5064,2.1845
52.2586,0.5209,2.245
52.2588,0.5542,2.392
52.2590,0.5422,2.3402
52.2592,0.5518,2.3794
52.2594,0.6161,2.6504
52.2596,0.7305,3.1396
52.2598,0.7198,3.0952
52.2600,0.7778,3.3478
52.2602,0.6964,3.003
52.2604,0.5875,2.5335
52.2606,0.5823,2.5107
52.2608,0.5946,2.564
52.2610,0.6142,2.6458
52.2612,0.6428,2.7667
52.2614,0.6572,2.8286
52.2616,0.7138,3.0694
52.2618,0.7581,3.2596
52.2620,0.7437,3.1992
52.2622,0.7507,3.2282
52.2624,0.7953,3.4232
52.2626,0.6903,2.9752
52.2628,0.6302,2.7138
52.2630,0.6289,2.7081
52.2632,0.6449,2.7742
52.2634,0.7034,3.0273
52.2636,0.6765,2.9104
52.2638,0.701,3.0142
52.2640,0.7205,3.1069
52.2642,0.6046,2.6069
52.2644,0.6124,2.6344
52.2646,0.6878,2.963
52.2648,0.6427,2.7662
52.2650,0.6437,2.7716
52.2652,0.6331,2.7274
52.2654,0.616,2.6536
52.2656,0.5868,2.5316
52.2658,0.523,2.2585
52.2660,0.4702,2.0311
52.2662,0.4674,2.0182
52.2664,0.4738,2.0476
52.2666,0.4703,2.0288
52.2668,0.4723,2.0376
52.2670,0.4692,2.026
52.2672,0.4691,2.0255
52.2674,0.4728,2.0406
52.2676,0.4709,2.0314
52.2678,0.4857,2.0984
52.2680,0.4747,2.0498
52.2682,0.6363,2.7337
52.2684,0.6831,2.9374
52.2686,0.68,2.924
52.2688,0.6859,2.9534
52.2690,0.6587,2.8375
52.2692,0.5998,2.5838
52.2694,0.5644,2.4314
52.2696,0.648,2.7915
52.2698,0.6023,2.5935
52.2700,0.5934,2.5553
52.2702,0.5997,2.5809
52.2704,0.6432,2.7721
52.2706,0.611,2.6336
52.2708,0.6126,2.6391
52.2710,0.6133,2.6385
52.2712,0.6642,2.8586
52.2714,0.6511,2.7997
52.2716,0.6979,3.0022
52.2718,0.6682,2.8748
52.2720,0.6655,2.8682
52.2722,0.6175,2.6615
52.2724,0.5393,2.3256
52.2726,0.4903,2.1161
52.2728,0.4853,2.0944
52.2730,0.4879,2.1058
52.2732,0.4896,2.1121
52.2734,0.494,2.1292
52.2736,0.4925,2.1235
52.2738,0.5458,2.3547
52.2740,0.5381,2.3183
52.2742,0.6091,2.6205
52.2744,0.6558,2.8303
52.2746,0.5247,2.2626
52.2748,0.5015,2.1603
52.2750,0.5241,2.2589
52.2752,0.567,2.4417
52.2754,0.6293,2.7109
52.2756,0.6107,2.6284
52.2758,0.6419,2.7587
52.2760,0.7007,3.016
52.2762,0.6854,2.9527
52.2764,0.5498,2.3706
52.2766,0.4913,2.1193
52.2768,0.4904,2.1157
52.2770,0.5108,2.2016
52.2772,0.5564,2.3957
52.2774,0.6133,2.6422
52.2776,0.586,2.5256
52.2778,0.572,2.4628
52.2780,0.6473,2.7806
52.2782,0.7079,3.0441
52.2784,0.7186,3.0886
52.2786,0.7615,3.2715
52.2788,0.7775,3.3432
52.2790,0.7524,3.2279
52.2792,0.913,3.913
52.2794,0.9617,4.1217
52.2796,0.9786,4.1922
52.2798,0.9877,4.2332
52.2800,0.9453,4.0499
52.2802,0.9409,4.0327
52.2804,0.9338,4.0118
52.2806,0.8148,3.4954
52.2808,0.8866,3.7999
52.2810,0.9084,3.8989
52.2812,0.8828,3.7853
52.2814,0.9094,3.8994
52.2816,0.8752,3.7546
52.2818,0.907,3.8927
52.2820,0.878,3.77
52.2822,0.8491,3.6442
52.2824,0.9073,3.8943
52.2826,0.9029,3.8734
52.2828,0.9211,3.948
52.2830,0.9027,3.8742
52.2832,0.8864,3.8007
52.2834,0.8666,3.721
52.2836,0.8118,3.4922
52.2838,0.7728,3.323
52.2840,0.8064,3.4577
52.2842,0.8818,3.7864
52.2844,0.8766,3.7661
52.2846,0.8717,3.7432
52.2848,0.878,3.77
52.2850,0.884,3.7992
52.2852,0.8009,3.4421
52.2854,0.7702,3.3148
52.2856,0.7156,3.08
52.2858,0.6998,3.0146
52.2860,0.6477,2.7879
52.2862,0.7227,3.1075
52.2864,0.7138,3.0722
52.2866,0.7498,3.2271
52.2868,0.7042,3.0309
52.2870,0.7383,3.1716
52.2872,0.7834,3.3669
52.2874,0.7486,3.2204
52.2876,0.719,3.0944
52.2878,0.7566,3.2534
52.2880,0.7673,3.3009
52.2882,0.7233,3.1173
52.2884,0.5826,2.5135
52.2886,0.5687,2.4523
52.2888,0.5944,2.5606
52.2890,0.6377,2.7432
52.2892,0.6624,2.8495
52.2894,0.6642,2.8639
52.2896,0.5927,2.5557
52.2898,0.6254,2.6919
52.2900,0.7015,3.0191
52.2902,0.6664,2.867
52.2904,0.6479,2.7897
52.2906,0.6423,2.7672
52.2908,0.6338,2.7318
52.2910,0.5802,2.5008
52.2912,0.5764,2.4854
52.2914,0.5863,2.526
52.2916,0.6031,2.6007
52.2918,0.575,2.4781
52.2920,0.5649,2.4358
52.2922,0.5781,2.4915
52.2924,0.5795,2.4965
52.2926,0.5802,2.4996
52.2928,0.571,2.4621
52.2930,0.5824,2.5078
52.2932,0.6577,2.832
52.2934,0.6584,2.8391
52.2936,0.514,2.2176
52.2938,0.5295,2.2843
52.2940,0.5227,2.2548
52.2942,0.5321,2.2925
52.2944,0.5396,2.3245
52.2946,0.5351,2.3086
52.2948,0.5287,2.2807
52.2950,0.5356,2.3096
52.2952,0.5445,2.349
52.2954,0.5475,2.3608
52.2956,0.5373,2.3169
52.2958,0.5351,2.3065
52.2960,0.5275,2.2734
52.2962,0.5602,2.4145
52.2964,0.6385,2.7469
52.2966,0.6992,3.0065
52.2968,0.7474,3.2122
52.2970,0.7132,3.0696
52.2972,0.623,2.6853
52.2974,0.5473,2.3609
52.2976,0.5281,2.2781
52.2978,0.5282,2.2765
52.2980,0.518,2.2326
52.2982,0.5271,2.274
52.2984,0.5186,2.2383
52.2986,0.5119,2.2072
52.2988,0.5107,2.2021
52.2990,0.5163,2.2264
52.2992,0.5277,2.2755
52.2994,0.5178,2.2326
52.2996,0.5108,2.1995
52.2998,0.5877,2.527
52.3000,0.7221,3.1035
52.3002,0.7012,3.0208
52.3004,0.6073,2.6176
52.3006,0.6085,2.6215
52.3008,0.6325,2.7223
52.3010,0.6565,2.8229
52.3012,0.667,2.8683
52.3014,0.6869,2.9511
52.3016,0.7439,3.1973
52.3018,0.7829,3.3617
52.3020,0.8079,3.4709
52.3022,0.756,3.2494
52.3024,0.7605,3.2669
52.3026,0.7368,3.1698
52.3028,0.6672,2.8715
52.3030,0.6941,2.9807
52.3032,0.7561,3.2559
52.3034,0.6916,2.9768
52.3036,0.6944,2.9858
52.3038,0.7199,3.0942
52.3040,0.7524,3.2339
52.3042,0.7523,3.2379
52.3044,0.6678,2.8727
52.3046,0.6229,2.6835
52.3048,0.5871,2.5291
52.3050,0.5872,2.5296
52.3052,0.6046,2.6021
52.3054,0.6428,2.768
52.3056,0.6396,2.7528
52.3058,0.6233,2.6788
52.3060,0.6558,2.8238
52.3062,0.6102,2.6276
52.3064,0.6119,2.6348
52.3066,0.5811,2.5056
52.3068,0.5127,2.2139
52.3070,0.4392,1.8983
52.3072,0.4084,1.7627
52.3074,0.4664,2.0104
52.3076,0.4841,2.0873
52.3078,0.4781,2.0624
52.3080,0.4721,2.0365
52.3082,0.4871,2.1012
52.3084,0.4892,2.1095
52.3086,0.4874,2.1027
52.3088,0.4908,2.1182
52.3090,0.4855,2.0935
52.3092,0.492,2.1204
52.3094,0.5302,2.2821
52.3096,0.6637,2.8552
52.3098,0.7075,3.0406
52.3100,0.7405,3.1814
52.3102,0.7506,3.2307
52.3104,0.6569,2.831
52.3106,0.5525,2.3781
52.3108,0.5979,2.5756
52.3110,0.5636,2.429
52.3112,0.5956,2.5646
52.3114,0.6272,2.6971
52.3116,0.6714,2.8868
52.3118,0.7,3.0129
52.3120,0.7045,3.0277
52.3122,0.7553,3.2432
52.3124,0.7999,3.4316
52.3126,0.8766,3.7555
52.3128,0.9463,4.0502
52.3130,0.9549,4.0891
52.3132,0.9524,4.0802
52.3134,0.9738,4.1755
52.3136,0.96,4.1145
52.3138,1.0247,4.3899
52.3140,0.9716,4.1585
52.3142,1.012,4.3294
52.3144,1.0151,4.3468
52.3146,1.022,4.3781
52.3148,1.0452,4.4715
52.3150,1.0957,4.6875
52.3152,1.0195,4.3755
52.3154,0.9247,3.9671
52.3156,0.8975,3.8467
52.3158,0.9406,4.0331
52.3160,0.9316,3.9983
52.3162,0.8197,3.5214
52.3164,0.8395,3.6064
52.3166,0.8365,3.5952
52.3168,0.7792,3.3519
52.3170,0.6453,2.7814
52.3172,0.5959,2.5661
52.3174,0.6443,2.7729
52.3176,0.6802,2.9318
52.3178,0.626,2.6945
52.3180,0.7396,3.1832
52.3182,0.7489,3.2159
52.3184,0.8373,3.5954
52.3186,0.8057,3.4595
52.3188,0.8234,3.539
52.3190,0.7521,3.2338
52.3192,0.7559,3.2488
52.3194,0.7387,3.1766
52.3196,0.6925,2.9804
52.3198,0.7284,3.1323
52.3200,0.7724,3.3184
52.3202,0.7927,3.4023
52.3204,0.8509,3.6519
52.3206,0.8319,3.5772
52.3208,0.6805,2.9328
52.3210,0.618,2.6636
52.3212,0.6401,2.7536
52.3214,0.685,2.9456
52.3216,0.7952,3.4195
52.3218,0.7727,3.3194
52.3220,0.7854,3.3772
52.3222,0.7745,3.3272
52.3224,0.8084,3.4746
52.3226,0.7916,3.404
52.3228,0.7898,3.3947
52.3230,0.8386,3.6044
52.3232,0.8564,3.6773
52.3234,0.8402,3.6095
52.3236,0.7897,3.3942
52.3238,0.7525,3.2374
52.3240,0.7606,3.2689
52.3242,0.7528,3.243
52.3244,0.7173,3.0886
52.3246,0.6493,2.7998
52.3248,0.6048,2.6079
52.3250,0.5997,2.5857
52.3252,0.6161,2.6553
52.3254,0.6137,2.645
52.3256,0.6209,2.671
52.3258,0.6486,2.7941
52.3260,0.5929,2.5603
52.3262,0.528,2.2786
52.3264,0.5423,2.3353
52.3266,0.6483,2.7892
52.3268,0.6812,2.9359
52.3270,0.5859,2.5263
52.3272,0.5535,2.3844
52.3274,0.5507,2.3748
52.3276,0.553,2.3868
52.3278,0.5498,2.3706
52.3280,0.5461,2.3535
52.3282,0.5539,2.3882
52.3284,0.5554,2.396
52.3286,0.553,2.3824
52.3288,0.5518,2.3794
52.3290,0.5503,2.3727
52.3292,0.5486,2.3676
52.3294,0.5557,2.3937
52.3296,0.5657,2.4371
52.3298,0.5674,2.4466
52.3300,0.5524,2.3853
52.3302,0.5115,2.2057
52.3304,0.5461,2.3535
52.3306,0.5504,2.3732
52.3308,0.4905,2.1201
52.3310,0.4512,1.9492
52.3312,0.4531,1.9566
52.3314,0.4485,1.9373
52.3316,0.4475,1.9323
52.3318,0.4452,1.9224
52.3320,0.4458,1.925
52.3322,0.4509,1.9477
52.3324,0.4477,1.9342
52.3326,0.4482,1.9345
52.3328,0.4485,1.9373
52.3330,0.4736,2.0433
52.3332,0.5444,2.3463
52.3334,0.5474,2.3603
52.3336,0.4727,2.0391
52.3338,0.4426,1.9093
52.3340,0.447,1.9284
52.3342,0.4497,1.9416
52.3344,0.4473,1.9303
52.3346,0.4806,2.0733
52.3348,0.4931,2.1261
52.3350,0.4969,2.1426
52.3352,0.5616,2.4196
52.3354,0.6053,2.6052
52.3356,0.5865,2.5277
52.3358,0.5733,2.472
52.3360,0.5077,2.1902
52.3362,0.4663,2.0108
52.3364,0.4582,1.9784
52.3366,0.4546,1.961
52.3368,0.4907,2.1167
52.3370,0.4468,1.9265
52.3372,0.4378,1.8877
52.3374,0.4588,1.98
52.3376,0.4404,1.8973
52.3378,0.4913,2.1183
52.3380,0.5178,2.2295
52.3382,0.5503,2.3716
52.3384,0.5024,2.1634
52.3386,0.5338,2.3029
52.3388,0.4997,2.1555
52.3390,0.5108,2.2005
52.3392,0.5782,2.492
52.3394,0.5218,2.246
52.3396,0.6006,2.5862
52.3398,0.5784,2.4907
52.3400,0.5612,2.4186
52.3402,0.516,2.2217
52.3404,0.5537,2.3855
52.3406,0.5772,2.4856
52.3408,0.5933,2.5524
52.3410,0.5987,2.578
52.3412,0.603,2.5942
52.3414,0.6178,2.6576
52.3416,0.6307,2.7146
52.3418,0.604,2.6007
52.3420,0.6356,2.7332
52.3422,0.6949,2.9837
52.3424,0.7191,3.0892
52.3426,0.6964,2.9932
52.3428,0.7175,3.0854
52.3430,0.6654,2.8624
52.3432,0.6652,2.8566
52.3434,0.6698,2.8855
52.3436,0.5815,2.5042
52.3438,0.6494,2.7912
52.3440,0.6636,2.852
52.3442,0.6891,2.9645
52.3444,0.6612,2.8417
52.3446,0.6852,2.9407
52.3448,0.7566,3.2504
52.3450,0.7717,3.3138
52.3452,0.8488,3.6431
52.3454,0.8421,3.616
52.3456,0.7682,3.3019
52.3458,0.7555,3.2443
52.3460,0.7965,3.4204
52.3462,0.7828,3.3596
52.3464,0.8142,3.4895
52.3466,0.9377,4.0207
52.3468,0.9565,4.0957
52.3470,1.031,4.4084
52.3472,1.0229,4.3802
52.3474,0.9633,4.1211
52.3476,0.9768,4.1864
52.3478,0.9115,3.9141
52.3480,0.9019,3.8639
52.3482,1.0073,4.3175
52.3484,0.9537,4.0916
52.3486,0.8366,3.5907
52.3488,0.8492,3.6447
52.3490,0.842,3.6121
52.3492,0.866,3.7185
52.3494,0.7672,3.2973
52.3496,0.7398,3.1768
52.3498,0.86,3.691
52.3500,0.8421,3.6194
52.3502,0.7717,3.3153
52.3504,0.7565,3.2514
52.3506,0.7409,3.1859
52.3508,0.7263,3.1244
52.3510,0.665,2.8595
52.3512,0.7584,3.2612
52.3514,0.7808,3.356
52.3516,0.7842,3.3705
52.3518,0.7631,3.2782
52.3520,0.7977,3.4255
52.3522,0.868,3.7185
52.3524,0.9471,4.0595
52.3526,0.9121,3.9185
52.3528,0.8711,3.7476
52.3530,0.8035,3.4502
52.3532,0.7549,3.2462
52.3534,0.801,3.4362
52.3536,0.8366,3.5923
52.3538,0.8579,3.6823
52.3540,0.8675,3.7217
52.3542,0.8125,3.4921
52.3544,0.7615,3.2761
52.3546,0.7581,3.2596
52.3548,0.7634,3.2828
52.3550,0.7516,3.2318
52.3552,0.8045,3.4527
52.3554,0.7999,3.438
52.3556,0.8125,3.4937
52.3558,0.7822,3.3633
52.3560,0.7732,3.3277
52.3562,0.7113,3.0571
52.3564,0.7772,3.3375
52.3566,0.8167,3.515
52.3568,0.7216,3.1058
52.3570,0.738,3.1706
52.3572,0.7643,3.2834
52.3574,0.7657,3.2957
52.3576,0.7071,3.0433
52.3578,0.7172,3.0838
52.3580,0.7293,3.1388
52.3582,0.7336,3.1574
52.3584,0.7316,3.1486
52.3586,0.7555,3.2443
52.3588,0.8374,3.5976
52.3590,0.8477,3.6436
52.3592,0.7951,3.4205
52.3594,0.7414,3.1909
52.3596,0.7238,3.1078
52.3598,0.8306,3.5649
52.3600,0.8897,3.8204
52.3602,0.8505,3.6572
52.3604,0.7607,3.2694
52.3606,0.7893,3.3942
52.3608,0.8019,3.4515
52.3610,0.8108,3.4865
52.3612,0.815,3.5029
52.3614,0.815,3.5013
52.3616,0.8319,3.5739
52.3618,0.8364,3.5913
52.3620,0.8465,3.6317
52.3622,0.8621,3.7089
52.3624,0.7959,3.4242
52.3626,0.8119,3.4863
52.3628,0.888,3.8132
52.3630,0.8937,3.8356
52.3632,0.9216,3.9574
52.3634,0.8256,3.5483
52.3636,0.7277,3.135
52.3638,0.6987,3.0044
52.3640,0.8019,3.4467
52.3642,0.7886,3.3958
52.3644,0.7288,3.1411
52.3646,0.6917,2.98
52.3648,0.6853,2.9467
52.3650,0.7005,3.0135
52.3652,0.6705,2.8899
52.3654,0.5736,2.4747
52.3656,0.5669,2.4457
52.3658,0.5637,2.4295
52.3660,0.5638,2.4334
52.3662,0.5649,2.4358
52.3664,0.6563,2.8219
52.3666,0.7215,3.1081
52.3668,0.6274,2.7089
52.3670,0.562,2.4222
52.3672,0.5841,2.5197
52.3674,0.5446,2.3495
52.3676,0.5698,2.4536
52.3678,0.6519,2.8072
52.3680,0.6332,2.7292
52.3682,0.6236,2.6854
52.3684,0.6873,2.9568
52.3686,0.7363,3.1663
52.3688,0.7588,3.2642
52.3690,0.7476,3.2193
52.3692,0.6862,2.9549
52.3694,0.6696,2.8805
52.3696,0.6993,3.007
52.3698,0.7462,3.2101
52.3700,0.7572,3.2575
52.3702,0.7757,3.337
52.3704,0.7503,3.2261
52.3706,0.7112,3.0637
52.3708,0.6645,2.8641
52.3710,0.6435,2.7737
52.3712,0.5736,2.4724
52.3714,0.565,2.4374
52.3716,0.5648,2.433
52.3718,0.5794,2.496
52.3720,0.5923,2.5518
52.3722,0.6184,2.6676
52.3724,0.5085,2.1958
52.3726,0.4915,2.1223
52.3728,0.4855,2.0945
52.3730,0.5408,2.3308
52.3732,0.5192,2.2419
52.3734,0.4915,2.1213
52.3736,0.4898,2.1121
52.3738,0.5732,2.4726
52.3740,0.5857,2.5234
52.3742,0.6202,2.6729
52.3744,0.5602,2.4178
52.3746,0.4937,2.1277
52.3748,0.5389,2.3257
52.3750,0.4895,2.1125
52.3752,0.4964,2.1415
52.3754,0.488,2.1053
52.3756,0.4839,2.0887
52.3758,0.5199,2.245
52.3760,0.5004,2.1606
52.3762,0.4982,2.1493
52.3764,0.505,2.1778
52.3766,0.4991,2.1529
52.3768,0.5019,2.1643
52.3770,0.5112,2.2052
52.3772,0.5477,2.3596
52.3774,0.6264,2.6973
52.3776,0.6266,2.7008
52.3778,0.5627,2.4253
52.3780,0.5781,2.4869
52.3782,0.6941,2.9862
52.3784,0.7083,3.0457
52.3786,0.7061,3.035
52.3788,0.7429,3.1932
52.3790,0.7858,3.3772
52.3792,0.8257,3.5405
52.3794,0.9687,4.15
52.3796,0.9624,4.1228
52.3798,0.982,4.209
52.3800,0.9259,3.9741
52.3802,0.8906,3.8133
52.3804,0.9953,4.2681
52.3806,0.9895,4.2448
52.3808,0.9854,4.2175
52.3810,1.0361,4.4346
52.3812,1.0522,4.5097
52.3814,0.9094,3.903
52.3816,0.8741,3.7465
52.3818,0.9964,4.2707
52.3820,1.0272,4.4048
52.3822,1.0126,4.3421
52.3824,0.9846,4.2198
52.3826,1.0377,4.4454
52.3828,1.0587,4.5332
52.3830,0.9904,4.2509
52.3832,0.9208,3.9482
52.3834,0.9364,4.0151
52.3836,1.0028,4.3019
52.3838,0.9601,4.1169
52.3840,0.9025,3.8791
52.3842,0.8503,3.6561
52.3844,0.8853,3.8031
52.3846,0.797,3.4272
52.3848,0.7541,3.2441
52.3850,0.7765,3.3406
52.3852,0.7404,3.1883
52.3854,0.7071,3.0419
52.3856,0.7571,3.257
52.3858,0.7441,3.1998
52.3860,0.7035,3.0321
52.3862,0.63,2.7115
52.3864,0.6891,2.9645
52.3866,0.7278,3.1312
52.3868,0.7103,3.0573
52.3870,0.7561,3.2559
52.3872,0.7152,3.0798
52.3874,0.737,3.1674
52.3876,0.8196,3.5209
52.3878,0.8067,3.4738
52.3880,0.7734,3.321
52.3882,0.8099,3.4824
52.3884,0.7099,3.0609
52.3886,0.6491,2.8
52.3888,0.5726,2.47
52.3890,0.522,2.2507
52.3892,0.5661,2.4421
52.3894,0.5811,2.5067
52.3896,0.6015,2.5899
52.3898,0.657,2.8315
52.3900,0.6029,2.6009
52.3902,0.5698,2.4604
52.3904,0.5172,2.2321
52.3906,0.5667,2.4447
52.3908,0.5196,2.2435
52.3910,0.4885,2.1103
52.3912,0.4815,2.0793
52.3914,0.4768,2.0577
52.3916,0.4831,2.0851
52.3918,0.495,2.1363
52.3920,0.5601,2.4173
52.3922,0.4747,2.0517
52.3924,0.4106,1.7736
52.3926,0.4052,1.7495
52.3928,0.4037,1.7441
52.3930,0.4837,2.0838
52.3932,0.5806,2.5035
52.3934,0.523,2.2585
52.3936,0.4754,2.051
52.3938,0.4686,2.0215
52.3940,0.5079,2.1912
52.3942,0.5411,2.3356
52.3944,0.4844,2.0888
52.3946,0.5065,2.187
52.3948,0.4588,1.9809
52.3950,0.4559,1.9667
52.3952,0.476,2.0545
52.3954,0.4531,1.9575
52.3956,0.4649,2.0083
52.3958,0.4517,1.9495
52.3960,0.4592,1.9821
52.3962,0.4857,2.0965
52.3964,0.4696,2.0257
52.3966,0.4564,1.9679
52.3968,0.4573,1.9738
52.3970,0.4604,1.9891
52.3972,0.4619,1.9926
52.3974,0.4813,2.0764
52.3976,0.4602,1.9862
52.3978,0.4991,2.1509
52.3980,0.5118,2.2067
52.3982,0.4631,1.9968
52.3984,0.4491,1.9372
52.3986,0.4342,1.8731
52.3988,0.4327,1.8677
52.3990,0.4437,1.9157
52.3992,0.4486,1.9369
52.3994,0.4341,1.8726
52.3996,0.4331,1.8693
52.3998,0.4845,2.0894
52.4000,0.5387,2.3198
52.4002,0.5614,2.414
52.4004,0.6006,2.5862
52.4006,0.6203,2.6697
52.4008,0.6298,2.7105
52.4010,0.6708,2.8843
52.4012,0.6407,2.7587
52.4014,0.5787,2.4929
52.4016,0.6022,2.5918
52.4018,0.6646,2.854
52.4020,0.7299,3.1312
52.4022,0.788,3.3854
52.4024,0.7632,3.2818
52.4026,0.6923,2.9826
52.4028,0.5726,2.4654
52.4030,0.6357,2.7337
52.4032,0.6439,2.7675
52.4034,0.6552,2.8199
52.4036,0.5829,2.5098
52.4038,0.569,2.4511
52.4040,0.5857,2.5222
52.4042,0.6064,2.6074
52.4044,0.6985,3.002
52.4046,0.7323,3.1473
52.4048,0.68,2.924
52.4050,0.6758,2.9046
52.4052,0.6256,2.6999
52.4054,0.4986,2.1499
52.4056,0.5,2.1551
52.4058,0.5384,2.3204
52.4060,0.556,2.3975
52.4062,0.511,2.2026
52.4064,0.5125,2.2088
52.4066,0.5245,2.2626
52.4068,0.4863,2.0952
52.4070,0.5077,2.1891
52.4072,0.527,2.2724
52.4074,0.505,2.1788
52.4076,0.4988,2.1499
52.4078,0.4959,2.1395
52.4080,0.5127,2.2098
52.4082,0.5521,2.3782
52.4084,0.4928,2.1231
52.4086,0.5356,2.3043
52.4088,0.6149,2.6465
52.4090,0.604,2.5995
52.4092,0.654,2.8173
52.4094,0.5752,2.4814
52.4096,0.472,2.0351
52.4098,0.4649,2.0055
52.4100,0.4709,2.0304
52.4102,0.4849,2.0899
52.4104,0.4881,2.1039
52.4106,0.5061,2.1804
52.4108,0.548,2.3596
52.4110,0.5931,2.5549
52.4112,0.5663,2.4386
52.4114,0.5561,2.3936
52.4116,0.6563,2.8193
52.4118,0.7012,3.0138
52.4120,0.6973,2.9954
52.4122,0.7072,3.0368
52.4124,0.7494,3.218
52.4126,0.7741,3.3225
52.4128,0.8949,3.8318
52.4130,0.9337,4.0038
52.4132,0.9384,4.022
52.4134,0.9085,3.8885
52.4136,1.0022,4.2833
52.4138,1.047,4.4792
52.4140,1.0208,4.3709
52.4142,1.003,4.2949
52.4144,1.0585,4.5327
52.4146,0.9661,4.1407
52.4148,0.9156,3.9243
52.4150,0.9499,4.0713
52.4152,0.9109,3.9079
52.4154,0.8624,3.7082
52.4156,0.7482,3.2174
52.4158,0.7182,3.0841
52.4160,0.7899,3.3968
52.4162,0.7704,3.3097
52.4164,0.8018,3.4414
52.4166,0.8121,3.4905
52.4168,0.7504,3.2266
52.4170,0.7905,3.3946
52.4172,0.7933,3.4128
52.4174,0.7222,3.104
52.4176,0.7603,3.2633
52.4178,0.8324,3.5743
52.4180,0.7896,3.3937
52.4182,0.7861,3.3708
52.4184,0.8537,3.6642
52.4186,0.8373,3.5954
52.4188,0.903,3.8722
52.4190,0.9011,3.8657
52.4192,0.8661,3.719
52.4194,0.833,3.5835
52.4196,0.7495,3.2185
52.4198,0.7956,3.4115
52.4200,0.8461,3.6313
52.4202,0.8617,3.6982
52.4204,0.874,3.753
52.4206,0.8501,3.6488
52.4208,0.8491,3.6476
52.4210,0.8576,3.6807
52.4212,0.8678,3.7227
52.4214,0.8336,3.5811
52.4216,0.7615,3.2792
52.4218,0.7018,3.0192
52.4220,0.7132,3.0696
52.4222,0.6877,2.9583
52.4224,0.7425,3.1911
52.4226,0.7543,3.2436
52.4228,0.7498,3.2226
52.4230,0.7583,3.2607
52.4232,0.7157,3.0805
52.4234,0.7308,3.1397
52.4236,0.8073,3.4732
52.4238,0.7649,3.2921
52.4240,0.7626,3.2746
52.4242,0.781,3.3565
52.4244,0.7512,3.2317
52.4246,0.7552,3.2457
52.4248,0.7518,3.2313
52.4250,0.7759,3.3318
52.4252,0.8473,3.6365
52.4254,0.9233,3.9683
52.4256,0.8161,3.501
52.4258,0.8565,3.6778
52.4260,0.8818,3.7811
52.4262,0.9566,4.0982
52.4264,0.9585,4.1121
52.4266,0.9539,4.0921
52.4268,0.9548,4.0924
52.4270,0.9506,4.082
52.4272,0.8762,3.7657
52.4274,0.8202,3.5283
52.4276,0.7712,3.3133
52.4278,0.7781,3.3442
52.4280,0.7771,3.3416
52.4282,0.7867,3.3844
52.4284,0.8281,3.5541
52.4286,0.8389,3.6122
52.4288,0.6724,2.8982
52.4290,0.6982,3.0037
52.4292,0.7257,3.1233
52.4294,0.668,2.8778
52.4296,0.6608,2.8468
52.4298,0.6594,2.8366
52.4300,0.6756,2.9117
52.4302,0.5879,2.5362
52.4304,0.5516,2.3795
52.4306,0.5427,2.3412
52.4308,0.5439,2.3453
52.4310,0.5464,2.3583
52.4312,0.5469,2.3571
52.4314,0.5851,2.522
52.4316,0.5534,2.3884
52.4318,0.5468,2.3599
52.4320,0.5461,2.3535
52.4322,0.5468,2.3588
52.4324,0.5471,2.3593
52.4326,0.5443,2.3458
52.4328,0.5451,2.3494
52.4330,0.581,2.4992
52.4332,0.6558,2.8238
52.4334,0.6094,2.6276
52.4336,0.5566,2.3968
52.4338,0.5904,2.5459
52.4340,0.5609,2.4165
52.4342,0.6413,2.7613
52.4344,0.6371,2.7432
52.4346,0.6366,2.7424
52.4348,0.6383,2.7471
52.4350,0.6463,2.7804
52.4352,0.7316,3.1457
52.4354,0.8012,3.442
52.4356,0.7786,3.3431
52.4358,0.8139,3.495
52.4360,0.7988,3.4397
52.4362,0.6584,2.8338
52.4364,0.7118,3.0649
52.4366,0.6537,2.815
52.4368,0.6415,2.7649
52.4370,0.6449,2.7768
52.4372,0.6435,2.7698
52.4374,0.6365,2.7394
52.4376,0.6374,2.746
52.4378,0.6369,2.7427
52.4380,0.6439,2.7739
52.4382,0.6425,2.769
52.4384,0.6692,2.8789
52.4386,0.665,2.8635
52.4388,0.6374,2.7448
52.4390,0.669,2.8765
52.4392,0.701,3.0184
52.4394,0.6101,2.6307
52.4396,0.5705,2.4601
52.4398,0.533,2.2972
52.4400,0.5927,2.5522
52.4402,0.6558,2.8238
52.4404,0.689,2.964
52.4406,0.6957,2.9929
52.4408,0.7769,3.3375
52.4410,0.7702,3.3132
52.4412,0.723,3.1062
52.4414,0.7599,3.2674
52.4416,0.8028,3.4503
52.4418,0.7893,3.3879
52.4420,0.778,3.3483
52.4422,0.682,2.9327
52.4424,0.6883,2.9637
52.4426,0.654,2.8147
52.4428,0.6988,3.0049
52.4430,0.7091,3.0521
52.4432,0.6557,2.8232
52.4434,0.6899,2.9681
52.4436,0.7384,3.1765
52.4438,0.7172,3.0809
52.4440,0.7425,3.1956
52.4442,0.6386,2.7525
52.4444,0.6199,2.6694
52.4446,0.71,3.0543
52.4448,0.8052,3.459
52.4450,0.8152,3.5023
52.4452,0.8105,3.4817
52.4454,0.8684,3.727
52.4456,0.8897,3.8169
52.4458,0.8583,3.6872
52.4460,0.8058,3.4681
52.4462,0.7844,3.3731
52.4464,0.769,3.3081
52.4466,0.7552,3.2427
52.4468,0.8566,3.668
52.4470,0.9914,4.2491
52.4472,0.9895,4.2409
52.4474,1.0332,4.4264
52.4476,1.0392,4.4562
52.4478,0.9557,4.1017
52.4480,0.8947,3.8403
52.4482,0.9547,4.0938
52.4484,0.9835,4.2132
52.4486,1.0418,4.4608
52.4488,1.0159,4.354
52.4490,1.0143,4.3473
52.4492,1.0799,4.6262
52.4494,1.0126,4.3482
52.4496,0.8638,3.7161
52.4498,0.7764,3.337
52.4500,0.8083,3.4773
52.4502,0.7015,3.0233
52.4504,0.6744,2.9065
52.4506,0.6614,2.8493
52.4508,0.6552,2.8225
52.4510,0.6437,2.7729
52.4512,0.6489,2.7995
52.4514,0.5607,2.4154
52.4516,0.6101,2.6295
52.4518,0.6534,2.8121
52.4520,0.6964,2.9974
52.4522,0.6945,2.9905
52.4524,0.6844,2.9513
52.4526,0.6536,2.8158
52.4528,0.6339,2.7285
52.4530,0.6543,2.8202
52.4532,0.6311,2.7199
52.4534,0.6318,2.7218
52.4536,0.5598,2.4152
52.4538,0.5914,2.5477
52.4540,0.6923,2.9812
52.4542,0.6774,2.918
52.4544,0.6084,2.6235
52.4546,0.6073,2.6212
52.4548,0.5354,2.3097
52.4550,0.5363,2.3138
52.4552,0.5497,2.3668
52.4554,0.6295,2.7145
52.4556,0.5706,2.4617
52.4558,0.5782,2.4932
52.4560,0.5628,2.4259
52.4562,0.6052,2.6095
52.4564,0.5848,2.5228
52.4566,0.5585,2.4073
52.4568,0.594,2.5579
52.4570,0.5944,2.5606
52.4572,0.6071,2.6178
52.4574,0.6005,2.5905
52.4576,0.57,2.458
52.4578,0.5327,2.2961
52.4580,0.5837,2.5169
52.4582,0.592,2.5514
52.4584,0.5365,2.3143
52.4586,0.5488,2.3665
52.4588,0.5428,2.3439
52.4590,0.4898,2.116
52.4592,0.4711,2.0343
52.4594,0.5281,2.2739
52.4596,0.6736,2.9034
52.4598,0.5925,2.5559
52.4600,0.5174,2.2321
52.4602,0.4543,1.9618
52.4604,0.4751,2.0495
52.4606,0.5227,2.2517
52.4608,0.5907,2.5458
52.4610,0.5881,2.5361
52.4612,0.5965,2.5711
52.4614,0.5897,2.5404
52.4616,0.5775,2.4878
52.4618,0.617,2.6557
52.4620,0.6535,2.8153
52.4622,0.5789,2.4974
52.4624,0.5473,2.3598
52.4626,0.5523,2.3804
52.4628,0.5662,2.4381
52.4630,0.6339,2.7272
52.4632,0.6811,2.93
52.4634,0.6428,2.7667
52.4636,0.6549,2.8175
52.4638,0.6975,2.9993
52.4640,0.6943,2.9909
52.4642,0.621,2.6777
52.4644,0.5286,2.2802
52.4646,0.4847,2.0928
52.4648,0.4832,2.0827
52.4650,0.5536,2.3861
52.4652,0.5649,2.4346
52.4654,0.5739,2.4723
52.4656,0.6121,2.6407
52.4658,0.5513,2.3773
52.4660,0.5607,2.4166
52.4662,0.5813,2.5078
52.4664,0.468,2.0218
52.4666,0.45,1.9422
52.4668,0.4497,1.9407
52.4670,0.453,1.9543
52.4672,0.483,2.0826
52.4674,0.5068,2.1876
52.4676,0.4643,2.0048
52.4678,0.4636,2.0007
52.4680,0.4614,1.9914
52.4682,0.47,2.0249
52.4684,0.5433,2.3394
52.4686,0.5935,2.5534
52.4688,0.6371,2.7419
52.4690,0.5553,2.3966
52.4692,0.4524,1.9526
52.4694,0.4433,1.915
52.4696,0.4477,1.9324
52.4698,0.4506,1.943
52.4700,0.5055,2.1798
52.4702,0.4832,2.0846
52.4704,0.4468,1.9274
52.4706,0.4453,1.9221
52.4708,0.45,1.9413
52.4710,0.4451,1.921
52.4712,0.4381,1.891
52.4714,0.4347,1.8751
52.4716,0.4205,1.8149
52.4718,0.4392,1.8948
52.4720,0.4818,2.0755
52.4722,0.4853,2.0915
52.4724,0.4775,2.0598
52.4726,0.4801,2.0712
52.4728,0.5146,2.2181
52.4730,0.5012,2.1592
52.4732,0.5429,2.3379
52.4734,0.5926,2.5493
52.4736,0.6239,2.6839
52.4738,0.613,2.637
52.4740,0.6258,2.6922
52.4742,0.638,2.7448
52.4744,0.6235,2.6824
52.4746,0.5994,2.5811
52.4748,0.589,2.5373
52.4750,0.5969,2.5702
52.4752,0.5437,2.3399
52.4754,0.6009,2.5849
52.4756,0.6258,2.6884
52.4758,0.7494,3.2165
52.4760,0.7342,3.157
52.4762,0.6916,2.9823
52.4764,0.5122,2.2098
52.4766,0.4711,2.0305
52.4768,0.4947,2.1333
52.4770,0.5048,2.1747
52.4772,0.5298,2.2811
52.4774,0.5824,2.5054
52.4776,0.589,2.5362
52.4778,0.569,2.4511
52.4780,0.5832,2.5044
52.4782,0.6951,2.9889
52.4784,0.7134,3.0678
52.4786,0.6895,2.9606
52.4788,0.7336,3.15
52.4790,0.76,3.2618
52.4792,0.8028,3.4375
52.4794,0.9247,3.9597
52.4796,0.9188,3.94
52.4798,0.9329,4.0002
52.4800,0.9584,4.1059
52.4802,0.9283,3.9788
52.4804,0.931,3.9938
52.4806,0.9477,4.0601
52.4808,0.9829,4.2008
52.4810,1.0518,4.4976
52.4812,1.0768,4.6064
52.4814,1.0645,4.5583
52.4816,1.0552,4.512
52.4818,1.0666,4.5649
52.4820,1.0084,4.3201
52.4822,1.0091,4.3252
52.4824,0.9885,4.2328
52.4826,1.0058,4.3088
52.4828,0.9817,4.2075
52.4830,1.0126,4.336
52.4832,1.077,4.6031
52.4834,1.0506,4.5072
52.4836,0.9254,3.9739
52.4838,0.8403,3.5999
52.4840,0.9943,4.2535
52.4842,1.0645,4.5562
52.4844,1.0733,4.6001
52.4846,1.01,4.3247
52.4848,1.0407,4.4541
52.4850,1.0668,4.5681
52.4852,0.9795,4.2002
52.4854,0.9203,3.948
52.4856,0.8923,3.8317
52.4858,0.9377,4.0226
52.4860,0.9377,4.0245
52.4862,0.9031,3.8817
52.4864,0.8527,3.663
52.4866,0.7977,3.4271
52.4868,0.8097,3.4802
52.4870,0.8492,3.6498
52.4872,0.826,3.552
52.4874,0.7765,3.3375
52.4876,0.8187,3.5189
52.4878,0.8511,3.6631
52.4880,0.8047,3.457
52.4882,0.8254,3.5477
52.4884,0.7861,3.374
52.4886,0.8094,3.4787
52.4888,0.7626,3.2807
52.4890,0.7522,3.2404
52.4892,0.6981,3.006
52.4894,0.7082,3.0451
52.4896,0.7487,3.2179
52.4898,0.7563,3.2519
52.4900,0.7947,3.4174
52.4902,0.7675,3.3019
52.4904,0.7535,3.2415
52.4906,0.7504,3.2281
52.4908,0.7495,3.2245
52.4910,0.7557,3.2508
52.4912,0.7589,3.2632
52.4914,0.8245,3.5387
52.4916,0.8662,3.7178
52.4918,0.8575,3.6853
52.4920,0.7976,3.4378
52.4922,0.6878,2.9616
52.4924,0.7091,3.0507
52.4926,0.7073,3.0429
52.4928,0.8101,3.4802
52.4930,0.857,3.6867
52.4932,0.7252,3.1213
52.4934,0.7075,3.0463
52.4936,0.7107,3.0617
52.4938,0.7119,3.064
52.4940,0.7087,3.0515
52.4942,0.7084,3.0518
52.4944,0.7491,3.221
52.4946,0.7715,3.3189
52.4948,0.7146,3.0758
52.4950,0.7145,3.0725
52.4952,0.7077,3.0445
52.4954,0.7028,3.0304
52.4956,0.6551,2.8233
52.4958,0.6487,2.7972
52.4960,0.6432,2.7644
52.4962,0.7938,3.4117
52.4964,0.7758,3.3437
52.4966,0.657,2.8276
52.4968,0.6739,2.9031
52.4970,0.6877,2.9625
52.4972,0.6952,2.995
52.4974,0.6928,2.9819
52.4976,0.6393,2.7556
52.4978,0.5722,2.4673
52.4980,0.5663,2.4431
52.4982,0.5609,2.4187
52.4984,0.5555,2.3932
52.4986,0.6043,2.6035
52.4988,0.5932,2.559
52.4990,0.5648,2.4341
52.4992,0.6051,2.609
52.4994,0.6106,2.6267
52.4996,0.6799,2.9289
52.4998,0.635,2.7382
52.5000,0.5861,2.5261
52.5002,0.6289,2.7081
52.5004,0.6985,3.0048
52.5006,0.7605,3.2669
52.5008,0.7946,3.4153
52.5010,0.7751,3.3328
52.5012,0.8047,3.4602
52.5014,0.775,3.3277
52.5016,0.8299,3.5618
52.5018,0.8372,3.5966
52.5020,0.8921,3.8289
52.5022,0.9144,3.9265
52.5024,0.8512,3.6551
52.5026,0.8335,3.5756
52.5028,0.9738,4.1755
52.5030,0.9515,4.0875
52.5032,0.7994,3.4375
52.5034,0.8246,3.5441
52.5036,0.8547,3.6701
52.5038,0.833,3.5819
52.5040,0.7649,3.289
52.5042,0.8037,3.4513
52.5044,0.806,3.4659
52.5046,0.8248,3.5452
52.5048,0.8497,3.6569
52.5050,0.7264,3.125
52.5052,0.7054,3.0375
52.5054,0.6722,2.8958
52.5056,0.6451,2.7739
52.5058,0.7229,3.1071
52.5060,0.7861,3.374
52.5062,0.8579,3.684
52.5064,0.8985,3.858
52.5066,0.8789,3.7741
52.5068,0.8383,3.6046
52.5070,0.7452,3.2134
52.5072,0.6016,2.5976
52.5074,0.5191,2.2414
52.5076,0.4937,2.1296
52.5078,0.5022,2.1674
52.5080,0.5034,2.1746
52.5082,0.4998,2.157
52.5084,0.4987,2.1524
52.5086,0.4987,2.1524
52.5088,0.5481,2.3678
52.5090,0.5124,2.2103
52.5092,0.5336,2.2976
52.5094,0.5744,2.4789
52.5096,0.4756,2.0515
52.5098,0.4698,2.0295
52.5100,0.4837,2.0906
52.5102,0.4698,2.0276
52.5104,0.4925,2.1225
52.5106,0.5266,2.2708
52.5108,0.5926,2.554
52.5110,0.5976,2.5745
52.5112,0.575,2.4758
52.5114,0.5933,2.5559
52.5116,0.6724,2.8915
52.5118,0.7461,3.2096
52.5120,0.7392,3.1742
52.5122,0.7923,3.4039
52.5124,0.8519,3.6599
52.5126,0.83,3.569
52.5128,0.7708,3.3081
52.5130,0.798,3.4281
52.5132,0.8718,3.7402
52.5134,0.8968,3.8508
52.5136,0.8793,3.7791
52.5138,0.8741,3.75
52.5140,0.9041,3.8786
52.5142,0.8993,3.8598
52.5144,0.8763,3.7628
52.5146,0.8783,3.768
52.5148,0.8938,3.8379
52.5150,0.8842,3.8003
52.5152,0.8102,3.4807
52.5154,0.8016,3.442
52.5156,0.8384,3.6001
52.5158,0.8169,3.5128
52.5160,0.7969,3.4235
52.5162,0.8391,3.6065
52.5164,0.8215,3.5324
52.5166,0.8463,3.6306
52.5168,0.9294,3.9927
52.5170,0.8109,3.4903
52.5172,0.6901,2.9714
52.5174,0.6469,2.7894
52.5176,0.5891,2.5379
52.5178,0.6473,2.7858
52.5180,0.7334,3.1549
52.5182,0.7858,3.3819
52.5184,0.7222,3.1084
52.5186,0.6871,2.9585
52.5188,0.6681,2.8783
52.5190,0.635,2.7382
52.5192,0.6166,2.6562
52.5194,0.6559,2.8269
52.5196,0.6247,2.6913
52.5198,0.5987,2.584
52.5200,0.6222,2.6804
52.5202,0.68,2.924
52.5204,0.7386,3.1805
52.5206,0.6994,3.0089
52.5208,0.7411,3.1899
52.5210,0.6902,2.9733
52.5212,0.6354,2.7373
52.5214,0.6939,2.9838
52.5216,0.7921,3.4045
52.5218,0.8011,3.4447
52.5220,0.7935,3.4107
52.5222,0.7233,3.1116
52.5224,0.685,2.9538
52.5226,0.5985,2.5782
52.5228,0.6518,2.8041
52.5230,0.6655,2.8642
52.5232,0.7043,3.0357
52.5234,0.6266,2.7033
52.5236,0.5732,2.4692
52.5238,0.5824,2.5089
52.5240,0.6333,2.7272
52.5242,0.6604,2.8439
52.5244,0.676,2.9137
52.5246,0.6351,2.7362
52.5248,0.6372,2.7463
52.5250,0.5795,2.5023
52.5252,0.5094,2.1974
52.5254,0.5467,2.355
52.5256,0.5788,2.4981
52.5258,0.5172,2.2321
52.5260,0.5457,2.353
52.5262,0.5825,2.5083
52.5264,0.6591,2.8382
52.5266,0.6302,2.7188
52.5268,0.5212,2.2497
52.5270,0.462,1.9949
52.5272,0.4433,1.9142
52.5274,0.4432,1.9163
52.5276,0.4457,1.9254
52.5278,0.4507,1.9472
52.5280,0.4493,1.9391
52.5282,0.4602,1.9881
52.5284,0.4597,1.9842
52.5286,0.4618,1.992
52.5288,0.4601,1.9866
52.5290,0.4602,1.9872
52.5292,0.4586,1.9804
52.5294,0.4823,2.0805
52.5296,0.5527,2.3797
52.5298,0.614,2.649
52.5300,0.4806,2.0752
52.5302,0.4457,1.9245
52.5304,0.45,1.9404
52.5306,0.5061,2.1814
52.5308,0.5082,2.1922
52.5310,0.4553,1.9668
52.5312,0.4503,1.9442
52.5314,0.4476,1.931
52.5316,0.4474,1.9318
52.5318,0.4491,1.939
52.5320,0.4474,1.9309
52.5322,0.4459,1.9238
52.5324,0.4447,1.9195
52.5326,0.4469,1.9297
52.5328,0.4495,1.9393
52.5330,0.4456,1.9222
52.5332,0.4468,1.9292
52.5334,0.4444,1.9188
52.5336,0.4636,1.9989
52.5338,0.51,2.199
52.5340,0.4596,1.9837
52.5342,0.445,1.9196
52.5344,0.4449,1.9191
52.5346,0.4482,1.9327
52.5348,0.4556,1.9647
52.5350,0.4813,2.0764
52.5352,0.5327,2.2919
52.5354,0.624,2.6882
52.5356,0.5913,2.546
52.5358,0.5992,2.5813
52.5360,0.5577,2.4048
52.5362,0.4889,2.1089
52.5364,0.4499,1.9399
52.5366,0.4497,1.9389
52.5368,0.4646,2.0017
52.5370,0.4887,2.1104
52.5372,0.4221,1.8225
52.5374,0.4378,1.8868
52.5376,0.4865,2.0986
52.5378,0.4819,2.078
52.5380,0.4814,2.074
52.5382,0.4839,2.0848
52.5384,0.5543,2.3903
52.5386,0.5068,2.1845
52.5388,0.5025,2.1659
52.5390,0.5114,2.2021
52.5392,0.5134,2.2119
52.5394,0.55,2.3673
52.5396,0.6009,2.5849
52.5398,0.6018,2.5902
52.5400,0.6168,2.6535
52.5402,0.6118,2.6318
52.5404,0.6552,2.8159
52.5406,0.6637,2.8552
52.5408,0.6361,2.7353
52.5410,0.6672,2.8675
52.5412,0.7113,3.0557
52.5414,0.7417,3.1895
52.5416,0.6637,2.8538
52.5418,0.6728,2.8903
52.5420,0.7266,3.1274
52.5422,0.6459,2.7788
52.5424,0.6414,2.7579
52.5426,0.6447,2.7763
52.5428,0.5941,2.5572
52.5430,0.6143,2.639
52.5432,0.6804,2.9242
52.5434,0.6655,2.8656
52.5436,0.6197,2.6683
52.5438,0.6007,2.5856
52.5440,0.6523,2.8036
52.5442,0.7182,3.0856
52.5444,0.748,3.2163
52.5446,0.647,2.7822
52.5448,0.6638,2.8477
52.5450,0.7483,3.2164
52.5452,0.6754,2.9044
52.5454,0.6814,2.9302
52.5456,0.7025,3.0167
52.5458,0.7471,3.2052
52.5460,0.7654,3.2804
52.5462,0.8114,3.4826
52.5464,0.8233,3.5269
52.5466,1.0145,4.3442
52.5468,1.0154,4.3478
52.5470,1.0388,4.4396
52.5472,1.0738,4.5914
52.5474,1.1274,4.8184
52.5476,1.059,4.5368
52.5478,0.8591,3.6874
52.5480,0.8567,3.6805
52.5482,0.8131,3.4947
52.5484,0.762,3.2751
52.5486,0.7548,3.2427
52.5488,0.774,3.3251
52.5490,0.8037,3.448
52.5492,0.8287,3.555
52.5494,0.8328,3.5709
52.5496,0.8626,3.7006
52.5498,0.9004,3.8608
52.5500,0.9485,4.067
52.5502,0.9299,3.9873
52.5504,0.9199,3.9465
52.5506,0.8943,3.8328
52.5508,0.901,3.8652
52.5510,0.8876,3.8076
52.5512,0.8458,3.632
52.5514,0.8383,3.5995
52.5516,0.8226,3.5304
52.5518,0.8605,3.6948
52.5520,0.8438,3.6232
52.5522,0.8429,3.6213
52.5524,0.8293,3.5593
52.5526,0.8663,3.7183
52.5528,0.8619,3.6992
52.5530,0.8461,3.6381
52.5532,0.7777,3.3426
52.5534,0.8419,3.6167
52.5536,0.8206,3.5222
52.5538,0.8576,3.679
52.5540,0.8772,3.7686
52.5542,0.8204,3.5245
52.5544,0.8578,3.6852
52.5546,0.8289,3.566
52.5548,0.7518,3.2328
52.5550,0.7482,3.2129
52.5552,0.8456,3.636
52.5554,0.7983,3.4265
52.5556,0.8434,3.625
52.5558,0.831,3.5681
52.5560,0.8565,3.6778
52.5562,0.9041,3.8768
52.5564,0.9151,3.9241
52.5566,0.8673,3.7276
52.5568,0.8144,3.502
52.5570,0.7819,3.3575
52.5572,0.8322,3.5766
52.5574,0.7871,3.3828
52.5576,0.7806,3.3581
52.5578,0.7841,3.3715
52.5580,0.8089,3.4799
52.5582,0.8233,3.5401
52.5584,0.8157,3.5027
52.5586,0.856,3.6757
52.5588,0.8169,3.5161
52.5590,0.7009,3.0179
52.5592,0.688,2.9626
52.5594,0.7862,3.3776
52.5596,0.894,3.8372
52.5598,0.888,3.8097
52.5600,0.9383,4.0252
52.5602,0.9585,4.116
52.5604,0.8923,3.8317
52.5606,0.9035,3.8778
52.5608,0.9141,3.9231
52.5610,0.8819,3.787
52.5612,0.887,3.8104
52.5614,0.8782,3.771
52.5616,0.9168,3.9349
52.5618,0.8729,3.7501
52.5620,0.8527,3.6664
52.5622,0.7771,3.3478
52.5624,0.7042,3.0338
52.5626,0.7233,3.1101
52.5628,0.8296,3.5608
52.5630,0.8494,3.6474
52.5632,0.7824,3.3721
52.5634,0.6533,2.8142
52.5636,0.6645,2.8641
52.5638,0.6545,2.8194
52.5640,0.6441,2.7762
52.5642,0.6265,2.699
52.5644,0.727,3.129
52.5646,0.738,3.175
52.5648,0.6751,2.9096
52.5650,0.6281,2.707
52.5652,0.6295,2.7145
52.5654,0.628,2.7052
52.5656,0.6619,2.8488
52.5658,0.7304,3.1449
52.5660,0.7611,3.2695
52.5662,0.8494,3.6576
52.5664,0.7314,3.1496
52.5666,0.7137,3.0731
52.5668,0.6817,2.9339
52.5670,0.6877,2.9652
52.5672,0.6323,2.7263
52.5674,0.5732,2.4726
52.5676,0.5525,2.3836
52.5678,0.5567,2.4006
52.5680,0.5435,2.3448
52.5682,0.5282,2.2786
52.5684,0.5694,2.452
52.5686,0.6691,2.8784
52.5688,0.6834,2.9425
52.5690,0.6845,2.9531
52.5692,0.5837,2.5169
52.5694,0.6158,2.6531
52.5696,0.6154,2.6534
52.5698,0.5583,2.4085
52.5700,0.5691,2.4527
52.5702,0.6138,2.6467
52.5704,0.5349,2.3087
52.5706,0.5488,2.3676
52.5708,0.5579,2.4058
52.5710,0.5549,2.394
52.5712,0.5704,2.4584
52.5714,0.5769,2.4863
52.5716,0.5618,2.4201
52.5718,0.6278,2.7035
52.5720,0.6758,2.9127
52.5722,0.6198,2.6738
52.5724,0.5829,2.5145
52.5726,0.5319,2.2904
52.5728,0.6398,2.7538
52.5730,0.6441,2.7788
52.5732,0.5296,2.2806
52.5734,0.641,2.7577
52.5736,0.6777,2.9169
52.5738,0.7224,3.1079
52.5740,0.7566,3.255
52.5742,0.7346,3.1556
52.5744,0.8241,3.5421
52.5746,0.7517,3.2383
52.5748,0.6613,2.8475
52.5750,0.661,2.8452
52.5752,0.5981,2.5838
52.5754,0.4832,2.0875
52.5756,0.4703,2.0307
52.5758,0.4732,2.0421
52.5760,0.4663,2.0136
52.5762,0.4734,2.0422
52.5764,0.5192,2.2398
52.5766,0.4652,2.0089
52.5768,0.4732,2.044
52.5770,0.4703,2.0288
52.5772,0.5122,2.2098
52.5774,0.5435,2.3427
52.5776,0.5956,2.5646
52.5778,0.57,2.458
52.5780,0.5528,2.3824
52.5782,0.6457,2.7765
52.5784,0.7176,3.0859
52.5786,0.7078,3.045
52.5788,0.7493,3.2235
52.5790,0.7628,3.2803
52.5792,0.7718,3.3143
52.5794,0.8493,3.6435
52.5796,0.9093,3.8989
52.5798,0.9371,4.0163
52.5800,0.9813,4.2079
52.5802,0.9341,4.0091
52.5804,0.9301,3.9884
52.5806,1.0004,4.2877
52.5808,1.018,4.3591
52.5810,1.0407,4.4499
52.5812,1.088,4.6568
52.5814,1.0419,4.4634
52.5816,1.03,4.4125
52.5818,1.0685,4.5774
52.5820,1.0295,4.4105
52.5822,1.01,4.3267
52.5824,0.9918,4.2467
52.5826,1.0525,4.5028
52.5828,1.0735,4.5969
52.5830,1.0367,4.4537
52.5832,0.9161,3.9319
52.5834,0.9103,3.9053
52.5836,0.9317,4.0025
52.5838,0.8198,3.5268
52.5840,0.7715,3.3158
52.5842,0.7882,3.3859
52.5844,0.8109,3.4886
52.5846,0.7674,3.2983
52.5848,0.8471,3.641
52.5850,0.8805,3.7843
52.5852,0.8945,3.841
52.5854,0.9196,3.9486
52.5856,0.9073,3.8925
52.5858,0.9563,4.1043
52.5860,0.874,3.7565
52.5862,0.7975,3.4325
52.5864,0.7519,3.2348
52.5866,0.7759,3.3396
52.5868,0.759,3.2668
52.5870,0.7892,3.3937
52.5872,0.7619,3.2761
52.5874,0.7617,3.2751
52.5876,0.7819,3.3654
52.5878,0.7276,3.1287
52.5880,0.7889,3.3906
52.5882,0.7993,3.4418
52.5884,0.7254,3.1237
52.5886,0.7399,3.1862
52.5888,0.7178,3.0864
52.5890,0.7507,3.2357
52.5892,0.6435,2.7724
52.5894,0.7262,3.1239
52.5896,0.7921,3.4124
52.5898,0.7614,3.2756
52.5900,0.7391,3.1841
52.5902,0.7096,3.057
52.5904,0.7747,3.3313
52.5906,0.8288,3.5605
52.5908,0.8293,3.5626
52.5910,0.8286,3.5611
52.5912,0.8929,3.8325
52.5914,0.9384,4.0295
52.5916,0.8684,3.7409
52.5918,0.7108,3.0636
52.5920,0.6186,2.6674
52.5922,0.6003,2.5883
52.5924,0.6256,2.6936
52.5926,0.6344,2.7293
52.5928,0.7465,3.2131
52.5930,0.7149,3.0812
52.5932,0.7043,3.03
52.5934,0.7589,3.2617
52.5936,0.7692,3.3076
52.5938,0.7271,3.1324
52.5940,0.6444,2.7773
52.5942,0.6226,2.6845
52.5944,0.6212,2.6775
52.5946,0.6214,2.6781
52.5948,0.6274,2.7039
52.5950,0.6286,2.7103
52.5952,0.6421,2.7662
52.5954,0.6293,2.7159
52.5956,0.5133,2.2155
52.5958,0.5244,2.261
52.5960,0.6312,2.7217
52.5962,0.5958,2.5704
52.5964,0.5534,2.3872
52.5966,0.5312,2.2958
52.5968,0.4673,2.0186
52.5970,0.4656,2.0086
52.5972,0.5228,2.2574
52.5974,0.4681,2.0223
52.5976,0.4505,1.9452
52.5978,0.4607,1.9892
52.5980,0.4562,1.9728
52.5982,0.5184,2.2362
52.5984,0.5357,2.3144
52.5986,0.4667,2.0142
52.5988,0.5009,2.1607
52.5990,0.5121,2.2124
52.5992,0.4657,2.011
52.5994,0.4579,1.9764
52.5996,0.5122,2.2108
52.5998,0.504,2.1751
52.6000,0.5904,2.5388
52.6002,0.6868,2.9534
52.6004,0.7138,3.0708
52.6006,0.7558,3.2513
52.6008,0.7293,3.1373
52.6010,0.7017,3.0173
52.6012,0.6913,2.9766
52.6014,0.6756,2.9103
52.6016,0.6769,2.9133
52.6018,0.6953,2.9886
52.6020,0.7898,3.3931
52.6022,0.8343,3.5859
52.6024,0.7328,3.1523
52.6026,0.645,2.776
52.6028,0.6892,2.9664
52.6030,0.6873,2.9582
52.6032,0.7175,3.0882
52.6034,0.7094,3.0546
52.6036,0.6874,2.9559
52.6038,0.6957,2.9929
52.6040,0.7354,3.1607
52.6042,0.7807,3.3618
52.6044,0.648,2.7902
52.6046,0.6961,2.9972
52.6048,0.7166,3.0784
52.6050,0.754,3.2466
52.6052,0.7022,3.0208
52.6054,0.6648,2.8625
52.6056,0.6039,2.6038
52.6058,0.5204,2.244
52.6060,0.561,2.4147
52.6062,0.6313,2.721
52.6064,0.612,2.6353
52.6066,0.6753,2.9079
52.6068,0.6845,2.9463
52.6070,0.6626,2.8572
52.6072,0.5197,2.244
52.6074,0.4919,2.1229
52.6076,0.4921,2.1239
52.6078,0.4958,2.139
52.6080,0.4968,2.1431
52.6082,0.4905,2.1162
52.6084,0.5287,2.2828
52.6086,0.491,2.1183
52.6088,0.4887,2.1084
52.6090,0.5351,2.3086
52.6092,0.4982,2.1493
52.6094,0.4833,2.0852
52.6096,0.4947,2.1363
52.6098,0.5086,2.1963
52.6100,0.5079,2.1912
52.6102,0.5011,2.1597
52.6104,0.5066,2.1845
52.6106,0.5333,2.2987
52.6108,0.5698,2.4524
52.6110,0.6272,2.7021
52.6112,0.5899,2.5438
52.6114,0.5679,2.4476
52.6116,0.659,2.8324
52.6118,0.7346,3.1556
52.6120,0.7326,3.1533
52.6122,0.6717,2.8897
52.6124,0.6819,2.9363
52.6126,0.6985,3.002
52.6128,0.765,3.2819
52.6130,0.8259,3.5449
52.6132,0.8498,3.6456
52.6134,0.9665,4.1422
52.6136,1.0099,4.3222
52.6138,1.0328,4.4223
52.6140,1.0421,4.4602
52.6142,0.9896,4.2434
52.6144,0.8838,3.7917
52.6146,0.9129,3.918
52.6148,0.8842,3.7932
52.6150,0.9299,3.991
52.6152,0.837,3.5905
52.6154,0.8272,3.5489
52.6156,0.8441,3.6231
52.6158,0.8259,3.5498
52.6160,0.7704,3.3112
52.6162,0.7511,3.2342
52.6164,0.7228,3.1095
52.6166,0.7416,3.189
52.6168,0.7862,3.3745
52.6170,0.8801,3.7792
52.6172,0.7874,3.3875
52.6174,0.7554,3.2498
52.6176,0.7381,3.1799
52.6178,0.6751,2.9028
52.6180,0.6923,2.9757
52.6182,0.757,3.252
52.6184,0.7993,3.4402
52.6186,0.7206,3.0988
52.6188,0.7727,3.321
52.6190,0.7558,3.2453
52.6192,0.7781,3.3457
52.6194,0.7469,3.2117
52.6196,0.7432,3.1987
52.6198,0.7152,3.0741
52.6200,0.7464,3.2096
52.6202,0.7252,3.1169
52.6204,0.7599,3.2658
52.6206,0.7897,3.3926
52.6208,0.8148,3.4986
52.6210,0.8408,3.6154
52.6212,0.8209,3.5298
52.6214,0.8168,3.5106
52.6216,0.7576,3.2576
52.6218,0.7747,3.3266
52.6220,0.87,3.7377
52.6222,0.8192,3.5242
52.6224,0.6802,2.9277
52.6226,0.6998,3.0132
52.6228,0.7462,3.2101
52.6230,0.6961,3
52.6232,0.5483,2.3655
52.6234,0.5349,2.3076
52.6236,0.5576,2.402
52.6238,0.6262,2.6925
52.6240,0.6592,2.8374
52.6242,0.6901,2.97
52.6244,0.7187,3.092
52.6246,0.7061,3.0378
52.6248,0.7048,3.0349
52.6250,0.6962,2.9978
52.6252,0.6377,2.7496
52.6254,0.5953,2.5671
52.6256,0.5992,2.5813
52.6258,0.6263,2.6955
52.6260,0.7118,3.0592
52.6262,0.7952,3.4179
52.6264,0.8456,3.6326
52.6266,0.8379,3.6064
52.6268,0.6318,2.723
52.6270,0.5775,2.4889
52.6272,0.6214,2.6793
52.6274,0.5588,2.4094
52.6276,0.5561,2.398
52.6278,0.5621,2.4261
52.6280,0.571,2.461
52.6282,0.5723,2.4667
52.6284,0.5457,2.3563
52.6286,0.4878,2.1053
52.6288,0.486,2.0965
52.6290,0.5084,2.1933
52.6292,0.5516,2.3762
52.6294,0.6738,2.8985
52.6296,0.6469,2.7881
52.6298,0.5582,2.4068
52.6300,0.5554,2.396
52.6302,0.5445,2.3479
52.6304,0.5435,2.3427
52.6306,0.5449,2.3483
52.6308,0.58,2.4986
52.6310,0.558,2.4074
52.6312,0.5396,2.3278
52.6314,0.5401,2.3244
52.6316,0.5863,2.5283
52.6318,0.5348,2.306
52.6320,0.5244,2.2621
52.6322,0.5214,2.2491
52.6324,0.5327,2.2983
52.6326,0.5356,2.3107
52.6328,0.5262,2.2677
52.6330,0.542,2.3348
52.6332,0.5666,2.4407
52.6334,0.5302,2.2853
52.6336,0.5301,2.2837
52.6338,0.5256,2.2672
52.6340,0.526,2.2683
52.6342,0.5257,2.2667
52.6344,0.5269,2.2719
52.6346,0.5365,2.3132
52.6348,0.5302,2.2853
52.6350,0.5766,2.483
52.6352,0.6323,2.72
52.6354,0.6631,2.8513
52.6356,0.6836,2.9394
52.6358,0.7294,3.1393
52.6360,0.7274,3.1291
52.6362,0.6592,2.8414
52.6364,0.5434,2.3432
52.6366,0.5347,2.3065
52.6368,0.5287,2.2786
52.6370,0.5438,2.3415
52.6372,0.5649,2.4369
52.6374,0.5259,2.2677
52.6376,0.526,2.2672
52.6378,0.5509,2.3753
52.6380,0.5383,2.321
52.6382,0.539,2.3209
52.6384,0.585,2.5203
52.6386,0.5482,2.3639
52.6388,0.4663,2.0098
52.6390,0.5235,2.2553
52.6392,0.6238,2.6809
52.6394,0.6958,2.9976
52.6396,0.5835,2.5136
52.6398,0.6066,2.6121
52.6400,0.6748,2.8991
52.6402,0.6837,2.9386
52.6404,0.6751,2.9042
52.6406,0.6278,2.7035
52.6408,0.6844,2.9417
52.6410,0.7854,3.3725
52.6412,0.7777,3.3395
52.6414,0.7563,3.2519
52.6416,0.6878,2.9589
52.6418,0.7033,3.024
52.6420,0.7132,3.0654
52.6422,0.7355,3.1627
52.6424,0.7371,3.1694
52.6426,0.7347,3.162
52.6428,0.6696,2.8805
52.6430,0.6714,2.8882
52.6432,0.6929,2.9783
52.6434,0.7353,3.1573
52.6436,0.7631,3.2782
52.6438,0.7579,3.2591
52.6440,0.7427,3.1877
52.6442,0.8807,3.7765
52.6444,0.8654,3.7159
52.6446,0.829,3.5632
52.6448,0.7646,3.2849
52.6450,0.7988,3.4285
52.6452,0.7826,3.3622
52.6454,0.762,3.2751
52.6456,0.7905,3.3946
52.6458,0.873,3.7401
52.6460,0.9636,4.1318
52.6462,0.9699,4.1552
52.6464,1.0482,4.4864
52.6466,1.0626,4.5438
52.6468,1.0522,4.5076
52.6470,1.0019,4.2943
52.6472,0.9545,4.0889
52.6474,1.0145,4.3442
52.6476,1.0606,4.5393
52.6478,1.0377,4.4537
52.6480,0.901,3.8688
52.6482,0.8651,3.7114
52.6484,0.916,3.9313
52.6486,0.844,3.6276
52.6488,0.77,3.3112
52.6490,0.8133,3.4908
52.6492,0.8384,3.5967
52.6494,0.8891,3.8178
52.6496,0.8475,3.6375
52.6498,0.8348,3.5896
52.6500,0.7819,3.3607
52.6502,0.8277,3.5575
52.6504,0.8382,3.6024
52.6506,0.7539,3.2416
52.6508,0.7563,3.2519
52.6510,0.7987,3.4312
52.6512,0.8563,3.6785
52.6514,0.8663,3.7166
52.6516,0.88,3.7875
52.6518,0.7591,3.2658
52.6520,0.7675,3.2988
52.6522,0.8206,3.5255
52.6524,0.821,3.5336
52.6526,0.7198,3.0937
52.6528,0.7371,3.1709
52.6530,0.7614,3.2756
52.6532,0.7685,3.306
52.6534,0.7759,3.3411
52.6536,0.7126,3.0685
52.6538,0.7192,3.0911
52.6540,0.7974,3.4256
52.6542,0.8391,3.6048
52.6544,0.7818,3.3617
52.6546,0.6735,2.9029
52.6548,0.6506,2.8068
52.6550,0.6076,2.6186
52.6552,0.6221,2.6774
52.6554,0.6691,2.8811
52.6556,0.7323,3.1458
52.6558,0.7437,3.2052
52.6560,0.6028,2.598
52.6562,0.5886,2.537
52.6564,0.5914,2.5489
52.6566,0.5857,2.5269
52.6568,0.5845,2.5217
52.6570,0.5886,2.5358
52.6572,0.6444,2.7747
52.6574,0.7167,3.0832
52.6576,0.76,3.2664
52.6578,0.7455,3.2085
52.6580,0.7651,3.2901
52.6582,0.8076,3.471
52.6584,0.7898,3.3931
52.6586,0.7986,3.4371
52.6588,0.7294,3.1379
52.6590,0.7404,3.1838
52.6592,0.7417,3.188
52.6594,0.7627,3.2797
52.6596,0.7107,3.0617
52.6598,0.6625,2.8553
52.6600,0.6732,2.8959
52.6602,0.6973,2.9982
52.6604,0.7325,3.1498
52.6606,0.7673,3.2993
52.6608,0.7787,3.3468
52.6610,0.8019,3.4467
52.6612,0.8007,3.4432
52.6614,0.8344,3.5881
52.6616,0.7909,3.4057
52.6618,0.6808,2.9317
52.6620,0.6286,2.7103
52.6622,0.5625,2.4266
52.6624,0.5541,2.387
52.6626,0.5624,2.426
52.6628,0.5724,2.4672
52.6630,0.6106,2.6291
52.6632,0.6597,2.8395
52.6634,0.667,2.875
52.6636,0.6212,2.6751
52.6638,0.6411,2.762
52.6640,0.5598,2.4152
52.6642,0.5056,2.1844
52.6644,0.4925,2.1264
52.6646,0.4796,2.071
52.6648,0.5233,2.2543
52.6650,0.6091,2.6278
52.6652,0.5318,2.2963
52.6654,0.4714,2.0334
52.6656,0.4708,2.029
52.6658,0.557,2.3994
52.6660,0.6429,2.7685
52.6662,0.6407,2.7587
52.6664,0.6517,2.8075
52.6666,0.639,2.7515
52.6668,0.6456,2.7786
52.6670,0.6598,2.84
52.6672,0.6463,2.7804
52.6674,0.6602,2.8429
52.6676,0.6477,2.7918
52.6678,0.5776,2.4917
52.6680,0.5944,2.5594
52.6682,0.642,2.7618
52.6684,0.6818,2.9358
52.6686,0.6788,2.9215
52.6688,0.7242,3.1171
52.6690,0.6175,2.6615
52.6692,0.5751,2.4774
52.6694,0.6106,2.634
52.6696,0.559,2.4104
52.6698,0.5491,2.3675
52.6700,0.5548,2.3901
52.6702,0.6045,2.6052
52.6704,0.5652,2.4339
52.6706,0.5608,2.4182
52.6708,0.5627,2.4265
52.6710,0.5639,2.4305
52.6712,0.5717,2.4652
52.6714,0.6186,2.6625
52.6716,0.6782,2.9149
52.6718,0.7498,3.2271
52.6720,0.656,2.8261
52.6722,0.6076,2.615
52.6724,0.6187,2.6655
52.6726,0.5849,2.5209
52.6728,0.5995,2.5828
52.6730,0.6144,2.6444
52.6732,0.6646,2.8606
52.6734,0.6492,2.7954
52.6736,0.681,2.9322
52.6738,0.6134,2.6427
52.6740,0.6353,2.7367
52.6742,0.5521,2.3827
52.6744,0.4896,2.1121
52.6746,0.4945,2.1313
52.6748,0.5568,2.4011
52.6750,0.5257,2.2688
52.6752,0.4896,2.113
52.6754,0.4751,2.0485
52.6756,0.4789,2.0651
52.6758,0.5037,2.1691
52.6760,0.5474,2.357
52.6762,0.6115,2.6345
52.6764,0.6028,2.5955
52.6766,0.6295,2.7094
52.6768,0.6711,2.8845
52.6770,0.7235,3.1155
52.6772,0.6633,2.8563
52.6774,0.5921,2.5496
52.6776,0.6122,2.6327
52.6778,0.741,3.1864
52.6780,0.6992,3.0093
52.6782,0.6264,2.696
52.6784,0.6512,2.8041
52.6786,0.6413,2.7549
52.6788,0.751,3.2172
52.6790,0.8823,3.785
52.6792,0.8286,3.5512
52.6794,0.9144,3.9228
52.6796,0.894,3.8318
52.6798,0.9048,3.8817
52.6800,0.9079,3.8932
52.6802,0.9187,3.9413
52.6804,0.8762,3.757
52.6806,0.9222,3.9489
52.6808,0.9473,4.0676
52.6810,0.8487,3.6477
52.6812,0.8378,3.5925
52.6814,0.9209,3.9488
52.6816,0.9188,3.9363
52.6818,0.983,4.2131
52.6820,0.9959,4.2666
52.6822,1.0145,4.3524
52.6824,0.9512,4.0788
52.6826,0.9677,4.1512
52.6828,0.9684,4.1562
52.6830,0.8577,3.6864
52.6832,0.806,3.4691
52.6834,0.7494,3.2195
52.6836,0.8298,3.5613
52.6838,0.8429,3.623
52.6840,0.8368,3.5967
52.6842,0.8479,3.6407
52.6844,0.8775,3.7661
52.6846,0.9012,3.868
52.6848,0.8623,3.7077
52.6850,0.7847,3.371
52.6852,0.7762,3.3359
52.6854,0.8034,3.4561
52.6856,0.6947,2.9943
52.6858,0.6396,2.7528
52.6860,0.6614,2.8493
52.6862,0.665,2.8622
52.6864,0.666,2.8676
52.6866,0.7128,3.0624
52.6868,0.7308,3.144
52.6870,0.7134,3.0707
52.6872,0.6816,2.9361
52.6874,0.6503,2.8039
52.6876,0.6393,2.7517
52.6878,0.6834,2.9425
52.6880,0.6116,2.6374
52.6882,0.5769,2.4863
52.6884,0.5898,2.5421
52.6886,0.5917,2.5433
52.6888,0.7287,3.1318
52.6890,0.7904,3.4036
52.6892,0.6853,2.9508
52.6894,0.6628,2.8529
52.6896,0.7013,3.0186
52.6898,0.6903,2.9752
52.6900,0.6077,2.6179
52.6902,0.6247,2.6888
52.6904,0.599,2.5818
52.6906,0.5888,2.5391
52.6908,0.576,2.4815
52.6910,0.5926,2.5504
52.6912,0.5929,2.5555
52.6914,0.6072,2.6158
52.6916,0.6269,2.703
52.6918,0.6768,2.9077
52.6920,0.7071,3.0531
52.6922,0.5047,2.1782
52.6924,0.5005,2.158
52.6926,0.498,2.1482
52.6928,0.5034,2.1735
52.6930,0.5078,2.1906
52.6932,0.5042,2.1741
52.6934,0.499,2.1538
52.6936,0.5004,2.1595
52.6938,0.5073,2.1875
52.6940,0.5212,2.2496
52.6942,0.5067,2.187
52.6944,0.5053,2.1787
52.6946,0.505,2.1777
52.6948,0.5074,2.188
52.6950,0.5091,2.1922
52.6952,0.5639,2.4315
52.6954,0.6069,2.6147
52.6956,0.6177,2.6637
52.6958,0.5283,2.278
52.6960,0.5182,2.2356
52.6962,0.5119,2.2092
52.6964,0.5146,2.2201
52.6966,0.501,2.1591
52.6968,0.5045,2.1766
52.6970,0.5079,2.1911
52.6972,0.494,2.1311
52.6974,0.491,2.1172
52.6976,0.4936,2.1296
52.6978,0.5016,2.1627
52.6980,0.5023,2.1668
52.6982,0.4923,2.1219
52.6984,0.5071,2.1834
52.6986,0.5735,2.4706
52.6988,0.5814,2.5035
52.6990,0.6246,2.6857
52.6992,0.668,2.8736
52.6994,0.7433,3.1946
52.6996,0.7382,3.173
52.6998,0.6886,2.9624
52.7000,0.6586,2.836
52.7002,0.6643,2.8576
52.7004,0.715,3.0773
52.7006,0.6904,2.9715
52.7008,0.6474,2.7875
52.7010,0.6175,2.6589
52.7012,0.6182,2.662
52.7014,0.6209,2.6697
52.7016,0.7139,3.0683
52.7018,0.7773,3.3379
52.7020,0.8259,3.5447
52.7022,0.9444,4.0513
52.7024,0.839,3.6042
52.7026,0.7715,3.3173
52.7028,0.7486,3.2158
52.7030,0.8157,3.4977
52.7032,0.8507,3.6563
52.7034,0.6652,2.8671
52.7036,0.5818,2.5074
52.7038,0.6037,2.5947
52.7040,0.7669,3.2915
52.7042,0.779,3.3513
52.7044,0.7252,3.1211
52.7046,0.7422,3.1855
52.7048,0.8237,3.5322
52.7050,0.8532,3.6603
52.7052,0.8968,3.8471
52.7054,0.9108,3.9109
52.7056,0.8494,3.6456
52.7058,0.8657,3.7173
52.7060,0.8796,3.7735
52.7062,0.8975,3.8484
52.7064,0.8277,3.5591
52.7066,0.776,3.3368
52.7068,0.7603,3.2663
52.7070,0.8216,3.5311
52.7072,0.7983,3.4295
52.7074,0.7886,3.3862
52.7076,0.7918,3.4065
52.7078,0.7626,3.2776
52.7080,0.7688,3.309
52.7082,0.7392,3.1771
52.7084,0.7436,3.1917
52.7086,0.9266,3.9751
52.7088,0.9508,4.0714
52.7090,0.9254,3.9756
52.7092,0.7965,3.4218
52.7094,0.7809,3.3595
52.7096,0.7131,3.0704
52.7098,0.6942,2.9894
52.7100,0.7358,3.1612
52.7102,0.8042,3.458
52.7104,0.7314,3.148
52.7106,0.7373,3.1688
52.7108,0.7832,3.3646
52.7110,0.7408,3.1882
52.7112,0.7027,3.019
52.7114,0.7844,3.3745
52.7116,0.7619,3.276
52.7118,0.8428,3.6122
52.7120,0.9722,4.1706
52.7122,0.9671,4.1432
52.7124,1.0643,4.5571
52.7126,1.0369,4.4422
52.7128,1.0482,4.4862
52.7130,1.0749,4.6007
52.7132,1.0735,4.6117
52.7134,0.9117,3.9132
52.7136,0.9107,3.9067
52.7138,0.9562,4.1003
52.7140,0.9635,4.1297
52.7142,0.9963,4.272
52.7144,0.9328,4.0056
52.7146,0.8916,3.8249
52.7148,0.9426,4.0454
52.7150,0.9713,4.1592
52.7152,1.0762,4.6085
52.7154,1.0084,4.3239
52.7156,0.9211,3.9478
52.7158,0.9337,4.0036
52.7160,0.9194,3.9498
52.7162,0.8357,3.5953
52.7164,0.802,3.4503
52.7166,0.8223,3.5359
52.7168,0.7457,3.2094
52.7170,0.7456,3.2059
52.7172,0.7573,3.2594
52.7174,0.7711,3.3111
52.7176,0.8539,3.6668
52.7178,0.912,3.9179
52.7180,0.8762,3.7644
52.7182,0.8421,3.6192
52.7184,0.8026,3.4497
52.7186,0.7846,3.374
52.7188,0.834,3.583
52.7190,0.8662,3.7194
52.7192,0.8758,3.7641
52.7194,0.8623,3.7063
52.7196,0.8435,3.6204
52.7198,0.9621,4.1255
52.7200,0.995,4.2644
52.7202,0.9704,4.1629
52.7204,0.9324,4.0054
52.7206,0.9331,4.0029
52.7208,0.9559,4.1026
52.7210,0.9215,3.9641
52.7212,0.8312,3.5757
52.7214,0.8379,3.6012
52.7216,0.8498,3.6539
52.7218,0.8569,3.6814
52.7220,0.8671,3.727
52.7222,0.8795,3.7818
52.7224,0.8593,3.6986
52.7226,0.8168,3.5072
52.7228,0.8806,3.7794
52.7230,0.9507,4.0804
52.7232,1.008,4.3305
52.7234,0.893,3.8401
52.7236,0.8253,3.5504
52.7238,0.814,3.5003
52.7240,0.8126,3.499
52.7242,0.7939,3.4184
52.7244,0.773,3.3255
52.7246,0.7762,3.3363
52.7248,0.8168,3.5089
52.7250,0.8852,3.803
52.7252,0.9055,3.8882
52.7254,0.8945,3.848
52.7256,0.8543,3.6752
52.7258,0.8067,3.4704
52.7260,0.7951,3.4204
52.7262,0.8061,3.4695
52.7264,0.7697,3.3126
52.7266,0.7916,3.4023
52.7268,0.8483,3.6477
52.7270,0.7521,3.2433
52.7272,0.6597,2.846
52.7274,0.6539,2.8224
52.7276,0.6183,2.6663
52.7278,0.6906,2.9725
52.7280,0.7319,3.1515
52.7282,0.6432,2.7746
52.7284,0.6635,2.8559
52.7286,0.7272,3.1386
52.7288,0.6426,2.772
52.7290,0.6832,2.9391
52.7292,0.7167,3.0888
52.7294,0.6855,2.9489
52.7296,0.7292,3.1431
52.7298,0.6926,2.9849
52.7300,0.6734,2.9022
52.7302,0.6695,2.883
52.7304,0.7255,3.1285
52.7306,0.679,2.9238
52.7308,0.7366,3.1716
52.7310,0.7,3.0142
52.7312,0.6971,3.0032
52.7314,0.7451,3.2038
52.7316,0.8192,3.5175
52.7318,0.9752,4.1776
52.7320,1.1104,4.7548
52.7322,1.1664,4.9969
52.7324,1.0316,4.4319
52.7326,0.8915,3.8262
52.7328,0.8898,3.8172
52.7330,0.9458,4.0688
52.7332,0.8284,3.5671
52.7334,0.7824,3.3657
52.7336,0.7762,3.341
52.7338,0.794,3.4158
52.7340,0.8649,3.7172
52.7342,0.8715,3.7368
52.7344,0.8903,3.8246
52.7346,0.8752,3.7615
52.7348,0.8689,3.7347
52.7350,0.8701,3.7468
52.7352,0.825,3.5477
52.7354,0.8478,3.6525
52.7356,0.6615,2.855
52.7358,0.6173,2.6629
52.7360,0.6264,2.6997
52.7362,0.6155,2.6526
52.7364,0.6079,2.6213
52.7366,0.5982,2.5818
52.7368,0.6084,2.6258
52.7370,0.6043,2.607
52.7372,0.5934,2.5587
52.7374,0.5972,2.5753
52.7376,0.5999,2.5879
52.7378,0.6125,2.6422
52.7380,0.6361,2.7415
52.7382,0.6852,2.952
52.7384,0.7316,3.1475
52.7386,0.7674,3.3043
52.7388,0.734,3.1608
52.7390,0.7502,3.226
52.7392,0.8146,3.4996
52.7394,0.8191,3.5203
52.7396,0.8709,3.7447
52.7398,0.8581,3.69
52.7400,0.8374,3.5991
52.7402,0.8514,3.656
52.7404,0.8952,3.8475
52.7406,0.8697,3.7378
52.7408,0.8893,3.8241
52.7410,0.8179,3.525
52.7412,0.6956,2.9895
52.7414,0.7903,3.3998
52.7416,0.8374,3.6008
52.7418,0.8518,3.661
52.7420,0.8643,3.7163
52.7422,0.8382,3.6078
52.7424,0.7464,3.2155
52.7426,0.7662,3.2946
52.7428,0.8954,3.845
52.7430,0.8788,3.784
52.7432,0.7768,3.3451
52.7434,0.7849,3.3734
52.7436,0.9424,4.0393
52.7438,0.9939,4.2637
52.7440,0.9458,4.0612
52.7442,0.9109,3.9059
52.7444,1.0008,4.2976
52.7446,1.0242,4.4
52.7448,0.9319,4.0015
52.7450,0.8786,3.7799
52.7452,0.8521,3.6608
52.7454,0.8641,3.7158
52.7456,0.8804,3.7877
52.7458,0.9093,3.9065
52.7460,1.0302,4.4093
52.7462,1.1885,5.0843
52.7464,1.2005,5.1404
52.7466,1.1645,4.9887
52.7468,1.1587,4.9594
52.7470,1.1958,5.118
52.7472,1.1098,4.7589
52.7474,1.0278,4.4175
52.7476,0.9874,4.2359
52.7478,1.0487,4.4925
52.7480,1.1259,4.8255
52.7482,1.1411,4.8817
52.7484,1.187,5.0781
52.7486,1.2199,5.2114
52.7488,1.2917,5.5285
52.7490,1.2494,5.3574
52.7492,1.1031,4.7323
52.7494,1.0706,4.5886
52.7496,1.1631,4.9756
52.7498,1.1737,5.0306
52.7500,1.1079,4.7462
52.7502,1.1297,4.8488
52.7504,1.0744,4.6223
52.7506,0.958,4.1118
52.7508,1.0144,4.3557
52.7510,0.9776,4.1996
52.7512,0.9495,4.0791
52.7514,0.953,4.0902
52.7516,0.9608,4.1237
52.7518,1.0651,4.565
52.7520,1.1694,5.0168
52.7522,1.1466,4.9213
52.7524,1.0641,4.5673
52.7526,1.0819,4.6478
52.7528,0.9458,4.0669
52.7530,0.8795,3.7818
52.7532,0.8874,3.8211
52.7534,0.8573,3.6916
52.7536,0.8589,3.6983
52.7538,0.8173,3.5142
52.7540,0.9037,3.8805
52.7542,0.9397,4.0406
52.7544,0.9397,4.0369
52.7546,0.9539,4.1058
52.7548,0.9259,3.9832
52.7550,0.9465,4.07
52.7552,0.9345,4.0203
52.7554,0.8508,3.6569
52.7556,0.985,4.2335
52.7558,0.952,4.0899
52.7560,0.9607,4.1347
52.7562,0.8886,3.8245
52.7564,0.8825,3.7982
52.7566,0.8767,3.7699
52.7568,0.9227,3.9692
52.7570,0.9679,4.1598
52.7572,0.9488,4.0779
52.7574,0.9659,4.1477
52.7576,0.9651,4.148
52.7578,0.9503,4.0922
52.7580,0.8886,3.8227
52.7582,0.9175,3.9471
52.7584,0.931,3.996
52.7586,1.029,4.4206
52.7588,0.9719,4.1774
52.7590,0.9238,3.9818
52.7592,0.8121,3.4985
52.7594,0.8308,3.5791
52.7596,0.8607,3.706
52.7598,0.9225,3.9724
52.7600,0.8997,3.8635
52.7602,0.9738,4.1798
52.7604,1.0292,4.4196
52.7606,0.99,4.2552
52.7608,0.9418,4.0518
52.7610,0.9044,3.8963
52.7612,0.8495,3.6631
52.7614,0.7228,3.118
52.7616,0.7344,3.1594
52.7618,0.8655,3.7267
52.7620,0.8518,3.6661
52.7622,0.8568,3.6946
52.7624,0.7243,3.1291
52.7626,0.6369,2.7515
52.7628,0.6264,2.7072
52.7630,0.5993,2.5901
52.7632,0.5875,2.5381
52.7634,0.5804,2.5075
52.7636,0.5822,2.5141
52.7638,0.6037,2.6068
52.7640,0.5981,2.5825
52.7642,0.5707,2.4656
52.7644,0.57,2.4636
52.7646,0.5731,2.4771
52.7648,0.574,2.4807
52.7650,0.5849,2.5197
52.7652,0.7246,3.1186
52.7654,0.7036,3.0353
52.7656,0.6309,2.7243
52.7658,0.576,2.4884
52.7660,0.5717,2.4697
52.7662,0.5715,2.4675
52.7664,0.6065,2.6163
52.7666,0.6633,2.8628
52.7668,0.6459,2.7852
52.7670,0.6697,2.8889
52.7672,0.7201,3.1023
52.7674,0.7477,3.2286
52.7676,0.6121,2.6431
52.7678,0.6718,2.8969
52.7680,0.7213,3.1075
52.7682,0.748,3.2222
52.7684,0.7663,3.3073
52.7686,0.6442,2.7792
52.7688,0.5958,2.5738
52.7690,0.5771,2.4919
52.7692,0.5739,2.4779
52.7694,0.5712,2.4642
52.7696,0.5739,2.4779
52.7698,0.6116,2.6385
52.7700,0.5896,2.5457
52.7702,0.5933,2.5606
52.7704,0.5878,2.538
52.7706,0.5749,2.4803
52.7708,0.6008,2.5956
52.7710,0.6205,2.6768
52.7712,0.6622,2.8542
52.7714,0.6824,2.9396
52.7716,0.7368,3.1786
52.7718,0.6655,2.8695
52.7720,0.6674,2.8777
52.7722,0.6742,2.9032
52.7724,0.6957,2.997
52.7726,0.7717,3.3167
52.7728,0.8689,3.7364
52.7730,0.8796,3.7805
52.7732,0.849,3.6542
52.7734,0.8216,3.5328
52.7736,0.7929,3.4127
52.7738,0.7408,3.1927
52.7740,0.6858,2.9615
52.7742,0.6091,2.6265
52.7744,0.6029,2.5984
52.7746,0.6096,2.6285
52.7748,0.6298,2.7134
52.7750,0.7492,3.2229
52.7752,0.7725,3.3296
52.7754,0.6448,2.7818
52.7756,0.6116,2.641
52.7758,0.6032,2.6023
52.7760,0.6044,2.6063
52.7762,0.6031,2.6042
52.7764,0.5952,2.5665
52.7766,0.6902,2.9732
52.7768,0.6784,2.928
52.7770,0.6129,2.6455
52.7772,0.6221,2.6798
52.7774,0.6813,2.935
52.7776,0.768,3.3038
52.7778,0.8537,3.6692
52.7780,0.8406,3.6147
52.7782,0.8286,3.5566
52.7784,0.8824,3.7853
52.7786,0.9554,4.0986
52.7788,1.0105,4.3352
52.7790,1.0446,4.4729
52.7792,1.1405,4.8837
52.7794,1.1779,5.0415
52.7796,1.1725,5.0184
52.7798,1.1261,4.8311
52.7800,1.0344,4.4396
52.7802,1.0236,4.3933
52.7804,0.9435,4.0533
52.7806,1.0309,4.4165
52.7808,1.0946,4.6848
52.7810,1.0944,4.6948
52.7812,1.0129,4.3455
52.7814,0.9899,4.2467
52.7816,1.1185,4.7847
52.7818,1.2472,5.3481
52.7820,1.1268,4.8297
52.7822,1.1085,4.7488
52.7824,1.1857,5.0725
52.7826,1.2478,5.3382
52.7828,1.1623,4.9957
52.7830,0.9613,4.1334
52.7832,0.937,4.0293
52.7834,0.9134,3.9277
52.7836,0.9284,3.9884
52.7838,0.9602,4.1269
52.7840,0.926,3.9763
52.7842,0.94,4.0365
52.7844,0.9456,4.0621
52.7846,0.9656,4.1481
52.7848,0.9555,4.1087
52.7850,0.9362,4.0275
52.7852,0.9187,3.9467
52.7854,0.9679,4.156
52.7856,0.9324,4.011
52.7858,0.9127,3.9228
52.7860,0.9448,4.0571
52.7862,0.9507,4.088
52.7864,0.8798,3.7869
52.7866,0.8942,3.8541
52.7868,0.7448,3.2132
52.7870,0.6735,2.9014
52.7872,0.7435,3.1971
52.7874,0.8405,3.6142
52.7876,0.8586,3.6938
52.7878,0.8472,3.6431
52.7880,0.8573,3.6847
52.7882,0.8948,3.8567
52.7884,0.78,3.3648
52.7886,0.6915,2.983
52.7888,0.68,2.9279
52.7890,0.7498,3.2284
52.7892,0.7406,3.1966
52.7894,0.6668,2.8791
52.7896,0.6531,2.8188
52.7898,0.6465,2.7878
52.7900,0.6615,2.8524
52.7902,0.6922,2.9875
52.7904,0.6734,2.909
52.7906,0.5857,2.5303
52.7908,0.5691,2.4526
52.7910,0.6047,2.6122
52.7912,0.5932,2.5613
52.7914,0.6376,2.7482
52.7916,0.744,3.2066
52.7918,0.6935,2.9932
52.7920,0.6368,2.7484
52.7922,0.6239,2.6913
52.7924,0.621,2.6789
52.7926,0.63,2.7202
52.7928,0.6251,2.6965
52.7930,0.6206,2.6724
52.7932,0.6995,3.0177
52.7934,0.6524,2.8157
52.7936,0.6429,2.7723
52.7938,0.5917,2.555
52.7940,0.5538,2.3903
52.7942,0.5861,2.5331
52.7944,0.5173,2.2377
52.7946,0.4944,2.1376
52.7948,0.4879,2.1077
52.7950,0.4856,2.0978
52.7952,0.508,2.1967
52.7954,0.4789,2.0698
52.7956,0.4953,2.1368
52.7958,0.5117,2.2107
52.7960,0.4928,2.1299
52.7962,0.4918,2.1277
52.7964,0.4795,2.0724
52.7966,0.5144,2.2201
52.7968,0.5593,2.4164
52.7970,0.4923,2.1288
52.7972,0.4685,2.0228
52.7974,0.4718,2.0382
52.7976,0.4891,2.1128
52.7978,0.4787,2.0678
52.7980,0.4667,2.0178
52.7982,0.473,2.0453
52.7984,0.5266,2.2739
52.7986,0.5203,2.2475
52.7988,0.5333,2.3018
52.7990,0.5319,2.2956
52.7992,0.58,2.5008
52.7994,0.6162,2.6533
52.7996,0.693,2.9828
52.7998,0.7168,3.0893
52.8000,0.694,2.9925
52.8002,0.6729,2.8961
52.8004,0.7017,3.0214
52.8006,0.6313,2.7234
52.8008,0.5724,2.4683
52.8010,0.6147,2.6471
52.8012,0.7096,3.0555
52.8014,0.7301,3.1423
52.8016,0.7236,3.1173
52.8018,0.6968,2.9988
52.8020,0.7055,3.0337
52.8022,0.6968,3.0072
52.8024,0.5707,2.4644
52.8026,0.555,2.3955
52.8028,0.5844,2.5211
52.8030,0.5587,2.4093
52.8032,0.6278,2.7034
52.8034,0.6712,2.8929
52.8036,0.6218,2.6788
52.8038,0.6574,2.8322
52.8040,0.6433,2.7738
52.8042,0.5957,2.5674
52.8044,0.609,2.6272
52.8046,0.5695,2.457
52.8048,0.5657,2.4382
52.8050,0.5723,2.4689
52.8052,0.5804,2.5052
52.8054,0.6007,2.5843
52.8056,0.7406,3.1818
52.8058,0.8866,3.8033
52.8060,0.9778,4.1909
52.8062,1.0054,4.3131
52.8064,0.9043,3.8885
52.8066,0.8007,3.4511
52.8068,0.6251,2.6927
52.8070,0.6081,2.6211
52.8072,0.6258,2.6946
52.8074,0.6273,2.7
52.8076,0.6565,2.8267
52.8078,0.6442,2.7805
52.8080,0.5541,2.3914
52.8082,0.6248,2.6892
52.8084,0.6718,2.8955
52.8086,0.5818,2.5097
52.8088,0.5501,2.3732
52.8090,0.5378,2.3178
52.8092,0.5405,2.3307
52.8094,0.5444,2.3516
52.8096,0.5127,2.2139
52.8098,0.5908,2.5462
52.8100,0.5779,2.4897
52.8102,0.6157,2.65
52.8104,0.644,2.7782
52.8106,0.5922,2.5512
52.8108,0.6257,2.6953
52.8110,0.662,2.8465
52.8112,0.7042,3.0322
52.8114,0.7109,3.0569
52.8116,0.7963,3.4192
52.8118,0.8117,3.4889
52.8120,0.9055,3.8774
52.8122,1.0453,4.4781
52.8124,1.0289,4.4077
52.8126,1.0227,4.381
52.8128,1.0321,4.4237
52.8130,1.006,4.3177
52.8132,0.9563,4.1046
52.8134,0.9471,4.0669
52.8136,0.8831,3.7849
52.8138,0.9662,4.143
52.8140,0.9039,3.8815
52.8142,0.9047,3.8828
52.8144,0.9711,4.1679
52.8146,0.965,4.1359
52.8148,0.9785,4.1979
52.8150,0.9398,4.0336
52.8152,0.9651,4.1364
52.8154,0.994,4.2583
52.8156,0.9879,4.238
52.8158,0.9356,4.0119
52.8160,0.9639,4.137
52.8162,0.9109,3.9132
52.8164,0.8533,3.6694
52.8166,0.8406,3.608
52.8168,0.8399,3.61
52.8170,0.8456,3.6359
52.8172,0.7911,3.4066
52.8174,0.8096,3.4828
52.8176,0.811,3.4874
52.8178,0.7976,3.4281
52.8180,0.777,3.341
52.8182,0.8249,3.5439
52.8184,0.8729,3.7464
52.8186,0.8772,3.7685
52.8188,0.8451,3.6321
52.8190,0.817,3.5132
52.8192,0.8322,3.5786
52.8194,0.8559,3.6785
52.8196,0.8921,3.8306
52.8198,0.9345,4.0091
52.8200,0.9778,4.1967
52.8202,0.9286,3.9839
52.8204,0.9438,4.0525
52.8206,0.953,4.0902
52.8208,0.9996,4.2884
52.8210,0.9089,3.9063
52.8212,0.8322,3.5753
52.8214,0.8444,3.6273
52.8216,0.8511,3.6579
52.8218,0.7935,3.4169
52.8220,0.7638,3.2873
52.8222,0.7478,3.2187
52.8224,0.7529,3.2434
52.8226,0.7709,3.3178
52.8228,0.7759,3.3379
52.8230,0.7772,3.342
52.8232,0.7757,3.3399
52.8234,0.7254,3.1222
52.8236,0.7774,3.3446
52.8238,0.7521,3.2388
52.8240,0.7454,3.2098
52.8242,0.6748,2.9138
52.8244,0.5899,2.5426
52.8246,0.6414,2.7604
52.8248,0.7453,3.2004
52.8250,0.8778,3.7711
52.8252,0.8505,3.657
52.8254,0.8451,3.6321
52.8256,0.9162,3.9341
52.8258,0.9044,3.889
52.8260,0.8123,3.4914
52.8262,0.8025,3.4508
52.8264,0.7976,3.4312
52.8266,0.787,3.3921
52.8268,0.6786,2.9277
52.8270,0.5765,2.4881
52.8272,0.5723,2.4654
52.8274,0.6264,2.7034
52.8276,0.6218,2.6825
52.8278,0.6474,2.7901
52.8280,0.6453,2.7774
52.8282,0.7061,3.0391
52.8284,0.6764,2.9206
52.8286,0.5569,2.4049
52.8288,0.5506,2.3775
52.8290,0.5356,2.3106
52.8292,0.5348,2.3102
52.8294,0.533,2.3014
52.8296,0.5378,2.321
52.8298,0.5363,2.3158
52.8300,0.5356,2.3127
52.8302,0.5343,2.307
52.8304,0.5363,2.3137
52.8306,0.5779,2.4955
52.8308,0.5675,2.4505
52.8310,0.5454,2.3541
52.8312,0.5292,2.2821
52.8314,0.5405,2.3307
52.8316,0.579,2.5002
52.8318,0.5306,2.2899
52.8320,0.5282,2.2796
52.8322,0.5261,2.2708
52.8324,0.5285,2.2822
52.8326,0.5438,2.3469
52.8328,0.5423,2.3385
52.8330,0.5379,2.3204
52.8332,0.5346,2.3075
52.8334,0.5385,2.3241
52.8336,0.5507,2.3725
52.8338,0.6181,2.6615
52.8340,0.6309,2.7218
52.8342,0.556,2.4008
52.8344,0.5442,2.3457
52.8346,0.6134,2.6402
52.8348,0.6711,2.8897
52.8350,0.702,3.0229
52.8352,0.6923,2.9839
52.8354,0.6066,2.618
52.8356,0.5348,2.3081
52.8358,0.5258,2.2682
52.8360,0.5228,2.2573
52.8362,0.518,2.2335
52.8364,0.5217,2.2496
52.8366,0.5623,2.4237
52.8368,0.5645,2.4341
52.8370,0.5784,2.4918
52.8372,0.5522,2.3842
52.8374,0.5144,2.219
52.8376,0.6007,2.5903
52.8378,0.5681,2.4485
52.8380,0.5604,2.4166
52.8382,0.6128,2.64
52.8384,0.6234,2.6892
52.8386,0.5679,2.4475
52.8388,0.6348,2.732
52.8390,0.6754,2.9056
52.8392,0.7403,3.1847
52.8394,0.7295,3.1412
52.8396,0.6851,2.9474
52.8398,0.6777,2.9154
52.8400,0.6674,2.8737
52.8402,0.6328,2.7288
52.8404,0.5965,2.5686
52.8406,0.6773,2.9166
52.8408,0.7181,3.0907
52.8410,0.7373,3.1718
52.8412,0.6831,2.9386
52.8414,0.6988,3.0048
52.8416,0.7111,3.0593
52.8418,0.7271,3.1279
52.8420,0.7286,3.1317
52.8422,0.7632,3.2847
52.8424,0.6818,2.9411
52.8426,0.5733,2.4707
52.8428,0.5843,2.5148
52.8430,0.6632,2.8583
52.8432,0.6529,2.81
52.8434,0.6934,2.9858
52.8436,0.7301,3.1423
52.8438,0.6698,2.8841
52.8440,0.6507,2.8007
52.8442,0.702,3.0145
52.8444,0.7717,3.3229
52.8446,0.6605,2.8443
52.8448,0.689,2.9639
52.8450,0.7543,3.2405
52.8452,0.8007,3.4399
52.8454,0.8131,3.4994
52.8456,0.7357,3.1636
52.8458,0.826,3.5419
52.8460,0.9232,3.9607
52.8462,0.921,3.951
52.8464,0.8987,3.8553
52.8466,0.92,3.945
52.8468,0.9129,3.9238
52.8470,0.8692,3.7322
52.8472,0.8712,3.7462
52.8474,0.8109,3.4853
52.8476,0.8286,3.5549
52.8478,0.88,3.7768
52.8480,0.8888,3.8149
52.8482,0.9065,3.8905
52.8484,0.9334,4.0045
52.8486,0.9574,4.1073
52.8488,0.9477,4.0714
52.8490,0.8472,3.6414
52.8492,0.8146,3.4996
52.8494,0.8012,3.4435
52.8496,0.7526,3.2378
52.8498,0.7399,3.1861
52.8500,0.7415,3.1913
52.8502,0.7418,3.1929
52.8504,0.7565,3.2528
52.8506,0.7861,3.3802
52.8508,0.828,3.554
52.8510,0.8338,3.5854
52.8512,0.8057,3.4615
52.8514,0.8772,3.7667
52.8516,0.8921,3.8324
52.8518,0.8276,3.5569
52.8520,0.7851,3.376
52.8522,0.7827,3.3673
52.8524,0.7697,3.3141
52.8526,0.7406,3.1847
52.8528,0.7525,3.2343
52.8530,0.8068,3.4645
52.8532,0.8703,3.7421
52.8534,0.8051,3.4653
52.8536,0.7517,3.2352
52.8538,0.7283,3.1331
52.8540,0.7462,3.2085
52.8542,0.7977,3.4334
52.8544,0.7378,3.1709
52.8546,0.7381,3.1769
52.8548,0.7494,3.2239
52.8550,0.7731,3.3276
52.8552,0.7131,3.0719
52.8554,0.6285,2.7115
52.8556,0.5894,2.5428
52.8558,0.6059,2.6089
52.8560,0.6333,2.7309
52.8562,0.5869,2.532
52.8564,0.5935,2.5581
52.8566,0.5935,2.5581
52.8568,0.5834,2.5158
52.8570,0.5924,2.5546
52.8572,0.5914,2.5452
52.8574,0.6471,2.7916
52.8576,0.5664,2.4458
52.8578,0.5149,2.2221
52.8580,0.5189,2.2366
52.8582,0.6119,2.6335
52.8584,0.7267,3.1337
52.8586,0.6056,2.609
52.8588,0.5827,2.5104
52.8590,0.6061,2.6111
52.8592,0.6385,2.7493
52.8594,0.6631,2.8538
52.8596,0.6911,2.9746
52.8598,0.699,3.0072
52.8600,0.7268,3.1284
52.8602,0.7033,3.03
52.8604,0.6778,2.9146
52.8606,0.6683,2.8805
52.8608,0.5735,2.4718
52.8610,0.5771,2.4838
52.8612,0.6276,2.7023
52.8614,0.6813,2.9336
52.8616,0.6891,2.9658
52.8618,0.7079,3.044
52.8620,0.6845,2.9476
52.8622,0.6114,2.64
52.8624,0.4891,2.1109
52.8626,0.4805,2.0727
52.8628,0.4688,2.0244
52.8630,0.4796,2.0719
52.8632,0.4836,2.089
52.8634,0.4818,2.0793
52.8636,0.501,2.1601
52.8638,0.4851,2.0919
52.8640,0.5097,2.2009
52.8642,0.4759,2.0521
52.8644,0.5433,2.3426
52.8646,0.5062,2.1829
52.8648,0.4959,2.1394
52.8650,0.5231,2.2579
52.8652,0.5047,2.1792
52.8654,0.4394,1.8958
52.8656,0.44,1.901
52.8658,0.4352,1.8785
52.8660,0.4536,1.955
52.8662,0.5053,2.1757
52.8664,0.5615,2.4178
52.8666,0.6291,2.7103
52.8668,0.589,2.5408
52.8670,0.541,2.3317
52.8672,0.4854,2.0968
52.8674,0.4549,1.9625
52.8676,0.4543,1.959
52.8678,0.4851,2.0909
52.8680,0.5717,2.464
52.8682,0.5661,2.442
52.8684,0.5864,2.5252
52.8686,0.6597,2.8407
52.8688,0.6364,2.7393
52.8690,0.6316,2.7199
52.8692,0.5924,2.5558
52.8694,0.509,2.1947
52.8696,0.5302,2.2863
52.8698,0.4863,2.099
52.8700,0.4947,2.1342
52.8702,0.5067,2.1859
52.8704,0.4839,2.0857
52.8706,0.5424,2.3357
52.8708,0.6296,2.7149
52.8710,0.5312,2.2883
52.8712,0.5294,2.2816
52.8714,0.5002,2.155
52.8716,0.596,2.5677
52.8718,0.6083,2.6168
52.8720,0.6512,2.804
52.8722,0.5532,2.3833
52.8724,0.5975,2.5715
52.8726,0.6525,2.8058
52.8728,0.6748,2.9003
52.8730,0.7248,3.1181
52.8732,0.6927,2.9799
52.8734,0.6324,2.723
52.8736,0.6358,2.7379
52.8738,0.6024,2.5963
52.8740,0.5563,2.3967
52.8742,0.5225,2.2542
52.8744,0.5225,2.25
52.8746,0.5796,2.5016
52.8748,0.4861,2.097
52.8750,0.4601,1.9856
52.8752,0.4397,1.8986
52.8754,0.4405,1.9013
52.8756,0.4457,1.9235
52.8758,0.4507,1.9453
52.8760,0.4476,1.9318
52.8762,0.4201,1.8142
52.8764,0.4494,1.9369
52.8766,0.5177,2.2283
52.8768,0.5679,2.4441
52.8770,0.6601,2.8422
52.8772,0.605,2.604
52.8774,0.599,2.577
52.8776,0.6263,2.6941
52.8778,0.6608,2.8453
52.8780,0.6255,2.6898
52.8782,0.6832,2.9337
52.8784,0.7601,3.2652
52.8786,0.7739,3.3229
52.8788,0.85,3.6448
52.8790,0.8433,3.616
52.8792,0.9075,3.8861
52.8794,1.061,4.539
52.8796,1.0789,4.6176
52.8798,1.0626,4.5478
52.8800,1.0393,4.4483
52.8802,1.053,4.5026
52.8804,1.0748,4.598
52.8806,1.0497,4.4971
52.8808,1.0206,4.3662
52.8810,1.0815,4.6224
52.8812,1.1092,4.7475
52.8814,0.9637,4.1341
52.8816,0.8703,3.7316
52.8818,0.961,4.1151
52.8820,1.0187,4.3661
52.8822,0.9707,4.1547
52.8824,0.9897,4.2378
52.8826,1.0235,4.3826
52.8828,1.0584,4.532
52.8830,1.036,4.4443
52.8832,0.881,3.785
52.8834,0.8326,3.5785
52.8836,0.8095,3.4823
52.8838,0.7743,3.3265
52.8840,0.7981,3.4269
52.8842,0.8475,3.6373
52.8844,0.8289,3.5592
52.8846,0.8474,3.6402
52.8848,0.8386,3.5976
52.8850,0.8689,3.7329
52.8852,0.8499,3.6527
52.8854,0.8381,3.5972
52.8856,0.8628,3.7049
52.8858,0.8357,3.5936
52.8860,0.7698,3.3054
52.8862,0.8301,3.5644
52.8864,0.8472,3.6397
52.8866,0.8585,3.6881
52.8868,0.8433,3.621
52.8870,0.7965,3.425
52.8872,0.795,3.4151
52.8874,0.8454,3.632
52.8876,0.8138,3.4976
52.8878,0.8321,3.5731
52.8880,0.8531,3.6667
52.8882,0.8086,3.4803
52.8884,0.7924,3.4027
52.8886,0.883,3.7914
52.8888,0.8471,3.6375
52.8890,0.8117,3.4856
52.8892,0.8514,3.6543
52.8894,0.8886,3.821
52.8896,0.7972,3.4329
52.8898,0.7189,3.0943
52.8900,0.6898,2.9689
52.8902,0.6686,2.8802
52.8904,0.6615,2.8484
52.8906,0.6757,2.9094
52.8908,0.6742,2.9032
52.8910,0.6683,2.8819
52.8912,0.595,2.5666
52.8914,0.6228,2.6792
52.8916,0.7502,3.232
52.8918,0.6771,2.9155
52.8920,0.6493,2.7971
52.8922,0.6563,2.8236
52.8924,0.6944,2.9927
52.8926,0.6326,2.7265
52.8928,0.6615,2.8511
52.8930,0.6609,2.8445
52.8932,0.6746,2.9047
52.8934,0.6367,2.7428
52.8936,0.6529,2.8139
52.8938,0.5869,2.5308
52.8940,0.5675,2.4493
52.8942,0.5517,2.3821
52.8944,0.5574,2.4036
52.8946,0.5505,2.3703
52.8948,0.6528,2.8068
52.8950,0.7007,3.0201
52.8952,0.5968,2.5744
52.8954,0.5296,2.2847
52.8956,0.5272,2.2754
52.8958,0.5257,2.2687
52.8960,0.5472,2.3619
52.8962,0.5186,2.2382
52.8964,0.5237,2.2583
52.8966,0.5516,2.3794
52.8968,0.5333,2.2997
52.8970,0.5328,2.2976
52.8972,0.5153,2.2242
52.8974,0.5279,2.2754
52.8976,0.6051,2.6082
52.8978,0.6126,2.639
52.8980,0.6134,2.6426
52.8982,0.6163,2.6562
52.8984,0.5721,2.4656
52.8986,0.5402,2.3259
52.8988,0.5789,2.495
52.8990,0.5928,2.5514
52.8992,0.6286,2.7057
52.8994,0.6537,2.8136
52.8996,0.6584,2.8363
52.8998,0.6827,2.9357
52.9000,0.7162,3.0796
52.9002,0.6908,2.9716
52.9004,0.701,3.0183
52.9006,0.6352,2.7392
52.9008,0.6079,2.6201
52.9010,0.6079,2.6176
52.9012,0.6462,2.7823
52.9014,0.7096,3.0526
52.9016,0.7549,3.2461
52.9018,0.7374,3.1693
52.9020,0.7566,3.2488
52.9022,0.784,3.3682
52.9024,0.7822,3.3683
52.9026,0.6375,2.7503
52.9028,0.5303,2.2857
52.9030,0.584,2.5184
52.9032,0.5664,2.4401
52.9034,0.5788,2.4945
52.9036,0.5902,2.5389
52.9038,0.6577,2.8332
52.9040,0.6237,2.687
52.9042,0.5956,2.568
52.9044,0.5971,2.5736
52.9046,0.6264,2.6997
52.9048,0.5929,2.5495
52.9050,0.6978,3.0021
52.9052,0.6505,2.8009
52.9054,0.6057,2.6071
52.9056,0.6538,2.8141
52.9058,0.6719,2.8893
52.9060,0.7191,3.0934
52.9062,0.712,3.0672
52.9064,0.6279,2.7014
52.9066,0.6629,2.8493
52.9068,0.7144,3.0733
52.9070,0.6882,2.9636
52.9072,0.5968,2.5732
52.9074,0.5761,2.4877
52.9076,0.5117,2.2066
52.9078,0.5476,2.3612
52.9080,0.5475,2.3563
52.9082,0.6561,2.8213
52.9084,0.6723,2.8949
52.9086,0.6016,2.5927
52.9088,0.5753,2.4795
52.9090,0.5751,2.4819
52.9092,0.5032,2.1719
52.9094,0.5068,2.1875
52.9096,0.4621,1.9963
52.9098,0.4139,1.7856
52.9100,0.4554,1.9636
52.9102,0.4927,2.1235
52.9104,0.5439,2.3441
52.9106,0.502,2.1658
52.9108,0.5191,2.2403
52.9110,0.5838,2.515
52.9112,0.6025,2.5932
52.9114,0.641,2.7589
52.9116,0.6891,2.963
52.9118,0.7066,3.0369
52.9120,0.8138,3.483
52.9122,0.9549,4.0946
52.9124,0.9173,3.935
52.9126,0.9117,3.9095
52.9128,0.9216,3.9517
52.9130,0.9007,3.8622
52.9132,0.9382,4.0232
52.9134,0.9146,3.9182
52.9136,0.9798,4.1937
52.9138,1.0493,4.4888
52.9140,1.08,4.6244
52.9142,0.9945,4.2643
52.9144,0.9698,4.1506
52.9146,1.0784,4.6113
52.9148,1.0175,4.363
52.9150,0.9484,4.0631
52.9152,0.9693,4.1525
52.9154,0.9851,4.2262
52.9156,0.9776,4.1938
52.9158,0.9388,4.0276
52.9160,0.903,3.8738
52.9162,0.886,3.8043
52.9164,0.8671,3.7217
52.9166,0.8858,3.7985
52.9168,0.9081,3.9032
52.9170,0.8002,3.4378
52.9172,0.7806,3.358
52.9174,0.7646,3.2894
52.9176,0.7854,3.3739
52.9178,0.8019,3.445
52.9180,0.7818,3.3569
52.9182,0.848,3.6394
52.9184,0.8397,3.6089
52.9186,0.8228,3.5346
52.9188,0.7699,3.3152
52.9190,0.6916,2.9766
52.9192,0.7412,3.1903
52.9194,0.7753,3.3337
52.9196,0.7838,3.3688
52.9198,0.8055,3.4605
52.9200,0.8596,3.691
52.9202,0.8511,3.6613
52.9204,0.7904,3.3987
52.9206,0.7982,3.4322
52.9208,0.8511,3.6579
52.9210,0.7655,3.2915
52.9212,0.7525,3.2373
52.9214,0.7263,3.1214
52.9216,0.759,3.2651
52.9218,0.8013,3.444
52.9220,0.83,3.5689
52.9222,0.8272,3.557
52.9224,0.8073,3.473
52.9226,0.7382,3.1789
52.9228,0.7086,3.0471
52.9230,0.7191,3.0948
52.9232,0.6972,3.0023
52.9234,0.748,3.2207
52.9236,0.7607,3.2708
52.9238,0.7611,3.276
52.9240,0.6798,2.9342
52.9242,0.6091,2.6252
52.9244,0.6074,2.6168
52.9246,0.6194,2.6697
52.9248,0.6476,2.7885
52.9250,0.6623,2.8534
52.9252,0.6097,2.6327
52.9254,0.5225,2.2542
52.9256,0.5568,2.401
52.9258,0.5516,2.3783
52.9260,0.5625,2.4265
52.9262,0.5699,2.4574
52.9264,0.5739,2.4745
52.9266,0.5958,2.5691
52.9268,0.5957,2.5662
52.9270,0.6474,2.7901
52.9272,0.6006,2.5922
52.9274,0.5523,2.3836
52.9276,0.4733,2.0445
52.9278,0.4611,1.9921
52.9280,0.4611,1.9903
52.9282,0.4689,2.0211
52.9284,0.5519,2.3787
52.9286,0.6643,2.859
52.9288,0.7298,3.1398
52.9290,0.7569,3.2564
52.9292,0.7422,3.1885
52.9294,0.8163,3.5084
52.9296,0.758,3.261
52.9298,0.651,2.8095
52.9300,0.4724,2.0418
52.9302,0.4502,1.945
52.9304,0.448,1.9352
52.9306,0.4516,1.9489
52.9308,0.4476,1.9336
52.9310,0.445,1.9204
52.9312,0.4888,2.1069
52.9314,0.5357,2.3079
52.9316,0.5309,2.2904
52.9318,0.4689,2.023
52.9320,0.4902,2.1175
52.9322,0.4796,2.069
52.9324,0.4824,2.0819
52.9326,0.4547,1.9633
52.9328,0.4697,2.0252
52.9330,0.5174,2.2309
52.9332,0.4716,2.0363
52.9334,0.4447,1.9203
52.9336,0.4596,1.9845
52.9338,0.4549,1.9634
52.9340,0.4434,1.9146
52.9342,0.4433,1.9141
52.9344,0.4584,1.9766
52.9346,0.5067,2.1849
52.9348,0.5548,2.39
52.9350,0.5932,2.5553
52.9352,0.5965,2.5698
52.9354,0.6071,2.6116
52.9356,0.6242,2.6904
52.9358,0.5296,2.2869
52.9360,0.4483,1.9349
52.9362,0.4324,1.867
52.9364,0.4182,1.8059
52.9366,0.4794,2.067
52.9368,0.4856,2.0959
52.9370,0.498,2.1432
52.9372,0.6062,2.6116
52.9374,0.5813,2.5054
52.9376,0.5587,2.4104
52.9378,0.496,2.1399
52.9380,0.476,2.0507
52.9382,0.5243,2.2588
52.9384,0.5755,2.4759
52.9386,0.6146,2.6441
52.9388,0.6175,2.6627
52.9390,0.5812,2.5048
52.9392,0.5927,2.5497
52.9394,0.681,2.9271
52.9396,0.6906,2.9711
52.9398,0.6788,2.9187
52.9400,0.7128,3.0594
52.9402,0.7784,3.3472
52.9404,0.6039,2.603
52.9406,0.5748,2.474
52.9408,0.6434,2.7692
52.9410,0.6532,2.8115
52.9412,0.6669,2.869
52.9414,0.6349,2.7351
52.9416,0.574,2.4715
52.9418,0.5861,2.526
52.9420,0.5759,2.4798
52.9422,0.6343,2.73
52.9424,0.6079,2.6213
52.9426,0.5717,2.4629
52.9428,0.5953,2.5622
52.9430,0.5914,2.5476
52.9432,0.533,2.2971
52.9434,0.5176,2.2309
52.9436,0.5439,2.3452
52.9438,0.5012,2.1581
52.9440,0.6047,2.6001
52.9442,0.7025,3.0194
52.9444,0.7549,3.2416
52.9446,0.7555,3.2426
52.9448,0.7936,3.4063
52.9450,0.7848,3.3729
52.9452,0.7436,3.1961
52.9454,0.8307,3.5587
52.9456,0.9613,4.12
52.9458,0.9205,3.9489
52.9460,0.8408,3.6068
52.9462,0.829,3.5548
52.9464,0.8502,3.6458
52.9466,0.8888,3.8113
52.9468,0.8814,3.7812
52.9470,0.8868,3.8008
52.9472,0.9066,3.8892
52.9474,0.924,3.9546
52.9476,0.9914,4.245
52.9478,0.9623,4.1284
52.9480,0.9267,3.9701
52.9482,0.9637,4.1264
52.9484,1.0044,4.305
52.9486,0.964,4.1318
52.9488,0.9342,4.0057
52.9490,0.9379,4.0179
52.9492,1.0105,4.3251
52.9494,1.026,4.3893
52.9496,0.9858,4.2332
52.9498,0.8125,3.4952
52.9500,0.7518,3.2312
52.9502,0.8038,3.4532
52.9504,0.791,3.4013
52.9506,0.7772,3.3389
52.9508,0.8241,3.5354
52.9510,0.8833,3.7912
52.9512,0.8478,3.6423
52.9514,0.842,3.6154
52.9516,0.8503,3.6531
52.9518,0.8177,3.5097
52.9520,0.8394,3.6146
52.9522,0.7415,3.1898
52.9524,0.7488,3.2183
52.9526,0.771,3.3106
52.9528,0.8532,3.6621
52.9530,0.8551,3.6737
52.9532,0.8465,3.6383
52.9534,0.8575,3.6874
52.9536,0.7998,3.4341
52.9538,0.7876,3.3884
52.9540,0.7512,3.2301
52.9542,0.7709,3.3116
52.9544,0.8409,3.6124
52.9546,0.8573,3.6795
52.9548,0.8081,3.4799
52.9550,0.6944,2.9913
52.9552,0.6922,2.9751
52.9554,0.7634,3.2842
52.9556,0.7199,3.0999
52.9558,0.6802,2.9276
52.9560,0.6709,2.89
52.9562,0.68,2.9307
52.9564,0.6733,2.8936
52.9566,0.7201,3.0966
52.9568,0.7011,3.0188
52.9570,0.6681,2.8795
52.9572,0.6182,2.6633
52.9574,0.6028,2.5954
52.9576,0.6348,2.7371
52.9578,0.6508,2.7999
52.9580,0.7942,3.4136
52.9582,0.7561,3.2558
52.9584,0.6904,2.9673
52.9586,0.7512,3.2301
52.9588,0.72,3.0961
52.9590,0.7452,3.2014
52.9592,0.7709,3.3162
52.9594,0.7946,3.4168
52.9596,0.8218,3.5338
52.9598,0.7761,3.3358
52.9600,0.7553,3.2507
52.9602,0.7495,3.2244
52.9604,0.7315,3.1456
52.9606,0.7174,3.0919
52.9608,0.6814,2.9341
52.9610,0.7038,3.0335
52.9612,0.7044,3.029
52.9614,0.7827,3.3641
52.9616,0.8152,3.5038
52.9618,0.7784,3.3503
52.9620,0.7161,3.0833
52.9622,0.6881,2.963
52.9624,0.7029,3.0266
52.9626,0.6792,2.9235
52.9628,0.6897,2.9698
52.9630,0.7026,3.0283
52.9632,0.6107,2.6295
52.9634,0.6523,2.8113
52.9636,0.5664,2.4424
52.9638,0.5283,2.2801
52.9640,0.5283,2.279
52.9642,0.5382,2.3209
52.9644,0.5295,2.281
52.9646,0.6091,2.6252
52.9648,0.5983,2.5823
52.9650,0.5439,2.3441
52.9652,0.5396,2.3287
52.9654,0.5402,2.3292
52.9656,0.5667,2.44
52.9658,0.6025,2.598
52.9660,0.544,2.3468
52.9662,0.5412,2.3371
52.9664,0.5303,2.2878
52.9666,0.5352,2.3069
52.9668,0.6205,2.6706
52.9670,0.6006,2.5874
52.9672,0.5751,2.4808
52.9674,0.5357,2.309
52.9676,0.5363,2.3116
52.9678,0.6147,2.6471
52.9680,0.7451,3.2038
52.9682,0.7529,3.2388
52.9684,0.7213,3.1032
52.9686,0.7215,3.1023
52.9688,0.6926,2.9808
52.9690,0.6433,2.7687
52.9692,0.6538,2.8154
52.9694,0.6555,2.8252
52.9696,0.6008,2.5896
52.9698,0.5627,2.4252
52.9700,0.5908,2.5438
52.9702,0.6593,2.8405
52.9704,0.5902,2.5424
52.9706,0.5608,2.4181
52.9708,0.5631,2.4291
52.9710,0.5664,2.4447
52.9712,0.5792,2.4931
52.9714,0.6453,2.7787
52.9716,0.6731,2.8985
52.9718,0.6947,2.9901
52.9720,0.6723,2.8909
52.9722,0.7038,3.0251
52.9724,0.7367,3.1736
52.9726,0.6319,2.7222
52.9728,0.6098,2.632
52.9730,0.4893,2.1129
52.9732,0.4831,2.0831
52.9734,0.5327,2.2939
52.9736,0.5414,2.3376
52.9738,0.4803,2.0712
52.9740,0.5031,2.1694
52.9742,0.476,2.0535
52.9744,0.4851,2.0919
52.9746,0.6091,2.6216
52.9748,0.6379,2.748
52.9750,0.5531,2.3872
52.9752,0.4849,2.0918
52.9754,0.4765,2.0556
52.9756,0.4731,2.0402
52.9758,0.485,2.0913
52.9760,0.511,2.2025
52.9762,0.5516,2.3761
52.9764,0.5191,2.2413
52.9766,0.4492,1.9386
52.9768,0.4857,2.0935
52.9770,0.515,2.2206
52.9772,0.4785,2.0634
52.9774,0.5061,2.1783
52.9776,0.6177,2.6587
52.9778,0.6272,2.702
52.9780,0.6295,2.7093
52.9782,0.6827,2.9344
52.9784,0.7386,3.1701
52.9786,0.8122,3.4796
52.9788,0.9386,4.021
52.9790,0.9375,4.0163
52.9792,0.9343,4.0099
52.9794,0.8795,3.7765
52.9796,0.8634,3.7006
52.9798,0.9078,3.8926
52.9800,0.918,3.9418
52.9802,0.8718,3.7366
52.9804,0.9198,3.9385
52.9806,0.9991,4.2724
52.9808,1.1177,4.7839
52.9810,1.0928,4.6772
52.9812,1.0987,4.7001
52.9814,1.1616,4.9694
52.9816,1.1185,4.787
52.9818,1.0584,4.5278
52.9820,1.1001,4.7041
52.9822,1.0768,4.6111
52.9824,1.0613,4.5464
52.9826,1.0396,4.4555
52.9828,0.995,4.2624
52.9830,0.9966,4.2775
52.9832,0.9181,3.9386
52.9834,0.9501,4.0798
52.9836,0.8824,3.7889
52.9838,0.8657,3.7242
52.9840,0.7974,3.427
52.9842,0.821,3.5318
52.9844,0.7879,3.3863
52.9846,0.8195,3.524
52.9848,0.792,3.4054
52.9850,0.8071,3.4688
52.9852,0.8553,3.6691
52.9854,0.8484,3.6516
52.9856,0.7731,3.326
52.9858,0.7816,3.3611
52.9860,0.8039,3.4521
52.9862,0.8657,3.7121
52.9864,0.8543,3.6786
52.9866,0.7162,3.081
52.9868,0.7524,3.2353
52.9870,0.7844,3.3682
52.9872,0.8215,3.5322
52.9874,0.8276,3.5602
52.9876,0.7625,3.2801
52.9878,0.7187,3.089
52.9880,0.7276,3.1358
52.9882,0.6927,2.9799
52.9884,0.6801,2.9312
52.9886,0.6065,2.6139
52.9888,0.6735,2.9014
52.9890,0.7042,3.0308
52.9892,0.6998,3.0103
52.9894,0.6999,3.0136
52.9896,0.7328,3.1542
52.9898,0.7111,3.0622
52.9900,0.6573,2.8317
52.9902,0.6029,2.5984
52.9904,0.6539,2.8198
52.9906,0.6197,2.6695
52.9908,0.6254,2.6968
52.9910,0.592,2.5537
52.9912,0.6036,2.6003
52.9914,0.6078,2.6183
52.9916,0.5957,2.5686
52.9918,0.6017,2.5944
52.9920,0.6008,2.5884
52.9922,0.6013,2.5953
52.9924,0.5761,2.4866
52.9926,0.5394,2.3272
52.9928,0.5271,2.2739
52.9930,0.5337,2.3045
52.9932,0.5056,2.1803
52.9934,0.5078,2.1936
52.9936,0.4613,1.9945
52.9938,0.4602,1.9871
52.9940,0.5073,2.1885
52.9942,0.4971,2.1475
52.9944,0.4494,1.9423
52.9946,0.4469,1.9305
52.9948,0.4482,1.9344
52.9950,0.4468,1.9291
52.9952,0.4608,1.9906
52.9954,0.4656,2.0113
52.9956,0.4622,1.9959
52.9958,0.4549,1.9643
52.9960,0.4534,1.9576
52.9962,0.4572,1.9741
52.9964,0.494,2.1301
52.9966,0.5368,2.3136
52.9968,0.4984,2.1532
52.9970,0.4361,1.8821
52.9972,0.4523,1.952
52.9974,0.505,2.1787
52.9976,0.4905,2.1171
52.9978,0.4507,1.9453
52.9980,0.4406,1.9027
52.9982,0.4459,1.9246
52.9984,0.4652,2.006
52.9986,0.4933,2.126
52.9988,0.5236,2.2568
52.9990,0.5667,2.4423
52.9992,0.5813,2.503
52.9994,0.577,2.4856
52.9996,0.5776,2.487
52.9998,0.6292,2.7095
53.0000,0.6233,2.68
53.0002,0.651,2.8004
53.0004,0.6089,2.623
53.0006,0.609,2.6211
53.0008,0.6474,2.7849
53.0010,0.6899,2.9639
53.0012,0.7141,3.0737
53.0014,0.6763,2.9119
53.0016,0.6392,2.7524
53.0018,0.5834,2.5135
53.0020,0.589,2.5349
53.0022,0.6639,2.8548
53.0024,0.6819,2.9321
53.0026,0.6765,2.9143
53.0028,0.5689,2.4521
53.0030,0.5916,2.5462
53.0032,0.6109,2.6306
53.0034,0.5713,2.459
53.0036,0.5547,2.3917
53.0038,0.5601,2.4128
53.0040,0.6149,2.6488
53.0042,0.594,2.5589
53.0044,0.5832,2.5136
53.0046,0.5976,2.5732
53.0048,0.6075,2.6149
53.0050,0.6147,2.6471
53.0052,0.6592,2.8347
53.0054,0.6796,2.9223
53.0056,0.7099,3.0528
53.0058,0.7771,3.3399
53.0060,0.7673,3.3007
53.0062,0.653,2.8118
53.0064,0.5927,2.5509
53.0066,0.6501,2.7994
53.0068,0.5766,2.4875
53.0070,0.4927,2.1244
53.0072,0.5321,2.2903
53.0074,0.6095,2.6268
53.0076,0.5741,2.4778
53.0078,0.5187,2.2346
53.0080,0.5426,2.3395
53.0082,0.484,2.0872
53.0084,0.4897,2.1096
53.0086,0.5386,2.3192
53.0088,0.5537,2.3843
53.0090,0.5691,2.4515
53.0092,0.5585,2.406
53.0094,0.5412,2.3317
53.0096,0.5336,2.3007
53.0098,0.5159,2.2247
53.0100,0.4761,2.0521
53.0102,0.5095,2.1948
53.0104,0.5227,2.2526
53.0106,0.4886,2.1069
53.0108,0.5296,2.2794
53.0110,0.6216,2.674
53.0112,0.651,2.8004
53.0114,0.6372,2.7398
53.0116,0.6734,2.8928
53.0118,0.7242,3.1083
53.0120,0.7733,3.3126
53.0122,0.9279,3.9752
53.0124,0.8941,3.834
53.0126,0.8924,3.8268
53.0128,0.9127,3.91
53.0130,0.9015,3.864
53.0132,0.9133,3.9144
53.0134,0.9222,3.9598
53.0136,0.829,3.5515
53.0138,0.9243,3.9598
53.0140,0.9772,4.1883
53.0142,0.9445,4.048
53.0144,0.9255,3.9687
53.0146,0.868,3.7288
53.0148,0.8144,3.4937
53.0150,0.8652,3.7135
53.0152,0.8373,3.5936
53.0154,0.855,3.6732
53.0156,0.8634,3.7075
53.0158,0.8578,3.6833
53.0160,0.8417,3.6126
53.0162,0.8434,3.6215
53.0164,0.8358,3.5924
53.0166,0.7554,3.2421
53.0168,0.8768,3.7617
53.0170,0.8662,3.7194
53.0172,0.7928,3.409
53.0174,0.7626,3.2776
53.0176,0.835,3.5822
53.0178,0.8514,3.6543
53.0180,0.8384,3.5966
53.0182,0.9123,3.9158
53.0184,0.878,3.7703
53.0186,0.8562,3.6783
53.0188,0.8296,3.5673
53.0190,0.7989,3.4321
53.0192,0.8483,3.6393
53.0194,0.8742,3.7539
53.0196,0.9012,3.8679
53.0198,0.8457,3.6296
53.0200,0.8887,3.8215
53.0202,0.8255,3.5498
53.0204,0.8183,3.5139
53.0206,0.8818,3.7845
53.0208,0.9326,4.0009
53.0210,0.94,4.0271
53.0212,0.936,4.019
53.0214,0.7995,3.4363
53.0216,0.7614,3.2724
53.0218,0.8514,3.6543
53.0220,0.9396,4.0269
53.0222,0.9826,4.2154
53.0224,0.982,4.2108
53.0226,0.9809,4.2062
53.0228,0.8752,3.7615
53.0230,0.8143,3.5029
53.0232,0.7749,3.3338
53.0234,0.7308,3.1439
53.0236,0.759,3.2651
53.0238,0.7481,3.2212
53.0240,0.7013,3.0198
53.0242,0.6794,2.9213
53.0244,0.6885,2.9632
53.0246,0.7538,3.2445
53.0248,0.732,3.152
53.0250,0.7282,3.134
53.0252,0.6891,2.9699
53.0254,0.6252,2.6957
53.0256,0.6028,2.5991
53.0258,0.6133,2.6397
53.0260,0.6397,2.757
53.0262,0.6265,2.7039
53.0264,0.5633,2.4323
53.0266,0.5441,2.3473
53.0268,0.5451,2.3493
53.0270,0.5723,2.4677
53.0272,0.5459,2.3529
53.0274,0.596,2.5677
53.0276,0.5954,2.5663
53.0278,0.6541,2.8151
53.0280,0.6968,3.0044
53.0282,0.5715,2.4653
53.0284,0.5548,2.3934
53.0286,0.5771,2.485
53.0288,0.6111,2.6316
53.0290,0.628,2.7044
53.0292,0.6283,2.7092
53.0294,0.5472,2.3608
53.0296,0.531,2.2909
53.0298,0.5284,2.2796
53.0300,0.5275,2.2765
53.0302,0.5626,2.427
53.0304,0.544,2.3446
53.0306,0.5344,2.3054
53.0308,0.5271,2.2739
53.0310,0.5264,2.2666
53.0312,0.5964,2.5705
53.0314,0.5735,2.4752
53.0316,0.5313,2.2909
53.0318,0.5273,2.276
53.0320,0.5263,2.2703
53.0322,0.5285,2.2801
53.0324,0.5252,2.2645
53.0326,0.524,2.2583
53.0328,0.5236,2.2599
53.0330,0.5332,2.2992
53.0332,0.558,2.4073
53.0334,0.543,2.3416
53.0336,0.5273,2.276
53.0338,0.5197,2.2418
53.0340,0.5228,2.2542
53.0342,0.5294,2.2816
53.0344,0.5544,2.384
53.0346,0.6711,2.8884
53.0348,0.6685,2.8784
53.0350,0.67,2.8824
53.0352,0.6609,2.8485
53.0354,0.5572,2.4037
53.0356,0.532,2.2919
53.0358,0.5357,2.309
53.0360,0.5436,2.3431
53.0362,0.5451,2.3471
53.0364,0.5964,2.5693
53.0366,0.6252,2.6932
53.0368,0.6158,2.6493
53.0370,0.6664,2.8683
53.0372,0.7111,3.0593
53.0374,0.6933,2.9825
53.0376,0.6557,2.8197
53.0378,0.6567,2.8265
53.0380,0.6875,2.9591
53.0382,0.7263,3.1214
53.0384,0.7643,3.2863
53.0386,0.736,3.1661
53.0388,0.7363,3.1677
53.0390,0.753,3.2333
53.0392,0.7885,3.3873
53.0394,0.82,3.5228
53.0396,0.8159,3.5102
53.0398,0.6625,2.8552
53.0400,0.6255,2.6935
53.0402,0.6595,2.8383
53.0404,0.6447,2.7749
53.0406,0.6032,2.5999
53.0408,0.5526,2.3807
53.0410,0.5574,2.4003
53.0412,0.6061,2.6099
53.0414,0.6424,2.7676
53.0416,0.6255,2.6923
53.0418,0.6942,2.9908
53.0420,0.5765,2.4835
53.0422,0.517,2.2304
53.0424,0.4942,2.1292
53.0426,0.5366,2.3115
53.0428,0.506,2.1859
53.0430,0.4129,1.7823
53.0432,0.4767,2.0566
53.0434,0.502,2.1668
53.0436,0.5259,2.2687
53.0438,0.5228,2.2542
53.0440,0.4932,2.1235
53.0442,0.5831,2.5084
53.0444,0.6303,2.7129
53.0446,0.6713,2.8867
53.0448,0.7074,3.0419
53.0450,0.6723,2.8936
53.0452,0.6758,2.9045
53.0454,0.8017,3.4376
53.0456,0.9122,3.9098
53.0458,0.9039,3.8761
53.0460,0.9084,3.8915
53.0462,0.917,3.934
53.0464,0.9309,3.9955
53.0466,0.9345,4.0091
53.0468,0.9025,3.8718
53.0470,0.8892,3.8075
53.0472,0.994,4.2583
53.0474,0.9828,4.2125
53.0476,0.9728,4.1693
53.0478,0.9699,4.1589
53.0480,0.953,4.0845
53.0482,0.9658,4.1434
53.0484,0.9043,3.8795
53.0486,0.9447,4.0509
53.0488,0.9643,4.1328
53.0490,0.9803,4.2036
53.0492,0.9637,4.1379
53.0494,0.9037,3.8769
53.0496,0.9403,4.0432
53.0498,0.747,3.2195
53.0500,0.6701,2.8856
53.0502,0.6972,2.9981
53.0504,0.7018,3.0177
53.0506,0.7381,3.1739
53.0508,0.7818,3.36
53.0510,0.8304,3.5676
53.0512,0.821,3.5285
53.0514,0.7495,3.2244
53.0516,0.7888,3.3873
53.0518,0.8747,3.7577
53.0520,0.8271,3.5548
53.0522,0.7164,3.0849
53.0524,0.6739,2.903
53.0526,0.6751,2.9081
53.0528,0.68,2.9252
53.0530,0.727,3.1245
53.0532,0.8017,3.4472
53.0534,0.7427,3.198
53.0536,0.7165,3.0768
53.0538,0.8331,3.5789
53.0540,0.7995,3.4395
53.0542,0.7471,3.2156
53.0544,0.7495,3.2199
53.0546,0.8041,3.4543
53.0548,0.7788,3.3549
53.0550,0.6597,2.8433
53.0552,0.638,2.746
53.0554,0.6717,2.8923
53.0556,0.6205,2.6706
53.0558,0.6813,2.9336
53.0560,0.6577,2.8345
53.0562,0.6488,2.7963
53.0564,0.6224,2.6838
53.0566,0.6019,2.593
53.0568,0.6211,2.6782
53.0570,0.6189,2.6651
53.0572,0.6432,2.7694
53.0574,0.6285,2.7127
53.0576,0.54,2.333
53.0578,0.5988,2.5736
53.0580,0.6932,2.9875
53.0582,0.603,2.6013
53.0584,0.5603,2.4138
53.0586,0.6078,2.6183
53.0588,0.6402,2.7578
53.0590,0.6604,2.8411
53.0592,0.6695,2.8844
53.0594,0.6284,2.7084
53.0596,0.6537,2.8175
53.0598,0.6313,2.7196
53.0600,0.5971,2.5724
53.0602,0.5851,2.5242
53.0604,0.5698,2.45
53.0606,0.6737,2.9011
53.0608,0.634,2.734
53.0610,0.5658,2.4409
53.0612,0.5794,2.4971
53.0614,0.617,2.6594
53.0616,0.5665,2.4407
53.0618,0.6115,2.6368
53.0620,0.601,2.5889
53.0622,0.5924,2.5522
53.0624,0.5776,2.4882
53.0626,0.5674,2.4477
53.0628,0.6085,2.6251
53.0630,0.5207,2.2465
53.0632,0.4848,2.0884
53.0634,0.5441,2.3495
53.0636,0.4856,2.0959
53.0638,0.479,2.0674
53.0640,0.4587,1.979
53.0642,0.4613,1.9908
53.0644,0.4627,1.9989
53.0646,0.4602,1.9843
53.0648,0.5224,2.2516
53.0650,0.5161,2.2273
53.0652,0.4671,2.0152
53.0654,0.4721,2.0336
53.0656,0.5179,2.234
53.0658,0.4589,1.9823
53.0660,0.4568,1.9735
53.0662,0.4507,1.9453
53.0664,0.4553,1.964
53.0666,0.4602,1.988
53.0668,0.4583,1.9779
53.0670,0.459,1.9801
53.0672,0.4619,1.9906
53.0674,0.4634,1.9964
53.0676,0.5091,2.1932
53.0678,0.5992,2.5788
53.0680,0.6677,2.8753
53.0682,0.6604,2.8398
53.0684,0.6826,2.9379
53.0686,0.5671,2.4444
53.0688,0.5562,2.3996
53.0690,0.4499,1.9417
53.0692,0.4856,2.091
53.0694,0.5703,2.4555
53.0696,0.5621,2.4215
53.0698,0.5911,2.5454
53.0700,0.6532,2.8141
53.0702,0.6167,2.6566
53.0704,0.5525,2.3813
53.0706,0.4896,2.111
53.0708,0.4893,2.1109
53.0710,0.4846,2.0908
53.0712,0.5247,2.2625
53.0714,0.5874,2.527
53.0716,0.6464,2.7821
53.0718,0.6434,2.7705
53.0720,0.6947,2.9859
53.0722,0.7343,3.1545
53.0724,0.712,3.0615
53.0726,0.7253,3.1231
53.0728,0.6542,2.8182
53.0730,0.5958,2.5655
53.0732,0.5903,2.5429
53.0734,0.601,2.5865
53.0736,0.6286,2.7107
53.0738,0.5297,2.2853
53.0740,0.5059,2.1813
53.0742,0.4946,2.1337
53.0744,0.4978,2.1417
53.0746,0.6469,2.7841
53.0748,0.5839,2.5167
53.0750,0.5466,2.3582
53.0752,0.5179,2.232
53.0754,0.5183,2.2361
53.0756,0.4507,1.9435
53.0758,0.4258,1.8393
53.0760,0.3729,1.6102
53.0762,0.3922,1.6927
53.0764,0.3868,1.671
53.0766,0.4097,1.7667
53.0768,0.4592,1.9793
53.0770,0.5302,2.2863
53.0772,0.5211,2.247
53.0774,0.4999,2.1525
53.0776,0.5679,2.4384
53.0778,0.6596,2.8362
53.0780,0.6615,2.8471
53.0782,0.6653,2.8583
53.0784,0.7309,3.1415
53.0786,0.6918,2.9708
53.0788,0.8289,3.551
53.0790,0.9125,3.909
53.0792,0.9143,3.9167
53.0794,0.9137,3.9141
53.0796,0.9115,3.903
53.0798,0.9881,4.2331
53.0800,0.9758,4.1821
53.0802,0.9237,3.9554
53.0804,0.968,4.1449
53.0806,1.0277,4.3944
53.0808,1.086,4.6414
53.0810,1.0507,4.497
53.0812,0.9916,4.25
53.0814,0.9729,4.1679
53.0816,0.9735,4.1743
53.0818,0.9551,4.0899
53.0820,0.9826,4.2075
53.0822,0.9932,4.2547
53.0824,0.9918,4.247
53.0826,1.0121,4.3379
53.0828,0.9849,4.2232
53.0830,0.9854,4.2272
53.0832,0.912,3.9142
53.0834,0.8864,3.8011
53.0836,0.9207,3.9444
53.0838,0.9736,4.1709
53.0840,0.9977,4.2722
53.0842,1.039,4.4509
53.0844,1.0965,4.6974
53.0846,1.0061,4.3162
53.0848,0.8248,3.5434
53.0850,0.8021,3.4444
53.0852,0.8556,3.6758
53.0854,0.7994,3.4406
53.0856,0.746,3.2094
53.0858,0.7505,3.227
53.0860,0.7504,3.2265
53.0862,0.7856,3.3749
53.0864,0.8414,3.6128
53.0866,0.8385,3.5988
53.0868,0.8561,3.6761
53.0870,0.8508,3.6552
53.0872,0.8448,3.6328
53.0874,0.8003,3.4415
53.0876,0.7608,3.2744
53.0878,0.6934,2.9872
53.0880,0.6987,3.0043
53.0882,0.7591,3.2626
53.0884,0.7465,3.2115
53.0886,0.6743,2.9037
53.0888,0.6664,2.8669
53.0890,0.6894,2.9646
53.0892,0.7408,3.1867
53.0894,0.7734,3.324
53.0896,0.7986,3.429
53.0898,0.8221,3.5332
53.0900,0.8171,3.5137
53.0902,0.7827,3.3657
53.0904,0.7554,3.2467
53.0906,0.7422,3.1959
53.0908,0.7045,3.0338
53.0910,0.7219,3.1058
53.0912,0.7399,3.1802
53.0914,0.7123,3.0688
53.0916,0.658,2.8321
53.0918,0.6655,2.8641
53.0920,0.6791,2.923
53.0922,0.6886,2.9665
53.0924,0.6704,2.892
53.0926,0.6017,2.5932
53.0928,0.5754,2.4823
53.0930,0.5028,2.1679
53.0932,0.5556,2.3948
53.0934,0.6096,2.6261
53.0936,0.5802,2.503
53.0938,0.5524,2.3819
53.0940,0.565,2.4362
53.0942,0.5382,2.3209
53.0944,0.5638,2.4276
53.0946,0.6245,2.6889
53.0948,0.5821,2.5113
53.0950,0.5259,2.2687
53.0952,0.5446,2.3461
53.0954,0.5554,2.3948
53.0956,0.534,2.3049
53.0958,0.5342,2.3044
53.0960,0.5228,2.2542
53.0962,0.564,2.4332
53.0964,0.5307,2.2894
53.0966,0.5169,2.2289
53.0968,0.515,2.2185
53.0970,0.5763,2.4836
53.0972,0.5595,2.4135
53.0974,0.5435,2.3447
53.0976,0.5303,2.2847
53.0978,0.5917,2.5491
53.0980,0.5946,2.5651
53.0982,0.556,2.3963
53.0984,0.6331,2.7248
53.0986,0.6366,2.741
53.0988,0.6373,2.7454
53.0990,0.6392,2.7524
53.0992,0.6536,2.8117
53.0994,0.6575,2.8261
53.0996,0.6745,2.9015
53.0998,0.6643,2.8563
53.1000,0.6869,2.9565
53.1002,0.7087,3.0519
53.1004,0.6276,2.7048
53.1006,0.606,2.6118
53.1008,0.6066,2.612
53.1010,0.6367,2.739
53.1012,0.7217,3.1033
53.1014,0.7603,3.2647
53.1016,0.7792,3.3461
53.1018,0.7906,3.4013
53.1020,0.7574,3.26
53.1022,0.6294,2.7126
53.1024,0.5399,2.3292
53.1026,0.5348,2.307
53.1028,0.5502,2.3693
53.1030,0.6173,2.6542
53.1032,0.6752,2.9046
53.1034,0.694,2.987
53.1036,0.6565,2.8254
53.1038,0.6466,2.7844
53.1040,0.6815,2.9319
53.1042,0.685,2.9537
53.1044,0.5645,2.433
53.1046,0.6039,2.5982
53.1048,0.6872,2.9562
53.1050,0.6693,2.8806
53.1052,0.6664,2.8669
53.1054,0.6952,2.9907
53.1056,0.7264,3.1307
53.1058,0.6151,2.6499
53.1060,0.5921,2.5471
53.1062,0.6754,2.9056
53.1064,0.6659,2.8702
53.1066,0.6025,2.5944
53.1068,0.6135,2.6419
53.1070,0.5926,2.5539
53.1072,0.5948,2.5637
53.1074,0.6078,2.622
53.1076,0.5249,2.2625
53.1078,0.5802,2.4949
53.1080,0.6523,2.8113
53.1082,0.6047,2.6049
53.1084,0.6275,2.7031
53.1086,0.5682,2.449
53.1088,0.536,2.3132
53.1090,0.5007,2.1641
53.1092,0.4073,1.7588
53.1094,0.3926,1.6951
53.1096,0.4248,1.8335
53.1098,0.473,2.0396
53.1100,0.5267,2.2702
53.1102,0.5388,2.3213
53.1104,0.6506,2.7975
53.1106,0.691,2.9741
53.1108,0.6596,2.8375
53.1110,0.7035,3.0305
53.1112,0.6663,2.8664
53.1114,0.6896,2.9665
53.1116,0.6852,2.9493
53.1118,0.6824,2.9301
53.1120,0.797,3.4207
53.1122,0.7768,3.342
53.1124,0.7219,3.1029
53.1126,0.7621,3.2755
53.1128,0.7584,3.2611
53.1130,0.7512,3.2256
53.1132,0.7982,3.4306
53.1134,0.7751,3.3265
53.1136,0.8301,3.5627
53.1138,0.8655,3.7145
53.1140,0.8912,3.8181
53.1142,0.9569,4.1015
53.1144,0.9836,4.2175
53.1146,0.9863,4.2274
53.1148,0.9277,3.9761
53.1150,0.9836,4.2116
53.1152,1.0231,4.3872
53.1154,0.9846,4.2202
53.1156,1.0262,4.3923
53.1158,1.0414,4.4612
53.1160,0.9493,4.0724
53.1162,0.9194,3.9424
53.1164,0.9357,4.0142
53.1166,0.8424,3.6225
53.1168,0.7559,3.2563
53.1170,0.7222,3.1053
53.1172,0.7743,3.3281
53.1174,0.7773,3.3394
53.1176,0.7832,3.3646
53.1178,0.8357,3.5886
53.1180,0.847,3.6387
53.1182,0.8212,3.5296
53.1184,0.8017,3.452
53.1186,0.7288,3.1322
53.1188,0.7933,3.4079
53.1190,0.8056,3.4658
53.1192,0.7794,3.3513
53.1194,0.8051,3.4589
53.1196,0.8013,3.4392
53.1198,0.855,3.6766
53.1200,0.8132,3.4934
53.1202,0.8388,3.6053
53.1204,0.8384,3.5999
53.1206,0.8104,3.4864
53.1208,0.771,3.3167
53.1210,0.7565,3.2498
53.1212,0.7948,3.4146
53.1214,0.7981,3.4285
53.1216,0.8225,3.5418
53.1218,0.7276,3.13
53.1220,0.7504,3.2265
53.1222,0.7207,3.1049
53.1224,0.6785,2.9217
53.1226,0.7042,3.0252
53.1228,0.7999,3.4346
53.1230,0.8065,3.4646
53.1232,0.8146,3.5012
53.1234,0.8432,3.6256
53.1236,0.778,3.3472
53.1238,0.7374,3.1738
53.1240,0.6675,2.8756
53.1242,0.6266,2.7007
53.1244,0.6358,2.7379
53.1246,0.6796,2.9278
53.1248,0.6049,2.6084
53.1250,0.6362,2.7395
53.1252,0.6729,2.9042
53.1254,0.5416,2.3365
53.1256,0.5048,2.1807
53.1258,0.473,2.0406
53.1260,0.5434,2.3442
53.1262,0.5084,2.1962
53.1264,0.4528,1.9532
53.1266,0.4704,2.0302
53.1268,0.5205,2.2475
53.1270,0.4797,2.0724
53.1272,0.4506,1.9448
53.1274,0.4543,1.9599
53.1276,0.4656,2.0104
53.1278,0.4634,2.0011
53.1280,0.4681,2.0194
53.1282,0.5285,2.278
53.1284,0.629,2.7047
53.1286,0.6876,2.9596
53.1288,0.6234,2.6917
53.1290,0.4881,2.1067
53.1292,0.47,2.0295
53.1294,0.4565,1.971
53.1296,0.477,2.0567
53.1298,0.5321,2.2924
53.1300,0.5545,2.3901
53.1302,0.5698,2.458
53.1304,0.5625,2.4231
53.1306,0.5649,2.4368
53.1308,0.5024,2.1683
53.1310,0.4778,2.0622
53.1312,0.4513,1.9479
53.1314,0.4483,1.9349
53.1316,0.447,1.9301
53.1318,0.4453,1.9211
53.1320,0.4456,1.9221
53.1322,0.4481,1.9357
53.1324,0.4435,1.9142
53.1326,0.4415,1.9045
53.1328,0.4444,1.917
53.1330,0.4457,1.9227
53.1332,0.4547,1.9605
53.1334,0.459,1.9819
53.1336,0.4466,1.9277
53.1338,0.4426,1.9092
53.1340,0.4463,1.9261
53.1342,0.4504,1.9437
53.1344,0.4879,2.1038
53.1346,0.5704,2.4538
53.1348,0.5993,2.5793
53.1350,0.5923,2.5505
53.1352,0.5685,2.4489
53.1354,0.5637,2.4328
53.1356,0.4623,1.9964
53.1358,0.4432,1.9118
53.1360,0.4547,1.9587
53.1362,0.5285,2.278
53.1364,0.551,2.3735
53.1366,0.5777,2.4864
53.1368,0.5783,2.489
53.1370,0.6392,2.7524
53.1372,0.6204,2.6689
53.1374,0.5956,2.5657
53.1376,0.6109,2.6318
53.1378,0.5941,2.5571
53.1380,0.5886,2.5286
53.1382,0.6939,2.9767
53.1384,0.7773,3.341
53.1386,0.7477,3.2122
53.1388,0.7734,3.3209
53.1390,0.774,3.3234
53.1392,0.7734,3.3224
53.1394,0.7705,3.31
53.1396,0.7332,3.1513
53.1398,0.6794,2.9226
53.1400,0.6056,2.6078
53.1402,0.5621,2.4204
53.1404,0.5548,2.3878
53.1406,0.5939,2.5596
53.1408,0.6296,2.7086
53.1410,0.6638,2.8529
53.1412,0.7113,3.057
53.1414,0.6891,2.963
53.1416,0.6459,2.7826
53.1418,0.5241,2.262
53.1420,0.4373,1.8847
53.1422,0.4777,2.0589
53.1424,0.5084,2.1952
53.1426,0.4016,1.7355
53.1428,0.3868,1.6702
53.1430,0.3975,1.7155
53.1432,0.412,1.7773
53.1434,0.4344,1.8749
53.1436,0.474,2.0428
53.1438,0.5288,2.2801
53.1440,0.5007,2.1581
53.1442,0.4999,2.1515
53.1444,0.5944,2.5557
53.1446,0.6676,2.8708
53.1448,0.692,2.9727
53.1450,0.7412,3.1799
53.1452,0.7274,3.1295
53.1454,0.6265,2.6964
53.1456,0.698,3.0012
53.1458,0.7815,3.3543
53.1460,0.8706,3.7297
53.1462,0.8764,3.7631
53.1464,0.7813,3.3564
53.1466,0.7439,3.1927
53.1468,0.7869,3.3775
53.1470,0.7993,3.4257
53.1472,0.924,3.9583
53.1474,0.9743,4.1779
53.1476,0.8728,3.7442
53.1478,0.8651,3.7078
53.1480,0.9332,3.9978
53.1482,0.9048,3.8779
53.1484,0.9122,3.9171
53.1486,0.8452,3.6293
53.1488,0.9083,3.8964
53.1490,0.8828,3.7821
53.1492,0.9189,3.9441
53.1494,0.8729,3.7464
53.1496,0.8346,3.5823
53.1498,0.8393,3.5973
53.1500,0.865,3.7108
53.1502,0.8662,3.7194
53.1504,0.8679,3.7231
53.1506,0.8872,3.8077
53.1508,0.8818,3.7863
53.1510,0.8513,3.6521
53.1512,0.8264,3.5501
53.1514,0.814,3.4987
53.1516,0.7924,3.4043
53.1518,0.791,3.3997
53.1520,0.7858,3.3791
53.1522,0.7718,3.3219
53.1524,0.7077,3.0401
53.1526,0.7444,3.1992
53.1528,0.7622,3.273
53.1530,0.7962,3.4235
53.1532,0.7821,3.3631
53.1534,0.779,3.3513
53.1536,0.7849,3.3719
53.1538,0.8072,3.4644
53.1540,0.8547,3.6768
53.1542,0.7368,3.1653
53.1544,0.7622,3.273
53.1546,0.8053,3.4594
53.1548,0.8373,3.6003
53.1550,0.7988,3.4316
53.1552,0.8264,3.5501
53.1554,0.7942,3.412
53.1556,0.8315,3.5722
53.1558,0.8243,3.543
53.1560,0.764,3.2853
53.1562,0.7248,3.121
53.1564,0.686,2.9538
53.1566,0.6792,2.9235
53.1568,0.726,3.1233
53.1570,0.7691,3.3069
53.1572,0.7796,3.3508
53.1574,0.6892,2.9649
53.1576,0.7068,3.0351
53.1578,0.8444,3.624
53.1580,0.8363,3.5962
53.1582,0.7586,3.2575
53.1584,0.7656,3.292
53.1586,0.8005,3.442
53.1588,0.7982,3.4322
53.1590,0.7699,3.309
53.1592,0.8066,3.4683
53.1594,0.7511,3.2296
53.1596,0.7394,3.1781
53.1598,0.7815,3.3652
53.1600,0.7103,3.0557
53.1602,0.734,3.1564
53.1604,0.7469,3.216
53.1606,0.6693,2.8793
53.1608,0.7217,3.1062
53.1610,0.6759,2.9063
53.1612,0.728,3.135
53.1614,0.7129,3.0656
53.1616,0.7362,3.1686
53.1618,0.6615,2.8537
53.1620,0.5526,2.3841
53.1622,0.543,2.3427
53.1624,0.5402,2.3303
53.1626,0.5392,2.3272
53.1628,0.5393,2.3256
53.1630,0.5397,2.326
53.1632,0.5525,2.3824
53.1634,0.6033,2.6029
53.1636,0.5526,2.3829
53.1638,0.5275,2.2754
53.1640,0.5283,2.279
53.1642,0.5325,2.2971
53.1644,0.5806,2.4999
53.1646,0.5974,2.5782
53.1648,0.535,2.3069
53.1650,0.5699,2.4585
53.1652,0.5352,2.3069
53.1654,0.5273,2.2749
53.1656,0.5249,2.2635
53.1658,0.5253,2.264
53.1660,0.5688,2.4471
53.1662,0.6303,2.7167
53.1664,0.5668,2.4462
53.1666,0.5404,2.3302
53.1668,0.5301,2.2857
53.1670,0.5304,2.2873
53.1672,0.5361,2.3095
53.1674,0.5585,2.4072
53.1676,0.5283,2.2748
53.1678,0.6073,2.6151
53.1680,0.6319,2.7196
53.1682,0.6628,2.8515
53.1684,0.7077,3.0401
53.1686,0.7151,3.0749
53.1688,0.6782,2.9175
53.1690,0.5933,2.5582
53.1692,0.5616,2.4161
53.1694,0.6876,2.9582
53.1696,0.6542,2.8182
53.1698,0.6669,2.8703
53.1700,0.7035,3.0263
53.1702,0.6972,2.9981
53.1704,0.7065,3.0378
53.1706,0.6924,2.9775
53.1708,0.7316,3.1417
53.1710,0.7759,3.3332
53.1712,0.7757,3.3337
53.1714,0.7197,3.0974
53.1716,0.6837,2.9426
53.1718,0.6619,2.8487
53.1720,0.6645,2.8587
53.1722,0.6579,2.8303
53.1724,0.6544,2.8154
53.1726,0.6604,2.8411
53.1728,0.6707,2.8855
53.1730,0.7343,3.1618
53.1732,0.6976,2.9997
53.1734,0.7201,3.0995
53.1736,0.6458,2.7834
53.1738,0.6054,2.6056
53.1740,0.6313,2.7183
53.1742,0.5795,2.4976
53.1744,0.582,2.5096
53.1746,0.5448,2.3526
53.1748,0.5309,2.2904
53.1750,0.4753,2.0523
53.1752,0.4356,1.8836
53.1754,0.3854,1.6656
53.1756,0.3764,1.6252
53.1758,0.3778,1.6329
53.1760,0.3854,1.6632
53.1762,0.4436,1.9139
53.1764,0.426,1.8395
53.1766,0.4302,1.8576
53.1768,0.455,1.9621
53.1770,0.4926,2.1219
53.1772,0.5818,2.5086
53.1774,0.5809,2.498
53.1776,0.6502,2.8012
53.1778,0.6277,2.7016
53.1780,0.6673,2.8705
53.1782,0.6772,2.9106
53.1784,0.7457,3.2064
53.1786,0.7539,3.2329
53.1788,0.8662,3.7124
53.1790,0.8936,3.8337
53.1792,0.8852,3.7977
53.1794,0.9155,3.9163
53.1796,1.0993,4.7093
53.1798,1.015,4.3421
53.1800,1.0934,4.6753
53.1802,1.0824,4.6303
53.1804,1.0988,4.6896
53.1806,1.1633,4.9743
53.1808,1.167,4.9971
53.1810,1.0556,4.5181
53.1812,1.0655,4.5601
53.1814,1.0452,4.4713
53.1816,1.1848,5.066
53.1818,1.1379,4.8656
53.1820,1.0994,4.6966
53.1822,1.1525,4.9281
53.1824,1.1613,4.9725
53.1826,1.1077,4.7519
53.1828,0.9996,4.2844
53.1830,0.968,4.1545
53.1832,0.8745,3.7584
53.1834,0.8343,3.5791
53.1836,0.9502,4.0727
53.1838,1.0103,4.3261
53.1840,1.0314,4.4185
53.1842,1.0458,4.4823
53.1844,1.084,4.6397
53.1846,1.194,5.1055
53.1848,1.1816,5.0503
53.1850,1.2354,5.2849
53.1852,1.1109,4.768
53.1854,0.9435,4.0514
53.1856,0.897,3.8535
53.1858,0.8559,3.6802
53.1860,0.8294,3.5679
53.1862,0.814,3.5003
53.1864,0.7801,3.3559
53.1866,0.7611,3.2714
53.1868,0.8292,3.5641
53.1870,0.8015,3.4435
53.1872,0.915,3.9253
53.1874,0.9161,3.9372
53.1876,0.8657,3.7156
53.1878,0.9774,4.1874
53.1880,1.0499,4.4997
53.1882,1.0105,4.3372
53.1884,0.9581,4.1162
53.1886,0.8719,3.7511
53.1888,0.8619,3.706
53.1890,0.8304,3.5709
53.1892,0.8242,3.5425
53.1894,0.8767,3.7664
53.1896,0.906,3.8957
53.1898,0.8703,3.7369
53.1900,0.9205,3.9526
53.1902,0.9227,3.9711
53.1904,0.7615,3.2806
53.1906,0.7746,3.3369
53.1908,0.7802,3.3502
53.1910,0.9272,3.9814
53.1912,0.9465,4.0624
53.1914,0.9054,3.8986
53.1916,0.7549,3.2506
53.1918,0.7093,3.0601
53.1920,0.6327,2.727
53.1922,0.6646,2.8672
53.1924,0.552,2.3848
53.1926,0.4916,2.1227
53.1928,0.5219,2.2548
53.1930,0.5206,2.248
53.1932,0.5213,2.2522
53.1934,0.5267,2.2755
53.1936,0.5125,2.2138
53.1938,0.5185,2.2387
53.1940,0.5345,2.307
53.1942,0.5784,2.4929
53.1944,0.6332,2.7304
53.1946,0.564,2.4332
53.1948,0.5625,2.4287
53.1950,0.5472,2.3619
53.1952,0.5861,2.526
53.1954,0.6366,2.7436
53.1956,0.5891,2.546
53.1958,0.5006,2.1626
53.1960,0.5022,2.1683
53.1962,0.5037,2.172
53.1964,0.5441,2.3462
53.1966,0.5568,2.4044
53.1968,0.5424,2.3433
53.1970,0.5368,2.3179
53.1972,0.4945,2.1342
53.1974,0.4934,2.1275
53.1976,0.5722,2.4684
53.1978,0.5504,2.3731
53.1980,0.5566,2.4
53.1982,0.5803,2.5001
53.1984,0.5982,2.5806
53.1986,0.5893,2.5388
53.1988,0.6577,2.8306
53.1990,0.6536,2.8183
53.1992,0.6005,2.588
53.1994,0.617,2.6569
53.1996,0.65,2.7976
53.1998,0.6608,2.8467
53.2000,0.6495,2.8007
53.2002,0.6356,2.7407
53.2004,0.5905,2.5475
53.2006,0.4838,2.09
53.2008,0.4492,1.9403
53.2010,0.451,1.9454
53.2012,0.5047,2.1761
53.2014,0.5603,2.416
53.2016,0.5952,2.5665
53.2018,0.6004,2.5887
53.2020,0.5528,2.3868
53.2022,0.4866,2.1
53.2024,0.537,2.3157
53.2026,0.5571,2.4021
53.2028,0.5514,2.3756
53.2030,0.5602,2.4155
53.2032,0.5609,2.4175
53.2034,0.5567,2.3994
53.2036,0.5483,2.3654
53.2038,0.5513,2.3795
53.2040,0.5352,2.308
53.2042,0.5514,2.3734
53.2044,0.6185,2.6606
53.2046,0.7013,3.0142
53.2048,0.7453,3.2063
53.2050,0.7247,3.1162
53.2052,0.718,3.0887
53.2054,0.7282,3.1311
53.2056,0.7207,3.1049
53.2058,0.6613,2.8448
53.2060,0.6755,2.9102
53.2062,0.6397,2.7557
53.2064,0.6212,2.6712
53.2066,0.6663,2.8704
53.2068,0.6007,2.5903
53.2070,0.5843,2.5218
53.2072,0.5014,2.1642
53.2074,0.489,2.1084
53.2076,0.5868,2.5256
53.2078,0.568,2.448
53.2080,0.4957,2.1403
53.2082,0.4844,2.0907
53.2084,0.4665,2.0145
53.2086,0.4751,2.0456
53.2088,0.5946,2.5627
53.2090,0.6051,2.6106
53.2092,0.5195,2.2413
53.2094,0.4476,1.9327
53.2096,0.4205,1.8157
53.2098,0.4712,2.0328
53.2100,0.4958,2.1369
53.2102,0.5502,2.3693
53.2104,0.6249,2.691
53.2106,0.6727,2.8924
53.2108,0.6884,2.9627
53.2110,0.6433,2.7687
53.2112,0.6592,2.8347
53.2114,0.6367,2.7428
53.2116,0.6131,2.6386
53.2118,0.688,2.957
53.2120,0.7766,3.3348
53.2122,0.8494,3.6473
53.2124,0.8428,3.6173
53.2126,0.8978,3.8481
53.2128,0.9121,3.9147
53.2130,0.8505,3.6536
53.2132,0.7798,3.3518
53.2134,0.784,3.3651
53.2136,0.8242,3.5375
53.2138,0.8138,3.4976
53.2140,0.8337,3.5798
53.2142,0.833,3.5751
53.2144,0.8926,3.8273
53.2146,0.883,3.7914
53.2148,0.8404,3.612
53.2150,0.8207,3.5242
53.2152,0.8273,3.5559
53.2154,0.8324,3.5708
53.2156,0.9093,3.8974
53.2158,0.9338,4.006
53.2160,0.8989,3.8581
53.2162,0.8447,3.6306
53.2164,0.7556,3.2492
53.2166,0.7705,3.31
53.2168,0.8592,3.6861
53.2170,0.8417,3.6177
53.2172,0.7933,3.4111
53.2174,0.7923,3.4038
53.2176,0.7924,3.4075
53.2178,0.783,3.3652
53.2180,0.8093,3.4753
53.2182,0.826,3.5502
53.2184,0.7826,3.3699
53.2186,0.7313,3.1445
53.2188,0.7828,3.3647
53.2190,0.808,3.4697
53.2192,0.8484,3.6466
53.2194,0.8343,3.5857
53.2196,0.8292,3.5575
53.2198,0.9249,3.9642
53.2200,0.9513,4.0849
53.2202,0.9247,3.9651
53.2204,0.996,4.267
53.2206,1.0038,4.3064
53.2208,0.9468,4.0672
53.2210,0.8543,3.6701
53.2212,0.8462,3.6334
53.2214,0.895,3.8393
53.2216,0.9705,4.1634
53.2218,0.9647,4.1407
53.2220,0.8957,3.8442
53.2222,0.8873,3.8064
53.2224,0.871,3.74
53.2226,0.8385,3.6038
53.2228,0.8472,3.6414
53.2230,0.8502,3.6526
53.2232,0.8541,3.6725
53.2234,0.7983,3.4343
53.2236,0.7842,3.3703
53.2238,0.8169,3.5078
53.2240,0.8837,3.7945
53.2242,0.884,3.7943
53.2244,0.9044,3.8854
53.2246,0.8635,3.7132
53.2248,0.8674,3.7245
53.2250,0.8765,3.7724
53.2252,0.6695,2.887
53.2254,0.5759,2.4844
53.2256,0.5639,2.427
53.2258,0.6446,2.7821
53.2260,0.5842,2.5213
53.2262,0.5653,2.4366
53.2264,0.5783,2.4959
53.2266,0.5764,2.4842
53.2268,0.5743,2.48
53.2270,0.5016,2.1657
53.2272,0.4875,2.1061
53.2274,0.5152,2.2175
53.2276,0.703,3.0299
53.2278,0.6373,2.7505
53.2280,0.5674,2.4477
53.2282,0.5474,2.3613
53.2284,0.541,2.335
53.2286,0.5427,2.3411
53.2288,0.5652,2.4338
53.2290,0.6241,2.6886
53.2292,0.6006,2.5934
53.2294,0.5536,2.3882
53.2296,0.5603,2.416
53.2298,0.5531,2.385
53.2300,0.5928,2.555
53.2302,0.6422,2.7692
53.2304,0.6379,2.7467
53.2306,0.6533,2.8146
53.2308,0.6724,2.8954
53.2310,0.7037,3.0344
53.2312,0.5667,2.4446
53.2314,0.5252,2.2666
53.2316,0.5263,2.2713
53.2318,0.5258,2.2661
53.2320,0.5327,2.2992
53.2322,0.527,2.2734
53.2324,0.5252,2.2677
53.2326,0.5278,2.277
53.2328,0.5282,2.2785
53.2330,0.5736,2.4746
53.2332,0.5477,2.3628
53.2334,0.5241,2.2599
53.2336,0.5259,2.2677
53.2338,0.5278,2.2759
53.2340,0.5292,2.2811
53.2342,0.5992,2.5823
53.2344,0.5703,2.4589
53.2346,0.5917,2.5491
53.2348,0.6438,2.7694
53.2350,0.6755,2.9075
53.2352,0.7035,3.0291
53.2354,0.6408,2.7604
53.2356,0.6108,2.63
53.2358,0.6357,2.7349
53.2360,0.6938,2.9887
53.2362,0.6439,2.7751
53.2364,0.6294,2.7088
53.2366,0.6557,2.8236
53.2368,0.6609,2.8445
53.2370,0.6607,2.8422
53.2372,0.6659,2.8635
53.2374,0.7506,3.2245
53.2376,0.8381,3.5989
53.2378,0.779,3.3482
53.2380,0.7821,3.3647
53.2382,0.6944,2.9871
53.2384,0.7067,3.0431
53.2386,0.6989,3.0011
53.2388,0.8021,3.4476
53.2390,0.7891,3.3899
53.2392,0.7826,3.3652
53.2394,0.747,3.2151
53.2396,0.723,3.109
53.2398,0.767,3.2951
53.2400,0.7755,3.3332
53.2402,0.778,3.3503
53.2404,0.6905,2.9734
53.2406,0.6731,2.8972
53.2408,0.7036,3.0282
53.2410,0.7411,3.1898
53.2412,0.7161,3.0819
53.2414,0.7078,3.052
53.2416,0.5668,2.4451
53.2418,0.5423,2.3374
53.2420,0.5556,2.3948
53.2422,0.5339,2.3023
53.2424,0.6261,2.6949
53.2426,0.679,2.9238
53.2428,0.6508,2.8025
53.2430,0.6126,2.6402
53.2432,0.6141,2.6445
53.2434,0.6121,2.6418
53.2436,0.5278,2.278
53.2438,0.5122,2.2087
53.2440,0.5043,2.1756
53.2442,0.5854,2.5206
53.2444,0.6621,2.847
53.2446,0.6839,2.9422
53.2448,0.7059,3.0352
53.2450,0.7778,3.343
53.2452,0.7298,3.1398
53.2454,0.6935,2.9835
53.2456,0.7502,3.223
53.2458,0.8101,3.48
53.2460,0.828,3.5556
53.2462,0.8749,3.7552
53.2464,0.9402,4.0276
53.2466,0.9855,4.2218
53.2468,0.9681,4.1512
53.2470,0.9077,3.8957
53.2472,0.9289,3.9886
53.2474,0.8772,3.7632
53.2476,0.9038,3.8792
53.2478,0.9015,3.8712
53.2480,0.8935,3.835
53.2482,0.8441,3.6213
53.2484,0.8442,3.6251
53.2486,0.8724,3.7426
53.2488,0.9129,3.9183
53.2490,0.9348,4.012
53.2492,0.9469,4.0602
53.2494,0.9415,4.037
53.2496,0.9723,4.175
53.2498,0.9054,3.8877
53.2500,0.8363,3.5895
53.2502,0.9173,3.935
53.2504,0.937,4.0236
53.2506,0.9456,4.0621
53.2508,0.8911,3.8229
53.2510,0.9458,4.0574
53.2512,0.9779,4.1953
53.2514,0.9991,4.2903
53.2516,0.9041,3.8821
53.2518,0.8598,3.6921
53.2520,0.9155,3.9346
53.2522,0.8826,3.7934
53.2524,0.7951,3.4204
53.2526,0.7934,3.41
53.2528,0.8518,3.6627
53.2530,0.8465,3.6383
53.2532,0.7544,3.2486
53.2534,0.6803,2.9295
53.2536,0.718,3.0902
53.2538,0.753,3.2379
53.2540,0.7609,3.2749
53.2542,0.7669,3.3038
53.2544,0.7,3.0156
53.2546,0.6808,2.9329
53.2548,0.6321,2.7232
53.2550,0.6248,2.6942
53.2552,0.6396,2.7591
53.2554,0.5998,2.5861
53.2556,0.6138,2.6454
53.2558,0.6173,2.6616
53.2560,0.6336,2.7281
53.2562,0.6484,2.7909
53.2564,0.6434,2.7756
53.2566,0.6107,2.632
53.2568,0.6544,2.8206
53.2570,0.6158,2.6566
53.2572,0.5846,2.5198
53.2574,0.612,2.6315
53.2576,0.7397,3.1836
53.2578,0.7286,3.1361
53.2580,0.646,2.7831
53.2582,0.5988,2.5832
53.2584,0.5536,2.3871
53.2586,0.5797,2.5021
53.2588,0.5665,2.4418
53.2590,0.5858,2.525
53.2592,0.6072,2.6133
53.2594,0.6085,2.6214
53.2596,0.648,2.7914
53.2598,0.6878,2.9615
53.2600,0.6921,2.9842
53.2602,0.6045,2.6044
53.2604,0.6084,2.6209
53.2606,0.6318,2.7217
53.2608,0.7081,3.0436
53.2610,0.7701,3.3147
53.2612,0.6987,3.0029
53.2614,0.7295,3.1456
53.2616,0.6002,2.5882
53.2618,0.6427,2.7687
53.2620,0.6175,2.6639
53.2622,0.4988,2.1548
53.2624,0.4764,2.0579
53.2626,0.4755,2.0524
53.2628,0.5108,2.2025
53.2630,0.5228,2.2563
53.2632,0.5175,2.2346
53.2634,0.4746,2.0492
53.2636,0.4544,1.9622
53.2638,0.4558,1.9679
53.2640,0.4609,1.9893
53.2642,0.5252,2.2656
53.2644,0.5075,2.1916
53.2646,0.4542,1.9612
53.2648,0.4504,1.9455
53.2650,0.4814,2.0768
53.2652,0.526,2.2713
53.2654,0.4657,2.0118
53.2656,0.4464,1.9266
53.2658,0.4462,1.9247
53.2660,0.4471,1.9315
53.2662,0.4465,1.9272
53.2664,0.4464,1.9266
53.2666,0.4457,1.9253
53.2668,0.4493,1.9391
53.2670,0.4958,2.1379
53.2672,0.503,2.1709
53.2674,0.4522,1.9524
53.2676,0.4483,1.9358
53.2678,0.4569,1.9695
53.2680,0.5388,2.3203
53.2682,0.5858,2.5238
53.2684,0.5956,2.5668
53.2686,0.605,2.6065
53.2688,0.6093,2.6226
53.2690,0.5918,2.5508
53.2692,0.5675,2.4425
53.2694,0.6577,2.8293
53.2696,0.6355,2.7326
53.2698,0.6643,2.855
53.2700,0.661,2.8437
53.2702,0.6457,2.7829
53.2704,0.6048,2.6042
53.2706,0.656,2.8181
53.2708,0.7423,3.186
53.2710,0.7917,3.4044
53.2712,0.7434,3.1936
53.2714,0.7601,3.2713
53.2716,0.6843,2.9411
53.2718,0.7153,3.0745
53.2720,0.703,3.0229
53.2722,0.6984,3.0088
53.2724,0.6079,2.6201
53.2726,0.589,2.5361
53.2728,0.5806,2.4988
53.2730,0.5905,2.544
53.2732,0.595,2.5607
53.2734,0.5542,2.3919
53.2736,0.4722,2.0379
53.2738,0.4836,2.0861
53.2740,0.4992,2.1504
53.2742,0.5998,2.5825
53.2744,0.6031,2.6006
53.2746,0.5506,2.3753
53.2748,0.4746,2.0483
53.2750,0.4398,1.8956
53.2752,0.5008,2.1596
53.2754,0.5078,2.1896
53.2756,0.5794,2.4924
53.2758,0.6194,2.6672
53.2760,0.5701,2.463
53.2762,0.4053,1.75
53.2764,0.3848,1.6607
53.2766,0.4115,1.7744
53.2768,0.4777,2.0608
53.2770,0.5139,2.2149
53.2772,0.553,2.3834
53.2774,0.5608,2.4125
53.2776,0.6469,2.7829
53.2778,0.682,2.9313
53.2780,0.736,3.1617
53.2782,0.7563,3.2462
53.2784,0.7718,3.3173
53.2786,0.7475,3.2082
53.2788,0.7632,3.2756
53.2790,0.8677,3.7191
53.2792,0.9667,4.1354
53.2794,1.0264,4.3908
53.2796,1.0182,4.3539
53.2798,1.0821,4.6207
53.2800,1.1131,4.7683
53.2802,0.9596,4.1224
53.2804,0.887,3.8054
53.2806,0.9138,3.9146
53.2808,0.961,4.117
53.2810,0.9897,4.2378
53.2812,0.9944,4.2558
53.2814,0.9927,4.2526
53.2816,0.9734,4.1699
53.2818,0.9655,4.1457
53.2820,0.8784,3.7701
53.2822,0.8923,3.8262
53.2824,0.8902,3.8188
53.2826,0.892,3.8283
53.2828,0.9036,3.8764
53.2830,0.9161,3.9317
53.2832,0.9325,3.9985
53.2834,0.8954,3.8432
53.2836,0.9139,3.9225
53.2838,0.9414,4.0365
53.2840,0.9141,3.9198
53.2842,0.8969,3.8494
53.2844,0.9121,3.9111
53.2846,0.9095,3.907
53.2848,0.8384,3.6016
53.2850,0.8019,3.4434
53.2852,0.8572,3.6825
53.2854,0.8674,3.7245
53.2856,0.8245,3.5451
53.2858,0.7403,3.1817
53.2860,0.7674,3.2982
53.2862,0.7745,3.327
53.2864,0.7808,3.359
53.2866,0.7048,3.0348
53.2868,0.6768,2.9159
53.2870,0.6791,2.9243
53.2872,0.6928,2.979
53.2874,0.7306,3.1429
53.2876,0.7035,3.0263
53.2878,0.7198,3.0922
53.2880,0.7743,3.3296
53.2882,0.7682,3.3064
53.2884,0.7658,3.2945
53.2886,0.8103,3.4811
53.2888,0.7766,3.341
53.2890,0.7033,3.0286
53.2892,0.6821,2.9359
53.2894,0.6797,2.9255
53.2896,0.7002,3.0124
53.2898,0.7351,3.1625
53.2900,0.7659,3.2951
53.2902,0.7791,3.3502
53.2904,0.7223,3.1102
53.2906,0.6891,2.9644
53.2908,0.7867,3.3764
53.2910,0.8587,3.6909
53.2912,0.7453,3.2108
53.2914,0.62,2.6772
53.2916,0.5517,2.3777
53.2918,0.6182,2.6633
53.2920,0.6283,2.7054
53.2922,0.6215,2.6785
53.2924,0.6045,2.6044
53.2926,0.6306,2.7152
53.2928,0.6187,2.6691
53.2930,0.5597,2.4146
53.2932,0.5369,2.3152
53.2934,0.531,2.2909
53.2936,0.5314,2.2925
53.2938,0.5337,2.3023
53.2940,0.5441,2.3441
53.2942,0.6147,2.6508
53.2944,0.5617,2.4256
53.2946,0.5313,2.293
53.2948,0.5318,2.293
53.2950,0.5304,2.2884
53.2952,0.5261,2.2708
53.2954,0.5209,2.248
53.2956,0.5212,2.2475
53.2958,0.5302,2.2852
53.2960,0.5665,2.4384
53.2962,0.5827,2.5139
53.2964,0.524,2.2594
53.2966,0.5749,2.478
53.2968,0.5607,2.4165
53.2970,0.5462,2.3561
53.2972,0.5332,2.2992
53.2974,0.5565,2.395
53.2976,0.6629,2.8533
53.2978,0.6542,2.8156
53.2980,0.6975,3.0033
53.2982,0.6424,2.7638
53.2984,0.6554,2.8221
53.2986,0.6442,2.7767
53.2988,0.6556,2.8218
53.2990,0.6499,2.797
53.2992,0.6504,2.8004
53.2994,0.7066,3.0383
53.2996,0.7158,3.078
53.2998,0.7049,3.0367
53.3000,0.6212,2.6774
53.3002,0.611,2.6335
53.3004,0.6303,2.7129
53.3006,0.6539,2.812
53.3008,0.7185,3.0922
53.3010,0.6653,2.8623
53.3012,0.7375,3.1669
53.3014,0.8141,3.4992
53.3016,0.8257,3.547
53.3018,0.8255,3.5465
53.3020,0.7502,3.229
53.3022,0.6532,2.8141
53.3024,0.6229,2.6834
53.3026,0.6181,2.6615
53.3028,0.6156,2.6519
53.3030,0.645,2.7785
53.3032,0.667,2.8695
53.3034,0.67,2.8824
53.3036,0.7279,3.133
53.3038,0.753,3.2363
53.3040,0.7423,3.1845
53.3042,0.8284,3.5605
53.3044,0.7063,3.0415
53.3046,0.651,2.8043
53.3048,0.6504,2.8004
53.3050,0.6703,2.8848
53.3052,0.6803,2.9295
53.3054,0.6544,2.818
53.3056,0.6494,2.795
53.3058,0.652,2.8063
53.3060,0.6518,2.804
53.3062,0.633,2.7306
53.3064,0.5584,2.4078
53.3066,0.5659,2.4381
53.3068,0.6004,2.5887
53.3070,0.5575,2.403
53.3072,0.564,2.4321
53.3074,0.5522,2.3798
53.3076,0.5788,2.491
53.3078,0.6235,2.686
53.3080,0.5283,2.2833
53.3082,0.4,1.7296
53.3084,0.3867,1.6697
53.3086,0.389,1.6811
53.3088,0.3915,1.692
53.3090,0.3954,1.7075
53.3092,0.3912,1.6894
53.3094,0.3876,1.6754
53.3096,0.394,1.7021
53.3098,0.4487,1.9347
53.3100,0.5049,2.1752
53.3102,0.5616,2.4195
53.3104,0.6349,2.7338
53.3106,0.5826,2.511
53.3108,0.5475,2.3552
53.3110,0.6682,2.872
53.3112,0.6603,2.8393
53.3114,0.7011,3.0118
53.3116,0.785,3.3708
53.3118,0.7899,3.3919
53.3120,0.7791,3.3502
53.3122,0.7733,3.3219
53.3124,0.8274,3.5547
53.3126,0.7928,3.4011
53.3128,0.8615,3.6889
53.3130,0.9744,4.1765
53.3132,0.9685,4.1508
53.3134,0.9756,4.1836
53.3136,0.978,4.186
53.3138,0.9947,4.2594
53.3140,0.9771,4.1917
53.3142,0.9409,4.0307
53.3144,0.995,4.2683
53.3146,1.0104,4.3286
53.3148,1.0332,4.4262
53.3150,1.0201,4.3682
53.3152,1.0502,4.495
53.3154,1.0204,4.3794
53.3156,0.8892,3.8182
53.3158,0.8978,3.8481
53.3160,0.955,4.0932
53.3162,0.9695,4.1651
53.3164,0.8408,3.6136
53.3166,0.8535,3.6614
53.3168,0.8482,3.6438
53.3170,0.7873,3.3885
53.3172,0.69,2.9699
53.3174,0.6987,3.0071
53.3176,0.7274,3.1266
53.3178,0.8077,3.473
53.3180,0.7935,3.4089
53.3182,0.8312,3.569
53.3184,0.8566,3.6747
53.3186,0.8685,3.7326
53.3188,0.8243,3.543
53.3190,0.8163,3.5084
53.3192,0.852,3.6586
53.3194,0.8141,3.5008
53.3196,0.7971,3.426
53.3198,0.7972,3.4281
53.3200,0.77,3.3095
53.3202,0.7819,3.3668
53.3204,0.7635,3.2817
53.3206,0.7957,3.4246
53.3208,0.806,3.4657
53.3210,0.8292,3.5624
53.3212,0.8203,3.5287
53.3214,0.7441,3.2012
53.3216,0.8067,3.464
53.3218,0.8239,3.5393
53.3220,0.8277,3.5557
53.3222,0.785,3.3802
53.3224,0.7276,3.13
53.3226,0.7273,3.1275
53.3228,0.7471,3.2171
53.3230,0.6909,2.9777
53.3232,0.6147,2.6495
53.3234,0.5873,2.5324
53.3236,0.5849,2.5209
53.3238,0.5933,2.557
53.3240,0.6653,2.8636
53.3242,0.718,3.093
53.3244,0.6384,2.7526
53.3246,0.5092,2.1978
53.3248,0.4948,2.1347
53.3250,0.5324,2.2988
53.3252,0.4579,1.9782
53.3254,0.4477,1.9359
53.3256,0.4489,1.9402
53.3258,0.4476,1.9327
53.3260,0.4477,1.9332
53.3262,0.4451,1.9227
53.3264,0.4468,1.93
53.3266,0.45,1.9422
53.3268,0.4482,1.9371
53.3270,0.4489,1.9393
53.3272,0.4494,1.9405
53.3274,0.4482,1.9362
53.3276,0.4536,1.9595
53.3278,0.4923,2.1239
53.3280,0.527,2.2734
53.3282,0.4746,2.0492
53.3284,0.4494,1.9396
53.3286,0.4504,1.9446
53.3288,0.4516,1.9498
53.3290,0.4763,2.0536
53.3292,0.4966,2.1465
53.3294,0.4593,1.9825
53.3296,0.5505,2.3703
53.3298,0.6501,2.7994
53.3300,0.4722,2.0389
53.3302,0.4573,1.9728
53.3304,0.5177,2.2304
53.3306,0.5818,2.5086
53.3308,0.5752,2.4778
53.3310,0.5933,2.5547
53.3312,0.6063,2.6121
53.3314,0.57,2.4556
53.3316,0.5628,2.4258
53.3318,0.4746,2.0492
53.3320,0.4508,1.9449
53.3322,0.4438,1.9144
53.3324,0.4472,1.9312
53.3326,0.4571,1.9745
53.3328,0.4444,1.9179
53.3330,0.4468,1.9282
53.3332,0.4445,1.9193
53.3334,0.451,1.9454
53.3336,0.4474,1.9299
53.3338,0.446,1.9242
53.3340,0.4453,1.922
53.3342,0.4888,2.1089
53.3344,0.5176,2.2289
53.3346,0.562,2.4177
53.3348,0.6591,2.8355
53.3350,0.6635,2.8546
53.3352,0.6506,2.7962
53.3354,0.6193,2.6692
53.3356,0.543,2.3372
53.3358,0.5769,2.4828
53.3360,0.5872,2.5307
53.3362,0.5687,2.45
53.3364,0.5763,2.479
53.3366,0.6767,2.9072
53.3368,0.7296,3.1344
53.3370,0.7212,3.0998
53.3372,0.7356,3.1587
53.3374,0.7719,3.3162
53.3376,0.797,3.4319
53.3378,0.6766,2.9067
53.3380,0.688,2.9598
53.3382,0.6313,2.7183
53.3384,0.6038,2.6001
53.3386,0.5995,2.5791
53.3388,0.6361,2.7364
53.3390,0.637,2.7418
53.3392,0.6516,2.8056
53.3394,0.6345,2.7348
53.3396,0.5587,2.4071
53.3398,0.5528,2.379
53.3400,0.6199,2.668
53.3402,0.5891,2.5354
53.3404,0.6458,2.7756
53.3406,0.6683,2.8792
53.3408,0.5712,2.4619
53.3410,0.5673,2.446
53.3412,0.5725,2.4676
53.3414,0.492,2.1223
53.3416,0.4754,2.0509
53.3418,0.4646,2.0062
53.3420,0.3999,1.7267
53.3422,0.3981,1.7197
53.3424,0.3953,1.7062
53.3426,0.4018,1.7349
53.3428,0.3934,1.6995
53.3430,0.4084,1.7626
53.3432,0.4537,1.9564
53.3434,0.5227,2.2516
53.3436,0.5189,2.2345
53.3438,0.5445,2.3413
53.3440,0.6457,2.7777
53.3442,0.6332,2.7228
53.3444,0.656,2.8207
53.3446,0.6923,2.977
53.3448,0.7343,3.1515
53.3450,0.7693,3.3064
53.3452,0.702,3.0173
53.3454,0.7458,3.198
53.3456,0.8382,3.5927
53.3458,0.8833,3.7895
53.3460,0.8418,3.6132
53.3462,0.8605,3.69
53.3464,0.8966,3.8412
53.3466,0.9217,3.9522
53.3468,0.8984,3.8525
53.3470,0.9164,3.9223
53.3472,0.9852,4.2188
53.3474,0.9578,4.1051
53.3476,0.9246,3.9682
53.3478,0.885,3.7967
53.3480,0.9362,4.0107
53.3482,0.9454,4.0559
53.3484,0.877,3.7639
53.3486,0.8015,3.4435
53.3488,0.7539,3.2405
53.3490,0.7462,3.21
53.3492,0.7415,3.1884
53.3494,0.7384,3.172
53.3496,0.7753,3.3306
53.3498,0.7874,3.3827
53.3500,0.8018,3.4413
53.3502,0.793,3.4053
53.3504,0.8012,3.4419
53.3506,0.8003,3.4383
53.3508,0.8342,3.5802
53.3510,0.8959,3.8399
53.3512,0.9078,3.8944
53.3514,0.887,3.8054
53.3516,0.87,3.7324
53.3518,0.8807,3.7817
53.3520,0.8018,3.4509
53.3522,0.7414,3.1864
53.3524,0.7681,3.3013
53.3526,0.786,3.3781
53.3528,0.7771,3.3399
53.3530,0.7886,3.3862
53.3532,0.77,3.3034
53.3534,0.8523,3.6596
53.3536,0.8408,3.6153
53.3538,0.7711,3.3157
53.3540,0.7514,3.2311
53.3542,0.7355,3.167
53.3544,0.6758,2.9085
53.3546,0.6753,2.9065
53.3548,0.6909,2.9722
53.3550,0.7424,3.191
53.3552,0.7333,3.1548
53.3554,0.683,2.9408
53.3556,0.6792,2.9221
53.3558,0.7079,3.0454
53.3560,0.6722,2.8917
53.3562,0.7191,3.0948
53.3564,0.7041,3.0303
53.3566,0.6758,2.9099
53.3568,0.6682,2.8747
53.3570,0.7127,3.066
53.3572,0.762,3.2796
53.3574,0.7131,3.069
53.3576,0.6647,2.861
53.3578,0.6445,2.7751
53.3580,0.6212,2.6762
53.3582,0.603,2.5965
53.3584,0.6171,2.6586
53.3586,0.6789,2.9219
53.3588,0.6912,2.9751
53.3590,0.6807,2.9297
53.3592,0.7098,3.0565
53.3594,0.6457,2.7803
53.3596,0.6245,2.6876
53.3598,0.6259,2.6938
53.3600,0.6477,2.7916
53.3602,0.649,2.7921
53.3604,0.7235,3.1139
53.3606,0.681,2.934
53.3608,0.6616,2.845
53.3610,0.702,3.0201
53.3612,0.695,2.9925
53.3614,0.5926,2.5527
53.3616,0.6026,2.5973
53.3618,0.5909,2.5455
53.3620,0.5858,2.525
53.3622,0.577,2.4879
53.3624,0.5741,2.4743
53.3626,0.5596,2.4129
53.3628,0.5464,2.355
53.3630,0.5378,2.3178
53.3632,0.5411,2.3344
53.3634,0.5946,2.558
53.3636,0.6583,2.8371
53.3638,0.5403,2.3319
53.3640,0.5248,2.264
53.3642,0.5281,2.278
53.3644,0.5245,2.2604
53.3646,0.5252,2.2635
53.3648,0.5236,2.2578
53.3650,0.5245,2.2625
53.3652,0.5278,2.278
53.3654,0.5242,2.2604
53.3656,0.5231,2.2547
53.3658,0.5229,2.2558
53.3660,0.5239,2.2578
53.3662,0.526,2.2671
53.3664,0.5237,2.2573
53.3666,0.5259,2.2687
53.3668,0.5301,2.2857
53.3670,0.5249,2.2625
53.3672,0.5307,2.2883
53.3674,0.5641,2.4303
53.3676,0.6213,2.6717
53.3678,0.7083,3.0455
53.3680,0.7084,3.0432
53.3682,0.7402,3.1827
53.3684,0.6529,2.8113
53.3686,0.5619,2.4228
53.3688,0.5507,2.3747
53.3690,0.554,2.3886
53.3692,0.537,2.3125
53.3694,0.5807,2.4981
53.3696,0.7103,3.0529
53.3698,0.7653,3.2894
53.3700,0.6971,2.999
53.3702,0.6711,2.8897
53.3704,0.6568,2.8283
53.3706,0.6772,2.9134
53.3708,0.6915,2.972
53.3710,0.7265,3.1225
53.3712,0.7488,3.2153
53.3714,0.7718,3.3173
53.3716,0.7614,3.2755
53.3718,0.7423,3.1934
53.3720,0.6794,2.9254
53.3722,0.6687,2.8767
53.3724,0.6711,2.8871
53.3726,0.628,2.7069
53.3728,0.5394,2.3261
53.3730,0.5471,2.357
53.3732,0.5658,2.4387
53.3734,0.5607,2.4131
53.3736,0.6066,2.6144
53.3738,0.5538,2.3925
53.3740,0.4679,2.0174
53.3742,0.4656,2.0085
53.3744,0.4575,1.9757
53.3746,0.4477,1.9323
53.3748,0.4476,1.9309
53.3750,0.449,1.9371
53.3752,0.4659,2.0091
53.3754,0.459,1.9819
53.3756,0.4476,1.9327
53.3758,0.4531,1.9556
53.3760,0.4619,1.9897
53.3762,0.5131,2.2092
53.3764,0.5516,2.375
53.3766,0.5987,2.5779
53.3768,0.6066,2.6108
53.3770,0.6223,2.6784
53.3772,0.6711,2.8844
53.3774,0.7519,3.2287
53.3776,0.7659,3.292
53.3778,0.7297,3.1349
53.3780,0.7669,3.2885
53.3782,0.8119,3.4813
53.3784,0.8681,3.7189
53.3786,0.9409,4.0307
53.3788,0.9774,4.1874
53.3790,0.9932,4.2527
53.3792,0.9796,4.1966
53.3794,0.9669,4.1383
53.3796,0.984,4.2156
53.3798,0.9747,4.1795
53.3800,0.9246,3.9627
53.3802,0.953,4.0769
53.3804,1.0204,4.3754
53.3806,1.0032,4.2938
53.3808,1.0938,4.6747
53.3810,1.1345,4.8489
53.3812,1.1131,4.7661
53.3814,1.0288,4.4072
53.3816,1.0291,4.4067
53.3818,1.0723,4.5937
53.3820,1.037,4.4427
53.3822,0.9685,4.1508
53.3824,0.9246,3.9701
53.3826,0.8843,3.7936
53.3828,0.9099,3.9055
53.3830,0.9025,3.879
53.3832,0.7915,3.4049
53.3834,0.7878,3.3874
53.3836,0.7902,3.3961
53.3838,0.8257,3.547
53.3840,0.8544,3.6689
53.3842,0.8641,3.7072
53.3844,0.8843,3.7953
53.3846,0.8161,3.5074
53.3848,0.8487,3.6493
53.3850,0.8553,3.6725
53.3852,0.8284,3.5655
53.3854,0.7388,3.1785
53.3856,0.755,3.2496
53.3858,0.764,3.2853
53.3860,0.7959,3.4192
53.3862,0.8361,3.5918
53.3864,0.8051,3.4621
53.3866,0.7861,3.3817
53.3868,0.7819,3.359
53.3870,0.8212,3.5296
53.3872,0.7361,3.1666
53.3874,0.7392,3.1786
53.3876,0.7848,3.3729
53.3878,0.7475,3.2141
53.3880,0.735,3.1635
53.3882,0.7653,3.2955
53.3884,0.6701,2.8869
53.3886,0.6181,2.6603
53.3888,0.6798,2.9247
53.3890,0.6627,2.8536
53.3892,0.6083,2.6216
53.3894,0.6001,2.5877
53.3896,0.6069,2.6159
53.3898,0.6089,2.6218
53.3900,0.6609,2.8392
53.3902,0.8272,3.5537
53.3904,0.7996,3.4512
53.3906,0.5447,2.3499
53.3908,0.471,2.0337
53.3910,0.501,2.1641
53.3912,0.488,2.1072
53.3914,0.5273,2.2749
53.3916,0.5782,2.4931
53.3918,0.5767,2.4834
53.3920,0.6213,2.6767
53.3922,0.6378,2.7513
53.3924,0.5373,2.3189
53.3926,0.4717,2.0377
53.3928,0.4662,2.0148
53.3930,0.4635,2.0016
53.3932,0.4571,1.9727
53.3934,0.4693,2.0246
53.3936,0.5736,2.47
53.3938,0.5909,2.5514
53.3940,0.459,1.981
53.3942,0.4541,1.9616
53.3944,0.4493,1.9409
53.3946,0.448,1.9352
53.3948,0.4429,1.9134
53.3950,0.4615,1.9909
53.3952,0.4983,2.1507
53.3954,0.4554,1.9655
53.3956,0.4751,2.0494
53.3958,0.4458,1.9232
53.3960,0.4421,1.9071
53.3962,0.4751,2.0513
53.3964,0.4609,1.9911
53.3966,0.4518,1.9508
53.3968,0.4553,1.9649
53.3970,0.4476,1.9309
53.3972,0.5192,2.2397
53.3974,0.4896,2.111
53.3976,0.498,2.1472
53.3978,0.5615,2.4156
53.3980,0.6144,2.6455
53.3982,0.6095,2.628
53.3984,0.5802,2.5007
53.3986,0.5861,2.5248
53.3988,0.578,2.4891
53.3990,0.6091,2.624
53.3992,0.5975,2.5739
53.3994,0.5717,2.4617
53.3996,0.5352,2.3069
53.3998,0.5403,2.3275
53.4000,0.554,2.3853
53.4002,0.5649,2.4323
53.4004,0.6201,2.6703
53.4006,0.6386,2.7473
53.4008,0.6434,2.7653
53.4010,0.7267,3.122
53.4012,0.783,3.362
53.4014,0.7439,3.1957
53.4016,0.6776,2.9163
53.4018,0.6297,2.7129
53.4020,0.6248,2.6892
53.4022,0.6906,2.9684
53.4024,0.6567,2.8278
53.4026,0.6543,2.8122
53.4028,0.7505,3.227
53.4030,0.7465,3.21
53.4032,0.7856,3.3765
53.4034,0.8086,3.4722
53.4036,0.765,3.2925
53.4038,0.6566,2.8299
53.4040,0.5816,2.5069
53.4042,0.5683,2.4473
53.4044,0.5701,2.4573
53.4046,0.5655,2.4405
53.4048,0.4954,2.1373
53.4050,0.473,2.0396
53.4052,0.4725,2.0395
53.4054,0.4625,1.996
53.4056,0.4643,2.0047
53.4058,0.4646,2.0034
53.4060,0.4713,2.0324
53.4062,0.4722,2.0389
53.4064,0.4363,1.8841
53.4066,0.4558,1.9661
53.4068,0.5075,2.1885
53.4070,0.541,2.3306
53.4072,0.5938,2.5567
53.4074,0.5488,2.3653
53.4076,0.4953,2.1368
53.4078,0.4876,2.1027
53.4080,0.4888,2.1069
53.4082,0.4903,2.1141
53.4084,0.4857,2.0944
53.4086,0.4858,2.0969
53.4088,0.4867,2.0986
53.4090,0.4916,2.1178
53.4092,0.5013,2.1597
53.4094,0.4945,2.1312
53.4096,0.5134,2.2129
53.4098,0.5712,2.4585
53.4100,0.6416,2.7576
53.4102,0.7221,3.1005
53.4104,0.7252,3.1197
53.4106,0.7074,3.0391
53.4108,0.7674,3.2936
53.4110,0.7656,3.2859
53.4112,0.7709,3.3116
53.4114,0.7511,3.2266
53.4116,0.7526,3.2273
53.4118,0.898,3.8486
53.4120,0.9703,4.1527
53.4122,0.9944,4.2558
53.4124,1.0097,4.3235
53.4126,1.0161,4.3528
53.4128,0.9566,4.0961
53.4130,0.9417,4.0343
53.4132,0.9418,4.0367
53.4134,0.9649,4.1412
53.4136,0.88,3.7786
53.4138,0.8325,3.5747
53.4140,0.8363,3.5895
53.4142,0.8625,3.6948
53.4144,0.8681,3.7241
53.4146,0.9234,3.9613
53.4148,0.9354,4.0108
53.4150,0.9242,3.9575
53.4152,0.9385,4.0242
53.4154,0.9011,3.8656
53.4156,0.9001,3.8615
53.4158,0.8496,3.6517
53.4160,0.7659,3.292
53.4162,0.7864,3.377
53.4164,0.856,3.6705
53.4166,0.8646,3.7196
53.4168,0.7703,3.309
53.4170,0.7995,3.4315
53.4172,0.9007,3.8604
53.4174,0.9318,3.9954
53.4176,0.8971,3.854
53.4178,0.8199,3.5223
53.4180,0.8644,3.7168
53.4182,0.7814,3.3585
53.4184,0.7616,3.2689
53.4186,0.8318,3.5733
53.4188,0.823,3.5357
53.4190,0.8677,3.7243
53.4192,0.8493,3.6485
53.4194,0.809,3.4786
53.4196,0.8261,3.5491
53.4198,0.8331,3.5756
53.4200,0.8225,3.5336
53.4202,0.8278,3.5546
53.4204,0.8268,3.5505
53.4206,0.8271,3.5532
53.4208,0.8487,3.6476
53.4210,0.8571,3.6819
53.4212,0.8536,3.6653
53.4214,0.8471,3.6409
53.4216,0.8321,3.5748
53.4218,0.8434,3.6266
53.4220,0.8019,3.4466
53.4222,0.7947,3.4189
53.4224,0.7869,3.3885
53.4226,0.7773,3.341
53.4228,0.805,3.4568
53.4230,0.8055,3.4669
53.4232,0.7465,3.2115
53.4234,0.7704,3.3188
53.4236,0.6357,2.7412
53.4238,0.5646,2.4358
53.4240,0.5623,2.4271
53.4242,0.5764,2.4853
53.4244,0.6279,2.7026
53.4246,0.6216,2.6827
53.4248,0.5028,2.1719
53.4250,0.4821,2.0789
53.4252,0.5314,2.2925
53.4254,0.5333,2.3008
53.4256,0.5265,2.2713
53.4258,0.5302,2.2852
53.4260,0.5322,2.2961
53.4262,0.5277,2.2775
53.4264,0.5276,2.2738
53.4266,0.6038,2.6001
53.4268,0.6222,2.6778
53.4270,0.5887,2.5386
53.4272,0.5438,2.3479
53.4274,0.5267,2.2723
53.4276,0.5281,2.2791
53.4278,0.5295,2.2853
53.4280,0.5514,2.3767
53.4282,0.5543,2.3891
53.4284,0.5297,2.2853
53.4286,0.5273,2.2749
53.4288,0.5312,2.2915
53.4290,0.5333,2.3008
53.4292,0.5336,2.3018
53.4294,0.5322,2.2961
53.4296,0.5298,2.2858
53.4298,0.5534,2.3794
53.4300,0.7095,3.045
53.4302,0.7616,3.2795
53.4304,0.5827,2.5139
53.4306,0.5457,2.3541
53.4308,0.5451,2.3504
53.4310,0.549,2.3641
53.4312,0.62,2.6673
53.4314,0.6593,2.8365
53.4316,0.6752,2.9059
53.4318,0.6524,2.8079
53.4320,0.6266,2.6982
53.4322,0.5697,2.4564
53.4324,0.5743,2.4731
53.4326,0.6007,2.5915
53.4328,0.553,2.3834
53.4330,0.5534,2.3849
53.4332,0.5959,2.5648
53.4334,0.623,2.6852
53.4336,0.5445,2.3478
53.4338,0.5266,2.2686
53.4340,0.6297,2.7091
53.4342,0.6933,2.9769
53.4344,0.7691,3.3054
53.4346,0.745,3.2018
53.4348,0.7349,3.1585
53.4350,0.7381,3.1739
53.4352,0.6789,2.9233
53.4354,0.6328,2.7212
53.4356,0.6661,2.8694
53.4358,0.6782,2.9175
53.4360,0.6995,3.0037
53.4362,0.7786,3.3482
53.4364,0.7233,3.1114
53.4366,0.7331,3.1508
53.4368,0.7351,3.1551
53.4370,0.7786,3.3451
53.4372,0.7656,3.295
53.4374,0.7424,3.191
53.4376,0.768,3.2962
53.4378,0.8152,3.5022
53.4380,0.8132,3.4983
53.4382,0.6945,2.9876
53.4384,0.6249,2.691
53.4386,0.6655,2.8601
53.4388,0.7213,3.1003
53.4390,0.7508,3.2286
53.4392,0.7508,3.2301
53.4394,0.7231,3.108
53.4396,0.7252,3.1211
53.4398,0.6173,2.6592
53.4400,0.5604,2.4177
53.4402,0.5342,2.3033
53.4404,0.5976,2.578
53.4406,0.5679,2.4475
53.4408,0.5391,2.3245
53.4410,0.5557,2.3953
53.4412,0.5382,2.3231
53.4414,0.4717,2.0368
53.4416,0.444,1.9181
53.4418,0.4649,2.0082
53.4420,0.4434,1.9137
53.4422,0.4429,1.9108
53.4424,0.5034,2.1715
53.4426,0.5242,2.2594
53.4428,0.5307,2.2862
53.4430,0.6048,2.603
53.4432,0.6545,2.8185
53.4434,0.5698,2.4546
53.4436,0.5893,2.5388
53.4438,0.6264,2.6972
53.4440,0.633,2.7218
53.4442,0.6844,2.9443
53.4444,0.7333,3.1504
53.4446,0.8472,3.6295
53.4448,0.9976,4.2677
53.4450,0.997,4.2711
53.4452,0.9219,3.9588
53.4454,0.8896,3.818
53.4456,0.8951,3.8434
53.4458,0.8933,3.8375
53.4460,0.8379,3.5928
53.4462,0.9003,3.8589
53.4464,0.9388,4.0239
53.4466,0.941,4.0312
53.4468,0.9511,4.0782
53.4470,0.945,4.052
53.4472,0.9764,4.1886
53.4474,0.9436,4.0482
53.4476,0.9037,3.8715
53.4478,0.9355,4.0132
53.4480,0.8858,3.8091
53.4482,0.7706,3.3167
53.4484,0.7405,3.1872
53.4486,0.7312,3.1426
53.4488,0.7162,3.0853
53.4490,0.6621,2.8497
53.4492,0.7012,3.0137
53.4494,0.7567,3.2508
53.4496,0.8197,3.5245
53.4498,0.8535,3.6648
53.4500,0.8673,3.7205
53.4502,0.8867,3.8039
53.4504,0.8951,3.8452
53.4506,0.8474,3.6368
53.4508,0.8482,3.6438
53.4510,0.8435,3.6271
53.4512,0.799,3.4326
53.4514,0.8109,3.4836
53.4516,0.8507,3.6546
53.4518,0.8276,3.5569
53.4520,0.7978,3.4275
53.4522,0.8337,3.5782
53.4524,0.8593,3.6935
53.4526,0.7478,3.2187
53.4528,0.7434,3.1996
53.4530,0.6987,3.0127
53.4532,0.6164,2.6592
53.4534,0.5995,2.5827
53.4536,0.6831,2.9427
53.4538,0.6563,2.8315
53.4540,0.5809,2.5015
53.4542,0.6018,2.5937
53.4544,0.6109,2.6342
53.4546,0.6338,2.7292
53.4548,0.714,3.0717
53.4550,0.6959,2.998
53.4552,0.6544,2.8193
53.4554,0.6247,2.6912
53.4556,0.6017,2.5932
53.4558,0.6065,2.6139
53.4560,0.612,2.6352
53.4562,0.6764,2.9138
53.4564,0.6111,2.6353
53.4566,0.639,2.7514
53.4568,0.6536,2.8183
53.4570,0.5432,2.3443
53.4572,0.4807,2.0747
53.4574,0.5174,2.232
53.4576,0.5292,2.28
53.4578,0.5878,2.5321
53.4580,0.601,2.5889
53.4582,0.606,2.613
53.4584,0.5519,2.3787
53.4586,0.5635,2.4289
53.4588,0.5818,2.5109
53.4590,0.5054,2.1782
53.4592,0.5402,2.3292
53.4594,0.5663,2.4396
53.4596,0.6245,2.6901
53.4598,0.6392,2.7562
53.4600,0.5932,2.5577
53.4602,0.5518,2.3804
53.4604,0.5615,2.4201
53.4606,0.5502,2.3704
53.4608,0.598,2.5736
53.4610,0.6221,2.6848
53.4612,0.5084,2.1962
53.4614,0.4572,1.9723
53.4616,0.5122,2.2077
53.4618,0.5319,2.2978
53.4620,0.4705,2.0297
53.4622,0.4692,2.025
53.4624,0.4723,2.0375
53.4626,0.5457,2.3519
53.4628,0.5194,2.2428
53.4630,0.4639,2.0031
53.4632,0.4602,1.9862
53.4634,0.4578,1.9749
53.4636,0.4464,1.9266
53.4638,0.4406,1.9018
53.4640,0.4418,1.907
53.4642,0.4453,1.9211
53.4644,0.448,1.9343
53.4646,0.4504,1.9437
53.4648,0.4446,1.9189
53.4650,0.4448,1.919
53.4652,0.447,1.9301
53.4654,0.4498,1.942
53.4656,0.445,1.9187
53.4658,0.4444,1.9179
53.4660,0.4432,1.9127
53.4662,0.4481,1.9339
53.4664,0.4603,1.9848
53.4666,0.4882,2.1024
53.4668,0.5657,2.437
53.4670,0.5893,2.5364
53.4672,0.6314,2.7188
53.4674,0.5852,2.5201
53.4676,0.5555,2.3931
53.4678,0.5518,2.3782
53.4680,0.5573,2.4031
53.4682,0.5568,2.3999
53.4684,0.5622,2.4209
53.4686,0.5807,2.4993
53.4688,0.6364,2.7393
53.4690,0.6689,2.8738
53.4692,0.7321,3.1467
53.4694,0.7233,3.1085
53.4696,0.758,3.2565
53.4698,0.6964,2.9973
53.4700,0.6241,2.6861
53.4702,0.6013,2.5905
53.4704,0.5911,2.5465
53.4706,0.5751,2.4762
53.4708,0.5898,2.5385
53.4710,0.581,2.5032
53.4712,0.5771,2.4861
53.4714,0.5827,2.5092
53.4716,0.6195,2.6677
53.4718,0.6182,2.6596
53.4720,0.6215,2.6735
53.4722,0.6144,2.6443
53.4724,0.6392,2.7486
53.4726,0.7236,3.1086
53.4728,0.7185,3.0894
53.4730,0.6376,2.7419
53.4732,0.6382,2.7495
53.4734,0.6195,2.6727
53.4736,0.4537,1.9582
53.4738,0.3857,1.6663
53.4740,0.3787,1.6358
53.4742,0.3822,1.649
53.4744,0.3884,1.6762
53.4746,0.3876,1.6731
53.4748,0.3897,1.6811
53.4750,0.4133,1.7846
53.4752,0.3916,1.6909
53.4754,0.4107,1.77
53.4756,0.4649,2.0036
53.4758,0.5073,2.1855
53.4760,0.587,2.5255
53.4762,0.6465,2.78
53.4764,0.633,2.723
53.4766,0.6694,2.8798
53.4768,0.7182,3.084
53.4770,0.7875,3.3785
53.4772,0.825,3.5362
53.4774,0.8474,3.6368
53.4776,0.8561,3.6676
53.4778,0.9591,4.105
53.4780,1.0025,4.2907
53.4782,1.0055,4.3056
53.4784,0.9983,4.2728
53.4786,0.9915,4.2435
53.4788,0.9885,4.2346
53.4790,0.9544,4.0849
53.4792,1.0102,4.3215
53.4794,1.0015,4.2906
53.4796,0.9789,4.1916
53.4798,1.0599,4.5344
53.4800,1.0448,4.4698
53.4802,1.0453,4.4739
53.4804,1.015,4.3441
53.4806,1.0121,4.3298
53.4808,1.0634,4.5578
53.4810,0.9995,4.2879
53.4812,0.9292,3.9827
53.4814,0.9072,3.89
53.4816,0.896,3.8476
53.4818,0.8466,3.6354
53.4820,0.8183,3.509
53.4822,0.8694,3.728
53.4824,0.9378,4.023
53.4826,0.9309,3.9918
53.4828,0.9313,3.9971
53.4830,0.8992,3.8592
53.4832,0.9011,3.8674
53.4834,0.8601,3.6931
53.4836,0.8234,3.5388
53.4838,0.8023,3.4465
53.4840,0.7878,3.3858
53.4842,0.8134,3.4993
53.4844,0.7682,3.3018
53.4846,0.7962,3.4187
53.4848,0.8442,3.6251
53.4850,0.8745,3.7549
53.4852,0.8591,3.6855
53.4854,0.8327,3.5807
53.4856,0.7518,3.2342
53.4858,0.7665,3.2976
53.4860,0.7511,3.2281
53.4862,0.7797,3.3528
53.4864,0.8116,3.4867
53.4866,0.8006,3.4409
53.4868,0.7529,3.2343
53.4870,0.7978,3.4307
53.4872,0.7717,3.3214
53.4874,0.7556,3.2477
53.4876,0.7912,3.4007
53.4878,0.7626,3.2837
53.4880,0.6927,2.9813
53.4882,0.6837,2.9439
53.4884,0.6902,2.9732
53.4886,0.6263,2.6991
53.4888,0.6189,2.6689
53.4890,0.6758,2.9018
53.4892,0.8164,3.5106
53.4894,0.7147,3.0848
53.4896,0.5621,2.4249
53.4898,0.5746,2.4764
53.4900,0.5909,2.5467
53.4902,0.5555,2.3942
53.4904,0.5414,2.3365
53.4906,0.5417,2.3381
53.4908,0.5316,2.2914
53.4910,0.5934,2.554
53.4912,0.6428,2.7679
53.4914,0.6499,2.7996
53.4916,0.636,2.7397
53.4918,0.5749,2.4803
53.4920,0.5409,2.3312
53.4922,0.5541,2.3869
53.4924,0.665,2.8634
53.4926,0.6849,2.9491
53.4928,0.6229,2.6834
53.4930,0.5486,2.3665
53.4932,0.5422,2.3391
53.4934,0.5386,2.3214
53.4936,0.5721,2.4633
53.4938,0.5773,2.4929
53.4940,0.5243,2.2609
53.4942,0.5417,2.3359
53.4944,0.5292,2.2832
53.4946,0.5297,2.2853
53.4948,0.5253,2.264
53.4950,0.5277,2.2743
53.4952,0.5269,2.2739
53.4954,0.5132,2.2139
53.4956,0.5699,2.454
53.4958,0.6115,2.6344
53.4960,0.5794,2.4994
53.4962,0.5477,2.3596
53.4964,0.5745,2.4736
53.4966,0.6001,2.5853
53.4968,0.6313,2.7171
53.4970,0.651,2.8017
53.4972,0.6555,2.82
53.4974,0.6689,2.8778
53.4976,0.6824,2.9355
53.4978,0.7127,3.066
53.4980,0.7204,3.0962
53.4982,0.7177,3.0863
53.4984,0.6532,2.8141
53.4986,0.6133,2.6421
53.4988,0.6629,2.852
53.4990,0.696,2.9943
53.4992,0.6948,2.9892
53.4994,0.6692,2.8815
53.4996,0.6385,2.7467
53.4998,0.6316,2.7186
53.5000,0.6686,2.8762
53.5002,0.7237,3.1092
53.5004,0.7638,3.2858
53.5006,0.7577,3.2595
53.5008,0.7337,3.1548
53.5010,0.7097,3.0503
53.5012,0.7996,3.4352
53.5014,0.8008,3.442
53.5016,0.7682,3.2956
53.5018,0.8511,3.6511
53.5020,0.8658,3.7213
53.5022,0.7292,3.1358
53.5024,0.7574,3.2539
53.5026,0.7548,3.2471
53.5028,0.7451,3.2023
53.5030,0.8227,3.5308
53.5032,0.8119,3.4878
53.5034,0.7729,3.3265
53.5036,0.6688,2.8826
53.5038,0.6832,2.9391
53.5040,0.7145,3.0738
53.5042,0.6828,2.939
53.5044,0.6679,2.8731
53.5046,0.7005,3.012
53.5048,0.6971,2.999
53.5050,0.6725,2.8959
53.5052,0.6013,2.5941
53.5054,0.5167,2.232
53.5056,0.5016,2.1637
53.5058,0.5013,2.1647
53.5060,0.4228,1.8281
53.5062,0.4059,1.7525
53.5064,0.3962,1.7114
53.5066,0.3866,1.6707
53.5068,0.3868,1.671
53.5070,0.3902,1.6878
53.5072,0.3909,1.6886
53.5074,0.3888,1.6806
53.5076,0.3858,1.6669
53.5078,0.3864,1.6702
53.5080,0.3906,1.6868
53.5082,0.3963,1.7119
53.5084,0.395,1.7062
53.5086,0.4036,1.7435
53.5088,0.4398,1.8973
53.5090,0.5036,2.1705
53.5092,0.5911,2.5442
53.5094,0.6367,2.7416
53.5096,0.5984,2.5769
53.5098,0.6644,2.8568
53.5100,0.7204,3.0962
53.5102,0.7701,3.3054
53.5104,0.8173,3.5093
53.5106,0.7836,3.3662
53.5108,0.7933,3.4095
53.5110,0.8029,3.4491
53.5112,0.8484,3.6347
53.5114,0.8633,3.7018
53.5116,0.8801,3.7773
53.5118,0.8906,3.8191
53.5120,0.9206,3.9457
53.5122,0.9508,4.081
53.5124,0.827,3.5444
53.5126,0.9628,4.1132
53.5128,1.1189,4.7756
53.5130,1.1442,4.9019
53.5132,0.9765,4.1872
53.5134,0.9661,4.1424
53.5136,0.9465,4.0624
53.5138,0.8374,3.5991
53.5140,0.7924,3.4059
53.5142,0.8519,3.6564
53.5144,0.8185,3.5161
53.5146,0.8141,3.4927
53.5148,0.9472,4.0579
53.5150,0.9764,4.1925
53.5152,0.8741,3.7533
53.5154,0.792,3.4054
53.5156,0.7469,3.2086
53.5158,0.7785,3.3492
53.5160,0.7418,3.1899
53.5162,0.7656,3.2889
53.5164,0.8128,3.4951
53.5166,0.8351,3.5877
53.5168,0.8687,3.7302
53.5170,0.8788,3.7699
53.5172,0.8985,3.8548
53.5174,0.9002,3.862
53.5176,0.8964,3.8491
53.5178,0.8697,3.7343
53.5180,0.8417,3.6194
53.5182,0.7882,3.3863
53.5184,0.8023,3.4514
53.5186,0.7739,3.3245
53.5188,0.8333,3.58
53.5190,0.8339,3.5809
53.5192,0.8049,3.4611
53.5194,0.7992,3.43
53.5196,0.8788,3.7734
53.5198,0.8277,3.5591
53.5200,0.8102,3.4773
53.5202,0.949,4.0656
53.5204,1.0158,4.3477
53.5206,0.9999,4.2914
53.5208,0.88,3.7839
53.5210,0.7635,3.2909
53.5212,0.7062,3.0396
53.5214,0.6987,3.0085
53.5216,0.662,2.8545
53.5218,0.6342,2.7294
53.5220,0.7779,3.342
53.5222,0.8024,3.4567
53.5224,0.5938,2.5627
53.5226,0.5139,2.2211
53.5228,0.5038,2.1735
53.5230,0.5557,2.3964
53.5232,0.5175,2.2346
53.5234,0.4953,2.1378
53.5236,0.5233,2.2542
53.5238,0.5586,2.4088
53.5240,0.4996,2.1614
53.5242,0.3988,1.7244
53.5244,0.3793,1.6384
53.5246,0.4181,1.807
53.5248,0.4339,1.8746
53.5250,0.4344,1.8758
53.5252,0.4293,1.8544
53.5254,0.4315,1.8642
53.5256,0.4306,1.8592
53.5258,0.4309,1.8599
53.5260,0.4484,1.9372
53.5262,0.4367,1.8865
53.5264,0.432,1.8654
53.5266,0.4435,1.9142
53.5268,0.5024,2.1653
53.5270,0.5294,2.2858
53.5272,0.4623,1.9946
53.5274,0.4474,1.9308
53.5276,0.4475,1.9322
53.5278,0.4516,1.9507
53.5280,0.4528,1.9541
53.5282,0.4459,1.9246
53.5284,0.4456,1.9239
53.5286,0.4454,1.9216
53.5288,0.4487,1.9356
53.5290,0.4519,1.9505
53.5292,0.4498,1.9402
53.5294,0.4483,1.934
53.5296,0.4518,1.9481
53.5298,0.501,2.1601
53.5300,0.5692,2.4497
53.5302,0.6158,2.6517
53.5304,0.554,2.3886
53.5306,0.5194,2.2418
53.5308,0.477,2.0538
53.5310,0.5291,2.2827
53.5312,0.4676,2.0173
53.5314,0.5156,2.2222
53.5316,0.542,2.3348
53.5318,0.5789,2.495
53.5320,0.5727,2.4659
53.5322,0.6356,2.7382
53.5324,0.5222,2.2495
53.5326,0.5285,2.278
53.5328,0.5634,2.4295
53.5330,0.5704,2.456
53.5332,0.6018,2.5889
53.5334,0.6445,2.7738
53.5336,0.673,2.8966
53.5338,0.6795,2.9232
53.5340,0.68,2.9211
53.5342,0.6965,2.9978
53.5344,0.5839,2.5144
53.5346,0.5694,2.4496
53.5348,0.6375,2.7439
53.5350,0.6591,2.8342
53.5352,0.7036,3.0254
53.5354,0.6868,2.956
53.5356,0.6411,2.7632
53.5358,0.5784,2.4895
53.5360,0.5911,2.5418
53.5362,0.6314,2.7163
53.5364,0.6482,2.7911
53.5366,0.674,2.8994
53.5368,0.6927,2.9757
53.5370,0.7303,3.1389
53.5372,0.7267,3.1235
53.5374,0.7234,3.1148
53.5376,0.6948,2.9836
53.5378,0.7388,3.1755
53.5380,0.6689,2.8804
53.5382,0.6505,2.7996
53.5384,0.644,2.7718
53.5386,0.618,2.6598
53.5388,0.6394,2.7509
53.5390,0.6512,2.8027
53.5392,0.5777,2.4875
53.5394,0.5567,2.3983
53.5396,0.5378,2.3167
53.5398,0.5231,2.2589
53.5400,0.4134,1.7868
53.5402,0.3992,1.7228
53.5404,0.3951,1.7067
53.5406,0.3974,1.7166
53.5408,0.3975,1.7147
53.5410,0.4411,1.9021
53.5412,0.4566,1.9716
53.5414,0.3994,1.7246
53.5416,0.3928,1.6945
53.5418,0.4095,1.7664
53.5420,0.4456,1.9221
53.5422,0.5143,2.2144
53.5424,0.5833,2.5106
53.5426,0.6313,2.7171
53.5428,0.6267,2.6962
53.5430,0.6483,2.7877
53.5432,0.6839,2.9381
53.5434,0.7211,3.0993
53.5436,0.7518,3.2297
53.5438,0.8073,3.4601
53.5440,0.8759,3.7541
53.5442,0.8854,3.7929
53.5444,0.9098,3.8995
53.5446,0.9187,3.9394
53.5448,0.8873,3.8064
53.5450,0.8198,3.5185
53.5452,0.8451,3.6254
53.5454,0.8885,3.808
53.5456,0.918,3.9326
53.5458,0.9342,4.0019
53.5460,0.9689,4.1548
53.5462,0.9243,3.9617
53.5464,0.9073,3.8923
53.5466,0.8899,3.8177
53.5468,0.9035,3.8759
53.5470,0.9056,3.8851
53.5472,0.8302,3.5666
53.5474,0.8079,3.4691
53.5476,0.8466,3.6321
53.5478,0.8669,3.719
53.5480,0.8252,3.5449
53.5482,0.8252,3.5433
53.5484,0.8584,3.6859
53.5486,0.8024,3.4503
53.5488,0.7794,3.345
53.5490,0.8245,3.5418
53.5492,0.8239,3.536
53.5494,0.8093,3.4786
53.5496,0.7742,3.326
53.5498,0.8215,3.5257
53.5500,0.856,3.6773
53.5502,0.8457,3.6347
53.5504,0.8326,3.5735
53.5506,0.8499,3.6476
53.5508,0.8749,3.7587
53.5510,0.8484,3.6415
53.5512,0.8457,3.6347
53.5514,0.8134,3.4993
53.5516,0.8001,3.4357
53.5518,0.8205,3.5199
53.5520,0.8499,3.6493
53.5522,0.8173,3.5142
53.5524,0.7789,3.343
53.5526,0.8502,3.6492
53.5528,0.8568,3.6809
53.5530,0.852,3.6586
53.5532,0.8554,3.6747
53.5534,0.8357,3.5919
53.5536,0.8026,3.4449
53.5538,0.8364,3.5883
53.5540,0.8132,3.4983
53.5542,0.7333,3.1577
53.5544,0.6872,2.9617
53.5546,0.6884,2.96
53.5548,0.7388,3.177
53.5550,0.7041,3.0303
53.5552,0.6904,2.9742
53.5554,0.6338,2.7304
53.5556,0.6433,2.7687
53.5558,0.6225,2.6831
53.5560,0.591,2.5484
53.5562,0.6125,2.6373
53.5564,0.6561,2.8226
53.5566,0.6315,2.7219
53.5568,0.6049,2.6072
53.5570,0.6069,2.6135
53.5572,0.6167,2.6529
53.5574,0.691,2.9754
53.5576,0.6996,3.014
53.5578,0.635,2.7356
53.5580,0.6156,2.6531
53.5582,0.6164,2.6543
53.5584,0.6502,2.7986
53.5586,0.6561,2.8226
53.5588,0.711,3.0588
53.5590,0.7096,3.054
53.5592,0.7222,3.1082
53.5594,0.7068,3.0436
53.5596,0.6218,2.6838
53.5598,0.5608,2.4159
53.5600,0.582,2.5096
53.5602,0.5382,2.322
53.5604,0.5345,2.3059
53.5606,0.5358,2.3106
53.5608,0.5415,2.3359
53.5610,0.5547,2.3928
53.5612,0.5408,2.3318
53.5614,0.5366,2.3147
53.5616,0.5351,2.3075
53.5618,0.5366,2.3083
53.5620,0.673,2.8953
53.5622,0.6284,2.7097
53.5624,0.5647,2.4352
53.5626,0.5557,2.3953
53.5628,0.5372,2.3173
53.5630,0.5541,2.3869
53.5632,0.5941,2.5595
53.5634,0.5487,2.3648
53.5636,0.5585,2.4038
53.5638,0.594,2.5601
53.5640,0.5411,2.3322
53.5642,0.5345,2.3059
53.5644,0.5343,2.306
53.5646,0.5354,2.3085
53.5648,0.524,2.2583
53.5650,0.5179,2.233
53.5652,0.5224,2.2527
53.5654,0.521,2.2454
53.5656,0.5699,2.4528
53.5658,0.6908,2.973
53.5660,0.6559,2.8255
53.5662,0.6304,2.7134
53.5664,0.7144,3.069
53.5666,0.7482,3.2172
53.5668,0.6838,2.9431
53.5670,0.6405,2.7568
53.5672,0.6392,2.7498
53.5674,0.6393,2.7504
53.5676,0.715,3.073
53.5678,0.7848,3.3745
53.5680,0.7127,3.0618
53.5682,0.7603,3.2678
53.5684,0.7189,3.0929
53.5686,0.7263,3.1214
53.5688,0.7452,3.2058
53.5690,0.7005,3.0162
53.5692,0.6667,2.8746
53.5694,0.5988,2.5784
53.5696,0.6399,2.7555
53.5698,0.6722,2.8917
53.5700,0.7048,3.0306
53.5702,0.6978,2.9993
53.5704,0.6632,2.8583
53.5706,0.5884,2.5358
53.5708,0.5982,2.5794
53.5710,0.5953,2.5682
53.5712,0.5176,2.232
53.5714,0.5537,2.3843
53.5716,0.6198,2.67
53.5718,0.5834,2.5112
53.5720,0.6149,2.6464
53.5722,0.6051,2.6082
53.5724,0.6102,2.6287
53.5726,0.5375,2.3221
53.5728,0.4064,1.7546
53.5730,0.3897,1.6827
53.5732,0.4247,1.8313
53.5734,0.49,2.114
53.5736,0.4253,1.8356
53.5738,0.4603,1.9885
53.5740,0.4472,1.9321
53.5742,0.3939,1.7008
53.5744,0.3885,1.6767
53.5746,0.4236,1.8292
53.5748,0.4127,1.7821
53.5750,0.4321,1.8642
53.5752,0.474,2.0428
53.5754,0.5116,2.2041
53.5756,0.5373,2.3168
53.5758,0.5138,2.2134
53.5760,0.6126,2.6304
53.5762,0.7535,3.2354
53.5764,0.8135,3.495
53.5766,0.7965,3.4186
53.5768,0.7959,3.4129
53.5770,0.8008,3.434
53.5772,0.8688,3.7185
53.5774,0.9542,4.0915
53.5776,0.9542,4.0915
53.5778,0.9482,4.0601
53.5780,0.9831,4.2096
53.5782,1.0225,4.3744
53.5784,1.0322,4.4139
53.5786,1.1412,4.8868
53.5788,1.0274,4.4016
53.5790,0.997,4.2691
53.5792,0.9758,4.186
53.5794,0.9147,3.9242
53.5796,0.9107,3.9067
53.5798,0.9097,3.899
53.5800,0.9031,3.8689
53.5802,1.0162,4.3533
53.5804,1.0206,4.3662
53.5806,1.053,4.5089
53.5808,1.0533,4.5125
53.5810,1.0254,4.3928
53.5812,0.9904,4.2488
53.5814,0.9036,3.8764
53.5816,0.9108,3.9018
53.5818,1.0071,4.3143
53.5820,1.0095,4.3346
53.5822,0.9,3.8646
53.5824,0.8927,3.8314
53.5826,0.9165,3.9319
53.5828,0.9692,4.1539
53.5830,0.9108,3.9109
53.5832,0.9125,3.9163
53.5834,0.955,4.1009
53.5836,0.8728,3.7529
53.5838,0.8084,3.4712
53.5840,0.817,3.5115
53.5842,0.8438,3.6231
53.5844,0.8825,3.7859
53.5846,0.8694,3.7333
53.5848,0.8493,3.6553
53.5850,0.7804,3.3528
53.5852,0.8422,3.6147
53.5854,0.8604,3.6998
53.5856,0.7815,3.3652
53.5858,0.7053,3.0383
53.5860,0.6689,2.8778
53.5862,0.7096,3.0597
53.5864,0.6354,2.7371
53.5866,0.6713,2.8894
53.5868,0.7171,3.0866
53.5870,0.7272,3.1314
53.5872,0.7005,3.0162
53.5874,0.7066,3.0411
53.5876,0.7081,3.0464
53.5878,0.7417,3.1938
53.5880,0.6556,2.8271
53.5882,0.5727,2.4704
53.5884,0.606,2.6118
53.5886,0.6103,2.6341
53.5888,0.5116,2.2092
53.5890,0.5089,2.1953
53.5892,0.5631,2.4245
53.5894,0.5878,2.5333
53.5896,0.5356,2.3106
53.5898,0.5187,2.2377
53.5900,0.5321,2.2977
53.5902,0.5206,2.2439
53.5904,0.5824,2.5088
53.5906,0.5637,2.4339
53.5908,0.5049,2.1782
53.5910,0.5095,2.1978
53.5912,0.509,2.1947
53.5914,0.5358,2.3127
53.5916,0.5319,2.2946
53.5918,0.593,2.556
53.5920,0.6013,2.5892
53.5922,0.5804,2.5052
53.5924,0.4851,2.0938
53.5926,0.5557,2.3986
53.5928,0.4757,2.052
53.5930,0.4445,1.9201
53.5932,0.4662,2.012
53.5934,0.4892,2.1114
53.5936,0.4781,2.0642
53.5938,0.4754,2.0509
53.5940,0.4987,2.1523
53.5942,0.523,2.2594
53.5944,0.47,2.0277
53.5946,0.4549,1.9652
53.5948,0.4892,2.1094
53.5950,0.5372,2.3184
53.5952,0.4917,2.1203
53.5954,0.5602,2.4166
53.5956,0.5171,2.2299
53.5958,0.5271,2.2707
53.5960,0.5677,2.4447
53.5962,0.5742,2.4737
53.5964,0.5751,2.4796
53.5966,0.5761,2.482
53.5968,0.5984,2.5781
53.5970,0.6137,2.6424
53.5972,0.6267,2.6975
53.5974,0.659,2.835
53.5976,0.6915,2.9789
53.5978,0.5635,2.4277
53.5980,0.5394,2.325
53.5982,0.5516,2.3761
53.5984,0.6374,2.7396
53.5986,0.6864,2.9586
53.5988,0.5766,2.484
53.5990,0.6224,2.6764
53.5992,0.6577,2.8293
53.5994,0.6516,2.8043
53.5996,0.6691,2.8783
53.5998,0.6876,2.9555
53.6000,0.738,3.1705
53.6002,0.7884,3.3899
53.6004,0.7721,3.3183
53.6006,0.7375,3.1699
53.6008,0.7488,3.2198
53.6010,0.7188,3.0952
53.6012,0.6372,2.7462
53.6014,0.5592,2.4114
53.6016,0.5478,2.3612
53.6018,0.5406,2.3323
53.6020,0.5345,2.3049
53.6022,0.5364,2.3121
53.6024,0.5468,2.3554
53.6026,0.5969,2.5749
53.6028,0.5296,2.2826
53.6030,0.5313,2.2877
53.6032,0.5969,2.5725
53.6034,0.6063,2.6134
53.6036,0.584,2.5161
53.6038,0.5921,2.5507
53.6040,0.5839,2.5167
53.6042,0.5731,2.4725
53.6044,0.5283,2.2769
53.6046,0.5447,2.3445
53.6048,0.5951,2.5636
53.6050,0.579,2.4967
53.6052,0.5364,2.3131
53.6054,0.5218,2.2501
53.6056,0.4898,2.111
53.6058,0.5008,2.1606
53.6060,0.5025,2.1648
53.6062,0.511,2.2015
53.6064,0.4715,2.0358
53.6066,0.399,1.7246
53.6068,0.3879,1.6749
53.6070,0.3878,1.6751
53.6072,0.3917,1.6922
53.6074,0.3924,1.6938
53.6076,0.394,1.7005
53.6078,0.394,1.7013
53.6080,0.4327,1.8659
53.6082,0.4813,2.0753
53.6084,0.5278,2.2706
53.6086,0.6304,2.7134
53.6088,0.6496,2.7973
53.6090,0.6348,2.7308
53.6092,0.7285,3.1283
53.6094,0.7709,3.3085
53.6096,0.7725,3.3188
53.6098,0.8091,3.4694
53.6100,0.8575,3.6806
53.6102,0.8694,3.728
53.6104,0.9039,3.8743
53.6106,0.8647,3.7115
53.6108,0.841,3.6112
53.6110,0.8206,3.5172
53.6112,0.8742,3.7521
53.6114,0.8956,3.8365
53.6116,0.9639,4.1313
53.6118,0.92,3.9413
53.6120,1.0051,4.306
53.6122,0.9511,4.0744
53.6124,0.9655,4.1341
53.6126,1.0451,4.4708
53.6128,1.0657,4.5676
53.6130,0.982,4.2069
53.6132,0.9482,4.0658
53.6134,0.9035,3.8741
53.6136,0.9499,4.0749
53.6138,0.8603,3.6941
53.6140,0.8433,3.6176
53.6142,0.8462,3.6317
53.6144,0.8152,3.5022
53.6146,0.8191,3.5187
53.6148,0.8681,3.7241
53.6150,0.8705,3.7396
53.6152,0.8427,3.6201
53.6154,0.8414,3.6111
53.6156,0.8469,3.6314
53.6158,0.9542,4.0877
53.6160,0.9801,4.2006
53.6162,0.9947,4.2633
53.6164,0.9792,4.199
53.6166,0.9867,4.2289
53.6168,1.0103,4.3281
53.6170,0.9229,3.9574
53.6172,0.8577,3.6811
53.6174,0.856,3.6756
53.6176,0.8718,3.7436
53.6178,0.8905,3.8168
53.6180,0.9361,4.0195
53.6182,0.9073,3.8941
53.6184,0.9513,4.0811
53.6186,0.881,3.785
53.6188,0.8072,3.4725
53.6190,0.7933,3.4095
53.6192,0.818,3.5189
53.6194,0.779,3.3513
53.6196,0.7631,3.2827
53.6198,0.7663,3.2951
53.6200,0.7798,3.3565
53.6202,0.6894,2.9646
53.6204,0.7245,3.1166
53.6206,0.7011,3.016
53.6208,0.7338,3.1598
53.6210,0.6568,2.8283
53.6212,0.6578,2.8298
53.6214,0.7343,3.1618
53.6216,0.6843,2.9479
53.6218,0.6631,2.8538
53.6220,0.6278,2.7059
53.6222,0.5934,2.5599
53.6224,0.6071,2.6152
53.6226,0.6933,2.988
53.6228,0.6283,2.7054
53.6230,0.5959,2.5696
53.6232,0.5644,2.4336
53.6234,0.5753,2.4807
53.6236,0.5755,2.4805
53.6238,0.5767,2.4869
53.6240,0.5917,2.5503
53.6242,0.6562,2.827
53.6244,0.6173,2.6641
53.6246,0.5583,2.4084
53.6248,0.5685,2.4535
53.6250,0.5049,2.1782
53.6252,0.5028,2.1679
53.6254,0.5426,2.3384
53.6256,0.5751,2.4808
53.6258,0.527,2.2744
53.6260,0.5287,2.2817
53.6262,0.5257,2.2666
53.6264,0.5275,2.2754
53.6266,0.5237,2.2583
53.6268,0.5243,2.2609
53.6270,0.5288,2.2811
53.6272,0.5283,2.2769
53.6274,0.5241,2.2609
53.6276,0.523,2.2584
53.6278,0.5271,2.2728
53.6280,0.5794,2.4948
53.6282,0.6134,2.6451
53.6284,0.5545,2.3879
53.6286,0.6285,2.7002
53.6288,0.723,3.1118
53.6290,0.6288,2.7125
53.6292,0.5458,2.3546
53.6294,0.535,2.3069
53.6296,0.5345,2.3038
53.6298,0.5472,2.3575
53.6300,0.6141,2.6433
53.6302,0.6689,2.8791
53.6304,0.602,2.5948
53.6306,0.54,2.3287
53.6308,0.5375,2.3189
53.6310,0.5404,2.3291
53.6312,0.5885,2.5305
53.6314,0.7024,3.0189
53.6316,0.7703,3.3121
53.6318,0.7242,3.1112
53.6320,0.6879,2.9593
53.6322,0.6409,2.7609
53.6324,0.6492,2.7927
53.6326,0.727,3.1245
53.6328,0.8066,3.4651
53.6330,0.7729,3.3203
53.6332,0.7608,3.2714
53.6334,0.7754,3.325
53.6336,0.848,3.6411
53.6338,0.767,3.3028
53.6340,0.6843,2.9465
53.6342,0.6832,2.9419
53.6344,0.6844,2.9416
53.6346,0.7872,3.3769
53.6348,0.8429,3.6279
53.6350,0.6987,3.0057
53.6352,0.6819,2.9376
53.6354,0.6246,2.6894
53.6356,0.6109,2.6293
53.6358,0.6342,2.7333
53.6360,0.6381,2.7503
53.6362,0.6282,2.7024
53.6364,0.6751,2.9041
53.6366,0.678,2.917
53.6368,0.7054,3.0346
53.6370,0.7144,3.0747
53.6372,0.6658,2.8697
53.6374,0.6495,2.7994
53.6376,0.6037,2.5996
53.6378,0.6331,2.7235
53.6380,0.6768,2.9132
53.6382,0.6918,2.9763
53.6384,0.6882,2.9594
53.6386,0.6754,2.9043
53.6388,0.6825,2.9415
53.6390,0.6447,2.7761
53.6392,0.6632,2.861
53.6394,0.502,2.1698
53.6396,0.4019,1.7371
53.6398,0.3926,1.6959
53.6400,0.3957,1.7085
53.6402,0.4036,1.7435
53.6404,0.3934,1.6995
53.6406,0.3908,1.6889
53.6408,0.3948,1.7065
53.6410,0.3993,1.7241
53.6412,0.4379,1.8882
53.6414,0.4834,2.0846
53.6416,0.5333,2.2997
53.6418,0.5117,2.2056
53.6420,0.5706,2.4548
53.6422,0.6791,2.9175
53.6424,0.7364,3.1652
53.6426,0.7718,3.3157
53.6428,0.7953,3.4119
53.6430,0.9122,3.9079
53.6432,0.9655,4.136
53.6434,0.9566,4.0999
53.6436,0.9348,4.0026
53.6438,0.9734,4.1738
53.6440,1.0008,4.2855
53.6442,0.9928,4.2531
53.6444,0.9469,4.0621
53.6446,0.9506,4.0723
53.6448,1.0078,4.3194
53.6450,1.0191,4.3554
53.6452,1.1284,4.8228
53.6454,1.146,4.905
53.6456,1.085,4.6503
53.6458,1.0551,4.5223
53.6460,1.0176,4.3534
53.6462,1.0741,4.6035
53.6464,1.0535,4.5067
53.6466,1.0535,4.5173
53.6468,0.94,4.0328
53.6470,0.8982,3.8568
53.6472,0.8818,3.7898
53.6474,0.8511,3.6528
53.6476,0.9025,3.8718
53.6478,0.8394,3.6079
53.6480,0.7273,3.1261
53.6482,0.7568,3.2543
53.6484,0.7396,3.1816
53.6486,0.7629,3.2806
53.6488,0.7697,3.308
53.6490,0.803,3.4545
53.6492,0.7458,3.2069
53.6494,0.7849,3.375
53.6496,0.7589,3.2646
53.6498,0.709,3.0515
53.6500,0.7398,3.1811
53.6502,0.787,3.3843
53.6504,0.7918,3.4049
53.6506,0.8008,3.442
53.6508,0.7947,3.4173
53.6510,0.7012,3.0221
53.6512,0.5987,2.5815
53.6514,0.602,2.5948
53.6516,0.6404,2.755
53.6518,0.7412,3.1858
53.6520,0.7982,3.4338
53.6522,0.7891,3.393
53.6524,0.7791,3.3534
53.6526,0.7339,3.1573
53.6528,0.7133,3.0672
53.6530,0.6995,3.0107
53.6532,0.68,2.9252
53.6534,0.7129,3.0671
53.6536,0.7273,3.1348
53.6538,0.6435,2.7736
53.6540,0.6279,2.7064
53.6542,0.5866,2.5269
53.6544,0.5808,2.5021
53.6546,0.6384,2.7501
53.6548,0.6079,2.6237
53.6550,0.4983,2.1547
53.6552,0.453,1.9587
53.6554,0.4544,1.9622
53.6556,0.5144,2.218
53.6558,0.5596,2.414
53.6560,0.5664,2.4424
53.6562,0.5655,2.4371
53.6564,0.5676,2.4464
53.6566,0.5693,2.4548
53.6568,0.5875,2.5334
53.6570,0.5571,2.4021
53.6572,0.5608,2.417
53.6574,0.6054,2.6116
53.6576,0.54,2.3308
53.6578,0.5302,2.2863
53.6580,0.5426,2.3395
53.6582,0.5499,2.3689
53.6584,0.5623,2.4259
53.6586,0.5661,2.4397
53.6588,0.6089,2.6242
53.6590,0.5641,2.4315
53.6592,0.5498,2.3705
53.6594,0.5617,2.4211
53.6596,0.5451,2.3493
53.6598,0.581,2.502
53.6600,0.5675,2.4482
53.6602,0.4715,2.0376
53.6604,0.4493,1.94
53.6606,0.4454,1.9234
53.6608,0.447,1.9292
53.6610,0.4746,2.0464
53.6612,0.5251,2.263
53.6614,0.491,2.1201
53.6616,0.4487,1.9383
53.6618,0.4468,1.93
53.6620,0.4514,1.9484
53.6622,0.4466,1.9295
53.6624,0.4454,1.9234
53.6626,0.448,1.9325
53.6628,0.442,1.9075
53.6630,0.4474,1.9308
53.6632,0.4882,2.1043
53.6634,0.5035,2.172
53.6636,0.4504,1.9437
53.6638,0.45,1.9431
53.6640,0.4519,1.9496
53.6642,0.4609,1.9883
53.6644,0.4599,1.9842
53.6646,0.5215,2.2454
53.6648,0.5971,2.5664
53.6650,0.6465,2.78
53.6652,0.5908,2.5462
53.6654,0.5619,2.4216
53.6656,0.564,2.4287
53.6658,0.5866,2.5257
53.6660,0.5984,2.5793
53.6662,0.5511,2.3762
53.6664,0.5297,2.281
53.6666,0.551,2.3702
53.6668,0.6575,2.8235
53.6670,0.7466,3.209
53.6672,0.7536,3.2359
53.6674,0.8193,3.5197
53.6676,0.7054,3.036
53.6678,0.6493,2.7919
53.6680,0.7187,3.0933
53.6682,0.6508,2.8012
53.6684,0.577,2.4856
53.6686,0.5703,2.4555
53.6688,0.6307,2.7132
53.6690,0.6886,2.9637
53.6692,0.6272,2.702
53.6694,0.5825,2.5082
53.6696,0.582,2.5061
53.6698,0.5782,2.4884
53.6700,0.5884,2.5358
53.6702,0.5484,2.3627
53.6704,0.5928,2.5526
53.6706,0.5538,2.387
53.6708,0.5451,2.3536
53.6710,0.4469,1.9296
53.6712,0.4876,2.0998
53.6714,0.5752,2.4824
53.6716,0.4235,1.8278
53.6718,0.4544,1.9595
53.6720,0.4836,2.0861
53.6722,0.5099,2.1979
53.6724,0.4959,2.1394
53.6726,0.5193,2.2403
53.6728,0.4671,2.0162
53.6730,0.4029,1.7372
53.6732,0.4301,1.858
53.6734,0.4117,1.7771
53.6736,0.4156,1.7945
53.6738,0.4109,1.7718
53.6740,0.4131,1.7828
53.6742,0.4085,1.7631
53.6744,0.4108,1.7705
53.6746,0.4475,1.9286
53.6748,0.4906,2.1147
53.6750,0.5909,2.542
53.6752,0.6646,2.8525
53.6754,0.7797,3.3497
53.6756,0.7216,3.097
53.6758,0.7715,3.3142
53.6760,0.7547,3.2436
53.6762,0.7652,3.2843
53.6764,0.7833,3.362
53.6766,0.7857,3.3676
53.6768,0.9454,4.0464
53.6770,0.9982,4.2742
53.6772,0.9915,4.2415
53.6774,0.9923,4.2471
53.6776,1.0227,4.379
53.6778,0.9944,4.2598
53.6780,0.9721,4.1604
53.6782,1.0328,4.4144
53.6784,1.1183,4.7842
53.6786,1.1283,4.8268
53.6788,1.1019,4.7117
53.6790,1.1042,4.7193
53.6792,1.1236,4.8001
53.6794,1.1598,4.9547
53.6796,1.1412,4.8845
53.6798,1.0237,4.3816
53.6800,0.9917,4.2426
53.6802,1.0885,4.6587
53.6804,1.1037,4.7239
53.6806,1.0283,4.4072
53.6808,0.9393,4.0297
53.6810,0.8794,3.7725
53.6812,0.9453,4.0478
53.6814,1.0306,4.4211
53.6816,0.9663,4.1473
53.6818,0.834,3.5897
53.6820,0.7201,3.0995
53.6822,0.7062,3.0382
53.6824,0.7035,3.0263
53.6826,0.7265,3.1225
53.6828,0.782,3.3626
53.6830,0.7848,3.3745
53.6832,0.7797,3.3513
53.6834,0.7711,3.3172
53.6836,0.7212,3.107
53.6838,0.691,2.9741
53.6840,0.7185,3.0894
53.6842,0.681,2.9285
53.6844,0.7174,3.0833
53.6846,0.7521,3.2357
53.6848,0.7451,3.2038
53.6850,0.8098,3.4774
53.6852,0.8234,3.5405
53.6854,0.736,3.1632
53.6856,0.8069,3.4699
53.6858,0.7215,3.1037
53.6860,0.6822,2.9364
53.6862,0.7135,3.0668
53.6864,0.7349,3.1629
53.6866,0.7518,3.2342
53.6868,0.758,3.2595
53.6870,0.7673,3.2961
53.6872,0.7529,3.2419
53.6874,0.6795,2.9286
53.6876,0.6113,2.6309
53.6878,0.6531,2.811
53.6880,0.601,2.5913
53.6882,0.5656,2.4388
53.6884,0.6475,2.7894
53.6886,0.6273,2.7038
53.6888,0.5704,2.4572
53.6890,0.5567,2.4006
53.6892,0.5658,2.4387
53.6894,0.5741,2.4744
53.6896,0.6188,2.6647
53.6898,0.6042,2.6089
53.6900,0.5023,2.1699
53.6902,0.5279,2.2733
53.6904,0.6353,2.7354
53.6906,0.5932,2.5589
53.6908,0.6071,2.6116
53.6910,0.6747,2.9107
53.6912,0.5368,2.3158
53.6914,0.5494,2.3657
53.6916,0.5941,2.5595
53.6918,0.5875,2.5323
53.6920,0.5896,2.5422
53.6922,0.5174,2.231
53.6924,0.5006,2.1596
53.6926,0.514,2.2165
53.6928,0.502,2.1658
53.6930,0.4929,2.1285
53.6932,0.5036,2.1725
53.6934,0.5259,2.2687
53.6936,0.5083,2.1927
53.6938,0.4976,2.1477
53.6940,0.4935,2.1251
53.6942,0.5978,2.5707
53.6944,0.6899,2.9681
53.6946,0.7083,3.0484
53.6948,0.7028,3.0191
53.6950,0.7442,3.2033
53.6952,0.6737,2.9012
53.6954,0.6499,2.7971
53.6956,0.6564,2.8223
53.6958,0.693,2.9801
53.6960,0.6712,2.8863
53.6962,0.6787,2.925
53.6964,0.6138,2.6467
53.6966,0.5944,2.5605
53.6968,0.5981,2.5742
53.6970,0.653,2.8118
53.6972,0.6457,2.7765
53.6974,0.7025,3.0194
53.6976,0.7698,3.3039
53.6978,0.756,3.2508
53.6980,0.7327,3.1552
53.6982,0.6439,2.77
53.6984,0.6701,2.8843
53.6986,0.6725,2.8946
53.6988,0.707,3.0413
53.6990,0.7505,3.2226
53.6992,0.8252,3.5351
53.6994,0.9143,3.9222
53.6996,0.8739,3.7506
53.6998,0.9026,3.876
53.7000,0.8261,3.5508
53.7002,0.7996,3.4337
53.7004,0.7993,3.4353
53.7006,0.6964,2.9973
53.7008,0.7152,3.0726
53.7010,0.8065,3.4646
53.7012,0.7419,3.1929
53.7014,0.7452,3.2059
53.7016,0.735,3.1606
53.7018,0.7441,3.1968
53.7020,0.7427,3.198
53.7022,0.6729,2.8962
53.7024,0.6534,2.8121
53.7026,0.6546,2.8172
53.7028,0.6556,2.8245
53.7030,0.6508,2.7999
53.7032,0.6666,2.8702
53.7034,0.6052,2.607
53.7036,0.5904,2.5459
53.7038,0.6043,2.6022
53.7040,0.6118,2.633
53.7042,0.6651,2.8587
53.7044,0.738,3.1779
53.7046,0.6434,2.7731
53.7048,0.623,2.684
53.7050,0.6363,2.7362
53.7052,0.6642,2.8638
53.7054,0.5046,2.1757
53.7056,0.4855,2.0954
53.7058,0.4817,2.0808
53.7060,0.4765,2.0575
53.7062,0.4674,2.0173
53.7064,0.4628,1.9985
53.7066,0.4681,2.0213
53.7068,0.4621,1.9945
53.7070,0.4655,2.008
53.7072,0.4699,2.0281
53.7074,0.491,2.1163
53.7076,0.5456,2.3514
53.7078,0.5783,2.4902
53.7080,0.6379,2.7442
53.7082,0.7035,3.025
53.7084,0.8023,3.4434
53.7086,0.87,3.7324
53.7088,0.8407,3.6081
53.7090,0.8029,3.4444
53.7092,0.8526,3.6595
53.7094,0.854,3.6686
53.7096,0.8651,3.7113
53.7098,0.9265,3.971
53.7100,0.9595,4.1142
53.7102,0.9724,4.1678
53.7104,0.9947,4.2594
53.7106,1.0036,4.2954
53.7108,1.101,4.7077
53.7110,1.1508,4.9233
53.7112,1.1077,4.7409
53.7114,1.1066,4.734
53.7116,1.1205,4.7935
53.7118,1.1076,4.7359
53.7120,1.0736,4.5908
53.7122,1.0688,4.5725
53.7124,1.0886,4.6636
53.7126,1.0306,4.4212
53.7128,0.9862,4.221
53.7130,1.0594,4.5319
53.7132,1.0472,4.4885
53.7134,1.0241,4.3852
53.7136,1.021,4.3739
53.7138,1.0043,4.2985
53.7140,1.0327,4.4284
53.7142,0.9914,4.253
53.7144,0.9982,4.2803
53.7146,0.9548,4.0961
53.7148,0.9255,3.9761
53.7150,0.901,3.8633
53.7152,0.9922,4.2526
53.7154,1.0824,4.6304
53.7156,1.1218,4.8127
53.7158,0.969,4.1607
53.7160,0.9301,3.9901
53.7162,0.9517,4.0884
53.7164,0.835,3.5906
53.7166,0.8101,3.4801
53.7168,0.8354,3.5888
53.7170,0.8535,3.6683
53.7172,0.8549,3.671
53.7174,0.8755,3.7613
53.7176,0.8686,3.7349
53.7178,0.8228,3.5363
53.7180,0.8049,3.4596
53.7182,0.8342,3.5853
53.7184,0.8506,3.6559
53.7186,0.8869,3.805
53.7188,0.9826,4.2135
53.7190,0.9241,3.9681
53.7192,0.9212,3.9558
53.7194,0.9602,4.1116
53.7196,1.0585,4.5326
53.7198,1.0838,4.6539
53.7200,0.8986,3.8656
53.7202,0.7801,3.3638
53.7204,0.6654,2.869
53.7206,0.6534,2.8134
53.7208,0.6925,2.9845
53.7210,0.6945,2.9946
53.7212,0.6482,2.7912
53.7214,0.6685,2.8744
53.7216,0.8062,3.4668
53.7218,0.8188,3.5226
53.7220,0.8674,3.7315
53.7222,0.8405,3.6177
53.7224,0.7697,3.3111
53.7226,0.7494,3.2239
53.7228,0.7541,3.2501
53.7230,0.6962,3.0033
53.7232,0.6598,2.8465
53.7234,0.6482,2.7912
53.7236,0.6735,2.9001
53.7238,0.6819,2.939
53.7240,0.6935,2.9863
53.7242,0.718,3.0902
53.7244,0.7713,3.3261
53.7246,0.6874,2.9586
53.7248,0.6434,2.7757
53.7250,0.5827,2.5139
53.7252,0.5767,2.4892
53.7254,0.5284,2.2817
53.7256,0.4825,2.0854
53.7258,0.4759,2.0568
53.7260,0.4741,2.0481
53.7262,0.4687,2.0248
53.7264,0.4713,2.0362
53.7266,0.5116,2.2082
53.7268,0.5534,2.3883
53.7270,0.5584,2.4089
53.7272,0.5637,2.4328
53.7274,0.5344,2.3076
53.7276,0.473,2.0435
53.7278,0.464,2.0055
53.7280,0.4608,1.9897
53.7282,0.4606,1.9887
53.7284,0.4591,1.9843
53.7286,0.4636,2.0016
53.7288,0.4591,1.9825
53.7290,0.4558,1.9698
53.7292,0.4524,1.9553
53.7294,0.4585,1.978
53.7296,0.4739,2.0461
53.7298,0.4728,2.0415
53.7300,0.4627,1.9989
53.7302,0.4848,2.0923
53.7304,0.5528,2.3802
53.7306,0.6516,2.8082
53.7308,0.6643,2.863
53.7310,0.6636,2.8559
53.7312,0.676,2.9137
53.7314,0.5868,2.5303
53.7316,0.5781,2.4926
53.7318,0.5854,2.5241
53.7320,0.5755,2.4783
53.7322,0.6559,2.8229
53.7324,0.7043,3.0328
53.7326,0.71,3.0528
53.7328,0.7393,3.1747
53.7330,0.8365,3.5917
53.7332,0.8544,3.669
53.7334,0.8427,3.6219
53.7336,0.8336,3.5844
53.7338,0.7134,3.0792
53.7340,0.5613,2.4213
53.7342,0.5531,2.3851
53.7344,0.5523,2.3825
53.7346,0.5947,2.5597
53.7348,0.6783,2.9208
53.7350,0.6502,2.7987
53.7352,0.6606,2.8444
53.7354,0.6674,2.8751
53.7356,0.6675,2.8716
53.7358,0.7125,3.0622
53.7360,0.7784,3.3441
53.7362,0.8174,3.5148
53.7364,0.7336,3.1588
53.7366,0.6797,2.927
53.7368,0.6763,2.912
53.7370,0.7508,3.2301
53.7372,0.7494,3.2254
53.7374,0.7055,3.0337
53.7376,0.7306,3.1473
53.7378,0.6167,2.6566
53.7380,0.611,2.6311
53.7382,0.6926,2.9794
53.7384,0.7207,3.1007
53.7386,0.6706,2.8931
53.7388,0.6178,2.6625
53.7390,0.6347,2.7303
53.7392,0.7125,3.0636
53.7394,0.7163,3.0758
53.7396,0.697,3.0041
53.7398,0.5731,2.4703
53.7400,0.6162,2.6546
53.7402,0.6626,2.8531
53.7404,0.7035,3.0278
53.7406,0.6616,2.8516
53.7408,0.6332,2.7254
53.7410,0.616,2.6523
53.7412,0.6311,2.7123
53.7414,0.7371,3.1708
53.7416,0.7037,3.0288
53.7418,0.7235,3.1111
53.7420,0.7863,3.3797
53.7422,0.8041,3.4559
53.7424,0.8649,3.712
53.7426,0.897,3.8482
53.7428,0.906,3.8922
53.7430,0.8628,3.7016
53.7432,0.9447,4.0491
53.7434,1.0023,4.2938
53.7436,1.0331,4.432
53.7438,0.9365,4.0211
53.7440,0.8465,3.6316
53.7442,0.8813,3.7843
53.7444,0.8956,3.8474
53.7446,0.9199,3.9391
53.7448,0.9956,4.271
53.7450,0.9917,4.2545
53.7452,1,4.288
53.7454,0.9844,4.2192
53.7456,1.0172,4.3616
53.7458,1.0154,4.3498
53.7460,0.9989,4.2834
53.7462,0.9576,4.1079
53.7464,0.9253,3.9788
53.7466,0.8722,3.7469
53.7468,0.8544,3.6707
53.7470,0.8279,3.5618
53.7472,0.8648,3.7133
53.7474,0.9115,3.9104
53.7476,0.9029,3.877
53.7478,0.8986,3.862
53.7480,0.911,3.912
53.7482,0.8953,3.8481
53.7484,0.8859,3.8021
53.7486,0.9236,3.9642
53.7488,0.9566,4.1038
53.7490,0.9517,4.0884
53.7492,0.9161,3.9373
53.7494,0.9229,3.9611
53.7496,0.9819,4.2143
53.7498,0.8934,3.8417
53.7500,0.8661,3.7224
53.7502,0.8829,3.7875
53.7504,0.9323,4.0013
53.7506,0.8897,3.8186
53.7508,0.8952,3.8458
53.7510,0.9236,3.9679
53.7512,0.9721,4.1643
53.7514,1.0612,4.5481
53.7516,1.0561,4.5287
53.7518,1.038,4.451
53.7520,1.0504,4.504
53.7522,1.0449,4.4866
53.7524,0.9092,3.9097
53.7526,0.8733,3.7498
53.7528,0.9747,4.1815
53.7530,0.9851,4.2302
53.7532,0.9478,4.0682
53.7534,0.9664,4.1499
53.7536,0.9582,4.1163
53.7538,0.9363,4.0263
53.7540,0.7862,3.3886
53.7542,0.7598,3.2719
53.7544,0.7454,3.2114
53.7546,0.7066,3.0412
53.7548,0.7281,3.138
53.7550,0.7272,3.13
53.7552,0.7729,3.325
53.7554,0.7639,3.2864
53.7556,0.8234,3.5406
53.7558,0.8733,3.7568
53.7560,0.8596,3.6928
53.7562,0.8922,3.8312
53.7564,0.9513,4.0831
53.7566,0.9841,4.2216
53.7568,0.939,4.0395
53.7570,0.8395,3.6164
53.7572,0.7654,3.2987
53.7574,0.7672,3.3018
53.7576,0.7854,3.3803
53.7578,0.744,3.1992
53.7580,0.8447,3.6323
53.7582,0.8761,3.7604
53.7584,0.9486,4.0694
53.7586,0.9887,4.2476
53.7588,0.9464,4.0715
53.7590,0.8217,3.5399
53.7592,0.7831,3.3767
53.7594,0.6839,2.9491
53.7596,0.6685,2.8811
53.7598,0.6922,2.982
53.7600,0.6339,2.7386
53.7602,0.5549,2.3973
53.7604,0.5523,2.3848
53.7606,0.5528,2.3846
53.7608,0.6204,2.6751
53.7610,0.63,2.719
53.7612,0.5586,2.4122
53.7614,0.5488,2.3686
53.7616,0.5502,2.3749
53.7618,0.5899,2.5485
53.7620,0.563,2.432
53.7622,0.5396,2.3288
53.7624,0.5401,2.333
53.7626,0.5416,2.3376
53.7628,0.5396,2.3277
53.7630,0.5386,2.3257
53.7632,0.5366,2.3159
53.7634,0.5377,2.3194
53.7636,0.5427,2.3433
53.7638,0.5676,2.4488
53.7640,0.6331,2.7236
53.7642,0.7096,3.0569
53.7644,0.6883,2.9664
53.7646,0.6669,2.8704
53.7648,0.6588,2.8379
53.7650,0.652,2.809
53.7652,0.6566,2.8286
53.7654,0.6693,2.8807
53.7656,0.7694,3.3101
53.7658,0.8498,3.6489
53.7660,0.8663,3.7234
53.7662,0.8225,3.5337
53.7664,0.8502,3.6595
53.7666,0.8222,3.5371
53.7668,0.7654,3.2971
53.7670,0.6615,2.8525
53.7672,0.6447,2.7801
53.7674,0.6779,2.9152
53.7676,0.78,3.3555
53.7678,0.7763,3.3457
53.7680,0.6559,2.8255
53.7682,0.6192,2.6699
53.7684,0.6174,2.661
53.7686,0.6012,2.5912
53.7688,0.6517,2.8088
53.7690,0.6831,2.9428
53.7692,0.6784,2.9213
53.7694,0.6713,2.8895
53.7696,0.6689,2.8818
53.7698,0.639,2.7527
53.7700,0.6306,2.7203
53.7702,0.6139,2.6484
53.7704,0.6564,2.8237
53.7706,0.7508,3.2286
53.7708,0.7759,3.3395
53.7710,0.7164,3.0893
53.7712,0.6383,2.7483
53.7714,0.6381,2.7542
53.7716,0.5426,2.3428
53.7718,0.5608,2.4193
53.7720,0.5439,2.3474
53.7722,0.5194,2.2439
53.7724,0.4957,2.1414
53.7726,0.5239,2.2589
53.7728,0.5404,2.3313
53.7730,0.5359,2.3149
53.7732,0.4794,2.0728
53.7734,0.4112,1.777
53.7736,0.4299,1.8596
53.7738,0.4231,1.8288
53.7740,0.4748,2.0484
53.7742,0.5245,2.2625
53.7744,0.5553,2.3955
53.7746,0.6131,2.6387
53.7748,0.7095,3.0536
53.7750,0.6739,2.9003
53.7752,0.7339,3.1589
53.7754,0.7999,3.4347
53.7756,0.854,3.6669
53.7758,0.8197,3.518
53.7760,0.9055,3.8829
53.7762,0.9721,4.1663
53.7764,1.0627,4.5463
53.7766,1.1562,4.951
53.7768,1.1211,4.7961
53.7770,1.1299,4.8358
53.7772,1.0578,4.538
53.7774,0.9608,4.1141
53.7776,1.0052,4.3101
53.7778,0.983,4.219
53.7780,0.9414,4.0366
53.7782,1.0056,4.3142
53.7784,0.9929,4.2597
53.7786,1.0012,4.2912
53.7788,0.9856,4.2283
53.7790,0.9845,4.2237
53.7792,1.0188,4.3688
53.7794,0.973,4.1762
53.7796,0.9785,4.198
53.7798,1.0124,4.3471
53.7800,1.0047,4.3121
53.7802,0.994,4.2623
53.7804,0.9927,4.2606
53.7806,0.9806,4.2047
53.7808,0.9838,4.2226
53.7810,0.9145,3.9288
53.7812,0.9235,3.9618
53.7814,1.0568,4.5254
53.7816,1.1158,4.7825
53.7818,1.0754,4.6114
53.7820,1.0619,4.5448
53.7822,1.0932,4.6832
53.7824,1.0065,4.3218
53.7826,0.8634,3.711
53.7828,0.8035,3.4598
53.7830,0.7588,3.2672
53.7832,0.782,3.3611
53.7834,0.8694,3.7368
53.7836,0.8239,3.5443
53.7838,0.7589,3.2647
53.7840,0.777,3.341
53.7842,0.8952,3.8458
53.7844,0.9136,3.9301
53.7846,0.8125,3.5001
53.7848,0.7718,3.3235
53.7850,0.7965,3.4298
53.7852,0.7395,3.1811
53.7854,0.7797,3.3545
53.7856,0.8398,3.6146
53.7858,0.813,3.4925
53.7860,0.8825,3.7983
53.7862,0.8314,3.5801
53.7864,0.7387,3.1825
53.7866,0.6589,2.8411
53.7868,0.6391,2.7519
53.7870,0.7452,3.2074
53.7872,0.7323,3.1575
53.7874,0.661,2.853
53.7876,0.659,2.8429
53.7878,0.5795,2.5023
53.7880,0.5217,2.2517
53.7882,0.5293,2.2864
53.7884,0.5351,2.3129
53.7886,0.5386,2.3225
53.7888,0.6096,2.6274
53.7890,0.5904,2.5494
53.7892,0.5697,2.4632
53.7894,0.5185,2.2367
53.7896,0.5408,2.334
53.7898,0.5321,2.2978
53.7900,0.5318,2.2962
53.7902,0.5324,2.2988
53.7904,0.4638,2.0054
53.7906,0.4468,1.9318
53.7908,0.4727,2.0419
53.7910,0.471,2.0328
53.7912,0.5607,2.4176
53.7914,0.6354,2.7397
53.7916,0.6092,2.6234
53.7918,0.5933,2.5594
53.7920,0.5683,2.4553
53.7922,0.5044,2.1782
53.7924,0.4953,2.1388
53.7926,0.4922,2.1283
53.7928,0.479,2.0694
53.7930,0.5139,2.216
53.7932,0.5645,2.4353
53.7934,0.5868,2.5315
53.7936,0.5877,2.5351
53.7938,0.5847,2.5199
53.7940,0.5848,2.5204
53.7942,0.635,2.7369
53.7944,0.624,2.6906
53.7946,0.5618,2.4245
53.7948,0.5751,2.4785
53.7950,0.6254,2.6943
53.7952,0.6222,2.6804
53.7954,0.6365,2.7418
53.7956,0.6698,2.8828
53.7958,0.6645,2.8627
53.7960,0.7191,3.0934
53.7962,0.7305,3.1512
53.7964,0.6264,2.701
53.7966,0.5932,2.5566
53.7968,0.6137,2.6449
53.7970,0.674,2.8968
53.7972,0.7472,3.2117
53.7974,0.7621,3.2725
53.7976,0.8355,3.596
53.7978,0.7681,3.3013
53.7980,0.7684,3.3116
53.7982,0.6285,2.7078
53.7984,0.6076,2.6174
53.7986,0.6476,2.7873
53.7988,0.7309,3.1416
53.7990,0.7898,3.393
53.7992,0.847,3.6371
53.7994,0.891,3.8331
53.7996,0.8091,3.4792
53.7998,0.7645,3.2951
53.8000,0.6264,2.6985
53.8002,0.6113,2.6334
53.8004,0.6097,2.6291
53.8006,0.6037,2.5996
53.8008,0.6687,2.8795
53.8010,0.6273,2.7026
53.8012,0.6032,2.6012
53.8014,0.5928,2.5586
53.8016,0.5851,2.5231
53.8018,0.5676,2.4465
53.8020,0.5923,2.5518
53.8022,0.6445,2.7765
53.8024,0.642,2.7643
53.8026,0.6345,2.7336
53.8028,0.6036,2.6027
53.8030,0.5839,2.5156
53.8032,0.5899,2.545
53.8034,0.5622,2.4244
53.8036,0.5568,2.3989
53.8038,0.6306,2.7115
53.8040,0.6425,2.7677
53.8042,0.543,2.3416
53.8044,0.5436,2.3442
53.8046,0.5601,2.4173
53.8048,0.5386,2.3203
53.8050,0.5761,2.4797
53.8052,0.623,2.6865
53.8054,0.5434,2.3421
53.8056,0.5385,2.322
53.8058,0.5482,2.3606
53.8060,0.5848,2.5216
53.8062,0.5806,2.5035
53.8064,0.6125,2.6361
53.8066,0.62,2.6723
53.8068,0.514,2.2206
53.8070,0.4317,1.8639
53.8072,0.4345,1.8746
53.8074,0.4691,2.0236
53.8076,0.496,2.136
53.8078,0.6493,2.7984
53.8080,0.6481,2.7881
53.8082,0.7282,3.1341
53.8084,0.6896,2.9679
53.8086,0.6796,2.9237
53.8088,0.7682,3.2942
53.8090,0.8144,3.497
53.8092,0.8469,3.6331
53.8094,0.8845,3.7964
53.8096,0.8247,3.5429
53.8098,0.9142,3.9199
53.8100,0.9438,4.0507
53.8102,0.9133,3.9108
53.8104,0.9697,4.156
53.8106,0.9728,4.1694
53.8108,1.0305,4.4063
53.8110,1.1193,4.7907
53.8112,1.0824,4.6326
53.8114,1.0656,4.5565
53.8116,1.1993,5.1258
53.8118,1.1717,5.0102
53.8120,1.1277,4.8243
53.8122,1.1094,4.7525
53.8124,1.0538,4.5231
53.8126,0.9044,3.8855
53.8128,0.8887,3.8145
53.8130,0.9494,4.073
53.8132,0.9749,4.1845
53.8134,0.9249,3.9662
53.8136,0.9185,3.9402
53.8138,0.9445,4.0556
53.8140,0.936,4.0153
53.8142,0.9425,4.0507
53.8144,0.8139,3.4966
53.8146,0.8626,3.7057
53.8148,0.9054,3.886
53.8150,0.909,3.9014
53.8152,0.9236,3.9568
53.8154,1.0175,4.355
53.8156,1.0684,4.5854
53.8158,0.9898,4.2522
53.8160,0.9787,4.1946
53.8162,1.0457,4.4756
53.8164,1.0669,4.5771
53.8166,0.9116,3.9164
53.8168,0.8252,3.5466
53.8170,0.8315,3.5756
53.8172,0.8499,3.6562
53.8174,0.8725,3.745
53.8176,0.9191,3.9428
53.8178,0.9082,3.9033
53.8180,0.8935,3.8368
53.8182,0.8984,3.8561
53.8184,0.9128,3.9234
53.8186,0.8628,3.7119
53.8188,0.8401,3.6072
53.8190,0.9323,3.9994
53.8192,0.9821,4.2153
53.8194,0.9873,4.2335
53.8196,0.9851,4.2262
53.8198,0.9549,4.1043
53.8200,0.9229,3.9667
53.8202,0.8517,3.6674
53.8204,0.6948,3.0017
53.8206,0.5468,2.3577
53.8208,0.6788,2.9201
53.8210,0.7372,3.1787
53.8212,0.6221,2.6824
53.8214,0.6453,2.7814
53.8216,0.6847,2.9481
53.8218,0.7139,3.077
53.8220,0.6884,2.9696
53.8222,0.6058,2.612
53.8224,0.6031,2.5995
53.8226,0.5974,2.5758
53.8228,0.5815,2.5076
53.8230,0.5976,2.5805
53.8232,0.604,2.6043
53.8234,0.6235,2.6923
53.8236,0.529,2.2864
53.8238,0.5084,2.1963
53.8240,0.5544,2.3885
53.8242,0.6933,2.9825
53.8244,0.6933,2.9909
53.8246,0.5968,2.5733
53.8248,0.5983,2.5812
53.8250,0.5604,2.4177
53.8252,0.5855,2.5258
53.8254,0.6332,2.7317
53.8256,0.6282,2.7075
53.8258,0.6294,2.7126
53.8260,0.62,2.6736
53.8262,0.6145,2.651
53.8264,0.6508,2.8038
53.8266,0.6883,2.9678
53.8268,0.6423,2.7659
53.8270,0.6797,2.9297
53.8272,0.6713,2.8895
53.8274,0.7648,3.2839
53.8276,0.886,3.8044
53.8278,0.8197,3.5328
53.8280,0.6391,2.7558
53.8282,0.6102,2.6312
53.8284,0.6198,2.6713
53.8286,0.6534,2.816
53.8288,0.6288,2.7088
53.8290,0.6417,2.7671
53.8292,0.6266,2.6995
53.8294,0.6662,2.8633
53.8296,0.7032,3.0282
53.8298,0.6336,2.7294
53.8300,0.5929,2.5579
53.8302,0.6113,2.6346
53.8304,0.7077,3.0487
53.8306,0.7004,3.013
53.8308,0.7674,3.2967
53.8310,0.8004,3.44
53.8312,0.8194,3.517
53.8314,0.8661,3.7241
53.8316,0.8136,3.4967
53.8318,0.8157,3.5076
53.8320,0.8612,3.6978
53.8322,0.9313,3.9953
53.8324,0.9353,4.0104
53.8326,0.9452,4.0587
53.8328,0.9243,3.971
53.8330,0.9173,3.9314
53.8332,0.9753,4.1938
53.8334,0.7959,3.4289
53.8336,0.7067,3.0431
53.8338,0.6905,2.972
53.8340,0.751,3.2246
53.8342,0.8736,3.7601
53.8344,0.7585,3.2647
53.8346,0.7488,3.2244
53.8348,0.752,3.2368
53.8350,0.7788,3.3503
53.8352,0.799,3.4343
53.8354,0.8335,3.5805
53.8356,0.8222,3.5403
53.8358,0.6978,3.0063
53.8360,0.6751,2.9082
53.8362,0.6907,2.9767
53.8364,0.6678,2.8767
53.8366,0.7096,3.0569
53.8368,0.7095,3.0564
53.8370,0.7212,3.1071
53.8372,0.693,2.9829
53.8374,0.7186,3.0928
53.8376,0.7347,3.1561
53.8378,0.8047,3.4634
53.8380,0.7341,3.1638
53.8382,0.671,2.8906
53.8384,0.6904,2.9743
53.8386,0.6625,2.8553
53.8388,0.6428,2.7718
53.8390,0.6319,2.7247
53.8392,0.5559,2.3981
53.8394,0.5217,2.2506
53.8396,0.5842,2.5225
53.8398,0.564,2.4332
53.8400,0.5547,2.3962
53.8402,0.438,1.8948
53.8404,0.4032,1.7444
53.8406,0.4079,1.7606
53.8408,0.4866,2.0981
53.8410,0.5662,2.4414
53.8412,0.5806,2.5035
53.8414,0.5977,2.5738
53.8416,0.6096,2.6298
53.8418,0.5765,2.4859
53.8420,0.6384,2.7501
53.8422,0.6771,2.9129
53.8424,0.7211,3.1051
53.8426,0.7109,3.0598
53.8428,0.7601,3.2668
53.8430,0.8005,3.4405
53.8432,0.8592,3.6879
53.8434,0.9754,4.1826
53.8436,0.9904,4.2449
53.8438,0.942,4.0467
53.8440,0.9007,3.8641
53.8442,0.9396,4.0289
53.8444,0.9706,4.1621
53.8446,0.9613,4.1335
53.8448,0.8914,3.8293
53.8450,0.8869,3.8085
53.8452,0.8769,3.7635
53.8454,0.8889,3.815
53.8456,0.9133,3.9218
53.8458,0.913,3.9184
53.8460,0.9532,4.0913
53.8462,0.9453,4.0555
53.8464,0.9693,4.1583
53.8466,0.991,4.2534
53.8468,0.9731,4.1729
53.8470,0.9702,4.16
53.8472,0.9716,4.1662
53.8474,0.9699,4.1687
53.8476,0.8381,3.6124
53.8478,0.7776,3.3436
53.8480,0.7911,3.4019
53.8482,0.7746,3.3338
53.8484,0.7158,3.0838
53.8486,0.701,3.0169
53.8488,0.7343,3.1648
53.8490,0.7024,3.0245
53.8492,0.6989,3.0068
53.8494,0.7634,3.2843
53.8496,0.8227,3.5375
53.8498,0.8247,3.5528
53.8500,0.6915,2.9789
53.8502,0.6596,2.8402
53.8504,0.7052,3.035
53.8506,0.7381,3.1784
53.8508,0.7283,3.1375
53.8510,0.6948,2.9934
53.8512,0.6987,3.0099
53.8514,0.7387,3.178
53.8516,0.7796,3.3539
53.8518,0.8114,3.4906
53.8520,0.7254,3.1266
53.8522,0.6086,2.6244
53.8524,0.7173,3.0914
53.8526,0.7118,3.0662
53.8528,0.717,3.0875
53.8530,0.7511,3.2357
53.8532,0.6836,2.9462
53.8534,0.6645,2.8641
53.8536,0.6265,2.7015
53.8538,0.6164,2.6581
53.8540,0.6384,2.7501
53.8542,0.6791,2.9285
53.8544,0.5883,2.5377
53.8546,0.5341,2.3028
53.8548,0.5674,2.4489
53.8550,0.5905,2.5476
53.8552,0.5302,2.2852
53.8554,0.5691,2.455
53.8556,0.5829,2.5133
53.8558,0.5929,2.5567
53.8560,0.5402,2.3281
53.8562,0.5977,2.5774
53.8564,0.6211,2.6757
53.8566,0.6612,2.8509
53.8568,0.5944,2.5594
53.8570,0.6173,2.6604
53.8572,0.592,2.5502
53.8574,0.6868,2.9588
53.8576,0.6895,2.9702
53.8578,0.5966,2.5727
53.8580,0.606,2.6143
53.8582,0.615,2.6494
53.8584,0.6842,2.9502
53.8586,0.6095,2.6293
53.8588,0.4896,2.114
53.8590,0.4512,1.9501
53.8592,0.4444,1.9206
53.8594,0.4472,1.9312
53.8596,0.4639,2.0041
53.8598,0.5043,2.1797
53.8600,0.4675,2.0178
53.8602,0.4488,1.937
53.8604,0.4504,1.9465
53.8606,0.451,1.9491
53.8608,0.4486,1.9378
53.8610,0.4496,1.9407
53.8612,0.4489,1.9394
53.8614,0.4504,1.9465
53.8616,0.4482,1.9353
53.8618,0.4506,1.9439
53.8620,0.4953,2.1358
53.8622,0.5242,2.2615
53.8624,0.462,1.994
53.8626,0.449,1.939
53.8628,0.4487,1.9383
53.8630,0.4463,1.9288
53.8632,0.4445,1.9193
53.8634,0.4648,2.004
53.8636,0.5193,2.2372
53.8638,0.5372,2.3131
53.8640,0.555,2.3933
53.8642,0.5571,2.4032
53.8644,0.5519,2.3788
53.8646,0.5688,2.4505
53.8648,0.5561,2.3991
53.8650,0.5518,2.3772
53.8652,0.5559,2.3947
53.8654,0.5554,2.3949
53.8656,0.5733,2.4673
53.8658,0.6397,2.7481
53.8660,0.7644,3.2793
53.8662,0.8318,3.5717
53.8664,0.8414,3.6112
53.8666,0.866,3.7201
53.8668,0.7306,3.1459
53.8670,0.5908,2.5462
53.8672,0.5636,2.4289
53.8674,0.5505,2.3715
53.8676,0.5516,2.3783
53.8678,0.5454,2.352
53.8680,0.5694,2.452
53.8682,0.5952,2.5665
53.8684,0.5494,2.369
53.8686,0.5447,2.35
53.8688,0.5323,2.2951
53.8690,0.5277,2.2765
53.8692,0.5044,2.1751
53.8694,0.5354,2.3064
53.8696,0.5893,2.5412
53.8698,0.5271,2.2708
53.8700,0.5862,2.5278
53.8702,0.5211,2.247
53.8704,0.5002,2.158
53.8706,0.5347,2.3065
53.8708,0.4992,2.1534
53.8710,0.4597,1.9814
53.8712,0.4977,2.1472
53.8714,0.507,2.186
53.8716,0.5287,2.2754
53.8718,0.5945,2.5599
53.8720,0.6122,2.6375
53.8722,0.6044,2.6003
53.8724,0.6636,2.8546
53.8726,0.617,2.6582
53.8728,0.5405,2.3319
53.8730,0.4789,2.0669
53.8732,0.5042,2.1751
53.8734,0.5332,2.296
53.8736,0.5622,2.4232
53.8738,0.5319,2.2914
53.8740,0.576,2.4804
53.8742,0.5761,2.4786
53.8744,0.5911,2.5466
53.8746,0.5946,2.5616
53.8748,0.6475,2.7842
53.8750,0.6807,2.927
53.8752,0.6818,2.9316
53.8754,0.7344,3.1551
53.8756,0.7652,3.2828
53.8758,0.8148,3.4953
53.8760,0.877,3.764
53.8762,0.8794,3.7743
53.8764,0.8916,3.8161
53.8766,0.9957,4.2635
53.8768,1.0204,4.3714
53.8770,0.9944,4.2559
53.8772,1.0083,4.3154
53.8774,1.0325,4.4232
53.8776,1.0367,4.4371
53.8778,1.1073,4.7349
53.8780,1.1127,4.758
53.8782,1.1325,4.8426
53.8784,1.1554,4.9359
53.8786,1.1636,4.9777
53.8788,1.0518,4.5101
53.8790,0.9602,4.1212
53.8792,0.9047,3.8811
53.8794,0.907,3.889
53.8796,0.9633,4.1307
53.8798,0.9353,4.0104
53.8800,0.9188,3.9436
53.8802,0.9136,3.9228
53.8804,0.9023,3.8708
53.8806,0.9413,4.0361
53.8808,0.9549,4.0985
53.8810,0.8807,3.7835
53.8812,0.8055,3.4621
53.8814,0.7897,3.3941
53.8816,0.7898,3.3899
53.8818,0.9055,3.8865
53.8820,0.8862,3.8036
53.8822,0.911,3.9102
53.8824,0.8365,3.5934
53.8826,0.805,3.4649
53.8828,0.8037,3.4496
53.8830,0.838,3.6035
53.8832,0.7258,3.1209
53.8834,0.8001,3.4405
53.8836,0.866,3.7184
53.8838,0.8645,3.7157
53.8840,0.8513,3.6607
53.8842,0.8452,3.6293
53.8844,0.7866,3.3886
53.8846,0.697,3.0013
53.8848,0.6831,2.9428
53.8850,0.6692,2.8842
53.8852,0.6628,2.8568
53.8854,0.6782,2.9203
53.8856,0.6994,3.0074
53.8858,0.7891,3.3884
53.8860,0.7803,3.3586
53.8862,0.7216,3.1014
53.8864,0.7419,3.1929
53.8866,0.6913,2.9793
53.8868,0.66,2.8418
53.8870,0.7031,3.0248
53.8872,0.7566,3.2579
53.8874,0.7217,3.1091
53.8876,0.6908,2.9745
53.8878,0.6378,2.7501
53.8880,0.6291,2.7091
53.8882,0.6825,2.9347
53.8884,0.7048,3.0335
53.8886,0.6588,2.8445
53.8888,0.5522,2.3831
53.8890,0.5396,2.3277
53.8892,0.5397,2.3272
53.8894,0.542,2.3381
53.8896,0.5295,2.2853
53.8898,0.5252,2.2646
53.8900,0.5584,2.4078
53.8902,0.58,2.502
53.8904,0.5594,2.4097
53.8906,0.6711,2.8938
53.8908,0.5651,2.4379
53.8910,0.5365,2.3153
53.8912,0.5345,2.306
53.8914,0.5237,2.2594
53.8916,0.5168,2.2294
53.8918,0.5297,2.2853
53.8920,0.6213,2.6755
53.8922,0.6535,2.8165
53.8924,0.5815,2.5076
53.8926,0.5239,2.2599
53.8928,0.5194,2.2419
53.8930,0.5542,2.3875
53.8932,0.6014,2.591
53.8934,0.6235,2.6848
53.8936,0.6794,2.9241
53.8938,0.6845,2.9462
53.8940,0.6607,2.8435
53.8942,0.6504,2.8018
53.8944,0.5856,2.5228
53.8946,0.6134,2.6414
53.8948,0.6403,2.7558
53.8950,0.6549,2.8214
53.8952,0.653,2.8105
53.8954,0.6794,2.9241
53.8956,0.6597,2.8394
53.8958,0.7169,3.0827
53.8960,0.6885,2.9605
53.8962,0.7011,3.0161
53.8964,0.7169,3.0856
53.8966,0.703,3.0229
53.8968,0.7052,3.0336
53.8970,0.7312,3.1455
53.8972,0.7288,3.1338
53.8974,0.6935,2.985
53.8976,0.6591,2.8382
53.8978,0.7065,3.0336
53.8980,0.8319,3.5772
53.8982,0.7668,3.2987
53.8984,0.7223,3.1059
53.8986,0.7425,3.1881
53.8988,0.7913,3.3961
53.8990,0.8239,3.5393
53.8992,0.8182,3.5151
53.8994,0.7559,3.2518
53.8996,0.6658,2.8657
53.8998,0.7012,3.018
53.9000,0.7658,3.2916
53.9002,0.7958,3.4188
53.9004,0.8011,3.4431
53.9006,0.7957,3.4215
53.9008,0.7362,3.1716
53.9010,0.6742,2.9019
53.9012,0.6664,2.8683
53.9014,0.6875,2.9578
53.9016,0.6811,2.9326
53.9018,0.7166,3.0783
53.9020,0.7999,3.4331
53.9022,0.8337,3.5932
53.9024,0.5546,2.3946
53.9026,0.4826,2.083
53.9028,0.4952,2.1353
53.9030,0.5335,2.3024
53.9032,0.5231,2.26
53.9034,0.4466,1.9304
53.9036,0.4498,1.943
53.9038,0.4225,1.8262
53.9040,0.4019,1.7347
53.9042,0.4523,1.9529
53.9044,0.4062,1.7541
53.9046,0.3905,1.6879
53.9048,0.3921,1.6946
53.9050,0.395,1.707
53.9052,0.3892,1.6822
53.9054,0.3903,1.6868
53.9056,0.3895,1.6832
53.9058,0.3889,1.6798
53.9060,0.3996,1.7257
53.9062,0.3887,1.6778
53.9064,0.3898,1.6848
53.9066,0.3887,1.6793
53.9068,0.439,1.8911
53.9070,0.5426,2.3385
53.9072,0.5242,2.2615
53.9074,0.5092,2.1948
53.9076,0.5487,2.3615
53.9078,0.6245,2.684
53.9080,0.6613,2.8448
53.9082,0.7076,3.0411
53.9084,0.7383,3.176
53.9086,0.7441,3.1968
53.9088,0.7781,3.3394
53.9090,0.8143,3.4932
53.9092,0.8643,3.7043
53.9094,0.8946,3.8361
53.9096,0.8446,3.6251
53.9098,0.8048,3.451
53.9100,0.9198,3.9422
53.9102,0.9729,4.1718
53.9104,0.955,4.0895
53.9106,0.9769,4.1868
53.9108,1.0016,4.2887
53.9110,1.0285,4.4022
53.9112,1.0543,4.5146
53.9114,1.0053,4.3066
53.9116,1.0543,4.5146
53.9118,1.0291,4.4109
53.9120,0.969,4.151
53.9122,0.9682,4.1537
53.9124,0.9318,3.9973
53.9126,0.8934,3.8345
53.9128,0.9005,3.8649
53.9130,0.9488,4.0742
53.9132,0.9221,3.9557
53.9134,0.9097,3.9045
53.9136,0.9202,3.9474
53.9138,0.945,4.0483
53.9140,0.953,4.0865
53.9142,0.9294,3.9945
53.9144,0.8096,3.4797
53.9146,0.865,3.7108
53.9148,0.9323,3.9994
53.9150,0.8874,3.8159
53.9152,0.8016,3.4451
53.9154,0.8359,3.5892
53.9156,0.8813,3.779
53.9158,0.9073,3.8979
53.9160,0.8739,3.7524
53.9162,0.9023,3.878
53.9164,0.8324,3.5776
53.9166,0.7853,3.3797
53.9168,0.7347,3.1576
53.9170,0.8124,3.4899
53.9172,0.8199,3.5207
53.9174,0.8253,3.5488
53.9176,0.8074,3.472
53.9178,0.8347,3.5857
53.9180,0.8301,3.5661
53.9182,0.8495,3.6479
53.9184,0.8349,3.5917
53.9186,0.8088,3.4744
53.9188,0.8178,3.5114
53.9190,0.8121,3.497
53.9192,0.7085,3.0551
53.9194,0.6411,2.7671
53.9196,0.5745,2.4782
53.9198,0.502,2.1678
53.9200,0.494,2.1341
53.9202,0.5317,2.2914
53.9204,0.5964,2.5681
53.9206,0.6434,2.7731
53.9208,0.643,2.7754
53.9210,0.568,2.4526
53.9212,0.4919,2.1238
53.9214,0.4986,2.1538
53.9216,0.501,2.1642
53.9218,0.5082,2.1942
53.9220,0.4338,1.8723
53.9222,0.4661,2.0088
53.9224,0.4763,2.0603
53.9226,0.4098,1.7705
53.9228,0.4406,1.9036
53.9230,0.4341,1.8751
53.9232,0.4303,1.8599
53.9234,0.432,1.8654
53.9236,0.4809,2.0738
53.9238,0.5434,2.3421
53.9240,0.5349,2.3054
53.9242,0.576,2.485
53.9244,0.5692,2.4543
53.9246,0.5867,2.5275
53.9248,0.5817,2.5058
53.9250,0.5821,2.509
53.9252,0.595,2.5643
53.9254,0.5729,2.4738
53.9256,0.4628,1.9976
53.9258,0.4512,1.9483
53.9260,0.4524,1.9535
53.9262,0.448,1.9352
53.9264,0.4516,1.9489
53.9266,0.4463,1.9262
53.9268,0.4458,1.925
53.9270,0.4469,1.9296
53.9272,0.4468,1.93
53.9274,0.4457,1.9236
53.9276,0.4484,1.9364
53.9278,0.4612,1.9913
53.9280,0.5246,2.2631
53.9282,0.5538,2.3859
53.9284,0.5301,2.2879
53.9286,0.4648,2.0068
53.9288,0.4676,2.0155
53.9290,0.5204,2.2397
53.9292,0.589,2.5385
53.9294,0.5391,2.3246
53.9296,0.533,2.2982
53.9298,0.5349,2.3065
53.9300,0.544,2.3447
53.9302,0.5785,2.4912
53.9304,0.6065,2.6103
53.9306,0.5626,2.4237
53.9308,0.5522,2.3798
53.9310,0.5616,2.4184
53.9312,0.5579,2.4035
53.9314,0.5609,2.4175
53.9316,0.6018,2.5878
53.9318,0.7695,3.2998
53.9320,0.8481,3.6417
53.9322,0.8168,3.5073
53.9324,0.7731,3.3245
53.9326,0.7387,3.178
53.9328,0.6817,2.9298
53.9330,0.7133,3.0658
53.9332,0.7061,3.0406
53.9334,0.6401,2.7561
53.9336,0.66,2.8378
53.9338,0.6709,2.8888
53.9340,0.6682,2.8747
53.9342,0.713,3.0657
53.9344,0.7245,3.1138
53.9346,0.7564,3.2508
53.9348,0.7151,3.0764
53.9350,0.6829,2.9404
53.9352,0.6784,2.9186
53.9354,0.6761,2.9088
53.9356,0.6374,2.7434
53.9358,0.6397,2.7532
53.9360,0.6369,2.7439
53.9362,0.6114,2.6302
53.9364,0.6562,2.8258
53.9366,0.616,2.6584
53.9368,0.5048,2.1767
53.9370,0.5452,2.3466
53.9372,0.5999,2.5819
53.9374,0.649,2.7935
53.9376,0.6138,2.643
53.9378,0.5872,2.5319
53.9380,0.5398,2.3277
53.9382,0.5464,2.3583
53.9384,0.4297,1.8548
53.9386,0.4077,1.7603
53.9388,0.4188,1.8085
53.9390,0.4344,1.8723
53.9392,0.493,2.127
53.9394,0.4374,1.8896
53.9396,0.4026,1.7394
53.9398,0.4446,1.9171
53.9400,0.5365,2.311
53.9402,0.5257,2.2667
53.9404,0.4884,2.1068
53.9406,0.5103,2.1974
53.9408,0.5608,2.4137
53.9410,0.6131,2.6423
53.9412,0.5856,2.524
53.9414,0.5741,2.4721
53.9416,0.6489,2.7891
53.9418,0.7118,3.0591
53.9420,0.7134,3.0678
53.9422,0.7359,3.1554
53.9424,0.8367,3.5894
53.9426,0.8311,3.5669
53.9428,0.917,3.9286
53.9430,0.9636,4.1259
53.9432,0.9636,4.1298
53.9434,0.9848,4.2208
53.9436,1.0079,4.3159
53.9438,1.0118,4.3243
53.9440,1.1137,4.7621
53.9442,1.0758,4.6065
53.9444,1.0736,4.5887
53.9446,1.1219,4.7952
53.9448,1.1604,4.9667
53.9450,1.0351,4.4428
53.9452,0.8386,3.601
53.9454,0.8536,3.6637
53.9456,0.8805,3.7807
53.9458,0.8739,3.7489
53.9460,0.9043,3.8795
53.9462,0.8748,3.7583
53.9464,0.8505,3.652
53.9466,0.8434,3.6199
53.9468,0.8484,3.6381
53.9470,0.8964,3.8456
53.9472,0.832,3.576
53.9474,0.7606,3.2704
53.9476,0.821,3.5286
53.9478,0.805,3.4617
53.9480,0.7781,3.341
53.9482,0.8428,3.614
53.9484,0.8855,3.8006
53.9486,0.9004,3.8626
53.9488,0.8737,3.7466
53.9490,0.8309,3.5697
53.9492,0.8247,3.5429
53.9494,0.8465,3.6418
53.9496,0.76,3.2663
53.9498,0.7466,3.2091
53.9500,0.773,3.3225
53.9502,0.841,3.613
53.9504,0.8723,3.7492
53.9506,0.7938,3.41
53.9508,0.7734,3.324
53.9510,0.7848,3.3745
53.9512,0.7187,3.0919
53.9514,0.7055,3.0351
53.9516,0.7694,3.3085
53.9518,0.7998,3.439
53.9520,0.8162,3.5113
53.9522,0.7034,3.0273
53.9524,0.7065,3.0421
53.9526,0.6363,2.7426
53.9528,0.6234,2.6818
53.9530,0.6651,2.8653
53.9532,0.6715,2.8887
53.9534,0.713,3.0643
53.9536,0.7483,3.2208
53.9538,0.696,2.9972
53.9540,0.6927,2.9841
53.9542,0.6528,2.8121
53.9544,0.6474,2.7902
53.9546,0.6728,2.897
53.9548,0.6849,2.9478
53.9550,0.6592,2.84
53.9552,0.5655,2.4372
53.9554,0.6203,2.6734
53.9556,0.6239,2.6889
53.9558,0.6488,2.7899
53.9560,0.7448,3.2029
53.9562,0.7832,3.3647
53.9564,0.8169,3.5111
53.9566,0.7231,3.111
53.9568,0.7132,3.0696
53.9570,0.6486,2.7966
53.9572,0.6109,2.633
53.9574,0.6325,2.7197
53.9576,0.7134,3.0678
53.9578,0.7245,3.1181
53.9580,0.7041,3.0304
53.9582,0.679,2.9211
53.9584,0.7408,3.1883
53.9586,0.6695,2.8817
53.9588,0.6249,2.6973
53.9590,0.5669,2.4456
53.9592,0.5529,2.384
53.9594,0.5513,2.3784
53.9596,0.5523,2.3803
53.9598,0.5534,2.385
53.9600,0.6139,2.6411
53.9602,0.6964,3.0001
53.9604,0.606,2.6143
53.9606,0.538,2.321
53.9608,0.5432,2.3411
53.9610,0.5723,2.4678
53.9612,0.539,2.324
53.9614,0.5319,2.2946
53.9616,0.533,2.2993
53.9618,0.5391,2.3246
53.9620,0.5339,2.3023
53.9622,0.5321,2.2956
53.9624,0.5573,2.4032
53.9626,0.6536,2.8131
53.9628,0.6462,2.7811
53.9630,0.6371,2.7406
53.9632,0.6362,2.7345
53.9634,0.7026,3.0214
53.9636,0.7247,3.1191
53.9638,0.7192,3.0954
53.9640,0.6825,2.9347
53.9642,0.7552,3.2472
53.9644,0.7422,3.19
53.9646,0.7186,3.0885
53.9648,0.7169,3.087
53.9650,0.6353,2.7354
53.9652,0.6662,2.866
53.9654,0.7211,3.1008
53.9656,0.7372,3.1713
53.9658,0.7083,3.047
53.9660,0.6913,2.9779
53.9662,0.6229,2.6822
53.9664,0.612,2.6328
53.9666,0.6195,2.6665
53.9668,0.7266,3.1216
53.9670,0.7913,3.4024
53.9672,0.7381,3.1799
53.9674,0.6624,2.8495
53.9676,0.6825,2.9388
53.9678,0.653,2.8105
53.9680,0.6464,2.7834
53.9682,0.6639,2.8575
53.9684,0.6523,2.8035
53.9686,0.6952,2.9936
53.9688,0.6468,2.7876
53.9690,0.651,2.8044
53.9692,0.6221,2.6774
53.9694,0.6438,2.7708
53.9696,0.6819,2.939
53.9698,0.563,2.4286
53.9700,0.4952,2.1373
53.9702,0.4851,2.0938
53.9704,0.4494,1.9414
53.9706,0.4131,1.7853
53.9708,0.3933,1.6998
53.9710,0.4285,1.8504
53.9712,0.4152,1.7938
53.9714,0.3982,1.7194
53.9716,0.3887,1.6793
53.9718,0.4125,1.7794
53.9720,0.4928,2.1279
53.9722,0.4764,2.0561
53.9724,0.4582,1.9792
53.9726,0.4004,1.7288
53.9728,0.4694,2.0261
53.9730,0.4686,2.0206
53.9732,0.5501,2.3688
53.9734,0.5863,2.5259
53.9736,0.5873,2.5312
53.9738,0.5944,2.5558
53.9740,0.6777,2.9182
53.9742,0.6594,2.8339
53.9744,0.768,3.2993
53.9746,0.7751,3.3297
53.9748,0.7154,3.0746
53.9750,0.7743,3.3204
53.9752,0.8534,3.6609
53.9754,0.8335,3.5805
53.9756,0.8118,3.4873
53.9758,0.8507,3.6479
53.9760,0.8802,3.7779
53.9762,0.8606,3.697
53.9764,0.8525,3.6573
53.9766,0.9378,4.0137
53.9768,0.996,4.2691
53.9770,1.0258,4.3924
53.9772,1.06,4.5303
53.9774,1.1248,4.812
53.9776,1.1308,4.8377
53.9778,1.076,4.5989
53.9780,1.1113,4.7563
53.9782,1.0914,4.6667
53.9784,1.1128,4.754
53.9786,1.1877,5.0784
53.9788,1.1688,5.0096
53.9790,1.0163,4.3559
53.9792,0.9806,4.2047
53.9794,0.9471,4.0575
53.9796,0.9861,4.2284
53.9798,0.9855,4.2298
53.9800,0.9483,4.0702
53.9802,0.9281,3.9777
53.9804,0.9368,4.0227
53.9806,0.9225,3.967
53.9808,0.8172,3.5121
53.9810,0.826,3.547
53.9812,0.8478,3.6424
53.9814,0.7649,3.289
53.9816,0.6941,2.9903
53.9818,0.7006,3.0168
53.9820,0.7359,3.1657
53.9822,0.7259,3.1272
53.9824,0.6813,2.9337
53.9826,0.714,3.0689
53.9828,0.8179,3.5119
53.9830,0.849,3.6526
53.9832,0.7269,3.1299
53.9834,0.7718,3.325
53.9836,0.7337,3.1534
53.9838,0.7904,3.3956
53.9840,0.7787,3.3514
53.9842,0.7577,3.2611
53.9844,0.7317,3.1461
53.9846,0.7329,3.1557
53.9848,0.7181,3.0907
53.9850,0.7006,3.0168
53.9852,0.7116,3.0629
53.9854,0.7203,3.1
53.9856,0.666,2.8703
53.9858,0.662,2.8519
53.9860,0.6704,2.888
53.9862,0.6287,2.7083
53.9864,0.5739,2.4768
53.9866,0.5329,2.2977
53.9868,0.5761,2.4855
53.9870,0.5812,2.5095
53.9872,0.5158,2.2253
53.9874,0.5341,2.305
53.9876,0.495,2.1363
53.9878,0.4905,2.1171
53.9880,0.4794,2.068
53.9882,0.4898,2.115
53.9884,0.4964,2.1445
53.9886,0.5078,2.1896
53.9888,0.5736,2.4735
53.9890,0.5058,2.1859
53.9892,0.4288,1.8506
53.9894,0.5053,2.1808
53.9896,0.4628,1.9967
53.9898,0.5101,2.2005
53.9900,0.5222,2.2558
53.9902,0.4634,2.0011
53.9904,0.4592,1.9811
53.9906,0.4488,1.9388
53.9908,0.4426,1.911
53.9910,0.4312,1.861
53.9912,0.4283,1.8477
53.9914,0.436,1.8825
53.9916,0.4411,1.9048
53.9918,0.4554,1.9664
53.9920,0.4418,1.9088
53.9922,0.4367,1.8848
53.9924,0.4514,1.9475
53.9926,0.5132,2.2108
53.9928,0.6195,2.6665
53.9930,0.5866,2.5281
53.9932,0.5357,2.3101
53.9934,0.4941,2.1336
53.9936,0.4507,1.9435
53.9938,0.466,2.0082
53.9940,0.5248,2.263
53.9942,0.541,2.3296
53.9944,0.5514,2.3767
53.9946,0.571,2.4587
53.9948,0.579,2.4933
53.9950,0.6136,2.642
53.9952,0.6259,2.6939
53.9954,0.6642,2.8572
53.9956,0.7234,3.1091
53.9958,0.7414,3.1894
53.9960,0.6966,2.9942
53.9962,0.6698,2.8814
53.9964,0.6295,2.7081
53.9966,0.6302,2.7112
53.9968,0.682,2.934
53.9970,0.6944,2.9858
53.9972,0.6709,2.8874
53.9974,0.663,2.852
53.9976,0.6958,2.9948
53.9978,0.6627,2.8497
53.9980,0.7351,3.1611
53.9982,0.7603,3.2663
53.9984,0.7511,3.2252
53.9986,0.7493,3.2219
53.9988,0.6965,2.9979
53.9990,0.7327,3.1508
53.9992,0.7287,3.1332
53.9994,0.6954,2.9918
53.9996,0.6034,2.5993
53.9998,0.5604,2.4155
54.0000,0.5929,2.5532
54.0002,0.6273,2.7026
54.0004,0.5529,2.384
54.0006,0.5402,2.3303
54.0008,0.5741,2.4721
54.0010,0.5703,2.4544
54.0012,0.5654,2.4355
54.0014,0.5681,2.4474
54.0016,0.595,2.5643
54.0018,0.5591,2.4087
54.0020,0.5758,2.4839
54.0022,0.5301,2.2837
54.0024,0.5778,2.4893
54.0026,0.5986,2.5786
54.0028,0.6142,2.6433
54.0030,0.61,2.6277
54.0032,0.5416,2.3343
54.0034,0.5101,2.1984
54.0036,0.451,1.9473
54.0038,0.4091,1.7682
54.0040,0.4017,1.7361
54.0042,0.3874,1.6736
54.0044,0.3863,1.6674
54.0046,0.391,1.6884
54.0048,0.3939,1.7008
54.0050,0.3898,1.6848
54.0052,0.3863,1.669
54.0054,0.3896,1.6822
54.0056,0.391,1.6876
54.0058,0.4257,1.8363
54.0060,0.4946,2.1327
54.0062,0.4915,2.1183
54.0064,0.5379,2.3172
54.0066,0.5195,2.2403
54.0068,0.4883,2.1053
54.0070,0.4908,2.1172
54.0072,0.4957,2.1384
54.0074,0.5194,2.2377
54.0076,0.5722,2.4627
54.0078,0.6402,2.754
54.0080,0.6755,2.9008
54.0082,0.7124,3.0603
54.0084,0.6976,2.9955
54.0086,0.755,3.2406
54.0088,0.7972,3.4218
54.0090,0.824,3.5382
54.0092,0.8276,3.557
54.0094,0.7959,3.4129
54.0096,0.8384,3.5966
54.0098,0.904,3.8726
54.0100,0.9365,4.0137
54.0102,0.8989,3.8492
54.0104,0.9805,4.1983
54.0106,0.9716,4.1701
54.0108,0.8383,3.5961
54.0110,0.9107,3.8977
54.0112,0.9675,4.141
54.0114,1.0012,4.2912
54.0116,0.8645,3.7122
54.0118,0.8448,3.6278
54.0120,0.85,3.6448
54.0122,0.923,3.9543
54.0124,0.9134,3.9132
54.0126,0.8694,3.7333
54.0128,0.8242,3.5392
54.0130,0.8349,3.5851
54.0132,0.8267,3.5451
54.0134,0.885,3.7967
54.0136,0.9058,3.8803
54.0138,0.9552,4.0957
54.0140,0.9055,3.8829
54.0142,0.9349,4.0088
54.0144,0.9124,3.914
54.0146,0.8833,3.7913
54.0148,0.9301,3.9901
54.0150,0.9168,3.9294
54.0152,0.9282,3.9819
54.0154,0.9108,3.9091
54.0156,0.9357,4.0087
54.0158,0.9408,4.034
54.0160,0.9224,3.9609
54.0162,0.8618,3.7056
54.0164,0.8037,3.4512
54.0166,0.8391,3.6014
54.0168,0.9048,3.8852
54.0170,0.858,3.6861
54.0172,0.8411,3.6101
54.0174,0.8326,3.5736
54.0176,0.863,3.7055
54.0178,0.8628,3.705
54.0180,0.8299,3.5651
54.0182,0.819,3.5231
54.0184,0.7228,3.1065
54.0186,0.7625,3.2771
54.0188,0.7414,3.1909
54.0190,0.6854,2.9512
54.0192,0.6867,2.9583
54.0194,0.6881,2.9604
54.0196,0.7106,3.0597
54.0198,0.6678,2.8767
54.0200,0.6525,2.8085
54.0202,0.6734,2.8969
54.0204,0.6872,2.9549
54.0206,0.733,3.1577
54.0208,0.6475,2.7907
54.0210,0.638,2.7498
54.0212,0.5871,2.5302
54.0214,0.5711,2.4649
54.0216,0.5685,2.4512
54.0218,0.5556,2.3948
54.0220,0.5683,2.4507
54.0222,0.5691,2.4527
54.0224,0.5835,2.5135
54.0226,0.5634,2.4284
54.0228,0.5423,2.3418
54.0230,0.5251,2.263
54.0232,0.6454,2.7754
54.0234,0.7032,3.0296
54.0236,0.6044,2.6076
54.0238,0.5385,2.322
54.0240,0.5263,2.2682
54.0242,0.5276,2.276
54.0244,0.527,2.2745
54.0246,0.5301,2.2879
54.0248,0.5239,2.2579
54.0250,0.5235,2.2584
54.0252,0.5236,2.2589
54.0254,0.5281,2.2759
54.0256,0.5273,2.2739
54.0258,0.5259,2.2687
54.0260,0.5276,2.2749
54.0262,0.5273,2.275
54.0264,0.5591,2.4098
54.0266,0.6727,2.8965
54.0268,0.6034,2.6005
54.0270,0.5332,2.2992
54.0272,0.5277,2.2765
54.0274,0.5285,2.278
54.0276,0.5319,2.2925
54.0278,0.5321,2.2956
54.0280,0.5261,2.2698
54.0282,0.5255,2.2661
54.0284,0.5263,2.2682
54.0286,0.562,2.4188
54.0288,0.6359,2.7367
54.0290,0.642,2.7618
54.0292,0.6594,2.8339
54.0294,0.7285,3.1327
54.0296,0.7267,3.1279
54.0298,0.6634,2.8541
54.0300,0.6457,2.779
54.0302,0.6409,2.7597
54.0304,0.6438,2.7695
54.0306,0.6838,2.9404
54.0308,0.747,3.2077
54.0310,0.7524,3.2323
54.0312,0.7956,3.4146
54.0314,0.8568,3.6878
54.0316,0.6814,2.9328
54.0318,0.6921,2.9746
54.0320,0.7405,3.1843
54.0322,0.749,3.2194
54.0324,0.7877,3.379
54.0326,0.807,3.4683
54.0328,0.7175,3.0896
54.0330,0.6584,2.8298
54.0332,0.7857,3.3802
54.0334,0.7415,3.1899
54.0336,0.7138,3.065
54.0338,0.7681,3.3013
54.0340,0.7583,3.2651
54.0342,0.703,3.0257
54.0344,0.7049,3.0312
54.0346,0.7019,3.0211
54.0348,0.6849,2.9478
54.0350,0.7035,3.025
54.0352,0.7439,3.1972
54.0354,0.75,3.2265
54.0356,0.7241,3.1151
54.0358,0.7115,3.0609
54.0360,0.6793,2.9263
54.0362,0.6172,2.655
54.0364,0.6767,2.9113
54.0366,0.7387,3.1766
54.0368,0.7591,3.2642
54.0370,0.693,2.9857
54.0372,0.611,2.6348
54.0374,0.5295,2.2832
54.0376,0.55,2.3705
54.0378,0.5577,2.4036
54.0380,0.5502,2.3727
54.0382,0.5199,2.245
54.0384,0.4114,1.7772
54.0386,0.4132,1.7858
54.0388,0.4076,1.7598
54.0390,0.4014,1.7342
54.0392,0.4417,1.903
54.0394,0.5725,2.4677
54.0396,0.6023,2.5958
54.0398,0.5416,2.3354
54.0400,0.5006,2.1596
54.0402,0.4988,2.1518
54.0404,0.5096,2.1953
54.0406,0.5415,2.3338
54.0408,0.5835,2.5124
54.0410,0.6249,2.691
54.0412,0.583,2.5103
54.0414,0.5789,2.4916
54.0416,0.689,2.9626
54.0418,0.7068,3.0394
54.0420,0.7419,3.187
54.0422,0.7981,3.4254
54.0424,0.8242,3.5293
54.0426,0.9669,4.1461
54.0428,0.9632,4.1263
54.0430,0.9928,4.2512
54.0432,1.012,4.3314
54.0434,1.0682,4.572
54.0436,1.1122,4.7582
54.0438,1.0989,4.7012
54.0440,1.0403,4.4504
54.0442,1.0572,4.5248
54.0444,1.0915,4.6672
54.0446,1.1381,4.8644
54.0448,1.1154,4.776
54.0450,1.045,4.4767
54.0452,0.9963,4.2701
54.0454,0.9592,4.1094
54.0456,0.9553,4.0982
54.0458,0.9176,3.944
54.0460,0.8359,3.5892
54.0462,0.8678,3.7244
54.0464,0.915,3.9308
54.0466,0.8686,3.728
54.0468,0.8064,3.4706
54.0470,0.6749,2.9077
54.0472,0.6863,2.9526
54.0474,0.6969,3.0008
54.0476,0.692,2.981
54.0478,0.6847,2.9454
54.0480,0.7095,3.055
54.0482,0.6951,2.9917
54.0484,0.7116,3.0629
54.0486,0.6927,2.9772
54.0488,0.7715,3.3158
54.0490,0.7874,3.3906
54.0492,0.7065,3.0393
54.0494,0.7821,3.3601
54.0496,0.8222,3.5321
54.0498,0.8166,3.5095
54.0500,0.8048,3.4623
54.0502,0.7351,3.1596
54.0504,0.7627,3.2781
54.0506,0.8102,3.4855
54.0508,0.7538,3.2415
54.0510,0.792,3.4007
54.0512,0.8142,3.5057
54.0514,0.6752,2.9073
54.0516,0.6465,2.7852
54.0518,0.6335,2.7315
54.0520,0.6266,2.6995
54.0522,0.633,2.7307
54.0524,0.5935,2.564
54.0526,0.4924,2.1254
54.0528,0.5006,2.1576
54.0530,0.5701,2.4608
54.0532,0.5337,2.3002
54.0534,0.5229,2.2516
54.0536,0.5914,2.5488
54.0538,0.5761,2.4843
54.0540,0.5745,2.4782
54.0542,0.6115,2.632
54.0544,0.714,3.0689
54.0546,0.7417,3.1939
54.0548,0.6344,2.7331
54.0550,0.6102,2.6312
54.0552,0.5984,2.5769
54.0554,0.5947,2.5585
54.0556,0.6422,2.7654
54.0558,0.5932,2.5601
54.0560,0.5054,2.1813
54.0562,0.5573,2.3965
54.0564,0.7079,3.0483
54.0566,0.6036,2.6027
54.0568,0.5598,2.4129
54.0570,0.5976,2.5757
54.0572,0.5758,2.4816
54.0574,0.5592,2.4114
54.0576,0.5871,2.5302
54.0578,0.6338,2.7305
54.0580,0.5721,2.469
54.0582,0.4686,2.0224
54.0584,0.4693,2.0255
54.0586,0.4601,1.9866
54.0588,0.4546,1.9637
54.0590,0.4522,1.9524
54.0592,0.4577,1.9753
54.0594,0.4579,1.9764
54.0596,0.4853,2.0866
54.0598,0.6333,2.7322
54.0600,0.4836,2.0861
54.0602,0.4706,2.0312
54.0604,0.4631,1.9977
54.0606,0.4609,1.9884
54.0608,0.459,1.9829
54.0610,0.4606,1.9887
54.0612,0.4608,1.9879
54.0614,0.4842,2.0887
54.0616,0.5297,2.2821
54.0618,0.5379,2.3162
54.0620,0.5562,2.3974
54.0622,0.5606,2.416
54.0624,0.5577,2.4025
54.0626,0.564,2.4321
54.0628,0.5673,2.4449
54.0630,0.5719,2.4639
54.0632,0.5674,2.4455
54.0634,0.5795,2.4965
54.0636,0.5723,2.4643
54.0638,0.5901,2.5396
54.0640,0.6986,3.001
54.0642,0.7561,3.2543
54.0644,0.691,2.9727
54.0646,0.7299,3.1399
54.0648,0.6835,2.943
54.0650,0.6036,2.5979
54.0652,0.6215,2.6736
54.0654,0.6532,2.8089
54.0656,0.6559,2.8229
54.0658,0.6381,2.7491
54.0660,0.6335,2.7264
54.0662,0.6216,2.6766
54.0664,0.571,2.461
54.0666,0.5309,2.2894
54.0668,0.5235,2.2563
54.0670,0.5118,2.2057
54.0672,0.5157,2.2217
54.0674,0.5761,2.4832
54.0676,0.5772,2.4867
54.0678,0.6192,2.665
54.0680,0.5797,2.4952
54.0682,0.554,2.3876
54.0684,0.5457,2.3519
54.0686,0.5392,2.3251
54.0688,0.5007,2.1581
54.0690,0.5302,2.2831
54.0692,0.5952,2.5642
54.0694,0.6096,2.6286
54.0696,0.5211,2.2481
54.0698,0.4808,2.0714
54.0700,0.5167,2.2248
54.0702,0.553,2.3823
54.0704,0.5252,2.2646
54.0706,0.5113,2.2036
54.0708,0.5182,2.2336
54.0710,0.4972,2.1451
54.0712,0.4216,1.8196
54.0714,0.4108,1.7738
54.0716,0.4086,1.7629
54.0718,0.4873,2.1012
54.0720,0.485,2.0933
54.0722,0.412,1.7757
54.0724,0.56,2.4089
54.0726,0.6192,2.6675
54.0728,0.5984,2.5769
54.0730,0.5789,2.4939
54.0732,0.5775,2.4889
54.0734,0.5213,2.246
54.0736,0.5427,2.3357
54.0738,0.5915,2.5434
54.0740,0.6689,2.8725
54.0742,0.7239,3.1112
54.0744,0.7445,3.1998
54.0746,0.7622,3.2746
54.0748,0.798,3.4217
54.0750,0.8056,3.4562
54.0752,0.8066,3.4603
54.0754,0.8535,3.6614
54.0756,0.8471,3.6342
54.0758,0.8606,3.6901
54.0760,0.8518,3.6542
54.0762,0.9179,3.9267
54.0764,1.0103,4.3262
54.0766,0.9908,4.2445
54.0768,0.9965,4.2651
54.0770,0.9988,4.2749
54.0772,1.0074,4.3078
54.0774,1.0419,4.4612
54.0776,1.018,4.355
54.0778,1.1174,4.7757
54.0780,1.1218,4.7969
54.0782,1.116,4.7651
54.0784,1.1767,5.0318
54.0786,1.1295,4.8365
54.0788,0.9964,4.2726
54.0790,0.9601,4.1226
54.0792,0.8258,3.5426
54.0794,0.8631,3.7078
54.0796,0.836,3.593
54.0798,0.8237,3.5355
54.0800,0.8556,3.669
54.0802,0.8889,3.8167
54.0804,0.8246,3.5474
54.0806,0.7182,3.0898
54.0808,0.6971,2.999
54.0810,0.7155,3.0794
54.0812,0.7163,3.0801
54.0814,0.699,3.0031
54.0816,0.7638,3.2828
54.0818,0.7916,3.3992
54.0820,0.8447,3.6323
54.0822,0.8095,3.4743
54.0824,0.8638,3.7109
54.0826,0.806,3.4658
54.0828,0.8257,3.5471
54.0830,0.8484,3.6432
54.0832,0.8456,3.6258
54.0834,0.8603,3.6976
54.0836,0.8399,3.6084
54.0838,0.8258,3.5459
54.0840,0.8399,3.6117
54.0842,0.8083,3.4708
54.0844,0.8402,3.6111
54.0846,0.7217,3.1062
54.0848,0.6972,2.9996
54.0850,0.7319,3.1486
54.0852,0.6712,2.893
54.0854,0.6001,2.5877
54.0856,0.5788,2.4969
54.0858,0.6055,2.6074
54.0860,0.6408,2.7579
54.0862,0.6646,2.8619
54.0864,0.6182,2.6646
54.0866,0.61,2.6289
54.0868,0.6295,2.7157
54.0870,0.5682,2.4502
54.0872,0.5625,2.4254
54.0874,0.5556,2.3959
54.0876,0.5582,2.4068
54.0878,0.5585,2.4061
54.0880,0.5755,2.4817
54.0882,0.576,2.4827
54.0884,0.5421,2.3386
54.0886,0.4948,2.1348
54.0888,0.4788,2.0655
54.0890,0.5294,2.2837
54.0892,0.5396,2.3266
54.0894,0.5701,2.4551
54.0896,0.6188,2.6659
54.0898,0.5922,2.5524
54.0900,0.5471,2.3548
54.0902,0.6241,2.6899
54.0904,0.5626,2.4282
54.0906,0.5287,2.2806
54.0908,0.5211,2.247
54.0910,0.5218,2.2501
54.0912,0.5349,2.3075
54.0914,0.533,2.2982
54.0916,0.5234,2.2568
54.0918,0.5236,2.2589
54.0920,0.5162,2.2268
54.0922,0.5253,2.2641
54.0924,0.5212,2.2496
54.0926,0.5121,2.2093
54.0928,0.5372,2.3109
54.0930,0.6644,2.8542
54.0932,0.7783,3.3483
54.0934,0.7006,3.0168
54.0936,0.6266,2.697
54.0938,0.6419,2.7651
54.0940,0.653,2.8118
54.0942,0.6655,2.8615
54.0944,0.6731,2.8932
54.0946,0.7281,3.1292
54.0948,0.7173,3.0843
54.0950,0.7197,3.0903
54.0952,0.7482,3.2143
54.0954,0.7218,3.1067
54.0956,0.6582,2.8367
54.0958,0.6391,2.7507
54.0960,0.6425,2.7638
54.0962,0.6597,2.8341
54.0964,0.7235,3.1111
54.0966,0.7297,3.135
54.0968,0.7585,3.2616
54.0970,0.7289,3.1357
54.0972,0.7869,3.3823
54.0974,0.7919,3.4002
54.0976,0.7921,3.4044
54.0978,0.7652,3.289
54.0980,0.7416,3.1919
54.0982,0.6365,2.738
54.0984,0.7082,3.0451
54.0986,0.7437,3.1977
54.0988,0.7434,3.1967
54.0990,0.6669,2.8744
54.0992,0.6207,2.6754
54.0994,0.6109,2.6269
54.0996,0.7366,3.1643
54.0998,0.6763,2.9093
54.1000,0.6612,2.8456
54.1002,0.75,3.2265
54.1004,0.7,3.0128
54.1006,0.6642,2.8612
54.1008,0.6819,2.9376
54.1010,0.6465,2.7827
54.1012,0.693,2.9829
54.1014,0.6236,2.6866
54.1016,0.6305,2.7135
54.1018,0.6318,2.7204
54.1020,0.6088,2.625
54.1022,0.5944,2.5605
54.1024,0.5849,2.5221
54.1026,0.5926,2.5528
54.1028,0.6091,2.6216
54.1030,0.6415,2.7661
54.1032,0.5097,2.1979
54.1034,0.4974,2.1466
54.1036,0.483,2.0855
54.1038,0.4763,2.0555
54.1040,0.4734,2.0431
54.1042,0.4769,2.0572
54.1044,0.4767,2.0557
54.1046,0.5145,2.2196
54.1048,0.4855,2.0954
54.1050,0.4743,2.0444
54.1052,0.4784,2.0629
54.1054,0.5293,2.2769
54.1056,0.6355,2.7377
54.1058,0.5669,2.4434
54.1060,0.5745,2.4736
54.1062,0.6371,2.7381
54.1064,0.6682,2.8761
54.1066,0.6097,2.6267
54.1068,0.5386,2.3225
54.1070,0.5061,2.1824
54.1072,0.5397,2.3272
54.1074,0.5877,2.5293
54.1076,0.609,2.6236
54.1078,0.5716,2.4613
54.1080,0.6113,2.6248
54.1082,0.7007,3.0089
54.1084,0.756,3.2493
54.1086,0.7258,3.1209
54.1088,0.7422,3.1871
54.1090,0.7957,3.4183
54.1092,0.7999,3.4331
54.1094,0.9032,3.8677
54.1096,0.9878,4.2297
54.1098,1.0192,4.3642
54.1100,1.0332,4.4181
54.1102,1.1028,4.7132
54.1104,1.1148,4.7689
54.1106,1.1073,4.7371
54.1108,1.0946,4.6828
54.1110,1.1204,4.793
54.1112,1.0766,4.6123
54.1114,0.9909,4.245
54.1116,0.9608,4.1199
54.1118,0.989,4.2388
54.1120,1.0163,4.3559
54.1122,0.9808,4.2077
54.1124,0.9184,3.9397
54.1126,0.9276,3.9793
54.1128,0.9035,3.8741
54.1130,0.9445,4.05
54.1132,0.9104,3.9076
54.1134,0.9297,3.9942
54.1136,0.9086,3.9035
54.1138,0.8152,3.5039
54.1140,0.7911,3.3955
54.1142,0.8678,3.7279
54.1144,0.8278,3.5563
54.1146,0.812,3.4851
54.1148,0.8658,3.7214
54.1150,0.8423,3.6203
54.1152,0.8801,3.7756
54.1154,0.9196,3.943
54.1156,0.9314,3.9995
54.1158,0.9146,3.9238
54.1160,0.9029,3.8842
54.1162,0.7779,3.3405
54.1164,0.8167,3.5133
54.1166,0.7809,3.3612
54.1168,0.7833,3.3652
54.1170,0.8395,3.6063
54.1172,0.8398,3.6062
54.1174,0.8808,3.7875
54.1176,0.789,3.391
54.1178,0.7728,3.323
54.1180,0.7915,3.405
54.1182,0.7724,3.3199
54.1184,0.8249,3.5506
54.1186,0.7325,3.1541
54.1188,0.7459,3.206
54.1190,0.8427,3.6168
54.1192,0.8718,3.7454
54.1194,0.8115,3.4944
54.1196,0.7285,3.1356
54.1198,0.6982,3.0121
54.1200,0.5667,2.4446
54.1202,0.5234,2.26
54.1204,0.4947,2.1352
54.1206,0.5416,2.3343
54.1208,0.5407,2.3334
54.1210,0.5108,2.2046
54.1212,0.5058,2.1839
54.1214,0.5164,2.2289
54.1216,0.5165,2.2284
54.1218,0.5281,2.2759
54.1220,0.6044,2.6039
54.1222,0.6438,2.7772
54.1224,0.5831,2.5166
54.1226,0.4588,1.9818
54.1228,0.4984,2.1473
54.1230,0.5781,2.4949
54.1232,0.4739,2.0471
54.1234,0.4692,2.0269
54.1236,0.4594,1.9844
54.1238,0.4512,1.9483
54.1240,0.4516,1.9489
54.1242,0.4544,1.9632
54.1244,0.4558,1.9689
54.1246,0.4562,1.9691
54.1248,0.4795,2.0686
54.1250,0.4916,2.1238
54.1252,0.4543,1.9627
54.1254,0.4492,1.9395
54.1256,0.4476,1.9319
54.1258,0.4477,1.9342
54.1260,0.4464,1.9276
54.1262,0.4499,1.9408
54.1264,0.4488,1.9379
54.1266,0.4483,1.9359
54.1268,0.4474,1.9326
54.1270,0.4459,1.9246
54.1272,0.4502,1.9432
54.1274,0.4482,1.9353
54.1276,0.4456,1.9231
54.1278,0.4458,1.9241
54.1280,0.4499,1.939
54.1282,0.5023,2.1638
54.1284,0.5634,2.4284
54.1286,0.6188,2.6684
54.1288,0.5857,2.5233
54.1290,0.5468,2.3566
54.1292,0.5565,2.3995
54.1294,0.5583,2.4051
54.1296,0.5486,2.3621
54.1298,0.5483,2.3644
54.1300,0.551,2.3747
54.1302,0.5579,2.4046
54.1304,0.5709,2.4593
54.1306,0.6255,2.6898
54.1308,0.6827,2.9358
54.1310,0.693,2.976
54.1312,0.8067,3.4689
54.1314,0.7235,3.1154
54.1316,0.5893,2.5365
54.1318,0.6506,2.7976
54.1320,0.6799,2.9261
54.1322,0.7182,3.0855
54.1324,0.7915,3.4066
54.1326,0.6085,2.6227
54.1328,0.5832,2.5078
54.1330,0.6764,2.9112
54.1332,0.6297,2.7117
54.1334,0.6469,2.7894
54.1336,0.5842,2.5131
54.1338,0.6445,2.7739
54.1340,0.6386,2.7511
54.1342,0.6145,2.6473
54.1344,0.5969,2.5702
54.1346,0.6254,2.6881
54.1348,0.6564,2.8276
54.1350,0.6355,2.739
54.1352,0.6239,2.6851
54.1354,0.661,2.8438
54.1356,0.6494,2.795
54.1358,0.6717,2.8897
54.1360,0.6866,2.9509
54.1362,0.7119,3.0625
54.1364,0.6673,2.8733
54.1366,0.6307,2.7158
54.1368,0.608,2.6182
54.1370,0.6086,2.6232
54.1372,0.5771,2.485
54.1374,0.5706,2.4594
54.1376,0.5395,2.325
54.1378,0.5458,2.3568
54.1380,0.4255,1.8375
54.1382,0.4102,1.7712
54.1384,0.4169,1.8002
54.1386,0.4351,1.8754
54.1388,0.5731,2.4691
54.1390,0.5716,2.4647
54.1392,0.5044,2.1762
54.1394,0.4862,2.0975
54.1396,0.488,2.1043
54.1398,0.4826,2.0801
54.1400,0.4874,2.1027
54.1402,0.4872,2.1017
54.1404,0.5044,2.1731
54.1406,0.5375,2.3135
54.1408,0.5951,2.5613
54.1410,0.5964,2.5681
54.1412,0.594,2.5566
54.1414,0.6441,2.7659
54.1416,0.7532,3.2359
54.1418,0.7439,3.1972
54.1420,0.7273,3.1232
54.1422,0.7939,3.4074
54.1424,0.8295,3.5536
54.1426,0.9096,3.9022
54.1428,0.8674,3.7176
54.1430,0.9325,3.993
54.1432,0.9669,4.1423
54.1434,0.983,4.2131
54.1436,0.9639,4.1371
54.1438,0.901,3.8615
54.1440,0.9034,3.8772
54.1442,0.8692,3.7271
54.1444,0.9253,3.9603
54.1446,0.9825,4.2149
54.1448,0.9112,3.907
54.1450,0.8805,3.7772
54.1452,0.9266,3.9697
54.1454,0.9877,4.2331
54.1456,0.9074,3.8929
54.1458,0.9188,3.9363
54.1460,0.9048,3.8816
54.1462,0.8624,3.7012
54.1464,0.86,3.6961
54.1466,0.8398,3.6028
54.1468,0.9351,4.0099
54.1470,0.8773,3.7708
54.1472,0.7577,3.2565
54.1474,0.7748,3.3302
54.1476,0.7718,3.3158
54.1478,0.7645,3.2844
54.1480,0.7886,3.3895
54.1482,0.7885,3.3905
54.1484,0.7965,3.4219
54.1486,0.7725,3.3189
54.1488,0.8095,3.4759
54.1490,0.8341,3.5831
54.1492,0.803,3.4497
54.1494,0.7279,3.1287
54.1496,0.7859,3.376
54.1498,0.8289,3.5626
54.1500,0.7739,3.3245
54.1502,0.7939,3.4137
54.1504,0.7803,3.3508
54.1506,0.8211,3.5291
54.1508,0.8308,3.5675
54.1510,0.7481,3.2228
54.1512,0.6669,2.8704
54.1514,0.6644,2.8609
54.1516,0.5988,2.5832
54.1518,0.6,2.5848
54.1520,0.663,2.852
54.1522,0.6854,2.9485
54.1524,0.7142,3.0723
54.1526,0.7029,3.028
54.1528,0.6749,2.9036
54.1530,0.6821,2.9346
54.1532,0.6878,2.9629
54.1534,0.6429,2.771
54.1536,0.6036,2.5967
54.1538,0.6572,2.8286
54.1540,0.6805,2.9287
54.1542,0.6976,3.0025
54.1544,0.6854,2.9512
54.1546,0.615,2.6531
54.1548,0.5865,2.5288
54.1550,0.6079,2.6213
54.1552,0.5873,2.5301
54.1554,0.6209,2.6722
54.1556,0.6341,2.7264
54.1558,0.682,2.9313
54.1560,0.7381,3.1755
54.1562,0.7378,3.1724
54.1564,0.7796,3.3539
54.1566,0.6941,2.9903
54.1568,0.5948,2.5674
54.1570,0.5303,2.2879
54.1572,0.5273,2.275
54.1574,0.5261,2.2677
54.1576,0.5239,2.2599
54.1578,0.5252,2.2656
54.1580,0.5289,2.2806
54.1582,0.5413,2.336
54.1584,0.5254,2.2667
54.1586,0.5242,2.2615
54.1588,0.5271,2.2739
54.1590,0.5295,2.2821
54.1592,0.5395,2.3229
54.1594,0.6237,2.6834
54.1596,0.7018,3.0234
54.1598,0.5995,2.5851
54.1600,0.5326,2.2966
54.1602,0.5246,2.2631
54.1604,0.5243,2.261
54.1606,0.5222,2.2506
54.1608,0.5234,2.2568
54.1610,0.5356,2.3085
54.1612,0.606,2.6082
54.1614,0.6413,2.7612
54.1616,0.6447,2.7775
54.1618,0.6396,2.7514
54.1620,0.6444,2.7721
54.1622,0.648,2.7888
54.1624,0.6425,2.7638
54.1626,0.6887,2.9602
54.1628,0.7904,3.3909
54.1630,0.8766,3.7712
54.1632,0.7508,3.2286
54.1634,0.7341,3.155
54.1636,0.6998,3.0146
54.1638,0.6315,2.7207
54.1640,0.6203,2.6709
54.1642,0.6186,2.6649
54.1644,0.6143,2.6451
54.1646,0.6174,2.6585
54.1648,0.6379,2.7455
54.1650,0.6962,2.9935
54.1652,0.7271,3.1236
54.1654,0.7806,3.3518
54.1656,0.7403,3.1833
54.1658,0.7017,3.0158
54.1660,0.6833,2.9452
54.1662,0.6168,2.6571
54.1664,0.6104,2.6285
54.1666,0.6062,2.6129
54.1668,0.5868,2.5268
54.1670,0.6309,2.7143
54.1672,0.6513,2.8007
54.1674,0.6777,2.9182
54.1676,0.5928,2.555
54.1678,0.5767,2.4835
54.1680,0.6084,2.6198
54.1682,0.6067,2.615
54.1684,0.5897,2.5404
54.1686,0.5903,2.5406
54.1688,0.6543,2.8149
54.1690,0.7028,3.0247
54.1692,0.6351,2.7336
54.1694,0.6592,2.84
54.1696,0.6076,2.6186
54.1698,0.5668,2.4429
54.1700,0.5143,2.2155
54.1702,0.5536,2.3882
54.1704,0.4797,2.0706
54.1706,0.4677,2.0197
54.1708,0.3966,1.7127
54.1710,0.3993,1.7249
54.1712,0.4058,1.7521
54.1714,0.4342,1.8756
54.1716,0.4168,1.7972
54.1718,0.5288,2.2759
54.1720,0.5845,2.517
54.1722,0.5134,2.2149
54.1724,0.52,2.2403
54.1726,0.5048,2.1767
54.1728,0.4956,2.1369
54.1730,0.555,2.3911
54.1732,0.6457,2.7777
54.1734,0.6391,2.7507
54.1736,0.6291,2.7053
54.1738,0.6803,2.9255
54.1740,0.7011,3.0133
54.1742,0.6969,2.998
54.1744,0.7301,3.1365
54.1746,0.8094,3.4721
54.1748,0.8428,3.6173
54.1750,0.8614,3.6971
54.1752,0.8392,3.5986
54.1754,0.8702,3.7347
54.1756,0.8495,3.6462
54.1758,0.8748,3.7548
54.1760,0.8396,3.6035
54.1762,0.8401,3.6055
54.1764,0.8411,3.6101
54.1766,0.844,3.6225
54.1768,0.8511,3.6495
54.1770,0.8664,3.7153
54.1772,0.8403,3.6049
54.1774,0.8687,3.7337
54.1776,0.8425,3.6192
54.1778,0.8374,3.5942
54.1780,0.8812,3.782
54.1782,0.8474,3.642
54.1784,0.8019,3.4435
54.1786,0.8386,3.596
54.1788,0.9149,3.9157
54.1790,1.0426,4.4643
54.1792,1.0459,4.4808
54.1794,1.0615,4.5391
54.1796,1.1341,4.8492
54.1798,1.1258,4.8274
54.1800,0.9589,4.1155
54.1802,0.8753,3.7603
54.1804,0.8291,3.5587
54.1806,0.8901,3.8237
54.1808,0.7896,3.3952
54.1810,0.7389,3.1771
54.1812,0.7428,3.1941
54.1814,0.7266,3.1245
54.1816,0.7351,3.164
54.1818,0.7288,3.1338
54.1820,0.7675,3.2988
54.1822,0.832,3.5777
54.1824,0.803,3.4513
54.1826,0.8155,3.5033
54.1828,0.8441,3.6264
54.1830,0.8082,3.4702
54.1832,0.8019,3.4483
54.1834,0.755,3.2452
54.1836,0.7507,3.2356
54.1838,0.674,2.9022
54.1840,0.6915,2.9789
54.1842,0.6365,2.7406
54.1844,0.6544,2.8206
54.1846,0.6307,2.7183
54.1848,0.6389,2.7509
54.1850,0.6181,2.6665
54.1852,0.5389,2.3268
54.1854,0.5704,2.4584
54.1856,0.5614,2.4252
54.1858,0.4532,1.9562
54.1860,0.4742,2.0468
54.1862,0.5326,2.2966
54.1864,0.5595,2.4136
54.1866,0.5649,2.4369
54.1868,0.5715,2.4653
54.1870,0.5144,2.2201
54.1872,0.4807,2.0766
54.1874,0.4873,2.1051
54.1876,0.4921,2.1238
54.1878,0.5024,2.1673
54.1880,0.4819,2.0779
54.1882,0.5568,2.3966
54.1884,0.6592,2.8386
54.1886,0.6573,2.8304
54.1888,0.6795,2.9232
54.1890,0.6995,3.0149
54.1892,0.5818,2.5097
54.1894,0.5625,2.422
54.1896,0.6771,2.9142
54.1898,0.6345,2.7323
54.1900,0.5879,2.5349
54.1902,0.5008,2.1616
54.1904,0.4818,2.0793
54.1906,0.4963,2.1409
54.1908,0.5016,2.1637
54.1910,0.4998,2.1549
54.1912,0.4983,2.1477
54.1914,0.5188,2.2361
54.1916,0.5404,2.3291
54.1918,0.574,2.4727
54.1920,0.5813,2.5077
54.1922,0.5002,2.158
54.1924,0.5014,2.1642
54.1926,0.4733,2.0416
54.1928,0.5043,2.1736
54.1930,0.5128,2.2113
54.1932,0.5534,2.3816
54.1934,0.6631,2.8512
54.1936,0.6824,2.9383
54.1938,0.6693,2.882
54.1940,0.6513,2.8019
54.1942,0.6559,2.8242
54.1944,0.5945,2.5622
54.1946,0.5792,2.4919
54.1948,0.6605,2.839
54.1950,0.7086,3.0471
54.1952,0.6845,2.9407
54.1954,0.7248,3.1196
54.1956,0.7008,3.0122
54.1958,0.8024,3.4438
54.1960,0.8609,3.695
54.1962,0.7922,3.408
54.1964,0.7234,3.1105
54.1966,0.7222,3.1039
54.1968,0.7219,3.1043
54.1970,0.6947,2.9887
54.1972,0.721,3.0987
54.1974,0.7635,3.2878
54.1976,0.6518,2.8053
54.1978,0.6505,2.7983
54.1980,0.724,3.1102
54.1982,0.7578,3.2539
54.1984,0.7681,3.3074
54.1986,0.6667,2.868
54.1988,0.7062,3.0368
54.1990,0.7152,3.0769
54.1992,0.6911,2.976
54.1994,0.6992,3.0064
54.1996,0.6875,2.9605
54.1998,0.6218,2.6775
54.2000,0.5294,2.2858
54.2002,0.4665,2.0145
54.2004,0.4627,1.998
54.2006,0.4647,2.0058
54.2008,0.4619,1.9925
54.2010,0.4599,1.9851
54.2012,0.4643,2.0047
54.2014,0.4619,1.9916
54.2016,0.4761,2.0531
54.2018,0.4808,2.0752
54.2020,0.4778,2.0613
54.2022,0.4722,2.037
54.2024,0.4749,2.0498
54.2026,0.4784,2.0639
54.2028,0.4783,2.0633
54.2030,0.4631,1.9977
54.2032,0.4504,1.941
54.2034,0.479,2.0626
54.2036,0.5537,2.3854
54.2038,0.5211,2.247
54.2040,0.5049,2.1782
54.2042,0.527,2.2712
54.2044,0.5287,2.2764
54.2046,0.6041,2.6011
54.2048,0.5983,2.5763
54.2050,0.6223,2.6771
54.2052,0.6974,3.0014
54.2054,0.6869,2.9551
54.2056,0.6927,2.9771
54.2058,0.662,2.8492
54.2060,0.6605,2.843
54.2062,0.6374,2.7459
54.2064,0.5956,2.5633
54.2066,0.5713,2.4625
54.2068,0.5602,2.411
54.2070,0.6122,2.6362
54.2072,0.589,2.5372
54.2074,0.5796,2.497
54.2076,0.6637,2.8551
54.2078,0.7284,3.1278
54.2080,0.7526,3.2333
54.2082,0.7105,3.0525
54.2084,0.7637,3.2792
54.2086,0.7947,3.4093
54.2088,0.8505,3.64
54.2090,0.9765,4.1833
54.2092,0.9928,4.2492
54.2094,1.0647,4.5486
54.2096,1.1045,4.7252
54.2098,1.0979,4.6926
54.2100,1.1296,4.8279
54.2102,1.1198,4.7949
54.2104,1.0199,4.3733
54.2106,0.9716,4.1583
54.2108,1.0083,4.3174
54.2110,0.9711,4.1621
54.2112,0.9785,4.194
54.2114,0.9102,3.9029
54.2116,0.893,3.8293
54.2118,0.9024,3.8749
54.2120,0.9169,3.9353
54.2122,0.8992,3.8592
54.2124,0.9025,3.8718
54.2126,0.8679,3.7248
54.2128,0.8771,3.7662
54.2130,0.8819,3.7815
54.2132,0.9254,3.9737
54.2134,0.864,3.7101
54.2136,0.92,3.945
54.2138,0.9647,4.1368
54.2140,0.9008,3.8646
54.2142,0.8988,3.8558
54.2144,0.9544,4.0888
54.2146,0.9807,4.2032
54.2148,0.9655,4.1457
54.2150,0.9676,4.1491
54.2152,0.9622,4.1279
54.2154,0.9041,3.8784
54.2156,0.8541,3.6691
54.2158,0.8279,3.5568
54.2160,0.8406,3.608
54.2162,0.861,3.6938
54.2164,0.8839,3.7973
54.2166,0.8394,3.6096
54.2168,0.767,3.3028
54.2170,0.6804,2.93
54.2172,0.671,2.8879
54.2174,0.7192,3.0953
54.2176,0.7456,3.2089
54.2178,0.7488,3.2213
54.2180,0.7139,3.0769
54.2182,0.6686,2.8802
54.2184,0.6583,2.8384
54.2186,0.6147,2.6471
54.2188,0.7138,3.0664
54.2190,0.7644,3.2838
54.2192,0.8252,3.5449
54.2194,0.8177,3.5195
54.2196,0.7818,3.3616
54.2198,0.8019,3.4482
54.2200,0.6876,2.9665
54.2202,0.5655,2.4394
54.2204,0.5628,2.4269
54.2206,0.5717,2.464
54.2208,0.6036,2.6003
54.2210,0.6291,2.7128
54.2212,0.588,2.5355
54.2214,0.5972,2.5717
54.2216,0.6543,2.8214
54.2218,0.5858,2.5285
54.2220,0.5487,2.3659
54.2222,0.6188,2.6646
54.2224,0.5929,2.5555
54.2226,0.5573,2.402
54.2228,0.5601,2.4161
54.2230,0.5463,2.3577
54.2232,0.5447,2.351
54.2234,0.5429,2.3422
54.2236,0.5432,2.341
54.2238,0.5604,2.4166
54.2240,0.5613,2.4202
54.2242,0.5312,2.2872
54.2244,0.5719,2.4673
54.2246,0.5355,2.3112
54.2248,0.5331,2.2997
54.2250,0.5284,2.2796
54.2252,0.526,2.2692
54.2254,0.5416,2.3343
54.2256,0.6399,2.7568
54.2258,0.6119,2.6371
54.2260,0.5358,2.3116
54.2262,0.5245,2.2625
54.2264,0.5292,2.2821
54.2266,0.5315,2.293
54.2268,0.5363,2.3126
54.2270,0.5728,2.4675
54.2272,0.5922,2.55
54.2274,0.6138,2.6442
54.2276,0.6318,2.7191
54.2278,0.6429,2.7697
54.2280,0.6313,2.7196
54.2282,0.6266,2.7007
54.2284,0.6304,2.7147
54.2286,0.6367,2.7403
54.2288,0.647,2.7834
54.2290,0.7156,3.0741
54.2292,0.7927,3.4101
54.2294,0.723,3.109
54.2296,0.7545,3.24
54.2298,0.7384,3.1794
54.2300,0.6239,2.6888
54.2302,0.6151,2.6499
54.2304,0.6144,2.6455
54.2306,0.614,2.6427
54.2308,0.6405,2.7581
54.2310,0.6143,2.6462
54.2312,0.6456,2.7772
54.2314,0.7197,3.0945
54.2316,0.7587,3.2596
54.2318,0.7502,3.2245
54.2320,0.7012,3.0179
54.2322,0.7245,3.1166
54.2324,0.7309,3.1444
54.2326,0.6826,2.9338
54.2328,0.6903,2.9696
54.2330,0.7176,3.0886
54.2332,0.7083,3.0441
54.2334,0.7101,3.0575
54.2336,0.6559,2.8255
54.2338,0.6704,2.8799
54.2340,0.7599,3.2662
54.2342,0.72,3.0961
54.2344,0.7135,3.0711
54.2346,0.711,3.0602
54.2348,0.7206,3.0972
54.2350,0.7717,3.3136
54.2352,0.7926,3.4064
54.2354,0.7938,3.4052
54.2356,0.8375,3.5963
54.2358,0.8426,3.6179
54.2360,0.8662,3.7211
54.2362,0.8045,3.4628
54.2364,0.7313,3.146
54.2366,0.7315,3.1456
54.2368,0.7884,3.3852
54.2370,0.8752,3.7632
54.2372,0.7075,3.0509
54.2374,0.5658,2.4387
54.2376,0.5717,2.4606
54.2378,0.6722,2.8957
54.2380,0.5796,2.5028
54.2382,0.5141,2.217
54.2384,0.5834,2.5147
54.2386,0.5199,2.2439
54.2388,0.4735,2.0446
54.2390,0.4697,2.028
54.2392,0.4698,2.0285
54.2394,0.4695,2.0256
54.2396,0.476,2.0554
54.2398,0.4742,2.0458
54.2400,0.5031,2.1694
54.2402,0.535,2.3048
54.2404,0.6048,2.6054
54.2406,0.5866,2.5269
54.2408,0.5771,2.4838
54.2410,0.6886,2.9596
54.2412,0.7346,3.1575
54.2414,0.7556,3.2477
54.2416,0.789,3.3846
54.2418,0.8575,3.6789
54.2420,0.8908,3.8213
54.2422,0.8974,3.8443
54.2424,0.9868,4.2235
54.2426,1.0067,4.3127
54.2428,0.9911,4.2479
54.2430,0.9674,4.1481
54.2432,0.9755,4.1811
54.2434,0.9994,4.2834
54.2436,0.9625,4.1251
54.2438,0.9535,4.0866
54.2440,0.9833,4.2165
54.2442,0.9703,4.1624
54.2444,0.961,4.1247
54.2446,0.9017,3.8718
54.2448,0.877,3.7657
54.2450,0.9018,3.8687
54.2452,0.8796,3.77
54.2454,0.9334,4.0007
54.2456,0.9306,3.9958
54.2458,0.9334,4.0045
54.2460,0.9212,3.9538
54.2462,0.9158,3.927
54.2464,0.9595,4.1199
54.2466,0.887,3.816
54.2468,0.7617,3.274
54.2470,0.747,3.2151
54.2472,0.7101,3.0561
54.2474,0.7216,3.1028
54.2476,0.78,3.3539
54.2478,0.7451,3.2068
54.2480,0.7291,3.1382
54.2482,0.703,3.0271
54.2484,0.7169,3.0798
54.2486,0.805,3.4632
54.2488,0.7831,3.3735
54.2490,0.6887,2.9656
54.2492,0.6917,2.9744
54.2494,0.7609,3.2734
54.2496,0.7693,3.3126
54.2498,0.7204,3.0976
54.2500,0.7397,3.1821
54.2502,0.7113,3.0655
54.2504,0.6194,2.6722
54.2506,0.5387,2.324
54.2508,0.5614,2.4196
54.2510,0.5842,2.5201
54.2512,0.5828,2.5121
54.2514,0.6289,2.7067
54.2516,0.6162,2.6557
54.2518,0.5852,2.5212
54.2520,0.6378,2.7437
54.2522,0.7219,3.1086
54.2524,0.7213,3.1061
54.2526,0.7074,3.0448
54.2528,0.6981,3.0031
54.2530,0.7102,3.0495
54.2532,0.8427,3.6151
54.2534,0.8863,3.8059
54.2536,0.8977,3.8566
54.2538,0.8828,3.7927
54.2540,0.8135,3.4982
54.2542,0.8369,3.5954
54.2544,0.8525,3.6658
54.2546,0.7492,3.2258
54.2548,0.655,2.8232
54.2550,0.5773,2.4918
54.2552,0.5885,2.5293
54.2554,0.7379,3.1847
54.2556,0.6308,2.7188
54.2558,0.6349,2.7363
54.2560,0.6167,2.6541
54.2562,0.6746,2.9047
54.2564,0.6938,2.9859
54.2566,0.7013,3.0212
54.2568,0.5849,2.5255
54.2570,0.4578,1.9776
54.2572,0.4507,1.9471
54.2574,0.4583,1.9797
54.2576,0.4591,1.9824
54.2578,0.4493,1.9391
54.2580,0.4468,1.93
54.2582,0.451,1.9454
54.2584,0.4511,1.9468
54.2586,0.4492,1.9395
54.2588,0.4483,1.9376
54.2590,0.4459,1.9255
54.2592,0.4472,1.9312
54.2594,0.4496,1.9424
54.2596,0.4475,1.9322
54.2598,0.4476,1.9318
54.2600,0.4468,1.9273
54.2602,0.4941,2.1306
54.2604,0.5715,2.4641
54.2606,0.5686,2.4517
54.2608,0.5531,2.385
54.2610,0.5446,2.3472
54.2612,0.5517,2.3777
54.2614,0.5542,2.3875
54.2616,0.552,2.3793
54.2618,0.5548,2.39
54.2620,0.5746,2.4741
54.2622,0.62,2.6735
54.2624,0.5978,2.5719
54.2626,0.6634,2.8527
54.2628,0.6906,2.9725
54.2630,0.6888,2.962
54.2632,0.7309,3.1401
54.2634,0.6565,2.8294
54.2636,0.5577,2.4047
54.2638,0.5424,2.3401
54.2640,0.5411,2.3333
54.2642,0.5332,2.2971
54.2644,0.5776,2.4847
54.2646,0.6745,2.9028
54.2648,0.7045,3.0296
54.2650,0.6706,2.8836
54.2652,0.6567,2.8291
54.2654,0.6183,2.6663
54.2656,0.549,2.3674
54.2658,0.5318,2.2919
54.2660,0.5447,2.3466
54.2662,0.5641,2.4326
54.2664,0.5328,2.2955
54.2666,0.5629,2.424
54.2668,0.5446,2.3505
54.2670,0.4844,2.0907
54.2672,0.4799,2.0701
54.2674,0.5212,2.2485
54.2676,0.5351,2.3085
54.2678,0.5109,2.202
54.2680,0.5396,2.3234
54.2682,0.5363,2.3105
54.2684,0.5139,2.2139
54.2686,0.5133,2.2093
54.2688,0.5906,2.5445
54.2690,0.5794,2.4971
54.2692,0.5414,2.3333
54.2694,0.5197,2.2408
54.2696,0.5152,2.2216
54.2698,0.54,2.3308
54.2700,0.4152,1.7929
54.2702,0.4078,1.7608
54.2704,0.4333,1.8676
54.2706,0.4489,1.9366
54.2708,0.5125,2.2077
54.2710,0.5575,2.4041
54.2712,0.4894,2.1085
54.2714,0.4992,2.1504
54.2716,0.4975,2.1451
54.2718,0.488,2.1052
54.2720,0.4842,2.0868
54.2722,0.4898,2.111
54.2724,0.4988,2.1508
54.2726,0.5249,2.2625
54.2728,0.5663,2.4374
54.2730,0.6008,2.5848
54.2732,0.6592,2.836
54.2734,0.6375,2.7388
54.2736,0.7234,3.1062
54.2738,0.7201,3.0908
54.2740,0.7665,3.2915
54.2742,0.787,3.3748
54.2744,0.8717,3.7378
54.2746,0.8502,3.6458
54.2748,0.8404,3.6036
54.2750,0.8762,3.7556
54.2752,0.9077,3.8884
54.2754,0.8969,3.8422
54.2756,0.9242,3.9556
54.2758,1.0242,4.3795
54.2760,1.0802,4.6189
54.2762,1.1155,4.763
54.2764,1.1616,4.9624
54.2766,1.103,4.723
54.2768,1.0143,4.341
54.2770,1.0265,4.4036
54.2772,0.9759,4.1768
54.2774,1.0548,4.506
54.2776,1.1392,4.8689
54.2778,1.1191,4.7895
54.2780,1.0099,4.3306
54.2782,0.9887,4.2317
54.2784,1.0866,4.6505
54.2786,1.1066,4.7472
54.2788,0.956,4.0993
54.2790,0.9294,3.9851
54.2792,0.9762,4.1842
54.2794,0.9682,4.1575
54.2796,0.8361,3.5901
54.2798,0.8108,3.4831
54.2800,0.8053,3.4643
54.2802,0.7464,3.2095
54.2804,0.7922,3.4017
54.2806,0.8535,3.6648
54.2808,0.8327,3.5807
54.2810,0.7754,3.3312
54.2812,0.7995,3.4331
54.2814,0.8307,3.5653
54.2816,0.8982,3.8622
54.2818,0.8328,3.5796
54.2820,0.8143,3.4981
54.2822,0.8369,3.5954
54.2824,0.8376,3.6035
54.2826,0.7857,3.377
54.2828,0.7902,3.3993
54.2830,0.7652,3.2935
54.2832,0.7621,3.2786
54.2834,0.7129,3.0685
54.2836,0.6828,2.939
54.2838,0.7023,3.0198
54.2840,0.7551,3.2471
54.2842,0.6982,3.0036
54.2844,0.7074,3.0476
54.2846,0.6727,2.8951
54.2848,0.7087,3.0519
54.2850,0.6809,2.9321
54.2852,0.6712,2.8929
54.2854,0.6528,2.8107
54.2856,0.6621,2.8523
54.2858,0.6658,2.8683
54.2860,0.6671,2.8714
54.2862,0.7484,3.2257
54.2864,0.6036,2.6039
54.2866,0.5747,2.4781
54.2868,0.6194,2.6684
54.2870,0.578,2.4937
54.2872,0.5429,2.3422
54.2874,0.5306,2.291
54.2876,0.502,2.1648
54.2878,0.5247,2.2625
54.2880,0.5248,2.264
54.2882,0.5348,2.307
54.2884,0.5815,2.5064
54.2886,0.5899,2.5449
54.2888,0.5183,2.2361
54.2890,0.517,2.2315
54.2892,0.5249,2.2646
54.2894,0.5129,2.2139
54.2896,0.5111,2.2051
54.2898,0.5173,2.2304
54.2900,0.5301,2.2879
54.2902,0.5143,2.2175
54.2904,0.5101,2.1994
54.2906,0.5087,2.1937
54.2908,0.5182,2.2346
54.2910,0.5337,2.3023
54.2912,0.515,2.2206
54.2914,0.5097,2.1968
54.2916,0.5685,2.4478
54.2918,0.6656,2.87
54.2920,0.574,2.4727
54.2922,0.5879,2.5314
54.2924,0.599,2.5782
54.2926,0.6435,2.7697
54.2928,0.6717,2.891
54.2930,0.6851,2.9515
54.2932,0.6669,2.869
54.2934,0.6739,2.8989
54.2936,0.7378,3.1724
54.2938,0.7444,3.2007
54.2940,0.7185,3.0894
54.2942,0.6616,2.8476
54.2944,0.6984,3.0005
54.2946,0.8012,3.4387
54.2948,0.8049,3.4579
54.2950,0.8298,3.5634
54.2952,0.8501,3.6504
54.2954,0.778,3.3456
54.2956,0.7215,3.1037
54.2958,0.7267,3.122
54.2960,0.7965,3.4186
54.2962,0.8259,3.5464
54.2964,0.818,3.514
54.2966,0.8241,3.5436
54.2968,0.8176,3.5108
54.2970,0.8448,3.626
54.2972,0.8408,3.6085
54.2974,0.9,3.8646
54.2976,0.8298,3.5683
54.2978,0.742,3.1874
54.2980,0.8095,3.4791
54.2982,0.7314,3.1494
54.2984,0.6963,2.9926
54.2986,0.8451,3.6254
54.2988,0.8523,3.6648
54.2990,0.7237,3.112
54.2992,0.7155,3.075
54.2994,0.7863,3.3796
54.2996,0.8268,3.5521
54.2998,0.7478,3.2232
54.3000,0.5378,2.3199
54.3002,0.4905,2.1161
54.3004,0.578,2.4926
54.3006,0.5929,2.5519
54.3008,0.6396,2.7514
54.3010,0.6819,2.9335
54.3012,0.7177,3.0877
54.3014,0.7779,3.342
54.3016,0.7703,3.3167
54.3018,0.68,2.9279
54.3020,0.6604,2.8438
54.3022,0.6079,2.6176
54.3024,0.5837,2.5169
54.3026,0.5806,2.5046
54.3028,0.6007,2.5879
54.3030,0.6152,2.6467
54.3032,0.5993,2.5865
54.3034,0.526,2.2661
54.3036,0.6175,2.6577
54.3038,0.6393,2.7555
54.3040,0.5337,2.3002
54.3042,0.5095,2.1989
54.3044,0.5077,2.1921
54.3046,0.5121,2.2072
54.3048,0.6102,2.6262
54.3050,0.6385,2.7531
54.3052,0.5381,2.3225
54.3054,0.4848,2.0922
54.3056,0.4867,2.1005
54.3058,0.4872,2.1007
54.3060,0.4965,2.143
54.3062,0.5292,2.28
54.3064,0.618,2.6598
54.3066,0.6051,2.6082
54.3068,0.5929,2.5519
54.3070,0.696,2.993
54.3072,0.7084,3.0461
54.3074,0.7078,3.0449
54.3076,0.7459,3.2059
54.3078,0.7906,3.3966
54.3080,0.8047,3.452
54.3082,0.9225,3.9521
54.3084,0.9698,4.1545
54.3086,0.9701,4.156
54.3088,0.9779,4.1894
54.3090,0.9723,4.1711
54.3092,0.9703,4.1604
54.3094,0.9653,4.1413
54.3096,0.9285,3.9797
54.3098,0.9468,4.0559
54.3100,1.0282,4.4067
54.3102,0.9694,4.1549
54.3104,0.9465,4.0605
54.3106,0.9892,4.2377
54.3108,0.9953,4.2679
54.3110,0.9303,4.0004
54.3112,0.7963,3.4192
54.3114,0.8459,3.6307
54.3116,0.8756,3.7618
54.3118,0.8529,3.6622
54.3120,0.8698,3.7383
54.3122,0.867,3.723
54.3124,0.9101,3.9042
54.3126,0.8933,3.8357
54.3128,0.9284,3.9829
54.3130,0.9129,3.9165
54.3132,0.8482,3.6438
54.3134,0.8982,3.8568
54.3136,0.9115,3.914
54.3138,0.8815,3.7853
54.3140,0.8316,3.5794
54.3142,0.7712,3.3162
54.3144,0.7915,3.4018
54.3146,0.7935,3.4074
54.3148,0.8235,3.541
54.3150,0.7762,3.3363
54.3152,0.8376,3.5935
54.3154,0.9121,3.9202
54.3156,0.8349,3.59
54.3158,0.7712,3.3162
54.3160,0.7571,3.2569
54.3162,0.7471,3.2171
54.3164,0.715,3.0773
54.3166,0.7549,3.2476
54.3168,0.7609,3.2749
54.3170,0.7079,3.0567
54.3172,0.5313,2.2941
54.3174,0.503,2.1709
54.3176,0.537,2.3168
54.3178,0.5649,2.4346
54.3180,0.6358,2.7341
54.3182,0.7378,3.1797
54.3184,0.5887,2.5421
54.3186,0.5258,2.2692
54.3188,0.4984,2.1493
54.3190,0.5581,2.4078
54.3192,0.5822,2.513
54.3194,0.5115,2.2077
54.3196,0.4896,2.1129
54.3198,0.4776,2.0602
54.3200,0.5016,2.1647
54.3202,0.5269,2.2749
54.3204,0.5,2.159
54.3206,0.5086,2.1952
54.3208,0.461,1.9926
54.3210,0.4125,1.7835
54.3212,0.4206,1.8137
54.3214,0.5163,2.2273
54.3216,0.4681,2.0203
54.3218,0.4595,1.9849
54.3220,0.4516,1.9507
54.3222,0.4454,1.9234
54.3224,0.4447,1.9194
54.3226,0.4451,1.9218
54.3228,0.4499,1.9426
54.3230,0.4608,1.9878
54.3232,0.4622,1.9959
54.3234,0.4571,1.9736
54.3236,0.4587,1.98
54.3238,0.4652,2.0098
54.3240,0.4611,1.9921
54.3242,0.4589,1.9814
54.3244,0.4578,1.9758
54.3246,0.4561,1.9695
54.3248,0.448,1.9316
54.3250,0.4815,2.0754
54.3252,0.5442,2.3468
54.3254,0.5572,2.4015
54.3256,0.5466,2.3604
54.3258,0.4752,2.0499
54.3260,0.5173,2.2284
54.3262,0.5634,2.4283
54.3264,0.5707,2.4587
54.3266,0.592,2.5454
54.3268,0.6616,2.8476
54.3270,0.6444,2.7746
54.3272,0.5701,2.455
54.3274,0.5664,2.439
54.3276,0.6133,2.6433
54.3278,0.5766,2.4829
54.3280,0.6071,2.608
54.3282,0.7192,3.0925
54.3284,0.7495,3.2229
54.3286,0.7186,3.087
54.3288,0.724,3.1131
54.3290,0.6562,2.831
54.3292,0.5436,2.3442
54.3294,0.5296,2.2816
54.3296,0.5695,2.4558
54.3298,0.5403,2.3286
54.3300,0.5324,2.2945
54.3302,0.5427,2.3389
54.3304,0.539,2.3218
54.3306,0.6095,2.6244
54.3308,0.6362,2.7357
54.3310,0.6569,2.8301
54.3312,0.6581,2.834
54.3314,0.6513,2.8006
54.3316,0.6837,2.9467
54.3318,0.5668,2.444
54.3320,0.5438,2.3414
54.3322,0.5668,2.4394
54.3324,0.6278,2.7021
54.3326,0.656,2.8207
54.3328,0.6928,2.9804
54.3330,0.6939,2.9864
54.3332,0.6652,2.8591
54.3334,0.7276,3.1285
54.3336,0.6908,2.9689
54.3338,0.7421,3.1909
54.3340,0.6723,2.8922
54.3342,0.6737,2.8957
54.3344,0.7186,3.0899
54.3346,0.7367,3.1633
54.3348,0.7719,3.3147
54.3350,0.7397,3.1821
54.3352,0.6948,2.9878
54.3354,0.6902,2.9691
54.3356,0.6165,2.6561
54.3358,0.551,2.3779
54.3360,0.4299,1.8552
54.3362,0.4062,1.7549
54.3364,0.4193,1.8089
54.3366,0.5251,2.2619
54.3368,0.581,2.5043
54.3370,0.5218,2.2501
54.3372,0.4906,2.1166
54.3374,0.4934,2.1275
54.3376,0.5081,2.1901
54.3378,0.5424,2.339
54.3380,0.4904,2.1146
54.3382,0.4824,2.08
54.3384,0.4814,2.0768
54.3386,0.4842,2.0877
54.3388,0.4844,2.0878
54.3390,0.4863,2.098
54.3392,0.4958,2.1379
54.3394,0.5221,2.2501
54.3396,0.5741,2.4709
54.3398,0.6122,2.6375
54.3400,0.5739,2.471
54.3402,0.5783,2.4855
54.3404,0.6893,2.9627
54.3406,0.7149,3.0725
54.3408,0.7137,3.0673
54.3410,0.7465,3.2085
54.3412,0.7848,3.3698
54.3414,0.823,3.5291
54.3416,0.8993,3.8507
54.3418,0.9669,4.1422
54.3420,0.9658,4.1434
54.3422,0.8999,3.855
54.3424,0.8948,3.837
54.3426,0.9252,3.9634
54.3428,0.9705,4.1595
54.3430,0.9426,4.0417
54.3432,0.9627,4.1223
54.3434,0.9876,4.2251
54.3436,1.0114,4.3327
54.3438,0.9812,4.2053
54.3440,0.9511,4.082
54.3442,0.9219,3.9551
54.3444,0.8619,3.7026
54.3446,0.8056,3.461
54.3448,0.8397,3.6022
54.3450,0.8608,3.6945
54.3452,0.827,3.5477
54.3454,0.8538,3.6697
54.3456,0.9053,3.88
54.3458,0.9656,4.1423
54.3460,0.8104,3.4848
54.3462,0.7818,3.3585
54.3464,0.8197,3.518
54.3466,0.8063,3.4641
54.3468,0.8015,3.4402
54.3470,0.838,3.6
54.3472,0.7891,3.393
54.3474,0.7801,3.3575
54.3476,0.7806,3.3533
54.3478,0.7838,3.3688
54.3480,0.7842,3.3688
54.3482,0.7743,3.3312
54.3484,0.753,3.2318
54.3486,0.8375,3.6013
54.3488,0.7186,3.0956
54.3490,0.6504,2.8017
54.3492,0.6255,2.6935
54.3494,0.6912,2.9751
54.3496,0.6757,2.9067
54.3498,0.6921,2.9773
54.3500,0.6882,2.9677
54.3502,0.586,2.5267
54.3504,0.5689,2.451
54.3506,0.6069,2.6111
54.3508,0.6745,2.9042
54.3510,0.649,2.7986
54.3512,0.6093,2.6214
54.3514,0.7044,3.0319
54.3516,0.6367,2.7428
54.3518,0.6023,2.5958
54.3520,0.5978,2.5779
54.3522,0.5563,2.399
54.3524,0.5598,2.414
54.3526,0.5844,2.5164
54.3528,0.6321,2.7194
54.3530,0.6748,2.903
54.3532,0.6693,2.8806
54.3534,0.687,2.9543
54.3536,0.7351,3.1625
54.3538,0.7002,3.0124
54.3540,0.698,3.004
54.3542,0.6663,2.8691
54.3544,0.6861,2.9515
54.3546,0.7405,3.1828
54.3548,0.7405,3.1783
54.3550,0.7721,3.3198
54.3552,0.7306,3.1414
54.3554,0.7362,3.1642
54.3556,0.7757,3.3291
54.3558,0.8729,3.7464
54.3560,0.8837,3.7998
54.3562,0.693,2.9814
54.3564,0.6804,2.93
54.3566,0.6596,2.8428
54.3568,0.5685,2.4512
54.3570,0.5723,2.4677
54.3572,0.5465,2.3555
54.3574,0.5345,2.307
54.3576,0.5379,2.3183
54.3578,0.5396,2.3212
54.3580,0.6671,2.8687
54.3582,0.6432,2.7746
54.3584,0.5382,2.322
54.3586,0.5297,2.2831
54.3588,0.5297,2.2853
54.3590,0.5272,2.2733
54.3592,0.5765,2.4824
54.3594,0.6181,2.6603
54.3596,0.6174,2.6584
54.3598,0.6324,2.723
54.3600,0.6303,2.7129
54.3602,0.6294,2.7113
54.3604,0.6364,2.7405
54.3606,0.6332,2.7266
54.3608,0.6382,2.7457
54.3610,0.69,2.9603
54.3612,0.8085,3.4717
54.3614,0.8114,3.4841
54.3616,0.8,3.4384
54.3618,0.737,3.1737
54.3620,0.6415,2.7661
54.3622,0.6108,2.6325
54.3624,0.6069,2.6135
54.3626,0.6096,2.6249
54.3628,0.612,2.6376
54.3630,0.6068,2.6142
54.3632,0.6093,2.6238
54.3634,0.6091,2.6252
54.3636,0.6192,2.6662
54.3638,0.6338,2.7279
54.3640,0.6842,2.9446
54.3642,0.7201,3.0966
54.3644,0.7471,3.2096
54.3646,0.7472,3.2131
54.3648,0.7423,3.1934
54.3650,0.7039,3.0284
54.3652,0.6869,2.9565
54.3654,0.6355,2.7402
54.3656,0.5879,2.5349
54.3658,0.5723,2.4643
54.3660,0.6242,2.6866
54.3662,0.6374,2.7459
54.3664,0.6014,2.591
54.3666,0.6388,2.7457
54.3668,0.6597,2.842
54.3670,0.6014,2.5898
54.3672,0.6294,2.7101
54.3674,0.6152,2.6516
54.3676,0.606,2.6106
54.3678,0.6163,2.6489
54.3680,0.732,3.1418
54.3682,0.8204,3.526
54.3684,0.7218,3.1139
54.3686,0.5536,2.3871
54.3688,0.5415,2.3327
54.3690,0.5285,2.2843
54.3692,0.4093,1.77
54.3694,0.3831,1.6549
54.3696,0.4007,1.7279
54.3698,0.4938,2.1271
54.3700,0.5634,2.4283
54.3702,0.531,2.292
54.3704,0.4608,1.9869
54.3706,0.4695,2.0265
54.3708,0.4691,2.0245
54.3710,0.4581,1.9755
54.3712,0.4571,1.9718
54.3714,0.4569,1.9722
54.3716,0.4686,2.0196
54.3718,0.4888,2.1059
54.3720,0.5358,2.3084
54.3722,0.5545,2.3912
54.3724,0.5749,2.4745
54.3726,0.6122,2.6338
54.3728,0.6454,2.778
54.3730,0.6771,2.9101
54.3732,0.735,3.1605
54.3734,0.7134,3.0634
54.3736,0.7966,3.4191
54.3738,0.8639,3.7044
54.3740,0.9042,3.8771
54.3742,0.8885,3.8116
54.3744,0.887,3.8001
54.3746,0.9176,3.9347
54.3748,0.8993,3.8507
54.3750,0.9864,4.2239
54.3752,1.0115,4.3292
54.3754,1.036,4.4277
54.3756,1.1396,4.8705
54.3758,1.1503,4.9235
54.3760,1.0506,4.4986
54.3762,1.0081,4.3209
54.3764,1.0362,4.4308
54.3766,1.1405,4.8791
54.3768,1.0874,4.6584
54.3770,1.0356,4.4344
54.3772,1.0924,4.6778
54.3774,1.0915,4.6671
54.3776,1.086,4.6501
54.3778,1.0663,4.5637
54.3780,1.0685,4.5751
54.3782,1.0497,4.4929
54.3784,1.1027,4.7153
54.3786,1.1456,4.9075
54.3788,1.0246,4.3954
54.3790,0.9232,3.9626
54.3792,0.9298,3.9835
54.3794,1.0128,4.3389
54.3796,1.1061,4.743
54.3798,0.9994,4.2934
54.3800,0.8471,3.6358
54.3802,0.8869,3.8084
54.3804,0.8898,3.8279
54.3806,0.7351,3.164
54.3808,0.6848,2.95
54.3810,0.6945,2.9918
54.3812,0.7167,3.0859
54.3814,0.7216,3.1013
54.3816,0.8414,3.6195
54.3818,0.7553,3.2522
54.3820,0.6951,2.9972
54.3822,0.6537,2.8162
54.3824,0.6475,2.788
54.3826,0.6635,2.8559
54.3828,0.7137,3.073
54.3830,0.6707,2.8922
54.3832,0.592,2.5525
54.3834,0.5743,2.4777
54.3836,0.5869,2.5308
54.3838,0.6066,2.6132
54.3840,0.6126,2.639
54.3842,0.6386,2.7485
54.3844,0.6996,3.0098
54.3846,0.7362,3.176
54.3848,0.5604,2.4199
54.3850,0.5404,2.3291
54.3852,0.5719,2.465
54.3854,0.5934,2.5575
54.3856,0.5947,2.5644
54.3858,0.5822,2.5118
54.3860,0.5008,2.1626
54.3862,0.499,2.1558
54.3864,0.5023,2.1658
54.3866,0.5776,2.4882
54.3868,0.5438,2.3501
54.3870,0.4229,1.8269
54.3872,0.4681,2.0184
54.3874,0.468,2.0198
54.3876,0.465,2.0031
54.3878,0.6067,2.6137
54.3880,0.6402,2.7604
54.3882,0.5537,2.392
54.3884,0.4617,1.9938
54.3886,0.4432,1.9153
54.3888,0.4314,1.8637
54.3890,0.4302,1.8585
54.3892,0.4296,1.8533
54.3894,0.4498,1.9429
54.3896,0.4456,1.9266
54.3898,0.4336,1.873
54.3900,0.4337,1.8727
54.3902,0.4316,1.8647
54.3904,0.4466,1.9286
54.3906,0.446,1.926
54.3908,0.4349,1.8778
54.3910,0.4453,1.922
54.3912,0.5012,2.1601
54.3914,0.5089,2.1963
54.3916,0.479,2.0665
54.3918,0.5397,2.3271
54.3920,0.5477,2.3607
54.3922,0.5966,2.5667
54.3924,0.6662,2.8686
54.3926,0.6017,2.5932
54.3928,0.577,2.4856
54.3930,0.5758,2.4827
54.3932,0.585,2.5214
54.3934,0.5745,2.4736
54.3936,0.5739,2.4722
54.3938,0.6115,2.6319
54.3940,0.7111,3.0565
54.3942,0.7427,3.1876
54.3944,0.8027,3.4486
54.3946,0.7896,3.3935
54.3948,0.7649,3.2874
54.3950,0.735,3.162
54.3952,0.7041,3.0289
54.3954,0.7264,3.119
54.3956,0.7579,3.2605
54.3958,0.692,2.9782
54.3960,0.677,2.9123
54.3962,0.7122,3.0668
54.3964,0.6411,2.7607
54.3966,0.6501,2.7942
54.3968,0.7385,3.1784
54.3970,0.6751,2.9041
54.3972,0.7117,3.0576
54.3974,0.7645,3.2843
54.3976,0.7581,3.2585
54.3978,0.7328,3.1498
54.3980,0.7521,3.2372
54.3982,0.685,2.9455
54.3984,0.6649,2.8669
54.3986,0.527,2.2723
54.3988,0.512,2.2087
54.3990,0.5128,2.2082
54.3992,0.5385,2.3198
54.3994,0.5063,2.1834
54.3996,0.5103,2.2004
54.3998,0.5296,2.2847
54.4000,0.5028,2.1679
54.4002,0.5215,2.2464
54.4004,0.6143,2.6462
54.4006,0.5942,2.5576
54.4008,0.5856,2.5216
54.4010,0.5906,2.5445
54.4012,0.5469,2.3581
54.4014,0.4987,2.1533
54.4016,0.4216,1.8229
54.4018,0.394,1.7021
54.4020,0.3884,1.6777
54.4022,0.3953,1.7062
54.4024,0.414,1.7869
54.4026,0.4058,1.7512
54.4028,0.4645,2.0011
54.4030,0.548,2.3628
54.4032,0.4909,2.1186
54.4034,0.486,2.0984
54.4036,0.4872,2.1007
54.4038,0.4845,2.0893
54.4040,0.4833,2.0841
54.4042,0.4953,2.1358
54.4044,0.5006,2.1566
54.4046,0.5197,2.2376
54.4048,0.5665,2.4429
54.4050,0.5132,2.2128
54.4052,0.4963,2.139
54.4054,0.5029,2.1684
54.4056,0.4966,2.1405
54.4058,0.5227,2.2506
54.4060,0.5549,2.3883
54.4062,0.5945,2.5598
54.4064,0.6037,2.5996
54.4066,0.6049,2.6011
54.4068,0.694,2.9786
54.4070,0.7565,3.2528
54.4072,0.7157,3.0746
54.4074,0.7981,3.4205
54.4076,0.8288,3.5554
54.4078,0.7416,3.1859
54.4080,0.7693,3.3018
54.4082,0.8487,3.6357
54.4084,0.9408,4.0302
54.4086,0.9451,4.0581
54.4088,0.8427,3.6134
54.4090,0.886,3.7972
54.4092,0.9105,3.908
54.4094,0.8264,3.5484
54.4096,0.8484,3.6364
54.4098,0.9605,4.113
54.4100,1.0095,4.3346
54.4102,0.8488,3.6464
54.4104,0.8161,3.5025
54.4106,0.8191,3.517
54.4108,0.8257,3.5437
54.4110,0.856,3.6688
54.4112,0.9427,4.0403
54.4114,0.9483,4.0626
54.4116,0.9995,4.2879
54.4118,0.9376,4.0243
54.4120,0.9203,3.9442
54.4122,0.9236,3.9623
54.4124,0.875,3.7522
54.4126,0.9023,3.8707
54.4128,0.8921,3.827
54.4130,0.9242,3.963
54.4132,0.8983,3.8556
54.4134,0.906,3.8903
54.4136,0.9187,3.9357
54.4138,0.9164,3.9296
54.4140,0.8695,3.7303
54.4142,0.8792,3.7684
54.4144,0.9722,4.1667
54.4146,0.962,4.1307
54.4148,0.896,3.844
54.4150,0.926,3.9726
54.4152,0.8882,3.8141
54.4154,0.8641,3.7106
54.4156,0.8778,3.7658
54.4158,0.8691,3.7352
54.4160,0.768,3.3023
54.4162,0.7358,3.1656
54.4164,0.7514,3.2342
54.4166,0.7539,3.248
54.4168,0.6338,2.7279
54.4170,0.614,2.6427
54.4172,0.6549,2.8213
54.4174,0.6217,2.6795
54.4176,0.6577,2.8319
54.4178,0.6392,2.7524
54.4180,0.6553,2.8242
54.4182,0.6304,2.716
54.4184,0.6113,2.6333
54.4186,0.5965,2.5674
54.4188,0.6409,2.7583
54.4190,0.6692,2.8842
54.4192,0.6297,2.7116
54.4194,0.6457,2.7816
54.4196,0.6459,2.78
54.4198,0.6475,2.7854
54.4200,0.6998,3.0117
54.4202,0.6557,2.825
54.4204,0.585,2.5202
54.4206,0.5711,2.4603
54.4208,0.5873,2.5312
54.4210,0.6179,2.6593
54.4212,0.6602,2.8428
54.4214,0.6494,2.7989
54.4216,0.5917,2.5503
54.4218,0.568,2.448
54.4220,0.5603,2.4127
54.4222,0.611,2.6286
54.4224,0.6468,2.7888
54.4226,0.579,2.5002
54.4228,0.5695,2.4547
54.4230,0.5615,2.4201
54.4232,0.5595,2.4124
54.4234,0.5704,2.4583
54.4236,0.5688,2.4516
54.4238,0.5319,2.2967
54.4240,0.4814,2.0778
54.4242,0.4846,2.0898
54.4244,0.6071,2.614
54.4246,0.6225,2.6831
54.4248,0.5627,2.4252
54.4250,0.5453,2.3514
54.4252,0.5414,2.3322
54.4254,0.6044,2.6015
54.4256,0.6697,2.8835
54.4258,0.6542,2.8169
54.4260,0.649,2.7934
54.4262,0.643,2.7702
54.4264,0.6408,2.7578
54.4266,0.6488,2.7924
54.4268,0.6415,2.7622
54.4270,0.7026,3.0157
54.4272,0.8451,3.6271
54.4274,0.8803,3.7801
54.4276,0.84,3.6071
54.4278,0.8441,3.6314
54.4280,0.7149,3.0796
54.4282,0.6233,2.685
54.4284,0.6173,2.6604
54.4286,0.6104,2.6273
54.4288,0.6071,2.614
54.4290,0.6083,2.6192
54.4292,0.6137,2.6449
54.4294,0.6111,2.634
54.4296,0.6096,2.6261
54.4298,0.6084,2.6185
54.4300,0.6115,2.6319
54.4302,0.6432,2.7694
54.4304,0.6301,2.7094
54.4306,0.6933,2.9811
54.4308,0.7741,3.3255
54.4310,0.8205,3.5232
54.4312,0.8481,3.6399
54.4314,0.811,3.4923
54.4316,0.6254,2.6955
54.4318,0.6067,2.6101
54.4320,0.637,2.7431
54.4322,0.6667,2.8666
54.4324,0.6989,3.0081
54.4326,0.7157,3.0775
54.4328,0.7265,3.1225
54.4330,0.7533,3.2394
54.4332,0.7644,3.2914
54.4334,0.6802,2.9317
54.4336,0.6053,2.6087
54.4338,0.5512,2.3745
54.4340,0.5878,2.5309
54.4342,0.6711,2.8911
54.4344,0.6909,2.9708
54.4346,0.7638,3.2797
54.4348,0.7766,3.3394
54.4350,0.7387,3.178
54.4352,0.6465,2.7904
54.4354,0.5105,2.2035
54.4356,0.5446,2.3461
54.4358,0.6183,2.665
54.4360,0.5948,2.5602
54.4362,0.6746,2.9047
54.4364,0.6906,2.9697
54.4366,0.6912,2.9751
54.4368,0.6508,2.8025
54.4370,0.6193,2.6692
54.4372,0.6231,2.6807
54.4374,0.6863,2.9484
54.4376,0.734,3.1637
54.4378,0.6212,2.6774
54.4380,0.5915,2.5445
54.4382,0.6319,2.7222
54.4384,0.601,2.5889
54.4386,0.5934,2.5575
54.4388,0.5671,2.4455
54.4390,0.511,2.2035
54.4392,0.5434,2.342
54.4394,0.6051,2.6046
54.4396,0.5733,2.4696
54.4398,0.6285,2.7027
54.4400,0.7125,3.0622
54.4402,0.7392,3.1786
54.4404,0.7175,3.0852
54.4406,0.7651,3.2838
54.4408,0.8379,3.5962
54.4410,0.8056,3.4577
54.4412,0.9195,3.9393
54.4414,1.0075,4.3143
54.4416,0.9902,4.2398
54.4418,0.9855,4.2257
54.4420,0.9826,4.2134
54.4422,0.9753,4.1801
54.4424,0.9721,4.1643
54.4426,0.9393,4.0278
54.4428,0.9296,3.9843
54.4430,0.9944,4.2618
54.4432,0.9586,4.1144
54.4434,0.9453,4.0554
54.4436,0.9786,4.1925
54.4438,0.967,4.1466
54.4440,0.9332,4.0072
54.4442,0.8909,3.8183
54.4444,0.9652,4.1427
54.4446,0.906,3.8903
54.4448,0.8623,3.6994
54.4450,0.8959,3.8488
54.4452,0.8756,3.7653
54.4454,0.7887,3.3931
54.4456,0.7129,3.0699
54.4458,0.6764,2.9111
54.4460,0.7122,3.0654
54.4462,0.7199,3.097
54.4464,0.6994,3.0116
54.4466,0.6923,2.9811
54.4468,0.7043,3.0342
54.4470,0.7292,3.1343
54.4472,0.7833,3.3636
54.4474,0.8584,3.691
54.4476,0.7924,3.4075
54.4478,0.7559,3.2548
54.4480,0.6037,2.6032
54.4482,0.601,2.5901
54.4484,0.6637,2.8577
54.4486,0.6735,2.9001
54.4488,0.6754,2.911
54.4490,0.6215,2.6797
54.4492,0.5887,2.535
54.4494,0.6604,2.8425
54.4496,0.6922,2.982
54.4498,0.6599,2.8404
54.4500,0.7139,3.0741
54.4502,0.6302,2.7149
54.4504,0.6282,2.7087
54.4506,0.6,2.586
54.4508,0.6091,2.6252
54.4510,0.5391,2.3256
54.4512,0.5368,2.3179
54.4514,0.5459,2.3551
54.4516,0.5706,2.4594
54.4518,0.6037,2.602
54.4520,0.6128,2.6413
54.4522,0.6057,2.6096
54.4524,0.595,2.5631
54.4526,0.5767,2.4869
54.4528,0.5193,2.2413
54.4530,0.5338,2.3028
54.4532,0.5549,2.3905
54.4534,0.6119,2.6359
54.4536,0.5902,2.5424
54.4538,0.6746,2.9007
54.4540,0.7976,3.4296
54.4542,0.7099,3.0556
54.4544,0.6589,2.8371
54.4546,0.6656,2.866
54.4548,0.694,2.987
54.4550,0.711,3.0574
54.4552,0.7436,3.2006
54.4554,0.6843,2.9493
54.4556,0.6481,2.7893
54.4558,0.7065,3.0392
54.4560,0.7598,3.2642
54.4562,0.6681,2.8862
54.4564,0.5116,2.2092
54.4566,0.4795,2.0704
54.4568,0.4807,2.0766
54.4570,0.4929,2.1235
54.4572,0.5645,2.4353
54.4574,0.5069,2.188
54.4576,0.4753,2.0504
54.4578,0.4777,2.0608
54.4580,0.5385,2.3219
54.4582,0.6036,2.5991
54.4584,0.5839,2.5167
54.4586,0.6018,2.5937
54.4588,0.6035,2.601
54.4590,0.6043,2.6022
54.4592,0.5956,2.5668
54.4594,0.6023,2.5934
54.4596,0.6561,2.8199
54.4598,0.7381,3.1739
54.4600,0.7595,3.2596
54.4602,0.8193,3.523
54.4604,0.771,3.3167
54.4606,0.688,2.9653
54.4608,0.586,2.5232
54.4610,0.5816,2.5069
54.4612,0.5712,2.4642
54.4614,0.5673,2.446
54.4616,0.5621,2.4227
54.4618,0.5656,2.4388
54.4620,0.5647,2.4352
54.4622,0.6071,2.6152
54.4624,0.5819,2.5079
54.4626,0.5669,2.4411
54.4628,0.6123,2.638
54.4630,0.6301,2.7144
54.4632,0.6567,2.8252
54.4634,0.7038,3.0265
54.4636,0.7327,3.1507
54.4638,0.7253,3.1144
54.4640,0.7595,3.2611
54.4642,0.7661,3.294
54.4644,0.6928,2.9887
54.4646,0.5994,2.5834
54.4648,0.6213,2.673
54.4650,0.6842,2.9433
54.4652,0.6752,2.9073
54.4654,0.6374,2.7459
54.4656,0.6025,2.5944
54.4658,0.6207,2.6754
54.4660,0.592,2.5502
54.4662,0.6496,2.796
54.4664,0.6567,2.8252
54.4666,0.7004,3.0115
54.4668,0.7283,3.136
54.4670,0.6349,2.7313
54.4672,0.6791,2.923
54.4674,0.6675,2.8756
54.4676,0.5676,2.451
54.4678,0.4766,2.059
54.4680,0.4596,1.9827
54.4682,0.4563,1.9714
54.4684,0.4423,1.9082
54.4686,0.5465,2.3522
54.4688,0.6516,2.8056
54.4690,0.5763,2.4848
54.4692,0.5593,2.4108
54.4694,0.5669,2.4422
54.4696,0.5852,2.5212
54.4698,0.6097,2.6254
54.4700,0.5974,2.5722
54.4702,0.6111,2.6304
54.4704,0.6394,2.756
54.4706,0.5938,2.5567
54.4708,0.5848,2.518
54.4710,0.6033,2.5968
54.4712,0.6465,2.7813
54.4714,0.7117,3.0562
54.4716,0.7616,3.275
54.4718,0.7161,3.0805
54.4720,0.7087,3.0433
54.4722,0.7386,3.1745
54.4724,0.821,3.5203
54.4726,0.8909,3.829
54.4728,0.7435,3.1971
54.4730,0.7475,3.2141
54.4732,0.7858,3.3728
54.4734,0.8656,3.7133
54.4736,0.8754,3.752
54.4738,0.8704,3.7304
54.4740,0.8999,3.8622
54.4742,0.8222,3.5337
54.4744,0.7934,3.41
54.4746,0.8241,3.5255
54.4748,1.033,4.4169
54.4750,1.0892,4.6552
54.4752,1.1315,4.8406
54.4754,1.1086,4.7405
54.4756,1.1189,4.789
54.4758,1.0982,4.7024
54.4760,0.9993,4.2809
54.4762,1.0573,4.5295
54.4764,1.041,4.4555
54.4766,1.0671,4.5673
54.4768,1.0246,4.3913
54.4770,0.9893,4.2363
54.4772,1.0794,4.6154
54.4774,1.1719,5.0112
54.4776,1.1597,4.9658
54.4778,1.0983,4.703
54.4780,1.0694,4.5707
54.4782,1.1185,4.787
54.4784,1.0714,4.5944
54.4786,0.9861,4.2303
54.4788,0.9628,4.1382
54.4790,0.8898,3.8244
54.4792,0.899,3.8496
54.4794,0.9685,4.1585
54.4796,0.8942,3.8416
54.4798,0.8918,3.8313
54.4800,0.9195,3.9411
54.4802,0.9562,4.1003
54.4804,0.9831,4.2155
54.4806,0.9933,4.2671
54.4808,0.8791,3.7802
54.4810,0.833,3.5784
54.4812,0.8045,3.4628
54.4814,0.7104,3.0577
54.4816,0.7288,3.1381
54.4818,0.7589,3.2662
54.4820,0.7595,3.2702
54.4822,0.7328,3.1498
54.4824,0.8151,3.5114
54.4826,0.7029,3.0294
54.4828,0.6071,2.6165
54.4830,0.6236,2.6865
54.4832,0.6733,2.899
54.4834,0.6922,2.9765
54.4836,0.7376,3.1763
54.4838,0.7074,3.0504
54.4840,0.6302,2.7175
54.4842,0.6231,2.6845
54.4844,0.6664,2.8696
54.4846,0.7072,3.0423
54.4848,0.705,3.0358
54.4850,0.7228,3.1108
54.4852,0.7143,3.0785
54.4854,0.6385,2.7544
54.4856,0.6192,2.6711
54.4858,0.6207,2.6716
54.4860,0.698,3.0054
54.4862,0.6965,3.0006
54.4864,0.6391,2.7544
54.4866,0.6768,2.9186
54.4868,0.6844,2.9498
54.4870,0.6691,2.8796
54.4872,0.6969,3.0021
54.4874,0.6518,2.8118
54.4876,0.5828,2.5097
54.4878,0.5965,2.5734
54.4880,0.4984,2.1532
54.4882,0.5056,2.1823
54.4884,0.5373,2.32
54.4886,0.549,2.3685
54.4888,0.5386,2.3246
54.4890,0.5307,2.2905
54.4892,0.5302,2.2863
54.4894,0.5354,2.3074
54.4896,0.551,2.3746
54.4898,0.5409,2.3344
54.4900,0.5345,2.3059
54.4902,0.5942,2.5623
54.4904,0.6366,2.741
54.4906,0.6223,2.6833
54.4908,0.6091,2.624
54.4910,0.6223,2.6808
54.4912,0.6698,2.8827
54.4914,0.6938,2.9859
54.4916,0.7051,3.0335
54.4918,0.7036,3.0297
54.4920,0.6975,3.0047
54.4922,0.6981,3.0045
54.4924,0.7385,3.1725
54.4926,0.8531,3.6615
54.4928,0.8756,3.76
54.4930,0.8579,3.6873
54.4932,0.7861,3.3802
54.4934,0.7766,3.3394
54.4936,0.8218,3.5305
54.4938,0.856,3.6739
54.4940,0.8717,3.7396
54.4942,0.8921,3.8288
54.4944,0.8953,3.8445
54.4946,0.8241,3.5452
54.4948,0.7577,3.258
54.4950,0.7785,3.3461
54.4952,0.79,3.3972
54.4954,0.8278,3.553
54.4956,0.8842,3.7948
54.4958,0.8957,3.8442
54.4960,0.8609,3.695
54.4962,0.8719,3.7511
54.4964,0.7643,3.2894
54.4966,0.7643,3.2894
54.4968,0.7704,3.3111
54.4970,0.825,3.5494
54.4972,0.7868,3.388
54.4974,0.6703,2.8875
54.4976,0.6584,2.8376
54.4978,0.5934,2.5587
54.4980,0.5724,2.4705
54.4982,0.5683,2.4529
54.4984,0.5621,2.4238
54.4986,0.5592,2.4136
54.4988,0.5507,2.3758
54.4990,0.5657,2.4382
54.4992,0.6348,2.7346
54.4994,0.6063,2.6158
54.4996,0.6105,2.6302
54.4998,0.6532,2.8141
54.5000,0.6135,2.6431
54.5002,0.6565,2.8254
54.5004,0.7554,3.2436
54.5006,0.7771,3.3461
54.5008,0.6658,2.863
54.5010,0.7179,3.0897
54.5012,0.6993,3.0125
54.5014,0.6842,2.9474
54.5016,0.6253,2.6963
54.5018,0.5568,2.4033
54.5020,0.5302,2.2884
54.5022,0.5283,2.279
54.5024,0.5337,2.3013
54.5026,0.5374,2.3141
54.5028,0.5851,2.5231
54.5030,0.5364,2.3142
54.5032,0.5304,2.2894
54.5034,0.5426,2.3363
54.5036,0.6875,2.9577
54.5038,0.6514,2.809
54.5040,0.5451,2.3526
54.5042,0.5198,2.2402
54.5044,0.5205,2.2465
54.5046,0.5252,2.2656
54.5048,0.529,2.2843
54.5050,0.527,2.2712
54.5052,0.5619,2.4194
54.5054,0.6135,2.6395
54.5056,0.6803,2.9309
54.5058,0.6502,2.7999
54.5060,0.6538,2.8115
54.5062,0.7547,3.2405
54.5064,0.7878,3.3874
54.5066,0.7776,3.3404
54.5068,0.8391,3.5996
54.5070,0.8602,3.6953
54.5072,0.8715,3.7368
54.5074,0.9495,4.0677
54.5076,1.0218,4.3754
54.5078,1.0411,4.456
54.5080,1.0514,4.5085
54.5082,1.0274,4.4098
54.5084,0.9635,4.1317
54.5086,0.9784,4.1993
54.5088,0.9152,3.9299
54.5090,0.9448,4.0496
54.5092,0.9774,4.1913
54.5094,0.947,4.0645
54.5096,0.9774,4.1952
54.5098,0.9536,4.0947
54.5100,0.9336,4.0031
54.5102,0.9604,4.1183
54.5104,1.012,4.3414
54.5106,0.9338,4.0004
54.5108,1.0019,4.2962
54.5110,0.9946,4.2588
54.5112,1.0421,4.4747
54.5114,0.9503,4.0808
54.5116,0.9231,3.9639
54.5118,0.8864,3.8046
54.5120,0.9279,3.9808
54.5122,0.9611,4.1252
54.5124,0.9137,3.9287
54.5126,0.7888,3.3936
54.5128,0.7969,3.4266
54.5130,0.8037,3.4575
54.5132,0.7759,3.3363
54.5134,0.7623,3.2765
54.5136,0.8426,3.6196
54.5138,0.8695,3.7355
54.5140,0.7998,3.4405
54.5142,0.7733,3.3281
54.5144,0.7862,3.3822
54.5146,0.7863,3.3843
54.5148,0.7981,3.4333
54.5150,0.7742,3.3291
54.5152,0.7218,3.111
54.5154,0.6584,2.839
54.5156,0.6924,2.9816
54.5158,0.7391,3.184
54.5160,0.7343,3.1574
54.5162,0.7994,3.439
54.5164,0.8057,3.4631
54.5166,0.8139,3.4965
54.5168,0.7687,3.3115
54.5170,0.6798,2.9315
54.5172,0.608,2.623
54.5174,0.5441,2.3484
54.5176,0.5248,2.2672
54.5178,0.5602,2.4122
54.5180,0.6686,2.8802
54.5182,0.6416,2.7653
54.5184,0.6041,2.6047
54.5186,0.5792,2.5
54.5188,0.5343,2.3081
54.5190,0.5382,2.3209
54.5192,0.554,2.392
54.5194,0.5265,2.2734
54.5196,0.518,2.2356
54.5198,0.5107,2.203
54.5200,0.5233,2.2563
54.5202,0.6116,2.6312
54.5204,0.6472,2.7909
54.5206,0.5789,2.5008
54.5208,0.4815,2.0821
54.5210,0.421,1.8195
54.5212,0.4198,1.8143
54.5214,0.4597,1.9841
54.5216,0.4849,2.0937
54.5218,0.4719,2.0388
54.5220,0.4691,2.0254
54.5222,0.4691,2.0254
54.5224,0.4692,2.0269
54.5226,0.4706,2.0331
54.5228,0.4676,2.0182
54.5230,0.4682,2.0218
54.5232,0.471,2.0337
54.5234,0.4719,2.0359
54.5236,0.4778,2.0632
54.5238,0.4759,2.053
54.5240,0.4731,2.0411
54.5242,0.5006,2.1596
54.5244,0.562,2.4244
54.5246,0.5807,2.5051
54.5248,0.5755,2.4805
54.5250,0.5826,2.5099
54.5252,0.5869,2.5285
54.5254,0.5948,2.5626
54.5256,0.6152,2.6491
54.5258,0.6205,2.6731
54.5260,0.6005,2.5868
54.5262,0.6074,2.6168
54.5264,0.6892,2.9594
54.5266,0.8434,3.6215
54.5268,0.8415,3.6099
54.5270,0.8603,3.6941
54.5272,0.7838,3.3751
54.5274,0.6441,2.7761
54.5276,0.6108,2.6325
54.5278,0.6343,2.7287
54.5280,0.7036,3.0282
54.5282,0.6855,2.9544
54.5284,0.6091,2.6216
54.5286,0.6331,2.7286
54.5288,0.5832,2.5113
54.5290,0.5899,2.5414
54.5292,0.6,2.5872
54.5294,0.6025,2.5968
54.5296,0.6096,2.6261
54.5298,0.6243,2.6896
54.5300,0.6863,2.9498
54.5302,0.774,3.325
54.5304,0.7302,3.1399
54.5306,0.7434,3.1936
54.5308,0.7446,3.2092
54.5310,0.6174,2.6609
54.5312,0.6029,2.5984
54.5314,0.629,2.7085
54.5316,0.631,2.7173
54.5318,0.6321,2.7181
54.5320,0.6547,2.8177
54.5322,0.6161,2.6503
54.5324,0.6778,2.9159
54.5326,0.7325,3.1541
54.5328,0.6814,2.9341
54.5330,0.6115,2.6331
54.5332,0.6219,2.6743
54.5334,0.6863,2.9553
54.5336,0.6406,2.7573
54.5338,0.6866,2.9495
54.5340,0.756,3.2477
54.5342,0.7339,3.1588
54.5344,0.6516,2.8082
54.5346,0.6253,2.6888
54.5348,0.7231,3.1066
54.5350,0.7614,3.2739
54.5352,0.6951,2.9972
54.5354,0.5442,2.3446
54.5356,0.5675,2.4437
54.5358,0.6288,2.7087
54.5360,0.6346,2.7341
54.5362,0.6512,2.8027
54.5364,0.6972,2.9967
54.5366,0.7519,3.2362
54.5368,0.6283,2.7092
54.5370,0.552,2.3793
54.5372,0.5475,2.3607
54.5374,0.5423,2.3396
54.5376,0.5351,2.3075
54.5378,0.534,2.3017
54.5380,0.5989,2.5741
54.5382,0.7109,3.064
54.5384,0.5757,2.4799
54.5386,0.5906,2.5421
54.5388,0.6188,2.6622
54.5390,0.6673,2.8732
54.5392,0.6269,2.6992
54.5394,0.738,3.169
54.5396,0.7982,3.429
54.5398,0.8005,3.4372
54.5400,0.8129,3.4891
54.5402,0.8529,3.6588
54.5404,0.88,3.7786
54.5406,0.9037,3.8679
54.5408,1.0104,4.3307
54.5410,0.9761,4.1837
54.5412,1.0101,4.3251
54.5414,1.0169,4.3503
54.5416,1.0213,4.3754
54.5418,0.9765,4.1872
54.5420,0.9674,4.1481
54.5422,0.9848,4.2227
54.5424,0.9908,4.2484
54.5426,0.9529,4.0916
54.5428,0.8706,3.7384
54.5430,0.8658,3.7144
54.5432,0.8914,3.8204
54.5434,0.9061,3.8908
54.5436,0.8641,3.7072
54.5438,0.9466,4.0592
54.5440,0.8966,3.8537
54.5442,0.8188,3.5193
54.5444,0.8065,3.4662
54.5446,0.7975,3.4259
54.5448,0.7986,3.4322
54.5450,0.7513,3.2336
54.5452,0.7327,3.1522
54.5454,0.7771,3.3399
54.5456,0.8314,3.5701
54.5458,0.8683,3.7217
54.5460,0.9249,3.9735
54.5462,0.8981,3.8581
54.5464,0.8905,3.8239
54.5466,0.8242,3.5392
54.5468,0.8045,3.4644
54.5470,0.7319,3.1515
54.5472,0.6927,2.9841
54.5474,0.6478,2.7909
54.5476,0.627,2.7022
54.5478,0.6668,2.8685
54.5480,0.7438,3.1996
54.5482,0.7156,3.0756
54.5484,0.7633,3.2837
54.5486,0.7566,3.2563
54.5488,0.7476,3.2191
54.5490,0.6475,2.7815
54.5492,0.7573,3.2625
54.5494,0.6719,2.8947
54.5496,0.6685,2.8784
54.5498,0.6902,2.9663
54.5500,0.7772,3.3451
54.5502,0.7729,3.3265
54.5504,0.7245,3.1166
54.5506,0.6968,3.0002
54.5508,0.6723,2.8936
54.5510,0.6951,2.9888
54.5512,0.7115,3.0652
54.5514,0.65,2.8028
54.5516,0.6101,2.6306
54.5518,0.608,2.6206
54.5520,0.6183,2.665
54.5522,0.6331,2.7261
54.5524,0.6886,2.9624
54.5526,0.714,3.0717
54.5528,0.6758,2.9112
54.5530,0.5908,2.545
54.5532,0.6318,2.7191
54.5534,0.7051,3.035
54.5536,0.7591,3.2657
54.5538,0.7316,3.1446
54.5540,0.7243,3.119
54.5542,0.7216,3.0999
54.5544,0.8105,3.4821
54.5546,0.8228,3.5412
54.5548,0.6855,2.9558
54.5550,0.5701,2.4584
54.5552,0.5633,2.429
54.5554,0.6276,2.7023
54.5556,0.6393,2.7529
54.5558,0.6583,2.8319
54.5560,0.6595,2.8397
54.5562,0.5842,2.5189
54.5564,0.5787,2.4951
54.5566,0.6686,2.8762
54.5568,0.6755,2.9102
54.5570,0.5787,2.4951
54.5572,0.6304,2.716
54.5574,0.6388,2.7508
54.5576,0.6095,2.6256
54.5578,0.6017,2.592
54.5580,0.6177,2.66
54.5582,0.6651,2.8653
54.5584,0.6711,2.8871
54.5586,0.7873,3.3806
54.5588,0.8186,3.5166
54.5590,0.7315,3.15
54.5592,0.6791,2.9243
54.5594,0.6786,2.9223
54.5596,0.6691,2.881
54.5598,0.6733,2.8963
54.5600,0.8108,3.4831
54.5602,0.8508,3.6552
54.5604,0.7689,3.311
54.5606,0.68,2.9293
54.5608,0.6619,2.8487
54.5610,0.6587,2.8366
54.5612,0.6645,2.8627
54.5614,0.6703,2.8901
54.5616,0.6615,2.8498
54.5618,0.6574,2.8282
54.5620,0.6601,2.8396
54.5622,0.6591,2.8394
54.5624,0.634,2.7302
54.5626,0.6541,2.8177
54.5628,0.5833,2.513
54.5630,0.6584,2.8337
54.5632,0.7328,3.1498
54.5634,0.7731,3.3214
54.5636,0.8102,3.4822
54.5638,0.7705,3.3224
54.5640,0.6247,2.6924
54.5642,0.5722,2.4684
54.5644,0.5638,2.4288
54.5646,0.6233,2.6875
54.5648,0.6086,2.6244
54.5650,0.5963,2.5688
54.5652,0.6458,2.7821
54.5654,0.6257,2.6941
54.5656,0.6195,2.6702
54.5658,0.6206,2.6749
54.5660,0.6571,2.832
54.5662,0.6555,2.8239
54.5664,0.634,2.7289
54.5666,0.7162,3.081
54.5668,0.6687,2.8794
54.5670,0.6409,2.7635
54.5672,0.5319,2.2946
54.5674,0.5103,2.2015
54.5676,0.5023,2.1688
54.5678,0.5139,2.2149
54.5680,0.5959,2.5672
54.5682,0.6441,2.7736
54.5684,0.6876,2.9596
54.5686,0.6372,2.7423
54.5688,0.6042,2.6041
54.5690,0.6151,2.6511
54.5692,0.621,2.6752
54.5694,0.6248,2.6917
54.5696,0.6005,2.588
54.5698,0.606,2.6057
54.5700,0.7504,3.2295
54.5702,0.6511,2.8048
54.5704,0.6198,2.6675
54.5706,0.6565,2.8241
54.5708,0.6885,2.9632
54.5710,0.7131,3.0662
54.5712,0.7333,3.1548
54.5714,0.753,3.2363
54.5716,0.7634,3.2797
54.5718,0.767,3.2951
54.5720,0.8057,3.4583
54.5722,0.8767,3.7699
54.5724,0.7015,3.0195
54.5726,0.6707,2.8882
54.5728,0.7634,3.2797
54.5730,0.8369,3.5904
54.5732,0.8643,3.7111
54.5734,0.8505,3.6451
54.5736,1.0536,4.5051
54.5738,1.1038,4.7288
54.5740,1.0278,4.4052
54.5742,1.0256,4.4021
54.5744,0.9468,4.0616
54.5746,0.9315,3.9962
54.5748,0.9396,4.0307
54.5750,0.9422,4.0401
54.5752,1.0013,4.2896
54.5754,0.9784,4.1837
54.5756,1.0973,4.6988
54.5758,1.1248,4.8119
54.5760,1.1477,4.9122
54.5762,1.1006,4.7105
54.5764,1.0902,4.668
54.5766,1.1003,4.7095
54.5768,1.1288,4.8334
54.5770,1.1496,4.9227
54.5772,1.0981,4.7063
54.5774,1.0313,4.4242
54.5776,1.0333,4.4309
54.5778,0.9929,4.2636
54.5780,0.8794,3.7778
54.5782,0.8893,3.8187
54.5784,0.9097,3.9026
54.5786,0.9497,4.0801
54.5788,0.9111,3.9143
54.5790,0.909,3.905
54.5792,0.9074,3.8965
54.5794,0.8664,3.7308
54.5796,0.7689,3.308
54.5798,0.7691,3.3054
54.5800,0.8669,3.7225
54.5802,0.8475,3.6458
54.5804,0.7274,3.1353
54.5806,0.6695,2.8857
54.5808,0.6777,2.9208
54.5810,0.6932,2.9861
54.5812,0.6747,2.9079
54.5814,0.5869,2.532
54.5816,0.5403,2.3319
54.5818,0.5922,2.5559
54.5820,0.5903,2.5453
54.5822,0.5958,2.5691
54.5824,0.5818,2.5097
54.5826,0.5962,2.573
54.5828,0.536,2.3143
54.5830,0.4994,2.1534
54.5832,0.5758,2.4816
54.5834,0.596,2.5761
54.5836,0.4849,2.0957
54.5838,0.4911,2.1207
54.5840,0.5116,2.2061
54.5842,0.5717,2.4697
54.5844,0.4968,2.145
54.5846,0.4994,2.1554
54.5848,0.4906,2.1147
54.5850,0.561,2.4214
54.5852,0.5471,2.3603
54.5854,0.5882,2.5377
54.5856,0.5868,2.5315
54.5858,0.5763,2.486
54.5860,0.5671,2.4466
54.5862,0.5254,2.2677
54.5864,0.5303,2.2868
54.5866,0.5986,2.5774
54.5868,0.5869,2.532
54.5870,0.5146,2.2201
54.5872,0.5098,2.2014
54.5874,0.499,2.1548
54.5876,0.4755,2.0524
54.5878,0.4868,2.1001
54.5880,0.4896,2.1139
54.5882,0.5035,2.17
54.5884,0.5534,2.3838
54.5886,0.4448,1.9235
54.5888,0.3957,1.7077
54.5890,0.4541,1.9589
54.5892,0.512,2.2097
54.5894,0.4462,1.9265
54.5896,0.4391,1.8968
54.5898,0.4379,1.8917
54.5900,0.4481,1.9321
54.5902,0.5294,2.2784
54.5904,0.6267,2.7037
54.5906,0.5819,2.5056
54.5908,0.6454,2.778
54.5910,0.6652,2.8644
54.5912,0.6671,2.8687
54.5914,0.667,2.8708
54.5916,0.6699,2.8806
54.5918,0.7213,3.1003
54.5920,0.7333,3.1548
54.5922,0.7025,3.0236
54.5924,0.717,3.0875
54.5926,0.6735,2.896
54.5928,0.7115,3.058
54.5930,0.6896,2.9706
54.5932,0.6195,2.6677
54.5934,0.614,2.644
54.5936,0.6525,2.8045
54.5938,0.7155,3.0808
54.5940,0.6671,2.8714
54.5942,0.6924,2.9803
54.5944,0.6593,2.8365
54.5946,0.664,2.854
54.5948,0.7284,3.1322
54.5950,0.7291,3.1353
54.5952,0.7062,3.0368
54.5954,0.6821,2.9427
54.5956,0.5578,2.4052
54.5958,0.5394,2.3261
54.5960,0.5746,2.4741
54.5962,0.6655,2.8615
54.5964,0.7434,3.1951
54.5966,0.73,3.1389
54.5968,0.7129,3.0656
54.5970,0.7248,3.1181
54.5972,0.6644,2.8648
54.5974,0.5766,2.4875
54.5976,0.4988,2.1508
54.5978,0.4806,2.0732
54.5980,0.4783,2.0643
54.5982,0.4706,2.0312
54.5984,0.4722,2.036
54.5986,0.5409,2.328
54.5988,0.5662,2.4436
54.5990,0.4737,2.0456
54.5992,0.4978,2.1457
54.5994,0.4993,2.1559
54.5996,0.4565,1.9701
54.5998,0.435,1.8758
54.6000,0.4583,1.9751
54.6002,0.5201,2.2439
54.6004,0.5269,2.2707
54.6006,0.5381,2.3204
54.6008,0.5099,2.1979
54.6010,0.5938,2.5579
54.6012,0.5984,2.5769
54.6014,0.5935,2.5521
54.6016,0.6554,2.8169
54.6018,0.6934,2.9816
54.6020,0.7322,3.1501
54.6022,0.6876,2.9596
54.6024,0.6322,2.7199
54.6026,0.6448,2.778
54.6028,0.5927,2.5544
54.6030,0.5248,2.263
54.6032,0.486,2.0965
54.6034,0.4849,2.0908
54.6036,0.4818,2.0784
54.6038,0.4815,2.0764
54.6040,0.4833,2.086
54.6042,0.4834,2.0856
54.6044,0.4827,2.0825
54.6046,0.4807,2.0727
54.6048,0.4926,2.1249
54.6050,0.5288,2.2779
54.6052,0.6188,2.6671
54.6054,0.5724,2.4648
54.6056,0.6213,2.668
54.6058,0.7169,3.0841
54.6060,0.7177,3.0863
54.6062,0.7073,3.0372
54.6064,0.7592,3.2571
54.6066,0.8313,3.5629
54.6068,0.8511,3.6494
54.6070,0.9021,3.863
54.6072,0.9728,4.1693
54.6074,0.9471,4.0593
54.6076,0.9246,3.9664
54.6078,0.8954,3.8414
54.6080,0.828,3.5523
54.6082,0.7993,3.4353
54.6084,0.7432,3.1926
54.6086,0.8412,3.6106
54.6088,0.9442,4.0451
54.6090,0.9914,4.2489
54.6092,0.9044,3.8818
54.6094,0.8715,3.742
54.6096,0.8644,3.7116
54.6098,0.8426,3.6213
54.6100,0.8369,3.5887
54.6102,0.923,3.9597
54.6104,0.9105,3.9062
54.6106,0.9213,3.9488
54.6108,0.9742,4.1716
54.6110,1.0278,4.4011
54.6112,1.0156,4.3548
54.6114,0.9405,4.0292
54.6116,0.9886,4.2411
54.6118,0.9283,3.9823
54.6120,0.9273,3.9782
54.6122,0.9181,3.935
54.6124,0.9776,4.1938
54.6126,0.9454,4.0521
54.6128,0.9715,4.1656
54.6130,0.8988,3.8612
54.6132,0.8314,3.575
54.6134,0.8099,3.4811
54.6136,0.7935,3.4137
54.6138,0.7478,3.2157
54.6140,0.7175,3.0924
54.6142,0.6613,2.8448
54.6144,0.6939,2.9823
54.6146,0.7314,3.1465
54.6148,0.7438,3.2011
54.6150,0.7073,3.0442
54.6152,0.7033,3.03
54.6154,0.6827,2.9357
54.6156,0.7227,3.1074
54.6158,0.7176,3.0901
54.6160,0.6717,2.8896
54.6162,0.7228,3.1094
54.6164,0.7566,3.2533
54.6166,0.7518,3.2357
54.6168,0.717,3.0803
54.6170,0.8332,3.5828
54.6172,0.7852,3.3797
54.6174,0.7496,3.2204
54.6176,0.8427,3.6151
54.6178,0.8797,3.7775
54.6180,0.9069,3.8944
54.6182,0.9019,3.88
54.6184,0.7551,3.2502
54.6186,0.6583,2.8371
54.6188,0.7123,3.0631
54.6190,0.7471,3.2111
54.6192,0.7864,3.377
54.6194,0.808,3.4745
54.6196,0.8276,3.5569
54.6198,0.8061,3.4646
54.6200,0.8197,3.5262
54.6202,0.7143,3.0756
54.6204,0.6062,2.6141
54.6206,0.5722,2.4649
54.6208,0.6192,2.6674
54.6210,0.5824,2.5112
54.6212,0.5727,2.4704
54.6214,0.5579,2.4079
54.6216,0.5632,2.4296
54.6218,0.5713,2.4636
54.6220,0.5788,2.4933
54.6222,0.5988,2.5868
54.6224,0.4936,2.1305
54.6226,0.4802,2.0716
54.6228,0.5356,2.3085
54.6230,0.5984,2.5793
54.6232,0.6349,2.7351
54.6234,0.6468,2.7823
54.6236,0.6928,2.9846
54.6238,0.6501,2.7994
54.6240,0.6416,2.764
54.6242,0.6369,2.7426
54.6244,0.6428,2.7692
54.6246,0.6343,2.7338
54.6248,0.6457,2.779
54.6250,0.7183,3.0874
54.6252,0.7693,3.308
54.6254,0.726,3.1262
54.6256,0.6604,2.8451
54.6258,0.6241,2.6873
54.6260,0.6204,2.6701
54.6262,0.6896,2.9679
54.6264,0.689,2.9694
54.6266,0.6279,2.7039
54.6268,0.631,2.7198
54.6270,0.6251,2.6927
54.6272,0.6176,2.6607
54.6274,0.6187,2.6629
54.6276,0.6278,2.7046
54.6278,0.6236,2.6865
54.6280,0.6206,2.6724
54.6282,0.653,2.8131
54.6284,0.6104,2.6309
54.6286,0.608,2.6194
54.6288,0.6257,2.6941
54.6290,0.6628,2.8515
54.6292,0.7023,3.0198
54.6294,0.7453,3.2034
54.6296,0.8113,3.49
54.6298,0.7673,3.3038
54.6300,0.7117,3.0591
54.6302,0.7369,3.1747
54.6304,0.6659,2.8662
54.6306,0.6958,2.9947
54.6308,0.6918,2.9721
54.6310,0.7555,3.2502
54.6312,0.7216,3.1042
54.6314,0.7241,3.1136
54.6316,0.7236,3.1115
54.6318,0.6751,2.9068
54.6320,0.6627,2.8509
54.6322,0.6699,2.8832
54.6324,0.6152,2.6479
54.6326,0.6005,2.5868
54.6328,0.6482,2.7898
54.6330,0.7072,3.0437
54.6332,0.6645,2.86
54.6334,0.6376,2.7533
54.6336,0.4954,2.1393
54.6338,0.4918,2.1179
54.6340,0.5779,2.4886
54.6342,0.6428,2.7692
54.6344,0.6525,2.811
54.6346,0.6633,2.8562
54.6348,0.645,2.7772
54.6350,0.631,2.7186
54.6352,0.6195,2.6702
54.6354,0.6195,2.6677
54.6356,0.6935,2.9807
54.6358,0.7271,3.1279
54.6360,0.729,3.1391
54.6362,0.6899,2.968
54.6364,0.6854,2.9484
54.6366,0.6083,2.6253
54.6368,0.5051,2.1792
54.6370,0.5036,2.1705
54.6372,0.4993,2.1539
54.6374,0.5135,2.2144
54.6376,0.5662,2.4391
54.6378,0.5892,2.5395
54.6380,0.6173,2.6567
54.6382,0.6888,2.9606
54.6384,0.8038,3.4581
54.6386,0.7333,3.1548
54.6388,0.6616,2.8463
54.6390,0.706,3.0343
54.6392,0.7999,3.441
54.6394,0.7822,3.3621
54.6396,0.7941,3.4083
54.6398,0.8495,3.6512
54.6400,0.8301,3.5644
54.6402,0.8808,3.7787
54.6404,0.8442,3.6268
54.6406,0.7751,3.325
54.6408,0.8712,3.7392
54.6410,0.8989,3.8581
54.6412,0.9468,4.0597
54.6414,0.9742,4.1755
54.6416,0.9741,4.1749
54.6418,0.9918,4.247
54.6420,0.9954,4.2684
54.6422,0.8914,3.8257
54.6424,0.9496,4.0758
54.6426,0.9283,3.9842
54.6428,0.8854,3.8035
54.6430,0.8839,3.7956
54.6432,0.9152,3.9281
54.6434,0.8831,3.7867
54.6436,0.9146,3.9219
54.6438,0.95,4.0793
54.6440,0.908,3.9027
54.6442,0.8282,3.5611
54.6444,0.7575,3.262
54.6446,0.7418,3.1914
54.6448,0.7674,3.2997
54.6450,0.7273,3.129
54.6452,0.673,2.8993
54.6454,0.7087,3.0504
54.6456,0.7283,3.1302
54.6458,0.7757,3.3415
54.6460,0.6898,2.973
54.6462,0.673,2.8966
54.6464,0.6615,2.8458
54.6466,0.6947,2.9928
54.6468,0.6693,2.8793
54.6470,0.6966,2.9983
54.6472,0.6709,2.89
54.6474,0.6017,2.5908
54.6476,0.6665,2.8701
54.6478,0.671,2.8852
54.6480,0.7271,3.125
54.6482,0.7837,3.373
54.6484,0.658,2.8387
54.6486,0.5411,2.3355
54.6488,0.5283,2.2769
54.6490,0.6002,2.587
54.6492,0.664,2.8566
54.6494,0.6993,3.0125
54.6496,0.6187,2.6653
54.6498,0.6375,2.7426
54.6500,0.6789,2.926
54.6502,0.5999,2.5879
54.6504,0.5858,2.5262
54.6506,0.606,2.6094
54.6508,0.6366,2.7436
54.6510,0.5697,2.4586
54.6512,0.5185,2.2377
54.6514,0.5135,2.2154
54.6516,0.4921,2.1228
54.6518,0.4959,2.1394
54.6520,0.4944,2.1346
54.6522,0.509,2.1947
54.6524,0.5794,2.4948
54.6526,0.6346,2.7341
54.6528,0.5974,2.5758
54.6530,0.5444,2.3484
54.6532,0.5267,2.2702
54.6534,0.533,2.2982
54.6536,0.5356,2.3085
54.6538,0.5723,2.47
54.6540,0.5541,2.3891
54.6542,0.5657,2.4382
54.6544,0.6143,2.6462
54.6546,0.6858,2.9505
54.6548,0.6784,2.9239
54.6550,0.5456,2.3535
54.6552,0.4727,2.039
54.6554,0.4667,2.0132
54.6556,0.526,2.2692
54.6558,0.5436,2.342
54.6560,0.5951,2.56
54.6562,0.6687,2.8781
54.6564,0.6626,2.8531
54.6566,0.6442,2.7754
54.6568,0.5864,2.5276
54.6570,0.5785,2.4923
54.6572,0.5764,2.4865
54.6574,0.5783,2.4924
54.6576,0.6085,2.6154
54.6578,0.7436,3.1932
54.6580,0.7999,3.4346
54.6582,0.8067,3.464
54.6584,0.7468,3.211
54.6586,0.731,3.1479
54.6588,0.6229,2.6872
54.6590,0.5974,2.5686
54.6592,0.6699,2.8819
54.6594,0.6314,2.7188
54.6596,0.647,2.7898
54.6598,0.5406,2.3312
54.6600,0.5149,2.2191
54.6602,0.5153,2.2222
54.6604,0.5217,2.2506
54.6606,0.5198,2.2423
54.6608,0.5121,2.2082
54.6610,0.5134,2.2149
54.6612,0.5144,2.218
54.6614,0.5197,2.2418
54.6616,0.4952,2.1363
54.6618,0.524,2.2573
54.6620,0.5432,2.3388
54.6622,0.5938,2.5591
54.6624,0.5663,2.4408
54.6626,0.5677,2.4447
54.6628,0.5922,2.55
54.6630,0.5866,2.5269
54.6632,0.5649,2.4323
54.6634,0.5579,2.4057
54.6636,0.5074,2.1911
54.6638,0.4436,1.9148
54.6640,0.4551,1.9626
54.6642,0.5059,2.1833
54.6644,0.5133,2.2103
54.6646,0.5598,2.4128
54.6648,0.506,2.1808
54.6650,0.5331,2.2987
54.6652,0.5068,2.1865
54.6654,0.5207,2.2433
54.6656,0.5794,2.4959
54.6658,0.6134,2.6389
54.6660,0.63,2.7126
54.6662,0.6161,2.6515
54.6664,0.6089,2.6206
54.6666,0.5459,2.3518
54.6668,0.5743,2.4754
54.6670,0.5182,2.2335
54.6672,0.4992,2.1524
54.6674,0.5028,2.1689
54.6676,0.5006,2.1586
54.6678,0.5291,2.2806
54.6680,0.494,2.1311
54.6682,0.4921,2.1199
54.6684,0.5478,2.3579
54.6686,0.5538,2.387
54.6688,0.4886,2.1078
54.6690,0.4863,2.099
54.6692,0.494,2.1272
54.6694,0.5525,2.3769
54.6696,0.6182,2.6596
54.6698,0.6173,2.6579
54.6700,0.5797,2.494
54.6702,0.5994,2.581
54.6704,0.6103,2.628
54.6706,0.6159,2.6498
54.6708,0.6257,2.6928
54.6710,0.645,2.7746
54.6712,0.6746,2.9007
54.6714,0.742,3.183
54.6716,0.7936,3.411
54.6718,0.7212,3.0998
54.6720,0.7092,3.0497
54.6722,0.7608,3.2638
54.6724,0.844,3.6207
54.6726,0.8548,3.6705
54.6728,0.8458,3.6251
54.6730,0.84,3.6038
54.6732,0.8567,3.6701
54.6734,0.9512,4.0749
54.6736,0.9589,4.1039
54.6738,0.9945,4.2603
54.6740,0.9935,4.2582
54.6742,0.9776,4.1859
54.6744,1.0128,4.3369
54.6746,1.0041,4.3014
54.6748,0.9581,4.1047
54.6750,0.9792,4.1931
54.6752,0.9964,4.2685
54.6754,0.9921,4.254
54.6756,0.9902,4.2398
54.6758,0.9866,4.2264
54.6760,0.9744,4.1745
54.6762,1.0227,4.379
54.6764,0.9798,4.2035
54.6766,0.9465,4.0586
54.6768,0.9327,3.9995
54.6770,0.9372,4.0185
54.6772,1.0005,4.286
54.6774,1.0557,4.5207
54.6776,1.0452,4.486
54.6778,0.8812,3.7837
54.6780,0.8627,3.7062
54.6782,0.8415,3.615
54.6784,0.8569,3.678
54.6786,0.864,3.7118
54.6788,0.7922,3.408
54.6790,0.7595,3.2642
54.6792,0.8039,3.4538
54.6794,0.8318,3.5716
54.6796,0.8135,3.4982
54.6798,0.8162,3.5063
54.6800,0.7719,3.3239
54.6802,0.6321,2.7245
54.6804,0.6452,2.7808
54.6806,0.6474,2.7888
54.6808,0.6498,2.7978
54.6810,0.6295,2.7093
54.6812,0.6504,2.7952
54.6814,0.7031,3.0276
54.6816,0.6801,2.9271
54.6818,0.7092,3.0539
54.6820,0.6783,2.9207
54.6822,0.624,2.6868
54.6824,0.6239,2.6913
54.6826,0.5777,2.4887
54.6828,0.57,2.4556
54.6830,0.6255,2.691
54.6832,0.6856,2.9495
54.6834,0.7038,3.0335
54.6836,0.6579,2.8343
54.6838,0.6207,2.6754
54.6840,0.5749,2.4791
54.6842,0.5577,2.4047
54.6844,0.568,2.4457
54.6846,0.6203,2.6745
54.6848,0.564,2.4343
54.6850,0.5543,2.3913
54.6852,0.5454,2.3508
54.6854,0.5777,2.4875
54.6856,0.6408,2.7565
54.6858,0.6476,2.7911
54.6860,0.5089,2.1973
54.6862,0.4747,2.0488
54.6864,0.4713,2.0343
54.6866,0.465,2.0059
54.6868,0.4946,2.1357
54.6870,0.493,2.128
54.6872,0.518,2.2335
54.6874,0.5126,2.2103
54.6876,0.5029,2.1694
54.6878,0.5002,2.156
54.6880,0.5035,2.172
54.6882,0.5187,2.2366
54.6884,0.5115,2.2056
54.6886,0.4999,2.1565
54.6888,0.5081,2.1942
54.6890,0.5195,2.2382
54.6892,0.5956,2.5621
54.6894,0.6616,2.845
54.6896,0.7177,3.082
54.6898,0.7471,3.2156
54.6900,0.7315,3.1456
54.6902,0.7386,3.173
54.6904,0.7303,3.1404
54.6906,0.733,3.1532
54.6908,0.7502,3.22
54.6910,0.7881,3.3873
54.6912,0.7728,3.3183
54.6914,0.8797,3.7723
54.6916,0.8809,3.7792
54.6918,0.8783,3.7749
54.6920,0.8476,3.6345
54.6922,0.93,3.984
54.6924,0.9183,3.9433
54.6926,0.8001,3.4373
54.6928,0.7598,3.2672
54.6930,0.727,3.1245
54.6932,0.8195,3.5224
54.6934,0.7845,3.3719
54.6936,0.7709,3.3131
54.6938,0.778,3.3441
54.6940,0.7773,3.3394
54.6942,0.7826,3.3589
54.6944,0.8006,3.4425
54.6946,0.8098,3.479
54.6948,0.9187,3.9394
54.6950,0.9153,3.9286
54.6952,0.8676,3.7238
54.6954,0.8674,3.7245
54.6956,0.8416,3.6155
54.6958,0.8282,3.5578
54.6960,0.8092,3.4813
54.6962,0.6881,2.963
54.6964,0.7033,3.0258
54.6966,0.6716,2.8958
54.6968,0.6083,2.6192
54.6970,0.6948,2.9892
54.6972,0.6694,2.8825
54.6974,0.6441,2.7749
54.6976,0.6121,2.6369
54.6978,0.6023,2.5958
54.6980,0.5982,2.5794
54.6982,0.6022,2.5953
54.6984,0.601,2.5877
54.6986,0.6128,2.64
54.6988,0.6751,2.9014
54.6990,0.7646,3.2879
54.6992,0.7424,3.191
54.6994,0.7432,3.2015
54.6996,0.6775,2.9144
54.6998,0.7572,3.2544
54.7000,0.781,3.3569
54.7002,0.7974,3.4254
54.7004,0.7849,3.3719
54.7006,0.7267,3.1322
54.7008,0.6156,2.6531
54.7010,0.5695,2.457
54.7012,0.5073,2.1895
54.7014,0.4972,2.1481
54.7016,0.5388,2.3213
54.7018,0.6229,2.6797
54.7020,0.632,2.7202
54.7022,0.6185,2.6631
54.7024,0.5923,2.5493
54.7026,0.5881,2.536
54.7028,0.5854,2.5253
54.7030,0.5808,2.5021
54.7032,0.5868,2.5279
54.7034,0.5864,2.5264
54.7036,0.5788,2.4945
54.7038,0.5834,2.5147
54.7040,0.5878,2.5309
54.7042,0.6231,2.6807
54.7044,0.6587,2.8366
54.7046,0.6844,2.9443
54.7048,0.7779,3.342
54.7050,0.7321,3.1511
54.7052,0.687,2.9543
54.7054,0.7663,3.2951
54.7056,0.7842,3.3656
54.7058,0.8462,3.6351
54.7060,0.8614,3.6988
54.7062,0.8535,3.6631
54.7064,0.8316,3.5727
54.7066,0.862,3.6979
54.7068,0.9664,4.1382
54.7070,0.9939,4.2578
54.7072,0.9778,4.187
54.7074,0.9827,4.2159
54.7076,0.9852,4.2267
54.7078,1.0077,4.3188
54.7080,1.0038,4.3024
54.7082,0.9381,4.0226
54.7084,1.0011,4.2926
54.7086,0.9854,4.2233
54.7088,0.9802,4.2012
54.7090,0.9842,4.2161
54.7092,1.029,4.4062
54.7094,1.0938,4.6856
54.7096,1.094,4.6867
54.7098,1.0568,4.5211
54.7100,1.1243,4.8099
54.7102,1.1358,4.8546
54.7104,1.1331,4.8518
54.7106,1.0746,4.6034
54.7108,1.0603,4.5466
54.7110,1.0033,4.3064
54.7112,0.8609,3.6984
54.7114,0.8314,3.5717
54.7116,0.8731,3.7527
54.7118,0.8141,3.4975
54.7120,0.8687,3.7337
54.7122,0.8939,3.8401
54.7124,0.8959,3.8471
54.7126,0.8902,3.8259
54.7128,0.8766,3.7659
54.7130,0.9024,3.873
54.7132,0.9339,4.0065
54.7134,0.884,3.8014
54.7136,0.7524,3.2383
54.7138,0.8205,3.5265
54.7140,0.8936,3.8355
54.7142,0.9024,3.8875
54.7144,0.7284,3.1365
54.7146,0.7077,3.0458
54.7148,0.7884,3.3821
54.7150,0.9343,4.0174
54.7152,0.8236,3.5481
54.7154,0.8006,3.4425
54.7156,0.8429,3.6212
54.7158,0.8611,3.6995
54.7160,0.9256,3.9747
54.7162,0.9132,3.9267
54.7164,0.752,3.2382
54.7166,0.7448,3.2073
54.7168,0.7659,3.2951
54.7170,0.7712,3.3224
54.7172,0.7748,3.3363
54.7174,0.764,3.2853
54.7176,0.8043,3.4537
54.7178,0.8908,3.8249
54.7180,0.8851,3.7972
54.7182,0.9098,3.9086
54.7184,0.9015,3.8749
54.7186,0.8874,3.8123
54.7188,0.8837,3.7945
54.7190,0.8918,3.826
54.7192,0.9623,4.1323
54.7194,0.9577,4.116
54.7196,0.8827,3.7869
54.7198,0.903,3.8828
54.7200,0.8929,3.8342
54.7202,0.9652,4.1504
54.7204,0.808,3.4713
54.7206,0.8122,3.4925
54.7208,0.787,3.3859
54.7210,0.7682,3.3156
54.7212,0.5857,2.5303
54.7214,0.5342,2.3033
54.7216,0.5772,2.4924
54.7218,0.578,2.4926
54.7220,0.6411,2.7607
54.7222,0.7086,3.0499
54.7224,0.7155,3.0808
54.7226,0.7306,3.1458
54.7228,0.6935,2.9835
54.7230,0.7754,3.3374
54.7232,0.7783,3.3482
54.7234,0.8301,3.5677
54.7236,0.8644,3.7168
54.7238,0.7653,3.2955
54.7240,0.7188,3.0909
54.7242,0.7531,3.2414
54.7244,0.7691,3.3085
54.7246,0.8127,3.4962
54.7248,0.8037,3.4575
54.7250,0.8289,3.5626
54.7252,0.823,3.5406
54.7254,0.8393,3.6074
54.7256,0.8578,3.6919
54.7258,0.7614,3.2755
54.7260,0.7263,3.1316
54.7262,0.6914,2.9811
54.7264,0.6706,2.889
54.7266,0.68,2.9307
54.7268,0.6318,2.728
54.7270,0.5637,2.4316
54.7272,0.5733,2.4707
54.7274,0.5842,2.5213
54.7276,0.5511,2.3795
54.7278,0.5599,2.4167
54.7280,0.5649,2.4368
54.7282,0.5597,2.4146
54.7284,0.5622,2.4254
54.7286,0.6482,2.7911
54.7288,0.7187,3.0947
54.7290,0.7,3.0156
54.7292,0.7007,3.0187
54.7294,0.7027,3.0303
54.7296,0.6719,2.8933
54.7298,0.6951,2.9944
54.7300,0.7111,3.0636
54.7302,0.7125,3.0679
54.7304,0.6692,2.8842
54.7306,0.6604,2.8451
54.7308,0.687,2.9598
54.7310,0.6203,2.6758
54.7312,0.5718,2.4691
54.7314,0.564,2.4332
54.7316,0.5687,2.45
54.7318,0.6315,2.7231
54.7320,0.6169,2.6613
54.7322,0.594,2.5625
54.7324,0.5989,2.5789
54.7326,0.7012,3.0193
54.7328,0.7722,3.3219
54.7330,0.7183,3.096
54.7332,0.6206,2.6736
54.7334,0.6333,2.7322
54.7336,0.611,2.6311
54.7338,0.6665,2.8661
54.7340,0.7237,3.1164
54.7342,0.7272,3.1314
54.7344,0.7337,3.1578
54.7346,0.7312,3.144
54.7348,0.799,3.4342
54.7350,0.814,3.5003
54.7352,0.7698,3.3147
54.7354,0.7189,3.0914
54.7356,0.6916,2.978
54.7358,0.6857,2.9514
54.7360,0.7159,3.0814
54.7362,0.7236,3.1159
54.7364,0.7429,3.1975
54.7366,0.7173,3.0856
54.7368,0.7221,3.1121
54.7370,0.6557,2.8263
54.7372,0.6201,2.6728
54.7374,0.6245,2.6889
54.7376,0.7375,3.1728
54.7378,0.7415,3.1898
54.7380,0.7391,3.178
54.7382,0.7742,3.3276
54.7384,0.8144,3.4969
54.7386,0.8572,3.6807
54.7388,0.908,3.8991
54.7390,0.908,3.8991
54.7392,0.8951,3.8452
54.7394,0.9027,3.8692
54.7396,1.0165,4.3548
54.7398,1.0069,4.3158
54.7400,1.0039,4.3029
54.7402,0.9922,4.2585
54.7404,0.9958,4.2739
54.7406,0.9874,4.2359
54.7408,0.9792,4.201
54.7410,0.9547,4.0955
54.7412,0.9903,4.2443
54.7414,1.0092,4.3296
54.7416,1.0062,4.3207
54.7418,0.9892,4.2397
54.7420,1.0478,4.491
54.7422,1.0721,4.5927
54.7424,1.0716,4.5949
54.7426,1.0085,4.3245
54.7428,0.973,4.1742
54.7430,1.085,4.6395
54.7432,1.2418,5.3051
54.7434,1.2602,5.391
54.7436,1.2102,5.1892
54.7438,1.0927,4.6854
54.7440,1.0448,4.4823
54.7442,1.0223,4.3836
54.7444,1.088,4.6632
54.7446,0.9946,4.2748
54.7448,0.8996,3.8666
54.7450,0.9232,3.9607
54.7452,0.9886,4.247
54.7454,0.9592,4.1208
54.7456,0.976,4.1929
54.7458,0.9542,4.0935
54.7460,0.9698,4.1623
54.7462,0.9342,4.015
54.7464,0.8682,3.7333
54.7466,0.8916,3.8321
54.7468,0.8881,3.8207
54.7470,0.8414,3.6195
54.7472,0.8434,3.6283
54.7474,0.8332,3.5794
54.7476,0.8557,3.6797
54.7478,0.909,3.9068
54.7480,0.9201,3.9511
54.7482,0.9677,4.1574
54.7484,1.0042,4.308
54.7486,1.023,4.3887
54.7488,1.0134,4.3395
54.7490,1.0725,4.6011
54.7492,0.9595,4.1199
54.7494,0.9539,4.0981
54.7496,0.9977,4.2742
54.7498,1.0626,4.5627
54.7500,1.0037,4.3079
54.7502,1.028,4.4062
54.7504,1.1017,4.7173
54.7506,1.1331,4.8564
54.7508,1.1015,4.7322
54.7510,0.9339,4.0215
54.7512,0.8398,3.6128
54.7514,0.846,3.643
54.7516,0.8881,3.8171
54.7518,0.9211,3.9644
54.7520,0.8547,3.6734
54.7522,0.8652,3.7204
54.7524,0.8716,3.7512
54.7526,0.8408,3.6186
54.7528,0.8049,3.4643
54.7530,0.8255,3.5498
54.7532,0.8926,3.8416
54.7534,0.8897,3.8238
54.7536,0.8596,3.6979
54.7538,0.8183,3.5238
54.7540,0.7572,3.2665
54.7542,0.7224,3.1093
54.7544,0.7923,3.4101
54.7546,0.7651,3.2991
54.7548,0.7703,3.3106
54.7550,0.8893,3.817
54.7552,0.9343,4.0193
54.7554,0.8364,3.5984
54.7556,0.8737,3.7588
54.7558,0.8916,3.8374
54.7560,0.9116,3.9163
54.7562,0.9267,3.9812
54.7564,0.9422,4.0458
54.7566,0.9551,4.1071
54.7568,0.8915,3.8387
54.7570,0.8108,3.4945
54.7572,0.7861,3.3849
54.7574,0.7887,3.3978
54.7576,0.7875,3.3911
54.7578,0.7986,3.437
54.7580,0.8019,3.4498
54.7582,0.8591,3.6924
54.7584,0.8736,3.7635
54.7586,0.8105,3.4902
54.7588,0.8062,3.4716
54.7590,0.7965,3.4298
54.7592,0.7903,3.4029
54.7594,0.7934,3.4179
54.7596,0.7804,3.3606
54.7598,0.7794,3.356
54.7600,0.781,3.3647
54.7602,0.7484,3.2242
54.7604,0.8021,3.4541
54.7606,0.8187,3.5269
54.7608,0.7556,3.2552
54.7610,0.6866,2.9618
54.7612,0.6984,3.0061
54.7614,0.8356,3.5964
54.7616,0.8524,3.6721
54.7618,0.7686,3.3141
54.7620,0.7505,3.2345
54.7622,0.7493,3.2324
54.7624,0.6579,2.8395
54.7626,0.5854,2.5276
54.7628,0.5746,2.4799
54.7630,0.5699,2.4597
54.7632,0.57,2.4625
54.7634,0.5701,2.463
54.7636,0.58,2.5031
54.7638,0.5822,2.5153
54.7640,0.5698,2.4626
54.7642,0.5607,2.421
54.7644,0.5581,2.409
54.7646,0.5638,2.4344
54.7648,0.5904,2.547
54.7650,0.6489,2.7929
54.7652,0.74,3.1881
54.7654,0.7707,3.3203
54.7656,0.777,3.3441
54.7658,0.7795,3.3549
54.7660,0.7415,3.1943
54.7662,0.7617,3.2785
54.7664,0.8439,3.627
54.7666,0.8041,3.4623
54.7668,0.7545,3.2476
54.7670,0.764,3.2914
54.7672,0.7291,3.1396
54.7674,0.6969,3.0049
54.7676,0.6687,2.8807
54.7678,0.6596,2.8415
54.7680,0.7104,3.0591
54.7682,0.7517,3.2352
54.7684,0.7231,3.1181
54.7686,0.6215,2.6822
54.7688,0.5942,2.5659
54.7690,0.6283,2.7079
54.7692,0.6821,2.9386
54.7694,0.6843,2.9479
54.7696,0.6842,2.9474
54.7698,0.6783,2.9248
54.7700,0.6963,2.9996
54.7702,0.7324,3.1565
54.7704,0.7175,3.0881
54.7706,0.7807,3.3585
54.7708,0.7828,3.3725
54.7710,0.7344,3.155
54.7712,0.8531,3.6667
54.7714,0.868,3.7288
54.7716,0.9125,3.9181
54.7718,0.9222,3.9616
54.7720,0.874,3.7563
54.7722,0.9191,3.9409
54.7724,1.0595,4.5387
54.7726,1.0336,4.4402
54.7728,0.9393,4.0334
54.7730,0.9851,4.2262
54.7732,1.0014,4.2981
54.7734,1.0253,4.3964
54.7736,1.083,4.6437
54.7738,1.0374,4.4484
54.7740,1.0258,4.4005
54.7742,1.0336,4.434
54.7744,1.0388,4.4566
54.7746,1.0535,4.5152
54.7748,1.0603,4.5487
54.7750,1.0631,4.5584
54.7752,1.0646,4.5672
54.7754,1.0343,4.4371
54.7756,1.0652,4.5698
54.7758,1.0471,4.49
54.7760,1.0103,4.3423
54.7762,0.9917,4.2624
54.7764,0.9832,4.2219
54.7766,0.9442,4.0621
54.7768,0.8117,3.4937
54.7770,0.8409,3.6158
54.7772,0.859,3.6919
54.7774,0.8878,3.8245
54.7776,0.7922,3.408
54.7778,0.8446,3.6334
54.7780,0.9105,3.9171
54.7782,0.8728,3.7599
54.7784,0.7704,3.3111
54.7786,0.8338,3.587
54.7788,0.8344,3.5913
54.7790,0.8137,3.5036
54.7792,0.7698,3.3147
54.7794,0.7662,3.3099
54.7796,0.6554,2.8247
54.7798,0.7356,3.1704
54.7800,0.7897,3.394
54.7802,0.7974,3.435
54.7804,0.7557,3.2558
54.7806,0.7334,3.1641
54.7808,0.7337,3.1607
54.7810,0.7345,3.1673
54.7812,0.6842,2.9501
54.7814,0.6357,2.7387
54.7816,0.6671,2.878
54.7818,0.6137,2.6473
54.7820,0.6468,2.7875
54.7822,0.673,2.902
54.7824,0.6514,2.8103
54.7826,0.6422,2.773
54.7828,0.633,2.7306
54.7830,0.6254,2.6968
54.7832,0.5887,2.5421
54.7834,0.548,2.365
54.7836,0.5486,2.3698
54.7838,0.5219,2.2558
54.7840,0.5259,2.2729
54.7842,0.5661,2.4442
54.7844,0.6128,2.6388
54.7846,0.6653,2.8729
54.7848,0.5198,2.2486
54.7850,0.4368,1.8896
54.7852,0.437,1.8889
54.7854,0.4603,1.9867
54.7856,0.5083,2.1977
54.7858,0.4857,2.1003
54.7860,0.4806,2.077
54.7862,0.4944,2.1336
54.7864,0.5237,2.2636
54.7866,0.4791,2.0718
54.7868,0.483,2.0855
54.7870,0.5152,2.2247
54.7872,0.5004,2.1615
54.7874,0.5032,2.175
54.7876,0.4836,2.0871
54.7878,0.4992,2.1534
54.7880,0.5651,2.4378
54.7882,0.601,2.5877
54.7884,0.6302,2.7149
54.7886,0.6478,2.7896
54.7888,0.715,3.0773
54.7890,0.7261,3.1253
54.7892,0.7362,3.1686
54.7894,0.7508,3.2316
54.7896,0.7999,3.4394
54.7898,0.7933,3.4143
54.7900,0.7725,3.3219
54.7902,0.8097,3.4785
54.7904,0.8339,3.5842
54.7906,0.8403,3.6115
54.7908,0.8873,3.8135
54.7910,0.8902,3.8277
54.7912,0.8567,3.6753
54.7914,0.9224,3.9701
54.7916,0.7614,3.2785
54.7918,0.7376,3.1792
54.7920,0.659,2.8363
54.7922,0.7067,3.0402
54.7924,0.7211,3.1065
54.7926,0.6778,2.92
54.7928,0.7285,3.137
54.7930,0.7381,3.1769
54.7932,0.6863,2.9581
54.7934,0.6575,2.834
54.7936,0.645,2.7836
54.7938,0.5646,2.4358
54.7940,0.5453,2.3536
54.7942,0.5537,2.3876
54.7944,0.6512,2.8092
54.7946,0.5749,2.478
54.7948,0.6169,2.6576
54.7950,0.6632,2.8557
54.7952,0.7133,3.07
54.7954,0.698,3.0068
54.7956,0.631,2.7236
54.7958,0.5751,2.4819
54.7960,0.5055,2.1828
54.7962,0.4651,2.0083
54.7964,0.4882,2.1073
54.7966,0.5712,2.4597
54.7968,0.6101,2.6282
54.7970,0.5974,2.577
54.7972,0.6213,2.678
54.7974,0.6409,2.7609
54.7976,0.6568,2.8336
54.7978,0.5683,2.4518
54.7980,0.5867,2.5298
54.7982,0.6301,2.7157
54.7984,0.6129,2.6406
54.7986,0.6595,2.841
54.7988,0.6245,2.6901
54.7990,0.6179,2.6642
54.7992,0.6432,2.7772
54.7994,0.5343,2.3049
54.7996,0.5097,2.1979
54.7998,0.5063,2.1854
54.8000,0.499,2.1548
54.8002,0.4982,2.1522
54.8004,0.494,2.1311
54.8006,0.4947,2.1342
54.8008,0.4995,2.1569
54.8010,0.5117,2.2066
54.8012,0.5562,2.3996
54.8014,0.5023,2.1678
54.8016,0.4971,2.1465
54.8018,0.4945,2.1332
54.8020,0.4928,2.1259
54.8022,0.4983,2.1487
54.8024,0.5415,2.3349
54.8026,0.5665,2.4452
54.8028,0.5266,2.2708
54.8030,0.5137,2.2159
54.8032,0.5053,2.1797
54.8034,0.5599,2.4122
54.8036,0.5843,2.5159
54.8038,0.64,2.7586
54.8040,0.6032,2.5987
54.8042,0.6336,2.7256
54.8044,0.7541,3.238
54.8046,0.832,3.5676
54.8048,0.8464,3.6361
54.8050,0.8165,3.5062
54.8052,0.8543,3.6684
54.8054,0.8536,3.6636
54.8056,0.9388,4.0201
54.8058,1.0327,4.4283
54.8060,1.009,4.3245
54.8062,0.9983,4.2768
54.8064,0.9886,4.2332
54.8066,0.996,4.267
54.8068,1.0203,4.3728
54.8070,0.9944,4.2618
54.8072,1.0319,4.4123
54.8074,1.1454,4.9024
54.8076,1.1091,4.7558
54.8078,1.0232,4.3816
54.8080,1.0232,4.3775
54.8082,1.0921,4.6632
54.8084,1.1422,4.8977
54.8086,0.9499,4.0806
54.8088,0.9182,3.9428
54.8090,0.9447,4.0547
54.8092,0.9637,4.1302
54.8094,1.0002,4.287
54.8096,0.9682,4.1556
54.8098,0.9686,4.1591
54.8100,0.9284,3.9866
54.8102,0.9021,3.8738
54.8104,0.8551,3.6805
54.8106,0.8137,3.5004
54.8108,0.812,3.4866
54.8110,0.8566,3.6799
54.8112,0.853,3.6661
54.8114,0.8628,3.7118
54.8116,0.8174,3.5131
54.8118,0.8144,3.5051
54.8120,0.8104,3.4816
54.8122,0.8944,3.8457
54.8124,0.7755,3.3363
54.8126,0.7474,3.2151
54.8128,0.7381,3.1769
54.8130,0.6966,3.0081
54.8132,0.5737,2.4751
54.8134,0.5788,2.4968
54.8136,0.5952,2.5689
54.8138,0.5741,2.4732
54.8140,0.6261,2.6936
54.8142,0.7157,3.0775
54.8144,0.7183,3.0932
54.8146,0.6629,2.856
54.8148,0.6747,2.9039
54.8150,0.7223,3.1131
54.8152,0.6844,2.947
54.8154,0.6632,2.8557
54.8156,0.6783,2.9248
54.8158,0.6631,2.8578
54.8160,0.6357,2.7362
54.8162,0.7068,3.0408
54.8164,0.6783,2.9207
54.8166,0.6662,2.8712
54.8168,0.6608,2.8493
54.8170,0.655,2.8245
54.8172,0.5917,2.5527
54.8174,0.5578,2.4063
54.8176,0.5674,2.4443
54.8178,0.638,2.7472
54.8180,0.6649,2.8642
54.8182,0.6235,2.691
54.8184,0.5001,2.1605
54.8186,0.4882,2.1082
54.8188,0.4899,2.1135
54.8190,0.501,2.1611
54.8192,0.5482,2.366
54.8194,0.5386,2.3246
54.8196,0.536,2.3132
54.8198,0.5378,2.321
54.8200,0.5309,2.2915
54.8202,0.521,2.2465
54.8204,0.5204,2.2459
54.8206,0.5364,2.3121
54.8208,0.6373,2.739
54.8210,0.7518,3.2297
54.8212,0.7854,3.3818
54.8214,0.6983,3.0097
54.8216,0.6369,2.7426
54.8218,0.6334,2.7302
54.8220,0.6382,2.7508
54.8222,0.6373,2.7454
54.8224,0.6476,2.7859
54.8226,0.7023,3.0212
54.8228,0.7318,3.1437
54.8230,0.8085,3.4782
54.8232,0.7179,3.094
54.8234,0.624,2.6893
54.8236,0.6218,2.6763
54.8238,0.6535,2.8151
54.8240,0.6757,2.908
54.8242,0.7554,3.2467
54.8244,0.7603,3.2739
54.8246,0.6309,2.7155
54.8248,0.6147,2.6495
54.8250,0.6175,2.6627
54.8252,0.6085,2.6202
54.8254,0.6063,2.6109
54.8256,0.6077,2.619
54.8258,0.611,2.6335
54.8260,0.6137,2.6424
54.8262,0.6101,2.6306
54.8264,0.6397,2.7583
54.8266,0.6096,2.6273
54.8268,0.6014,2.5886
54.8270,0.6752,2.9113
54.8272,0.5627,2.4264
54.8274,0.5476,2.3579
54.8276,0.618,2.661
54.8278,0.6587,2.8352
54.8280,0.6729,2.8907
54.8282,0.736,3.1676
54.8284,0.744,3.1992
54.8286,0.8113,3.4868
54.8288,0.7507,3.2281
54.8290,0.7199,3.097
54.8292,0.7158,3.078
54.8294,0.7427,3.1935
54.8296,0.7368,3.1756
54.8298,0.7022,3.0221
54.8300,0.7384,3.1764
54.8302,0.6923,2.9811
54.8304,0.677,2.915
54.8306,0.6792,2.9276
54.8308,0.5739,2.4699
54.8310,0.6384,2.745
54.8312,0.6892,2.9663
54.8314,0.729,3.1391
54.8316,0.671,2.8892
54.8318,0.6505,2.797
54.8320,0.7276,3.1315
54.8322,0.6664,2.8709
54.8324,0.6097,2.6242
54.8326,0.6343,2.7338
54.8328,0.5933,2.5594
54.8330,0.5363,2.3137
54.8332,0.4974,2.1456
54.8334,0.4839,2.0886
54.8336,0.4854,2.0948
54.8338,0.4906,2.1166
54.8340,0.5489,2.3625
54.8342,0.5969,2.5678
54.8344,0.6709,2.8847
54.8346,0.6522,2.8108
54.8348,0.5868,2.5303
54.8350,0.581,2.5043
54.8352,0.5426,2.3406
54.8354,0.4956,2.1378
54.8356,0.4916,2.1218
54.8358,0.495,2.1333
54.8360,0.5939,2.5572
54.8362,0.6216,2.6765
54.8364,0.6531,2.8149
54.8366,0.6137,2.6412
54.8368,0.6456,2.7811
54.8370,0.6041,2.5987
54.8372,0.7406,3.1833
54.8374,0.7421,3.1894
54.8376,0.7728,3.3229
54.8378,0.7308,3.1395
54.8380,0.7802,3.3518
54.8382,0.7986,3.4322
54.8384,0.8459,3.6239
54.8386,0.9598,4.1138
54.8388,0.9767,4.1863
54.8390,0.9887,4.2357
54.8392,0.9839,4.2131
54.8394,0.9765,4.1872
54.8396,0.979,4.198
54.8398,0.9668,4.1455
54.8400,0.9277,3.9761
54.8402,0.975,4.1771
54.8404,0.9713,4.1631
54.8406,0.9533,4.0879
54.8408,0.9738,4.172
54.8410,1.0167,4.3533
54.8412,1.0524,4.5063
54.8414,1.076,4.6139
54.8416,0.9915,4.2495
54.8418,0.9506,4.0761
54.8420,0.9488,4.0646
54.8422,0.9879,4.2321
54.8424,1.0531,4.5115
54.8426,1.0798,4.6325
54.8428,0.9427,4.0535
54.8430,0.8041,3.4575
54.8432,0.7637,3.2868
54.8434,0.7274,3.1324
54.8436,0.6695,2.8844
54.8438,0.6111,2.6316
54.8440,0.6936,2.9882
54.8442,0.6788,2.9214
54.8444,0.6295,2.7131
54.8446,0.6093,2.6238
54.8448,0.6339,2.7271
54.8450,0.7173,3.0871
54.8452,0.6833,2.9424
54.8454,0.6149,2.6562
54.8456,0.5084,2.1952
54.8458,0.4899,2.1135
54.8460,0.5766,2.4852
54.8462,0.5508,2.3785
54.8464,0.5321,2.2945
54.8466,0.5918,2.5496
54.8468,0.6097,2.6254
54.8470,0.7006,3.0195
54.8472,0.6298,2.7159
54.8474,0.5778,2.4904
54.8476,0.6007,2.5843
54.8478,0.7168,3.0778
54.8480,0.7456,3.2133
54.8482,0.593,2.556
54.8484,0.5922,2.55
54.8486,0.6157,2.6512
54.8488,0.6516,2.8056
54.8490,0.6728,2.897
54.8492,0.6715,2.8886
54.8494,0.6795,2.9272
54.8496,0.643,2.7715
54.8498,0.6045,2.6056
54.8500,0.5852,2.5224
54.8502,0.5827,2.5127
54.8504,0.5778,2.4904
54.8506,0.5661,2.442
54.8508,0.5999,2.5831
54.8510,0.6598,2.8412
54.8512,0.5833,2.5153
54.8514,0.6128,2.6364
54.8516,0.7345,3.1599
54.8518,0.6477,2.7942
54.8520,0.5498,2.3716
54.8522,0.5542,2.3908
54.8524,0.5302,2.2873
54.8526,0.5283,2.2769
54.8528,0.5203,2.2444
54.8530,0.5111,2.2071
54.8532,0.5217,2.2485
54.8534,0.5109,2.204
54.8536,0.5505,2.3725
54.8538,0.6234,2.6818
54.8540,0.735,3.1635
54.8542,0.6878,2.9587
54.8544,0.7463,3.209
54.8546,0.7304,3.1438
54.8548,0.6717,2.891
54.8550,0.6573,2.8304
54.8552,0.6436,2.7741
54.8554,0.6028,2.5954
54.8556,0.6441,2.7736
54.8558,0.688,2.9598
54.8560,0.715,3.0758
54.8562,0.7089,3.051
54.8564,0.6508,2.8038
54.8566,0.6514,2.8051
54.8568,0.6682,2.8747
54.8570,0.7127,3.0646
54.8572,0.7045,3.0352
54.8574,0.6367,2.7479
54.8576,0.5501,2.371
54.8578,0.5445,2.3467
54.8580,0.5392,2.324
54.8582,0.5337,2.3023
54.8584,0.5343,2.3049
54.8586,0.5328,2.2966
54.8588,0.5464,2.3561
54.8590,0.5475,2.3596
54.8592,0.5456,2.3514
54.8594,0.5498,2.3694
54.8596,0.5926,2.5504
54.8598,0.6109,2.6293
54.8600,0.6036,2.6015
54.8602,0.4926,2.1259
54.8604,0.4733,2.0445
54.8606,0.4649,2.0054
54.8608,0.4605,1.9877
54.8610,0.503,2.1679
54.8612,0.5536,2.3838
54.8614,0.5957,2.5662
54.8616,0.6108,2.63
54.8618,0.6156,2.6507
54.8620,0.6235,2.6885
54.8622,0.5116,2.2092
54.8624,0.4733,2.0435
54.8626,0.4735,2.0427
54.8628,0.4833,2.086
54.8630,0.4759,2.053
54.8632,0.4679,2.0174
54.8634,0.4634,1.9992
54.8636,0.4706,2.0312
54.8638,0.4886,2.1069
54.8640,0.4723,2.0356
54.8642,0.5212,2.2433
54.8644,0.6356,2.7356
54.8646,0.6149,2.6488
54.8648,0.5609,2.4175
54.8650,0.5495,2.3684
54.8652,0.5418,2.3342
54.8654,0.5394,2.3261
54.8656,0.5249,2.2625
54.8658,0.5537,2.3843
54.8660,0.6132,2.6379
54.8662,0.6247,2.6862
54.8664,0.629,2.7073
54.8666,0.6099,2.6276
54.8668,0.6041,2.5987
54.8670,0.6231,2.682
54.8672,0.5922,2.55
54.8674,0.6405,2.7581
54.8676,0.6364,2.7367
54.8678,0.6578,2.8311
54.8680,0.655,2.8166
54.8682,0.7092,3.0468
54.8684,0.7569,3.2503
54.8686,0.7231,3.1109
54.8688,0.687,2.9584
54.8690,0.6364,2.7418
54.8692,0.6604,2.8411
54.8694,0.678,2.9156
54.8696,0.697,2.9971
54.8698,0.7219,3.1014
54.8700,0.7551,3.2426
54.8702,0.7399,3.1802
54.8704,0.7675,3.2956
54.8706,0.8065,3.463
54.8708,0.8385,3.6004
54.8710,0.7994,3.431
54.8712,0.7845,3.3687
54.8714,0.7838,3.3672
54.8716,0.8503,3.6497
54.8718,0.8718,3.7366
54.8720,0.915,3.9179
54.8722,0.9346,4.0133
54.8724,0.8315,3.5689
54.8726,0.9352,4.001
54.8728,1.0856,4.6399
54.8730,1.1232,4.812
54.8732,0.9653,4.1432
54.8734,0.8367,3.5877
54.8736,0.9008,3.861
54.8738,0.9801,4.2046
54.8740,0.9349,4.0069
54.8742,0.9183,3.9397
54.8744,0.924,3.9638
54.8746,0.9089,3.8972
54.8748,0.9062,3.8895
54.8750,0.8554,3.6782
54.8752,0.82,3.5228
54.8754,0.7977,3.4318
54.8756,0.734,3.1549
54.8758,0.8358,3.5874
54.8760,0.9086,3.8925
54.8762,0.9665,4.1406
54.8764,0.9596,4.1204
54.8766,0.8568,3.6809
54.8768,0.844,3.6241
54.8770,0.8295,3.5701
54.8772,0.7647,3.2884
54.8774,0.8036,3.4522
54.8776,0.7845,3.3719
54.8778,0.7158,3.078
54.8780,0.7008,3.0178
54.8782,0.6978,3.0021
54.8784,0.6986,3.0052
54.8786,0.6772,2.9174
54.8788,0.7237,3.1135
54.8790,0.7108,3.0564
54.8792,0.7078,3.0491
54.8794,0.6621,2.8457
54.8796,0.7181,3.0907
54.8798,0.7193,3.0987
54.8800,0.7394,3.1752
54.8802,0.8103,3.4827
54.8804,0.7527,3.2383
54.8806,0.7452,3.2058
54.8808,0.7408,3.1853
54.8810,0.7452,3.2043
54.8812,0.6849,2.9546
54.8814,0.5764,2.4865
54.8816,0.5899,2.5437
54.8818,0.5688,2.4516
54.8820,0.6486,2.7914
54.8822,0.693,2.9828
54.8824,0.6789,2.9206
54.8826,0.7242,3.117
54.8828,0.6801,2.9298
54.8830,0.5944,2.5629
54.8832,0.6001,2.5829
54.8834,0.6906,2.9697
54.8836,0.6694,2.8865
54.8838,0.5831,2.5108
54.8840,0.6414,2.7604
54.8842,0.6312,2.7203
54.8844,0.5807,2.5016
54.8846,0.655,2.8232
54.8848,0.6318,2.7229
54.8850,0.5749,2.4814
54.8852,0.4992,2.1553
54.8854,0.4767,2.0566
54.8856,0.5236,2.2578
54.8858,0.5625,2.4242
54.8860,0.5295,2.2842
54.8862,0.5201,2.2439
54.8864,0.5581,2.4056
54.8866,0.5839,2.5156
54.8868,0.6367,2.739
54.8870,0.724,3.1116
54.8872,0.8059,3.462
54.8874,0.7657,3.294
54.8876,0.6836,2.9421
54.8878,0.6812,2.9331
54.8880,0.7151,3.0764
54.8882,0.7362,3.1642
54.8884,0.7494,3.2239
54.8886,0.7458,3.2084
54.8888,0.7535,3.2354
54.8890,0.809,3.4738
54.8892,0.8264,3.5501
54.8894,0.793,3.4069
54.8896,0.7778,3.3461
54.8898,0.7768,3.3405
54.8900,0.7415,3.1913
54.8902,0.723,3.109
54.8904,0.7471,3.2081
54.8906,0.8539,3.6634
54.8908,0.8827,3.7886
54.8910,0.8393,3.6091
54.8912,0.7848,3.3776
54.8914,0.7478,3.2142
54.8916,0.768,3.3069
54.8918,0.6659,2.8702
54.8920,0.6645,2.86
54.8922,0.6438,2.7707
54.8924,0.6243,2.6884
54.8926,0.6402,2.7565
54.8928,0.6569,2.8288
54.8930,0.6149,2.6513
54.8932,0.5545,2.3923
54.8934,0.5537,2.3876
54.8936,0.5554,2.3893
54.8938,0.6857,2.95
54.8940,0.6623,2.8534
54.8942,0.6203,2.6721
54.8944,0.6861,2.9488
54.8946,0.7641,3.2873
54.8948,0.7484,3.2198
54.8950,0.7569,3.2609
54.8952,0.5959,2.5684
54.8954,0.5629,2.4263
54.8956,0.5604,2.4154
54.8958,0.55,2.3705
54.8960,0.596,2.5689
54.8962,0.6298,2.7121
54.8964,0.6691,2.8769
54.8966,0.6909,2.9722
54.8968,0.6682,2.8773
54.8970,0.6524,2.8027
54.8972,0.7923,3.4038
54.8974,0.8108,3.488
54.8976,0.6685,2.8824
54.8978,0.6134,2.6426
54.8980,0.6807,2.9324
54.8982,0.6466,2.7857
54.8984,0.5953,2.5634
54.8986,0.6173,2.6604
54.8988,0.5986,2.581
54.8990,0.5888,2.5379
54.8992,0.5923,2.5529
54.8994,0.5405,2.3329
54.8996,0.5022,2.1683
54.8998,0.4936,2.1305
54.9000,0.4923,2.1239
54.9002,0.495,2.1352
54.9004,0.4992,2.1534
54.9006,0.495,2.1352
54.9008,0.489,2.1094
54.9010,0.4924,2.1264
54.9012,0.4825,2.0824
54.9014,0.4815,2.0764
54.9016,0.4779,2.0637
54.9018,0.4805,2.0727
54.9020,0.4796,2.069
54.9022,0.5219,2.2485
54.9024,0.5711,2.4569
54.9026,0.5478,2.3623
54.9028,0.5047,2.1771
54.9030,0.5307,2.2883
54.9032,0.5837,2.5098
54.9034,0.6713,2.8881
54.9036,0.7152,3.074
54.9038,0.7653,3.291
54.9040,0.7316,3.1417
54.9042,0.7749,3.326
54.9044,0.7414,3.1878
54.9046,0.7438,3.1952
54.9048,0.8192,3.5175
54.9050,0.8527,3.6617
54.9052,0.7923,3.4006
54.9054,0.8521,3.6523
54.9056,0.9816,4.2034
54.9058,0.9959,4.2625
54.9060,1.0049,4.307
54.9062,0.9927,4.2546
54.9064,0.9852,4.2208
54.9066,0.987,4.2324
54.9068,0.915,3.9271
54.9070,0.8506,3.6473
54.9072,0.9378,4.0211
54.9074,0.9174,3.9337
54.9076,0.9271,3.9753
54.9078,0.9222,3.9616
54.9080,0.8942,3.8381
54.9082,0.9135,3.9136
54.9084,0.9857,4.2189
54.9086,1.0174,4.3523
54.9088,1.0796,4.6207
54.9090,1.093,4.6716
54.9092,1.1133,4.7716
54.9094,1.05,4.5065
54.9096,0.9434,4.0453
54.9098,0.9432,4.0537
54.9100,0.8204,3.526
54.9102,0.8444,3.6223
54.9104,0.9999,4.2774
54.9106,1.0897,4.6725
54.9108,0.9152,3.9318
54.9110,0.8442,3.637
54.9112,0.7215,3.1095
54.9114,0.645,2.7785
54.9116,0.6379,2.7493
54.9118,0.6435,2.771
54.9120,0.6511,2.8048
54.9122,0.5962,2.5659
54.9124,0.6935,2.9877
54.9126,0.6969,3.0007
54.9128,0.6884,2.9586
54.9130,0.7374,3.1767
54.9132,0.7054,3.0346
54.9134,0.7762,3.3363
54.9136,0.7839,3.374
54.9138,0.6459,2.7852
54.9140,0.6617,2.8508
54.9142,0.727,3.126
54.9144,0.7935,3.4105
54.9146,0.7472,3.2146
54.9148,0.7537,3.2379
54.9150,0.7803,3.3554
54.9152,0.7698,3.3147
54.9154,0.7215,3.1066
54.9156,0.6942,2.988
54.9158,0.6748,2.9111
54.9160,0.6297,2.7154
54.9162,0.5592,2.4125
54.9164,0.5556,2.3925
54.9166,0.606,2.6142
54.9168,0.543,2.3427
54.9170,0.5962,2.5647
54.9172,0.7175,3.0881
54.9174,0.652,2.8116
54.9176,0.6337,2.7324
54.9178,0.6571,2.828
54.9180,0.6649,2.8642
54.9182,0.5766,2.4887
54.9184,0.485,2.0952
54.9186,0.4242,1.8326
54.9188,0.4022,1.7389
54.9190,0.4309,1.8616
54.9192,0.4574,1.9761
54.9194,0.4496,1.9415
54.9196,0.4547,1.9633
54.9198,0.4861,2.096
54.9200,0.5496,2.3689
54.9202,0.5674,2.4465
54.9204,0.5668,2.4406
54.9206,0.5601,2.4139
54.9208,0.5664,2.4435
54.9210,0.5629,2.4285
54.9212,0.5631,2.4279
54.9214,0.5615,2.4212
54.9216,0.5506,2.372
54.9218,0.5566,2.3978
54.9220,0.5598,2.4128
54.9222,0.6219,2.6793
54.9224,0.6555,2.82
54.9226,0.762,3.2735
54.9228,0.7463,3.2179
54.9230,0.5674,2.4443
54.9232,0.6019,2.5942
54.9234,0.5653,2.4355
54.9236,0.5928,2.549
54.9238,0.6854,2.9498
54.9240,0.6127,2.6432
54.9242,0.5713,2.4647
54.9244,0.5465,2.3555
54.9246,0.5435,2.3436
54.9248,0.543,2.3405
54.9250,0.6141,2.6457
54.9252,0.6304,2.7134
54.9254,0.6309,2.7143
54.9256,0.5936,2.5633
54.9258,0.5121,2.2102
54.9260,0.5057,2.1808
54.9262,0.4999,2.1575
54.9264,0.4986,2.1498
54.9266,0.5295,2.2842
54.9268,0.5518,2.376
54.9270,0.5568,2.4033
54.9272,0.4676,2.0182
54.9274,0.4689,2.023
54.9276,0.555,2.3911
54.9278,0.6175,2.6589
54.9280,0.6643,2.8563
54.9282,0.7037,3.0274
54.9284,0.6906,2.967
54.9286,0.6953,2.9954
54.9288,0.6102,2.6275
54.9290,0.6134,2.6389
54.9292,0.6277,2.7053
54.9294,0.5827,2.5104
54.9296,0.5981,2.5741
54.9298,0.5993,2.5817
54.9300,0.5705,2.4588
54.9302,0.568,2.4491
54.9304,0.5328,2.2934
54.9306,0.6237,2.6883
54.9308,0.6065,2.6127
54.9310,0.6018,2.5901
54.9312,0.6195,2.669
54.9314,0.6024,2.5951
54.9316,0.6131,2.6374
54.9318,0.6783,2.9166
54.9320,0.6989,3.0067
54.9322,0.7085,3.0466
54.9324,0.7061,3.0391
54.9326,0.6258,2.6946
54.9328,0.626,2.6956
54.9330,0.6282,2.7036
54.9332,0.6492,2.7901
54.9334,0.636,2.7435
54.9336,0.5439,2.3452
54.9338,0.498,2.1462
54.9340,0.4855,2.0934
54.9342,0.4912,2.1192
54.9344,0.4909,2.1177
54.9346,0.4962,2.1365
54.9348,0.5869,2.5249
54.9350,0.6151,2.6474
54.9352,0.6328,2.7263
54.9354,0.5537,2.3865
54.9356,0.4993,2.1549
54.9358,0.497,2.144
54.9360,0.5201,2.2418
54.9362,0.5963,2.5616
54.9364,0.7394,3.1752
54.9366,0.7842,3.3703
54.9368,0.7597,3.2622
54.9370,0.7291,3.1323
54.9372,0.7075,3.0396
54.9374,0.7938,3.4116
54.9376,0.7386,3.176
54.9378,0.7231,3.1066
54.9380,0.7411,3.1838
54.9382,0.7568,3.2468
54.9384,0.8815,3.7782
54.9386,0.9238,3.9615
54.9388,0.911,3.9046
54.9390,0.9183,3.9397
54.9392,0.9025,3.87
54.9394,0.9568,4.099
54.9396,0.9674,4.1442
54.9398,0.9675,4.1447
54.9400,0.9809,4.2023
54.9402,0.9517,4.0769
54.9404,0.9573,4.103
54.9406,0.9545,4.0912
54.9408,0.955,4.099
54.9410,0.9104,3.9057
54.9412,0.9149,3.9229
54.9414,0.8748,3.7529
54.9416,0.8285,3.5544
54.9418,0.8369,3.5887
54.9420,0.933,4.0024
54.9422,0.9145,3.9269
54.9424,0.8519,3.6615
54.9426,0.7727,3.3193
54.9428,0.7408,3.1882
54.9430,0.6894,2.9646
54.9432,0.7496,3.2234
54.9434,0.7387,3.175
54.9436,0.7266,3.1244
54.9438,0.7356,3.1646
54.9440,0.7057,3.0375
54.9442,0.7073,3.0442
54.9444,0.682,2.934
54.9446,0.6975,2.9991
54.9448,0.7012,3.0165
54.9450,0.74,3.1881
54.9452,0.6596,2.8375
54.9454,0.7489,3.2233
54.9456,0.7013,3.017
54.9458,0.7373,3.1703
54.9460,0.7248,3.1138
54.9462,0.7701,3.3116
54.9464,0.6737,2.8997
54.9466,0.6627,2.8496
54.9468,0.6782,2.9256
54.9470,0.6087,2.6225
54.9472,0.646,2.7818
54.9474,0.6533,2.8146
54.9476,0.671,2.8906
54.9478,0.6972,2.9981
54.9480,0.7229,3.1084
54.9482,0.6962,2.9949
54.9484,0.7447,3.2067
54.9486,0.6935,2.9849
54.9488,0.6812,2.9345
54.9490,0.6716,2.8905
54.9492,0.7097,3.0503
54.9494,0.7253,3.1202
54.9496,0.7043,3.0299
54.9498,0.6837,2.9398
54.9500,0.6976,3.0038
54.9502,0.6948,2.992
54.9504,0.7325,3.1482
54.9506,0.7331,3.1537
54.9508,0.7403,3.1802
54.9510,0.7596,3.2647
54.9512,0.7638,3.2858
54.9514,0.7286,3.139
54.9516,0.5493,2.3696
54.9518,0.4902,2.1165
54.9520,0.517,2.2304
54.9522,0.5824,2.51
54.9524,0.5707,2.4622
54.9526,0.5428,2.3416
54.9528,0.5657,2.4336
54.9530,0.6681,2.8768
54.9532,0.6519,2.8058
54.9534,0.6616,2.8423
54.9536,0.7784,3.3503
54.9538,0.7356,3.166
54.9540,0.6868,2.9546
54.9542,0.6561,2.8265
54.9544,0.6984,3.0019
54.9546,0.8014,3.4429
54.9548,0.7539,3.242
54.9550,0.825,3.5444
54.9552,0.7798,3.3565
54.9554,0.6717,2.891
54.9556,0.6372,2.7449
54.9558,0.6243,2.6896
54.9560,0.643,2.7676
54.9562,0.6975,2.9977
54.9564,0.7122,3.0597
54.9566,0.7421,3.1924
54.9568,0.7818,3.3569
54.9570,0.8771,3.7697
54.9572,0.7254,3.1236
54.9574,0.636,2.7397
54.9576,0.6102,2.6287
54.9578,0.6071,2.614
54.9580,0.6099,2.6276
54.9582,0.6131,2.6423
54.9584,0.6041,2.6023
54.9586,0.6601,2.8449
54.9588,0.567,2.4461
54.9590,0.5424,2.339
54.9592,0.5424,2.339
54.9594,0.5452,2.352
54.9596,0.5416,2.3354
54.9598,0.545,2.3509
54.9600,0.543,2.3383
54.9602,0.6288,2.7075
54.9604,0.6204,2.6751
54.9606,0.5716,2.4612
54.9608,0.6342,2.7307
54.9610,0.6896,2.9665
54.9612,0.6915,2.9706
54.9614,0.732,3.1506
54.9616,0.6737,2.8997
54.9618,0.6622,2.8529
54.9620,0.5783,2.4936
54.9622,0.5604,2.4154
54.9624,0.6107,2.632
54.9626,0.5543,2.388
54.9628,0.5409,2.3301
54.9630,0.5914,2.5464
54.9632,0.6187,2.6653
54.9634,0.6842,2.9433
54.9636,0.756,3.2477
54.9638,0.7454,3.2113
54.9640,0.6263,2.6991
54.9642,0.6013,2.5917
54.9644,0.6267,2.6924
54.9646,0.6969,2.9993
54.9648,0.6212,2.6774
54.9650,0.6155,2.6514
54.9652,0.6629,2.8573
54.9654,0.6057,2.6071
54.9656,0.6122,2.6399
54.9658,0.5155,2.2237
54.9660,0.4976,2.1456
54.9662,0.5049,2.1782
54.9664,0.4876,2.1037
54.9666,0.4794,2.068
54.9668,0.5156,2.2222
54.9670,0.6146,2.6478
54.9672,0.5906,2.5457
54.9674,0.542,2.3358
54.9676,0.5529,2.3807
54.9678,0.602,2.5911
54.9680,0.6049,2.6035
54.9682,0.6175,2.6589
54.9684,0.6211,2.6732
54.9686,0.641,2.7589
54.9688,0.6669,2.8717
54.9690,0.5812,2.5037
54.9692,0.5962,2.5659
54.9694,0.658,2.8269
54.9696,0.7593,3.2576
54.9698,0.8239,3.5409
54.9700,0.7778,3.343
54.9702,0.7878,3.3826
54.9704,0.8054,3.4567
54.9706,0.8363,3.5895
54.9708,0.8517,3.6537
54.9710,0.879,3.7709
54.9712,0.8173,3.5093
54.9714,0.8308,3.5642
54.9716,0.9286,3.9783
54.9718,0.9876,4.2291
54.9720,0.9796,4.1986
54.9722,0.9776,4.1918
54.9724,0.9622,4.1221
54.9726,0.9736,4.169
54.9728,0.9903,4.2443
54.9730,0.9549,4.0985
54.9732,0.9439,4.0454
54.9734,0.9804,4.2041
54.9736,0.94,4.0328
54.9738,0.9482,4.0545
54.9740,1.0527,4.5079
54.9742,1.0386,4.4535
54.9744,1.0332,4.4242
54.9746,1.0315,4.419
54.9748,1.0398,4.4586
54.9750,1.0081,4.3229
54.9752,0.9896,4.2432
54.9754,0.9083,3.9037
54.9756,0.758,3.2641
54.9758,0.7217,3.1091
54.9760,0.6721,2.8952
54.9762,0.6466,2.7844
54.9764,0.7084,3.0503
54.9766,0.7338,3.1554
54.9768,0.7752,3.3348
54.9770,0.7343,3.1574
54.9772,0.7055,3.0407
54.9774,0.6243,2.6909
54.9776,0.6048,2.6054
54.9778,0.6692,2.8788
54.9780,0.7436,3.2036
54.9782,0.6764,2.9125
54.9784,0.6507,2.8033
54.9786,0.6134,2.6438
54.9788,0.601,2.5901
54.9790,0.5879,2.5361
54.9792,0.5676,2.4487
54.9794,0.5705,2.4611
54.9796,0.567,2.4439
54.9798,0.5974,2.577
54.9800,0.6048,2.6066
54.9802,0.593,2.5548
54.9804,0.6151,2.6462
54.9806,0.6651,2.8626
54.9808,0.6402,2.7565
54.9810,0.6266,2.7019
54.9812,0.6215,2.676
54.9814,0.6745,2.9042
54.9816,0.6161,2.6577
54.9818,0.5417,2.3348
54.9820,0.5719,2.4673
54.9822,0.5248,2.2609
54.9824,0.5381,2.3247
54.9826,0.4965,2.143
54.9828,0.4975,2.1461
54.9830,0.4954,2.1363
54.9832,0.5887,2.5362
54.9834,0.658,2.8308
54.9836,0.6412,2.7663
54.9838,0.5249,2.2677
54.9840,0.4351,1.8797
54.9842,0.4011,1.7334
54.9844,0.4008,1.7332
54.9846,0.4153,1.7934
54.9848,0.454,1.9602
54.9850,0.4507,1.9462
54.9852,0.4489,1.9375
54.9854,0.5167,2.2299
54.9856,0.486,2.0994
54.9858,0.4633,1.9978
54.9860,0.5525,2.3813
54.9862,0.5792,2.4989
54.9864,0.5673,2.4449
54.9866,0.5644,2.4302
54.9868,0.5595,2.4113
54.9870,0.5704,2.4583
54.9872,0.5842,2.5154
54.9874,0.6224,2.6776
54.9876,0.6438,2.7707
54.9878,0.664,2.8579
54.9880,0.6752,2.9046
54.9882,0.6665,2.8675
54.9884,0.6667,2.864
54.9886,0.7173,3.0856
54.9888,0.727,3.126
54.9890,0.733,3.1503
54.9892,0.7072,3.0423
54.9894,0.7029,3.028
54.9896,0.6501,2.8007
54.9898,0.6192,2.6637
54.9900,0.6699,2.8806
54.9902,0.7032,3.0253
54.9904,0.6599,2.8404
54.9906,0.6825,2.9347
54.9908,0.7143,3.0699
54.9910,0.7197,3.0988
54.9912,0.6577,2.8332
54.9914,0.65,2.8002
54.9916,0.6408,2.7578
54.9918,0.6875,2.9591
54.9920,0.5989,2.5801
54.9922,0.5548,2.3945
54.9924,0.5235,2.2552
54.9926,0.5834,2.5147
54.9928,0.5182,2.2356
54.9930,0.4777,2.0617
54.9932,0.4705,2.0307
54.9934,0.473,2.0396
54.9936,0.4687,2.022
54.9938,0.4892,2.1065
54.9940,0.6019,2.5906
54.9942,0.6093,2.6226
54.9944,0.6179,2.6593
54.9946,0.5936,2.5574
54.9948,0.5367,2.3153
54.9950,0.4781,2.0633
54.9952,0.4673,2.0158
54.9954,0.4818,2.0755
54.9956,0.5737,2.4705
54.9958,0.577,2.4856
54.9960,0.5584,2.4089
54.9962,0.5146,2.2201
54.9964,0.5632,2.4239
54.9966,0.628,2.7031
54.9968,0.6421,2.7661
54.9970,0.6294,2.7075
54.9972,0.6753,2.9065
54.9974,0.6777,2.9168
54.9976,0.6198,2.6688
54.9978,0.6481,2.788
54.9980,0.6469,2.7854
54.9982,0.6193,2.6667
54.9984,0.602,2.5948
54.9986,0.5832,2.5113
54.9988,0.5769,2.4874
54.9990,0.5057,2.1828
54.9992,0.4882,2.1063
54.9994,0.4826,2.082
54.9996,0.4771,2.0582
54.9998,0.4766,2.0552
55.0000,0.4776,2.0602
55.0002,0.4828,2.082
55.0004,0.4793,2.0656
55.0006,0.4824,2.078
55.0008,0.49,2.1121
55.0010,0.5332,2.2981
55.0012,0.5814,2.5059
55.0014,0.5261,2.2687
55.0016,0.4952,2.1353
55.0018,0.4927,2.1254
55.0020,0.5119,2.2061
55.0022,0.4999,2.1535
55.0024,0.5524,2.3775
55.0026,0.6176,2.6558
55.0028,0.7055,3.0337
55.0030,0.7072,3.0395
55.0032,0.731,3.1406
55.0034,0.7018,3.0149
55.0036,0.7201,3.0951
55.0038,0.7399,3.1787
55.0040,0.7704,3.3095
55.0042,0.8025,3.4395
55.0044,0.8509,3.654
55.0046,0.7776,3.3451
55.0048,0.7026,3.0157
55.0050,0.8224,3.5249
55.0052,0.852,3.6535
55.0054,0.8245,3.5369
55.0056,0.8633,3.7036
55.0058,0.8647,3.7097
55.0060,0.8508,3.6518
55.0062,0.7988,3.4332
55.0064,0.7616,3.2719
55.0066,0.8649,3.7068
55.0068,0.9478,4.0567
55.0070,1.0279,4.4057
55.0072,0.9448,4.0514
55.0074,0.953,4.0845
55.0076,0.9647,4.1349
55.0078,0.9396,4.0326
55.0080,0.9095,3.898
55.0082,0.984,4.2117
55.0084,1.011,4.3352
55.0086,0.8894,3.8192
55.0088,0.8423,3.6152
55.0090,0.8661,3.7188
55.0092,0.8036,3.4538
55.0094,0.7374,3.1708
55.0096,0.7553,3.2446
55.0098,0.8129,3.4891
55.0100,0.8481,3.6399
55.0102,0.8108,3.4799
55.0104,0.7977,3.427
55.0106,0.7887,3.3868
55.0108,0.8243,3.543
55.0110,0.7814,3.3554
55.0112,0.852,3.6586
55.0114,0.8627,3.7044
55.0116,0.8563,3.6806
55.0118,0.7292,3.1401
55.0120,0.6032,2.5999
55.0122,0.5964,2.5717
55.0124,0.5849,2.5209
55.0126,0.615,2.6469
55.0128,0.6507,2.8007
55.0130,0.6813,2.9309
55.0132,0.7068,3.0408
55.0134,0.705,3.033
55.0136,0.6822,2.935
55.0138,0.7162,3.0781
55.0140,0.7506,3.2305
55.0142,0.7005,3.0106
55.0144,0.7496,3.2234
55.0146,0.7131,3.069
55.0148,0.6669,2.8717
55.0150,0.6325,2.721
55.0152,0.6699,2.8859
55.0154,0.6339,2.7335
55.0156,0.5932,2.5518
55.0158,0.6327,2.727
55.0160,0.585,2.5225
55.0162,0.6126,2.6378
55.0164,0.686,2.9483
55.0166,0.7386,3.1745
55.0168,0.7067,3.0374
55.0170,0.7355,3.167
55.0172,0.6054,2.6104
55.0174,0.5683,2.4529
55.0176,0.5572,2.4026
55.0178,0.5709,2.4604
55.0180,0.5713,2.4613
55.0182,0.5809,2.5026
55.0184,0.5824,2.5112
55.0186,0.5512,2.3789
55.0188,0.5135,2.2134
55.0190,0.5816,2.5069
55.0192,0.6272,2.6983
55.0194,0.6627,2.8536
55.0196,0.6339,2.7271
55.0198,0.6909,2.9722
55.0200,0.7213,3.1003
55.0202,0.7261,3.1267
55.0204,0.6607,2.8448
55.0206,0.6403,2.757
55.0208,0.6753,2.9024
55.0210,0.7344,3.1565
55.0212,0.7686,3.3018
55.0214,0.8023,3.4482
55.0216,0.6816,2.9338
55.0218,0.6463,2.7829
55.0220,0.6448,2.778
55.0222,0.6324,2.7242
55.0224,0.63,2.7126
55.0226,0.6266,2.6982
55.0228,0.62,2.6698
55.0230,0.633,2.723
55.0232,0.7995,3.4331
55.0234,0.79,3.3956
55.0236,0.6972,3.0009
55.0238,0.6364,2.7443
55.0240,0.6231,2.6832
55.0242,0.6646,2.8645
55.0244,0.6382,2.7457
55.0246,0.6559,2.8242
55.0248,0.6237,2.687
55.0250,0.6203,2.6683
55.0252,0.6569,2.8328
55.0254,0.5878,2.5321
55.0256,0.5536,2.3871
55.0258,0.5867,2.5286
55.0260,0.6008,2.592
55.0262,0.5531,2.3828
55.0264,0.6444,2.7682
55.0266,0.7126,3.0641
55.0268,0.6735,2.8987
55.0270,0.6398,2.755
55.0272,0.706,3.0357
55.0274,0.7733,3.3219
55.0276,0.7896,3.3935
55.0278,0.8003,3.4383
55.0280,0.7566,3.2503
55.0282,0.7225,3.1083
55.0284,0.7014,3.0147
55.0286,0.7065,3.0435
55.0288,0.6339,2.7297
55.0290,0.6291,2.7078
55.0292,0.6372,2.7436
55.0294,0.6813,2.9309
55.0296,0.7138,3.0635
55.0298,0.8337,3.5782
55.0300,0.79,3.394
55.0302,0.7499,3.2244
55.0304,0.7804,3.3512
55.0306,0.8376,3.6002
55.0308,0.7097,3.056
55.0310,0.6953,2.9926
55.0312,0.6777,2.9154
55.0314,0.6846,2.9426
55.0316,0.6905,2.9679
55.0318,0.7324,3.1521
55.0320,0.6759,2.9117
55.0322,0.6225,2.6794
55.0324,0.6386,2.7498
55.0326,0.6081,2.6187
55.0328,0.5466,2.3604
55.0330,0.5264,2.2687
55.0332,0.5846,2.5198
55.0334,0.5325,2.2971
55.0336,0.4938,2.1321
55.0338,0.4909,2.1196
55.0340,0.4884,2.1078
55.0342,0.5127,2.2077
55.0344,0.5915,2.5469
55.0346,0.5804,2.5041
55.0348,0.495,2.1352
55.0350,0.5102,2.1969
55.0352,0.609,2.6211
55.0354,0.6982,3.0036
55.0356,0.6681,2.8755
55.0358,0.6171,2.6549
55.0360,0.693,2.9801
55.0362,0.7036,3.0268
55.0364,0.6523,2.8035
55.0366,0.7248,3.1138
55.0368,0.8096,3.4796
55.0370,0.8266,3.5462
55.0372,0.8406,3.6114
55.0374,0.8103,3.4713
55.0376,0.9566,4.098
55.0378,1.0053,4.3066
55.0380,0.9846,4.2182
55.0382,0.9655,4.1379
55.0384,0.9637,4.1302
55.0386,0.9736,4.1748
55.0388,0.9655,4.1437
55.0390,0.9291,3.9822
55.0392,0.9549,4.0908
55.0394,0.9591,4.1145
55.0396,0.9796,4.1966
55.0398,1.0149,4.3517
55.0400,1.0045,4.3015
55.0402,1.0798,4.6217
55.0404,1.1117,4.7582
55.0406,1.0554,4.5234
55.0408,1.0344,4.4272
55.0410,1.0608,4.5423
55.0412,1.031,4.4232
55.0414,0.9216,3.9572
55.0416,0.8127,3.4962
55.0418,0.749,3.2313
55.0420,0.5972,2.5729
55.0422,0.6215,2.676
55.0424,0.6798,2.9288
55.0426,0.6561,2.8291
55.0428,0.5969,2.5701
55.0430,0.6128,2.6413
55.0432,0.6218,2.6813
55.0434,0.6435,2.7723
55.0436,0.6887,2.9629
55.0438,0.7223,3.1044
55.0440,0.7412,3.1918
55.0442,0.6548,2.8195
55.0444,0.6536,2.8144
55.0446,0.6556,2.8231
55.0448,0.6704,2.8866
55.0450,0.6605,2.8417
55.0452,0.7197,3.1017
55.0454,0.6254,2.6943
55.0456,0.6324,2.7204
55.0458,0.6826,2.9352
55.0460,0.736,3.1661
55.0462,0.7029,3.0294
55.0464,0.6236,2.684
55.0466,0.6433,2.7712
55.0468,0.6351,2.7387
55.0470,0.5958,2.5703
55.0472,0.5863,2.5235
55.0474,0.6629,2.852
55.0476,0.6687,2.8794
55.0478,0.6549,2.82
55.0480,0.6288,2.7113
55.0482,0.5769,2.4874
55.0484,0.5421,2.3407
55.0486,0.4958,2.1399
55.0488,0.4851,2.0928
55.0490,0.4951,2.1368
55.0492,0.495,2.1352
55.0494,0.5271,2.2718
55.0496,0.6101,2.6282
55.0498,0.6113,2.6333
55.0500,0.6017,2.5932
55.0502,0.6459,2.78
55.0504,0.7197,3.0974
55.0506,0.6471,2.7865
55.0508,0.5734,2.4724
55.0510,0.5483,2.3632
55.0512,0.5792,2.4943
55.0514,0.6081,2.6235
55.0516,0.5974,2.5746
55.0518,0.6224,2.6801
55.0520,0.6514,2.8051
55.0522,0.586,2.5255
55.0524,0.5703,2.4578
55.0526,0.5673,2.4449
55.0528,0.573,2.4674
55.0530,0.6216,2.6802
55.0532,0.5872,2.533
55.0534,0.5659,2.4369
55.0536,0.6224,2.6801
55.0538,0.6549,2.8174
55.0540,0.7179,3.0882
55.0542,0.7102,3.0509
55.0544,0.7272,3.1241
55.0546,0.6899,2.9736
55.0548,0.5692,2.4543
55.0550,0.5507,2.3747
55.0552,0.6039,2.597
55.0554,0.7037,3.0288
55.0556,0.5989,2.5825
55.0558,0.553,2.3834
55.0560,0.6309,2.713
55.0562,0.6797,2.9242
55.0564,0.6276,2.7048
55.0566,0.5972,2.5729
55.0568,0.624,2.6881
55.0570,0.6182,2.6608
55.0572,0.7358,3.1671
55.0574,0.659,2.8363
55.0576,0.6388,2.7521
55.0578,0.5662,2.4414
55.0580,0.5484,2.367
55.0582,0.5812,2.5048
55.0584,0.5849,2.5197
55.0586,0.5784,2.4941
55.0588,0.4995,2.1569
55.0590,0.4683,2.0204
55.0592,0.4668,2.0128
55.0594,0.4699,2.0271
55.0596,0.4734,2.0421
55.0598,0.4772,2.0606
55.0600,0.4701,2.0282
55.0602,0.4992,2.1504
55.0604,0.5633,2.4267
55.0606,0.5992,2.58
55.0608,0.6011,2.5894
55.0610,0.5722,2.4649
55.0612,0.5514,2.3745
55.0614,0.5861,2.526
55.0616,0.6212,2.6787
55.0618,0.5511,2.3762
55.0620,0.5222,2.2474
55.0622,0.5704,2.4583
55.0624,0.5364,2.3089
55.0626,0.6199,2.668
55.0628,0.6301,2.7106
55.0630,0.6808,2.9329
55.0632,0.6084,2.6185
55.0634,0.6316,2.7186
55.0636,0.6832,2.9405
55.0638,0.6669,2.8703
55.0640,0.6,2.5836
55.0642,0.5687,2.45
55.0644,0.5051,2.1772
55.0646,0.5631,2.4279
55.0648,0.5179,2.234
55.0650,0.4956,2.1368
55.0652,0.5213,2.2501
55.0654,0.4999,2.1565
55.0656,0.5017,2.1632
55.0658,0.5047,2.1761
55.0660,0.5236,2.2547
55.0662,0.5993,2.5769
55.0664,0.5917,2.5527
55.0666,0.5056,2.1793
55.0668,0.5204,2.2418
55.0670,0.5596,2.4085
55.0672,0.5899,2.5378
55.0674,0.6131,2.6398
55.0676,0.6181,2.6615
55.0678,0.6508,2.7999
55.0680,0.6152,2.6479
55.0682,0.6271,2.7015
55.0684,0.6496,2.7973
55.0686,0.641,2.7563
55.0688,0.6429,2.7645
55.0690,0.6189,2.6614
55.0692,0.638,2.7421
55.0694,0.7029,3.0195
55.0696,0.7306,3.1371
55.0698,0.7827,3.3641
55.0700,0.7626,3.273
55.0702,0.8253,3.5421
55.0704,0.8098,3.4758
55.0706,0.832,3.5743
55.0708,0.8325,3.5714
55.0710,0.8502,3.6475
55.0712,0.8643,3.7025
55.0714,0.9131,3.917
55.0716,0.9471,4.0574
55.0718,0.9886,4.2332
55.0720,0.9874,4.2261
55.0722,0.9904,4.2468
55.0724,0.9219,3.9514
55.0726,0.9232,3.9607
55.0728,0.8867,3.8003
55.0730,0.953,4.0864
55.0732,0.9544,4.0926
55.0734,0.9382,4.0213
55.0736,0.9089,3.899
55.0738,0.9031,3.8725
55.0740,0.9334,4.0045
55.0742,0.9041,3.8748
55.0744,0.9553,4.0962
55.0746,0.89,3.8218
55.0748,0.834,3.5881
55.0750,0.7429,3.1931
55.0752,0.7252,3.1124
55.0754,0.8152,3.5005
55.0756,0.8475,3.6458
55.0758,0.7351,3.1581
55.0760,0.7158,3.0766
55.0762,0.7378,3.1768
55.0764,0.7396,3.1831
55.0766,0.7108,3.0549
55.0768,0.7542,3.243
55.0770,0.7747,3.3265
55.0772,0.8241,3.5337
55.0774,0.8628,3.7067
55.0776,0.8117,3.4954
55.0778,0.7152,3.0769
55.0780,0.6555,2.8252
55.0782,0.6134,2.6426
55.0784,0.6459,2.78
55.0786,0.6569,2.8262
55.0788,0.7348,3.161
55.0790,0.762,3.278
55.0792,0.7541,3.2455
55.0794,0.7117,3.0619
55.0796,0.7391,3.1825
55.0798,0.6759,2.9158
55.0800,0.5843,2.5183
55.0802,0.5728,2.4698
55.0804,0.5964,2.5681
55.0806,0.644,2.7756
55.0808,0.5885,2.5364
55.0810,0.5595,2.4135
55.0812,0.5709,2.4615
55.0814,0.5647,2.434
55.0816,0.5751,2.4773
55.0818,0.6049,2.6072
55.0820,0.5887,2.5374
55.0822,0.5832,2.5113
55.0824,0.6319,2.7209
55.0826,0.6307,2.717
55.0828,0.6309,2.718
55.0830,0.6498,2.803
55.0832,0.5758,2.4827
55.0834,0.5646,2.4324
55.0836,0.5622,2.4221
55.0838,0.5711,2.4614
55.0840,0.5179,2.2351
55.0842,0.4787,2.0659
55.0844,0.4875,2.1032
55.0846,0.5719,2.4639
55.0848,0.5549,2.3883
55.0850,0.6218,2.68
55.0852,0.624,2.6831
55.0854,0.6416,2.7589
55.0856,0.6529,2.8113
55.0858,0.6421,2.7635
55.0860,0.6498,2.7965
55.0862,0.6399,2.7517
55.0864,0.7031,3.0234
55.0866,0.7352,3.1601
55.0868,0.7388,3.1711
55.0870,0.808,3.468
55.0872,0.8109,3.4836
55.0874,0.7717,3.3198
55.0876,0.7404,3.1822
55.0878,0.7876,3.3837
55.0880,0.7951,3.4204
55.0882,0.7422,3.19
55.0884,0.774,3.3281
55.0886,0.7133,3.0643
55.0888,0.6984,3.0033
55.0890,0.7056,3.037
55.0892,0.73,3.1389
55.0894,0.798,3.4232
55.0896,0.8488,3.6413
55.0898,0.8635,3.7115
55.0900,0.7724,3.3198
55.0902,0.735,3.1605
55.0904,0.7391,3.178
55.0906,0.7477,3.2197
55.0908,0.6951,2.9944
55.0910,0.6486,2.7901
55.0912,0.6897,2.967
55.0914,0.6656,2.8686
55.0916,0.6127,2.6395
55.0918,0.6089,2.6206
55.0920,0.6201,2.6691
55.0922,0.6127,2.6371
55.0924,0.6193,2.6679
55.0926,0.6946,2.9868
55.0928,0.7856,3.3828
55.0930,0.6282,2.7036
55.0932,0.5827,2.5104
55.0934,0.6306,2.7114
55.0936,0.7111,3.0551
55.0938,0.7289,3.1342
55.0940,0.7137,3.0759
55.0942,0.5974,2.5734
55.0944,0.5803,2.5024
55.0946,0.5844,2.5153
55.0948,0.6185,2.6656
55.0950,0.5704,2.456
55.0952,0.5679,2.4463
55.0954,0.5849,2.5138
55.0956,0.7222,3.1053
55.0958,0.767,3.2936
55.0960,0.7855,3.376
55.0962,0.7303,3.1375
55.0964,0.7736,3.3234
55.0966,0.8153,3.5027
55.0968,0.8057,3.4583
55.0970,0.8222,3.5304
55.0972,0.799,3.4374
55.0974,0.7842,3.3703
55.0976,0.8188,3.5176
55.0978,0.8285,3.5594
55.0980,0.771,3.3198
55.0982,0.5685,2.4501
55.0984,0.5298,2.2858
55.0986,0.5257,2.2677
55.0988,0.5241,2.2578
55.0990,0.5627,2.4275
55.0992,0.5278,2.277
55.0994,0.5408,2.3274
55.0996,0.6258,2.6933
55.0998,0.6667,2.8706
55.1000,0.6101,2.6282
55.1002,0.5959,2.5648
55.1004,0.6149,2.6501
55.1006,0.5864,2.5276
55.1008,0.5752,2.4778
55.1010,0.6237,2.6858
55.1012,0.6388,2.7496
55.1014,0.6705,2.8831
55.1016,0.7538,3.2384
55.1018,0.7507,3.2281
55.1020,0.7267,3.1235
55.1022,0.7013,3.0156
55.1024,0.7414,3.1878
55.1026,0.7929,3.4016
55.1028,0.8029,3.4491
55.1030,0.8258,3.5459
55.1032,0.8571,3.6802
55.1034,0.849,3.6406
55.1036,0.8856,3.801
55.1038,0.9349,4.0069
55.1040,1.0283,4.399
55.1042,1.1372,4.8648
55.1044,1.0559,4.5212
55.1046,1.0361,4.4365
55.1048,1.085,4.646
55.1050,1.1083,4.7389
55.1052,1.1204,4.7952
55.1054,1.064,4.554
55.1056,1.0731,4.5951
55.1058,1.1163,4.7755
55.1060,1.095,4.6886
55.1062,1.0845,4.6331
55.1064,1.1846,5.056
55.1066,1.2384,5.2903
55.1068,1.2107,5.1792
55.1070,1.2065,5.1564
55.1072,1.1946,5.1105
55.1074,1.155,4.9481
55.1076,0.9685,4.1585
55.1078,0.8565,3.6777
55.1080,0.9089,3.9008
55.1082,0.9328,4.0038
55.1084,0.9068,3.8993
55.1086,0.8391,3.6064
55.1088,0.8258,3.5492
55.1090,0.8611,3.696
55.1092,0.9075,3.8952
55.1094,0.9398,4.028
55.1096,1.0478,4.5036
55.1098,0.9345,4.0128
55.1100,0.8858,3.8073
55.1102,0.8807,3.7764
55.1104,1.0238,4.3862
55.1106,1.0956,4.6999
55.1108,0.8884,3.8271
55.1110,0.6934,2.9927
55.1112,0.6109,2.6354
55.1114,0.5964,2.5717
55.1116,0.64,2.7573
55.1118,0.7157,3.0847
55.1120,0.6575,2.8327
55.1122,0.6464,2.786
55.1124,0.6345,2.7335
55.1126,0.6656,2.8686
55.1128,0.7247,3.1205
55.1130,0.7846,3.3802
55.1132,0.6846,2.9508
55.1134,0.6447,2.78
55.1136,0.6316,2.7237
55.1138,0.6199,2.673
55.1140,0.6382,2.747
55.1142,0.6647,2.865
55.1144,0.6338,2.7368
55.1146,0.5578,2.4074
55.1148,0.5728,2.4698
55.1150,0.6029,2.5984
55.1152,0.5699,2.4608
55.1154,0.5368,2.3147
55.1156,0.6096,2.62
55.1158,0.747,3.2151
55.1160,0.6535,2.8204
55.1162,0.546,2.3578
55.1164,0.5382,2.322
55.1166,0.4929,2.1314
55.1168,0.4589,1.9814
55.1170,0.5301,2.2857
55.1172,0.5504,2.372
55.1174,0.591,2.546
55.1176,0.6029,2.5996
55.1178,0.6297,2.7167
55.1180,0.5801,2.499
55.1182,0.5867,2.5298
55.1184,0.5822,2.5118
55.1186,0.5736,2.4711
55.1188,0.5884,2.5382
55.1190,0.5914,2.5488
55.1192,0.5981,2.5765
55.1194,0.5983,2.5823
55.1196,0.589,2.5408
55.1198,0.6048,2.6042
55.1200,0.6681,2.8755
55.1202,0.7116,3.0571
55.1204,0.7706,3.3106
55.1206,0.8352,3.5966
55.1208,0.7104,3.0633
55.1210,0.6179,2.663
55.1212,0.6036,2.6027
55.1214,0.5957,2.5697
55.1216,0.5924,2.5546
55.1218,0.5868,2.5291
55.1220,0.6164,2.6568
55.1222,0.6257,2.6953
55.1224,0.6523,2.8087
55.1226,0.6354,2.7359
55.1228,0.6241,2.6911
55.1230,0.6127,2.6395
55.1232,0.6156,2.6531
55.1234,0.6147,2.6471
55.1236,0.674,2.9048
55.1238,0.5981,2.5777
55.1240,0.5494,2.369
55.1242,0.6147,2.6508
55.1244,0.5332,2.3003
55.1246,0.4784,2.0658
55.1248,0.4773,2.0611
55.1250,0.5221,2.2521
55.1252,0.5043,2.1756
55.1254,0.4713,2.0352
55.1256,0.4721,2.0383
55.1258,0.4727,2.039
55.1260,0.4855,2.0963
55.1262,0.5072,2.187
55.1264,0.567,2.4416
55.1266,0.6456,2.7785
55.1268,0.6496,2.7934
55.1270,0.7332,3.1513
55.1272,0.7704,3.308
55.1274,0.8225,3.5369
55.1276,0.6857,2.95
55.1278,0.6952,2.9949
55.1280,0.6581,2.8327
55.1282,0.6475,2.7867
55.1284,0.6971,2.9976
55.1286,0.7693,3.3064
55.1288,0.7471,3.2126
55.1290,0.7211,3.1021
55.1292,0.767,3.2966
55.1294,0.765,3.2894
55.1296,0.745,3.2033
55.1298,0.7874,3.3842
55.1300,0.7722,3.3219
55.1302,0.6779,2.9192
55.1304,0.6355,2.7377
55.1306,0.6469,2.7867
55.1308,0.6264,2.6959
55.1310,0.6655,2.8628
55.1312,0.7,3.0128
55.1314,0.7297,3.1422
55.1316,0.6242,2.6916
55.1318,0.5414,2.3343
55.1320,0.5261,2.2676
55.1322,0.5388,2.3235
55.1324,0.5424,2.3401
55.1326,0.5418,2.3364
55.1328,0.5375,2.3189
55.1330,0.5393,2.3256
55.1332,0.5427,2.3389
55.1334,0.5416,2.3365
55.1336,0.5537,2.3843
55.1338,0.6499,2.7983
55.1340,0.5757,2.4834
55.1342,0.5298,2.2847
55.1344,0.5242,2.2573
55.1346,0.6108,2.6325
55.1348,0.6199,2.6705
55.1350,0.6017,2.5896
55.1352,0.6105,2.6314
55.1354,0.6161,2.6503
55.1356,0.7209,3.0954
55.1358,0.7757,3.3353
55.1360,0.6947,2.9901
55.1362,0.6885,2.9591
55.1364,0.7737,3.324
55.1366,0.7687,3.3054
55.1368,0.7958,3.4108
55.1370,0.9065,3.8887
55.1372,0.9197,3.9398
55.1374,1.0146,4.3385
55.1376,1.0989,4.7011
55.1378,1.0755,4.6076
55.1380,1.0671,4.5652
55.1382,1.0645,4.556
55.1384,1.0433,4.4652
55.1386,1.0916,4.6742
55.1388,1.0294,4.416
55.1390,1.0284,4.3975
55.1392,1.1185,4.7937
55.1394,0.9978,4.2787
55.1396,1.0104,4.3286
55.1398,1.0023,4.2917
55.1400,1.0139,4.3395
55.1402,1.0369,4.438
55.1404,1.0457,4.4797
55.1406,1.0372,4.4515
55.1408,0.8742,3.7574
55.1410,0.8032,3.4555
55.1412,0.8379,3.6012
55.1414,0.8414,3.6178
55.1416,0.7844,3.3714
55.1418,0.7402,3.1901
55.1420,0.6964,2.9959
55.1422,0.7779,3.3435
55.1424,0.7679,3.3018
55.1426,0.7501,3.227
55.1428,0.8289,3.5609
55.1430,0.9189,3.9459
55.1432,0.8457,3.6313
55.1434,0.8309,3.5713
55.1436,0.7971,3.426
55.1438,0.8072,3.4725
55.1440,0.7819,3.3668
55.1442,0.693,2.9842
55.1444,0.7183,3.0888
55.1446,0.8011,3.4446
55.1448,0.8152,3.5054
55.1450,0.774,3.3296
55.1452,0.7031,3.0304
55.1454,0.5976,2.5768
55.1456,0.6424,2.7651
55.1458,0.7267,3.1308
55.1460,0.7187,3.0947
55.1462,0.7155,3.075
55.1464,0.7333,3.1533
55.1466,0.7683,3.3038
55.1468,0.7897,3.3956
55.1470,0.8212,3.5296
55.1472,0.8181,3.5178
55.1474,0.7826,3.3668
55.1476,0.8075,3.4741
55.1478,0.7621,3.2816
55.1480,0.7131,3.0704
55.1482,0.6828,2.9417
55.1484,0.6923,2.9825
55.1486,0.6722,2.8957
55.1488,0.6459,2.7852
55.1490,0.6625,2.8539
55.1492,0.7201,3.0951
55.1494,0.7613,3.2765
55.1496,0.7409,3.1902
55.1498,0.7258,3.1281
55.1500,0.6051,2.6094
55.1502,0.5687,2.4522
55.1504,0.5599,2.4167
55.1506,0.5571,2.4043
55.1508,0.5581,2.4067
55.1510,0.5689,2.4498
55.1512,0.6743,2.9023
55.1514,0.6839,2.9422
55.1516,0.6752,2.9059
55.1518,0.6763,2.9119
55.1520,0.6804,2.93
55.1522,0.6834,2.9402
55.1524,0.735,3.1605
55.1526,0.8427,3.6168
55.1528,0.8885,3.8151
55.1530,0.8203,3.5271
55.1532,0.7586,3.2666
55.1534,0.6921,2.9829
55.1536,0.6831,2.9441
55.1538,0.6838,2.9445
55.1540,0.6844,2.9498
55.1542,0.6845,2.9476
55.1544,0.6661,2.8694
55.1546,0.6639,2.8601
55.1548,0.6645,2.8613
55.1550,0.6741,2.8986
55.1552,0.7357,3.1666
55.1554,0.7175,3.0938
55.1556,0.6986,2.9982
55.1558,0.8897,3.8185
55.1560,0.8747,3.7594
55.1562,0.7882,3.3957
55.1564,0.6978,3.0049
55.1566,0.6492,2.8004
55.1568,0.5789,2.495
55.1570,0.6187,2.6653
55.1572,0.6597,2.842
55.1574,0.6854,2.9512
55.1576,0.6528,2.8147
55.1578,0.5742,2.476
55.1580,0.5729,2.468
55.1582,0.6283,2.7079
55.1584,0.5779,2.492
55.1586,0.5674,2.4465
55.1588,0.5629,2.4285
55.1590,0.621,2.6727
55.1592,0.6451,2.7803
55.1594,0.5757,2.4822
55.1596,0.5604,2.4166
55.1598,0.5573,2.4009
55.1600,0.6231,2.682
55.1602,0.7086,3.0457
55.1604,0.8121,3.4904
55.1606,0.7647,3.293
55.1608,0.6309,2.718
55.1610,0.6302,2.7149
55.1612,0.6604,2.8411
55.1614,0.652,2.8102
55.1616,0.6225,2.6819
55.1618,0.7217,3.1047
55.1620,0.7295,3.1383
55.1622,0.7334,3.1509
55.1624,0.8819,3.7798
55.1626,0.9085,3.9029
55.1628,0.8125,3.4903
55.1630,0.8939,3.8329
55.1632,0.9231,3.9621
55.1634,0.9087,3.9058
55.1636,0.7676,3.2977
55.1638,0.753,3.2424
55.1640,0.714,3.0746
55.1642,0.6587,2.8352
55.1644,0.642,2.7643
55.1646,0.6645,2.8653
55.1648,0.5861,2.5295
55.1650,0.5574,2.4036
55.1652,0.5667,2.4446
55.1654,0.6223,2.6833
55.1656,0.5849,2.522
55.1658,0.5372,2.3163
55.1660,0.5245,2.2614
55.1662,0.5481,2.3655
55.1664,0.5765,2.4835
55.1666,0.6229,2.6834
55.1668,0.6478,2.7909
55.1670,0.6652,2.8644
55.1672,0.6814,2.9301
55.1674,0.7131,3.0704
55.1676,0.7586,3.2575
55.1678,0.7757,3.3399
55.1680,0.647,2.7885
55.1682,0.6237,2.6895
55.1684,0.6482,2.7872
55.1686,0.7409,3.1873
55.1688,0.7544,3.241
55.1690,0.8396,3.6034
55.1692,0.8199,3.5255
55.1694,0.7657,3.2894
55.1696,0.8374,3.5958
55.1698,0.8869,3.8049
55.1700,0.9103,3.9052
55.1702,0.9156,3.9333
55.1704,0.8959,3.8435
55.1706,0.9621,4.1216
55.1708,1.0346,4.4324
55.1710,1.0722,4.591
55.1712,1.0713,4.5896
55.1714,1.0575,4.5305
55.1716,1.0415,4.4617
55.1718,1.078,4.6183
55.1720,1.0021,4.2952
55.1722,1.0036,4.2994
55.1724,1.0735,4.601
55.1726,1.1138,4.7647
55.1728,1.1858,5.0683
55.1730,1.2055,5.1595
55.1732,1.1671,4.993
55.1734,1.1694,4.9981
55.1736,1.1164,4.7916
55.1738,0.9514,4.0835
55.1740,0.8872,3.8148
55.1742,0.8241,3.5452
55.1744,0.8369,3.5988
55.1746,0.8145,3.5072
55.1748,0.7075,3.0495
55.1750,0.6653,2.8689
55.1752,0.6941,2.9861
55.1754,0.7447,3.2082
55.1756,0.7063,3.0387
55.1758,0.7599,3.2647
55.1760,0.8658,3.7213
55.1762,0.875,3.7627
55.1764,0.7996,3.4448
55.1766,0.6718,2.8969
55.1768,0.6692,2.8828
55.1770,0.6604,2.8438
55.1772,0.6662,2.8752
55.1774,0.5748,2.4797
55.1776,0.5975,2.5751
55.1778,0.6404,2.7627
55.1780,0.5498,2.3727
55.1782,0.5504,2.3764
55.1784,0.4977,2.1462
55.1786,0.5551,2.3938
55.1788,0.6342,2.7307
55.1790,0.7001,3.0091
55.1792,0.7635,3.2878
55.1794,0.7391,3.1825
55.1796,0.6803,2.9309
55.1798,0.618,2.661
55.1800,0.6324,2.7255
55.1802,0.6237,2.6895
55.1804,0.6542,2.8156
55.1806,0.7099,3.0613
55.1808,0.589,2.5443
55.1810,0.5358,2.3149
55.1812,0.541,2.3328
55.1814,0.5902,2.5483
55.1816,0.5231,2.2589
55.1818,0.5145,2.2226
55.1820,0.4993,2.1559
55.1822,0.5075,2.1936
55.1824,0.512,2.2118
55.1826,0.5197,2.2418
55.1828,0.5375,2.3167
55.1830,0.4414,1.9085
55.1832,0.4237,1.8306
55.1834,0.4885,2.1083
55.1836,0.516,2.2258
55.1838,0.5031,2.1685
55.1840,0.5544,2.3907
55.1842,0.6228,2.6855
55.1844,0.5968,2.5709
55.1846,0.5956,2.5657
55.1848,0.5922,2.5524
55.1850,0.5838,2.5174
55.1852,0.6018,2.5926
55.1854,0.6555,2.824
55.1856,0.6556,2.8219
55.1858,0.7219,3.1058
55.1860,0.7983,3.4312
55.1862,0.7688,3.3075
55.1864,0.7137,3.0659
55.1866,0.727,3.1275
55.1868,0.723,3.109
55.1870,0.7709,3.3117
55.1872,0.8016,3.4499
55.1874,0.7571,3.2585
55.1876,0.7158,3.0795
55.1878,0.6989,3.0068
55.1880,0.7004,3.0144
55.1882,0.7425,3.194
55.1884,0.7365,3.1682
55.1886,0.7797,3.3451
55.1888,0.8472,3.6415
55.1890,0.8134,3.4978
55.1892,0.8202,3.5266
55.1894,0.7225,3.1127
55.1896,0.5838,2.5174
55.1898,0.5672,2.4444
55.1900,0.6378,2.7501
55.1902,0.5589,2.411
55.1904,0.509,2.1989
55.1906,0.4957,2.1404
55.1908,0.5026,2.1704
55.1910,0.4908,2.1182
55.1912,0.4901,2.1141
55.1914,0.4862,2.0995
55.1916,0.4895,2.1135
55.1918,0.4886,2.1069
55.1920,0.5323,2.294
55.1922,0.5755,2.484
55.1924,0.5054,2.1813
55.1926,0.4915,2.1193
55.1928,0.5014,2.1622
55.1930,0.5608,2.4148
55.1932,0.6474,2.785
55.1934,0.682,2.9354
55.1936,0.6627,2.8523
55.1938,0.5948,2.5662
55.1940,0.5229,2.2569
55.1942,0.492,2.1224
55.1944,0.5287,2.2764
55.1946,0.6582,2.8288
55.1948,0.6891,2.9672
55.1950,0.6366,2.7411
55.1952,0.6564,2.8263
55.1954,0.6516,2.8069
55.1956,0.6391,2.7494
55.1958,0.7022,3.0193
55.1960,0.7504,3.2266
55.1962,0.7666,3.2946
55.1964,0.6935,2.9836
55.1966,0.703,3.0271
55.1968,0.655,2.8219
55.1970,0.642,2.763
55.1972,0.6476,2.7899
55.1974,0.6296,2.7124
55.1976,0.6276,2.7011
55.1978,0.6222,2.6766
55.1980,0.6518,2.8041
55.1982,0.6373,2.7416
55.1984,0.6416,2.7679
55.1986,0.5456,2.3514
55.1988,0.5988,2.582
55.1990,0.5488,2.3653
55.1992,0.5705,2.4566
55.1994,0.5897,2.5439
55.1996,0.5369,2.3153
55.1998,0.5284,2.2775
55.2000,0.5279,2.2754
55.2002,0.5252,2.2656
55.2004,0.5211,2.246
55.2006,0.6025,2.592
55.2008,0.6416,2.7615
55.2010,0.6219,2.6818
55.2012,0.5538,2.3882
55.2014,0.5242,2.2584
55.2016,0.58,2.4997
55.2018,0.5796,2.497
55.2020,0.6313,2.7146
55.2022,0.6692,2.8829
55.2024,0.6231,2.682
55.2026,0.6829,2.9336
55.2028,0.7408,3.1838
55.2030,0.7649,3.2874
55.2032,0.7706,3.3075
55.2034,0.829,3.5565
55.2036,0.8837,3.7911
55.2038,0.948,4.0573
55.2040,1.0686,4.5714
55.2042,1.0668,4.568
55.2044,1.0625,4.5474
55.2046,1.0601,4.535
55.2048,1.0782,4.6125
55.2050,1.0654,4.5597
55.2052,1.0528,4.5143
55.2054,1.0223,4.3734
55.2056,1.0465,4.4854
55.2058,1.0103,4.3262
55.2060,1.0443,4.4673
55.2062,1.1155,4.7653
55.2064,1.1983,5.1193
55.2066,1.2249,5.2428
55.2068,1.0592,4.5399
55.2070,0.9713,4.1671
55.2072,0.9355,4.0133
55.2074,0.9465,4.0625
55.2076,0.9407,4.0335
55.2078,0.9679,4.1483
55.2080,0.9513,4.0793
55.2082,0.9512,4.0902
55.2084,0.8114,3.4858
55.2086,0.8758,3.7571
55.2088,0.8709,3.743
55.2090,0.8309,3.5697
55.2092,0.811,3.4826
55.2094,0.8178,3.5147
55.2096,0.8198,3.5267
55.2098,0.8186,3.5167
55.2100,0.8455,3.6304
55.2102,0.8576,3.6841
55.2104,0.859,3.6954
55.2106,0.7339,3.1633
55.2108,0.6781,2.9184
55.2110,0.6662,2.8726
55.2112,0.5753,2.483
55.2114,0.6188,2.6659
55.2116,0.6438,2.7721
55.2118,0.6499,2.801
55.2120,0.6496,2.8
55.2122,0.6475,2.7868
55.2124,0.6754,2.9057
55.2126,0.7302,3.1443
55.2128,0.6886,2.9665
55.2130,0.7119,3.0639
55.2132,0.7674,3.3013
55.2134,0.7289,3.1372
55.2136,0.7026,3.0242
55.2138,0.7472,3.2176
55.2140,0.6911,2.976
55.2142,0.6802,2.929
55.2144,0.6438,2.7772
55.2146,0.5857,2.528
55.2148,0.6239,2.6901
55.2150,0.6002,2.5871
55.2152,0.5871,2.5279
55.2154,0.6434,2.7757
55.2156,0.5898,2.5433
55.2158,0.5844,2.5177
55.2160,0.6254,2.6956
55.2162,0.6645,2.8641
55.2164,0.642,2.7669
55.2166,0.5802,2.5031
55.2168,0.5293,2.2864
55.2170,0.4908,2.1142
55.2172,0.612,2.634
55.2174,0.6689,2.8805
55.2176,0.6453,2.7814
55.2178,0.6416,2.7641
55.2180,0.6393,2.753
55.2182,0.6417,2.7671
55.2184,0.6348,2.7333
55.2186,0.6974,2.9987
55.2188,0.7652,3.2859
55.2190,0.8072,3.4645
55.2192,0.88,3.7751
55.2194,0.9577,4.1085
55.2196,0.8861,3.812
55.2198,0.7742,3.3323
55.2200,0.7817,3.3596
55.2202,0.8422,3.6148
55.2204,0.8676,3.7256
55.2206,0.7432,3.2031
55.2208,0.6524,2.8119
55.2210,0.6297,2.7167
55.2212,0.6272,2.7046
55.2214,0.6233,2.685
55.2216,0.6235,2.6861
55.2218,0.6434,2.7654
55.2220,0.7728,3.3292
55.2222,0.6854,2.954
55.2224,0.6183,2.6639
55.2226,0.6192,2.6687
55.2228,0.62,2.6736
55.2230,0.6419,2.7638
55.2232,0.6091,2.6265
55.2234,0.5558,2.3964
55.2236,0.5818,2.5086
55.2238,0.6046,2.6044
55.2240,0.5692,2.4566
55.2242,0.5427,2.3422
55.2244,0.5573,2.402
55.2246,0.5867,2.5287
55.2248,0.585,2.5249
55.2250,0.5543,2.3924
55.2252,0.566,2.4359
55.2254,0.6126,2.6427
55.2256,0.5573,2.4043
55.2258,0.5749,2.478
55.2260,0.6091,2.6229
55.2262,0.651,2.8017
55.2264,0.7784,3.3425
55.2266,0.8729,3.7465
55.2268,0.8408,3.6136
55.2270,0.7739,3.3261
55.2272,0.7938,3.4116
55.2274,0.7602,3.2704
55.2276,0.7339,3.1603
55.2278,0.7434,3.2026
55.2280,0.715,3.073
55.2282,0.8,3.4384
55.2284,0.7763,3.3364
55.2286,0.8218,3.5273
55.2288,0.8772,3.7668
55.2290,0.8302,3.5666
55.2292,0.7783,3.3483
55.2294,0.8048,3.459
55.2296,0.8125,3.492
55.2298,0.797,3.4287
55.2300,0.7242,3.1214
55.2302,0.6378,2.7463
55.2304,0.5825,2.5117
55.2306,0.5122,2.2118
55.2308,0.5189,2.2408
55.2310,0.5024,2.1674
55.2312,0.4944,2.1327
55.2314,0.5002,2.16
55.2316,0.5032,2.172
55.2318,0.5306,2.2804
55.2320,0.7392,3.1801
55.2322,0.6338,2.7368
55.2324,0.5012,2.1642
55.2326,0.4947,2.1352
55.2328,0.4895,2.1115
55.2330,0.485,2.0943
55.2332,0.4886,2.1088
55.2334,0.489,2.1084
55.2336,0.5035,2.17
55.2338,0.5715,2.4607
55.2340,0.6212,2.68
55.2342,0.5199,2.245
55.2344,0.4954,2.1383
55.2346,0.5018,2.1648
55.2348,0.4954,2.1374
55.2350,0.5219,2.2506
55.2352,0.605,2.6029
55.2354,0.7061,3.0321
55.2356,0.7523,3.2378
55.2358,0.6989,3.0082
55.2360,0.7076,3.0411
55.2362,0.7759,3.3286
55.2364,0.845,3.63
55.2366,0.8444,3.6308
55.2368,0.7437,3.1932
55.2370,0.7849,3.3688
55.2372,0.7857,3.3787
55.2374,0.7276,3.1228
55.2376,0.8614,3.6954
55.2378,0.9427,4.0423
55.2380,0.9746,4.1771
55.2382,0.9319,3.9979
55.2384,0.9313,3.9897
55.2386,0.9955,4.2705
55.2388,0.9541,4.0949
55.2390,0.9403,4.0301
55.2392,1.0077,4.3169
55.2394,1.0393,4.4546
55.2396,1.0275,4.4058
55.2398,0.9872,4.2271
55.2400,0.9746,4.179
55.2402,0.8855,3.8041
55.2404,0.8356,3.5898
55.2406,0.8042,3.4581
55.2408,0.8242,3.5425
55.2410,0.809,3.4755
55.2412,0.8022,3.4477
55.2414,0.7959,3.4209
55.2416,0.7927,3.4054
55.2418,0.8053,3.4627
55.2420,0.7725,3.3235
55.2422,0.7873,3.3869
55.2424,0.7663,3.2936
55.2426,0.8216,3.5295
55.2428,0.816,3.5037
55.2430,0.8113,3.4885
55.2432,0.8046,3.458
55.2434,0.7499,3.2335
55.2436,0.6368,2.7434
55.2438,0.6679,2.8745
55.2440,0.6658,2.8671
55.2442,0.6366,2.7462
55.2444,0.5627,2.4242
55.2446,0.6519,2.8098
55.2448,0.5935,2.5557
55.2450,0.6296,2.7074
55.2452,0.7338,3.1613
55.2454,0.6435,2.7762
55.2456,0.5885,2.5376
55.2458,0.5801,2.4991
55.2460,0.6067,2.6113
55.2462,0.6531,2.8123
55.2464,0.6886,2.9624
55.2466,0.7535,3.2415
55.2468,0.7179,3.0912
55.2470,0.6766,2.9149
55.2472,0.658,2.8335
55.2474,0.6838,2.9459
55.2476,0.6775,2.9172
55.2478,0.6339,2.7323
55.2480,0.561,2.4192
55.2482,0.5715,2.463
55.2484,0.5836,2.514
55.2486,0.6477,2.7852
55.2488,0.7169,3.0856
55.2490,0.7132,3.0753
55.2492,0.5741,2.4744
55.2494,0.6034,2.5981
55.2496,0.6206,2.6774
55.2498,0.4959,2.1404
55.2500,0.463,1.999
55.2502,0.5579,2.4069
55.2504,0.5857,2.5245
55.2506,0.586,2.5267
55.2508,0.5642,2.4326
55.2510,0.5594,2.4119
55.2512,0.5662,2.4392
55.2514,0.5645,2.4319
55.2516,0.5803,2.5001
55.2518,0.6673,2.8719
55.2520,0.7556,3.2462
55.2522,0.749,3.2239
55.2524,0.6743,2.9064
55.2526,0.6133,2.6458
55.2528,0.5367,2.3142
55.2530,0.5296,2.2827
55.2532,0.5321,2.2946
55.2534,0.5407,2.3345
55.2536,0.5361,2.3116
55.2538,0.5416,2.3354
55.2540,0.5454,2.352
55.2542,0.5487,2.3659
55.2544,0.5472,2.3586
55.2546,0.5434,2.3432
55.2548,0.5372,2.3152
55.2550,0.573,2.4686
55.2552,0.6252,2.692
55.2554,0.5915,2.5505
55.2556,0.5487,2.367
55.2558,0.5182,2.2367
55.2560,0.552,2.376
55.2562,0.6337,2.7274
55.2564,0.6468,2.7824
55.2566,0.6945,2.9905
55.2568,0.6325,2.7286
55.2570,0.4891,2.1099
55.2572,0.4688,2.0244
55.2574,0.4698,2.0276
55.2576,0.5056,2.1793
55.2578,0.5464,2.3539
55.2580,0.5552,2.3916
55.2582,0.5942,2.5588
55.2584,0.5898,2.5397
55.2586,0.5884,2.5382
55.2588,0.4884,2.1098
55.2590,0.4716,2.0354
55.2592,0.47,2.0277
55.2594,0.4975,2.1412
55.2596,0.6173,2.6604
55.2598,0.6041,2.6024
55.2600,0.6084,2.6222
55.2602,0.5567,2.4017
55.2604,0.5621,2.4205
55.2606,0.6237,2.6858
55.2608,0.639,2.7489
55.2610,0.6451,2.779
55.2612,0.6121,2.6345
55.2614,0.5965,2.5675
55.2616,0.5879,2.5315
55.2618,0.5845,2.5182
55.2620,0.6216,2.6766
55.2622,0.6243,2.6872
55.2624,0.6049,2.606
55.2626,0.5855,2.5223
55.2628,0.5783,2.489
55.2630,0.6013,2.5917
55.2632,0.5813,2.5054
55.2634,0.5204,2.2429
55.2636,0.5287,2.2806
55.2638,0.4851,2.0938
55.2640,0.4933,2.128
55.2642,0.5114,2.2062
55.2644,0.5128,2.2103
55.2646,0.5043,2.1746
55.2648,0.4958,2.1389
55.2650,0.4829,2.083
55.2652,0.4842,2.0849
55.2654,0.5645,2.433
55.2656,0.5548,2.3934
55.2658,0.53,2.2821
55.2660,0.5609,2.4131
55.2662,0.5923,2.5506
55.2664,0.6107,2.6296
55.2666,0.6058,2.6084
55.2668,0.6309,2.7168
55.2670,0.7387,3.1736
55.2672,0.697,2.9971
55.2674,0.6258,2.6959
55.2676,0.5854,2.5218
55.2678,0.5734,2.4678
55.2680,0.6076,2.6101
55.2682,0.6567,2.82
55.2684,0.7481,3.2123
55.2686,0.7523,3.2318
55.2688,0.7917,3.4029
55.2690,0.7711,3.3096
55.2692,0.8125,3.4871
55.2694,0.8566,3.6748
55.2696,0.7853,3.3735
55.2698,0.7597,3.2653
55.2700,0.7464,3.2066
55.2702,0.829,3.5515
55.2704,0.9249,3.9662
55.2706,0.9112,3.907
55.2708,0.9223,3.953
55.2710,0.9255,3.9632
55.2712,0.9339,4.001
55.2714,0.9733,4.1675
55.2716,1.0193,4.3667
55.2718,0.9507,4.0767
55.2720,0.9989,4.2714
55.2722,1.1526,4.9264
55.2724,1.0959,4.6862
55.2726,1.0426,4.4685
55.2728,0.9666,4.1446
55.2730,0.8702,3.7382
55.2732,0.7657,3.2972
55.2734,0.7213,3.1047
55.2736,0.7414,3.1849
55.2738,0.8138,3.4928
55.2740,0.8296,3.5674
55.2742,0.7676,3.2993
55.2744,0.744,3.1992
55.2746,0.738,3.1749
55.2748,0.689,2.964
55.2750,0.7588,3.2627
55.2752,0.7522,3.2328
55.2754,0.7291,3.1382
55.2756,0.6788,2.9228
55.2758,0.6964,2.9959
55.2760,0.729,3.1319
55.2762,0.7737,3.3302
55.2764,0.7048,3.0349
55.2766,0.6974,3.0001
55.2768,0.699,3.0087
55.2770,0.6978,3.0049
55.2772,0.6832,2.9378
55.2774,0.7162,3.0796
55.2776,0.7119,3.0625
55.2778,0.7448,3.2043
55.2780,0.751,3.2291
55.2782,0.732,3.1506
55.2784,0.7085,3.048
55.2786,0.7404,3.1882
55.2788,0.6733,2.8977
55.2790,0.6106,2.6315
55.2792,0.5731,2.4714
55.2794,0.5639,2.4293
55.2796,0.5691,2.455
55.2798,0.5637,2.4317
55.2800,0.5597,2.4113
55.2802,0.6174,2.656
55.2804,0.6866,2.9509
55.2806,0.7407,3.1818
55.2808,0.7201,3.0995
55.2810,0.6179,2.6655
55.2812,0.5874,2.5329
55.2814,0.6155,2.6478
55.2816,0.7338,3.1598
55.2818,0.6778,2.9228
55.2820,0.5915,2.547
55.2822,0.6019,2.5895
55.2824,0.6586,2.8361
55.2826,0.6318,2.723
55.2828,0.5518,2.3805
55.2830,0.5297,2.2832
55.2832,0.5717,2.4663
55.2834,0.5287,2.2806
55.2836,0.5293,2.2811
55.2838,0.542,2.337
55.2840,0.5576,2.402
55.2842,0.5947,2.5645
55.2844,0.5451,2.3504
55.2846,0.5319,2.2935
55.2848,0.6249,2.6885
55.2850,0.7131,3.0691
55.2852,0.6422,2.7679
55.2854,0.5977,2.575
55.2856,0.6325,2.7235
55.2858,0.6287,2.7058
55.2860,0.6518,2.8054
55.2862,0.6651,2.8653
55.2864,0.6531,2.8136
55.2866,0.6566,2.826
55.2868,0.6434,2.7667
55.2870,0.6669,2.8691
55.2872,0.7198,3.0937
55.2874,0.7566,3.2519
55.2876,0.7254,3.1208
55.2878,0.7121,3.0621
55.2880,0.7143,3.0699
55.2882,0.7737,3.324
55.2884,0.7654,3.291
55.2886,0.7499,3.22
55.2888,0.8062,3.462
55.2890,0.7746,3.3323
55.2892,0.685,2.9456
55.2894,0.6625,2.8539
55.2896,0.643,2.7677
55.2898,0.638,2.7498
55.2900,0.5534,2.3872
55.2902,0.5426,2.3396
55.2904,0.5486,2.3643
55.2906,0.5331,2.2987
55.2908,0.5291,2.2806
55.2910,0.5318,2.2941
55.2912,0.5375,2.32
55.2914,0.5803,2.4955
55.2916,0.6966,3.0026
55.2918,0.5649,2.4357
55.2920,0.5308,2.2889
55.2922,0.5301,2.2847
55.2924,0.5276,2.2728
55.2926,0.5711,2.458
55.2928,0.6512,2.8028
55.2930,0.6559,2.8255
55.2932,0.6193,2.6643
55.2934,0.6072,2.6182
55.2936,0.5669,2.4422
55.2938,0.6155,2.6515
55.2940,0.5761,2.4809
55.2942,0.612,2.6353
55.2944,0.621,2.674
55.2946,0.5893,2.5388
55.2948,0.6474,2.785
55.2950,0.7297,3.1393
55.2952,0.6809,2.9335
55.2954,0.5838,2.5163
55.2956,0.5004,2.1586
55.2958,0.4989,2.1524
55.2960,0.4966,2.1415
55.2962,0.5036,2.1705
55.2964,0.4865,2.0986
55.2966,0.491,2.1192
55.2968,0.4727,2.0381
55.2970,0.4565,1.972
55.2972,0.3956,1.7081
55.2974,0.4151,1.7891
55.2976,0.4265,1.8416
55.2978,0.3911,1.6889
55.2980,0.4408,1.9015
55.2982,0.4736,2.0451
55.2984,0.4657,2.0063
55.2986,0.5043,2.1746
55.2988,0.4851,2.0929
55.2990,0.5124,2.2113
55.2992,0.4102,1.7704
55.2994,0.3819,1.6498
55.2996,0.3802,1.6403
55.2998,0.48,2.0677
55.3000,0.5444,2.3462
55.3002,0.5036,2.1705
55.3004,0.4992,2.1534
55.3006,0.4837,2.0867
55.3008,0.4884,2.1059
55.3010,0.4892,2.1075
55.3012,0.5017,2.1592
55.3014,0.5883,2.533
55.3016,0.6227,2.6775
55.3018,0.6942,2.9797
55.3020,0.7986,3.4306
55.3022,0.766,3.289
55.3024,0.7682,3.2957
55.3026,0.7779,3.3405
55.3028,0.7143,3.0728
55.3030,0.6962,2.9935
55.3032,0.7357,3.1607
55.3034,0.7928,3.4012
55.3036,0.8695,3.7252
55.3038,0.9429,4.0395
55.3040,0.9396,4.0251
55.3042,0.9294,3.9815
55.3044,0.9362,4.0126
55.3046,0.9567,4.1005
55.3048,0.9464,4.0563
55.3050,0.9264,3.9723
55.3052,0.97,4.1479
55.3054,1.1283,4.8246
55.3056,1.0305,4.4124
55.3058,1.002,4.2908
55.3060,1.0151,4.3467
55.3062,1.0231,4.3791
55.3064,1.0213,4.3775
55.3066,0.9971,4.2717
55.3068,1.0632,4.5484
55.3070,1.0604,4.5387
55.3072,0.969,4.1587
55.3074,0.8567,3.6788
55.3076,0.8416,3.6122
55.3078,0.871,3.7383
55.3080,0.9079,3.8968
55.3082,0.9433,4.0411
55.3084,0.9908,4.2445
55.3086,1.0094,4.3241
55.3088,1.0002,4.2891
55.3090,0.9379,4.0254
55.3092,0.8862,3.8072
55.3094,0.8294,3.5614
55.3096,0.8658,3.7162
55.3098,0.8465,3.6384
55.3100,0.7695,3.3091
55.3102,0.7841,3.373
55.3104,0.7584,3.255
55.3106,0.826,3.5519
55.3108,0.7765,3.3421
55.3110,0.7892,3.3905
55.3112,0.829,3.5615
55.3114,0.7847,3.3725
55.3116,0.7667,3.2998
55.3118,0.7002,3.0153
55.3120,0.6649,2.8629
55.3122,0.6777,2.9155
55.3124,0.7555,3.2487
55.3126,0.8082,3.4799
55.3128,0.7121,3.0621
55.3130,0.7429,3.1961
55.3132,0.7041,3.0318
55.3134,0.6766,2.9122
55.3136,0.6724,2.8941
55.3138,0.6712,2.8917
55.3140,0.6236,2.6891
55.3142,0.6095,2.6256
55.3144,0.5878,2.5345
55.3146,0.5229,2.2558
55.3148,0.5819,2.508
55.3150,0.5925,2.5546
55.3152,0.5625,2.4243
55.3154,0.5865,2.53
55.3156,0.5705,2.4612
55.3158,0.5716,2.4647
55.3160,0.5728,2.4687
55.3162,0.5731,2.4714
55.3164,0.6236,2.6828
55.3166,0.7749,3.3292
55.3168,0.7959,3.4209
55.3170,0.7185,3.0952
55.3172,0.6601,2.8449
55.3174,0.656,2.826
55.3176,0.658,2.8335
55.3178,0.667,2.8696
55.3180,0.7158,3.0795
55.3182,0.7977,3.4238
55.3184,0.8327,3.5758
55.3186,0.8178,3.5082
55.3188,0.9154,3.9305
55.3190,0.8755,3.7648
55.3192,0.8368,3.5916
55.3194,0.8931,3.8348
55.3196,0.7844,3.3777
55.3198,0.6625,2.8539
55.3200,0.6711,2.8844
55.3202,0.7115,3.0624
55.3204,0.6655,2.8655
55.3206,0.6474,2.7889
55.3208,0.6466,2.7858
55.3210,0.6447,2.7749
55.3212,0.65,2.7989
55.3214,0.6487,2.7919
55.3216,0.6594,2.8366
55.3218,0.7284,3.1351
55.3220,0.6709,2.8874
55.3222,0.6748,2.9044
55.3224,0.7116,3.0629
55.3226,0.6976,3.0053
55.3228,0.6897,2.9767
55.3230,0.5187,2.2377
55.3232,0.4992,2.1554
55.3234,0.4794,2.07
55.3236,0.4717,2.0359
55.3238,0.4728,2.0434
55.3240,0.4785,2.0654
55.3242,0.4903,2.1161
55.3244,0.48,2.0725
55.3246,0.473,2.0406
55.3248,0.5666,2.4384
55.3250,0.6381,2.7529
55.3252,0.5343,2.3028
55.3254,0.5598,2.4129
55.3256,0.5783,2.489
55.3258,0.6324,2.723
55.3260,0.6353,2.7341
55.3262,0.7085,3.0438
55.3264,0.8088,3.4744
55.3266,0.7891,3.3947
55.3268,0.7049,3.034
55.3270,0.7089,3.0453
55.3272,0.7793,3.3462
55.3274,0.7803,3.357
55.3276,0.7169,3.0842
55.3278,0.7369,3.1703
55.3280,0.7275,3.1237
55.3282,0.8349,3.5784
55.3284,0.8765,3.7602
55.3286,0.8265,3.549
55.3288,0.7904,3.3972
55.3290,0.8423,3.6203
55.3292,0.7654,3.2895
55.3294,0.7191,3.0949
55.3296,0.6255,2.6998
55.3298,0.5106,2.2036
55.3300,0.4965,2.141
55.3302,0.5499,2.37
55.3304,0.5098,2.1994
55.3306,0.4867,2.1025
55.3308,0.4848,2.0933
55.3310,0.4881,2.1068
55.3312,0.4849,2.0918
55.3314,0.4823,2.0814
55.3316,0.4871,2.1012
55.3318,0.5011,2.1597
55.3320,0.5391,2.3256
55.3322,0.4919,2.1218
55.3324,0.4859,2.097
55.3326,0.4823,2.0814
55.3328,0.4819,2.0789
55.3330,0.5096,2.1974
55.3332,0.5911,2.5466
55.3334,0.5868,2.5292
55.3336,0.5508,2.3763
55.3338,0.4903,2.1161
55.3340,0.4863,2.099
55.3342,0.4883,2.1063
55.3344,0.4921,2.1219
55.3346,0.5142,2.216
55.3348,0.5648,2.4307
55.3350,0.6374,2.7422
55.3352,0.6118,2.6305
55.3354,0.6472,2.7883
55.3356,0.6481,2.7894
55.3358,0.7104,3.052
55.3360,0.7832,3.3631
55.3362,0.8031,3.4486
55.3364,0.8397,3.6056
55.3366,0.7944,3.4078
55.3368,0.861,3.6938
55.3370,0.8821,3.7897
55.3372,0.8538,3.6664
55.3374,0.8455,3.6304
55.3376,0.8046,3.4548
55.3378,0.8257,3.5454
55.3380,0.8297,3.5579
55.3382,0.8331,3.574
55.3384,0.8546,3.6661
55.3386,0.9258,3.9679
55.3388,0.9548,4.0999
55.3390,0.9031,3.8744
55.3392,0.8917,3.8273
55.3394,0.8257,3.5504
55.3396,0.7101,3.0548
55.3398,0.7486,3.2113
55.3400,0.8769,3.767
55.3402,0.8118,3.4873
55.3404,0.8638,3.7074
55.3406,0.8867,3.8093
55.3408,0.8173,3.511
55.3410,0.8074,3.4688
55.3412,0.7757,3.3307
55.3414,0.8006,3.4426
55.3416,0.7616,3.2766
55.3418,0.7616,3.272
55.3420,0.7721,3.3214
55.3422,0.7213,3.1032
55.3424,0.7819,3.3575
55.3426,0.865,3.716
55.3428,0.7958,3.4188
55.3430,0.8037,3.456
55.3432,0.761,3.2709
55.3434,0.7878,3.3827
55.3436,0.8112,3.4912
55.3438,0.726,3.1248
55.3440,0.7345,3.16
55.3442,0.7113,3.0599
55.3444,0.6935,2.9822
55.3446,0.7859,3.3745
55.3448,0.8434,3.6233
55.3450,0.7178,3.0921
55.3452,0.658,2.8361
55.3454,0.6826,2.938
55.3456,0.7043,3.03
55.3458,0.7019,3.0211
55.3460,0.7269,3.1255
55.3462,0.7383,3.176
55.3464,0.738,3.1779
55.3466,0.6795,2.9246
55.3468,0.7399,3.1832
55.3470,0.7444,3.2023
55.3472,0.7338,3.1569
55.3474,0.7353,3.166
55.3476,0.6701,2.8816
55.3478,0.7228,3.108
55.3480,0.7285,3.1327
55.3482,0.7385,3.1785
55.3484,0.7245,3.1166
55.3486,0.7407,3.1863
55.3488,0.7823,3.3575
55.3490,0.8721,3.7481
55.3492,0.8029,3.454
55.3494,0.721,3.0988
55.3496,0.7652,3.292
55.3498,0.7556,3.2493
55.3500,0.7466,3.2181
55.3502,0.5934,2.5612
55.3504,0.5607,2.4154
55.3506,0.5711,2.4603
55.3508,0.5712,2.462
55.3510,0.6149,2.6489
55.3512,0.662,2.8532
55.3514,0.5974,2.577
55.3516,0.5012,2.1622
55.3518,0.483,2.0855
55.3520,0.4767,2.0567
55.3522,0.5252,2.2635
55.3524,0.5257,2.2656
55.3526,0.5247,2.2636
55.3528,0.5295,2.2843
55.3530,0.5245,2.2615
55.3532,0.5265,2.2713
55.3534,0.5263,2.2714
55.3536,0.5241,2.262
55.3538,0.5251,2.2651
55.3540,0.5218,2.2501
55.3542,0.5253,2.2641
55.3544,0.5891,2.5355
55.3546,0.686,2.9497
55.3548,0.7119,3.0653
55.3550,0.6408,2.763
55.3552,0.5512,2.3768
55.3554,0.5405,2.3297
55.3556,0.5432,2.3432
55.3558,0.5451,2.3504
55.3560,0.5397,2.3261
55.3562,0.5447,2.3467
55.3564,0.6032,2.5988
55.3566,0.6217,2.6783
55.3568,0.6186,2.6674
55.3570,0.5405,2.3286
55.3572,0.5345,2.3049
55.3574,0.538,2.3199
55.3576,0.5735,2.4661
55.3578,0.7646,3.2864
55.3580,0.7658,3.2946
55.3582,0.6552,2.8198
55.3584,0.665,2.8635
55.3586,0.6272,2.7046
55.3588,0.5791,2.4938
55.3590,0.5865,2.5253
55.3592,0.6359,2.7367
55.3594,0.6751,2.9028
55.3596,0.6739,2.9044
55.3598,0.6426,2.7656
55.3600,0.6108,2.6325
55.3602,0.5362,2.3122
55.3604,0.5281,2.277
55.3606,0.5314,2.2904
55.3608,0.5446,2.3429
55.3610,0.6309,2.7156
55.3612,0.6351,2.7362
55.3614,0.5926,2.5552
55.3616,0.5583,2.4095
55.3618,0.4661,2.0125
55.3620,0.4478,1.9347
55.3622,0.4421,1.9098
55.3624,0.4348,1.8765
55.3626,0.4344,1.8749
55.3628,0.4393,1.897
55.3630,0.4212,1.8189
55.3632,0.446,1.9234
55.3634,0.5133,2.2155
55.3636,0.5122,2.2077
55.3638,0.5094,2.1963
55.3640,0.4986,2.1508
55.3642,0.5237,2.2542
55.3644,0.5698,2.4546
55.3646,0.5676,2.4476
55.3648,0.5155,2.2206
55.3650,0.5525,2.3769
55.3652,0.608,2.6194
55.3654,0.6102,2.6287
55.3656,0.5921,2.5507
55.3658,0.5583,2.4039
55.3660,0.6011,2.5883
55.3662,0.6107,2.6283
55.3664,0.617,2.6545
55.3666,0.6379,2.7468
55.3668,0.6245,2.6877
55.3670,0.632,2.7189
55.3672,0.6511,2.801
55.3674,0.6092,2.6197
55.3676,0.6731,2.8932
55.3678,0.7409,3.1829
55.3680,0.7552,3.2442
55.3682,0.8054,3.4552
55.3684,0.8267,3.555
55.3686,0.7628,3.2741
55.3688,0.8282,3.5546
55.3690,0.8386,3.5977
55.3692,0.8303,3.5655
55.3694,0.8028,3.4471
55.3696,0.805,3.4569
55.3698,0.7815,3.3575
55.3700,0.7133,3.0687
55.3702,0.7553,3.2447
55.3704,0.7916,3.4008
55.3706,0.7773,3.3379
55.3708,0.8085,3.4702
55.3710,0.8312,3.5641
55.3712,0.8955,3.8379
55.3714,0.9378,4.0249
55.3716,0.8505,3.6469
55.3718,0.8706,3.735
55.3720,0.9065,3.8942
55.3722,0.8152,3.4974
55.3724,0.8907,3.8173
55.3726,0.8938,3.8343
55.3728,0.8848,3.7939
55.3730,0.8848,3.8028
55.3732,0.7898,3.393
55.3734,0.815,3.4996
55.3736,0.846,3.6329
55.3738,0.8293,3.5609
55.3740,0.8236,3.535
55.3742,0.8184,3.514
55.3744,0.8555,3.6753
55.3746,0.8151,3.5083
55.3748,0.7628,3.2771
55.3750,0.7687,3.3055
55.3752,0.773,3.3194
55.3754,0.7807,3.3555
55.3756,0.7705,3.3116
55.3758,0.7746,3.3276
55.3760,0.8282,3.5579
55.3762,0.7966,3.4224
55.3764,0.8283,3.5518
55.3766,0.9154,3.9324
55.3768,0.7974,3.4351
55.3770,0.6675,2.8703
55.3772,0.747,3.2106
55.3774,0.7711,3.3142
55.3776,0.815,3.4963
55.3778,0.8669,3.7277
55.3780,0.7729,3.3189
55.3782,0.9194,3.948
55.3784,0.867,3.7196
55.3786,0.8264,3.5535
55.3788,0.7932,3.4106
55.3790,0.8215,3.5307
55.3792,0.7315,3.1485
55.3794,0.699,3.0073
55.3796,0.6838,2.9445
55.3798,0.6989,3.0082
55.3800,0.7134,3.072
55.3802,0.6432,2.7708
55.3804,0.6074,2.6132
55.3806,0.656,2.8234
55.3808,0.6695,2.8858
55.3810,0.66,2.8405
55.3812,0.6842,2.9474
55.3814,0.6186,2.6674
55.3816,0.5872,2.5319
55.3818,0.5972,2.5753
55.3820,0.5945,2.5611
55.3822,0.6224,2.6789
55.3824,0.6735,2.9015
55.3826,0.6014,2.5922
55.3828,0.5989,2.5802
55.3830,0.6434,2.7705
55.3832,0.6643,2.8604
55.3834,0.6631,2.8539
55.3836,0.6576,2.8314
55.3838,0.6616,2.8477
55.3840,0.676,2.9069
55.3842,0.7794,3.3451
55.3844,0.9285,3.9853
55.3846,0.8667,3.7198
55.3848,0.8049,3.4579
55.3850,0.7818,3.3617
55.3852,0.7339,3.1589
55.3854,0.7495,3.2215
55.3856,0.7577,3.2565
55.3858,0.751,3.2321
55.3860,0.7487,3.2208
55.3862,0.7441,3.1983
55.3864,0.7601,3.2683
55.3866,0.792,3.4055
55.3868,0.8031,3.4502
55.3870,0.8483,3.6444
55.3872,0.8915,3.8316
55.3874,0.805,3.4617
55.3876,0.7549,3.2477
55.3878,0.7331,3.1553
55.3880,0.7616,3.2735
55.3882,0.7609,3.2704
55.3884,0.7498,3.227
55.3886,0.6922,2.982
55.3888,0.6713,2.8922
55.3890,0.6806,2.9319
55.3892,0.6492,2.7979
55.3894,0.5977,2.575
55.3896,0.5716,2.467
55.3898,0.4751,2.0523
55.3900,0.4619,1.9934
55.3902,0.4592,1.9821
55.3904,0.462,1.994
55.3906,0.4649,2.0092
55.3908,0.4608,1.9897
55.3910,0.4577,1.9726
55.3912,0.5176,2.2362
55.3914,0.4686,2.0234
55.3916,0.4594,1.9817
55.3918,0.4823,2.0795
55.3920,0.527,2.2734
55.3922,0.5157,2.2237
55.3924,0.5887,2.5374
55.3926,0.6049,2.606
55.3928,0.6369,2.7414
55.3930,0.6824,2.9356
55.3932,0.7178,3.0892
55.3934,0.6289,2.7106
55.3936,0.5549,2.3917
55.3938,0.5283,2.278
55.3940,0.5552,2.3938
55.3942,0.5908,2.5462
55.3944,0.5859,2.5227
55.3946,0.6034,2.6005
55.3948,0.5896,2.5387
55.3950,0.6223,2.6809
55.3952,0.5987,2.5791
55.3954,0.5914,2.5476
55.3956,0.6296,2.7111
55.3958,0.6734,2.8983
55.3960,0.6435,2.7698
55.3962,0.616,2.6523
55.3964,0.6034,2.5993
55.3966,0.6109,2.633
55.3968,0.6311,2.7123
55.3970,0.6733,2.8991
55.3972,0.6643,2.863
55.3974,0.5507,2.3758
55.3976,0.5013,2.1627
55.3978,0.4917,2.1213
55.3980,0.4984,2.1473
55.3982,0.5591,2.4076
55.3984,0.6089,2.6206
55.3986,0.6498,2.7979
55.3988,0.6416,2.7615
55.3990,0.6656,2.8634
55.3992,0.6512,2.8041
55.3994,0.5809,2.5027
55.3996,0.5731,2.4691
55.3998,0.6104,2.6273
55.4000,0.6213,2.6743
55.4002,0.6359,2.7355
55.4004,0.6766,2.9162
55.4006,0.5923,2.5541
55.4008,0.5577,2.4025
55.4010,0.5835,2.5112
55.4012,0.6988,3.0021
55.4014,0.7493,3.2249
55.4016,0.632,2.7177
55.4018,0.6964,2.9904
55.4020,0.7678,3.3013
55.4022,0.7707,3.3127
55.4024,0.7656,3.2875
55.4026,0.7442,3.1988
55.4028,0.7637,3.2792
55.4030,0.8723,3.737
55.4032,0.9192,3.9378
55.4034,0.96,4.1144
55.4036,0.9731,4.1729
55.4038,0.9712,4.1607
55.4040,0.9831,4.2096
55.4042,1.0032,4.2979
55.4044,1.0372,4.435
55.4046,1.1309,4.8382
55.4048,1.0782,4.6146
55.4050,1.0821,4.6381
55.4052,1.0429,4.4679
55.4054,0.9967,4.2776
55.4056,0.8646,3.7127
55.4058,0.8907,3.8227
55.4060,0.8747,3.7525
55.4062,0.8556,3.6724
55.4064,0.8422,3.6198
55.4066,0.8432,3.6189
55.4068,0.9273,3.9783
55.4070,0.9643,4.1367
55.4072,0.9633,4.1307
55.4074,0.9082,3.9015
55.4076,0.8838,3.7916
55.4078,0.9413,4.038
55.4080,0.9384,4.035
55.4082,0.7433,3.2006
55.4084,0.7305,3.141
55.4086,0.8139,3.4982
55.4088,0.901,3.8633
55.4090,0.9594,4.1156
55.4092,0.8925,3.834
55.4094,0.8783,3.7679
55.4096,0.9657,4.1468
55.4098,0.8651,3.72
55.4100,0.7432,3.2001
55.4102,0.6718,2.8942
55.4104,0.6916,2.9753
55.4106,0.7437,3.1977
55.4108,0.7538,3.2415
55.4110,0.7808,3.3544
55.4112,0.8103,3.486
55.4114,0.808,3.473
55.4116,0.8414,3.6145
55.4118,0.8409,3.6142
55.4120,0.8246,3.5523
55.4122,0.6971,3.0018
55.4124,0.6663,2.8678
55.4126,0.7011,3.0217
55.4128,0.6224,2.6814
55.4130,0.6456,2.785
55.4132,0.6257,2.6954
55.4134,0.6865,2.9573
55.4136,0.6794,2.9295
55.4138,0.6468,2.7824
55.4140,0.7457,3.2094
55.4142,0.6686,2.8843
55.4144,0.582,2.512
55.4146,0.5664,2.4458
55.4148,0.5598,2.414
55.4150,0.5719,2.4674
55.4152,0.6079,2.6201
55.4154,0.6558,2.8224
55.4156,0.6457,2.7829
55.4158,0.6085,2.6215
55.4160,0.6494,2.8002
55.4162,0.6601,2.8423
55.4164,0.663,2.8547
55.4166,0.7174,3.0862
55.4168,0.7853,3.3703
55.4170,0.8415,3.6167
55.4172,0.8145,3.4992
55.4174,0.8775,3.7713
55.4176,0.7819,3.3669
55.4178,0.7136,3.0726
55.4180,0.7089,3.051
55.4182,0.7365,3.1697
55.4184,0.7223,3.1103
55.4186,0.6698,2.8841
55.4188,0.621,2.6765
55.4190,0.6186,2.6661
55.4192,0.6233,2.6863
55.4194,0.6785,2.9259
55.4196,0.6263,2.6979
55.4198,0.6182,2.6658
55.4200,0.6211,2.6782
55.4202,0.6223,2.6809
55.4204,0.6204,2.6689
55.4206,0.7353,3.1587
55.4208,0.8209,3.5347
55.4210,0.6408,2.7643
55.4212,0.5661,2.4409
55.4214,0.5938,2.5615
55.4216,0.5693,2.456
55.4218,0.5592,2.4114
55.4220,0.5568,2.3989
55.4222,0.5618,2.42
55.4224,0.6055,2.6062
55.4226,0.6312,2.7229
55.4228,0.5498,2.3717
55.4230,0.5507,2.3758
55.4232,0.5735,2.473
55.4234,0.5691,2.4527
55.4236,0.5594,2.4119
55.4238,0.5731,2.4645
55.4240,0.7651,3.2961
55.4242,0.6167,2.6579
55.4244,0.5769,2.4863
55.4246,0.5968,2.5709
55.4248,0.6319,2.7222
55.4250,0.662,2.8492
55.4252,0.6909,2.9708
55.4254,0.7107,3.0573
55.4256,0.713,3.0657
55.4258,0.8173,3.5061
55.4260,0.8928,3.8302
55.4262,0.9094,3.9048
55.4264,0.8803,3.7855
55.4266,0.8236,3.5399
55.4268,0.7682,3.3003
55.4270,0.7947,3.4189
55.4272,0.7483,3.2193
55.4274,0.7785,3.3524
55.4276,0.7319,3.1545
55.4278,0.6705,2.8859
55.4280,0.6633,2.8562
55.4282,0.7038,3.0279
55.4284,0.7727,3.3209
55.4286,0.768,3.3054
55.4288,0.7034,3.0259
55.4290,0.6958,2.9906
55.4292,0.7204,3.0962
55.4294,0.7284,3.1395
55.4296,0.6311,2.7249
55.4298,0.5325,2.2972
55.4300,0.5083,2.1917
55.4302,0.5102,2.203
55.4304,0.5158,2.2222
55.4306,0.5777,2.4899
55.4308,0.5666,2.4464
55.4310,0.4902,2.1166
55.4312,0.4847,2.0908
55.4314,0.4938,2.1281
55.4316,0.5242,2.2636
55.4318,0.5408,2.3307
55.4320,0.5812,2.506
55.4322,0.5505,2.3737
55.4324,0.5257,2.2677
55.4326,0.5554,2.3927
55.4328,0.5787,2.4952
55.4330,0.5273,2.2771
55.4332,0.4679,2.0184
55.4334,0.4644,2.0043
55.4336,0.4654,2.0085
55.4338,0.4803,2.0712
55.4340,0.5143,2.2165
55.4342,0.5734,2.4701
55.4344,0.6154,2.6534
55.4346,0.5725,2.4665
55.4348,0.5711,2.4592
55.4350,0.6404,2.7538
55.4352,0.765,3.2864
55.4354,0.7883,3.3848
55.4356,0.8264,3.5518
55.4358,0.7981,3.427
55.4360,0.8269,3.5572
55.4362,0.7483,3.2223
55.4364,0.7609,3.2613
55.4366,0.9425,4.0412
55.4368,0.9213,3.9507
55.4370,0.8588,3.6806
55.4372,0.9074,3.8911
55.4374,0.927,3.9786
55.4376,0.9083,3.902
55.4378,0.8345,3.5852
55.4380,0.8273,3.551
55.4382,0.8536,3.6637
55.4384,0.8332,3.5778
55.4386,0.888,3.8114
55.4388,0.9061,3.8909
55.4390,0.832,3.576
55.4392,0.7499,3.232
55.4394,0.6619,2.8487
55.4396,0.6745,2.9042
55.4398,0.6511,2.8036
55.4400,0.6824,2.937
55.4402,0.6586,2.8348
55.4404,0.7028,3.0219
55.4406,0.7636,3.2848
55.4408,0.7508,3.2301
55.4410,0.751,3.2261
55.4412,0.8273,3.5526
55.4414,0.8601,3.6949
55.4416,0.8348,3.5845
55.4418,0.8122,3.4861
55.4420,0.811,3.4858
55.4422,0.8185,3.5194
55.4424,0.7763,3.3379
55.4426,0.7365,3.1638
55.4428,0.7704,3.3142
55.4430,0.7969,3.4234
55.4432,0.7205,3.0996
55.4434,0.7173,3.0843
55.4436,0.7266,3.1274
55.4438,0.7239,3.1155
55.4440,0.7151,3.0793
55.4442,0.7118,3.0605
55.4444,0.7429,3.1961
55.4446,0.7176,3.093
55.4448,0.6248,2.6955
55.4450,0.5513,2.3773
55.4452,0.5324,2.2945
55.4454,0.5848,2.518
55.4456,0.6832,2.9406
55.4458,0.7365,3.1653
55.4460,0.7447,3.2068
55.4462,0.6715,2.8913
55.4464,0.6874,2.9586
55.4466,0.6439,2.7739
55.4468,0.5964,2.5681
55.4470,0.6615,2.8445
55.4472,0.7558,3.2573
55.4474,0.609,2.6236
55.4476,0.6511,2.801
55.4478,0.7006,3.0154
55.4480,0.6831,2.9401
55.4482,0.6951,2.9903
55.4484,0.6968,2.9961
55.4486,0.7264,3.1264
55.4488,0.7472,3.2206
55.4490,0.6305,2.716
55.4492,0.6061,2.6112
55.4494,0.595,2.5655
55.4496,0.6246,2.687
55.4498,0.7288,3.1338
55.4500,0.7331,3.1582
55.4502,0.6335,2.7302
55.4504,0.6782,2.9175
55.4506,0.7347,3.1649
55.4508,0.6279,2.7102
55.4510,0.5477,2.3629
55.4512,0.5389,2.3225
55.4514,0.5393,2.3245
55.4516,0.5953,2.5647
55.4518,0.6279,2.7064
55.4520,0.5592,2.4114
55.4522,0.5447,2.351
55.4524,0.5814,2.5071
55.4526,0.5519,2.3799
55.4528,0.5386,2.3214
55.4530,0.542,2.337
55.4532,0.5451,2.3504
55.4534,0.5451,2.3504
55.4536,0.5734,2.4656
55.4538,0.6312,2.7229
55.4540,0.5094,2.1984
55.4542,0.4825,2.0834
55.4544,0.4694,2.0251
55.4546,0.4649,2.0064
55.4548,0.4631,1.9986
55.4550,0.465,2.0069
55.4552,0.4634,1.9992
55.4554,0.4624,1.9946
55.4556,0.463,2
55.4558,0.4655,2.009
55.4560,0.4722,2.0361
55.4562,0.4819,2.0779
55.4564,0.4794,2.068
55.4566,0.5217,2.2475
55.4568,0.5725,2.4654
55.4570,0.5775,2.4877
55.4572,0.5734,2.4701
55.4574,0.5439,2.3474
55.4576,0.486,2.0955
55.4578,0.4771,2.0582
55.4580,0.4717,2.034
55.4582,0.4938,2.1281
55.4584,0.5645,2.4297
55.4586,0.6648,2.8544
55.4588,0.7308,3.1381
55.4590,0.7992,3.4348
55.4592,0.7432,3.1986
55.4594,0.5777,2.4899
55.4596,0.5532,2.3845
55.4598,0.5493,2.3652
55.4600,0.5608,2.4114
55.4602,0.6162,2.6546
55.4604,0.5531,2.3828
55.4606,0.5489,2.3648
55.4608,0.5447,2.3478
55.4610,0.5496,2.369
55.4612,0.5425,2.3369
55.4614,0.5397,2.3261
55.4616,0.5212,2.2465
55.4618,0.5408,2.3307
55.4620,0.5842,2.5155
55.4622,0.5942,2.5553
55.4624,0.6187,2.6642
55.4626,0.604,2.6019
55.4628,0.6112,2.6316
55.4630,0.6112,2.6292
55.4632,0.6114,2.6314
55.4634,0.6627,2.851
55.4636,0.6459,2.7762
55.4638,0.706,3.0344
55.4640,0.6809,2.9294
55.4642,0.6279,2.7052
55.4644,0.6476,2.7873
55.4646,0.6975,3.002
55.4648,0.6536,2.8118
55.4650,0.694,2.987
55.4652,0.6221,2.6799
55.4654,0.6121,2.6345
55.4656,0.6484,2.7909
55.4658,0.6013,2.5893
55.4660,0.6731,2.8932
55.4662,0.7281,3.1292
55.4664,0.6933,2.9853
55.4666,0.5878,2.5298
55.4668,0.5895,2.537
55.4670,0.5772,2.4867
55.4672,0.6052,2.6034
55.4674,0.6758,2.9032
55.4676,0.7403,3.1833
55.4678,0.7243,3.1132
55.4680,0.7589,3.2571
55.4682,0.8127,3.4866
55.4684,0.8197,3.5229
55.4686,0.7293,3.1358
55.4688,0.7542,3.2401
55.4690,0.7749,3.3292
55.4692,0.7989,3.4242
55.4694,0.896,3.8458
55.4696,0.8919,3.826
55.4698,0.9097,3.8972
55.4700,0.8958,3.8412
55.4702,0.9586,4.1068
55.4704,0.9359,4.0167
55.4706,0.8379,3.5996
55.4708,0.7767,3.3384
55.4710,0.7719,3.3163
55.4712,0.7604,3.2653
55.4714,0.7573,3.2565
55.4716,0.7386,3.1731
55.4718,0.7512,3.2257
55.4720,0.8144,3.4986
55.4722,0.8207,3.5292
55.4724,0.7763,3.3333
55.4726,0.8018,3.4478
55.4728,0.7459,3.206
55.4730,0.7422,3.1871
55.4732,0.7739,3.3245
55.4734,0.7318,3.1452
55.4736,0.7391,3.1796
55.4738,0.7366,3.1658
55.4740,0.7517,3.2337
55.4742,0.7064,3.0359
55.4744,0.7371,3.1693
55.4746,0.7385,3.177
55.4748,0.699,3.0059
55.4750,0.6873,2.9581
55.4752,0.6897,2.9698
55.4754,0.6788,2.9188
55.4756,0.6872,2.9562
55.4758,0.7035,3.0264
55.4760,0.6917,2.9758
55.4762,0.709,3.0459
55.4764,0.7427,3.1965
55.4766,0.6963,2.9926
55.4768,0.7656,3.2859
55.4770,0.8339,3.5843
55.4772,0.7835,3.3657
55.4774,0.8453,3.6315
55.4776,0.8155,3.5
55.4778,0.8608,3.698
55.4780,0.8211,3.5258
55.4782,0.8162,3.508
55.4784,0.768,3.3039
55.4786,0.6819,2.9308
55.4788,0.7179,3.0912
55.4790,0.6902,2.9719
55.4792,0.686,2.9511
55.4794,0.6266,2.6995
55.4796,0.5727,2.4693
55.4798,0.5893,2.5412
55.4800,0.5986,2.5762
55.4802,0.7142,3.0709
55.4804,0.733,3.1547
55.4806,0.6543,2.8188
55.4808,0.6133,2.6422
55.4810,0.6447,2.7788
55.4812,0.6088,2.6213
55.4814,0.5958,2.5691
55.4816,0.5808,2.5022
55.4818,0.6,2.586
55.4820,0.6043,2.6046
55.4822,0.5753,2.4784
55.4824,0.5739,2.4711
55.4826,0.6055,2.6122
55.4828,0.5115,2.2056
55.4830,0.5282,2.2786
55.4832,0.5802,2.4949
55.4834,0.7333,3.1578
55.4836,0.6609,2.8472
55.4838,0.5826,2.5122
55.4840,0.5806,2.5023
55.4842,0.6133,2.6397
55.4844,0.6398,2.7538
55.4846,0.6603,2.8433
55.4848,0.6706,2.8877
55.4850,0.6576,2.8301
55.4852,0.6478,2.7883
55.4854,0.6815,2.932
55.4856,0.6969,3.0008
55.4858,0.6385,2.7481
55.4860,0.6263,2.6954
55.4862,0.6393,2.7517
55.4864,0.7016,3.0167
55.4866,0.7856,3.375
55.4868,0.8272,3.5521
55.4870,0.8022,3.4493
55.4872,0.7305,3.1424
55.4874,0.7146,3.0758
55.4876,0.6761,2.9101
55.4878,0.5993,2.5817
55.4880,0.551,2.3758
55.4882,0.5348,2.307
55.4884,0.5401,2.3276
55.4886,0.5525,2.3825
55.4888,0.5477,2.3629
55.4890,0.5297,2.2821
55.4892,0.5287,2.2785
55.4894,0.5259,2.2687
55.4896,0.5446,2.3451
55.4898,0.6284,2.701
55.4900,0.7028,3.0275
55.4902,0.6419,2.7664
55.4904,0.582,2.5085
55.4906,0.5379,2.3194
55.4908,0.5337,2.3002
55.4910,0.5326,2.2945
55.4912,0.5324,2.2945
55.4914,0.5391,2.3224
55.4916,0.6353,2.7316
55.4918,0.7017,3.0186
55.4920,0.6815,2.9374
55.4922,0.5803,2.5001
55.4924,0.5357,2.3079
55.4926,0.5349,2.3054
55.4928,0.535,2.3081
55.4930,0.5379,2.3183
55.4932,0.6425,2.7651
55.4934,0.6797,2.9283
55.4936,0.5486,2.3632
55.4938,0.5381,2.3194
55.4940,0.518,2.2346
55.4942,0.5106,2.2025
55.4944,0.5136,2.2134
55.4946,0.564,2.4287
55.4948,0.5733,2.4708
55.4950,0.5651,2.4345
55.4952,0.5743,2.4708
55.4954,0.614,2.6453
55.4956,0.555,2.3944
55.4958,0.5092,2.1948
55.4960,0.5688,2.4517
55.4962,0.5439,2.3442
55.4964,0.5211,2.2428
55.4966,0.5615,2.4224
55.4968,0.5303,2.2858
55.4970,0.5855,2.52
55.4972,0.5693,2.4537
55.4974,0.5562,2.3985
55.4976,0.5302,2.2831
55.4978,0.5195,2.2382
55.4980,0.5164,2.2279
55.4982,0.5013,2.1617
55.4984,0.5325,2.2929
55.4986,0.5687,2.4489
55.4988,0.6101,2.627
55.4990,0.6077,2.6179
55.4992,0.589,2.5349
55.4994,0.5922,2.5477
55.4996,0.6325,2.7235
55.4998,0.6126,2.6342
55.5000,0.7239,3.1112
55.5002,0.7464,3.2125
55.5004,0.6736,2.8993
55.5006,0.6508,2.7973
55.5008,0.7118,3.0634
55.5010,0.5976,2.5733
55.5012,0.5879,2.5303
55.5014,0.6583,2.8306
55.5016,0.6976,3.0011
55.5018,0.6656,2.8634
55.5020,0.6751,2.9014
55.5022,0.7488,3.2154
55.5024,0.8131,3.4865
55.5026,0.8576,3.6789
55.5028,0.8272,3.5488
55.5030,0.7965,3.4187
55.5032,0.8073,3.4666
55.5034,0.8284,3.5572
55.5036,0.8446,3.6234
55.5038,0.9049,3.8749
55.5040,0.9227,3.9601
55.5042,0.8457,3.628
55.5044,0.8656,3.7099
55.5046,0.9429,4.0414
55.5048,0.8921,3.8271
55.5050,0.9011,3.8657
55.5052,0.9132,3.9194
55.5054,0.8094,3.4754
55.5056,0.769,3.3049
55.5058,0.7796,3.343
55.5060,0.8812,3.7856
55.5062,0.8206,3.5287
55.5064,0.7743,3.3219
55.5066,0.847,3.6387
55.5068,0.81,3.4861
55.5070,0.6926,2.9781
55.5072,0.6789,2.922
55.5074,0.6791,2.9217
55.5076,0.6711,2.8884
55.5078,0.6142,2.6458
55.5080,0.6481,2.7894
55.5082,0.6867,2.9487
55.5084,0.7811,3.3523
55.5086,0.7989,3.4306
55.5088,0.8145,3.4975
55.5090,0.8072,3.4677
55.5092,0.8156,3.5022
55.5094,0.8323,3.5737
55.5096,0.8722,3.7452
55.5098,0.8755,3.7526
55.5100,0.9499,4.0731
55.5102,0.8883,3.8106
55.5104,0.9196,3.9412
55.5106,0.9736,4.1788
55.5108,0.8428,3.6241
55.5110,0.7547,3.2451
55.5112,0.7333,3.1563
55.5114,0.7206,3.0987
55.5116,0.7849,3.3751
55.5118,0.6968,3.0017
55.5120,0.6312,2.7191
55.5122,0.6456,2.7798
55.5124,0.6225,2.6819
55.5126,0.6279,2.7052
55.5128,0.6266,2.7007
55.5130,0.6065,2.6127
55.5132,0.6691,2.8743
55.5134,0.7736,3.325
55.5136,0.7678,3.3013
55.5138,0.7121,3.0664
55.5140,0.6191,2.6657
55.5142,0.6234,2.6818
55.5144,0.6547,2.8191
55.5146,0.649,2.7909
55.5148,0.7082,3.0465
55.5150,0.6853,2.9452
55.5152,0.7385,3.174
55.5154,0.7308,3.144
55.5156,0.7327,3.1566
55.5158,0.6432,2.7721
55.5160,0.5916,2.5498
55.5162,0.589,2.5385
55.5164,0.5958,2.5667
55.5166,0.6469,2.7816
55.5168,0.7146,3.0729
55.5170,0.7215,3.1052
55.5172,0.6869,2.9593
55.5174,0.6245,2.6927
55.5176,0.6024,2.5951
55.5178,0.5968,2.5733
55.5180,0.5976,2.5757
55.5182,0.592,2.5478
55.5184,0.5993,2.5817
55.5186,0.6166,2.6549
55.5188,0.6031,2.5958
55.5190,0.5994,2.5822
55.5192,0.598,2.576
55.5194,0.6683,2.8766
55.5196,0.668,2.8724
55.5198,0.6432,2.7682
55.5200,0.6619,2.8487
55.5202,0.6133,2.6446
55.5204,0.5296,2.2848
55.5206,0.5409,2.3291
55.5208,0.607,2.6184
55.5210,0.4847,2.0937
55.5212,0.4501,1.9436
55.5214,0.4518,1.9491
55.5216,0.5118,2.2077
55.5218,0.4838,2.0891
55.5220,0.4402,1.8989
55.5222,0.4534,1.9567
55.5224,0.4978,2.1487
55.5226,0.4743,2.0463
55.5228,0.4444,1.9188
55.5230,0.435,1.8767
55.5232,0.4343,1.8753
55.5234,0.4365,1.8846
55.5236,0.4612,1.9867
55.5238,0.5769,2.4863
55.5240,0.5249,2.2636
55.5242,0.5241,2.261
55.5244,0.554,2.3876
55.5246,0.591,2.5449
55.5248,0.5869,2.525
55.5250,0.6478,2.787
55.5252,0.6795,2.9205
55.5254,0.7209,3.0997
55.5256,0.6645,2.8574
55.5258,0.6555,2.8214
55.5260,0.6362,2.7434
55.5262,0.5691,2.4527
55.5264,0.5817,2.5035
55.5266,0.6096,2.6274
55.5268,0.5389,2.3225
55.5270,0.5404,2.3303
55.5272,0.5446,2.3451
55.5274,0.583,2.5103
55.5276,0.5624,2.4226
55.5278,0.5818,2.5086
55.5280,0.557,2.3983
55.5282,0.56,2.4112
55.5284,0.5607,2.4165
55.5286,0.5765,2.4824
55.5288,0.585,2.5202
55.5290,0.4664,2.0131
55.5292,0.4499,1.9426
55.5294,0.4531,1.9539
55.5296,0.4486,1.9351
55.5298,0.4477,1.9324
55.5300,0.4434,1.9129
55.5302,0.4287,1.8484
55.5304,0.4789,2.0641
55.5306,0.5265,2.2682
55.5308,0.5092,2.1918
55.5310,0.5723,2.4643
55.5312,0.5932,2.5554
55.5314,0.5566,2.4012
55.5316,0.4988,2.1488
55.5318,0.5344,2.3023
55.5320,0.4969,2.1426
55.5322,0.4909,2.1167
55.5324,0.4989,2.1474
55.5326,0.551,2.3702
55.5328,0.6335,2.7277
55.5330,0.6565,2.8229
55.5332,0.6737,2.8944
55.5334,0.7085,3.0424
55.5336,0.7134,3.0649
55.5338,0.7375,3.1685
55.5340,0.7272,3.1227
55.5342,0.7728,3.3168
55.5344,0.7586,3.2621
55.5346,0.7073,3.0401
55.5348,0.7452,3.1984
55.5350,0.7805,3.3497
55.5352,0.7555,3.2457
55.5354,0.7889,3.3858
55.5356,0.7699,3.3044
55.5358,0.7672,3.2926
55.5360,0.789,3.3926
55.5362,0.7046,3.0324
55.5364,0.7145,3.0653
55.5366,0.8439,3.6152
55.5368,0.892,3.8176
55.5370,0.8857,3.798
55.5372,0.8926,3.8238
55.5374,0.9291,3.9842
55.5376,0.9443,4.0489
55.5378,0.9083,3.8965
55.5380,0.9019,3.8657
55.5382,0.9184,3.9434
55.5384,0.8549,3.6693
55.5386,0.861,3.6938
55.5388,0.8252,3.5417
55.5390,0.8014,3.4446
55.5392,0.7453,3.2064
55.5394,0.7107,3.0559
55.5396,0.7283,3.1302
55.5398,0.7469,3.2071
55.5400,0.8042,3.4549
55.5402,0.7893,3.3878
55.5404,0.814,3.4922
55.5406,0.8329,3.5763
55.5408,0.8239,3.541
55.5410,0.7483,3.2148
55.5412,0.791,3.3982
55.5414,0.8663,3.713
55.5416,0.9056,3.887
55.5418,0.8377,3.5969
55.5420,0.824,3.5382
55.5422,0.8655,3.7181
55.5424,0.7891,3.3899
55.5426,0.8128,3.4936
55.5428,0.8136,3.4983
55.5430,0.8184,3.5156
55.5432,0.818,3.5125
55.5434,0.8426,3.6146
55.5436,0.8591,3.6856
55.5438,0.8621,3.7071
55.5440,0.7789,3.3493
55.5442,0.8206,3.5254
55.5444,0.7867,3.3812
55.5446,0.8001,3.4357
55.5448,0.8499,3.6528
55.5450,0.7887,3.3884
55.5452,0.7851,3.3714
55.5454,0.8193,3.5247
55.5456,0.7962,3.4203
55.5458,0.8314,3.5701
55.5460,0.832,3.576
55.5462,0.7754,3.3343
55.5464,0.7438,3.1952
55.5466,0.7934,3.4085
55.5468,0.8422,3.6181
55.5470,0.8138,3.4993
55.5472,0.7845,3.3735
55.5474,0.796,3.4198
55.5476,0.8452,3.626
55.5478,0.8831,3.792
55.5480,0.8225,3.5353
55.5482,0.8648,3.7081
55.5484,0.9296,3.9899
55.5486,0.9236,3.9679
55.5488,0.7923,3.407
55.5490,0.8091,3.476
55.5492,0.8041,3.4527
55.5494,0.7704,3.3111
55.5496,0.7564,3.2523
55.5498,0.8124,3.4899
55.5500,0.8396,3.6068
55.5502,0.8379,3.5996
55.5504,0.8681,3.7346
55.5506,0.7699,3.3137
55.5508,0.7061,3.0377
55.5510,0.7409,3.1888
55.5512,0.7108,3.0607
55.5514,0.7043,3.0328
55.5516,0.7079,3.0469
55.5518,0.7058,3.0376
55.5520,0.6981,3.0074
55.5522,0.6983,3.0056
55.5524,0.7172,3.0852
55.5526,0.7227,3.1089
55.5528,0.7311,3.1436
55.5530,0.7829,3.3647
55.5532,0.8315,3.5773
55.5534,0.7373,3.1733
55.5536,0.7442,3.1973
55.5538,0.8185,3.5178
55.5540,0.7131,3.0748
55.5542,0.5632,2.4307
55.5544,0.5482,2.365
55.5546,0.5444,2.3484
55.5548,0.5423,2.3396
55.5550,0.5398,2.3298
55.5552,0.5411,2.3355
55.5554,0.5444,2.3473
55.5556,0.5462,2.354
55.5558,0.5434,2.3443
55.5560,0.5383,2.3231
55.5562,0.5468,2.3522
55.5564,0.7012,3.0152
55.5566,0.7282,3.1341
55.5568,0.6414,2.7656
55.5570,0.6321,2.7245
55.5572,0.6319,2.7184
55.5574,0.6419,2.7651
55.5576,0.5686,2.4495
55.5578,0.6314,2.7164
55.5580,0.7127,3.0632
55.5582,0.7801,3.3482
55.5584,0.8361,3.5952
55.5586,0.8112,3.488
55.5588,0.7626,3.2776
55.5590,0.7524,3.2398
55.5592,0.6594,2.8405
55.5594,0.6371,2.7432
55.5596,0.6654,2.861
55.5598,0.7925,3.406
55.5600,0.7773,3.3457
55.5602,0.6836,2.9421
55.5604,0.6409,2.7597
55.5606,0.6386,2.7511
55.5608,0.6483,2.7943
55.5610,0.6404,2.7538
55.5612,0.6784,2.9226
55.5614,0.632,2.7227
55.5616,0.608,2.6206
55.5618,0.6242,2.6867
55.5620,0.6909,2.975
55.5622,0.6845,2.9435
55.5624,0.6678,2.8767
55.5626,0.6205,2.6731
55.5628,0.6168,2.6596
55.5630,0.6372,2.7411
55.5632,0.7441,3.1998
55.5634,0.7068,3.0422
55.5636,0.7163,3.0859
55.5638,0.6989,3.004
55.5640,0.7753,3.3354
55.5642,0.7056,3.0371
55.5644,0.7012,3.0194
55.5646,0.7201,3.101
55.5648,0.6355,2.7377
55.5650,0.5981,2.5801
55.5652,0.6046,2.6008
55.5654,0.6628,2.8542
55.5656,0.6054,2.6093
55.5658,0.5675,2.4482
55.5660,0.5598,2.4129
55.5662,0.5805,2.5029
55.5664,0.5863,2.5248
55.5666,0.657,2.8289
55.5668,0.6513,2.802
55.5670,0.7115,3.0552
55.5672,0.7615,3.276
55.5674,0.7004,3.013
55.5676,0.7426,3.1916
55.5678,0.8108,3.4848
55.5680,0.8349,3.5851
55.5682,0.8186,3.515
55.5684,0.8501,3.6487
55.5686,0.8329,3.5763
55.5688,0.8343,3.5875
55.5690,0.7993,3.4321
55.5692,0.8403,3.6065
55.5694,0.8929,3.8307
55.5696,0.9342,4.0151
55.5698,0.8405,3.6109
55.5700,0.7725,3.3189
55.5702,0.8225,3.5271
55.5704,0.8478,3.6441
55.5706,0.8245,3.5403
55.5708,0.8604,3.6878
55.5710,0.985,4.2238
55.5712,1.018,4.3631
55.5714,0.9781,4.1979
55.5716,0.8838,3.7969
55.5718,0.8252,3.5516
55.5720,0.7138,3.0707
55.5722,0.7017,3.0215
55.5724,0.6598,2.8439
55.5726,0.6698,2.8841
55.5728,0.6887,2.9629
55.5730,0.7452,3.2029
55.5732,0.854,3.6703
55.5734,0.7996,3.4417
55.5736,0.7407,3.1804
55.5738,0.8011,3.4383
55.5740,0.8231,3.5395
55.5742,0.8126,3.4942
55.5744,0.8067,3.4673
55.5746,0.7678,3.2983
55.5748,0.8329,3.5813
55.5750,0.8038,3.4565
55.5752,0.7779,3.3436
55.5754,0.7655,3.2915
55.5756,0.7476,3.2222
55.5758,0.6916,2.9781
55.5760,0.6854,2.9499
55.5762,0.7101,3.0548
55.5764,0.754,3.2435
55.5766,0.764,3.2899
55.5768,0.6591,2.8382
55.5770,0.6393,2.7542
55.5772,0.6487,2.7932
55.5774,0.6703,2.8915
55.5776,0.6227,2.6837
55.5778,0.6218,2.6788
55.5780,0.5722,2.4707
55.5782,0.5173,2.2294
55.5784,0.5753,2.4773
55.5786,0.5922,2.5489
55.5788,0.6146,2.6478
55.5790,0.6264,2.701
55.5792,0.5885,2.5399
55.5794,0.5399,2.3282
55.5796,0.6186,2.6649
55.5798,0.6134,2.6488
55.5800,0.5019,2.1653
55.5802,0.5338,2.3029
55.5804,0.5077,2.1932
55.5806,0.4803,2.076
55.5808,0.4851,2.0938
55.5810,0.4755,2.0505
55.5812,0.5181,2.2372
55.5814,0.4946,2.1318
55.5816,0.5698,2.4581
55.5818,0.5536,2.3893
55.5820,0.4568,1.9735
55.5822,0.412,1.7815
55.5824,0.3932,1.6977
55.5826,0.5317,2.2925
55.5828,0.548,2.3661
55.5830,0.473,2.0425
55.5832,0.4902,2.1156
55.5834,0.5004,2.1566
55.5836,0.5602,2.4111
55.5838,0.6101,2.6282
55.5840,0.5875,2.5334
55.5842,0.5926,2.5528
55.5844,0.6308,2.7163
55.5846,0.5818,2.5051
55.5848,0.6068,2.6106
55.5850,0.6731,2.8986
55.5852,0.6122,2.6387
55.5854,0.555,2.3922
55.5856,0.5487,2.3648
55.5858,0.5614,2.4196
55.5860,0.6008,2.5884
55.5862,0.5914,2.5476
55.5864,0.5733,2.4708
55.5866,0.565,2.4317
55.5868,0.604,2.6019
55.5870,0.5712,2.4608
55.5872,0.605,2.6065
55.5874,0.5811,2.5067
55.5876,0.4874,2.1037
55.5878,0.4801,2.0721
55.5880,0.4856,2.093
55.5882,0.4873,2.1022
55.5884,0.4753,2.0495
55.5886,0.5432,2.3421
55.5888,0.4891,2.109
55.5890,0.464,2.0028
55.5892,0.4481,1.9357
55.5894,0.4409,1.9038
55.5896,0.4418,1.9061
55.5898,0.4423,1.9091
55.5900,0.4507,1.9453
55.5902,0.4486,1.936
55.5904,0.4469,1.927
55.5906,0.4492,1.9359
55.5908,0.4956,2.1369
55.5910,0.5125,2.2108
55.5912,0.5282,2.2743
55.5914,0.5705,2.4555
55.5916,0.5843,2.516
55.5918,0.6014,2.5874
55.5920,0.6272,2.7008
55.5922,0.5417,2.337
55.5924,0.4707,2.0299
55.5926,0.4727,2.0372
55.5928,0.5056,2.1823
55.5930,0.4583,1.9761
55.5932,0.4585,1.979
55.5934,0.4315,1.8617
55.5936,0.467,2.0101
55.5938,0.52,2.2413
55.5940,0.4855,2.0925
55.5942,0.4972,2.1421
55.5944,0.51,2.1999
55.5946,0.4841,2.0882
55.5948,0.5089,2.1912
55.5950,0.5668,2.4417
55.5952,0.5259,2.2666
55.5954,0.5211,2.246
55.5956,0.5157,2.2237
55.5958,0.5041,2.1716
55.5960,0.543,2.3362
55.5962,0.5859,2.525
55.5964,0.5025,2.1689
55.5966,0.4369,1.8832
55.5968,0.4969,2.1416
55.5970,0.4935,2.1271
55.5972,0.5228,2.2501
55.5974,0.5848,2.5157
55.5976,0.5803,2.4978
55.5978,0.5648,2.4341
55.5980,0.5283,2.2728
55.5982,0.5544,2.3885
55.5984,0.5772,2.4821
55.5986,0.6734,2.8915
55.5988,0.7333,3.149
55.5990,0.7439,3.1943
55.5992,0.7101,3.0562
55.5994,0.5994,2.5822
55.5996,0.5904,2.5411
55.5998,0.5534,2.3828
55.6000,0.5463,2.3534
55.6002,0.6065,2.6091
55.6004,0.6345,2.7285
55.6006,0.6582,2.8261
55.6008,0.7166,3.0783
55.6010,0.7522,3.2313
55.6012,0.7572,3.2499
55.6014,0.7459,3.2045
55.6016,0.7409,3.1814
55.6018,0.7814,3.3523
55.6020,0.813,3.4843
55.6022,0.8524,3.6534
55.6024,0.8791,3.7627
55.6026,0.9125,3.9127
55.6028,0.9351,4.0061
55.6030,1.0078,4.3073
55.6032,1.1012,4.711
55.6034,0.988,4.2327
55.6036,1.0465,4.475
55.6038,1.0614,4.5364
55.6040,1.0636,4.5478
55.6042,1.0914,4.6711
55.6044,1.0704,4.5898
55.6046,0.941,4.0313
55.6048,0.9106,3.9118
55.6050,0.7594,3.2622
55.6052,0.7727,3.3178
55.6054,0.8549,3.6659
55.6056,0.8778,3.7641
55.6058,0.888,3.8096
55.6060,0.9254,3.9645
55.6062,0.9811,4.2029
55.6064,0.9853,4.2208
55.6066,0.9794,4.2016
55.6068,0.8481,3.64
55.6070,0.8795,3.7731
55.6072,0.8585,3.6882
55.6074,0.8725,3.745
55.6076,0.9191,3.941
55.6078,0.9042,3.8845
55.6080,0.8672,3.7218
55.6082,0.8796,3.7718
55.6084,0.9202,3.9474
55.6086,0.9035,3.8796
55.6088,0.8508,3.6518
55.6090,0.8903,3.8247
55.6092,0.8661,3.7189
55.6094,0.8582,3.6798
55.6096,0.8483,3.6393
55.6098,0.9125,3.9127
55.6100,0.951,4.0796
55.6102,0.9291,3.9897
55.6104,0.9258,3.9679
55.6106,0.9398,4.0393
55.6108,0.798,3.4329
55.6110,0.7753,3.3338
55.6112,0.7602,3.2688
55.6114,0.7978,3.426
55.6116,0.8103,3.4876
55.6118,0.7019,3.0253
55.6120,0.6787,2.9237
55.6122,0.703,3.0243
55.6124,0.7204,3.0948
55.6126,0.804,3.4538
55.6128,0.8006,3.4474
55.6130,0.6944,2.9886
55.6132,0.6954,2.9918
55.6134,0.7343,3.1604
55.6136,0.7466,3.2136
55.6138,0.7528,3.2369
55.6140,0.7663,3.2982
55.6142,0.6939,2.9865
55.6144,0.689,2.9653
55.6146,0.7186,3.0885
55.6148,0.8107,3.4827
55.6150,0.8309,3.5747
55.6152,0.8216,3.5345
55.6154,0.7458,3.21
55.6156,0.7302,3.1356
55.6158,0.8534,3.6643
55.6160,0.8576,3.6841
55.6162,0.8187,3.5205
55.6164,0.7278,3.1355
55.6166,0.7018,3.022
55.6168,0.7062,3.0368
55.6170,0.766,3.2921
55.6172,0.7883,3.3911
55.6174,0.8028,3.4487
55.6176,0.7927,3.4086
55.6178,0.7457,3.2094
55.6180,0.7439,3.2032
55.6182,0.7391,3.1781
55.6184,0.791,3.3998
55.6186,0.8425,3.6209
55.6188,0.8365,3.5968
55.6190,0.8263,3.5463
55.6192,0.803,3.4561
55.6194,0.7354,3.1651
55.6196,0.6827,2.944
55.6198,0.5588,2.4094
55.6200,0.5426,2.3428
55.6202,0.5399,2.3314
55.6204,0.5353,2.3091
55.6206,0.5434,2.3443
55.6208,0.5447,2.35
55.6210,0.5432,2.3421
55.6212,0.567,2.4484
55.6214,0.5426,2.3428
55.6216,0.5362,2.3111
55.6218,0.5621,2.4238
55.6220,0.5504,2.3754
55.6222,0.5679,2.4441
55.6224,0.6817,2.9298
55.6226,0.7243,3.119
55.6228,0.6144,2.648
55.6230,0.6031,2.5982
55.6232,0.6697,2.8796
55.6234,0.7338,3.1584
55.6236,0.7229,3.1099
55.6238,0.7466,3.2091
55.6240,0.7925,3.4028
55.6242,0.8246,3.5408
55.6244,0.8796,3.7789
55.6246,0.8747,3.7577
55.6248,0.8493,3.6519
55.6250,0.7749,3.3354
55.6252,0.7542,3.2446
55.6254,0.7512,3.2302
55.6256,0.7824,3.3611
55.6258,0.8333,3.5817
55.6260,0.8066,3.4668
55.6262,0.861,3.7007
55.6264,0.8558,3.6781
55.6266,0.8451,3.6373
55.6268,0.7495,3.229
55.6270,0.6947,2.9901
55.6272,0.6723,2.895
55.6274,0.6725,2.8946
55.6276,0.6776,2.9163
55.6278,0.702,3.0258
55.6280,0.6296,2.7137
55.6282,0.6439,2.7739
55.6284,0.5767,2.4904
55.6286,0.5219,2.2506
55.6288,0.5794,2.4983
55.6290,0.5727,2.4682
55.6292,0.5977,2.5786
55.6294,0.5234,2.2568
55.6296,0.5427,2.3368
55.6298,0.6448,2.7767
55.6300,0.6363,2.7451
55.6302,0.5324,2.2988
55.6304,0.4787,2.0659
55.6306,0.4827,2.0845
55.6308,0.48,2.0716
55.6310,0.4775,2.0617
55.6312,0.4784,2.0658
55.6314,0.4788,2.0655
55.6316,0.4824,2.081
55.6318,0.4799,2.072
55.6320,0.4807,2.0757
55.6322,0.4862,2.0966
55.6324,0.5429,2.3411
55.6326,0.5574,2.4037
55.6328,0.536,2.3101
55.6330,0.5614,2.4185
55.6332,0.6175,2.6627
55.6334,0.6096,2.6237
55.6336,0.6643,2.8564
55.6338,0.7296,3.1359
55.6340,0.7759,3.3333
55.6342,0.7854,3.374
55.6344,0.826,3.5486
55.6346,0.7881,3.389
55.6348,0.7528,3.2399
55.6350,0.7759,3.3333
55.6352,0.8481,3.6383
55.6354,0.8939,3.833
55.6356,0.9253,3.9696
55.6358,0.806,3.4658
55.6360,0.7606,3.2674
55.6362,0.7922,3.4065
55.6364,0.7369,3.1732
55.6366,0.6938,2.986
55.6368,0.7302,3.1326
55.6370,0.8718,3.7454
55.6372,0.8282,3.5579
55.6374,0.8136,3.495
55.6376,0.8543,3.6685
55.6378,0.8806,3.783
55.6380,0.8384,3.6
55.6382,0.8481,3.64
55.6384,0.8708,3.7425
55.6386,0.8269,3.5522
55.6388,0.8488,3.6397
55.6390,0.9179,3.9377
55.6392,0.8987,3.859
55.6394,0.848,3.648
55.6396,0.7922,3.4065
55.6398,0.7642,3.2843
55.6400,0.7751,3.3312
55.6402,0.7693,3.3034
55.6404,0.821,3.5286
55.6406,0.8327,3.5758
55.6408,0.8407,3.6148
55.6410,0.7624,3.2766
55.6412,0.7748,3.3333
55.6414,0.7753,3.3323
55.6416,0.8118,3.4922
55.6418,0.7183,3.0875
55.6420,0.7523,3.2363
55.6422,0.7074,3.0434
55.6424,0.7469,3.2116
55.6426,0.7495,3.223
55.6428,0.742,3.1964
55.6430,0.6644,2.8609
55.6432,0.7131,3.0691
55.6434,0.6541,2.8178
55.6436,0.6178,2.6613
55.6438,0.6568,2.8283
55.6440,0.6857,2.9514
55.6442,0.6956,2.9937
55.6444,0.715,3.0788
55.6446,0.6249,2.6948
55.6448,0.573,2.472
55.6450,0.5953,2.5635
55.6452,0.6679,2.8745
55.6454,0.652,2.809
55.6456,0.632,2.7253
55.6458,0.5964,2.5729
55.6460,0.5658,2.4387
55.6462,0.589,2.5397
55.6464,0.6163,2.6551
55.6466,0.6667,2.8694
55.6468,0.656,2.826
55.6470,0.5759,2.4833
55.6472,0.513,2.2139
55.6474,0.5561,2.3991
55.6476,0.5693,2.4537
55.6478,0.5879,2.5338
55.6480,0.6407,2.7599
55.6482,0.6748,2.9058
55.6484,0.6596,2.8402
55.6486,0.6149,2.6501
55.6488,0.6034,2.5993
55.6490,0.6386,2.7499
55.6492,0.5952,2.5665
55.6494,0.5487,2.367
55.6496,0.5489,2.3692
55.6498,0.5348,2.307
55.6500,0.5263,2.2692
55.6502,0.5275,2.2734
55.6504,0.5306,2.2879
55.6506,0.5374,2.3206
55.6508,0.5283,2.2791
55.6510,0.5319,2.2935
55.6512,0.5324,2.2945
55.6514,0.5345,2.306
55.6516,0.5366,2.3137
55.6518,0.5311,2.2899
55.6520,0.5213,2.2491
55.6522,0.5453,2.3482
55.6524,0.6241,2.6924
55.6526,0.5544,2.3896
55.6528,0.5942,2.5612
55.6530,0.5164,2.2279
55.6532,0.4656,2.0095
55.6534,0.4631,1.9995
55.6536,0.467,2.0157
55.6538,0.479,2.0636
55.6540,0.5315,2.292
55.6542,0.5025,2.1699
55.6544,0.4646,2.0063
55.6546,0.4668,2.0137
55.6548,0.464,2.0018
55.6550,0.463,1.9972
55.6552,0.4633,1.9997
55.6554,0.4621,1.9936
55.6556,0.4662,2.0121
55.6558,0.4654,2.0094
55.6560,0.4642,2.0033
55.6562,0.462,1.9912
55.6564,0.4993,2.1529
55.6566,0.5604,2.4132
55.6568,0.6181,2.6554
55.6570,0.6648,2.8611
55.6572,0.6162,2.6509
55.6574,0.6854,2.9471
55.6576,0.7403,3.1803
55.6578,0.7483,3.2163
55.6580,0.7261,3.1268
55.6582,0.6411,2.7569
55.6584,0.6704,2.8853
55.6586,0.6278,2.7047
55.6588,0.6204,2.6677
55.6590,0.6643,2.8537
55.6592,0.7142,3.0709
55.6594,0.7002,3.0111
55.6596,0.7152,3.0755
55.6598,0.7278,3.1311
55.6600,0.7501,3.218
55.6602,0.8006,3.441
55.6604,0.6856,2.9523
55.6606,0.5993,2.5817
55.6608,0.5959,2.5649
55.6610,0.5953,2.5682
55.6612,0.5148,2.2206
55.6614,0.4919,2.1209
55.6616,0.505,2.1787
55.6618,0.4992,2.1534
55.6620,0.492,2.1204
55.6622,0.4899,2.1126
55.6624,0.4869,2.0987
55.6626,0.5195,2.2351
55.6628,0.6451,2.7726
55.6630,0.6935,2.9863
55.6632,0.6454,2.778
55.6634,0.6375,2.7427
55.6636,0.6112,2.6304
55.6638,0.6058,2.6072
55.6640,0.6608,2.8454
55.6642,0.6525,2.8085
55.6644,0.6246,2.6895
55.6646,0.5644,2.4303
55.6648,0.5626,2.4237
55.6650,0.5745,2.4748
55.6652,0.5889,2.5356
55.6654,0.6237,2.6821
55.6656,0.6506,2.7989
55.6658,0.6094,2.6251
55.6660,0.5703,2.4579
55.6662,0.574,2.4693
55.6664,0.6356,2.7331
55.6666,0.6338,2.7279
55.6668,0.6812,2.9263
55.6670,0.8035,3.4469
55.6672,0.8547,3.6666
55.6674,0.8769,3.7635
55.6676,0.8451,3.6305
55.6678,0.8161,3.4977
55.6680,0.8872,3.8007
55.6682,0.898,3.8505
55.6684,0.891,3.8207
55.6686,0.8885,3.8045
55.6688,0.9472,4.0618
55.6690,0.9429,4.0395
55.6692,1.0309,4.4166
55.6694,0.9673,4.1438
55.6696,0.9952,4.2635
55.6698,0.9947,4.2654
55.6700,0.9348,4.0158
55.6702,0.7531,3.2399
55.6704,0.7272,3.1256
55.6706,0.7484,3.2168
55.6708,0.7333,3.1534
55.6710,0.7303,3.1419
55.6712,0.712,3.063
55.6714,0.7154,3.076
55.6716,0.6976,2.9983
55.6718,0.7464,3.2081
55.6720,0.7488,3.2199
55.6722,0.7494,3.2209
55.6724,0.8154,3.5028
55.6726,0.7498,3.2255
55.6728,0.7398,3.1797
55.6730,0.791,3.4014
55.6732,0.7161,3.0805
55.6734,0.7163,3.0801
55.6736,0.7002,3.0125
55.6738,0.6821,2.9359
55.6740,0.7152,3.0741
55.6742,0.7748,3.3287
55.6744,0.7879,3.3848
55.6746,0.763,3.2777
55.6748,0.7501,3.2255
55.6750,0.7089,3.051
55.6752,0.733,3.1577
55.6754,0.6654,2.8597
55.6756,0.7266,3.123
55.6758,0.7342,3.1584
55.6760,0.7519,3.2318
55.6762,0.7753,3.3307
55.6764,0.746,3.2065
55.6766,0.7287,3.1332
55.6768,0.6914,2.9757
55.6770,0.6939,2.9879
55.6772,0.6739,2.9017
55.6774,0.6706,2.8864
55.6776,0.6781,2.9197
55.6778,0.6471,2.7891
55.6780,0.5841,2.5173
55.6782,0.5715,2.463
55.6784,0.5857,2.5222
55.6786,0.6505,2.8023
55.6788,0.673,2.8967
55.6790,0.6724,2.8982
55.6792,0.6028,2.5979
55.6794,0.5787,2.494
55.6796,0.5746,2.4776
55.6798,0.5676,2.4476
55.6800,0.5674,2.4455
55.6802,0.5646,2.4336
55.6804,0.5772,2.4855
55.6806,0.7092,3.0553
55.6808,0.6544,2.8192
55.6810,0.6445,2.7725
55.6812,0.6674,2.871
55.6814,0.6519,2.8045
55.6816,0.6601,2.8382
55.6818,0.7166,3.083
55.6820,0.7271,3.1293
55.6822,0.699,3.0058
55.6824,0.6849,2.9463
55.6826,0.6629,2.8546
55.6828,0.6676,2.872
55.6830,0.7192,3.0924
55.6832,0.7347,3.1594
55.6834,0.77,3.3125
55.6836,0.7665,3.296
55.6838,0.7109,3.0582
55.6840,0.7036,3.0296
55.6842,0.6848,2.9485
55.6844,0.6726,2.8937
55.6846,0.6427,2.766
55.6848,0.6466,2.7818
55.6850,0.7062,3.0367
55.6852,0.7421,3.1924
55.6854,0.7294,3.1377
55.6856,0.7202,3.0956
55.6858,0.7496,3.2219
55.6860,0.807,3.4655
55.6862,0.8264,3.5517
55.6864,0.7594,3.2641
55.6866,0.7905,3.3928
55.6868,0.8262,3.5495
55.6870,0.8165,3.5127
55.6872,0.7573,3.2564
55.6874,0.6683,2.8805
55.6876,0.5417,2.3348
55.6878,0.5302,2.2862
55.6880,0.5348,2.3059
55.6882,0.5331,2.2965
55.6884,0.6091,2.624
55.6886,0.6129,2.6442
55.6888,0.5451,2.3503
55.6890,0.5378,2.3177
55.6892,0.5374,2.3151
55.6894,0.5886,2.5333
55.6896,0.65,2.7975
55.6898,0.6236,2.6852
55.6900,0.624,2.688
55.6902,0.6139,2.6446
55.6904,0.6652,2.8604
55.6906,0.713,3.0661
55.6908,0.7435,3.1971
55.6910,0.7477,3.2181
55.6912,0.6519,2.8058
55.6914,0.647,2.7859
55.6916,0.6985,3.0051
55.6918,0.7165,3.0825
55.6920,0.7159,3.0813
55.6922,0.7201,3.0965
55.6924,0.7304,3.1409
55.6926,0.7712,3.3115
55.6928,0.7958,3.4203
55.6930,0.7566,3.2533
55.6932,0.7525,3.2297
55.6934,0.7934,3.4115
55.6936,0.7562,3.2517
55.6938,0.7581,3.2569
55.6940,0.7573,3.2548
55.6942,0.7797,3.3496
55.6944,0.7818,3.3584
55.6946,0.7496,3.2249
55.6948,0.7071,3.0446
55.6950,0.6406,2.7585
55.6952,0.6601,2.8448
55.6954,0.6393,2.749
55.6956,0.7338,3.1568
55.6958,0.7201,3.098
55.6960,0.7687,3.3023
55.6962,0.7868,3.3848
55.6964,0.732,3.149
55.6966,0.7662,3.2868
55.6968,0.9291,3.9803
55.6970,0.9745,4.1828
55.6972,0.871,3.7434
55.6974,0.7758,3.3311
55.6976,0.7587,3.2625
55.6978,0.7837,3.3729
55.6980,0.6851,2.9515
55.6982,0.6092,2.6257
55.6984,0.6074,2.6192
55.6986,0.6,2.5811
55.6988,0.7077,3.0401
55.6990,0.775,3.3327
55.6992,0.785,3.3676
55.6994,0.8776,3.7682
55.6996,0.8807,3.7816
55.6998,0.8124,3.4935
55.7000,0.8006,3.4425
55.7002,0.7882,3.3831
55.7004,0.857,3.6784
55.7006,0.864,3.71
55.7008,0.873,3.7451
55.7010,0.9796,4.1965
55.7012,1.0359,4.4359
55.7014,1.0233,4.3922
55.7016,0.9381,4.0282
55.7018,0.927,3.9673
55.7020,1.0674,4.564
55.7022,1.1491,4.9229
55.7024,1.0876,4.6528
55.7026,1.1356,4.858
55.7028,1.1699,5.007
55.7030,1.1435,4.8941
55.7032,1.1415,4.8831
55.7034,1.1231,4.8047
55.7036,1.1269,4.8211
55.7038,1.107,4.7426
55.7040,1.0419,4.4636
55.7042,1.0615,4.5537
55.7044,1.0609,4.5406
55.7046,1.1628,4.9698
55.7048,1.1976,5.1256
55.7050,1.1166,4.7837
55.7052,1.0172,4.3741
55.7054,0.8466,3.6303
55.7056,0.9779,4.1991
55.7058,0.9765,4.1891
55.7060,1.0106,4.3377
55.7062,0.9635,4.1335
55.7064,0.9809,4.212
55.7066,0.9549,4.1022
55.7068,0.9224,3.9571
55.7070,0.9977,4.2761
55.7072,1.0369,4.4545
55.7074,0.923,3.9744
55.7076,0.7484,3.2242
55.7078,0.7012,3.0151
55.7080,0.8043,3.4585
55.7082,0.8651,3.7216
55.7084,0.7794,3.3543
55.7086,0.7688,3.3074
55.7088,0.8421,3.6192
55.7090,0.8907,3.8248
55.7092,0.8985,3.8673
55.7094,0.8001,3.4452
55.7096,0.7616,3.2749
55.7098,0.768,3.3038
55.7100,0.7496,3.2308
55.7102,0.6839,2.9463
55.7104,0.6699,2.8885
55.7106,0.6475,2.7919
55.7108,0.6765,2.9129
55.7110,0.684,2.9482
55.7112,0.6264,2.7021
55.7114,0.6393,2.7554
55.7116,0.682,2.9367
55.7118,0.735,3.1663
55.7120,0.7296,3.146
55.7122,0.6837,2.9425
55.7124,0.7207,3.1049
55.7126,0.7437,3.2055
55.7128,0.7377,3.1753
55.7130,0.7309,3.1473
55.7132,0.7237,3.1163
55.7134,0.6865,2.959
55.7136,0.6984,3.0102
55.7138,0.7313,3.1459
55.7140,0.764,3.2822
55.7142,0.7975,3.4338
55.7144,0.7443,3.2051
55.7146,0.7982,3.4274
55.7148,0.8958,3.8483
55.7150,0.9087,3.9002
55.7152,0.8616,3.7032
55.7154,0.8433,3.6328
55.7156,0.6674,2.8777
55.7158,0.622,2.6822
55.7160,0.6725,2.9026
55.7162,0.5537,2.3887
55.7164,0.582,2.5072
55.7166,0.6452,2.782
55.7168,0.6169,2.6637
55.7170,0.5702,2.46
55.7172,0.6069,2.6207
55.7174,0.5315,2.294
55.7176,0.5291,2.2847
55.7178,0.5749,2.4802
55.7180,0.6128,2.6375
55.7182,0.7575,3.2589
55.7184,0.699,3.017
55.7186,0.5716,2.4669
55.7188,0.6023,2.5981
55.7190,0.5508,2.3762
55.7192,0.5735,2.4763
55.7194,0.539,2.3261
55.7196,0.5338,2.3017
55.7198,0.5483,2.3654
55.7200,0.5488,2.3707
55.7202,0.4651,2.0101
55.7204,0.4459,1.9272
55.7206,0.4319,1.8649
55.7208,0.4868,2.103
55.7210,0.4887,2.1122
55.7212,0.4906,2.1166
55.7214,0.5184,2.2356
55.7216,0.547,2.3619
55.7218,0.5053,2.1807
55.7220,0.5214,2.2516
55.7222,0.5505,2.3714
55.7224,0.6165,2.6548
55.7226,0.6743,2.9009
55.7228,0.7204,3.1004
55.7230,0.7218,3.1052
55.7232,0.7665,3.293
55.7234,0.7668,3.2971
55.7236,0.7766,3.3394
55.7238,0.8225,3.5319
55.7240,0.854,3.669
55.7242,0.871,3.7434
55.7244,0.7832,3.3724
55.7246,0.7033,3.0257
55.7248,0.7668,3.3001
55.7250,0.7399,3.1846
55.7252,0.7126,3.0655
55.7254,0.7921,3.4027
55.7256,0.822,3.5364
55.7258,0.7843,3.3724
55.7260,0.7243,3.1204
55.7262,0.6865,2.9535
55.7264,0.7672,3.293
55.7266,0.8578,3.6833
55.7268,0.8677,3.7312
55.7270,0.8448,3.6361
55.7272,0.7441,3.2011
55.7274,0.7387,3.1823
55.7276,0.6222,2.684
55.7278,0.5913,2.5475
55.7280,0.5892,2.5371
55.7282,0.6499,2.7983
55.7284,0.6977,3.0057
55.7286,0.7097,3.0531
55.7288,0.7568,3.2558
55.7290,0.7489,3.2248
55.7292,0.7524,3.2382
55.7294,0.7555,3.2486
55.7296,0.7507,3.2295
55.7298,0.7573,3.2564
55.7300,0.7753,3.3337
55.7302,0.7547,3.251
55.7304,0.7398,3.1826
55.7306,0.7881,3.3841
55.7308,0.8584,3.6841
55.7310,0.9188,3.9435
55.7312,0.9599,4.1219
55.7314,0.9102,3.9028
55.7316,0.8537,3.6709
55.7318,0.7966,3.4286
55.7320,0.7856,3.3812
55.7322,0.7651,3.2899
55.7324,0.7706,3.3151
55.7326,0.7409,3.1872
55.7328,0.7777,3.3456
55.7330,0.7879,3.3831
55.7332,0.8228,3.5329
55.7334,0.9139,3.9242
55.7336,0.9404,4.0305
55.7338,0.9711,4.162
55.7340,1.0133,4.3449
55.7342,1.0257,4.3881
55.7344,1.1397,4.8823
55.7346,0.9783,4.2007
55.7348,0.9349,4.0143
55.7350,0.9784,4.1855
55.7352,1.2156,5.188
55.7354,1.3043,5.5666
55.7356,1.307,5.5758
55.7358,1.246,5.3304
55.7360,1.1315,4.8541
55.7362,1.0374,4.4421
55.7364,1.1551,4.9416
55.7366,1.2321,5.2635
55.7368,1.2789,5.471
55.7370,1.2173,5.2103
55.7372,1.1954,5.1187
55.7374,1.1522,4.9385
55.7376,1.1147,4.771
55.7378,1.2051,5.1507
55.7380,1.3128,5.6056
55.7382,1.3874,5.9241
55.7384,1.3881,5.9188
55.7386,1.4488,6.1833
55.7388,1.416,6.0436
55.7390,1.3862,5.9245
55.7392,1.3371,5.7149
55.7394,1.3934,5.9469
55.7396,1.457,6.2157
55.7398,1.5087,6.4301
55.7400,1.5167,6.4674
55.7402,1.5244,6.5031
55.7404,1.5153,6.4643
55.7406,1.5387,6.5702
55.7408,1.472,6.2826
55.7410,1.4854,6.3399
55.7412,1.4645,6.2533
55.7414,1.4089,6.0275
55.7416,1.3025,5.5772
55.7418,1.2843,5.494
55.7420,1.3435,5.7528
55.7422,1.3261,5.6757
55.7424,1.3273,5.6729
55.7426,1.3697,5.8488
55.7428,1.4342,6.1242
55.7430,1.4434,6.166
55.7432,1.4659,6.2682
55.7434,1.4548,6.2147
55.7436,1.4636,6.2526
55.7438,1.4202,6.07
55.7440,1.4342,6.1328
55.7442,1.4416,6.1555
55.7444,1.4459,6.1797
55.7446,1.4165,6.057
55.7448,1.3741,5.8782
55.7450,1.3936,5.9674
55.7452,1.3295,5.6927
55.7454,1.3335,5.7129
55.7456,1.3388,5.7301
55.7458,1.3177,5.645
55.7460,1.1133,4.7915
55.7462,0.996,4.2829
55.7464,0.9797,4.2069
55.7466,1.1705,5.019
55.7468,1.2428,5.329
55.7470,1.2105,5.1955
55.7472,1.2096,5.1866
55.7474,1.1919,5.1181
55.7476,1.206,5.176
55.7478,1.2158,5.2157
55.7480,1.1914,5.1137
55.7482,1.1851,5.0935
55.7484,1.1355,4.8711
55.7486,1.193,5.1228
55.7488,1.1223,4.8302
55.7490,1.0082,4.3435
55.7492,1.0014,4.298
55.7494,1.1898,5.0994
55.7496,1.296,5.5521
55.7498,1.3149,5.6359
55.7500,1.3061,5.6004
55.7502,1.3081,5.6118
55.7504,1.2537,5.3682
55.7506,1.3979,5.9775
55.7508,1.4976,6.4155
55.7510,1.3646,5.8541
55.7512,1.2229,5.2461
55.7514,1.2422,5.3214
55.7516,1.3317,5.7105
55.7518,1.2893,5.5362
55.7520,1.241,5.3262
55.7522,1.1894,5.1121
55.7524,1.1807,5.0627
55.7526,1.249,5.3532
55.7528,1.2608,5.4061
55.7530,1.2639,5.422
55.7532,1.2682,5.4431
55.7534,1.2813,5.4966
55.7536,1.249,5.3557
55.7538,1.3019,5.5746
55.7540,1.3568,5.8044
55.7542,1.3772,5.9053
55.7544,1.3483,5.7841
55.7546,1.3337,5.7134
55.7548,1.3994,6.0004
55.7550,1.3896,5.956
55.7552,1.3521,5.7979
55.7554,1.2712,5.4559
55.7556,1.2837,5.5043
55.7558,1.3387,5.7403
55.7560,1.2492,5.3792
55.7562,1.0694,4.6048
55.7564,1.0545,4.5302
55.7566,1.1817,5.0697
55.7568,1.3468,5.7779
55.7570,1.3557,5.8079
55.7572,1.3715,5.8784
55.7574,1.3992,5.9943
55.7576,1.4405,6.171
55.7578,1.3831,5.9278
55.7580,1.3518,5.8017
55.7582,1.2869,5.5259
55.7584,1.2647,5.4256
55.7586,1.2592,5.4095
55.7588,1.2042,5.1683
55.7590,1.2391,5.318
55.7592,1.3153,5.6532
55.7594,1.2552,5.3825
55.7596,1.3221,5.6667
55.7598,1.4039,6.0172
55.7600,1.3803,5.9187
55.7602,1.3625,5.8481
55.7604,1.3315,5.7121
55.7606,1.3196,5.6612
55.7608,1.3368,5.7374
55.7610,1.3063,5.6067
55.7612,1.2557,5.3946
55.7614,1.2491,5.3662
55.7616,1.2958,5.564
55.7618,1.317,5.6525
55.7620,1.3176,5.6603
55.7622,1.2855,5.5197
55.7624,1.2867,5.5223
55.7626,1.2864,5.529
55.7628,1.2278,5.277
55.7630,1.1415,4.9128
55.7632,1.1249,4.8416
55.7634,1.1346,4.8879
55.7636,1.0188,4.391
55.7638,0.9849,4.2487
55.7640,0.9473,4.0868
55.7642,0.9141,3.9399
55.7644,0.9557,4.1134
55.7646,1.0581,4.5584
55.7648,1.0492,4.5223
55.7650,1.0864,4.6759
55.7652,1.1298,4.8605
55.7654,1.165,5.0163
55.7656,1.112,4.7859
55.7658,1.0263,4.4256
55.7660,0.9537,4.118
55.7662,0.9322,4.0253
55.7664,0.9171,3.9528
55.7666,1.0313,4.4386
55.7668,1.0778,4.6431
55.7670,1.0867,4.6748
55.7672,1.1278,4.8472
55.7674,1.1886,5.1109
55.7676,1.1719,5.0369
55.7678,1.2546,5.3874
55.7680,1.3269,5.6926
55.7682,1.3068,5.6088
55.7684,1.3311,5.7132
55.7686,1.3082,5.6228
55.7688,1.1652,5.0057
55.7690,1.1691,5.039
55.7692,1.069,4.6011
55.7694,1.134,4.8763
55.7696,1.1881,5.0993
55.7698,1.2639,5.4271
55.7700,1.2221,5.2479
55.7702,1.2402,5.3356
55.7704,1.2389,5.3125
55.7706,1.314,5.6475
55.7708,1.2661,5.4419
55.7710,1.1714,5.0418
55.7712,1.1156,4.7969
55.7714,1.1851,5.1054
55.7716,1.067,4.5945
55.7718,1.0516,4.5242
55.7720,1.0994,4.7383
55.7722,1.0123,4.359
55.7724,1.0622,4.5781
55.7726,1.0617,4.5675
55.7728,1.1472,4.9399
55.7730,1.0513,4.5226
55.7732,1.0704,4.6132
55.7734,1.0376,4.4742
55.7736,1.0307,4.4463
55.7738,1.0175,4.3772
55.7740,1.0564,4.5512
55.7742,1.0628,4.5807
55.7744,0.9753,4.2034
55.7746,0.9978,4.3046
55.7748,0.9369,4.0474
55.7750,0.9253,3.9898
55.7752,0.9339,4.0326
55.7754,0.8954,3.8718
55.7756,0.8846,3.8145
55.7758,0.9437,4.0694
55.7760,0.9496,4.0966
55.7762,0.8929,3.8537
55.7764,0.8596,3.7099
55.7766,0.9013,3.8882
55.7768,0.953,4.113
55.7770,0.9268,3.9983
55.7772,0.9296,4.0158
55.7774,0.8509,3.676
55.7776,0.8353,3.6037
55.7778,0.8411,3.6235
55.7780,1.0049,4.3311
55.7782,0.9933,4.2869
55.7784,0.9447,4.0697
55.7786,0.9847,4.2403
55.7788,1.0229,4.4127
55.7790,0.9388,4.0519
55.7792,0.8539,3.6839
55.7794,0.9611,4.1328
55.7796,1.1199,4.8199
55.7798,1.0753,4.6322
55.7800,1.0014,4.3181
55.7802,0.9442,4.0752
55.7804,0.8585,3.7104
55.7806,0.7666,3.3134
55.7808,0.7497,3.2419
55.7810,0.7523,3.2452
55.7812,0.9713,4.1825
55.7814,1.0443,4.4948
55.7816,1.0238,4.4148
55.7818,0.9693,4.1795
55.7820,0.9876,4.2507
55.7822,1.0486,4.5071
55.7824,1.1093,4.7723
55.7826,1.0858,4.6777
55.7828,1.0645,4.5794
55.7830,0.9925,4.2798
55.7832,0.9567,4.1252
55.7834,0.9298,4.0113
55.7836,0.9519,4.0912
55.7838,1.0693,4.6064
55.7840,0.9635,4.1508
55.7842,1.0357,4.4556
55.7844,1.1302,4.862
55.7846,1.0808,4.6517
55.7848,0.9091,3.9309
55.7850,0.6887,2.9807
55.7852,0.676,2.9257
55.7854,0.6737,2.9145
55.7856,0.6481,2.8048
55.7858,0.6495,2.8097
55.7860,0.7451,3.2187
55.7862,0.7891,3.4056
55.7864,0.7984,3.4428
55.7866,0.8164,3.5301
55.7868,0.6813,2.9472
55.7870,0.6207,2.6853
55.7872,0.6422,2.7794
55.7874,0.6489,2.8097
55.7876,0.6198,2.6823
55.7878,0.6162,2.668
55.7880,0.6192,2.6797
55.7882,0.6187,2.6764
55.7884,0.625,2.7039
55.7886,0.6761,2.9168
55.7888,0.8036,3.4698
55.7890,0.768,3.3161
55.7892,0.7616,3.2917
55.7894,0.7782,3.357
55.7896,0.8455,3.6409
55.7898,0.8981,3.867
55.7900,0.9279,3.99
55.7902,1.0314,4.4329
55.7904,1.0522,4.5226
55.7906,1.0154,4.3765
55.7908,0.9129,3.9347
55.7910,0.9092,3.915
55.7912,0.9539,4.1114
55.7914,0.911,3.9282
55.7916,0.8823,3.8012
55.7918,0.8945,3.8551
55.7920,0.8664,3.7376
55.7922,0.8418,3.6367
55.7924,0.7782,3.3554
55.7926,0.8276,3.5667
55.7928,0.8112,3.503
55.7930,0.8043,3.4681
55.7932,0.9323,4.0165
55.7934,0.9405,4.0517
55.7936,0.866,3.7378
55.7938,0.8033,3.4656
55.7940,0.7359,3.1822
55.7942,0.6723,2.9083
55.7944,0.6663,2.8744
55.7946,0.7858,3.3838
55.7948,0.9146,3.9456
55.7950,0.7999,3.4538
55.7952,0.7689,3.3217
55.7954,0.8142,3.5126
55.7956,0.8135,3.5095
55.7958,0.7629,3.2958
55.7960,0.7459,3.2223
55.7962,0.7581,3.2736
55.7964,0.6818,2.9465
55.7966,0.6869,2.9702
55.7968,0.6702,2.8954
55.7970,0.65,2.8066
55.7972,0.7065,3.0533
55.7974,0.6599,2.8509
55.7976,0.7424,3.1984
55.7978,0.8284,3.5803
55.7980,0.6713,2.8988
55.7982,0.6636,2.8683
55.7984,0.6634,2.8659
55.7986,0.7176,3.0929
55.7988,0.8597,3.6984
55.7990,0.9912,4.2642
55.7992,0.985,4.2413
55.7994,0.8523,3.6732
55.7996,0.8447,3.6305
55.7998,0.954,4.1119
55.8000,0.9208,3.9577
55.8002,1.0465,4.4957
55.8004,1.1407,4.896
55.8006,1.1672,5.0074
55.8008,1.0749,4.6178
55.8010,1.0597,4.546
55.8012,1.1502,4.9413
55.8014,1.1479,4.9361
55.8016,1.1057,4.7546
55.8018,1.0271,4.4143
55.8020,1.0086,4.3289
55.8022,1.084,4.6569
55.8024,1.1021,4.7303
55.8026,1.1996,5.1415
55.8028,1.2564,5.3851
55.8030,1.2983,5.5566
55.8032,1.3244,5.6738
55.8034,1.3436,5.756
55.8036,1.2552,5.385
55.8038,1.1983,5.1478
55.8040,1.1286,4.8486
55.8042,1.138,4.8774
55.8044,1.2687,5.44
55.8046,1.3233,5.6639
55.8048,1.406,6.0119
55.8050,1.3697,5.868
55.8052,1.3549,5.8016
55.8054,1.3533,5.8057
55.8056,1.2058,5.1803
55.8058,1.1238,4.8302
55.8060,1.0829,4.6588
55.8062,1.0269,4.42
55.8064,1.015,4.3643
55.8066,0.9958,4.2858
55.8068,0.9828,4.2261
55.8070,0.9826,4.229
55.8072,0.9955,4.2848
55.8074,1.0074,4.3338
55.8076,0.9808,4.2252
55.8078,0.9527,4.1063
55.8080,0.9199,3.961
55.8082,0.9478,4.0794
55.8084,0.9933,4.271
55.8086,1.0543,4.5376
55.8088,0.9954,4.2902
55.8090,0.9082,3.9145
55.8092,0.8786,3.7922
55.8094,0.7705,3.3239
55.8096,0.8771,3.7714
55.8098,1.043,4.487
55.8100,1.0285,4.4308
55.8102,0.9311,4.0151
55.8104,0.9073,3.9122
55.8106,0.8927,3.8491
55.8108,0.8184,3.534
55.8110,0.8448,3.6395
55.8112,0.9193,3.9621
55.8114,0.8521,3.6693
55.8116,0.8521,3.6744
55.8118,0.8355,3.6059
55.8120,0.8533,3.6744
55.8122,0.8644,3.7202
55.8124,1.0028,4.3183
55.8126,0.9466,4.078
55.8128,0.8886,3.8316
55.8130,0.8321,3.5914
55.8132,0.7995,3.449
55.8134,0.7987,3.4438
55.8136,0.7984,3.4428
55.8138,0.7939,3.4215
55.8140,0.8097,3.4881
55.8142,0.9457,4.072
55.8144,0.9123,3.9303
55.8146,0.8989,3.867
55.8148,0.922,3.9721
55.8150,0.8975,3.8716
55.8152,0.8204,3.539
55.8154,0.7966,3.435
55.8156,0.8066,3.4779
55.8158,0.7923,3.418
55.8160,0.8234,3.5585
55.8162,0.7253,3.1346
55.8164,0.7036,3.038
55.8166,0.69,2.9837
55.8168,0.6792,2.9329
55.8170,0.7012,3.0263
55.8172,0.76,3.2758
55.8174,0.8443,3.629
55.8176,0.9409,4.0532
55.8178,0.7948,3.4336
55.8180,0.7059,3.0493
55.8182,0.6899,2.9749
55.8184,0.7704,3.3233
55.8186,0.8175,3.5233
55.8188,0.887,3.816
55.8190,0.8645,3.7328
55.8192,0.7053,3.0439
55.8194,0.6946,2.9992
55.8196,0.686,2.9647
55.8198,0.6755,2.9169
55.8200,0.6985,3.0149
55.8202,0.7071,3.0531
55.8204,0.6904,2.9825
55.8206,0.6818,2.9424
55.8208,0.7698,3.3146
55.8210,0.8194,3.5398
55.8212,0.7165,3.094
55.8214,0.7767,3.3414
55.8216,0.9417,4.0512
55.8218,0.9671,4.1547
55.8220,1.0145,4.3582
55.8222,0.9978,4.2906
55.8224,0.9766,4.1974
55.8226,0.9832,4.2297
55.8228,0.9572,4.1216
55.8230,0.9436,4.0538
55.8232,1.0544,4.5192
55.8234,1.1482,4.9302
55.8236,1.0437,4.4881
55.8238,1.0351,4.4385
55.8240,1.1808,5.0561
55.8242,1.219,5.2272
55.8244,1.1557,4.9696
55.8246,1.0628,4.5722
55.8248,1.0248,4.4004
55.8250,1.1012,4.7218
55.8252,1.1495,4.9382
55.8254,1.0819,4.6498
55.8256,1.0186,4.3839
55.8258,0.9304,4.0027
55.8260,1.0098,4.3381
55.8262,1.105,4.7515
55.8264,0.9988,4.3027
55.8266,0.8313,3.5844
55.8268,0.7289,3.1502
55.8270,0.6574,2.8413
55.8272,0.6804,2.9368
55.8274,0.7081,3.0549
55.8276,0.7652,3.3042
55.8278,0.7012,3.0305
55.8280,0.6671,2.8793
55.8282,0.6587,2.847
55.8284,0.6579,2.8408
55.8286,0.6505,2.8087
55.8288,0.6518,2.817
55.8290,0.6493,2.8061
55.8292,0.6523,2.8178
55.8294,0.6543,2.8252
55.8296,0.6465,2.7903
55.8298,0.6495,2.8032
55.8300,0.6601,2.8488
55.8302,0.6863,2.9635
55.8304,0.6726,2.9058
55.8306,0.659,2.8468
55.8308,0.6636,2.8656
55.8310,0.6608,2.8519
55.8312,0.6731,2.9025
55.8314,0.6889,2.9735
55.8316,0.666,2.872
55.8318,0.7439,3.209
55.8320,0.7989,3.44
55.8322,0.8699,3.7422
55.8324,0.8544,3.6859
55.8326,0.7973,3.4365
55.8328,0.8316,3.5743
55.8330,0.9787,4.2047
55.8332,1.0352,4.4452
55.8334,1.0744,4.6028
55.8336,1.2112,5.1913
55.8338,1.1903,5.1086
55.8340,1.1207,4.8078
55.8342,1.0946,4.7001
55.8344,1.0992,4.718
55.8346,1.1388,4.881
55.8348,1.1484,4.9336
55.8350,1.0684,4.5878
55.8352,1.185,5.0741
55.8354,1.2618,5.4107
55.8356,1.1811,5.0671
55.8358,1.1169,4.7981
55.8360,1.0334,4.4396
55.8362,0.9943,4.2717
55.8364,1.0494,4.5165
55.8366,0.9433,4.0617
55.8368,0.9256,3.9821
55.8370,0.9542,4.1029
55.8372,0.9821,4.2211
55.8374,1.0009,4.3
55.8376,1.0301,4.4252
55.8378,1.0272,4.4148
55.8380,0.976,4.2007
55.8382,0.9616,4.1368
55.8384,0.8753,3.7672
55.8386,0.9376,4.0318
55.8388,0.9196,3.9563
55.8390,0.9242,3.9777
55.8392,0.8724,3.7583
55.8394,0.875,3.7714
55.8396,0.8868,3.8185
55.8398,0.8876,3.8221
55.8400,0.7893,3.4051
55.8402,0.7115,3.0736
55.8404,0.6891,2.974
55.8406,0.6919,2.9864
55.8408,0.7154,3.085
55.8410,0.7422,3.2018
55.8412,0.765,3.3001
55.8414,0.7557,3.2648
55.8416,0.6783,2.9302
55.8418,0.6692,2.8868
55.8420,0.6904,2.9742
55.8422,0.8381,3.6055
55.8424,0.9322,4.0104
55.8426,0.9811,4.215
55.8428,0.9983,4.2927
55.8430,0.9334,4.0193
55.8432,0.8488,3.6616
55.8434,0.8234,3.547
55.8436,0.8297,3.5727
55.8438,0.7925,3.4174
55.8440,0.7445,3.2086
55.8442,0.7256,3.1348
55.8444,0.6671,2.882
55.8446,0.6598,2.8504
55.8448,0.6876,2.9664
55.8450,0.6865,2.9604
55.8452,0.7527,3.2458
55.8454,0.6127,2.6444
55.8456,0.6867,2.965
55.8458,0.6435,2.7812
55.8460,0.6067,2.6234
55.8462,0.606,2.6178
55.8464,0.6336,2.7319
55.8466,0.7114,3.0674
55.8468,0.738,3.1822
55.8470,0.7106,3.0657
55.8472,0.7222,3.1125
55.8474,0.8183,3.5319
55.8476,0.7008,3.0247
55.8478,0.6469,2.7944
55.8480,0.6174,2.6658
55.8482,0.6374,2.7522
55.8484,0.6128,2.6449
55.8486,0.614,2.6525
55.8488,0.6104,2.637
55.8490,0.6148,2.6537
55.8492,0.6081,2.6284
55.8494,0.6075,2.6258
55.8496,0.611,2.6359
55.8498,0.7002,3.0193
55.8500,0.6843,2.9547
55.8502,0.6571,2.8332
55.8504,0.6607,2.8487
55.8506,0.659,2.8454
55.8508,0.6421,2.7737
55.8510,0.6259,2.7025
55.8512,0.6119,2.6395
55.8514,0.6117,2.6415
55.8516,0.6151,2.6572
55.8518,0.6168,2.662
55.8520,0.668,2.8816
55.8522,0.6484,2.8012
55.8524,0.6092,2.633
55.8526,0.6013,2.594
55.8528,0.619,2.6706
55.8530,0.6749,2.9103
55.8532,0.6852,2.9575
55.8534,0.6521,2.8146
55.8536,0.6454,2.7856
55.8538,0.6435,2.7748
55.8540,0.6399,2.7618
55.8542,0.5905,2.551
55.8544,0.5814,2.5093
55.8546,0.6207,2.6778
55.8548,0.6066,2.6168
55.8550,0.6199,2.6742
55.8552,0.6459,2.7864
55.8554,0.6055,2.6121
55.8556,0.6077,2.6214
55.8558,0.6012,2.5947
55.8560,0.6587,2.8405
55.8562,0.7102,3.0523
55.8564,0.8672,3.7291
55.8566,0.7766,3.3502
55.8568,0.6602,2.8453
55.8570,0.714,3.0774
55.8572,0.6853,2.9525
55.8574,0.7479,3.2206
55.8576,0.8422,3.6247
55.8578,0.8855,3.8128
55.8580,0.7646,3.2878
55.8582,0.819,3.5202
55.8584,0.8419,3.6187
55.8586,0.8439,3.6353
55.8588,0.7756,3.3352
55.8590,0.8603,3.7009
55.8592,0.7475,3.2305
55.8594,0.5222,2.2568
55.8596,0.4786,2.0696
55.8598,0.482,2.0803
55.8600,0.5784,2.4975
55.8602,0.5054,2.1843
55.8604,0.5151,2.2211
55.8606,0.6747,2.9092
55.8608,0.6702,2.8887
55.8610,0.6797,2.9282
55.8612,0.7482,3.2217
55.8614,0.7547,3.2495
55.8616,0.7066,3.0439
55.8618,0.7484,3.2137
55.8620,0.9447,4.0565
55.8622,0.9596,4.128
55.8624,0.8698,3.74
55.8626,0.8569,3.6865
55.8628,0.8109,3.4819
55.8630,0.8863,3.8129
55.8632,0.814,3.5051
55.8634,0.8237,3.5469
55.8636,0.7632,3.2877
55.8638,0.7335,3.1587
55.8640,0.8094,3.4806
55.8642,0.8798,3.7833
55.8644,0.852,3.6637
55.8646,0.811,3.4906
55.8648,0.8009,3.444
55.8650,0.8671,3.7303
55.8652,0.8424,3.6224
55.8654,0.8385,3.6071
55.8656,0.8385,3.6104
55.8658,0.7892,3.3998
55.8660,0.7364,3.1637
55.8662,0.8869,3.8084
55.8664,0.858,3.6911
55.8666,0.8435,3.6203
55.8668,1.0873,4.6578
55.8670,1.1404,4.8808
55.8672,1.1895,5.0864
55.8674,1.2311,5.2643
55.8676,1.1992,5.128
55.8678,1.262,5.3961
55.8680,1.246,5.3329
55.8682,1.1455,4.9052
55.8684,1.1685,5.0224
55.8686,0.9411,4.0467
55.8688,0.9192,3.9413
55.8690,1.0445,4.4786
55.8692,1.0588,4.5382
55.8694,1.1,4.7211
55.8696,1.0363,4.4561
55.8698,0.9345,4.0109
55.8700,0.9868,4.2333
55.8702,1.1315,4.8541
55.8704,1.0862,4.651
55.8706,1.1467,4.9149
55.8708,1.1168,4.7864
55.8710,1.0904,4.6668
55.8712,1.1648,4.9901
55.8714,1.2397,5.3057
55.8716,1.3118,5.6173
55.8718,1.2375,5.3064
55.8720,1.0965,4.7061
55.8722,1.0696,4.5866
55.8724,1.0869,4.665
55.8726,1.0406,4.4705
55.8728,1.0228,4.3917
55.8730,1.0364,4.4483
55.8732,1.0524,4.5168
55.8734,1.0126,4.356
55.8736,0.8684,3.736
55.8738,0.8904,3.8233
55.8740,0.9786,4.2081
55.8742,0.996,4.2848
55.8744,0.9533,4.1012
55.8746,0.9136,3.9305
55.8748,0.956,4.1049
55.8750,0.9941,4.2706
55.8752,0.9994,4.2933
55.8754,0.946,4.0698
55.8756,0.9213,3.9635
55.8758,0.9279,3.99
55.8760,0.9242,3.9759
55.8762,0.8591,3.7009
55.8764,0.8445,3.6362
55.8766,0.8442,3.6318
55.8768,0.8716,3.7494
55.8770,0.911,3.9228
55.8772,0.9568,4.1066
55.8774,1.011,4.3453
55.8776,0.9694,4.1645
55.8778,0.967,4.1581
55.8780,0.9804,4.208
55.8782,1.0139,4.3536
55.8784,1.0347,4.437
55.8786,1.1579,4.958
55.8788,1.21,5.1911
55.8790,1.1244,4.826
55.8792,1.0397,4.4684
55.8794,0.9358,4.0278
55.8796,0.912,3.9251
55.8798,0.9206,3.9567
55.8800,0.9322,4.0086
55.8802,0.9223,3.9713
55.8804,0.9247,3.9742
55.8806,1.009,4.3345
55.8808,0.9869,4.2417
55.8810,0.9903,4.2482
55.8812,1.093,4.689
55.8814,1.113,4.7727
55.8816,1.1099,4.7638
55.8818,1.1241,4.8245
55.8820,1.1176,4.7945
55.8822,1.0828,4.6496
55.8824,1.0099,4.3386
55.8826,1.0232,4.3958
55.8828,1.0628,4.5658
55.8830,1.0579,4.5383
55.8832,1.0332,4.4509
55.8834,0.914,3.9339
55.8836,0.928,3.9979
55.8838,0.865,3.7193
55.8840,0.9707,4.1721
55.8842,0.9774,4.2069
55.8844,0.903,3.8882
55.8846,0.8103,3.5004
55.8848,0.7132,3.078
55.8850,0.7249,3.1287
55.8852,0.7171,3.0922
55.8854,0.7268,3.1356
55.8856,0.7431,3.2074
55.8858,0.7145,3.0823
55.8860,0.7393,3.1894
55.8862,0.7602,3.2794
55.8864,0.7753,3.343
55.8866,0.7633,3.2928
55.8868,0.7695,3.3182
55.8870,0.7754,3.342
55.8872,0.7663,3.3042
55.8874,0.7271,3.1395
55.8876,0.7224,3.1121
55.8878,0.8333,3.5899
55.8880,0.8243,3.5495
55.8882,0.8238,3.5507
55.8884,0.8231,3.5443
55.8886,0.8523,3.6715
55.8888,0.8049,3.4594
55.8890,0.9162,3.9431
55.8892,0.8892,3.8288
55.8894,0.8831,3.7954
55.8896,0.9663,4.155
55.8898,0.9236,3.9715
55.8900,0.9768,4.2004
55.8902,0.9596,4.1223
55.8904,0.9439,4.0529
55.8906,0.946,4.0754
55.8908,0.8463,3.644
55.8910,0.8635,3.7166
55.8912,0.9075,3.9042
55.8914,0.96,4.1263
55.8916,1.0009,4.304
55.8918,0.9483,4.0796
55.8920,0.9102,3.9101
55.8922,0.9411,4.0505
55.8924,0.8711,3.7439
55.8926,0.9608,4.137
55.8928,0.9154,3.9382
55.8930,0.9154,3.9382
55.8932,0.9006,3.8761
55.8934,0.8971,3.8575
55.8936,0.9421,4.0452
55.8938,1.0169,4.3685
55.8940,0.955,4.1161
55.8942,0.8321,3.5897
55.8944,0.7362,3.1774
55.8946,0.7121,3.0719
55.8948,0.72,3.1075
55.8950,0.6831,2.9481
55.8952,0.6762,2.9159
55.8954,0.7455,3.2178
55.8956,0.7217,3.1133
55.8958,0.6964,3.0056
55.8960,0.693,2.9911
55.8962,0.6743,2.9104
55.8964,0.6662,2.8738
55.8966,0.6809,2.9375
55.8968,0.6758,2.9179
55.8970,0.6595,2.8488
55.8972,0.6559,2.832
55.8974,0.6609,2.8498
55.8976,0.7277,3.1334
55.8978,0.821,3.5367
55.8980,0.7669,3.3037
55.8982,0.7702,3.3151
55.8984,0.8136,3.4954
55.8986,0.9283,3.9953
55.8988,0.873,3.7574
55.8990,0.8368,3.5948
55.8992,0.9539,4.0962
55.8994,1.0578,4.5441
55.8996,0.9978,4.2926
55.8998,0.928,3.9924
55.9000,0.9088,3.9171
55.9002,0.8068,3.4677
55.9004,1.0513,4.5058
55.9006,1.232,5.2729
55.9008,1.2531,5.3607
55.9010,1.2661,5.4166
55.9012,1.2648,5.4109
55.9014,1.26,5.3955
55.9016,1.2568,5.3942
55.9018,1.0556,4.5349
55.9020,1.0458,4.4905
55.9022,1.0887,4.664
55.9024,1.2393,5.3066
55.9026,1.1996,5.1439
55.9028,1.0945,4.6996
55.9030,1.1033,4.7355
55.9032,1.1128,4.7806
55.9034,1.1018,4.7222
55.9036,1.2025,5.1466
55.9038,1.2982,5.5613
55.9040,1.2422,5.3239
55.9042,1.1834,5.0769
55.9044,1.179,5.0602
55.9046,1.0851,4.6638
55.9048,1.0416,4.4788
55.9050,0.9924,4.2654
55.9052,1.0156,4.3608
55.9054,1.05,4.517
55.9056,1.0026,4.3132
55.9058,1.0013,4.2995
55.9060,1.053,4.532
55.9062,0.9708,4.1882
55.9064,0.8706,3.7488
55.9066,0.8713,3.7501
55.9068,0.8927,3.8438
55.9070,0.8376,3.6135
55.9072,0.7493,3.2368
55.9074,0.6798,2.9355
55.9076,0.6925,2.9904
55.9078,0.7065,3.0505
55.9080,0.7085,3.0564
55.9082,0.7768,3.345
55.9084,0.8249,3.557
55.9086,0.7723,3.3301
55.9088,0.7833,3.3729
55.9090,0.8762,3.7678
55.9092,0.9127,3.9318
55.9094,0.8536,3.6806
55.9096,0.7718,3.328
55.9098,0.7501,3.2359
55.9100,0.7466,3.2194
55.9102,0.82,3.5326
55.9104,0.7952,3.4272
55.9106,0.7511,3.2386
55.9108,0.8222,3.5369
55.9110,0.9123,3.9303
55.9112,0.8368,3.6099
55.9114,0.6774,2.9279
55.9116,0.7075,3.048
55.9118,0.7859,3.3859
55.9120,0.8277,3.5706
55.9122,0.6666,2.8826
55.9124,0.5827,2.5208
55.9126,0.6047,2.6085
55.9128,0.6877,2.9656
55.9130,0.7266,3.136
55.9132,0.7467,3.2199
55.9134,0.725,3.1264
55.9136,0.7268,3.1399
55.9138,0.726,3.1305
55.9140,0.7412,3.1976
55.9142,0.7243,3.1233
55.9144,0.7339,3.1661
55.9146,0.7431,3.1985
55.9148,0.809,3.485
55.9150,0.7453,3.2108
55.9152,0.7255,3.1284
55.9154,0.8021,3.4572
55.9156,0.7889,3.4019
55.9158,0.7391,3.1883
55.9160,0.7096,3.0611
55.9162,0.7268,3.1341
55.9164,0.7388,3.1814
55.9166,0.755,3.2556
55.9168,0.728,3.1378
55.9170,0.7127,3.0731
55.9172,0.744,3.2095
55.9174,0.7387,3.1853
55.9176,0.7696,3.311
55.9178,0.8531,3.6785
55.9180,0.7562,3.2593
55.9182,0.7644,3.2929
55.9184,0.7867,3.389
55.9186,0.7556,3.2567
55.9188,0.818,3.527
55.9190,0.8598,3.6989
55.9192,0.8672,3.7326
55.9194,0.8062,3.4748
55.9196,0.7826,3.3745
55.9198,0.7635,3.2938
55.9200,0.7106,3.0657
55.9202,0.6985,3.0135
55.9204,0.7285,3.1428
55.9206,0.7725,3.3249
55.9208,0.8094,3.4855
55.9210,0.8628,3.7118
55.9212,0.8879,3.8178
55.9214,0.923,3.9652
55.9216,0.9064,3.8959
55.9218,0.9134,3.9276
55.9220,0.9599,4.1257
55.9222,0.913,3.9334
55.9224,0.8579,3.6889
55.9226,0.9347,4.01
55.9228,1.0243,4.3963
55.9230,0.993,4.266
55.9232,0.9018,3.8848
55.9234,0.8369,3.6004
55.9236,0.9175,3.9433
55.9238,0.8826,3.8075
55.9240,0.7454,3.2143
55.9242,0.7457,3.2093
55.9244,0.7895,3.4014
55.9246,0.79,3.3971
55.9248,0.95,4.0849
55.9250,0.8795,3.7905
55.9252,0.7585,3.2691
55.9254,0.7766,3.3487
55.9256,0.7382,3.1877
55.9258,0.6519,2.8136
55.9260,0.6343,2.7363
55.9262,0.634,2.7365
55.9264,0.6682,2.8786
55.9266,0.7953,3.4261
55.9268,0.7831,3.3735
55.9270,0.7856,3.3859
55.9272,0.7845,3.3812
55.9274,0.782,3.3657
55.9276,0.7788,3.3564
55.9278,0.7772,3.3466
55.9280,0.8784,3.7806
55.9282,0.8695,3.7354
55.9284,0.9339,4.0102
55.9286,0.8767,3.7821
55.9288,0.7145,3.0837
55.9290,0.6676,2.8787
55.9292,0.6563,2.8301
55.9294,0.775,3.3341
55.9296,0.8538,3.6816
55.9298,0.7215,3.1113
55.9300,0.6681,2.8821
55.9302,0.6586,2.8412
55.9304,0.7135,3.0724
55.9306,0.7865,3.3852
55.9308,0.8043,3.4632
55.9310,0.8142,3.5044
55.9312,0.8778,3.7744
55.9314,0.8912,3.8286
55.9316,0.9051,3.8938
55.9318,0.9556,4.1109
55.9320,0.8625,3.7107
55.9322,0.8525,3.6622
55.9324,0.903,3.8773
55.9326,0.9851,4.2359
55.9328,0.9344,4.0234
55.9330,0.9384,4.0222
55.9332,1.1674,4.9967
55.9334,1.176,5.0355
55.9336,1.1886,5.087
55.9338,1.2646,5.4048
55.9340,1.3695,5.8449
55.9342,1.4249,6.0785
55.9344,1.4825,6.3423
55.9346,1.4062,6.0099
55.9348,1.3509,5.7818
55.9350,1.2556,5.3789
55.9352,1.2448,5.3302
55.9354,1.2546,5.3647
55.9356,1.3578,5.8116
55.9358,1.2943,5.5448
55.9360,1.1998,5.1448
55.9362,1.198,5.1299
55.9364,1.2327,5.2758
55.9366,1.2288,5.2692
55.9368,1.1683,5.0003
55.9370,1.2237,5.2422
55.9372,1.2369,5.3037
55.9374,1.1998,5.1448
55.9376,1.214,5.2031
55.9378,1.1673,5.0078
55.9380,1.1433,4.9027
55.9382,1.1613,4.9775
55.9384,1.2092,5.1801
55.9386,1.2472,5.3479
55.9388,1.2672,5.4262
55.9390,1.2583,5.3957
55.9392,1.163,4.987
55.9394,1.1418,4.9006
55.9396,1.1425,4.9082
55.9398,1.1089,4.7596
55.9400,1.1011,4.7239
55.9402,1.1333,4.8663
55.9404,1.146,4.9186
55.9406,1.1368,4.8744
55.9408,1.133,4.8607
55.9410,1.1624,4.9914
55.9412,1.1147,4.7731
55.9414,1.284,5.5006
55.9416,1.2613,5.4111
55.9418,1.2794,5.4836
55.9420,1.311,5.6136
55.9422,1.2803,5.4821
55.9424,1.2738,5.4646
55.9426,1.1484,4.9358
55.9428,1.0794,4.6416
55.9430,1.0328,4.441
55.9432,1.0167,4.376
55.9434,1.0025,4.3106
55.9436,0.982,4.2224
55.9438,1.0116,4.3559
55.9440,0.9675,4.1601
55.9442,1.0262,4.4045
55.9444,1.1629,4.9981
55.9446,1.1389,4.8973
55.9448,1.1185,4.794
55.9450,1.2418,5.3223
55.9452,1.2079,5.1769
55.9454,1.2203,5.2279
55.9456,1.1997,5.1563
55.9458,1.0708,4.6023
55.9460,1.073,4.6159
55.9462,1.0922,4.6941
55.9464,1.0934,4.6927
55.9466,1.1816,5.062
55.9468,1.2388,5.3144
55.9470,1.2013,5.1606
55.9472,1.1261,4.8309
55.9474,1.161,4.9875
55.9476,1.1451,4.9196
55.9478,1.1712,5.0313
55.9480,1.0954,4.7124
55.9482,0.9666,4.1603
55.9484,0.9962,4.2818
55.9486,1.034,4.4483
55.9488,0.9755,4.2005
55.9490,0.9507,4.1031
55.9492,0.9025,3.8824
55.9494,0.952,4.1031
55.9496,0.8587,3.7079
55.9498,0.8322,3.5835
55.9500,0.9145,3.9395
55.9502,0.8715,3.7581
55.9504,0.8675,3.7457
55.9506,0.8183,3.5302
55.9508,0.8173,3.5244
55.9510,0.8173,3.526
55.9512,0.8491,3.6631
55.9514,0.8395,3.6184
55.9516,0.8287,3.5752
55.9518,0.837,3.6109
55.9520,0.8453,3.6449
55.9522,0.8286,3.5763
55.9524,0.8323,3.5907
55.9526,0.8054,3.4711
55.9528,0.835,3.5987
55.9530,0.8673,3.74
55.9532,0.8536,3.6754
55.9534,0.9103,3.9178
55.9536,0.9712,4.1819
55.9538,0.9368,4.0356
55.9540,0.9169,3.948
55.9542,0.9358,4.0296
55.9544,0.9561,4.113
55.9546,0.9695,4.1708
55.9548,0.94,4.0476
55.9550,1.0131,4.3585
55.9552,1.0154,4.3744
55.9554,0.9749,4.194
55.9556,0.9822,4.2215
55.9558,1.0472,4.4966
55.9560,1.1279,4.8409
55.9562,1.1362,4.89
55.9564,0.9747,4.193
55.9566,1.0534,4.5255
55.9568,1.0722,4.6064
55.9570,1.0754,4.6155
55.9572,1.1109,4.7811
55.9574,1.0016,4.311
55.9576,0.979,4.2135
55.9578,0.9937,4.273
55.9580,1.0282,4.4153
55.9582,1.1296,4.8571
55.9584,1.1157,4.7928
55.9586,1.0853,4.6647
55.9588,1.033,4.4503
55.9590,0.9165,3.9501
55.9592,0.9034,3.8866
55.9594,0.9747,4.193
55.9596,1.0245,4.4055
55.9598,1.0351,4.4529
55.9600,1.0001,4.3023
55.9602,0.9785,4.2095
55.9604,1.0202,4.3828
55.9606,1.0615,4.5706
55.9608,0.999,4.3017
55.9610,0.9691,4.1692
55.9612,1.008,4.3404
55.9614,1.0056,4.3341
55.9616,0.9341,4.0167
55.9618,0.9591,4.124
55.9620,0.945,4.0712
55.9622,0.9033,3.8933
55.9624,0.8737,3.7656
55.9626,0.8917,3.8431
55.9628,0.9182,3.9518
55.9630,0.9684,4.1681
55.9632,0.9395,4.0475
55.9634,0.8701,3.7571
55.9636,0.7634,3.2933
55.9638,0.7839,3.3849
55.9640,0.7759,3.3486
55.9642,0.7732,3.3372
55.9644,0.7936,3.4204
55.9646,0.8689,3.7432
55.9648,0.8552,3.6895
55.9650,0.8617,3.7071
55.9652,0.9109,3.9277
55.9654,0.8263,3.5582
55.9656,0.9341,4.0261
55.9658,0.8793,3.7882
55.9660,0.8751,3.7788
55.9662,0.8261,3.5605
55.9664,0.9069,3.8997
55.9666,0.9763,4.1924
55.9668,1.0657,4.5802
55.9670,1.0003,4.2953
55.9672,1.149,4.9337
55.9674,1.1463,4.9224
55.9676,1.1606,4.9721
55.9678,1.2467,5.3583
55.9680,1.0689,4.5962
55.9682,1.0257,4.4106
55.9684,1.0563,4.5421
55.9686,1.0046,4.3199
55.9688,1.0535,4.5345
55.9690,1.0124,4.3534
55.9692,0.9836,4.2356
55.9694,0.9293,3.9998
55.9696,0.929,3.9946
55.9698,1.0116,4.3478
55.9700,1.0948,4.7054
55.9702,1.1377,4.8853
55.9704,1.085,4.6718
55.9706,0.8886,3.8315
55.9708,0.8538,3.6833
55.9710,0.8486,3.6525
55.9712,0.9209,3.9619
55.9714,0.9164,3.9478
55.9716,0.8671,3.7389
55.9718,0.8359,3.6095
55.9720,0.7628,3.2907
55.9722,0.754,3.2529
55.9724,0.7839,3.3833
55.9726,0.7988,3.4443
55.9728,0.8308,3.579
55.9730,0.8958,3.8571
55.9732,0.8777,3.7827
55.9734,0.8293,3.5877
55.9736,0.656,2.839
55.9738,0.5706,2.4695
55.9740,0.5425,2.3492
55.9742,0.5603,2.4215
55.9744,0.6461,2.7913
55.9746,0.6771,2.9236
55.9748,0.7031,3.0317
55.9750,0.7875,3.4051
55.9752,0.74,3.1894
55.9754,0.7561,3.2663
55.9756,0.6111,2.6449
55.9758,0.6086,2.6304
55.9760,0.6497,2.8081
55.9762,0.5852,2.5305
55.9764,0.5771,2.4941
55.9766,0.6903,2.9805
55.9768,0.6556,2.8335
55.9770,0.5683,2.4563
55.9772,0.6216,2.6826
55.9774,0.649,2.8089
55.9776,0.5293,2.291
55.9778,0.5059,2.1863
55.9780,0.5737,2.4761
55.9782,0.6832,2.9527
55.9784,0.5945,2.5728
55.9786,0.5322,2.3024
55.9788,0.588,2.5412
55.9790,0.5528,2.3883
55.9792,0.5978,2.5814
55.9794,0.6425,2.777
55.9796,0.6204,2.6787
55.9798,0.659,2.8414
55.9800,0.7558,3.2546
55.9802,0.8249,3.5504
55.9804,0.8689,3.7432
55.9806,0.7485,3.2291
55.9808,0.6735,2.908
55.9810,0.6489,2.8019
55.9812,0.6715,2.8984
55.9814,0.6678,2.8837
55.9816,0.6548,2.8286
55.9818,0.6888,2.9715
55.9820,0.6916,2.9821
55.9822,0.6996,3.0153
55.9824,0.7474,3.2215
55.9826,0.7584,3.2685
55.9828,0.7694,3.3191
55.9830,0.6983,3.018
55.9832,0.6816,2.9391
55.9834,0.7231,3.118
55.9836,0.6602,2.8492
55.9838,0.6684,2.8836
55.9840,0.6627,2.8575
55.9842,0.6551,2.8262
55.9844,0.6603,2.8511
55.9846,0.6736,2.9045
55.9848,0.6681,2.8861
55.9850,0.5621,2.4316
55.9852,0.5615,2.4211
55.9854,0.6266,2.7056
55.9856,0.5686,2.4562
55.9858,0.5407,2.3349
55.9860,0.5799,2.5065
55.9862,0.5303,2.2909
55.9864,0.526,2.2733
55.9866,0.5204,2.25
55.9868,0.5415,2.338
55.9870,0.5704,2.4639
55.9872,0.5289,2.2868
55.9874,0.5286,2.2837
55.9876,0.5231,2.2609
55.9878,0.5214,2.2526
55.9880,0.5187,2.2417
55.9882,0.5261,2.2739
55.9884,0.5258,2.2713
55.9886,0.5112,2.2076
55.9888,0.5136,2.22
55.9890,0.5405,2.3317
55.9892,0.6439,2.7737
55.9894,0.6792,2.9288
55.9896,0.6994,3.0157
55.9898,0.6573,2.8342
55.9900,0.6468,2.7905
55.9902,0.614,2.6512
55.9904,0.608,2.6229
55.9906,0.6578,2.8363
55.9908,0.6159,2.6608
55.9910,0.5578,2.4084
55.9912,0.5623,2.427
55.9914,0.5877,2.539
55.9916,0.5128,2.2184
55.9918,0.4365,1.8876
55.9920,0.4298,1.8577
55.9922,0.4425,1.9136
55.9924,0.4481,1.9374
55.9926,0.4464,1.9266
55.9928,0.5283,2.28
55.9930,0.557,2.4053
55.9932,0.5585,2.4115
55.9934,0.5579,2.4067
55.9936,0.5725,2.471
55.9938,0.5725,2.471
55.9940,0.5617,2.4221
55.9942,0.566,2.4419
55.9944,0.5641,2.4347
55.9946,0.5632,2.4284
55.9948,0.6098,2.6282
55.9950,0.7195,3.0982
55.9952,0.7946,3.4135
55.9954,0.8377,3.6123
55.9956,0.6194,2.6721
55.9958,0.6205,2.6742
55.9960,0.612,2.6375
55.9962,0.5982,2.5757
55.9964,0.6634,2.8619
55.9966,0.6116,2.6384
55.9968,0.5594,2.4134
55.9970,0.5729,2.4714
55.9972,0.5811,2.5071
55.9974,0.5754,2.4799
55.9976,0.59,2.5442
55.9978,0.6386,2.7523
55.9980,0.6791,2.9201
55.9982,0.7789,3.3413
55.9984,0.8947,3.8489
55.9986,0.7731,3.3243
55.9988,0.8152,3.5037
55.9990,0.7653,3.2924
55.9992,0.7671,3.3001
55.9994,0.8534,3.6646
55.9996,0.8886,3.8084
55.9998,1.04,4.4533
56.0000,1.1423,4.8821
56.0002,1.1369,4.8726
56.0004,1.0683,4.5702
56.0006,1.1689,4.9935
56.0008,1.2143,5.1949
56.0010,1.2327,5.2758
56.0012,1.1634,4.9746
56.0014,1.2015,5.1424
56.0016,1.1502,4.9228
56.0018,1.2128,5.1834
56.0020,1.2372,5.3028
56.0022,1.0746,4.6059
56.0024,1.1044,4.74
56.0026,1.0224,4.3942
56.0028,0.949,4.0731
56.0030,1.0033,4.2982
56.0032,1.082,4.6373
56.0034,1.0833,4.6408
56.0036,1.0695,4.5838
56.0038,1.0486,4.5007
56.0040,1.02,4.3798
56.0042,0.9453,4.059
56.0044,1.0017,4.2975
56.0046,1.0201,4.3762
56.0048,1.031,4.4251
56.0050,1.0131,4.3423
56.0052,1.0966,4.6978
56.0054,1.0745,4.6033
56.0056,1.183,5.0705
56.0058,1.0937,4.6964
56.0060,0.995,4.2747
56.0062,0.9685,4.1531
56.0064,0.9748,4.1915
56.0066,0.8328,3.5828
56.0068,0.861,3.704
56.0070,0.8974,3.859
56.0072,0.9262,3.9772
56.0074,0.9631,4.1377
56.0076,0.9711,4.1736
56.0078,0.8721,3.7537
56.0080,0.8428,3.6239
56.0082,0.8848,3.8066
56.0084,0.8477,3.6484
56.0086,0.7908,3.407
56.0088,0.8338,3.5852
56.0090,0.9089,3.9067
56.0092,0.8759,3.7697
56.0094,0.804,3.4638
56.0096,0.8284,3.557
56.0098,0.9513,4.0924
56.0100,0.8408,3.624
56.0102,0.7979,3.4374
56.0104,0.7902,3.3996
56.0106,0.843,3.6249
56.0108,0.9207,3.9535
56.0110,0.9652,4.1464
56.0112,0.901,3.8744
56.0114,0.8797,3.7827
56.0116,0.8777,3.7774
56.0118,0.9169,3.9388
56.0120,0.9069,3.9015
56.0122,0.8863,3.8128
56.0124,0.8809,3.7861
56.0126,0.8911,3.8281
56.0128,0.9003,3.8714
56.0130,0.9779,4.1971
56.0132,1.0802,4.6361
56.0134,1.0141,4.3606
56.0136,0.8601,3.7021
56.0138,0.8016,3.4519
56.0140,0.8448,3.636
56.0142,0.8441,3.6312
56.0144,0.8277,3.5622
56.0146,0.8286,3.568
56.0148,0.8554,3.6797
56.0150,0.809,3.485
56.0152,0.7938,3.4246
56.0154,0.7007,3.0115
56.0156,0.8572,3.6926
56.0158,0.7436,3.2079
56.0160,0.6922,2.9888
56.0162,0.654,2.8163
56.0164,0.8497,3.6555
56.0166,0.796,3.4371
56.0168,0.631,2.7248
56.0170,0.6233,2.6891
56.0172,0.6233,2.6891
56.0174,0.6248,2.6978
56.0176,0.626,2.7005
56.0178,0.659,2.8428
56.0180,0.6695,2.8856
56.0182,0.7257,3.1294
56.0184,0.6937,2.9955
56.0186,0.6461,2.7848
56.0188,0.6461,2.7861
56.0190,0.6846,2.9534
56.0192,0.662,2.8544
56.0194,0.7214,3.1065
56.0196,0.8187,3.517
56.0198,0.9533,4.0992
56.0200,0.8781,3.7742
56.0202,0.8793,3.7811
56.0204,0.8414,3.6199
56.0206,0.8456,3.6363
56.0208,0.8587,3.6925
56.0210,0.8854,3.8092
56.0212,0.8789,3.7791
56.0214,0.872,3.7479
56.0216,0.8864,3.8098
56.0218,0.8748,3.7598
56.0220,0.8996,3.8719
56.0222,0.84,3.6103
56.0224,0.9338,4.0115
56.0226,0.9794,4.2097
56.0228,0.9648,4.1391
56.0230,1.0318,4.4266
56.0232,1.0185,4.3756
56.0234,0.9423,4.048
56.0236,0.9086,3.9087
56.0238,0.8946,3.8448
56.0240,0.8663,3.7336
56.0242,0.7647,3.2959
56.0244,0.7343,3.1632
56.0246,0.7449,3.2106
56.0248,0.74,3.1865
56.0250,0.7906,3.3996
56.0252,0.8061,3.4758
56.0254,0.712,3.0671
56.0256,0.7334,3.1596
56.0258,0.7634,3.2887
56.0260,0.7997,3.4452
56.0262,0.8648,3.7187
56.0264,0.8642,3.7231
56.0266,0.7563,3.2597
56.0268,0.7028,3.0307
56.0270,0.7027,3.0301
56.0272,0.7066,3.0495
56.0274,0.6218,2.6849
56.0276,0.5862,2.5323
56.0278,0.6235,2.6896
56.0280,0.6222,2.6864
56.0282,0.5784,2.4975
56.0284,0.5761,2.4888
56.0286,0.5734,2.4757
56.0288,0.5754,2.4868
56.0290,0.5789,2.4996
56.0292,0.6253,2.6949
56.0294,0.6687,2.8793
56.0296,0.6452,2.7846
56.0298,0.5634,2.435
56.0300,0.5653,2.441
56.0302,0.5869,2.5342
56.0304,0.568,2.4524
56.0306,0.5656,2.4421
56.0308,0.5628,2.4313
56.0310,0.5815,2.5086
56.0312,0.6171,2.6585
56.0314,0.6841,2.9445
56.0316,0.7317,3.1523
56.0318,0.6907,2.9784
56.0320,0.6043,2.6021
56.0322,0.7108,3.0648
56.0324,0.7028,3.0307
56.0326,0.7156,3.0812
56.0328,0.7454,3.2067
56.0330,0.8115,3.4909
56.0332,0.8582,3.6801
56.0334,1.0274,4.4055
56.0336,1.0477,4.4945
56.0338,0.9906,4.2536
56.0340,1.0011,4.2949
56.0342,1.0528,4.5124
56.0344,1.0318,4.4225
56.0346,1.0449,4.4785
56.0348,1.0267,4.4086
56.0350,0.9932,4.2669
56.0352,0.9651,4.1478
56.0354,0.9019,3.8744
56.0356,0.9036,3.8817
56.0358,0.9601,4.1248
56.0360,0.9329,4.0079
56.0362,0.952,4.0878
56.0364,0.9348,4.0142
56.0366,0.9753,4.1877
56.0368,0.9992,4.2887
56.0370,1.0057,4.3265
56.0372,0.8616,3.7083
56.0374,0.7826,3.3713
56.0376,0.7599,3.2752
56.0378,0.7281,3.1339
56.0380,0.7976,3.4359
56.0382,0.7508,3.2315
56.0384,0.8139,3.4996
56.0386,0.8555,3.6785
56.0388,0.9125,3.9221
56.0390,0.8702,3.7437
56.0392,0.7938,3.4167
56.0394,0.7545,3.249
56.0396,0.7534,3.2473
56.0398,0.7732,3.3295
56.0400,0.8236,3.5463
56.0402,0.7934,3.4194
56.0404,0.7545,3.2505
56.0406,0.7733,3.33
56.0408,0.776,3.3352
56.0410,0.8464,3.6377
56.0412,0.8569,3.6864
56.0414,0.8598,3.6988
56.0416,0.8365,3.6004
56.0418,0.8075,3.482
56.0420,0.6933,2.9893
56.0422,0.6546,2.8228
56.0424,0.6479,2.7952
56.0426,0.6923,2.9796
56.0428,0.8219,3.5358
56.0430,0.813,3.5025
56.0432,0.7723,3.3285
56.0434,0.7843,3.3801
56.0436,0.7166,3.0887
56.0438,0.6865,2.9576
56.0440,0.7086,3.0498
56.0442,0.7821,3.3708
56.0444,0.6982,3.0133
56.0446,0.6217,2.6806
56.0448,0.6292,2.7195
56.0450,0.5226,2.2609
56.0452,0.5282,2.2806
56.0454,0.5463,2.3587
56.0456,0.5279,2.2806
56.0458,0.5364,2.3141
56.0460,0.5862,2.53
56.0462,0.5494,2.3678
56.0464,0.6731,2.9092
56.0466,0.5471,2.3624
56.0468,0.5189,2.2407
56.0470,0.5273,2.278
56.0472,0.5247,2.2655
56.0474,0.5234,2.2578
56.0476,0.5201,2.2469
56.0478,0.5193,2.2443
56.0480,0.5286,2.2826
56.0482,0.5256,2.2728
56.0484,0.5226,2.2578
56.0486,0.5202,2.2453
56.0488,0.5189,2.2407
56.0490,0.5248,2.265
56.0492,0.5228,2.2573
56.0494,0.5213,2.25
56.0496,0.561,2.4213
56.0498,0.5988,2.5855
56.0500,0.5412,2.3348
56.0502,0.5452,2.3541
56.0504,0.5261,2.2718
56.0506,0.5186,2.2391
56.0508,0.5273,2.2748
56.0510,0.5917,2.549
56.0512,0.5811,2.5082
56.0514,0.5322,2.2982
56.0516,0.5213,2.25
56.0518,0.517,2.2303
56.0520,0.5247,2.2666
56.0522,0.5224,2.2557
56.0524,0.5195,2.2422
56.0526,0.5184,2.2376
56.0528,0.5181,2.236
56.0530,0.5521,2.3808
56.0532,0.5981,2.58
56.0534,0.5419,2.3401
56.0536,0.5204,2.2479
56.0538,0.5224,2.2536
56.0540,0.5352,2.309
56.0542,0.5357,2.3121
56.0544,0.5302,2.2872
56.0546,0.5252,2.2645
56.0548,0.5948,2.5648
56.0550,0.5586,2.4109
56.0552,0.5455,2.3556
56.0554,0.5212,2.2495
56.0556,0.518,2.2334
56.0558,0.5722,2.4648
56.0560,0.6574,2.8281
56.0562,0.7267,3.1263
56.0564,0.7724,3.3151
56.0566,0.8356,3.5913
56.0568,0.7248,3.1195
56.0570,0.6965,2.9991
56.0572,0.6576,2.8305
56.0574,0.669,2.8782
56.0576,0.7266,3.1243
56.0578,0.7158,3.0808
56.0580,0.6816,2.9405
56.0582,0.6081,2.6186
56.0584,0.6453,2.7812
56.0586,0.6389,2.7615
56.0588,0.4843,2.0872
56.0590,0.6067,2.6124
56.0592,0.6037,2.6031
56.0594,0.5839,2.5155
56.0596,0.688,2.9569
56.0598,0.7744,3.3285
56.0600,0.7733,3.3285
56.0602,0.7002,3.0165
56.0604,0.6696,2.8781
56.0606,0.706,3.0385
56.0608,0.7184,3.0849
56.0610,0.8091,3.4725
56.0612,0.866,3.7204
56.0614,0.8151,3.5064
56.0616,0.7259,3.1256
56.0618,0.7332,3.1541
56.0620,0.7694,3.313
56.0622,0.697,2.9984
56.0624,0.7489,3.2172
56.0626,0.7959,3.4175
56.0628,0.8562,3.6782
56.0630,0.7846,3.3738
56.0632,0.7476,3.2175
56.0634,0.6485,2.7965
56.0636,0.5864,2.5298
56.0638,0.5783,2.4935
56.0640,0.5857,2.5232
56.0642,0.5852,2.5211
56.0644,0.5965,2.5721
56.0646,0.5946,2.5567
56.0648,0.7331,3.1507
56.0650,0.7784,3.3517
56.0652,0.7141,3.0764
56.0654,0.6998,3.0079
56.0656,0.7689,3.3032
56.0658,0.7843,3.3723
56.0660,0.848,3.6398
56.0662,0.8836,3.7909
56.0664,0.8869,3.8083
56.0666,0.9044,3.8816
56.0668,0.958,4.1098
56.0670,0.9316,3.9966
56.0672,0.9128,3.9158
56.0674,0.9473,4.0678
56.0676,0.9184,3.9363
56.0678,0.9676,4.1451
56.0680,1.0039,4.3048
56.0682,1.0244,4.3927
56.0684,1.0586,4.5307
56.0686,1.0744,4.6049
56.0688,1.005,4.3194
56.0690,0.872,3.7462
56.0692,0.8525,3.6605
56.0694,0.8605,3.6985
56.0696,0.8803,3.7747
56.0698,1.0209,4.3798
56.0700,1.0172,4.3577
56.0702,1.0498,4.5038
56.0704,0.9742,4.1811
56.0706,0.9799,4.2039
56.0708,1.0158,4.3536
56.0710,1.0148,4.3454
56.0712,1.0695,4.5838
56.0714,1.0455,4.4832
56.0716,0.9804,4.2099
56.0718,0.9006,3.867
56.0720,0.9012,3.866
56.0722,0.9125,3.9185
56.0724,0.9075,3.9005
56.0726,0.9044,3.8835
56.0728,0.9328,4.0036
56.0730,0.9461,4.0645
56.0732,0.8946,3.8466
56.0734,0.8358,3.5906
56.0736,0.8729,3.755
56.0738,0.8115,3.4893
56.0740,0.8256,3.5452
56.0742,0.9176,3.9401
56.0744,0.9438,4.0566
56.0746,0.8442,3.6267
56.0748,0.8655,3.7184
56.0750,0.8986,3.8569
56.0752,0.9187,3.9447
56.0754,0.8982,3.8585
56.0756,0.8821,3.7948
56.0758,0.8917,3.8342
56.0760,0.8889,3.8188
56.0762,0.8912,3.8286
56.0764,0.867,3.7298
56.0766,0.8218,3.5337
56.0768,0.8137,3.4959
56.0770,0.8694,3.7366
56.0772,0.8483,3.6544
56.0774,0.7347,3.1667
56.0776,0.6838,2.9444
56.0778,0.7032,3.028
56.0780,0.694,2.9882
56.0782,0.7526,3.2392
56.0784,0.7515,3.2345
56.0786,0.7914,3.4016
56.0788,0.84,3.6171
56.0790,0.8253,3.5536
56.0792,0.7509,3.2335
56.0794,0.7362,3.1685
56.0796,0.7851,3.3743
56.0798,0.8301,3.5692
56.0800,0.8307,3.5702
56.0802,0.9289,3.9903
56.0804,0.9567,4.106
56.0806,0.9275,3.9847
56.0808,0.8796,3.7839
56.0810,0.8796,3.7822
56.0812,0.8912,3.825
56.0814,0.9296,3.9916
56.0816,0.9105,3.917
56.0818,0.8067,3.4719
56.0820,0.758,3.2654
56.0822,0.7598,3.2702
56.0824,0.7793,3.3589
56.0826,0.7068,3.0435
56.0828,0.7104,3.0547
56.0830,0.8131,3.4933
56.0832,0.9101,3.9118
56.0834,0.8886,3.8244
56.0836,0.7984,3.4331
56.0838,0.8203,3.5308
56.0840,0.8102,3.4853
56.0842,0.7437,3.207
56.0844,0.6379,2.7492
56.0846,0.6267,2.7036
56.0848,0.6296,2.716
56.0850,0.6333,2.7321
56.0852,0.643,2.774
56.0854,0.6265,2.7026
56.0856,0.6056,2.6138
56.0858,0.599,2.5841
56.0860,0.6,2.5883
56.0862,0.6373,2.744
56.0864,0.7302,3.1427
56.0866,0.7444,3.213
56.0868,0.6193,2.6728
56.0870,0.6352,2.7378
56.0872,0.6675,2.8808
56.0874,0.6075,2.6196
56.0876,0.5991,2.5847
56.0878,0.5985,2.5821
56.0880,0.6046,2.6084
56.0882,0.6025,2.5991
56.0884,0.5939,2.5619
56.0886,0.5844,2.521
56.0888,0.5838,2.5196
56.0890,0.5975,2.5714
56.0892,0.7073,3.0455
56.0894,0.7784,3.347
56.0896,0.8191,3.5207
56.0898,0.816,3.5138
56.0900,0.7055,3.0406
56.0902,0.6638,2.8608
56.0904,0.6948,2.9918
56.0906,0.7223,3.1115
56.0908,0.6597,2.8419
56.0910,0.6327,2.7282
56.0912,0.6335,2.7318
56.0914,0.6382,2.7533
56.0916,0.5437,2.3479
56.0918,0.5074,2.192
56.0920,0.5135,2.2164
56.0922,0.5732,2.4695
56.0924,0.6377,2.7474
56.0926,0.6454,2.7817
56.0928,0.6666,2.8719
56.0930,0.6725,2.8958
56.0932,0.6754,2.9163
56.0934,0.5846,2.5221
56.0936,0.6235,2.6834
56.0938,0.6807,2.9323
56.0940,0.7278,3.1338
56.0942,0.7289,3.1312
56.0944,0.8218,3.5337
56.0946,0.7129,3.0741
56.0948,0.6051,2.6093
56.0950,0.6401,2.7577
56.0952,0.6063,2.6133
56.0954,0.5901,2.5447
56.0956,0.591,2.5495
56.0958,0.5885,2.5386
56.0960,0.597,2.5741
56.0962,0.601,2.5857
56.0964,0.7343,3.1632
56.0966,0.7151,3.0791
56.0968,0.6538,2.8192
56.0970,0.5832,2.5182
56.0972,0.5813,2.5076
56.0974,0.6346,2.7339
56.0976,0.6027,2.5966
56.0978,0.5833,2.514
56.0980,0.6003,2.5814
56.0982,0.7435,3.197
56.0984,0.7458,3.2143
56.0986,0.6792,2.9234
56.0988,0.694,2.9855
56.0990,0.747,3.2134
56.0992,0.7507,3.2264
56.0994,0.8261,3.5473
56.0996,0.8759,3.7609
56.0998,0.9027,3.8672
56.1000,1.0699,4.5832
56.1002,1.1413,4.8894
56.1004,1.0731,4.595
56.1006,1.0902,4.6684
56.1008,1.134,4.8444
56.1010,1.2275,5.2489
56.1012,1.2174,5.2131
56.1014,1.1796,5.0485
56.1016,1.1917,5.1003
56.1018,1.1719,5.0133
56.1020,1.1652,4.9869
56.1022,1.1951,5.108
56.1024,1.2456,5.3263
56.1026,1.1757,5.0438
56.1028,1.0598,4.5422
56.1030,1.0904,4.6733
56.1032,1.0697,4.5913
56.1034,0.9896,4.2456
56.1036,0.9956,4.2653
56.1038,1.0895,4.6653
56.1040,1.1153,4.7801
56.1042,1.0844,4.6606
56.1044,0.9338,4.0077
56.1046,0.9576,4.1159
56.1048,0.9334,4.008
56.1050,0.9864,4.2297
56.1052,1.0083,4.3258
56.1054,1.0425,4.4661
56.1056,1.1022,4.7329
56.1058,1.0177,4.37
56.1060,1.0001,4.2903
56.1062,1.044,4.4827
56.1064,0.9304,4.0026
56.1066,0.8424,3.624
56.1068,0.8043,3.4584
56.1070,0.8341,3.5884
56.1072,0.8298,3.5649
56.1074,0.9459,4.0635
56.1076,0.9447,4.0678
56.1078,0.8045,3.4642
56.1080,0.7227,3.1136
56.1082,0.722,3.1119
56.1084,0.7056,3.0425
56.1086,0.6942,2.9934
56.1088,0.7297,3.1406
56.1090,0.803,3.4543
56.1092,0.8287,3.5702
56.1094,0.7947,3.4203
56.1096,0.8081,3.4749
56.1098,0.8419,3.627
56.1100,0.7519,3.2406
56.1102,0.7568,3.2557
56.1104,0.8331,3.5855
56.1106,0.8491,3.6546
56.1108,0.8726,3.7523
56.1110,0.9352,4.0158
56.1112,0.9766,4.1934
56.1114,0.9506,4.095
56.1116,0.7464,3.2183
56.1118,0.6684,2.8809
56.1120,0.6634,2.8619
56.1122,0.6605,2.8508
56.1124,0.6602,2.8466
56.1126,0.6569,2.8326
56.1128,0.6575,2.8352
56.1130,0.6636,2.8616
56.1132,0.6634,2.8606
56.1134,0.6645,2.8665
56.1136,0.6615,2.851
56.1138,0.6609,2.851
56.1140,0.6609,2.851
56.1142,0.6684,2.8796
56.1144,0.6919,2.9822
56.1146,0.6891,2.9698
56.1148,0.6892,2.9745
56.1150,0.616,2.6563
56.1152,0.6321,2.7244
56.1154,0.6172,2.6677
56.1156,0.5344,2.3085
56.1158,0.5259,2.2707
56.1160,0.5238,2.263
56.1162,0.5201,2.2469
56.1164,0.5187,2.2386
56.1166,0.5183,2.2381
56.1168,0.5642,2.4353
56.1170,0.5395,2.3308
56.1172,0.5265,2.2754
56.1174,0.5373,2.3178
56.1176,0.6171,2.6647
56.1178,0.5333,2.3018
56.1180,0.5394,2.3303
56.1182,0.5274,2.2774
56.1184,0.5182,2.2376
56.1186,0.5082,2.1966
56.1188,0.5116,2.2101
56.1190,0.5373,2.3178
56.1192,0.5895,2.5409
56.1194,0.658,2.8334
56.1196,0.696,2.9998
56.1198,0.6638,2.8621
56.1200,0.5807,2.5038
56.1202,0.5828,2.5155
56.1204,0.6091,2.6264
56.1206,0.6771,2.9154
56.1208,0.7188,3.0937
56.1210,0.7422,3.1973
56.1212,0.7272,3.1283
56.1214,0.7524,3.2397
56.1216,0.7146,3.077
56.1218,0.7007,3.0171
56.1220,0.6233,2.6879
56.1222,0.6603,2.8445
56.1224,0.7103,3.057
56.1226,0.6815,2.9359
56.1228,0.6367,2.7427
56.1230,0.6621,2.8536
56.1232,0.6785,2.9216
56.1234,0.7554,3.248
56.1236,0.7684,3.3058
56.1238,0.7298,3.1455
56.1240,0.7052,3.0354
56.1242,0.7691,3.3119
56.1244,0.6808,2.9342
56.1246,0.6038,2.6048
56.1248,0.5765,2.4857
56.1250,0.6188,2.6682
56.1252,0.6506,2.8052
56.1254,0.6123,2.6415
56.1256,0.5877,2.5355
56.1258,0.5984,2.5803
56.1260,0.5795,2.4975
56.1262,0.5646,2.4346
56.1264,0.564,2.432
56.1266,0.5531,2.386
56.1268,0.5769,2.4878
56.1270,0.6522,2.8073
56.1272,0.7117,3.0661
56.1274,0.725,3.1191
56.1276,0.7651,3.2944
56.1278,0.6428,2.7704
56.1280,0.5828,2.5131
56.1282,0.5687,2.4533
56.1284,0.5677,2.4491
56.1286,0.5692,2.4531
56.1288,0.5712,2.463
56.1290,0.5698,2.4579
56.1292,0.5663,2.4407
56.1294,0.6241,2.686
56.1296,0.6124,2.6408
56.1298,0.5778,2.4914
56.1300,0.5893,2.5411
56.1302,0.5705,2.461
56.1304,0.5639,2.4315
56.1306,0.5731,2.4724
56.1308,0.5635,2.431
56.1310,0.5103,2.1983
56.1312,0.6356,2.7317
56.1314,0.7416,3.1932
56.1316,0.6392,2.7561
56.1318,0.568,2.4468
56.1320,0.6675,2.8715
56.1322,0.7202,3.0984
56.1324,0.7251,3.1181
56.1326,0.7492,3.2172
56.1328,0.8347,3.586
56.1330,0.8587,3.6856
56.1332,0.9438,4.0472
56.1334,0.9533,4.0935
56.1336,0.9202,3.9441
56.1338,0.9808,4.2055
56.1340,0.9858,4.2251
56.1342,1.0242,4.3794
56.1344,1.12,4.789
56.1346,1.0677,4.5804
56.1348,1.0848,4.6518
56.1350,1.01,4.335
56.1352,0.9312,3.9969
56.1354,0.9829,4.2167
56.1356,0.9745,4.1846
56.1358,0.9405,4.0328
56.1360,0.9871,4.2328
56.1362,0.937,4.0235
56.1364,0.9486,4.0734
56.1366,0.9607,4.1197
56.1368,1.0052,4.3124
56.1370,0.9744,4.1802
56.1372,0.9906,4.2457
56.1374,1.0416,4.4641
56.1376,1.0883,4.671
56.1378,1.0282,4.4112
56.1380,1.0104,4.3305
56.1382,1.0183,4.3685
56.1384,0.9751,4.1853
56.1386,0.9794,4.2018
56.1388,0.9565,4.1036
56.1390,1.0004,4.2898
56.1392,0.9503,4.0749
56.1394,0.9888,4.2459
56.1396,0.9725,4.1759
56.1398,0.9648,4.1371
56.1400,0.9486,4.0753
56.1402,0.8676,3.7306
56.1404,0.8667,3.7218
56.1406,0.9092,3.904
56.1408,0.9342,4.0079
56.1410,0.9912,4.2503
56.1412,1.0238,4.3901
56.1414,1.0595,4.5433
56.1416,1.0851,4.6528
56.1418,1.0985,4.7016
56.1420,1.1382,4.8737
56.1422,1.0269,4.4096
56.1424,0.9647,4.1463
56.1426,0.9296,3.9897
56.1428,0.9448,4.057
56.1430,0.958,4.1174
56.1432,0.9446,4.0559
56.1434,0.9512,4.0842
56.1436,0.9565,4.1093
56.1438,0.9076,3.901
56.1440,0.8706,3.747
56.1442,0.8669,3.7292
56.1444,0.8081,3.4781
56.1446,0.7763,3.3398
56.1448,0.7936,3.4141
56.1450,0.7986,3.4374
56.1452,0.8066,3.4698
56.1454,0.8031,3.45
56.1456,0.8548,3.6806
56.1458,0.7645,3.2964
56.1460,0.7472,3.2175
56.1462,0.7679,3.3068
56.1464,0.7508,3.233
56.1466,0.7513,3.235
56.1468,0.7542,3.2489
56.1470,0.751,3.2355
56.1472,0.7461,3.2098
56.1474,0.8236,3.548
56.1476,0.8129,3.4988
56.1478,0.8009,3.4488
56.1480,0.6849,2.9517
56.1482,0.6997,3.0158
56.1484,0.6395,2.7602
56.1486,0.6105,2.635
56.1488,0.6111,2.6364
56.1490,0.605,2.6124
56.1492,0.6028,2.5995
56.1494,0.6395,2.7577
56.1496,0.6091,2.6276
56.1498,0.6198,2.6711
56.1500,0.6418,2.7649
56.1502,0.6435,2.7773
56.1504,0.6038,2.606
56.1506,0.602,2.5971
56.1508,0.6082,2.6252
56.1510,0.6049,2.6107
56.1512,0.6007,2.5902
56.1514,0.5988,2.5843
56.1516,0.5985,2.5809
56.1518,0.655,2.8231
56.1520,0.6549,2.8239
56.1522,0.606,2.6166
56.1524,0.6216,2.6801
56.1526,0.6475,2.7879
56.1528,0.737,3.1721
56.1530,0.7513,3.2365
56.1532,0.7008,3.0163
56.1534,0.6852,2.9519
56.1536,0.6742,2.9044
56.1538,0.7003,3.0226
56.1540,0.629,2.7109
56.1542,0.6019,2.5965
56.1544,0.5951,2.5671
56.1546,0.6049,2.6083
56.1548,0.6247,2.6911
56.1550,0.6278,2.707
56.1552,0.6111,2.6364
56.1554,0.6094,2.6291
56.1556,0.6391,2.7543
56.1558,0.7296,3.1372
56.1560,0.7888,3.3903
56.1562,0.8179,3.5188
56.1564,0.7929,3.4142
56.1566,0.6997,3.0144
56.1568,0.6467,2.7887
56.1570,0.6644,2.8634
56.1572,0.6632,2.8542
56.1574,0.7199,3.1026
56.1576,0.6297,2.714
56.1578,0.6642,2.8589
56.1580,0.6869,2.955
56.1582,0.6678,2.8784
56.1584,0.6635,2.8584
56.1586,0.7063,3.0414
56.1588,0.7334,3.1566
56.1590,0.747,3.2105
56.1592,0.7996,3.4415
56.1594,0.781,3.3615
56.1596,0.743,3.1994
56.1598,0.6757,2.9071
56.1600,0.7385,3.1753
56.1602,0.8437,3.6297
56.1604,0.816,3.5089
56.1606,0.7953,3.4181
56.1608,0.8544,3.6705
56.1610,0.8829,3.7931
56.1612,0.8896,3.8184
56.1614,0.8536,3.6703
56.1616,0.7972,3.4328
56.1618,0.7905,3.4023
56.1620,0.7488,3.2272
56.1622,0.6671,2.8753
56.1624,0.67,2.889
56.1626,0.644,2.7742
56.1628,0.6911,2.9745
56.1630,0.6882,2.9648
56.1632,0.7022,3.0253
56.1634,0.7127,3.0716
56.1636,0.6608,2.8492
56.1638,0.6267,2.7036
56.1640,0.5937,2.5614
56.1642,0.5723,2.4665
56.1644,0.5706,2.465
56.1646,0.5536,2.3848
56.1648,0.6726,2.9004
56.1650,0.593,2.5618
56.1652,0.5352,2.3111
56.1654,0.629,2.7046
56.1656,0.7658,3.2914
56.1658,0.7983,3.4294
56.1660,0.826,3.5517
56.1662,0.8243,3.5445
56.1664,0.7736,3.3218
56.1666,0.9273,3.9744
56.1668,1.0178,4.3664
56.1670,0.9872,4.2353
56.1672,0.9815,4.2125
56.1674,0.994,4.2661
56.1676,0.8983,3.8554
56.1678,0.8928,3.8335
56.1680,0.867,3.7211
56.1682,0.9521,4.0884
56.1684,0.9124,3.9216
56.1686,0.8896,3.8201
56.1688,0.9345,4.0127
56.1690,0.9601,4.1229
56.1692,0.8832,3.7923
56.1694,0.8371,3.6013
56.1696,0.8052,3.4657
56.1698,0.8196,3.526
56.1700,0.823,3.5388
56.1702,0.8028,3.4522
56.1704,0.8453,3.6279
56.1706,0.9165,3.9336
56.1708,0.932,3.9981
56.1710,0.934,4.0125
56.1712,0.9328,4.0036
56.1714,1.0104,4.3325
56.1716,1.02,4.3716
56.1718,0.9947,4.2691
56.1720,0.9702,4.1661
56.1722,0.9281,3.9835
56.1724,0.9121,3.9201
56.1726,0.904,3.8837
56.1728,0.9109,3.9113
56.1730,0.9022,3.876
56.1732,0.9127,3.9281
56.1734,0.8407,3.6101
56.1736,0.853,3.6694
56.1738,0.8269,3.5558
56.1740,0.8412,3.6121
56.1742,0.8922,3.8327
56.1744,0.8664,3.7324
56.1746,0.7593,3.2666
56.1748,0.813,3.4944
56.1750,0.7946,3.4198
56.1752,0.7548,3.25
56.1754,0.7512,3.2315
56.1756,0.789,3.3929
56.1758,0.7892,3.3982
56.1760,0.7581,3.2629
56.1762,0.8008,3.4482
56.1764,0.7791,3.3532
56.1766,0.7551,3.2561
56.1768,0.6528,2.8151
56.1770,0.641,2.7626
56.1772,0.623,2.6876
56.1774,0.6315,2.7243
56.1776,0.6415,2.7634
56.1778,0.6787,2.924
56.1780,0.6838,2.9485
56.1782,0.6222,2.6864
56.1784,0.5702,2.4611
56.1786,0.5754,2.4822
56.1788,0.6169,2.66
56.1790,0.6188,2.6682
56.1792,0.8164,3.5071
56.1794,0.8471,3.6525
56.1796,0.6648,2.8641
56.1798,0.6628,2.8526
56.1800,0.6979,3.0094
56.1802,0.7086,3.0483
56.1804,0.8046,3.4615
56.1806,0.8027,3.45
56.1808,0.7953,3.4244
56.1810,0.7101,3.0636
56.1812,0.6383,2.7499
56.1814,0.6833,2.9436
56.1816,0.6526,2.8114
56.1818,0.6657,2.8703
56.1820,0.6056,2.6137
56.1822,0.5777,2.492
56.1824,0.5864,2.5298
56.1826,0.5955,2.5667
56.1828,0.6052,2.6122
56.1830,0.5958,2.5665
56.1832,0.6363,2.7411
56.1834,0.6081,2.6222
56.1836,0.6321,2.7243
56.1838,0.6145,2.6533
56.1840,0.5063,2.1893
56.1842,0.4925,2.1277
56.1844,0.4955,2.1357
56.1846,0.5702,2.4611
56.1848,0.5062,2.1848
56.1850,0.508,2.1935
56.1852,0.4958,2.1407
56.1854,0.498,2.1506
56.1856,0.5476,2.3666
56.1858,0.498,2.1516
56.1860,0.4808,2.076
56.1862,0.4819,2.0797
56.1864,0.4807,2.0755
56.1866,0.4839,2.0895
56.1868,0.4704,2.031
56.1870,0.4671,2.017
56.1872,0.4658,2.0122
56.1874,0.4719,2.0377
56.1876,0.471,2.0326
56.1878,0.4733,2.043
56.1880,0.4858,2.0968
56.1882,0.5431,2.342
56.1884,0.5297,2.2851
56.1886,0.4781,2.0627
56.1888,0.505,2.1776
56.1890,0.5558,2.3957
56.1892,0.6008,2.5894
56.1894,0.594,2.56
56.1896,0.5418,2.3363
56.1898,0.5922,2.5499
56.1900,0.6213,2.6778
56.1902,0.5205,2.2453
56.1904,0.5265,2.2712
56.1906,0.537,2.3177
56.1908,0.5215,2.2479
56.1910,0.5769,2.4889
56.1912,0.5465,2.3554
56.1914,0.628,2.7055
56.1916,0.6044,2.6062
56.1918,0.5367,2.313
56.1920,0.5281,2.2773
56.1922,0.5251,2.2655
56.1924,0.5424,2.3389
56.1926,0.6086,2.6206
56.1928,0.6248,2.6878
56.1930,0.6594,2.8303
56.1932,0.8472,3.6395
56.1934,0.807,3.467
56.1936,0.7456,3.2062
56.1938,0.7113,3.0659
56.1940,0.5809,2.506
56.1942,0.5301,2.2867
56.1944,0.5187,2.2365
56.1946,0.5533,2.3859
56.1948,0.5455,2.3534
56.1950,0.5103,2.1993
56.1952,0.5213,2.2489
56.1954,0.5214,2.2494
56.1956,0.5274,2.2732
56.1958,0.5646,2.4345
56.1960,0.54,2.3296
56.1962,0.5211,2.2468
56.1964,0.5193,2.2391
56.1966,0.5261,2.2696
56.1968,0.499,2.1527
56.1970,0.4731,2.0372
56.1972,0.5414,2.3391
56.1974,0.4415,1.9062
56.1976,0.4825,2.0794
56.1978,0.5078,2.1884
56.1980,0.5587,2.4092
56.1982,0.5066,2.1812
56.1984,0.639,2.7504
56.1986,0.6251,2.6881
56.1988,0.6534,2.8111
56.1990,0.6676,2.8733
56.1992,0.7211,3.0991
56.1994,0.7884,3.3824
56.1996,0.843,3.6097
56.1998,0.9885,4.2329
56.2000,1.0012,4.2894
56.2002,1.0076,4.3105
56.2004,1.0584,4.5301
56.2006,1.0689,4.5726
56.2008,1.1416,4.8817
56.2010,1.1562,4.946
56.2012,1.0817,4.6232
56.2014,1.1252,4.8092
56.2016,1.0905,4.6737
56.2018,0.9891,4.2355
56.2020,1.1199,4.7799
56.2022,1.233,5.2748
56.2024,1.1122,4.7689
56.2026,0.9969,4.2788
56.2028,0.8838,3.7878
56.2030,0.9686,4.1593
56.2032,0.9076,3.8955
56.2034,0.8869,3.8029
56.2036,0.8917,3.8252
56.2038,0.9617,4.1237
56.2040,0.9948,4.2696
56.2042,0.9304,3.9914
56.2044,0.9224,3.9551
56.2046,0.9649,4.1357
56.2048,1.0251,4.3916
56.2050,0.9749,4.1803
56.2052,0.9544,4.0981
56.2054,0.8983,3.8535
56.2056,0.9581,4.1159
56.2058,0.9366,4.0181
56.2060,0.9577,4.1067
56.2062,0.9399,4.0358
56.2064,0.8574,3.6867
56.2066,0.7934,3.413
56.2068,0.8334,3.5819
56.2070,0.8417,3.6141
56.2072,0.8793,3.7775
56.2074,0.8987,3.8646
56.2076,0.8408,3.6139
56.2078,0.7901,3.4006
56.2080,0.7725,3.3186
56.2082,0.8276,3.5589
56.2084,0.8454,3.6368
56.2086,0.8145,3.5021
56.2088,0.8094,3.4805
56.2090,0.7896,3.397
56.2092,0.7931,3.4072
56.2094,0.846,3.6327
56.2096,0.868,3.7239
56.2098,0.8589,3.6917
56.2100,0.8565,3.6831
56.2102,0.8615,3.7042
56.2104,0.8251,3.553
56.2106,0.7285,3.1354
56.2108,0.7133,3.0684
56.2110,0.7029,3.0269
56.2112,0.7012,3.0192
56.2114,0.7099,3.0583
56.2116,0.7203,3.1003
56.2118,0.7235,3.1137
56.2120,0.6905,2.9773
56.2122,0.6281,2.7098
56.2124,0.6667,2.8683
56.2126,0.7577,3.2613
56.2128,0.7015,3.0221
56.2130,0.6768,2.9171
56.2132,0.6725,2.8985
56.2134,0.6688,2.8811
56.2136,0.6949,2.9937
56.2138,0.7219,3.1056
56.2140,0.7509,3.2349
56.2142,0.634,2.7313
56.2144,0.6219,2.6829
56.2146,0.5766,2.4874
56.2148,0.5648,2.4378
56.2150,0.5568,2.4042
56.2152,0.5521,2.3829
56.2154,0.5591,2.4107
56.2156,0.5719,2.4638
56.2158,0.6315,2.7205
56.2160,0.6327,2.7294
56.2162,0.566,2.4407
56.2164,0.5684,2.4522
56.2166,0.5696,2.4585
56.2168,0.5639,2.4337
56.2170,0.5592,2.4124
56.2172,0.549,2.3662
56.2174,0.5972,2.5739
56.2176,0.6386,2.7509
56.2178,0.6396,2.753
56.2180,0.5931,2.5587
56.2182,0.5528,2.3872
56.2184,0.5608,2.4191
56.2186,0.5809,2.5002
56.2188,0.6655,2.8711
56.2190,0.5743,2.4752
56.2192,0.6275,2.7059
56.2194,0.5789,2.4926
56.2196,0.686,2.9445
56.2198,0.825,3.5475
56.2200,0.7563,3.2582
56.2202,0.6834,2.94
56.2204,0.704,3.0287
56.2206,0.7071,3.045
56.2208,0.7197,3.0963
56.2210,0.7606,3.2661
56.2212,0.7693,3.3078
56.2214,0.7109,3.061
56.2216,0.6846,2.952
56.2218,0.6733,2.9007
56.2220,0.6443,2.7732
56.2222,0.6952,2.9906
56.2224,0.7896,3.3907
56.2226,0.8859,3.8041
56.2228,0.8418,3.6163
56.2230,0.8463,3.6308
56.2232,0.861,3.7022
56.2234,0.8461,3.6383
56.2236,0.7766,3.3392
56.2238,0.7436,3.2034
56.2240,0.6901,2.9703
56.2242,0.6892,2.9675
56.2244,0.6687,2.8779
56.2246,0.7279,3.1314
56.2248,0.7743,3.3325
56.2250,0.7678,3.3077
56.2252,0.6444,2.7762
56.2254,0.6105,2.6337
56.2256,0.6087,2.6211
56.2258,0.7117,3.0575
56.2260,0.8236,3.5298
56.2262,0.8775,3.7698
56.2264,0.8382,3.6042
56.2266,0.842,3.6106
56.2268,0.8684,3.7324
56.2270,0.8139,3.4996
56.2272,0.8134,3.4975
56.2274,0.7817,3.3614
56.2276,0.7553,3.2495
56.2278,0.7803,3.3583
56.2280,0.744,3.202
56.2282,0.7474,3.2139
56.2284,0.8105,3.4786
56.2286,0.8508,3.6601
56.2288,0.7923,3.4083
56.2290,0.7511,3.2299
56.2292,0.7332,3.1541
56.2294,0.7239,3.1172
56.2296,0.7281,3.1382
56.2298,0.5604,2.4209
56.2300,0.4765,2.0583
56.2302,0.5039,2.1739
56.2304,0.5602,2.4154
56.2306,0.5739,2.4737
56.2308,0.5566,2.4043
56.2310,0.496,2.1418
56.2312,0.5208,2.2437
56.2314,0.57,2.4589
56.2316,0.5247,2.2644
56.2318,0.5695,2.4557
56.2320,0.6194,2.6658
56.2322,0.6664,2.8681
56.2324,0.6972,3.0007
56.2326,0.7996,3.435
56.2328,0.8421,3.6162
56.2330,0.8694,3.7313
56.2332,0.9315,3.9979
56.2334,0.952,4.0802
56.2336,0.9893,4.2439
56.2338,0.9846,4.2199
56.2340,0.9737,4.1712
56.2342,0.9929,4.2574
56.2344,0.9443,4.0529
56.2346,0.9674,4.1522
56.2348,0.9538,4.0955
56.2350,0.9245,3.9625
56.2352,1.0056,4.3078
56.2354,1.0007,4.2908
56.2356,0.9679,4.1504
56.2358,0.9877,4.2372
56.2360,0.9516,4.0843
56.2362,0.9648,4.1351
56.2364,0.9822,4.2136
56.2366,0.9847,4.2204
56.2368,0.973,4.174
56.2370,0.9644,4.1375
56.2372,0.8733,3.7588
56.2374,0.8029,3.4575
56.2376,0.8353,3.5835
56.2378,0.9562,4.1058
56.2380,0.8567,3.6802
56.2382,0.8643,3.7183
56.2384,0.7878,3.3877
56.2386,0.8037,3.4557
56.2388,0.8335,3.5875
56.2390,0.8085,3.4764
56.2392,0.7896,3.3954
56.2394,0.8016,3.4486
56.2396,0.8461,3.6366
56.2398,0.8176,3.5188
56.2400,0.791,3.3979
56.2402,0.8786,3.7744
56.2404,0.8218,3.5369
56.2406,0.78,3.3589
56.2408,0.7472,3.2174
56.2410,0.73,3.1392
56.2412,0.7738,3.3243
56.2414,0.7983,3.4341
56.2416,0.8143,3.5016
56.2418,0.8206,3.5284
56.2420,0.7604,3.2681
56.2422,0.7917,3.4042
56.2424,0.8393,3.6089
56.2426,0.8848,3.803
56.2428,0.8507,3.6561
56.2430,0.8073,3.4744
56.2432,0.7688,3.3057
56.2434,0.8206,3.5252
56.2436,0.8437,3.6263
56.2438,0.8213,3.5315
56.2440,0.7829,3.3697
56.2442,0.7871,3.3862
56.2444,0.8396,3.6054
56.2446,0.8634,3.7142
56.2448,0.7918,3.3984
56.2450,0.921,3.9549
56.2452,0.8591,3.6974
56.2454,0.7236,3.1215
56.2456,0.6681,2.8767
56.2458,0.7648,3.2841
56.2460,0.8641,3.7225
56.2462,0.6929,2.9863
56.2464,0.6911,2.9772
56.2466,0.6604,2.8489
56.2468,0.6002,2.5893
56.2470,0.5973,2.578
56.2472,0.6038,2.6036
56.2474,0.5765,2.4868
56.2476,0.5807,2.5038
56.2478,0.5642,2.4386
56.2480,0.4833,2.0888
56.2482,0.4713,2.0361
56.2484,0.4738,2.0469
56.2486,0.4763,2.0578
56.2488,0.4759,2.0567
56.2490,0.4774,2.0625
56.2492,0.5197,2.2422
56.2494,0.5761,2.4876
56.2496,0.5064,2.1868
56.2498,0.4802,2.0725
56.2500,0.473,2.0433
56.2502,0.4736,2.045
56.2504,0.4767,2.0584
56.2506,0.4751,2.0526
56.2508,0.4862,2.0993
56.2510,0.5426,2.3421
56.2512,0.5169,2.2308
56.2514,0.4785,2.0652
56.2516,0.4768,2.0589
56.2518,0.4822,2.0803
56.2520,0.5277,2.2795
56.2522,0.4875,2.105
56.2524,0.4763,2.0578
56.2526,0.4723,2.0402
56.2528,0.4696,2.0288
56.2530,0.4711,2.0331
56.2532,0.4666,2.0149
56.2534,0.4715,2.0362
56.2536,0.4759,2.0538
56.2538,0.4702,2.0286
56.2540,0.4658,2.0122
56.2542,0.4662,2.0129
56.2544,0.4669,2.0132
56.2546,0.4901,2.1164
56.2548,0.5078,2.1935
56.2550,0.4628,1.9984
56.2552,0.4533,1.9547
56.2554,0.5069,2.1858
56.2556,0.5685,2.4516
56.2558,0.6093,2.6261
56.2560,0.5904,2.5445
56.2562,0.5791,2.4959
56.2564,0.6472,2.7842
56.2566,0.694,2.9868
56.2568,0.6348,2.7349
56.2570,0.5979,2.5782
56.2572,0.5651,2.4366
56.2574,0.4982,2.1511
56.2576,0.4801,2.0729
56.2578,0.4979,2.1451
56.2580,0.5689,2.4508
56.2582,0.5946,2.5602
56.2584,0.6321,2.7218
56.2586,0.6148,2.6462
56.2588,0.6058,2.6075
56.2590,0.6159,2.6509
56.2592,0.643,2.7713
56.2594,0.6263,2.6958
56.2596,0.6942,2.9767
56.2598,0.8455,3.6255
56.2600,0.8781,3.7689
56.2602,0.8616,3.6996
56.2604,0.8435,3.6286
56.2606,0.7768,3.3403
56.2608,0.7707,3.3124
56.2610,0.7231,3.1093
56.2612,0.7593,3.2574
56.2614,0.8553,3.6728
56.2616,0.8305,3.5679
56.2618,0.8179,3.5122
56.2620,0.8059,3.4591
56.2622,0.774,3.333
56.2624,0.6774,2.9156
56.2626,0.6974,3.0045
56.2628,0.6585,2.8314
56.2630,0.6618,2.8498
56.2632,0.6277,2.7064
56.2634,0.5807,2.498
56.2636,0.6551,2.817
56.2638,0.707,3.0487
56.2640,0.5239,2.2645
56.2642,0.4678,2.0173
56.2644,0.5141,2.2158
56.2646,0.541,2.3316
56.2648,0.5634,2.4305
56.2650,0.5489,2.3635
56.2652,0.5681,2.4461
56.2654,0.599,2.5793
56.2656,0.6633,2.856
56.2658,0.6967,2.9945
56.2660,0.7573,3.2547
56.2662,0.7563,3.2476
56.2664,0.8969,3.8407
56.2666,1.0527,4.5076
56.2668,1.0116,4.3335
56.2670,0.9882,4.2373
56.2672,0.977,4.1836
56.2674,1.0124,4.3371
56.2676,0.9986,4.2801
56.2678,0.8979,3.8538
56.2680,0.9442,4.043
56.2682,1.003,4.3011
56.2684,0.9424,4.0334
56.2686,0.9788,4.2011
56.2688,0.8867,3.8095
56.2690,0.8926,3.8311
56.2692,0.931,3.9958
56.2694,0.8719,3.7404
56.2696,0.9502,4.0743
56.2698,0.9915,4.2537
56.2700,0.9256,3.9745
56.2702,0.8811,3.7835
56.2704,0.8768,3.7667
56.2706,0.9094,3.9086
56.2708,0.8335,3.5841
56.2710,0.8124,3.4885
56.2712,0.855,3.6661
56.2714,0.9436,4.0442
56.2716,0.9825,4.2112
56.2718,0.9972,4.2839
56.2720,0.9068,3.8919
56.2722,0.8654,3.7213
56.2724,0.8294,3.5649
56.2726,0.8292,3.5622
56.2728,0.8432,3.6191
56.2730,0.8257,3.5523
56.2732,0.7829,3.365
56.2734,0.8375,3.6028
56.2736,0.8303,3.5652
56.2738,0.8889,3.817
56.2740,0.9092,3.904
56.2742,0.8918,3.8311
56.2744,0.8515,3.6529
56.2746,0.8984,3.863
56.2748,0.846,3.636
56.2750,0.8563,3.6838
56.2752,0.8185,3.5197
56.2754,0.7776,3.3408
56.2756,0.7779,3.3449
56.2758,0.7993,3.4372
56.2760,0.7942,3.415
56.2762,0.7537,3.2453
56.2764,0.7282,3.1344
56.2766,0.7344,3.1592
56.2768,0.725,3.1219
56.2770,0.7298,3.144
56.2772,0.6723,2.8988
56.2774,0.6407,2.759
56.2776,0.6382,2.7507
56.2778,0.6302,2.7148
56.2780,0.6791,2.9228
56.2782,0.7312,3.1531
56.2784,0.6778,2.9212
56.2786,0.6696,2.8847
56.2788,0.6667,2.871
56.2790,0.6935,2.9833
56.2792,0.7631,3.2861
56.2794,0.7127,3.0659
56.2796,0.7057,3.036
56.2798,0.7577,3.2598
56.2800,0.8268,3.5486
56.2802,0.9619,4.1209
56.2804,0.9577,4.1163
56.2806,0.7822,3.3682
56.2808,0.7093,3.0557
56.2810,0.7104,3.0575
56.2812,0.7472,3.2144
56.2814,0.7641,3.2902
56.2816,0.7146,3.0798
56.2818,0.7164,3.0833
56.2820,0.7037,3.0314
56.2822,0.642,2.7659
56.2824,0.6818,2.9347
56.2826,0.7093,3.0514
56.2828,0.7326,3.1515
56.2830,0.7226,3.1145
56.2832,0.6814,2.9353
56.2834,0.7183,3.093
56.2836,0.723,3.1189
56.2838,0.5814,2.5081
56.2840,0.6036,2.6037
56.2842,0.576,2.4848
56.2844,0.5569,2.4025
56.2846,0.5684,2.4522
56.2848,0.5558,2.399
56.2850,0.5622,2.4242
56.2852,0.5974,2.5762
56.2854,0.5556,2.3957
56.2856,0.5514,2.3765
56.2858,0.557,2.4031
56.2860,0.5459,2.3549
56.2862,0.5496,2.371
56.2864,0.5538,2.3891
56.2866,0.5562,2.4005
56.2868,0.5592,2.4124
56.2870,0.5604,2.4164
56.2872,0.562,2.422
56.2874,0.5627,2.4262
56.2876,0.5639,2.4314
56.2878,0.5594,2.4112
56.2880,0.5614,2.4217
56.2882,0.5671,2.4454
56.2884,0.6327,2.7256
56.2886,0.6112,2.6381
56.2888,0.5325,2.2949
56.2890,0.6453,2.7773
56.2892,0.6714,2.8898
56.2894,0.7068,3.0378
56.2896,0.7249,3.1185
56.2898,0.7509,3.2364
56.2900,0.6474,2.7866
56.2902,0.6721,2.8929
56.2904,0.7218,3.1051
56.2906,0.6966,3.0009
56.2908,0.6006,2.5872
56.2910,0.6072,2.6156
56.2912,0.6202,2.6719
56.2914,0.6262,2.6977
56.2916,0.6332,2.7252
56.2918,0.6623,2.8572
56.2920,0.5492,2.3694
56.2922,0.5296,2.2825
56.2924,0.6251,2.6868
56.2926,0.7824,3.3629
56.2928,0.7585,3.2644
56.2930,0.7177,3.0875
56.2932,0.7208,3.0995
56.2934,0.7118,3.0637
56.2936,0.6265,2.7025
56.2938,0.5347,2.3068
56.2940,0.5233,2.2546
56.2942,0.5814,2.5069
56.2944,0.5271,2.2727
56.2946,0.5325,2.297
56.2948,0.5209,2.2474
56.2950,0.5097,2.2008
56.2952,0.5076,2.191
56.2954,0.5142,2.2194
56.2956,0.5117,2.2065
56.2958,0.5142,2.2174
56.2960,0.5094,2.1987
56.2962,0.4686,2.0232
56.2964,0.4754,2.048
56.2966,0.5459,2.3582
56.2968,0.4309,1.8624
56.2970,0.4192,1.8116
56.2972,0.4207,1.8166
56.2974,0.428,1.8482
56.2976,0.4527,1.9531
56.2978,0.5148,2.2158
56.2980,0.5748,2.4762
56.2982,0.5611,2.4206
56.2984,0.5561,2.39
56.2986,0.7035,3.0295
56.2988,0.664,2.8551
56.2990,0.742,3.1863
56.2992,0.7957,3.4154
56.2994,0.8486,3.6423
56.2996,0.861,3.6936
56.2998,0.8745,3.7499
56.3000,0.9058,3.8859
56.3002,0.8565,3.6763
56.3004,0.8659,3.7147
56.3006,0.8726,3.7452
56.3008,0.9025,3.8661
56.3010,1.0106,4.3254
56.3012,0.9878,4.2318
56.3014,1.0032,4.3016
56.3016,0.9871,4.2307
56.3018,1.0526,4.4987
56.3020,1.1681,4.9903
56.3022,1.1757,5.0249
56.3024,1.1999,5.1308
56.3026,1.1665,4.9971
56.3028,1.0506,4.5052
56.3030,0.9921,4.2583
56.3032,0.9564,4.0973
56.3034,1.084,4.6394
56.3036,1.1267,4.8199
56.3038,1.1307,4.8328
56.3040,1.1828,5.0552
56.3042,1.1534,4.9412
56.3044,1.0526,4.5113
56.3046,1.0613,4.5552
56.3048,0.9993,4.2811
56.3050,1.0092,4.3293
56.3052,1.0189,4.3649
56.3054,1.0636,4.5501
56.3056,1.0988,4.7075
56.3058,1.0475,4.4876
56.3060,0.9972,4.2819
56.3062,0.9611,4.1269
56.3064,0.9251,3.9706
56.3066,0.9126,3.9262
56.3068,0.7957,3.4233
56.3070,0.7834,3.3686
56.3072,0.7963,3.4227
56.3074,0.8401,3.6142
56.3076,0.7963,3.4275
56.3078,0.7603,3.2722
56.3080,0.7487,3.2271
56.3082,0.7025,3.0248
56.3084,0.6809,2.9346
56.3086,0.7012,3.0192
56.3088,0.7324,3.1539
56.3090,0.7683,3.3021
56.3092,0.8495,3.6561
56.3094,0.7553,3.2525
56.3096,0.7028,3.0278
56.3098,0.7306,3.1447
56.3100,0.734,3.1577
56.3102,0.7523,3.2336
56.3104,0.7558,3.2546
56.3106,0.7381,3.1796
56.3108,0.717,3.0916
56.3110,0.6422,2.7664
56.3112,0.6876,2.9608
56.3114,0.722,3.109
56.3116,0.7309,3.1472
56.3118,0.6484,2.7946
56.3120,0.6329,2.7279
56.3122,0.6468,2.7879
56.3124,0.701,3.0186
56.3126,0.6707,2.892
56.3128,0.5687,2.4566
56.3130,0.5328,2.2996
56.3132,0.5564,2.4005
56.3134,0.5677,2.4468
56.3136,0.6208,2.677
56.3138,0.5574,2.4057
56.3140,0.5386,2.3245
56.3142,0.5744,2.4803
56.3144,0.5033,2.1733
56.3146,0.4904,2.1165
56.3148,0.4749,2.0516
56.3150,0.4615,1.9945
56.3152,0.464,2.0045
56.3154,0.4753,2.0503
56.3156,0.4787,2.0682
56.3158,0.4773,2.0629
56.3160,0.469,2.0253
56.3162,0.4879,2.1075
56.3164,0.4868,2.1029
56.3166,0.4678,2.0192
56.3168,0.5038,2.1724
56.3170,0.5604,2.4131
56.3172,0.6127,2.6381
56.3174,0.6304,2.7183
56.3176,0.6407,2.759
56.3178,0.658,2.8333
56.3180,0.5949,2.5641
56.3182,0.6037,2.603
56.3184,0.609,2.6246
56.3186,0.601,2.5869
56.3188,0.6617,2.8453
56.3190,0.7242,3.1212
56.3192,0.7064,3.039
56.3194,0.7517,3.237
56.3196,0.76,3.2666
56.3198,0.7871,3.3846
56.3200,0.776,3.3382
56.3202,0.697,3.0025
56.3204,0.6466,2.783
56.3206,0.7226,3.1029
56.3208,0.8505,3.6573
56.3210,0.7716,3.3181
56.3212,0.8178,3.5117
56.3214,0.868,3.7291
56.3216,0.8426,3.6199
56.3218,0.8809,3.779
56.3220,0.9393,4.0276
56.3222,0.9053,3.8911
56.3224,0.8357,3.5901
56.3226,0.8965,3.844
56.3228,0.9712,4.1604
56.3230,0.949,4.0749
56.3232,0.9559,4.1009
56.3234,0.9544,4.0904
56.3236,0.927,3.9788
56.3238,0.8857,3.8066
56.3240,0.8165,3.5109
56.3242,0.7894,3.3944
56.3244,0.7363,3.1689
56.3246,0.7418,3.1912
56.3248,0.7655,3.2964
56.3250,0.6657,2.8663
56.3252,0.6399,2.7553
56.3254,0.6442,2.7765
56.3256,0.652,2.8075
56.3258,0.7794,3.3485
56.3260,0.9419,4.0295
56.3262,0.9917,4.2621
56.3264,0.8151,3.5031
56.3266,0.799,3.4356
56.3268,0.8021,3.4523
56.3270,0.7459,3.2102
56.3272,0.7848,3.3732
56.3274,0.7762,3.3408
56.3276,0.7448,3.2041
56.3278,0.7919,3.4036
56.3280,0.7781,3.3475
56.3282,0.7348,3.1613
56.3284,0.702,3.0242
56.3286,0.6375,2.7488
56.3288,0.6295,2.7142
56.3290,0.6303,2.7153
56.3292,0.6315,2.7192
56.3294,0.6862,2.9546
56.3296,0.657,2.8305
56.3298,0.5899,2.5412
56.3300,0.5627,2.4285
56.3302,0.5094,2.2008
56.3304,0.5185,2.237
56.3306,0.5482,2.3648
56.3308,0.5501,2.372
56.3310,0.578,2.4924
56.3312,0.5937,2.5601
56.3314,0.636,2.7388
56.3316,0.6501,2.7992
56.3318,0.6134,2.64
56.3320,0.6882,2.9662
56.3322,0.6736,2.8991
56.3324,0.7316,3.1474
56.3326,0.7756,3.3336
56.3328,0.8484,3.6447
56.3330,0.8483,3.6424
56.3332,0.8924,3.8248
56.3334,0.9566,4.104
56.3336,0.9981,4.276
56.3338,1.0343,4.4373
56.3340,0.9429,4.0505
56.3342,0.8888,3.8165
56.3344,0.893,3.8327
56.3346,0.9021,3.8682
56.3348,0.9895,4.237
56.3350,1.0605,4.541
56.3352,1.0752,4.6041
56.3354,1.0958,4.699
56.3356,1.0469,4.483
56.3358,1.0516,4.4988
56.3360,1.0811,4.6358
56.3362,0.963,4.1274
56.3364,1.0262,4.4003
56.3366,1.0365,4.4487
56.3368,1.0357,4.4347
56.3370,1.1014,4.716
56.3372,1.0474,4.4892
56.3374,1.0369,4.4523
56.3376,0.9209,3.9544
56.3378,0.9632,4.1323
56.3380,1.0108,4.3325
56.3382,1.0238,4.3941
56.3384,1.0221,4.3828
56.3386,1.0334,4.4373
56.3388,0.97,4.1611
56.3390,1.0098,4.3299
56.3392,1.0114,4.3371
56.3394,0.9987,4.2826
56.3396,1.0385,4.4574
56.3398,0.9653,4.1507
56.3400,0.8736,3.7546
56.3402,0.9471,4.0629
56.3404,1.0509,4.5062
56.3406,1.0393,4.4584
56.3408,0.9984,4.281
56.3410,1.0225,4.3864
56.3412,1.0596,4.5522
56.3414,0.9746,4.1851
56.3416,0.8933,3.8432
56.3418,0.8285,3.5641
56.3420,0.8704,3.7377
56.3422,0.9972,4.2799
56.3424,1.0176,4.3653
56.3426,1.0273,4.4111
56.3428,0.9599,4.1179
56.3430,1.0196,4.3781
56.3432,1.0178,4.3725
56.3434,0.9108,3.9203
56.3436,0.8189,3.5212
56.3438,0.8402,3.6096
56.3440,0.9425,4.0471
56.3442,1.0283,4.4157
56.3444,0.9769,4.1929
56.3446,0.9613,4.1299
56.3448,0.9766,4.1894
56.3450,1.0487,4.5032
56.3452,0.9373,4.0343
56.3454,0.8346,3.5888
56.3456,0.843,3.6232
56.3458,0.9415,4.043
56.3460,0.9734,4.1838
56.3462,0.9237,3.9681
56.3464,0.96,4.1223
56.3466,0.9626,4.1336
56.3468,0.922,3.9609
56.3470,0.8924,3.839
56.3472,0.8642,3.7196
56.3474,0.773,3.3361
56.3476,0.6015,2.5986
56.3478,0.5832,2.517
56.3480,0.6434,2.7742
56.3482,0.7074,3.0474
56.3484,0.7354,3.1683
56.3486,0.7603,3.2722
56.3488,0.8177,3.5177
56.3490,0.8778,3.7726
56.3492,0.8981,3.8692
56.3494,0.8029,3.4559
56.3496,0.7975,3.4326
56.3498,0.7671,3.3062
56.3500,0.7128,3.0707
56.3502,0.7117,3.0674
56.3504,0.7213,3.1088
56.3506,0.6751,2.9152
56.3508,0.641,2.7664
56.3510,0.6564,2.8292
56.3512,0.6639,2.8586
56.3514,0.7015,3.0263
56.3516,0.6537,2.8186
56.3518,0.6512,2.8078
56.3520,0.6579,2.838
56.3522,0.6532,2.814
56.3524,0.7402,3.1904
56.3526,0.7254,3.1278
56.3528,0.6594,2.8448
56.3530,0.6443,2.7783
56.3532,0.6449,2.7809
56.3534,0.6536,2.8194
56.3536,0.6504,2.806
56.3538,0.6464,2.7897
56.3540,0.6444,2.7827
56.3542,0.6416,2.7677
56.3544,0.6453,2.7812
56.3546,0.6592,2.8424
56.3548,0.6471,2.7902
56.3550,0.6364,2.7455
56.3552,0.641,2.7626
56.3554,0.6611,2.8507
56.3556,0.6898,2.9701
56.3558,0.7853,3.3753
56.3560,0.8824,3.7874
56.3562,0.8827,3.792
56.3564,0.8794,3.7851
56.3566,0.7377,3.181
56.3568,0.6942,2.9906
56.3570,0.7763,3.3429
56.3572,0.7904,3.4017
56.3574,0.8429,3.621
56.3576,0.9104,3.9091
56.3578,0.9305,3.9975
56.3580,0.8653,3.7259
56.3582,0.7137,3.0748
56.3584,0.6997,3.0186
56.3586,0.7043,3.0354
56.3588,0.7342,3.1558
56.3590,0.8634,3.7073
56.3592,0.868,3.7326
56.3594,0.8303,3.5652
56.3596,0.9355,4.0154
56.3598,0.9293,3.9923
56.3600,0.9148,3.9373
56.3602,0.8894,3.8261
56.3604,0.8846,3.7949
56.3606,0.9667,4.1511
56.3608,1.0123,4.3447
56.3610,1.0511,4.5072
56.3612,0.9444,4.0591
56.3614,0.8474,3.6422
56.3616,0.8194,3.5266
56.3618,0.7931,3.412
56.3620,0.865,3.7214
56.3622,0.8382,3.6025
56.3624,0.8497,3.652
56.3626,0.875,3.766
56.3628,0.7564,3.2632
56.3630,0.6707,2.8934
56.3632,0.7119,3.0685
56.3634,0.7276,3.1347
56.3636,0.7368,3.1754
56.3638,0.699,3.0127
56.3640,0.6796,2.9303
56.3642,0.7137,3.0805
56.3644,0.616,2.6551
56.3646,0.694,2.9896
56.3648,0.7461,3.2142
56.3650,0.7579,3.2618
56.3652,0.7402,3.1875
56.3654,0.7116,3.0655
56.3656,0.7392,3.1813
56.3658,0.8123,3.4945
56.3660,0.8426,3.6233
56.3662,0.8358,3.5956
56.3664,0.8105,3.4884
56.3666,0.8737,3.7516
56.3668,1.0047,4.3083
56.3670,0.9903,4.2545
56.3672,0.9254,3.9735
56.3674,0.9055,3.8898
56.3676,0.9884,4.2324
56.3678,1.1481,4.9209
56.3680,1.0671,4.5713
56.3682,1.1577,4.9596
56.3684,1.2032,5.1495
56.3686,1.1954,5.1161
56.3688,1.2179,5.2102
56.3690,1.2029,5.1509
56.3692,1.1786,5.0467
56.3694,1.1815,5.0566
56.3696,1.2925,5.5292
56.3698,1.2994,5.5512
56.3700,1.2972,5.5466
56.3702,1.315,5.623
56.3704,1.3148,5.6325
56.3706,1.2047,5.1634
56.3708,1.1589,4.9764
56.3710,1.0376,4.4595
56.3712,0.9658,4.1508
56.3714,0.9165,3.9335
56.3716,0.9595,4.126
56.3718,0.8766,3.7674
56.3720,0.914,3.9319
56.3722,0.9244,3.9749
56.3724,0.9565,4.1073
56.3726,0.9812,4.2173
56.3728,0.9684,4.1583
56.3730,0.9616,4.1347
56.3732,0.9306,4.0073
56.3734,0.8569,3.6846
56.3736,0.9256,3.9838
56.3738,0.8909,3.8293
56.3740,0.9443,4.0624
56.3742,0.9154,3.9362
56.3744,0.9612,4.1293
56.3746,0.9165,3.9445
56.3748,0.8135,3.4964
56.3750,0.9314,4.0011
56.3752,1.0016,4.2989
56.3754,0.9999,4.3017
56.3756,0.917,3.9374
56.3758,0.9903,4.2565
56.3760,1.0149,4.3581
56.3762,1.0003,4.3013
56.3764,0.9558,4.1042
56.3766,1.0101,4.3395
56.3768,0.9272,3.9942
56.3770,0.8762,3.7712
56.3772,0.9204,3.9561
56.3774,0.924,3.9789
56.3776,0.8365,3.602
56.3778,0.8528,3.6722
56.3780,0.8453,3.6397
56.3782,0.8433,3.6247
56.3784,0.9473,4.0715
56.3786,0.9196,3.9543
56.3788,0.9208,3.9576
56.3790,0.9912,4.2601
56.3792,0.9972,4.2878
56.3794,0.9555,4.1046
56.3796,0.9683,4.1578
56.3798,0.9519,4.093
56.3800,0.9912,4.2641
56.3802,0.9565,4.1131
56.3804,0.9367,4.0336
56.3806,0.8951,3.8509
56.3808,0.9629,4.1365
56.3810,0.9707,4.172
56.3812,0.9854,4.2373
56.3814,0.9604,4.1257
56.3816,1.0099,4.3425
56.3818,0.9129,3.9327
56.3820,0.8417,3.6259
56.3822,0.8328,3.581
56.3824,0.9039,3.8886
56.3826,0.8737,3.7638
56.3828,0.8086,3.4866
56.3830,0.7279,3.143
56.3832,0.653,2.8194
56.3834,0.6574,2.8399
56.3836,0.6749,2.9142
56.3838,0.6774,2.9224
56.3840,0.6782,2.9246
56.3842,0.701,3.0256
56.3844,0.6919,2.9863
56.3846,0.6817,2.941
56.3848,0.7014,3.03
56.3850,0.6486,2.8008
56.3852,0.6772,2.92
56.3854,0.7203,3.1046
56.3856,0.7157,3.0845
56.3858,0.7429,3.2018
56.3860,0.7505,3.2349
56.3862,0.654,2.8215
56.3864,0.6301,2.7206
56.3866,0.6295,2.718
56.3868,0.666,2.8732
56.3870,0.6865,2.9603
56.3872,0.6576,2.841
56.3874,0.5826,2.5179
56.3876,0.5689,2.4577
56.3878,0.592,2.5553
56.3880,0.6532,2.8205
56.3882,0.5869,2.5354
56.3884,0.5809,2.5095
56.3886,0.5875,2.538
56.3888,0.5894,2.5439
56.3890,0.6575,2.8325
56.3892,0.752,3.2411
56.3894,0.7357,3.1708
56.3896,0.7254,3.1292
56.3898,0.6881,2.9698
56.3900,0.6503,2.8107
56.3902,0.5819,2.5148
56.3904,0.5958,2.5689
56.3906,0.6965,3.0032
56.3908,0.7134,3.0747
56.3910,0.6919,2.9822
56.3912,0.6884,2.9699
56.3914,0.6986,3.0139
56.3916,0.6859,2.9563
56.3918,0.7497,3.2297
56.3920,0.7392,3.1784
56.3922,0.8462,3.6422
56.3924,0.8523,3.6668
56.3926,0.8442,3.6334
56.3928,0.814,3.505
56.3930,0.8421,3.628
56.3932,0.7625,3.2896
56.3934,0.7213,3.1059
56.3936,0.7907,3.4048
56.3938,0.7834,3.3764
56.3940,0.7505,3.2349
56.3942,0.7235,3.1181
56.3944,0.7166,3.0872
56.3946,0.7236,3.1171
56.3948,0.7104,3.0603
56.3950,0.6988,3.0172
56.3952,0.6188,2.6719
56.3954,0.6085,2.6249
56.3956,0.6365,2.7422
56.3958,0.6745,2.9099
56.3960,0.6405,2.7656
56.3962,0.6094,2.6291
56.3964,0.5952,2.5735
56.3966,0.5036,2.1774
56.3968,0.4808,2.0779
56.3970,0.4895,2.1148
56.3972,0.4958,2.1427
56.3974,0.5082,2.1966
56.3976,0.5054,2.1801
56.3978,0.573,2.4718
56.3980,0.5931,2.5587
56.3982,0.6907,2.9715
56.3984,0.7882,3.394
56.3986,0.6753,2.9103
56.3988,0.7057,3.0345
56.3990,0.837,3.5974
56.3992,0.878,3.7719
56.3994,0.9067,3.8914
56.3996,1.0394,4.461
56.3998,1.0624,4.5449
56.4000,1.1986,5.13
56.4002,1.1933,5.1122
56.4004,1.1546,4.9417
56.4006,1.1395,4.8793
56.4008,1.1408,4.8849
56.4010,1.1307,4.8463
56.4012,1.108,4.7465
56.4014,1.215,5.1979
56.4016,1.2163,5.2084
56.4018,1.2259,5.247
56.4020,1.2273,5.2477
56.4022,1.2581,5.377
56.4024,1.2419,5.3252
56.4026,1.1026,4.7322
56.4028,1.0572,4.5334
56.4030,1.1617,4.972
56.4032,1.2267,5.2501
56.4034,1.2105,5.1881
56.4036,1.1346,4.8605
56.4038,1.1594,4.9668
56.4040,1.1568,4.9579
56.4042,1.0769,4.6242
56.4044,1.0785,4.618
56.4046,1.1604,4.9733
56.4048,1.143,4.8965
56.4050,1.1613,4.9704
56.4052,1.1836,5.0682
56.4054,1.1818,5.0676
56.4056,1.203,5.1562
56.4058,1.2022,5.1502
56.4060,1.1403,4.8966
56.4062,1.0472,4.4965
56.4064,1.0641,4.5713
56.4066,0.9986,4.29
56.4068,0.99,4.253
56.4070,0.9636,4.1416
56.4072,0.9834,4.2305
56.4074,0.9557,4.1133
56.4076,0.9188,3.947
56.4078,0.9402,4.0392
56.4080,0.9437,4.0541
56.4082,0.943,4.0529
56.4084,0.9215,3.9681
56.4086,0.8575,3.6924
56.4088,0.8914,3.8331
56.4090,0.9445,4.0577
56.4092,0.9689,4.1623
56.4094,0.9746,4.189
56.4096,0.978,4.2054
56.4098,0.9661,4.1543
56.4100,0.9335,4.0178
56.4102,0.8901,3.8346
56.4104,0.901,3.8798
56.4106,0.8689,3.7379
56.4108,0.8732,3.76
56.4110,0.8786,3.7815
56.4112,0.8692,3.7412
56.4114,0.8615,3.7077
56.4116,0.8944,3.8514
56.4118,0.8328,3.591
56.4120,0.7951,3.4287
56.4122,0.7926,3.4083
56.4124,0.9564,4.1068
56.4126,0.9384,4.0409
56.4128,0.8598,3.7022
56.4130,0.8423,3.6268
56.4132,0.8418,3.6264
56.4134,0.7829,3.3775
56.4136,0.7649,3.2984
56.4138,0.7621,3.2875
56.4140,0.6887,2.971
56.4142,0.6922,2.9846
56.4144,0.7243,3.1231
56.4146,0.707,3.0487
56.4148,0.6882,2.973
56.4150,0.6741,2.9106
56.4152,0.6665,2.874
56.4154,0.6828,2.9456
56.4156,0.7039,3.0338
56.4158,0.7551,3.2545
56.4160,0.7762,3.3361
56.4162,0.925,3.9719
56.4164,0.9349,4.024
56.4166,0.8157,3.522
56.4168,0.6496,2.8063
56.4170,0.6305,2.7226
56.4172,0.6424,2.7726
56.4174,0.6677,2.8805
56.4176,0.6737,2.905
56.4178,0.6411,2.7682
56.4180,0.6323,2.7304
56.4182,0.6338,2.7341
56.4184,0.6514,2.814
56.4186,0.6425,2.7744
56.4188,0.6335,2.7305
56.4190,0.7438,3.2029
56.4192,0.8245,3.552
56.4194,0.732,3.1548
56.4196,0.7235,3.1181
56.4198,0.7543,3.2524
56.4200,0.7845,3.3795
56.4202,0.8249,3.5486
56.4204,0.8562,3.6816
56.4206,0.8909,3.8311
56.4208,0.8815,3.7903
56.4210,0.8878,3.8248
56.4212,0.8146,3.5108
56.4214,0.8158,3.5078
56.4216,0.8228,3.5399
56.4218,0.8348,3.5998
56.4220,0.7658,3.2959
56.4222,0.807,3.4718
56.4224,0.8067,3.4719
56.4226,0.8332,3.5859
56.4228,0.8778,3.7796
56.4230,0.8844,3.8027
56.4232,0.8704,3.7464
56.4234,0.8485,3.6554
56.4236,0.8038,3.4627
56.4238,0.7804,3.3589
56.4240,0.8111,3.4942
56.4242,0.8073,3.4777
56.4244,0.8333,3.5881
56.4246,0.8163,3.5131
56.4248,0.8028,3.4586
56.4250,0.8279,3.5649
56.4252,0.8383,3.6047
56.4254,0.8768,3.7702
56.4256,0.975,4.1769
56.4258,1.1163,4.7891
56.4260,1.0631,4.5671
56.4262,0.9702,4.166
56.4264,0.9196,3.958
56.4266,0.8664,3.7271
56.4268,0.8782,3.7799
56.4270,0.8183,3.5236
56.4272,0.8158,3.5094
56.4274,0.8503,3.6597
56.4276,0.8465,3.6449
56.4278,0.82,3.5291
56.4280,0.8099,3.4939
56.4282,0.7362,3.1728
56.4284,0.7119,3.0727
56.4286,0.6227,2.689
56.4288,0.62,2.6746
56.4290,0.6816,2.9418
56.4292,0.6798,2.9368
56.4294,0.6201,2.6739
56.4296,0.6129,2.6478
56.4298,0.5213,2.2531
56.4300,0.518,2.2397
56.4302,0.5212,2.2526
56.4304,0.5213,2.2531
56.4306,0.5232,2.2625
56.4308,0.5184,2.2417
56.4310,0.5586,2.4109
56.4312,0.6002,2.5881
56.4314,0.656,2.8324
56.4316,0.6214,2.6821
56.4318,0.6519,2.8109
56.4320,0.6915,2.976
56.4322,0.7902,3.3981
56.4324,0.8631,3.7098
56.4326,0.9232,3.9624
56.4328,0.9822,4.2137
56.4330,1.0309,4.4163
56.4332,1.0483,4.4971
56.4334,1.022,4.3906
56.4336,0.914,3.9338
56.4338,0.8333,3.5865
56.4340,0.8302,3.5747
56.4342,0.8554,3.6797
56.4344,0.9087,3.9038
56.4346,0.9377,4.0285
56.4348,0.9378,4.0233
56.4350,1.0212,4.3808
56.4352,1.1284,4.8429
56.4354,1.0724,4.6026
56.4356,1.0623,4.5573
56.4358,1.0279,4.4096
56.4360,1.0938,4.686
56.4362,1.1016,4.726
56.4364,1.0317,4.4178
56.4366,1.1583,4.96
56.4368,1.1833,5.0786
56.4370,1.0907,4.6835
56.4372,1.0582,4.5398
56.4374,1.0594,4.547
56.4376,1.0737,4.604
56.4378,1.1035,4.7386
56.4380,1.0069,4.3216
56.4382,0.9882,4.2433
56.4384,0.9681,4.1646
56.4386,0.9442,4.0563
56.4388,0.9784,4.2011
56.4390,0.9809,4.21
56.4392,0.9854,4.2335
56.4394,0.9798,4.2053
56.4396,1.0352,4.4472
56.4398,0.9741,4.1923
56.4400,0.9081,3.9067
56.4402,0.9052,3.8907
56.4404,0.9559,4.1125
56.4406,0.9502,4.0858
56.4408,0.9381,4.0356
56.4410,0.8773,3.7776
56.4412,0.9129,3.9255
56.4414,0.9155,3.9405
56.4416,0.8756,3.7687
56.4418,0.856,3.6857
56.4420,0.8471,3.6424
56.4422,0.9117,3.9149
56.4424,0.9604,4.1239
56.4426,0.9765,4.1929
56.4428,1.0352,4.4451
56.4430,1.0119,4.3493
56.4432,1.0406,4.4725
56.4434,0.9983,4.2886
56.4436,0.9299,4.0043
56.4438,0.8539,3.6718
56.4440,0.9095,3.9074
56.4442,1.0249,4.4009
56.4444,1.0345,4.4441
56.4446,0.9852,4.2403
56.4448,0.8954,3.8556
56.4450,0.9046,3.8935
56.4452,0.9134,3.9276
56.4454,0.9413,4.0496
56.4456,0.843,3.63
56.4458,0.7942,3.4246
56.4460,0.7485,3.2291
56.4462,0.7519,3.2421
56.4464,0.7452,3.2117
56.4466,0.6838,2.9512
56.4468,0.5847,2.5296
56.4470,0.5235,2.2646
56.4472,0.5562,2.4006
56.4474,0.5817,2.5143
56.4476,0.5714,2.4697
56.4478,0.5719,2.4707
56.4480,0.5677,2.4514
56.4482,0.5704,2.4651
56.4484,0.5726,2.4749
56.4486,0.5684,2.4522
56.4488,0.6492,2.8009
56.4490,0.6269,2.7072
56.4492,0.582,2.513
56.4494,0.5912,2.5541
56.4496,0.6272,2.7057
56.4498,0.6834,2.9469
56.4500,0.6614,2.8571
56.4502,0.5945,2.568
56.4504,0.5862,2.5288
56.4506,0.5803,2.5058
56.4508,0.5829,2.516
56.4510,0.6531,2.8174
56.4512,0.6682,2.8839
56.4514,0.624,2.6942
56.4516,0.5666,2.4456
56.4518,0.565,2.4395
56.4520,0.5909,2.5478
56.4522,0.6642,2.8668
56.4524,0.5882,2.5411
56.4526,0.5592,2.4169
56.4528,0.5867,2.5309
56.4530,0.6562,2.8309
56.4532,0.6542,2.8221
56.4534,0.5735,2.4763
56.4536,0.5586,2.4121
56.4538,0.5598,2.4161
56.4540,0.5614,2.4217
56.4542,0.5742,2.4771
56.4544,0.5698,2.4613
56.4546,0.5563,2.4044
56.4548,0.5505,2.3758
56.4550,0.5594,2.4134
56.4552,0.5653,2.4388
56.4554,0.5922,2.5499
56.4556,0.7376,3.1717
56.4558,0.8474,3.644
56.4560,0.8295,3.57
56.4562,0.7579,3.2649
56.4564,0.7459,3.2148
56.4566,0.7491,3.2257
56.4568,0.751,3.234
56.4570,0.7305,3.1399
56.4572,0.7719,3.3238
56.4574,0.7289,3.1414
56.4576,0.7211,3.1064
56.4578,0.7293,3.142
56.4580,0.7172,3.0898
56.4582,0.6913,2.9769
56.4584,0.7263,3.1305
56.4586,0.714,3.0759
56.4588,0.7911,3.3985
56.4590,0.8653,3.7191
56.4592,0.8536,3.6686
56.4594,0.8566,3.69
56.4596,0.8105,3.4852
56.4598,0.8712,3.7426
56.4600,0.8973,3.8621
56.4602,0.7961,3.4233
56.4604,0.7886,3.3956
56.4606,0.758,3.2609
56.4608,0.7997,3.4468
56.4610,0.7648,3.2934
56.4612,0.7618,3.2759
56.4614,0.7828,3.3708
56.4616,0.794,3.4204
56.4618,0.7356,3.1674
56.4620,0.7114,3.0588
56.4622,0.7912,3.4069
56.4624,0.7605,3.2763
56.4626,0.7996,3.4431
56.4628,0.7558,3.2516
56.4630,0.794,3.4156
56.4632,0.8079,3.4803
56.4634,0.6778,2.924
56.4636,0.5592,2.4158
56.4638,0.4935,2.1319
56.4640,0.4959,2.1453
56.4642,0.5147,2.2236
56.4644,0.5525,2.3834
56.4646,0.5765,2.4857
56.4648,0.6277,2.7078
56.4650,0.5919,2.5548
56.4652,0.5981,2.5752
56.4654,0.6931,2.9832
56.4656,0.7361,3.1665
56.4658,0.7917,3.4058
56.4660,0.798,3.4332
56.4662,0.801,3.4461
56.4664,0.7912,3.3974
56.4666,0.9524,4.0837
56.4668,0.9661,4.1486
56.4670,0.9436,4.0499
56.4672,0.95,4.081
56.4674,0.9497,4.0762
56.4676,0.978,4.1957
56.4678,1.0139,4.3535
56.4680,0.9715,4.1679
56.4682,1.0081,4.3207
56.4684,1.0073,4.3212
56.4686,1.0155,4.3567
56.4688,0.9842,4.2283
56.4690,0.9498,4.0824
56.4692,1.0071,4.3146
56.4694,1.0242,4.3978
56.4696,0.9309,3.9954
56.4698,0.9834,4.2168
56.4700,1.0588,4.5423
56.4702,1.0059,4.3236
56.4704,0.8688,3.7375
56.4706,0.8448,3.636
56.4708,0.8384,3.6087
56.4710,0.8078,3.4717
56.4712,0.8627,3.7077
56.4714,0.8771,3.7713
56.4716,0.9088,3.9025
56.4718,0.9231,3.9638
56.4720,0.9591,4.1201
56.4722,0.9955,4.2767
56.4724,0.9369,4.0267
56.4726,0.8512,3.6549
56.4728,0.9093,3.9064
56.4730,0.8914,3.8296
56.4732,0.8864,3.8098
56.4734,0.8558,3.6835
56.4736,0.8748,3.7633
56.4738,0.8635,3.7131
56.4740,0.8592,3.6962
56.4742,0.8587,3.6942
56.4744,0.8576,3.6878
56.4746,0.8335,3.5875
56.4748,0.7913,3.4075
56.4750,0.7864,3.3847
56.4752,0.8322,3.5852
56.4754,0.7809,3.361
56.4756,0.816,3.5122
56.4758,0.8703,3.7425
56.4760,0.8378,3.6111
56.4762,0.735,3.1648
56.4764,0.7992,3.4415
56.4766,0.7586,3.2695
56.4768,0.6997,3.0158
56.4770,0.682,2.9421
56.4772,0.6713,2.896
56.4774,0.6738,2.9042
56.4776,0.6713,2.8933
56.4778,0.6918,2.9831
56.4780,0.6604,2.8516
56.4782,0.5969,2.576
56.4784,0.5852,2.5282
56.4786,0.5809,2.5037
56.4788,0.7563,3.2537
56.4790,0.7527,3.2442
56.4792,0.6682,2.8799
56.4794,0.7128,3.0721
56.4796,0.6945,2.9945
56.4798,0.6633,2.8614
56.4800,0.673,2.9019
56.4802,0.675,2.9107
56.4804,0.6846,2.9466
56.4806,0.7223,3.113
56.4808,0.6793,2.9307
56.4810,0.6323,2.7229
56.4812,0.6841,2.95
56.4814,0.6959,2.9979
56.4816,0.7693,3.3109
56.4818,0.8214,3.5288
56.4820,0.9,3.8626
56.4822,0.9717,4.1801
56.4824,0.789,3.3961
56.4826,0.7205,3.1009
56.4828,0.7169,3.0854
56.4830,0.7081,3.0506
56.4832,0.726,3.1261
56.4834,0.7304,3.1466
56.4836,0.7244,3.1223
56.4838,0.6624,2.8525
56.4840,0.6875,2.9617
56.4842,0.6787,2.9254
56.4844,0.6567,2.8369
56.4846,0.575,2.4818
56.4848,0.5489,2.3712
56.4850,0.529,2.2874
56.4852,0.5326,2.2986
56.4854,0.5912,2.5493
56.4856,0.62,2.6746
56.4858,0.5774,2.4933
56.4860,0.5288,2.2831
56.4862,0.529,2.2852
56.4864,0.5253,2.2692
56.4866,0.5231,2.2588
56.4868,0.5213,2.25
56.4870,0.523,2.2572
56.4872,0.5267,2.2754
56.4874,0.5244,2.2635
56.4876,0.5236,2.2609
56.4878,0.5231,2.2588
56.4880,0.5254,2.2665
56.4882,0.5295,2.2852
56.4884,0.5288,2.2831
56.4886,0.532,2.295
56.4888,0.5889,2.5395
56.4890,0.6249,2.6946
56.4892,0.6665,2.8727
56.4894,0.6612,2.8473
56.4896,0.6508,2.8076
56.4898,0.6226,2.681
56.4900,0.7134,3.0733
56.4902,0.6579,2.8342
56.4904,0.6622,2.8554
56.4906,0.6229,2.6846
56.4908,0.6003,2.585
56.4910,0.6606,2.846
56.4912,0.6555,2.8264
56.4914,0.6715,2.8971
56.4916,0.6187,2.6652
56.4918,0.6578,2.8323
56.4920,0.7064,3.0363
56.4922,0.7868,3.3847
56.4924,0.7076,3.0457
56.4926,0.6551,2.8223
56.4928,0.6479,2.79
56.4930,0.654,2.8189
56.4932,0.6501,2.8019
56.4934,0.5838,2.5184
56.4936,0.5581,2.4066
56.4938,0.6072,2.6193
56.4940,0.5538,2.388
56.4942,0.5605,2.4181
56.4944,0.5578,2.4062
56.4946,0.5455,2.3513
56.4948,0.5961,2.5705
56.4950,0.5538,2.3891
56.4952,0.5512,2.3778
56.4954,0.5572,2.4058
56.4956,0.5156,2.2221
56.4958,0.5618,2.4238
56.4960,0.4963,2.1418
56.4962,0.475,2.0531
56.4964,0.4693,2.0273
56.4966,0.4608,1.9905
56.4968,0.4569,1.9721
56.4970,0.4644,2.0061
56.4972,0.4695,2.0265
56.4974,0.4744,2.0467
56.4976,0.5088,2.1941
56.4978,0.521,2.2453
56.4980,0.5746,2.4729
56.4982,0.643,2.7727
56.4984,0.59,2.5418
56.4986,0.6382,2.7494
56.4988,0.7048,3.0319
56.4990,0.7599,3.2646
56.4992,0.8153,3.4993
56.4994,0.8128,3.4917
56.4996,0.7894,3.396
56.4998,0.8319,3.5703
56.5000,0.9362,4.0143
56.5002,0.9589,4.1139
56.5004,0.9559,4.0972
56.5006,0.9448,4.0475
56.5008,0.9846,4.22
56.5010,1.0122,4.3382
56.5012,0.9904,4.2486
56.5014,0.9737,4.1732
56.5016,0.994,4.2621
56.5018,1.0372,4.4415
56.5020,1.043,4.4682
56.5022,1.1244,4.8102
56.5024,1.13,4.8298
56.5026,1.1857,5.0699
56.5028,1.1158,4.78
56.5030,1.1011,4.7151
56.5032,1.0975,4.7019
56.5034,1.0365,4.4446
56.5036,0.9796,4.2082
56.5038,0.9233,3.9593
56.5040,0.9695,4.1611
56.5042,0.8946,3.8484
56.5044,0.7768,3.3388
56.5046,0.8768,3.7668
56.5048,0.95,4.0734
56.5050,1.0058,4.313
56.5052,0.9715,4.1679
56.5054,0.9788,4.1973
56.5056,1.0208,4.3772
56.5058,0.9043,3.8847
56.5060,0.8848,3.7995
56.5062,0.9841,4.2199
56.5064,1.0184,4.3751
56.5066,0.776,3.3367
56.5068,0.7953,3.4181
56.5070,0.8881,3.8188
56.5072,0.8129,3.4971
56.5074,0.8027,3.4533
56.5076,0.8199,3.5238
56.5078,0.8369,3.6003
56.5080,0.8135,3.4997
56.5082,0.7906,3.3996
56.5084,0.7984,3.4347
56.5086,0.7839,3.3707
56.5088,0.8286,3.5647
56.5090,0.7888,3.3982
56.5092,0.7606,3.2738
56.5094,0.7883,3.393
56.5096,0.7796,3.3491
56.5098,0.8356,3.593
56.5100,0.797,3.4333
56.5102,0.682,2.9407
56.5104,0.6051,2.6105
56.5106,0.6182,2.6632
56.5108,0.6527,2.8172
56.5110,0.6225,2.6855
56.5112,0.6204,2.6762
56.5114,0.623,2.6863
56.5116,0.5898,2.5431
56.5118,0.591,2.5483
56.5120,0.5869,2.5295
56.5122,0.6174,2.6608
56.5124,0.663,2.859
56.5126,0.6187,2.6677
56.5128,0.5749,2.4848
56.5130,0.4759,2.0567
56.5132,0.4937,2.131
56.5134,0.4879,2.1056
56.5136,0.4839,2.0905
56.5138,0.4375,1.8918
56.5140,0.4537,1.96
56.5142,0.5265,2.2712
56.5144,0.5551,2.3937
56.5146,0.5115,2.2106
56.5148,0.4392,1.8982
56.5150,0.4448,1.9225
56.5152,0.4515,1.9515
56.5154,0.4324,1.8669
56.5156,0.434,1.875
56.5158,0.4359,1.8842
56.5160,0.4458,1.9276
56.5162,0.4482,1.9361
56.5164,0.4356,1.8817
56.5166,0.4359,1.8842
56.5168,0.4333,1.871
56.5170,0.4439,1.9184
56.5172,0.4509,1.9471
56.5174,0.4818,2.0802
56.5176,0.462,1.9957
56.5178,0.4376,1.8914
56.5180,0.4447,1.922
56.5182,0.449,1.9407
56.5184,0.4365,1.8868
56.5186,0.4343,1.8743
56.5188,0.432,1.8662
56.5190,0.4479,1.9333
56.5192,0.5133,2.2122
56.5194,0.5358,2.3126
56.5196,0.5207,2.2464
56.5198,0.5624,2.423
56.5200,0.5695,2.4546
56.5202,0.5802,2.4983
56.5204,0.6148,2.645
56.5206,0.6449,2.7771
56.5208,0.6455,2.7822
56.5210,0.6159,2.6534
56.5212,0.6284,2.7096
56.5214,0.5821,2.5089
56.5216,0.5602,2.4132
56.5218,0.5513,2.3772
56.5220,0.5964,2.5656
56.5222,0.7002,3.0081
56.5224,0.6861,2.9542
56.5226,0.6301,2.7168
56.5228,0.6066,2.6094
56.5230,0.6978,2.9992
56.5232,0.7436,3.196
56.5234,0.7635,3.2831
56.5236,0.7472,3.216
56.5238,0.7013,3.0155
56.5240,0.6886,2.965
56.5242,0.6715,2.8877
56.5244,0.7218,3.1037
56.5246,0.6731,2.8997
56.5248,0.6068,2.6153
56.5250,0.6118,2.6334
56.5252,0.69,2.9671
56.5254,0.7004,3.0119
56.5256,0.722,3.109
56.5258,0.6684,2.8729
56.5260,0.7295,3.1367
56.5262,0.7118,3.0652
56.5264,0.669,2.8795
56.5266,0.7116,3.0613
56.5268,0.6429,2.7709
56.5270,0.5793,2.4958
56.5272,0.5761,2.4819
56.5274,0.5678,2.4485
56.5276,0.5699,2.4573
56.5278,0.5346,2.3074
56.5280,0.4827,2.0824
56.5282,0.4816,2.0778
56.5284,0.4756,2.0528
56.5286,0.4849,2.0869
56.5288,0.5954,2.565
56.5290,0.5977,2.5784
56.5292,0.4726,2.0399
56.5294,0.469,2.0281
56.5296,0.3988,1.7235
56.5298,0.3848,1.6637
56.5300,0.3858,1.6668
56.5302,0.3861,1.6671
56.5304,0.3901,1.6854
56.5306,0.3876,1.6738
56.5308,0.3965,1.7105
56.5310,0.4184,1.8052
56.5312,0.4543,1.9607
56.5314,0.5003,2.1574
56.5316,0.55,2.3715
56.5318,0.5021,2.1642
56.5320,0.5163,2.2231
56.5322,0.6374,2.7433
56.5324,0.6662,2.8618
56.5326,0.6876,2.954
56.5328,0.7296,3.1328
56.5330,0.7809,3.3532
56.5332,0.7998,3.4377
56.5334,0.79,3.3876
56.5336,0.8581,3.6761
56.5338,0.9071,3.8862
56.5340,0.9766,4.1836
56.5342,0.9754,4.1746
56.5344,0.9803,4.1956
56.5346,0.9669,4.144
56.5348,0.9462,4.0556
56.5350,0.9615,4.117
56.5352,0.9983,4.2746
56.5354,0.9833,4.2085
56.5356,0.955,4.1007
56.5358,0.8514,3.6525
56.5360,0.945,4.0466
56.5362,0.9974,4.273
56.5364,0.9378,4.0215
56.5366,0.9725,4.1681
56.5368,0.9671,4.1489
56.5370,0.8621,3.7017
56.5372,0.8217,3.5249
56.5374,0.9076,3.8883
56.5376,0.9111,3.9159
56.5378,0.7856,3.3827
56.5380,0.769,3.3022
56.5382,0.7869,3.3805
56.5384,0.7761,3.3372
56.5386,0.778,3.3424
56.5388,0.8491,3.6444
56.5390,0.8805,3.781
56.5392,0.8816,3.7839
56.5394,0.8991,3.859
56.5396,0.8858,3.8001
56.5398,0.9093,3.8991
56.5400,0.9693,4.1639
56.5402,0.8709,3.7398
56.5404,0.8609,3.6948
56.5406,0.8772,3.7631
56.5408,0.896,3.8492
56.5410,0.8785,3.774
56.5412,0.8637,3.7107
56.5414,0.8605,3.695
56.5416,0.8539,3.6701
56.5418,0.8526,3.6662
56.5420,0.8292,3.564
56.5422,0.8235,3.5425
56.5424,0.8436,3.6258
56.5426,0.8351,3.5875
56.5428,0.8496,3.6465
56.5430,0.9424,4.0467
56.5432,0.8893,3.8204
56.5434,0.8196,3.5211
56.5436,0.8079,3.4739
56.5438,0.8191,3.524
56.5440,0.8659,3.7165
56.5442,0.87,3.7409
56.5444,0.7744,3.3316
56.5446,0.7735,3.3259
56.5448,0.7341,3.1612
56.5450,0.687,2.9569
56.5452,0.7313,3.1429
56.5454,0.8322,3.5752
56.5456,0.8889,3.8188
56.5458,0.8884,3.8221
56.5460,0.74,3.188
56.5462,0.6158,2.6516
56.5464,0.6111,2.6376
56.5466,0.5362,2.3152
56.5468,0.5256,2.2676
56.5470,0.5266,2.2707
56.5472,0.5303,2.2899
56.5474,0.5274,2.2774
56.5476,0.5247,2.2624
56.5478,0.5249,2.2655
56.5480,0.5315,2.2929
56.5482,0.5315,2.2929
56.5484,0.5307,2.2904
56.5486,0.5364,2.3131
56.5488,0.5949,2.563
56.5490,0.624,2.6905
56.5492,0.5707,2.4621
56.5494,0.5339,2.3033
56.5496,0.5309,2.2893
56.5498,0.5737,2.4738
56.5500,0.5406,2.3312
56.5502,0.5295,2.2852
56.5504,0.5283,2.279
56.5506,0.5696,2.4574
56.5508,0.535,2.3079
56.5510,0.5288,2.281
56.5512,0.5393,2.3255
56.5514,0.5887,2.5326
56.5516,0.6351,2.7347
56.5518,0.6033,2.6028
56.5520,0.5882,2.5329
56.5522,0.634,2.7301
56.5524,0.6488,2.7936
56.5526,0.6711,2.891
56.5528,0.6455,2.7848
56.5530,0.5495,2.3683
56.5532,0.529,2.2821
56.5534,0.524,2.2603
56.5536,0.5216,2.2489
56.5538,0.5242,2.2603
56.5540,0.5311,2.2914
56.5542,0.543,2.3426
56.5544,0.5313,2.2908
56.5546,0.525,2.2639
56.5548,0.5274,2.2753
56.5550,0.5302,2.2872
56.5552,0.5335,2.2974
56.5554,0.6395,2.7526
56.5556,0.6795,2.9258
56.5558,0.6721,2.8929
56.5560,0.6504,2.7982
56.5562,0.6467,2.7848
56.5564,0.6616,2.8462
56.5566,0.681,2.9311
56.5568,0.7042,3.0293
56.5570,0.6859,2.9536
56.5572,0.669,2.8795
56.5574,0.7013,3.0197
56.5576,0.6699,2.8818
56.5578,0.6756,2.9079
56.5580,0.7058,3.0337
56.5582,0.7787,3.3455
56.5584,0.7636,3.2821
56.5586,0.7809,3.3547
56.5588,0.8245,3.5373
56.5590,0.7858,3.3806
56.5592,0.7655,3.2888
56.5594,0.8242,3.5374
56.5596,0.8323,3.5757
56.5598,0.8213,3.525
56.5600,0.8667,3.7183
56.5602,0.8247,3.5493
56.5604,0.7212,3.1083
56.5606,0.6386,2.751
56.5608,0.6416,2.7639
56.5610,0.6176,2.6594
56.5612,0.6713,2.8853
56.5614,0.6933,2.9879
56.5616,0.6194,2.6696
56.5618,0.6109,2.6329
56.5620,0.6648,2.8614
56.5622,0.7121,3.0676
56.5624,0.6431,2.7655
56.5626,0.6604,2.849
56.5628,0.562,2.4209
56.5630,0.5805,2.5033
56.5632,0.5066,2.1864
56.5634,0.5418,2.3352
56.5636,0.5947,2.5619
56.5638,0.5508,2.3751
56.5640,0.5395,2.3276
56.5642,0.5459,2.3583
56.5644,0.4531,1.9547
56.5646,0.4783,2.0633
56.5648,0.5103,2.1983
56.5650,0.5531,2.3871
56.5652,0.5129,2.2087
56.5654,0.644,2.7704
56.5656,0.746,3.2093
56.5658,0.6923,2.9796
56.5660,0.6428,2.7652
56.5662,0.6949,2.9854
56.5664,0.7308,3.138
56.5666,0.819,3.5103
56.5668,0.8976,3.8541
56.5670,0.8865,3.8014
56.5672,0.9571,4.1004
56.5674,0.9798,4.1975
56.5676,0.9684,4.1487
56.5678,0.9824,4.2088
56.5680,0.9678,4.15
56.5682,0.9149,3.9233
56.5684,0.9899,4.2446
56.5686,0.9762,4.186
56.5688,0.9543,4.09
56.5690,0.9757,4.1742
56.5692,1.0991,4.6998
56.5694,1.0852,4.6446
56.5696,1.0083,4.3218
56.5698,1.0375,4.4383
56.5700,1.1105,4.7551
56.5702,0.9743,4.1875
56.5704,0.8508,3.6584
56.5706,0.8339,3.5791
56.5708,0.8549,3.6691
56.5710,0.8431,3.6288
56.5712,0.6941,2.9888
56.5714,0.7271,3.1278
56.5716,0.7225,3.1111
56.5718,0.7351,3.1653
56.5720,0.7616,3.2733
56.5722,0.8303,3.562
56.5724,0.8956,3.8459
56.5726,0.8513,3.6639
56.5728,0.7542,3.2459
56.5730,0.7313,3.1429
56.5732,0.8034,3.4532
56.5734,0.7612,3.2733
56.5736,0.7943,3.4172
56.5738,0.8008,3.4434
56.5740,0.8006,3.4408
56.5742,0.8298,3.5715
56.5744,0.6905,2.976
56.5746,0.6482,2.7923
56.5748,0.7012,3.0206
56.5750,0.7033,3.0285
56.5752,0.6726,2.8936
56.5754,0.7917,3.3995
56.5756,0.8386,3.6025
56.5758,0.761,3.2768
56.5760,0.6877,2.9655
56.5762,0.6079,2.6224
56.5764,0.5891,2.5388
56.5766,0.5871,2.5318
56.5768,0.5965,2.5721
56.5770,0.6036,2.6026
56.5772,0.6364,2.7391
56.5774,0.7163,3.0785
56.5776,0.7557,3.2556
56.5778,0.6129,2.6429
56.5780,0.5772,2.4888
56.5782,0.5786,2.4974
56.5784,0.5551,2.3948
56.5786,0.5934,2.5539
56.5788,0.6755,2.9101
56.5790,0.6361,2.7414
56.5792,0.5778,2.4903
56.5794,0.5503,2.3708
56.5796,0.6132,2.6452
56.5798,0.5803,2.5034
56.5800,0.5906,2.5456
56.5802,0.6332,2.7277
56.5804,0.6311,2.7177
56.5806,0.6092,2.6257
56.5808,0.6521,2.8081
56.5810,0.6672,2.8718
56.5812,0.6165,2.6597
56.5814,0.5448,2.3514
56.5816,0.543,2.3426
56.5818,0.5632,2.4272
56.5820,0.5841,2.5177
56.5822,0.6099,2.6275
56.5824,0.6381,2.7438
56.5826,0.715,3.0772
56.5828,0.6912,2.9791
56.5830,0.6241,2.691
56.5832,0.5849,2.5208
56.5834,0.5713,2.4646
56.5836,0.5296,2.2825
56.5838,0.5596,2.4117
56.5840,0.5798,2.4979
56.5842,0.6078,2.617
56.5844,0.631,2.7222
56.5846,0.4868,2.1019
56.5848,0.4594,1.9848
56.5850,0.4602,1.9879
56.5852,0.459,1.9809
56.5854,0.4557,1.9669
56.5856,0.4556,1.9664
56.5858,0.4979,2.1451
56.5860,0.5254,2.2665
56.5862,0.4553,1.9658
56.5864,0.4499,1.9443
56.5866,0.4457,1.9261
56.5868,0.4458,1.9249
56.5870,0.4485,1.935
56.5872,0.45,1.9412
56.5874,0.4461,1.9264
56.5876,0.4453,1.9237
56.5878,0.4458,1.9249
56.5880,0.4461,1.9255
56.5882,0.4419,1.9083
56.5884,0.4374,1.8904
56.5886,0.4201,1.8141
56.5888,0.452,1.9482
56.5890,0.4898,2.1129
56.5892,0.5036,2.1704
56.5894,0.5857,2.5209
56.5896,0.6112,2.632
56.5898,0.5916,2.5497
56.5900,0.5923,2.5528
56.5902,0.5755,2.4816
56.5904,0.5019,2.1652
56.5906,0.4871,2.1015
56.5908,0.491,2.1171
56.5910,0.4851,2.0918
56.5912,0.4971,2.1405
56.5914,0.5582,2.4027
56.5916,0.6192,2.6698
56.5918,0.608,2.6144
56.5920,0.6936,2.9797
56.5922,0.726,3.1275
56.5924,0.6146,2.6501
56.5926,0.5881,2.53
56.5928,0.6743,2.8982
56.5930,0.6676,2.8747
56.5932,0.6069,2.6146
56.5934,0.5916,2.5497
56.5936,0.5839,2.5131
56.5938,0.6243,2.6883
56.5940,0.5916,2.5521
56.5942,0.5057,2.1797
56.5944,0.5108,2.1994
56.5946,0.5295,2.282
56.5948,0.4869,2.0995
56.5950,0.5234,2.2588
56.5952,0.4939,2.1285
56.5954,0.5357,2.31
56.5956,0.5041,2.1725
56.5958,0.5403,2.3274
56.5960,0.5569,2.4026
56.5962,0.4103,1.7716
56.5964,0.3716,1.6059
56.5966,0.3701,1.5989
56.5968,0.3705,1.5998
56.5970,0.3879,1.674
56.5972,0.383,1.6544
56.5974,0.374,1.6148
56.5976,0.3779,1.6303
56.5978,0.3981,1.7164
56.5980,0.4446,1.9179
56.5982,0.4774,2.0549
56.5984,0.5247,2.2603
56.5986,0.5059,2.1782
56.5988,0.5692,2.4474
56.5990,0.7147,3.0675
56.5992,0.7831,3.3624
56.5994,0.7705,3.3068
56.5996,0.7846,3.3676
56.5998,0.8004,3.4291
56.6000,0.8683,3.7233
56.6002,0.8871,3.8004
56.6004,1.0033,4.2962
56.6006,0.9982,4.2761
56.6008,1.0185,4.3512
56.6010,1.091,4.6606
56.6012,1.1203,4.786
56.6014,1.1248,4.814
56.6016,1.1047,4.7217
56.6018,1.1432,4.8816
56.6020,1.1694,5.0002
56.6022,1.1531,4.9305
56.6024,1.1069,4.7331
56.6026,1.1131,4.7553
56.6028,1.1311,4.8435
56.6030,1.0122,4.3382
56.6032,0.9597,4.117
56.6034,0.9856,4.2261
56.6036,0.937,4.0179
56.6038,0.8747,3.7488
56.6040,0.9443,4.0455
56.6042,0.9983,4.2786
56.6044,0.9568,4.1008
56.6046,1.033,4.4235
56.6048,1.0525,4.5088
56.6050,1.0471,4.4836
56.6052,0.9779,4.1912
56.6054,1.0088,4.3178
56.6056,1.0935,4.6779
56.6058,1.0954,4.6905
56.6060,1.0203,4.3752
56.6062,0.9769,4.193
56.6064,0.9458,4.0573
56.6066,0.9221,3.9615
56.6068,0.8269,3.5558
56.6070,0.7895,3.3934
56.6072,0.7874,3.381
56.6074,0.8043,3.46
56.6076,0.7476,3.2175
56.6078,0.7576,3.2609
56.6080,0.8052,3.4577
56.6082,0.8179,3.5172
56.6084,0.7253,3.1186
56.6086,0.7666,3.2996
56.6088,0.7441,3.2011
56.6090,0.7375,3.1742
56.6092,0.6971,3.0003
56.6094,0.7458,3.2083
56.6096,0.7706,3.3181
56.6098,0.7706,3.3151
56.6100,0.7757,3.3341
56.6102,0.7605,3.2702
56.6104,0.7425,3.1958
56.6106,0.696,2.9956
56.6108,0.6984,3.0031
56.6110,0.7484,3.2211
56.6112,0.7196,3.1002
56.6114,0.6808,2.9301
56.6116,0.6624,2.8511
56.6118,0.6799,2.9251
56.6120,0.7979,3.4279
56.6122,0.8578,3.6832
56.6124,0.7967,3.4323
56.6126,0.69,2.9753
56.6128,0.5705,2.4622
56.6130,0.5076,2.19
56.6132,0.505,2.1796
56.6134,0.5544,2.3917
56.6136,0.544,2.3456
56.6138,0.5442,2.3478
56.6140,0.5433,2.3414
56.6142,0.5683,2.4494
56.6144,0.5604,2.4198
56.6146,0.5292,2.2852
56.6148,0.5334,2.3012
56.6150,0.5381,2.3203
56.6152,0.582,2.5037
56.6154,0.772,3.3212
56.6156,0.7243,3.1145
56.6158,0.6419,2.7667
56.6160,0.5676,2.4475
56.6162,0.5995,2.5862
56.6164,0.5363,2.3136
56.6166,0.5212,2.2484
56.6168,0.5274,2.2743
56.6170,0.5427,2.341
56.6172,0.5293,2.2815
56.6174,0.5198,2.2412
56.6176,0.521,2.2474
56.6178,0.522,2.2531
56.6180,0.5343,2.3038
56.6182,0.5395,2.3243
56.6184,0.557,2.4031
56.6186,0.6085,2.6189
56.6188,0.6659,2.8714
56.6190,0.5501,2.3709
56.6192,0.5702,2.4577
56.6194,0.5791,2.496
56.6196,0.6194,2.6671
56.6198,0.651,2.8021
56.6200,0.7019,3.0223
56.6202,0.6674,2.8683
56.6204,0.7027,3.0231
56.6206,0.6899,2.9679
56.6208,0.7069,3.0454
56.6210,0.6448,2.7791
56.6212,0.6067,2.6136
56.6214,0.6067,2.6136
56.6216,0.6569,2.8287
56.6218,0.6651,2.8598
56.6220,0.7202,3.0984
56.6222,0.713,3.0675
56.6224,0.728,3.1305
56.6226,0.718,3.0886
56.6228,0.7054,3.0345
56.6230,0.7712,3.313
56.6232,0.7989,3.4352
56.6234,0.6883,2.964
56.6236,0.6558,2.8241
56.6238,0.6468,2.784
56.6240,0.6557,2.8209
56.6242,0.6778,2.9158
56.6244,0.7027,3.0217
56.6246,0.775,3.3248
56.6248,0.8374,3.599
56.6250,0.7787,3.3455
56.6252,0.8647,3.7044
56.6254,0.9651,4.1401
56.6256,0.8394,3.6078
56.6258,0.758,3.2564
56.6260,0.7805,3.3547
56.6262,0.7986,3.431
56.6264,0.87,3.7374
56.6266,0.8627,3.7043
56.6268,0.8182,3.5182
56.6270,0.7277,3.1348
56.6272,0.6331,2.7285
56.6274,0.5759,2.482
56.6276,0.6187,2.6628
56.6278,0.6359,2.7409
56.6280,0.5925,2.555
56.6282,0.575,2.4818
56.6284,0.4969,2.1424
56.6286,0.5461,2.3538
56.6288,0.5513,2.3816
56.6290,0.4195,1.8123
56.6292,0.4092,1.7686
56.6294,0.3929,1.6981
56.6296,0.3874,1.6743
56.6298,0.3895,1.6844
56.6300,0.3925,1.6958
56.6302,0.3909,1.6878
56.6304,0.3904,1.6873
56.6306,0.3857,1.667
56.6308,0.3959,1.7103
56.6310,0.4066,1.7556
56.6312,0.4152,1.7912
56.6314,0.4527,1.954
56.6316,0.5154,2.2236
56.6318,0.523,2.2552
56.6320,0.5307,2.2861
56.6322,0.5554,2.3881
56.6324,0.6581,2.8339
56.6326,0.6596,2.8361
56.6328,0.7142,3.0712
56.6330,0.744,3.1991
56.6332,0.7931,3.4025
56.6334,0.8285,3.5576
56.6336,0.8414,3.6081
56.6338,0.9362,4.0068
56.6340,0.992,4.2459
56.6342,1.0112,4.3341
56.6344,1.0035,4.3032
56.6346,0.9931,4.2565
56.6348,0.9935,4.2521
56.6350,1.0034,4.2987
56.6352,0.9894,4.2406
56.6354,0.9694,4.1547
56.6356,1.0009,4.2879
56.6358,0.9914,4.2493
56.6360,1.0268,4.4009
56.6362,1.0302,4.4112
56.6364,1.0515,4.5025
56.6366,1.0393,4.4502
56.6368,0.9544,4.0943
56.6370,0.9265,3.9763
56.6372,0.9164,3.9331
56.6374,0.9043,3.8793
56.6376,0.9492,4.0741
56.6378,0.9082,3.9036
56.6380,0.7823,3.3656
56.6382,0.6986,3.0084
56.6384,0.6785,2.9176
56.6386,0.6971,3.0003
56.6388,0.7232,3.1113
56.6390,0.7471,3.211
56.6392,0.8472,3.6362
56.6394,0.8763,3.7647
56.6396,0.8063,3.4639
56.6398,0.8365,3.5921
56.6400,0.8533,3.6624
56.6402,0.8224,3.5313
56.6404,0.8104,3.4879
56.6406,0.7732,3.3233
56.6408,0.857,3.6801
56.6410,0.839,3.6079
56.6412,0.7628,3.2831
56.6414,0.7471,3.214
56.6416,0.7138,3.0734
56.6418,0.7217,3.1046
56.6420,0.7938,3.4135
56.6422,0.846,3.6361
56.6424,0.813,3.4977
56.6426,0.7787,3.3501
56.6428,0.8113,3.4856
56.6430,0.8184,3.5176
56.6432,0.7386,3.1788
56.6434,0.6883,2.9653
56.6436,0.7014,3.0202
56.6438,0.71,3.0546
56.6440,0.7302,3.1412
56.6442,0.7763,3.3383
56.6444,0.7497,3.2253
56.6446,0.7659,3.2919
56.6448,0.7695,3.3089
56.6450,0.7159,3.087
56.6452,0.6733,2.89
56.6454,0.8108,3.4927
56.6456,0.6436,2.7778
56.6458,0.5261,2.2718
56.6460,0.5013,2.1626
56.6462,0.5183,2.2371
56.6464,0.4857,2.0963
56.6466,0.4948,2.1346
56.6468,0.4478,1.9373
56.6470,0.399,1.7254
56.6472,0.4413,1.9075
56.6474,0.4332,1.8714
56.6476,0.4304,1.8595
56.6478,0.4328,1.869
56.6480,0.4336,1.8729
56.6482,0.4328,1.8698
56.6484,0.4322,1.8672
56.6486,0.4324,1.8669
56.6488,0.4345,1.878
56.6490,0.4394,1.8983
56.6492,0.4472,1.932
56.6494,0.4351,1.8788
56.6496,0.4337,1.8735
56.6498,0.4336,1.8738
56.6500,0.4364,1.8836
56.6502,0.4749,2.0469
56.6504,0.5223,2.2521
56.6506,0.4993,2.1558
56.6508,0.4525,1.953
56.6510,0.45,1.943
56.6512,0.4482,1.9343
56.6514,0.4535,1.9571
56.6516,0.4477,1.9341
56.6518,0.4418,1.9078
56.6520,0.4467,1.9281
56.6522,0.4476,1.9309
56.6524,0.4771,2.0562
56.6526,0.5266,2.2717
56.6528,0.5139,2.2189
56.6530,0.4698,2.0275
56.6532,0.4634,1.9991
56.6534,0.4596,1.9835
56.6536,0.4549,1.9633
56.6538,0.4575,1.9729
56.6540,0.4639,1.9993
56.6542,0.4723,2.0393
56.6544,0.4578,1.9767
56.6546,0.4538,1.9578
56.6548,0.4778,2.0602
56.6550,0.5285,2.2779
56.6552,0.5581,2.4011
56.6554,0.6501,2.798
56.6556,0.5793,2.4958
56.6558,0.5651,2.4332
56.6560,0.6171,2.6573
56.6562,0.638,2.7446
56.6564,0.6762,2.9078
56.6566,0.7138,3.0691
56.6568,0.6455,2.7822
56.6570,0.5653,2.4354
56.6572,0.5572,2.3992
56.6574,0.5891,2.5377
56.6576,0.5431,2.342
56.6578,0.5469,2.3569
56.6580,0.5995,2.5778
56.6582,0.6819,2.932
56.6584,0.6893,2.964
56.6586,0.7008,3.0149
56.6588,0.669,2.8808
56.6590,0.5903,2.5417
56.6592,0.6154,2.6525
56.6594,0.5755,2.4782
56.6596,0.5645,2.4318
56.6598,0.6262,2.694
56.6600,0.6772,2.9119
56.6602,0.6789,2.9164
56.6604,0.7093,3.0444
56.6606,0.7483,3.2221
56.6608,0.6441,2.7735
56.6610,0.6358,2.7353
56.6612,0.7109,3.0525
56.6614,0.757,3.2507
56.6616,0.7069,3.0412
56.6618,0.6756,2.9065
56.6620,0.6557,2.8209
56.6622,0.5918,2.5495
56.6624,0.5418,2.3363
56.6626,0.5497,2.3661
56.6628,0.6052,2.6074
56.6630,0.5557,2.3941
56.6632,0.5887,2.5349
56.6634,0.634,2.7288
56.6636,0.6175,2.6588
56.6638,0.568,2.4479
56.6640,0.5777,2.4921
56.6642,0.4676,2.0182
56.6644,0.4295,1.8519
56.6646,0.5176,2.2298
56.6648,0.5899,2.5366
56.6650,0.698,2.9974
56.6652,0.7298,3.1368
56.6654,0.6992,3.0054
56.6656,0.6941,2.9832
56.6658,0.6886,2.9622
56.6660,0.6632,2.8555
56.6662,0.6351,2.7309
56.6664,0.7156,3.074
56.6666,0.769,3.2991
56.6668,0.8642,3.7041
56.6670,0.9031,3.8706
56.6672,0.9009,3.8649
56.6674,0.8266,3.5493
56.6676,0.8148,3.5005
56.6678,0.8141,3.4942
56.6680,0.8157,3.5057
56.6682,0.7726,3.3192
56.6684,0.7779,3.3419
56.6686,0.8074,3.4669
56.6688,0.8226,3.5274
56.6690,0.891,3.8187
56.6692,0.8948,3.8405
56.6694,0.9076,3.8937
56.6696,0.9468,4.0562
56.6698,0.9167,3.931
56.6700,0.9091,3.9035
56.6702,0.8262,3.5478
56.6704,0.8184,3.5127
56.6706,0.8146,3.4995
56.6708,0.8109,3.4851
56.6710,0.8012,3.4386
56.6712,0.8121,3.4903
56.6714,0.7542,3.2384
56.6716,0.7911,3.4001
56.6718,0.7977,3.4237
56.6720,0.8073,3.4632
56.6722,0.8498,3.6492
56.6724,0.834,3.5779
56.6726,0.8947,3.84
56.6728,0.8706,3.7348
56.6730,0.8283,3.5598
56.6732,0.7956,3.4181
56.6734,0.8091,3.4774
56.6736,0.7781,3.3429
56.6738,0.7827,3.3656
56.6740,0.7861,3.3785
56.6742,0.8184,3.5143
56.6744,0.8187,3.5203
56.6746,0.7266,3.1214
56.6748,0.7699,3.3073
56.6750,0.7605,3.2702
56.6752,0.7622,3.2774
56.6754,0.7973,3.4253
56.6756,0.7821,3.3614
56.6758,0.7849,3.3733
56.6760,0.8102,3.4788
56.6762,0.8442,3.625
56.6764,0.8203,3.5258
56.6766,0.7653,3.2862
56.6768,0.8148,3.5005
56.6770,0.8157,3.5139
56.6772,0.7009,3.0182
56.6774,0.6713,2.8866
56.6776,0.742,3.1908
56.6778,0.7496,3.2278
56.6780,0.6821,2.9371
56.6782,0.6762,2.9091
56.6784,0.6799,2.9278
56.6786,0.6918,2.9817
56.6788,0.6668,2.8737
56.6790,0.6256,2.6915
56.6792,0.7078,3.0448
56.6794,0.718,3.0929
56.6796,0.6743,2.905
56.6798,0.6368,2.7395
56.6800,0.6939,2.9892
56.6802,0.671,2.8918
56.6804,0.7092,3.0524
56.6806,0.7334,3.1552
56.6808,0.6759,2.913
56.6810,0.6122,2.6374
56.6812,0.6795,2.9204
56.6814,0.7182,3.0911
56.6816,0.669,2.8782
56.6818,0.735,3.1619
56.6820,0.7573,3.2548
56.6822,0.7856,3.3749
56.6824,0.7957,3.4166
56.6826,0.8024,3.4502
56.6828,0.7716,3.3131
56.6830,0.896,3.8457
56.6832,0.9356,4.0118
56.6834,0.9507,4.0842
56.6836,0.855,3.6697
56.6838,0.8441,3.6279
56.6840,0.7405,3.1886
56.6842,0.6133,2.6457
56.6844,0.5917,2.5491
56.6846,0.6336,2.7281
56.6848,0.6526,2.8128
56.6850,0.6612,2.8473
56.6852,0.6947,2.9928
56.6854,0.6589,2.8397
56.6856,0.6132,2.6415
56.6858,0.6142,2.6462
56.6860,0.6114,2.6326
56.6862,0.6378,2.7423
56.6864,0.6858,2.9546
56.6866,0.6518,2.8066
56.6868,0.7026,3.0212
56.6870,0.7096,3.0554
56.6872,0.6626,2.8557
56.6874,0.6243,2.6883
56.6876,0.6214,2.6747
56.6878,0.6393,2.7529
56.6880,0.6981,3.0058
56.6882,0.6976,3.001
56.6884,0.7073,3.0456
56.6886,0.6559,2.8241
56.6888,0.6389,2.7513
56.6890,0.6515,2.799
56.6892,0.7659,3.2935
56.6894,0.7629,3.2791
56.6896,0.7683,3.3022
56.6898,0.7714,3.3203
56.6900,0.7086,3.0499
56.6902,0.6798,2.9274
56.6904,0.6758,2.9085
56.6906,0.6916,2.9724
56.6908,0.8011,3.4413
56.6910,0.8068,3.4677
56.6912,0.7443,3.2007
56.6914,0.7363,3.1691
56.6916,0.7374,3.1708
56.6918,0.7717,3.3198
56.6920,0.7572,3.2528
56.6922,0.7803,3.3538
56.6924,0.7648,3.2904
56.6926,0.7188,3.0909
56.6928,0.7642,3.2832
56.6930,0.8182,3.515
56.6932,0.8182,3.5166
56.6934,0.781,3.3537
56.6936,0.8056,3.4641
56.6938,0.8166,3.5067
56.6940,0.8256,3.5453
56.6942,0.8421,3.6108
56.6944,0.9201,3.9565
56.6946,0.8237,3.5387
56.6948,0.8477,3.6434
56.6950,0.802,3.4503
56.6952,0.7617,3.2769
56.6954,0.7322,3.1486
56.6956,0.7261,3.1267
56.6958,0.6765,2.921
56.6960,0.5801,2.5025
56.6962,0.567,2.4449
56.6964,0.5854,2.5205
56.6966,0.6466,2.7844
56.6968,0.6529,2.8112
56.6970,0.5867,2.5262
56.6972,0.6069,2.6183
56.6974,0.574,2.4761
56.6976,0.5083,2.1916
56.6978,0.5617,2.4222
56.6980,0.5924,2.5522
56.6982,0.6836,2.9447
56.6984,0.6153,2.6508
56.6986,0.6108,2.63
56.6988,0.6454,2.7727
56.6990,0.7237,3.1149
56.6992,0.7025,3.0221
56.6994,0.7153,3.0802
56.6996,0.7365,3.1627
56.6998,0.8445,3.6227
56.7000,0.9008,3.8663
56.7002,0.9391,4.0211
56.7004,1.023,4.3764
56.7006,1.0941,4.6849
56.7008,1.0867,4.6531
56.7010,1.108,4.7445
56.7012,1.1349,4.8504
56.7014,1.1656,4.9839
56.7016,1.1376,4.8735
56.7018,1.0273,4.403
56.7020,0.9633,4.1286
56.7022,1.0416,4.4579
56.7024,1.1544,4.9385
56.7026,1.1591,4.9632
56.7028,1.1406,4.8795
56.7030,1.1326,4.8474
56.7032,1.1207,4.7966
56.7034,1.1497,4.9139
56.7036,1.1891,5.0891
56.7038,1.0911,4.6852
56.7040,0.9405,4.0441
56.7042,0.8351,3.591
56.7044,0.7943,3.4157
56.7046,0.7803,3.3585
56.7048,0.8099,3.4843
56.7050,0.8027,3.4534
56.7052,0.8656,3.7202
56.7054,0.8976,3.8542
56.7056,0.8922,3.8346
56.7058,0.8532,3.6654
56.7060,0.8795,3.78
56.7062,0.8912,3.8287
56.7064,0.9138,3.9255
56.7066,0.9184,3.9456
56.7068,0.8937,3.8395
56.7070,0.9001,3.8722
56.7072,0.8447,3.6373
56.7074,0.7747,3.3296
56.7076,0.8451,3.627
56.7078,0.8662,3.7245
56.7080,0.8642,3.7145
56.7082,0.8636,3.7102
56.7084,0.8642,3.718
56.7086,0.8094,3.4822
56.7088,0.8183,3.5237
56.7090,0.7467,3.2184
56.7092,0.7559,3.2532
56.7094,0.7826,3.3667
56.7096,0.7309,3.1502
56.7098,0.671,2.8905
56.7100,0.706,3.0427
56.7102,0.6749,2.9103
56.7104,0.6701,2.8869
56.7106,0.6742,2.9085
56.7108,0.6268,2.7042
56.7110,0.6026,2.5985
56.7112,0.6035,2.6009
56.7114,0.619,2.6681
56.7116,0.631,2.721
56.7118,0.7039,3.034
56.7120,0.7087,3.0546
56.7122,0.6174,2.667
56.7124,0.5286,2.2858
56.7126,0.4436,1.9174
56.7128,0.4318,1.8661
56.7130,0.456,1.9689
56.7132,0.4866,2.1029
56.7134,0.4724,2.0427
56.7136,0.4719,2.0387
56.7138,0.4939,2.1335
56.7140,0.5005,2.162
56.7142,0.4852,2.0953
56.7144,0.482,2.0813
56.7146,0.4906,2.1166
56.7148,0.5294,2.2868
56.7150,0.4819,2.0808
56.7152,0.4861,2.0979
56.7154,0.503,2.1719
56.7156,0.5226,2.2557
56.7158,0.5639,2.4349
56.7160,0.4825,2.0843
56.7162,0.4943,2.1306
56.7164,0.5943,2.5616
56.7166,0.5987,2.5802
56.7168,0.5744,2.477
56.7170,0.5863,2.5258
56.7172,0.6328,2.7288
56.7174,0.5947,2.5656
56.7176,0.5613,2.4201
56.7178,0.5637,2.4316
56.7180,0.5553,2.3943
56.7182,0.5515,2.3771
56.7184,0.5483,2.3632
56.7186,0.5581,2.4078
56.7188,0.5722,2.466
56.7190,0.621,2.6751
56.7192,0.6242,2.6853
56.7194,0.7012,3.0165
56.7196,0.7231,3.1123
56.7198,0.6893,2.9668
56.7200,0.6978,3.0006
56.7202,0.7266,3.1244
56.7204,0.7085,3.0508
56.7206,0.7017,3.0213
56.7208,0.7199,3.0998
56.7210,0.671,2.8905
56.7212,0.6447,2.7748
56.7214,0.6449,2.7771
56.7216,0.6735,2.8987
56.7218,0.6756,2.9079
56.7220,0.7042,3.0336
56.7222,0.6729,2.8934
56.7224,0.7635,3.2816
56.7226,0.8228,3.5346
56.7228,0.853,3.661
56.7230,0.8515,3.6565
56.7232,0.7942,3.4136
56.7234,0.7356,3.1674
56.7236,0.6868,2.9546
56.7238,0.7669,3.2961
56.7240,0.8472,3.6396
56.7242,0.824,3.5397
56.7244,0.8026,3.4448
56.7246,0.8033,3.4591
56.7248,0.6867,2.9513
56.7250,0.7877,3.3873
56.7252,0.7645,3.2888
56.7254,0.7724,3.3244
56.7256,0.7905,3.396
56.7258,0.8019,3.4433
56.7260,0.8412,3.6105
56.7262,0.7887,3.3899
56.7264,0.8139,3.4981
56.7266,0.7773,3.3425
56.7268,0.7865,3.3853
56.7270,0.785,3.3739
56.7272,0.7756,3.3368
56.7274,0.7316,3.1519
56.7276,0.6931,2.9833
56.7278,0.7023,3.0211
56.7280,0.6987,3.0112
56.7282,0.6852,2.9506
56.7284,0.6612,2.85
56.7286,0.6369,2.7425
56.7288,0.65,2.7988
56.7290,0.6433,2.7725
56.7292,0.6699,2.8818
56.7294,0.6611,2.8521
56.7296,0.5543,2.3912
56.7298,0.5433,2.3415
56.7300,0.5848,2.5226
56.7302,0.5573,2.4053
56.7304,0.5334,2.298
56.7306,0.5473,2.3602
56.7308,0.5328,2.2987
56.7310,0.5845,2.5181
56.7312,0.6175,2.6577
56.7314,0.6671,2.8713
56.7316,0.708,3.0501
56.7318,0.6585,2.8355
56.7320,0.6945,2.989
56.7322,0.7676,3.2976
56.7324,0.8182,3.5166
56.7326,0.7706,3.312
56.7328,0.8289,3.5575
56.7330,0.8682,3.728
56.7332,0.9024,3.8748
56.7334,0.9561,4.0997
56.7336,0.9491,4.068
56.7338,0.9924,4.2495
56.7340,1.0239,4.3886
56.7342,1.0169,4.3543
56.7344,1.0476,4.4878
56.7346,1.0176,4.3614
56.7348,0.9898,4.2461
56.7350,1.0561,4.5243
56.7352,1.0795,4.6158
56.7354,1.1404,4.8785
56.7356,1.1403,4.8689
56.7358,1.1947,5.1037
56.7360,1.1942,5.1112
56.7362,1.203,5.1535
56.7364,1.0939,4.6882
56.7366,1.0352,4.4411
56.7368,0.9616,4.1272
56.7370,0.9393,4.0315
56.7372,0.9615,4.1209
56.7374,1.0038,4.3124
56.7376,0.8931,3.8351
56.7378,0.9297,3.9922
56.7380,1,4.2859
56.7382,1.1033,4.7222
56.7384,1.1503,4.9211
56.7386,1.1075,4.7402
56.7388,1.107,4.7426
56.7390,1.0801,4.6291
56.7392,1.0543,4.525
56.7394,1.0333,4.4287
56.7396,1.1122,4.7602
56.7398,1.1377,4.8786
56.7400,1.0662,4.5759
56.7402,0.985,4.2256
56.7404,1.0087,4.3254
56.7406,1.0401,4.4663
56.7408,0.9903,4.2541
56.7410,0.9629,4.1309
56.7412,1.0048,4.3084
56.7414,1.0299,4.4226
56.7416,0.9512,4.0881
56.7418,0.877,3.7691
56.7420,0.8816,3.7857
56.7422,0.9834,4.2228
56.7424,1.0037,4.3078
56.7426,1.0163,4.3639
56.7428,0.9575,4.1212
56.7430,0.8334,3.5787
56.7432,0.9279,3.9863
56.7434,0.9296,3.9935
56.7436,0.9237,3.9683
56.7438,0.8975,3.8591
56.7440,0.9008,3.8735
56.7442,0.9313,3.9989
56.7444,0.9813,4.2057
56.7446,1.1091,4.7557
56.7448,1.0573,4.5357
56.7450,1.0121,4.3459
56.7452,0.9364,4.0285
56.7454,0.867,3.7316
56.7456,0.8289,3.5675
56.7458,0.868,3.7305
56.7460,0.8634,3.7213
56.7462,0.7494,3.2283
56.7464,0.7431,3.2044
56.7466,0.6948,2.9919
56.7468,0.7346,3.1721
56.7470,0.6567,2.833
56.7472,0.6354,2.7396
56.7474,0.6531,2.8175
56.7476,0.6339,2.736
56.7478,0.6387,2.7554
56.7480,0.6383,2.7487
56.7482,0.6863,2.9635
56.7484,0.5604,2.4221
56.7486,0.5339,2.3054
56.7488,0.529,2.2832
56.7490,0.5834,2.5204
56.7492,0.569,2.4583
56.7494,0.5658,2.4409
56.7496,0.5643,2.4364
56.7498,0.5646,2.438
56.7500,0.5643,2.4364
56.7502,0.5633,2.4334
56.7504,0.5647,2.4396
56.7506,0.569,2.456
56.7508,0.5668,2.4462
56.7510,0.5652,2.4406
56.7512,0.5626,2.4281
56.7514,0.5786,2.4939
56.7516,0.6457,2.7841
56.7518,0.6284,2.7134
56.7520,0.5707,2.4633
56.7522,0.5615,2.4245
56.7524,0.5662,2.4436
56.7526,0.5747,2.4803
56.7528,0.6119,2.6383
56.7530,0.5767,2.488
56.7532,0.5562,2.4006
56.7534,0.561,2.4225
56.7536,0.5759,2.4844
56.7538,0.5726,2.4704
56.7540,0.5659,2.4437
56.7542,0.5616,2.4239
56.7544,0.5743,2.4765
56.7546,0.5818,2.5097
56.7548,0.6127,2.6407
56.7550,0.6682,2.8733
56.7552,0.7145,3.0751
56.7554,0.7513,3.2336
56.7556,0.7656,3.2935
56.7558,0.787,3.3842
56.7560,0.8099,3.4843
56.7562,0.8011,3.4509
56.7564,0.6449,2.7797
56.7566,0.6368,2.7433
56.7568,0.7461,3.2099
56.7570,0.7644,3.2883
56.7572,0.7071,3.046
56.7574,0.6963,2.9953
56.7576,0.7666,3.3012
56.7578,0.6905,2.9747
56.7580,0.6801,2.9257
56.7582,0.76,3.2728
56.7584,0.7435,3.2015
56.7586,0.6985,3.0051
56.7588,0.7446,3.2047
56.7590,0.7615,3.2713
56.7592,0.7821,3.3615
56.7594,0.8213,3.53
56.7596,0.8118,3.4942
56.7598,0.8228,3.5329
56.7600,0.8647,3.7218
56.7602,0.7737,3.3332
56.7604,0.7206,3.1043
56.7606,0.6964,3
56.7608,0.7283,3.133
56.7610,0.7762,3.3425
56.7612,0.6957,2.9927
56.7614,0.7717,3.3167
56.7616,0.8397,3.6089
56.7618,0.8364,3.6
56.7620,0.782,3.3641
56.7622,0.7838,3.3687
56.7624,0.7937,3.4099
56.7626,0.8491,3.6462
56.7628,0.8584,3.6875
56.7630,0.8029,3.4587
56.7632,0.7283,3.1403
56.7634,0.6345,2.7348
56.7636,0.6945,2.9876
56.7638,0.7539,3.2464
56.7640,0.6766,2.9202
56.7642,0.5563,2.4
56.7644,0.5964,2.5692
56.7646,0.6514,2.805
56.7648,0.7328,3.1512
56.7650,0.8536,3.6704
56.7652,0.7645,3.2873
56.7654,0.8023,3.4481
56.7656,0.8599,3.6925
56.7658,0.8656,3.715
56.7660,0.9302,3.9942
56.7662,0.9807,4.209
56.7664,0.9586,4.1182
56.7666,0.9521,4.0846
56.7668,0.9996,4.2883
56.7670,1.0357,4.4411
56.7672,1.0433,4.4693
56.7674,1.1094,4.7528
56.7676,1.0672,4.5699
56.7678,1.1121,4.7708
56.7680,1.0634,4.5662
56.7682,0.9953,4.2638
56.7684,1.0603,4.5465
56.7686,1.0199,4.3712
56.7688,0.9845,4.2275
56.7690,0.9034,3.8848
56.7692,0.8909,3.8289
56.7694,0.8726,3.7541
56.7696,0.7965,3.4297
56.7698,0.791,3.4028
56.7700,0.8289,3.5608
56.7702,0.8859,3.806
56.7704,0.896,3.8475
56.7706,0.909,3.9049
56.7708,0.9305,3.9939
56.7710,0.9975,4.2831
56.7712,0.973,4.1761
56.7714,0.9299,3.9988
56.7716,0.8982,3.8621
56.7718,0.8594,3.6973
56.7720,0.8608,3.6944
56.7722,0.9417,4.0474
56.7724,0.8966,3.8572
56.7726,0.8856,3.8062
56.7728,0.8768,3.7704
56.7730,0.8802,3.7866
56.7732,0.8802,3.7813
56.7734,0.8201,3.5314
56.7736,0.7912,3.4086
56.7738,0.7683,3.3099
56.7740,0.7337,3.1636
56.7742,0.6779,2.9218
56.7744,0.7381,3.1812
56.7746,0.7105,3.0595
56.7748,0.7415,3.1898
56.7750,0.7304,3.1482
56.7752,0.6659,2.8728
56.7754,0.6569,2.8353
56.7756,0.6618,2.8539
56.7758,0.6931,2.9847
56.7760,0.7545,3.246
56.7762,0.8196,3.5244
56.7764,0.8404,3.6153
56.7766,0.8612,3.7033
56.7768,0.8264,3.5533
56.7770,0.8279,3.565
56.7772,0.8234,3.5437
56.7774,0.8557,3.6779
56.7776,0.8356,3.598
56.7778,0.7454,3.2113
56.7780,0.7561,3.2557
56.7782,0.7148,3.0824
56.7784,0.6259,2.7025
56.7786,0.5838,2.522
56.7788,0.5834,2.5193
56.7790,0.5417,2.3391
56.7792,0.5435,2.3469
56.7794,0.5633,2.4323
56.7796,0.5801,2.5001
56.7798,0.6367,2.7428
56.7800,0.6417,2.7683
56.7802,0.6503,2.8043
56.7804,0.6307,2.7233
56.7806,0.5695,2.4558
56.7808,0.5672,2.4494
56.7810,0.5808,2.5067
56.7812,0.6097,2.6278
56.7814,0.6525,2.807
56.7816,0.7422,3.1958
56.7818,0.7116,3.0699
56.7820,0.6089,2.6302
56.7822,0.4991,2.1563
56.7824,0.4786,2.0687
56.7826,0.5023,2.1678
56.7828,0.5327,2.3013
56.7830,0.4798,2.072
56.7832,0.4991,2.1543
56.7834,0.559,2.4103
56.7836,0.5406,2.3355
56.7838,0.5156,2.2262
56.7840,0.5598,2.415
56.7842,0.5738,2.4756
56.7844,0.5696,2.4575
56.7846,0.5822,2.5118
56.7848,0.5641,2.437
56.7850,0.4983,2.1507
56.7852,0.4868,2.102
56.7854,0.4918,2.1257
56.7856,0.4945,2.1341
56.7858,0.5417,2.3359
56.7860,0.5774,2.4899
56.7862,0.5802,2.5018
56.7864,0.6148,2.6475
56.7866,0.6897,2.9669
56.7868,0.762,3.2795
56.7870,0.635,2.7406
56.7872,0.4897,2.1144
56.7874,0.4842,2.0916
56.7876,0.4816,2.0797
56.7878,0.4813,2.0762
56.7880,0.5038,2.1745
56.7882,0.5772,2.4889
56.7884,0.5497,2.3683
56.7886,0.5783,2.4912
56.7888,0.5906,2.5444
56.7890,0.6338,2.7291
56.7892,0.7012,3.0179
56.7894,0.7165,3.0839
56.7896,0.6524,2.8131
56.7898,0.5995,2.5851
56.7900,0.5885,2.5387
56.7902,0.5887,2.5385
56.7904,0.6228,2.6804
56.7906,0.7791,3.3486
56.7908,0.8051,3.4588
56.7910,0.8383,3.5998
56.7912,0.7547,3.251
56.7914,0.6918,2.9762
56.7916,0.7243,3.1117
56.7918,0.7463,3.2074
56.7920,0.7255,3.1212
56.7922,0.7003,3.0185
56.7924,0.6338,2.7329
56.7926,0.6069,2.6147
56.7928,0.6062,2.6128
56.7930,0.6243,2.6883
56.7932,0.6853,2.9484
56.7934,0.6671,2.8726
56.7936,0.6668,2.8698
56.7938,0.663,2.8551
56.7940,0.625,2.6964
56.7942,0.5627,2.4297
56.7944,0.4967,2.143
56.7946,0.4946,2.1366
56.7948,0.4764,2.056
56.7950,0.4547,1.965
56.7952,0.4013,1.7336
56.7954,0.4053,1.7524
56.7956,0.4051,1.751
56.7958,0.3989,1.7241
56.7960,0.3934,1.6995
56.7962,0.3951,1.7059
56.7964,0.3996,1.7264
56.7966,0.437,1.8871
56.7968,0.4354,1.8816
56.7970,0.3839,1.6585
56.7972,0.3945,1.7033
56.7974,0.4,1.7287
56.7976,0.4213,1.8193
56.7978,0.4631,1.9967
56.7980,0.5099,2.1968
56.7982,0.5737,2.475
56.7984,0.5666,2.4366
56.7986,0.6741,2.8999
56.7988,0.6748,2.9043
56.7990,0.7033,3.0229
56.7992,0.8292,3.5574
56.7994,0.8744,3.7531
56.7996,0.8796,3.7717
56.7998,0.9063,3.8863
56.8000,0.965,4.1281
56.8002,1.0415,4.4574
56.8004,1.0439,4.4698
56.8006,1.093,4.6781
56.8008,1.1145,4.7655
56.8010,1.1458,4.8993
56.8012,1.1212,4.7964
56.8014,1.1166,4.7747
56.8016,1.153,4.9255
56.8018,1.1158,4.7823
56.8020,1.0183,4.3645
56.8022,1.0249,4.3866
56.8024,1.0678,4.5725
56.8026,1.0509,4.5001
56.8028,1.0224,4.384
56.8030,0.9528,4.0839
56.8032,0.9985,4.2817
56.8034,0.9381,4.0226
56.8036,0.9765,4.1891
56.8038,0.9855,4.2257
56.8040,0.9395,4.0363
56.8042,0.8416,3.6171
56.8044,0.8153,3.5043
56.8046,0.8375,3.5929
56.8048,0.8729,3.7446
56.8050,0.9072,3.8972
56.8052,0.8692,3.7356
56.8054,0.8773,3.7707
56.8056,0.8744,3.7548
56.8058,0.8894,3.8192
56.8060,0.8825,3.7823
56.8062,0.9183,3.9414
56.8064,0.9025,3.8753
56.8066,0.9051,3.8939
56.8068,0.8514,3.6594
56.8070,0.8549,3.6692
56.8072,0.8521,3.6676
56.8074,0.7904,3.3986
56.8076,0.7629,3.2806
56.8078,0.7641,3.2842
56.8080,0.7959,3.4208
56.8082,0.8526,3.6662
56.8084,0.8677,3.7242
56.8086,0.9255,3.9686
56.8088,0.9787,4.2047
56.8090,0.9521,4.0808
56.8092,0.9886,4.239
56.8094,1.0094,4.3305
56.8096,0.8955,3.8544
56.8098,0.7367,3.1721
56.8100,0.6815,2.9373
56.8102,0.6862,2.952
56.8104,0.7236,3.1158
56.8106,0.7175,3.0895
56.8108,0.6958,2.9974
56.8110,0.6855,2.953
56.8112,0.6857,2.9568
56.8114,0.6568,2.8322
56.8116,0.6738,2.9056
56.8118,0.6204,2.675
56.8120,0.5686,2.4562
56.8122,0.4886,2.1117
56.8124,0.4794,2.0708
56.8126,0.4966,2.1424
56.8128,0.5344,2.3075
56.8130,0.5242,2.2646
56.8132,0.5199,2.2449
56.8134,0.5258,2.2681
56.8136,0.5409,2.3344
56.8138,0.5348,2.308
56.8140,0.5237,2.2614
56.8142,0.5193,2.2381
56.8144,0.5634,2.4283
56.8146,0.5306,2.2899
56.8148,0.5857,2.5244
56.8150,0.6416,2.7652
56.8152,0.6241,2.6923
56.8154,0.5643,2.4353
56.8156,0.5555,2.3964
56.8158,0.5399,2.3281
56.8160,0.5254,2.2676
56.8162,0.5267,2.2723
56.8164,0.5404,2.3312
56.8166,0.5366,2.3168
56.8168,0.5241,2.2619
56.8170,0.5408,2.3328
56.8172,0.5478,2.3633
56.8174,0.5232,2.2562
56.8176,0.5214,2.2506
56.8178,0.5089,2.1952
56.8180,0.5334,2.3012
56.8182,0.5996,2.5868
56.8184,0.5997,2.5825
56.8186,0.6575,2.8313
56.8188,0.64,2.7585
56.8190,0.6295,2.7118
56.8192,0.6407,2.7565
56.8194,0.6574,2.8295
56.8196,0.6994,3.0087
56.8198,0.7335,3.1645
56.8200,0.6065,2.6138
56.8202,0.597,2.5718
56.8204,0.6633,2.8561
56.8206,0.6647,2.861
56.8208,0.6909,2.9721
56.8210,0.7181,3.0834
56.8212,0.8316,3.5694
56.8214,0.8823,3.7888
56.8216,0.8049,3.4643
56.8218,0.7222,3.1082
56.8220,0.7127,3.066
56.8222,0.7102,3.0523
56.8224,0.7554,3.2451
56.8226,0.8055,3.4588
56.8228,0.8398,3.606
56.8230,0.8073,3.473
56.8232,0.7389,3.1834
56.8234,0.7014,3.0175
56.8236,0.7406,3.1817
56.8238,0.8134,3.496
56.8240,0.7738,3.3352
56.8242,0.6722,2.8903
56.8244,0.7139,3.0711
56.8246,0.7379,3.1758
56.8248,0.7819,3.3605
56.8250,0.8099,3.4794
56.8252,0.8345,3.58
56.8254,0.8829,3.7878
56.8256,0.846,3.6396
56.8258,0.7268,3.1312
56.8260,0.691,2.9712
56.8262,0.719,3.0919
56.8264,0.7447,3.2037
56.8266,0.7795,3.3517
56.8268,0.794,3.4157
56.8270,0.7412,3.1917
56.8272,0.6319,2.7246
56.8274,0.5693,2.4582
56.8276,0.5362,2.3142
56.8278,0.5199,2.247
56.8280,0.4453,1.922
56.8282,0.4951,2.1377
56.8284,0.4503,1.9464
56.8286,0.4671,2.018
56.8288,0.4129,1.7831
56.8290,0.3963,1.7119
56.8292,0.3968,1.7155
56.8294,0.4005,1.73
56.8296,0.4005,1.73
56.8298,0.4036,1.7403
56.8300,0.4959,2.1433
56.8302,0.4038,1.7453
56.8304,0.395,1.7062
56.8306,0.3999,1.7266
56.8308,0.3959,1.7095
56.8310,0.4157,1.7941
56.8312,0.4656,2.0085
56.8314,0.5326,2.2966
56.8316,0.549,2.3685
56.8318,0.4977,2.1471
56.8320,0.5147,2.2185
56.8322,0.6314,2.7163
56.8324,0.7212,3.0983
56.8326,0.7206,3.1
56.8328,0.6934,2.9829
56.8330,0.7502,3.2199
56.8332,0.8548,3.667
56.8334,0.85,3.6464
56.8336,0.8816,3.7804
56.8338,0.9178,3.9338
56.8340,0.9461,4.0551
56.8342,0.9722,4.1628
56.8344,0.9892,4.2396
56.8346,0.9464,4.0618
56.8348,0.9381,4.0244
56.8350,1.0073,4.3192
56.8352,1.0512,4.4969
56.8354,1.0894,4.6692
56.8356,1.0151,4.3445
56.8358,1.0424,4.4594
56.8360,1.0491,4.4945
56.8362,1.0146,4.3567
56.8364,0.9316,3.9948
56.8366,0.9158,3.9324
56.8368,0.8428,3.6223
56.8370,0.8282,3.5561
56.8372,0.8369,3.5886
56.8374,0.8616,3.7015
56.8376,0.8302,3.5715
56.8378,0.7688,3.3043
56.8380,0.8201,3.5199
56.8382,0.8777,3.7722
56.8384,0.8593,3.6934
56.8386,0.865,3.7141
56.8388,0.8205,3.5264
56.8390,0.7909,3.4007
56.8392,0.7855,3.3806
56.8394,0.8193,3.5196
56.8396,0.8457,3.6329
56.8398,0.8398,3.6127
56.8400,0.7916,3.4006
56.8402,0.8347,3.5844
56.8404,0.8106,3.4874
56.8406,0.6955,2.995
56.8408,0.6585,2.8394
56.8410,0.6017,2.5932
56.8412,0.5945,2.561
56.8414,0.6111,2.6328
56.8416,0.665,2.8647
56.8418,0.6617,2.8481
56.8420,0.678,2.9142
56.8422,0.7376,3.1733
56.8424,0.6942,2.9893
56.8426,0.7256,3.126
56.8428,0.7168,3.085
56.8430,0.7063,3.0358
56.8432,0.7958,3.4218
56.8434,0.8145,3.5006
56.8436,0.8037,3.4607
56.8438,0.7406,3.1817
56.8440,0.847,3.6369
56.8442,0.8488,3.6531
56.8444,0.7915,3.4065
56.8446,0.7416,3.1888
56.8448,0.7903,3.395
56.8450,0.8166,3.5148
56.8452,0.7059,3.0394
56.8454,0.6511,2.8048
56.8456,0.5996,2.5856
56.8458,0.5481,2.3665
56.8460,0.5056,2.1812
56.8462,0.5199,2.2418
56.8464,0.5759,2.482
56.8466,0.6218,2.68
56.8468,0.6454,2.7805
56.8470,0.6692,2.8801
56.8472,0.6666,2.8746
56.8474,0.5403,2.3329
56.8476,0.5171,2.2309
56.8478,0.5464,2.3571
56.8480,0.5514,2.3733
56.8482,0.6301,2.7194
56.8484,0.5019,2.1672
56.8486,0.4352,1.8794
56.8488,0.4643,2.0056
56.8490,0.4535,1.9562
56.8492,0.4979,2.1501
56.8494,0.4621,1.9963
56.8496,0.4547,1.9641
56.8498,0.4533,1.9566
56.8500,0.4511,1.9477
56.8502,0.4641,2.0004
56.8504,0.5098,2.2024
56.8506,0.455,1.9657
56.8508,0.4473,1.9308
56.8510,0.4489,1.9393
56.8512,0.4466,1.9294
56.8514,0.449,1.938
56.8516,0.4508,1.9458
56.8518,0.4471,1.9297
56.8520,0.4457,1.9235
56.8522,0.4471,1.9315
56.8524,0.4518,1.9508
56.8526,0.4502,1.9432
56.8528,0.4463,1.927
56.8530,0.4453,1.9237
56.8532,0.4429,1.9134
56.8534,0.4499,1.9416
56.8536,0.4607,1.99
56.8538,0.4484,1.9345
56.8540,0.4415,1.9063
56.8542,0.4473,1.9316
56.8544,0.4499,1.9425
56.8546,0.4493,1.939
56.8548,0.4452,1.9214
56.8550,0.4801,2.0711
56.8552,0.5315,2.2908
56.8554,0.5458,2.3512
56.8556,0.5683,2.4449
56.8558,0.6754,2.9056
56.8560,0.6644,2.8555
56.8562,0.686,2.9482
56.8564,0.7048,3.0319
56.8566,0.6806,2.9291
56.8568,0.6551,2.821
56.8570,0.634,2.7225
56.8572,0.7283,3.1316
56.8574,0.7487,3.2177
56.8576,0.7972,3.4217
56.8578,0.7476,3.2176
56.8580,0.6578,2.8324
56.8582,0.6719,2.8933
56.8584,0.6337,2.7273
56.8586,0.5808,2.5009
56.8588,0.5972,2.5705
56.8590,0.6383,2.7462
56.8592,0.6476,2.7872
56.8594,0.646,2.7805
56.8596,0.6442,2.7727
56.8598,0.6801,2.927
56.8600,0.6403,2.7557
56.8602,0.649,2.7908
56.8604,0.7437,3.1966
56.8606,0.7266,3.1244
56.8608,0.6483,2.7916
56.8610,0.6078,2.6171
56.8612,0.6099,2.6252
56.8614,0.6024,2.5963
56.8616,0.5861,2.5248
56.8618,0.6254,2.6867
56.8620,0.7084,3.0474
56.8622,0.6364,2.7443
56.8624,0.5163,2.2262
56.8626,0.5099,2.1978
56.8628,0.5085,2.1906
56.8630,0.5279,2.2775
56.8632,0.5063,2.1833
56.8634,0.5529,2.3806
56.8636,0.5845,2.5169
56.8638,0.5316,2.2967
56.8640,0.4176,1.8033
56.8642,0.4068,1.755
56.8644,0.4396,1.8945
56.8646,0.5629,2.4217
56.8648,0.6319,2.7171
56.8650,0.63,2.7139
56.8652,0.6399,2.7567
56.8654,0.5854,2.5182
56.8656,0.7017,3.0115
56.8658,0.7765,3.3342
56.8660,0.8249,3.5389
56.8662,0.8453,3.6314
56.8664,0.8207,3.5192
56.8666,0.8931,3.828
56.8668,0.8958,3.8447
56.8670,0.8881,3.8046
56.8672,0.9816,4.2033
56.8674,0.9869,4.2259
56.8676,0.9901,4.2398
56.8678,0.9859,4.2238
56.8680,0.99,4.2432
56.8682,0.9857,4.2208
56.8684,0.9889,4.2287
56.8686,1.0905,4.6695
56.8688,1.0208,4.3732
56.8690,1.0241,4.3871
56.8692,0.9969,4.2685
56.8694,0.9881,4.237
56.8696,0.9322,4.003
56.8698,0.8728,3.7459
56.8700,0.8517,3.6536
56.8702,0.8347,3.5861
56.8704,0.8236,3.5316
56.8706,0.8921,3.8269
56.8708,0.8706,3.7436
56.8710,0.8189,3.5181
56.8712,0.8271,3.5531
56.8714,0.7874,3.3858
56.8716,0.811,3.4841
56.8718,0.882,3.7855
56.8720,0.8801,3.7773
56.8722,0.8941,3.8321
56.8724,0.9853,4.233
56.8726,0.853,3.6678
56.8728,0.7997,3.4389
56.8730,0.7594,3.2641
56.8732,0.7675,3.3017
56.8734,0.7845,3.3718
56.8736,0.7859,3.3811
56.8738,0.716,3.079
56.8740,0.8088,3.47
56.8742,0.8642,3.7128
56.8744,0.852,3.6619
56.8746,0.8201,3.5249
56.8748,0.7611,3.2759
56.8750,0.7483,3.2177
56.8752,0.8042,3.4595
56.8754,0.7807,3.36
56.8756,0.7156,3.0769
56.8758,0.7548,3.2455
56.8760,0.7553,3.2506
56.8762,0.7687,3.3053
56.8764,0.8091,3.4758
56.8766,0.7835,3.3724
56.8768,0.7027,3.026
56.8770,0.7218,3.1023
56.8772,0.7578,3.2599
56.8774,0.7598,3.2702
56.8776,0.7095,3.0577
56.8778,0.641,2.7614
56.8780,0.6591,2.8367
56.8782,0.6461,2.7836
56.8784,0.5828,2.5109
56.8786,0.6511,2.8048
56.8788,0.6487,2.7918
56.8790,0.6925,2.9807
56.8792,0.7073,3.0428
56.8794,0.6828,2.9416
56.8796,0.6897,2.9683
56.8798,0.714,3.0717
56.8800,0.7145,3.0723
56.8802,0.7009,3.021
56.8804,0.6259,2.6963
56.8806,0.6223,2.6808
56.8808,0.6731,2.8998
56.8810,0.6651,2.8639
56.8812,0.682,2.9326
56.8814,0.785,3.3723
56.8816,0.7953,3.4198
56.8818,0.7234,3.122
56.8820,0.5527,2.3845
56.8822,0.5568,2.4021
56.8824,0.5573,2.4064
56.8826,0.5339,2.3022
56.8828,0.5289,2.2816
56.8830,0.5303,2.2878
56.8832,0.5284,2.2795
56.8834,0.5352,2.3058
56.8836,0.5472,2.3607
56.8838,0.5336,2.3028
56.8840,0.5291,2.2805
56.8842,0.5308,2.2899
56.8844,0.5332,2.3002
56.8846,0.5455,2.3469
56.8848,0.696,2.9929
56.8850,0.7644,3.2914
56.8852,0.6442,2.7779
56.8854,0.5496,2.37
56.8856,0.5314,2.2925
56.8858,0.5283,2.2801
56.8860,0.553,2.3811
56.8862,0.612,2.6351
56.8864,0.6165,2.6535
56.8866,0.6635,2.8558
56.8868,0.6599,2.8417
56.8870,0.5957,2.5697
56.8872,0.5513,2.3783
56.8874,0.5479,2.3616
56.8876,0.547,2.3575
56.8878,0.5452,2.3508
56.8880,0.5506,2.3697
56.8882,0.6398,2.7536
56.8884,0.6627,2.8509
56.8886,0.6554,2.8194
56.8888,0.686,2.9537
56.8890,0.6536,2.8156
56.8892,0.7042,3.028
56.8894,0.7545,3.2415
56.8896,0.7603,3.2662
56.8898,0.7602,3.2687
56.8900,0.7383,3.1719
56.8902,0.7999,3.4362
56.8904,0.7585,3.2615
56.8906,0.6979,3.0053
56.8908,0.6789,2.9192
56.8910,0.6825,2.9387
56.8912,0.6796,2.9236
56.8914,0.7441,3.1937
56.8916,0.8216,3.5261
56.8918,0.8418,3.6131
56.8920,0.861,3.7006
56.8922,0.73,3.1476
56.8924,0.5912,2.5482
56.8926,0.5855,2.5234
56.8928,0.5789,2.4996
56.8930,0.5015,2.1647
56.8932,0.4755,2.0514
56.8934,0.4798,2.0691
56.8936,0.4912,2.1182
56.8938,0.4808,2.0761
56.8940,0.4761,2.055
56.8942,0.4722,2.0379
56.8944,0.5218,2.2521
56.8946,0.4482,1.9317
56.8948,0.5553,2.3965
56.8950,0.4623,1.9982
56.8952,0.4095,1.7672
56.8954,0.4574,1.977
56.8956,0.394,1.7013
56.8958,0.3857,1.6663
56.8960,0.3798,1.6409
56.8962,0.385,1.6624
56.8964,0.3942,1.7015
56.8966,0.3923,1.6917
56.8968,0.425,1.8362
56.8970,0.389,1.6803
56.8972,0.3936,1.6989
56.8974,0.4334,1.8716
56.8976,0.4164,1.7981
56.8978,0.4265,1.8399
56.8980,0.4765,2.0546
56.8982,0.5272,2.2691
56.8984,0.6036,2.6014
56.8986,0.6409,2.7544
56.8988,0.7154,3.0721
56.8990,0.7701,3.3054
56.8992,0.8503,3.6513
56.8994,0.8295,3.5601
56.8996,0.8388,3.5969
56.8998,0.8873,3.8028
56.9000,0.8915,3.8172
56.9002,0.9563,4.095
56.9004,0.9472,4.0579
56.9006,0.9717,4.1646
56.9008,0.9898,4.2402
56.9010,0.9768,4.1847
56.9012,0.9991,4.2783
56.9014,0.9977,4.2721
56.9016,0.9644,4.1332
56.9018,1.0458,4.4717
56.9020,1.107,4.7381
56.9022,1.1061,4.7362
56.9024,1.1115,4.7505
56.9026,1.1166,4.777
56.9028,1.1202,4.7923
56.9030,1.1135,4.7703
56.9032,1.0304,4.4061
56.9034,1.0534,4.5151
56.9036,0.9858,4.2272
56.9038,0.9772,4.1863
56.9040,1.0279,4.4035
56.9042,0.9852,4.2286
56.9044,0.8859,3.806
56.9046,0.7748,3.3332
56.9048,0.7831,3.3625
56.9050,0.8325,3.573
56.9052,0.92,3.9449
56.9054,0.9423,4.0425
56.9056,0.9256,3.9691
56.9058,0.9319,3.9977
56.9060,0.8616,3.7083
56.9062,0.7223,3.1087
56.9064,0.7403,3.1817
56.9066,0.79,3.3939
56.9068,0.788,3.3915
56.9070,0.7699,3.3105
56.9072,0.8526,3.6662
56.9074,0.8134,3.4928
56.9076,0.8057,3.4679
56.9078,0.7262,3.1272
56.9080,0.7632,3.277
56.9082,0.9099,3.9072
56.9084,0.8671,3.7251
56.9086,0.8521,3.6642
56.9088,0.7953,3.4166
56.9090,0.7801,3.3559
56.9092,0.7622,3.2851
56.9094,0.6387,2.7528
56.9096,0.6026,2.5973
56.9098,0.6321,2.7232
56.9100,0.6681,2.8768
56.9102,0.6947,2.9872
56.9104,0.6989,3.0081
56.9106,0.7096,3.054
56.9108,0.7092,3.0595
56.9110,0.5633,2.43
56.9112,0.5852,2.5188
56.9114,0.6972,2.9981
56.9116,0.7252,3.1283
56.9118,0.5592,2.4125
56.9120,0.493,2.1259
56.9122,0.5455,2.3524
56.9124,0.565,2.4373
56.9126,0.5222,2.2537
56.9128,0.4973,2.1465
56.9130,0.4857,2.0983
56.9132,0.5032,2.1729
56.9134,0.5184,2.2366
56.9136,0.5387,2.3208
56.9138,0.5761,2.4888
56.9140,0.4411,1.9065
56.9142,0.4015,1.7363
56.9144,0.4101,1.7698
56.9146,0.4713,2.0314
56.9148,0.5207,2.2506
56.9150,0.4493,1.9426
56.9152,0.4427,1.9106
56.9154,0.4638,2.0007
56.9156,0.5007,2.164
56.9158,0.4598,1.9864
56.9160,0.4295,1.8545
56.9162,0.4325,1.8657
56.9164,0.4475,1.9313
56.9166,0.4412,1.9061
56.9168,0.4378,1.8911
56.9170,0.4327,1.8685
56.9172,0.4432,1.9118
56.9174,0.4616,1.9933
56.9176,0.4559,1.9684
56.9178,0.444,1.9154
56.9180,0.4451,1.9209
56.9182,0.4479,1.9333
56.9184,0.462,1.993
56.9186,0.5019,2.1652
56.9188,0.5096,2.1963
56.9190,0.5431,2.3388
56.9192,0.6258,2.6958
56.9194,0.5901,2.5424
56.9196,0.5808,2.5009
56.9198,0.6163,2.6537
56.9200,0.6196,2.6707
56.9202,0.6192,2.6698
56.9204,0.5746,2.4764
56.9206,0.5301,2.2846
56.9208,0.5352,2.3079
56.9210,0.5515,2.3771
56.9212,0.5632,2.4228
56.9214,0.6435,2.7645
56.9216,0.7145,3.0737
56.9218,0.6728,2.8956
56.9220,0.6925,2.9807
56.9222,0.6707,2.8868
56.9224,0.6574,2.8269
56.9226,0.699,3.0044
56.9228,0.7423,3.1904
56.9230,0.7343,3.1574
56.9232,0.7002,3.0109
56.9234,0.7594,3.2611
56.9236,0.8111,3.4862
56.9238,0.7327,3.1492
56.9240,0.6994,3.0115
56.9242,0.6338,2.7329
56.9244,0.5533,2.386
56.9246,0.5384,2.3203
56.9248,0.533,2.2981
56.9250,0.5304,2.2883
56.9252,0.5477,2.3595
56.9254,0.6157,2.6462
56.9256,0.6813,2.9268
56.9258,0.7307,3.1434
56.9260,0.6222,2.6815
56.9262,0.5895,2.5398
56.9264,0.575,2.4738
56.9266,0.5958,2.5678
56.9268,0.605,2.604
56.9270,0.6923,2.9838
56.9272,0.6063,2.6085
56.9274,0.6803,2.9294
56.9276,0.622,2.6785
56.9278,0.5792,2.4977
56.9280,0.5194,2.2386
56.9282,0.4928,2.1259
56.9284,0.5083,2.1906
56.9286,0.5325,2.296
56.9288,0.519,2.2371
56.9290,0.5334,2.3002
56.9292,0.4637,2.0002
56.9294,0.4473,1.9316
56.9296,0.3972,1.7152
56.9298,0.395,1.7038
56.9300,0.3989,1.7233
56.9302,0.4036,1.7435
56.9304,0.4002,1.7274
56.9306,0.4031,1.7406
56.9308,0.4031,1.7374
56.9310,0.4887,2.1064
56.9312,0.4959,2.1354
56.9314,0.5349,2.3032
56.9316,0.5379,2.3161
56.9318,0.5894,2.5381
56.9320,0.636,2.7333
56.9322,0.7377,3.1694
56.9324,0.7322,3.1457
56.9326,0.7104,3.0519
56.9328,0.7666,3.292
56.9330,0.8146,3.4946
56.9332,0.834,3.5763
56.9334,0.8465,3.6298
56.9336,0.925,3.9647
56.9338,0.9543,4.0863
56.9340,0.9947,4.2593
56.9342,0.9814,4.2043
56.9344,0.9376,4.0149
56.9346,0.9851,4.2182
56.9348,0.938,4.0183
56.9350,1.0275,4.3897
56.9352,1.1361,4.8691
56.9354,0.9816,4.2092
56.9356,0.9676,4.1413
56.9358,1.0064,4.3056
56.9360,0.9605,4.1206
56.9362,0.8334,3.5804
56.9364,0.8074,3.4638
56.9366,0.9043,3.8794
56.9368,0.867,3.7281
56.9370,0.7602,3.2702
56.9372,0.7524,3.2307
56.9374,0.7728,3.3213
56.9376,0.761,3.2739
56.9378,0.7352,3.1585
56.9380,0.8524,3.6567
56.9382,0.8841,3.7965
56.9384,0.8345,3.585
56.9386,0.8477,3.64
56.9388,0.8632,3.703
56.9390,0.8988,3.8521
56.9392,0.9295,3.9874
56.9394,0.8855,3.7969
56.9396,0.9283,3.9841
56.9398,0.8805,3.7846
56.9400,0.8037,3.4527
56.9402,0.7955,3.416
56.9404,0.8399,3.6065
56.9406,0.8417,3.6176
56.9408,0.7731,3.3244
56.9410,0.791,3.3981
56.9412,0.8345,3.5867
56.9414,0.7852,3.3828
56.9416,0.6612,2.8487
56.9418,0.6453,2.7787
56.9420,0.6639,2.8574
56.9422,0.7403,3.1831
56.9424,0.7826,3.3604
56.9426,0.8425,3.6162
56.9428,0.8271,3.5564
56.9430,0.7796,3.3554
56.9432,0.7695,3.3074
56.9434,0.8134,3.4944
56.9436,0.8172,3.5109
56.9438,0.8581,3.6865
56.9440,0.7953,3.4182
56.9442,0.7394,3.181
56.9444,0.741,3.1936
56.9446,0.6544,2.8179
56.9448,0.6591,2.8367
56.9450,0.6813,2.9322
56.9452,0.6595,2.8422
56.9454,0.6405,2.7593
56.9456,0.6477,2.789
56.9458,0.5876,2.5327
56.9460,0.5821,2.5101
56.9462,0.5675,2.447
56.9464,0.5915,2.5469
56.9466,0.6183,2.6637
56.9468,0.6219,2.678
56.9470,0.6381,2.7477
56.9472,0.6687,2.8794
56.9474,0.6431,2.7732
56.9476,0.5955,2.5692
56.9478,0.5967,2.5696
56.9480,0.663,2.8591
56.9482,0.5808,2.5056
56.9484,0.5888,2.5367
56.9486,0.6266,2.6994
56.9488,0.5836,2.5151
56.9490,0.5464,2.356
56.9492,0.5489,2.3658
56.9494,0.5653,2.4388
56.9496,0.5244,2.2604
56.9498,0.5223,2.2542
56.9500,0.5268,2.2717
56.9502,0.5285,2.279
56.9504,0.5303,2.2889
56.9506,0.5253,2.264
56.9508,0.5272,2.2722
56.9510,0.5381,2.316
56.9512,0.666,2.8667
56.9514,0.6645,2.8639
56.9516,0.5753,2.4806
56.9518,0.5289,2.2795
56.9520,0.5286,2.2784
56.9522,0.5319,2.2924
56.9524,0.5278,2.2759
56.9526,0.5249,2.2635
56.9528,0.526,2.2681
56.9530,0.5267,2.2712
56.9532,0.5358,2.3116
56.9534,0.5387,2.3229
56.9536,0.5246,2.2619
56.9538,0.5219,2.2516
56.9540,0.549,2.3652
56.9542,0.5834,2.5123
56.9544,0.6434,2.764
56.9546,0.7057,3.0389
56.9548,0.6448,2.7766
56.9550,0.6338,2.7291
56.9552,0.6378,2.7449
56.9554,0.6376,2.7456
56.9556,0.6436,2.7676
56.9558,0.7192,3.0881
56.9560,0.7812,3.3558
56.9562,0.8413,3.611
56.9564,0.8767,3.7611
56.9566,0.9046,3.8846
56.9568,0.769,3.3069
56.9570,0.6874,2.9585
56.9572,0.6451,2.7776
56.9574,0.6372,2.7436
56.9576,0.6306,2.7127
56.9578,0.7342,3.1568
56.9580,0.7687,3.3084
56.9582,0.7248,3.1108
56.9584,0.7737,3.3239
56.9586,0.7367,3.1662
56.9588,0.7225,3.1083
56.9590,0.7241,3.1135
56.9592,0.7422,3.184
56.9594,0.807,3.4671
56.9596,0.8389,3.6058
56.9598,0.7873,3.3821
56.9600,0.7262,3.1228
56.9602,0.7361,3.1666
56.9604,0.6589,2.8383
56.9606,0.5991,2.5799
56.9608,0.6442,2.7727
56.9610,0.6381,2.7477
56.9612,0.7056,3.0313
56.9614,0.7755,3.3316
56.9616,0.758,3.2594
56.9618,0.6857,2.9513
56.9620,0.6653,2.8649
56.9622,0.6422,2.7678
56.9624,0.5147,2.2226
56.9626,0.4161,1.799
56.9628,0.4014,1.735
56.9630,0.4013,1.732
56.9632,0.4072,1.759
56.9634,0.4131,1.7844
56.9636,0.3991,1.7243
56.9638,0.3958,1.709
56.9640,0.4033,1.7425
56.9642,0.4408,1.9014
56.9644,0.5285,2.2779
56.9646,0.5402,2.3291
56.9648,0.5689,2.4498
56.9650,0.5801,2.499
56.9652,0.5846,2.5151
56.9654,0.6949,2.9827
56.9656,0.7371,3.1712
56.9658,0.7222,3.101
56.9660,0.7777,3.3424
56.9662,0.7803,3.3522
56.9664,0.7907,3.397
56.9666,0.7997,3.4277
56.9668,0.9096,3.902
56.9670,0.9278,3.9802
56.9672,0.9112,3.9056
56.9674,0.9419,4.0353
56.9676,0.9822,4.2059
56.9678,0.9871,4.225
56.9680,1.0033,4.3043
56.9682,0.9886,4.2311
56.9684,1.1141,4.7662
56.9686,1.0882,4.6532
56.9688,1.0606,4.5417
56.9690,1.0488,4.495
56.9692,1.0297,4.4195
56.9694,0.9485,4.0673
56.9696,0.9419,4.0428
56.9698,0.8718,3.7417
56.9700,0.908,3.8935
56.9702,0.9157,3.9283
56.9704,0.8404,3.6103
56.9706,0.8195,3.5239
56.9708,0.8127,3.4929
56.9710,0.8298,3.5633
56.9712,0.89,3.8217
56.9714,0.8797,3.7775
56.9716,0.8776,3.7682
56.9718,0.854,3.669
56.9720,0.7829,3.3682
56.9722,0.7941,3.4146
56.9724,0.8424,3.6207
56.9726,0.8274,3.553
56.9728,0.8331,3.5772
56.9730,0.8641,3.7123
56.9732,0.8612,3.6999
56.9734,0.7688,3.3089
56.9736,0.7844,3.3713
56.9738,0.8319,3.577
56.9740,0.7764,3.3383
56.9742,0.7616,3.278
56.9744,0.7115,3.0637
56.9746,0.6929,2.9823
56.9748,0.7126,3.0669
56.9750,0.6957,2.9941
56.9752,0.7015,3.018
56.9754,0.7449,3.2047
56.9756,0.7662,3.2945
56.9758,0.752,3.2352
56.9760,0.684,2.9454
56.9762,0.6545,2.8171
56.9764,0.652,2.8102
56.9766,0.6355,2.7351
56.9768,0.6521,2.8055
56.9770,0.691,2.9781
56.9772,0.5795,2.4999
56.9774,0.55,2.3748
56.9776,0.4952,2.1353
56.9778,0.5512,2.3756
56.9780,0.6072,2.6145
56.9782,0.6119,2.6371
56.9784,0.5357,2.3132
56.9786,0.5192,2.2397
56.9788,0.58,2.4985
56.9790,0.6044,2.6075
56.9792,0.5509,2.3768
56.9794,0.5537,2.3853
56.9796,0.6029,2.5959
56.9798,0.6812,2.933
56.9800,0.665,2.8633
56.9802,0.6229,2.6859
56.9804,0.5472,2.3618
56.9806,0.5348,2.3069
56.9808,0.5361,2.3116
56.9810,0.556,2.3974
56.9812,0.5755,2.4817
56.9814,0.5963,2.5687
56.9816,0.6196,2.667
56.9818,0.6232,2.6849
56.9820,0.5943,2.5604
56.9822,0.6435,2.7748
56.9824,0.5271,2.2759
56.9826,0.4553,1.9649
56.9828,0.4497,1.9429
56.9830,0.447,1.931
56.9832,0.4586,1.9794
56.9834,0.4603,1.9866
56.9836,0.4487,1.9391
56.9838,0.4465,1.928
56.9840,0.4444,1.9187
56.9842,0.4525,1.953
56.9844,0.4499,1.9398
56.9846,0.4927,2.1224
56.9848,0.5327,2.2981
56.9850,0.4651,2.0073
56.9852,0.4583,1.9769
56.9854,0.4941,2.1296
56.9856,0.5965,2.5697
56.9858,0.5952,2.5664
56.9860,0.5117,2.2076
56.9862,0.4585,1.978
56.9864,0.4548,1.9628
56.9866,0.4548,1.9637
56.9868,0.4815,2.0754
56.9870,0.5327,2.296
56.9872,0.5616,2.4206
56.9874,0.5619,2.4193
56.9876,0.6104,2.6272
56.9878,0.6443,2.7707
56.9880,0.6621,2.851
56.9882,0.5848,2.5191
56.9884,0.5868,2.5267
56.9886,0.5798,2.4979
56.9888,0.5729,2.468
56.9890,0.6177,2.6525
56.9892,0.7718,3.3141
56.9894,0.826,3.5452
56.9896,0.8329,3.57
56.9898,0.8428,3.6206
56.9900,0.7572,3.2619
56.9902,0.5589,2.4087
56.9904,0.5211,2.2448
56.9906,0.5737,2.4727
56.9908,0.6048,2.6066
56.9910,0.5724,2.4659
56.9912,0.5753,2.476
56.9914,0.5923,2.5517
56.9916,0.5687,2.4522
56.9918,0.5687,2.4499
56.9920,0.5656,2.4365
56.9922,0.594,2.5613
56.9924,0.586,2.5243
56.9926,0.5933,2.5558
56.9928,0.5746,2.4764
56.9930,0.5475,2.3596
56.9932,0.5307,2.2872
56.9934,0.531,2.2888
56.9936,0.5102,2.1989
56.9938,0.505,2.1787
56.9940,0.4352,1.8811
56.9942,0.3994,1.7254
56.9944,0.3892,1.6813
56.9946,0.3795,1.6386
56.9948,0.385,1.6609
56.9950,0.4479,1.9324
56.9952,0.4795,2.0685
56.9954,0.405,1.7489
56.9956,0.3906,1.686
56.9958,0.4276,1.8445
56.9960,0.4724,2.0399
56.9962,0.4108,1.7746
56.9964,0.3911,1.6896
56.9966,0.3886,1.6787
56.9968,0.4133,1.7838
56.9970,0.3861,1.6648
56.9972,0.397,1.7134
56.9974,0.399,1.7214
56.9976,0.3994,1.723
56.9978,0.4577,1.9734
56.9980,0.5093,2.1932
56.9982,0.5982,2.5698
56.9984,0.6991,3.0007
56.9986,0.7943,3.4141
56.9988,0.7513,3.2231
56.9990,0.8473,3.6317
56.9992,0.9014,3.8653
56.9994,0.8934,3.829
56.9996,0.8966,3.8429
56.9998,0.9008,3.8591
57.0000,0.8855,3.7969
57.0002,0.8754,3.7502
57.0004,0.8768,3.7528
57.0006,0.9748,4.1741
57.0008,0.9725,4.1662
57.0010,0.985,4.2197
57.0012,1.0165,4.3487
57.0014,0.9847,4.2147
57.0016,1.0002,4.2729
57.0018,1.1086,4.747
57.0020,1.0491,4.4882
57.0022,1.1367,4.8581
57.0024,1.1624,4.9682
57.0026,1.0641,4.5629
57.0028,0.911,3.91
57.0030,0.915,3.9197
57.0032,0.9654,4.1301
57.0034,0.9927,4.2446
57.0036,1.0786,4.6165
57.0038,1.0416,4.4642
57.0040,1.0304,4.4143
57.0042,1.023,4.3784
57.0044,1.0451,4.4791
57.0046,1.0351,4.4323
57.0048,1.0236,4.3912
57.0050,0.9074,3.8946
57.0052,0.9638,4.1307
57.0054,1.0263,4.3969
57.0056,0.9761,4.1914
57.0058,0.8835,3.7922
57.0060,0.9295,3.9856
57.0062,0.9736,4.1709
57.0064,0.9365,4.0215
57.0066,0.8459,3.6357
57.0068,0.8453,3.6331
57.0070,0.84,3.6037
57.0072,0.8786,3.7728
57.0074,0.873,3.7434
57.0076,0.9055,3.8845
57.0078,0.8965,3.8531
57.0080,0.8427,3.6218
57.0082,0.8391,3.6013
57.0084,0.8449,3.6299
57.0086,0.8765,3.7671
57.0088,0.8752,3.7579
57.0090,0.9079,3.8966
57.0092,0.876,3.7615
57.0094,0.8508,3.6534
57.0096,0.8038,3.458
57.0098,0.7863,3.3843
57.0100,0.7654,3.2945
57.0102,0.7999,3.4426
57.0104,0.7211,3.1021
57.0106,0.7059,3.0366
57.0108,0.6789,2.9232
57.0110,0.719,3.089
57.0112,0.7984,3.4332
57.0114,0.7532,3.2448
57.0116,0.6877,2.9628
57.0118,0.7244,3.1223
57.0120,0.6569,2.8314
57.0122,0.6075,2.6185
57.0124,0.6198,2.6712
57.0126,0.6102,2.6323
57.0128,0.6013,2.5916
57.0130,0.6066,2.6143
57.0132,0.5738,2.4767
57.0134,0.5107,2.206
57.0136,0.4929,2.1264
57.0138,0.5449,2.3498
57.0140,0.5666,2.4423
57.0142,0.6014,2.5933
57.0144,0.6469,2.7815
57.0146,0.7306,3.1428
57.0148,0.7042,3.035
57.0150,0.631,2.7172
57.0152,0.6297,2.7141
57.0154,0.6634,2.854
57.0156,0.7039,3.0311
57.0158,0.6723,2.8975
57.0160,0.6043,2.6045
57.0162,0.6485,2.7926
57.0164,0.6599,2.8417
57.0166,0.6459,2.7826
57.0168,0.6671,2.8726
57.0170,0.6869,2.9578
57.0172,0.6388,2.7546
57.0174,0.5803,2.5035
57.0176,0.5797,2.4963
57.0178,0.6579,2.8316
57.0180,0.6978,3.009
57.0182,0.6742,2.9031
57.0184,0.6912,2.975
57.0186,0.7334,3.1523
57.0188,0.7764,3.3368
57.0190,0.7891,3.3914
57.0192,0.7762,3.3332
57.0194,0.8,3.4367
57.0196,0.824,3.5397
57.0198,0.8266,3.551
57.0200,0.8036,3.4618
57.0202,0.676,2.9095
57.0204,0.713,3.069
57.0206,0.7297,3.1378
57.0208,0.7188,3.0937
57.0210,0.7519,3.2331
57.0212,0.8151,3.5065
57.0214,0.7454,3.2068
57.0216,0.7403,3.1846
57.0218,0.7638,3.2827
57.0220,0.7995,3.4362
57.0222,0.8012,3.4434
57.0224,0.8183,3.5139
57.0226,0.8838,3.7914
57.0228,0.9427,4.0515
57.0230,0.8677,3.7312
57.0232,0.7579,3.265
57.0234,0.7264,3.1262
57.0236,0.7223,3.1058
57.0238,0.7232,3.1099
57.0240,0.7389,3.1804
57.0242,0.7202,3.0985
57.0244,0.7543,3.2465
57.0246,0.7549,3.2506
57.0248,0.7441,3.2026
57.0250,0.752,3.2322
57.0252,0.7701,3.3131
57.0254,0.7337,3.1562
57.0256,0.729,3.1347
57.0258,0.7829,3.3604
57.0260,0.8234,3.5454
57.0262,0.7362,3.1744
57.0264,0.6115,2.6331
57.0266,0.6166,2.6602
57.0268,0.5515,2.3771
57.0270,0.6319,2.7221
57.0272,0.6175,2.6577
57.0274,0.6556,2.8244
57.0276,0.6495,2.8045
57.0278,0.5278,2.2769
57.0280,0.5087,2.1957
57.0282,0.5151,2.2252
57.0284,0.491,2.1181
57.0286,0.5223,2.2531
57.0288,0.5127,2.2138
57.0290,0.436,1.8842
57.0292,0.4192,1.8125
57.0294,0.4125,1.7826
57.0296,0.4049,1.7492
57.0298,0.4041,1.7456
57.0300,0.3997,1.7285
57.0302,0.411,1.7756
57.0304,0.4336,1.8695
57.0306,0.5009,2.1611
57.0308,0.4845,2.0931
57.0310,0.4356,1.8809
57.0312,0.5077,2.187
57.0314,0.5987,2.5766
57.0316,0.6978,2.9992
57.0318,0.7165,3.0868
57.0320,0.6366,2.7384
57.0322,0.7077,3.0387
57.0324,0.8164,3.5056
57.0326,0.7881,3.3904
57.0328,0.7755,3.3347
57.0330,0.7965,3.4138
57.0332,0.9457,4.0531
57.0334,0.9801,4.2045
57.0336,0.9591,4.1183
57.0338,0.9106,3.9067
57.0340,0.9142,3.9184
57.0342,0.955,4.0951
57.0344,0.9575,4.1116
57.0346,0.9326,3.9971
57.0348,0.9797,4.1931
57.0350,1.1091,4.7446
57.0352,1.1,4.7057
57.0354,1.078,4.6118
57.0356,1.1245,4.8086
57.0358,1.1202,4.8058
57.0360,0.9386,4.034
57.0362,0.884,3.7942
57.0364,0.9518,4.0831
57.0366,0.9435,4.0476
57.0368,0.9467,4.0634
57.0370,0.8796,3.7805
57.0372,0.7892,3.3951
57.0374,0.7629,3.2836
57.0376,0.7531,3.2368
57.0378,0.8136,3.5003
57.0380,0.7413,3.1937
57.0382,0.7132,3.068
57.0384,0.7431,3.194
57.0386,0.7648,3.2873
57.0388,0.827,3.5559
57.0390,0.8178,3.5151
57.0392,0.8094,3.4822
57.0394,0.8278,3.5562
57.0396,0.885,3.7948
57.0398,0.8991,3.8591
57.0400,0.8714,3.7402
57.0402,0.9061,3.8889
57.0404,0.8636,3.7154
57.0406,0.8001,3.4404
57.0408,0.7865,3.3837
57.0410,0.79,3.4003
57.0412,0.7963,3.4255
57.0414,0.7893,3.3909
57.0416,0.7982,3.4338
57.0418,0.7523,3.2332
57.0420,0.7906,3.4013
57.0422,0.7941,3.4146
57.0424,0.8488,3.648
57.0426,0.8371,3.6014
57.0428,0.7494,3.2238
57.0430,0.7325,3.1526
57.0432,0.7566,3.2548
57.0434,0.7921,3.4122
57.0436,0.6277,2.7116
57.0438,0.5107,2.206
57.0440,0.546,2.3556
57.0442,0.5717,2.4651
57.0444,0.617,2.6618
57.0446,0.5747,2.4815
57.0448,0.4897,2.1134
57.0450,0.4863,2.098
57.0452,0.502,2.1677
57.0454,0.5027,2.1708
57.0456,0.5338,2.306
57.0458,0.4533,1.9566
57.0460,0.4921,2.1257
57.0462,0.5027,2.1718
57.0464,0.5079,2.1901
57.0466,0.5554,2.3948
57.0468,0.541,2.336
57.0470,0.4981,2.1536
57.0472,0.4587,1.9836
57.0474,0.4541,1.9606
57.0476,0.4513,1.9478
57.0478,0.4815,2.0782
57.0480,0.5352,2.3069
57.0482,0.5946,2.5639
57.0484,0.5607,2.4164
57.0486,0.5597,2.4123
57.0488,0.5484,2.3626
57.0490,0.5615,2.4223
57.0492,0.569,2.4537
57.0494,0.5645,2.4352
57.0496,0.4915,2.1241
57.0498,0.4608,1.9896
57.0500,0.4591,1.9815
57.0502,0.4622,1.994
57.0504,0.4592,1.9838
57.0506,0.4597,1.9859
57.0508,0.4884,2.1058
57.0510,0.5406,2.3323
57.0512,0.4931,2.1304
57.0514,0.4455,1.9248
57.0516,0.4433,1.9132
57.0518,0.4421,1.9089
57.0520,0.4417,1.9056
57.0522,0.4511,1.9477
57.0524,0.4479,1.9351
57.0526,0.4777,2.0598
57.0528,0.5408,2.3306
57.0530,0.5213,2.2511
57.0532,0.4729,2.041
57.0534,0.4601,1.9847
57.0536,0.4497,1.942
57.0538,0.4499,1.9398
57.0540,0.5086,2.1911
57.0542,0.5459,2.3529
57.0544,0.5625,2.4253
57.0546,0.5651,2.4355
57.0548,0.5513,2.3761
57.0550,0.5523,2.3802
57.0552,0.5598,2.4128
57.0554,0.5536,2.3837
57.0556,0.5496,2.3667
57.0558,0.6208,2.6709
57.0560,0.7048,3.0263
57.0562,0.7464,3.2005
57.0564,0.9014,3.8653
57.0566,0.8453,3.6365
57.0568,0.6175,2.6601
57.0570,0.6032,2.5963
57.0572,0.6134,2.645
57.0574,0.5453,2.3492
57.0576,0.5921,2.5447
57.0578,0.7411,3.1882
57.0580,0.6951,2.9915
57.0582,0.614,2.639
57.0584,0.6526,2.8115
57.0586,0.6393,2.7516
57.0588,0.6641,2.8611
57.0590,0.6262,2.6953
57.0592,0.5997,2.5849
57.0594,0.6181,2.659
57.0596,0.7265,3.1209
57.0598,0.7238,3.1111
57.0600,0.7469,3.2145
57.0602,0.6844,2.9415
57.0604,0.6889,2.9639
57.0606,0.6205,2.6743
57.0608,0.6051,2.6069
57.0610,0.6524,2.8052
57.0612,0.6527,2.8159
57.0614,0.536,2.31
57.0616,0.5519,2.3787
57.0618,0.5092,2.1947
57.0620,0.5487,2.3636
57.0622,0.5653,2.4343
57.0624,0.5404,2.3323
57.0626,0.4259,1.8407
57.0628,0.4209,1.8164
57.0630,0.4628,1.9957
57.0632,0.494,2.133
57.0634,0.4103,1.7717
57.0636,0.3918,1.6919
57.0638,0.3911,1.6896
57.0640,0.3995,1.7243
57.0642,0.4205,1.8157
57.0644,0.4174,1.7989
57.0646,0.5355,2.3058
57.0648,0.6338,2.7215
57.0650,0.7591,3.2641
57.0652,0.6937,2.9831
57.0654,0.6918,2.9735
57.0656,0.7124,3.0593
57.0658,0.73,3.1388
57.0660,0.715,3.0701
57.0662,0.8038,3.4484
57.0664,0.8387,3.5997
57.0666,0.8441,3.6195
57.0668,0.941,4.0274
57.0670,1.0111,4.3276
57.0672,0.9874,4.2299
57.0674,0.928,3.9794
57.0676,0.9502,4.0726
57.0678,0.9678,4.1423
57.0680,0.9876,4.231
57.0682,1.0135,4.3358
57.0684,1.0965,4.6886
57.0686,1.0972,4.6873
57.0688,1.1369,4.8591
57.0690,1.1555,4.9431
57.0692,1.105,4.736
57.0694,0.9452,4.0548
57.0696,0.9031,3.8761
57.0698,0.8623,3.6976
57.0700,0.8985,3.8547
57.0702,0.8632,3.7047
57.0704,0.8453,3.6314
57.0706,0.8507,3.6495
57.0708,0.9254,3.9718
57.0710,0.8801,3.7825
57.0712,0.7814,3.3522
57.0714,0.8642,3.7128
57.0716,0.7869,3.3821
57.0718,0.7774,3.343
57.0720,0.7951,3.4156
57.0722,0.8642,3.7076
57.0724,0.8539,3.6668
57.0726,0.8576,3.6862
57.0728,0.8123,3.4881
57.0730,0.8382,3.5993
57.0732,0.854,3.6724
57.0734,0.7577,3.264
57.0736,0.7163,3.0815
57.0738,0.7659,3.2919
57.0740,0.7749,3.3306
57.0742,0.8129,3.4907
57.0744,0.8529,3.6604
57.0746,0.8477,3.6434
57.0748,0.811,3.4841
57.0750,0.8411,3.6117
57.0752,0.8544,3.6723
57.0754,0.8309,3.5663
57.0756,0.899,3.8604
57.0758,0.8548,3.6755
57.0760,0.7695,3.3074
57.0762,0.8401,3.6093
57.0764,0.8236,3.5431
57.0766,0.7867,3.3858
57.0768,0.693,2.9842
57.0770,0.6864,2.9585
57.0772,0.6542,2.8208
57.0774,0.6102,2.6311
57.0776,0.5861,2.5189
57.0778,0.6996,3.014
57.0780,0.6694,2.8825
57.0782,0.6687,2.882
57.0784,0.6282,2.7048
57.0786,0.6598,2.8425
57.0788,0.6132,2.6415
57.0790,0.6512,2.8053
57.0792,0.6442,2.7753
57.0794,0.6927,2.9812
57.0796,0.685,2.9427
57.0798,0.7146,3.0742
57.0800,0.7512,3.2316
57.0802,0.7342,3.1642
57.0804,0.6383,2.75
57.0806,0.6366,2.7397
57.0808,0.6586,2.8373
57.0810,0.74,3.1791
57.0812,0.8163,3.5067
57.0814,0.7705,3.3131
57.0816,0.7397,3.185
57.0818,0.6473,2.7926
57.0820,0.5473,2.3612
57.0822,0.5342,2.3043
57.0824,0.5398,2.3308
57.0826,0.5346,2.3064
57.0828,0.5388,2.3245
57.0830,0.5384,2.3214
57.0832,0.5879,2.5349
57.0834,0.5521,2.383
57.0836,0.5372,2.3184
57.0838,0.5344,2.3054
57.0840,0.5369,2.3152
57.0842,0.5375,2.3145
57.0844,0.6719,2.8906
57.0846,0.6791,2.927
57.0848,0.547,2.3586
57.0850,0.53,2.2884
57.0852,0.5328,2.2987
57.0854,0.528,2.278
57.0856,0.5278,2.2759
57.0858,0.5313,2.2919
57.0860,0.5322,2.2939
57.0862,0.5312,2.2861
57.0864,0.6093,2.6214
57.0866,0.63,2.7139
57.0868,0.6324,2.7242
57.0870,0.6207,2.6741
57.0872,0.6322,2.7237
57.0874,0.6529,2.8099
57.0876,0.6768,2.909
57.0878,0.7588,3.2631
57.0880,0.7306,3.1414
57.0882,0.7542,3.2429
57.0884,0.7523,3.2362
57.0886,0.7226,3.1117
57.0888,0.7196,3.0945
57.0890,0.7818,3.3568
57.0892,0.8382,3.596
57.0894,0.8668,3.7201
57.0896,0.8347,3.5861
57.0898,0.7509,3.2335
57.0900,0.6603,2.8472
57.0902,0.6194,2.6672
57.0904,0.6473,2.7849
57.0906,0.6844,2.947
57.0908,0.6816,2.9324
57.0910,0.7457,3.2034
57.0912,0.7827,3.3625
57.0914,0.7563,3.2507
57.0916,0.685,2.9509
57.0918,0.6907,2.9757
57.0920,0.6717,2.8936
57.0922,0.5913,2.5499
57.0924,0.5669,2.4433
57.0926,0.5728,2.4709
57.0928,0.508,2.1885
57.0930,0.5348,2.3048
57.0932,0.5277,2.2764
57.0934,0.5517,2.3821
57.0936,0.4579,1.979
57.0938,0.3856,1.6658
57.0940,0.3905,1.6878
57.0942,0.3954,1.7059
57.0944,0.4643,2.0028
57.0946,0.4308,1.8602
57.0948,0.4626,1.9955
57.0950,0.4655,2.0098
57.0952,0.4002,1.7298
57.0954,0.393,1.6995
57.0956,0.3905,1.6878
57.0958,0.3876,1.6738
57.0960,0.3908,1.6881
57.0962,0.3938,1.7018
57.0964,0.4264,1.8385
57.0966,0.4402,1.8997
57.0968,0.3774,1.6306
57.0970,0.4057,1.7536
57.0972,0.4024,1.7375
57.0974,0.4331,1.8692
57.0976,0.4235,1.8295
57.0978,0.4542,1.9575
57.0980,0.5782,2.4907
57.0982,0.6178,2.6567
57.0984,0.668,2.8722
57.0986,0.6624,2.8472
57.0988,0.697,2.9956
57.0990,0.7421,3.1909
57.0992,0.7089,3.0466
57.0994,0.7411,3.1823
57.0996,0.8157,3.5009
57.0998,0.8623,3.6976
57.1000,0.8773,3.7619
57.1002,0.8774,3.7624
57.1004,0.8734,3.7467
57.1006,0.8663,3.7198
57.1008,0.8258,3.5408
57.1010,0.8515,3.6514
57.1012,0.8829,3.7843
57.1014,0.8969,3.8439
57.1016,0.9805,4.1987
57.1018,1.0136,4.3445
57.1020,0.9717,4.1588
57.1022,0.9779,4.1933
57.1024,0.966,4.1443
57.1026,0.9449,4.0462
57.1028,0.9947,4.2613
57.1030,0.9791,4.1906
57.1032,1.0441,4.4624
57.1034,1.1242,4.8115
57.1036,1.1159,4.7783
57.1038,1.1127,4.7645
57.1040,1.011,4.3311
57.1042,1.0371,4.4348
57.1044,1.0772,4.6168
57.1046,0.9981,4.2776
57.1048,0.9518,4.085
57.1050,0.9421,4.0339
57.1052,1.0279,4.4015
57.1054,1.0916,4.6741
57.1056,1.0339,4.4313
57.1058,0.9995,4.2838
57.1060,0.9696,4.1559
57.1062,0.9375,4.0331
57.1064,0.8134,3.4944
57.1066,0.8915,3.8226
57.1068,0.9011,3.8745
57.1070,0.805,3.4599
57.1072,0.8302,3.5665
57.1074,0.806,3.4673
57.1076,0.7562,3.2517
57.1078,0.7365,3.1672
57.1080,0.7057,3.0361
57.1082,0.7466,3.212
57.1084,0.7919,3.4038
57.1086,0.8043,3.4568
57.1088,0.8136,3.4954
57.1090,0.8412,3.6122
57.1092,0.8603,3.6975
57.1094,0.7973,3.4301
57.1096,0.7267,3.1278
57.1098,0.7074,3.0475
57.1100,0.6255,2.6985
57.1102,0.6039,2.6066
57.1104,0.5375,2.3188
57.1106,0.5303,2.2878
57.1108,0.5137,2.2169
57.1110,0.5554,2.3959
57.1112,0.5571,2.4065
57.1114,0.5206,2.2428
57.1116,0.62,2.671
57.1118,0.6158,2.6554
57.1120,0.5826,2.5122
57.1122,0.5674,2.4476
57.1124,0.5007,2.162
57.1126,0.4839,2.0896
57.1128,0.531,2.2898
57.1130,0.5742,2.4748
57.1132,0.5839,2.5213
57.1134,0.4988,2.1548
57.1136,0.4973,2.1456
57.1138,0.4995,2.1529
57.1140,0.5643,2.4308
57.1142,0.6274,2.703
57.1144,0.6466,2.7895
57.1146,0.5078,2.1926
57.1148,0.405,1.7513
57.1150,0.402,1.7368
57.1152,0.4484,1.9381
57.1154,0.4382,1.8923
57.1156,0.4292,1.8535
57.1158,0.4367,1.8856
57.1160,0.4484,1.9363
57.1162,0.4422,1.9103
57.1164,0.4337,1.8726
57.1166,0.4378,1.8894
57.1168,0.4941,2.1346
57.1170,0.4543,1.9617
57.1172,0.4434,1.9137
57.1174,0.4339,1.8728
57.1176,0.4319,1.864
57.1178,0.433,1.8695
57.1180,0.4496,1.9406
57.1182,0.4873,2.1011
57.1184,0.4947,2.1322
57.1186,0.53,2.282
57.1188,0.6163,2.655
57.1190,0.5943,2.5604
57.1192,0.5774,2.4865
57.1194,0.5983,2.5739
57.1196,0.6188,2.6658
57.1198,0.5816,2.5057
57.1200,0.5906,2.5421
57.1202,0.6147,2.6495
57.1204,0.5651,2.4344
57.1206,0.6228,2.6829
57.1208,0.6264,2.6933
57.1210,0.6542,2.813
57.1212,0.656,2.8233
57.1214,0.6675,2.8702
57.1216,0.6876,2.9554
57.1218,0.705,3.033
57.1220,0.7147,3.0762
57.1222,0.7138,3.0678
57.1224,0.7585,3.257
57.1226,0.7707,3.3079
57.1228,0.7612,3.2688
57.1230,0.7553,3.2461
57.1232,0.7575,3.2604
57.1234,0.6978,3.0048
57.1236,0.6298,2.7146
57.1238,0.5575,2.4041
57.1240,0.5396,2.3255
57.1242,0.5699,2.4528
57.1244,0.611,2.631
57.1246,0.565,2.435
57.1248,0.5357,2.3079
57.1250,0.5374,2.3183
57.1252,0.5288,2.2811
57.1254,0.5255,2.2661
57.1256,0.5236,2.2567
57.1258,0.5283,2.2779
57.1260,0.5122,2.2087
57.1262,0.5171,2.2299
57.1264,0.5688,2.4493
57.1266,0.5427,2.34
57.1268,0.5363,2.3083
57.1270,0.6404,2.7562
57.1272,0.631,2.716
57.1274,0.6079,2.6164
57.1276,0.6622,2.8475
57.1278,0.6636,2.8537
57.1280,0.643,2.7676
57.1282,0.6267,2.6999
57.1284,0.6164,2.6555
57.1286,0.5893,2.5376
57.1288,0.5632,2.4284
57.1290,0.5355,2.3122
57.1292,0.4375,1.8901
57.1294,0.4071,1.7552
57.1296,0.4633,1.9987
57.1298,0.4025,1.738
57.1300,0.4029,1.7404
57.1302,0.3966,1.7119
57.1304,0.3987,1.7214
57.1306,0.3926,1.6943
57.1308,0.4134,1.7826
57.1310,0.5151,2.218
57.1312,0.606,2.6093
57.1314,0.584,2.5125
57.1316,0.5964,2.5656
57.1318,0.6253,2.6937
57.1320,0.59,2.5383
57.1322,0.6421,2.7609
57.1324,0.6985,2.9995
57.1326,0.7696,3.3064
57.1328,0.7265,3.1224
57.1330,0.7374,3.1649
57.1332,0.7979,3.4247
57.1334,0.815,3.4946
57.1336,0.9633,4.1228
57.1338,1.0044,4.2968
57.1340,0.987,4.2264
57.1342,0.9705,4.1536
57.1344,0.9723,4.1574
57.1346,1.0292,4.4051
57.1348,1.0038,4.2983
57.1350,0.9948,4.2618
57.1352,1.0275,4.3958
57.1354,1.0991,4.7021
57.1356,1.0712,4.5847
57.1358,1.0343,4.4328
57.1360,0.9248,3.9637
57.1362,0.8758,3.7605
57.1364,0.8394,3.6045
57.1366,0.867,3.7212
57.1368,0.8364,3.5916
57.1370,0.8755,3.7524
57.1372,0.9928,4.257
57.1374,0.8945,3.8408
57.1376,0.8393,3.6023
57.1378,0.8939,3.8382
57.1380,0.8127,3.4962
57.1382,0.813,3.4977
57.1384,0.8019,3.4417
57.1386,0.8496,3.6482
57.1388,0.8463,3.6355
57.1390,0.8235,3.536
57.1392,0.803,3.448
57.1394,0.8013,3.4472
57.1396,0.7701,3.3115
57.1398,0.8009,3.4424
57.1400,0.827,3.5493
57.1402,0.8214,3.5305
57.1404,0.7419,3.1844
57.1406,0.8202,3.5237
57.1408,0.8041,3.459
57.1410,0.7965,3.4186
57.1412,0.8521,3.6625
57.1414,0.7948,3.4209
57.1416,0.7789,3.3507
57.1418,0.711,3.0602
57.1420,0.6686,2.8788
57.1422,0.6669,2.8716
57.1424,0.7172,3.0784
57.1426,0.8377,3.5989
57.1428,0.8139,3.4948
57.1430,0.8502,3.6542
57.1432,0.8249,3.5504
57.1434,0.7353,3.1591
57.1436,0.8035,3.4548
57.1438,0.7507,3.2265
57.1440,0.7136,3.073
57.1442,0.6801,2.9284
57.1444,0.6899,2.9707
57.1446,0.671,2.8918
57.1448,0.6172,2.6566
57.1450,0.6532,2.8141
57.1452,0.6453,2.7838
57.1454,0.5929,2.5566
57.1456,0.5753,2.4783
57.1458,0.5768,2.4873
57.1460,0.5755,2.4828
57.1462,0.626,2.6956
57.1464,0.647,2.7859
57.1466,0.6244,2.6938
57.1468,0.6026,2.5985
57.1470,0.5809,2.5014
57.1472,0.6211,2.6719
57.1474,0.6567,2.833
57.1476,0.6487,2.7918
57.1478,0.7561,3.2557
57.1480,0.632,2.7264
57.1482,0.5147,2.2206
57.1484,0.5382,2.3219
57.1486,0.5819,2.5056
57.1488,0.6218,2.6762
57.1490,0.63,2.7113
57.1492,0.6285,2.7114
57.1494,0.5483,2.3665
57.1496,0.5354,2.3074
57.1498,0.533,2.2992
57.1500,0.5325,2.2971
57.1502,0.5312,2.2904
57.1504,0.5325,2.295
57.1506,0.5343,2.3049
57.1508,0.5363,2.3104
57.1510,0.6535,2.8125
57.1512,0.6746,2.9114
57.1514,0.5544,2.3907
57.1516,0.5411,2.3333
57.1518,0.5302,2.2852
57.1520,0.5424,2.339
57.1522,0.5404,2.3302
57.1524,0.5366,2.3147
57.1526,0.5302,2.2862
57.1528,0.5285,2.279
57.1530,0.5533,2.3838
57.1532,0.6256,2.6953
57.1534,0.6061,2.6123
57.1536,0.5638,2.4276
57.1538,0.6168,2.657
57.1540,0.6363,2.7387
57.1542,0.6376,2.7444
57.1544,0.6824,2.9355
57.1546,0.7442,3.2002
57.1548,0.677,2.915
57.1550,0.6417,2.7632
57.1552,0.6647,2.857
57.1554,0.7459,3.2029
57.1556,0.8343,3.584
57.1558,0.8026,3.4512
57.1560,0.764,3.2837
57.1562,0.7485,3.2187
57.1564,0.7626,3.2775
57.1566,0.7301,3.1408
57.1568,0.6586,2.836
57.1570,0.629,2.7085
57.1572,0.6339,2.7258
57.1574,0.7278,3.1339
57.1576,0.7181,3.0834
57.1578,0.8228,3.5395
57.1580,0.7461,3.2084
57.1582,0.7249,3.12
57.1584,0.7136,3.0658
57.1586,0.7376,3.1718
57.1588,0.7214,3.1022
57.1590,0.7401,3.1826
57.1592,0.7129,3.067
57.1594,0.7231,3.1109
57.1596,0.7302,3.1428
57.1598,0.6907,2.973
57.1600,0.6662,2.8698
57.1602,0.6822,2.935
57.1604,0.6982,3.005
57.1606,0.6939,2.9878
57.1608,0.7541,3.2424
57.1610,0.7129,3.0699
57.1612,0.6398,2.7562
57.1614,0.5919,2.5537
57.1616,0.5342,2.3043
57.1618,0.5085,2.1916
57.1620,0.5061,2.1843
57.1622,0.5155,2.2237
57.1624,0.5291,2.2805
57.1626,0.5812,2.5036
57.1628,0.5742,2.4737
57.1630,0.6109,2.6342
57.1632,0.576,2.4826
57.1634,0.4978,2.1496
57.1636,0.4167,1.7999
57.1638,0.4111,1.7736
57.1640,0.5146,2.2139
57.1642,0.6096,2.6297
57.1644,0.5336,2.3018
57.1646,0.5628,2.4257
57.1648,0.5884,2.5346
57.1650,0.5834,2.5158
57.1652,0.5786,2.4905
57.1654,0.6421,2.7583
57.1656,0.7387,3.1735
57.1658,0.7772,3.3419
57.1660,0.7315,3.147
57.1662,0.7556,3.2446
57.1664,0.8232,3.535
57.1666,0.7864,3.3769
57.1668,0.8261,3.544
57.1670,0.915,3.9252
57.1672,0.9362,4.0106
57.1674,0.9917,4.2484
57.1676,0.9982,4.2762
57.1678,1.0115,4.3271
57.1680,1.116,4.7766
57.1682,1.0829,4.6285
57.1684,1.1141,4.7662
57.1686,1.0759,4.6069
57.1688,1.0864,4.6477
57.1690,1.1326,4.8429
57.1692,1.1202,4.8013
57.1694,0.9954,4.2663
57.1696,0.9598,4.1195
57.1698,0.9397,4.0311
57.1700,0.9734,4.1718
57.1702,0.9698,4.1622
57.1704,0.8554,3.673
57.1706,0.8961,3.848
57.1708,0.8928,3.8336
57.1710,0.8523,3.6664
57.1712,0.7364,3.1652
57.1714,0.7638,3.2872
57.1716,0.7238,3.1125
57.1718,0.7231,3.1138
57.1720,0.697,2.9998
57.1722,0.7291,3.1352
57.1724,0.7501,3.2254
57.1726,0.717,3.0889
57.1728,0.7061,3.0376
57.1730,0.7333,3.1518
57.1732,0.7566,3.2548
57.1734,0.7019,3.0238
57.1736,0.6611,2.8442
57.1738,0.7496,3.2279
57.1740,0.694,2.9883
57.1742,0.7206,3.1015
57.1744,0.6915,2.9733
57.1746,0.7254,3.1221
57.1748,0.694,2.9841
57.1750,0.7695,3.3089
57.1752,0.7898,3.3977
57.1754,0.6978,3.0076
57.1756,0.6276,2.7023
57.1758,0.6753,2.9091
57.1760,0.72,3.0974
57.1762,0.7126,3.0669
57.1764,0.6539,2.8185
57.1766,0.6401,2.7578
57.1768,0.6186,2.6685
57.1770,0.5265,2.2744
57.1772,0.5491,2.3668
57.1774,0.6988,3.0075
57.1776,0.6618,2.8539
57.1778,0.624,2.6893
57.1780,0.5994,2.5845
57.1782,0.5485,2.3642
57.1784,0.5866,2.5269
57.1786,0.608,2.6242
57.1788,0.5524,2.383
57.1790,0.5415,2.3359
57.1792,0.5135,2.2164
57.1794,0.5113,2.2066
57.1796,0.5091,2.1982
57.1798,0.4978,2.1476
57.1800,0.4922,2.1223
57.1802,0.5364,2.3141
57.1804,0.5743,2.4753
57.1806,0.6219,2.6779
57.1808,0.6313,2.7245
57.1810,0.5109,2.2029
57.1812,0.5717,2.4593
57.1814,0.6712,2.8861
57.1816,0.7221,3.1081
57.1818,0.6833,2.9464
57.1820,0.5885,2.5363
57.1822,0.5796,2.498
57.1824,0.578,2.4936
57.1826,0.5996,2.5807
57.1828,0.6765,2.9169
57.1830,0.5455,2.3534
57.1832,0.4844,2.0906
57.1834,0.4506,1.9465
57.1836,0.4499,1.9434
57.1838,0.4678,2.0173
57.1840,0.5748,2.4762
57.1842,0.5298,2.2878
57.1844,0.4604,1.988
57.1846,0.4579,1.9753
57.1848,0.4541,1.9588
57.1850,0.4539,1.9583
57.1852,0.4539,1.9601
57.1854,0.4567,1.972
57.1856,0.4806,2.0741
57.1858,0.4681,2.0193
57.1860,0.4513,1.9478
57.1862,0.4517,1.9503
57.1864,0.4766,2.0532
57.1866,0.5551,2.3893
57.1868,0.6157,2.6499
57.1870,0.6584,2.8336
57.1872,0.6893,2.9667
57.1874,0.6359,2.7422
57.1876,0.5699,2.4562
57.1878,0.5718,2.4656
57.1880,0.5769,2.4843
57.1882,0.6182,2.6607
57.1884,0.634,2.7263
57.1886,0.6973,2.9971
57.1888,0.7455,3.2028
57.1890,0.82,3.5243
57.1892,0.7865,3.3789
57.1894,0.7846,3.3707
57.1896,0.8402,3.6097
57.1898,0.8062,3.4634
57.1900,0.7678,3.297
57.1902,0.7679,3.3037
57.1904,0.7106,3.0572
57.1906,0.7081,3.0492
57.1908,0.5746,2.4763
57.1910,0.5483,2.3664
57.1912,0.5379,2.3203
57.1914,0.5597,2.4089
57.1916,0.5732,2.4695
57.1918,0.5431,2.3431
57.1920,0.5429,2.3399
57.1922,0.5886,2.5368
57.1924,0.5901,2.5411
57.1926,0.5901,2.5411
57.1928,0.6117,2.6341
57.1930,0.6247,2.6898
57.1932,0.6403,2.7595
57.1934,0.5305,2.2856
57.1936,0.5578,2.404
57.1938,0.5603,2.4126
57.1940,0.6068,2.6129
57.1942,0.6069,2.6146
57.1944,0.6024,2.5962
57.1946,0.5172,2.2334
57.1948,0.4129,1.7839
57.1950,0.4023,1.7378
57.1952,0.399,1.723
57.1954,0.4128,1.7825
57.1956,0.4279,1.8469
57.1958,0.4594,1.9839
57.1960,0.4053,1.7499
57.1962,0.3953,1.7069
57.1964,0.3983,1.7183
57.1966,0.4144,1.7892
57.1968,0.3887,1.6784
57.1970,0.4604,1.9825
57.1972,0.5528,2.3839
57.1974,0.5466,2.3559
57.1976,0.56,2.4093
57.1978,0.6073,2.6113
57.1980,0.6632,2.8489
57.1982,0.6784,2.9157
57.1984,0.6991,3.0034
57.1986,0.7299,3.1358
57.1988,0.7092,3.0453
57.1990,0.7428,3.1895
57.1992,0.822,3.5265
57.1994,0.8521,3.6573
57.1996,0.8118,3.4795
57.1998,0.8598,3.6833
57.2000,0.9464,4.0542
57.2002,0.9842,4.2145
57.2004,0.9998,4.2833
57.2006,1.0211,4.3721
57.2008,1.0191,4.368
57.2010,1.0376,4.4388
57.2012,1.1059,4.729
57.2014,1.0657,4.5589
57.2016,1.1213,4.7969
57.2018,1.1508,4.9161
57.2020,1.1472,4.9122
57.2022,1.0299,4.4143
57.2024,1.0011,4.2929
57.2026,1.0926,4.6721
57.2028,1.1236,4.8044
57.2030,1.0894,4.6648
57.2032,1.0442,4.4691
57.2034,1.0821,4.627
57.2036,1.1159,4.7782
57.2038,1.0502,4.5032
57.2040,0.9577,4.1087
57.2042,0.9179,3.9416
57.2044,0.8494,3.6454
57.2046,0.8707,3.7353
57.2048,0.826,3.5517
57.2050,0.7839,3.3723
57.2052,0.7638,3.2826
57.2054,0.8167,3.5104
57.2056,0.7886,3.3893
57.2058,0.7851,3.3728
57.2060,0.8184,3.5127
57.2062,0.8732,3.7444
57.2064,0.8968,3.8528
57.2066,0.7808,3.3573
57.2068,0.8129,3.4971
57.2070,0.7849,3.3733
57.2072,0.8268,3.5504
57.2074,0.8518,3.6591
57.2076,0.8552,3.6707
57.2078,0.8702,3.735
57.2080,0.8452,3.6325
57.2082,0.8038,3.4547
57.2084,0.8585,3.688
57.2086,0.8419,3.6203
57.2088,0.8131,3.4949
57.2090,0.7932,3.4094
57.2092,0.779,3.3543
57.2094,0.7135,3.0695
57.2096,0.7044,3.036
57.2098,0.6054,2.6103
57.2100,0.656,2.8285
57.2102,0.6198,2.6736
57.2104,0.5766,2.4828
57.2106,0.6664,2.8682
57.2108,0.6628,2.8593
57.2110,0.5852,2.5246
57.2112,0.5615,2.4222
57.2114,0.5557,2.3963
57.2116,0.5603,2.4171
57.2118,0.5725,2.4698
57.2120,0.5855,2.5233
57.2122,0.6329,2.728
57.2124,0.5593,2.4129
57.2126,0.5014,2.1641
57.2128,0.5031,2.1713
57.2130,0.527,2.2722
57.2132,0.5419,2.3401
57.2134,0.5893,2.5399
57.2136,0.6228,2.6853
57.2138,0.569,2.4503
57.2140,0.6837,2.9438
57.2142,0.6299,2.7176
57.2144,0.5395,2.3254
57.2146,0.5539,2.3896
57.2148,0.528,2.2769
57.2150,0.5156,2.2252
57.2152,0.5108,2.2055
57.2154,0.5175,2.2324
57.2156,0.5304,2.2861
57.2158,0.5169,2.2298
57.2160,0.5157,2.2236
57.2162,0.5648,2.4356
57.2164,0.5235,2.2583
57.2166,0.531,2.2909
57.2168,0.5178,2.235
57.2170,0.5099,2.1998
57.2172,0.5404,2.329
57.2174,0.6022,2.5921
57.2176,0.5979,2.5747
57.2178,0.5942,2.5599
57.2180,0.6542,2.8129
57.2182,0.6805,2.929
57.2184,0.6555,2.8238
57.2186,0.6599,2.8416
57.2188,0.6723,2.8921
57.2190,0.6873,2.9593
57.2192,0.6586,2.8333
57.2194,0.6768,2.9103
57.2196,0.7054,3.0359
57.2198,0.6592,2.8398
57.2200,0.6326,2.7239
57.2202,0.6272,2.7007
57.2204,0.6359,2.7371
57.2206,0.6839,2.9408
57.2208,0.7135,3.071
57.2210,0.7069,3.0412
57.2212,0.7118,3.0595
57.2214,0.7233,3.1075
57.2216,0.7338,3.1552
57.2218,0.7702,3.315
57.2220,0.784,3.3681
57.2222,0.7853,3.3738
57.2224,0.794,3.4109
57.2226,0.8417,3.6142
57.2228,0.845,3.6252
57.2230,0.8346,3.5822
57.2232,0.7663,3.2965
57.2234,0.6929,2.9864
57.2236,0.6459,2.7825
57.2238,0.7081,3.0449
57.2240,0.7314,3.1435
57.2242,0.7299,3.1417
57.2244,0.6652,2.8643
57.2246,0.653,2.8117
57.2248,0.6539,2.8145
57.2250,0.7132,3.068
57.2252,0.7154,3.0778
57.2254,0.6965,2.9977
57.2256,0.7046,3.0328
57.2258,0.6353,2.737
57.2260,0.5761,2.4842
57.2262,0.524,2.2603
57.2264,0.534,2.3081
57.2266,0.4284,1.8515
57.2268,0.4048,1.747
57.2270,0.4824,2.0789
57.2272,0.5651,2.4355
57.2274,0.5439,2.344
57.2276,0.5001,2.1614
57.2278,0.4271,1.8424
57.2280,0.4581,1.9782
57.2282,0.4079,1.7613
57.2284,0.4207,1.815
57.2286,0.4826,2.0819
57.2288,0.5141,2.219
57.2290,0.5121,2.2071
57.2292,0.524,2.2572
57.2294,0.5188,2.2391
57.2296,0.4658,2.0132
57.2298,0.4132,1.7857
57.2300,0.4373,1.8846
57.2302,0.5459,2.3528
57.2304,0.5148,2.221
57.2306,0.4889,2.1093
57.2308,0.506,2.1807
57.2310,0.5389,2.3196
57.2312,0.5993,2.5816
57.2314,0.5927,2.5543
57.2316,0.5805,2.4998
57.2318,0.6457,2.7724
57.2320,0.7502,3.2229
57.2322,0.7434,3.1965
57.2324,0.7392,3.1755
57.2326,0.8049,3.4529
57.2328,0.7919,3.4005
57.2330,0.803,3.4479
57.2332,0.8622,3.6971
57.2334,0.9296,3.9841
57.2336,0.933,3.9972
57.2338,0.9533,4.0802
57.2340,1.0049,4.3048
57.2342,0.9799,4.198
57.2344,0.9479,4.0647
57.2346,0.9718,4.1631
57.2348,0.9914,4.2513
57.2350,0.9587,4.1109
57.2352,0.9895,4.2411
57.2354,0.9747,4.1774
57.2356,0.9586,4.1104
57.2358,0.9094,3.8978
57.2360,0.8858,3.8001
57.2362,0.9605,4.1186
57.2364,0.9631,4.1319
57.2366,0.8954,3.8413
57.2368,0.8706,3.7383
57.2370,0.8402,3.608
57.2372,0.8488,3.648
57.2374,0.7415,3.1882
57.2376,0.7367,3.1676
57.2378,0.7593,3.2651
57.2380,0.8215,3.5293
57.2382,0.8219,3.5325
57.2384,0.8009,3.4375
57.2386,0.8498,3.6441
57.2388,0.879,3.7761
57.2390,0.8039,3.4552
57.2392,0.809,3.4753
57.2394,0.8567,3.6803
57.2396,0.8604,3.6997
57.2398,0.7719,3.3192
57.2400,0.7598,3.2686
57.2402,0.77,3.3094
57.2404,0.8344,3.5828
57.2406,0.8229,3.5399
57.2408,0.7299,3.1387
57.2410,0.7664,3.2955
57.2412,0.7989,3.4384
57.2414,0.7783,3.3434
57.2416,0.8307,3.5652
57.2418,0.8437,3.6246
57.2420,0.7924,3.4073
57.2422,0.6937,2.99
57.2424,0.6097,2.6277
57.2426,0.582,2.5107
57.2428,0.5758,2.4803
57.2430,0.626,2.7018
57.2432,0.5696,2.4563
57.2434,0.6034,2.6009
57.2436,0.584,2.516
57.2438,0.6441,2.7696
57.2440,0.6742,2.9057
57.2442,0.5791,2.5017
57.2444,0.5045,2.1786
57.2446,0.4867,2.1014
57.2448,0.4953,2.1367
57.2450,0.5701,2.4572
57.2452,0.5777,2.4909
57.2454,0.5111,2.204
57.2456,0.4898,2.1129
57.2458,0.4814,2.0758
57.2460,0.4941,2.1325
57.2462,0.4951,2.1377
57.2464,0.5188,2.236
57.2466,0.5614,2.4228
57.2468,0.4686,2.0214
57.2470,0.4905,2.119
57.2472,0.5136,2.2138
57.2474,0.5726,2.4669
57.2476,0.5603,2.4171
57.2478,0.5288,2.2842
57.2480,0.4618,1.9933
57.2482,0.5021,2.1642
57.2484,0.5262,2.2733
57.2486,0.4693,2.0245
57.2488,0.5097,2.1988
57.2490,0.5424,2.3378
57.2492,0.5413,2.3343
57.2494,0.5555,2.3964
57.2496,0.559,2.4091
57.2498,0.5485,2.3642
57.2500,0.5603,2.4137
57.2502,0.5641,2.4302
57.2504,0.516,2.2252
57.2506,0.4559,1.9675
57.2508,0.4501,1.9435
57.2510,0.4459,1.9245
57.2512,0.4464,1.9275
57.2514,0.4458,1.9249
57.2516,0.4469,1.9295
57.2518,0.4467,1.929
57.2520,0.4461,1.9255
57.2522,0.4493,1.9399
57.2524,0.4686,2.0204
57.2526,0.4877,2.1022
57.2528,0.5272,2.2733
57.2530,0.5684,2.4488
57.2532,0.5656,2.4353
57.2534,0.57,2.4567
57.2536,0.5714,2.4629
57.2538,0.567,2.4426
57.2540,0.5981,2.5728
57.2542,0.5874,2.5304
57.2544,0.5572,2.3992
57.2546,0.5702,2.4554
57.2548,0.6278,2.7007
57.2550,0.6512,2.7961
57.2552,0.7458,3.2008
57.2554,0.765,3.2878
57.2556,0.6829,2.9394
57.2558,0.6652,2.859
57.2560,0.6879,2.9619
57.2562,0.5618,2.4215
57.2564,0.5552,2.3931
57.2566,0.604,2.601
57.2568,0.5873,2.5252
57.2570,0.6759,2.9062
57.2572,0.6783,2.9192
57.2574,0.6404,2.7587
57.2576,0.5761,2.4819
57.2578,0.594,2.5588
57.2580,0.6207,2.6703
57.2582,0.6335,2.7268
57.2584,0.6521,2.8028
57.2586,0.7399,3.1801
57.2588,0.6785,2.9203
57.2590,0.6311,2.719
57.2592,0.5851,2.5183
57.2594,0.6254,2.6942
57.2596,0.6296,2.7072
57.2598,0.7075,3.0409
57.2600,0.7175,3.0866
57.2602,0.7236,3.1085
57.2604,0.7639,3.2831
57.2606,0.7329,3.1487
57.2608,0.713,3.0646
57.2610,0.7338,3.1538
57.2612,0.7902,3.3917
57.2614,0.8195,3.5189
57.2616,0.7558,3.2577
57.2618,0.582,2.5072
57.2620,0.5351,2.3084
57.2622,0.4181,1.8045
57.2624,0.4151,1.7915
57.2626,0.423,1.8265
57.2628,0.4135,1.7856
57.2630,0.4087,1.7633
57.2632,0.4885,2.1033
57.2634,0.5617,2.4233
57.2636,0.509,2.1926
57.2638,0.5056,2.1792
57.2640,0.5079,2.187
57.2642,0.5906,2.5432
57.2644,0.5736,2.4687
57.2646,0.6145,2.6472
57.2648,0.5833,2.514
57.2650,0.5787,2.4909
57.2652,0.6596,2.8361
57.2654,0.7012,3.015
57.2656,0.7169,3.0811
57.2658,0.7208,3.0952
57.2660,0.7809,3.3547
57.2662,0.8097,3.4784
57.2664,0.9,3.8554
57.2666,0.9944,4.2562
57.2668,0.9857,4.2187
57.2670,0.9741,4.1767
57.2672,0.9195,3.941
57.2674,0.9212,3.9463
57.2676,0.9471,4.0573
57.2678,0.9335,4.003
57.2680,0.9434,4.0395
57.2682,0.9732,4.1712
57.2684,0.9443,4.0511
57.2686,0.9225,3.952
57.2688,0.952,4.0802
57.2690,0.9683,4.1501
57.2692,0.958,4.1098
57.2694,0.8679,3.7235
57.2696,0.8671,3.7251
57.2698,0.85,3.6446
57.2700,0.8914,3.8225
57.2702,0.9057,3.8873
57.2704,0.9024,3.8693
57.2706,0.9218,3.9489
57.2708,0.9348,4.0124
57.2710,0.8538,3.6696
57.2712,0.7978,3.429
57.2714,0.7783,3.345
57.2716,0.7563,3.2491
57.2718,0.7707,3.3125
57.2720,0.7896,3.3939
57.2722,0.7875,3.3862
57.2724,0.7802,3.3548
57.2726,0.8127,3.4912
57.2728,0.8537,3.6623
57.2730,0.8807,3.7833
57.2732,0.8223,3.5324
57.2734,0.8284,3.5537
57.2736,0.8613,3.6969
57.2738,0.8525,3.6588
57.2740,0.8527,3.665
57.2742,0.8423,3.6185
57.2744,0.8369,3.5953
57.2746,0.7847,3.3712
57.2748,0.7708,3.313
57.2750,0.8268,3.5504
57.2752,0.794,3.4109
57.2754,0.7539,3.2449
57.2756,0.6978,3.0062
57.2758,0.7105,3.0566
57.2760,0.7443,3.2066
57.2762,0.6122,2.641
57.2764,0.5717,2.4662
57.2766,0.558,2.405
57.2768,0.5821,2.5031
57.2770,0.6917,2.9798
57.2772,0.6488,2.7949
57.2774,0.6865,2.9535
57.2776,0.7183,3.0945
57.2778,0.6804,2.9326
57.2780,0.6302,2.7148
57.2782,0.6676,2.872
57.2784,0.7184,3.0892
57.2786,0.6768,2.9131
57.2788,0.698,3.0058
57.2790,0.6925,2.9807
57.2792,0.6821,2.9385
57.2794,0.6153,2.6496
57.2796,0.6112,2.6357
57.2798,0.6206,2.6723
57.2800,0.6598,2.8398
57.2802,0.7233,3.1104
57.2804,0.7802,3.3501
57.2806,0.8155,3.5069
57.2808,0.7466,3.2179
57.2810,0.6417,2.7644
57.2812,0.614,2.6488
57.2814,0.5463,2.3544
57.2816,0.5304,2.2883
57.2818,0.5267,2.2733
57.2820,0.5268,2.2749
57.2822,0.5278,2.2769
57.2824,0.5448,2.3493
57.2826,0.5373,2.3178
57.2828,0.5303,2.2867
57.2830,0.5435,2.3425
57.2832,0.5436,2.3452
57.2834,0.5419,2.3358
57.2836,0.607,2.6091
57.2838,0.7055,3.0364
57.2840,0.657,2.8332
57.2842,0.5545,2.39
57.2844,0.5808,2.5032
57.2846,0.5496,2.371
57.2848,0.5279,2.2774
57.2850,0.529,2.2799
57.2852,0.5663,2.4407
57.2854,0.5459,2.3539
57.2856,0.5353,2.3095
57.2858,0.5832,2.51
57.2860,0.6594,2.8395
57.2862,0.6421,2.766
57.2864,0.6415,2.7608
57.2866,0.6385,2.7479
57.2868,0.6473,2.7835
57.2870,0.7289,3.1326
57.2872,0.7697,3.3099
57.2874,0.7124,3.0635
57.2876,0.7694,3.3068
57.2878,0.7723,3.3146
57.2880,0.8446,3.6265
57.2882,0.7508,3.233
57.2884,0.6259,2.6937
57.2886,0.6094,2.6243
57.2888,0.6532,2.8114
57.2890,0.7244,3.1165
57.2892,0.7145,3.0722
57.2894,0.7328,3.1511
57.2896,0.7377,3.1737
57.2898,0.7727,3.3197
57.2900,0.7584,3.2609
57.2902,0.7513,3.2275
57.2904,0.8099,3.4778
57.2906,0.801,3.4461
57.2908,0.7217,3.1061
57.2910,0.6582,2.8317
57.2912,0.6867,2.954
57.2914,0.6726,2.8963
57.2916,0.5933,2.5581
57.2918,0.5989,2.5836
57.2920,0.4792,2.0693
57.2922,0.4148,1.7921
57.2924,0.4096,1.771
57.2926,0.3959,1.7111
57.2928,0.4018,1.7341
57.2930,0.4128,1.7825
57.2932,0.4115,1.7768
57.2934,0.4826,2.0771
57.2936,0.5749,2.4813
57.2938,0.4368,1.8878
57.2940,0.4077,1.7619
57.2942,0.4086,1.7611
57.2944,0.4477,1.9332
57.2946,0.394,1.702
57.2948,0.3789,1.6368
57.2950,0.3918,1.6903
57.2952,0.4313,1.8622
57.2954,0.3963,1.7126
57.2956,0.3886,1.6795
57.2958,0.4086,1.7644
57.2960,0.3969,1.7121
57.2962,0.4604,1.9844
57.2964,0.5546,2.3928
57.2966,0.5084,2.19
57.2968,0.4923,2.1208
57.2970,0.5039,2.1709
57.2972,0.5742,2.4736
57.2974,0.6018,2.59
57.2976,0.6605,2.8349
57.2978,0.8308,3.5657
57.2980,0.7994,3.4341
57.2982,0.7858,3.3758
57.2984,0.79,3.3923
57.2986,0.7982,3.4273
57.2988,0.8509,3.6487
57.2990,0.8827,3.7885
57.2992,0.8623,3.701
57.2994,0.848,3.6381
57.2996,0.8016,3.4422
57.2998,0.7961,3.4138
57.3000,0.8844,3.7904
57.3002,0.9583,4.1055
57.3004,0.9784,4.1894
57.3006,0.9769,4.1852
57.3008,1.0252,4.3942
57.3010,0.976,4.185
57.3012,0.9435,4.04
57.3014,1.058,4.5218
57.3016,1.1131,4.7598
57.3018,1.1017,4.7133
57.3020,1.1323,4.8441
57.3022,1.1266,4.8172
57.3024,1.1484,4.9059
57.3026,1.1932,5.1022
57.3028,1.0417,4.4646
57.3030,0.9532,4.0873
57.3032,0.9366,4.0182
57.3034,0.9365,4.0139
57.3036,0.9594,4.114
57.3038,0.9743,4.1778
57.3040,0.9959,4.2763
57.3042,0.9006,3.8634
57.3044,0.9412,4.0302
57.3046,1.0217,4.3747
57.3048,1.0025,4.3026
57.3050,0.9076,3.8937
57.3052,0.9985,4.2776
57.3054,1.0315,4.4251
57.3056,0.9181,3.944
57.3058,0.8362,3.5955
57.3060,0.773,3.3238
57.3062,0.7911,3.4001
57.3064,0.7148,3.0795
57.3066,0.6849,2.9504
57.3068,0.6797,2.9268
57.3070,0.6826,2.9378
57.3072,0.6877,2.9614
57.3074,0.6947,2.9913
57.3076,0.6992,3.0082
57.3078,0.7503,3.2219
57.3080,0.8255,3.5463
57.3082,0.7874,3.3936
57.3084,0.6117,2.639
57.3086,0.602,2.5922
57.3088,0.6331,2.7298
57.3090,0.6075,2.6196
57.3092,0.5889,2.5383
57.3094,0.5814,2.5046
57.3096,0.6627,2.8495
57.3098,0.7389,3.1833
57.3100,0.7019,3.0237
57.3102,0.6801,2.927
57.3104,0.723,3.1132
57.3106,0.6278,2.707
57.3108,0.5839,2.5178
57.3110,0.571,2.4631
57.3112,0.5072,2.19
57.3114,0.5061,2.1853
57.3116,0.4999,2.1594
57.3118,0.428,1.85
57.3120,0.4011,1.7342
57.3122,0.4205,1.8148
57.3124,0.461,1.9906
57.3126,0.4451,1.9227
57.3128,0.4779,2.0627
57.3130,0.5025,2.1678
57.3132,0.4923,2.1238
57.3134,0.475,2.0493
57.3136,0.4636,2.003
57.3138,0.4606,1.9891
57.3140,0.4676,2.0182
57.3142,0.4623,1.9954
57.3144,0.4483,1.9349
57.3146,0.4753,2.0494
57.3148,0.5409,2.3354
57.3150,0.4696,2.027
57.3152,0.4454,1.9233
57.3154,0.4316,1.8647
57.3156,0.4307,1.8597
57.3158,0.4319,1.8648
57.3160,0.4429,1.9125
57.3162,0.4482,1.9343
57.3164,0.4338,1.8722
57.3166,0.4333,1.8702
57.3168,0.433,1.8704
57.3170,0.4421,1.9071
57.3172,0.468,2.0179
57.3174,0.4951,2.1347
57.3176,0.5116,2.205
57.3178,0.5923,2.5492
57.3180,0.6145,2.6472
57.3182,0.6103,2.6266
57.3184,0.6048,2.6029
57.3186,0.6328,2.7249
57.3188,0.6311,2.7152
57.3190,0.6873,2.9552
57.3192,0.6819,2.932
57.3194,0.7117,3.0618
57.3196,0.6615,2.8444
57.3198,0.6363,2.7386
57.3200,0.653,2.8077
57.3202,0.7042,3.0265
57.3204,0.7267,3.1277
57.3206,0.7334,3.1522
57.3208,0.7882,3.383
57.3210,0.7958,3.4186
57.3212,0.8081,3.4733
57.3214,0.7287,3.1336
57.3216,0.6182,2.6644
57.3218,0.5435,2.3425
57.3220,0.5714,2.4617
57.3222,0.6152,2.6466
57.3224,0.6442,2.7727
57.3226,0.6495,2.7967
57.3228,0.634,2.7288
57.3230,0.6207,2.6728
57.3232,0.5991,2.5787
57.3234,0.6322,2.7211
57.3236,0.6467,2.7874
57.3238,0.5923,2.5516
57.3240,0.5981,2.574
57.3242,0.5572,2.4025
57.3244,0.5321,2.2934
57.3246,0.5189,2.2365
57.3248,0.5645,2.4307
57.3250,0.5651,2.4366
57.3252,0.5274,2.2732
57.3254,0.5118,2.2061
57.3256,0.5205,2.2433
57.3258,0.5062,2.1818
57.3260,0.5062,2.1818
57.3262,0.496,2.1408
57.3264,0.4039,1.7458
57.3266,0.3884,1.6777
57.3268,0.393,1.6963
57.3270,0.4055,1.7509
57.3272,0.4019,1.7362
57.3274,0.3874,1.6728
57.3276,0.4072,1.7565
57.3278,0.4919,2.1193
57.3280,0.5704,2.4582
57.3282,0.5129,2.2128
57.3284,0.447,1.9283
57.3286,0.4059,1.7517
57.3288,0.4194,1.811
57.3290,0.4039,1.7402
57.3292,0.5259,2.2602
57.3294,0.6861,2.9514
57.3296,0.6127,2.6382
57.3298,0.6038,2.5988
57.3300,0.6418,2.7611
57.3302,0.6645,2.8599
57.3304,0.5991,2.5775
57.3306,0.576,2.4825
57.3308,0.5731,2.4644
57.3310,0.6616,2.8475
57.3312,0.5963,2.5687
57.3314,0.6123,2.633
57.3316,0.6779,2.9123
57.3318,0.7576,3.2533
57.3320,0.748,3.2166
57.3322,0.7329,3.1472
57.3324,0.773,3.3161
57.3326,0.8152,3.4955
57.3328,0.8844,3.7904
57.3330,0.8772,3.7631
57.3332,0.8671,3.7147
57.3334,0.9641,4.1283
57.3336,0.9979,4.2771
57.3338,0.9816,4.2052
57.3340,0.993,4.254
57.3342,0.9472,4.054
57.3344,0.9781,4.1864
57.3346,0.9908,4.2428
57.3348,1.0068,4.3151
57.3350,0.9754,4.1882
57.3352,0.8756,3.7564
57.3354,0.8827,3.7903
57.3356,0.8412,3.6121
57.3358,0.8039,3.452
57.3360,0.8398,3.6043
57.3362,0.8412,3.6088
57.3364,0.8247,3.5361
57.3366,0.8628,3.7065
57.3368,0.8305,3.5663
57.3370,0.8519,3.6563
57.3372,0.8363,3.591
57.3374,0.832,3.5692
57.3376,0.8808,3.7785
57.3378,0.89,3.8163
57.3380,0.9097,3.9007
57.3382,0.9556,4.1014
57.3384,0.9354,4.0074
57.3386,0.9913,4.2468
57.3388,0.9862,4.2326
57.3390,0.9115,3.9084
57.3392,0.9522,4.0794
57.3394,0.9599,4.1161
57.3396,0.8832,3.7923
57.3398,0.8484,3.6447
57.3400,0.8319,3.5736
57.3402,0.8454,3.6268
57.3404,0.887,3.8106
57.3406,0.8539,3.6599
57.3408,0.9489,4.0669
57.3410,1.0111,4.3316
57.3412,0.9923,4.2569
57.3414,0.928,3.9886
57.3416,0.7881,3.3872
57.3418,0.761,3.2738
57.3420,0.7277,3.1319
57.3422,0.6961,2.9934
57.3424,0.7069,3.0426
57.3426,0.6877,2.9641
57.3428,0.5976,2.5755
57.3430,0.574,2.4726
57.3432,0.6415,2.7672
57.3434,0.5864,2.5286
57.3436,0.5829,2.5125
57.3438,0.5778,2.4914
57.3440,0.5779,2.4896
57.3442,0.5834,2.5134
57.3444,0.5882,2.5352
57.3446,0.637,2.7468
57.3448,0.6181,2.6676
57.3450,0.5387,2.3218
57.3452,0.5346,2.3085
57.3454,0.4874,2.1036
57.3456,0.5296,2.2847
57.3458,0.5264,2.2665
57.3460,0.5795,2.4987
57.3462,0.5333,2.3018
57.3464,0.5321,2.2955
57.3466,0.5289,2.2794
57.3468,0.5274,2.2753
57.3470,0.5453,2.3513
57.3472,0.5358,2.3083
57.3474,0.5301,2.2835
57.3476,0.5562,2.3961
57.3478,0.6609,2.8431
57.3480,0.7056,3.0369
57.3482,0.6346,2.7314
57.3484,0.6346,2.7352
57.3486,0.5832,2.5147
57.3488,0.5447,2.3476
57.3490,0.5416,2.332
57.3492,0.5891,2.5353
57.3494,0.6232,2.6836
57.3496,0.6658,2.8656
57.3498,0.7388,3.1725
57.3500,0.75,3.2293
57.3502,0.6401,2.7603
57.3504,0.5525,2.3823
57.3506,0.5397,2.3259
57.3508,0.5415,2.3337
57.3510,0.5418,2.3374
57.3512,0.5394,2.326
57.3514,0.5385,2.3197
57.3516,0.5736,2.4722
57.3518,0.5762,2.4812
57.3520,0.6578,2.8323
57.3522,0.655,2.8191
57.3524,0.6367,2.7376
57.3526,0.6355,2.7363
57.3528,0.638,2.7459
57.3530,0.6398,2.7498
57.3532,0.7056,3.0369
57.3534,0.7073,3.0484
57.3536,0.6496,2.7933
57.3538,0.6942,2.9837
57.3540,0.7356,3.16
57.3542,0.7955,3.416
57.3544,0.791,3.3996
57.3546,0.7128,3.0693
57.3548,0.6358,2.7391
57.3550,0.6305,2.7139
57.3552,0.6879,2.955
57.3554,0.7479,3.2161
57.3556,0.7263,3.1233
57.3558,0.7121,3.0605
57.3560,0.7074,3.0475
57.3562,0.6229,2.6833
57.3564,0.6272,2.6944
57.3566,0.7781,3.3444
57.3568,0.8008,3.4386
57.3570,0.7949,3.4182
57.3572,0.6827,2.9356
57.3574,0.67,2.8836
57.3576,0.6837,2.9452
57.3578,0.6605,2.8376
57.3580,0.7213,3.1045
57.3582,0.7123,3.0644
57.3584,0.7187,3.0917
57.3586,0.7538,3.2383
57.3588,0.7304,3.1423
57.3590,0.6636,2.8603
57.3592,0.6136,2.6436
57.3594,0.6154,2.6513
57.3596,0.5869,2.5284
57.3598,0.5929,2.5554
57.3600,0.5793,2.497
57.3602,0.5588,2.4086
57.3604,0.5196,2.2396
57.3606,0.5457,2.354
57.3608,0.5566,2.3999
57.3610,0.555,2.3932
57.3612,0.4942,2.136
57.3614,0.423,1.8248
57.3616,0.4579,1.9763
57.3618,0.4178,1.8043
57.3620,0.4057,1.7503
57.3622,0.4572,1.9704
57.3624,0.5129,2.2128
57.3626,0.4892,2.1094
57.3628,0.4888,2.1078
57.3630,0.5554,2.3936
57.3632,0.5353,2.3095
57.3634,0.4888,2.1078
57.3636,0.5056,2.1782
57.3638,0.5617,2.4199
57.3640,0.5957,2.5625
57.3642,0.6323,2.7216
57.3644,0.5925,2.5538
57.3646,0.634,2.725
57.3648,0.7279,3.1271
57.3650,0.7581,3.2538
57.3652,0.8238,3.5358
57.3654,0.8618,3.699
57.3656,0.8607,3.6909
57.3658,0.8592,3.6894
57.3660,0.8706,3.733
57.3662,0.9506,4.0722
57.3664,0.9395,4.0324
57.3666,0.9006,3.8634
57.3668,0.9177,3.9314
57.3670,0.955,4.0873
57.3672,0.9924,4.2494
57.3674,0.9414,4.0369
57.3676,0.9532,4.0854
57.3678,1.0123,4.3347
57.3680,0.9678,4.1481
57.3682,0.9502,4.0687
57.3684,1.0069,4.3136
57.3686,0.9431,4.0441
57.3688,0.8899,3.814
57.3690,0.9009,3.8649
57.3692,0.93,3.9936
57.3694,0.9314,3.99
57.3696,0.985,4.2235
57.3698,0.952,4.0878
57.3700,0.8994,3.8564
57.3702,0.8892,3.8145
57.3704,0.9257,3.9677
57.3706,0.9151,3.9293
57.3708,0.8412,3.6172
57.3710,0.7773,3.3439
57.3712,0.7393,3.179
57.3714,0.7467,3.2094
57.3716,0.7574,3.2598
57.3718,0.713,3.0703
57.3720,0.6917,2.977
57.3722,0.7299,3.1417
57.3724,0.7185,3.0926
57.3726,0.7286,3.1389
57.3728,0.6636,2.8576
57.3730,0.6727,2.8942
57.3732,0.6822,2.9363
57.3734,0.7141,3.0693
57.3736,0.7387,3.1823
57.3738,0.6453,2.7825
57.3740,0.6528,2.8098
57.3742,0.7055,3.0364
57.3744,0.6766,2.912
57.3746,0.6689,2.879
57.3748,0.6894,2.9645
57.3750,0.7291,3.1322
57.3752,0.7537,3.2408
57.3754,0.6847,2.9485
57.3756,0.6545,2.8223
57.3758,0.5979,2.5795
57.3760,0.5111,2.205
57.3762,0.4989,2.1522
57.3764,0.5546,2.3928
57.3766,0.52,2.2454
57.3768,0.4684,2.0227
57.3770,0.4431,1.9144
57.3772,0.4881,2.1057
57.3774,0.5662,2.4413
57.3776,0.5743,2.4753
57.3778,0.573,2.4707
57.3780,0.5911,2.5488
57.3782,0.5765,2.4823
57.3784,0.5793,2.497
57.3786,0.625,2.6889
57.3788,0.7046,3.0314
57.3790,0.6274,2.7055
57.3792,0.5362,2.3131
57.3794,0.5337,2.3022
57.3796,0.5714,2.4595
57.3798,0.6148,2.6463
57.3800,0.6315,2.7205
57.3802,0.6081,2.6198
57.3804,0.5729,2.4691
57.3806,0.5537,2.3886
57.3808,0.5537,2.3864
57.3810,0.6043,2.6021
57.3812,0.5927,2.5555
57.3814,0.4939,2.1335
57.3816,0.4609,1.9883
57.3818,0.4708,2.0303
57.3820,0.4586,1.9803
57.3822,0.4527,1.954
57.3824,0.4569,1.973
57.3826,0.455,1.9647
57.3828,0.456,1.9662
57.3830,0.5007,2.162
57.3832,0.4501,1.9435
57.3834,0.4443,1.9187
57.3836,0.4535,1.9562
57.3838,0.4502,1.9431
57.3840,0.4545,1.9618
57.3842,0.463,2.0004
57.3844,0.4863,2.096
57.3846,0.5597,2.41
57.3848,0.5783,2.4912
57.3850,0.606,2.6117
57.3852,0.5763,2.4806
57.3854,0.5804,2.4982
57.3856,0.6174,2.6596
57.3858,0.5799,2.4973
57.3860,0.5551,2.3937
57.3862,0.5497,2.3682
57.3864,0.5964,2.5644
57.3866,0.6099,2.6251
57.3868,0.6357,2.7361
57.3870,0.6598,2.8358
57.3872,0.7129,3.0641
57.3874,0.7164,3.0833
57.3876,0.5805,2.5022
57.3878,0.5626,2.4246
57.3880,0.6019,2.5929
57.3882,0.6332,2.7227
57.3884,0.7001,3.0132
57.3886,0.6154,2.6525
57.3888,0.6139,2.6384
57.3890,0.7015,3.0151
57.3892,0.7266,3.1258
57.3894,0.6743,2.9022
57.3896,0.6766,2.9107
57.3898,0.6295,2.7092
57.3900,0.6224,2.6825
57.3902,0.569,2.4503
57.3904,0.6416,2.7601
57.3906,0.6518,2.8026
57.3908,0.6537,2.8135
57.3910,0.6337,2.7298
57.3912,0.5843,2.5193
57.3914,0.5168,2.2283
57.3916,0.511,2.2024
57.3918,0.5274,2.2722
57.3920,0.496,2.1418
57.3922,0.416,1.7965
57.3924,0.3886,1.6772
57.3926,0.4032,1.7419
57.3928,0.4008,1.7315
57.3930,0.4184,1.806
57.3932,0.4342,1.8738
57.3934,0.3868,1.6694
57.3936,0.3901,1.6847
57.3938,0.3972,1.7152
57.3940,0.3889,1.6779
57.3942,0.3955,1.708
57.3944,0.4037,1.7432
57.3946,0.4049,1.7492
57.3948,0.4018,1.7349
57.3950,0.4279,1.8469
57.3952,0.3915,1.6888
57.3954,0.4455,1.9176
57.3956,0.5704,2.4537
57.3958,0.5954,2.5639
57.3960,0.565,2.435
57.3962,0.4819,2.0778
57.3964,0.4681,2.0184
57.3966,0.4851,2.0908
57.3968,0.5174,2.2298
57.3970,0.5358,2.3062
57.3972,0.5989,2.5728
57.3974,0.6916,2.9655
57.3976,0.7628,3.277
57.3978,0.705,3.0329
57.3980,0.7025,3.0193
57.3982,0.7829,3.3572
57.3984,0.8056,3.4592
57.3986,0.8151,3.495
57.3988,0.8562,3.6696
57.3990,0.8534,3.6578
57.3992,0.8575,3.6787
57.3994,0.8763,3.7595
57.3996,0.9209,3.9453
57.3998,0.9597,4.1074
57.4000,0.9705,4.1574
57.4002,0.9589,4.1081
57.4004,0.9635,4.1238
57.4006,0.9422,4.0419
57.4008,0.8931,3.8297
57.4010,0.939,4.021
57.4012,0.9683,4.1482
57.4014,0.9895,4.2391
57.4016,0.9857,4.2187
57.4018,0.985,4.2255
57.4020,0.8779,3.7697
57.4022,0.8296,3.5639
57.4024,0.7943,3.4108
57.4026,0.825,3.5459
57.4028,0.7714,3.3156
57.4030,0.7797,3.3449
57.4032,0.8424,3.6089
57.4034,0.9055,3.8845
57.4036,0.9045,3.8822
57.4038,0.8694,3.7314
57.4040,0.8777,3.7634
57.4042,0.8828,3.7908
57.4044,0.8673,3.7261
57.4046,0.8396,3.6021
57.4048,0.8566,3.6763
57.4050,0.8097,3.4735
57.4052,0.8263,3.5516
57.4054,0.7796,3.3491
57.4056,0.7924,3.4026
57.4058,0.8121,3.487
57.4060,0.8567,3.6837
57.4062,0.7733,3.3223
57.4064,0.784,3.3666
57.4066,0.7823,3.3593
57.4068,0.8003,3.435
57.4070,0.8635,3.7079
57.4072,0.8761,3.7672
57.4074,0.8116,3.4882
57.4076,0.7358,3.1669
57.4078,0.6895,2.9691
57.4080,0.6733,2.9008
57.4082,0.6608,2.8439
57.4084,0.6919,2.9739
57.4086,0.7339,3.1558
57.4088,0.7111,3.0621
57.4090,0.6771,2.9114
57.4092,0.7033,3.0271
57.4094,0.652,2.8088
57.4096,0.6813,2.9321
57.4098,0.7241,3.112
57.4100,0.7172,3.0884
57.4102,0.6585,2.8354
57.4104,0.6135,2.6479
57.4106,0.5234,2.2578
57.4108,0.5051,2.1801
57.4110,0.493,2.1269
57.4112,0.5356,2.3084
57.4114,0.5285,2.2768
57.4116,0.5317,2.2918
57.4118,0.5443,2.3483
57.4120,0.5314,2.2935
57.4122,0.5237,2.2593
57.4124,0.5264,2.2696
57.4126,0.5339,2.3033
57.4128,0.5403,2.3264
57.4130,0.6199,2.6692
57.4132,0.5689,2.4509
57.4134,0.5274,2.2732
57.4136,0.5283,2.279
57.4138,0.526,2.2691
57.4140,0.5252,2.2645
57.4142,0.5264,2.2707
57.4144,0.525,2.265
57.4146,0.5383,2.3203
57.4148,0.5415,2.3348
57.4150,0.538,2.3176
57.4152,0.5627,2.424
57.4154,0.5307,2.2882
57.4156,0.5433,2.3425
57.4158,0.5639,2.4303
57.4160,0.5452,2.3486
57.4162,0.5987,2.5742
57.4164,0.6903,2.9681
57.4166,0.6715,2.8903
57.4168,0.6375,2.7387
57.4170,0.7201,3.0965
57.4172,0.6881,2.9629
57.4174,0.6829,2.938
57.4176,0.6927,2.9798
57.4178,0.6917,2.9757
57.4180,0.7434,3.195
57.4182,0.7526,3.2347
57.4184,0.693,2.9786
57.4186,0.7144,3.0746
57.4188,0.7051,3.0334
57.4190,0.746,3.2063
57.4192,0.7416,3.1902
57.4194,0.6949,2.9868
57.4196,0.7735,3.3197
57.4198,0.8389,3.6024
57.4200,0.8203,3.5209
57.4202,0.8196,3.5162
57.4204,0.8489,3.6434
57.4206,0.8765,3.7635
57.4208,0.8435,3.6219
57.4210,0.7971,3.4259
57.4212,0.7376,3.1776
57.4214,0.6351,2.7335
57.4216,0.6482,2.7884
57.4218,0.7139,3.0725
57.4220,0.7002,3.0109
57.4222,0.7641,3.2826
57.4224,0.7751,3.3362
57.4226,0.7024,3.0216
57.4228,0.7413,3.1877
57.4230,0.6723,2.8908
57.4232,0.6515,2.8029
57.4234,0.6912,2.9722
57.4236,0.7159,3.077
57.4238,0.7988,3.4299
57.4240,0.7617,3.2799
57.4242,0.6558,2.8254
57.4244,0.5941,2.5546
57.4246,0.6082,2.624
57.4248,0.5006,2.1605
57.4250,0.487,2.1001
57.4252,0.4821,2.0798
57.4254,0.4776,2.0621
57.4256,0.4856,2.0958
57.4258,0.4832,2.0845
57.4260,0.4832,2.0854
57.4262,0.5289,2.2784
57.4264,0.6404,2.7549
57.4266,0.5969,2.5748
57.4268,0.4917,2.1212
57.4270,0.5078,2.1925
57.4272,0.4747,2.0487
57.4274,0.4683,2.0194
57.4276,0.4777,2.0616
57.4278,0.4749,2.0488
57.4280,0.4723,2.0374
57.4282,0.5093,2.1932
57.4284,0.5572,2.3992
57.4286,0.6129,2.6368
57.4288,0.6612,2.8433
57.4290,0.5823,2.5087
57.4292,0.6178,2.6567
57.4294,0.6687,2.8753
57.4296,0.7136,3.0672
57.4298,0.7496,3.2173
57.4300,0.8127,3.4912
57.4302,0.6956,2.9927
57.4304,0.6519,2.807
57.4306,0.6508,2.7998
57.4308,0.7127,3.0645
57.4310,0.6863,2.9497
57.4312,0.7484,3.2181
57.4314,0.7169,3.0797
57.4316,0.7286,3.1331
57.4318,0.7292,3.1313
57.4320,0.8024,3.4437
57.4322,0.7971,3.4227
57.4324,0.9098,3.8957
57.4326,1.0057,4.3064
57.4328,1.0136,4.3342
57.4330,1.0239,4.3804
57.4332,1.0515,4.4983
57.4334,1.1025,4.7163
57.4336,1.0941,4.687
57.4338,1.0649,4.5537
57.4340,1.0947,4.6808
57.4342,1.111,4.7594
57.4344,0.9865,4.2302
57.4346,0.9555,4.097
57.4348,0.9663,4.1414
57.4350,0.9829,4.2148
57.4352,0.9676,4.1509
57.4354,0.9424,4.0448
57.4356,0.8964,3.8472
57.4358,0.8447,3.6237
57.4360,0.8708,3.7393
57.4362,0.8985,3.8546
57.4364,0.9201,3.9491
57.4366,0.9008,3.8752
57.4368,0.7717,3.3228
57.4370,0.7477,3.2135
57.4372,0.8016,3.4438
57.4374,0.8044,3.4541
57.4376,0.8332,3.5793
57.4378,0.8598,3.6919
57.4380,0.8496,3.6499
57.4382,0.8542,3.6746
57.4384,0.8291,3.5618
57.4386,0.8438,3.6235
57.4388,0.853,3.6643
57.4390,0.8159,3.5084
57.4392,0.7973,3.4269
57.4394,0.8102,3.4788
57.4396,0.8639,3.7112
57.4398,0.8904,3.8232
57.4400,0.9786,4.1963
57.4402,0.9794,4.2038
57.4404,0.9332,4.0052
57.4406,0.8802,3.783
57.4408,0.757,3.2613
57.4410,0.7124,3.0649
57.4412,0.7405,3.19
57.4414,0.6602,2.8479
57.4416,0.5859,2.5266
57.4418,0.5965,2.5685
57.4420,0.6536,2.8156
57.4422,0.6524,2.8117
57.4424,0.5855,2.5245
57.4426,0.6531,2.8135
57.4428,0.5823,2.5146
57.4430,0.4989,2.1552
57.4432,0.4789,2.0687
57.4434,0.4862,2.0994
57.4436,0.48,2.0715
57.4438,0.4702,2.0305
57.4440,0.4819,2.0788
57.4442,0.4899,2.1125
57.4444,0.5009,2.163
57.4446,0.5057,2.1848
57.4448,0.4731,2.0429
57.4450,0.4579,1.9763
57.4452,0.4623,1.9982
57.4454,0.4369,1.8874
57.4456,0.467,2.0156
57.4458,0.4539,1.9583
57.4460,0.4582,1.9787
57.4462,0.4844,2.0906
57.4464,0.5418,2.3374
57.4466,0.4954,2.1402
57.4468,0.4436,1.9165
57.4470,0.4416,1.9068
57.4472,0.453,1.955
57.4474,0.4499,1.9416
57.4476,0.4527,1.9549
57.4478,0.4493,1.9399
57.4480,0.4801,2.071
57.4482,0.5546,2.3883
57.4484,0.6927,2.9826
57.4486,0.611,2.6359
57.4488,0.5049,2.1801
57.4490,0.4627,1.996
57.4492,0.4645,2.0029
57.4494,0.5098,2.2003
57.4496,0.5153,2.2231
57.4498,0.5388,2.3245
57.4500,0.566,2.4396
57.4502,0.5585,2.4093
57.4504,0.5623,2.4225
57.4506,0.544,2.3467
57.4508,0.4784,2.0619
57.4510,0.5533,2.3837
57.4512,0.6187,2.6628
57.4514,0.612,2.6363
57.4516,0.5549,2.3927
57.4518,0.5544,2.3895
57.4520,0.5566,2.3977
57.4522,0.5552,2.392
57.4524,0.5603,2.4148
57.4526,0.5626,2.4213
57.4528,0.618,2.6584
57.4530,0.6489,2.7928
57.4532,0.7135,3.0695
57.4534,0.7146,3.077
57.4536,0.5856,2.5239
57.4538,0.5311,2.2914
57.4540,0.5296,2.2825
57.4542,0.5355,2.3068
57.4544,0.5326,2.2944
57.4546,0.5732,2.4695
57.4548,0.5951,2.5611
57.4550,0.6393,2.7503
57.4552,0.6977,3.0056
57.4554,0.6761,2.91
57.4556,0.6626,2.8503
57.4558,0.6014,2.5921
57.4560,0.5374,2.315
57.4562,0.5333,2.2986
57.4564,0.6755,2.902
57.4566,0.698,3.0044
57.4568,0.6882,2.9579
57.4570,0.7191,3.0938
57.4572,0.629,2.7109
57.4574,0.5417,2.3326
57.4576,0.5977,2.5701
57.4578,0.6664,2.8655
57.4580,0.6702,2.8833
57.4582,0.6949,2.9938
57.4584,0.6082,2.6191
57.4586,0.5893,2.5363
57.4588,0.6003,2.5826
57.4590,0.6801,2.9256
57.4592,0.6582,2.8317
57.4594,0.6291,2.7089
57.4596,0.5736,2.4733
57.4598,0.5614,2.4206
57.4600,0.5335,2.2974
57.4602,0.5712,2.4573
57.4604,0.6259,2.6912
57.4606,0.6907,2.9702
57.4608,0.6817,2.9424
57.4610,0.4977,2.1461
57.4612,0.5165,2.2262
57.4614,0.5478,2.36
57.4616,0.524,2.2593
57.4618,0.4891,2.1088
57.4620,0.4868,2.099
57.4622,0.4819,2.0778
57.4624,0.4835,2.0851
57.4626,0.485,2.0903
57.4628,0.4892,2.1103
57.4630,0.4891,2.1088
57.4632,0.5062,2.1807
57.4634,0.5377,2.3166
57.4636,0.5939,2.5571
57.4638,0.5969,2.57
57.4640,0.5735,2.4682
57.4642,0.5963,2.5603
57.4644,0.7175,3.0823
57.4646,0.7265,3.1238
57.4648,0.7096,3.0497
57.4650,0.7685,3.3001
57.4652,0.801,3.4413
57.4654,0.8423,3.6067
57.4656,0.9865,4.2203
57.4658,1.0221,4.3747
57.4660,1.0263,4.3865
57.4662,1.1148,4.7669
57.4664,1.1275,4.8213
57.4666,1.1127,4.7599
57.4668,1.0491,4.4923
57.4670,1.0014,4.2879
57.4672,0.9648,4.1391
57.4674,0.9043,3.8775
57.4676,0.9374,4.0157
57.4678,0.9655,4.1441
57.4680,0.9333,3.9982
57.4682,0.9714,4.1635
57.4684,0.92,3.9485
57.4686,0.8805,3.7775
57.4688,0.8922,3.8274
57.4690,0.8748,3.751
57.4692,0.8892,3.8181
57.4694,0.895,3.8433
57.4696,0.8796,3.7751
57.4698,0.8694,3.7279
57.4700,0.8796,3.7751
57.4702,0.89,3.8181
57.4704,0.896,3.8456
57.4706,0.8474,3.6423
57.4708,0.7723,3.3176
57.4710,0.8474,3.6355
57.4712,0.9136,3.9231
57.4714,0.8551,3.6701
57.4716,0.8538,3.6662
57.4718,0.8289,3.5624
57.4720,0.7988,3.4315
57.4722,0.795,3.4203
57.4724,0.7435,3.197
57.4726,0.7374,3.1678
57.4728,0.847,3.6352
57.4730,0.8937,3.8341
57.4732,0.8769,3.7673
57.4734,0.86,3.6981
57.4736,0.7797,3.3511
57.4738,0.7641,3.2872
57.4740,0.7115,3.0665
57.4742,0.6531,2.8148
57.4744,0.6546,2.8189
57.4746,0.6502,2.8011
57.4748,0.5915,2.5492
57.4750,0.5834,2.5157
57.4752,0.5875,2.5333
57.4754,0.573,2.4673
57.4756,0.6513,2.8018
57.4758,0.7376,3.1732
57.4760,0.7325,3.1554
57.4762,0.6495,2.798
57.4764,0.5832,2.5159
57.4766,0.5676,2.4452
57.4768,0.6275,2.7022
57.4770,0.6391,2.7505
57.4772,0.6718,2.89
57.4774,0.6743,2.9022
57.4776,0.6556,2.8283
57.4778,0.5851,2.5206
57.4780,0.5723,2.4665
57.4782,0.5658,2.4386
57.4784,0.5861,2.5248
57.4786,0.6701,2.8842
57.4788,0.7122,3.061
57.4790,0.7244,3.1208
57.4792,0.6357,2.7386
57.4794,0.6581,2.8312
57.4796,0.6986,3.0084
57.4798,0.6216,2.6814
57.4800,0.5439,2.344
57.4802,0.5334,2.3012
57.4804,0.5333,2.3018
57.4806,0.532,2.2961
57.4808,0.532,2.295
57.4810,0.5401,2.328
57.4812,0.5804,2.5028
57.4814,0.5386,2.3224
57.4816,0.5283,2.2779
57.4818,0.528,2.2758
57.4820,0.5326,2.2965
57.4822,0.5578,2.404
57.4824,0.6163,2.6549
57.4826,0.5478,2.3633
57.4828,0.5276,2.2748
57.4830,0.5289,2.2784
57.4832,0.5265,2.2691
57.4834,0.5254,2.2655
57.4836,0.531,2.2898
57.4838,0.565,2.4316
57.4840,0.629,2.7097
57.4842,0.635,2.7355
57.4844,0.6289,2.7092
57.4846,0.6256,2.694
57.4848,0.6345,2.7309
57.4850,0.6343,2.7311
57.4852,0.6427,2.7647
57.4854,0.6684,2.8756
57.4856,0.7621,3.2708
57.4858,0.889,3.814
57.4860,0.8199,3.5221
57.4862,0.7301,3.1407
57.4864,0.6417,2.7631
57.4866,0.629,2.7097
57.4868,0.6307,2.7169
57.4870,0.6219,2.6767
57.4872,0.6548,2.8207
57.4874,0.6141,2.6456
57.4876,0.6128,2.6375
57.4878,0.6501,2.7954
57.4880,0.7168,3.0806
57.4882,0.7777,3.3377
57.4884,0.7641,3.2841
57.4886,0.746,3.2123
57.4888,0.6683,2.8737
57.4890,0.7688,3.3042
57.4892,0.7087,3.0532
57.4894,0.6295,2.7054
57.4896,0.6949,2.9882
57.4898,0.6959,2.9951
57.4900,0.6837,2.9425
57.4902,0.6808,2.9301
57.4904,0.6353,2.7396
57.4906,0.5966,2.5654
57.4908,0.6705,2.887
57.4910,0.6117,2.6341
57.4912,0.6593,2.839
57.4914,0.6147,2.6482
57.4916,0.5917,2.5514
57.4918,0.5939,2.5571
57.4920,0.6556,2.8217
57.4922,0.6729,2.8933
57.4924,0.6551,2.8249
57.4926,0.5236,2.263
57.4928,0.4056,1.7506
57.4930,0.3957,1.7093
57.4932,0.3924,1.6961
57.4934,0.3912,1.6909
57.4936,0.3959,1.7095
57.4938,0.396,1.7084
57.4940,0.4784,2.0676
57.4942,0.4044,1.7447
57.4944,0.5219,2.2484
57.4946,0.5331,2.2986
57.4948,0.5068,2.1864
57.4950,0.4928,2.1259
57.4952,0.4818,2.0783
57.4954,0.4835,2.087
57.4956,0.4897,2.1134
57.4958,0.4967,2.1409
57.4960,0.5415,2.3326
57.4962,0.5479,2.3594
57.4964,0.6141,2.6419
57.4966,0.6415,2.7621
57.4968,0.6427,2.766
57.4970,0.6157,2.6511
57.4972,0.5924,2.5509
57.4974,0.6291,2.7039
57.4976,0.7042,3.0279
57.4978,0.7144,3.0689
57.4980,0.7498,3.2168
57.4982,0.8225,3.5285
57.4984,0.8807,3.778
57.4986,0.8497,3.6436
57.4988,0.8636,3.7067
57.4990,0.9007,3.8621
57.4992,0.9717,4.1548
57.4994,1.0076,4.3146
57.4996,0.9766,4.1817
57.4998,1.0382,4.4352
57.5000,1.1089,4.744
57.5002,1.1342,4.8523
57.5004,1.1503,4.9187
57.5006,1.105,4.7337
57.5008,0.9874,4.2299
57.5010,0.9886,4.235
57.5012,1.0122,4.3342
57.5014,1.0775,4.6118
57.5016,1.1088,4.7435
57.5018,1.0919,4.669
57.5020,1.1039,4.7225
57.5022,1.0975,4.6975
57.5024,1.0898,4.6707
57.5026,1.01,4.331
57.5028,0.8761,3.7672
57.5030,0.8254,3.5475
57.5032,0.8226,3.534
57.5034,0.8193,3.5196
57.5036,0.8122,3.4908
57.5038,0.8479,3.6376
57.5040,0.9428,4.0407
57.5042,0.9177,3.9479
57.5044,0.7604,3.2667
57.5046,0.792,3.4026
57.5048,0.8456,3.6363
57.5050,0.8111,3.4894
57.5052,0.8141,3.4958
57.5054,0.8582,3.6887
57.5056,0.8127,3.4929
57.5058,0.8043,3.452
57.5060,0.8738,3.7539
57.5062,0.8284,3.5604
57.5064,0.7753,3.3398
57.5066,0.6657,2.8677
57.5068,0.7188,3.0951
57.5070,0.6977,3.0014
57.5072,0.7215,3.1055
57.5074,0.7117,3.0689
57.5076,0.6004,2.5903
57.5078,0.5262,2.2723
57.5080,0.4947,2.1371
57.5082,0.5042,2.175
57.5084,0.5308,2.2877
57.5086,0.5831,2.513
57.5088,0.6308,2.7162
57.5090,0.628,2.7018
57.5092,0.6636,2.8616
57.5094,0.6115,2.6343
57.5096,0.6449,2.7771
57.5098,0.6435,2.7747
57.5100,0.5894,2.5416
57.5102,0.5808,2.5043
57.5104,0.5773,2.487
57.5106,0.5881,2.5335
57.5108,0.5973,2.5733
57.5110,0.6311,2.719
57.5112,0.6016,2.6015
57.5114,0.4581,1.9755
57.5116,0.5391,2.3244
57.5118,0.4918,2.1237
57.5120,0.4886,2.1068
57.5122,0.5398,2.3297
57.5124,0.4832,2.0854
57.5126,0.4485,1.9359
57.5128,0.4517,1.9512
57.5130,0.4451,1.9236
57.5132,0.4391,1.8968
57.5134,0.4424,1.9104
57.5136,0.4451,1.92
57.5138,0.4888,2.1117
57.5140,0.4467,1.9281
57.5142,0.4399,1.8986
57.5144,0.452,1.9527
57.5146,0.4531,1.9556
57.5148,0.4594,1.983
57.5150,0.4364,1.8845
57.5152,0.4336,1.8729
57.5154,0.4314,1.8619
57.5156,0.4506,1.9438
57.5158,0.4689,2.022
57.5160,0.5014,2.1621
57.5162,0.514,2.2164
57.5164,0.5527,2.3823
57.5166,0.5964,2.5668
57.5168,0.6022,2.5933
57.5170,0.6439,2.7724
57.5172,0.6642,2.8549
57.5174,0.6984,3.0017
57.5176,0.7307,3.1374
57.5178,0.7277,3.1275
57.5180,0.7249,3.1185
57.5182,0.6822,2.9363
57.5184,0.6543,2.8147
57.5186,0.6922,2.9708
57.5188,0.8313,3.5661
57.5190,0.8653,3.7156
57.5192,0.8177,3.5129
57.5194,0.7681,3.2996
57.5196,0.7386,3.1744
57.5198,0.6813,2.9335
57.5200,0.663,2.8524
57.5202,0.7269,3.1273
57.5204,0.7299,3.1373
57.5206,0.644,2.7755
57.5208,0.5604,2.4165
57.5210,0.5783,2.4912
57.5212,0.624,2.6842
57.5214,0.6584,2.8323
57.5216,0.6702,2.8833
57.5218,0.6829,2.938
57.5220,0.6828,2.9416
57.5222,0.6299,2.7151
57.5224,0.5289,2.2826
57.5226,0.4877,2.1032
57.5228,0.5341,2.3043
57.5230,0.5031,2.1713
57.5232,0.4945,2.1321
57.5234,0.494,2.131
57.5236,0.5194,2.2396
57.5238,0.5052,2.1776
57.5240,0.5084,2.19
57.5242,0.5684,2.4488
57.5244,0.555,2.3932
57.5246,0.5903,2.5428
57.5248,0.5455,2.3524
57.5250,0.5096,2.1983
57.5252,0.5501,2.3687
57.5254,0.5493,2.3673
57.5256,0.4814,2.0777
57.5258,0.4315,1.8633
57.5260,0.4154,1.7922
57.5262,0.4115,1.7768
57.5264,0.4146,1.7911
57.5266,0.4152,1.7929
57.5268,0.4159,1.7951
57.5270,0.4123,1.7804
57.5272,0.4495,1.9373
57.5274,0.5538,2.3836
57.5276,0.5692,2.4519
57.5278,0.4963,2.1418
57.5280,0.4892,2.1094
57.5282,0.5001,2.1554
57.5284,0.5676,2.4429
57.5286,0.626,2.693
57.5288,0.6356,2.7368
57.5290,0.5766,2.4851
57.5292,0.5112,2.2045
57.5294,0.4995,2.1498
57.5296,0.5576,2.4012
57.5298,0.5666,2.4399
57.5300,0.6398,2.7498
57.5302,0.6966,2.9912
57.5304,0.6858,2.9449
57.5306,0.7826,3.3572
57.5308,0.819,3.5136
57.5310,0.8384,3.6003
57.5312,0.7965,3.4185
57.5314,0.8157,3.4976
57.5316,0.8072,3.4611
57.5318,0.8717,3.7359
57.5320,0.9358,4.0052
57.5322,0.9538,4.0841
57.5324,0.9306,3.9888
57.5326,0.9304,3.9896
57.5328,0.9211,3.9477
57.5330,0.9242,3.9666
57.5332,0.8994,3.8546
57.5334,0.9824,4.2068
57.5336,1.0182,4.3558
57.5338,1.0892,4.6594
57.5340,1.1023,4.7158
57.5342,1.0461,4.4794
57.5344,1.0013,4.2874
57.5346,0.9983,4.2766
57.5348,1.0206,4.3701
57.5350,1.0507,4.5032
57.5352,0.9641,4.1321
57.5354,0.8924,3.8284
57.5356,0.838,3.5949
57.5358,0.8998,3.8621
57.5360,0.8956,3.8477
57.5362,0.8522,3.6578
57.5364,0.9049,3.8801
57.5366,0.907,3.8893
57.5368,0.9414,4.0369
57.5370,0.9544,4.0943
57.5372,0.9236,3.9566
57.5374,0.9431,4.046
57.5376,0.9672,4.1494
57.5378,0.9552,4.096
57.5380,0.9425,4.0434
57.5382,0.8979,3.8575
57.5384,0.8159,3.5068
57.5386,0.7578,3.2584
57.5388,0.8272,3.5519
57.5390,0.8733,3.7501
57.5392,0.8558,3.6784
57.5394,0.7773,3.3424
57.5396,0.7522,3.2392
57.5398,0.6937,2.983
57.5400,0.7148,3.0781
57.5402,0.7062,3.0381
57.5404,0.7417,3.1863
57.5406,0.7566,3.2608
57.5408,0.6562,2.8282
57.5410,0.6114,2.635
57.5412,0.571,2.462
57.5414,0.5935,2.5592
57.5416,0.5766,2.4851
57.5418,0.5646,2.4334
57.5420,0.5626,2.4258
57.5422,0.5789,2.4949
57.5424,0.6391,2.7556
57.5426,0.593,2.5571
57.5428,0.5626,2.4258
57.5430,0.5489,2.3679
57.5432,0.5551,2.3926
57.5434,0.5653,2.4354
57.5436,0.5723,2.4642
57.5438,0.6218,2.6799
57.5440,0.5768,2.4919
57.5442,0.4837,2.0865
57.5444,0.478,2.0632
57.5446,0.5073,2.1884
57.5448,0.5282,2.2774
57.5450,0.5319,2.2934
57.5452,0.5282,2.2784
57.5454,0.5363,2.3125
57.5456,0.5388,2.3245
57.5458,0.5371,2.3162
57.5460,0.5356,2.3084
57.5462,0.5371,2.3162
57.5464,0.5401,2.328
57.5466,0.5392,2.325
57.5468,0.5363,2.3125
57.5470,0.5367,2.313
57.5472,0.5394,2.326
57.5474,0.5407,2.3317
57.5476,0.5762,2.4812
57.5478,0.6199,2.6692
57.5480,0.5813,2.5029
57.5482,0.6425,2.7616
57.5484,0.7822,3.3604
57.5486,0.7515,3.233
57.5488,0.6016,2.5943
57.5490,0.5361,2.3126
57.5492,0.5357,2.31
57.5494,0.5652,2.4326
57.5496,0.6379,2.7453
57.5498,0.6887,2.9655
57.5500,0.695,2.9859
57.5502,0.7142,3.0726
57.5504,0.6614,2.8478
57.5506,0.6521,2.8107
57.5508,0.638,2.7459
57.5510,0.6416,2.7601
57.5512,0.7079,3.041
57.5514,0.7922,3.4031
57.5516,0.8123,3.4848
57.5518,0.8896,3.8166
57.5520,0.85,3.6565
57.5522,0.6827,2.9397
57.5524,0.6316,2.721
57.5526,0.6238,2.6862
57.5528,0.6148,2.6487
57.5530,0.6084,2.6208
57.5532,0.6043,2.6021
57.5534,0.6153,2.6508
57.5536,0.6062,2.6115
57.5538,0.5983,2.5786
57.5540,0.6248,2.6891
57.5542,0.6946,2.9839
57.5544,0.7407,3.1837
57.5546,0.716,3.0818
57.5548,0.7185,3.0869
57.5550,0.7567,3.2522
57.5552,0.7256,3.1231
57.5554,0.6636,2.8576
57.5556,0.6681,2.874
57.5558,0.6935,2.9834
57.5560,0.7105,3.0538
57.5562,0.7267,3.1248
57.5564,0.7196,3.0944
57.5566,0.7061,3.0376
57.5568,0.7058,3.0393
57.5570,0.7163,3.0828
57.5572,0.6935,2.9834
57.5574,0.6656,2.8659
57.5576,0.678,2.9141
57.5578,0.7398,3.181
57.5580,0.7458,3.2023
57.5582,0.787,3.3841
57.5584,0.7502,3.2274
57.5586,0.7507,3.2324
57.5588,0.6458,2.7768
57.5590,0.6654,2.864
57.5592,0.6857,2.9512
57.5594,0.661,2.8476
57.5596,0.5495,2.3727
57.5598,0.4228,1.8255
57.5600,0.4452,1.9178
57.5602,0.5668,2.4473
57.5604,0.5068,2.1864
57.5606,0.4939,2.1305
57.5608,0.4911,2.1196
57.5610,0.4916,2.1207
57.5612,0.4939,2.1295
57.5614,0.5355,2.3068
57.5616,0.615,2.6505
57.5618,0.5361,2.3094
57.5620,0.5418,2.3374
57.5622,0.5019,2.1652
57.5624,0.4894,2.1094
57.5626,0.5127,2.2097
57.5628,0.5508,2.3729
57.5630,0.6166,2.6565
57.5632,0.5888,2.5355
57.5634,0.5742,2.4725
57.5636,0.6404,2.7536
57.5638,0.7233,3.1133
57.5640,0.7201,3.0979
57.5642,0.7207,3.0933
57.5644,0.7742,3.3259
57.5646,0.785,3.3738
57.5648,0.8247,3.5328
57.5650,0.9378,4.0196
57.5652,0.955,4.0931
57.5654,0.9582,4.1127
57.5656,0.9049,3.8783
57.5658,0.9194,3.9423
57.5660,0.9659,4.136
57.5662,0.9677,4.1475
57.5664,0.9338,3.9984
57.5666,1.0041,4.3018
57.5668,1.02,4.3736
57.5670,0.9405,4.0328
57.5672,0.9042,3.886
57.5674,0.8295,3.5617
57.5676,0.8167,3.5071
57.5678,0.8187,3.5088
57.5680,0.934,4.0031
57.5682,0.9847,4.2205
57.5684,0.9835,4.2193
57.5686,1.0047,4.3003
57.5688,1.0582,4.5334
57.5690,1.0197,4.3685
57.5692,1.0217,4.3808
57.5694,0.9808,4.2036
57.5696,0.9163,3.9381
57.5698,0.8033,3.4527
57.5700,0.7858,3.3806
57.5702,0.825,3.5459
57.5704,0.846,3.631
57.5706,0.8876,3.8078
57.5708,0.8229,3.5383
57.5710,0.7851,3.3759
57.5712,0.8056,3.4608
57.5714,0.8922,3.8274
57.5716,0.8902,3.8263
57.5718,0.8465,3.6382
57.5720,0.9351,4.0153
57.5722,0.8768,3.765
57.5724,0.811,3.4889
57.5726,0.8212,3.5294
57.5728,0.8271,3.553
57.5730,0.8809,3.7843
57.5732,0.8899,3.8265
57.5734,0.7408,3.1945
57.5736,0.6399,2.7567
57.5738,0.6449,2.7784
57.5740,0.6763,2.915
57.5742,0.6134,2.645
57.5744,0.5883,2.5346
57.5746,0.6614,2.8505
57.5748,0.5889,2.5442
57.5750,0.5431,2.3409
57.5752,0.604,2.6034
57.5754,0.5867,2.5285
57.5756,0.6,2.5859
57.5758,0.6497,2.7964
57.5760,0.6677,2.8765
57.5762,0.6388,2.7533
57.5764,0.6291,2.7114
57.5766,0.6485,2.7926
57.5768,0.6172,2.6603
57.5770,0.5834,2.5169
57.5772,0.5915,2.5468
57.5774,0.6193,2.6703
57.5776,0.5775,2.4915
57.5778,0.588,2.5354
57.5780,0.6027,2.5978
57.5782,0.5786,2.4927
57.5784,0.5879,2.5325
57.5786,0.6376,2.7494
57.5788,0.5778,2.4949
57.5790,0.4701,2.03
57.5792,0.4539,1.9601
57.5794,0.4538,1.9614
57.5796,0.4638,2.0016
57.5798,0.5207,2.2474
57.5800,0.4839,2.0866
57.5802,0.4965,2.1439
57.5804,0.4556,1.9682
57.5806,0.4518,1.9508
57.5808,0.4529,1.9545
57.5810,0.4972,2.146
57.5812,0.5145,2.2205
57.5814,0.5665,2.4428
57.5816,0.5288,2.281
57.5818,0.4684,2.019
57.5820,0.4906,2.1185
57.5822,0.4537,1.96
57.5824,0.4615,1.9899
57.5826,0.5322,2.2918
57.5828,0.5596,2.4128
57.5830,0.5519,2.3809
57.5832,0.5455,2.3524
57.5834,0.55,2.3704
57.5836,0.5507,2.3724
57.5838,0.5527,2.3834
57.5840,0.5581,2.4055
57.5842,0.552,2.377
57.5844,0.5656,2.4376
57.5846,0.6194,2.6646
57.5848,0.7375,3.1683
57.5850,0.7627,3.2795
57.5852,0.7305,3.1428
57.5854,0.7191,3.0981
57.5856,0.5894,2.5392
57.5858,0.538,2.3187
57.5860,0.5453,2.3502
57.5862,0.5525,2.3801
57.5864,0.5464,2.356
57.5866,0.541,2.3338
57.5868,0.5422,2.3346
57.5870,0.5951,2.5611
57.5872,0.6443,2.7745
57.5874,0.6721,2.8916
57.5876,0.6795,2.923
57.5878,0.6515,2.8029
57.5880,0.6767,2.9098
57.5882,0.7025,3.0221
57.5884,0.6867,2.9581
57.5886,0.593,2.5559
57.5888,0.5457,2.3507
57.5890,0.5724,2.4693
57.5892,0.5323,2.2955
57.5894,0.5482,2.3637
57.5896,0.5674,2.4453
57.5898,0.5825,2.5069
57.5900,0.6337,2.7285
57.5902,0.6105,2.6277
57.5904,0.6658,2.8642
57.5906,0.5921,2.5518
57.5908,0.5188,2.235
57.5910,0.5696,2.4563
57.5912,0.5639,2.4315
57.5914,0.5365,2.3147
57.5916,0.5041,2.1725
57.5918,0.5092,2.1967
57.5920,0.5427,2.3378
57.5922,0.5663,2.4441
57.5924,0.4419,1.9074
57.5926,0.403,1.7401
57.5928,0.3933,1.6997
57.5930,0.4348,1.8738
57.5932,0.5283,2.2747
57.5934,0.531,2.2887
57.5936,0.5168,2.2293
57.5938,0.4846,2.0897
57.5940,0.4868,2.099
57.5942,0.4947,2.1341
57.5944,0.4883,2.1048
57.5946,0.4885,2.1063
57.5948,0.4819,2.0778
57.5950,0.5428,2.3372
57.5952,0.6038,2.6
57.5954,0.5773,2.4836
57.5956,0.5947,2.5584
57.5958,0.6527,2.8067
57.5960,0.6725,2.8891
57.5962,0.7295,3.1352
57.5964,0.707,3.0403
57.5966,0.7259,3.1169
57.5968,0.8009,3.4359
57.5970,0.846,3.6293
57.5972,0.8647,3.7096
57.5974,0.8701,3.731
57.5976,0.8714,3.7366
57.5978,0.8581,3.6744
57.5980,0.9756,4.1795
57.5982,0.9892,4.2376
57.5984,0.9782,4.1889
57.5986,0.9793,4.1935
57.5988,1.0085,4.3182
57.5990,1.0327,4.4178
57.5992,1.0993,4.7074
57.5994,1.0778,4.6085
57.5996,1.1026,4.7169
57.5998,1.1093,4.7456
57.6000,1.1496,4.911
57.6002,1.136,4.8577
57.6004,1.1302,4.8348
57.6006,1.048,4.4919
57.6008,0.9776,4.1941
57.6010,0.9841,4.216
57.6012,1.0635,4.5518
57.6014,1.1014,4.7205
57.6016,0.9727,4.1691
57.6018,0.9368,4.015
57.6020,0.9502,4.0706
57.6022,1.0034,4.3067
57.6024,0.893,3.8345
57.6026,0.8516,3.6603
57.6028,0.79,3.3986
57.6030,0.7781,3.346
57.6032,0.759,3.2605
57.6034,0.8289,3.5591
57.6036,0.8774,3.7729
57.6038,0.7908,3.4006
57.6040,0.7664,3.297
57.6042,0.7922,3.4047
57.6044,0.8396,3.6021
57.6046,0.8916,3.8266
57.6048,0.8402,3.6164
57.6050,0.7226,3.1102
57.6052,0.6921,2.9827
57.6054,0.6066,2.6143
57.6056,0.634,2.7326
57.6058,0.6337,2.7311
57.6060,0.6545,2.8197
57.6062,0.6429,2.7683
57.6064,0.6133,2.6457
57.6066,0.5614,2.4195
57.6068,0.5868,2.529
57.6070,0.6051,2.6093
57.6072,0.5875,2.5309
57.6074,0.64,2.7559
57.6076,0.6754,2.9096
57.6078,0.6738,2.9015
57.6080,0.7317,3.1494
57.6082,0.6811,2.9316
57.6084,0.6633,2.8547
57.6086,0.684,2.9467
57.6088,0.6841,2.9473
57.6090,0.6924,2.9774
57.6092,0.7213,3.1103
57.6094,0.6069,2.6146
57.6096,0.585,2.5189
57.6098,0.631,2.7172
57.6100,0.6528,2.8151
57.6102,0.5803,2.5023
57.6104,0.5798,2.4979
57.6106,0.6376,2.7469
57.6108,0.6421,2.7698
57.6110,0.5796,2.4957
57.6112,0.6798,2.9219
57.6114,0.7355,3.1654
57.6116,0.6597,2.8445
57.6118,0.5873,2.5323
57.6120,0.5875,2.5345
57.6122,0.5769,2.4913
57.6124,0.5078,2.1925
57.6126,0.516,2.2262
57.6128,0.5264,2.2717
57.6130,0.5425,2.3405
57.6132,0.5347,2.3058
57.6134,0.5289,2.2805
57.6136,0.5561,2.399
57.6138,0.5439,2.3462
57.6140,0.5359,2.3121
57.6142,0.5391,2.3244
57.6144,0.5508,2.3696
57.6146,0.6936,2.9867
57.6148,0.6198,2.6724
57.6150,0.557,2.4009
57.6152,0.5572,2.4014
57.6154,0.5978,2.5766
57.6156,0.6359,2.7371
57.6158,0.6674,2.8736
57.6160,0.6635,2.8558
57.6162,0.652,2.8049
57.6164,0.6492,2.7944
57.6166,0.6636,2.8563
57.6168,0.6766,2.9147
57.6170,0.6682,2.8759
57.6172,0.6913,2.9713
57.6174,0.7665,3.2945
57.6176,0.7707,3.3109
57.6178,0.8064,3.4644
57.6180,0.8153,3.5026
57.6182,0.8044,3.4557
57.6184,0.7862,3.379
57.6186,0.7834,3.3655
57.6188,0.7501,3.2239
57.6190,0.7756,3.3367
57.6192,0.7015,3.018
57.6194,0.7062,3.0381
57.6196,0.7173,3.0846
57.6198,0.7203,3.0961
57.6200,0.7358,3.164
57.6202,0.7392,3.1814
57.6204,0.7711,3.314
57.6206,0.8069,3.4665
57.6208,0.8408,3.6156
57.6210,0.7809,3.3532
57.6212,0.8215,3.5326
57.6214,0.7454,3.2082
57.6216,0.6361,2.7427
57.6218,0.5624,2.4264
57.6220,0.5542,2.3896
57.6222,0.5495,2.3694
57.6224,0.55,2.3726
57.6226,0.5566,2.3966
57.6228,0.5889,2.5383
57.6230,0.5562,2.3984
57.6232,0.544,2.3456
57.6234,0.5397,2.3259
57.6236,0.5314,2.2903
57.6238,0.6026,2.5936
57.6240,0.6747,2.9038
57.6242,0.6222,2.6777
57.6244,0.6267,2.6948
57.6246,0.7105,3.0552
57.6248,0.6755,2.9101
57.6250,0.6335,2.728
57.6252,0.6171,2.6585
57.6254,0.6263,2.6983
57.6256,0.6351,2.736
57.6258,0.5778,2.4914
57.6260,0.5184,2.2324
57.6262,0.5537,2.3886
57.6264,0.5585,2.4082
57.6266,0.5165,2.2272
57.6268,0.5127,2.2117
57.6270,0.5067,2.1879
57.6272,0.5,2.1559
57.6274,0.4985,2.1517
57.6276,0.5049,2.1751
57.6278,0.5718,2.4656
57.6280,0.5313,2.2919
57.6282,0.4988,2.1527
57.6284,0.5007,2.158
57.6286,0.5472,2.3574
57.6288,0.6198,2.6662
57.6290,0.634,2.7352
57.6292,0.564,2.4297
57.6294,0.579,2.492
57.6296,0.5868,2.5302
57.6298,0.5778,2.488
57.6300,0.6049,2.601
57.6302,0.7249,3.1171
57.6304,0.7245,3.117
57.6306,0.7146,3.0713
57.6308,0.7685,3.2925
57.6310,0.8676,3.7237
57.6312,0.8729,3.7393
57.6314,0.9545,4.091
57.6316,1.0145,4.3378
57.6318,1.1243,4.8052
57.6320,1.1451,4.9012
57.6322,1.0908,4.6709
57.6324,1.0649,4.5558
57.6326,1.0195,4.3757
57.6328,0.886,3.7994
57.6330,0.9425,4.0434
57.6332,0.9033,3.8788
57.6334,0.8978,3.8515
57.6336,0.8799,3.7767
57.6338,0.8786,3.771
57.6340,0.9018,3.8721
57.6342,0.864,3.7065
57.6344,0.906,3.8829
57.6346,0.9631,4.1299
57.6348,0.9503,4.0749
57.6350,0.9008,3.868
57.6352,0.8178,3.515
57.6354,0.7925,3.4094
57.6356,0.8181,3.5128
57.6358,0.9181,3.933
57.6360,0.9654,4.1378
57.6362,0.9741,4.1709
57.6364,1.1002,4.7176
57.6366,0.973,4.176
57.6368,0.939,4.0285
57.6370,0.9847,4.2205
57.6372,1.0214,4.3757
57.6374,1.0111,4.3295
57.6376,1.0408,4.4527
57.6378,1.0974,4.6992
57.6380,1.0588,4.5423
57.6382,0.9503,4.0806
57.6384,0.823,3.5405
57.6386,0.811,3.4808
57.6388,0.926,3.9706
57.6390,0.9091,3.9054
57.6392,0.9004,3.8665
57.6394,0.9012,3.8732
57.6396,0.9188,3.9416
57.6398,0.9194,3.9497
57.6400,0.7721,3.3218
57.6402,0.7615,3.2743
57.6404,0.7495,3.2198
57.6406,0.7998,3.4425
57.6408,0.7479,3.2176
57.6410,0.7833,3.3776
57.6412,0.6295,2.713
57.6414,0.6263,2.6983
57.6416,0.6452,2.7833
57.6418,0.6174,2.662
57.6420,0.5837,2.5144
57.6422,0.6091,2.6276
57.6424,0.5787,2.4967
57.6426,0.6249,2.6921
57.6428,0.6063,2.6133
57.6430,0.6284,2.7109
57.6432,0.616,2.6539
57.6434,0.6635,2.8584
57.6436,0.6153,2.6532
57.6438,0.5985,2.5821
57.6440,0.5882,2.5376
57.6442,0.6159,2.6521
57.6444,0.7386,3.1759
57.6446,0.7913,3.4059
57.6448,0.6929,2.9905
57.6450,0.5463,2.3576
57.6452,0.554,2.3891
57.6454,0.5636,2.4315
57.6456,0.5599,2.4155
57.6458,0.5255,2.2681
57.6460,0.5076,2.193
57.6462,0.5061,2.1863
57.6464,0.5242,2.2603
57.6466,0.5582,2.4083
57.6468,0.5677,2.4491
57.6470,0.5591,2.4097
57.6472,0.568,2.4513
57.6474,0.5352,2.31
57.6476,0.5507,2.3746
57.6478,0.5453,2.3524
57.6480,0.5321,2.2966
57.6482,0.5373,2.3167
57.6484,0.5614,2.4184
57.6486,0.6308,2.7162
57.6488,0.6891,2.9643
57.6490,0.7537,3.2408
57.6492,0.7527,3.2382
57.6494,0.7085,3.0507
57.6496,0.6624,2.8511
57.6498,0.6802,2.9302
57.6500,0.6912,2.975
57.6502,0.72,3.0945
57.6504,0.752,3.2336
57.6506,0.782,3.3578
57.6508,0.8804,3.7787
57.6510,0.9099,3.9017
57.6512,0.95,4.0753
57.6514,0.8207,3.529
57.6516,0.7792,3.3522
57.6518,0.793,3.4052
57.6520,0.8582,3.6835
57.6522,0.9033,3.877
57.6524,0.8803,3.7905
57.6526,0.7177,3.0948
57.6528,0.6305,2.7176
57.6530,0.6418,2.7611
57.6532,0.6822,2.939
57.6534,0.6395,2.7513
57.6536,0.7068,3.0435
57.6538,0.7134,3.0733
57.6540,0.6785,2.9216
57.6542,0.7145,3.0694
57.6544,0.7645,3.2918
57.6546,0.6925,2.9834
57.6548,0.6835,2.9447
57.6550,0.5966,2.5726
57.6552,0.5544,2.3884
57.6554,0.6036,2.6014
57.6556,0.6039,2.6029
57.6558,0.5903,2.544
57.6560,0.6116,2.6348
57.6562,0.6328,2.73
57.6564,0.5907,2.5425
57.6566,0.6522,2.806
57.6568,0.6412,2.7611
57.6570,0.6576,2.8292
57.6572,0.6934,2.9801
57.6574,0.7286,3.1374
57.6576,0.7429,3.1959
57.6578,0.7727,3.3197
57.6580,0.7572,3.2558
57.6582,0.6861,2.9583
57.6584,0.6168,2.6545
57.6586,0.6931,2.9791
57.6588,0.7136,3.0672
57.6590,0.7474,3.2125
57.6592,0.7515,3.2345
57.6594,0.7422,3.1943
57.6596,0.7229,3.1083
57.6598,0.7367,3.1706
57.6600,0.7405,3.1871
57.6602,0.6591,2.8393
57.6604,0.5785,2.498
57.6606,0.5092,2.1977
57.6608,0.4965,2.1419
57.6610,0.4915,2.1211
57.6612,0.5461,2.3582
57.6614,0.5026,2.1703
57.6616,0.4923,2.1238
57.6618,0.4951,2.1357
57.6620,0.4916,2.1227
57.6622,0.5188,2.236
57.6624,0.6262,2.6978
57.6626,0.6188,2.6645
57.6628,0.6085,2.6238
57.6630,0.5785,2.4899
57.6632,0.6434,2.7639
57.6634,0.7286,3.1316
57.6636,0.7157,3.0788
57.6638,0.7237,3.1119
57.6640,0.7849,3.3733
57.6642,0.7946,3.4087
57.6644,0.9075,3.886
57.6646,0.9925,4.2579
57.6648,0.9672,4.1474
57.6650,0.9732,4.1692
57.6652,0.9762,4.186
57.6654,0.9611,4.1212
57.6656,0.9892,4.2415
57.6658,0.95,4.0734
57.6660,0.9561,4.0996
57.6662,0.964,4.1316
57.6664,0.9502,4.0782
57.6666,0.9105,3.9097
57.6668,0.8506,3.654
57.6670,0.8061,3.4629
57.6672,0.8347,3.591
57.6674,0.7961,3.4201
57.6676,0.8399,3.6048
57.6678,0.8984,3.8559
57.6680,0.8566,3.6763
57.6682,0.8557,3.6779
57.6684,0.849,3.6456
57.6686,0.8953,3.8407
57.6688,0.8935,3.8402
57.6690,0.8489,3.6485
57.6692,0.8184,3.5159
57.6694,0.7813,3.361
57.6696,0.7733,3.3238
57.6698,0.8436,3.6275
57.6700,0.8179,3.5139
57.6702,0.8509,3.6572
57.6704,0.8426,3.6234
57.6706,0.8882,3.8122
57.6708,0.92,3.9449
57.6710,0.9037,3.8876
57.6712,0.805,3.4583
57.6714,0.8736,3.7581
57.6716,0.7415,3.1897
57.6718,0.7387,3.1808
57.6720,0.7394,3.1854
57.6722,0.7462,3.2104
57.6724,0.7381,3.1768
57.6726,0.7105,3.0566
57.6728,0.7881,3.3888
57.6730,0.7614,3.2769
57.6732,0.7261,3.1281
57.6734,0.6918,2.9789
57.6736,0.7066,3.0424
57.6738,0.6971,3.0031
57.6740,0.6677,2.8765
57.6742,0.6715,2.8903
57.6744,0.7148,3.0766
57.6746,0.7444,3.2056
57.6748,0.719,3.1005
57.6750,0.6141,2.6456
57.6752,0.6321,2.7244
57.6754,0.6588,2.8383
57.6756,0.7055,3.0364
57.6758,0.7127,3.0645
57.6760,0.7392,3.1814
57.6762,0.7082,3.0511
57.6764,0.6809,2.9333
57.6766,0.6189,2.6688
57.6768,0.5933,2.5593
57.6770,0.6057,2.6131
57.6772,0.6033,2.5991
57.6774,0.6785,2.9162
57.6776,0.8029,3.4523
57.6778,0.7573,3.2579
57.6780,0.7409,3.1873
57.6782,0.776,3.3415
57.6784,0.709,3.0557
57.6786,0.6915,2.972
57.6788,0.7716,3.3224
57.6790,0.7182,3.0926
57.6792,0.698,3.0068
57.6794,0.6348,2.7358
57.6796,0.6095,2.6305
57.6798,0.5285,2.2811
57.6800,0.5177,2.2346
57.6802,0.5179,2.2361
57.6804,0.5191,2.2413
57.6806,0.5254,2.2624
57.6808,0.6529,2.8139
57.6810,0.6637,2.8577
57.6812,0.6373,2.7454
57.6814,0.577,2.4914
57.6816,0.517,2.2315
57.6818,0.5751,2.4785
57.6820,0.6216,2.6765
57.6822,0.6331,2.7248
57.6824,0.6644,2.8621
57.6826,0.6223,2.6796
57.6828,0.6201,2.674
57.6830,0.6224,2.6826
57.6832,0.6647,2.8637
57.6834,0.6616,2.8503
57.6836,0.6854,2.9471
57.6838,0.7591,3.2641
57.6840,0.8062,3.4619
57.6842,0.8622,3.7006
57.6844,0.7734,3.3317
57.6846,0.6517,2.81
57.6848,0.6019,2.5942
57.6850,0.5954,2.5687
57.6852,0.5906,2.5468
57.6854,0.592,2.5513
57.6856,0.584,2.5149
57.6858,0.6151,2.6511
57.6860,0.636,2.7397
57.6862,0.6482,2.7911
57.6864,0.6468,2.7875
57.6866,0.6844,2.947
57.6868,0.7316,3.1461
57.6870,0.7562,3.2487
57.6872,0.7653,3.2879
57.6874,0.8045,3.4612
57.6876,0.7995,3.4299
57.6878,0.842,3.617
57.6880,0.8123,3.4979
57.6882,0.7032,3.0295
57.6884,0.6217,2.677
57.6886,0.6664,2.8696
57.6888,0.6554,2.8247
57.6890,0.5474,2.3613
57.6892,0.4978,2.1467
57.6894,0.5103,2.2015
57.6896,0.5603,2.4216
57.6898,0.4969,2.1445
57.6900,0.4922,2.1234
57.6902,0.5025,2.1668
57.6904,0.5412,2.336
57.6906,0.5621,2.4193
57.6908,0.6557,2.8236
57.6910,0.5444,2.3527
57.6912,0.4146,1.7928
57.6914,0.4397,1.9003
57.6916,0.4162,1.7979
57.6918,0.4131,1.7844
57.6920,0.399,1.7254
57.6922,0.4197,1.8104
57.6924,0.5453,2.3536
57.6926,0.5018,2.1637
57.6928,0.5292,2.2821
57.6930,0.4876,2.1047
57.6932,0.4984,2.1493
57.6934,0.5632,2.4262
57.6936,0.5446,2.3494
57.6938,0.499,2.1538
57.6940,0.5029,2.1664
57.6942,0.5675,2.4425
57.6944,0.6272,2.6995
57.6946,0.6171,2.6599
57.6948,0.6096,2.6249
57.6950,0.6598,2.8372
57.6952,0.6888,2.962
57.6954,0.7145,3.0724
57.6956,0.7213,3.1032
57.6958,0.7014,3.0105
57.6960,0.7674,3.3013
57.6962,0.6846,2.9467
57.6964,0.6939,2.9837
57.6966,0.7466,3.209
57.6968,0.7868,3.3801
57.6970,0.7752,3.3286
57.6972,0.7804,3.3559
57.6974,0.7904,3.3924
57.6976,0.8396,3.5983
57.6978,0.9426,4.0379
57.6980,0.9846,4.2221
57.6982,0.9867,4.225
57.6984,1.0002,4.281
57.6986,1.0399,4.4508
57.6988,1.1036,4.7211
57.6990,1.1367,4.8604
57.6992,1.0873,4.6535
57.6994,1.085,4.6395
57.6996,1.1108,4.7564
57.6998,1.0997,4.7135
57.7000,1.0779,4.6114
57.7002,1.0908,4.6728
57.7004,1.0821,4.6336
57.7006,1.0685,4.5794
57.7008,1.0526,4.5031
57.7010,1.1086,4.7493
57.7012,1.0553,4.5271
57.7014,1.034,4.4278
57.7016,1.0676,4.5694
57.7018,1.1054,4.731
57.7020,1.1632,4.9854
57.7022,1.0622,4.5527
57.7024,1.0721,4.5927
57.7026,1.1037,4.7239
57.7028,1.1273,4.8272
57.7030,1.1003,4.7139
57.7032,1.065,4.5666
57.7034,1.0617,4.5464
57.7036,1.0691,4.5798
57.7038,1.0704,4.5855
57.7040,1.1426,4.8924
57.7042,1.1701,5.0128
57.7044,1.0627,4.5568
57.7046,1.0062,4.3187
57.7048,0.9174,3.9447
57.7050,0.7481,3.2272
57.7052,0.6831,2.9455
57.7054,0.7147,3.0848
57.7056,0.6671,2.8727
57.7058,0.7292,3.1387
57.7060,0.7709,3.3178
57.7062,0.7132,3.071
57.7064,0.7014,3.0218
57.7066,0.6994,3.0102
57.7068,0.6673,2.8812
57.7070,0.5773,2.4941
57.7072,0.5531,2.3872
57.7074,0.5518,2.3804
57.7076,0.5928,2.5573
57.7078,0.6327,2.7233
57.7080,0.7085,3.0494
57.7082,0.7456,3.2089
57.7084,0.7597,3.2698
57.7086,0.724,3.1174
57.7088,0.7761,3.3405
57.7090,0.801,3.4457
57.7092,0.7904,3.3971
57.7094,0.8282,3.5578
57.7096,0.9129,3.9202
57.7098,0.911,3.9119
57.7100,0.94,4.0328
57.7102,0.956,4.0993
57.7104,0.9635,4.1394
57.7106,0.9746,4.1809
57.7108,1.0205,4.3759
57.7110,0.9864,4.2279
57.7112,0.989,4.2406
57.7114,0.924,3.9675
57.7116,0.8038,3.4661
57.7118,0.7245,3.1209
57.7120,0.7125,3.0636
57.7122,0.811,3.4971
57.7124,0.7364,3.1741
57.7126,0.7056,3.0441
57.7128,0.6421,2.7674
57.7130,0.6433,2.77
57.7132,0.68,2.9266
57.7134,0.7385,3.1828
57.7136,0.6748,2.9152
57.7138,0.5565,2.4017
57.7140,0.6392,2.7524
57.7142,0.6806,2.9332
57.7144,0.6577,2.8359
57.7146,0.6279,2.7064
57.7148,0.6167,2.6603
57.7150,0.6355,2.7427
57.7152,0.6146,2.6515
57.7154,0.6253,2.6938
57.7156,0.6818,2.9398
57.7158,0.6617,2.8534
57.7160,0.6555,2.8226
57.7162,0.6638,2.8569
57.7164,0.7492,3.2154
57.7166,0.9218,3.9638
57.7168,0.8573,3.6847
57.7170,0.8748,3.7582
57.7172,0.9026,3.8759
57.7174,0.9315,3.9981
57.7176,0.8735,3.7578
57.7178,0.8231,3.5428
57.7180,0.7747,3.3312
57.7182,0.7862,3.3854
57.7184,0.7182,3.0926
57.7186,0.7143,3.0785
57.7188,0.7225,3.1098
57.7190,0.7704,3.3126
57.7192,0.839,3.6058
57.7194,0.8487,3.6527
57.7196,0.7567,3.2538
57.7198,0.7766,3.3441
57.7200,0.7706,3.3183
57.7202,0.7984,3.4285
57.7204,0.8677,3.7382
57.7206,0.6942,2.9894
57.7208,0.6529,2.8126
57.7210,0.6146,2.6539
57.7212,0.5266,2.2739
57.7214,0.5194,2.2439
57.7216,0.5149,2.2221
57.7218,0.5111,2.2071
57.7220,0.5129,2.2118
57.7222,0.5759,2.4844
57.7224,0.5337,2.3002
57.7226,0.5635,2.4289
57.7228,0.5605,2.4216
57.7230,0.5146,2.2221
57.7232,0.5129,2.2149
57.7234,0.5114,2.2071
57.7236,0.5621,2.4227
57.7238,0.6047,2.6085
57.7240,0.529,2.2843
57.7242,0.5205,2.2475
57.7244,0.5295,2.2853
57.7246,0.5151,2.2242
57.7248,0.5122,2.2128
57.7250,0.5125,2.2128
57.7252,0.5352,2.3058
57.7254,0.6399,2.7555
57.7256,0.6628,2.8568
57.7258,0.605,2.6065
57.7260,0.5975,2.5751
57.7262,0.6031,2.6006
57.7264,0.6459,2.7813
57.7266,0.7041,3.0303
57.7268,0.692,2.9823
57.7270,0.6482,2.7898
57.7272,0.7231,3.1109
57.7274,0.7101,3.0575
57.7276,0.6512,2.8053
57.7278,0.6493,2.7958
57.7280,0.6866,2.9563
57.7282,0.7265,3.1268
57.7284,0.747,3.2121
57.7286,0.7585,3.2616
57.7288,0.7585,3.2585
57.7290,0.8495,3.6461
57.7292,0.8656,3.7133
57.7294,0.8746,3.7607
57.7296,0.8115,3.4846
57.7298,0.8966,3.843
57.7300,0.9852,4.2286
57.7302,0.9432,4.048
57.7304,0.9603,4.1178
57.7306,0.9665,4.1368
57.7308,1.0165,4.3528
57.7310,1.0869,4.6433
57.7312,1.281,5.4803
57.7314,1.2503,5.344
57.7316,1.2758,5.4475
57.7318,1.3202,5.6322
57.7320,1.2704,5.4296
57.7322,1.1575,4.9543
57.7324,1.0975,4.7059
57.7326,1.1102,4.7516
57.7328,1.2123,5.1791
57.7330,1.2848,5.4885
57.7332,1.2614,5.3911
57.7334,1.2288,5.2517
57.7336,1.232,5.2656
57.7338,1.2578,5.3732
57.7340,1.2822,5.4931
57.7342,1.1501,4.9294
57.7344,1.1711,5.0169
57.7346,1.1789,5.0385
57.7348,1.2521,5.3492
57.7350,1.2949,5.532
57.7352,1.3075,5.5963
57.7354,1.2384,5.3076
57.7356,1.1493,4.9258
57.7358,1.1361,4.8624
57.7360,1.1856,5.0744
57.7362,1.2126,5.1923
57.7364,1.2324,5.2671
57.7366,1.2494,5.3574
57.7368,1.0718,4.6045
57.7370,0.9984,4.2912
57.7372,1.0056,4.3121
57.7374,1.0923,4.6882
57.7376,1.0175,4.3712
57.7378,0.933,4.0136
57.7380,0.853,3.6678
57.7382,0.8524,3.6687
57.7384,0.8228,3.5429
57.7386,0.8382,3.6095
57.7388,0.8448,3.6379
57.7390,0.7733,3.3327
57.7392,0.7566,3.2594
57.7394,0.7699,3.3152
57.7396,0.7836,3.3709
57.7398,0.8266,3.561
57.7400,0.7932,3.4153
57.7402,0.8368,3.5999
57.7404,0.8396,3.6118
57.7406,0.844,3.6292
57.7408,0.8556,3.6809
57.7410,0.9158,3.9325
57.7412,0.9845,4.2256
57.7414,0.9956,4.2749
57.7416,1.0128,4.347
57.7418,1.0741,4.6164
57.7420,0.9736,4.1865
57.7422,0.8503,3.6599
57.7424,0.7603,3.2739
57.7426,0.8055,3.4669
57.7428,0.7873,3.3916
57.7430,0.7728,3.3337
57.7432,0.7399,3.1876
57.7434,0.7797,3.3575
57.7436,0.7589,3.2722
57.7438,0.7589,3.2707
57.7440,0.693,2.9911
57.7442,0.6217,2.6832
57.7444,0.6278,2.7109
57.7446,0.6752,2.914
57.7448,0.6518,2.8118
57.7450,0.649,2.8025
57.7452,0.6544,2.8232
57.7454,0.6567,2.8317
57.7456,0.6755,2.9102
57.7458,0.6692,2.8908
57.7460,0.5866,2.5351
57.7462,0.5813,2.5123
57.7464,0.578,2.4949
57.7466,0.58,2.5055
57.7468,0.5764,2.4888
57.7470,0.5779,2.4909
57.7472,0.6651,2.8679
57.7474,0.6723,2.8976
57.7476,0.6741,2.9067
57.7478,0.6524,2.8157
57.7480,0.6586,2.8387
57.7482,0.7237,3.1178
57.7484,0.718,3.093
57.7486,0.7138,3.0778
57.7488,0.7541,3.247
57.7490,0.7924,3.4091
57.7492,0.7974,3.4302
57.7494,0.8362,3.589
57.7496,0.9367,4.0277
57.7498,0.867,3.7368
57.7500,0.7506,3.2305
57.7502,0.791,3.4029
57.7504,0.8623,3.7046
57.7506,0.9163,3.9364
57.7508,0.9159,3.9367
57.7510,0.82,3.5375
57.7512,0.7057,3.0446
57.7514,0.6875,2.9632
57.7516,0.6881,2.9658
57.7518,0.6894,2.9729
57.7520,0.6939,2.992
57.7522,0.7188,3.0981
57.7524,0.6956,2.9992
57.7526,0.6801,2.9339
57.7528,0.7087,3.0519
57.7530,0.7161,3.0848
57.7532,0.7292,3.1372
57.7534,0.8267,3.5599
57.7536,0.7572,3.2559
57.7538,0.7933,3.4111
57.7540,0.8268,3.5604
57.7542,0.8283,3.5699
57.7544,0.7316,3.1534
57.7546,0.7147,3.0762
57.7548,0.7358,3.17
57.7550,0.7789,3.3539
57.7552,0.7662,3.2976
57.7554,0.7514,3.2311
57.7556,0.7857,3.3849
57.7558,0.7722,3.3265
57.7560,0.7844,3.3761
57.7562,0.8029,3.4523
57.7564,0.7962,3.4282
57.7566,0.7373,3.1777
57.7568,0.7454,3.2128
57.7570,0.7215,3.1095
57.7572,0.7005,3.0162
57.7574,0.7298,3.1456
57.7576,0.7141,3.0779
57.7578,0.7338,3.1598
57.7580,0.733,3.162
57.7582,0.6735,2.8974
57.7584,0.7339,3.1603
57.7586,0.7432,3.2
57.7588,0.743,3.201
57.7590,0.8057,3.4679
57.7592,0.7966,3.4287
57.7594,0.7918,3.4128
57.7596,0.7013,3.024
57.7598,0.673,2.9007
57.7600,0.6697,2.8849
57.7602,0.6822,2.9391
57.7604,0.6554,2.826
57.7606,0.6438,2.781
57.7608,0.5755,2.4852
57.7610,0.5439,2.3474
57.7612,0.5451,2.3547
57.7614,0.542,2.3424
57.7616,0.542,2.3391
57.7618,0.5415,2.337
57.7620,0.5637,2.4305
57.7622,0.6103,2.6292
57.7624,0.6776,2.9217
57.7626,0.6619,2.8553
57.7628,0.6386,2.7498
57.7630,0.7216,3.1057
57.7632,0.7671,3.3002
57.7634,0.7932,3.4106
57.7636,0.8583,3.6837
57.7638,0.9146,3.9274
57.7640,0.9355,4.0151
57.7642,1.0179,4.3605
57.7644,1.0951,4.6935
57.7646,1.0958,4.6966
57.7648,1.0905,4.6696
57.7650,1.0842,4.6467
57.7652,1.0792,4.6278
57.7654,1.0662,4.5718
57.7656,1.0682,4.5869
57.7658,1.0145,4.3522
57.7660,1.0405,4.4596
57.7662,1.0873,4.6622
57.7664,1.0683,4.581
57.7666,1.0724,4.5963
57.7668,1.0718,4.5938
57.7670,1.0756,4.6124
57.7672,1.0312,4.4319
57.7674,0.9542,4.0992
57.7676,0.9165,3.9338
57.7678,0.9816,4.2132
57.7680,0.9587,4.1207
57.7682,0.8988,3.8702
57.7684,0.8288,3.5654
57.7686,0.8119,3.4959
57.7688,0.853,3.6627
57.7690,0.9785,4.2037
57.7692,0.9294,3.9944
57.7694,0.8999,3.8658
57.7696,0.8695,3.7407
57.7698,0.8422,3.6265
57.7700,0.7932,3.4169
57.7702,0.8014,3.451
57.7704,0.8638,3.7108
57.7706,0.9514,4.0854
57.7708,0.9012,3.8859
57.7710,0.7346,3.1634
57.7712,0.7759,3.3379
57.7714,0.7806,3.3689
57.7716,0.6349,2.7389
57.7718,0.6596,2.8481
57.7720,0.5627,2.4309
57.7722,0.5528,2.3857
57.7724,0.6033,2.6065
57.7726,0.5446,2.3505
57.7728,0.5434,2.3453
57.7730,0.5581,2.4101
57.7732,0.6218,2.6825
57.7734,0.688,2.9625
57.7736,0.7633,3.2837
57.7738,0.7575,3.265
57.7740,0.7169,3.0898
57.7742,0.6891,2.9713
57.7744,0.689,2.9694
57.7746,0.6614,2.8519
57.7748,0.7072,3.048
57.7750,0.7613,3.278
57.7752,0.7656,3.2966
57.7754,0.7501,3.2345
57.7756,0.6759,2.9171
57.7758,0.5849,2.5209
57.7760,0.6228,2.6854
57.7762,0.5958,2.5726
57.7764,0.6102,2.6323
57.7766,0.7044,3.0375
57.7768,0.6644,2.8621
57.7770,0.7212,3.1055
57.7772,0.7623,3.2811
57.7774,0.7258,3.131
57.7776,0.5481,2.3677
57.7778,0.4924,2.1293
57.7780,0.4903,2.119
57.7782,0.494,2.1341
57.7784,0.4946,2.1377
57.7786,0.4909,2.1216
57.7788,0.4986,2.1528
57.7790,0.5053,2.1818
57.7792,0.5134,2.2159
57.7794,0.5134,2.2159
57.7796,0.5023,2.1718
57.7798,0.4995,2.1589
57.7800,0.5023,2.1688
57.7802,0.5055,2.1838
57.7804,0.5155,2.2258
57.7806,0.5619,2.4228
57.7808,0.57,2.4568
57.7810,0.5622,2.4277
57.7812,0.5447,2.3499
57.7814,0.617,2.6606
57.7816,0.6143,2.6487
57.7818,0.601,2.5937
57.7820,0.5971,2.5748
57.7822,0.6127,2.6407
57.7824,0.6111,2.6328
57.7826,0.6077,2.619
57.7828,0.6125,2.6422
57.7830,0.6134,2.6438
57.7832,0.6288,2.7087
57.7834,0.6917,2.9785
57.7836,0.7448,3.2058
57.7838,0.7686,3.2957
57.7840,0.9372,4.0298
57.7842,0.8043,3.465
57.7844,0.6466,2.7857
57.7846,0.6101,2.6318
57.7848,0.6093,2.6275
57.7850,0.612,2.6364
57.7852,0.6658,2.8723
57.7854,0.6149,2.6513
57.7856,0.5975,2.5751
57.7858,0.5986,2.5774
57.7860,0.6043,2.6034
57.7862,0.6044,2.6075
57.7864,0.592,2.5537
57.7866,0.6024,2.5939
57.7868,0.6578,2.8258
57.7870,0.7818,3.36
57.7872,0.7814,3.3616
57.7874,0.7704,3.3157
57.7876,0.6734,2.8995
57.7878,0.6657,2.8652
57.7880,0.6616,2.8556
57.7882,0.5797,2.501
57.7884,0.6234,2.688
57.7886,0.5938,2.5603
57.7888,0.5787,2.4951
57.7890,0.5926,2.5551
57.7892,0.6247,2.6887
57.7894,0.6814,2.9341
57.7896,0.6396,2.7578
57.7898,0.5284,2.2838
57.7900,0.4619,1.9943
57.7902,0.4623,1.9973
57.7904,0.5026,2.1663
57.7906,0.6012,2.5899
57.7908,0.6161,2.6552
57.7910,0.5784,2.4964
57.7912,0.5727,2.4704
57.7914,0.5697,2.4529
57.7916,0.5767,2.488
57.7918,0.6127,2.6383
57.7920,0.6868,2.9587
57.7922,0.6029,2.5972
57.7924,0.5699,2.4563
57.7926,0.5717,2.464
57.7928,0.5417,2.3381
57.7930,0.5453,2.3525
57.7932,0.5884,2.5347
57.7934,0.5837,2.518
57.7936,0.5903,2.5429
57.7938,0.6435,2.771
57.7940,0.6183,2.6626
57.7942,0.6593,2.8325
57.7944,0.7127,3.0646
57.7946,0.6872,2.9617
57.7948,0.6092,2.6282
57.7950,0.6127,2.6407
57.7952,0.6255,2.6898
57.7954,0.7026,3.0199
57.7956,0.7399,3.1831
57.7958,0.7581,3.2585
57.7960,0.8139,3.4965
57.7962,0.7476,3.2161
57.7964,0.7159,3.0771
57.7966,0.7749,3.3307
57.7968,0.8349,3.5883
57.7970,0.8081,3.4669
57.7972,0.8301,3.5611
57.7974,0.8633,3.7001
57.7976,0.9722,4.1667
57.7978,0.9993,4.2829
57.7980,0.987,4.2344
57.7982,0.9115,3.914
57.7984,0.8935,3.835
57.7986,0.8905,3.8185
57.7988,0.9054,3.8877
57.7990,0.8424,3.6174
57.7992,0.9091,3.8982
57.7994,0.937,4.0199
57.7996,0.8938,3.836
57.7998,0.8845,3.7946
57.8000,0.9289,3.9849
57.8002,0.9283,3.9786
57.8004,0.9679,4.156
57.8006,0.9824,4.2065
57.8008,0.9908,4.2444
57.8010,1.0471,4.4837
57.8012,1.114,4.7724
57.8014,1.0728,4.6
57.8016,1.0019,4.2942
57.8018,0.9956,4.2749
57.8020,0.8469,3.6382
57.8022,0.8038,3.4548
57.8024,0.7954,3.422
57.8026,0.7926,3.4143
57.8028,0.7627,3.2827
57.8030,0.778,3.3472
57.8032,0.781,3.3585
57.8034,0.7858,3.3807
57.8036,0.7962,3.4219
57.8038,0.8014,3.4477
57.8040,0.749,3.2223
57.8042,0.7487,3.2253
57.8044,0.732,3.1491
57.8046,0.737,3.1766
57.8048,0.6763,2.9106
57.8050,0.7386,3.1745
57.8052,0.7307,3.1493
57.8054,0.6635,2.8585
57.8056,0.6957,2.9942
57.8058,0.7102,3.0595
57.8060,0.6981,3.0059
57.8062,0.6755,2.9061
57.8064,0.7209,3.1054
57.8066,0.6743,2.9077
57.8068,0.6152,2.6528
57.8070,0.591,2.5448
57.8072,0.6609,2.8485
57.8074,0.6396,2.7565
57.8076,0.6322,2.7262
57.8078,0.5773,2.4895
57.8080,0.6087,2.6237
57.8082,0.6604,2.8438
57.8084,0.6655,2.8655
57.8086,0.6412,2.7663
57.8088,0.5755,2.4828
57.8090,0.5632,2.4262
57.8092,0.5832,2.5171
57.8094,0.5982,2.5806
57.8096,0.5898,2.5409
57.8098,0.6343,2.73
57.8100,0.7122,3.0697
57.8102,0.6157,2.6561
57.8104,0.5904,2.5434
57.8106,0.671,2.8946
57.8108,0.5903,2.5465
57.8110,0.5596,2.4129
57.8112,0.6077,2.619
57.8114,0.7011,3.0174
57.8116,0.6669,2.8717
57.8118,0.6446,2.7782
57.8120,0.5707,2.4622
57.8122,0.5448,2.3504
57.8124,0.5706,2.4628
57.8126,0.5298,2.2858
57.8128,0.5246,2.262
57.8130,0.5621,2.4249
57.8132,0.5722,2.4672
57.8134,0.5554,2.3937
57.8136,0.539,2.3197
57.8138,0.6585,2.8342
57.8140,0.6151,2.6535
57.8142,0.546,2.3523
57.8144,0.6275,2.7031
57.8146,0.6285,2.7065
57.8148,0.6278,2.7034
57.8150,0.6488,2.7937
57.8152,0.6968,2.9974
57.8154,0.7145,3.0752
57.8156,0.6705,2.8845
57.8158,0.6911,2.9746
57.8160,0.7463,3.2075
57.8162,0.79,3.3987
57.8164,0.744,3.1977
57.8166,0.7332,3.1542
57.8168,0.7247,3.1176
57.8170,0.7387,3.1721
57.8172,0.805,3.4584
57.8174,0.8519,3.6615
57.8176,0.8538,3.668
57.8178,0.8171,3.5104
57.8180,0.7789,3.3508
57.8182,0.7643,3.2863
57.8184,0.7858,3.3728
57.8186,0.8331,3.5756
57.8188,0.8857,3.8033
57.8190,0.9199,3.9537
57.8192,0.7983,3.4343
57.8194,0.7189,3.0943
57.8196,0.7203,3.1
57.8198,0.6796,2.921
57.8200,0.736,3.1646
57.8202,0.785,3.3755
57.8204,0.7898,3.3946
57.8206,0.8234,3.5356
57.8208,0.8944,3.8421
57.8210,0.8398,3.6128
57.8212,0.7135,3.0697
57.8214,0.6868,2.956
57.8216,0.7249,3.1158
57.8218,0.8187,3.5204
57.8220,0.8019,3.4546
57.8222,0.6448,2.7818
57.8224,0.6016,2.5927
57.8226,0.5984,2.5793
57.8228,0.6988,3.009
57.8230,0.701,3.0183
57.8232,0.6663,2.8731
57.8234,0.6089,2.623
57.8236,0.656,2.8221
57.8238,0.7801,3.3591
57.8240,0.6617,2.8534
57.8242,0.5986,2.5798
57.8244,0.6733,2.895
57.8246,0.7007,3.0159
57.8248,0.6904,2.9701
57.8250,0.7579,3.262
57.8252,0.7011,3.0174
57.8254,0.6775,2.9225
57.8256,0.5372,2.3184
57.8258,0.5411,2.3366
57.8260,0.5075,2.1906
57.8262,0.4959,2.1384
57.8264,0.493,2.128
57.8266,0.4906,2.1186
57.8268,0.4886,2.1088
57.8270,0.5074,2.186
57.8272,0.5782,2.4942
57.8274,0.5221,2.2521
57.8276,0.5709,2.4615
57.8278,0.5739,2.4745
57.8280,0.523,2.2594
57.8282,0.4896,2.112
57.8284,0.4852,2.0934
57.8286,0.4833,2.0851
57.8288,0.5108,2.2025
57.8290,0.5596,2.4096
57.8292,0.6318,2.7191
57.8294,0.5964,2.5717
57.8296,0.6037,2.5984
57.8298,0.7667,3.292
57.8300,0.8221,3.5332
57.8302,0.777,3.3394
57.8304,0.7736,3.325
57.8306,0.8031,3.4518
57.8308,0.7873,3.3822
57.8310,0.8509,3.6489
57.8312,0.9849,4.2173
57.8314,1.0173,4.3559
57.8316,1.0024,4.2882
57.8318,1.0717,4.5868
57.8320,1.106,4.7314
57.8322,1.1075,4.7403
57.8324,1.0479,4.4936
57.8326,1.0639,4.5513
57.8328,1.1356,4.8558
57.8330,1.0627,4.5568
57.8332,1.0035,4.3029
57.8334,0.9703,4.1643
57.8336,0.9465,4.0605
57.8338,0.9595,4.1142
57.8340,0.9749,4.1785
57.8342,1.0376,4.4349
57.8344,1.1825,5.0634
57.8346,1.1161,4.7767
57.8348,1.1225,4.8022
57.8350,1.1003,4.7117
57.8352,1.1074,4.7486
57.8354,1.0254,4.4051
57.8356,0.8826,3.7899
57.8358,0.89,3.8183
57.8360,0.934,4.0052
57.8362,0.8948,3.8478
57.8364,0.8328,3.5796
57.8366,0.8948,3.8424
57.8368,0.8954,3.8468
57.8370,0.861,3.7041
57.8372,0.8138,3.5041
57.8374,0.6999,3.015
57.8376,0.6362,2.7446
57.8378,0.5854,2.5241
57.8380,0.6352,2.7404
57.8382,0.5888,2.5403
57.8384,0.5909,2.5479
57.8386,0.6366,2.7449
57.8388,0.6689,2.8791
57.8390,0.7036,3.0297
57.8392,0.7053,3.0369
57.8394,0.7488,3.2213
57.8396,0.7447,3.2112
57.8398,0.6683,2.8819
57.8400,0.6252,2.6945
57.8402,0.6468,2.7875
57.8404,0.6861,2.9543
57.8406,0.7316,3.1519
57.8408,0.6739,2.9043
57.8410,0.6212,2.675
57.8412,0.6533,2.8159
57.8414,0.6601,2.8475
57.8416,0.5628,2.4291
57.8418,0.4959,2.1414
57.8420,0.5379,2.3226
57.8422,0.5084,2.1911
57.8424,0.5701,2.4596
57.8426,0.5261,2.2718
57.8428,0.4816,2.0798
57.8430,0.4879,2.1086
57.8432,0.4914,2.1227
57.8434,0.4802,2.0764
57.8436,0.4167,1.7991
57.8438,0.4806,2.0761
57.8440,0.4483,1.9385
57.8442,0.4161,1.7957
57.8444,0.4617,1.9938
57.8446,0.4526,1.9545
57.8448,0.4471,1.9307
57.8450,0.4513,1.9497
57.8452,0.4534,1.9585
57.8454,0.4504,1.9464
57.8456,0.4873,2.1031
57.8458,0.4621,1.9954
57.8460,0.455,1.9639
57.8462,0.5097,2.1968
57.8464,0.5887,2.5409
57.8466,0.4707,2.0317
57.8468,0.4528,1.9568
57.8470,0.4526,1.9554
57.8472,0.4547,1.9642
57.8474,0.4484,1.9354
57.8476,0.4995,2.1529
57.8478,0.5591,2.4109
57.8480,0.6421,2.7622
57.8482,0.6668,2.8751
57.8484,0.5706,2.4605
57.8486,0.5567,2.4016
57.8488,0.5542,2.3908
57.8490,0.5596,2.4129
57.8492,0.5757,2.4799
57.8494,0.576,2.4792
57.8496,0.6266,2.6944
57.8498,0.7156,3.0784
57.8500,0.7044,3.0319
57.8502,0.6898,2.9661
57.8504,0.7346,3.1604
57.8506,0.6763,2.916
57.8508,0.5745,2.4782
57.8510,0.5573,2.4009
57.8512,0.6061,2.6087
57.8514,0.6385,2.748
57.8516,0.6307,2.7157
57.8518,0.6301,2.7132
57.8520,0.628,2.7056
57.8522,0.6224,2.6826
57.8524,0.6346,2.729
57.8526,0.6727,2.8978
57.8528,0.6063,2.6158
57.8530,0.5505,2.3703
57.8532,0.5501,2.3699
57.8534,0.5784,2.4918
57.8536,0.6243,2.6909
57.8538,0.6356,2.7331
57.8540,0.646,2.7818
57.8542,0.645,2.7733
57.8544,0.7282,3.1355
57.8546,0.6104,2.6297
57.8548,0.5858,2.5226
57.8550,0.5978,2.5767
57.8552,0.6127,2.6358
57.8554,0.7035,3.0263
57.8556,0.653,2.8118
57.8558,0.6611,2.8429
57.8560,0.7125,3.0664
57.8562,0.6652,2.8604
57.8564,0.694,2.9856
57.8566,0.6981,2.9975
57.8568,0.7934,3.4084
57.8570,0.7922,3.4064
57.8572,0.8183,3.5107
57.8574,0.8495,3.6512
57.8576,0.7658,3.2945
57.8578,0.6804,2.9286
57.8580,0.6254,2.6918
57.8582,0.6861,2.9529
57.8584,0.646,2.7831
57.8586,0.5993,2.5877
57.8588,0.4953,2.1398
57.8590,0.4699,2.0262
57.8592,0.4836,2.0871
57.8594,0.4767,2.0585
57.8596,0.4695,2.0256
57.8598,0.4724,2.038
57.8600,0.4681,2.0203
57.8602,0.4821,2.0818
57.8604,0.482,2.0803
57.8606,0.4797,2.0696
57.8608,0.4793,2.0684
57.8610,0.4802,2.0707
57.8612,0.4818,2.0784
57.8614,0.4772,2.0587
57.8616,0.476,2.0545
57.8618,0.4808,2.0761
57.8620,0.4795,2.0676
57.8622,0.5045,2.1756
57.8624,0.5349,2.3054
57.8626,0.6007,2.5867
57.8628,0.578,2.4891
57.8630,0.5767,2.4834
57.8632,0.62,2.6661
57.8634,0.7171,3.0823
57.8636,0.7278,3.131
57.8638,0.7759,3.3317
57.8640,0.8301,3.5611
57.8642,0.8628,3.7015
57.8644,0.8556,3.6706
57.8646,0.8487,3.6357
57.8648,0.924,3.9601
57.8650,0.9625,4.1232
57.8652,0.9825,4.2109
57.8654,0.9797,4.203
57.8656,0.9746,4.1751
57.8658,0.9727,4.1668
57.8660,0.9625,4.127
57.8662,0.9517,4.0788
57.8664,0.9854,4.2154
57.8666,1.0024,4.2962
57.8668,0.9326,4.0065
57.8670,0.8288,3.5571
57.8672,0.8309,3.568
57.8674,0.8167,3.5051
57.8676,0.7959,3.4208
57.8678,0.8055,3.4605
57.8680,0.8227,3.5308
57.8682,0.8348,3.5811
57.8684,0.8792,3.7772
57.8686,0.8743,3.7526
57.8688,0.9209,3.9523
57.8690,0.8379,3.6029
57.8692,0.7542,3.2415
57.8694,0.7854,3.3739
57.8696,0.8105,3.4772
57.8698,0.9009,3.8651
57.8700,0.9252,3.969
57.8702,0.9569,4.1072
57.8704,0.8313,3.5745
57.8706,0.7453,3.2049
57.8708,0.7093,3.0516
57.8710,0.7412,3.1858
57.8712,0.7398,3.1797
57.8714,0.7701,3.31
57.8716,0.771,3.3152
57.8718,0.7893,3.3941
57.8720,0.7832,3.3662
57.8722,0.7617,3.2755
57.8724,0.7548,3.2486
57.8726,0.639,2.7552
57.8728,0.5716,2.4658
57.8730,0.5808,2.5056
57.8732,0.5692,2.4543
57.8734,0.5759,2.4786
57.8736,0.6963,2.9954
57.8738,0.7336,3.1587
57.8740,0.6945,2.9849
57.8742,0.7165,3.0868
57.8744,0.6703,2.8848
57.8746,0.6739,2.9003
57.8748,0.6821,2.9386
57.8750,0.6887,2.9684
57.8752,0.6512,2.8014
57.8754,0.7107,3.0573
57.8756,0.7069,3.0413
57.8758,0.7087,3.0476
57.8760,0.7322,3.1516
57.8762,0.6981,3.0101
57.8764,0.6042,2.6016
57.8766,0.6245,2.6926
57.8768,0.6477,2.7878
57.8770,0.7367,3.1692
57.8772,0.7107,3.0573
57.8774,0.6854,2.9498
57.8776,0.6663,2.8691
57.8778,0.6396,2.7591
57.8780,0.6343,2.7287
57.8782,0.7223,3.1073
57.8784,0.6303,2.7192
57.8786,0.5451,2.3515
57.8788,0.5474,2.3591
57.8790,0.5561,2.3968
57.8792,0.546,2.3534
57.8794,0.542,2.3391
57.8796,0.5386,2.3235
57.8798,0.5396,2.3255
57.8800,0.5476,2.3579
57.8802,0.7037,3.0245
57.8804,0.8047,3.4568
57.8806,0.7237,3.1164
57.8808,0.6687,2.8794
57.8810,0.6585,2.8355
57.8812,0.6476,2.7898
57.8814,0.6429,2.7684
57.8816,0.6475,2.788
57.8818,0.6459,2.7826
57.8820,0.6533,2.8133
57.8822,0.6651,2.8599
57.8824,0.7515,3.2257
57.8826,0.8223,3.5408
57.8828,0.7103,3.0586
57.8830,0.6343,2.7312
57.8832,0.6235,2.6835
57.8834,0.633,2.723
57.8836,0.7633,3.2822
57.8838,0.7691,3.3069
57.8840,0.6649,2.8629
57.8842,0.6253,2.6925
57.8844,0.6147,2.6508
57.8846,0.6073,2.6175
57.8848,0.611,2.6311
57.8850,0.6155,2.6514
57.8852,0.6128,2.64
57.8854,0.6103,2.6292
57.8856,0.6093,2.6226
57.8858,0.6121,2.6382
57.8860,0.6191,2.6669
57.8862,0.6161,2.6528
57.8864,0.6086,2.6207
57.8866,0.6643,2.8576
57.8868,0.7683,3.2962
57.8870,0.8655,3.7111
57.8872,0.8418,3.6216
57.8874,0.6982,3.0078
57.8876,0.5802,2.503
57.8878,0.549,2.3685
57.8880,0.5478,2.3634
57.8882,0.5444,2.3451
57.8884,0.5879,2.5326
57.8886,0.5518,2.3782
57.8888,0.5376,2.3183
57.8890,0.5447,2.3466
57.8892,0.5912,2.5471
57.8894,0.6102,2.6299
57.8896,0.6045,2.6044
57.8898,0.6119,2.6359
57.8900,0.612,2.634
57.8902,0.6161,2.6528
57.8904,0.627,2.6972
57.8906,0.661,2.8437
57.8908,0.6175,2.6602
57.8910,0.6147,2.6471
57.8912,0.6144,2.6431
57.8914,0.6791,2.9189
57.8916,0.7361,3.1696
57.8918,0.6938,2.9818
57.8920,0.7228,3.1123
57.8922,0.5891,2.5401
57.8924,0.5036,2.1725
57.8926,0.5252,2.2645
57.8928,0.5327,2.2992
57.8930,0.494,2.1321
57.8932,0.4875,2.1032
57.8934,0.4999,2.1555
57.8936,0.5657,2.437
57.8938,0.592,2.5525
57.8940,0.5093,2.1983
57.8942,0.5115,2.2046
57.8944,0.5644,2.4325
57.8946,0.5904,2.5446
57.8948,0.6042,2.6016
57.8950,0.615,2.6469
57.8952,0.6223,2.6771
57.8954,0.6438,2.7694
57.8956,0.72,3.0903
57.8958,0.8484,3.6432
57.8960,0.8006,3.4393
57.8962,0.7788,3.3471
57.8964,0.7786,3.3466
57.8966,0.7926,3.4017
57.8968,0.8457,3.6313
57.8970,0.8584,3.6825
57.8972,0.8422,3.6181
57.8974,0.8357,3.5819
57.8976,0.9896,4.2393
57.8978,1.0286,4.4067
57.8980,1.0655,4.558
57.8982,1.062,4.5495
57.8984,1.0206,4.3723
57.8986,1.0074,4.3098
57.8988,1.0579,4.5299
57.8990,1.035,4.4401
57.8992,0.9794,4.1976
57.8994,1.0276,4.398
57.8996,1.0258,4.3964
57.8998,0.9964,4.2725
57.9000,0.9363,4.0131
57.9002,0.9561,4.0959
57.9004,1.0032,4.3038
57.9006,0.9248,3.9693
57.9008,0.9397,4.0293
57.9010,0.9527,4.0854
57.9012,0.9531,4.0926
57.9014,0.8856,3.801
57.9016,0.8749,3.7534
57.9018,0.8774,3.7695
57.9020,0.858,3.6912
57.9022,0.7964,3.4229
57.9024,0.8848,3.7956
57.9026,0.9272,3.9796
57.9028,0.8887,3.8215
57.9030,0.8099,3.4795
57.9032,0.8345,3.5884
57.9034,0.7951,3.4172
57.9036,0.8784,3.7719
57.9038,0.9304,3.9953
57.9040,0.8671,3.7235
57.9042,0.8815,3.7923
57.9044,0.7614,3.28
57.9046,0.6798,2.9261
57.9048,0.7069,3.0441
57.9050,0.6747,2.9039
57.9052,0.6691,2.8863
57.9054,0.601,2.5937
57.9056,0.6298,2.7109
57.9058,0.6944,2.9927
57.9060,0.6331,2.7273
57.9062,0.667,2.8722
57.9064,0.6746,2.9034
57.9066,0.6661,2.8694
57.9068,0.6272,2.7058
57.9070,0.5964,2.5717
57.9072,0.6452,2.7782
57.9074,0.6657,2.8625
57.9076,0.6638,2.8609
57.9078,0.6093,2.6263
57.9080,0.6117,2.6366
57.9082,0.6179,2.663
57.9084,0.6129,2.6442
57.9086,0.6177,2.6637
57.9088,0.5778,2.4904
57.9090,0.5846,2.521
57.9092,0.5837,2.518
57.9094,0.5499,2.3755
57.9096,0.482,2.0803
57.9098,0.4868,2.101
57.9100,0.499,2.1528
57.9102,0.5888,2.5367
57.9104,0.6452,2.7795
57.9106,0.5821,2.5125
57.9108,0.5236,2.2599
57.9110,0.5087,2.1947
57.9112,0.4927,2.1264
57.9114,0.4959,2.1364
57.9116,0.582,2.5108
57.9118,0.5086,2.1973
57.9120,0.4924,2.1254
57.9122,0.5396,2.3277
57.9124,0.559,2.4092
57.9126,0.5645,2.4341
57.9128,0.5891,2.5366
57.9130,0.6765,2.9143
57.9132,0.5525,2.3835
57.9134,0.4767,2.0566
57.9136,0.5506,2.3742
57.9138,0.5828,2.5121
57.9140,0.6024,2.5939
57.9142,0.6507,2.802
57.9144,0.6601,2.8422
57.9146,0.6513,2.8019
57.9148,0.6655,2.8641
57.9150,0.6631,2.8551
57.9152,0.6655,2.8668
57.9154,0.5884,2.5358
57.9156,0.5731,2.4691
57.9158,0.609,2.6199
57.9160,0.681,2.9299
57.9162,0.6801,2.9244
57.9164,0.7095,3.0507
57.9166,0.7728,3.3167
57.9168,0.8131,3.4929
57.9170,0.7782,3.3477
57.9172,0.7482,3.2172
57.9174,0.715,3.0773
57.9176,0.737,3.1722
57.9178,0.6688,2.8786
57.9180,0.6765,2.9116
57.9182,0.6773,2.9179
57.9184,0.6749,2.9063
57.9186,0.6914,2.9728
57.9188,0.6968,3.0016
57.9190,0.5819,2.5103
57.9192,0.5538,2.387
57.9194,0.5463,2.3544
57.9196,0.5454,2.3519
57.9198,0.5472,2.3586
57.9200,0.6107,2.6271
57.9202,0.7055,3.0323
57.9204,0.7531,3.2429
57.9206,0.6687,2.8821
57.9208,0.5854,2.5206
57.9210,0.5725,2.4688
57.9212,0.5411,2.3355
57.9214,0.4816,2.0778
57.9216,0.4746,2.0473
57.9218,0.4727,2.0419
57.9220,0.4692,2.0259
57.9222,0.4593,1.9825
57.9224,0.456,1.9671
57.9226,0.4912,2.1163
57.9228,0.5186,2.2371
57.9230,0.4957,2.1384
57.9232,0.4936,2.1296
57.9234,0.5016,2.1617
57.9236,0.5444,2.3462
57.9238,0.5697,2.4541
57.9240,0.5879,2.5361
57.9242,0.5151,2.2201
57.9244,0.5693,2.4457
57.9246,0.7029,3.0223
57.9248,0.6872,2.9603
57.9250,0.6369,2.7413
57.9252,0.6584,2.8363
57.9254,0.603,2.5977
57.9256,0.6161,2.6589
57.9258,0.5258,2.2671
57.9260,0.4982,2.1482
57.9262,0.4933,2.128
57.9264,0.4923,2.1229
57.9266,0.4887,2.1074
57.9268,0.4924,2.1244
57.9270,0.4954,2.1383
57.9272,0.4916,2.1198
57.9274,0.5177,2.2325
57.9276,0.6138,2.6442
57.9278,0.5354,2.3085
57.9280,0.4966,2.1425
57.9282,0.4893,2.11
57.9284,0.5157,2.2196
57.9286,0.5646,2.4324
57.9288,0.5878,2.5309
57.9290,0.6175,2.6602
57.9292,0.571,2.4575
57.9294,0.6292,2.7095
57.9296,0.6396,2.7488
57.9298,0.7215,3.1008
57.9300,0.7494,3.2194
57.9302,0.8211,3.5258
57.9304,0.8523,3.6511
57.9306,0.9273,3.969
57.9308,0.9637,4.1283
57.9310,0.9845,4.2118
57.9312,1.0316,4.4196
57.9314,1.0132,4.3405
57.9316,1.0008,4.2875
57.9318,0.9934,4.2617
57.9320,0.942,4.0372
57.9322,0.9635,4.1259
57.9324,0.973,4.1664
57.9326,0.9922,4.2466
57.9328,0.9795,4.1981
57.9330,0.9593,4.1117
57.9332,0.9735,4.1743
57.9334,0.9411,4.0393
57.9336,0.8619,3.6991
57.9338,0.8941,3.8393
57.9340,0.8674,3.7228
57.9342,0.8866,3.798
57.9344,0.9235,3.9599
57.9346,0.9225,3.9577
57.9348,0.9128,3.9196
57.9350,0.8563,3.6754
57.9352,0.8749,3.7534
57.9354,0.8809,3.7827
57.9356,0.9122,3.9152
57.9358,0.9132,3.9157
57.9360,0.9703,4.1604
57.9362,0.9203,3.946
57.9364,0.9128,3.9215
57.9366,0.8517,3.6639
57.9368,0.6898,2.9703
57.9370,0.6591,2.8394
57.9372,0.661,2.8437
57.9374,0.7176,3.08
57.9376,0.8144,3.5018
57.9378,0.7185,3.0937
57.9380,0.6659,2.8675
57.9382,0.6721,2.8912
57.9384,0.7482,3.2172
57.9386,0.7586,3.2651
57.9388,0.7428,3.1925
57.9390,0.7472,3.2116
57.9392,0.7298,3.1398
57.9394,0.7056,3.0413
57.9396,0.6474,2.7862
57.9398,0.7298,3.1383
57.9400,0.6959,3.0008
57.9402,0.588,2.5366
57.9404,0.591,2.5472
57.9406,0.5893,2.5388
57.9408,0.5755,2.4817
57.9410,0.5996,2.5856
57.9412,0.5916,2.5486
57.9414,0.6061,2.6111
57.9416,0.6334,2.7314
57.9418,0.5963,2.5699
57.9420,0.5832,2.5136
57.9422,0.5804,2.5029
57.9424,0.5845,2.5193
57.9426,0.5863,2.5282
57.9428,0.5769,2.4874
57.9430,0.5972,2.5705
57.9432,0.7072,3.0437
57.9434,0.6932,2.9875
57.9436,0.5934,2.5587
57.9438,0.5673,2.4472
57.9440,0.5513,2.3751
57.9442,0.5543,2.388
57.9444,0.5643,2.432
57.9446,0.5747,2.4792
57.9448,0.6175,2.6589
57.9450,0.611,2.636
57.9452,0.4998,2.1579
57.9454,0.4897,2.1125
57.9456,0.5174,2.2299
57.9458,0.5393,2.3266
57.9460,0.5303,2.2878
57.9462,0.5319,2.2935
57.9464,0.6085,2.619
57.9466,0.7221,3.1048
57.9468,0.7122,3.0654
57.9470,0.6451,2.7764
57.9472,0.6685,2.8784
57.9474,0.656,2.8247
57.9476,0.6452,2.7743
57.9478,0.6695,2.8817
57.9480,0.6605,2.8403
57.9482,0.749,3.2223
57.9484,0.7614,3.2724
57.9486,0.7374,3.1693
57.9488,0.7045,3.0338
57.9490,0.6333,2.7271
57.9492,0.6673,2.8732
57.9494,0.6272,2.702
57.9496,0.6234,2.6867
57.9498,0.6242,2.6891
57.9500,0.6492,2.7914
57.9502,0.7525,3.2313
57.9504,0.782,3.3626
57.9506,0.7139,3.0741
57.9508,0.6525,2.8058
57.9510,0.661,2.849
57.9512,0.6266,2.7007
57.9514,0.6529,2.8086
57.9516,0.7024,3.0231
57.9518,0.7077,3.0458
57.9520,0.6687,2.8781
57.9522,0.6471,2.7813
57.9524,0.6748,2.9098
57.9526,0.5724,2.4694
57.9528,0.5603,2.4149
57.9530,0.6466,2.7779
57.9532,0.7492,3.2214
57.9534,0.7352,3.166
57.9536,0.7096,3.0512
57.9538,0.687,2.9557
57.9540,0.6761,2.9114
57.9542,0.6607,2.8448
57.9544,0.674,2.9008
57.9546,0.6715,2.8873
57.9548,0.6721,2.8912
57.9550,0.7071,3.0446
57.9552,0.7077,3.0401
57.9554,0.7569,3.2518
57.9556,0.7102,3.058
57.9558,0.6362,2.7408
57.9560,0.6541,2.8151
57.9562,0.683,2.9395
57.9564,0.6589,2.8384
57.9566,0.6378,2.7449
57.9568,0.6731,2.8958
57.9570,0.6755,2.9075
57.9572,0.6304,2.7109
57.9574,0.7235,3.1081
57.9576,0.7476,3.2147
57.9578,0.7631,3.2812
57.9580,0.792,3.4007
57.9582,0.8356,3.5931
57.9584,0.6994,3.013
57.9586,0.6655,2.8628
57.9588,0.6927,2.9827
57.9590,0.6233,2.6862
57.9592,0.5629,2.4252
57.9594,0.5487,2.367
57.9596,0.5123,2.2072
57.9598,0.6257,2.6991
57.9600,0.5072,2.188
57.9602,0.4882,2.1043
57.9604,0.4894,2.1115
57.9606,0.4882,2.1082
57.9608,0.4873,2.1021
57.9610,0.5366,2.3126
57.9612,0.5126,2.2113
57.9614,0.4983,2.1507
57.9616,0.5153,2.2211
57.9618,0.5422,2.3358
57.9620,0.5935,2.5557
57.9622,0.6209,2.6746
57.9624,0.5884,2.5358
57.9626,0.6055,2.6061
57.9628,0.7103,3.0557
57.9630,0.7237,3.1092
57.9632,0.7722,3.3173
57.9634,0.8286,3.5549
57.9636,0.8721,3.7411
57.9638,0.8571,3.6785
57.9640,0.8863,3.8005
57.9642,0.9378,4.0192
57.9644,0.9747,4.1775
57.9646,0.9762,4.1861
57.9648,0.958,4.1042
57.9650,0.9505,4.068
57.9652,0.9879,4.2321
57.9654,0.9434,4.0453
57.9656,0.9488,4.0627
57.9658,1.0021,4.2952
57.9660,0.9742,4.1774
57.9662,0.9107,3.9122
57.9664,0.8462,3.6317
57.9666,0.8893,3.8134
57.9668,0.9229,3.9629
57.9670,0.8209,3.5231
57.9672,0.8302,3.5666
57.9674,0.8421,3.6192
57.9676,0.8509,3.654
57.9678,0.8278,3.553
57.9680,0.8733,3.7532
57.9682,0.8547,3.6682
57.9684,0.8494,3.6439
57.9686,0.899,3.855
57.9688,0.9583,4.1148
57.9690,0.9183,3.9415
57.9692,0.8307,3.5686
57.9694,0.842,3.6204
57.9696,0.7852,3.3765
57.9698,0.7846,3.3724
57.9700,0.7502,3.226
57.9702,0.7486,3.2203
57.9704,0.7404,3.1882
57.9706,0.7308,3.1512
57.9708,0.6007,2.5903
57.9710,0.6011,2.5918
57.9712,0.6211,2.6744
57.9714,0.6653,2.8636
57.9716,0.6767,2.9126
57.9718,0.6903,2.971
57.9720,0.671,2.8932
57.9722,0.6144,2.6504
57.9724,0.558,2.4062
57.9726,0.6073,2.6151
57.9728,0.6635,2.8599
57.9730,0.5987,2.5827
57.9732,0.6115,2.6356
57.9734,0.63,2.7114
57.9736,0.7145,3.0809
57.9738,0.6548,2.8248
57.9740,0.5622,2.4254
57.9742,0.5706,2.4594
57.9744,0.6029,2.5996
57.9746,0.6024,2.5975
57.9748,0.6001,2.5865
57.9750,0.5487,2.367
57.9752,0.5048,2.1777
57.9754,0.4999,2.1565
57.9756,0.5079,2.1931
57.9758,0.4927,2.1254
57.9760,0.5137,2.2129
57.9762,0.5748,2.4786
57.9764,0.5534,2.3894
57.9766,0.5078,2.1886
57.9768,0.5944,2.5569
57.9770,0.709,3.0586
57.9772,0.6041,2.6023
57.9774,0.5486,2.3665
57.9776,0.5107,2.2051
57.9778,0.4718,2.0382
57.9780,0.4719,2.035
57.9782,0.4818,2.0793
57.9784,0.4604,1.9863
57.9786,0.4739,2.0452
57.9788,0.4587,1.9836
57.9790,0.4542,1.9612
57.9792,0.4574,1.9743
57.9794,0.4577,1.9735
57.9796,0.5074,2.189
57.9798,0.5201,2.2418
57.9800,0.5454,2.3508
57.9802,0.5604,2.4154
57.9804,0.5801,2.5025
57.9806,0.5557,2.3953
57.9808,0.5529,2.384
57.9810,0.553,2.3845
57.9812,0.5536,2.3871
57.9814,0.5572,2.4004
57.9816,0.5784,2.4906
57.9818,0.6465,2.7787
57.9820,0.6976,3.0024
57.9822,0.6903,2.971
57.9824,0.7251,3.1177
57.9826,0.7085,3.0522
57.9828,0.5728,2.4698
57.9830,0.5448,2.3493
57.9832,0.5404,2.3302
57.9834,0.544,2.3435
57.9836,0.5481,2.3622
57.9838,0.5307,2.2883
57.9840,0.5248,2.264
57.9842,0.5257,2.2666
57.9844,0.5318,2.2919
57.9846,0.5364,2.3121
57.9848,0.53,2.2831
57.9850,0.5285,2.2769
57.9852,0.5287,2.2785
57.9854,0.5357,2.3111
57.9856,0.535,2.308
57.9858,0.5303,2.2857
57.9860,0.5156,2.2232
57.9862,0.5241,2.2578
57.9864,0.6198,2.6675
57.9866,0.6309,2.7168
57.9868,0.6114,2.6314
57.9870,0.6137,2.6437
57.9872,0.5757,2.4822
57.9874,0.5092,2.1968
57.9876,0.4731,2.0392
57.9878,0.4966,2.1405
57.9880,0.5111,2.202
57.9882,0.583,2.5103
57.9884,0.5755,2.4794
57.9886,0.5448,2.3472
57.9888,0.5319,2.2935
57.9890,0.5051,2.1772
57.9892,0.5851,2.5207
57.9894,0.5989,2.5801
57.9896,0.5795,2.493
57.9898,0.629,2.711
57.9900,0.5797,2.4963
57.9902,0.5513,2.3728
57.9904,0.6405,2.7568
57.9906,0.6438,2.772
57.9908,0.5849,2.5232
57.9910,0.4957,2.1384
57.9912,0.4894,2.1105
57.9914,0.495,2.1333
57.9916,0.4953,2.1358
57.9918,0.5457,2.3508
57.9920,0.6013,2.5892
57.9922,0.6457,2.7738
57.9924,0.6894,2.9673
57.9926,0.626,2.6969
57.9928,0.5896,2.5398
57.9930,0.5205,2.2423
57.9932,0.5049,2.1782
57.9934,0.512,2.2067
57.9936,0.5081,2.1891
57.9938,0.5211,2.2449
57.9940,0.5604,2.4132
57.9942,0.5951,2.5612
57.9944,0.6037,2.5996
57.9946,0.6035,2.5973
57.9948,0.6259,2.6938
57.9950,0.635,2.7292
57.9952,0.6601,2.8356
57.9954,0.7351,3.1522
57.9956,0.8249,3.5455
57.9958,0.7053,3.0298
57.9960,0.7177,3.0863
57.9962,0.7153,3.0731
57.9964,0.7655,3.2853
57.9966,0.7956,3.4177
57.9968,0.7976,3.4249
57.9970,0.7969,3.4186
57.9972,0.9048,3.8743
57.9974,0.9759,4.1768
57.9976,1.0048,4.2985
57.9978,0.9786,4.1964
57.9980,0.9087,3.8967
57.9982,0.8929,3.827
57.9984,0.9127,3.91
57.9986,0.9173,3.9332
57.9988,0.9468,4.0578
57.9990,0.9812,4.2033
57.9992,0.9593,4.1117
57.9994,0.9553,4.0885
57.9996,0.9962,4.2655
57.9998,0.9893,4.2382
58.0000,0.9924,4.2556
58.0002,0.9495,4.0658
58.0004,1.0535,4.5088
58.0006,1.0589,4.5319
58.0008,1.0788,4.6128
58.0010,1.094,4.6823
58.0012,1.0357,4.4432
58.0014,0.9105,3.9099
58.0016,0.7754,3.3343
58.0018,0.75,3.2235
58.0020,0.7861,3.3786
58.0022,0.802,3.4439
58.0024,0.8234,3.5339
58.0026,0.8575,3.6857
58.0028,0.7864,3.3801
58.0030,0.7755,3.3363
58.0032,0.694,2.9828
58.0034,0.7583,3.2575
58.0036,0.8063,3.4673
58.0038,0.7409,3.1932
58.0040,0.6739,2.8949
58.0042,0.7205,3.0981
58.0044,0.7364,3.1667
58.0046,0.7386,3.1745
58.0048,0.705,3.0358
58.0050,0.7182,3.0912
58.0052,0.6958,2.9947
58.0054,0.6912,2.9751
58.0056,0.6917,2.9772
58.0058,0.7453,3.2063
58.0060,0.7111,3.0622
58.0062,0.6984,3.0019
58.0064,0.7586,3.2606
58.0066,0.7442,3.2047
58.0068,0.6715,2.8967
58.0070,0.5842,2.5189
58.0072,0.6069,2.6159
58.0074,0.6093,2.6275
58.0076,0.5777,2.4898
58.0078,0.5643,2.4331
58.0080,0.556,2.3952
58.0082,0.5715,2.4641
58.0084,0.58,2.4997
58.0086,0.608,2.6206
58.0088,0.5607,2.421
58.0090,0.4834,2.0875
58.0092,0.4851,2.0928
58.0094,0.4886,2.1049
58.0096,0.5695,2.4501
58.0098,0.7119,3.0582
58.0100,0.7403,3.1862
58.0102,0.6218,2.6825
58.0104,0.5416,2.3354
58.0106,0.5348,2.307
58.0108,0.5288,2.2801
58.0110,0.5703,2.4544
58.0112,0.6259,2.6963
58.0114,0.6204,2.6726
58.0116,0.6012,2.5935
58.0118,0.5412,2.3349
58.0120,0.5358,2.3084
58.0122,0.5405,2.3307
58.0124,0.5791,2.4961
58.0126,0.6429,2.7671
58.0128,0.6729,2.8961
58.0130,0.7024,3.0203
58.0132,0.7655,3.2915
58.0134,0.68,2.9279
58.0136,0.6633,2.8548
58.0138,0.7007,3.0131
58.0140,0.7284,3.1322
58.0142,0.7342,3.1584
58.0144,0.7351,3.161
58.0146,0.7789,3.343
58.0148,0.8531,3.6632
58.0150,0.8126,3.4908
58.0152,0.8055,3.4605
58.0154,0.8189,3.5181
58.0156,0.8123,3.4931
58.0158,0.7677,3.3013
58.0160,0.7731,3.3214
58.0162,0.7981,3.4285
58.0164,0.8342,3.5836
58.0166,0.8697,3.7343
58.0168,0.8261,3.554
58.0170,0.7114,3.0589
58.0172,0.7575,3.2559
58.0174,0.8095,3.4775
58.0176,0.8102,3.4805
58.0178,0.8398,3.6027
58.0180,0.9234,3.9557
58.0182,0.9569,4.1053
58.0184,0.9067,3.8916
58.0186,0.8593,3.6986
58.0188,0.7496,3.2264
58.0190,0.6671,2.8754
58.0192,0.5712,2.4619
58.0194,0.57,2.4579
58.0196,0.6071,2.6092
58.0198,0.8079,3.4724
58.0200,0.7879,3.3879
58.0202,0.7211,3.105
58.0204,0.6507,2.8046
58.0206,0.6273,2.7013
58.0208,0.6024,2.5951
58.0210,0.5796,2.4993
58.0212,0.5966,2.5703
58.0214,0.6044,2.6027
58.0216,0.6102,2.6299
58.0218,0.6396,2.7552
58.0220,0.6933,2.9839
58.0222,0.6385,2.7531
58.0224,0.546,2.3578
58.0226,0.5297,2.2842
58.0228,0.5234,2.2557
58.0230,0.5806,2.4988
58.0232,0.6506,2.8054
58.0234,0.5902,2.5483
58.0236,0.5018,2.1627
58.0238,0.5575,2.4041
58.0240,0.5051,2.1792
58.0242,0.4892,2.1104
58.0244,0.487,2.1011
58.0246,0.4867,2.0996
58.0248,0.4825,2.0824
58.0250,0.4861,2.097
58.0252,0.4862,2.0985
58.0254,0.4911,2.1177
58.0256,0.4863,2.098
58.0258,0.4825,2.0834
58.0260,0.4833,2.0831
58.0262,0.5399,2.3249
58.0264,0.6014,2.5898
58.0266,0.5797,2.4986
58.0268,0.503,2.1689
58.0270,0.4846,2.0927
58.0272,0.4831,2.086
58.0274,0.486,2.0955
58.0276,0.4882,2.1063
58.0278,0.4831,2.085
58.0280,0.4846,2.0908
58.0282,0.4868,2.1001
58.0284,0.5298,2.2815
58.0286,0.5785,2.4935
58.0288,0.6091,2.6216
58.0290,0.6436,2.7741
58.0292,0.594,2.5554
58.0294,0.6695,2.8763
58.0296,0.7374,3.1664
58.0298,0.7857,3.3707
58.0300,0.8604,3.6895
58.0302,0.8656,3.7185
58.0304,0.8291,3.5536
58.0306,0.9568,4.099
58.0308,0.9619,4.1225
58.0310,0.9743,4.176
58.0312,0.9826,4.2114
58.0314,0.9827,4.208
58.0316,0.9617,4.1201
58.0318,0.9703,4.1604
58.0320,0.9322,3.9975
58.0322,0.952,4.0804
58.0324,0.9786,4.1925
58.0326,0.9839,4.2171
58.0328,0.9603,4.1139
58.0330,1.0069,4.3117
58.0332,1.0201,4.3682
58.0334,0.9879,4.238
58.0336,0.9674,4.1481
58.0338,0.9717,4.1666
58.0340,0.9831,4.2115
58.0342,1.0297,4.4052
58.0344,1.0343,4.4329
58.0346,0.9609,4.1203
58.0348,0.9946,4.2588
58.0350,1.0105,4.3352
58.0352,0.9675,4.1505
58.0354,0.9652,4.1388
58.0356,0.9638,4.1404
58.0358,0.797,3.4287
58.0360,0.7506,3.229
58.0362,0.7396,3.1771
58.0364,0.7989,3.4385
58.0366,0.7585,3.2616
58.0368,0.7846,3.3771
58.0370,0.7161,3.0819
58.0372,0.6864,2.9572
58.0374,0.6761,2.9074
58.0376,0.7332,3.1557
58.0378,0.6812,2.9345
58.0380,0.6474,2.7901
58.0382,0.6711,2.8884
58.0384,0.7462,3.2114
58.0386,0.7141,3.0708
58.0388,0.7156,3.0841
58.0390,0.6505,2.8009
58.0392,0.6868,2.9505
58.0394,0.7539,3.2435
58.0396,0.6965,3.0006
58.0398,0.6822,2.9405
58.0400,0.6575,2.8327
58.0402,0.6412,2.7676
58.0404,0.5386,2.3257
58.0406,0.5417,2.3348
58.0408,0.5613,2.4202
58.0410,0.5446,2.3461
58.0412,0.5748,2.4786
58.0414,0.5697,2.4575
58.0416,0.5261,2.2729
58.0418,0.4953,2.1358
58.0420,0.5568,2.3999
58.0422,0.556,2.3985
58.0424,0.5127,2.2128
58.0426,0.4953,2.1368
58.0428,0.496,2.1389
58.0430,0.5867,2.5263
58.0432,0.6775,2.9198
58.0434,0.5755,2.4863
58.0436,0.4372,1.8886
58.0438,0.4085,1.7656
58.0440,0.4102,1.7728
58.0442,0.4085,1.7631
58.0444,0.4573,1.9728
58.0446,0.4542,1.963
58.0448,0.4418,1.9088
58.0450,0.4442,1.9173
58.0452,0.4423,1.9099
58.0454,0.4495,1.9419
58.0456,0.4489,1.9384
58.0458,0.4477,1.9332
58.0460,0.4456,1.9221
58.0462,0.4688,2.0215
58.0464,0.5298,2.2837
58.0466,0.5462,2.3539
58.0468,0.5541,2.3858
58.0470,0.5798,2.5003
58.0472,0.5563,2.399
58.0474,0.5559,2.3969
58.0476,0.5574,2.4014
58.0478,0.5569,2.4004
58.0480,0.5545,2.3912
58.0482,0.5607,2.4165
58.0484,0.6104,2.6285
58.0486,0.6796,2.9223
58.0488,0.7155,3.0736
58.0490,0.7205,3.0981
58.0492,0.7121,3.0692
58.0494,0.5839,2.5156
58.0496,0.5707,2.4564
58.0498,0.6032,2.6023
58.0500,0.5426,2.3395
58.0502,0.5408,2.3285
58.0504,0.5766,2.4875
58.0506,0.5415,2.3349
58.0508,0.58,2.4985
58.0510,0.5735,2.4683
58.0512,0.6248,2.6879
58.0514,0.6848,2.9431
58.0516,0.7152,3.0812
58.0518,0.635,2.7343
58.0520,0.6229,2.6809
58.0522,0.6351,2.7387
58.0524,0.5537,2.3887
58.0526,0.5071,2.1865
58.0528,0.5188,2.2351
58.0530,0.5893,2.5341
58.0532,0.7183,3.0888
58.0534,0.7115,3.0595
58.0536,0.6989,3.0053
58.0538,0.7102,3.0538
58.0540,0.747,3.2061
58.0542,0.8125,3.4936
58.0544,0.6566,2.826
58.0546,0.6083,2.618
58.0548,0.6141,2.6469
58.0550,0.6149,2.6513
58.0552,0.5928,2.549
58.0554,0.649,2.7934
58.0556,0.6128,2.6413
58.0558,0.5899,2.5402
58.0560,0.5922,2.5488
58.0562,0.6187,2.6641
58.0564,0.6314,2.7125
58.0566,0.7457,3.2079
58.0568,0.7023,3.0212
58.0570,0.6815,2.9292
58.0572,0.7337,3.1548
58.0574,0.7002,3.0152
58.0576,0.6099,2.6252
58.0578,0.5965,2.5674
58.0580,0.6129,2.6406
58.0582,0.5424,2.3412
58.0584,0.5047,2.1761
58.0586,0.5041,2.1746
58.0588,0.4897,2.1125
58.0590,0.4894,2.1115
58.0592,0.5023,2.1618
58.0594,0.5458,2.3546
58.0596,0.508,2.1886
58.0598,0.5042,2.1751
58.0600,0.4959,2.1394
58.0602,0.4942,2.1312
58.0604,0.5188,2.2382
58.0606,0.5252,2.2645
58.0608,0.5078,2.1865
58.0610,0.538,2.3209
58.0612,0.4939,2.1306
58.0614,0.504,2.172
58.0616,0.5456,2.3503
58.0618,0.5528,2.3813
58.0620,0.5669,2.4422
58.0622,0.6098,2.6259
58.0624,0.5876,2.528
58.0626,0.5826,2.5064
58.0628,0.6549,2.8161
58.0630,0.6779,2.9124
58.0632,0.7581,3.2509
58.0634,0.833,3.5717
58.0636,0.8193,3.5197
58.0638,0.7963,3.4192
58.0640,0.8742,3.7434
58.0642,0.9906,4.2419
58.0644,1.0165,4.3487
58.0646,0.9991,4.2804
58.0648,0.9819,4.2103
58.0650,0.9132,3.9157
58.0652,0.9079,3.8931
58.0654,0.9137,3.9178
58.0656,0.9481,4.0615
58.0658,0.9671,4.1451
58.0660,0.9567,4.0985
58.0662,0.9898,4.2403
58.0664,0.9878,4.2335
58.0666,0.9057,3.8875
58.0668,0.8255,3.5465
58.0670,0.8115,3.4878
58.0672,0.837,3.5942
58.0674,0.8373,3.5919
58.0676,0.8677,3.7191
58.0678,0.8863,3.8076
58.0680,0.8228,3.5363
58.0682,0.8027,3.4502
58.0684,0.7976,3.4249
58.0686,0.7958,3.4203
58.0688,0.7896,3.3951
58.0690,0.7599,3.2678
58.0692,0.7469,3.2071
58.0694,0.8176,3.5076
58.0696,0.8584,3.6876
58.0698,0.8813,3.786
58.0700,0.7233,3.1129
58.0702,0.7164,3.0806
58.0704,0.7649,3.295
58.0706,0.6357,2.7374
58.0708,0.65,2.795
58.0710,0.7215,3.1066
58.0712,0.6934,2.9872
58.0714,0.6743,2.9037
58.0716,0.6675,2.8742
58.0718,0.6483,2.7942
58.0720,0.6043,2.5997
58.0722,0.6752,2.9059
58.0724,0.6694,2.8838
58.0726,0.6476,2.7872
58.0728,0.6758,2.9058
58.0730,0.7307,3.139
58.0732,0.7788,3.3518
58.0734,0.6969,3.0007
58.0736,0.6916,2.9725
58.0738,0.751,3.2276
58.0740,0.7718,3.3157
58.0742,0.7825,3.3694
58.0744,0.7119,3.0653
58.0746,0.6881,2.9603
58.0748,0.6824,2.9355
58.0750,0.7057,3.0389
58.0752,0.7084,3.0461
58.0754,0.7364,3.1696
58.0756,0.6846,2.9467
58.0758,0.7243,3.1103
58.0760,0.8109,3.482
58.0762,0.8627,3.7113
58.0764,0.7784,3.3487
58.0766,0.7071,3.0446
58.0768,0.5928,2.5573
58.0770,0.5623,2.4237
58.0772,0.5804,2.4983
58.0774,0.6263,2.6966
58.0776,0.636,2.741
58.0778,0.6222,2.6791
58.0780,0.6085,2.6239
58.0782,0.5544,2.3918
58.0784,0.5499,2.3722
58.0786,0.5301,2.2857
58.0788,0.5324,2.2966
58.0790,0.533,2.2971
58.0792,0.5896,2.5351
58.0794,0.7152,3.0769
58.0796,0.7024,3.0245
58.0798,0.6372,2.7449
58.0800,0.6326,2.7253
58.0802,0.6382,2.7457
58.0804,0.6321,2.7194
58.0806,0.6794,2.9226
58.0808,0.7471,3.2096
58.0810,0.7838,3.3719
58.0812,0.7575,3.2574
58.0814,0.785,3.3739
58.0816,0.7638,3.2873
58.0818,0.6571,2.828
58.0820,0.6947,2.9873
58.0822,0.7087,3.0504
58.0824,0.6318,2.7191
58.0826,0.608,2.6169
58.0828,0.6165,2.6573
58.0830,0.6163,2.6562
58.0832,0.6216,2.6765
58.0834,0.6343,2.7325
58.0836,0.6224,2.6814
58.0838,0.6223,2.6796
58.0840,0.6234,2.6855
58.0842,0.6265,2.6977
58.0844,0.6221,2.6798
58.0846,0.6115,2.6356
58.0848,0.6219,2.6768
58.0850,0.677,2.9137
58.0852,0.6301,2.7144
58.0854,0.5487,2.3659
58.0856,0.538,2.3199
58.0858,0.5409,2.3334
58.0860,0.5463,2.3534
58.0862,0.639,2.7501
58.0864,0.6903,2.9696
58.0866,0.7295,3.1397
58.0868,0.681,2.9271
58.0870,0.6969,3.0021
58.0872,0.5897,2.5415
58.0874,0.5534,2.3838
58.0876,0.551,2.3746
58.0878,0.5492,2.3691
58.0880,0.5487,2.3648
58.0882,0.562,2.4199
58.0884,0.5599,2.4145
58.0886,0.542,2.3369
58.0888,0.5394,2.325
58.0890,0.5279,2.2733
58.0892,0.5717,2.4606
58.0894,0.687,2.9584
58.0896,0.6585,2.8368
58.0898,0.6215,2.6747
58.0900,0.68,2.9239
58.0902,0.7155,3.0779
58.0904,0.6453,2.7749
58.0906,0.6587,2.8313
58.0908,0.7199,3.0984
58.0910,0.7483,3.2222
58.0912,0.6768,2.9118
58.0914,0.7099,3.0556
58.0916,0.668,2.8776
58.0918,0.6071,2.6152
58.0920,0.5782,2.4908
58.0922,0.5555,2.3954
58.0924,0.5051,2.1772
58.0926,0.5593,2.4097
58.0928,0.63,2.7089
58.0930,0.6589,2.8344
58.0932,0.6501,2.802
58.0934,0.6062,2.6068
58.0936,0.6574,2.8296
58.0938,0.6249,2.6922
58.0940,0.6159,2.6522
58.0942,0.6175,2.6602
58.0944,0.6134,2.6402
58.0946,0.6598,2.8346
58.0948,0.7273,3.129
58.0950,0.7213,3.1017
58.0952,0.7321,3.1452
58.0954,0.7737,3.327
58.0956,0.6788,2.9187
58.0958,0.6989,3.0081
58.0960,0.7313,3.1416
58.0962,0.7951,3.414
58.0964,0.8252,3.5449
58.0966,0.8477,3.6384
58.0968,0.8463,3.6305
58.0970,0.8647,3.7097
58.0972,0.852,3.6569
58.0974,0.8959,3.8381
58.0976,1.0119,4.3348
58.0978,1.0326,4.4195
58.0980,1.0795,4.6202
58.0982,1.0734,4.5919
58.0984,1.0418,4.4632
58.0986,0.9406,4.0447
58.0988,0.7922,3.4064
58.0990,0.8253,3.5405
58.0992,0.9081,3.8959
58.0994,0.9812,4.2072
58.0996,0.9813,4.2058
58.0998,0.9489,4.0632
58.1000,1.067,4.5647
58.1002,1.0771,4.6142
58.1004,1.0429,4.4637
58.1006,1.0041,4.3074
58.1008,0.9132,3.923
58.1010,0.8579,3.689
58.1012,0.7614,3.2755
58.1014,0.7605,3.2673
58.1016,0.7748,3.3394
58.1018,0.691,2.9741
58.1020,0.7321,3.1511
58.1022,0.7193,3.0973
58.1024,0.7026,3.0269
58.1026,0.7265,3.1195
58.1028,0.8217,3.53
58.1030,0.8411,3.6134
58.1032,0.831,3.5702
58.1034,0.7924,3.4075
58.1036,0.7795,3.358
58.1038,0.7049,3.0339
58.1040,0.7173,3.0856
58.1042,0.7385,3.1755
58.1044,0.7641,3.2858
58.1046,0.7539,3.242
58.1048,0.7525,3.2373
58.1050,0.7538,3.246
58.1052,0.744,3.2007
58.1054,0.7385,3.1755
58.1056,0.7411,3.1927
58.1058,0.6992,3.0092
58.1060,0.7399,3.1817
58.1062,0.7441,3.1997
58.1064,0.7054,3.0374
58.1066,0.6585,2.8382
58.1068,0.7039,3.0298
58.1070,0.6776,2.9203
58.1072,0.6037,2.6032
58.1074,0.6301,2.7132
58.1076,0.6958,2.9933
58.1078,0.6159,2.6572
58.1080,0.5045,2.1776
58.1082,0.4983,2.1527
58.1084,0.497,2.146
58.1086,0.4963,2.1409
58.1088,0.5084,2.1942
58.1090,0.4878,2.1071
58.1092,0.4682,2.0199
58.1094,0.5077,2.1891
58.1096,0.5686,2.4494
58.1098,0.5294,2.2848
58.1100,0.4573,1.9765
58.1102,0.4496,1.9433
58.1104,0.4472,1.9312
58.1106,0.4452,1.9206
58.1108,0.4852,2.0943
58.1110,0.5,2.156
58.1112,0.5103,2.2015
58.1114,0.5492,2.3647
58.1116,0.5637,2.4294
58.1118,0.5669,2.4445
58.1120,0.5504,2.3742
58.1122,0.5555,2.3976
58.1124,0.5457,2.353
58.1126,0.5428,2.3395
58.1128,0.5559,2.3969
58.1130,0.5665,2.4384
58.1132,0.655,2.8206
58.1134,0.6356,2.7382
58.1136,0.6537,2.8136
58.1138,0.6734,2.8995
58.1140,0.6977,3.0002
58.1142,0.753,3.2379
58.1144,0.7525,3.2313
58.1146,0.8508,3.6501
58.1148,0.8884,3.8128
58.1150,0.8266,3.5511
58.1152,0.8128,3.4919
58.1154,0.7915,3.4049
58.1156,0.7129,3.0671
58.1158,0.6824,2.9355
58.1160,0.6836,2.9393
58.1162,0.7065,3.042
58.1164,0.6366,2.7398
58.1166,0.63,2.7126
58.1168,0.641,2.7601
58.1170,0.6631,2.8551
58.1172,0.6392,2.7511
58.1174,0.6533,2.8159
58.1176,0.6291,2.7078
58.1178,0.6468,2.7823
58.1180,0.6693,2.8766
58.1182,0.7258,3.1252
58.1184,0.6536,2.8196
58.1186,0.5241,2.2599
58.1188,0.5283,2.2769
58.1190,0.591,2.5519
58.1192,0.4969,2.1435
58.1194,0.4941,2.1297
58.1196,0.5579,2.4023
58.1198,0.6621,2.8523
58.1200,0.6104,2.6334
58.1202,0.5628,2.4269
58.1204,0.5117,2.2097
58.1206,0.4653,2.0084
58.1208,0.5322,2.2951
58.1210,0.5277,2.2754
58.1212,0.5303,2.2857
58.1214,0.5626,2.4236
58.1216,0.548,2.3628
58.1218,0.5258,2.265
58.1220,0.5821,2.5113
58.1222,0.547,2.3554
58.1224,0.5495,2.3695
58.1226,0.5327,2.2971
58.1228,0.5147,2.2165
58.1230,0.5824,2.5077
58.1232,0.5989,2.5813
58.1234,0.5916,2.5474
58.1236,0.5602,2.4166
58.1238,0.5002,2.159
58.1240,0.5032,2.1689
58.1242,0.4988,2.1508
58.1244,0.4944,2.1327
58.1246,0.4952,2.1363
58.1248,0.4996,2.1534
58.1250,0.4972,2.1461
58.1252,0.4942,2.1312
58.1254,0.4977,2.1452
58.1256,0.5381,2.3193
58.1258,0.5534,2.3872
58.1260,0.4869,2.0996
58.1262,0.477,2.0577
58.1264,0.4828,2.083
58.1266,0.4815,2.0754
58.1268,0.4808,2.0723
58.1270,0.4824,2.08
58.1272,0.4801,2.0711
58.1274,0.4787,2.0659
58.1276,0.4828,2.082
58.1278,0.4848,2.0884
58.1280,0.499,2.1518
58.1282,0.5193,2.2371
58.1284,0.5585,2.4027
58.1286,0.6091,2.624
58.1288,0.6026,2.5937
58.1290,0.6605,2.8403
58.1292,0.7542,3.2355
58.1294,0.8141,3.4975
58.1296,0.7759,3.3332
58.1298,0.7777,3.3363
58.1300,0.8403,3.6031
58.1302,0.8548,3.6705
58.1304,0.8444,3.6189
58.1306,0.9402,4.0276
58.1308,0.944,4.0403
58.1310,0.9902,4.2398
58.1312,0.9938,4.2553
58.1314,0.9832,4.2101
58.1316,0.9833,4.2106
58.1318,1.0127,4.3445
58.1320,0.9545,4.0835
58.1322,1.076,4.5988
58.1324,1.1596,4.9584
58.1326,1.1062,4.7368
58.1328,1.0134,4.3354
58.1330,1.0723,4.5851
58.1332,1.1101,4.7577
58.1334,0.964,4.1376
58.1336,0.9458,4.0537
58.1338,0.9869,4.2319
58.1340,0.9448,4.0514
58.1342,0.9291,3.986
58.1344,0.938,4.0184
58.1346,0.9495,4.0734
58.1348,0.9327,4.0014
58.1350,0.9391,4.0268
58.1352,0.9626,4.1314
58.1354,0.9205,3.9526
58.1356,0.8886,3.8121
58.1358,0.931,3.9905
58.1360,0.9409,4.0401
58.1362,0.8548,3.6739
58.1364,0.7751,3.3343
58.1366,0.8448,3.6277
58.1368,0.8958,3.8447
58.1370,0.8568,3.6861
58.1372,0.7239,3.1184
58.1374,0.6992,3.0078
58.1376,0.7295,3.1383
58.1378,0.699,3.0058
58.1380,0.7866,3.3869
58.1382,0.7573,3.2594
58.1384,0.7494,3.2224
58.1386,0.7512,3.2316
58.1388,0.7512,3.2331
58.1390,0.7577,3.2549
58.1392,0.7587,3.2626
58.1394,0.7282,3.134
58.1396,0.6813,2.9323
58.1398,0.7059,3.0409
58.1400,0.6796,2.9278
58.1402,0.6399,2.7581
58.1404,0.6405,2.7594
58.1406,0.6104,2.6309
58.1408,0.5891,2.5378
58.1410,0.6035,2.6034
58.1412,0.5567,2.3994
58.1414,0.5601,2.4161
58.1416,0.5634,2.4306
58.1418,0.5834,2.5147
58.1420,0.5909,2.5491
58.1422,0.5057,2.1838
58.1424,0.4932,2.1255
58.1426,0.5765,2.4824
58.1428,0.5776,2.4928
58.1430,0.542,2.3391
58.1432,0.5313,2.292
58.1434,0.5224,2.2537
58.1436,0.5204,2.2459
58.1438,0.5284,2.2796
58.1440,0.5277,2.2754
58.1442,0.535,2.3069
58.1444,0.5387,2.323
58.1446,0.5393,2.3256
58.1448,0.5393,2.3266
58.1450,0.5411,2.3355
58.1452,0.5379,2.3183
58.1454,0.5655,2.4349
58.1456,0.6314,2.7201
58.1458,0.6533,2.812
58.1460,0.7104,3.0534
58.1462,0.7134,3.0734
58.1464,0.6482,2.7937
58.1466,0.6427,2.7674
58.1468,0.6372,2.7423
58.1470,0.6475,2.788
58.1472,0.6665,2.8661
58.1474,0.6861,2.9543
58.1476,0.6848,2.9431
58.1478,0.7143,3.0699
58.1480,0.7219,3.1086
58.1482,0.6412,2.7637
58.1484,0.626,2.6944
58.1486,0.67,2.8851
58.1488,0.6231,2.6857
58.1490,0.6251,2.6902
58.1492,0.7474,3.2061
58.1494,0.8444,3.6257
58.1496,0.7477,3.2182
58.1498,0.6355,2.7389
58.1500,0.6246,2.6907
58.1502,0.6165,2.6561
58.1504,0.6146,2.6453
58.1506,0.6186,2.6636
58.1508,0.6228,2.6817
58.1510,0.6585,2.8368
58.1512,0.6236,2.6853
58.1514,0.6492,2.7914
58.1516,0.7162,3.0824
58.1518,0.7024,3.0245
58.1520,0.6494,2.7963
58.1522,0.5778,2.4892
58.1524,0.6078,2.6123
58.1526,0.7839,3.3677
58.1528,0.7574,3.2584
58.1530,0.6888,2.9648
58.1532,0.7054,3.0318
58.1534,0.7285,3.1385
58.1536,0.6628,2.8515
58.1538,0.7268,3.1225
58.1540,0.6933,2.9866
58.1542,0.6145,2.646
58.1544,0.6228,2.6829
58.1546,0.6176,2.6595
58.1548,0.6102,2.6311
58.1550,0.6264,2.6946
58.1552,0.7065,3.0392
58.1554,0.6861,2.9556
58.1556,0.6631,2.8525
58.1558,0.7014,3.0133
58.1560,0.7596,3.2601
58.1562,0.847,3.6336
58.1564,0.8418,3.6233
58.1566,0.7559,3.2487
58.1568,0.7529,3.2343
58.1570,0.7676,3.2992
58.1572,0.7682,3.3049
58.1574,0.7266,3.1215
58.1576,0.7227,3.1132
58.1578,0.6205,2.6706
58.1580,0.6465,2.7852
58.1582,0.6689,2.8791
58.1584,0.709,3.0486
58.1586,0.7668,3.2956
58.1588,0.7583,3.2681
58.1590,0.6193,2.6667
58.1592,0.612,2.6352
58.1594,0.6482,2.7911
58.1596,0.6474,2.794
58.1598,0.5228,2.2553
58.1600,0.4992,2.1534
58.1602,0.4926,2.1269
58.1604,0.4874,2.1027
58.1606,0.4904,2.1156
58.1608,0.4922,2.1234
58.1610,0.5034,2.1684
58.1612,0.538,2.3199
58.1614,0.5192,2.2387
58.1616,0.5649,2.4357
58.1618,0.5765,2.4824
58.1620,0.6604,2.8372
58.1622,0.7584,3.258
58.1624,0.717,3.0846
58.1626,0.7174,3.0833
58.1628,0.755,3.2451
58.1630,0.736,3.1646
58.1632,0.768,3.3008
58.1634,0.8111,3.4814
58.1636,0.8824,3.7836
58.1638,0.8815,3.7835
58.1640,0.8319,3.5671
58.1642,0.8604,3.6912
58.1644,0.8977,3.853
58.1646,0.9125,3.9126
58.1648,0.9518,4.0794
58.1650,0.9933,4.2611
58.1652,0.9438,4.0449
58.1654,0.9854,4.2193
58.1656,1.0062,4.3107
58.1658,0.9898,4.2442
58.1660,0.9524,4.0896
58.1662,0.8932,3.837
58.1664,0.8843,3.7936
58.1666,0.8851,3.8007
58.1668,0.8885,3.8116
58.1670,0.9045,3.8787
58.1672,0.9043,3.8813
58.1674,0.8848,3.8009
58.1676,0.8842,3.7966
58.1678,0.8878,3.8103
58.1680,0.8969,3.8583
58.1682,0.767,3.2966
58.1684,0.764,3.2838
58.1686,0.7721,3.3229
58.1688,0.7373,3.1703
58.1690,0.7721,3.3152
58.1692,0.8198,3.525
58.1694,0.7986,3.4338
58.1696,0.742,3.1949
58.1698,0.667,2.8748
58.1700,0.636,2.7423
58.1702,0.6168,2.6571
58.1704,0.5651,2.4367
58.1706,0.5938,2.5579
58.1708,0.6796,2.9278
58.1710,0.6902,2.9691
58.1712,0.6549,2.8213
58.1714,0.579,2.4978
58.1716,0.5307,2.2894
58.1718,0.5686,2.4494
58.1720,0.5917,2.5491
58.1722,0.5758,2.4827
58.1724,0.5969,2.5725
58.1726,0.6404,2.7588
58.1728,0.6447,2.7749
58.1730,0.6868,2.956
58.1732,0.7286,3.1376
58.1734,0.6542,2.8209
58.1736,0.6122,2.6362
58.1738,0.6856,2.9508
58.1740,0.6677,2.878
58.1742,0.6162,2.6557
58.1744,0.6155,2.6514
58.1746,0.6175,2.6577
58.1748,0.6809,2.9307
58.1750,0.695,2.9911
58.1752,0.6899,2.9694
58.1754,0.6545,2.8211
58.1756,0.6137,2.6424
58.1758,0.7102,3.0566
58.1760,0.6764,2.9165
58.1762,0.5553,2.3977
58.1764,0.5336,2.2997
58.1766,0.5528,2.3813
58.1768,0.5634,2.4283
58.1770,0.5584,2.4067
58.1772,0.5573,2.4032
58.1774,0.608,2.6158
58.1776,0.6344,2.7356
58.1778,0.5206,2.247
58.1780,0.4644,2.0043
58.1782,0.4561,1.9686
58.1784,0.5034,2.1685
58.1786,0.5868,2.5292
58.1788,0.5685,2.449
58.1790,0.6227,2.6824
58.1792,0.6154,2.6509
58.1794,0.5643,2.432
58.1796,0.5562,2.3974
58.1798,0.5613,2.4191
58.1800,0.5807,2.5017
58.1802,0.6492,2.7914
58.1804,0.6769,2.9132
58.1806,0.6965,2.9992
58.1808,0.6622,2.8529
58.1810,0.606,2.6094
58.1812,0.6118,2.633
58.1814,0.6314,2.7189
58.1816,0.5986,2.5798
58.1818,0.5438,2.3447
58.1820,0.5404,2.3292
58.1822,0.6053,2.6088
58.1824,0.6245,2.6927
58.1826,0.5572,2.4015
58.1828,0.5326,2.2977
58.1830,0.5224,2.2548
58.1832,0.5191,2.2382
58.1834,0.5098,2.1974
58.1836,0.5121,2.2093
58.1838,0.5155,2.2227
58.1840,0.5162,2.2258
58.1842,0.5155,2.2227
58.1844,0.4993,2.1539
58.1846,0.5128,2.2093
58.1848,0.552,2.3782
58.1850,0.5938,2.5556
58.1852,0.5514,2.3778
58.1854,0.4775,2.0598
58.1856,0.4812,2.0777
58.1858,0.4778,2.0613
58.1860,0.5168,2.2274
58.1862,0.5572,2.3993
58.1864,0.5909,2.5444
58.1866,0.5875,2.5311
58.1868,0.5596,2.4096
58.1870,0.5549,2.3928
58.1872,0.5336,2.3029
58.1874,0.4999,2.1545
58.1876,0.5067,2.184
58.1878,0.5106,2.2025
58.1880,0.5008,2.1596
58.1882,0.5252,2.2635
58.1884,0.5048,2.1757
58.1886,0.5031,2.1685
58.1888,0.5036,2.1705
58.1890,0.5547,2.3851
58.1892,0.6634,2.8514
58.1894,0.6971,2.999
58.1896,0.6674,2.8725
58.1898,0.6065,2.6091
58.1900,0.6064,2.6086
58.1902,0.608,2.617
58.1904,0.5892,2.5383
58.1906,0.5119,2.2082
58.1908,0.4935,2.1291
58.1910,0.4827,2.0816
58.1912,0.4905,2.1122
58.1914,0.5321,2.2925
58.1916,0.5722,2.4615
58.1918,0.6501,2.7981
58.1920,0.5959,2.5684
58.1922,0.5297,2.2821
58.1924,0.5438,2.3469
58.1926,0.4934,2.1266
58.1928,0.5257,2.2656
58.1930,0.5344,2.3023
58.1932,0.561,2.4136
58.1934,0.5929,2.5532
58.1936,0.6253,2.6888
58.1938,0.6814,2.9301
58.1940,0.6971,2.9949
58.1942,0.6877,2.9569
58.1944,0.6799,2.9234
58.1946,0.7528,3.2324
58.1948,0.7919,3.4065
58.1950,0.6874,2.9518
58.1952,0.7427,3.1876
58.1954,0.7931,3.4022
58.1956,0.7923,3.4023
58.1958,0.8096,3.4748
58.1960,0.859,3.6885
58.1962,0.8132,3.4886
58.1964,0.8414,3.6061
58.1966,0.8771,3.761
58.1968,0.8729,3.7413
58.1970,0.9431,4.0381
58.1972,0.9832,4.2121
58.1974,0.9791,4.2005
58.1976,0.9289,3.9794
58.1978,0.982,4.205
58.1980,0.9809,4.2024
58.1982,0.9257,3.973
58.1984,0.8435,3.6171
58.1986,0.897,3.8464
58.1988,0.9197,3.9399
58.1990,0.9477,4.0639
58.1992,0.921,3.9529
58.1994,0.8926,3.8309
58.1996,0.842,3.6188
58.1998,0.81,3.4796
58.2000,0.8048,3.4542
58.2002,0.8514,3.6595
58.2004,0.827,3.5511
58.2006,0.8919,3.8243
58.2008,0.9052,3.8868
58.2010,0.8579,3.6873
58.2012,0.7976,3.4345
58.2014,0.6889,2.9607
58.2016,0.7562,3.2473
58.2018,0.7437,3.1992
58.2020,0.6977,3.0058
58.2022,0.6866,2.9536
58.2024,0.7576,3.256
58.2026,0.7373,3.1718
58.2028,0.7168,3.0879
58.2030,0.6721,2.8926
58.2032,0.6942,2.9867
58.2034,0.6942,2.9839
58.2036,0.6719,2.8947
58.2038,0.6107,2.6308
58.2040,0.6583,2.8306
58.2042,0.7326,3.1517
58.2044,0.747,3.2121
58.2046,0.7494,3.2209
58.2048,0.757,3.2504
58.2050,0.7782,3.3477
58.2052,0.68,2.9307
58.2054,0.6168,2.6534
58.2056,0.667,2.8722
58.2058,0.6713,2.8908
58.2060,0.6366,2.7411
58.2062,0.6283,2.7055
58.2064,0.6121,2.637
58.2066,0.6343,2.7287
58.2068,0.6101,2.6282
58.2070,0.5658,2.441
58.2072,0.5597,2.4135
58.2074,0.5675,2.4448
58.2076,0.5716,2.4624
58.2078,0.623,2.6865
58.2080,0.5902,2.5425
58.2082,0.6043,2.6046
58.2084,0.5682,2.4513
58.2086,0.563,2.4275
58.2088,0.5654,2.4355
58.2090,0.6231,2.6833
58.2092,0.6884,2.9614
58.2094,0.7061,3.0391
58.2096,0.6107,2.6345
58.2098,0.509,2.1968
58.2100,0.4826,2.083
58.2102,0.4806,2.0732
58.2104,0.4927,2.1255
58.2106,0.5422,2.338
58.2108,0.5721,2.4667
58.2110,0.5457,2.3541
58.2112,0.5297,2.2853
58.2114,0.5254,2.2646
58.2116,0.5794,2.4925
58.2118,0.6514,2.7999
58.2120,0.6929,2.9824
58.2122,0.7163,3.0773
58.2124,0.7966,3.4208
58.2126,0.7753,3.3369
58.2128,0.6797,2.9242
58.2130,0.6886,2.9597
58.2132,0.7265,3.1211
58.2134,0.7399,3.1788
58.2136,0.7923,3.407
58.2138,0.7616,3.2705
58.2140,0.8,3.4384
58.2142,0.8007,3.4431
58.2144,0.7837,3.3699
58.2146,0.745,3.2004
58.2148,0.7465,3.2071
58.2150,0.7999,3.4347
58.2152,0.8172,3.5089
58.2154,0.8245,3.5419
58.2156,0.8556,3.6707
58.2158,0.8645,3.714
58.2160,0.7433,3.1976
58.2162,0.7121,3.0621
58.2164,0.7191,3.0906
58.2166,0.7407,3.1818
58.2168,0.8013,3.4393
58.2170,0.8237,3.5438
58.2172,0.7415,3.1899
58.2174,0.7519,3.2318
58.2176,0.7525,3.2358
58.2178,0.7308,3.1469
58.2180,0.6167,2.6579
58.2182,0.5578,2.4063
58.2184,0.5512,2.3779
58.2186,0.5518,2.3794
58.2188,0.5595,2.4069
58.2190,0.6995,3.0122
58.2192,0.6511,2.801
58.2194,0.6815,2.9306
58.2196,0.7002,3.0097
58.2198,0.6969,3.005
58.2200,0.5705,2.4612
58.2202,0.5538,2.3871
58.2204,0.5558,2.3953
58.2206,0.5742,2.4726
58.2208,0.6142,2.647
58.2210,0.5417,2.3359
58.2212,0.5531,2.3817
58.2214,0.6029,2.5948
58.2216,0.644,2.7757
58.2218,0.5965,2.571
58.2220,0.5813,2.4996
58.2222,0.6868,2.9547
58.2224,0.7414,3.1923
58.2226,0.6459,2.7788
58.2228,0.6753,2.9065
58.2230,0.6218,2.6763
58.2232,0.623,2.6852
58.2234,0.6084,2.6234
58.2236,0.6076,2.6149
58.2238,0.6094,2.6251
58.2240,0.5841,2.5161
58.2242,0.586,2.5244
58.2244,0.552,2.3815
58.2246,0.4896,2.113
58.2248,0.4842,2.0897
58.2250,0.4812,2.0758
58.2252,0.4887,2.1094
58.2254,0.4964,2.1415
58.2256,0.4957,2.1374
58.2258,0.4907,2.1157
58.2260,0.4945,2.1332
58.2262,0.4933,2.128
58.2264,0.4936,2.1286
58.2266,0.4948,2.1338
58.2268,0.4926,2.1269
58.2270,0.4813,2.0763
58.2272,0.4751,2.0475
58.2274,0.485,2.0914
58.2276,0.4972,2.1451
58.2278,0.4988,2.1518
58.2280,0.5378,2.3146
58.2282,0.6536,2.8066
58.2284,0.7923,3.4023
58.2286,0.7763,3.3364
58.2288,0.7419,3.1929
58.2290,0.6947,2.9846
58.2292,0.7567,3.2478
58.2294,0.776,3.3291
58.2296,0.8291,3.5554
58.2298,0.8241,3.5371
58.2300,0.8004,3.44
58.2302,0.8113,3.4852
58.2304,0.8398,3.6011
58.2306,0.8925,3.8268
58.2308,0.9006,3.8654
58.2310,0.8751,3.754
58.2312,0.885,3.7914
58.2314,0.9299,3.9928
58.2316,0.8466,3.6338
58.2318,0.9426,4.0399
58.2320,0.9943,4.2574
58.2322,0.9752,4.1777
58.2324,1.0091,4.319
58.2326,1.0851,4.6422
58.2328,1.0945,4.68
58.2330,1.0809,4.6308
58.2332,1.0372,4.435
58.2334,1.0859,4.6496
58.2336,1.0197,4.3744
58.2338,0.945,4.0501
58.2340,0.9482,4.0583
58.2342,1.0297,4.4114
58.2344,1.0318,4.4263
58.2346,0.9606,4.1189
58.2348,0.9476,4.0671
58.2350,0.9609,4.1204
58.2352,0.9655,4.1457
58.2354,0.8703,3.7369
58.2356,0.8911,3.8247
58.2358,0.903,3.8703
58.2360,0.9902,4.2479
58.2362,0.9859,4.2274
58.2364,1.0192,4.3683
58.2366,0.9974,4.2767
58.2368,0.876,3.7669
58.2370,0.7501,3.2255
58.2372,0.8127,3.4963
58.2374,0.732,3.1535
58.2376,0.6723,2.8923
58.2378,0.6923,2.9812
58.2380,0.7318,3.1481
58.2382,0.7342,3.1614
58.2384,0.6896,2.9665
58.2386,0.7393,3.1791
58.2388,0.7693,3.3111
58.2390,0.7321,3.1541
58.2392,0.7132,3.0682
58.2394,0.6787,2.925
58.2396,0.5972,2.5729
58.2398,0.6338,2.7292
58.2400,0.6612,2.8509
58.2402,0.6176,2.6632
58.2404,0.5903,2.5442
58.2406,0.5462,2.3573
58.2408,0.4971,2.1476
58.2410,0.4791,2.0699
58.2412,0.491,2.1192
58.2414,0.4968,2.144
58.2416,0.504,2.1761
58.2418,0.549,2.3697
58.2420,0.5237,2.2584
58.2422,0.5492,2.3702
58.2424,0.5094,2.1974
58.2426,0.5207,2.2486
58.2428,0.4713,2.0372
58.2430,0.4486,1.9387
58.2432,0.4489,1.9376
58.2434,0.4542,1.9603
58.2436,0.4499,1.9444
58.2438,0.4468,1.9291
58.2440,0.4519,1.9514
58.2442,0.4512,1.9483
58.2444,0.4513,1.9488
58.2446,0.4821,2.079
58.2448,0.5383,2.322
58.2450,0.5506,2.3742
58.2452,0.5592,2.4114
58.2454,0.5476,2.3613
58.2456,0.5642,2.4315
58.2458,0.5669,2.4422
58.2460,0.5673,2.4449
58.2462,0.5694,2.4542
58.2464,0.5695,2.4525
58.2466,0.5716,2.4635
58.2468,0.5976,2.5733
58.2470,0.659,2.8337
58.2472,0.7126,3.0642
58.2474,0.7496,3.2175
58.2476,0.785,3.3803
58.2478,0.5831,2.5166
58.2480,0.5395,2.3272
58.2482,0.5386,2.3214
58.2484,0.5418,2.3365
58.2486,0.547,2.3576
58.2488,0.623,2.6778
58.2490,0.7549,3.2477
58.2492,0.6145,2.6473
58.2494,0.5887,2.5374
58.2496,0.5676,2.4488
58.2498,0.53,2.2863
58.2500,0.5264,2.2687
58.2502,0.53,2.2842
58.2504,0.5317,2.2914
58.2506,0.5294,2.2827
58.2508,0.527,2.2723
58.2510,0.5182,2.2356
58.2512,0.5176,2.231
58.2514,0.5847,2.521
58.2516,0.5176,2.2341
58.2518,0.4697,2.0261
58.2520,0.4959,2.1374
58.2522,0.6085,2.6203
58.2524,0.676,2.9056
58.2526,0.7442,3.1973
58.2528,0.751,3.2276
58.2530,0.7149,3.0754
58.2532,0.6682,2.8787
58.2534,0.6516,2.803
58.2536,0.6705,2.8818
58.2538,0.6902,2.9677
58.2540,0.7116,3.06
58.2542,0.6934,2.9817
58.2544,0.6688,2.88
58.2546,0.6302,2.7162
58.2548,0.5866,2.5305
58.2550,0.5267,2.265
58.2552,0.6391,2.7519
58.2554,0.6579,2.833
58.2556,0.6986,3.001
58.2558,0.7318,3.1423
58.2560,0.7608,3.2745
58.2562,0.68,2.9294
58.2564,0.6082,2.6199
58.2566,0.602,2.5948
58.2568,0.5928,2.5515
58.2570,0.6492,2.794
58.2572,0.6417,2.7594
58.2574,0.6225,2.6857
58.2576,0.5028,2.1689
58.2578,0.4886,2.1079
58.2580,0.489,2.1094
58.2582,0.4908,2.1172
58.2584,0.5011,2.1587
58.2586,0.5625,2.4265
58.2588,0.5007,2.1591
58.2590,0.4847,2.0908
58.2592,0.4911,2.1168
58.2594,0.5281,2.2781
58.2596,0.4863,2.0971
58.2598,0.4861,2.096
58.2600,0.4845,2.0893
58.2602,0.4832,2.0846
58.2604,0.4812,2.0748
58.2606,0.4881,2.1058
58.2608,0.4863,2.0971
58.2610,0.5311,2.2825
58.2612,0.6514,2.8012
58.2614,0.7504,3.2221
58.2616,0.7564,3.2523
58.2618,0.6839,2.9409
58.2620,0.6863,2.9526
58.2622,0.7125,3.0651
58.2624,0.733,3.1459
58.2626,0.7591,3.2581
58.2628,0.7718,3.3111
58.2630,0.8312,3.5674
58.2632,0.8455,3.6304
58.2634,0.8688,3.7255
58.2636,0.8933,3.8286
58.2638,0.8952,3.8405
58.2640,0.9029,3.8698
58.2642,0.9234,3.9558
58.2644,0.9531,4.0813
58.2646,0.9878,4.2356
58.2648,0.9345,4.0092
58.2650,0.9377,4.0188
58.2652,0.9907,4.238
58.2654,1.0475,4.4853
58.2656,1.0113,4.3303
58.2658,1.0083,4.3215
58.2660,0.9645,4.1358
58.2662,0.9676,4.1531
58.2664,0.9531,4.0832
58.2666,1.0094,4.3302
58.2668,0.88,3.7786
58.2670,0.8476,3.6362
58.2672,0.8349,3.5884
58.2674,0.7863,3.3812
58.2676,0.7837,3.3746
58.2678,0.6746,2.9034
58.2680,0.6591,2.8382
58.2682,0.6895,2.9688
58.2684,0.7061,3.0349
58.2686,0.7029,3.0224
58.2688,0.6873,2.9554
58.2690,0.7017,3.0186
58.2692,0.7561,3.2498
58.2694,0.8237,3.5355
58.2696,0.8778,3.7746
58.2698,0.7482,3.2203
58.2700,0.6914,2.9798
58.2702,0.6371,2.7432
58.2704,0.6475,2.7894
58.2706,0.6409,2.7597
58.2708,0.6464,2.7783
58.2710,0.7109,3.0626
58.2712,0.6754,2.907
58.2714,0.7037,3.0274
58.2716,0.6921,2.9829
58.2718,0.6447,2.7762
58.2720,0.6842,2.9461
58.2722,0.6565,2.8268
58.2724,0.6585,2.8343
58.2726,0.7247,3.1162
58.2728,0.7547,3.2451
58.2730,0.7609,3.2704
58.2732,0.7739,3.3307
58.2734,0.7058,3.0404
58.2736,0.6578,2.8325
58.2738,0.6676,2.8695
58.2740,0.7651,3.29
58.2742,0.7651,3.293
58.2744,0.6753,2.9079
58.2746,0.6554,2.8208
58.2748,0.7091,3.0478
58.2750,0.809,3.4738
58.2752,0.8327,3.5741
58.2754,0.8343,3.5841
58.2756,0.8578,3.6817
58.2758,0.933,4.0043
58.2760,0.9032,3.8713
58.2762,0.958,4.1138
58.2764,0.8777,3.7706
58.2766,0.7576,3.262
58.2768,0.6254,2.6931
58.2770,0.6109,2.633
58.2772,0.6275,2.7019
58.2774,0.6537,2.811
58.2776,0.6969,3.0008
58.2778,0.7082,3.0465
58.2780,0.7197,3.0989
58.2782,0.6782,2.9189
58.2784,0.6977,3.0016
58.2786,0.7562,3.2518
58.2788,0.7324,3.1551
58.2790,0.689,2.9667
58.2792,0.7466,3.2091
58.2794,0.8139,3.4966
58.2796,0.7919,3.405
58.2798,0.7102,3.0567
58.2800,0.6761,2.9115
58.2802,0.6707,2.8882
58.2804,0.6662,2.866
58.2806,0.6658,2.8684
58.2808,0.67,2.8851
58.2810,0.6771,2.9156
58.2812,0.6722,2.8931
58.2814,0.6656,2.866
58.2816,0.6927,2.9786
58.2818,0.8095,3.4759
58.2820,0.8381,3.6107
58.2822,0.7179,3.0912
58.2824,0.7221,3.1078
58.2826,0.6748,2.9058
58.2828,0.7206,3.0973
58.2830,0.8124,3.4931
58.2832,0.7484,3.2183
58.2834,0.7127,3.0675
58.2836,0.7496,3.2265
58.2838,0.6983,3.0084
58.2840,0.6353,2.7354
58.2842,0.6464,2.786
58.2844,0.6255,2.6936
58.2846,0.6724,2.8941
58.2848,0.6812,2.9332
58.2850,0.6751,2.9028
58.2852,0.7363,3.1751
58.2854,0.6417,2.762
58.2856,0.7082,3.0437
58.2858,0.7731,3.3245
58.2860,0.8034,3.4512
58.2862,0.7622,3.2791
58.2864,0.7042,3.0323
58.2866,0.6613,2.8448
58.2868,0.6662,2.8673
58.2870,0.6772,2.9161
58.2872,0.6612,2.8456
58.2874,0.6683,2.8752
58.2876,0.7019,3.0225
58.2878,0.5895,2.5417
58.2880,0.6055,2.6062
58.2882,0.7179,3.0854
58.2884,0.8136,3.495
58.2886,0.7926,3.4112
58.2888,0.7113,3.0599
58.2890,0.7235,3.1183
58.2892,0.6917,2.9758
58.2894,0.6771,2.9115
58.2896,0.6928,2.9805
58.2898,0.7121,3.0607
58.2900,0.7615,3.276
58.2902,0.6984,3.0061
58.2904,0.7101,3.0604
58.2906,0.6934,2.9872
58.2908,0.694,2.9842
58.2910,0.7439,3.2017
58.2912,0.6719,2.8907
58.2914,0.6651,2.8626
58.2916,0.7073,3.0401
58.2918,0.8213,3.5285
58.2920,0.8181,3.5146
58.2922,0.8013,3.4505
58.2924,0.718,3.0902
58.2926,0.6989,3.0068
58.2928,0.7351,3.1611
58.2930,0.7632,3.2833
58.2932,0.7223,3.1103
58.2934,0.6867,2.9569
58.2936,0.6793,2.9249
58.2938,0.7055,3.0337
58.2940,0.7639,3.2848
58.2942,0.7398,3.1768
58.2944,0.7849,3.3735
58.2946,0.7573,3.2595
58.2948,0.7332,3.1514
58.2950,0.7879,3.3879
58.2952,0.7295,3.1398
58.2954,0.7201,3.1024
58.2956,0.7076,3.0453
58.2958,0.7228,3.1065
58.2960,0.7405,3.1828
58.2962,0.7833,3.3605
58.2964,0.9512,4.0731
58.2966,0.9916,4.252
58.2968,0.9419,4.0462
58.2970,0.9174,3.9375
58.2972,0.9216,3.9536
58.2974,0.9552,4.0957
58.2976,0.9925,4.2556
58.2978,0.9343,4.01
58.2980,0.9583,4.1053
58.2982,1.001,4.2941
58.2984,0.965,4.1398
58.2986,0.9803,4.1998
58.2988,1.0564,4.5191
58.2990,1.1222,4.8052
58.2992,1.124,4.8129
58.2994,1.0524,4.5106
58.2996,1.0753,4.6066
58.2998,1.0603,4.5488
58.3000,0.9832,4.2239
58.3002,0.8789,3.7828
58.3004,0.7674,3.3075
58.3006,0.6621,2.8537
58.3008,0.5977,2.5762
58.3010,0.5958,2.5703
58.3012,0.6113,2.637
58.3014,0.6092,2.627
58.3016,0.6054,2.6093
58.3018,0.6793,2.9276
58.3020,0.6469,2.7907
58.3022,0.6327,2.7258
58.3024,0.6136,2.6432
58.3026,0.6167,2.6603
58.3028,0.6331,2.7287
58.3030,0.6598,2.8439
58.3032,0.6273,2.7038
58.3034,0.6151,2.6548
58.3036,0.5849,2.5209
58.3038,0.5871,2.5314
58.3040,0.5754,2.4824
58.3042,0.5783,2.4925
58.3044,0.5874,2.5329
58.3046,0.5987,2.5827
58.3048,0.6012,2.5912
58.3050,0.6243,2.6884
58.3052,0.6416,2.7692
58.3054,0.5148,2.2237
58.3056,0.4855,2.0944
58.3058,0.4975,2.1481
58.3060,0.497,2.1441
58.3062,0.5748,2.4786
58.3064,0.6008,2.5896
58.3066,0.5896,2.5422
58.3068,0.6345,2.7323
58.3070,0.7025,3.0223
58.3072,0.7415,3.1929
58.3074,0.616,2.656
58.3076,0.6053,2.6088
58.3078,0.6426,2.772
58.3080,0.5643,2.4377
58.3082,0.5247,2.2615
58.3084,0.5741,2.4767
58.3086,0.5059,2.1864
58.3088,0.4279,1.8487
58.3090,0.414,1.7894
58.3092,0.4144,1.7902
58.3094,0.462,1.9949
58.3096,0.4643,2.0019
58.3098,0.5252,2.2656
58.3100,0.5538,2.3926
58.3102,0.4878,2.1043
58.3104,0.4561,1.9695
58.3106,0.4769,2.0572
58.3108,0.5552,2.3938
58.3110,0.5612,2.4175
58.3112,0.5619,2.4228
58.3114,0.5638,2.4311
58.3116,0.6168,2.6559
58.3118,0.5934,2.5552
58.3120,0.6086,2.622
58.3122,0.5831,2.5131
58.3124,0.6514,2.8012
58.3126,0.7654,3.2834
58.3128,0.826,3.5453
58.3130,0.8463,3.6374
58.3132,0.807,3.4651
58.3134,0.8602,3.6902
58.3136,0.849,3.6458
58.3138,0.8106,3.487
58.3140,0.7437,3.1992
58.3142,0.7327,3.1478
58.3144,0.727,3.126
58.3146,0.7688,3.3014
58.3148,0.8455,3.6287
58.3150,0.8729,3.7553
58.3152,0.6923,2.9812
58.3154,0.6228,2.6805
58.3156,0.6271,2.6991
58.3158,0.6378,2.7463
58.3160,0.6668,2.8725
58.3162,0.6374,2.7434
58.3164,0.6553,2.8229
58.3166,0.6752,2.9073
58.3168,0.6837,2.9399
58.3170,0.7321,3.1511
58.3172,0.6041,2.606
58.3174,0.5211,2.2491
58.3176,0.4927,2.1255
58.3178,0.4847,2.0927
58.3180,0.4853,2.0963
58.3182,0.4998,2.152
58.3184,0.5784,2.4942
58.3186,0.5067,2.188
58.3188,0.4869,2.0987
58.3190,0.5609,2.4164
58.3192,0.6041,2.6024
58.3194,0.6156,2.652
58.3196,0.5784,2.493
58.3198,0.5152,2.2227
58.3200,0.5411,2.3355
58.3202,0.4911,2.1197
58.3204,0.4963,2.138
58.3206,0.5332,2.2992
58.3208,0.5001,2.1555
58.3210,0.5189,2.2377
58.3212,0.5269,2.2718
58.3214,0.5631,2.4257
58.3216,0.5787,2.4917
58.3218,0.5847,2.5187
58.3220,0.6066,2.612
58.3222,0.6366,2.7398
58.3224,0.6261,2.6962
58.3226,0.6071,2.6141
58.3228,0.6112,2.6316
58.3230,0.6008,2.5896
58.3232,0.5999,2.5831
58.3234,0.6588,2.8392
58.3236,0.5385,2.3231
58.3238,0.4881,2.1068
58.3240,0.488,2.1063
58.3242,0.4847,2.0908
58.3244,0.4823,2.0805
58.3246,0.4793,2.0685
58.3248,0.4838,2.0891
58.3250,0.4903,2.1151
58.3252,0.4807,2.0728
58.3254,0.4766,2.0561
58.3256,0.477,2.0577
58.3258,0.4796,2.0672
58.3260,0.4836,2.0842
58.3262,0.4861,2.098
58.3264,0.4776,2.0603
58.3266,0.4883,2.1053
58.3268,0.4954,2.1364
58.3270,0.5035,2.171
58.3272,0.5157,2.2217
58.3274,0.5512,2.3724
58.3276,0.6259,2.6926
58.3278,0.6779,2.9152
58.3280,0.7338,3.1539
58.3282,0.7295,3.1369
58.3284,0.6877,2.9555
58.3286,0.6982,3.0009
58.3288,0.7368,3.1683
58.3290,0.7488,3.2139
58.3292,0.777,3.3317
58.3294,0.845,3.6199
58.3296,0.8411,3.6152
58.3298,0.7155,3.0765
58.3300,0.7284,3.1293
58.3302,0.7995,3.4316
58.3304,0.8251,3.5362
58.3306,0.8899,3.8125
58.3308,0.974,4.1726
58.3310,0.9848,4.2168
58.3312,0.9815,4.201
58.3314,0.9325,3.9986
58.3316,0.9745,4.1746
58.3318,1.0374,4.4401
58.3320,1.0321,4.4176
58.3322,1.058,4.5326
58.3324,1.0502,4.4972
58.3326,1.0696,4.5691
58.3328,1.1564,4.9446
58.3330,1.1247,4.8182
58.3332,1.0026,4.3013
58.3334,0.957,4.1015
58.3336,0.9978,4.2728
58.3338,1.0018,4.2977
58.3340,0.8933,3.8286
58.3342,0.9399,4.0286
58.3344,0.9058,3.8875
58.3346,0.9122,3.9135
58.3348,0.955,4.0933
58.3350,0.9036,3.8819
58.3352,0.7971,3.4292
58.3354,0.7902,3.3946
58.3356,0.8085,3.4734
58.3358,0.7874,3.3827
58.3360,0.8148,3.4969
58.3362,0.863,3.7055
58.3364,0.8667,3.725
58.3366,0.8561,3.6796
58.3368,0.8176,3.5175
58.3370,0.7731,3.323
58.3372,0.7807,3.3539
58.3374,0.7537,3.241
58.3376,0.7893,3.3894
58.3378,0.8648,3.715
58.3380,0.8118,3.4889
58.3382,0.8084,3.4777
58.3384,0.7758,3.3359
58.3386,0.8204,3.5228
58.3388,0.7981,3.4302
58.3390,0.756,3.2493
58.3392,0.7519,3.2363
58.3394,0.7186,3.0971
58.3396,0.6674,2.8738
58.3398,0.6968,2.9975
58.3400,0.6948,2.9934
58.3402,0.5916,2.5498
58.3404,0.6086,2.6244
58.3406,0.6332,2.7279
58.3408,0.5868,2.5303
58.3410,0.5965,2.5734
58.3412,0.5767,2.4881
58.3414,0.5815,2.5029
58.3416,0.6554,2.8208
58.3418,0.6525,2.8124
58.3420,0.6361,2.7416
58.3422,0.5957,2.5674
58.3424,0.5936,2.561
58.3426,0.6011,2.5907
58.3428,0.6023,2.597
58.3430,0.5436,2.3464
58.3432,0.5149,2.2232
58.3434,0.4966,2.1415
58.3436,0.545,2.3477
58.3438,0.5901,2.5408
58.3440,0.704,3.0256
58.3442,0.7579,3.2636
58.3444,0.6661,2.8708
58.3446,0.6385,2.7506
58.3448,0.644,2.7692
58.3450,0.7134,3.0678
58.3452,0.6892,2.9678
58.3454,0.6403,2.7571
58.3456,0.636,2.7372
58.3458,0.6685,2.8758
58.3460,0.7478,3.2157
58.3462,0.7723,3.3194
58.3464,0.7344,3.1565
58.3466,0.7124,3.0674
58.3468,0.6389,2.7522
58.3470,0.6401,2.7561
58.3472,0.6425,2.7664
58.3474,0.6329,2.7238
58.3476,0.6312,2.7191
58.3478,0.6323,2.725
58.3480,0.6303,2.7155
58.3482,0.6843,2.9397
58.3484,0.7962,3.4203
58.3486,0.7661,3.2972
58.3488,0.6499,2.801
58.3490,0.6097,2.6279
58.3492,0.6052,2.607
58.3494,0.6074,2.6181
58.3496,0.6101,2.6282
58.3498,0.7029,3.0238
58.3500,0.7017,3.02
58.3502,0.6608,2.8454
58.3504,0.6282,2.7075
58.3506,0.5548,2.3923
58.3508,0.5592,2.4125
58.3510,0.5508,2.3763
58.3512,0.5311,2.291
58.3514,0.5278,2.2717
58.3516,0.6398,2.7512
58.3518,0.6234,2.6818
58.3520,0.6514,2.8025
58.3522,0.7595,3.2642
58.3524,0.8164,3.509
58.3526,0.7517,3.2368
58.3528,0.6444,2.7759
58.3530,0.6402,2.7527
58.3532,0.7131,3.0648
58.3534,0.7994,3.4358
58.3536,0.844,3.6242
58.3538,0.8927,3.8279
58.3540,0.9592,4.1209
58.3542,0.8818,3.7899
58.3544,0.8052,3.4606
58.3546,0.7517,3.2307
58.3548,0.7878,3.3874
58.3550,0.7745,3.3318
58.3552,0.7893,3.3957
58.3554,0.7484,3.2183
58.3556,0.7395,3.1811
58.3558,0.786,3.375
58.3560,0.9146,3.9201
58.3562,0.9989,4.2814
58.3564,0.9102,3.9102
58.3566,0.7669,3.2947
58.3568,0.7565,3.2559
58.3570,0.6779,2.9246
58.3572,0.5934,2.5564
58.3574,0.5944,2.5617
58.3576,0.6375,2.7465
58.3578,0.6207,2.6754
58.3580,0.6353,2.7341
58.3582,0.7029,3.0238
58.3584,0.733,3.1547
58.3586,0.7136,3.0726
58.3588,0.586,2.5302
58.3590,0.4929,2.1295
58.3592,0.4849,2.0918
58.3594,0.4871,2.1012
58.3596,0.4863,2.1
58.3598,0.5197,2.2408
58.3600,0.571,2.4632
58.3602,0.5186,2.2341
58.3604,0.5927,2.5569
58.3606,0.5922,2.5524
58.3608,0.6168,2.6584
58.3610,0.5739,2.4722
58.3612,0.6118,2.6354
58.3614,0.6195,2.6665
58.3616,0.7047,3.0287
58.3618,0.701,3.0127
58.3620,0.7227,3.1075
58.3622,0.7636,3.2802
58.3624,0.7824,3.3611
58.3626,0.8209,3.5166
58.3628,0.9749,4.1786
58.3630,0.9484,4.0613
58.3632,0.9831,4.2096
58.3634,0.9901,4.2434
58.3636,0.9666,4.1446
58.3638,0.9747,4.1795
58.3640,0.9561,4.1056
58.3642,0.9116,3.9073
58.3644,0.9901,4.2454
58.3646,0.9755,4.1792
58.3648,0.969,4.151
58.3650,0.9692,4.152
58.3652,1.0278,4.4094
58.3654,1.0144,4.3497
58.3656,0.9916,4.2501
58.3658,0.9945,4.2624
58.3660,1.0528,4.5079
58.3662,1.0727,4.5975
58.3664,0.9779,4.1993
58.3666,0.8908,3.8285
58.3668,0.8397,3.6107
58.3670,0.776,3.3447
58.3672,0.6288,2.7113
58.3674,0.6203,2.6734
58.3676,0.6255,2.6973
58.3678,0.6166,2.6586
58.3680,0.6933,2.9853
58.3682,0.6618,2.8548
58.3684,0.6211,2.677
58.3686,0.6193,2.668
58.3688,0.7139,3.0698
58.3690,0.7741,3.3333
58.3692,0.6182,2.6633
58.3694,0.6355,2.739
58.3696,0.6138,2.6479
58.3698,0.6067,2.6162
58.3700,0.5741,2.4767
58.3702,0.5678,2.4481
58.3704,0.5849,2.5197
58.3706,0.6597,2.8407
58.3708,0.6616,2.8516
58.3710,0.5862,2.5242
58.3712,0.6783,2.9167
58.3714,0.7417,3.1924
58.3716,0.7356,3.1661
58.3718,0.6999,3.0109
58.3720,0.7584,3.2626
58.3722,0.7253,3.1261
58.3724,0.6351,2.7362
58.3726,0.6203,2.6709
58.3728,0.5711,2.4626
58.3730,0.607,2.6172
58.3732,0.6266,2.6995
58.3734,0.636,2.7385
58.3736,0.6365,2.7444
58.3738,0.6323,2.7238
58.3740,0.7047,3.0301
58.3742,0.7863,3.3812
58.3744,0.8301,3.5628
58.3746,0.8815,3.7906
58.3748,0.8065,3.4679
58.3750,0.797,3.4303
58.3752,0.742,3.1934
58.3754,0.6092,2.6282
58.3756,0.4996,2.1565
58.3758,0.4965,2.144
58.3760,0.4941,2.1336
58.3762,0.5231,2.2548
58.3764,0.5481,2.3622
58.3766,0.5909,2.5467
58.3768,0.6484,2.7948
58.3770,0.5752,2.479
58.3772,0.5755,2.4806
58.3774,0.5769,2.4863
58.3776,0.5741,2.4744
58.3778,0.6124,2.6368
58.3780,0.6588,2.8392
58.3782,0.5984,2.5781
58.3784,0.5765,2.4847
58.3786,0.6265,2.6952
58.3788,0.6881,2.9604
58.3790,0.6642,2.8585
58.3792,0.6564,2.8315
58.3794,0.566,2.4426
58.3796,0.5523,2.3792
58.3798,0.6156,2.6495
58.3800,0.6379,2.7468
58.3802,0.6211,2.6795
58.3804,0.5561,2.4002
58.3806,0.5426,2.3374
58.3808,0.5379,2.3194
58.3810,0.542,2.3359
58.3812,0.6313,2.7171
58.3814,0.7017,3.0186
58.3816,0.7137,3.0717
58.3818,0.6525,2.8111
58.3820,0.6296,2.7099
58.3822,0.6281,2.7044
58.3824,0.6235,2.6848
58.3826,0.6285,2.7078
58.3828,0.6204,2.6751
58.3830,0.6112,2.6341
58.3832,0.6156,2.6532
58.3834,0.5795,2.4976
58.3836,0.5719,2.4651
58.3838,0.5632,2.4285
58.3840,0.5831,2.5096
58.3842,0.5958,2.5691
58.3844,0.5916,2.5463
58.3846,0.7098,3.0537
58.3848,0.5657,2.4382
58.3850,0.6025,2.5945
58.3852,0.6624,2.8455
58.3854,0.7534,3.2425
58.3856,0.6644,2.8635
58.3858,0.5686,2.4506
58.3860,0.5001,2.1575
58.3862,0.4729,2.0411
58.3864,0.4823,2.0824
58.3866,0.4812,2.0758
58.3868,0.4648,2.0049
58.3870,0.4964,2.1375
58.3872,0.5954,2.5676
58.3874,0.5664,2.4391
58.3876,0.6139,2.6398
58.3878,0.6687,2.8795
58.3880,0.6656,2.8687
58.3882,0.6138,2.6418
58.3884,0.6064,2.611
58.3886,0.6194,2.6685
58.3888,0.6311,2.7161
58.3890,0.6559,2.8242
58.3892,0.6354,2.7321
58.3894,0.6847,2.9481
58.3896,0.6663,2.8678
58.3898,0.6395,2.7535
58.3900,0.5921,2.5507
58.3902,0.5907,2.5433
58.3904,0.6095,2.6281
58.3906,0.5338,2.3029
58.3908,0.4837,2.0876
58.3910,0.4773,2.0612
58.3912,0.5062,2.1839
58.3914,0.5177,2.2284
58.3916,0.6179,2.6593
58.3918,0.6319,2.7222
58.3920,0.605,2.6041
58.3922,0.664,2.8553
58.3924,0.6788,2.9215
58.3926,0.6695,2.8844
58.3928,0.6353,2.7341
58.3930,0.6413,2.7574
58.3932,0.6855,2.9517
58.3934,0.5975,2.5728
58.3936,0.6347,2.7303
58.3938,0.6788,2.9147
58.3940,0.7385,3.1681
58.3942,0.8372,3.5948
58.3944,0.8534,3.6626
58.3946,0.8746,3.752
58.3948,0.8902,3.8171
58.3950,0.8891,3.8089
58.3952,0.93,3.9859
58.3954,0.9455,4.0522
58.3956,0.9513,4.0812
58.3958,0.8886,3.8157
58.3960,0.8542,3.6611
58.3962,0.9808,4.2018
58.3964,1.0163,4.3519
58.3966,1.0684,4.5683
58.3968,1.0684,4.5747
58.3970,1.0413,4.4566
58.3972,1.0818,4.6257
58.3974,1.1029,4.7159
58.3976,1.0867,4.6467
58.3978,1.142,4.8877
58.3980,1.1038,4.7245
58.3982,1.0859,4.641
58.3984,1.0931,4.6783
58.3986,1.0733,4.6
58.3988,0.9595,4.1181
58.3990,0.87,3.7429
58.3992,0.7794,3.3513
58.3994,0.7544,3.2456
58.3996,0.7369,3.1674
58.3998,0.7295,3.1398
58.4000,0.7272,3.1285
58.4002,0.7389,3.18
58.4004,0.7651,3.2961
58.4006,0.6778,2.9201
58.4008,0.68,2.9239
58.4010,0.7415,3.1884
58.4012,0.7204,3.102
58.4014,0.6821,2.9346
58.4016,0.7016,3.0167
58.4018,0.7468,3.2171
58.4020,0.7458,3.2129
58.4022,0.6851,2.9488
58.4024,0.6966,3.0012
58.4026,0.715,3.0745
58.4028,0.792,3.4086
58.4030,0.7326,3.1517
58.4032,0.6616,2.8516
58.4034,0.5844,2.5177
58.4036,0.6561,2.8305
58.4038,0.6242,2.6904
58.4040,0.6661,2.8654
58.4042,0.7378,3.1739
58.4044,0.7474,3.2182
58.4046,0.6878,2.9574
58.4048,0.7061,3.0377
58.4050,0.7233,3.1129
58.4052,0.6947,2.9929
58.4054,0.7074,3.0476
58.4056,0.7279,3.1331
58.4058,0.6923,2.9826
58.4060,0.6717,2.8924
58.4062,0.6849,2.9464
58.4064,0.6199,2.6718
58.4066,0.5751,2.4774
58.4068,0.5584,2.4089
58.4070,0.589,2.5385
58.4072,0.6022,2.5965
58.4074,0.568,2.448
58.4076,0.6396,2.754
58.4078,0.6556,2.8271
58.4080,0.5697,2.4553
58.4082,0.5767,2.4858
58.4084,0.5853,2.5213
58.4086,0.592,2.549
58.4088,0.5829,2.5179
58.4090,0.4892,2.1124
58.4092,0.4755,2.0534
58.4094,0.4753,2.0505
58.4096,0.5263,2.2682
58.4098,0.6127,2.6359
58.4100,0.6458,2.7796
58.4102,0.6344,2.7331
58.4104,0.6447,2.7775
58.4106,0.6372,2.7449
58.4108,0.6429,2.7685
58.4110,0.7505,3.2226
58.4112,0.7721,3.323
58.4114,0.6674,2.8711
58.4116,0.7136,3.0683
58.4118,0.7727,3.3178
58.4120,0.7821,3.3632
58.4122,0.8257,3.5438
58.4124,0.8065,3.4646
58.4126,0.7568,3.2529
58.4128,0.7982,3.4275
58.4130,0.8175,3.5137
58.4132,0.7634,3.2797
58.4134,0.7942,3.4185
58.4136,0.7838,3.372
58.4138,0.7791,3.3488
58.4140,0.7673,3.3008
58.4142,0.8007,3.4399
58.4144,0.8071,3.4672
58.4146,0.7989,3.4354
58.4148,0.794,3.4142
58.4150,0.8,3.4368
58.4152,0.7897,3.3941
58.4154,0.7962,3.4219
58.4156,0.7933,3.4096
58.4158,0.8341,3.5848
58.4160,0.773,3.324
58.4162,0.6892,2.9719
58.4164,0.5875,2.5334
58.4166,0.5761,2.4832
58.4168,0.5688,2.4539
58.4170,0.5664,2.4436
58.4172,0.5741,2.4744
58.4174,0.5773,2.486
58.4176,0.6806,2.9292
58.4178,0.7029,3.0266
58.4180,0.612,2.6377
58.4182,0.5574,2.4037
58.4184,0.6176,2.6608
58.4186,0.6911,2.976
58.4188,0.6721,2.8939
58.4190,0.6601,2.8449
58.4192,0.5936,2.5598
58.4194,0.5573,2.4009
58.4196,0.5628,2.4258
58.4198,0.5878,2.5345
58.4200,0.5795,2.4965
58.4202,0.6259,2.6964
58.4204,0.646,2.7845
58.4206,0.5823,2.5072
58.4208,0.636,2.7347
58.4210,0.6823,2.9378
58.4212,0.6367,2.7454
58.4214,0.6297,2.7154
58.4216,0.6048,2.6067
58.4218,0.5942,2.5588
58.4220,0.6486,2.7914
58.4222,0.7206,3.0987
58.4224,0.6987,3.0057
58.4226,0.6181,2.6653
58.4228,0.6074,2.6156
58.4230,0.6416,2.7628
58.4232,0.594,2.5602
58.4234,0.5441,2.3485
58.4236,0.4877,2.1047
58.4238,0.4848,2.0923
58.4240,0.4799,2.0711
58.4242,0.4854,2.0939
58.4244,0.5384,2.3215
58.4246,0.5188,2.2372
58.4248,0.4863,2.099
58.4250,0.5347,2.3086
58.4252,0.5017,2.1653
58.4254,0.4831,2.085
58.4256,0.4806,2.0742
58.4258,0.4821,2.079
58.4260,0.5668,2.4406
58.4262,0.5934,2.5552
58.4264,0.6091,2.6216
58.4266,0.6517,2.8088
58.4268,0.6007,2.5903
58.4270,0.5237,2.2573
58.4272,0.5517,2.3755
58.4274,0.608,2.6206
58.4276,0.5877,2.5304
58.4278,0.5909,2.5444
58.4280,0.6369,2.7401
58.4282,0.7391,3.1751
58.4284,0.7275,3.1295
58.4286,0.6893,2.9669
58.4288,0.7454,3.2054
58.4290,0.7889,3.3858
58.4292,0.8365,3.5901
58.4294,0.8269,3.5472
58.4296,0.894,3.8282
58.4298,0.9865,4.228
58.4300,0.9821,4.2114
58.4302,0.973,4.1685
58.4304,0.9717,4.1647
58.4306,0.9867,4.229
58.4308,0.985,4.2198
58.4310,0.9755,4.1831
58.4312,1.029,4.396
58.4314,1.1596,4.9654
58.4316,1.1048,4.7286
58.4318,1.1144,4.7629
58.4320,1.1646,4.98
58.4322,1.1625,4.9847
58.4324,0.9591,4.1146
58.4326,0.9011,3.8693
58.4328,0.8713,3.7451
58.4330,0.8469,3.6382
58.4332,0.9309,3.9919
58.4334,0.9398,4.0262
58.4336,0.9252,3.9672
58.4338,0.9704,4.1552
58.4340,1.0502,4.5014
58.4342,0.8157,3.5157
58.4344,0.6769,2.9159
58.4346,0.6827,2.9385
58.4348,0.6861,2.9543
58.4350,0.7191,3.092
58.4352,0.809,3.4722
58.4354,0.8347,3.5874
58.4356,0.7825,3.3679
58.4358,0.7203,3.1029
58.4360,0.7276,3.1301
58.4362,0.7082,3.0493
58.4364,0.6655,2.8655
58.4366,0.67,2.8851
58.4368,0.6891,2.9659
58.4370,0.6779,2.9152
58.4372,0.7162,3.0796
58.4374,0.726,3.1263
58.4376,0.729,3.1406
58.4378,0.6896,2.9707
58.4380,0.5935,2.5629
58.4382,0.5158,2.2243
58.4384,0.6381,2.7504
58.4386,0.5429,2.3422
58.4388,0.5058,2.1829
58.4390,0.4902,2.1146
58.4392,0.4976,2.1497
58.4394,0.4874,2.1046
58.4396,0.4978,2.1457
58.4398,0.5739,2.4745
58.4400,0.5842,2.519
58.4402,0.561,2.4203
58.4404,0.5357,2.309
58.4406,0.5763,2.4872
58.4408,0.5182,2.2356
58.4410,0.5183,2.2351
58.4412,0.5809,2.505
58.4414,0.5597,2.4146
58.4416,0.518,2.2346
58.4418,0.4896,2.113
58.4420,0.4793,2.0675
58.4422,0.4743,2.0463
58.4424,0.4866,2.1001
58.4426,0.5432,2.3411
58.4428,0.582,2.5062
58.4430,0.6077,2.6179
58.4432,0.5541,2.3914
58.4434,0.5067,2.187
58.4436,0.5094,2.1963
58.4438,0.5212,2.2454
58.4440,0.6317,2.7174
58.4442,0.6777,2.9168
58.4444,0.6507,2.7981
58.4446,0.6889,2.9662
58.4448,0.6917,2.9717
58.4450,0.7672,3.2957
58.4452,0.7447,3.2068
58.4454,0.5964,2.5729
58.4456,0.5448,2.3494
58.4458,0.541,2.3318
58.4460,0.5555,2.3954
58.4462,0.5512,2.3768
58.4464,0.5405,2.3308
58.4466,0.5348,2.306
58.4468,0.5349,2.3065
58.4470,0.5404,2.327
58.4472,0.6127,2.6371
58.4474,0.6342,2.732
58.4476,0.6046,2.6069
58.4478,0.5369,2.3163
58.4480,0.5333,2.3008
58.4482,0.5315,2.2909
58.4484,0.5266,2.2708
58.4486,0.5116,2.2051
58.4488,0.5227,2.2527
58.4490,0.5562,2.3974
58.4492,0.5896,2.5399
58.4494,0.5704,2.4607
58.4496,0.488,2.1053
58.4498,0.4603,1.9876
58.4500,0.4778,2.0613
58.4502,0.4739,2.0442
58.4504,0.4475,1.9296
58.4506,0.468,2.017
58.4508,0.4946,2.1327
58.4510,0.4883,2.1063
58.4512,0.5016,2.1607
58.4514,0.5939,2.5561
58.4516,0.663,2.852
58.4518,0.6923,2.9784
58.4520,0.7059,3.0325
58.4522,0.7205,3.0939
58.4524,0.7112,3.0565
58.4526,0.7354,3.1592
58.4528,0.7132,3.071
58.4530,0.6362,2.7395
58.4532,0.6413,2.7561
58.4534,0.7012,3.0166
58.4536,0.663,2.8494
58.4538,0.7227,3.106
58.4540,0.7362,3.1643
58.4542,0.7396,3.1728
58.4544,0.7794,3.3529
58.4546,0.6832,2.9419
58.4548,0.6504,2.7927
58.4550,0.758,3.2596
58.4552,0.7004,3.0144
58.4554,0.6312,2.7191
58.4556,0.5871,2.5255
58.4558,0.6155,2.6502
58.4560,0.6259,2.6939
58.4562,0.685,2.9456
58.4564,0.7429,3.1901
58.4566,0.7175,3.0896
58.4568,0.6158,2.6542
58.4570,0.6,2.5848
58.4572,0.579,2.4921
58.4574,0.6029,2.5972
58.4576,0.595,2.5643
58.4578,0.6013,2.5917
58.4580,0.5643,2.432
58.4582,0.5049,2.1772
58.4584,0.4981,2.1497
58.4586,0.4964,2.1405
58.4588,0.5024,2.1664
58.4590,0.5082,2.1891
58.4592,0.592,2.5467
58.4594,0.6643,2.8604
58.4596,0.5734,2.4736
58.4598,0.4921,2.1239
58.4600,0.4905,2.1152
58.4602,0.5183,2.233
58.4604,0.5676,2.4442
58.4606,0.6108,2.6313
58.4608,0.5838,2.5139
58.4610,0.5903,2.5418
58.4612,0.6725,2.892
58.4614,0.7383,3.1715
58.4616,0.7471,3.2082
58.4618,0.7831,3.3642
58.4620,0.8193,3.5198
58.4622,0.7994,3.4295
58.4624,0.823,3.5324
58.4626,0.7998,3.4358
58.4628,0.8236,3.5383
58.4630,0.8399,3.605
58.4632,0.8351,3.5861
58.4634,0.8074,3.4671
58.4636,0.8631,3.7043
58.4638,0.8481,3.6417
58.4640,0.8612,3.6961
58.4642,0.8981,3.8492
58.4644,0.9492,4.0757
58.4646,0.8448,3.6278
58.4648,0.8868,3.7956
58.4650,1.0261,4.3899
58.4652,1.052,4.5112
58.4654,0.8784,3.7719
58.4656,0.7911,3.4066
58.4658,0.6713,2.8908
58.4660,0.6604,2.8438
58.4662,0.6007,2.5867
58.4664,0.6357,2.7388
58.4666,0.6537,2.811
58.4668,0.7082,3.0437
58.4670,0.7204,3.0962
58.4672,0.7252,3.1183
58.4674,0.7246,3.1128
58.4676,0.7899,3.392
58.4678,0.8722,3.7452
58.4680,0.809,3.4755
58.4682,0.8408,3.6103
58.4684,0.7832,3.3663
58.4686,0.7472,3.2132
58.4688,0.7474,3.2182
58.4690,0.7293,3.1358
58.4692,0.6982,3.0037
58.4694,0.6899,2.9681
58.4696,0.7284,3.1322
58.4698,0.7263,3.1215
58.4700,0.7215,3.1009
58.4702,0.694,2.9842
58.4704,0.7537,3.2425
58.4706,0.7174,3.0905
58.4708,0.6393,2.753
58.4710,0.6404,2.7551
58.4712,0.6806,2.9319
58.4714,0.6422,2.7628
58.4716,0.7257,3.1175
58.4718,0.7693,3.305
58.4720,0.7742,3.3307
58.4722,0.764,3.2869
58.4724,0.7349,3.1615
58.4726,0.7278,3.1311
58.4728,0.7332,3.1543
58.4730,0.7331,3.1523
58.4732,0.7387,3.1766
58.4734,0.7465,3.2086
58.4736,0.7537,3.2425
58.4738,0.6954,2.9918
58.4740,0.7848,3.3683
58.4742,0.8264,3.5452
58.4744,0.8847,3.7987
58.4746,0.844,3.6259
58.4748,0.7974,3.4191
58.4750,0.8737,3.7519
58.4752,0.7643,3.2925
58.4754,0.6425,2.7677
58.4756,0.662,2.8492
58.4758,0.6721,2.8912
58.4760,0.7092,3.0511
58.4762,0.7178,3.0892
58.4764,0.75,3.222
58.4766,0.7477,3.2137
58.4768,0.771,3.3122
58.4770,0.8911,3.8212
58.4772,1.0077,4.325
58.4774,0.808,3.481
58.4776,0.663,2.8534
58.4778,0.6576,2.8314
58.4780,0.6071,2.6141
58.4782,0.5897,2.5428
58.4784,0.5895,2.5429
58.4786,0.5884,2.5359
58.4788,0.5767,2.4858
58.4790,0.5771,2.4885
58.4792,0.58,2.4997
58.4794,0.5895,2.5382
58.4796,0.6279,2.7027
58.4798,0.6215,2.676
58.4800,0.6155,2.6515
58.4802,0.6335,2.7264
58.4804,0.7199,3.0956
58.4806,0.7596,3.2663
58.4808,0.7223,3.1117
58.4810,0.6255,2.6936
58.4812,0.6579,2.8356
58.4814,0.5686,2.4518
58.4816,0.5478,2.3634
58.4818,0.5465,2.3577
58.4820,0.5464,2.3561
58.4822,0.5444,2.3484
58.4824,0.5429,2.3422
58.4826,0.546,2.3524
58.4828,0.5477,2.3607
58.4830,0.5463,2.3545
58.4832,0.5441,2.3474
58.4834,0.5451,2.3493
58.4836,0.6058,2.6072
58.4838,0.6084,2.6246
58.4840,0.5505,2.3748
58.4842,0.5457,2.3508
58.4844,0.5483,2.36
58.4846,0.6154,2.6472
58.4848,0.6739,2.9003
58.4850,0.7012,3.0124
58.4852,0.7907,3.3982
58.4854,0.7389,3.1859
58.4856,0.5927,2.5545
58.4858,0.5758,2.4805
58.4860,0.5825,2.5082
58.4862,0.6572,2.8312
58.4864,0.6402,2.7553
58.4866,0.6425,2.7664
58.4868,0.6468,2.7798
58.4870,0.7791,3.3503
58.4872,0.7275,3.1266
58.4874,0.6824,2.9383
58.4876,0.6317,2.7199
58.4878,0.6317,2.7187
58.4880,0.6267,2.6975
58.4882,0.6294,2.7101
58.4884,0.6402,2.7591
58.4886,0.6447,2.7775
58.4888,0.6415,2.761
58.4890,0.6378,2.745
58.4892,0.6351,2.7362
58.4894,0.6386,2.7511
58.4896,0.6404,2.7538
58.4898,0.6341,2.7302
58.4900,0.6229,2.6847
58.4902,0.6206,2.6699
58.4904,0.7049,3.034
58.4906,0.6963,2.9885
58.4908,0.8114,3.4874
58.4910,0.7278,3.1311
58.4912,0.6978,2.9993
58.4914,0.7332,3.1528
58.4916,0.7345,3.1614
58.4918,0.7187,3.0933
58.4920,0.709,3.0473
58.4922,0.735,3.1606
58.4924,0.735,3.1576
58.4926,0.8043,3.4521
58.4928,0.8016,3.4451
58.4930,0.742,3.192
58.4932,0.6693,2.8834
58.4934,0.6501,2.7994
58.4936,0.6863,2.9499
58.4938,0.7837,3.3652
58.4940,0.8233,3.5351
58.4942,0.8413,3.6174
58.4944,0.7866,3.3776
58.4946,0.7998,3.4326
58.4948,0.794,3.4111
58.4950,0.8293,3.5625
58.4952,0.8471,3.6359
58.4954,0.8544,3.669
58.4956,0.8651,3.7096
58.4958,0.9349,4.0126
58.4960,0.8764,3.7614
58.4962,0.8335,3.5789
58.4964,0.8572,3.6808
58.4966,0.8907,3.8227
58.4968,0.8939,3.8348
58.4970,0.903,3.8739
58.4972,0.9284,3.9848
58.4974,0.9361,4.0121
58.4976,1.0068,4.3032
58.4978,1.1754,5.0261
58.4980,1.1658,4.9898
58.4982,1.1302,4.8441
58.4984,1.0311,4.415
58.4986,0.9819,4.2143
58.4988,0.929,3.9892
58.4990,0.8583,3.6872
58.4992,0.8061,3.4663
58.4994,0.7591,3.2657
58.4996,0.7489,3.2234
58.4998,0.7411,3.1898
58.5000,0.729,3.1406
58.5002,0.6664,2.8657
58.5004,0.7556,3.2477
58.5006,0.8024,3.4503
58.5008,0.7843,3.3693
58.5010,0.7942,3.4105
58.5012,0.8582,3.6849
58.5014,0.8737,3.7554
58.5016,0.8543,3.6736
58.5018,0.7438,3.2012
58.5020,0.7187,3.0962
58.5022,0.6881,2.9631
58.5024,0.618,2.6635
58.5026,0.5727,2.4648
58.5028,0.6414,2.7617
58.5030,0.6532,2.8155
58.5032,0.7085,3.048
58.5034,0.6971,3.0046
58.5036,0.6162,2.6558
58.5038,0.6124,2.6392
58.5040,0.5992,2.5812
58.5042,0.6219,2.6769
58.5044,0.6561,2.8279
58.5046,0.6019,2.5955
58.5048,0.5959,2.5673
58.5050,0.6839,2.9409
58.5052,0.702,3.0244
58.5054,0.6327,2.722
58.5056,0.6848,2.9486
58.5058,0.6778,2.9201
58.5060,0.6302,2.7188
58.5062,0.5143,2.2186
58.5064,0.4956,2.1399
58.5066,0.5012,2.1652
58.5068,0.4758,2.0497
58.5070,0.5501,2.3754
58.5072,0.4194,1.8136
58.5074,0.3884,1.6793
58.5076,0.453,1.957
58.5078,0.458,1.9778
58.5080,0.4343,1.8753
58.5082,0.4546,1.9646
58.5084,0.4475,1.9322
58.5086,0.4765,2.0547
58.5088,0.5164,2.2258
58.5090,0.541,2.3328
58.5092,0.5537,2.3888
58.5094,0.5547,2.3896
58.5096,0.5625,2.4254
58.5098,0.5613,2.4213
58.5100,0.5518,2.3794
58.5102,0.5572,2.4004
58.5104,0.6067,2.6137
58.5106,0.5731,2.4714
58.5108,0.5978,2.5755
58.5110,0.6055,2.6074
58.5112,0.6462,2.7824
58.5114,0.6914,2.9757
58.5116,0.6998,3.009
58.5118,0.7331,3.1523
58.5120,0.7343,3.156
58.5122,0.7466,3.2136
58.5124,0.6959,2.9911
58.5126,0.7156,3.0799
58.5128,0.6619,2.85
58.5130,0.683,2.9341
58.5132,0.782,3.358
58.5134,0.785,3.3756
58.5136,0.7296,3.1403
58.5138,0.6683,2.8806
58.5140,0.6207,2.6705
58.5142,0.6223,2.6796
58.5144,0.6829,2.939
58.5146,0.702,3.0202
58.5148,0.6925,2.9762
58.5150,0.7518,3.2328
58.5152,0.7309,3.1445
58.5154,0.7287,3.1303
58.5156,0.7785,3.3431
58.5158,0.7919,3.4113
58.5160,0.6019,2.5979
58.5162,0.4789,2.0669
58.5164,0.4655,2.0099
58.5166,0.4685,2.0228
58.5168,0.465,2.006
58.5170,0.4639,2.0013
58.5172,0.4656,2.0104
58.5174,0.4643,2.0029
58.5176,0.4685,2.0228
58.5178,0.5115,2.2056
58.5180,0.5552,2.3894
58.5182,0.5914,2.5488
58.5184,0.5707,2.4588
58.5186,0.5962,2.5671
58.5188,0.6144,2.6456
58.5190,0.602,2.5948
58.5192,0.5683,2.445
58.5194,0.6288,2.7088
58.5196,0.6022,2.5941
58.5198,0.6125,2.6361
58.5200,0.6763,2.9066
58.5202,0.6652,2.8645
58.5204,0.6225,2.6807
58.5206,0.6223,2.6796
58.5208,0.6038,2.6013
58.5210,0.5803,2.4989
58.5212,0.5856,2.524
58.5214,0.5884,2.5359
58.5216,0.6041,2.6036
58.5218,0.5794,2.4971
58.5220,0.5074,2.1901
58.5222,0.4878,2.1023
58.5224,0.4842,2.0897
58.5226,0.4874,2.1027
58.5228,0.486,2.0955
58.5230,0.4819,2.0789
58.5232,0.4812,2.0768
58.5234,0.4829,2.083
58.5236,0.4837,2.0857
58.5238,0.4823,2.0805
58.5240,0.4831,2.0841
58.5242,0.4952,2.1343
58.5244,0.5344,2.3055
58.5246,0.4884,2.1059
58.5248,0.485,2.0933
58.5250,0.4835,2.0847
58.5252,0.543,2.3384
58.5254,0.5927,2.5462
58.5256,0.6465,2.7814
58.5258,0.6375,2.749
58.5260,0.507,2.186
58.5262,0.4688,2.0235
58.5264,0.4899,2.1136
58.5266,0.52,2.2403
58.5268,0.5625,2.4209
58.5270,0.5983,2.5764
58.5272,0.574,2.4727
58.5274,0.5827,2.5058
58.5276,0.6475,2.779
58.5278,0.748,3.2178
58.5280,0.7138,3.0665
58.5282,0.7592,3.2571
58.5284,0.8163,3.502
58.5286,0.8692,3.7254
58.5288,0.8873,3.8065
58.5290,0.8242,3.531
58.5292,0.9409,4.027
58.5294,0.9781,4.1881
58.5296,0.9892,4.2378
58.5298,1.0169,4.3565
58.5300,0.9963,4.2661
58.5302,1.0006,4.2806
58.5304,1.0233,4.3816
58.5306,1.0672,4.561
58.5308,1.124,4.8084
58.5310,1.059,4.5304
58.5312,1.0622,4.5506
58.5314,1.0242,4.3919
58.5316,0.9199,3.9483
58.5318,0.8415,3.6117
58.5320,0.815,3.4963
58.5322,0.9046,3.877
58.5324,0.971,4.1636
58.5326,0.916,3.9313
58.5328,0.9387,4.0234
58.5330,0.9996,4.2805
58.5332,1.047,4.4854
58.5334,0.8554,3.6731
58.5336,0.8819,3.7816
58.5338,0.9908,4.2425
58.5340,1.0323,4.4325
58.5342,0.9186,3.9426
58.5344,0.9066,3.8839
58.5346,1.0284,4.4058
58.5348,1.0198,4.3749
58.5350,0.8963,3.854
58.5352,0.8188,3.521
58.5354,0.7571,3.2524
58.5356,0.823,3.539
58.5358,0.7903,3.3998
58.5360,0.7444,3.2008
58.5362,0.7363,3.1677
58.5364,0.7582,3.2555
58.5366,0.8592,3.6913
58.5368,0.8426,3.6214
58.5370,0.7779,3.3467
58.5372,0.7826,3.3684
58.5374,0.7525,3.2358
58.5376,0.7471,3.2141
58.5378,0.7454,3.2114
58.5380,0.691,2.9741
58.5382,0.6925,2.9789
58.5384,0.703,3.0285
58.5386,0.6868,2.9574
58.5388,0.6877,2.9597
58.5390,0.7197,3.1018
58.5392,0.6379,2.7468
58.5394,0.6654,2.865
58.5396,0.6709,2.8888
58.5398,0.7126,3.0642
58.5400,0.7536,3.2465
58.5402,0.6505,2.8049
58.5404,0.5869,2.532
58.5406,0.5531,2.3862
58.5408,0.5544,2.393
58.5410,0.5601,2.415
58.5412,0.5776,2.4905
58.5414,0.5517,2.3811
58.5416,0.5535,2.3877
58.5418,0.5872,2.5307
58.5420,0.5921,2.5507
58.5422,0.6423,2.7672
58.5424,0.6392,2.7537
58.5426,0.6411,2.762
58.5428,0.6368,2.7434
58.5430,0.6405,2.7568
58.5432,0.7034,3.0202
58.5434,0.8463,3.634
58.5436,0.8403,3.6166
58.5438,0.7391,3.1855
58.5440,0.6651,2.8666
58.5442,0.6222,2.6804
58.5444,0.6212,2.6762
58.5446,0.6211,2.677
58.5448,0.6201,2.6716
58.5450,0.6175,2.6602
58.5452,0.6239,2.6889
58.5454,0.6356,2.7395
58.5456,0.6451,2.7739
58.5458,0.7016,3.0195
58.5460,0.6247,2.6912
58.5462,0.6201,2.6716
58.5464,0.6465,2.7814
58.5466,0.7699,3.3152
58.5468,0.6886,2.9652
58.5470,0.6264,2.6972
58.5472,0.6224,2.6827
58.5474,0.6125,2.6398
58.5476,0.663,2.8534
58.5478,0.6103,2.6305
58.5480,0.5548,2.3912
58.5482,0.5511,2.3763
58.5484,0.5516,2.3794
58.5486,0.5523,2.3814
58.5488,0.5504,2.3743
58.5490,0.5634,2.4306
58.5492,0.567,2.4439
58.5494,0.564,2.431
58.5496,0.5626,2.427
58.5498,0.6859,2.9519
58.5500,0.6186,2.6649
58.5502,0.5715,2.463
58.5504,0.6223,2.6772
58.5506,0.6769,2.9119
58.5508,0.709,3.0501
58.5510,0.6801,2.9244
58.5512,0.7219,3.1073
58.5514,0.7085,3.0466
58.5516,0.7771,3.34
58.5518,0.7572,3.2575
58.5520,0.718,3.0902
58.5522,0.7255,3.1213
58.5524,0.7361,3.1623
58.5526,0.8184,3.5173
58.5528,0.814,3.4938
58.5530,0.8443,3.6201
58.5532,0.847,3.6421
58.5534,0.824,3.5366
58.5536,0.9662,4.1411
58.5538,0.9817,4.2054
58.5540,0.9434,4.0491
58.5542,0.8853,3.8013
58.5544,0.8498,3.6489
58.5546,0.8397,3.6023
58.5548,0.808,3.4778
58.5550,0.7161,3.082
58.5552,0.7247,3.1177
58.5554,0.6995,3.0094
58.5556,0.7393,3.1821
58.5558,0.7089,3.051
58.5560,0.6678,2.8767
58.5562,0.6024,2.5976
58.5564,0.564,2.4355
58.5566,0.4983,2.1498
58.5568,0.4929,2.1275
58.5570,0.4929,2.1285
58.5572,0.4935,2.1291
58.5574,0.4929,2.1265
58.5576,0.5127,2.2098
58.5578,0.542,2.3359
58.5580,0.5833,2.5165
58.5582,0.5855,2.5258
58.5584,0.5875,2.5311
58.5586,0.5835,2.5182
58.5588,0.4919,2.1238
58.5590,0.4917,2.1223
58.5592,0.4896,2.112
58.5594,0.508,2.1896
58.5596,0.5359,2.3074
58.5598,0.5903,2.543
58.5600,0.6173,2.6617
58.5602,0.5992,2.5836
58.5604,0.5968,2.5685
58.5606,0.6608,2.8401
58.5608,0.7472,3.2132
58.5610,0.7156,3.0728
58.5612,0.7598,3.2627
58.5614,0.829,3.5565
58.5616,0.874,3.7546
58.5618,0.8271,3.5549
58.5620,0.7942,3.4137
58.5622,0.8267,3.5484
58.5624,0.8504,3.6498
58.5626,0.8372,3.5948
58.5628,0.8386,3.5993
58.5630,0.8516,3.6549
58.5632,0.829,3.5598
58.5634,0.8759,3.7541
58.5636,0.919,3.9386
58.5638,1.0218,4.3714
58.5640,1.1004,4.7162
58.5642,1.0223,4.3796
58.5644,0.9893,4.2423
58.5646,0.8651,3.7148
58.5648,0.8066,3.4684
58.5650,0.8091,3.4792
58.5652,0.7716,3.3132
58.5654,0.8367,3.5961
58.5656,0.8261,3.5458
58.5658,0.8802,3.7762
58.5660,0.7968,3.4325
58.5662,0.6603,2.8433
58.5664,0.7005,3.0163
58.5666,0.6656,2.87
58.5668,0.6258,2.6946
58.5670,0.6802,2.9304
58.5672,0.6523,2.8087
58.5674,0.6582,2.8327
58.5676,0.7055,3.0351
58.5678,0.7462,3.2085
58.5680,0.733,3.1591
58.5682,0.5953,2.5682
58.5684,0.6047,2.6038
58.5686,0.705,3.0317
58.5688,0.6916,2.9822
58.5690,0.6302,2.7125
58.5692,0.6831,2.9428
58.5694,0.621,2.6765
58.5696,0.6258,2.6996
58.5698,0.6112,2.6292
58.5700,0.6957,2.997
58.5702,0.6579,2.8304
58.5704,0.6736,2.902
58.5706,0.6281,2.7044
58.5708,0.6746,2.9021
58.5710,0.6873,2.9567
58.5712,0.6917,2.9786
58.5714,0.6628,2.8528
58.5716,0.6832,2.9433
58.5718,0.6608,2.8441
58.5720,0.7324,3.1478
58.5722,0.7348,3.1669
58.5724,0.6083,2.6205
58.5726,0.5909,2.5432
58.5728,0.6703,2.8862
58.5730,0.7122,3.0655
58.5732,0.7121,3.0635
58.5734,0.6643,2.8617
58.5736,0.6218,2.6776
58.5738,0.6407,2.7574
58.5740,0.7152,3.0741
58.5742,0.7193,3.0916
58.5744,0.7427,3.1891
58.5746,0.7983,3.4328
58.5748,0.8303,3.5721
58.5750,0.7258,3.1252
58.5752,0.6161,2.654
58.5754,0.5771,2.4908
58.5756,0.5028,2.1709
58.5758,0.5092,2.1938
58.5760,0.6416,2.7564
58.5762,0.7746,3.3292
58.5764,0.8215,3.534
58.5766,0.7458,3.21
58.5768,0.6911,2.9746
58.5770,0.6508,2.8064
58.5772,0.5743,2.4766
58.5774,0.5724,2.4649
58.5776,0.6336,2.7294
58.5778,0.5901,2.5455
58.5780,0.5748,2.4798
58.5782,0.5566,2.4012
58.5784,0.4868,2.1021
58.5786,0.4775,2.0617
58.5788,0.4803,2.0731
58.5790,0.5195,2.2413
58.5792,0.5374,2.3163
58.5794,0.5414,2.3355
58.5796,0.5433,2.3427
58.5798,0.5327,2.2982
58.5800,0.5265,2.2682
58.5802,0.5897,2.5428
58.5804,0.596,2.5678
58.5806,0.571,2.4621
58.5808,0.5014,2.1622
58.5810,0.4707,2.0308
58.5812,0.4618,1.9948
58.5814,0.4603,1.9867
58.5816,0.4978,2.1467
58.5818,0.5484,2.366
58.5820,0.4837,2.0876
58.5822,0.4681,2.0204
58.5824,0.4643,2.0038
58.5826,0.4631,1.9986
58.5828,0.4661,2.0116
58.5830,0.468,2.0198
58.5832,0.4645,2.0058
58.5834,0.4615,1.9928
58.5836,0.4627,1.9961
58.5838,0.4809,2.0738
58.5840,0.53,2.2832
58.5842,0.5764,2.4808
58.5844,0.6006,2.5862
58.5846,0.5893,2.54
58.5848,0.5925,2.5499
58.5850,0.6648,2.8611
58.5852,0.614,2.6453
58.5854,0.5506,2.3709
58.5856,0.5454,2.3509
58.5858,0.5531,2.3828
58.5860,0.585,2.5179
58.5862,0.6543,2.8149
58.5864,0.6456,2.7824
58.5866,0.5754,2.4812
58.5868,0.5526,2.3797
58.5870,0.5494,2.3668
58.5872,0.5434,2.3432
58.5874,0.5423,2.3374
58.5876,0.5482,2.3617
58.5878,0.5544,2.3896
58.5880,0.5483,2.3655
58.5882,0.5423,2.3364
58.5884,0.5429,2.3389
58.5886,0.5743,2.4754
58.5888,0.5571,2.401
58.5890,0.548,2.3606
58.5892,0.5523,2.3781
58.5894,0.5589,2.4099
58.5896,0.5421,2.3375
58.5898,0.5673,2.4393
58.5900,0.6513,2.8033
58.5902,0.6666,2.8662
58.5904,0.6907,2.9657
58.5906,0.7187,3.0905
58.5908,0.7288,3.1294
58.5910,0.7743,3.325
58.5912,0.7674,3.2952
58.5914,0.7927,3.4038
58.5916,0.7902,3.3977
58.5918,0.7652,3.2905
58.5920,0.7028,3.0191
58.5922,0.7236,3.1101
58.5924,0.7044,3.0291
58.5926,0.6482,2.786
58.5928,0.756,3.2493
58.5930,0.7552,3.2457
58.5932,0.7284,3.1322
58.5934,0.6796,2.9237
58.5936,0.7558,3.2467
58.5938,0.7802,3.3503
58.5940,0.8114,3.4793
58.5942,0.8385,3.5971
58.5944,0.8508,3.6518
58.5946,0.8528,3.6652
58.5948,0.8297,3.5613
58.5950,0.8215,3.529
58.5952,0.8031,3.4454
58.5954,0.8702,3.7295
58.5956,0.9029,3.8734
58.5958,0.9094,3.9012
58.5960,0.9206,3.944
58.5962,0.9524,4.082
58.5964,0.9693,4.1545
58.5966,0.9676,4.1473
58.5968,0.968,4.1508
58.5970,0.9591,4.1127
58.5972,0.891,3.8242
58.5974,0.854,3.6669
58.5976,0.8887,3.818
58.5978,0.8556,3.6793
58.5980,0.7365,3.1712
58.5982,0.6854,2.9499
58.5984,0.7155,3.0751
58.5986,0.7252,3.1168
58.5988,0.7263,3.1229
58.5990,0.7419,3.187
58.5992,0.7983,3.4264
58.5994,0.8395,3.608
58.5996,0.7899,3.3951
58.5998,0.8066,3.4587
58.6000,0.876,3.7581
58.6002,0.8597,3.6968
58.6004,0.7705,3.3101
58.6006,0.786,3.3781
58.6008,0.7499,3.2275
58.6010,0.7167,3.0889
58.6012,0.6663,2.8678
58.6014,0.6892,2.965
58.6016,0.7065,3.0379
58.6018,0.7281,3.138
58.6020,0.6187,2.6642
58.6022,0.6413,2.7599
58.6024,0.6552,2.8211
58.6026,0.7172,3.0837
58.6028,0.7626,3.2776
58.6030,0.7827,3.3642
58.6032,0.7637,3.2792
58.6034,0.7842,3.3704
58.6036,0.7922,3.4049
58.6038,0.8061,3.4631
58.6040,0.8252,3.5433
58.6042,0.8138,3.5026
58.6044,0.6856,2.9564
58.6046,0.6179,2.6618
58.6048,0.6632,2.8544
58.6050,0.6699,2.8833
58.6052,0.6053,2.6075
58.6054,0.573,2.4686
58.6056,0.5669,2.4434
58.6058,0.5832,2.5148
58.6060,0.6269,2.6955
58.6062,0.7522,3.2328
58.6064,0.6616,2.853
58.6066,0.4976,2.1467
58.6068,0.5121,2.2103
58.6070,0.5155,2.2227
58.6072,0.5319,2.2946
58.6074,0.5404,2.3303
58.6076,0.6043,2.601
58.6078,0.6743,2.901
58.6080,0.6546,2.8198
58.6082,0.6447,2.7775
58.6084,0.6378,2.745
58.6086,0.6481,2.792
58.6088,0.6477,2.7917
58.6090,0.6544,2.818
58.6092,0.7198,3.0879
58.6094,0.851,3.654
58.6096,0.8465,3.6316
58.6098,0.9187,3.9468
58.6100,0.7693,3.308
58.6102,0.7107,3.0559
58.6104,0.7249,3.1187
58.6106,0.739,3.1805
58.6108,0.7426,3.1945
58.6110,0.7332,3.1528
58.6112,0.7306,3.1415
58.6114,0.7558,3.2513
58.6116,0.7505,3.2226
58.6118,0.762,3.2766
58.6120,0.7928,3.4075
58.6122,0.7996,3.4337
58.6124,0.8181,3.5195
58.6126,0.7971,3.4197
58.6128,0.9866,4.2265
58.6130,1.0203,4.3749
58.6132,0.8895,3.8193
58.6134,0.8598,3.699
58.6136,0.7664,3.3033
58.6138,0.6722,2.8904
58.6140,0.7301,3.1453
58.6142,0.6,2.5884
58.6144,0.5526,2.3841
58.6146,0.5568,2.4
58.6148,0.5644,2.4314
58.6150,0.6006,2.585
58.6152,0.6477,2.7891
58.6154,0.6749,2.909
58.6156,0.6589,2.8398
58.6158,0.5772,2.4878
58.6160,0.6271,2.6953
58.6162,0.7715,3.3235
58.6164,0.6333,2.7297
58.6166,0.5889,2.5391
58.6168,0.5583,2.4039
58.6170,0.6034,2.6017
58.6172,0.5859,2.5227
58.6174,0.6734,2.8969
58.6176,0.6827,2.9371
58.6178,0.6392,2.7563
58.6180,0.5537,2.3854
58.6182,0.6219,2.6781
58.6184,0.6697,2.8823
58.6186,0.6753,2.9079
58.6188,0.6998,3.0118
58.6190,0.7054,3.0346
58.6192,0.6779,2.9124
58.6194,0.7984,3.4301
58.6196,0.8378,3.6008
58.6198,0.8071,3.4688
58.6200,0.7447,3.1964
58.6202,0.8293,3.5675
58.6204,0.7403,3.1847
58.6206,0.7295,3.1398
58.6208,0.7506,3.2216
58.6210,0.8733,3.7481
58.6212,0.8709,3.7378
58.6214,0.8371,3.601
58.6216,0.6675,2.8823
58.6218,0.501,2.1622
58.6220,0.4841,2.0902
58.6222,0.4854,2.0958
58.6224,0.4826,2.083
58.6226,0.4957,2.1364
58.6228,0.5704,2.4595
58.6230,0.5206,2.246
58.6232,0.542,2.3391
58.6234,0.4942,2.1322
58.6236,0.4862,2.0985
58.6238,0.4855,2.0964
58.6240,0.482,2.0794
58.6242,0.5195,2.2382
58.6244,0.5722,2.4638
58.6246,0.5859,2.5227
58.6248,0.5941,2.5595
58.6250,0.5459,2.3562
58.6252,0.4887,2.1103
58.6254,0.4867,2.1006
58.6256,0.4893,2.111
58.6258,0.4907,2.1167
58.6260,0.5109,2.2031
58.6262,0.55,2.3683
58.6264,0.6108,2.6276
58.6266,0.6591,2.8368
58.6268,0.7122,3.064
58.6270,0.7212,3.0984
58.6272,0.7963,3.424
58.6274,0.7248,3.1153
58.6276,0.7719,3.3194
58.6278,0.7966,3.4176
58.6280,0.8761,3.7587
58.6282,0.8699,3.7302
58.6284,0.8752,3.7528
58.6286,0.9236,3.9642
58.6288,0.9114,3.9117
58.6290,0.9034,3.8736
58.6292,0.938,4.0222
58.6294,0.9737,4.1696
58.6296,1.0156,4.3488
58.6298,1.0265,4.3914
58.6300,1.1335,4.8489
58.6302,1.1409,4.883
58.6304,1.0843,4.6451
58.6306,1.0746,4.5992
58.6308,1.0674,4.5749
58.6310,0.9414,4.0385
58.6312,0.9234,3.9613
58.6314,0.9008,3.8664
58.6316,0.8915,3.8281
58.6318,0.916,3.9313
58.6320,0.8908,3.8196
58.6322,0.9241,3.9681
58.6324,0.8517,3.6622
58.6326,0.7951,3.4173
58.6328,0.795,3.4216
58.6330,0.7065,3.0365
58.6332,0.8243,3.5414
58.6334,0.842,3.6188
58.6336,0.7851,3.3777
58.6338,0.7219,3.1058
58.6340,0.7272,3.13
58.6342,0.747,3.2121
58.6344,0.8032,3.4539
58.6346,0.8841,3.7908
58.6348,0.951,4.0815
58.6350,0.8663,3.7269
58.6352,0.777,3.3426
58.6354,0.7583,3.2591
58.6356,0.8084,3.4745
58.6358,0.7546,3.2491
58.6360,0.6911,2.9788
58.6362,0.6801,2.9299
58.6364,0.6938,2.9888
58.6366,0.6568,2.8283
58.6368,0.6385,2.7519
58.6370,0.6492,2.794
58.6372,0.7225,3.1127
58.6374,0.6886,2.9624
58.6376,0.7092,3.054
58.6378,0.6085,2.6251
58.6380,0.5525,2.3847
58.6382,0.5813,2.5089
58.6384,0.5188,2.2403
58.6386,0.5079,2.1912
58.6388,0.5193,2.2403
58.6390,0.571,2.4632
58.6392,0.614,2.644
58.6394,0.6426,2.7682
58.6396,0.5833,2.5188
58.6398,0.4972,2.1461
58.6400,0.5062,2.1859
58.6402,0.5106,2.2036
58.6404,0.52,2.2444
58.6406,0.4868,2.1001
58.6408,0.4947,2.1313
58.6410,0.5436,2.3453
58.6412,0.5257,2.2667
58.6414,0.5759,2.4856
58.6416,0.5718,2.4657
58.6418,0.5689,2.4533
58.6420,0.5615,2.4224
58.6422,0.5603,2.4172
58.6424,0.5789,2.4893
58.6426,0.7022,3.0165
58.6428,0.7742,3.3261
58.6430,0.7935,3.4106
58.6432,0.7787,3.3529
58.6434,0.6553,2.8256
58.6436,0.5459,2.3551
58.6438,0.5344,2.3044
58.6440,0.5306,2.2879
58.6442,0.5341,2.3028
58.6444,0.5315,2.2941
58.6446,0.5312,2.2894
58.6448,0.5416,2.3365
58.6450,0.5401,2.3298
58.6452,0.5347,2.3044
58.6454,0.5314,2.2936
58.6456,0.5269,2.2718
58.6458,0.5327,2.2972
58.6460,0.5343,2.3039
58.6462,0.5349,2.3086
58.6464,0.5049,2.1792
58.6466,0.5284,2.2754
58.6468,0.5905,2.5476
58.6470,0.5649,2.4357
58.6472,0.5324,2.2945
58.6474,0.5413,2.3306
58.6476,0.5683,2.4496
58.6478,0.5351,2.3086
58.6480,0.4701,2.0301
58.6482,0.4628,1.9985
58.6484,0.4606,1.9887
58.6486,0.4646,2.0044
58.6488,0.4719,2.0369
58.6490,0.4628,1.9976
58.6492,0.4589,1.9796
58.6494,0.4526,1.9527
58.6496,0.4912,2.1193
58.6498,0.4832,2.0856
58.6500,0.483,2.0816
58.6502,0.5369,2.3131
58.6504,0.5806,2.5011
58.6506,0.6355,2.7314
58.6508,0.6543,2.8149
58.6510,0.6474,2.7889
58.6512,0.6185,2.6619
58.6514,0.6989,3.0026
58.6516,0.7878,3.3811
58.6518,0.8001,3.4357
58.6520,0.8357,3.592
58.6522,0.7675,3.2988
58.6524,0.7259,3.1199
58.6526,0.6926,2.9753
58.6528,0.7456,3.2045
58.6530,0.7576,3.2514
58.6532,0.808,3.4746
58.6534,0.7494,3.2254
58.6536,0.6841,2.9428
58.6538,0.6757,2.9054
58.6540,0.6285,2.7065
58.6542,0.6179,2.6618
58.6544,0.5993,2.5817
58.6546,0.5986,2.5786
58.6548,0.6017,2.5884
58.6550,0.6547,2.8191
58.6552,0.6721,2.8926
58.6554,0.6805,2.926
58.6556,0.6683,2.8793
58.6558,0.607,2.6148
58.6560,0.5932,2.5566
58.6562,0.6183,2.6614
58.6564,0.5922,2.5524
58.6566,0.5065,2.187
58.6568,0.501,2.1592
58.6570,0.5395,2.3261
58.6572,0.5013,2.1597
58.6574,0.5646,2.4302
58.6576,0.6425,2.769
58.6578,0.5608,2.4125
58.6580,0.5686,2.4529
58.6582,0.4723,2.0385
58.6584,0.4636,1.9998
58.6586,0.4626,1.9966
58.6588,0.4677,2.0179
58.6590,0.4677,2.0188
58.6592,0.4689,2.0212
58.6594,0.498,2.1462
58.6596,0.5306,2.2836
58.6598,0.607,2.6136
58.6600,0.5907,2.5445
58.6602,0.5724,2.466
58.6604,0.6036,2.5943
58.6606,0.7122,3.0612
58.6608,0.7457,3.208
58.6610,0.7233,3.1057
58.6612,0.7884,3.3821
58.6614,0.8543,3.6668
58.6616,0.8158,3.5065
58.6618,0.7982,3.4275
58.6620,0.8096,3.4748
58.6622,0.8379,3.5912
58.6624,0.9476,4.0596
58.6626,0.9708,4.1568
58.6628,0.9787,4.1867
58.6630,1.035,4.434
58.6632,1.0379,4.436
58.6634,1.1,4.7124
58.6636,1.0329,4.4289
58.6638,0.989,4.2328
58.6640,1.0429,4.4638
58.6642,1.0223,4.3816
58.6644,0.8925,3.8322
58.6646,0.8167,3.5101
58.6648,0.7655,3.29
58.6650,0.7741,3.3256
58.6652,0.6972,2.9968
58.6654,0.8,3.432
58.6656,0.8645,3.714
58.6658,0.7855,3.3792
58.6660,0.7519,3.2363
58.6662,0.7261,3.1239
58.6664,0.7287,3.1332
58.6666,0.7019,3.0211
58.6668,0.7026,3.0228
58.6670,0.7496,3.2235
58.6672,0.6953,2.9927
58.6674,0.6777,2.9141
58.6676,0.7589,3.2662
58.6678,0.713,3.0686
58.6680,0.7132,3.0696
58.6682,0.6658,2.8657
58.6684,0.692,2.9796
58.6686,0.7121,3.0621
58.6688,0.7561,3.2513
58.6690,0.7287,3.1318
58.6692,0.7814,3.3632
58.6694,0.7282,3.1341
58.6696,0.6922,2.982
58.6698,0.5966,2.568
58.6700,0.647,2.7873
58.6702,0.6652,2.8645
58.6704,0.7114,3.0576
58.6706,0.7026,3.0214
58.6708,0.718,3.0874
58.6710,0.7106,3.0597
58.6712,0.6802,2.9277
58.6714,0.7355,3.1612
58.6716,0.763,3.2792
58.6718,0.753,3.2394
58.6720,0.7384,3.175
58.6722,0.7271,3.1324
58.6724,0.7026,3.02
58.6726,0.7567,3.2524
58.6728,0.7672,3.2972
58.6730,0.841,3.6113
58.6732,0.8789,3.774
58.6734,0.8992,3.8592
58.6736,0.8917,3.8255
58.6738,0.903,3.8775
58.6740,0.8971,3.8523
58.6742,0.8742,3.7539
58.6744,0.8576,3.6841
58.6746,0.8489,3.6521
58.6748,0.6587,2.8379
58.6750,0.6583,2.8358
58.6752,0.6292,2.7133
58.6754,0.5534,2.3838
58.6756,0.6319,2.7209
58.6758,0.6584,2.8376
58.6760,0.5843,2.5229
58.6762,0.5219,2.2516
58.6764,0.5182,2.2346
58.6766,0.5139,2.217
58.6768,0.5227,2.2526
58.6770,0.5325,2.2971
58.6772,0.5141,2.219
58.6774,0.5276,2.2759
58.6776,0.5451,2.3515
58.6778,0.5108,2.2035
58.6780,0.5091,2.1953
58.6782,0.5119,2.2092
58.6784,0.5122,2.2097
58.6786,0.5079,2.1901
58.6788,0.5173,2.2294
58.6790,0.6439,2.7712
58.6792,0.6664,2.8776
58.6794,0.5417,2.337
58.6796,0.5137,2.2159
58.6798,0.5048,2.1777
58.6800,0.5085,2.1947
58.6802,0.5085,2.1927
58.6804,0.5151,2.2211
58.6806,0.5212,2.2485
58.6808,0.5193,2.2403
58.6810,0.5158,2.2242
58.6812,0.5174,2.232
58.6814,0.5217,2.2506
58.6816,0.5175,2.2294
58.6818,0.5162,2.2247
58.6820,0.517,2.2294
58.6822,0.5151,2.2211
58.6824,0.5098,2.1994
58.6826,0.5038,2.1735
58.6828,0.5032,2.1709
58.6830,0.5066,2.1854
58.6832,0.5084,2.1891
58.6834,0.5945,2.5586
58.6836,0.6839,2.9422
58.6838,0.6951,2.9874
58.6840,0.7098,3.0522
58.6842,0.684,2.94
58.6844,0.6807,2.9338
58.6846,0.5954,2.5675
58.6848,0.6123,2.6331
58.6850,0.7259,3.1257
58.6852,0.634,2.7289
58.6854,0.6022,2.588
58.6856,0.6703,2.8821
58.6858,0.7054,3.036
58.6860,0.6237,2.6845
58.6862,0.6304,2.716
58.6864,0.6328,2.7263
58.6866,0.5894,2.5381
58.6868,0.6006,2.5886
58.6870,0.5344,2.3044
58.6872,0.491,2.1172
58.6874,0.4926,2.1239
58.6876,0.4826,2.082
58.6878,0.481,2.0762
58.6880,0.4818,2.0774
58.6882,0.4872,2.1016
58.6884,0.4879,2.1038
58.6886,0.4867,2.0996
58.6888,0.4801,2.0692
58.6890,0.523,2.2521
58.6892,0.5843,2.5136
58.6894,0.6583,2.8398
58.6896,0.5373,2.3135
58.6898,0.6348,2.732
58.6900,0.6192,2.6674
58.6902,0.5998,2.5837
58.6904,0.5987,2.5779
58.6906,0.5953,2.5646
58.6908,0.6028,2.5942
58.6910,0.6466,2.7831
58.6912,0.6397,2.7532
58.6914,0.6286,2.7044
58.6916,0.6814,2.9287
58.6918,0.7673,3.2977
58.6920,0.7005,3.0106
58.6922,0.6842,2.9419
58.6924,0.753,3.2363
58.6926,0.7589,3.2601
58.6928,0.7794,3.3482
58.6930,0.7873,3.3806
58.6932,0.8019,3.445
58.6934,0.8155,3.4967
58.6936,0.8699,3.7336
58.6938,0.8509,3.6472
58.6940,0.8831,3.7884
58.6942,0.9255,3.9631
58.6944,0.9752,4.1776
58.6946,0.9759,4.1788
58.6948,0.9897,4.2398
58.6950,1.0541,4.5072
58.6952,1.1291,4.8349
58.6954,1.022,4.3805
58.6956,0.9325,4.0004
58.6958,0.9173,3.9387
58.6960,0.9653,4.1336
58.6962,1.0548,4.5145
58.6964,1.0363,4.4375
58.6966,1.0643,4.5571
58.6968,1.0488,4.493
58.6970,1.0334,4.4231
58.6972,1.0878,4.66
58.6974,1.0554,4.5213
58.6976,1.0392,4.4498
58.6978,1.0292,4.4072
58.6980,1.0614,4.5427
58.6982,1.1015,4.7168
58.6984,1.0061,4.3101
58.6986,0.9499,4.0806
58.6988,0.9987,4.2763
58.6990,1.0285,4.4041
58.6992,1.0358,4.4417
58.6994,0.9988,4.2808
58.6996,1.0175,4.361
58.6998,1.0075,4.3304
58.7000,0.8843,3.7953
58.7002,0.8836,3.794
58.7004,0.889,3.819
58.7006,0.9167,3.9343
58.7008,0.9458,4.0574
58.7010,0.9929,4.2517
58.7012,1.0224,4.382
58.7014,0.9833,4.2185
58.7016,0.9077,3.8993
58.7018,0.9358,4.0148
58.7020,0.9416,4.0394
58.7022,0.9411,4.0393
58.7024,0.9551,4.0995
58.7026,0.9343,4.0137
58.7028,0.8918,3.8295
58.7030,0.9069,3.9035
58.7032,0.8471,3.6426
58.7034,0.8358,3.5908
58.7036,0.8762,3.7626
58.7038,0.8716,3.746
58.7040,0.821,3.5302
58.7042,0.8447,3.6373
58.7044,0.7424,3.1954
58.7046,0.7421,3.1969
58.7048,0.7155,3.0822
58.7050,0.6959,3.0022
58.7052,0.636,2.7423
58.7054,0.6838,2.9417
58.7056,0.7213,3.1089
58.7058,0.6716,2.8918
58.7060,0.724,3.1189
58.7062,0.7201,3.0995
58.7064,0.7345,3.1629
58.7066,0.7586,3.2636
58.7068,0.8059,3.4636
58.7070,0.8152,3.5071
58.7072,0.8104,3.4832
58.7074,0.8308,3.5774
58.7076,0.7155,3.0793
58.7078,0.7163,3.0829
58.7080,0.7361,3.1725
58.7082,0.7163,3.0829
58.7084,0.7745,3.3301
58.7086,0.7858,3.3791
58.7088,0.8319,3.5721
58.7090,0.9173,3.9387
58.7092,0.9268,3.978
58.7094,0.8856,3.8081
58.7096,0.8015,3.4499
58.7098,0.7544,3.2486
58.7100,0.7741,3.3317
58.7102,0.7962,3.4203
58.7104,0.823,3.539
58.7106,0.7981,3.4349
58.7108,0.7307,3.1463
58.7110,0.7044,3.0333
58.7112,0.708,3.0516
58.7114,0.7103,3.0586
58.7116,0.7662,3.2976
58.7118,0.7703,3.3136
58.7120,0.7685,3.3059
58.7122,0.8414,3.6128
58.7124,0.8876,3.8115
58.7126,0.8206,3.5368
58.7128,0.6334,2.7352
58.7130,0.6328,2.7288
58.7132,0.6134,2.6438
58.7134,0.6198,2.6712
58.7136,0.6695,2.887
58.7138,0.6217,2.6795
58.7140,0.5971,2.576
58.7142,0.5357,2.3143
58.7144,0.4962,2.1444
58.7146,0.5213,2.2511
58.7148,0.5695,2.4558
58.7150,0.6085,2.6214
58.7152,0.6605,2.8456
58.7154,0.7276,3.1358
58.7156,0.4856,2.0968
58.7158,0.4736,2.047
58.7160,0.4722,2.0407
58.7162,0.4689,2.0249
58.7164,0.4665,2.0136
58.7166,0.5233,2.2563
58.7168,0.5872,2.5283
58.7170,0.6996,3.0112
58.7172,0.7233,3.1129
58.7174,0.6763,2.9146
58.7176,0.5894,2.544
58.7178,0.5707,2.4633
58.7180,0.5711,2.4626
58.7182,0.5693,2.4537
58.7184,0.567,2.445
58.7186,0.5682,2.4513
58.7188,0.5682,2.449
58.7190,0.5831,2.5119
58.7192,0.5974,2.5734
58.7194,0.6742,2.9086
58.7196,0.5881,2.536
58.7198,0.5658,2.4398
58.7200,0.5664,2.4435
58.7202,0.592,2.5466
58.7204,0.6794,2.9294
58.7206,0.5794,2.4982
58.7208,0.5794,2.4982
58.7210,0.5795,2.4999
58.7212,0.5724,2.4683
58.7214,0.5686,2.4517
58.7216,0.573,2.4708
58.7218,0.5688,2.4527
58.7220,0.5675,2.4482
58.7222,0.5466,2.3571
58.7224,0.5663,2.4408
58.7226,0.6016,2.5915
58.7228,0.606,2.6106
58.7230,0.6331,2.7261
58.7232,0.6922,2.9792
58.7234,0.7079,3.044
58.7236,0.7056,3.037
58.7238,0.6291,2.709
58.7240,0.6632,2.8543
58.7242,0.6796,2.9291
58.7244,0.6269,2.7005
58.7246,0.6216,2.6802
58.7248,0.6029,2.5948
58.7250,0.6838,2.9417
58.7252,0.6812,2.929
58.7254,0.7194,3.0949
58.7256,0.7091,3.0491
58.7258,0.7571,3.2569
58.7260,0.7513,3.2351
58.7262,0.7156,3.077
58.7264,0.7627,3.2735
58.7266,0.8603,3.6872
58.7268,0.926,3.9744
58.7270,0.8977,3.8494
58.7272,0.9249,3.9661
58.7274,0.9232,3.9589
58.7276,0.9314,4.0013
58.7278,0.9193,3.9438
58.7280,0.9754,4.1845
58.7282,0.9544,4.0888
58.7284,1.0089,4.3179
58.7286,1.0729,4.5963
58.7288,1.0954,4.6819
58.7290,1.2084,5.1646
58.7292,1.1753,5.0326
58.7294,1.1039,4.7293
58.7296,1.0839,4.6392
58.7298,1.0858,4.6517
58.7300,1.1033,4.7201
58.7302,1.1127,4.7668
58.7304,1.0668,4.5658
58.7306,1.086,4.6522
58.7308,1.0714,4.5901
58.7310,1.028,4.4021
58.7312,1.081,4.6247
58.7314,1.1587,4.964
58.7316,1.0821,4.6423
58.7318,0.9638,4.1365
58.7320,0.9652,4.1408
58.7322,0.9705,4.1692
58.7324,0.9255,3.9779
58.7326,0.8745,3.7549
58.7328,0.9125,3.9181
58.7330,0.9116,3.92
58.7332,0.8075,3.4741
58.7334,0.8607,3.6991
58.7336,0.8563,3.6771
58.7338,0.8703,3.7421
58.7340,0.8922,3.8311
58.7342,0.9146,3.9292
58.7344,0.9137,3.9232
58.7346,0.9095,3.9034
58.7348,0.952,4.0823
58.7350,1.0713,4.5896
58.7352,1.0988,4.7182
58.7354,0.9607,4.127
58.7356,0.9038,3.8828
58.7358,0.9278,3.984
58.7360,0.9514,4.0835
58.7362,0.8717,3.7518
58.7364,0.809,3.4819
58.7366,0.8185,3.521
58.7368,0.7998,3.4421
58.7370,0.7975,3.4339
58.7372,0.7806,3.358
58.7374,0.7932,3.4137
58.7376,0.7439,3.2061
58.7378,0.7663,3.2997
58.7380,0.8364,3.595
58.7382,0.89,3.8272
58.7384,0.8863,3.8112
58.7386,0.9232,3.9681
58.7388,0.8999,3.8604
58.7390,0.932,4.0039
58.7392,0.9059,3.8934
58.7394,0.9218,3.9619
58.7396,0.9203,3.9571
58.7398,0.9333,4.0114
58.7400,0.882,3.7979
58.7402,0.7324,3.158
58.7404,0.6712,2.8943
58.7406,0.6723,2.8976
58.7408,0.6446,2.7808
58.7410,0.5946,2.5651
58.7412,0.5966,2.5739
58.7414,0.5748,2.4843
58.7416,0.5227,2.2568
58.7418,0.5694,2.4576
58.7420,0.5659,2.4415
58.7422,0.5993,2.5817
58.7424,0.6433,2.7764
58.7426,0.5587,2.4138
58.7428,0.5386,2.3257
58.7430,0.5339,2.3066
58.7432,0.5324,2.2998
58.7434,0.5358,2.3138
58.7436,0.5361,2.3137
58.7438,0.556,2.4008
58.7440,0.5411,2.3355
58.7442,0.5384,2.3247
58.7444,0.5392,2.3283
58.7446,0.5415,2.3381
58.7448,0.5423,2.3417
58.7450,0.5878,2.5333
58.7452,0.631,2.7211
58.7454,0.6077,2.6239
58.7456,0.5483,2.3643
58.7458,0.5423,2.3417
58.7460,0.5415,2.3381
58.7462,0.5361,2.3159
58.7464,0.5553,2.3965
58.7466,0.5535,2.3877
58.7468,0.5378,2.3199
58.7470,0.5457,2.3519
58.7472,0.6008,2.5872
58.7474,0.6108,2.6349
58.7476,0.5617,2.4245
58.7478,0.5399,2.3314
58.7480,0.5269,2.2749
58.7482,0.5327,2.2992
58.7484,0.5277,2.2775
58.7486,0.5369,2.3141
58.7488,0.5682,2.4513
58.7490,0.5798,2.5003
58.7492,0.6201,2.6728
58.7494,0.6528,2.8094
58.7496,0.7128,3.0694
58.7498,0.7015,3.0181
58.7500,0.7886,3.3894
58.7502,0.8549,3.671
58.7504,0.8158,3.5162
58.7506,0.6462,2.7823
58.7508,0.7173,3.0871
58.7510,0.6772,2.9161
58.7512,0.706,3.04
58.7514,0.7471,3.2126
58.7516,0.8426,3.6163
58.7518,0.8688,3.7342
58.7520,0.7861,3.377
58.7522,0.8126,3.4957
58.7524,0.7078,3.0463
58.7526,0.6995,3.0121
58.7528,0.6494,2.8002
58.7530,0.6385,2.7493
58.7532,0.7071,3.0446
58.7534,0.7219,3.1086
58.7536,0.6891,2.9713
58.7538,0.6193,2.6679
58.7540,0.687,2.957
58.7542,0.6783,2.9207
58.7544,0.6742,2.9059
58.7546,0.6638,2.8622
58.7548,0.6608,2.844
58.7550,0.7019,3.0182
58.7552,0.7316,3.149
58.7554,0.7225,3.1112
58.7556,0.7191,3.0919
58.7558,0.7489,3.2173
58.7560,0.7874,3.3905
58.7562,0.7265,3.1283
58.7564,0.6675,2.8783
58.7566,0.5903,2.5488
58.7568,0.5183,2.2372
58.7570,0.5061,2.1854
58.7572,0.4978,2.1487
58.7574,0.5102,2.1999
58.7576,0.5772,2.4843
58.7578,0.6755,2.9102
58.7580,0.6935,2.9891
58.7582,0.6816,2.9338
58.7584,0.7117,3.0591
58.7586,0.7718,3.3234
58.7588,0.702,3.0243
58.7590,0.6735,2.9014
58.7592,0.6704,2.884
58.7594,0.7145,3.0738
58.7596,0.7159,3.0857
58.7598,0.6541,2.8203
58.7600,0.6065,2.6114
58.7602,0.6824,2.9342
58.7604,0.6743,2.9037
58.7606,0.6182,2.6608
58.7608,0.7396,3.1786
58.7610,0.8468,3.6326
58.7612,0.8966,3.8483
58.7614,0.8856,3.8028
58.7616,0.885,3.7984
58.7618,0.9315,3.9962
58.7620,0.9411,4.0393
58.7622,0.9101,3.8987
58.7624,0.9554,4.0986
58.7626,0.9428,4.0484
58.7628,0.8801,3.7808
58.7630,0.8399,3.6083
58.7632,0.8316,3.5761
58.7634,0.8194,3.5202
58.7636,0.8456,3.6308
58.7638,0.8464,3.6344
58.7640,0.8518,3.6593
58.7642,0.8815,3.787
58.7644,0.8671,3.727
58.7646,0.9037,3.8769
58.7648,0.9529,4.0878
58.7650,0.8972,3.8563
58.7652,0.7739,3.3353
58.7654,0.6628,2.8581
58.7656,0.6428,2.7692
58.7658,0.6438,2.7759
58.7660,0.674,2.9021
58.7662,0.6974,3.0042
58.7664,0.6568,2.827
58.7666,0.6995,3.0093
58.7668,0.8049,3.4547
58.7670,0.8784,3.7736
58.7672,0.8077,3.4697
58.7674,0.7462,3.2159
58.7676,0.667,2.8708
58.7678,0.7577,3.2564
58.7680,0.8339,3.5792
58.7682,0.8661,3.7223
58.7684,0.8203,3.5287
58.7686,0.7533,3.2424
58.7688,0.7468,3.214
58.7690,0.7802,3.3549
58.7692,0.8155,3.5065
58.7694,0.8193,3.5246
58.7696,0.74,3.1881
58.7698,0.6698,2.8814
58.7700,0.7217,3.1047
58.7702,0.8008,3.4452
58.7704,0.7875,3.3911
58.7706,0.7655,3.2899
58.7708,0.8322,3.5753
58.7710,0.8096,3.4893
58.7712,0.7011,3.0174
58.7714,0.7316,3.1461
58.7716,0.7863,3.3812
58.7718,0.8075,3.4692
58.7720,0.8489,3.6486
58.7722,0.7858,3.3886
58.7724,0.7099,3.0584
58.7726,0.7129,3.0699
58.7728,0.7041,3.0275
58.7730,0.7691,3.3116
58.7732,0.6902,2.9704
58.7734,0.6987,3.0029
58.7736,0.7897,3.394
58.7738,0.8511,3.6596
58.7740,0.8097,3.485
58.7742,0.7848,3.3713
58.7744,0.9155,3.9273
58.7746,1.018,4.359
58.7748,1.0503,4.506
58.7750,0.9374,4.0252
58.7752,0.9012,3.8715
58.7754,0.8754,3.7573
58.7756,0.893,3.8347
58.7758,0.8909,3.829
58.7760,0.8605,3.6969
58.7762,0.829,3.5647
58.7764,0.761,3.277
58.7766,0.6524,2.8144
58.7768,0.6181,2.6652
58.7770,0.6506,2.8041
58.7772,0.6438,2.7772
58.7774,0.6408,2.763
58.7776,0.64,2.7599
58.7778,0.6379,2.7493
58.7780,0.6337,2.7299
58.7782,0.6614,2.8479
58.7784,0.7363,3.1677
58.7786,0.7438,3.2041
58.7788,0.6217,2.6845
58.7790,0.5375,2.3199
58.7792,0.6152,2.6528
58.7794,0.6296,2.7124
58.7796,0.6147,2.6545
58.7798,0.5182,2.2377
58.7800,0.4826,2.0849
58.7802,0.4755,2.0553
58.7804,0.4741,2.049
58.7806,0.4771,2.061
58.7808,0.5129,2.2128
58.7810,0.5217,2.2496
58.7812,0.5506,2.3764
58.7814,0.54,2.3276
58.7816,0.57,2.4591
58.7818,0.5779,2.4932
58.7820,0.5723,2.4677
58.7822,0.5808,2.5021
58.7824,0.6846,2.9494
58.7826,0.6476,2.7911
58.7828,0.5765,2.4824
58.7830,0.694,2.9883
58.7832,0.717,3.0817
58.7834,0.7766,3.3394
58.7836,0.7361,3.1696
58.7838,0.7393,3.1776
58.7840,0.7613,3.2826
58.7842,0.587,2.5325
58.7844,0.5646,2.4358
58.7846,0.5665,2.4384
58.7848,0.6334,2.7276
58.7850,0.6008,2.592
58.7852,0.5496,2.3711
58.7854,0.5508,2.3763
58.7856,0.552,2.3815
58.7858,0.5482,2.3649
58.7860,0.5421,2.3385
58.7862,0.5429,2.3422
58.7864,0.5469,2.3581
58.7866,0.5472,2.3608
58.7868,0.5475,2.3651
58.7870,0.5614,2.4218
58.7872,0.5463,2.3555
58.7874,0.5288,2.2822
58.7876,0.5508,2.373
58.7878,0.5981,2.5765
58.7880,0.6308,2.7163
58.7882,0.6041,2.6035
58.7884,0.6117,2.6366
58.7886,0.6327,2.7245
58.7888,0.605,2.6077
58.7890,0.6482,2.7911
58.7892,0.6561,2.8278
58.7894,0.6203,2.6683
58.7896,0.6687,2.8767
58.7898,0.7203,3.0985
58.7900,0.7176,3.0872
58.7902,0.7402,3.1827
58.7904,0.7426,3.1915
58.7906,0.7566,3.2518
58.7908,0.8069,3.4747
58.7910,0.6903,2.9696
58.7912,0.6891,2.9644
58.7914,0.691,2.9727
58.7916,0.6492,2.7966
58.7918,0.6697,2.8809
58.7920,0.782,3.3579
58.7922,0.8249,3.5455
58.7924,0.759,3.2651
58.7926,0.7069,3.0413
58.7928,0.7424,3.1895
58.7930,0.834,3.5814
58.7932,0.859,3.6868
58.7934,0.8629,3.7089
58.7936,0.8439,3.6253
58.7938,0.8645,3.7104
58.7940,0.8686,3.7314
58.7942,0.8033,3.448
58.7944,0.8827,3.7869
58.7946,0.9241,3.957
58.7948,0.9785,4.1959
58.7950,1.0018,4.2977
58.7952,1.0168,4.3538
58.7954,1.031,4.4211
58.7956,0.9878,4.2414
58.7958,0.9462,4.0514
58.7960,0.9876,4.231
58.7962,0.9637,4.1399
58.7964,0.8908,3.8285
58.7966,0.8417,3.616
58.7968,0.8321,3.5748
58.7970,0.8367,3.5977
58.7972,0.7577,3.2595
58.7974,0.7807,3.3523
58.7976,0.8366,3.5955
58.7978,0.7466,3.212
58.7980,0.749,3.2223
58.7982,0.7953,3.4246
58.7984,0.7428,3.1925
58.7986,0.7538,3.2475
58.7988,0.6605,2.8443
58.7990,0.6904,2.9715
58.7992,0.7109,3.0569
58.7994,0.7995,3.4379
58.7996,0.8066,3.4635
58.7998,0.8316,3.5794
58.8000,0.7259,3.1242
58.8002,0.7179,3.0897
58.8004,0.6852,2.9507
58.8006,0.6992,3.0119
58.8008,0.7109,3.0611
58.8010,0.6764,2.9138
58.8012,0.6822,2.9378
58.8014,0.7011,3.0174
58.8016,0.7448,3.2043
58.8018,0.733,3.1576
58.8020,0.6304,2.7198
58.8022,0.5846,2.5187
58.8024,0.6063,2.6158
58.8026,0.5808,2.5056
58.8028,0.5845,2.5193
58.8030,0.5837,2.518
58.8032,0.5748,2.4809
58.8034,0.5818,2.5086
58.8036,0.5803,2.5012
58.8038,0.6242,2.6866
58.8040,0.693,2.9842
58.8042,0.7096,3.054
58.8044,0.6932,2.9847
58.8046,0.6707,2.8909
58.8048,0.6695,2.8844
58.8050,0.6646,2.8645
58.8052,0.6002,2.5858
58.8054,0.6,2.5872
58.8056,0.5926,2.5563
58.8058,0.5663,2.4396
58.8060,0.5298,2.2868
58.8062,0.4812,2.0777
58.8064,0.5328,2.2998
58.8066,0.5296,2.2837
58.8068,0.5254,2.2666
58.8070,0.5207,2.2475
58.8072,0.523,2.2573
58.8074,0.5258,2.2661
58.8076,0.5273,2.2739
58.8078,0.527,2.2723
58.8080,0.5969,2.5725
58.8082,0.6145,2.6473
58.8084,0.6279,2.7064
58.8086,0.5827,2.5139
58.8088,0.5956,2.5657
58.8090,0.6316,2.7199
58.8092,0.6447,2.7761
58.8094,0.6549,2.82
58.8096,0.6532,2.8115
58.8098,0.6647,2.8624
58.8100,0.6863,2.9553
58.8102,0.686,2.951
58.8104,0.685,2.951
58.8106,0.6296,2.7136
58.8108,0.6145,2.6473
58.8110,0.6816,2.9311
58.8112,0.7669,3.2915
58.8114,0.8233,3.5383
58.8116,0.7707,3.3142
58.8118,0.7501,3.2255
58.8120,0.6939,2.9892
58.8122,0.5613,2.4202
58.8124,0.5441,2.3451
58.8126,0.5439,2.3463
58.8128,0.5435,2.3447
58.8130,0.5387,2.324
58.8132,0.5351,2.3075
58.8134,0.5426,2.3395
58.8136,0.5535,2.3866
58.8138,0.5815,2.5041
58.8140,0.6013,2.5892
58.8142,0.6095,2.6256
58.8144,0.6099,2.6301
58.8146,0.5605,2.4137
58.8148,0.623,2.6864
58.8150,0.5602,2.4166
58.8152,0.5362,2.31
58.8154,0.6031,2.597
58.8156,0.6018,2.5913
58.8158,0.6065,2.6127
58.8160,0.6126,2.6415
58.8162,0.5483,2.3643
58.8164,0.6122,2.635
58.8166,0.6617,2.8481
58.8168,0.6675,2.8716
58.8170,0.6278,2.7071
58.8172,0.5565,2.3984
58.8174,0.5617,2.4189
58.8176,0.6018,2.5949
58.8178,0.5647,2.4352
58.8180,0.5798,2.4945
58.8182,0.6536,2.8157
58.8184,0.5795,2.4988
58.8186,0.5776,2.487
58.8188,0.5946,2.558
58.8190,0.6725,2.8932
58.8192,0.6234,2.688
58.8194,0.5668,2.4428
58.8196,0.5766,2.484
58.8198,0.5816,2.5069
58.8200,0.6087,2.6237
58.8202,0.5885,2.5434
58.8204,0.4138,1.7875
58.8206,0.3873,1.6731
58.8208,0.3796,1.6392
58.8210,0.3753,1.6205
58.8212,0.4095,1.7673
58.8214,0.4508,1.9494
58.8216,0.3843,1.6609
58.8218,0.4185,1.8069
58.8220,0.4117,1.7763
58.8222,0.456,1.9662
58.8224,0.5151,2.2211
58.8226,0.5035,2.171
58.8228,0.4954,2.1363
58.8230,0.4846,2.0908
58.8232,0.4977,2.1471
58.8234,0.5044,2.1751
58.8236,0.5103,2.1994
58.8238,0.5008,2.1606
58.8240,0.4795,2.0676
58.8242,0.4906,2.1137
58.8244,0.5388,2.3203
58.8246,0.6043,2.6009
58.8248,0.6277,2.7003
58.8250,0.6896,2.9637
58.8252,0.6904,2.9742
58.8254,0.6192,2.6637
58.8256,0.6671,2.87
58.8258,0.6448,2.7754
58.8260,0.6115,2.627
58.8262,0.7072,3.0352
58.8264,0.7551,3.2486
58.8266,0.7203,3.0971
58.8268,0.7575,3.2529
58.8270,0.7548,3.2426
58.8272,0.8458,3.6251
58.8274,0.9554,4.091
58.8276,0.9555,4.0934
58.8278,0.9024,3.8694
58.8280,0.8738,3.7436
58.8282,0.9247,3.9651
58.8284,0.9309,3.9881
58.8286,0.9541,4.091
58.8288,0.9043,3.8795
58.8290,0.8854,3.7947
58.8292,0.9766,4.1857
58.8294,0.9668,4.1378
58.8296,1.0042,4.3019
58.8298,1.0398,4.4503
58.8300,1.073,4.5925
58.8302,1.0156,4.3487
58.8304,1.0394,4.4509
58.8306,1.0024,4.2962
58.8308,0.9599,4.1124
58.8310,0.99,4.2433
58.8312,0.9747,4.1795
58.8314,1.0163,4.3558
58.8316,0.9346,4.019
58.8318,0.7754,3.3327
58.8320,0.7694,3.3069
58.8322,0.7548,3.2456
58.8324,0.7019,3.0224
58.8326,0.662,2.8518
58.8328,0.6806,2.9251
58.8330,0.7848,3.3698
58.8332,0.7842,3.3703
58.8334,0.8113,3.4836
58.8336,0.8657,3.7104
58.8338,0.9581,4.1123
58.8340,0.8072,3.4741
58.8342,0.7266,3.123
58.8344,0.8219,3.5327
58.8346,0.7825,3.3616
58.8348,0.8069,3.4715
58.8350,0.7858,3.3791
58.8352,0.8254,3.5427
58.8354,0.8055,3.4605
58.8356,0.7987,3.4327
58.8358,0.8257,3.5486
58.8360,0.7746,3.3307
58.8362,0.8165,3.5111
58.8364,0.7792,3.3539
58.8366,0.7211,3.1036
58.8368,0.7073,3.0442
58.8370,0.7162,3.081
58.8372,0.7036,3.024
58.8374,0.749,3.2253
58.8376,0.6814,2.9382
58.8378,0.5969,2.5725
58.8380,0.603,2.5965
58.8382,0.6659,2.8689
58.8384,0.6868,2.956
58.8386,0.6963,2.994
58.8388,0.6802,2.9276
58.8390,0.6603,2.8472
58.8392,0.5987,2.5827
58.8394,0.5968,2.572
58.8396,0.5952,2.5653
58.8398,0.5892,2.5395
58.8400,0.5974,2.5746
58.8402,0.6405,2.7555
58.8404,0.7131,3.0676
58.8406,0.6995,3.0093
58.8408,0.7409,3.1902
58.8410,0.7406,3.1877
58.8412,0.735,3.162
58.8414,0.7286,3.1317
58.8416,0.7334,3.1538
58.8418,0.7024,3.0231
58.8420,0.7175,3.0924
58.8422,0.6394,2.7547
58.8424,0.5758,2.4816
58.8426,0.6042,2.6041
58.8428,0.6364,2.7443
58.8430,0.6309,2.718
58.8432,0.6324,2.7217
58.8434,0.64,2.7535
58.8436,0.6481,2.7893
58.8438,0.6342,2.732
58.8440,0.628,2.7069
58.8442,0.6156,2.6507
58.8444,0.6239,2.6901
58.8446,0.6291,2.7078
58.8448,0.7274,3.128
58.8450,0.6393,2.7555
58.8452,0.549,2.3641
58.8454,0.6197,2.6732
58.8456,0.4947,2.1352
58.8458,0.488,2.1082
58.8460,0.4767,2.0595
58.8462,0.4637,2.0002
58.8464,0.49,2.114
58.8466,0.4822,2.0814
58.8468,0.4747,2.0488
58.8470,0.4715,2.0358
58.8472,0.4679,2.0174
58.8474,0.5285,2.2811
58.8476,0.4609,1.9902
58.8478,0.45,1.944
58.8480,0.4456,1.9248
58.8482,0.4511,1.9468
58.8484,0.4706,2.0302
58.8486,0.5045,2.1756
58.8488,0.5105,2.1994
58.8490,0.5898,2.5397
58.8492,0.6447,2.7761
58.8494,0.6858,2.9491
58.8496,0.7302,3.137
58.8498,0.758,3.2565
58.8500,0.8068,3.4661
58.8502,0.797,3.4271
58.8504,0.7384,3.1735
58.8506,0.7128,3.0651
58.8508,0.6775,2.9185
58.8510,0.6355,2.7377
58.8512,0.6351,2.7348
58.8514,0.6465,2.7813
58.8516,0.6911,2.9718
58.8518,0.7265,3.1225
58.8520,0.7435,3.1927
58.8522,0.7545,3.2461
58.8524,0.6596,2.8388
58.8526,0.6597,2.8394
58.8528,0.6574,2.8296
58.8530,0.7114,3.0575
58.8532,0.7301,3.1452
58.8534,0.5834,2.5147
58.8536,0.5885,2.534
58.8538,0.676,2.9096
58.8540,0.6575,2.8314
58.8542,0.6169,2.6564
58.8544,0.6023,2.5946
58.8546,0.5981,2.5729
58.8548,0.6601,2.8449
58.8550,0.6324,2.7192
58.8552,0.712,3.0615
58.8554,0.7282,3.1311
58.8556,0.7442,3.2017
58.8558,0.6977,3.0016
58.8560,0.6669,2.869
58.8562,0.6409,2.7609
58.8564,0.5978,2.5755
58.8566,0.6201,2.6703
58.8568,0.6234,2.683
58.8570,0.6279,2.7026
58.8572,0.6561,2.8265
58.8574,0.6338,2.7279
58.8576,0.6047,2.6098
58.8578,0.4951,2.1368
58.8580,0.4869,2.0996
58.8582,0.4867,2.0986
58.8584,0.5113,2.2036
58.8586,0.556,2.3952
58.8588,0.606,2.6082
58.8590,0.5986,2.5786
58.8592,0.5767,2.4857
58.8594,0.6241,2.6836
58.8596,0.7051,3.0321
58.8598,0.7193,3.093
58.8600,0.7143,3.0699
58.8602,0.7719,3.3178
58.8604,0.7872,3.3801
58.8606,0.8223,3.5243
58.8608,0.9343,4.0062
58.8610,0.9713,4.1631
58.8612,0.9826,4.2075
58.8614,0.9945,4.2603
58.8616,0.9944,4.2638
58.8618,0.9434,4.0415
58.8620,0.958,4.108
58.8622,0.9715,4.1617
58.8624,0.998,4.2772
58.8626,0.9209,3.9541
58.8628,0.8602,3.7022
58.8630,0.7374,3.1738
58.8632,0.7464,3.2095
58.8634,0.7457,3.2049
58.8636,0.7288,3.1337
58.8638,0.7416,3.1904
58.8640,0.7328,3.1527
58.8642,0.7349,3.16
58.8644,0.7469,3.2101
58.8646,0.7257,3.1203
58.8648,0.7109,3.0597
58.8650,0.6535,2.8125
58.8652,0.6964,2.9973
58.8654,0.6869,2.9551
58.8656,0.7394,3.1811
58.8658,0.7557,3.2482
58.8660,0.7472,3.2176
58.8662,0.694,2.9856
58.8664,0.6803,2.9281
58.8666,0.6971,2.9962
58.8668,0.7957,3.4214
58.8670,0.7971,3.4324
58.8672,0.7119,3.0596
58.8674,0.7575,3.262
58.8676,0.7191,3.0934
58.8678,0.7493,3.2234
58.8680,0.7498,3.2224
58.8682,0.7644,3.2853
58.8684,0.7697,3.3111
58.8686,0.7102,3.0566
58.8688,0.7268,3.1298
58.8690,0.7362,3.1642
58.8692,0.7717,3.3198
58.8694,0.7364,3.1696
58.8696,0.7434,3.1966
58.8698,0.7748,3.3255
58.8700,0.8873,3.8047
58.8702,0.8951,3.8488
58.8704,0.7663,3.3012
58.8706,0.683,2.9395
58.8708,0.6687,2.8781
58.8710,0.6712,2.8876
58.8712,0.7441,3.1997
58.8714,0.7514,3.2327
58.8716,0.6902,2.9718
58.8718,0.6671,2.874
58.8720,0.703,3.0229
58.8722,0.7285,3.137
58.8724,0.6808,2.9316
58.8726,0.6794,2.9254
58.8728,0.6929,2.9795
58.8730,0.7936,3.4079
58.8732,0.8555,3.6752
58.8734,0.8385,3.6038
58.8736,0.8414,3.6128
58.8738,0.8922,3.8293
58.8740,0.8734,3.752
58.8742,0.7135,3.0768
58.8744,0.6643,2.8537
58.8746,0.7719,3.3239
58.8748,0.6432,2.772
58.8750,0.6183,2.665
58.8752,0.6126,2.639
58.8754,0.6432,2.7682
58.8756,0.6887,2.967
58.8758,0.6435,2.7761
58.8760,0.5525,2.3824
58.8762,0.5387,2.324
58.8764,0.5386,2.3225
58.8766,0.5366,2.3147
58.8768,0.5346,2.3054
58.8770,0.5357,2.3122
58.8772,0.5379,2.3204
58.8774,0.5339,2.3023
58.8776,0.5346,2.3022
58.8778,0.6393,2.7504
58.8780,0.6776,2.919
58.8782,0.5601,2.415
58.8784,0.5441,2.3473
58.8786,0.5276,2.2759
58.8788,0.5248,2.2619
58.8790,0.5277,2.2765
58.8792,0.5501,2.3721
58.8794,0.5579,2.4046
58.8796,0.5289,2.2806
58.8798,0.5267,2.2734
58.8800,0.5298,2.2858
58.8802,0.5325,2.2971
58.8804,0.5275,2.2754
58.8806,0.5261,2.2687
58.8808,0.5239,2.2599
58.8810,0.6128,2.6425
58.8812,0.5616,2.4217
58.8814,0.5263,2.2703
58.8816,0.5221,2.249
58.8818,0.5241,2.2599
58.8820,0.5731,2.4702
58.8822,0.6265,2.6952
58.8824,0.6203,2.6733
58.8826,0.5577,2.4002
58.8828,0.6344,2.7279
58.8830,0.6929,2.9809
58.8832,0.6962,2.999
58.8834,0.634,2.734
58.8836,0.5565,2.3973
58.8838,0.6101,2.6245
58.8840,0.6402,2.7578
58.8842,0.5915,2.5469
58.8844,0.6278,2.7008
58.8846,0.6008,2.5908
58.8848,0.5602,2.4155
58.8850,0.5631,2.4268
58.8852,0.5803,2.4977
58.8854,0.6602,2.8414
58.8856,0.6477,2.7865
58.8858,0.644,2.7756
58.8860,0.5804,2.4994
58.8862,0.5866,2.5257
58.8864,0.5309,2.2915
58.8866,0.4531,1.9556
58.8868,0.4812,2.0767
58.8870,0.4945,2.1312
58.8872,0.5158,2.2273
58.8874,0.3953,1.7094
58.8876,0.3722,1.6078
58.8878,0.4042,1.7445
58.8880,0.391,1.6852
58.8882,0.4682,2.019
58.8884,0.5212,2.2464
58.8886,0.5796,2.4946
58.8888,0.6079,2.6164
58.8890,0.6029,2.5972
58.8892,0.6002,2.5858
58.8894,0.6023,2.5922
58.8896,0.6426,2.7656
58.8898,0.6373,2.7441
58.8900,0.6051,2.6046
58.8902,0.6537,2.8123
58.8904,0.7085,3.0494
58.8906,0.6809,2.9239
58.8908,0.7297,3.1393
58.8910,0.6842,2.9446
58.8912,0.6162,2.6557
58.8914,0.5573,2.3998
58.8916,0.5994,2.5798
58.8918,0.6665,2.8648
58.8920,0.7086,3.0471
58.8922,0.6977,2.9988
58.8924,0.7263,3.1214
58.8926,0.762,3.2704
58.8928,0.7815,3.3527
58.8930,0.8242,3.5375
58.8932,0.818,3.5124
58.8934,0.8547,3.6648
58.8936,0.9687,4.146
58.8938,1.073,4.5882
58.8940,1.0399,4.4488
58.8942,1.0562,4.5164
58.8944,1.0969,4.6946
58.8946,1.0547,4.5161
58.8948,0.9549,4.1023
58.8950,0.8079,3.4691
58.8952,0.8632,3.7065
58.8954,0.8526,3.6561
58.8956,0.8806,3.7759
58.8958,0.9253,3.9658
58.8960,0.9469,4.0564
58.8962,0.9526,4.0868
58.8964,0.9342,4.0113
58.8966,0.9237,3.9591
58.8968,0.9508,4.0752
58.8970,0.9519,4.0799
58.8972,0.9659,4.1419
58.8974,0.983,4.211
58.8976,0.9964,4.2646
58.8978,1.045,4.4849
58.8980,0.9444,4.0551
58.8982,0.8745,3.7584
58.8984,0.7575,3.259
58.8986,0.7068,3.0436
58.8988,0.6969,2.9966
58.8990,0.7831,3.3657
58.8992,0.7824,3.3657
58.8994,0.7327,3.1551
58.8996,0.7002,3.0096
58.8998,0.7569,3.2564
58.9000,0.7121,3.0663
58.9002,0.6736,2.9033
58.9004,0.6565,2.8241
58.9006,0.7149,3.0739
58.9008,0.7434,3.1951
58.9010,0.7451,3.2083
58.9012,0.7452,3.2028
58.9014,0.8204,3.526
58.9016,0.7653,3.2894
58.9018,0.7613,3.278
58.9020,0.7084,3.0489
58.9022,0.6912,2.9723
58.9024,0.7307,3.1376
58.9026,0.786,3.3781
58.9028,0.7998,3.4437
58.9030,0.7253,3.1217
58.9032,0.7055,3.0393
58.9034,0.6337,2.7286
58.9036,0.6404,2.7601
58.9038,0.6163,2.6538
58.9040,0.6192,2.6637
58.9042,0.715,3.073
58.9044,0.7374,3.1767
58.9046,0.6442,2.7754
58.9048,0.6837,2.9453
58.9050,0.6854,2.9512
58.9052,0.6639,2.8601
58.9054,0.5924,2.5534
58.9056,0.5833,2.5153
58.9058,0.5852,2.5224
58.9060,0.5929,2.5531
58.9062,0.6168,2.6559
58.9064,0.6729,2.8961
58.9066,0.6966,2.9983
58.9068,0.7087,3.049
58.9070,0.7026,3.0199
58.9072,0.7565,3.2543
58.9074,0.736,3.1617
58.9076,0.8053,3.4594
58.9078,0.7881,3.3952
58.9080,0.6827,2.9398
58.9082,0.6802,2.9263
58.9084,0.7173,3.0885
58.9086,0.6749,2.9049
58.9088,0.6789,2.9206
58.9090,0.724,3.1131
58.9092,0.7012,3.0193
58.9094,0.7,3.0128
58.9096,0.7412,3.1888
58.9098,0.7526,3.2333
58.9100,0.7969,3.425
58.9102,0.8075,3.4676
58.9104,0.8562,3.6766
58.9106,0.8031,3.4534
58.9108,0.7187,3.089
58.9110,0.7578,3.2615
58.9112,0.6935,2.9891
58.9114,0.6694,2.8825
58.9116,0.6842,2.9378
58.9118,0.782,3.3673
58.9120,0.7123,3.0631
58.9122,0.6827,2.9371
58.9124,0.6639,2.8588
58.9126,0.6273,2.7088
58.9128,0.5428,2.3405
58.9130,0.5614,2.4207
58.9132,0.5361,2.3127
58.9134,0.5295,2.2863
58.9136,0.5102,2.202
58.9138,0.5086,2.1942
58.9140,0.5133,2.2134
58.9142,0.7975,3.4323
58.9144,0.6692,2.8868
58.9146,0.5186,2.2392
58.9148,0.4999,2.1575
58.9150,0.4856,2.093
58.9152,0.5574,2.3981
58.9154,0.7041,3.0289
58.9156,0.7027,3.0218
58.9158,0.7278,3.1296
58.9160,0.7975,3.4275
58.9162,0.8333,3.5783
58.9164,0.8085,3.4733
58.9166,0.7463,3.2105
58.9168,0.6863,2.9567
58.9170,0.6078,2.6183
58.9172,0.5956,2.5657
58.9174,0.5932,2.5553
58.9176,0.5947,2.5644
58.9178,0.6079,2.6189
58.9180,0.6069,2.6147
58.9182,0.5944,2.5605
58.9184,0.5904,2.5446
58.9186,0.5867,2.5263
58.9188,0.597,2.5719
58.9190,0.598,2.5748
58.9192,0.6404,2.7601
58.9194,0.5932,2.5565
58.9196,0.6005,2.5868
58.9198,0.6529,2.8113
58.9200,0.6422,2.7627
58.9202,0.642,2.7643
58.9204,0.6292,2.7083
58.9206,0.6349,2.7313
58.9208,0.6813,2.9309
58.9210,0.7011,3.0188
58.9212,0.692,2.9713
58.9214,0.7918,3.4017
58.9216,0.7465,3.2085
58.9218,0.7748,3.3301
58.9220,0.7559,3.2487
58.9222,0.7263,3.1243
58.9224,0.7283,3.1302
58.9226,0.8273,3.5592
58.9228,0.7405,3.1857
58.9230,0.709,3.0472
58.9232,0.7115,3.0595
58.9234,0.7339,3.1573
58.9236,0.6526,2.8115
58.9238,0.6063,2.6134
58.9240,0.5983,2.5775
58.9242,0.6649,2.8602
58.9244,0.674,2.9021
58.9246,0.6709,2.886
58.9248,0.7235,3.1139
58.9250,0.6629,2.8533
58.9252,0.68,2.9252
58.9254,0.7617,3.274
58.9256,0.8492,3.6429
58.9258,0.8463,3.6356
58.9260,0.8306,3.5648
58.9262,0.8916,3.8196
58.9264,0.9428,4.037
58.9266,1.1025,4.7121
58.9268,1.1778,5.0339
58.9270,1.1288,4.8334
58.9272,1.0698,4.585
58.9274,1.0084,4.326
58.9276,0.9565,4.1013
58.9278,0.9526,4.0811
58.9280,0.9797,4.203
58.9282,0.965,4.1359
58.9284,1.0282,4.4047
58.9286,1.0545,4.5261
58.9288,0.9888,4.2382
58.9290,0.9789,4.2014
58.9292,0.9334,4.0026
58.9294,0.9272,3.9796
58.9296,0.8357,3.5919
58.9298,0.8396,3.6101
58.9300,0.8328,3.5762
58.9302,0.8844,3.7976
58.9304,0.9024,3.8749
58.9306,0.9209,3.9523
58.9308,0.9394,4.0302
58.9310,0.8771,3.7715
58.9312,0.8125,3.492
58.9314,0.8587,3.6857
58.9316,0.9782,4.1983
58.9318,0.9434,4.0472
58.9320,0.945,4.052
58.9322,0.9586,4.1163
58.9324,0.9123,3.9212
58.9326,0.8137,3.5004
58.9328,0.7611,3.2744
58.9330,0.7518,3.2357
58.9332,0.7771,3.3477
58.9334,0.7097,3.056
58.9336,0.7145,3.0752
58.9338,0.7302,3.1428
58.9340,0.7849,3.3766
58.9342,0.7733,3.325
58.9344,0.7976,3.4312
58.9346,0.7385,3.1799
58.9348,0.7538,3.2445
58.9350,0.7858,3.3807
58.9352,0.7788,3.3518
58.9354,0.7555,3.2502
58.9356,0.8103,3.4827
58.9358,0.8304,3.5726
58.9360,0.7133,3.0686
58.9362,0.7086,3.0499
58.9364,0.7783,3.342
58.9366,0.8521,3.6693
58.9368,0.6609,2.8498
58.9370,0.6566,2.826
58.9372,0.7396,3.1816
58.9374,0.6735,2.9028
58.9376,0.6382,2.7495
58.9378,0.7077,3.0472
58.9380,0.6866,2.9577
58.9382,0.6547,2.8229
58.9384,0.6069,2.6147
58.9386,0.659,2.8415
58.9388,0.6125,2.6409
58.9390,0.6022,2.5965
58.9392,0.5891,2.5413
58.9394,0.6043,2.607
58.9396,0.6101,2.6294
58.9398,0.6278,2.7084
58.9400,0.587,2.536
58.9402,0.5099,2.2019
58.9404,0.551,2.3702
58.9406,0.6816,2.9338
58.9408,0.7105,3.0624
58.9410,0.6116,2.6398
58.9412,0.5543,2.3935
58.9414,0.5514,2.3778
58.9416,0.5554,2.3948
58.9418,0.5556,2.397
58.9420,0.5507,2.3769
58.9422,0.5474,2.3613
58.9424,0.5512,2.3734
58.9426,0.636,2.7448
58.9428,0.5769,2.4897
58.9430,0.5532,2.3855
58.9432,0.5512,2.3789
58.9434,0.5585,2.4094
58.9436,0.5728,2.4675
58.9438,0.6327,2.7245
58.9440,0.6691,2.8823
58.9442,0.6916,2.978
58.9444,0.6898,2.9717
58.9446,0.6204,2.6763
58.9448,0.5676,2.4487
58.9450,0.5591,2.4109
58.9452,0.5531,2.385
58.9454,0.5472,2.3608
58.9456,0.5519,2.3809
58.9458,0.5488,2.3664
58.9460,0.5501,2.3743
58.9462,0.5483,2.3654
58.9464,0.5538,2.387
58.9466,0.5534,2.386
58.9468,0.5489,2.3691
58.9470,0.5457,2.3475
58.9472,0.6796,2.9237
58.9474,0.729,3.1362
58.9476,0.734,3.1593
58.9478,0.6614,2.8466
58.9480,0.6575,2.8314
58.9482,0.6899,2.968
58.9484,0.7458,3.2069
58.9486,0.7077,3.0444
58.9488,0.6958,2.9947
58.9490,0.7014,3.0133
58.9492,0.7803,3.3507
58.9494,0.8044,3.4558
58.9496,0.7989,3.4353
58.9498,0.7463,3.2105
58.9500,0.7045,3.0338
58.9502,0.6602,2.8375
58.9504,0.7692,3.3028
58.9506,0.84,3.6122
58.9508,0.7939,3.4168
58.9510,0.7181,3.0921
58.9512,0.7325,3.1555
58.9514,0.7215,3.1037
58.9516,0.6974,3
58.9518,0.6789,2.926
58.9520,0.6192,2.6699
58.9522,0.5904,2.5434
58.9524,0.6332,2.7253
58.9526,0.6499,2.7996
58.9528,0.6894,2.9715
58.9530,0.6296,2.7111
58.9532,0.6201,2.674
58.9534,0.5597,2.4112
58.9536,0.57,2.4568
58.9538,0.6275,2.698
58.9540,0.679,2.9252
58.9542,0.6194,2.6697
58.9544,0.6423,2.7645
58.9546,0.6458,2.7847
58.9548,0.5671,2.4466
58.9550,0.5336,2.3007
58.9552,0.5258,2.2692
58.9554,0.5246,2.262
58.9556,0.5712,2.4574
58.9558,0.743,3.1936
58.9560,0.7444,3.2007
58.9562,0.7622,3.2791
58.9564,0.7381,3.1843
58.9566,0.5819,2.5091
58.9568,0.5409,2.3301
58.9570,0.6075,2.6137
58.9572,0.692,2.9768
58.9574,0.6957,2.9928
58.9576,0.6611,2.8469
58.9578,0.6625,2.8552
58.9580,0.6169,2.6551
58.9582,0.6936,2.9882
58.9584,0.6382,2.7495
58.9586,0.6264,2.6921
58.9588,0.7633,3.2822
58.9590,0.7719,3.3131
58.9592,0.7887,3.3883
58.9594,0.7833,3.3699
58.9596,0.7655,3.2899
58.9598,0.7703,3.3106
58.9600,0.798,3.428
58.9602,0.8366,3.5922
58.9604,0.9066,3.8856
58.9606,0.9265,3.9728
58.9608,0.9066,3.8874
58.9610,0.9465,4.0624
58.9612,0.9749,4.1805
58.9614,0.9243,3.9617
58.9616,0.9687,4.1499
58.9618,0.9499,4.0768
58.9620,0.9212,3.9483
58.9622,0.996,4.269
58.9624,0.9963,4.272
58.9626,0.929,3.9836
58.9628,0.953,4.0902
58.9630,0.9206,3.9513
58.9632,0.8862,3.8053
58.9634,0.8279,3.5568
58.9636,0.8432,3.6171
58.9638,0.9231,3.9621
58.9640,0.8975,3.8645
58.9642,0.7418,3.1944
58.9644,0.6792,2.9262
58.9646,0.6599,2.8391
58.9648,0.7609,3.2704
58.9650,0.7986,3.4338
58.9652,0.7688,3.3044
58.9654,0.8151,3.5049
58.9656,0.7882,3.391
58.9658,0.7631,3.2827
58.9660,0.7382,3.1759
58.9662,0.8078,3.4719
58.9664,0.8078,3.4719
58.9666,0.7826,3.3699
58.9668,0.6935,2.9849
58.9670,0.7468,3.2125
58.9672,0.8099,3.4779
58.9674,0.879,3.7709
58.9676,0.9033,3.8808
58.9678,0.8402,3.616
58.9680,0.7679,3.3018
58.9682,0.8382,3.596
58.9684,0.8782,3.7708
58.9686,0.8615,3.6976
58.9688,0.9014,3.8761
58.9690,0.8086,3.4755
58.9692,0.8197,3.5212
58.9694,0.8515,3.6617
58.9696,0.8556,3.6741
58.9698,0.8336,3.581
58.9700,0.8018,3.4509
58.9702,0.7454,3.2098
58.9704,0.7308,3.141
58.9706,0.781,3.3632
58.9708,0.7318,3.1495
58.9710,0.7139,3.0712
58.9712,0.7894,3.3946
58.9714,0.7822,3.3652
58.9716,0.7464,3.2095
58.9718,0.7602,3.2703
58.9720,0.7968,3.4276
58.9722,0.8362,3.5923
58.9724,0.9312,3.9891
58.9726,1.0168,4.362
58.9728,0.9591,4.1165
58.9730,0.8972,3.8599
58.9732,0.7607,3.2754
58.9734,0.6984,3.0088
58.9736,0.7025,3.025
58.9738,0.7556,3.2522
58.9740,0.8158,3.5064
58.9742,0.8279,3.5584
58.9744,0.847,3.637
58.9746,0.884,3.7996
58.9748,0.8207,3.5308
58.9750,0.8001,3.4405
58.9752,0.7579,3.2681
58.9754,0.6909,2.9763
58.9756,0.6873,2.9608
58.9758,0.6857,2.95
58.9760,0.7346,3.1634
58.9762,0.735,3.1635
58.9764,0.7761,3.3374
58.9766,0.7861,3.3864
58.9768,0.7283,3.1375
58.9770,0.6809,2.9334
58.9772,0.6416,2.764
58.9774,0.6848,2.95
58.9776,0.6436,2.7767
58.9778,0.585,2.5237
58.9780,0.5346,2.3075
58.9782,0.4833,2.0889
58.9784,0.4797,2.0734
58.9786,0.4802,2.0755
58.9788,0.479,2.0684
58.9790,0.4746,2.0502
58.9792,0.4755,2.0553
58.9794,0.479,2.0693
58.9796,0.4812,2.0758
58.9798,0.4781,2.0642
58.9800,0.4761,2.0569
58.9802,0.4757,2.0558
58.9804,0.4906,2.1166
58.9806,0.5402,2.3324
58.9808,0.4916,2.1227
58.9810,0.5093,2.1953
58.9812,0.5146,2.2201
58.9814,0.5183,2.232
58.9816,0.6504,2.803
58.9818,0.6067,2.6137
58.9820,0.5934,2.5587
58.9822,0.5855,2.5234
58.9824,0.6315,2.7194
58.9826,0.7042,3.028
58.9828,0.7282,3.134
58.9830,0.7225,3.1083
58.9832,0.749,3.2223
58.9834,0.7333,3.1592
58.9836,0.6434,2.773
58.9838,0.634,2.7327
58.9840,0.6308,2.715
58.9842,0.6691,2.8823
58.9844,0.6498,2.7991
58.9846,0.6466,2.7844
58.9848,0.6825,2.9333
58.9850,0.7037,3.0274
58.9852,0.662,2.8531
58.9854,0.645,2.7798
58.9856,0.6433,2.7712
58.9858,0.6798,2.9233
58.9860,0.6786,2.929
58.9862,0.5294,2.2837
58.9864,0.5364,2.311
58.9866,0.5399,2.3292
58.9868,0.5272,2.2744
58.9870,0.5221,2.2532
58.9872,0.5133,2.2123
58.9874,0.5536,2.3849
58.9876,0.6623,2.852
58.9878,0.647,2.7821
58.9880,0.685,2.951
58.9882,0.6488,2.7937
58.9884,0.656,2.8221
58.9886,0.6794,2.924
58.9888,0.6493,2.7984
58.9890,0.644,2.7743
58.9892,0.6706,2.8823
58.9894,0.7225,3.1127
58.9896,0.6448,2.778
58.9898,0.6061,2.6099
58.9900,0.6019,2.5942
58.9902,0.6224,2.6801
58.9904,0.6321,2.7219
58.9906,0.6392,2.7524
58.9908,0.6721,2.8912
58.9910,0.6894,2.9646
58.9912,0.7182,3.0883
58.9914,0.717,3.0817
58.9916,0.8147,3.4936
58.9918,0.8513,3.6572
58.9920,0.8006,3.4441
58.9922,0.7667,3.2982
58.9924,0.7719,3.3131
58.9926,0.8189,3.5198
58.9928,0.7518,3.2312
58.9930,0.8565,3.6674
58.9932,1.0858,4.643
58.9934,1.1132,4.7711
58.9936,1.0089,4.328
58.9938,0.9192,3.9433
58.9940,0.8828,3.7909
58.9942,0.8568,3.6861
58.9944,0.7713,3.3137
58.9946,0.8141,3.4927
58.9948,0.8806,3.7794
58.9950,0.8342,3.5869
58.9952,0.7846,3.3724
58.9954,0.8117,3.4889
58.9956,0.7861,3.3754
58.9958,0.8007,3.4366
58.9960,0.8676,3.7221
58.9962,0.9373,4.0209
58.9964,0.9414,4.0441
58.9966,0.8854,3.8017
58.9968,0.8908,3.8267
58.9970,0.8749,3.7534
58.9972,0.9429,4.0526
58.9974,0.8285,3.5627
58.9976,0.7826,3.3605
58.9978,0.8442,3.6285
58.9980,0.8452,3.6326
58.9982,0.7814,3.36
58.9984,0.7412,3.1888
58.9986,0.7599,3.2708
58.9988,0.7454,3.2084
58.9990,0.7367,3.1663
58.9992,0.745,3.2018
58.9994,0.7543,3.2465
58.9996,0.7495,3.2304
58.9998,0.6683,2.8779
59.0000,0.7239,3.1155
59.0002,0.7489,3.2263
59.0004,0.7165,3.0811
59.0006,0.7331,3.1567
59.0008,0.6908,2.9744
59.0010,0.6707,2.8895
59.0012,0.6637,2.8564
59.0014,0.7362,3.1657
59.0016,0.748,3.2222
59.0018,0.6573,2.833
59.0020,0.6424,2.7702
59.0022,0.5866,2.5281
59.0024,0.6039,2.603
59.0026,0.624,2.6906
59.0028,0.6179,2.6605
59.0030,0.6874,2.9586
59.0032,0.6843,2.9479
59.0034,0.6813,2.9377
59.0036,0.6108,2.63
59.0038,0.6686,2.8789
59.0040,0.6824,2.941
59.0042,0.6168,2.6571
59.0044,0.5915,2.5516
59.0046,0.5896,2.5434
59.0048,0.5993,2.5829
59.0050,0.5983,2.5787
59.0052,0.6217,2.6783
59.0054,0.6863,2.9581
59.0056,0.6108,2.6337
59.0058,0.5336,2.3018
59.0060,0.5198,2.2402
59.0062,0.576,2.4849
59.0064,0.5599,2.4145
59.0066,0.5574,2.4025
59.0068,0.5834,2.5158
59.0070,0.5776,2.4836
59.0072,0.7186,3.0899
59.0074,0.7375,3.1787
59.0076,0.6023,2.597
59.0078,0.6164,2.6531
59.0080,0.6715,2.8926
59.0082,0.6742,2.9032
59.0084,0.6899,2.9694
59.0086,0.6969,2.998
59.0088,0.6956,2.9909
59.0090,0.7008,3.015
59.0092,0.7023,3.024
59.0094,0.6432,2.7707
59.0096,0.6482,2.7937
59.0098,0.6514,2.8051
59.0100,0.6779,2.9178
59.0102,0.6987,3.0043
59.0104,0.7717,3.3121
59.0106,0.8181,3.5145
59.0108,0.7659,3.2966
59.0110,0.6695,2.8897
59.0112,0.5604,2.4177
59.0114,0.5561,2.4002
59.0116,0.5587,2.4093
59.0118,0.5522,2.382
59.0120,0.5472,2.3608
59.0122,0.5474,2.3591
59.0124,0.5567,2.4005
59.0126,0.5685,2.4512
59.0128,0.5569,2.4016
59.0130,0.5519,2.3809
59.0132,0.5549,2.3928
59.0134,0.6114,2.6289
59.0136,0.6969,2.9952
59.0138,0.6621,2.8563
59.0140,0.5621,2.4215
59.0142,0.5599,2.4134
59.0144,0.5622,2.4221
59.0146,0.6593,2.8365
59.0148,0.6856,2.9522
59.0150,0.6349,2.7338
59.0152,0.6303,2.7167
59.0154,0.5779,2.4863
59.0156,0.6698,2.88
59.0158,0.7231,3.1124
59.0160,0.6995,3.0107
59.0162,0.7412,3.1903
59.0164,0.6652,2.8631
59.0166,0.6691,2.8836
59.0168,0.6469,2.7841
59.0170,0.6628,2.8541
59.0172,0.5884,2.5335
59.0174,0.6043,2.6046
59.0176,0.6289,2.713
59.0178,0.5981,2.5777
59.0180,0.6056,2.6054
59.0182,0.6745,2.9001
59.0184,0.7229,3.1128
59.0186,0.6452,2.7769
59.0188,0.6264,2.6946
59.0190,0.6447,2.7774
59.0192,0.6186,2.6673
59.0194,0.5422,2.338
59.0196,0.485,2.0952
59.0198,0.4075,1.7614
59.0200,0.4004,1.7295
59.0202,0.4583,1.9751
59.0204,0.5508,2.3741
59.0206,0.5277,2.2765
59.0208,0.5011,2.1616
59.0210,0.504,2.1751
59.0212,0.5108,2.2005
59.0214,0.5224,2.2527
59.0216,0.5182,2.2356
59.0218,0.5209,2.247
59.0220,0.5122,2.2067
59.0222,0.5249,2.2614
59.0224,0.58,2.4985
59.0226,0.6498,2.7991
59.0228,0.6435,2.7697
59.0230,0.7068,3.0394
59.0232,0.6779,2.9205
59.0234,0.5834,2.5112
59.0236,0.6662,2.8699
59.0238,0.5874,2.5329
59.0240,0.5222,2.2527
59.0242,0.5315,2.2909
59.0244,0.5574,2.4014
59.0246,0.6056,2.6066
59.0248,0.659,2.835
59.0250,0.6252,2.6907
59.0252,0.6483,2.7864
59.0254,0.7369,3.1658
59.0256,0.7599,3.2678
59.0258,0.7637,3.2776
59.0260,0.8093,3.4737
59.0262,0.7957,3.4166
59.0264,0.8384,3.5949
59.0266,0.9518,4.0775
59.0268,0.9542,4.0858
59.0270,1.0237,4.3795
59.0272,1.0626,4.5457
59.0274,1.0843,4.6364
59.0276,1.1665,4.9858
59.0278,1.1876,5.0855
59.0280,1.0759,4.6048
59.0282,1.1035,4.7184
59.0284,1.0585,4.5346
59.0286,0.9891,4.2372
59.0288,0.9808,4.2037
59.0290,0.99,4.2413
59.0292,1.0098,4.3281
59.0294,0.994,4.2642
59.0296,1.0043,4.3004
59.0298,1.0222,4.3769
59.0300,1.0634,4.5493
59.0302,1.1051,4.7278
59.0304,1.1342,4.8587
59.0306,1.0434,4.4762
59.0308,0.9699,4.1628
59.0310,0.9031,3.8707
59.0312,0.9815,4.2166
59.0314,0.8468,3.641
59.0316,0.8073,3.4698
59.0318,0.8067,3.464
59.0320,0.8427,3.6252
59.0322,0.8249,3.5455
59.0324,0.8195,3.5256
59.0326,0.7878,3.3826
59.0328,0.8486,3.6488
59.0330,0.8065,3.4662
59.0332,0.8373,3.602
59.0334,0.7801,3.3544
59.0336,0.783,3.3667
59.0338,0.8673,3.7257
59.0340,0.9361,4.012
59.0342,0.9415,4.0483
59.0344,0.8393,3.6057
59.0346,0.833,3.5767
59.0348,0.867,3.7247
59.0350,0.8515,3.6651
59.0352,0.7334,3.1611
59.0354,0.6988,3.0104
59.0356,0.7092,3.0511
59.0358,0.8169,3.5094
59.0360,0.8276,3.5585
59.0362,0.7556,3.2552
59.0364,0.7432,3.1985
59.0366,0.7834,3.3688
59.0368,0.831,3.5752
59.0370,0.8021,3.4524
59.0372,0.7653,3.291
59.0374,0.7602,3.2718
59.0376,0.7475,3.2201
59.0378,0.655,2.8245
59.0380,0.6007,2.5891
59.0382,0.5978,2.5779
59.0384,0.6163,2.6562
59.0386,0.6658,2.8683
59.0388,0.6845,2.9503
59.0390,0.6062,2.6153
59.0392,0.5869,2.532
59.0394,0.5911,2.5465
59.0396,0.5947,2.5656
59.0398,0.6011,2.593
59.0400,0.6032,2.6023
59.0402,0.5892,2.5406
59.0404,0.5563,2.4045
59.0406,0.5031,2.1724
59.0408,0.5281,2.277
59.0410,0.5519,2.3787
59.0412,0.5514,2.3789
59.0414,0.5571,2.4021
59.0416,0.5559,2.3969
59.0418,0.5532,2.3866
59.0420,0.549,2.3707
59.0422,0.5525,2.3835
59.0424,0.5567,2.4005
59.0426,0.5615,2.4212
59.0428,0.5676,2.4487
59.0430,0.5674,2.4465
59.0432,0.5432,2.3432
59.0434,0.5113,2.2066
59.0436,0.5418,2.3375
59.0438,0.5454,2.353
59.0440,0.5403,2.3319
59.0442,0.4857,2.0983
59.0444,0.4498,1.942
59.0446,0.4504,1.9455
59.0448,0.4452,1.9224
59.0450,0.4536,1.9586
59.0452,0.4668,2.0165
59.0454,0.4632,2.001
59.0456,0.4584,1.9793
59.0458,0.4558,1.967
59.0460,0.4592,1.9811
59.0462,0.4881,2.1077
59.0464,0.4525,1.9539
59.0466,0.4692,2.0222
59.0468,0.5242,2.2615
59.0470,0.552,2.3848
59.0472,0.4922,2.1253
59.0474,0.4601,1.9847
59.0476,0.4837,2.0866
59.0478,0.5661,2.4386
59.0480,0.6017,2.5932
59.0482,0.5728,2.4675
59.0484,0.5699,2.4563
59.0486,0.5725,2.4665
59.0488,0.5724,2.466
59.0490,0.6292,2.7083
59.0492,0.6688,2.8786
59.0494,0.6852,2.9479
59.0496,0.6695,2.879
59.0498,0.7181,3.0893
59.0500,0.6741,2.9053
59.0502,0.5831,2.5119
59.0504,0.6131,2.6423
59.0506,0.5592,2.4125
59.0508,0.5337,2.3002
59.0510,0.5899,2.5414
59.0512,0.5856,2.524
59.0514,0.5498,2.3683
59.0516,0.5706,2.4559
59.0518,0.6012,2.5863
59.0520,0.6869,2.9551
59.0522,0.6544,2.8193
59.0524,0.539,2.324
59.0526,0.5146,2.2191
59.0528,0.4968,2.144
59.0530,0.492,2.1233
59.0532,0.5182,2.2325
59.0534,0.534,2.3039
59.0536,0.5492,2.3669
59.0538,0.5801,2.5002
59.0540,0.5927,2.5497
59.0542,0.6578,2.8324
59.0544,0.6108,2.6239
59.0546,0.6862,2.9534
59.0548,0.626,2.6931
59.0550,0.6393,2.7542
59.0552,0.6043,2.6022
59.0554,0.6637,2.8511
59.0556,0.7062,3.0396
59.0558,0.6709,2.8847
59.0560,0.6625,2.8539
59.0562,0.6105,2.6327
59.0564,0.594,2.5554
59.0566,0.6105,2.629
59.0568,0.6149,2.6464
59.0570,0.6764,2.9138
59.0572,0.594,2.5601
59.0574,0.5043,2.1766
59.0576,0.4888,2.1079
59.0578,0.5235,2.2552
59.0580,0.5566,2.3956
59.0582,0.5971,2.5748
59.0584,0.5643,2.432
59.0586,0.5705,2.4554
59.0588,0.6528,2.8055
59.0590,0.7117,3.0619
59.0592,0.6868,2.9546
59.0594,0.6932,2.9778
59.0596,0.7693,3.3003
59.0598,0.8081,3.475
59.0600,0.7456,3.2044
59.0602,0.7447,3.2008
59.0604,0.7261,3.1224
59.0606,0.7876,3.3727
59.0608,1.0042,4.2959
59.0610,1.0388,4.4441
59.0612,1.0181,4.3595
59.0614,1.0029,4.2963
59.0616,0.9978,4.2847
59.0618,0.843,3.62
59.0620,0.8127,3.4881
59.0622,0.8686,3.7262
59.0624,0.8915,3.8316
59.0626,0.7836,3.3662
59.0628,0.7416,3.1874
59.0630,0.7635,3.2802
59.0632,0.7602,3.2703
59.0634,0.7972,3.4265
59.0636,0.791,3.3997
59.0638,0.7579,3.256
59.0640,0.8121,3.4904
59.0642,0.8712,3.734
59.0644,0.8851,3.7989
59.0646,0.8176,3.5141
59.0648,0.8061,3.4663
59.0650,0.7724,3.3245
59.0652,0.7832,3.3646
59.0654,0.7939,3.4105
59.0656,0.8241,3.5403
59.0658,0.8103,3.4811
59.0660,0.791,3.3981
59.0662,0.8135,3.495
59.0664,0.8225,3.5336
59.0666,0.79,3.394
59.0668,0.7948,3.4146
59.0670,0.8526,3.6629
59.0672,0.8066,3.4683
59.0674,0.7603,3.2678
59.0676,0.7659,3.2889
59.0678,0.8182,3.5118
59.0680,0.8634,3.7075
59.0682,0.8314,3.575
59.0684,0.8163,3.5019
59.0686,0.9055,3.8864
59.0688,0.8352,3.5865
59.0690,0.865,3.7125
59.0692,0.9291,3.9785
59.0694,0.9893,4.2481
59.0696,0.8776,3.7665
59.0698,0.8738,3.7488
59.0700,0.9432,4.0461
59.0702,0.9795,4.2059
59.0704,0.8993,3.8633
59.0706,0.8385,3.6021
59.0708,0.8018,3.4461
59.0710,0.8213,3.5268
59.0712,0.8303,3.5704
59.0714,0.8071,3.472
59.0716,0.7754,3.342
59.0718,0.6999,3.0108
59.0720,0.743,3.1965
59.0722,0.762,3.278
59.0724,0.796,3.4214
59.0726,0.7607,3.2724
59.0728,0.7219,3.1058
59.0730,0.7779,3.3513
59.0732,0.6941,2.9903
59.0734,0.6866,2.9522
59.0736,0.817,3.5132
59.0738,0.7948,3.421
59.0740,0.7056,3.0413
59.0742,0.638,2.746
59.0744,0.6837,2.9494
59.0746,0.6145,2.6497
59.0748,0.665,2.8634
59.0750,0.6775,2.913
59.0752,0.7183,3.096
59.0754,0.6538,2.818
59.0756,0.6456,2.7785
59.0758,0.6676,2.8761
59.0760,0.6947,2.9901
59.0762,0.7515,3.2287
59.0764,0.7604,3.2744
59.0766,0.7372,3.1757
59.0768,0.7205,3.0996
59.0770,0.7348,3.1654
59.0772,0.6577,2.8319
59.0774,0.6203,2.6758
59.0776,0.5351,2.3085
59.0778,0.5247,2.2646
59.0780,0.5264,2.2729
59.0782,0.5298,2.2868
59.0784,0.5315,2.293
59.0786,0.5298,2.2868
59.0788,0.5271,2.2739
59.0790,0.5282,2.2785
59.0792,0.5309,2.2904
59.0794,0.5314,2.2925
59.0796,0.527,2.2744
59.0798,0.5272,2.2754
59.0800,0.5281,2.2759
59.0802,0.5809,2.5026
59.0804,0.6237,2.6858
59.0806,0.6199,2.6718
59.0808,0.5466,2.3582
59.0810,0.5878,2.5321
59.0812,0.6127,2.642
59.0814,0.5436,2.3463
59.0816,0.5265,2.2713
59.0818,0.5245,2.2614
59.0820,0.5264,2.2708
59.0822,0.5393,2.3245
59.0824,0.6187,2.6629
59.0826,0.6599,2.8404
59.0828,0.6551,2.8237
59.0830,0.6326,2.7253
59.0832,0.5869,2.5308
59.0834,0.5655,2.4326
59.0836,0.692,2.981
59.0838,0.5912,2.5494
59.0840,0.527,2.2712
59.0842,0.5334,2.3013
59.0844,0.5758,2.4804
59.0846,0.6247,2.6949
59.0848,0.5412,2.3338
59.0850,0.5453,2.3514
59.0852,0.5897,2.5451
59.0854,0.5089,2.1953
59.0856,0.4486,1.9369
59.0858,0.4499,1.9426
59.0860,0.4432,1.9127
59.0862,0.4998,2.1539
59.0864,0.531,2.2909
59.0866,0.4941,2.1326
59.0868,0.5071,2.1834
59.0870,0.6237,2.687
59.0872,0.5933,2.5547
59.0874,0.6085,2.6202
59.0876,0.5946,2.5627
59.0878,0.5789,2.4927
59.0880,0.6364,2.738
59.0882,0.69,2.9686
59.0884,0.694,2.9897
59.0886,0.615,2.6469
59.0888,0.6418,2.7638
59.0890,0.6483,2.7877
59.0892,0.7006,3.0111
59.0894,0.7424,3.188
59.0896,0.7433,3.1991
59.0898,0.6795,2.9272
59.0900,0.6453,2.7761
59.0902,0.6646,2.8579
59.0904,0.6946,2.9882
59.0906,0.6844,2.9498
59.0908,0.5688,2.4527
59.0910,0.5453,2.3514
59.0912,0.5441,2.3462
59.0914,0.5716,2.4601
59.0916,0.5884,2.537
59.0918,0.5511,2.3762
59.0920,0.5601,2.4094
59.0922,0.633,2.7218
59.0924,0.7378,3.1694
59.0926,0.7661,3.294
59.0928,0.7242,3.1141
59.0930,0.7739,3.3245
59.0932,0.806,3.4609
59.0934,0.838,3.5967
59.0936,0.8017,3.4376
59.0938,0.8753,3.7532
59.0940,0.9695,4.1496
59.0942,1.0613,4.5379
59.0944,1.0703,4.5807
59.0946,1.0294,4.4098
59.0948,1.0572,4.5247
59.0950,1.0602,4.5418
59.0952,0.9946,4.2668
59.0954,0.939,4.0244
59.0956,0.9207,3.9518
59.0958,0.9539,4.0867
59.0960,1.0427,4.4668
59.0962,1.0489,4.4935
59.0964,1.0255,4.3934
59.0966,1.0258,4.3964
59.0968,1.0669,4.5663
59.0970,1.0379,4.4504
59.0972,0.9167,3.9361
59.0974,0.9097,3.8972
59.0976,1.0718,4.5852
59.0978,1.1185,4.7892
59.0980,1.0698,4.5893
59.0982,0.935,4.0112
59.0984,0.9264,3.9741
59.0986,0.8427,3.6252
59.0988,0.7141,3.0779
59.0990,0.6803,2.9322
59.0992,0.6966,2.9983
59.0994,0.6999,3.0108
59.0996,0.7218,3.1096
59.0998,0.6763,2.9119
59.1000,0.6994,3.0074
59.1002,0.715,3.0744
59.1004,0.7415,3.1928
59.1006,0.7257,3.1203
59.1008,0.8066,3.4635
59.1010,0.8659,3.7253
59.1012,0.8089,3.4797
59.1014,0.8177,3.5163
59.1016,0.7432,3.1985
59.1018,0.7122,3.064
59.1020,0.7854,3.3802
59.1022,0.7727,3.3286
59.1024,0.6902,2.9718
59.1026,0.6826,2.9379
59.1028,0.647,2.7885
59.1030,0.6286,2.7095
59.1032,0.612,2.6376
59.1034,0.6261,2.6961
59.1036,0.6735,2.9014
59.1038,0.6846,2.9494
59.1040,0.6362,2.7395
59.1042,0.6697,2.8809
59.1044,0.749,3.2238
59.1046,0.7044,3.0333
59.1048,0.6874,2.96
59.1050,0.6637,2.8604
59.1052,0.6481,2.7906
59.1054,0.6205,2.6731
59.1056,0.6024,2.5975
59.1058,0.628,2.7094
59.1060,0.614,2.6464
59.1062,0.6227,2.6849
59.1064,0.5561,2.3979
59.1066,0.537,2.3168
59.1068,0.5924,2.551
59.1070,0.7263,3.1258
59.1072,0.6831,2.9427
59.1074,0.6006,2.591
59.1076,0.6016,2.5927
59.1078,0.6295,2.7106
59.1080,0.6506,2.8014
59.1082,0.6839,2.945
59.1084,0.6782,2.9202
59.1086,0.6721,2.8912
59.1088,0.6846,2.9494
59.1090,0.6776,2.919
59.1092,0.6686,2.8776
59.1094,0.6742,2.9018
59.1096,0.6808,2.9329
59.1098,0.6481,2.7906
59.1100,0.6239,2.6863
59.1102,0.6649,2.8616
59.1104,0.729,3.1362
59.1106,0.6858,2.956
59.1108,0.5692,2.4554
59.1110,0.5362,2.3121
59.1112,0.5864,2.5276
59.1114,0.5673,2.4472
59.1116,0.5605,2.4171
59.1118,0.5613,2.4168
59.1120,0.6171,2.6562
59.1122,0.6681,2.8808
59.1124,0.5836,2.5198
59.1126,0.4645,2.0057
59.1128,0.4547,1.9624
59.1130,0.4543,1.9626
59.1132,0.4578,1.9767
59.1134,0.4575,1.9757
59.1136,0.4905,2.1132
59.1138,0.4951,2.1387
59.1140,0.4514,1.9493
59.1142,0.4902,2.1136
59.1144,0.5008,2.1606
59.1146,0.4538,1.9596
59.1148,0.4504,1.9455
59.1150,0.4514,1.9484
59.1152,0.4541,1.957
59.1154,0.5213,2.2438
59.1156,0.6336,2.7256
59.1158,0.7181,3.0893
59.1160,0.7015,3.0195
59.1162,0.6632,2.8557
59.1164,0.659,2.8429
59.1166,0.5104,2.203
59.1168,0.4652,2.0051
59.1170,0.4758,2.0525
59.1172,0.5368,2.3147
59.1174,0.5644,2.4336
59.1176,0.5412,2.3338
59.1178,0.5362,2.3132
59.1180,0.5747,2.4746
59.1182,0.5869,2.5273
59.1184,0.5988,2.5808
59.1186,0.5632,2.4273
59.1188,0.5183,2.2382
59.1190,0.487,2.1011
59.1192,0.492,2.1203
59.1194,0.5119,2.2061
59.1196,0.5331,2.2965
59.1198,0.5387,2.324
59.1200,0.4968,2.14
59.1202,0.5604,2.4132
59.1204,0.5902,2.5401
59.1206,0.5904,2.5446
59.1208,0.5249,2.2646
59.1210,0.4927,2.1244
59.1212,0.4928,2.125
59.1214,0.4924,2.1244
59.1216,0.4995,2.1519
59.1218,0.5999,2.5771
59.1220,0.7179,3.0839
59.1222,0.6759,2.9063
59.1224,0.6933,2.9811
59.1226,0.7017,3.027
59.1228,0.5109,2.203
59.1230,0.4797,2.0715
59.1232,0.4775,2.0597
59.1234,0.4954,2.1314
59.1236,0.6275,2.7031
59.1238,0.5687,2.4522
59.1240,0.4927,2.1244
59.1242,0.4711,2.0314
59.1244,0.4836,2.0832
59.1246,0.5177,2.2325
59.1248,0.5787,2.4905
59.1250,0.5821,2.5066
59.1252,0.5524,2.3775
59.1254,0.5804,2.4959
59.1256,0.6748,2.903
59.1258,0.6868,2.9478
59.1260,0.7797,3.3481
59.1262,0.7492,3.2244
59.1264,0.6345,2.7259
59.1266,0.7031,3.0234
59.1268,0.7096,3.0484
59.1270,0.7705,3.307
59.1272,0.7971,3.418
59.1274,0.835,3.5838
59.1276,0.8095,3.4758
59.1278,0.8029,3.4507
59.1280,0.7966,3.4223
59.1282,0.8015,3.4402
59.1284,0.7932,3.4058
59.1286,0.8192,3.5175
59.1288,0.8301,3.5627
59.1290,0.8157,3.4993
59.1292,0.9073,3.896
59.1294,0.8081,3.475
59.1296,0.7354,3.1562
59.1298,0.8386,3.6009
59.1300,0.8468,3.636
59.1302,0.778,3.3425
59.1304,0.7729,3.3234
59.1306,0.7252,3.111
59.1308,0.8978,3.8463
59.1310,1.0483,4.4868
59.1312,1.0827,4.6319
59.1314,1.0271,4.4
59.1316,1.0122,4.3363
59.1318,1.0472,4.4738
59.1320,1.1208,4.7972
59.1322,1.003,4.3028
59.1324,0.9381,4.0226
59.1326,0.9054,3.8877
59.1328,0.8168,3.5105
59.1330,0.8141,3.4943
59.1332,0.8381,3.5972
59.1334,0.8156,3.5037
59.1336,0.8138,3.4976
59.1338,0.8115,3.4813
59.1340,0.8905,3.8168
59.1342,0.8918,3.8278
59.1344,0.8918,3.8295
59.1346,0.8833,3.7895
59.1348,0.8722,3.7451
59.1350,0.8541,3.6708
59.1352,0.8198,3.5267
59.1354,0.7797,3.3513
59.1356,0.8126,3.4957
59.1358,0.8098,3.4806
59.1360,0.8384,3.5999
59.1362,0.8079,3.4708
59.1364,0.812,3.4866
59.1366,0.8729,3.7447
59.1368,0.9242,3.963
59.1370,0.9205,3.9544
59.1372,0.8525,3.6658
59.1374,0.8155,3.5048
59.1376,0.7338,3.1583
59.1378,0.6994,3.0088
59.1380,0.7554,3.2482
59.1382,0.7698,3.31
59.1384,0.7609,3.2734
59.1386,0.7364,3.1726
59.1388,0.691,2.9768
59.1390,0.7104,3.0534
59.1392,0.7764,3.3353
59.1394,0.7981,3.4317
59.1396,0.7992,3.4332
59.1398,0.7981,3.4365
59.1400,0.6988,3.009
59.1402,0.7508,3.2301
59.1404,0.7619,3.276
59.1406,0.7613,3.2734
59.1408,0.758,3.2656
59.1410,0.6827,2.9412
59.1412,0.6697,2.8849
59.1414,0.6602,2.8428
59.1416,0.6629,2.8546
59.1418,0.6638,2.8596
59.1420,0.6646,2.8632
59.1422,0.6869,2.9565
59.1424,0.6683,2.8819
59.1426,0.6077,2.619
59.1428,0.5969,2.5725
59.1430,0.6078,2.6208
59.1432,0.5728,2.4698
59.1434,0.5789,2.495
59.1436,0.6145,2.6522
59.1438,0.5418,2.3386
59.1440,0.5324,2.2956
59.1442,0.5298,2.2858
59.1444,0.5176,2.233
59.1446,0.5144,2.219
59.1448,0.5146,2.2211
59.1450,0.5179,2.2351
59.1452,0.5361,2.3127
59.1454,0.5219,2.2516
59.1456,0.5129,2.2128
59.1458,0.5127,2.2118
59.1460,0.5724,2.466
59.1462,0.5759,2.4821
59.1464,0.5246,2.2599
59.1466,0.6614,2.8439
59.1468,0.7342,3.1628
59.1470,0.6928,2.9776
59.1472,0.7197,3.0945
59.1474,0.7125,3.065
59.1476,0.6629,2.8546
59.1478,0.6902,2.9704
59.1480,0.7246,3.12
59.1482,0.698,3.0026
59.1484,0.7085,3.0494
59.1486,0.6464,2.7847
59.1488,0.6862,2.9534
59.1490,0.6887,2.967
59.1492,0.6188,2.6671
59.1494,0.6138,2.6417
59.1496,0.6378,2.7411
59.1498,0.7296,3.1373
59.1500,0.7816,3.3626
59.1502,0.7692,3.3044
59.1504,0.7614,3.2755
59.1506,0.6791,2.923
59.1508,0.682,2.9367
59.1510,0.6448,2.778
59.1512,0.6735,2.8974
59.1514,0.6508,2.8051
59.1516,0.5529,2.3895
59.1518,0.464,2.0055
59.1520,0.4645,2.0048
59.1522,0.467,2.0166
59.1524,0.4531,1.9565
59.1526,0.4513,1.9488
59.1528,0.4546,1.9628
59.1530,0.492,2.1213
59.1532,0.5344,2.3022
59.1534,0.5798,2.4945
59.1536,0.6,2.5872
59.1538,0.5635,2.4266
59.1540,0.6183,2.665
59.1542,0.5921,2.5519
59.1544,0.5832,2.5113
59.1546,0.603,2.5965
59.1548,0.583,2.5114
59.1550,0.5998,2.5813
59.1552,0.7218,3.1038
59.1554,0.7508,3.2301
59.1556,0.7093,3.0516
59.1558,0.7337,3.1504
59.1560,0.8298,3.5634
59.1562,0.7878,3.3842
59.1564,0.6685,2.8784
59.1566,0.715,3.0744
59.1568,0.7489,3.2233
59.1570,0.6839,2.9409
59.1572,0.6775,2.9198
59.1574,0.5831,2.5131
59.1576,0.6321,2.7219
59.1578,0.5915,2.5457
59.1580,0.6513,2.8032
59.1582,0.6366,2.7474
59.1584,0.5711,2.4614
59.1586,0.5939,2.5525
59.1588,0.6784,2.9199
59.1590,0.68,2.9239
59.1592,0.6833,2.9397
59.1594,0.637,2.7418
59.1596,0.7141,3.0665
59.1598,0.7825,3.3647
59.1600,0.7549,3.2431
59.1602,0.8402,3.6093
59.1604,0.8304,3.5643
59.1606,0.8843,3.7918
59.1608,0.9062,3.8877
59.1610,0.9168,3.9348
59.1612,0.9071,3.8949
59.1614,0.9009,3.8669
59.1616,0.8705,3.7362
59.1618,0.8754,3.7573
59.1620,0.9096,3.9021
59.1622,0.9255,3.9705
59.1624,0.9006,3.8635
59.1626,0.8898,3.819
59.1628,0.8322,3.577
59.1630,0.8435,3.6204
59.1632,0.8759,3.7628
59.1634,0.7682,3.3003
59.1636,0.845,3.6215
59.1638,0.9567,4.0985
59.1640,0.9368,4.0207
59.1642,0.8194,3.5284
59.1644,0.6862,2.952
59.1646,0.7069,3.0441
59.1648,0.7109,3.0611
59.1650,0.7074,3.0419
59.1652,0.7294,3.1377
59.1654,0.7249,3.1172
59.1656,0.7264,3.1248
59.1658,0.7643,3.2878
59.1660,0.7679,3.3049
59.1662,0.7231,3.1095
59.1664,0.7336,3.1529
59.1666,0.7209,3.1054
59.1668,0.6881,2.9562
59.1670,0.7396,3.1845
59.1672,0.6885,2.9646
59.1674,0.6945,2.989
59.1676,0.7179,3.0868
59.1678,0.7568,3.2543
59.1680,0.7969,3.4281
59.1682,0.7562,3.2548
59.1684,0.7728,3.3183
59.1686,0.8535,3.658
59.1688,0.8759,3.7611
59.1690,0.8284,3.5622
59.1692,0.8115,3.4895
59.1694,0.8483,3.641
59.1696,0.8989,3.8635
59.1698,0.8307,3.5719
59.1700,0.7981,3.4317
59.1702,0.7631,3.2812
59.1704,0.7578,3.2585
59.1706,0.7551,3.2517
59.1708,0.7109,3.064
59.1710,0.6716,2.8905
59.1712,0.6832,2.9419
59.1714,0.6827,2.9398
59.1716,0.6836,2.938
59.1718,0.7506,3.229
59.1720,0.7334,3.1567
59.1722,0.7459,3.2104
59.1724,0.7312,3.1484
59.1726,0.65,2.8028
59.1728,0.6017,2.5944
59.1730,0.6321,2.7219
59.1732,0.6367,2.7454
59.1734,0.5218,2.2522
59.1736,0.5084,2.1942
59.1738,0.5056,2.1833
59.1740,0.5248,2.2651
59.1742,0.5555,2.3965
59.1744,0.5535,2.3877
59.1746,0.5469,2.3581
59.1748,0.5581,2.4067
59.1750,0.5824,2.5077
59.1752,0.6397,2.7519
59.1754,0.6976,3.0066
59.1756,0.6282,2.7024
59.1758,0.683,2.9463
59.1760,0.5734,2.4781
59.1762,0.4577,1.9762
59.1764,0.4434,1.9146
59.1766,0.448,1.9343
59.1768,0.49,2.114
59.1770,0.5338,2.3018
59.1772,0.5545,2.3923
59.1774,0.5721,2.4678
59.1776,0.5653,2.4366
59.1778,0.5639,2.4304
59.1780,0.5706,2.4594
59.1782,0.5526,2.3829
59.1784,0.5652,2.4361
59.1786,0.5649,2.4346
59.1788,0.493,2.128
59.1790,0.4469,1.9305
59.1792,0.4456,1.9257
59.1794,0.446,1.9242
59.1796,0.4525,1.953
59.1798,0.4475,1.9313
59.1800,0.4791,2.067
59.1802,0.4971,2.1446
59.1804,0.4523,1.9511
59.1806,0.4492,1.9403
59.1808,0.4458,1.925
59.1810,0.4445,1.9175
59.1812,0.4452,1.9224
59.1814,0.4474,1.9317
59.1816,0.4559,1.9657
59.1818,0.4775,2.0588
59.1820,0.5193,2.2382
59.1822,0.5627,2.4241
59.1824,0.583,2.5126
59.1826,0.5602,2.4144
59.1828,0.5697,2.4564
59.1830,0.5432,2.341
59.1832,0.5079,2.1891
59.1834,0.5141,2.219
59.1836,0.4579,1.9782
59.1838,0.4493,1.9391
59.1840,0.4421,1.9071
59.1842,0.4466,1.9277
59.1844,0.4434,1.9137
59.1846,0.4727,2.04
59.1848,0.4366,1.8842
59.1850,0.4402,1.898
59.1852,0.5171,2.2299
59.1854,0.5102,2.1999
59.1856,0.5019,2.1632
59.1858,0.5474,2.3536
59.1860,0.6415,2.7622
59.1862,0.6131,2.6423
59.1864,0.5789,2.4939
59.1866,0.5934,2.5528
59.1868,0.638,2.7447
59.1870,0.6856,2.9495
59.1872,0.6938,2.9804
59.1874,0.7133,3.0643
59.1876,0.7146,3.07
59.1878,0.7749,3.3291
59.1880,0.7916,3.3991
59.1882,0.7614,3.2679
59.1884,0.7539,3.239
59.1886,0.7326,3.1487
59.1888,0.7243,3.1175
59.1890,0.602,2.5923
59.1892,0.5422,2.338
59.1894,0.5507,2.3747
59.1896,0.5572,2.3992
59.1898,0.5843,2.5124
59.1900,0.6307,2.7132
59.1902,0.6085,2.6214
59.1904,0.574,2.4715
59.1906,0.6007,2.5879
59.1908,0.5528,2.3779
59.1910,0.5921,2.5495
59.1912,0.5649,2.4334
59.1914,0.5607,2.4142
59.1916,0.5791,2.4891
59.1918,0.7414,3.1849
59.1920,0.7616,3.2704
59.1922,0.7803,3.3492
59.1924,0.786,3.3781
59.1926,0.7433,3.1976
59.1928,0.7363,3.1573
59.1930,0.8721,3.7394
59.1932,0.9043,3.8777
59.1934,0.9276,3.9793
59.1936,0.9141,3.918
59.1938,0.9079,3.8913
59.1940,0.89,3.8165
59.1942,0.9013,3.8702
59.1944,0.8686,3.7227
59.1946,0.9209,3.9505
59.1948,0.9051,3.8813
59.1950,0.9266,3.977
59.1952,0.8044,3.451
59.1954,0.7954,3.4172
59.1956,0.7669,3.2946
59.1958,0.8201,3.5249
59.1960,0.8203,3.5222
59.1962,0.8247,3.5396
59.1964,0.8645,3.707
59.1966,0.8836,3.7887
59.1968,0.8703,3.7316
59.1970,0.8924,3.8303
59.1972,0.8695,3.732
59.1974,0.8573,3.6847
59.1976,0.7975,3.4243
59.1978,0.8247,3.5412
59.1980,0.8783,3.7679
59.1982,0.9085,3.9011
59.1984,0.8185,3.5144
59.1986,0.8061,3.4679
59.1988,0.7745,3.327
59.1990,0.8484,3.6449
59.1992,0.8444,3.6257
59.1994,0.8674,3.7262
59.1996,0.8239,3.536
59.1998,0.844,3.6241
59.2000,0.844,3.6258
59.2002,0.8306,3.5714
59.2004,0.7627,3.2811
59.2006,0.7665,3.2961
59.2008,0.8098,3.4741
59.2010,0.835,3.5905
59.2012,0.7767,3.3384
59.2014,0.8159,3.5036
59.2016,0.7649,3.292
59.2018,0.6896,2.9679
59.2020,0.7157,3.0789
59.2022,0.7557,3.2512
59.2024,0.734,3.1593
59.2026,0.7728,3.3198
59.2028,0.7753,3.3353
59.2030,0.6723,2.8936
59.2032,0.6651,2.8639
59.2034,0.6668,2.8725
59.2036,0.6671,2.8714
59.2038,0.6982,3.0008
59.2040,0.7857,3.3786
59.2042,0.7598,3.2672
59.2044,0.7393,3.1776
59.2046,0.7454,3.2009
59.2048,0.8135,3.4998
59.2050,0.7445,3.2042
59.2052,0.7447,3.2008
59.2054,0.7681,3.3043
59.2056,0.7483,3.2207
59.2058,0.7477,3.2122
59.2060,0.7983,3.4232
59.2062,0.8711,3.7422
59.2064,0.8446,3.6318
59.2066,0.7834,3.3719
59.2068,0.7235,3.111
59.2070,0.7492,3.2199
59.2072,0.7816,3.3579
59.2074,0.8284,3.5588
59.2076,0.8685,3.7257
59.2078,0.8709,3.7394
59.2080,0.8373,3.5953
59.2082,0.8216,3.5311
59.2084,0.839,3.6092
59.2086,0.7391,3.1795
59.2088,0.6987,3.0085
59.2090,0.6492,2.7966
59.2092,0.7085,3.0466
59.2094,0.7466,3.2135
59.2096,0.7007,3.0187
59.2098,0.6573,2.8304
59.2100,0.6602,2.8441
59.2102,0.6575,2.8327
59.2104,0.6657,2.8652
59.2106,0.6723,2.8962
59.2108,0.6691,2.8769
59.2110,0.7555,3.2502
59.2112,0.7601,3.2713
59.2114,0.7199,3.097
59.2116,0.7085,3.0494
59.2118,0.6922,2.9792
59.2120,0.6739,2.9083
59.2122,0.5551,2.3916
59.2124,0.6079,2.6189
59.2126,0.6372,2.7436
59.2128,0.6843,2.9465
59.2130,0.6436,2.7741
59.2132,0.6318,2.7217
59.2134,0.6302,2.7175
59.2136,0.6291,2.709
59.2138,0.6259,2.6951
59.2140,0.6302,2.7149
59.2142,0.6351,2.7361
59.2144,0.6327,2.7258
59.2146,0.6282,2.7062
59.2148,0.6671,2.8727
59.2150,0.7253,3.1202
59.2152,0.7568,3.2528
59.2154,0.8051,3.4589
59.2156,0.7596,3.2601
59.2158,0.8398,3.6111
59.2160,0.7613,3.2734
59.2162,0.717,3.0875
59.2164,0.647,2.7885
59.2166,0.6342,2.732
59.2168,0.6814,2.9301
59.2170,0.7259,3.1228
59.2172,0.7378,3.1738
59.2174,0.7356,3.1616
59.2176,0.7223,3.1116
59.2178,0.6442,2.7779
59.2180,0.6239,2.6863
59.2182,0.6764,2.9111
59.2184,0.7175,3.0881
59.2186,0.6815,2.9319
59.2188,0.6759,2.9104
59.2190,0.6854,2.9498
59.2192,0.6944,2.9899
59.2194,0.6694,2.8825
59.2196,0.6795,2.9232
59.2198,0.7127,3.066
59.2200,0.7567,3.2569
59.2202,0.7075,3.0453
59.2204,0.6505,2.8035
59.2206,0.5894,2.5405
59.2208,0.5852,2.5224
59.2210,0.5915,2.5505
59.2212,0.6038,2.6013
59.2214,0.6101,2.6269
59.2216,0.6271,2.7015
59.2218,0.5483,2.3676
59.2220,0.4898,2.114
59.2222,0.4864,2.0985
59.2224,0.4824,2.0819
59.2226,0.4806,2.0732
59.2228,0.4814,2.0787
59.2230,0.4846,2.0927
59.2232,0.4935,2.129
59.2234,0.4935,2.129
59.2236,0.5168,2.2294
59.2238,0.5572,2.3981
59.2240,0.6047,2.6037
59.2242,0.5948,2.5649
59.2244,0.6356,2.7356
59.2246,0.7128,3.0637
59.2248,0.7404,3.1867
59.2250,0.6681,2.8768
59.2252,0.6622,2.8489
59.2254,0.6441,2.771
59.2256,0.6776,2.9149
59.2258,0.7712,3.307
59.2260,0.8539,3.6634
59.2262,0.8862,3.8036
59.2264,0.8745,3.7584
59.2266,0.8155,3.5032
59.2268,0.859,3.6833
59.2270,0.9146,3.9255
59.2272,0.8754,3.7538
59.2274,0.9228,3.9513
59.2276,0.9683,4.1561
59.2278,0.9309,3.9955
59.2280,0.9693,4.1486
59.2282,1.0637,4.5503
59.2284,1.0494,4.4914
59.2286,1.0326,4.4278
59.2288,0.9535,4.0846
59.2290,1.0503,4.4976
59.2292,1.0655,4.5665
59.2294,0.9752,4.1874
59.2296,0.9193,3.9456
59.2298,0.9533,4.0841
59.2300,1.0158,4.3518
59.2302,0.9822,4.2177
59.2304,0.8556,3.6809
59.2306,0.7614,3.2755
59.2308,0.779,3.3513
59.2310,0.7599,3.2738
59.2312,0.6858,2.9532
59.2314,0.63,2.7152
59.2316,0.6318,2.7217
59.2318,0.6514,2.8051
59.2320,0.6911,2.976
59.2322,0.7325,3.1512
59.2324,0.733,3.1547
59.2326,0.6531,2.8162
59.2328,0.6379,2.7505
59.2330,0.6569,2.8314
59.2332,0.592,2.5525
59.2334,0.5764,2.4865
59.2336,0.5812,2.5048
59.2338,0.5906,2.5457
59.2340,0.6759,2.909
59.2342,0.7015,3.0209
59.2344,0.6398,2.7588
59.2346,0.6225,2.6831
59.2348,0.6173,2.6629
59.2350,0.5306,2.2889
59.2352,0.5653,2.4332
59.2354,0.6722,2.8957
59.2356,0.6446,2.7743
59.2358,0.6673,2.8772
59.2360,0.5963,2.5711
59.2362,0.6067,2.6113
59.2364,0.7035,3.0263
59.2366,0.6752,2.91
59.2368,0.6517,2.8074
59.2370,0.6412,2.7625
59.2372,0.6538,2.8167
59.2374,0.5983,2.5811
59.2376,0.5495,2.3717
59.2378,0.5117,2.2077
59.2380,0.501,2.1631
59.2382,0.5093,2.1983
59.2384,0.4946,2.1357
59.2386,0.4944,2.1336
59.2388,0.5048,2.1777
59.2390,0.5378,2.3167
59.2392,0.6518,2.8092
59.2394,0.606,2.6154
59.2396,0.4528,1.9568
59.2398,0.4048,1.7495
59.2400,0.4052,1.7486
59.2402,0.4562,1.9691
59.2404,0.5028,2.1669
59.2406,0.532,2.2972
59.2408,0.4434,1.9146
59.2410,0.4333,1.8702
59.2412,0.4441,1.9168
59.2414,0.4379,1.8899
59.2416,0.4584,1.9802
59.2418,0.421,1.8169
59.2420,0.4385,1.8916
59.2422,0.4558,1.9679
59.2424,0.4345,1.878
59.2426,0.4361,1.883
59.2428,0.4213,1.8193
59.2430,0.4267,1.8435
59.2432,0.4316,1.8647
59.2434,0.4206,1.8162
59.2436,0.4176,1.8016
59.2438,0.418,1.8032
59.2440,0.4284,1.849
59.2442,0.4333,1.8694
59.2444,0.42,1.8128
59.2446,0.4169,1.8002
59.2448,0.4169,1.8002
59.2450,0.4259,1.8382
59.2452,0.4314,1.8628
59.2454,0.4185,1.8069
59.2456,0.4141,1.7866
59.2458,0.4664,2.0112
59.2460,0.5362,2.3078
59.2462,0.5778,2.4881
59.2464,0.574,2.4715
59.2466,0.6239,2.6851
59.2468,0.606,2.6106
59.2470,0.6132,2.6404
59.2472,0.5872,2.5283
59.2474,0.5791,2.4926
59.2476,0.6187,2.6629
59.2478,0.5804,2.5029
59.2480,0.6023,2.5922
59.2482,0.6637,2.8537
59.2484,0.6855,2.9462
59.2486,0.727,3.1289
59.2488,0.6626,2.8518
59.2490,0.6549,2.8135
59.2492,0.6786,2.9209
59.2494,0.614,2.6452
59.2496,0.547,2.3608
59.2498,0.4558,1.967
59.2500,0.4566,1.9697
59.2502,0.4569,1.9685
59.2504,0.5111,2.2061
59.2506,0.4486,1.936
59.2508,0.4219,1.8194
59.2510,0.462,1.9921
59.2512,0.501,2.1611
59.2514,0.4735,2.0417
59.2516,0.4881,2.1019
59.2518,0.5403,2.3265
59.2520,0.5894,2.5358
59.2522,0.6105,2.6253
59.2524,0.6514,2.8025
59.2526,0.634,2.7289
59.2528,0.6466,2.7805
59.2530,0.6682,2.8787
59.2532,0.6039,2.6006
59.2534,0.5936,2.5526
59.2536,0.6501,2.7942
59.2538,0.6671,2.8687
59.2540,0.6798,2.9247
59.2542,0.6557,2.8197
59.2544,0.6615,2.8498
59.2546,0.602,2.5923
59.2548,0.6033,2.5932
59.2550,0.6513,2.8006
59.2552,0.6423,2.7633
59.2554,0.6187,2.6604
59.2556,0.6266,2.6994
59.2558,0.5017,2.1632
59.2560,0.499,2.1518
59.2562,0.4909,2.1167
59.2564,0.4868,2.0981
59.2566,0.5569,2.3971
59.2568,0.6493,2.7958
59.2570,0.5975,2.5668
59.2572,0.6945,2.9876
59.2574,0.627,2.6972
59.2576,0.6404,2.7563
59.2578,0.6342,2.7307
59.2580,0.6481,2.7841
59.2582,0.6721,2.8898
59.2584,0.6634,2.8527
59.2586,0.6721,2.8885
59.2588,0.7266,3.1201
59.2590,0.7887,3.3883
59.2592,0.6977,3.003
59.2594,0.6803,2.9213
59.2596,0.8429,3.6161
59.2598,0.8861,3.7977
59.2600,0.9162,3.9286
59.2602,0.8509,3.6472
59.2604,0.8495,3.6393
59.2606,0.929,3.9799
59.2608,0.8813,3.7878
59.2610,0.8157,3.5026
59.2612,0.8351,3.5827
59.2614,0.8541,3.6691
59.2616,0.8225,3.527
59.2618,0.8224,3.5314
59.2620,0.8114,3.4808
59.2622,0.8526,3.6578
59.2624,0.8663,3.7181
59.2626,0.8971,3.8468
59.2628,0.8762,3.7556
59.2630,0.8916,3.8267
59.2632,0.8391,3.6047
59.2634,0.8126,3.4892
59.2636,0.8137,3.4939
59.2638,0.7571,3.2478
59.2640,0.8134,3.4961
59.2642,0.7812,3.3543
59.2644,0.7806,3.3533
59.2646,0.7939,3.4105
59.2648,0.8144,3.5002
59.2650,0.7988,3.4316
59.2652,0.7758,3.3296
59.2654,0.8086,3.4755
59.2656,0.7873,3.3837
59.2658,0.8337,3.5798
59.2660,0.7777,3.3394
59.2662,0.7971,3.4228
59.2664,0.8441,3.6229
59.2666,0.8653,3.7106
59.2668,0.8622,3.7006
59.2670,0.8531,3.6632
59.2672,0.8687,3.7302
59.2674,0.8674,3.7228
59.2676,0.833,3.5784
59.2678,0.8133,3.4956
59.2680,0.765,3.2863
59.2682,0.808,3.4697
59.2684,0.8289,3.5609
59.2686,0.844,3.6241
59.2688,0.8115,3.4846
59.2690,0.8309,3.568
59.2692,0.8176,3.5125
59.2694,0.7855,3.3713
59.2696,0.8762,3.7556
59.2698,0.9608,4.1217
59.2700,0.9553,4.0981
59.2702,0.9354,4.0164
59.2704,0.9126,3.9131
59.2706,0.9677,4.1516
59.2708,0.8741,3.7656
59.2710,0.6898,2.9703
59.2712,0.6755,2.9088
59.2714,0.6733,2.899
59.2716,0.6821,2.9386
59.2718,0.6156,2.6482
59.2720,0.7272,3.1285
59.2722,0.7072,3.0451
59.2724,0.6279,2.7026
59.2726,0.637,2.7406
59.2728,0.6809,2.9334
59.2730,0.6384,2.7488
59.2732,0.6313,2.7183
59.2734,0.6254,2.6943
59.2736,0.6331,2.7273
59.2738,0.6505,2.7996
59.2740,0.6505,2.8009
59.2742,0.6369,2.7451
59.2744,0.5927,2.5521
59.2746,0.6339,2.7335
59.2748,0.5649,2.4357
59.2750,0.5685,2.4489
59.2752,0.6451,2.7764
59.2754,0.7087,3.0533
59.2756,0.605,2.6077
59.2758,0.5562,2.3996
59.2760,0.5439,2.3452
59.2762,0.592,2.549
59.2764,0.6409,2.7571
59.2766,0.6656,2.8647
59.2768,0.6631,2.8604
59.2770,0.5486,2.3665
59.2772,0.5385,2.3198
59.2774,0.5697,2.4541
59.2776,0.577,2.4879
59.2778,0.5573,2.4031
59.2780,0.5518,2.3804
59.2782,0.5466,2.3571
59.2784,0.5469,2.3581
59.2786,0.6278,2.7021
59.2788,0.6988,3.0132
59.2790,0.5711,2.4626
59.2792,0.5368,2.3147
59.2794,0.533,2.2992
59.2796,0.5233,2.2563
59.2798,0.5246,2.262
59.2800,0.5198,2.2454
59.2802,0.5231,2.2579
59.2804,0.5206,2.2439
59.2806,0.527,2.2723
59.2808,0.5367,2.3142
59.2810,0.5282,2.2754
59.2812,0.5813,2.5019
59.2814,0.6348,2.7308
59.2816,0.6685,2.8784
59.2818,0.683,2.9367
59.2820,0.7308,3.141
59.2822,0.7288,3.1352
59.2824,0.6788,2.9269
59.2826,0.5593,2.4119
59.2828,0.5471,2.357
59.2830,0.5554,2.3959
59.2832,0.5153,2.2232
59.2834,0.5048,2.1756
59.2836,0.5688,2.4516
59.2838,0.5789,2.4939
59.2840,0.6098,2.6259
59.2842,0.6625,2.8526
59.2844,0.5906,2.5468
59.2846,0.5471,2.3548
59.2848,0.6343,2.73
59.2850,0.5856,2.5263
59.2852,0.5387,2.3197
59.2854,0.6404,2.7601
59.2856,0.549,2.3674
59.2858,0.5219,2.2475
59.2860,0.5549,2.3905
59.2862,0.5813,2.5019
59.2864,0.6267,2.6937
59.2866,0.705,3.0344
59.2868,0.6725,2.8932
59.2870,0.7042,3.0266
59.2872,0.7272,3.1226
59.2874,0.7944,3.411
59.2876,0.8091,3.4791
59.2878,0.6834,2.9388
59.2880,0.6959,2.9938
59.2882,0.6512,2.8053
59.2884,0.5838,2.5127
59.2886,0.6506,2.7988
59.2888,0.68,2.9239
59.2890,0.7037,3.0259
59.2892,0.6909,2.9763
59.2894,0.5687,2.4511
59.2896,0.5628,2.4246
59.2898,0.5752,2.4744
59.2900,0.5947,2.562
59.2902,0.5764,2.4796
59.2904,0.6638,2.8582
59.2906,0.6259,2.6976
59.2908,0.5571,2.3987
59.2910,0.594,2.5554
59.2912,0.6048,2.603
59.2914,0.6695,2.8803
59.2916,0.7313,3.1416
59.2918,0.8163,3.5052
59.2920,0.7758,3.3374
59.2922,0.7298,3.1383
59.2924,0.7663,3.2935
59.2926,0.7831,3.3579
59.2928,0.8858,3.7967
59.2930,0.8577,3.6845
59.2932,0.8524,3.6602
59.2934,0.8509,3.654
59.2936,0.8439,3.6219
59.2938,0.8536,3.6602
59.2940,0.8902,3.8206
59.2942,0.8363,3.5945
59.2944,0.7802,3.3518
59.2946,0.7932,3.4058
59.2948,0.8165,3.5078
59.2950,0.874,3.7476
59.2952,0.9591,4.105
59.2954,0.9985,4.2758
59.2956,1.0192,4.3661
59.2958,1.0465,4.477
59.2960,1.0433,4.4673
59.2962,1.1017,4.7129
59.2964,1.137,4.862
59.2966,1.0545,4.5198
59.2968,0.9592,4.1151
59.2970,0.8995,3.8553
59.2972,0.8902,3.8206
59.2974,0.8704,3.7391
59.2976,0.835,3.5888
59.2978,0.8629,3.7072
59.2980,0.8777,3.7705
59.2982,0.8484,3.6449
59.2984,0.828,3.5573
59.2986,0.8151,3.5017
59.2988,0.8253,3.5471
59.2990,0.7646,3.2924
59.2992,0.6772,2.9174
59.2994,0.6676,2.8734
59.2996,0.6778,2.9173
59.2998,0.6755,2.9088
59.3000,0.6743,2.905
59.3002,0.6673,2.8705
59.3004,0.6992,3.0078
59.3006,0.7569,3.2564
59.3008,0.7114,3.0632
59.3010,0.693,2.9842
59.3012,0.7469,3.2116
59.3014,0.7862,3.3791
59.3016,0.799,3.4374
59.3018,0.7458,3.2069
59.3020,0.7583,3.2651
59.3022,0.7156,3.0827
59.3024,0.6623,2.856
59.3026,0.5992,2.5823
59.3028,0.6402,2.7591
59.3030,0.6098,2.6296
59.3032,0.589,2.5384
59.3034,0.5813,2.5054
59.3036,0.5804,2.5006
59.3038,0.6194,2.6697
59.3040,0.5879,2.5349
59.3042,0.6147,2.6446
59.3044,0.7274,3.1353
59.3046,0.5707,2.4633
59.3048,0.5204,2.247
59.3050,0.5448,2.345
59.3052,0.6951,2.9944
59.3054,0.5827,2.5127
59.3056,0.5887,2.5386
59.3058,0.6126,2.639
59.3060,0.6434,2.7705
59.3062,0.6673,2.8719
59.3064,0.6746,2.9034
59.3066,0.6796,2.9237
59.3068,0.739,3.1805
59.3070,0.7224,3.1093
59.3072,0.7623,3.2811
59.3074,0.6548,2.8182
59.3076,0.5899,2.5461
59.3078,0.5501,2.3721
59.3080,0.5778,2.4904
59.3082,0.5837,2.5169
59.3084,0.5682,2.4502
59.3086,0.5806,2.5022
59.3088,0.5601,2.4128
59.3090,0.5785,2.4946
59.3092,0.5608,2.4192
59.3094,0.5633,2.4267
59.3096,0.5954,2.5639
59.3098,0.5924,2.5582
59.3100,0.4693,2.0264
59.3102,0.4517,1.9494
59.3104,0.4524,1.9525
59.3106,0.4712,2.0357
59.3108,0.4567,1.9721
59.3110,0.4567,1.9712
59.3112,0.4731,2.0411
59.3114,0.5466,2.3604
59.3116,0.4653,2.0103
59.3118,0.4599,1.9833
59.3120,0.5123,2.2082
59.3122,0.5068,2.1875
59.3124,0.4541,1.9607
59.3126,0.4508,1.9467
59.3128,0.4483,1.9349
59.3130,0.4472,1.9321
59.3132,0.4452,1.9224
59.3134,0.4501,1.9409
59.3136,0.4481,1.933
59.3138,0.446,1.9251
59.3140,0.4448,1.9217
59.3142,0.4471,1.9289
59.3144,0.4988,2.1508
59.3146,0.5476,2.359
59.3148,0.6107,2.6307
59.3150,0.5868,2.5279
59.3152,0.5641,2.4292
59.3154,0.5691,2.4549
59.3156,0.5333,2.2976
59.3158,0.5567,2.4016
59.3160,0.5471,2.3581
59.3162,0.5482,2.3616
59.3164,0.5306,2.2889
59.3166,0.4972,2.1441
59.3168,0.5266,2.2697
59.3170,0.502,2.1638
59.3172,0.5352,2.3048
59.3174,0.6033,2.5944
59.3176,0.6508,2.7999
59.3178,0.6722,2.889
59.3180,0.708,3.0459
59.3182,0.6749,2.9063
59.3184,0.6255,2.691
59.3186,0.6409,2.7571
59.3188,0.6108,2.63
59.3190,0.5703,2.4578
59.3192,0.5266,2.2676
59.3194,0.5892,2.5371
59.3196,0.6286,2.7095
59.3198,0.6269,2.6967
59.3200,0.6775,2.913
59.3202,0.6852,2.952
59.3204,0.5904,2.5434
59.3206,0.5814,2.5059
59.3208,0.5102,2.1989
59.3210,0.4724,2.038
59.3212,0.4761,2.0531
59.3214,0.518,2.2335
59.3216,0.4926,2.1229
59.3218,0.5451,2.3493
59.3220,0.5111,2.2051
59.3222,0.4565,1.9692
59.3224,0.456,1.9671
59.3226,0.4524,1.9516
59.3228,0.451,1.9445
59.3230,0.4703,2.0287
59.3232,0.5035,2.171
59.3234,0.5436,2.3409
59.3236,0.5747,2.4735
59.3238,0.5959,2.5636
59.3240,0.5999,2.5819
59.3242,0.656,2.8194
59.3244,0.687,2.9557
59.3246,0.6804,2.93
59.3248,0.6682,2.8707
59.3250,0.714,3.0646
59.3252,0.7854,3.3771
59.3254,0.6818,2.933
59.3256,0.7282,3.1209
59.3258,0.8689,3.7225
59.3260,0.899,3.8514
59.3262,0.9511,4.0782
59.3264,0.933,3.9987
59.3266,0.8886,3.8121
59.3268,0.8683,3.7252
59.3270,0.903,3.8738
59.3272,0.9062,3.8823
59.3274,0.9072,3.89
59.3276,0.8747,3.7489
59.3278,0.9092,3.8987
59.3280,0.8807,3.7817
59.3282,0.879,3.7709
59.3284,0.9135,3.9154
59.3286,0.8993,3.8543
59.3288,0.9156,3.9242
59.3290,0.9333,3.9965
59.3292,0.9905,4.2434
59.3294,0.9622,4.1337
59.3296,0.8526,3.6612
59.3298,0.8304,3.5643
59.3300,0.8116,3.4883
59.3302,0.8127,3.4865
59.3304,0.9049,3.8766
59.3306,0.9232,3.9626
59.3308,0.8596,3.6893
59.3310,0.8776,3.77
59.3312,0.8676,3.7255
59.3314,0.8941,3.8322
59.3316,0.9243,3.9635
59.3318,0.9415,4.0389
59.3320,0.9262,3.9736
59.3322,0.8819,3.7868
59.3324,0.8363,3.5895
59.3326,0.8041,3.4591
59.3328,0.7753,3.3306
59.3330,0.8298,3.5634
59.3332,0.8033,3.4512
59.3334,0.8137,3.4987
59.3336,0.7912,3.4007
59.3338,0.8344,3.5813
59.3340,0.8021,3.4476
59.3342,0.797,3.4239
59.3344,0.8857,3.8051
59.3346,0.8354,3.5904
59.3348,0.7831,3.3688
59.3350,0.7693,3.3064
59.3352,0.8159,3.502
59.3354,0.8343,3.5841
59.3356,0.8535,3.6682
59.3358,0.8454,3.6303
59.3360,0.8391,3.603
59.3362,0.8248,3.5483
59.3364,0.7671,3.3002
59.3366,0.771,3.3106
59.3368,0.8246,3.5424
59.3370,0.8339,3.5809
59.3372,0.8346,3.5873
59.3374,0.8253,3.5504
59.3376,0.7837,3.3698
59.3378,0.7915,3.4018
59.3380,0.7881,3.3905
59.3382,0.7822,3.3605
59.3384,0.8405,3.6075
59.3386,0.8553,3.6828
59.3388,0.7278,3.1339
59.3390,0.7022,3.0192
59.3392,0.7484,3.2183
59.3394,0.7854,3.3802
59.3396,0.745,3.2033
59.3398,0.7428,3.194
59.3400,0.7604,3.2713
59.3402,0.7602,3.2688
59.3404,0.7533,3.2439
59.3406,0.6874,2.9641
59.3408,0.6391,2.7532
59.3410,0.6634,2.8567
59.3412,0.6327,2.7258
59.3414,0.6436,2.7728
59.3416,0.6682,2.872
59.3418,0.7667,3.2951
59.3420,0.8155,3.5081
59.3422,0.6892,2.9705
59.3424,0.6379,2.7505
59.3426,0.6269,2.703
59.3428,0.6185,2.6643
59.3430,0.6213,2.6767
59.3432,0.6234,2.6842
59.3434,0.6339,2.7322
59.3436,0.6292,2.7133
59.3438,0.6223,2.6808
59.3440,0.6221,2.6823
59.3442,0.6241,2.6898
59.3444,0.6342,2.732
59.3446,0.6278,2.7034
59.3448,0.6231,2.6845
59.3450,0.6442,2.7702
59.3452,0.7556,3.2447
59.3454,0.8144,3.5035
59.3456,0.7448,3.2058
59.3458,0.717,3.086
59.3460,0.7176,3.0858
59.3462,0.7326,3.1473
59.3464,0.7517,3.2322
59.3466,0.7513,3.2306
59.3468,0.7515,3.2317
59.3470,0.7396,3.1786
59.3472,0.7851,3.3776
59.3474,0.7869,3.3869
59.3476,0.7322,3.1487
59.3478,0.7893,3.3909
59.3480,0.8204,3.5227
59.3482,0.8129,3.4908
59.3484,0.8498,3.6488
59.3486,0.8493,3.6502
59.3488,0.7954,3.422
59.3490,0.7836,3.3693
59.3492,0.7974,3.427
59.3494,0.8264,3.5501
59.3496,0.8774,3.7678
59.3498,0.8662,3.7194
59.3500,0.8144,3.5051
59.3502,0.7639,3.2878
59.3504,0.7573,3.2594
59.3506,0.6996,3.0098
59.3508,0.6993,3.0097
59.3510,0.7176,3.0886
59.3512,0.662,2.8545
59.3514,0.5977,2.5762
59.3516,0.6579,2.8316
59.3518,0.7072,3.0423
59.3520,0.73,3.1462
59.3522,0.678,2.917
59.3524,0.6848,2.9445
59.3526,0.7398,3.1752
59.3528,0.8616,3.7032
59.3530,0.7953,3.4199
59.3532,0.8131,3.4913
59.3534,0.8165,3.516
59.3536,0.7002,3.0152
59.3538,0.7476,3.2161
59.3540,0.8001,3.4373
59.3542,0.8167,3.5116
59.3544,0.7056,3.0427
59.3546,0.5808,2.5056
59.3548,0.5663,2.443
59.3550,0.6002,2.5834
59.3552,0.6905,2.9706
59.3554,0.7,3.017
59.3556,0.6334,2.7289
59.3558,0.6553,2.8216
59.3560,0.638,2.746
59.3562,0.7074,3.0462
59.3564,0.6661,2.8707
59.3566,0.5968,2.5708
59.3568,0.6252,2.6932
59.3570,0.6427,2.7712
59.3572,0.6384,2.745
59.3574,0.6743,2.9023
59.3576,0.6863,2.9512
59.3578,0.7532,3.2389
59.3580,0.7814,3.3632
59.3582,0.732,3.1491
59.3584,0.7495,3.2184
59.3586,0.8513,3.6521
59.3588,0.9911,4.2459
59.3590,1.0436,4.473
59.3592,1.0306,4.4108
59.3594,1.0573,4.5337
59.3596,1.0155,4.3502
59.3598,1.0713,4.5917
59.3600,1.0406,4.4622
59.3602,0.9664,4.1459
59.3604,0.906,3.8921
59.3606,0.8869,3.8138
59.3608,0.8276,3.5602
59.3610,0.8043,3.4569
59.3612,0.8972,3.8509
59.3614,0.9085,3.9029
59.3616,0.9129,3.9165
59.3618,0.9789,4.1955
59.3620,0.9836,4.2155
59.3622,0.983,4.2208
59.3624,0.9164,3.9369
59.3626,0.888,3.8131
59.3628,0.8869,3.8138
59.3630,0.8524,3.6687
59.3632,0.8213,3.5301
59.3634,0.8819,3.7868
59.3636,0.9334,4.0026
59.3638,0.9469,4.0697
59.3640,0.8662,3.7246
59.3642,0.8755,3.763
59.3644,0.873,3.7557
59.3646,0.7746,3.3307
59.3648,0.7964,3.4245
59.3650,0.8767,3.7664
59.3652,0.9044,3.8872
59.3654,0.8109,3.482
59.3656,0.8725,3.7519
59.3658,0.8653,3.7227
59.3660,0.8652,3.7187
59.3662,0.8977,3.8512
59.3664,0.9367,4.024
59.3666,0.9101,3.9096
59.3668,0.9055,3.8864
59.3670,0.958,4.1118
59.3672,0.9671,4.1529
59.3674,0.9086,3.9016
59.3676,0.9428,4.0484
59.3678,0.9671,4.1509
59.3680,0.9957,4.2714
59.3682,0.9924,4.2615
59.3684,0.8873,3.81
59.3686,0.8506,3.6609
59.3688,0.861,3.7007
59.3690,0.9177,3.9426
59.3692,0.8898,3.8279
59.3694,0.8302,3.5749
59.3696,0.8139,3.5014
59.3698,0.8272,3.5537
59.3700,0.8679,3.73
59.3702,0.8121,3.4969
59.3704,0.7514,3.2357
59.3706,0.7978,3.4339
59.3708,0.7892,3.3936
59.3710,0.8381,3.5989
59.3712,0.8831,3.7955
59.3714,0.9026,3.8777
59.3716,0.9049,3.8875
59.3718,0.946,4.0566
59.3720,1.0314,4.4247
59.3722,1.0494,4.504
59.3724,0.992,4.2614
59.3726,0.9219,3.9606
59.3728,0.9318,4.0066
59.3730,0.9045,3.8914
59.3732,0.8566,3.6867
59.3734,0.8035,3.4565
59.3736,0.762,3.2872
59.3738,0.6722,2.8998
59.3740,0.684,2.9482
59.3742,0.6962,3.0018
59.3744,0.647,2.7911
59.3746,0.6266,2.7045
59.3748,0.6271,2.7015
59.3750,0.7469,3.2175
59.3752,0.7987,3.4359
59.3754,0.7454,3.2158
59.3756,0.6788,2.9282
59.3758,0.6758,2.9099
59.3760,0.7242,3.1185
59.3762,0.6789,2.9301
59.3764,0.5876,2.5351
59.3766,0.5778,2.4938
59.3768,0.579,2.499
59.3770,0.5867,2.531
59.3772,0.638,2.7549
59.3774,0.6209,2.6784
59.3776,0.624,2.6868
59.3778,0.6492,2.8004
59.3780,0.6532,2.8167
59.3782,0.6611,2.8508
59.3784,0.6566,2.8299
59.3786,0.6549,2.8213
59.3788,0.7517,3.2337
59.3790,0.7761,3.3451
59.3792,0.702,3.0215
59.3794,0.695,2.998
59.3796,0.6189,2.6689
59.3798,0.638,2.7523
59.3800,0.6096,2.6273
59.3802,0.6104,2.6346
59.3804,0.6182,2.667
59.3806,0.6298,2.7159
59.3808,0.6062,2.6141
59.3810,0.6127,2.6395
59.3812,0.6778,2.9186
59.3814,0.7384,3.1794
59.3816,0.7354,3.165
59.3818,0.7358,3.1656
59.3820,0.7818,3.3647
59.3822,0.7556,3.2552
59.3824,0.7374,3.1738
59.3826,0.7393,3.1806
59.3828,0.7251,3.1192
59.3830,0.7319,3.153
59.3832,0.7177,3.092
59.3834,0.7181,3.0921
59.3836,0.6921,2.9801
59.3838,0.6984,3.0061
59.3840,0.7452,3.2058
59.3842,0.795,3.4167
59.3844,0.8131,3.4962
59.3846,0.7433,3.202
59.3848,0.7023,3.0254
59.3850,0.7156,3.0799
59.3852,0.7795,3.3549
59.3854,0.8255,3.5498
59.3856,0.8785,3.7759
59.3858,0.8379,3.5945
59.3860,1.0059,4.3111
59.3862,1.0231,4.3892
59.3864,0.9898,4.2423
59.3866,1.0471,4.4984
59.3868,0.9774,4.1972
59.3870,0.9898,4.2502
59.3872,0.9021,3.8792
59.3874,0.8337,3.5848
59.3876,0.8416,3.6138
59.3878,0.8631,3.7077
59.3880,0.9292,3.9883
59.3882,0.9547,4.1012
59.3884,0.9411,4.043
59.3886,0.9211,3.9533
59.3888,0.9721,4.1701
59.3890,1.0077,4.3329
59.3892,0.9019,3.8746
59.3894,0.9464,4.0638
59.3896,0.9334,4.0138
59.3898,0.8364,3.6
59.3900,0.8372,3.6015
59.3902,0.8641,3.7141
59.3904,0.8789,3.7775
59.3906,0.8715,3.742
59.3908,0.8819,3.7868
59.3910,0.9472,4.0636
59.3912,1.0308,4.4221
59.3914,1.0345,4.4422
59.3916,0.9566,4.1037
59.3918,0.9867,4.2289
59.3920,1.027,4.4077
59.3922,0.9448,4.0571
59.3924,0.8846,3.804
59.3926,0.8845,3.8034
59.3928,0.8982,3.8586
59.3930,0.9237,3.972
59.3932,0.8738,3.7576
59.3934,0.9135,3.9154
59.3936,1.0598,4.5424
59.3938,1.0559,4.5297
59.3940,1.0238,4.3944
59.3942,1.0471,4.4921
59.3944,1.0321,4.4278
59.3946,1.0337,4.4386
59.3948,1.0248,4.3944
59.3950,1.1097,4.7473
59.3952,1.1951,5.1149
59.3954,1.2256,5.2433
59.3956,1.2411,5.3095
59.3958,1.2891,5.5147
59.3960,1.2465,5.34
59.3962,1.1405,4.8928
59.3964,1.076,4.6139
59.3966,1.1025,4.7209
59.3968,1.1975,5.1204
59.3970,1.1957,5.1246
59.3972,1.1485,4.9296
59.3974,1.0938,4.7009
59.3976,1.0298,4.418
59.3978,1.0256,4.4062
59.3980,1.0151,4.3609
59.3982,1.0075,4.3183
59.3984,1.1315,4.8497
59.3986,1.1336,4.8698
59.3988,1.1197,4.7943
59.3990,1.2128,5.1933
59.3992,1.1201,4.8121
59.3994,0.9705,4.1673
59.3996,1.0246,4.3954
59.3998,1.0626,4.5563
59.4000,1.0645,4.5752
59.4002,0.9488,4.0836
59.4004,0.9285,3.9927
59.4006,0.9578,4.1165
59.4008,0.9282,3.9911
59.4010,0.915,3.9362
59.4012,0.931,4.0054
59.4014,0.9163,3.9401
59.4016,0.906,3.8975
59.4018,0.8641,3.7227
59.4020,0.8566,3.6867
59.4022,0.9025,3.8844
59.4024,0.8555,3.6821
59.4026,0.8351,3.5977
59.4028,0.8517,3.6639
59.4030,0.8999,3.8712
59.4032,0.9278,3.9914
59.4034,0.9387,4.0459
59.4036,0.8195,3.5306
59.4038,0.8492,3.6547
59.4040,0.8471,3.6477
59.4042,0.8603,3.701
59.4044,0.898,3.8648
59.4046,0.8354,3.6004
59.4048,0.84,3.6155
59.4050,0.8996,3.8702
59.4052,0.9078,3.9017
59.4054,0.9252,3.9782
59.4056,0.9488,4.0855
59.4058,0.864,3.7135
59.4060,0.8914,3.8346
59.4062,0.9412,4.0492
59.4064,0.9755,4.1909
59.4066,0.9966,4.2835
59.4068,0.9574,4.1227
59.4070,0.8765,3.7742
59.4072,0.8332,3.5878
59.4074,0.7832,3.3756
59.4076,0.7809,3.3689
59.4078,0.761,3.2754
59.4080,0.8241,3.5485
59.4082,0.8484,3.655
59.4084,0.8692,3.7409
59.4086,0.8958,3.8555
59.4088,0.8139,3.5063
59.4090,0.8001,3.4533
59.4092,0.6806,2.94
59.4094,0.5798,2.5084
59.4096,0.5728,2.4755
59.4098,0.5893,2.5447
59.4100,0.5893,2.5447
59.4102,0.5828,2.5167
59.4104,0.5878,2.5391
59.4106,0.5892,2.5465
59.4108,0.5933,2.5641
59.4110,0.5936,2.5645
59.4112,0.5912,2.553
59.4114,0.6075,2.6234
59.4116,0.6406,2.7612
59.4118,0.7332,3.1616
59.4120,0.6566,2.8365
59.4122,0.5577,2.4091
59.4124,0.5577,2.408
59.4126,0.5548,2.3989
59.4128,0.5549,2.3994
59.4130,0.5496,2.3755
59.4132,0.5519,2.3843
59.4134,0.553,2.3889
59.4136,0.5507,2.378
59.4138,0.5493,2.3729
59.4140,0.5488,2.3708
59.4142,0.5493,2.3718
59.4144,0.5719,2.4673
59.4146,0.6525,2.8136
59.4148,0.7029,3.0266
59.4150,0.7272,3.127
59.4152,0.814,3.5068
59.4154,0.7189,3.1029
59.4156,0.5898,2.5456
59.4158,0.5652,2.4429
59.4160,0.561,2.4247
59.4162,0.5578,2.4096
59.4164,0.5676,2.4487
59.4166,0.6248,2.6942
59.4168,0.667,2.8788
59.4170,0.5911,2.5513
59.4172,0.5798,2.5003
59.4174,0.6697,2.8862
59.4176,0.7048,3.039
59.4178,0.7119,3.0667
59.4180,0.7364,3.1711
59.4182,0.7686,3.308
59.4184,0.79,3.3987
59.4186,0.7779,3.3513
59.4188,0.731,3.1479
59.4190,0.746,3.2124
59.4192,0.7535,3.2474
59.4194,0.7084,3.0475
59.4196,0.7951,3.4236
59.4198,0.7411,3.1957
59.4200,0.6909,2.9708
59.4202,0.7867,3.3874
59.4204,0.7807,3.3554
59.4206,0.8694,3.7385
59.4208,0.7965,3.4282
59.4210,0.7581,3.2706
59.4212,0.6709,2.8941
59.4214,0.6743,2.905
59.4216,0.7113,3.0598
59.4218,0.8246,3.544
59.4220,0.8265,3.5638
59.4222,0.6638,2.8662
59.4224,0.5062,2.1869
59.4226,0.5057,2.1828
59.4228,0.5014,2.1672
59.4230,0.4581,1.9783
59.4232,0.581,2.5066
59.4234,0.6159,2.6572
59.4236,0.5352,2.3112
59.4238,0.5083,2.1937
59.4240,0.6121,2.6382
59.4242,0.6928,2.9818
59.4244,0.7379,3.1729
59.4246,0.7804,3.3544
59.4248,0.8424,3.6225
59.4250,0.855,3.6715
59.4252,0.8999,3.8604
59.4254,0.9639,4.139
59.4256,0.9515,4.0859
59.4258,0.987,4.2364
59.4260,1.0571,4.5242
59.4262,1.123,4.8042
59.4264,1.1669,4.9966
59.4266,1.093,4.6847
59.4268,1.0958,4.6966
59.4270,1.1213,4.7993
59.4272,1.1388,4.881
59.4274,1.115,4.7766
59.4276,1.1224,4.8084
59.4278,1.1093,4.7524
59.4280,1.131,4.8454
59.4282,1.1729,5.0176
59.4284,1.2482,5.3397
59.4286,1.2479,5.3412
59.4288,1.2312,5.2768
59.4290,1.1235,4.813
59.4292,1.0623,4.5553
59.4294,0.9995,4.2919
59.4296,0.9692,4.1674
59.4298,0.8903,3.83
59.4300,0.9209,3.9578
59.4302,0.9463,4.0614
59.4304,0.947,4.0683
59.4306,0.9085,3.9011
59.4308,0.9836,4.2214
59.4310,0.9827,4.2218
59.4312,0.9753,4.1957
59.4314,0.8748,3.7617
59.4316,0.8897,3.8327
59.4318,0.7876,3.3995
59.4320,0.6927,2.9827
59.4322,0.7898,3.3977
59.4324,0.802,3.4487
59.4326,0.8276,3.5635
59.4328,0.7923,3.4149
59.4330,0.7416,3.1933
59.4332,0.7875,3.3926
59.4334,0.7565,3.2619
59.4336,0.7027,3.0303
59.4338,0.714,3.0774
59.4340,0.7004,3.0185
59.4342,0.7514,3.2327
59.4344,0.8333,3.585
59.4346,0.7882,3.3957
59.4348,0.786,3.3859
59.4350,0.7427,3.2039
59.4352,0.6481,2.7958
59.4354,0.6478,2.7973
59.4356,0.6448,2.7818
59.4358,0.6512,2.8066
59.4360,0.6572,2.8312
59.4362,0.7176,3.0915
59.4364,0.7754,3.3405
59.4366,0.7737,3.3286
59.4368,0.782,3.3689
59.4370,0.6761,2.9195
59.4372,0.6188,2.6721
59.4374,0.6195,2.6702
59.4376,0.6892,2.9677
59.4378,0.7217,3.1091
59.4380,0.7267,3.1322
59.4382,0.7272,3.1372
59.4384,0.6267,2.705
59.4386,0.6134,2.6488
59.4388,0.6008,2.5944
59.4390,0.5965,2.5734
59.4392,0.6573,2.8304
59.4394,0.7187,3.0947
59.4396,0.6887,2.9711
59.4398,0.6266,2.7082
59.4400,0.5366,2.318
59.4402,0.5697,2.4575
59.4404,0.6164,2.6629
59.4406,0.4915,2.1252
59.4408,0.4695,2.0293
59.4410,0.504,2.1761
59.4412,0.5073,2.1916
59.4414,0.495,2.1412
59.4416,0.4915,2.1232
59.4418,0.4749,2.0527
59.4420,0.4647,2.0086
59.4422,0.4673,2.0195
59.4424,0.4573,1.9765
59.4426,0.4507,1.948
59.4428,0.4536,1.9595
59.4430,0.464,2.0046
59.4432,0.4917,2.1233
59.4434,0.538,2.322
59.4436,0.552,2.3859
59.4438,0.4541,1.9616
59.4440,0.449,1.9389
59.4442,0.4562,1.9727
59.4444,0.4658,2.0133
59.4446,0.5281,2.2822
59.4448,0.4685,2.0256
59.4450,0.4797,2.0696
59.4452,0.5217,2.2527
59.4454,0.5284,2.2796
59.4456,0.5697,2.4541
59.4458,0.6054,2.608
59.4460,0.6448,2.7792
59.4462,0.6199,2.673
59.4464,0.6159,2.6535
59.4466,0.6126,2.6415
59.4468,0.5974,2.5782
59.4470,0.6045,2.6068
59.4472,0.6099,2.6276
59.4474,0.6399,2.7542
59.4476,0.635,2.7343
59.4478,0.6557,2.821
59.4480,0.7477,3.2152
59.4482,0.7387,3.1839
59.4484,0.6507,2.8033
59.4486,0.6563,2.8262
59.4488,0.6639,2.8601
59.4490,0.6851,2.9474
59.4492,0.7852,3.3718
59.4494,0.8724,3.7479
59.4496,0.8321,3.5781
59.4498,0.7444,3.2097
59.4500,0.5693,2.4548
59.4502,0.6057,2.612
59.4504,0.6295,2.7131
59.4506,0.6465,2.7852
59.4508,0.6531,2.8084
59.4510,0.7138,3.0764
59.4512,0.5941,2.5618
59.4514,0.5346,2.3075
59.4516,0.5344,2.3065
59.4518,0.5727,2.4659
59.4520,0.6512,2.8066
59.4522,0.6343,2.7312
59.4524,0.6958,2.9947
59.4526,0.674,2.9062
59.4528,0.562,2.4244
59.4530,0.5192,2.2397
59.4532,0.5129,2.2139
59.4534,0.5543,2.388
59.4536,0.6031,2.5982
59.4538,0.5958,2.5703
59.4540,0.5028,2.1699
59.4542,0.494,2.1311
59.4544,0.4983,2.1497
59.4546,0.5028,2.1689
59.4548,0.5001,2.1595
59.4550,0.5017,2.1652
59.4552,0.5089,2.1953
59.4554,0.5024,2.1673
59.4556,0.5031,2.1714
59.4558,0.5062,2.1849
59.4560,0.4778,2.0603
59.4562,0.5111,2.202
59.4564,0.6066,2.6108
59.4566,0.6909,2.9708
59.4568,0.6423,2.7645
59.4570,0.5909,2.5479
59.4572,0.5773,2.4871
59.4574,0.7155,3.075
59.4576,0.7758,3.3312
59.4578,0.8133,3.4956
59.4580,0.7583,3.2621
59.4582,0.7239,3.114
59.4584,0.7698,3.3116
59.4586,0.8476,3.6328
59.4588,0.9669,4.1441
59.4590,0.9515,4.0764
59.4592,0.9723,4.1634
59.4594,0.9804,4.2002
59.4596,0.9989,4.2873
59.4598,0.9318,3.9935
59.4600,0.9191,3.9464
59.4602,0.9127,3.9137
59.4604,0.9513,4.0811
59.4606,0.9598,4.108
59.4608,1.0292,4.4113
59.4610,0.992,4.2535
59.4612,0.9902,4.2458
59.4614,0.9834,4.2229
59.4616,0.9452,4.053
59.4618,0.9469,4.064
59.4620,0.8903,3.8175
59.4622,0.8927,3.8278
59.4624,0.9488,4.0627
59.4626,1.0126,4.348
59.4628,0.9408,4.0415
59.4630,0.8893,3.817
59.4632,0.8912,3.827
59.4634,0.8983,3.8591
59.4636,0.8489,3.6486
59.4638,0.8314,3.5667
59.4640,0.8993,3.8615
59.4642,0.8818,3.7863
59.4644,0.8409,3.6124
59.4646,0.9017,3.8736
59.4648,0.848,3.6445
59.4650,0.8213,3.5317
59.4652,0.7555,3.2472
59.4654,0.8499,3.6442
59.4656,0.9249,3.9735
59.4658,0.8818,3.7916
59.4660,0.8209,3.5264
59.4662,0.8366,3.5922
59.4664,0.9104,3.9075
59.4666,0.9098,3.9068
59.4668,0.9003,3.8679
59.4670,0.8814,3.7883
59.4672,0.8168,3.5105
59.4674,0.8579,3.689
59.4676,0.8435,3.6221
59.4678,0.8703,3.7351
59.4680,0.8858,3.8073
59.4682,0.8848,3.7974
59.4684,0.8964,3.8509
59.4686,0.9215,3.953
59.4688,0.9547,4.0955
59.4690,0.9686,4.1591
59.4692,0.9693,4.1718
59.4694,0.8042,3.4596
59.4696,0.7375,3.1743
59.4698,0.7206,3.1015
59.4700,0.7326,3.1546
59.4702,0.7212,3.1027
59.4704,0.7595,3.2687
59.4706,0.7043,3.0384
59.4708,0.6482,2.7937
59.4710,0.726,3.1204
59.4712,0.8168,3.5154
59.4714,0.7324,3.155
59.4716,0.6924,2.983
59.4718,0.6824,2.9424
59.4720,0.678,2.921
59.4722,0.6888,2.9675
59.4724,0.6912,2.9779
59.4726,0.6928,2.9887
59.4728,0.6255,2.6948
59.4730,0.6468,2.7875
59.4732,0.5881,2.5372
59.4734,0.5537,2.3898
59.4736,0.5549,2.3939
59.4738,0.5587,2.4127
59.4740,0.5563,2.4012
59.4742,0.5547,2.3895
59.4744,0.5875,2.5357
59.4746,0.5591,2.4109
59.4748,0.6249,2.6947
59.4750,0.5723,2.4689
59.4752,0.5555,2.3965
59.4754,0.5554,2.3971
59.4756,0.5561,2.4002
59.4758,0.5581,2.4067
59.4760,0.5718,2.4645
59.4762,0.6761,2.9087
59.4764,0.7354,3.1665
59.4766,0.6911,2.9732
59.4768,0.6551,2.825
59.4770,0.5653,2.4411
59.4772,0.5549,2.3928
59.4774,0.5873,2.5277
59.4776,0.7254,3.1222
59.4778,0.7117,3.0605
59.4780,0.7105,3.0553
59.4782,0.683,2.9408
59.4784,0.6646,2.8645
59.4786,0.6637,2.8617
59.4788,0.6351,2.7361
59.4790,0.6245,2.6914
59.4792,0.621,2.6764
59.4794,0.6465,2.7865
59.4796,0.6394,2.7534
59.4798,0.5993,2.5853
59.4800,0.5295,2.2874
59.4802,0.5215,2.2496
59.4804,0.5596,2.4118
59.4806,0.6355,2.7364
59.4808,0.6911,2.9718
59.4810,0.7173,3.0871
59.4812,0.7002,3.018
59.4814,0.5809,2.5061
59.4816,0.5344,2.3065
59.4818,0.5266,2.275
59.4820,0.5111,2.2051
59.4822,0.548,2.3628
59.4824,0.5649,2.4357
59.4826,0.5585,2.4083
59.4828,0.5908,2.5438
59.4830,0.6536,2.8144
59.4832,0.6354,2.7346
59.4834,0.6501,2.802
59.4836,0.6222,2.6828
59.4838,0.5689,2.4555
59.4840,0.4944,2.1327
59.4842,0.5194,2.2397
59.4844,0.5681,2.4496
59.4846,0.6152,2.6442
59.4848,0.7157,3.0789
59.4850,0.7867,3.3796
59.4852,0.8055,3.4669
59.4854,0.7561,3.2467
59.4856,0.7905,3.3992
59.4858,0.7466,3.215
59.4860,0.6962,2.9921
59.4862,0.7459,3.2044
59.4864,0.7565,3.2573
59.4866,0.6139,2.6484
59.4868,0.5529,2.3829
59.4870,0.5542,2.3897
59.4872,0.5659,2.4381
59.4874,0.6484,2.7883
59.4876,0.7421,3.1998
59.4878,0.6465,2.7865
59.4880,0.5886,2.5381
59.4882,0.6037,2.6008
59.4884,0.6312,2.7178
59.4886,0.5628,2.4314
59.4888,0.4923,2.1229
59.4890,0.5321,2.2967
59.4892,0.5004,2.1575
59.4894,0.5101,2.1974
59.4896,0.6254,2.6918
59.4898,0.6398,2.7537
59.4900,0.6352,2.7392
59.4902,0.5884,2.5358
59.4904,0.6621,2.847
59.4906,0.6812,2.929
59.4908,0.7013,3.017
59.4910,0.7806,3.3533
59.4912,0.7821,3.3616
59.4914,0.7918,3.4001
59.4916,0.8298,3.5717
59.4918,0.7243,3.1175
59.4920,0.7493,3.2174
59.4922,0.8277,3.5557
59.4924,0.8242,3.5425
59.4926,0.8245,3.5402
59.4928,0.845,3.6282
59.4930,0.8163,3.5052
59.4932,0.8322,3.5703
59.4934,0.8851,3.8007
59.4936,0.9663,4.1435
59.4938,0.9665,4.1406
59.4940,0.9533,4.0841
59.4942,0.9603,4.1158
59.4944,0.9511,4.0801
59.4946,0.9458,4.0612
59.4948,0.9125,3.9181
59.4950,0.9542,4.0973
59.4952,0.8454,3.632
59.4954,0.815,3.5011
59.4956,0.8081,3.4734
59.4958,0.7857,3.377
59.4960,0.7864,3.3801
59.4962,0.7816,3.3658
59.4964,0.7191,3.0934
59.4966,0.7584,3.2626
59.4968,0.7173,3.0856
59.4970,0.7422,3.19
59.4972,0.8368,3.5932
59.4974,0.845,3.6282
59.4976,0.8561,3.6778
59.4978,0.8272,3.5586
59.4980,0.7888,3.3936
59.4982,0.7875,3.3816
59.4984,0.8286,3.5665
59.4986,0.6987,3.0043
59.4988,0.7504,3.2265
59.4990,0.7833,3.3699
59.4992,0.784,3.373
59.4994,0.7951,3.4188
59.4996,0.7562,3.2548
59.4998,0.6912,2.9737
59.5000,0.7116,3.0699
59.5002,0.6068,2.6154
59.5004,0.599,2.5806
59.5006,0.6478,2.787
59.5008,0.7298,3.1413
59.5010,0.6857,2.9514
59.5012,0.7508,3.2316
59.5014,0.7245,3.118
59.5016,0.6897,2.9698
59.5018,0.7348,3.161
59.5020,0.7248,3.1196
59.5022,0.6836,2.9407
59.5024,0.6876,2.9596
59.5026,0.6611,2.8495
59.5028,0.6825,2.9401
59.5030,0.626,2.6969
59.5032,0.6024,2.5939
59.5034,0.6387,2.7542
59.5036,0.5487,2.367
59.5038,0.5408,2.3318
59.5040,0.5318,2.293
59.5042,0.5351,2.3096
59.5044,0.5544,2.3929
59.5046,0.5722,2.4661
59.5048,0.5963,2.5688
59.5050,0.6488,2.7911
59.5052,0.7211,3.0993
59.5054,0.738,3.1793
59.5056,0.6248,2.6929
59.5058,0.5752,2.4801
59.5060,0.5735,2.4706
59.5062,0.5908,2.5485
59.5064,0.5717,2.4663
59.5066,0.5506,2.3742
59.5068,0.5878,2.5321
59.5070,0.6289,2.7105
59.5072,0.5647,2.4363
59.5074,0.5438,2.3458
59.5076,0.539,2.3262
59.5078,0.5476,2.3601
59.5080,0.5733,2.4719
59.5082,0.5884,2.537
59.5084,0.5796,2.4958
59.5086,0.605,2.6089
59.5088,0.5421,2.3407
59.5090,0.4682,2.0218
59.5092,0.4704,2.0283
59.5094,0.5279,2.2796
59.5096,0.5028,2.1709
59.5098,0.5115,2.2066
59.5100,0.4908,2.1162
59.5102,0.468,2.0207
59.5104,0.485,2.0913
59.5106,0.5444,2.3473
59.5108,0.4975,2.1471
59.5110,0.4638,2.0017
59.5112,0.4638,2.0008
59.5114,0.4575,1.9748
59.5116,0.4571,1.9727
59.5118,0.456,1.9671
59.5120,0.4563,1.9687
59.5122,0.4498,1.9393
59.5124,0.4426,1.9101
59.5126,0.4418,1.907
59.5128,0.4411,1.9056
59.5130,0.4463,1.927
59.5132,0.446,1.9242
59.5134,0.4776,2.0602
59.5136,0.5217,2.2485
59.5138,0.5592,2.408
59.5140,0.5645,2.4319
59.5142,0.6206,2.6711
59.5144,0.6185,2.6618
59.5146,0.5739,2.4756
59.5148,0.4891,2.1099
59.5150,0.5119,2.2082
59.5152,0.4999,2.1535
59.5154,0.4891,2.1089
59.5156,0.4862,2.0965
59.5158,0.5415,2.3316
59.5160,0.5917,2.5468
59.5162,0.633,2.7256
59.5164,0.6475,2.7854
59.5166,0.6626,2.8491
59.5168,0.6275,2.7031
59.5170,0.5885,2.534
59.5172,0.5421,2.3364
59.5174,0.4999,2.1545
59.5176,0.5315,2.2898
59.5178,0.594,2.5578
59.5180,0.6129,2.6369
59.5182,0.6474,2.781
59.5184,0.7121,3.062
59.5186,0.6838,2.9417
59.5188,0.6662,2.8619
59.5190,0.7,3.0156
59.5192,0.5643,2.4342
59.5194,0.52,2.2423
59.5196,0.5193,2.2361
59.5198,0.5439,2.3441
59.5200,0.5132,2.2149
59.5202,0.4645,2.0048
59.5204,0.448,1.9307
59.5206,0.4547,1.9615
59.5208,0.4643,2.0028
59.5210,0.4665,2.0127
59.5212,0.4651,2.0083
59.5214,0.4607,1.9873
59.5216,0.4591,1.9788
59.5218,0.4565,1.9701
59.5220,0.4514,1.9457
59.5222,0.5093,2.1943
59.5224,0.5577,2.4002
59.5226,0.6408,2.7514
59.5228,0.665,2.8621
59.5230,0.6041,2.6011
59.5232,0.6306,2.7114
59.5234,0.6607,2.8409
59.5236,0.6872,2.9548
59.5238,0.7218,3.098
59.5240,0.777,3.3348
59.5242,0.7319,3.1471
59.5244,0.7468,3.2036
59.5246,0.8215,3.524
59.5248,0.8857,3.7962
59.5250,0.9288,3.9807
59.5252,0.9132,3.9121
59.5254,0.9439,4.0436
59.5256,0.9423,4.035
59.5258,0.9215,3.953
59.5260,0.8957,3.8389
59.5262,0.9574,4.1054
59.5264,0.9485,4.0655
59.5266,0.9752,4.1796
59.5268,0.9634,4.1311
59.5270,0.9199,3.9408
59.5272,0.9622,4.1183
59.5274,0.98,4.1982
59.5276,1.0362,4.437
59.5278,1.0592,4.5356
59.5280,1.0424,4.4637
59.5282,1.0195,4.3677
59.5284,0.9969,4.2706
59.5286,1.053,4.5068
59.5288,1.0602,4.5354
59.5290,0.9813,4.2077
59.5292,0.912,3.9142
59.5294,0.949,4.0675
59.5296,0.9598,4.1176
59.5298,0.9241,3.9662
59.5300,0.9285,3.9815
59.5302,0.8869,3.8031
59.5304,0.8868,3.8026
59.5306,0.9024,3.8749
59.5308,0.8474,3.6385
59.5310,0.8216,3.5328
59.5312,0.7687,3.3023
59.5314,0.7682,3.3018
59.5316,0.7765,3.3327
59.5318,0.8501,3.6453
59.5320,0.8912,3.8288
59.5322,0.8614,3.697
59.5324,0.8268,3.5571
59.5326,0.7772,3.342
59.5328,0.7933,3.4095
59.5330,0.762,3.2765
59.5332,0.7523,3.2348
59.5334,0.7663,3.2935
59.5336,0.7519,3.2347
59.5338,0.758,3.2656
59.5340,0.69,2.9686
59.5342,0.7337,3.1548
59.5344,0.809,3.477
59.5346,0.7487,3.2223
59.5348,0.6667,2.8693
59.5350,0.6567,2.8278
59.5352,0.6671,2.87
59.5354,0.6671,2.874
59.5356,0.6825,2.9374
59.5358,0.7417,3.1924
59.5360,0.6375,2.7477
59.5362,0.6342,2.7269
59.5364,0.6701,2.8856
59.5366,0.6789,2.9247
59.5368,0.6501,2.7981
59.5370,0.7068,3.0379
59.5372,0.8018,3.4493
59.5374,0.7175,3.0881
59.5376,0.7069,3.0413
59.5378,0.7081,3.0436
59.5380,0.7418,3.1944
59.5382,0.6801,2.9298
59.5384,0.6522,2.8108
59.5386,0.6035,2.5997
59.5388,0.5915,2.5516
59.5390,0.5354,2.3106
59.5392,0.5453,2.3514
59.5394,0.5516,2.3761
59.5396,0.6161,2.654
59.5398,0.5765,2.4881
59.5400,0.5318,2.294
59.5402,0.5403,2.3265
59.5404,0.6204,2.6738
59.5406,0.5597,2.4157
59.5408,0.5388,2.3246
59.5410,0.5489,2.368
59.5412,0.5426,2.3384
59.5414,0.5308,2.2899
59.5416,0.5248,2.264
59.5418,0.5248,2.2609
59.5420,0.5384,2.3225
59.5422,0.539,2.3262
59.5424,0.5246,2.2641
59.5426,0.5295,2.2789
59.5428,0.5673,2.4472
59.5430,0.5399,2.326
59.5432,0.5133,2.2154
59.5434,0.5144,2.219
59.5436,0.5177,2.2325
59.5438,0.524,2.2604
59.5440,0.5585,2.406
59.5442,0.5686,2.4483
59.5444,0.5995,2.5791
59.5446,0.6356,2.7356
59.5448,0.6538,2.8154
59.5450,0.6599,2.8378
59.5452,0.7145,3.0724
59.5454,0.7131,3.0676
59.5456,0.7074,3.0448
59.5458,0.7062,3.0368
59.5460,0.718,3.0887
59.5462,0.6764,2.9097
59.5464,0.7119,3.0624
59.5466,0.6767,2.9099
59.5468,0.7246,3.1142
59.5470,0.7423,3.1949
59.5472,0.7271,3.1265
59.5474,0.7545,3.2415
59.5476,0.7547,3.2496
59.5478,0.653,2.8105
59.5480,0.7029,3.0195
59.5482,0.7634,3.2781
59.5484,0.7658,3.2915
59.5486,0.7971,3.426
59.5488,0.7976,3.4296
59.5490,0.7571,3.2539
59.5492,0.7176,3.0901
59.5494,0.6537,2.8123
59.5496,0.7057,3.0404
59.5498,0.6408,2.7604
59.5500,0.6332,2.7253
59.5502,0.6704,2.8853
59.5504,0.7105,3.0553
59.5506,0.7362,3.1642
59.5508,0.798,3.42
59.5510,0.927,3.9804
59.5512,0.8567,3.677
59.5514,0.8234,3.5372
59.5516,0.7724,3.3229
59.5518,0.7261,3.1224
59.5520,0.7276,3.13
59.5522,0.7277,3.1334
59.5524,0.6892,2.9677
59.5526,0.6717,2.8937
59.5528,0.5668,2.4417
59.5530,0.5263,2.2713
59.5532,0.5146,2.2201
59.5534,0.5332,2.2981
59.5536,0.6047,2.6049
59.5538,0.5629,2.4285
59.5540,0.52,2.2454
59.5542,0.4989,2.1523
59.5544,0.4968,2.142
59.5546,0.4813,2.0772
59.5548,0.4562,1.9691
59.5550,0.5041,2.1746
59.5552,0.567,2.4427
59.5554,0.5426,2.3384
59.5556,0.5149,2.218
59.5558,0.59,2.5407
59.5560,0.6248,2.6892
59.5562,0.6484,2.7896
59.5564,0.7187,3.0918
59.5566,0.7348,3.158
59.5568,0.7562,3.2472
59.5570,0.8129,3.4924
59.5572,0.8454,3.6235
59.5574,1.0161,4.3467
59.5576,1.0693,4.5723
59.5578,1.0705,4.5817
59.5580,1.0736,4.595
59.5582,1.0433,4.4652
59.5584,1.0549,4.5171
59.5586,1.0878,4.6556
59.5588,1.0597,4.5334
59.5590,1.0968,4.6919
59.5592,1.0966,4.6936
59.5594,1.1006,4.7127
59.5596,1.0491,4.4945
59.5598,0.9963,4.268
59.5600,0.9957,4.2694
59.5602,1.0448,4.4761
59.5604,1.0244,4.3887
59.5606,1.0366,4.4385
59.5608,1.0356,4.4365
59.5610,1.0244,4.3908
59.5612,1.0272,4.4026
59.5614,1.0266,4.4
59.5616,0.9779,4.1992
59.5618,0.9561,4.1055
59.5620,0.9416,4.0376
59.5622,0.9649,4.1373
59.5624,0.9354,4.0146
59.5626,0.9175,3.9416
59.5628,0.9158,3.9343
59.5630,0.8617,3.7055
59.5632,0.8658,3.7213
59.5634,0.8177,3.5179
59.5636,0.8033,3.4512
59.5638,0.8344,3.5829
59.5640,0.8956,3.8473
59.5642,0.821,3.5269
59.5644,0.8649,3.712
59.5646,0.9568,4.1086
59.5648,0.9177,3.9389
59.5650,0.9321,3.9988
59.5652,0.9508,4.0848
59.5654,0.8492,3.648
59.5656,0.8677,3.7261
59.5658,0.8928,3.8354
59.5660,0.8698,3.7418
59.5662,0.8145,3.5023
59.5664,0.8267,3.5516
59.5666,0.8492,3.6463
59.5668,0.8818,3.7916
59.5670,0.8551,3.672
59.5672,0.88,3.7874
59.5674,0.7436,3.2006
59.5676,0.7123,3.0702
59.5678,0.7035,3.0291
59.5680,0.7632,3.2847
59.5682,0.7212,3.1041
59.5684,0.6962,3.0018
59.5686,0.6194,2.6697
59.5688,0.6135,2.6456
59.5690,0.5869,2.5355
59.5692,0.5228,2.2563
59.5694,0.5161,2.2284
59.5696,0.5444,2.3484
59.5698,0.6321,2.727
59.5700,0.5787,2.4917
59.5702,0.6278,2.7059
59.5704,0.6216,2.6827
59.5706,0.5566,2.4022
59.5708,0.5442,2.3489
59.5710,0.5615,2.4235
59.5712,0.5668,2.444
59.5714,0.5784,2.4964
59.5716,0.547,2.3586
59.5718,0.5935,2.5569
59.5720,0.6167,2.664
59.5722,0.4941,2.1346
59.5724,0.4693,2.0264
59.5726,0.4701,2.031
59.5728,0.4676,2.0211
59.5730,0.4639,2.0041
59.5732,0.5151,2.2242
59.5734,0.4688,2.0244
59.5736,0.447,1.9301
59.5738,0.4526,1.9554
59.5740,0.4611,1.9921
59.5742,0.4581,1.9783
59.5744,0.447,1.931
59.5746,0.462,1.9949
59.5748,0.5165,2.2284
59.5750,0.4917,2.1223
59.5752,0.4476,1.9327
59.5754,0.4464,1.9266
59.5756,0.4487,1.9365
59.5758,0.4538,1.9615
59.5760,0.4621,1.9935
59.5762,0.5258,2.2682
59.5764,0.5507,2.3747
59.5766,0.6098,2.6283
59.5768,0.5879,2.5349
59.5770,0.5432,2.3421
59.5772,0.4784,2.0639
59.5774,0.4523,1.9529
59.5776,0.4514,1.9493
59.5778,0.452,1.951
59.5780,0.4917,2.1203
59.5782,0.5303,2.2878
59.5784,0.5415,2.3359
59.5786,0.539,2.3229
59.5788,0.5508,2.373
59.5790,0.5657,2.4393
59.5792,0.5534,2.3838
59.5794,0.5679,2.4486
59.5796,0.5086,2.1942
59.5798,0.5328,2.2976
59.5800,0.565,2.4351
59.5802,0.6361,2.7339
59.5804,0.7053,3.0355
59.5806,0.6404,2.7563
59.5808,0.636,2.7397
59.5810,0.5531,2.385
59.5812,0.4947,2.1362
59.5814,0.4698,2.0276
59.5816,0.5162,2.2247
59.5818,0.5158,2.2222
59.5820,0.5427,2.3389
59.5822,0.5609,2.4197
59.5824,0.4969,2.1425
59.5826,0.4849,2.0899
59.5828,0.4976,2.1466
59.5830,0.4992,2.1543
59.5832,0.4745,2.0468
59.5834,0.4769,2.0552
59.5836,0.5248,2.2598
59.5838,0.5938,2.5555
59.5840,0.6362,2.7395
59.5842,0.6005,2.5832
59.5844,0.6418,2.7625
59.5846,0.6987,3.0015
59.5848,0.8044,3.451
59.5850,0.8163,3.5052
59.5852,0.7956,3.4225
59.5854,0.717,3.0832
59.5856,0.7752,3.3332
59.5858,0.7452,3.2028
59.5860,0.6626,2.8557
59.5862,0.5638,2.431
59.5864,0.5595,2.4113
59.5866,0.5585,2.4049
59.5868,0.6459,2.7749
59.5870,0.7504,3.228
59.5872,0.676,2.9109
59.5874,0.6041,2.5987
59.5876,0.6145,2.646
59.5878,0.6495,2.7981
59.5880,0.5888,2.5426
59.5882,0.4898,2.1101
59.5884,0.5276,2.2759
59.5886,0.4631,1.9967
59.5888,0.4857,2.0954
59.5890,0.5098,2.1953
59.5892,0.5747,2.4769
59.5894,0.5544,2.3896
59.5896,0.5667,2.4423
59.5898,0.5783,2.4878
59.5900,0.6222,2.6791
59.5902,0.6541,2.8125
59.5904,0.6815,2.9347
59.5906,0.6368,2.7332
59.5908,0.8014,3.4365
59.5910,0.9149,3.9229
59.5912,0.9198,3.944
59.5914,0.9081,3.8923
59.5916,0.911,3.9083
59.5918,0.8851,3.7989
59.5920,0.8544,3.6689
59.5922,0.7802,3.3455
59.5924,0.842,3.6154
59.5926,0.8406,3.608
59.5928,0.9265,3.9746
59.5930,0.8954,3.8414
59.5932,0.9174,3.93
59.5934,0.9701,4.158
59.5936,0.9304,3.9842
59.5938,1.0061,4.3061
59.5940,1.0444,4.4719
59.5942,1.0224,4.3841
59.5944,0.9633,4.1306
59.5946,1.0116,4.3338
59.5948,0.9999,4.2854
59.5950,0.9134,3.924
59.5952,0.7866,3.3822
59.5954,0.7808,3.359
59.5956,0.7786,3.3482
59.5958,0.7658,3.29
59.5960,0.8027,3.4502
59.5962,0.8569,3.6797
59.5964,0.846,3.6329
59.5966,0.821,3.5236
59.5968,0.8557,3.6694
59.5970,0.8798,3.7763
59.5972,0.8768,3.7687
59.5974,0.8043,3.4585
59.5976,0.8033,3.448
59.5978,0.8364,3.59
59.5980,0.8444,3.629
59.5982,0.7906,3.3966
59.5984,0.8099,3.4828
59.5986,0.7734,3.3224
59.5988,0.7843,3.3724
59.5990,0.7786,3.3497
59.5992,0.8101,3.4784
59.5994,0.8573,3.683
59.5996,0.8554,3.6816
59.5998,0.7336,3.1529
59.6000,0.759,3.2636
59.6002,0.7569,3.2564
59.6004,0.7309,3.1459
59.6006,0.7174,3.089
59.6008,0.7049,3.0311
59.6010,0.7451,3.2068
59.6012,0.7579,3.2605
59.6014,0.7243,3.1161
59.6016,0.7477,3.2137
59.6018,0.762,3.278
59.6020,0.7195,3.0998
59.6022,0.6685,2.8784
59.6024,0.6716,2.8918
59.6026,0.7048,3.0362
59.6028,0.6247,2.6912
59.6030,0.6006,2.5898
59.6032,0.6192,2.6649
59.6034,0.6661,2.8694
59.6036,0.6445,2.7777
59.6038,0.6565,2.8281
59.6040,0.6784,2.9199
59.6042,0.7249,3.1201
59.6044,0.7565,3.2543
59.6046,0.7236,3.1159
59.6048,0.6665,2.8715
59.6050,0.6705,2.8872
59.6052,0.6681,2.8715
59.6054,0.7339,3.1588
59.6056,0.7289,3.1386
59.6058,0.6647,2.865
59.6060,0.6149,2.6488
59.6062,0.6137,2.6424
59.6064,0.6308,2.715
59.6066,0.7073,3.0428
59.6068,0.7239,3.1155
59.6070,0.7101,3.0604
59.6072,0.6788,2.9214
59.6074,0.6792,2.9276
59.6076,0.5827,2.5139
59.6078,0.5402,2.3303
59.6080,0.5346,2.3065
59.6082,0.5333,2.2997
59.6084,0.5362,2.3132
59.6086,0.5384,2.3225
59.6088,0.5507,2.3758
59.6090,0.5464,2.3572
59.6092,0.5275,2.2733
59.6094,0.5296,2.2837
59.6096,0.5355,2.3069
59.6098,0.6658,2.8644
59.6100,0.6761,2.9087
59.6102,0.6674,2.8764
59.6104,0.6326,2.7265
59.6106,0.5893,2.54
59.6108,0.5261,2.2676
59.6110,0.5225,2.2532
59.6112,0.5276,2.2738
59.6114,0.5264,2.2697
59.6116,0.5348,2.307
59.6118,0.5379,2.3215
59.6120,0.5369,2.3152
59.6122,0.5354,2.3074
59.6124,0.5382,2.3209
59.6126,0.537,2.3157
59.6128,0.5424,2.3368
59.6130,0.6116,2.6312
59.6132,0.7031,3.0248
59.6134,0.6837,2.9426
59.6136,0.7169,3.087
59.6138,0.6914,2.9784
59.6140,0.618,2.6622
59.6142,0.5275,2.2723
59.6144,0.5511,2.3718
59.6146,0.5947,2.5632
59.6148,0.5822,2.5095
59.6150,0.5788,2.4933
59.6152,0.577,2.4833
59.6154,0.63,2.7139
59.6156,0.6367,2.7428
59.6158,0.5886,2.5345
59.6160,0.5831,2.5119
59.6162,0.648,2.7836
59.6164,0.8102,3.4789
59.6166,0.8577,3.6862
59.6168,0.8194,3.5186
59.6170,0.834,3.5814
59.6172,0.7718,3.3281
59.6174,0.6151,2.6499
59.6176,0.5974,2.571
59.6178,0.645,2.7772
59.6180,0.6731,2.8958
59.6182,0.7024,3.0217
59.6184,0.7001,3.0161
59.6186,0.6436,2.7715
59.6188,0.6085,2.6214
59.6190,0.5806,2.5022
59.6192,0.5278,2.277
59.6194,0.4909,2.1177
59.6196,0.4928,2.122
59.6198,0.6151,2.6511
59.6200,0.5417,2.3381
59.6202,0.5441,2.3419
59.6204,0.6104,2.6334
59.6206,0.4754,2.0538
59.6208,0.3932,1.6985
59.6210,0.3858,1.6669
59.6212,0.3876,1.6739
59.6214,0.3963,1.7111
59.6216,0.4104,1.7689
59.6218,0.4886,2.1069
59.6220,0.512,2.2067
59.6222,0.5493,2.3707
59.6224,0.5216,2.2501
59.6226,0.5254,2.2603
59.6228,0.6426,2.7643
59.6230,0.6464,2.7795
59.6232,0.6517,2.8048
59.6234,0.6698,2.88
59.6236,0.7589,3.2601
59.6238,0.7858,3.3713
59.6240,0.8984,3.8489
59.6242,0.9445,4.048
59.6244,0.9357,4.0105
59.6246,0.9352,4.0066
59.6248,0.93,3.9858
59.6250,0.9289,3.9812
59.6252,0.9343,4.0118
59.6254,0.878,3.7616
59.6256,0.9774,4.1874
59.6258,0.9796,4.2005
59.6260,0.9609,4.1127
59.6262,1.0079,4.3078
59.6264,1.0314,4.4144
59.6266,1.039,4.4509
59.6268,1.0656,4.5649
59.6270,1.0382,4.4353
59.6272,1.1259,4.8188
59.6274,1.0128,4.343
59.6276,0.9661,4.1405
59.6278,1.0033,4.2963
59.6280,1.0071,4.3223
59.6282,0.9212,3.9575
59.6284,0.8737,3.7501
59.6286,0.88,3.7786
59.6288,0.8897,3.8167
59.6290,0.8922,3.8293
59.6292,0.8354,3.5854
59.6294,0.8439,3.627
59.6296,0.8309,3.568
59.6298,0.7615,3.2806
59.6300,0.6754,2.907
59.6302,0.6993,3.0083
59.6304,0.7759,3.3332
59.6306,0.8448,3.6311
59.6308,0.7866,3.3806
59.6310,0.7888,3.3936
59.6312,0.7798,3.3502
59.6314,0.8262,3.5529
59.6316,0.8608,3.6979
59.6318,0.8725,3.7467
59.6320,0.8683,3.7304
59.6322,0.8308,3.5741
59.6324,0.7504,3.228
59.6326,0.7792,3.3523
59.6328,0.7797,3.3513
59.6330,0.8096,3.4812
59.6332,0.8234,3.5454
59.6334,0.7394,3.1781
59.6336,0.7439,3.2016
59.6338,0.6604,2.8464
59.6340,0.6158,2.653
59.6342,0.6519,2.811
59.6344,0.6218,2.6813
59.6346,0.5982,2.577
59.6348,0.6313,2.7221
59.6350,0.6029,2.6008
59.6352,0.595,2.5643
59.6354,0.6023,2.5922
59.6356,0.6466,2.7831
59.6358,0.6721,2.8939
59.6360,0.6555,2.8252
59.6362,0.5953,2.567
59.6364,0.6613,2.8461
59.6366,0.7173,3.0885
59.6368,0.6671,2.874
59.6370,0.6192,2.6674
59.6372,0.6197,2.6707
59.6374,0.6032,2.6047
59.6376,0.4906,2.1196
59.6378,0.4789,2.064
59.6380,0.5837,2.5192
59.6382,0.55,2.3716
59.6384,0.5965,2.5698
59.6386,0.6037,2.602
59.6388,0.5748,2.4797
59.6390,0.4764,2.0551
59.6392,0.4628,1.9975
59.6394,0.4687,2.0248
59.6396,0.4711,2.0323
59.6398,0.5012,2.1642
59.6400,0.441,1.9051
59.6402,0.44,1.901
59.6404,0.4596,1.9827
59.6406,0.5448,2.3482
59.6408,0.5218,2.2532
59.6410,0.4386,1.8948
59.6412,0.436,1.8834
59.6414,0.4489,1.9393
59.6416,0.4392,1.8947
59.6418,0.4367,1.8865
59.6420,0.4409,1.9028
59.6422,0.5028,2.1689
59.6424,0.4783,2.0633
59.6426,0.4568,1.9717
59.6428,0.4445,1.9193
59.6430,0.4493,1.94
59.6432,0.4472,1.9294
59.6434,0.4638,2.0017
59.6436,0.5038,2.1735
59.6438,0.5207,2.2454
59.6440,0.5494,2.3646
59.6442,0.5842,2.5154
59.6444,0.6279,2.7039
59.6446,0.5972,2.5741
59.6448,0.5725,2.4665
59.6450,0.5814,2.5059
59.6452,0.5736,2.4711
59.6454,0.5954,2.5628
59.6456,0.6363,2.7413
59.6458,0.5508,2.3763
59.6460,0.5266,2.2708
59.6462,0.541,2.3285
59.6464,0.6219,2.6768
59.6466,0.6213,2.6742
59.6468,0.6677,2.8726
59.6470,0.6908,2.973
59.6472,0.6622,2.8529
59.6474,0.6032,2.6011
59.6476,0.561,2.4158
59.6478,0.5953,2.561
59.6480,0.6218,2.68
59.6482,0.5541,2.3903
59.6484,0.5457,2.3519
59.6486,0.5657,2.4382
59.6488,0.5384,2.3203
59.6490,0.5694,2.4508
59.6492,0.6295,2.7093
59.6494,0.5902,2.5412
59.6496,0.5866,2.5281
59.6498,0.5934,2.554
59.6500,0.6772,2.9134
59.6502,0.6822,2.935
59.6504,0.6567,2.8278
59.6506,0.6622,2.8489
59.6508,0.6643,2.8576
59.6510,0.6083,2.6192
59.6512,0.5759,2.4798
59.6514,0.6474,2.7862
59.6516,0.6354,2.7384
59.6518,0.5676,2.4453
59.6520,0.5747,2.4746
59.6522,0.5722,2.4638
59.6524,0.5641,2.4326
59.6526,0.4947,2.1342
59.6528,0.4886,2.1069
59.6530,0.5275,2.2712
59.6532,0.5553,2.3954
59.6534,0.4908,2.1162
59.6536,0.4821,2.0799
59.6538,0.4493,1.9382
59.6540,0.5075,2.1885
59.6542,0.4631,1.9995
59.6544,0.406,1.7523
59.6546,0.4538,1.9569
59.6548,0.4944,2.1317
59.6550,0.4392,1.8947
59.6552,0.4614,1.9886
59.6554,0.5673,2.4438
59.6556,0.589,2.5337
59.6558,0.6156,2.6458
59.6560,0.6246,2.6857
59.6562,0.6567,2.8225
59.6564,0.7066,3.0341
59.6566,0.7429,3.1916
59.6568,0.7825,3.36
59.6570,0.7892,3.3857
59.6572,0.8224,3.5249
59.6574,0.8406,3.603
59.6576,0.9035,3.8723
59.6578,0.9095,3.8961
59.6580,0.9201,3.9418
59.6582,0.9674,4.1423
59.6584,1.0398,4.4462
59.6586,1.0854,4.6388
59.6588,1.0779,4.6135
59.6590,1.0758,4.6
59.6592,1.1115,4.7505
59.6594,1.0682,4.5784
59.6596,0.9216,3.9554
59.6598,0.8561,3.6761
59.6600,0.8215,3.5273
59.6602,0.8201,3.5249
59.6604,0.8031,3.4502
59.6606,0.8191,3.5105
59.6608,0.8969,3.844
59.6610,0.873,3.7487
59.6612,0.8276,3.5552
59.6614,0.8623,3.7046
59.6616,0.8074,3.4719
59.6618,0.7364,3.1623
59.6620,0.8023,3.4433
59.6622,0.8861,3.7995
59.6624,0.8679,3.7283
59.6626,0.7909,3.3944
59.6628,0.902,3.8697
59.6630,0.9158,3.9289
59.6632,0.8265,3.5522
59.6634,0.8268,3.5505
59.6636,0.8539,3.6651
59.6638,0.8788,3.7717
59.6640,0.8409,3.6141
59.6642,0.7815,3.3637
59.6644,0.7765,3.3358
59.6646,0.8218,3.5272
59.6648,0.8574,3.6835
59.6650,0.8012,3.4451
59.6652,0.7681,3.3028
59.6654,0.7637,3.2807
59.6656,0.7667,3.2966
59.6658,0.7396,3.1831
59.6660,0.7575,3.2559
59.6662,0.8333,3.5783
59.6664,0.8869,3.8049
59.6666,0.9026,3.8705
59.6668,0.9717,4.1666
59.6670,0.9766,4.1838
59.6672,0.9833,4.2145
59.6674,0.9848,4.2246
59.6676,0.9336,4.0106
59.6678,0.8856,3.8045
59.6680,0.878,3.7668
59.6682,0.9483,4.072
59.6684,0.8646,3.7127
59.6686,0.8671,3.7252
59.6688,0.9005,3.8666
59.6690,0.9381,4.0283
59.6692,0.8542,3.6747
59.6694,0.7382,3.173
59.6696,0.8125,3.4952
59.6698,0.7266,3.1288
59.6700,0.7012,3.0165
59.6702,0.7031,3.0276
59.6704,0.6442,2.7767
59.6706,0.5663,2.4442
59.6708,0.6075,2.6234
59.6710,0.5252,2.2677
59.6712,0.5133,2.2154
59.6714,0.5081,2.1921
59.6716,0.5105,2.2035
59.6718,0.5152,2.2247
59.6720,0.5169,2.232
59.6722,0.5204,2.2449
59.6724,0.5264,2.2718
59.6726,0.5833,2.5141
59.6728,0.6153,2.6509
59.6730,0.5855,2.5234
59.6732,0.54,2.3297
59.6734,0.521,2.2485
59.6736,0.5191,2.2413
59.6738,0.5192,2.2408
59.6740,0.5159,2.2258
59.6742,0.5059,2.1843
59.6744,0.502,2.1658
59.6746,0.501,2.1611
59.6748,0.5183,2.2361
59.6750,0.5499,2.37
59.6752,0.514,2.2165
59.6754,0.5097,2.1989
59.6756,0.5183,2.233
59.6758,0.6333,2.7258
59.6760,0.6809,2.928
59.6762,0.6819,2.9348
59.6764,0.6442,2.7728
59.6766,0.6348,2.732
59.6768,0.6192,2.6674
59.6770,0.6174,2.6597
59.6772,0.6163,2.6562
59.6774,0.6157,2.6512
59.6776,0.6512,2.8014
59.6778,0.6912,2.9737
59.6780,0.6709,2.89
59.6782,0.6344,2.7317
59.6784,0.6785,2.9217
59.6786,0.6728,2.897
59.6788,0.6234,2.6842
59.6790,0.6321,2.7207
59.6792,0.6898,2.9689
59.6794,0.701,3.0169
59.6796,0.7207,3.0963
59.6798,0.7627,3.2766
59.6800,0.7399,3.1846
59.6802,0.6874,2.9558
59.6804,0.7933,3.4063
59.6806,0.8631,3.7042
59.6808,0.8831,3.7902
59.6810,0.8749,3.7534
59.6812,0.8598,3.6938
59.6814,0.7621,3.277
59.6816,0.7722,3.3173
59.6818,0.8068,3.4661
59.6820,0.8051,3.4573
59.6822,0.8728,3.7407
59.6824,1.0018,4.2937
59.6826,0.9392,4.031
59.6828,0.9158,3.9234
59.6830,0.987,4.2364
59.6832,0.9167,3.938
59.6834,0.8494,3.6541
59.6836,0.8182,3.5151
59.6838,0.8319,3.5738
59.6840,0.8165,3.5078
59.6842,0.8119,3.4861
59.6844,0.8297,3.5662
59.6846,0.7703,3.3136
59.6848,0.6905,2.9734
59.6850,0.6933,2.9839
59.6852,0.6999,3.015
59.6854,0.6892,2.9663
59.6856,0.7205,3.0952
59.6858,0.7891,3.3899
59.6860,0.825,3.5411
59.6862,0.8021,3.4508
59.6864,0.7762,3.3441
59.6866,0.7686,3.3033
59.6868,0.8075,3.466
59.6870,0.8218,3.5354
59.6872,0.7652,3.295
59.6874,0.7759,3.3363
59.6876,0.7369,3.1658
59.6878,0.7391,3.178
59.6880,0.7481,3.2152
59.6882,0.832,3.5776
59.6884,0.8593,3.6883
59.6886,0.828,3.554
59.6888,0.8685,3.7326
59.6890,0.8563,3.672
59.6892,0.8727,3.7507
59.6894,0.8218,3.5354
59.6896,0.7559,3.2548
59.6898,0.7469,3.2145
59.6900,0.7398,3.1782
59.6902,0.8284,3.5605
59.6904,0.7974,3.4286
59.6906,0.8234,3.5339
59.6908,0.914,3.9193
59.6910,0.9453,4.0516
59.6912,0.9885,4.2366
59.6914,0.9879,4.2459
59.6916,0.9357,4.0105
59.6918,1.0135,4.346
59.6920,0.9838,4.2166
59.6922,0.9759,4.1807
59.6924,1.0252,4.3898
59.6926,1.0597,4.5355
59.6928,1.1131,4.7706
59.6930,1.0802,4.6276
59.6932,1.0539,4.513
59.6934,1.1018,4.7156
59.6936,1.094,4.6932
59.6938,0.967,4.1582
59.6940,0.871,3.7434
59.6942,0.8563,3.6771
59.6944,0.9014,3.8779
59.6946,0.8073,3.473
59.6948,0.7499,3.2274
59.6950,0.72,3.0989
59.6952,0.7165,3.0868
59.6954,0.6982,3.0064
59.6956,0.7585,3.2646
59.6958,0.7977,3.4286
59.6960,0.8432,3.6256
59.6962,0.8563,3.684
59.6964,0.8369,3.6004
59.6966,0.817,3.5132
59.6968,0.7525,3.2433
59.6970,0.6844,2.9457
59.6972,0.7355,3.1655
59.6974,0.7101,3.0632
59.6976,0.6198,2.6737
59.6978,0.6181,2.6652
59.6980,0.6067,2.6173
59.6982,0.614,2.6452
59.6984,0.6614,2.8479
59.6986,0.6881,2.963
59.6988,0.7044,3.0347
59.6990,0.7472,3.2176
59.6992,0.7042,3.0351
59.6994,0.7243,3.1175
59.6996,0.8121,3.4839
59.6998,0.8824,3.7924
59.7000,0.7963,3.4224
59.7002,0.7487,3.2193
59.7004,0.7477,3.2226
59.7006,0.7477,3.2211
59.7008,0.7133,3.0758
59.7010,0.6186,2.6661
59.7012,0.6119,2.6347
59.7014,0.682,2.9394
59.7016,0.6597,2.8407
59.7018,0.6995,3.0121
59.7020,0.7026,3.0227
59.7022,0.7647,3.293
59.7024,0.7141,3.0779
59.7026,0.7072,3.0409
59.7028,0.7746,3.3322
59.7030,0.727,3.1289
59.7032,0.6935,2.9904
59.7034,0.667,2.8735
59.7036,0.6689,2.8818
59.7038,0.6984,3.0061
59.7040,0.7657,3.2986
59.7042,0.676,2.915
59.7044,0.5904,2.5517
59.7046,0.5231,2.2589
59.7048,0.5352,2.309
59.7050,0.5378,2.3199
59.7052,0.5592,2.4114
59.7054,0.6571,2.8254
59.7056,0.7549,3.2521
59.7058,0.6324,2.7268
59.7060,0.648,2.7888
59.7062,0.7026,3.0283
59.7064,0.5844,2.5188
59.7066,0.5809,2.505
59.7068,0.5936,2.561
59.7070,0.5827,2.5127
59.7072,0.6157,2.6537
59.7074,0.6387,2.7516
59.7076,0.6842,2.9405
59.7078,0.7308,3.1483
59.7080,0.6778,2.9214
59.7082,0.6567,2.8304
59.7084,0.589,2.5396
59.7086,0.5812,2.506
59.7088,0.609,2.6211
59.7090,0.6602,2.8467
59.7092,0.6031,2.6018
59.7094,0.5709,2.4638
59.7096,0.5671,2.4444
59.7098,0.5683,2.4518
59.7100,0.5655,2.4383
59.7102,0.5643,2.432
59.7104,0.5692,2.4543
59.7106,0.5709,2.4627
59.7108,0.5813,2.5054
59.7110,0.6303,2.7142
59.7112,0.6477,2.7942
59.7114,0.579,2.4967
59.7116,0.5701,2.4573
59.7118,0.5682,2.4467
59.7120,0.6111,2.6316
59.7122,0.6705,2.8885
59.7124,0.659,2.8376
59.7126,0.7011,3.016
59.7128,0.7193,3.0959
59.7130,0.6856,2.9508
59.7132,0.682,2.9367
59.7134,0.6675,2.8769
59.7136,0.6188,2.6646
59.7138,0.6631,2.8538
59.7140,0.6716,2.8905
59.7142,0.7194,3.0935
59.7144,0.7563,3.2538
59.7146,0.6761,2.9101
59.7148,0.6637,2.8577
59.7150,0.6628,2.8515
59.7152,0.6656,2.8633
59.7154,0.6749,2.9049
59.7156,0.6994,3.0088
59.7158,0.7321,3.1496
59.7160,0.6951,2.9888
59.7162,0.8155,3.4999
59.7164,0.9044,3.8818
59.7166,0.8777,3.7688
59.7168,0.8091,3.4808
59.7170,0.77,3.3157
59.7172,0.7089,3.0495
59.7174,0.7113,3.0613
59.7176,0.6906,2.9739
59.7178,0.6896,2.9665
59.7180,0.7444,3.2037
59.7182,0.7198,3.095
59.7184,0.7203,3.0942
59.7186,0.8116,3.4883
59.7188,0.8366,3.5939
59.7190,0.8565,3.6777
59.7192,0.8027,3.4566
59.7194,0.7352,3.1645
59.7196,0.7181,3.0849
59.7198,0.744,3.2022
59.7200,0.7093,3.0559
59.7202,0.6855,2.9503
59.7204,0.7079,3.044
59.7206,0.7543,3.242
59.7208,0.7934,3.4148
59.7210,0.7194,3.0949
59.7212,0.6978,3.0007
59.7214,0.7674,3.2951
59.7216,0.833,3.5817
59.7218,0.7457,3.2109
59.7220,0.7681,3.3043
59.7222,0.8019,3.4466
59.7224,0.7903,3.3998
59.7226,0.8149,3.4957
59.7228,0.9496,4.0758
59.7230,0.9439,4.0473
59.7232,0.9788,4.1911
59.7234,1.0216,4.3846
59.7236,0.9993,4.2829
59.7238,1.0947,4.6854
59.7240,1.1103,4.7565
59.7242,1.0815,4.6224
59.7244,1.1585,4.9514
59.7246,1.1334,4.8466
59.7248,1.1874,5.0821
59.7250,1.1325,4.8515
59.7252,1.1212,4.801
59.7254,1.1705,5.0097
59.7256,1.1892,5.0874
59.7258,1.1708,5.0089
59.7260,1.2074,5.1629
59.7262,1.2127,5.1976
59.7264,1.0839,4.6435
59.7266,1.0315,4.4273
59.7268,1.0363,4.4437
59.7270,1.0717,4.5911
59.7272,1.0921,4.6741
59.7274,1.1131,4.7639
59.7276,1.1084,4.7461
59.7278,1.1586,4.9566
59.7280,1.1964,5.1205
59.7282,1.15,4.9357
59.7284,1.0127,4.3526
59.7286,0.9231,3.9676
59.7288,0.9066,3.8929
59.7290,0.962,4.1307
59.7292,0.9332,4.0072
59.7294,0.9238,3.9707
59.7296,0.8914,3.8346
59.7298,0.914,3.9284
59.7300,0.9146,3.9274
59.7302,0.9784,4.2013
59.7304,0.9122,3.9207
59.7306,0.8905,3.8274
59.7308,0.9045,3.8895
59.7310,0.8862,3.8124
59.7312,0.8492,3.6497
59.7314,0.844,3.6309
59.7316,0.8597,3.7002
59.7318,0.7996,3.4432
59.7320,0.7878,3.3905
59.7322,0.8266,3.5544
59.7324,0.8882,3.8141
59.7326,0.9255,3.9761
59.7328,0.9302,3.9962
59.7330,0.9496,4.0777
59.7332,0.9384,4.0293
59.7334,0.9469,4.0659
59.7336,0.9583,4.1129
59.7338,1.0163,4.3619
59.7340,0.9759,4.1983
59.7342,0.8331,3.5856
59.7344,0.8634,3.7196
59.7346,0.8477,3.6502
59.7348,0.8454,3.6337
59.7350,0.8574,3.6886
59.7352,0.7917,3.4075
59.7354,0.8083,3.4772
59.7356,0.8537,3.6744
59.7358,0.8857,3.8068
59.7360,0.8506,3.6609
59.7362,0.8139,3.503
59.7364,0.8062,3.4684
59.7366,0.8086,3.4771
59.7368,0.8681,3.7363
59.7370,0.7882,3.3989
59.7372,0.6351,2.7437
59.7374,0.6002,2.5906
59.7376,0.6964,3.0001
59.7378,0.821,3.5302
59.7380,0.8185,3.521
59.7382,0.8171,3.5153
59.7384,0.8354,3.5904
59.7386,0.8405,3.6142
59.7388,0.8725,3.7519
59.7390,0.7922,3.4175
59.7392,0.6369,2.7502
59.7394,0.5812,2.5106
59.7396,0.5757,2.4857
59.7398,0.5788,2.4968
59.7400,0.5723,2.4712
59.7402,0.5798,2.5061
59.7404,0.5151,2.2273
59.7406,0.4953,2.1418
59.7408,0.4977,2.1491
59.7410,0.5489,2.3724
59.7412,0.5285,2.2811
59.7414,0.5934,2.5599
59.7416,0.5447,2.3521
59.7418,0.5296,2.2858
59.7420,0.6104,2.6321
59.7422,0.5904,2.5505
59.7424,0.5505,2.3758
59.7426,0.6022,2.5977
59.7428,0.6222,2.6816
59.7430,0.6587,2.8379
59.7432,0.7137,3.0716
59.7434,0.7731,3.3276
59.7436,0.7187,3.0961
59.7438,0.7127,3.0717
59.7440,0.6947,2.9914
59.7442,0.7268,3.1284
59.7444,0.7414,3.1938
59.7446,0.6565,2.832
59.7448,0.627,2.7048
59.7450,0.6289,2.708
59.7452,0.6975,3.0005
59.7454,0.7723,3.3224
59.7456,0.8114,3.4922
59.7458,0.7768,3.3436
59.7460,0.765,3.2955
59.7462,0.7675,3.2987
59.7464,0.7838,3.3782
59.7466,0.6189,2.6689
59.7468,0.6722,2.8984
59.7470,0.6454,2.7805
59.7472,0.6537,2.8188
59.7474,0.6681,2.8808
59.7476,0.6635,2.8599
59.7478,0.6596,2.8415
59.7480,0.6775,2.9157
59.7482,0.7049,3.0339
59.7484,0.7698,3.3131
59.7486,0.8123,3.4963
59.7488,0.8175,3.5152
59.7490,0.7741,3.3363
59.7492,0.6423,2.771
59.7494,0.6318,2.7229
59.7496,0.6384,2.7501
59.7498,0.6468,2.7836
59.7500,0.6807,2.9351
59.7502,0.6296,2.7174
59.7504,0.5589,2.4098
59.7506,0.5505,2.3758
59.7508,0.5529,2.3851
59.7510,0.5508,2.3796
59.7512,0.5518,2.3782
59.7514,0.6237,2.6858
59.7516,0.6055,2.6122
59.7518,0.5386,2.3257
59.7520,0.5739,2.4733
59.7522,0.6307,2.717
59.7524,0.656,2.8234
59.7526,0.6518,2.8144
59.7528,0.5313,2.2941
59.7530,0.5189,2.2387
59.7532,0.5633,2.4312
59.7534,0.5399,2.3314
59.7536,0.5319,2.2978
59.7538,0.537,2.3157
59.7540,0.6201,2.6703
59.7542,0.7031,3.0304
59.7544,0.6175,2.6614
59.7546,0.6047,2.6025
59.7548,0.6522,2.8095
59.7550,0.6538,2.818
59.7552,0.6421,2.7661
59.7554,0.6915,2.9775
59.7556,0.6898,2.9703
59.7558,0.6945,2.9918
59.7560,0.6595,2.841
59.7562,0.6603,2.838
59.7564,0.8207,3.5226
59.7566,0.9254,3.97
59.7568,0.9412,4.0379
59.7570,0.9268,3.9817
59.7572,0.8404,3.612
59.7574,0.8643,3.7111
59.7576,0.8626,3.7091
59.7578,0.8135,3.4917
59.7580,0.9123,3.9158
59.7582,0.9093,3.9047
59.7584,0.8983,3.8556
59.7586,0.9174,3.9374
59.7588,0.9589,4.1154
59.7590,0.881,3.7867
59.7592,0.8429,3.6212
59.7594,0.905,3.8844
59.7596,0.9663,4.1396
59.7598,1.0049,4.307
59.7600,1.012,4.3475
59.7602,0.9069,3.898
59.7604,0.8679,3.7318
59.7606,0.8409,3.6141
59.7608,0.8074,3.4735
59.7610,0.7984,3.4333
59.7612,0.8159,3.5053
59.7614,0.9246,3.9664
59.7616,0.9465,4.0662
59.7618,0.9066,3.8947
59.7620,0.9081,3.8959
59.7622,0.9283,3.9898
59.7624,0.9099,3.9055
59.7626,0.9396,4.0363
59.7628,0.9169,3.9316
59.7630,0.9605,4.1265
59.7632,0.9133,3.9254
59.7634,0.9207,3.9555
59.7636,0.9442,4.0451
59.7638,0.9838,4.2244
59.7640,0.9289,3.9868
59.7642,0.9439,4.0473
59.7644,0.9806,4.2066
59.7646,1.0249,4.401
59.7648,0.9241,3.9717
59.7650,0.8167,3.5231
59.7652,0.6512,2.8053
59.7654,0.7542,3.243
59.7656,0.8423,3.6152
59.7658,0.8975,3.8537
59.7660,0.9138,3.9274
59.7662,0.9033,3.8772
59.7664,0.9535,4.098
59.7666,0.9228,3.9753
59.7668,0.7566,3.2594
59.7670,0.6897,2.9725
59.7672,0.694,2.9939
59.7674,0.6444,2.7759
59.7676,0.6976,3.0038
59.7678,0.7186,3.0942
59.7680,0.767,3.3028
59.7682,0.7658,3.2945
59.7684,0.7387,3.1824
59.7686,0.7283,3.1375
59.7688,0.7079,3.0482
59.7690,0.7032,3.0267
59.7692,0.7526,3.2378
59.7694,0.7875,3.3942
59.7696,0.7086,3.057
59.7698,0.6482,2.795
59.7700,0.6227,2.6861
59.7702,0.6222,2.6828
59.7704,0.6266,2.7045
59.7706,0.6205,2.6756
59.7708,0.6013,2.5941
59.7710,0.5773,2.4929
59.7712,0.5532,2.3889
59.7714,0.5487,2.3692
59.7716,0.5309,2.2894
59.7718,0.568,2.4469
59.7720,0.703,3.0327
59.7722,0.5769,2.4908
59.7724,0.4952,2.1383
59.7726,0.4815,2.0802
59.7728,0.4687,2.0248
59.7730,0.4736,2.047
59.7732,0.474,2.0485
59.7734,0.4839,2.0896
59.7736,0.4869,2.1025
59.7738,0.4878,2.1062
59.7740,0.5354,2.3106
59.7742,0.518,2.2377
59.7744,0.4904,2.1185
59.7746,0.4868,2.102
59.7748,0.4821,2.0828
59.7750,0.4812,2.0796
59.7752,0.4749,2.0517
59.7754,0.4704,2.0311
59.7756,0.4664,2.0149
59.7758,0.4816,2.0778
59.7760,0.5426,2.3406
59.7762,0.5167,2.2309
59.7764,0.484,2.0891
59.7766,0.4926,2.1259
59.7768,0.5446,2.3494
59.7770,0.5677,2.4492
59.7772,0.5669,2.4433
59.7774,0.5739,2.4779
59.7776,0.496,2.1419
59.7778,0.4757,2.052
59.7780,0.4737,2.0437
59.7782,0.4822,2.0804
59.7784,0.5563,2.4001
59.7786,0.5812,2.5013
59.7788,0.656,2.8234
59.7790,0.6941,2.9819
59.7792,0.7471,3.2141
59.7794,0.6541,2.819
59.7796,0.5645,2.4341
59.7798,0.5484,2.3659
59.7800,0.5669,2.4456
59.7802,0.5745,2.4747
59.7804,0.5803,2.5024
59.7806,0.574,2.4738
59.7808,0.5809,2.5038
59.7810,0.5795,2.4964
59.7812,0.5947,2.562
59.7814,0.5923,2.5529
59.7816,0.5922,2.5512
59.7818,0.7048,3.0292
59.7820,0.8486,3.642
59.7822,0.8262,3.5512
59.7824,0.7915,3.4081
59.7826,0.7176,3.0886
59.7828,0.6962,2.9921
59.7830,0.7246,3.12
59.7832,0.6669,2.8717
59.7834,0.6544,2.818
59.7836,0.6548,2.8195
59.7838,0.6568,2.8283
59.7840,0.6746,2.9007
59.7842,0.7448,3.1983
59.7844,0.7825,3.3616
59.7846,0.7971,3.4276
59.7848,0.7596,3.2677
59.7850,0.7625,3.2816
59.7852,0.6995,3.0093
59.7854,0.6837,2.948
59.7856,0.6098,2.6296
59.7858,0.5772,2.4878
59.7860,0.6418,2.7612
59.7862,0.7018,3.0149
59.7864,0.721,3.1045
59.7866,0.6169,2.6601
59.7868,0.5777,2.4887
59.7870,0.5968,2.5696
59.7872,0.6248,2.6942
59.7874,0.5375,2.321
59.7876,0.4635,1.9997
59.7878,0.5086,2.1912
59.7880,0.5695,2.457
59.7882,0.5259,2.2687
59.7884,0.5706,2.4582
59.7886,0.6623,2.8428
59.7888,0.8494,3.649
59.7890,0.8303,3.5654
59.7892,0.8436,3.6158
59.7894,0.9451,4.0487
59.7896,0.9116,3.9145
59.7898,0.8924,3.8268
59.7900,0.9604,4.1144
59.7902,0.976,4.189
59.7904,0.9185,3.9365
59.7906,0.987,4.2245
59.7908,1.0458,4.4781
59.7910,1.0772,4.6126
59.7912,1.0314,4.4227
59.7914,1.0321,4.4216
59.7916,1.0814,4.6306
59.7918,1.0566,4.5285
59.7920,0.9875,4.2365
59.7922,0.9796,4.1966
59.7924,1.0205,4.3738
59.7926,0.9809,4.2062
59.7928,0.8783,3.7731
59.7930,0.8873,3.8118
59.7932,0.888,3.8077
59.7934,0.9796,4.1966
59.7936,0.9854,4.2292
59.7938,0.8941,3.8393
59.7940,0.9074,3.8947
59.7942,0.8721,3.7498
59.7944,0.8233,3.5383
59.7946,0.8839,3.792
59.7948,0.9822,4.2079
59.7950,1.0374,4.4546
59.7952,0.9394,4.0283
59.7954,0.9989,4.2813
59.7956,0.9268,3.9817
59.7958,0.8217,3.5349
59.7960,0.8322,3.5786
59.7962,0.8494,3.6456
59.7964,0.8896,3.8251
59.7966,0.8252,3.5482
59.7968,0.8507,3.6512
59.7970,0.9012,3.8697
59.7972,0.9089,3.9045
59.7974,0.9156,3.9388
59.7976,0.7828,3.3694
59.7978,0.7264,3.1263
59.7980,0.7515,3.2377
59.7982,0.7105,3.0553
59.7984,0.8059,3.4572
59.7986,0.8866,3.8087
59.7988,0.9141,3.9253
59.7990,0.9493,4.0686
59.7992,1.0292,4.4134
59.7994,1.0126,4.348
59.7996,0.9459,4.0599
59.7998,0.9139,3.9243
59.8000,0.9141,3.9271
59.8002,0.8779,3.7733
59.8004,0.8109,3.4901
59.8006,0.7398,3.1871
59.8008,0.7498,3.2299
59.8010,0.709,3.0586
59.8012,0.652,2.8089
59.8014,0.6495,2.7994
59.8016,0.6351,2.7361
59.8018,0.6528,2.8055
59.8020,0.8591,3.6941
59.8022,0.8513,3.6606
59.8024,0.8336,3.5893
59.8026,0.723,3.1176
59.8028,0.6511,2.8048
59.8030,0.6758,2.9112
59.8032,0.6923,2.9825
59.8034,0.6902,2.9704
59.8036,0.6861,2.9543
59.8038,0.7037,3.0344
59.8040,0.7337,3.1578
59.8042,0.7627,3.2811
59.8044,0.7515,3.2332
59.8046,0.7665,3.3007
59.8048,0.7062,3.0424
59.8050,0.6529,2.8126
59.8052,0.6938,2.9859
59.8054,0.8201,3.5249
59.8056,0.8313,3.5762
59.8058,0.7723,3.3209
59.8060,0.7406,3.1892
59.8062,0.7331,3.1596
59.8064,0.7211,3.105
59.8066,0.6259,2.6988
59.8068,0.5731,2.4736
59.8070,0.5741,2.4789
59.8072,0.5707,2.4622
59.8074,0.5748,2.4763
59.8076,0.6144,2.6517
59.8078,0.5657,2.4427
59.8080,0.5607,2.4176
59.8082,0.5653,2.4344
59.8084,0.6878,2.9615
59.8086,0.6992,3.0119
59.8088,0.6062,2.6153
59.8090,0.555,2.3966
59.8092,0.5525,2.3835
59.8094,0.55,2.3716
59.8096,0.5498,2.3727
59.8098,0.55,2.3738
59.8100,0.5513,2.3795
59.8102,0.5525,2.3846
59.8104,0.5498,2.3716
59.8106,0.5484,2.3681
59.8108,0.5475,2.3629
59.8110,0.5501,2.3721
59.8112,0.5534,2.3872
59.8114,0.5512,2.3789
59.8116,0.5616,2.4195
59.8118,0.626,2.6956
59.8120,0.6837,2.9426
59.8122,0.7652,3.2859
59.8124,0.8227,3.5423
59.8126,0.6627,2.8549
59.8128,0.7165,3.0825
59.8130,0.6887,2.9698
59.8132,0.6097,2.6278
59.8134,0.5953,2.567
59.8136,0.6008,2.5908
59.8138,0.5893,2.54
59.8140,0.6133,2.6421
59.8142,0.6719,2.8893
59.8144,0.7697,3.3126
59.8146,0.7162,3.0824
59.8148,0.7115,3.0595
59.8150,0.7227,3.1089
59.8152,0.7571,3.2584
59.8154,0.7296,3.1388
59.8156,0.7227,3.1103
59.8158,0.6743,2.9037
59.8160,0.6846,2.9426
59.8162,0.7385,3.1769
59.8164,0.6617,2.8548
59.8166,0.621,2.6776
59.8168,0.6263,2.6979
59.8170,0.6303,2.7129
59.8172,0.6764,2.9084
59.8174,0.7164,3.0849
59.8176,0.6875,2.9618
59.8178,0.5822,2.5106
59.8180,0.5363,2.3148
59.8182,0.5729,2.4715
59.8184,0.6025,2.5992
59.8186,0.5962,2.5706
59.8188,0.5447,2.3488
59.8190,0.5496,2.3689
59.8192,0.5936,2.561
59.8194,0.5681,2.4496
59.8196,0.5036,2.1735
59.8198,0.4911,2.1197
59.8200,0.5134,2.2149
59.8202,0.5346,2.3097
59.8204,0.5062,2.1859
59.8206,0.4517,1.9503
59.8208,0.451,1.9445
59.8210,0.5031,2.1684
59.8212,0.5481,2.3644
59.8214,0.5042,2.1761
59.8216,0.5011,2.1596
59.8218,0.6247,2.6887
59.8220,0.7357,3.1621
59.8222,0.8026,3.4465
59.8224,0.8048,3.4606
59.8226,0.7934,3.4084
59.8228,0.8563,3.6737
59.8230,0.8809,3.7792
59.8232,0.915,3.9216
59.8234,1.0256,4.3918
59.8236,1.0973,4.6945
59.8238,1.1055,4.7271
59.8240,1.0916,4.6698
59.8242,1.109,4.7442
59.8244,1.1103,4.7476
59.8246,1.128,4.8325
59.8248,1.0533,4.5125
59.8250,1.1176,4.7767
59.8252,1.1686,4.9945
59.8254,1.1412,4.8913
59.8256,0.9571,4.1077
59.8258,0.9039,3.8743
59.8260,0.9918,4.251
59.8262,1.0652,4.5676
59.8264,1.0212,4.379
59.8266,0.9972,4.2781
59.8268,0.9932,4.2507
59.8270,1.0615,4.5475
59.8272,1.0969,4.699
59.8274,1.024,4.3969
59.8276,0.8831,3.8008
59.8278,0.7334,3.1597
59.8280,0.6958,2.9947
59.8282,0.7038,3.0293
59.8284,0.7656,3.2935
59.8286,0.8259,3.5497
59.8288,0.8199,3.5272
59.8290,0.7998,3.4405
59.8292,0.8375,3.603
59.8294,0.8721,3.7446
59.8296,0.933,3.9987
59.8298,0.9809,4.214
59.8300,0.8545,3.678
59.8302,0.7368,3.1697
59.8304,0.7541,3.244
59.8306,0.7662,3.2976
59.8308,0.7587,3.2687
59.8310,0.7149,3.0739
59.8312,0.7578,3.2661
59.8314,0.717,3.0889
59.8316,0.6739,2.9003
59.8318,0.6761,2.9128
59.8320,0.6557,2.8289
59.8322,0.6206,2.6761
59.8324,0.6456,2.7823
59.8326,0.6061,2.6123
59.8328,0.6754,2.9083
59.8330,0.7415,3.1943
59.8332,0.6873,2.9594
59.8334,0.6751,2.9068
59.8336,0.673,2.9007
59.8338,0.6257,2.6991
59.8340,0.597,2.573
59.8342,0.6059,2.6101
59.8344,0.6644,2.8635
59.8346,0.6644,2.8635
59.8348,0.6104,2.6309
59.8350,0.6475,2.7867
59.8352,0.7288,3.1395
59.8354,0.6896,2.9692
59.8356,0.646,2.7857
59.8358,0.5598,2.4162
59.8360,0.534,2.306
59.8362,0.5517,2.381
59.8364,0.5312,2.2947
59.8366,0.4574,1.9761
59.8368,0.4514,1.9502
59.8370,0.4751,2.0503
59.8372,0.558,2.4062
59.8374,0.6176,2.6607
59.8376,0.5962,2.5706
59.8378,0.5471,2.3614
59.8380,0.5281,2.2822
59.8382,0.4637,2.0012
59.8384,0.452,1.9519
59.8386,0.4513,1.9497
59.8388,0.4908,2.1171
59.8390,0.5326,2.2955
59.8392,0.5436,2.3431
59.8394,0.5741,2.4766
59.8396,0.5513,2.3762
59.8398,0.6117,2.6329
59.8400,0.6601,2.8462
59.8402,0.5721,2.4701
59.8404,0.4669,2.0151
59.8406,0.448,1.9352
59.8408,0.4788,2.0683
59.8410,0.4626,1.9965
59.8412,0.4546,1.9609
59.8414,0.4733,2.0426
59.8416,0.5255,2.2682
59.8418,0.4918,2.1238
59.8420,0.4625,1.9951
59.8422,0.4687,2.021
59.8424,0.5204,2.2439
59.8426,0.5709,2.4604
59.8428,0.5794,2.4948
59.8430,0.6418,2.7663
59.8432,0.5921,2.5507
59.8434,0.6006,2.5874
59.8436,0.5658,2.4387
59.8438,0.5581,2.4078
59.8440,0.5643,2.4286
59.8442,0.589,2.5372
59.8444,0.5947,2.5656
59.8446,0.5644,2.4336
59.8448,0.5597,2.4101
59.8450,0.573,2.4674
59.8452,0.6237,2.687
59.8454,0.6239,2.6838
59.8456,0.6788,2.9187
59.8458,0.6858,2.9519
59.8460,0.6599,2.8404
59.8462,0.6706,2.8877
59.8464,0.661,2.8437
59.8466,0.7,3.01
59.8468,0.6734,2.9009
59.8470,0.589,2.5337
59.8472,0.6198,2.6688
59.8474,0.5857,2.5233
59.8476,0.6074,2.6156
59.8478,0.6764,2.9097
59.8480,0.6722,2.8944
59.8482,0.6542,2.8169
59.8484,0.6981,3.0003
59.8486,0.6902,2.976
59.8488,0.608,2.6157
59.8490,0.6078,2.6171
59.8492,0.5753,2.4807
59.8494,0.5669,2.4445
59.8496,0.5663,2.4419
59.8498,0.5408,2.3318
59.8500,0.4775,2.0597
59.8502,0.47,2.0286
59.8504,0.4658,2.0114
59.8506,0.4614,1.9913
59.8508,0.4653,2.0075
59.8510,0.47,2.0286
59.8512,0.4719,2.0369
59.8514,0.4656,2.0104
59.8516,0.453,1.9542
59.8518,0.4928,2.124
59.8520,0.5917,2.5515
59.8522,0.4727,2.0409
59.8524,0.408,1.7619
59.8526,0.403,1.7393
59.8528,0.4649,2.0082
59.8530,0.418,1.8032
59.8532,0.4529,1.9564
59.8534,0.3929,1.6974
59.8536,0.3884,1.677
59.8538,0.3902,1.6832
59.8540,0.4064,1.7538
59.8542,0.4411,1.903
59.8544,0.4909,2.1147
59.8546,0.5386,2.3203
59.8548,0.5066,2.1844
59.8550,0.5307,2.2862
59.8552,0.6501,2.7955
59.8554,0.6818,2.9289
59.8556,0.711,3.0546
59.8558,0.7292,3.1328
59.8560,0.7767,3.3337
59.8562,0.8117,3.4824
59.8564,0.8364,3.5934
59.8566,0.7544,3.235
59.8568,0.9277,3.9742
59.8570,0.976,4.1773
59.8572,0.9963,4.268
59.8574,1.0092,4.3174
59.8576,1.0577,4.5226
59.8578,1.1241,4.8133
59.8580,1.0726,4.5866
59.8582,1.1322,4.8392
59.8584,1.1457,4.9035
59.8586,1.025,4.3852
59.8588,1.014,4.342
59.8590,0.9591,4.1145
59.8592,0.8938,3.8306
59.8594,0.9244,3.9733
59.8596,0.8072,3.4677
59.8598,0.8368,3.5899
59.8600,0.9396,4.0269
59.8602,0.9575,4.1021
59.8604,0.9634,4.1254
59.8606,1.0017,4.2891
59.8608,1.0481,4.4962
59.8610,0.9773,4.1947
59.8612,0.9153,3.9286
59.8614,0.9023,3.8707
59.8616,0.8776,3.7648
59.8618,0.8788,3.7734
59.8620,0.9074,3.8965
59.8622,0.8773,3.7672
59.8624,0.864,3.7118
59.8626,0.8788,3.7699
59.8628,0.933,4.0061
59.8630,0.9409,4.0345
59.8632,0.8887,3.8179
59.8634,0.8463,3.6356
59.8636,0.8589,3.6862
59.8638,0.7818,3.3678
59.8640,0.681,2.934
59.8642,0.6734,2.8982
59.8644,0.6703,2.8834
59.8646,0.7688,3.3044
59.8648,0.8557,3.6729
59.8650,0.8384,3.6049
59.8652,0.7655,3.2869
59.8654,0.8188,3.5144
59.8656,0.9396,4.0326
59.8658,0.947,4.0664
59.8660,0.9127,3.9173
59.8662,0.9048,3.8833
59.8664,0.8809,3.7827
59.8666,0.8899,3.8177
59.8668,0.9283,3.9879
59.8670,0.9042,3.8826
59.8672,0.8904,3.8251
59.8674,0.8264,3.5583
59.8676,0.7102,3.0595
59.8678,0.7159,3.0814
59.8680,0.7165,3.0811
59.8682,0.7626,3.2776
59.8684,0.7548,3.2486
59.8686,0.6652,2.8698
59.8688,0.5832,2.516
59.8690,0.5663,2.4408
59.8692,0.5699,2.4563
59.8694,0.5787,2.4975
59.8696,0.5653,2.4411
59.8698,0.4957,2.1393
59.8700,0.4812,2.0767
59.8702,0.5061,2.1854
59.8704,0.5337,2.3045
59.8706,0.5247,2.2635
59.8708,0.5294,2.2848
59.8710,0.5282,2.2796
59.8712,0.5273,2.2749
59.8714,0.5591,2.4086
59.8716,0.6157,2.6524
59.8718,0.6012,2.5935
59.8720,0.5511,2.3773
59.8722,0.532,2.2961
59.8724,0.5276,2.277
59.8726,0.5291,2.2816
59.8728,0.5843,2.5206
59.8730,0.553,2.3834
59.8732,0.5617,2.4211
59.8734,0.5283,2.279
59.8736,0.5271,2.276
59.8738,0.5595,2.4113
59.8740,0.6228,2.6866
59.8742,0.5526,2.3829
59.8744,0.535,2.3059
59.8746,0.6049,2.6047
59.8748,0.6038,2.6025
59.8750,0.5452,2.3509
59.8752,0.5349,2.3075
59.8754,0.5362,2.3132
59.8756,0.5398,2.3265
59.8758,0.538,2.3209
59.8760,0.5338,2.3028
59.8762,0.5315,2.2919
59.8764,0.5239,2.2599
59.8766,0.5243,2.2609
59.8768,0.5583,2.4039
59.8770,0.6286,2.7082
59.8772,0.5998,2.5849
59.8774,0.57,2.4579
59.8776,0.5332,2.2981
59.8778,0.5403,2.3275
59.8780,0.6134,2.6438
59.8782,0.5821,2.5043
59.8784,0.6532,2.8102
59.8786,0.7227,3.1089
59.8788,0.744,3.1992
59.8790,0.7357,3.1636
59.8792,0.7296,3.1431
59.8794,0.6435,2.7736
59.8796,0.5765,2.4801
59.8798,0.6031,2.5982
59.8800,0.5545,2.3901
59.8802,0.5765,2.4812
59.8804,0.6959,2.9952
59.8806,0.7042,3.0308
59.8808,0.6192,2.6649
59.8810,0.6119,2.6322
59.8812,0.7018,3.0177
59.8814,0.7156,3.0799
59.8816,0.6619,2.846
59.8818,0.689,2.9625
59.8820,0.6844,2.9484
59.8822,0.6543,2.8188
59.8824,0.6591,2.8394
59.8826,0.6711,2.8844
59.8828,0.7175,3.0809
59.8830,0.7504,3.228
59.8832,0.7433,3.1961
59.8834,0.7592,3.2616
59.8836,0.7498,3.2254
59.8838,0.7411,3.1838
59.8840,0.8151,3.5033
59.8842,0.7821,3.3631
59.8844,0.6858,2.9519
59.8846,0.7119,3.061
59.8848,0.7379,3.1685
59.8850,0.7352,3.1586
59.8852,0.7081,3.0535
59.8854,0.5693,2.4571
59.8856,0.5367,2.312
59.8858,0.6111,2.6304
59.8860,0.6409,2.7635
59.8862,0.5638,2.4288
59.8864,0.515,2.2227
59.8866,0.4319,1.8658
59.8868,0.4334,1.8725
59.8870,0.4464,1.9266
59.8872,0.5028,2.1679
59.8874,0.5435,2.3415
59.8876,0.5742,2.476
59.8878,0.5379,2.3161
59.8880,0.6159,2.6473
59.8882,0.7067,3.0374
59.8884,0.7068,3.0379
59.8886,0.7571,3.2524
59.8888,0.8213,3.5252
59.8890,0.8509,3.654
59.8892,0.8302,3.5666
59.8894,0.8591,3.6804
59.8896,0.9786,4.1886
59.8898,1.0218,4.3733
59.8900,1.0104,4.3307
59.8902,0.9973,4.2746
59.8904,1.0274,4.3975
59.8906,1.02,4.3697
59.8908,0.9687,4.1479
59.8910,1.0229,4.3821
59.8912,1.0223,4.3734
59.8914,1.0583,4.5251
59.8916,1.1246,4.8131
59.8918,1.133,4.8536
59.8920,1.1002,4.7068
59.8922,1.0601,4.554
59.8924,0.8875,3.811
59.8926,0.908,3.8972
59.8928,0.8988,3.854
59.8930,0.9416,4.0357
59.8932,0.9451,4.0563
59.8934,0.9232,3.97
59.8936,0.8709,3.7482
59.8938,0.7233,3.1143
59.8940,0.6918,2.9777
59.8942,0.7436,3.1976
59.8944,0.787,3.3827
59.8946,0.7987,3.4327
59.8948,0.777,3.3394
59.8950,0.8224,3.538
59.8952,0.7863,3.3843
59.8954,0.7412,3.1844
59.8956,0.7755,3.3379
59.8958,0.724,3.1174
59.8960,0.6912,2.9765
59.8962,0.6641,2.8585
59.8964,0.7418,3.1914
59.8966,0.7846,3.374
59.8968,0.815,3.5028
59.8970,0.7939,3.4137
59.8972,0.7392,3.1815
59.8974,0.7026,3.0255
59.8976,0.6903,2.9737
59.8978,0.6149,2.6501
59.8980,0.6107,2.6295
59.8982,0.6731,2.8972
59.8984,0.6902,2.9718
59.8986,0.7306,3.1429
59.8988,0.7536,3.2389
59.8990,0.7994,3.4326
59.8992,0.8223,3.5342
59.8994,0.7462,3.21
59.8996,0.7435,3.2016
59.8998,0.7471,3.2156
59.9000,0.6808,2.9329
59.9002,0.6037,2.6032
59.9004,0.6114,2.6351
59.9006,0.6207,2.6741
59.9008,0.5998,2.5873
59.9010,0.5283,2.2812
59.9012,0.5565,2.3995
59.9014,0.6072,2.6158
59.9016,0.599,2.5866
59.9018,0.5501,2.3721
59.9020,0.585,2.5202
59.9022,0.5794,2.4971
59.9024,0.5718,2.4657
59.9026,0.5794,2.4982
59.9028,0.5713,2.4602
59.9030,0.6189,2.6664
59.9032,0.6778,2.92
59.9034,0.6791,2.9257
59.9036,0.6361,2.7415
59.9038,0.5637,2.4328
59.9040,0.5312,2.2915
59.9042,0.5292,2.2821
59.9044,0.5429,2.3389
59.9046,0.6137,2.6437
59.9048,0.5846,2.5222
59.9050,0.5545,2.3923
59.9052,0.5741,2.4743
59.9054,0.564,2.4309
59.9056,0.5697,2.4541
59.9058,0.5897,2.5427
59.9060,0.5795,2.4988
59.9062,0.5261,2.2697
59.9064,0.4725,2.0395
59.9066,0.4707,2.0336
59.9068,0.4781,2.0661
59.9070,0.452,1.9519
59.9072,0.4577,1.9725
59.9074,0.5097,2.2019
59.9076,0.4556,1.9665
59.9078,0.446,1.9242
59.9080,0.4477,1.9332
59.9082,0.4454,1.9243
59.9084,0.4462,1.9256
59.9086,0.445,1.9195
59.9088,0.4471,1.9307
59.9090,0.4475,1.9322
59.9092,0.4466,1.9277
59.9094,0.4458,1.9241
59.9096,0.4481,1.9348
59.9098,0.4514,1.9475
59.9100,0.4482,1.9353
59.9102,0.4459,1.9264
59.9104,0.4468,1.9291
59.9106,0.4469,1.9278
59.9108,0.4482,1.9335
59.9110,0.4466,1.9295
59.9112,0.4441,1.9159
59.9114,0.4458,1.9223
59.9116,0.4577,1.9725
59.9118,0.5194,2.2387
59.9120,0.5653,2.4332
59.9122,0.6463,2.7803
59.9124,0.6557,2.8236
59.9126,0.603,2.5953
59.9128,0.6167,2.6553
59.9130,0.5914,2.544
59.9132,0.5969,2.5678
59.9134,0.6831,2.9386
59.9136,0.6783,2.9194
59.9138,0.6224,2.6801
59.9140,0.6536,2.8104
59.9142,0.7362,3.1613
59.9144,0.7611,3.2683
59.9146,0.7988,3.43
59.9148,0.7876,3.3853
59.9150,0.7109,3.0583
59.9152,0.6828,2.9349
59.9154,0.7414,3.1923
59.9156,0.6061,2.6135
59.9158,0.5024,2.1653
59.9160,0.4858,2.095
59.9162,0.4848,2.0903
59.9164,0.4862,2.0965
59.9166,0.4959,2.1374
59.9168,0.5062,2.1829
59.9170,0.4876,2.1037
59.9172,0.4731,2.0411
59.9174,0.5049,2.1731
59.9176,0.5635,2.4266
59.9178,0.5712,2.4631
59.9180,0.5034,2.1674
59.9182,0.5866,2.5257
59.9184,0.5231,2.2558
59.9186,0.4831,2.0879
59.9188,0.4087,1.7666
59.9190,0.3929,1.6966
59.9192,0.3861,1.6656
59.9194,0.3939,1.6984
59.9196,0.4476,1.93
59.9198,0.5146,2.218
59.9200,0.4903,2.1131
59.9202,0.5514,2.3745
59.9204,0.6008,2.5872
59.9206,0.6155,2.6502
59.9208,0.538,2.3199
59.9210,0.5181,2.232
59.9212,0.5448,2.3395
59.9214,0.6893,2.9641
59.9216,0.7194,3.0921
59.9218,0.765,3.2879
59.9220,0.7941,3.4068
59.9222,0.841,3.6079
59.9224,0.8343,3.5774
59.9226,0.8683,3.7234
59.9228,0.897,3.8391
59.9230,1.0018,4.2856
59.9232,1.0307,4.4072
59.9234,1.0547,4.5076
59.9236,1.1201,4.7919
59.9238,1.1069,4.7333
59.9240,1.1205,4.7845
59.9242,1.122,4.8001
59.9244,1.039,4.4447
59.9246,1.0903,4.662
59.9248,1.121,4.7888
59.9250,1.0822,4.6428
59.9252,0.935,4.0112
59.9254,0.9198,3.9403
59.9256,0.9918,4.2451
59.9258,1.0086,4.3189
59.9260,1.0367,4.4349
59.9262,1.0427,4.4626
59.9264,1.1114,4.7523
59.9266,1.1185,4.7959
59.9268,0.9441,4.054
59.9270,0.8691,3.7335
59.9272,0.8284,3.5555
59.9274,0.9102,3.8974
59.9276,0.9776,4.184
59.9278,1.0623,4.5553
59.9280,1.0133,4.3389
59.9282,1.0761,4.6058
59.9284,1.0729,4.6005
59.9286,0.9742,4.1852
59.9288,0.8295,3.5618
59.9290,0.8344,3.5796
59.9292,0.9104,3.9057
59.9294,0.9189,3.9459
59.9296,0.8735,3.749
59.9298,0.889,3.8172
59.9300,0.8896,3.8162
59.9302,0.9716,4.1661
59.9304,0.9721,4.1701
59.9306,0.8764,3.7649
59.9308,0.8338,3.587
59.9310,0.7831,3.3704
59.9312,0.7626,3.2837
59.9314,0.732,3.1491
59.9316,0.7741,3.3286
59.9318,0.7605,3.2734
59.9320,0.7502,3.226
59.9322,0.7723,3.3162
59.9324,0.8327,3.584
59.9326,0.714,3.0774
59.9328,0.6761,2.9114
59.9330,0.6852,2.9479
59.9332,0.7175,3.0852
59.9334,0.7289,3.1342
59.9336,0.7386,3.1819
59.9338,0.6759,2.9117
59.9340,0.6856,2.9522
59.9342,0.7047,3.0301
59.9344,0.8211,3.5274
59.9346,0.83,3.5722
59.9348,0.6768,2.9186
59.9350,0.5536,2.3893
59.9352,0.48,2.0735
59.9354,0.4801,2.073
59.9356,0.4932,2.1285
59.9358,0.5252,2.2677
59.9360,0.5421,2.3407
59.9362,0.5362,2.3132
59.9364,0.5459,2.354
59.9366,0.5541,2.3903
59.9368,0.5402,2.3313
59.9370,0.5295,2.2821
59.9372,0.5292,2.2821
59.9374,0.5701,2.4573
59.9376,0.635,2.7331
59.9378,0.6994,3.0102
59.9380,0.6842,2.9501
59.9382,0.5511,2.3773
59.9384,0.539,2.3251
59.9386,0.5333,2.3008
59.9388,0.534,2.3017
59.9390,0.5864,2.5264
59.9392,0.6098,2.6271
59.9394,0.6191,2.6681
59.9396,0.6284,2.7034
59.9398,0.6581,2.8392
59.9400,0.5316,2.2946
59.9402,0.5281,2.277
59.9404,0.5429,2.3411
59.9406,0.5333,2.2997
59.9408,0.5598,2.4128
59.9410,0.6153,2.6533
59.9412,0.5934,2.5599
59.9414,0.5397,2.326
59.9416,0.5651,2.4378
59.9418,0.5741,2.4732
59.9420,0.618,2.6585
59.9422,0.6553,2.8216
59.9424,0.6625,2.8512
59.9426,0.6662,2.8646
59.9428,0.6939,2.9851
59.9430,0.7228,3.1108
59.9432,0.7156,3.077
59.9434,0.7282,3.1297
59.9436,0.7308,3.1454
59.9438,0.6568,2.8296
59.9440,0.6266,2.6982
59.9442,0.6405,2.7555
59.9444,0.6789,2.926
59.9446,0.6174,2.6609
59.9448,0.6381,2.7439
59.9450,0.7228,3.1036
59.9452,0.771,3.3136
59.9454,0.762,3.2765
59.9456,0.7547,3.2436
59.9458,0.8153,3.5076
59.9460,0.7078,3.0463
59.9462,0.6444,2.7746
59.9464,0.6498,2.7965
59.9466,0.6886,2.9582
59.9468,0.7749,3.3291
59.9470,0.7559,3.2457
59.9472,0.7627,3.2766
59.9474,0.7613,3.2719
59.9476,0.7599,3.2662
59.9478,0.8137,3.4971
59.9480,0.7713,3.3214
59.9482,0.6406,2.7586
59.9484,0.6692,2.8815
59.9486,0.6818,2.9343
59.9488,0.7149,3.0725
59.9490,0.7366,3.1657
59.9492,0.8243,3.543
59.9494,0.8435,3.6221
59.9496,0.7836,3.3709
59.9498,0.6767,2.9167
59.9500,0.6368,2.7433
59.9502,0.6225,2.6769
59.9504,0.6778,2.9214
59.9506,0.5999,2.5867
59.9508,0.5926,2.5551
59.9510,0.5481,2.3622
59.9512,0.5211,2.2511
59.9514,0.4434,1.9164
59.9516,0.4059,1.7525
59.9518,0.3915,1.6904
59.9520,0.3854,1.664
59.9522,0.3898,1.6847
59.9524,0.3912,1.6909
59.9526,0.3888,1.6814
59.9528,0.3866,1.67
59.9530,0.3864,1.6694
59.9532,0.3928,1.6977
59.9534,0.3963,1.7119
59.9536,0.4096,1.767
59.9538,0.4499,1.9408
59.9540,0.5107,2.203
59.9542,0.5229,2.2558
59.9544,0.502,2.1658
59.9546,0.5055,2.1787
59.9548,0.6117,2.6329
59.9550,0.6694,2.8785
59.9552,0.6876,2.9569
59.9554,0.6768,2.9091
59.9556,0.7553,3.2446
59.9558,0.8589,3.6845
59.9560,0.8834,3.7917
59.9562,0.8181,3.5064
59.9564,0.9557,4.0944
59.9566,1.0117,4.3343
59.9568,0.9852,4.2168
59.9570,1.0019,4.2942
59.9572,1.027,4.4016
59.9574,0.9936,4.2607
59.9576,0.9387,4.0233
59.9578,0.9716,4.1583
59.9580,1.0354,4.4272
59.9582,1.0444,4.4719
59.9584,1.0368,4.4396
59.9586,1.0947,4.6854
59.9588,1.1099,4.755
59.9590,0.9837,4.2259
59.9592,0.896,3.8458
59.9594,0.8928,3.8319
59.9596,0.8778,3.7693
59.9598,0.8879,3.8108
59.9600,0.8426,3.6146
59.9602,0.8532,3.6655
59.9604,0.8262,3.5545
59.9606,0.7498,3.2209
59.9608,0.8468,3.6309
59.9610,0.9485,4.0712
59.9612,0.9158,3.9289
59.9614,0.9095,3.9052
59.9616,0.8555,3.6752
59.9618,0.887,3.8072
59.9620,0.903,3.8792
59.9622,0.8589,3.6931
59.9624,0.8254,3.5476
59.9626,0.8179,3.5119
59.9628,0.8507,3.6563
59.9630,0.803,3.4496
59.9632,0.8445,3.6312
59.9634,0.7876,3.3884
59.9636,0.8141,3.4975
59.9638,0.8503,3.6531
59.9640,0.8233,3.5416
59.9642,0.7948,3.4162
59.9644,0.8295,3.5684
59.9646,0.7828,3.3678
59.9648,0.7655,3.2869
59.9650,0.8027,3.4518
59.9652,0.8077,3.473
59.9654,0.7892,3.3936
59.9656,0.7218,3.1067
59.9658,0.7143,3.0756
59.9660,0.7093,3.0502
59.9662,0.7354,3.1606
59.9664,0.7603,3.2769
59.9666,0.6241,2.6911
59.9668,0.5866,2.5293
59.9670,0.6035,2.6022
59.9672,0.6182,2.6658
59.9674,0.6211,2.6732
59.9676,0.6655,2.8668
59.9678,0.6444,2.7759
59.9680,0.5827,2.5139
59.9682,0.4609,1.9939
59.9684,0.3916,1.6933
59.9686,0.4302,1.8585
59.9688,0.4352,1.8803
59.9690,0.4291,1.8547
59.9692,0.4322,1.869
59.9694,0.4324,1.867
59.9696,0.4303,1.8582
59.9698,0.43,1.8566
59.9700,0.4332,1.8706
59.9702,0.4342,1.8765
59.9704,0.4334,1.8742
59.9706,0.4327,1.8685
59.9708,0.4319,1.8658
59.9710,0.432,1.8646
59.9712,0.4409,1.902
59.9714,0.4477,1.9341
59.9716,0.4344,1.8775
59.9718,0.4332,1.8706
59.9720,0.4348,1.8782
59.9722,0.4758,2.0525
59.9724,0.5209,2.2449
59.9726,0.486,2.0974
59.9728,0.4529,1.9564
59.9730,0.4492,1.9395
59.9732,0.4541,1.9589
59.9734,0.4511,1.9468
59.9736,0.4505,1.946
59.9738,0.4631,1.9977
59.9740,0.5616,2.415
59.9742,0.677,2.915
59.9744,0.5465,2.3599
59.9746,0.4518,1.9508
59.9748,0.4433,1.9123
59.9750,0.4426,1.9092
59.9752,0.4456,1.9221
59.9754,0.4444,1.9179
59.9756,0.4477,1.9341
59.9758,0.4415,1.9045
59.9760,0.4526,1.9527
59.9762,0.4698,2.0266
59.9764,0.4711,2.0323
59.9766,0.4575,1.9739
59.9768,0.4587,1.9781
59.9770,0.4607,1.9882
59.9772,0.4661,2.0134
59.9774,0.4799,2.0672
59.9776,0.5338,2.2986
59.9778,0.541,2.3317
59.9780,0.5586,2.4032
59.9782,0.6477,2.7878
59.9784,0.6387,2.7452
59.9786,0.6645,2.8574
59.9788,0.6623,2.8494
59.9790,0.6499,2.7957
59.9792,0.6484,2.7909
59.9794,0.5876,2.5304
59.9796,0.5705,2.4554
59.9798,0.6625,2.8459
59.9800,0.765,3.2848
59.9802,0.7628,3.2756
59.9804,0.7504,3.2235
59.9806,0.6794,2.924
59.9808,0.6536,2.817
59.9810,0.6111,2.6304
59.9812,0.6667,2.864
59.9814,0.7236,3.1101
59.9816,0.7391,3.1751
59.9818,0.6958,2.9933
59.9820,0.6697,2.8782
59.9822,0.6894,2.9646
59.9824,0.6906,2.9711
59.9826,0.6957,2.9914
59.9828,0.6699,2.8819
59.9830,0.6218,2.675
59.9832,0.6158,2.6505
59.9834,0.5854,2.5218
59.9836,0.548,2.3584
59.9838,0.5843,2.5194
59.9840,0.5227,2.2495
59.9842,0.5942,2.5588
59.9844,0.589,2.5372
59.9846,0.602,2.5948
59.9848,0.5308,2.2857
59.9850,0.5562,2.394
59.9852,0.5737,2.4694
59.9854,0.5769,2.4874
59.9856,0.4534,1.9585
59.9858,0.3948,1.7065
59.9860,0.389,1.6795
59.9862,0.4058,1.7504
59.9864,0.4186,1.8066
59.9866,0.4093,1.7676
59.9868,0.4225,1.8228
59.9870,0.4725,2.0357
59.9872,0.5382,2.3166
59.9874,0.5366,2.3115
59.9876,0.5906,2.5433
59.9878,0.6432,2.7656
59.9880,0.6325,2.7184
59.9882,0.6703,2.8808
59.9884,0.7063,3.0345
59.9886,0.7254,3.1106
59.9888,0.8367,3.586
59.9890,0.8846,3.7933
59.9892,0.8639,3.7061
59.9894,0.8543,3.6616
59.9896,0.9458,4.0499
59.9898,0.955,4.0875
59.9900,0.9812,4.1994
59.9902,0.9945,4.2583
59.9904,0.9812,4.2033
59.9906,0.986,4.2238
59.9908,0.9939,4.2617
59.9910,0.8887,3.8162
59.9912,0.8637,3.6982
59.9914,0.9942,4.2573
59.9916,1.022,4.3744
59.9918,1.0049,4.303
59.9920,0.9712,4.1626
59.9922,0.9711,4.1699
59.9924,0.8503,3.6531
59.9926,0.8462,3.6266
59.9928,0.8709,3.7394
59.9930,0.8225,3.5336
59.9932,0.8176,3.5059
59.9934,0.818,3.5075
59.9936,0.8415,3.615
59.9938,0.8149,3.5023
59.9940,0.7556,3.2447
59.9942,0.8181,3.5129
59.9944,0.8592,3.6912
59.9946,0.8711,3.737
59.9948,0.8737,3.7466
59.9950,0.877,3.7692
59.9952,0.823,3.5373
59.9954,0.7846,3.374
59.9956,0.8035,3.4485
59.9958,0.8153,3.506
59.9960,0.7794,3.3482
59.9962,0.7614,3.2694
59.9964,0.7954,3.4172
59.9966,0.8487,3.6408
59.9968,0.8439,3.627
59.9970,0.7917,3.3996
59.9972,0.8237,3.5453
59.9974,0.7537,3.2379
59.9976,0.7903,3.3966
59.9978,0.764,3.2868
59.9980,0.743,3.1936
59.9982,0.7343,3.1618
59.9984,0.6958,2.9919
59.9986,0.7415,3.1898
59.9988,0.7566,3.2533
59.9990,0.8081,3.4702
59.9992,0.8218,3.5289
59.9994,0.8278,3.5563
59.9996,0.8563,3.6754
59.9998,0.8503,3.6582
60.0000,0.7711,3.3172
60.0002,0.7832,3.3709
60.0004,0.7168,3.0836
60.0006,0.6951,2.9888
60.0008,0.7459,3.2119
60.0010,0.6797,2.9283
60.0012,0.5912,2.5471
60.0014,0.6047,2.6073
60.0016,0.5788,2.4968
60.0018,0.5885,2.5352
60.0020,0.667,2.8722
60.0022,0.6548,2.8195
60.0024,0.6932,2.9847
60.0026,0.696,2.993
60.0028,0.6701,2.8843
60.0030,0.6346,2.7353
60.0032,0.6234,2.6867
60.0034,0.6499,2.7983
60.0036,0.6614,2.8492
60.0038,0.6608,2.8467
60.0040,0.682,2.9326
60.0042,0.7733,3.3203
60.0044,0.7794,3.3497
60.0046,0.7411,3.1927
60.0048,0.5929,2.5567
60.0050,0.5403,2.3308
60.0052,0.5361,2.3127
60.0054,0.5388,2.3235
60.0056,0.5249,2.2625
60.0058,0.5275,2.2754
60.0060,0.5289,2.2816
60.0062,0.5426,2.3384
60.0064,0.5405,2.3286
60.0066,0.5435,2.3436
60.0068,0.5441,2.3451
60.0070,0.5833,2.513
60.0072,0.5454,2.3508
60.0074,0.595,2.5583
60.0076,0.7337,3.1563
60.0078,0.7203,3.1043
60.0080,0.5826,2.5122
60.0082,0.5416,2.3365
60.0084,0.5229,2.2568
60.0086,0.5194,2.2408
60.0088,0.5206,2.2449
60.0090,0.5241,2.2588
60.0092,0.5245,2.2614
60.0094,0.5261,2.2697
60.0096,0.524,2.2604
60.0098,0.5264,2.2697
60.0100,0.5272,2.2744
60.0102,0.5277,2.2775
60.0104,0.5234,2.2568
60.0106,0.5229,2.2516
60.0108,0.6079,2.6128
60.0110,0.699,3.01
60.0112,0.6682,2.8733
60.0114,0.7426,3.1885
60.0116,0.7879,3.3832
60.0118,0.8012,3.4435
60.0120,0.8018,3.4445
60.0122,0.7373,3.1747
60.0124,0.6556,2.8218
60.0126,0.6474,2.7862
60.0128,0.6474,2.7862
60.0130,0.6477,2.7878
60.0132,0.6496,2.796
60.0134,0.6986,3.0024
60.0136,0.7611,3.2744
60.0138,0.7047,3.0343
60.0140,0.6813,2.9268
60.0142,0.7836,3.3631
60.0144,0.7427,3.1935
60.0146,0.7267,3.1235
60.0148,0.764,3.2807
60.0150,0.771,3.3121
60.0152,0.8001,3.4373
60.0154,0.7965,3.4266
60.0156,0.6701,2.8896
60.0158,0.547,2.3597
60.0160,0.4791,2.067
60.0162,0.4831,2.084
60.0164,0.4886,2.1098
60.0166,0.4789,2.0659
60.0168,0.4868,2.1001
60.0170,0.5144,2.218
60.0172,0.523,2.2563
60.0174,0.5129,2.2118
60.0176,0.5247,2.2656
60.0178,0.4447,1.9194
60.0180,0.4042,1.7437
60.0182,0.4549,1.9616
60.0184,0.5065,2.1849
60.0186,0.4936,2.1286
60.0188,0.4832,2.0846
60.0190,0.4761,2.0569
60.0192,0.4107,1.7749
60.0194,0.3808,1.6428
60.0196,0.3821,1.6493
60.0198,0.3905,1.6847
60.0200,0.4488,1.9352
60.0202,0.5283,2.278
60.0204,0.5634,2.4261
60.0206,0.6028,2.5906
60.0208,0.6761,2.9141
60.0210,0.609,2.6223
60.0212,0.6264,2.6909
60.0214,0.7297,3.1334
60.0216,0.7035,3.0207
60.0218,0.7701,3.31
60.0220,0.8005,3.4356
60.0222,0.8645,3.7052
60.0224,0.8687,3.7284
60.0226,0.8167,3.5067
60.0228,0.8466,3.6304
60.0230,0.8723,3.7386
60.0232,0.8891,3.8053
60.0234,1.0134,4.3334
60.0236,1.0982,4.698
60.0238,1.1277,4.8197
60.0240,1.131,4.8454
60.0242,1.0373,4.4375
60.0244,1.1181,4.781
60.0246,1.1433,4.8886
60.0248,1.0476,4.4921
60.0250,0.9514,4.0797
60.0252,0.9343,4.0099
60.0254,0.8897,3.8149
60.0256,0.9205,3.9452
60.0258,0.9511,4.0763
60.0260,0.9772,4.1805
60.0262,1.0483,4.4868
60.0264,1.0566,4.5222
60.0266,1.1041,4.7254
60.0268,1.1369,4.8615
60.0270,1.1105,4.7553
60.0272,1.0692,4.5825
60.0274,0.9585,4.1158
60.0276,0.8747,3.7577
60.0278,0.8512,3.6618
60.0280,0.8159,3.5085
60.0282,0.812,3.4899
60.0284,0.8173,3.5109
60.0286,0.8243,3.5397
60.0288,0.82,3.5293
60.0290,0.7165,3.0854
60.0292,0.7189,3.0957
60.0294,0.7161,3.0819
60.0296,0.6926,2.9794
60.0298,0.7074,3.0448
60.0300,0.7539,3.245
60.0302,0.711,3.0645
60.0304,0.6923,2.9784
60.0306,0.7303,3.1389
60.0308,0.7381,3.1783
60.0310,0.7,3.0184
60.0312,0.6141,2.6494
60.0314,0.5875,2.531
60.0316,0.6313,2.7196
60.0318,0.642,2.7694
60.0320,0.5938,2.5591
60.0322,0.6116,2.6324
60.0324,0.6683,2.8765
60.0326,0.6789,2.9219
60.0328,0.6838,2.9417
60.0330,0.7264,3.1277
60.0332,0.6951,2.9916
60.0334,0.6595,2.841
60.0336,0.6173,2.6592
60.0338,0.6529,2.8139
60.0340,0.609,2.6235
60.0342,0.5719,2.4685
60.0344,0.4983,2.1517
60.0346,0.4826,2.0839
60.0348,0.5511,2.374
60.0350,0.6206,2.6749
60.0352,0.551,2.3757
60.0354,0.5417,2.3402
60.0356,0.4236,1.8309
60.0358,0.4046,1.7477
60.0360,0.4167,1.8
60.0362,0.4631,2.0004
60.0364,0.4571,1.9727
60.0366,0.4476,1.9318
60.0368,0.4583,1.977
60.0370,0.5131,2.2123
60.0372,0.5319,2.2914
60.0374,0.5611,2.4208
60.0376,0.4687,2.0248
60.0378,0.4793,2.0675
60.0380,0.5337,2.3002
60.0382,0.5695,2.4558
60.0384,0.5604,2.4166
60.0386,0.5482,2.3638
60.0388,0.5361,2.3116
60.0390,0.5259,2.2655
60.0392,0.4822,2.0833
60.0394,0.4337,1.8753
60.0396,0.4343,1.8726
60.0398,0.499,2.1528
60.0400,0.5434,2.341
60.0402,0.5669,2.4422
60.0404,0.536,2.3111
60.0406,0.5452,2.3476
60.0408,0.5723,2.4643
60.0410,0.5909,2.5443
60.0412,0.5999,2.5867
60.0414,0.558,2.4051
60.0416,0.5784,2.4906
60.0418,0.581,2.502
60.0420,0.6122,2.6338
60.0422,0.6922,2.9737
60.0424,0.7346,3.1604
60.0426,0.6374,2.7447
60.0428,0.6291,2.7115
60.0430,0.636,2.7359
60.0432,0.6996,3.0126
60.0434,0.6145,2.6485
60.0436,0.5693,2.4514
60.0438,0.588,2.5296
60.0440,0.6498,2.7965
60.0442,0.6764,2.9111
60.0444,0.7081,3.0436
60.0446,0.7796,3.3523
60.0448,0.7603,3.2693
60.0450,0.7289,3.1328
60.0452,0.7381,3.1754
60.0454,0.7018,3.0177
60.0456,0.7207,3.092
60.0458,0.8025,3.446
60.0460,0.811,3.4874
60.0462,0.7511,3.2296
60.0464,0.7191,3.0963
60.0466,0.6183,2.6687
60.0468,0.5438,2.3403
60.0470,0.6228,2.6804
60.0472,0.6048,2.6079
60.0474,0.5789,2.495
60.0476,0.5884,2.5347
60.0478,0.5873,2.5288
60.0480,0.6,2.5872
60.0482,0.5751,2.4762
60.0484,0.6174,2.656
60.0486,0.6545,2.8198
60.0488,0.5866,2.5269
60.0490,0.5873,2.5324
60.0492,0.5748,2.474
60.0494,0.5724,2.4671
60.0496,0.5496,2.3689
60.0498,0.6101,2.6282
60.0500,0.5693,2.4537
60.0502,0.514,2.2165
60.0504,0.4797,2.0724
60.0506,0.405,1.7481
60.0508,0.4038,1.7429
60.0510,0.3966,1.7111
60.0512,0.4843,2.0931
60.0514,0.404,1.7443
60.0516,0.4002,1.7274
60.0518,0.3946,1.7039
60.0520,0.3874,1.6736
60.0522,0.3874,1.672
60.0524,0.3875,1.6733
60.0526,0.3914,1.6899
60.0528,0.4028,1.7391
60.0530,0.4046,1.746
60.0532,0.4279,1.8461
60.0534,0.4793,2.0656
60.0536,0.5649,2.43
60.0538,0.6211,2.6732
60.0540,0.6456,2.7798
60.0542,0.6715,2.8886
60.0544,0.6658,2.8617
60.0546,0.7127,3.0618
60.0548,0.7827,3.3579
60.0550,0.8698,3.7226
60.0552,0.9997,4.2789
60.0554,1.0057,4.3066
60.0556,0.9687,4.1441
60.0558,0.998,4.2752
60.0560,1.0011,4.2926
60.0562,0.977,4.1853
60.0564,0.9804,4.2002
60.0566,0.9693,4.1525
60.0568,0.9815,4.2048
60.0570,1.0086,4.3189
60.0572,1.0241,4.379
60.0574,1.0575,4.5263
60.0576,1.0013,4.2916
60.0578,1.0021,4.2892
60.0580,1.0225,4.3805
60.0582,1.034,4.4298
60.0584,1.0304,4.4206
60.0586,0.8879,3.8126
60.0588,0.8355,3.5859
60.0590,0.8087,3.476
60.0592,0.8025,3.4492
60.0594,0.7899,3.3998
60.0596,0.7484,3.2153
60.0598,0.7719,3.3178
60.0600,0.8246,3.5424
60.0602,0.7954,3.4172
60.0604,0.7969,3.4234
60.0606,0.805,3.4552
60.0608,0.8822,3.7831
60.0610,0.9007,3.8676
60.0612,0.8595,3.6905
60.0614,0.878,3.7686
60.0616,0.8905,3.8257
60.0618,0.8032,3.4491
60.0620,0.8267,3.55
60.0622,0.8397,3.6106
60.0624,0.7879,3.3863
60.0626,0.861,3.6938
60.0628,0.889,3.8207
60.0630,0.7962,3.4219
60.0632,0.8239,3.5393
60.0634,0.8122,3.4909
60.0636,0.7669,3.2992
60.0638,0.8059,3.4604
60.0640,0.8352,3.5899
60.0642,0.8397,3.6073
60.0644,0.8451,3.6304
60.0646,0.8838,3.7862
60.0648,0.9957,4.2655
60.0650,0.9916,4.248
60.0652,0.9825,4.2148
60.0654,0.9683,4.1561
60.0656,0.9575,4.104
60.0658,0.9639,4.139
60.0660,0.8454,3.6371
60.0662,0.7602,3.2673
60.0664,0.8023,3.4465
60.0666,0.793,3.4101
60.0668,0.7705,3.3177
60.0670,0.6948,2.9934
60.0672,0.634,2.734
60.0674,0.5812,2.5072
60.0676,0.567,2.4461
60.0678,0.5741,2.4755
60.0680,0.5749,2.478
60.0682,0.5867,2.5274
60.0684,0.6441,2.7761
60.0686,0.5917,2.5539
60.0688,0.4994,2.1574
60.0690,0.4765,2.0556
60.0692,0.5153,2.2222
60.0694,0.5246,2.263
60.0696,0.5216,2.249
60.0698,0.5276,2.2749
60.0700,0.5259,2.2698
60.0702,0.5284,2.2796
60.0704,0.5315,2.293
60.0706,0.5269,2.2728
60.0708,0.5396,2.3277
60.0710,0.5355,2.3079
60.0712,0.5265,2.2713
60.0714,0.561,2.4169
60.0716,0.6173,2.6629
60.0718,0.5652,2.4384
60.0720,0.5316,2.2935
60.0722,0.5275,2.2754
60.0724,0.5251,2.2661
60.0726,0.5306,2.2889
60.0728,0.531,2.2899
60.0730,0.5283,2.278
60.0732,0.5241,2.2599
60.0734,0.5254,2.2656
60.0736,0.5601,2.4128
60.0738,0.6742,2.9018
60.0740,0.667,2.8735
60.0742,0.5548,2.3923
60.0744,0.534,2.3039
60.0746,0.5352,2.308
60.0748,0.535,2.308
60.0750,0.5339,2.3002
60.0752,0.573,2.4685
60.0754,0.5851,2.5231
60.0756,0.5604,2.4143
60.0758,0.5908,2.5462
60.0760,0.54,2.3265
60.0762,0.5291,2.2827
60.0764,0.5315,2.2909
60.0766,0.5313,2.2888
60.0768,0.535,2.3037
60.0770,0.6065,2.6127
60.0772,0.6093,2.6238
60.0774,0.6294,2.7088
60.0776,0.635,2.7331
60.0778,0.7039,3.0242
60.0780,0.7657,3.2864
60.0782,0.8033,3.448
60.0784,0.7848,3.3761
60.0786,0.741,3.1833
60.0788,0.7798,3.3533
60.0790,0.7656,3.2905
60.0792,0.77,3.3111
60.0794,0.7699,3.3059
60.0796,0.8053,3.4578
60.0798,0.7481,3.2182
60.0800,0.7113,3.0584
60.0802,0.742,3.1904
60.0804,0.7507,3.2296
60.0806,0.688,2.9625
60.0808,0.69,2.9699
60.0810,0.6934,2.9816
60.0812,0.714,3.0674
60.0814,0.7369,3.1673
60.0816,0.7715,3.3126
60.0818,0.8312,3.5674
60.0820,0.8248,3.5417
60.0822,0.8152,3.5022
60.0824,0.8144,3.4969
60.0826,0.8351,3.586
60.0828,0.8577,3.6811
60.0830,0.8501,3.6555
60.0832,0.7134,3.0691
60.0834,0.6498,2.7991
60.0836,0.6549,2.8213
60.0838,0.6023,2.597
60.0840,0.4965,2.143
60.0842,0.4849,2.0937
60.0844,0.489,2.1084
60.0846,0.552,2.3804
60.0848,0.5151,2.2211
60.0850,0.5348,2.3081
60.0852,0.5314,2.2893
60.0854,0.5826,2.5099
60.0856,0.6098,2.632
60.0858,0.5289,2.2837
60.0860,0.4358,1.882
60.0862,0.4043,1.7466
60.0864,0.4105,1.7727
60.0866,0.4555,1.9632
60.0868,0.4941,2.1297
60.0870,0.5674,2.4488
60.0872,0.506,2.1818
60.0874,0.5005,2.153
60.0876,0.6544,2.8154
60.0878,0.6846,2.9399
60.0880,0.789,3.3831
60.0882,0.8671,3.72
60.0884,0.8469,3.6331
60.0886,0.8975,3.843
60.0888,0.9683,4.1542
60.0890,0.9332,3.9997
60.0892,0.9809,4.1984
60.0894,0.9694,4.153
60.0896,0.9706,4.16
60.0898,0.9599,4.1143
60.0900,0.9704,4.161
60.0902,0.9291,3.9841
60.0904,0.9464,4.0543
60.0906,0.9667,4.1431
60.0908,1.0447,4.4651
60.0910,1.1252,4.8112
60.0912,1.1047,4.728
60.0914,1.1157,4.7729
60.0916,1.0906,4.6723
60.0918,0.9973,4.2806
60.0920,0.9123,3.9212
60.0922,0.8373,3.6003
60.0924,0.8233,3.5367
60.0926,0.8198,3.5201
60.0928,0.8174,3.5082
60.0930,0.8784,3.7719
60.0932,0.8797,3.7846
60.0934,0.8247,3.5478
60.0936,0.753,3.2363
60.0938,0.7718,3.3203
60.0940,0.7833,3.3636
60.0942,0.8691,3.7282
60.0944,0.8549,3.6727
60.0946,0.8108,3.488
60.0948,0.7625,3.2832
60.0950,0.7524,3.2353
60.0952,0.7878,3.3858
60.0954,0.7569,3.2564
60.0956,0.7289,3.1328
60.0958,0.7818,3.36
60.0960,0.8006,3.4441
60.0962,0.7414,3.1908
60.0964,0.7674,3.3028
60.0966,0.7068,3.0464
60.0968,0.6117,2.6391
60.0970,0.641,2.7627
60.0972,0.6376,2.747
60.0974,0.6125,2.6397
60.0976,0.5953,2.5646
60.0978,0.6295,2.7093
60.0980,0.6921,2.9801
60.0982,0.7533,3.2424
60.0984,0.7036,3.0311
60.0986,0.6676,2.8788
60.0988,0.606,2.613
60.0990,0.5968,2.5732
60.0992,0.591,2.546
60.0994,0.6295,2.7093
60.0996,0.6969,2.998
60.0998,0.73,3.1418
60.1000,0.7332,3.1557
60.1002,0.6959,2.9966
60.1004,0.637,2.7495
60.1006,0.5057,2.1838
60.1008,0.5179,2.2361
60.1010,0.5113,2.2036
60.1012,0.5508,2.3741
60.1014,0.6421,2.7661
60.1016,0.6902,2.9746
60.1018,0.6277,2.7053
60.1020,0.5656,2.4388
60.1022,0.5462,2.3539
60.1024,0.5777,2.491
60.1026,0.5623,2.4214
60.1028,0.6195,2.6702
60.1030,0.6037,2.6056
60.1032,0.5318,2.293
60.1034,0.5257,2.2677
60.1036,0.541,2.3328
60.1038,0.5481,2.3633
60.1040,0.5994,2.5834
60.1042,0.6063,2.6121
60.1044,0.5665,2.4395
60.1046,0.6221,2.6811
60.1048,0.5971,2.5736
60.1050,0.6072,2.6158
60.1052,0.5475,2.3618
60.1054,0.5331,2.3008
60.1056,0.5128,2.2113
60.1058,0.5261,2.2718
60.1060,0.464,2.0027
60.1062,0.4558,1.967
60.1064,0.4566,1.9716
60.1066,0.4659,2.011
60.1068,0.5081,2.1942
60.1070,0.4489,1.9375
60.1072,0.443,1.9113
60.1074,0.4458,1.9258
60.1076,0.4493,1.9382
60.1078,0.4483,1.934
60.1080,0.4592,1.9839
60.1082,0.459,1.9819
60.1084,0.4587,1.9809
60.1086,0.4601,1.9856
60.1088,0.4613,1.989
60.1090,0.4547,1.9615
60.1092,0.455,1.963
60.1094,0.4541,1.9598
60.1096,0.4547,1.9605
60.1098,0.4495,1.9401
60.1100,0.441,1.9051
60.1102,0.4427,1.9115
60.1104,0.4528,1.9523
60.1106,0.5066,2.1814
60.1108,0.5562,2.3973
60.1110,0.5619,2.4194
60.1112,0.5981,2.5729
60.1114,0.6514,2.8012
60.1116,0.674,2.8994
60.1118,0.6339,2.7297
60.1120,0.5628,2.4269
60.1122,0.5583,2.4061
60.1124,0.5544,2.3874
60.1126,0.5649,2.4323
60.1128,0.5737,2.4694
60.1130,0.6277,2.7028
60.1132,0.6236,2.6803
60.1134,0.7568,3.2528
60.1136,0.7129,3.0685
60.1138,0.5963,2.5699
60.1140,0.5764,2.4807
60.1142,0.5966,2.5667
60.1144,0.6291,2.7065
60.1146,0.6239,2.6851
60.1148,0.612,2.6328
60.1150,0.6402,2.7565
60.1152,0.6138,2.6429
60.1154,0.6217,2.677
60.1156,0.662,2.8452
60.1158,0.7384,3.1749
60.1160,0.6464,2.786
60.1162,0.5155,2.2216
60.1164,0.4814,2.0768
60.1166,0.4799,2.0701
60.1168,0.5206,2.2439
60.1170,0.5647,2.4363
60.1172,0.4711,2.0323
60.1174,0.491,2.1172
60.1176,0.4995,2.1579
60.1178,0.4047,1.7466
60.1180,0.3986,1.721
60.1182,0.4032,1.742
60.1184,0.4117,1.7763
60.1186,0.4646,2.0016
60.1188,0.4988,2.1508
60.1190,0.5017,2.1642
60.1192,0.4993,2.1519
60.1194,0.4748,2.0483
60.1196,0.4213,1.8168
60.1198,0.4322,1.8639
60.1200,0.4891,2.1089
60.1202,0.5565,2.3906
60.1204,0.7266,3.1244
60.1206,0.699,3.0058
60.1208,0.687,2.9543
60.1210,0.6849,2.9423
60.1212,0.7673,3.2915
60.1214,0.8545,3.6609
60.1216,0.8616,3.6946
60.1218,0.9014,3.8617
60.1220,0.9941,4.2568
60.1222,0.996,4.261
60.1224,1.0574,4.5194
60.1226,1.129,4.8208
60.1228,1.1523,4.934
60.1230,0.9694,4.1588
60.1232,0.9029,3.8733
60.1234,0.9053,3.8782
60.1236,0.9053,3.8763
60.1238,0.9378,4.0155
60.1240,0.9587,4.1111
60.1242,0.9204,3.9466
60.1244,0.9009,3.8651
60.1246,0.8915,3.8209
60.1248,0.9464,4.0581
60.1250,0.977,4.1912
60.1252,0.9497,4.0668
60.1254,0.9838,4.2126
60.1256,1.0362,4.4349
60.1258,1.0402,4.4539
60.1260,1.0466,4.4796
60.1262,1.0502,4.4992
60.1264,1.0277,4.4088
60.1266,0.9539,4.0867
60.1268,1.0232,4.3795
60.1270,1.0749,4.6028
60.1272,1.0049,4.307
60.1274,0.8837,3.7981
60.1276,0.8195,3.5191
60.1278,0.8993,3.8615
60.1280,0.9113,3.9057
60.1282,0.9171,3.9345
60.1284,0.9694,4.153
60.1286,1.0574,4.53
60.1288,1.0219,4.382
60.1290,0.9107,3.9086
60.1292,0.9219,3.9606
60.1294,0.8543,3.6735
60.1296,0.8212,3.5329
60.1298,0.7056,3.037
60.1300,0.7664,3.2925
60.1302,0.8036,3.4554
60.1304,0.7448,3.2013
60.1306,0.7746,3.3291
60.1308,0.795,3.4151
60.1310,0.8396,3.6101
60.1312,0.7892,3.3967
60.1314,0.7632,3.2786
60.1316,0.7911,3.4002
60.1318,0.7832,3.3709
60.1320,0.7502,3.2245
60.1322,0.7753,3.3353
60.1324,0.7824,3.3626
60.1326,0.8427,3.6185
60.1328,0.8589,3.6914
60.1330,0.8292,3.5674
60.1332,0.7768,3.342
60.1334,0.7645,3.2858
60.1336,0.7163,3.0872
60.1338,0.6533,2.8212
60.1340,0.5701,2.4596
60.1342,0.5716,2.4669
60.1344,0.574,2.4761
60.1346,0.5834,2.517
60.1348,0.5713,2.4659
60.1350,0.4921,2.1258
60.1352,0.4848,2.0932
60.1354,0.486,2.0965
60.1356,0.5499,2.3689
60.1358,0.5996,2.5892
60.1360,0.537,2.319
60.1362,0.5284,2.2796
60.1364,0.5255,2.2682
60.1366,0.5367,2.312
60.1368,0.6363,2.74
60.1370,0.6253,2.6938
60.1372,0.5682,2.4513
60.1374,0.5334,2.3024
60.1376,0.5444,2.3462
60.1378,0.571,2.462
60.1380,0.5284,2.2796
60.1382,0.5314,2.2914
60.1384,0.5924,2.5475
60.1386,0.7338,3.1568
60.1388,0.6918,2.9791
60.1390,0.6155,2.6576
60.1392,0.5463,2.3566
60.1394,0.5578,2.4052
60.1396,0.568,2.448
60.1398,0.6049,2.6035
60.1400,0.6679,2.8705
60.1402,0.7651,3.2869
60.1404,0.7615,3.2745
60.1406,0.6888,2.9648
60.1408,0.6441,2.7736
60.1410,0.6373,2.7441
60.1412,0.6464,2.7821
60.1414,0.6655,2.8641
60.1416,0.6707,2.8882
60.1418,0.6676,2.8708
60.1420,0.7122,3.0597
60.1422,0.7162,3.0796
60.1424,0.7417,3.1953
60.1426,0.7236,3.113
60.1428,0.7259,3.1257
60.1430,0.6637,2.8551
60.1432,0.7321,3.1481
60.1434,0.797,3.4207
60.1436,0.9044,3.8764
60.1438,0.9567,4.0985
60.1440,0.9336,4.0124
60.1442,0.7964,3.4293
60.1444,0.7272,3.127
60.1446,0.7602,3.2673
60.1448,0.7475,3.2141
60.1450,0.7457,3.2034
60.1452,0.8411,3.6151
60.1454,0.8213,3.5301
60.1456,0.8225,3.5336
60.1458,0.8011,3.4446
60.1460,0.7906,3.3982
60.1462,0.7908,3.3987
60.1464,0.7934,3.4084
60.1466,0.7735,3.3198
60.1468,0.835,3.5872
60.1470,0.8277,3.5624
60.1472,0.7792,3.3523
60.1474,0.7083,3.0526
60.1476,0.5981,2.5789
60.1478,0.6294,2.7113
60.1480,0.6201,2.6715
60.1482,0.6334,2.7264
60.1484,0.6614,2.8466
60.1486,0.7162,3.0781
60.1488,0.7406,3.1862
60.1490,0.6818,2.9384
60.1492,0.6284,2.7097
60.1494,0.5686,2.454
60.1496,0.5233,2.2573
60.1498,0.5204,2.2459
60.1500,0.5273,2.2707
60.1502,0.6086,2.6244
60.1504,0.5134,2.218
60.1506,0.4193,1.8122
60.1508,0.3963,1.7119
60.1510,0.3929,1.6998
60.1512,0.3934,1.7003
60.1514,0.3978,1.7179
60.1516,0.398,1.7184
60.1518,0.3992,1.7252
60.1520,0.3932,1.6992
60.1522,0.3934,1.6971
60.1524,0.4487,1.9365
60.1526,0.4272,1.8473
60.1528,0.3975,1.7187
60.1530,0.403,1.7401
60.1532,0.4406,1.9018
60.1534,0.4963,2.1399
60.1536,0.5733,2.4696
60.1538,0.5998,2.5813
60.1540,0.6414,2.7591
60.1542,0.6779,2.9137
60.1544,0.7649,3.2858
60.1546,0.7825,3.3631
60.1548,0.8051,3.4541
60.1550,0.852,3.6535
60.1552,0.8842,3.7966
60.1554,0.8634,3.7058
60.1556,0.8896,3.8162
60.1558,0.9021,3.8702
60.1560,0.9436,4.0444
60.1562,0.9596,4.1089
60.1564,0.9759,4.1846
60.1566,0.9589,4.1078
60.1568,0.9391,4.023
60.1570,1.056,4.5196
60.1572,1.1334,4.8511
60.1574,1.0609,4.5449
60.1576,1.0422,4.4648
60.1578,1.0454,4.4765
60.1580,1.0223,4.3795
60.1582,0.9532,4.0874
60.1584,0.9057,3.8856
60.1586,0.9598,4.1176
60.1588,0.9904,4.2508
60.1590,0.8786,3.7729
60.1592,0.886,3.8079
60.1594,0.8245,3.5385
60.1596,0.8501,3.6504
60.1598,0.8575,3.684
60.1600,0.8926,3.8308
60.1602,0.9092,3.9042
60.1604,0.9573,4.1087
60.1606,0.9039,3.8797
60.1608,0.8894,3.8228
60.1610,0.8137,3.4987
60.1612,0.7964,3.4213
60.1614,0.7772,3.342
60.1616,0.8561,3.6727
60.1618,0.9134,3.9204
60.1620,0.8915,3.8333
60.1622,0.8069,3.4682
60.1624,0.8083,3.4788
60.1626,0.7633,3.2837
60.1628,0.7683,3.3008
60.1630,0.8043,3.4569
60.1632,0.8055,3.4653
60.1634,0.8083,3.4739
60.1636,0.8155,3.5065
60.1638,0.795,3.4199
60.1640,0.7653,3.2925
60.1642,0.759,3.2636
60.1644,0.7839,3.3693
60.1646,0.8158,3.5064
60.1648,0.8074,3.4719
60.1650,0.812,3.4931
60.1652,0.7758,3.342
60.1654,0.714,3.0717
60.1656,0.7583,3.2621
60.1658,0.6899,2.9722
60.1660,0.6932,2.9833
60.1662,0.696,2.9985
60.1664,0.6018,2.5997
60.1666,0.4882,2.1082
60.1668,0.4839,2.0896
60.1670,0.4924,2.1273
60.1672,0.4978,2.1507
60.1674,0.4302,1.8594
60.1676,0.402,1.7384
60.1678,0.3987,1.7247
60.1680,0.3993,1.7249
60.1682,0.4572,1.9732
60.1684,0.5126,2.2154
60.1686,0.4604,1.9881
60.1688,0.4602,1.9871
60.1690,0.4605,1.9886
60.1692,0.4605,1.9896
60.1694,0.4565,1.9729
60.1696,0.458,1.9787
60.1698,0.4603,1.9867
60.1700,0.4614,1.9923
60.1702,0.4633,2.0015
60.1704,0.4655,2.0089
60.1706,0.5075,2.1906
60.1708,0.4604,1.9881
60.1710,0.4508,1.9485
60.1712,0.4532,1.9571
60.1714,0.449,1.9389
60.1716,0.4474,1.9308
60.1718,0.4483,1.9367
60.1720,0.4512,1.9492
60.1722,0.4488,1.937
60.1724,0.4469,1.9287
60.1726,0.4456,1.923
60.1728,0.4474,1.9308
60.1730,0.4838,2.0862
60.1732,0.5587,2.406
60.1734,0.6283,2.7104
60.1736,0.545,2.3531
60.1738,0.476,2.0545
60.1740,0.4513,1.9479
60.1742,0.448,1.9343
60.1744,0.4468,1.9291
60.1746,0.4438,1.9144
60.1748,0.4459,1.9237
60.1750,0.4501,1.9427
60.1752,0.4581,1.9783
60.1754,0.4464,1.9266
60.1756,0.4447,1.9185
60.1758,0.4416,1.9051
60.1760,0.4513,1.947
60.1762,0.498,2.1452
60.1764,0.5637,2.4283
60.1766,0.5586,2.4054
60.1768,0.5698,2.4546
60.1770,0.5742,2.476
60.1772,0.5716,2.4589
60.1774,0.6374,2.7408
60.1776,0.673,2.894
60.1778,0.6613,2.8448
60.1780,0.6739,2.8962
60.1782,0.6918,2.9763
60.1784,0.7097,3.0446
60.1786,0.8492,3.6429
60.1788,0.809,3.4754
60.1790,0.7989,3.4353
60.1792,0.6872,2.9562
60.1794,0.6155,2.6477
60.1796,0.6372,2.7385
60.1798,0.7408,3.1897
60.1800,0.6466,2.7779
60.1802,0.6868,2.9574
60.1804,0.6426,2.7681
60.1806,0.6525,2.8058
60.1808,0.7306,3.1371
60.1810,0.7643,3.2909
60.1812,0.6131,2.6398
60.1814,0.6372,2.7385
60.1816,0.6524,2.8079
60.1818,0.6625,2.8499
60.1820,0.7033,3.03
60.1822,0.5917,2.5468
60.1824,0.6719,2.8893
60.1826,0.6381,2.7478
60.1828,0.5908,2.5438
60.1830,0.6055,2.6073
60.1832,0.6408,2.7553
60.1834,0.6765,2.9103
60.1836,0.6685,2.8797
60.1838,0.5745,2.4759
60.1840,0.5121,2.2113
60.1842,0.4046,1.7469
60.1844,0.3935,1.6984
60.1846,0.4279,1.8495
60.1848,0.3959,1.7096
60.1850,0.4111,1.7737
60.1852,0.4414,1.9058
60.1854,0.431,1.8621
60.1856,0.4257,1.8363
60.1858,0.4251,1.8328
60.1860,0.4641,2.0023
60.1862,0.4794,2.067
60.1864,0.5137,2.2129
60.1866,0.586,2.5208
60.1868,0.5902,2.5412
60.1870,0.6436,2.7651
60.1872,0.7929,3.3969
60.1874,0.8956,3.8419
60.1876,0.8609,3.6881
60.1878,0.9306,3.9847
60.1880,0.9783,4.1929
60.1882,0.8498,3.6454
60.1884,0.8593,3.6849
60.1886,0.8659,3.7201
60.1888,0.7729,3.3142
60.1890,0.8694,3.728
60.1892,0.9159,3.9239
60.1894,0.9144,3.919
60.1896,0.9015,3.864
60.1898,0.9597,4.1094
60.1900,1.0255,4.3913
60.1902,1.0158,4.3518
60.1904,0.9762,4.1783
60.1906,1.04,4.4534
60.1908,0.9918,4.247
60.1910,0.9952,4.2654
60.1912,0.9385,4.0242
60.1914,0.8719,3.7423
60.1916,0.865,3.7108
60.1918,0.8659,3.7166
60.1920,0.8566,3.6765
60.1922,0.9048,3.8815
60.1924,0.8868,3.8044
60.1926,0.8951,3.8399
60.1928,0.9398,4.0242
60.1930,1.0213,4.3693
60.1932,1.0743,4.5981
60.1934,0.9984,4.2853
60.1936,0.8826,3.7793
60.1938,0.9776,4.1957
60.1940,0.8667,3.7249
60.1942,0.814,3.4954
60.1944,0.8892,3.8182
60.1946,0.8944,3.835
60.1948,0.9265,3.9746
60.1950,0.9084,3.897
60.1952,0.9412,4.0398
60.1954,0.9249,3.9642
60.1956,0.8809,3.7862
60.1958,0.8199,3.5173
60.1960,0.8989,3.8581
60.1962,0.9167,3.9325
60.1964,0.9715,4.1656
60.1966,0.9545,4.0912
60.1968,0.9862,4.2328
60.1970,0.9503,4.0789
60.1972,0.8922,3.8257
60.1974,0.9303,3.9911
60.1976,0.9302,3.998
60.1978,0.8283,3.5633
60.1980,0.8119,3.491
60.1982,0.8001,3.4357
60.1984,0.8927,3.8278
60.1986,0.9156,3.937
60.1988,0.8108,3.4847
60.1990,0.8219,3.5392
60.1992,0.7259,3.1271
60.1994,0.6857,2.9555
60.1996,0.7362,3.1627
60.1998,0.8302,3.5649
60.2000,0.8366,3.5972
60.2002,0.796,3.4245
60.2004,0.7261,3.1267
60.2006,0.7446,3.2077
60.2008,0.7061,3.0363
60.2010,0.7676,3.3023
60.2012,0.765,3.2909
60.2014,0.7723,3.3224
60.2016,0.7822,3.3637
60.2018,0.7721,3.3214
60.2020,0.7667,3.2966
60.2022,0.7848,3.3745
60.2024,0.7411,3.1957
60.2026,0.6115,2.6368
60.2028,0.5999,2.5807
60.2030,0.7591,3.2596
60.2032,0.7585,3.2692
60.2034,0.6399,2.7606
60.2036,0.6602,2.8401
60.2038,0.6699,2.8859
60.2040,0.6158,2.6566
60.2042,0.6033,2.6029
60.2044,0.5904,2.5434
60.2046,0.6032,2.6011
60.2048,0.6125,2.6397
60.2050,0.6427,2.7687
60.2052,0.6406,2.7599
60.2054,0.6282,2.7074
60.2056,0.5697,2.4598
60.2058,0.553,2.3878
60.2060,0.5409,2.3334
60.2062,0.5523,2.3803
60.2064,0.6123,2.6404
60.2066,0.5436,2.3463
60.2068,0.5277,2.2754
60.2070,0.5281,2.278
60.2072,0.5279,2.2786
60.2074,0.5438,2.3447
60.2076,0.6032,2.6023
60.2078,0.5432,2.3432
60.2080,0.527,2.2734
60.2082,0.524,2.2604
60.2084,0.5248,2.2609
60.2086,0.5848,2.518
60.2088,0.62,2.6747
60.2090,0.5586,2.4121
60.2092,0.5429,2.3422
60.2094,0.5465,2.3544
60.2096,0.6572,2.8246
60.2098,0.7622,3.2776
60.2100,0.7663,3.2951
60.2102,0.7821,3.36
60.2104,0.7641,3.2858
60.2106,0.7451,3.2068
60.2108,0.7673,3.3007
60.2110,0.7581,3.2585
60.2112,0.7381,3.1769
60.2114,0.7239,3.1111
60.2116,0.7418,3.1914
60.2118,0.6966,2.9997
60.2120,0.6757,2.9067
60.2122,0.7416,3.1889
60.2124,0.735,3.159
60.2126,0.746,3.2124
60.2128,0.6627,2.8509
60.2130,0.7189,3.0929
60.2132,0.7486,3.2188
60.2134,0.7593,3.2682
60.2136,0.7355,3.164
60.2138,0.6987,3.0113
60.2140,0.6601,2.8436
60.2142,0.642,2.7694
60.2144,0.5607,2.4187
60.2146,0.5598,2.4128
60.2148,0.5722,2.4649
60.2150,0.6321,2.7207
60.2152,0.6072,2.6194
60.2154,0.4854,2.0939
60.2156,0.5492,2.3701
60.2158,0.5086,2.1942
60.2160,0.537,2.3168
60.2162,0.5328,2.2987
60.2164,0.5496,2.3722
60.2166,0.4686,2.0243
60.2168,0.3939,1.7008
60.2170,0.3975,1.7171
60.2172,0.3833,1.6575
60.2174,0.377,1.6293
60.2176,0.3916,1.6909
60.2178,0.4379,1.8934
60.2180,0.399,1.7238
60.2182,0.3799,1.6402
60.2184,0.3719,1.6068
60.2186,0.3735,1.6128
60.2188,0.4381,1.8892
60.2190,0.5506,2.3764
60.2192,0.4981,2.1477
60.2194,0.5228,2.2532
60.2196,0.5387,2.3219
60.2198,0.5412,2.3327
60.2200,0.5628,2.4235
60.2202,0.658,2.8295
60.2204,0.7301,3.1365
60.2206,0.7584,3.258
60.2208,0.7994,3.4358
60.2210,0.8095,3.4758
60.2212,0.8198,3.5185
60.2214,0.8634,3.7092
60.2216,0.8253,3.5438
60.2218,0.8547,3.6682
60.2220,0.8625,3.6948
60.2222,0.8857,3.798
60.2224,0.9646,4.1343
60.2226,0.9806,4.2007
60.2228,0.9777,4.1904
60.2230,1.0532,4.5057
60.2232,1.1319,4.8377
60.2234,1.1296,4.8324
60.2236,1.1056,4.7276
60.2238,1.1158,4.7757
60.2240,1.138,4.8683
60.2242,1.1634,4.9794
60.2244,1.0097,4.3316
60.2246,0.941,4.0369
60.2248,0.9718,4.1652
60.2250,0.9878,4.2276
60.2252,1.0914,4.6732
60.2254,1.0798,4.6282
60.2256,1.0448,4.4719
60.2258,1.0789,4.6241
60.2260,1.0716,4.5863
60.2262,1.1364,4.8594
60.2264,1.115,4.7855
60.2266,0.8864,3.8046
60.2268,0.8482,3.6438
60.2270,0.899,3.8586
60.2272,0.9627,4.128
60.2274,0.9615,4.1344
60.2276,0.8368,3.5915
60.2278,0.9688,4.1504
60.2280,0.9638,4.1423
60.2282,0.7502,3.229
60.2284,0.7579,3.256
60.2286,0.8488,3.6498
60.2288,0.8073,3.4698
60.2290,0.8,3.4432
60.2292,0.7352,3.1645
60.2294,0.7342,3.1569
60.2296,0.7682,3.3064
60.2298,0.6884,2.9655
60.2300,0.6884,2.9655
60.2302,0.699,3.0114
60.2304,0.7,3.0156
60.2306,0.7167,3.0874
60.2308,0.6957,2.997
60.2310,0.6976,3.0038
60.2312,0.7126,3.0712
60.2314,0.6105,2.6327
60.2316,0.5946,2.5615
60.2318,0.6746,2.9047
60.2320,0.7037,3.0344
60.2322,0.6297,2.7179
60.2324,0.5565,2.3995
60.2326,0.5843,2.5183
60.2328,0.6011,2.5942
60.2330,0.5483,2.3654
60.2332,0.5531,2.3894
60.2334,0.4959,2.1404
60.2336,0.4888,2.1128
60.2338,0.4806,2.077
60.2340,0.4905,2.1191
60.2342,0.4849,2.0928
60.2344,0.4854,2.0939
60.2346,0.5445,2.3489
60.2348,0.5273,2.276
60.2350,0.4968,2.146
60.2352,0.4896,2.1159
60.2354,0.4772,2.0606
60.2356,0.4834,2.0866
60.2358,0.5146,2.2211
60.2360,0.5592,2.4125
60.2362,0.5392,2.324
60.2364,0.5475,2.3651
60.2366,0.4373,1.8899
60.2368,0.4306,1.8601
60.2370,0.4623,1.9973
60.2372,0.4504,1.9464
60.2374,0.4457,1.9244
60.2376,0.4427,1.9124
60.2378,0.4463,1.9243
60.2380,0.5295,2.2842
60.2382,0.4722,2.0379
60.2384,0.4463,1.9243
60.2386,0.471,2.0318
60.2388,0.5459,2.3496
60.2390,0.6406,2.7573
60.2392,0.6143,2.6475
60.2394,0.5846,2.5175
60.2396,0.5464,2.3561
60.2398,0.4846,2.0888
60.2400,0.5126,2.2092
60.2402,0.556,2.3974
60.2404,0.5649,2.4334
60.2406,0.584,2.5149
60.2408,0.5992,2.5788
60.2410,0.6563,2.8236
60.2412,0.6946,2.9895
60.2414,0.6448,2.7767
60.2416,0.6589,2.8358
60.2418,0.7145,3.0709
60.2420,0.6911,2.9801
60.2422,0.5541,2.3903
60.2424,0.5487,2.3626
60.2426,0.6239,2.6813
60.2428,0.6816,2.9324
60.2430,0.6741,2.9013
60.2432,0.6659,2.8635
60.2434,0.6607,2.8422
60.2436,0.6782,2.9202
60.2438,0.6615,2.8471
60.2440,0.6602,2.8388
60.2442,0.7084,3.0432
60.2444,0.8049,3.4547
60.2446,0.8747,3.7542
60.2448,0.7957,3.4166
60.2450,0.7739,3.3214
60.2452,0.7665,3.2976
60.2454,0.7126,3.0698
60.2456,0.6241,2.6911
60.2458,0.549,2.3663
60.2460,0.537,2.3125
60.2462,0.5384,2.3214
60.2464,0.5398,2.3276
60.2466,0.539,2.324
60.2468,0.5394,2.3282
60.2470,0.5331,2.2997
60.2472,0.5296,2.2837
60.2474,0.5294,2.2848
60.2476,0.5198,2.2413
60.2478,0.5996,2.5808
60.2480,0.6427,2.7674
60.2482,0.5737,2.4728
60.2484,0.5423,2.3374
60.2486,0.6079,2.6201
60.2488,0.561,2.4191
60.2490,0.5069,2.1839
60.2492,0.5822,2.5072
60.2494,0.6392,2.7537
60.2496,0.5631,2.4245
60.2498,0.5628,2.4246
60.2500,0.5321,2.2956
60.2502,0.5134,2.2139
60.2504,0.4875,2.1042
60.2506,0.4096,1.7694
60.2508,0.4072,1.7591
60.2510,0.4028,1.7391
60.2512,0.4372,1.8851
60.2514,0.438,1.8922
60.2516,0.3879,1.6757
60.2518,0.3893,1.6811
60.2520,0.386,1.6674
60.2522,0.3922,1.6943
60.2524,0.3941,1.701
60.2526,0.417,1.7974
60.2528,0.4969,2.1395
60.2530,0.5386,2.3203
60.2532,0.5923,2.547
60.2534,0.6857,2.9472
60.2536,0.7049,3.0283
60.2538,0.7174,3.0819
60.2540,0.7689,3.3018
60.2542,0.8167,3.5051
60.2544,0.8448,3.6226
60.2546,0.868,3.7253
60.2548,0.8575,3.6789
60.2550,0.8549,3.6693
60.2552,0.8393,3.6007
60.2554,0.8468,3.6343
60.2556,0.8514,3.656
60.2558,0.8429,3.6144
60.2560,0.8508,3.6484
60.2562,0.859,3.6833
60.2564,0.8879,3.8019
60.2566,0.9837,4.2141
60.2568,0.8676,3.7238
60.2570,0.8471,3.629
60.2572,0.9622,4.1241
60.2574,0.9968,4.2741
60.2576,0.8944,3.8368
60.2578,0.8349,3.58
60.2580,0.8692,3.7288
60.2582,0.8422,3.6181
60.2584,0.7843,3.3708
60.2586,0.7758,3.3312
60.2588,0.8456,3.6291
60.2590,0.8429,3.6161
60.2592,0.8754,3.752
60.2594,0.9121,3.9093
60.2596,0.9056,3.8851
60.2598,0.883,3.7826
60.2600,0.9478,4.0681
60.2602,0.9073,3.8905
60.2604,0.9121,3.9129
60.2606,0.9314,3.992
60.2608,0.985,4.2217
60.2610,0.9861,4.2303
60.2612,0.9529,4.0821
60.2614,0.9679,4.154
60.2616,0.931,3.9942
60.2618,0.9451,4.0563
60.2620,0.905,3.8807
60.2622,0.9381,4.0264
60.2624,0.9092,3.906
60.2626,0.8758,3.7623
60.2628,0.8728,3.7459
60.2630,0.8554,3.673
60.2632,0.8267,3.5566
60.2634,0.7916,3.4055
60.2636,0.7992,3.4363
60.2638,0.7486,3.2188
60.2640,0.7874,3.3811
60.2642,0.8397,3.6056
60.2644,0.8465,3.6383
60.2646,0.779,3.3513
60.2648,0.7273,3.1261
60.2650,0.7927,3.4085
60.2652,0.7836,3.374
60.2654,0.6651,2.8626
60.2656,0.6601,2.8409
60.2658,0.6731,2.8985
60.2660,0.6851,2.9501
60.2662,0.7286,3.1376
60.2664,0.7056,3.0398
60.2666,0.6087,2.6261
60.2668,0.5789,2.4962
60.2670,0.5742,2.476
60.2672,0.5794,2.4948
60.2674,0.6356,2.7369
60.2676,0.6495,2.8007
60.2678,0.5923,2.5517
60.2680,0.5912,2.5459
60.2682,0.612,2.6401
60.2684,0.5827,2.5139
60.2686,0.5794,2.4959
60.2688,0.5929,2.5567
60.2690,0.5448,2.3526
60.2692,0.4886,2.1039
60.2694,0.609,2.6223
60.2696,0.6254,2.6955
60.2698,0.6423,2.7684
60.2700,0.6176,2.6644
60.2702,0.5433,2.3426
60.2704,0.5369,2.3152
60.2706,0.5348,2.3059
60.2708,0.5421,2.3385
60.2710,0.5386,2.3235
60.2712,0.5374,2.3173
60.2714,0.5348,2.307
60.2716,0.5344,2.3054
60.2718,0.5204,2.2439
60.2720,0.5186,2.2371
60.2722,0.524,2.2583
60.2724,0.5378,2.3167
60.2726,0.6084,2.6209
60.2728,0.6067,2.6149
60.2730,0.5846,2.5175
60.2732,0.5735,2.4741
60.2734,0.5309,2.2904
60.2736,0.5297,2.2842
60.2738,0.5273,2.2739
60.2740,0.524,2.2594
60.2742,0.5243,2.2609
60.2744,0.5275,2.2744
60.2746,0.537,2.3157
60.2748,0.5363,2.3126
60.2750,0.5219,2.2527
60.2752,0.5181,2.234
60.2754,0.527,2.2702
60.2756,0.5953,2.5634
60.2758,0.6151,2.6486
60.2760,0.6205,2.6694
60.2762,0.6272,2.6995
60.2764,0.6301,2.7132
60.2766,0.6328,2.7263
60.2768,0.6318,2.7191
60.2770,0.6529,2.8073
60.2772,0.7086,3.0457
60.2774,0.7824,3.3563
60.2776,0.8266,3.5511
60.2778,0.7906,3.3918
60.2780,0.8434,3.6199
60.2782,0.8587,3.6943
60.2784,0.7177,3.0891
60.2786,0.6646,2.8552
60.2788,0.7176,3.0872
60.2790,0.7043,3.0271
60.2792,0.7679,3.2987
60.2794,0.7802,3.3596
60.2796,0.6995,3.0107
60.2798,0.6652,2.8631
60.2800,0.6918,2.9763
60.2802,0.7198,3.0936
60.2804,0.715,3.0744
60.2806,0.7505,3.2255
60.2808,0.7632,3.2786
60.2810,0.7442,3.2032
60.2812,0.6878,2.9615
60.2814,0.7266,3.1259
60.2816,0.6727,2.8951
60.2818,0.656,2.8181
60.2820,0.6948,2.992
60.2822,0.6676,2.8748
60.2824,0.6692,2.8761
60.2826,0.7426,3.1945
60.2828,0.6753,2.9078
60.2830,0.6241,2.6898
60.2832,0.5892,2.5418
60.2834,0.5484,2.3616
60.2836,0.6037,2.6008
60.2838,0.6138,2.6429
60.2840,0.6081,2.6211
60.2842,0.5364,2.3142
60.2844,0.5072,2.188
60.2846,0.5534,2.3827
60.2848,0.5957,2.5674
60.2850,0.5655,2.4417
60.2852,0.4418,1.907
60.2854,0.4263,1.8397
60.2856,0.4307,1.8571
60.2858,0.4677,2.016
60.2860,0.509,2.1927
60.2862,0.6418,2.7638
60.2864,0.6213,2.6755
60.2866,0.6004,2.5839
60.2868,0.6939,2.9837
60.2870,0.749,3.2208
60.2872,0.7273,3.1246
60.2874,0.7525,3.2313
60.2876,0.795,3.4119
60.2878,0.868,3.7219
60.2880,0.9308,3.9876
60.2882,0.9526,4.0811
60.2884,0.9851,4.2222
60.2886,0.9819,4.2084
60.2888,0.9652,4.1388
60.2890,0.9692,4.1539
60.2892,0.9468,4.0578
60.2894,0.9948,4.2519
60.2896,1.1381,4.8689
60.2898,1.1362,4.8607
60.2900,1.1123,4.7586
60.2902,1.0934,4.6819
60.2904,1.021,4.38
60.2906,0.9175,3.9379
60.2908,0.8656,3.7168
60.2910,0.8976,3.8543
60.2912,0.9169,3.9316
60.2914,0.9188,3.9472
60.2916,0.842,3.6137
60.2918,0.8199,3.5206
60.2920,0.847,3.637
60.2922,0.8388,3.5986
60.2924,0.878,3.7738
60.2926,0.8375,3.598
60.2928,0.8609,3.6984
60.2930,0.8222,3.5337
60.2932,0.7809,3.3611
60.2934,0.7221,3.1048
60.2936,0.7746,3.3307
60.2938,0.7436,3.2021
60.2940,0.7369,3.1717
60.2942,0.7408,3.1897
60.2944,0.7179,3.0882
60.2946,0.7488,3.2198
60.2948,0.7699,3.3105
60.2950,0.7739,3.3276
60.2952,0.7736,3.3281
60.2954,0.7049,3.0339
60.2956,0.7179,3.0897
60.2958,0.7344,3.1623
60.2960,0.6902,2.9677
60.2962,0.7579,3.2605
60.2964,0.7422,3.1974
60.2966,0.6863,2.9526
60.2968,0.68,2.9307
60.2970,0.605,2.6101
60.2972,0.5957,2.5662
60.2974,0.6597,2.8394
60.2976,0.6834,2.9443
60.2978,0.6737,2.8984
60.2980,0.6821,2.94
60.2982,0.5824,2.51
60.2984,0.5617,2.4234
60.2986,0.5677,2.447
60.2988,0.6187,2.6678
60.2990,0.5852,2.5212
60.2992,0.5663,2.4442
60.2994,0.5061,2.1823
60.2996,0.5316,2.2925
60.2998,0.5529,2.3807
60.3000,0.6402,2.7578
60.3002,0.6934,2.9858
60.3004,0.7099,3.0542
60.3006,0.717,3.0889
60.3008,0.6433,2.7777
60.3010,0.5581,2.4067
60.3012,0.5688,2.4505
60.3014,0.547,2.3597
60.3016,0.5613,2.419
60.3018,0.6224,2.6801
60.3020,0.6601,2.8396
60.3022,0.6966,3.0011
60.3024,0.6309,2.7206
60.3026,0.571,2.4598
60.3028,0.5814,2.5059
60.3030,0.5598,2.4117
60.3032,0.5742,2.4772
60.3034,0.551,2.3735
60.3036,0.5639,2.4315
60.3038,0.5499,2.37
60.3040,0.5596,2.4152
60.3042,0.5635,2.4266
60.3044,0.656,2.8273
60.3046,0.5614,2.4252
60.3048,0.4621,1.9954
60.3050,0.4456,1.9239
60.3052,0.4531,1.9556
60.3054,0.449,1.9398
60.3056,0.4464,1.9284
60.3058,0.4462,1.9265
60.3060,0.4462,1.9247
60.3062,0.451,1.9454
60.3064,0.4481,1.9348
60.3066,0.4448,1.9208
60.3068,0.4424,1.9087
60.3070,0.4566,1.9688
60.3072,0.5138,2.2154
60.3074,0.5469,2.3581
60.3076,0.5077,2.1901
60.3078,0.4495,1.9392
60.3080,0.4458,1.9232
60.3082,0.4773,2.0583
60.3084,0.5501,2.3699
60.3086,0.5609,2.4175
60.3088,0.5436,2.342
60.3090,0.5506,2.372
60.3092,0.5689,2.4521
60.3094,0.5559,2.3958
60.3096,0.554,2.3875
60.3098,0.5572,2.3992
60.3100,0.645,2.772
60.3102,0.6572,2.8312
60.3104,0.5736,2.4723
60.3106,0.5753,2.4772
60.3108,0.6746,2.898
60.3110,0.8029,3.4459
60.3112,0.841,3.6112
60.3114,0.7867,3.3827
60.3116,0.718,3.0902
60.3118,0.6583,2.8345
60.3120,0.5358,2.3127
60.3122,0.4948,2.1337
60.3124,0.5175,2.2294
60.3126,0.5488,2.3653
60.3128,0.5712,2.4608
60.3130,0.5929,2.5555
60.3132,0.573,2.4674
60.3134,0.5614,2.4184
60.3136,0.5824,2.51
60.3138,0.5679,2.4475
60.3140,0.5772,2.4855
60.3142,0.6556,2.8179
60.3144,0.6631,2.8525
60.3146,0.6187,2.6653
60.3148,0.5736,2.4677
60.3150,0.6421,2.7597
60.3152,0.6195,2.6727
60.3154,0.5224,2.2547
60.3156,0.4906,2.1176
60.3158,0.4046,1.7469
60.3160,0.3964,1.7116
60.3162,0.3978,1.7179
60.3164,0.3952,1.7065
60.3166,0.3885,1.6767
60.3168,0.388,1.6762
60.3170,0.3924,1.6938
60.3172,0.3984,1.7204
60.3174,0.3976,1.716
60.3176,0.4571,1.9718
60.3178,0.4114,1.7764
60.3180,0.3894,1.6808
60.3182,0.4131,1.782
60.3184,0.4138,1.7842
60.3186,0.4743,2.0453
60.3188,0.4969,2.1386
60.3190,0.6278,2.6971
60.3192,0.7656,3.2859
60.3194,0.7994,3.4326
60.3196,0.7765,3.3311
60.3198,0.8477,3.6367
60.3200,0.8351,3.5827
60.3202,0.8635,3.7011
60.3204,0.8737,3.7518
60.3206,0.8201,3.5135
60.3208,0.9499,4.0654
60.3210,1.0327,4.4159
60.3212,1.0362,4.4391
60.3214,0.9722,4.1628
60.3216,0.9784,4.1915
60.3218,0.9809,4.1984
60.3220,0.9526,4.0811
60.3222,0.9456,4.0545
60.3224,0.9463,4.0557
60.3226,0.99,4.2413
60.3228,0.9583,4.1033
60.3230,0.9692,4.15
60.3232,0.9318,3.9991
60.3234,0.8551,3.6686
60.3236,0.9069,3.8835
60.3238,0.9555,4.101
60.3240,0.9204,3.9447
60.3242,0.9959,4.2605
60.3244,1.0336,4.4278
60.3246,1.0337,4.4242
60.3248,1.0159,4.3523
60.3250,1.0119,4.3308
60.3252,1.0758,4.6086
60.3254,1.0115,4.3454
60.3256,0.8532,3.6621
60.3258,0.8572,3.6773
60.3260,0.9015,3.864
60.3262,0.886,3.8025
60.3264,0.7693,3.3095
60.3266,0.7531,3.2384
60.3268,0.7743,3.3281
60.3270,0.7912,3.3992
60.3272,0.7665,3.293
60.3274,0.7813,3.3595
60.3276,0.7972,3.4249
60.3278,0.8151,3.5049
60.3280,0.7765,3.3358
60.3282,0.7978,3.4275
60.3284,0.7908,3.4003
60.3286,0.7795,3.3534
60.3288,0.7746,3.326
60.3290,0.8331,3.5773
60.3292,0.8045,3.4579
60.3294,0.8246,3.5424
60.3296,0.8339,3.5825
60.3298,0.8336,3.5793
60.3300,0.8471,3.6443
60.3302,0.7573,3.2534
60.3304,0.8012,3.4451
60.3306,0.7836,3.3709
60.3308,0.7231,3.1095
60.3310,0.7074,3.0448
60.3312,0.6632,2.8543
60.3314,0.6706,2.8904
60.3316,0.6525,2.811
60.3318,0.6664,2.8683
60.3320,0.6866,2.955
60.3322,0.6572,2.8312
60.3324,0.6122,2.6399
60.3326,0.5628,2.4269
60.3328,0.5852,2.5189
60.3330,0.6477,2.7916
60.3332,0.6161,2.6565
60.3334,0.5699,2.4574
60.3336,0.547,2.3597
60.3338,0.5476,2.3612
60.3340,0.5593,2.4097
60.3342,0.5813,2.5054
60.3344,0.6047,2.6049
60.3346,0.5996,2.5892
60.3348,0.4887,2.1103
60.3350,0.4818,2.0793
60.3352,0.4957,2.1354
60.3354,0.6008,2.5884
60.3356,0.618,2.666
60.3358,0.5616,2.4217
60.3360,0.5434,2.341
60.3362,0.5888,2.5379
60.3364,0.6288,2.71
60.3366,0.586,2.5267
60.3368,0.5309,2.2894
60.3370,0.5362,2.3121
60.3372,0.5277,2.2765
60.3374,0.5083,2.1916
60.3376,0.5103,2.2004
60.3378,0.5137,2.2149
60.3380,0.5246,2.263
60.3382,0.5308,2.2899
60.3384,0.5145,2.2185
60.3386,0.5175,2.2335
60.3388,0.5217,2.2485
60.3390,0.5977,2.5666
60.3392,0.786,3.3733
60.3394,0.8253,3.5504
60.3396,0.6918,2.9791
60.3398,0.6507,2.8007
60.3400,0.6653,2.8636
60.3402,0.6881,2.9603
60.3404,0.7107,3.0544
60.3406,0.747,3.2121
60.3408,0.7655,3.2945
60.3410,0.7277,3.1262
60.3412,0.7199,3.0984
60.3414,0.6649,2.8602
60.3416,0.6844,2.9457
60.3418,0.6796,2.9237
60.3420,0.7277,3.1262
60.3422,0.8218,3.5322
60.3424,0.7355,3.1611
60.3426,0.7797,3.3513
60.3428,0.7222,3.1111
60.3430,0.6727,2.8911
60.3432,0.7378,3.1694
60.3434,0.7826,3.3636
60.3436,0.8199,3.5223
60.3438,0.8113,3.4868
60.3440,0.7621,3.2755
60.3442,0.7501,3.224
60.3444,0.7864,3.3786
60.3446,0.786,3.3796
60.3448,0.7669,3.2961
60.3450,0.7956,3.4241
60.3452,0.7265,3.1283
60.3454,0.6981,3.0017
60.3456,0.7047,3.0329
60.3458,0.6511,2.8048
60.3460,0.5987,2.5803
60.3462,0.6028,2.5966
60.3464,0.6369,2.7413
60.3466,0.6675,2.8729
60.3468,0.6513,2.8019
60.3470,0.6138,2.6442
60.3472,0.6087,2.6237
60.3474,0.5966,2.5703
60.3476,0.5945,2.561
60.3478,0.5857,2.5245
60.3480,0.6518,2.8053
60.3482,0.656,2.8234
60.3484,0.643,2.7689
60.3486,0.6406,2.7573
60.3488,0.6733,2.9004
60.3490,0.6119,2.6371
60.3492,0.5014,2.1632
60.3494,0.5105,2.2004
60.3496,0.4769,2.06
60.3498,0.3996,1.728
60.3500,0.3942,1.7023
60.3502,0.3969,1.7145
60.3504,0.4005,1.7301
60.3506,0.4345,1.8754
60.3508,0.4119,1.7768
60.3510,0.4071,1.7577
60.3512,0.4075,1.7614
60.3514,0.4037,1.7448
60.3516,0.398,1.7176
60.3518,0.3989,1.7233
60.3520,0.4195,1.8091
60.3522,0.5516,2.3728
60.3524,0.6144,2.6431
60.3526,0.6181,2.6628
60.3528,0.5707,2.4587
60.3530,0.6055,2.6037
60.3532,0.6664,2.8656
60.3534,0.6944,2.9843
60.3536,0.7189,3.0943
60.3538,0.7227,3.1045
60.3540,0.7704,3.308
60.3542,0.8261,3.5441
60.3544,1.0296,4.4108
60.3546,0.9875,4.2365
60.3548,0.9635,4.1259
60.3550,0.9959,4.2665
60.3552,0.9791,4.1965
60.3554,0.9902,4.2418
60.3556,0.983,4.2071
60.3558,1.0354,4.4293
60.3560,1.0318,4.418
60.3562,1.0424,4.4616
60.3564,1.089,4.6586
60.3566,1.0723,4.5937
60.3568,0.9366,4.0178
60.3570,0.8703,3.7386
60.3572,0.818,3.5124
60.3574,0.8396,3.6051
60.3576,0.8189,3.5181
60.3578,0.8331,3.5773
60.3580,0.8806,3.7811
60.3582,0.9107,3.9067
60.3584,0.8762,3.7626
60.3586,0.853,3.6644
60.3588,0.8204,3.5194
60.3590,0.9042,3.8771
60.3592,0.9531,4.0888
60.3594,0.9158,3.9362
60.3596,0.8382,3.6028
60.3598,0.8239,3.5409
60.3600,0.8204,3.5227
60.3602,0.8003,3.4367
60.3604,0.887,3.8054
60.3606,0.9536,4.0928
60.3608,0.9423,4.0463
60.3610,0.8405,3.6125
60.3612,0.8513,3.6572
60.3614,0.8361,3.5951
60.3616,0.7628,3.2786
60.3618,0.7573,3.2549
60.3620,0.7664,3.2956
60.3622,0.8289,3.5609
60.3624,0.8507,3.6563
60.3626,0.8508,3.6535
60.3628,0.8555,3.6787
60.3630,0.8117,3.4872
60.3632,0.8241,3.5436
60.3634,0.7999,3.441
60.3636,0.7334,3.1597
60.3638,0.6635,2.8546
60.3640,0.7538,3.2475
60.3642,0.689,2.9694
60.3644,0.6706,2.8877
60.3646,0.6754,2.9083
60.3648,0.6309,2.718
60.3650,0.6022,2.5953
60.3652,0.6502,2.7999
60.3654,0.6201,2.674
60.3656,0.5562,2.3985
60.3658,0.5374,2.3216
60.3660,0.5002,2.16
60.3662,0.4904,2.1176
60.3664,0.4803,2.0731
60.3666,0.4926,2.1259
60.3668,0.4959,2.1404
60.3670,0.5149,2.2201
60.3672,0.4799,2.0739
60.3674,0.4081,1.7632
60.3676,0.4069,1.758
60.3678,0.4073,1.7596
60.3680,0.483,2.0826
60.3682,0.561,2.418
60.3684,0.5572,2.4026
60.3686,0.5435,2.3469
60.3688,0.4689,2.023
60.3690,0.4723,2.0394
60.3692,0.4605,1.9896
60.3694,0.4662,2.0111
60.3696,0.5459,2.3507
60.3698,0.5405,2.334
60.3700,0.4626,1.9984
60.3702,0.4551,1.9653
60.3704,0.4536,1.9586
60.3706,0.4551,1.9644
60.3708,0.5069,2.186
60.3710,0.5366,2.3158
60.3712,0.4698,2.0276
60.3714,0.4599,1.986
60.3716,0.4555,1.966
60.3718,0.4596,1.9827
60.3720,0.4608,1.9869
60.3722,0.4592,1.982
60.3724,0.4573,1.9756
60.3726,0.4537,1.9582
60.3728,0.4453,1.922
60.3730,0.4447,1.9203
60.3732,0.4427,1.9115
60.3734,0.442,1.9075
60.3736,0.4422,1.9077
60.3738,0.45,1.9404
60.3740,0.4887,2.1054
60.3742,0.5283,2.2812
60.3744,0.4747,2.0478
60.3746,0.4936,2.1256
60.3748,0.539,2.3218
60.3750,0.5566,2.3978
60.3752,0.591,2.5437
60.3754,0.6101,2.6269
60.3756,0.5536,2.3838
60.3758,0.5551,2.3927
60.3760,0.5562,2.3973
60.3762,0.5567,2.4005
60.3764,0.5489,2.3625
60.3766,0.6388,2.7483
60.3768,0.6824,2.9287
60.3770,0.8011,3.4382
60.3772,0.8279,3.5535
60.3774,0.7789,3.3477
60.3776,0.7163,3.0858
60.3778,0.5875,2.531
60.3780,0.55,2.3705
60.3782,0.5424,2.339
60.3784,0.5291,2.2806
60.3786,0.5296,2.2826
60.3788,0.5229,2.2516
60.3790,0.59,2.5372
60.3792,0.715,3.0758
60.3794,0.6879,2.9565
60.3796,0.6809,2.928
60.3798,0.7422,3.187
60.3800,0.7766,3.3379
60.3802,0.7084,3.0461
60.3804,0.6976,2.9969
60.3806,0.7264,3.1219
60.3808,0.693,2.9814
60.3810,0.6723,2.8922
60.3812,0.6808,2.9275
60.3814,0.6499,2.797
60.3816,0.6498,2.7952
60.3818,0.7135,3.0668
60.3820,0.7385,3.174
60.3822,0.6438,2.7759
60.3824,0.5319,2.2946
60.3826,0.5651,2.4333
60.3828,0.5691,2.4515
60.3830,0.5296,2.2805
60.3832,0.603,2.5977
60.3834,0.5454,2.3552
60.3836,0.415,1.7919
60.3838,0.4008,1.73
60.3840,0.4176,1.8041
60.3842,0.4065,1.7535
60.3844,0.4669,2.0151
60.3846,0.4052,1.7494
60.3848,0.3995,1.7251
60.3850,0.4081,1.7591
60.3852,0.49,2.1111
60.3854,0.5643,2.4286
60.3856,0.5987,2.5743
60.3858,0.6231,2.6845
60.3860,0.6023,2.591
60.3862,0.6295,2.7093
60.3864,0.6496,2.7934
60.3866,0.6987,3.0029
60.3868,0.7595,3.2611
60.3870,0.7478,3.2112
60.3872,0.7152,3.0697
60.3874,0.7709,3.31
60.3876,0.8144,3.4953
60.3878,0.8164,3.5073
60.3880,0.7885,3.3873
60.3882,0.6984,3.0019
60.3884,0.7506,3.217
60.3886,0.9318,3.9898
60.3888,0.9815,4.197
60.3890,1.0014,4.2921
60.3892,0.9157,3.9247
60.3894,0.977,4.1892
60.3896,0.9435,4.042
60.3898,0.8676,3.7255
60.3900,0.7858,3.376
60.3902,0.8237,3.5338
60.3904,0.8771,3.7592
60.3906,0.888,3.8131
60.3908,0.8271,3.5548
60.3910,0.8718,3.7383
60.3912,0.9168,3.9311
60.3914,0.9061,3.8872
60.3916,0.8927,3.8331
60.3918,0.849,3.644
60.3920,0.8388,3.602
60.3922,0.827,3.5527
60.3924,0.8204,3.526
60.3926,0.8175,3.512
60.3928,0.7821,3.3647
60.3930,0.7613,3.2704
60.3932,0.7996,3.4368
60.3934,0.7719,3.3178
60.3936,0.785,3.3724
60.3938,0.7849,3.3734
60.3940,0.8075,3.4708
60.3942,0.794,3.4126
60.3944,0.7611,3.2729
60.3946,0.7667,3.2951
60.3948,0.785,3.3708
60.3950,0.8103,3.4811
60.3952,0.736,3.1646
60.3954,0.758,3.2565
60.3956,0.831,3.5635
60.3958,0.8957,3.846
60.3960,0.9002,3.862
60.3962,0.9032,3.8785
60.3964,0.8062,3.4635
60.3966,0.7992,3.4332
60.3968,0.8292,3.5624
60.3970,0.8038,3.4548
60.3972,0.7957,3.4214
60.3974,0.77,3.3111
60.3976,0.7464,3.2095
60.3978,0.701,3.0169
60.3980,0.6544,2.8219
60.3982,0.5731,2.4714
60.3984,0.5939,2.5561
60.3986,0.6356,2.7407
60.3988,0.5741,2.4755
60.3990,0.6044,2.6015
60.3992,0.6458,2.7769
60.3994,0.7081,3.0493
60.3996,0.7067,3.0431
60.3998,0.6544,2.818
60.4000,0.6715,2.8899
60.4002,0.6775,2.9171
60.4004,0.6713,2.8921
60.4006,0.6915,2.9747
60.4008,0.7316,3.1446
60.4010,0.7757,3.3337
60.4012,0.7947,3.4157
60.4014,0.7717,3.3198
60.4016,0.737,3.1678
60.4018,0.784,3.3698
60.4020,0.7518,3.2357
60.4022,0.7206,3.1015
60.4024,0.6605,2.8443
60.4026,0.6725,2.8919
60.4028,0.7351,3.1654
60.4030,0.6363,2.7438
60.4032,0.5661,2.4409
60.4034,0.5512,2.3778
60.4036,0.5417,2.3359
60.4038,0.5563,2.399
60.4040,0.5864,2.5287
60.4042,0.5685,2.4512
60.4044,0.5665,2.4418
60.4046,0.5619,2.4205
60.4048,0.5647,2.434
60.4050,0.5529,2.3818
60.4052,0.6852,2.9479
60.4054,0.6822,2.9364
60.4056,0.6338,2.7317
60.4058,0.631,2.7198
60.4060,0.6312,2.7178
60.4062,0.6366,2.741
60.4064,0.6325,2.721
60.4066,0.6301,2.7144
60.4068,0.6378,2.7475
60.4070,0.6345,2.7323
60.4072,0.6258,2.6958
60.4074,0.6312,2.7191
60.4076,0.636,2.7385
60.4078,0.6894,2.9646
60.4080,0.745,3.2018
60.4082,0.7375,3.1699
60.4084,0.7501,3.224
60.4086,0.8084,3.4728
60.4088,0.7844,3.3729
60.4090,0.7523,3.2378
60.4092,0.7314,3.145
60.4094,0.7342,3.1584
60.4096,0.7806,3.3486
60.4098,0.8673,3.7223
60.4100,0.8845,3.7981
60.4102,0.8962,3.8445
60.4104,0.9036,3.8782
60.4106,0.8635,3.7115
60.4108,0.7593,3.2667
60.4110,0.7237,3.1135
60.4112,0.7336,3.1514
60.4114,0.7356,3.1616
60.4116,0.773,3.3224
60.4118,0.8267,3.5516
60.4120,0.8378,3.5973
60.4122,0.833,3.5767
60.4124,0.8688,3.7272
60.4126,0.8216,3.5328
60.4128,0.7448,3.2043
60.4130,0.7416,3.1874
60.4132,0.759,3.2667
60.4134,0.6868,2.9601
60.4136,0.6247,2.6924
60.4138,0.6557,2.8223
60.4140,0.6771,2.9142
60.4142,0.6747,2.9052
60.4144,0.6223,2.6846
60.4146,0.6068,2.6142
60.4148,0.6019,2.5942
60.4150,0.5983,2.5775
60.4152,0.6669,2.8743
60.4154,0.5909,2.5526
60.4156,0.4897,2.1125
60.4158,0.4992,2.1534
60.4160,0.4881,2.1077
60.4162,0.481,2.0762
60.4164,0.4806,2.0732
60.4166,0.4799,2.0701
60.4168,0.4946,2.1357
60.4170,0.4879,2.1077
60.4172,0.4765,2.0556
60.4174,0.4761,2.054
60.4176,0.4781,2.0633
60.4178,0.4959,2.1374
60.4180,0.5326,2.2955
60.4182,0.5358,2.3052
60.4184,0.677,2.9123
60.4186,0.7004,3.0157
60.4188,0.7302,3.1399
60.4190,0.7724,3.3167
60.4192,0.8141,3.4975
60.4194,0.8037,3.4495
60.4196,0.8659,3.7166
60.4198,0.8501,3.6487
60.4200,0.878,3.7668
60.4202,0.9247,3.9688
60.4204,0.9259,3.9702
60.4206,0.952,4.0785
60.4208,0.9966,4.2696
60.4210,0.9826,4.2075
60.4212,1.008,4.3224
60.4214,0.9951,4.2689
60.4216,1.0117,4.3343
60.4218,1.0376,4.4473
60.4220,0.9728,4.1771
60.4222,0.8701,3.7364
60.4224,0.8752,3.7475
60.4226,0.9732,4.1713
60.4228,0.9971,4.2696
60.4230,1.0338,4.4309
60.4232,0.993,4.2561
60.4234,0.998,4.2832
60.4236,0.9139,3.9225
60.4238,0.881,3.7832
60.4240,0.8555,3.6718
60.4242,0.8538,3.6697
60.4244,0.8447,3.6306
60.4246,0.8441,3.6246
60.4248,0.8718,3.7366
60.4250,0.9688,4.1543
60.4252,0.9716,4.168
60.4254,1.0114,4.3307
60.4256,1.1003,4.7095
60.4258,1.1072,4.7387
60.4260,1.0989,4.7055
60.4262,1.09,4.6719
60.4264,1.1096,4.749
60.4266,1.1674,4.994
60.4268,1.0928,4.6815
60.4270,1.0002,4.291
60.4272,0.9326,4.0065
60.4274,0.8465,3.64
60.4276,0.8252,3.5499
60.4278,0.801,3.4441
60.4280,0.8123,3.4898
60.4282,0.8501,3.6487
60.4284,0.9457,4.0569
60.4286,1.0048,4.3085
60.4288,0.9939,4.2657
60.4290,0.9561,4.1055
60.4292,0.955,4.1066
60.4294,0.9075,3.8934
60.4296,0.9324,4.0073
60.4298,0.8783,3.7801
60.4300,0.7796,3.3539
60.4302,0.7983,3.4343
60.4304,0.7356,3.169
60.4306,0.7068,3.0464
60.4308,0.685,2.9551
60.4310,0.6297,2.7141
60.4312,0.6324,2.7242
60.4314,0.6391,2.7544
60.4316,0.6514,2.8064
60.4318,0.7224,3.1122
60.4320,0.697,3.0027
60.4322,0.6926,2.9849
60.4324,0.6736,2.9046
60.4326,0.644,2.7782
60.4328,0.5996,2.5844
60.4330,0.5939,2.562
60.4332,0.5984,2.5816
60.4334,0.603,2.6013
60.4336,0.5914,2.5488
60.4338,0.6113,2.6345
60.4340,0.6487,2.7971
60.4342,0.6574,2.8322
60.4344,0.6866,2.9563
60.4346,0.6378,2.7513
60.4348,0.5935,2.5581
60.4350,0.6946,2.9923
60.4352,0.6792,2.9289
60.4354,0.5968,2.5732
60.4356,0.5854,2.5253
60.4358,0.6158,2.6554
60.4360,0.6584,2.839
60.4362,0.6024,2.5999
60.4364,0.543,2.3427
60.4366,0.6054,2.608
60.4368,0.6174,2.6584
60.4370,0.6332,2.7291
60.4372,0.6794,2.9199
60.4374,0.8161,3.5107
60.4376,0.7831,3.3688
60.4378,0.7186,3.0985
60.4380,0.6049,2.6084
60.4382,0.5856,2.5263
60.4384,0.5874,2.5329
60.4386,0.5998,2.5861
60.4388,0.6016,2.5951
60.4390,0.5816,2.5081
60.4392,0.5977,2.5762
60.4394,0.6723,2.8882
60.4396,0.7894,3.393
60.4398,0.7783,3.3498
60.4400,0.7051,3.0293
60.4402,0.7586,3.2621
60.4404,0.765,3.2909
60.4406,0.7782,3.3477
60.4408,0.752,3.2352
60.4410,0.7412,3.1903
60.4412,0.7433,3.1991
60.4414,0.7691,3.3054
60.4416,0.8065,3.4662
60.4418,0.8095,3.4839
60.4420,0.7526,3.2423
60.4422,0.6541,2.8203
60.4424,0.6307,2.7183
60.4426,0.6688,2.8773
60.4428,0.7128,3.0708
60.4430,0.6655,2.8655
60.4432,0.7143,3.0742
60.4434,0.7676,3.2977
60.4436,0.8086,3.4771
60.4438,0.8087,3.4792
60.4440,0.7129,3.0713
60.4442,0.6111,2.6365
60.4444,0.5551,2.3938
60.4446,0.6116,2.6385
60.4448,0.5747,2.4758
60.4450,0.6886,2.9665
60.4452,0.6298,2.7159
60.4454,0.5465,2.3599
60.4456,0.5336,2.305
60.4458,0.5266,2.2718
60.4460,0.5269,2.2728
60.4462,0.532,2.2961
60.4464,0.5361,2.3148
60.4466,0.5038,2.1735
60.4468,0.5261,2.2676
60.4470,0.5888,2.5426
60.4472,0.4939,2.1326
60.4474,0.4646,2.0062
60.4476,0.465,2.0097
60.4478,0.4622,1.9968
60.4480,0.4617,1.9947
60.4482,0.4609,1.9902
60.4484,0.4626,1.9965
60.4486,0.4677,2.0197
60.4488,0.4793,2.0713
60.4490,0.4663,2.0135
60.4492,0.4615,1.9919
60.4494,0.4629,1.999
60.4496,0.4665,2.0145
60.4498,0.4581,1.9783
60.4500,0.4529,1.9537
60.4502,0.4442,1.9191
60.4504,0.4456,1.9239
60.4506,0.5102,2.1989
60.4508,0.5845,2.5216
60.4510,0.5138,2.2175
60.4512,0.5032,2.1679
60.4514,0.6334,2.7276
60.4516,0.5998,2.5837
60.4518,0.6175,2.6577
60.4520,0.6644,2.8555
60.4522,0.7495,3.2184
60.4524,0.8122,3.4893
60.4526,0.8044,3.4558
60.4528,0.7908,3.3939
60.4530,0.8283,3.555
60.4532,0.8674,3.7228
60.4534,0.8451,3.6254
60.4536,0.8345,3.5834
60.4538,0.8651,3.7147
60.4540,0.8982,3.855
60.4542,0.9137,3.9159
60.4544,0.9697,4.1598
60.4546,0.9221,3.9574
60.4548,0.9471,4.0574
60.4550,0.9831,4.2076
60.4552,0.9843,4.2206
60.4554,0.9984,4.2833
60.4556,0.9364,4.0155
60.4558,0.9548,4.0941
60.4560,0.8578,3.6885
60.4562,0.7542,3.2415
60.4564,0.7601,3.2652
60.4566,0.7504,3.2265
60.4568,0.7501,3.227
60.4570,0.7983,3.4311
60.4572,0.7995,3.4299
60.4574,0.9114,3.9098
60.4576,0.8962,3.8517
60.4578,0.8255,3.5448
60.4580,0.8254,3.5443
60.4582,0.8417,3.6177
60.4584,0.8433,3.6227
60.4586,0.8517,3.6588
60.4588,0.8292,3.5624
60.4590,0.8643,3.7129
60.4592,0.8921,3.8252
60.4594,0.9108,3.9073
60.4596,0.9577,4.1065
60.4598,0.9378,4.0249
60.4600,0.9291,3.9934
60.4602,0.8789,3.7757
60.4604,0.934,4.0108
60.4606,0.95,4.0755
60.4608,0.9354,4.0202
60.4610,0.8613,3.7017
60.4612,0.8462,3.6385
60.4614,0.8466,3.6371
60.4616,0.8704,3.7356
60.4618,0.8938,3.836
60.4620,0.9734,4.1738
60.4622,1.0062,4.3187
60.4624,0.9302,3.9924
60.4626,0.8906,3.8191
60.4628,0.9737,4.1773
60.4630,0.9848,4.2266
60.4632,0.9633,4.1364
60.4634,0.8436,3.6344
60.4636,0.6713,2.8961
60.4638,0.6239,2.6876
60.4640,0.6645,2.8613
60.4642,0.6703,2.8875
60.4644,0.6689,2.8818
60.4646,0.7205,3.1039
60.4648,0.6866,2.9605
60.4650,0.6424,2.7728
60.4652,0.571,2.4609
60.4654,0.5718,2.4668
60.4656,0.5671,2.4455
60.4658,0.6229,2.6834
60.4660,0.6615,2.8484
60.4662,0.6417,2.7684
60.4664,0.5869,2.5308
60.4666,0.574,2.475
60.4668,0.567,2.4461
60.4670,0.5791,2.4995
60.4672,0.5855,2.5234
60.4674,0.6042,2.6077
60.4676,0.5077,2.1921
60.4678,0.5012,2.1621
60.4680,0.6474,2.7862
60.4682,0.7375,3.1772
60.4684,0.6187,2.6703
60.4686,0.5469,2.3603
60.4688,0.5273,2.2749
60.4690,0.5245,2.2614
60.4692,0.5267,2.2713
60.4694,0.5295,2.2842
60.4696,0.5272,2.2754
60.4698,0.5257,2.2698
60.4700,0.5236,2.2599
60.4702,0.5251,2.2651
60.4704,0.5273,2.276
60.4706,0.5281,2.2791
60.4708,0.529,2.2821
60.4710,0.5415,2.3327
60.4712,0.6072,2.617
60.4714,0.5575,2.4064
60.4716,0.5289,2.2827
60.4718,0.5259,2.2677
60.4720,0.526,2.2692
60.4722,0.5283,2.279
60.4724,0.5433,2.3415
60.4726,0.544,2.3468
60.4728,0.5464,2.3561
60.4730,0.6077,2.619
60.4732,0.634,2.7327
60.4734,0.5704,2.4595
60.4736,0.5557,2.3975
60.4738,0.6035,2.5973
60.4740,0.6856,2.9508
60.4742,0.6417,2.7658
60.4744,0.6234,2.6855
60.4746,0.6571,2.8254
60.4748,0.7087,3.0547
60.4750,0.6398,2.755
60.4752,0.6379,2.7467
60.4754,0.6324,2.7255
60.4756,0.6367,2.7403
60.4758,0.6591,2.8328
60.4760,0.7107,3.0573
60.4762,0.7572,3.2514
60.4764,0.8623,3.7029
60.4766,0.8414,3.6162
60.4768,0.7595,3.2672
60.4770,0.7993,3.4369
60.4772,0.7412,3.1903
60.4774,0.6373,2.7429
60.4776,0.6421,2.7661
60.4778,0.633,2.7268
60.4780,0.6999,3.008
60.4782,0.7923,3.4133
60.4784,0.6637,2.8591
60.4786,0.6478,2.7883
60.4788,0.6693,2.8806
60.4790,0.6894,2.9673
60.4792,0.6945,2.9862
60.4794,0.7322,3.1501
60.4796,0.7104,3.0577
60.4798,0.6886,2.9665
60.4800,0.6765,2.9103
60.4802,0.698,3.0068
60.4804,0.6091,2.624
60.4806,0.6417,2.762
60.4808,0.6924,2.9775
60.4810,0.7367,3.1648
60.4812,0.7591,3.2626
60.4814,0.7657,3.2956
60.4816,0.7694,3.3085
60.4818,0.8073,3.4649
60.4820,0.8194,3.5218
60.4822,0.7867,3.378
60.4824,0.7852,3.3734
60.4826,0.7662,3.2976
60.4828,0.688,2.9639
60.4830,0.6158,2.6517
60.4832,0.6237,2.6908
60.4834,0.5477,2.3617
60.4836,0.5385,2.323
60.4838,0.5074,2.188
60.4840,0.5512,2.3767
60.4842,0.5245,2.2604
60.4844,0.576,2.4826
60.4846,0.6207,2.6741
60.4848,0.6306,2.7165
60.4850,0.6423,2.7658
60.4852,0.6936,2.9826
60.4854,0.7773,3.341
60.4856,0.7315,3.147
60.4858,0.6818,2.9343
60.4860,0.6777,2.9141
60.4862,0.7264,3.1234
60.4864,0.7301,3.1438
60.4866,0.7115,3.058
60.4868,0.7607,3.2663
60.4870,0.788,3.3852
60.4872,0.8225,3.527
60.4874,0.9536,4.0909
60.4876,0.9075,3.8915
60.4878,0.8862,3.8036
60.4880,0.9051,3.8831
60.4882,0.955,4.0951
60.4884,0.9482,4.0696
60.4886,0.8703,3.7386
60.4888,0.8409,3.6074
60.4890,0.8712,3.7392
60.4892,0.8695,3.732
60.4894,0.9128,3.916
60.4896,0.9067,3.8934
60.4898,0.8927,3.8349
60.4900,0.8585,3.6881
60.4902,0.8129,3.4908
60.4904,0.8881,3.8136
60.4906,0.9057,3.8911
60.4908,0.8551,3.672
60.4910,0.8363,3.5979
60.4912,0.7575,3.2574
60.4914,0.7938,3.41
60.4916,0.7928,3.4106
60.4918,0.6899,2.968
60.4920,0.7155,3.0765
60.4922,0.733,3.1561
60.4924,0.6917,2.9785
60.4926,0.7408,3.1897
60.4928,0.7127,3.066
60.4930,0.7151,3.0792
60.4932,0.7095,3.0521
60.4934,0.7446,3.2018
60.4936,0.7357,3.1636
60.4938,0.724,3.1189
60.4940,0.6651,2.8666
60.4942,0.6988,3.0062
60.4944,0.7598,3.2688
60.4946,0.7086,3.0528
60.4948,0.6777,2.9168
60.4950,0.6698,2.8827
60.4952,0.6852,2.9507
60.4954,0.6567,2.8291
60.4956,0.5934,2.5599
60.4958,0.5821,2.509
60.4960,0.6393,2.7516
60.4962,0.6783,2.9194
60.4964,0.7219,3.1101
60.4966,0.6587,2.8366
60.4968,0.6547,2.8203
60.4970,0.6446,2.7769
60.4972,0.612,2.6352
60.4974,0.6366,2.7423
60.4976,0.6664,2.8709
60.4978,0.6741,2.904
60.4980,0.6909,2.968
60.4982,0.7686,3.308
60.4984,0.6776,2.919
60.4986,0.583,2.5114
60.4988,0.5683,2.4495
60.4990,0.5824,2.5135
60.4992,0.5862,2.5265
60.4994,0.6093,2.6251
60.4996,0.6217,2.6745
60.4998,0.6753,2.9065
60.5000,0.6833,2.9397
60.5002,0.7125,3.065
60.5004,0.6839,2.945
60.5006,0.6803,2.9322
60.5008,0.6617,2.8521
60.5010,0.6066,2.6132
60.5012,0.6182,2.6608
60.5014,0.6998,3.0117
60.5016,0.714,3.076
60.5018,0.611,2.6323
60.5020,0.6074,2.6132
60.5022,0.6617,2.8495
60.5024,0.6264,2.7009
60.5026,0.5872,2.5307
60.5028,0.5992,2.58
60.5030,0.5944,2.5652
60.5032,0.4861,2.0979
60.5034,0.4761,2.0521
60.5036,0.5325,2.2993
60.5038,0.4778,2.0641
60.5040,0.4578,1.9767
60.5042,0.4587,1.9818
60.5044,0.4608,1.9906
60.5046,0.4507,1.9462
60.5048,0.4423,1.9091
60.5050,0.4435,1.9151
60.5052,0.4439,1.9167
60.5054,0.4531,1.9565
60.5056,0.4471,1.9307
60.5058,0.4514,1.9502
60.5060,0.447,1.931
60.5062,0.4488,1.9379
60.5064,0.4512,1.9473
60.5066,0.4457,1.9244
60.5068,0.4517,1.9476
60.5070,0.5209,2.2459
60.5072,0.5409,2.3312
60.5074,0.5645,2.433
60.5076,0.5912,2.5482
60.5078,0.5869,2.5285
60.5080,0.574,2.475
60.5082,0.5737,2.4728
60.5084,0.5839,2.5144
60.5086,0.5878,2.5321
60.5088,0.5778,2.4881
60.5090,0.593,2.5512
60.5092,0.631,2.716
60.5094,0.6727,2.8938
60.5096,0.7387,3.1721
60.5098,0.786,3.3781
60.5100,0.7044,3.029
60.5102,0.6747,2.9025
60.5104,0.6631,2.8525
60.5106,0.6203,2.6721
60.5108,0.5504,2.3731
60.5110,0.533,2.2971
60.5112,0.54,2.3243
60.5114,0.614,2.644
60.5116,0.5731,2.4691
60.5118,0.5836,2.5163
60.5120,0.5381,2.3182
60.5122,0.5304,2.2862
60.5124,0.5332,2.2992
60.5126,0.5394,2.3261
60.5128,0.5296,2.2826
60.5130,0.5328,2.2966
60.5132,0.5375,2.3167
60.5134,0.5838,2.515
60.5136,0.5357,2.3068
60.5138,0.5747,2.4758
60.5140,0.5742,2.4726
60.5142,0.537,2.3168
60.5144,0.5156,2.2242
60.5146,0.5388,2.3235
60.5148,0.5123,2.2062
60.5150,0.5284,2.2785
60.5152,0.5553,2.3899
60.5154,0.5748,2.4763
60.5156,0.5462,2.3528
60.5158,0.5676,2.4419
60.5160,0.565,2.4373
60.5162,0.5069,2.187
60.5164,0.5163,2.2232
60.5166,0.4743,2.0482
60.5168,0.3813,1.6479
60.5170,0.3745,1.6154
60.5172,0.4025,1.7372
60.5174,0.3983,1.7199
60.5176,0.4115,1.7736
60.5178,0.5034,2.1694
60.5180,0.4803,2.0721
60.5182,0.4826,2.081
60.5184,0.5295,2.2789
60.5186,0.6177,2.6563
60.5188,0.6694,2.8758
60.5190,0.6981,2.9989
60.5192,0.6965,2.9922
60.5194,0.7476,3.2132
60.5196,0.7655,3.2869
60.5198,0.8056,3.4529
60.5200,0.8686,3.7227
60.5202,0.8718,3.7383
60.5204,0.8584,3.6825
60.5206,0.8495,3.641
60.5208,0.9211,3.9386
60.5210,1.029,4.4062
60.5212,0.9939,4.2538
60.5214,1.0802,4.6211
60.5216,1.093,4.6716
60.5218,1.0966,4.687
60.5220,1.0777,4.6125
60.5222,1.0645,4.5497
60.5224,1.1355,4.8553
60.5226,1.0313,4.4263
60.5228,0.909,3.8959
60.5230,0.9218,3.9546
60.5232,0.8525,3.659
60.5234,0.8686,3.7227
60.5236,0.9608,4.116
60.5238,0.9385,4.0223
60.5240,0.9261,3.9731
60.5242,0.9163,3.9327
60.5244,0.9182,3.9373
60.5246,0.9394,4.0264
60.5248,0.9936,4.2607
60.5250,0.964,4.1298
60.5252,0.9807,4.1993
60.5254,0.967,4.1427
60.5256,0.9385,4.0204
60.5258,0.9767,4.1863
60.5260,0.9629,4.1329
60.5262,0.8711,3.744
60.5264,0.7854,3.3755
60.5266,0.7827,3.3626
60.5268,0.7727,3.3224
60.5270,0.7864,3.3801
60.5272,0.7896,3.3951
60.5274,0.79,3.3987
60.5276,0.7607,3.2693
60.5278,0.7629,3.2806
60.5280,0.7939,3.4105
60.5282,0.8185,3.5161
60.5284,0.8103,3.4794
60.5286,0.7699,3.3121
60.5288,0.7402,3.1842
60.5290,0.7573,3.2534
60.5292,0.7838,3.3704
60.5294,0.7768,3.3405
60.5296,0.8074,3.4687
60.5298,0.7462,3.2129
60.5300,0.629,2.7098
60.5302,0.6502,2.8051
60.5304,0.5827,2.5127
60.5306,0.5698,2.4546
60.5308,0.5689,2.4533
60.5310,0.5596,2.4129
60.5312,0.6,2.58
60.5314,0.6916,2.9725
60.5316,0.693,2.987
60.5318,0.6312,2.7178
60.5320,0.6525,2.8084
60.5322,0.6912,2.9709
60.5324,0.7156,3.0827
60.5326,0.6729,2.8975
60.5328,0.6631,2.8538
60.5330,0.6634,2.858
60.5332,0.6171,2.6599
60.5334,0.6,2.5836
60.5336,0.6023,2.5958
60.5338,0.5861,2.526
60.5340,0.6194,2.6709
60.5342,0.5994,2.5822
60.5344,0.6161,2.6552
60.5346,0.6727,2.8924
60.5348,0.7191,3.1006
60.5350,0.5225,2.2553
60.5352,0.4787,2.0649
60.5354,0.5297,2.2863
60.5356,0.53,2.2873
60.5358,0.5165,2.2263
60.5360,0.5179,2.233
60.5362,0.5249,2.2646
60.5364,0.5284,2.2785
60.5366,0.5344,2.2979
60.5368,0.5939,2.562
60.5370,0.52,2.2444
60.5372,0.5531,2.3861
60.5374,0.5313,2.292
60.5376,0.5227,2.2516
60.5378,0.5874,2.5305
60.5380,0.5802,2.4995
60.5382,0.5404,2.327
60.5384,0.5693,2.4525
60.5386,0.5861,2.5248
60.5388,0.6259,2.6951
60.5390,0.655,2.8179
60.5392,0.6623,2.8507
60.5394,0.6767,2.9113
60.5396,0.7061,3.0348
60.5398,0.7463,3.2045
60.5400,0.7759,3.3317
60.5402,0.8089,3.4765
60.5404,0.8207,3.5308
60.5406,0.7454,3.2039
60.5408,0.7253,3.1202
60.5410,0.7342,3.1554
60.5412,0.773,3.3193
60.5414,0.8053,3.4578
60.5416,0.8569,3.6763
60.5418,0.9372,4.0167
60.5420,0.9724,4.1697
60.5422,0.952,4.0823
60.5424,0.9109,3.9096
60.5426,0.8926,3.8273
60.5428,0.9217,3.9485
60.5430,0.9457,4.0513
60.5432,0.9944,4.2578
60.5434,0.9711,4.1757
60.5436,0.7968,3.426
60.5438,0.7457,3.2094
60.5440,0.6556,2.8231
60.5442,0.6358,2.7392
60.5444,0.692,2.974
60.5446,0.7902,3.3993
60.5448,0.6761,2.9128
60.5450,0.6342,2.7345
60.5452,0.6198,2.6688
60.5454,0.6125,2.6397
60.5456,0.6476,2.7937
60.5458,0.5593,2.413
60.5460,0.5253,2.263
60.5462,0.5904,2.5423
60.5464,0.678,2.917
60.5466,0.7027,3.0274
60.5468,0.5945,2.561
60.5470,0.5687,2.4534
60.5472,0.5216,2.2501
60.5474,0.5806,2.4988
60.5476,0.6575,2.8314
60.5478,0.5921,2.5495
60.5480,0.6442,2.7741
60.5482,0.5713,2.4647
60.5484,0.5307,2.2905
60.5486,0.5327,2.2992
60.5488,0.4199,1.8148
60.5490,0.3945,1.7049
60.5492,0.3935,1.7008
60.5494,0.3898,1.6839
60.5496,0.39,1.685
60.5498,0.388,1.6762
60.5500,0.3909,1.6902
60.5502,0.3959,1.7104
60.5504,0.3892,1.6798
60.5506,0.4445,1.9157
60.5508,0.5137,2.217
60.5510,0.4884,2.1068
60.5512,0.495,2.1343
60.5514,0.4891,2.1079
60.5516,0.5265,2.2681
60.5518,0.5664,2.4401
60.5520,0.6267,2.6975
60.5522,0.7005,3.0092
60.5524,0.7077,3.0458
60.5526,0.6834,2.9388
60.5528,0.7077,3.0401
60.5530,0.7477,3.2107
60.5532,0.8271,3.5466
60.5534,0.8498,3.6505
60.5536,0.829,3.5614
60.5538,0.8133,3.4891
60.5540,0.9183,3.9341
60.5542,1.002,4.2907
60.5544,0.9771,4.1878
60.5546,0.9653,4.1336
60.5548,1.0738,4.5918
60.5550,1.128,4.8258
60.5552,1.1043,4.733
60.5554,1.0286,4.4005
60.5556,1.0806,4.6248
60.5558,1.0185,4.3671
60.5560,0.9159,3.9312
60.5562,0.8989,3.8545
60.5564,0.9321,3.9988
60.5566,0.9551,4.0995
60.5568,0.8719,3.7406
60.5570,0.8851,3.7936
60.5572,0.9131,3.9188
60.5574,0.8896,3.8162
60.5576,0.9372,4.0185
60.5578,0.9328,4.0038
60.5580,0.8941,3.8322
60.5582,0.903,3.8828
60.5584,0.8254,3.5443
60.5586,0.8632,3.7048
60.5588,0.8695,3.7338
60.5590,0.9041,3.8766
60.5592,0.9728,4.1654
60.5594,1.0344,4.4355
60.5596,0.9718,4.1652
60.5598,1.0198,4.3707
60.5600,1.0574,4.53
60.5602,0.9888,4.2441
60.5604,0.8499,3.6561
60.5606,0.8053,3.461
60.5608,0.8217,3.5283
60.5610,0.8538,3.6697
60.5612,0.8204,3.5309
60.5614,0.7733,3.3281
60.5616,0.7563,3.2568
60.5618,0.7101,3.0519
60.5620,0.8079,3.4659
60.5622,0.8542,3.6713
60.5624,0.7881,3.3858
60.5626,0.7984,3.438
60.5628,0.7355,3.167
60.5630,0.7408,3.1853
60.5632,0.7825,3.3631
60.5634,0.7589,3.2677
60.5636,0.6686,2.8762
60.5638,0.7423,3.1979
60.5640,0.6892,2.9663
60.5642,0.7387,3.1809
60.5644,0.7611,3.2836
60.5646,0.596,2.5737
60.5648,0.5374,2.3173
60.5650,0.5856,2.524
60.5652,0.6087,2.6273
60.5654,0.5181,2.234
60.5656,0.5387,2.3262
60.5658,0.5,2.16
60.5660,0.4982,2.1522
60.5662,0.4802,2.0745
60.5664,0.491,2.1201
60.5666,0.4941,2.1346
60.5668,0.5018,2.1637
60.5670,0.5113,2.2087
60.5672,0.4306,1.8601
60.5674,0.4571,1.9727
60.5676,0.5832,2.5136
60.5678,0.568,2.4525
60.5680,0.4868,2.103
60.5682,0.4677,2.0206
60.5684,0.4547,1.9624
60.5686,0.4571,1.9727
60.5688,0.5143,2.2196
60.5690,0.4627,1.9961
60.5692,0.4475,1.9322
60.5694,0.4466,1.9286
60.5696,0.4476,1.9336
60.5698,0.4487,1.9383
60.5700,0.452,1.951
60.5702,0.449,1.938
60.5704,0.4483,1.934
60.5706,0.4492,1.9377
60.5708,0.4679,2.0165
60.5710,0.4868,2.101
60.5712,0.4524,1.9543
60.5714,0.4459,1.9255
60.5716,0.4414,1.904
60.5718,0.4482,1.9362
60.5720,0.4519,1.9505
60.5722,0.4532,1.9552
60.5724,0.4456,1.9239
60.5726,0.4633,1.9968
60.5728,0.5182,2.2366
60.5730,0.5404,2.328
60.5732,0.6123,2.6392
60.5734,0.5718,2.4657
60.5736,0.5675,2.4437
60.5738,0.5784,2.4906
60.5740,0.608,2.6157
60.5742,0.6814,2.9314
60.5744,0.6728,2.8929
60.5746,0.6373,2.7429
60.5748,0.6551,2.8211
60.5750,0.6861,2.9488
60.5752,0.7239,3.1126
60.5754,0.7122,3.0668
60.5756,0.6257,2.6991
60.5758,0.5216,2.249
60.5760,0.542,2.3337
60.5762,0.5906,2.5457
60.5764,0.6071,2.6165
60.5766,0.6217,2.6733
60.5768,0.6409,2.7583
60.5770,0.6507,2.8033
60.5772,0.6315,2.7181
60.5774,0.6103,2.628
60.5776,0.6063,2.6085
60.5778,0.6059,2.6125
60.5780,0.5581,2.4067
60.5782,0.5834,2.5147
60.5784,0.5814,2.5035
60.5786,0.608,2.6157
60.5788,0.6097,2.6266
60.5790,0.6478,2.7831
60.5792,0.7259,3.1213
60.5794,0.7268,3.1255
60.5796,0.6767,2.9113
60.5798,0.7135,3.0639
60.5800,0.7951,3.4172
60.5802,0.8144,3.4969
60.5804,0.811,3.4777
60.5806,0.9179,3.9358
60.5808,0.8562,3.6835
60.5810,0.6686,2.8789
60.5812,0.5874,2.5341
60.5814,0.5267,2.2723
60.5816,0.5664,2.4401
60.5818,0.5713,2.4613
60.5820,0.5623,2.4226
60.5822,0.5603,2.416
60.5824,0.5453,2.3536
60.5826,0.5098,2.1994
60.5828,0.5361,2.3073
60.5830,0.5887,2.535
60.5832,0.6292,2.7108
60.5834,0.5831,2.5143
60.5836,0.5209,2.2428
60.5838,0.5458,2.3502
60.5840,0.5228,2.2542
60.5842,0.5259,2.2634
60.5844,0.5761,2.482
60.5846,0.57,2.4556
60.5848,0.6192,2.6674
60.5850,0.6188,2.6634
60.5852,0.6294,2.7101
60.5854,0.591,2.546
60.5856,0.5855,2.5199
60.5858,0.6572,2.8259
60.5860,0.6945,2.9835
60.5862,0.7117,3.0619
60.5864,0.7236,3.1115
60.5866,0.7515,3.2317
60.5868,0.7374,3.1649
60.5870,0.8627,3.6958
60.5872,0.9712,4.1626
60.5874,0.935,4.0037
60.5876,0.944,4.0441
60.5878,0.9424,4.043
60.5880,0.9501,4.0722
60.5882,0.9887,4.2376
60.5884,0.8962,3.8463
60.5886,0.8915,3.8262
60.5888,0.9009,3.8597
60.5890,0.9209,3.9468
60.5892,0.9165,3.9338
60.5894,0.8795,3.78
60.5896,0.8145,3.4942
60.5898,0.8693,3.731
60.5900,0.8482,3.6421
60.5902,0.8272,3.552
60.5904,0.8326,3.5735
60.5906,0.8308,3.5675
60.5908,0.8104,3.4816
60.5910,0.8006,3.4409
60.5912,0.7922,3.408
60.5914,0.7517,3.2367
60.5916,0.6815,2.9319
60.5918,0.6958,2.9947
60.5920,0.6972,2.9995
60.5922,0.6794,2.9226
60.5924,0.6968,2.9988
60.5926,0.7115,3.0623
60.5928,0.7584,3.2595
60.5930,0.8055,3.4572
60.5932,0.924,3.9657
60.5934,0.8728,3.7459
60.5936,0.797,3.4319
60.5938,0.6655,2.8628
60.5940,0.6938,2.9832
60.5942,0.7267,3.1278
60.5944,0.7382,3.1774
60.5946,0.726,3.1218
60.5948,0.7482,3.2157
60.5950,0.7699,3.309
60.5952,0.7788,3.3456
60.5954,0.821,3.5269
60.5956,0.8096,3.478
60.5958,0.8177,3.5212
60.5960,0.6946,2.9937
60.5962,0.611,2.6298
60.5964,0.6981,3.0073
60.5966,0.6284,2.7047
60.5968,0.6747,2.9039
60.5970,0.6831,2.94
60.5972,0.6598,2.8412
60.5974,0.6896,2.9651
60.5976,0.7291,3.1382
60.5978,0.7352,3.1674
60.5980,0.6851,2.9515
60.5982,0.6165,2.6536
60.5984,0.6197,2.6695
60.5986,0.6271,2.7003
60.5988,0.6778,2.9159
60.5990,0.6854,2.9471
60.5992,0.6826,2.9379
60.5994,0.7267,3.1322
60.5996,0.6322,2.725
60.5998,0.598,2.576
60.6000,0.5975,2.5727
60.6002,0.6436,2.7728
60.6004,0.6211,2.6757
60.6006,0.659,2.8376
60.6008,0.7127,3.0646
60.6010,0.7494,3.2254
60.6012,0.678,2.921
60.6014,0.6727,2.8951
60.6016,0.7114,3.0589
60.6018,0.7182,3.0869
60.6020,0.7568,3.2528
60.6022,0.7957,3.4198
60.6024,0.7314,3.1465
60.6026,0.6731,2.9052
60.6028,0.5506,2.3742
60.6030,0.5469,2.3581
60.6032,0.552,2.3804
60.6034,0.5761,2.4854
60.6036,0.5398,2.3265
60.6038,0.5393,2.3256
60.6040,0.5394,2.3261
60.6042,0.6446,2.7718
60.6044,0.7067,3.0417
60.6046,0.6195,2.6727
60.6048,0.5494,2.369
60.6050,0.5456,2.3514
60.6052,0.5421,2.3385
60.6054,0.5369,2.3152
60.6056,0.5374,2.3162
60.6058,0.54,2.3287
60.6060,0.5319,2.2935
60.6062,0.5809,2.5015
60.6064,0.6525,2.8071
60.6066,0.641,2.7589
60.6068,0.6404,2.7576
60.6070,0.6396,2.7539
60.6072,0.6427,2.7661
60.6074,0.6438,2.7682
60.6076,0.7131,3.0647
60.6078,0.7344,3.1535
60.6080,0.8036,3.4506
60.6082,0.7723,3.3239
60.6084,0.7102,3.0538
60.6086,0.7081,3.0436
60.6088,0.6657,2.8665
60.6090,0.623,2.6852
60.6092,0.6099,2.6264
60.6094,0.6445,2.7751
60.6096,0.7229,3.107
60.6098,0.735,3.1635
60.6100,0.7068,3.0394
60.6102,0.6929,2.9823
60.6104,0.6258,2.6921
60.6106,0.6218,2.675
60.6108,0.7286,3.1332
60.6110,0.8114,3.4889
60.6112,0.7218,3.1081
60.6114,0.6698,2.8814
60.6116,0.6442,2.7754
60.6118,0.6369,2.7439
60.6120,0.6095,2.6268
60.6122,0.5272,2.2723
60.6124,0.5517,2.3777
60.6126,0.6132,2.644
60.6128,0.5868,2.5279
60.6130,0.5917,2.5503
60.6132,0.6,2.586
60.6134,0.6091,2.6228
60.6136,0.6072,2.6145
60.6138,0.5987,2.5755
60.6140,0.6767,2.9113
60.6142,0.703,3.0243
60.6144,0.7036,3.0268
60.6146,0.6828,2.9376
60.6148,0.6899,2.9667
60.6150,0.6911,2.9732
60.6152,0.6277,2.7066
60.6154,0.5358,2.3073
60.6156,0.5399,2.3314
60.6158,0.4291,1.853
60.6160,0.4266,1.8421
60.6162,0.427,1.8462
60.6164,0.3828,1.6547
60.6166,0.394,1.6997
60.6168,0.4605,1.984
60.6170,0.5355,2.3101
60.6172,0.4911,2.1187
60.6174,0.4963,2.137
60.6176,0.6412,2.7599
60.6178,0.6002,2.5894
60.6180,0.5128,2.2123
60.6182,0.552,2.377
60.6184,0.6361,2.7326
60.6186,0.7768,3.3405
60.6188,0.7447,3.2038
60.6190,0.7194,3.0892
60.6192,0.773,3.324
60.6194,0.8116,3.4851
60.6196,0.7948,3.4162
60.6198,0.7362,3.1657
60.6200,0.8272,3.5487
60.6202,0.8434,3.6199
60.6204,0.8488,3.6413
60.6206,0.8367,3.5894
60.6208,0.8997,3.8581
60.6210,0.9701,4.158
60.6212,0.9875,4.2286
60.6214,1.0125,4.3353
60.6216,0.9869,4.228
60.6218,0.979,4.1901
60.6220,0.9855,4.2277
60.6222,0.9362,4.0182
60.6224,0.9357,4.0105
60.6226,0.9529,4.084
60.6228,0.9824,4.2124
60.6230,0.9728,4.1693
60.6232,0.9436,4.0425
60.6234,0.9982,4.2782
60.6236,0.9788,4.1969
60.6238,0.9388,4.0295
60.6240,0.9294,3.987
60.6242,0.9683,4.1464
60.6244,1.0032,4.2998
60.6246,0.9638,4.1346
60.6248,0.8242,3.5474
60.6250,0.7442,3.2047
60.6252,0.7053,3.0383
60.6254,0.6796,2.9223
60.6256,0.7176,3.0872
60.6258,0.7436,3.2021
60.6260,0.6992,3.0092
60.6262,0.7005,3.0134
60.6264,0.7338,3.1524
60.6266,0.8268,3.5505
60.6268,0.8411,3.6151
60.6270,0.8036,3.4554
60.6272,0.7716,3.3224
60.6274,0.7241,3.1165
60.6276,0.7234,3.1091
60.6278,0.7697,3.3111
60.6280,0.7544,3.244
60.6282,0.7784,3.3472
60.6284,0.7408,3.1853
60.6286,0.7429,3.199
60.6288,0.6908,2.9772
60.6290,0.6033,2.6041
60.6292,0.5197,2.2428
60.6294,0.5042,2.1771
60.6296,0.484,2.0891
60.6298,0.4927,2.1274
60.6300,0.4938,2.133
60.6302,0.4941,2.1316
60.6304,0.5716,2.4623
60.6306,0.6663,2.8691
60.6308,0.6681,2.8782
60.6310,0.6028,2.5966
60.6312,0.6492,2.7978
60.6314,0.598,2.5784
60.6316,0.5866,2.5304
60.6318,0.6149,2.6476
60.6320,0.6501,2.8033
60.6322,0.5519,2.3843
60.6324,0.4561,1.9695
60.6326,0.4141,1.7891
60.6328,0.4322,1.8665
60.6330,0.4735,2.0446
60.6332,0.4551,1.9626
60.6334,0.5117,2.2046
60.6336,0.5585,2.4116
60.6338,0.4676,2.0173
60.6340,0.5234,2.2557
60.6342,0.5422,2.3412
60.6344,0.4627,1.9961
60.6346,0.5141,2.217
60.6348,0.4808,2.0752
60.6350,0.4614,1.9913
60.6352,0.458,1.9787
60.6354,0.4562,1.9682
60.6356,0.4956,2.1398
60.6358,0.4643,2.0038
60.6360,0.4518,1.9481
60.6362,0.4719,2.0378
60.6364,0.4514,1.9493
60.6366,0.4544,1.9613
60.6368,0.4542,1.9603
60.6370,0.4351,1.8771
60.6372,0.4325,1.8684
60.6374,0.4344,1.8766
60.6376,0.4453,1.9211
60.6378,0.4731,2.0411
60.6380,0.4845,2.0902
60.6382,0.5167,2.2268
60.6384,0.5555,2.3909
60.6386,0.5759,2.4809
60.6388,0.5779,2.4909
60.6390,0.6068,2.6118
60.6392,0.6821,2.9331
60.6394,0.6776,2.9163
60.6396,0.6068,2.6142
60.6398,0.5757,2.4799
60.6400,0.567,2.4427
60.6402,0.5775,2.4865
60.6404,0.6011,2.5858
60.6406,0.6704,2.8813
60.6408,0.7213,3.0989
60.6410,0.8025,3.446
60.6412,0.7916,3.3991
60.6414,0.7836,3.3662
60.6416,0.783,3.362
60.6418,0.7898,3.393
60.6420,0.7741,3.3255
60.6422,0.7861,3.3817
60.6424,0.7109,3.0555
60.6426,0.7561,3.2467
60.6428,0.8245,3.5369
60.6430,0.8607,3.6957
60.6432,0.8041,3.4511
60.6434,0.7792,3.3461
60.6436,0.7416,3.1948
60.6438,0.6505,2.797
60.6440,0.7596,3.2632
60.6442,0.7544,3.241
60.6444,0.7404,3.1882
60.6446,0.655,2.8179
60.6448,0.6233,2.6837
60.6450,0.6101,2.6257
60.6452,0.6683,2.8792
60.6454,0.5828,2.5132
60.6456,0.5506,2.3753
60.6458,0.546,2.3545
60.6460,0.5354,2.3074
60.6462,0.5161,2.2232
60.6464,0.5174,2.232
60.6466,0.4422,1.9094
60.6468,0.3958,1.7106
60.6470,0.3899,1.6852
60.6472,0.4032,1.7379
60.6474,0.4863,2.1
60.6476,0.444,1.9181
60.6478,0.4111,1.7745
60.6480,0.3998,1.7269
60.6482,0.389,1.6795
60.6484,0.3903,1.6845
60.6486,0.3945,1.7034
60.6488,0.3964,1.714
60.6490,0.3911,1.6904
60.6492,0.3966,1.7111
60.6494,0.4725,2.0385
60.6496,0.4308,1.8602
60.6498,0.4448,1.9181
60.6500,0.5326,2.2923
60.6502,0.5246,2.262
60.6504,0.4887,2.1084
60.6506,0.4858,2.0959
60.6508,0.4848,2.0893
60.6510,0.4872,2.0997
60.6512,0.4946,2.1307
60.6514,0.5215,2.2454
60.6516,0.6065,2.6102
60.6518,0.6241,2.6861
60.6520,0.5742,2.4726
60.6522,0.5948,2.5602
60.6524,0.656,2.8234
60.6526,0.6454,2.7741
60.6528,0.6862,2.9534
60.6530,0.6167,2.6541
60.6532,0.6613,2.8448
60.6534,0.617,2.6532
60.6536,0.6133,2.6335
60.6538,0.8151,3.4951
60.6540,0.9577,4.0988
60.6542,1.0008,4.2875
60.6544,1.0135,4.3379
60.6546,1.0905,4.6565
60.6548,1.1242,4.8004
60.6550,1.1085,4.7377
60.6552,1.0852,4.6383
60.6554,1.1306,4.8343
60.6556,1.0972,4.6961
60.6558,0.991,4.2415
60.6560,0.9782,4.1905
60.6562,0.9752,4.1796
60.6564,0.9722,4.1667
60.6566,0.961,4.117
60.6568,0.9762,4.1822
60.6570,0.9861,4.2303
60.6572,0.8933,3.8375
60.6574,0.8139,3.4949
60.6576,0.8135,3.4901
60.6578,0.8677,3.7243
60.6580,0.8637,3.7068
60.6582,0.8268,3.5472
60.6584,0.8899,3.8213
60.6586,0.8971,3.8486
60.6588,0.8884,3.8111
60.6590,0.8806,3.7776
60.6592,0.9551,4.0937
60.6594,0.9621,4.1255
60.6596,0.9515,4.0821
60.6598,0.8664,3.7169
60.6600,0.8718,3.7436
60.6602,0.8944,3.8386
60.6604,0.9001,3.8651
60.6606,0.8574,3.6783
60.6608,0.8693,3.7293
60.6610,0.9117,3.9077
60.6612,0.9713,4.1612
60.6614,0.988,4.2326
60.6616,0.9987,4.2843
60.6618,0.9899,4.2428
60.6620,0.9688,4.1581
60.6622,0.888,3.8148
60.6624,0.8484,3.6432
60.6626,0.8706,3.7384
60.6628,0.9114,3.9171
60.6630,0.8122,3.4974
60.6632,0.6834,2.9415
60.6634,0.7057,3.0361
60.6636,0.7237,3.1135
60.6638,0.7152,3.0783
60.6640,0.6802,2.9263
60.6642,0.6778,2.9214
60.6644,0.6228,2.6854
60.6646,0.5851,2.5207
60.6648,0.5976,2.5756
60.6650,0.6417,2.7671
60.6652,0.6002,2.587
60.6654,0.64,2.7522
60.6656,0.7288,3.1366
60.6658,0.6379,2.7505
60.6660,0.5933,2.5594
60.6662,0.5771,2.4884
60.6664,0.5759,2.4809
60.6666,0.6168,2.6559
60.6668,0.6415,2.7673
60.6670,0.5655,2.4394
60.6672,0.5574,2.4025
60.6674,0.5523,2.3814
60.6676,0.5807,2.5051
60.6678,0.584,2.5172
60.6680,0.6306,2.7152
60.6682,0.6024,2.5975
60.6684,0.6089,2.6254
60.6686,0.5802,2.5007
60.6688,0.6119,2.6347
60.6690,0.6186,2.6648
60.6692,0.6171,2.6586
60.6694,0.6229,2.6834
60.6696,0.6241,2.6911
60.6698,0.6137,2.6437
60.6700,0.6175,2.6577
60.6702,0.6218,2.6775
60.6704,0.6706,2.8863
60.6706,0.7084,3.0475
60.6708,0.7075,3.0424
60.6710,0.7,3.0156
60.6712,0.6354,2.7384
60.6714,0.646,2.7831
60.6716,0.6382,2.7483
60.6718,0.6457,2.7764
60.6720,0.6751,2.9068
60.6722,0.6259,2.6951
60.6724,0.6812,2.9317
60.6726,0.678,2.921
60.6728,0.6332,2.7266
60.6730,0.6234,2.683
60.6732,0.6687,2.8807
60.6734,0.6351,2.7374
60.6736,0.6492,2.7927
60.6738,0.7384,3.169
60.6740,0.8102,3.4805
60.6742,0.8203,3.5238
60.6744,0.805,3.46
60.6746,0.7422,3.1914
60.6748,0.7261,3.1282
60.6750,0.6441,2.7736
60.6752,0.6433,2.7674
60.6754,0.649,2.7908
60.6756,0.684,2.9441
60.6758,0.7308,3.1439
60.6760,0.7669,3.2961
60.6762,0.8209,3.5247
60.6764,0.8344,3.5829
60.6766,0.817,3.5148
60.6768,0.7598,3.2703
60.6770,0.7451,3.1994
60.6772,0.8222,3.5271
60.6774,0.8185,3.5194
60.6776,0.7566,3.2579
60.6778,0.7392,3.1771
60.6780,0.755,3.2436
60.6782,0.7855,3.3776
60.6784,0.7562,3.2533
60.6786,0.737,3.1693
60.6788,0.8042,3.45
60.6790,0.8641,3.7089
60.6792,0.8638,3.7125
60.6794,0.8644,3.7116
60.6796,0.8915,3.8244
60.6798,0.8838,3.7933
60.6800,0.8831,3.792
60.6802,0.9097,3.9044
60.6804,0.9092,3.8987
60.6806,0.9362,4.0163
60.6808,0.948,4.0629
60.6810,1.0197,4.3743
60.6812,0.95,4.0755
60.6814,0.9204,3.9521
60.6816,0.9568,4.1048
60.6818,0.923,3.9634
60.6820,0.8858,3.8091
60.6822,0.8099,3.4763
60.6824,0.8578,3.6902
60.6826,0.7548,3.2501
60.6828,0.7098,3.0565
60.6830,0.6928,2.9818
60.6832,0.727,3.126
60.6834,0.7332,3.1528
60.6836,0.7735,3.3245
60.6838,0.8216,3.5328
60.6840,0.7321,3.1525
60.6842,0.7037,3.033
60.6844,0.6498,2.8004
60.6846,0.5992,2.5823
60.6848,0.6385,2.7467
60.6850,0.7294,3.1407
60.6852,0.6945,2.9904
60.6854,0.6717,2.8896
60.6856,0.7132,3.0681
60.6858,0.7518,3.2342
60.6860,0.7573,3.2564
60.6862,0.7832,3.3678
60.6864,0.7326,3.1531
60.6866,0.7683,3.2977
60.6868,0.9439,4.0436
60.6870,0.9994,4.2874
60.6872,0.9795,4.202
60.6874,0.9911,4.2459
60.6876,0.9846,4.2261
60.6878,0.934,4.0052
60.6880,0.9503,4.0808
60.6882,0.952,4.0823
60.6884,0.9849,4.2232
60.6886,0.9826,4.2095
60.6888,0.988,4.2425
60.6890,0.9682,4.1556
60.6892,0.9633,4.1287
60.6894,0.986,4.2337
60.6896,0.9543,4.094
60.6898,0.8891,3.8195
60.6900,0.8427,3.6218
60.6902,0.8459,3.6374
60.6904,0.8646,3.7161
60.6906,0.9059,3.8916
60.6908,0.8756,3.7635
60.6910,0.849,3.6525
60.6912,0.8015,3.4435
60.6914,0.8626,3.7056
60.6916,0.8544,3.6723
60.6918,0.865,3.7246
60.6920,0.7721,3.3245
60.6922,0.7237,3.1178
60.6924,0.7241,3.1179
60.6926,0.7695,3.3121
60.6928,0.7755,3.3348
60.6930,0.7984,3.4333
60.6932,0.8132,3.4983
60.6934,0.7616,3.2795
60.6936,0.7737,3.327
60.6938,0.7804,3.359
60.6940,0.7406,3.1877
60.6942,0.7468,3.2155
60.6944,0.7224,3.1078
60.6946,0.7239,3.1155
60.6948,0.7126,3.0698
60.6950,0.734,3.1637
60.6952,0.7114,3.0604
60.6954,0.7707,3.3172
60.6956,0.7285,3.14
60.6958,0.6704,2.892
60.6960,0.6176,2.6632
60.6962,0.6456,2.7798
60.6964,0.706,3.0386
60.6966,0.7416,3.1918
60.6968,0.7165,3.0897
60.6970,0.6978,3.0063
60.6972,0.7517,3.2337
60.6974,0.7736,3.3265
60.6976,0.7735,3.3291
60.6978,0.7117,3.069
60.6980,0.6352,2.7404
60.6982,0.6264,2.6997
60.6984,0.6539,2.8211
60.6986,0.6343,2.7363
60.6988,0.633,2.7268
60.6990,0.6664,2.8656
60.6992,0.6736,2.906
60.6994,0.6087,2.6225
60.6996,0.6637,2.8564
60.6998,0.6882,2.9649
60.7000,0.6686,2.8816
60.7002,0.6975,3.0005
60.7004,0.7319,3.1486
60.7006,0.7812,3.3621
60.7008,0.7314,3.1524
60.7010,0.6834,2.9429
60.7012,0.6585,2.8395
60.7014,0.5953,2.5706
60.7016,0.6041,2.6035
60.7018,0.695,2.9897
60.7020,0.7177,3.0934
60.7022,0.6665,2.8728
60.7024,0.6601,2.8396
60.7026,0.7067,3.0431
60.7028,0.6757,2.9107
60.7030,0.6885,2.9687
60.7032,0.6056,2.6127
60.7034,0.5872,2.533
60.7036,0.5909,2.5443
60.7038,0.7037,3.0302
60.7040,0.651,2.8056
60.7042,0.6002,2.5858
60.7044,0.6635,2.8599
60.7046,0.5954,2.5687
60.7048,0.5785,2.4969
60.7050,0.5866,2.5281
60.7052,0.6175,2.6627
60.7054,0.6138,2.6429
60.7056,0.6699,2.8832
60.7058,0.7006,3.0167
60.7060,0.6764,2.9097
60.7062,0.6737,2.9011
60.7064,0.6782,2.9216
60.7066,0.679,2.9252
60.7068,0.6773,2.9152
60.7070,0.6818,2.9302
60.7072,0.7699,3.3075
60.7074,0.8328,3.5796
60.7076,0.7815,3.3574
60.7078,0.8131,3.4929
60.7080,0.7932,3.4122
60.7082,0.695,2.9967
60.7084,0.6363,2.7438
60.7086,0.6366,2.7436
60.7088,0.6309,2.7193
60.7090,0.6321,2.7219
60.7092,0.68,2.9266
60.7094,0.7176,3.0872
60.7096,0.7469,3.2145
60.7098,0.7532,3.2434
60.7100,0.7337,3.1548
60.7102,0.7161,3.0833
60.7104,0.711,3.0631
60.7106,0.6655,2.8655
60.7108,0.6307,2.717
60.7110,0.639,2.7514
60.7112,0.6483,2.7942
60.7114,0.6482,2.7937
60.7116,0.6241,2.6911
60.7118,0.5818,2.5051
60.7120,0.7168,3.0836
60.7122,0.7227,3.1146
60.7124,0.6185,2.6668
60.7126,0.5643,2.432
60.7128,0.5307,2.2894
60.7130,0.5093,2.1994
60.7132,0.5543,2.3891
60.7134,0.6122,2.6387
60.7136,0.6117,2.6317
60.7138,0.6403,2.7583
60.7140,0.6014,2.591
60.7142,0.6258,2.6946
60.7144,0.6948,2.9892
60.7146,0.702,3.0243
60.7148,0.5842,2.5201
60.7150,0.5653,2.4389
60.7152,0.5765,2.4858
60.7154,0.5664,2.4424
60.7156,0.568,2.4491
60.7158,0.5839,2.5156
60.7160,0.6671,2.8674
60.7162,0.785,3.3771
60.7164,0.751,3.2276
60.7166,0.7866,3.3869
60.7168,0.6815,2.9374
60.7170,0.6271,2.699
60.7172,0.6786,2.9209
60.7174,0.6646,2.8619
60.7176,0.6665,2.8728
60.7178,0.6511,2.8009
60.7180,0.7338,3.1524
60.7182,0.8038,3.4516
60.7184,0.8718,3.747
60.7186,0.8099,3.4779
60.7188,0.8182,3.5101
60.7190,0.9031,3.8761
60.7192,0.9099,3.9036
60.7194,0.9033,3.879
60.7196,0.8655,3.7163
60.7198,0.8921,3.8306
60.7200,0.9095,3.9016
60.7202,0.9264,3.9723
60.7204,0.9682,4.1498
60.7206,0.9952,4.2634
60.7208,1.0204,4.3713
60.7210,1.0115,4.3353
60.7212,1.0023,4.2977
60.7214,1.034,4.4278
60.7216,1.0469,4.489
60.7218,1.0314,4.4082
60.7220,1.1693,5.0069
60.7222,1.1378,4.8696
60.7224,1.1396,4.8727
60.7226,1.1686,5.0015
60.7228,1.1192,4.7968
60.7230,1.1098,4.75
60.7232,1.1284,4.8296
60.7234,1.1645,4.9794
60.7236,1.1887,5.0948
60.7238,1.052,4.5132
60.7240,0.9965,4.277
60.7242,1.0444,4.474
60.7244,1.1421,4.8904
60.7246,1.1737,5.0259
60.7248,1.1322,4.8415
60.7250,1.2116,5.1857
60.7252,1.1677,5.0049
60.7254,1.1247,4.8227
60.7256,1.1218,4.8058
60.7258,1.126,4.8216
60.7260,1.1623,4.9794
60.7262,1.1729,5.0247
60.7264,1.0971,4.7044
60.7266,0.9965,4.277
60.7268,1.0186,4.3778
60.7270,0.8953,3.8498
60.7272,0.8661,3.7258
60.7274,0.8944,3.8439
60.7276,0.9109,3.915
60.7278,0.8876,3.8133
60.7280,0.9029,3.8787
60.7282,0.8861,3.8137
60.7284,0.8134,3.5026
60.7286,0.7693,3.3141
60.7288,0.7239,3.1256
60.7290,0.6215,2.681
60.7292,0.6978,3.0063
60.7294,0.7284,3.1394
60.7296,0.6951,3.0013
60.7298,0.6405,2.7568
60.7300,0.7352,3.1704
60.7302,0.6834,2.9429
60.7304,0.7789,3.3554
60.7306,0.7544,3.2516
60.7308,0.737,3.1737
60.7310,0.7481,3.2227
60.7312,0.706,3.0414
60.7314,0.6647,2.8664
60.7316,0.6211,2.6794
60.7318,0.6141,2.6482
60.7320,0.6394,2.7585
60.7322,0.6456,2.7836
60.7324,0.6132,2.6428
60.7326,0.6698,2.8881
60.7328,0.6716,2.8931
60.7330,0.6757,2.9094
60.7332,0.6681,2.8795
60.7334,0.6668,2.8778
60.7336,0.6245,2.6889
60.7338,0.7569,3.2624
60.7340,0.6414,2.7694
60.7342,0.5952,2.5689
60.7344,0.5886,2.5381
60.7346,0.6014,2.5934
60.7348,0.6125,2.6434
60.7350,0.579,2.5002
60.7352,0.5246,2.2662
60.7354,0.502,2.1668
60.7356,0.5818,2.5097
60.7358,0.5433,2.3448
60.7360,0.5327,2.2982
60.7362,0.5465,2.3588
60.7364,0.5621,2.426
60.7366,0.5524,2.3841
60.7368,0.5433,2.3448
60.7370,0.6235,2.6848
60.7372,0.7201,3.1038
60.7374,0.6532,2.818
60.7376,0.6078,2.6208
60.7378,0.6134,2.6451
60.7380,0.6689,2.8791
60.7382,0.7459,3.2104
60.7384,0.7209,3.1054
60.7386,0.7165,3.0854
60.7388,0.7734,3.3286
60.7390,0.8139,3.503
60.7392,0.7838,3.3704
60.7394,0.7827,3.3673
60.7396,0.8044,3.4623
60.7398,0.7417,3.1879
60.7400,0.7593,3.2682
60.7402,0.8159,3.5069
60.7404,0.9199,3.9482
60.7406,0.9259,3.9721
60.7408,0.9357,4.0142
60.7410,0.9748,4.1878
60.7412,0.8982,3.8568
60.7414,0.8687,3.7337
60.7416,0.8169,3.5127
60.7418,0.8778,3.7781
60.7420,0.8268,3.5555
60.7422,0.8609,3.695
60.7424,0.9056,3.8869
60.7426,0.9459,4.0617
60.7428,0.9676,4.1569
60.7430,0.8722,3.7538
60.7432,0.7821,3.371
60.7434,0.6848,2.9527
60.7436,0.7022,3.015
60.7438,0.9017,3.8736
60.7440,0.8153,3.5076
60.7442,0.7361,3.1755
60.7444,0.617,2.6631
60.7446,0.5965,2.5734
60.7448,0.6155,2.6502
60.7450,0.6448,2.7818
60.7452,0.5924,2.557
60.7454,0.5945,2.5646
60.7456,0.6211,2.6782
60.7458,0.6065,2.6163
60.7460,0.5938,2.5603
60.7462,0.618,2.6635
60.7464,0.6408,2.7591
60.7466,0.6929,2.9892
60.7468,0.5861,2.5307
60.7470,0.5891,2.5366
60.7472,0.7093,3.0516
60.7474,0.6957,2.9984
60.7476,0.6429,2.7735
60.7478,0.5795,2.4999
60.7480,0.5993,2.5829
60.7482,0.6626,2.8544
60.7484,0.733,3.1561
60.7486,0.6551,2.8263
60.7488,0.5667,2.4446
60.7490,0.5661,2.4431
60.7492,0.5623,2.4226
60.7494,0.65,2.7989
60.7496,0.6295,2.7169
60.7498,0.5379,2.3237
60.7500,0.5223,2.2542
60.7502,0.5285,2.278
60.7504,0.593,2.5572
60.7506,0.6191,2.6694
60.7508,0.6573,2.8277
60.7510,0.7288,3.1337
60.7512,0.7694,3.3116
60.7514,0.7386,3.1848
60.7516,0.6867,2.9541
60.7518,0.7115,3.0637
60.7520,0.6839,2.9463
60.7522,0.6893,2.9668
60.7524,0.7745,3.3239
60.7526,0.8349,3.5883
60.7528,0.859,3.6902
60.7530,0.9179,3.9376
60.7532,0.9629,4.131
60.7534,0.9399,4.0341
60.7536,0.9285,3.9871
60.7538,0.9418,4.0386
60.7540,0.9638,4.1307
60.7542,1.0254,4.3949
60.7544,1.0699,4.5834
60.7546,1.0563,4.5233
60.7548,1.1138,4.7714
60.7550,1.0994,4.7142
60.7552,0.9803,4.2115
60.7554,0.8583,3.6871
60.7556,0.8783,3.7714
60.7558,0.8972,3.8509
60.7560,0.9567,4.1081
60.7562,0.9759,4.1885
60.7564,0.978,4.1939
60.7566,0.9599,4.1124
60.7568,1.1026,4.7214
60.7570,1.1325,4.8402
60.7572,1.1657,4.9845
60.7574,1.1611,4.972
60.7576,1.1664,5.0016
60.7578,1.1108,4.7586
60.7580,1.124,4.8151
60.7582,1.0858,4.6561
60.7584,1.1204,4.8019
60.7586,1.1177,4.7973
60.7588,1.0005,4.296
60.7590,0.986,4.2317
60.7592,1.0364,4.4401
60.7594,1.1766,5.0382
60.7596,1.1921,5.1045
60.7598,1.1777,5.0381
60.7600,1.2843,5.4916
60.7602,1.3174,5.6357
60.7604,1.2134,5.1934
60.7606,1.2129,5.1914
60.7608,1.3346,5.6909
60.7610,1.5152,6.4669
60.7612,1.3862,5.9191
60.7614,1.3866,5.9234
60.7616,1.3178,5.6378
60.7618,1.2448,5.3353
60.7620,1.1385,4.8818
60.7622,1.1158,4.7824
60.7624,1.1771,5.045
60.7626,1.17,5.0147
60.7628,1.1397,4.8824
60.7630,1.1892,5.0898
60.7632,1.2857,5.5003
60.7634,1.239,5.3151
60.7636,1.1462,4.9124
60.7638,1.2614,5.3962
60.7640,1.2949,5.5424
60.7642,1.2482,5.3397
60.7644,1.2168,5.22
60.7646,1.1134,4.7788
60.7648,1.0983,4.7183
60.7650,1.0746,4.6142
60.7652,1.086,4.6609
60.7654,1.0348,4.4412
60.7656,1.0464,4.4932
60.7658,1.0742,4.6126
60.7660,1.0468,4.4906
60.7662,1.0716,4.6013
60.7664,1.0972,4.7115
60.7666,1.0743,4.611
60.7668,1.0786,4.6295
60.7670,1.0716,4.597
60.7672,1.1056,4.7431
60.7674,1.1469,4.9132
60.7676,1.2334,5.2865
60.7678,1.2466,5.3455
60.7680,1.27,5.4382
60.7682,1.293,5.5316
60.7684,1.283,5.5039
60.7686,1.1075,4.7602
60.7688,0.9944,4.2757
60.7690,1.014,4.3623
60.7692,0.9864,4.2437
60.7694,0.9772,4.2039
60.7696,1.0065,4.3298
60.7698,0.9728,4.181
60.7700,0.9818,4.2216
60.7702,0.9778,4.2085
60.7704,0.9578,4.1261
60.7706,0.894,3.846
60.7708,0.9238,3.9744
60.7710,1.0128,4.3511
60.7712,1.0953,4.6967
60.7714,1.1705,5.0167
60.7716,1.2356,5.2908
60.7718,1.3051,5.5912
60.7720,1.2614,5.4113
60.7722,1.228,5.2658
60.7724,1.2129,5.1962
60.7726,1.2608,5.4037
60.7728,1.239,5.3102
60.7730,1.2478,5.3457
60.7732,1.229,5.265
60.7734,1.2501,5.3529
60.7736,1.2687,5.4325
60.7738,1.2798,5.5033
60.7740,1.0319,4.4371
60.7742,1.0315,4.4397
60.7744,1.0655,4.5665
60.7746,1.297,5.5563
60.7748,1.3318,5.6999
60.7750,1.3692,5.8683
60.7752,1.2461,5.346
60.7754,1.2452,5.3419
60.7756,1.2502,5.3585
60.7758,1.2168,5.22
60.7760,1.2144,5.2048
60.7762,1.2168,5.2102
60.7764,1.29,5.5265
60.7766,1.2283,5.2841
60.7768,1.0479,4.5104
60.7770,1.0444,4.4865
60.7772,1.0266,4.4144
60.7774,1.0169,4.3625
60.7776,1.2049,5.1714
60.7778,1.2035,5.1677
60.7780,1.2449,5.3408
60.7782,1.1894,5.1169
60.7784,1.0316,4.4464
60.7786,0.8916,3.8463
60.7788,0.9301,3.9994
60.7790,1.033,4.4335
60.7792,1.1202,4.8126
60.7794,1.1019,4.7404
60.7796,0.9975,4.2951
60.7798,0.9813,4.2293
60.7800,0.9159,3.9459
60.7802,0.9272,3.987
60.7804,0.9839,4.2387
60.7806,0.8911,3.8425
60.7808,0.8447,3.6424
60.7810,0.9147,3.937
60.7812,1.0121,4.3561
60.7814,0.9705,4.1828
60.7816,0.9367,4.0333
60.7818,0.9747,4.1892
60.7820,1.0392,4.4748
60.7822,0.8927,3.851
60.7824,0.8233,3.5499
60.7826,0.8308,3.5891
60.7828,0.7922,3.4128
60.7830,0.8607,3.7043
60.7832,0.9084,3.9151
60.7834,0.8123,3.5061
60.7836,0.7475,3.2231
60.7838,0.8138,3.5139
60.7840,0.7779,3.3591
60.7842,0.7463,3.2239
60.7844,0.7683,3.3177
60.7846,0.7671,3.3094
60.7848,0.8153,3.5141
60.7850,0.8415,3.6268
60.7852,0.8721,3.7498
60.7854,0.9394,4.0471
60.7856,0.8894,3.8246
60.7858,1.0303,4.4366
60.7860,1.1,4.7189
60.7862,1.1591,4.9749
60.7864,1.2531,5.3608
60.7866,1.3437,5.7486
60.7868,1.3508,5.7869
60.7870,1.3405,5.7401
60.7872,1.393,5.951
60.7874,1.4826,6.3396
60.7876,1.5194,6.5
60.7878,1.4104,6.0309
60.7880,1.4537,6.2102
60.7882,1.4821,6.3553
60.7884,1.2975,5.5713
60.7886,1.2225,5.2422
60.7888,1.224,5.2582
60.7890,1.1596,4.9839
60.7892,1.1274,4.8435
60.7894,1.1084,4.7572
60.7896,1.2138,5.2022
60.7898,1.2882,5.5239
60.7900,1.276,5.4715
60.7902,1.3078,5.6104
60.7904,1.2712,5.4509
60.7906,1.3005,5.5842
60.7908,1.1717,5.0219
60.7910,1.2881,5.5234
60.7912,1.2894,5.5394
60.7914,1.2144,5.2121
60.7916,1.2984,5.5677
60.7918,1.3284,5.6909
60.7920,1.3083,5.6177
60.7922,1.2376,5.3169
60.7924,1.1747,5.0465
60.7926,1.1667,5.0143
60.7928,1.182,5.0826
60.7930,1.1797,5.0728
60.7932,1.1912,5.1104
60.7934,1.2071,5.1879
60.7936,1.1262,4.8451
60.7938,1.1378,4.881
60.7940,1.1995,5.1531
60.7942,1.1388,4.9038
60.7944,1.1356,4.8763
60.7946,1.2013,5.156
60.7948,1.2188,5.2458
60.7950,1.067,4.5946
60.7952,0.932,4.0207
60.7954,0.8917,3.8415
60.7956,1.0203,4.3952
60.7958,1.0294,4.4366
60.7960,0.9956,4.2888
60.7962,0.9647,4.1561
60.7964,0.9402,4.0464
60.7966,0.9657,4.1602
60.7968,1.0524,4.5253
60.7970,1.143,4.9173
60.7972,1.0559,4.5423
60.7974,1.0502,4.5223
60.7976,1.0629,4.5706
60.7978,1.1374,4.8885
60.7980,1.0862,4.6815
60.7982,1.0418,4.4882
60.7984,1.006,4.3298
60.7986,1.0493,4.5181
60.7988,1.064,4.5817
60.7990,1.0638,4.5764
60.7992,1.1291,4.8462
60.7994,1.2143,5.2067
60.7996,1.3146,5.6292
60.7998,1.3525,5.8049
60.8000,1.242,5.3255
60.8002,1.3842,5.9297
60.8004,1.3285,5.7126
60.8006,1.1033,4.7576
60.8008,0.9572,4.1216
60.8010,1.0206,4.3927
60.8012,1.0691,4.5926
60.8014,1.1622,4.9952
60.8016,1.1332,4.8796
60.8018,1.0848,4.6666
60.8020,1.1526,4.9563
60.8022,1.0788,4.6495
60.8024,1.0057,4.3307
60.8026,1.0223,4.3979
60.8028,1.0713,4.6024
60.8030,1.0958,4.7185
60.8032,0.9736,4.1982
60.8034,1.0044,4.317
60.8036,1.152,4.9629
60.8038,1.0129,4.3698
60.8040,0.9369,4.0381
60.8042,0.9195,3.9632
60.8044,0.9549,4.1137
60.8046,0.9791,4.22
60.8048,1.0247,4.4103
60.8050,1.0593,4.5615
60.8052,1.0231,4.4056
60.8054,0.9968,4.296
60.8056,0.9886,4.2589
60.8058,0.9602,4.1365
60.8060,0.9444,4.0645
60.8062,1.14,4.8953
60.8064,1.2584,5.3984
60.8066,1.2494,5.3674
60.8068,1.1671,5.0233
60.8070,1.0319,4.4515
60.8072,0.944,4.063
60.8074,0.9996,4.3044
60.8076,1.0382,4.4748
60.8078,1.0613,4.5698
60.8080,1.0357,4.4619
60.8082,1.0314,4.4392
60.8084,1.0314,4.4371
60.8086,1.0398,4.4732
60.8088,1.0254,4.4072
60.8090,1.1572,4.9712
60.8092,1.1978,5.1459
60.8094,1.1963,5.1344
60.8096,1.1924,5.1298
60.8098,1.0698,4.6043
60.8100,1.05,4.5128
60.8102,1.1067,4.7588
60.8104,1.1019,4.7382
60.8106,1.1284,4.8612
60.8108,1.025,4.4159
60.8110,0.9881,4.2588
60.8112,0.9376,4.0393
60.8114,0.8772,3.793
60.8116,0.7115,3.0765
60.8118,0.7227,3.1248
60.8120,0.7316,3.1578
60.8122,0.7879,3.4068
60.8124,0.7307,3.1595
60.8126,0.7145,3.0881
60.8128,0.7243,3.1306
60.8130,0.7002,3.0278
60.8132,0.7017,3.0354
60.8134,0.7748,3.3441
60.8136,0.7951,3.4363
60.8138,0.7537,3.259
60.8140,0.7285,3.1502
60.8142,0.7246,3.1302
60.8144,0.738,3.1896
60.8146,0.7445,3.2176
60.8148,0.7505,3.2405
60.8150,0.8252,3.5647
60.8152,0.7146,3.0943
60.8154,0.6562,2.8362
60.8156,0.7667,3.3104
60.8158,0.7392,3.1919
60.8160,0.7541,3.2546
60.8162,0.7987,3.4487
60.8164,0.7482,3.2322
60.8166,0.7351,3.1728
60.8168,0.7683,3.3192
60.8170,0.7267,3.1395
60.8172,0.7681,3.3151
60.8174,0.8308,3.5808
60.8176,0.8822,3.7972
60.8178,0.9578,4.1242
60.8180,0.9228,3.9679
60.8182,0.9283,3.9953
60.8184,1.0051,4.3221
60.8186,1.0748,4.6217
60.8188,1.1497,4.937
60.8190,1.2279,5.258
60.8192,1.3184,5.643
60.8194,1.3754,5.8867
60.8196,1.391,5.959
60.8198,1.3375,5.7299
60.8200,1.3814,5.9152
60.8202,1.3664,5.8592
60.8204,1.317,5.6473
60.8206,1.3321,5.7015
60.8208,1.3737,5.8768
60.8210,1.387,5.9421
60.8212,1.3695,5.8671
60.8214,1.3405,5.7481
60.8216,1.2837,5.5018
60.8218,1.3288,5.6951
60.8220,1.3646,5.8651
60.8222,1.1966,5.1311
60.8224,1.2954,5.5496
60.8226,1.3541,5.8008
60.8228,1.45,6.2204
60.8230,1.3557,5.8107
60.8232,1.308,5.6088
60.8234,1.321,5.6696
60.8236,1.2314,5.2827
60.8238,1.2911,5.526
60.8240,1.3981,5.9949
60.8242,1.3812,5.9307
60.8244,1.3199,5.6676
60.8246,1.229,5.2773
60.8248,1.1977,5.1406
60.8250,1.1797,5.0728
60.8252,1.1491,4.9367
60.8254,1.2505,5.3645
60.8256,1.2875,5.5286
60.8258,1.2641,5.4332
60.8260,1.1773,5.0601
60.8262,1.1456,4.9259
60.8264,1.1673,5.0168
60.8266,1.1965,5.1378
60.8268,1.2346,5.2991
60.8270,1.3232,5.6714
60.8272,1.3276,5.7032
60.8274,1.0952,4.7159
60.8276,0.9994,4.3014
60.8278,0.9876,4.2567
60.8280,0.9231,3.9861
60.8282,0.8875,3.8199
60.8284,1.0292,4.436
60.8286,0.9219,3.9809
60.8288,0.9179,3.9596
60.8290,0.8954,3.8593
60.8292,0.9258,3.9882
60.8294,0.9051,3.9084
60.8296,0.8213,3.5449
60.8298,0.8307,3.5869
60.8300,0.7897,3.4098
60.8302,0.8494,3.6728
60.8304,0.7909,3.4182
60.8306,0.7812,3.3731
60.8308,0.8316,3.5877
60.8310,0.9001,3.8813
60.8312,0.8936,3.8551
60.8314,0.8742,3.7678
60.8316,0.8954,3.8575
60.8318,0.8845,3.8211
60.8320,0.7982,3.445
60.8322,0.8651,3.7303
60.8324,0.892,3.8461
60.8326,0.9188,3.9619
60.8328,0.9349,4.0275
60.8330,0.9095,3.9252
60.8332,0.852,3.6808
60.8334,0.7987,3.4519
60.8336,0.785,3.3928
60.8338,0.7657,3.3063
60.8340,0.855,3.6886
60.8342,0.8622,3.7213
60.8344,0.7995,3.4539
60.8346,0.7659,3.3104
60.8348,0.7631,3.2995
60.8350,0.6414,2.7758
60.8352,0.6326,2.7379
60.8354,0.631,2.7286
60.8356,0.6649,2.8722
60.8358,0.7027,3.0373
60.8360,0.6451,2.7919
60.8362,0.6162,2.6668
60.8364,0.6203,2.6857
60.8366,0.5966,2.581
60.8368,0.6338,2.7406
60.8370,0.6796,2.9332
60.8372,0.7547,3.2571
60.8374,0.7731,3.3368
60.8376,0.828,3.5672
60.8378,0.8741,3.7708
60.8380,0.8721,3.7568
60.8382,0.9442,4.064
60.8384,0.9681,4.1686
60.8386,0.952,4.1013
60.8388,0.8525,3.6726
60.8390,0.9472,4.0731
60.8392,1.0469,4.4994
60.8394,1.0012,4.3091
60.8396,0.9782,4.2159
60.8398,0.875,3.775
60.8400,0.8315,3.5855
60.8402,0.8087,3.4889
60.8404,0.7725,3.3327
60.8406,0.7572,3.2635
60.8408,0.8271,3.5714
60.8410,0.7855,3.3901
60.8412,0.7553,3.2552
60.8414,0.8327,3.5874
60.8416,0.8609,3.7156
60.8418,0.7681,3.312
60.8420,0.8087,3.4824
60.8422,0.8909,3.8415
60.8424,0.8745,3.7671
60.8426,0.8574,3.6972
60.8428,0.8688,3.7533
60.8430,0.8031,3.4598
60.8432,0.9114,3.9244
60.8434,0.8205,3.5429
60.8436,0.7394,3.1899
60.8438,0.739,3.1953
60.8440,0.6053,2.6172
60.8442,0.6265,2.7077
60.8444,0.6655,2.8788
60.8446,0.6085,2.6312
60.8448,0.592,2.5608
60.8450,0.5598,2.4218
60.8452,0.5775,2.4981
60.8454,0.5789,2.502
60.8456,0.5674,2.4579
60.8458,0.4701,2.0385
60.8460,0.4514,1.9556
60.8462,0.4433,1.9203
60.8464,0.4418,1.9149
60.8466,0.4432,1.9198
60.8468,0.4608,1.9952
60.8470,0.4573,1.982
60.8472,0.4453,1.9291
60.8474,0.4436,1.921
60.8476,0.4587,1.9855
60.8478,0.4719,2.0425
60.8480,0.5215,2.2569
60.8482,0.4915,2.1252
60.8484,0.5779,2.492
60.8486,0.6447,2.7839
60.8488,0.5976,2.5828
60.8490,0.6107,2.6381
60.8492,0.6602,2.852
60.8494,0.5941,2.5678
60.8496,0.5701,2.4653
60.8498,0.5771,2.4942
60.8500,0.5737,2.4808
60.8502,0.57,2.4602
60.8504,0.6032,2.6072
60.8506,0.5802,2.5065
60.8508,0.621,2.6789
60.8510,0.6775,2.9198
60.8512,0.7462,3.2174
60.8514,0.6958,3.0031
60.8516,0.6741,2.9067
60.8518,0.8188,3.5242
60.8520,0.847,3.6421
60.8522,0.9132,3.9212
60.8524,0.9797,4.2089
60.8526,1.0048,4.3166
60.8528,1.0167,4.3594
60.8530,1.0808,4.6366
60.8532,1.0981,4.7063
60.8534,1.1494,4.924
60.8536,1.1551,4.9509
60.8538,1.1406,4.8888
60.8540,1.1561,4.9574
60.8542,1.0926,4.6849
60.8544,1.1609,4.9756
60.8546,1.1542,4.9514
60.8548,1.0791,4.6316
60.8550,1.0427,4.4772
60.8552,1.0243,4.4046
60.8554,0.9641,4.1477
60.8556,0.9578,4.1185
60.8558,0.921,3.9583
60.8560,0.9499,4.0806
60.8562,1.0093,4.3341
60.8564,1.0894,4.6715
60.8566,1.1475,4.918
60.8568,1.1107,4.7669
60.8570,1.068,4.5837
60.8572,1.0884,4.6756
60.8574,1.0719,4.6007
60.8576,1.0615,4.5538
60.8578,1.0484,4.5082
60.8580,1.0091,4.3351
60.8582,1.1038,4.731
60.8584,1.1969,5.1322
60.8586,1.1573,4.9625
60.8588,1.165,4.9931
60.8590,1.241,5.3139
60.8592,1.2355,5.3051
60.8594,1.0904,4.6865
60.8596,1.0045,4.3195
60.8598,0.9959,4.2824
60.8600,0.9777,4.2021
60.8602,0.9782,4.2081
60.8604,0.8862,3.8195
60.8606,0.8056,3.4706
60.8608,0.8357,3.6003
60.8610,0.803,3.4625
60.8612,0.7754,3.3389
60.8614,0.8524,3.6687
60.8616,0.9692,4.1636
60.8618,0.9674,4.1616
60.8620,0.9218,3.9712
60.8622,0.8103,3.4875
60.8624,0.8195,3.5289
60.8626,0.8057,3.4679
60.8628,0.8975,3.8609
60.8630,0.9432,4.0556
60.8632,0.9066,3.9056
60.8634,0.8409,3.6175
60.8636,0.9115,3.9231
60.8638,0.8891,3.8337
60.8640,0.7276,3.1416
60.8642,0.6683,2.8886
60.8644,0.6452,2.7885
60.8646,0.6366,2.75
60.8648,0.6229,2.6897
60.8650,0.6273,2.7101
60.8652,0.6439,2.7815
60.8654,0.6307,2.7271
60.8656,0.543,2.347
60.8658,0.5484,2.3725
60.8660,0.5523,2.388
60.8662,0.6372,2.7487
60.8664,0.6697,2.8929
60.8666,0.6188,2.6733
60.8668,0.6081,2.6284
60.8670,0.5954,2.5735
60.8672,0.599,2.5878
60.8674,0.6012,2.5971
60.8676,0.608,2.6267
60.8678,0.6146,2.6552
60.8680,0.6129,2.6467
60.8682,0.6086,2.6268
60.8684,0.6108,2.6386
60.8686,0.6176,2.6632
60.8688,0.6152,2.6553
60.8690,0.6141,2.6506
60.8692,0.662,2.8584
60.8694,0.6259,2.7039
60.8696,0.6059,2.6161
60.8698,0.5963,2.5747
60.8700,0.5936,2.5633
60.8702,0.5956,2.5716
60.8704,0.6579,2.8343
60.8706,0.7352,3.1645
60.8708,0.7838,3.3782
60.8710,0.771,3.3183
60.8712,0.7934,3.4179
60.8714,0.7426,3.2004
60.8716,0.7562,3.2608
60.8718,0.746,3.2139
60.8720,0.7523,3.2317
60.8722,0.9334,4.0138
60.8724,0.9267,3.9886
60.8726,0.8668,3.7254
60.8728,0.8923,3.837
60.8730,0.882,3.7979
60.8732,0.8262,3.5578
60.8734,0.7813,3.3627
60.8736,0.7772,3.3436
60.8738,0.771,3.3198
60.8740,0.7199,3.1013
60.8742,0.7327,3.1595
60.8744,0.7476,3.2191
60.8746,0.7623,3.2811
60.8748,0.7742,3.3338
60.8750,0.7768,3.3451
60.8752,0.7671,3.3048
60.8754,0.7947,3.4173
60.8756,0.8798,3.7816
60.8758,0.8373,3.612
60.8760,0.7113,3.0641
60.8762,0.8024,3.4551
60.8764,0.7597,3.2758
60.8766,0.6476,2.795
60.8768,0.6091,2.6252
60.8770,0.6454,2.7831
60.8772,0.743,3.201
60.8774,0.7488,3.2303
60.8776,0.6662,2.8686
60.8778,0.7567,3.2629
60.8780,0.6768,2.9199
60.8782,0.6585,2.8382
60.8784,0.7384,3.1779
60.8786,0.7531,3.2414
60.8788,0.751,3.2381
60.8790,0.6724,2.9021
60.8792,0.677,2.9164
60.8794,0.7472,3.2161
60.8796,0.7438,3.2056
60.8798,0.7322,3.153
60.8800,0.7409,3.1932
60.8802,0.741,3.1907
60.8804,0.7108,3.0663
60.8806,0.6577,2.8398
60.8808,0.6499,2.8009
60.8810,0.7333,3.1621
60.8812,0.7069,3.0469
60.8814,0.741,3.1922
60.8816,0.7393,3.1879
60.8818,0.6716,2.8985
60.8820,0.5975,2.5787
60.8822,0.5665,2.4441
60.8824,0.6378,2.7513
60.8826,0.6243,2.6959
60.8828,0.6065,2.6151
60.8830,0.6621,2.8523
60.8832,0.6577,2.8345
60.8834,0.6731,2.9012
60.8836,0.6785,2.9245
60.8838,0.6915,2.9803
60.8840,0.6822,2.9446
60.8842,0.6537,2.8162
60.8844,0.7041,3.0359
60.8846,0.6523,2.8139
60.8848,0.6533,2.8133
60.8850,0.7515,3.2302
60.8852,0.8724,3.7444
60.8854,0.9632,4.1301
60.8856,0.9934,4.2696
60.8858,0.9545,4.0912
60.8860,1.0185,4.361
60.8862,1.1676,4.988
60.8864,1.282,5.4895
60.8866,1.1894,5.1074
60.8868,1.0018,4.2997
60.8870,0.9622,4.1318
60.8872,1.0197,4.3743
60.8874,1.0587,4.5399
60.8876,0.9966,4.2716
60.8878,1.0551,4.5223
60.8880,1.0714,4.5965
60.8882,1.0454,4.487
60.8884,1.0723,4.5958
60.8886,1.047,4.5021
60.8888,0.9138,3.9329
60.8890,0.8309,3.5763
60.8892,0.7953,3.4167
60.8894,0.8863,3.8076
60.8896,0.8932,3.8424
60.8898,0.8892,3.8271
60.8900,0.8681,3.7293
60.8902,0.9029,3.8859
60.8904,0.8867,3.8145
60.8906,0.8488,3.6498
60.8908,0.8863,3.8094
60.8910,0.9571,4.1096
60.8912,0.9675,4.1564
60.8914,0.9339,4.0159
60.8916,0.915,3.9326
60.8918,0.9081,3.8996
60.8920,0.9115,3.9249
60.8922,0.8319,3.5788
60.8924,0.8345,3.5918
60.8926,0.8384,3.6033
60.8928,0.817,3.5213
60.8930,0.7651,3.296
60.8932,0.8078,3.4767
60.8934,0.7318,3.1568
60.8936,0.6899,2.9749
60.8938,0.7253,3.1231
60.8940,0.7181,3.1022
60.8942,0.5603,2.4183
60.8944,0.603,2.6073
60.8946,0.552,2.3848
60.8948,0.5962,2.5706
60.8950,0.6676,2.8788
60.8952,0.6894,2.9715
60.8954,0.6876,2.9665
60.8956,0.6249,2.696
60.8958,0.5827,2.515
60.8960,0.6089,2.6254
60.8962,0.6037,2.6056
60.8964,0.6257,2.7016
60.8966,0.6102,2.6323
60.8968,0.6415,2.7648
60.8970,0.6869,2.9634
60.8972,0.631,2.7249
60.8974,0.565,2.4396
60.8976,0.5517,2.381
60.8978,0.5595,2.4158
60.8980,0.5745,2.4793
60.8982,0.6364,2.7469
60.8984,0.6139,2.6471
60.8986,0.6174,2.6597
60.8988,0.7257,3.1247
60.8990,0.7354,3.1738
60.8992,0.6438,2.7746
60.8994,0.67,2.8891
60.8996,0.6022,2.5977
60.8998,0.6093,2.6287
60.9000,0.6125,2.6422
60.9002,0.5968,2.5756
60.9004,0.5918,2.5508
60.9006,0.6363,2.74
60.9008,0.6753,2.9132
60.9010,0.552,2.3848
60.9012,0.5408,2.3361
60.9014,0.5234,2.2599
60.9016,0.5494,2.3723
60.9018,0.5779,2.492
60.9020,0.5754,2.4823
60.9022,0.5751,2.4808
60.9024,0.5893,2.5423
60.9026,0.5342,2.3087
60.9028,0.4966,2.1475
60.9030,0.5254,2.2656
60.9032,0.5966,2.5703
60.9034,0.6269,2.703
60.9036,0.6397,2.7557
60.9038,0.6495,2.8007
60.9040,0.6035,2.5985
60.9042,0.6513,2.8085
60.9044,0.6282,2.7087
60.9046,0.5954,2.5675
60.9048,0.5977,2.5785
60.9050,0.6362,2.7382
60.9052,0.7959,3.4208
60.9054,0.823,3.5357
60.9056,0.8333,3.58
60.9058,0.8486,3.6488
60.9060,0.7194,3.105
60.9062,0.5959,2.5708
60.9064,0.5968,2.572
60.9066,0.5941,2.5618
60.9068,0.5868,2.5326
60.9070,0.5797,2.501
60.9072,0.5785,2.4935
60.9074,0.5838,2.5185
60.9076,0.584,2.5196
60.9078,0.5921,2.5542
60.9080,0.5816,2.5069
60.9082,0.5888,2.5379
60.9084,0.6344,2.7317
60.9086,0.686,2.9538
60.9088,0.7304,3.1438
60.9090,0.671,2.8906
60.9092,0.6441,2.7697
60.9094,0.6786,2.9318
60.9096,0.5107,2.2051
60.9098,0.5559,2.398
60.9100,0.5426,2.3417
60.9102,0.5215,2.2496
60.9104,0.5628,2.4269
60.9106,0.541,2.335
60.9108,0.5289,2.2827
60.9110,0.534,2.3039
60.9112,0.6233,2.6825
60.9114,0.6388,2.7534
60.9116,0.6302,2.7149
60.9118,0.6197,2.672
60.9120,0.5249,2.2688
60.9122,0.4326,1.8689
60.9124,0.4408,1.9006
60.9126,0.5198,2.2465
60.9128,0.4505,1.9478
60.9130,0.4192,1.8117
60.9132,0.4218,1.8214
60.9134,0.4526,1.9554
60.9136,0.4626,1.9956
60.9138,0.5408,2.3328
60.9140,0.5423,2.3385
60.9142,0.587,2.5196
60.9144,0.7867,3.3812
60.9146,0.7342,3.1642
60.9148,0.636,2.7385
60.9150,0.608,2.6218
60.9152,0.5372,2.3163
60.9154,0.5193,2.2423
60.9156,0.4972,2.1451
60.9158,0.4959,2.1384
60.9160,0.4929,2.1265
60.9162,0.5069,2.186
60.9164,0.5379,2.3204
60.9166,0.5501,2.3699
60.9168,0.6362,2.7382
60.9170,0.6962,2.9921
60.9172,0.7004,3.0115
60.9174,0.7209,3.1026
60.9176,0.6585,2.8316
60.9178,0.7089,3.0467
60.9180,0.7658,3.2915
60.9182,0.7647,3.2823
60.9184,0.8537,3.6624
60.9186,0.9307,3.9908
60.9188,0.944,4.046
60.9190,0.94,4.0309
60.9192,0.9205,3.9452
60.9194,0.9662,4.1468
60.9196,0.9008,3.8664
60.9198,0.9621,4.1178
60.9200,1.0399,4.455
60.9202,1.0585,4.5346
60.9204,1.0428,4.4673
60.9206,0.991,4.2434
60.9208,1.0301,4.4129
60.9210,1.07,4.5839
60.9212,1.0738,4.6004
60.9214,1.0182,4.3661
60.9216,1.0116,4.3338
60.9218,1.0357,4.4349
60.9220,1.036,4.438
60.9222,1.0177,4.36
60.9224,1.0649,4.5661
60.9226,1.0683,4.5831
60.9228,0.9687,4.1518
60.9230,1.0777,4.6146
60.9232,1.1593,4.9573
60.9234,1.1754,5.0284
60.9236,1.1496,4.9181
60.9238,1.0671,4.5823
60.9240,0.9694,4.1607
60.9242,0.9544,4.1021
60.9244,0.8313,3.5695
60.9246,0.9319,4.0034
60.9248,0.9176,3.9384
60.9250,0.9032,3.8785
60.9252,0.8926,3.8308
60.9254,0.9007,3.8749
60.9256,0.8617,3.7003
60.9258,0.8692,3.7305
60.9260,0.8902,3.8241
60.9262,0.9091,3.9073
60.9264,0.8881,3.8189
60.9266,0.7069,3.0484
60.9268,0.6104,2.6358
60.9270,0.5935,2.5581
60.9272,0.7132,3.0695
60.9274,0.7686,3.308
60.9276,0.7206,3.1073
60.9278,0.6511,2.8074
60.9280,0.6204,2.6726
60.9282,0.6169,2.6601
60.9284,0.6591,2.8381
60.9286,0.7589,3.2646
60.9288,0.7879,3.391
60.9290,0.7719,3.3209
60.9292,0.7758,3.342
60.9294,0.7085,3.0494
60.9296,0.7131,3.0719
60.9298,0.7325,3.1526
60.9300,0.7928,3.4138
60.9302,0.6918,2.986
60.9304,0.5351,2.3107
60.9306,0.5067,2.19
60.9308,0.5751,2.4808
60.9310,0.5959,2.5696
60.9312,0.5886,2.5357
60.9314,0.6014,2.5958
60.9316,0.5605,2.4193
60.9318,0.5585,2.4105
60.9320,0.5632,2.4296
60.9322,0.5653,2.4355
60.9324,0.7022,3.0249
60.9326,0.6753,2.9119
60.9328,0.5875,2.5334
60.9330,0.5545,2.3901
60.9332,0.5569,2.4027
60.9334,0.5524,2.3852
60.9336,0.5492,2.3701
60.9338,0.5463,2.3523
60.9340,0.5946,2.5639
60.9342,0.5555,2.3987
60.9344,0.5456,2.3514
60.9346,0.5638,2.431
60.9348,0.5551,2.396
60.9350,0.5623,2.4271
60.9352,0.55,2.3727
60.9354,0.5361,2.3137
60.9356,0.5544,2.3896
60.9358,0.6777,2.9154
60.9360,0.7288,3.141
60.9362,0.6264,2.7009
60.9364,0.6223,2.6771
60.9366,0.7303,3.1433
60.9368,0.7647,3.293
60.9370,0.7393,3.1835
60.9372,0.6976,3.0024
60.9374,0.6872,2.9562
60.9376,0.6905,2.972
60.9378,0.6898,2.9689
60.9380,0.7209,3.1011
60.9382,0.7556,3.2447
60.9384,0.8224,3.5347
60.9386,0.8272,3.5537
60.9388,0.8872,3.8112
60.9390,0.9098,3.9068
60.9392,0.8715,3.7403
60.9394,0.9107,3.9122
60.9396,0.8332,3.5794
60.9398,0.8373,3.5986
60.9400,0.814,3.4987
60.9402,0.7773,3.3487
60.9404,0.7573,3.2579
60.9406,0.7671,3.2972
60.9408,0.7995,3.4363
60.9410,0.8019,3.445
60.9412,0.8173,3.5142
60.9414,0.8683,3.7304
60.9416,0.8599,3.6943
60.9418,0.8867,3.8056
60.9420,0.9042,3.8808
60.9422,0.9011,3.871
60.9424,0.8061,3.4646
60.9426,0.803,3.448
60.9428,0.8194,3.5251
60.9430,0.7162,3.0839
60.9432,0.6921,2.9829
60.9434,0.7164,3.0849
60.9436,0.6603,2.8419
60.9438,0.6551,2.8237
60.9440,0.6396,2.7565
60.9442,0.651,2.803
60.9444,0.6381,2.7516
60.9446,0.6091,2.6301
60.9448,0.5129,2.2139
60.9450,0.4963,2.1429
60.9452,0.49,2.117
60.9454,0.488,2.1072
60.9456,0.5228,2.2511
60.9458,0.5928,2.5585
60.9460,0.5197,2.2418
60.9462,0.5089,2.1973
60.9464,0.5318,2.2962
60.9466,0.5789,2.495
60.9468,0.5529,2.3895
60.9470,0.4362,1.8844
60.9472,0.4328,1.869
60.9474,0.5324,2.2977
60.9476,0.5291,2.2827
60.9478,0.5217,2.2496
60.9480,0.526,2.2703
60.9482,0.53,2.2884
60.9484,0.5265,2.2713
60.9486,0.526,2.2682
60.9488,0.5376,2.3183
60.9490,0.5867,2.5286
60.9492,0.629,2.7098
60.9494,0.5629,2.4274
60.9496,0.5652,2.4395
60.9498,0.5381,2.3225
60.9500,0.5421,2.3364
60.9502,0.5653,2.4389
60.9504,0.5839,2.5179
60.9506,0.6318,2.7179
60.9508,0.6723,2.8949
60.9510,0.6391,2.748
60.9512,0.6809,2.9266
60.9514,0.7658,3.2915
60.9516,0.8143,3.4981
60.9518,0.8433,3.6193
60.9520,0.8875,3.8075
60.9522,0.9051,3.8849
60.9524,0.8911,3.8229
60.9526,0.9857,4.2189
60.9528,1.1009,4.7143
60.9530,1.0759,4.6069
60.9532,1.0619,4.5511
60.9534,1.0569,4.5279
60.9536,1.0381,4.4452
60.9538,1.0616,4.5501
60.9540,1.0321,4.4216
60.9542,1.0445,4.4724
60.9544,1.0368,4.4437
60.9546,1.0162,4.3533
60.9548,1.0698,4.5829
60.9550,1.044,4.4787
60.9552,0.984,4.2255
60.9554,0.9464,4.06
60.9556,0.9232,3.957
60.9558,1.0102,4.3337
60.9560,0.9477,4.0676
60.9562,1.0093,4.3341
60.9564,0.9723,4.175
60.9566,0.9482,4.0658
60.9568,0.9586,4.1144
60.9570,0.8897,3.8256
60.9572,0.8926,3.8308
60.9574,0.9195,3.9485
60.9576,0.8935,3.835
60.9578,0.8904,3.8251
60.9580,0.9156,3.9333
60.9582,0.9453,4.0535
60.9584,0.9265,3.9802
60.9586,0.8555,3.677
60.9588,0.8471,3.6358
60.9590,0.914,3.9193
60.9592,0.9621,4.137
60.9594,0.8541,3.681
60.9596,0.7144,3.0761
60.9598,0.7128,3.068
60.9600,0.7316,3.1505
60.9602,0.7295,3.1412
60.9604,0.7276,3.1329
60.9606,0.6625,2.8552
60.9608,0.6523,2.8126
60.9610,0.6766,2.9148
60.9612,0.6866,2.955
60.9614,0.6964,3.0015
60.9616,0.6777,2.9195
60.9618,0.7296,3.1402
60.9620,0.72,3.0975
60.9622,0.6725,2.9013
60.9624,0.6111,2.6365
60.9626,0.6127,2.6469
60.9628,0.5319,2.2967
60.9630,0.5294,2.2826
60.9632,0.581,2.5043
60.9634,0.6128,2.6413
60.9636,0.6133,2.6446
60.9638,0.6339,2.7335
60.9640,0.658,2.8335
60.9642,0.6764,2.9179
60.9644,0.5816,2.5092
60.9646,0.5507,2.3791
60.9648,0.5074,2.1901
60.9650,0.4935,2.13
60.9652,0.4751,2.0522
60.9654,0.4715,2.0376
60.9656,0.4713,2.0362
60.9658,0.4705,2.0326
60.9660,0.4743,2.0501
60.9662,0.4856,2.0988
60.9664,0.4728,2.0405
60.9666,0.4706,2.0321
60.9668,0.4712,2.0357
60.9670,0.4729,2.041
60.9672,0.4766,2.0571
60.9674,0.4752,2.0537
60.9676,0.4729,2.0429
60.9678,0.4721,2.0393
60.9680,0.4743,2.0491
60.9682,0.4703,2.0296
60.9684,0.4728,2.0414
60.9686,0.4719,2.0369
60.9688,0.4782,2.0638
60.9690,0.489,2.1104
60.9692,0.4856,2.0968
60.9694,0.4824,2.0819
60.9696,0.491,2.1182
60.9698,0.5531,2.3861
60.9700,0.6043,2.6022
60.9702,0.6313,2.7183
60.9704,0.6038,2.6001
60.9706,0.5986,2.5774
60.9708,0.6032,2.5999
60.9710,0.6127,2.6383
60.9712,0.6707,2.8882
60.9714,0.6855,2.9435
60.9716,0.8614,3.6919
60.9718,0.8881,3.8154
60.9720,0.7982,3.429
60.9722,0.7692,3.3075
60.9724,0.7209,3.1026
60.9726,0.7162,3.0824
60.9728,0.7459,3.2089
60.9730,0.7085,3.048
60.9732,0.6483,2.7942
60.9734,0.6026,2.5949
60.9736,0.6614,2.8453
60.9738,0.6551,2.8224
60.9740,0.5686,2.4506
60.9742,0.5599,2.4145
60.9744,0.5595,2.4135
60.9746,0.5641,2.4292
60.9748,0.626,2.6931
60.9750,0.6574,2.8296
60.9752,0.6569,2.8275
60.9754,0.6567,2.8252
60.9756,0.6867,2.9514
60.9758,0.6833,2.9424
60.9760,0.6589,2.8384
60.9762,0.624,2.6881
60.9764,0.5932,2.5565
60.9766,0.6007,2.5891
60.9768,0.5878,2.5333
60.9770,0.5651,2.4322
60.9772,0.6351,2.7348
60.9774,0.6663,2.8691
60.9776,0.6656,2.87
60.9778,0.6135,2.6382
60.9780,0.6945,2.9876
60.9782,0.7187,3.0947
60.9784,0.6156,2.6556
60.9786,0.5167,2.2289
60.9788,0.5713,2.4579
60.9790,0.6751,2.9054
60.9792,0.6621,2.8497
60.9794,0.6784,2.9199
60.9796,0.6918,2.9763
60.9798,0.6647,2.861
60.9800,0.5715,2.4675
60.9802,0.4577,1.9744
60.9804,0.5535,2.3832
60.9806,0.5953,2.567
60.9808,0.5484,2.3638
60.9810,0.5523,2.3814
60.9812,0.5566,2.3978
60.9814,0.5812,2.506
60.9816,0.541,2.3285
60.9818,0.6095,2.6231
60.9820,0.6472,2.7857
60.9822,0.6498,2.7991
60.9824,0.6263,2.7004
60.9826,0.5519,2.3798
60.9828,0.538,2.3199
60.9830,0.5412,2.3338
60.9832,0.5424,2.3347
60.9834,0.635,2.7318
60.9836,0.7097,3.0517
60.9838,0.7466,3.206
60.9840,0.8641,3.7141
60.9842,0.8097,3.4769
60.9844,0.8087,3.4744
60.9846,0.8051,3.4573
60.9848,0.7924,3.4027
60.9850,0.8557,3.666
60.9852,0.95,4.066
60.9854,0.976,4.1929
60.9856,0.8452,3.6225
60.9858,0.9916,4.248
60.9860,1.0098,4.322
60.9862,1.0509,4.4938
60.9864,1.1126,4.7596
60.9866,1.0971,4.7
60.9868,0.9542,4.0973
60.9870,0.8507,3.6563
60.9872,0.826,3.5452
60.9874,0.8736,3.7495
60.9876,0.9072,3.8918
60.9878,0.9734,4.1699
60.9880,1.0212,4.379
60.9882,0.9218,3.9527
60.9884,0.87,3.7393
60.9886,0.8036,3.4506
60.9888,0.9149,3.9229
60.9890,0.9785,4.1959
60.9892,1.03,4.4062
60.9894,1.079,4.6181
60.9896,1.0725,4.5947
60.9898,1.0128,4.343
60.9900,0.9718,4.171
60.9902,0.9298,3.9928
60.9904,0.8692,3.7357
60.9906,0.8625,3.7069
60.9908,0.8785,3.7706
60.9910,0.8562,3.6766
60.9912,0.8711,3.7405
60.9914,0.9164,3.9333
60.9916,0.9361,4.0158
60.9918,0.9634,4.135
60.9920,0.9651,4.1461
60.9922,0.8995,3.8715
60.9924,0.7278,3.1325
60.9926,0.7191,3.0919
60.9928,0.7429,3.2005
60.9930,0.6836,2.9434
60.9932,0.6771,2.9142
60.9934,0.7168,3.0836
60.9936,0.7482,3.2217
60.9938,0.7671,3.3002
60.9940,0.7145,3.0766
60.9942,0.627,2.7022
60.9944,0.6328,2.7238
60.9946,0.6545,2.8198
60.9948,0.609,2.6272
60.9950,0.5928,2.5585
60.9952,0.62,2.6685
60.9954,0.7348,3.1624
60.9956,0.7134,3.0734
60.9958,0.7236,3.1144
60.9960,0.7062,3.0396
60.9962,0.6904,2.9715
60.9964,0.7075,3.0481
60.9966,0.6627,2.8576
60.9968,0.6687,2.8794
60.9970,0.6703,2.8901
60.9972,0.6222,2.6816
60.9974,0.6199,2.6718
60.9976,0.606,2.613
60.9978,0.6018,2.5949
60.9980,0.6032,2.5999
60.9982,0.627,2.7022
60.9984,0.6727,2.8978
60.9986,0.7348,3.158
60.9988,0.7529,3.2434
60.9990,0.6125,2.6385
60.9992,0.6591,2.8381
60.9994,0.6791,2.9243
60.9996,0.7059,3.0366
60.9998,0.7471,3.2171
61.0000,0.6887,2.9629
61.0002,0.7183,3.0932
61.0004,0.706,3.0456
61.0006,0.5947,2.5656
61.0008,0.5909,2.5467
61.0010,0.5664,2.4435
61.0012,0.5595,2.4147
61.0014,0.5617,2.4234
61.0016,0.5748,2.4717
61.0018,0.7327,3.1493
61.0020,0.8189,3.5231
61.0022,0.7247,3.1263
61.0024,0.5876,2.5327
61.0026,0.5981,2.5765
61.0028,0.6777,2.9168
61.0030,0.7583,3.2605
61.0032,0.7718,3.3188
61.0034,0.7845,3.3766
61.0036,0.7205,3.101
61.0038,0.6936,2.9813
61.0040,0.793,3.4085
61.0042,0.8338,3.577
61.0044,0.9003,3.8679
61.0046,0.8079,3.4788
61.0048,0.6887,2.9643
61.0050,0.6737,2.9038
61.0052,0.7315,3.1441
61.0054,0.8301,3.571
61.0056,0.7022,3.0235
61.0058,0.6803,2.9295
61.0060,0.6683,2.8779
61.0062,0.6632,2.8557
61.0064,0.6628,2.8568
61.0066,0.6638,2.8596
61.0068,0.6637,2.8577
61.0070,0.6619,2.8513
61.0072,0.6596,2.8428
61.0074,0.6599,2.8417
61.0076,0.6643,2.859
61.0078,0.6736,2.9033
61.0080,0.6368,2.7446
61.0082,0.6691,2.8783
61.0084,0.7288,3.1337
61.0086,0.7499,3.2229
61.0088,0.8199,3.519
61.0090,0.8062,3.4748
61.0092,0.6032,2.6011
61.0094,0.5773,2.4906
61.0096,0.5754,2.48
61.0098,0.5655,2.4383
61.0100,0.5639,2.4304
61.0102,0.6322,2.7237
61.0104,0.6447,2.7761
61.0106,0.6848,2.95
61.0108,0.5993,2.5841
61.0110,0.5856,2.5275
61.0112,0.5519,2.3832
61.0114,0.5637,2.4283
61.0116,0.6344,2.7317
61.0118,0.6438,2.7694
61.0120,0.731,3.1479
61.0122,0.6247,2.6912
61.0124,0.5498,2.3727
61.0126,0.545,2.3499
61.0128,0.5516,2.3827
61.0130,0.4556,1.9692
61.0132,0.4468,1.9282
61.0134,0.5255,2.2671
61.0136,0.5477,2.3617
61.0138,0.5505,2.3736
61.0140,0.5504,2.3709
61.0142,0.6646,2.8632
61.0144,0.5927,2.5556
61.0146,0.5344,2.3054
61.0148,0.5231,2.2579
61.0150,0.517,2.2304
61.0152,0.559,2.4059
61.0154,0.6059,2.6125
61.0156,0.5448,2.3493
61.0158,0.5626,2.4259
61.0160,0.5731,2.4679
61.0162,0.6177,2.6587
61.0164,0.6506,2.8014
61.0166,0.6808,2.9288
61.0168,0.7163,3.0801
61.0170,0.7822,3.3527
61.0172,0.9104,3.9075
61.0174,0.8608,3.6962
61.0176,0.8493,3.6468
61.0178,0.8698,3.7383
61.0180,0.8499,3.6493
61.0182,0.8249,3.5406
61.0184,0.8575,3.6806
61.0186,0.9059,3.8843
61.0188,0.9551,4.0957
61.0190,0.9665,4.1406
61.0192,1.0466,4.4859
61.0194,1.0567,4.5227
61.0196,1.0876,4.6464
61.0198,1.1778,5.0292
61.0200,1.2544,5.3614
61.0202,1.241,5.3015
61.0204,1.2583,5.3702
61.0206,1.2339,5.2812
61.0208,1.1135,4.7726
61.0210,1.0586,4.5394
61.0212,1.05,4.4876
61.0214,1.1842,5.0682
61.0216,1.1234,4.8058
61.0218,1.1801,5.0437
61.0220,1.2039,5.1529
61.0222,1.0792,4.6235
61.0224,1.0893,4.6732
61.0226,0.9982,4.2862
61.0228,0.9161,3.939
61.0230,0.8512,3.6618
61.0232,0.8235,3.5394
61.0234,0.8198,3.5234
61.0236,0.855,3.6732
61.0238,0.8966,3.8501
61.0240,0.8804,3.7842
61.0242,0.8125,3.4887
61.0244,0.9406,4.0391
61.0246,0.9304,3.9972
61.0248,0.8754,3.7573
61.0250,0.8734,3.7572
61.0252,0.8245,3.5468
61.0254,0.8203,3.532
61.0256,0.7368,3.1727
61.0258,0.7156,3.0841
61.0260,0.6687,2.8807
61.0262,0.691,2.9796
61.0264,0.6259,2.6988
61.0266,0.6698,2.8841
61.0268,0.7017,3.0228
61.0270,0.6657,2.8718
61.0272,0.6303,2.718
61.0274,0.6084,2.6258
61.0276,0.5345,2.3081
61.0278,0.5276,2.277
61.0280,0.5156,2.2263
61.0282,0.5061,2.1864
61.0284,0.5068,2.1885
61.0286,0.5635,2.4311
61.0288,0.6222,2.6803
61.0290,0.6842,2.946
61.0292,0.6848,2.9513
61.0294,0.6788,2.9255
61.0296,0.6507,2.8046
61.0298,0.6381,2.7478
61.0300,0.6792,2.9262
61.0302,0.676,2.9109
61.0304,0.6958,2.9989
61.0306,0.6008,2.5932
61.0308,0.479,2.0712
61.0310,0.4486,1.9396
61.0312,0.441,1.9042
61.0314,0.4807,2.0766
61.0316,0.4896,2.1139
61.0318,0.4977,2.1452
61.0320,0.5801,2.5002
61.0322,0.6434,2.7756
61.0324,0.5713,2.4647
61.0326,0.5782,2.4942
61.0328,0.5526,2.3829
61.0330,0.5613,2.4213
61.0332,0.549,2.3674
61.0334,0.5538,2.3903
61.0336,0.5956,2.5692
61.0338,0.5657,2.4404
61.0340,0.5492,2.3691
61.0342,0.558,2.4073
61.0344,0.593,2.556
61.0346,0.598,2.5796
61.0348,0.5524,2.3808
61.0350,0.5327,2.3014
61.0352,0.464,2.0064
61.0354,0.4633,2.0015
61.0356,0.4822,2.0804
61.0358,0.5189,2.2387
61.0360,0.5902,2.5424
61.0362,0.662,2.8465
61.0364,0.7096,3.0526
61.0366,0.7158,3.0795
61.0368,0.7134,3.0691
61.0370,0.6972,3.0023
61.0372,0.6219,2.6793
61.0374,0.6187,2.6666
61.0376,0.6504,2.7991
61.0378,0.7295,3.1397
61.0380,0.7121,3.0578
61.0382,0.8276,3.5486
61.0384,0.9111,3.9106
61.0386,0.8723,3.7456
61.0388,0.77,3.3141
61.0390,0.6718,2.8942
61.0392,0.6635,2.8585
61.0394,0.671,2.8852
61.0396,0.7227,3.1089
61.0398,0.7087,3.0519
61.0400,0.6976,3.0024
61.0402,0.7212,3.1012
61.0404,0.7502,3.2335
61.0406,0.7316,3.1505
61.0408,0.6801,2.9312
61.0410,0.6069,2.6159
61.0412,0.6187,2.6641
61.0414,0.6912,2.9751
61.0416,0.7375,3.1713
61.0418,0.718,3.0902
61.0420,0.7912,3.4039
61.0422,0.7386,3.1775
61.0424,0.6567,2.833
61.0426,0.5507,2.3769
61.0428,0.5345,2.3059
61.0430,0.5363,2.3126
61.0432,0.5775,2.4877
61.0434,0.5427,2.3389
61.0436,0.5928,2.555
61.0438,0.6228,2.6842
61.0440,0.5806,2.5034
61.0442,0.5531,2.3872
61.0444,0.5392,2.324
61.0446,0.6306,2.714
61.0448,0.6452,2.7756
61.0450,0.6414,2.7617
61.0452,0.611,2.6347
61.0454,0.5736,2.4769
61.0456,0.4698,2.0304
61.0458,0.4358,1.8846
61.0460,0.4223,1.8235
61.0462,0.4339,1.8746
61.0464,0.4253,1.8347
61.0466,0.53,2.2831
61.0468,0.567,2.445
61.0470,0.5655,2.436
61.0472,0.6164,2.6568
61.0474,0.5249,2.2646
61.0476,0.5125,2.2108
61.0478,0.5089,2.1953
61.0480,0.5042,2.1731
61.0482,0.5055,2.1808
61.0484,0.5085,2.1937
61.0486,0.5109,2.203
61.0488,0.5059,2.1823
61.0490,0.5016,2.1637
61.0492,0.4959,2.1394
61.0494,0.5002,2.158
61.0496,0.514,2.2175
61.0498,0.5077,2.1891
61.0500,0.5315,2.2898
61.0502,0.6652,2.8604
61.0504,0.6733,2.8977
61.0506,0.6692,2.8815
61.0508,0.648,2.7888
61.0510,0.664,2.8513
61.0512,0.8026,3.4497
61.0514,0.7948,3.413
61.0516,0.8209,3.5231
61.0518,0.856,3.6653
61.0520,0.9225,3.954
61.0522,0.9209,3.9505
61.0524,0.9381,4.0151
61.0526,1.1267,4.8156
61.0528,1.1671,4.9813
61.0530,1.2123,5.1767
61.0532,1.2137,5.1847
61.0534,1.1062,4.7435
61.0536,0.9465,4.0624
61.0538,0.8946,3.836
61.0540,0.8665,3.7209
61.0542,0.8613,3.6983
61.0544,0.8977,3.853
61.0546,0.9187,3.9394
61.0548,0.945,4.0501
61.0550,0.9481,4.071
61.0552,0.9397,4.0331
61.0554,0.9241,3.9699
61.0556,0.8743,3.7474
61.0558,0.9756,4.1816
61.0560,0.9947,4.2633
61.0562,1.0055,4.3036
61.0564,1.0722,4.5867
61.0566,1.0945,4.6887
61.0568,1.0657,4.5654
61.0570,1.0157,4.3533
61.0572,1.0009,4.2941
61.0574,0.98,4.2021
61.0576,0.9727,4.1707
61.0578,0.9044,3.8818
61.0580,0.9139,3.9225
61.0582,0.9358,4.0148
61.0584,0.982,4.2148
61.0586,0.9914,4.2489
61.0588,0.9573,4.1126
61.0590,0.8533,3.6677
61.0592,0.8424,3.6242
61.0594,0.7856,3.3781
61.0596,0.795,3.4183
61.0598,0.7914,3.4044
61.0600,0.8795,3.7712
61.0602,0.9491,4.0851
61.0604,0.8045,3.4596
61.0606,0.8259,3.553
61.0608,0.8155,3.5032
61.0610,0.8265,3.5539
61.0612,0.764,3.2929
61.0614,0.7366,3.1657
61.0616,0.8153,3.5076
61.0618,0.7731,3.3291
61.0620,0.7691,3.3085
61.0622,0.7757,3.3368
61.0624,0.7808,3.359
61.0626,0.7567,3.2569
61.0628,0.6794,2.9281
61.0630,0.6904,2.9701
61.0632,0.7614,3.2755
61.0634,0.751,3.2306
61.0636,0.7725,3.3265
61.0638,0.6746,2.9047
61.0640,0.6988,3.0146
61.0642,0.6048,2.6079
61.0644,0.6114,2.6375
61.0646,0.62,2.6747
61.0648,0.6257,2.6953
61.0650,0.6893,2.9682
61.0652,0.6909,2.9763
61.0654,0.6586,2.8439
61.0656,0.5394,2.3261
61.0658,0.5807,2.5039
61.0660,0.5534,2.3883
61.0662,0.5496,2.3722
61.0664,0.5526,2.3841
61.0666,0.5545,2.3934
61.0668,0.5511,2.3784
61.0670,0.5498,2.3716
61.0672,0.5511,2.3773
61.0674,0.554,2.3897
61.0676,0.5498,2.3716
61.0678,0.5496,2.3722
61.0680,0.5502,2.3737
61.0682,0.5573,2.3998
61.0684,0.6272,2.7033
61.0686,0.6502,2.8012
61.0688,0.642,2.7656
61.0690,0.645,2.7772
61.0692,0.6563,2.8262
61.0694,0.6965,2.9978
61.0696,0.6779,2.9205
61.0698,0.6752,2.9059
61.0700,0.6717,2.8923
61.0702,0.6771,2.9169
61.0704,0.6975,3.0005
61.0706,0.7263,3.1243
61.0708,0.7872,3.3848
61.0710,0.7898,3.3993
61.0712,0.7466,3.209
61.0714,0.7718,3.325
61.0716,0.7399,3.1802
61.0718,0.8469,3.6399
61.0720,0.8189,3.5198
61.0722,0.7727,3.3209
61.0724,0.7706,3.3167
61.0726,0.7156,3.0813
61.0728,0.7107,3.0615
61.0730,0.6595,2.841
61.0732,0.7231,3.1138
61.0734,0.7119,3.061
61.0736,0.7056,3.037
61.0738,0.699,3.0086
61.0740,0.6818,2.9384
61.0742,0.6195,2.669
61.0744,0.6528,2.8107
61.0746,0.7222,3.1068
61.0748,0.7671,3.2926
61.0750,0.8322,3.5737
61.0752,0.8462,3.6351
61.0754,0.817,3.5164
61.0756,0.6386,2.7536
61.0758,0.6161,2.6552
61.0760,0.6379,2.7493
61.0762,0.6573,2.8304
61.0764,0.649,2.7947
61.0766,0.6911,2.976
61.0768,0.7143,3.0742
61.0770,0.7297,3.1393
61.0772,0.6668,2.8711
61.0774,0.6882,2.9663
61.0776,0.6525,2.811
61.0778,0.6749,2.9076
61.0780,0.6508,2.8012
61.0782,0.6742,2.9018
61.0784,0.6852,2.9479
61.0786,0.6632,2.857
61.0788,0.6748,2.903
61.0790,0.648,2.794
61.0792,0.5436,2.3453
61.0794,0.5628,2.428
61.0796,0.6117,2.6329
61.0798,0.6641,2.8638
61.0800,0.5364,2.3164
61.0802,0.4938,2.1321
61.0804,0.5074,2.187
61.0806,0.5195,2.2413
61.0808,0.5062,2.1859
61.0810,0.5028,2.1689
61.0812,0.5022,2.1663
61.0814,0.5049,2.1792
61.0816,0.5364,2.3142
61.0818,0.5398,2.3276
61.0820,0.5002,2.156
61.0822,0.5631,2.4268
61.0824,0.6187,2.6641
61.0826,0.6071,2.6177
61.0828,0.5255,2.2682
61.0830,0.4928,2.1269
61.0832,0.5349,2.3032
61.0834,0.6036,2.5979
61.0836,0.6519,2.8058
61.0838,0.7083,3.0427
61.0840,0.78,3.3539
61.0842,0.7428,3.194
61.0844,0.7513,3.2291
61.0846,0.753,3.2394
61.0848,0.72,3.0946
61.0850,0.8002,3.4346
61.0852,0.847,3.637
61.0854,0.8707,3.732
61.0856,0.9964,4.2705
61.0858,1.0024,4.3022
61.0860,0.9303,3.9911
61.0862,0.9,3.8628
61.0864,0.9011,3.871
61.0866,0.8976,3.8525
61.0868,0.8569,3.6746
61.0870,0.8812,3.7802
61.0872,0.8857,3.8015
61.0874,0.8868,3.8061
61.0876,0.9633,4.1325
61.0878,0.9685,4.1527
61.0880,0.9644,4.1372
61.0882,0.9736,4.1748
61.0884,0.9386,4.0285
61.0886,0.8948,3.8442
61.0888,0.833,3.5817
61.0890,0.829,3.5614
61.0892,0.8892,3.8164
61.0894,0.8915,3.8333
61.0896,0.7794,3.3513
61.0898,0.8021,3.4492
61.0900,0.8308,3.5658
61.0902,0.8601,3.7
61.0904,0.8352,3.5849
61.0906,0.9168,3.9348
61.0908,0.867,3.723
61.0910,0.8649,3.7172
61.0912,0.8523,3.6648
61.0914,0.803,3.448
61.0916,0.8572,3.6842
61.0918,0.8019,3.4514
61.0920,0.7114,3.0689
61.0922,0.5625,2.4287
61.0924,0.5812,2.506
61.0926,0.5885,2.5364
61.0928,0.6102,2.6275
61.0930,0.6563,2.8275
61.0932,0.6448,2.7754
61.0934,0.6602,2.8494
61.0936,0.5355,2.3101
61.0938,0.5964,2.5693
61.0940,0.6409,2.7635
61.0942,0.5898,2.5409
61.0944,0.6174,2.6584
61.0946,0.6312,2.7229
61.0948,0.5715,2.463
61.0950,0.5735,2.4741
61.0952,0.5297,2.2884
61.0954,0.4977,2.1471
61.0956,0.5637,2.4305
61.0958,0.5488,2.3653
61.0960,0.5765,2.4847
61.0962,0.6011,2.5906
61.0964,0.6301,2.7119
61.0966,0.6701,2.8843
61.0968,0.6498,2.7991
61.0970,0.6718,2.8942
61.0972,0.6391,2.757
61.0974,0.5089,2.1953
61.0976,0.486,2.0984
61.0978,0.4968,2.144
61.0980,0.5295,2.2853
61.0982,0.5607,2.4131
61.0984,0.68,2.9266
61.0986,0.6801,2.9339
61.0988,0.6121,2.6369
61.0990,0.5725,2.4722
61.0992,0.4661,2.0143
61.0994,0.4506,1.9466
61.0996,0.4454,1.9234
61.0998,0.4424,1.9105
61.1000,0.4441,1.9177
61.1002,0.445,1.9213
61.1004,0.4613,1.9899
61.1006,0.4591,1.9824
61.1008,0.4561,1.9704
61.1010,0.4613,1.9917
61.1012,0.4621,1.9935
61.1014,0.4613,1.9908
61.1016,0.4613,1.9908
61.1018,0.4625,1.9951
61.1020,0.4663,2.0098
61.1022,0.5192,2.2387
61.1024,0.5668,2.4428
61.1026,0.6313,2.7183
61.1028,0.6572,2.8272
61.1030,0.6303,2.718
61.1032,0.5718,2.4622
61.1034,0.627,2.6972
61.1036,0.6053,2.6087
61.1038,0.5789,2.4939
61.1040,0.6316,2.7199
61.1042,0.6904,2.9632
61.1044,0.8216,3.5295
61.1046,0.7813,3.3611
61.1048,0.7759,3.3255
61.1050,0.898,3.8594
61.1052,0.7248,3.1181
61.1054,0.752,3.2352
61.1056,0.7213,3.1003
61.1058,0.759,3.2621
61.1060,0.7677,3.3013
61.1062,0.7033,3.0258
61.1064,0.6084,2.6234
61.1066,0.542,2.3369
61.1068,0.536,2.31
61.1070,0.5375,2.3178
61.1072,0.5442,2.3457
61.1074,0.5428,2.3405
61.1076,0.5362,2.31
61.1078,0.5613,2.4168
61.1080,0.6249,2.6897
61.1082,0.6874,2.9531
61.1084,0.7566,3.2533
61.1086,0.6844,2.9484
61.1088,0.5748,2.4797
61.1090,0.4655,2.0108
61.1092,0.4511,1.9459
61.1094,0.4977,2.1471
61.1096,0.5068,2.1875
61.1098,0.4935,2.1271
61.1100,0.4952,2.1343
61.1102,0.5249,2.2635
61.1104,0.5249,2.2635
61.1106,0.5153,2.2242
61.1108,0.5028,2.1669
61.1110,0.5444,2.3451
61.1112,0.5611,2.4197
61.1114,0.5357,2.3068
61.1116,0.5679,2.4463
61.1118,0.5255,2.265
61.1120,0.4969,2.1445
61.1122,0.4348,1.8782
61.1124,0.4318,1.8652
61.1126,0.4231,1.8246
61.1128,0.4869,2.0977
61.1130,0.5557,2.3975
61.1132,0.5079,2.1911
61.1134,0.5012,2.1581
61.1136,0.5882,2.533
61.1138,0.5362,2.3132
61.1140,0.5199,2.2439
61.1142,0.5013,2.1607
61.1144,0.4927,2.1225
61.1146,0.502,2.1668
61.1148,0.4978,2.1477
61.1150,0.4922,2.1214
61.1152,0.4934,2.1256
61.1154,0.5225,2.249
61.1156,0.5814,2.5035
61.1158,0.5711,2.4591
61.1160,0.5922,2.5488
61.1162,0.6097,2.6242
61.1164,0.6146,2.6453
61.1166,0.6605,2.8403
61.1168,0.6692,2.8761
61.1170,0.7251,3.1105
61.1172,0.7679,3.2972
61.1174,0.7855,3.3776
61.1176,0.7251,3.1134
61.1178,0.8092,3.4732
61.1180,0.8312,3.5674
61.1182,0.7981,3.4237
61.1184,0.8325,3.5747
61.1186,0.8056,3.4529
61.1188,0.9345,3.996
61.1190,1.133,4.8445
61.1192,1.1264,4.8186
61.1194,1.0442,4.4714
61.1196,1.0427,4.4626
61.1198,1.1092,4.7452
61.1200,1.0858,4.6517
61.1202,0.9584,4.1076
61.1204,0.9367,4.0184
61.1206,0.9254,3.9663
61.1208,0.9575,4.104
61.1210,0.9549,4.0927
61.1212,0.9098,3.9031
61.1214,0.9162,3.9286
61.1216,0.9408,4.034
61.1218,0.9123,3.9103
61.1220,0.9556,4.0901
61.1222,1.0446,4.4709
61.1224,1.0825,4.6309
61.1226,1.1331,4.8541
61.1228,1.0397,4.4498
61.1230,1.0417,4.4565
61.1232,1.071,4.5773
61.1234,1.1194,4.7933
61.1236,1.07,4.5882
61.1238,0.9806,4.2105
61.1240,0.8916,3.8321
61.1242,0.8247,3.5396
61.1244,0.8656,3.7151
61.1246,0.8753,3.7585
61.1248,0.8833,3.7895
61.1250,0.8926,3.8344
61.1252,0.8882,3.8123
61.1254,0.8836,3.8029
61.1256,0.7157,3.0832
61.1258,0.6664,2.8709
61.1260,0.6555,2.8226
61.1262,0.7018,3.0205
61.1264,0.6875,2.9605
61.1266,0.6591,2.8407
61.1268,0.6693,2.8887
61.1270,0.5731,2.4702
61.1272,0.6334,2.7289
61.1274,0.6074,2.6204
61.1276,0.583,2.5126
61.1278,0.6273,2.7025
61.1280,0.5938,2.5579
61.1282,0.6114,2.6326
61.1284,0.7241,3.1165
61.1286,0.7445,3.2057
61.1288,0.6656,2.8673
61.1290,0.6025,2.5968
61.1292,0.5986,2.581
61.1294,0.5737,2.4716
61.1296,0.6069,2.6147
61.1298,0.57,2.4579
61.1300,0.5661,2.4397
61.1302,0.6149,2.6501
61.1304,0.5813,2.5042
61.1306,0.578,2.4937
61.1308,0.5615,2.4223
61.1310,0.5614,2.4196
61.1312,0.5675,2.4448
61.1314,0.5827,2.5104
61.1316,0.6438,2.7759
61.1318,0.6002,2.5918
61.1320,0.508,2.1926
61.1322,0.4966,2.1425
61.1324,0.4959,2.1394
61.1326,0.5418,2.3375
61.1328,0.5442,2.3468
61.1330,0.536,2.3111
61.1332,0.5302,2.2863
61.1334,0.527,2.2744
61.1336,0.5504,2.3698
61.1338,0.5868,2.5315
61.1340,0.5382,2.3209
61.1342,0.5294,2.2805
61.1344,0.5373,2.3157
61.1346,0.5349,2.3054
61.1348,0.5908,2.5426
61.1350,0.6881,2.9617
61.1352,0.7192,3.0925
61.1354,0.7141,3.0708
61.1356,0.724,3.1131
61.1358,0.734,3.1564
61.1360,0.7408,3.1823
61.1362,0.7471,3.2111
61.1364,0.749,3.2223
61.1366,0.7583,3.2605
61.1368,0.7397,3.1791
61.1370,0.8228,3.5297
61.1372,0.9161,3.9335
61.1374,0.7938,3.4116
61.1376,0.7753,3.3306
61.1378,0.7717,3.3152
61.1380,0.848,3.6394
61.1382,0.8745,3.7531
61.1384,0.84,3.6155
61.1386,0.7096,3.054
61.1388,0.6917,2.9758
61.1390,0.7089,3.0467
61.1392,0.7816,3.3595
61.1394,0.7634,3.2827
61.1396,0.7165,3.0825
61.1398,0.7515,3.2347
61.1400,0.7451,3.2008
61.1402,0.7398,3.1841
61.1404,0.6451,2.779
61.1406,0.6276,2.7061
61.1408,0.6277,2.6978
61.1410,0.7251,3.1177
61.1412,0.7111,3.0579
61.1414,0.7837,3.3667
61.1416,0.8132,3.4967
61.1418,0.7156,3.0841
61.1420,0.5818,2.5086
61.1422,0.5689,2.4533
61.1424,0.5643,2.432
61.1426,0.5607,2.4153
61.1428,0.6102,2.6275
61.1430,0.6361,2.7415
61.1432,0.5905,2.5428
61.1434,0.6366,2.7449
61.1436,0.6068,2.6142
61.1438,0.6445,2.779
61.1440,0.6031,2.597
61.1442,0.6158,2.6542
61.1444,0.5939,2.5584
61.1446,0.6247,2.6874
61.1448,0.7333,3.1518
61.1450,0.7652,3.2996
61.1452,0.5887,2.5386
61.1454,0.5245,2.2625
61.1456,0.5143,2.2165
61.1458,0.6098,2.6235
61.1460,0.6904,2.9742
61.1462,0.5464,2.3572
61.1464,0.4946,2.1357
61.1466,0.493,2.128
61.1468,0.4905,2.1151
61.1470,0.4916,2.1198
61.1472,0.4952,2.1353
61.1474,0.4903,2.1151
61.1476,0.4864,2.0985
61.1478,0.5423,2.3385
61.1480,0.5055,2.1808
61.1482,0.4873,2.1031
61.1484,0.4834,2.0866
61.1486,0.4788,2.0654
61.1488,0.4799,2.0701
61.1490,0.482,2.0803
61.1492,0.4836,2.0861
61.1494,0.4844,2.0897
61.1496,0.4876,2.1027
61.1498,0.5151,2.2201
61.1500,0.5575,2.4008
61.1502,0.6266,2.6994
61.1504,0.5899,2.5414
61.1506,0.5715,2.4618
61.1508,0.6468,2.781
61.1510,0.7097,3.0489
61.1512,0.7204,3.0976
61.1514,0.7441,3.1967
61.1516,0.8271,3.5499
61.1518,0.8189,3.5165
61.1520,0.8143,3.4932
61.1522,0.9302,3.985
61.1524,1.0012,4.2851
61.1526,0.9651,4.1364
61.1528,0.9119,3.9101
61.1530,0.9155,3.9255
61.1532,0.9298,3.9872
61.1534,0.9476,4.0614
61.1536,0.9537,4.0876
61.1538,0.9527,4.0835
61.1540,0.9645,4.1338
61.1542,0.9464,4.06
61.1544,0.8933,3.8286
61.1546,0.8983,3.8502
61.1548,0.9556,4.0977
61.1550,0.955,4.099
61.1552,0.9135,3.9154
61.1554,0.9393,4.024
61.1556,0.9822,4.2079
61.1558,0.9694,4.153
61.1560,1.0009,4.2921
61.1562,0.9723,4.1731
61.1564,0.852,3.6654
61.1566,0.7583,3.2605
61.1568,0.7774,3.343
61.1570,0.7894,3.3946
61.1572,0.7469,3.2101
61.1574,0.7604,3.2668
61.1576,0.829,3.5631
61.1578,0.8156,3.5086
61.1580,0.7912,3.4055
61.1582,0.7737,3.3255
61.1584,0.7941,3.4147
61.1586,0.7746,3.3291
61.1588,0.786,3.3796
61.1590,0.802,3.4407
61.1592,0.8545,3.6728
61.1594,0.8441,3.6246
61.1596,0.8774,3.7695
61.1598,0.8297,3.5695
61.1600,0.7014,3.019
61.1602,0.7161,3.0805
61.1604,0.7085,3.0494
61.1606,0.6433,2.7725
61.1608,0.6432,2.7707
61.1610,0.6754,2.9083
61.1612,0.6207,2.6791
61.1614,0.5292,2.2832
61.1616,0.54,2.3265
61.1618,0.5641,2.4303
61.1620,0.5908,2.5462
61.1622,0.6017,2.5932
61.1624,0.6121,2.6369
61.1626,0.6719,2.892
61.1628,0.6839,2.9436
61.1630,0.6932,2.9833
61.1632,0.6966,2.9969
61.1634,0.6894,2.9673
61.1636,0.6432,2.772
61.1638,0.5634,2.4306
61.1640,0.5598,2.4151
61.1642,0.588,2.5366
61.1644,0.5757,2.4822
61.1646,0.5623,2.4248
61.1648,0.5458,2.3589
61.1650,0.4364,1.8854
61.1652,0.4578,1.9749
61.1654,0.4662,2.012
61.1656,0.4493,1.94
61.1658,0.453,1.9578
61.1660,0.4585,1.978
61.1662,0.4585,1.978
61.1664,0.4474,1.9317
61.1666,0.4463,1.927
61.1668,0.4518,1.9499
61.1670,0.454,1.9602
61.1672,0.4487,1.9356
61.1674,0.449,1.938
61.1676,0.449,1.9398
61.1678,0.4511,1.9477
61.1680,0.4609,1.9865
61.1682,0.5313,2.2909
61.1684,0.5531,2.385
61.1686,0.551,2.3735
61.1688,0.5471,2.3581
61.1690,0.554,2.3875
61.1692,0.5557,2.3964
61.1694,0.555,2.3922
61.1696,0.5557,2.3964
61.1698,0.5532,2.3855
61.1700,0.5772,2.4878
61.1702,0.5932,2.5518
61.1704,0.6481,2.7867
61.1706,0.6679,2.8731
61.1708,0.6962,2.9935
61.1710,0.7418,3.184
61.1712,0.8091,3.4759
61.1714,0.7416,3.1948
61.1716,0.6286,2.707
61.1718,0.6037,2.602
61.1720,0.5519,2.3787
61.1722,0.5607,2.4142
61.1724,0.5623,2.4248
61.1726,0.5374,2.3173
61.1728,0.5549,2.3928
61.1730,0.5593,2.4097
61.1732,0.5505,2.3725
61.1734,0.534,2.3028
61.1736,0.5177,2.2335
61.1738,0.526,2.264
61.1740,0.5722,2.4615
61.1742,0.6321,2.7207
61.1744,0.6261,2.6986
61.1746,0.5782,2.4908
61.1748,0.6006,2.5861
61.1750,0.6306,2.7127
61.1752,0.6199,2.6718
61.1754,0.5704,2.4549
61.1756,0.6423,2.7594
61.1758,0.6591,2.8394
61.1760,0.6174,2.656
61.1762,0.6876,2.961
61.1764,0.6405,2.7581
61.1766,0.644,2.7705
61.1768,0.6625,2.8473
61.1770,0.6764,2.9152
61.1772,0.6013,2.588
61.1774,0.5944,2.5593
61.1776,0.6168,2.6583
61.1778,0.6171,2.6586
61.1780,0.612,2.6328
61.1782,0.614,2.6452
61.1784,0.5928,2.5538
61.1786,0.5674,2.4454
61.1788,0.5765,2.4801
61.1790,0.6388,2.7508
61.1792,0.6065,2.6127
61.1794,0.6071,2.614
61.1796,0.6282,2.7087
61.1798,0.5207,2.2465
61.1800,0.5104,2.1999
61.1802,0.5056,2.1813
61.1804,0.4923,2.1239
61.1806,0.4878,2.1032
61.1808,0.4905,2.1161
61.1810,0.4932,2.1285
61.1812,0.501,2.1591
61.1814,0.5525,2.3813
61.1816,0.4917,2.1183
61.1818,0.4932,2.1255
61.1820,0.5017,2.1642
61.1822,0.4996,2.1524
61.1824,0.4992,2.1524
61.1826,0.505,2.1767
61.1828,0.5309,2.2883
61.1830,0.6071,2.6116
61.1832,0.6429,2.7645
61.1834,0.7128,3.068
61.1836,0.6435,2.7723
61.1838,0.5884,2.5276
61.1840,0.7179,3.0839
61.1842,0.7309,3.1386
61.1844,0.7864,3.377
61.1846,0.8322,3.5737
61.1848,0.8358,3.5858
61.1850,0.8833,3.7877
61.1852,0.8954,3.8307
61.1854,1.0366,4.4344
61.1856,1.0415,4.4575
61.1858,0.9831,4.2056
61.1860,1.0147,4.3451
61.1862,1.0497,4.4908
61.1864,1.1147,4.7711
61.1866,1.0396,4.4535
61.1868,0.9156,3.9223
61.1870,0.9868,4.2255
61.1872,1.0072,4.3128
61.1874,0.9875,4.2325
61.1876,0.935,4.0112
61.1878,0.9217,3.9541
61.1880,0.9465,4.0643
61.1882,0.8559,3.6768
61.1884,0.7886,3.3847
61.1886,0.8209,3.5215
61.1888,0.818,3.5108
61.1890,0.8151,3.5033
61.1892,0.8164,3.509
61.1894,0.8133,3.4907
61.1896,0.8233,3.5383
61.1898,0.7601,3.2652
61.1900,0.7908,3.3939
61.1902,0.8013,3.4392
61.1904,0.8637,3.7086
61.1906,0.8842,3.7966
61.1908,0.8699,3.7318
61.1910,0.8439,3.6253
61.1912,0.8147,3.505
61.1914,0.7615,3.2714
61.1916,0.7484,3.2198
61.1918,0.7015,3.0181
61.1920,0.6733,2.9004
61.1922,0.6471,2.7852
61.1924,0.693,2.9856
61.1926,0.6673,2.8719
61.1928,0.7104,3.052
61.1930,0.744,3.2036
61.1932,0.6163,2.6538
61.1934,0.6941,2.9861
61.1936,0.6369,2.7451
61.1938,0.5694,2.453
61.1940,0.5881,2.5348
61.1942,0.6255,2.691
61.1944,0.7135,3.0682
61.1946,0.7249,3.1201
61.1948,0.6724,2.8954
61.1950,0.6816,2.9338
61.1952,0.6723,2.8936
61.1954,0.6561,2.8265
61.1956,0.652,2.8102
61.1958,0.6276,2.7011
61.1960,0.6519,2.8058
61.1962,0.6872,2.9575
61.1964,0.6887,2.9643
61.1966,0.7037,3.0259
61.1968,0.7602,3.2703
61.1970,0.7099,3.0584
61.1972,0.6989,3.0053
61.1974,0.7302,3.1399
61.1976,0.7257,3.1188
61.1978,0.8474,3.6368
61.1980,0.8622,3.7075
61.1982,0.708,3.0502
61.1984,0.6038,2.6037
61.1986,0.5542,2.3897
61.1988,0.5619,2.4239
61.1990,0.5647,2.4352
61.1992,0.5767,2.4857
61.1994,0.5813,2.5042
61.1996,0.5923,2.5517
61.1998,0.6296,2.7086
61.2000,0.6121,2.6394
61.2002,0.5489,2.3658
61.2004,0.5378,2.3188
61.2006,0.5328,2.2987
61.2008,0.5328,2.2998
61.2010,0.5332,2.2949
61.2012,0.6121,2.6345
61.2014,0.6608,2.8453
61.2016,0.6303,2.7117
61.2018,0.6637,2.8591
61.2020,0.6369,2.7439
61.2022,0.645,2.7772
61.2024,0.6488,2.7911
61.2026,0.6496,2.7973
61.2028,0.6598,2.8399
61.2030,0.7245,3.1093
61.2032,0.8191,3.5105
61.2034,0.9185,3.9457
61.2036,0.82,3.5277
61.2038,0.727,3.1289
61.2040,0.6375,2.7464
61.2042,0.6291,2.7065
61.2044,0.6854,2.9471
61.2046,0.7412,3.1844
61.2048,0.7844,3.3667
61.2050,0.8056,3.4594
61.2052,0.7459,3.2119
61.2054,0.6639,2.8627
61.2056,0.6221,2.6798
61.2058,0.6125,2.636
61.2060,0.6131,2.6423
61.2062,0.6163,2.6538
61.2064,0.6105,2.629
61.2066,0.6114,2.6314
61.2068,0.6151,2.6474
61.2070,0.6729,2.8975
61.2072,0.7014,3.019
61.2074,0.6995,3.0149
61.2076,0.6478,2.787
61.2078,0.7312,3.1411
61.2080,0.7605,3.2688
61.2082,0.7489,3.2203
61.2084,0.6775,2.9212
61.2086,0.5605,2.4193
61.2088,0.5446,2.3483
61.2090,0.543,2.3405
61.2092,0.5452,2.3509
61.2094,0.5412,2.3338
61.2096,0.5427,2.3389
61.2098,0.5442,2.3457
61.2100,0.5568,2.3988
61.2102,0.5487,2.3659
61.2104,0.5368,2.3158
61.2106,0.5265,2.2713
61.2108,0.5366,2.3126
61.2110,0.5224,2.2485
61.2112,0.6304,2.7109
61.2114,0.7073,3.0442
61.2116,0.6482,2.7937
61.2118,0.6067,2.6113
61.2120,0.6554,2.8182
61.2122,0.7001,3.0147
61.2124,0.7334,3.1509
61.2126,0.7711,3.3142
61.2128,0.7183,3.0903
61.2130,0.7357,3.1651
61.2132,0.6661,2.8667
61.2134,0.6502,2.8038
61.2136,0.5577,2.4058
61.2138,0.5204,2.2439
61.2140,0.5129,2.2128
61.2142,0.4836,2.0861
61.2144,0.4927,2.1215
61.2146,0.5983,2.5787
61.2148,0.5511,2.3751
61.2150,0.5501,2.3721
61.2152,0.5303,2.2868
61.2154,0.5544,2.3907
61.2156,0.594,2.5578
61.2158,0.6111,2.6304
61.2160,0.6092,2.6233
61.2162,0.6188,2.6646
61.2164,0.592,2.5513
61.2166,0.5881,2.5325
61.2168,0.6139,2.6435
61.2170,0.5839,2.5144
61.2172,0.631,2.7148
61.2174,0.7283,3.1273
61.2176,0.7976,3.4233
61.2178,0.7904,3.394
61.2180,0.8301,3.5627
61.2182,0.8465,3.6349
61.2184,0.8007,3.4318
61.2186,0.9195,3.9466
61.2188,0.8733,3.7515
61.2190,0.8324,3.5708
61.2192,0.8644,3.7065
61.2194,0.8864,3.8011
61.2196,0.9013,3.8648
61.2198,0.9611,4.1214
61.2200,0.9568,4.1009
61.2202,0.9743,4.174
61.2204,0.9984,4.2773
61.2206,1.0032,4.3018
61.2208,0.9691,4.1553
61.2210,0.9189,3.9386
61.2212,0.9283,3.9805
61.2214,0.8934,3.838
61.2216,0.8761,3.7568
61.2218,0.9033,3.8754
61.2220,0.8975,3.8519
61.2222,0.8916,3.8249
61.2224,0.8878,3.8067
61.2226,0.9059,3.8825
61.2228,0.9531,4.0907
61.2230,0.9286,3.9839
61.2232,0.9483,4.0701
61.2234,0.9539,4.0905
61.2236,0.977,4.1892
61.2238,0.9571,4.102
61.2240,0.9651,4.1403
61.2242,0.9692,4.1597
61.2244,0.9078,3.898
61.2246,0.8705,3.7362
61.2248,0.8507,3.6563
61.2250,0.8941,3.8375
61.2252,0.8908,3.8267
61.2254,0.8544,3.6689
61.2256,0.8412,3.6123
61.2258,0.8006,3.4425
61.2260,0.752,3.2382
61.2262,0.7013,3.0212
61.2264,0.689,2.9653
61.2266,0.6645,2.8667
61.2268,0.5653,2.4389
61.2270,0.592,2.5525
61.2272,0.6203,2.6696
61.2274,0.6625,2.8539
61.2276,0.5912,2.5482
61.2278,0.59,2.5431
61.2280,0.6361,2.7415
61.2282,0.6345,2.7348
61.2284,0.5843,2.5206
61.2286,0.5941,2.5606
61.2288,0.648,2.7901
61.2290,0.6822,2.935
61.2292,0.645,2.7823
61.2294,0.524,2.2604
61.2296,0.5181,2.2372
61.2298,0.4831,2.0889
61.2300,0.4369,1.8884
61.2302,0.4159,1.7969
61.2304,0.4424,1.9113
61.2306,0.4621,1.9954
61.2308,0.4602,1.9852
61.2310,0.4677,2.016
61.2312,0.5822,2.5141
61.2314,0.4791,2.0708
61.2316,0.4453,1.9238
61.2318,0.4454,1.9234
61.2320,0.4466,1.9295
61.2322,0.4463,1.927
61.2324,0.4457,1.9244
61.2326,0.4496,1.9388
61.2328,0.4653,2.0084
61.2330,0.4629,2.0008
61.2332,0.4669,2.0151
61.2334,0.4785,2.0644
61.2336,0.4512,1.9492
61.2338,0.4709,2.0313
61.2340,0.4735,2.0427
61.2342,0.4569,1.9713
61.2344,0.4551,1.9626
61.2346,0.485,2.0913
61.2348,0.5669,2.4445
61.2350,0.6408,2.7565
61.2352,0.6686,2.8776
61.2354,0.6438,2.7682
61.2356,0.6687,2.8767
61.2358,0.6758,2.9085
61.2360,0.6724,2.8914
61.2362,0.6773,2.9098
61.2364,0.7195,3.094
61.2366,0.7434,3.1966
61.2368,0.7946,3.4136
61.2370,0.7695,3.3075
61.2372,0.7141,3.0694
61.2374,0.7869,3.3806
61.2376,0.8406,3.608
61.2378,0.8417,3.611
61.2380,0.8609,3.7002
61.2382,0.7284,3.1351
61.2384,0.6723,2.8962
61.2386,0.6466,2.7831
61.2388,0.6254,2.6905
61.2390,0.6368,2.7421
61.2392,0.6458,2.7769
61.2394,0.6986,3.0066
61.2396,0.6857,2.95
61.2398,0.6593,2.8418
61.2400,0.5716,2.4646
61.2402,0.5439,2.3452
61.2404,0.5391,2.3245
61.2406,0.5255,2.2671
61.2408,0.5397,2.3228
61.2410,0.652,2.8063
61.2412,0.656,2.8221
61.2414,0.6559,2.8242
61.2416,0.6221,2.6811
61.2418,0.6084,2.6234
61.2420,0.5734,2.4701
61.2422,0.5429,2.34
61.2424,0.5096,2.1984
61.2426,0.5075,2.1896
61.2428,0.5129,2.2098
61.2430,0.542,2.3337
61.2432,0.5542,2.3886
61.2434,0.5791,2.4949
61.2436,0.6074,2.6168
61.2438,0.5866,2.5257
61.2440,0.5994,2.5822
61.2442,0.5459,2.3518
61.2444,0.5211,2.2459
61.2446,0.4772,2.0606
61.2448,0.4133,1.7846
61.2450,0.4741,2.0443
61.2452,0.5448,2.3439
61.2454,0.6458,2.7821
61.2456,0.6093,2.6238
61.2458,0.6158,2.6517
61.2460,0.5748,2.4786
61.2462,0.4982,2.1492
61.2464,0.489,2.1104
61.2466,0.4862,2.0985
61.2468,0.4908,2.1162
61.2470,0.5349,2.3032
61.2472,0.5569,2.4027
61.2474,0.4945,2.1342
61.2476,0.4888,2.1069
61.2478,0.5173,2.2294
61.2480,0.5458,2.348
61.2482,0.6053,2.6063
61.2484,0.6037,2.5996
61.2486,0.6445,2.77
61.2488,0.7138,3.0693
61.2490,0.6905,2.9748
61.2492,0.5435,2.3436
61.2494,0.4878,2.1042
61.2496,0.496,2.1389
61.2498,0.5312,2.2862
61.2500,0.5916,2.5474
61.2502,0.6122,2.6387
61.2504,0.5707,2.4587
61.2506,0.5838,2.5104
61.2508,0.6983,3.0013
61.2510,0.7171,3.0823
61.2512,0.7707,3.3111
61.2514,0.7902,3.3914
61.2516,0.7764,3.3353
61.2518,0.7831,3.3641
61.2520,0.8361,3.5868
61.2522,0.8896,3.8144
61.2524,0.8512,3.6516
61.2526,0.8388,3.5986
61.2528,0.8399,3.5982
61.2530,0.8899,3.8177
61.2532,0.8356,3.5831
61.2534,0.9031,3.8779
61.2536,0.8747,3.7542
61.2538,0.8313,3.5679
61.2540,0.7755,3.3301
61.2542,0.8194,3.5186
61.2544,0.8495,3.6444
61.2546,0.8887,3.8108
61.2548,0.8454,3.632
61.2550,0.8492,3.648
61.2552,0.8628,3.7015
61.2554,0.8706,3.7349
61.2556,0.8675,3.7198
61.2558,0.921,3.951
61.2560,0.8886,3.8103
61.2562,0.9386,4.0266
61.2564,0.9611,4.1194
61.2566,0.9942,4.2593
61.2568,1.041,4.4575
61.2570,1.0626,4.55
61.2572,1.0216,4.3785
61.2574,0.9399,4.0341
61.2576,0.9288,3.9881
61.2578,0.9168,3.933
61.2580,0.875,3.7592
61.2582,0.8458,3.6335
61.2584,0.8742,3.7556
61.2586,0.8367,3.5977
61.2588,0.7929,3.4064
61.2590,0.7782,3.343
61.2592,0.7833,3.3667
61.2594,0.7986,3.4306
61.2596,0.8181,3.5162
61.2598,0.803,3.4528
61.2600,0.8312,3.5757
61.2602,0.7845,3.3734
61.2604,0.7472,3.2116
61.2606,0.7277,3.1363
61.2608,0.6054,2.6116
61.2610,0.6024,2.5939
61.2612,0.65,2.8002
61.2614,0.6528,2.8094
61.2616,0.7169,3.087
61.2618,0.6772,2.9147
61.2620,0.6486,2.7953
61.2622,0.5735,2.4729
61.2624,0.567,2.4439
61.2626,0.6367,2.7441
61.2628,0.6628,2.8554
61.2630,0.6676,2.8734
61.2632,0.6704,2.8866
61.2634,0.6794,2.9226
61.2636,0.7267,3.1264
61.2638,0.6693,2.8847
61.2640,0.603,2.6001
61.2642,0.5974,2.5734
61.2644,0.6867,2.9555
61.2646,0.7125,3.065
61.2648,0.6957,2.9956
61.2650,0.6539,2.8172
61.2652,0.6343,2.7338
61.2654,0.5674,2.4477
61.2656,0.5535,2.3866
61.2658,0.6074,2.6204
61.2660,0.5767,2.4869
61.2662,0.5791,2.4995
61.2664,0.4954,2.1393
61.2666,0.4776,2.0622
61.2668,0.4874,2.1027
61.2670,0.4838,2.0852
61.2672,0.5324,2.2934
61.2674,0.5336,2.3018
61.2676,0.5369,2.3141
61.2678,0.6408,2.7565
61.2680,0.7439,3.1957
61.2682,0.7747,3.3343
61.2684,0.6545,2.8185
61.2686,0.6393,2.7529
61.2688,0.6408,2.7565
61.2690,0.6896,2.9679
61.2692,0.6669,2.873
61.2694,0.6575,2.8274
61.2696,0.7589,3.2586
61.2698,0.8206,3.5237
61.2700,0.8298,3.5683
61.2702,0.7767,3.3384
61.2704,0.708,3.0516
61.2706,0.6294,2.7126
61.2708,0.6207,2.6766
61.2710,0.652,2.8024
61.2712,0.7469,3.2101
61.2714,0.776,3.3384
61.2716,0.7501,3.23
61.2718,0.6604,2.8425
61.2720,0.624,2.6856
61.2722,0.6146,2.6478
61.2724,0.6083,2.6228
61.2726,0.6001,2.5865
61.2728,0.6054,2.6068
61.2730,0.6085,2.6214
61.2732,0.6024,2.5975
61.2734,0.5923,2.5493
61.2736,0.6629,2.8546
61.2738,0.6658,2.8683
61.2740,0.5946,2.5651
61.2742,0.5456,2.3514
61.2744,0.6151,2.6462
61.2746,0.7242,3.1127
61.2748,0.7745,3.3301
61.2750,0.7843,3.3677
61.2752,0.8078,3.4702
61.2754,0.7039,3.034
61.2756,0.5978,2.5767
61.2758,0.6426,2.7604
61.2760,0.7348,3.1639
61.2762,0.711,3.0588
61.2764,0.7379,3.1699
61.2766,0.8042,3.4516
61.2768,0.8332,3.5761
61.2770,0.8031,3.4502
61.2772,0.7393,3.1835
61.2774,0.6468,2.7888
61.2776,0.6212,2.675
61.2778,0.6493,2.7958
61.2780,0.5935,2.5581
61.2782,0.5737,2.4716
61.2784,0.6047,2.6013
61.2786,0.6776,2.9136
61.2788,0.7069,3.037
61.2790,0.8268,3.5538
61.2792,0.7872,3.3864
61.2794,0.7213,3.1046
61.2796,0.7349,3.16
61.2798,0.784,3.3714
61.2800,0.6818,2.9343
61.2802,0.6164,2.6543
61.2804,0.6731,2.9012
61.2806,0.6153,2.6521
61.2808,0.5926,2.5539
61.2810,0.5896,2.5398
61.2812,0.5486,2.3676
61.2814,0.4863,2.098
61.2816,0.4822,2.0814
61.2818,0.4818,2.0793
61.2820,0.4882,2.1082
61.2822,0.4822,2.0804
61.2824,0.4787,2.0659
61.2826,0.4837,2.0886
61.2828,0.484,2.0882
61.2830,0.4995,2.1539
61.2832,0.5398,2.3265
61.2834,0.5916,2.5462
61.2836,0.6861,2.9488
61.2838,0.7602,3.2642
61.2840,0.7617,3.2724
61.2842,0.7836,3.3693
61.2844,0.8173,3.5077
61.2846,0.8589,3.6862
61.2848,0.8285,3.556
61.2850,0.8665,3.7192
61.2852,0.8864,3.8028
61.2854,0.8879,3.8108
61.2856,0.8542,3.6696
61.2858,0.8398,3.6078
61.2860,0.8374,3.5975
61.2862,0.827,3.5493
61.2864,0.833,3.5767
61.2866,0.8348,3.5878
61.2868,0.8367,3.5927
61.2870,0.8301,3.5644
61.2872,0.8073,3.4714
61.2874,0.8285,3.5577
61.2876,0.9115,3.9103
61.2878,0.9309,3.9899
61.2880,0.9493,4.0724
61.2882,0.948,4.0667
61.2884,0.9219,3.9588
61.2886,0.8535,3.6699
61.2888,0.827,3.556
61.2890,0.7757,3.3322
61.2892,0.8276,3.5519
61.2894,0.8643,3.7146
61.2896,0.8526,3.6578
61.2898,0.8885,3.8134
61.2900,0.8745,3.7566
61.2902,0.8117,3.4937
61.2904,0.8137,3.4939
61.2906,0.8481,3.6416
61.2908,0.7858,3.3823
61.2910,0.7022,3.0206
61.2912,0.715,3.0787
61.2914,0.7025,3.0236
61.2916,0.6638,2.8556
61.2918,0.6878,2.9615
61.2920,0.6598,2.8452
61.2922,0.6001,2.5853
61.2924,0.6217,2.6758
61.2926,0.6454,2.7805
61.2928,0.6036,2.6003
61.2930,0.646,2.7831
61.2932,0.6863,2.9608
61.2934,0.5628,2.4291
61.2936,0.4878,2.1042
61.2938,0.5284,2.2806
61.2940,0.5259,2.2687
61.2942,0.5104,2.205
61.2944,0.4306,1.8583
61.2946,0.4832,2.0817
61.2948,0.5727,2.4659
61.2950,0.623,2.6852
61.2952,0.5849,2.5209
61.2954,0.6416,2.7614
61.2956,0.659,2.8376
61.2958,0.6007,2.5915
61.2960,0.5276,2.2738
61.2962,0.597,2.5707
61.2964,0.6451,2.7751
61.2966,0.6697,2.8849
61.2968,0.6381,2.749
61.2970,0.6478,2.7896
61.2972,0.6869,2.9551
61.2974,0.6872,2.9575
61.2976,0.6849,2.9477
61.2978,0.6693,2.8806
61.2980,0.6522,2.8095
61.2982,0.6175,2.6577
61.2984,0.6492,2.7966
61.2986,0.6411,2.7619
61.2988,0.6638,2.8543
61.2990,0.6635,2.8625
61.2992,0.5233,2.2584
61.2994,0.5393,2.3256
61.2996,0.5267,2.2702
61.2998,0.5029,2.1704
61.3000,0.5204,2.2449
61.3002,0.5038,2.1766
61.3004,0.4194,1.8127
61.3006,0.4074,1.7609
61.3008,0.4102,1.7687
61.3010,0.5626,2.4202
61.3012,0.6204,2.6738
61.3014,0.5499,2.3689
61.3016,0.553,2.3834
61.3018,0.5573,2.4042
61.3020,0.5523,2.3814
61.3022,0.5561,2.3979
61.3024,0.5548,2.3911
61.3026,0.5607,2.4165
61.3028,0.5974,2.571
61.3030,0.662,2.8465
61.3032,0.6721,2.8871
61.3034,0.7918,3.3954
61.3036,0.8324,3.5825
61.3038,0.6363,2.7413
61.3040,0.6483,2.7916
61.3042,0.6477,2.7865
61.3044,0.6926,2.9794
61.3046,0.6632,2.8583
61.3048,0.5703,2.4567
61.3050,0.5719,2.4639
61.3052,0.5669,2.4411
61.3054,0.6198,2.6688
61.3056,0.6259,2.6951
61.3058,0.6498,2.7965
61.3060,0.6291,2.7078
61.3062,0.6475,2.7854
61.3064,0.6304,2.7172
61.3066,0.5414,2.3343
61.3068,0.539,2.3229
61.3070,0.5366,2.3147
61.3072,0.5044,2.1761
61.3074,0.5295,2.28
61.3076,0.5887,2.535
61.3078,0.5597,2.4112
61.3080,0.5757,2.4788
61.3082,0.602,2.5935
61.3084,0.5886,2.5369
61.3086,0.5668,2.4417
61.3088,0.5545,2.3923
61.3090,0.4852,2.0934
61.3092,0.4719,2.0359
61.3094,0.4685,2.0191
61.3096,0.533,2.296
61.3098,0.5454,2.3508
61.3100,0.4914,2.1207
61.3102,0.4728,2.0414
61.3104,0.4631,1.9977
61.3106,0.4679,2.0183
61.3108,0.4722,2.0379
61.3110,0.4713,2.0324
61.3112,0.4861,2.096
61.3114,0.4575,1.9739
61.3116,0.5128,2.2092
61.3118,0.5873,2.5288
61.3120,0.5825,2.5094
61.3122,0.593,2.5536
61.3124,0.5935,2.5545
61.3126,0.6036,2.5991
61.3128,0.6054,2.6044
61.3130,0.65,2.795
61.3132,0.588,2.5331
61.3134,0.5851,2.5184
61.3136,0.679,2.9184
61.3138,0.709,3.0515
61.3140,0.6239,2.6851
61.3142,0.6161,2.654
61.3144,0.5988,2.5772
61.3146,0.596,2.5641
61.3148,0.6199,2.6656
61.3150,0.6593,2.8365
61.3152,0.6246,2.6894
61.3154,0.6056,2.6066
61.3156,0.6228,2.6804
61.3158,0.6267,2.6962
61.3160,0.6342,2.7282
61.3162,0.6342,2.7294
61.3164,0.6187,2.6629
61.3166,0.6257,2.6941
61.3168,0.6138,2.6417
61.3170,0.6104,2.6297
61.3172,0.5884,2.5323
61.3174,0.6536,2.8078
61.3176,0.7569,3.2503
61.3178,0.8,3.4336
61.3180,0.8042,3.4467
61.3182,0.8614,3.6936
61.3184,0.8574,3.6766
61.3186,0.8388,3.5969
61.3188,0.9314,3.9883
61.3190,1.0113,4.3322
61.3192,0.9956,4.261
61.3194,0.988,4.2286
61.3196,0.9827,4.208
61.3198,0.9687,4.1499
61.3200,0.9694,4.153
61.3202,0.9386,4.0247
61.3204,0.974,4.1744
61.3206,0.9851,4.2242
61.3208,0.9682,4.1459
61.3210,0.994,4.2603
61.3212,0.9794,4.1976
61.3214,0.9701,4.1599
61.3216,0.9487,4.0698
61.3218,0.928,3.9776
61.3220,0.9526,4.0849
61.3222,0.9502,4.0727
61.3224,0.9959,4.2645
61.3226,1.0503,4.4955
61.3228,1.0756,4.6059
61.3230,1.0351,4.4448
61.3232,0.8867,3.8074
61.3234,0.9051,3.8795
61.3236,0.9599,4.1162
61.3238,0.8801,3.7844
61.3240,0.7765,3.3373
61.3242,0.7916,3.4007
61.3244,0.8645,3.707
61.3246,0.9519,4.0932
61.3248,0.8113,3.4868
61.3250,0.8487,3.6493
61.3252,0.876,3.7633
61.3254,0.8284,3.5588
61.3256,0.828,3.5556
61.3258,0.8531,3.6701
61.3260,0.7796,3.3539
61.3262,0.7717,3.3198
61.3264,0.7444,3.2037
61.3266,0.7468,3.22
61.3268,0.629,2.711
61.3270,0.6231,2.6857
61.3272,0.584,2.5172
61.3274,0.5827,2.5116
61.3276,0.6071,2.6152
61.3278,0.687,2.9543
61.3280,0.7235,3.1197
61.3282,0.6393,2.7555
61.3284,0.617,2.6606
61.3286,0.5665,2.4407
61.3288,0.6199,2.6693
61.3290,0.6507,2.802
61.3292,0.6264,2.6984
61.3294,0.5752,2.479
61.3296,0.5825,2.5094
61.3298,0.6302,2.7162
61.3300,0.6121,2.6406
61.3302,0.5693,2.4525
61.3304,0.6071,2.6152
61.3306,0.6295,2.7131
61.3308,0.5856,2.524
61.3310,0.6078,2.6159
61.3312,0.7295,3.1412
61.3314,0.651,2.8082
61.3316,0.4887,2.1093
61.3318,0.4795,2.0695
61.3320,0.4759,2.053
61.3322,0.5203,2.2444
61.3324,0.5239,2.2578
61.3326,0.5579,2.4068
61.3328,0.5315,2.2941
61.3330,0.5273,2.2749
61.3332,0.5248,2.263
61.3334,0.5236,2.2589
61.3336,0.5181,2.2351
61.3338,0.5251,2.264
61.3340,0.518,2.2325
61.3342,0.5731,2.4679
61.3344,0.6643,2.8563
61.3346,0.7301,3.1438
61.3348,0.6856,2.9495
61.3350,0.6989,3.0067
61.3352,0.698,3.0012
61.3354,0.7314,3.1421
61.3356,0.7637,3.2807
61.3358,0.7703,3.3121
61.3360,0.7954,3.4188
61.3362,0.7917,3.406
61.3364,0.7844,3.3714
61.3366,0.8109,3.482
61.3368,0.8402,3.6093
61.3370,0.8023,3.4498
61.3372,0.7254,3.1193
61.3374,0.7036,3.0254
61.3376,0.732,3.1462
61.3378,0.7978,3.4291
61.3380,0.8477,3.6401
61.3382,0.8155,3.5016
61.3384,0.7959,3.4208
61.3386,0.7761,3.3374
61.3388,0.7589,3.2692
61.3390,0.6465,2.7826
61.3392,0.6261,2.6961
61.3394,0.6267,2.7012
61.3396,0.6286,2.707
61.3398,0.636,2.7397
61.3400,0.636,2.7397
61.3402,0.6278,2.7046
61.3404,0.6968,2.9988
61.3406,0.6336,2.7319
61.3408,0.58,2.5031
61.3410,0.6304,2.7084
61.3412,0.8107,3.481
61.3414,0.8212,3.5345
61.3416,0.7006,3.0153
61.3418,0.6795,2.9272
61.3420,0.6284,2.7072
61.3422,0.5611,2.4197
61.3424,0.55,2.3727
61.3426,0.5434,2.3431
61.3428,0.5434,2.3431
61.3430,0.5328,2.2966
61.3432,0.6095,2.6268
61.3434,0.6105,2.6302
61.3436,0.5857,2.5221
61.3438,0.6087,2.62
61.3440,0.6071,2.6177
61.3442,0.6019,2.5906
61.3444,0.7081,3.0464
61.3446,0.7378,3.1724
61.3448,0.723,3.1104
61.3450,0.7187,3.0918
61.3452,0.737,3.1663
61.3454,0.7782,3.3477
61.3456,0.7607,3.2693
61.3458,0.7867,3.3827
61.3460,0.7114,3.0618
61.3462,0.6908,2.9772
61.3464,0.6312,2.7241
61.3466,0.5161,2.2253
61.3468,0.5673,2.4426
61.3470,0.532,2.294
61.3472,0.4992,2.1543
61.3474,0.4953,2.1368
61.3476,0.5077,2.188
61.3478,0.627,2.701
61.3480,0.5769,2.4885
61.3482,0.4935,2.129
61.3484,0.4812,2.0767
61.3486,0.4794,2.068
61.3488,0.4857,2.0944
61.3490,0.4833,2.0841
61.3492,0.4803,2.0731
61.3494,0.483,2.0855
61.3496,0.4848,2.0903
61.3498,0.5105,2.2004
61.3500,0.5488,2.3653
61.3502,0.597,2.5707
61.3504,0.59,2.5384
61.3506,0.6399,2.7529
61.3508,0.6809,2.9266
61.3510,0.7858,3.3744
61.3512,0.7719,3.3209
61.3514,0.7251,3.1163
61.3516,0.7869,3.3806
61.3518,0.8199,3.5157
61.3520,0.9096,3.8948
61.3522,0.9167,3.9343
61.3524,0.8448,3.6243
61.3526,0.885,3.7967
61.3528,0.9128,3.9123
61.3530,0.9526,4.0849
61.3532,0.9577,4.0988
61.3534,0.9778,4.1889
61.3536,0.9705,4.1576
61.3538,0.9798,4.1957
61.3540,0.9897,4.2437
61.3542,0.9611,4.1214
61.3544,0.9321,3.9969
61.3546,0.9211,3.9515
61.3548,0.917,3.9267
61.3550,0.9363,4.0149
61.3552,0.9446,4.0466
61.3554,0.9911,4.2459
61.3556,0.9879,4.236
61.3558,0.946,4.0585
61.3560,0.9285,3.9852
61.3562,0.9086,3.8962
61.3564,0.8776,3.7683
61.3566,0.8215,3.529
61.3568,0.838,3.5933
61.3570,0.8839,3.8009
61.3572,0.7441,3.2012
61.3574,0.7545,3.2415
61.3576,0.8066,3.4699
61.3578,0.7194,3.0964
61.3580,0.6892,2.9649
61.3582,0.715,3.0744
61.3584,0.7179,3.0853
61.3586,0.761,3.2739
61.3588,0.7388,3.177
61.3590,0.7836,3.3725
61.3592,0.7476,3.2147
61.3594,0.7402,3.1842
61.3596,0.6843,2.9438
61.3598,0.7283,3.1346
61.3600,0.703,3.0257
61.3602,0.6803,2.9281
61.3604,0.7186,3.0899
61.3606,0.7204,3.1019
61.3608,0.7204,3.0976
61.3610,0.7674,3.2997
61.3612,0.7155,3.0793
61.3614,0.6667,2.8706
61.3616,0.5843,2.5206
61.3618,0.556,2.4008
61.3620,0.5153,2.2242
61.3622,0.5679,2.4463
61.3624,0.6245,2.6901
61.3626,0.5989,2.5861
61.3628,0.5113,2.2056
61.3630,0.5304,2.2852
61.3632,0.5122,2.2118
61.3634,0.4986,2.1518
61.3636,0.4932,2.1275
61.3638,0.4873,2.1041
61.3640,0.4951,2.1368
61.3642,0.4966,2.1405
61.3644,0.6113,2.6297
61.3646,0.6912,2.982
61.3648,0.5387,2.3251
61.3650,0.4486,1.936
61.3652,0.4282,1.848
61.3654,0.4698,2.0294
61.3656,0.476,2.0545
61.3658,0.5285,2.278
61.3660,0.5686,2.4494
61.3662,0.5706,2.4594
61.3664,0.5801,2.5002
61.3666,0.5834,2.5123
61.3668,0.5826,2.5122
61.3670,0.5487,2.367
61.3672,0.5081,2.1921
61.3674,0.5287,2.2806
61.3676,0.5554,2.3959
61.3678,0.5545,2.3901
61.3680,0.5526,2.3807
61.3682,0.5507,2.3725
61.3684,0.5544,2.3852
61.3686,0.5891,2.5389
61.3688,0.5635,2.43
61.3690,0.5573,2.402
61.3692,0.5716,2.4635
61.3694,0.5691,2.4515
61.3696,0.6331,2.7235
61.3698,0.7023,3.0184
61.3700,0.7372,3.1654
61.3702,0.7801,3.3544
61.3704,0.6266,2.7007
61.3706,0.5513,2.3751
61.3708,0.5966,2.5715
61.3710,0.6039,2.5994
61.3712,0.6251,2.694
61.3714,0.6071,2.614
61.3716,0.597,2.5707
61.3718,0.6252,2.6945
61.3720,0.5447,2.351
61.3722,0.5061,2.1813
61.3724,0.5043,2.1736
61.3726,0.5085,2.1927
61.3728,0.5168,2.2284
61.3730,0.5074,2.189
61.3732,0.5041,2.1735
61.3734,0.5043,2.1756
61.3736,0.5119,2.2061
61.3738,0.501,2.1601
61.3740,0.5213,2.249
61.3742,0.5466,2.356
61.3744,0.6033,2.5956
61.3746,0.6548,2.8156
61.3748,0.6797,2.9242
61.3750,0.6559,2.8255
61.3752,0.614,2.644
61.3754,0.6272,2.697
61.3756,0.6686,2.8802
61.3758,0.6066,2.6132
61.3760,0.5954,2.5639
61.3762,0.5825,2.5082
61.3764,0.6023,2.5922
61.3766,0.651,2.8056
61.3768,0.5385,2.3209
61.3770,0.5089,2.1912
61.3772,0.6095,2.6219
61.3774,0.7108,3.0578
61.3776,0.6646,2.8579
61.3778,0.6634,2.854
61.3780,0.6571,2.8254
61.3782,0.7363,3.1618
61.3784,0.7454,3.2039
61.3786,0.7036,3.0254
61.3788,0.6898,2.9689
61.3790,0.6569,2.8262
61.3792,0.6614,2.8466
61.3794,0.6544,2.8193
61.3796,0.5361,2.3127
61.3798,0.5054,2.1782
61.3800,0.5019,2.1642
61.3802,0.4898,2.112
61.3804,0.4887,2.1084
61.3806,0.4923,2.1219
61.3808,0.4987,2.1493
61.3810,0.5566,2.3944
61.3812,0.6121,2.6382
61.3814,0.5062,2.1829
61.3816,0.4945,2.1322
61.3818,0.5448,2.3493
61.3820,0.4963,2.1399
61.3822,0.4816,2.0769
61.3824,0.4812,2.0758
61.3826,0.4819,2.0779
61.3828,0.491,2.1172
61.3830,0.4875,2.0993
61.3832,0.5063,2.1824
61.3834,0.5448,2.3461
61.3836,0.6083,2.6155
61.3838,0.6006,2.5837
61.3840,0.6152,2.6467
61.3842,0.7185,3.0865
61.3844,0.8177,3.5114
61.3846,0.8192,3.5143
61.3848,0.8682,3.7194
61.3850,0.8791,3.7715
61.3852,0.8628,3.7015
61.3854,0.8939,3.8276
61.3856,0.9459,4.0504
61.3858,0.9676,4.1433
61.3860,0.9957,4.2595
61.3862,1.0385,4.4468
61.3864,1.0334,4.419
61.3866,1.1507,4.9135
61.3868,1.1158,4.7779
61.3870,1.021,4.3759
61.3872,0.9776,4.1879
61.3874,1.0875,4.6567
61.3876,1.0218,4.3754
61.3878,0.9502,4.0765
61.3880,0.9065,3.8887
61.3882,0.8737,3.7466
61.3884,0.8661,3.7171
61.3886,0.8441,3.6246
61.3888,0.8517,3.6588
61.3890,0.7893,3.3925
61.3892,0.7505,3.2255
61.3894,0.7254,3.1164
61.3896,0.7368,3.1682
61.3898,0.7273,3.1304
61.3900,0.6892,2.9636
61.3902,0.7219,3.1086
61.3904,0.7079,3.0497
61.3906,0.6759,2.9117
61.3908,0.6878,2.956
61.3910,0.741,3.1833
61.3912,0.7762,3.3332
61.3914,0.801,3.4393
61.3916,0.788,3.39
61.3918,0.7456,3.2074
61.3920,0.7581,3.2646
61.3922,0.677,2.915
61.3924,0.6676,2.8721
61.3926,0.6644,2.8595
61.3928,0.7153,3.0745
61.3930,0.7659,3.2905
61.3932,0.7331,3.1537
61.3934,0.6718,2.8928
61.3936,0.6759,2.9144
61.3938,0.6032,2.6011
61.3940,0.6032,2.5987
61.3942,0.5941,2.5618
61.3944,0.5723,2.4677
61.3946,0.5643,2.4331
61.3948,0.5761,2.4785
61.3950,0.6661,2.8627
61.3952,0.7266,3.123
61.3954,0.7435,3.1956
61.3956,0.7851,3.3745
61.3958,0.8085,3.4733
61.3960,0.7394,3.1781
61.3962,0.7186,3.0884
61.3964,0.7205,3.0996
61.3966,0.7066,3.044
61.3968,0.6414,2.7617
61.3970,0.5992,2.58
61.3972,0.651,2.8043
61.3974,0.6723,2.8962
61.3976,0.642,2.7604
61.3978,0.7391,3.1766
61.3980,0.7414,3.1908
61.3982,0.7085,3.0494
61.3984,0.6739,2.9016
61.3986,0.6338,2.7279
61.3988,0.6814,2.9369
61.3990,0.6494,2.7989
61.3992,0.6687,2.8781
61.3994,0.6705,2.8845
61.3996,0.6965,3.0006
61.3998,0.5962,2.5706
61.4000,0.5581,2.4056
61.4002,0.562,2.4233
61.4004,0.5601,2.4139
61.4006,0.6285,2.7065
61.4008,0.6071,2.6128
61.4010,0.6264,2.6959
61.4012,0.6517,2.8061
61.4014,0.6487,2.7893
61.4016,0.6615,2.8458
61.4018,0.703,3.0271
61.4020,0.6301,2.7132
61.4022,0.6525,2.8045
61.4024,0.748,3.2192
61.4026,0.7157,3.0832
61.4028,0.6351,2.7348
61.4030,0.6107,2.6307
61.4032,0.6117,2.6342
61.4034,0.6129,2.6393
61.4036,0.63,2.7139
61.4038,0.689,2.9639
61.4040,0.6827,2.9385
61.4042,0.6342,2.7294
61.4044,0.6995,3.0107
61.4046,0.6952,2.9907
61.4048,0.7089,3.0481
61.4050,0.7524,3.2353
61.4052,0.708,3.0473
61.4054,0.6824,2.9383
61.4056,0.6266,2.6994
61.4058,0.6336,2.7294
61.4060,0.6304,2.7134
61.4062,0.6568,2.8257
61.4064,0.628,2.7031
61.4066,0.6368,2.7421
61.4068,0.6524,2.8092
61.4070,0.5746,2.4764
61.4072,0.5544,2.3907
61.4074,0.5525,2.3802
61.4076,0.5978,2.5719
61.4078,0.7234,3.112
61.4080,0.6962,2.9963
61.4082,0.68,2.9279
61.4084,0.6622,2.8502
61.4086,0.6494,2.7976
61.4088,0.6086,2.6232
61.4090,0.5713,2.459
61.4092,0.6182,2.6633
61.4094,0.5767,2.4857
61.4096,0.5893,2.5388
61.4098,0.6157,2.6512
61.4100,0.5914,2.5476
61.4102,0.6201,2.6715
61.4104,0.6633,2.8588
61.4106,0.6284,2.7059
61.4108,0.597,2.5707
61.4110,0.6427,2.7661
61.4112,0.6417,2.7607
61.4114,0.6633,2.8509
61.4116,0.7601,3.2683
61.4118,0.7047,3.0343
61.4120,0.65,2.8015
61.4122,0.6017,2.5932
61.4124,0.5791,2.4937
61.4126,0.5844,2.5164
61.4128,0.5717,2.4629
61.4130,0.5568,2.401
61.4132,0.5568,2.401
61.4134,0.5569,2.4004
61.4136,0.5625,2.4242
61.4138,0.567,2.4439
61.4140,0.6026,2.5973
61.4142,0.5667,2.4412
61.4144,0.5681,2.4485
61.4146,0.5561,2.3946
61.4148,0.5788,2.4922
61.4150,0.6135,2.6419
61.4152,0.6388,2.7508
61.4154,0.6697,2.8809
61.4156,0.6897,2.9656
61.4158,0.691,2.9713
61.4160,0.697,2.9943
61.4162,0.741,3.1848
61.4164,0.7433,3.1947
61.4166,0.7492,3.2199
61.4168,0.7977,3.4238
61.4170,0.8125,3.4839
61.4172,0.8754,3.7556
61.4174,0.8636,3.7064
61.4176,0.9247,3.9596
61.4178,0.9929,4.2517
61.4180,0.9856,4.2244
61.4182,1.033,4.4191
61.4184,1.0933,4.6815
61.4186,1.0154,4.3518
61.4188,0.9311,3.9961
61.4190,0.9281,3.9758
61.4192,0.971,4.1578
61.4194,0.9789,4.1956
61.4196,0.9685,4.1528
61.4198,0.956,4.1012
61.4200,0.9524,4.0839
61.4202,0.9646,4.1344
61.4204,0.9916,4.252
61.4206,0.9859,4.2274
61.4208,0.9675,4.1468
61.4210,0.9686,4.1553
61.4212,0.9408,4.0359
61.4214,0.9751,4.1811
61.4216,1.0484,4.4874
61.4218,1.1173,4.7842
61.4220,1.0409,4.4613
61.4222,1.0047,4.3041
61.4224,1.0132,4.3385
61.4226,1.0658,4.566
61.4228,1.0092,4.3337
61.4230,0.9162,3.9341
61.4232,0.9293,3.9977
61.4234,0.7737,3.3333
61.4236,0.6349,2.7377
61.4238,0.6269,2.698
61.4240,0.7106,3.0568
61.4242,0.7777,3.3441
61.4244,0.7456,3.2074
61.4246,0.7895,3.3931
61.4248,0.7974,3.4271
61.4250,0.7825,3.3726
61.4252,0.6667,2.872
61.4254,0.6397,2.752
61.4256,0.6666,2.8702
61.4258,0.6799,2.9316
61.4260,0.6303,2.7193
61.4262,0.612,2.634
61.4264,0.6831,2.9428
61.4266,0.6917,2.9786
61.4268,0.7127,3.0661
61.4270,0.7308,3.1454
61.4272,0.7213,3.1018
61.4274,0.7664,3.2987
61.4276,0.7389,3.1815
61.4278,0.661,2.8477
61.4280,0.7001,3.0133
61.4282,0.7124,3.0646
61.4284,0.6877,2.9624
61.4286,0.6413,2.7587
61.4288,0.7154,3.0789
61.4290,0.6193,2.6705
61.4292,0.5508,2.3763
61.4294,0.5062,2.1849
61.4296,0.4992,2.1564
61.4298,0.5001,2.1595
61.4300,0.4812,2.0768
61.4302,0.4819,2.0799
61.4304,0.4968,2.144
61.4306,0.5031,2.1695
61.4308,0.5687,2.4489
61.4310,0.6398,2.7653
61.4312,0.4552,1.9672
61.4314,0.4128,1.7843
61.4316,0.4324,1.8653
61.4318,0.5299,2.2837
61.4320,0.5493,2.3685
61.4322,0.523,2.2584
61.4324,0.4643,2.0057
61.4326,0.4567,1.9721
61.4328,0.4532,1.9571
61.4330,0.4474,1.9326
61.4332,0.4767,2.0586
61.4334,0.4574,1.9706
61.4336,0.53,2.2842
61.4338,0.5745,2.4771
61.4340,0.5594,2.4086
61.4342,0.5698,2.4546
61.4344,0.5566,2.3989
61.4346,0.5793,2.4966
61.4348,0.583,2.5103
61.4350,0.6194,2.666
61.4352,0.656,2.8247
61.4354,0.6632,2.8531
61.4356,0.6775,2.9144
61.4358,0.7192,3.0925
61.4360,0.7666,3.2946
61.4362,0.7475,3.2187
61.4364,0.7299,3.1369
61.4366,0.7951,3.4141
61.4368,0.8573,3.6813
61.4370,0.7333,3.1534
61.4372,0.696,2.993
61.4374,0.6688,2.88
61.4376,0.6669,2.8704
61.4378,0.6799,2.9248
61.4380,0.6829,2.9431
61.4382,0.6584,2.8377
61.4384,0.6303,2.7117
61.4386,0.6396,2.7553
61.4388,0.6348,2.7333
61.4390,0.6243,2.6884
61.4392,0.6498,2.7992
61.4394,0.6299,2.7147
61.4396,0.621,2.6752
61.4398,0.6066,2.6132
61.4400,0.6808,2.9275
61.4402,0.664,2.8646
61.4404,0.4871,2.1012
61.4406,0.4692,2.0241
61.4408,0.4636,1.9998
61.4410,0.4952,2.1363
61.4412,0.5471,2.357
61.4414,0.5944,2.5594
61.4416,0.601,2.5902
61.4418,0.5739,2.4722
61.4420,0.6016,2.5879
61.4422,0.6381,2.7465
61.4424,0.579,2.4991
61.4426,0.4957,2.1384
61.4428,0.5321,2.2956
61.4430,0.5112,2.2051
61.4432,0.5011,2.1607
61.4434,0.5331,2.2998
61.4436,0.5098,2.1984
61.4438,0.5219,2.2485
61.4440,0.5873,2.5324
61.4442,0.5523,2.377
61.4444,0.6719,2.8894
61.4446,0.6739,2.903
61.4448,0.6017,2.5908
61.4450,0.6288,2.7038
61.4452,0.6867,2.9528
61.4454,0.7042,3.0323
61.4456,0.6096,2.6261
61.4458,0.5076,2.1896
61.4460,0.4881,2.1068
61.4462,0.4945,2.1322
61.4464,0.5094,2.1953
61.4466,0.5537,2.3854
61.4468,0.5871,2.5267
61.4470,0.5887,2.5363
61.4472,0.5974,2.5723
61.4474,0.5958,2.5644
61.4476,0.5976,2.5757
61.4478,0.5965,2.5722
61.4480,0.5976,2.5733
61.4482,0.6475,2.7855
61.4484,0.6338,2.733
61.4486,0.5098,2.1994
61.4488,0.4917,2.1203
61.4490,0.4884,2.1059
61.4492,0.4923,2.1229
61.4494,0.4944,2.1327
61.4496,0.5136,2.2144
61.4498,0.5452,2.3477
61.4500,0.5682,2.4457
61.4502,0.6608,2.8388
61.4504,0.7614,3.2694
61.4506,0.7321,3.1467
61.4508,0.6848,2.9404
61.4510,0.7638,3.2797
61.4512,0.7836,3.3678
61.4514,0.8124,3.485
61.4516,0.8528,3.6549
61.4518,0.8937,3.8373
61.4520,0.8425,3.6141
61.4522,0.8847,3.7863
61.4524,0.9716,4.1623
61.4526,0.9666,4.1446
61.4528,0.964,4.1319
61.4530,1.0088,4.3195
61.4532,1.0112,4.3318
61.4534,0.9806,4.2028
61.4536,0.9859,4.2254
61.4538,0.9301,3.9939
61.4540,0.8432,3.6189
61.4542,0.842,3.6121
61.4544,0.8825,3.7912
61.4546,0.8582,3.6849
61.4548,0.8462,3.6301
61.4550,0.8655,3.7129
61.4552,0.87,3.7307
61.4554,0.9115,3.9086
61.4556,0.9205,3.9435
61.4558,0.9761,4.1818
61.4560,1.0005,4.2921
61.4562,0.9449,4.0553
61.4564,0.9293,3.9884
61.4566,0.8428,3.6258
61.4568,0.7935,3.4058
61.4570,0.8754,3.7556
61.4572,0.8898,3.8155
61.4574,0.9514,4.0817
61.4576,0.9914,4.247
61.4578,1.0048,4.3086
61.4580,0.9446,4.0543
61.4582,0.921,3.9492
61.4584,0.9913,4.2426
61.4586,1.01,4.3287
61.4588,0.9916,4.2679
61.4590,0.7666,3.2992
61.4592,0.764,3.2838
61.4594,0.7892,3.3936
61.4596,0.7797,3.3545
61.4598,0.7654,3.2925
61.4600,0.7182,3.0941
61.4602,0.6035,2.6022
61.4604,0.6223,2.6821
61.4606,0.6953,2.9913
61.4608,0.7494,3.2239
61.4610,0.6865,2.9586
61.4612,0.6143,2.6487
61.4614,0.5919,2.5509
61.4616,0.5761,2.482
61.4618,0.5948,2.5638
61.4620,0.6041,2.6036
61.4622,0.6547,2.823
61.4624,0.6313,2.7184
61.4626,0.6305,2.7198
61.4628,0.5837,2.5181
61.4630,0.5855,2.5247
61.4632,0.5787,2.4929
61.4634,0.5933,2.5523
61.4636,0.6657,2.8666
61.4638,0.6326,2.7253
61.4640,0.6805,2.9287
61.4642,0.6826,2.9435
61.4644,0.5542,2.3908
61.4646,0.5471,2.3581
61.4648,0.5914,2.5488
61.4650,0.5848,2.5192
61.4652,0.6448,2.7728
61.4654,0.7052,3.0364
61.4656,0.6356,2.742
61.4658,0.5592,2.4125
61.4660,0.5516,2.3772
61.4662,0.5564,2.399
61.4664,0.5734,2.4678
61.4666,0.6417,2.762
61.4668,0.6989,3.0054
61.4670,0.7283,3.1361
61.4672,0.6839,2.945
61.4674,0.6627,2.8523
61.4676,0.7095,3.055
61.4678,0.65,2.8015
61.4680,0.612,2.6328
61.4682,0.7366,3.1629
61.4684,0.8096,3.4716
61.4686,0.8746,3.7607
61.4688,0.755,3.2542
61.4690,0.6915,2.9762
61.4692,0.67,2.8865
61.4694,0.6672,2.8714
61.4696,0.6886,2.9652
61.4698,0.6697,2.8823
61.4700,0.6915,2.9734
61.4702,0.6796,2.9264
61.4704,0.6855,2.9504
61.4706,0.6994,3.0088
61.4708,0.7675,3.2988
61.4710,0.7736,3.3219
61.4712,0.8624,3.7064
61.4714,0.783,3.3668
61.4716,0.7373,3.1689
61.4718,0.7255,3.1256
61.4720,0.6889,2.9648
61.4722,0.7558,3.2543
61.4724,0.666,2.8663
61.4726,0.7078,3.0464
61.4728,0.6947,2.9915
61.4730,0.6673,2.8706
61.4732,0.6974,3.0001
61.4734,0.7194,3.0964
61.4736,0.6854,2.9526
61.4738,0.6251,2.6953
61.4740,0.6326,2.7203
61.4742,0.8054,3.4584
61.4744,0.821,3.5286
61.4746,0.8345,3.5852
61.4748,0.8373,3.592
61.4750,0.8279,3.5585
61.4752,0.7941,3.4116
61.4754,0.7775,3.3431
61.4756,0.766,3.2905
61.4758,0.844,3.6259
61.4760,0.8066,3.4635
61.4762,0.7536,3.2405
61.4764,0.7739,3.3307
61.4766,0.7,3.0114
61.4768,0.7182,3.0927
61.4770,0.7273,3.1334
61.4772,0.6863,2.9554
61.4774,0.7538,3.2355
61.4776,0.8627,3.7062
61.4778,0.813,3.4925
61.4780,0.8125,3.4888
61.4782,0.8365,3.5834
61.4784,0.9443,4.0489
61.4786,0.9528,4.0912
61.4788,0.8934,3.8417
61.4790,0.8035,3.455
61.4792,0.8308,3.5642
61.4794,0.9301,3.9939
61.4796,0.8766,3.7747
61.4798,0.7172,3.0866
61.4800,0.6831,2.9414
61.4802,0.6512,2.8093
61.4804,0.6024,2.5976
61.4806,0.5747,2.4781
61.4808,0.5517,2.3822
61.4810,0.549,2.3686
61.4812,0.5504,2.3721
61.4814,0.5667,2.4446
61.4816,0.5855,2.5258
61.4818,0.5778,2.4916
61.4820,0.5507,2.3769
61.4822,0.5066,2.1855
61.4824,0.5052,2.1813
61.4826,0.5072,2.187
61.4828,0.5314,2.2925
61.4830,0.5144,2.217
61.4832,0.5603,2.415
61.4834,0.5844,2.5188
61.4836,0.6953,2.9913
61.4838,0.7524,3.2368
61.4840,0.7181,3.0893
61.4842,0.6958,2.992
61.4844,0.7131,3.0662
61.4846,0.7374,3.1694
61.4848,0.7841,3.3714
61.4850,0.795,3.4152
61.4852,0.8819,3.7781
61.4854,1.0036,4.3014
61.4856,0.9841,4.2196
61.4858,0.974,4.1726
61.4860,0.9685,4.1509
61.4862,0.9719,4.1697
61.4864,0.9739,4.1759
61.4866,0.9638,4.1385
61.4868,0.9279,3.9827
61.4870,0.974,4.1726
61.4872,1.0001,4.2885
61.4874,0.9974,4.2747
61.4876,0.9821,4.2095
61.4878,1.0163,4.3478
61.4880,1.104,4.7272
61.4882,1.0989,4.7056
61.4884,1.1248,4.812
61.4886,1.0883,4.6621
61.4888,1.0743,4.609
61.4890,0.9636,4.1375
61.4892,0.9073,3.8942
61.4894,0.9387,4.0272
61.4896,0.8663,3.7373
61.4898,0.6348,2.7359
61.4900,0.6779,2.9219
61.4902,0.6468,2.7863
61.4904,0.6305,2.7198
61.4906,0.6118,2.6342
61.4908,0.6654,2.8663
61.4910,0.6089,2.6255
61.4912,0.5932,2.5589
61.4914,0.6532,2.8102
61.4916,0.7507,3.2311
61.4918,0.6925,2.9858
61.4920,0.6401,2.7586
61.4922,0.6251,2.6915
61.4924,0.6534,2.8147
61.4926,0.6616,2.8516
61.4928,0.6182,2.6646
61.4930,0.5981,2.5789
61.4932,0.6122,2.6375
61.4934,0.6178,2.6637
61.4936,0.6225,2.6807
61.4938,0.6844,2.9485
61.4940,0.6668,2.8739
61.4942,0.6663,2.8678
61.4944,0.685,2.9511
61.4946,0.7016,3.0251
61.4948,0.6154,2.6546
61.4950,0.5789,2.4962
61.4952,0.604,2.6031
61.4954,0.6788,2.9242
61.4956,0.6427,2.7687
61.4958,0.6076,2.6234
61.4960,0.524,2.2647
61.4962,0.5109,2.2061
61.4964,0.5083,2.1947
61.4966,0.4981,2.1487
61.4968,0.5571,2.4021
61.4970,0.5697,2.4564
61.4972,0.5606,2.416
61.4974,0.6029,2.5948
61.4976,0.7005,3.0163
61.4978,0.6436,2.7754
61.4980,0.5584,2.4089
61.4982,0.5978,2.5767
61.4984,0.6879,2.9648
61.4986,0.621,2.6765
61.4988,0.5855,2.5188
61.4990,0.6072,2.617
61.4992,0.5784,2.4988
61.4994,0.4771,2.0601
61.4996,0.4717,2.0359
61.4998,0.4558,1.968
61.5000,0.5108,2.2036
61.5002,0.58,2.4997
61.5004,0.5566,2.3989
61.5006,0.5661,2.4386
61.5008,0.6275,2.7006
61.5010,0.6162,2.6595
61.5012,0.5631,2.4291
61.5014,0.5589,2.4088
61.5016,0.5613,2.4213
61.5018,0.5749,2.478
61.5020,0.6378,2.7424
61.5022,0.6779,2.9192
61.5024,0.6848,2.9486
61.5026,0.6314,2.7214
61.5028,0.5432,2.3432
61.5030,0.5827,2.5128
61.5032,0.6148,2.6496
61.5034,0.5528,2.3835
61.5036,0.542,2.3381
61.5038,0.5697,2.4564
61.5040,0.5854,2.5171
61.5042,0.7079,3.0441
61.5044,0.6764,2.9125
61.5046,0.6156,2.6569
61.5048,0.5439,2.3463
61.5050,0.5326,2.2988
61.5052,0.5301,2.2868
61.5054,0.5418,2.3332
61.5056,0.5968,2.5685
61.5058,0.6284,2.7047
61.5060,0.6325,2.7223
61.5062,0.6078,2.6196
61.5064,0.5709,2.4616
61.5066,0.5767,2.4869
61.5068,0.5499,2.3678
61.5070,0.5644,2.4348
61.5072,0.4779,2.0618
61.5074,0.5199,2.2398
61.5076,0.5794,2.4925
61.5078,0.664,2.8553
61.5080,0.7072,3.0438
61.5082,0.7156,3.0785
61.5084,0.6683,2.8806
61.5086,0.5161,2.2253
61.5088,0.5426,2.3396
61.5090,0.5218,2.2522
61.5092,0.5014,2.1612
61.5094,0.5824,2.51
61.5096,0.5405,2.3351
61.5098,0.5133,2.2134
61.5100,0.5697,2.4541
61.5102,0.5511,2.3752
61.5104,0.5475,2.3608
61.5106,0.5466,2.3539
61.5108,0.6513,2.7994
61.5110,0.6512,2.8041
61.5112,0.5989,2.5826
61.5114,0.5393,2.3288
61.5116,0.4962,2.1405
61.5118,0.4922,2.1224
61.5120,0.4899,2.1126
61.5122,0.4869,2.0997
61.5124,0.4901,2.1141
61.5126,0.4903,2.1141
61.5128,0.517,2.2294
61.5130,0.491,2.1182
61.5132,0.5038,2.1705
61.5134,0.5625,2.4243
61.5136,0.5115,2.2056
61.5138,0.4952,2.1343
61.5140,0.5225,2.2511
61.5142,0.5636,2.4278
61.5144,0.5592,2.4114
61.5146,0.5219,2.2506
61.5148,0.5225,2.2522
61.5150,0.5579,2.4013
61.5152,0.5982,2.5747
61.5154,0.6103,2.628
61.5156,0.6125,2.6361
61.5158,0.6355,2.7326
61.5160,0.6612,2.843
61.5162,0.6606,2.8444
61.5164,0.6442,2.7703
61.5166,0.691,2.9714
61.5168,0.7137,3.0631
61.5170,0.8266,3.5495
61.5172,0.7688,3.2998
61.5174,0.767,3.2936
61.5176,0.7911,3.3955
61.5178,0.7975,3.4276
61.5180,0.8035,3.4502
61.5182,0.8565,3.6726
61.5184,0.8753,3.7516
61.5186,0.8992,3.8574
61.5188,0.9911,4.2321
61.5190,1.1524,4.9277
61.5192,1.1279,4.8231
61.5194,1.1144,4.7652
61.5196,1.109,4.7421
61.5198,1.1011,4.7105
61.5200,1.1188,4.7886
61.5202,1.0863,4.6539
61.5204,1.0733,4.5893
61.5206,1.1311,4.8342
61.5208,1.1452,4.9038
61.5210,1.0188,4.3708
61.5212,0.8999,3.8677
61.5214,0.8236,3.5383
61.5216,0.8239,3.5393
61.5218,0.8006,3.441
61.5220,0.807,3.4667
61.5222,0.8391,3.6048
61.5224,0.8549,3.6727
61.5226,0.8354,3.5905
61.5228,0.8243,3.5463
61.5230,0.7712,3.3163
61.5232,0.7401,3.1852
61.5234,0.7083,3.047
61.5236,0.7098,3.0566
61.5238,0.694,2.987
61.5240,0.6992,3.0078
61.5242,0.7723,3.3132
61.5244,0.8624,3.7012
61.5246,0.8927,3.8386
61.5248,0.7746,3.3323
61.5250,0.7217,3.1033
61.5252,0.7342,3.157
61.5254,0.7526,3.2424
61.5256,0.6303,2.713
61.5258,0.6511,2.8023
61.5260,0.7266,3.1288
61.5262,0.7094,3.0531
61.5264,0.7311,3.145
61.5266,0.6814,2.9328
61.5268,0.726,3.1248
61.5270,0.6839,2.9491
61.5272,0.5929,2.5532
61.5274,0.6594,2.8418
61.5276,0.6612,2.8483
61.5278,0.704,3.0284
61.5280,0.7002,3.0153
61.5282,0.6711,2.8884
61.5284,0.7166,3.0826
61.5286,0.7066,3.0426
61.5288,0.6794,2.9268
61.5290,0.6724,2.8968
61.5292,0.6758,2.9113
61.5294,0.6134,2.6451
61.5296,0.5737,2.474
61.5298,0.5679,2.4487
61.5300,0.5642,2.4315
61.5302,0.5813,2.5066
61.5304,0.5845,2.5194
61.5306,0.645,2.7772
61.5308,0.7472,3.2176
61.5310,0.6404,2.7615
61.5312,0.5633,2.4313
61.5314,0.536,2.3122
61.5316,0.532,2.2941
61.5318,0.5315,2.2931
61.5320,0.5293,2.2822
61.5322,0.5308,2.2889
61.5324,0.5337,2.3024
61.5326,0.5393,2.3256
61.5328,0.5583,2.4062
61.5330,0.5229,2.2537
61.5332,0.5824,2.5066
61.5334,0.704,3.0313
61.5336,0.6693,2.8834
61.5338,0.6438,2.7721
61.5340,0.6556,2.8206
61.5342,0.7143,3.0742
61.5344,0.7288,3.1338
61.5346,0.7327,3.1508
61.5348,0.6901,2.9686
61.5350,0.7249,3.1144
61.5352,0.7685,3.3029
61.5354,0.7693,3.3096
61.5356,0.7425,3.1955
61.5358,0.732,3.1462
61.5360,0.738,3.172
61.5362,0.7302,3.1414
61.5364,0.7419,3.1885
61.5366,0.7952,3.4114
61.5368,0.809,3.4771
61.5370,0.7646,3.2833
61.5372,0.8187,3.5172
61.5374,0.9143,3.9186
61.5376,0.998,4.2773
61.5378,0.9571,4.1001
61.5380,0.9788,4.2029
61.5382,0.8865,3.8064
61.5384,0.7797,3.3545
61.5386,0.7353,3.1601
61.5388,0.7892,3.3936
61.5390,0.748,3.2222
61.5392,0.6474,2.785
61.5394,0.6832,2.946
61.5396,0.5898,2.5444
61.5398,0.5499,2.3711
61.5400,0.5445,2.3489
61.5402,0.5566,2.3978
61.5404,0.5929,2.5567
61.5406,0.5694,2.4497
61.5408,0.7077,3.0473
61.5410,0.6145,2.6473
61.5412,0.6351,2.7324
61.5414,0.6837,2.9426
61.5416,0.6444,2.7747
61.5418,0.6367,2.7492
61.5420,0.5524,2.3809
61.5422,0.6025,2.5945
61.5424,0.6243,2.6897
61.5426,0.6155,2.6527
61.5428,0.6139,2.6423
61.5430,0.6511,2.8036
61.5432,0.6175,2.6639
61.5434,0.545,2.3477
61.5436,0.5655,2.4372
61.5438,0.5866,2.5293
61.5440,0.6166,2.6549
61.5442,0.6729,2.8962
61.5444,0.6378,2.7463
61.5446,0.6565,2.8242
61.5448,0.6136,2.6432
61.5450,0.5869,2.532
61.5452,0.5149,2.2212
61.5454,0.4934,2.1296
61.5456,0.4875,2.1061
61.5458,0.4838,2.0872
61.5460,0.5227,2.2506
61.5462,0.5731,2.4703
61.5464,0.5925,2.5535
61.5466,0.5785,2.4924
61.5468,0.5634,2.4318
61.5470,0.4953,2.1388
61.5472,0.4874,2.1008
61.5474,0.576,2.4781
61.5476,0.6124,2.6405
61.5478,0.5608,2.4181
61.5480,0.5905,2.5428
61.5482,0.6302,2.7125
61.5484,0.6249,2.6898
61.5486,0.563,2.4286
61.5488,0.5043,2.1756
61.5490,0.4989,2.1514
61.5492,0.501,2.1602
61.5494,0.5089,2.1943
61.5496,0.5176,2.232
61.5498,0.5706,2.4537
61.5500,0.6377,2.747
61.5502,0.6056,2.6043
61.5504,0.704,3.0242
61.5506,0.7305,3.1439
61.5508,0.6938,2.9832
61.5510,0.7506,3.2276
61.5512,0.7287,3.1289
61.5514,0.7661,3.2895
61.5516,0.7755,3.3302
61.5518,0.7978,3.426
61.5520,0.8317,3.5728
61.5522,0.8613,3.6949
61.5524,0.882,3.7856
61.5526,0.8958,3.8323
61.5528,0.992,4.2516
61.5530,0.9651,4.1346
61.5532,0.9718,4.1614
61.5534,0.9893,4.2363
61.5536,0.9952,4.2635
61.5538,0.9847,4.2222
61.5540,0.9362,4.0108
61.5542,0.9773,4.1869
61.5544,1.0014,4.2842
61.5546,1.1294,4.8293
61.5548,1.1053,4.7284
61.5550,1.0805,4.6265
61.5552,1.0282,4.4089
61.5554,0.999,4.2859
61.5556,0.9875,4.2286
61.5558,0.9845,4.2178
61.5560,0.9032,3.8858
61.5562,0.7369,3.1732
61.5564,0.7011,3.0217
61.5566,0.6723,2.895
61.5568,0.6651,2.864
61.5570,0.6584,2.8403
61.5572,0.6146,2.6429
61.5574,0.7216,3.1014
61.5576,0.7601,3.2668
61.5578,0.7699,3.3091
61.5580,0.7597,3.2683
61.5582,0.7426,3.196
61.5584,0.7261,3.1239
61.5586,0.658,2.8361
61.5588,0.632,2.7202
61.5590,0.7156,3.0785
61.5592,0.7489,3.2219
61.5594,0.7337,3.152
61.5596,0.7869,3.3823
61.5598,0.7483,3.2178
61.5600,0.7463,3.2135
61.5602,0.6757,2.9094
61.5604,0.7251,3.1192
61.5606,0.6956,2.9951
61.5608,0.6675,2.8783
61.5610,0.6061,2.6112
61.5612,0.6448,2.7741
61.5614,0.6854,2.9526
61.5616,0.6938,2.9901
61.5618,0.6365,2.7431
61.5620,0.6055,2.6086
61.5622,0.5933,2.5559
61.5624,0.6224,2.6839
61.5626,0.6059,2.615
61.5628,0.5458,2.3546
61.5630,0.5615,2.4201
61.5632,0.5477,2.3651
61.5634,0.5059,2.1844
61.5636,0.4917,2.1213
61.5638,0.5249,2.2646
61.5640,0.5842,2.5155
61.5642,0.6571,2.8333
61.5644,0.5421,2.3364
61.5646,0.5217,2.2527
61.5648,0.4713,2.0372
61.5650,0.4237,1.8323
61.5652,0.4131,1.782
61.5654,0.5124,2.2093
61.5656,0.5046,2.1777
61.5658,0.4602,1.9853
61.5660,0.5115,2.2016
61.5662,0.6378,2.7463
61.5664,0.6215,2.6748
61.5666,0.6389,2.7522
61.5668,0.629,2.7136
61.5670,0.5673,2.4449
61.5672,0.5818,2.5016
61.5674,0.6934,2.9886
61.5676,0.5839,2.5168
61.5678,0.5591,2.4076
61.5680,0.5862,2.5254
61.5682,0.6543,2.8149
61.5684,0.6849,2.9464
61.5686,0.6984,3.0047
61.5688,0.7489,3.2174
61.5690,0.8016,3.4435
61.5692,0.7368,3.1713
61.5694,0.6423,2.7697
61.5696,0.5742,2.4761
61.5698,0.5526,2.3819
61.5700,0.5764,2.4854
61.5702,0.5462,2.3562
61.5704,0.5365,2.3121
61.5706,0.5609,2.4131
61.5708,0.618,2.6611
61.5710,0.6152,2.6492
61.5712,0.6188,2.6684
61.5714,0.5511,2.3785
61.5716,0.5276,2.2739
61.5718,0.5458,2.3524
61.5720,0.5999,2.5855
61.5722,0.5693,2.456
61.5724,0.5064,2.1834
61.5726,0.5253,2.263
61.5728,0.5634,2.4306
61.5730,0.4631,1.9977
61.5732,0.4574,1.9743
61.5734,0.4663,2.0135
61.5736,0.4567,1.9703
61.5738,0.4537,1.9573
61.5740,0.5231,2.2558
61.5742,0.5047,2.1772
61.5744,0.4883,2.1014
61.5746,0.5998,2.579
61.5748,0.6619,2.8434
61.5750,0.7311,3.1436
61.5752,0.7275,3.1295
61.5754,0.6517,2.8088
61.5756,0.6029,2.596
61.5758,0.604,2.5946
61.5760,0.636,2.7398
61.5762,0.5977,2.5726
61.5764,0.6396,2.745
61.5766,0.7297,3.1379
61.5768,0.6573,2.833
61.5770,0.6072,2.6134
61.5772,0.66,2.8378
61.5774,0.7072,3.0381
61.5776,0.7536,3.236
61.5778,0.7818,3.3585
61.5780,0.771,3.3137
61.5782,0.7404,3.1838
61.5784,0.7657,3.2926
61.5786,0.6983,3.007
61.5788,0.6215,2.681
61.5790,0.5303,2.2868
61.5792,0.4976,2.1447
61.5794,0.5008,2.1586
61.5796,0.5088,2.1948
61.5798,0.4986,2.1508
61.5800,0.4933,2.128
61.5802,0.4916,2.1218
61.5804,0.4815,2.0783
61.5806,0.4797,2.0686
61.5808,0.479,2.0655
61.5810,0.4752,2.049
61.5812,0.4902,2.1107
61.5814,0.5462,2.3507
61.5816,0.6005,2.5869
61.5818,0.5661,2.4386
61.5820,0.5022,2.1653
61.5822,0.5401,2.3265
61.5824,0.544,2.3447
61.5826,0.4936,2.1286
61.5828,0.4947,2.1313
61.5830,0.5615,2.4156
61.5832,0.6529,2.81
61.5834,0.5872,2.5307
61.5836,0.6002,2.5859
61.5838,0.6115,2.6344
61.5840,0.618,2.6549
61.5842,0.7193,3.0902
61.5844,0.7179,3.0825
61.5846,0.7627,3.2736
61.5848,0.7793,3.343
61.5850,0.8378,3.5991
61.5852,0.7772,3.339
61.5854,0.7883,3.3785
61.5856,0.8556,3.669
61.5858,0.8374,3.5925
61.5860,0.8742,3.7504
61.5862,0.9049,3.8749
61.5864,0.9404,4.0231
61.5866,0.9928,4.2532
61.5868,0.9913,4.2505
61.5870,0.9518,4.0775
61.5872,0.966,4.1401
61.5874,0.9283,3.975
61.5876,0.9632,4.1302
61.5878,0.9415,4.0334
61.5880,0.9761,4.1857
61.5882,0.9343,4.0119
61.5884,0.8881,3.8137
61.5886,0.8325,3.5748
61.5888,0.8289,3.561
61.5890,0.8427,3.6168
61.5892,0.8362,3.5941
61.5894,0.776,3.3354
61.5896,0.7715,3.3189
61.5898,0.7435,3.2002
61.5900,0.6853,2.948
61.5902,0.699,3.0059
61.5904,0.7771,3.34
61.5906,0.796,3.4182
61.5908,0.7646,3.2864
61.5910,0.6957,2.9942
61.5912,0.6989,3.004
61.5914,0.7347,3.162
61.5916,0.7317,3.1491
61.5918,0.7047,3.0315
61.5920,0.756,3.2478
61.5922,0.7567,3.2554
61.5924,0.6802,2.9277
61.5926,0.6889,2.9621
61.5928,0.6957,2.997
61.5930,0.5854,2.5241
61.5932,0.5626,2.4248
61.5934,0.5975,2.5728
61.5936,0.6558,2.8224
61.5938,0.6342,2.7308
61.5940,0.6289,2.7093
61.5942,0.613,2.6394
61.5944,0.6577,2.8267
61.5946,0.6867,2.9542
61.5948,0.7144,3.0733
61.5950,0.7488,3.2214
61.5952,0.7567,3.2539
61.5954,0.7489,3.2174
61.5956,0.7594,3.2652
61.5958,0.7811,3.357
61.5960,0.8127,3.4882
61.5962,0.8787,3.7835
61.5964,0.7197,3.0975
61.5966,0.6981,3.0004
61.5968,0.7357,3.1622
61.5970,0.7937,3.4111
61.5972,0.7831,3.3642
61.5974,0.7736,3.3266
61.5976,0.6783,2.9248
61.5978,0.5683,2.4519
61.5980,0.5574,2.4037
61.5982,0.5628,2.4258
61.5984,0.5936,2.5563
61.5986,0.6512,2.8028
61.5988,0.6332,2.7241
61.5990,0.6686,2.8789
61.5992,0.6167,2.6542
61.5994,0.6042,2.6017
61.5996,0.6037,2.602
61.5998,0.606,2.6143
61.6000,0.5737,2.4728
61.6002,0.5755,2.4794
61.6004,0.5752,2.4802
61.6006,0.594,2.5578
61.6008,0.6661,2.8654
61.6010,0.6775,2.9158
61.6012,0.6662,2.866
61.6014,0.7772,3.3436
61.6016,0.7363,3.1677
61.6018,0.715,3.0759
61.6020,0.7085,3.0509
61.6022,0.632,2.724
61.6024,0.6133,2.6409
61.6026,0.6101,2.627
61.6028,0.621,2.6727
61.6030,0.6801,2.9258
61.6032,0.7043,3.0314
61.6034,0.6889,2.9662
61.6036,0.62,2.6711
61.6038,0.6103,2.6292
61.6040,0.6193,2.668
61.6042,0.6102,2.6275
61.6044,0.6315,2.7156
61.6046,0.6916,2.9767
61.6048,0.6252,2.6945
61.6050,0.6132,2.6429
61.6052,0.613,2.6369
61.6054,0.667,2.8682
61.6056,0.67,2.8851
61.6058,0.6235,2.6886
61.6060,0.5534,2.385
61.6062,0.5568,2.4
61.6064,0.6442,2.7716
61.6066,0.7018,3.0192
61.6068,0.6172,2.6599
61.6070,0.5501,2.3699
61.6072,0.5544,2.3874
61.6074,0.6305,2.716
61.6076,0.5873,2.5289
61.6078,0.6391,2.7494
61.6080,0.7125,3.0651
61.6082,0.7438,3.1967
61.6084,0.7686,3.3034
61.6086,0.7154,3.0789
61.6088,0.644,2.7744
61.6090,0.5793,2.4978
61.6092,0.5761,2.482
61.6094,0.6386,2.755
61.6096,0.5812,2.5072
61.6098,0.5476,2.3591
61.6100,0.5447,2.3489
61.6102,0.5645,2.4274
61.6104,0.7049,3.0283
61.6106,0.7746,3.3245
61.6108,0.8101,3.4882
61.6110,0.6886,2.961
61.6112,0.727,3.1275
61.6114,0.6809,2.9308
61.6116,0.6827,2.9371
61.6118,0.7516,3.2272
61.6120,0.7482,3.2158
61.6122,0.714,3.0703
61.6124,0.6911,2.976
61.6126,0.662,2.8506
61.6128,0.6606,2.843
61.6130,0.6655,2.8615
61.6132,0.7136,3.0711
61.6134,0.6366,2.7436
61.6136,0.5687,2.45
61.6138,0.5645,2.4297
61.6140,0.6303,2.713
61.6142,0.6426,2.7695
61.6144,0.588,2.5355
61.6146,0.627,2.6985
61.6148,0.6538,2.8141
61.6150,0.664,2.8567
61.6152,0.6903,2.9696
61.6154,0.7144,3.0705
61.6156,0.7383,3.176
61.6158,0.6947,2.9873
61.6160,0.7231,3.1139
61.6162,0.6859,2.9533
61.6164,0.6859,2.9506
61.6166,0.6535,2.8139
61.6168,0.6419,2.7612
61.6170,0.6809,2.928
61.6172,0.7023,3.0142
61.6174,0.7765,3.3374
61.6176,0.756,3.2538
61.6178,0.7221,3.1049
61.6180,0.7529,3.2359
61.6182,0.7102,3.051
61.6184,0.7636,3.2833
61.6186,0.7377,3.1719
61.6188,0.7275,3.1252
61.6190,0.7978,3.4196
61.6192,0.9169,3.9299
61.6194,0.9384,4.0238
61.6196,0.9324,4.0018
61.6198,0.8754,3.7538
61.6200,0.9076,3.8916
61.6202,0.8777,3.7724
61.6204,0.8088,3.4744
61.6206,0.8401,3.6038
61.6208,0.891,3.8207
61.6210,0.8977,3.853
61.6212,0.9245,3.9641
61.6214,0.9723,4.1634
61.6216,0.9471,4.0594
61.6218,0.9008,3.8628
61.6220,0.9719,4.1619
61.6222,0.9769,4.1908
61.6224,0.9222,3.9654
61.6226,0.7994,3.4358
61.6228,0.8227,3.5358
61.6230,0.7345,3.1629
61.6232,0.6674,2.8778
61.6234,0.5823,2.506
61.6236,0.6526,2.8077
61.6238,0.67,2.8892
61.6240,0.6356,2.7382
61.6242,0.6506,2.8028
61.6244,0.6343,2.7313
61.6246,0.6285,2.7078
61.6248,0.6032,2.6
61.6250,0.5998,2.5838
61.6252,0.6152,2.6504
61.6254,0.6242,2.6892
61.6256,0.6373,2.7442
61.6258,0.7082,3.0536
61.6260,0.6178,2.6625
61.6262,0.5884,2.5359
61.6264,0.603,2.5977
61.6266,0.5993,2.5793
61.6268,0.644,2.7718
61.6270,0.6308,2.7201
61.6272,0.5747,2.477
61.6274,0.6326,2.7228
61.6276,0.6114,2.6363
61.6278,0.5826,2.5122
61.6280,0.5915,2.5481
61.6282,0.6332,2.7241
61.6284,0.7079,3.0483
61.6286,0.6313,2.7196
61.6288,0.5721,2.4679
61.6290,0.5634,2.4284
61.6292,0.5742,2.4738
61.6294,0.6466,2.7845
61.6296,0.6283,2.7105
61.6298,0.5288,2.279
61.6300,0.5303,2.2847
61.6302,0.577,2.4868
61.6304,0.5778,2.4881
61.6306,0.6363,2.7401
61.6308,0.5885,2.5399
61.6310,0.4995,2.1549
61.6312,0.5024,2.1674
61.6314,0.4942,2.1322
61.6316,0.532,2.293
61.6318,0.5789,2.4939
61.6320,0.5887,2.5374
61.6322,0.5682,2.4457
61.6324,0.6104,2.631
61.6326,0.5614,2.4219
61.6328,0.4849,2.0909
61.6330,0.5176,2.232
61.6332,0.5231,2.2568
61.6334,0.5132,2.2119
61.6336,0.4982,2.1483
61.6338,0.4787,2.0649
61.6340,0.4415,1.9081
61.6342,0.4143,1.7872
61.6344,0.4692,2.0231
61.6346,0.5324,2.2945
61.6348,0.5529,2.3818
61.6350,0.5796,2.4958
61.6352,0.5853,2.5213
61.6354,0.5801,2.5002
61.6356,0.6136,2.6407
61.6358,0.6733,2.8991
61.6360,0.6339,2.7272
61.6362,0.6065,2.6139
61.6364,0.5354,2.3085
61.6366,0.53,2.2842
61.6368,0.5339,2.3013
61.6370,0.5543,2.3891
61.6372,0.5758,2.4782
61.6374,0.6216,2.6753
61.6376,0.5903,2.543
61.6378,0.5615,2.419
61.6380,0.5511,2.373
61.6382,0.602,2.5936
61.6384,0.5085,2.1958
61.6386,0.4494,1.9396
61.6388,0.4466,1.9268
61.6390,0.4496,1.9407
61.6392,0.4568,1.9717
61.6394,0.4631,1.9977
61.6396,0.4601,1.9838
61.6398,0.4576,1.9748
61.6400,0.4562,1.9691
61.6402,0.4603,1.9858
61.6404,0.4596,1.9827
61.6406,0.458,1.9751
61.6408,0.4574,1.9752
61.6410,0.4721,2.0365
61.6412,0.5229,2.2527
61.6414,0.5553,2.3888
61.6416,0.5836,2.5129
61.6418,0.5645,2.4308
61.6420,0.5983,2.5728
61.6422,0.6048,2.6079
61.6424,0.4723,2.0385
61.6426,0.448,1.9334
61.6428,0.4444,1.917
61.6430,0.4472,1.9285
61.6432,0.4502,1.9414
61.6434,0.4697,2.0243
61.6436,0.494,2.1302
61.6438,0.4514,1.9466
61.6440,0.4499,1.9408
61.6442,0.4596,1.9827
61.6444,0.4607,1.9864
61.6446,0.4505,1.9434
61.6448,0.4416,1.9051
61.6450,0.4386,1.8922
61.6452,0.4337,1.8701
61.6454,0.4464,1.9231
61.6456,0.5068,2.1824
61.6458,0.5483,2.36
61.6460,0.6022,2.5953
61.6462,0.5451,2.3482
61.6464,0.5083,2.1886
61.6466,0.5408,2.3286
61.6468,0.5785,2.4935
61.6470,0.5071,2.1845
61.6472,0.5446,2.3418
61.6474,0.5445,2.3446
61.6476,0.5301,2.2837
61.6478,0.5054,2.1783
61.6480,0.4983,2.1468
61.6482,0.5523,2.377
61.6484,0.5971,2.57
61.6486,0.5392,2.3229
61.6488,0.4848,2.0894
61.6490,0.5361,2.3106
61.6492,0.4977,2.1442
61.6494,0.4904,2.1137
61.6496,0.5065,2.1819
61.6498,0.5492,2.3625
61.6500,0.609,2.6211
61.6502,0.61,2.6228
61.6504,0.6579,2.8238
61.6506,0.7234,3.1062
61.6508,0.7299,3.134
61.6510,0.7879,3.3816
61.6512,0.7788,3.3394
61.6514,0.8317,3.5662
61.6516,0.8541,3.6623
61.6518,0.8688,3.7238
61.6520,0.8384,3.5966
61.6522,0.8463,3.6272
61.6524,0.8417,3.6077
61.6526,0.8264,3.5485
61.6528,0.8036,3.4507
61.6530,0.8102,3.4757
61.6532,0.8145,3.4926
61.6534,0.7977,3.4254
61.6536,0.8351,3.5811
61.6538,0.8411,3.6034
61.6540,0.9048,3.8707
61.6542,1.0077,4.3129
61.6544,1.0546,4.5093
61.6546,1.0423,4.4633
61.6548,1.0264,4.3909
61.6550,1.013,4.3456
61.6552,0.8134,3.4913
61.6554,0.802,3.4472
61.6556,0.7564,3.2493
61.6558,0.7942,3.4073
61.6560,0.8435,3.6204
61.6562,0.8452,3.6276
61.6564,0.8381,3.5939
61.6566,0.835,3.5839
61.6568,0.8289,3.556
61.6570,0.8795,3.7748
61.6572,0.8836,3.7888
61.6574,0.9011,3.8639
61.6576,0.9235,3.96
61.6578,0.9481,4.0578
61.6580,1.0401,4.4473
61.6582,1.0658,4.5618
61.6584,1.023,4.3847
61.6586,0.9649,4.1412
61.6588,0.9237,3.9592
61.6590,0.9791,4.1986
61.6592,0.939,4.032
61.6594,0.8543,3.6702
61.6596,0.8118,3.4792
61.6598,0.9157,3.9248
61.6600,0.9841,4.2137
61.6602,1.0128,4.337
61.6604,1.0124,4.339
61.6606,1.015,4.3543
61.6608,0.9995,4.284
61.6610,0.8987,3.8644
61.6612,0.7735,3.3245
61.6614,0.7606,3.2689
61.6616,0.7907,3.3935
61.6618,0.8323,3.5787
61.6620,0.7824,3.3642
61.6622,0.7861,3.3802
61.6624,0.766,3.2921
61.6626,0.7771,3.3415
61.6628,0.7637,3.2838
61.6630,0.7597,3.2668
61.6632,0.802,3.444
61.6634,0.7895,3.3947
61.6636,0.7657,3.2926
61.6638,0.7946,3.4152
61.6640,0.7584,3.2611
61.6642,0.726,3.1263
61.6644,0.6821,2.9359
61.6646,0.6827,2.9371
61.6648,0.7426,3.1931
61.6650,0.7634,3.2812
61.6652,0.8022,3.4493
61.6654,0.7571,3.2539
61.6656,0.7661,3.2941
61.6658,0.8008,3.4372
61.6660,0.8363,3.5912
61.6662,0.8329,3.5813
61.6664,0.8271,3.5549
61.6666,0.8395,3.6046
61.6668,0.8337,3.5816
61.6670,0.8476,3.643
61.6672,0.8302,3.57
61.6674,0.7724,3.3214
61.6676,0.7807,3.3523
61.6678,0.868,3.7272
61.6680,0.908,3.9009
61.6682,0.8404,3.6121
61.6684,0.8317,3.5761
61.6686,0.8728,3.7425
61.6688,0.9728,4.1655
61.6690,0.9209,3.9634
61.6692,0.7501,3.2285
61.6694,0.7615,3.273
61.6696,0.8011,3.4431
61.6698,0.7843,3.3693
61.6700,0.8166,3.5095
61.6702,0.8367,3.5961
61.6704,0.802,3.4456
61.6706,0.8197,3.5246
61.6708,0.809,3.4755
61.6710,0.9074,3.8965
61.6712,0.8691,3.737
61.6714,0.847,3.6438
61.6716,0.8359,3.5908
61.6718,0.8595,3.694
61.6720,0.8133,3.5005
61.6722,0.7588,3.2672
61.6724,0.6938,2.9874
61.6726,0.693,2.9829
61.6728,0.7468,3.2171
61.6730,0.7054,3.036
61.6732,0.7963,3.4224
61.6734,0.8036,3.4555
61.6736,0.8032,3.4572
61.6738,0.7839,3.3694
61.6740,0.8399,3.6134
61.6742,0.8151,3.505
61.6744,0.803,3.4513
61.6746,0.8138,3.5009
61.6748,0.7264,3.1307
61.6750,0.6813,2.9323
61.6752,0.7431,3.1951
61.6754,0.7363,3.1707
61.6756,0.71,3.0613
61.6758,0.7061,3.0406
61.6760,0.6718,2.8956
61.6762,0.6143,2.65
61.6764,0.657,2.8262
61.6766,0.7773,3.3441
61.6768,0.7018,3.0234
61.6770,0.6613,2.8501
61.6772,0.6657,2.8732
61.6774,0.5819,2.508
61.6776,0.582,2.512
61.6778,0.5693,2.4526
61.6780,0.6567,2.8305
61.6782,0.659,2.8363
61.6784,0.7185,3.0937
61.6786,0.6224,2.6839
61.6788,0.555,2.3956
61.6790,0.5401,2.3309
61.6792,0.5248,2.2672
61.6794,0.4505,1.9461
61.6796,0.4547,1.9642
61.6798,0.4559,1.9694
61.6800,0.4544,1.9614
61.6802,0.4518,1.9509
61.6804,0.4535,1.9581
61.6806,0.4458,1.9268
61.6808,0.4662,2.0139
61.6810,0.5741,2.4744
61.6812,0.5366,2.3169
61.6814,0.4972,2.1441
61.6816,0.5239,2.2579
61.6818,0.5781,2.4914
61.6820,0.5935,2.5569
61.6822,0.6157,2.65
61.6824,0.6517,2.8075
61.6826,0.644,2.7744
61.6828,0.6724,2.8914
61.6830,0.7492,3.2199
61.6832,0.7297,3.1393
61.6834,0.7163,3.0773
61.6836,0.7612,3.2684
61.6838,0.8078,3.4735
61.6840,0.8068,3.4678
61.6842,0.833,3.5751
61.6844,0.8468,3.6343
61.6846,0.8736,3.7461
61.6848,0.9224,3.9554
61.6850,0.9301,3.9864
61.6852,0.9728,4.1733
61.6854,0.9765,4.1892
61.6856,0.966,4.1439
61.6858,0.9365,4.0174
61.6860,0.9423,4.0464
61.6862,0.9296,3.9862
61.6864,0.966,4.142
61.6866,0.9722,4.1629
61.6868,1.0385,4.4448
61.6870,1.0988,4.7073
61.6872,1.0879,4.6627
61.6874,1.0681,4.5737
61.6876,1.0919,4.6731
61.6878,1.079,4.6204
61.6880,1.0308,4.4243
61.6882,0.938,4.0278
61.6884,0.9242,3.9686
61.6886,0.9222,3.958
61.6888,0.917,3.9396
61.6890,0.8901,3.8272
61.6892,0.8492,3.648
61.6894,0.8127,3.4914
61.6896,0.8384,3.6
61.6898,0.8966,3.8538
61.6900,0.8815,3.7942
61.6902,0.8197,3.5229
61.6904,0.8532,3.6638
61.6906,0.8405,3.6092
61.6908,0.8609,3.6968
61.6910,0.8916,3.8393
61.6912,0.7516,3.2407
61.6914,0.633,2.7281
61.6916,0.6626,2.8545
61.6918,0.6754,2.9111
61.6920,0.71,3.0557
61.6922,0.7586,3.2637
61.6924,0.757,3.258
61.6926,0.745,3.2063
61.6928,0.7323,3.1502
61.6930,0.7658,3.2931
61.6932,0.816,3.507
61.6934,0.879,3.7745
61.6936,0.8782,3.7779
61.6938,0.8102,3.4822
61.6940,0.8379,3.6013
61.6942,0.8556,3.6741
61.6944,0.8608,3.7014
61.6946,0.8538,3.6732
61.6948,0.814,3.5003
61.6950,0.8224,3.5381
61.6952,0.804,3.4586
61.6954,0.8096,3.4829
61.6956,0.7668,3.3003
61.6958,0.7404,3.1897
61.6960,0.7008,3.015
61.6962,0.7905,3.3961
61.6964,0.911,3.9156
61.6966,0.8422,3.6282
61.6968,0.6837,2.9481
61.6970,0.6649,2.8656
61.6972,0.6753,2.9079
61.6974,0.6655,2.8642
61.6976,0.7245,3.1195
61.6978,0.7956,3.4257
61.6980,0.7225,3.1084
61.6982,0.7155,3.0837
61.6984,0.6803,2.9295
61.6986,0.6728,2.897
61.6988,0.6754,2.9084
61.6990,0.6776,2.9177
61.6992,0.6861,2.9557
61.6994,0.7555,3.2487
61.6996,0.8421,3.6244
61.6998,0.7848,3.3714
61.7000,0.8592,3.6913
61.7002,0.8624,3.703
61.7004,0.8945,3.8445
61.7006,0.8235,3.546
61.7008,0.6753,2.9119
61.7010,0.6511,2.8075
61.7012,0.6512,2.8054
61.7014,0.6377,2.7496
61.7016,0.6362,2.7446
61.7018,0.6311,2.7186
61.7020,0.6374,2.7473
61.7022,0.6392,2.7537
61.7024,0.6447,2.7775
61.7026,0.6486,2.794
61.7028,0.7568,3.2559
61.7030,0.7908,3.4067
61.7032,0.686,2.9566
61.7034,0.6481,2.7945
61.7036,0.6362,2.7421
61.7038,0.6469,2.7829
61.7040,0.7207,3.1064
61.7042,0.6239,2.6951
61.7044,0.5402,2.3325
61.7046,0.6038,2.6001
61.7048,0.6713,2.8935
61.7050,0.632,2.7265
61.7052,0.5896,2.5446
61.7054,0.5037,2.1741
61.7056,0.4886,2.1088
61.7058,0.5236,2.2621
61.7060,0.5061,2.1844
61.7062,0.5905,2.5452
61.7064,0.6017,2.5933
61.7066,0.5805,2.5041
61.7068,0.5397,2.3282
61.7070,0.5984,2.5781
61.7072,0.5887,2.541
61.7074,0.5317,2.2957
61.7076,0.598,2.5748
61.7078,0.7115,3.0638
61.7080,0.6769,2.9119
61.7082,0.665,2.8688
61.7084,0.5656,2.4388
61.7086,0.5799,2.4992
61.7088,0.6359,2.7355
61.7090,0.7309,3.1489
61.7092,0.6932,2.9848
61.7094,0.6953,2.9913
61.7096,0.757,3.2549
61.7098,0.7556,3.2538
61.7100,0.6791,2.923
61.7102,0.6753,2.9106
61.7104,0.648,2.7888
61.7106,0.6548,2.8209
61.7108,0.652,2.8064
61.7110,0.701,3.0169
61.7112,0.7295,3.1369
61.7114,0.7869,3.3854
61.7116,0.7348,3.161
61.7118,0.7625,3.2756
61.7120,0.7803,3.357
61.7122,0.6682,2.8801
61.7124,0.618,2.6623
61.7126,0.6251,2.6915
61.7128,0.6457,2.7816
61.7130,0.648,2.7888
61.7132,0.7013,3.0185
61.7134,0.6585,2.8329
61.7136,0.6974,2.9987
61.7138,0.7239,3.1141
61.7140,0.7231,3.1124
61.7142,0.7446,3.2018
61.7144,0.7719,3.3163
61.7146,0.8163,3.5085
61.7148,0.8212,3.5329
61.7150,0.774,3.3297
61.7152,0.7089,3.051
61.7154,0.6996,3.0113
61.7156,0.7151,3.0764
61.7158,0.7582,3.2586
61.7160,0.827,3.5527
61.7162,0.8495,3.6513
61.7164,0.7817,3.3596
61.7166,0.8395,3.5962
61.7168,0.997,4.2732
61.7170,1.0208,4.3729
61.7172,1.0462,4.4839
61.7174,1.0222,4.3832
61.7176,1.0296,4.4109
61.7178,1.0971,4.6979
61.7180,1.123,4.8066
61.7182,1.0812,4.634
61.7184,1.0211,4.3744
61.7186,1.0145,4.3502
61.7188,1.0032,4.3059
61.7190,1.0265,4.3996
61.7192,1.0261,4.4001
61.7194,0.9799,4.2017
61.7196,1.0066,4.3143
61.7198,1.0637,4.5525
61.7200,1.1385,4.8705
61.7202,1.1976,5.1258
61.7204,1.1803,5.0472
61.7206,1.1765,5.0331
61.7208,1.1648,4.9968
61.7210,0.9871,4.2364
61.7212,0.9277,3.9854
61.7214,0.8408,3.6187
61.7216,0.7686,3.308
61.7218,0.7454,3.2069
61.7220,0.7439,3.2062
61.7222,0.7397,3.1851
61.7224,0.7085,3.0495
61.7226,0.7383,3.1745
61.7228,0.838,3.6018
61.7230,0.8505,3.6554
61.7232,0.8498,3.6506
61.7234,0.8998,3.8654
61.7236,0.9258,3.9772
61.7238,0.9306,4.0034
61.7240,0.8313,3.5696
61.7242,0.8723,3.7492
61.7244,0.8318,3.5767
61.7246,0.8212,3.5362
61.7248,0.757,3.2595
61.7250,0.7781,3.3457
61.7252,0.7993,3.4385
61.7254,0.7735,3.3307
61.7256,0.7775,3.3431
61.7258,0.8082,3.4735
61.7260,0.8169,3.5144
61.7262,0.7914,3.4029
61.7264,0.7788,3.3534
61.7266,0.7715,3.3219
61.7268,0.7976,3.4313
61.7270,0.7681,3.3059
61.7272,0.7472,3.2191
61.7274,0.7161,3.0834
61.7276,0.7059,3.0423
61.7278,0.6585,2.8382
61.7280,0.6622,2.8529
61.7282,0.6879,2.9648
61.7284,0.6678,2.878
61.7286,0.6371,2.7495
61.7288,0.5915,2.5505
61.7290,0.6318,2.7242
61.7292,0.5907,2.5469
61.7294,0.6365,2.7444
61.7296,0.6637,2.8631
61.7298,0.6023,2.5994
61.7300,0.5817,2.5104
61.7302,0.5908,2.5486
61.7304,0.5911,2.5525
61.7306,0.5157,2.2289
61.7308,0.4927,2.1284
61.7310,0.5037,2.1741
61.7312,0.6371,2.7457
61.7314,0.6897,2.9712
61.7316,0.6747,2.908
61.7318,0.6433,2.7726
61.7320,0.6558,2.8263
61.7322,0.6538,2.8181
61.7324,0.6526,2.8116
61.7326,0.6722,2.8931
61.7328,0.7272,3.1329
61.7330,0.7652,3.289
61.7332,0.7848,3.3761
61.7334,0.7426,3.196
61.7336,0.7584,3.2581
61.7338,0.8326,3.5769
61.7340,0.8252,3.5516
61.7342,0.7525,3.2374
61.7344,0.777,3.3426
61.7346,0.7835,3.3736
61.7348,0.773,3.3256
61.7350,0.7763,3.341
61.7352,0.7246,3.1186
61.7354,0.7414,3.1938
61.7356,0.7138,3.0679
61.7358,0.7905,3.3977
61.7360,0.8133,3.5005
61.7362,0.7915,3.405
61.7364,0.7668,3.3003
61.7366,0.7811,3.3554
61.7368,0.8465,3.6384
61.7370,0.8669,3.7329
61.7372,0.7516,3.2362
61.7374,0.665,2.8648
61.7376,0.6785,2.9245
61.7378,0.6132,2.6465
61.7380,0.5808,2.5068
61.7382,0.5687,2.4534
61.7384,0.5675,2.4494
61.7386,0.5645,2.4353
61.7388,0.5627,2.4264
61.7390,0.5649,2.4301
61.7392,0.691,2.9741
61.7394,0.7018,3.029
61.7396,0.5752,2.4836
61.7398,0.5582,2.4068
61.7400,0.6235,2.6861
61.7402,0.7052,3.0364
61.7404,0.6911,2.9788
61.7406,0.6778,2.9201
61.7408,0.6125,2.6422
61.7410,0.5808,2.5057
61.7412,0.5761,2.4866
61.7414,0.5742,2.4784
61.7416,0.5847,2.5199
61.7418,0.6577,2.832
61.7420,0.6349,2.7377
61.7422,0.6779,2.9138
61.7424,0.8255,3.5416
61.7426,0.8651,3.7252
61.7428,0.7146,3.0744
61.7430,0.7297,3.1408
61.7432,0.7478,3.2172
61.7434,0.717,3.0847
61.7436,0.7644,3.2869
61.7438,0.7964,3.423
61.7440,0.7427,3.1965
61.7442,0.6873,2.965
61.7444,0.6082,2.6236
61.7446,0.5823,2.5095
61.7448,0.5863,2.5294
61.7450,0.6017,2.5945
61.7452,0.6089,2.6206
61.7454,0.6633,2.8615
61.7456,0.5493,2.3707
61.7458,0.6145,2.6412
61.7460,0.7369,3.1806
61.7462,0.5531,2.3862
61.7464,0.5825,2.5106
61.7466,0.6074,2.6181
61.7468,0.5752,2.479
61.7470,0.5926,2.5575
61.7472,0.5374,2.3184
61.7474,0.5137,2.216
61.7476,0.5526,2.3797
61.7478,0.6775,2.9185
61.7480,0.6568,2.831
61.7482,0.6078,2.622
61.7484,0.6007,2.5891
61.7486,0.6133,2.6434
61.7488,0.6422,2.7666
61.7490,0.6047,2.6038
61.7492,0.6907,2.9767
61.7494,0.6314,2.7227
61.7496,0.5964,2.5681
61.7498,0.6553,2.8177
61.7500,0.7579,3.2606
61.7502,0.7383,3.173
61.7504,0.7867,3.3781
61.7506,0.8219,3.5294
61.7508,0.8654,3.7124
61.7510,0.9277,3.9854
61.7512,0.8639,3.7079
61.7514,0.8889,3.8114
61.7516,0.963,4.1292
61.7518,0.9233,3.9627
61.7520,0.9017,3.87
61.7522,0.9389,4.0314
61.7524,0.8814,3.7813
61.7526,0.9444,4.0514
61.7528,0.9853,4.2228
61.7530,1.0067,4.3168
61.7532,0.9338,4.0061
61.7534,0.9303,3.9893
61.7536,0.9959,4.2686
61.7538,1.0113,4.3404
61.7540,0.8959,3.8489
61.7542,0.9263,3.9755
61.7544,0.9432,4.05
61.7546,0.8978,3.8554
61.7548,0.9008,3.8664
61.7550,0.9253,3.9659
61.7552,0.9475,4.0704
61.7554,0.8445,3.6262
61.7556,0.8935,3.8368
61.7558,0.9273,3.9783
61.7560,0.9925,4.2596
61.7562,1.0004,4.2916
61.7564,0.9722,4.1726
61.7566,0.8537,3.671
61.7568,0.7853,3.3782
61.7570,0.8487,3.6426
61.7572,0.9749,4.1864
61.7574,0.9401,4.031
61.7576,0.9004,3.8716
61.7578,0.8082,3.4702
61.7580,0.8815,3.7906
61.7582,0.8487,3.6477
61.7584,0.8227,3.5408
61.7586,0.7216,3.1072
61.7588,0.7289,3.1372
61.7590,0.7541,3.2471
61.7592,0.7627,3.2812
61.7594,0.7614,3.2755
61.7596,0.7794,3.3529
61.7598,0.7907,3.3966
61.7600,0.8582,3.6901
61.7602,0.8289,3.5643
61.7604,0.8627,3.708
61.7606,0.8391,3.6165
61.7608,0.7013,3.0185
61.7610,0.738,3.1749
61.7612,0.753,3.2364
61.7614,0.7525,3.2419
61.7616,0.6871,2.964
61.7618,0.5995,2.5875
61.7620,0.5248,2.2672
61.7622,0.5742,2.4761
61.7624,0.6182,2.6658
61.7626,0.6422,2.7679
61.7628,0.6699,2.8873
61.7630,0.5701,2.4619
61.7632,0.5065,2.188
61.7634,0.4831,2.086
61.7636,0.4972,2.1491
61.7638,0.4976,2.1477
61.7640,0.5373,2.3168
61.7642,0.6011,2.5931
61.7644,0.5712,2.4643
61.7646,0.5198,2.2424
61.7648,0.5181,2.2351
61.7650,0.5676,2.4522
61.7652,0.56,2.4134
61.7654,0.5811,2.5044
61.7656,0.666,2.8649
61.7658,0.7654,3.291
61.7660,0.7678,3.2998
61.7662,0.791,3.3998
61.7664,0.7504,3.2296
61.7666,0.6311,2.7224
61.7668,0.5513,2.3806
61.7670,0.561,2.4181
61.7672,0.6195,2.6678
61.7674,0.6259,2.6976
61.7676,0.6252,2.6945
61.7678,0.6414,2.7617
61.7680,0.6531,2.8123
61.7682,0.6537,2.8162
61.7684,0.7513,3.2352
61.7686,0.6978,3.0091
61.7688,0.5651,2.4345
61.7690,0.62,2.6698
61.7692,0.6922,2.9848
61.7694,0.6354,2.7359
61.7696,0.6212,2.68
61.7698,0.5205,2.2465
61.7700,0.5133,2.2144
61.7702,0.5698,2.4592
61.7704,0.5098,2.2015
61.7706,0.4808,2.0762
61.7708,0.4733,2.0426
61.7710,0.4586,1.9804
61.7712,0.4589,1.9805
61.7714,0.4831,2.0841
61.7716,0.5516,2.3794
61.7718,0.5071,2.1906
61.7720,0.4571,1.9746
61.7722,0.4463,1.928
61.7724,0.445,1.9214
61.7726,0.4613,1.9899
61.7728,0.5008,2.1616
61.7730,0.5025,2.1669
61.7732,0.5917,2.5456
61.7734,0.6547,2.8217
61.7736,0.6317,2.7225
61.7738,0.6067,2.6101
61.7740,0.6679,2.8745
61.7742,0.7255,3.1213
61.7744,0.7567,3.2554
61.7746,0.7241,3.1166
61.7748,0.661,2.8451
61.7750,0.7139,3.0727
61.7752,0.7302,3.1414
61.7754,0.6972,3.0051
61.7756,0.6879,2.9621
61.7758,0.6723,2.8909
61.7760,0.7207,3.1007
61.7762,0.7175,3.0882
61.7764,0.6951,2.9889
61.7766,0.6959,2.9911
61.7768,0.7639,3.2848
61.7770,0.7133,3.073
61.7772,0.5958,2.5691
61.7774,0.609,2.626
61.7776,0.6006,2.5874
61.7778,0.6324,2.7243
61.7780,0.5966,2.5727
61.7782,0.5855,2.5258
61.7784,0.5891,2.5413
61.7786,0.598,2.576
61.7788,0.5767,2.4892
61.7790,0.5126,2.2134
61.7792,0.489,2.1094
61.7794,0.4884,2.1068
61.7796,0.4901,2.1141
61.7798,0.4881,2.1078
61.7800,0.4895,2.1105
61.7802,0.4941,2.1336
61.7804,0.4911,2.1187
61.7806,0.6026,2.5974
61.7808,0.5999,2.5855
61.7810,0.5867,2.5287
61.7812,0.5229,2.2558
61.7814,0.5038,2.1726
61.7816,0.5332,2.2971
61.7818,0.554,2.3865
61.7820,0.5889,2.5356
61.7822,0.6716,2.8905
61.7824,0.6695,2.8737
61.7826,0.702,3.0216
61.7828,0.6987,3.0043
61.7830,0.7102,3.0524
61.7832,0.7239,3.1112
61.7834,0.7776,3.3421
61.7836,0.7962,3.4187
61.7838,0.9059,3.8808
61.7840,0.9977,4.2743
61.7842,0.9854,4.2233
61.7844,0.9776,4.186
61.7846,0.9716,4.1623
61.7848,0.9917,4.2526
61.7850,0.9736,4.1749
61.7852,0.9528,4.0874
61.7854,0.9559,4.0931
61.7856,1.0017,4.2912
61.7858,1.0142,4.3426
61.7860,1.0188,4.3647
61.7862,1.0062,4.3047
61.7864,1.0502,4.5056
61.7866,0.9757,4.1837
61.7868,0.9089,3.9027
61.7870,0.8825,3.7859
61.7872,0.8958,3.8466
61.7874,0.8253,3.5472
61.7876,0.7646,3.2864
61.7878,0.8071,3.4737
61.7880,0.8055,3.4654
61.7882,0.7524,3.2353
61.7884,0.7746,3.3323
61.7886,0.7856,3.3813
61.7888,0.7137,3.0688
61.7890,0.685,2.9483
61.7892,0.7118,3.0591
61.7894,0.7803,3.357
61.7896,0.7465,3.2131
61.7898,0.6782,2.9162
61.7900,0.7603,3.2678
61.7902,0.7922,3.4097
61.7904,0.7384,3.1794
61.7906,0.7055,3.0323
61.7908,0.751,3.2291
61.7910,0.7549,3.2462
61.7912,0.7535,3.2415
61.7914,0.7548,3.2487
61.7916,0.7249,3.1202
61.7918,0.6705,2.8899
61.7920,0.6235,2.6823
61.7922,0.6874,2.96
61.7924,0.6402,2.7591
61.7926,0.6596,2.8389
61.7928,0.6857,2.9542
61.7930,0.6537,2.8149
61.7932,0.6717,2.8937
61.7934,0.6878,2.9643
61.7936,0.6333,2.7234
61.7938,0.7378,3.168
61.7940,0.82,3.5196
61.7942,0.8543,3.6753
61.7944,0.7255,3.1242
61.7946,0.7448,3.2029
61.7948,0.7827,3.3642
61.7950,0.7757,3.34
61.7952,0.7018,3.0206
61.7954,0.7269,3.1255
61.7956,0.7408,3.1898
61.7958,0.6555,2.8266
61.7960,0.5807,2.504
61.7962,0.5716,2.4658
61.7964,0.5838,2.5163
61.7966,0.6121,2.6358
61.7968,0.6158,2.6567
61.7970,0.5239,2.2589
61.7972,0.7572,3.2529
61.7974,0.802,3.4504
61.7976,0.7844,3.3714
61.7978,0.8301,3.5628
61.7980,0.867,3.73
61.7982,0.8042,3.4613
61.7984,0.7113,3.0599
61.7986,0.7181,3.0836
61.7988,0.8468,3.6309
61.7990,0.896,3.8512
61.7992,0.7839,3.3756
61.7994,0.7104,3.0634
61.7996,0.6233,2.685
61.7998,0.6107,2.6308
61.8000,0.6125,2.6385
61.8002,0.6173,2.6604
61.8004,0.6156,2.6532
61.8006,0.6248,2.6917
61.8008,0.6271,2.7028
61.8010,0.6276,2.7049
61.8012,0.6263,2.7004
61.8014,0.6252,2.6945
61.8016,0.646,2.7793
61.8018,0.7319,3.1457
61.8020,0.7932,3.409
61.8022,0.7426,3.196
61.8024,0.6944,2.9941
61.8026,0.604,2.6031
61.8028,0.617,2.6557
61.8030,0.6325,2.7286
61.8032,0.549,2.3686
61.8034,0.5484,2.366
61.8036,0.5442,2.3479
61.8038,0.542,2.337
61.8040,0.5418,2.3354
61.8042,0.546,2.3546
61.8044,0.5456,2.3536
61.8046,0.5436,2.3464
61.8048,0.5416,2.3365
61.8050,0.541,2.3318
61.8052,0.6016,2.5855
61.8054,0.714,3.0718
61.8056,0.7236,3.1159
61.8058,0.6673,2.8773
61.8060,0.5811,2.4997
61.8062,0.7156,3.0785
61.8064,0.7506,3.2321
61.8066,0.7059,3.0409
61.8068,0.6054,2.6081
61.8070,0.5648,2.4363
61.8072,0.568,2.4458
61.8074,0.7008,3.0164
61.8076,0.6935,2.985
61.8078,0.7204,3.1006
61.8080,0.7255,3.1198
61.8082,0.7668,3.2987
61.8084,0.7212,3.0984
61.8086,0.8247,3.5413
61.8088,0.7926,3.4065
61.8090,0.7606,3.2704
61.8092,0.7633,3.2868
61.8094,0.6879,2.9593
61.8096,0.7074,3.042
61.8098,0.7408,3.1868
61.8100,0.7628,3.2802
61.8102,0.7553,3.2447
61.8104,0.7422,3.1989
61.8106,0.6052,2.6094
61.8108,0.6138,2.6442
61.8110,0.609,2.6248
61.8112,0.568,2.4514
61.8114,0.5066,2.1855
61.8116,0.4951,2.1348
61.8118,0.5398,2.3298
61.8120,0.4989,2.1534
61.8122,0.4984,2.1503
61.8124,0.5245,2.2636
61.8126,0.5448,2.3483
61.8128,0.5782,2.4885
61.8130,0.6284,2.7072
61.8132,0.6136,2.6444
61.8134,0.6058,2.6084
61.8136,0.6555,2.8161
61.8138,0.7006,3.0168
61.8140,0.621,2.674
61.8142,0.6297,2.7117
61.8144,0.6481,2.792
61.8146,0.5741,2.4755
61.8148,0.5679,2.4475
61.8150,0.6167,2.6542
61.8152,0.6835,2.9348
61.8154,0.7781,3.3472
61.8156,0.6998,3.0104
61.8158,0.7562,3.2518
61.8160,0.8037,3.4512
61.8162,0.846,3.6296
61.8164,0.8639,3.7062
61.8166,0.8447,3.629
61.8168,0.8156,3.5038
61.8170,0.8019,3.4435
61.8172,0.8306,3.5682
61.8174,0.8722,3.7434
61.8176,0.927,3.9731
61.8178,0.903,3.8757
61.8180,0.9061,3.8855
61.8182,0.9743,4.1741
61.8184,0.9861,4.2284
61.8186,0.9401,4.031
61.8188,0.9996,4.2805
61.8190,1.0351,4.4325
61.8192,1.0492,4.4925
61.8194,1.0827,4.6341
61.8196,1.1181,4.7878
61.8198,1.0246,4.3955
61.8200,0.9313,4.0102
61.8202,0.7333,3.1578
61.8204,0.7247,3.1206
61.8206,0.7219,3.1058
61.8208,0.7207,3.1007
61.8210,0.7273,3.1305
61.8212,0.7442,3.2018
61.8214,0.7905,3.3993
61.8216,0.7399,3.1817
61.8218,0.7618,3.274
61.8220,0.8178,3.5131
61.8222,0.8636,3.7133
61.8224,0.7992,3.438
61.8226,0.7633,3.2792
61.8228,0.7476,3.2162
61.8230,0.7001,3.0161
61.8232,0.6821,2.9332
61.8234,0.7484,3.2228
61.8236,0.6998,3.0104
61.8238,0.6833,2.9438
61.8240,0.6616,2.8503
61.8242,0.695,2.9925
61.8244,0.7162,3.0782
61.8246,0.7609,3.2704
61.8248,0.7478,3.2157
61.8250,0.7451,3.2069
61.8252,0.7049,3.0396
61.8254,0.605,2.6053
61.8256,0.6252,2.6945
61.8258,0.6162,2.6546
61.8260,0.67,2.8892
61.8262,0.6036,2.6015
61.8264,0.5691,2.455
61.8266,0.5323,2.2951
61.8268,0.5884,2.5347
61.8270,0.6144,2.6505
61.8272,0.5615,2.4201
61.8274,0.5759,2.4856
61.8276,0.5134,2.2129
61.8278,0.5552,2.3961
61.8280,0.5685,2.4512
61.8282,0.5835,2.5147
61.8284,0.554,2.3842
61.8286,0.6632,2.8597
61.8288,0.5903,2.5489
61.8290,0.5098,2.2004
61.8292,0.4698,2.0295
61.8294,0.414,1.7886
61.8296,0.4055,1.751
61.8298,0.3945,1.7026
61.8300,0.5534,2.3872
61.8302,0.5646,2.4358
61.8304,0.5773,2.4872
61.8306,0.5661,2.4432
61.8308,0.558,2.404
61.8310,0.5969,2.5702
61.8312,0.5848,2.5204
61.8314,0.5809,2.5038
61.8316,0.6125,2.6373
61.8318,0.6606,2.843
61.8320,0.6956,2.9965
61.8322,0.7283,3.1317
61.8324,0.723,3.1076
61.8326,0.6994,3.0116
61.8328,0.6501,2.7994
61.8330,0.6475,2.7855
61.8332,0.6488,2.7925
61.8334,0.6857,2.95
61.8336,0.704,3.0299
61.8338,0.6637,2.8551
61.8340,0.652,2.8077
61.8342,0.6718,2.8889
61.8344,0.7426,3.1901
61.8346,0.7778,3.3462
61.8348,0.6498,2.8005
61.8350,0.6438,2.7695
61.8352,0.7431,3.1936
61.8354,0.759,3.2637
61.8356,0.6832,2.9392
61.8358,0.7013,3.0185
61.8360,0.644,2.7731
61.8362,0.6059,2.6101
61.8364,0.5923,2.5506
61.8366,0.5935,2.5605
61.8368,0.495,2.1383
61.8370,0.4779,2.0628
61.8372,0.4821,2.0799
61.8374,0.4729,2.042
61.8376,0.4936,2.1286
61.8378,0.5103,2.2015
61.8380,0.4749,2.0499
61.8382,0.4854,2.0929
61.8384,0.557,2.4027
61.8386,0.5108,2.2046
61.8388,0.467,2.0148
61.8390,0.4668,2.0147
61.8392,0.4706,2.0303
61.8394,0.5221,2.2501
61.8396,0.5675,2.4414
61.8398,0.6029,2.5948
61.8400,0.5944,2.5605
61.8402,0.6055,2.6098
61.8404,0.5287,2.2785
61.8406,0.5173,2.2253
61.8408,0.6224,2.6802
61.8410,0.6044,2.6051
61.8412,0.6013,2.5869
61.8414,0.6038,2.5989
61.8416,0.6005,2.5845
61.8418,0.6348,2.7346
61.8420,0.6234,2.6843
61.8422,0.6082,2.6187
61.8424,0.6181,2.6591
61.8426,0.6727,2.8965
61.8428,0.612,2.634
61.8430,0.6169,2.6552
61.8432,0.6038,2.6001
61.8434,0.5856,2.524
61.8436,0.5879,2.5326
61.8438,0.5856,2.5228
61.8440,0.5988,2.5797
61.8442,0.5607,2.4176
61.8444,0.4989,2.1504
61.8446,0.5038,2.1695
61.8448,0.5859,2.5215
61.8450,0.5689,2.4533
61.8452,0.4982,2.1503
61.8454,0.4926,2.1259
61.8456,0.4875,2.1022
61.8458,0.5013,2.1587
61.8460,0.5698,2.4569
61.8462,0.5187,2.2367
61.8464,0.5597,2.4045
61.8466,0.6685,2.8744
61.8468,0.5992,2.5812
61.8470,0.5355,2.308
61.8472,0.4935,2.1291
61.8474,0.4923,2.121
61.8476,0.5486,2.3632
61.8478,0.5809,2.5004
61.8480,0.6342,2.7282
61.8482,0.6838,2.9363
61.8484,0.7992,3.4364
61.8486,0.7519,3.2303
61.8488,0.7166,3.0783
61.8490,0.767,3.2936
61.8492,0.7757,3.3323
61.8494,0.714,3.0675
61.8496,0.7624,3.2705
61.8498,0.8343,3.5791
61.8500,0.8435,3.6103
61.8502,0.9932,4.2508
61.8504,0.9869,4.228
61.8506,0.9212,3.9521
61.8508,0.9148,3.9225
61.8510,0.9196,3.9412
61.8512,0.9584,4.1039
61.8514,0.9811,4.2068
61.8516,0.9576,4.1041
61.8518,1.0258,4.3883
61.8520,1.1264,4.8142
61.8522,1.0907,4.6724
61.8524,1.0091,4.3211
61.8526,1.0285,4.4022
61.8528,1.0187,4.3703
61.8530,0.8236,3.5449
61.8532,0.7451,3.2069
61.8534,0.759,3.2622
61.8536,0.8332,3.5778
61.8538,0.8586,3.6818
61.8540,0.9036,3.8765
61.8542,0.9052,3.885
61.8544,0.8151,3.5099
61.8546,0.6904,2.9688
61.8548,0.797,3.4287
61.8550,0.7242,3.1171
61.8552,0.7029,3.0252
61.8554,0.6776,2.9136
61.8556,0.7172,3.0794
61.8558,0.7983,3.428
61.8560,0.8307,3.5704
61.8562,0.819,3.5182
61.8564,0.7957,3.4199
61.8566,0.7832,3.3663
61.8568,0.7705,3.3132
61.8570,0.7636,3.2818
61.8572,0.7492,3.2229
61.8574,0.7576,3.253
61.8576,0.8191,3.522
61.8578,0.7627,3.2827
61.8580,0.7498,3.2225
61.8582,0.7444,3.2038
61.8584,0.7583,3.2606
61.8586,0.7691,3.3024
61.8588,0.8594,3.6867
61.8590,0.8474,3.642
61.8592,0.8043,3.4586
61.8594,0.8279,3.5585
61.8596,0.813,3.4941
61.8598,0.821,3.527
61.8600,0.8251,3.5494
61.8602,0.7577,3.2565
61.8604,0.7564,3.2523
61.8606,0.7026,3.0284
61.8608,0.6072,2.6158
61.8610,0.6386,2.7524
61.8612,0.5921,2.5531
61.8614,0.651,2.8017
61.8616,0.7329,3.1586
61.8618,0.6263,2.6992
61.8620,0.5928,2.5526
61.8622,0.5873,2.5312
61.8624,0.5925,2.5546
61.8626,0.5829,2.5121
61.8628,0.5628,2.4281
61.8630,0.5644,2.4337
61.8632,0.6128,2.6389
61.8634,0.6362,2.7395
61.8636,0.6309,2.7181
61.8638,0.6389,2.7496
61.8640,0.644,2.7731
61.8642,0.6403,2.7571
61.8644,0.65,2.7963
61.8646,0.7452,3.2044
61.8648,0.8178,3.5131
61.8650,0.8109,3.4821
61.8652,0.7908,3.4035
61.8654,0.663,2.8573
61.8656,0.6233,2.685
61.8658,0.6235,2.6861
61.8660,0.6603,2.8433
61.8662,0.6404,2.7576
61.8664,0.6969,2.9966
61.8666,0.762,3.2781
61.8668,0.6799,2.9248
61.8670,0.6404,2.7563
61.8672,0.6285,2.709
61.8674,0.6465,2.7865
61.8676,0.6802,2.9263
61.8678,0.7481,3.2168
61.8680,0.7679,3.2957
61.8682,0.8601,3.7035
61.8684,0.6813,2.9323
61.8686,0.6817,2.9352
61.8688,0.6697,2.8809
61.8690,0.6963,3.0024
61.8692,0.5782,2.4954
61.8694,0.5354,2.3096
61.8696,0.5389,2.3235
61.8698,0.5534,2.3872
61.8700,0.5758,2.4839
61.8702,0.5478,2.3623
61.8704,0.5243,2.261
61.8706,0.5321,2.2935
61.8708,0.5404,2.3303
61.8710,0.5348,2.3092
61.8712,0.5249,2.2646
61.8714,0.5441,2.3452
61.8716,0.5454,2.352
61.8718,0.5608,2.4159
61.8720,0.6008,2.5884
61.8722,0.6082,2.6175
61.8724,0.6649,2.8616
61.8726,0.7028,3.0261
61.8728,0.7263,3.1186
61.8730,0.7859,3.376
61.8732,0.8252,3.545
61.8734,0.8095,3.4743
61.8736,0.8811,3.7745
61.8738,0.956,4.0974
61.8740,0.9362,4.0164
61.8742,0.9184,3.9434
61.8744,0.85,3.6499
61.8746,0.7911,3.3955
61.8748,0.8474,3.6403
61.8750,0.8407,3.6131
61.8752,0.7998,3.4374
61.8754,0.8288,3.5654
61.8756,0.8018,3.4478
61.8758,0.8143,3.4981
61.8760,0.8227,3.5325
61.8762,0.842,3.6188
61.8764,0.7926,3.4096
61.8766,0.7447,3.2038
61.8768,0.7151,3.0793
61.8770,0.6523,2.8126
61.8772,0.5706,2.464
61.8774,0.5131,2.2134
61.8776,0.509,2.1968
61.8778,0.5163,2.2274
61.8780,0.5648,2.433
61.8782,0.6127,2.6408
61.8784,0.5367,2.3142
61.8786,0.5058,2.1829
61.8788,0.5101,2.2015
61.8790,0.5073,2.1876
61.8792,0.5097,2.1979
61.8794,0.5585,2.4061
61.8796,0.6212,2.675
61.8798,0.6263,2.6954
61.8800,0.6445,2.7726
61.8802,0.6432,2.7695
61.8804,0.6019,2.5991
61.8806,0.5082,2.1932
61.8808,0.4935,2.1281
61.8810,0.5279,2.2765
61.8812,0.6047,2.6025
61.8814,0.7242,3.1113
61.8816,0.7966,3.4176
61.8818,0.8259,3.5448
61.8820,0.8656,3.7169
61.8822,0.8993,3.8579
61.8824,0.8247,3.5462
61.8826,0.745,3.2019
61.8828,0.7678,3.2998
61.8830,0.8245,3.537
61.8832,0.8565,3.6726
61.8834,0.8946,3.8415
61.8836,0.8223,3.5343
61.8838,0.8504,3.6481
61.8840,0.9028,3.8729
61.8842,0.9411,4.0337
61.8844,0.9723,4.1693
61.8846,0.9859,4.2274
61.8848,0.9694,4.153
61.8850,1.0431,4.4601
61.8852,1.0951,4.6848
61.8854,1.076,4.6119
61.8856,0.9949,4.2699
61.8858,0.927,3.9768
61.8860,0.9208,3.9463
61.8862,0.9657,4.1429
61.8864,0.8813,3.7825
61.8866,0.877,3.7763
61.8868,0.7999,3.4379
61.8870,0.8868,3.8062
61.8872,0.8637,3.7173
61.8874,0.7122,3.064
61.8876,0.7319,3.1486
61.8878,0.7435,3.1987
61.8880,0.8121,3.4905
61.8882,0.7922,3.4049
61.8884,0.777,3.3441
61.8886,0.7356,3.1661
61.8888,0.7257,3.1276
61.8890,0.6518,2.8041
61.8892,0.6578,2.8338
61.8894,0.6414,2.7579
61.8896,0.7873,3.3932
61.8898,0.6892,2.9678
61.8900,0.7007,3.0201
61.8902,0.6833,2.9397
61.8904,0.6699,2.8886
61.8906,0.6128,2.6438
61.8908,0.5734,2.4713
61.8910,0.549,2.3664
61.8912,0.573,2.4697
61.8914,0.6037,2.6032
61.8916,0.6032,2.5976
61.8918,0.6724,2.8955
61.8920,0.6585,2.8382
61.8922,0.6459,2.7827
61.8924,0.6465,2.7852
61.8926,0.6198,2.67
61.8928,0.6014,2.5934
61.8930,0.5447,2.3489
61.8932,0.5933,2.5594
61.8934,0.6216,2.679
61.8936,0.6452,2.7744
61.8938,0.6881,2.9617
61.8940,0.6309,2.7181
61.8942,0.6295,2.7081
61.8944,0.6731,2.8959
61.8946,0.6721,2.8953
61.8948,0.664,2.8607
61.8950,0.6168,2.6584
61.8952,0.5873,2.5312
61.8954,0.604,2.6031
61.8956,0.5917,2.5551
61.8958,0.5195,2.2413
61.8960,0.5632,2.4285
61.8962,0.6082,2.6199
61.8964,0.5995,2.5827
61.8966,0.614,2.6477
61.8968,0.5624,2.426
61.8970,0.4687,2.0229
61.8972,0.4625,1.997
61.8974,0.4624,1.9964
61.8976,0.5005,2.1561
61.8978,0.6124,2.6392
61.8980,0.5875,2.5346
61.8982,0.5494,2.3723
61.8984,0.4824,2.0829
61.8986,0.4506,1.9439
61.8988,0.4481,1.9348
61.8990,0.4486,1.9378
61.8992,0.4492,1.9395
61.8994,0.4505,1.9434
61.8996,0.4492,1.9404
61.8998,0.4495,1.9419
61.9000,0.448,1.9352
61.9002,0.4457,1.9236
61.9004,0.4469,1.9279
61.9006,0.4445,1.9166
61.9008,0.4453,1.922
61.9010,0.4782,2.0619
61.9012,0.5327,2.295
61.9014,0.5188,2.2382
61.9016,0.4766,2.0571
61.9018,0.4633,2.0006
61.9020,0.4609,1.9875
61.9022,0.5049,2.1772
61.9024,0.5329,2.2977
61.9026,0.467,2.0148
61.9028,0.4562,1.97
61.9030,0.4549,1.9616
61.9032,0.453,1.9552
61.9034,0.447,1.9311
61.9036,0.4427,1.9115
61.9038,0.4424,1.9087
61.9040,0.447,1.9302
61.9042,0.4465,1.9272
61.9044,0.4538,1.957
61.9046,0.4488,1.9352
61.9048,0.4465,1.9263
61.9050,0.4474,1.9308
61.9052,0.4487,1.9365
61.9054,0.4669,2.0114
61.9056,0.5187,2.2336
61.9058,0.5668,2.4406
61.9060,0.5875,2.5287
61.9062,0.6113,2.6285
61.9064,0.6639,2.8535
61.9066,0.6155,2.6515
61.9068,0.5567,2.4006
61.9070,0.5212,2.2454
61.9072,0.5224,2.2517
61.9074,0.4953,2.1349
61.9076,0.4994,2.1514
61.9078,0.5482,2.3606
61.9080,0.5693,2.4503
61.9082,0.5926,2.5481
61.9084,0.6446,2.777
61.9086,0.6283,2.7055
61.9088,0.6072,2.6146
61.9090,0.5301,2.2858
61.9092,0.5537,2.3843
61.9094,0.5523,2.3792
61.9096,0.4835,2.0847
61.9098,0.5114,2.2041
61.9100,0.4934,2.1286
61.9102,0.4504,1.9429
61.9104,0.3993,1.7249
61.9106,0.3763,1.6262
61.9108,0.3544,1.5312
61.9110,0.3517,1.52
61.9112,0.3627,1.5655
61.9114,0.3835,1.6535
61.9116,0.408,1.7595
61.9118,0.4377,1.8863
61.9120,0.4883,2.1024
61.9122,0.5276,2.2718
61.9124,0.5824,2.5077
61.9126,0.6126,2.6378
61.9128,0.6108,2.6276
61.9130,0.6109,2.6257
61.9132,0.6518,2.8028
61.9134,0.6228,2.6817
61.9136,0.5889,2.5332
61.9138,0.6518,2.8001
61.9140,0.6941,2.9834
61.9142,0.7337,3.1476
61.9144,0.7765,3.3359
61.9146,0.7484,3.2168
61.9148,0.6947,2.9818
61.9150,0.7917,3.3902
61.9152,0.9422,4.0346
61.9154,0.9871,4.2286
61.9156,0.9698,4.1526
61.9158,0.9488,4.0628
61.9160,0.9584,4.1
61.9162,0.9914,4.2391
61.9164,1.0142,4.3406
61.9166,1.0716,4.5821
61.9168,1.1218,4.7969
61.9170,1.1091,4.7404
61.9172,1.0343,4.433
61.9174,0.9323,3.9975
61.9176,0.9378,4.0212
61.9178,0.9046,3.877
61.9180,0.9494,4.0635
61.9182,1.0193,4.3627
61.9184,1.0668,4.5701
61.9186,1.032,4.4171
61.9188,1.0102,4.3277
61.9190,0.9835,4.2131
61.9192,0.9178,3.9408
61.9194,0.823,3.5341
61.9196,0.8464,3.626
61.9198,0.9632,4.1283
61.9200,0.9717,4.1667
61.9202,0.9429,4.0452
61.9204,0.8687,3.7268
61.9206,0.9368,4.0133
61.9208,0.9443,4.0565
61.9210,0.8193,3.5165
61.9212,0.8272,3.5587
61.9214,0.7288,3.1367
61.9216,0.7025,3.0223
61.9218,0.7013,3.0143
61.9220,0.7486,3.2143
61.9222,0.7845,3.3735
61.9224,0.7514,3.2312
61.9226,0.7377,3.169
61.9228,0.823,3.5291
61.9230,0.8655,3.7198
61.9232,0.8102,3.4822
61.9234,0.8056,3.4594
61.9236,0.7692,3.306
61.9238,0.7758,3.3312
61.9240,0.7851,3.3729
61.9242,0.8579,3.6856
61.9244,0.8034,3.4496
61.9246,0.8275,3.5564
61.9248,0.8351,3.5894
61.9250,0.8026,3.4514
61.9252,0.7777,3.341
61.9254,0.8323,3.5737
61.9256,0.8052,3.459
61.9258,0.7609,3.2704
61.9260,0.7817,3.3564
61.9262,0.8157,3.5076
61.9264,0.7857,3.3787
61.9266,0.7848,3.3714
61.9268,0.7854,3.3756
61.9270,0.768,3.3024
61.9272,0.78,3.3508
61.9274,0.8435,3.6221
61.9276,0.827,3.5593
61.9278,0.7518,3.2298
61.9280,0.8155,3.5049
61.9282,0.8219,3.5294
61.9284,0.8959,3.8435
61.9286,0.9142,3.9144
61.9288,0.9374,4.0309
61.9290,0.7793,3.3539
61.9292,0.7278,3.1311
61.9294,0.7296,3.1417
61.9296,0.7216,3.1043
61.9298,0.735,3.1591
61.9300,0.8299,3.5651
61.9302,0.841,3.6147
61.9304,0.769,3.3065
61.9306,0.8018,3.4478
61.9308,0.8594,3.6987
61.9310,0.746,3.205
61.9312,0.7534,3.241
61.9314,0.7598,3.2703
61.9316,0.795,3.4168
61.9318,0.8266,3.5512
61.9320,0.8267,3.5533
61.9322,0.8291,3.562
61.9324,0.8478,3.6424
61.9326,0.8584,3.686
61.9328,0.8926,3.8327
61.9330,0.8869,3.8103
61.9332,0.8108,3.4832
61.9334,0.792,3.4039
61.9336,0.7861,3.3786
61.9338,0.7968,3.4309
61.9340,0.7772,3.3405
61.9342,0.8289,3.5593
61.9344,0.8369,3.5972
61.9346,0.8347,3.5907
61.9348,0.7579,3.2621
61.9350,0.697,3.0013
61.9352,0.6354,2.741
61.9354,0.5932,2.5577
61.9356,0.6425,2.7702
61.9358,0.6425,2.7702
61.9360,0.5749,2.478
61.9362,0.5968,2.5745
61.9364,0.5456,2.3536
61.9366,0.5425,2.339
61.9368,0.5448,2.3516
61.9370,0.5487,2.3692
61.9372,0.5946,2.5616
61.9374,0.6224,2.6839
61.9376,0.5526,2.3841
61.9378,0.5432,2.3421
61.9380,0.5439,2.3452
61.9382,0.5415,2.336
61.9384,0.5691,2.4515
61.9386,0.6627,2.851
61.9388,0.7964,3.4214
61.9390,0.7807,3.3601
61.9392,0.6765,2.909
61.9394,0.6932,2.9834
61.9396,0.7085,3.0495
61.9398,0.6745,2.9042
61.9400,0.677,2.9137
61.9402,0.6867,2.9555
61.9404,0.6679,2.8745
61.9406,0.7126,3.0656
61.9408,0.7344,3.1595
61.9410,0.7133,3.0715
61.9412,0.7071,3.0419
61.9414,0.7627,3.2812
61.9416,0.7215,3.1052
61.9418,0.6793,2.9235
61.9420,0.6393,2.7581
61.9422,0.5758,2.4851
61.9424,0.5674,2.4455
61.9426,0.5881,2.5325
61.9428,0.5944,2.5617
61.9430,0.6263,2.7004
61.9432,0.577,2.4903
61.9434,0.5052,2.1782
61.9436,0.4841,2.0892
61.9438,0.496,2.1399
61.9440,0.5686,2.4529
61.9442,0.5098,2.1994
61.9444,0.4848,2.0933
61.9446,0.4838,2.0881
61.9448,0.4886,2.1088
61.9450,0.4909,2.1167
61.9452,0.5548,2.3912
61.9454,0.6114,2.6351
61.9456,0.5988,2.582
61.9458,0.5371,2.3169
61.9460,0.5332,2.2992
61.9462,0.5745,2.4736
61.9464,0.5707,2.4565
61.9466,0.6043,2.6046
61.9468,0.5913,2.5495
61.9470,0.5707,2.4599
61.9472,0.5725,2.4665
61.9474,0.5875,2.5334
61.9476,0.5841,2.5149
61.9478,0.6312,2.7153
61.9480,0.7119,3.0568
61.9482,0.7971,3.4229
61.9484,0.8519,3.6599
61.9486,0.8447,3.6256
61.9488,0.8925,3.8268
61.9490,0.9793,4.1971
61.9492,0.9987,4.2784
61.9494,0.9564,4.099
61.9496,0.9754,4.1768
61.9498,0.9896,4.2453
61.9500,0.967,4.1505
61.9502,0.948,4.0687
61.9504,0.9028,3.8674
61.9506,1.005,4.3076
61.9508,1.0483,4.4848
61.9510,1.1266,4.8197
61.9512,1.0933,4.6815
61.9514,1.0402,4.4561
61.9516,1.0345,4.432
61.9518,1.0309,4.4207
61.9520,1.0204,4.3734
61.9522,1,4.284
61.9524,1.0001,4.2885
61.9526,0.9136,3.9265
61.9528,0.8396,3.6085
61.9530,0.8144,3.5003
61.9532,0.8094,3.4802
61.9534,0.8152,3.5039
61.9536,0.8514,3.6578
61.9538,0.8211,3.5242
61.9540,0.8525,3.6659
61.9542,0.7465,3.2086
61.9544,0.7807,3.3633
61.9546,0.7269,3.1313
61.9548,0.7175,3.0867
61.9550,0.7542,3.2476
61.9552,0.7132,3.0739
61.9554,0.696,2.993
61.9556,0.7718,3.3204
61.9558,0.7437,3.2022
61.9560,0.6505,2.8036
61.9562,0.6307,2.7196
61.9564,0.6303,2.7142
61.9566,0.7115,3.0595
61.9568,0.7215,3.1052
61.9570,0.7073,3.0471
61.9572,0.7124,3.0646
61.9574,0.6922,2.9834
61.9576,0.6042,2.6053
61.9578,0.6235,2.6898
61.9580,0.6031,2.5982
61.9582,0.6471,2.7852
61.9584,0.6484,2.7961
61.9586,0.5986,2.581
61.9588,0.6373,2.7442
61.9590,0.7072,3.0424
61.9592,0.6763,2.9161
61.9594,0.6024,2.6012
61.9596,0.5227,2.2548
61.9598,0.5543,2.3891
61.9600,0.5534,2.3872
61.9602,0.5077,2.1871
61.9604,0.6739,2.9044
61.9606,0.6397,2.7571
61.9608,0.5399,2.3293
61.9610,0.5278,2.2791
61.9612,0.4783,2.0682
61.9614,0.4371,1.8846
61.9616,0.5504,2.3743
61.9618,0.5361,2.3116
61.9620,0.5743,2.4777
61.9622,0.5725,2.4688
61.9624,0.5765,2.4847
61.9626,0.5719,2.4674
61.9628,0.5849,2.5209
61.9630,0.6534,2.8108
61.9632,0.6909,2.975
61.9634,0.6727,2.8911
61.9636,0.7132,3.0682
61.9638,0.6849,2.9505
61.9640,0.5884,2.5394
61.9642,0.5319,2.2935
61.9644,0.5278,2.277
61.9646,0.5314,2.2925
61.9648,0.5391,2.3267
61.9650,0.5308,2.2878
61.9652,0.5246,2.261
61.9654,0.5282,2.2786
61.9656,0.5342,2.3034
61.9658,0.5502,2.3716
61.9660,0.5693,2.456
61.9662,0.5895,2.5405
61.9664,0.6401,2.7522
61.9666,0.7359,3.1671
61.9668,0.6785,2.9232
61.9670,0.6669,2.8704
61.9672,0.6054,2.6056
61.9674,0.5999,2.5855
61.9676,0.5502,2.3749
61.9678,0.4924,2.1234
61.9680,0.5506,2.3742
61.9682,0.5914,2.5476
61.9684,0.6466,2.7819
61.9686,0.5867,2.5322
61.9688,0.4819,2.0799
61.9690,0.4588,1.9791
61.9692,0.5092,2.1989
61.9694,0.4634,2.002
61.9696,0.4625,1.997
61.9698,0.4628,1.9985
61.9700,0.4499,1.9408
61.9702,0.4487,1.9374
61.9704,0.4494,1.9396
61.9706,0.4642,2.0033
61.9708,0.4791,2.0651
61.9710,0.5145,2.2186
61.9712,0.526,2.2682
61.9714,0.5701,2.4551
61.9716,0.6246,2.6882
61.9718,0.6839,2.9396
61.9720,0.7145,3.071
61.9722,0.7265,3.1211
61.9724,0.7867,3.3796
61.9726,0.785,3.3756
61.9728,0.6963,2.9926
61.9730,0.7362,3.1672
61.9732,0.7384,3.178
61.9734,0.7144,3.0733
61.9736,0.7511,3.2282
61.9738,0.7303,3.1434
61.9740,0.6706,2.885
61.9742,0.6718,2.8889
61.9744,0.7068,3.038
61.9746,0.77,3.3188
61.9748,0.6359,2.7393
61.9750,0.5946,2.5604
61.9752,0.5871,2.5302
61.9754,0.5843,2.5171
61.9756,0.6086,2.6196
61.9758,0.6,2.5848
61.9760,0.5983,2.58
61.9762,0.5916,2.5463
61.9764,0.6457,2.779
61.9766,0.6161,2.654
61.9768,0.5673,2.4483
61.9770,0.4984,2.1493
61.9772,0.4866,2.0991
61.9774,0.4884,2.1059
61.9776,0.4908,2.1172
61.9778,0.4962,2.1395
61.9780,0.4998,2.153
61.9782,0.5715,2.4619
61.9784,0.5494,2.3679
61.9786,0.4929,2.1265
61.9788,0.4855,2.0964
61.9790,0.4992,2.1494
61.9792,0.523,2.2563
61.9794,0.4878,2.1043
61.9796,0.485,2.0914
61.9798,0.4835,2.0847
61.9800,0.4862,2.0966
61.9802,0.513,2.2108
61.9804,0.5586,2.4033
61.9806,0.6311,2.7173
61.9808,0.5914,2.5464
61.9810,0.5727,2.4648
61.9812,0.6492,2.7914
61.9814,0.7031,3.0248
61.9816,0.7156,3.0756
61.9818,0.7254,3.1164
61.9820,0.7572,3.2544
61.9822,0.7554,3.2392
61.9824,0.9283,3.9713
61.9826,0.9651,4.1346
61.9828,0.9247,3.9651
61.9830,0.9179,3.9377
61.9832,0.9505,4.0738
61.9834,0.9397,4.0257
61.9836,0.9749,4.1728
61.9838,0.9722,4.1649
61.9840,0.9676,4.1473
61.9842,0.9089,3.9009
61.9844,0.8596,3.6928
61.9846,0.7929,3.408
61.9848,0.7862,3.376
61.9850,0.8383,3.5961
61.9852,0.844,3.6259
61.9854,0.7639,3.2802
61.9856,0.8155,3.5016
61.9858,0.7553,3.2477
61.9860,0.674,2.8995
61.9862,0.707,3.0413
61.9864,0.7359,3.1612
61.9866,0.8065,3.4663
61.9868,0.7499,3.223
61.9870,0.7438,3.1982
61.9872,0.7031,3.0206
61.9874,0.7413,3.1859
61.9876,0.8107,3.4843
61.9878,0.8095,3.4791
61.9880,0.7761,3.3343
61.9882,0.7739,3.3276
61.9884,0.6996,3.0071
61.9886,0.7401,3.1807
61.9888,0.7403,3.1833
61.9890,0.691,2.9755
61.9892,0.6399,2.7543
61.9894,0.7362,3.1687
61.9896,0.6904,2.9715
61.9898,0.6974,2.9987
61.9900,0.7016,3.0209
61.9902,0.6476,2.786
61.9904,0.6879,2.9566
61.9906,0.7319,3.1428
61.9908,0.7471,3.2126
61.9910,0.7616,3.2781
61.9912,0.7242,3.1156
61.9914,0.7059,3.0367
61.9916,0.7332,3.1484
61.9918,0.8498,3.6455
61.9920,0.8519,3.6548
61.9922,0.8248,3.5418
61.9924,0.8097,3.4785
61.9926,0.8428,3.6241
61.9928,0.8038,3.4549
61.9930,0.7987,3.4328
61.9932,0.7862,3.3792
61.9934,0.8246,3.5408
61.9936,0.8591,3.6856
61.9938,0.8789,3.7758
61.9940,0.7865,3.3833
61.9942,0.767,3.2982
61.9944,0.7544,3.2501
61.9946,0.5983,2.58
61.9948,0.5689,2.4533
61.9950,0.5739,2.4722
61.9952,0.5938,2.5568
61.9954,0.648,2.7901
61.9956,0.6642,2.8585
61.9958,0.697,3.0013
61.9960,0.6815,2.9361
61.9962,0.5844,2.52
61.9964,0.5384,2.3225
61.9966,0.5373,2.3147
61.9968,0.6393,2.7466
61.9970,0.7609,3.2719
61.9972,0.7178,3.0906
61.9974,0.6589,2.8384
61.9976,0.6365,2.7418
61.9978,0.621,2.6765
61.9980,0.5508,2.3752
61.9982,0.5378,2.3178
61.9984,0.5386,2.3236
61.9986,0.5399,2.3293
61.9988,0.5336,2.3019
61.9990,0.5349,2.3065
61.9992,0.5349,2.3075
61.9994,0.5686,2.4529
61.9996,0.5462,2.354
61.9998,0.533,2.2961
62.0000,0.5546,2.3868
62.0002,0.6915,2.9776
62.0004,0.6474,2.7889
62.0006,0.5763,2.4837
62.0008,0.5383,2.322
62.0010,0.5294,2.2837
62.0012,0.5248,2.263
62.0014,0.5263,2.2682
62.0016,0.526,2.2672
62.0018,0.5221,2.2511
62.0020,0.5259,2.2687
62.0022,0.5249,2.2646
62.0024,0.5294,2.2816
62.0026,0.5421,2.3375
62.0028,0.539,2.323
62.0030,0.5368,2.3137
62.0032,0.5359,2.3106
62.0034,0.5687,2.4489
62.0036,0.6254,2.6906
62.0038,0.5996,2.5809
62.0040,0.6287,2.7058
62.0042,0.6366,2.7462
62.0044,0.5535,2.3855
62.0046,0.5252,2.2625
62.0048,0.5718,2.4623
62.0050,0.6345,2.7298
62.0052,0.6785,2.9177
62.0054,0.6728,2.8957
62.0056,0.5884,2.5359
62.0058,0.5809,2.5038
62.0060,0.5595,2.4125
62.0062,0.5344,2.3023
62.0064,0.5899,2.5391
62.0066,0.602,2.5912
62.0068,0.6514,2.8012
62.0070,0.7082,3.0465
62.0072,0.5832,2.5137
62.0074,0.6061,2.6112
62.0076,0.599,2.5807
62.0078,0.6001,2.5817
62.0080,0.6333,2.7259
62.0082,0.6096,2.6274
62.0084,0.5588,2.4082
62.0086,0.5712,2.4597
62.0088,0.562,2.4199
62.0090,0.5969,2.5726
62.0092,0.6086,2.6208
62.0094,0.6221,2.6799
62.0096,0.5302,2.2874
62.0098,0.4842,2.0907
62.0100,0.4351,1.8772
62.0102,0.4676,2.0183
62.0104,0.4324,1.8653
62.0106,0.4162,1.7963
62.0108,0.447,1.9284
62.0110,0.4922,2.1224
62.0112,0.4986,2.1478
62.0114,0.6042,2.6017
62.0116,0.594,2.5578
62.0118,0.5939,2.5573
62.0120,0.6276,2.7011
62.0122,0.6042,2.6029
62.0124,0.6014,2.5874
62.0126,0.667,2.8669
62.0128,0.7037,3.0218
62.0130,0.7975,3.4276
62.0132,0.779,3.3467
62.0134,0.7608,3.2669
62.0136,0.7402,3.1798
62.0138,0.7275,3.1281
62.0140,0.7245,3.1195
62.0142,0.7013,3.0129
62.0144,0.7429,3.1916
62.0146,0.7883,3.3879
62.0148,0.7794,3.3451
62.0150,0.7983,3.4296
62.0152,0.7976,3.4217
62.0154,0.8825,3.7824
62.0156,0.9212,3.9465
62.0158,0.9486,4.0675
62.0160,0.9446,4.0524
62.0162,0.8901,3.8166
62.0164,0.8628,3.7033
62.0166,0.8855,3.7952
62.0168,0.8898,3.8191
62.0170,0.8603,3.6873
62.0172,0.9432,4.05
62.0174,0.8856,3.794
62.0176,0.9735,4.1725
62.0178,0.976,4.1813
62.0180,0.9877,4.2291
62.0182,1.0252,4.3878
62.0184,1.0279,4.4037
62.0186,0.9788,4.2029
62.0188,0.8387,3.6015
62.0190,0.824,3.5382
62.0192,0.8361,3.5902
62.0194,0.8163,3.5085
62.0196,0.7602,3.2628
62.0198,0.792,3.4071
62.0200,0.7796,3.3477
62.0202,0.8162,3.508
62.0204,0.7719,3.3225
62.0206,0.7217,3.1062
62.0208,0.7374,3.1679
62.0210,0.8019,3.4435
62.0212,0.8733,3.7463
62.0214,0.8538,3.6681
62.0216,0.7562,3.2518
62.0218,0.729,3.1392
62.0220,0.7086,3.0514
62.0222,0.6561,2.8239
62.0224,0.6709,2.8861
62.0226,0.6941,2.9848
62.0228,0.7401,3.1807
62.0230,0.8008,3.4372
62.0232,0.817,3.5083
62.0234,0.7843,3.3725
62.0236,0.7865,3.3818
62.0238,0.7682,3.3034
62.0240,0.7339,3.1574
62.0242,0.7014,3.0176
62.0244,0.716,3.0743
62.0246,0.7841,3.373
62.0248,0.7375,3.1744
62.0250,0.692,2.9769
62.0252,0.6644,2.8635
62.0254,0.6245,2.6927
62.0256,0.6079,2.6201
62.0258,0.5947,2.5609
62.0260,0.6048,2.6043
62.0262,0.6043,2.6034
62.0264,0.6259,2.6914
62.0266,0.6848,2.9459
62.0268,0.7085,3.0509
62.0270,0.6736,2.9074
62.0272,0.5393,2.3245
62.0274,0.5719,2.4628
62.0276,0.6529,2.81
62.0278,0.7162,3.0839
62.0280,0.6793,2.9263
62.0282,0.6598,2.8413
62.0284,0.6597,2.8407
62.0286,0.6568,2.8283
62.0288,0.658,2.8361
62.0290,0.6901,2.97
62.0292,0.6814,2.9301
62.0294,0.7458,3.2025
62.0296,0.7856,3.3782
62.0298,0.7854,3.3724
62.0300,0.8024,3.4487
62.0302,0.8047,3.4569
62.0304,0.8293,3.5625
62.0306,0.8152,3.5022
62.0308,0.7705,3.3116
62.0310,0.7342,3.154
62.0312,0.7607,3.2679
62.0314,0.7965,3.4219
62.0316,0.8056,3.4691
62.0318,0.7459,3.2075
62.0320,0.7532,3.2389
62.0322,0.7721,3.3153
62.0324,0.798,3.4313
62.0326,0.7468,3.2141
62.0328,0.706,3.0372
62.0330,0.7068,3.0422
62.0332,0.7317,3.1476
62.0334,0.76,3.2648
62.0336,0.8269,3.5506
62.0338,0.7954,3.422
62.0340,0.7311,3.1479
62.0342,0.6632,2.8557
62.0344,0.6088,2.6225
62.0346,0.5739,2.4722
62.0348,0.623,2.6852
62.0350,0.6326,2.7291
62.0352,0.5319,2.2946
62.0354,0.4861,2.099
62.0356,0.4699,2.03
62.0358,0.4656,2.0104
62.0360,0.4632,1.9982
62.0362,0.4665,2.0118
62.0364,0.4694,2.0279
62.0366,0.4644,2.0062
62.0368,0.4597,1.9841
62.0370,0.4622,1.995
62.0372,0.4655,2.0099
62.0374,0.4656,2.0095
62.0376,0.4612,1.9903
62.0378,0.4821,2.079
62.0380,0.5729,2.4681
62.0382,0.6526,2.8064
62.0384,0.7118,3.062
62.0386,0.6585,2.8382
62.0388,0.5929,2.5555
62.0390,0.612,2.6316
62.0392,0.6706,2.8877
62.0394,0.5966,2.5692
62.0396,0.6213,2.673
62.0398,0.6636,2.8559
62.0400,0.639,2.7501
62.0402,0.7106,3.0625
62.0404,0.6199,2.6706
62.0406,0.5934,2.5552
62.0408,0.6011,2.5871
62.0410,0.5859,2.5239
62.0412,0.5387,2.323
62.0414,0.4929,2.1255
62.0416,0.4814,2.0768
62.0418,0.4789,2.066
62.0420,0.4817,2.0788
62.0422,0.4837,2.0867
62.0424,0.4829,2.0811
62.0426,0.4813,2.0763
62.0428,0.5043,2.1746
62.0430,0.5259,2.2635
62.0432,0.6034,2.5993
62.0434,0.6163,2.6563
62.0436,0.6218,2.6801
62.0438,0.6288,2.7063
62.0440,0.6643,2.8577
62.0442,0.6535,2.8152
62.0444,0.615,2.6469
62.0446,0.6663,2.8678
62.0448,0.4935,2.1311
62.0450,0.4811,2.0762
62.0452,0.4938,2.1291
62.0454,0.4849,2.0918
62.0456,0.4831,2.0841
62.0458,0.4843,2.0873
62.0460,0.4874,2.0998
62.0462,0.4886,2.1059
62.0464,0.5287,2.2785
62.0466,0.6142,2.6433
62.0468,0.6847,2.944
62.0470,0.6402,2.7579
62.0472,0.5927,2.5533
62.0474,0.5883,2.5307
62.0476,0.6981,2.9976
62.0478,0.7401,3.1793
62.0480,0.8142,3.496
62.0482,0.8145,3.4992
62.0484,0.8091,3.4695
62.0486,0.8637,3.7103
62.0488,0.9145,3.916
62.0490,1.0456,4.473
62.0492,1.0461,4.4792
62.0494,0.995,4.2605
62.0496,0.9773,4.1909
62.0498,0.9572,4.1083
62.0500,0.9181,3.9369
62.0502,0.8453,3.6366
62.0504,0.7329,3.1498
62.0506,0.8157,3.501
62.0508,0.8257,3.5438
62.0510,0.8407,3.6098
62.0512,0.8809,3.7792
62.0514,0.91,3.9019
62.0516,0.9221,3.9594
62.0518,0.897,3.8482
62.0520,0.9379,4.0198
62.0522,0.9564,4.1009
62.0524,0.9317,3.9894
62.0526,1.0266,4.4022
62.0528,0.9721,4.1682
62.0530,1.0122,4.3364
62.0532,1.0405,4.4577
62.0534,0.98,4.1982
62.0536,1.0079,4.3179
62.0538,1.022,4.376
62.0540,1.0014,4.3002
62.0542,0.8579,3.6839
62.0544,0.8958,3.8538
62.0546,0.7866,3.3838
62.0548,0.7231,3.1139
62.0550,0.6907,2.9698
62.0552,0.7231,3.1095
62.0554,0.7649,3.2859
62.0556,0.7567,3.2569
62.0558,0.6895,2.9715
62.0560,0.6799,2.9248
62.0562,0.7419,3.1929
62.0564,0.7205,3.104
62.0566,0.6809,2.9335
62.0568,0.6693,2.8794
62.0570,0.7212,3.1042
62.0572,0.7044,3.0333
62.0574,0.6686,2.8763
62.0576,0.6809,2.9308
62.0578,0.7068,3.0451
62.0580,0.7001,3.0147
62.0582,0.6877,2.9583
62.0584,0.6905,2.9707
62.0586,0.7116,3.0629
62.0588,0.6453,2.7814
62.0590,0.5916,2.5487
62.0592,0.5826,2.5122
62.0594,0.5718,2.4669
62.0596,0.6014,2.5898
62.0598,0.7035,3.0292
62.0600,0.6347,2.7328
62.0602,0.6414,2.7669
62.0604,0.582,2.5073
62.0606,0.615,2.6531
62.0608,0.579,2.4967
62.0610,0.5741,2.4767
62.0612,0.5701,2.4596
62.0614,0.5731,2.4714
62.0616,0.573,2.4697
62.0618,0.5765,2.4847
62.0620,0.6614,2.8427
62.0622,0.7655,3.29
62.0624,0.7308,3.144
62.0626,0.7095,3.0564
62.0628,0.6577,2.8293
62.0630,0.7091,3.0492
62.0632,0.7354,3.168
62.0634,0.618,2.6635
62.0636,0.582,2.5085
62.0638,0.5767,2.4835
62.0640,0.6263,2.6979
62.0642,0.6315,2.7194
62.0644,0.6313,2.7196
62.0646,0.6295,2.7094
62.0648,0.6628,2.8555
62.0650,0.6172,2.6587
62.0652,0.6237,2.6871
62.0654,0.6145,2.6473
62.0656,0.6114,2.6351
62.0658,0.6411,2.7569
62.0660,0.6812,2.9345
62.0662,0.5761,2.4786
62.0664,0.6839,2.9409
62.0666,0.7349,3.1615
62.0668,0.7453,3.2079
62.0670,0.6326,2.7266
62.0672,0.5549,2.3939
62.0674,0.5474,2.3613
62.0676,0.5464,2.3561
62.0678,0.6047,2.6025
62.0680,0.6615,2.8445
62.0682,0.6729,2.8948
62.0684,0.6839,2.9491
62.0686,0.5622,2.4244
62.0688,0.5445,2.3478
62.0690,0.5532,2.3867
62.0692,0.5445,2.35
62.0694,0.5377,2.3194
62.0696,0.5903,2.5383
62.0698,0.6927,2.9855
62.0700,0.5849,2.5209
62.0702,0.6106,2.6266
62.0704,0.679,2.9211
62.0706,0.6613,2.8448
62.0708,0.6711,2.8898
62.0710,0.6818,2.9316
62.0712,0.7849,3.3656
62.0714,0.8878,3.8068
62.0716,0.9041,3.8803
62.0718,0.8847,3.7934
62.0720,0.8637,3.7103
62.0722,0.7361,3.1682
62.0724,0.7148,3.0763
62.0726,0.7193,3.0916
62.0728,0.7363,3.1633
62.0730,0.8076,3.4709
62.0732,0.8065,3.463
62.0734,0.8157,3.5043
62.0736,0.8047,3.4569
62.0738,0.7933,3.4143
62.0740,0.6779,2.9206
62.0742,0.6661,2.8694
62.0744,0.6622,2.8476
62.0746,0.6716,2.8972
62.0748,0.585,2.5214
62.0750,0.6161,2.6503
62.0752,0.6421,2.7661
62.0754,0.5947,2.5621
62.0756,0.5947,2.5645
62.0758,0.5982,2.5795
62.0760,0.5849,2.5209
62.0762,0.585,2.5191
62.0764,0.5908,2.5439
62.0766,0.5995,2.5804
62.0768,0.6552,2.8224
62.0770,0.6056,2.6079
62.0772,0.6241,2.6899
62.0774,0.6064,2.6146
62.0776,0.5938,2.5568
62.0778,0.6138,2.6467
62.0780,0.5066,2.1865
62.0782,0.4901,2.1151
62.0784,0.5085,2.1917
62.0786,0.5558,2.3975
62.0788,0.4933,2.129
62.0790,0.4883,2.1093
62.0792,0.4843,2.0902
62.0794,0.4853,2.0934
62.0796,0.4831,2.086
62.0798,0.4965,2.141
62.0800,0.5303,2.2858
62.0802,0.5914,2.5453
62.0804,0.6231,2.682
62.0806,0.6307,2.7133
62.0808,0.715,3.0759
62.0810,0.7108,3.0564
62.0812,0.7203,3.0943
62.0814,0.7319,3.1501
62.0816,0.7211,3.0964
62.0818,0.7843,3.3646
62.0820,0.8085,3.4766
62.0822,0.8339,3.5759
62.0824,0.9061,3.8891
62.0826,0.8922,3.8258
62.0828,0.9391,4.0212
62.0830,0.9754,4.1768
62.0832,1.0255,4.3914
62.0834,1.0306,4.4088
62.0836,1.0008,4.2876
62.0838,1.05,4.5024
62.0840,1.0344,4.4315
62.0842,0.9666,4.1446
62.0844,0.9365,4.0155
62.0846,0.9517,4.0827
62.0848,0.9311,3.9924
62.0850,0.8791,3.7733
62.0852,0.8771,3.7698
62.0854,0.8389,3.6004
62.0856,0.8409,3.6125
62.0858,0.8209,3.5281
62.0860,0.8265,3.554
62.0862,0.748,3.2178
62.0864,0.6944,2.9886
62.0866,0.6487,2.7932
62.0868,0.7002,3.0153
62.0870,0.7044,3.0319
62.0872,0.6705,2.8885
62.0874,0.6264,2.6972
62.0876,0.658,2.8361
62.0878,0.6234,2.6831
62.0880,0.682,2.9327
62.0882,0.688,2.9598
62.0884,0.6841,2.9428
62.0886,0.7868,3.3849
62.0888,0.7466,3.2121
62.0890,0.7132,3.0696
62.0892,0.7194,3.0979
62.0894,0.6769,2.9186
62.0896,0.6079,2.6165
62.0898,0.6652,2.8605
62.0900,0.6673,2.8746
62.0902,0.6264,2.7022
62.0904,0.5892,2.543
62.0906,0.5454,2.352
62.0908,0.5408,2.3307
62.0910,0.5748,2.4752
62.0912,0.7008,3.0136
62.0914,0.7343,3.156
62.0916,0.7574,3.26
62.0918,0.7187,3.0948
62.0920,0.7138,3.0693
62.0922,0.7082,3.0465
62.0924,0.7673,3.2977
62.0926,0.8004,3.4416
62.0928,0.7785,3.3446
62.0930,0.8458,3.637
62.0932,0.7772,3.3421
62.0934,0.7161,3.0848
62.0936,0.657,2.8315
62.0938,0.6325,2.7248
62.0940,0.6365,2.7406
62.0942,0.6439,2.7687
62.0944,0.7041,3.0276
62.0946,0.6803,2.9336
62.0948,0.5643,2.4331
62.0950,0.6061,2.6136
62.0952,0.5669,2.4434
62.0954,0.5815,2.5111
62.0956,0.5024,2.1684
62.0958,0.5367,2.3121
62.0960,0.5559,2.397
62.0962,0.5324,2.2956
62.0964,0.6062,2.6117
62.0966,0.6389,2.7522
62.0968,0.6441,2.7762
62.0970,0.5978,2.5779
62.0972,0.5524,2.3853
62.0974,0.4923,2.1239
62.0976,0.4771,2.0582
62.0978,0.5175,2.2336
62.0980,0.4945,2.1352
62.0982,0.4866,2.0981
62.0984,0.5445,2.3478
62.0986,0.5592,2.4081
62.0988,0.5975,2.5776
62.0990,0.5576,2.4031
62.0992,0.5567,2.4006
62.0994,0.5506,2.3742
62.0996,0.586,2.522
62.0998,0.6146,2.6466
62.1000,0.5983,2.5788
62.1002,0.6122,2.64
62.1004,0.5829,2.511
62.1006,0.6061,2.6087
62.1008,0.6056,2.6115
62.1010,0.5477,2.3607
62.1012,0.5626,2.4248
62.1014,0.5865,2.5276
62.1016,0.5222,2.2506
62.1018,0.5326,2.2956
62.1020,0.5745,2.4771
62.1022,0.5622,2.4244
62.1024,0.5456,2.3503
62.1026,0.5469,2.3604
62.1028,0.5203,2.2424
62.1030,0.5337,2.3013
62.1032,0.5231,2.2537
62.1034,0.5173,2.2294
62.1036,0.5234,2.2579
62.1038,0.5217,2.2506
62.1040,0.5447,2.3478
62.1042,0.5411,2.3301
62.1044,0.5739,2.4711
62.1046,0.6459,2.7788
62.1048,0.6862,2.948
62.1050,0.7072,3.0367
62.1052,0.7225,3.1084
62.1054,0.6838,2.9473
62.1056,0.5944,2.5617
62.1058,0.5405,2.3275
62.1060,0.5789,2.4962
62.1062,0.5484,2.3649
62.1064,0.5263,2.2692
62.1066,0.4831,2.0821
62.1068,0.5023,2.1638
62.1070,0.5866,2.5258
62.1072,0.6223,2.6796
62.1074,0.6236,2.6866
62.1076,0.6136,2.6432
62.1078,0.5534,2.3839
62.1080,0.4968,2.1401
62.1082,0.5132,2.2098
62.1084,0.565,2.4362
62.1086,0.5351,2.3064
62.1088,0.5572,2.4015
62.1090,0.5845,2.5194
62.1092,0.5615,2.4168
62.1094,0.5971,2.5712
62.1096,0.586,2.522
62.1098,0.6556,2.8219
62.1100,0.6598,2.8347
62.1102,0.6903,2.9724
62.1104,0.5862,2.5266
62.1106,0.6044,2.6027
62.1108,0.616,2.6511
62.1110,0.6109,2.6294
62.1112,0.6094,2.6239
62.1114,0.6164,2.6519
62.1116,0.6402,2.754
62.1118,0.5771,2.4862
62.1120,0.6048,2.6006
62.1122,0.6448,2.7754
62.1124,0.6287,2.7032
62.1126,0.677,2.9097
62.1128,0.716,3.0786
62.1130,0.6592,2.8387
62.1132,0.6389,2.7483
62.1134,0.659,2.835
62.1136,0.6807,2.927
62.1138,0.7251,3.1192
62.1140,0.7158,3.0781
62.1142,0.7089,3.0468
62.1144,0.7462,3.207
62.1146,0.763,3.2777
62.1148,0.7312,3.1455
62.1150,0.7294,3.132
62.1152,0.7862,3.3792
62.1154,0.779,3.3467
62.1156,0.8308,3.5609
62.1158,0.9137,3.9197
62.1160,0.8776,3.7648
62.1162,0.9047,3.8793
62.1164,0.8921,3.8199
62.1166,0.9148,3.9188
62.1168,0.966,4.1401
62.1170,0.9368,4.0189
62.1172,0.9486,4.0599
62.1174,1.0302,4.4073
62.1176,1.0867,4.6511
62.1178,1.0498,4.5056
62.1180,0.8679,3.7266
62.1182,0.8579,3.6839
62.1184,0.8458,3.6353
62.1186,0.8041,3.4576
62.1188,0.7655,3.2931
62.1190,0.7502,3.2261
62.1192,0.755,3.2421
62.1194,0.8052,3.459
62.1196,0.8053,3.4595
62.1198,0.8103,3.4844
62.1200,0.7318,3.1467
62.1202,0.7149,3.0754
62.1204,0.7713,3.3168
62.1206,0.7311,3.145
62.1208,0.6966,2.9956
62.1210,0.7092,3.0455
62.1212,0.8047,3.4569
62.1214,0.8096,3.4797
62.1216,0.8002,3.4347
62.1218,0.8688,3.7308
62.1220,0.8505,3.6571
62.1222,0.7899,3.3983
62.1224,0.7399,3.1773
62.1226,0.8078,3.4655
62.1228,0.8742,3.7539
62.1230,0.8799,3.7799
62.1232,0.8595,3.694
62.1234,0.8347,3.584
62.1236,0.81,3.4828
62.1238,0.7115,3.0638
62.1240,0.7096,3.0527
62.1242,0.7475,3.2142
62.1244,0.7777,3.3441
62.1246,0.7474,3.2107
62.1248,0.8172,3.5105
62.1250,0.8362,3.5957
62.1252,0.7887,3.3916
62.1254,0.7724,3.3199
62.1256,0.771,3.3122
62.1258,0.7753,3.3323
62.1260,0.7414,3.1923
62.1262,0.7308,3.1425
62.1264,0.8025,3.4557
62.1266,0.651,2.8057
62.1268,0.592,2.549
62.1270,0.6813,2.9296
62.1272,0.7416,3.186
62.1274,0.7848,3.3698
62.1276,0.819,3.5149
62.1278,0.8031,3.4566
62.1280,0.753,3.2424
62.1282,0.7549,3.2462
62.1284,0.7666,3.2916
62.1286,0.8202,3.5201
62.1288,0.9185,3.9402
62.1290,0.9417,4.04
62.1292,0.8899,3.8196
62.1294,0.8558,3.6746
62.1296,0.9829,4.2066
62.1298,1.1121,4.7643
62.1300,1.0263,4.3986
62.1302,0.9897,4.2399
62.1304,1.0089,4.3281
62.1306,0.9211,3.9589
62.1308,0.8255,3.5449
62.1310,0.8559,3.6769
62.1312,0.8523,3.6665
62.1314,0.8254,3.551
62.1316,0.8212,3.5264
62.1318,0.8752,3.7615
62.1320,0.821,3.5286
62.1322,0.8332,3.5812
62.1324,0.8421,3.6227
62.1326,0.8055,3.4621
62.1328,0.798,3.4249
62.1330,0.8839,3.7956
62.1332,0.8577,3.6915
62.1334,0.7769,3.3359
62.1336,0.8279,3.5618
62.1338,0.7574,3.263
62.1340,0.6818,2.9344
62.1342,0.6976,3.0039
62.1344,0.6764,2.9193
62.1346,0.5835,2.5159
62.1348,0.5723,2.4712
62.1350,0.5751,2.4808
62.1352,0.5826,2.5111
62.1354,0.573,2.4709
62.1356,0.5709,2.4627
62.1358,0.5884,2.5394
62.1360,0.5995,2.5851
62.1362,0.6095,2.6208
62.1364,0.7571,3.266
62.1366,0.5764,2.4877
62.1368,0.5418,2.3375
62.1370,0.5472,2.3597
62.1372,0.547,2.3598
62.1374,0.5409,2.3334
62.1376,0.5814,2.5036
62.1378,0.6542,2.817
62.1380,0.6974,3.0001
62.1382,0.7309,3.1445
62.1384,0.7775,3.3415
62.1386,0.7886,3.391
62.1388,0.7716,3.3178
62.1390,0.7441,3.2027
62.1392,0.6814,2.9328
62.1394,0.7374,3.1753
62.1396,0.7381,3.1755
62.1398,0.7538,3.2385
62.1400,0.7667,3.2982
62.1402,0.6927,2.9813
62.1404,0.6692,2.8855
62.1406,0.5956,2.5705
62.1408,0.5662,2.4414
62.1410,0.5628,2.4281
62.1412,0.5626,2.427
62.1414,0.5712,2.4643
62.1416,0.5815,2.5053
62.1418,0.6229,2.6822
62.1420,0.609,2.626
62.1422,0.4986,2.1518
62.1424,0.4817,2.0808
62.1426,0.4799,2.072
62.1428,0.4812,2.0768
62.1430,0.4887,2.1084
62.1432,0.4862,2.0985
62.1434,0.4814,2.0778
62.1436,0.5165,2.2263
62.1438,0.5673,2.4438
62.1440,0.6436,2.7716
62.1442,0.6313,2.7259
62.1444,0.509,2.1978
62.1446,0.499,2.1529
62.1448,0.5054,2.1813
62.1450,0.5102,2.202
62.1452,0.514,2.2186
62.1454,0.5013,2.1627
62.1456,0.5011,2.1607
62.1458,0.5037,2.172
62.1460,0.5518,2.3816
62.1462,0.5142,2.2191
62.1464,0.4871,2.1012
62.1466,0.5001,2.1555
62.1468,0.5389,2.3235
62.1470,0.5948,2.5614
62.1472,0.6119,2.636
62.1474,0.6281,2.7019
62.1476,0.699,3.0003
62.1478,0.8048,3.4606
62.1480,0.7869,3.3775
62.1482,0.8323,3.5704
62.1484,0.8702,3.7347
62.1486,0.8987,3.859
62.1488,0.8746,3.7485
62.1490,0.9474,4.0604
62.1492,1.0028,4.3019
62.1494,0.9265,3.9729
62.1496,0.9594,4.1137
62.1498,0.9897,4.2458
62.1500,0.956,4.0917
62.1502,1.0323,4.4222
62.1504,0.9675,4.1448
62.1506,1.0126,4.34
62.1508,1.0215,4.378
62.1510,1.0432,4.471
62.1512,1.0115,4.3333
62.1514,1.0068,4.3113
62.1516,1.0168,4.3539
62.1518,1.0554,4.5277
62.1520,1.0035,4.3009
62.1522,0.9865,4.2359
62.1524,0.9869,4.232
62.1526,1.0143,4.3472
62.1528,0.9735,4.1783
62.1530,0.9041,3.8803
62.1532,0.8794,3.7796
62.1534,0.8029,3.4524
62.1536,0.7779,3.3467
62.1538,0.7887,3.3931
62.1540,0.7736,3.3312
62.1542,0.7112,3.0594
62.1544,0.7251,3.1207
62.1546,0.7314,3.148
62.1548,0.7428,3.1941
62.1550,0.7508,3.2286
62.1552,0.7614,3.277
62.1554,0.7866,3.3807
62.1556,0.836,3.5947
62.1558,0.8137,3.4955
62.1560,0.8038,3.4613
62.1562,0.7149,3.0754
62.1564,0.7437,3.1992
62.1566,0.7925,3.4075
62.1568,0.7856,3.3813
62.1570,0.719,3.0958
62.1572,0.6674,2.8765
62.1574,0.6639,2.8615
62.1576,0.701,3.0184
62.1578,0.6411,2.7646
62.1580,0.609,2.626
62.1582,0.611,2.6348
62.1584,0.5613,2.4191
62.1586,0.5785,2.4958
62.1588,0.5183,2.2393
62.1590,0.53,2.2863
62.1592,0.5707,2.4633
62.1594,0.5047,2.1772
62.1596,0.4915,2.1223
62.1598,0.5258,2.2661
62.1600,0.5655,2.4394
62.1602,0.5067,2.188
62.1604,0.4808,2.0771
62.1606,0.4717,2.0359
62.1608,0.4819,2.0799
62.1610,0.4878,2.1062
62.1612,0.5017,2.1663
62.1614,0.4958,2.1399
62.1616,0.4877,2.1067
62.1618,0.4217,1.8243
62.1620,0.4097,1.77
62.1622,0.4938,2.1301
62.1624,0.5299,2.2869
62.1626,0.4682,2.0218
62.1628,0.4459,1.9264
62.1630,0.4483,1.9359
62.1632,0.4464,1.9276
62.1634,0.4424,1.9105
62.1636,0.4454,1.9243
62.1638,0.4487,1.9383
62.1640,0.4445,1.9193
62.1642,0.4439,1.9176
62.1644,0.4492,1.9395
62.1646,0.4475,1.9313
62.1648,0.494,2.1312
62.1650,0.4857,2.0964
62.1652,0.4519,1.9505
62.1654,0.4601,1.9866
62.1656,0.4719,2.0369
62.1658,0.4766,2.0581
62.1660,0.4751,2.0475
62.1662,0.5228,2.2553
62.1664,0.4813,2.0763
62.1666,0.4435,1.9143
62.1668,0.4483,1.9359
62.1670,0.4384,1.8911
62.1672,0.4843,2.0883
62.1674,0.533,2.2971
62.1676,0.549,2.3664
62.1678,0.5375,2.3178
62.1680,0.5036,2.1756
62.1682,0.4487,1.9356
62.1684,0.4758,2.0516
62.1686,0.4806,2.0751
62.1688,0.4675,2.0178
62.1690,0.503,2.1679
62.1692,0.5323,2.294
62.1694,0.5258,2.2661
62.1696,0.5448,2.3472
62.1698,0.6088,2.6177
62.1700,0.6374,2.7434
62.1702,0.6183,2.6589
62.1704,0.686,2.9511
62.1706,0.6416,2.7602
62.1708,0.6124,2.6368
62.1710,0.5928,2.5515
62.1712,0.635,2.7331
62.1714,0.6417,2.7594
62.1716,0.6345,2.731
62.1718,0.6626,2.8465
62.1720,0.6819,2.9335
62.1722,0.7291,3.1353
62.1724,0.7743,3.3297
62.1726,0.663,2.856
62.1728,0.5701,2.4539
62.1730,0.6217,2.6733
62.1732,0.653,2.8118
62.1734,0.6519,2.8059
62.1736,0.5963,2.5688
62.1738,0.5315,2.2931
62.1740,0.4995,2.1549
62.1742,0.5128,2.2093
62.1744,0.5701,2.4562
62.1746,0.5433,2.3394
62.1748,0.612,2.6291
62.1750,0.6639,2.8615
62.1752,0.5375,2.3178
62.1754,0.5095,2.1989
62.1756,0.5088,2.1927
62.1758,0.5022,2.1683
62.1760,0.408,1.7627
62.1762,0.396,1.7078
62.1764,0.4728,2.0386
62.1766,0.4778,2.0594
62.1768,0.5198,2.2403
62.1770,0.4814,2.0759
62.1772,0.4941,2.1317
62.1774,0.4954,2.1364
62.1776,0.4948,2.1318
62.1778,0.5023,2.1658
62.1780,0.4911,2.1178
62.1782,0.5115,2.2026
62.1784,0.5969,2.5666
62.1786,0.6306,2.7115
62.1788,0.6719,2.8907
62.1790,0.661,2.8464
62.1792,0.5765,2.4859
62.1794,0.4917,2.1203
62.1796,0.4791,2.0651
62.1798,0.5296,2.2805
62.1800,0.5511,2.3719
62.1802,0.5845,2.517
62.1804,0.5855,2.52
62.1806,0.6209,2.671
62.1808,0.6603,2.8367
62.1810,0.6942,2.9853
62.1812,0.6847,2.9427
62.1814,0.738,3.169
62.1816,0.7626,3.2715
62.1818,0.8169,3.4997
62.1820,0.9323,3.9975
62.1822,0.9047,3.8757
62.1824,0.9287,3.984
62.1826,0.9355,4.0114
62.1828,0.9136,3.9137
62.1830,0.9124,3.9104
62.1832,0.886,3.8008
62.1834,0.8818,3.774
62.1836,0.9703,4.1547
62.1838,0.9181,3.9369
62.1840,0.8845,3.7911
62.1842,0.9546,4.0913
62.1844,0.9453,4.0479
62.1846,0.9992,4.2744
62.1848,1.0273,4.4032
62.1850,0.9279,3.9827
62.1852,0.8723,3.7422
62.1854,0.8634,3.7093
62.1856,0.7857,3.3787
62.1858,0.8166,3.503
62.1860,0.8929,3.8325
62.1862,0.7871,3.3859
62.1864,0.6878,2.9547
62.1866,0.7657,3.2926
62.1868,0.7374,3.1694
62.1870,0.7122,3.0669
62.1872,0.6916,2.9725
62.1874,0.8204,3.5178
62.1876,0.8682,3.7247
62.1878,0.8426,3.6197
62.1880,0.8012,3.4404
62.1882,0.8775,3.7608
62.1884,0.8879,3.8126
62.1886,0.8547,3.6683
62.1888,0.8853,3.8031
62.1890,0.8374,3.5925
62.1892,0.8487,3.6409
62.1894,0.8556,3.6724
62.1896,0.8583,3.6837
62.1898,0.8536,3.6585
62.1900,0.9307,3.9927
62.1902,0.9578,4.1032
62.1904,0.9638,4.1308
62.1906,0.9723,4.1693
62.1908,0.9813,4.2039
62.1910,1.0134,4.3456
62.1912,0.9392,4.0236
62.1914,1.0137,4.3426
62.1916,1.0134,4.3476
62.1918,0.8697,3.7396
62.1920,0.8161,3.5107
62.1922,0.7772,3.3421
62.1924,0.7662,3.2931
62.1926,0.7697,3.3065
62.1928,0.8368,3.5983
62.1930,0.7499,3.22
62.1932,0.8314,3.5685
62.1934,0.8879,3.8126
62.1936,0.8751,3.7628
62.1938,0.8227,3.5325
62.1940,0.8784,3.7667
62.1942,0.9116,3.9127
62.1944,0.87,3.7411
62.1946,0.7711,3.3158
62.1948,0.8337,3.5782
62.1950,0.8898,3.8262
62.1952,0.8329,3.5796
62.1954,0.8335,3.5822
62.1956,0.7929,3.4064
62.1958,0.8084,3.4713
62.1960,0.8487,3.6443
62.1962,0.9422,4.044
62.1964,0.8319,3.5805
62.1966,0.7307,3.1435
62.1968,0.7628,3.2848
62.1970,0.708,3.046
62.1972,0.6942,2.9867
62.1974,0.6925,2.9789
62.1976,0.7012,3.018
62.1978,0.706,3.04
62.1980,0.6982,3.0079
62.1982,0.7016,3.0181
62.1984,0.7002,3.0139
62.1986,0.6953,2.9927
62.1988,0.7014,3.0176
62.1990,0.7284,3.138
62.1992,0.6707,2.8869
62.1994,0.707,3.0442
62.1996,0.6691,2.8823
62.1998,0.6729,2.9029
62.2000,0.5749,2.4803
62.2002,0.5446,2.3483
62.2004,0.5387,2.3241
62.2006,0.5429,2.3411
62.2008,0.5683,2.4473
62.2010,0.6326,2.7266
62.2012,0.6363,2.7451
62.2014,0.5759,2.4833
62.2016,0.5715,2.463
62.2018,0.5507,2.3769
62.2020,0.5468,2.3598
62.2022,0.5432,2.3432
62.2024,0.5421,2.3386
62.2026,0.5642,2.4315
62.2028,0.6335,2.7315
62.2030,0.5925,2.5523
62.2032,0.6309,2.7194
62.2034,0.6065,2.6176
62.2036,0.5505,2.3715
62.2038,0.5911,2.5442
62.2040,0.6548,2.8209
62.2042,0.6277,2.7029
62.2044,0.6552,2.8198
62.2046,0.7224,3.1093
62.2048,0.7733,3.3235
62.2050,0.7787,3.3482
62.2052,0.7131,3.0719
62.2054,0.6447,2.7749
62.2056,0.6501,2.8007
62.2058,0.6519,2.8085
62.2060,0.6927,2.9813
62.2062,0.7139,3.0755
62.2064,0.6505,2.8049
62.2066,0.6393,2.7555
62.2068,0.6765,2.913
62.2070,0.6391,2.7519
62.2072,0.6377,2.7457
62.2074,0.6853,2.9439
62.2076,0.8047,3.4634
62.2078,0.7034,3.0273
62.2080,0.6739,2.899
62.2082,0.7194,3.0964
62.2084,0.6941,2.9875
62.2086,0.7411,3.1854
62.2088,0.8403,3.6133
62.2090,0.7649,3.2844
62.2092,0.7427,3.1965
62.2094,0.6855,2.9531
62.2096,0.6264,2.701
62.2098,0.6396,2.7502
62.2100,0.7132,3.0682
62.2102,0.68,2.928
62.2104,0.6648,2.8611
62.2106,0.6439,2.7726
62.2108,0.6194,2.6697
62.2110,0.6317,2.7199
62.2112,0.6633,2.8602
62.2114,0.6191,2.6657
62.2116,0.6826,2.9394
62.2118,0.6564,2.8315
62.2120,0.5699,2.4574
62.2122,0.566,2.4392
62.2124,0.5758,2.4805
62.2126,0.5916,2.5487
62.2128,0.6342,2.7346
62.2130,0.6079,2.6189
62.2132,0.6,2.5848
62.2134,0.5905,2.5452
62.2136,0.6108,2.6313
62.2138,0.5878,2.531
62.2140,0.6132,2.6416
62.2142,0.6494,2.795
62.2144,0.7361,3.1637
62.2146,0.7869,3.3775
62.2148,0.8585,3.6865
62.2150,0.8676,3.7256
62.2152,0.8636,3.7081
62.2154,0.9049,3.8785
62.2156,0.9993,4.277
62.2158,1.0281,4.4001
62.2160,1.0373,4.45
62.2162,0.9847,4.2202
62.2164,1.0536,4.5094
62.2166,1.0572,4.5227
62.2168,1.0523,4.5143
62.2170,1.02,4.3678
62.2172,1.0592,4.5399
62.2174,0.9917,4.2565
62.2176,0.9124,3.9177
62.2178,0.8555,3.6787
62.2180,0.8667,3.7215
62.2182,0.8927,3.8332
62.2184,0.8345,3.5868
62.2186,0.8085,3.4734
62.2188,0.8094,3.4819
62.2190,0.8035,3.455
62.2192,0.7687,3.3085
62.2194,0.7329,3.1528
62.2196,0.7909,3.3977
62.2198,0.7956,3.4289
62.2200,0.6211,2.6795
62.2202,0.6167,2.6579
62.2204,0.6454,2.7754
62.2206,0.7095,3.0578
62.2208,0.668,2.8777
62.2210,0.7065,3.0407
62.2212,0.7095,3.055
62.2214,0.6373,2.7467
62.2216,0.6366,2.7424
62.2218,0.6354,2.7372
62.2220,0.6229,2.686
62.2222,0.5463,2.3567
62.2224,0.5779,2.4932
62.2226,0.5879,2.5338
62.2228,0.6032,2.6
62.2230,0.6275,2.7044
62.2232,0.6541,2.8191
62.2234,0.5956,2.5681
62.2236,0.5886,2.5357
62.2238,0.5948,2.5638
62.2240,0.5926,2.5552
62.2242,0.6035,2.6034
62.2244,0.5916,2.5487
62.2246,0.6396,2.754
62.2248,0.6211,2.6757
62.2250,0.5519,2.3821
62.2252,0.5046,2.1757
62.2254,0.5763,2.4837
62.2256,0.5537,2.3876
62.2258,0.5608,2.4204
62.2260,0.5609,2.4209
62.2262,0.5229,2.2527
62.2264,0.5484,2.3638
62.2266,0.5875,2.5323
62.2268,0.5366,2.3148
62.2270,0.5355,2.3101
62.2272,0.5151,2.2222
62.2274,0.5084,2.1953
62.2276,0.4953,2.1388
62.2278,0.5006,2.1586
62.2280,0.5819,2.501
62.2282,0.7365,3.1623
62.2284,0.7907,3.3982
62.2286,0.7475,3.2172
62.2288,0.6866,2.9564
62.2290,0.6844,2.9498
62.2292,0.6061,2.6124
62.2294,0.5826,2.5111
62.2296,0.5741,2.4755
62.2298,0.5983,2.5716
62.2300,0.7036,3.0283
62.2302,0.6893,2.9655
62.2304,0.7133,3.0658
62.2306,0.7451,3.2039
62.2308,0.7472,3.2191
62.2310,0.6626,2.8518
62.2312,0.6856,2.9481
62.2314,0.7107,3.0531
62.2316,0.715,3.0773
62.2318,0.6813,2.931
62.2320,0.6619,2.85
62.2322,0.6651,2.8653
62.2324,0.5971,2.576
62.2326,0.5733,2.4708
62.2328,0.6745,2.9002
62.2330,0.7124,3.0674
62.2332,0.6276,2.7024
62.2334,0.6092,2.6234
62.2336,0.5889,2.5356
62.2338,0.63,2.7127
62.2340,0.6632,2.8584
62.2342,0.5996,2.5857
62.2344,0.5016,2.1637
62.2346,0.4695,2.0275
62.2348,0.4748,2.0493
62.2350,0.4723,2.0394
62.2352,0.4625,1.9951
62.2354,0.4597,1.9832
62.2356,0.4669,2.0161
62.2358,0.4685,2.0238
62.2360,0.4704,2.0292
62.2362,0.4788,2.0655
62.2364,0.4746,2.0474
62.2366,0.488,2.1043
62.2368,0.5344,2.3044
62.2370,0.4982,2.1453
62.2372,0.6178,2.6576
62.2374,0.6886,2.9679
62.2376,0.5796,2.497
62.2378,0.5794,2.496
62.2380,0.6192,2.665
62.2382,0.6664,2.8697
62.2384,0.6734,2.8969
62.2386,0.6573,2.8265
62.2388,0.6606,2.843
62.2390,0.6387,2.7517
62.2392,0.5686,2.4495
62.2394,0.5499,2.3711
62.2396,0.5501,2.371
62.2398,0.5639,2.4293
62.2400,0.5573,2.4009
62.2402,0.5469,2.3582
62.2404,0.5379,2.3194
62.2406,0.5374,2.3163
62.2408,0.5309,2.2894
62.2410,0.5638,2.4288
62.2412,0.5963,2.5676
62.2414,0.5919,2.5485
62.2416,0.6296,2.7111
62.2418,0.6283,2.7055
62.2420,0.5966,2.568
62.2422,0.5911,2.5454
62.2424,0.6487,2.7932
62.2426,0.6293,2.7083
62.2428,0.6385,2.7494
62.2430,0.6875,2.955
62.2432,0.7155,3.078
62.2434,0.6871,2.9557
62.2436,0.6678,2.8767
62.2438,0.5675,2.4482
62.2440,0.5176,2.2341
62.2442,0.4833,2.0851
62.2444,0.4743,2.0463
62.2446,0.4868,2.1001
62.2448,0.4924,2.1225
62.2450,0.4861,2.096
62.2452,0.4807,2.0737
62.2454,0.4767,2.0557
62.2456,0.4807,2.0728
62.2458,0.4887,2.1074
62.2460,0.4807,2.0737
62.2462,0.4972,2.1431
62.2464,0.5343,2.3017
62.2466,0.5331,2.2944
62.2468,0.5711,2.458
62.2470,0.6452,2.7744
62.2472,0.612,2.634
62.2474,0.608,2.6146
62.2476,0.7019,3.0155
62.2478,0.7602,3.2688
62.2480,0.7512,3.2242
62.2482,0.8204,3.5178
62.2484,0.8543,3.665
62.2486,0.8621,3.695
62.2488,0.862,3.7014
62.2490,0.8162,3.5064
62.2492,0.8325,3.5764
62.2494,0.7826,3.3606
62.2496,0.7808,3.3544
62.2498,0.8917,3.8166
62.2500,1.0501,4.4945
62.2502,1.0723,4.5873
62.2504,1.066,4.5623
62.2506,1.0315,4.415
62.2508,1.1008,4.7116
62.2510,0.999,4.2819
62.2512,0.9119,3.9156
62.2514,0.8585,3.6796
62.2516,0.9014,3.8672
62.2518,0.8826,3.7864
62.2520,0.8469,3.6331
62.2522,0.857,3.6798
62.2524,0.8542,3.6679
62.2526,0.8681,3.7225
62.2528,0.8657,3.7191
62.2530,0.8777,3.7636
62.2532,0.9546,4.0893
62.2534,0.8873,3.81
62.2536,0.8096,3.4764
62.2538,0.8176,3.5125
62.2540,0.8694,3.7316
62.2542,0.8543,3.6702
62.2544,0.8114,3.4841
62.2546,0.8511,3.6546
62.2548,0.8748,3.7478
62.2550,0.9562,4.1061
62.2552,0.8959,3.8435
62.2554,0.968,4.1508
62.2556,0.9112,3.9125
62.2558,0.8996,3.8595
62.2560,0.9844,4.2173
62.2562,1.0337,4.4304
62.2564,0.8567,3.6873
62.2566,0.6725,2.8987
62.2568,0.7169,3.0813
62.2570,0.8754,3.7608
62.2572,0.8672,3.7236
62.2574,0.8347,3.584
62.2576,0.8252,3.5466
62.2578,0.8574,3.6801
62.2580,0.918,3.9382
62.2582,0.85,3.6669
62.2584,0.6056,2.6115
62.2586,0.6139,2.6447
62.2588,0.6646,2.8593
62.2590,0.7379,3.1715
62.2592,0.8004,3.4384
62.2594,0.8661,3.7172
62.2596,0.8622,3.7007
62.2598,0.9145,3.9269
62.2600,0.8867,3.8163
62.2602,0.7209,3.1055
62.2604,0.6284,2.711
62.2606,0.5597,2.4135
62.2608,0.5706,2.4617
62.2610,0.5844,2.5177
62.2612,0.6373,2.7467
62.2614,0.5576,2.4087
62.2616,0.5028,2.1689
62.2618,0.539,2.323
62.2620,0.5439,2.3485
62.2622,0.542,2.3381
62.2624,0.5971,2.5676
62.2626,0.7078,3.0506
62.2628,0.6291,2.7141
62.2630,0.5445,2.3478
62.2632,0.5307,2.2905
62.2634,0.5314,2.2925
62.2636,0.5739,2.4734
62.2638,0.5379,2.3205
62.2640,0.526,2.2693
62.2642,0.5176,2.232
62.2644,0.5246,2.261
62.2646,0.5427,2.3412
62.2648,0.5384,2.3225
62.2650,0.52,2.2424
62.2652,0.5216,2.2512
62.2654,0.5258,2.2682
62.2656,0.5284,2.2786
62.2658,0.5759,2.4798
62.2660,0.6166,2.6586
62.2662,0.5512,2.3757
62.2664,0.541,2.3339
62.2666,0.5448,2.3494
62.2668,0.5418,2.3354
62.2670,0.5396,2.3266
62.2672,0.5417,2.3359
62.2674,0.5748,2.4752
62.2676,0.5694,2.4531
62.2678,0.5737,2.4728
62.2680,0.6315,2.7194
62.2682,0.6957,2.9956
62.2684,0.6417,2.7684
62.2686,0.5574,2.4037
62.2688,0.545,2.3488
62.2690,0.547,2.3565
62.2692,0.617,2.6569
62.2694,0.6366,2.7385
62.2696,0.671,2.8866
62.2698,0.6838,2.9459
62.2700,0.645,2.7759
62.2702,0.6777,2.9141
62.2704,0.726,3.1234
62.2706,0.72,3.0976
62.2708,0.7079,3.0441
62.2710,0.7446,3.1988
62.2712,0.7459,3.2075
62.2714,0.7619,3.2776
62.2716,0.7807,3.3555
62.2718,0.7819,3.359
62.2720,0.755,3.2482
62.2722,0.6962,2.9949
62.2724,0.7566,3.2504
62.2726,0.7971,3.4261
62.2728,0.6975,3.0034
62.2730,0.605,2.6077
62.2732,0.5994,2.5834
62.2734,0.5642,2.4315
62.2736,0.5728,2.4687
62.2738,0.5863,2.5294
62.2740,0.5652,2.435
62.2742,0.6239,2.6839
62.2744,0.6711,2.8858
62.2746,0.6284,2.7098
62.2748,0.5362,2.3132
62.2750,0.499,2.1529
62.2752,0.494,2.1321
62.2754,0.4932,2.1265
62.2756,0.5168,2.2284
62.2758,0.4602,1.9807
62.2760,0.5794,2.496
62.2762,0.5742,2.4772
62.2764,0.5146,2.2201
62.2766,0.5042,2.1741
62.2768,0.5007,2.1611
62.2770,0.5053,2.1798
62.2772,0.4947,2.1333
62.2774,0.5036,2.1715
62.2776,0.5414,2.3301
62.2778,0.6773,2.9085
62.2780,0.735,3.162
62.2782,0.685,2.9469
62.2784,0.7287,3.1391
62.2786,0.6013,2.5941
62.2788,0.483,2.0836
62.2790,0.4668,2.0137
62.2792,0.4652,2.0079
62.2794,0.4757,2.053
62.2796,0.4849,2.0899
62.2798,0.5078,2.1886
62.2800,0.5395,2.324
62.2802,0.5877,2.534
62.2804,0.5704,2.4584
62.2806,0.5588,2.4038
62.2808,0.6534,2.8095
62.2810,0.7047,3.0287
62.2812,0.7315,3.1442
62.2814,0.7621,3.2695
62.2816,0.809,3.4771
62.2818,0.7505,3.2271
62.2820,0.7848,3.3683
62.2822,0.8072,3.4645
62.2824,0.8357,3.5887
62.2826,0.8387,3.6015
62.2828,0.8508,3.6484
62.2830,0.8448,3.6295
62.2832,0.8121,3.4889
62.2834,0.7945,3.4147
62.2836,0.8113,3.482
62.2838,0.8853,3.7942
62.2840,0.9104,3.9021
62.2842,0.9517,4.0808
62.2844,0.9212,3.9484
62.2846,0.8765,3.762
62.2848,0.819,3.5149
62.2850,0.7861,3.3786
62.2852,0.8,3.4368
62.2854,0.7921,3.4044
62.2856,0.7507,3.2236
62.2858,0.8282,3.5529
62.2860,0.8637,3.7103
62.2862,0.7674,3.2967
62.2864,0.7354,3.1709
62.2866,0.6613,2.8408
62.2868,0.8103,3.4827
62.2870,0.782,3.358
62.2872,0.8002,3.4363
62.2874,0.8793,3.7685
62.2876,0.938,4.026
62.2878,0.9333,4.0003
62.2880,0.977,4.1913
62.2882,0.9103,3.9053
62.2884,0.9532,4.0875
62.2886,0.8437,3.6311
62.2888,0.6785,2.9204
62.2890,0.6911,2.9691
62.2892,0.7458,3.2085
62.2894,0.7748,3.3271
62.2896,0.826,3.5503
62.2898,0.8309,3.573
62.2900,0.8349,3.5834
62.2902,0.8438,3.6198
62.2904,0.8414,3.6145
62.2906,0.8469,3.6382
62.2908,0.8584,3.686
62.2910,0.8691,3.7335
62.2912,0.8184,3.5205
62.2914,0.7538,3.2415
62.2916,0.7432,3.2001
62.2918,0.6986,3.0094
62.2920,0.6902,2.9677
62.2922,0.73,3.1433
62.2924,0.7408,3.1809
62.2926,0.805,3.4633
62.2928,0.7532,3.2405
62.2930,0.7613,3.272
62.2932,0.7609,3.2735
62.2934,0.7496,3.2235
62.2936,0.726,3.1234
62.2938,0.6916,2.9795
62.2940,0.6794,2.9227
62.2942,0.7365,3.1638
62.2944,0.8035,3.455
62.2946,0.8343,3.5858
62.2948,0.8202,3.5283
62.2950,0.7518,3.2343
62.2952,0.7306,3.143
62.2954,0.7405,3.1887
62.2956,0.685,2.9497
62.2958,0.6875,2.9564
62.2960,0.742,3.1934
62.2962,0.7004,3.0228
62.2964,0.5959,2.5684
62.2966,0.5827,2.5104
62.2968,0.6221,2.6799
62.2970,0.6385,2.7506
62.2972,0.6368,2.7434
62.2974,0.6327,2.7233
62.2976,0.6347,2.7354
62.2978,0.636,2.7411
62.2980,0.6285,2.7078
62.2982,0.6258,2.6934
62.2984,0.6707,2.8896
62.2986,0.6595,2.8437
62.2988,0.5706,2.4617
62.2990,0.5004,2.1586
62.2992,0.5374,2.313
62.2994,0.6492,2.7992
62.2996,0.5907,2.5481
62.2998,0.5566,2.4012
62.3000,0.499,2.1549
62.3002,0.4573,1.9747
62.3004,0.4536,1.9577
62.3006,0.4555,1.9678
62.3008,0.4553,1.9659
62.3010,0.4542,1.9612
62.3012,0.4619,1.9944
62.3014,0.5154,2.2222
62.3016,0.5194,2.2419
62.3018,0.4608,1.9897
62.3020,0.4526,1.9536
62.3022,0.4766,2.0552
62.3024,0.5342,2.3012
62.3026,0.5089,2.1973
62.3028,0.4722,2.037
62.3030,0.506,2.1839
62.3032,0.4662,2.0102
62.3034,0.5736,2.47
62.3036,0.5856,2.5228
62.3038,0.5501,2.3732
62.3040,0.5481,2.3633
62.3042,0.5512,2.3735
62.3044,0.6048,2.6031
62.3046,0.66,2.8405
62.3048,0.6814,2.9328
62.3050,0.6739,2.9017
62.3052,0.6482,2.7912
62.3054,0.6613,2.8448
62.3056,0.6265,2.6977
62.3058,0.558,2.4063
62.3060,0.5499,2.3711
62.3062,0.5442,2.3479
62.3064,0.5462,2.354
62.3066,0.5488,2.3664
62.3068,0.5457,2.353
62.3070,0.5457,2.3519
62.3072,0.5525,2.3803
62.3074,0.5522,2.3787
62.3076,0.5418,2.3365
62.3078,0.5836,2.5117
62.3080,0.6448,2.7767
62.3082,0.6062,2.608
62.3084,0.6862,2.948
62.3086,0.7336,3.1515
62.3088,0.7115,3.0638
62.3090,0.6347,2.7341
62.3092,0.5951,2.5613
62.3094,0.6899,2.964
62.3096,0.7265,3.1269
62.3098,0.6791,2.9217
62.3100,0.7253,3.1188
62.3102,0.6779,2.9192
62.3104,0.6311,2.7136
62.3106,0.701,3.0184
62.3108,0.6122,2.6351
62.3110,0.6667,2.8667
62.3112,0.6559,2.8268
62.3114,0.6062,2.6105
62.3116,0.6333,2.7246
62.3118,0.6559,2.8216
62.3120,0.6361,2.739
62.3122,0.5859,2.5203
62.3124,0.6486,2.7901
62.3126,0.7272,3.1271
62.3128,0.6748,2.9071
62.3130,0.5716,2.4635
62.3132,0.5429,2.3411
62.3134,0.5492,2.3647
62.3136,0.6567,2.8239
62.3138,0.6716,2.8892
62.3140,0.7544,3.2411
62.3142,0.7863,3.3797
62.3144,0.7915,3.3987
62.3146,0.836,3.588
62.3148,0.8565,3.6777
62.3150,0.867,3.7248
62.3152,0.813,3.4892
62.3154,0.8363,3.5862
62.3156,0.8423,3.617
62.3158,0.8544,3.6707
62.3160,0.8034,3.4512
62.3162,0.7938,3.4116
62.3164,0.7528,3.2369
62.3166,0.7305,3.141
62.3168,0.7546,3.2431
62.3170,0.7049,3.034
62.3172,0.661,2.8411
62.3174,0.8014,3.4398
62.3176,0.8769,3.76
62.3178,0.9049,3.8839
62.3180,0.8928,3.8337
62.3182,0.8455,3.6304
62.3184,0.8309,3.5681
62.3186,0.7438,3.1997
62.3188,0.7212,3.1013
62.3190,0.7939,3.4106
62.3192,0.7824,3.3658
62.3194,0.7294,3.1349
62.3196,0.7459,3.2075
62.3198,0.7913,3.4008
62.3200,0.808,3.4746
62.3202,0.732,3.1462
62.3204,0.7377,3.1675
62.3206,0.8294,3.5647
62.3208,0.8107,3.4908
62.3210,0.7417,3.188
62.3212,0.7707,3.3158
62.3214,0.7251,3.1192
62.3216,0.7128,3.0695
62.3218,0.682,2.934
62.3220,0.6916,2.9767
62.3222,0.6956,2.9937
62.3224,0.699,3.0059
62.3226,0.714,3.0746
62.3228,0.7001,3.0147
62.3230,0.6705,2.8845
62.3232,0.7156,3.0756
62.3234,0.733,3.1547
62.3236,0.6693,2.882
62.3238,0.6678,2.8727
62.3240,0.712,3.0644
62.3242,0.6788,2.9242
62.3244,0.6631,2.8552
62.3246,0.6879,2.9579
62.3248,0.7239,3.1126
62.3250,0.7301,3.1424
62.3252,0.7233,3.1129
62.3254,0.6121,2.6394
62.3256,0.568,2.4458
62.3258,0.7025,3.0223
62.3260,0.7038,3.0279
62.3262,0.7143,3.0714
62.3264,0.7502,3.2276
62.3266,0.6914,2.9826
62.3268,0.5164,2.2268
62.3270,0.4889,2.1109
62.3272,0.5103,2.2015
62.3274,0.5549,2.3928
62.3276,0.549,2.3664
62.3278,0.5397,2.3293
62.3280,0.5362,2.3111
62.3282,0.5395,2.325
62.3284,0.5522,2.3798
62.3286,0.5535,2.3855
62.3288,0.6198,2.67
62.3290,0.6681,2.8715
62.3292,0.7673,3.3023
62.3294,0.6728,2.9011
62.3296,0.5976,2.5745
62.3298,0.5814,2.5048
62.3300,0.6189,2.6652
62.3302,0.6484,2.7883
62.3304,0.6596,2.8402
62.3306,0.657,2.8302
62.3308,0.6745,2.9002
62.3310,0.7047,3.0301
62.3312,0.7313,3.1461
62.3314,0.7541,3.2426
62.3316,0.7152,3.0769
62.3318,0.6585,2.8343
62.3320,0.6158,2.6542
62.3322,0.618,2.6611
62.3324,0.6988,3.0007
62.3326,0.7743,3.3266
62.3328,0.7568,3.2574
62.3330,0.6921,2.9788
62.3332,0.6802,2.9277
62.3334,0.6439,2.77
62.3336,0.6639,2.8615
62.3338,0.5582,2.4045
62.3340,0.5965,2.5746
62.3342,0.5425,2.3401
62.3344,0.5378,2.3178
62.3346,0.548,2.3617
62.3348,0.5371,2.3158
62.3350,0.5319,2.2935
62.3352,0.5359,2.3074
62.3354,0.5808,2.5045
62.3356,0.5327,2.2982
62.3358,0.5306,2.2879
62.3360,0.5308,2.2878
62.3362,0.5266,2.2708
62.3364,0.5252,2.2646
62.3366,0.5561,2.3958
62.3368,0.5516,2.3783
62.3370,0.5236,2.2589
62.3372,0.5289,2.2817
62.3374,0.5276,2.2739
62.3376,0.5306,2.2868
62.3378,0.5933,2.5547
62.3380,0.6348,2.7308
62.3382,0.6616,2.8464
62.3384,0.6854,2.9471
62.3386,0.6802,2.9263
62.3388,0.6281,2.7032
62.3390,0.6109,2.6343
62.3392,0.5758,2.4816
62.3394,0.5673,2.4449
62.3396,0.5742,2.4703
62.3398,0.603,2.5953
62.3400,0.5978,2.5755
62.3402,0.5663,2.4397
62.3404,0.5656,2.4366
62.3406,0.5625,2.4231
62.3408,0.5819,2.508
62.3410,0.5267,2.2745
62.3412,0.4606,1.9868
62.3414,0.4566,1.9698
62.3416,0.4538,1.9579
62.3418,0.4716,2.0335
62.3420,0.483,2.0807
62.3422,0.5324,2.2967
62.3424,0.4974,2.1466
62.3426,0.5183,2.2362
62.3428,0.4803,2.0703
62.3430,0.5094,2.1963
62.3432,0.5126,2.2113
62.3434,0.4942,2.1302
62.3436,0.4999,2.1565
62.3438,0.4919,2.1209
62.3440,0.5088,2.1917
62.3442,0.6582,2.8261
62.3444,0.7371,3.1693
62.3446,0.6759,2.9077
62.3448,0.6612,2.843
62.3450,0.5898,2.5433
62.3452,0.4821,2.077
62.3454,0.5125,2.2098
62.3456,0.5072,2.1881
62.3458,0.4704,2.0311
62.3460,0.4675,2.0159
62.3462,0.4734,2.0412
62.3464,0.4801,2.0711
62.3466,0.512,2.2067
62.3468,0.5493,2.363
62.3470,0.5934,2.5576
62.3472,0.556,2.3964
62.3474,0.564,2.4276
62.3476,0.6639,2.8535
62.3478,0.7197,3.0917
62.3480,0.7676,3.2993
62.3482,0.7279,3.1243
62.3484,0.7806,3.3549
62.3486,0.744,3.1948
62.3488,0.8016,3.4387
62.3490,0.8374,3.5925
62.3492,0.8909,3.8202
62.3494,0.9377,4.0188
62.3496,0.9313,3.9916
62.3498,0.9016,3.8659
62.3500,0.9389,4.0239
62.3502,0.954,4.083
62.3504,1.0025,4.2888
62.3506,1.0567,4.5228
62.3508,1.0501,4.4945
62.3510,1.0777,4.6126
62.3512,1.0642,4.5567
62.3514,1.0525,4.5048
62.3516,1.0609,4.5386
62.3518,1.0457,4.486
62.3520,0.9023,3.8708
62.3522,0.9231,3.9603
62.3524,0.9253,3.9714
62.3526,0.9066,3.8875
62.3528,0.8956,3.8438
62.3530,0.96,4.1125
62.3532,1.0386,4.4494
62.3534,1.0402,4.4561
62.3536,1.0325,4.4274
62.3538,0.9443,4.0565
62.3540,0.8483,3.6478
62.3542,0.774,3.325
62.3544,0.8169,3.5046
62.3546,0.8525,3.6607
62.3548,0.8148,3.5034
62.3550,0.8052,3.4606
62.3552,0.818,3.5125
62.3554,0.8656,3.7186
62.3556,0.7874,3.3906
62.3558,0.7139,3.0698
62.3560,0.8018,3.4446
62.3562,0.8178,3.5098
62.3564,0.8131,3.4962
62.3566,0.7692,3.3044
62.3568,0.7895,3.3962
62.3570,0.7493,3.2204
62.3572,0.7927,3.4102
62.3574,0.7649,3.289
62.3576,0.8053,3.4563
62.3578,0.819,3.5215
62.3580,0.7169,3.087
62.3582,0.7253,3.1232
62.3584,0.7278,3.1296
62.3586,0.7796,3.3524
62.3588,0.7389,3.1845
62.3590,0.7016,3.0181
62.3592,0.7474,3.2137
62.3594,0.7016,3.0195
62.3596,0.6794,2.9254
62.3598,0.6707,2.8896
62.3600,0.6385,2.7545
62.3602,0.5883,2.5354
62.3604,0.5935,2.5569
62.3606,0.6488,2.7963
62.3608,0.6158,2.6542
62.3610,0.5951,2.5624
62.3612,0.589,2.5397
62.3614,0.5891,2.5402
62.3616,0.5975,2.5764
62.3618,0.5968,2.5709
62.3620,0.6399,2.7543
62.3622,0.6385,2.7545
62.3624,0.5877,2.534
62.3626,0.5228,2.2542
62.3628,0.5146,2.217
62.3630,0.5552,2.3927
62.3632,0.5522,2.3798
62.3634,0.6176,2.6632
62.3636,0.5688,2.4528
62.3638,0.553,2.3834
62.3640,0.5502,2.3716
62.3642,0.5492,2.3691
62.3644,0.5477,2.3618
62.3646,0.563,2.4241
62.3648,0.568,2.448
62.3650,0.5687,2.4534
62.3652,0.5616,2.4251
62.3654,0.5052,2.1782
62.3656,0.5281,2.2781
62.3658,0.5181,2.2372
62.3660,0.4763,2.0536
62.3662,0.4905,2.1181
62.3664,0.4542,1.9612
62.3666,0.4518,1.9518
62.3668,0.4458,1.9241
62.3670,0.4384,1.892
62.3672,0.4408,1.9041
62.3674,0.4478,1.9338
62.3676,0.4481,1.9339
62.3678,0.4692,2.0231
62.3680,0.4571,1.9718
62.3682,0.4516,1.948
62.3684,0.4861,2.097
62.3686,0.4911,2.1168
62.3688,0.5469,2.3527
62.3690,0.6433,2.7713
62.3692,0.6106,2.6315
62.3694,0.5964,2.5693
62.3696,0.5071,2.1845
62.3698,0.5386,2.3182
62.3700,0.6011,2.5883
62.3702,0.5802,2.4973
62.3704,0.624,2.6856
62.3706,0.7004,3.013
62.3708,0.6673,2.8706
62.3710,0.665,2.8595
62.3712,0.671,2.8866
62.3714,0.7649,3.2844
62.3716,0.7555,3.2487
62.3718,0.6805,2.9273
62.3720,0.6707,2.8909
62.3722,0.5866,2.5293
62.3724,0.598,2.5736
62.3726,0.6136,2.642
62.3728,0.5675,2.446
62.3730,0.5698,2.4512
62.3732,0.656,2.8221
62.3734,0.6423,2.7633
62.3736,0.6802,2.9331
62.3738,0.607,2.6124
62.3740,0.6277,2.7054
62.3742,0.5271,2.2729
62.3744,0.5065,2.1839
62.3746,0.5385,2.3198
62.3748,0.5504,2.371
62.3750,0.5436,2.341
62.3752,0.591,2.5484
62.3754,0.5454,2.3487
62.3756,0.5978,2.5731
62.3758,0.6223,2.6834
62.3760,0.5333,2.2997
62.3762,0.5253,2.263
62.3764,0.5386,2.3214
62.3766,0.4996,2.1545
62.3768,0.4921,2.1219
62.3770,0.4893,2.111
62.3772,0.501,2.1581
62.3774,0.5619,2.4183
62.3776,0.6158,2.653
62.3778,0.6036,2.5979
62.3780,0.6627,2.8457
62.3782,0.7327,3.1508
62.3784,0.6537,2.8149
62.3786,0.5752,2.4813
62.3788,0.5,2.157
62.3790,0.5251,2.2609
62.3792,0.5589,2.4099
62.3794,0.5002,2.157
62.3796,0.4971,2.1426
62.3798,0.5048,2.1747
62.3800,0.571,2.4564
62.3802,0.5872,2.526
62.3804,0.5928,2.5562
62.3806,0.5484,2.3605
62.3808,0.5959,2.5637
62.3810,0.6628,2.8502
62.3812,0.7004,3.0116
62.3814,0.6881,2.9548
62.3816,0.7118,3.0605
62.3818,0.7169,3.0813
62.3820,0.7561,3.2377
62.3822,0.9056,3.8816
62.3824,0.9273,3.9765
62.3826,0.9299,3.9854
62.3828,0.8398,3.6062
62.3830,0.7634,3.2767
62.3832,0.796,3.4166
62.3834,0.8255,3.5449
62.3836,0.8289,3.5527
62.3838,0.8844,3.7959
62.3840,0.8693,3.7276
62.3842,0.8525,3.6624
62.3844,0.7413,3.1859
62.3846,0.7489,3.2189
62.3848,0.7401,3.1793
62.3850,0.7317,3.1447
62.3852,0.7275,3.1266
62.3854,0.7748,3.3302
62.3856,0.7511,3.2282
62.3858,0.7077,3.0459
62.3860,0.6747,2.9039
62.3862,0.666,2.8663
62.3864,0.7361,3.1637
62.3866,0.6929,2.981
62.3868,0.7035,3.0278
62.3870,0.7549,3.2416
62.3872,0.8145,3.5008
62.3874,0.7645,3.2844
62.3876,0.7996,3.4321
62.3878,0.8615,3.6976
62.3880,0.8441,3.623
62.3882,0.8565,3.676
62.3884,0.8288,3.5605
62.3886,0.8363,3.5946
62.3888,0.785,3.3709
62.3890,0.792,3.3991
62.3892,0.7989,3.429
62.3894,0.8535,3.6649
62.3896,0.8697,3.7396
62.3898,0.7951,3.4125
62.3900,0.8524,3.6551
62.3902,0.9176,3.9348
62.3904,0.9438,4.0431
62.3906,0.9965,4.2691
62.3908,0.9574,4.1074
62.3910,0.9284,3.9811
62.3912,0.945,4.0501
62.3914,0.9713,4.1632
62.3916,0.9897,4.2517
62.3918,0.8727,3.749
62.3920,0.8184,3.5173
62.3922,0.7681,3.3013
62.3924,0.8061,3.4615
62.3926,0.8496,3.6484
62.3928,0.8445,3.6279
62.3930,0.8116,3.4917
62.3932,0.7836,3.3694
62.3934,0.7678,3.2998
62.3936,0.7981,3.4286
62.3938,0.8742,3.7504
62.3940,0.9314,3.9939
62.3942,1.0066,4.3163
62.3944,1.0185,4.3652
62.3946,0.9996,4.2825
62.3948,0.9909,4.249
62.3950,0.9431,4.0514
62.3952,0.8628,3.7119
62.3954,0.7795,3.3503
62.3956,0.7728,3.3168
62.3958,0.8752,3.7563
62.3960,0.8779,3.7716
62.3962,0.852,3.6621
62.3964,0.8842,3.7967
62.3966,0.8542,3.6731
62.3968,0.7899,3.3967
62.3970,0.8031,3.4518
62.3972,0.8342,3.5836
62.3974,0.8601,3.6932
62.3976,0.8324,3.5826
62.3978,0.6989,3.011
62.3980,0.6532,2.8168
62.3982,0.6562,2.8271
62.3984,0.6537,2.8188
62.3986,0.5962,2.5659
62.3988,0.6345,2.7361
62.3990,0.6217,2.6796
62.3992,0.6239,2.6914
62.3994,0.5705,2.4623
62.3996,0.5737,2.4751
62.3998,0.5582,2.4079
62.4000,0.5558,2.3964
62.4002,0.5745,2.4748
62.4004,0.6138,2.643
62.4006,0.643,2.7703
62.4008,0.5917,2.5527
62.4010,0.5498,2.3717
62.4012,0.5534,2.3883
62.4014,0.5499,2.3722
62.4016,0.5528,2.3835
62.4018,0.5487,2.367
62.4020,0.5484,2.366
62.4022,0.5537,2.3843
62.4024,0.6287,2.7108
62.4026,0.5907,2.5481
62.4028,0.5465,2.3566
62.4030,0.5883,2.5354
62.4032,0.6246,2.6932
62.4034,0.6296,2.7124
62.4036,0.6299,2.7122
62.4038,0.6233,2.6838
62.4040,0.6225,2.6832
62.4042,0.6247,2.6925
62.4044,0.647,2.7847
62.4046,0.7616,3.272
62.4048,0.8348,3.5879
62.4050,0.7728,3.3245
62.4052,0.7397,3.1836
62.4054,0.7267,3.125
62.4056,0.6926,2.9767
62.4058,0.7089,3.0524
62.4060,0.6397,2.7558
62.4062,0.6619,2.8527
62.4064,0.6335,2.7277
62.4066,0.6614,2.8453
62.4068,0.6736,2.902
62.4070,0.6404,2.7589
62.4072,0.6451,2.7777
62.4074,0.6338,2.7305
62.4076,0.6113,2.637
62.4078,0.6061,2.6124
62.4080,0.592,2.549
62.4082,0.6392,2.7512
62.4084,0.6901,2.97
62.4086,0.6654,2.865
62.4088,0.6813,2.931
62.4090,0.7808,3.3591
62.4092,0.7911,3.4035
62.4094,0.7562,3.2518
62.4096,0.7414,3.1909
62.4098,0.7401,3.1822
62.4100,0.7781,3.3457
62.4102,0.7523,3.2318
62.4104,0.7603,3.2678
62.4106,0.8014,3.443
62.4108,0.7883,3.3863
62.4110,0.7827,3.3673
62.4112,0.7707,3.3142
62.4114,0.7602,3.2704
62.4116,0.707,3.0428
62.4118,0.6829,2.9363
62.4120,0.741,3.1864
62.4122,0.7315,3.1442
62.4124,0.7534,3.2425
62.4126,0.7151,3.0807
62.4128,0.6553,2.8216
62.4130,0.653,2.8157
62.4132,0.6582,2.8314
62.4134,0.7409,3.1829
62.4136,0.7715,3.3173
62.4138,0.751,3.2276
62.4140,0.7975,3.4276
62.4142,0.8674,3.7263
62.4144,0.8565,3.6777
62.4146,0.8626,3.704
62.4148,0.8728,3.7512
62.4150,0.7793,3.3493
62.4152,0.8375,3.5947
62.4154,0.8717,3.7449
62.4156,0.8806,3.783
62.4158,0.8932,3.8335
62.4160,0.8975,3.852
62.4162,0.889,3.8155
62.4164,0.8873,3.81
62.4166,0.8675,3.7286
62.4168,0.833,3.5751
62.4170,0.9092,3.9043
62.4172,0.8806,3.783
62.4174,0.8554,3.6748
62.4176,0.8988,3.8577
62.4178,0.8655,3.7181
62.4180,0.8032,3.4539
62.4182,0.7841,3.3667
62.4184,0.832,3.5777
62.4186,0.8234,3.5389
62.4188,0.8034,3.4545
62.4190,0.7643,3.2848
62.4192,0.7857,3.3787
62.4194,0.7802,3.3612
62.4196,0.6554,2.8261
62.4198,0.6271,2.7003
62.4200,0.6309,2.7219
62.4202,0.6325,2.7248
62.4204,0.6694,2.8826
62.4206,0.6904,2.9702
62.4208,0.704,3.0341
62.4210,0.6772,2.9148
62.4212,0.6678,2.8767
62.4214,0.6375,2.7452
62.4216,0.6374,2.7473
62.4218,0.6188,2.6721
62.4220,0.5753,2.4796
62.4222,0.6144,2.6443
62.4224,0.6586,2.8374
62.4226,0.6963,2.9968
62.4228,0.7136,3.0726
62.4230,0.6589,2.8371
62.4232,0.6265,2.699
62.4234,0.6351,2.7438
62.4236,0.5398,2.3255
62.4238,0.5754,2.4789
62.4240,0.6373,2.7429
62.4242,0.7234,3.112
62.4244,0.7349,3.1674
62.4246,0.6172,2.6562
62.4248,0.6188,2.6684
62.4250,0.5844,2.5212
62.4252,0.5807,2.504
62.4254,0.55,2.3727
62.4256,0.4929,2.1285
62.4258,0.485,2.0953
62.4260,0.4947,2.1343
62.4262,0.5096,2.1974
62.4264,0.4785,2.0682
62.4266,0.4396,1.8981
62.4268,0.4459,1.9273
62.4270,0.4351,1.878
62.4272,0.479,2.0675
62.4274,0.4637,2.0031
62.4276,0.4367,1.8848
62.4278,0.4513,1.947
62.4280,0.4681,2.0213
62.4282,0.4669,2.0161
62.4284,0.451,1.9491
62.4286,0.4402,1.9007
62.4288,0.4336,1.8722
62.4290,0.4495,1.941
62.4292,0.4716,2.0344
62.4294,0.5121,2.2072
62.4296,0.5542,2.3842
62.4298,0.6778,2.9173
62.4300,0.6812,2.9332
62.4302,0.6155,2.6515
62.4304,0.5935,2.5593
62.4306,0.5921,2.5531
62.4308,0.5827,2.5081
62.4310,0.6359,2.738
62.4312,0.6608,2.8454
62.4314,0.6441,2.7723
62.4316,0.6203,2.6684
62.4318,0.6901,2.9672
62.4320,0.763,3.2761
62.4322,0.7862,3.3823
62.4324,0.6528,2.8147
62.4326,0.5711,2.4638
62.4328,0.4694,2.0251
62.4330,0.4597,1.9823
62.4332,0.509,2.1968
62.4334,0.4813,2.0792
62.4336,0.455,1.963
62.4338,0.4546,1.9628
62.4340,0.4547,1.9642
62.4342,0.4626,1.9956
62.4344,0.4662,2.0102
62.4346,0.4531,1.9548
62.4348,0.4921,2.1239
62.4350,0.4583,1.9761
62.4352,0.4544,1.9614
62.4354,0.4507,1.9462
62.4356,0.4472,1.9312
62.4358,0.4477,1.9324
62.4360,0.47,2.0249
62.4362,0.5054,2.1793
62.4364,0.4619,1.9925
62.4366,0.4542,1.9576
62.4368,0.5023,2.1678
62.4370,0.4621,1.9936
62.4372,0.4531,1.9557
62.4374,0.4416,1.9051
62.4376,0.4518,1.9482
62.4378,0.4871,2.0992
62.4380,0.5574,2.3992
62.4382,0.6289,2.7055
62.4384,0.5445,2.3467
62.4386,0.4797,2.0686
62.4388,0.4875,2.1013
62.4390,0.542,2.3359
62.4392,0.5209,2.2449
62.4394,0.5067,2.1829
62.4396,0.5253,2.2641
62.4398,0.497,2.1411
62.4400,0.5189,2.2356
62.4402,0.5703,2.4556
62.4404,0.5972,2.5694
62.4406,0.6534,2.8121
62.4408,0.593,2.5572
62.4410,0.5122,2.2088
62.4412,0.4912,2.1173
62.4414,0.4968,2.1421
62.4416,0.4341,1.8743
62.4418,0.4481,1.9312
62.4420,0.5032,2.167
62.4422,0.505,2.1757
62.4424,0.495,2.1333
62.4426,0.495,2.1353
62.4428,0.4935,2.1281
62.4430,0.494,2.1282
62.4432,0.5022,2.1633
62.4434,0.5588,2.4082
62.4436,0.5228,2.2511
62.4438,0.5618,2.4144
62.4440,0.6188,2.6647
62.4442,0.6247,2.6862
62.4444,0.6823,2.9351
62.4446,0.6266,2.6982
62.4448,0.6441,2.7672
62.4450,0.7034,3.0245
62.4452,0.6706,2.885
62.4454,0.621,2.6702
62.4456,0.62,2.6686
62.4458,0.5249,2.2646
62.4460,0.4787,2.0649
62.4462,0.4742,2.0439
62.4464,0.5072,2.184
62.4466,0.5391,2.3224
62.4468,0.6034,2.5945
62.4470,0.6586,2.8295
62.4472,0.694,2.9773
62.4474,0.7128,3.0652
62.4476,0.709,3.0473
62.4478,0.7588,3.2596
62.4480,0.7308,3.1352
62.4482,0.7139,3.0713
62.4484,0.6246,2.687
62.4486,0.6907,2.9588
62.4488,0.8938,3.8236
62.4490,0.9369,4.0157
62.4492,0.9094,3.8921
62.4494,1.0449,4.472
62.4496,1.0669,4.56
62.4498,1.0693,4.5788
62.4500,1.012,4.3354
62.4502,0.988,4.2248
62.4504,1.0277,4.3904
62.4506,1.0578,4.5253
62.4508,1.0463,4.4781
62.4510,1.0428,4.4612
62.4512,1.049,4.4899
62.4514,1.0054,4.3051
62.4516,1.019,4.3591
62.4518,1.1054,4.7267
62.4520,1.073,4.599
62.4522,0.9294,3.9852
62.4524,0.8763,3.7644
62.4526,0.8656,3.7169
62.4528,0.8459,3.6341
62.4530,0.7851,3.3745
62.4532,0.8106,3.4789
62.4534,0.8413,3.6123
62.4536,0.8429,3.6196
62.4538,0.7791,3.3503
62.4540,0.7537,3.241
62.4542,0.7761,3.3359
62.4544,0.8104,3.4784
62.4546,0.8574,3.6801
62.4548,0.8867,3.8022
62.4550,0.8922,3.8294
62.4552,0.8847,3.8005
62.4554,0.8294,3.5647
62.4556,0.8464,3.6311
62.4558,0.8438,3.6215
62.4560,0.8561,3.6745
62.4562,0.9172,3.9328
62.4564,0.9817,4.2035
62.4566,1.0606,4.5498
62.4568,0.9278,3.9915
62.4570,0.8275,3.5564
62.4572,0.8245,3.5403
62.4574,0.8427,3.6236
62.4576,0.818,3.5174
62.4578,0.7899,3.3983
62.4580,0.718,3.0874
62.4582,0.6976,3.0025
62.4584,0.7115,3.0609
62.4586,0.7446,3.2063
62.4588,0.7501,3.2225
62.4590,0.7739,3.3276
62.4592,0.7446,3.2033
62.4594,0.7083,3.047
62.4596,0.739,3.1791
62.4598,0.7066,3.0398
62.4600,0.7042,3.0323
62.4602,0.7249,3.1216
62.4604,0.6947,2.9915
62.4606,0.6859,2.9506
62.4608,0.6965,2.9979
62.4610,0.7077,3.0487
62.4612,0.6836,2.9421
62.4614,0.6775,2.9172
62.4616,0.6812,2.9291
62.4618,0.6746,2.9088
62.4620,0.6237,2.6834
62.4622,0.7433,3.1962
62.4624,0.7188,3.0967
62.4626,0.65,2.8015
62.4628,0.6337,2.7287
62.4630,0.633,2.7269
62.4632,0.6329,2.7276
62.4634,0.6311,2.7199
62.4636,0.6291,2.7103
62.4638,0.6227,2.6837
62.4640,0.6243,2.6897
62.4642,0.65,2.7989
62.4644,0.6561,2.8266
62.4646,0.645,2.7811
62.4648,0.5884,2.5335
62.4650,0.618,2.6635
62.4652,0.6378,2.7514
62.4654,0.6307,2.7133
62.4656,0.695,2.9925
62.4658,0.6331,2.7312
62.4660,0.5586,2.41
62.4662,0.5381,2.3194
62.4664,0.5354,2.3075
62.4666,0.5318,2.293
62.4668,0.5307,2.2894
62.4670,0.549,2.3686
62.4672,0.5499,2.3722
62.4674,0.5475,2.3597
62.4676,0.5369,2.3163
62.4678,0.515,2.2217
62.4680,0.5392,2.3251
62.4682,0.5507,2.3736
62.4684,0.5495,2.3695
62.4686,0.5341,2.3018
62.4688,0.6344,2.7305
62.4690,0.6664,2.8723
62.4692,0.5977,2.5762
62.4694,0.6164,2.6531
62.4696,0.688,2.9571
62.4698,0.7544,3.2441
62.4700,0.7464,3.2125
62.4702,0.6987,3.0071
62.4704,0.6914,2.9701
62.4706,0.738,3.1749
62.4708,0.7241,3.1108
62.4710,0.8049,3.4547
62.4712,0.8337,3.5816
62.4714,0.8022,3.4429
62.4716,0.8026,3.4514
62.4718,0.7438,3.1982
62.4720,0.7066,3.0412
62.4722,0.7176,3.0858
62.4724,0.7408,3.1853
62.4726,0.7398,3.1842
62.4728,0.6814,2.9328
62.4730,0.6878,2.9561
62.4732,0.7577,3.2565
62.4734,0.763,3.2822
62.4736,0.694,2.9898
62.4738,0.6351,2.7324
62.4740,0.6753,2.9065
62.4742,0.6919,2.9777
62.4744,0.7122,3.064
62.4746,0.6842,2.9515
62.4748,0.5112,2.2061
62.4750,0.5185,2.2346
62.4752,0.5813,2.5054
62.4754,0.6354,2.7359
62.4756,0.6598,2.8465
62.4758,0.5055,2.1798
62.4760,0.4887,2.1094
62.4762,0.4912,2.1193
62.4764,0.4871,2.1002
62.4766,0.5007,2.1591
62.4768,0.5966,2.568
62.4770,0.7176,3.0858
62.4772,0.666,2.8663
62.4774,0.6687,2.8781
62.4776,0.7053,3.0313
62.4778,0.715,3.0788
62.4780,0.596,2.569
62.4782,0.574,2.475
62.4784,0.5729,2.4715
62.4786,0.5363,2.3137
62.4788,0.4785,2.0654
62.4790,0.473,2.0406
62.4792,0.5347,2.3044
62.4794,0.5288,2.278
62.4796,0.5301,2.2858
62.4798,0.5046,2.1767
62.4800,0.541,2.3307
62.4802,0.604,2.5994
62.4804,0.585,2.5202
62.4806,0.5717,2.4652
62.4808,0.6273,2.6976
62.4810,0.7366,3.1673
62.4812,0.7247,3.1133
62.4814,0.7083,3.047
62.4816,0.7043,3.03
62.4818,0.7222,3.1068
62.4820,0.6921,2.9732
62.4822,0.7799,3.3472
62.4824,0.8564,3.6704
62.4826,0.9006,3.86
62.4828,0.9036,3.8747
62.4830,0.9109,3.9078
62.4832,0.9094,3.8993
62.4834,0.8881,3.8172
62.4836,0.8303,3.5638
62.4838,0.9018,3.8687
62.4840,0.9179,3.9358
62.4842,0.9566,4.0923
62.4844,1.0579,4.5321
62.4846,1.0096,4.3292
62.4848,1.0048,4.3046
62.4850,1.0363,4.4417
62.4852,1.0403,4.4525
62.4854,1.0302,4.4176
62.4856,0.9088,3.9022
62.4858,0.8501,3.6504
62.4860,0.8211,3.5258
62.4862,0.8622,3.7024
62.4864,0.8276,3.5652
62.4866,0.6911,2.976
62.4868,0.7115,3.0609
62.4870,0.7234,3.112
62.4872,0.7193,3.0988
62.4874,0.7199,3.0927
62.4876,0.7877,3.3869
62.4878,0.7145,3.0753
62.4880,0.6975,3.0048
62.4882,0.6986,3.0052
62.4884,0.7225,3.107
62.4886,0.7046,3.031
62.4888,0.7338,3.1554
62.4890,0.7916,3.4039
62.4892,0.7944,3.4142
62.4894,0.8134,3.4978
62.4896,0.7925,3.4091
62.4898,0.8055,3.4637
62.4900,0.8054,3.4616
62.4902,0.8331,3.5757
62.4904,0.865,3.7143
62.4906,0.7791,3.3503
62.4908,0.7434,3.1967
62.4910,0.7789,3.3477
62.4912,0.8457,3.6348
62.4914,0.7916,3.4039
62.4916,0.8059,3.4621
62.4918,0.8444,3.6291
62.4920,0.8259,3.5497
62.4922,0.7899,3.3967
62.4924,0.7663,3.2936
62.4926,0.7964,3.423
62.4928,0.8529,3.6657
62.4930,0.8425,3.6209
62.4932,0.8771,3.7698
62.4934,0.8221,3.5332
62.4936,0.8236,3.5383
62.4938,0.8313,3.5696
62.4940,0.8326,3.5819
62.4942,0.6841,2.9483
62.4944,0.6121,2.6407
62.4946,0.5842,2.5201
62.4948,0.5909,2.5456
62.4950,0.5971,2.5748
62.4952,0.6023,2.5958
62.4954,0.6492,2.7914
62.4956,0.7495,3.2245
62.4958,0.6831,2.9414
62.4960,0.6946,2.9952
62.4962,0.6306,2.7178
62.4964,0.5713,2.4659
62.4966,0.5582,2.409
62.4968,0.5561,2.398
62.4970,0.5547,2.3929
62.4972,0.5548,2.3934
62.4974,0.5688,2.4517
62.4976,0.5791,2.4926
62.4978,0.6294,2.7151
62.4980,0.5218,2.2522
62.4982,0.5223,2.2532
62.4984,0.5391,2.3267
62.4986,0.4683,2.0223
62.4988,0.4506,1.9475
62.4990,0.4484,1.9373
62.4992,0.4603,1.9867
62.4994,0.455,1.9658
62.4996,0.4486,1.9387
62.4998,0.4506,1.9457
62.5000,0.45,1.9413
62.5002,0.457,1.9741
62.5004,0.4607,1.9892
62.5006,0.462,1.994
62.5008,0.4574,1.9725
62.5010,0.4609,1.9893
62.5012,0.4644,2.0052
62.5014,0.4585,1.979
62.5016,0.4553,1.9668
62.5018,0.4754,2.05
62.5020,0.5251,2.262
62.5022,0.5502,2.3716
62.5024,0.5446,2.3473
62.5026,0.5454,2.3509
62.5028,0.5505,2.3748
62.5030,0.5481,2.3612
62.5032,0.5568,2.4011
62.5034,0.5502,2.3727
62.5036,0.5488,2.3653
62.5038,0.5839,2.5109
62.5040,0.6939,2.9879
62.5042,0.6572,2.826
62.5044,0.7299,3.1326
62.5046,0.7898,3.3915
62.5048,0.8435,3.6238
62.5050,0.8448,3.6227
62.5052,0.8836,3.8029
62.5054,0.6566,2.8273
62.5056,0.6776,2.9177
62.5058,0.6137,2.6437
62.5060,0.5663,2.4385
62.5062,0.5654,2.4367
62.5064,0.5606,2.4171
62.5066,0.5482,2.3639
62.5068,0.5432,2.3411
62.5070,0.5348,2.307
62.5072,0.5532,2.3823
62.5074,0.6446,2.7757
62.5076,0.5989,2.5802
62.5078,0.5952,2.5606
62.5080,0.689,2.9681
62.5082,0.6164,2.6568
62.5084,0.5856,2.5228
62.5086,0.5935,2.5545
62.5088,0.6915,2.9734
62.5090,0.7267,3.1265
62.5092,0.6625,2.8526
62.5094,0.623,2.6815
62.5096,0.6362,2.7357
62.5098,0.6995,3.0066
62.5100,0.7899,3.3904
62.5102,0.8636,3.7081
62.5104,0.8032,3.4523
62.5106,0.7122,3.0612
62.5108,0.6879,2.9566
62.5110,0.686,2.9511
62.5112,0.6995,3.008
62.5114,0.73,3.136
62.5116,0.7162,3.0796
62.5118,0.732,3.1521
62.5120,0.7082,3.0422
62.5122,0.7881,3.3811
62.5124,0.8401,3.6038
62.5126,0.861,3.699
62.5128,0.7915,3.4018
62.5130,0.7885,3.3874
62.5132,0.8336,3.5761
62.5134,0.8715,3.7386
62.5136,0.8676,3.736
62.5138,0.6845,2.9449
62.5140,0.6326,2.7215
62.5142,0.6952,2.9866
62.5144,0.7733,3.322
62.5146,0.7925,3.4044
62.5148,0.8046,3.4548
62.5150,0.8765,3.7585
62.5152,0.9405,4.0292
62.5154,1.0488,4.4805
62.5156,1.104,4.725
62.5158,1.0788,4.6172
62.5160,1.0657,4.5613
62.5162,1.054,4.5215
62.5164,0.9781,4.192
62.5166,1.057,4.5259
62.5168,1.0663,4.5596
62.5170,1.0279,4.4119
62.5172,0.8977,3.8584
62.5174,0.8266,3.5495
62.5176,0.847,3.6404
62.5178,0.8185,3.5194
62.5180,0.8401,3.6038
62.5182,0.9008,3.8664
62.5184,0.8747,3.7525
62.5186,0.9014,3.8726
62.5188,0.8782,3.7709
62.5190,0.9074,3.8911
62.5192,0.9389,4.0333
62.5194,0.8146,3.5029
62.5196,0.78,3.3524
62.5198,0.7944,3.4126
62.5200,0.8475,3.6408
62.5202,0.7847,3.374
62.5204,0.7781,3.3472
62.5206,0.818,3.5125
62.5208,0.8933,3.8376
62.5210,0.8585,3.6882
62.5212,0.8835,3.7936
62.5214,0.9143,3.9186
62.5216,0.9329,4.0094
62.5218,0.823,3.5407
62.5220,0.8011,3.4399
62.5222,0.8978,3.8536
62.5224,0.8797,3.7847
62.5226,0.8193,3.5181
62.5228,0.8101,3.4866
62.5230,0.7705,3.3132
62.5232,0.8272,3.5538
62.5234,0.8367,3.5995
62.5236,0.7741,3.3318
62.5238,0.7465,3.2145
62.5240,0.7613,3.2735
62.5242,0.7994,3.439
62.5244,0.7685,3.3044
62.5246,0.8097,3.4802
62.5248,0.7719,3.3147
62.5250,0.8241,3.5453
62.5252,0.7865,3.3818
62.5254,0.8338,3.5838
62.5256,0.8645,3.7157
62.5258,0.8802,3.7762
62.5260,0.9577,4.1065
62.5262,0.9628,4.1344
62.5264,0.9004,3.8626
62.5266,0.9082,3.896
62.5268,0.9073,3.9051
62.5270,0.7889,3.3968
62.5272,0.777,3.341
62.5274,0.792,3.4102
62.5276,0.7498,3.227
62.5278,0.7536,3.239
62.5280,0.7757,3.3369
62.5282,0.8109,3.4886
62.5284,0.7909,3.4024
62.5286,0.7736,3.325
62.5288,0.8373,3.6037
62.5290,0.7458,3.2129
62.5292,0.7014,3.0162
62.5294,0.7719,3.3178
62.5296,0.8008,3.4404
62.5298,0.8277,3.5608
62.5300,0.8428,3.6224
62.5302,0.8459,3.6358
62.5304,0.8866,3.8087
62.5306,0.8838,3.7934
62.5308,0.8939,3.8402
62.5310,0.8713,3.7468
62.5312,0.8041,3.4608
62.5314,0.7387,3.1795
62.5316,0.7715,3.3204
62.5318,0.7627,3.2843
62.5320,0.777,3.3395
62.5322,0.8224,3.5332
62.5324,0.8297,3.5696
62.5326,0.8349,3.5884
62.5328,0.852,3.6621
62.5330,0.8074,3.472
62.5332,0.7868,3.3865
62.5334,0.8082,3.4751
62.5336,0.8338,3.5854
62.5338,0.8296,3.5657
62.5340,0.8661,3.7206
62.5342,0.8994,3.8657
62.5344,0.7734,3.3348
62.5346,0.6554,2.8248
62.5348,0.6586,2.8427
62.5350,0.6337,2.7312
62.5352,0.6341,2.7341
62.5354,0.6901,2.9727
62.5356,0.7097,3.0589
62.5358,0.6331,2.7299
62.5360,0.6309,2.7194
62.5362,0.6847,2.9522
62.5364,0.6344,2.7343
62.5366,0.6271,2.7041
62.5368,0.6283,2.7092
62.5370,0.6305,2.7173
62.5372,0.635,2.7395
62.5374,0.6294,2.7114
62.5376,0.6247,2.6925
62.5378,0.6604,2.8452
62.5380,0.7414,3.1923
62.5382,0.7458,3.207
62.5384,0.7688,3.3121
62.5386,0.7227,3.1118
62.5388,0.7369,3.1732
62.5390,0.6489,2.7956
62.5392,0.6386,2.7537
62.5394,0.6402,2.7617
62.5396,0.6235,2.6886
62.5398,0.6143,2.6475
62.5400,0.6221,2.6848
62.5402,0.6018,2.5938
62.5404,0.6409,2.7571
62.5406,0.6917,2.98
62.5408,0.6645,2.8614
62.5410,0.6914,2.9784
62.5412,0.703,3.0328
62.5414,0.6125,2.641
62.5416,0.5935,2.5593
62.5418,0.6303,2.7155
62.5420,0.6789,2.9179
62.5422,0.7342,3.1584
62.5424,0.7066,3.044
62.5426,0.6327,2.7296
62.5428,0.5915,2.5517
62.5430,0.6014,2.5898
62.5432,0.6725,2.896
62.5434,0.7094,3.0559
62.5436,0.6501,2.8007
62.5438,0.6528,2.8134
62.5440,0.6049,2.6096
62.5442,0.5835,2.517
62.5444,0.5719,2.4674
62.5446,0.5658,2.4421
62.5448,0.5974,2.5758
62.5450,0.5803,2.5024
62.5452,0.5716,2.4647
62.5454,0.6319,2.7235
62.5456,0.6464,2.7873
62.5458,0.573,2.472
62.5460,0.5588,2.4105
62.5462,0.5725,2.4677
62.5464,0.6326,2.7253
62.5466,0.6361,2.7428
62.5468,0.6354,2.7372
62.5470,0.6407,2.7574
62.5472,0.6393,2.7568
62.5474,0.6285,2.7052
62.5476,0.723,3.1105
62.5478,0.7648,3.2869
62.5480,0.8072,3.471
62.5482,0.8173,3.511
62.5484,0.7982,3.4275
62.5486,0.8288,3.5605
62.5488,0.871,3.7383
62.5490,0.9351,4.0136
62.5492,0.9486,4.0713
62.5494,0.924,3.9658
62.5496,0.9267,3.9776
62.5498,0.9347,4.0078
62.5500,1.0103,4.3302
62.5502,0.9972,4.2722
62.5504,1.0318,4.414
62.5506,1.1004,4.7184
62.5508,1.0403,4.4608
62.5510,1.0115,4.3293
62.5512,1.0666,4.5755
62.5514,1.0209,4.3775
62.5516,1.0191,4.3698
62.5518,1.0145,4.3482
62.5520,1.0592,4.5335
62.5522,1.1273,4.825
62.5524,1.1717,5.0173
62.5526,1.1821,5.0572
62.5528,1.152,4.9377
62.5530,1.0085,4.3286
62.5532,0.963,4.1369
62.5534,0.9351,4.0174
62.5536,0.9459,4.0637
62.5538,0.8591,3.6959
62.5540,0.8252,3.55
62.5542,0.8224,3.5414
62.5544,0.7982,3.4323
62.5546,0.8348,3.5862
62.5548,0.8377,3.6002
62.5550,0.8239,3.5426
62.5552,0.832,3.5777
62.5554,0.7922,3.4128
62.5556,0.7219,3.1073
62.5558,0.8068,3.4694
62.5560,0.8588,3.6909
62.5562,0.8578,3.6834
62.5564,0.9052,3.8958
62.5566,0.7831,3.3689
62.5568,0.8011,3.4495
62.5570,0.8191,3.522
62.5572,0.839,3.6076
62.5574,0.7839,3.3709
62.5576,0.7983,3.4376
62.5578,0.7847,3.374
62.5580,0.8084,3.4777
62.5582,0.7548,3.2517
62.5584,0.7701,3.3163
62.5586,0.7829,3.3663
62.5588,0.7663,3.3013
62.5590,0.7456,3.2074
62.5592,0.7712,3.3194
62.5594,0.7185,3.0937
62.5596,0.7528,3.2414
62.5598,0.7288,3.1411
62.5600,0.692,2.9824
62.5602,0.6807,2.9338
62.5604,0.6731,2.9013
62.5606,0.6776,2.9204
62.5608,0.6833,2.9452
62.5610,0.6919,2.9777
62.5612,0.7059,3.0438
62.5614,0.6264,2.6997
62.5616,0.6757,2.9148
62.5618,0.6308,2.7214
62.5620,0.6789,2.9206
62.5622,0.75,3.2325
62.5624,0.6687,2.8835
62.5626,0.66,2.8431
62.5628,0.7024,3.0245
62.5630,0.6851,2.9543
62.5632,0.6528,2.816
62.5634,0.643,2.7715
62.5636,0.6326,2.7278
62.5638,0.6586,2.8387
62.5640,0.6628,2.8542
62.5642,0.6805,2.9355
62.5644,0.618,2.666
62.5646,0.5654,2.4401
62.5648,0.55,2.3738
62.5650,0.5507,2.378
62.5652,0.5519,2.381
62.5654,0.6152,2.6541
62.5656,0.5625,2.4243
62.5658,0.5777,2.4945
62.5660,0.5577,2.4036
62.5662,0.5845,2.5229
62.5664,0.5644,2.4359
62.5666,0.5733,2.4731
62.5668,0.5787,2.4975
62.5670,0.5565,2.4018
62.5672,0.5782,2.4943
62.5674,0.5742,2.4761
62.5676,0.5703,2.4579
62.5678,0.5736,2.4746
62.5680,0.5901,2.5455
62.5682,0.5588,2.4116
62.5684,0.5402,2.3281
62.5686,0.6133,2.6422
62.5688,0.6447,2.7788
62.5690,0.599,2.5831
62.5692,0.5817,2.5104
62.5694,0.5878,2.5321
62.5696,0.6258,2.6934
62.5698,0.6776,2.9177
62.5700,0.6875,2.9592
62.5702,0.7257,3.1233
62.5704,0.7481,3.2213
62.5706,0.6977,3.0002
62.5708,0.761,3.274
62.5710,0.7042,3.0323
62.5712,0.7134,3.0706
62.5714,0.7624,3.2781
62.5716,0.8218,3.5289
62.5718,0.8716,3.7374
62.5720,0.969,4.1529
62.5722,1.019,4.3713
62.5724,0.9378,4.0268
62.5726,0.923,3.9598
62.5728,0.8812,3.7856
62.5730,0.8049,3.466
62.5732,0.7402,3.1872
62.5734,0.6941,2.9917
62.5736,0.6261,2.6987
62.5738,0.6474,2.7863
62.5740,0.6813,2.9337
62.5742,0.6754,2.9097
62.5744,0.6456,2.7811
62.5746,0.6296,2.7124
62.5748,0.6868,2.9588
62.5750,0.6661,2.8734
62.5752,0.591,2.5473
62.5754,0.6158,2.6505
62.5756,0.6697,2.8849
62.5758,0.5942,2.566
62.5760,0.51,2.202
62.5762,0.5409,2.3302
62.5764,0.6538,2.8154
62.5766,0.6781,2.9224
62.5768,0.6538,2.8167
62.5770,0.6529,2.8139
62.5772,0.5866,2.5305
62.5774,0.5625,2.4288
62.5776,0.5565,2.4007
62.5778,0.5564,2.3968
62.5780,0.6172,2.6612
62.5782,0.5787,2.4963
62.5784,0.5642,2.4326
62.5786,0.5807,2.4993
62.5788,0.6442,2.7754
62.5790,0.5948,2.5638
62.5792,0.6242,2.6904
62.5794,0.5926,2.5575
62.5796,0.5567,2.4006
62.5798,0.5667,2.4412
62.5800,0.6145,2.6498
62.5802,0.5743,2.4754
62.5804,0.6079,2.6213
62.5806,0.558,2.4051
62.5808,0.5626,2.4203
62.5810,0.6903,2.9683
62.5812,0.7574,3.257
62.5814,0.7601,3.2729
62.5816,0.733,3.1474
62.5818,0.7994,3.4358
62.5820,0.8046,3.4548
62.5822,0.8807,3.7765
62.5824,0.976,4.1832
62.5826,0.9941,4.2569
62.5828,1.0661,4.5671
62.5830,1.0745,4.603
62.5832,1.0589,4.5341
62.5834,1.0811,4.6291
62.5836,1.008,4.3305
62.5838,0.8837,3.7893
62.5840,0.9048,3.8852
62.5842,0.8517,3.6622
62.5844,0.8242,3.5409
62.5846,0.8487,3.646
62.5848,0.8594,3.6849
62.5850,0.9371,4.02
62.5852,0.8854,3.8
62.5854,0.9041,3.8767
62.5856,0.9302,3.9925
62.5858,0.9254,3.9738
62.5860,0.9385,4.0243
62.5862,0.9984,4.2853
62.5864,0.9236,3.9661
62.5866,0.9218,3.9657
62.5868,0.819,3.5166
62.5870,0.8311,3.5719
62.5872,0.7956,3.4225
62.5874,0.7707,3.3188
62.5876,0.7668,3.2987
62.5878,0.7799,3.3534
62.5880,0.7849,3.3735
62.5882,0.7718,3.3158
62.5884,0.8255,3.5482
62.5886,0.8614,3.7023
62.5888,0.8749,3.7588
62.5890,0.8549,3.6727
62.5892,0.873,3.7505
62.5894,0.8769,3.7688
62.5896,0.8507,3.6564
62.5898,0.865,3.7143
62.5900,0.8639,3.7114
62.5902,0.8713,3.7433
62.5904,0.8694,3.7368
62.5906,0.9146,3.9274
62.5908,0.9757,4.1856
62.5910,0.9986,4.2839
62.5912,0.9909,4.2529
62.5914,0.9736,4.1827
62.5916,0.8913,3.8306
62.5918,0.8375,3.5997
62.5920,0.8687,3.7355
62.5922,0.8907,3.8262
62.5924,0.9004,3.8644
62.5926,0.9094,3.9066
62.5928,0.9121,3.9166
62.5930,0.8572,3.686
62.5932,0.8195,3.5257
62.5934,0.8096,3.4829
62.5936,0.7984,3.4365
62.5938,0.8233,3.54
62.5940,0.8615,3.7062
62.5942,0.8359,3.5925
62.5944,0.8977,3.8513
62.5946,0.9808,4.2077
62.5948,0.95,4.085
62.5950,0.8524,3.6705
62.5952,0.7686,3.3049
62.5954,0.8253,3.5488
62.5956,0.8413,3.6174
62.5958,0.85,3.6533
62.5960,0.8583,3.6889
62.5962,0.8663,3.7269
62.5964,0.8616,3.7033
62.5966,0.8477,3.6486
62.5968,0.8019,3.4483
62.5970,0.8463,3.6323
62.5972,0.9085,3.903
62.5974,0.9083,3.9056
62.5976,0.8387,3.6066
62.5978,0.7856,3.3813
62.5980,0.769,3.3111
62.5982,0.6929,2.9907
62.5984,0.6368,2.7472
62.5986,0.6669,2.8691
62.5988,0.7741,3.3318
62.5990,0.7223,3.1103
62.5992,0.6899,2.9778
62.5994,0.6315,2.7245
62.5996,0.6224,2.6839
62.5998,0.624,2.6894
62.6000,0.6615,2.8525
62.6002,0.6442,2.7806
62.6004,0.6327,2.7284
62.6006,0.646,2.7845
62.6008,0.6317,2.7262
62.6010,0.6239,2.6914
62.6012,0.6243,2.6922
62.6014,0.6261,2.7012
62.6016,0.6205,2.6781
62.6018,0.6134,2.6439
62.6020,0.6579,2.8304
62.6022,0.7571,3.2585
62.6024,0.7751,3.3405
62.6026,0.6507,2.8059
62.6028,0.6277,2.7092
62.6030,0.6259,2.7001
62.6032,0.6368,2.7447
62.6034,0.6302,2.7188
62.6036,0.6279,2.7089
62.6038,0.6222,2.6829
62.6040,0.6097,2.6279
62.6042,0.6246,2.6932
62.6044,0.6107,2.632
62.6046,0.6716,2.8905
62.6048,0.721,3.1046
62.6050,0.7525,3.2419
62.6052,0.7277,3.132
62.6054,0.7548,3.2487
62.6056,0.7294,3.1393
62.6058,0.6737,2.9052
62.6060,0.6377,2.7496
62.6062,0.6318,2.7217
62.6064,0.6331,2.7274
62.6066,0.6649,2.8656
62.6068,0.704,3.0341
62.6070,0.691,2.9727
62.6072,0.7028,3.0275
62.6074,0.6655,2.8642
62.6076,0.6366,2.7487
62.6078,0.5488,2.3664
62.6080,0.6432,2.7746
62.6082,0.6016,2.5951
62.6084,0.5767,2.4869
62.6086,0.592,2.5514
62.6088,0.682,2.9381
62.6090,0.6547,2.8204
62.6092,0.6248,2.693
62.6094,0.6416,2.7653
62.6096,0.6574,2.8309
62.6098,0.7219,3.1087
62.6100,0.6814,2.9328
62.6102,0.7618,3.2756
62.6104,0.8267,3.5517
62.6106,0.8301,3.5678
62.6108,0.8799,3.7816
62.6110,0.8296,3.5624
62.6112,0.8921,3.8306
62.6114,0.9011,3.8783
62.6116,0.7806,3.3596
62.6118,0.765,3.2895
62.6120,0.7874,3.3859
62.6122,0.7579,3.2606
62.6124,0.7561,3.2574
62.6126,0.6747,2.9066
62.6128,0.6519,2.8098
62.6130,0.6716,2.8932
62.6132,0.7151,3.0807
62.6134,0.7191,3.0949
62.6136,0.73,3.136
62.6138,0.7712,3.3194
62.6140,0.7728,3.323
62.6142,0.8202,3.5283
62.6144,0.8004,3.4432
62.6146,0.7719,3.324
62.6148,0.7228,3.1094
62.6150,0.7713,3.3153
62.6152,0.7915,3.4002
62.6154,0.8347,3.5824
62.6156,0.8742,3.7557
62.6158,0.8574,3.6836
62.6160,0.912,3.9179
62.6162,0.9247,3.9688
62.6164,0.9188,3.9436
62.6166,0.9257,3.9748
62.6168,0.9179,3.9468
62.6170,0.8624,3.7012
62.6172,0.9441,4.056
62.6174,0.8922,3.8347
62.6176,0.8987,3.8572
62.6178,0.9373,4.021
62.6180,0.9213,3.9526
62.6182,0.9416,4.0433
62.6184,0.9074,3.9002
62.6186,0.8826,3.7864
62.6188,0.9688,4.1582
62.6190,0.9703,4.1644
62.6192,1.0121,4.3339
62.6194,1.0837,4.6382
62.6196,1.1114,4.7612
62.6198,1.0817,4.6382
62.6200,0.9923,4.2571
62.6202,0.9468,4.073
62.6204,0.8112,3.4928
62.6206,0.7974,3.4303
62.6208,0.8348,3.5912
62.6210,0.8223,3.5392
62.6212,0.8016,3.4483
62.6214,0.7898,3.4009
62.6216,0.7323,3.1516
62.6218,0.7207,3.1035
62.6220,0.7423,3.1994
62.6222,0.6917,2.98
62.6224,0.6838,2.9459
62.6226,0.6893,2.9683
62.6228,0.7441,3.1983
62.6230,0.8136,3.5032
62.6232,0.7793,3.3508
62.6234,0.7954,3.4236
62.6236,0.7862,3.3839
62.6238,0.8124,3.498
62.6240,0.7407,3.1907
62.6242,0.7008,3.015
62.6244,0.8014,3.451
62.6246,0.7222,3.1083
62.6248,0.7428,3.1941
62.6250,0.8142,3.5025
62.6252,0.8138,3.5009
62.6254,0.844,3.6292
62.6256,0.8459,3.6375
62.6258,0.7775,3.3446
62.6260,0.7507,3.2356
62.6262,0.7381,3.1769
62.6264,0.7482,3.2218
62.6266,0.7137,3.0759
62.6268,0.6868,2.9615
62.6270,0.6819,2.9403
62.6272,0.6927,2.98
62.6274,0.7504,3.2326
62.6276,0.6794,2.9281
62.6278,0.6976,3.0053
62.6280,0.6701,2.8897
62.6282,0.6144,2.6505
62.6284,0.607,2.6184
62.6286,0.6549,2.8175
62.6288,0.8059,3.4653
62.6290,0.7987,3.4391
62.6292,0.7065,3.0435
62.6294,0.723,3.1134
62.6296,0.7574,3.2585
62.6298,0.7618,3.2771
62.6300,0.7662,3.2977
62.6302,0.7839,3.3725
62.6304,0.8243,3.543
62.6306,0.812,3.49
62.6308,0.7824,3.3721
62.6310,0.6692,2.8842
62.6312,0.6513,2.8059
62.6314,0.7106,3.0582
62.6316,0.7507,3.2296
62.6318,0.7397,3.1851
62.6320,0.7459,3.2105
62.6322,0.7948,3.4163
62.6324,0.8122,3.4942
62.6326,0.8084,3.481
62.6328,0.706,3.0414
62.6330,0.652,2.8116
62.6332,0.6325,2.7261
62.6334,0.6642,2.8625
62.6336,0.6089,2.6267
62.6338,0.5691,2.4572
62.6340,0.565,2.4385
62.6342,0.5749,2.4803
62.6344,0.553,2.3868
62.6346,0.5496,2.3723
62.6348,0.5481,2.3644
62.6350,0.5529,2.3862
62.6352,0.5637,2.4294
62.6354,0.7014,3.0232
62.6356,0.6161,2.659
62.6358,0.5393,2.3267
62.6360,0.5422,2.3413
62.6362,0.5436,2.3475
62.6364,0.5408,2.3329
62.6366,0.5363,2.3148
62.6368,0.5333,2.3019
62.6370,0.5369,2.3196
62.6372,0.5416,2.3365
62.6374,0.5688,2.4505
62.6376,0.6168,2.6608
62.6378,0.5565,2.3984
62.6380,0.606,2.6094
62.6382,0.6594,2.8418
62.6384,0.6724,2.8995
62.6386,0.6592,2.8374
62.6388,0.7338,3.1584
62.6390,0.7037,3.033
62.6392,0.6592,2.8439
62.6394,0.5541,2.3892
62.6396,0.5355,2.3091
62.6398,0.5877,2.5316
62.6400,0.6131,2.6448
62.6402,0.5805,2.5029
62.6404,0.594,2.559
62.6406,0.6043,2.6034
62.6408,0.5833,2.513
62.6410,0.629,2.7086
62.6412,0.6958,2.9948
62.6414,0.7068,3.0451
62.6416,0.6622,2.8556
62.6418,0.6038,2.6013
62.6420,0.6819,2.9335
62.6422,0.7074,3.0533
62.6424,0.5248,2.2651
62.6426,0.5022,2.1633
62.6428,0.6313,2.7171
62.6430,0.7188,3.0953
62.6432,0.6847,2.9495
62.6434,0.6728,2.8997
62.6436,0.656,2.8287
62.6438,0.5909,2.5467
62.6440,0.5922,2.5524
62.6442,0.6008,2.5908
62.6444,0.5789,2.4962
62.6446,0.5639,2.4316
62.6448,0.5642,2.4338
62.6450,0.5695,2.4559
62.6452,0.5832,2.5078
62.6454,0.7386,3.179
62.6456,0.6439,2.7764
62.6458,0.5572,2.4004
62.6460,0.5758,2.4828
62.6462,0.5704,2.4607
62.6464,0.5642,2.4315
62.6466,0.546,2.3546
62.6468,0.5887,2.5374
62.6470,0.6168,2.6571
62.6472,0.5779,2.4909
62.6474,0.5661,2.4398
62.6476,0.5987,2.5743
62.6478,0.7414,3.1894
62.6480,0.7245,3.1166
62.6482,0.7173,3.0828
62.6484,0.7794,3.3529
62.6486,0.7893,3.3957
62.6488,0.8179,3.5087
62.6490,0.9152,3.9209
62.6492,0.9669,4.1481
62.6494,0.9212,3.9521
62.6496,0.9417,4.0382
62.6498,0.9565,4.0976
62.6500,1.0363,4.4355
62.6502,1.0718,4.5939
62.6504,1.036,4.4361
62.6506,1.0564,4.5212
62.6508,1.0398,4.4546
62.6510,1.0363,4.4376
62.6512,1.0591,4.5373
62.6514,1.0555,4.5261
62.6516,1.0435,4.4726
62.6518,1.0357,4.4309
62.6520,1.1504,4.9213
62.6522,1.1408,4.8916
62.6524,0.9897,4.2458
62.6526,0.9747,4.1834
62.6528,0.9785,4.196
62.6530,0.9976,4.2817
62.6532,0.9827,4.2219
62.6534,0.9362,4.0145
62.6536,0.9799,4.1977
62.6538,1.0703,4.5829
62.6540,1.0922,4.6747
62.6542,1.1071,4.7405
62.6544,1.1127,4.7647
62.6546,1.0988,4.7117
62.6548,1.0558,4.5271
62.6550,1.0702,4.5845
62.6552,1.0825,4.6396
62.6554,1.0059,4.3193
62.6556,0.8933,3.8394
62.6558,0.8526,3.6647
62.6560,0.8558,3.6781
62.6562,0.9277,3.9836
62.6564,0.9729,4.1738
62.6566,0.9626,4.1276
62.6568,0.9523,4.0929
62.6570,0.9243,3.9673
62.6572,0.9895,4.2467
62.6574,0.9821,4.2212
62.6576,0.9072,3.9028
62.6578,0.8849,3.8033
62.6580,0.8854,3.8071
62.6582,0.8392,3.6069
62.6584,0.8272,3.5587
62.6586,0.851,3.6591
62.6588,0.8519,3.6616
62.6590,0.863,3.709
62.6592,0.9264,3.9779
62.6594,0.9419,4.0462
62.6596,0.9217,3.9615
62.6598,0.92,3.9469
62.6600,0.9644,4.1508
62.6602,0.799,3.4407
62.6604,0.792,3.4086
62.6606,0.7855,3.3808
62.6608,0.835,3.5922
62.6610,0.827,3.5577
62.6612,0.7654,3.2956
62.6614,0.718,3.0931
62.6616,0.6716,2.8932
62.6618,0.7561,3.2528
62.6620,0.8625,3.7086
62.6622,0.8835,3.8024
62.6624,0.8137,3.4988
62.6626,0.8679,3.7301
62.6628,0.9114,3.9135
62.6630,0.8829,3.8016
62.6632,0.7692,3.3106
62.6634,0.7727,3.3271
62.6636,0.759,3.2727
62.6638,0.664,2.8646
62.6640,0.6189,2.6713
62.6642,0.587,2.5349
62.6644,0.5902,2.546
62.6646,0.6054,2.6116
62.6648,0.6007,2.5939
62.6650,0.6174,2.6621
62.6652,0.6813,2.9363
62.6654,0.6364,2.7469
62.6656,0.6005,2.5916
62.6658,0.6039,2.6054
62.6660,0.6006,2.5898
62.6662,0.6017,2.5956
62.6664,0.6007,2.5903
62.6666,0.6056,2.6115
62.6668,0.6065,2.6175
62.6670,0.601,2.5925
62.6672,0.5995,2.5839
62.6674,0.6313,2.7234
62.6676,0.6141,2.6482
62.6678,0.6533,2.8172
62.6680,0.623,2.6864
62.6682,0.6049,2.6096
62.6684,0.6683,2.8765
62.6686,0.7442,3.2062
62.6688,0.629,2.7123
62.6690,0.6319,2.7234
62.6692,0.6667,2.8733
62.6694,0.6349,2.7363
62.6696,0.6466,2.7857
62.6698,0.7385,3.1784
62.6700,0.7768,3.342
62.6702,0.8116,3.4867
62.6704,0.8514,3.6611
62.6706,0.8533,3.6677
62.6708,0.8596,3.6928
62.6710,0.8697,3.7326
62.6712,0.915,3.9326
62.6714,0.8439,3.632
62.6716,0.7721,3.3214
62.6718,0.8163,3.5052
62.6720,0.9125,3.9199
62.6722,0.8705,3.7396
62.6724,0.9072,3.8954
62.6726,0.9059,3.8916
62.6728,0.8945,3.8391
62.6730,0.9414,4.0403
62.6732,0.9615,4.1306
62.6734,0.8573,3.6898
62.6736,0.7737,3.3301
62.6738,0.7643,3.2878
62.6740,0.774,3.3296
62.6742,0.7628,3.2847
62.6744,0.7601,3.2744
62.6746,0.7581,3.2646
62.6748,0.7484,3.2227
62.6750,0.7315,3.15
62.6752,0.7252,3.1226
62.6754,0.7427,3.195
62.6756,0.8356,3.5881
62.6758,0.9005,3.863
62.6760,0.9532,4.097
62.6762,0.9231,3.9621
62.6764,0.9477,4.0676
62.6766,0.9621,4.1313
62.6768,0.9404,4.0362
62.6770,0.8161,3.5107
62.6772,0.7468,3.2155
62.6774,0.7813,3.358
62.6776,0.8243,3.5512
62.6778,0.768,3.3038
62.6780,0.7984,3.4301
62.6782,0.8524,3.667
62.6784,0.8581,3.6883
62.6786,0.8982,3.8532
62.6788,0.9694,4.1607
62.6790,0.977,4.1951
62.6792,0.9705,4.1673
62.6794,0.9738,4.1817
62.6796,1.0037,4.3059
62.6798,0.9795,4.2098
62.6800,0.9195,3.9503
62.6802,0.8879,3.8161
62.6804,0.8327,3.5757
62.6806,0.9501,4.0779
62.6808,1.0495,4.5003
62.6810,1.0714,4.5944
62.6812,1.0503,4.5081
62.6814,1.0249,4.3949
62.6816,1.0641,4.563
62.6818,1.0358,4.4417
62.6820,1.0296,4.4191
62.6822,1.0137,4.3486
62.6824,1.0417,4.4648
62.6826,1.1366,4.8736
62.6828,1.1111,4.769
62.6830,0.9891,4.2431
62.6832,0.9951,4.2728
62.6834,0.9984,4.2932
62.6836,0.8959,3.8488
62.6838,0.8855,3.8111
62.6840,0.8228,3.5445
62.6842,0.8211,3.5323
62.6844,0.9394,4.0302
62.6846,1.0457,4.4859
62.6848,1.1007,4.711
62.6850,1.2408,5.3055
62.6852,1.3023,5.5685
62.6854,1.3255,5.6626
62.6856,1.3286,5.676
62.6858,1.3214,5.6532
62.6860,1.2864,5.5034
62.6862,1.3066,5.5948
62.6864,1.1565,4.9543
62.6866,1.1271,4.842
62.6868,1.0307,4.4237
62.6870,1.0685,4.5837
62.6872,1.0593,4.5488
62.6874,1.0872,4.6552
62.6876,1.2266,5.2523
62.6878,1.185,5.0789
62.6880,1.1366,4.8736
62.6882,1.1255,4.8263
62.6884,1.1463,4.9129
62.6886,1.211,5.1904
62.6888,1.1315,4.8565
62.6890,1.0421,4.4726
62.6892,1.0521,4.5158
62.6894,1.0453,4.4844
62.6896,1.1003,4.7271
62.6898,1.0688,4.5938
62.6900,1.0476,4.4963
62.6902,1.1244,4.8171
62.6904,1.1673,5.0145
62.6906,1.0748,4.6152
62.6908,1.0019,4.3082
62.6910,0.9435,4.059
62.6912,0.9749,4.1941
62.6914,1.0182,4.3702
62.6916,1.1165,4.7877
62.6918,1.1506,4.9406
62.6920,1.0541,4.5367
62.6922,0.9143,3.9331
62.6924,0.9809,4.218
62.6926,0.9809,4.218
62.6928,1.0168,4.3701
62.6930,0.9964,4.2885
62.6932,0.9519,4.0875
62.6934,0.9839,4.2289
62.6936,0.98,4.2119
62.6938,1.0054,4.3211
62.6940,1.0405,4.4701
62.6942,1.0489,4.5061
62.6944,1.0639,4.5769
62.6946,0.998,4.2912
62.6948,0.9771,4.2015
62.6950,1.0111,4.3459
62.6952,0.9932,4.2686
62.6954,0.9653,4.1529
62.6956,0.9668,4.1591
62.6958,0.9858,4.249
62.6960,0.8523,3.6716
62.6962,0.8262,3.5578
62.6964,0.8626,3.7143
62.6966,0.8603,3.7113
62.6968,0.7483,3.2312
62.6970,0.6879,2.9716
62.6972,0.6776,2.9244
62.6974,0.6622,2.8608
62.6976,0.678,2.9251
62.6978,0.7131,3.0818
62.6980,0.5946,2.5675
62.6982,0.7129,3.0699
62.6984,0.782,3.3783
62.6986,0.6435,2.7774
62.6988,0.6337,2.7388
62.6990,0.6108,2.641
62.6992,0.6057,2.6168
62.6994,0.6053,2.6148
62.6996,0.608,2.6267
62.6998,0.6062,2.6201
62.7000,0.6037,2.6068
62.7002,0.632,2.7277
62.7004,0.63,2.7227
62.7006,0.6176,2.6669
62.7008,0.6439,2.7828
62.7010,0.6071,2.6213
62.7012,0.6182,2.667
62.7014,0.7083,3.0512
62.7016,0.7936,3.4174
62.7018,0.7526,3.2438
62.7020,0.7093,3.0615
62.7022,0.7015,3.0293
62.7024,0.7024,3.0301
62.7026,0.7038,3.0349
62.7028,0.7008,3.022
62.7030,0.7079,3.0539
62.7032,0.6987,3.0155
62.7034,0.7091,3.0577
62.7036,0.7268,3.1327
62.7038,0.73,3.1491
62.7040,0.7165,3.0911
62.7042,0.7283,3.1375
62.7044,0.7965,3.4282
62.7046,0.8517,3.6656
62.7048,0.8596,3.691
62.7050,0.9801,4.2085
62.7052,0.9529,4.103
62.7054,0.7486,3.2278
62.7056,0.7351,3.1699
62.7058,0.7308,3.1483
62.7060,0.7354,3.1679
62.7062,0.7324,3.1565
62.7064,0.73,3.1447
62.7066,0.7357,3.1695
62.7068,0.7464,3.2155
62.7070,0.7986,3.437
62.7072,0.8673,3.7327
62.7074,0.8363,3.5979
62.7076,0.8621,3.7139
62.7078,0.785,3.3802
62.7080,0.7852,3.3813
62.7082,0.8373,3.6003
62.7084,0.855,3.68
62.7086,0.8427,3.6235
62.7088,0.9374,4.0289
62.7090,0.9686,4.161
62.7092,0.9509,4.091
62.7094,0.8773,3.7743
62.7096,0.9183,3.9415
62.7098,0.9944,4.2678
62.7100,1.0348,4.4495
62.7102,0.9892,4.2496
62.7104,1.0039,4.3069
62.7106,1.079,4.6289
62.7108,1.1019,4.7316
62.7110,0.996,4.2789
62.7112,0.9298,3.9946
62.7114,0.9519,4.0894
62.7116,1.0036,4.3094
62.7118,0.9893,4.256
62.7120,0.8627,3.7148
62.7122,0.8722,3.7469
62.7124,1.0012,4.2931
62.7126,1.0442,4.4777
62.7128,1.075,4.6163
62.7130,1.031,4.4273
62.7132,1.0635,4.5711
62.7134,1.0468,4.4989
62.7136,0.9975,4.2791
62.7138,1.0397,4.4623
62.7140,1.0484,4.4978
62.7142,1.0687,4.5826
62.7144,1.0954,4.6994
62.7146,1.0922,4.6877
62.7148,1.0862,4.6641
62.7150,1.0795,4.6375
62.7152,1.0508,4.5059
62.7154,1.0962,4.6981
62.7156,1.1068,4.7483
62.7158,1.0611,4.5544
62.7160,1.0621,4.5606
62.7162,1.0201,4.3927
62.7164,0.8933,3.8429
62.7166,0.8946,3.8468
62.7168,0.928,3.985
62.7170,1.0765,4.6203
62.7172,1.0788,4.6365
62.7174,0.984,4.2294
62.7176,0.9701,4.1716
62.7178,0.9846,4.23
62.7180,1.0454,4.4891
62.7182,1.0619,4.5554
62.7184,1.1157,4.7886
62.7186,1.1482,4.9211
62.7188,1.1729,5.0317
62.7190,1.1759,5.0351
62.7192,1.2571,5.3878
62.7194,1.2796,5.4793
62.7196,1.2765,5.4838
62.7198,1.0512,4.5075
62.7200,1.1163,4.7911
62.7202,1.0972,4.7027
62.7204,1.1189,4.8025
62.7206,1.0728,4.6129
62.7208,1.038,4.4572
62.7210,1.0577,4.5479
62.7212,0.9802,4.2188
62.7214,0.9898,4.2502
62.7216,1.0628,4.5595
62.7218,1.1289,4.8429
62.7220,1.0472,4.4989
62.7222,1.0433,4.4861
62.7224,1.0543,4.5293
62.7226,1.023,4.401
62.7228,0.8964,3.8581
62.7230,0.8833,3.8036
62.7232,0.8996,3.8756
62.7234,0.8946,3.8557
62.7236,0.8482,3.6523
62.7238,0.9519,4.097
62.7240,0.9645,4.1493
62.7242,0.961,4.1324
62.7244,0.9677,4.1671
62.7246,0.9143,3.935
62.7248,0.9089,3.9099
62.7250,0.9548,4.1113
62.7252,0.946,4.0698
62.7254,0.961,4.1343
62.7256,0.9438,4.0619
62.7258,0.9494,4.0843
62.7260,0.9589,4.125
62.7262,1.0132,4.3486
62.7264,1.0734,4.6133
62.7266,0.9791,4.2142
62.7268,0.9496,4.0853
62.7270,0.9928,4.265
62.7272,1.0122,4.3525
62.7274,1.0134,4.3658
62.7276,0.8614,3.7177
62.7278,0.7487,3.2298
62.7280,0.7408,3.1956
62.7282,0.787,3.3921
62.7284,0.8525,3.6777
62.7286,0.7893,3.4051
62.7288,0.7378,3.1827
62.7290,0.7572,3.2665
62.7292,0.776,3.3368
62.7294,0.9068,3.9048
62.7296,0.9081,3.9105
62.7298,0.9033,3.888
62.7300,0.8572,3.6962
62.7302,0.8536,3.6807
62.7304,0.8179,3.5233
62.7306,0.8357,3.5969
62.7308,0.8683,3.7425
62.7310,0.8006,3.4537
62.7312,0.7707,3.328
62.7314,0.7825,3.3678
62.7316,0.9111,3.9197
62.7318,0.9513,4.0925
62.7320,0.9406,4.0504
62.7322,0.8429,3.6279
62.7324,0.8621,3.7191
62.7326,0.7695,3.3213
62.7328,0.7158,3.088
62.7330,0.7379,3.1847
62.7332,0.7968,3.4324
62.7334,0.8104,3.4978
62.7336,0.6743,2.9131
62.7338,0.6488,2.8041
62.7340,0.6428,2.7769
62.7342,0.6446,2.7821
62.7344,0.6541,2.8269
62.7346,0.6512,2.8144
62.7348,0.7145,3.0752
62.7350,0.8127,3.5027
62.7352,0.7384,3.1897
62.7354,0.6465,2.7929
62.7356,0.635,2.7432
62.7358,0.6198,2.6774
62.7360,0.6161,2.6601
62.7362,0.6126,2.6488
62.7364,0.6164,2.6629
62.7366,0.6225,2.6881
62.7368,0.6217,2.6832
62.7370,0.6177,2.6686
62.7372,0.6162,2.6619
62.7374,0.6185,2.668
62.7376,0.6953,2.9968
62.7378,0.7337,3.1622
62.7380,0.7935,3.4169
62.7382,0.8905,3.8292
62.7384,0.9229,3.9666
62.7386,0.9274,3.9992
62.7388,0.7484,3.2287
62.7390,0.7008,3.0234
62.7392,0.6968,3.0072
62.7394,0.6794,2.9322
62.7396,0.6976,3.0066
62.7398,0.7328,3.1571
62.7400,0.7049,3.0382
62.7402,0.7543,3.2496
62.7404,0.8519,3.6632
62.7406,0.8645,3.7277
62.7408,0.7361,3.174
62.7410,0.7144,3.079
62.7412,0.7577,3.2671
62.7414,0.7364,3.1726
62.7416,0.826,3.5568
62.7418,0.8682,3.7299
62.7420,0.8808,3.7857
62.7422,0.8731,3.7597
62.7424,0.8611,3.7046
62.7426,0.9035,3.8849
62.7428,0.8629,3.7124
62.7430,0.8608,3.6996
62.7432,0.9779,4.1973
62.7434,0.9686,4.1629
62.7436,0.8989,3.8707
62.7438,0.8344,3.5946
62.7440,0.8085,3.4846
62.7442,0.7439,3.2076
62.7444,0.7632,3.2908
62.7446,0.7619,3.2821
62.7448,0.8211,3.5323
62.7450,0.8115,3.4976
62.7452,0.685,2.9592
62.7454,0.5945,2.5658
62.7456,0.6634,2.8633
62.7458,0.662,2.8637
62.7460,0.5193,2.2444
62.7462,0.5352,2.3112
62.7464,0.6113,2.637
62.7466,0.6673,2.8772
62.7468,0.6435,2.7761
62.7470,0.7089,3.0538
62.7472,0.7605,3.2749
62.7474,0.8026,3.4577
62.7476,0.7918,3.4049
62.7478,0.811,3.4906
62.7480,0.8089,3.4765
62.7482,0.909,3.9032
62.7484,0.9778,4.1987
62.7486,0.9908,4.2603
62.7488,1.0096,4.325
62.7490,1.1132,4.7755
62.7492,1.082,4.644
62.7494,1.05,4.5023
62.7496,1.092,4.6801
62.7498,1.1023,4.7221
62.7500,1.1402,4.8935
62.7502,1.1045,4.7407
62.7504,1.1099,4.7505
62.7506,1.1755,5.0407
62.7508,1.159,4.9651
62.7510,1.2089,5.186
62.7512,1.0899,4.6779
62.7514,1.0846,4.6509
62.7516,1.1467,4.9104
62.7518,1.2132,5.2021
62.7520,1.1158,4.7891
62.7522,1.0947,4.6941
62.7524,1.1532,4.9381
62.7526,1.2003,5.1495
62.7528,1.1404,4.8991
62.7530,1.0661,4.5776
62.7532,1.0238,4.4087
62.7534,0.8981,3.8635
62.7536,0.9198,3.955
62.7538,0.9659,4.1516
62.7540,0.8824,3.8012
62.7542,0.7807,3.3632
62.7544,0.7939,3.42
62.7546,0.8152,3.5071
62.7548,0.8593,3.7055
62.7550,0.7519,3.2407
62.7552,0.8258,3.5574
62.7554,0.8524,3.6687
62.7556,0.8429,3.633
62.7558,0.7923,3.4165
62.7560,0.7517,3.2382
62.7562,0.7791,3.3643
62.7564,0.6807,2.9406
62.7566,0.6464,2.7924
62.7568,0.6729,2.9015
62.7570,0.7133,3.0772
62.7572,0.6786,2.925
62.7574,0.7778,3.3492
62.7576,0.7499,3.2349
62.7578,0.6736,2.9033
62.7580,0.7315,3.1543
62.7582,0.7778,3.3555
62.7584,0.7103,3.0628
62.7586,0.7176,3.0915
62.7588,0.7597,3.2728
62.7590,0.7908,3.405
62.7592,0.8126,3.5022
62.7594,0.7762,3.341
62.7596,0.8246,3.5506
62.7598,0.7987,3.4375
62.7600,0.8137,3.5069
62.7602,0.7635,3.2939
62.7604,0.6804,2.9354
62.7606,0.6831,2.9468
62.7608,0.6788,2.9309
62.7610,0.6565,2.8346
62.7612,0.6904,2.9729
62.7614,0.7777,3.3503
62.7616,0.7038,3.0377
62.7618,0.6858,2.9574
62.7620,0.7283,3.1404
62.7622,0.7428,3.194
62.7624,0.8158,3.5162
62.7626,0.7458,3.2174
62.7628,0.7227,3.1146
62.7630,0.6952,3.0019
62.7632,0.5909,2.5526
62.7634,0.6007,2.5939
62.7636,0.5551,2.4016
62.7638,0.4855,2.0992
62.7640,0.4802,2.0774
62.7642,0.4839,2.0935
62.7644,0.4981,2.1537
62.7646,0.527,2.2734
62.7648,0.632,2.7328
62.7650,0.5067,2.192
62.7652,0.4846,2.0946
62.7654,0.4881,2.1106
62.7656,0.4846,2.0937
62.7658,0.4743,2.051
62.7660,0.4746,2.053
62.7662,0.4703,2.0325
62.7664,0.5121,2.2154
62.7666,0.4601,1.9893
62.7668,0.4657,2.0128
62.7670,0.4948,2.1387
62.7672,0.5004,2.1635
62.7674,0.4869,2.1025
62.7676,0.5099,2.2019
62.7678,0.491,2.1221
62.7680,0.4559,1.9712
62.7682,0.4661,2.0162
62.7684,0.4842,2.0906
62.7686,0.5155,2.2268
62.7688,0.5337,2.3045
62.7690,0.5902,2.5412
62.7692,0.6596,2.8402
62.7694,0.6326,2.7278
62.7696,0.6236,2.6878
62.7698,0.7074,3.0504
62.7700,0.6428,2.7692
62.7702,0.6705,2.8845
62.7704,0.7524,3.2413
62.7706,0.6963,2.9996
62.7708,0.6807,2.931
62.7710,0.7139,3.0741
62.7712,0.7257,3.1218
62.7714,0.829,3.5631
62.7716,0.8593,3.6952
62.7718,0.8083,3.4723
62.7720,0.8233,3.5416
62.7722,0.7862,3.3854
62.7724,0.6575,2.8353
62.7726,0.6017,2.5956
62.7728,0.6627,2.8549
62.7730,0.7326,3.1561
62.7732,0.6936,2.9868
62.7734,0.6915,2.9858
62.7736,0.5506,2.3775
62.7738,0.5192,2.2428
62.7740,0.5218,2.2522
62.7742,0.5174,2.2351
62.7744,0.5319,2.2956
62.7746,0.5779,2.4886
62.7748,0.6844,2.9511
62.7750,0.6759,2.909
62.7752,0.7589,3.2601
62.7754,0.8183,3.5205
62.7756,0.7171,3.0923
62.7758,0.6671,2.8754
62.7760,0.6605,2.8443
62.7762,0.6935,2.9863
62.7764,0.7233,3.1187
62.7766,0.653,2.8144
62.7768,0.6291,2.7078
62.7770,0.6677,2.878
62.7772,0.634,2.7327
62.7774,0.6004,2.5899
62.7776,0.534,2.3081
62.7778,0.527,2.2723
62.7780,0.653,2.8105
62.7782,0.7012,3.0235
62.7784,0.5834,2.5182
62.7786,0.5328,2.3019
62.7788,0.4759,2.0549
62.7790,0.5394,2.3272
62.7792,0.5362,2.3164
62.7794,0.4661,2.0143
62.7796,0.4767,2.0576
62.7798,0.5297,2.2831
62.7800,0.5916,2.551
62.7802,0.5415,2.337
62.7804,0.5952,2.5653
62.7806,0.6426,2.763
62.7808,0.7362,3.1642
62.7810,0.7739,3.3307
62.7812,0.8101,3.4816
62.7814,0.8445,3.6245
62.7816,0.9012,3.8661
62.7818,0.9752,4.1757
62.7820,1.0032,4.3018
62.7822,0.9581,4.1066
62.7824,1.0605,4.5412
62.7826,1.1,4.7079
62.7828,1.0432,4.4772
62.7830,0.9873,4.2334
62.7832,0.9697,4.1618
62.7834,0.9368,4.0189
62.7836,0.9852,4.2208
62.7838,1.0248,4.3964
62.7840,0.9297,3.9922
62.7842,0.9433,4.0523
62.7844,0.9013,3.8684
62.7846,0.9107,3.9122
62.7848,0.8791,3.7767
62.7850,0.8947,3.8419
62.7852,0.8995,3.8607
62.7854,0.9049,3.8875
62.7856,0.9176,3.9384
62.7858,0.9013,3.8756
62.7860,0.896,3.844
62.7862,0.9972,4.2821
62.7864,0.9218,3.9583
62.7866,0.9351,4.0154
62.7868,0.8711,3.7422
62.7870,0.9114,3.9171
62.7872,0.8533,3.666
62.7874,0.8766,3.7677
62.7876,0.892,3.8372
62.7878,0.8422,3.6198
62.7880,0.8274,3.5564
62.7882,0.8551,3.6703
62.7884,0.8994,3.8674
62.7886,0.8351,3.5944
62.7888,0.8486,3.6437
62.7890,0.909,3.9014
62.7892,0.9448,4.0571
62.7894,0.9856,4.2282
62.7896,0.9331,4.0104
62.7898,0.8999,3.8622
62.7900,0.9352,4.0141
62.7902,1.0374,4.4484
62.7904,1.0476,4.49
62.7906,0.9417,4.0494
62.7908,0.8972,3.8563
62.7910,0.9075,3.897
62.7912,0.9045,3.8841
62.7914,0.9104,3.9112
62.7916,0.8507,3.6529
62.7918,0.9468,4.0635
62.7920,1.0193,4.3748
62.7922,0.9881,4.243
62.7924,0.9638,4.1346
62.7926,0.9591,4.1145
62.7928,0.9262,3.981
62.7930,0.9074,3.9037
62.7932,0.8152,3.5087
62.7934,0.8003,3.4479
62.7936,0.7821,3.3663
62.7938,0.7897,3.3988
62.7940,0.7556,3.2507
62.7942,0.7866,3.3869
62.7944,0.7929,3.408
62.7946,0.8435,3.6288
62.7948,0.7938,3.4179
62.7950,0.784,3.3792
62.7952,0.7032,3.0309
62.7954,0.6782,2.9229
62.7956,0.7085,3.0537
62.7958,0.7135,3.0725
62.7960,0.7123,3.0702
62.7962,0.6767,2.9194
62.7964,0.6448,2.7805
62.7966,0.6464,2.7911
62.7968,0.5615,2.4268
62.7970,0.5507,2.3769
62.7972,0.551,2.379
62.7974,0.5591,2.4142
62.7976,0.5547,2.3928
62.7978,0.5605,2.4182
62.7980,0.6267,2.7037
62.7982,0.6456,2.7836
62.7984,0.5867,2.5345
62.7986,0.567,2.4495
62.7988,0.5544,2.3918
62.7990,0.5554,2.3959
62.7992,0.6183,2.6638
62.7994,0.6628,2.8554
62.7996,0.6276,2.7086
62.7998,0.5653,2.4423
62.8000,0.5581,2.4101
62.8002,0.5918,2.5532
62.8004,0.5688,2.4539
62.8006,0.5586,2.4099
62.8008,0.6047,2.6098
62.8010,0.5649,2.4368
62.8012,0.5936,2.5598
62.8014,0.6406,2.7663
62.8016,0.5657,2.4404
62.8018,0.5499,2.3722
62.8020,0.5506,2.3764
62.8022,0.5517,2.3821
62.8024,0.5526,2.3829
62.8026,0.551,2.3779
62.8028,0.548,2.3661
62.8030,0.5575,2.403
62.8032,0.6294,2.7138
62.8034,0.6581,2.8392
62.8036,0.5717,2.464
62.8038,0.5417,2.3391
62.8040,0.5398,2.3287
62.8042,0.5785,2.4912
62.8044,0.6655,2.8641
62.8046,0.7393,3.182
62.8048,0.7454,3.2069
62.8050,0.6882,2.9691
62.8052,0.5824,2.5123
62.8054,0.5656,2.4388
62.8056,0.554,2.3886
62.8058,0.5571,2.3976
62.8060,0.7007,3.0187
62.8062,0.6327,2.727
62.8064,0.6164,2.6568
62.8066,0.6711,2.8911
62.8068,0.6778,2.9214
62.8070,0.6215,2.6772
62.8072,0.637,2.7457
62.8074,0.6024,2.5987
62.8076,0.5119,2.2082
62.8078,0.5167,2.2268
62.8080,0.6029,2.5948
62.8082,0.7096,3.054
62.8084,0.739,3.1775
62.8086,0.756,3.2492
62.8088,0.7802,3.3549
62.8090,0.7926,3.4096
62.8092,0.805,3.4568
62.8094,0.8099,3.4844
62.8096,0.767,3.3028
62.8098,0.7306,3.1458
62.8100,0.661,2.845
62.8102,0.6472,2.7844
62.8104,0.7523,3.2363
62.8106,0.759,3.2667
62.8108,0.6768,2.9145
62.8110,0.6444,2.7772
62.8112,0.6505,2.8022
62.8114,0.6528,2.816
62.8116,0.6066,2.6132
62.8118,0.6434,2.7718
62.8120,0.6828,2.9362
62.8122,0.7297,3.1451
62.8124,0.5953,2.5658
62.8126,0.5902,2.5483
62.8128,0.5451,2.3482
62.8130,0.6085,2.6202
62.8132,0.6436,2.7741
62.8134,0.6929,2.9837
62.8136,0.6616,2.8489
62.8138,0.6339,2.7259
62.8140,0.7352,3.1645
62.8142,0.6896,2.9706
62.8144,0.687,2.9557
62.8146,0.7579,3.259
62.8148,0.7815,3.3606
62.8150,0.8476,3.6345
62.8152,0.982,4.2128
62.8154,0.8864,3.8081
62.8156,0.8611,3.6943
62.8158,0.9,3.8646
62.8160,0.853,3.6661
62.8162,0.8217,3.5333
62.8164,0.8108,3.4864
62.8166,0.7749,3.3322
62.8168,0.7899,3.3935
62.8170,0.8843,3.7971
62.8172,0.9089,3.8917
62.8174,1.0278,4.399
62.8176,1.0524,4.5126
62.8178,0.9968,4.2741
62.8180,1.0129,4.3394
62.8182,1.0838,4.6343
62.8184,1.1219,4.7974
62.8186,1.1478,4.9173
62.8188,1.0911,4.6743
62.8190,1.0934,4.6775
62.8192,1.1099,4.7572
62.8194,1.0243,4.3985
62.8196,0.9591,4.1107
62.8198,0.9616,4.1292
62.8200,0.9179,3.9413
62.8202,0.9026,3.8759
62.8204,0.8677,3.7278
62.8206,0.9197,3.9527
62.8208,0.9091,3.9073
62.8210,0.8521,3.6625
62.8212,0.8633,3.707
62.8214,0.8942,3.847
62.8216,0.8507,3.6632
62.8218,0.7167,3.0845
62.8220,0.7162,3.0853
62.8222,0.728,3.1408
62.8224,0.7024,3.0273
62.8226,0.658,2.8361
62.8228,0.6581,2.8379
62.8230,0.6723,2.8949
62.8232,0.7241,3.1165
62.8234,0.6842,2.9474
62.8236,0.6414,2.7655
62.8238,0.6575,2.8327
62.8240,0.7385,3.1784
62.8242,0.6969,3.0035
62.8244,0.6886,2.9651
62.8246,0.7549,3.2506
62.8248,0.7622,3.2806
62.8250,0.7539,3.242
62.8252,0.7493,3.2264
62.8254,0.795,3.4199
62.8256,0.7768,3.342
62.8258,0.74,3.191
62.8260,0.6686,2.8829
62.8262,0.6751,2.9054
62.8264,0.7373,3.1762
62.8266,0.6641,2.8638
62.8268,0.6428,2.7705
62.8270,0.6464,2.786
62.8272,0.6533,2.8185
62.8274,0.651,2.8056
62.8276,0.6456,2.7823
62.8278,0.6687,2.8741
62.8280,0.7653,3.2955
62.8282,0.7379,3.1817
62.8284,0.6348,2.7371
62.8286,0.6657,2.8678
62.8288,0.717,3.0889
62.8290,0.7337,3.1578
62.8292,0.7543,3.245
62.8294,0.7423,3.1949
62.8296,0.7093,3.0544
62.8298,0.6994,3.013
62.8300,0.6792,2.9289
62.8302,0.6231,2.6907
62.8304,0.5692,2.4554
62.8306,0.5609,2.4197
62.8308,0.5761,2.4843
62.8310,0.606,2.6142
62.8312,0.6056,2.609
62.8314,0.6557,2.825
62.8316,0.6174,2.6621
62.8318,0.6294,2.7126
62.8320,0.6454,2.7844
62.8322,0.5206,2.2491
62.8324,0.5028,2.1689
62.8326,0.6055,2.611
62.8328,0.592,2.5561
62.8330,0.5045,2.1786
62.8332,0.4944,2.1317
62.8334,0.5842,2.5178
62.8336,0.5971,2.5748
62.8338,0.5337,2.3034
62.8340,0.6092,2.627
62.8342,0.6092,2.6258
62.8344,0.5978,2.5779
62.8346,0.5916,2.5522
62.8348,0.5752,2.4801
62.8350,0.5878,2.5333
62.8352,0.6028,2.5991
62.8354,0.5356,2.3138
62.8356,0.4867,2.1025
62.8358,0.4846,2.0927
62.8360,0.4837,2.0886
62.8362,0.4837,2.0876
62.8364,0.4849,2.0937
62.8366,0.4816,2.0798
62.8368,0.4826,2.0839
62.8370,0.4826,2.0839
62.8372,0.4843,2.0921
62.8374,0.4704,2.0302
62.8376,0.5041,2.1735
62.8378,0.5598,2.4128
62.8380,0.6127,2.6395
62.8382,0.6152,2.6516
62.8384,0.5969,2.5737
62.8386,0.5893,2.5412
62.8388,0.5325,2.3014
62.8390,0.4659,2.0138
62.8392,0.4623,1.9955
62.8394,0.4486,1.9378
62.8396,0.4749,2.0489
62.8398,0.5891,2.5354
62.8400,0.6212,2.6762
62.8402,0.6215,2.6747
62.8404,0.6316,2.7186
62.8406,0.6512,2.8066
62.8408,0.6495,2.7968
62.8410,0.6197,2.6658
62.8412,0.6697,2.8782
62.8414,0.8026,3.4449
62.8416,0.8551,3.6686
62.8418,0.8568,3.6758
62.8420,0.9352,4.0141
62.8422,0.8729,3.7534
62.8424,0.7788,3.3456
62.8426,0.8011,3.4462
62.8428,0.679,2.9225
62.8430,0.6646,2.8619
62.8432,0.6349,2.7325
62.8434,0.6902,2.9663
62.8436,0.7165,3.0854
62.8438,0.6364,2.7418
62.8440,0.6777,2.9181
62.8442,0.7008,3.0192
62.8444,0.587,2.5278
62.8446,0.6838,2.939
62.8448,0.7595,3.2627
62.8450,0.7457,3.2139
62.8452,0.5417,2.3326
62.8454,0.5637,2.435
62.8456,0.4427,1.9133
62.8458,0.4141,1.7891
62.8460,0.423,1.8249
62.8462,0.4706,2.0312
62.8464,0.4724,2.0389
62.8466,0.5181,2.232
62.8468,0.597,2.573
62.8470,0.5553,2.3943
62.8472,0.5677,2.4447
62.8474,0.6554,2.8221
62.8476,0.6518,2.8053
62.8478,0.6682,2.8733
62.8480,0.7565,3.2483
62.8482,0.8229,3.5335
62.8484,0.8652,3.7101
62.8486,0.8183,3.5188
62.8488,0.7856,3.3718
62.8490,0.8569,3.678
62.8492,0.9195,3.9411
62.8494,0.9408,4.034
62.8496,0.949,4.0656
62.8498,0.9957,4.2595
62.8500,1.091,4.6716
62.8502,1.0193,4.3687
62.8504,1.039,4.4488
62.8506,1.0765,4.6031
62.8508,1.0996,4.7108
62.8510,1.0827,4.6362
62.8512,1.0985,4.693
62.8514,1.1234,4.8058
62.8516,1.0378,4.4478
62.8518,1.0664,4.5664
62.8520,1.0513,4.5059
62.8522,1.0247,4.3918
62.8524,0.9996,4.2824
62.8526,1.0243,4.3903
62.8528,0.9946,4.2588
62.8530,1.0013,4.2936
62.8532,0.9689,4.1509
62.8534,1.0163,4.3599
62.8536,1.0032,4.2978
62.8538,1.0472,4.4884
62.8540,0.9802,4.2051
62.8542,0.9812,4.2131
62.8544,0.9146,3.9219
62.8546,0.9753,4.1859
62.8548,0.9177,3.9463
62.8550,0.8965,3.8478
62.8552,0.9567,4.1004
62.8554,1.0333,4.4288
62.8556,1.0238,4.3903
62.8558,0.93,3.9951
62.8560,0.8705,3.7396
62.8562,0.8634,3.711
62.8564,0.8366,3.5972
62.8566,0.8429,3.6279
62.8568,0.7818,3.3616
62.8570,0.8303,3.5687
62.8572,0.8384,3.5999
62.8574,0.9367,4.0165
62.8576,0.9375,4.0257
62.8578,0.9141,3.9271
62.8580,0.9845,4.2236
62.8582,0.9736,4.1787
62.8584,0.9385,4.0317
62.8586,0.9157,3.9357
62.8588,0.7992,3.4395
62.8590,0.7649,3.2904
62.8592,0.8151,3.5049
62.8594,0.783,3.3746
62.8596,0.6962,3.0018
62.8598,0.701,3.0183
62.8600,0.7173,3.0899
62.8602,0.6776,2.9217
62.8604,0.694,2.987
62.8606,0.7078,3.0477
62.8608,0.7306,3.1487
62.8610,0.683,2.9422
62.8612,0.714,3.0731
62.8614,0.7813,3.3658
62.8616,0.72,3.1033
62.8618,0.6644,2.8608
62.8620,0.6958,2.9975
62.8622,0.6846,2.9536
62.8624,0.6174,2.6634
62.8626,0.5821,2.5125
62.8628,0.5528,2.3846
62.8630,0.6169,2.6638
62.8632,0.5547,2.3951
62.8634,0.5471,2.3603
62.8636,0.5379,2.3226
62.8638,0.5559,2.4002
62.8640,0.5424,2.3401
62.8642,0.5309,2.2926
62.8644,0.5364,2.3131
62.8646,0.6138,2.6479
62.8648,0.5827,2.5162
62.8650,0.5288,2.2822
62.8652,0.527,2.2755
62.8654,0.5278,2.2791
62.8656,0.529,2.2832
62.8658,0.5236,2.261
62.8660,0.5241,2.2641
62.8662,0.5418,2.3397
62.8664,0.5436,2.3453
62.8666,0.5631,2.4291
62.8668,0.5382,2.3241
62.8670,0.5306,2.2857
62.8672,0.6062,2.6128
62.8674,0.5614,2.4196
62.8676,0.5373,2.3178
62.8678,0.5475,2.3629
62.8680,0.5953,2.567
62.8682,0.6176,2.6607
62.8684,0.6363,2.7438
62.8686,0.6,2.5848
62.8688,0.676,2.9068
62.8690,0.7366,3.1716
62.8692,0.6492,2.7927
62.8694,0.7635,3.2847
62.8696,0.751,3.2336
62.8698,0.7069,3.0413
62.8700,0.7381,3.1754
62.8702,0.7581,3.2615
62.8704,0.7263,3.1287
62.8706,0.7039,3.0312
62.8708,0.7012,3.0165
62.8710,0.7742,3.3276
62.8712,0.8444,3.6257
62.8714,0.893,3.8418
62.8716,0.7673,3.3023
62.8718,0.6754,2.9097
62.8720,0.7053,3.0341
62.8722,0.8002,3.4362
62.8724,0.8141,3.5008
62.8726,0.7959,3.424
62.8728,0.7543,3.245
62.8730,0.7834,3.3641
62.8732,0.8691,3.7317
62.8734,0.8418,3.6216
62.8736,0.8012,3.4467
62.8738,0.7316,3.1475
62.8740,0.7411,3.1898
62.8742,0.7387,3.1809
62.8744,0.7025,3.0236
62.8746,0.7007,3.0145
62.8748,0.778,3.3425
62.8750,0.855,3.6698
62.8752,0.8568,3.6826
62.8754,0.7887,3.3947
62.8756,0.801,3.4441
62.8758,0.7623,3.2826
62.8760,0.7363,3.1706
62.8762,0.7333,3.1577
62.8764,0.7345,3.1629
62.8766,0.7291,3.1367
62.8768,0.6934,2.9844
62.8770,0.6579,2.8356
62.8772,0.641,2.764
62.8774,0.6605,2.8483
62.8776,0.6387,2.7516
62.8778,0.6709,2.882
62.8780,0.8171,3.5137
62.8782,0.803,3.4561
62.8784,0.7505,3.227
62.8786,0.6507,2.8098
62.8788,0.4945,2.1332
62.8790,0.5307,2.2936
62.8792,0.4305,1.8595
62.8794,0.4326,1.8697
62.8796,0.4454,1.9252
62.8798,0.4603,1.9867
62.8800,0.4969,2.1445
62.8802,0.509,2.1968
62.8804,0.4952,2.1373
62.8806,0.5171,2.2299
62.8808,0.5936,2.5621
62.8810,0.6017,2.5944
62.8812,0.6447,2.7749
62.8814,0.7462,3.2085
62.8816,0.7306,3.1458
62.8818,0.6356,2.7369
62.8820,0.6414,2.7591
62.8822,0.7459,3.2089
62.8824,0.7625,3.2801
62.8826,0.783,3.3636
62.8828,0.8314,3.575
62.8830,0.82,3.5228
62.8832,0.8615,3.6924
62.8834,0.918,3.9436
62.8836,0.8776,3.763
62.8838,0.9539,4.0886
62.8840,0.998,4.2792
62.8842,0.9816,4.2112
62.8844,0.946,4.0623
62.8846,0.9348,4.0101
62.8848,0.9074,3.8983
62.8850,0.8537,3.6692
62.8852,0.8599,3.6909
62.8854,0.8815,3.7853
62.8856,0.8844,3.7941
62.8858,0.9704,4.1648
62.8860,0.961,4.1285
62.8862,0.9224,3.9553
62.8864,0.9713,4.169
62.8866,0.9258,3.9715
62.8868,0.9719,4.1696
62.8870,0.8458,3.6369
62.8872,0.7906,3.4013
62.8874,0.8418,3.6182
62.8876,0.855,3.6783
62.8878,0.8361,3.5885
62.8880,0.9167,3.9398
62.8882,0.8221,3.5299
62.8884,0.885,3.8073
62.8886,0.801,3.4457
62.8888,0.7706,3.3121
62.8890,0.8296,3.5673
62.8892,0.815,3.506
62.8894,0.8279,3.5584
62.8896,0.8434,3.6266
62.8898,0.8021,3.4444
62.8900,0.839,3.6058
62.8902,0.8324,3.5792
62.8904,0.8249,3.5488
62.8906,0.8029,3.4539
62.8908,0.7607,3.2739
62.8910,0.7777,3.3487
62.8912,0.7331,3.1537
62.8914,0.7518,3.2357
62.8916,0.7884,3.3915
62.8918,0.8059,3.4668
62.8920,0.8233,3.54
62.8922,0.8131,3.4962
62.8924,0.8162,3.5128
62.8926,0.7363,3.1721
62.8928,0.678,2.9251
62.8930,0.6093,2.6275
62.8932,0.6316,2.7199
62.8934,0.6653,2.8676
62.8936,0.7008,3.0164
62.8938,0.7598,3.2718
62.8940,0.7209,3.0982
62.8942,0.7707,3.3157
62.8944,0.803,3.4561
62.8946,0.7867,3.3796
62.8948,0.8468,3.6427
62.8950,0.7168,3.095
62.8952,0.5494,2.3723
62.8954,0.5279,2.2796
62.8956,0.5253,2.2682
62.8958,0.5062,2.1849
62.8960,0.5652,2.4372
62.8962,0.5752,2.4836
62.8964,0.4816,2.0817
62.8966,0.4593,1.9844
62.8968,0.4625,1.9978
62.8970,0.4621,1.9963
62.8972,0.4622,1.9968
62.8974,0.4603,1.9876
62.8976,0.4625,1.9969
62.8978,0.4892,2.1114
62.8980,0.5233,2.2605
62.8982,0.4721,2.0383
62.8984,0.4664,2.0149
62.8986,0.448,1.9361
62.8988,0.4448,1.9217
62.8990,0.445,1.9222
62.8992,0.4507,1.9471
62.8994,0.4488,1.937
62.8996,0.4524,1.9516
62.8998,0.4981,2.1477
62.9000,0.5085,2.1968
62.9002,0.4597,1.9841
62.9004,0.5018,2.1667
62.9006,0.4685,2.0237
62.9008,0.4568,1.9726
62.9010,0.4551,1.9644
62.9012,0.4554,1.9664
62.9014,0.4538,1.9587
62.9016,0.4581,1.9746
62.9018,0.5035,2.175
62.9020,0.4566,1.9725
62.9022,0.4508,1.9458
62.9024,0.47,2.0267
62.9026,0.5187,2.2397
62.9028,0.4657,2.0109
62.9030,0.4412,1.9044
62.9032,0.4477,1.9332
62.9034,0.4631,1.9995
62.9036,0.4492,1.9395
62.9038,0.4422,1.9094
62.9040,0.4459,1.9237
62.9042,0.4498,1.9411
62.9044,0.4964,2.1405
62.9046,0.548,2.3595
62.9048,0.5872,2.5283
62.9050,0.5641,2.4315
62.9052,0.5727,2.4693
62.9054,0.4766,2.0561
62.9056,0.4483,1.9367
62.9058,0.4464,1.9275
62.9060,0.4531,1.9529
62.9062,0.5463,2.3523
62.9064,0.5767,2.4857
62.9066,0.5368,2.3158
62.9068,0.5316,2.2903
62.9070,0.6099,2.6252
62.9072,0.6296,2.7073
62.9074,0.6554,2.8221
62.9076,0.6181,2.6628
62.9078,0.6045,2.602
62.9080,0.6131,2.6423
62.9082,0.5183,2.233
62.9084,0.5592,2.4069
62.9086,0.6369,2.7413
62.9088,0.6519,2.8045
62.9090,0.6638,2.8556
62.9092,0.7078,3.0421
62.9094,0.7519,3.2272
62.9096,0.8006,3.4393
62.9098,0.7444,3.1963
62.9100,0.7471,3.2081
62.9102,0.751,3.2276
62.9104,0.7513,3.2321
62.9106,0.6988,3.0076
62.9108,0.6821,2.9318
62.9110,0.7008,3.0136
62.9112,0.709,3.0458
62.9114,0.7482,3.2157
62.9116,0.7252,3.1226
62.9118,0.6342,2.7282
62.9120,0.6505,2.8009
62.9122,0.6252,2.6945
62.9124,0.6169,2.6551
62.9126,0.6749,2.9076
62.9128,0.5193,2.2413
62.9130,0.4893,2.109
62.9132,0.5663,2.4396
62.9134,0.5933,2.5594
62.9136,0.4941,2.1306
62.9138,0.5237,2.2552
62.9140,0.6229,2.6784
62.9142,0.6699,2.8792
62.9144,0.7219,3.1014
62.9146,0.7618,3.2744
62.9148,0.7892,3.3888
62.9150,0.784,3.3666
62.9152,0.7829,3.3682
62.9154,0.7742,3.3244
62.9156,0.827,3.546
62.9158,0.8779,3.7627
62.9160,0.9166,3.9324
62.9162,0.8612,3.6947
62.9164,0.8505,3.6467
62.9166,0.8317,3.5699
62.9168,0.8441,3.6262
62.9170,0.864,3.7048
62.9172,0.925,3.9665
62.9174,0.9126,3.9131
62.9176,0.9724,4.1677
62.9178,0.9814,4.2062
62.9180,0.9453,4.0515
62.9182,0.9889,4.2386
62.9184,0.9527,4.0891
62.9186,0.8657,3.7172
62.9188,0.8375,3.5979
62.9190,0.8273,3.5492
62.9192,0.8634,3.7057
62.9194,0.8196,3.5195
62.9196,0.8206,3.5236
62.9198,0.8292,3.5657
62.9200,0.7867,3.3811
62.9202,0.7943,3.4141
62.9204,0.8416,3.6121
62.9206,0.8662,3.7158
62.9208,0.8753,3.7602
62.9210,0.8593,3.6848
62.9212,0.8428,3.624
62.9214,0.7714,3.3156
62.9216,0.787,3.3826
62.9218,0.793,3.41
62.9220,0.8106,3.4874
62.9222,0.8036,3.4489
62.9224,0.8483,3.6409
62.9226,0.858,3.6843
62.9228,0.8527,3.6599
62.9230,0.8189,3.5214
62.9232,0.7461,3.2114
62.9234,0.7418,3.1884
62.9236,0.7609,3.2718
62.9238,0.7526,3.2377
62.9240,0.7669,3.2961
62.9242,0.8254,3.5459
62.9244,0.7937,3.4147
62.9246,0.7375,3.1787
62.9248,0.6899,2.9666
62.9250,0.7465,3.2129
62.9252,0.7326,3.1501
62.9254,0.7254,3.1236
62.9256,0.6593,2.8417
62.9258,0.6838,2.943
62.9260,0.6773,2.9179
62.9262,0.6689,2.8817
62.9264,0.6297,2.7103
62.9266,0.6609,2.8458
62.9268,0.6845,2.9502
62.9270,0.6967,2.9988
62.9272,0.7182,3.0883
62.9274,0.7574,3.2599
62.9276,0.7427,3.1964
62.9278,0.7327,3.1565
62.9280,0.6549,2.82
62.9282,0.6982,3.0064
62.9284,0.7053,3.0354
62.9286,0.7421,3.1924
62.9288,0.7436,3.2005
62.9290,0.6746,2.9033
62.9292,0.6541,2.8177
62.9294,0.6717,2.8909
62.9296,0.7117,3.0675
62.9298,0.6325,2.7285
62.9300,0.581,2.5031
62.9302,0.652,2.8076
62.9304,0.6592,2.8399
62.9306,0.6889,2.9652
62.9308,0.7533,3.2363
62.9310,0.8737,3.7465
62.9312,0.9118,3.9173
62.9314,0.8473,3.6469
62.9316,0.7994,3.4341
62.9318,0.7718,3.3249
62.9320,0.6483,2.7903
62.9322,0.6653,2.8662
62.9324,0.6647,2.8636
62.9326,0.6839,2.9395
62.9328,0.7491,3.2243
62.9330,0.7182,3.0897
62.9332,0.7518,3.2371
62.9334,0.6858,2.96
62.9336,0.5711,2.4625
62.9338,0.5397,2.3281
62.9340,0.5403,2.3307
62.9342,0.5575,2.403
62.9344,0.6603,2.8419
62.9346,0.702,3.0229
62.9348,0.6509,2.8055
62.9350,0.6439,2.7751
62.9352,0.5784,2.4929
62.9354,0.527,2.2712
62.9356,0.5276,2.2759
62.9358,0.5252,2.2656
62.9360,0.5267,2.2744
62.9362,0.5262,2.2702
62.9364,0.5231,2.2557
62.9366,0.5247,2.2635
62.9368,0.5292,2.2842
62.9370,0.5298,2.2847
62.9372,0.5394,2.325
62.9374,0.5543,2.389
62.9376,0.647,2.7872
62.9378,0.7135,3.071
62.9380,0.6635,2.8585
62.9382,0.6566,2.8285
62.9384,0.7009,3.0168
62.9386,0.6442,2.7753
62.9388,0.5725,2.4687
62.9390,0.5887,2.5362
62.9392,0.6125,2.6384
62.9394,0.5773,2.4894
62.9396,0.5633,2.4289
62.9398,0.5602,2.4155
62.9400,0.5675,2.447
62.9402,0.5641,2.4337
62.9404,0.5596,2.4106
62.9406,0.5694,2.4507
62.9408,0.6288,2.7049
62.9410,0.7272,3.1284
62.9412,0.699,3.0086
62.9414,0.6729,2.8947
62.9416,0.7148,3.0738
62.9418,0.7538,3.2429
62.9420,0.6948,2.9919
62.9422,0.5994,2.5833
62.9424,0.5844,2.5187
62.9426,0.5856,2.5251
62.9428,0.6489,2.7916
62.9430,0.6735,2.9014
62.9432,0.5568,2.4043
62.9434,0.479,2.0693
62.9436,0.4729,2.0419
62.9438,0.4662,2.0101
62.9440,0.4671,2.0152
62.9442,0.4687,2.0238
62.9444,0.4728,2.0405
62.9446,0.4702,2.0305
62.9448,0.434,1.8742
62.9450,0.4562,1.9681
62.9452,0.5193,2.2412
62.9454,0.4334,1.8716
62.9456,0.3844,1.6606
62.9458,0.3944,1.7036
62.9460,0.394,1.7013
62.9462,0.4077,1.757
62.9464,0.4723,2.0374
62.9466,0.4981,2.1467
62.9468,0.5306,2.2867
62.9470,0.5165,2.2262
62.9472,0.5163,2.2211
62.9474,0.6533,2.8107
62.9476,0.6771,2.9114
62.9478,0.7175,3.0837
62.9480,0.7411,3.1823
62.9482,0.8181,3.5145
62.9484,0.8012,3.437
62.9486,0.8547,3.663
62.9488,0.9139,3.9132
62.9490,0.9743,4.1759
62.9492,0.99,4.2393
62.9494,1.0503,4.4912
62.9496,1.0458,4.478
62.9498,1.0554,4.517
62.9500,1.0876,4.6528
62.9502,1.0634,4.5471
62.9504,1.115,4.772
62.9506,1.0882,4.6576
62.9508,1.1081,4.7361
62.9510,1.1449,4.898
62.9512,1.0905,4.6739
62.9514,1.0525,4.5067
62.9516,1.0052,4.3065
62.9518,0.9693,4.1543
62.9520,1.0036,4.2973
62.9522,1.021,4.3738
62.9524,1.0117,4.3342
62.9526,1.0058,4.3171
62.9528,1.0247,4.3876
62.9530,1.0579,4.5341
62.9532,0.9919,4.2633
62.9534,0.856,3.6824
62.9536,0.7829,3.362
62.9538,0.7967,3.4244
62.9540,0.8178,3.5151
62.9542,0.8267,3.5449
62.9544,0.9898,4.2402
62.9546,1.0519,4.5084
62.9548,0.96,4.1243
62.9550,0.8355,3.5892
62.9552,0.8591,3.6889
62.9554,0.7889,3.3972
62.9556,0.7351,3.1639
62.9558,0.7678,3.3033
62.9560,0.7821,3.3631
62.9562,0.7628,3.2785
62.9564,0.7268,3.1298
62.9566,0.7368,3.1697
62.9568,0.7423,3.1964
62.9570,0.7014,3.0217
62.9572,0.6907,2.973
62.9574,0.7128,3.0694
62.9576,0.7473,3.2151
62.9578,0.7823,3.3657
62.9580,0.7976,3.4296
62.9582,0.732,3.1534
62.9584,0.6211,2.6781
62.9586,0.6187,2.6665
62.9588,0.6207,2.6766
62.9590,0.6102,2.6286
62.9592,0.6615,2.8497
62.9594,0.6981,3.0072
62.9596,0.6867,2.9554
62.9598,0.6748,2.9057
62.9600,0.6108,2.6324
62.9602,0.6159,2.6522
62.9604,0.636,2.7435
62.9606,0.6042,2.6052
62.9608,0.6415,2.7596
62.9610,0.7651,3.2914
62.9612,0.6776,2.9216
62.9614,0.5394,2.326
62.9616,0.5319,2.2935
62.9618,0.5768,2.4873
62.9620,0.5631,2.4324
62.9622,0.5156,2.2252
62.9624,0.5433,2.3447
62.9626,0.4665,2.0164
62.9628,0.4572,1.9759
62.9630,0.4699,2.0262
62.9632,0.5348,2.308
62.9634,0.4647,2.0077
62.9636,0.4548,1.9647
62.9638,0.4574,1.9788
62.9640,0.4599,1.986
62.9642,0.4779,2.0608
62.9644,0.5408,2.3296
62.9646,0.5158,2.2283
62.9648,0.4471,1.9315
62.9650,0.4609,1.9892
62.9652,0.4646,2.0062
62.9654,0.4503,1.9446
62.9656,0.4499,1.9434
62.9658,0.4435,1.916
62.9660,0.4526,1.9553
62.9662,0.4388,1.894
62.9664,0.4326,1.8671
62.9666,0.4676,2.0182
62.9668,0.4726,2.0409
62.9670,0.4505,1.9433
62.9672,0.4386,1.893
62.9674,0.4345,1.8763
62.9676,0.4374,1.8896
62.9678,0.4531,1.9565
62.9680,0.47,2.0257
62.9682,0.5265,2.2681
62.9684,0.565,2.4362
62.9686,0.5677,2.4458
62.9688,0.5875,2.5322
62.9690,0.5964,2.568
62.9692,0.611,2.6298
62.9694,0.638,2.751
62.9696,0.6026,2.5973
62.9698,0.6139,2.641
62.9700,0.6077,2.6202
62.9702,0.5499,2.3688
62.9704,0.5742,2.4714
62.9706,0.6072,2.6145
62.9708,0.615,2.6468
62.9710,0.6358,2.7353
62.9712,0.7337,3.1533
62.9714,0.7452,3.2058
62.9716,0.67,2.8797
62.9718,0.7095,3.0549
62.9720,0.5948,2.5649
62.9722,0.4866,2.098
62.9724,0.555,2.3932
62.9726,0.5782,2.4907
62.9728,0.5557,2.3963
62.9730,0.5289,2.2795
62.9732,0.6388,2.7495
62.9734,0.6218,2.6787
62.9736,0.5675,2.4459
62.9738,0.4987,2.1502
62.9740,0.5002,2.157
62.9742,0.5339,2.299
62.9744,0.6351,2.7348
62.9746,0.681,2.9257
62.9748,0.7258,3.1179
62.9750,0.708,3.0445
62.9752,0.7036,3.0282
62.9754,0.6834,2.9401
62.9756,0.6723,2.8935
62.9758,0.5844,2.5187
62.9760,0.5796,2.4969
62.9762,0.6176,2.6557
62.9764,0.6423,2.7632
62.9766,0.6746,2.9033
62.9768,0.6021,2.594
62.9770,0.5771,2.4861
62.9772,0.577,2.489
62.9774,0.4914,2.1177
62.9776,0.5536,2.3815
62.9778,0.6139,2.6483
62.9780,0.5165,2.2273
62.9782,0.5032,2.1689
62.9784,0.4964,2.1374
62.9786,0.5368,2.3147
62.9788,0.4583,1.9788
62.9790,0.4091,1.7673
62.9792,0.4078,1.7616
62.9794,0.4056,1.7515
62.9796,0.4138,1.785
62.9798,0.4463,1.9252
62.9800,0.5138,2.2154
62.9802,0.5183,2.235
62.9804,0.4884,2.1048
62.9806,0.53,2.2778
62.9808,0.6933,2.9824
62.9810,0.6477,2.7864
62.9812,0.6671,2.8686
62.9814,0.717,3.0831
62.9816,0.7502,3.2199
62.9818,0.7623,3.2689
62.9820,0.8876,3.8043
62.9822,0.8889,3.8118
62.9824,0.9051,3.8758
62.9826,0.9111,3.9069
62.9828,0.8678,3.7248
62.9830,0.8386,3.5992
62.9832,0.881,3.7814
62.9834,0.8949,3.8321
62.9836,0.952,4.0822
62.9838,0.9074,3.8891
62.9840,0.9338,4.0003
62.9842,0.9699,4.1608
62.9844,0.9624,4.1269
62.9846,0.9202,3.9423
62.9848,0.9253,3.9657
62.9850,0.9076,3.892
62.9852,0.8905,3.8238
62.9854,0.8356,3.588
62.9856,0.816,3.5073
62.9858,0.821,3.5252
62.9860,0.8877,3.8049
62.9862,0.8466,3.6354
62.9864,0.7746,3.3259
62.9866,0.83,3.5638
62.9868,0.787,3.3811
62.9870,0.7887,3.3867
62.9872,0.7829,3.362
62.9874,0.8566,3.6798
62.9876,0.875,3.7539
62.9878,0.8678,3.7265
62.9880,0.819,3.512
62.9882,0.8632,3.7064
62.9884,0.8609,3.6949
62.9886,0.8672,3.7239
62.9888,0.7977,3.4285
62.9890,0.8282,3.5594
62.9892,0.8434,3.6147
62.9894,0.9126,3.9112
62.9896,0.9198,3.9402
62.9898,0.9653,4.1393
62.9900,0.9207,3.9536
62.9902,0.884,3.796
62.9904,0.8687,3.7336
62.9906,0.7877,3.3873
62.9908,0.7717,3.3167
62.9910,0.8098,3.4773
62.9912,0.8176,3.514
62.9914,0.7597,3.2667
62.9916,0.7466,3.212
62.9918,0.7383,3.1778
62.9920,0.7453,3.2048
62.9922,0.7565,3.2558
62.9924,0.7258,3.1222
62.9926,0.7862,3.3743
62.9928,0.8604,3.6946
62.9930,0.8873,3.8064
62.9932,0.8969,3.8493
62.9934,0.8676,3.7203
62.9936,0.9098,3.9085
62.9938,0.8957,3.8459
62.9940,0.9124,3.9126
62.9942,0.8946,3.8413
62.9944,0.8219,3.5342
62.9946,0.7778,3.3461
62.9948,0.7651,3.2883
62.9950,0.7749,3.3337
62.9952,0.7708,3.3192
62.9954,0.6977,3.0057
62.9956,0.6627,2.8522
62.9958,0.6364,2.743
62.9960,0.6276,2.7023
62.9962,0.5933,2.5605
62.9964,0.5364,2.3163
62.9966,0.5362,2.3142
62.9968,0.534,2.307
62.9970,0.5337,2.3044
62.9972,0.5318,2.294
62.9974,0.5292,2.28
62.9976,0.5957,2.5661
62.9978,0.6048,2.609
62.9980,0.5449,2.3498
62.9982,0.5484,2.3648
62.9984,0.5435,2.3458
62.9986,0.5386,2.3246
62.9988,0.5387,2.3229
62.9990,0.5436,2.3452
62.9992,0.5382,2.3219
62.9994,0.5382,2.3219
62.9996,0.5368,2.3147
62.9998,0.5827,2.5092
63.0000,0.6599,2.839
63.0002,0.6412,2.7675
63.0004,0.5325,2.2982
63.0006,0.5248,2.263
63.0008,0.5343,2.3038
63.0010,0.5569,2.4004
63.0012,0.5647,2.4362
63.0014,0.5279,2.2785
63.0016,0.5228,2.2573
63.0018,0.5265,2.2712
63.0020,0.5278,2.278
63.0022,0.5216,2.2511
63.0024,0.5242,2.2604
63.0026,0.5232,2.2562
63.0028,0.5234,2.2567
63.0030,0.5327,2.2981
63.0032,0.536,2.3121
63.0034,0.5246,2.2619
63.0036,0.523,2.2562
63.0038,0.5491,2.3657
63.0040,0.6533,2.8093
63.0042,0.7142,3.0698
63.0044,0.723,3.1118
63.0046,0.6753,2.9037
63.0048,0.6503,2.7991
63.0050,0.6448,2.7792
63.0052,0.5678,2.4497
63.0054,0.5231,2.2536
63.0056,0.5916,2.5486
63.0058,0.6267,2.6999
63.0060,0.6327,2.7232
63.0062,0.6328,2.725
63.0064,0.6583,2.8358
63.0066,0.6276,2.7035
63.0068,0.6276,2.7035
63.0070,0.6469,2.7828
63.0072,0.7261,3.1179
63.0074,0.7963,3.4223
63.0076,0.7482,3.2172
63.0078,0.714,3.0731
63.0080,0.685,2.9468
63.0082,0.6995,3.0092
63.0084,0.7188,3.0923
63.0086,0.7611,3.2728
63.0088,0.7858,3.3743
63.0090,0.7828,3.3646
63.0092,0.7015,3.0222
63.0094,0.6083,2.6204
63.0096,0.5957,2.5637
63.0098,0.5959,2.5672
63.0100,0.5857,2.5256
63.0102,0.6217,2.6745
63.0104,0.6826,2.942
63.0106,0.5814,2.5058
63.0108,0.5716,2.4612
63.0110,0.6321,2.7219
63.0112,0.6659,2.8648
63.0114,0.6664,2.8722
63.0116,0.5779,2.4931
63.0118,0.5366,2.3136
63.0120,0.5189,2.2407
63.0122,0.5318,2.294
63.0124,0.5344,2.3043
63.0126,0.5451,2.3514
63.0128,0.4499,1.9416
63.0130,0.4803,2.0711
63.0132,0.5026,2.1673
63.0134,0.5292,2.2778
63.0136,0.5848,2.5203
63.0138,0.6225,2.6806
63.0140,0.6331,2.7222
63.0142,0.6879,2.9551
63.0144,0.7182,3.0854
63.0146,0.7342,3.1524
63.0148,0.7782,3.3429
63.0150,0.7935,3.4057
63.0152,0.9271,3.9679
63.0154,1.0175,4.3507
63.0156,1.0645,4.556
63.0158,1.0497,4.4949
63.0160,1.0248,4.3902
63.0162,0.9913,4.2429
63.0164,1.0839,4.6391
63.0166,1.0672,4.5656
63.0168,1.1254,4.8121
63.0170,1.12,4.8048
63.0172,0.9825,4.2108
63.0174,0.9617,4.1239
63.0176,0.9093,3.901
63.0178,0.8762,3.7625
63.0180,0.8873,3.8117
63.0182,0.8823,3.787
63.0184,0.8981,3.8544
63.0186,0.875,3.7574
63.0188,0.8466,3.6337
63.0190,0.8339,3.5825
63.0192,0.8205,3.5248
63.0194,0.8229,3.5367
63.0196,0.7669,3.2991
63.0198,0.7886,3.3893
63.0200,0.8069,3.4682
63.0202,0.8023,3.4465
63.0204,0.8036,3.4489
63.0206,0.8567,3.6786
63.0208,0.8647,3.7166
63.0210,0.8524,3.6618
63.0212,0.7895,3.3935
63.0214,0.7485,3.2217
63.0216,0.7163,3.0843
63.0218,0.6959,2.9966
63.0220,0.653,2.8091
63.0222,0.7297,3.1378
63.0224,0.7218,3.1052
63.0226,0.7038,3.0264
63.0228,0.7957,3.4245
63.0230,0.7909,3.4007
63.0232,0.7882,3.3894
63.0234,0.7338,3.1597
63.0236,0.7316,3.1489
63.0238,0.7111,3.0607
63.0240,0.7417,3.1893
63.0242,0.7638,3.2842
63.0244,0.7665,3.2991
63.0246,0.7261,3.1281
63.0248,0.6765,2.9156
63.0250,0.6249,2.6922
63.0252,0.5949,2.5642
63.0254,0.5779,2.492
63.0256,0.5844,2.5199
63.0258,0.5825,2.5093
63.0260,0.5821,2.5089
63.0262,0.5848,2.5226
63.0264,0.584,2.5184
63.0266,0.623,2.6826
63.0268,0.6283,2.7054
63.0270,0.5753,2.4841
63.0272,0.5232,2.2583
63.0274,0.5159,2.2268
63.0276,0.5386,2.3224
63.0278,0.5655,2.4394
63.0280,0.5836,2.5151
63.0282,0.5966,2.5679
63.0284,0.6217,2.6795
63.0286,0.6047,2.6037
63.0288,0.672,2.8911
63.0290,0.6597,2.842
63.0292,0.5947,2.5656
63.0294,0.6122,2.6386
63.0296,0.6087,2.6236
63.0298,0.5743,2.4776
63.0300,0.5671,2.4466
63.0302,0.5901,2.54
63.0304,0.6616,2.8489
63.0306,0.6883,2.9599
63.0308,0.6912,2.9764
63.0310,0.6666,2.8692
63.0312,0.6614,2.8505
63.0314,0.5838,2.515
63.0316,0.6183,2.665
63.0318,0.5895,2.541
63.0320,0.5748,2.4762
63.0322,0.562,2.4199
63.0324,0.5979,2.5771
63.0326,0.5671,2.4466
63.0328,0.5963,2.5651
63.0330,0.6442,2.7779
63.0332,0.5135,2.2164
63.0334,0.5265,2.2733
63.0336,0.4723,2.0374
63.0338,0.4686,2.0223
63.0340,0.4808,2.0732
63.0342,0.5664,2.4401
63.0344,0.5994,2.5809
63.0346,0.574,2.4795
63.0348,0.4611,1.9912
63.0350,0.4538,1.9569
63.0352,0.4525,1.953
63.0354,0.4879,2.1027
63.0356,0.528,2.2748
63.0358,0.5482,2.3627
63.0360,0.5463,2.3555
63.0362,0.5497,2.3716
63.0364,0.55,2.3704
63.0366,0.5629,2.424
63.0368,0.5457,2.3562
63.0370,0.4651,2.0073
63.0372,0.4562,1.97
63.0374,0.4562,1.969
63.0376,0.4771,2.0562
63.0378,0.5447,2.3455
63.0380,0.5923,2.554
63.0382,0.5996,2.5868
63.0384,0.5324,2.2955
63.0386,0.5316,2.2882
63.0388,0.6033,2.5956
63.0390,0.6021,2.5952
63.0392,0.572,2.4644
63.0394,0.6012,2.5899
63.0396,0.6041,2.6023
63.0398,0.5934,2.5551
63.0400,0.6295,2.708
63.0402,0.664,2.8526
63.0404,0.6706,2.8863
63.0406,0.6479,2.7861
63.0408,0.6929,2.9795
63.0410,0.7139,3.0711
63.0412,0.6742,2.9018
63.0414,0.6653,2.8636
63.0416,0.6752,2.9032
63.0418,0.7039,3.0326
63.0420,0.5483,2.3654
63.0422,0.4731,2.042
63.0424,0.4724,2.0389
63.0426,0.4689,2.022
63.0428,0.4689,2.022
63.0430,0.4797,2.0695
63.0432,0.4788,2.0663
63.0434,0.486,2.0935
63.0436,0.5172,2.2314
63.0438,0.4831,2.084
63.0440,0.4978,2.1446
63.0442,0.5544,2.3851
63.0444,0.589,2.536
63.0446,0.5676,2.4441
63.0448,0.6848,2.9431
63.0450,0.7555,3.2471
63.0452,0.6366,2.7486
63.0454,0.4171,1.802
63.0456,0.3898,1.6839
63.0458,0.3884,1.6761
63.0460,0.3985,1.7201
63.0462,0.3978,1.7178
63.0464,0.4147,1.7883
63.0466,0.4918,2.1208
63.0468,0.5276,2.2738
63.0470,0.5125,2.2077
63.0472,0.4929,2.1254
63.0474,0.5666,2.4377
63.0476,0.6412,2.7547
63.0478,0.6569,2.8248
63.0480,0.6575,2.8274
63.0482,0.6965,2.9963
63.0484,0.7152,3.0682
63.0486,0.7903,3.3902
63.0488,0.8139,3.4932
63.0490,0.8762,3.7555
63.0492,0.877,3.7569
63.0494,0.9222,3.9487
63.0496,0.9828,4.2065
63.0498,0.9895,4.2372
63.0500,1.0069,4.3137
63.0502,1.0021,4.2951
63.0504,0.941,4.0255
63.0506,1.0257,4.3861
63.0508,1.1178,4.7687
63.0510,1.2105,5.1713
63.0512,1.1597,4.9611
63.0514,1.1287,4.831
63.0516,1.0979,4.6969
63.0518,1.0713,4.5831
63.0520,1.0629,4.5514
63.0522,0.9799,4.2
63.0524,0.9204,3.9465
63.0526,0.925,3.9665
63.0528,0.9811,4.2071
63.0530,0.9433,4.0503
63.0532,0.8515,3.6599
63.0534,0.7694,3.3053
63.0536,0.781,3.3537
63.0538,0.7918,3.4001
63.0540,0.8513,3.6537
63.0542,0.8837,3.7892
63.0544,0.9364,4.021
63.0546,0.8851,3.8042
63.0548,0.8146,3.4995
63.0550,0.8207,3.5258
63.0552,0.8116,3.4883
63.0554,0.8464,3.636
63.0556,0.7977,3.4301
63.0558,0.7489,3.2188
63.0560,0.8447,3.6305
63.0562,0.8536,3.6635
63.0564,0.8391,3.6046
63.0566,0.8412,3.6156
63.0568,0.844,3.624
63.0570,0.7947,3.4156
63.0572,0.7748,3.3316
63.0574,0.7599,3.2707
63.0576,0.755,3.2481
63.0578,0.7532,3.2373
63.0580,0.7875,3.3847
63.0582,0.7277,3.1348
63.0584,0.6628,2.8541
63.0586,0.6708,2.886
63.0588,0.7333,3.1547
63.0590,0.7437,3.2011
63.0592,0.7077,3.0443
63.0594,0.7701,3.3131
63.0596,0.7385,3.1754
63.0598,0.8085,3.4765
63.0600,0.7797,3.3543
63.0602,0.703,3.0242
63.0604,0.6948,2.9877
63.0606,0.7532,3.2433
63.0608,0.7387,3.1764
63.0610,0.7717,3.3229
63.0612,0.716,3.0804
63.0614,0.7541,3.2424
63.0616,0.7183,3.0931
63.0618,0.6306,2.7164
63.0620,0.6593,2.8391
63.0622,0.6312,2.7203
63.0624,0.5724,2.4694
63.0626,0.572,2.4678
63.0628,0.6078,2.6159
63.0630,0.6259,2.6988
63.0632,0.533,2.3013
63.0634,0.4887,2.1112
63.0636,0.5015,2.1606
63.0638,0.5441,2.3462
63.0640,0.5392,2.325
63.0642,0.5927,2.5544
63.0644,0.6218,2.6825
63.0646,0.5464,2.3571
63.0648,0.5336,2.3007
63.0650,0.5541,2.3858
63.0652,0.578,2.4937
63.0654,0.5282,2.2785
63.0656,0.5258,2.2671
63.0658,0.5283,2.279
63.0660,0.5288,2.2779
63.0662,0.5988,2.5831
63.0664,0.5417,2.338
63.0666,0.5222,2.2516
63.0668,0.5393,2.3234
63.0670,0.5387,2.3208
63.0672,0.5243,2.2619
63.0674,0.5172,2.2335
63.0676,0.521,2.2475
63.0678,0.5264,2.2697
63.0680,0.5419,2.3358
63.0682,0.5658,2.4398
63.0684,0.5937,2.5567
63.0686,0.6302,2.7111
63.0688,0.6502,2.8011
63.0690,0.658,2.8347
63.0692,0.6796,2.9236
63.0694,0.6869,2.9551
63.0696,0.7307,3.1434
63.0698,0.7375,3.1713
63.0700,0.7407,3.1822
63.0702,0.6917,2.9771
63.0704,0.6652,2.867
63.0706,0.5717,2.464
63.0708,0.588,2.5307
63.0710,0.7054,3.0317
63.0712,0.7162,3.0824
63.0714,0.6676,2.872
63.0716,0.6482,2.7898
63.0718,0.6258,2.6958
63.0720,0.6252,2.6919
63.0722,0.6553,2.8189
63.0724,0.7243,3.1146
63.0726,0.7128,3.0708
63.0728,0.6717,2.8882
63.0730,0.6688,2.8772
63.0732,0.7027,3.0218
63.0734,0.668,2.8736
63.0736,0.6609,2.8418
63.0738,0.7395,3.1815
63.0740,0.7325,3.1467
63.0742,0.8114,3.484
63.0744,0.8578,3.6918
63.0746,0.6802,2.9262
63.0748,0.6936,2.984
63.0750,0.7013,3.0198
63.0752,0.656,2.8246
63.0754,0.6735,2.8933
63.0756,0.7404,3.1866
63.0758,0.7075,3.0452
63.0760,0.6963,2.9953
63.0762,0.6809,2.932
63.0764,0.6601,2.8395
63.0766,0.6744,2.9028
63.0768,0.6336,2.7293
63.0770,0.6056,2.609
63.0772,0.6012,2.5911
63.0774,0.5937,2.5567
63.0776,0.6623,2.848
63.0778,0.6742,2.9045
63.0780,0.5831,2.5154
63.0782,0.5027,2.1698
63.0784,0.4267,1.8443
63.0786,0.3876,1.6761
63.0788,0.39,1.6857
63.0790,0.3896,1.6829
63.0792,0.3879,1.6756
63.0794,0.3902,1.6855
63.0796,0.4017,1.7336
63.0798,0.4374,1.8869
63.0800,0.4904,2.1136
63.0802,0.5447,2.3477
63.0804,0.5146,2.219
63.0806,0.511,2.2025
63.0808,0.608,2.6169
63.0810,0.6964,2.993
63.0812,0.7222,3.1082
63.0814,0.6447,2.7748
63.0816,0.6893,2.9626
63.0818,0.7247,3.1132
63.0820,0.7105,3.0539
63.0822,0.744,3.1976
63.0824,0.8222,3.5287
63.0826,0.8979,3.8503
63.0828,0.8939,3.8329
63.0830,0.904,3.8766
63.0832,0.9069,3.8889
63.0834,0.9255,3.9686
63.0836,0.9616,4.1233
63.0838,0.9114,3.9134
63.0840,0.8773,3.7654
63.0842,0.9243,3.9579
63.0844,0.9834,4.2189
63.0846,0.9068,3.8848
63.0848,0.9521,4.0789
63.0850,0.9666,4.1469
63.0852,0.9497,4.0743
63.0854,0.9708,4.161
63.0856,0.9658,4.1413
63.0858,0.9731,4.1727
63.0860,0.9526,4.0867
63.0862,0.9246,3.9663
63.0864,0.8476,3.6446
63.0866,0.734,3.1563
63.0868,0.7577,3.2594
63.0870,0.7732,3.3249
63.0872,0.7841,3.3718
63.0874,0.743,3.1965
63.0876,0.7747,3.3327
63.0878,0.7465,3.21
63.0880,0.7801,3.3496
63.0882,0.8084,3.4744
63.0884,0.8202,3.5254
63.0886,0.8205,3.5231
63.0888,0.8212,3.5312
63.0890,0.775,3.3296
63.0892,0.8399,3.6049
63.0894,0.8726,3.7471
63.0896,0.8329,3.575
63.0898,0.8235,3.5377
63.0900,0.8399,3.6116
63.0902,0.8036,3.4538
63.0904,0.8176,3.514
63.0906,0.8461,3.6333
63.0908,0.8683,3.7286
63.0910,0.8738,3.7522
63.0912,0.8122,3.4844
63.0914,0.8994,3.8565
63.0916,0.9163,3.9363
63.0918,0.8858,3.8037
63.0920,0.9024,3.8694
63.0922,0.934,4.0107
63.0924,0.8417,3.621
63.0926,0.7234,3.1119
63.0928,0.6792,2.9248
63.0930,0.6812,2.9371
63.0932,0.6171,2.6611
63.0934,0.5964,2.5728
63.0936,0.591,2.5495
63.0938,0.6032,2.5999
63.0940,0.5971,2.5699
63.0942,0.696,2.9915
63.0944,0.788,3.3883
63.0946,0.7719,3.327
63.0948,0.5981,2.5836
63.0950,0.508,2.1906
63.0952,0.5701,2.4618
63.0954,0.4791,2.065
63.0956,0.5672,2.4471
63.0958,0.5591,2.4119
63.0960,0.5445,2.3477
63.0962,0.5499,2.371
63.0964,0.5601,2.4172
63.0966,0.5487,2.368
63.0968,0.5717,2.4651
63.0970,0.5568,2.4043
63.0972,0.4785,2.0682
63.0974,0.4502,1.9459
63.0976,0.4481,1.9348
63.0978,0.4514,1.9484
63.0980,0.4659,2.0119
63.0982,0.4563,1.9714
63.0984,0.4519,1.9522
63.0986,0.4473,1.9316
63.0988,0.4476,1.9336
63.0990,0.4501,1.9445
63.0992,0.4475,1.9313
63.0994,0.4685,2.0209
63.0996,0.5091,2.1962
63.0998,0.4581,1.9773
63.1000,0.4605,1.9886
63.1002,0.4643,2.0046
63.1004,0.4592,1.9811
63.1006,0.4565,1.971
63.1008,0.4607,1.9891
63.1010,0.4744,2.0449
63.1012,0.5258,2.265
63.1014,0.5032,2.1719
63.1016,0.4574,1.9742
63.1018,0.4472,1.9311
63.1020,0.4447,1.9194
63.1022,0.4423,1.9099
63.1024,0.439,1.8954
63.1026,0.4441,1.9159
63.1028,0.4487,1.9364
63.1030,0.4627,1.9961
63.1032,0.4523,1.952
63.1034,0.4451,1.9209
63.1036,0.4481,1.933
63.1038,0.45,1.943
63.1040,0.4499,1.9425
63.1042,0.444,1.9154
63.1044,0.4776,2.0583
63.1046,0.5272,2.2691
63.1048,0.5798,2.4968
63.1050,0.5783,2.4912
63.1052,0.5869,2.5249
63.1054,0.6333,2.7271
63.1056,0.6144,2.643
63.1058,0.6063,2.6133
63.1060,0.5397,2.3238
63.1062,0.6147,2.647
63.1064,0.596,2.5665
63.1066,0.5779,2.4874
63.1068,0.6415,2.7596
63.1070,0.6706,2.8863
63.1072,0.6538,2.814
63.1074,0.6789,2.9205
63.1076,0.6963,2.9967
63.1078,0.6614,2.8439
63.1080,0.7011,3.0103
63.1082,0.7261,3.1223
63.1084,0.6559,2.8189
63.1086,0.6853,2.947
63.1088,0.7059,3.038
63.1090,0.6883,2.9626
63.1092,0.6411,2.758
63.1094,0.6193,2.6654
63.1096,0.6393,2.7516
63.1098,0.6652,2.8644
63.1100,0.583,2.5102
63.1102,0.581,2.5031
63.1104,0.5916,2.5462
63.1106,0.586,2.5219
63.1108,0.6383,2.7475
63.1110,0.6579,2.8329
63.1112,0.6013,2.5832
63.1114,0.6909,2.9749
63.1116,0.6364,2.7443
63.1118,0.5291,2.2816
63.1120,0.4977,2.1461
63.1122,0.5099,2.2009
63.1124,0.4961,2.1414
63.1126,0.4906,2.1146
63.1128,0.5041,2.1715
63.1130,0.5134,2.2138
63.1132,0.4884,2.1068
63.1134,0.4856,2.0929
63.1136,0.5333,2.2997
63.1138,0.5015,2.1596
63.1140,0.5664,2.4401
63.1142,0.5686,2.4471
63.1144,0.6806,2.925
63.1146,0.7574,3.2508
63.1148,0.7912,3.3975
63.1150,0.7812,3.3543
63.1152,0.7645,3.2827
63.1154,0.8001,3.4276
63.1156,0.9123,3.912
63.1158,0.9277,3.976
63.1160,0.9586,4.1086
63.1162,0.976,4.1811
63.1164,0.9791,4.1925
63.1166,0.9702,4.1545
63.1168,0.9657,4.1428
63.1170,0.9448,4.0476
63.1172,0.9778,4.1908
63.1174,0.969,4.1494
63.1176,0.984,4.2136
63.1178,0.9982,4.2722
63.1180,1.0244,4.3887
63.1182,1.0506,4.4985
63.1184,0.9822,4.2118
63.1186,0.9394,4.0263
63.1188,0.9756,4.1796
63.1190,0.9451,4.06
63.1192,0.8393,3.604
63.1194,0.8182,3.5134
63.1196,0.8056,3.4609
63.1198,0.8217,3.5299
63.1200,0.8195,3.519
63.1202,0.8244,3.5451
63.1204,0.7963,3.4223
63.1206,0.8013,3.4424
63.1208,0.8399,3.6015
63.1210,0.9416,4.0375
63.1212,0.9242,3.9629
63.1214,0.8722,3.745
63.1216,0.8129,3.4923
63.1218,0.8547,3.6716
63.1220,0.8279,3.5567
63.1222,0.7443,3.1992
63.1224,0.7441,3.1996
63.1226,0.7518,3.2326
63.1228,0.7563,3.2477
63.1230,0.8246,3.5406
63.1232,0.8364,3.5966
63.1234,0.7692,3.3074
63.1236,0.766,3.2909
63.1238,0.8108,3.4847
63.1240,0.7913,3.4012
63.1242,0.828,3.5556
63.1244,0.8389,3.6041
63.1246,0.8403,3.6098
63.1248,0.8249,3.5455
63.1250,0.7617,3.2754
63.1252,0.7541,3.247
63.1254,0.6762,2.9119
63.1256,0.67,2.8837
63.1258,0.6895,2.9664
63.1260,0.7017,3.0171
63.1262,0.7507,3.2295
63.1264,0.7451,3.2067
63.1266,0.6488,2.7962
63.1268,0.6165,2.6572
63.1270,0.6084,2.6209
63.1272,0.6598,2.8412
63.1274,0.6953,2.9828
63.1276,0.8954,3.8413
63.1278,0.7859,3.3827
63.1280,0.6806,2.9332
63.1282,0.6137,2.6436
63.1284,0.6298,2.7108
63.1286,0.6642,2.8629
63.1288,0.6596,2.8388
63.1290,0.6602,2.8414
63.1292,0.6647,2.8623
63.1294,0.6487,2.7918
63.1296,0.683,2.9381
63.1298,0.7154,3.0793
63.1300,0.646,2.7831
63.1302,0.6158,2.6554
63.1304,0.6205,2.6743
63.1306,0.6788,2.9214
63.1308,0.6917,2.9729
63.1310,0.7127,3.0646
63.1312,0.6946,2.9895
63.1314,0.6899,2.9694
63.1316,0.7108,3.0606
63.1318,0.6893,2.9709
63.1320,0.5819,2.509
63.1322,0.5419,2.3391
63.1324,0.5268,2.2728
63.1326,0.5357,2.31
63.1328,0.5264,2.2686
63.1330,0.544,2.3489
63.1332,0.5289,2.2826
63.1334,0.5312,2.2904
63.1336,0.5278,2.278
63.1338,0.5473,2.3591
63.1340,0.6523,2.8034
63.1342,0.7198,3.0979
63.1344,0.6386,2.7536
63.1346,0.5485,2.3664
63.1348,0.5567,2.3971
63.1350,0.599,2.5806
63.1352,0.5731,2.4725
63.1354,0.5373,2.3178
63.1356,0.5368,2.3147
63.1358,0.5467,2.3543
63.1360,0.6676,2.868
63.1362,0.7358,3.167
63.1364,0.7307,3.1434
63.1366,0.7328,3.1512
63.1368,0.7153,3.0759
63.1370,0.7214,3.1036
63.1372,0.7328,3.1526
63.1374,0.7472,3.213
63.1376,0.8042,3.4531
63.1378,0.8122,3.4876
63.1380,0.809,3.4786
63.1382,0.7834,3.3656
63.1384,0.7841,3.375
63.1386,0.705,3.033
63.1388,0.708,3.0445
63.1390,0.712,3.0615
63.1392,0.7041,3.0303
63.1394,0.682,2.9353
63.1396,0.6842,2.9432
63.1398,0.7523,3.2347
63.1400,0.7897,3.3956
63.1402,0.7762,3.3378
63.1404,0.769,3.3053
63.1406,0.8325,3.5696
63.1408,0.9732,4.1693
63.1410,0.9762,4.1919
63.1412,0.7918,3.4048
63.1414,0.74,3.1836
63.1416,0.7454,3.2053
63.1418,0.77,3.311
63.1420,0.7672,3.2976
63.1422,0.7443,3.2022
63.1424,0.7469,3.2115
63.1426,0.7383,3.1749
63.1428,0.8024,3.4438
63.1430,0.8717,3.7447
63.1432,0.8391,3.6029
63.1434,0.8614,3.7004
63.1436,0.8452,3.6326
63.1438,0.813,3.4912
63.1440,0.7768,3.3373
63.1442,0.8628,3.7066
63.1444,0.8347,3.5844
63.1446,0.8646,3.7143
63.1448,0.8682,3.735
63.1450,0.7376,3.1747
63.1452,0.6957,2.9941
63.1454,0.6553,2.8255
63.1456,0.6175,2.6614
63.1458,0.6272,2.6995
63.1460,0.6574,2.8269
63.1462,0.725,3.1235
63.1464,0.6487,2.7944
63.1466,0.6736,2.9005
63.1468,0.6677,2.8712
63.1470,0.718,3.0915
63.1472,0.7122,3.0596
63.1474,0.7922,3.4032
63.1476,0.8695,3.7337
63.1478,0.8241,3.5452
63.1480,0.7894,3.3945
63.1482,0.8397,3.6072
63.1484,0.8877,3.8102
63.1486,0.8963,3.8467
63.1488,0.9112,3.9092
63.1490,0.9218,3.9563
63.1492,1.0046,4.3079
63.1494,1.005,4.3075
63.1496,0.9988,4.2847
63.1498,1.006,4.3136
63.1500,1.0271,4.4
63.1502,1.0388,4.4461
63.1504,1.0135,4.348
63.1506,0.9272,3.9758
63.1508,0.9922,4.2564
63.1510,1.0098,4.33
63.1512,1.0127,4.3464
63.1514,0.9901,4.2437
63.1516,1.0597,4.5376
63.1518,1.0592,4.5461
63.1520,0.916,3.9316
63.1522,0.9005,3.8611
63.1524,1.0341,4.422
63.1526,1.1717,5.0171
63.1528,1.1543,4.9426
63.1530,1.1039,4.727
63.1532,1.1225,4.8043
63.1534,1.1224,4.8061
63.1536,1.1313,4.8486
63.1538,1.0893,4.6774
63.1540,1.0144,4.3516
63.1542,1.003,4.3047
63.1544,0.9921,4.2539
63.1546,1.0454,4.4785
63.1548,1.1278,4.8337
63.1550,1.0754,4.6048
63.1552,1.1158,4.7868
63.1554,1.0777,4.6189
63.1556,1.1347,4.8589
63.1558,1.1853,5.0732
63.1560,1.159,4.9696
63.1562,1.0323,4.4267
63.1564,1.0012,4.295
63.1566,1.0223,4.3896
63.1568,0.9624,4.1346
63.1570,0.915,3.9343
63.1572,0.8865,3.8139
63.1574,0.9002,3.8691
63.1576,0.9331,4.0028
63.1578,0.9833,4.2164
63.1580,1.0001,4.2964
63.1582,0.979,4.2116
63.1584,0.8958,3.8554
63.1586,0.8653,3.7226
63.1588,0.8664,3.7238
63.1590,0.8858,3.8108
63.1592,0.8977,3.8583
63.1594,0.8922,3.8364
63.1596,0.8006,3.4409
63.1598,0.8555,3.682
63.1600,0.861,3.7023
63.1602,0.8635,3.7166
63.1604,0.8706,3.7401
63.1606,0.8737,3.7675
63.1608,0.723,3.1132
63.1610,0.7519,3.2347
63.1612,0.791,3.4091
63.1614,0.7686,3.3048
63.1616,0.8724,3.7478
63.1618,0.9127,3.93
63.1620,0.8434,3.6248
63.1622,0.8423,3.6202
63.1624,0.8082,3.4835
63.1626,0.678,2.9237
63.1628,0.6975,3.0019
63.1630,0.8295,3.5717
63.1632,0.8165,3.5176
63.1634,0.7609,3.2764
63.1636,0.7302,3.1428
63.1638,0.828,3.5589
63.1640,0.8919,3.83
63.1642,0.9253,3.9768
63.1644,0.8676,3.7359
63.1646,0.8302,3.5748
63.1648,0.8519,3.6631
63.1650,0.8678,3.7334
63.1652,0.8322,3.5802
63.1654,0.8165,3.5176
63.1656,0.7683,3.3084
63.1658,0.7803,3.3553
63.1660,0.8058,3.4748
63.1662,0.6796,2.9304
63.1664,0.6668,2.8791
63.1666,0.6009,2.5925
63.1668,0.6892,2.9663
63.1670,0.7507,3.2355
63.1672,0.7517,3.2306
63.1674,0.9237,3.9683
63.1676,0.9332,4.0127
63.1678,0.9352,4.0215
63.1680,0.9229,3.9628
63.1682,0.9365,4.0196
63.1684,0.9718,4.1709
63.1686,0.9883,4.2459
63.1688,0.9568,4.1123
63.1690,0.9357,4.0235
63.1692,0.9409,4.0438
63.1694,0.9651,4.146
63.1696,0.9418,4.0479
63.1698,0.9261,3.9804
63.1700,0.9211,3.9533
63.1702,0.9339,4.0139
63.1704,0.9423,4.0481
63.1706,1.0039,4.3129
63.1708,1.0087,4.3315
63.1710,1.0109,4.3407
63.1712,1.0099,4.3406
63.1714,0.9259,3.9738
63.1716,1.0102,4.3356
63.1718,1.0275,4.4143
63.1720,0.9777,4.2079
63.1722,0.8463,3.644
63.1724,0.7766,3.3409
63.1726,0.8362,3.604
63.1728,0.7593,3.2742
63.1730,0.7018,3.0219
63.1732,0.7664,3.2971
63.1734,0.8331,3.5872
63.1736,0.8109,3.4917
63.1738,0.8511,3.6612
63.1740,0.9011,3.8745
63.1742,0.9431,4.0498
63.1744,1.0519,4.5105
63.1746,1.0485,4.4982
63.1748,1.0346,4.4447
63.1750,0.9906,4.2557
63.1752,0.9621,4.1312
63.1754,0.9145,3.9378
63.1756,0.7604,3.2819
63.1758,0.725,3.1264
63.1760,0.7142,3.0784
63.1762,0.6791,2.927
63.1764,0.7681,3.3089
63.1766,0.7373,3.1747
63.1768,0.7557,3.2587
63.1770,0.6943,2.9968
63.1772,0.6953,2.9912
63.1774,0.8458,3.6419
63.1776,0.8015,3.4546
63.1778,0.6942,2.9977
63.1780,0.6277,2.7078
63.1782,0.6669,2.8769
63.1784,0.6472,2.796
63.1786,0.6014,2.6017
63.1788,0.5345,2.3091
63.1790,0.5419,2.338
63.1792,0.6261,2.7023
63.1794,0.5909,2.5537
63.1796,0.5334,2.3044
63.1798,0.5736,2.4711
63.1800,0.6464,2.7859
63.1802,0.7335,3.1645
63.1804,0.6771,2.9182
63.1806,0.6865,2.9604
63.1808,0.6737,2.9037
63.1810,0.7511,3.234
63.1812,0.7489,3.2233
63.1814,0.7656,3.295
63.1816,0.7955,3.424
63.1818,0.8141,3.5121
63.1820,0.6808,2.9342
63.1822,0.7124,3.0607
63.1824,0.9412,4.0359
63.1826,1.1081,4.7361
63.1828,1.2489,5.3402
63.1830,1.2293,5.2542
63.1832,1.2886,5.5048
63.1834,1.3477,5.7573
63.1836,1.3407,5.7437
63.1838,1.2632,5.3911
63.1840,1.3673,5.8304
63.1842,1.3631,5.8397
63.1844,1.1914,5.1066
63.1846,1.1429,4.8961
63.1848,1.209,5.1695
63.1850,1.3015,5.5731
63.1852,1.1966,5.1287
63.1854,1.1747,5.0276
63.1856,1.2229,5.2387
63.1858,1.1453,4.9156
63.1860,1.0331,4.4422
63.1862,0.9766,4.2013
63.1864,0.9745,4.1828
63.1866,1.0301,4.4231
63.1868,0.999,4.2838
63.1870,1.0463,4.4989
63.1872,0.967,4.1542
63.1874,0.962,4.1364
63.1876,1.0208,4.3732
63.1878,1.2394,5.3171
63.1880,1.1209,4.8156
63.1882,1.0509,4.5127
63.1884,1.0401,4.4643
63.1886,1.075,4.6119
63.1888,1.0725,4.6032
63.1890,1.0145,4.3643
63.1892,0.9922,4.2624
63.1894,1.0423,4.4756
63.1896,1.0233,4.3943
63.1898,1.009,4.3365
63.1900,0.976,4.1928
63.1902,0.9913,4.2588
63.1904,0.9907,4.2582
63.1906,0.9919,4.2653
63.1908,0.9925,4.2639
63.1910,1.0091,4.3391
63.1912,1.005,4.3215
63.1914,0.969,4.1649
63.1916,1.0357,4.4473
63.1918,1.0045,4.3134
63.1920,1.0013,4.2975
63.1922,1.0307,4.4319
63.1924,1.017,4.3731
63.1926,1.0303,4.4241
63.1928,1.0314,4.4329
63.1930,0.9947,4.2792
63.1932,0.9647,4.1521
63.1934,0.8514,3.6645
63.1936,0.8891,3.8265
63.1938,0.9367,4.0258
63.1940,1.0253,4.4025
63.1942,0.9828,4.232
63.1944,0.8047,3.4745
63.1946,0.716,3.0905
63.1948,0.684,2.9509
63.1950,0.7629,3.2897
63.1952,0.7358,3.1758
63.1954,0.6947,3.0011
63.1956,0.6553,2.8281
63.1958,0.6536,2.8221
63.1960,0.658,2.8426
63.1962,0.6886,2.9651
63.1964,0.7964,3.4308
63.1966,0.7841,3.3765
63.1968,0.8105,3.4966
63.1970,0.6881,2.9726
63.1972,0.729,3.1434
63.1974,0.8048,3.4686
63.1976,0.7571,3.2614
63.1978,0.7833,3.3823
63.1980,0.6575,2.8392
63.1982,0.6355,2.7427
63.1984,0.6489,2.802
63.1986,0.6449,2.7849
63.1988,0.6867,2.9623
63.1990,0.7169,3.0941
63.1992,0.6398,2.7639
63.1994,0.636,2.7448
63.1996,0.6893,2.9737
63.1998,0.6477,2.7942
63.2000,0.6553,2.8241
63.2002,0.7668,3.3047
63.2004,0.7045,3.0337
63.2006,0.7849,3.3828
63.2008,0.726,3.1349
63.2010,0.6375,2.7515
63.2012,0.6213,2.6829
63.2014,0.638,2.751
63.2016,0.7353,3.1679
63.2018,0.7602,3.2748
63.2020,0.7533,3.2484
63.2022,0.7422,3.2003
63.2024,0.7463,3.2164
63.2026,0.76,3.2682
63.2028,0.8279,3.5683
63.2030,0.75,3.2399
63.2032,0.6454,2.7895
63.2034,0.6326,2.7265
63.2036,0.6736,2.9073
63.2038,0.6205,2.6805
63.2040,0.6213,2.6816
63.2042,0.6343,2.7337
63.2044,0.7171,3.0879
63.2046,0.8248,3.5483
63.2048,0.8946,3.8413
63.2050,0.9314,4.0068
63.2052,0.8277,3.5706
63.2054,0.7493,3.2278
63.2056,0.753,3.2438
63.2058,0.7441,3.2041
63.2060,0.8247,3.5412
63.2062,0.9558,4.1101
63.2064,0.9057,3.8946
63.2066,0.8945,3.8497
63.2068,0.8845,3.8051
63.2070,0.8863,3.8129
63.2072,0.9222,3.956
63.2074,0.9989,4.2992
63.2076,0.8517,3.6604
63.2078,0.9446,4.0579
63.2080,0.9261,3.986
63.2082,0.8614,3.7056
63.2084,0.8726,3.7523
63.2086,0.9098,3.9103
63.2088,0.934,4.0126
63.2090,0.9469,4.0715
63.2092,0.8946,3.8467
63.2094,0.856,3.6841
63.2096,0.829,3.5763
63.2098,0.7588,3.2722
63.2100,0.7135,3.0782
63.2102,0.6886,2.9651
63.2104,0.7463,3.2119
63.2106,0.7937,3.4178
63.2108,0.7188,3.0995
63.2110,0.6428,2.7794
63.2112,0.5139,2.2241
63.2114,0.4977,2.1521
63.2116,0.4958,2.1418
63.2118,0.5042,2.1801
63.2120,0.5065,2.1899
63.2122,0.5013,2.1646
63.2124,0.5013,2.1666
63.2126,0.5171,2.234
63.2128,0.529,2.2853
63.2130,0.5271,2.2791
63.2132,0.5634,2.4328
63.2134,0.6331,2.7273
63.2136,0.7012,3.0207
63.2138,0.7483,3.2222
63.2140,0.7577,3.2624
63.2142,0.7616,3.278
63.2144,0.8411,3.6184
63.2146,0.8738,3.7557
63.2148,0.9299,3.9969
63.2150,0.9766,4.1915
63.2152,1.0049,4.3029
63.2154,1.1395,4.8749
63.2156,1.2092,5.1778
63.2158,1.2044,5.1524
63.2160,1.1903,5.0943
63.2162,1.2277,5.2593
63.2164,1.184,5.0723
63.2166,1.1566,4.9547
63.2168,1.1504,4.9262
63.2170,1.1826,5.0591
63.2172,1.187,5.0828
63.2174,1.1961,5.1314
63.2176,1.1458,4.9016
63.2178,1.2549,5.3659
63.2180,1.309,5.5918
63.2182,1.3525,5.7859
63.2184,1.2974,5.5505
63.2186,1.2552,5.3774
63.2188,1.1334,4.8692
63.2190,1.006,4.3277
63.2192,0.9398,4.0429
63.2194,0.9356,4.023
63.2196,0.9165,3.9484
63.2198,0.8365,3.5971
63.2200,0.9013,3.8756
63.2202,0.8839,3.8026
63.2204,0.8989,3.8724
63.2206,0.9009,3.874
63.2208,0.9829,4.2208
63.2210,0.9826,4.2212
63.2212,1.0213,4.3876
63.2214,1.028,4.4185
63.2216,0.9407,4.0489
63.2218,0.8905,3.8345
63.2220,0.8517,3.6672
63.2222,0.8887,3.8196
63.2224,0.9319,4.007
63.2226,0.9798,4.2113
63.2228,0.9669,4.1576
63.2230,0.9105,3.9152
63.2232,0.8394,3.6213
63.2234,0.7615,3.2851
63.2236,0.7765,3.3435
63.2238,0.8465,3.6366
63.2240,0.9325,4.0152
63.2242,0.8653,3.7295
63.2244,0.8526,3.6696
63.2246,0.8576,3.6913
63.2248,0.8373,3.6103
63.2250,0.7818,3.3678
63.2252,0.8469,3.6499
63.2254,0.7525,3.2448
63.2256,0.7918,3.4128
63.2258,0.7666,3.3042
63.2260,0.7523,3.2452
63.2262,0.7373,3.1791
63.2264,0.7422,3.2003
63.2266,0.7447,3.2126
63.2268,0.7541,3.25
63.2270,0.7183,3.0988
63.2272,0.7746,3.3306
63.2274,0.8672,3.7413
63.2276,0.6794,2.9307
63.2278,0.7,3.0155
63.2280,0.726,3.132
63.2282,0.6894,2.9728
63.2284,0.7483,3.2222
63.2286,0.8196,3.531
63.2288,0.811,3.4954
63.2290,0.7395,3.1889
63.2292,0.7195,3.0968
63.2294,0.8053,3.4658
63.2296,0.7455,3.2178
63.2298,0.6634,2.8646
63.2300,0.6555,2.8265
63.2302,0.6682,2.8826
63.2304,0.6934,2.9885
63.2306,0.7106,3.0629
63.2308,0.7479,3.2221
63.2310,0.7243,3.1204
63.2312,0.6915,2.9816
63.2314,0.6921,2.9828
63.2316,0.7397,3.1865
63.2318,0.7747,3.342
63.2320,0.6701,2.8896
63.2322,0.6326,2.7328
63.2324,0.5921,2.5577
63.2326,0.5972,2.5776
63.2328,0.6055,2.6145
63.2330,0.5966,2.5738
63.2332,0.6601,2.8501
63.2334,0.6025,2.6004
63.2336,0.5925,2.5586
63.2338,0.5863,2.5317
63.2340,0.5732,2.4764
63.2342,0.5695,2.4604
63.2344,0.5737,2.475
63.2346,0.5819,2.5114
63.2348,0.5801,2.5071
63.2350,0.5844,2.5258
63.2352,0.5828,2.5155
63.2354,0.6165,2.6597
63.2356,0.6554,2.8247
63.2358,0.7301,3.1437
63.2360,0.7856,3.3796
63.2362,0.769,3.3115
63.2364,0.7358,3.1758
63.2366,0.661,2.8503
63.2368,0.6533,2.8185
63.2370,0.6494,2.8014
63.2372,0.6712,2.8915
63.2374,0.7478,3.2156
63.2376,0.8617,3.7002
63.2378,0.8761,3.7638
63.2380,0.8869,3.8155
63.2382,0.8225,3.545
63.2384,0.7693,3.311
63.2386,0.7827,3.3672
63.2388,0.8188,3.5159
63.2390,0.9049,3.8856
63.2392,0.9503,4.0807
63.2394,0.9771,4.1975
63.2396,1.001,4.2945
63.2398,0.9537,4.097
63.2400,0.9093,3.9046
63.2402,1.0056,4.31
63.2404,1.0805,4.6161
63.2406,1.3416,5.7231
63.2408,1.4183,6.0505
63.2410,1.195,5.1387
63.2412,0.873,3.7556
63.2414,0.9521,4.0961
63.2416,0.9072,3.9063
63.2418,0.8424,3.6258
63.2420,0.7712,3.3208
63.2422,0.7585,3.263
63.2424,0.8009,3.4504
63.2426,0.764,3.2929
63.2428,0.7394,3.1899
63.2430,0.6729,2.8988
63.2432,0.71,3.0674
63.2434,0.574,2.4818
63.2436,0.517,2.2335
63.2438,0.536,2.3121
63.2440,0.5879,2.5408
63.2442,0.5198,2.2475
63.2444,0.4834,2.0894
63.2446,0.4845,2.0951
63.2448,0.5093,2.2024
63.2450,0.4885,2.1112
63.2452,0.4726,2.0409
63.2454,0.4886,2.1127
63.2456,0.4993,2.1588
63.2458,0.4849,2.0908
63.2460,0.7011,3.0131
63.2462,0.8371,3.6165
63.2464,0.5815,2.5098
63.2466,0.5699,2.4596
63.2468,0.5672,2.4482
63.2470,0.641,2.7639
63.2472,0.6945,2.9904
63.2474,0.72,3.1003
63.2476,0.7773,3.3425
63.2478,0.8484,3.6448
63.2480,0.9024,3.8766
63.2482,0.8972,3.8526
63.2484,0.9584,4.1133
63.2486,1.0332,4.4241
63.2488,1.1757,5.0322
63.2490,1.1369,4.8682
63.2492,1.1415,4.89
63.2494,1.1201,4.8053
63.2496,1.0892,4.6682
63.2498,1.0864,4.6564
63.2500,1.0777,4.6253
63.2502,1.0765,4.618
63.2504,1.058,4.5325
63.2506,1.0871,4.6551
63.2508,1.1138,4.7646
63.2510,1.2062,5.1674
63.2512,1.2078,5.1789
63.2514,1.1705,5.0073
63.2516,1.2295,5.2645
63.2518,1.1438,4.9117
63.2520,1.0231,4.3891
63.2522,1.0375,4.4529
63.2524,1.0198,4.3849
63.2526,0.9716,4.1699
63.2528,1.0484,4.4998
63.2530,1.0778,4.6259
63.2532,1.0847,4.6535
63.2534,1.1122,4.7669
63.2536,1.0984,4.7078
63.2538,1.1455,4.9097
63.2540,1.1562,4.9578
63.2542,1.1157,4.7885
63.2544,0.9958,4.2778
63.2546,1.0075,4.3223
63.2548,1.0799,4.633
63.2550,1.0614,4.5511
63.2552,1.065,4.5729
63.2554,0.9912,4.2543
63.2556,1.0828,4.6475
63.2558,1.1138,4.7802
63.2560,1.0665,4.5817
63.2562,0.9953,4.2678
63.2564,1.1013,4.7245
63.2566,1.0371,4.4576
63.2568,0.9164,3.946
63.2570,0.8778,3.778
63.2572,0.8984,3.8614
63.2574,0.9357,4.0216
63.2576,0.9286,3.995
63.2578,0.8972,3.8598
63.2580,0.9205,3.9544
63.2582,0.9493,4.0818
63.2584,0.9568,4.1143
63.2586,0.9584,4.121
63.2588,0.9263,3.9889
63.2590,0.8069,3.4779
63.2592,0.7985,3.4417
63.2594,0.7945,3.4178
63.2596,0.8651,3.7181
63.2598,0.9133,3.9308
63.2600,0.8833,3.7964
63.2602,0.932,4.0113
63.2604,0.849,3.6508
63.2606,0.9491,4.0851
63.2608,0.8493,3.6552
63.2610,0.8087,3.4775
63.2612,0.9651,4.1383
63.2614,1.0936,4.6938
63.2616,1.0521,4.5368
63.2618,0.7464,3.2199
63.2620,0.6659,2.8661
63.2622,0.7889,3.4067
63.2624,0.7009,3.021
63.2626,0.7712,3.3254
63.2628,0.7072,3.055
63.2630,0.613,2.6496
63.2632,0.5987,2.585
63.2634,0.5985,2.5845
63.2636,0.6458,2.7898
63.2638,0.7006,3.0167
63.2640,0.8144,3.5099
63.2642,0.6887,2.9738
63.2644,0.633,2.7331
63.2646,0.6273,2.7075
63.2648,0.6244,2.6951
63.2650,0.6216,2.6864
63.2652,0.6441,2.7787
63.2654,0.6609,2.8511
63.2656,0.6361,2.7466
63.2658,0.6283,2.7104
63.2660,0.6589,2.8423
63.2662,0.6223,2.6845
63.2664,0.6424,2.7599
63.2666,0.9971,4.2795
63.2668,0.9176,3.9567
63.2670,0.7246,3.1156
63.2672,0.8304,3.5775
63.2674,0.7479,3.2296
63.2676,0.6545,2.8211
63.2678,0.6735,2.9
63.2680,0.7211,3.105
63.2682,0.7943,3.4252
63.2684,0.7792,3.3523
63.2686,0.7996,3.4399
63.2688,0.8012,3.4515
63.2690,0.8031,3.4597
63.2692,0.8049,3.4643
63.2694,0.7747,3.3373
63.2696,0.7377,3.1797
63.2698,0.7373,3.1791
63.2700,0.7493,3.2278
63.2702,0.7714,3.3203
63.2704,0.7948,3.4193
63.2706,0.8247,3.5461
63.2708,0.8212,3.5328
63.2710,0.8609,3.7001
63.2712,0.9425,4.0454
63.2714,1.0043,4.3124
63.2716,1.0098,4.3341
63.2718,1.0463,4.4905
63.2720,1.0084,4.336
63.2722,0.92,3.9523
63.2724,0.8886,3.8227
63.2726,0.864,3.7152
63.2728,0.8688,3.7393
63.2730,0.8411,3.6218
63.2732,0.7916,3.4117
63.2734,0.7352,3.1674
63.2736,0.7315,3.1499
63.2738,0.7623,3.278
63.2740,0.87,3.7427
63.2742,0.8841,3.8036
63.2744,0.788,3.3962
63.2746,0.7475,3.223
63.2748,0.7653,3.2955
63.2750,0.8111,3.4895
63.2752,0.8182,3.5264
63.2754,0.7312,3.1513
63.2756,0.6804,2.934
63.2758,0.7292,3.1459
63.2760,0.7393,3.1835
63.2762,0.7684,3.3089
63.2764,0.7746,3.3368
63.2766,0.6972,3.0064
63.2768,0.6162,2.6594
63.2770,0.6086,2.6243
63.2772,0.6586,2.8399
63.2774,0.71,3.0617
63.2776,0.744,3.2036
63.2778,0.7218,3.111
63.2780,0.7211,3.1064
63.2782,0.7036,3.0366
63.2784,0.6579,2.8368
63.2786,0.6175,2.6638
63.2788,0.5947,2.5691
63.2790,0.5827,2.5162
63.2792,0.5959,2.5719
63.2794,0.6042,2.6076
63.2796,0.5802,2.5053
63.2798,0.5814,2.5081
63.2800,0.6448,2.7779
63.2802,0.7244,3.118
63.2804,0.7543,3.251
63.2806,0.7012,3.0221
63.2808,0.7289,3.1371
63.2810,0.7725,3.3249
63.2812,0.7951,3.4203
63.2814,0.8186,3.5214
63.2816,0.8988,3.8575
63.2818,1.0425,4.462
63.2820,1.1169,4.7869
63.2822,1.0586,4.5435
63.2824,1.0338,4.4391
63.2826,1.0184,4.3711
63.2828,1.0266,4.4
63.2830,1.0859,4.6348
63.2832,1.3804,5.8833
63.2834,1.4631,6.2418
63.2836,1.3386,5.7398
63.2838,1.1086,4.7515
63.2840,1.1273,4.8271
63.2842,1.1749,5.038
63.2844,1.1431,4.9017
63.2846,1.1162,4.7838
63.2848,1.1218,4.808
63.2850,1.1091,4.7646
63.2852,1.0202,4.389
63.2854,0.9208,3.9633
63.2856,0.8491,3.6564
63.2858,0.8358,3.6007
63.2860,0.827,3.5592
63.2862,0.7892,3.3982
63.2864,0.7765,3.3435
63.2866,0.8097,3.4849
63.2868,0.8617,3.7054
63.2870,0.8616,3.7083
63.2872,0.8755,3.7682
63.2874,0.9122,3.9133
63.2876,1.0273,4.4051
63.2878,1.0311,4.4215
63.2880,1.084,4.6548
63.2882,1.0415,4.4741
63.2884,1.0046,4.32
63.2886,0.9316,4.0041
63.2888,0.9885,4.2484
63.2890,1.0302,4.4195
63.2892,1.0664,4.577
63.2894,1.0552,4.527
63.2896,1.0927,4.6875
63.2898,1.1042,4.7457
63.2900,0.9305,4.0014
63.2902,0.9307,3.9981
63.2904,0.9686,4.1628
63.2906,0.9604,4.1297
63.2908,0.9598,4.1271
63.2910,0.8976,3.8632
63.2912,0.8646,3.723
63.2914,0.8888,3.8219
63.2916,0.9005,3.8791
63.2918,0.8056,3.469
63.2920,0.8018,3.454
63.2922,0.8134,3.5025
63.2924,0.8458,3.6368
63.2926,0.8724,3.7548
63.2928,0.8232,3.5416
63.2930,0.8684,3.7378
63.2932,0.8225,3.5483
63.2934,0.7391,3.1883
63.2936,0.7755,3.3347
63.2938,0.8686,3.7383
63.2940,0.8437,3.6433
63.2942,0.6446,2.7833
63.2944,0.6061,2.6171
63.2946,0.6063,2.6206
63.2948,0.6202,2.6819
63.2950,0.5917,2.5574
63.2952,0.531,2.2952
63.2954,0.5013,2.1686
63.2956,0.5496,2.3733
63.2958,0.6339,2.7347
63.2960,0.6624,2.8591
63.2962,0.6536,2.8221
63.2964,0.5971,2.5807
63.2966,0.5641,2.4382
63.2968,0.5635,2.4311
63.2970,0.6292,2.7133
63.2972,0.6737,2.9078
63.2974,0.6596,2.8454
63.2976,0.6865,2.9604
63.2978,0.6603,2.8472
63.2980,0.672,2.8992
63.2982,0.6361,2.7453
63.2984,0.6379,2.7518
63.2986,0.6261,2.7023
63.2988,0.566,2.4453
63.2990,0.5577,2.408
63.2992,0.5574,2.408
63.2994,0.5598,2.4184
63.2996,0.5573,2.4086
63.2998,0.5583,2.4117
63.3000,0.5548,2.3955
63.3002,0.5527,2.3867
63.3004,0.5807,2.5062
63.3006,0.5966,2.575
63.3008,0.5878,2.5379
63.3010,0.5818,2.5143
63.3012,0.5478,2.3677
63.3014,0.5488,2.3696
63.3016,0.5515,2.3805
63.3018,0.5488,2.3707
63.3020,0.5423,2.3428
63.3022,0.5455,2.3458
63.3024,0.8231,3.5328
63.3026,0.9247,3.9705
63.3028,0.8363,3.6128
63.3030,0.5713,2.467
63.3032,0.5585,2.4116
63.3034,0.5641,2.4359
63.3036,0.5587,2.4137
63.3038,0.5577,2.4046
63.3040,0.5764,2.4853
63.3042,0.6525,2.811
63.3044,0.7005,3.0176
63.3046,0.7253,3.123
63.3048,0.7199,3.1041
63.3050,0.6568,2.8309
63.3052,0.6482,2.795
63.3054,0.6556,2.8257
63.3056,0.6536,2.8169
63.3058,0.6602,2.8414
63.3060,0.6954,2.9959
63.3062,0.7206,3.1029
63.3064,0.7481,3.2152
63.3066,0.8369,3.597
63.3068,0.8603,3.6975
63.3070,0.8871,3.8129
63.3072,0.7832,3.3724
63.3074,0.7056,3.0356
63.3076,0.7578,3.2645
63.3078,0.7253,3.1259
63.3080,0.7629,3.2791
63.3082,0.8477,3.6417
63.3084,0.8897,3.8238
63.3086,0.8694,3.7402
63.3088,0.8006,3.4441
63.3090,0.7548,3.2485
63.3092,0.7249,3.12
63.3094,0.7309,3.1488
63.3096,0.7259,3.1314
63.3098,0.663,2.8577
63.3100,0.6556,2.8244
63.3102,0.6647,2.8636
63.3104,0.6948,2.9905
63.3106,0.7507,3.231
63.3108,0.6979,3.0067
63.3110,0.671,2.8945
63.3112,0.6237,2.6895
63.3114,0.6278,2.7083
63.3116,0.6465,2.7877
63.3118,0.6725,2.8959
63.3120,0.6556,2.8296
63.3122,0.5206,2.248
63.3124,0.505,2.1817
63.3126,0.5056,2.1853
63.3128,0.4993,2.1558
63.3130,0.538,2.3231
63.3132,0.5804,2.504
63.3134,0.6477,2.7903
63.3136,0.6782,2.9161
63.3138,0.7828,3.3709
63.3140,0.7327,3.1551
63.3142,0.7541,3.2424
63.3144,0.8162,3.5079
63.3146,0.8314,3.5716
63.3148,0.9138,3.9219
63.3150,0.9864,4.2298
63.3152,0.9497,4.0743
63.3154,0.9392,4.0291
63.3156,0.949,4.0732
63.3158,0.9562,4.1098
63.3160,0.9363,4.0224
63.3162,0.9304,3.9897
63.3164,0.9859,4.2297
63.3166,0.9482,4.0696
63.3168,0.9822,4.2137
63.3170,0.9575,4.1116
63.3172,0.8706,3.7436
63.3174,0.9423,4.0406
63.3176,1.0614,4.5469
63.3178,1.0867,4.6596
63.3180,1.0548,4.5249
63.3182,1.0805,4.6269
63.3184,1.107,4.747
63.3186,1.0079,4.3299
63.3188,0.9139,3.9279
63.3190,0.9502,4.0783
63.3192,0.9419,4.0484
63.3194,0.9159,3.9348
63.3196,0.9121,3.9165
63.3198,0.9111,3.916
63.3200,0.9196,3.9471
63.3202,0.952,4.0898
63.3204,0.9,3.8663
63.3206,0.9622,4.1317
63.3208,1.019,4.3717
63.3210,1.0279,4.4097
63.3212,1.0031,4.3052
63.3214,1.0064,4.3237
63.3216,0.9833,4.2262
63.3218,0.8717,3.7465
63.3220,0.9217,3.9614
63.3222,0.8958,3.8536
63.3224,0.8835,3.7992
63.3226,0.8796,3.7805
63.3228,0.9243,3.9708
63.3230,0.9052,3.8889
63.3232,0.9012,3.8768
63.3234,0.8958,3.8483
63.3236,0.9106,3.9194
63.3238,0.858,3.6809
63.3240,1.0793,4.6282
63.3242,1.1238,4.8077
63.3244,1.0662,4.5845
63.3246,0.8852,3.81
63.3248,0.8762,3.7713
63.3250,0.8406,3.613
63.3252,0.915,3.9343
63.3254,0.8937,3.8466
63.3256,0.8582,3.6922
63.3258,0.8804,3.7806
63.3260,0.9031,3.8851
63.3262,0.8587,3.6942
63.3264,0.9076,3.9047
63.3266,0.9078,3.9052
63.3268,0.8377,3.604
63.3270,0.8776,3.777
63.3272,0.7917,3.4138
63.3274,0.6958,3.0002
63.3276,0.7328,3.1585
63.3278,0.7175,3.0895
63.3280,0.7597,3.2727
63.3282,0.7859,3.3843
63.3284,0.8171,3.5185
63.3286,0.8256,3.5552
63.3288,0.8202,3.5319
63.3290,0.8247,3.5461
63.3292,0.8359,3.5962
63.3294,0.8076,3.4826
63.3296,0.6966,3.0066
63.3298,0.6766,2.9175
63.3300,0.684,2.9482
63.3302,0.7489,3.2248
63.3304,0.7708,3.3161
63.3306,0.7765,3.3451
63.3308,0.7597,3.2712
63.3310,0.8044,3.4654
63.3312,0.7439,3.2046
63.3314,0.7514,3.2371
63.3316,0.8086,3.4786
63.3318,0.8294,3.5695
63.3320,0.7656,3.295
63.3322,0.7713,3.3213
63.3324,0.714,3.0788
63.3326,0.6436,2.7779
63.3328,0.6356,2.7445
63.3330,0.6338,2.7355
63.3332,0.6332,2.7291
63.3334,0.6791,2.9243
63.3336,0.7821,3.3631
63.3338,0.8178,3.5265
63.3340,0.6792,2.9289
63.3342,0.6433,2.775
63.3344,0.6441,2.7774
63.3346,0.6403,2.7621
63.3348,0.6385,2.7544
63.3350,0.6382,2.7533
63.3352,0.6389,2.7551
63.3354,0.6436,2.7753
63.3356,0.6271,2.7052
63.3358,0.6271,2.7065
63.3360,0.6242,2.6928
63.3362,0.6307,2.7182
63.3364,0.6814,2.9341
63.3366,0.7286,3.1404
63.3368,0.7048,3.0362
63.3370,0.7271,3.1322
63.3372,0.6976,3.0052
63.3374,0.7427,3.1964
63.3376,0.7707,3.3156
63.3378,0.8216,3.5376
63.3380,0.816,3.5106
63.3382,0.8501,3.6554
63.3384,0.8489,3.6519
63.3386,0.831,3.5734
63.3388,0.8403,3.6131
63.3390,0.8296,3.5739
63.3392,0.7524,3.2397
63.3394,0.8042,3.4628
63.3396,0.8036,3.4586
63.3398,0.7449,3.2092
63.3400,0.7205,3.1053
63.3402,0.7481,3.2152
63.3404,0.8475,3.6475
63.3406,0.826,3.5534
63.3408,0.8593,3.6951
63.3410,0.83,3.5721
63.3412,0.818,3.5205
63.3414,0.7581,3.263
63.3416,0.735,3.1634
63.3418,0.7761,3.3373
63.3420,0.7345,3.1643
63.3422,0.6925,2.9862
63.3424,0.6964,3
63.3426,0.6856,2.9549
63.3428,0.6905,2.9761
63.3430,0.683,2.9463
63.3432,0.6566,2.8285
63.3434,0.7126,3.0683
63.3436,0.682,2.938
63.3438,0.6827,2.9425
63.3440,0.723,3.1046
63.3442,0.9967,4.276
63.3444,1.0739,4.6115
63.3446,0.8578,3.7004
63.3448,0.6409,2.766
63.3450,0.5604,2.4221
63.3452,0.5008,2.1626
63.3454,0.5009,2.1621
63.3456,0.4959,2.1443
63.3458,0.4791,2.0708
63.3460,0.5131,2.2164
63.3462,0.4954,2.1383
63.3464,0.526,2.2692
63.3466,0.5845,2.5204
63.3468,0.6431,2.7707
63.3470,0.6538,2.8127
63.3472,0.7337,3.1621
63.3474,0.7407,3.1867
63.3476,0.7712,3.3162
63.3478,0.8465,3.6416
63.3480,0.8624,3.7068
63.3482,0.9129,3.911
63.3484,1.0737,4.5955
63.3486,1.134,4.8604
63.3488,1.1223,4.8056
63.3490,1.1097,4.7539
63.3492,1.1051,4.741
63.3494,1.0962,4.6985
63.3496,1.0676,4.5821
63.3498,1.0404,4.4591
63.3500,1.0688,4.5787
63.3502,1.0743,4.6002
63.3504,1.1061,4.7385
63.3506,1.0885,4.6717
63.3508,1.0756,4.6037
63.3510,1.1709,5.0163
63.3512,1.1856,5.0766
63.3514,1.1709,5.0093
63.3516,1.1837,5.0661
63.3518,1.2046,5.1534
63.3520,1.2573,5.3811
63.3522,1.1956,5.1317
63.3524,1.0798,4.6368
63.3526,0.9551,4.1051
63.3528,0.8616,3.7066
63.3530,0.881,3.7831
63.3532,0.9501,4.0835
63.3534,0.9317,4.0084
63.3536,0.8949,3.85
63.3538,0.8943,3.8456
63.3540,0.9425,4.0454
63.3542,0.9576,4.1121
63.3544,0.9435,4.0533
63.3546,0.9772,4.2019
63.3548,0.9253,3.9731
63.3550,0.9186,3.948
63.3552,0.9214,3.9603
63.3554,0.9621,4.1312
63.3556,0.97,4.169
63.3558,0.9293,3.9962
63.3560,0.9241,3.9698
63.3562,0.925,3.9776
63.3564,0.9249,3.9771
63.3566,0.9467,4.0691
63.3568,0.9399,4.0359
63.3570,0.964,4.1433
63.3572,0.9424,4.0486
63.3574,0.9687,4.1614
63.3576,0.9419,4.0466
63.3578,0.8887,3.8214
63.3580,0.8693,3.7396
63.3582,0.8808,3.7856
63.3584,0.8795,3.7817
63.3586,0.8975,3.8662
63.3588,0.8168,3.517
63.3590,0.8008,3.4451
63.3592,0.8433,3.6294
63.3594,0.7997,3.4421
63.3596,0.8186,3.5264
63.3598,0.8175,3.5217
63.3600,0.8296,3.5672
63.3602,0.8249,3.5504
63.3604,0.7778,3.3554
63.3606,0.6289,2.7167
63.3608,0.6049,2.6095
63.3610,0.6482,2.7975
63.3612,0.6624,2.8538
63.3614,0.703,3.0326
63.3616,0.6676,2.8827
63.3618,0.6563,2.8341
63.3620,0.5822,2.5141
63.3622,0.556,2.4018
63.3624,0.5683,2.4552
63.3626,0.5663,2.4441
63.3628,0.5562,2.4017
63.3630,0.5476,2.3678
63.3632,0.5538,2.3936
63.3634,0.5563,2.4023
63.3636,0.6108,2.6349
63.3638,0.5764,2.491
63.3640,0.5453,2.3546
63.3642,0.5615,2.4223
63.3644,0.5736,2.4791
63.3646,0.5869,2.5343
63.3648,0.6286,2.7132
63.3650,0.589,2.5431
63.3652,0.5735,2.4774
63.3654,0.5732,2.4764
63.3656,0.5688,2.455
63.3658,0.706,3.0314
63.3660,0.9182,3.9427
63.3662,0.8852,3.8206
63.3664,0.6166,2.6627
63.3666,0.5515,2.3816
63.3668,0.5494,2.3722
63.3670,0.5439,2.3473
63.3672,0.5632,2.4295
63.3674,0.6399,2.758
63.3676,0.6626,2.8557
63.3678,0.6508,2.805
63.3680,0.6782,2.9256
63.3682,0.6894,2.9728
63.3684,0.6911,2.9773
63.3686,0.6881,2.9657
63.3688,0.6901,2.9745
63.3690,0.7217,3.1076
63.3692,0.732,3.152
63.3694,0.764,3.2883
63.3696,0.8054,3.4631
63.3698,0.8531,3.6734
63.3700,0.7847,3.3776
63.3702,0.7337,3.1607
63.3704,0.6858,2.9546
63.3706,0.7159,3.0842
63.3708,0.7041,3.0288
63.3710,0.7701,3.3115
63.3712,0.8442,3.6318
63.3714,0.8441,3.6262
63.3716,0.8924,3.8356
63.3718,0.8147,3.5066
63.3720,0.8451,3.6337
63.3722,0.868,3.7253
63.3724,0.9232,3.9644
63.3726,0.9204,3.952
63.3728,0.9593,4.1174
63.3730,0.9644,4.1429
63.3732,0.9302,3.9979
63.3734,0.876,3.7633
63.3736,0.9351,4.0116
63.3738,0.9602,4.1191
63.3740,0.8975,3.8591
63.3742,0.7815,3.3652
63.3744,0.756,3.2582
63.3746,0.7592,3.2676
63.3748,0.7978,3.4258
63.3750,0.8741,3.7568
63.3752,0.8877,3.812
63.3754,0.8891,3.8265
63.3756,0.8099,3.4859
63.3758,0.8212,3.5328
63.3760,0.8839,3.7973
63.3762,0.9181,3.9587
63.3764,0.7335,3.1587
63.3766,0.7112,3.0655
63.3768,0.7056,3.0356
63.3770,0.8807,3.7833
63.3772,0.9253,3.9805
63.3774,0.7841,3.3812
63.3776,0.6918,2.9845
63.3778,0.6453,2.7838
63.3780,0.6394,2.7572
63.3782,0.6559,2.8267
63.3784,0.7147,3.0719
63.3786,0.8385,3.6054
63.3788,0.7695,3.3182
63.3790,0.6399,2.7657
63.3792,0.5864,2.5287
63.3794,0.6409,2.7609
63.3796,0.6809,2.9375
63.3798,0.6639,2.86
63.3800,0.6916,2.9752
63.3802,0.7593,3.2666
63.3804,0.7976,3.4296
63.3806,0.8206,3.5302
63.3808,0.8746,3.7588
63.3810,0.9022,3.8707
63.3812,0.9783,4.1987
63.3814,1.0257,4.3964
63.3816,1.1297,4.8351
63.3818,1.1438,4.8957
63.3820,1.1551,4.9416
63.3822,1.1718,5.027
63.3824,1.057,4.5305
63.3826,1.1062,4.7412
63.3828,1.1548,4.9447
63.3830,1.181,5.0548
63.3832,1.1781,5.0472
63.3834,1.1388,4.8787
63.3836,1.1455,4.9029
63.3838,1.2311,5.2742
63.3840,1.2032,5.1521
63.3842,1.2278,5.2549
63.3844,1.1706,5.0125
63.3846,1.1491,4.9251
63.3848,1.1082,4.7543
63.3850,1.0382,4.454
63.3852,1.0977,4.7069
63.3854,1.0871,4.6638
63.3856,1.073,4.5967
63.3858,1.1974,5.1203
63.3860,1.3375,5.7031
63.3862,1.4709,6.2721
63.3864,1.3569,5.8239
63.3866,1.0399,4.4695
63.3868,0.9927,4.2585
63.3870,1.0614,4.5532
63.3872,1.1036,4.7299
63.3874,1.1255,4.8239
63.3876,1.1244,4.8193
63.3878,1.1394,4.8835
63.3880,1.1849,5.0759
63.3882,1.1948,5.1186
63.3884,1.2434,5.3291
63.3886,1.2272,5.2671
63.3888,1.0779,4.6285
63.3890,1.032,4.4313
63.3892,1.0369,4.4587
63.3894,0.9344,4.0216
63.3896,0.9231,3.9712
63.3898,0.9309,4.0029
63.3900,0.9664,4.1555
63.3902,0.969,4.163
63.3904,0.9542,4.1048
63.3906,0.906,3.8993
63.3908,0.9062,3.8967
63.3910,0.8711,3.7456
63.3912,0.8906,3.8297
63.3914,0.9419,4.0579
63.3916,0.8915,3.8351
63.3918,0.9,3.8753
63.3920,0.8547,3.6784
63.3922,0.8526,3.6662
63.3924,0.8882,3.8211
63.3926,0.9393,4.0446
63.3928,0.8882,3.8265
63.3930,0.8194,3.5283
63.3932,0.8798,3.7868
63.3934,0.8162,3.5177
63.3936,0.8206,3.5335
63.3938,0.7969,3.4376
63.3940,0.6819,2.9457
63.3942,0.6716,2.8998
63.3944,0.678,2.9264
63.3946,0.6947,2.9942
63.3948,0.7453,3.2167
63.3950,0.6642,2.8722
63.3952,0.6084,2.6282
63.3954,0.6237,2.6895
63.3956,0.6618,2.8565
63.3958,0.6531,2.8201
63.3960,0.6529,2.819
63.3962,0.6521,2.8159
63.3964,0.6531,2.8162
63.3966,0.6804,2.9313
63.3968,0.7627,3.2841
63.3970,0.8135,3.5014
63.3972,0.7952,3.4272
63.3974,0.6846,2.9562
63.3976,0.6457,2.788
63.3978,0.6601,2.8448
63.3980,0.7377,3.1812
63.3982,0.7255,3.1284
63.3984,0.7349,3.1643
63.3986,0.7485,3.2247
63.3988,0.7445,3.2071
63.3990,0.7301,3.1495
63.3992,0.6541,2.8255
63.3994,0.6416,2.7717
63.3996,0.638,2.7523
63.3998,0.6358,2.7442
63.4000,0.6476,2.7937
63.4002,0.7511,3.231
63.4004,0.8379,3.6062
63.4006,0.7445,3.2131
63.4008,0.6497,2.8043
63.4010,0.6405,2.7644
63.4012,0.6417,2.7683
63.4014,0.6405,2.7644
63.4016,0.6389,2.759
63.4018,0.6541,2.819
63.4020,0.7025,3.0306
63.4022,0.6374,2.7484
63.4024,0.6451,2.7854
63.4026,0.6325,2.731
63.4028,0.6254,2.7005
63.4030,0.6529,2.8164
63.4032,0.6375,2.7502
63.4034,0.6306,2.7202
63.4036,0.7029,3.0265
63.4038,0.7568,3.2603
63.4040,0.7634,3.2903
63.4042,0.7541,3.25
63.4044,0.7797,3.3559
63.4046,0.8252,3.5482
63.4048,0.8488,3.6531
63.4050,0.8728,3.7511
63.4052,0.9247,3.9761
63.4054,0.809,3.4834
63.4056,0.8002,3.4441
63.4058,0.8285,3.5626
63.4060,0.8832,3.7942
63.4062,0.9061,3.9016
63.4064,0.8182,3.5215
63.4066,0.8081,3.4782
63.4068,0.7898,3.3961
63.4070,0.8401,3.616
63.4072,0.8171,3.5202
63.4074,0.773,3.3208
63.4076,0.978,4.1938
63.4078,1.0409,4.4673
63.4080,0.9646,4.1536
63.4082,0.7796,3.3554
63.4084,0.7937,3.4131
63.4086,0.8314,3.5783
63.4088,0.8575,3.6925
63.4090,0.8488,3.6565
63.4092,0.7447,3.2112
63.4094,0.6936,2.9895
63.4096,0.7464,3.2139
63.4098,0.7732,3.328
63.4100,0.7403,3.1935
63.4102,0.6798,2.9287
63.4104,0.7895,3.4014
63.4106,0.8063,3.4688
63.4108,0.8888,3.8148
63.4110,0.9859,4.2514
63.4112,0.7047,3.0413
63.4114,0.6309,2.7205
63.4116,0.6599,2.8496
63.4118,0.5916,2.5557
63.4120,0.5738,2.479
63.4122,0.5363,2.3179
63.4124,0.5161,2.2314
63.4126,0.5036,2.1775
63.4128,0.5039,2.176
63.4130,0.519,2.2402
63.4132,0.5699,2.4596
63.4134,0.611,2.631
63.4136,0.7686,3.311
63.4138,0.7119,3.0653
63.4140,0.7397,3.188
63.4142,0.7845,3.3703
63.4144,0.9057,3.8911
63.4146,0.8649,3.7206
63.4148,0.8566,3.6765
63.4150,0.9583,4.1148
63.4152,0.9433,4.058
63.4154,0.8691,3.7317
63.4156,0.9559,4.1026
63.4158,1.0242,4.3939
63.4160,1.0387,4.454
63.4162,1.0939,4.6861
63.4164,1.1384,4.879
63.4166,1.1044,4.7336
63.4168,1.0941,4.6916
63.4170,1.0641,4.5588
63.4172,1.0581,4.5437
63.4174,0.9848,4.2266
63.4176,1.0056,4.3121
63.4178,1.0378,4.4561
63.4180,1.059,4.5451
63.4182,1.0393,4.4607
63.4184,1.0127,4.3506
63.4186,1.0301,4.417
63.4188,1.058,4.541
63.4190,1.0164,4.3625
63.4192,1.0181,4.3717
63.4194,1.0456,4.4896
63.4196,1.0854,4.654
63.4198,1.1002,4.7288
63.4200,0.9911,4.2598
63.4202,0.9833,4.2224
63.4204,0.9578,4.1108
63.4206,0.9579,4.1209
63.4208,0.9019,3.8818
63.4210,0.8444,3.6324
63.4212,0.8164,3.5188
63.4214,0.8044,3.4671
63.4216,0.7971,3.4292
63.4218,0.8701,3.7433
63.4220,0.8818,3.7969
63.4222,0.8121,3.4985
63.4224,0.7867,3.3874
63.4226,0.7981,3.4381
63.4228,0.8035,3.4581
63.4230,0.8611,3.7046
63.4232,0.8456,3.646
63.4234,0.7309,3.1503
63.4236,0.7004,3.0171
63.4238,0.7073,3.0513
63.4240,0.7032,3.0323
63.4242,0.7673,3.3038
63.4244,0.7977,3.4334
63.4246,0.7854,3.3802
63.4248,0.827,3.5576
63.4250,0.8954,3.8468
63.4252,0.9309,3.9955
63.4254,0.931,4.0091
63.4256,0.8211,3.534
63.4258,0.8842,3.8037
63.4260,0.8959,3.856
63.4262,0.8081,3.4912
63.4264,0.615,2.6555
63.4266,0.6206,2.6749
63.4268,0.7216,3.1129
63.4270,0.6476,2.7989
63.4272,0.5858,2.5297
63.4274,0.5966,2.5751
63.4276,0.6229,2.6872
63.4278,0.6608,2.8506
63.4280,0.8501,3.6453
63.4282,1.0433,4.4736
63.4284,1.0542,4.5414
63.4286,0.7736,3.3327
63.4288,0.7442,3.2091
63.4290,0.75,3.2385
63.4292,0.6526,2.8154
63.4294,0.6352,2.7404
63.4296,0.6376,2.7495
63.4298,0.6946,2.9923
63.4300,0.7055,3.0393
63.4302,0.7343,3.1662
63.4304,0.7617,3.2801
63.4306,0.7668,3.3002
63.4308,0.758,3.2747
63.4310,0.5962,2.5766
63.4312,0.5625,2.4287
63.4314,0.558,2.4096
63.4316,0.5557,2.4008
63.4318,0.5568,2.4044
63.4320,0.6005,2.5904
63.4322,0.6128,2.6413
63.4324,0.6121,2.6443
63.4326,0.55,2.376
63.4328,0.5465,2.3599
63.4330,0.5494,2.3712
63.4332,0.5483,2.3676
63.4334,0.5476,2.3656
63.4336,0.5481,2.3666
63.4338,0.5489,2.3702
63.4340,0.5471,2.3635
63.4342,0.547,2.363
63.4344,0.5423,2.3406
63.4346,0.5417,2.3381
63.4348,0.5462,2.3583
63.4350,0.5496,2.3733
63.4352,0.5488,2.3686
63.4354,0.558,2.4096
63.4356,0.5591,2.4142
63.4358,0.5589,2.4143
63.4360,0.5621,2.426
63.4362,0.5676,2.4487
63.4364,0.5589,2.4109
63.4366,0.5758,2.4839
63.4368,0.6338,2.733
63.4370,0.6545,2.8172
63.4372,0.7085,3.0522
63.4374,0.7417,3.1953
63.4376,0.7376,3.1733
63.4378,0.7519,3.2332
63.4380,0.7575,3.259
63.4382,0.7337,3.1592
63.4384,0.7411,3.1913
63.4386,0.7804,3.359
63.4388,0.8412,3.6207
63.4390,0.7906,3.3997
63.4392,0.7962,3.4203
63.4394,0.8759,3.7628
63.4396,0.9194,3.9516
63.4398,0.8638,3.716
63.4400,0.7899,3.3982
63.4402,0.7749,3.3307
63.4404,0.8445,3.6312
63.4406,0.8456,3.6393
63.4408,0.7724,3.326
63.4410,0.6995,3.0135
63.4412,0.6809,2.9375
63.4414,0.5894,2.5417
63.4416,0.5814,2.5082
63.4418,0.5785,2.4981
63.4420,0.5771,2.4884
63.4422,0.6529,2.8152
63.4424,0.6297,2.7167
63.4426,0.5789,2.4996
63.4428,0.5646,2.438
63.4430,0.5534,2.386
63.4432,0.5809,2.5038
63.4434,0.7038,3.0349
63.4436,0.5818,2.5144
63.4438,0.4947,2.1372
63.4440,0.4902,2.1165
63.4442,0.488,2.1092
63.4444,0.4831,2.0869
63.4446,0.4818,2.0803
63.4448,0.4834,2.0866
63.4450,0.4962,2.1414
63.4452,0.5156,2.2294
63.4454,0.4766,2.0599
63.4456,0.4965,2.142
63.4458,0.5193,2.2413
63.4460,0.5167,2.2309
63.4462,0.5187,2.2387
63.4464,0.5375,2.3167
63.4466,0.5872,2.5295
63.4468,0.6567,2.8278
63.4470,0.662,2.8531
63.4472,0.6655,2.8641
63.4474,0.7802,3.3486
63.4476,0.8899,3.8231
63.4478,0.9006,3.8653
63.4480,0.9188,3.9417
63.4482,0.9344,4.003
63.4484,1.0109,4.3125
63.4486,1.3271,5.664
63.4488,1.3393,5.7135
63.4490,1.3111,5.6117
63.4492,1.1238,4.8123
63.4494,1.0825,4.6395
63.4496,1.0581,4.5331
63.4498,1.0578,4.5273
63.4500,1.0741,4.6035
63.4502,1.0499,4.4976
63.4504,1.1102,4.7582
63.4506,1.0791,4.6187
63.4508,1.0994,4.712
63.4510,1.1102,4.7649
63.4512,0.9526,4.0982
63.4514,0.8652,3.7187
63.4516,0.9211,3.9478
63.4518,1.1375,4.864
63.4520,1.2023,5.1577
63.4522,0.994,4.2642
63.4524,1.0258,4.378
63.4526,1.185,5.0813
63.4528,1.0193,4.3748
63.4530,1.032,4.4211
63.4532,1.1507,4.9319
63.4534,1.1195,4.7916
63.4536,1.2231,5.235
63.4538,1.1815,5.0569
63.4540,1.2085,5.17
63.4542,1.2427,5.3236
63.4544,1.1145,4.779
63.4546,1.1066,4.745
63.4548,1.2702,5.4443
63.4550,1.1414,4.8896
63.4552,1.0768,4.6218
63.4554,0.9524,4.0857
63.4556,1.0006,4.2965
63.4558,0.9993,4.2949
63.4560,0.9868,4.2393
63.4562,1.0065,4.3238
63.4564,0.9373,4.0266
63.4566,0.937,4.0236
63.4568,0.9186,3.9499
63.4570,0.9439,4.0549
63.4572,0.9722,4.1745
63.4574,0.965,4.1475
63.4576,0.9631,4.1411
63.4578,0.8783,3.7801
63.4580,0.8096,3.4877
63.4582,0.7999,3.4458
63.4584,0.8218,3.5338
63.4586,0.8747,3.7612
63.4588,0.8825,3.7929
63.4590,1.0175,4.3773
63.4592,0.9591,4.1145
63.4594,1.084,4.644
63.4596,1.0483,4.5119
63.4598,0.8989,3.8671
63.4600,0.9023,3.8834
63.4602,0.7822,3.3715
63.4604,0.7312,3.1513
63.4606,0.8003,3.4447
63.4608,0.8447,3.6373
63.4610,0.8218,3.5371
63.4612,0.861,3.7007
63.4614,0.9133,3.9272
63.4616,0.8801,3.7879
63.4618,0.7673,3.3115
63.4620,0.6876,2.9692
63.4622,0.684,2.951
63.4624,0.6641,2.8664
63.4626,0.6837,2.948
63.4628,0.7483,3.2237
63.4630,0.7168,3.0907
63.4632,0.6886,2.9679
63.4634,0.7518,3.2417
63.4636,0.69,2.9755
63.4638,0.6652,2.8698
63.4640,0.6736,2.9033
63.4642,0.7191,3.1006
63.4644,0.6918,2.9874
63.4646,0.5887,2.5421
63.4648,0.5825,2.5152
63.4650,0.5821,2.5125
63.4652,0.6209,2.6796
63.4654,0.6747,2.9133
63.4656,0.6266,2.7057
63.4658,0.6307,2.7208
63.4660,0.6673,2.8799
63.4662,0.6522,2.8121
63.4664,0.6459,2.7865
63.4666,0.68,2.9293
63.4668,0.7085,3.0537
63.4670,0.6543,2.8227
63.4672,0.6741,2.9067
63.4674,0.6982,3.0078
63.4676,0.7351,3.1625
63.4678,0.8211,3.5307
63.4680,0.8644,3.7134
63.4682,1.0182,4.358
63.4684,1.1481,4.9183
63.4686,1.1463,4.9221
63.4688,0.9452,4.07
63.4690,0.7605,3.2764
63.4692,0.7388,3.1844
63.4694,0.7357,3.1695
63.4696,0.7589,3.2677
63.4698,0.8008,3.4452
63.4700,0.8559,3.6836
63.4702,0.8938,3.8414
63.4704,0.9246,3.9775
63.4706,0.9049,3.8893
63.4708,0.9149,3.9321
63.4710,0.8743,3.7579
63.4712,0.8803,3.7854
63.4714,0.9273,3.9745
63.4716,1.1827,5.0644
63.4718,1.1328,4.8667
63.4720,0.9915,4.2574
63.4722,0.9651,4.1461
63.4724,0.9382,4.0288
63.4726,0.9061,3.9035
63.4728,0.7885,3.392
63.4730,0.8523,3.6682
63.4732,0.8133,3.5004
63.4734,0.933,4.008
63.4736,0.9384,4.0293
63.4738,0.934,4.022
63.4740,0.9013,3.8684
63.4742,0.9968,4.28
63.4744,0.9908,4.2642
63.4746,0.7689,3.308
63.4748,0.8375,3.6114
63.4750,0.8375,3.6114
63.4752,0.7095,3.0493
63.4754,0.8231,3.5493
63.4756,0.7421,3.1984
63.4758,0.7001,3.0119
63.4760,0.7625,3.2847
63.4762,0.7539,3.2465
63.4764,0.7875,3.3942
63.4766,0.7469,3.2145
63.4768,0.7774,3.3555
63.4770,0.7096,3.0569
63.4772,0.759,3.2712
63.4774,0.7294,3.1407
63.4776,0.7776,3.3513
63.4778,0.6953,2.9968
63.4780,0.6772,2.9228
63.4782,0.6474,2.7953
63.4784,0.6673,2.8772
63.4786,0.6878,2.9656
63.4788,0.6522,2.8134
63.4790,0.6381,2.7541
63.4792,0.6243,2.6934
63.4794,0.6147,2.6532
63.4796,0.5719,2.4719
63.4798,0.5792,2.5
63.4800,0.6531,2.8136
63.4802,0.7062,3.0424
63.4804,0.7294,3.1392
63.4806,0.8103,3.4843
63.4808,0.8879,3.809
63.4810,0.9477,4.0676
63.4812,0.9283,3.9972
63.4814,0.8218,3.5338
63.4816,0.8932,3.837
63.4818,1.0381,4.4639
63.4820,0.8677,3.7278
63.4822,1.0007,4.289
63.4824,1.1211,4.8072
63.4826,1.1536,4.9419
63.4828,1.1595,4.9532
63.4830,1.24,5.3098
63.4832,1.1485,4.9066
63.4834,1.2017,5.1575
63.4836,1.1634,4.9817
63.4838,1.1629,4.9681
63.4840,1.2981,5.5531
63.4842,1.2677,5.4284
63.4844,1.2386,5.3012
63.4846,1.2224,5.2344
63.4848,1.2574,5.3843
63.4850,1.2307,5.2722
63.4852,1.1557,4.9558
63.4854,1.106,4.7491
63.4856,1.0025,4.3108
63.4858,0.9887,4.2495
63.4860,0.9711,4.1738
63.4862,0.9266,3.9826
63.4864,0.9513,4.0887
63.4866,0.9611,4.1367
63.4868,0.9084,3.9079
63.4870,0.9171,3.9437
63.4872,0.9731,4.1825
63.4874,0.9376,4.0281
63.4876,1.0402,4.4664
63.4878,1.0448,4.4907
63.4880,0.9175,3.9507
63.4882,0.8386,3.6077
63.4884,0.9086,3.9053
63.4886,0.9801,4.2085
63.4888,0.9879,4.2479
63.4890,0.9238,3.9763
63.4892,0.8997,3.8725
63.4894,0.8674,3.7332
63.4896,0.8593,3.6952
63.4898,0.8843,3.7918
63.4900,1.111,4.764
63.4902,1.1729,5.0247
63.4904,1.1157,4.7975
63.4906,0.9526,4.0963
63.4908,0.955,4.1085
63.4910,0.8997,3.8779
63.4912,0.7548,3.2546
63.4914,0.7101,3.0604
63.4916,0.7348,3.1683
63.4918,0.7075,3.0523
63.4920,0.7026,3.0311
63.4922,0.7324,3.1594
63.4924,0.7899,3.4046
63.4926,0.8031,3.4614
63.4928,0.7656,3.2996
63.4930,0.7623,3.2872
63.4932,0.7297,3.1451
63.4934,0.7585,3.2707
63.4936,0.6964,3.0056
63.4938,0.6906,2.9822
63.4940,0.6885,2.9701
63.4942,0.7339,3.1617
63.4944,0.6875,2.9701
63.4946,0.5953,2.5753
63.4948,0.5042,2.1801
63.4950,0.4941,2.1346
63.4952,0.5398,2.3352
63.4954,0.5308,2.2963
63.4956,0.5264,2.276
63.4958,0.5304,2.2926
63.4960,0.5382,2.3274
63.4962,0.5316,2.2988
63.4964,0.5392,2.3294
63.4966,0.5472,2.3619
63.4968,0.5496,2.3755
63.4970,0.5551,2.3994
63.4972,0.6038,2.6049
63.4974,0.6749,2.9063
63.4976,0.7243,3.1248
63.4978,0.662,2.8571
63.4980,0.6567,2.8343
63.4982,0.582,2.5143
63.4984,0.5498,2.3749
63.4986,0.5504,2.3786
63.4988,0.5519,2.3843
63.4990,0.5948,2.5685
63.4992,0.6356,2.7433
63.4994,0.6388,2.7534
63.4996,0.6743,2.9091
63.4998,0.653,2.817
63.5000,0.6632,2.8583
63.5002,0.6494,2.8028
63.5004,0.5604,2.4222
63.5006,0.5505,2.3791
63.5008,0.5532,2.3877
63.5010,0.5939,2.5584
63.5012,0.6729,2.9029
63.5014,0.5641,2.436
63.5016,0.5458,2.3589
63.5018,0.5484,2.3703
63.5020,0.5562,2.4029
63.5022,0.5608,2.4215
63.5024,0.5496,2.3744
63.5026,0.5501,2.3754
63.5028,0.5531,2.3883
63.5030,0.5893,2.54
63.5032,0.6775,2.9171
63.5034,0.726,3.1291
63.5036,0.671,2.8932
63.5038,0.6517,2.81
63.5040,0.6602,2.8467
63.5042,0.6615,2.8498
63.5044,0.7182,3.0926
63.5046,0.7621,3.277
63.5048,0.7675,3.3018
63.5050,0.7894,3.3977
63.5052,0.7962,3.4203
63.5054,0.8501,3.6555
63.5056,0.8741,3.7498
63.5058,0.9434,4.0623
63.5060,0.7809,3.3642
63.5062,0.7101,3.0561
63.5064,0.7127,3.0675
63.5066,0.6904,2.9756
63.5068,0.6849,2.9532
63.5070,0.7041,3.0331
63.5072,0.712,3.0686
63.5074,0.6767,2.9194
63.5076,0.6812,2.9358
63.5078,0.7031,3.0262
63.5080,0.6993,3.0111
63.5082,0.7234,3.112
63.5084,0.7915,3.4034
63.5086,0.836,3.598
63.5088,0.8038,3.4581
63.5090,0.801,3.4441
63.5092,0.7742,3.3322
63.5094,0.7085,3.0522
63.5096,0.6575,2.8353
63.5098,0.5911,2.5513
63.5100,0.6381,2.7439
63.5102,0.8585,3.6881
63.5104,0.9289,3.9961
63.5106,0.7493,3.2339
63.5108,0.6167,2.659
63.5110,0.6573,2.8317
63.5112,0.6652,2.8658
63.5114,0.6352,2.7417
63.5116,0.5229,2.26
63.5118,0.5007,2.1641
63.5120,0.5036,2.1755
63.5122,0.5098,2.2024
63.5124,0.4951,2.1377
63.5126,0.4987,2.1533
63.5128,0.5041,2.1766
63.5130,0.5344,2.3054
63.5132,0.6044,2.6027
63.5134,0.6737,2.8997
63.5136,0.7715,3.3234
63.5138,0.7213,3.1003
63.5140,0.7813,3.3611
63.5142,0.8183,3.5188
63.5144,0.8439,3.6253
63.5146,0.8683,3.7286
63.5148,0.9391,4.0268
63.5150,0.9488,4.076
63.5152,0.8788,3.7787
63.5154,0.8831,3.7884
63.5156,0.9509,4.0758
63.5158,0.99,4.2473
63.5160,0.9463,4.0595
63.5162,0.9682,4.1517
63.5164,0.988,4.2405
63.5166,0.9609,4.1242
63.5168,0.9722,4.1706
63.5170,1.0337,4.4283
63.5172,1.075,4.6098
63.5174,1.0779,4.62
63.5176,1.099,4.7038
63.5178,1.112,4.7659
63.5180,1.0367,4.4411
63.5182,1.0446,4.4834
63.5184,0.9826,4.2193
63.5186,0.9687,4.1596
63.5188,0.9946,4.2708
63.5190,0.9822,4.2177
63.5192,0.9908,4.2543
63.5194,0.9591,4.1145
63.5196,1.0024,4.3022
63.5198,0.9611,4.1348
63.5200,0.8896,3.8233
63.5202,0.887,3.8125
63.5204,0.8848,3.8027
63.5206,0.8782,3.7726
63.5208,0.9532,4.0874
63.5210,1.0622,4.5505
63.5212,1.024,4.401
63.5214,0.9639,4.1409
63.5216,0.985,4.2316
63.5218,0.9194,3.9498
63.5220,0.9197,3.9582
63.5222,0.8616,3.6998
63.5224,0.9312,3.9966
63.5226,0.9557,4.1021
63.5228,0.9854,4.2351
63.5230,0.9301,4.0012
63.5232,0.9114,3.9171
63.5234,0.9408,4.0396
63.5236,0.9393,4.0353
63.5238,0.8562,3.6886
63.5240,0.7826,3.3683
63.5242,0.787,3.3859
63.5244,0.8783,3.7784
63.5246,0.8804,3.7894
63.5248,0.8119,3.4942
63.5250,0.7816,3.3689
63.5252,0.7607,3.2769
63.5254,0.786,3.3828
63.5256,0.7833,3.3714
63.5258,0.8061,3.4711
63.5260,0.7843,3.3834
63.5262,0.6734,2.9063
63.5264,0.6549,2.8213
63.5266,0.7186,3.0956
63.5268,0.731,3.1537
63.5270,0.6915,2.9775
63.5272,0.727,3.1332
63.5274,0.7264,3.1263
63.5276,0.7734,3.3332
63.5278,0.7574,3.2675
63.5280,0.7248,3.1225
63.5282,0.7222,3.1097
63.5284,0.7801,3.3559
63.5286,0.8113,3.4965
63.5288,0.7759,3.3394
63.5290,0.8135,3.4998
63.5292,0.8077,3.4778
63.5294,0.7826,3.3746
63.5296,0.7454,3.2098
63.5298,0.7539,3.242
63.5300,0.823,3.5439
63.5302,0.8073,3.473
63.5304,0.8054,3.4648
63.5306,0.8,3.4416
63.5308,0.818,3.5238
63.5310,0.7821,3.3757
63.5312,0.6665,2.8754
63.5314,0.6662,2.8686
63.5316,0.8116,3.4835
63.5318,1.0055,4.3156
63.5320,0.9688,4.1717
63.5322,0.7468,3.22
63.5324,0.6484,2.7947
63.5326,0.6394,2.7598
63.5328,0.6406,2.765
63.5330,0.6406,2.7624
63.5332,0.6749,2.9049
63.5334,0.7685,3.309
63.5336,0.7499,3.2334
63.5338,0.6601,2.8475
63.5340,0.633,2.7319
63.5342,0.6289,2.7118
63.5344,0.6246,2.6932
63.5346,0.6217,2.6832
63.5348,0.626,2.7006
63.5350,0.6276,2.7061
63.5352,0.6247,2.6924
63.5354,0.6277,2.7079
63.5356,0.6257,2.6991
63.5358,0.6261,2.7024
63.5360,0.6258,2.6996
63.5362,0.6394,2.7534
63.5364,0.711,3.0602
63.5366,0.7645,3.2889
63.5368,0.7807,3.3632
63.5370,0.751,3.2336
63.5372,0.7649,3.292
63.5374,0.7559,3.2517
63.5376,0.7598,3.2688
63.5378,0.8223,3.5342
63.5380,0.8969,3.8476
63.5382,0.9581,4.1104
63.5384,0.9643,4.1309
63.5386,1.0029,4.3083
63.5388,0.873,3.7574
63.5390,0.8325,3.583
63.5392,0.8265,3.5556
63.5394,0.8315,3.5722
63.5396,0.8969,3.8565
63.5398,0.8897,3.8221
63.5400,0.888,3.8202
63.5402,0.8036,3.4554
63.5404,0.8134,3.501
63.5406,0.7715,3.3234
63.5408,0.7993,3.4401
63.5410,0.8804,3.7824
63.5412,0.8807,3.7869
63.5414,0.7959,3.424
63.5416,0.8213,3.5252
63.5418,0.9151,3.9331
63.5420,0.8692,3.7374
63.5422,0.8379,3.6113
63.5424,0.7236,3.1188
63.5426,0.7104,3.0648
63.5428,0.6103,2.6353
63.5430,0.5876,2.5351
63.5432,0.6436,2.7702
63.5434,0.7556,3.2583
63.5436,0.655,2.8245
63.5438,0.6183,2.6687
63.5440,0.5808,2.5056
63.5442,0.5964,2.5729
63.5444,0.6105,2.6314
63.5446,0.6577,2.8372
63.5448,0.5687,2.4579
63.5450,0.504,2.1761
63.5452,0.5334,2.3045
63.5454,0.4821,2.0838
63.5456,0.4866,2.1039
63.5458,0.5173,2.2346
63.5460,0.5117,2.2097
63.5462,0.5004,2.1605
63.5464,0.5276,2.277
63.5466,0.6212,2.6787
63.5468,0.6346,2.7353
63.5470,0.6597,2.8354
63.5472,0.8236,3.5415
63.5474,0.8664,3.7221
63.5476,0.9181,3.9423
63.5478,0.9381,4.0226
63.5480,0.9681,4.1512
63.5482,0.949,4.0713
63.5484,0.9543,4.0863
63.5486,1.1041,4.7232
63.5488,1.1356,4.8672
63.5490,1.1234,4.8148
63.5492,1.0932,4.6809
63.5494,1.0784,4.6242
63.5496,1.056,4.5238
63.5498,1.0858,4.6539
63.5500,1.0611,4.5438
63.5502,1.0983,4.7073
63.5504,1.1264,4.8186
63.5506,1.2128,5.1884
63.5508,1.2033,5.1503
63.5510,1.2125,5.182
63.5512,1.2382,5.2996
63.5514,1.1987,5.1447
63.5516,1.0586,4.5372
63.5518,1.2073,5.1576
63.5520,1.3922,5.9447
63.5522,1.3867,5.9377
63.5524,1.1903,5.1015
63.5526,1.1706,5.0149
63.5528,1.1414,4.8941
63.5530,1.0302,4.4175
63.5532,1.0785,4.629
63.5534,1.0544,4.5235
63.5536,1.0592,4.5441
63.5538,1.0203,4.3891
63.5540,0.9113,3.9148
63.5542,0.9139,3.9298
63.5544,0.9138,3.9311
63.5546,0.8752,3.765
63.5548,0.9128,3.9251
63.5550,0.9677,4.1593
63.5552,0.9571,4.1154
63.5554,0.8731,3.7545
63.5556,0.8579,3.6958
63.5558,0.8017,3.4504
63.5560,0.8115,3.4959
63.5562,0.7741,3.3348
63.5564,0.7773,3.3503
63.5566,0.7658,3.2991
63.5568,0.7996,3.4368
63.5570,0.9023,3.8834
63.5572,0.8225,3.5435
63.5574,0.8241,3.5403
63.5576,0.9426,4.0568
63.5578,0.888,3.8219
63.5580,0.8651,3.7199
63.5582,0.8476,3.6497
63.5584,0.8343,3.5857
63.5586,0.8857,3.8121
63.5588,0.8155,3.5146
63.5590,0.7573,3.2625
63.5592,0.7225,3.1127
63.5594,0.7471,3.223
63.5596,0.6954,3.0001
63.5598,0.687,2.957
63.5600,0.7673,3.3069
63.5602,0.7014,3.0274
63.5604,0.6129,2.6467
63.5606,0.5938,2.5638
63.5608,0.614,2.6489
63.5610,0.678,2.9237
63.5612,0.7313,3.1504
63.5614,0.7077,3.0571
63.5616,0.5357,2.3165
63.5618,0.5185,2.2408
63.5620,0.6023,2.5982
63.5622,0.6224,2.6876
63.5624,0.5833,2.5211
63.5626,0.5578,2.4096
63.5628,0.5551,2.3971
63.5630,0.5603,2.4205
63.5632,0.5891,2.5413
63.5634,0.6336,2.7357
63.5636,0.5686,2.4528
63.5638,0.618,2.6647
63.5640,0.6117,2.644
63.5642,0.5536,2.3904
63.5644,0.5436,2.3463
63.5646,0.5747,2.4827
63.5648,0.5464,2.3582
63.5650,0.5589,2.4132
63.5652,0.5562,2.4029
63.5654,0.5475,2.364
63.5656,0.5447,2.3521
63.5658,0.5424,2.3444
63.5660,0.5496,2.3733
63.5662,0.5355,2.3122
63.5664,0.5288,2.2843
63.5666,0.5288,2.2853
63.5668,0.5385,2.3241
63.5670,0.5496,2.37
63.5672,0.5978,2.5803
63.5674,0.6043,2.6046
63.5676,0.6498,2.7991
63.5678,0.6881,2.9658
63.5680,0.6899,2.9722
63.5682,0.6858,2.9532
63.5684,0.6846,2.9467
63.5686,0.692,2.981
63.5688,0.7251,3.1235
63.5690,0.7394,3.187
63.5692,0.6792,2.9276
63.5694,0.6703,2.8861
63.5696,0.7368,3.1741
63.5698,0.751,3.2306
63.5700,0.7688,3.3074
63.5702,0.7888,3.392
63.5704,0.8011,3.443
63.5706,0.7992,3.4427
63.5708,0.7114,3.0661
63.5710,0.7127,3.066
63.5712,0.8417,3.6143
63.5714,0.9306,3.994
63.5716,0.9125,3.9163
63.5718,0.9346,4.0077
63.5720,0.9711,4.166
63.5722,0.9629,4.1387
63.5724,0.8405,3.621
63.5726,0.683,2.9422
63.5728,0.6505,2.8048
63.5730,0.6742,2.9059
63.5732,0.7589,3.2601
63.5734,0.8224,3.538
63.5736,0.78,3.357
63.5738,0.7629,3.2837
63.5740,0.7946,3.4088
63.5742,0.9716,4.1719
63.5744,0.9556,4.1015
63.5746,0.9005,3.8756
63.5748,0.7839,3.374
63.5750,0.7254,3.1251
63.5752,0.7126,3.0698
63.5754,0.6866,2.9605
63.5756,0.6183,2.6687
63.5758,0.6102,2.6336
63.5760,0.6393,2.7555
63.5762,0.7144,3.0761
63.5764,0.6797,2.9323
63.5766,0.6066,2.6168
63.5768,0.5775,2.4934
63.5770,0.5122,2.2118
63.5772,0.5406,2.3345
63.5774,0.5604,2.4222
63.5776,0.4975,2.1481
63.5778,0.5018,2.1667
63.5780,0.5556,2.3959
63.5782,0.6265,2.6989
63.5784,0.6357,2.7387
63.5786,0.6369,2.7502
63.5788,0.5248,2.2672
63.5790,0.5179,2.2372
63.5792,0.5114,2.2061
63.5794,0.5535,2.3877
63.5796,0.5998,2.5861
63.5798,0.6487,2.7919
63.5800,0.7212,3.1027
63.5802,0.7688,3.3013
63.5804,0.8397,3.6089
63.5806,0.8201,3.5315
63.5808,0.7571,3.2508
63.5810,0.865,3.7125
63.5812,0.887,3.8107
63.5814,0.909,3.8995
63.5816,0.9605,4.1207
63.5818,1.0027,4.2978
63.5820,0.9547,4.0955
63.5822,1.0043,4.3045
63.5824,1.0764,4.6133
63.5826,1.0804,4.6265
63.5828,1.1002,4.7112
63.5830,1.1003,4.7117
63.5832,1.1007,4.711
63.5834,1.1225,4.8067
63.5836,1.1159,4.7762
63.5838,1.1399,4.8857
63.5840,1.0663,4.5723
63.5842,1.0527,4.51
63.5844,1.1098,4.7522
63.5846,1.1259,4.8255
63.5848,1.0119,4.3429
63.5850,0.9314,4.0032
63.5852,0.8864,3.8117
63.5854,0.8959,3.8506
63.5856,0.9229,3.961
63.5858,0.99,4.2492
63.5860,1.0029,4.3023
63.5862,1.0037,4.3099
63.5864,0.9423,4.0501
63.5866,0.9032,3.8821
63.5868,0.9234,3.9631
63.5870,1.0187,4.3682
63.5872,1.0256,4.4041
63.5874,0.9663,4.1454
63.5876,0.9864,4.2299
63.5878,0.9969,4.2746
63.5880,1.0073,4.3173
63.5882,1.002,4.2987
63.5884,1.0609,4.5513
63.5886,1.0747,4.6104
63.5888,1.0658,4.5787
63.5890,0.9656,4.1481
63.5892,0.9573,4.1145
63.5894,0.9116,3.9181
63.5896,0.9279,3.9864
63.5898,0.9066,3.9001
63.5900,0.8762,3.7696
63.5902,0.8842,3.8019
63.5904,0.8792,3.7772
63.5906,0.931,3.9979
63.5908,0.9319,4.0034
63.5910,0.9001,3.8687
63.5912,0.9349,4.0162
63.5914,0.9512,4.0863
63.5916,0.9509,4.0815
63.5918,1.0049,4.313
63.5920,1.0421,4.4747
63.5922,0.978,4.1958
63.5924,0.9655,4.1476
63.5926,0.9017,3.879
63.5928,0.8513,3.6691
63.5930,0.7501,3.2345
63.5932,0.8247,3.5346
63.5934,1.0806,4.6399
63.5936,0.9649,4.1566
63.5938,0.7694,3.3208
63.5940,0.6626,2.8584
63.5942,0.5863,2.5341
63.5944,0.58,2.5031
63.5946,0.6143,2.6524
63.5948,0.5968,2.5744
63.5950,0.6406,2.765
63.5952,0.6301,2.7207
63.5954,0.6271,2.7053
63.5956,0.6255,2.6985
63.5958,0.6286,2.7145
63.5960,0.6321,2.7295
63.5962,0.6276,2.7098
63.5964,0.6292,2.7108
63.5966,0.7155,3.0851
63.5968,0.6892,2.9732
63.5970,0.6984,3.0102
63.5972,0.6489,2.7981
63.5974,0.634,2.7353
63.5976,0.633,2.7319
63.5978,0.6376,2.7508
63.5980,0.6375,2.7477
63.5982,0.709,3.05
63.5984,0.8036,3.457
63.5986,0.755,3.2557
63.5988,0.6637,2.8617
63.5990,0.6529,2.8152
63.5992,0.6459,2.7865
63.5994,0.6438,2.7746
63.5996,0.7098,3.0565
63.5998,0.7607,3.2724
63.6000,0.83,3.5738
63.6002,0.7328,3.16
63.6004,0.6679,2.8771
63.6006,0.7204,3.1019
63.6008,0.6982,3.012
63.6010,0.6396,2.7578
63.6012,0.6273,2.7076
63.6014,0.6195,2.6739
63.6016,0.623,2.6889
63.6018,0.6264,2.6997
63.6020,0.6392,2.7562
63.6022,0.6349,2.7376
63.6024,0.6398,2.7563
63.6026,0.6986,3.0108
63.6028,0.7278,3.1354
63.6030,0.7327,3.1522
63.6032,0.7542,3.24
63.6034,0.8282,3.5661
63.6036,0.7435,3.2031
63.6038,0.7406,3.1862
63.6040,0.7772,3.3467
63.6042,0.8027,3.4518
63.6044,0.8974,3.8514
63.6046,0.9601,4.1187
63.6048,0.9914,4.2569
63.6050,0.9819,4.2201
63.6052,0.8669,3.7277
63.6054,0.805,3.4681
63.6056,0.7332,3.1616
63.6058,0.7089,3.0481
63.6060,0.7909,3.4024
63.6062,0.8276,3.5652
63.6064,0.7758,3.3358
63.6066,0.838,3.6017
63.6068,0.8183,3.5238
63.6070,0.7739,3.3307
63.6072,0.7828,3.3741
63.6074,0.753,3.2394
63.6076,0.8246,3.5473
63.6078,0.8609,3.7002
63.6080,0.8689,3.7399
63.6082,0.8129,3.4924
63.6084,0.8538,3.6715
63.6086,0.8445,3.6363
63.6088,0.8167,3.5165
63.6090,0.805,3.4632
63.6092,0.812,3.4964
63.6094,0.7053,3.0425
63.6096,0.6122,2.6411
63.6098,0.6451,2.7738
63.6100,0.8213,3.535
63.6102,0.7125,3.0764
63.6104,0.6109,2.6379
63.6106,0.6297,2.7154
63.6108,0.634,2.7353
63.6110,0.6342,2.7383
63.6112,0.5692,2.4577
63.6114,0.4994,2.1564
63.6116,0.4946,2.1367
63.6118,0.4983,2.1537
63.6120,0.5071,2.1905
63.6122,0.505,2.1817
63.6124,0.4923,2.1258
63.6126,0.5394,2.3293
63.6128,0.5249,2.2688
63.6130,0.5048,2.1787
63.6132,0.5414,2.3333
63.6134,0.6553,2.819
63.6136,0.8066,3.4651
63.6138,0.838,3.6068
63.6140,0.7971,3.4308
63.6142,0.8069,3.4666
63.6144,0.8506,3.6558
63.6146,0.8368,3.5966
63.6148,0.9743,4.1721
63.6150,1.1668,4.9891
63.6152,1.2199,5.226
63.6154,1.1268,4.8274
63.6156,1.0878,4.6665
63.6158,1.0171,4.3655
63.6160,1.0074,4.3198
63.6162,1.0163,4.3579
63.6164,1.0415,4.4638
63.6166,1.0724,4.5963
63.6168,1.0765,4.6117
63.6170,1.1478,4.9081
63.6172,1.1933,5.112
63.6174,1.1869,5.0847
63.6176,1.1597,4.9658
63.6178,1.1714,5.0161
63.6180,1.1238,4.8191
63.6182,1.0282,4.417
63.6184,1.0197,4.3743
63.6186,1.0493,4.5014
63.6188,1.0472,4.4884
63.6190,1.0826,4.6465
63.6192,1.0514,4.5064
63.6194,1.0994,4.712
63.6196,1.0605,4.554
63.6198,0.9915,4.2594
63.6200,1.0072,4.3248
63.6202,0.9888,4.2441
63.6204,1.0031,4.3033
63.6206,1.0114,4.3449
63.6208,0.926,3.9837
63.6210,0.8848,3.8045
63.6212,0.8735,3.7578
63.6214,0.8771,3.7697
63.6216,0.9268,3.978
63.6218,1.0224,4.3861
63.6220,1.0265,4.4118
63.6222,0.9238,3.9707
63.6224,0.9394,4.0377
63.6226,0.9303,4.0023
63.6228,0.9068,3.903
63.6230,0.8668,3.7271
63.6232,0.8806,3.79
63.6234,0.9101,3.9114
63.6236,0.9568,4.1105
63.6238,0.9402,4.0464
63.6240,0.826,3.5584
63.6242,0.8225,3.5402
63.6244,0.8512,3.6652
63.6246,0.7745,3.3394
63.6248,0.7297,3.1437
63.6250,0.7716,3.3255
63.6252,0.7349,3.1673
63.6254,0.7141,3.0794
63.6256,0.6869,2.9661
63.6258,0.6077,2.6251
63.6260,0.6147,2.6545
63.6262,0.6261,2.6974
63.6264,0.7797,3.3528
63.6266,0.8277,3.5673
63.6268,0.7035,3.0404
63.6270,0.5504,2.3797
63.6272,0.5882,2.5389
63.6274,0.6621,2.8563
63.6276,0.6777,2.9236
63.6278,0.6788,2.9269
63.6280,0.6748,2.9084
63.6282,0.6697,2.8876
63.6284,0.6784,2.9267
63.6286,0.7031,3.0304
63.6288,0.7181,3.0921
63.6290,0.7862,3.3807
63.6292,0.8308,3.5824
63.6294,0.7163,3.0901
63.6296,0.7234,3.1105
63.6298,0.8315,3.5789
63.6300,0.7842,3.3766
63.6302,0.7084,3.0503
63.6304,0.696,3.0013
63.6306,0.683,2.9463
63.6308,0.6908,2.9786
63.6310,0.7075,3.0523
63.6312,0.5969,2.5773
63.6314,0.5634,2.434
63.6316,0.5563,2.4023
63.6318,0.5692,2.4566
63.6320,0.5646,2.4369
63.6322,0.5567,2.405
63.6324,0.5572,2.4082
63.6326,0.554,2.3908
63.6328,0.6574,2.8361
63.6330,0.5855,2.5293
63.6332,0.549,2.3685
63.6334,0.5471,2.3603
63.6336,0.5513,2.3784
63.6338,0.605,2.6101
63.6340,0.6069,2.6196
63.6342,0.5534,2.3894
63.6344,0.5495,2.3728
63.6346,0.5487,2.3648
63.6348,0.7107,3.0544
63.6350,0.8623,3.7081
63.6352,0.785,3.3849
63.6354,0.5795,2.5011
63.6356,0.5597,2.4157
63.6358,0.6123,2.6392
63.6360,0.6386,2.7511
63.6362,0.6623,2.8547
63.6364,0.7086,3.0528
63.6366,0.6831,2.9427
63.6368,0.6717,2.895
63.6370,0.667,2.8748
63.6372,0.6573,2.8343
63.6374,0.658,2.8361
63.6376,0.685,2.9483
63.6378,0.7393,3.1806
63.6380,0.767,3.2966
63.6382,0.8267,3.55
63.6384,0.8939,3.8383
63.6386,0.8583,3.6854
63.6388,0.9061,3.8944
63.6390,0.8271,3.5598
63.6392,0.796,3.4293
63.6394,0.7149,3.0782
63.6396,0.7258,3.1237
63.6398,0.803,3.4528
63.6400,0.8884,3.8146
63.6402,0.9159,3.9349
63.6404,0.826,3.5568
63.6406,0.752,3.2382
63.6408,0.7279,3.133
63.6410,0.7599,3.2708
63.6412,0.756,3.2583
63.6414,0.6898,2.9717
63.6416,0.6572,2.8351
63.6418,0.6017,2.5968
63.6420,0.588,2.5378
63.6422,0.5751,2.4796
63.6424,0.6146,2.6552
63.6426,0.5109,2.2061
63.6428,0.5181,2.232
63.6430,0.6276,2.7111
63.6432,0.5036,2.1745
63.6434,0.4872,2.1065
63.6436,0.4891,2.1148
63.6438,0.4916,2.1227
63.6440,0.5006,2.1616
63.6442,0.5469,2.3625
63.6444,0.5143,2.2206
63.6446,0.492,2.1243
63.6448,0.4945,2.1361
63.6450,0.5224,2.2558
63.6452,0.5277,2.2786
63.6454,0.4914,2.1227
63.6456,0.4874,2.1056
63.6458,0.4977,2.1481
63.6460,0.5224,2.2537
63.6462,0.5512,2.3778
63.6464,0.5679,2.4429
63.6466,0.7037,3.0288
63.6468,0.7493,3.2234
63.6470,0.7241,3.115
63.6472,0.7722,3.3203
63.6474,0.8282,3.5578
63.6476,0.8474,3.6368
63.6478,0.9198,3.9495
63.6480,0.9192,3.9451
63.6482,0.9599,4.1143
63.6484,0.9918,4.253
63.6486,0.9975,4.2732
63.6488,1.1049,4.7312
63.6490,1.1252,4.8202
63.6492,1.1019,4.7206
63.6494,1.0951,4.6913
63.6496,1.0964,4.6947
63.6498,1.1144,4.7651
63.6500,1.1125,4.7635
63.6502,1.1545,4.9368
63.6504,1.2478,5.3357
63.6506,1.186,5.0735
63.6508,1.1964,5.1182
63.6510,1.1754,5.0331
63.6512,1.1592,4.9615
63.6514,1.1735,5.0225
63.6516,1.2018,5.1436
63.6518,1.2119,5.1843
63.6520,1.2286,5.2561
63.6522,1.2135,5.1915
63.6524,1.247,5.3346
63.6526,1.2294,5.2666
63.6528,1.0387,4.4603
63.6530,0.978,4.2076
63.6532,0.8718,3.7488
63.6534,0.8905,3.831
63.6536,0.8917,3.8326
63.6538,0.941,4.0369
63.6540,0.9892,4.2516
63.6542,0.903,3.881
63.6544,0.9192,3.9451
63.6546,0.9518,4.087
63.6548,0.9953,4.2719
63.6550,1.031,4.4252
63.6552,0.9819,4.2142
63.6554,0.942,4.0466
63.6556,0.895,3.8501
63.6558,0.886,3.8114
63.6560,0.8727,3.7507
63.6562,0.8677,3.7226
63.6564,1.0758,4.6107
63.6566,1.1637,4.9758
63.6568,1.1932,5.1234
63.6570,1.0096,4.3372
63.6572,1.0357,4.4474
63.6574,1.0001,4.2965
63.6576,0.994,4.2702
63.6578,0.9264,3.9834
63.6580,0.9261,3.9824
63.6582,0.9434,4.0547
63.6584,0.8985,3.8674
63.6586,0.8484,3.6533
63.6588,0.7795,3.3627
63.6590,0.6988,3.0146
63.6592,0.7334,3.1611
63.6594,0.7464,3.2185
63.6596,0.7632,3.2817
63.6598,0.8253,3.557
63.6600,0.7471,3.2201
63.6602,0.7345,3.1643
63.6604,0.6965,3.0006
63.6606,0.7307,3.1493
63.6608,0.7464,3.2214
63.6610,0.7123,3.0716
63.6612,0.693,2.9939
63.6614,0.6144,2.648
63.6616,0.6862,2.9603
63.6618,0.7205,3.1039
63.6620,0.7505,3.2375
63.6622,0.6512,2.8092
63.6624,0.7027,3.0317
63.6626,0.6422,2.7717
63.6628,0.6839,2.9477
63.6630,0.7179,3.0911
63.6632,0.7627,3.2857
63.6634,0.7152,3.0855
63.6636,0.6211,2.6807
63.6638,0.6157,2.6561
63.6640,0.6116,2.641
63.6642,0.6102,2.6348
63.6644,0.6151,2.6523
63.6646,0.6253,2.6963
63.6648,0.6908,2.9772
63.6650,0.7346,3.1648
63.6652,0.7547,3.2511
63.6654,0.7369,3.1747
63.6656,0.7243,3.1204
63.6658,0.7331,3.1581
63.6660,0.7396,3.1831
63.6662,0.8158,3.5096
63.6664,0.8939,3.8437
63.6666,0.8084,3.4809
63.6668,0.7589,3.2662
63.6670,0.809,3.4802
63.6672,0.8221,3.5365
63.6674,0.8313,3.5779
63.6676,0.8321,3.5815
63.6678,0.8472,3.638
63.6680,0.9013,3.872
63.6682,0.9161,3.9372
63.6684,0.8604,3.7033
63.6686,0.8182,3.5216
63.6688,0.8262,3.5545
63.6690,0.8198,3.525
63.6692,0.8245,3.5468
63.6694,0.8634,3.711
63.6696,0.9102,3.9083
63.6698,0.8821,3.7931
63.6700,0.8274,3.5597
63.6702,0.8759,3.7663
63.6704,0.9129,3.9202
63.6706,0.9053,3.889
63.6708,0.9571,4.1096
63.6710,1.0195,4.3697
63.6712,1.0318,4.4324
63.6714,0.8972,3.8599
63.6716,0.8734,3.7572
63.6718,0.8795,3.78
63.6720,0.8628,3.717
63.6722,0.7884,3.3947
63.6724,0.8012,3.4451
63.6726,0.8345,3.5834
63.6728,0.984,4.2196
63.6730,1.0743,4.6089
63.6732,1.0989,4.7055
63.6734,1.1756,5.0365
63.6736,1.1619,4.9797
63.6738,1.1669,4.9943
63.6740,1.1916,5.1
63.6742,1.1704,5.0162
63.6744,1.0704,4.594
63.6746,1.0712,4.5955
63.6748,0.9947,4.2773
63.6750,0.9139,3.9261
63.6752,0.9755,4.1909
63.6754,0.9845,4.2256
63.6756,0.9872,4.2329
63.6758,1.1385,4.8636
63.6760,1.3834,5.9017
63.6762,1.499,6.4038
63.6764,1.3192,5.6513
63.6766,1.1304,4.8451
63.6768,1.1234,4.8305
63.6770,1.0069,4.3198
63.6772,1.0788,4.6301
63.6774,1.0195,4.3779
63.6776,0.9721,4.1837
63.6778,0.8257,3.5635
63.6780,0.6945,2.9987
63.6782,0.6402,2.7681
63.6784,0.5592,2.4114
63.6786,0.7304,3.1526
63.6788,0.6698,2.8841
63.6790,0.6742,2.9139
63.6792,0.6278,2.7096
63.6794,0.7529,3.2373
63.6796,0.8993,3.8705
63.6798,0.8069,3.4731
63.6800,0.878,3.7791
63.6802,0.8932,3.8388
63.6804,0.9754,4.1904
63.6806,1.0078,4.3294
63.6808,0.9816,4.2211
63.6810,0.9001,3.8741
63.6812,0.9062,3.9004
63.6814,0.8601,3.7017
63.6816,0.9411,4.0374
63.6818,1.0639,4.5662
63.6820,1.0818,4.6451
63.6822,1.0638,4.5657
63.6824,1.0364,4.4525
63.6826,1.0267,4.4088
63.6828,1.0741,4.6078
63.6830,1.0519,4.5169
63.6832,1.0563,4.5317
63.6834,1.1181,4.7921
63.6836,1.0996,4.7174
63.6838,1.0938,4.6922
63.6840,1.1225,4.8201
63.6842,1.092,4.6867
63.6844,1.0869,4.6651
63.6846,1.0706,4.5951
63.6848,1.1086,4.7515
63.6850,1.109,4.7597
63.6852,1.0665,4.5776
63.6854,1.1441,4.9082
63.6856,1.1087,4.7676
63.6858,1.0439,4.4845
63.6860,1.0164,4.3686
63.6862,0.9927,4.2665
63.6864,0.9768,4.2043
63.6866,0.9533,4.0994
63.6868,0.9599,4.1258
63.6870,0.9912,4.2623
63.6872,1.0267,4.4129
63.6874,1.0372,4.4556
63.6876,1.0139,4.3577
63.6878,0.9469,4.0753
63.6880,0.9339,4.0177
63.6882,0.9241,3.9828
63.6884,0.8327,3.589
63.6886,0.8032,3.4619
63.6888,0.7899,3.4046
63.6890,0.8623,3.7132
63.6892,0.8755,3.7665
63.6894,0.9035,3.8849
63.6896,0.867,3.7334
63.6898,0.9195,3.9558
63.6900,0.9635,4.1471
63.6902,0.9664,4.1517
63.6904,0.9893,4.2541
63.6906,0.9767,4.2058
63.6908,0.856,3.6842
63.6910,0.8741,3.7603
63.6912,0.9084,3.9097
63.6914,0.8598,3.699
63.6916,0.9304,4.0084
63.6918,0.8565,3.6879
63.6920,0.8197,3.5278
63.6922,0.8555,3.6906
63.6924,0.7832,3.3787
63.6926,0.7175,3.091
63.6928,0.8374,3.6075
63.6930,0.7983,3.4455
63.6932,0.733,3.1679
63.6934,0.6695,2.887
63.6936,0.7394,3.1885
63.6938,0.738,3.1823
63.6940,0.7278,3.1427
63.6942,0.6502,2.809
63.6944,0.6291,2.7166
63.6946,0.632,2.7277
63.6948,0.6394,2.7624
63.6950,0.6418,2.7715
63.6952,0.6008,2.5992
63.6954,0.5773,2.4929
63.6956,0.624,2.6981
63.6958,0.556,2.4008
63.6960,0.6698,2.8814
63.6962,0.8416,3.6306
63.6964,0.7271,3.1367
63.6966,0.7212,3.1113
63.6968,0.7103,3.0642
63.6970,0.7147,3.0834
63.6972,0.7032,3.0337
63.6974,0.7073,3.0499
63.6976,0.7131,3.0776
63.6978,0.7113,3.0684
63.6980,0.8361,3.6018
63.6982,0.762,3.2872
63.6984,0.7502,3.235
63.6986,0.8019,3.4498
63.6988,0.8589,3.6914
63.6990,0.9421,4.0358
63.6992,0.9944,4.2717
63.6994,0.978,4.2036
63.6996,1.0071,4.3344
63.6998,0.9414,4.0535
63.7000,0.8422,3.6265
63.7002,0.7922,3.4128
63.7004,0.8181,3.5244
63.7006,0.8096,3.4812
63.7008,0.8074,3.4752
63.7010,0.8286,3.5682
63.7012,0.848,3.6462
63.7014,0.8844,3.8065
63.7016,0.8041,3.4687
63.7018,0.7069,3.0441
63.7020,0.7806,3.3627
63.7022,0.7957,3.423
63.7024,0.8521,3.6693
63.7026,0.8265,3.5556
63.7028,0.8872,3.8148
63.7030,0.8813,3.7948
63.7032,0.8215,3.5372
63.7034,0.83,3.5722
63.7036,0.8315,3.5772
63.7038,0.8807,3.7852
63.7040,0.9452,4.0568
63.7042,1.032,4.4294
63.7044,1.0276,4.4144
63.7046,0.989,4.2525
63.7048,0.9463,4.0614
63.7050,0.9866,4.2422
63.7052,0.905,3.8934
63.7054,0.8742,3.7661
63.7056,0.8704,3.7496
63.7058,0.7947,3.4252
63.7060,0.782,3.3657
63.7062,0.824,3.5513
63.7064,0.7665,3.3053
63.7066,0.7916,3.4086
63.7068,0.7855,3.3823
63.7070,0.8297,3.5711
63.7072,0.8993,3.8651
63.7074,0.9372,4.0279
63.7076,0.9272,3.9814
63.7078,0.9508,4.0905
63.7080,0.9205,3.96
63.7082,0.9011,3.8728
63.7084,0.8785,3.7812
63.7086,0.8168,3.5203
63.7088,0.7597,3.2713
63.7090,0.8579,3.6941
63.7092,0.8283,3.5683
63.7094,0.8198,3.5234
63.7096,0.9235,3.9765
63.7098,0.8741,3.7621
63.7100,0.7802,3.3611
63.7102,0.7981,3.4397
63.7104,0.7277,3.1407
63.7106,0.7086,3.0556
63.7108,0.7127,3.0717
63.7110,0.7229,3.1157
63.7112,0.7858,3.3838
63.7114,0.8272,3.5603
63.7116,0.7888,3.4046
63.7118,0.6667,2.8786
63.7120,0.6387,2.7567
63.7122,0.6531,2.8201
63.7124,0.6567,2.8343
63.7126,0.6783,2.9248
63.7128,0.7416,3.1918
63.7130,0.806,3.4722
63.7132,0.802,3.4519
63.7134,0.8627,3.7096
63.7136,0.8418,3.6249
63.7138,0.8393,3.6107
63.7140,0.9138,3.9274
63.7142,0.9372,4.026
63.7144,0.9869,4.2359
63.7146,1.0485,4.5025
63.7148,1.0115,4.3414
63.7150,1.027,4.4118
63.7152,1.0229,4.3943
63.7154,0.9844,4.229
63.7156,0.9885,4.2445
63.7158,0.9939,4.2717
63.7160,0.981,4.2146
63.7162,0.9773,4.1966
63.7164,0.999,4.2798
63.7166,1.1319,4.849
63.7168,1.126,4.8328
63.7170,1.1268,4.8342
63.7172,1.097,4.6995
63.7174,1.1394,4.8836
63.7176,1.3213,5.6632
63.7178,1.142,4.9058
63.7180,1.018,4.3773
63.7182,0.9876,4.2409
63.7184,1.0651,4.5756
63.7186,1.0609,4.5513
63.7188,1.0506,4.5112
63.7190,1.045,4.4849
63.7192,1.0367,4.4473
63.7194,1.0693,4.583
63.7196,1.0898,4.6818
63.7198,1.065,4.5666
63.7200,1.0982,4.7156
63.7202,1.084,4.6549
63.7204,1.1422,4.9023
63.7206,1.1697,5.0155
63.7208,1.2068,5.1724
63.7210,1.1797,5.061
63.7212,1.0813,4.6452
63.7214,1.0922,4.6855
63.7216,1.1502,4.9299
63.7218,1.1613,4.9841
63.7220,1.0426,4.4788
63.7222,1.0409,4.4716
63.7224,1.0418,4.4736
63.7226,1.0282,4.4211
63.7228,0.9941,4.2727
63.7230,1.0568,4.5401
63.7232,1.0549,4.5319
63.7234,1.0556,4.5286
63.7236,1.1099,4.7594
63.7238,1.1097,4.765
63.7240,1.1032,4.7372
63.7242,1.0579,4.549
63.7244,1.0162,4.3716
63.7246,0.9822,4.2217
63.7248,0.9801,4.2242
63.7250,0.8324,3.5875
63.7252,0.8691,3.7352
63.7254,0.9453,4.0705
63.7256,0.9207,3.9665
63.7258,0.8637,3.7224
63.7260,0.8562,3.6869
63.7262,0.8946,3.8575
63.7264,0.8506,3.6643
63.7266,0.9061,3.8981
63.7268,0.8808,3.7963
63.7270,0.8357,3.602
63.7272,0.8755,3.7683
63.7274,0.9689,4.1664
63.7276,0.9723,4.177
63.7278,1.0382,4.4582
63.7280,1.0832,4.6469
63.7282,1.1134,4.781
63.7284,1.0485,4.5109
63.7286,0.9351,4.0285
63.7288,0.8778,3.7798
63.7290,0.8803,3.7854
63.7292,0.9442,4.0602
63.7294,1.0206,4.3907
63.7296,1.0236,4.3913
63.7298,1.04,4.4742
63.7300,0.973,4.1878
63.7302,0.9445,4.065
63.7304,0.9736,4.1885
63.7306,0.9458,4.0783
63.7308,0.8252,3.5581
63.7310,0.8581,3.6917
63.7312,0.9614,4.1359
63.7314,0.9818,4.2294
63.7316,0.849,3.6644
63.7318,0.7303,3.155
63.7320,0.7451,3.2128
63.7322,0.8355,3.6043
63.7324,0.7697,3.3188
63.7326,0.7852,3.3844
63.7328,0.8438,3.6332
63.7330,0.9252,3.9745
63.7332,1.0206,4.3866
63.7334,0.9174,3.9557
63.7336,0.8246,3.5572
63.7338,0.7626,3.2913
63.7340,0.6894,2.9756
63.7342,0.7274,3.1397
63.7344,0.7667,3.3058
63.7346,0.768,3.313
63.7348,0.6898,2.9786
63.7350,0.6827,2.948
63.7352,0.7453,3.2183
63.7354,0.7115,3.0708
63.7356,0.7011,3.0258
63.7358,0.699,3.017
63.7360,0.7313,3.1489
63.7362,0.8271,3.5614
63.7364,0.8675,3.7354
63.7366,0.8548,3.6824
63.7368,0.8727,3.7541
63.7370,0.9035,3.8903
63.7372,0.8613,3.7103
63.7374,0.8735,3.7595
63.7376,0.8866,3.8122
63.7378,0.9268,3.9873
63.7380,0.9104,3.9203
63.7382,0.8815,3.7994
63.7384,0.8794,3.7883
63.7386,0.8051,3.4734
63.7388,0.8511,3.6596
63.7390,0.9224,3.9756
63.7392,0.7704,3.3172
63.7394,0.8992,3.8645
63.7396,0.9705,4.1828
63.7398,0.7634,3.2949
63.7400,0.7565,3.2604
63.7402,0.7683,3.3085
63.7404,0.7742,3.3368
63.7406,0.8044,3.4639
63.7408,0.8252,3.5482
63.7410,0.8758,3.7728
63.7412,0.8261,3.559
63.7414,0.7932,3.4217
63.7416,0.7062,3.0467
63.7418,0.6885,2.9729
63.7420,0.6798,2.9342
63.7422,0.6844,2.9539
63.7424,0.6914,2.9784
63.7426,0.829,3.5763
63.7428,0.7396,3.1934
63.7430,0.6891,2.9727
63.7432,0.6876,2.9665
63.7434,0.6796,2.9318
63.7436,0.6771,2.9237
63.7438,0.6786,2.9223
63.7440,0.7517,3.2412
63.7442,0.7466,3.218
63.7444,0.7745,3.3332
63.7446,0.7842,3.3813
63.7448,0.7147,3.0848
63.7450,0.7376,3.1778
63.7452,0.8177,3.5212
63.7454,0.8139,3.5046
63.7456,0.7646,3.2924
63.7458,0.8163,3.5133
63.7460,0.8824,3.7959
63.7462,0.8798,3.7904
63.7464,0.8477,3.6469
63.7466,0.8537,3.6709
63.7468,0.9533,4.0956
63.7470,0.9824,4.2222
63.7472,0.9712,4.1723
63.7474,0.9815,4.2166
63.7476,0.9791,4.2083
63.7478,1.0225,4.3969
63.7480,0.9468,4.071
63.7482,0.9971,4.2716
63.7484,1.1905,5.0954
63.7486,1.2599,5.39
63.7488,1.2587,5.3924
63.7490,1.2433,5.3237
63.7492,1.3032,5.5778
63.7494,1.2759,5.4735
63.7496,1.1421,4.9041
63.7498,1.0828,4.6411
63.7500,1.1866,5.0808
63.7502,1.2649,5.411
63.7504,1.2723,5.4479
63.7506,1.2973,5.5578
63.7508,1.2634,5.4125
63.7510,1.2423,5.3171
63.7512,1.2837,5.4941
63.7514,1.317,5.6368
63.7516,1.2784,5.4869
63.7518,1.1134,4.7855
63.7520,1.068,4.5901
63.7522,1.1176,4.7968
63.7524,1.1031,4.7367
63.7526,1.1362,4.8811
63.7528,1.0713,4.5939
63.7530,1.1766,5.0382
63.7532,1.2547,5.375
63.7534,1.2445,5.3462
63.7536,1.1049,4.7511
63.7538,0.9918,4.2649
63.7540,1.0291,4.4232
63.7542,1.0493,4.5056
63.7544,1.0694,4.5942
63.7546,1.0173,4.3722
63.7548,1.0494,4.5124
63.7550,0.989,4.2565
63.7552,0.8953,3.8588
63.7554,0.859,3.7039
63.7556,0.8286,3.5731
63.7558,0.8376,3.6069
63.7560,0.8837,3.8051
63.7562,0.8909,3.8343
63.7564,0.8894,3.837
63.7566,0.8223,3.5457
63.7568,0.8282,3.5661
63.7570,0.9007,3.8767
63.7572,0.9709,4.1766
63.7574,0.9802,4.209
63.7576,1.0456,4.5001
63.7578,0.9101,3.9315
63.7580,0.7133,3.0815
63.7582,0.7001,3.0189
63.7584,0.7203,3.1115
63.7586,0.7193,3.1016
63.7588,0.8934,3.8487
63.7590,0.7982,3.4386
63.7592,0.8262,3.5595
63.7594,0.8015,3.4579
63.7596,0.8266,3.5676
63.7598,0.7444,3.2141
63.7600,0.6498,2.8082
63.7602,0.6227,2.6911
63.7604,0.6615,2.8564
63.7606,0.6906,2.9808
63.7608,0.6766,2.9243
63.7610,0.6498,2.8056
63.7612,0.6572,2.839
63.7614,0.6683,2.8886
63.7616,0.6342,2.7421
63.7618,0.6169,2.665
63.7620,0.6066,2.6217
63.7622,0.6422,2.773
63.7624,0.6524,2.8157
63.7626,0.662,2.8584
63.7628,0.7061,3.0476
63.7630,0.7177,3.1006
63.7632,0.5952,2.5748
63.7634,0.5237,2.2667
63.7636,0.5191,2.2475
63.7638,0.5451,2.3569
63.7640,0.5741,2.4801
63.7642,0.5683,2.4541
63.7644,0.6122,2.646
63.7646,0.6198,2.675
63.7648,0.6504,2.8095
63.7650,0.5914,2.557
63.7652,0.5845,2.5275
63.7654,0.5761,2.4889
63.7656,0.5568,2.4066
63.7658,0.5543,2.3968
63.7660,0.5614,2.4252
63.7662,0.5746,2.4833
63.7664,0.6071,2.6225
63.7666,0.6159,2.6584
63.7668,0.6536,2.8183
63.7670,0.7019,3.0266
63.7672,0.7038,3.0363
63.7674,0.6971,3.0046
63.7676,0.7143,3.0799
63.7678,0.7216,3.1085
63.7680,0.7838,3.3782
63.7682,0.717,3.0889
63.7684,0.7694,3.3146
63.7686,0.7639,3.2955
63.7688,0.6839,2.9491
63.7690,0.6832,2.9446
63.7692,0.7149,3.081
63.7694,0.7632,3.2878
63.7696,0.799,3.4406
63.7698,0.7778,3.3508
63.7700,0.8023,3.4498
63.7702,0.905,3.8862
63.7704,0.9584,4.1191
63.7706,0.9422,4.0477
63.7708,0.9869,4.2418
63.7710,0.9152,3.9318
63.7712,0.97,4.1711
63.7714,0.9423,4.0501
63.7716,0.9336,4.0106
63.7718,0.8954,3.8539
63.7720,0.8831,3.799
63.7722,0.8495,3.658
63.7724,0.8384,3.6049
63.7726,0.861,3.711
63.7728,0.7638,3.2919
63.7730,0.7512,3.2361
63.7732,0.7472,3.2236
63.7734,0.6665,2.8781
63.7736,0.653,2.817
63.7738,0.6444,2.7823
63.7740,0.6338,2.733
63.7742,0.6908,2.9786
63.7744,0.6573,2.8396
63.7746,0.5723,2.4723
63.7748,0.5734,2.4747
63.7750,0.6307,2.7183
63.7752,0.6731,2.9025
63.7754,0.6633,2.8628
63.7756,0.6235,2.6898
63.7758,0.634,2.7353
63.7760,0.6567,2.837
63.7762,0.6279,2.7101
63.7764,0.6366,2.7449
63.7766,0.6782,2.9202
63.7768,0.7025,3.032
63.7770,0.6445,2.779
63.7772,0.676,2.9123
63.7774,0.7343,3.1633
63.7776,0.6928,2.9887
63.7778,0.6269,2.708
63.7780,0.549,2.3707
63.7782,0.6075,2.6185
63.7784,0.634,2.7365
63.7786,0.5272,2.2754
63.7788,0.5613,2.4213
63.7790,0.6888,2.9675
63.7792,0.744,3.2036
63.7794,0.7393,3.1835
63.7796,0.7717,3.326
63.7798,0.7513,3.2336
63.7800,0.8027,3.455
63.7802,0.7417,3.1924
63.7804,0.8439,3.6152
63.7806,1.0918,4.6862
63.7808,1.0324,4.4309
63.7810,1.038,4.4489
63.7812,1.0945,4.6865
63.7814,1.1366,4.8713
63.7816,1.0099,4.3387
63.7818,0.9101,3.9096
63.7820,0.9485,4.075
63.7822,0.993,4.2621
63.7824,1.0577,4.531
63.7826,1.1177,4.7861
63.7828,1.1493,4.9166
63.7830,1.2061,5.1669
63.7832,1.1182,4.7994
63.7834,1.0342,4.4345
63.7836,1.0826,4.6465
63.7838,1.1217,4.8076
63.7840,1.167,4.9948
63.7842,1.1946,5.1105
63.7844,1.2089,5.1884
63.7846,1.0531,4.5199
63.7848,1.0422,4.471
63.7850,1.087,4.659
63.7852,1.1519,4.9417
63.7854,1.0764,4.6198
63.7856,1.0475,4.4936
63.7858,1.0589,4.5425
63.7860,1.0846,4.6553
63.7862,1.0315,4.4294
63.7864,1.0265,4.4118
63.7866,0.9788,4.2028
63.7868,0.9944,4.2717
63.7870,1.0217,4.3871
63.7872,1.0099,4.3306
63.7874,1.0342,4.4365
63.7876,1.0842,4.6554
63.7878,1.0523,4.5184
63.7880,1.0379,4.4546
63.7882,1.099,4.7192
63.7884,1.0718,4.5981
63.7886,0.9758,4.1997
63.7888,0.8657,3.7225
63.7890,0.9487,4.0755
63.7892,0.9741,4.1847
63.7894,0.9944,4.2757
63.7896,0.9933,4.2751
63.7898,0.943,4.0532
63.7900,0.9569,4.111
63.7902,0.9722,4.1823
63.7904,0.932,4.002
63.7906,0.9826,4.2193
63.7908,0.9047,3.8973
63.7910,0.808,3.4858
63.7912,0.7366,3.1775
63.7914,0.7138,3.0792
63.7916,0.6999,3.0192
63.7918,0.718,3.1002
63.7920,0.7488,3.2273
63.7922,0.7626,3.2852
63.7924,0.7761,3.3513
63.7926,0.7174,3.0948
63.7928,0.7411,3.1957
63.7930,0.7486,3.2248
63.7932,0.7404,3.1956
63.7934,0.6776,2.923
63.7936,0.6893,2.971
63.7938,0.6887,2.9711
63.7940,0.7004,3.0213
63.7942,0.7689,3.3141
63.7944,0.7597,3.2743
63.7946,0.7116,3.0714
63.7948,0.6948,2.9975
63.7950,0.6908,2.9758
63.7952,0.7562,3.2563
63.7954,0.7804,3.3606
63.7956,0.8378,3.6091
63.7958,0.8182,3.52
63.7960,0.8327,3.5924
63.7962,0.7189,3.1029
63.7964,0.7051,3.0378
63.7966,0.7336,3.1631
63.7968,0.7041,3.0359
63.7970,0.7114,3.0689
63.7972,0.7097,3.0617
63.7974,0.6718,2.8982
63.7976,0.6109,2.6391
63.7978,0.6251,2.6977
63.7980,0.6627,2.8589
63.7982,0.6604,2.8491
63.7984,0.6573,2.8369
63.7986,0.6573,2.8369
63.7988,0.656,2.8286
63.7990,0.6655,2.8668
63.7992,0.7579,3.262
63.7994,0.8482,3.6506
63.7996,0.8435,3.6322
63.7998,0.7681,3.312
63.8000,0.6694,2.8879
63.8002,0.662,2.8558
63.8004,0.662,2.8531
63.8006,0.818,3.5189
63.8008,0.8436,3.6361
63.8010,0.7456,3.2089
63.8012,0.8351,3.591
63.8014,0.8759,3.7681
63.8016,0.827,3.5576
63.8018,0.7764,3.343
63.8020,0.8062,3.47
63.8022,0.7928,3.4154
63.8024,0.784,3.3745
63.8026,0.8615,3.7079
63.8028,0.841,3.6197
63.8030,0.8691,3.7369
63.8032,0.8819,3.7921
63.8034,0.9268,3.978
63.8036,0.974,4.19
63.8038,0.7975,3.4371
63.8040,0.7753,3.3384
63.8042,0.8465,3.6417
63.8044,0.8711,3.744
63.8046,0.8698,3.7452
63.8048,0.779,3.356
63.8050,0.7489,3.2248
63.8052,0.7539,3.2495
63.8054,0.7453,3.2093
63.8056,0.8126,3.4957
63.8058,0.8562,3.6801
63.8060,0.9174,3.9429
63.8062,0.8627,3.7113
63.8064,0.812,3.4948
63.8066,0.8188,3.5209
63.8068,0.8357,3.5953
63.8070,0.8578,3.6919
63.8072,0.8526,3.6663
63.8074,0.8945,3.8462
63.8076,0.9204,3.9631
63.8078,0.8211,3.5373
63.8080,0.7677,3.3074
63.8082,0.7068,3.0478
63.8084,0.68,2.932
63.8086,0.6723,2.9003
63.8088,0.7175,3.091
63.8090,0.8102,3.4903
63.8092,0.8179,3.5201
63.8094,0.8186,3.5215
63.8096,0.7987,3.4375
63.8098,0.7737,3.3379
63.8100,0.6519,2.8123
63.8102,0.7187,3.0976
63.8104,0.7075,3.0523
63.8106,0.6358,2.7443
63.8108,0.6314,2.7239
63.8110,0.6402,2.7578
63.8112,0.6453,2.7865
63.8114,0.5502,2.3781
63.8116,0.5276,2.2791
63.8118,0.5239,2.2641
63.8120,0.5637,2.4305
63.8122,0.6689,2.8858
63.8124,0.6713,2.8961
63.8126,0.6241,2.6923
63.8128,0.6358,2.7418
63.8130,0.6701,2.8883
63.8132,0.7216,3.1071
63.8134,0.7285,3.14
63.8136,0.697,3.0054
63.8138,0.7306,3.14
63.8140,0.8331,3.5823
63.8142,0.848,3.6479
63.8144,0.8343,3.5857
63.8146,0.8908,3.8231
63.8148,0.9399,4.0341
63.8150,1.0055,4.3136
63.8152,1.0779,4.6221
63.8154,1.088,4.661
63.8156,1.1015,4.7168
63.8158,1.1141,4.773
63.8160,1.1304,4.8451
63.8162,1.1719,5.0135
63.8164,1.2484,5.3433
63.8166,1.1578,4.9553
63.8168,1.1995,5.1411
63.8170,1.1629,4.9867
63.8172,1.1059,4.7375
63.8174,1.1244,4.8171
63.8176,1.1368,4.8746
63.8178,1.0862,4.6576
63.8180,1.0393,4.4607
63.8182,1.0885,4.6739
63.8184,1.0553,4.5271
63.8186,1.0358,4.4437
63.8188,1.0415,4.47
63.8190,1.0471,4.49
63.8192,1.0951,4.6957
63.8194,1.0786,4.6317
63.8196,1.0346,4.4427
63.8198,1.0647,4.572
63.8200,1.0547,4.5287
63.8202,1.0527,4.5205
63.8204,0.9922,4.2664
63.8206,0.9394,4.0377
63.8208,0.9132,3.9248
63.8210,0.9267,3.9868
63.8212,0.9572,4.114
63.8214,0.9453,4.0611
63.8216,0.9721,4.1759
63.8218,0.9683,4.1677
63.8220,0.8994,3.871
63.8222,0.8959,3.8381
63.8224,1.0673,4.5892
63.8226,0.9115,3.9286
63.8228,0.8322,3.5853
63.8230,0.8272,3.5586
63.8232,0.889,3.8279
63.8234,0.8121,3.5002
63.8236,0.8255,3.5481
63.8238,0.9408,4.0377
63.8240,0.9567,4.1176
63.8242,0.9134,3.9332
63.8244,0.8536,3.679
63.8246,0.8319,3.5838
63.8248,0.8062,3.4781
63.8250,0.7482,3.2247
63.8252,0.7338,3.1656
63.8254,0.7156,3.0856
63.8256,0.7333,3.1592
63.8258,0.7699,3.3198
63.8260,0.7728,3.3337
63.8262,0.7217,3.1105
63.8264,0.6765,2.9184
63.8266,0.6729,2.9029
63.8268,0.7026,3.0283
63.8270,0.7328,3.16
63.8272,0.7462,3.2159
63.8274,0.7212,3.1128
63.8276,0.697,3.0082
63.8278,0.7272,3.1357
63.8280,0.7104,3.0633
63.8282,0.6775,2.9225
63.8284,0.6568,2.8349
63.8286,0.6616,2.8516
63.8288,0.7483,3.2237
63.8290,0.7602,3.2749
63.8292,0.7649,3.3011
63.8294,0.7192,3.1011
63.8296,0.7572,3.2604
63.8298,0.745,3.2167
63.8300,0.6176,2.6681
63.8302,0.5802,2.5065
63.8304,0.5731,2.4736
63.8306,0.5698,2.4626
63.8308,0.5675,2.4539
63.8310,0.5691,2.4572
63.8312,0.5807,2.5074
63.8314,0.5827,2.5174
63.8316,0.5725,2.4711
63.8318,0.5845,2.5228
63.8320,0.5846,2.5233
63.8322,0.5872,2.5354
63.8324,0.5831,2.5189
63.8326,0.5788,2.4991
63.8328,0.5796,2.5016
63.8330,0.5813,2.5112
63.8332,0.5842,2.5224
63.8334,0.5699,2.4608
63.8336,0.5627,2.4298
63.8338,0.5644,2.4381
63.8340,0.5661,2.4431
63.8342,0.5741,2.4789
63.8344,0.5665,2.4452
63.8346,0.6145,2.6497
63.8348,0.6905,2.9761
63.8350,0.6812,2.9345
63.8352,0.7032,3.0309
63.8354,0.6845,2.9517
63.8356,0.6771,2.9196
63.8358,0.678,2.9224
63.8360,0.6807,2.9338
63.8362,0.7302,3.1428
63.8364,0.7633,3.2898
63.8366,0.7074,3.0462
63.8368,0.7634,3.2827
63.8370,0.8039,3.4602
63.8372,0.8374,3.5958
63.8374,0.9157,3.9357
63.8376,0.879,3.7815
63.8378,0.8137,3.502
63.8380,0.7917,3.4091
63.8382,0.7733,3.3327
63.8384,0.6747,2.9066
63.8386,0.658,2.8361
63.8388,0.6451,2.7829
63.8390,0.6851,2.9488
63.8392,0.806,3.4706
63.8394,0.7298,3.1427
63.8396,0.7119,3.0695
63.8398,0.7318,3.1466
63.8400,0.7482,3.2217
63.8402,0.7587,3.2656
63.8404,0.7867,3.3859
63.8406,0.7627,3.2827
63.8408,0.7843,3.3803
63.8410,0.7187,3.099
63.8412,0.708,3.0473
63.8414,0.6977,3.0085
63.8416,0.6481,2.7932
63.8418,0.6876,2.9637
63.8420,0.6513,2.8098
63.8422,0.633,2.7293
63.8424,0.6652,2.8618
63.8426,0.7062,3.0467
63.8428,0.6896,2.9568
63.8430,0.8008,3.4564
63.8432,0.5532,2.39
63.8434,0.5301,2.2889
63.8436,0.5303,2.2889
63.8438,0.5185,2.2387
63.8440,0.526,2.2724
63.8442,0.5199,2.247
63.8444,0.5981,2.5789
63.8446,0.5687,2.4568
63.8448,0.5447,2.3477
63.8450,0.6406,2.7586
63.8452,0.6688,2.8773
63.8454,0.7433,3.2065
63.8456,0.6271,2.7065
63.8458,0.6068,2.6179
63.8460,0.6132,2.6428
63.8462,0.6699,2.8832
63.8464,0.7704,3.3141
63.8466,0.8061,3.4646
63.8468,0.82,3.5244
63.8470,0.871,3.74
63.8472,0.9322,4.0012
63.8474,0.9462,4.059
63.8476,0.944,4.0516
63.8478,0.9968,4.2741
63.8480,0.9866,4.2323
63.8482,0.9709,4.1669
63.8484,0.9873,4.2334
63.8486,1.0657,4.5676
63.8488,1.0782,4.621
63.8490,1.1047,4.7346
63.8492,1.1238,4.8123
63.8494,1.1242,4.8071
63.8496,1.2453,5.315
63.8498,1.2819,5.489
63.8500,1.18,5.0479
63.8502,1.2297,5.2608
63.8504,1.2231,5.2276
63.8506,1.2385,5.3081
63.8508,1.1449,4.9073
63.8510,1.1279,4.8343
63.8512,1.1195,4.7938
63.8514,1.1459,4.916
63.8516,1.0711,4.5928
63.8518,1.0873,4.6622
63.8520,1.0611,4.548
63.8522,1.0762,4.6192
63.8524,1.0718,4.5895
63.8526,1.1641,4.9825
63.8528,1.1734,5.0337
63.8530,0.9809,4.216
63.8532,0.92,3.9561
63.8534,0.915,3.9307
63.8536,0.9091,3.911
63.8538,0.8874,3.814
63.8540,0.9292,3.9939
63.8542,0.9077,3.8993
63.8544,0.8936,3.8408
63.8546,0.8978,3.8607
63.8548,0.9653,4.1432
63.8550,1.0247,4.4021
63.8552,0.9079,3.9058
63.8554,0.8842,3.8001
63.8556,0.9432,4.0461
63.8558,1.0143,4.3572
63.8560,0.9689,4.1683
63.8562,0.9126,3.9259
63.8564,0.905,3.8934
63.8566,0.8851,3.8025
63.8568,0.9542,4.103
63.8570,0.9332,4.0072
63.8572,0.9729,4.1756
63.8574,0.9511,4.0953
63.8576,0.8248,3.55
63.8578,0.8671,3.7304
63.8580,0.8475,3.6458
63.8582,0.8404,3.6154
63.8584,0.8512,3.6686
63.8586,0.7412,3.1933
63.8588,0.7037,3.0358
63.8590,0.7308,3.1454
63.8592,0.8718,3.7505
63.8594,0.8457,3.6415
63.8596,0.7494,3.2344
63.8598,0.684,2.951
63.8600,0.7381,3.1769
63.8602,0.7562,3.2578
63.8604,0.7282,3.1384
63.8606,0.705,3.0443
63.8608,0.6213,2.6817
63.8610,0.6079,2.6262
63.8612,0.6547,2.8229
63.8614,0.7114,3.0661
63.8616,0.7385,3.1799
63.8618,0.7806,3.3596
63.8620,0.8282,3.5677
63.8622,0.7339,3.1617
63.8624,0.7815,3.3606
63.8626,0.9296,3.9973
63.8628,0.8709,3.7534
63.8630,0.7107,3.063
63.8632,0.6867,2.961
63.8634,0.6857,2.9582
63.8636,0.6828,2.9458
63.8638,0.6755,2.9142
63.8640,0.6547,2.8242
63.8642,0.6522,2.8121
63.8644,0.8554,3.685
63.8646,0.7234,3.1192
63.8648,0.6458,2.786
63.8650,0.6722,2.8998
63.8652,0.6669,2.8757
63.8654,0.6571,2.8359
63.8656,0.6465,2.7787
63.8658,0.8313,3.5762
63.8660,0.8502,3.6594
63.8662,0.9098,3.914
63.8664,0.8071,3.4768
63.8666,0.8372,3.6031
63.8668,0.8525,3.6692
63.8670,0.8791,3.7785
63.8672,0.887,3.8072
63.8674,0.9509,4.0777
63.8676,0.9796,4.2162
63.8678,0.8688,3.7324
63.8680,0.9086,3.9071
63.8682,0.8652,3.7239
63.8684,0.7791,3.3549
63.8686,0.7589,3.2677
63.8688,0.758,3.2671
63.8690,0.767,3.3012
63.8692,0.8369,3.5971
63.8694,0.9325,4.0004
63.8696,0.9995,4.2919
63.8698,0.9369,4.0325
63.8700,0.8951,3.8434
63.8702,0.9892,4.2476
63.8704,0.9517,4.0922
63.8706,0.924,3.9749
63.8708,0.9292,3.9902
63.8710,0.9771,4.1917
63.8712,1.0209,4.3835
63.8714,0.9598,4.1272
63.8716,0.9397,4.035
63.8718,1.0416,4.4684
63.8720,1.0525,4.5237
63.8722,0.9153,3.9359
63.8724,0.9364,4.0192
63.8726,0.9887,4.2495
63.8728,0.9454,4.054
63.8730,1.0562,4.5333
63.8732,0.9968,4.292
63.8734,0.8993,3.8669
63.8736,0.892,3.8372
63.8738,0.8649,3.7189
63.8740,0.8963,3.8647
63.8742,0.8119,3.4959
63.8744,0.7667,3.3058
63.8746,0.7409,3.1947
63.8748,0.7384,3.1838
63.8750,0.7417,3.1924
63.8752,0.7926,3.4143
63.8754,0.7764,3.3493
63.8756,0.7532,3.2389
63.8758,0.8778,3.7711
63.8760,0.9219,3.9643
63.8762,0.8892,3.8307
63.8764,0.7657,3.3032
63.8766,0.6246,2.6982
63.8768,0.6044,2.6099
63.8770,0.6067,2.6185
63.8772,0.6104,2.6358
63.8774,0.6041,2.6096
63.8776,0.602,2.5948
63.8778,0.6647,2.8677
63.8780,0.6162,2.6594
63.8782,0.6599,2.847
63.8784,0.7109,3.0626
63.8786,0.7575,3.2635
63.8788,0.6815,2.9415
63.8790,0.6424,2.7702
63.8792,0.6816,2.942
63.8794,0.6235,2.6885
63.8796,0.6368,2.7446
63.8798,0.6743,2.9077
63.8800,0.7463,3.2135
63.8802,0.7944,3.4141
63.8804,0.8462,3.6435
63.8806,0.8424,3.6242
63.8808,0.874,3.7546
63.8810,0.895,3.8447
63.8812,0.9312,4.0021
63.8814,0.9804,4.212
63.8816,0.9976,4.2777
63.8818,1.0197,4.3784
63.8820,0.9884,4.242
63.8822,0.9915,4.2574
63.8824,0.994,4.2603
63.8826,1.0975,4.7038
63.8828,1.1421,4.8881
63.8830,1.2584,5.3859
63.8832,1.3629,5.8088
63.8834,1.4467,6.1892
63.8836,1.2587,5.3773
63.8838,1.2764,5.4628
63.8840,1.2424,5.3176
63.8842,1.2338,5.2955
63.8844,1.1304,4.8406
63.8846,1.211,5.1807
63.8848,1.2023,5.1601
63.8850,1.0633,4.5424
63.8852,1.1857,5.0844
63.8854,1.1388,4.8879
63.8856,1.1577,4.9664
63.8858,1.1572,4.9643
63.8860,1.1147,4.7778
63.8862,1.1023,4.7177
63.8864,1.1926,5.097
63.8866,1.2289,5.2621
63.8868,1.1432,4.911
63.8870,1.0352,4.4432
63.8872,1.0638,4.5721
63.8874,1.0466,4.4963
63.8876,1.026,4.4118
63.8878,0.9964,4.2765
63.8880,1.0349,4.4396
63.8882,1.0334,4.4376
63.8884,0.9699,4.1764
63.8886,0.8904,3.834
63.8888,0.9315,4.0074
63.8890,0.926,3.9855
63.8892,0.8652,3.7256
63.8894,0.9168,3.944
63.8896,0.9135,3.9355
63.8898,0.9097,3.9154
63.8900,0.9201,3.9566
63.8902,0.926,3.9874
63.8904,0.8794,3.7901
63.8906,0.7789,3.3539
63.8908,0.7803,3.3601
63.8910,0.7658,3.3022
63.8912,0.7364,3.1785
63.8914,0.7426,3.2034
63.8916,0.7984,3.4365
63.8918,0.8689,3.7382
63.8920,0.8614,3.7177
63.8922,0.6813,2.9432
63.8924,0.6275,2.7093
63.8926,0.6878,2.9642
63.8928,0.6742,2.9139
63.8930,0.6493,2.801
63.8932,0.681,2.9435
63.8934,0.6163,2.6636
63.8936,0.6169,2.6638
63.8938,0.621,2.6826
63.8940,0.6117,2.6427
63.8942,0.6161,2.6614
63.8944,0.6104,2.6346
63.8946,0.6197,2.6769
63.8948,0.6331,2.7349
63.8950,0.6025,2.6053
63.8952,0.5292,2.2906
63.8954,0.5217,2.2558
63.8956,0.5584,2.4122
63.8958,0.5745,2.4828
63.8960,0.5809,2.5096
63.8962,0.5795,2.5046
63.8964,0.5698,2.4614
63.8966,0.5677,2.4549
63.8968,0.5663,2.4475
63.8970,0.5691,2.4572
63.8972,0.5665,2.4452
63.8974,0.5667,2.4491
63.8976,0.5687,2.4556
63.8978,0.6054,2.6104
63.8980,0.6765,2.917
63.8982,0.6575,2.8406
63.8984,0.5862,2.5336
63.8986,0.5806,2.5069
63.8988,0.5827,2.5162
63.8990,0.5813,2.5112
63.8992,0.579,2.499
63.8994,0.5818,2.5121
63.8996,0.5826,2.5145
63.8998,0.5843,2.5229
63.9000,0.6532,2.8141
63.9002,0.7753,3.3384
63.9004,0.7002,3.0222
63.9006,0.5962,2.5718
63.9008,0.6561,2.8291
63.9010,0.6945,2.9932
63.9012,0.6886,2.9692
63.9014,0.7292,3.1416
63.9016,0.7733,3.3296
63.9018,0.7827,3.372
63.9020,0.7727,3.3224
63.9022,0.8218,3.5387
63.9024,0.768,3.31
63.9026,0.6945,2.9918
63.9028,0.7334,3.1538
63.9030,0.7911,3.405
63.9032,0.831,3.5801
63.9034,0.8206,3.5286
63.9036,0.8533,3.6694
63.9038,0.8012,3.4515
63.9040,0.7342,3.1613
63.9042,0.7571,3.2599
63.9044,0.7836,3.3725
63.9046,0.7968,3.4276
63.9048,0.7909,3.4071
63.9050,0.7693,3.3141
63.9052,0.7722,3.3018
63.9054,0.9731,4.1942
63.9056,0.6803,2.9349
63.9058,0.6555,2.8279
63.9060,0.6729,2.8988
63.9062,0.6972,3.0037
63.9064,0.6984,3.0102
63.9066,0.7677,3.3028
63.9068,0.8092,3.4813
63.9070,0.8368,3.5982
63.9072,0.8171,3.5121
63.9074,0.8444,3.6307
63.9076,0.8158,3.5145
63.9078,0.7457,3.2124
63.9080,0.7986,3.4354
63.9082,0.8351,3.5944
63.9084,0.7634,3.2888
63.9086,0.7131,3.0704
63.9088,0.7422,3.1959
63.9090,0.7673,3.3007
63.9092,0.777,3.3518
63.9094,0.629,2.7135
63.9096,0.6496,2.8025
63.9098,0.6647,2.8637
63.9100,0.6903,2.9723
63.9102,0.7111,3.0636
63.9104,0.7891,3.393
63.9106,0.8457,3.6364
63.9108,0.8934,3.8452
63.9110,0.7043,3.044
63.9112,0.5429,2.3465
63.9114,0.5528,2.3835
63.9116,0.6404,2.7588
63.9118,0.7048,3.0405
63.9120,0.6328,2.7288
63.9122,0.5924,2.5558
63.9124,0.5993,2.5841
63.9126,0.5995,2.5851
63.9128,0.636,2.7435
63.9130,0.6791,2.927
63.9132,0.7418,3.1929
63.9134,0.7084,3.0489
63.9136,0.7464,3.2125
63.9138,0.85,3.6516
63.9140,0.8699,3.7423
63.9142,0.8819,3.7886
63.9144,0.9223,3.9585
63.9146,0.968,4.1526
63.9148,1.02,4.382
63.9150,0.9357,4.0161
63.9152,0.996,4.267
63.9154,1.0911,4.6722
63.9156,1.1134,4.7654
63.9158,1.1996,5.1296
63.9160,1.2608,5.3886
63.9162,1.2524,5.3577
63.9164,1.2479,5.3362
63.9166,1.2238,5.2381
63.9168,1.1748,5.0329
63.9170,1.0958,4.6987
63.9172,1.0875,4.6698
63.9174,0.9856,4.2322
63.9176,0.935,4.0168
63.9178,0.9545,4.0988
63.9180,0.9575,4.1117
63.9182,0.9482,4.0715
63.9184,0.9505,4.0851
63.9186,0.9633,4.1383
63.9188,0.9679,4.1579
63.9190,0.9832,4.214
63.9192,1.0837,4.6512
63.9194,0.9948,4.2738
63.9196,0.9133,3.9272
63.9198,0.8832,3.796
63.9200,0.9295,3.9931
63.9202,1.0093,4.3341
63.9204,0.9842,4.224
63.9206,0.9629,4.1387
63.9208,0.9385,4.0355
63.9210,0.934,4.0126
63.9212,0.9662,4.1526
63.9214,0.993,4.2621
63.9216,1.0453,4.4844
63.9218,1.0562,4.5418
63.9220,0.9442,4.0602
63.9222,0.9724,4.1775
63.9224,0.9735,4.1821
63.9226,0.9619,4.1321
63.9228,0.9709,4.1669
63.9230,0.9674,4.1597
63.9232,0.9249,3.9772
63.9234,0.9177,3.9481
63.9236,0.8928,3.8372
63.9238,0.893,3.8401
63.9240,0.8832,3.8031
63.9242,0.8273,3.5608
63.9244,0.8601,3.7017
63.9246,0.7983,3.4423
63.9248,0.7393,3.1894
63.9250,0.6867,2.9623
63.9252,0.7567,3.2463
63.9254,0.9788,4.2146
63.9256,0.7933,3.4158
63.9258,0.8134,3.501
63.9260,0.7981,3.4397
63.9262,0.7838,3.3782
63.9264,0.7851,3.3807
63.9266,0.8037,3.4608
63.9268,0.8063,3.4721
63.9270,0.7953,3.4262
63.9272,0.8119,3.4959
63.9274,0.793,3.418
63.9276,0.702,3.0286
63.9278,0.6914,2.9811
63.9280,0.7451,3.2113
63.9282,0.798,3.4328
63.9284,0.8268,3.5588
63.9286,0.823,3.5406
63.9288,0.8881,3.8118
63.9290,0.9692,4.1597
63.9292,0.9652,4.1524
63.9294,0.8511,3.6647
63.9296,0.8026,3.4561
63.9298,0.8115,3.4943
63.9300,0.7663,3.3058
63.9302,0.6653,2.8716
63.9304,0.662,2.8518
63.9306,0.7114,3.0675
63.9308,0.6733,2.9044
63.9310,0.6579,2.8408
63.9312,0.6481,2.7971
63.9314,0.6529,2.8165
63.9316,0.6545,2.8237
63.9318,0.6513,2.8085
63.9320,0.7042,3.0351
63.9322,0.741,3.1967
63.9324,0.6852,2.9561
63.9326,0.6556,2.8284
63.9328,0.6538,2.8232
63.9330,0.6529,2.8165
63.9332,0.6604,2.8477
63.9334,0.6608,2.8493
63.9336,0.6621,2.8537
63.9338,0.7198,3.0979
63.9340,0.7864,3.3833
63.9342,0.8206,3.5352
63.9344,0.7759,3.341
63.9346,0.7743,3.3358
63.9348,0.7715,3.3234
63.9350,0.7591,3.2702
63.9352,0.7721,3.3214
63.9354,0.8657,3.7121
63.9356,1.0051,4.3161
63.9358,0.9723,4.1847
63.9360,0.8583,3.6957
63.9362,0.8145,3.5072
63.9364,0.7488,3.2273
63.9366,0.7388,3.1859
63.9368,0.7363,3.1721
63.9370,0.7331,3.1552
63.9372,0.7831,3.3688
63.9374,0.8358,3.5941
63.9376,0.8671,3.7304
63.9378,0.8673,3.7327
63.9380,0.8234,3.5454
63.9382,0.7527,3.2459
63.9384,0.7635,3.2878
63.9386,0.864,3.7118
63.9388,0.8723,3.7543
63.9390,0.8481,3.6552
63.9392,0.7798,3.358
63.9394,0.7854,3.3833
63.9396,0.7213,3.1089
63.9398,0.7489,3.2248
63.9400,0.7538,3.246
63.9402,0.7105,3.0596
63.9404,0.7658,3.2915
63.9406,0.8756,3.7688
63.9408,0.8037,3.464
63.9410,0.7127,3.0717
63.9412,0.7183,3.0932
63.9414,0.7462,3.2129
63.9416,0.7472,3.2161
63.9418,0.7408,3.1941
63.9420,0.6864,2.9613
63.9422,0.6574,2.8361
63.9424,0.6589,2.845
63.9426,0.5504,2.3775
63.9428,0.5249,2.2698
63.9430,0.5266,2.2739
63.9432,0.5368,2.3168
63.9434,0.5381,2.3247
63.9436,0.5366,2.319
63.9438,0.5358,2.3149
63.9440,0.5692,2.4554
63.9442,0.6133,2.6446
63.9444,0.6556,2.8218
63.9446,0.6873,2.9649
63.9448,0.6222,2.6853
63.9450,0.6062,2.6141
63.9452,0.6186,2.6673
63.9454,0.6261,2.6986
63.9456,0.6382,2.7534
63.9458,0.6647,2.8637
63.9460,0.7435,3.1986
63.9462,0.8262,3.5529
63.9464,0.8043,3.4569
63.9466,0.8,3.4416
63.9468,0.8444,3.6307
63.9470,0.8537,3.6675
63.9472,0.8874,3.8105
63.9474,0.9593,4.1194
63.9476,0.97,4.1652
63.9478,0.9326,4.0009
63.9480,1.0037,4.2939
63.9482,1.1339,4.8532
63.9484,1.1344,4.8575
63.9486,1.1223,4.8169
63.9488,1.0194,4.3692
63.9490,1.1363,4.8634
63.9492,1.1762,5.0343
63.9494,1.1396,4.8864
63.9496,1.1024,4.7204
63.9498,1.172,5.0117
63.9500,1.1836,5.0798
63.9502,1.0312,4.4299
63.9504,0.9869,4.2319
63.9506,1.0066,4.3203
63.9508,1.029,4.4185
63.9510,0.9641,4.1381
63.9512,0.9809,4.2082
63.9514,0.9856,4.2302
63.9516,1.0089,4.3341
63.9518,0.9996,4.2904
63.9520,1.0049,4.3151
63.9522,1.0388,4.4587
63.9524,1.0613,4.5528
63.9526,1.0415,4.4638
63.9528,1.0758,4.6129
63.9530,1.0572,4.5395
63.9532,0.9898,4.2541
63.9534,1.0181,4.3717
63.9536,1.0283,4.4134
63.9538,1.0326,4.4299
63.9540,1.0194,4.3712
63.9542,1.0848,4.6471
63.9544,1.1348,4.8613
63.9546,1.1397,4.896
63.9548,0.9945,4.2723
63.9550,0.9647,4.1464
63.9552,0.9599,4.1258
63.9554,0.9687,4.1596
63.9556,0.9778,4.1987
63.9558,0.9238,3.9744
63.9560,0.9108,3.9145
63.9562,0.9258,3.9808
63.9564,0.8719,3.7563
63.9566,0.7362,3.176
63.9568,0.7342,3.1642
63.9570,0.7549,3.2552
63.9572,0.7015,3.0237
63.9574,0.6897,2.9725
63.9576,0.683,2.9449
63.9578,0.6782,2.927
63.9580,0.6968,3.0058
63.9582,0.7036,3.0311
63.9584,0.7569,3.2594
63.9586,0.7713,3.3244
63.9588,0.7765,3.3482
63.9590,0.7237,3.1207
63.9592,0.684,2.9523
63.9594,0.6195,2.6727
63.9596,0.6978,3.0091
63.9598,0.7319,3.1544
63.9600,0.7451,3.2098
63.9602,0.7526,3.2393
63.9604,0.8368,3.5982
63.9606,0.9053,3.8981
63.9608,0.8005,3.4532
63.9610,0.7363,3.1765
63.9612,0.7152,3.084
63.9614,0.693,2.9884
63.9616,0.6837,2.948
63.9618,0.7393,3.185
63.9620,0.7711,3.3234
63.9622,0.7295,3.1441
63.9624,0.7508,3.2376
63.9626,0.7236,3.1202
63.9628,0.6982,3.012
63.9630,0.6975,3.0089
63.9632,0.633,2.7319
63.9634,0.6127,2.6444
63.9636,0.6471,2.7916
63.9638,0.6731,2.9039
63.9640,0.6837,2.9467
63.9642,0.6709,2.8941
63.9644,0.6671,2.878
63.9646,0.6802,2.9344
63.9648,0.671,2.8919
63.9650,0.6759,2.9104
63.9652,0.7626,3.2791
63.9654,0.8328,3.5846
63.9656,0.8116,3.4997
63.9658,0.7331,3.1552
63.9660,0.8195,3.5256
63.9662,0.8129,3.4989
63.9664,0.8167,3.5116
63.9666,0.8179,3.5168
63.9668,0.8785,3.7759
63.9670,0.9096,3.9112
63.9672,0.9065,3.896
63.9674,0.8927,3.8367
63.9676,0.9066,3.8983
63.9678,0.8938,3.8449
63.9680,0.8542,3.6713
63.9682,0.8415,3.6167
63.9684,0.9151,3.9294
63.9686,0.9896,4.2492
63.9688,0.9782,4.2042
63.9690,0.9655,4.1476
63.9692,0.9481,4.0748
63.9694,0.9554,4.1005
63.9696,0.9962,4.2775
63.9698,0.9565,4.1109
63.9700,0.92,3.9579
63.9702,0.818,3.5157
63.9704,0.9531,4.0888
63.9706,1.0096,4.3432
63.9708,1.0109,4.3388
63.9710,1.062,4.5516
63.9712,1.0792,4.6321
63.9714,1.0255,4.4016
63.9716,1.0191,4.3697
63.9718,1.0567,4.5311
63.9720,1.0689,4.605
63.9722,0.8876,3.8204
63.9724,0.8852,3.8065
63.9726,0.933,4.0099
63.9728,0.9738,4.1778
63.9730,0.9788,4.2067
63.9732,0.9115,3.9195
63.9734,0.9308,4.0006
63.9736,0.9695,4.169
63.9738,0.9615,4.1287
63.9740,1.0229,4.3902
63.9742,0.9525,4.0977
63.9744,0.8424,3.6242
63.9746,0.9045,3.8841
63.9748,0.9482,4.0753
63.9750,0.8851,3.8096
63.9752,0.8271,3.5681
63.9754,0.7508,3.2331
63.9756,0.8044,3.4639
63.9758,0.7816,3.3658
63.9760,0.8322,3.582
63.9762,0.8646,3.7196
63.9764,0.9026,3.8795
63.9766,0.9182,3.9538
63.9768,0.833,3.5901
63.9770,0.7911,3.4081
63.9772,0.8411,3.6185
63.9774,0.8621,3.7105
63.9776,0.9027,3.8746
63.9778,1.0047,4.3201
63.9780,0.9327,4.0107
63.9782,0.9137,3.9251
63.9784,0.9641,4.1439
63.9786,0.9373,4.034
63.9788,0.9027,3.8782
63.9790,0.9754,4.1904
63.9792,0.9615,4.1306
63.9794,0.9,3.8772
63.9796,0.7809,3.3658
63.9798,0.7677,3.3089
63.9800,0.8701,3.7381
63.9802,0.9978,4.2867
63.9804,0.9633,4.1364
63.9806,0.9634,4.1388
63.9808,0.9809,4.216
63.9810,0.9531,4.0964
63.9812,0.9306,3.9958
63.9814,1.0665,4.5733
63.9816,1.1333,4.8597
63.9818,1.1539,4.9412
63.9820,1.1713,5.0203
63.9822,1.1392,4.8849
63.9824,1.1689,5.0077
63.9826,1.1827,5.0691
63.9828,1.1356,4.8694
63.9830,1.1584,4.9648
63.9832,1.1852,5.0776
63.9834,1.1864,5.0874
63.9836,1.1208,4.8084
63.9838,1.0959,4.6993
63.9840,1.1223,4.8101
63.9842,1.1795,5.0647
63.9844,1.0902,4.6768
63.9846,1.1194,4.8023
63.9848,1.1225,4.8134
63.9850,1.1562,4.9533
63.9852,1.1928,5.1218
63.9854,1.1063,4.7506
63.9856,1.1205,4.8047
63.9858,1.1345,4.8671
63.9860,1.1325,4.8651
63.9862,1.0728,4.6065
63.9864,1.1075,4.7514
63.9866,1.1488,4.926
63.9868,1.1439,4.9118
63.9870,1.0406,4.4789
63.9872,0.9767,4.1999
63.9874,1.005,4.3216
63.9876,1.0254,4.4134
63.9878,1.0333,4.4391
63.9880,1.0289,4.4283
63.9882,0.967,4.1562
63.9884,1.0037,4.3179
63.9886,0.9617,4.1355
63.9888,0.984,4.2314
63.9890,0.9938,4.2771
63.9892,0.9848,4.2286
63.9894,1.0445,4.4829
63.9896,1.0243,4.4128
63.9898,0.8291,3.5735
63.9900,0.794,3.4221
63.9902,0.8752,3.7685
63.9904,0.898,3.8666
63.9906,0.8928,3.8462
63.9908,0.8291,3.5769
63.9910,0.8068,3.4774
63.9912,0.7978,3.4371
63.9914,0.7818,3.371
63.9916,0.759,3.2682
63.9918,0.8978,3.8625
63.9920,0.944,4.063
63.9922,0.9482,4.0791
63.9924,0.9454,4.0654
63.9926,0.9387,4.0421
63.9928,0.8862,3.816
63.9930,0.8608,3.7082
63.9932,0.8627,3.7131
63.9934,0.883,3.8038
63.9936,0.8733,3.7602
63.9938,0.8737,3.7658
63.9940,0.8344,3.5996
63.9942,0.7984,3.4428
63.9944,0.8145,3.5056
63.9946,0.8326,3.5869
63.9948,0.8633,3.7122
63.9950,0.9501,4.0855
63.9952,0.956,4.1184
63.9954,0.8855,3.8111
63.9956,0.8786,3.7852
63.9958,0.8326,3.5852
63.9960,0.8631,3.7163
63.9962,0.9145,3.936
63.9964,0.9382,4.0401
63.9966,0.895,3.8519
63.9968,0.8809,3.7968
63.9970,0.8414,3.6279
63.9972,0.8033,3.464
63.9974,0.7842,3.3797
63.9976,0.7765,3.3482
63.9978,0.7659,3.3058
63.9980,0.7685,3.3151
63.9982,0.774,3.3343
63.9984,0.84,3.6172
63.9986,0.8989,3.8671
63.9988,0.9529,4.0992
63.9990,0.9227,3.9822
63.9992,0.7501,3.239
63.9994,0.7388,3.1859
63.9996,0.771,3.3291
63.9998,0.6777,2.9276
64.0000,0.6863,2.9594
64.0002,0.7218,3.1139
64.0004,0.7327,3.161
64.0006,0.7797,3.3622
64.0008,0.7813,3.3705
64.0010,0.7337,3.1666
64.0012,0.7328,3.16
64.0014,0.7677,3.3105
64.0016,0.7111,3.0693
64.0018,0.6882,2.9704
64.0020,0.6868,2.9615
64.0022,0.7762,3.3394
64.0024,0.882,3.7944
64.0026,0.9171,3.951
64.0028,0.9027,3.88
64.0030,0.9834,4.2229
64.0032,0.9909,4.2608
64.0034,0.9561,4.1112
64.0036,0.9854,4.2311
64.0038,1.0392,4.4665
64.0040,1.0012,4.3111
64.0042,0.8944,3.8511
64.0044,0.9084,3.9079
64.0046,0.9051,3.8957
64.0048,0.8554,3.6901
64.0050,0.8498,3.6556
64.0052,0.9396,4.042
64.0054,0.8614,3.7074
64.0056,0.9194,3.9553
64.0058,0.9086,3.9089
64.0060,0.9533,4.0994
64.0062,0.9844,4.229
64.0064,0.9948,4.2818
64.0066,0.9174,3.9429
64.0068,0.936,4.0209
64.0070,0.9289,3.9924
64.0072,0.9205,3.9636
64.0074,0.8911,3.8389
64.0076,0.877,3.7762
64.0078,0.8676,3.736
64.0080,0.947,4.0683
64.0082,1.0051,4.3161
64.0084,1.0414,4.4716
64.0086,1.0368,4.4541
64.0088,1.0592,4.5525
64.0090,1.0469,4.4994
64.0092,1.0289,4.4263
64.0094,0.9332,4.0165
64.0096,0.914,3.9339
64.0098,0.8704,3.7478
64.0100,0.9243,3.9728
64.0102,0.9292,4.0013
64.0104,0.9222,3.9653
64.0106,0.9699,4.1686
64.0108,1.015,4.3563
64.0110,1.0596,4.552
64.0112,1.0435,4.4788
64.0114,1.0994,4.7164
64.0116,1.1176,4.8035
64.0118,0.9349,4.0275
64.0120,0.8713,3.7554
64.0122,0.8403,3.6233
64.0124,0.8201,3.5331
64.0126,0.8074,3.4816
64.0128,0.8161,3.5139
64.0130,0.867,3.7351
64.0132,0.8334,3.5888
64.0134,0.8387,3.6132
64.0136,0.8916,3.8374
64.0138,0.9417,4.0475
64.0140,0.9822,4.2217
64.0142,0.9725,4.178
64.0144,0.9738,4.1895
64.0146,0.9591,4.1241
64.0148,0.9897,4.2536
64.0150,0.9826,4.2252
64.0152,0.9587,4.1245
64.0154,0.9604,4.126
64.0156,1.0673,4.5828
64.0158,1.068,4.588
64.0160,1.0503,4.5081
64.0162,1.0837,4.6533
64.0164,1.0732,4.615
64.0166,1.0099,4.3508
64.0168,0.9224,3.9682
64.0170,0.9231,3.9676
64.0172,1.0121,4.3439
64.0174,1.1152,4.7776
64.0176,1.1938,5.114
64.0178,1.2169,5.2156
64.0180,1.2525,5.3682
64.0182,1.2303,5.2732
64.0184,1.2109,5.1947
64.0186,1.2394,5.3073
64.0188,1.2525,5.3632
64.0190,1.2684,5.4315
64.0192,1.268,5.4345
64.0194,1.25,5.3574
64.0196,1.2501,5.3605
64.0198,1.2185,5.2296
64.0200,1.1626,4.9875
64.0202,1.1963,5.1344
64.0204,1.1225,4.8224
64.0206,1.0476,4.5004
64.0208,1.0872,4.6704
64.0210,1.1,4.7255
64.0212,1.1109,4.7724
64.0214,1.0626,4.5712
64.0216,0.995,4.2783
64.0218,1.0249,4.4051
64.0220,1.0557,4.5334
64.0222,1.1066,4.7517
64.0224,1.089,4.6803
64.0226,1.0705,4.5945
64.0228,1.1363,4.8884
64.0230,1.0442,4.4944
64.0232,0.9969,4.2826
64.0234,1.0667,4.5909
64.0236,1.0113,4.3504
64.0238,0.9764,4.2042
64.0240,0.9313,4.012
64.0242,0.9524,4.1029
64.0244,0.8939,3.849
64.0246,0.8966,3.8591
64.0248,0.918,3.9583
64.0250,0.8869,3.8209
64.0252,0.9039,3.8906
64.0254,0.9761,4.1954
64.0256,1.1179,4.809
64.0258,0.9894,4.2645
64.0260,0.8435,3.6339
64.0262,0.8685,3.7448
64.0264,0.9017,3.8772
64.0266,0.9962,4.2854
64.0268,0.9404,4.0531
64.0270,0.9292,4.005
64.0272,0.9161,3.9464
64.0274,0.9517,4.096
64.0276,0.9369,4.0288
64.0278,0.984,4.2373
64.0280,0.9175,3.9471
64.0282,1.0071,4.3263
64.0284,1.0659,4.5814
64.0286,1.0487,4.5135
64.0288,0.9804,4.2198
64.0290,0.9609,4.1319
64.0292,0.9971,4.2896
64.0294,0.9947,4.2773
64.0296,0.9987,4.2963
64.0298,1.0085,4.3426
64.0300,0.9432,4.0574
64.0302,0.9645,4.1512
64.0304,0.9849,4.2409
64.0306,0.9309,4.0104
64.0308,0.8597,3.707
64.0310,0.8681,3.7398
64.0312,0.9138,3.9347
64.0314,0.9337,4.0186
64.0316,0.9539,4.1039
64.0318,0.9926,4.268
64.0320,1.0037,4.324
64.0322,0.9374,4.0402
64.0324,0.849,3.6559
64.0326,0.883,3.8003
64.0328,0.9198,3.9642
64.0330,0.8688,3.7498
64.0332,0.867,3.7334
64.0334,0.8965,3.8604
64.0336,0.878,3.7861
64.0338,0.8233,3.5482
64.0340,0.8386,3.6127
64.0342,0.8586,3.7007
64.0344,0.8695,3.746
64.0346,0.911,3.9174
64.0348,1.0521,4.5284
64.0350,1.0306,4.4232
64.0352,1.1255,4.833
64.0354,1.1162,4.7995
64.0356,1.0503,4.5144
64.0358,1.0879,4.68
64.0360,1.0434,4.4887
64.0362,1.0423,4.4799
64.0364,1.038,4.4655
64.0366,1.0352,4.4577
64.0368,1.0314,4.4309
64.0370,1.0683,4.5874
64.0372,1.1208,4.8129
64.0374,1.133,4.8672
64.0376,1.1485,4.9365
64.0378,1.1254,4.8302
64.0380,1.1579,4.9767
64.0382,1.1279,4.8433
64.0384,1.1608,4.9913
64.0386,1.0203,4.3912
64.0388,0.9151,3.9459
64.0390,0.9246,3.9793
64.0392,1.0334,4.4479
64.0394,0.947,4.0815
64.0396,0.8819,3.8009
64.0398,0.9128,3.9288
64.0400,0.9904,4.2567
64.0402,1.0185,4.3793
64.0404,1.0149,4.3761
64.0406,0.961,4.1362
64.0408,0.9628,4.142
64.0410,0.9614,4.1397
64.0412,0.9039,3.8888
64.0414,1.0145,4.3623
64.0416,0.9764,4.2042
64.0418,1.0408,4.4711
64.0420,1.0635,4.5775
64.0422,0.9661,4.1579
64.0424,0.9418,4.0574
64.0426,0.9218,3.9712
64.0428,0.9584,4.1172
64.0430,1.0276,4.4144
64.0432,1.0658,4.583
64.0434,1.0248,4.421
64.0436,0.8249,3.5637
64.0438,0.7527,3.2489
64.0440,0.801,3.4489
64.0442,0.9625,4.1424
64.0444,1.0514,4.5169
64.0446,1.0297,4.4278
64.0448,1.0227,4.3953
64.0450,1.0646,4.5821
64.0452,1.0789,4.6327
64.0454,1.1599,4.9761
64.0456,1.1947,5.1325
64.0458,1.1013,4.7268
64.0460,1.115,4.7899
64.0462,1.1011,4.7412
64.0464,0.9864,4.2437
64.0466,1.002,4.3107
64.0468,1.0426,4.4767
64.0470,1.1265,4.8394
64.0472,1.1381,4.8871
64.0474,1.1549,4.9568
64.0476,1.1494,4.9332
64.0478,1.1589,4.9785
64.0480,1.1691,5.0222
64.0482,1.1656,5.0073
64.0484,1.1708,5.0253
64.0486,1.1905,5.1049
64.0488,1.2279,5.2702
64.0490,1.1834,5.077
64.0492,1.1752,5.0462
64.0494,1.1556,4.9646
64.0496,1.1627,4.9973
64.0498,1.18,5.0668
64.0500,1.1693,5.0186
64.0502,1.1922,5.1145
64.0504,1.2509,5.3716
64.0506,1.2086,5.1826
64.0508,1.2633,5.4246
64.0510,1.2792,5.4879
64.0512,1.2839,5.5054
64.0514,1.276,5.4715
64.0516,1.2888,5.5265
64.0518,1.325,5.6765
64.0520,1.3043,5.5876
64.0522,1.3044,5.5881
64.0524,1.3794,5.9092
64.0526,1.3662,5.8581
64.0528,1.2942,5.5497
64.0530,1.3009,5.5706
64.0532,1.3424,5.7644
64.0534,1.2265,5.2616
64.0536,1.2031,5.1613
64.0538,1.2262,5.2679
64.0540,1.2098,5.195
64.0542,1.2099,5.1955
64.0544,1.1915,5.1114
64.0546,1.2653,5.4283
64.0548,1.2843,5.5095
64.0550,1.2836,5.5142
64.0552,1.2717,5.453
64.0554,1.2876,5.524
64.0556,1.3139,5.6366
64.0558,1.2898,5.5306
64.0560,1.2961,5.5631
64.0562,1.239,5.3176
64.0564,1.2019,5.1634
64.0566,1.1776,5.0635
64.0568,1.2159,5.2188
64.0570,1.2852,5.5188
64.0572,1.2107,5.2058
64.0574,1.1259,4.8413
64.0576,1.0469,4.5078
64.0578,0.9782,4.2139
64.0580,0.9997,4.3109
64.0582,0.9723,4.1886
64.0584,0.993,4.276
64.0586,0.9791,4.2181
64.0588,0.9988,4.3048
64.0590,0.9929,4.2775
64.0592,1.0018,4.3177
64.0594,0.9193,3.9622
64.0596,0.9027,3.8999
64.0598,0.8697,3.7552
64.0600,0.8577,3.7
64.0602,0.8795,3.7941
64.0604,0.8844,3.8153
64.0606,0.8933,3.8518
64.0608,0.8946,3.8557
64.0610,0.9806,4.2223
64.0612,0.9909,4.2727
64.0614,1.0027,4.3218
64.0616,1.0037,4.3159
64.0618,1.038,4.4717
64.0620,0.9904,4.2666
64.0622,0.9813,4.2254
64.0624,1.0177,4.3803
64.0626,1.0027,4.3279
64.0628,0.8728,3.7686
64.0630,0.8821,3.8055
64.0632,0.8578,3.697
64.0634,0.9421,4.0585
64.0636,1.0229,4.4025
64.0638,0.9674,4.1694
64.0640,0.9483,4.0853
64.0642,0.981,4.2263
64.0644,0.9526,4.1058
64.0646,0.9114,3.9335
64.0648,0.8864,3.8294
64.0650,0.8037,3.4672
64.0652,0.8447,3.6424
64.0654,0.8716,3.7547
64.0656,0.9225,3.978
64.0658,0.8818,3.8057
64.0660,0.867,3.7403
64.0662,0.8482,3.6523
64.0664,0.9548,4.1113
64.0666,0.926,3.9929
64.0668,0.883,3.8091
64.0670,0.8671,3.7408
64.0672,0.8756,3.7811
64.0674,0.8754,3.78
64.0676,0.8764,3.7719
64.0678,1.022,4.3969
64.0680,1.0685,4.5986
64.0682,1.0415,4.4804
64.0684,1.0384,4.4649
64.0686,1.0176,4.3818
64.0688,1.0261,4.4144
64.0690,1.1212,4.8212
64.0692,1.1282,4.8466
64.0694,1.121,4.8179
64.0696,1.1018,4.7399
64.0698,1.0891,4.683
64.0700,1.0846,4.6639
64.0702,1.059,4.5557
64.0704,1.052,4.5279
64.0706,1.09,4.6893
64.0708,1.0783,4.6409
64.0710,1.087,4.6677
64.0712,1.1219,4.8221
64.0714,1.0326,4.4423
64.0716,1.0478,4.5099
64.0718,1.0879,4.68
64.0720,1.124,4.8308
64.0722,1.099,4.7324
64.0724,0.9471,4.0896
64.0726,0.7765,3.3544
64.0728,0.7568,3.2695
64.0730,0.7581,3.2767
64.0732,0.7475,3.2306
64.0734,0.7486,3.2337
64.0736,0.7591,3.2778
64.0738,0.7659,3.3089
64.0740,0.7622,3.2943
64.0742,0.7617,3.2892
64.0744,0.77,3.3265
64.0746,0.7671,3.314
64.0748,0.768,3.3146
64.0750,0.8387,3.6166
64.0752,0.848,3.6598
64.0754,0.797,3.4414
64.0756,0.7765,3.3529
64.0758,0.7614,3.2861
64.0760,0.7476,3.2266
64.0762,0.7536,3.254
64.0764,0.756,3.2643
64.0766,0.7807,3.3648
64.0768,0.8444,3.6392
64.0770,0.8358,3.6108
64.0772,0.8233,3.5499
64.0774,0.8724,3.7566
64.0776,0.8759,3.7751
64.0778,0.8791,3.789
64.0780,0.9271,3.992
64.0782,0.924,3.9786
64.0784,0.9792,4.2166
64.0786,1.0107,4.3479
64.0788,0.9894,4.2546
64.0790,0.9939,4.2796
64.0792,0.9987,4.2903
64.0794,1.0812,4.6555
64.0796,0.9896,4.2591
64.0798,1.0597,4.5546
64.0800,1.0497,4.5139
64.0802,1.0382,4.4644
64.0804,1.0957,4.707
64.0806,1.1012,4.7329
64.0808,1.0513,4.5206
64.0810,1.0038,4.3164
64.0812,1.1068,4.7549
64.0814,1.1026,4.7347
64.0816,1.1155,4.7875
64.0818,1.1524,4.946
64.0820,1.178,5.0609
64.0822,1.156,4.9638
64.0824,1.15,4.9426
64.0826,1.1119,4.7765
64.0828,1.205,5.1647
64.0830,1.2294,5.2863
64.0832,1.1001,4.7305
64.0834,1.1297,4.8488
64.0836,1.1874,5.1011
64.0838,1.1213,4.8172
64.0840,1.1496,4.9411
64.0842,1.1627,4.9926
64.0844,1.1398,4.9034
64.0846,1.0104,4.3509
64.0848,0.973,4.1917
64.0850,0.9538,4.1091
64.0852,0.97,4.1808
64.0854,0.9414,4.0516
64.0856,1.07,4.5946
64.0858,1.2024,5.1606
64.0860,1.2185,5.2296
64.0862,1.2162,5.2198
64.0864,1.2085,5.1796
64.0866,1.2411,5.3219
64.0868,1.2698,5.4473
64.0870,1.2613,5.4158
64.0872,1.2454,5.3354
64.0874,1.3457,5.7702
64.0876,1.2942,5.5626
64.0878,1.0951,4.711
64.0880,0.9968,4.288
64.0882,1.0593,4.553
64.0884,1.1662,5.0099
64.0886,1.1858,5.0849
64.0888,1.252,5.3712
64.0890,1.2453,5.3474
64.0892,1.1339,4.8804
64.0894,0.9963,4.2899
64.0896,1.024,4.4092
64.0898,1.0255,4.4159
64.0900,0.985,4.2473
64.0902,0.8348,3.6095
64.0904,0.7292,3.1533
64.0906,0.7507,3.2431
64.0908,0.7266,3.1404
64.0910,0.7416,3.2052
64.0912,0.7767,3.3539
64.0914,0.8171,3.5251
64.0916,0.893,3.849
64.0918,0.8748,3.7739
64.0920,0.8151,3.5277
64.0922,0.6018,2.607
64.0924,0.5171,2.2382
64.0926,0.603,2.6097
64.0928,0.6342,2.7447
64.0930,0.6751,2.9176
64.0932,0.6545,2.8329
64.0934,0.5982,2.5914
64.0936,0.5575,2.4142
64.0938,0.5447,2.3554
64.0940,0.5772,2.4982
64.0942,0.5873,2.5406
64.0944,0.6542,2.8248
64.0946,0.7486,3.2278
64.0948,0.8218,3.5453
64.0950,0.7742,3.343
64.0952,0.7318,3.1598
64.0954,0.7303,3.155
64.0956,0.688,2.9722
64.0958,0.6844,2.958
64.0960,0.6861,2.968
64.0962,0.5926,2.5658
64.0964,0.4899,2.1233
64.0966,0.4775,2.0693
64.0968,0.4759,2.0587
64.0970,0.5452,2.3607
64.0972,0.5404,2.3378
64.0974,0.5747,2.4861
64.0976,0.5409,2.3442
64.0978,0.5075,2.1987
64.0980,0.5163,2.2346
64.0982,0.5198,2.2506
64.0984,0.5227,2.2621
64.0986,0.5156,2.2314
64.0988,0.5139,2.2231
64.0990,0.5198,2.2475
64.0992,0.5252,2.2729
64.0994,0.5536,2.3937
64.0996,0.6266,2.7057
64.0998,0.6492,2.803
64.1000,0.6345,2.7424
64.1002,0.645,2.7836
64.1004,0.6968,3.0072
64.1006,0.6436,2.7792
64.1008,0.7018,3.0247
64.1010,0.7502,3.2365
64.1012,0.7235,3.1211
64.1014,0.7673,3.3069
64.1016,0.8885,3.8151
64.1018,0.9892,4.2516
64.1020,0.9295,3.9986
64.1022,0.9119,3.9301
64.1024,0.701,3.0281
64.1026,0.6488,2.8041
64.1028,0.6626,2.8584
64.1030,0.7186,3.0956
64.1032,0.7414,3.1982
64.1034,0.7561,3.2603
64.1036,0.7879,3.3926
64.1038,0.8404,3.6204
64.1040,0.8131,3.501
64.1042,0.8019,3.4594
64.1044,0.6899,2.9805
64.1046,0.6571,2.8346
64.1048,0.7591,3.2702
64.1050,0.7735,3.3384
64.1052,0.6735,2.9001
64.1054,0.7978,3.4403
64.1056,0.6864,2.9641
64.1058,0.711,3.0716
64.1060,0.7107,3.0644
64.1062,0.7505,3.233
64.1064,0.7555,3.2562
64.1066,0.7412,3.1933
64.1068,0.7368,3.1756
64.1070,0.7739,3.3353
64.1072,0.6958,3.0044
64.1074,0.6296,2.7149
64.1076,0.6591,2.8487
64.1078,0.6367,2.7479
64.1080,0.6691,2.8877
64.1082,0.6731,2.9039
64.1084,0.6763,2.9173
64.1086,0.6857,2.9568
64.1088,0.7394,3.1811
64.1090,0.7559,3.2578
64.1092,0.6908,2.9827
64.1094,0.679,2.9279
64.1096,0.6724,2.9008
64.1098,0.662,2.8545
64.1100,0.6218,2.685
64.1102,0.629,2.7135
64.1104,0.6669,2.8797
64.1106,0.5876,2.5386
64.1108,0.5776,2.4951
64.1110,0.6065,2.6187
64.1112,0.6622,2.8582
64.1114,0.6215,2.6834
64.1116,0.5792,2.5012
64.1118,0.573,2.4731
64.1120,0.5789,2.4996
64.1122,0.5849,2.5255
64.1124,0.5968,2.5744
64.1126,0.642,2.7694
64.1128,0.7071,3.0475
64.1130,0.6911,2.9801
64.1132,0.6869,2.9579
64.1134,0.7627,3.2827
64.1136,0.8254,3.5509
64.1138,0.8613,3.7034
64.1140,0.8503,3.6548
64.1142,0.9309,3.9955
64.1144,0.98,4.208
64.1146,1.0464,4.4848
64.1148,1.1685,4.9986
64.1150,1.1906,5.0983
64.1152,1.1742,5.0256
64.1154,1.2446,5.3219
64.1156,1.2869,5.508
64.1158,1.2512,5.3551
64.1160,1.2414,5.318
64.1162,1.1384,4.8744
64.1164,1.1362,4.8743
64.1166,1.0721,4.597
64.1168,1.1012,4.7219
64.1170,1.1109,4.7746
64.1172,1.0015,4.3046
64.1174,0.9723,4.175
64.1176,0.9531,4.0945
64.1178,1.0173,4.3681
64.1180,1.0085,4.3265
64.1182,1.0328,4.4309
64.1184,1.0761,4.623
64.1186,0.9924,4.2714
64.1188,0.962,4.1327
64.1190,0.9592,4.1227
64.1192,0.9832,4.2238
64.1194,1.0328,4.4288
64.1196,1.0201,4.3866
64.1198,0.9427,4.0535
64.1200,0.9411,4.0506
64.1202,0.9368,4.032
64.1204,0.9228,3.9661
64.1206,0.9159,3.9367
64.1208,0.947,4.0683
64.1210,0.9813,4.2136
64.1212,1.0179,4.3747
64.1214,0.9658,4.1511
64.1216,0.9393,4.0391
64.1218,0.9324,4.0129
64.1220,0.9062,3.9058
64.1222,0.7664,3.3033
64.1224,0.7374,3.1826
64.1226,0.7035,3.0348
64.1228,0.7366,3.1731
64.1230,0.7776,3.3529
64.1232,0.774,3.3343
64.1234,0.8225,3.5468
64.1236,0.786,3.3844
64.1238,0.7856,3.3859
64.1240,0.7739,3.3368
64.1242,0.7068,3.0492
64.1244,0.6994,3.0088
64.1246,0.8741,3.7603
64.1248,0.859,3.7039
64.1250,0.7649,3.2996
64.1252,0.6934,2.9913
64.1254,0.7322,3.1545
64.1256,0.7627,3.2811
64.1258,0.8268,3.5604
64.1260,0.8313,3.5812
64.1262,0.8375,3.6047
64.1264,0.8203,3.532
64.1266,0.8229,3.545
64.1268,0.8786,3.7782
64.1270,0.9069,3.9035
64.1272,0.8243,3.5529
64.1274,0.6946,2.9993
64.1276,0.6896,2.9706
64.1278,0.8297,3.5778
64.1280,0.8314,3.58
64.1282,0.8387,3.6048
64.1284,0.9288,3.9918
64.1286,0.9832,4.2258
64.1288,0.9143,3.9386
64.1290,0.8056,3.4722
64.1292,0.774,3.3358
64.1294,0.7109,3.0725
64.1296,0.6237,2.6945
64.1298,0.6187,2.6715
64.1300,0.6285,2.7115
64.1302,0.6318,2.728
64.1304,0.6152,2.6565
64.1306,0.6163,2.6599
64.1308,0.6186,2.6698
64.1310,0.6417,2.7671
64.1312,0.759,3.2697
64.1314,0.7864,3.3927
64.1316,0.6418,2.7715
64.1318,0.6041,2.6084
64.1320,0.6068,2.6191
64.1322,0.6012,2.5947
64.1324,0.6453,2.7813
64.1326,0.7313,3.1504
64.1328,0.7342,3.1657
64.1330,0.7338,3.1627
64.1332,0.731,3.1508
64.1334,0.7291,3.1396
64.1336,0.7297,3.1451
64.1338,0.7548,3.2486
64.1340,0.9072,3.8991
64.1342,0.8831,3.8008
64.1344,0.8484,3.6483
64.1346,0.8836,3.7993
64.1348,0.8675,3.7372
64.1350,0.8215,3.5339
64.1352,0.8163,3.515
64.1354,0.7363,3.175
64.1356,0.733,3.162
64.1358,0.7242,3.1199
64.1360,0.7326,3.1575
64.1362,0.7398,3.1885
64.1364,0.7415,3.1928
64.1366,0.7429,3.2035
64.1368,0.7647,3.2914
64.1370,0.837,3.5959
64.1372,0.8788,3.7805
64.1374,0.8583,3.694
64.1376,0.8486,3.6539
64.1378,0.7717,3.3198
64.1380,0.868,3.734
64.1382,0.8321,3.5848
64.1384,0.7099,3.0641
64.1386,0.6032,2.6047
64.1388,0.6506,2.808
64.1390,0.6571,2.8346
64.1392,0.6478,2.7961
64.1394,0.6864,2.9586
64.1396,0.7159,3.0871
64.1398,0.7032,3.0323
64.1400,0.7061,3.0391
64.1402,0.7444,3.2082
64.1404,0.7155,3.0851
64.1406,0.6782,2.9283
64.1408,0.6117,2.6427
64.1410,0.5348,2.3091
64.1412,0.6054,2.6092
64.1414,0.6694,2.8919
64.1416,0.5598,2.4173
64.1418,0.5812,2.506
64.1420,0.6388,2.756
64.1422,0.6185,2.6717
64.1424,0.5634,2.4362
64.1426,0.4852,2.0992
64.1428,0.5059,2.1854
64.1430,0.5339,2.3066
64.1432,0.5322,2.2961
64.1434,0.6386,2.7511
64.1436,0.6391,2.757
64.1438,0.6381,2.7541
64.1440,0.6444,2.7798
64.1442,0.6298,2.7159
64.1444,0.6161,2.6565
64.1446,0.6264,2.7022
64.1448,0.6669,2.873
64.1450,0.6854,2.9525
64.1452,0.6302,2.72
64.1454,0.6219,2.6818
64.1456,0.653,2.8144
64.1458,0.6676,2.8761
64.1460,0.7181,3.0936
64.1462,0.7029,3.0237
64.1464,0.7609,3.2734
64.1466,0.7758,3.3358
64.1468,0.8057,3.4679
64.1470,0.794,3.4126
64.1472,0.8646,3.7196
64.1474,0.8634,3.711
64.1476,0.8587,3.6874
64.1478,0.8819,3.7886
64.1480,0.8965,3.8532
64.1482,0.8652,3.7204
64.1484,0.8537,3.6658
64.1486,0.9396,4.0345
64.1488,0.9942,4.2692
64.1490,0.9523,4.0871
64.1492,0.9577,4.1084
64.1494,0.9693,4.1602
64.1496,0.9517,4.0884
64.1498,0.932,4.002
64.1500,0.9526,4.0887
64.1502,1.0756,4.6102
64.1504,1.1114,4.7611
64.1506,1.1024,4.727
64.1508,1.0657,4.5782
64.1510,0.9554,4.1024
64.1512,1.0116,4.3338
64.1514,1.102,4.7233
64.1516,1.0627,4.5611
64.1518,1.0014,4.3121
64.1520,0.8307,3.5719
64.1522,0.8129,3.4989
64.1524,0.8357,3.5936
64.1526,0.8601,3.6965
64.1528,0.8915,3.8333
64.1530,0.897,3.8517
64.1532,0.9814,4.2141
64.1534,1.033,4.4335
64.1536,1.02,4.384
64.1538,0.9222,3.9598
64.1540,0.9195,3.954
64.1542,0.9187,3.9467
64.1544,0.9668,4.1513
64.1546,0.9507,4.0861
64.1548,0.9628,4.1343
64.1550,1.021,4.3779
64.1552,1.027,4.418
64.1554,0.8387,3.6149
64.1556,0.7436,3.2021
64.1558,0.7507,3.2341
64.1560,0.7757,3.3399
64.1562,0.7688,3.3197
64.1564,0.634,2.7391
64.1566,0.6109,2.6354
64.1568,0.6384,2.7513
64.1570,0.6458,2.7885
64.1572,0.5287,2.2827
64.1574,0.5169,2.233
64.1576,0.5152,2.2258
64.1578,0.6065,2.6139
64.1580,0.7077,3.0515
64.1582,0.6344,2.7432
64.1584,0.5386,2.3235
64.1586,0.6603,2.8472
64.1588,0.6352,2.7404
64.1590,0.6364,2.7456
64.1592,0.6721,2.8925
64.1594,0.7874,3.3905
64.1596,0.7411,3.1957
64.1598,0.6511,2.8139
64.1600,0.5091,2.1993
64.1602,0.4965,2.1469
64.1604,0.4898,2.1169
64.1606,0.4794,2.0747
64.1608,0.4138,1.7892
64.1610,0.4064,1.7562
64.1612,0.4058,1.7553
64.1614,0.4223,1.826
64.1616,0.5209,2.2501
64.1618,0.5694,2.4542
64.1620,0.5938,2.5627
64.1622,0.5512,2.3789
64.1624,0.5628,2.4314
64.1626,0.5378,2.3221
64.1628,0.474,2.0476
64.1630,0.4441,1.9212
64.1632,0.4479,1.9351
64.1634,0.4947,2.1342
64.1636,0.5367,2.3152
64.1638,0.5441,2.3484
64.1640,0.5627,2.4275
64.1642,0.5483,2.3654
64.1644,0.5694,2.4564
64.1646,0.5141,2.2231
64.1648,0.4875,2.1061
64.1650,0.5032,2.1719
64.1652,0.5418,2.3375
64.1654,0.5856,2.5239
64.1656,0.6467,2.7849
64.1658,0.6521,2.8068
64.1660,0.7106,3.0572
64.1662,0.7624,3.2785
64.1664,0.8094,3.4806
64.1666,0.8037,3.4575
64.1668,0.7193,3.1001
64.1670,0.6614,2.8518
64.1672,0.7007,3.0144
64.1674,0.817,3.5049
64.1676,0.9054,3.8877
64.1678,0.8598,3.6972
64.1680,0.7988,3.4315
64.1682,0.8792,3.7754
64.1684,0.8957,3.8495
64.1686,0.8802,3.776
64.1688,0.9398,4.0298
64.1690,0.908,3.899
64.1692,0.8026,3.4561
64.1694,0.6742,2.9098
64.1696,0.5814,2.5105
64.1698,0.5523,2.3825
64.1700,0.588,2.5331
64.1702,0.6434,2.773
64.1704,0.6557,2.8262
64.1706,0.6242,2.6891
64.1708,0.6255,2.6997
64.1710,0.6092,2.6257
64.1712,0.6253,2.6987
64.1714,0.5913,2.5511
64.1716,0.5569,2.4049
64.1718,0.5399,2.3324
64.1720,0.4714,2.0357
64.1722,0.4892,2.1104
64.1724,0.5093,2.2003
64.1726,0.5006,2.1615
64.1728,0.4988,2.1538
64.1730,0.53,2.2884
64.1732,0.5132,2.2159
64.1734,0.5084,2.1911
64.1736,0.575,2.4761
64.1738,0.6011,2.5882
64.1740,0.5885,2.5387
64.1742,0.5765,2.4881
64.1744,0.5285,2.2811
64.1746,0.5143,2.2205
64.1748,0.4249,1.8374
64.1750,0.3962,1.713
64.1752,0.3953,1.7077
64.1754,0.3995,1.7243
64.1756,0.4274,1.8457
64.1758,0.4096,1.7686
64.1760,0.5011,2.1626
64.1762,0.5072,2.188
64.1764,0.512,2.2066
64.1766,0.5663,2.443
64.1768,0.5138,2.2164
64.1770,0.5036,2.1724
64.1772,0.5037,2.174
64.1774,0.5033,2.1704
64.1776,0.5069,2.1859
64.1778,0.5003,2.1585
64.1780,0.4991,2.1533
64.1782,0.5475,2.3629
64.1784,0.5005,2.16
64.1786,0.5121,2.2081
64.1788,0.5524,2.3797
64.1790,0.6193,2.6642
64.1792,0.6597,2.838
64.1794,0.715,3.0772
64.1796,0.7142,3.0713
64.1798,0.7541,3.2424
64.1800,0.767,3.2981
64.1802,0.8007,3.4366
64.1804,0.8084,3.4711
64.1806,0.7792,3.346
64.1808,0.8834,3.7899
64.1810,0.9037,3.8786
64.1812,0.8605,3.6917
64.1814,0.9193,3.9455
64.1816,0.9082,3.8964
64.1818,0.8949,3.8411
64.1820,0.9038,3.8773
64.1822,0.9145,3.9249
64.1824,0.9194,3.946
64.1826,0.9151,3.9239
64.1828,0.9734,4.1757
64.1830,0.9785,4.1958
64.1832,0.9853,4.2212
64.1834,1.0003,4.2874
64.1836,0.9737,4.1733
64.1838,0.9839,4.2072
64.1840,1.107,4.7381
64.1842,1.0704,4.5875
64.1844,1.006,4.3176
64.1846,0.9711,4.164
64.1848,0.9616,4.1253
64.1850,0.9533,4.0898
64.1852,0.9466,4.061
64.1854,0.8774,3.773
64.1856,0.8206,3.5269
64.1858,0.8429,3.6194
64.1860,0.8664,3.7238
64.1862,0.8724,3.7461
64.1864,0.9219,3.955
64.1866,0.9455,4.0544
64.1868,0.941,4.0406
64.1870,0.8909,3.8236
64.1872,0.8939,3.8364
64.1874,0.9525,4.0938
64.1876,0.8633,3.7138
64.1878,0.8156,3.5037
64.1880,0.8753,3.7584
64.1882,0.8617,3.702
64.1884,0.8078,3.4734
64.1886,0.8255,3.5464
64.1888,0.89,3.8217
64.1890,0.8656,3.7236
64.1892,0.7982,3.4385
64.1894,0.7283,3.136
64.1896,0.7194,3.0934
64.1898,0.7957,3.4197
64.1900,0.8121,3.4936
64.1902,0.7262,3.1272
64.1904,0.7009,3.0224
64.1906,0.7105,3.0595
64.1908,0.7206,3.1043
64.1910,0.7071,3.0403
64.1912,0.7602,3.2718
64.1914,0.76,3.2728
64.1916,0.7582,3.262
64.1918,0.7553,3.2476
64.1920,0.7628,3.2846
64.1922,0.7443,3.2051
64.1924,0.749,3.2238
64.1926,0.7092,3.0553
64.1928,0.6591,2.8446
64.1930,0.5723,2.4677
64.1932,0.5705,2.4611
64.1934,0.5797,2.5044
64.1936,0.5176,2.2361
64.1938,0.4858,2.0998
64.1940,0.4951,2.1347
64.1942,0.6382,2.7533
64.1944,0.5801,2.5025
64.1946,0.5507,2.3757
64.1948,0.5333,2.3029
64.1950,0.5261,2.2697
64.1952,0.5268,2.2739
64.1954,0.5244,2.2656
64.1956,0.5261,2.2718
64.1958,0.5232,2.2573
64.1960,0.5231,2.2578
64.1962,0.524,2.2604
64.1964,0.527,2.2733
64.1966,0.5308,2.2909
64.1968,0.5409,2.3344
64.1970,0.5427,2.3422
64.1972,0.5396,2.3265
64.1974,0.5771,2.4872
64.1976,0.6348,2.7358
64.1978,0.6121,2.6393
64.1980,0.549,2.3696
64.1982,0.5376,2.3183
64.1984,0.578,2.489
64.1986,0.6609,2.8458
64.1988,0.6724,2.8967
64.1990,0.6418,2.7676
64.1992,0.6337,2.7286
64.1994,0.6398,2.7536
64.1996,0.6569,2.8314
64.1998,0.6503,2.7991
64.2000,0.7207,3.0977
64.2002,0.8134,3.4928
64.2004,0.818,3.5172
64.2006,0.7696,3.3064
64.2008,0.78,3.3491
64.2010,0.8328,3.5795
64.2012,0.8006,3.4425
64.2014,0.7158,3.0794
64.2016,0.7258,3.1193
64.2018,0.7271,3.1308
64.2020,0.6704,2.8919
64.2022,0.6584,2.835
64.2024,0.6589,2.837
64.2026,0.6316,2.7211
64.2028,0.6611,2.8455
64.2030,0.7146,3.0714
64.2032,0.7401,3.1841
64.2034,0.7314,3.1494
64.2036,0.7289,3.1356
64.2038,0.7398,3.187
64.2040,0.7277,3.1261
64.2042,0.8085,3.4733
64.2044,0.7828,3.3693
64.2046,0.6605,2.8482
64.2048,0.5948,2.5637
64.2050,0.6189,2.6639
64.2052,0.6433,2.7712
64.2054,0.6743,2.9036
64.2056,0.6696,2.8862
64.2058,0.6049,2.6071
64.2060,0.6036,2.6014
64.2062,0.6123,2.6379
64.2064,0.6225,2.6781
64.2066,0.6578,2.8337
64.2068,0.614,2.6452
64.2070,0.68,2.9279
64.2072,0.6491,2.7939
64.2074,0.7044,3.0276
64.2076,0.7741,3.3301
64.2078,0.7189,3.0899
64.2080,0.7152,3.0768
64.2082,0.7116,3.0628
64.2084,0.7025,3.0193
64.2086,0.7273,3.126
64.2088,0.7597,3.2651
64.2090,0.8165,3.5094
64.2092,0.8248,3.5417
64.2094,0.882,3.7837
64.2096,0.8695,3.7337
64.2098,0.8773,3.7742
64.2100,0.7759,3.3425
64.2102,0.6298,2.7184
64.2104,0.5085,2.1957
64.2106,0.5008,2.1616
64.2108,0.561,2.418
64.2110,0.5574,2.4047
64.2112,0.4963,2.1419
64.2114,0.4916,2.1217
64.2116,0.5032,2.1689
64.2118,0.5638,2.431
64.2120,0.547,2.3586
64.2122,0.5711,2.4591
64.2124,0.6927,2.9785
64.2126,0.7349,3.1629
64.2128,0.6671,2.8753
64.2130,0.6737,2.8956
64.2132,0.7447,3.2037
64.2134,0.7228,3.1093
64.2136,0.7602,3.2687
64.2138,0.8174,3.5114
64.2140,0.8615,3.6923
64.2142,0.9789,4.1974
64.2144,0.9644,4.1332
64.2146,0.9975,4.2691
64.2148,1.0413,4.459
64.2150,1.0399,4.4528
64.2152,1.0832,4.6403
64.2154,1.1243,4.8165
64.2156,1.0459,4.4827
64.2158,0.9725,4.1721
64.2160,0.99,4.2472
64.2162,0.9573,4.1048
64.2164,0.9454,4.052
64.2166,0.9967,4.278
64.2168,0.9728,4.1712
64.2170,0.9676,4.1491
64.2172,0.9418,4.0442
64.2174,0.9275,3.9829
64.2176,0.9538,4.0899
64.2178,0.9796,4.1985
64.2180,0.9287,3.9955
64.2182,0.7819,3.3652
64.2184,0.7572,3.2604
64.2186,0.6898,2.9702
64.2188,0.6976,3.0052
64.2190,0.7118,3.0609
64.2192,0.7404,3.1866
64.2194,0.717,3.0874
64.2196,0.7234,3.1133
64.2198,0.7217,3.1047
64.2200,0.7927,3.41
64.2202,0.8409,3.614
64.2204,0.8647,3.7183
64.2206,0.8102,3.487
64.2208,0.781,3.3616
64.2210,0.7072,3.0465
64.2212,0.705,3.0386
64.2214,0.6971,3.0059
64.2216,0.6957,2.9927
64.2218,0.7556,3.2537
64.2220,0.7074,3.0518
64.2222,0.6518,2.8092
64.2224,0.6559,2.8267
64.2226,0.6081,2.6211
64.2228,0.6306,2.7177
64.2230,0.6398,2.7588
64.2232,0.6178,2.6604
64.2234,0.7228,3.1108
64.2236,0.7159,3.0828
64.2238,0.7277,3.1319
64.2240,0.7254,3.1192
64.2242,0.6953,2.9968
64.2244,0.6166,2.659
64.2246,0.6002,2.587
64.2248,0.616,2.6552
64.2250,0.6364,2.743
64.2252,0.6379,2.7479
64.2254,0.6846,2.9453
64.2256,0.7249,3.12
64.2258,0.7039,3.0354
64.2260,0.5916,2.5557
64.2262,0.5077,2.1931
64.2264,0.4954,2.1393
64.2266,0.4882,2.1072
64.2268,0.5017,2.1662
64.2270,0.5009,2.1631
64.2272,0.5266,2.2718
64.2274,0.6057,2.6107
64.2276,0.5901,2.5447
64.2278,0.5655,2.4394
64.2280,0.5439,2.3473
64.2282,0.5404,2.3312
64.2284,0.5556,2.3947
64.2286,0.5737,2.4727
64.2288,0.587,2.5289
64.2290,0.6025,2.5932
64.2292,0.6283,2.7091
64.2294,0.5953,2.5658
64.2296,0.6039,2.6078
64.2298,0.4881,2.1096
64.2300,0.4592,1.9857
64.2302,0.4598,1.9855
64.2304,0.4595,1.983
64.2306,0.4584,1.9774
64.2308,0.5373,2.3146
64.2310,0.5916,2.5474
64.2312,0.6273,2.7025
64.2314,0.5976,2.5756
64.2316,0.6024,2.595
64.2318,0.6535,2.8151
64.2320,0.6503,2.7991
64.2322,0.7122,3.0596
64.2324,0.7694,3.3069
64.2326,0.7683,3.2976
64.2328,0.8253,3.547
64.2330,0.7997,3.4389
64.2332,0.7256,3.1304
64.2334,0.5779,2.492
64.2336,0.5776,2.487
64.2338,0.6378,2.7449
64.2340,0.6876,2.9582
64.2342,0.7371,3.1638
64.2344,0.8212,3.5361
64.2346,0.7204,3.1019
64.2348,0.7012,3.0179
64.2350,0.6812,2.9385
64.2352,0.576,2.4849
64.2354,0.5388,2.3224
64.2356,0.5326,2.2955
64.2358,0.5339,2.3012
64.2360,0.5315,2.293
64.2362,0.5325,2.296
64.2364,0.5334,2.2991
64.2366,0.5794,2.4982
64.2368,0.6267,2.6974
64.2370,0.6675,2.8729
64.2372,0.6676,2.8734
64.2374,0.6696,2.8848
64.2376,0.6055,2.6109
64.2378,0.5568,2.3999
64.2380,0.5497,2.3727
64.2382,0.5218,2.2511
64.2384,0.5822,2.5106
64.2386,0.5295,2.2842
64.2388,0.5092,2.1937
64.2390,0.5449,2.3509
64.2392,0.4999,2.1574
64.2394,0.5009,2.1571
64.2396,0.5529,2.385
64.2398,0.5068,2.1874
64.2400,0.5236,2.2557
64.2402,0.5875,2.5334
64.2404,0.547,2.3575
64.2406,0.5989,2.5789
64.2408,0.6092,2.6245
64.2410,0.5557,2.3975
64.2412,0.5145,2.2175
64.2414,0.5386,2.3246
64.2416,0.4367,1.8882
64.2418,0.4126,1.7815
64.2420,0.4297,1.8555
64.2422,0.423,1.8232
64.2424,0.6031,2.5957
64.2426,0.6092,2.6257
64.2428,0.5723,2.4654
64.2430,0.6105,2.6326
64.2432,0.4981,2.1487
64.2434,0.4842,2.0887
64.2436,0.5278,2.2748
64.2438,0.5569,2.3982
64.2440,0.5597,2.4123
64.2442,0.5831,2.5107
64.2444,0.6391,2.7506
64.2446,0.6755,2.9088
64.2448,0.6321,2.7219
64.2450,0.6568,2.8256
64.2452,0.7105,3.0539
64.2454,0.7451,3.2038
64.2456,0.7127,3.0631
64.2458,0.7642,3.2847
64.2460,0.7183,3.0859
64.2462,0.7307,3.1419
64.2464,0.7338,3.1582
64.2466,0.7666,3.295
64.2468,0.7909,3.396
64.2470,0.784,3.3698
64.2472,0.7688,3.3043
64.2474,0.8141,3.4877
64.2476,0.9669,4.1382
64.2478,0.9931,4.2526
64.2480,0.9997,4.2848
64.2482,1.0211,4.3722
64.2484,1.0305,4.4149
64.2486,1.0453,4.4738
64.2488,1.0569,4.53
64.2490,1.0281,4.3922
64.2492,1.1221,4.7983
64.2494,1.1178,4.7821
64.2496,1.1446,4.8965
64.2498,1.0802,4.6318
64.2500,0.9766,4.1915
64.2502,0.9614,4.1204
64.2504,0.9861,4.2243
64.2506,0.9665,4.1425
64.2508,0.9705,4.1556
64.2510,1.0058,4.309
64.2512,1.0496,4.4944
64.2514,1.0329,4.4313
64.2516,0.978,4.1918
64.2518,0.9971,4.2815
64.2520,0.9157,3.9283
64.2522,0.9359,4.0171
64.2524,0.8291,3.5652
64.2526,0.7937,3.4147
64.2528,0.7889,3.3846
64.2530,0.9086,3.9052
64.2532,0.824,3.5414
64.2534,0.79,3.3987
64.2536,0.7701,3.31
64.2538,0.7798,3.3502
64.2540,0.8153,3.5026
64.2542,0.8581,3.6882
64.2544,0.8548,3.6755
64.2546,0.747,3.215
64.2548,0.7665,3.2945
64.2550,0.7877,3.3905
64.2552,0.6924,2.9774
64.2554,0.7377,3.1753
64.2556,0.7482,3.2202
64.2558,0.6723,2.9002
64.2560,0.5659,2.4426
64.2562,0.5514,2.381
64.2564,0.5705,2.4599
64.2566,0.5985,2.5809
64.2568,0.5726,2.4658
64.2570,0.6267,2.7012
64.2572,0.581,2.5054
64.2574,0.6431,2.7707
64.2576,0.7194,3.092
64.2578,0.7626,3.2806
64.2580,0.7278,3.1353
64.2582,0.6425,2.7668
64.2584,0.6337,2.7324
64.2586,0.5929,2.5566
64.2588,0.6202,2.6745
64.2590,0.6109,2.6342
64.2592,0.6044,2.6063
64.2594,0.5934,2.5599
64.2596,0.5866,2.5292
64.2598,0.5683,2.4518
64.2600,0.5952,2.5629
64.2602,0.6496,2.8012
64.2604,0.5399,2.3303
64.2606,0.5023,2.1627
64.2608,0.6963,2.9981
64.2610,0.6416,2.7704
64.2612,0.4915,2.1212
64.2614,0.53,2.2873
64.2616,0.537,2.3168
64.2618,0.5279,2.2764
64.2620,0.5289,2.2805
64.2622,0.5924,2.5522
64.2624,0.6324,2.728
64.2626,0.5687,2.4545
64.2628,0.539,2.324
64.2630,0.5643,2.4308
64.2632,0.5996,2.5856
64.2634,0.6013,2.5892
64.2636,0.6418,2.7637
64.2638,0.672,2.8938
64.2640,0.6814,2.9314
64.2642,0.7147,3.079
64.2644,0.6092,2.6269
64.2646,0.5675,2.447
64.2648,0.6658,2.8656
64.2650,0.7622,3.2744
64.2652,0.8315,3.5705
64.2654,0.8116,3.4883
64.2656,0.7502,3.2289
64.2658,0.7464,3.2109
64.2660,0.7455,3.2043
64.2662,0.7784,3.3455
64.2664,0.8481,3.6399
64.2666,0.8814,3.7864
64.2668,0.8109,3.4819
64.2670,0.7963,3.4207
64.2672,0.7542,3.2414
64.2674,0.8189,3.5148
64.2676,0.8657,3.7224
64.2678,0.828,3.5572
64.2680,0.8124,3.4919
64.2682,0.8001,3.4356
64.2684,0.8526,3.6577
64.2686,0.8604,3.6929
64.2688,0.8412,3.6173
64.2690,0.8204,3.5292
64.2692,0.7861,3.3801
64.2694,0.7017,3.0227
64.2696,0.6545,2.8224
64.2698,0.6307,2.717
64.2700,0.6794,2.9226
64.2702,0.7555,3.2456
64.2704,0.7925,3.4111
64.2706,0.7312,3.1454
64.2708,0.7407,3.1867
64.2710,0.5589,2.4109
64.2712,0.5484,2.3637
64.2714,0.5446,2.3504
64.2716,0.5349,2.3075
64.2718,0.5367,2.3141
64.2720,0.5436,2.3441
64.2722,0.5796,2.4992
64.2724,0.6091,2.624
64.2726,0.6021,2.5964
64.2728,0.5505,2.3725
64.2730,0.58,2.5019
64.2732,0.5666,2.4434
64.2734,0.5508,2.3729
64.2736,0.5459,2.355
64.2738,0.5519,2.3798
64.2740,0.6186,2.6648
64.2742,0.6617,2.8494
64.2744,0.5839,2.5237
64.2746,0.4289,1.8553
64.2748,0.3987,1.7214
64.2750,0.3968,1.7124
64.2752,0.4044,1.7455
64.2754,0.4863,2.0989
64.2756,0.5029,2.1704
64.2758,0.4837,2.0866
64.2760,0.4862,2.0965
64.2762,0.4917,2.1232
64.2764,0.4909,2.1196
64.2766,0.4844,2.0916
64.2768,0.484,2.0872
64.2770,0.5042,2.172
64.2772,0.6093,2.6238
64.2774,0.597,2.5742
64.2776,0.5256,2.2697
64.2778,0.484,2.0881
64.2780,0.4976,2.1456
64.2782,0.4995,2.1549
64.2784,0.5078,2.1895
64.2786,0.536,2.311
64.2788,0.5855,2.5199
64.2790,0.6285,2.7102
64.2792,0.5933,2.557
64.2794,0.6062,2.6116
64.2796,0.6748,2.8976
64.2798,0.769,3.3007
64.2800,0.7844,3.3666
64.2802,0.8488,3.6463
64.2804,0.7919,3.4022
64.2806,0.7255,3.1212
64.2808,0.7349,3.1555
64.2810,0.8385,3.597
64.2812,0.8941,3.8339
64.2814,0.8985,3.8511
64.2816,0.8984,3.8542
64.2818,0.8862,3.8
64.2820,0.8963,3.8413
64.2822,0.937,4.0179
64.2824,0.9353,4.0108
64.2826,0.9604,4.1144
64.2828,0.9716,4.1621
64.2830,0.9825,4.2069
64.2832,0.9904,4.2467
64.2834,0.9325,4.0003
64.2836,0.9495,4.0676
64.2838,0.952,4.0803
64.2840,0.9779,4.1913
64.2842,0.9957,4.2654
64.2844,1.0343,4.4349
64.2846,0.9775,4.1898
64.2848,0.9963,4.2679
64.2850,1.0075,4.3162
64.2852,1.0374,4.4545
64.2854,0.9099,3.909
64.2856,0.9225,3.9576
64.2858,0.9551,4.0918
64.2860,1.0539,4.5087
64.2862,1.1474,4.9065
64.2864,1.1103,4.7564
64.2866,1.0098,4.33
64.2868,0.8997,3.8688
64.2870,0.8103,3.481
64.2872,0.943,4.0437
64.2874,1.0124,4.3474
64.2876,0.8292,3.5674
64.2878,0.7496,3.2249
64.2880,0.7776,3.3419
64.2882,0.7973,3.4254
64.2884,0.7923,3.4117
64.2886,0.7265,3.1282
64.2888,0.7083,3.0455
64.2890,0.7572,3.2573
64.2892,0.7911,3.4033
64.2894,0.7517,3.2336
64.2896,0.7484,3.2197
64.2898,0.7665,3.296
64.2900,0.7565,3.2573
64.2902,0.7192,3.0981
64.2904,0.7413,3.1878
64.2906,0.7629,3.2821
64.2908,0.6796,2.925
64.2910,0.7073,3.0456
64.2912,0.7547,3.248
64.2914,0.7737,3.3301
64.2916,0.7717,3.3229
64.2918,0.7363,3.175
64.2920,0.6063,2.6194
64.2922,0.5232,2.2604
64.2924,0.5138,2.2174
64.2926,0.5026,2.1703
64.2928,0.5126,2.2133
64.2930,0.5198,2.2423
64.2932,0.5728,2.4686
64.2934,0.5833,2.5199
64.2936,0.485,2.0971
64.2938,0.4639,2.0022
64.2940,0.5109,2.204
64.2942,0.5044,2.1781
64.2944,0.4838,2.089
64.2946,0.4577,1.9762
64.2948,0.4471,1.9324
64.2950,0.4644,2.007
64.2952,0.4515,1.9507
64.2954,0.4519,1.9513
64.2956,0.464,2.0045
64.2958,0.4432,1.9144
64.2960,0.4439,1.9175
64.2962,0.4477,1.9332
64.2964,0.4505,1.946
64.2966,0.4515,1.9498
64.2968,0.4476,1.9336
64.2970,0.4471,1.9315
64.2972,0.4481,1.9348
64.2974,0.4771,2.061
64.2976,0.4433,1.914
64.2978,0.4561,1.9667
64.2980,0.5376,2.3172
64.2982,0.5881,2.5348
64.2984,0.5947,2.5632
64.2986,0.5719,2.4673
64.2988,0.5627,2.4263
64.2990,0.5629,2.4274
64.2992,0.5801,2.499
64.2994,0.5803,2.5
64.2996,0.5669,2.4433
64.2998,0.612,2.6351
64.3000,0.6777,2.9167
64.3002,0.6539,2.8132
64.3004,0.715,3.0729
64.3006,0.8214,3.5289
64.3008,0.7808,3.3621
64.3010,0.633,2.7268
64.3012,0.5682,2.449
64.3014,0.5309,2.2904
64.3016,0.525,2.265
64.3018,0.524,2.2614
64.3020,0.5262,2.2692
64.3022,0.5682,2.4467
64.3024,0.6156,2.6519
64.3026,0.6163,2.6562
64.3028,0.6138,2.6404
64.3030,0.6012,2.5887
64.3032,0.6206,2.6711
64.3034,0.6458,2.7782
64.3036,0.669,2.8809
64.3038,0.7098,3.0522
64.3040,0.7413,3.1863
64.3042,0.7158,3.0765
64.3044,0.7441,3.2041
64.3046,0.6134,2.6389
64.3048,0.629,2.7059
64.3050,0.68,2.9252
64.3052,0.6966,2.9983
64.3054,0.6381,2.7503
64.3056,0.5309,2.2904
64.3058,0.5176,2.233
64.3060,0.5256,2.2634
64.3062,0.5599,2.4111
64.3064,0.6461,2.781
64.3066,0.662,2.8491
64.3068,0.6442,2.774
64.3070,0.5762,2.4871
64.3072,0.5344,2.3054
64.3074,0.5623,2.4214
64.3076,0.6525,2.8057
64.3078,0.7005,3.0148
64.3080,0.6749,2.9049
64.3082,0.6407,2.7591
64.3084,0.6069,2.6135
64.3086,0.6521,2.8068
64.3088,0.6605,2.8429
64.3090,0.6063,2.6109
64.3092,0.6189,2.6614
64.3094,0.6713,2.8853
64.3096,0.669,2.8822
64.3098,0.5482,2.3649
64.3100,0.5091,2.1973
64.3102,0.5008,2.1596
64.3104,0.5413,2.3343
64.3106,0.5129,2.2118
64.3108,0.5274,2.2764
64.3110,0.4868,2.0981
64.3112,0.4848,2.0912
64.3114,0.4908,2.1181
64.3116,0.4873,2.1021
64.3118,0.4963,2.1409
64.3120,0.5312,2.2872
64.3122,0.5833,2.5129
64.3124,0.6119,2.6359
64.3126,0.5725,2.4676
64.3128,0.588,2.5284
64.3130,0.703,3.02
64.3132,0.7133,3.0686
64.3134,0.7079,3.0454
64.3136,0.7466,3.206
64.3138,0.7829,3.3589
64.3140,0.8328,3.5728
64.3142,0.934,4.0014
64.3144,0.961,4.1189
64.3146,0.9654,4.1359
64.3148,0.9756,4.1796
64.3150,0.985,4.2216
64.3152,0.9469,4.0601
64.3154,0.9439,4.0454
64.3156,0.9326,3.9971
64.3158,0.962,4.123
64.3160,0.932,3.9945
64.3162,0.9255,3.9686
64.3164,0.8892,3.8164
64.3166,0.9109,3.9022
64.3168,0.9494,4.0728
64.3170,0.8562,3.6783
64.3172,0.7883,3.3867
64.3174,0.8154,3.5015
64.3176,0.8433,3.6176
64.3178,0.835,3.5854
64.3180,0.8461,3.6299
64.3182,0.9063,3.8936
64.3184,0.8379,3.6028
64.3186,0.775,3.3342
64.3188,0.7671,3.2971
64.3190,0.7923,3.4053
64.3192,0.8177,3.5113
64.3194,0.8072,3.4676
64.3196,0.7977,3.4253
64.3198,0.8047,3.4584
64.3200,0.8618,3.6973
64.3202,0.9698,4.1544
64.3204,0.8861,3.8048
64.3206,0.8467,3.6427
64.3208,0.699,3.0058
64.3210,0.7391,3.1795
64.3212,0.7291,3.1381
64.3214,0.7544,3.244
64.3216,0.7795,3.3502
64.3218,0.7199,3.0998
64.3220,0.7192,3.0953
64.3222,0.74,3.1821
64.3224,0.6877,2.9601
64.3226,0.7017,3.0213
64.3228,0.6779,2.9205
64.3230,0.6593,2.8378
64.3232,0.6827,2.9398
64.3234,0.6846,2.948
64.3236,0.7129,3.0656
64.3238,0.7455,3.2073
64.3240,0.693,2.9869
64.3242,0.6068,2.6154
64.3244,0.6205,2.6706
64.3246,0.6809,2.932
64.3248,0.6939,2.9892
64.3250,0.6883,2.9626
64.3252,0.6853,2.9484
64.3254,0.7038,3.0264
64.3256,0.7202,3.0985
64.3258,0.7186,3.0913
64.3260,0.6995,3.0148
64.3262,0.6151,2.6535
64.3264,0.5742,2.476
64.3266,0.5842,2.5177
64.3268,0.6237,2.6795
64.3270,0.7871,3.38
64.3272,0.8056,3.4657
64.3274,0.72,3.0989
64.3276,0.7176,3.0972
64.3278,0.5572,2.4048
64.3280,0.5296,2.2836
64.3282,0.532,2.2961
64.3284,0.5228,2.2563
64.3286,0.5322,2.2939
64.3288,0.543,2.3426
64.3290,0.5469,2.3592
64.3292,0.5536,2.3881
64.3294,0.5404,2.3302
64.3296,0.5404,2.3323
64.3298,0.5422,2.3401
64.3300,0.5411,2.3333
64.3302,0.5562,2.3962
64.3304,0.6104,2.6297
64.3306,0.6164,2.6567
64.3308,0.5797,2.4963
64.3310,0.6671,2.8686
64.3312,0.7026,3.0283
64.3314,0.6401,2.759
64.3316,0.6331,2.726
64.3318,0.6324,2.7242
64.3320,0.64,2.756
64.3322,0.6469,2.7802
64.3324,0.7089,3.0452
64.3326,0.7736,3.3187
64.3328,0.8277,3.559
64.3330,0.7646,3.2954
64.3332,0.6334,2.7276
64.3334,0.6174,2.6596
64.3336,0.6819,2.9307
64.3338,0.7724,3.3151
64.3340,0.7764,3.3383
64.3342,0.6903,2.975
64.3344,0.6183,2.6662
64.3346,0.6114,2.6338
64.3348,0.6119,2.6346
64.3350,0.6138,2.6441
64.3352,0.6132,2.6428
64.3354,0.609,2.621
64.3356,0.6087,2.6212
64.3358,0.6122,2.6374
64.3360,0.6176,2.6594
64.3362,0.623,2.6826
64.3364,0.6647,2.8597
64.3366,0.7349,3.1585
64.3368,0.7467,3.2125
64.3370,0.7554,3.2481
64.3372,0.7243,3.1131
64.3374,0.6981,3.01
64.3376,0.5578,2.4062
64.3378,0.5202,2.2443
64.3380,0.5477,2.3606
64.3382,0.6085,2.6202
64.3384,0.5975,2.5763
64.3386,0.5838,2.5138
64.3388,0.6332,2.7265
64.3390,0.6228,2.6804
64.3392,0.6626,2.8543
64.3394,0.6117,2.6353
64.3396,0.5975,2.5775
64.3398,0.5507,2.3746
64.3400,0.5247,2.2624
64.3402,0.5423,2.3363
64.3404,0.6038,2.6012
64.3406,0.6362,2.7369
64.3408,0.6599,2.8443
64.3410,0.5202,2.2495
64.3412,0.417,1.8015
64.3414,0.4045,1.746
64.3416,0.4858,2.0949
64.3418,0.518,2.2335
64.3420,0.4973,2.1456
64.3422,0.5308,2.2899
64.3424,0.5008,2.1555
64.3426,0.5416,2.3332
64.3428,0.5894,2.5393
64.3430,0.6228,2.6853
64.3432,0.5441,2.3451
64.3434,0.4994,2.1533
64.3436,0.5632,2.4273
64.3438,0.615,2.6468
64.3440,0.6201,2.669
64.3442,0.6623,2.8507
64.3444,0.6584,2.8336
64.3446,0.6678,2.8731
64.3448,0.7385,3.1739
64.3450,0.7768,3.3373
64.3452,0.7729,3.3249
64.3454,0.7356,3.1601
64.3456,0.7083,3.0483
64.3458,0.6063,2.6121
64.3460,0.6459,2.78
64.3462,0.6936,2.984
64.3464,0.7159,3.077
64.3466,0.71,3.0504
64.3468,0.7581,3.26
64.3470,0.7508,3.2255
64.3472,0.8196,3.513
64.3474,0.9362,4.0181
64.3476,0.8567,3.6803
64.3478,0.879,3.7709
64.3480,0.9305,3.9827
64.3482,1.0063,4.3071
64.3484,1.0629,4.5429
64.3486,1.1224,4.8061
64.3488,1.0783,4.6107
64.3490,1.1361,4.8578
64.3492,1.1323,4.8464
64.3494,1.1406,4.875
64.3496,1.1755,5.0288
64.3498,1.114,4.7724
64.3500,1.0096,4.3229
64.3502,0.988,4.2404
64.3504,0.9705,4.1653
64.3506,0.9618,4.1186
64.3508,1.064,4.556
64.3510,1.1331,4.854
64.3512,1.0857,4.6446
64.3514,1.0767,4.6148
64.3516,1.0422,4.4709
64.3518,0.947,4.0663
64.3520,0.8569,3.6831
64.3522,0.7943,3.422
64.3524,0.7132,3.0737
64.3526,0.7164,3.0805
64.3528,0.7493,3.2263
64.3530,0.7114,3.0617
64.3532,0.7187,3.0918
64.3534,0.7636,3.2776
64.3536,0.8847,3.8009
64.3538,0.7755,3.3394
64.3540,0.646,2.7844
64.3542,0.603,2.6013
64.3544,0.5857,2.5233
64.3546,0.5852,2.5235
64.3548,0.6423,2.7671
64.3550,0.6424,2.7701
64.3552,0.5741,2.48
64.3554,0.5163,2.2273
64.3556,0.5005,2.16
64.3558,0.5116,2.2071
64.3560,0.5699,2.4573
64.3562,0.5276,2.2759
64.3564,0.529,2.281
64.3566,0.6085,2.619
64.3568,0.7228,3.1079
64.3570,0.7147,3.079
64.3572,0.6812,2.9303
64.3574,0.7707,3.3203
64.3576,0.6478,2.7908
64.3578,0.6145,2.6484
64.3580,0.6259,2.6963
64.3582,0.6153,2.6545
64.3584,0.5095,2.1988
64.3586,0.5061,2.1853
64.3588,0.5146,2.2211
64.3590,0.5307,2.2883
64.3592,0.5537,2.3864
64.3594,0.5867,2.5286
64.3596,0.5753,2.4829
64.3598,0.5111,2.2081
64.3600,0.4686,2.0233
64.3602,0.4669,2.0151
64.3604,0.485,2.0952
64.3606,0.4656,2.0094
64.3608,0.5096,2.1983
64.3610,0.4851,2.0938
64.3612,0.4527,1.9559
64.3614,0.4523,1.952
64.3616,0.4426,1.9092
64.3618,0.4565,1.9701
64.3620,0.4435,1.9169
64.3622,0.4374,1.8896
64.3624,0.4447,1.9176
64.3626,0.4953,2.1348
64.3628,0.5884,2.537
64.3630,0.5549,2.3938
64.3632,0.531,2.2909
64.3634,0.4662,2.0129
64.3636,0.4601,1.9865
64.3638,0.5336,2.2954
64.3640,0.6656,2.8646
64.3642,0.6777,2.9181
64.3644,0.6489,2.7916
64.3646,0.674,2.8994
64.3648,0.6694,2.8811
64.3650,0.6774,2.9116
64.3652,0.7358,3.1641
64.3654,0.7175,3.0866
64.3656,0.7241,3.1135
64.3658,0.7869,3.3821
64.3660,0.7544,3.2394
64.3662,0.7732,3.3218
64.3664,0.802,3.4422
64.3666,0.8218,3.5337
64.3668,0.778,3.3409
64.3670,0.7912,3.4007
64.3672,0.7737,3.3285
64.3674,0.7746,3.3306
64.3676,0.7409,3.1872
64.3678,0.6325,2.7234
64.3680,0.6164,2.6555
64.3682,0.6151,2.6473
64.3684,0.6507,2.8006
64.3686,0.6303,2.7116
64.3688,0.6538,2.8127
64.3690,0.6621,2.851
64.3692,0.666,2.8653
64.3694,0.7063,3.0316
64.3696,0.7294,3.1406
64.3698,0.6785,2.9163
64.3700,0.7308,3.1395
64.3702,0.7256,3.1275
64.3704,0.5893,2.5411
64.3706,0.552,2.3814
64.3708,0.5008,2.1616
64.3710,0.5008,2.1586
64.3712,0.5318,2.2919
64.3714,0.5061,2.1843
64.3716,0.5044,2.1761
64.3718,0.5165,2.2273
64.3720,0.5244,2.2604
64.3722,0.5433,2.3437
64.3724,0.5163,2.2252
64.3726,0.5523,2.3802
64.3728,0.5212,2.2474
64.3730,0.4982,2.1532
64.3732,0.4127,1.7829
64.3734,0.4009,1.7321
64.3736,0.4096,1.7677
64.3738,0.4689,2.0248
64.3740,0.4324,1.8669
64.3742,0.436,1.8798
64.3744,0.5,2.1549
64.3746,0.5568,2.3999
64.3748,0.508,2.1916
64.3750,0.4839,2.0867
64.3752,0.4867,2.0985
64.3754,0.489,2.1093
64.3756,0.488,2.1052
64.3758,0.4857,2.0954
64.3760,0.4888,2.1069
64.3762,0.5372,2.3141
64.3764,0.556,2.3963
64.3766,0.4941,2.1316
64.3768,0.4836,2.0861
64.3770,0.4846,2.0917
64.3772,0.4843,2.0892
64.3774,0.4863,2.097
64.3776,0.4897,2.1124
64.3778,0.483,2.0825
64.3780,0.5037,2.1699
64.3782,0.539,2.3207
64.3784,0.6006,2.5825
64.3786,0.6086,2.6195
64.3788,0.587,2.5278
64.3790,0.6199,2.6618
64.3792,0.7242,3.1112
64.3794,0.73,3.1359
64.3796,0.7265,3.1166
64.3798,0.7827,3.3578
64.3800,0.7995,3.4298
64.3802,0.8827,3.7762
64.3804,0.9937,4.2651
64.3806,0.8942,3.8326
64.3808,0.9513,4.0696
64.3810,1.003,4.2947
64.3812,0.9507,4.0785
64.3814,0.8975,3.8483
64.3816,0.8779,3.7733
64.3818,0.8747,3.7488
64.3820,0.9668,4.1455
64.3822,0.9714,4.1616
64.3824,0.9949,4.2603
64.3826,0.973,4.1702
64.3828,0.908,3.8917
64.3830,0.9356,4.0137
64.3832,0.8921,3.8234
64.3834,0.9327,3.9994
64.3836,0.9664,4.14
64.3838,1.014,4.344
64.3840,0.9802,4.1972
64.3842,0.9796,4.1965
64.3844,0.993,4.2521
64.3846,1.0039,4.3008
64.3848,0.9568,4.1047
64.3850,0.9271,3.979
64.3852,0.9392,4.0234
64.3854,0.9725,4.1662
64.3856,0.9678,4.152
64.3858,0.9172,3.935
64.3860,0.9626,4.1217
64.3862,0.9728,4.1712
64.3864,0.9696,4.1559
64.3866,0.9513,4.0848
64.3868,0.8392,3.6085
64.3870,0.7461,3.2129
64.3872,0.7237,3.1076
64.3874,0.7867,3.3811
64.3876,0.7789,3.346
64.3878,0.8026,3.4512
64.3880,0.7762,3.3394
64.3882,0.7778,3.3461
64.3884,0.7585,3.26
64.3886,0.8042,3.4531
64.3888,0.8362,3.5923
64.3890,0.8023,3.4497
64.3892,0.7875,3.3847
64.3894,0.7928,3.4042
64.3896,0.797,3.427
64.3898,0.7868,3.3848
64.3900,0.7826,3.3651
64.3902,0.7635,3.2816
64.3904,0.7639,3.2847
64.3906,0.7401,3.1856
64.3908,0.7236,3.1158
64.3910,0.6045,2.6056
64.3912,0.6567,2.8317
64.3914,0.5935,2.5592
64.3916,0.5724,2.4694
64.3918,0.5653,2.4388
64.3920,0.5569,2.4004
64.3922,0.5758,2.4815
64.3924,0.5743,2.4753
64.3926,0.6068,2.6142
64.3928,0.6327,2.7283
64.3930,0.5391,2.3245
64.3932,0.5617,2.4244
64.3934,0.5762,2.4848
64.3936,0.5748,2.4774
64.3938,0.544,2.3479
64.3940,0.529,2.2821
64.3942,0.5282,2.2806
64.3944,0.5291,2.2837
64.3946,0.5454,2.3497
64.3948,0.5702,2.4589
64.3950,0.5291,2.2826
64.3952,0.5248,2.2651
64.3954,0.5278,2.2759
64.3956,0.5318,2.2929
64.3958,0.5283,2.2769
64.3960,0.5248,2.264
64.3962,0.527,2.2723
64.3964,0.5496,2.3689
64.3966,0.6086,2.6243
64.3968,0.575,2.4761
64.3970,0.638,2.7459
64.3972,0.644,2.7704
64.3974,0.6381,2.7477
64.3976,0.6351,2.7335
64.3978,0.6363,2.7387
64.3980,0.6391,2.7506
64.3982,0.6672,2.8758
64.3984,0.629,2.7072
64.3986,0.6596,2.8348
64.3988,0.7445,3.1997
64.3990,0.8629,3.7002
64.3992,0.9187,3.943
64.3994,0.862,3.7013
64.3996,0.7952,3.4177
64.3998,0.7736,3.3265
64.4000,0.7526,3.2393
64.4002,0.6842,2.946
64.4004,0.6328,2.725
64.4006,0.6333,2.7296
64.4008,0.6208,2.6746
64.4010,0.6186,2.6648
64.4012,0.6223,2.6808
64.4014,0.6386,2.751
64.4016,0.6138,2.6441
64.4018,0.6021,2.594
64.4020,0.6053,2.6074
64.4022,0.6045,2.6019
64.4024,0.6184,2.6606
64.4026,0.6879,2.9578
64.4028,0.7103,3.0542
64.4030,0.7869,3.379
64.4032,0.8489,3.6486
64.4034,0.7475,3.2186
64.4036,0.6684,2.877
64.4038,0.6747,2.9025
64.4040,0.6706,2.8876
64.4042,0.6573,2.8277
64.4044,0.6964,2.993
64.4046,0.7581,3.26
64.4048,0.7928,3.409
64.4050,0.7439,3.1956
64.4052,0.7712,3.3131
64.4054,0.7389,3.1775
64.4056,0.7285,3.1341
64.4058,0.6972,3.005
64.4060,0.6303,2.7091
64.4062,0.7252,3.1167
64.4064,0.7219,3.1086
64.4066,0.6608,2.8466
64.4068,0.6265,2.6989
64.4070,0.6095,2.6243
64.4072,0.634,2.7327
64.4074,0.6021,2.5928
64.4076,0.6591,2.8394
64.4078,0.6348,2.7371
64.4080,0.5146,2.2221
64.4082,0.4942,2.1331
64.4084,0.5023,2.1668
64.4086,0.5002,2.157
64.4088,0.4911,2.1196
64.4090,0.4934,2.1295
64.4092,0.4892,2.1123
64.4094,0.496,2.1399
64.4096,0.5429,2.3421
64.4098,0.5194,2.2418
64.4100,0.4954,2.1363
64.4102,0.4969,2.1425
64.4104,0.4999,2.1564
64.4106,0.4965,2.1419
64.4108,0.4967,2.143
64.4110,0.5,2.1559
64.4112,0.5464,2.356
64.4114,0.5632,2.425
64.4116,0.6029,2.5971
64.4118,0.5845,2.5181
64.4120,0.6423,2.7632
64.4122,0.6777,2.9127
64.4124,0.7132,3.0666
64.4126,0.7518,3.2326
64.4128,0.735,3.1605
64.4130,0.7254,3.112
64.4132,0.8972,3.8437
64.4134,0.9722,4.1647
64.4136,1.0018,4.2916
64.4138,0.9428,4.0407
64.4140,0.8972,3.8473
64.4142,0.9003,3.8642
64.4144,0.8958,3.8483
64.4146,0.8795,3.7676
64.4148,0.9495,4.0657
64.4150,0.9832,4.2139
64.4152,0.9734,4.1679
64.4154,0.9823,4.2103
64.4156,0.9816,4.2072
64.4158,0.9893,4.2401
64.4160,0.9232,3.9625
64.4162,0.8742,3.7538
64.4164,0.9021,3.8719
64.4166,0.8991,3.8555
64.4168,0.9391,4.0248
64.4170,0.9493,4.0723
64.4172,0.8893,3.824
64.4174,0.8236,3.5431
64.4176,0.7451,3.2023
64.4178,0.7696,3.3095
64.4180,0.7841,3.375
64.4182,0.7318,3.148
64.4184,0.7027,3.0232
64.4186,0.7258,3.1237
64.4188,0.7104,3.0562
64.4190,0.7165,3.0839
64.4192,0.7509,3.2305
64.4194,0.797,3.4254
64.4196,0.6913,2.9769
64.4198,0.6767,2.9153
64.4200,0.6171,2.6586
64.4202,0.672,2.8925
64.4204,0.6676,2.8774
64.4206,0.6361,2.7364
64.4208,0.7068,3.0379
64.4210,0.7015,3.0222
64.4212,0.6174,2.6584
64.4214,0.6877,2.9559
64.4216,0.7493,3.2233
64.4218,0.7407,3.1911
64.4220,0.7097,3.0573
64.4222,0.6723,2.8935
64.4224,0.6822,2.9391
64.4226,0.6782,2.9215
64.4228,0.6741,2.9053
64.4230,0.5825,2.5116
64.4232,0.5449,2.3476
64.4234,0.5828,2.5109
64.4236,0.6298,2.7146
64.4238,0.6043,2.6045
64.4240,0.6139,2.6446
64.4242,0.6366,2.7423
64.4244,0.58,2.5008
64.4246,0.5641,2.4314
64.4248,0.5156,2.2252
64.4250,0.4935,2.13
64.4252,0.4983,2.1497
64.4254,0.4976,2.1466
64.4256,0.5122,2.2097
64.4258,0.5675,2.4459
64.4260,0.6337,2.7273
64.4262,0.6368,2.7471
64.4264,0.5211,2.2459
64.4266,0.5406,2.3301
64.4268,0.5512,2.3778
64.4270,0.5785,2.4946
64.4272,0.5786,2.4916
64.4274,0.5951,2.5659
64.4276,0.5478,2.36
64.4278,0.602,2.5935
64.4280,0.5676,2.4498
64.4282,0.4723,2.0384
64.4284,0.4545,1.9627
64.4286,0.455,1.9666
64.4288,0.4557,1.9679
64.4290,0.4617,1.9919
64.4292,0.4563,1.9687
64.4294,0.4915,2.1192
64.4296,0.5545,2.389
64.4298,0.5677,2.4435
64.4300,0.5967,2.572
64.4302,0.5718,2.4645
64.4304,0.564,2.432
64.4306,0.5666,2.4411
64.4308,0.5696,2.4552
64.4310,0.5885,2.534
64.4312,0.6354,2.7333
64.4314,0.7055,3.0336
64.4316,0.731,3.1434
64.4318,0.7365,3.1672
64.4320,0.7653,3.2878
64.4322,0.7381,3.1812
64.4324,0.57,2.4544
64.4326,0.6472,2.7843
64.4328,0.6874,2.9585
64.4330,0.6134,2.6438
64.4332,0.5483,2.3621
64.4334,0.5354,2.3074
64.4336,0.538,2.3198
64.4338,0.5391,2.3234
64.4340,0.5423,2.3395
64.4342,0.5333,2.2997
64.4344,0.5342,2.3022
64.4346,0.5429,2.3378
64.4348,0.6144,2.6442
64.4350,0.6009,2.5901
64.4352,0.5018,2.1647
64.4354,0.5351,2.3074
64.4356,0.6027,2.5942
64.4358,0.6308,2.7187
64.4360,0.5839,2.5155
64.4362,0.5966,2.5679
64.4364,0.5687,2.4499
64.4366,0.5596,2.4106
64.4368,0.5048,2.1786
64.4370,0.4487,1.9364
64.4372,0.4459,1.9228
64.4374,0.4816,2.0778
64.4376,0.5096,2.1963
64.4378,0.5123,2.2082
64.4380,0.5054,2.1792
64.4382,0.5165,2.2262
64.4384,0.5113,2.2045
64.4386,0.5062,2.1808
64.4388,0.5651,2.4333
64.4390,0.5724,2.4682
64.4392,0.5284,2.2795
64.4394,0.5063,2.1793
64.4396,0.5533,2.3849
64.4398,0.5274,2.2733
64.4400,0.527,2.2691
64.4402,0.5724,2.4682
64.4404,0.5151,2.2221
64.4406,0.5043,2.1735
64.4408,0.5398,2.3265
64.4410,0.5026,2.1673
64.4412,0.5396,2.3222
64.4414,0.5607,2.4164
64.4416,0.5121,2.2071
64.4418,0.525,2.2629
64.4420,0.5297,2.2831
64.4422,0.4821,2.0799
64.4424,0.4979,2.1461
64.4426,0.5623,2.4214
64.4428,0.6109,2.6268
64.4430,0.6519,2.8045
64.4432,0.6572,2.8258
64.4434,0.6734,2.8914
64.4436,0.6701,2.8842
64.4438,0.6754,2.9042
64.4440,0.6846,2.9425
64.4442,0.6886,2.9582
64.4444,0.8062,3.4603
64.4446,0.8225,3.5302
64.4448,0.8186,3.5149
64.4450,0.7567,3.2462
64.4452,0.8157,3.5009
64.4454,0.81,3.4783
64.4456,0.7831,3.3594
64.4458,0.8406,3.6079
64.4460,0.85,3.6464
64.4462,0.8609,3.6966
64.4464,0.8478,3.632
64.4466,0.9331,3.9898
64.4468,1.0383,4.4462
64.4470,0.9813,4.2096
64.4472,0.9217,3.9521
64.4474,0.9823,4.2044
64.4476,1.007,4.3122
64.4478,0.9713,4.1669
64.4480,0.8777,3.7635
64.4482,0.8526,3.6543
64.4484,0.9322,3.9937
64.4486,0.9912,4.2464
64.4488,0.9869,4.2259
64.4490,0.9741,4.1866
64.4492,0.8313,3.5645
64.4494,0.9756,4.1737
64.4496,1.0323,4.4205
64.4498,0.9581,4.1104
64.4500,0.9247,3.9724
64.4502,0.8518,3.6558
64.4504,0.8449,3.6282
64.4506,0.8253,3.5503
64.4508,0.7782,3.3414
64.4510,0.8147,3.5001
64.4512,0.8212,3.5246
64.4514,0.8647,3.7166
64.4516,0.8367,3.5926
64.4518,0.8228,3.5346
64.4520,0.8496,3.6482
64.4522,0.8669,3.7241
64.4524,0.8425,3.6162
64.4526,0.7985,3.4305
64.4528,0.8242,3.5424
64.4530,0.8121,3.492
64.4532,0.7575,3.2589
64.4534,0.7689,3.3094
64.4536,0.7288,3.138
64.4538,0.6517,2.8034
64.4540,0.7026,3.0241
64.4542,0.7349,3.1629
64.4544,0.7108,3.0563
64.4546,0.7182,3.0897
64.4548,0.7235,3.1153
64.4550,0.6773,2.9206
64.4552,0.6045,2.6056
64.4554,0.5832,2.5124
64.4556,0.6397,2.7544
64.4558,0.6765,2.9129
64.4560,0.5666,2.4445
64.4562,0.5454,2.3486
64.4564,0.6267,2.6987
64.4566,0.6489,2.7955
64.4568,0.6755,2.9061
64.4570,0.6923,2.9824
64.4572,0.5796,2.5004
64.4574,0.5657,2.437
64.4576,0.5825,2.5128
64.4578,0.5857,2.5221
64.4580,0.6646,2.8578
64.4582,0.6952,2.9921
64.4584,0.6577,2.8319
64.4586,0.7135,3.0682
64.4588,0.7327,3.1521
64.4590,0.6895,2.9692
64.4592,0.6686,2.8788
64.4594,0.6742,2.9004
64.4596,0.6708,2.8886
64.4598,0.6833,2.9464
64.4600,0.619,2.6681
64.4602,0.5988,2.5784
64.4604,0.6381,2.7503
64.4606,0.5581,2.4089
64.4608,0.5024,2.1683
64.4610,0.4933,2.126
64.4612,0.564,2.4309
64.4614,0.5571,2.4009
64.4616,0.6,2.5883
64.4618,0.5477,2.3617
64.4620,0.5222,2.2526
64.4622,0.5337,2.2959
64.4624,0.7048,3.0277
64.4626,0.7628,3.2785
64.4628,0.7588,3.2646
64.4630,0.6834,2.9388
64.4632,0.7181,3.0892
64.4634,0.7512,3.2301
64.4636,0.756,3.2492
64.4638,0.7678,3.3002
64.4640,0.7574,3.2538
64.4642,0.8123,3.4914
64.4644,0.8058,3.4587
64.4646,0.9236,3.9604
64.4648,0.9395,4.0287
64.4650,0.9778,4.1869
64.4652,0.9937,4.2611
64.4654,0.97,4.1593
64.4656,0.966,4.1404
64.4658,0.8888,3.8184
64.4660,0.7934,3.41
64.4662,0.7873,3.3805
64.4664,0.7885,3.3904
64.4666,0.8003,3.443
64.4668,0.7822,3.3636
64.4670,0.7314,3.145
64.4672,0.7333,3.1532
64.4674,0.766,3.2986
64.4676,0.6701,2.8869
64.4678,0.636,2.7384
64.4680,0.6262,2.6991
64.4682,0.6231,2.6844
64.4684,0.6591,2.8381
64.4686,0.6512,2.804
64.4688,0.6845,2.9461
64.4690,0.7138,3.0678
64.4692,0.7702,3.3151
64.4694,0.6714,2.8953
64.4696,0.5589,2.4109
64.4698,0.5482,2.3649
64.4700,0.5562,2.3962
64.4702,0.5836,2.5163
64.4704,0.5923,2.5552
64.4706,0.6031,2.5994
64.4708,0.6208,2.6734
64.4710,0.5499,2.3732
64.4712,0.489,2.1123
64.4714,0.4792,2.0703
64.4716,0.4898,2.113
64.4718,0.4937,2.132
64.4720,0.4444,1.9169
64.4722,0.4985,2.1497
64.4724,0.556,2.3974
64.4726,0.5021,2.1652
64.4728,0.5249,2.2635
64.4730,0.5357,2.31
64.4732,0.5309,2.2851
64.4734,0.6217,2.677
64.4736,0.6804,2.9231
64.4738,0.7627,3.2765
64.4740,0.7327,3.1551
64.4742,0.6021,2.5928
64.4744,0.5885,2.5351
64.4746,0.5915,2.5504
64.4748,0.5867,2.5297
64.4750,0.5324,2.2923
64.4752,0.5886,2.5368
64.4754,0.5548,2.3933
64.4756,0.49,2.114
64.4758,0.4862,2.0965
64.4760,0.4813,2.0753
64.4762,0.4807,2.0737
64.4764,0.4797,2.0714
64.4766,0.4795,2.0685
64.4768,0.4824,2.0799
64.4770,0.484,2.0872
64.4772,0.4848,2.0912
64.4774,0.5125,2.2087
64.4776,0.5557,2.3908
64.4778,0.6297,2.7116
64.4780,0.5842,2.5177
64.4782,0.5796,2.4969
64.4784,0.6572,2.8219
64.4786,0.7688,3.3012
64.4788,0.784,3.3682
64.4790,0.8385,3.5987
64.4792,0.8622,3.6989
64.4794,0.8584,3.6824
64.4796,0.9093,3.8955
64.4798,1.0154,4.3542
64.4800,0.9624,4.1212
64.4802,0.9887,4.2376
64.4804,0.9807,4.2031
64.4806,0.9798,4.1956
64.4808,0.9698,4.1583
64.4810,0.9199,3.9426
64.4812,0.9816,4.2072
64.4814,0.9695,4.1612
64.4816,0.9624,4.125
64.4818,0.9825,4.2108
64.4820,0.9513,4.081
64.4822,0.8807,3.7763
64.4824,0.9229,3.961
64.4826,0.9416,4.0337
64.4828,1.0279,4.4097
64.4830,0.968,4.1506
64.4832,0.9584,4.1114
64.4834,0.9398,4.0298
64.4836,0.9569,4.0976
64.4838,1.018,4.363
64.4840,0.9767,4.1842
64.4842,1.025,4.3912
64.4844,1.0266,4.4082
64.4846,0.9389,4.0262
64.4848,0.9784,4.1934
64.4850,1.0526,4.5178
64.4852,0.9084,3.9023
64.4854,0.831,3.5718
64.4856,0.8042,3.4563
64.4858,0.8418,3.6165
64.4860,0.8265,3.5588
64.4862,0.7171,3.0879
64.4864,0.703,3.027
64.4866,0.6862,2.9561
64.4868,0.703,3.0242
64.4870,0.7479,3.2161
64.4872,0.7549,3.246
64.4874,0.7676,3.3038
64.4876,0.6809,2.9347
64.4878,0.6277,2.7065
64.4880,0.6049,2.6059
64.4882,0.6399,2.7644
64.4884,0.4942,2.1341
64.4886,0.4941,2.1326
64.4888,0.5646,2.4323
64.4890,0.6853,2.9525
64.4892,0.6559,2.8267
64.4894,0.6102,2.6274
64.4896,0.6283,2.7104
64.4898,0.5631,2.429
64.4900,0.5356,2.3095
64.4902,0.5615,2.42
64.4904,0.6035,2.6021
64.4906,0.5675,2.4515
64.4908,0.5093,2.1973
64.4910,0.5441,2.3462
64.4912,0.5338,2.3049
64.4914,0.503,2.1709
64.4916,0.4917,2.1222
64.4918,0.5308,2.292
64.4920,0.5258,2.266
64.4922,0.5838,2.5173
64.4924,0.6476,2.7924
64.4926,0.5648,2.4402
64.4928,0.4163,1.7984
64.4930,0.4008,1.7324
64.4932,0.3978,1.7194
64.4934,0.4127,1.7804
64.4936,0.458,1.9777
64.4938,0.4472,1.932
64.4940,0.4454,1.9243
64.4942,0.4441,1.9177
64.4944,0.4467,1.9291
64.4946,0.449,1.9398
64.4948,0.4454,1.9225
64.4950,0.4399,1.8987
64.4952,0.4441,1.9159
64.4954,0.4937,2.1271
64.4956,0.5915,2.5457
64.4958,0.6447,2.7774
64.4960,0.5975,2.5751
64.4962,0.5555,2.3953
64.4964,0.5502,2.3726
64.4966,0.5566,2.3988
64.4968,0.553,2.3811
64.4970,0.5544,2.3895
64.4972,0.5601,2.415
64.4974,0.5583,2.4039
64.4976,0.5724,2.4671
64.4978,0.6091,2.624
64.4980,0.6383,2.7449
64.4982,0.6964,2.993
64.4984,0.7584,3.2564
64.4986,0.8097,3.4817
64.4988,0.6899,2.968
64.4990,0.5994,2.5845
64.4992,0.5372,2.3173
64.4994,0.5361,2.3105
64.4996,0.5845,2.5181
64.4998,0.5631,2.4268
64.5000,0.5208,2.2438
64.5002,0.5236,2.2578
64.5004,0.5473,2.3591
64.5006,0.5436,2.343
64.5008,0.5337,2.3023
64.5010,0.5308,2.2899
64.5012,0.5351,2.3063
64.5014,0.5449,2.3487
64.5016,0.5399,2.3281
64.5018,0.5731,2.4667
64.5020,0.6412,2.7547
64.5022,0.7181,3.0834
64.5024,0.7527,3.2368
64.5026,0.7662,3.296
64.5028,0.6523,2.8073
64.5030,0.6235,2.6872
64.5032,0.6085,2.6165
64.5034,0.6682,2.876
64.5036,0.615,2.6456
64.5038,0.6666,2.8679
64.5040,0.6879,2.9565
64.5042,0.7055,3.0308
64.5044,0.7321,3.151
64.5046,0.6277,2.704
64.5048,0.5977,2.5737
64.5050,0.6148,2.65
64.5052,0.5342,2.3011
64.5054,0.5237,2.2562
64.5056,0.5423,2.3352
64.5058,0.6274,2.6992
64.5060,0.6975,3.0005
64.5062,0.6662,2.8645
64.5064,0.7346,3.1604
64.5066,0.7021,3.0178
64.5068,0.7394,3.1766
64.5070,0.7188,3.0923
64.5072,0.6428,2.7653
64.5074,0.5964,2.568
64.5076,0.6208,2.6758
64.5078,0.5924,2.5522
64.5080,0.5322,2.295
64.5082,0.4894,2.1124
64.5084,0.4846,2.0907
64.5086,0.4863,2.096
64.5088,0.4878,2.1032
64.5090,0.4866,2.1
64.5092,0.4839,2.0886
64.5094,0.4826,2.081
64.5096,0.4821,2.0779
64.5098,0.5512,2.3778
64.5100,0.5032,2.1699
64.5102,0.4836,2.0841
64.5104,0.4961,2.1394
64.5106,0.5346,2.3043
64.5108,0.5796,2.4934
64.5110,0.6315,2.7193
64.5112,0.5919,2.5501
64.5114,0.5917,2.5467
64.5116,0.6946,2.9825
64.5118,0.7741,3.327
64.5120,0.7312,3.1396
64.5122,0.8329,3.5717
64.5124,0.862,3.6978
64.5126,0.8351,3.5843
64.5128,0.8677,3.7173
64.5130,0.9892,4.2357
64.5132,0.9868,4.2234
64.5134,1.0168,4.3558
64.5136,0.9951,4.2628
64.5138,0.9754,4.1786
64.5140,0.9763,4.1807
64.5142,0.991,4.2513
64.5144,0.97,4.1574
64.5146,0.9909,4.2428
64.5148,0.999,4.2798
64.5150,0.9286,3.982
64.5152,0.8419,3.6136
64.5154,0.8442,3.6251
64.5156,0.8594,3.6887
64.5158,0.8658,3.716
64.5160,0.8714,3.7402
64.5162,0.875,3.7591
64.5164,0.83,3.5621
64.5166,0.8271,3.5498
64.5168,0.8651,3.7095
64.5170,0.8823,3.787
64.5172,0.8423,3.6236
64.5174,0.7538,3.2414
64.5176,0.7899,3.3934
64.5178,0.8298,3.5616
64.5180,0.8572,3.6807
64.5182,0.8393,3.6023
64.5184,0.8411,3.6117
64.5186,0.8189,3.5214
64.5188,0.8284,3.5621
64.5190,0.7686,3.3063
64.5192,0.7434,3.1995
64.5194,0.7142,3.0755
64.5196,0.6326,2.7239
64.5198,0.6828,2.9362
64.5200,0.7555,3.2471
64.5202,0.7445,3.2042
64.5204,0.7362,3.1656
64.5206,0.6979,3.0081
64.5208,0.5919,2.5489
64.5210,0.6348,2.7358
64.5212,0.6559,2.8241
64.5214,0.6773,2.9125
64.5216,0.7021,3.0206
64.5218,0.6946,2.9909
64.5220,0.6671,2.8713
64.5222,0.6591,2.8381
64.5224,0.6635,2.8572
64.5226,0.7217,3.1032
64.5228,0.7386,3.1774
64.5230,0.6824,2.9382
64.5232,0.6122,2.6386
64.5234,0.5852,2.5212
64.5236,0.5921,2.5518
64.5238,0.6132,2.6415
64.5240,0.6722,2.8903
64.5242,0.6879,2.9647
64.5244,0.6015,2.5926
64.5246,0.6339,2.7309
64.5248,0.6123,2.6342
64.5250,0.7012,3.0123
64.5252,0.7154,3.0807
64.5254,0.6759,2.913
64.5256,0.6369,2.7438
64.5258,0.6168,2.6558
64.5260,0.6798,2.9233
64.5262,0.7711,3.3126
64.5264,0.8079,3.4739
64.5266,0.6953,2.9912
64.5268,0.6368,2.7407
64.5270,0.6424,2.7624
64.5272,0.6682,2.8813
64.5274,0.5666,2.4434
64.5276,0.5592,2.4113
64.5278,0.5458,2.3523
64.5280,0.5418,2.3364
64.5282,0.5382,2.3219
64.5284,0.5452,2.3519
64.5286,0.5657,2.4313
64.5288,0.714,3.0731
64.5290,0.663,2.8564
64.5292,0.6367,2.7441
64.5294,0.6339,2.7322
64.5296,0.6326,2.7227
64.5298,0.6288,2.7087
64.5300,0.6356,2.7343
64.5302,0.6575,2.8261
64.5304,0.7665,3.2976
64.5306,0.7796,3.3522
64.5308,0.7529,3.2358
64.5310,0.7047,3.0356
64.5312,0.6349,2.7338
64.5314,0.6283,2.7066
64.5316,0.6303,2.7154
64.5318,0.6316,2.7211
64.5320,0.634,2.7289
64.5322,0.6861,2.9542
64.5324,0.7091,3.0505
64.5326,0.6696,2.8821
64.5328,0.6113,2.6321
64.5330,0.6045,2.6019
64.5332,0.6038,2.6025
64.5334,0.6126,2.639
64.5336,0.6157,2.6536
64.5338,0.6087,2.6236
64.5340,0.6054,2.608
64.5342,0.605,2.6052
64.5344,0.6111,2.6291
64.5346,0.6672,2.8732
64.5348,0.6398,2.7575
64.5350,0.5613,2.4168
64.5352,0.6026,2.5961
64.5354,0.6729,2.8934
64.5356,0.6954,2.9973
64.5358,0.6159,2.651
64.5360,0.6662,2.8658
64.5362,0.6807,2.931
64.5364,0.6321,2.7219
64.5366,0.6274,2.7017
64.5368,0.5894,2.5393
64.5370,0.5858,2.5249
64.5372,0.6036,2.5978
64.5374,0.6605,2.8429
64.5376,0.6074,2.6167
64.5378,0.5762,2.4801
64.5380,0.5812,2.5036
64.5382,0.5861,2.5271
64.5384,0.6201,2.669
64.5386,0.6469,2.7854
64.5388,0.5734,2.4746
64.5390,0.5151,2.22
64.5392,0.6026,2.5949
64.5394,0.6362,2.7433
64.5396,0.5087,2.1937
64.5398,0.4893,2.1129
64.5400,0.4929,2.1274
64.5402,0.4948,2.1347
64.5404,0.4965,2.138
64.5406,0.5768,2.4885
64.5408,0.5051,2.1792
64.5410,0.5054,2.1782
64.5412,0.5212,2.2485
64.5414,0.5137,2.2159
64.5416,0.514,2.2154
64.5418,0.5315,2.2887
64.5420,0.5655,2.4394
64.5422,0.5131,2.2102
64.5424,0.5872,2.5306
64.5426,0.534,2.3006
64.5428,0.559,2.4047
64.5430,0.6503,2.7965
64.5432,0.7027,3.0218
64.5434,0.6842,2.946
64.5436,0.6266,2.6981
64.5438,0.6005,2.588
64.5440,0.6032,2.5975
64.5442,0.624,2.6855
64.5444,0.5915,2.5457
64.5446,0.6499,2.7931
64.5448,0.7213,3.1002
64.5450,0.7846,3.3676
64.5452,0.8488,3.6412
64.5454,0.8875,3.8074
64.5456,0.9082,3.8909
64.5458,1.0445,4.4598
64.5460,1.1586,4.9495
64.5462,1.1412,4.8775
64.5464,1.1521,4.9242
64.5466,1.1603,4.966
64.5468,1.0569,4.5321
64.5470,0.978,4.1918
64.5472,0.9349,4.005
64.5474,0.9542,4.0877
64.5476,0.9786,4.1944
64.5478,0.9821,4.2054
64.5480,0.9892,4.2396
64.5482,0.9479,4.0666
64.5484,0.9603,4.1196
64.5486,0.9887,4.2395
64.5488,0.9566,4.096
64.5490,1.0365,4.4343
64.5492,1.107,4.7359
64.5494,1.1375,4.8708
64.5496,1.0733,4.5939
64.5498,1.0635,4.5582
64.5500,1.0189,4.3773
64.5502,0.8776,3.77
64.5504,0.8238,3.5359
64.5506,0.8672,3.7239
64.5508,0.8552,3.6741
64.5510,0.7666,3.2996
64.5512,0.7312,3.1469
64.5514,0.7236,3.1173
64.5516,0.7189,3.0986
64.5518,0.6406,2.7598
64.5520,0.6387,2.749
64.5522,0.6894,2.9659
64.5524,0.781,3.36
64.5526,0.7286,3.1375
64.5528,0.6716,2.8917
64.5530,0.6536,2.8208
64.5532,0.5777,2.4898
64.5534,0.5802,2.5007
64.5536,0.5729,2.4714
64.5538,0.5724,2.4694
64.5540,0.5645,2.433
64.5542,0.5888,2.5331
64.5544,0.6645,2.8639
64.5546,0.6006,2.5909
64.5548,0.5821,2.5101
64.5550,0.5729,2.4703
64.5552,0.5786,2.4928
64.5554,0.5878,2.5344
64.5556,0.5918,2.5508
64.5558,0.6225,2.6806
64.5560,0.6646,2.8605
64.5562,0.6849,2.9504
64.5564,0.6455,2.7849
64.5566,0.5911,2.5489
64.5568,0.5789,2.495
64.5570,0.562,2.4255
64.5572,0.5145,2.2205
64.5574,0.5559,2.3969
64.5576,0.561,2.4202
64.5578,0.5025,2.1708
64.5580,0.4236,1.8317
64.5582,0.4175,1.8036
64.5584,0.4663,2.0079
64.5586,0.6682,2.876
64.5588,0.6212,2.6774
64.5590,0.535,2.309
64.5592,0.4622,1.9958
64.5594,0.4701,2.031
64.5596,0.4545,1.9636
64.5598,0.4356,1.8809
64.5600,0.4563,1.9714
64.5602,0.4688,2.0243
64.5604,0.4527,1.9531
64.5606,0.4496,1.9397
64.5608,0.4852,2.0923
64.5610,0.5332,2.2981
64.5612,0.564,2.432
64.5614,0.5496,2.37
64.5616,0.5523,2.3802
64.5618,0.5459,2.3518
64.5620,0.5664,2.4424
64.5622,0.5746,2.4741
64.5624,0.6181,2.659
64.5626,0.6801,2.9257
64.5628,0.7298,3.1383
64.5630,0.7711,3.3141
64.5632,0.7747,3.3311
64.5634,0.6936,2.9867
64.5636,0.6628,2.8527
64.5638,0.6675,2.8715
64.5640,0.6888,2.962
64.5642,0.7212,3.1012
64.5644,0.7331,3.1493
64.5646,0.8058,3.4555
64.5648,0.8578,3.685
64.5650,0.7657,3.2924
64.5652,0.7863,3.3764
64.5654,0.7959,3.4224
64.5656,0.7133,3.0686
64.5658,0.6573,2.8316
64.5660,0.6219,2.6792
64.5662,0.618,2.6597
64.5664,0.6218,2.6775
64.5666,0.6406,2.7573
64.5668,0.6728,2.8969
64.5670,0.6465,2.7851
64.5672,0.6431,2.7642
64.5674,0.7011,3.0159
64.5676,0.6744,2.9055
64.5678,0.5716,2.4634
64.5680,0.5831,2.5154
64.5682,0.5392,2.325
64.5684,0.5996,2.5772
64.5686,0.7499,3.2259
64.5688,0.7024,3.0244
64.5690,0.6142,2.6462
64.5692,0.5476,2.3601
64.5694,0.5563,2.3978
64.5696,0.5872,2.5318
64.5698,0.5406,2.3323
64.5700,0.5212,2.2495
64.5702,0.5541,2.3891
64.5704,0.5276,2.2738
64.5706,0.5357,2.3079
64.5708,0.5936,2.5573
64.5710,0.5845,2.5181
64.5712,0.5242,2.2604
64.5714,0.5289,2.2816
64.5716,0.5273,2.2749
64.5718,0.5601,2.4082
64.5720,0.6231,2.6881
64.5722,0.4531,1.9565
64.5724,0.4426,1.9074
64.5726,0.5467,2.3576
64.5728,0.5517,2.3743
64.5730,0.5687,2.4533
64.5732,0.5053,2.1797
64.5734,0.4979,2.1471
64.5736,0.4942,2.1321
64.5738,0.4994,2.1514
64.5740,0.5541,2.3891
64.5742,0.5304,2.2873
64.5744,0.4953,2.1348
64.5746,0.4922,2.1233
64.5748,0.4906,2.1166
64.5750,0.4924,2.1214
64.5752,0.5747,2.4769
64.5754,0.5393,2.3255
64.5756,0.4862,2.0955
64.5758,0.4785,2.0624
64.5760,0.4826,2.081
64.5762,0.4875,2.1041
64.5764,0.4836,2.0851
64.5766,0.4854,2.0948
64.5768,0.4814,2.0768
64.5770,0.5057,2.1797
64.5772,0.5572,2.3981
64.5774,0.5988,2.5748
64.5776,0.6401,2.7514
64.5778,0.7089,3.0495
64.5780,0.6903,2.9681
64.5782,0.7041,3.0246
64.5784,0.7762,3.3332
64.5786,0.8261,3.5473
64.5788,0.8304,3.5592
64.5790,0.9007,3.8532
64.5792,1.0052,4.3045
64.5794,0.9888,4.2341
64.5796,1.0683,4.5617
64.5798,1.1533,4.927
64.5800,1.1345,4.8602
64.5802,0.9839,4.215
64.5804,0.9302,3.9868
64.5806,0.9086,3.8925
64.5808,0.9605,4.1168
64.5810,0.9476,4.0651
64.5812,0.8874,3.8069
64.5814,0.9347,4.0119
64.5816,0.9235,3.9635
64.5818,0.9379,4.0178
64.5820,0.9684,4.1488
64.5822,0.9575,4.1059
64.5824,0.9641,4.1341
64.5826,0.9118,3.9082
64.5828,0.9374,4.0232
64.5830,0.9572,4.1062
64.5832,0.9184,3.9346
64.5834,1.0274,4.3953
64.5836,1.0683,4.5809
64.5838,0.9828,4.2084
64.5840,1.0092,4.3234
64.5842,1.0439,4.4656
64.5844,1.0988,4.7115
64.5846,0.9957,4.2714
64.5848,0.8671,3.7251
64.5850,0.7972,3.4264
64.5852,0.8473,3.6351
64.5854,0.95,4.0754
64.5856,0.9446,4.0541
64.5858,0.8732,3.7532
64.5860,0.8346,3.5889
64.5862,0.7909,3.3975
64.5864,0.7953,3.4261
64.5866,0.6954,2.9945
64.5868,0.7011,3.0117
64.5870,0.8091,3.471
64.5872,0.908,3.9026
64.5874,0.8826,3.7898
64.5876,0.8505,3.6569
64.5878,0.843,3.6216
64.5880,0.894,3.8369
64.5882,0.9122,3.9188
64.5884,0.808,3.4761
64.5886,0.7525,3.2372
64.5888,0.7524,3.2337
64.5890,0.7459,3.2193
64.5892,0.5891,2.5424
64.5894,0.562,2.4221
64.5896,0.6054,2.608
64.5898,0.6334,2.7326
64.5900,0.5792,2.4965
64.5902,0.5888,2.5367
64.5904,0.6687,2.882
64.5906,0.6435,2.7748
64.5908,0.582,2.5119
64.5910,0.5819,2.5079
64.5912,0.6231,2.6869
64.5914,0.6013,2.5916
64.5916,0.6461,2.7797
64.5918,0.7032,3.0323
64.5920,0.5915,2.5516
64.5922,0.591,2.5495
64.5924,0.579,2.4966
64.5926,0.5937,2.5555
64.5928,0.6565,2.8306
64.5930,0.5666,2.4468
64.5932,0.4899,2.1145
64.5934,0.4802,2.0706
64.5936,0.527,2.2733
64.5938,0.5279,2.2796
64.5940,0.5331,2.3029
64.5942,0.5271,2.2738
64.5944,0.528,2.278
64.5946,0.5302,2.2862
64.5948,0.6044,2.599
64.5950,0.7115,3.0594
64.5952,0.678,2.9196
64.5954,0.6333,2.7283
64.5956,0.6272,2.7007
64.5958,0.6328,2.7275
64.5960,0.637,2.7456
64.5962,0.6406,2.7573
64.5964,0.6447,2.7748
64.5966,0.6898,2.9688
64.5968,0.6689,2.8764
64.5970,0.7183,3.0874
64.5972,0.7206,3.1029
64.5974,0.6313,2.7233
64.5976,0.6351,2.7335
64.5978,0.6471,2.7864
64.5980,0.626,2.6956
64.5982,0.6925,2.9766
64.5984,0.7359,3.1675
64.5986,0.6331,2.7248
64.5988,0.6163,2.6537
64.5990,0.6336,2.7306
64.5992,0.6198,2.6712
64.5994,0.6075,2.616
64.5996,0.6457,2.7776
64.5998,0.7012,3.0193
64.6000,0.7068,3.045
64.6002,0.6196,2.6682
64.6004,0.6008,2.5883
64.6006,0.5993,2.5828
64.6008,0.5947,2.5608
64.6010,0.6641,2.8597
64.6012,0.6328,2.7288
64.6014,0.5848,2.518
64.6016,0.6412,2.7586
64.6018,0.7367,3.1647
64.6020,0.788,3.3868
64.6022,0.7719,3.3223
64.6024,0.7413,3.1863
64.6026,0.807,3.4671
64.6028,0.8222,3.532
64.6030,0.8345,3.5884
64.6032,0.741,3.1847
64.6034,0.72,3.096
64.6036,0.7114,3.0603
64.6038,0.7363,3.1691
64.6040,0.7008,3.0191
64.6042,0.6373,2.7454
64.6044,0.6315,2.718
64.6046,0.7262,3.1243
64.6048,0.684,2.9413
64.6050,0.7204,3.0947
64.6052,0.7445,3.2101
64.6054,0.6356,2.7356
64.6056,0.7533,3.2378
64.6058,0.8128,3.4918
64.6060,0.7981,3.4316
64.6062,0.6997,3.0159
64.6064,0.6276,2.7023
64.6066,0.6874,2.9558
64.6068,0.7475,3.2141
64.6070,0.6849,2.9491
64.6072,0.6638,2.8595
64.6074,0.6214,2.6797
64.6076,0.5741,2.4754
64.6078,0.5506,2.3741
64.6080,0.5108,2.2055
64.6082,0.5609,2.4175
64.6084,0.5666,2.4434
64.6086,0.4887,2.1083
64.6088,0.4848,2.0922
64.6090,0.4884,2.1087
64.6092,0.4832,2.0864
64.6094,0.4839,2.0867
64.6096,0.485,2.0932
64.6098,0.5167,2.2268
64.6100,0.5328,2.2976
64.6102,0.5083,2.1916
64.6104,0.5342,2.3011
64.6106,0.5858,2.5238
64.6108,0.606,2.6118
64.6110,0.5747,2.478
64.6112,0.6035,2.5961
64.6114,0.7025,3.0221
64.6116,0.7417,3.1834
64.6118,0.7796,3.3507
64.6120,0.7467,3.2065
64.6122,0.8014,3.4445
64.6124,0.7945,3.413
64.6126,0.8681,3.7154
64.6128,1.0088,4.3178
64.6130,1.0158,4.3517
64.6132,0.9819,4.2063
64.6134,0.9757,4.1821
64.6136,0.9808,4.2036
64.6138,0.9719,4.1656
64.6140,0.9448,4.0533
64.6142,0.9317,3.9953
64.6144,0.9569,4.1014
64.6146,0.9852,4.2227
64.6148,0.9618,4.1225
64.6150,0.956,4.0954
64.6152,0.9886,4.2351
64.6154,1.0397,4.456
64.6156,1.0382,4.4498
64.6158,0.9948,4.2638
64.6160,1.0241,4.3912
64.6162,1.0109,4.3306
64.6164,1.0096,4.333
64.6166,0.8874,3.8175
64.6168,0.7598,3.2687
64.6170,0.7261,3.1281
64.6172,0.6958,2.9974
64.6174,0.7142,3.0741
64.6176,0.7405,3.1871
64.6178,0.6644,2.8608
64.6180,0.6917,2.9757
64.6182,0.6803,2.9281
64.6184,0.7211,3.105
64.6186,0.7123,3.0687
64.6188,0.6646,2.8631
64.6190,0.63,2.7176
64.6192,0.566,2.4385
64.6194,0.6228,2.6804
64.6196,0.652,2.8076
64.6198,0.6668,2.8698
64.6200,0.7196,3.0959
64.6202,0.6846,2.9521
64.6204,0.6099,2.6288
64.6206,0.6324,2.7267
64.6208,0.6297,2.7141
64.6210,0.6096,2.6285
64.6212,0.603,2.5964
64.6214,0.661,2.845
64.6216,0.6539,2.8211
64.6218,0.6519,2.8071
64.6220,0.6663,2.8704
64.6222,0.6207,2.6716
64.6224,0.7146,3.0728
64.6226,0.7472,3.216
64.6228,0.6837,2.9439
64.6230,0.6284,2.7059
64.6232,0.631,2.7185
64.6234,0.582,2.5119
64.6236,0.5563,2.4
64.6238,0.5224,2.2537
64.6240,0.5393,2.3244
64.6242,0.6066,2.6143
64.6244,0.5788,2.4945
64.6246,0.633,2.723
64.6248,0.7301,3.1452
64.6250,0.6349,2.7363
64.6252,0.6458,2.7782
64.6254,0.6641,2.865
64.6256,0.5621,2.4237
64.6258,0.5585,2.406
64.6260,0.5657,2.437
64.6262,0.5797,2.4986
64.6264,0.5573,2.4008
64.6266,0.6018,2.5949
64.6268,0.5737,2.4716
64.6270,0.6056,2.609
64.6272,0.5772,2.4912
64.6274,0.49,2.116
64.6276,0.479,2.0645
64.6278,0.544,2.3446
64.6280,0.573,2.4696
64.6282,0.5984,2.578
64.6284,0.6089,2.6254
64.6286,0.5767,2.4857
64.6288,0.558,2.4062
64.6290,0.5615,2.4223
64.6292,0.553,2.3833
64.6294,0.5603,2.4149
64.6296,0.6001,2.5828
64.6298,0.6681,2.8754
64.6300,0.6632,2.8556
64.6302,0.7067,3.0402
64.6304,0.721,3.1016
64.6306,0.6557,2.8223
64.6308,0.6249,2.6897
64.6310,0.5984,2.5804
64.6312,0.5354,2.3074
64.6314,0.529,2.2821
64.6316,0.5319,2.2945
64.6318,0.5381,2.3193
64.6320,0.5501,2.3731
64.6322,0.5442,2.3467
64.6324,0.5402,2.3291
64.6326,0.5388,2.3213
64.6328,0.5477,2.3617
64.6330,0.5419,2.338
64.6332,0.5402,2.3291
64.6334,0.5396,2.3265
64.6336,0.5443,2.3472
64.6338,0.5868,2.5267
64.6340,0.5821,2.5078
64.6342,0.5515,2.3749
64.6344,0.5617,2.4233
64.6346,0.4849,2.0898
64.6348,0.5313,2.2898
64.6350,0.5736,2.4711
64.6352,0.6025,2.5944
64.6354,0.5832,2.5124
64.6356,0.5585,2.4071
64.6358,0.5503,2.3753
64.6360,0.4661,2.0105
64.6362,0.4736,2.0412
64.6364,0.5306,2.2867
64.6366,0.5033,2.1714
64.6368,0.5105,2.2004
64.6370,0.5509,2.3746
64.6372,0.5047,2.1751
64.6374,0.5188,2.2361
64.6376,0.5819,2.509
64.6378,0.5445,2.3456
64.6380,0.5272,2.2701
64.6382,0.5726,2.4681
64.6384,0.5538,2.3847
64.6386,0.6648,2.8615
64.6388,0.6278,2.7046
64.6390,0.5927,2.5544
64.6392,0.5941,2.5594
64.6394,0.5825,2.5081
64.6396,0.5479,2.3627
64.6398,0.5198,2.2412
64.6400,0.4873,2.1011
64.6402,0.4964,2.1414
64.6404,0.4959,2.1393
64.6406,0.5042,2.173
64.6408,0.5049,2.1751
64.6410,0.5303,2.2867
64.6412,0.5048,2.1776
64.6414,0.4714,2.0319
64.6416,0.4766,2.0551
64.6418,0.494,2.1301
64.6420,0.5228,2.2521
64.6422,0.5485,2.362
64.6424,0.5916,2.5462
64.6426,0.6241,2.6848
64.6428,0.6235,2.6835
64.6430,0.6272,2.6982
64.6432,0.6296,2.706
64.6434,0.7049,3.0296
64.6436,0.7267,3.1205
64.6438,0.7533,3.2393
64.6440,0.7686,3.3033
64.6442,0.773,3.3193
64.6444,0.771,3.3105
64.6446,0.8128,3.4853
64.6448,0.8412,3.6072
64.6450,0.8746,3.7553
64.6452,0.8936,3.8265
64.6454,0.9822,4.2039
64.6456,1.0016,4.2891
64.6458,1.0128,4.3368
64.6460,1.0025,4.2926
64.6462,0.9736,4.1631
64.6464,1.0218,4.3733
64.6466,1.0255,4.3912
64.6468,1.0449,4.4828
64.6470,0.9217,3.9558
64.6472,0.8615,3.6958
64.6474,0.9337,3.9961
64.6476,1.0018,4.2896
64.6478,1.0519,4.4979
64.6480,1.0144,4.3496
64.6482,0.9569,4.1052
64.6484,0.9419,4.0353
64.6486,1.0921,4.6587
64.6488,1.1893,5.0783
64.6490,1.2274,5.246
64.6492,1.1393,4.8716
64.6494,1.1057,4.7391
64.6496,1.0483,4.4972
64.6498,0.9551,4.0956
64.6500,0.9816,4.2072
64.6502,0.958,4.1098
64.6504,0.8934,3.8344
64.6506,0.8665,3.7278
64.6508,0.7696,3.3064
64.6510,0.7913,3.4028
64.6512,0.7948,3.4193
64.6514,0.7783,3.3466
64.6516,0.7829,3.3651
64.6518,0.803,3.4496
64.6520,0.8265,3.5571
64.6522,0.7529,3.2312
64.6524,0.8499,3.6527
64.6526,0.7795,3.3533
64.6528,0.7662,3.2991
64.6530,0.7276,3.1314
64.6532,0.7512,3.2286
64.6534,0.7895,3.395
64.6536,0.7624,3.2785
64.6538,0.7435,3.1926
64.6540,0.8394,3.6062
64.6542,0.8469,3.6364
64.6544,0.8533,3.6727
64.6546,0.7047,3.0371
64.6548,0.6961,2.999
64.6550,0.6863,2.9511
64.6552,0.7276,3.1329
64.6554,0.6869,2.9565
64.6556,0.699,3.0086
64.6558,0.6915,2.9774
64.6560,0.7521,3.2357
64.6562,0.7958,3.4187
64.6564,0.7912,3.4038
64.6566,0.7816,3.361
64.6568,0.7788,3.3518
64.6570,0.7399,3.1786
64.6572,0.8145,3.4974
64.6574,0.7859,3.3827
64.6576,0.7731,3.3244
64.6578,0.8268,3.5521
64.6580,0.8437,3.6213
64.6582,0.9001,3.8632
64.6584,0.9069,3.898
64.6586,0.8454,3.6302
64.6588,0.8587,3.6874
64.6590,0.7654,3.296
64.6592,0.6864,2.9571
64.6594,0.6977,3.0043
64.6596,0.7726,3.3162
64.6598,0.8879,3.8125
64.6600,0.8332,3.5844
64.6602,0.7718,3.3187
64.6604,0.7832,3.3677
64.6606,0.7831,3.3688
64.6608,0.7571,3.2583
64.6610,0.7985,3.4337
64.6612,0.8305,3.5647
64.6614,0.8672,3.7274
64.6616,0.8338,3.5836
64.6618,0.8434,3.6248
64.6620,0.8386,3.6009
64.6622,0.8768,3.7634
64.6624,1.0688,4.5766
64.6626,1.1688,5.0024
64.6628,1.0843,4.6493
64.6630,1.068,4.573
64.6632,1.154,4.9324
64.6634,1.2006,5.1312
64.6636,1.1717,5.0241
64.6638,1.018,4.367
64.6640,0.9874,4.2378
64.6642,0.9966,4.2755
64.6644,0.9614,4.1242
64.6646,0.9869,4.2318
64.6648,1.0138,4.3409
64.6650,1.0903,4.6685
64.6652,1.1479,4.9223
64.6654,1.1022,4.7176
64.6656,1.1654,4.9811
64.6658,1.2279,5.2554
64.6660,1.1193,4.8061
64.6662,1.0184,4.3752
64.6664,0.8984,3.8704
64.6666,0.7917,3.4091
64.6668,0.7742,3.3275
64.6670,0.8741,3.762
64.6672,0.8506,3.6609
64.6674,0.7859,3.3811
64.6676,0.7321,3.1525
64.6678,0.7689,3.3033
64.6680,0.9128,3.9196
64.6682,0.8081,3.4798
64.6948,0.7115,3.0679
64.7214,0.6272,2.7057
64.7480,0.6568,2.8335
64.7482,0.6201,2.674
64.7484,0.694,2.9869
64.7486,0.7561,3.2512
64.7488,0.7274,3.1367
64.7490,0.6702,2.8901
64.7492,0.6836,2.9488
64.7494,0.68,2.932
64.7496,0.673,2.9006
64.7498,0.6803,2.9335
64.7500,0.6813,2.9377
64.7502,0.6135,2.6468
64.7504,0.6351,2.7348
64.7506,0.7536,3.2464
64.7508,0.6867,2.9595
64.7510,0.652,2.8115
64.7512,0.6789,2.9273
64.7514,0.6768,2.9158
64.7516,0.6748,2.9111
64.7518,0.6645,2.8653
64.7520,0.6615,2.8457
64.7522,0.7514,3.2341
64.7524,0.7831,3.3703
64.7526,0.8082,3.4835
64.7528,0.7344,3.1652
64.7530,0.6542,2.8195
64.7532,0.6946,2.9978
64.7534,0.6166,2.659
64.7536,0.5966,2.5726
64.7538,0.6495,2.7993
64.7540,0.7121,3.0648
64.7542,0.6989,3.0123
64.7544,0.6485,2.7978
64.7546,0.6756,2.9106
64.7548,0.6496,2.7986
64.7550,0.6704,2.8919
64.7552,0.6236,2.689
64.7554,0.6358,2.7379
64.7556,0.6524,2.8144
64.7558,0.6135,2.6455
64.7560,0.6593,2.8391
64.7562,0.7417,3.1938
64.7564,0.6941,2.993
64.7566,0.59,2.5477
64.7568,0.5731,2.4702
64.7570,0.596,2.5713
64.7572,0.6098,2.6271
64.7574,0.7234,3.1104
64.7576,0.8074,3.4735
64.7578,0.7871,3.3863
64.7580,0.791,3.406
64.7582,0.7701,3.31
64.7584,0.8454,3.6421
64.7586,0.6748,2.9097
64.7588,0.5704,2.4606
64.7590,0.5652,2.4394
64.7592,0.5777,2.4956
64.7594,0.5724,2.4694
64.7596,0.5605,2.4193
64.7598,0.5621,2.426
64.7600,0.5625,2.4275
64.7602,0.565,2.4362
64.7604,0.5619,2.4238
64.7606,0.5621,2.426
64.7608,0.5597,2.4168
64.7610,0.5584,2.4111
64.7612,0.558,2.4073
64.7614,0.5361,2.3126
64.7616,0.5553,2.3943
64.7618,0.5987,2.5814
64.7620,0.6043,2.6057
64.7622,0.6172,2.6566
64.7624,0.6638,2.8595
64.7626,0.6967,3.0016
64.7628,0.7065,3.0406
64.7630,0.7617,3.2739
64.7632,0.7882,3.3862
64.7634,0.8255,3.5481
64.7636,0.7735,3.326
64.7638,0.7506,3.226
64.7640,0.7894,3.3898
64.7642,0.8907,3.8284
64.7644,0.8404,3.612
64.7646,0.8401,3.6008
64.7648,0.9981,4.2776
64.7650,1.055,4.5217
64.7652,1.0526,4.5115
64.7654,1.0168,4.3578
64.7656,1.0285,4.4082
64.7658,1.0254,4.401
64.7660,1.0114,4.3347
64.7662,1.0114,4.3347
64.7664,1.0105,4.3311
64.7666,1.0404,4.4611
64.7668,1.0086,4.3269
64.7670,0.9528,4.0896
64.7672,1.01,4.3331
64.7674,0.9804,4.208
64.7676,0.9883,4.24
64.7678,0.9955,4.2669
64.7680,1.0285,4.4102
64.7682,1.0124,4.3494
64.7684,0.9387,4.0308
64.7686,0.9506,4.0817
64.7688,0.9593,4.1174
64.7690,0.9663,4.1492
64.7692,0.9156,3.9332
64.7694,0.9506,4.0798
64.7696,0.903,3.8828
64.7698,0.8126,3.4973
64.7700,0.7809,3.361
64.7702,0.8176,3.5157
64.7704,0.8497,3.6539
64.7706,0.8213,3.5333
64.7708,0.8711,3.7439
64.7710,0.9081,3.9013
64.7712,0.9223,3.9602
64.7714,0.8734,3.7589
64.7716,0.7827,3.3703
64.7718,0.7891,3.3977
64.7720,0.7796,3.3538
64.7722,0.7972,3.4328
64.7724,0.7875,3.3894
64.7726,0.7874,3.3889
64.7728,0.7749,3.3321
64.7730,0.7816,3.3641
64.7732,0.7752,3.3378
64.7734,0.7485,3.2232
64.7736,0.7523,3.2422
64.7738,0.7687,3.3069
64.7740,0.8104,3.4848
64.7742,0.8507,3.658
64.7744,0.8435,3.6237
64.7746,0.9006,3.8671
64.7748,0.9478,4.0661
64.7750,0.9742,4.1793
64.7752,0.9222,3.9726
64.7754,0.7524,3.2397
64.7756,0.7965,3.417
64.7758,0.9249,3.9716
64.7760,0.9349,4.0162
64.7762,0.9307,3.9963
64.7764,0.9193,3.9492
64.7766,0.9409,4.0476
64.7768,0.879,3.7814
64.7770,0.8881,3.8117
64.7772,0.9754,4.1883
64.7774,0.9834,4.2189
64.7776,0.9644,4.1429
64.7778,0.8925,3.8379
64.7780,0.8517,3.6621
64.7782,0.8941,3.8464
64.7784,0.8433,3.626
64.7786,0.868,3.7357
64.7788,0.8435,3.6355
64.7790,0.7297,3.1421
64.7792,0.7266,3.1287
64.7794,0.6732,2.9044
64.7796,0.659,2.8428
64.7798,0.718,3.093
64.7800,0.6957,2.9983
64.7802,0.6644,2.8661
64.7804,0.6488,2.7962
64.7806,0.6598,2.8451
64.7808,0.6948,2.9891
64.7810,0.84,3.6104
64.7812,0.8671,3.7321
64.7814,0.8019,3.4546
64.7816,0.7934,3.4163
64.7818,0.8503,3.653
64.7820,0.8953,3.8444
64.7822,0.8802,3.7866
64.7824,0.8662,3.7228
64.7826,0.8623,3.7045
64.7828,0.8912,3.8305
64.7830,0.9074,3.9018
64.7832,0.8969,3.8547
64.7834,0.9338,4.0153
64.7836,0.9039,3.8815
64.7838,0.9621,4.1312
64.7840,0.853,3.6712
64.7842,0.715,3.0815
64.7844,0.6865,2.9618
64.7846,0.6794,2.9307
64.7848,0.6794,2.928
64.7850,0.679,2.9292
64.7852,0.6828,2.9457
64.7854,0.6761,2.9127
64.7856,0.6525,2.8123
64.7858,0.6792,2.9275
64.7860,0.7284,3.1408
64.7862,0.6283,2.7104
64.7864,0.6002,2.593
64.7866,0.5957,2.5709
64.7868,0.5934,2.5611
64.7870,0.6356,2.7343
64.7872,0.8061,3.4662
64.7874,0.8127,3.4994
64.7876,0.7569,3.2578
64.7878,0.7972,3.4328
64.7880,0.7705,3.3223
64.7882,0.6478,2.7947
64.7884,0.6276,2.7073
64.7886,0.6169,2.6625
64.7888,0.622,2.6835
64.7890,0.621,2.6776
64.7892,0.624,2.6893
64.7894,0.6153,2.6545
64.7896,0.6145,2.6521
64.7898,0.5982,2.5794
64.7900,0.613,2.6447
64.7902,0.5955,2.5656
64.7904,0.721,3.0987
64.7906,0.7995,3.4394
64.7908,0.791,3.406
64.7910,0.7808,3.359
64.7912,0.7776,3.3497
64.7914,0.7479,3.2251
64.7916,0.6654,2.8681
64.7918,0.6507,2.8058
64.7920,0.6714,2.8926
64.7922,0.6676,2.8747
64.7924,0.6766,2.9148
64.7926,0.7559,3.2562
64.7928,0.7651,3.2929
64.7930,0.7845,3.3781
64.7932,0.7063,3.0471
64.7934,0.6056,2.6126
64.7936,0.6422,2.764
64.7938,0.7427,3.1994
64.7940,0.6754,2.911
64.7942,0.5994,2.5881
64.7944,0.5905,2.5463
64.7946,0.6482,2.7911
64.7948,0.6954,2.9945
64.7950,0.6965,2.9977
64.7952,0.7594,3.2717
64.7954,0.7033,3.0257
64.7956,0.7102,3.0566
64.7958,0.6876,2.9651
64.7960,0.6563,2.8288
64.7962,0.7129,3.0684
64.7964,0.7911,3.4002
64.7966,0.8458,3.6301
64.7968,0.9349,4.018
64.7970,0.8807,3.7781
64.7972,0.9063,3.8954
64.7974,0.8666,3.7266
64.7976,0.9229,3.9591
64.7978,0.9495,4.0733
64.7980,1.0067,4.3227
64.7982,0.9702,4.1623
64.7984,0.9548,4.096
64.7986,0.9357,4.0179
64.7988,0.9099,3.9054
64.7990,0.9629,4.1386
64.7992,0.9461,4.0646
64.7994,0.9349,4.0124
64.7996,0.9355,4.0225
64.7998,0.8924,3.8338
64.8000,0.9003,3.8678
64.8002,0.9012,3.8714
64.8004,0.8695,3.7389
64.8006,0.9377,4.021
64.8008,1.0358,4.4437
64.8010,0.9868,4.2353
64.8012,0.9963,4.2759
64.8014,0.9876,4.2369
64.8016,0.9735,4.1742
64.8018,0.9732,4.1771
64.8020,0.9385,4.0316
64.8022,0.9656,4.1442
64.8024,0.976,4.1889
64.8026,1.012,4.3433
64.8028,1.0068,4.3252
64.8030,0.847,3.6471
64.8032,0.7307,3.1463
64.8034,0.7698,3.3146
64.8036,0.8235,3.5393
64.8038,0.8764,3.7718
64.8040,0.7657,3.2986
64.8042,0.7397,3.1865
64.8044,0.7448,3.2072
64.8046,0.7659,3.2981
64.8048,0.6996,3.014
64.8050,0.6652,2.8724
64.8052,0.669,2.8849
64.8054,0.6803,2.9308
64.8056,0.7093,3.0544
64.8058,0.694,2.998
64.8060,0.5991,2.5859
64.8062,0.5863,2.5305
64.8064,0.5807,2.5039
64.8066,0.5675,2.4493
64.8068,0.5945,2.5669
64.8070,0.6345,2.7322
64.8072,0.7184,3.0994
64.8074,0.6039,2.6066
64.8076,0.6183,2.6687
64.8078,0.6306,2.7164
64.8080,0.7157,3.0817
64.8082,0.6464,2.7911
64.8084,0.5497,2.3749
64.8086,0.5285,2.2843
64.8088,0.5063,2.1874
64.8090,0.5225,2.2563
64.8092,0.5515,2.3827
64.8094,0.5366,2.3168
64.8096,0.5886,2.5345
64.8098,0.6711,2.8883
64.8100,0.7063,3.0415
64.8102,0.7091,3.059
64.8104,0.6713,2.8921
64.8106,0.6953,2.9954
64.8108,0.6796,2.925
64.8110,0.7271,3.1308
64.8112,0.6812,2.9399
64.8114,0.5819,2.5102
64.8116,0.576,2.4849
64.8118,0.5259,2.275
64.8120,0.468,2.0207
64.8122,0.5229,2.2589
64.8124,0.4969,2.1445
64.8126,0.5103,2.2024
64.8128,0.5927,2.552
64.8130,0.7092,3.0496
64.8132,0.7639,3.2862
64.8134,0.7242,3.1169
64.8136,0.7087,3.0518
64.8138,0.7501,3.2314
64.8140,0.7231,3.1123
64.8142,0.737,3.1707
64.8144,0.7939,3.4104
64.8146,0.8863,3.8058
64.8148,0.9087,3.9021
64.8150,0.9205,3.9525
64.8152,0.8481,3.6449
64.8154,0.8356,3.598
64.8156,0.7867,3.3811
64.8158,0.8657,3.7155
64.8160,0.8859,3.8007
64.8162,0.9074,3.8946
64.8164,0.9133,3.9289
64.8166,0.7796,3.3538
64.8168,0.8602,3.6953
64.8170,0.8905,3.8256
64.8172,0.8837,3.8033
64.8174,0.7316,3.1519
64.8176,0.6905,2.9747
64.8178,0.6949,2.9869
64.8180,0.762,3.2795
64.8182,0.7529,3.2403
64.8184,0.7786,3.3512
64.8186,0.7672,3.3037
64.8188,0.727,3.1259
64.8190,0.7313,3.1532
64.8192,0.6657,2.8744
64.8194,0.528,2.2811
64.8196,0.5009,2.1631
64.8198,0.4978,2.1516
64.8200,0.4989,2.1563
64.8202,0.5018,2.1647
64.8204,0.6863,2.9594
64.8206,0.6212,2.6774
64.8208,0.646,2.7831
64.8210,0.6195,2.6714
64.8212,0.6178,2.6691
64.8214,0.5097,2.2029
64.8216,0.4912,2.1211
64.8218,0.493,2.1289
64.8220,0.4937,2.133
64.8222,0.482,2.0813
64.8224,0.4765,2.0565
64.8226,0.4722,2.0388
64.8228,0.4884,2.1038
64.8230,0.5891,2.5389
64.8232,0.5833,2.5188
64.8234,0.5325,2.295
64.8236,0.6437,2.7694
64.8238,0.7079,3.0482
64.8240,0.6825,2.936
64.8242,0.7423,3.1919
64.8244,0.7207,3.1034
64.8246,0.6785,2.923
64.8248,0.6861,2.9528
64.8250,0.7045,3.0337
64.8252,0.6481,2.7931
64.8254,0.5633,2.4323
64.8256,0.5312,2.2925
64.8258,0.5557,2.3941
64.8260,0.5723,2.4665
64.8262,0.5256,2.2676
64.8264,0.5237,2.2614
64.8266,0.5252,2.2656
64.8268,0.5372,2.3173
64.8270,0.5334,2.3023
64.8272,0.5339,2.3033
64.8274,0.5336,2.3007
64.8276,0.534,2.3049
64.8278,0.5314,2.2914
64.8280,0.5326,2.2955
64.8282,0.5767,2.4845
64.8284,0.6032,2.6035
64.8286,0.5258,2.2702
64.8288,0.5189,2.2366
64.8290,0.5388,2.3234
64.8292,0.5674,2.4454
64.8294,0.6491,2.7913
64.8296,0.7362,3.1641
64.8298,0.7683,3.3007
64.8300,0.8169,3.5159
64.8302,0.753,3.2348
64.8304,0.8481,3.6382
64.8306,0.9114,3.9152
64.8308,0.7911,3.4033
64.8310,0.7554,3.2466
64.8312,0.7379,3.1714
64.8314,0.7463,3.2104
64.8316,0.7912,3.3975
64.8318,0.9223,3.9547
64.8320,0.9641,4.1341
64.8322,0.974,4.1802
64.8324,0.9487,4.0697
64.8326,0.9363,4.0111
64.8328,0.9843,4.2205
64.8330,0.9574,4.1111
64.8332,0.9499,4.073
64.8334,0.9594,4.1141
64.8336,0.9496,4.07
64.8338,1.0114,4.3347
64.8340,0.9802,4.2011
64.8342,0.9711,4.1659
64.8344,0.9827,4.2158
64.8346,0.967,4.1523
64.8348,0.881,3.7831
64.8350,0.888,3.813
64.8352,0.9497,4.0686
64.8354,0.9948,4.2658
64.8356,0.9983,4.2807
64.8358,0.9771,4.1877
64.8360,0.9732,4.1771
64.8362,0.9568,4.1104
64.8364,0.9084,3.9042
64.8366,0.8714,3.7419
64.8368,0.8905,3.8238
64.8370,0.8659,3.7217
64.8372,0.8499,3.6493
64.8374,0.8622,3.704
64.8376,0.8988,3.8575
64.8378,0.9737,4.1753
64.8380,0.9961,4.2754
64.8382,0.9337,4.0148
64.8384,0.8033,3.4559
64.8386,0.8017,3.4503
64.8388,0.7604,3.2713
64.8390,0.7514,3.2341
64.8392,0.7353,3.1635
64.8394,0.7397,3.185
64.8396,0.7379,3.1743
64.8398,0.7543,3.245
64.8400,0.7435,3.1985
64.8402,0.7537,3.2439
64.8404,0.7451,3.2053
64.8406,0.8276,3.5585
64.8408,0.8304,3.5708
64.8410,0.8761,3.7673
64.8412,0.8778,3.7727
64.8414,0.8171,3.5185
64.8416,0.7617,3.2739
64.8418,0.8455,3.6358
64.8420,0.7676,3.3068
64.8422,0.6849,2.9504
64.8424,0.6988,3.0117
64.8426,0.6776,2.9216
64.8428,0.6638,2.8608
64.8430,0.6107,2.6344
64.8432,0.5981,2.5765
64.8434,0.6538,2.8153
64.8436,0.6716,2.8971
64.8438,0.5997,2.5909
64.8440,0.533,2.3013
64.8442,0.5533,2.3871
64.8444,0.5669,2.4467
64.8446,0.5529,2.3872
64.8448,0.5587,2.4104
64.8450,0.5565,2.3994
64.8452,0.5449,2.352
64.8454,0.5511,2.3784
64.8456,0.5406,2.3344
64.8458,0.5469,2.3559
64.8460,0.659,2.8415
64.8462,0.649,2.7986
64.8464,0.6493,2.797
64.8466,0.6502,2.8011
64.8468,0.6885,2.9645
64.8470,0.7307,3.1477
64.8472,0.6809,2.9347
64.8474,0.662,2.8504
64.8476,0.7097,3.0545
64.8478,0.7465,3.2129
64.8480,0.7563,3.2537
64.8482,0.7334,3.1581
64.8484,0.6646,2.8618
64.8486,0.6716,2.8931
64.8488,0.6332,2.7303
64.8490,0.6357,2.7412
64.8492,0.6222,2.6828
64.8494,0.6089,2.6254
64.8496,0.6159,2.6571
64.8498,0.6202,2.672
64.8500,0.6292,2.7108
64.8502,0.7005,3.0064
64.8504,0.8535,3.6698
64.8506,0.7418,3.1987
64.8508,0.6766,2.9175
64.8510,0.6372,2.7487
64.8512,0.6452,2.7782
64.8514,0.6324,2.7254
64.8516,0.6312,2.7203
64.8518,0.6372,2.7397
64.8520,0.6644,2.8661
64.8522,0.5575,2.4063
64.8524,0.5524,2.383
64.8526,0.55,2.3726
64.8528,0.5586,2.411
64.8530,0.5484,2.3659
64.8532,0.5433,2.3404
64.8534,0.6349,2.7325
64.8536,0.687,2.9611
64.8538,0.6484,2.7921
64.8540,0.7072,3.0451
64.8542,0.7177,3.0891
64.8544,0.7382,3.1773
64.8546,0.7722,3.3187
64.8548,0.7834,3.3687
64.8550,0.7597,3.2682
64.8552,0.721,3.103
64.8554,0.7627,3.2841
64.8556,0.6532,2.8167
64.8558,0.5897,2.5438
64.8560,0.6074,2.6155
64.8562,0.6979,3.0039
64.8564,0.6624,2.8538
64.8566,0.6708,2.8873
64.8568,0.759,3.2575
64.8570,0.8013,3.444
64.8572,0.7183,3.0931
64.8574,0.6803,2.9294
64.8576,0.7386,3.1759
64.8578,0.7952,3.4113
64.8580,0.8939,3.8364
64.8582,0.8501,3.6537
64.8584,0.8002,3.4409
64.8586,0.8,3.4383
64.8588,0.874,3.751
64.8590,0.8792,3.7754
64.8592,0.8773,3.7724
64.8594,0.8093,3.4866
64.8596,0.646,2.7831
64.8598,0.6398,2.7562
64.8600,0.6378,2.7449
64.8602,0.6916,2.9793
64.8604,0.6194,2.6734
64.8606,0.5049,2.1812
64.8608,0.4997,2.1599
64.8610,0.4912,2.1211
64.8612,0.4888,2.1079
64.8614,0.5494,2.3678
64.8616,0.5423,2.3395
64.8618,0.496,2.1409
64.8620,0.4941,2.1326
64.8622,0.4951,2.1367
64.8624,0.5066,2.1844
64.8626,0.6001,2.5852
64.8628,0.6598,2.8398
64.8630,0.6771,2.9168
64.8632,0.6025,2.5968
64.8634,0.6181,2.6578
64.8636,0.7826,3.3651
64.8638,0.8092,3.4731
64.8640,0.8379,3.6028
64.8642,0.7922,3.408
64.8644,0.7823,3.361
64.8646,0.7901,3.3945
64.8648,0.8487,3.6424
64.8650,0.9069,3.8889
64.8652,0.9364,4.0191
64.8654,0.8785,3.7758
64.8656,0.8317,3.5715
64.8658,0.8749,3.7569
64.8660,0.9147,3.926
64.8662,0.9278,3.9784
64.8664,0.9133,3.9198
64.8666,0.9301,3.99
64.8668,0.9453,4.0553
64.8670,0.9784,4.1934
64.8672,1.0268,4.3989
64.8674,1.0922,4.6767
64.8676,1.0711,4.5927
64.8678,1.0002,4.2809
64.8680,1.0382,4.4498
64.8682,1.0584,4.5446
64.8684,0.9494,4.0785
64.8686,0.9176,3.9402
64.8688,0.9495,4.0752
64.8690,0.9098,3.9067
64.8692,0.8472,3.6464
64.8694,0.7696,3.3156
64.8696,0.7308,3.1424
64.8698,0.8242,3.5407
64.8700,0.8379,3.6011
64.8702,0.8453,3.6331
64.8704,0.7758,3.3466
64.8706,0.618,2.6647
64.8708,0.6454,2.774
64.8710,0.7511,3.234
64.8712,0.717,3.0917
64.8714,0.64,2.7585
64.8716,0.6517,2.8086
64.8718,0.6517,2.8086
64.8720,0.6929,2.9836
64.8722,0.6836,2.9447
64.8724,0.6286,2.7082
64.8726,0.6268,2.7017
64.8728,0.6412,2.7688
64.8730,0.5628,2.4302
64.8732,0.5494,2.3689
64.8734,0.6517,2.8073
64.8736,0.6746,2.906
64.8738,0.6579,2.8329
64.8740,0.662,2.8518
64.8742,0.6297,2.7166
64.8744,0.5577,2.4068
64.8746,0.5422,2.3379
64.8748,0.6013,2.5916
64.8750,0.6433,2.775
64.8752,0.6138,2.6441
64.8754,0.6241,2.6898
64.8756,0.613,2.6447
64.8758,0.5872,2.533
64.8760,0.5897,2.5391
64.8762,0.6223,2.682
64.8764,0.5765,2.4858
64.8766,0.6397,2.7544
64.8768,0.7214,3.1065
64.8770,0.6724,2.8927
64.8772,0.6851,2.9528
64.8774,0.5954,2.571
64.8776,0.485,2.0952
64.8778,0.4316,1.8638
64.8780,0.492,2.1223
64.8782,0.572,2.4655
64.8784,0.5954,2.5651
64.8786,0.6096,2.6236
64.8788,0.6401,2.7578
64.8790,0.6229,2.6834
64.8792,0.6205,2.6755
64.8794,0.5497,2.3705
64.8796,0.5495,2.3706
64.8798,0.5502,2.3748
64.8800,0.5521,2.3819
64.8802,0.5548,2.3911
64.8804,0.5566,2.4011
64.8806,0.5595,2.4146
64.8808,0.5562,2.3984
64.8810,0.5633,2.4289
64.8812,0.6168,2.657
64.8814,0.6464,2.7833
64.8816,0.7049,3.0325
64.8818,0.6897,2.9711
64.8820,0.5955,2.5704
64.8822,0.5448,2.3493
64.8824,0.5447,2.3488
64.8826,0.5405,2.3307
64.8828,0.5494,2.3689
64.8830,0.6085,2.6214
64.8832,0.5888,2.539
64.8834,0.556,2.3974
64.8836,0.6158,2.6554
64.8838,0.564,2.4331
64.8840,0.5318,2.2919
64.8842,0.5339,2.3012
64.8844,0.5314,2.2914
64.8846,0.53,2.2852
64.8848,0.5271,2.2738
64.8850,0.5628,2.4246
64.8852,0.6089,2.6242
64.8854,0.5198,2.2423
64.8856,0.5412,2.3327
64.8858,0.5696,2.4563
64.8860,0.479,2.0664
64.8862,0.4628,1.9966
64.8864,0.4621,1.9963
64.8866,0.4961,2.1404
64.8868,0.5342,2.3033
64.8870,0.5223,2.2511
64.8872,0.5672,2.4437
64.8874,0.6043,2.6021
64.8876,0.6072,2.6145
64.8878,0.5801,2.4978
64.8880,0.5813,2.5065
64.8882,0.5367,2.3184
64.8884,0.4779,2.0637
64.8886,0.4705,2.0297
64.8888,0.4902,2.1145
64.8890,0.53,2.2841
64.8892,0.5621,2.4226
64.8894,0.5167,2.2268
64.8896,0.497,2.143
64.8898,0.5369,2.3109
64.8900,0.6102,2.6286
64.8902,0.5857,2.5244
64.8904,0.5648,2.4356
64.8906,0.5874,2.5281
64.8908,0.6568,2.8256
64.8910,0.6389,2.7513
64.8912,0.6159,2.651
64.8914,0.6083,2.6179
64.8916,0.6037,2.6007
64.8918,0.5831,2.5131
64.8920,0.5858,2.5226
64.8922,0.5866,2.5257
64.8924,0.6043,2.6021
64.8926,0.5888,2.5379
64.8928,0.5328,2.2976
64.8930,0.5183,2.2361
64.8932,0.5127,2.2097
64.8934,0.5671,2.4432
64.8936,0.5662,2.4379
64.8938,0.5925,2.5539
64.8940,0.5791,2.4948
64.8942,0.5929,2.5507
64.8944,0.6133,2.6408
64.8946,0.617,2.6568
64.8948,0.6334,2.7263
64.8950,0.6614,2.8465
64.8952,0.6443,2.7694
64.8954,0.6375,2.7464
64.8956,0.6079,2.6164
64.8958,0.6899,2.9652
64.8960,0.6767,2.9072
64.8962,0.7021,3.0192
64.8964,0.7036,3.0226
64.8966,0.7822,3.3605
64.8968,0.7788,3.3424
64.8970,0.8218,3.5255
64.8972,0.857,3.6784
64.8974,0.8436,3.6259
64.8976,0.7871,3.38
64.8978,0.7827,3.3625
64.8980,0.8338,3.5819
64.8982,0.8192,3.5158
64.8984,0.8909,3.8182
64.8986,0.9943,4.2538
64.8988,1.0755,4.6053
64.8990,1.0494,4.4871
64.8992,1.1249,4.8056
64.8994,1.1459,4.9021
64.8996,1.111,4.7506
64.8998,1.0829,4.635
64.9000,1.1494,4.9124
64.9002,1.1807,5.0556
64.9004,1.0755,4.6096
64.9006,0.9835,4.2155
64.9008,0.9496,4.0719
64.9010,0.9558,4.1044
64.9012,0.8927,3.8349
64.9014,0.862,3.6995
64.9016,0.8809,3.7826
64.9018,0.8817,3.788
64.9020,0.8404,3.6086
64.9022,0.7951,3.4156
64.9024,0.785,3.3723
64.9026,0.7901,3.3913
64.9028,0.7871,3.391
64.9030,0.7288,3.1336
64.9032,0.8088,3.4732
64.9034,0.9048,3.876
64.9036,0.9308,3.9968
64.9038,0.8505,3.6518
64.9040,0.8479,3.6444
64.9042,0.7915,3.4049
64.9044,0.7493,3.2203
64.9046,0.764,3.2883
64.9048,0.7189,3.0942
64.9050,0.6869,2.9592
64.9052,0.649,2.7921
64.9054,0.7315,3.1484
64.9056,0.7415,3.1898
64.9058,0.7632,3.2786
64.9060,0.7577,3.264
64.9062,0.6766,2.9134
64.9064,0.7045,3.0295
64.9066,0.7411,3.1853
64.9068,0.7488,3.2242
64.9070,0.6868,2.9573
64.9072,0.6798,2.926
64.9074,0.6572,2.8298
64.9076,0.6722,2.8957
64.9078,0.6493,2.7996
64.9080,0.5911,2.5465
64.9082,0.6189,2.6676
64.9084,0.6204,2.6738
64.9086,0.5955,2.568
64.9088,0.6017,2.5932
64.9090,0.5786,2.4939
64.9092,0.5936,2.5573
64.9094,0.594,2.5601
64.9096,0.6111,2.6352
64.9098,0.6286,2.7031
64.9100,0.7377,3.1708
64.9102,0.6839,2.949
64.9104,0.5482,2.3638
64.9106,0.5314,2.2925
64.9108,0.538,2.3209
64.9110,0.5273,2.2759
64.9112,0.5459,2.3529
64.9114,0.6018,2.5937
64.9116,0.6331,2.726
64.9118,0.6398,2.7562
64.9120,0.6346,2.7315
64.9122,0.6578,2.8337
64.9124,0.6573,2.8316
64.9126,0.6556,2.8231
64.9128,0.6533,2.8133
64.9130,0.6418,2.765
64.9132,0.6575,2.8287
64.9134,0.709,3.0486
64.9136,0.7302,3.1354
64.9138,0.8183,3.5188
64.9140,0.7995,3.4378
64.9142,0.8,3.4351
64.9144,0.7975,3.4307
64.9146,0.7177,3.0848
64.9148,0.7662,3.296
64.9150,0.7702,3.3074
64.9152,0.791,3.3949
64.9154,0.8445,3.6261
64.9156,0.7791,3.3502
64.9158,0.7651,3.2899
64.9160,0.8094,3.4774
64.9162,0.8008,3.4419
64.9164,0.8122,3.486
64.9166,0.9329,4.0023
64.9168,0.9036,3.8853
64.9170,0.7704,3.311
64.9172,0.7977,3.4285
64.9174,0.7934,3.4147
64.9176,0.7939,3.4136
64.9178,0.8126,3.4924
64.9180,0.7437,3.1966
64.9182,0.7942,3.4151
64.9184,0.803,3.448
64.9186,0.7892,3.3935
64.9188,0.7376,3.1762
64.9190,0.7067,3.0473
64.9192,0.6049,2.6071
64.9194,0.5922,2.5523
64.9196,0.5958,2.569
64.9198,0.6072,2.6109
64.9200,0.7893,3.3909
64.9202,0.7843,3.3692
64.9204,0.7779,3.3435
64.9206,0.8141,3.5024
64.9208,0.805,3.4599
64.9210,0.8145,3.5121
64.9212,0.6163,2.6574
64.9214,0.5742,2.4737
64.9216,0.6683,2.8778
64.9218,0.6682,2.876
64.9220,0.6219,2.6792
64.9222,0.6137,2.6448
64.9224,0.6306,2.7152
64.9226,0.681,2.9339
64.9228,0.6447,2.7761
64.9230,0.6987,3.0014
64.9232,0.8635,3.7011
64.9234,0.9988,4.2787
64.9236,0.949,4.077
64.9238,0.8213,3.5317
64.9240,0.8151,3.5032
64.9242,0.8549,3.6726
64.9244,0.7505,3.236
64.9246,0.5881,2.5359
64.9248,0.576,2.4837
64.9250,0.5864,2.5275
64.9252,0.6026,2.5973
64.9254,0.633,2.7293
64.9256,0.5866,2.5327
64.9258,0.5122,2.2117
64.9260,0.5232,2.2583
64.9262,0.5115,2.2086
64.9264,0.4949,2.1332
64.9266,0.5916,2.5474
64.9268,0.5655,2.4416
64.9270,0.4953,2.1397
64.9272,0.485,2.0952
64.9274,0.4827,2.0824
64.9276,0.4925,2.1258
64.9278,0.4941,2.1326
64.9280,0.4888,2.1088
64.9282,0.4904,2.1156
64.9284,0.4993,2.1538
64.9286,0.517,2.2304
64.9288,0.5764,2.4841
64.9290,0.6183,2.6625
64.9292,0.6012,2.5923
64.9294,0.6053,2.6074
64.9296,0.6332,2.7303
64.9298,0.6026,2.5925
64.9300,0.7057,3.0332
64.9302,0.7152,3.0754
64.9304,0.7389,3.176
64.9306,0.7925,3.4
64.9308,0.8524,3.6652
64.9310,0.7839,3.3661
64.9312,0.9056,3.8814
64.9314,0.8939,3.8382
64.9316,0.8538,3.6663
64.9318,0.8886,3.8156
64.9320,0.8892,3.8146
64.9322,0.8931,3.8298
64.9324,0.9723,4.171
64.9326,0.9526,4.0848
64.9328,0.9642,4.1308
64.9330,0.9835,4.2155
64.9332,0.9909,4.2468
64.9334,0.9718,4.167
64.9336,0.9489,4.0651
64.9338,1.0671,4.5672
64.9340,1.0574,4.5341
64.9342,1.0268,4.3969
64.9344,1.1251,4.8111
64.9346,1.1383,4.8812
64.9348,1.002,4.2986
64.9350,0.9338,4.0078
64.9352,0.8746,3.7588
64.9354,0.82,3.526
64.9356,0.7897,3.394
64.9358,0.8105,3.482
64.9360,0.8405,3.6142
64.9362,0.8003,3.4414
64.9364,0.7548,3.2455
64.9366,0.826,3.5485
64.9368,0.8499,3.6561
64.9370,0.8193,3.5213
64.9372,0.8521,3.6539
64.9374,0.9417,4.038
64.9376,0.9528,4.0934
64.9378,0.8982,3.855
64.9380,0.8885,3.8186
64.9382,0.8539,3.6736
64.9384,0.7915,3.4049
64.9386,0.7867,3.3827
64.9388,0.7971,3.4323
64.9390,0.7282,3.1383
64.9392,0.7166,3.0844
64.9394,0.7792,3.3523
64.9396,0.7603,3.2753
64.9398,0.7313,3.1489
64.9400,0.7622,3.276
64.9402,0.8261,3.5506
64.9404,0.8614,3.7056
64.9406,0.7677,3.3027
64.9408,0.7419,3.1904
64.9410,0.7687,3.3115
64.9412,0.6651,2.8732
64.9414,0.5176,2.235
64.9416,0.4941,2.1336
64.9418,0.5473,2.3623
64.9420,0.5681,2.4496
64.9422,0.555,2.3955
64.9424,0.4966,2.1444
64.9426,0.483,2.0854
64.9428,0.4958,2.1388
64.9430,0.5396,2.3255
64.9432,0.5545,2.3923
64.9434,0.5144,2.2241
64.9436,0.4376,1.8923
64.9438,0.4091,1.7673
64.9440,0.4053,1.7515
64.9442,0.446,1.9268
64.9444,0.4631,1.9995
64.9446,0.4517,1.9512
64.9448,0.4549,1.9643
64.9450,0.5075,2.1875
64.9452,0.5773,2.4894
64.9454,0.576,2.4826
64.9456,0.5711,2.4637
64.9458,0.5613,2.4212
64.9460,0.5607,2.4164
64.9462,0.5645,2.4318
64.9464,0.6364,2.7417
64.9466,0.6312,2.7228
64.9468,0.5643,2.4342
64.9470,0.5677,2.4458
64.9472,0.6407,2.7565
64.9474,0.7382,3.1758
64.9476,0.7254,3.1207
64.9478,0.7265,3.1268
64.9480,0.6612,2.8526
64.9482,0.5611,2.4207
64.9484,0.5548,2.3922
64.9486,0.5637,2.4293
64.9488,0.5496,2.37
64.9490,0.5485,2.3664
64.9492,0.5518,2.3771
64.9494,0.6069,2.6159
64.9496,0.5539,2.3897
64.9498,0.5427,2.3422
64.9500,0.5419,2.338
64.9502,0.5384,2.3225
64.9504,0.5284,2.2774
64.9506,0.5815,2.5075
64.9508,0.5406,2.3301
64.9510,0.5314,2.2914
64.9512,0.5001,2.1564
64.9514,0.5465,2.3565
64.9516,0.5597,2.4179
64.9518,0.4719,2.0378
64.9520,0.4565,1.9701
64.9522,0.4603,1.9876
64.9524,0.464,2.0027
64.9526,0.4637,2.0002
64.9528,0.462,1.9948
64.9530,0.467,2.0156
64.9532,0.4826,2.0839
64.9534,0.4824,2.0809
64.9536,0.5544,2.3873
64.9538,0.6674,2.8723
64.9540,0.6343,2.7299
64.9542,0.6243,2.6858
64.9544,0.6773,2.9125
64.9546,0.7095,3.0506
64.9548,0.7085,3.0451
64.9550,0.74,3.1806
64.9552,0.7262,3.1228
64.9554,0.7294,3.1377
64.9556,0.7304,3.1409
64.9558,0.7042,3.0251
64.9560,0.7555,3.2426
64.9562,0.8121,3.479
64.9564,0.9446,4.0522
64.9566,0.9112,3.9183
64.9568,0.8041,3.4574
64.9570,0.7701,3.3069
64.9572,0.8254,3.5409
64.9574,0.8538,3.6611
64.9576,0.8982,3.8496
64.9578,0.866,3.7274
64.9580,0.6358,2.7392
64.9582,0.6277,2.7078
64.9584,0.5708,2.4569
64.9586,0.6375,2.7464
64.9588,0.643,2.7702
64.9590,0.6873,2.9566
64.9592,0.7055,3.0336
64.9594,0.7682,3.2987
64.9596,0.8026,3.4496
64.9598,0.8139,3.503
64.9600,0.6918,2.9804
64.9602,0.603,2.5976
64.9604,0.6246,2.6919
64.9606,0.6093,2.6238
64.9608,0.5672,2.4471
64.9610,0.4868,2.102
64.9612,0.4861,2.0979
64.9614,0.4868,2.1
64.9616,0.489,2.1113
64.9618,0.5388,2.3224
64.9620,0.5863,2.5258
64.9622,0.6021,2.5928
64.9624,0.5991,2.5799
64.9626,0.5937,2.5555
64.9628,0.6011,2.5906
64.9630,0.5911,2.5441
64.9632,0.7284,3.1321
64.9634,0.753,3.2333
64.9636,0.7774,3.3414
64.9638,0.7987,3.4294
64.9640,0.844,3.6224
64.9642,0.8647,3.7079
64.9644,0.8542,3.6644
64.9646,0.9182,3.9372
64.9648,0.9693,4.1524
64.9650,0.9639,4.135
64.9652,0.9628,4.1266
64.9654,0.9726,4.1668
64.9656,0.9693,4.1543
64.9658,0.9133,3.918
64.9660,0.9055,3.8809
64.9662,0.9981,4.2816
64.9664,1.0051,4.31
64.9666,1.0019,4.2941
64.9668,0.9772,4.1902
64.9670,0.9454,4.052
64.9672,0.9621,4.1216
64.9674,0.9593,4.1155
64.9676,0.8839,3.799
64.9678,0.8493,3.6535
64.9680,0.7977,3.4317
64.9682,0.7604,3.2652
64.9684,0.7985,3.4369
64.9686,0.7383,3.1764
64.9688,0.7308,3.1453
64.9690,0.6659,2.8675
64.9692,0.7228,3.1093
64.9694,0.7639,3.2862
64.9696,0.7206,3.1015
64.9698,0.6919,2.9767
64.9700,0.7756,3.3337
64.9702,0.7892,3.3919
64.9704,0.7915,3.397
64.9706,0.8201,3.5265
64.9708,0.7467,3.2125
64.9710,0.7011,3.0188
64.9712,0.679,2.9265
64.9714,0.6283,2.7054
64.9716,0.6533,2.8159
64.9718,0.647,2.7872
64.9720,0.6617,2.8468
64.9722,0.7291,3.1381
64.9724,0.6978,3.002
64.9726,0.7424,3.1954
64.9728,0.7514,3.2326
64.9730,0.7515,3.2316
64.9732,0.7624,3.2755
64.9734,0.7946,3.4199
64.9736,0.7536,3.2419
64.9738,0.7604,3.2652
64.9740,0.7783,3.3466
64.9742,0.7677,3.3089
64.9744,0.6427,2.7699
64.9746,0.6015,2.5938
64.9748,0.5907,2.5485
64.9750,0.5918,2.5508
64.9752,0.5844,2.5164
64.9754,0.5873,2.5311
64.9756,0.611,2.6322
64.9758,0.6297,2.7128
64.9760,0.6248,2.6904
64.9762,0.6683,2.8791
64.9764,0.6693,2.8833
64.9766,0.6696,2.8781
64.9768,0.7557,3.2466
64.9770,0.8075,3.4756
64.9772,0.7243,3.1131
64.9774,0.7284,3.1336
64.9776,0.7189,3.0971
64.9778,0.6887,2.9642
64.9780,0.6276,2.7023
64.9782,0.6168,2.657
64.9784,0.6646,2.8631
64.9786,0.6892,2.969
64.9788,0.6977,2.9973
64.9790,0.7386,3.1804
64.9792,0.7345,3.1657
64.9794,0.6972,2.9981
64.9796,0.7374,3.1722
64.9798,0.7081,3.0464
64.9800,0.7682,3.3063
64.9802,0.7297,3.1378
64.9804,0.72,3.0974
64.9806,0.7098,3.0564
64.9808,0.6472,2.7921
64.9810,0.611,2.6335
64.9812,0.6108,2.63
64.9814,0.6127,2.6407
64.9816,0.6165,2.6548
64.9818,0.6109,2.6329
64.9820,0.6109,2.6317
64.9822,0.6145,2.6497
64.9824,0.6147,2.6495
64.9826,0.6128,2.6388
64.9828,0.6783,2.9207
64.9830,0.6776,2.9162
64.9832,0.6758,2.9044
64.9834,0.717,3.0889
64.9836,0.641,2.7614
64.9838,0.5989,2.5789
64.9840,0.6366,2.7423
64.9842,0.6164,2.6604
64.9844,0.5495,2.3706
64.9846,0.5408,2.3317
64.9848,0.5403,2.3286
64.9850,0.5436,2.3452
64.9852,0.5458,2.3545
64.9854,0.5439,2.3441
64.9856,0.5422,2.3358
64.9858,0.5436,2.3452
64.9860,0.5593,2.4074
64.9862,0.6316,2.7211
64.9864,0.6198,2.6699
64.9866,0.6174,2.6584
64.9868,0.6789,2.9178
64.9870,0.7151,3.0749
64.9872,0.6782,2.9201
64.9874,0.6446,2.7756
64.9876,0.6722,2.897
64.9878,0.5875,2.531
64.9880,0.5773,2.4859
64.9882,0.6278,2.7046
64.9884,0.5905,2.5404
64.9886,0.6267,2.6974
64.9888,0.6415,2.7622
64.9890,0.6732,2.8963
64.9892,0.7282,3.1296
64.9894,0.7883,3.3883
64.9896,0.8309,3.5663
64.9898,0.8356,3.5913
64.9900,0.6706,2.8903
64.9902,0.5848,2.5215
64.9904,0.5843,2.5182
64.9906,0.5931,2.5529
64.9908,0.6435,2.7722
64.9910,0.5996,2.588
64.9912,0.5021,2.1683
64.9914,0.4838,2.0871
64.9916,0.4785,2.0643
64.9918,0.4809,2.0757
64.9920,0.4831,2.085
64.9922,0.4881,2.1077
64.9924,0.4809,2.0747
64.9926,0.4755,2.0514
64.9928,0.5066,2.1874
64.9930,0.4899,2.1145
64.9932,0.491,2.1181
64.9934,0.5261,2.2655
64.9936,0.6117,2.6317
64.9938,0.6285,2.7051
64.9940,0.609,2.621
64.9942,0.6049,2.6047
64.9944,0.6032,2.5999
64.9946,0.6262,2.6966
64.9948,0.626,2.6968
64.9950,0.613,2.6349
64.9952,0.6925,2.9807
64.9954,0.6553,2.8202
64.9956,0.6421,2.7622
64.9958,0.6737,2.8997
64.9960,0.6777,2.9154
64.9962,0.7254,3.1192
64.9964,0.7766,3.3363
64.9966,0.7687,3.3023
64.9968,0.7801,3.3465
64.9970,0.8644,3.7116
64.9972,0.8411,3.6134
64.9974,0.815,3.5011
64.9976,0.8039,3.4457
64.9978,0.9537,4.0856
64.9980,1.0056,4.308
64.9982,0.9963,4.264
64.9984,1.0037,4.2998
64.9986,0.9783,4.1929
64.9988,0.9927,4.2545
64.9990,1.0062,4.3126
64.9992,0.9826,4.2055
64.9994,1.0899,4.656
64.9996,1.1683,4.998
64.9998,1.1682,4.9905
65.0000,1.1696,5.006
65.0002,1.1117,4.7626
65.0004,1.0648,4.5596
65.0006,1.0486,4.4945
65.0008,0.9713,4.1708
65.0010,0.916,3.9335
65.0012,0.8285,3.5626
65.0014,0.7333,3.1547
65.0016,0.7204,3.099
65.0018,0.7235,3.1124
65.0020,0.7277,3.1334
65.0022,0.7049,3.0325
65.0024,0.7475,3.2141
65.0026,0.7652,3.2904
65.0028,0.7851,3.3697
65.0030,0.8582,3.6905
65.0032,0.8044,3.4557
65.0034,0.8555,3.6718
65.0036,0.8942,3.8451
65.0038,0.8037,3.4607
65.0040,0.7105,3.0581
65.0042,0.6109,2.6342
65.0044,0.5648,2.4356
65.0046,0.5732,2.473
65.0048,0.5713,2.4636
65.0050,0.5869,2.5308
65.0052,0.586,2.5278
65.0054,0.593,2.5559
65.0056,0.614,2.6452
65.0058,0.6051,2.6057
65.0060,0.6418,2.7624
65.0062,0.6736,2.9005
65.0064,0.6392,2.76
65.0066,0.5337,2.3044
65.0068,0.5802,2.4995
65.0070,0.5615,2.4234
65.0072,0.5592,2.4091
65.0074,0.5784,2.4964
65.0076,0.5043,2.1756
65.0078,0.4977,2.1451
65.0080,0.5762,2.4824
65.0082,0.6041,2.6059
65.0084,0.5308,2.292
65.0086,0.5033,2.1714
65.0088,0.573,2.4685
65.0090,0.5916,2.5474
65.0092,0.6611,2.8495
65.0094,0.6008,2.5895
65.0096,0.5415,2.3381
65.0098,0.439,1.8954
65.0100,0.4688,2.0224
65.0102,0.5313,2.2919
65.0104,0.5863,2.5247
65.0106,0.6097,2.6266
65.0108,0.6342,2.7319
65.0110,0.614,2.6452
65.0112,0.6044,2.6014
65.0114,0.6244,2.6938
65.0116,0.5689,2.4544
65.0118,0.5641,2.4314
65.0120,0.5627,2.4275
65.0122,0.5461,2.355
65.0124,0.5539,2.3875
65.0126,0.5628,2.4246
65.0128,0.5677,2.4435
65.0130,0.5983,2.5739
65.0132,0.6521,2.8094
65.0134,0.6563,2.8249
65.0136,0.7057,3.0361
65.0138,0.6976,3.0024
65.0140,0.649,2.7947
65.0142,0.6458,2.7833
65.0144,0.6346,2.7315
65.0146,0.6443,2.7707
65.0148,0.7072,3.0394
65.0150,0.7172,3.0841
65.0152,0.7044,3.0346
65.0154,0.6304,2.7159
65.0156,0.6232,2.6812
65.0158,0.6413,2.7552
65.0160,0.7501,3.2254
65.0162,0.7461,3.2129
65.0164,0.6815,2.9346
65.0166,0.6687,2.8794
65.0168,0.7038,3.025
65.0170,0.7457,3.2123
65.0172,0.5734,2.4723
65.0174,0.5141,2.2169
65.0176,0.586,2.5231
65.0178,0.6723,2.8962
65.0180,0.6279,2.7076
65.0182,0.5693,2.457
65.0184,0.4902,2.1145
65.0186,0.4679,2.0192
65.0188,0.4694,2.0279
65.0190,0.5089,2.1911
65.0192,0.5637,2.4282
65.0194,0.5815,2.5052
65.0196,0.5888,2.5331
65.0198,0.6568,2.8256
65.0200,0.7248,3.1166
65.0202,0.7065,3.0377
65.0204,0.6389,2.7513
65.0206,0.5689,2.4532
65.0208,0.541,2.3349
65.0210,0.4605,1.9849
65.0212,0.4935,2.126
65.0214,0.5349,2.3075
65.0216,0.5042,2.175
65.0218,0.5342,2.3022
65.0220,0.6054,2.6068
65.0222,0.6089,2.6242
65.0224,0.5824,2.5076
65.0226,0.6017,2.5883
65.0228,0.6666,2.8679
65.0230,0.6622,2.8528
65.0232,0.6638,2.8555
65.0234,0.6786,2.9222
65.0236,0.6047,2.6073
65.0238,0.5842,2.5189
65.0240,0.5032,2.1719
65.0242,0.4833,2.0841
65.0244,0.4836,2.0851
65.0246,0.4845,2.0873
65.0248,0.4874,2.1016
65.0250,0.486,2.0974
65.0252,0.4783,2.0624
65.0254,0.4813,2.0753
65.0256,0.4851,2.0928
65.0258,0.4879,2.1047
65.0260,0.5129,2.2107
65.0262,0.4881,2.1028
65.0264,0.4874,2.1016
65.0266,0.5181,2.233
65.0268,0.5694,2.4485
65.0270,0.6286,2.7094
65.0272,0.5397,2.326
65.0274,0.5156,2.2231
65.0276,0.5598,2.4072
65.0278,0.6038,2.5988
65.0280,0.6053,2.6074
65.0282,0.5627,2.4252
65.0284,0.5146,2.218
65.0286,0.5578,2.4018
65.0288,0.6237,2.6857
65.0290,0.6137,2.6387
65.0292,0.6985,3.0009
65.0294,0.7278,3.1252
65.0296,0.7459,3.2014
65.0298,0.7779,3.3404
65.0300,0.8065,3.4629
65.0302,0.8512,3.6498
65.0304,0.909,3.8958
65.0306,0.8657,3.7172
65.0308,0.8274,3.5513
65.0310,0.8702,3.7316
65.0312,0.8899,3.8106
65.0314,0.921,3.9509
65.0316,0.8892,3.8093
65.0318,0.9314,3.9919
65.0320,0.9087,3.893
65.0322,0.9333,3.9964
65.0324,0.9561,4.094
65.0326,1.0175,4.3548
65.0328,1.0482,4.4778
65.0330,1.1343,4.8546
65.0332,1.0882,4.6663
65.0334,0.9792,4.1989
65.0336,0.9861,4.2203
65.0338,1.061,4.5453
65.0340,1.0078,4.3193
65.0342,0.9189,3.9477
65.0344,0.8375,3.5929
65.0346,0.8906,3.8243
65.0348,0.9021,3.8774
65.0350,0.7869,3.379
65.0352,0.8236,3.5382
65.0354,0.8017,3.4423
65.0356,0.8547,3.6647
65.0358,0.937,4.0198
65.0360,0.9152,3.9262
65.0362,0.9121,3.9147
65.0364,0.8913,3.8292
65.0366,0.8213,3.5234
65.0368,0.8754,3.7572
65.0370,0.8642,3.7093
65.0372,0.8761,3.7603
65.0374,0.8597,3.6898
65.0376,0.8512,3.6617
65.0378,0.7506,3.226
65.0380,0.7565,3.2573
65.0382,0.7328,3.1526
65.0384,0.7452,3.2043
65.0386,0.7598,3.2672
65.0388,0.763,3.2796
65.0390,0.8574,3.6783
65.0392,0.9127,3.9154
65.0394,0.9333,4.002
65.0396,0.9217,3.9595
65.0398,0.8283,3.5599
65.0400,0.8361,3.5901
65.0402,0.8031,3.4533
65.0404,0.7539,3.2419
65.0406,0.7271,3.1337
65.0408,0.6332,2.7303
65.0410,0.5941,2.5606
65.0412,0.5762,2.4871
65.0414,0.5643,2.4342
65.0416,0.5633,2.4278
65.0418,0.5682,2.4501
65.0420,0.571,2.4609
65.0422,0.6096,2.6236
65.0424,0.6515,2.8081
65.0426,0.6266,2.7019
65.0428,0.599,2.5818
65.0430,0.593,2.5571
65.0432,0.5945,2.5633
65.0434,0.5893,2.5435
65.0436,0.5168,2.2283
65.0438,0.4999,2.1564
65.0440,0.5162,2.2257
65.0442,0.5836,2.5151
65.0444,0.6327,2.7245
65.0446,0.6309,2.7167
65.0448,0.6559,2.8254
65.0450,0.637,2.7431
65.0452,0.6349,2.735
65.0454,0.6507,2.8032
65.0456,0.6391,2.7506
65.0458,0.6452,2.7769
65.0460,0.6921,2.9773
65.0462,0.7875,3.3831
65.0464,0.7725,3.3234
65.0466,0.7132,3.0723
65.0468,0.64,2.7572
65.0470,0.6205,2.6693
65.0472,0.6626,2.8517
65.0474,0.6448,2.7766
65.0476,0.6934,2.9871
65.0478,0.6455,2.7797
65.0480,0.6289,2.7105
65.0482,0.6177,2.6599
65.0484,0.6145,2.646
65.0486,0.6162,2.6545
65.0488,0.622,2.6785
65.0490,0.6689,2.8804
65.0492,0.658,2.836
65.0494,0.6129,2.6381
65.0496,0.6219,2.6805
65.0498,0.6331,2.7273
65.0500,0.6096,2.6236
65.0502,0.6692,2.8774
65.0504,0.6995,3.0106
65.0506,0.6296,2.7123
65.0508,0.5687,2.4533
65.0510,0.5591,2.4119
65.0512,0.5559,2.3902
65.0514,0.6175,2.6626
65.0516,0.5412,2.3327
65.0518,0.5445,2.3456
65.0520,0.5411,2.3333
65.0522,0.5483,2.3654
65.0524,0.5455,2.3524
65.0526,0.5425,2.3406
65.0528,0.5647,2.434
65.0530,0.5921,2.5471
65.0532,0.6344,2.7304
65.0534,0.7235,3.1081
65.0536,0.8048,3.4605
65.0538,0.7864,3.3785
65.0540,0.7726,3.3208
65.0542,0.7566,3.2548
65.0544,0.7422,3.1914
65.0546,0.7381,3.1753
65.0548,0.7145,3.0751
65.0550,0.7483,3.2132
65.0552,0.7741,3.3254
65.0554,0.7676,3.3007
65.0556,0.7954,3.4187
65.0558,0.7862,3.3775
65.0560,0.8001,3.4388
65.0562,0.769,3.3038
65.0564,0.7965,3.4202
65.0566,0.8561,3.676
65.0568,0.8038,3.4548
65.0570,0.7772,3.345
65.0572,0.7174,3.0861
65.0574,0.744,3.1991
65.0576,0.7699,3.3089
65.0578,0.8124,3.4903
65.0580,0.847,3.6369
65.0582,0.7887,3.3946
65.0584,0.6627,2.8535
65.0586,0.6936,2.9881
65.0588,0.6529,2.8138
65.0590,0.6288,2.7087
65.0592,0.6915,2.9774
65.0594,0.7065,3.0406
65.0596,0.6629,2.8599
65.0598,0.5725,2.4687
65.0600,0.5297,2.2831
65.0602,0.531,2.292
65.0604,0.5608,2.4192
65.0606,0.5416,2.3364
65.0608,0.5543,2.3879
65.0610,0.634,2.7314
65.0612,0.6051,2.6094
65.0614,0.5696,2.4529
65.0616,0.5918,2.552
65.0618,0.5202,2.2423
65.0620,0.5331,2.2976
65.0622,0.5997,2.5873
65.0624,0.5844,2.5199
65.0626,0.5783,2.4912
65.0628,0.6175,2.6564
65.0630,0.7192,3.0895
65.0632,0.7939,3.4072
65.0634,0.8208,3.5263
65.0636,0.8127,3.4929
65.0638,0.8138,3.4976
65.0640,0.7857,3.3785
65.0642,0.7019,3.0182
65.0644,0.7913,3.3949
65.0646,0.8538,3.6646
65.0648,0.8409,3.609
65.0650,0.8726,3.7436
65.0652,0.9178,3.9338
65.0654,0.9585,4.1138
65.0656,0.9587,4.1129
65.0658,0.9638,4.1365
65.0660,0.9082,3.8964
65.0662,0.8741,3.755
65.0664,0.8252,3.5432
65.0666,0.8521,3.6556
65.0668,0.844,3.6308
65.0670,0.7794,3.3543
65.0672,0.7145,3.0751
65.0674,0.7115,3.0594
65.0676,0.8067,3.4639
65.0678,0.8844,3.7975
65.0680,0.8503,3.653
65.0682,0.8591,3.6889
65.0684,0.8443,3.6307
65.0686,0.8035,3.4548
65.0688,0.7491,3.2228
65.0690,0.7754,3.3296
65.0692,0.8429,3.6194
65.0694,0.8389,3.6058
65.0696,0.8453,3.6314
65.0698,0.8157,3.5091
65.0700,0.7909,3.4039
65.0702,0.7665,3.296
65.0704,0.7792,3.3491
65.0706,0.7791,3.3471
65.0708,0.8012,3.4483
65.0710,0.7085,3.0479
65.0712,0.7313,3.1474
65.0714,0.7063,3.0415
65.0716,0.6903,2.9723
65.0718,0.6513,2.8097
65.0720,0.584,2.5184
65.0722,0.568,2.4479
65.0724,0.5487,2.3669
65.0726,0.6071,2.6152
65.0728,0.6055,2.6109
65.0730,0.581,2.5019
65.0732,0.6322,2.7199
65.0734,0.6627,2.8575
65.0736,0.6126,2.639
65.0738,0.637,2.7405
65.0740,0.679,2.9265
65.0742,0.6641,2.8584
65.0744,0.6842,2.9473
65.0746,0.6279,2.7051
65.0748,0.6702,2.8901
65.0750,0.6066,2.6156
65.0752,0.5825,2.5093
65.0754,0.6499,2.8022
65.0756,0.6177,2.6599
65.0758,0.6738,2.9016
65.0760,0.6467,2.7875
65.0762,0.5833,2.5153
65.0764,0.5647,2.4385
65.0766,0.4549,1.9661
65.0768,0.4627,1.9979
65.0770,0.4818,2.0802
65.0772,0.5217,2.2464
65.0774,0.6398,2.7562
65.0776,0.6505,2.797
65.0778,0.72,3.0974
65.0780,0.6941,2.986
65.0782,0.655,2.8231
65.0784,0.5813,2.5076
65.0786,0.562,2.4244
65.0788,0.5601,2.4127
65.0790,0.5562,2.3962
65.0792,0.6008,2.5871
65.0794,0.6632,2.8503
65.0796,0.7168,3.085
65.0798,0.7054,3.0345
65.0800,0.7255,3.1212
65.0802,0.7032,3.028
65.0804,0.6942,2.9879
65.0806,0.6713,2.8947
65.0808,0.58,2.4985
65.0810,0.5549,2.3916
65.0812,0.5507,2.3746
65.0814,0.552,2.3792
65.0816,0.6039,2.6006
65.0818,0.5891,2.5424
65.0820,0.5511,2.3751
65.0822,0.5941,2.5606
65.0824,0.5387,2.3218
65.0826,0.5458,2.3545
65.0828,0.5405,2.3307
65.0830,0.5304,2.2862
65.0832,0.5164,2.2278
65.0834,0.5156,2.2231
65.0836,0.5798,2.5014
65.0838,0.5153,2.2252
65.0840,0.4634,2.001
65.0842,0.4601,1.9847
65.0844,0.4651,2.0073
65.0846,0.465,2.0078
65.0848,0.4628,1.9975
65.0850,0.4621,1.9935
65.0852,0.4619,1.9943
65.0854,0.4644,2.0061
65.0856,0.4658,2.0104
65.0858,0.4637,2.0002
65.0860,0.4574,1.9715
65.0862,0.49,2.1111
65.0864,0.5472,2.3564
65.0866,0.5965,2.5685
65.0868,0.5989,2.5801
65.0870,0.5694,2.4564
65.0872,0.5234,2.2588
65.0874,0.5093,2.1932
65.0876,0.5561,2.3979
65.0878,0.539,2.3218
65.0880,0.5571,2.3976
65.0882,0.5771,2.4849
65.0884,0.5987,2.5778
65.0886,0.6151,2.6498
65.0888,0.5925,2.5503
65.0890,0.6208,2.6721
65.0892,0.6595,2.8396
65.0894,0.6428,2.764
65.0896,0.6267,2.6974
65.0898,0.6038,2.6
65.0900,0.6454,2.7766
65.0902,0.6879,2.9592
65.0904,0.6401,2.7616
65.0906,0.5212,2.2495
65.0908,0.5014,2.1611
65.0910,0.5068,2.1864
65.0912,0.5031,2.1704
65.0914,0.5079,2.189
65.0916,0.5044,2.172
65.0918,0.5678,2.4486
65.0920,0.5032,2.1719
65.0922,0.4791,2.0669
65.0924,0.4933,2.126
65.0926,0.5099,2.1978
65.0928,0.5385,2.3176
65.0930,0.5939,2.5572
65.0932,0.612,2.6339
65.0934,0.6181,2.659
65.0936,0.6186,2.6623
65.0938,0.6624,2.8485
65.0940,0.6784,2.9198
65.0942,0.6316,2.7173
65.0944,0.6676,2.872
65.0946,0.6429,2.7696
65.0948,0.5716,2.4634
65.0950,0.5386,2.3213
65.0952,0.5391,2.3223
65.0954,0.6277,2.6978
65.0956,0.7072,3.0394
65.0958,0.7139,3.0683
65.0960,0.7194,3.0848
65.0962,0.8518,3.649
65.0964,0.8654,3.7127
65.0966,0.837,3.5892
65.0968,0.8394,3.5994
65.0970,0.8568,3.6774
65.0972,0.858,3.686
65.0974,0.8186,3.5116
65.0976,0.8633,3.7
65.0978,0.9297,3.981
65.0980,0.9911,4.2478
65.0982,0.9753,4.1761
65.0984,1.0009,4.286
65.0986,1.0127,4.3383
65.0988,0.9576,4.1064
65.0990,0.9429,4.0375
65.0992,0.9006,3.8635
65.0994,0.9081,3.8904
65.0996,0.9832,4.21
65.0998,0.9825,4.2089
65.1000,0.9465,4.0624
65.1002,0.8765,3.7671
65.1004,0.8578,3.6798
65.1006,0.8886,3.8156
65.1008,0.7949,3.4151
65.1010,0.8244,3.5434
65.1012,0.7995,3.4394
65.1014,0.7495,3.2228
65.1016,0.7518,3.2356
65.1018,0.7748,3.3254
65.1020,0.866,3.717
65.1022,0.8117,3.4888
65.1024,0.7533,3.2363
65.1026,0.7676,3.2992
65.1028,0.7406,3.1847
65.1030,0.6919,2.9767
65.1032,0.7538,3.2414
65.1034,0.8056,3.4609
65.1036,0.7934,3.4147
65.1038,0.6833,2.9382
65.1040,0.7216,3.1042
65.1042,0.7059,3.0239
65.1044,0.8103,3.4859
65.1046,0.6677,2.8726
65.1048,0.6553,2.8241
65.1050,0.647,2.7898
65.1052,0.6416,2.7601
65.1054,0.6663,2.8664
65.1056,0.6605,2.8456
65.1058,0.6027,2.5966
65.1060,0.5723,2.4665
65.1062,0.5653,2.4377
65.1064,0.5753,2.4783
65.1066,0.577,2.4879
65.1068,0.5851,2.5195
65.1070,0.6983,3.0027
65.1072,0.7377,3.1723
65.1074,0.728,3.1291
65.1076,0.7864,3.3801
65.1078,0.7192,3.0981
65.1080,0.686,2.9523
65.1082,0.7183,3.0902
65.1084,0.7466,3.2075
65.1086,0.7744,3.3301
65.1088,0.7794,3.3465
65.1090,0.7442,3.2046
65.1092,0.6349,2.7338
65.1094,0.6616,2.8529
65.1096,0.5884,2.5381
65.1098,0.543,2.3426
65.1100,0.5255,2.2661
65.1102,0.5343,2.3027
65.1104,0.5821,2.5066
65.1106,0.667,2.8721
65.1108,0.6755,2.9088
65.1110,0.6601,2.8422
65.1112,0.6471,2.7851
65.1114,0.6562,2.8257
65.1116,0.6518,2.8079
65.1118,0.6569,2.8261
65.1120,0.7133,3.0629
65.1122,0.7807,3.3522
65.1124,0.868,3.7218
65.1126,0.8774,3.7694
65.1128,0.7553,3.2491
65.1130,0.7243,3.116
65.1132,0.7312,3.144
65.1134,0.7375,3.1713
65.1136,0.7345,3.1599
65.1138,0.7383,3.1719
65.1140,0.7853,3.3723
65.1142,0.7894,3.3914
65.1144,0.7598,3.2672
65.1146,0.7886,3.3925
65.1148,0.7879,3.3894
65.1150,0.7243,3.1175
65.1152,0.6988,3.0034
65.1154,0.7871,3.3832
65.1156,0.8,3.4383
65.1158,0.8079,3.4707
65.1160,0.8079,3.4723
65.1162,0.7773,3.3456
65.1164,0.7332,3.1498
65.1166,0.78,3.3585
65.1168,0.6126,2.6402
65.1170,0.5614,2.4206
65.1172,0.5604,2.4176
65.1174,0.562,2.4244
65.1176,0.5743,2.4742
65.1178,0.6075,2.616
65.1180,0.6397,2.7544
65.1182,0.655,2.8244
65.1184,0.5836,2.5163
65.1186,0.5698,2.4477
65.1188,0.77,3.3064
65.1190,0.7489,3.2248
65.1192,0.6223,2.6808
65.1194,0.65,2.7988
65.1196,0.6955,2.9922
65.1198,0.6958,2.9905
65.1200,0.7369,3.1717
65.1202,0.6707,2.8908
65.1204,0.6043,2.6021
65.1206,0.6418,2.7637
65.1208,0.6097,2.6278
65.1210,0.6032,2.5987
65.1212,0.6551,2.821
65.1214,0.6762,2.9078
65.1216,0.7043,3.0341
65.1218,0.6942,2.9852
65.1220,0.7802,3.3501
65.1222,0.7917,3.4027
65.1224,0.7582,3.2605
65.1226,0.7339,3.1573
65.1228,0.7285,3.1355
65.1230,0.676,2.9095
65.1232,0.6428,2.7717
65.1234,0.5779,2.492
65.1236,0.5743,2.4753
65.1238,0.5711,2.4602
65.1240,0.5734,2.4712
65.1242,0.5714,2.4606
65.1244,0.6188,2.6646
65.1246,0.5979,2.5783
65.1248,0.6442,2.774
65.1250,0.6349,2.7388
65.1252,0.5271,2.2717
65.1254,0.6032,2.595
65.1256,0.6345,2.7373
65.1258,0.5192,2.2397
65.1260,0.5074,2.191
65.1262,0.4937,2.132
65.1264,0.5084,2.1931
65.1266,0.4982,2.1482
65.1268,0.4966,2.1424
65.1270,0.5373,2.3135
65.1272,0.6072,2.6206
65.1274,0.5129,2.2118
65.1276,0.508,2.1926
65.1278,0.5199,2.2428
65.1280,0.5059,2.1833
65.1282,0.4991,2.1513
65.1284,0.547,2.3564
65.1286,0.5789,2.4903
65.1288,0.6713,2.8853
65.1290,0.7542,3.2429
65.1292,0.6865,2.9563
65.1294,0.6833,2.9369
65.1296,0.7578,3.2584
65.1298,0.7183,3.0859
65.1300,0.7588,3.2615
65.1302,0.7833,3.3682
65.1304,0.8575,3.6736
65.1306,0.972,4.1642
65.1308,0.9617,4.1219
65.1310,0.9479,4.0647
65.1312,0.9176,3.9383
65.1314,0.9291,3.9877
65.1316,0.957,4.1
65.1318,0.9596,4.1108
65.1320,0.9531,4.0849
65.1322,1.0094,4.3224
65.1324,1.0468,4.4826
65.1326,1.1363,4.8633
65.1328,1.1195,4.7915
65.1330,1.1014,4.7096
65.1332,1.1226,4.8048
65.1334,1.0804,4.6264
65.1336,1.0821,4.6314
65.1338,1.0531,4.5156
65.1340,0.9351,4.0116
65.1342,0.8918,3.8313
65.1344,0.8736,3.7565
65.1346,0.8148,3.5022
65.1348,0.7738,3.3321
65.1350,0.6627,2.8522
65.1352,0.6688,2.8825
65.1354,0.6409,2.7609
65.1356,0.6752,2.9072
65.1358,0.6821,2.9372
65.1360,0.6993,3.011
65.1362,0.7132,3.068
65.1364,0.7123,3.0616
65.1366,0.7405,3.1842
65.1368,0.7411,3.1882
65.1370,0.7574,3.2644
65.1372,0.6325,2.7272
65.1374,0.616,2.6552
65.1376,0.572,2.4689
65.1378,0.5604,2.4154
65.1380,0.6579,2.8316
65.1382,0.6754,2.9069
65.1384,0.6519,2.8084
65.1386,0.5979,2.5759
65.1388,0.6423,2.7696
65.1390,0.5947,2.5644
65.1392,0.5899,2.5413
65.1394,0.6457,2.7828
65.1396,0.6157,2.6512
65.1398,0.6407,2.7578
65.1400,0.6404,2.7575
65.1402,0.6489,2.7929
65.1404,0.6777,2.9194
65.1406,0.6464,2.7859
65.1408,0.6202,2.6733
65.1410,0.6198,2.6699
65.1412,0.6195,2.6689
65.1414,0.5822,2.5094
65.1416,0.5836,2.5128
65.1418,0.6001,2.59
65.1420,0.5547,2.3906
65.1422,0.6252,2.6919
65.1424,0.6647,2.8636
65.1426,0.636,2.7435
65.1428,0.6047,2.6037
65.1430,0.614,2.6476
65.1432,0.5194,2.2397
65.1434,0.5518,2.3793
65.1436,0.5669,2.441
65.1438,0.578,2.4937
65.1440,0.5605,2.417
65.1442,0.5852,2.5224
65.1444,0.591,2.546
65.1446,0.5969,2.5713
65.1448,0.561,2.4225
65.1450,0.5114,2.2061
65.1452,0.5183,2.234
65.1454,0.5794,2.4924
65.1456,0.7443,3.2007
65.1458,0.76,3.2712
65.1460,0.7214,3.1036
65.1462,0.6712,2.8902
65.1464,0.5923,2.554
65.1466,0.5455,2.3524
65.1468,0.5364,2.3131
65.1470,0.5345,2.3048
65.1472,0.5382,2.3219
65.1474,0.5421,2.3385
65.1476,0.5568,2.401
65.1478,0.538,2.3209
65.1480,0.5586,2.4065
65.1482,0.5867,2.5309
65.1484,0.5428,2.3394
65.1486,0.533,2.2992
65.1488,0.5301,2.2868
65.1490,0.531,2.2898
65.1492,0.5362,2.3099
65.1494,0.553,2.3822
65.1496,0.6379,2.7479
65.1498,0.5647,2.4374
65.1500,0.471,2.0318
65.1502,0.4614,1.9895
65.1504,0.5107,2.203
65.1506,0.471,2.0336
65.1508,0.461,1.9897
65.1510,0.4734,2.0421
65.1512,0.4849,2.0918
65.1514,0.5037,2.171
65.1516,0.5322,2.2971
65.1518,0.48,2.0706
65.1520,0.4614,1.9904
65.1522,0.464,2.0018
65.1524,0.4774,2.0587
65.1526,0.5089,2.1962
65.1528,0.5168,2.2252
65.1530,0.6463,2.7738
65.1532,0.7386,3.173
65.1534,0.7327,3.1492
65.1536,0.7121,3.0606
65.1538,0.6951,2.9902
65.1540,0.7302,3.1428
65.1542,0.6369,2.74
65.1544,0.6975,2.9991
65.1546,0.7264,3.1248
65.1548,0.6509,2.8042
65.1550,0.6406,2.7534
65.1552,0.6469,2.7828
65.1554,0.7013,3.017
65.1556,0.6807,2.9283
65.1558,0.672,2.8925
65.1560,0.6597,2.8393
65.1562,0.6578,2.8324
65.1564,0.6451,2.7764
65.1566,0.6376,2.7405
65.1568,0.7127,3.0589
65.1570,0.787,3.3858
65.1572,0.659,2.8375
65.1574,0.63,2.7113
65.1576,0.6445,2.7738
65.1578,0.6105,2.6302
65.1580,0.6157,2.6487
65.1582,0.7025,3.0221
65.1584,0.7443,3.1977
65.1586,0.738,3.1704
65.1588,0.7202,3.1028
65.1590,0.6092,2.6257
65.1592,0.5472,2.3618
65.1594,0.5113,2.2056
65.1596,0.5408,2.3285
65.1598,0.6026,2.5925
65.1600,0.6259,2.6963
65.1602,0.6071,2.614
65.1604,0.6411,2.7593
65.1606,0.5487,2.3669
65.1608,0.4909,2.1186
65.1610,0.4909,2.1166
65.1612,0.4899,2.1125
65.1614,0.5023,2.1658
65.1616,0.5285,2.2758
65.1618,0.6006,2.5849
65.1620,0.5937,2.5543
65.1622,0.6722,2.8916
65.1624,0.7106,3.0544
65.1626,0.7085,3.0465
65.1628,0.7351,3.1566
65.1630,0.7829,3.3651
65.1632,0.7943,3.4077
65.1634,0.8472,3.6329
65.1636,0.8574,3.6783
65.1638,0.8695,3.725
65.1640,0.9479,4.0609
65.1642,0.979,4.1959
65.1644,0.9754,4.1825
65.1646,0.9548,4.0883
65.1648,0.9756,4.1776
65.1650,0.9821,4.2054
65.1652,0.9508,4.0714
65.1654,0.9636,4.1263
65.1656,1.0347,4.4349
65.1658,1.004,4.3074
65.1660,0.9587,4.1053
65.1662,0.9597,4.1132
65.1664,0.9876,4.2329
65.1666,0.938,4.0258
65.1668,0.8489,3.6486
65.1670,0.7873,3.3852
65.1672,0.7548,3.247
65.1674,0.7747,3.3311
65.1676,0.7862,3.3775
65.1678,0.7772,3.3404
65.1680,0.7356,3.1645
65.1682,0.6865,2.9563
65.1684,0.7001,3.0104
65.1686,0.6918,2.9804
65.1688,0.6735,2.9
65.1690,0.6985,3.0009
65.1692,0.7813,3.3548
65.1694,0.8181,3.5177
65.1696,0.7183,3.0874
65.1698,0.773,3.3254
65.1700,0.7479,3.2161
65.1702,0.7345,3.1628
65.1704,0.6656,2.8699
65.1706,0.619,2.6656
65.1708,0.6382,2.7444
65.1710,0.7342,3.1568
65.1712,0.7313,3.1459
65.1714,0.731,3.1405
65.1716,0.7294,3.1377
65.1718,0.7621,3.28
65.1720,0.6786,2.9222
65.1722,0.6435,2.7722
65.1724,0.679,2.9238
65.1726,0.7001,3.0118
65.1728,0.7186,3.0898
65.1730,0.7599,3.2692
65.1732,0.718,3.0901
65.1734,0.6935,2.9835
65.1736,0.6891,2.9671
65.1738,0.6814,2.9354
65.1740,0.6177,2.6612
65.1742,0.6568,2.8269
65.1744,0.6782,2.9201
65.1746,0.6345,2.7335
65.1748,0.5954,2.5663
65.1750,0.5899,2.5402
65.1752,0.6951,2.9874
65.1754,0.7493,3.2278
65.1756,0.6826,2.9406
65.1758,0.6672,2.8745
65.1760,0.6154,2.6514
65.1762,0.6218,2.6738
65.1764,0.6521,2.8068
65.1766,0.6898,2.9688
65.1768,0.6963,2.9995
65.1770,0.6559,2.8228
65.1772,0.6521,2.8081
65.1774,0.6491,2.7952
65.1776,0.6463,2.7841
65.1778,0.6407,2.7578
65.1780,0.6499,2.7931
65.1782,0.7743,3.3249
65.1784,0.8765,3.7636
65.1786,0.8859,3.8078
65.1788,0.8294,3.5662
65.1790,0.8067,3.4672
65.1792,0.7648,3.2873
65.1794,0.7404,3.1866
65.1796,0.7242,3.1169
65.1798,0.7236,3.1129
65.1800,0.7199,3.0984
65.1802,0.6883,2.9682
65.1804,0.6283,2.7066
65.1806,0.6216,2.6777
65.1808,0.6187,2.6665
65.1810,0.6166,2.6553
65.1812,0.6229,2.6821
65.1814,0.6219,2.678
65.1816,0.666,2.8667
65.1818,0.7096,3.054
65.1820,0.6924,2.9802
65.1822,0.6889,2.9666
65.1824,0.6231,2.6857
65.1826,0.5593,2.4119
65.1828,0.556,2.3974
65.1830,0.5538,2.3859
65.1832,0.5539,2.3875
65.1834,0.582,2.5119
65.1836,0.544,2.3457
65.1838,0.539,2.324
65.1840,0.541,2.3317
65.1842,0.5452,2.3508
65.1844,0.5463,2.3555
65.1846,0.5399,2.3292
65.1848,0.5374,2.3172
65.1850,0.5393,2.3223
65.1852,0.6232,2.6849
65.1854,0.5857,2.5268
65.1856,0.5445,2.3488
65.1858,0.537,2.3146
65.1860,0.547,2.3564
65.1862,0.6169,2.6563
65.1864,0.6662,2.8645
65.1866,0.6862,2.952
65.1868,0.6549,2.82
65.1870,0.6289,2.7117
65.1872,0.5656,2.4353
65.1874,0.6264,2.6946
65.1876,0.6641,2.8571
65.1878,0.7066,3.0397
65.1880,0.6864,2.953
65.1882,0.6842,2.9405
65.1884,0.7164,3.082
65.1886,0.7517,3.2321
65.1888,0.7201,3.0994
65.1890,0.6566,2.8259
65.1892,0.6812,2.929
65.1894,0.7491,3.2153
65.1896,0.8057,3.4582
65.1898,0.8029,3.4442
65.1900,0.75,3.2309
65.1902,0.6309,2.7192
65.1904,0.6008,2.5883
65.1906,0.6194,2.6684
65.1908,0.5922,2.5559
65.1910,0.5143,2.2195
65.1912,0.5075,2.1895
65.1914,0.492,2.1223
65.1916,0.4807,2.0717
65.1918,0.5772,2.4877
65.1920,0.5393,2.3277
65.1922,0.5092,2.1978
65.1924,0.5315,2.2908
65.1926,0.5663,2.4384
65.1928,0.5999,2.5806
65.1930,0.6207,2.6728
65.1932,0.6354,2.7333
65.1934,0.6874,2.9558
65.1936,0.6827,2.9384
65.1938,0.6431,2.7694
65.1940,0.6261,2.6998
65.1942,0.5878,2.5309
65.1944,0.6376,2.7418
65.1946,0.6984,3.0004
65.1948,0.7206,3.1
65.1950,0.6538,2.8153
65.1952,0.693,2.9772
65.1954,0.8124,3.4903
65.1956,0.7684,3.3012
65.1958,0.7575,3.2559
65.1960,0.7947,3.4109
65.1962,0.8441,3.6195
65.1964,0.8568,3.6774
65.1966,0.8317,3.5682
65.1968,0.8503,3.6513
65.1970,0.8858,3.8002
65.1972,0.902,3.8714
65.1974,0.8514,3.6543
65.1976,0.8738,3.7487
65.1978,0.9001,3.8614
65.1980,0.9011,3.8619
65.1982,0.97,4.1574
65.1984,0.985,4.2236
65.1986,0.9551,4.0898
65.1988,1.0168,4.3537
65.1990,1.0694,4.5749
65.1992,1.1397,4.8732
65.1994,1.1081,4.7494
65.1996,1.0085,4.3224
65.1998,0.9939,4.2597
65.2000,0.9659,4.1573
65.2002,0.808,3.4712
65.2004,0.821,3.5285
65.2006,0.8157,3.5074
65.2008,0.8048,3.4605
65.2010,0.8084,3.4727
65.2012,0.7963,3.4207
65.2014,0.782,3.3641
65.2016,0.7211,3.1006
65.2018,0.7702,3.312
65.2020,0.784,3.3713
65.2022,0.8074,3.4702
65.2024,0.827,3.5493
65.2026,0.8879,3.8125
65.2028,0.7725,3.3218
65.2030,0.7021,3.0234
65.2032,0.6827,2.9384
65.2034,0.7059,3.0422
65.2036,0.7085,3.0493
65.2038,0.6483,2.7929
65.2040,0.6315,2.718
65.2042,0.659,2.8389
65.2044,0.6857,2.9486
65.2046,0.764,3.2883
65.2048,0.6857,2.954
65.2050,0.6062,2.6104
65.2052,0.6316,2.7198
65.2054,0.6738,2.8989
65.2056,0.722,3.1091
65.2058,0.691,2.974
65.2060,0.6692,2.8801
65.2062,0.6772,2.9119
65.2064,0.7019,3.0224
65.2066,0.643,2.774
65.2068,0.6073,2.6162
65.2070,0.6244,2.6938
65.2072,0.5608,2.4192
65.2074,0.5266,2.2728
65.2076,0.532,2.2929
65.2078,0.5241,2.2609
65.2080,0.5289,2.2826
65.2082,0.5232,2.2594
65.2084,0.5844,2.5117
65.2086,0.7061,3.039
65.2088,0.6888,2.9675
65.2090,0.7071,3.0403
65.2092,0.7469,3.2145
65.2094,0.652,2.8102
65.2096,0.5909,2.5455
65.2098,0.5954,2.5663
65.2100,0.6477,2.7942
65.2102,0.5218,2.2532
65.2104,0.4535,1.959
65.2106,0.4386,1.8947
65.2108,0.4352,1.8794
65.2110,0.4729,2.041
65.2112,0.4573,1.9765
65.2114,0.4402,1.8997
65.2116,0.4619,1.9943
65.2118,0.4542,1.9621
65.2120,0.4632,2.0009
65.2122,0.4767,2.0575
65.2124,0.4788,2.0654
65.2126,0.5472,2.3574
65.2128,0.5886,2.5357
65.2130,0.593,2.5548
65.2132,0.5905,2.5439
65.2134,0.5997,2.5825
65.2136,0.6313,2.7195
65.2138,0.6171,2.6561
65.2140,0.6296,2.711
65.2142,0.5656,2.4387
65.2144,0.5289,2.2816
65.2146,0.5362,2.3121
65.2148,0.5509,2.3746
65.2150,0.5641,2.4303
65.2152,0.5924,2.5534
65.2154,0.5655,2.436
65.2156,0.6128,2.6388
65.2158,0.5641,2.4325
65.2160,0.5872,2.5271
65.2162,0.6259,2.7
65.2164,0.5039,2.177
65.2166,0.4523,1.952
65.2168,0.4465,1.9262
65.2170,0.453,1.9542
65.2172,0.4585,1.9798
65.2174,0.4488,1.937
65.2176,0.4494,1.9378
65.2178,0.4521,1.9496
65.2180,0.4532,1.957
65.2182,0.4577,1.9743
65.2184,0.5055,2.1777
65.2186,0.5743,2.473
65.2188,0.6288,2.7074
65.2190,0.6031,2.5957
65.2192,0.5774,2.4865
65.2194,0.5903,2.5393
65.2196,0.6045,2.6019
65.2198,0.6146,2.649
65.2200,0.5941,2.5594
65.2202,0.575,2.4738
65.2204,0.6049,2.6035
65.2206,0.6068,2.6105
65.2208,0.6291,2.709
65.2210,0.5824,2.5088
65.2212,0.5967,2.5708
65.2214,0.5931,2.5541
65.2216,0.6182,2.662
65.2218,0.6011,2.5882
65.2220,0.6099,2.6264
65.2222,0.6395,2.7526
65.2224,0.6027,2.5954
65.2226,0.5282,2.2764
65.2228,0.5349,2.3053
65.2230,0.5277,2.2775
65.2232,0.461,1.9907
65.2234,0.442,1.9075
65.2236,0.4328,1.869
65.2238,0.4038,1.7437
65.2240,0.4312,1.8592
65.2242,0.4723,2.0365
65.2244,0.4838,2.0852
65.2246,0.4983,2.1477
65.2248,0.5375,2.3156
65.2250,0.5084,2.1942
65.2252,0.4898,2.112
65.2254,0.5248,2.2588
65.2256,0.5742,2.4714
65.2258,0.5659,2.4369
65.2260,0.5421,2.3341
65.2262,0.5939,2.5536
65.2264,0.596,2.5653
65.2266,0.6145,2.6472
65.2268,0.5611,2.4162
65.2270,0.6211,2.6707
65.2272,0.6533,2.8093
65.2274,0.6417,2.7645
65.2276,0.5288,2.2779
65.2278,0.5223,2.25
65.2280,0.5645,2.4273
65.2282,0.6407,2.7591
65.2284,0.6098,2.6246
65.2286,0.6495,2.789
65.2288,0.8078,3.4653
65.2290,0.8363,3.5877
65.2292,0.8443,3.6205
65.2294,0.7889,3.3846
65.2296,0.7628,3.2785
65.2298,0.7707,3.3095
65.2300,0.7985,3.4273
65.2302,0.8252,3.5383
65.2304,0.9287,3.9806
65.2306,0.9304,3.9915
65.2308,0.8927,3.8277
65.2310,0.8563,3.6754
65.2312,0.796,3.4165
65.2314,0.8371,3.588
65.2316,0.888,3.8112
65.2318,0.878,3.765
65.2320,0.9442,4.045
65.2322,0.937,4.0142
65.2324,0.9465,4.051
65.2326,0.9728,4.1653
65.2328,1.0154,4.3501
65.2330,1.0018,4.2916
65.2332,0.9819,4.2043
65.2334,1.0423,4.461
65.2336,1.116,4.7699
65.2338,1.1482,4.9187
65.2340,0.975,4.179
65.2342,0.9111,3.9105
65.2344,0.8337,3.5848
65.2346,0.7476,3.2176
65.2348,0.7265,3.1224
65.2350,0.7463,3.2089
65.2352,0.7104,3.0576
65.2354,0.7012,3.0193
65.2356,0.6856,2.948
65.2358,0.7102,3.0552
65.2360,0.7188,3.0923
65.2362,0.7623,3.275
65.2364,0.7814,3.3553
65.2366,0.7997,3.4357
65.2368,0.8271,3.5498
65.2370,0.8543,3.6683
65.2372,0.8276,3.5552
65.2374,0.8393,3.6023
65.2376,0.8477,3.6417
65.2378,0.8193,3.5213
65.2380,0.8169,3.5061
65.2382,0.8271,3.5515
65.2384,0.8517,3.6587
65.2386,0.8421,3.6192
65.2388,0.8135,3.49
65.2390,0.8449,3.6299
65.2392,0.861,3.6989
65.2394,0.861,3.6989
65.2396,0.8576,3.681
65.2398,0.8591,3.6889
65.2400,0.8229,3.5351
65.2402,0.7753,3.3321
65.2404,0.7706,3.312
65.2406,0.7895,3.3966
65.2408,0.7652,3.2873
65.2410,0.8447,3.6254
65.2412,0.8202,3.5254
65.2414,0.7707,3.3095
65.2416,0.8176,3.519
65.2418,0.7222,3.1053
65.2420,0.7231,3.1094
65.2422,0.6882,2.9621
65.2424,0.7142,3.0755
65.2426,0.7134,3.0677
65.2428,0.7282,3.134
65.2430,0.6864,2.953
65.2432,0.6796,2.9263
65.2434,0.6803,2.9281
65.2436,0.6822,2.9363
65.2438,0.6824,2.9382
65.2440,0.6947,2.99
65.2442,0.7421,3.1909
65.2444,0.7762,3.3394
65.2446,0.7533,3.2393
65.2448,0.8069,3.4666
65.2450,0.7987,3.4342
65.2452,0.7289,3.1371
65.2454,0.725,3.1206
65.2456,0.7262,3.1228
65.2458,0.7309,3.1458
65.2460,0.7391,3.1795
65.2462,0.7959,3.4208
65.2464,0.7641,3.2873
65.2466,0.6668,2.8698
65.2468,0.6638,2.8555
65.2470,0.6973,3
65.2472,0.7093,3.0544
65.2474,0.7049,3.0339
65.2476,0.7083,3.0469
65.2478,0.7154,3.0793
65.2480,0.7581,3.2584
65.2482,0.8599,3.6908
65.2484,0.8579,3.6855
65.2486,0.7758,3.3388
65.2488,0.728,3.1364
65.2490,0.6307,2.7157
65.2492,0.6959,2.9924
65.2494,0.6807,2.9337
65.2496,0.5973,2.5769
65.2498,0.5493,2.3684
65.2500,0.5369,2.3162
65.2502,0.5562,2.4006
65.2504,0.529,2.2832
65.2506,0.5357,2.31
65.2508,0.5488,2.3686
65.2510,0.5279,2.2796
65.2512,0.5231,2.2536
65.2514,0.6461,2.7797
65.2516,0.6379,2.7505
65.2518,0.5553,2.3909
65.2520,0.5864,2.5275
65.2522,0.6079,2.62
65.2524,0.6629,2.8506
65.2526,0.7728,3.3182
65.2528,0.8037,3.4527
65.2530,0.7835,3.3677
65.2532,0.8208,3.5263
65.2534,0.8074,3.4719
65.2536,0.8072,3.4676
65.2538,0.7734,3.327
65.2540,0.7405,3.1886
65.2542,0.7278,3.1295
65.2544,0.7724,3.3151
65.2546,0.8341,3.5818
65.2548,0.8294,3.5612
65.2550,0.8447,3.6204
65.2552,0.8871,3.8183
65.2554,0.7253,3.1245
65.2556,0.6839,2.9477
65.2558,0.5936,2.5597
65.2560,0.5722,2.4683
65.2562,0.5692,2.4542
65.2564,0.5764,2.4841
65.2566,0.5712,2.4642
65.2568,0.5632,2.4295
65.2570,0.5705,2.4599
65.2572,0.5581,2.4078
65.2574,0.5475,2.3629
65.2576,0.5557,2.3963
65.2578,0.5417,2.3337
65.2580,0.5567,2.3994
65.2582,0.6441,2.7722
65.2584,0.6573,2.829
65.2586,0.665,2.8633
65.2588,0.6572,2.8324
65.2590,0.6141,2.6457
65.2592,0.6111,2.6303
65.2594,0.6589,2.8397
65.2596,0.619,2.6644
65.2598,0.6659,2.8661
65.2600,0.6881,2.9602
65.2602,0.7291,3.1366
65.2604,0.7199,3.0969
65.2606,0.6925,2.9821
65.2608,0.6556,2.8257
65.2610,0.6294,2.7113
65.2612,0.6255,2.6935
65.2614,0.6633,2.8561
65.2616,0.6877,2.9601
65.2618,0.705,3.033
65.2620,0.6755,2.9101
65.2622,0.6544,2.8166
65.2624,0.6887,2.9628
65.2626,0.7226,3.1088
65.2628,0.7286,3.1331
65.2630,0.7705,3.3131
65.2632,0.7385,3.1739
65.2634,0.8322,3.5669
65.2636,0.9593,4.1136
65.2638,0.9563,4.1065
65.2640,0.9156,3.9277
65.2642,0.9259,3.9757
65.2644,0.8961,3.848
65.2646,0.8999,3.8586
65.2648,0.9359,4.0152
65.2650,0.9567,4.1023
65.2652,0.988,4.2286
65.2654,1.0773,4.613
65.2656,1.0198,4.3768
65.2658,0.9674,4.1461
65.2660,0.9895,4.2392
65.2662,0.9663,4.1511
65.2664,0.8505,3.6518
65.2666,0.857,3.6802
65.2668,0.8594,3.6922
65.2670,0.7918,3.408
65.2672,0.73,3.1432
65.2674,0.7144,3.0718
65.2676,0.7368,3.1682
65.2678,0.6714,2.8885
65.2680,0.72,3.0974
65.2682,0.7666,3.2981
65.2684,0.7677,3.3012
65.2686,0.7732,3.3296
65.2688,0.7014,3.0217
65.2690,0.6454,2.7779
65.2692,0.6621,2.8483
65.2694,0.6519,2.8084
65.2696,0.6495,2.7967
65.2698,0.65,2.8014
65.2700,0.5514,2.3766
65.2702,0.6177,2.6636
65.2704,0.602,2.5947
65.2706,0.5818,2.5085
65.2708,0.523,2.2562
65.2710,0.5324,2.2945
65.2712,0.5634,2.4283
65.2714,0.5947,2.5644
65.2716,0.6066,2.6156
65.2718,0.6242,2.6891
65.2720,0.6577,2.8319
65.2722,0.6572,2.8324
65.2724,0.5855,2.5234
65.2726,0.6109,2.6305
65.2728,0.6419,2.7604
65.2730,0.6927,2.9826
65.2732,0.6623,2.8546
65.2734,0.6567,2.8277
65.2736,0.6425,2.7707
65.2738,0.6019,2.5954
65.2740,0.5232,2.2573
65.2742,0.5497,2.3694
65.2744,0.6127,2.637
65.2746,0.7206,3.1
65.2748,0.7015,3.0222
65.2750,0.6413,2.7668
65.2752,0.5907,2.5461
65.2754,0.6218,2.675
65.2756,0.7054,3.0331
65.2758,0.7116,3.0642
65.2760,0.6766,2.9134
65.2762,0.6419,2.7655
65.2764,0.5848,2.5238
65.2766,0.5107,2.203
65.2768,0.5298,2.2878
65.2770,0.5212,2.2495
65.2772,0.4952,2.1362
65.2774,0.4892,2.1123
65.2776,0.4857,2.0973
65.2778,0.4929,2.1274
65.2780,0.4957,2.1383
65.2782,0.4957,2.1383
65.2784,0.5761,2.4819
65.2786,0.6471,2.7877
65.2788,0.5648,2.4368
65.2790,0.5183,2.2392
65.2792,0.428,1.8483
65.2794,0.4924,2.1224
65.2796,0.4725,2.0394
65.2798,0.4537,1.9591
65.2800,0.5041,2.1735
65.2802,0.5672,2.4414
65.2804,0.5803,2.5023
65.2806,0.5544,2.3907
65.2808,0.5544,2.3884
65.2810,0.5451,2.3503
65.2812,0.5575,2.403
65.2814,0.5729,2.468
65.2816,0.5351,2.3096
65.2818,0.467,2.0175
65.2820,0.4488,1.937
65.2822,0.4457,1.9226
65.2824,0.4509,1.9472
65.2826,0.4495,1.9392
65.2828,0.4593,1.9807
65.2830,0.4609,1.9902
65.2832,0.4596,1.9826
65.2834,0.4596,1.9826
65.2836,0.4633,2.0014
65.2838,0.4593,1.9825
65.2840,0.4595,1.9821
65.2842,0.4562,1.9681
65.2844,0.4569,1.9731
65.2846,0.4481,1.9321
65.2848,0.4646,2.0034
65.2850,0.5176,2.233
65.2852,0.4714,2.0348
65.2854,0.4458,1.924
65.2856,0.4679,2.0174
65.2858,0.5155,2.2206
65.2860,0.5659,2.4346
65.2862,0.5845,2.5169
65.2864,0.5549,2.3905
65.2866,0.5646,2.4312
65.2868,0.5494,2.3689
65.2870,0.4671,2.0152
65.2872,0.4434,1.9146
65.2874,0.4444,1.9169
65.2876,0.4497,1.9393
65.2878,0.4791,2.065
65.2880,0.4542,1.9593
65.2882,0.4436,1.9129
65.2884,0.4601,1.9828
65.2886,0.5103,2.1984
65.2888,0.5326,2.2955
65.2890,0.4616,1.9905
65.2892,0.4526,1.9535
65.2894,0.4583,1.976
65.2896,0.4959,2.1364
65.2898,0.4971,2.1435
65.2900,0.4497,1.9402
65.2902,0.4237,1.8254
65.2904,0.5316,2.2903
65.2906,0.4985,2.1497
65.2908,0.4767,2.0556
65.2910,0.4868,2.0981
65.2912,0.5005,2.156
65.2914,0.5078,2.1885
65.2916,0.4784,2.0638
65.2918,0.4777,2.0559
65.2920,0.5623,2.4203
65.2922,0.6264,2.6908
65.2924,0.6886,2.9582
65.2926,0.6822,2.935
65.2928,0.614,2.6439
65.2930,0.5983,2.5739
65.2932,0.5744,2.4747
65.2934,0.5059,2.1803
65.2936,0.5035,2.1689
65.2938,0.5307,2.2851
65.2940,0.5862,2.5218
65.2942,0.624,2.6818
65.2944,0.7055,3.0308
65.2946,0.7169,3.0797
65.2948,0.6815,2.9278
65.2950,0.6893,2.964
65.2952,0.6873,2.9498
65.2954,0.7411,3.1793
65.2956,0.7954,3.4139
65.2958,0.7876,3.3852
65.2960,0.768,3.2946
65.2962,0.8476,3.631
65.2964,0.9097,3.8934
65.2966,0.9508,4.0676
65.2968,0.9689,4.147
65.2970,0.9144,3.9244
65.2972,0.8433,3.6142
65.2974,1.0162,4.3451
65.2976,1.0837,4.6359
65.2978,1.0313,4.4138
65.2980,0.9362,4.0143
65.2982,0.9182,3.928
65.2984,1.051,4.4964
65.2986,1.0894,4.6627
65.2988,1.0644,4.5533
65.2990,1.0436,4.4708
65.2992,1.0351,4.4344
65.2994,1.0305,4.4025
65.2996,1.1106,4.7535
65.2998,1.0753,4.6107
65.3000,0.9701,4.156
65.3002,0.9254,3.9681
65.3004,0.8959,3.8434
65.3006,0.9148,3.9247
65.3008,0.9008,3.8645
65.3010,0.826,3.5485
65.3012,0.7594,3.2641
65.3014,0.7487,3.2177
65.3016,0.7507,3.2295
65.3018,0.6863,2.9539
65.3020,0.7096,3.0512
65.3022,0.7057,3.0361
65.3024,0.7445,3.1982
65.3026,0.7826,3.362
65.3028,0.738,3.1719
65.3030,0.7907,3.397
65.3032,0.8445,3.6278
65.3034,0.8006,3.4425
65.3036,0.808,3.4712
65.3038,0.8068,3.4644
65.3040,0.8027,3.4534
65.3042,0.76,3.2621
65.3044,0.8139,3.4932
65.3046,0.8476,3.6378
65.3048,0.8442,3.6284
65.3050,0.8053,3.461
65.3052,0.8024,3.4502
65.3054,0.7809,3.3564
65.3056,0.7548,3.244
65.3058,0.7929,3.4063
65.3060,0.8267,3.5549
65.3062,0.744,3.1976
65.3064,0.7519,3.2301
65.3066,0.7873,3.3821
65.3068,0.8017,3.4471
65.3070,0.7778,3.3398
65.3072,0.8216,3.5327
65.3074,0.732,3.1505
65.3076,0.6846,2.9425
65.3078,0.7598,3.2657
65.3080,0.8056,3.4673
65.3082,0.7017,3.0213
65.3084,0.6736,2.9019
65.3086,0.668,2.8789
65.3088,0.6806,2.925
65.3090,0.7291,3.1366
65.3092,0.743,3.1965
65.3094,0.7476,3.2131
65.3096,0.764,3.2852
65.3098,0.7569,3.2578
65.3100,0.7124,3.0692
65.3102,0.6804,2.9286
65.3104,0.734,3.1461
65.3106,0.9297,3.9866
65.3108,0.9283,3.9916
65.3110,0.7806,3.347
65.3112,0.9422,4.0401
65.3114,0.8564,3.6844
65.3116,0.7389,3.1834
65.3118,0.7285,3.1312
65.3120,0.7704,3.311
65.3122,0.7984,3.4316
65.3124,0.8129,3.4923
65.3126,0.8147,3.4984
65.3128,0.8122,3.4876
65.3130,0.8297,3.5644
65.3132,0.8321,3.5747
65.3134,0.8708,3.7411
65.3136,0.8603,3.6958
65.3138,0.8183,3.5155
65.3140,0.7985,3.4321
65.3142,0.8033,3.4559
65.3144,0.7797,3.3496
65.3146,0.8939,3.8346
65.3148,0.9454,4.0596
65.3150,0.9139,3.9315
65.3152,0.7568,3.2558
65.3154,0.7154,3.0793
65.3156,0.7376,3.1747
65.3158,0.6489,2.7981
65.3160,0.5592,2.4125
65.3162,0.5545,2.3923
65.3164,0.5519,2.3809
65.3166,0.5633,2.4289
65.3168,0.5598,2.415
65.3170,0.5497,2.3727
65.3172,0.5507,2.3746
65.3174,0.5521,2.3797
65.3176,0.5537,2.3887
65.3178,0.7798,3.3533
65.3180,0.6657,2.8704
65.3182,0.5622,2.4243
65.3184,0.5569,2.4026
65.3186,0.5602,2.4143
65.3188,0.6478,2.7843
65.3190,0.7506,3.2275
65.3192,0.7106,3.0558
65.3194,0.7232,3.1157
65.3196,0.6755,2.9128
65.3198,0.6752,2.9032
65.3200,0.7312,3.1425
65.3202,0.7612,3.2749
65.3204,0.7993,3.4352
65.3206,0.7439,3.2016
65.3208,0.7232,3.1056
65.3210,0.885,3.8019
65.3212,0.7633,3.2852
65.3214,0.72,3.1003
65.3216,0.699,3.0086
65.3218,0.6875,2.9604
65.3220,0.6915,2.9774
65.3222,0.6863,2.9553
65.3224,0.6731,2.8971
65.3226,0.725,3.122
65.3228,0.7449,3.2047
65.3230,0.7147,3.0748
65.3232,0.7236,3.1144
65.3234,0.7327,3.1521
65.3236,0.6881,2.963
65.3238,0.6199,2.6692
65.3240,0.5752,2.4812
65.3242,0.5735,2.4717
65.3244,0.6639,2.864
65.3246,0.5393,2.3266
65.3248,0.5019,2.1672
65.3250,0.4946,2.1346
65.3252,0.5005,2.156
65.3254,0.5666,2.4389
65.3256,0.6066,2.618
65.3258,0.5025,2.1708
65.3260,0.4812,2.0776
65.3262,0.4862,2.0974
65.3264,0.4924,2.1253
65.3266,0.4897,2.1144
65.3268,0.4825,2.0833
65.3270,0.4777,2.0617
65.3272,0.4861,2.0969
65.3274,0.4915,2.1222
65.3276,0.5108,2.2025
65.3278,0.5457,2.3507
65.3280,0.6091,2.6264
65.3282,0.5912,2.5494
65.3284,0.5748,2.4751
65.3286,0.6407,2.7565
65.3288,0.7003,3.0101
65.3290,0.7104,3.0576
65.3292,0.7231,3.108
65.3294,0.7984,3.4284
65.3296,0.8487,3.6458
65.3298,0.8788,3.7681
65.3300,0.981,4.2007
65.3302,1.0106,4.3316
65.3304,0.9398,4.0335
65.3306,0.9098,3.9031
65.3308,0.9219,3.9513
65.3310,0.9731,4.1669
65.3312,0.9769,4.1892
65.3314,1.0483,4.4846
65.3316,1.0997,4.7068
65.3318,1.0304,4.4143
65.3320,1.0365,4.4364
65.3322,1.0585,4.5366
65.3324,1.0229,4.384
65.3326,0.9455,4.0639
65.3328,0.8683,3.7286
65.3330,0.9028,3.8714
65.3332,0.9134,3.9221
65.3334,0.902,3.8696
65.3336,0.9636,4.1321
65.3338,0.9552,4.1018
65.3340,0.9389,4.0299
65.3342,0.9947,4.2593
65.3344,1.0527,4.5141
65.3346,0.9488,4.0721
65.3348,0.9465,4.0586
65.3350,0.9303,3.9985
65.3352,0.8075,3.4772
65.3354,0.7941,3.4146
65.3356,0.7879,3.3957
65.3358,0.6477,2.7877
65.3360,0.7226,3.1088
65.3362,0.755,3.2556
65.3364,0.6363,2.7425
65.3366,0.5888,2.5367
65.3368,0.6783,2.9247
65.3370,0.6595,2.8422
65.3372,0.6254,2.6942
65.3374,0.6116,2.636
65.3376,0.6099,2.63
65.3378,0.6224,2.6826
65.3380,0.5737,2.475
65.3382,0.5277,2.2785
65.3384,0.5228,2.2573
65.3386,0.5412,2.3327
65.3388,0.6343,2.7324
65.3390,0.6419,2.7655
65.3392,0.7278,3.131
65.3394,0.6618,2.8526
65.3396,0.5821,2.5089
65.3398,0.6507,2.798
65.3400,0.7766,3.3409
65.3402,0.7585,3.26
65.3404,0.7767,3.3414
65.3406,0.7434,3.1995
65.3408,0.7316,3.1533
65.3410,0.6423,2.7671
65.3412,0.6506,2.804
65.3414,0.6176,2.6631
65.3416,0.6216,2.6777
65.3418,0.6284,2.7097
65.3420,0.5849,2.5255
65.3422,0.5048,2.1786
65.3424,0.5073,2.1875
65.3426,0.5036,2.1745
65.3428,0.5104,2.203
65.3430,0.5258,2.2702
65.3432,0.4459,1.9254
65.3434,0.4285,1.8521
65.3436,0.4351,1.8806
65.3438,0.4459,1.9237
65.3440,0.5103,2.1994
65.3442,0.5611,2.4185
65.3444,0.559,2.4125
65.3446,0.4849,2.0937
65.3448,0.4765,2.0556
65.3450,0.4831,2.084
65.3452,0.4747,2.0506
65.3454,0.468,2.0198
65.3456,0.4929,2.1254
65.3458,0.547,2.3608
65.3460,0.5116,2.2061
65.3462,0.5256,2.2687
65.3464,0.4852,2.0923
65.3466,0.5035,2.1709
65.3468,0.5435,2.3425
65.3470,0.5502,2.3715
65.3472,0.5547,2.3928
65.3474,0.5637,2.4305
65.3476,0.543,2.3405
65.3478,0.5436,2.3441
65.3480,0.5301,2.2868
65.3482,0.5302,2.2841
65.3484,0.5741,2.4743
65.3486,0.5714,2.4641
65.3488,0.5776,2.487
65.3490,0.6129,2.6405
65.3492,0.5879,2.5349
65.3494,0.5645,2.4318
65.3496,0.5529,2.3828
65.3498,0.5162,2.2268
65.3500,0.5274,2.2722
65.3502,0.5927,2.552
65.3504,0.567,2.4472
65.3506,0.5404,2.3291
65.3508,0.53,2.2852
65.3510,0.5446,2.345
65.3512,0.5809,2.4991
65.3514,0.674,2.9007
65.3516,0.6784,2.9198
65.3518,0.6993,3.0054
65.3520,0.762,3.2749
65.3522,0.7792,3.3507
65.3524,0.7782,3.3414
65.3526,0.7681,3.3012
65.3528,0.7355,3.1596
65.3530,0.7441,3.2011
65.3532,0.6782,2.9147
65.3534,0.691,2.9712
65.3536,0.7262,3.1286
65.3538,0.6297,2.7141
65.3540,0.5656,2.4376
65.3542,0.5613,2.419
65.3544,0.556,2.3963
65.3546,0.5473,2.358
65.3548,0.6146,2.6453
65.3550,0.6075,2.6197
65.3552,0.5843,2.5147
65.3554,0.613,2.6398
65.3556,0.5737,2.4727
65.3558,0.6079,2.6176
65.3560,0.6511,2.8035
65.3562,0.6092,2.6233
65.3564,0.567,2.4427
65.3566,0.5536,2.3837
65.3568,0.5469,2.3592
65.3570,0.5144,2.218
65.3572,0.541,2.3306
65.3574,0.5053,2.1827
65.3576,0.3935,1.7008
65.3578,0.3831,1.6557
65.3580,0.3991,1.7219
65.3582,0.4814,2.0748
65.3584,0.5226,2.2547
65.3586,0.5252,2.2614
65.3588,0.6401,2.7526
65.3590,0.6102,2.6311
65.3592,0.503,2.1699
65.3594,0.5357,2.3111
65.3596,0.5083,2.1906
65.3598,0.5241,2.2567
65.3600,0.6038,2.5964
65.3602,0.6538,2.8127
65.3604,0.6524,2.8065
65.3606,0.683,2.9394
65.3608,0.6557,2.821
65.3610,0.7093,3.053
65.3612,0.6723,2.8881
65.3614,0.7151,3.0706
65.3616,0.7582,3.259
65.3618,0.7722,3.3141
65.3620,0.7636,3.2852
65.3622,0.7008,3.0135
65.3624,0.7627,3.2734
65.3626,0.8401,3.6042
65.3628,0.8421,3.6108
65.3630,0.8674,3.721
65.3632,0.8881,3.8064
65.3634,0.8864,3.801
65.3636,0.8856,3.7992
65.3638,0.9295,3.9856
65.3640,0.9068,3.8884
65.3642,0.8473,3.6419
65.3644,0.788,3.382
65.3646,0.8603,3.6889
65.3648,0.8582,3.6887
65.3650,0.7135,3.0696
65.3652,0.6957,2.9927
65.3654,0.7222,3.1082
65.3656,0.7264,3.1219
65.3658,0.7436,3.1946
65.3660,0.7729,3.3218
65.3662,0.7465,3.2129
65.3664,0.6837,2.9412
65.3666,0.6728,2.8956
65.3668,0.6876,2.9582
65.3670,0.7162,3.0795
65.3672,0.6963,2.9967
65.3674,0.686,2.9482
65.3676,0.7165,3.0796
65.3678,0.7711,3.3095
65.3680,0.77,3.3048
65.3682,0.8355,3.5875
65.3684,0.7864,3.3801
65.3686,0.8003,3.4366
65.3688,0.8159,3.5003
65.3690,0.8556,3.6757
65.3692,0.8141,3.4958
65.3694,0.7794,3.3528
65.3696,0.74,3.1806
65.3698,0.8482,3.6421
65.3700,0.8588,3.6844
65.3702,0.8663,3.7181
65.3704,0.8772,3.7667
65.3706,0.8267,3.5565
65.3708,0.7056,3.0356
65.3710,0.7001,3.009
65.3712,0.7562,3.2517
65.3714,0.7714,3.3203
65.3716,0.796,3.4197
65.3718,0.8449,3.6248
65.3720,0.8756,3.7565
65.3722,0.8554,3.673
65.3724,0.8509,3.6471
65.3726,0.9796,4.2005
65.3728,0.9801,4.1966
65.3730,0.9784,4.1992
65.3732,0.9013,3.8719
65.3734,0.8602,3.6953
65.3736,0.8958,3.8393
65.3738,0.8864,3.8081
65.3740,0.7827,3.3625
65.3742,0.7729,3.3234
65.3744,0.807,3.4655
65.3746,0.885,3.8019
65.3748,0.8236,3.5398
65.3750,0.8142,3.5012
65.3752,0.81,3.4816
65.3754,0.8433,3.626
65.3756,0.7966,3.4223
65.3758,0.8098,3.4773
65.3760,0.8519,3.6546
65.3762,0.8863,3.8111
65.3764,0.8574,3.6834
65.3766,0.8519,3.6546
65.3768,0.9172,3.9313
65.3770,0.9512,4.0786
65.3772,0.9602,4.1153
65.3774,1.007,4.3182
65.3776,0.9808,4.2056
65.3778,0.8939,3.8507
65.3780,0.7196,3.1002
65.3782,0.7032,3.028
65.3784,0.6999,3.0122
65.3786,0.738,3.1704
65.3788,0.7898,3.3977
65.3790,0.7648,3.2919
65.3792,0.737,3.1751
65.3794,0.7153,3.0802
65.3796,0.7165,3.0825
65.3798,0.7177,3.0876
65.3800,0.715,3.0758
65.3802,0.7543,3.2404
65.3804,0.8502,3.6508
65.3806,0.8332,3.5794
65.3808,0.7506,3.2305
65.3810,0.6886,2.9678
65.3812,0.6586,2.8413
65.3814,0.5705,2.4634
65.3816,0.5549,2.3916
65.3818,0.5539,2.3897
65.3820,0.55,2.3715
65.3822,0.5514,2.3799
65.3824,0.5489,2.3669
65.3826,0.5965,2.5721
65.3828,0.556,2.4007
65.3830,0.5397,2.3292
65.3832,0.5402,2.3291
65.3834,0.5425,2.3406
65.3836,0.5568,2.4021
65.3838,0.5541,2.3891
65.3840,0.5533,2.386
65.3842,0.5531,2.3861
65.3844,0.555,2.3932
65.3846,0.5909,2.5431
65.3848,0.6806,2.9264
65.3850,0.7394,3.178
65.3852,0.7874,3.3842
65.3854,0.7714,3.3203
65.3856,0.6942,2.9879
65.3858,0.659,2.8362
65.3860,0.6963,3.0009
65.3862,0.649,2.7947
65.3864,0.6565,2.8254
65.3866,0.6481,2.7893
65.3868,0.7097,3.0545
65.3870,0.6766,2.9107
65.3872,0.635,2.7355
65.3874,0.6338,2.7316
65.3876,0.6437,2.7733
65.3878,0.63,2.7139
65.3880,0.6224,2.6801
65.3882,0.6188,2.6658
65.3884,0.6184,2.6655
65.3886,0.6065,2.6114
65.3888,0.6421,2.7609
65.3890,0.6791,2.9243
65.3892,0.6642,2.8629
65.3894,0.6824,2.9368
65.3896,0.7077,3.0471
65.3898,0.6669,2.8703
65.3900,0.684,2.9413
65.3902,0.7306,3.1414
65.3904,0.7529,3.2373
65.3906,0.7549,3.2491
65.3908,0.7728,3.3213
65.3910,0.7764,3.3368
65.3912,0.7809,3.3564
65.3914,0.7807,3.3553
65.3916,0.7893,3.3924
65.3918,0.7888,3.3904
65.3920,0.7539,3.2464
65.3922,0.6738,2.9069
65.3924,0.5863,2.5258
65.3926,0.6337,2.7311
65.3928,0.6014,2.5933
65.3930,0.5978,2.5754
65.3932,0.591,2.546
65.3934,0.602,2.5947
65.3936,0.6296,2.711
65.3938,0.6782,2.9174
65.3940,0.7451,3.1993
65.3942,0.7906,3.4028
65.3944,0.7223,3.1058
65.3946,0.7918,3.4048
65.3948,0.7527,3.2368
65.3950,0.7144,3.0746
65.3952,0.7053,3.034
65.3954,0.7448,3.1983
65.3956,0.8487,3.6424
65.3958,0.8879,3.8143
65.3960,0.8517,3.6587
65.3962,0.831,3.5701
65.3964,0.8325,3.5746
65.3966,0.8499,3.651
65.3968,0.8539,3.6634
65.3970,0.9097,3.908
65.3972,0.8394,3.6112
65.3974,0.8056,3.4593
65.3976,0.8518,3.6643
65.3978,0.774,3.328
65.3980,0.7611,3.2683
65.3982,0.9214,3.9493
65.3984,1.0144,4.3475
65.3986,1.0229,4.384
65.3988,0.9594,4.1198
65.3990,0.8783,3.7695
65.3992,0.8991,3.8645
65.3994,0.7106,3.0601
65.3996,0.6587,2.8391
65.3998,0.6542,2.8169
65.4000,0.705,3.033
65.4002,0.7361,3.1666
65.4004,0.8218,3.5337
65.4006,0.8412,3.6156
65.4008,0.8186,3.5165
65.4010,0.8584,3.6841
65.4012,0.817,3.518
65.4014,0.7469,3.2085
65.4016,0.8232,3.5432
65.4018,0.7503,3.2279
65.4020,0.7519,3.2377
65.4022,0.7037,3.0343
65.4024,0.637,2.7405
65.4026,0.7087,3.0518
65.4028,0.6545,2.8224
65.4030,0.625,2.6939
65.4032,0.6208,2.6746
65.4034,0.6398,2.7562
65.4036,0.6539,2.8158
65.4038,0.7379,3.1773
65.4040,0.6611,2.8521
65.4042,0.5589,2.4098
65.4044,0.5328,2.2997
65.4046,0.4643,2.0074
65.4048,0.4577,1.9743
65.4050,0.5397,2.3281
65.4052,0.5752,2.4812
65.4054,0.5989,2.5825
65.4056,0.5548,2.3944
65.4058,0.4928,2.1279
65.4060,0.479,2.0693
65.4062,0.4975,2.1461
65.4064,0.5838,2.5138
65.4066,0.6336,2.7293
65.4068,0.6153,2.6545
65.4070,0.5909,2.5455
65.4072,0.6439,2.7725
65.4074,0.619,2.6681
65.4076,0.5619,2.4227
65.4078,0.5571,2.402
65.4080,0.5698,2.4568
65.4082,0.571,2.462
65.4084,0.5611,2.4196
65.4086,0.5297,2.2873
65.4088,0.4771,2.0591
65.4090,0.4941,2.1316
65.4092,0.5208,2.2459
65.4094,0.5139,2.218
65.4096,0.4333,1.8711
65.4098,0.4398,1.8964
65.4100,0.5406,2.3355
65.4102,0.4262,1.838
65.4104,0.5265,2.2723
65.4106,0.5131,2.2133
65.4108,0.5428,2.3383
65.4110,0.5719,2.465
65.4112,0.586,2.5255
65.4114,0.5866,2.5233
65.4116,0.6283,2.7041
65.4118,0.612,2.6376
65.4120,0.632,2.7264
65.4122,0.5565,2.3994
65.4124,0.5315,2.2908
65.4126,0.5312,2.2904
65.4128,0.586,2.5219
65.4130,0.661,2.8463
65.4132,0.6583,2.8331
65.4134,0.6545,2.8237
65.4136,0.5718,2.4645
65.4138,0.6036,2.5978
65.4140,0.6568,2.8269
65.4142,0.588,2.5378
65.4144,0.4737,2.0446
65.4146,0.4592,1.9811
65.4148,0.4583,1.9778
65.4150,0.4581,1.9782
65.4152,0.4619,1.9943
65.4154,0.4732,2.0425
65.4156,0.4529,1.9555
65.4158,0.4398,1.8982
65.4160,0.4418,1.9061
65.4162,0.4519,1.9495
65.4164,0.4952,2.1343
65.4166,0.5479,2.3627
65.4168,0.5192,2.2397
65.4170,0.4587,1.9808
65.4172,0.4505,1.9424
65.4174,0.4856,2.0949
65.4176,0.4557,1.9661
65.4178,0.5247,2.2582
65.4180,0.6452,2.7743
65.4182,0.6211,2.6744
65.4184,0.5957,2.5637
65.4186,0.6464,2.782
65.4188,0.6101,2.6269
65.4190,0.5577,2.4057
65.4192,0.4696,2.027
65.4194,0.4695,2.0256
65.4196,0.4657,2.0081
65.4198,0.4732,2.0406
65.4200,0.5517,2.3755
65.4202,0.5991,2.5787
65.4204,0.5931,2.5553
65.4206,0.5706,2.4582
65.4208,0.562,2.4221
65.4210,0.5351,2.3063
65.4212,0.5013,2.1596
65.4214,0.5242,2.2604
65.4216,0.4822,2.0804
65.4218,0.4924,2.1234
65.4220,0.5103,2.2004
65.4222,0.5002,2.157
65.4224,0.4852,2.0933
65.4226,0.4837,2.0856
65.4228,0.5544,2.3851
65.4230,0.6005,2.588
65.4232,0.5259,2.2676
65.4234,0.4952,2.1353
65.4236,0.5084,2.1911
65.4238,0.5132,2.2107
65.4240,0.5651,2.4367
65.4242,0.5026,2.1673
65.4244,0.494,2.1291
65.4246,0.4937,2.129
65.4248,0.4915,2.1182
65.4250,0.5042,2.173
65.4252,0.5134,2.2138
65.4254,0.5021,2.1652
65.4256,0.5116,2.204
65.4258,0.5645,2.4318
65.4260,0.6048,2.5993
65.4262,0.6933,2.9783
65.4264,0.6306,2.7152
65.4266,0.5525,2.3802
65.4268,0.5584,2.4021
65.4270,0.6024,2.5926
65.4272,0.5635,2.4254
65.4274,0.6144,2.6467
65.4276,0.6502,2.7933
65.4278,0.72,3.0902
65.4280,0.7226,3.1001
65.4282,0.7946,3.4103
65.4284,0.773,3.3208
65.4286,0.7303,3.1374
65.4288,0.8008,3.4387
65.4290,0.8407,3.6051
65.4292,0.8748,3.7476
65.4294,0.8695,3.7267
65.4296,0.8783,3.7625
65.4298,0.9192,3.9395
65.4300,0.8476,3.6395
65.4302,0.7834,3.364
65.4304,0.7911,3.3954
65.4306,0.8108,3.4814
65.4308,0.8329,3.57
65.4310,0.8853,3.7946
65.4312,0.871,3.7329
65.4314,0.8712,3.7357
65.4316,0.8829,3.7825
65.4318,0.9098,3.8994
65.4320,0.9572,4.1043
65.4322,0.9235,3.9562
65.4324,0.9213,3.9524
65.4326,0.8479,3.641
65.4328,0.852,3.6534
65.4330,0.8843,3.7917
65.4332,0.8494,3.6472
65.4334,0.8548,3.6704
65.4336,0.8808,3.7821
65.4338,0.8166,3.5067
65.4340,0.7581,3.2584
65.4342,0.7692,3.3012
65.4344,0.8326,3.5701
65.4346,0.8805,3.7811
65.4348,0.8105,3.4804
65.4350,0.8305,3.5631
65.4352,0.9103,3.9088
65.4354,0.8538,3.6697
65.4356,0.7887,3.3851
65.4358,0.7989,3.4321
65.4360,0.7849,3.3702
65.4362,0.7701,3.3084
65.4364,0.752,3.2307
65.4366,0.7559,3.2502
65.4368,0.7488,3.2197
65.4370,0.7758,3.3342
65.4372,0.7855,3.3744
65.4374,0.7171,3.0851
65.4376,0.7288,3.1307
65.4378,0.8123,3.4897
65.4380,0.7827,3.3641
65.4382,0.7596,3.2692
65.4384,0.7407,3.1852
65.4386,0.7895,3.3919
65.4388,0.7898,3.3961
65.4390,0.7675,3.3017
65.4392,0.7407,3.1837
65.4394,0.7517,3.2321
65.4396,0.7513,3.2291
65.4398,0.8006,3.4425
65.4400,0.8087,3.4727
65.4402,0.8262,3.5495
65.4404,0.7734,3.327
65.4406,0.7428,3.194
65.4408,0.7487,3.2162
65.4410,0.7531,3.2383
65.4412,0.7503,3.2279
65.4414,0.7553,3.2476
65.4416,0.7128,3.0708
65.4418,0.6732,2.8976
65.4420,0.7189,3.0899
65.4422,0.755,3.2435
65.4424,0.756,3.2477
65.4426,0.7411,3.1853
65.4428,0.7948,3.4145
65.4430,0.8494,3.6489
65.4432,0.8664,3.7169
65.4434,0.8388,3.6086
65.4436,0.7349,3.1614
65.4438,0.7672,3.2991
65.4440,0.7687,3.3023
65.4442,0.7582,3.259
65.4444,0.7493,3.2263
65.4446,0.6788,2.9227
65.4448,0.6668,2.8698
65.4450,0.702,3.0201
65.4452,0.7708,3.3177
65.4454,0.7265,3.1268
65.4456,0.7144,3.0718
65.4458,0.729,3.1347
65.4460,0.7452,3.2058
65.4462,0.7736,3.3249
65.4464,0.8297,3.5678
65.4466,0.7142,3.0755
65.4468,0.6611,2.8455
65.4470,0.6973,3.0055
65.4472,0.6081,2.6235
65.4474,0.5272,2.2743
65.4476,0.5237,2.2583
65.4478,0.527,2.2754
65.4480,0.5374,2.3183
65.4482,0.5283,2.2758
65.4484,0.5581,2.4078
65.4486,0.527,2.2744
65.4488,0.5265,2.2712
65.4490,0.5342,2.3022
65.4492,0.5265,2.2702
65.4494,0.5198,2.2412
65.4496,0.6941,2.9916
65.4498,0.5773,2.4871
65.4500,0.5842,2.5177
65.4502,0.5971,2.5723
65.4504,0.6326,2.7214
65.4506,0.671,2.8838
65.4508,0.7226,3.103
65.4510,0.8412,3.6139
65.4512,0.8844,3.7975
65.4514,0.8616,3.6963
65.4516,0.8793,3.7689
65.4518,0.9305,3.9902
65.4520,0.9188,3.9453
65.4522,0.8446,3.6317
65.4524,0.7565,3.2543
65.4526,0.7488,3.2168
65.4528,0.8713,3.7414
65.4530,0.8433,3.6226
65.4532,0.8282,3.5577
65.4534,0.8231,3.5361
65.4536,0.7772,3.345
65.4538,0.7411,3.1882
65.4540,0.6806,2.9318
65.4542,0.662,2.8518
65.4544,0.6596,2.8414
65.4546,0.666,2.8667
65.4548,0.6766,2.9134
65.4550,0.665,2.8647
65.4552,0.6406,2.7598
65.4554,0.6391,2.7531
65.4556,0.6267,2.6987
65.4558,0.6569,2.8274
65.4560,0.7273,3.126
65.4562,0.7636,3.2852
65.4564,0.7,3.0169
65.4566,0.6184,2.663
65.4568,0.6473,2.7875
65.4570,0.6496,2.7999
65.4572,0.5922,2.5523
65.4574,0.5876,2.5339
65.4576,0.6019,2.5954
65.4578,0.6186,2.6648
65.4580,0.5954,2.5651
65.4582,0.5885,2.5363
65.4584,0.5954,2.5639
65.4586,0.6482,2.7872
65.4588,0.6886,2.9651
65.4590,0.644,2.7794
65.4592,0.5177,2.2345
65.4594,0.4933,2.1299
65.4596,0.5147,2.2206
65.4598,0.564,2.4275
65.4600,0.6587,2.8312
65.4602,0.6999,3.0108
65.4604,0.6988,3.0075
65.4606,0.6935,2.9835
65.4608,0.7993,3.4352
65.4610,0.7911,3.3986
65.4612,0.8249,3.5422
65.4614,0.8205,3.5215
65.4616,0.8291,3.5585
65.4618,0.8367,3.5943
65.4620,0.8346,3.5856
65.4622,0.8532,3.6637
65.4624,0.857,3.6784
65.4626,0.8506,3.6524
65.4628,0.8471,3.6408
65.4630,0.8042,3.4467
65.4632,0.8708,3.7429
65.4634,0.8472,3.643
65.4636,0.805,3.4583
65.4638,0.8654,3.7127
65.4640,0.8708,3.7411
65.4642,0.8053,3.4674
65.4644,0.7502,3.2214
65.4646,0.8329,3.5783
65.4648,0.8229,3.5351
65.4650,0.8096,3.4795
65.4652,0.8096,3.4828
65.4654,0.8102,3.4853
65.4656,0.7683,3.3069
65.4658,0.7105,3.0553
65.4660,0.8061,3.4614
65.4662,0.8416,3.6188
65.4664,0.6999,3.0108
65.4666,0.6676,2.8734
65.4668,0.7172,3.087
65.4670,0.781,3.3537
65.4672,0.8085,3.4781
65.4674,0.7069,3.0426
65.4676,0.6909,2.9721
65.4678,0.6795,2.9258
65.4680,0.6664,2.8695
65.4682,0.6489,2.7916
65.4684,0.7163,3.0843
65.4686,0.6955,2.9992
65.4688,0.6011,2.5906
65.4690,0.613,2.6398
65.4692,0.6458,2.7833
65.4694,0.6174,2.6621
65.4696,0.539,2.325
65.4698,0.549,2.3652
65.4700,0.5963,2.5675
65.4702,0.6283,2.7066
65.4704,0.6202,2.6733
65.4706,0.6482,2.7898
65.4708,0.6484,2.7895
65.4710,0.6843,2.9519
65.4712,0.5973,2.5734
65.4714,0.6521,2.8068
65.4716,0.6713,2.8907
65.4718,0.6626,2.853
65.4720,0.6476,2.7924
65.4722,0.5833,2.5129
65.4724,0.6051,2.6069
65.4726,0.6045,2.6043
65.4728,0.6133,2.6421
65.4730,0.5943,2.5604
65.4732,0.6266,2.6981
65.4734,0.6911,2.9731
65.4736,0.7258,3.1222
65.4738,0.7423,3.1934
65.4740,0.7304,3.1409
65.4742,0.7199,3.0998
65.4744,0.6199,2.6692
65.4746,0.6509,2.8055
65.4748,0.6138,2.6478
65.4750,0.5208,2.249
65.4752,0.508,2.1936
65.4754,0.4593,1.9862
65.4756,0.4244,1.8336
65.4758,0.4397,1.8959
65.4760,0.5009,2.1611
65.4762,0.4734,2.0449
65.4764,0.4581,1.9773
65.4766,0.4496,1.9406
65.4768,0.4461,1.9274
65.4770,0.4441,1.9186
65.4772,0.4487,1.9364
65.4774,0.4482,1.9344
65.4776,0.4509,1.9472
65.4778,0.4503,1.9455
65.4780,0.4495,1.9392
65.4782,0.4508,1.9449
65.4784,0.4785,2.0634
65.4786,0.5808,2.4998
65.4788,0.6752,2.9072
65.4790,0.5747,2.478
65.4792,0.5825,2.5116
65.4794,0.5047,2.1771
65.4796,0.4625,1.995
65.4798,0.465,2.005
65.4800,0.472,2.0364
65.4802,0.5222,2.2505
65.4804,0.5416,2.3343
65.4806,0.5674,2.4465
65.4808,0.5622,2.4231
65.4810,0.5629,2.4217
65.4812,0.5441,2.3484
65.4814,0.4677,2.0178
65.4816,0.5048,2.1766
65.4818,0.4743,2.0481
65.4820,0.4539,1.961
65.4822,0.4559,1.9657
65.4824,0.4589,1.9804
65.4826,0.4545,1.9618
65.4828,0.4813,2.0743
65.4830,0.4686,2.0205
65.4832,0.4771,2.0562
65.4834,0.5146,2.2211
65.4836,0.4692,2.024
65.4838,0.5073,2.1844
65.4840,0.5581,2.4056
65.4842,0.5767,2.4822
65.4844,0.6222,2.6778
65.4846,0.5985,2.5773
65.4848,0.5637,2.4271
65.4850,0.5686,2.4517
65.4852,0.4903,2.117
65.4854,0.4732,2.0416
65.4856,0.4696,2.0251
65.4858,0.4473,1.9308
65.4860,0.4467,1.9273
65.4862,0.4416,1.9041
65.4864,0.443,1.9112
65.4866,0.4324,1.8661
65.4868,0.4296,1.855
65.4870,0.4116,1.7749
65.4872,0.4852,2.0923
65.4874,0.4952,2.1353
65.4876,0.5128,2.2102
65.4878,0.5103,2.1994
65.4880,0.4991,2.1483
65.4882,0.5439,2.3441
65.4884,0.5007,2.158
65.4886,0.5035,2.1699
65.4888,0.4888,2.1059
65.4890,0.561,2.4146
65.4892,0.6092,2.6245
65.4894,0.5644,2.4268
65.4896,0.6048,2.603
65.4898,0.5772,2.4854
65.4900,0.5881,2.5312
65.4902,0.6032,2.5938
65.4904,0.6133,2.6396
65.4906,0.5954,2.5663
65.4908,0.5388,2.3213
65.4910,0.5553,2.3898
65.4912,0.5869,2.5249
65.4914,0.6417,2.7593
65.4916,0.6447,2.7735
65.4918,0.5807,2.4981
65.4920,0.5714,2.4584
65.4922,0.6038,2.5988
65.4924,0.6513,2.8045
65.4926,0.6584,2.8297
65.4928,0.6913,2.9714
65.4930,0.6584,2.8284
65.4932,0.669,2.8756
65.4934,0.667,2.8655
65.4936,0.7306,3.137
65.4938,0.7695,3.3012
65.4940,0.8091,3.4726
65.4942,0.8014,3.4429
65.4944,0.7946,3.4056
65.4946,0.8363,3.5894
65.4948,0.8171,3.5038
65.4950,0.9112,3.9019
65.4952,0.9128,3.9123
65.4954,0.9211,3.9533
65.4956,0.9057,3.8838
65.4958,0.9112,3.9056
65.4960,0.8658,3.7091
65.4962,0.8774,3.7642
65.4964,0.8735,3.7437
65.4966,0.9111,3.8996
65.4968,0.9665,4.1386
65.4970,0.988,4.2345
65.4972,0.9253,3.9713
65.4974,0.8323,3.5708
65.4976,0.8509,3.6488
65.4978,0.8669,3.7206
65.4980,0.8254,3.5442
65.4982,0.7924,3.3995
65.4984,0.8065,3.4661
65.4986,0.782,3.3594
65.4988,0.8551,3.6651
65.4990,0.958,4.1098
65.4992,0.8706,3.7418
65.4994,0.7717,3.3105
65.4996,0.8417,3.6109
65.4998,0.868,3.7253
65.5000,0.9021,3.8683
65.5002,0.914,3.9101
65.5004,1.0232,4.3835
65.5006,1.0139,4.3516
65.5008,0.9353,4.0108
65.5010,0.8271,3.5531
65.5012,0.8524,3.655
65.5014,0.9222,3.9542
65.5016,0.9579,4.1093
65.5018,0.9028,3.8732
65.5020,0.9453,4.0515
65.5022,0.9641,4.1284
65.5024,0.9169,3.9426
65.5026,0.7783,3.3481
65.5028,0.7584,3.258
65.5030,0.7502,3.2244
65.5032,0.7804,3.3574
65.5034,0.7622,3.279
65.5036,0.777,3.3409
65.5038,0.7497,3.2209
65.5040,0.7659,3.2935
65.5042,0.7223,3.1072
65.5044,0.7117,3.059
65.5046,0.7216,3.1056
65.5048,0.682,2.9367
65.5050,0.6965,2.9977
65.5052,0.7157,3.0789
65.5054,0.7079,3.0411
65.5056,0.7868,3.3816
65.5058,0.8118,3.4877
65.5060,0.7858,3.3743
65.5062,0.8467,3.6393
65.5064,0.7897,3.3971
65.5066,0.7559,3.2547
65.5068,0.6836,2.9447
65.5070,0.6596,2.8388
65.5072,0.7217,3.1018
65.5074,0.7441,3.1982
65.5076,0.7616,3.2764
65.5078,0.7011,3.0173
65.5080,0.679,2.9238
65.5082,0.6892,2.969
65.5084,0.6863,2.9566
65.5086,0.6683,2.8765
65.5088,0.6448,2.7766
65.5090,0.7377,3.1694
65.5092,0.837,3.6009
65.5094,0.6671,2.8713
65.5096,0.6475,2.7854
65.5098,0.7178,3.0882
65.5100,0.7314,3.1479
65.5102,0.7455,3.2058
65.5104,0.7514,3.2281
65.5106,0.7575,3.2589
65.5108,0.7458,3.2069
65.5110,0.7597,3.2606
65.5112,0.8126,3.4957
65.5114,0.7394,3.184
65.5116,0.7105,3.0553
65.5118,0.7399,3.1816
65.5120,0.7545,3.2415
65.5122,0.8537,3.6623
65.5124,0.9062,3.8949
65.5126,0.7975,3.4307
65.5128,0.7827,3.3578
65.5130,0.8568,3.6774
65.5132,0.8672,3.7257
65.5134,0.857,3.6904
65.5136,0.7294,3.1362
65.5138,0.6924,2.9857
65.5140,0.5545,2.3912
65.5142,0.5388,2.3267
65.5144,0.5525,2.3835
65.5146,0.5544,2.394
65.5148,0.546,2.3556
65.5150,0.5538,2.3881
65.5152,0.5532,2.3855
65.5154,0.5551,2.3949
65.5156,0.6151,2.6437
65.5158,0.5718,2.4668
65.5160,0.5542,2.3896
65.5162,0.5568,2.4021
65.5164,0.5488,2.3675
65.5166,0.5387,2.3218
65.5168,0.5913,2.5499
65.5170,0.5665,2.4383
65.5172,0.6223,2.6796
65.5174,0.6545,2.8184
65.5176,0.6834,2.9415
65.5178,0.7027,3.0246
65.5180,0.6984,3.0116
65.5182,0.5864,2.5299
65.5184,0.5429,2.341
65.5186,0.6148,2.6463
65.5188,0.6417,2.7619
65.5190,0.6334,2.7301
65.5192,0.5732,2.473
65.5194,0.5519,2.3798
65.5196,0.5568,2.3999
65.5198,0.618,2.661
65.5200,0.6142,2.6462
65.5202,0.582,2.5096
65.5204,0.5334,2.298
65.5206,0.5831,2.5131
65.5208,0.5953,2.567
65.5210,0.599,2.5806
65.5212,0.5688,2.4538
65.5214,0.5133,2.2164
65.5216,0.4849,2.0927
65.5218,0.4773,2.0592
65.5220,0.4808,2.0751
65.5222,0.5422,2.3368
65.5224,0.5517,2.3766
65.5226,0.5602,2.4132
65.5228,0.5653,2.4388
65.5230,0.5809,2.5049
65.5232,0.5828,2.512
65.5234,0.5078,2.1895
65.5236,0.5262,2.2681
65.5238,0.519,2.2392
65.5240,0.492,2.1203
65.5242,0.5333,2.2965
65.5244,0.5876,2.5315
65.5246,0.6289,2.7092
65.5248,0.6442,2.774
65.5250,0.5891,2.5354
65.5252,0.5825,2.5105
65.5254,0.5988,2.5808
65.5256,0.5978,2.5754
65.5258,0.5519,2.3776
65.5260,0.5536,2.3837
65.5262,0.591,2.5448
65.5264,0.5904,2.5469
65.5266,0.5826,2.5087
65.5268,0.627,2.6959
65.5270,0.7018,3.0148
65.5272,0.7692,3.3089
65.5274,0.7225,3.1039
65.5276,0.7478,3.2111
65.5278,0.7879,3.3799
65.5280,0.8777,3.7635
65.5282,0.9662,4.139
65.5284,0.9461,4.0589
65.5286,0.9056,3.8814
65.5288,0.917,3.9266
65.5290,1.0142,4.3389
65.5292,1.09,4.6631
65.5294,1.0859,4.6543
65.5296,1.0274,4.3994
65.5298,1.043,4.4683
65.5300,1.023,4.3845
65.5302,1.0369,4.4358
65.5304,1.0721,4.5888
65.5306,1.0337,4.4261
65.5308,1.038,4.4467
65.5310,1.0123,4.3449
65.5312,0.9442,4.0507
65.5314,0.937,4.0179
65.5316,1.0672,4.5656
65.5318,1.0985,4.7105
65.5320,0.9991,4.2863
65.5322,0.8862,3.8053
65.5324,0.8347,3.5894
65.5326,0.8138,3.4976
65.5328,0.7634,3.2857
65.5330,0.7332,3.1527
65.5332,0.8027,3.4437
65.5334,0.8994,3.8619
65.5336,0.8961,3.848
65.5338,0.9075,3.9005
65.5340,0.8501,3.6537
65.5342,0.8371,3.593
65.5344,0.8681,3.7327
65.5346,0.756,3.2522
65.5348,0.7621,3.2754
65.5350,0.7852,3.378
65.5352,0.7427,3.1935
65.5354,0.7452,3.2102
65.5356,0.6948,2.9919
65.5358,0.7445,3.2027
65.5360,0.7212,3.104
65.5362,0.7084,3.0502
65.5364,0.7139,3.0711
65.5366,0.68,2.9279
65.5368,0.7166,3.083
65.5370,0.788,3.3915
65.5372,0.7483,3.2222
65.5374,0.6892,2.9649
65.5376,0.7246,3.1199
65.5378,0.6514,2.8076
65.5380,0.6075,2.6173
65.5382,0.5989,2.5813
65.5384,0.6242,2.6891
65.5386,0.7321,3.1495
65.5388,0.758,3.261
65.5390,0.766,3.297
65.5392,0.7327,3.1521
65.5394,0.7316,3.1475
65.5396,0.6849,2.9477
65.5398,0.6777,2.9194
65.5400,0.6774,2.917
65.5402,0.6454,2.7831
65.5404,0.6481,2.7906
65.5406,0.7308,3.1439
65.5408,0.7527,3.2398
65.5410,0.7578,3.2584
65.5412,0.7506,3.2275
65.5414,0.7006,3.0167
65.5416,0.6505,2.7996
65.5418,0.7405,3.1842
65.5420,0.7764,3.343
65.5422,0.7187,3.0903
65.5424,0.7411,3.1882
65.5426,0.7175,3.0895
65.5428,0.7242,3.1141
65.5430,0.7092,3.0524
65.5432,0.6314,2.7213
65.5434,0.6332,2.7303
65.5436,0.6508,2.8024
65.5438,0.6669,2.8729
65.5440,0.6352,2.7378
65.5442,0.6345,2.736
65.5444,0.5929,2.5554
65.5446,0.6464,2.7846
65.5448,0.5946,2.5615
65.5450,0.5879,2.5349
65.5452,0.5668,2.4473
65.5454,0.5553,2.3898
65.5456,0.6386,2.7523
65.5458,0.5752,2.4824
65.5460,0.487,2.104
65.5462,0.4675,2.0186
65.5464,0.4616,1.9933
65.5466,0.4605,1.9904
65.5468,0.4512,1.95
65.5470,0.4872,2.1045
65.5472,0.4843,2.0911
65.5474,0.4581,1.9782
65.5476,0.4639,2.0031
65.5478,0.4783,2.0662
65.5480,0.4782,2.0637
65.5482,0.4663,2.0116
65.5484,0.4628,1.9975
65.5486,0.4604,1.9881
65.5488,0.4737,2.0455
65.5490,0.5107,2.1999
65.5492,0.5501,2.3709
65.5494,0.5589,2.4087
65.5496,0.6212,2.6749
65.5498,0.68,2.9238
65.5500,0.6895,2.9664
65.5502,0.6952,2.9865
65.5504,0.7592,3.2646
65.5506,0.7871,3.3816
65.5508,0.8115,3.4861
65.5510,0.7722,3.3126
65.5512,0.7812,3.3589
65.5514,0.669,2.8796
65.5516,0.6422,2.7653
65.5518,0.6786,2.9195
65.5520,0.7132,3.0709
65.5522,0.7085,3.0451
65.5524,0.7237,3.112
65.5526,0.7099,3.0541
65.5528,0.7048,3.0291
65.5530,0.7495,3.2198
65.5532,0.7431,3.2015
65.5534,0.6183,2.6637
65.5536,0.6524,2.8078
65.5538,0.6729,2.8974
65.5540,0.6285,2.7064
65.5542,0.6162,2.6532
65.5544,0.6216,2.6802
65.5546,0.515,2.2216
65.5548,0.4923,2.1238
65.5550,0.4912,2.1172
65.5552,0.5015,2.1657
65.5554,0.5051,2.1782
65.5556,0.5788,2.4921
65.5558,0.6053,2.6111
65.5560,0.5247,2.2656
65.5562,0.4943,2.1316
65.5564,0.493,2.125
65.5566,0.4935,2.128
65.5568,0.4921,2.1238
65.5570,0.484,2.0901
65.5572,0.4776,2.0593
65.5574,0.5235,2.2583
65.5576,0.4854,2.0948
65.5578,0.4833,2.085
65.5580,0.4884,2.1077
65.5582,0.4888,2.1079
65.5584,0.4861,2.096
65.5586,0.5621,2.4215
65.5588,0.6122,2.6362
65.5590,0.6428,2.764
65.5592,0.6461,2.7836
65.5594,0.6261,2.6986
65.5596,0.5963,2.5687
65.5598,0.5806,2.4952
65.5600,0.6967,2.9946
65.5602,0.7051,3.0349
65.5604,0.691,2.9685
65.5606,0.7497,3.2224
65.5608,0.7433,3.199
65.5610,0.7044,3.0248
65.5612,0.7758,3.3311
65.5614,0.7774,3.3367
65.5616,0.8952,3.8331
65.5618,0.9827,4.2099
65.5620,0.9285,3.9833
65.5622,0.8967,3.8506
65.5624,0.8575,3.6839
65.5626,0.8153,3.501
65.5628,0.8105,3.4804
65.5630,0.765,3.2878
65.5632,0.7886,3.3862
65.5634,0.7952,3.4161
65.5636,0.8166,3.5034
65.5638,0.8538,3.6646
65.5640,0.8339,3.5791
65.5642,0.8868,3.8096
65.5644,0.8455,3.6257
65.5646,0.8614,3.6953
65.5648,0.8682,3.7263
65.5650,0.8784,3.7718
65.5652,0.8359,3.5946
65.5654,0.7604,3.2682
65.5656,0.7501,3.2269
65.5658,0.7051,3.0377
65.5660,0.6708,2.8833
65.5662,0.7194,3.092
65.5664,0.7394,3.184
65.5666,0.6894,2.9659
65.5668,0.7231,3.108
65.5670,0.7612,3.2749
65.5672,0.7936,3.4078
65.5674,0.7967,3.4244
65.5676,0.7177,3.0862
65.5678,0.7068,3.0393
65.5680,0.7037,3.0301
65.5682,0.626,2.6943
65.5684,0.6809,2.932
65.5686,0.6832,2.9405
65.5688,0.7089,3.0495
65.5690,0.6892,2.9649
65.5692,0.7009,3.014
65.5694,0.7487,3.2222
65.5696,0.7025,3.0264
65.5698,0.64,2.7547
65.5700,0.6868,2.9546
65.5702,0.7488,3.2212
65.5704,0.7364,3.1696
65.5706,0.7013,3.0142
65.5708,0.7312,3.1469
65.5710,0.7252,3.1211
65.5712,0.6972,2.9953
65.5714,0.7258,3.1222
65.5716,0.7441,3.1996
65.5718,0.7815,3.3605
65.5720,0.7936,3.411
65.5722,0.7404,3.1881
65.5724,0.7148,3.0738
65.5726,0.7912,3.3975
65.5728,0.7513,3.2321
65.5730,0.7461,3.2084
65.5732,0.8127,3.4978
65.5734,0.7127,3.0688
65.5736,0.6255,2.6985
65.5738,0.5907,2.5473
65.5740,0.6002,2.5858
65.5742,0.5965,2.5697
65.5744,0.6291,2.7128
65.5746,0.5453,2.3557
65.5748,0.4909,2.1196
65.5750,0.5322,2.2897
65.5752,0.6905,2.9678
65.5754,0.7241,3.1164
65.5756,0.5958,2.5702
65.5758,0.5455,2.3535
65.5760,0.536,2.31
65.5762,0.5358,2.3116
65.5764,0.534,2.3038
65.5766,0.5372,2.3162
65.5768,0.5385,2.3219
65.5770,0.5324,2.2966
65.5772,0.5218,2.25
65.5774,0.5199,2.2418
65.5776,0.5229,2.2547
65.5778,0.5324,2.2966
65.5780,0.5285,2.279
65.5782,0.536,2.3089
65.5784,0.6252,2.6894
65.5786,0.7083,3.0483
65.5788,0.6755,2.9101
65.5790,0.5767,2.4868
65.5792,0.5394,2.325
65.5794,0.5975,2.5751
65.5796,0.5698,2.4557
65.5798,0.5937,2.5579
65.5800,0.6122,2.6374
65.5802,0.6268,2.7017
65.5804,0.6302,2.7174
65.5806,0.5502,2.3726
65.5808,0.571,2.4597
65.5810,0.5362,2.3121
65.5812,0.53,2.2852
65.5814,0.5484,2.3637
65.5816,0.5753,2.476
65.5818,0.636,2.7409
65.5820,0.5687,2.4499
65.5822,0.5819,2.509
65.5824,0.5491,2.3668
65.5826,0.5343,2.3017
65.5828,0.549,2.3663
65.5830,0.5368,2.3147
65.5832,0.5242,2.2614
65.5834,0.5639,2.4259
65.5836,0.6628,2.8514
65.5838,0.6906,2.9711
65.5840,0.6889,2.9625
65.5842,0.65,2.7949
65.5844,0.5819,2.5079
65.5846,0.5338,2.3017
65.5848,0.5333,2.2975
65.5850,0.5919,2.5489
65.5852,0.5848,2.5226
65.5854,0.523,2.2562
65.5856,0.5339,2.3001
65.5858,0.5635,2.4277
65.5860,0.5455,2.3491
65.5862,0.597,2.5694
65.5864,0.6406,2.7573
65.5866,0.5725,2.4676
65.5868,0.5128,2.2133
65.5870,0.5295,2.2842
65.5872,0.5001,2.1554
65.5874,0.5149,2.219
65.5876,0.4942,2.1291
65.5878,0.5702,2.4578
65.5880,0.537,2.3146
65.5882,0.4961,2.1384
65.5884,0.5556,2.3947
65.5886,0.5762,2.4813
65.5888,0.5729,2.468
65.5890,0.5903,2.5429
65.5892,0.5783,2.4901
65.5894,0.6019,2.5882
65.5896,0.6641,2.8558
65.5898,0.6832,2.9405
65.5900,0.6839,2.9381
65.5902,0.7794,3.3481
65.5904,0.7693,3.3079
65.5906,0.7521,3.2312
65.5908,0.6999,3.0108
65.5910,0.6254,2.6955
65.5912,0.5623,2.4203
65.5914,0.5672,2.4414
65.5916,0.6326,2.7189
65.5918,0.7139,3.0711
65.5920,0.7061,3.039
65.5922,0.6704,2.8852
65.5924,0.6158,2.6517
65.5926,0.6324,2.7191
65.5928,0.688,2.9583
65.5930,0.6822,2.9309
65.5932,0.6855,2.9475
65.5934,0.732,3.1446
65.5936,0.8026,3.4464
65.5938,0.81,3.4751
65.5940,0.7681,3.3012
65.5942,0.7815,3.3511
65.5944,0.8928,3.8264
65.5946,0.8735,3.7507
65.5948,0.8048,3.4573
65.5950,0.8058,3.4571
65.5952,0.866,3.7136
65.5954,0.8873,3.8046
65.5956,0.8596,3.6875
65.5958,0.9246,3.9645
65.5960,0.943,4.0455
65.5962,0.9207,3.9499
65.5964,0.9026,3.8686
65.5966,0.926,3.9762
65.5968,0.8206,3.5269
65.5970,0.788,3.3883
65.5972,0.7098,3.0522
65.5974,0.7351,3.158
65.5976,0.7459,3.2044
65.5978,0.7479,3.2161
65.5980,0.7437,3.1981
65.5982,0.7429,3.1885
65.5984,0.7802,3.3564
65.5986,0.6935,2.9835
65.5988,0.7154,3.075
65.5990,0.7658,3.2884
65.5992,0.81,3.4783
65.5994,0.8323,3.5758
65.5996,0.832,3.5726
65.5998,0.8412,3.6122
65.6000,0.8419,3.6187
65.6002,0.7663,3.292
65.6004,0.7909,3.3991
65.6006,0.7981,3.4285
65.6008,0.807,3.4719
65.6010,0.7252,3.1182
65.6012,0.8041,3.451
65.6014,0.8074,3.4719
65.6016,0.7501,3.2239
65.6018,0.7785,3.3492
65.6020,0.6677,2.8739
65.6022,0.6632,2.853
65.6024,0.7686,3.3033
65.6026,0.7268,3.1283
65.6028,0.6795,2.9258
65.6030,0.6624,2.8525
65.6032,0.7009,3.0126
65.6034,0.7626,3.279
65.6036,0.7539,3.2404
65.6038,0.7828,3.3677
65.6040,0.6955,2.995
65.6042,0.6103,2.6279
65.6044,0.6033,2.598
65.6046,0.6278,2.7071
65.6048,0.6079,2.6176
65.6050,0.6883,2.9599
65.6052,0.7766,3.3394
65.6054,0.743,3.1965
65.6056,0.6964,2.993
65.6058,0.7315,3.1484
65.6060,0.6827,2.9384
65.6062,0.663,2.8551
65.6064,0.6591,2.842
65.6066,0.6557,2.8236
65.6068,0.7132,3.0666
65.6070,0.7286,3.136
65.6072,0.6153,2.6508
65.6074,0.6031,2.5994
65.6076,0.6068,2.6142
65.6078,0.59,2.5466
65.6080,0.5216,2.2521
65.6082,0.4983,2.1477
65.6084,0.5915,2.548
65.6086,0.612,2.6376
65.6088,0.6268,2.7004
65.6090,0.5918,2.5472
65.6092,0.6156,2.6494
65.6094,0.6543,2.8174
65.6096,0.6762,2.9105
65.6098,0.677,2.9136
65.6100,0.6707,2.8841
65.6102,0.7059,3.0366
65.6104,0.721,3.0987
65.6106,0.7355,3.1625
65.6108,0.706,3.0385
65.6110,0.6632,2.8556
65.6112,0.6597,2.838
65.6114,0.6459,2.7826
65.6116,0.631,2.7185
65.6118,0.6387,2.7528
65.6120,0.5874,2.5317
65.6122,0.5541,2.3847
65.6124,0.5948,2.5649
65.6126,0.5693,2.4559
65.6128,0.5532,2.3822
65.6130,0.618,2.6597
65.6132,0.6238,2.695
65.6134,0.4682,2.0208
65.6136,0.4634,1.9973
65.6138,0.4939,2.1325
65.6140,0.4583,1.9788
65.6142,0.4607,1.9882
65.6144,0.4812,2.0757
65.6146,0.4723,2.0374
65.6148,0.4713,2.0324
65.6150,0.5222,2.2516
65.6152,0.4644,2.0052
65.6154,0.45,1.9412
65.6156,0.4658,2.0086
65.6158,0.4874,2.1007
65.6160,0.5164,2.2299
65.6162,0.4826,2.0839
65.6164,0.4608,1.9896
65.6166,0.4875,2.1012
65.6168,0.5373,2.3135
65.6170,0.5884,2.5334
65.6172,0.5925,2.5515
65.6174,0.5675,2.4447
65.6176,0.5645,2.433
65.6178,0.5331,2.2997
65.6180,0.4622,1.9949
65.6182,0.4466,1.9285
65.6184,0.45,1.9421
65.6186,0.4629,1.9952
65.6188,0.4683,2.0194
65.6190,0.5045,2.1746
65.6192,0.5392,2.3228
65.6194,0.5342,2.3022
65.6196,0.5386,2.3246
65.6198,0.4976,2.1466
65.6200,0.4796,2.0671
65.6202,0.4798,2.0691
65.6204,0.5192,2.2376
65.6206,0.4949,2.1342
65.6208,0.4975,2.1441
65.6210,0.5652,2.4327
65.6212,0.5599,2.4111
65.6214,0.5388,2.3213
65.6216,0.5954,2.5615
65.6218,0.6523,2.8034
65.6220,0.6575,2.8327
65.6222,0.6008,2.5871
65.6224,0.5939,2.5572
65.6226,0.5848,2.5144
65.6228,0.6238,2.685
65.6230,0.6015,2.5914
65.6232,0.6289,2.7042
65.6234,0.6716,2.885
65.6236,0.7089,3.0466
65.6238,0.7302,3.1413
65.6240,0.6258,2.6958
65.6242,0.5068,2.1844
65.6244,0.5238,2.2599
65.6246,0.4885,2.1083
65.6248,0.4651,2.0064
65.6250,0.492,2.1183
65.6252,0.5533,2.386
65.6254,0.4984,2.1482
65.6256,0.5143,2.2133
65.6258,0.5764,2.4795
65.6260,0.5647,2.4317
65.6262,0.5676,2.4441
65.6264,0.5868,2.5232
65.6266,0.6728,2.8888
65.6268,0.7774,3.3352
65.6270,0.8182,3.5134
65.6272,0.7436,3.1901
65.6274,0.7879,3.3768
65.6276,0.8021,3.4492
65.6278,0.6797,2.9201
65.6280,0.7216,3.1013
65.6282,0.7274,3.1251
65.6284,0.8226,3.5242
65.6286,0.9481,4.0615
65.6288,0.8808,3.7786
65.6290,0.8915,3.8208
65.6292,0.8982,3.8532
65.6294,0.8671,3.7165
65.6296,0.8861,3.8048
65.6298,0.8536,3.6618
65.6300,0.9099,3.8999
65.6302,0.9092,3.895
65.6304,0.9629,4.1271
65.6306,0.9216,3.9479
65.6308,0.9539,4.0866
65.6310,1.0145,4.344
65.6312,1.0739,4.5986
65.6314,1.0269,4.3953
65.6316,0.9711,4.162
65.6318,0.9317,3.9953
65.6320,0.9514,4.0701
65.6322,1.0042,4.3018
65.6324,1.022,4.3722
65.6326,1.0756,4.6058
65.6328,1.0716,4.5905
65.6330,1.0519,4.5042
65.6332,0.9853,4.2232
65.6334,0.9421,4.0377
65.6336,0.903,3.8774
65.6338,0.874,3.7493
65.6340,0.8849,3.7961
65.6342,0.9483,4.0682
65.6344,0.9459,4.056
65.6346,0.9527,4.0853
65.6348,0.9069,3.8943
65.6350,0.8633,3.7138
65.6352,0.7204,3.1004
65.6354,0.7425,3.1944
65.6356,0.7571,3.2538
65.6358,0.7535,3.2399
65.6360,0.8062,3.4635
65.6362,0.8199,3.5222
65.6364,0.7958,3.4187
65.6366,0.8212,3.5279
65.6368,0.8117,3.4904
65.6370,0.8162,3.5095
65.6372,0.8026,3.4512
65.6374,0.7677,3.3012
65.6376,0.8068,3.4709
65.6378,0.807,3.4752
65.6380,0.718,3.0844
65.6382,0.8231,3.5345
65.6384,0.8114,3.4905
65.6386,0.7738,3.3337
65.6388,0.705,3.0358
65.6390,0.718,3.0901
65.6392,0.7,3.0169
65.6394,0.6484,2.7934
65.6396,0.6676,2.8734
65.6398,0.6918,2.9762
65.6400,0.7134,3.0705
65.6402,0.7295,3.1367
65.6404,0.7682,3.2987
65.6406,0.8096,3.4844
65.6408,0.7213,3.106
65.6410,0.6491,2.7965
65.6412,0.6657,2.8625
65.6414,0.8008,3.4339
65.6416,0.8989,3.8706
65.6418,0.6999,3.0178
65.6420,0.6361,2.7427
65.6422,0.6301,2.7131
65.6424,0.6327,2.7257
65.6426,0.6539,2.8172
65.6428,0.6579,2.8342
65.6430,0.6297,2.7128
65.6432,0.6279,2.7026
65.6434,0.636,2.7397
65.6436,0.6423,2.7671
65.6438,0.6469,2.7854
65.6440,0.649,2.796
65.6442,0.6491,2.7952
65.6444,0.6413,2.7655
65.6446,0.6102,2.625
65.6448,0.7216,3.0998
65.6450,0.7671,3.3032
65.6452,0.6165,2.6622
65.6454,0.5388,2.3256
65.6456,0.5308,2.2888
65.6458,0.5231,2.2557
65.6460,0.5223,2.2531
65.6462,0.5521,2.3819
65.6464,0.5542,2.3896
65.6466,0.5436,2.343
65.6468,0.5532,2.3855
65.6470,0.5866,2.5304
65.6472,0.5617,2.4222
65.6474,0.5657,2.4393
65.6476,0.5484,2.3659
65.6478,0.5366,2.3136
65.6480,0.5489,2.3636
65.6482,0.6338,2.724
65.6484,0.6912,2.9764
65.6486,0.616,2.6589
65.6488,0.574,2.4715
65.6490,0.6475,2.7867
65.6492,0.6587,2.8352
65.6494,0.6662,2.8685
65.6496,0.6603,2.8432
65.6498,0.6701,2.8788
65.6500,0.7011,3.0145
65.6502,0.7627,3.275
65.6504,0.8129,3.4939
65.6506,0.7957,3.4261
65.6508,0.6857,2.9499
65.6510,0.732,3.1476
65.6512,0.7548,3.238
65.6514,0.8686,3.7261
65.6516,0.8267,3.5532
65.6518,0.753,3.2378
65.6520,0.7925,3.4063
65.6522,0.8297,3.5611
65.6524,0.8373,3.6002
65.6526,0.7423,3.1889
65.6528,0.7857,3.3801
65.6530,0.6959,2.9993
65.6532,0.59,2.543
65.6534,0.5866,2.5257
65.6536,0.6608,2.8479
65.6538,0.6101,2.6293
65.6540,0.5837,2.5145
65.6542,0.5796,2.4992
65.6544,0.5964,2.5716
65.6546,0.6252,2.6932
65.6548,0.57,2.4544
65.6550,0.5601,2.4161
65.6552,0.5074,2.191
65.6554,0.4963,2.1419
65.6556,0.49,2.113
65.6558,0.494,2.1321
65.6560,0.491,2.1191
65.6562,0.5002,2.157
65.6564,0.5394,2.3228
65.6566,0.5922,2.5476
65.6568,0.6719,2.8919
65.6570,0.7347,3.1624
65.6572,0.6285,2.7102
65.6574,0.5029,2.1704
65.6576,0.4885,2.1083
65.6578,0.4856,2.0958
65.6580,0.499,2.1468
65.6582,0.5881,2.5348
65.6584,0.5337,2.3023
65.6586,0.4955,2.1378
65.6588,0.508,2.1906
65.6590,0.5434,2.342
65.6592,0.6141,2.6408
65.6594,0.6934,2.9774
65.6596,0.7612,3.2718
65.6598,0.7212,3.1026
65.6600,0.7561,3.2497
65.6602,0.7744,3.3254
65.6604,0.7832,3.3693
65.6606,0.7093,3.053
65.6608,0.6869,2.9523
65.6610,0.7455,3.2043
65.6612,0.7577,3.2549
65.6614,0.8036,3.4473
65.6616,0.8999,3.8604
65.6618,0.8931,3.8387
65.6620,0.8417,3.6159
65.6622,0.8578,3.685
65.6624,0.7699,3.3012
65.6626,0.8369,3.592
65.6628,0.8711,3.7369
65.6630,0.9222,3.9524
65.6632,0.9375,4.0256
65.6634,0.8515,3.6548
65.6636,0.8398,3.6094
65.6638,0.8242,3.5424
65.6640,0.8297,3.5578
65.6642,0.8977,3.8493
65.6644,0.9519,4.0855
65.6646,0.8621,3.7035
65.6648,0.83,3.5671
65.6650,0.7826,3.3667
65.6652,0.8136,3.5003
65.6654,0.782,3.3594
65.6656,0.8012,3.445
65.6658,0.7351,3.1639
65.6660,0.7071,3.0417
65.6662,0.7274,3.1294
65.6664,0.7157,3.0789
65.6666,0.7218,3.1066
65.6668,0.7322,3.1515
65.6670,0.6978,3.0006
65.6672,0.755,3.2466
65.6674,0.74,3.1851
65.6676,0.7073,3.047
65.6678,0.6477,2.7877
65.6680,0.6812,2.9317
65.6682,0.738,3.1807
65.6684,0.6427,2.766
65.6686,0.7003,3.0157
65.6688,0.674,2.9021
65.6690,0.6728,2.8942
65.6692,0.7138,3.0663
65.6694,0.773,3.3193
65.6696,0.8219,3.531
65.6698,0.8327,3.5806
65.6700,0.784,3.3698
65.6702,0.8041,3.4558
65.6704,0.8175,3.5135
65.6706,0.7729,3.3203
65.6708,0.7253,3.1216
65.6710,0.69,2.9699
65.6712,0.7043,3.0285
65.6714,0.7567,3.2523
65.6716,0.7785,3.3476
65.6718,0.7979,3.4295
65.6720,0.8352,3.5865
65.6722,0.8333,3.5832
65.6724,0.7687,3.2992
65.6726,0.8006,3.4393
65.6728,0.7656,3.2919
65.6730,0.79,3.3924
65.6732,0.8292,3.5607
65.6734,0.856,3.679
65.6736,0.7574,3.266
65.6738,0.6048,2.6066
65.6740,0.5895,2.5386
65.6742,0.5964,2.5692
65.6744,0.5985,2.5797
65.6746,0.6389,2.7526
65.6748,0.6687,2.886
65.6750,0.5386,2.3235
65.6752,0.527,2.2702
65.6754,0.6043,2.6045
65.6756,0.5718,2.4656
65.6758,0.5388,2.3234
65.6760,0.5364,2.3131
65.6762,0.5385,2.3219
65.6764,0.5351,2.3085
65.6766,0.5396,2.3276
65.6768,0.5292,2.2831
65.6770,0.5539,2.3864
65.6772,0.5682,2.4478
65.6774,0.5683,2.4506
65.6776,0.5567,2.4027
65.6778,0.5042,2.174
65.6780,0.5338,2.3028
65.6782,0.5595,2.4135
65.6784,0.5495,2.3706
65.6786,0.4898,2.1139
65.6788,0.4532,1.957
65.6790,0.4469,1.9278
65.6792,0.5071,2.1874
65.6794,0.5405,2.3307
65.6796,0.556,2.3952
65.6798,0.5632,2.4284
65.6800,0.5583,2.4105
65.6802,0.4912,2.1202
65.6804,0.4814,2.0768
65.6806,0.4791,2.0679
65.6808,0.4747,2.0478
65.6810,0.5224,2.2505
65.6812,0.5735,2.4729
65.6814,0.5875,2.5287
65.6816,0.6953,2.9898
65.6818,0.6743,2.9036
65.6820,0.6746,2.9073
65.6822,0.5373,2.3178
65.6824,0.4644,2.0042
65.6826,0.4538,1.9596
65.6828,0.4518,1.949
65.6830,0.447,1.9301
65.6832,0.4826,2.0829
65.6834,0.529,2.28
65.6836,0.5802,2.4983
65.6838,0.5854,2.5229
65.6840,0.5569,2.4015
65.6842,0.5487,2.3625
65.6844,0.5423,2.3384
65.6846,0.4725,2.0385
65.6848,0.4452,1.9223
65.6850,0.4378,1.8911
65.6852,0.4385,1.8916
65.6854,0.4754,2.0499
65.6856,0.5267,2.2733
65.6858,0.4556,1.9655
65.6860,0.43,1.8549
65.6862,0.4265,1.8416
65.6864,0.4346,1.875
65.6866,0.5252,2.2603
65.6868,0.567,2.4461
65.6870,0.4838,2.0871
65.6872,0.5288,2.2779
65.6874,0.5297,2.282
65.6876,0.5128,2.2102
65.6878,0.5532,2.38
65.6880,0.6122,2.6313
65.6882,0.681,2.9271
65.6884,0.6777,2.9154
65.6886,0.6417,2.7645
65.6888,0.6093,2.6226
65.6890,0.6452,2.7782
65.6892,0.6175,2.6564
65.6894,0.6068,2.6142
65.6896,0.6184,2.6593
65.6898,0.711,3.0545
65.6900,0.7539,3.2404
65.6902,0.7247,3.1161
65.6904,0.746,3.2034
65.6906,0.7493,3.2278
65.6908,0.587,2.5289
65.6910,0.5597,2.4112
65.6912,0.5784,2.4848
65.6914,0.7136,3.0658
65.6916,0.7045,3.0309
65.6918,0.6675,2.8729
65.6920,0.643,2.7663
65.6922,0.6983,2.9985
65.6924,0.7037,3.0273
65.6926,0.7077,3.0401
65.6928,0.7591,3.2595
65.6930,0.7714,3.311
65.6932,0.7851,3.3681
65.6934,0.8267,3.5499
65.6936,0.7916,3.4022
65.6938,0.7862,3.379
65.6940,0.7835,3.3661
65.6942,0.7537,3.2349
65.6944,0.8561,3.6675
65.6946,0.9347,4.0082
65.6948,0.8983,3.8501
65.6950,0.9172,3.9331
65.6952,0.9062,3.8822
65.6954,0.9546,4.0935
65.6956,0.9141,3.9197
65.6958,0.868,3.727
65.6960,0.8373,3.5935
65.6962,0.8618,3.6956
65.6964,0.9419,4.0371
65.6966,0.9211,3.9496
65.6968,0.9201,3.9436
65.6970,0.937,4.0254
65.6972,0.8519,3.6597
65.6974,0.7803,3.3522
65.6976,0.7658,3.2884
65.6978,0.7803,3.3538
65.6980,0.7708,3.3115
65.6982,0.774,3.3249
65.6984,0.8224,3.5264
65.6986,0.8736,3.7512
65.6988,0.7843,3.3708
65.6990,0.7844,3.3682
65.6992,0.7951,3.4108
65.6994,0.8429,3.616
65.6996,0.8994,3.8655
65.6998,0.8907,3.8213
65.7000,0.8752,3.7597
65.7002,0.794,3.4125
65.7004,0.8443,3.6239
65.7006,0.877,3.7621
65.7008,0.8616,3.7032
65.7010,0.811,3.4808
65.7012,0.8517,3.657
65.7014,0.8768,3.7669
65.7016,0.8804,3.7718
65.7018,0.954,4.089
65.7020,0.9819,4.2122
65.7022,0.9211,3.9514
65.7024,0.9018,3.8686
65.7026,0.8904,3.8269
65.7028,0.7916,3.4054
65.7030,0.7628,3.2801
65.7032,0.8003,3.435
65.7034,0.8463,3.6355
65.7036,0.8073,3.4746
65.7038,0.7054,3.0359
65.7040,0.6833,2.9396
65.7042,0.6849,2.9463
65.7044,0.7424,3.1909
65.7046,0.8224,3.5347
65.7048,0.8262,3.5495
65.7050,0.8294,3.5646
65.7052,0.841,3.6129
65.7054,0.8103,3.481
65.7056,0.8134,3.4944
65.7058,0.8304,3.5659
65.7060,0.9344,4.0104
65.7062,0.9924,4.2515
65.7064,0.9935,4.2581
65.7066,0.9606,4.1231
65.7068,0.946,4.0603
65.7070,0.9404,4.0361
65.7072,0.8723,3.7525
65.7074,0.7964,3.4276
65.7076,0.7662,3.2945
65.7078,0.7873,3.3821
65.7080,0.8385,3.602
65.7082,0.8586,3.6869
65.7084,0.9005,3.8719
65.7086,0.8075,3.4691
65.7088,0.8204,3.5292
65.7090,0.8134,3.4993
65.7092,0.796,3.4197
65.7094,0.8261,3.5523
65.7096,0.856,3.6738
65.7098,0.9196,3.9467
65.7100,0.8784,3.7719
65.7102,0.8849,3.8015
65.7104,0.8767,3.77
65.7106,0.8543,3.6702
65.7108,0.904,3.8744
65.7110,1.0409,4.4571
65.7112,1.0771,4.6143
65.7114,1.0289,4.4119
65.7116,0.9813,4.2117
65.7118,0.9399,4.0361
65.7120,0.9496,4.0759
65.7122,0.9711,4.1777
65.7124,0.8395,3.6046
65.7126,0.8652,3.7119
65.7128,0.8761,3.7639
65.7130,0.8458,3.6387
65.7132,0.8857,3.8051
65.7134,0.8966,3.8538
65.7136,0.8832,3.8031
65.7138,0.7608,3.2745
65.7140,0.714,3.0732
65.7142,0.7591,3.2627
65.7144,0.7506,3.2336
65.7146,0.654,2.8238
65.7148,0.5453,2.3569
65.7150,0.5687,2.4557
65.7152,0.548,2.365
65.7154,0.5326,2.2966
65.7156,0.5765,2.4893
65.7158,0.5329,2.3009
65.7160,0.5303,2.2889
65.7162,0.5303,2.2879
65.7164,0.6055,2.6098
65.7166,0.6655,2.8669
65.7168,0.6875,2.9605
65.7170,0.7166,3.0826
65.7172,0.7073,3.0471
65.7174,0.656,2.8287
65.7176,0.6755,2.9075
65.7178,0.7225,3.1127
65.7180,0.6547,2.8204
65.7182,0.674,2.9035
65.7184,0.7068,3.0451
65.7186,0.7306,3.143
65.7188,0.776,3.3369
65.7190,0.7691,3.3085
65.7192,0.738,3.1764
65.7194,0.6983,3.0084
65.7196,0.6884,2.9641
65.7198,0.7224,3.1108
65.7200,0.794,3.419
65.7202,0.7574,3.26
65.7204,0.7383,3.176
65.7206,0.7457,3.2065
65.7208,0.7392,3.1801
65.7210,0.764,3.2884
65.7212,0.7331,3.1553
65.7214,0.8202,3.5184
65.7216,0.9265,3.9803
65.7218,0.874,3.7529
65.7220,0.8933,3.8322
65.7222,0.8856,3.8028
65.7224,0.8366,3.6023
65.7226,0.7176,3.0916
65.7228,0.7318,3.1452
65.7230,0.8198,3.5218
65.7232,0.832,3.5777
65.7234,0.8311,3.5702
65.7236,0.8483,3.6427
65.7238,0.8443,3.6303
65.7240,0.7643,3.2894
65.7242,0.7263,3.1215
65.7244,0.8294,3.568
65.7246,0.757,3.2595
65.7248,0.6855,2.9559
65.7250,0.6178,2.6613
65.7252,0.6487,2.7971
65.7254,0.6469,2.7842
65.7256,0.661,2.8451
65.7258,0.6992,3.0134
65.7260,0.6854,2.954
65.7262,0.691,2.9755
65.7264,0.7549,3.2447
65.7266,0.8151,3.5066
65.7268,0.7709,3.3194
65.7270,0.7289,3.1387
65.7272,0.7239,3.117
65.7274,0.7309,3.1401
65.7276,0.8666,3.7175
65.7278,0.96,4.1182
65.7280,0.9835,4.2151
65.7282,1.0179,4.3667
65.7284,0.9878,4.2376
65.7286,0.9996,4.2825
65.7288,1.0273,4.4032
65.7290,1.0076,4.3184
65.7292,1.0468,4.4906
65.7294,1.0462,4.4839
65.7296,1.0812,4.634
65.7298,1.0408,4.4649
65.7300,0.9993,4.2849
65.7302,1.0835,4.6372
65.7304,1.0035,4.313
65.7306,0.957,4.1073
65.7308,0.9691,4.1631
65.7310,0.9546,4.0989
65.7312,0.9911,4.244
65.7314,1.0446,4.4856
65.7316,0.9767,4.1941
65.7318,0.9173,3.9388
65.7320,0.9329,4.0038
65.7322,1.0391,4.4556
65.7324,1.0488,4.512
65.7326,0.868,3.7324
65.7328,0.8326,3.5769
65.7330,0.9028,3.8801
65.7332,0.9054,3.8932
65.7334,0.8908,3.8303
65.7336,0.8529,3.6691
65.7338,0.8499,3.6579
65.7340,0.8066,3.4732
65.7342,0.7886,3.3942
65.7344,0.7251,3.1221
65.7346,0.7458,3.2115
65.7348,0.7513,3.2307
65.7350,0.8122,3.5007
65.7352,0.735,3.1665
65.7354,0.7716,3.3209
65.7356,0.7773,3.3504
65.7358,0.7251,3.1221
65.7360,0.7607,3.2785
65.7362,0.6393,2.7581
65.7364,0.6092,2.627
65.7366,0.6416,2.7705
65.7368,0.615,2.6543
65.7370,0.614,2.6489
65.7372,0.6577,2.8359
65.7374,0.665,2.8661
65.7376,0.7028,3.0303
65.7378,0.6484,2.7961
65.7380,0.6247,2.6937
65.7382,0.6203,2.6771
65.7384,0.6134,2.6476
65.7386,0.6242,2.6917
65.7388,0.6801,2.9258
65.7390,0.8024,3.4535
65.7392,0.8199,3.524
65.7394,0.8669,3.7225
65.7396,0.8736,3.7548
65.7398,0.8197,3.5229
65.7400,0.8175,3.5186
65.7402,0.7542,3.2521
65.7404,0.6933,2.9867
65.7406,0.7585,3.2601
65.7408,0.8615,3.7028
65.7410,0.823,3.5357
65.7412,0.8242,3.5475
65.7414,0.7686,3.3111
65.7416,0.7216,3.1115
65.7418,0.6819,2.9376
65.7420,0.6718,2.8969
65.7422,0.6692,2.8855
65.7424,0.6772,2.9161
65.7426,0.7319,3.1472
65.7428,0.7219,3.1073
65.7430,0.7124,3.0688
65.7432,0.6819,2.9431
65.7434,0.6013,2.5977
65.7436,0.5465,2.3577
65.7438,0.6541,2.8204
65.7440,0.6628,2.8568
65.7442,0.6861,2.9584
65.7444,0.6259,2.7001
65.7446,0.6227,2.6887
65.7448,0.5567,2.405
65.7450,0.521,2.2507
65.7452,0.505,2.1797
65.7454,0.5059,2.1844
65.7456,0.5209,2.246
65.7458,0.6114,2.6363
65.7460,0.632,2.724
65.7462,0.5958,2.5703
65.7464,0.5919,2.558
65.7466,0.4954,2.1403
65.7468,0.4877,2.1057
65.7470,0.5106,2.2046
65.7472,0.4981,2.1517
65.7474,0.4837,2.0905
65.7476,0.5016,2.1637
65.7478,0.5255,2.263
65.7480,0.6407,2.7574
65.7482,0.688,2.9653
65.7484,0.6699,2.8833
65.7486,0.7072,3.0438
65.7488,0.7042,3.0309
65.7490,0.7264,3.1264
65.7492,0.7017,3.0186
65.7494,0.7234,3.1091
65.7496,0.7597,3.2713
65.7498,0.7871,3.3859
65.7500,0.8098,3.4807
65.7502,0.8333,3.585
65.7504,0.8036,3.4619
65.7506,0.6964,2.9987
65.7508,0.6718,2.8929
65.7510,0.6589,2.8384
65.7512,0.6632,2.8517
65.7514,0.7198,3.0994
65.7516,0.6866,2.9578
65.7518,0.7134,3.0735
65.7520,0.7037,3.0302
65.7522,0.7246,3.1172
65.7524,0.6706,2.8904
65.7526,0.6254,2.6956
65.7528,0.6207,2.6779
65.7530,0.602,2.596
65.7532,0.5907,2.5457
65.7534,0.5741,2.4778
65.7536,0.5728,2.471
65.7538,0.6203,2.6659
65.7540,0.7612,3.276
65.7542,0.7052,3.0364
65.7544,0.6493,2.7971
65.7546,0.6278,2.7047
65.7548,0.6175,2.6627
65.7550,0.6327,2.7296
65.7552,0.6133,2.6446
65.7554,0.5984,2.5769
65.7556,0.6225,2.6819
65.7558,0.6035,2.6034
65.7560,0.6078,2.6172
65.7562,0.6689,2.8792
65.7564,0.6654,2.869
65.7566,0.6107,2.6296
65.7568,0.6749,2.9036
65.7570,0.7225,3.1055
65.7572,0.7705,3.3163
65.7574,0.7085,3.0509
65.7576,0.6512,2.8041
65.7578,0.6505,2.7997
65.7580,0.6487,2.7945
65.7582,0.616,2.6523
65.7584,0.6709,2.8901
65.7586,0.7198,3.0965
65.7588,0.7767,3.3431
65.7590,0.7163,3.0801
65.7592,0.749,3.2164
65.7594,0.8389,3.6004
65.7596,0.8478,3.639
65.7598,0.8957,3.8479
65.7600,0.9034,3.8809
65.7602,0.8399,3.61
65.7604,0.8019,3.4451
65.7606,0.8319,3.5772
65.7608,0.8097,3.4753
65.7610,0.9344,4.0068
65.7612,0.962,4.125
65.7614,0.9887,4.2437
65.7616,0.9842,4.2143
65.7618,1.0496,4.4946
65.7620,1.0686,4.5714
65.7622,1.0919,4.6819
65.7624,1.0052,4.3021
65.7626,1.079,4.6182
65.7628,1.1501,4.9294
65.7630,1.0836,4.6507
65.7632,0.9566,4.1057
65.7634,0.9519,4.0838
65.7636,0.9218,3.9583
65.7638,0.9379,4.0236
65.7640,0.9613,4.1277
65.7642,0.9434,4.0529
65.7644,0.8881,3.8154
65.7646,0.8572,3.686
65.7648,0.8439,3.6254
65.7650,0.8272,3.5554
65.7652,0.7751,3.3343
65.7654,0.821,3.5303
65.7656,0.8841,3.7944
65.7658,0.8999,3.8659
65.7660,0.8652,3.7222
65.7662,0.8194,3.5235
65.7664,0.8134,3.4945
65.7666,0.8565,3.6829
65.7668,0.8627,3.7097
65.7670,0.8789,3.7775
65.7672,0.8374,3.5992
65.7674,0.8343,3.5908
65.7676,0.7956,3.4209
65.7678,0.8048,3.4655
65.7680,0.7265,3.1269
65.7682,0.7399,3.1832
65.7684,0.8596,3.6894
65.7686,0.9415,4.0447
65.7688,0.9202,3.9474
65.7690,0.9447,4.0605
65.7692,0.9269,3.9781
65.7694,0.9534,4.0937
65.7696,0.9194,3.948
65.7698,0.9072,3.8955
65.7700,0.9315,4.0038
65.7702,0.8971,3.8559
65.7704,0.8843,3.7989
65.7706,0.9372,4.0261
65.7708,0.9598,4.1215
65.7710,0.9209,3.9524
65.7712,0.9501,4.0798
65.7714,0.9167,3.9325
65.7716,0.9761,4.1916
65.7718,0.9367,4.0372
65.7720,0.7446,3.2048
65.7722,0.7667,3.3028
65.7724,0.7608,3.2806
65.7726,0.704,3.0327
65.7728,0.6614,2.8493
65.7730,0.6683,2.8793
65.7732,0.7609,3.275
65.7734,0.7703,3.3199
65.7736,0.7586,3.2682
65.7738,0.8076,3.4709
65.7740,0.8679,3.7301
65.7742,0.8416,3.6257
65.7744,0.6824,2.9411
65.7746,0.662,2.8466
65.7748,0.791,3.4045
65.7750,0.7898,3.4041
65.7752,0.6706,2.8931
65.7754,0.5959,2.5708
65.7756,0.5901,2.5467
65.7758,0.5614,2.4263
65.7760,0.5371,2.319
65.7762,0.515,2.2237
65.7764,0.5043,2.1787
65.7766,0.506,2.1849
65.7768,0.56,2.419
65.7770,0.5458,2.3513
65.7772,0.6829,2.939
65.7774,0.7275,3.1368
65.7776,0.6104,2.6334
65.7778,0.5809,2.5062
65.7780,0.5722,2.4673
65.7782,0.5751,2.4808
65.7784,0.5755,2.4829
65.7786,0.5794,2.5006
65.7788,0.5733,2.4754
65.7790,0.556,2.3986
65.7792,0.5697,2.4575
65.7794,0.6038,2.605
65.7796,0.6386,2.7537
65.7798,0.6245,2.6927
65.7800,0.5802,2.5042
65.7802,0.551,2.3791
65.7804,0.5661,2.4398
65.7806,0.7022,3.0249
65.7808,0.6499,2.801
65.7810,0.6281,2.7057
65.7812,0.6435,2.7736
65.7814,0.6312,2.7242
65.7816,0.5596,2.4119
65.7818,0.5857,2.5292
65.7820,0.5421,2.3418
65.7822,0.5344,2.3076
65.7824,0.5386,2.3236
65.7826,0.5597,2.4101
65.7828,0.6338,2.7305
65.7830,0.6701,2.8843
65.7832,0.6836,2.9408
65.7834,0.6465,2.7891
65.7836,0.5585,2.4106
65.7838,0.58,2.4997
65.7840,0.6215,2.6785
65.7842,0.5969,2.5726
65.7844,0.6092,2.6282
65.7846,0.5496,2.3712
65.7848,0.5384,2.3225
65.7850,0.5365,2.3153
65.7852,0.5325,2.2993
65.7854,0.5405,2.3319
65.7856,0.5679,2.4509
65.7858,0.5302,2.2874
65.7860,0.5418,2.3365
65.7862,0.6207,2.6729
65.7864,0.6903,2.9696
65.7866,0.7246,3.123
65.7868,0.6392,2.7512
65.7870,0.6552,2.8224
65.7872,0.6898,2.969
65.7874,0.689,2.9681
65.7876,0.6544,2.8141
65.7878,0.7205,3.0996
65.7880,0.6877,2.9638
65.7882,0.6189,2.6664
65.7884,0.6397,2.7584
65.7886,0.6843,2.9411
65.7888,0.7325,3.1512
65.7890,0.7343,3.1619
65.7892,0.7079,3.0455
65.7894,0.7335,3.1524
65.7896,0.7638,3.2797
65.7898,0.7667,3.2998
65.7900,0.7205,3.1011
65.7902,0.7389,3.18
65.7904,0.6952,2.9866
65.7906,0.7941,3.4116
65.7908,0.7709,3.3163
65.7910,0.7511,3.2282
65.7912,0.7133,3.0715
65.7914,0.6464,2.7808
65.7916,0.6825,2.9361
65.7918,0.776,3.3369
65.7920,0.8068,3.4646
65.7922,0.8188,3.5193
65.7924,0.7874,3.3859
65.7926,0.7716,3.3178
65.7928,0.7321,3.1482
65.7930,0.7891,3.3931
65.7932,0.7827,3.3611
65.7934,0.7789,3.354
65.7936,0.7074,3.0448
65.7938,0.7729,3.325
65.7940,0.7571,3.2524
65.7942,0.8609,3.6985
65.7944,0.9058,3.8839
65.7946,0.9083,3.8965
65.7948,0.868,3.7272
65.7950,0.9022,3.8739
65.7952,0.923,3.9598
65.7954,0.9682,4.1557
65.7956,0.9263,3.9774
65.7958,0.8475,3.6374
65.7960,0.8421,3.621
65.7962,0.7402,3.1872
65.7964,0.7428,3.2
65.7966,0.7071,3.0461
65.7968,0.6705,2.8899
65.7970,0.6538,2.8194
65.7972,0.665,2.8595
65.7974,0.7764,3.3353
65.7976,0.8239,3.536
65.7978,0.9146,3.9256
65.7980,0.9825,4.2149
65.7982,0.9649,4.1374
65.7984,1.0011,4.2987
65.7986,0.8878,3.8139
65.7988,0.9094,3.8993
65.7990,0.9279,3.9846
65.7992,0.857,3.6815
65.7994,0.8271,3.5549
65.7996,0.8911,3.823
65.7998,0.9933,4.2572
65.8000,1.0345,4.4402
65.8002,0.9771,4.1898
65.8004,0.9866,4.2304
65.8006,1.0047,4.3101
65.8008,0.9604,4.126
65.8010,0.8627,3.7062
65.8012,0.9202,3.953
65.8014,0.8929,3.8396
65.8016,0.8483,3.6444
65.8018,0.8452,3.6327
65.8020,0.845,3.6317
65.8022,0.8585,3.6933
65.8024,0.7619,3.2761
65.8026,0.8168,3.5106
65.8028,0.8733,3.7603
65.8030,0.7803,3.3586
65.8032,0.7723,3.3163
65.8034,0.8785,3.7725
65.8036,0.8935,3.8386
65.8038,0.8783,3.7767
65.8040,0.8319,3.5788
65.8042,0.8193,3.523
65.8044,0.8571,3.6854
65.8046,0.8362,3.5991
65.8048,0.7814,3.3585
65.8050,0.8324,3.5809
65.8052,0.7181,3.0936
65.8054,0.653,2.8144
65.8056,0.652,2.8116
65.8058,0.6654,2.869
65.8060,0.6771,2.9183
65.8062,0.6375,2.7516
65.8064,0.6186,2.6649
65.8066,0.6662,2.8726
65.8068,0.6101,2.6319
65.8070,0.6004,2.5852
65.8072,0.7363,3.1648
65.8074,0.8401,3.6139
65.8076,0.8332,3.5828
65.8078,0.8142,3.5009
65.8080,0.8257,3.5454
65.8082,0.8694,3.7299
65.8084,0.8734,3.7538
65.8086,0.8568,3.6844
65.8088,0.8422,3.6198
65.8090,0.8586,3.687
65.8092,0.9235,3.9655
65.8094,0.8851,3.8043
65.8096,0.8457,3.6382
65.8098,0.8148,3.5051
65.8100,0.8059,3.4701
65.8102,0.7275,3.1339
65.8104,0.7781,3.3457
65.8106,0.8242,3.5475
65.8108,0.7749,3.3323
65.8110,0.8122,3.4959
65.8112,0.7907,3.3982
65.8114,0.8124,3.4899
65.8116,0.8199,3.5273
65.8118,0.7711,3.3173
65.8120,0.7296,3.1388
65.8122,0.7417,3.1969
65.8124,0.7249,3.1231
65.8126,0.738,3.1749
65.8128,0.7746,3.3292
65.8130,0.8645,3.7088
65.8132,0.9856,4.2263
65.8134,1.0453,4.4782
65.8136,1.0483,4.4994
65.8138,1.0144,4.3477
65.8140,1.1576,4.9497
65.8142,1.2206,5.217
65.8144,1.2218,5.227
65.8146,1.2221,5.228
65.8148,1.2269,5.2436
65.8150,1.2535,5.3649
65.8152,1.1949,5.1259
65.8154,1.1079,4.753
65.8156,1.0754,4.6093
65.8158,1.071,4.586
65.8160,1.0875,4.6655
65.8162,1.0727,4.5953
65.8164,1.0872,4.6618
65.8166,1.0365,4.4485
65.8168,1.0332,4.4305
65.8170,1.0743,4.6047
65.8172,1.1813,5.0489
65.8174,1.256,5.3732
65.8176,1.2261,5.2381
65.8178,1.2826,5.4948
65.8180,1.1355,4.8758
65.8182,1.0243,4.3945
65.8184,1.0734,4.5984
65.8186,1.0622,4.5591
65.8188,1.0342,4.4387
65.8190,1.0776,4.6185
65.8192,1.1163,4.7845
65.8194,1.1615,4.9783
65.8196,1.1239,4.8259
65.8198,1.0294,4.4264
65.8200,0.9802,4.211
65.8202,0.9946,4.2748
65.8204,0.9451,4.0544
65.8206,1.0351,4.4345
65.8208,1.1226,4.8135
65.8210,1.0613,4.5656
65.8212,0.9222,3.9691
65.8214,0.9157,3.9339
65.8216,0.9892,4.2457
65.8218,1.0853,4.6623
65.8220,1.0586,4.5373
65.8222,1.1107,4.7515
65.8224,1.2294,5.2667
65.8226,1.2567,5.3813
65.8228,1.236,5.2875
65.8230,1.2658,5.4203
65.8232,1.2467,5.3357
65.8234,1.2947,5.5415
65.8236,1.2988,5.5589
65.8238,1.257,5.3748
65.8240,1.2741,5.4634
65.8242,1.2439,5.3264
65.8244,1.283,5.486
65.8246,1.3041,5.5789
65.8248,1.2389,5.3073
65.8250,1.1931,5.1182
65.8252,1.1817,5.0717
65.8254,1.167,5.0019
65.8256,1.216,5.2116
65.8258,1.1567,4.9716
65.8260,1.0678,4.5828
65.8262,1.1367,4.8719
65.8264,1.2082,5.1685
65.8266,1.2788,5.4758
65.8268,1.2319,5.2799
65.8270,1.251,5.3667
65.8272,1.2333,5.2861
65.8274,1.1967,5.1408
65.8276,0.9976,4.2897
65.8278,0.9606,4.1285
65.8280,1.0419,4.4758
65.8282,1.1184,4.8044
65.8284,1.0887,4.6794
65.8286,0.9968,4.2861
65.8288,0.9625,4.1425
65.8290,0.9926,4.2661
65.8292,1.0145,4.3604
65.8294,0.997,4.2832
65.8296,1.0481,4.5152
65.8298,0.9356,4.0288
65.8300,0.8895,3.83
65.8302,0.8955,3.8594
65.8304,0.8134,3.5043
65.8306,0.8607,3.7026
65.8308,0.9923,4.2611
65.8310,1.0565,4.5386
65.8312,1.0981,4.7108
65.8314,1.1626,4.9945
65.8316,1.117,4.7988
65.8318,1.1259,4.8346
65.8320,1.0826,4.6509
65.8322,1.0759,4.6199
65.8324,1.092,4.6889
65.8326,1.1041,4.7409
65.8328,1.1235,4.8243
65.8330,1.118,4.8007
65.8332,1.1163,4.7957
65.8334,1.1251,4.8333
65.8336,1.0881,4.6703
65.8338,1.1422,4.9047
65.8340,1.1859,5.085
65.8342,1.2578,5.3884
65.8344,1.3341,5.7071
65.8346,1.3667,5.8603
65.8348,1.2987,5.5662
65.8350,1.3222,5.6801
65.8352,1.1072,4.7632
65.8354,1.0637,4.5717
65.8356,1.0215,4.3923
65.8358,1.0803,4.6455
65.8360,1.0896,4.6852
65.8362,1.0919,4.6884
65.8364,1.1154,4.7893
65.8366,1.1405,4.8997
65.8368,1.1361,4.883
65.8370,1.0464,4.4912
65.8372,1.176,5.0616
65.8374,1.0225,4.4031
65.8376,1.06,4.5515
65.8378,1.1155,4.7943
65.8380,1.0897,4.6857
65.8382,1.0733,4.6043
65.8384,1.1275,4.8481
65.8386,1.0407,4.4748
65.8388,1.0874,4.6715
65.8390,1.1633,4.993
65.8392,1.1209,4.8175
65.8394,1.0595,4.56
65.8396,1.0047,4.3221
65.8398,0.9809,4.2161
65.8400,1.0704,4.6027
65.8402,1.0728,4.6194
65.8404,1.0155,4.3645
65.8406,1.0814,4.6609
65.8408,0.9157,3.9376
65.8410,1.0284,4.4243
65.8412,1.0556,4.5372
65.8414,1.0958,4.7054
65.8416,1.1457,4.9311
65.8418,0.9827,4.2356
65.8420,0.91,3.9219
65.8422,0.8849,3.8139
65.8424,0.898,3.8667
65.8426,0.9788,4.2088
65.8428,1.0082,4.3432
65.8430,0.9549,4.1119
65.8432,0.8688,3.7481
65.8434,0.8212,3.5444
65.8436,0.8427,3.6354
65.8438,0.9073,3.8997
65.8440,1.0132,4.3608
65.8442,1.0434,4.4804
65.8444,1.1807,5.0652
65.8446,1.1614,4.9917
65.8448,1.0835,4.6741
65.8450,0.8633,3.7261
65.8452,0.7857,3.3881
65.8454,0.808,3.4859
65.8456,0.8143,3.5144
65.8458,0.7926,3.4192
65.8460,0.796,3.4326
65.8462,0.8265,3.5622
65.8464,0.8478,3.661
65.8466,0.7799,3.369
65.8468,0.7524,3.2444
65.8470,0.8345,3.5902
65.8472,0.9411,4.0563
65.8474,0.844,3.6394
65.8476,0.819,3.5297
65.8478,0.8602,3.704
65.8480,0.9225,3.9706
65.8482,0.9476,4.0804
65.8484,0.9284,3.9959
65.8486,0.9761,4.2013
65.8488,1.01,4.3428
65.8490,0.9986,4.2938
65.8492,1.0245,4.4134
65.8494,0.9608,4.1276
65.8496,1.0753,4.626
65.8498,1.0556,4.5393
65.8500,1.0036,4.3155
65.8502,0.9598,4.1254
65.8504,1.0516,4.5154
65.8506,1.1018,4.74
65.8508,0.9656,4.1636
65.8510,0.886,3.8186
65.8512,0.9083,3.9092
65.8514,0.9407,4.0505
65.8516,0.9044,3.8963
65.8518,0.8911,3.8408
65.8520,0.9155,3.9439
65.8522,0.8909,3.8362
65.8524,0.9156,3.9462
65.8526,0.9331,4.0198
65.8528,0.9143,3.9405
65.8530,0.8499,3.6613
65.8532,0.9265,3.9932
65.8534,0.8806,3.79
65.8536,0.9775,4.209
65.8538,0.8963,3.863
65.8540,0.853,3.6764
65.8542,0.8755,3.7719
65.8544,0.8741,3.7622
65.8546,0.9472,4.0656
65.8548,1.1247,4.8295
65.8550,1.0899,4.6845
65.8552,1.0397,4.4624
65.8554,1.0895,4.6825
65.8556,1.0049,4.3352
65.8558,0.8751,3.7733
65.8560,0.8679,3.7423
65.8562,0.8775,3.7819
65.8564,0.8682,3.7421
65.8566,0.7909,3.4119
65.8568,0.7618,3.2877
65.8570,0.7513,3.2382
65.8572,0.9211,3.9663
65.8574,0.9152,3.9483
65.8576,0.7954,3.43
65.8578,0.7766,3.3504
65.8580,0.7686,3.3142
65.8582,0.8513,3.6675
65.8584,0.8365,3.6001
65.8586,0.8766,3.7853
65.8588,0.7801,3.3685
65.8590,0.8425,3.631
65.8592,0.8511,3.6648
65.8594,0.9151,3.9368
65.8596,0.979,4.2078
65.8598,0.9974,4.2867
65.8600,1.0355,4.4381
65.8602,1.1438,4.9091
65.8604,1.1506,4.9384
65.8606,1.1956,5.1194
65.8608,1.2649,5.4187
65.8610,1.2554,5.3756
65.8612,1.2601,5.4032
65.8614,1.2234,5.2459
65.8616,1.2253,5.259
65.8618,1.1965,5.1379
65.8620,1.155,4.9505
65.8622,1.2615,5.4119
65.8624,1.2169,5.2157
65.8626,1.221,5.2356
65.8628,1.2449,5.3429
65.8630,1.2072,5.1837
65.8632,1.1381,4.894
65.8634,1.092,4.6889
65.8636,1.1783,5.0573
65.8638,1.1745,5.0432
65.8640,1.1206,4.8142
65.8642,1.0889,4.6843
65.8644,0.9968,4.2901
65.8646,1.0679,4.594
65.8648,1.0225,4.4011
65.8650,1.0066,4.3304
65.8652,1.016,4.3605
65.8654,1.1618,4.9839
65.8656,1.1608,4.9914
65.8658,1.0459,4.4954
65.8660,1.015,4.3665
65.8662,1.044,4.4893
65.8664,1.0794,4.6414
65.8666,0.9702,4.1736
65.8668,1.0267,4.4109
65.8670,1.0758,4.6237
65.8672,1.0873,4.6797
65.8674,1.0844,4.6695
65.8676,0.9403,4.0527
65.8678,0.9399,4.0436
65.8680,1.014,4.3644
65.8682,1.027,4.4181
65.8684,1.0061,4.3263
65.8686,1.049,4.5067
65.8688,1.0799,4.6413
65.8690,1.0631,4.5734
65.8692,1.0377,4.4682
65.8694,0.9667,4.1606
65.8696,0.9684,4.162
65.8698,1.0386,4.4723
65.8700,0.9917,4.2684
65.8702,1.0085,4.3346
65.8704,1.0926,4.7003
65.8706,1.0843,4.6603
65.8708,1.0693,4.5916
65.8710,1.1475,4.9158
65.8712,1.3433,5.7547
65.8714,1.3366,5.7259
65.8716,1.2991,5.5781
65.8718,1.1969,5.1466
65.8720,1.1477,4.9238
65.8722,1.1684,5.0169
65.8724,1.118,4.8163
65.8726,0.9471,4.0859
65.8728,0.8878,3.8263
65.8730,0.9173,3.9479
65.8732,0.952,4.1052
65.8734,0.9453,4.0744
65.8736,0.9606,4.14
65.8738,0.9362,4.0332
65.8740,0.9429,4.0622
65.8742,0.9528,4.0988
65.8744,0.9577,4.1238
65.8746,0.9784,4.219
65.8748,0.9433,4.0675
65.8750,0.9227,3.9804
65.8752,0.8609,3.7123
65.8754,0.8842,3.809
65.8756,0.8955,3.8594
65.8758,0.842,3.6356
65.8760,0.7366,3.1702
65.8762,0.8136,3.5178
65.8764,0.7201,3.1139
65.8766,0.6664,2.8816
65.8768,0.6284,2.7198
65.8770,0.6185,2.6755
65.8772,0.6243,2.7009
65.8774,0.6565,2.836
65.8776,0.704,3.0425
65.8778,0.6699,2.894
65.8780,0.6704,2.8988
65.8782,0.6902,2.9857
65.8784,0.6526,2.8246
65.8786,0.6197,2.6757
65.8788,0.7011,3.0231
65.8790,0.8006,3.4538
65.8792,0.7483,3.2358
65.8794,0.7042,3.0421
65.8796,0.6927,2.9883
65.8798,0.7154,3.0903
65.8800,0.791,3.4124
65.8802,0.8305,3.5793
65.8804,0.8556,3.6878
65.8806,0.861,3.7128
65.8808,0.8481,3.6553
65.8810,0.8468,3.6445
65.8812,0.8769,3.7758
65.8814,0.882,3.8033
65.8816,0.8317,3.5845
65.8818,0.8404,3.6205
65.8820,0.8646,3.7266
65.8822,0.8453,3.6417
65.8824,0.832,3.586
65.8826,0.8315,3.579
65.8828,0.9579,4.1248
65.8830,0.9242,3.9853
65.8832,0.8377,3.6153
65.8834,0.7694,3.3178
65.8836,0.7856,3.3876
65.8838,0.8182,3.5249
65.8840,0.9012,3.8752
65.8842,0.9222,3.9746
65.8844,0.8534,3.6797
65.8846,0.8652,3.724
65.8848,0.8562,3.6904
65.8850,0.8489,3.6538
65.8852,0.9228,3.968
65.8854,0.9505,4.0928
65.8856,0.8847,3.8093
65.8858,0.8908,3.8428
65.8860,0.8477,3.6571
65.8862,0.8035,3.4598
65.8864,0.7678,3.3121
65.8866,0.7313,3.1607
65.8868,0.6549,2.8293
65.8870,0.6023,2.6043
65.8872,0.5693,2.464
65.8874,0.6011,2.5979
65.8876,0.6588,2.8445
65.8878,0.6667,2.88
65.8880,0.6679,2.8852
65.8882,0.7002,3.0195
65.8884,0.7518,3.2388
65.8886,0.819,3.5297
65.8888,0.8344,3.598
65.8890,0.8296,3.579
65.8892,0.7339,3.1691
65.8894,0.7106,3.0682
65.8896,0.7459,3.212
65.8898,0.8626,3.7143
65.8900,0.8197,3.5246
65.8902,0.8878,3.8228
65.8904,0.88,3.7927
65.8906,0.7662,3.3084
65.8908,0.6803,2.9363
65.8910,0.6972,3.0121
65.8912,0.6866,2.9605
65.8914,0.7207,3.105
65.8916,0.7359,3.1745
65.8918,0.7195,3.1056
65.8920,0.7532,3.245
65.8922,0.8719,3.7546
65.8924,0.891,3.8296
65.8926,0.9103,3.9216
65.8928,0.9181,3.9497
65.8930,0.9405,4.0424
65.8932,0.9185,3.9458
65.8934,1.0083,4.3316
65.8936,1.0463,4.4928
65.8938,1.0865,4.6653
65.8940,1.057,4.5365
65.8942,1.0827,4.6493
65.8944,1.0728,4.6066
65.8946,1.0651,4.5715
65.8948,1.0231,4.3975
65.8950,1.0263,4.4027
65.8952,1.1011,4.7303
65.8954,1.0779,4.6373
65.8956,0.9633,4.15
65.8958,0.886,3.8132
65.8960,0.8885,3.8188
65.8962,0.941,4.052
65.8964,0.8832,3.8014
65.8966,0.9187,3.9505
65.8968,0.9524,4.0972
65.8970,0.9389,4.0333
65.8972,0.9796,4.2163
65.8974,0.9116,3.9237
65.8976,0.9101,3.9133
65.8978,0.8637,3.7207
65.8980,0.8478,3.6508
65.8982,0.8793,3.7791
65.8984,0.9854,4.2352
65.8986,0.994,4.2723
65.8988,0.9433,4.0618
65.8990,0.9041,3.8912
65.8992,0.8899,3.8338
65.8994,0.8343,3.5908
65.8996,0.8702,3.7469
65.8998,0.885,3.8127
65.9000,0.9053,3.9
65.9002,0.8435,3.6289
65.9004,0.9258,3.9827
65.9006,0.9055,3.901
65.9008,0.8825,3.7965
65.9010,0.906,3.9049
65.9012,0.8649,3.7224
65.9014,0.8703,3.7474
65.9016,0.839,3.6143
65.9018,0.876,3.7722
65.9020,0.868,3.7358
65.9022,0.853,3.6747
65.9024,0.8072,3.479
65.9026,0.7453,3.2153
65.9028,0.7771,3.3493
65.9030,0.8191,3.5351
65.9032,0.745,3.2108
65.9034,0.7954,3.43
65.9036,0.8242,3.5475
65.9038,0.8367,3.6078
65.9040,0.7441,3.2102
65.9042,0.7233,3.1202
65.9044,0.7679,3.3126
65.9046,0.7574,3.2646
65.9048,0.7496,3.231
65.9050,0.7271,3.1367
65.9052,0.6693,2.8901
65.9054,0.6715,2.8967
65.9056,0.6857,2.9596
65.9058,0.6921,2.9884
65.9060,0.6778,2.9241
65.9062,0.7128,3.078
65.9064,0.6897,2.9781
65.9066,0.6879,2.9662
65.9068,0.7609,3.2811
65.9070,0.7312,3.1528
65.9072,0.7276,3.1388
65.9074,0.7389,3.1874
65.9076,0.756,3.2584
65.9078,0.809,3.4835
65.9080,0.8217,3.5416
65.9082,0.8379,3.608
65.9084,0.8241,3.5519
65.9086,0.7711,3.3235
65.9088,0.77,3.3188
65.9090,0.7594,3.2713
65.9092,0.7771,3.3462
65.9094,0.8472,3.6482
65.9096,0.8487,3.6561
65.9098,0.7879,3.3974
65.9100,0.6995,3.0178
65.9102,0.7855,3.3792
65.9104,0.8493,3.6587
65.9106,0.8055,3.4702
65.9108,0.8332,3.5828
65.9110,0.8498,3.6676
65.9112,0.7205,3.1068
65.9114,0.7596,3.2708
65.9116,0.7978,3.4435
65.9118,0.6495,2.8072
65.9120,0.5739,2.4779
65.9122,0.5715,2.4699
65.9124,0.583,2.5196
65.9126,0.5794,2.5029
65.9128,0.5728,2.4744
65.9130,0.573,2.4755
65.9132,0.5727,2.4751
65.9134,0.5735,2.4764
65.9136,0.6296,2.7137
65.9138,0.6341,2.7391
65.9140,0.5752,2.4859
65.9142,0.573,2.4755
65.9144,0.5717,2.4709
65.9146,0.5713,2.4671
65.9148,0.5698,2.4626
65.9150,0.5691,2.4572
65.9152,0.5713,2.4659
65.9154,0.573,2.4743
65.9156,0.5703,2.4636
65.9158,0.5691,2.4584
65.9160,0.6282,2.7087
65.9162,0.7183,3.0947
65.9164,0.7098,3.058
65.9166,0.7183,3.0961
65.9168,0.7197,3.1018
65.9170,0.7345,3.1673
65.9172,0.6842,2.9474
65.9174,0.6836,2.949
65.9176,0.7048,3.0349
65.9178,0.7763,3.3426
65.9180,0.7132,3.0753
65.9182,0.667,2.8722
65.9184,0.7137,3.0774
65.9186,0.6365,2.7431
65.9188,0.6032,2.6084
65.9190,0.5192,2.2439
65.9192,0.5253,2.2651
65.9194,0.6317,2.7275
65.9196,0.5655,2.444
65.9198,0.5237,2.2615
65.9200,0.5139,2.2201
65.9202,0.5253,2.2683
65.9204,0.5542,2.3897
65.9206,0.6213,2.6792
65.9208,0.5896,2.5446
65.9210,0.6416,2.7628
65.9212,0.7213,3.1061
65.9214,0.721,3.1031
65.9216,0.6907,2.9781
65.9218,0.6207,2.6779
65.9220,0.5977,2.5774
65.9222,0.5722,2.4707
65.9224,0.5812,2.5072
65.9226,0.5725,2.4745
65.9228,0.4842,2.0936
65.9230,0.4785,2.0673
65.9232,0.4789,2.0679
65.9234,0.4796,2.0691
65.9236,0.5847,2.5199
65.9238,0.5964,2.5753
65.9240,0.4862,2.1014
65.9242,0.4683,2.0242
65.9244,0.4987,2.1543
65.9246,0.4976,2.1506
65.9248,0.4673,2.0177
65.9250,0.5499,2.3722
65.9252,0.6233,2.6888
65.9254,0.551,2.3791
65.9256,0.4948,2.1367
65.9258,0.5842,2.5178
65.9260,0.6683,2.8793
65.9262,0.6867,2.9555
65.9264,0.7176,3.0872
65.9266,0.7604,3.2729
65.9268,0.7684,3.3054
65.9270,0.7554,3.2497
65.9272,0.7506,3.2276
65.9274,0.7839,3.3709
65.9276,0.8389,3.6054
65.9278,0.8847,3.8023
65.9280,0.8584,3.6894
65.9282,0.8505,3.652
65.9284,0.886,3.8062
65.9286,0.8077,3.473
65.9288,0.8248,3.5451
65.9290,0.9119,3.9174
65.9292,0.9254,3.9701
65.9294,0.932,4.004
65.9296,0.9034,3.8772
65.9298,0.8685,3.7275
65.9300,0.9059,3.8899
65.9302,0.9668,4.1475
65.9304,0.992,4.2536
65.9306,0.9992,4.2824
65.9308,0.991,4.2534
65.9310,0.9857,4.2308
65.9312,0.9598,4.1196
65.9314,0.8955,3.8469
65.9316,0.8977,3.8602
65.9318,0.8691,3.737
65.9320,0.8583,3.6906
65.9322,0.8561,3.6813
65.9324,0.848,3.6429
65.9326,0.9097,3.9063
65.9328,0.945,4.0577
65.9330,0.9037,3.8824
65.9332,0.8789,3.7758
65.9334,0.9577,4.1161
65.9336,0.938,4.0335
65.9338,0.8951,3.8453
65.9340,0.9005,3.8739
65.9342,0.8324,3.5759
65.9344,0.8471,3.641
65.9346,0.8213,3.5367
65.9348,0.7595,3.2718
65.9350,0.6951,2.9917
65.9352,0.7513,3.2367
65.9354,0.7234,3.1178
65.9356,0.7034,3.0273
65.9358,0.7627,3.2797
65.9360,0.8233,3.5417
65.9362,0.8157,3.5092
65.9364,0.7928,3.4123
65.9366,0.7831,3.3705
65.9368,0.7814,3.3617
65.9370,0.7946,3.4232
65.9372,0.6713,2.9002
65.9374,0.6062,2.6141
65.9376,0.6317,2.7225
65.9378,0.605,2.6077
65.9380,0.6534,2.8173
65.9382,0.6157,2.6562
65.9384,0.6254,2.6981
65.9386,0.5968,2.5733
65.9388,0.5922,2.5536
65.9390,0.5929,2.5567
65.9392,0.5983,2.5812
65.9394,0.596,2.5713
65.9396,0.6371,2.7483
65.9398,0.6116,2.6374
65.9400,0.6395,2.7535
65.9402,0.7968,3.4325
65.9404,0.7258,3.1252
65.9406,0.706,3.0414
65.9408,0.6753,2.9079
65.9410,0.6897,2.9726
65.9412,0.6444,2.7824
65.9414,0.5655,2.4394
65.9416,0.5775,2.49
65.9418,0.5875,2.5346
65.9420,0.6377,2.7508
65.9422,0.6218,2.6813
65.9424,0.6333,2.731
65.9426,0.6329,2.7289
65.9428,0.5866,2.5328
65.9430,0.5842,2.5201
65.9432,0.5682,2.4536
65.9434,0.491,2.1212
65.9436,0.4621,1.9973
65.9438,0.446,1.9269
65.9440,0.4502,1.945
65.9442,0.4522,1.9542
65.9444,0.4492,1.9395
65.9446,0.447,1.9328
65.9448,0.4458,1.9277
65.9450,0.4815,2.0812
65.9452,0.4496,1.9443
65.9454,0.4371,1.8872
65.9456,0.4589,1.9814
65.9458,0.4518,1.95
65.9460,0.4498,1.9421
65.9462,0.4381,1.891
65.9464,0.4904,2.1166
65.9466,0.5194,2.2439
65.9468,0.4731,2.0421
65.9470,0.5486,2.3665
65.9472,0.55,2.3727
65.9474,0.5478,2.3601
65.9476,0.5669,2.4422
65.9478,0.5769,2.4863
65.9480,0.5971,2.576
65.9482,0.5878,2.5368
65.9484,0.5725,2.4665
65.9486,0.5874,2.5329
65.9488,0.583,2.5103
65.9490,0.6769,2.9105
65.9492,0.7076,3.0453
65.9494,0.6818,2.9344
65.9496,0.701,3.0127
65.9498,0.7342,3.1628
65.9500,0.6761,2.9142
65.9502,0.5929,2.5543
65.9504,0.595,2.5631
65.9506,0.6019,2.5919
65.9508,0.6468,2.785
65.9510,0.6212,2.6738
65.9512,0.5877,2.534
65.9514,0.5504,2.3721
65.9516,0.5869,2.5332
65.9518,0.5161,2.2274
65.9520,0.5462,2.3551
65.9522,0.5326,2.2966
65.9524,0.5118,2.2077
65.9526,0.5669,2.4422
65.9528,0.6052,2.6058
65.9530,0.6023,2.5922
65.9532,0.6242,2.6904
65.9534,0.5976,2.5769
65.9536,0.5958,2.5691
65.9538,0.52,2.2434
65.9540,0.4953,2.1368
65.9542,0.5704,2.4527
65.9544,0.7028,3.0205
65.9546,0.6773,2.918
65.9548,0.6699,2.8819
65.9550,0.7221,3.1092
65.9552,0.6259,2.6976
65.9554,0.5829,2.5156
65.9556,0.5701,2.4585
65.9558,0.494,2.1312
65.9560,0.4771,2.0573
65.9562,0.4776,2.0593
65.9564,0.5017,2.1643
65.9566,0.5407,2.3313
65.9568,0.5544,2.3907
65.9570,0.511,2.2036
65.9572,0.5402,2.3281
65.9574,0.5088,2.1958
65.9576,0.491,2.1172
65.9578,0.5303,2.2847
65.9580,0.5636,2.4267
65.9582,0.5948,2.5638
65.9584,0.6071,2.6153
65.9586,0.653,2.8105
65.9588,0.6878,2.9574
65.9590,0.6848,2.9445
65.9592,0.752,3.2308
65.9594,0.808,3.473
65.9596,0.742,3.1905
65.9598,0.7217,3.099
65.9600,0.7981,3.427
65.9602,0.8761,3.7587
65.9604,0.9146,3.9201
65.9606,0.9543,4.0883
65.9608,0.9601,4.113
65.9610,0.9441,4.0503
65.9612,0.9319,3.9979
65.9614,0.926,3.9689
65.9616,0.917,3.9341
65.9618,0.9031,3.8744
65.9620,0.8842,3.7949
65.9622,0.7567,3.2539
65.9624,0.761,3.2679
65.9626,0.8236,3.5416
65.9628,0.7932,3.4059
65.9630,0.8198,3.5235
65.9632,0.8227,3.5342
65.9634,0.8137,3.4939
65.9636,0.8155,3.5033
65.9638,0.8122,3.4877
65.9640,0.8036,3.4555
65.9642,0.7628,3.2741
65.9644,0.8271,3.5549
65.9646,0.7848,3.373
65.9648,0.815,3.5045
65.9650,0.8188,3.5128
65.9652,0.8767,3.7647
65.9654,0.8562,3.675
65.9656,0.853,3.6662
65.9658,0.805,3.4601
65.9660,0.8453,3.6349
65.9662,0.7932,3.4106
65.9664,0.7607,3.2694
65.9666,0.7931,3.4117
65.9668,0.7836,3.3647
65.9670,0.8493,3.6417
65.9672,0.8783,3.7714
65.9674,0.8753,3.7603
65.9676,0.8423,3.6187
65.9678,0.8085,3.475
65.9680,0.8162,3.5064
65.9682,0.8478,3.6424
65.9684,0.8486,3.6437
65.9686,0.8355,3.591
65.9688,0.8029,3.4508
65.9690,0.8282,3.5595
65.9692,0.8048,3.4574
65.9694,0.8371,3.596
65.9696,0.8703,3.7387
65.9698,0.8889,3.8132
65.9700,0.9522,4.081
65.9702,0.9506,4.0743
65.9704,0.9743,4.178
65.9706,1.0022,4.2973
65.9708,1.0258,4.3986
65.9710,0.9585,4.1178
65.9712,0.8417,3.6178
65.9714,0.8073,3.4763
65.9716,0.7107,3.0616
65.9718,0.6904,2.9715
65.9720,0.6842,2.9474
65.9722,0.6734,2.905
65.9724,0.6058,2.6145
65.9726,0.5859,2.5239
65.9728,0.709,3.0515
65.9730,0.7285,3.1342
65.9732,0.6911,2.9774
65.9734,0.6397,2.7545
65.9736,0.6427,2.7674
65.9738,0.6578,2.8351
65.9740,0.6588,2.8379
65.9742,0.6747,2.9053
65.9744,0.6787,2.9237
65.9746,0.6784,2.9254
65.9748,0.6374,2.7447
65.9750,0.6457,2.7803
65.9752,0.6546,2.8212
65.9754,0.6353,2.7405
65.9756,0.5926,2.5552
65.9758,0.5911,2.5478
65.9760,0.6331,2.7261
65.9762,0.6802,2.9331
65.9764,0.6106,2.6327
65.9766,0.6097,2.6303
65.9768,0.5911,2.549
65.9770,0.5764,2.4842
65.9772,0.5592,2.4114
65.9774,0.6245,2.6914
65.9776,0.657,2.8315
65.9778,0.6023,2.5946
65.9780,0.6113,2.6383
65.9782,0.5534,2.3861
65.9784,0.5573,2.4054
65.9786,0.5584,2.4089
65.9788,0.5579,2.4069
65.9790,0.554,2.3887
65.9792,0.5748,2.4752
65.9794,0.6745,2.9056
65.9796,0.6285,2.709
65.9798,0.5795,2.4953
65.9800,0.5929,2.5543
65.9802,0.5974,2.5735
65.9804,0.6572,2.8299
65.9806,0.6712,2.8943
65.9808,0.5915,2.5505
65.9810,0.5745,2.4748
65.9812,0.5743,2.4754
65.9814,0.5845,2.517
65.9816,0.6607,2.8435
65.9818,0.7229,3.1085
65.9820,0.749,3.2194
65.9822,0.8092,3.4797
65.9824,0.7845,3.3735
65.9826,0.7523,3.2303
65.9828,0.7435,3.2002
65.9830,0.651,2.8031
65.9832,0.6108,2.6313
65.9834,0.6237,2.6896
65.9836,0.5929,2.5555
65.9838,0.6194,2.6673
65.9840,0.639,2.7527
65.9842,0.6241,2.6886
65.9844,0.6996,3.0085
65.9846,0.7231,3.111
65.9848,0.691,2.9686
65.9850,0.7769,3.3374
65.9852,0.8471,3.6427
65.9854,0.8309,3.573
65.9856,0.8043,3.4586
65.9858,0.7293,3.1417
65.9860,0.6945,2.9891
65.9862,0.7152,3.0769
65.9864,0.7333,3.149
65.9866,0.8478,3.639
65.9868,0.8812,3.782
65.9870,0.9088,3.9022
65.9872,0.8932,3.8353
65.9874,0.8601,3.7001
65.9876,0.7707,3.3127
65.9878,0.7428,3.1926
65.9880,0.7679,3.3018
65.9882,0.7387,3.1751
65.9884,0.7648,3.2915
65.9886,0.6784,2.9267
65.9888,0.5951,2.566
65.9890,0.5889,2.5368
65.9892,0.5841,2.5149
65.9894,0.6511,2.8036
65.9896,0.6608,2.8494
65.9898,0.6006,2.5874
65.9900,0.6537,2.8162
65.9902,0.6368,2.7459
65.9904,0.6095,2.6195
65.9906,0.6847,2.9509
65.9908,0.6308,2.7188
65.9910,0.6306,2.7128
65.9912,0.6679,2.8758
65.9914,0.6579,2.8343
65.9916,0.6938,2.986
65.9918,0.7552,3.2472
65.9920,0.7464,3.211
65.9922,0.7885,3.389
65.9924,0.8246,3.5441
65.9926,0.8257,3.5388
65.9928,0.9927,4.2507
65.9930,0.983,4.219
65.9932,0.9145,3.9288
65.9934,0.847,3.6421
65.9936,0.8217,3.5301
65.9938,0.8046,3.458
65.9940,0.8342,3.587
65.9942,0.7818,3.3585
65.9944,0.862,3.7014
65.9946,0.8276,3.5586
65.9948,0.8247,3.5429
65.9950,0.8844,3.7977
65.9952,0.8739,3.7541
65.9954,0.8996,3.8667
65.9956,0.7913,3.404
65.9958,0.7833,3.359
65.9960,0.9228,3.9606
65.9962,0.9399,4.0361
65.9964,0.913,3.9184
65.9966,0.9213,3.9581
65.9968,0.8977,3.8584
65.9970,0.8806,3.7847
65.9972,0.8338,3.5804
65.9974,0.8307,3.5687
65.9976,0.8596,3.6894
65.9978,0.9137,3.9252
65.9980,0.8661,3.7206
65.9982,0.8919,3.8278
65.9984,0.8837,3.7981
65.9986,0.8447,3.6306
65.9988,0.8538,3.6664
65.9990,0.8833,3.7931
65.9992,0.8031,3.4566
65.9994,0.7408,3.1898
65.9996,0.7243,3.119
65.9998,0.6752,2.9073
66.0000,0.6849,2.9505
66.0002,0.7535,3.24
66.0004,0.7857,3.3818
66.0006,0.7231,3.1139
66.0008,0.7454,3.2069
66.0010,0.7795,3.3503
66.0012,0.8121,3.4889
66.0014,0.8595,3.6975
66.0016,0.771,3.3199
66.0018,0.7054,3.0375
66.0020,0.7028,3.0261
66.0022,0.7275,3.1281
66.0024,0.7878,3.3859
66.0026,0.8303,3.5738
66.0028,0.8237,3.5454
66.0030,0.7078,3.0549
66.0032,0.6005,2.5869
66.0034,0.6699,2.8873
66.0036,0.6794,2.9295
66.0038,0.6008,2.5908
66.0040,0.599,2.5807
66.0042,0.6121,2.6407
66.0044,0.588,2.5379
66.0046,0.5839,2.5179
66.0048,0.5827,2.5128
66.0050,0.5758,2.4839
66.0052,0.5825,2.5117
66.0054,0.6,2.5848
66.0056,0.6323,2.7263
66.0058,0.5916,2.5534
66.0060,0.5626,2.4237
66.0062,0.6106,2.6327
66.0064,0.5811,2.5067
66.0066,0.5676,2.4465
66.0068,0.6241,2.6861
66.0070,0.6531,2.8136
66.0072,0.6742,2.9032
66.0074,0.6895,2.9702
66.0076,0.6905,2.9734
66.0078,0.6919,2.9777
66.0080,0.6779,2.9206
66.0082,0.7119,3.0696
66.0084,0.6247,2.6937
66.0086,0.558,2.4074
66.0088,0.5326,2.2998
66.0090,0.5312,2.2915
66.0092,0.5413,2.3317
66.0094,0.6425,2.7651
66.0096,0.6548,2.8248
66.0098,0.5749,2.4803
66.0100,0.5644,2.4314
66.0102,0.6229,2.686
66.0104,0.5811,2.5055
66.0106,0.5186,2.2393
66.0108,0.4591,1.9806
66.0110,0.4642,2.0042
66.0112,0.4723,2.0404
66.0114,0.4754,2.0529
66.0116,0.4793,2.0685
66.0118,0.4687,2.0248
66.0120,0.4652,2.0079
66.0122,0.4862,2.0975
66.0124,0.5371,2.3158
66.0126,0.5502,2.376
66.0128,0.4558,1.9689
66.0130,0.4278,1.8482
66.0132,0.4323,1.8674
66.0134,0.4343,1.8762
66.0136,0.4302,1.8594
66.0138,0.4306,1.8592
66.0140,0.43,1.8558
66.0142,0.4338,1.8723
66.0144,0.4326,1.8689
66.0146,0.4314,1.8646
66.0148,0.4296,1.8551
66.0150,0.4357,1.8789
66.0152,0.495,2.1353
66.0154,0.5313,2.291
66.0156,0.548,2.3595
66.0158,0.5625,2.422
66.0160,0.5729,2.4692
66.0162,0.5678,2.4436
66.0164,0.5548,2.3956
66.0166,0.4591,1.9834
66.0168,0.443,1.9122
66.0170,0.4405,1.9022
66.0172,0.4343,1.8753
66.0174,0.4481,1.9312
66.0176,0.504,2.1711
66.0178,0.5042,2.1761
66.0180,0.5043,2.1736
66.0182,0.5614,2.4174
66.0184,0.5971,2.5712
66.0186,0.5861,2.5261
66.0188,0.5797,2.4987
66.0190,0.5378,2.3167
66.0192,0.5264,2.2677
66.0194,0.5029,2.1664
66.0196,0.4938,2.1291
66.0198,0.4974,2.1446
66.0200,0.5483,2.3611
66.0202,0.6206,2.6724
66.0204,0.6076,2.6101
66.0206,0.7077,3.043
66.0208,0.7342,3.154
66.0210,0.8077,3.4633
66.0212,0.807,3.4732
66.0214,0.6259,2.6964
66.0216,0.6217,2.6796
66.0218,0.6213,2.6743
66.0220,0.6596,2.8349
66.0222,0.723,3.109
66.0224,0.6922,2.9765
66.0226,0.7103,3.0529
66.0228,0.6844,2.9457
66.0230,0.5607,2.4176
66.0232,0.4778,2.0613
66.0234,0.4751,2.0513
66.0236,0.4685,2.021
66.0238,0.4829,2.083
66.0240,0.5064,2.1824
66.0242,0.5415,2.3306
66.0244,0.5795,2.4942
66.0246,0.6054,2.6069
66.0248,0.6073,2.6139
66.0250,0.6809,2.928
66.0252,0.6474,2.7837
66.0254,0.6869,2.9552
66.0256,0.7047,3.0259
66.0258,0.7589,3.2571
66.0260,0.7825,3.3601
66.0262,0.8347,3.5807
66.0264,0.8393,3.6024
66.0266,0.7945,3.4084
66.0268,0.9023,3.869
66.0270,0.9969,4.2647
66.0272,1.0555,4.5155
66.0274,1.0499,4.4956
66.0276,1.0469,4.4765
66.0278,1.0722,4.5847
66.0280,1.0859,4.6496
66.0282,1.0059,4.3052
66.0284,1.0421,4.4602
66.0286,1.0398,4.4546
66.0288,0.9757,4.1837
66.0290,0.9514,4.0798
66.0292,0.9191,3.9391
66.0294,0.9136,3.9192
66.0296,0.9654,4.1433
66.0298,0.946,4.0623
66.0300,0.8502,3.6476
66.0302,0.8861,3.8014
66.0304,0.897,3.8536
66.0306,0.8682,3.7264
66.0308,0.8769,3.7618
66.0310,0.8797,3.7759
66.0312,0.8542,3.6679
66.0314,0.8885,3.8116
66.0316,0.8875,3.8075
66.0318,0.9267,3.9794
66.0320,0.9143,3.9222
66.0322,0.9415,4.0334
66.0324,0.9938,4.2573
66.0326,0.9884,4.2441
66.0328,0.9535,4.0866
66.0330,1.0389,4.4525
66.0332,1.0092,4.3236
66.0334,0.9788,4.2009
66.0336,0.9668,4.1456
66.0338,0.9646,4.1421
66.0340,0.8646,3.7162
66.0342,0.8212,3.528
66.0344,0.8723,3.7422
66.0346,0.9428,4.0428
66.0348,0.9691,4.1593
66.0350,0.9627,4.1358
66.0352,0.8863,3.8077
66.0354,0.8625,3.7052
66.0356,0.8943,3.8489
66.0358,0.8164,3.5058
66.0360,0.8235,3.5427
66.0362,0.7772,3.3405
66.0364,0.8307,3.5737
66.0366,0.7861,3.3786
66.0368,0.7767,3.34
66.0370,0.7506,3.2321
66.0372,0.7329,3.1572
66.0374,0.7236,3.1174
66.0376,0.6922,2.9834
66.0378,0.6719,2.8921
66.0380,0.6764,2.9112
66.0382,0.7127,3.069
66.0384,0.702,3.0258
66.0386,0.676,2.911
66.0388,0.6624,2.8561
66.0390,0.6191,2.662
66.0392,0.8148,3.5018
66.0394,0.8065,3.4743
66.0396,0.6716,2.8932
66.0398,0.6548,2.8196
66.0400,0.6414,2.7643
66.0402,0.6333,2.7272
66.0404,0.6892,2.965
66.0406,0.7327,3.1566
66.0408,0.7366,3.1746
66.0410,0.6487,2.7958
66.0412,0.6399,2.7568
66.0414,0.6149,2.6526
66.0416,0.5594,2.4108
66.0418,0.6204,2.6726
66.0420,0.6306,2.7178
66.0422,0.6365,2.7431
66.0424,0.6759,2.9091
66.0426,0.7113,3.0656
66.0428,0.5779,2.4921
66.0430,0.5476,2.3613
66.0432,0.5375,2.3168
66.0434,0.5685,2.4535
66.0436,0.5229,2.2579
66.0438,0.527,2.2734
66.0440,0.5478,2.3634
66.0442,0.5564,2.4024
66.0444,0.5351,2.3086
66.0446,0.5194,2.2398
66.0448,0.5204,2.2429
66.0450,0.5801,2.5026
66.0452,0.5392,2.3262
66.0454,0.5329,2.2955
66.0456,0.5544,2.393
66.0458,0.5248,2.2641
66.0460,0.5192,2.2398
66.0462,0.5336,2.2997
66.0464,0.5683,2.4519
66.0466,0.5776,2.4859
66.0468,0.642,2.7605
66.0470,0.7053,3.0384
66.0472,0.6814,2.9369
66.0474,0.667,2.8722
66.0476,0.6844,2.943
66.0478,0.7597,3.2653
66.0480,0.8131,3.4913
66.0482,0.8228,3.5331
66.0484,0.8355,3.5826
66.0486,0.8693,3.7346
66.0488,0.8652,3.7222
66.0490,0.7663,3.2921
66.0492,0.804,3.4538
66.0494,0.8317,3.5745
66.0496,0.7871,3.3828
66.0498,0.7789,3.3477
66.0500,0.7006,3.0182
66.0502,0.657,2.8315
66.0504,0.6923,2.9756
66.0506,0.7793,3.3493
66.0508,0.7913,3.4024
66.0510,0.8038,3.4597
66.0512,0.6811,2.9354
66.0514,0.5978,2.5767
66.0516,0.5839,2.5168
66.0518,0.589,2.5397
66.0520,0.5944,2.5617
66.0522,0.6267,2.6988
66.0524,0.586,2.5256
66.0526,0.5752,2.479
66.0528,0.605,2.6053
66.0530,0.6893,2.9655
66.0532,0.68,2.928
66.0534,0.6681,2.8755
66.0536,0.6937,2.9869
66.0538,0.7317,3.1476
66.0540,0.7368,3.1668
66.0542,0.7463,3.2165
66.0544,0.6661,2.8668
66.0546,0.6224,2.6814
66.0548,0.6325,2.7223
66.0550,0.691,2.9714
66.0552,0.7723,3.324
66.0554,0.7749,3.3338
66.0556,0.7784,3.341
66.0558,0.8309,3.5747
66.0560,0.7219,3.1101
66.0562,0.6354,2.7347
66.0564,0.6329,2.7251
66.0566,0.5704,2.4618
66.0568,0.5457,2.3574
66.0570,0.4504,1.9456
66.0572,0.4463,1.9253
66.0574,0.4909,2.1167
66.0576,0.5296,2.2827
66.0578,0.5407,2.3324
66.0580,0.5175,2.2284
66.0582,0.5662,2.4358
66.0584,0.688,2.9626
66.0586,0.714,3.0703
66.0588,0.7465,3.2071
66.0590,0.7737,3.324
66.0592,0.8259,3.5514
66.0594,0.7667,3.2906
66.0596,0.8806,3.7707
66.0598,1.0459,4.4745
66.0600,1.0682,4.572
66.0602,1.0501,4.4966
66.0604,1.1037,4.7262
66.0606,1.0518,4.5122
66.0608,0.9342,4.0076
66.0610,0.8712,3.7341
66.0612,0.9215,3.9531
66.0614,0.8821,3.7897
66.0616,0.8548,3.6722
66.0618,0.8745,3.7445
66.0620,1.0012,4.2892
66.0622,1.0031,4.3034
66.0624,0.9889,4.2481
66.0626,0.8606,3.6987
66.0628,0.8588,3.6858
66.0630,0.8975,3.852
66.0632,0.9053,3.8873
66.0634,0.9016,3.8731
66.0636,0.8374,3.5959
66.0638,0.8253,3.5439
66.0640,0.8016,3.4451
66.0642,0.8425,3.6209
66.0644,0.8549,3.6762
66.0646,0.7881,3.3937
66.0648,0.6811,2.9326
66.0650,0.6941,2.9889
66.0652,0.7131,3.0662
66.0654,0.7604,3.276
66.0656,0.692,2.981
66.0658,0.7025,3.0251
66.0660,0.7127,3.0675
66.0662,0.7188,3.091
66.0664,0.7785,3.3508
66.0666,0.8002,3.4379
66.0668,0.8577,3.6829
66.0670,0.8284,3.5639
66.0672,0.7742,3.3276
66.0674,0.7839,3.3725
66.0676,0.7782,3.3477
66.0678,0.8014,3.4462
66.0680,0.8114,3.489
66.0682,0.7883,3.3926
66.0684,0.7585,3.2631
66.0686,0.759,3.2637
66.0688,0.7686,3.3003
66.0690,0.8395,3.6046
66.0692,0.8127,3.4963
66.0694,0.7633,3.2884
66.0696,0.7041,3.0304
66.0698,0.7267,3.125
66.0700,0.7675,3.3049
66.0702,0.7377,3.1704
66.0704,0.7706,3.3137
66.0706,0.7998,3.4422
66.0708,0.8279,3.5568
66.0710,0.9008,3.8682
66.0712,0.8572,3.6842
66.0714,0.7881,3.3921
66.0716,0.7402,3.1827
66.0718,0.7526,3.2409
66.0720,0.7425,3.1911
66.0722,0.7958,3.422
66.0724,0.8318,3.5733
66.0726,0.8203,3.5354
66.0728,0.6513,2.8098
66.0730,0.6043,2.607
66.0732,0.53,2.2895
66.0734,0.4947,2.1362
66.0736,0.5056,2.1803
66.0738,0.5608,2.4193
66.0740,0.5728,2.4733
66.0742,0.5172,2.232
66.0744,0.5165,2.2284
66.0746,0.542,2.3402
66.0748,0.5414,2.3376
66.0750,0.4695,2.0275
66.0752,0.4543,1.9636
66.0754,0.4518,1.9518
66.0756,0.4513,1.9488
66.0758,0.5097,2.1989
66.0760,0.5464,2.3594
66.0762,0.4912,2.1232
66.0764,0.4638,2.0045
66.0766,0.4512,1.9474
66.0768,0.4494,1.9405
66.0770,0.4504,1.9429
66.0772,0.4523,1.9529
66.0774,0.4482,1.9371
66.0776,0.448,1.9352
66.0778,0.4474,1.9317
66.0780,0.4505,1.9461
66.0782,0.4532,1.9589
66.0784,0.4586,1.9786
66.0786,0.4941,2.1346
66.0788,0.4951,2.1318
66.0790,0.5664,2.4447
66.0792,0.4664,2.015
66.0794,0.4554,1.9682
66.0796,0.4524,1.9517
66.0798,0.4578,1.9759
66.0800,0.461,1.9907
66.0802,0.4594,1.9826
66.0804,0.4559,1.9657
66.0806,0.4853,2.0905
66.0808,0.5681,2.4474
66.0810,0.5915,2.5481
66.0812,0.5743,2.4766
66.0814,0.5175,2.2346
66.0816,0.4632,1.9982
66.0818,0.5199,2.2387
66.0820,0.5947,2.5573
66.0822,0.6739,2.899
66.0824,0.6534,2.8095
66.0826,0.6559,2.8255
66.0828,0.5944,2.5605
66.0830,0.6228,2.6879
66.0832,0.4926,2.1249
66.0834,0.4656,2.0095
66.0836,0.4432,1.9136
66.0838,0.439,1.8946
66.0840,0.4377,1.888
66.0842,0.4637,1.9994
66.0844,0.5059,2.1814
66.0846,0.5474,2.3581
66.0848,0.5877,2.5304
66.0850,0.5889,2.5391
66.0852,0.5701,2.4573
66.0854,0.5678,2.4459
66.0856,0.5909,2.5456
66.0858,0.5808,2.5022
66.0860,0.6215,2.6736
66.0862,0.6423,2.7646
66.0864,0.6807,2.9243
66.0866,0.7672,3.2972
66.0868,0.7883,3.3848
66.0870,0.8227,3.5292
66.0872,0.8802,3.7762
66.0874,0.8565,3.6812
66.0876,0.7457,3.205
66.0878,0.7325,3.1497
66.0880,0.7558,3.2498
66.0882,0.7447,3.2008
66.0884,0.6984,3.0019
66.0886,0.6602,2.8415
66.0888,0.6525,2.8058
66.0890,0.732,3.1521
66.0892,0.6608,2.8441
66.0894,0.5743,2.4743
66.0896,0.5731,2.4691
66.0898,0.6055,2.6074
66.0900,0.6181,2.6628
66.0902,0.5703,2.4556
66.0904,0.5895,2.5405
66.0906,0.5251,2.2641
66.0908,0.5402,2.3238
66.0910,0.6307,2.7145
66.0912,0.6201,2.6654
66.0914,0.7272,3.1285
66.0916,0.713,3.0671
66.0918,0.661,2.8451
66.0920,0.6664,2.8643
66.0922,0.7293,3.1329
66.0924,0.7323,3.1472
66.0926,0.8028,3.439
66.0928,0.9644,4.1334
66.0930,0.9576,4.1041
66.0932,0.9366,4.016
66.0934,0.9271,3.9754
66.0936,0.8329,3.5796
66.0938,0.767,3.2982
66.0940,0.7044,3.0277
66.0942,0.7466,3.2106
66.0944,0.727,3.126
66.0946,0.7373,3.1689
66.0948,0.8249,3.5407
66.0950,0.8757,3.7584
66.0952,0.8706,3.7367
66.0954,0.8571,3.6786
66.0956,0.8301,3.5661
66.0958,0.8312,3.5658
66.0960,0.8945,3.8374
66.0962,0.9108,3.9091
66.0964,0.8976,3.8471
66.0966,0.9037,3.877
66.0968,0.8628,3.7102
66.0970,0.7966,3.4224
66.0972,0.8501,3.6504
66.0974,0.8249,3.544
66.0976,0.771,3.3137
66.0978,0.792,3.4023
66.0980,0.7903,3.3951
66.0982,0.7976,3.4265
66.0984,0.7739,3.3276
66.0986,0.7945,3.4131
66.0988,0.8379,3.5979
66.0990,0.8437,3.6277
66.0992,0.7313,3.1446
66.0994,0.7695,3.306
66.0996,0.8342,3.582
66.0998,0.8525,3.6607
66.1000,0.8548,3.6688
66.1002,0.8301,3.5661
66.1004,0.8074,3.4736
66.1006,0.7802,3.3534
66.1008,0.8366,3.5906
66.1010,0.8519,3.6633
66.1012,0.8032,3.4523
66.1014,0.8259,3.5481
66.1016,0.7775,3.34
66.1018,0.9002,3.8657
66.1020,0.8445,3.6296
66.1022,0.7903,3.3967
66.1024,0.809,3.4803
66.1026,0.7666,3.2946
66.1028,0.7571,3.2509
66.1030,0.8134,3.4961
66.1032,0.7892,3.3984
66.1034,0.7113,3.0642
66.1036,0.7255,3.1184
66.1038,0.7791,3.3503
66.1040,0.7451,3.2039
66.1042,0.7477,3.2182
66.1044,0.7409,3.1888
66.1046,0.712,3.0673
66.1048,0.7026,3.0228
66.1050,0.7038,3.0307
66.1052,0.6935,2.985
66.1054,0.8038,3.4533
66.1056,0.866,3.7236
66.1058,0.746,3.2125
66.1060,0.6958,2.9948
66.1062,0.7319,3.1457
66.1064,0.7518,3.2328
66.1066,0.8101,3.4833
66.1068,0.8333,3.58
66.1070,0.81,3.4828
66.1072,0.7649,3.2935
66.1074,0.729,3.1348
66.1076,0.7651,3.2869
66.1078,0.741,3.1849
66.1080,0.7588,3.2687
66.1082,0.6938,2.9874
66.1084,0.6923,2.9812
66.1086,0.7076,3.0425
66.1088,0.7743,3.3328
66.1090,0.7448,3.2029
66.1092,0.783,3.3652
66.1094,0.7866,3.387
66.1096,0.7,3.017
66.1098,0.5919,2.5544
66.1100,0.5422,2.3402
66.1102,0.5348,2.3092
66.1104,0.5362,2.3132
66.1106,0.5405,2.3308
66.1108,0.5446,2.3505
66.1110,0.5415,2.3371
66.1112,0.533,2.3003
66.1114,0.5588,2.4094
66.1116,0.5773,2.4907
66.1118,0.5373,2.3168
66.1120,0.5572,2.4038
66.1122,0.5472,2.3597
66.1124,0.5433,2.3437
66.1126,0.5427,2.3401
66.1128,0.5422,2.3391
66.1130,0.5397,2.3282
66.1132,0.5827,2.5128
66.1134,0.5531,2.3873
66.1136,0.5359,2.3128
66.1138,0.5371,2.3169
66.1140,0.5236,2.2589
66.1142,0.5186,2.2382
66.1144,0.5198,2.2403
66.1146,0.5223,2.2532
66.1148,0.5481,2.3622
66.1150,0.6169,2.6577
66.1152,0.6619,2.8527
66.1154,0.651,2.8031
66.1156,0.6495,2.7956
66.1158,0.6517,2.8061
66.1160,0.6049,2.6108
66.1162,0.5284,2.2796
66.1164,0.5235,2.2574
66.1166,0.5236,2.26
66.1168,0.5345,2.306
66.1170,0.5392,2.3251
66.1172,0.5761,2.4843
66.1174,0.6058,2.6096
66.1176,0.6295,2.7131
66.1178,0.5952,2.5642
66.1180,0.582,2.5073
66.1182,0.5648,2.4363
66.1184,0.5024,2.1674
66.1186,0.4975,2.1471
66.1188,0.4962,2.1405
66.1190,0.4993,2.1519
66.1192,0.5595,2.4091
66.1194,0.6167,2.6542
66.1196,0.6453,2.7788
66.1198,0.6442,2.7716
66.1200,0.6958,2.992
66.1202,0.7071,3.0461
66.1204,0.6331,2.7223
66.1206,0.6926,2.9808
66.1208,0.6492,2.7927
66.1210,0.6806,2.9251
66.1212,0.736,3.1676
66.1214,0.6206,2.6737
66.1216,0.6417,2.7659
66.1218,0.5598,2.414
66.1220,0.5983,2.5752
66.1222,0.6061,2.6112
66.1224,0.5831,2.512
66.1226,0.6056,2.6067
66.1228,0.6303,2.7155
66.1230,0.5964,2.5693
66.1232,0.6133,2.6409
66.1234,0.5934,2.56
66.1236,0.4827,2.0845
66.1238,0.4919,2.1199
66.1240,0.5789,2.4916
66.1242,0.5921,2.5543
66.1244,0.4845,2.0903
66.1246,0.5056,2.1783
66.1248,0.6224,2.6789
66.1250,0.6396,2.7527
66.1252,0.6589,2.8345
66.1254,0.7277,3.1291
66.1256,0.7385,3.174
66.1258,0.7966,3.4176
66.1260,0.8451,3.6271
66.1262,0.7972,3.4234
66.1264,0.8103,3.4763
66.1266,0.9379,4.0217
66.1268,0.9745,4.1727
66.1270,1.0236,4.3811
66.1272,1.0726,4.5884
66.1274,1.0809,4.6264
66.1276,1.0402,4.454
66.1278,1.0254,4.3888
66.1280,1.094,4.6802
66.1282,1.1257,4.8111
66.1284,1.1119,4.7633
66.1286,0.9782,4.1925
66.1288,0.9483,4.0626
66.1290,0.9819,4.2124
66.1292,0.9956,4.265
66.1294,1.0933,4.6793
66.1296,1.0769,4.6111
66.1298,1.1079,4.7419
66.1300,1.1134,4.77
66.1302,1.0794,4.6219
66.1304,1.0182,4.3621
66.1306,0.9998,4.293
66.1308,0.8486,3.6522
66.1310,0.742,3.1964
66.1312,0.6953,2.9941
66.1314,0.6779,2.9179
66.1316,0.7451,3.2024
66.1318,0.766,3.2905
66.1320,0.7829,3.3647
66.1322,0.7652,3.292
66.1324,0.8228,3.5331
66.1326,0.8446,3.6284
66.1328,0.8458,3.637
66.1330,0.8149,3.5007
66.1332,0.8643,3.7164
66.1334,0.808,3.4713
66.1336,0.8148,3.5034
66.1338,0.8281,3.5574
66.1340,0.7851,3.3745
66.1342,0.7869,3.3838
66.1344,0.7879,3.3895
66.1346,0.8038,3.4549
66.1348,0.7709,3.3147
66.1350,0.779,3.3482
66.1352,0.8207,3.5341
66.1354,0.732,3.1491
66.1356,0.7272,3.1314
66.1358,0.7041,3.0304
66.1360,0.7366,3.1746
66.1362,0.6897,2.9698
66.1364,0.6625,2.8526
66.1366,0.6777,2.9195
66.1368,0.6837,2.9481
66.1370,0.6303,2.718
66.1372,0.6471,2.7878
66.1374,0.6538,2.8194
66.1376,0.6227,2.6849
66.1378,0.5989,2.5802
66.1380,0.6082,2.6224
66.1382,0.6186,2.6674
66.1384,0.6407,2.7522
66.1386,0.7808,3.3607
66.1388,0.7898,3.4025
66.1390,0.6693,2.8901
66.1392,0.5143,2.2206
66.1394,0.5225,2.2522
66.1396,0.6201,2.6728
66.1398,0.5778,2.4927
66.1400,0.5172,2.2331
66.1402,0.5157,2.2227
66.1404,0.5428,2.3449
66.1406,0.4823,2.0824
66.1408,0.4759,2.0549
66.1410,0.5174,2.2341
66.1412,0.5464,2.3561
66.1414,0.5531,2.3862
66.1416,0.5134,2.2149
66.1418,0.579,2.4956
66.1420,0.5205,2.2455
66.1422,0.4553,1.965
66.1424,0.5109,2.2061
66.1426,0.5366,2.3126
66.1428,0.5632,2.4296
66.1430,0.5618,2.4223
66.1432,0.5719,2.4651
66.1434,0.589,2.5397
66.1436,0.5586,2.4088
66.1438,0.5701,2.4585
66.1440,0.5613,2.4225
66.1442,0.4855,2.0954
66.1444,0.4995,2.1569
66.1446,0.451,1.9473
66.1448,0.43,1.8575
66.1450,0.4283,1.8485
66.1452,0.447,1.9284
66.1454,0.4727,2.0381
66.1456,0.4903,2.1171
66.1458,0.5285,2.278
66.1460,0.6192,2.6687
66.1462,0.5848,2.5192
66.1464,0.5761,2.4843
66.1466,0.5847,2.5187
66.1468,0.5877,2.5304
66.1470,0.5794,2.4937
66.1472,0.613,2.6406
66.1474,0.6314,2.7214
66.1476,0.5789,2.4951
66.1478,0.5637,2.4272
66.1480,0.6313,2.7184
66.1482,0.6771,2.9115
66.1484,0.6964,2.9973
66.1486,0.6591,2.8355
66.1488,0.6709,2.8874
66.1490,0.6259,2.6976
66.1492,0.6059,2.6126
66.1494,0.5187,2.2377
66.1496,0.498,2.1502
66.1498,0.4483,1.9341
66.1500,0.4795,2.0666
66.1502,0.5349,2.3043
66.1504,0.5927,2.5521
66.1506,0.6309,2.7181
66.1508,0.5879,2.5338
66.1510,0.5854,2.523
66.1512,0.5956,2.5645
66.1514,0.6279,2.7039
66.1516,0.5947,2.5633
66.1518,0.6007,2.5819
66.1520,0.7313,3.1373
66.1522,0.7776,3.3421
66.1524,0.7723,3.3209
66.1526,0.7674,3.2982
66.1528,0.739,3.182
66.1530,0.6222,2.6804
66.1532,0.6025,2.5933
66.1534,0.5871,2.5326
66.1536,0.507,2.187
66.1538,0.4933,2.1261
66.1540,0.4921,2.1239
66.1542,0.4782,2.0638
66.1544,0.4767,2.0557
66.1546,0.4674,2.0173
66.1548,0.46,1.9852
66.1550,0.482,2.0785
66.1552,0.4914,2.1188
66.1554,0.4976,2.1477
66.1556,0.4851,2.0938
66.1558,0.4558,1.9671
66.1560,0.4758,2.0497
66.1562,0.5962,2.5695
66.1564,0.5468,2.3577
66.1566,0.4673,2.0158
66.1568,0.4808,2.0723
66.1570,0.5459,2.3519
66.1572,0.5134,2.2119
66.1574,0.5047,2.1742
66.1576,0.5869,2.5273
66.1578,0.6325,2.7223
66.1580,0.6444,2.7734
66.1582,0.6689,2.8751
66.1584,0.7312,3.1455
66.1586,0.6819,2.9308
66.1588,0.8002,3.4282
66.1590,0.8787,3.7695
66.1592,0.8789,3.7705
66.1594,0.8433,3.6177
66.1596,0.8634,3.7024
66.1598,0.8957,3.8371
66.1600,0.9247,3.9596
66.1602,0.8838,3.7951
66.1604,0.8568,3.6776
66.1606,0.8713,3.7346
66.1608,0.9199,3.9446
66.1610,0.9708,4.1606
66.1612,0.9011,3.8675
66.1614,0.8137,3.4923
66.1616,0.8224,3.5332
66.1618,0.8229,3.527
66.1620,0.9043,3.8814
66.1622,0.9126,3.9132
66.1624,0.9349,4.0107
66.1626,0.9127,3.9174
66.1628,0.9048,3.878
66.1630,0.9043,3.8777
66.1632,0.8926,3.8381
66.1634,0.7278,3.1311
66.1636,0.7119,3.0611
66.1638,0.7435,3.1987
66.1640,0.713,3.0686
66.1642,0.7013,3.0157
66.1644,0.7067,3.0403
66.1646,0.7462,3.2085
66.1648,0.7435,3.1972
66.1650,0.7724,3.3153
66.1652,0.8207,3.5259
66.1654,0.8067,3.4721
66.1656,0.717,3.0861
66.1658,0.7405,3.1813
66.1660,0.7877,3.3822
66.1662,0.8163,3.5036
66.1664,0.8626,3.704
66.1666,0.842,3.6137
66.1668,0.8663,3.7199
66.1670,0.8624,3.7012
66.1672,0.8965,3.8461
66.1674,0.924,3.9621
66.1676,0.888,3.8185
66.1678,0.8005,3.4405
66.1680,0.7747,3.3297
66.1682,0.7818,3.3585
66.1684,0.8409,3.6125
66.1686,0.8542,3.6697
66.1688,0.8202,3.5266
66.1690,0.759,3.2637
66.1692,0.77,3.3127
66.1694,0.7854,3.3708
66.1696,0.8543,3.6702
66.1698,0.812,3.4916
66.1700,0.7855,3.3761
66.1702,0.8058,3.4583
66.1704,0.8725,3.7485
66.1706,0.8458,3.6302
66.1708,0.9011,3.8657
66.1710,0.8868,3.8098
66.1712,0.889,3.8208
66.1714,0.8463,3.6306
66.1716,0.9603,4.1159
66.1718,1.0136,4.3522
66.1720,0.8359,3.5975
66.1722,0.7523,3.2363
66.1724,0.7401,3.1837
66.1726,0.7185,3.0937
66.1728,0.6957,2.9942
66.1730,0.7,3.017
66.1732,0.5725,2.4723
66.1734,0.5044,2.1792
66.1736,0.494,2.1312
66.1738,0.508,2.1917
66.1740,0.5523,2.3836
66.1742,0.5442,2.3468
66.1744,0.5435,2.3437
66.1746,0.5355,2.3112
66.1748,0.5452,2.3509
66.1750,0.6161,2.6565
66.1752,0.5622,2.4255
66.1754,0.5451,2.3537
66.1756,0.5318,2.2952
66.1758,0.5303,2.29
66.1760,0.5258,2.2672
66.1762,0.5249,2.2646
66.1764,0.5317,2.2946
66.1766,0.5287,2.2828
66.1768,0.5269,2.2718
66.1770,0.5273,2.276
66.1772,0.527,2.2734
66.1774,0.529,2.2822
66.1776,0.5257,2.2667
66.1778,0.5248,2.2641
66.1780,0.524,2.2605
66.1782,0.5323,2.2951
66.1784,0.5306,2.2889
66.1786,0.5257,2.2677
66.1788,0.5271,2.2729
66.1790,0.5259,2.2677
66.1792,0.5257,2.2667
66.1794,0.5264,2.2708
66.1796,0.5227,2.2537
66.1798,0.523,2.2553
66.1800,0.562,2.4211
66.1802,0.6203,2.6696
66.1804,0.6037,2.6032
66.1806,0.5414,2.3355
66.1808,0.5291,2.2795
66.1810,0.5686,2.4438
66.1812,0.7204,3.0948
66.1814,0.8061,3.4615
66.1816,0.8156,3.5022
66.1818,0.7855,3.3761
66.1820,0.7351,3.164
66.1822,0.7046,3.0352
66.1824,0.6091,2.6229
66.1826,0.6277,2.7029
66.1828,0.6462,2.785
66.1830,0.5614,2.4185
66.1832,0.5936,2.5574
66.1834,0.6392,2.7537
66.1836,0.6012,2.59
66.1838,0.5598,2.4129
66.1840,0.5535,2.3877
66.1842,0.5642,2.4292
66.1844,0.5538,2.3882
66.1846,0.5393,2.3224
66.1848,0.5861,2.5249
66.1850,0.6766,2.9095
66.1852,0.799,3.4311
66.1854,0.8124,3.4899
66.1856,0.7693,3.308
66.1858,0.7686,3.3019
66.1860,0.7598,3.2643
66.1862,0.7592,3.2617
66.1864,0.7644,3.2869
66.1866,0.7639,3.2833
66.1868,0.7632,3.2817
66.1870,0.7657,3.2956
66.1872,0.7279,3.1316
66.1874,0.6529,2.8113
66.1876,0.6457,2.7803
66.1878,0.6968,2.9947
66.1880,0.7579,3.2575
66.1882,0.7789,3.3477
66.1884,0.8219,3.5311
66.1886,0.8448,3.6278
66.1888,0.8293,3.5592
66.1890,0.8589,3.6932
66.1892,0.7541,3.241
66.1894,0.6775,2.9144
66.1896,0.6206,2.6724
66.1898,0.6198,2.67
66.1900,0.6436,2.7703
66.1902,0.7386,3.1716
66.1904,0.7976,3.4265
66.1906,0.7258,3.1267
66.1908,0.6332,2.7254
66.1910,0.7124,3.0646
66.1912,0.7237,3.1107
66.1914,0.7544,3.2411
66.1916,0.7911,3.4003
66.1918,0.7872,3.3849
66.1920,0.8006,3.4346
66.1922,0.9297,3.9886
66.1924,0.8922,3.8258
66.1926,0.8974,3.8515
66.1928,0.9118,3.9133
66.1930,0.9107,3.905
66.1932,0.9018,3.8687
66.1934,0.9084,3.897
66.1936,0.9139,3.9244
66.1938,0.9073,3.8906
66.1940,0.9381,4.0209
66.1942,0.979,4.1941
66.1944,0.9957,4.2655
66.1946,0.9742,4.1814
66.1948,0.9385,4.028
66.1950,0.8841,3.7997
66.1952,0.7935,3.409
66.1954,0.8347,3.5874
66.1956,0.823,3.5341
66.1958,0.8216,3.5328
66.1960,0.8106,3.4822
66.1962,0.8547,3.6632
66.1964,0.9378,4.0287
66.1966,0.8252,3.55
66.1968,0.7684,3.3024
66.1970,0.7758,3.3328
66.1972,0.8295,3.5586
66.1974,0.8811,3.7868
66.1976,0.8197,3.5229
66.1978,0.8465,3.6384
66.1980,0.8102,3.4871
66.1982,0.7622,3.2761
66.1984,0.8339,3.5809
66.1986,0.8538,3.6715
66.1988,0.7273,3.1319
66.1990,0.6524,2.8092
66.1992,0.7019,3.0197
66.1994,0.7205,3.1025
66.1996,0.7747,3.3328
66.1998,0.8035,3.4566
66.2000,0.7941,3.4148
66.2002,0.718,3.0902
66.2004,0.6788,2.9215
66.2006,0.6861,2.953
66.2008,0.682,2.9381
66.2010,0.7124,3.0631
66.2012,0.7917,3.3997
66.2014,0.8395,3.6046
66.2016,0.8841,3.7997
66.2018,0.8469,3.6399
66.2020,0.8187,3.5155
66.2022,0.8614,3.6988
66.2024,0.8445,3.6313
66.2026,0.8307,3.5704
66.2028,0.8753,3.7621
66.2030,0.7666,3.3054
66.2032,0.6333,2.7284
66.2034,0.621,2.6789
66.2036,0.5341,2.3039
66.2038,0.5604,2.4188
66.2040,0.5683,2.453
66.2042,0.5831,2.5143
66.2044,0.5754,2.4801
66.2046,0.5638,2.4322
66.2048,0.5745,2.4759
66.2050,0.6433,2.7713
66.2052,0.6043,2.607
66.2054,0.5793,2.4966
66.2056,0.5953,2.5671
66.2058,0.6354,2.7372
66.2060,0.6803,2.9309
66.2062,0.652,2.8077
66.2064,0.6507,2.8033
66.2066,0.6484,2.7974
66.2068,0.5896,2.5411
66.2070,0.5724,2.4672
66.2072,0.6106,2.6291
66.2074,0.6246,2.6945
66.2076,0.5654,2.4389
66.2078,0.5335,2.3024
66.2080,0.5441,2.3452
66.2082,0.5481,2.3633
66.2084,0.5911,2.5478
66.2086,0.614,2.6489
66.2088,0.5664,2.4413
66.2090,0.5936,2.5622
66.2092,0.5526,2.3819
66.2094,0.5989,2.5814
66.2096,0.5421,2.3407
66.2098,0.5112,2.2041
66.2100,0.5571,2.4032
66.2102,0.5399,2.3303
66.2104,0.4777,2.0646
66.2106,0.4548,1.9656
66.2108,0.447,1.9302
66.2110,0.4495,1.941
66.2112,0.4495,1.9419
66.2114,0.4469,1.9305
66.2116,0.4466,1.9259
66.2118,0.4532,1.9562
66.2120,0.4524,1.9535
66.2122,0.4699,2.0281
66.2124,0.5242,2.2605
66.2126,0.5106,2.2046
66.2128,0.4612,1.9913
66.2130,0.4526,1.9545
66.2132,0.4466,1.9268
66.2134,0.4564,1.9678
66.2136,0.4606,1.9887
66.2138,0.4592,1.9839
66.2140,0.452,1.9519
66.2142,0.4502,1.9432
66.2144,0.4685,2.02
66.2146,0.5529,2.3818
66.2148,0.6168,2.6547
66.2150,0.6341,2.7315
66.2152,0.5389,2.3225
66.2154,0.4842,2.0878
66.2156,0.5152,2.2237
66.2158,0.4959,2.1384
66.2160,0.5524,2.3786
66.2162,0.6059,2.6101
66.2164,0.6172,2.6575
66.2166,0.6102,2.6275
66.2168,0.5903,2.543
66.2170,0.5913,2.5459
66.2172,0.6327,2.7271
66.2174,0.5929,2.5508
66.2176,0.6307,2.7145
66.2178,0.6182,2.6596
66.2180,0.6666,2.8662
66.2182,0.7568,3.2529
66.2184,0.7513,3.2262
66.2186,0.7498,3.2225
66.2188,0.6572,2.8312
66.2190,0.5893,2.5388
66.2192,0.5495,2.3728
66.2194,0.4809,2.0748
66.2196,0.4749,2.048
66.2198,0.4697,2.0252
66.2200,0.4901,2.1082
66.2202,0.5913,2.5471
66.2204,0.5512,2.379
66.2206,0.4787,2.064
66.2208,0.4863,2.0971
66.2210,0.4749,2.0489
66.2212,0.4869,2.0997
66.2214,0.5632,2.424
66.2216,0.5592,2.4058
66.2218,0.5999,2.5879
66.2220,0.462,1.9949
66.2222,0.409,1.7652
66.2224,0.4357,1.878
66.2226,0.4755,2.0505
66.2228,0.5088,2.1948
66.2230,0.5186,2.2362
66.2232,0.5377,2.3151
66.2234,0.5851,2.5161
66.2236,0.7024,3.0203
66.2238,0.7104,3.0506
66.2240,0.7245,3.1123
66.2242,0.7149,3.0754
66.2244,0.6704,2.8827
66.2246,0.6805,2.9273
66.2248,0.6484,2.7883
66.2250,0.7203,3.0928
66.2252,0.8612,3.6961
66.2254,0.7691,3.307
66.2256,0.7183,3.086
66.2258,0.823,3.5308
66.2260,0.8584,3.6808
66.2262,0.852,3.6587
66.2264,0.8524,3.6568
66.2266,0.888,3.806
66.2268,0.8965,3.8425
66.2270,0.8837,3.7911
66.2272,0.9102,3.8975
66.2274,0.9612,4.1234
66.2276,0.9305,3.9842
66.2278,0.9831,4.2116
66.2280,1.0134,4.3436
66.2282,0.9829,4.2027
66.2284,1.0712,4.5849
66.2286,1.055,4.5135
66.2288,1.1483,4.9126
66.2290,1.1082,4.7407
66.2292,1.1166,4.7744
66.2294,1.1586,4.9543
66.2296,1.1094,4.7569
66.2298,0.9409,4.0327
66.2300,0.9219,3.957
66.2302,0.8992,3.8556
66.2304,0.9806,4.2008
66.2306,0.9351,4.0136
66.2308,0.9284,3.9848
66.2310,0.9679,4.1502
66.2312,1.0321,4.4155
66.2314,1.0939,4.6884
66.2316,0.9089,3.9027
66.2318,0.8842,3.7967
66.2320,0.9102,3.9084
66.2322,0.8427,3.6219
66.2324,0.7607,3.2724
66.2326,0.7748,3.3287
66.2328,0.8192,3.5242
66.2330,0.77,3.308
66.2332,0.7845,3.3672
66.2334,0.8339,3.5876
66.2336,0.7499,3.232
66.2338,0.7028,3.0233
66.2340,0.7636,3.2848
66.2342,0.7441,3.1983
66.2344,0.7747,3.3328
66.2346,0.7452,3.2044
66.2348,0.7908,3.3972
66.2350,0.8427,3.6185
66.2352,0.8538,3.6681
66.2354,0.8564,3.6824
66.2356,0.7861,3.3802
66.2358,0.8193,3.5198
66.2360,0.7963,3.424
66.2362,0.7886,3.3879
66.2364,0.7875,3.3864
66.2366,0.7654,3.2956
66.2368,0.7191,3.0992
66.2370,0.6989,3.0124
66.2372,0.7248,3.1182
66.2374,0.7923,3.407
66.2376,0.7797,3.3498
66.2378,0.7883,3.3895
66.2380,0.8074,3.4704
66.2382,0.8227,3.5391
66.2384,0.733,3.1577
66.2386,0.7004,3.0158
66.2388,0.7103,3.0572
66.2390,0.6829,2.9431
66.2392,0.5811,2.5055
66.2394,0.5734,2.4724
66.2396,0.5444,2.3484
66.2398,0.5482,2.3661
66.2400,0.5524,2.3786
66.2402,0.6223,2.6859
66.2404,0.557,2.4016
66.2406,0.5724,2.4694
66.2408,0.535,2.3081
66.2410,0.5425,2.3412
66.2412,0.5851,2.5161
66.2414,0.7667,3.2967
66.2416,0.7309,3.1518
66.2418,0.5688,2.4562
66.2420,0.5392,2.3262
66.2422,0.5655,2.4394
66.2424,0.5502,2.3727
66.2426,0.5959,2.5696
66.2428,0.6861,2.9543
66.2430,0.6642,2.8598
66.2432,0.6713,2.8908
66.2434,0.6633,2.8602
66.2436,0.577,2.4891
66.2438,0.5349,2.3075
66.2440,0.5512,2.379
66.2442,0.5401,2.3298
66.2444,0.5332,2.2992
66.2446,0.5916,2.5439
66.2448,0.6709,2.8928
66.2450,0.5758,2.4816
66.2452,0.5903,2.5442
66.2454,0.5968,2.5709
66.2456,0.6311,2.7186
66.2458,0.653,2.8118
66.2460,0.6596,2.8376
66.2462,0.6582,2.8353
66.2464,0.6612,2.8469
66.2466,0.6987,3.0043
66.2468,0.7325,3.1527
66.2470,0.6857,2.9555
66.2472,0.6119,2.6384
66.2474,0.6061,2.6112
66.2476,0.6154,2.6497
66.2478,0.6751,2.9028
66.2480,0.7733,3.3281
66.2482,0.7572,3.259
66.2484,0.7688,3.3029
66.2486,0.7698,3.3132
66.2488,0.7305,3.1483
66.2490,0.6982,3.0079
66.2492,0.5964,2.5729
66.2494,0.5691,2.4515
66.2496,0.6504,2.7992
66.2498,0.6759,2.9077
66.2500,0.6636,2.8573
66.2502,0.6465,2.7891
66.2504,0.5841,2.5173
66.2506,0.5988,2.5808
66.2508,0.5939,2.5597
66.2510,0.6122,2.6387
66.2512,0.6315,2.7156
66.2514,0.727,3.1202
66.2516,0.8085,3.4734
66.2518,0.767,3.2967
66.2520,0.7584,3.2657
66.2522,0.6942,2.9894
66.2524,0.6419,2.7625
66.2526,0.6243,2.6909
66.2528,0.6019,2.5895
66.2530,0.7217,3.1048
66.2532,0.6594,2.8431
66.2534,0.5589,2.4132
66.2536,0.4995,2.1569
66.2538,0.4795,2.0714
66.2540,0.4727,2.04
66.2542,0.4827,2.0825
66.2544,0.4861,2.097
66.2546,0.5144,2.215
66.2548,0.6029,2.596
66.2550,0.56,2.4145
66.2552,0.521,2.2475
66.2554,0.5273,2.2781
66.2556,0.4183,1.8073
66.2558,0.4008,1.7324
66.2560,0.3969,1.7153
66.2562,0.3999,1.7267
66.2564,0.4128,1.7818
66.2566,0.4642,2.0014
66.2568,0.5309,2.2862
66.2570,0.635,2.7344
66.2572,0.6458,2.7808
66.2574,0.5939,2.5573
66.2576,0.6267,2.6988
66.2578,0.6408,2.7579
66.2580,0.6737,2.8971
66.2582,0.6663,2.8678
66.2584,0.6546,2.8133
66.2586,0.7694,3.3009
66.2588,0.8898,3.8191
66.2590,0.8866,3.807
66.2592,0.8245,3.5386
66.2594,0.8319,3.5689
66.2596,0.8802,3.7762
66.2598,0.8988,3.8541
66.2600,0.8998,3.86
66.2602,0.9007,3.8605
66.2604,0.9536,4.091
66.2606,0.9645,4.132
66.2608,0.9808,4.1999
66.2610,0.9976,4.2758
66.2612,0.979,4.1922
66.2614,1.0064,4.3113
66.2616,0.9615,4.1172
66.2618,1.0101,4.3353
66.2620,0.9229,3.963
66.2622,0.8832,3.789
66.2624,0.8928,3.8319
66.2626,0.9017,3.8718
66.2628,0.8664,3.7187
66.2630,0.8783,3.775
66.2632,0.8309,3.5664
66.2634,0.8717,3.7449
66.2636,0.8133,3.4989
66.2638,0.7444,3.2053
66.2640,0.6989,3.0068
66.2642,0.7065,3.0407
66.2644,0.7136,3.0697
66.2646,0.6982,3.0037
66.2648,0.723,3.1105
66.2650,0.7339,3.1603
66.2652,0.7474,3.2167
66.2654,0.7104,3.052
66.2656,0.7739,3.3245
66.2658,0.8511,3.658
66.2660,0.818,3.5125
66.2662,0.8666,3.7227
66.2664,0.804,3.4619
66.2666,0.6875,2.9605
66.2668,0.6818,2.9357
66.2670,0.7078,3.0435
66.2672,0.7572,3.256
66.2674,0.7673,3.2993
66.2676,0.7372,3.1728
66.2678,0.6899,2.9653
66.2680,0.7625,3.2741
66.2682,0.8302,3.57
66.2684,0.8016,3.4515
66.2686,0.7079,3.0469
66.2688,0.6934,2.983
66.2690,0.7277,3.1291
66.2692,0.7703,3.3152
66.2694,0.707,3.0385
66.2696,0.7849,3.3751
66.2698,0.764,3.2884
66.2700,0.7427,3.2025
66.2702,0.6363,2.7413
66.2704,0.6313,2.7171
66.2706,0.6776,2.9204
66.2708,0.6342,2.7346
66.2710,0.5885,2.5364
66.2712,0.5886,2.5381
66.2714,0.5871,2.5326
66.2716,0.5767,2.4858
66.2718,0.6062,2.6117
66.2720,0.6176,2.662
66.2722,0.5794,2.5018
66.2724,0.4842,2.0926
66.2726,0.4582,1.9747
66.2728,0.5484,2.366
66.2730,0.4956,2.1389
66.2732,0.4933,2.132
66.2734,0.4536,1.9568
66.2736,0.5183,2.2372
66.2738,0.4919,2.1258
66.2740,0.4396,1.8989
66.2742,0.4319,1.8641
66.2744,0.439,1.8964
66.2746,0.4476,1.9337
66.2748,0.4469,1.9305
66.2750,0.4514,1.9484
66.2752,0.4582,1.9792
66.2754,0.4464,1.9276
66.2756,0.4451,1.9228
66.2758,0.4452,1.9215
66.2760,0.4472,1.9312
66.2762,0.4343,1.8762
66.2764,0.4289,1.8528
66.2766,0.4287,1.8518
66.2768,0.4339,1.872
66.2770,0.5284,2.2796
66.2772,0.4765,2.0556
66.2774,0.447,1.9284
66.2776,0.4475,1.9313
66.2778,0.451,1.9445
66.2780,0.4474,1.9317
66.2782,0.4453,1.922
66.2784,0.4459,1.9255
66.2786,0.4466,1.9268
66.2788,0.4458,1.9232
66.2790,0.4463,1.9262
66.2792,0.4427,1.9106
66.2794,0.4378,1.8886
66.2796,0.4442,1.9174
66.2798,0.4501,1.9427
66.2800,0.4614,1.9923
66.2802,0.4466,1.9268
66.2804,0.4432,1.9118
66.2806,0.4487,1.9356
66.2808,0.4543,1.9599
66.2810,0.5004,2.1556
66.2812,0.5481,2.3579
66.2814,0.6462,2.7733
66.2816,0.7413,3.1903
66.2818,0.6537,2.8136
66.2820,0.6264,2.701
66.2822,0.4735,2.0436
66.2824,0.4935,2.1251
66.2826,0.5745,2.4713
66.2828,0.616,2.6498
66.2830,0.6157,2.65
66.2832,0.6229,2.6785
66.2834,0.6542,2.8118
66.2836,0.6594,2.8366
66.2838,0.5933,2.5547
66.2840,0.5948,2.5626
66.2842,0.609,2.6163
66.2844,0.6939,2.9796
66.2846,0.7693,3.3065
66.2848,0.7137,3.0688
66.2850,0.7207,3.0978
66.2852,0.7722,3.3158
66.2854,0.7446,3.2018
66.2856,0.6926,2.9781
66.2858,0.6911,2.9732
66.2860,0.7188,3.0881
66.2862,0.7468,3.2111
66.2864,0.6542,2.8118
66.2866,0.7387,3.1736
66.2868,0.7528,3.2384
66.2870,0.7353,3.1601
66.2872,0.7146,3.0758
66.2874,0.668,2.8737
66.2876,0.6775,2.9144
66.2878,0.7336,3.15
66.2880,0.7168,3.0865
66.2882,0.5904,2.5423
66.2884,0.5524,2.3797
66.2886,0.5118,2.2087
66.2888,0.5068,2.1845
66.2890,0.5799,2.498
66.2892,0.5136,2.2175
66.2894,0.4054,1.7489
66.2896,0.4055,1.7486
66.2898,0.4464,1.924
66.2900,0.5103,2.1995
66.2902,0.529,2.2811
66.2904,0.4855,2.0925
66.2906,0.5055,2.1747
66.2908,0.6267,2.6975
66.2910,0.6407,2.7548
66.2912,0.6835,2.9375
66.2914,0.6938,2.9804
66.2916,0.7125,3.0579
66.2918,0.7228,3.1051
66.2920,0.7595,3.2597
66.2922,0.8502,3.6459
66.2924,0.8573,3.6762
66.2926,0.8776,3.7596
66.2928,0.8922,3.8258
66.2930,0.9166,3.9265
66.2932,0.9233,3.9534
66.2934,0.9239,3.9578
66.2936,0.9757,4.1817
66.2938,0.9977,4.2743
66.2940,0.9872,4.231
66.2942,0.9167,3.9307
66.2944,0.8595,3.6872
66.2946,0.8282,3.5512
66.2948,0.8535,3.6614
66.2950,0.819,3.5133
66.2952,0.8796,3.7736
66.2954,0.9166,3.9357
66.2956,0.8451,3.6288
66.2958,0.8474,3.6335
66.2960,0.902,3.8716
66.2962,0.8567,3.6788
66.2964,0.797,3.4271
66.2966,0.7501,3.224
66.2968,0.7795,3.3519
66.2970,0.7999,3.4363
66.2972,0.7715,3.3142
66.2974,0.7869,3.3807
66.2976,0.7892,3.3905
66.2978,0.8212,3.5264
66.2980,0.7942,3.4137
66.2982,0.7778,3.34
66.2984,0.7853,3.375
66.2986,0.7842,3.3735
66.2988,0.7264,3.1205
66.2990,0.7535,3.237
66.2992,0.7604,3.2699
66.2994,0.7736,3.3219
66.2996,0.8688,3.7308
66.2998,0.8445,3.6296
66.3000,0.7546,3.2446
66.3002,0.7488,3.2184
66.3004,0.7175,3.0896
66.3006,0.6832,2.9392
66.3008,0.7182,3.0826
66.3010,0.7646,3.2849
66.3012,0.7698,3.3132
66.3014,0.702,3.0244
66.3016,0.7139,3.067
66.3018,0.7363,3.1692
66.3020,0.7034,3.0259
66.3022,0.7121,3.0621
66.3024,0.7079,3.0398
66.3026,0.7172,3.0866
66.3028,0.6855,2.9531
66.3030,0.6771,2.9156
66.3032,0.7024,3.0217
66.3034,0.7628,3.2756
66.3036,0.8236,3.5367
66.3038,0.8126,3.4909
66.3040,0.7282,3.1356
66.3042,0.6672,2.8714
66.3044,0.715,3.0745
66.3046,0.7499,3.2215
66.3048,0.7658,3.2916
66.3050,0.7626,3.2822
66.3052,0.7128,3.0652
66.3054,0.7174,3.0862
66.3056,0.6865,2.9531
66.3058,0.6854,2.9499
66.3060,0.6761,2.9088
66.3062,0.7431,3.1996
66.3064,0.6978,3.0035
66.3066,0.697,3.0013
66.3068,0.7191,3.0906
66.3070,0.7686,3.3049
66.3072,0.7254,3.128
66.3074,0.5836,2.5176
66.3076,0.5441,2.343
66.3078,0.677,2.9151
66.3080,0.6272,2.7071
66.3082,0.5343,2.306
66.3084,0.5276,2.276
66.3086,0.5307,2.2884
66.3088,0.5318,2.293
66.3090,0.5287,2.2806
66.3092,0.5284,2.2786
66.3094,0.5284,2.2786
66.3096,0.5287,2.2796
66.3098,0.5411,2.3323
66.3100,0.5859,2.5274
66.3102,0.5343,2.3039
66.3104,0.5291,2.2827
66.3106,0.532,2.2951
66.3108,0.558,2.4018
66.3110,0.5791,2.4973
66.3112,0.5307,2.2884
66.3114,0.5305,2.2863
66.3116,0.5793,2.4966
66.3118,0.5379,2.3183
66.3120,0.524,2.2594
66.3122,0.5266,2.2697
66.3124,0.5253,2.2651
66.3126,0.5276,2.2749
66.3128,0.5261,2.2698
66.3130,0.5237,2.2573
66.3132,0.5288,2.2801
66.3134,0.5404,2.3292
66.3136,0.6094,2.6227
66.3138,0.6713,2.8868
66.3140,0.6279,2.7052
66.3142,0.6186,2.6612
66.3144,0.6349,2.7339
66.3146,0.6501,2.7955
66.3148,0.7516,3.2287
66.3150,0.7573,3.2565
66.3152,0.7344,3.1595
66.3154,0.6679,2.8732
66.3156,0.6887,2.9616
66.3158,0.6717,2.8897
66.3160,0.6644,2.8569
66.3162,0.7107,3.0602
66.3164,0.6616,2.8477
66.3166,0.6465,2.7839
66.3168,0.6866,2.955
66.3170,0.6928,2.9805
66.3172,0.6616,2.8437
66.3174,0.7483,3.2148
66.3176,0.7764,3.34
66.3178,0.6851,2.9502
66.3180,0.6841,2.9428
66.3182,0.6724,2.8941
66.3184,0.673,2.8954
66.3186,0.7411,3.1884
66.3188,0.6842,2.9433
66.3190,0.599,2.5807
66.3192,0.5782,2.492
66.3194,0.5789,2.4939
66.3196,0.58,2.5009
66.3198,0.5862,2.5289
66.3200,0.5056,2.1803
66.3202,0.4747,2.0469
66.3204,0.4739,2.0452
66.3206,0.4764,2.0551
66.3208,0.4965,2.139
66.3210,0.5498,2.3717
66.3212,0.5235,2.2553
66.3214,0.4841,2.0911
66.3216,0.4535,1.9545
66.3218,0.5204,2.2439
66.3220,0.5004,2.1566
66.3222,0.5,2.155
66.3224,0.5025,2.1669
66.3226,0.4477,1.9333
66.3228,0.4188,1.8077
66.3230,0.4883,2.1034
66.3232,0.6198,2.6638
66.3234,0.7071,3.0404
66.3236,0.6749,2.9023
66.3238,0.6862,2.9521
66.3240,0.6339,2.7272
66.3242,0.6193,2.6606
66.3244,0.7052,3.0237
66.3246,0.7824,3.3564
66.3248,0.8002,3.4427
66.3250,0.7204,3.0934
66.3252,0.8176,3.506
66.3254,0.8687,3.7285
66.3256,0.8843,3.7866
66.3258,0.9723,4.1615
66.3260,1.0077,4.3189
66.3262,1.0178,4.3539
66.3264,1.0849,4.6412
66.3266,1.1079,4.7441
66.3268,1.0013,4.2937
66.3270,0.9803,4.1959
66.3272,1.0116,4.3278
66.3274,1.0594,4.5256
66.3276,1.1125,4.7592
66.3278,1.0967,4.7002
66.3280,0.9898,4.2443
66.3282,0.9636,4.1356
66.3284,0.8958,3.843
66.3286,0.9279,3.9809
66.3288,0.8998,3.86
66.3290,0.8809,3.781
66.3292,0.8857,3.8016
66.3294,0.8848,3.7992
66.3296,0.8899,3.8214
66.3298,0.8843,3.7936
66.3300,0.9182,3.9392
66.3302,0.8708,3.7373
66.3304,0.842,3.6188
66.3306,0.8422,3.6131
66.3308,0.9391,4.0268
66.3310,0.9259,3.9758
66.3312,0.8758,3.7606
66.3314,0.9118,3.9096
66.3316,0.9194,3.9499
66.3318,0.8859,3.8056
66.3320,0.8365,3.5951
66.3322,0.8775,3.7678
66.3324,0.8661,3.7206
66.3326,0.8598,3.6956
66.3328,0.8242,3.5475
66.3330,0.7514,3.2327
66.3332,0.7603,3.2724
66.3334,0.7417,3.1894
66.3336,0.768,3.2993
66.3338,0.8206,3.5271
66.3340,0.8052,3.4622
66.3342,0.8267,3.5567
66.3344,0.7185,3.098
66.3346,0.6133,2.6422
66.3348,0.6772,2.9148
66.3350,0.6957,2.9984
66.3352,0.6152,2.6516
66.3354,0.6052,2.6094
66.3356,0.6084,2.6222
66.3358,0.6612,2.8456
66.3360,0.6637,2.8604
66.3362,0.6019,2.5955
66.3364,0.5929,2.5567
66.3366,0.5981,2.5766
66.3368,0.5964,2.5717
66.3370,0.5914,2.5488
66.3372,0.6318,2.7217
66.3374,0.6164,2.663
66.3376,0.5041,2.1746
66.3378,0.5049,2.1792
66.3380,0.5404,2.3303
66.3382,0.5676,2.4465
66.3384,0.5359,2.3117
66.3386,0.5082,2.1902
66.3388,0.5418,2.3375
66.3390,0.5034,2.1755
66.3392,0.4496,1.9425
66.3394,0.4456,1.924
66.3396,0.4541,1.9607
66.3398,0.4601,1.9875
66.3400,0.446,1.9251
66.3402,0.4444,1.9197
66.3404,0.449,1.9399
66.3406,0.4507,1.9462
66.3408,0.4499,1.9435
66.3410,0.4488,1.9388
66.3412,0.4459,1.9255
66.3414,0.4555,1.9651
66.3416,0.508,2.1917
66.3418,0.5362,2.3111
66.3420,0.5724,2.4637
66.3422,0.6287,2.7108
66.3424,0.5819,2.5103
66.3426,0.56,2.4157
66.3428,0.4749,2.0508
66.3430,0.4981,2.1507
66.3432,0.4751,2.0494
66.3434,0.5314,2.2893
66.3436,0.5487,2.3637
66.3438,0.5633,2.4279
66.3440,0.579,2.4933
66.3442,0.638,2.7486
66.3444,0.6187,2.6629
66.3446,0.5836,2.5152
66.3448,0.5512,2.3768
66.3450,0.5013,2.1587
66.3452,0.5484,2.3627
66.3454,0.5859,2.5239
66.3456,0.595,2.5631
66.3458,0.5844,2.5188
66.3460,0.5783,2.4925
66.3462,0.5941,2.5619
66.3464,0.5757,2.48
66.3466,0.5826,2.5088
66.3468,0.5981,2.5754
66.3470,0.5678,2.447
66.3472,0.5742,2.4749
66.3474,0.6168,2.6534
66.3476,0.6526,2.809
66.3478,0.6555,2.8214
66.3480,0.6502,2.8
66.3482,0.6007,2.5831
66.3484,0.6547,2.8151
66.3486,0.6371,2.7432
66.3488,0.6212,2.6762
66.3490,0.6428,2.7641
66.3492,0.6766,2.9122
66.3494,0.6259,2.6964
66.3496,0.6092,2.6234
66.3498,0.6531,2.8071
66.3500,0.699,3.0059
66.3502,0.6921,2.9746
66.3504,0.7433,3.1902
66.3506,0.8506,3.6508
66.3508,0.8073,3.4666
66.3510,0.8125,3.4904
66.3512,0.851,3.6523
66.3514,0.8923,3.8263
66.3516,0.8597,3.6968
66.3518,0.7248,3.1211
66.3520,0.6506,2.8041
66.3522,0.5891,2.5378
66.3524,0.5823,2.5119
66.3526,0.5066,2.1865
66.3528,0.4887,2.1074
66.3530,0.4831,2.0841
66.3532,0.4791,2.067
66.3534,0.4817,2.0779
66.3536,0.4855,2.0935
66.3538,0.4885,2.1083
66.3540,0.4827,2.0806
66.3542,0.5115,2.2036
66.3544,0.6174,2.6572
66.3546,0.5663,2.4453
66.3548,0.4193,1.8114
66.3550,0.3921,1.693
66.3552,0.3866,1.67
66.3554,0.3935,1.7
66.3556,0.4077,1.7603
66.3558,0.4102,1.7704
66.3560,0.406,1.7523
66.3562,0.4203,1.813
66.3564,0.4634,1.9992
66.3566,0.5296,2.2805
66.3568,0.5313,2.2899
66.3570,0.4965,2.138
66.3572,0.5325,2.2908
66.3574,0.6335,2.7264
66.3576,0.647,2.7834
66.3578,0.6283,2.703
66.3580,0.6799,2.922
66.3582,0.7031,3.0206
66.3584,0.7179,3.0797
66.3586,0.8446,3.62
66.3588,0.8926,3.8273
66.3590,0.8934,3.8327
66.3592,0.8642,3.7055
66.3594,0.8802,3.7744
66.3596,0.9499,4.0674
66.3598,0.9736,4.173
66.3600,0.9125,3.9072
66.3602,0.9507,4.0691
66.3604,0.9803,4.1998
66.3606,0.9462,4.0572
66.3608,0.9478,4.0568
66.3610,1.0122,4.3344
66.3612,0.9913,4.2545
66.3614,0.8458,3.6302
66.3616,0.8501,3.6453
66.3618,0.8969,3.8423
66.3620,0.9785,4.198
66.3622,0.9457,4.0551
66.3624,0.8775,3.7678
66.3626,0.824,3.5415
66.3628,0.7632,3.2787
66.3630,0.8152,3.4957
66.3632,0.862,3.6945
66.3634,0.8741,3.7499
66.3636,0.8643,3.7129
66.3638,0.8155,3.5049
66.3640,0.8263,3.5529
66.3642,0.8362,3.589
66.3644,0.8922,3.8258
66.3646,0.9182,3.9411
66.3648,0.86,3.6927
66.3650,0.8751,3.754
66.3652,0.9077,3.8958
66.3654,0.8938,3.8396
66.3656,0.8431,3.6218
66.3658,0.8354,3.5871
66.3660,0.8615,3.6959
66.3662,0.8704,3.7375
66.3664,0.8307,3.572
66.3666,0.8035,3.4502
66.3668,0.8939,3.833
66.3670,0.907,3.8909
66.3672,0.9022,3.8703
66.3674,0.9498,4.0745
66.3676,0.9807,4.1994
66.3678,1.0047,4.3041
66.3680,1.0192,4.3744
66.3682,0.8881,3.8154
66.3684,0.8377,3.6002
66.3686,0.8389,3.6071
66.3688,0.7879,3.3864
66.3690,0.8089,3.4766
66.3692,0.8084,3.4729
66.3694,0.8484,3.6432
66.3696,0.8062,3.4717
66.3698,0.6857,2.9542
66.3700,0.6806,2.9306
66.3702,0.6841,2.9455
66.3704,0.6913,2.9724
66.3706,0.7353,3.1587
66.3708,0.8181,3.5179
66.3710,0.7675,3.3034
66.3712,0.7414,3.1923
66.3714,0.6634,2.8607
66.3716,0.6136,2.6444
66.3718,0.6055,2.6122
66.3720,0.5409,2.3345
66.3722,0.5367,2.3142
66.3724,0.5824,2.5112
66.3726,0.5416,2.3354
66.3728,0.5335,2.3013
66.3730,0.5345,2.3081
66.3732,0.5365,2.3143
66.3734,0.541,2.3339
66.3736,0.5355,2.3112
66.3738,0.5344,2.3023
66.3740,0.6192,2.6662
66.3742,0.5989,2.5802
66.3744,0.606,2.6143
66.3746,0.5456,2.3536
66.3748,0.5281,2.2759
66.3750,0.5241,2.261
66.3752,0.5333,2.3008
66.3754,0.5332,2.2992
66.3756,0.5353,2.308
66.3758,0.5426,2.3396
66.3760,0.5856,2.5252
66.3762,0.548,2.3628
66.3764,0.5445,2.3478
66.3766,0.5362,2.3132
66.3768,0.5354,2.3107
66.3770,0.5353,2.308
66.3772,0.5475,2.3586
66.3774,0.5986,2.5798
66.3776,0.6072,2.6195
66.3778,0.5347,2.3044
66.3780,0.5231,2.2558
66.3782,0.5257,2.2688
66.3784,0.5288,2.2812
66.3786,0.5855,2.52
66.3788,0.6138,2.6467
66.3790,0.5338,2.3029
66.3792,0.527,2.2723
66.3794,0.5355,2.3069
66.3796,0.532,2.2951
66.3798,0.5201,2.2439
66.3800,0.5218,2.2491
66.3802,0.5231,2.2568
66.3804,0.5278,2.277
66.3806,0.5442,2.3468
66.3808,0.6054,2.6056
66.3810,0.6938,2.9846
66.3812,0.6728,2.8957
66.3814,0.6534,2.8108
66.3816,0.707,3.0442
66.3818,0.6375,2.7414
66.3820,0.7174,3.0833
66.3822,0.7174,3.0848
66.3824,0.744,3.1978
66.3826,0.7353,3.1616
66.3828,0.6859,2.9519
66.3830,0.6664,2.863
66.3832,0.704,3.0313
66.3834,0.6932,2.9806
66.3836,0.7893,3.3894
66.3838,0.8064,3.4657
66.3840,0.7289,3.1357
66.3842,0.7323,3.1487
66.3844,0.7284,3.1278
66.3846,0.7994,3.4358
66.3848,0.8056,3.461
66.3850,0.8356,3.5898
66.3852,0.8052,3.4606
66.3854,0.8458,3.6302
66.3856,0.876,3.7581
66.3858,0.7942,3.4137
66.3860,0.752,3.2338
66.3862,0.7114,3.0647
66.3864,0.5925,2.5523
66.3866,0.6179,2.663
66.3868,0.5934,2.5564
66.3870,0.5753,2.4796
66.3872,0.5585,2.405
66.3874,0.6391,2.7532
66.3876,0.6235,2.6823
66.3878,0.6476,2.7912
66.3880,0.5416,2.3354
66.3882,0.5032,2.171
66.3884,0.4947,2.1343
66.3886,0.5028,2.1699
66.3888,0.5396,2.3234
66.3890,0.6154,2.6509
66.3892,0.5652,2.4339
66.3894,0.5801,2.5014
66.3896,0.544,2.3469
66.3898,0.554,2.3876
66.3900,0.5531,2.3851
66.3902,0.4998,2.153
66.3904,0.5976,2.5757
66.3906,0.6283,2.7042
66.3908,0.7282,3.1254
66.3910,0.7743,3.3281
66.3912,0.7568,3.2559
66.3914,0.7083,3.047
66.3916,0.7255,3.1169
66.3918,0.7615,3.2715
66.3920,0.7818,3.3585
66.3922,0.8233,3.5335
66.3924,0.8353,3.5816
66.3926,0.9399,4.0286
66.3928,0.9693,4.1506
66.3930,0.9743,4.178
66.3932,0.9735,4.1725
66.3934,0.9506,4.0743
66.3936,0.9752,4.1797
66.3938,0.9782,4.1925
66.3940,0.932,3.9965
66.3942,0.8948,3.8425
66.3944,0.8234,3.5389
66.3946,0.8634,3.7093
66.3948,0.8227,3.5325
66.3950,0.8116,3.4884
66.3952,0.8066,3.4652
66.3954,0.8035,3.4518
66.3956,0.8372,3.5915
66.3958,0.8667,3.7232
66.3960,0.8275,3.5564
66.3962,0.807,3.4651
66.3964,0.8428,3.6207
66.3966,0.8525,3.6641
66.3968,0.7993,3.4305
66.3970,0.849,3.6424
66.3972,0.832,3.5727
66.3974,0.792,3.4023
66.3976,0.8109,3.4886
66.3978,0.7845,3.3735
66.3980,0.7976,3.4281
66.3982,0.7643,3.2879
66.3984,0.7799,3.3487
66.3986,0.811,3.4842
66.3988,0.7954,3.4188
66.3990,0.7977,3.427
66.3992,0.8218,3.5355
66.3994,0.7427,3.1995
66.3996,0.7008,3.0164
66.3998,0.7061,3.0349
66.4000,0.7981,3.4302
66.4002,0.7618,3.2771
66.4004,0.7444,3.2038
66.4006,0.695,2.9925
66.4008,0.7296,3.1374
66.4010,0.7559,3.2518
66.4012,0.7266,3.1303
66.4014,0.6243,2.6909
66.4016,0.6331,2.7287
66.4018,0.6652,2.8632
66.4020,0.6975,3.0034
66.4022,0.6969,3.0008
66.4024,0.7112,3.0608
66.4026,0.6809,2.9376
66.4028,0.6008,2.5908
66.4030,0.602,2.5948
66.4032,0.6116,2.6349
66.4034,0.614,2.6416
66.4036,0.68,2.9226
66.4038,0.7453,3.2064
66.4040,0.6958,3.0003
66.4042,0.6773,2.9193
66.4044,0.641,2.7628
66.4046,0.6119,2.6347
66.4048,0.6404,2.7615
66.4050,0.5889,2.5391
66.4052,0.5814,2.5048
66.4054,0.5977,2.5762
66.4056,0.5877,2.5328
66.4058,0.5705,2.4612
66.4060,0.5948,2.5638
66.4062,0.6492,2.7979
66.4064,0.5856,2.524
66.4066,0.541,2.3328
66.4068,0.5474,2.3613
66.4070,0.5646,2.4313
66.4072,0.6753,2.9052
66.4074,0.6817,2.9366
66.4076,0.652,2.8103
66.4078,0.6264,2.696
66.4080,0.6116,2.6374
66.4082,0.5865,2.5276
66.4084,0.6272,2.7021
66.4086,0.6042,2.6053
66.4088,0.4866,2.101
66.4090,0.5094,2.1994
66.4092,0.4844,2.0917
66.4094,0.4637,2.0031
66.4096,0.4953,2.1378
66.4098,0.4825,2.0825
66.4100,0.4542,1.9621
66.4102,0.4471,1.9298
66.4104,0.4465,1.9281
66.4106,0.4434,1.9129
66.4108,0.4445,1.9193
66.4110,0.4484,1.9355
66.4112,0.4446,1.9198
66.4114,0.442,1.9067
66.4116,0.4426,1.911
66.4118,0.446,1.926
66.4120,0.451,1.9464
66.4122,0.448,1.9325
66.4124,0.4612,1.9903
66.4126,0.5145,2.2206
66.4128,0.4748,2.0484
66.4130,0.4536,1.9586
66.4132,0.4489,1.9376
66.4134,0.4548,1.962
66.4136,0.5083,2.1897
66.4138,0.55,2.3694
66.4140,0.6143,2.6451
66.4142,0.6227,2.6837
66.4144,0.5871,2.5302
66.4146,0.6084,2.6173
66.4148,0.6162,2.657
66.4150,0.5464,2.3539
66.4152,0.571,2.4575
66.4154,0.6086,2.6196
66.4156,0.6018,2.5914
66.4158,0.5921,2.5507
66.4160,0.6225,2.6819
66.4162,0.6254,2.6906
66.4164,0.6724,2.8901
66.4166,0.7616,3.2705
66.4168,0.7813,3.3549
66.4170,0.7553,3.2432
66.4172,0.759,3.2667
66.4174,0.7252,3.1183
66.4176,0.7488,3.2199
66.4178,0.6331,2.7287
66.4180,0.5749,2.4757
66.4182,0.5631,2.4268
66.4184,0.5205,2.2444
66.4186,0.4747,2.0479
66.4188,0.4773,2.0583
66.4190,0.4915,2.1193
66.4192,0.485,2.0943
66.4194,0.4711,2.0324
66.4196,0.4706,2.0275
66.4198,0.5425,2.3401
66.4200,0.4957,2.1384
66.4202,0.5078,2.1876
66.4204,0.5631,2.4268
66.4206,0.4707,2.0327
66.4208,0.4113,1.7751
66.4210,0.4311,1.8613
66.4212,0.3824,1.6526
66.4214,0.393,1.698
66.4216,0.4122,1.7792
66.4218,0.4107,1.7725
66.4220,0.4289,1.8494
66.4222,0.4996,2.1515
66.4224,0.5398,2.3244
66.4226,0.5337,2.2981
66.4228,0.6293,2.7058
66.4230,0.664,2.8593
66.4232,0.6079,2.6153
66.4234,0.6469,2.7816
66.4236,0.697,2.9957
66.4238,0.7013,3.0101
66.4240,0.7824,3.3564
66.4242,0.796,3.4214
66.4244,0.7392,3.1683
66.4246,0.9219,3.9478
66.4248,0.9661,4.1406
66.4250,0.9196,3.9412
66.4252,0.9421,4.034
66.4254,0.9766,4.18
66.4256,1.0072,4.3088
66.4258,1.0155,4.3503
66.4260,0.9829,4.2106
66.4262,1.0249,4.3909
66.4264,1.0086,4.319
66.4266,1.0155,4.3442
66.4268,1.0086,4.321
66.4270,1.0024,4.2903
66.4272,1.0175,4.3509
66.4274,1.0965,4.6888
66.4276,1.1143,4.7646
66.4278,1.0499,4.4998
66.4280,0.971,4.1617
66.4282,0.9965,4.2632
66.4284,1.0571,4.5222
66.4286,1.0703,4.5893
66.4288,0.932,4.0002
66.4290,0.866,3.7167
66.4292,0.8758,3.7606
66.4294,0.8469,3.6382
66.4296,0.8066,3.4652
66.4298,0.806,3.461
66.4300,0.865,3.7143
66.4302,0.8463,3.6357
66.4304,0.8038,3.4597
66.4306,0.7932,3.4043
66.4308,0.8755,3.7561
66.4310,0.9055,3.8865
66.4312,0.8883,3.8088
66.4314,0.8877,3.8169
66.4316,0.8084,3.4745
66.4318,0.8161,3.5042
66.4320,0.8122,3.4942
66.4322,0.7673,3.3008
66.4324,0.7661,3.291
66.4326,0.7966,3.4256
66.4328,0.8139,3.4982
66.4330,0.8234,3.5389
66.4332,0.7698,3.3116
66.4334,0.7089,3.0482
66.4336,0.7538,3.243
66.4338,0.7926,3.4049
66.4340,0.8456,3.6309
66.4342,0.8492,3.6463
66.4344,0.8463,3.6374
66.4346,0.7568,3.2574
66.4348,0.7017,3.0186
66.4350,0.7239,3.117
66.4352,0.7035,3.0306
66.4354,0.665,2.8635
66.4356,0.6584,2.8337
66.4358,0.6615,2.8498
66.4360,0.6666,2.8702
66.4362,0.6638,2.8556
66.4364,0.6877,2.9583
66.4366,0.6754,2.9084
66.4368,0.7288,3.1338
66.4370,0.7871,3.3875
66.4372,0.659,2.8403
66.4374,0.6324,2.7255
66.4376,0.6064,2.6122
66.4378,0.615,2.6506
66.4380,0.5488,2.3632
66.4382,0.5537,2.3888
66.4384,0.5137,2.217
66.4386,0.5253,2.2662
66.4388,0.5584,2.4089
66.4390,0.5585,2.4083
66.4392,0.5445,2.35
66.4394,0.5152,2.2227
66.4396,0.5143,2.2186
66.4398,0.5309,2.2894
66.4400,0.5259,2.2666
66.4402,0.5856,2.524
66.4404,0.5731,2.4725
66.4406,0.5176,2.2331
66.4408,0.5278,2.277
66.4410,0.5234,2.2579
66.4412,0.5138,2.2144
66.4414,0.5139,2.216
66.4416,0.5182,2.2356
66.4418,0.5307,2.2863
66.4420,0.6729,2.8948
66.4422,0.6908,2.9758
66.4424,0.629,2.7086
66.4426,0.5886,2.5381
66.4428,0.5505,2.3704
66.4430,0.6019,2.5955
66.4432,0.5841,2.5126
66.4434,0.6817,2.9325
66.4436,0.6977,3.0002
66.4438,0.7558,3.2498
66.4440,0.7317,3.1505
66.4442,0.653,2.8105
66.4444,0.6782,2.9175
66.4446,0.6806,2.9279
66.4448,0.7321,3.1482
66.4450,0.7381,3.1784
66.4452,0.6926,2.9781
66.4454,0.6986,3.0094
66.4456,0.6132,2.6429
66.4458,0.6151,2.6499
66.4460,0.6303,2.713
66.4462,0.6591,2.8342
66.4464,0.6749,2.9077
66.4466,0.6968,2.9961
66.4468,0.7312,3.1455
66.4470,0.6996,3.0085
66.4472,0.765,3.291
66.4474,0.7585,3.2647
66.4476,0.7212,3.1013
66.4478,0.6879,2.9593
66.4480,0.6413,2.7599
66.4482,0.6612,2.8443
66.4484,0.7267,3.1265
66.4486,0.7556,3.2508
66.4488,0.716,3.08
66.4490,0.7038,3.0251
66.4492,0.7736,3.325
66.4494,0.7616,3.275
66.4496,0.7344,3.1565
66.4498,0.7585,3.2601
66.4500,0.8339,3.5809
66.4502,0.7817,3.3658
66.4504,0.6836,2.9449
66.4506,0.67,2.8825
66.4508,0.6908,2.9731
66.4510,0.7102,3.0524
66.4512,0.7764,3.3338
66.4514,0.7626,3.2792
66.4516,0.7618,3.274
66.4518,0.7502,3.2276
66.4520,0.6336,2.732
66.4522,0.5811,2.5044
66.4524,0.5781,2.4903
66.4526,0.5903,2.5453
66.4528,0.5179,2.2362
66.4530,0.5228,2.2532
66.4532,0.5333,2.2987
66.4534,0.5785,2.497
66.4536,0.5176,2.2331
66.4538,0.4671,2.019
66.4540,0.407,1.7597
66.4542,0.3959,1.7096
66.4544,0.3957,1.7086
66.4546,0.3963,1.7096
66.4548,0.404,1.7427
66.4550,0.4663,2.0126
66.4552,0.416,1.7994
66.4554,0.3978,1.7195
66.4556,0.4217,1.8184
66.4558,0.4707,2.0299
66.4560,0.5427,2.3412
66.4562,0.5012,2.1622
66.4564,0.4963,2.137
66.4566,0.5701,2.4516
66.4568,0.6493,2.7958
66.4570,0.6163,2.6526
66.4572,0.65,2.795
66.4574,0.7006,3.014
66.4576,0.7108,3.0578
66.4578,0.7219,3.1
66.4580,0.7538,3.2325
66.4582,0.865,3.7126
66.4584,0.8848,3.7939
66.4586,0.9644,4.1315
66.4588,0.9835,4.2151
66.4590,0.9725,4.1664
66.4592,0.9782,4.1925
66.4594,0.9835,4.2151
66.4596,0.97,4.1556
66.4598,0.9318,3.9955
66.4600,0.9853,4.2208
66.4602,1.0252,4.3858
66.4604,1.1096,4.7513
66.4606,1.0723,4.5873
66.4608,1.0449,4.472
66.4610,1.0536,4.5115
66.4612,1.0794,4.637
66.4614,0.8585,3.6882
66.4616,0.8315,3.574
66.4618,0.8419,3.6149
66.4620,0.8847,3.7952
66.4622,0.8945,3.8392
66.4624,0.9059,3.888
66.4626,0.9155,3.931
66.4628,0.8265,3.5589
66.4630,0.7158,3.0795
66.4632,0.7666,3.2992
66.4634,0.7608,3.2684
66.4636,0.8409,3.6091
66.4638,0.8615,3.6994
66.4640,0.8519,3.6582
66.4642,0.8996,3.8613
66.4644,0.9029,3.8716
66.4646,0.9879,4.244
66.4648,0.8874,3.8123
66.4650,0.8728,3.753
66.4652,0.8302,3.5666
66.4654,0.8395,3.6046
66.4656,0.8562,3.6733
66.4658,0.8644,3.7117
66.4660,0.8763,3.7662
66.4662,0.8194,3.5252
66.4664,0.8064,3.4609
66.4666,0.857,3.6832
66.4668,0.7541,3.2441
66.4670,0.7636,3.2802
66.4672,0.8564,3.6721
66.4674,0.9036,3.8765
66.4676,0.9169,3.9336
66.4678,0.961,4.1248
66.4680,0.9354,4.0128
66.4682,0.8445,3.6296
66.4684,0.7668,3.3003
66.4686,0.7725,3.3266
66.4688,0.7247,3.1206
66.4690,0.6459,2.7839
66.4692,0.6116,2.6361
66.4694,0.6438,2.7772
66.4696,0.6131,2.6362
66.4698,0.7669,3.3008
66.4700,0.6625,2.8579
66.4702,0.5797,2.5033
66.4704,0.5097,2.1999
66.4706,0.492,2.1253
66.4708,0.4875,2.1071
66.4710,0.498,2.1502
66.4712,0.4996,2.1575
66.4714,0.4495,1.9428
66.4716,0.4056,1.754
66.4718,0.3998,1.7254
66.4720,0.4496,1.9416
66.4722,0.4519,1.9514
66.4724,0.4492,1.9395
66.4726,0.4547,1.9651
66.4728,0.4498,1.9439
66.4730,0.4478,1.9347
66.4732,0.4916,2.1228
66.4734,0.497,2.1461
66.4736,0.4673,2.0177
66.4738,0.4541,1.9616
66.4740,0.445,1.9214
66.4742,0.4483,1.935
66.4744,0.4512,1.9492
66.4746,0.4514,1.9502
66.4748,0.4829,2.0821
66.4750,0.5054,2.1803
66.4752,0.5052,2.1782
66.4754,0.5173,2.2346
66.4756,0.4543,1.9618
66.4758,0.4465,1.9281
66.4760,0.4444,1.9197
66.4762,0.4517,1.9504
66.4764,0.464,2.0009
66.4766,0.5284,2.2775
66.4768,0.5598,2.4129
66.4770,0.5305,2.2895
66.4772,0.4637,2.0021
66.4774,0.4572,1.9723
66.4776,0.4585,1.9771
66.4778,0.458,1.9769
66.4780,0.4544,1.9614
66.4782,0.4567,1.9712
66.4784,0.4499,1.9426
66.4786,0.4619,1.9934
66.4788,0.4775,2.0607
66.4790,0.4448,1.9191
66.4792,0.4564,1.9687
66.4794,0.4677,2.0179
66.4796,0.4664,2.0112
66.4798,0.4506,1.943
66.4800,0.4885,2.1054
66.4802,0.5438,2.3415
66.4804,0.6064,2.6098
66.4806,0.6405,2.7581
66.4808,0.5863,2.5248
66.4810,0.6071,2.6092
66.4812,0.6537,2.8149
66.4814,0.5728,2.4664
66.4816,0.5636,2.4289
66.4818,0.5739,2.4722
66.4820,0.5995,2.5792
66.4822,0.6602,2.8402
66.4824,0.6603,2.8407
66.4826,0.686,2.947
66.4828,0.779,3.3498
66.4830,0.7484,3.2153
66.4832,0.7978,3.4276
66.4834,0.7073,3.0429
66.4836,0.6619,2.8514
66.4838,0.5827,2.5104
66.4840,0.6066,2.6108
66.4842,0.6648,2.8584
66.4844,0.6901,2.9645
66.4846,0.7275,3.1252
66.4848,0.7532,3.2374
66.4850,0.7383,3.173
66.4852,0.7682,3.2972
66.4854,0.832,3.571
66.4856,0.7812,3.3575
66.4858,0.7477,3.2152
66.4860,0.6787,2.9182
66.4862,0.6571,2.8268
66.4864,0.6487,2.7945
66.4866,0.5901,2.5408
66.4868,0.604,2.6031
66.4870,0.602,2.5948
66.4872,0.5589,2.4088
66.4874,0.5421,2.3342
66.4876,0.5472,2.3586
66.4878,0.5498,2.3706
66.4880,0.4597,1.9841
66.4882,0.4078,1.7609
66.4884,0.4157,1.7959
66.4886,0.4523,1.952
66.4888,0.4775,2.0588
66.4890,0.489,2.1065
66.4892,0.5422,2.338
66.4894,0.5,2.155
66.4896,0.5296,2.2805
66.4898,0.6127,2.6347
66.4900,0.6448,2.7741
66.4902,0.6939,2.9823
66.4904,0.7609,3.2719
66.4906,0.7212,3.0998
66.4908,0.7384,3.1676
66.4910,0.8336,3.5694
66.4912,0.9264,3.9649
66.4914,0.9982,4.2763
66.4916,0.9682,4.1537
66.4918,0.9073,3.8906
66.4920,0.898,3.8523
66.4922,0.908,3.8937
66.4924,0.905,3.879
66.4926,0.9777,4.1865
66.4928,0.9684,4.1465
66.4930,0.9855,4.2219
66.4932,1.0293,4.4053
66.4934,1.0453,4.474
66.4936,1.05,4.4982
66.4938,0.9807,4.2033
66.4940,0.9751,4.1772
66.4942,0.9844,4.2173
66.4944,0.9247,3.9688
66.4946,0.8903,3.8229
66.4948,0.8395,3.6046
66.4950,0.8299,3.5601
66.4952,0.8172,3.5138
66.4954,0.8077,3.4682
66.4956,0.842,3.6154
66.4958,0.8059,3.4621
66.4960,0.8458,3.6302
66.4962,0.9001,3.8633
66.4964,0.8875,3.8111
66.4966,0.8885,3.8134
66.4968,0.858,3.6844
66.4970,0.8604,3.6913
66.4972,0.8955,3.8469
66.4974,0.8326,3.5769
66.4976,0.7879,3.3864
66.4978,0.8046,3.4596
66.4980,0.7881,3.3906
66.4982,0.7574,3.2585
66.4984,0.749,3.2224
66.4986,0.6777,2.9168
66.4988,0.6612,2.8469
66.4990,0.6644,2.8595
66.4992,0.6863,2.954
66.4994,0.6764,2.9112
66.4996,0.7451,3.2039
66.4998,0.7299,3.1399
66.5000,0.6751,2.9068
66.5002,0.6723,2.8936
66.5004,0.7258,3.1136
66.5006,0.8462,3.6351
66.5008,0.8245,3.5452
66.5010,0.8219,3.5327
66.5012,0.8578,3.6868
66.5014,0.7892,3.3936
66.5016,0.7887,3.3916
66.5018,0.7476,3.2192
66.5020,0.6902,2.9719
66.5022,0.6907,2.9739
66.5024,0.7012,3.018
66.5026,0.6688,2.8827
66.5028,0.6716,2.8878
66.5030,0.8145,3.5073
66.5032,0.6903,2.9752
66.5034,0.6535,2.8126
66.5036,0.6805,2.9287
66.5038,0.645,2.7772
66.5040,0.6577,2.8333
66.5042,0.6655,2.8669
66.5044,0.6784,2.9186
66.5046,0.7182,3.0927
66.5048,0.6862,2.9548
66.5050,0.7207,3.1021
66.5052,0.6987,3.0057
66.5054,0.7043,3.0342
66.5056,0.6615,2.8525
66.5058,0.6366,2.7436
66.5060,0.6306,2.714
66.5062,0.702,3.0174
66.5064,0.7802,3.355
66.5066,0.7493,3.2219
66.5068,0.7142,3.0723
66.5070,0.6909,2.9791
66.5072,0.5879,2.5362
66.5074,0.5547,2.3929
66.5076,0.5451,2.3493
66.5078,0.5908,2.5486
66.5080,0.571,2.4621
66.5082,0.5498,2.3684
66.5084,0.5873,2.5324
66.5086,0.557,2.4038
66.5088,0.5278,2.277
66.5090,0.5277,2.2776
66.5092,0.5261,2.2698
66.5094,0.5324,2.2945
66.5096,0.6182,2.6584
66.5098,0.6932,2.9862
66.5100,0.5568,2.4011
66.5102,0.5282,2.2786
66.5104,0.5266,2.2708
66.5106,0.5236,2.2579
66.5108,0.5245,2.2636
66.5110,0.5258,2.2682
66.5112,0.549,2.3664
66.5114,0.543,2.3427
66.5116,0.5254,2.2667
66.5118,0.5447,2.3467
66.5120,0.5451,2.3493
66.5122,0.5524,2.382
66.5124,0.5442,2.3468
66.5126,0.5414,2.3355
66.5128,0.5549,2.3906
66.5130,0.6176,2.6595
66.5132,0.6637,2.8551
66.5134,0.6722,2.8944
66.5136,0.6624,2.8495
66.5138,0.7062,3.0354
66.5140,0.7072,3.0466
66.5142,0.6528,2.8108
66.5144,0.6964,2.9959
66.5146,0.6656,2.8647
66.5148,0.6651,2.8613
66.5150,0.6734,2.8956
66.5152,0.7757,3.3338
66.5154,0.7553,3.2477
66.5156,0.7475,3.2112
66.5158,0.763,3.2746
66.5160,0.8371,3.596
66.5162,0.815,3.5028
66.5164,0.7582,3.2616
66.5166,0.6946,2.9854
66.5168,0.7041,3.0247
66.5170,0.7988,3.4253
66.5172,0.9043,3.8814
66.5174,0.8808,3.7858
66.5176,0.7381,3.1769
66.5178,0.685,2.9511
66.5180,0.6082,2.6224
66.5182,0.5433,2.3427
66.5184,0.5145,2.2186
66.5186,0.5487,2.3648
66.5188,0.5143,2.2186
66.5190,0.5203,2.2455
66.5192,0.4525,1.9558
66.5194,0.4193,1.8081
66.5196,0.5398,2.3309
66.5198,0.4183,1.8073
66.5200,0.3848,1.6622
66.5202,0.3911,1.6897
66.5204,0.3795,1.6394
66.5206,0.3711,1.6039
66.5208,0.37,1.6
66.5210,0.3761,1.6257
66.5212,0.3914,1.6907
66.5214,0.3826,1.6529
66.5216,0.3795,1.6402
66.5218,0.392,1.6933
66.5220,0.4261,1.8367
66.5222,0.4924,2.1215
66.5224,0.5591,2.4098
66.5226,0.6094,2.6202
66.5228,0.7164,3.0807
66.5230,0.7088,3.0519
66.5232,0.6747,2.8999
66.5234,0.7522,3.2298
66.5236,0.7596,3.2602
66.5238,0.8035,3.4485
66.5240,0.8621,3.7002
66.5242,0.8669,3.7139
66.5244,0.9652,4.1312
66.5246,1.0721,4.5863
66.5248,1.106,4.7315
66.5250,1.0937,4.6765
66.5252,1.0996,4.6999
66.5254,1.1108,4.752
66.5256,1.0939,4.684
66.5258,1.0072,4.3128
66.5260,1.0929,4.6734
66.5262,1.1652,4.9779
66.5264,1.1254,4.8168
66.5266,1.0977,4.6983
66.5268,1.1449,4.8954
66.5270,1.1277,4.8333
66.5272,0.9722,4.1726
66.5274,0.9511,4.0802
66.5276,0.9583,4.1072
66.5278,0.9887,4.2377
66.5280,0.995,4.2664
66.5282,0.9618,4.1317
66.5284,0.8748,3.7548
66.5286,0.9108,3.9146
66.5288,0.8127,3.4914
66.5290,0.8126,3.4909
66.5292,0.8166,3.5063
66.5294,0.8525,3.6641
66.5296,0.7836,3.3647
66.5298,0.8457,3.6297
66.5300,0.938,4.0222
66.5302,0.9613,4.1297
66.5304,0.8151,3.505
66.5306,0.748,3.2192
66.5308,0.7142,3.0751
66.5310,0.6777,2.9209
66.5312,0.6318,2.7179
66.5314,0.668,2.8777
66.5316,0.6759,2.9118
66.5318,0.692,2.9782
66.5320,0.6999,3.0137
66.5322,0.6871,2.9612
66.5324,0.6835,2.9402
66.5326,0.6977,3.003
66.5328,0.6345,2.7336
66.5330,0.6426,2.7669
66.5332,0.6903,2.971
66.5334,0.6788,2.9242
66.5336,0.6964,2.9973
66.5338,0.7548,3.2441
66.5340,0.7718,3.3204
66.5342,0.7383,3.1789
66.5344,0.7146,3.0772
66.5346,0.7235,3.114
66.5348,0.7176,3.0901
66.5350,0.6718,2.8983
66.5352,0.6104,2.6322
66.5354,0.6012,2.5924
66.5356,0.5446,2.3494
66.5358,0.5393,2.3256
66.5360,0.6344,2.728
66.5362,0.668,2.8817
66.5364,0.5421,2.3386
66.5366,0.5576,2.4098
66.5368,0.4843,2.0922
66.5370,0.4592,1.983
66.5372,0.5013,2.1637
66.5374,0.4841,2.0911
66.5376,0.4555,1.9669
66.5378,0.4547,1.9633
66.5380,0.4658,2.0124
66.5382,0.4778,2.0632
66.5384,0.4591,1.9806
66.5386,0.4595,1.9849
66.5388,0.4608,1.9906
66.5390,0.4544,1.9623
66.5392,0.4512,1.9456
66.5394,0.4957,2.1374
66.5396,0.5217,2.2506
66.5398,0.4608,1.9906
66.5400,0.4498,1.9439
66.5402,0.4519,1.9514
66.5404,0.455,1.963
66.5406,0.4655,2.0099
66.5408,0.4758,2.0525
66.5410,0.5144,2.2181
66.5412,0.4637,2.0012
66.5414,0.4506,1.9448
66.5416,0.4514,1.9484
66.5418,0.442,1.9084
66.5420,0.455,1.9658
66.5422,0.4656,2.0086
66.5424,0.5227,2.2527
66.5426,0.5727,2.4659
66.5428,0.5996,2.5809
66.5430,0.6062,2.6105
66.5432,0.5377,2.3162
66.5434,0.5365,2.31
66.5436,0.5542,2.3875
66.5438,0.6005,2.5857
66.5440,0.6481,2.7894
66.5442,0.6656,2.8647
66.5444,0.6211,2.672
66.5446,0.6704,2.8827
66.5448,0.7192,3.0882
66.5450,0.7427,3.1906
66.5452,0.6751,2.9109
66.5454,0.562,2.4222
66.5456,0.5573,2.402
66.5458,0.5704,2.4572
66.5460,0.5776,2.4882
66.5462,0.5821,2.5067
66.5464,0.638,2.746
66.5466,0.6566,2.8273
66.5468,0.6803,2.9282
66.5470,0.6413,2.7599
66.5472,0.6284,2.706
66.5474,0.6235,2.6848
66.5476,0.6182,2.6621
66.5478,0.5959,2.5673
66.5480,0.6019,2.5919
66.5482,0.6372,2.7399
66.5484,0.7327,3.1522
66.5486,0.6925,2.9775
66.5488,0.6789,2.9206
66.5490,0.7124,3.0617
66.5492,0.7475,3.2112
66.5494,0.7758,3.3297
66.5496,0.7965,3.4235
66.5498,0.7016,3.0167
66.5500,0.7405,3.1813
66.5502,0.745,3.2049
66.5504,0.6224,2.6814
66.5506,0.5795,2.4988
66.5508,0.5157,2.2248
66.5510,0.4805,2.0727
66.5512,0.4727,2.0381
66.5514,0.4692,2.0241
66.5516,0.4717,2.0359
66.5518,0.477,2.0577
66.5520,0.4794,2.068
66.5522,0.473,2.0397
66.5524,0.5133,2.2175
66.5526,0.4559,1.9667
66.5528,0.4311,1.8622
66.5530,0.4436,1.9157
66.5532,0.4168,1.8005
66.5534,0.3935,1.6993
66.5536,0.3912,1.6886
66.5538,0.3933,1.6974
66.5540,0.395,1.7055
66.5542,0.3938,1.7011
66.5544,0.3896,1.6822
66.5546,0.3928,1.6961
66.5548,0.4294,1.8532
66.5550,0.4317,1.8622
66.5552,0.4675,2.014
66.5554,0.5052,2.1762
66.5556,0.5413,2.3339
66.5558,0.4998,2.152
66.5560,0.5889,2.5332
66.5562,0.6841,2.9401
66.5564,0.7088,3.0477
66.5566,0.6524,2.804
66.5568,0.6937,2.9799
66.5570,0.7151,3.0736
66.5572,0.7819,3.3497
66.5574,0.9661,4.1348
66.5576,0.971,4.1578
66.5578,0.9833,4.2107
66.5580,0.9976,4.2698
66.5582,1.0084,4.316
66.5584,0.9886,4.2293
66.5586,0.9875,4.2326
66.5588,0.9541,4.0835
66.5590,0.9368,4.0208
66.5592,0.8341,3.5814
66.5594,0.8516,3.6566
66.5596,0.8192,3.516
66.5598,0.797,3.4208
66.5600,0.8072,3.4645
66.5602,0.8585,3.6796
66.5604,0.9594,4.1137
66.5606,0.8722,3.7452
66.5608,0.8253,3.5439
66.5610,0.8444,3.6207
66.5612,0.9061,3.8818
66.5614,0.9148,3.928
66.5616,0.8349,3.5901
66.5618,0.7699,3.306
66.5620,0.8082,3.4751
66.5622,0.8103,3.4779
66.5624,0.8921,3.8253
66.5626,0.8777,3.7636
66.5628,0.9277,3.9761
66.5630,0.9603,4.1121
66.5632,0.949,4.0714
66.5634,0.9067,3.8898
66.5636,0.9212,3.9539
66.5638,0.9746,4.1732
66.5640,1.0342,4.4263
66.5642,0.9898,4.2443
66.5644,0.9674,4.1443
66.5646,0.9663,4.1416
66.5648,0.9663,4.1416
66.5650,0.9505,4.0757
66.5652,0.9624,4.1285
66.5654,0.944,4.046
66.5656,0.985,4.2198
66.5658,0.9923,4.2531
66.5660,0.9844,4.2212
66.5662,0.9941,4.2628
66.5664,0.9976,4.2758
66.5666,0.9626,4.1295
66.5668,0.9434,4.0491
66.5670,0.9221,3.9575
66.5672,0.9014,3.8672
66.5674,0.8921,3.8324
66.5676,0.9056,3.887
66.5678,0.9529,4.086
66.5680,0.9922,4.2566
66.5682,0.9749,4.1806
66.5684,0.933,4.0062
66.5686,0.9061,3.8909
66.5688,0.9162,3.9323
66.5690,0.9398,4.0337
66.5692,0.9686,4.1514
66.5694,1.0145,4.3543
66.5696,0.913,3.9239
66.5698,0.8787,3.773
66.5700,0.9184,3.9452
66.5702,0.8947,3.8491
66.5704,0.7776,3.3436
66.5706,0.7672,3.3018
66.5708,0.7892,3.3905
66.5710,0.8138,3.4993
66.5712,0.7801,3.3607
66.5714,0.719,3.0958
66.5716,0.7318,3.1496
66.5718,0.8056,3.4594
66.5720,0.896,3.8441
66.5722,0.9187,3.9413
66.5724,0.8258,3.5542
66.5726,0.7252,3.1197
66.5728,0.7213,3.1105
66.5730,0.6707,2.8923
66.5732,0.6526,2.8155
66.5734,0.5976,2.5757
66.5736,0.6315,2.7232
66.5738,0.6014,2.5946
66.5740,0.5408,2.335
66.5742,0.4908,2.1182
66.5744,0.5362,2.3154
66.5746,0.5326,2.3009
66.5748,0.5571,2.401
66.5750,0.5661,2.4443
66.5752,0.5356,2.3117
66.5754,0.5323,2.293
66.5756,0.6476,2.7847
66.5758,0.7283,3.1346
66.5760,0.7068,3.0451
66.5762,0.6439,2.7764
66.5764,0.6499,2.7984
66.5766,0.709,3.0529
66.5768,0.7284,3.1337
66.5770,0.7025,3.0223
66.5772,0.7257,3.1204
66.5774,0.701,3.0212
66.5776,0.6594,2.8431
66.5778,0.677,2.9137
66.5780,0.7272,3.1314
66.5782,0.677,2.9164
66.5784,0.6628,2.8555
66.5786,0.6643,2.859
66.5788,0.6579,2.8317
66.5790,0.695,2.9911
66.5792,0.7335,3.1583
66.5794,0.7278,3.1267
66.5796,0.8133,3.4973
66.5798,0.8101,3.485
66.5800,0.8181,3.5146
66.5802,0.8219,3.5294
66.5804,0.8203,3.5304
66.5806,0.7374,3.1768
66.5808,0.6704,2.8853
66.5810,0.6923,2.9784
66.5812,0.7855,3.3776
66.5814,0.8354,3.5921
66.5816,0.8116,3.49
66.5818,0.7477,3.2182
66.5820,0.7234,3.1149
66.5822,0.6782,2.9189
66.5824,0.7724,3.3168
66.5826,0.8693,3.7415
66.5828,0.7357,3.1666
66.5830,0.6555,2.8266
66.5832,0.6134,2.6451
66.5834,0.6383,2.7483
66.5836,0.653,2.8131
66.5838,0.6523,2.8087
66.5840,0.7157,3.0833
66.5842,0.7335,3.1553
66.5844,0.7735,3.3261
66.5846,0.7333,3.1578
66.5848,0.7327,3.1581
66.5850,0.6654,2.8623
66.5852,0.738,3.1749
66.5854,0.6875,2.9619
66.5856,0.6745,2.9056
66.5858,0.7154,3.0774
66.5860,0.7805,3.3591
66.5862,0.6982,3.0107
66.5864,0.6018,2.5926
66.5866,0.6195,2.6678
66.5868,0.6897,2.9726
66.5870,0.6565,2.8307
66.5872,0.6287,2.7095
66.5874,0.6134,2.6451
66.5876,0.556,2.3986
66.5878,0.5513,2.3784
66.5880,0.5784,2.4907
66.5882,0.6392,2.7563
66.5884,0.5652,2.4384
66.5886,0.5399,2.3271
66.5888,0.5589,2.4121
66.5890,0.5488,2.3621
66.5892,0.742,3.192
66.5894,0.7932,3.4122
66.5896,0.7757,3.3385
66.5898,0.7395,3.1767
66.5900,0.7793,3.3508
66.5902,0.8088,3.476
66.5904,0.8228,3.5314
66.5906,0.9085,3.8976
66.5908,0.9625,4.131
66.5910,0.9705,4.1615
66.5912,0.9655,4.1419
66.5914,0.9544,4.0927
66.5916,0.9958,4.268
66.5918,0.9634,4.1351
66.5920,0.9083,3.9002
66.5922,0.9478,4.0682
66.5924,0.9712,4.1646
66.5926,1.0132,4.3486
66.5928,0.9796,4.1987
66.5930,1.1184,4.7821
66.5932,1.132,4.8473
66.5934,1.0637,4.5525
66.5936,1.1261,4.8154
66.5938,1.1464,4.9181
66.5940,0.9796,4.2085
66.5942,0.9148,3.9298
66.5944,0.9022,3.8757
66.5946,0.8369,3.5972
66.5948,0.8443,3.6269
66.5950,0.8747,3.7542
66.5952,0.9287,3.997
66.5954,0.8315,3.579
66.5956,0.8157,3.5059
66.5958,0.8332,3.5795
66.5960,0.8928,3.8337
66.5962,0.9066,3.8948
66.5964,0.8682,3.7282
66.5966,0.8207,3.5325
66.5968,0.8366,3.5956
66.5970,0.8704,3.7427
66.5972,0.7873,3.3901
66.5974,0.7711,3.3173
66.5976,0.8489,3.6487
66.5978,0.8592,3.6896
66.5980,0.8612,3.7013
66.5982,0.8669,3.7243
66.5984,0.8743,3.7579
66.5986,0.855,3.6784
66.5988,0.8236,3.5432
66.5990,0.8434,3.6233
66.5992,0.8296,3.5674
66.5994,0.8451,3.6339
66.5996,0.8174,3.5246
66.5998,0.7145,3.081
66.6000,0.6821,2.9441
66.6002,0.6377,2.7483
66.6004,0.6674,2.8778
66.6006,0.6934,2.9914
66.6008,0.6481,2.7945
66.6010,0.6318,2.723
66.6012,0.6692,2.8842
66.6014,0.6281,2.7082
66.6016,0.6281,2.7107
66.6018,0.6249,2.6935
66.6020,0.6401,2.7612
66.6022,0.5604,2.4177
66.6024,0.5925,2.5558
66.6026,0.6193,2.6667
66.6028,0.7482,3.2113
66.6030,0.8427,3.6269
66.6032,0.72,3.1033
66.6034,0.644,2.777
66.6036,0.6492,2.7966
66.6038,0.6421,2.7674
66.6040,0.6429,2.771
66.6042,0.6935,2.9877
66.6044,0.7028,3.0261
66.6046,0.7318,3.1481
66.6048,0.7504,3.2296
66.6050,0.7056,3.0413
66.6052,0.6625,2.8566
66.6054,0.6317,2.7199
66.6056,0.6715,2.8913
66.6058,0.6998,3.0118
66.6060,0.7001,3.0147
66.6062,0.6821,2.94
66.6064,0.6465,2.7891
66.6066,0.568,2.4548
66.6068,0.5052,2.1793
66.6070,0.5223,2.2522
66.6072,0.5758,2.4874
66.6074,0.5076,2.1926
66.6076,0.496,2.1429
66.6078,0.5029,2.1694
66.6080,0.5059,2.1824
66.6082,0.5083,2.1907
66.6084,0.548,2.3661
66.6086,0.507,2.187
66.6088,0.5978,2.5743
66.6090,0.6514,2.8064
66.6092,0.6482,2.7951
66.6094,0.5821,2.5137
66.6096,0.5043,2.1766
66.6098,0.5189,2.2398
66.6100,0.5156,2.2263
66.6102,0.5043,2.1787
66.6104,0.5042,2.1781
66.6106,0.5097,2.1999
66.6108,0.5046,2.1767
66.6110,0.5113,2.2036
66.6112,0.5487,2.3659
66.6114,0.5494,2.369
66.6116,0.5543,2.3891
66.6118,0.5649,2.4369
66.6120,0.5567,2.4028
66.6122,0.5489,2.3681
66.6124,0.5294,2.2806
66.6126,0.5807,2.5017
66.6128,0.647,2.7847
66.6130,0.7524,3.2308
66.6132,0.8475,3.6374
66.6134,0.8343,3.5891
66.6136,0.7507,3.2326
66.6138,0.726,3.1263
66.6140,0.6855,2.9504
66.6142,0.6622,2.8489
66.6144,0.6865,2.9518
66.6146,0.8198,3.5218
66.6148,0.8124,3.4899
66.6150,0.7922,3.4018
66.6152,0.8534,3.6678
66.6154,0.806,3.4674
66.6156,0.7727,3.3209
66.6158,0.7628,3.2802
66.6160,0.7723,3.3225
66.6162,0.7359,3.1627
66.6164,0.7077,3.043
66.6166,0.7168,3.0851
66.6168,0.7074,3.0462
66.6170,0.7216,3.1086
66.6172,0.6851,2.9516
66.6174,0.6739,2.8976
66.6176,0.6945,2.9919
66.6178,0.6162,2.6546
66.6180,0.6198,2.6738
66.6182,0.592,2.5478
66.6184,0.663,2.86
66.6186,0.5391,2.3246
66.6188,0.5526,2.383
66.6190,0.6187,2.6679
66.6192,0.5615,2.4235
66.6194,0.4484,1.9373
66.6196,0.4645,2.002
66.6198,0.5889,2.538
66.6200,0.6008,2.5896
66.6202,0.5212,2.2486
66.6204,0.4736,2.0461
66.6206,0.4462,1.9274
66.6208,0.436,1.8825
66.6210,0.4146,1.7895
66.6212,0.4337,1.8718
66.6214,0.4506,1.9439
66.6216,0.5271,2.2729
66.6218,0.551,2.3747
66.6220,0.6327,2.722
66.6222,0.6679,2.8758
66.6224,0.6775,2.9117
66.6226,0.7353,3.1572
66.6228,0.814,3.4971
66.6230,0.768,3.2993
66.6232,0.7408,3.1838
66.6234,0.7746,3.323
66.6236,0.8175,3.5088
66.6238,0.8781,3.7634
66.6240,0.9962,4.2716
66.6242,0.9928,4.2473
66.6244,1.0558,4.5123
66.6246,1.1049,4.7335
66.6248,1.0375,4.4448
66.6250,1.0245,4.3888
66.6252,1.0374,4.4484
66.6254,1.0362,4.4329
66.6256,1.083,4.6352
66.6258,1.0843,4.6386
66.6260,1.1464,4.9043
66.6262,1.0904,4.6692
66.6264,1.1104,4.7616
66.6266,1.0807,4.6297
66.6268,1.0652,4.5592
66.6270,1.1347,4.8563
66.6272,1.16,4.9669
66.6274,1.0658,4.5724
66.6276,0.9211,3.9571
66.6278,0.864,3.7084
66.6280,0.9532,4.0875
66.6282,0.9938,4.2673
66.6284,0.969,4.1549
66.6286,1.0565,4.526
66.6288,1.0109,4.3389
66.6290,0.9508,4.0791
66.6292,0.9307,3.9983
66.6294,0.8315,3.579
66.6296,0.7802,3.3565
66.6298,0.7895,3.3931
66.6300,0.7911,3.4035
66.6302,0.7881,3.3921
66.6304,0.7663,3.2936
66.6306,0.7875,3.3833
66.6308,0.8053,3.4659
66.6310,0.7592,3.2708
66.6312,0.7295,3.1369
66.6314,0.8103,3.4844
66.6316,0.8059,3.4701
66.6318,0.765,3.2941
66.6320,0.7061,3.0406
66.6322,0.6669,2.8717
66.6324,0.6797,2.9283
66.6326,0.7311,3.1465
66.6328,0.7764,3.34
66.6330,0.7616,3.2781
66.6332,0.7767,3.3416
66.6334,0.8294,3.5647
66.6336,0.8279,3.5602
66.6338,0.7341,3.1609
66.6340,0.6799,2.9275
66.6342,0.6767,2.9141
66.6344,0.667,2.8736
66.6346,0.7456,3.2074
66.6348,0.7662,3.2992
66.6350,0.7259,3.1214
66.6352,0.7787,3.3529
66.6354,0.6976,3.0053
66.6356,0.7166,3.0826
66.6358,0.7669,3.3008
66.6360,0.7299,3.1472
66.6362,0.5975,2.5776
66.6364,0.5711,2.4626
66.6366,0.6204,2.6726
66.6368,0.644,2.777
66.6370,0.5776,2.4905
66.6372,0.5734,2.4701
66.6374,0.5651,2.4402
66.6376,0.5753,2.4807
66.6378,0.6098,2.6321
66.6380,0.5829,2.5133
66.6382,0.5837,2.5181
66.6384,0.592,2.5549
66.6386,0.5091,2.1984
66.6388,0.5565,2.4018
66.6390,0.6115,2.6283
66.6392,0.7691,3.3162
66.6394,0.6203,2.6771
66.6396,0.5514,2.3789
66.6398,0.543,2.3416
66.6400,0.5525,2.3836
66.6402,0.5883,2.5354
66.6404,0.5757,2.4857
66.6406,0.5299,2.2879
66.6408,0.5242,2.2626
66.6410,0.5112,2.2061
66.6412,0.5066,2.1875
66.6414,0.5116,2.2092
66.6416,0.5489,2.3681
66.6418,0.5372,2.3174
66.6420,0.5198,2.2413
66.6422,0.5301,2.2868
66.6424,0.5365,2.3132
66.6426,0.5441,2.3474
66.6428,0.56,2.4134
66.6430,0.6535,2.8126
66.6432,0.702,3.0202
66.6434,0.7228,3.1094
66.6436,0.7357,3.1681
66.6438,0.7059,3.0381
66.6440,0.7175,3.0839
66.6442,0.7374,3.1709
66.6444,0.7162,3.0839
66.6446,0.7043,3.0342
66.6448,0.6787,2.9237
66.6450,0.6618,2.8469
66.6452,0.6935,2.9836
66.6454,0.7234,3.1106
66.6456,0.7701,3.3086
66.6458,0.8181,3.513
66.6460,0.8471,3.6376
66.6462,0.9017,3.8682
66.6464,0.9383,4.0251
66.6466,0.9042,3.879
66.6468,0.9163,3.9365
66.6470,0.8429,3.6229
66.6472,0.7898,3.3962
66.6474,0.8338,3.5788
66.6476,0.8657,3.7191
66.6478,0.8216,3.5328
66.6480,0.7725,3.322
66.6482,0.7947,3.4157
66.6484,0.8026,3.4514
66.6486,0.7927,3.4086
66.6488,0.8156,3.5005
66.6490,0.8482,3.6422
66.6492,0.7754,3.3405
66.6494,0.6436,2.7754
66.6496,0.6182,2.6646
66.6498,0.6164,2.6568
66.6500,0.5984,2.5781
66.6502,0.6402,2.7553
66.6504,0.6683,2.8793
66.6506,0.6675,2.873
66.6508,0.6625,2.8539
66.6510,0.668,2.8777
66.6512,0.663,2.8573
66.6514,0.5925,2.5523
66.6516,0.6227,2.6812
66.6518,0.6649,2.8603
66.6520,0.6788,2.9242
66.6522,0.6469,2.7881
66.6524,0.6655,2.8655
66.6526,0.6375,2.7478
66.6528,0.5678,2.4493
66.6530,0.5227,2.2569
66.6532,0.5074,2.1891
66.6534,0.5459,2.354
66.6536,0.495,2.1383
66.6538,0.4061,1.7561
66.6540,0.3934,1.7019
66.6542,0.39,1.6858
66.6544,0.3873,1.6739
66.6546,0.3948,1.7073
66.6548,0.3976,1.7176
66.6550,0.4136,1.7857
66.6552,0.4585,1.978
66.6554,0.5233,2.2574
66.6556,0.5188,2.2361
66.6558,0.5661,2.4364
66.6560,0.6518,2.8093
66.6562,0.6258,2.6946
66.6564,0.6944,2.9844
66.6566,0.7755,3.3333
66.6568,0.7788,3.3425
66.6570,0.8289,3.5593
66.6572,0.8072,3.471
66.6574,0.7361,3.1608
66.6576,0.8618,3.6987
66.6578,0.8782,3.7709
66.6580,0.9121,3.9112
66.6582,0.9421,4.0416
66.6584,0.9138,3.9165
66.6586,0.9507,4.0786
66.6588,0.9649,4.1335
66.6590,1.02,4.3719
66.6592,0.953,4.0865
66.6594,0.9746,4.1732
66.6596,0.9955,4.2645
66.6598,1.0632,4.5462
66.6600,1.0881,4.6572
66.6602,1.0241,4.4016
66.6604,0.8782,3.7744
66.6606,0.857,3.6781
66.6608,0.8642,3.7141
66.6610,0.8384,3.6017
66.6612,0.8294,3.563
66.6614,0.8217,3.5284
66.6616,0.8086,3.4723
66.6618,0.8195,3.5224
66.6620,0.8655,3.7198
66.6622,0.8667,3.7215
66.6624,0.8675,3.7251
66.6626,0.8892,3.8165
66.6628,0.9297,3.9886
66.6630,0.957,4.1073
66.6632,0.9639,4.1391
66.6634,0.9019,3.8765
66.6636,0.8408,3.612
66.6638,0.9218,3.9565
66.6640,0.9191,3.9465
66.6642,0.9145,3.9214
66.6644,0.9534,4.0899
66.6646,0.9407,4.0373
66.6648,0.952,4.0824
66.6650,0.9704,4.1727
66.6652,0.8616,3.7085
66.6654,0.7989,3.4354
66.6656,0.8178,3.518
66.6658,0.774,3.3312
66.6660,0.7648,3.29
66.6662,0.7927,3.4086
66.6664,0.8276,3.557
66.6666,0.8514,3.6612
66.6668,0.8452,3.6395
66.6670,0.748,3.2222
66.6672,0.6855,2.9504
66.6674,0.7384,3.175
66.6676,0.7766,3.341
66.6678,0.7759,3.341
66.6680,0.7311,3.1509
66.6682,0.6296,2.7149
66.6684,0.6161,2.6565
66.6686,0.6271,2.7053
66.6688,0.6142,2.6495
66.6690,0.5856,2.5252
66.6692,0.592,2.5526
66.6694,0.5863,2.5306
66.6696,0.5154,2.2253
66.6698,0.4994,2.1574
66.6700,0.504,2.1761
66.6702,0.5337,2.3013
66.6704,0.5536,2.3938
66.6706,0.4293,1.8561
66.6708,0.4115,1.7794
66.6710,0.4168,1.7997
66.6712,0.4517,1.9504
66.6714,0.4487,1.9374
66.6716,0.4501,1.9454
66.6718,0.45,1.9467
66.6720,0.4514,1.9493
66.6722,0.5224,2.2537
66.6724,0.4769,2.0591
66.6726,0.4603,1.9886
66.6728,0.4594,1.9826
66.6730,0.4483,1.9359
66.6732,0.4679,2.0193
66.6734,0.5091,2.1984
66.6736,0.4615,1.9919
66.6738,0.4482,1.9353
66.6740,0.4477,1.9351
66.6742,0.4719,2.0379
66.6744,0.4682,2.0209
66.6746,0.4704,2.0292
66.6748,0.4764,2.0542
66.6750,0.4845,2.0922
66.6752,0.4699,2.0291
66.6754,0.4706,2.0312
66.6756,0.4615,1.9919
66.6758,0.4677,2.0197
66.6760,0.4615,1.9919
66.6762,0.4632,1.9982
66.6764,0.4728,2.0405
66.6766,0.5138,2.2134
66.6768,0.5095,2.1999
66.6770,0.4501,1.9418
66.6772,0.495,2.1333
66.6774,0.5404,2.3335
66.6776,0.4665,2.0127
66.6778,0.4625,1.9942
66.6780,0.4699,2.0291
66.6782,0.446,1.9234
66.6784,0.451,1.9473
66.6786,0.4477,1.9333
66.6788,0.4944,2.1297
66.6790,0.5971,2.57
66.6792,0.6179,2.6593
66.6794,0.6375,2.7414
66.6796,0.6814,2.9287
66.6798,0.6909,2.9708
66.6800,0.6832,2.9378
66.6802,0.682,2.9354
66.6804,0.6096,2.6286
66.6806,0.5616,2.4218
66.6808,0.5773,2.4849
66.6810,0.6383,2.7445
66.6812,0.6661,2.8654
66.6814,0.6813,2.9282
66.6816,0.6941,2.9875
66.6818,0.6356,2.737
66.6820,0.589,2.5385
66.6822,0.6266,2.7007
66.6824,0.603,2.5965
66.6826,0.6032,2.5964
66.6828,0.6528,2.8082
66.6830,0.679,2.9211
66.6832,0.6787,2.9155
66.6834,0.712,3.063
66.6836,0.6546,2.8198
66.6838,0.602,2.5936
66.6840,0.655,2.8154
66.6842,0.7192,3.094
66.6844,0.6951,2.9889
66.6846,0.7222,3.104
66.6848,0.7644,3.2854
66.6850,0.7553,3.2477
66.6852,0.7191,3.0891
66.6854,0.7427,3.1936
66.6856,0.7098,3.0551
66.6858,0.716,3.0743
66.6860,0.7336,3.1515
66.6862,0.7879,3.3832
66.6864,0.8025,3.4492
66.6866,0.7442,3.2003
66.6868,0.7865,3.3786
66.6870,0.8108,3.4848
66.6872,0.6993,3.0125
66.6874,0.5827,2.5104
66.6876,0.5767,2.4858
66.6878,0.5478,2.3601
66.6880,0.6122,2.6363
66.6882,0.6059,2.6053
66.6884,0.663,2.8494
66.6886,0.6765,2.9117
66.6888,0.6401,2.7561
66.6890,0.6414,2.7566
66.6892,0.7289,3.1343
66.6894,0.6902,2.9691
66.6896,0.6849,2.9451
66.6898,0.7289,3.127
66.6900,0.8892,3.8112
66.6902,0.9054,3.886
66.6904,0.8805,3.7789
66.6906,0.8951,3.8364
66.6908,0.9788,4.197
66.6910,0.9344,4.0087
66.6912,0.9455,4.0522
66.6914,0.9875,4.2326
66.6916,0.9891,4.2412
66.6918,0.9903,4.2365
66.6920,1.1378,4.8651
66.6922,1.1047,4.7347
66.6924,0.9814,4.2103
66.6926,0.9353,4.0141
66.6928,0.912,3.9125
66.6930,0.9311,3.9943
66.6932,0.9495,4.0697
66.6934,0.9818,4.2099
66.6936,0.9543,4.0902
66.6938,0.9923,4.2492
66.6940,1.0664,4.5729
66.6942,0.9246,3.9628
66.6944,0.9692,4.152
66.6946,0.9865,4.2339
66.6948,0.9379,4.0292
66.6950,0.9061,3.8836
66.6952,0.9959,4.2686
66.6954,1.023,4.3908
66.6956,0.9348,4.0083
66.6958,0.959,4.1141
66.6960,0.9178,3.939
66.6962,0.9059,3.8862
66.6964,0.9401,4.0347
66.6966,0.9749,4.1806
66.6968,0.992,4.2556
66.6970,0.8929,3.8378
66.6972,0.8598,3.6956
66.6974,0.8583,3.6855
66.6976,0.8452,3.6361
66.6978,0.8455,3.6337
66.6980,0.8383,3.6045
66.6982,0.8014,3.4446
66.6984,0.8273,3.5576
66.6986,0.7704,3.3158
66.6988,0.8061,3.4631
66.6990,0.8616,3.6981
66.6992,0.9126,3.915
66.6994,0.9391,4.0362
66.6996,0.8489,3.647
66.6998,0.832,3.5794
66.7000,0.7543,3.2436
66.7002,0.8355,3.5926
66.7004,0.8199,3.5223
66.7006,0.8276,3.5586
66.7008,0.8186,3.5199
66.7010,0.8308,3.5759
66.7012,0.7779,3.3483
66.7014,0.7547,3.2482
66.7016,0.693,2.9787
66.7018,0.767,3.2982
66.7020,0.7614,3.2755
66.7022,0.8144,3.5019
66.7024,0.833,3.5785
66.7026,0.8716,3.7531
66.7028,0.8287,3.5633
66.7030,0.8391,3.6048
66.7032,0.8512,3.6568
66.7034,0.8829,3.7945
66.7036,0.8661,3.7189
66.7038,0.8718,3.7454
66.7040,0.8668,3.7255
66.7042,0.9188,3.951
66.7044,0.8998,3.8654
66.7046,0.8865,3.8082
66.7048,0.8766,3.7642
66.7050,0.9193,3.9494
66.7052,0.8925,3.8286
66.7054,0.9248,3.9675
66.7056,0.9866,4.2403
66.7058,0.8783,3.7802
66.7060,0.7532,3.242
66.7062,0.735,3.1606
66.7064,0.7857,3.3724
66.7066,0.8848,3.8045
66.7068,0.8337,3.5916
66.7070,0.6893,2.9738
66.7072,0.6212,2.6787
66.7074,0.6178,2.665
66.7076,0.6357,2.7413
66.7078,0.6381,2.7516
66.7080,0.6419,2.7625
66.7082,0.7558,3.2513
66.7084,0.7644,3.2945
66.7086,0.6669,2.8757
66.7088,0.6495,2.7995
66.7090,0.5909,2.5515
66.7092,0.5486,2.3687
66.7094,0.5418,2.3375
66.7096,0.5438,2.348
66.7098,0.5592,2.4125
66.7100,0.5438,2.3458
66.7102,0.5378,2.3221
66.7104,0.5344,2.3087
66.7106,0.5362,2.3132
66.7108,0.5372,2.3174
66.7110,0.5341,2.3061
66.7112,0.5229,2.2589
66.7114,0.5285,2.2759
66.7116,0.6734,2.8983
66.7118,0.7361,3.1711
66.7120,0.6687,2.8795
66.7122,0.6896,2.9693
66.7124,0.7417,3.1939
66.7126,0.7442,3.2047
66.7128,0.7271,3.1251
66.7130,0.7397,3.1851
66.7132,0.6501,2.802
66.7134,0.6612,2.8469
66.7136,0.7392,3.1816
66.7138,0.7339,3.1589
66.7140,0.7607,3.2755
66.7142,0.7246,3.1244
66.7144,0.6369,2.7452
66.7146,0.6178,2.6625
66.7148,0.6512,2.8028
66.7150,0.6975,3.0048
66.7152,0.6276,2.7061
66.7154,0.6133,2.6471
66.7156,0.6096,2.6274
66.7158,0.6082,2.6212
66.7160,0.6101,2.6294
66.7162,0.6115,2.6369
66.7164,0.6095,2.6281
66.7166,0.6086,2.622
66.7168,0.6187,2.6629
66.7170,0.6863,2.9554
66.7172,0.6982,3.0107
66.7174,0.6365,2.7406
66.7176,0.6288,2.71
66.7178,0.6065,2.6176
66.7180,0.5544,2.3907
66.7182,0.5733,2.4696
66.7184,0.641,2.7628
66.7186,0.6794,2.9295
66.7188,0.5763,2.4848
66.7190,0.6133,2.6458
66.7192,0.5966,2.5727
66.7194,0.5958,2.562
66.7196,0.6674,2.8751
66.7198,0.6195,2.6727
66.7200,0.5493,2.3707
66.7202,0.5284,2.2817
66.7204,0.5242,2.2605
66.7206,0.548,2.3639
66.7208,0.5399,2.3293
66.7210,0.5156,2.2263
66.7212,0.5082,2.1922
66.7214,0.5571,2.3999
66.7216,0.5843,2.5183
66.7218,0.6343,2.7326
66.7220,0.6616,2.8477
66.7222,0.7247,3.1148
66.7224,0.8296,3.5641
66.7226,0.895,3.8394
66.7228,0.9,3.8628
66.7230,0.9038,3.8721
66.7232,0.9886,4.2372
66.7234,1.0692,4.574
66.7236,1.1607,4.9654
66.7238,1.1362,4.863
66.7240,1.1288,4.8312
66.7242,1.1118,4.7583
66.7244,1.1042,4.7238
66.7246,1.164,4.9821
66.7248,1.1277,4.8311
66.7250,1.1145,4.7701
66.7252,1.1615,4.9667
66.7254,1.2042,5.1516
66.7256,1.1785,5.0465
66.7258,1.0612,4.5481
66.7260,1.0162,4.3615
66.7262,0.9903,4.2503
66.7264,0.9624,4.1266
66.7266,0.9782,4.1964
66.7268,0.9891,4.2432
66.7270,1.0109,4.3348
66.7272,1.015,4.3503
66.7274,1.0024,4.3003
66.7276,0.9853,4.2287
66.7278,0.959,4.1218
66.7280,0.9311,3.998
66.7282,0.935,4.0131
66.7284,0.9688,4.1621
66.7286,0.9004,3.8752
66.7288,0.8083,3.4708
66.7290,0.8676,3.7273
66.7292,0.9076,3.8971
66.7294,0.9398,4.0318
66.7296,1.0067,4.3249
66.7298,0.9728,4.1752
66.7300,0.9258,3.9864
66.7302,0.7893,3.3957
66.7304,0.8287,3.5599
66.7306,0.8753,3.7638
66.7308,0.8223,3.5392
66.7310,0.8267,3.5533
66.7312,0.8109,3.4918
66.7314,0.748,3.2237
66.7316,0.7526,3.2439
66.7318,0.7169,3.0842
66.7320,0.7525,3.2374
66.7322,0.7426,3.1945
66.7324,0.7962,3.4251
66.7326,0.8187,3.5254
66.7328,0.7845,3.3798
66.7330,0.7415,3.1929
66.7332,0.71,3.0613
66.7334,0.6248,2.6942
66.7336,0.6082,2.6236
66.7338,0.6245,2.6914
66.7340,0.6432,2.7746
66.7342,0.6442,2.7767
66.7344,0.6501,2.8059
66.7346,0.5835,2.5194
66.7348,0.6042,2.6029
66.7350,0.6812,2.9386
66.7352,0.61,2.6326
66.7354,0.5849,2.5268
66.7356,0.4978,2.1497
66.7358,0.4814,2.0788
66.7360,0.4796,2.0729
66.7362,0.4765,2.0585
66.7364,0.4767,2.0595
66.7366,0.4766,2.0581
66.7368,0.4787,2.0678
66.7370,0.495,2.1373
66.7372,0.5299,2.2848
66.7374,0.5265,2.2745
66.7376,0.4759,2.0568
66.7378,0.4759,2.0568
66.7380,0.4777,2.0608
66.7382,0.5773,2.4895
66.7384,0.5282,2.2786
66.7386,0.5373,2.3179
66.7388,0.5221,2.2543
66.7390,0.535,2.3081
66.7392,0.5608,2.4181
66.7394,0.5442,2.3512
66.7396,0.4947,2.1372
66.7398,0.5074,2.1891
66.7400,0.4983,2.1498
66.7402,0.5017,2.1643
66.7404,0.5031,2.1705
66.7406,0.5348,2.306
66.7408,0.5923,2.5529
66.7410,0.5969,2.5714
66.7412,0.5886,2.5381
66.7414,0.5862,2.5289
66.7416,0.5458,2.3568
66.7418,0.4815,2.0764
66.7420,0.5548,2.3934
66.7422,0.545,2.351
66.7424,0.5627,2.4253
66.7426,0.6125,2.6385
66.7428,0.6213,2.6768
66.7430,0.6332,2.7254
66.7432,0.6642,2.8598
66.7434,0.67,2.8851
66.7436,0.6544,2.8167
66.7438,0.6742,2.9019
66.7440,0.6193,2.668
66.7442,0.5687,2.4523
66.7444,0.6079,2.6177
66.7446,0.6397,2.7532
66.7448,0.702,3.016
66.7450,0.7926,3.4081
66.7452,0.748,3.2207
66.7454,0.6253,2.6938
66.7456,0.6022,2.5917
66.7458,0.6791,2.9257
66.7460,0.6608,2.8467
66.7462,0.6711,2.8911
66.7464,0.6321,2.7207
66.7466,0.6743,2.9051
66.7468,0.6844,2.9457
66.7470,0.7064,3.0345
66.7472,0.7984,3.4269
66.7474,0.8455,3.6337
66.7476,0.7517,3.2337
66.7478,0.7633,3.2838
66.7480,0.7161,3.0805
66.7482,0.735,3.1606
66.7484,0.7301,3.1438
66.7486,0.7426,3.1916
66.7488,0.807,3.4651
66.7490,0.8399,3.61
66.7492,0.7908,3.4035
66.7494,0.7059,3.0423
66.7496,0.6149,2.6489
66.7498,0.6058,2.6096
66.7500,0.6106,2.6303
66.7502,0.6178,2.6637
66.7504,0.6006,2.5874
66.7506,0.6347,2.7341
66.7508,0.6661,2.8668
66.7510,0.6596,2.8429
66.7512,0.6336,2.732
66.7514,0.5567,2.4017
66.7516,0.5368,2.3147
66.7518,0.5433,2.3394
66.7520,0.5433,2.3416
66.7522,0.5733,2.4685
66.7524,0.6164,2.6581
66.7526,0.5694,2.4565
66.7528,0.5418,2.3354
66.7530,0.5472,2.3619
66.7532,0.5302,2.2874
66.7534,0.5349,2.3065
66.7536,0.5342,2.3023
66.7538,0.5371,2.3158
66.7540,0.5251,2.2641
66.7542,0.533,2.2993
66.7544,0.5456,2.3492
66.7546,0.6016,2.5915
66.7548,0.6357,2.7349
66.7550,0.7149,3.0725
66.7552,0.7524,3.2368
66.7554,0.7281,3.1307
66.7556,0.8242,3.5359
66.7558,0.8916,3.8232
66.7560,0.9028,3.8783
66.7562,0.8952,3.8405
66.7564,0.9879,4.2262
66.7566,1.1014,4.712
66.7568,1.1173,4.773
66.7570,1.2071,5.1567
66.7572,1.1696,5.0033
66.7574,1.1538,4.9385
66.7576,1.1438,4.8931
66.7578,1.064,4.5583
66.7580,1.0088,4.3235
66.7582,1.0248,4.3883
66.7584,1.1085,4.74
66.7586,1.1837,5.0639
66.7588,1.1565,4.9544
66.7590,1.1311,4.8364
66.7592,1.1973,5.1171
66.7594,1.1833,5.0671
66.7596,1.0851,4.6531
66.7598,1.0224,4.3801
66.7600,1.0409,4.4654
66.7602,0.9337,4.013
66.7604,0.8353,3.595
66.7606,0.8206,3.5254
66.7608,0.8361,3.5935
66.7610,0.8368,3.5983
66.7612,0.8188,3.5177
66.7614,0.908,3.8937
66.7616,1.0014,4.2922
66.7618,1.0035,4.3029
66.7620,0.973,4.1762
66.7622,0.9727,4.1747
66.7624,1.0288,4.4114
66.7626,1.027,4.4099
66.7628,0.9018,3.8742
66.7630,0.8688,3.7308
66.7632,0.8789,3.7793
66.7634,0.8357,3.592
66.7636,0.8699,3.7389
66.7638,0.8468,3.6462
66.7640,0.7866,3.3776
66.7642,0.8848,3.7992
66.7644,0.9343,4.0063
66.7646,0.9514,4.0874
66.7648,0.9243,3.9673
66.7650,0.9934,4.2598
66.7652,0.9958,4.272
66.7654,0.9703,4.1683
66.7656,0.8837,3.7981
66.7658,0.8663,3.7251
66.7660,0.8727,3.7455
66.7662,0.8642,3.7176
66.7664,0.8336,3.5894
66.7666,0.8101,3.4817
66.7668,0.9064,3.8955
66.7670,0.8742,3.7592
66.7672,0.8652,3.717
66.7674,0.8776,3.7736
66.7676,0.811,3.4972
66.7678,0.694,2.9926
66.7680,0.689,2.9667
66.7682,0.7136,3.0783
66.7684,0.6194,2.6759
66.7686,0.6073,2.6188
66.7688,0.643,2.7728
66.7690,0.5963,2.5724
66.7692,0.5974,2.5782
66.7694,0.5964,2.5741
66.7696,0.5789,2.4962
66.7698,0.5905,2.5499
66.7700,0.6029,2.602
66.7702,0.6101,2.6306
66.7704,0.5764,2.49
66.7706,0.5189,2.2408
66.7708,0.5113,2.2087
66.7710,0.5156,2.2263
66.7712,0.5621,2.4182
66.7714,0.7368,3.1786
66.7716,0.6046,2.6105
66.7718,0.5689,2.4533
66.7720,0.6077,2.6203
66.7722,0.5752,2.4825
66.7724,0.5522,2.3798
66.7726,0.5752,2.4802
66.7728,0.5669,2.4445
66.7730,0.5699,2.4609
66.7732,0.566,2.4438
66.7734,0.5596,2.4141
66.7736,0.568,2.4503
66.7738,0.5588,2.4127
66.7740,0.5538,2.3904
66.7742,0.5475,2.3619
66.7744,0.5446,2.3483
66.7746,0.6289,2.708
66.7748,0.6588,2.8406
66.7750,0.6518,2.8093
66.7752,0.614,2.6477
66.7754,0.555,2.3944
66.7756,0.5465,2.3588
66.7758,0.5441,2.3485
66.7760,0.5432,2.3432
66.7762,0.5434,2.3432
66.7764,0.5429,2.3433
66.7766,0.5504,2.3743
66.7768,0.5838,2.5198
66.7770,0.5377,2.3184
66.7772,0.5403,2.3308
66.7774,0.5595,2.4147
66.7776,0.5879,2.5303
66.7778,0.6622,2.8503
66.7780,0.6927,2.98
66.7782,0.7102,3.0595
66.7784,0.653,2.8144
66.7786,0.6552,2.8198
66.7788,0.6998,3.0104
66.7790,0.7399,3.1788
66.7792,0.7625,3.2802
66.7794,0.789,3.391
66.7796,0.8207,3.5259
66.7798,0.8115,3.4911
66.7800,0.7514,3.2342
66.7802,0.7842,3.3767
66.7804,0.6847,2.9481
66.7806,0.6504,2.8018
66.7808,0.6439,2.7752
66.7810,0.6392,2.7512
66.7812,0.6729,2.8948
66.7814,0.7868,3.3817
66.7816,0.7873,3.3869
66.7818,0.7707,3.3158
66.7820,0.6957,2.9984
66.7822,0.6686,2.8803
66.7824,0.6861,2.953
66.7826,0.7356,3.1602
66.7828,0.7735,3.3261
66.7830,0.7966,3.4256
66.7832,0.8253,3.5488
66.7834,0.7856,3.3782
66.7836,0.7373,3.1733
66.7838,0.6844,2.9485
66.7840,0.682,2.9368
66.7842,0.6869,2.9552
66.7844,0.7335,3.1539
66.7846,0.7776,3.3452
66.7848,0.7614,3.2755
66.7850,0.7068,3.0465
66.7852,0.6189,2.6701
66.7854,0.5954,2.5711
66.7856,0.5278,2.2749
66.7858,0.576,2.4815
66.7860,0.6183,2.6614
66.7862,0.7005,3.0163
66.7864,0.661,2.853
66.7866,0.593,2.5572
66.7868,0.5814,2.5082
66.7870,0.545,2.3532
66.7872,0.4597,1.9878
66.7874,0.4428,1.9112
66.7876,0.4932,2.1275
66.7878,0.5234,2.2516
66.7880,0.6868,2.9561
66.7882,0.7118,3.0677
66.7884,0.5948,2.5614
66.7886,0.6855,2.9463
66.7888,0.7861,3.3786
66.7890,0.8089,3.4749
66.7892,0.8332,3.5795
66.7894,0.8402,3.601
66.7896,0.982,4.2089
66.7898,0.9836,4.2215
66.7900,0.9403,4.032
66.7902,0.9362,4.0182
66.7904,0.9591,4.1146
66.7906,0.9771,4.1879
66.7908,0.9761,4.1857
66.7910,0.9425,4.0412
66.7912,0.9967,4.2716
66.7914,0.9994,4.2855
66.7916,0.9788,4.199
66.7918,0.9949,4.2619
66.7920,1.0074,4.3139
66.7922,1.0102,4.3297
66.7924,1.0096,4.3292
66.7926,1.0367,4.4433
66.7928,1.0071,4.3244
66.7930,0.9248,3.9694
66.7932,0.854,3.672
66.7934,0.7562,3.2549
66.7936,0.7401,3.1867
66.7938,0.7264,3.1278
66.7940,0.6642,2.8585
66.7942,0.6868,2.9602
66.7944,0.703,3.0271
66.7946,0.792,3.4023
66.7948,0.8484,3.65
66.7950,0.803,3.4545
66.7952,0.7808,3.3591
66.7954,0.7833,3.3668
66.7956,0.8209,3.5265
66.7958,0.8458,3.6404
66.7960,0.8079,3.4741
66.7962,0.7989,3.4338
66.7964,0.8011,3.4447
66.7966,0.8225,3.5337
66.7968,0.8488,3.6448
66.7970,0.8642,3.7141
66.7972,0.8501,3.6572
66.7974,0.7782,3.3509
66.7976,0.729,3.1392
66.7978,0.7496,3.225
66.7980,0.7901,3.3956
66.7982,0.8307,3.5704
66.7984,0.7764,3.3416
66.7986,0.6977,3.0058
66.7988,0.7053,3.0369
66.7990,0.7024,3.0245
66.7992,0.6956,3.0007
66.7994,0.6082,2.626
66.7996,0.6006,2.5886
66.7998,0.6179,2.6643
66.8000,0.6219,2.6818
66.8002,0.608,2.6206
66.8004,0.6217,2.6796
66.8006,0.6818,2.9426
66.8008,0.5755,2.4817
66.8010,0.5528,2.3879
66.8012,0.5317,2.2936
66.8014,0.6023,2.5946
66.8016,0.6332,2.733
66.8018,0.5723,2.4735
66.8020,0.4639,2.005
66.8022,0.4815,2.0793
66.8024,0.5484,2.3671
66.8026,0.5751,2.4797
66.8028,0.6032,2.6
66.8030,0.5831,2.5131
66.8032,0.5899,2.5414
66.8034,0.6871,2.9557
66.8036,0.6875,2.9633
66.8038,0.636,2.7411
66.8040,0.652,2.8051
66.8042,0.7239,3.1141
66.8044,0.7508,3.2316
66.8046,0.6926,2.9878
66.8048,0.5763,2.486
66.8050,0.5537,2.3865
66.8052,0.5928,2.555
66.8054,0.6415,2.7661
66.8056,0.6313,2.7184
66.8058,0.6923,2.9798
66.8060,0.7386,3.1805
66.8062,0.7809,3.358
66.8064,0.7269,3.1284
66.8066,0.6229,2.6897
66.8068,0.5038,2.1766
66.8070,0.4735,2.0436
66.8072,0.4564,1.9724
66.8074,0.4715,2.0377
66.8076,0.4627,1.9989
66.8078,0.4588,1.98
66.8080,0.4704,2.0302
66.8082,0.5061,2.1804
66.8084,0.5426,2.345
66.8086,0.4562,1.97
66.8088,0.4477,1.9333
66.8090,0.4456,1.9257
66.8092,0.4454,1.9243
66.8094,0.4464,1.9276
66.8096,0.445,1.9196
66.8098,0.4454,1.9243
66.8100,0.4414,1.9067
66.8102,0.4432,1.9127
66.8104,0.448,1.9334
66.8106,0.4624,1.9946
66.8108,0.5161,2.2243
66.8110,0.5583,2.4073
66.8112,0.5574,2.4026
66.8114,0.5576,2.4042
66.8116,0.567,2.4428
66.8118,0.5869,2.5297
66.8120,0.5628,2.4236
66.8122,0.6137,2.6462
66.8124,0.5847,2.521
66.8126,0.5632,2.4285
66.8128,0.5483,2.3655
66.8130,0.5433,2.3427
66.8132,0.5403,2.3265
66.8134,0.6148,2.6447
66.8136,0.6921,2.9705
66.8138,0.8247,3.538
66.8140,0.8654,3.7262
66.8142,0.6971,3.0004
66.8144,0.6315,2.7181
66.8146,0.6347,2.7303
66.8148,0.6363,2.7401
66.8150,0.6525,2.8085
66.8152,0.682,2.9354
66.8154,0.608,2.6182
66.8156,0.5849,2.5186
66.8158,0.5883,2.5342
66.8160,0.5661,2.442
66.8162,0.5643,2.4309
66.8164,0.5662,2.4392
66.8166,0.5769,2.4851
66.8168,0.5676,2.4488
66.8170,0.4877,2.1028
66.8172,0.4745,2.0468
66.8174,0.4757,2.052
66.8176,0.5217,2.2506
66.8178,0.4547,1.9651
66.8180,0.4005,1.7309
66.8182,0.3927,1.6941
66.8184,0.5263,2.2703
66.8186,0.4476,1.9328
66.8188,0.3825,1.6524
66.8190,0.3927,1.6956
66.8192,0.3927,1.6956
66.8194,0.4074,1.7585
66.8196,0.4106,1.7736
66.8198,0.3728,1.6119
66.8200,0.3682,1.5922
66.8202,0.367,1.5848
66.8204,0.3765,1.625
66.8206,0.3975,1.7148
66.8208,0.3952,1.7057
66.8210,0.4603,1.984
66.8212,0.5683,2.4473
66.8214,0.5944,2.5594
66.8216,0.5504,2.3732
66.8218,0.5799,2.4934
66.8220,0.7594,3.2561
66.8222,0.8071,3.4608
66.8224,0.8149,3.4958
66.8226,0.8783,3.7679
66.8228,0.8992,3.8574
66.8230,0.8562,3.6716
66.8232,0.8996,3.8577
66.8234,0.8733,3.7463
66.8236,0.8516,3.6515
66.8238,0.8504,3.643
66.8240,0.8811,3.7762
66.8242,0.8827,3.787
66.8244,0.9124,3.9104
66.8246,0.9963,4.2621
66.8248,1.0203,4.3668
66.8250,1.0155,4.3442
66.8252,1.0248,4.3924
66.8254,0.9469,4.0584
66.8256,0.9853,4.213
66.8258,1.1241,4.8089
66.8260,1.0976,4.6978
66.8262,1.0598,4.5361
66.8264,1.0957,4.6896
66.8266,1.1038,4.7245
66.8268,0.9746,4.1829
66.8270,0.8182,3.52
66.8272,0.7797,3.3482
66.8274,0.8693,3.7311
66.8276,0.8908,3.825
66.8278,0.8952,3.8405
66.8280,0.9221,3.952
66.8282,0.93,3.9859
66.8284,0.9616,4.1216
66.8286,0.8871,3.809
66.8288,0.817,3.5083
66.8290,0.8633,3.7053
66.8292,0.9208,3.9482
66.8294,0.8645,3.7122
66.8296,0.8878,3.8086
66.8298,0.8783,3.7732
66.8300,0.8055,3.4621
66.8302,0.7718,3.3142
66.8304,0.8342,3.5903
66.8306,0.7752,3.3348
66.8308,0.7823,3.3622
66.8310,0.7857,3.3787
66.8312,0.8071,3.4672
66.8314,0.871,3.74
66.8316,0.8818,3.7899
66.8318,0.8089,3.4766
66.8320,0.7434,3.2011
66.8322,0.7078,3.0492
66.8324,0.6639,2.8588
66.8326,0.6749,2.9036
66.8328,0.7442,3.2003
66.8330,0.758,3.2565
66.8332,0.7905,3.3961
66.8334,0.7881,3.3906
66.8336,0.7241,3.1166
66.8338,0.6984,3.0089
66.8340,0.6445,2.779
66.8342,0.5983,2.5812
66.8344,0.6004,2.584
66.8346,0.7048,3.0335
66.8348,0.739,3.1805
66.8350,0.7191,3.0963
66.8352,0.6674,2.8751
66.8354,0.6602,2.8428
66.8356,0.7083,3.0498
66.8358,0.7059,3.0381
66.8360,0.7181,3.0879
66.8362,0.7701,3.3116
66.8364,0.7402,3.1857
66.8366,0.7012,3.0222
66.8368,0.5899,2.5438
66.8370,0.5661,2.4409
66.8372,0.5887,2.5386
66.8374,0.5866,2.5281
66.8376,0.5805,2.5041
66.8378,0.5578,2.3985
66.8380,0.7305,3.1424
66.8382,0.6711,2.8965
66.8384,0.5451,2.3515
66.8386,0.5793,2.4978
66.8388,0.5522,2.382
66.8390,0.5258,2.2693
66.8392,0.5296,2.2848
66.8394,0.539,2.323
66.8396,0.5396,2.3256
66.8398,0.5349,2.3086
66.8400,0.5161,2.2274
66.8402,0.5257,2.2688
66.8404,0.5299,2.2858
66.8406,0.5273,2.275
66.8408,0.5253,2.2662
66.8410,0.5776,2.4824
66.8412,0.706,3.0344
66.8414,0.6833,2.9411
66.8416,0.607,2.6172
66.8418,0.6253,2.6938
66.8420,0.6441,2.7723
66.8422,0.6644,2.8582
66.8424,0.6706,2.8837
66.8426,0.6863,2.954
66.8428,0.7023,3.0212
66.8430,0.6937,2.9855
66.8432,0.6815,2.9374
66.8434,0.6433,2.7674
66.8436,0.7399,3.1802
66.8438,0.7567,3.2584
66.8440,0.6703,2.8875
66.8442,0.6856,2.9481
66.8444,0.7405,3.1813
66.8446,0.742,3.1905
66.8448,0.7537,3.2395
66.8450,0.7872,3.3833
66.8452,0.7361,3.1652
66.8454,0.7591,3.2688
66.8456,0.7332,3.1499
66.8458,0.8124,3.4899
66.8460,0.7879,3.3911
66.8462,0.7277,3.1306
66.8464,0.7136,3.0711
66.8466,0.6387,2.7517
66.8468,0.6161,2.6553
66.8470,0.61,2.6289
66.8472,0.611,2.6323
66.8474,0.6131,2.6387
66.8476,0.6349,2.7301
66.8478,0.7048,3.0335
66.8480,0.6566,2.8286
66.8482,0.6143,2.6463
66.8484,0.6146,2.6454
66.8486,0.6568,2.827
66.8488,0.6941,2.9917
66.8490,0.6228,2.6817
66.8492,0.6137,2.6412
66.8494,0.6619,2.8514
66.8496,0.5915,2.5505
66.8498,0.565,2.4374
66.8500,0.5585,2.4083
66.8502,0.6144,2.6443
66.8504,0.613,2.6406
66.8506,0.5808,2.501
66.8508,0.6189,2.6652
66.8510,0.6667,2.8694
66.8512,0.651,2.8017
66.8514,0.615,2.6482
66.8516,0.6146,2.6454
66.8518,0.6548,2.8196
66.8520,0.6429,2.771
66.8522,0.6007,2.5855
66.8524,0.6089,2.6194
66.8526,0.5954,2.5688
66.8528,0.503,2.171
66.8530,0.4947,2.1333
66.8532,0.5029,2.1694
66.8534,0.5378,2.32
66.8536,0.5157,2.2258
66.8538,0.4321,1.8668
66.8540,0.4287,1.8475
66.8542,0.5228,2.2522
66.8544,0.5867,2.5275
66.8546,0.566,2.4392
66.8548,0.602,2.5912
66.8550,0.67,2.8798
66.8552,0.7204,3.0962
66.8554,0.7799,3.3534
66.8556,0.7362,3.1672
66.8558,0.7549,3.2447
66.8560,0.7832,3.3616
66.8562,0.8374,3.5875
66.8564,0.9793,4.1952
66.8566,1.022,4.3801
66.8568,0.974,4.1745
66.8570,0.9158,3.9308
66.8572,0.9144,3.9191
66.8574,0.9584,4.1058
66.8576,0.979,4.1961
66.8578,0.9386,4.0192
66.8580,0.9811,4.2048
66.8582,1.0371,4.4407
66.8584,1.0571,4.5328
66.8586,0.9555,4.0992
66.8588,0.9742,4.1716
66.8590,1.101,4.7077
66.8592,1.0534,4.5189
66.8594,0.9302,3.9944
66.8596,0.9058,3.8893
66.8598,0.9134,3.9186
66.8600,0.9727,4.1689
66.8602,0.9357,4.0218
66.8604,0.8296,3.569
66.8606,0.7664,3.2972
66.8608,0.7525,3.2358
66.8610,0.7634,3.2828
66.8612,0.7719,3.3209
66.8614,0.7958,3.4156
66.8616,0.9032,3.8749
66.8618,0.8965,3.8479
66.8620,0.8843,3.7972
66.8622,0.8963,3.8469
66.8624,0.8891,3.8178
66.8626,0.9573,4.1069
66.8628,0.9414,4.0441
66.8630,0.8526,3.6681
66.8632,0.7547,3.2421
66.8634,0.8734,3.7556
66.8636,0.8167,3.5101
66.8638,0.8437,3.6226
66.8640,0.8308,3.5742
66.8642,0.7666,3.2977
66.8644,0.7332,3.1528
66.8646,0.7678,3.3059
66.8648,0.7326,3.1547
66.8650,0.7589,3.2632
66.8652,0.7841,3.3699
66.8654,0.8174,3.5099
66.8656,0.7859,3.3808
66.8658,0.7146,3.0801
66.8660,0.6976,3.0011
66.8662,0.7483,3.2178
66.8664,0.7779,3.3452
66.8666,0.7825,3.3632
66.8668,0.7933,3.4127
66.8670,0.7591,3.2657
66.8672,0.7486,3.2218
66.8674,0.703,3.0271
66.8676,0.6748,2.9098
66.8678,0.6066,2.6181
66.8680,0.6089,2.6218
66.8682,0.6691,2.881
66.8684,0.6648,2.8677
66.8686,0.5392,2.3283
66.8688,0.498,2.1482
66.8690,0.5486,2.3643
66.8692,0.5856,2.5322
66.8694,0.4357,1.8832
66.8696,0.4102,1.7729
66.8698,0.4259,1.8407
66.8700,0.4615,1.9928
66.8702,0.4734,2.0441
66.8704,0.4833,2.088
66.8706,0.4572,1.9742
66.8708,0.465,2.0088
66.8710,0.4685,2.0238
66.8712,0.4758,2.0535
66.8714,0.4972,2.1441
66.8716,0.538,2.3167
66.8718,0.5892,2.5419
66.8720,0.4982,2.1493
66.8722,0.4813,2.0782
66.8724,0.4808,2.0762
66.8726,0.4677,2.0188
66.8728,0.4675,2.0187
66.8730,0.4701,2.031
66.8732,0.4715,2.0339
66.8734,0.4661,2.0125
66.8736,0.4426,1.911
66.8738,0.4415,1.9055
66.8740,0.4476,1.9319
66.8742,0.448,1.9361
66.8744,0.4502,1.9441
66.8746,0.4405,1.9004
66.8748,0.4405,1.9013
66.8750,0.4418,1.9079
66.8752,0.4808,2.0723
66.8754,0.5161,2.2263
66.8756,0.4536,1.9568
66.8758,0.471,2.0318
66.8760,0.4535,1.9581
66.8762,0.4584,1.9794
66.8764,0.4667,2.0141
66.8766,0.4555,1.9651
66.8768,0.4484,1.9364
66.8770,0.4848,2.0903
66.8772,0.5418,2.3332
66.8774,0.5375,2.3135
66.8776,0.5889,2.5403
66.8778,0.5494,2.3679
66.8780,0.549,2.3664
66.8782,0.5526,2.383
66.8784,0.5541,2.387
66.8786,0.6064,2.6098
66.8788,0.6423,2.7607
66.8790,0.7709,3.3086
66.8792,0.8149,3.4991
66.8794,0.8523,3.6529
66.8796,0.8713,3.7468
66.8798,0.6403,2.7597
66.8800,0.5439,2.3452
66.8802,0.5381,2.3204
66.8804,0.5119,2.2052
66.8806,0.5277,2.2723
66.8808,0.5674,2.4432
66.8810,0.6176,2.662
66.8812,0.5905,2.5428
66.8814,0.6311,2.7161
66.8816,0.6838,2.9404
66.8818,0.6987,3.0071
66.8820,0.6867,2.9555
66.8822,0.6538,2.8102
66.8824,0.6741,2.9013
66.8826,0.6829,2.9377
66.8828,0.6867,2.9569
66.8830,0.6025,2.5957
66.8832,0.6186,2.6624
66.8834,0.6879,2.9607
66.8836,0.632,2.7164
66.8838,0.6778,2.9173
66.8840,0.6765,2.909
66.8842,0.6911,2.9802
66.8844,0.5399,2.3271
66.8846,0.547,2.3576
66.8848,0.5168,2.2294
66.8850,0.5632,2.4274
66.8852,0.618,2.6586
66.8854,0.6827,2.9371
66.8856,0.5917,2.5492
66.8858,0.5206,2.2481
66.8860,0.4137,1.7871
66.8862,0.4064,1.7555
66.8864,0.4097,1.7708
66.8866,0.3965,1.7106
66.8868,0.4377,1.8889
66.8870,0.408,1.7619
66.8872,0.4417,1.9039
66.8874,0.5001,2.1565
66.8876,0.5399,2.3217
66.8878,0.6319,2.7172
66.8880,0.7077,3.0402
66.8882,0.7203,3.0986
66.8884,0.6875,2.9564
66.8886,0.7247,3.1104
66.8888,0.7849,3.3719
66.8890,0.7246,3.1085
66.8892,0.7784,3.3394
66.8894,0.8603,3.6925
66.8896,0.8803,3.7731
66.8898,0.9067,3.888
66.8900,0.9019,3.8657
66.8902,0.899,3.8569
66.8904,0.9078,3.8872
66.8906,0.9536,4.0833
66.8908,0.9819,4.2124
66.8910,0.968,4.1411
66.8912,1.0431,4.4684
66.8914,1.0285,4.3981
66.8916,1.0791,4.6123
66.8918,1.1391,4.8708
66.8920,1.0793,4.6279
66.8922,0.9168,3.9349
66.8924,0.9001,3.8615
66.8926,0.9222,3.9543
66.8928,0.8928,3.8337
66.8930,0.8608,3.6963
66.8932,0.8307,3.567
66.8934,0.827,3.5478
66.8936,0.8708,3.7355
66.8938,0.8505,3.6537
66.8940,0.812,3.4867
66.8942,0.8252,3.5466
66.8944,0.7836,3.3694
66.8946,0.7827,3.3626
66.8948,0.7727,3.3147
66.8950,0.8589,3.6863
66.8952,0.8833,3.7913
66.8954,0.8766,3.766
66.8956,0.847,3.6404
66.8958,0.8285,3.5611
66.8960,0.8181,3.5146
66.8962,0.8163,3.5134
66.8964,0.7688,3.3029
66.8966,0.8236,3.535
66.8968,0.8596,3.6877
66.8970,0.8646,3.7127
66.8972,0.856,3.6791
66.8974,0.8443,3.6286
66.8976,0.798,3.4265
66.8978,0.833,3.5785
66.8980,0.8477,3.6435
66.8982,0.817,3.51
66.8984,0.8085,3.4766
66.8986,0.7938,3.4196
66.8988,0.7041,3.0318
66.8990,0.7172,3.0823
66.8992,0.783,3.3684
66.8994,0.7427,3.198
66.8996,0.7138,3.0736
66.8998,0.6337,2.7312
66.9000,0.5893,2.5424
66.9002,0.5737,2.4728
66.9004,0.576,2.4804
66.9006,0.6886,2.9638
66.9008,0.7345,3.1688
66.9010,0.5531,2.3862
66.9012,0.5288,2.279
66.9014,0.5984,2.5769
66.9016,0.6403,2.7558
66.9018,0.6554,2.8235
66.9020,0.6715,2.894
66.9022,0.6711,2.8871
66.9024,0.6865,2.9545
66.9026,0.7058,3.0376
66.9028,0.7046,3.0324
66.9030,0.7243,3.1132
66.9032,0.7271,3.1251
66.9034,0.7324,3.1566
66.9036,0.6522,2.8095
66.9038,0.6486,2.7914
66.9040,0.7643,3.2818
66.9042,0.8254,3.5444
66.9044,0.8224,3.5364
66.9046,0.7482,3.2188
66.9048,0.7409,3.1873
66.9050,0.6664,2.8737
66.9052,0.5877,2.5328
66.9054,0.6363,2.7401
66.9056,0.6608,2.8454
66.9058,0.6636,2.8559
66.9060,0.605,2.6101
66.9062,0.549,2.3675
66.9064,0.5375,2.3178
66.9066,0.5351,2.3086
66.9068,0.5353,2.3091
66.9070,0.5378,2.32
66.9072,0.6011,2.5859
66.9074,0.7029,3.028
66.9076,0.6131,2.6448
66.9078,0.5421,2.3375
66.9080,0.5356,2.3085
66.9082,0.5315,2.2931
66.9084,0.5319,2.2946
66.9086,0.5296,2.2837
66.9088,0.5332,2.3003
66.9090,0.5349,2.3075
66.9092,0.5315,2.292
66.9094,0.5293,2.2801
66.9096,0.5638,2.4299
66.9098,0.5307,2.2894
66.9100,0.565,2.434
66.9102,0.6416,2.7615
66.9104,0.6543,2.8149
66.9106,0.6468,2.7837
66.9108,0.6662,2.8686
66.9110,0.7071,3.0376
66.9112,0.7742,3.3245
66.9114,0.7741,3.3256
66.9116,0.8085,3.4669
66.9118,0.9616,4.1197
66.9120,1.051,4.4981
66.9122,1.0463,4.4907
66.9124,0.8561,3.6762
66.9126,0.8457,3.6365
66.9128,0.7396,3.1831
66.9130,0.6845,2.9449
66.9132,0.7289,3.1387
66.9134,0.6741,2.904
66.9136,0.6776,2.915
66.9138,0.7374,3.1694
66.9140,0.8098,3.4791
66.9142,0.8288,3.5621
66.9144,0.7367,3.1693
66.9146,0.7217,3.1048
66.9148,0.6965,3.0006
66.9150,0.6037,2.6069
66.9152,0.5107,2.2051
66.9154,0.4761,2.055
66.9156,0.4884,2.1078
66.9158,0.4923,2.1288
66.9160,0.4151,1.7924
66.9162,0.4088,1.7658
66.9164,0.3959,1.7112
66.9166,0.3954,1.7099
66.9168,0.3998,1.7286
66.9170,0.4017,1.7353
66.9172,0.4387,1.8927
66.9174,0.492,2.1194
66.9176,0.518,2.2387
66.9178,0.405,1.749
66.9180,0.4022,1.7349
66.9182,0.4018,1.7366
66.9184,0.3932,1.6985
66.9186,0.3962,1.7106
66.9188,0.3924,1.6954
66.9190,0.3936,1.7013
66.9192,0.3764,1.6252
66.9194,0.3996,1.7257
66.9196,0.3971,1.7132
66.9198,0.4236,1.8292
66.9200,0.4097,1.77
66.9202,0.3971,1.7148
66.9204,0.4663,2.0079
66.9206,0.5229,2.2537
66.9208,0.5875,2.5276
66.9210,0.6933,2.9798
66.9212,0.7447,3.2008
66.9214,0.7156,3.0728
66.9216,0.8078,3.4638
66.9218,0.8426,3.6163
66.9220,0.8432,3.6172
66.9222,0.8835,3.79
66.9224,0.9047,3.8739
66.9226,0.9895,4.2368
66.9228,0.9735,4.1686
66.9230,0.9751,4.1772
66.9232,0.9856,4.2224
66.9234,0.9818,4.2079
66.9236,0.9795,4.2021
66.9238,0.9246,3.9591
66.9240,0.9753,4.1743
66.9242,1.0387,4.4416
66.9244,1.1307,4.8349
66.9246,1.1163,4.7801
66.9248,1.0823,4.6364
66.9250,1.0889,4.6603
66.9252,1.054,4.5131
66.9254,1.0217,4.3729
66.9256,1.0898,4.6622
66.9258,1.1606,4.9579
66.9260,1.1568,4.949
66.9262,1.0625,4.558
66.9264,0.9492,4.07
66.9266,0.9052,3.8886
66.9268,0.8157,3.5108
66.9270,0.7345,3.157
66.9272,0.764,3.2853
66.9274,0.7848,3.373
66.9276,0.8204,3.526
66.9278,0.796,3.4262
66.9280,0.799,3.4343
66.9282,0.7873,3.3869
66.9284,0.753,3.2394
66.9286,0.7865,3.3802
66.9288,0.8026,3.4465
66.9290,0.8595,3.6923
66.9292,0.845,3.6317
66.9294,0.8101,3.4785
66.9296,0.8477,3.6384
66.9298,0.8688,3.7429
66.9300,0.7296,3.1374
66.9302,0.7724,3.3199
66.9304,0.8236,3.5367
66.9306,0.8541,3.6674
66.9308,0.8136,3.4967
66.9310,0.8252,3.5533
66.9312,0.7174,3.0934
66.9314,0.6404,2.7589
66.9316,0.6046,2.6044
66.9318,0.6595,2.8423
66.9320,0.6301,2.7107
66.9322,0.6873,2.9581
66.9324,0.6752,2.906
66.9326,0.7072,3.0509
66.9328,0.6119,2.6409
66.9330,0.5182,2.2367
66.9332,0.5201,2.2439
66.9334,0.5542,2.393
66.9336,0.5273,2.2718
66.9338,0.5881,2.536
66.9340,0.5369,2.3185
66.9342,0.4789,2.0679
66.9344,0.4769,2.06
66.9346,0.4851,2.0919
66.9348,0.5053,2.1838
66.9350,0.4312,1.8644
66.9352,0.4327,1.8694
66.9354,0.4059,1.7534
66.9356,0.4156,1.7912
66.9358,0.4895,2.1125
66.9360,0.4723,2.0404
66.9362,0.4642,2.0042
66.9364,0.4591,1.9825
66.9366,0.4681,2.0222
66.9368,0.4677,2.0207
66.9370,0.4548,1.9629
66.9372,0.4612,1.9894
66.9374,0.509,2.1968
66.9376,0.4759,2.053
66.9378,0.4754,2.0519
66.9380,0.4548,1.9656
66.9382,0.4464,1.9285
66.9384,0.4602,1.9862
66.9386,0.4628,1.9967
66.9388,0.4645,2.0076
66.9390,0.4389,1.8932
66.9392,0.4339,1.8729
66.9394,0.4351,1.878
66.9396,0.464,2.0018
66.9398,0.4885,2.1103
66.9400,0.4395,1.8967
66.9402,0.4386,1.8913
66.9404,0.5023,2.1658
66.9406,0.5504,2.3721
66.9408,0.5699,2.4563
66.9410,0.5082,2.1902
66.9412,0.5429,2.3389
66.9414,0.5773,2.4872
66.9416,0.5827,2.5104
66.9418,0.5813,2.5007
66.9420,0.6176,2.6583
66.9422,0.6393,2.7542
66.9424,0.6183,2.6639
66.9426,0.6401,2.7535
66.9428,0.635,2.7331
66.9430,0.6273,2.7013
66.9432,0.6489,2.7943
66.9434,0.63,2.7114
66.9436,0.5891,2.5378
66.9438,0.6323,2.7187
66.9440,0.716,3.0757
66.9442,0.6992,3.0064
66.9444,0.6837,2.944
66.9446,0.5944,2.5617
66.9448,0.5772,2.4855
66.9450,0.6215,2.676
66.9452,0.6178,2.6588
66.9454,0.6711,2.8844
66.9456,0.7559,3.2427
66.9458,0.8166,3.5046
66.9460,0.8004,3.4352
66.9462,0.7831,3.3658
66.9464,0.7341,3.1609
66.9466,0.6632,2.857
66.9468,0.6136,2.642
66.9470,0.5962,2.5683
66.9472,0.5789,2.4962
66.9474,0.5676,2.4454
66.9476,0.5905,2.5405
66.9478,0.5893,2.5377
66.9480,0.5656,2.4377
66.9482,0.5847,2.5187
66.9484,0.6375,2.7452
66.9486,0.6155,2.6515
66.9488,0.5865,2.5276
66.9490,0.5721,2.4633
66.9492,0.5761,2.4809
66.9494,0.5718,2.4623
66.9496,0.5809,2.5073
66.9498,0.4995,2.1569
66.9500,0.4078,1.7609
66.9502,0.3881,1.676
66.9504,0.3903,1.6868
66.9506,0.3909,1.6879
66.9508,0.402,1.7344
66.9510,0.4031,1.7415
66.9512,0.3903,1.6853
66.9514,0.3877,1.6731
66.9516,0.3897,1.6827
66.9518,0.4265,1.8425
66.9520,0.4311,1.8596
66.9522,0.4524,1.9508
66.9524,0.4965,2.143
66.9526,0.4538,1.9579
66.9528,0.4374,1.8852
66.9530,0.4224,1.8232
66.9532,0.4252,1.8351
66.9534,0.4307,1.8572
66.9536,0.4586,1.9758
66.9538,0.5783,2.4867
66.9540,0.7333,3.1504
66.9542,0.7285,3.1298
66.9544,0.6913,2.9682
66.9546,0.7178,3.0835
66.9548,0.7137,3.0645
66.9550,0.7414,3.1879
66.9552,0.8047,3.4505
66.9554,0.858,3.6776
66.9556,0.9125,3.9109
66.9558,0.9438,4.0431
66.9560,0.903,3.8685
66.9562,0.892,3.8248
66.9564,0.902,3.868
66.9566,0.9186,3.9334
66.9568,0.9579,4.1018
66.9570,0.9493,4.0686
66.9572,0.9579,4.098
66.9574,1.0311,4.4047
66.9576,1.0996,4.7021
66.9578,1.0967,4.6915
66.9580,1.0625,4.5432
66.9582,1.0977,4.6939
66.9584,1.0335,4.4335
66.9586,0.8452,3.631
66.9588,0.8158,3.5032
66.9590,0.8234,3.5356
66.9592,0.8144,3.497
66.9594,0.8203,3.5239
66.9596,0.8729,3.743
66.9598,0.8631,3.7043
66.9600,0.7857,3.3771
66.9602,0.7849,3.3735
66.9604,0.7944,3.4094
66.9606,0.8642,3.702
66.9608,0.9596,4.1109
66.9610,0.965,4.1437
66.9612,0.9217,3.9541
66.9614,0.9383,4.0251
66.9616,0.8815,3.7818
66.9618,0.888,3.8096
66.9620,0.9229,3.9537
66.9622,0.9809,4.2122
66.9624,0.8639,3.7079
66.9626,0.8824,3.7907
66.9628,0.8655,3.7146
66.9630,0.8567,3.6753
66.9632,0.8781,3.7687
66.9634,0.8922,3.8294
66.9636,0.8476,3.6447
66.9638,0.8174,3.505
66.9640,0.9209,3.9524
66.9642,0.8964,3.8492
66.9644,0.9447,4.0491
66.9646,0.9691,4.1573
66.9648,0.9488,4.0685
66.9650,0.9313,3.9934
66.9652,0.9048,3.8888
66.9654,0.8016,3.4483
66.9656,0.8041,3.4527
66.9658,0.7746,3.3338
66.9660,0.712,3.0644
66.9662,0.7233,3.1173
66.9664,0.6528,2.8095
66.9666,0.6734,2.8969
66.9668,0.7445,3.1954
66.9670,0.8432,3.6256
66.9672,0.7049,3.041
66.9674,0.6183,2.6639
66.9676,0.6839,2.9409
66.9678,0.753,3.2379
66.9680,0.6788,2.9283
66.9682,0.5675,2.4471
66.9684,0.5806,2.5023
66.9686,0.5868,2.5292
66.9688,0.5941,2.5631
66.9690,0.5821,2.5125
66.9692,0.5066,2.1865
66.9694,0.5004,2.1616
66.9696,0.501,2.1612
66.9698,0.5498,2.3684
66.9700,0.6312,2.7191
66.9702,0.6363,2.7401
66.9704,0.6186,2.6686
66.9706,0.5577,2.4047
66.9708,0.546,2.3546
66.9710,0.5499,2.3711
66.9712,0.5377,2.3184
66.9714,0.5349,2.3065
66.9716,0.5368,2.3158
66.9718,0.5321,2.2946
66.9720,0.5312,2.2904
66.9722,0.5638,2.4322
66.9724,0.5506,2.3731
66.9726,0.577,2.4868
66.9728,0.5532,2.3867
66.9730,0.5626,2.4225
66.9732,0.5877,2.5328
66.9734,0.5808,2.5022
66.9736,0.6335,2.7315
66.9738,0.5555,2.3954
66.9740,0.5347,2.3065
66.9742,0.5309,2.2905
66.9744,0.5325,2.2972
66.9746,0.5259,2.2687
66.9748,0.523,2.2553
66.9750,0.5246,2.261
66.9752,0.5403,2.3308
66.9754,0.5241,2.2589
66.9756,0.552,2.3793
66.9758,0.5439,2.3474
66.9760,0.5547,2.3896
66.9762,0.6151,2.6487
66.9764,0.6067,2.6125
66.9766,0.6258,2.6959
66.9768,0.6237,2.6846
66.9770,0.6172,2.6562
66.9772,0.6227,2.68
66.9774,0.6301,2.7145
66.9776,0.6343,2.7326
66.9778,0.6498,2.794
66.9780,0.717,3.0818
66.9782,0.7891,3.3899
66.9784,0.8191,3.5171
66.9786,0.7818,3.3617
66.9788,0.6723,2.895
66.9790,0.6144,2.648
66.9792,0.6122,2.6387
66.9794,0.6136,2.6407
66.9796,0.612,2.6353
66.9798,0.6054,2.6081
66.9800,0.6308,2.7138
66.9802,0.6963,2.9954
66.9804,0.7,3.0114
66.9806,0.671,2.8893
66.9808,0.6636,2.8533
66.9810,0.7773,3.3364
66.9812,0.8084,3.4793
66.9814,0.6986,3.0038
66.9816,0.7272,3.1242
66.9818,0.7624,3.2766
66.9820,0.7195,3.0969
66.9822,0.6353,2.738
66.9824,0.6341,2.7315
66.9826,0.6355,2.7326
66.9828,0.682,2.9354
66.9830,0.6962,2.9949
66.9832,0.7233,3.1115
66.9834,0.6711,2.8844
66.9836,0.735,3.1576
66.9838,0.7199,3.0999
66.9840,0.6386,2.7499
66.9842,0.6775,2.9131
66.9844,0.7231,3.1124
66.9846,0.6825,2.9429
66.9848,0.5688,2.4539
66.9850,0.4603,1.9886
66.9852,0.4194,1.8111
66.9854,0.4637,2.0003
66.9856,0.5243,2.2589
66.9858,0.5884,2.5359
66.9860,0.6049,2.6108
66.9862,0.5151,2.2232
66.9864,0.439,1.8937
66.9866,0.4302,1.8551
66.9868,0.5192,2.2367
66.9870,0.6173,2.658
66.9872,0.6463,2.7842
66.9874,0.5896,2.5399
66.9876,0.588,2.5332
66.9878,0.6614,2.8453
66.9880,0.7195,3.0912
66.9882,0.7478,3.2172
66.9884,0.7149,3.074
66.9886,0.7602,3.2643
66.9888,0.7945,3.4115
66.9890,0.9977,4.2743
66.9892,0.9702,4.16
66.9894,0.9258,3.9698
66.9896,0.9532,4.0818
66.9898,0.9584,4.1039
66.9900,0.9833,4.2087
66.9902,1.0032,4.3019
66.9904,1.0047,4.3021
66.9906,1.1019,4.7118
66.9908,1.1344,4.8508
66.9910,1.0892,4.6706
66.9912,0.9344,4.0068
66.9914,0.9711,4.1622
66.9916,1.0089,4.322
66.9918,1.0312,4.4176
66.9920,0.9326,4.0065
66.9922,0.8091,3.4776
66.9924,0.824,3.5366
66.9926,0.8745,3.7532
66.9928,0.845,3.63
66.9930,0.8305,3.5743
66.9932,0.763,3.2807
66.9934,0.7453,3.2064
66.9936,0.788,3.3853
66.9938,0.8537,3.6693
66.9940,0.7968,3.4261
66.9942,0.7735,3.3245
66.9944,0.8078,3.4671
66.9946,0.8608,3.6997
66.9948,0.8115,3.4895
66.9950,0.7776,3.3452
66.9952,0.8065,3.463
66.9954,0.8739,3.7506
66.9956,0.801,3.4458
66.9958,0.7573,3.255
66.9960,0.8374,3.5942
66.9962,0.8511,3.6563
66.9964,0.7879,3.3927
66.9966,0.7026,3.027
66.9968,0.7047,3.0344
66.9970,0.6947,2.9887
66.9972,0.7784,3.3425
66.9974,0.7956,3.4273
66.9976,0.6118,2.6354
66.9978,0.6423,2.7646
66.9980,0.6865,2.9531
66.9982,0.719,3.0929
66.9984,0.7097,3.0546
66.9986,0.7505,3.2301
66.9988,0.6984,3.0117
66.9990,0.6026,2.5986
66.9992,0.5622,2.4244
66.9994,0.5627,2.4264
66.9996,0.5612,2.4208
66.9998,0.5088,2.1938
67.0000,0.5678,2.4481
67.0002,0.5391,2.3267
67.0004,0.5615,2.4235
67.0006,0.5436,2.3431
67.0008,0.5703,2.4567
67.0010,0.6189,2.6677
67.0012,0.6017,2.5945
67.0014,0.5845,2.5182
67.0016,0.5802,2.5019
67.0018,0.5974,2.5735
67.0020,0.6188,2.6672
67.0022,0.5676,2.4476
67.0024,0.5724,2.4672
67.0026,0.6409,2.7622
67.0028,0.5892,2.5383
67.0030,0.5733,2.4696
67.0032,0.5891,2.5402
67.0034,0.6242,2.6929
67.0036,0.5908,2.5474
67.0038,0.5761,2.482
67.0040,0.6311,2.7148
67.0042,0.668,2.879
67.0044,0.5966,2.5739
67.0046,0.5676,2.4476
67.0048,0.5495,2.3695
67.0050,0.5396,2.331
67.0052,0.4651,2.0093
67.0054,0.4627,1.998
67.0056,0.4567,1.9739
67.0058,0.4516,1.9489
67.0060,0.5019,2.1653
67.0062,0.539,2.3219
67.0064,0.5495,2.3695
67.0066,0.5565,2.4007
67.0068,0.5512,2.3757
67.0070,0.5496,2.369
67.0072,0.5806,2.5023
67.0074,0.5832,2.5148
67.0076,0.502,2.1668
67.0078,0.457,1.9722
67.0080,0.4537,1.9573
67.0082,0.4546,1.9619
67.0084,0.4559,1.9694
67.0086,0.4505,1.9452
67.0088,0.4507,1.9444
67.0090,0.4868,2.0991
67.0092,0.5366,2.3126
67.0094,0.5516,2.3761
67.0096,0.5565,2.3984
67.0098,0.544,2.3436
67.0100,0.5519,2.3799
67.0102,0.5565,2.3995
67.0104,0.5695,2.4536
67.0106,0.6139,2.6411
67.0108,0.6052,2.6082
67.0110,0.5685,2.449
67.0112,0.6205,2.6694
67.0114,0.6555,2.8214
67.0116,0.6853,2.9439
67.0118,0.8004,3.4384
67.0120,0.7674,3.2982
67.0122,0.7556,3.2523
67.0124,0.6252,2.6945
67.0126,0.5785,2.4924
67.0128,0.5781,2.4926
67.0130,0.5442,2.3435
67.0132,0.5838,2.5151
67.0134,0.5936,2.5586
67.0136,0.576,2.4827
67.0138,0.5874,2.5294
67.0140,0.5806,2.5
67.0142,0.6083,2.6205
67.0144,0.5813,2.5042
67.0146,0.592,2.5455
67.0148,0.6568,2.827
67.0150,0.6042,2.6029
67.0152,0.5945,2.5599
67.0154,0.5826,2.5099
67.0156,0.568,2.448
67.0158,0.5586,2.41
67.0160,0.5068,2.1865
67.0162,0.5096,2.1964
67.0164,0.5248,2.263
67.0166,0.4954,2.1383
67.0168,0.4349,1.8805
67.0170,0.3912,1.6902
67.0172,0.4265,1.8399
67.0174,0.4133,1.783
67.0176,0.4206,1.8129
67.0178,0.4891,2.108
67.0180,0.5243,2.2599
67.0182,0.5413,2.3285
67.0184,0.5896,2.5352
67.0186,0.6263,2.6992
67.0188,0.5688,2.4573
67.0190,0.4074,1.7585
67.0192,0.3892,1.6791
67.0194,0.4338,1.8715
67.0196,0.4351,1.8798
67.0198,0.435,1.8732
67.0200,0.553,2.3779
67.0202,0.6582,2.8314
67.0204,0.6956,2.9965
67.0206,0.6308,2.7138
67.0208,0.6953,2.9816
67.0210,0.8261,3.5475
67.0212,0.8006,3.4378
67.0214,0.806,3.4545
67.0216,0.8445,3.6195
67.0218,0.8821,3.7861
67.0220,0.8861,3.796
67.0222,0.8969,3.8459
67.0224,0.8504,3.6498
67.0226,0.8166,3.5046
67.0228,0.8813,3.7755
67.0230,0.9583,4.1014
67.0232,0.963,4.1234
67.0234,1.0084,4.32
67.0236,1.0391,4.4453
67.0238,1.1185,4.7781
67.0240,1.1586,4.9543
67.0242,1.1204,4.7908
67.0244,1.1295,4.8207
67.0246,1.1642,4.9779
67.0248,1.0287,4.4068
67.0250,0.9758,4.1822
67.0252,1.0126,4.3359
67.0254,1.0172,4.3595
67.0256,0.9324,3.9962
67.0258,0.9235,3.9582
67.0260,1.021,4.3698
67.0262,1.0332,4.4243
67.0264,0.9951,4.2689
67.0266,0.9166,3.9338
67.0268,0.8938,3.8379
67.0270,0.8803,3.7819
67.0272,0.7908,3.4019
67.0274,0.7917,3.4029
67.0276,0.7867,3.3828
67.0278,0.7802,3.355
67.0280,0.7843,3.3693
67.0282,0.8502,3.6544
67.0284,0.8308,3.5659
67.0286,0.9062,3.886
67.0288,0.8432,3.6223
67.0290,0.8663,3.7199
67.0292,0.8564,3.6806
67.0294,0.7976,3.4313
67.0296,0.7174,3.0862
67.0298,0.7721,3.3168
67.0300,0.8603,3.6942
67.0302,0.8638,3.7091
67.0304,0.8643,3.7129
67.0306,0.833,3.5801
67.0308,0.7405,3.1873
67.0310,0.7204,3.0977
67.0312,0.7116,3.0657
67.0314,0.6933,2.9867
67.0316,0.6861,2.953
67.0318,0.6836,2.9421
67.0320,0.6598,2.8426
67.0322,0.6735,2.8947
67.0324,0.7367,3.1693
67.0326,0.7239,3.117
67.0328,0.6769,2.9159
67.0330,0.6624,2.8521
67.0332,0.7125,3.0651
67.0334,0.782,3.3674
67.0336,0.7127,3.0675
67.0338,0.6886,2.9624
67.0340,0.702,3.0258
67.0342,0.6206,2.6749
67.0344,0.57,2.4591
67.0346,0.5088,2.1958
67.0348,0.5418,2.3386
67.0350,0.559,2.4104
67.0352,0.5598,2.414
67.0354,0.5584,2.4089
67.0356,0.5408,2.334
67.0358,0.5239,2.2599
67.0360,0.5355,2.3091
67.0362,0.5371,2.3179
67.0364,0.5426,2.3363
67.0366,0.6267,2.7025
67.0368,0.5495,2.3706
67.0370,0.5228,2.2542
67.0372,0.5287,2.2796
67.0374,0.5517,2.3789
67.0376,0.5189,2.2387
67.0378,0.5212,2.2475
67.0380,0.5378,2.3189
67.0382,0.5476,2.3624
67.0384,0.5097,2.1989
67.0386,0.5107,2.2031
67.0388,0.5148,2.2196
67.0390,0.5264,2.2698
67.0392,0.5185,2.2377
67.0394,0.5126,2.2124
67.0396,0.5245,2.2594
67.0398,0.6047,2.6025
67.0400,0.6362,2.7395
67.0402,0.6627,2.8536
67.0404,0.6249,2.691
67.0406,0.6265,2.6965
67.0408,0.6548,2.8183
67.0410,0.665,2.8635
67.0412,0.6698,2.8828
67.0414,0.7149,3.0754
67.0416,0.7179,3.084
67.0418,0.7387,3.178
67.0420,0.7054,3.0346
67.0422,0.7028,3.0219
67.0424,0.704,3.027
67.0426,0.7061,3.0377
67.0428,0.7193,3.0945
67.0430,0.7591,3.2627
67.0432,0.8056,3.461
67.0434,0.7807,3.3523
67.0436,0.8086,3.4707
67.0438,0.8679,3.7266
67.0440,0.8305,3.5677
67.0442,0.8025,3.4476
67.0444,0.7805,3.3544
67.0446,0.7757,3.3338
67.0448,0.7699,3.3106
67.0450,0.7927,3.4038
67.0452,0.8392,3.6069
67.0454,0.7717,3.3168
67.0456,0.748,3.2163
67.0458,0.7362,3.1672
67.0460,0.7494,3.2254
67.0462,0.6944,2.983
67.0464,0.821,3.5253
67.0466,0.7718,3.3235
67.0468,0.6585,2.8343
67.0470,0.6981,3.0004
67.0472,0.7482,3.2158
67.0474,0.7535,3.2445
67.0476,0.6433,2.7713
67.0478,0.6386,2.7524
67.0480,0.5965,2.571
67.0482,0.5926,2.5552
67.0484,0.5905,2.5476
67.0486,0.4957,2.1384
67.0488,0.4764,2.057
67.0490,0.4775,2.0607
67.0492,0.4778,2.0623
67.0494,0.4751,2.0504
67.0496,0.5185,2.2336
67.0498,0.6583,2.8293
67.0500,0.674,2.9062
67.0502,0.5186,2.2372
67.0504,0.5134,2.2149
67.0506,0.5243,2.261
67.0508,0.5639,2.4327
67.0510,0.4782,2.0648
67.0512,0.4321,1.8668
67.0514,0.4594,1.9826
67.0516,0.4688,2.0253
67.0518,0.4032,1.7404
67.0520,0.4162,1.7963
67.0522,0.4113,1.7775
67.0524,0.4026,1.7386
67.0526,0.4128,1.7826
67.0528,0.4656,2.0048
67.0530,0.6313,2.7146
67.0532,0.7028,3.0275
67.0534,0.6084,2.6173
67.0536,0.689,2.964
67.0538,0.7831,3.3611
67.0540,0.7547,3.2466
67.0542,0.7107,3.0559
67.0544,0.7222,3.1025
67.0546,0.7767,3.3369
67.0548,0.7742,3.3276
67.0550,0.8318,3.5683
67.0552,0.8722,3.7399
67.0554,0.8933,3.8304
67.0556,0.9475,4.0609
67.0558,0.9602,4.1173
67.0560,0.9715,4.1637
67.0562,0.97,4.1614
67.0564,0.9591,4.1108
67.0566,0.9826,4.2095
67.0568,1.048,4.479
67.0570,1.0627,4.5421
67.0572,1.1066,4.734
67.0574,1.1465,4.9049
67.0576,1.1196,4.7939
67.0578,1.097,4.6974
67.0580,1.0161,4.363
67.0582,0.8837,3.7964
67.0584,0.8383,3.6011
67.0586,0.8221,3.5283
67.0588,0.8818,3.7864
67.0590,0.8978,3.859
67.0592,0.8144,3.5019
67.0594,0.8162,3.5031
67.0596,0.8752,3.7563
67.0598,0.8759,3.7699
67.0600,0.7573,3.2565
67.0602,0.7552,3.2487
67.0604,0.7722,3.3173
67.0606,0.8287,3.5633
67.0608,0.7903,3.3951
67.0610,0.816,3.5102
67.0612,0.763,3.2822
67.0614,0.7638,3.2843
67.0616,0.8161,3.501
67.0618,0.8839,3.7956
67.0620,0.892,3.8319
67.0622,0.8757,3.7636
67.0624,0.8162,3.5047
67.0626,0.8416,3.6189
67.0628,0.8001,3.4405
67.0630,0.8161,3.5042
67.0632,0.8399,3.6084
67.0634,0.8386,3.6044
67.0636,0.8657,3.7191
67.0638,0.8293,3.5642
67.0640,0.8547,3.6734
67.0642,0.8377,3.5986
67.0644,0.8389,3.6037
67.0646,0.8513,3.6573
67.0648,0.857,3.6798
67.0650,0.8202,3.5299
67.0652,0.7538,3.246
67.0654,0.7507,3.2356
67.0656,0.6182,2.667
67.0658,0.5821,2.5113
67.0660,0.5901,2.5431
67.0662,0.5874,2.5306
67.0664,0.6245,2.6877
67.0666,0.6447,2.7801
67.0668,0.6662,2.87
67.0670,0.7072,3.048
67.0672,0.6018,2.5974
67.0674,0.5411,2.3355
67.0676,0.5586,2.41
67.0678,0.5525,2.3803
67.0680,0.6185,2.6644
67.0682,0.601,2.595
67.0684,0.471,2.0347
67.0686,0.4522,1.9515
67.0688,0.4658,2.0115
67.0690,0.4556,1.9693
67.0692,0.4579,1.9782
67.0694,0.4603,1.9867
67.0696,0.4971,2.1446
67.0698,0.5031,2.1735
67.0700,0.457,1.9731
67.0702,0.4656,2.0104
67.0704,0.4536,1.9596
67.0706,0.4448,1.9217
67.0708,0.4424,1.9114
67.0710,0.4514,1.9484
67.0712,0.4487,1.9374
67.0714,0.4438,1.9171
67.0716,0.4454,1.9225
67.0718,0.498,2.1472
67.0720,0.5448,2.3505
67.0722,0.5168,2.2325
67.0724,0.4535,1.9581
67.0726,0.4488,1.937
67.0728,0.4435,1.9143
67.0730,0.4794,2.068
67.0732,0.5295,2.2832
67.0734,0.4782,2.061
67.0736,0.4761,2.056
67.0738,0.4463,1.9271
67.0740,0.5169,2.2237
67.0742,0.6103,2.6329
67.0744,0.4814,2.0797
67.0746,0.4604,1.9872
67.0748,0.4488,1.9352
67.0750,0.4616,1.9924
67.0752,0.4735,2.0417
67.0754,0.5186,2.2351
67.0756,0.5383,2.3188
67.0758,0.5543,2.3902
67.0760,0.5544,2.3907
67.0762,0.5329,2.2955
67.0764,0.5363,2.3116
67.0766,0.5397,2.3261
67.0768,0.5423,2.3364
67.0770,0.562,2.4233
67.0772,0.5469,2.356
67.0774,0.5508,2.3752
67.0776,0.5869,2.5262
67.0778,0.6831,2.9346
67.0780,0.763,3.2731
67.0782,0.8676,3.7239
67.0784,0.8124,3.4948
67.0786,0.6125,2.6422
67.0788,0.5207,2.2465
67.0790,0.5905,2.5428
67.0792,0.5911,2.5478
67.0794,0.5742,2.4749
67.0796,0.6008,2.5824
67.0798,0.6598,2.8413
67.0800,0.5853,2.5189
67.0802,0.6282,2.7037
67.0804,0.6101,2.627
67.0806,0.5851,2.5196
67.0808,0.6175,2.6615
67.0810,0.6272,2.6971
67.0812,0.6656,2.8647
67.0814,0.656,2.8234
67.0816,0.6817,2.9325
67.0818,0.6678,2.8713
67.0820,0.676,2.9123
67.0822,0.5327,2.2993
67.0824,0.4761,2.0541
67.0826,0.4809,2.0728
67.0828,0.5438,2.3415
67.0830,0.6091,2.6216
67.0832,0.6713,2.8855
67.0834,0.6465,2.7827
67.0836,0.5928,2.5538
67.0838,0.5748,2.4775
67.0840,0.554,2.3898
67.0842,0.5266,2.2687
67.0844,0.5771,2.4873
67.0846,0.5271,2.2729
67.0848,0.4883,2.1063
67.0850,0.4341,1.8734
67.0852,0.4329,1.8682
67.0854,0.4277,1.846
67.0856,0.4506,1.9439
67.0858,0.4962,2.1385
67.0860,0.5375,2.3135
67.0862,0.5987,2.5743
67.0864,0.6506,2.8015
67.0866,0.6446,2.7718
67.0868,0.6771,2.9088
67.0870,0.7072,3.0381
67.0872,0.7242,3.1142
67.0874,0.6879,2.9593
67.0876,0.714,3.0703
67.0878,0.7258,3.1209
67.0880,0.7097,3.0475
67.0882,0.7698,3.3039
67.0884,0.7954,3.4141
67.0886,0.8718,3.7314
67.0888,1.0028,4.2918
67.0890,0.9495,4.0754
67.0892,0.8916,3.8232
67.0894,0.9025,3.8682
67.0896,0.9295,3.9838
67.0898,0.9537,4.0858
67.0900,0.9703,4.1508
67.0902,1.0584,4.5236
67.0904,1.1046,4.7275
67.0906,1.1242,4.8095
67.0908,1.132,4.8428
67.0910,1.0427,4.4627
67.0912,0.9767,4.1961
67.0914,0.8217,3.5317
67.0916,0.791,3.3966
67.0918,0.8336,3.5744
67.0920,0.8923,3.8299
67.0922,0.8989,3.8636
67.0924,0.8313,3.5696
67.0926,0.8348,3.5812
67.0928,0.8826,3.7882
67.0930,0.8538,3.6681
67.0932,0.7957,3.4199
67.0934,0.7781,3.3441
67.0936,0.7501,3.227
67.0938,0.7501,3.227
67.0940,0.7755,3.3348
67.0942,0.7854,3.3708
67.0944,0.8613,3.6966
67.0946,0.877,3.7658
67.0948,0.8898,3.8155
67.0950,0.9642,4.1362
67.0952,0.9239,3.9708
67.0954,0.8271,3.5582
67.0956,0.8241,3.5387
67.0958,0.8506,3.6525
67.0960,0.8589,3.6897
67.0962,0.8517,3.6588
67.0964,0.8429,3.6196
67.0966,0.8204,3.5228
67.0968,0.8807,3.7817
67.0970,0.8686,3.7332
67.0972,0.8434,3.6216
67.0974,0.7986,3.437
67.0976,0.7249,3.1187
67.0978,0.7886,3.3895
67.0980,0.7468,3.2156
67.0982,0.6697,2.889
67.0984,0.5843,2.5171
67.0986,0.6317,2.7212
67.0988,0.6324,2.7218
67.0990,0.6887,2.9671
67.0992,0.6398,2.7601
67.0994,0.5633,2.4279
67.0996,0.6309,2.7156
67.0998,0.75,3.228
67.1000,0.7148,3.082
67.1002,0.6783,2.9221
67.1004,0.6194,2.671
67.1006,0.607,2.616
67.1008,0.6101,2.6282
67.1010,0.6312,2.7153
67.1012,0.6721,2.8912
67.1014,0.6866,2.9536
67.1016,0.6932,2.982
67.1018,0.6795,2.9273
67.1020,0.6384,2.7514
67.1022,0.6764,2.9125
67.1024,0.6416,2.7589
67.1026,0.6947,2.9887
67.1028,0.6757,2.9054
67.1030,0.7801,3.3529
67.1032,0.827,3.5544
67.1034,0.7761,3.3374
67.1036,0.708,3.0516
67.1038,0.5933,2.5594
67.1040,0.5576,2.4053
67.1042,0.553,2.3856
67.1044,0.6012,2.5924
67.1046,0.5807,2.5017
67.1048,0.6291,2.7103
67.1050,0.6707,2.8882
67.1052,0.6387,2.7542
67.1054,0.5713,2.4648
67.1056,0.5631,2.4268
67.1058,0.5601,2.4139
67.1060,0.6008,2.5824
67.1062,0.77,3.3142
67.1064,0.6927,2.9813
67.1066,0.6766,2.9122
67.1068,0.6451,2.7803
67.1070,0.5784,2.4953
67.1072,0.5685,2.4524
67.1074,0.5435,2.3426
67.1076,0.5402,2.3303
67.1078,0.5407,2.3324
67.1080,0.5414,2.3344
67.1082,0.5832,2.5113
67.1084,0.6367,2.7429
67.1086,0.6652,2.8658
67.1088,0.6407,2.7574
67.1090,0.6369,2.7426
67.1092,0.6396,2.7553
67.1094,0.6763,2.9066
67.1096,0.7127,3.0704
67.1098,0.6675,2.8716
67.1100,0.7217,3.1033
67.1102,0.7396,3.1772
67.1104,0.821,3.5253
67.1106,0.8439,3.6338
67.1108,0.6489,2.793
67.1110,0.6806,2.9279
67.1112,0.7354,3.1621
67.1114,0.7318,3.1481
67.1116,0.6685,2.8824
67.1118,0.6192,2.6675
67.1120,0.6694,2.8772
67.1122,0.7148,3.0763
67.1124,0.674,2.9035
67.1126,0.6832,2.9365
67.1128,0.7275,3.1252
67.1130,0.696,2.9944
67.1132,0.7064,3.0359
67.1134,0.7572,3.256
67.1136,0.7499,3.229
67.1138,0.6819,2.9363
67.1140,0.6266,2.702
67.1142,0.5347,2.3044
67.1144,0.5656,2.4377
67.1146,0.6162,2.6558
67.1148,0.6024,2.5976
67.1150,0.4938,2.1321
67.1152,0.4149,1.7931
67.1154,0.4351,1.8807
67.1156,0.4217,1.8218
67.1158,0.4161,1.7966
67.1160,0.4435,1.9134
67.1162,0.5023,2.1678
67.1164,0.4546,1.9655
67.1166,0.3978,1.7171
67.1168,0.4097,1.77
67.1170,0.3995,1.7267
67.1172,0.4191,1.8087
67.1174,0.4781,2.0633
67.1176,0.4307,1.8623
67.1178,0.4028,1.7407
67.1180,0.3871,1.6705
67.1182,0.3848,1.6599
67.1184,0.3895,1.6832
67.1186,0.4114,1.7764
67.1188,0.4681,2.0194
67.1190,0.4727,2.0372
67.1192,0.5362,2.3132
67.1194,0.5008,2.1606
67.1196,0.4959,2.1374
67.1198,0.5363,2.3073
67.1200,0.6273,2.6976
67.1202,0.6645,2.8614
67.1204,0.7014,3.012
67.1206,0.8115,3.483
67.1208,0.8163,3.5036
67.1210,0.8203,3.5222
67.1212,0.8285,3.5528
67.1214,0.8765,3.762
67.1216,0.8755,3.7578
67.1218,0.8664,3.717
67.1220,0.832,3.576
67.1222,0.797,3.4176
67.1224,0.9257,3.9656
67.1226,0.9601,4.1111
67.1228,0.9718,4.1555
67.1230,0.9823,4.2119
67.1232,0.9678,4.1478
67.1234,1.0052,4.3041
67.1236,1.0415,4.4555
67.1238,1.0505,4.4919
67.1240,1.1007,4.7133
67.1242,1.0785,4.6162
67.1244,1.0759,4.5984
67.1246,1.0506,4.4987
67.1248,0.9747,4.1776
67.1250,0.9999,4.2855
67.1252,0.9574,4.1113
67.1254,0.8897,3.8168
67.1256,0.9114,3.9117
67.1258,0.9478,4.0606
67.1260,1.0958,4.6835
67.1262,1.1612,4.9674
67.1264,1.1767,5.0388
67.1266,1.1048,4.7308
67.1268,1.0667,4.5675
67.1270,1.0949,4.6947
67.1272,0.9993,4.2849
67.1274,0.9339,4.0085
67.1276,0.9152,3.9245
67.1278,0.9511,4.0783
67.1280,0.9754,4.1904
67.1282,0.9012,3.8752
67.1284,0.8303,3.5671
67.1286,0.8767,3.7647
67.1288,0.9289,3.9906
67.1290,0.7995,3.4428
67.1292,0.6723,2.895
67.1294,0.7036,3.0241
67.1296,0.7609,3.278
67.1298,0.7067,3.0431
67.1300,0.7059,3.0395
67.1302,0.6878,2.9657
67.1304,0.5988,2.5808
67.1306,0.6583,2.8306
67.1308,0.7568,3.259
67.1310,0.6627,2.855
67.1312,0.6776,2.9204
67.1314,0.6658,2.8684
67.1316,0.6166,2.6561
67.1318,0.6192,2.6687
67.1320,0.6342,2.7333
67.1322,0.5642,2.4338
67.1324,0.5126,2.2113
67.1326,0.5199,2.2418
67.1328,0.6186,2.6599
67.1330,0.7522,3.2418
67.1332,0.62,2.6723
67.1334,0.6251,2.6965
67.1336,0.627,2.6985
67.1338,0.6494,2.7989
67.1340,0.6456,2.7811
67.1342,0.6725,2.892
67.1344,0.6806,2.9387
67.1346,0.5255,2.2724
67.1348,0.4321,1.8686
67.1350,0.4222,1.8238
67.1352,0.4535,1.9563
67.1354,0.4606,1.9887
67.1356,0.4567,1.9712
67.1358,0.5183,2.2362
67.1360,0.4869,2.1036
67.1362,0.5058,2.1839
67.1364,0.4803,2.0741
67.1366,0.4558,1.9671
67.1368,0.4706,2.0322
67.1370,0.4596,1.9855
67.1372,0.4315,1.8642
67.1374,0.4434,1.9137
67.1376,0.4619,1.9934
67.1378,0.4656,2.0104
67.1380,0.4621,1.9954
67.1382,0.4314,1.8629
67.1384,0.4404,1.9017
67.1386,0.4477,1.9333
67.1388,0.4336,1.8713
67.1390,0.4324,1.867
67.1392,0.4313,1.8623
67.1394,0.4395,1.8958
67.1396,0.4543,1.9581
67.1398,0.4932,2.1285
67.1400,0.5189,2.2356
67.1402,0.6349,2.7313
67.1404,0.6664,2.8697
67.1406,0.5917,2.5492
67.1408,0.5829,2.511
67.1410,0.5752,2.4779
67.1412,0.6183,2.6614
67.1414,0.6239,2.6839
67.1416,0.6398,2.7576
67.1418,0.5723,2.4678
67.1420,0.5572,2.4004
67.1422,0.5591,2.4087
67.1424,0.5649,2.4323
67.1426,0.6014,2.5886
67.1428,0.674,2.8968
67.1430,0.7632,3.2726
67.1432,0.8258,3.5492
67.1434,0.8046,3.4548
67.1436,0.8405,3.6076
67.1438,0.7746,3.3292
67.1440,0.7168,3.0851
67.1442,0.7019,3.0169
67.1444,0.7442,3.1973
67.1446,0.819,3.5182
67.1448,0.8387,3.6032
67.1450,0.7913,3.4024
67.1452,0.7372,3.1713
67.1454,0.6958,2.9934
67.1456,0.6186,2.6649
67.1458,0.5662,2.438
67.1460,0.6607,2.8396
67.1462,0.7493,3.2219
67.1464,0.6942,2.9908
67.1466,0.6148,2.6508
67.1468,0.6019,2.5931
67.1470,0.5608,2.417
67.1472,0.5217,2.2506
67.1474,0.5079,2.1891
67.1476,0.5283,2.278
67.1478,0.5034,2.1695
67.1480,0.5477,2.3618
67.1482,0.5994,2.5834
67.1484,0.5547,2.3918
67.1486,0.5186,2.2372
67.1488,0.5118,2.2067
67.1490,0.4951,2.1348
67.1492,0.5182,2.2305
67.1494,0.5902,2.5425
67.1496,0.5285,2.2822
67.1498,0.4237,1.8323
67.1500,0.399,1.7231
67.1502,0.4019,1.7339
67.1504,0.4729,2.0411
67.1506,0.4331,1.8718
67.1508,0.3996,1.7257
67.1510,0.3946,1.7023
67.1512,0.3968,1.7124
67.1514,0.3996,1.7257
67.1516,0.42,1.8137
67.1518,0.4071,1.7578
67.1520,0.4156,1.7904
67.1522,0.5409,2.3312
67.1524,0.5064,2.1834
67.1526,0.4982,2.1473
67.1528,0.5181,2.2279
67.1530,0.6024,2.5951
67.1532,0.5972,2.5717
67.1534,0.6059,2.6101
67.1536,0.5808,2.4998
67.1538,0.6169,2.6515
67.1540,0.6926,2.9753
67.1542,0.7519,3.2303
67.1544,0.7187,3.089
67.1546,0.7462,3.2026
67.1548,0.7883,3.3832
67.1550,0.7958,3.414
67.1552,0.8794,3.7673
67.1554,0.9854,4.2214
67.1556,0.9814,4.2044
67.1558,0.9619,4.1168
67.1560,0.9836,4.2078
67.1562,1.0095,4.3165
67.1564,1.0791,4.6231
67.1566,1.0299,4.4119
67.1568,1.011,4.3252
67.1570,1.097,4.6886
67.1572,1.0802,4.632
67.1574,0.9245,3.966
67.1576,0.9026,3.8705
67.1578,0.9477,4.0677
67.1580,0.9218,3.9565
67.1582,0.8531,3.6616
67.1584,0.8285,3.5561
67.1586,0.8561,3.6762
67.1588,0.8291,3.5587
67.1590,0.8866,3.807
67.1592,0.8414,3.6129
67.1594,0.8219,3.5262
67.1596,0.8361,3.5952
67.1598,0.8221,3.5332
67.1600,0.8591,3.6839
67.1602,0.938,4.0185
67.1604,0.9399,4.0286
67.1606,0.8953,3.841
67.1608,0.9504,4.079
67.1610,0.9182,3.9429
67.1612,0.8113,3.4869
67.1614,0.8148,3.5002
67.1616,0.8251,3.5445
67.1618,0.8006,3.4426
67.1620,0.7369,3.1688
67.1622,0.7578,3.257
67.1624,0.7745,3.3287
67.1626,0.8236,3.5383
67.1628,0.8528,3.6601
67.1630,0.855,3.6716
67.1632,0.849,3.6526
67.1634,0.7889,3.3889
67.1636,0.7582,3.2616
67.1638,0.7083,3.0442
67.1640,0.7807,3.3586
67.1642,0.7672,3.3049
67.1644,0.6974,3.0015
67.1646,0.7438,3.1967
67.1648,0.807,3.4651
67.1650,0.8603,3.6976
67.1652,0.8577,3.6829
67.1654,0.8122,3.4877
67.1656,0.8089,3.4733
67.1658,0.8553,3.6726
67.1660,0.9031,3.8762
67.1662,0.9163,3.9401
67.1664,0.7537,3.241
67.1666,0.7194,3.1022
67.1668,0.5992,2.5812
67.1670,0.6365,2.7418
67.1672,0.6757,2.9121
67.1674,0.6302,2.7188
67.1676,0.5764,2.4854
67.1678,0.5902,2.546
67.1680,0.5687,2.4523
67.1682,0.5616,2.4218
67.1684,0.5632,2.4285
67.1686,0.5731,2.4714
67.1688,0.6207,2.6742
67.1690,0.6347,2.7316
67.1692,0.7182,3.0927
67.1694,0.6329,2.7301
67.1696,0.5152,2.2237
67.1698,0.5116,2.2072
67.1700,0.5353,2.3091
67.1702,0.5235,2.2563
67.1704,0.5261,2.2687
67.1706,0.5285,2.2812
67.1708,0.5236,2.261
67.1710,0.5243,2.261
67.1712,0.5221,2.2522
67.1714,0.5235,2.2584
67.1716,0.5293,2.2832
67.1718,0.5272,2.2734
67.1720,0.5234,2.2558
67.1722,0.5259,2.2666
67.1724,0.535,2.307
67.1726,0.593,2.5584
67.1728,0.5486,2.3665
67.1730,0.5254,2.2656
67.1732,0.5674,2.4455
67.1734,0.6213,2.6743
67.1736,0.5843,2.5183
67.1738,0.5386,2.3225
67.1740,0.5365,2.3132
67.1742,0.5315,2.2909
67.1744,0.55,2.3705
67.1746,0.6276,2.7036
67.1748,0.662,2.8479
67.1750,0.654,2.8146
67.1752,0.6453,2.7775
67.1754,0.6452,2.7783
67.1756,0.6644,2.8569
67.1758,0.7245,3.1138
67.1760,0.7431,3.1996
67.1762,0.6881,2.959
67.1764,0.7684,3.3008
67.1766,0.7927,3.407
67.1768,0.7651,3.29
67.1770,0.7845,3.3735
67.1772,0.6743,2.9037
67.1774,0.627,2.6998
67.1776,0.6866,2.955
67.1778,0.719,3.09
67.1780,0.7375,3.1699
67.1782,0.7128,3.0709
67.1784,0.6306,2.7153
67.1786,0.6179,2.6605
67.1788,0.6125,2.6361
67.1790,0.6136,2.642
67.1792,0.7127,3.0661
67.1794,0.7609,3.2765
67.1796,0.6536,2.8118
67.1798,0.6576,2.8288
67.1800,0.6718,2.8902
67.1802,0.6849,2.9451
67.1804,0.749,3.2179
67.1806,0.7122,3.0683
67.1808,0.6637,2.8591
67.1810,0.6676,2.8721
67.1812,0.6968,2.9975
67.1814,0.7006,3.0154
67.1816,0.6871,2.9585
67.1818,0.646,2.7806
67.1820,0.6558,2.8211
67.1822,0.7104,3.0577
67.1824,0.7339,3.1559
67.1826,0.7859,3.3745
67.1828,0.7999,3.4379
67.1830,0.7185,3.0894
67.1832,0.6776,2.9163
67.1834,0.7025,3.0223
67.1836,0.6825,2.9347
67.1838,0.7307,3.1405
67.1840,0.6754,2.9111
67.1842,0.5711,2.4649
67.1844,0.517,2.2305
67.1846,0.5293,2.2811
67.1848,0.5344,2.3033
67.1850,0.603,2.6001
67.1852,0.5777,2.4887
67.1854,0.6272,2.7021
67.1856,0.5782,2.4931
67.1858,0.5193,2.2413
67.1860,0.5124,2.2093
67.1862,0.5559,2.3936
67.1864,0.6189,2.6627
67.1866,0.689,2.964
67.1868,0.6964,2.9946
67.1870,0.7481,3.2168
67.1872,0.7212,3.1013
67.1874,0.7427,3.1921
67.1876,0.807,3.4635
67.1878,0.8366,3.5939
67.1880,0.8332,3.5828
67.1882,0.7805,3.356
67.1884,0.7574,3.2494
67.1886,0.8242,3.5343
67.1888,0.8832,3.7943
67.1890,0.8971,3.8505
67.1892,0.939,4.0226
67.1894,0.9619,4.1245
67.1896,0.9643,4.1348
67.1898,0.9607,4.1213
67.1900,0.9062,3.8878
67.1902,0.8863,3.8059
67.1904,0.8901,3.8201
67.1906,0.933,4.0025
67.1908,0.9494,4.073
67.1910,0.9568,4.1029
67.1912,0.9622,4.1241
67.1914,0.9278,3.9822
67.1916,0.8909,3.8219
67.1918,0.9007,3.8641
67.1920,0.906,3.8904
67.1922,0.8877,3.8116
67.1924,0.888,3.8078
67.1926,0.9452,4.0512
67.1928,0.9321,3.9989
67.1930,0.8787,3.773
67.1932,0.8366,3.5906
67.1934,0.8428,3.6258
67.1936,0.8348,3.5895
67.1938,0.8265,3.5507
67.1940,0.8107,3.4843
67.1942,0.8,3.4416
67.1944,0.7373,3.1689
67.1946,0.7203,3.0943
67.1948,0.7655,3.2977
67.1950,0.7367,3.1737
67.1952,0.6769,2.9146
67.1954,0.6735,2.9001
67.1956,0.6999,3.0151
67.1958,0.7313,3.149
67.1960,0.718,3.0874
67.1962,0.7151,3.0807
67.1964,0.6254,2.6956
67.1966,0.6266,2.6995
67.1968,0.7169,3.0842
67.1970,0.7701,3.3132
67.1972,0.7032,3.0296
67.1974,0.683,2.9436
67.1976,0.6209,2.6759
67.1978,0.583,2.5115
67.1980,0.6017,2.5933
67.1982,0.6205,2.6769
67.1984,0.5871,2.5349
67.1986,0.5115,2.2077
67.1988,0.502,2.1668
67.1990,0.5409,2.3312
67.1992,0.627,2.701
67.1994,0.6273,2.7001
67.1996,0.649,2.8
67.1998,0.544,2.349
67.2000,0.5426,2.3439
67.2002,0.504,2.1731
67.2004,0.5422,2.338
67.2006,0.5672,2.4456
67.2008,0.5848,2.518
67.2010,0.6492,2.794
67.2012,0.6925,2.9817
67.2014,0.6132,2.6453
67.2016,0.5028,2.1709
67.2018,0.4941,2.1336
67.2020,0.5337,2.3002
67.2022,0.6058,2.6096
67.2024,0.6024,2.5939
67.2026,0.6273,2.7013
67.2028,0.6537,2.8149
67.2030,0.567,2.4473
67.2032,0.4669,2.0152
67.2034,0.4584,1.9794
67.2036,0.46,1.9842
67.2038,0.5,2.158
67.2040,0.4583,1.9788
67.2042,0.4571,1.9737
67.2044,0.465,2.006
67.2046,0.4686,2.0225
67.2048,0.4618,1.993
67.2050,0.5155,2.2228
67.2052,0.5294,2.2796
67.2054,0.575,2.4793
67.2056,0.5594,2.4132
67.2058,0.5349,2.3066
67.2060,0.495,2.1344
67.2062,0.5235,2.2564
67.2064,0.4799,2.0702
67.2066,0.4852,2.0911
67.2068,0.554,2.3877
67.2070,0.583,2.5116
67.2072,0.583,2.5128
67.2074,0.5846,2.5172
67.2076,0.6196,2.6667
67.2078,0.6545,2.8195
67.2080,0.5655,2.4351
67.2082,0.5506,2.3743
67.2084,0.56,2.4135
67.2086,0.5516,2.3763
67.2088,0.5579,2.4059
67.2090,0.5538,2.3856
67.2092,0.627,2.6937
67.2094,0.7599,3.266
67.2096,0.7298,3.1381
67.2098,0.7182,3.088
67.2100,0.6389,2.7549
67.2102,0.5425,2.3403
67.2104,0.532,2.2942
67.2106,0.5449,2.3462
67.2108,0.5952,2.5607
67.2110,0.6293,2.706
67.2112,0.658,2.8332
67.2114,0.6422,2.7642
67.2116,0.6467,2.7859
67.2118,0.5647,2.4326
67.2120,0.5379,2.3206
67.2122,0.5277,2.2756
67.2124,0.5221,2.2513
67.2126,0.5211,2.2471
67.2128,0.5162,2.2228
67.2130,0.5642,2.4271
67.2132,0.5927,2.5546
67.2134,0.5825,2.5095
67.2136,0.5578,2.4065
67.2138,0.5546,2.3892
67.2140,0.5473,2.3577
67.2142,0.5279,2.2719
67.2144,0.6247,2.6914
67.2146,0.5777,2.4889
67.2148,0.5401,2.3278
67.2150,0.5162,2.2259
67.2152,0.5139,2.2182
67.2154,0.5265,2.2715
67.2156,0.4732,2.0432
67.2158,0.4087,1.7646
67.2160,0.4101,1.7692
67.2162,0.4727,2.0401
67.2164,0.4488,1.938
67.2166,0.4157,1.7935
67.2168,0.4087,1.763
67.2170,0.4549,1.9645
67.2172,0.4195,1.8112
67.2174,0.4058,1.7522
67.2176,0.4034,1.7402
67.2178,0.3898,1.681
67.2180,0.4129,1.7819
67.2182,0.4257,1.8339
67.2184,0.5328,2.292
67.2186,0.5589,2.4111
67.2188,0.4934,2.1267
67.2190,0.4939,2.1308
67.2192,0.4859,2.0932
67.2194,0.5255,2.2637
67.2196,0.5717,2.4596
67.2198,0.6713,2.8838
67.2200,0.6918,2.9746
67.2202,0.6801,2.9219
67.2204,0.7108,3.0566
67.2206,0.7355,3.1599
67.2208,0.7444,3.192
67.2210,0.842,3.6089
67.2212,0.883,3.79
67.2214,0.8563,3.6701
67.2216,0.8667,3.7182
67.2218,0.9031,3.8705
67.2220,0.968,4.1413
67.2222,0.9984,4.2751
67.2224,0.9966,4.2634
67.2226,1.057,4.5156
67.2228,1.1023,4.707
67.2230,1.0946,4.6781
67.2232,1.1169,4.7802
67.2234,1.0851,4.6398
67.2236,1.0946,4.6847
67.2238,0.9695,4.1572
67.2240,0.9592,4.1053
67.2242,1.0606,4.5416
67.2244,0.9707,4.1623
67.2246,0.9465,4.0603
67.2248,0.9449,4.0499
67.2250,1.0111,4.3255
67.2252,1.1265,4.819
67.2254,1.0684,4.5792
67.2256,0.9529,4.0805
67.2258,0.9624,4.1268
67.2260,0.9174,3.9358
67.2262,0.899,3.8638
67.2264,0.7659,3.2933
67.2266,0.7822,3.3634
67.2268,0.7908,3.3958
67.2270,0.839,3.6028
67.2272,0.8618,3.6971
67.2274,0.905,3.8823
67.2276,0.9013,3.8682
67.2278,0.8709,3.7397
67.2280,0.8601,3.6917
67.2282,0.9165,3.9354
67.2284,0.8689,3.7292
67.2286,0.831,3.5699
67.2288,0.806,3.4628
67.2290,0.806,3.4628
67.2292,0.8353,3.5851
67.2294,0.8371,3.5979
67.2296,0.8553,3.6745
67.2298,0.8479,3.646
67.2300,0.7929,3.4061
67.2302,0.8168,3.5124
67.2304,0.7737,3.3237
67.2306,0.7553,3.2479
67.2308,0.7529,3.2421
67.2310,0.6877,2.9598
67.2312,0.7192,3.0984
67.2314,0.6775,2.9227
67.2316,0.5924,2.5531
67.2318,0.5739,2.4724
67.2320,0.6102,2.6289
67.2322,0.6524,2.8107
67.2324,0.6557,2.8233
67.2326,0.6232,2.6872
67.2328,0.5591,2.4122
67.2330,0.5557,2.3961
67.2332,0.5636,2.4302
67.2334,0.5687,2.4535
67.2336,0.575,2.4805
67.2338,0.5308,2.2901
67.2340,0.5203,2.2425
67.2342,0.5898,2.5422
67.2344,0.6192,2.6713
67.2346,0.5803,2.5021
67.2348,0.6028,2.6005
67.2350,0.5469,2.3583
67.2352,0.5582,2.4036
67.2354,0.6789,2.9208
67.2356,0.6804,2.9324
67.2358,0.5511,2.3775
67.2360,0.5302,2.2875
67.2362,0.541,2.3319
67.2364,0.5445,2.3491
67.2366,0.5389,2.3247
67.2368,0.5366,2.3138
67.2370,0.5427,2.337
67.2372,0.545,2.35
67.2374,0.552,2.3811
67.2376,0.5481,2.3646
67.2378,0.5299,2.2849
67.2380,0.5376,2.3191
67.2382,0.5307,2.2896
67.2384,0.5359,2.3054
67.2386,0.6847,2.9415
67.2388,0.6937,2.9898
67.2390,0.578,2.4899
67.2392,0.5945,2.5612
67.2394,0.644,2.7746
67.2396,0.6427,2.7663
67.2398,0.6522,2.8058
67.2400,0.65,2.7991
67.2402,0.6711,2.8846
67.2404,0.7596,3.2619
67.2406,0.7915,3.4004
67.2408,0.8035,3.4552
67.2410,0.8021,3.4474
67.2412,0.7986,3.4324
67.2414,0.8045,3.4593
67.2416,0.8149,3.496
67.2418,0.8653,3.7051
67.2420,1.0179,4.3506
67.2422,1.0995,4.7013
67.2424,1.1557,4.9441
67.2426,1.0978,4.7095
67.2428,0.9158,3.9305
67.2430,0.9183,3.9339
67.2432,0.9382,4.023
67.2434,0.8815,3.785
67.2436,0.8879,3.8111
67.2438,0.9194,3.9422
67.2440,0.9812,4.2056
67.2442,0.9233,3.9684
67.2444,0.7672,3.3035
67.2446,0.6913,2.9767
67.2448,0.7277,3.1278
67.2450,0.7576,3.2531
67.2452,0.8575,3.6786
67.2454,0.8718,3.7486
67.2456,0.7431,3.2012
67.2458,0.6595,2.8372
67.2460,0.7335,3.1555
67.2462,0.7197,3.0976
67.2464,0.722,3.1046
67.2466,0.6952,2.9951
67.2468,0.6475,2.7895
67.2470,0.678,2.9207
67.2472,0.6842,2.949
67.2474,0.5927,2.5558
67.2476,0.5517,2.3779
67.2478,0.6042,2.6067
67.2480,0.5714,2.4638
67.2482,0.4889,2.11
67.2484,0.4716,2.0298
67.2486,0.6492,2.7955
67.2488,0.6217,2.6834
67.2490,0.5384,2.3238
67.2492,0.5079,2.1913
67.2494,0.4859,2.0961
67.2496,0.4924,2.126
67.2498,0.4764,2.0571
67.2500,0.5199,2.242
67.2502,0.5292,2.2807
67.2504,0.5163,2.2265
67.2506,0.5547,2.3908
67.2508,0.6329,2.7303
67.2510,0.5276,2.2729
67.2512,0.603,2.5967
67.2514,0.6186,2.665
67.2516,0.5729,2.4694
67.2518,0.5877,2.5318
67.2520,0.6117,2.6351
67.2522,0.6004,2.5853
67.2524,0.6155,2.6504
67.2526,0.6687,2.877
67.2528,0.7105,3.0579
67.2530,0.7046,3.0298
67.2532,0.7475,3.2129
67.2534,0.7528,3.231
67.2536,0.876,3.7561
67.2538,0.8947,3.8399
67.2540,0.9368,4.013
67.2542,0.9449,4.0518
67.2544,0.971,4.1619
67.2546,0.9244,3.9675
67.2548,0.8659,3.7146
67.2550,0.9013,3.8628
67.2552,0.9532,4.0872
67.2554,0.9971,4.2734
67.2556,0.9936,4.2645
67.2558,0.9333,4.0019
67.2560,0.964,4.1354
67.2562,0.9522,4.085
67.2564,0.8763,3.7629
67.2566,0.8267,3.5481
67.2568,1.0055,4.3014
67.2570,1.1129,4.7654
67.2572,1.0164,4.3541
67.2574,1.0212,4.3747
67.2576,1.038,4.4508
67.2578,0.9556,4.1052
67.2580,0.9214,3.9602
67.2582,0.8493,3.6487
67.2584,0.9086,3.896
67.2586,0.9332,4.007
67.2588,0.9274,3.9767
67.2590,0.928,3.9811
67.2592,0.9324,3.9964
67.2594,0.9751,4.1794
67.2596,0.9534,4.0997
67.2598,0.8961,3.8479
67.2600,0.912,3.9236
67.2602,0.7809,3.3577
67.2604,0.7598,3.27
67.2606,0.7803,3.352
67.2608,0.9052,3.8779
67.2610,1.0015,4.2964
67.2612,0.9645,4.1375
67.2614,1.0111,4.3396
67.2616,0.9545,4.0986
67.2618,0.9086,3.9032
67.2620,0.8755,3.7628
67.2622,0.8026,3.451
67.2624,0.8039,3.4551
67.2626,0.7968,3.4295
67.2628,0.7726,3.3237
67.2630,0.7935,3.4134
67.2632,0.7947,3.4154
67.2634,0.8194,3.5298
67.2636,0.6932,2.9794
67.2638,0.7546,3.2493
67.2640,0.6524,2.8133
67.2642,0.6394,2.7582
67.2644,0.5618,2.4247
67.2646,0.5668,2.4441
67.2648,0.6252,2.6947
67.2650,0.655,2.8202
67.2652,0.6263,2.7019
67.2654,0.5708,2.4635
67.2656,0.5366,2.3171
67.2658,0.5394,2.3268
67.2660,0.6012,2.5925
67.2662,0.6484,2.7957
67.2664,0.6565,2.8296
67.2666,0.6419,2.7678
67.2668,0.5997,2.5858
67.2670,0.562,2.4268
67.2672,0.541,2.3341
67.2674,0.5384,2.3238
67.2676,0.5308,2.2901
67.2678,0.591,2.5474
67.2680,0.6149,2.6502
67.2682,0.5609,2.4233
67.2684,0.5201,2.2425
67.2686,0.5878,2.5323
67.2688,0.5672,2.4491
67.2690,0.5183,2.2378
67.2692,0.5211,2.2503
67.2694,0.5401,2.3299
67.2696,0.5304,2.2901
67.2698,0.4782,2.0678
67.2700,0.4246,1.8352
67.2702,0.4322,1.8652
67.2704,0.483,2.0846
67.2706,0.4737,2.0462
67.2708,0.4727,2.0411
67.2710,0.4723,2.0386
67.2712,0.468,2.0218
67.2714,0.4704,2.0341
67.2716,0.4715,2.035
67.2718,0.4707,2.0313
67.2720,0.4725,2.04
67.2722,0.471,2.0338
67.2724,0.4708,2.0309
67.2726,0.4728,2.0416
67.2728,0.475,2.0519
67.2730,0.4716,2.0364
67.2732,0.4673,2.0159
67.2734,0.5231,2.2544
67.2736,0.5684,2.4486
67.2738,0.5987,2.5817
67.2740,0.5861,2.5262
67.2742,0.5711,2.457
67.2744,0.6828,2.9359
67.2746,0.7118,3.0693
67.2748,0.6124,2.6394
67.2750,0.6313,2.7198
67.2752,0.615,2.6458
67.2754,0.6749,2.9033
67.2756,0.7605,3.264
67.2758,0.7854,3.371
67.2760,0.7909,3.3947
67.2762,0.8367,3.6047
67.2764,0.6337,2.7314
67.2766,0.6044,2.6036
67.2768,0.6401,2.7549
67.2770,0.703,3.0217
67.2772,0.7718,3.317
67.2774,0.7509,3.2318
67.2776,0.6449,2.7782
67.2778,0.6036,2.6017
67.2780,0.5932,2.5555
67.2782,0.6088,2.619
67.2784,0.7387,3.1777
67.2786,0.7149,3.0741
67.2788,0.7074,3.0445
67.2790,0.6409,2.7586
67.2792,0.6476,2.7888
67.2794,0.6607,2.8437
67.2796,0.7311,3.1467
67.2798,0.734,3.1576
67.2800,0.6518,2.8081
67.2802,0.6516,2.8058
67.2804,0.6389,2.7511
67.2806,0.6104,2.6282
67.2808,0.6032,2.5972
67.2810,0.645,2.7774
67.2812,0.59,2.5416
67.2814,0.5704,2.4619
67.2816,0.5124,2.2104
67.2818,0.5048,2.1758
67.2820,0.5305,2.2843
67.2822,0.5855,2.5248
67.2824,0.5308,2.289
67.2826,0.5623,2.4222
67.2828,0.595,2.5609
67.2830,0.6376,2.7428
67.2832,0.6753,2.9094
67.2834,0.611,2.6344
67.2836,0.6205,2.6721
67.2838,0.6117,2.6351
67.2840,0.552,2.3756
67.2842,0.6083,2.617
67.2844,0.6462,2.78
67.2846,0.7102,3.054
67.2848,0.7455,3.2071
67.2850,0.7337,3.1521
67.2852,0.7102,3.0554
67.2854,0.6677,2.8723
67.2856,0.6668,2.8714
67.2858,0.6277,2.7005
67.2860,0.6726,2.8948
67.2862,0.6587,2.8323
67.2864,0.7634,3.2809
67.2866,0.7942,3.4086
67.2868,0.8878,3.807
67.2870,0.8774,3.7623
67.2872,0.8923,3.826
67.2874,0.8213,3.5216
67.2876,0.9468,4.0619
67.2878,0.9402,4.0317
67.2880,0.9718,4.1592
67.2882,1.0338,4.4266
67.2884,1.0059,4.3074
67.2886,1.0418,4.463
67.2888,0.9694,4.1605
67.2890,0.8632,3.7068
67.2892,0.8299,3.562
67.2894,0.9039,3.8831
67.2896,0.8739,3.7526
67.2898,0.8796,3.775
67.2900,0.8782,3.7659
67.2902,0.9453,4.0514
67.2904,0.9812,4.2056
67.2906,0.9278,3.9801
67.2908,0.9525,4.0822
67.2910,1.0095,4.3208
67.2912,1.0487,4.4949
67.2914,1.04,4.4533
67.2916,1.0809,4.6262
67.2918,1.0532,4.514
67.2920,0.9912,4.2522
67.2922,0.9538,4.0879
67.2924,1.0493,4.4954
67.2926,1.0533,4.5166
67.2928,0.9943,4.2676
67.2930,0.8838,3.7984
67.2932,0.8535,3.6651
67.2934,0.8932,3.8355
67.2936,0.8424,3.6172
67.2938,0.8544,3.6721
67.2940,0.8596,3.6948
67.2942,0.8541,3.6728
67.2944,0.8156,3.4991
67.2946,0.8882,3.8156
67.2948,0.862,3.7068
67.2950,0.8057,3.4645
67.2952,0.7943,3.4123
67.2954,0.8474,3.6422
67.2956,0.8848,3.8012
67.2958,0.9063,3.8916
67.2960,0.8761,3.7724
67.2962,0.6776,2.9205
67.2964,0.7057,3.0358
67.2966,0.7667,3.2999
67.2968,0.7182,3.0909
67.2970,0.7806,3.3629
67.2972,0.7016,3.0197
67.2974,0.7349,3.1602
67.2976,0.7556,3.2535
67.2978,0.6918,2.9843
67.2980,0.6335,2.7266
67.2982,0.6853,2.9523
67.2984,0.6336,2.7309
67.2986,0.6885,2.9676
67.2988,0.7074,3.0487
67.2990,0.6498,2.7993
67.2992,0.638,2.7487
67.2994,0.6697,2.8851
67.2996,0.658,2.8345
67.2998,0.6213,2.6776
67.3000,0.6117,2.6387
67.3002,0.6166,2.6612
67.3004,0.6029,2.5986
67.3006,0.6117,2.6339
67.3008,0.6418,2.7647
67.3010,0.653,2.8133
67.3012,0.6479,2.7911
67.3014,0.6629,2.8543
67.3016,0.6982,3.0053
67.3018,0.693,2.9839
67.3020,0.7141,3.0719
67.3022,0.7342,3.163
67.3024,0.6852,2.9504
67.3026,0.6818,2.9318
67.3028,0.7492,3.2231
67.3030,0.7221,3.1094
67.3032,0.6618,2.8537
67.3034,0.5779,2.4929
67.3036,0.5845,2.5201
67.3038,0.5731,2.4722
67.3040,0.5644,2.4327
67.3042,0.5692,2.4556
67.3044,0.5756,2.483
67.3046,0.5928,2.5469
67.3048,0.7593,3.2695
67.3050,0.6581,2.8403
67.3052,0.5768,2.4882
67.3054,0.6313,2.7198
67.3056,0.6375,2.7461
67.3058,0.6396,2.7593
67.3060,0.5654,2.4391
67.3062,0.5723,2.4622
67.3064,0.6649,2.8631
67.3066,0.7045,3.0307
67.3068,0.7521,3.234
67.3070,0.7554,3.2484
67.3072,0.7761,3.3418
67.3074,0.7182,3.0895
67.3076,0.7594,3.2593
67.3078,0.8142,3.5011
67.3080,0.8179,3.5121
67.3082,0.8719,3.7404
67.3084,0.8748,3.7632
67.3086,0.7349,3.1676
67.3088,0.6686,2.8804
67.3090,0.6565,2.8283
67.3092,0.654,2.8174
67.3094,0.6616,2.85
67.3096,0.6648,2.8613
67.3098,0.6655,2.8644
67.3100,0.7071,3.0434
67.3102,0.77,3.3108
67.3104,0.7978,3.4272
67.3106,0.7889,3.3923
67.3108,0.766,3.2968
67.3110,0.7124,3.0676
67.3112,0.6708,2.8857
67.3114,0.7105,3.0607
67.3116,0.7118,3.0678
67.3118,0.6755,2.9126
67.3120,0.5816,2.5077
67.3122,0.5582,2.4091
67.3124,0.5564,2.4003
67.3126,0.5533,2.3835
67.3128,0.6129,2.639
67.3130,0.6402,2.7593
67.3132,0.5986,2.5776
67.3134,0.6508,2.8022
67.3136,0.6843,2.9495
67.3138,0.6524,2.8107
67.3140,0.6721,2.8941
67.3142,0.6217,2.681
67.3144,0.5721,2.4692
67.3146,0.5631,2.4259
67.3148,0.6541,2.8206
67.3150,0.5727,2.4706
67.3152,0.5509,2.3787
67.3154,0.491,2.1223
67.3156,0.4205,1.8167
67.3158,0.4553,1.9678
67.3160,0.4409,1.9056
67.3162,0.4117,1.7775
67.3164,0.454,1.9603
67.3166,0.4268,1.8445
67.3168,0.4055,1.7536
67.3170,0.4389,1.8924
67.3172,0.5669,2.4413
67.3174,0.6057,2.6117
67.3176,0.5487,2.365
67.3178,0.5966,2.57
67.3180,0.559,2.4094
67.3182,0.5228,2.2544
67.3184,0.539,2.3242
67.3186,0.5815,2.5061
67.3188,0.6041,2.5989
67.3190,0.6906,2.9681
67.3192,0.7737,3.3252
67.3194,0.7405,3.1825
67.3196,0.7505,3.2228
67.3198,0.8112,3.4849
67.3200,0.8731,3.7438
67.3202,0.9435,4.0475
67.3204,0.937,4.0216
67.3206,0.9273,3.978
67.3208,0.9081,3.8939
67.3210,0.9565,4.0921
67.3212,1.063,4.5497
67.3214,1.0682,4.5739
67.3216,1.0907,4.6661
67.3218,1.1006,4.7082
67.3220,1.1629,4.9633
67.3222,1.229,5.2551
67.3224,1.1434,4.889
67.3226,1.149,4.9062
67.3228,1.2377,5.2851
67.3230,1.1833,5.0668
67.3232,1.0574,4.5362
67.3234,1.021,4.3762
67.3236,1.0404,4.4569
67.3238,1.0456,4.4774
67.3240,1.0408,4.4569
67.3242,1.0576,4.5287
67.3244,1.0853,4.6473
67.3246,1.0733,4.5981
67.3248,1.0499,4.5001
67.3250,1.051,4.5047
67.3252,1.0671,4.5693
67.3254,1.0641,4.5671
67.3256,0.9812,4.2075
67.3258,0.9617,4.1257
67.3260,1.0395,4.4595
67.3262,1.031,4.4251
67.3264,0.9251,3.978
67.3266,0.8194,3.52
67.3268,0.8803,3.7816
67.3270,0.904,3.8836
67.3272,0.9387,4.0269
67.3274,0.9324,4.0057
67.3276,0.9059,3.9009
67.3278,0.8029,3.4542
67.3280,0.822,3.5329
67.3282,0.819,3.5233
67.3284,0.8303,3.5685
67.3286,0.9009,3.8666
67.3288,0.8816,3.7908
67.3290,0.8276,3.5588
67.3292,0.8198,3.5319
67.3294,0.6685,2.8813
67.3296,0.6648,2.8652
67.3298,0.668,2.8819
67.3300,0.6409,2.7624
67.3302,0.6317,2.7277
67.3304,0.5496,2.3741
67.3306,0.5199,2.2451
67.3308,0.5109,2.2073
67.3310,0.552,2.3833
67.3312,0.5527,2.3853
67.3314,0.5222,2.2549
67.3316,0.5132,2.2161
67.3318,0.4994,2.1575
67.3320,0.5084,2.1964
67.3322,0.5159,2.2265
67.3324,0.5487,2.365
67.3326,0.6063,2.6179
67.3328,0.5253,2.2705
67.3330,0.437,1.8885
67.3332,0.4337,1.8737
67.3334,0.4885,2.1104
67.3336,0.4883,2.1084
67.3338,0.4969,2.1437
67.3340,0.5323,2.2995
67.3342,0.4774,2.0622
67.3344,0.4743,2.0488
67.3346,0.4721,2.0375
67.3348,0.4684,2.0224
67.3350,0.4906,2.1173
67.3352,0.5526,2.3848
67.3354,0.5003,2.1602
67.3356,0.4768,2.0587
67.3358,0.478,2.0639
67.3360,0.5008,2.1622
67.3362,0.4981,2.1528
67.3364,0.4729,2.0402
67.3366,0.5093,2.199
67.3368,0.4581,1.9788
67.3370,0.4657,2.012
67.3372,0.4952,2.1384
67.3374,0.4968,2.1432
67.3376,0.49,2.1127
67.3378,0.466,2.014
67.3380,0.4701,2.0297
67.3382,0.485,2.0896
67.3384,0.5635,2.4285
67.3386,0.5949,2.5651
67.3388,0.5836,2.5142
67.3390,0.6063,2.6106
67.3392,0.6117,2.6326
67.3394,0.6608,2.8442
67.3396,0.7281,3.1294
67.3398,0.7444,3.201
67.3400,0.7319,3.1459
67.3402,0.7689,3.3062
67.3404,0.7536,3.2437
67.3406,0.6719,2.8904
67.3408,0.6852,2.9463
67.3410,0.7542,3.2448
67.3412,0.8174,3.5068
67.3414,0.9123,3.9192
67.3416,0.8227,3.5344
67.3418,0.8489,3.6518
67.3420,0.7383,3.1776
67.3422,0.6933,2.9827
67.3424,0.6906,2.9681
67.3426,0.7194,3.0932
67.3428,0.7162,3.087
67.3430,0.6081,2.6184
67.3432,0.6502,2.7983
67.3434,0.7194,3.0961
67.3436,0.7203,3.0973
67.3438,0.7038,3.0262
67.3440,0.6521,2.8052
67.3442,0.6693,2.8835
67.3444,0.6514,2.8048
67.3446,0.7126,3.0686
67.3448,0.6485,2.7885
67.3450,0.6485,2.7911
67.3452,0.6616,2.8486
67.3454,0.6457,2.7779
67.3456,0.7462,3.2087
67.3458,0.684,2.9452
67.3460,0.6264,2.7036
67.3462,0.5364,2.3128
67.3464,0.5907,2.5447
67.3466,0.5968,2.571
67.3468,0.594,2.5591
67.3470,0.6548,2.8197
67.3472,0.5663,2.4455
67.3474,0.4452,1.9234
67.3476,0.4349,1.8797
67.3478,0.4668,2.0138
67.3480,0.5166,2.2316
67.3482,0.4456,1.9258
67.3484,0.4427,1.9116
67.3486,0.4648,2.0041
67.3488,0.4524,1.9536
67.3490,0.4218,1.8224
67.3492,0.4149,1.7923
67.3494,0.4135,1.7861
67.3496,0.4167,1.7976
67.3498,0.4919,2.1249
67.3500,0.4412,1.9031
67.3502,0.529,2.277
67.3504,0.5771,2.4863
67.3506,0.5264,2.2688
67.3508,0.5198,2.2404
67.3510,0.5217,2.2508
67.3512,0.5259,2.2699
67.3514,0.5252,2.2637
67.3516,0.5231,2.2544
67.3518,0.5331,2.2978
67.3520,0.5681,2.4464
67.3522,0.6168,2.6536
67.3524,0.6612,2.8445
67.3526,0.6173,2.6581
67.3528,0.6565,2.823
67.3530,0.7325,3.1485
67.3532,0.81,3.4798
67.3534,0.7978,3.4256
67.3536,0.8437,3.6228
67.3538,0.8981,3.8422
67.3540,1.0525,4.5024
67.3542,1.067,4.5688
67.3544,1.0428,4.4651
67.3546,1.0458,4.4758
67.3548,1.0898,4.6663
67.3550,1.08,4.6226
67.3552,1.0592,4.5291
67.3554,1.0041,4.3078
67.3556,0.887,3.8069
67.3558,0.9599,4.1122
67.3560,1.0669,4.5768
67.3562,0.9095,3.9019
67.3564,0.8726,3.7469
67.3566,0.8925,3.8288
67.3568,0.9005,3.8651
67.3570,0.8731,3.7455
67.3572,0.892,3.8286
67.3574,0.915,3.9274
67.3576,0.922,3.9535
67.3578,0.9598,4.1174
67.3580,0.9734,4.1702
67.3582,1.0165,4.3567
67.3584,0.9287,3.9898
67.3586,0.8782,3.7694
67.3588,0.9292,3.9844
67.3590,0.9324,3.9983
67.3592,0.9463,4.0579
67.3594,0.9419,4.0464
67.3596,0.9061,3.887
67.3598,0.9589,4.1138
67.3600,0.9541,4.0933
67.3602,0.9176,3.9382
67.3604,0.9238,3.9705
67.3606,0.831,3.5749
67.3608,0.7821,3.3582
67.3610,0.8517,3.6539
67.3612,0.9541,4.099
67.3614,0.9195,3.9409
67.3616,0.9563,4.1044
67.3618,0.9419,4.0389
67.3620,0.982,4.2126
67.3622,0.9384,4.0296
67.3624,0.9003,3.8713
67.3626,0.7889,3.3923
67.3628,0.7728,3.3247
67.3630,0.8252,3.5436
67.3632,0.8932,3.8355
67.3634,0.8413,3.621
67.3636,0.7991,3.4377
67.3638,0.8472,3.6361
67.3640,0.9183,3.9431
67.3642,0.9224,3.9662
67.3644,0.7986,3.4356
67.3646,0.715,3.0804
67.3648,0.6505,2.8037
67.3650,0.6656,2.8715
67.3652,0.6905,2.9758
67.3654,0.6843,2.9468
67.3656,0.6735,2.9016
67.3658,0.6714,2.8923
67.3660,0.6334,2.7311
67.3662,0.588,2.5368
67.3664,0.578,2.4934
67.3666,0.5946,2.5665
67.3668,0.6033,2.5977
67.3670,0.669,2.8833
67.3672,0.6336,2.7347
67.3674,0.5364,2.316
67.3676,0.6102,2.6252
67.3678,0.7131,3.0721
67.3680,0.6113,2.6396
67.3682,0.5577,2.4071
67.3684,0.5391,2.3247
67.3686,0.5355,2.3113
67.3688,0.5383,2.3243
67.3690,0.5384,2.3227
67.3692,0.5591,2.411
67.3694,0.5401,2.331
67.3696,0.524,2.2606
67.3698,0.5313,2.2932
67.3700,0.5289,2.2829
67.3702,0.5299,2.287
67.3704,0.5257,2.2699
67.3706,0.5283,2.2739
67.3708,0.6366,2.74
67.3710,0.7041,3.0334
67.3712,0.6039,2.6051
67.3714,0.5276,2.2761
67.3716,0.5264,2.272
67.3718,0.5301,2.288
67.3720,0.5335,2.2993
67.3722,0.6021,2.5937
67.3724,0.6837,2.9455
67.3726,0.6523,2.8076
67.3728,0.6463,2.7857
67.3730,0.665,2.865
67.3732,0.6588,2.8394
67.3734,0.6461,2.782
67.3736,0.6602,2.8416
67.3738,0.7568,3.2541
67.3740,0.7834,3.3654
67.3742,0.7884,3.3855
67.3744,0.7767,3.3428
67.3746,0.6608,2.8495
67.3748,0.6123,2.6401
67.3750,0.601,2.5879
67.3752,0.6409,2.7586
67.3754,0.6928,2.9848
67.3756,0.6448,2.7789
67.3758,0.6339,2.7281
67.3760,0.6394,2.7531
67.3762,0.6526,2.8099
67.3764,0.7047,3.0317
67.3766,0.7287,3.1349
67.3768,0.7084,3.0477
67.3770,0.7012,3.0224
67.3772,0.6244,2.6886
67.3774,0.6848,2.9447
67.3776,0.749,3.2191
67.3778,0.7557,3.254
67.3780,0.6277,2.7068
67.3782,0.5978,2.5763
67.3784,0.6601,2.8451
67.3786,0.6363,2.741
67.3788,0.6294,2.7103
67.3790,0.6307,2.7159
67.3792,0.6927,2.9787
67.3794,0.7154,3.0762
67.3796,0.7106,3.0556
67.3798,0.696,3.001
67.3800,0.6119,2.6361
67.3802,0.6444,2.7761
67.3804,0.6431,2.7691
67.3806,0.6311,2.7175
67.3808,0.6653,2.8633
67.3810,0.7047,3.0317
67.3812,0.712,3.0603
67.3814,0.7391,3.1783
67.3816,0.7941,3.4097
67.3818,0.7743,3.3371
67.3820,0.5729,2.4694
67.3822,0.5516,2.3785
67.3824,0.5406,2.3352
67.3826,0.4294,1.855
67.3828,0.4277,1.8444
67.3830,0.5305,2.2885
67.3832,0.4999,2.1566
67.3834,0.4931,2.1291
67.3836,0.4938,2.1322
67.3838,0.492,2.1225
67.3840,0.5045,2.1743
67.3842,0.5769,2.4864
67.3844,0.5942,2.562
67.3846,0.5308,2.289
67.3848,0.5078,2.1908
67.3850,0.532,2.2942
67.3852,0.608,2.6191
67.3854,0.6762,2.9035
67.3856,0.795,3.4186
67.3858,0.7764,3.3386
67.3860,0.78,3.351
67.3862,0.7517,3.2309
67.3864,0.7751,3.333
67.3866,0.7905,3.3958
67.3868,0.8038,3.4578
67.3870,0.7673,3.301
67.3872,0.7761,3.334
67.3874,0.8906,3.817
67.3876,1.0013,4.2934
67.3878,0.9621,4.1272
67.3880,0.9461,4.055
67.3882,0.976,4.183
67.3884,0.9882,4.2354
67.3886,0.9505,4.0797
67.3888,0.9515,4.0762
67.3890,0.9842,4.2165
67.3892,0.9996,4.2862
67.3894,0.9567,4.1041
67.3896,0.9503,4.073
67.3898,0.9841,4.2238
67.3900,0.9593,4.1192
67.3902,0.9262,3.9752
67.3904,0.9117,3.9093
67.3906,0.9292,3.9844
67.3908,0.9345,4.0108
67.3910,0.882,3.7906
67.3912,0.8728,3.7532
67.3914,0.8219,3.5357
67.3916,0.7937,3.4129
67.3918,0.8433,3.6213
67.3920,0.8081,3.4748
67.3922,0.7494,3.2226
67.3924,0.7727,3.3227
67.3926,0.7996,3.443
67.3928,0.7505,3.2288
67.3930,0.8232,3.5331
67.3932,0.8347,3.5859
67.3934,0.8415,3.6203
67.3936,0.7824,3.3644
67.3938,0.7479,3.2219
67.3940,0.6716,2.892
67.3942,0.6735,2.9043
67.3944,0.6743,2.9007
67.3946,0.7769,3.3407
67.3948,0.7456,3.2091
67.3950,0.7018,3.0235
67.3952,0.6755,2.9085
67.3954,0.7291,3.1393
67.3956,0.6684,2.8834
67.3958,0.5602,2.4146
67.3960,0.6166,2.6575
67.3962,0.6533,2.8182
67.3964,0.5896,2.5424
67.3966,0.5798,2.5
67.3968,0.5933,2.5584
67.3970,0.5828,2.5141
67.3972,0.5359,2.314
67.3974,0.5463,2.3524
67.3976,0.6454,2.7802
67.3978,0.6834,2.9454
67.3980,0.5985,2.583
67.3982,0.5372,2.3153
67.3984,0.5722,2.4686
67.3986,0.5222,2.2549
67.3988,0.5238,2.2596
67.3990,0.5468,2.3556
67.3992,0.6009,2.5898
67.3994,0.5855,2.5271
67.3996,0.5661,2.4399
67.3998,0.5526,2.3815
67.4000,0.5346,2.3029
67.4002,0.6239,2.6878
67.4004,0.6225,2.6816
67.4006,0.6377,2.7433
67.4008,0.6614,2.8481
67.4010,0.5865,2.5313
67.4012,0.5348,2.3082
67.4014,0.5686,2.4508
67.4016,0.5799,2.4982
67.4018,0.5741,2.4768
67.4020,0.5485,2.365
67.4022,0.5464,2.3551
67.4024,0.5591,2.4122
67.4026,0.5462,2.3563
67.4028,0.5864,2.5284
67.4030,0.5572,2.4061
67.4032,0.4629,1.9977
67.4034,0.4554,1.9674
67.4036,0.454,1.9603
67.4038,0.4555,1.9652
67.4040,0.4657,2.0092
67.4042,0.5096,2.2006
67.4044,0.4617,1.9925
67.4046,0.4588,1.981
67.4048,0.4601,1.9867
67.4050,0.4575,1.9753
67.4052,0.4607,1.9865
67.4054,0.5247,2.2585
67.4056,0.6636,2.8508
67.4058,0.7119,3.0612
67.4060,0.7229,3.113
67.4062,0.6581,2.8363
67.4064,0.577,2.4881
67.4066,0.5602,2.4157
67.4068,0.5609,2.4188
67.4070,0.5757,2.4778
67.4072,0.6268,2.6989
67.4074,0.6534,2.8083
67.4076,0.7586,3.2588
67.4078,0.7889,3.3875
67.4080,0.7841,3.3732
67.4082,0.7083,3.0472
67.4084,0.7153,3.0814
67.4086,0.5901,2.5421
67.4088,0.5504,2.3733
67.4090,0.5464,2.3551
67.4092,0.5496,2.3697
67.4094,0.5493,2.3687
67.4096,0.6133,2.6398
67.4098,0.6475,2.7856
67.4100,0.6631,2.8527
67.4102,0.6669,2.8719
67.4104,0.6407,2.7588
67.4106,0.5662,2.4416
67.4108,0.5277,2.2745
67.4110,0.5121,2.2094
67.4112,0.532,2.2953
67.4114,0.5448,2.3479
67.4116,0.5267,2.2699
67.4118,0.5433,2.3406
67.4120,0.5906,2.5477
67.4122,0.5166,2.2254
67.4124,0.5217,2.2487
67.4126,0.4998,2.1541
67.4128,0.5464,2.353
67.4130,0.6199,2.6732
67.4132,0.5596,2.412
67.4134,0.5589,2.4078
67.4136,0.555,2.3929
67.4138,0.5196,2.2415
67.4140,0.53,2.2843
67.4142,0.5153,2.2239
67.4144,0.4148,1.7918
67.4146,0.4042,1.7462
67.4148,0.4075,1.761
67.4150,0.4053,1.7501
67.4152,0.4024,1.7377
67.4154,0.4034,1.7426
67.4156,0.4119,1.7745
67.4158,0.5205,2.2435
67.4160,0.4778,2.0624
67.4162,0.5009,2.1557
67.4164,0.604,2.5984
67.4166,0.5674,2.4479
67.4168,0.5012,2.1623
67.4170,0.4876,2.1033
67.4172,0.4745,2.046
67.4174,0.4702,2.0283
67.4176,0.4769,2.0563
67.4178,0.4954,2.133
67.4180,0.525,2.2626
67.4182,0.5551,2.389
67.4184,0.6355,2.7341
67.4186,0.717,3.0786
67.4188,0.7515,3.2284
67.4190,0.7197,3.0933
67.4192,0.7575,3.2481
67.4194,0.8365,3.5886
67.4196,0.8441,3.6227
67.4198,0.8628,3.703
67.4200,0.8762,3.7571
67.4202,0.8625,3.6985
67.4204,0.8926,3.8222
67.4206,1.0049,4.3048
67.4208,1.0178,4.3542
67.4210,1.0399,4.4507
67.4212,1.0432,4.4588
67.4214,1.0842,4.6384
67.4216,1.0485,4.4897
67.4218,1.0171,4.3593
67.4220,1.0311,4.4091
67.4222,1.1176,4.7788
67.4224,1.1119,4.7524
67.4226,1.1408,4.8737
67.4228,1.1691,5.0086
67.4230,1.03,4.4168
67.4232,1.0035,4.2992
67.4234,0.9736,4.1746
67.4236,0.9848,4.221
67.4238,0.9583,4.1132
67.4240,0.8779,3.7661
67.4242,0.8905,3.8219
67.4244,0.8412,3.6137
67.4246,0.8213,3.5249
67.4248,0.8808,3.7819
67.4250,0.8116,3.4865
67.4252,0.7935,3.4087
67.4254,0.8167,3.5054
67.4256,0.8893,3.8132
67.4258,0.9116,3.9088
67.4260,0.9971,4.2834
67.4262,0.8638,3.7111
67.4264,0.8212,3.5293
67.4266,0.8429,3.6192
67.4268,0.8673,3.7225
67.4270,0.8568,3.6807
67.4272,0.8099,3.4793
67.4274,0.8483,3.6424
67.4276,0.8697,3.7346
67.4278,0.9117,3.9075
67.4280,0.9746,4.1793
67.4282,0.9839,4.2208
67.4284,0.8684,3.7289
67.4286,0.805,3.463
67.4288,0.7436,3.2033
67.4290,0.6577,2.8361
67.4292,0.5821,2.5086
67.4294,0.5783,2.4926
67.4296,0.5891,2.5403
67.4298,0.589,2.541
67.4300,0.5904,2.546
67.4302,0.6118,2.6331
67.4304,0.6463,2.7844
67.4306,0.6221,2.6813
67.4308,0.6575,2.8337
67.4310,0.5986,2.5812
67.4312,0.5738,2.4718
67.4314,0.634,2.7312
67.4316,0.6066,2.6146
67.4318,0.5749,2.4765
67.4320,0.5651,2.4403
67.4322,0.5535,2.3879
67.4324,0.5661,2.441
67.4326,0.5934,2.5554
67.4328,0.6392,2.7603
67.4330,0.5114,2.2073
67.4332,0.4925,2.1236
67.4334,0.4926,2.127
67.4336,0.4837,2.0868
67.4338,0.5596,2.4131
67.4340,0.6098,2.6244
67.4342,0.7011,3.0246
67.4344,0.5607,2.4189
67.4346,0.5317,2.2926
67.4348,0.5334,2.3009
67.4350,0.5183,2.2358
67.4352,0.5181,2.2342
67.4354,0.5183,2.2347
67.4356,0.5287,2.2797
67.4358,0.5621,2.424
67.4360,0.5234,2.257
67.4362,0.521,2.2477
67.4364,0.5366,2.3106
67.4366,0.569,2.4534
67.4368,0.5297,2.2849
67.4370,0.5208,2.2425
67.4372,0.6656,2.8595
67.4374,0.7534,3.2472
67.4376,0.5841,2.5174
67.4378,0.5873,2.5302
67.4380,0.6102,2.6252
67.4382,0.6337,2.7289
67.4384,0.68,2.9268
67.4386,0.678,2.9167
67.4388,0.6699,2.8821
67.4390,0.6658,2.8681
67.4392,0.6719,2.8904
67.4394,0.6631,2.8527
67.4396,0.6517,2.8063
67.4398,0.6719,2.8904
67.4400,0.7498,3.2182
67.4402,0.79,3.3953
67.4404,0.7972,3.4247
67.4406,0.7957,3.4201
67.4408,0.7718,3.3185
67.4410,0.784,3.3696
67.4412,0.8022,3.4463
67.4414,0.7919,3.4052
67.4416,0.725,3.1203
67.4418,0.6913,2.9753
67.4420,0.708,3.0442
67.4422,0.7334,3.155
67.4424,0.7415,3.1901
67.4426,0.7834,3.3638
67.4428,0.7779,3.3433
67.4430,0.7523,3.235
67.4432,0.7698,3.3057
67.4434,0.8166,3.5097
67.4436,0.7367,3.1739
67.4438,0.6855,2.9492
67.4440,0.7318,3.1483
67.4442,0.6927,2.9857
67.4444,0.5949,2.5651
67.4446,0.6257,2.6943
67.4448,0.6185,2.6645
67.4450,0.5886,2.5371
67.4452,0.6052,2.6084
67.4454,0.6349,2.7302
67.4456,0.6704,2.8855
67.4458,0.6679,2.8773
67.4460,0.6544,2.819
67.4462,0.6168,2.6573
67.4464,0.6052,2.606
67.4466,0.6481,2.7921
67.4468,0.6226,2.6808
67.4470,0.6291,2.7062
67.4472,0.6576,2.8342
67.4474,0.6195,2.6674
67.4476,0.6306,2.7167
67.4478,0.6136,2.6421
67.4480,0.5812,2.5097
67.4482,0.4341,1.8761
67.4484,0.4005,1.731
67.4486,0.4148,1.7927
67.4488,0.4132,1.7859
67.4490,0.4166,1.7971
67.4492,0.5049,2.1753
67.4494,0.5615,2.4225
67.4496,0.5077,2.1902
67.4498,0.4961,2.1401
67.4500,0.4902,2.1147
67.4502,0.5114,2.2053
67.4504,0.554,2.3888
67.4506,0.5178,2.2358
67.4508,0.4783,2.0645
67.4510,0.4877,2.1029
67.4512,0.4802,2.0699
67.4514,0.5353,2.3071
67.4516,0.5607,2.4144
67.4518,0.5898,2.5411
67.4520,0.5939,2.5598
67.4522,0.6219,2.6765
67.4524,0.6818,2.9291
67.4526,0.7688,3.301
67.4528,0.7372,3.1686
67.4530,0.7897,3.3911
67.4532,0.8269,3.5408
67.4534,0.9744,4.1743
67.4536,0.9918,4.2508
67.4538,0.9611,4.1154
67.4540,1.0089,4.3183
67.4542,1.0254,4.3906
67.4544,1.0339,4.4271
67.4546,1.0887,4.6617
67.4548,1.0908,4.6688
67.4550,1.0317,4.424
67.4552,0.9668,4.142
67.4554,1.03,4.4127
67.4556,0.9822,4.2097
67.4558,0.9496,4.0718
67.4560,0.9529,4.0881
67.4562,0.9334,4.0061
67.4564,0.8715,3.7458
67.4566,0.7744,3.3283
67.4568,0.7807,3.3541
67.4570,0.7977,3.4267
67.4572,0.8122,3.4907
67.4574,0.7956,3.4195
67.4576,0.7875,3.3845
67.4578,0.7821,3.3582
67.4580,0.8595,3.6925
67.4582,0.9098,3.9047
67.4584,0.9348,4.0104
67.4586,0.924,3.9604
67.4588,0.9951,4.2652
67.4590,0.9356,4.0135
67.4592,0.8926,3.8294
67.4594,0.8843,3.7939
67.4596,0.939,4.0284
67.4598,0.9397,4.0353
67.4600,0.852,3.6584
67.4602,0.8361,3.5904
67.4604,0.8877,3.8136
67.4606,0.8961,3.8425
67.4608,0.9896,4.2475
67.4610,0.9244,3.9675
67.4612,0.8797,3.7791
67.4614,0.8168,3.5124
67.4616,0.8365,3.597
67.4618,0.8297,3.5692
67.4620,0.6815,2.9384
67.4622,0.6286,2.7092
67.4624,0.6653,2.866
67.4626,0.6722,2.8973
67.4628,0.6769,2.9174
67.4630,0.6707,2.8879
67.4632,0.6466,2.7828
67.4634,0.6683,2.8749
67.4636,0.7099,3.0582
67.4638,0.6114,2.6377
67.4640,0.5482,2.3651
67.4642,0.578,2.4911
67.4644,0.5916,2.5512
67.4646,0.588,2.5368
67.4648,0.569,2.4534
67.4650,0.6305,2.7149
67.4652,0.661,2.8447
67.4654,0.6512,2.8082
67.4656,0.6027,2.5951
67.4658,0.5726,2.4701
67.4660,0.5063,2.1861
67.4662,0.5031,2.1726
67.4664,0.5191,2.2415
67.4666,0.4409,1.9012
67.4668,0.5512,2.378
67.4670,0.5271,2.2751
67.4672,0.5113,2.2037
67.4674,0.5654,2.4391
67.4676,0.5583,2.4085
67.4678,0.5438,2.3449
67.4680,0.5679,2.4499
67.4682,0.5514,2.3818
67.4684,0.4717,2.0369
67.4686,0.4547,1.9625
67.4688,0.453,1.9571
67.4690,0.4595,1.9841
67.4692,0.4641,2.0029
67.4694,0.4601,1.9876
67.4696,0.4588,1.981
67.4698,0.4575,1.9735
67.4700,0.4579,1.9765
67.4702,0.4551,1.9659
67.4704,0.4439,1.915
67.4706,0.4412,1.9031
67.4708,0.4679,2.0194
67.4710,0.4506,1.944
67.4712,0.4912,2.1169
67.4714,0.5444,2.3464
67.4716,0.5915,2.5483
67.4718,0.5764,2.4832
67.4720,0.5925,2.5524
67.4722,0.5655,2.4351
67.4724,0.5635,2.4274
67.4726,0.591,2.5486
67.4728,0.5659,2.4389
67.4730,0.5886,2.5335
67.4732,0.6383,2.7472
67.4734,0.6785,2.9187
67.4736,0.7087,3.0473
67.4738,0.7107,3.0589
67.4740,0.5979,2.5745
67.4742,0.5424,2.3387
67.4744,0.5293,2.2834
67.4746,0.5275,2.2756
67.4748,0.528,2.2756
67.4750,0.5368,2.3149
67.4752,0.5346,2.3061
67.4754,0.5258,2.2663
67.4756,0.5455,2.3488
67.4758,0.6081,2.6159
67.4760,0.6486,2.789
67.4762,0.6623,2.8504
67.4764,0.6613,2.845
67.4766,0.6618,2.8497
67.4768,0.5612,2.4187
67.4770,0.5225,2.2549
67.4772,0.5238,2.2575
67.4774,0.5502,2.369
67.4776,0.5903,2.5419
67.4778,0.6048,2.6044
67.4780,0.5828,2.5117
67.4782,0.5759,2.4823
67.4784,0.5916,2.55
67.4786,0.554,2.3877
67.4788,0.5354,2.3087
67.4790,0.5168,2.2285
67.4792,0.5511,2.3731
67.4794,0.6443,2.7743
67.4796,0.6204,2.6703
67.4798,0.6529,2.8089
67.4800,0.6865,2.9464
67.4802,0.7824,3.3644
67.4804,0.7118,3.0636
67.4806,0.6219,2.6765
67.4808,0.5988,2.5774
67.4810,0.5535,2.3834
67.4812,0.6039,2.6051
67.4814,0.5578,2.4042
67.4816,0.5406,2.3266
67.4818,0.5858,2.5247
67.4820,0.5981,2.5755
67.4822,0.5648,2.4365
67.4824,0.5064,2.1825
67.4826,0.5027,2.1635
67.4828,0.5687,2.4513
67.4830,0.5262,2.2699
67.4832,0.4874,2.1018
67.4834,0.4842,2.0879
67.4836,0.4817,2.077
67.4838,0.4824,2.0801
67.4840,0.4877,2.1029
67.4842,0.4883,2.1055
67.4844,0.5039,2.1717
67.4846,0.5446,2.3441
67.4848,0.6068,2.6115
67.4850,0.6637,2.8553
67.4852,0.7117,3.0559
67.4854,0.7324,3.1436
67.4856,0.8172,3.5058
67.4858,0.8381,3.5936
67.4860,0.8477,3.6347
67.4862,0.858,3.6807
67.4864,0.852,3.6567
67.4866,0.908,3.8898
67.4868,0.9848,4.2131
67.4870,1.0178,4.3603
67.4872,1.011,4.327
67.4874,1.0348,4.427
67.4876,1.0551,4.5116
67.4878,1.0948,4.6835
67.4880,1.0838,4.6385
67.4882,1.0623,4.5403
67.4884,1.1438,4.8842
67.4886,1.182,5.0541
67.4888,1.0688,4.5808
67.4890,0.958,4.1097
67.4892,0.9128,3.9213
67.4894,0.8589,3.69
67.4896,0.8137,3.4941
67.4898,0.8257,3.5456
67.4900,0.8478,3.6404
67.4902,0.8786,3.7709
67.4904,0.8734,3.747
67.4906,0.8906,3.8242
67.4908,0.8346,3.5887
67.4910,0.7846,3.3721
67.4912,0.7646,3.2861
67.4914,0.7783,3.3484
67.4916,0.7783,3.3453
67.4918,0.7792,3.3458
67.4920,0.831,3.5649
67.4922,0.8728,3.7497
67.4924,0.8298,3.5648
67.4926,0.7726,3.3175
67.4928,0.8689,3.7345
67.4930,0.8468,3.6396
67.4932,0.8294,3.5632
67.4934,0.7866,3.3809
67.4936,0.7817,3.3629
67.4938,0.775,3.3325
67.4940,0.8058,3.4617
67.4942,0.8142,3.5043
67.4944,0.762,3.2768
67.4946,0.7563,3.2535
67.4948,0.6703,2.8904
67.4950,0.5951,2.5626
67.4952,0.6315,2.719
67.4954,0.642,2.7632
67.4956,0.6731,2.8982
67.4958,0.694,2.99
67.4960,0.6717,2.8885
67.4962,0.7004,3.0173
67.4964,0.6319,2.7262
67.4966,0.5758,2.4818
67.4968,0.5984,2.5777
67.4970,0.6478,2.7906
67.4972,0.6744,2.9025
67.4974,0.6723,2.8965
67.4976,0.6467,2.7859
67.4978,0.657,2.8303
67.4980,0.6758,2.9114
67.4982,0.6812,2.9292
67.4984,0.6884,2.9602
67.4986,0.6918,2.9801
67.4988,0.6913,2.9767
67.4990,0.6625,2.8515
67.4992,0.6402,2.7542
67.4994,0.7022,3.0251
67.4996,0.627,2.7012
67.4998,0.6261,2.6946
67.5000,0.661,2.8434
67.5002,0.7641,3.284
67.5004,0.7671,3.303
67.5006,0.6937,2.987
67.5008,0.6714,2.891
67.5010,0.6653,2.8647
67.5012,0.6056,2.6099
67.5014,0.5371,2.3159
67.5016,0.5316,2.2932
67.5018,0.5383,2.3211
67.5020,0.5464,2.3573
67.5022,0.5408,2.333
67.5024,0.533,2.2983
67.5026,0.5445,2.3458
67.5028,0.5681,2.4487
67.5030,0.5346,2.304
67.5032,0.587,2.5275
67.5034,0.6052,2.6084
67.5036,0.5378,2.319
67.5038,0.527,2.2735
67.5040,0.5305,2.2864
67.5042,0.5788,2.4912
67.5044,0.6345,2.7345
67.5046,0.653,2.8107
67.5048,0.7105,3.0565
67.5050,0.6593,2.8362
67.5052,0.6397,2.7534
67.5054,0.6337,2.7314
67.5056,0.6413,2.7588
67.5058,0.693,2.9756
67.5060,0.7771,3.334
67.5062,0.8122,3.4907
67.5064,0.762,3.2752
67.5066,0.7882,3.3844
67.5068,0.7584,3.2643
67.5070,0.6461,2.7846
67.5072,0.6285,2.7074
67.5074,0.6697,2.8797
67.5076,0.6882,2.9591
67.5078,0.6942,2.9877
67.5080,0.7092,3.0536
67.5082,0.6452,2.7771
67.5084,0.6118,2.6356
67.5086,0.615,2.6508
67.5088,0.6387,2.7449
67.5090,0.7148,3.0736
67.5092,0.7512,3.2304
67.5094,0.7506,3.2263
67.5096,0.6902,2.9721
67.5098,0.6858,2.9516
67.5100,0.7217,3.1006
67.5102,0.7644,3.2886
67.5104,0.6701,2.888
67.5106,0.5909,2.5469
67.5108,0.5795,2.4943
67.5110,0.6155,2.6516
67.5112,0.5795,2.4966
67.5114,0.5756,2.4796
67.5116,0.5876,2.5312
67.5118,0.6148,2.646
67.5120,0.6685,2.8813
67.5122,0.6179,2.6632
67.5124,0.6106,2.6268
67.5126,0.6458,2.7784
67.5128,0.6522,2.8123
67.5130,0.5192,2.2409
67.5132,0.4685,2.0239
67.5134,0.4127,1.7838
67.5136,0.3918,1.6924
67.5138,0.3924,1.6965
67.5140,0.3944,1.7045
67.5142,0.3901,1.6836
67.5144,0.3826,1.6515
67.5146,0.3976,1.717
67.5148,0.3962,1.7099
67.5150,0.518,2.2296
67.5152,0.5488,2.3666
67.5154,0.4931,2.1271
67.5156,0.5177,2.2342
67.5158,0.4902,2.1147
67.5160,0.4969,2.1427
67.5162,0.5036,2.1737
67.5164,0.492,2.1205
67.5166,0.4885,2.1065
67.5168,0.5091,2.1924
67.5170,0.6299,2.7136
67.5172,0.5524,2.3832
67.5174,0.5527,2.3798
67.5176,0.6277,2.6993
67.5178,0.6716,2.8893
67.5180,0.7135,3.0665
67.5182,0.6951,2.9849
67.5184,0.8095,3.4745
67.5186,0.8443,3.622
67.5188,0.8373,3.5956
67.5190,0.8123,3.4863
67.5192,0.8477,3.6331
67.5194,0.8656,3.7084
67.5196,0.8887,3.807
67.5198,0.9894,4.2326
67.5200,1.0521,4.5009
67.5202,1.0599,4.5385
67.5204,1.045,4.4769
67.5206,1.0474,4.4788
67.5208,1.0973,4.6899
67.5210,1.0894,4.6648
67.5212,1.0455,4.4706
67.5214,1.129,4.8297
67.5216,1.0675,4.5772
67.5218,1.0008,4.2954
67.5220,0.9107,3.9034
67.5222,0.9714,4.1634
67.5224,1.0027,4.2976
67.5226,1.0145,4.3439
67.5228,1.0444,4.4681
67.5230,1.1071,4.7319
67.5232,1.129,4.8342
67.5234,1.093,4.6758
67.5236,1.146,4.898
67.5238,1.1657,4.9867
67.5240,1.0191,4.3761
67.5242,0.8732,3.7547
67.5244,0.814,3.4984
67.5246,0.7656,3.2938
67.5248,0.734,3.1605
67.5250,0.7563,3.2535
67.5252,0.7336,3.1546
67.5254,0.7313,3.1448
67.5256,0.7893,3.3922
67.5258,0.8128,3.4949
67.5260,0.7822,3.3665
67.5262,0.7201,3.0992
67.5264,0.6984,3.0058
67.5266,0.7413,3.1846
67.5268,0.8249,3.5437
67.5270,0.8129,3.497
67.5272,0.7624,3.2814
67.5274,0.7295,3.137
67.5276,0.6885,2.9717
67.5278,0.5763,2.485
67.5280,0.59,2.5404
67.5282,0.6594,2.8407
67.5284,0.6547,2.8231
67.5286,0.6063,2.6118
67.5288,0.6703,2.885
67.5290,0.6848,2.9488
67.5292,0.6446,2.7771
67.5294,0.6487,2.7947
67.5296,0.6666,2.8717
67.5298,0.6654,2.8705
67.5300,0.5426,2.3419
67.5302,0.5136,2.2156
67.5304,0.5788,2.4958
67.5306,0.584,2.5157
67.5308,0.6264,2.6999
67.5310,0.6065,2.6153
67.5312,0.5568,2.4029
67.5314,0.5059,2.1845
67.5316,0.5077,2.1923
67.5318,0.5203,2.2435
67.5320,0.5472,2.3648
67.5322,0.4244,1.8341
67.5324,0.4069,1.7576
67.5326,0.409,1.7678
67.5328,0.4401,1.9002
67.5330,0.5421,2.3365
67.5332,0.5711,2.4639
67.5334,0.4806,2.0743
67.5336,0.506,2.186
67.5338,0.4522,1.9516
67.5340,0.4437,1.9167
67.5342,0.4403,1.9022
67.5344,0.4397,1.8996
67.5346,0.4475,1.9315
67.5348,0.4503,1.9434
67.5350,0.441,1.9026
67.5352,0.4764,2.0571
67.5354,0.4517,1.9478
67.5356,0.4533,1.9554
67.5358,0.4549,1.9635
67.5360,0.4476,1.9329
67.5362,0.4513,1.948
67.5364,0.4523,1.9513
67.5366,0.4672,2.0145
67.5368,0.4679,2.0194
67.5370,0.5295,2.2791
67.5372,0.6759,2.9079
67.5374,0.6746,2.9009
67.5376,0.6755,2.9072
67.5378,0.6662,2.8675
67.5380,0.668,2.8752
67.5382,0.6629,2.8517
67.5384,0.6913,2.9739
67.5386,0.7081,3.0419
67.5388,0.7373,3.1691
67.5390,0.7439,3.1974
67.5392,0.7345,3.1582
67.5394,0.7281,3.1323
67.5396,0.7655,3.2871
67.5398,0.7942,3.4181
67.5400,0.6721,2.8941
67.5402,0.6534,2.8109
67.5404,0.6881,2.9559
67.5406,0.7274,3.1248
67.5408,0.7075,3.045
67.5410,0.6819,2.9351
67.5412,0.6922,2.9753
67.5414,0.6817,2.9368
67.5416,0.5818,2.5088
67.5418,0.5835,2.5125
67.5420,0.6337,2.7276
67.5422,0.6684,2.8767
67.5424,0.6812,2.9279
67.5426,0.637,2.7453
67.5428,0.5571,2.4034
67.5430,0.5861,2.5262
67.5432,0.5247,2.2627
67.5434,0.501,2.1613
67.5436,0.5002,2.1587
67.5438,0.5155,2.2218
67.5440,0.5126,2.2094
67.5442,0.5506,2.3754
67.5444,0.5118,2.2068
67.5446,0.5251,2.2653
67.5448,0.5169,2.2301
67.5450,0.5099,2.1955
67.5452,0.5678,2.4449
67.5454,0.6104,2.627
67.5456,0.6253,2.6927
67.5458,0.6201,2.6688
67.5460,0.5687,2.4513
67.5462,0.522,2.2508
67.5464,0.4745,2.0489
67.5466,0.4274,1.8462
67.5468,0.4513,1.9462
67.5470,0.5047,2.1743
67.5472,0.5668,2.4407
67.5474,0.599,2.5827
67.5476,0.4698,2.0277
67.5478,0.4655,2.0044
67.5480,0.5355,2.3103
67.5482,0.4942,2.1318
67.5484,0.4865,2.0997
67.5486,0.488,2.1044
67.5488,0.4885,2.1065
67.5490,0.4891,2.1071
67.5492,0.492,2.1195
67.5494,0.5033,2.1701
67.5496,0.5069,2.1866
67.5498,0.5469,2.3583
67.5500,0.5199,2.2409
67.5502,0.5014,2.1608
67.5504,0.5004,2.1567
67.5506,0.5268,2.2693
67.5508,0.5626,2.4193
67.5510,0.619,2.6653
67.5512,0.5817,2.5048
67.5514,0.5721,2.4635
67.5516,0.6616,2.8447
67.5518,0.7271,3.1238
67.5520,0.7943,3.4107
67.5522,0.8093,3.4718
67.5524,0.8545,3.6641
67.5526,0.8604,3.691
67.5528,0.8686,3.723
67.5530,0.9489,4.063
67.5532,0.9762,4.182
67.5534,0.9757,4.18
67.5536,0.97,4.1573
67.5538,0.9431,4.044
67.5540,0.9008,3.8643
67.5542,0.8656,3.7119
67.5544,0.8841,3.7946
67.5546,0.9164,3.9294
67.5548,0.9527,4.0852
67.5550,0.9278,3.9801
67.5552,0.8991,3.8535
67.5554,0.925,3.9645
67.5556,0.9208,3.9502
67.5558,0.8293,3.5577
67.5560,0.9062,3.8875
67.5562,0.9117,3.9111
67.5564,0.8826,3.7826
67.5566,0.9184,3.94
67.5568,0.9046,3.8754
67.5570,0.9254,3.9642
67.5572,0.9513,4.079
67.5574,0.9502,4.0744
67.5576,0.9597,4.1131
67.5578,0.9738,4.1718
67.5580,0.9713,4.1668
67.5582,0.9234,3.9542
67.5584,1.0023,4.29
67.5586,0.9877,4.2294
67.5588,0.9188,3.9433
67.5590,0.9192,3.9436
67.5592,0.9797,4.1969
67.5594,1.02,4.3736
67.5596,0.9358,4.0089
67.5598,0.9293,3.9868
67.5600,0.8993,3.86
67.5602,0.8923,3.8332
67.5604,0.8785,3.7722
67.5606,0.9019,3.8726
67.5608,0.8249,3.547
67.5610,0.7769,3.3423
67.5612,0.7484,3.2165
67.5614,0.7692,3.3062
67.5616,0.7668,3.2989
67.5618,0.7545,3.2443
67.5620,0.7581,3.2613
67.5622,0.7264,3.1294
67.5624,0.6558,2.8265
67.5626,0.6532,2.8099
67.5628,0.7327,3.1504
67.5630,0.7361,3.1713
67.5632,0.6262,2.6988
67.5634,0.5739,2.4758
67.5636,0.6022,2.5979
67.5638,0.5743,2.4773
67.5640,0.5678,2.4483
67.5642,0.586,2.5257
67.5644,0.6186,2.6675
67.5646,0.5343,2.3051
67.5648,0.4925,2.1255
67.5650,0.4896,2.1121
67.5652,0.545,2.3468
67.5654,0.6365,2.7433
67.5656,0.5726,2.469
67.5658,0.5679,2.4443
67.5660,0.6933,2.9869
67.5662,0.6297,2.7151
67.5664,0.5916,2.5476
67.5666,0.6246,2.6884
67.5668,0.6457,2.7818
67.5670,0.6526,2.8125
67.5672,0.6124,2.6406
67.5674,0.5686,2.4496
67.5676,0.5783,2.4949
67.5678,0.5379,2.3206
67.5680,0.5346,2.305
67.5682,0.534,2.3003
67.5684,0.5367,2.3154
67.5686,0.5373,2.3202
67.5688,0.5335,2.3025
67.5690,0.5355,2.3081
67.5692,0.6213,2.6702
67.5694,0.6644,2.8637
67.5696,0.5608,2.4194
67.5698,0.5485,2.3617
67.5700,0.6457,2.7779
67.5702,0.6655,2.8644
67.5704,0.6571,2.8309
67.5706,0.649,2.7944
67.5708,0.6883,2.961
67.5710,0.73,3.1376
67.5712,0.7241,3.1138
67.5714,0.7426,3.1903
67.5716,0.8249,3.5437
67.5718,0.7907,3.4
67.5720,0.7511,3.2298
67.5722,0.7264,3.1265
67.5724,0.6474,2.7877
67.5726,0.7235,3.1084
67.5728,0.7557,3.251
67.5730,0.6624,2.8523
67.5732,0.6133,2.6411
67.5734,0.6096,2.6239
67.5736,0.6126,2.6392
67.5738,0.6701,2.8853
67.5740,0.6457,2.7818
67.5742,0.6119,2.6337
67.5744,0.6099,2.6285
67.5746,0.6042,2.6043
67.5748,0.5978,2.5716
67.5750,0.6503,2.7962
67.5752,0.7018,3.0179
67.5754,0.7306,3.1431
67.5756,0.7359,3.1688
67.5758,0.6871,2.9573
67.5760,0.6637,2.8566
67.5762,0.651,2.7993
67.5764,0.7167,3.0847
67.5766,0.6842,2.9462
67.5768,0.6741,2.9015
67.5770,0.7054,3.0362
67.5772,0.6913,2.9767
67.5774,0.6884,2.9616
67.5776,0.7069,3.0396
67.5778,0.7604,3.265
67.5780,0.7492,3.2276
67.5782,0.6113,2.6347
67.5784,0.6281,2.7021
67.5786,0.6944,2.9873
67.5788,0.684,2.9479
67.5790,0.5874,2.5307
67.5792,0.6262,2.6926
67.5794,0.7274,3.1278
67.5796,0.7195,3.0995
67.5798,0.6179,2.6632
67.5800,0.5643,2.4333
67.5802,0.5678,2.4483
67.5804,0.5663,2.4455
67.5806,0.4472,1.9281
67.5808,0.5,2.1531
67.5810,0.5636,2.4302
67.5812,0.5368,2.3149
67.5814,0.5057,2.1815
67.5816,0.4834,2.0872
67.5818,0.48,2.0736
67.5820,0.4811,2.0754
67.5822,0.4867,2.0997
67.5824,0.4848,2.0905
67.5826,0.5599,2.413
67.5828,0.5302,2.2875
67.5830,0.4897,2.1117
67.5832,0.4848,2.0914
67.5834,0.4896,2.1131
67.5836,0.4913,2.1204
67.5838,0.5167,2.2259
67.5840,0.56,2.4113
67.5842,0.6277,2.703
67.5844,0.6686,2.8778
67.5846,0.7027,3.0215
67.5848,0.7131,3.0621
67.5850,0.7617,3.2722
67.5852,0.7884,3.3886
67.5854,0.8026,3.4446
67.5856,0.8468,3.6345
67.5858,0.8481,3.6385
67.5860,0.9076,3.8937
67.5862,0.8533,3.6521
67.5864,1.0146,4.3403
67.5866,1.12,4.7868
67.5868,1.105,4.7316
67.5870,1.0729,4.5939
67.5872,1.0842,4.6341
67.5874,1.1272,4.8198
67.5876,1.1394,4.8835
67.5878,0.9685,4.1511
67.5880,0.9752,4.176
67.5882,0.9987,4.2806
67.5884,0.99,4.2451
67.5886,0.9654,4.1397
67.5888,0.9671,4.143
67.5890,0.9371,4.0202
67.5892,0.9093,3.9045
67.5894,0.8929,3.8304
67.5896,0.8979,3.8538
67.5898,0.8899,3.8175
67.5900,0.9714,4.1673
67.5902,0.9539,4.0884
67.5904,0.9595,4.1145
67.5906,0.9521,4.0921
67.5908,0.861,3.7039
67.5910,0.7667,3.2984
67.5912,0.7853,3.3721
67.5914,0.8769,3.769
67.5916,0.7953,3.4244
67.5918,0.7143,3.0758
67.5920,0.7518,3.2314
67.5922,0.75,3.2237
67.5924,0.7523,3.2365
67.5926,0.7845,3.3763
67.5928,0.7429,3.1987
67.5930,0.6328,2.7273
67.5932,0.6258,2.6973
67.5934,0.6819,2.9364
67.5936,0.6741,2.9029
67.5938,0.6545,2.8208
67.5940,0.6255,2.6945
67.5942,0.5782,2.4944
67.5944,0.5114,2.2063
67.5946,0.588,2.5368
67.5948,0.577,2.4881
67.5950,0.584,2.5157
67.5952,0.6121,2.6371
67.5954,0.6606,2.8472
67.5956,0.6005,2.587
67.5958,0.6098,2.628
67.5960,0.6403,2.7611
67.5962,0.5912,2.5479
67.5964,0.5767,2.4888
67.5966,0.5012,2.1663
67.5968,0.4721,2.0385
67.5970,0.5123,2.2099
67.5972,0.5198,2.2425
67.5974,0.5305,2.2864
67.5976,0.5853,2.5226
67.5978,0.6253,2.6927
67.5980,0.6373,2.7456
67.5982,0.645,2.7813
67.5984,0.6161,2.6566
67.5986,0.5761,2.484
67.5988,0.5148,2.2218
67.5990,0.4927,2.1246
67.5992,0.5603,2.4117
67.5994,0.6472,2.7867
67.5996,0.64,2.757
67.5998,0.6169,2.6603
67.6000,0.5717,2.4642
67.6002,0.5753,2.4785
67.6004,0.5621,2.4228
67.6006,0.6177,2.6584
67.6008,0.6256,2.6987
67.6010,0.502,2.1664
67.6012,0.4723,2.0395
67.6014,0.4795,2.0706
67.6016,0.4672,2.0163
67.6018,0.4533,1.9563
67.6020,0.4536,1.9588
67.6022,0.4534,1.9586
67.6024,0.4522,1.9525
67.6026,0.4545,1.9624
67.6028,0.4554,1.9656
67.6030,0.4585,1.9791
67.6032,0.5139,2.2171
67.6034,0.5789,2.4964
67.6036,0.5535,2.3856
67.6038,0.5584,2.4068
67.6040,0.5946,2.5629
67.6042,0.5835,2.5137
67.6044,0.5608,2.4172
67.6046,0.5554,2.3928
67.6048,0.6113,2.6323
67.6050,0.6818,2.9318
67.6052,0.7256,3.12
67.6054,0.7277,3.1235
67.6056,0.7849,3.3737
67.6058,0.7637,3.2825
67.6060,0.7172,3.0825
67.6062,0.701,3.0171
67.6064,0.6653,2.8673
67.6066,0.5864,2.5284
67.6068,0.5404,2.3293
67.6070,0.5422,2.3371
67.6072,0.545,2.3489
67.6074,0.5709,2.4594
67.6076,0.6186,2.6638
67.6078,0.6375,2.7423
67.6080,0.6834,2.9399
67.6082,0.666,2.8651
67.6084,0.6998,3.0092
67.6086,0.7659,3.2871
67.6088,0.7616,3.2793
67.6090,0.6424,2.7622
67.6092,0.687,2.954
67.6094,0.6054,2.6131
67.6096,0.4757,2.054
67.6098,0.466,2.0121
67.6100,0.4606,1.9869
67.6102,0.4637,2.0023
67.6104,0.4662,2.0141
67.6106,0.4524,1.9527
67.6108,0.4837,2.0829
67.6110,0.5269,2.2709
67.6112,0.5085,2.1918
67.6114,0.5271,2.273
67.6116,0.5257,2.2668
67.6118,0.5366,2.3117
67.6120,0.5011,2.1598
67.6122,0.4997,2.1536
67.6124,0.5409,2.3292
67.6126,0.621,2.6704
67.6128,0.6541,2.8153
67.6130,0.5841,2.5174
67.6132,0.5407,2.3293
67.6134,0.5424,2.3397
67.6136,0.4422,1.9096
67.6138,0.4161,1.7925
67.6140,0.5633,2.4224
67.6142,0.6249,2.6944
67.6144,0.5072,2.1872
67.6146,0.5153,2.2208
67.6148,0.4963,2.1401
67.6150,0.5238,2.2575
67.6152,0.533,2.2994
67.6154,0.4963,2.1401
67.6156,0.4865,2.0967
67.6158,0.4796,2.0692
67.6160,0.474,2.0449
67.6162,0.4871,2.0983
67.6164,0.5167,2.227
67.6166,0.5225,2.2518
67.6168,0.5626,2.4238
67.6170,0.6127,2.6348
67.6172,0.6456,2.7813
67.6174,0.5993,2.5783
67.6176,0.6938,2.9806
67.6178,0.7137,3.0661
67.6180,0.7658,3.2851
67.6182,0.8625,3.7002
67.6184,0.8567,3.6785
67.6186,0.8226,3.5289
67.6188,0.8587,3.6803
67.6190,0.8684,3.7202
67.6192,0.9287,3.9842
67.6194,0.8638,3.7024
67.6196,0.9881,4.223
67.6198,1.1134,4.763
67.6200,1.1151,4.768
67.6202,1.1482,4.9095
67.6204,1.138,4.8705
67.6206,1.0228,4.386
67.6208,0.905,3.8805
67.6210,0.8625,3.6985
67.6212,0.9137,3.9199
67.6214,0.9278,3.9782
67.6216,0.969,4.1493
67.6218,0.9748,4.1798
67.6220,0.8969,3.8479
67.6222,0.8875,3.8072
67.6224,0.9378,4.0214
67.6226,0.9457,4.0535
67.6228,0.9698,4.1606
67.6230,0.9161,3.932
67.6232,0.9344,4.0065
67.6234,0.9412,4.0415
67.6236,0.8346,3.5837
67.6238,0.8178,3.5149
67.6240,0.8149,3.5009
67.6242,0.8143,3.5032
67.6244,0.7857,3.3752
67.6246,0.7858,3.3773
67.6248,0.7895,3.3901
67.6250,0.8948,3.8422
67.6252,0.8847,3.8007
67.6254,0.8578,3.6819
67.6256,0.8734,3.747
67.6258,0.9119,3.9158
67.6260,0.8576,3.6843
67.6262,0.8713,3.75
67.6264,0.7038,3.029
67.6266,0.7014,3.0173
67.6268,0.7402,3.1814
67.6270,0.7714,3.317
67.6272,0.749,3.2206
67.6274,0.7382,3.1756
67.6276,0.7321,3.1537
67.6278,0.7071,3.0434
67.6280,0.7002,3.0121
67.6282,0.7197,3.0976
67.6284,0.6805,2.9289
67.6286,0.7034,3.0274
67.6288,0.6986,3.0054
67.6290,0.6667,2.8762
67.6292,0.574,2.4752
67.6294,0.5868,2.527
67.6296,0.638,2.75
67.6298,0.5752,2.4792
67.6300,0.5673,2.4473
67.6302,0.5536,2.3884
67.6304,0.5745,2.4749
67.6306,0.6256,2.6962
67.6308,0.5926,2.5553
67.6310,0.6255,2.6957
67.6312,0.5972,2.5785
67.6314,0.4952,2.1364
67.6316,0.483,2.0846
67.6318,0.5112,2.2052
67.6320,0.5445,2.3491
67.6322,0.5264,2.2699
67.6324,0.5227,2.256
67.6326,0.5174,2.2321
67.6328,0.5213,2.2477
67.6330,0.5234,2.2559
67.6332,0.5274,2.2751
67.6334,0.5241,2.2611
67.6336,0.5226,2.2544
67.6338,0.5264,2.2709
67.6340,0.5282,2.2787
67.6342,0.5288,2.2813
67.6344,0.5584,2.4079
67.6346,0.5166,2.2275
67.6348,0.5235,2.2575
67.6350,0.569,2.4523
67.6352,0.6185,2.662
67.6354,0.6117,2.6375
67.6356,0.5659,2.4366
67.6358,0.6468,2.7903
67.6360,0.5546,2.387
67.6362,0.6515,2.804
67.6364,0.6743,2.9007
67.6366,0.7171,3.0834
67.6368,0.7371,3.171
67.6370,0.7454,3.2021
67.6372,0.7468,3.2098
67.6374,0.7414,3.1896
67.6376,0.7732,3.3216
67.6378,0.8366,3.5891
67.6380,0.8812,3.784
67.6382,0.8549,3.6724
67.6384,0.8405,3.6073
67.6386,0.8165,3.506
67.6388,0.8001,3.4354
67.6390,0.8692,3.7325
67.6392,0.8255,3.5479
67.6394,0.7593,3.2679
67.6396,0.7552,3.2459
67.6398,0.7938,3.4134
67.6400,0.7459,3.2057
67.6402,0.7287,3.132
67.6404,0.7378,3.1741
67.6406,0.7153,3.0785
67.6408,0.6478,2.7906
67.6410,0.6408,2.7619
67.6412,0.6476,2.79
67.6414,0.6333,2.7243
67.6416,0.6768,2.9142
67.6418,0.7068,3.0377
67.6420,0.7528,3.2371
67.6422,0.7062,3.0351
67.6424,0.7553,3.2479
67.6426,0.7247,3.1251
67.6428,0.6165,2.6557
67.6430,0.5958,2.5657
67.6432,0.5768,2.4871
67.6434,0.5788,2.4901
67.6436,0.6136,2.6433
67.6438,0.5846,2.5172
67.6440,0.6062,2.6101
67.6442,0.6422,2.7668
67.6444,0.6364,2.7389
67.6446,0.6215,2.6749
67.6448,0.6084,2.6223
67.6450,0.5323,2.2974
67.6452,0.5301,2.2838
67.6454,0.5562,2.3981
67.6456,0.5487,2.365
67.6458,0.5665,2.4437
67.6460,0.5338,2.3019
67.6462,0.5101,2.1996
67.6464,0.4775,2.0627
67.6466,0.4129,1.7835
67.6468,0.4096,1.7671
67.6470,0.483,2.0808
67.6472,0.5416,2.3345
67.6474,0.5788,2.4924
67.6476,0.6094,2.6253
67.6478,0.6306,2.7142
67.6480,0.6377,2.7446
67.6482,0.5746,2.4789
67.6484,0.4968,2.1412
67.6486,0.5377,2.3163
67.6488,0.5059,2.1805
67.6490,0.4949,2.1329
67.6492,0.5484,2.3667
67.6494,0.4912,2.1189
67.6496,0.4806,2.0714
67.6498,0.4838,2.0873
67.6500,0.4862,2.0976
67.6502,0.4984,2.1489
67.6504,0.5239,2.2559
67.6506,0.5741,2.4699
67.6508,0.6262,2.6988
67.6510,0.5967,2.5717
67.6512,0.607,2.6101
67.6514,0.7036,3.0243
67.6516,0.7185,3.0867
67.6518,0.7182,3.0866
67.6520,0.765,3.2866
67.6522,0.7901,3.3927
67.6524,0.8032,3.4424
67.6526,0.9504,4.0735
67.6528,0.9852,4.2206
67.6530,0.9803,4.1956
67.6532,0.9828,4.2103
67.6534,0.9746,4.1754
67.6536,0.9697,4.1543
67.6538,0.968,4.1491
67.6540,0.9184,3.9363
67.6542,0.9502,4.0706
67.6544,1.0142,4.3489
67.6546,0.9615,4.1227
67.6548,0.9468,4.0543
67.6550,0.9931,4.2565
67.6552,0.976,4.183
67.6554,0.9559,4.1029
67.6556,0.8983,3.8517
67.6558,0.9579,4.1111
67.6560,0.9059,3.8883
67.6562,0.8767,3.7644
67.6564,0.8521,3.6555
67.6566,0.8877,3.8083
67.6568,0.9261,3.971
67.6570,0.9371,4.0221
67.6572,0.9045,3.8857
67.6574,0.826,3.5483
67.6576,0.8402,3.6079
67.6578,0.9123,3.9119
67.6580,0.9702,4.1583
67.6582,0.9385,4.0245
67.6584,0.9245,3.9662
67.6586,0.9505,4.0778
67.6588,0.9142,3.9293
67.6590,0.8395,3.6082
67.6592,0.7807,3.3588
67.6594,0.7304,3.1377
67.6596,0.7635,3.2814
67.6598,0.7918,3.4031
67.6600,0.7792,3.3505
67.6602,0.7704,3.3113
67.6604,0.7782,3.3479
67.6606,0.7429,3.1987
67.6608,0.6559,2.827
67.6610,0.5845,2.5237
67.6612,0.538,2.3222
67.6614,0.5264,2.2709
67.6616,0.5115,2.2048
67.6618,0.5874,2.5307
67.6620,0.6733,2.9006
67.6622,0.6541,2.8193
67.6624,0.5943,2.5614
67.6626,0.5834,2.5178
67.6628,0.5667,2.447
67.6630,0.507,2.1892
67.6632,0.4853,2.0935
67.6634,0.504,2.1742
67.6636,0.5424,2.3387
67.6638,0.5674,2.4501
67.6640,0.5143,2.2197
67.6642,0.53,2.2812
67.6644,0.6165,2.657
67.6646,0.5421,2.3409
67.6648,0.4601,1.9858
67.6650,0.4559,1.9686
67.6652,0.4518,1.9519
67.6654,0.4518,1.951
67.6656,0.4811,2.0735
67.6658,0.5607,2.4189
67.6660,0.5187,2.2347
67.6662,0.5846,2.5195
67.6664,0.5774,2.4885
67.6666,0.5422,2.336
67.6668,0.5238,2.2617
67.6670,0.4683,2.0229
67.6672,0.4611,1.9899
67.6674,0.4734,2.0413
67.6676,0.5302,2.2864
67.6678,0.5488,2.3655
67.6680,0.5767,2.4842
67.6682,0.5794,2.4938
67.6684,0.5642,2.4362
67.6686,0.4735,2.0419
67.6688,0.5107,2.2052
67.6690,0.4762,2.0561
67.6692,0.4653,2.0062
67.6694,0.5573,2.4011
67.6696,0.5797,2.496
67.6698,0.5643,2.4322
67.6700,0.5597,2.4125
67.6702,0.5578,2.4031
67.6704,0.5921,2.5509
67.6706,0.5792,2.4962
67.6708,0.5516,2.3774
67.6710,0.5726,2.4632
67.6712,0.6534,2.8083
67.6714,0.6822,2.9361
67.6716,0.7241,3.1109
67.6718,0.8004,3.4466
67.6720,0.6397,2.756
67.6722,0.5924,2.546
67.6724,0.7076,3.0483
67.6726,0.5861,2.5286
67.6728,0.5294,2.2839
67.6730,0.5252,2.2637
67.6732,0.5191,2.2363
67.6734,0.5177,2.2311
67.6736,0.5252,2.2658
67.6738,0.5222,2.2508
67.6740,0.532,2.2931
67.6742,0.5227,2.2539
67.6744,0.5239,2.2601
67.6746,0.5199,2.242
67.6748,0.5185,2.2327
67.6750,0.5721,2.4635
67.6752,0.5934,2.553
67.6754,0.6506,2.7991
67.6756,0.6257,2.7005
67.6758,0.5017,2.1644
67.6760,0.4986,2.1449
67.6762,0.6309,2.7203
67.6764,0.5283,2.2771
67.6766,0.5888,2.5352
67.6768,0.5583,2.4041
67.6770,0.5285,2.2766
67.6772,0.5359,2.3097
67.6774,0.5854,2.5243
67.6776,0.5798,2.4965
67.6778,0.6371,2.7395
67.6780,0.6348,2.7322
67.6782,0.6195,2.6649
67.6784,0.6861,2.9545
67.6786,0.5956,2.5647
67.6788,0.586,2.5222
67.6790,0.6889,2.965
67.6792,0.652,2.8086
67.6794,0.5613,2.4192
67.6796,0.5183,2.2337
67.6798,0.5376,2.3137
67.6800,0.6345,2.7281
67.6802,0.6741,2.8948
67.6804,0.7401,3.178
67.6806,0.7927,3.4072
67.6808,0.7485,3.217
67.6810,0.6884,2.9616
67.6812,0.6358,2.7338
67.6814,0.6189,2.6685
67.6816,0.5151,2.2203
67.6818,0.5053,2.1759
67.6820,0.5654,2.4357
67.6822,0.5877,2.5318
67.6824,0.6042,2.6018
67.6826,0.5861,2.5215
67.6828,0.5924,2.5519
67.6830,0.5852,2.5209
67.6832,0.5801,2.4981
67.6834,0.5797,2.4948
67.6836,0.5927,2.5499
67.6838,0.6285,2.7024
67.6840,0.6634,2.8498
67.6842,0.7057,3.0358
67.6844,0.6679,2.8733
67.6846,0.6698,2.8803
67.6848,0.7102,3.054
67.6850,0.6988,3.005
67.6852,0.6891,2.9619
67.6854,0.7081,3.0391
67.6856,0.7692,3.3016
67.6858,0.8275,3.555
67.6860,0.8278,3.5527
67.6862,0.8546,3.6663
67.6864,0.8433,3.6179
67.6866,0.8357,3.5867
67.6868,0.8499,3.6445
67.6870,0.8784,3.7681
67.6872,0.9009,3.8648
67.6874,0.9592,4.111
67.6876,0.9444,4.044
67.6878,1.0278,4.3968
67.6880,1.0996,4.7062
67.6882,1.0898,4.6576
67.6884,1.1167,4.7796
67.6886,1.0597,4.5311
67.6888,1.1139,4.7606
67.6890,1.145,4.8985
67.6892,1.0619,4.5493
67.6894,1.0055,4.3074
67.6896,0.9621,4.1195
67.6898,1.0191,4.3578
67.6900,1.0776,4.6145
67.6902,1.0392,4.4517
67.6904,1.0402,4.4501
67.6906,1.0862,4.6618
67.6908,0.907,3.8965
67.6910,0.8544,3.667
67.6912,0.9043,3.8774
67.6914,0.8978,3.8533
67.6916,0.8572,3.681
67.6918,0.8995,3.8623
67.6920,0.9249,3.9696
67.6922,0.9459,4.0578
67.6924,0.8843,3.8009
67.6926,0.8299,3.5669
67.6928,0.8054,3.4618
67.6930,0.8089,3.4784
67.6932,0.7957,3.4169
67.6934,0.8325,3.58
67.6936,0.7885,3.3923
67.6938,0.7847,3.3789
67.6940,0.7301,3.1411
67.6942,0.7518,3.2269
67.6944,0.7981,3.4288
67.6946,0.7583,3.2562
67.6948,0.8772,3.7665
67.6950,0.936,4.0137
67.6952,1.0094,4.3223
67.6954,1.0515,4.5068
67.6956,1.0515,4.5068
67.6958,1.0467,4.482
67.6960,1.0908,4.6666
67.6962,1.0821,4.6421
67.6964,0.9332,4.0088
67.6966,0.8884,3.8149
67.6968,0.9738,4.1737
67.6970,1.042,4.4662
67.6972,1.016,4.3567
67.6974,0.9557,4.0961
67.6976,1.0025,4.3026
67.6978,0.97,4.165
67.6980,0.9585,4.1156
67.6982,0.886,3.8117
67.6984,0.7746,3.3325
67.6986,0.7279,3.1327
67.6988,0.6975,2.9994
67.6990,0.7671,3.303
67.6992,0.7047,3.0388
67.6994,0.653,2.8133
67.6996,0.6693,2.8849
67.6998,0.6782,2.9218
67.7000,0.6404,2.7616
67.7002,0.662,2.852
67.7004,0.6788,2.9216
67.7006,0.7547,3.2453
67.7008,0.806,3.4676
67.7010,0.809,3.4773
67.7012,0.7945,3.4213
67.7014,0.719,3.1017
67.7016,0.6,2.5886
67.7018,0.6024,2.5965
67.7020,0.6,2.585
67.7022,0.7185,3.0897
67.7024,0.785,3.3737
67.7026,0.7935,3.4183
67.7028,0.7086,3.0554
67.7030,0.6439,2.7741
67.7032,0.6237,2.6893
67.7034,0.6228,2.6844
67.7036,0.6244,2.6924
67.7038,0.6328,2.7286
67.7040,0.6491,2.7937
67.7042,0.748,3.2195
67.7044,0.76,3.2726
67.7046,0.7377,3.1781
67.7048,0.6924,2.9828
67.7050,0.6179,2.6608
67.7052,0.6161,2.6555
67.7054,0.6716,2.888
67.7056,0.8461,3.64
67.7058,0.7473,3.2209
67.7060,0.6337,2.7327
67.7062,0.6176,2.6617
67.7064,0.6228,2.6844
67.7066,0.6617,2.8505
67.7068,0.6961,2.996
67.7070,0.6748,2.9055
67.7072,0.646,2.7855
67.7074,0.6287,2.7135
67.7076,0.6242,2.6913
67.7078,0.6406,2.7571
67.7080,0.7077,3.0447
67.7082,0.7974,3.4273
67.7084,0.8175,3.5151
67.7086,0.7635,3.2815
67.7088,0.7975,3.4311
67.7090,0.7197,3.1034
67.7092,0.6075,2.6219
67.7094,0.556,2.3988
67.7096,0.5395,2.3285
67.7098,0.5396,2.329
67.7100,0.5388,2.3253
67.7102,0.5307,2.2907
67.7104,0.5328,2.2973
67.7106,0.5828,2.5153
67.7108,0.5468,2.3578
67.7110,0.5488,2.3688
67.7112,0.5366,2.316
67.7114,0.5355,2.3082
67.7116,0.5491,2.3688
67.7118,0.5516,2.3796
67.7120,0.5544,2.3893
67.7122,0.6306,2.7142
67.7124,0.7321,3.1523
67.7126,0.6911,2.9771
67.7128,0.6612,2.8445
67.7130,0.7039,3.0253
67.7132,0.7607,3.2727
67.7134,0.7652,3.2918
67.7136,0.76,3.2681
67.7138,0.7609,3.2717
67.7140,0.7823,3.364
67.7142,0.7336,3.162
67.7144,0.6245,2.6929
67.7146,0.6048,2.6069
67.7148,0.6206,2.6746
67.7150,0.6108,2.634
67.7152,0.5496,2.3719
67.7154,0.491,2.1184
67.7156,0.4932,2.1287
67.7158,0.5159,2.2255
67.7160,0.5363,2.3145
67.7162,0.5512,2.3759
67.7164,0.5968,2.5699
67.7166,0.6228,2.6819
67.7168,0.6485,2.7924
67.7170,0.6358,2.739
67.7172,0.6455,2.7795
67.7174,0.6701,2.8854
67.7176,0.729,3.1272
67.7178,0.8797,3.7774
67.7180,0.8617,3.6984
67.7182,0.8761,3.7602
67.7184,0.8588,3.6861
67.7186,0.8642,3.7075
67.7188,0.8943,3.8384
67.7190,0.9551,4.0879
67.7192,1.0853,4.6409
67.7194,1.0696,4.578
67.7196,1.0903,4.6619
67.7198,1.1446,4.8942
67.7200,1.1315,4.8429
67.7202,1.0331,4.4298
67.7204,0.9659,4.1476
67.7206,0.9322,3.9992
67.7208,1.0084,4.3218
67.7210,0.9747,4.1793
67.7212,0.9997,4.2888
67.7214,0.9902,4.2442
67.7216,1.0163,4.3578
67.7218,1.0181,4.3696
67.7220,0.9664,4.1535
67.7222,0.8882,3.8122
67.7224,0.9171,3.938
67.7226,0.9189,3.9439
67.7228,0.9206,3.9456
67.7230,0.9705,4.1652
67.7232,0.9908,4.2547
67.7234,0.9564,4.105
67.7236,0.9187,3.9447
67.7238,0.9396,4.0348
67.7240,0.9418,4.0403
67.7242,0.9525,4.088
67.7244,0.9229,3.9591
67.7246,0.9646,4.1381
67.7248,0.99,4.2491
67.7250,0.9191,3.9486
67.7252,0.9223,3.9657
67.7254,0.8669,3.724
67.7256,0.8747,3.7523
67.7258,0.9016,3.8698
67.7260,0.8985,3.8582
67.7262,0.9244,3.9676
67.7264,0.9212,3.9592
67.7266,0.8959,3.8559
67.7268,0.8498,3.6526
67.7270,0.8788,3.7791
67.7272,0.7611,3.2834
67.7274,0.6304,2.7195
67.7276,0.5998,2.5876
67.7278,0.5962,2.5721
67.7280,0.6087,2.6246
67.7282,0.6901,2.973
67.7284,0.6746,2.9077
67.7286,0.6846,2.9533
67.7288,0.6541,2.8154
67.7290,0.736,3.1708
67.7292,0.7288,3.1355
67.7294,0.7857,3.3878
67.7296,0.6065,2.619
67.7298,0.5942,2.5633
67.7300,0.6425,2.7666
67.7302,0.6829,2.9379
67.7304,0.7551,3.253
67.7306,0.7412,3.1871
67.7308,0.7775,3.3449
67.7310,0.7165,3.0866
67.7312,0.6979,3.0066
67.7314,0.6816,2.9377
67.7316,0.6257,2.6968
67.7318,0.7097,3.0572
67.7320,0.6935,2.9902
67.7322,0.6556,2.8255
67.7324,0.6118,2.6381
67.7326,0.6018,2.5964
67.7328,0.6104,2.6331
67.7330,0.5899,2.5458
67.7332,0.5696,2.4595
67.7334,0.516,2.2249
67.7336,0.5985,2.5795
67.7338,0.6465,2.7862
67.7340,0.5551,2.3957
67.7342,0.5081,2.1939
67.7344,0.5114,2.2084
67.7346,0.493,2.1296
67.7348,0.4895,2.1146
67.7350,0.4892,2.1116
67.7352,0.5703,2.4546
67.7354,0.6762,2.9103
67.7356,0.6818,2.9346
67.7358,0.7073,3.0454
67.7360,0.733,3.1535
67.7362,0.7496,3.2232
67.7364,0.7561,3.251
67.7366,0.8153,3.5025
67.7368,0.8872,3.8098
67.7370,0.8466,3.6336
67.7372,0.9019,3.8744
67.7374,0.8525,3.6656
67.7376,0.7904,3.3954
67.7378,0.8328,3.5827
67.7380,0.8106,3.4857
67.7382,0.7784,3.347
67.7384,0.7786,3.3449
67.7386,0.8294,3.565
67.7388,0.7745,3.332
67.7390,0.7469,3.2119
67.7392,0.7591,3.2639
67.7394,0.8023,3.4549
67.7396,0.7172,3.0912
67.7398,0.6216,2.678
67.7400,0.613,2.6433
67.7402,0.609,2.6274
67.7404,0.61,2.6267
67.7406,0.646,2.7803
67.7408,0.6433,2.7741
67.7410,0.6685,2.8773
67.7412,0.7027,3.0286
67.7414,0.6673,2.8735
67.7416,0.657,2.8291
67.7418,0.6496,2.7984
67.7420,0.6262,2.6976
67.7422,0.5749,2.4811
67.7424,0.5233,2.2596
67.7426,0.5174,2.2343
67.7428,0.511,2.2043
67.7430,0.5114,2.2084
67.7432,0.5136,2.2177
67.7434,0.5129,2.2125
67.7436,0.4992,2.1546
67.7438,0.4957,2.1405
67.7440,0.4967,2.1427
67.7442,0.499,2.1535
67.7444,0.4931,2.1291
67.7446,0.4859,2.099
67.7448,0.4816,2.0766
67.7450,0.5458,2.3515
67.7452,0.6456,2.7839
67.7454,0.5993,2.5831
67.7456,0.5749,2.4742
67.7458,0.5978,2.5752
67.7460,0.6146,2.6475
67.7462,0.6927,2.983
67.7464,0.7221,3.1037
67.7466,0.7497,3.2252
67.7468,0.7021,3.0232
67.7470,0.6757,2.9096
67.7472,0.6706,2.8834
67.7474,0.7594,3.2655
67.7476,0.7755,3.3377
67.7478,0.782,3.3609
67.7480,0.7808,3.3557
67.7482,0.8086,3.472
67.7484,0.8622,3.7057
67.7486,0.7894,3.3928
67.7488,0.7567,3.2567
67.7490,0.6739,2.9032
67.7492,0.6731,2.901
67.7494,0.7017,3.0217
67.7496,0.7019,3.0194
67.7498,0.7129,3.0668
67.7500,0.7477,3.2135
67.7502,0.7989,3.4303
67.7504,0.8237,3.5369
67.7506,0.8603,3.6854
67.7508,1.0031,4.2992
67.7510,1.0484,4.4956
67.7512,1.0436,4.4646
67.7514,1.1014,4.7118
67.7516,1.129,4.8389
67.7518,1.0255,4.3953
67.7520,1.0766,4.6035
67.7522,1.1043,4.7286
67.7524,1.0777,4.6103
67.7526,1.1104,4.7548
67.7528,1.1282,4.8285
67.7530,1.1326,4.8475
67.7532,1.1138,4.7691
67.7534,1.0863,4.6537
67.7536,1.0997,4.7069
67.7538,1.1327,4.8525
67.7540,1.0877,4.6599
67.7542,1.1196,4.7943
67.7544,1.1127,4.7645
67.7546,1.0868,4.6558
67.7548,1.0669,4.579
67.7550,1.0018,4.2936
67.7552,1.0882,4.6598
67.7554,1.1128,4.7672
67.7556,1.0761,4.6165
67.7558,1.076,4.6074
67.7560,1.0841,4.651
67.7562,1.0364,4.4462
67.7564,0.9876,4.2369
67.7566,0.985,4.2236
67.7568,1.0024,4.3021
67.7570,1.0169,4.3664
67.7572,0.9865,4.2303
67.7574,1.0079,4.3198
67.7576,1.0403,4.4585
67.7578,1.1111,4.7556
67.7580,1.1449,4.898
67.7582,1.1614,4.9776
67.7584,1.1633,4.9789
67.7586,1.1527,4.9521
67.7588,0.9669,4.1498
67.7590,1.0141,4.3505
67.7592,0.987,4.2402
67.7594,0.9695,4.165
67.7596,0.9295,3.9985
67.7598,0.8911,3.8299
67.7600,0.8753,3.7653
67.7602,0.8634,3.716
67.7604,0.9028,3.884
67.7606,0.8563,3.6804
67.7608,0.8348,3.5965
67.7610,0.8203,3.5307
67.7612,0.8492,3.6517
67.7614,0.8848,3.8048
67.7616,0.9528,4.0934
67.7618,0.9971,4.2795
67.7620,0.9959,4.2743
67.7622,0.973,4.176
67.7624,0.981,4.2125
67.7626,1.0019,4.3081
67.7628,0.9111,3.9214
67.7630,0.8236,3.543
67.7632,0.824,3.5467
67.7634,0.8324,3.5878
67.7636,0.6975,3.0078
67.7638,0.6671,2.8778
67.7640,0.7052,3.0381
67.7642,0.7059,3.0412
67.7644,0.6912,2.9818
67.7646,0.6607,2.8504
67.7648,0.6932,2.9864
67.7650,0.7576,3.2593
67.7652,0.8013,3.4551
67.7654,0.684,2.9494
67.7656,0.6231,2.6879
67.7658,0.6132,2.6467
67.7660,0.6267,2.7047
67.7662,0.5764,2.4879
67.7664,0.6206,2.6796
67.7666,0.6239,2.6916
67.7668,0.6128,2.6435
67.7670,0.6101,2.6333
67.7672,0.5901,2.548
67.7674,0.5921,2.5545
67.7676,0.6215,2.6762
67.7678,0.6923,2.9809
67.7680,0.7354,3.1668
67.7682,0.8117,3.4887
67.7684,0.8673,3.7313
67.7686,0.7961,3.4296
67.7688,0.7172,3.0897
67.7690,0.686,2.9527
67.7692,0.6906,2.9764
67.7694,0.6896,2.9723
67.7696,0.6932,2.985
67.7698,0.746,3.2062
67.7700,0.9052,3.8834
67.7702,0.9398,4.041
67.7704,0.8395,3.6133
67.7706,0.7736,3.3356
67.7708,0.7248,3.1237
67.7710,0.6803,2.9306
67.7712,0.7274,3.1365
67.7714,0.7153,3.0815
67.7716,0.7473,3.2164
67.7718,0.7589,3.2695
67.7720,0.7324,3.1524
67.7722,0.7134,3.0746
67.7724,0.6953,2.9938
67.7726,0.6881,2.9683
67.7728,0.6784,2.9264
67.7730,0.6772,2.9185
67.7732,0.6842,2.9463
67.7734,0.6891,2.9675
67.7736,0.6829,2.9433
67.7738,0.6445,2.7767
67.7740,0.6992,3.0108
67.7742,0.6938,2.9918
67.7744,0.6592,2.841
67.7746,0.7119,3.067
67.7748,0.7198,3.0982
67.7750,0.8029,3.4511
67.7752,0.8664,3.7254
67.7754,0.8165,3.5126
67.7756,0.7435,3.1984
67.7758,0.7802,3.3578
67.7760,0.8103,3.4874
67.7762,0.8045,3.4578
67.7764,0.8148,3.5037
67.7766,0.8227,3.5377
67.7768,0.8043,3.4583
67.7770,0.832,3.5824
67.7772,0.7183,3.0987
67.7774,0.5912,2.5527
67.7776,0.5752,2.4838
67.7778,0.6142,2.6484
67.7780,0.6306,2.7193
67.7782,0.6683,2.8749
67.7784,0.7995,3.4409
67.7786,0.7299,3.1416
67.7788,0.7293,3.1419
67.7790,0.6607,2.8504
67.7792,0.6406,2.7609
67.7794,0.7218,3.1108
67.7796,0.6942,2.9905
67.7798,0.6949,2.9964
67.7800,0.6541,2.8167
67.7802,0.7245,3.1169
67.7804,0.7086,3.0511
67.7806,0.646,2.7867
67.7808,0.5629,2.4294
67.7810,0.5442,2.3486
67.7812,0.5473,2.3599
67.7814,0.5806,2.506
67.7816,0.6347,2.733
67.7818,0.6466,2.7893
67.7820,0.5461,2.3536
67.7822,0.5864,2.5332
67.7824,0.5424,2.343
67.7826,0.5348,2.3072
67.7828,0.5367,2.3176
67.7830,0.5349,2.3088
67.7832,0.5616,2.4214
67.7834,0.6119,2.6349
67.7836,0.6401,2.7601
67.7838,0.6383,2.7498
67.7840,0.7113,3.0601
67.7842,0.7722,3.3191
67.7844,0.7835,3.3707
67.7846,0.7784,3.3438
67.7848,0.8838,3.7984
67.7850,0.905,3.8788
67.7852,0.9203,3.9446
67.7854,1.015,4.3501
67.7856,1.081,4.6289
67.7858,1.0961,4.698
67.7860,1.0683,4.5788
67.7862,1.054,4.5155
67.7864,1.0638,4.555
67.7866,1.0441,4.4812
67.7868,1.0008,4.2894
67.7870,1.0761,4.6122
67.7872,1.0672,4.572
67.7874,1.0829,4.6458
67.7876,1.0266,4.402
67.7878,1.0422,4.4626
67.7880,1.0787,4.6214
67.7882,1.0518,4.5079
67.7884,1.0329,4.4272
67.7886,1.1202,4.7969
67.7888,1.1252,4.8179
67.7890,1.1019,4.7183
67.7892,1.0888,4.671
67.7894,0.9712,4.1664
67.7896,0.9537,4.1008
67.7898,0.8793,3.7829
67.7900,0.8426,3.625
67.7902,0.822,3.5379
67.7904,0.7659,3.2979
67.7906,0.7713,3.3134
67.7908,0.9166,3.9305
67.7910,0.9633,4.144
67.7912,0.8708,3.748
67.7914,0.8434,3.6298
67.7916,0.8176,3.5237
67.7918,0.73,3.145
67.7920,0.715,3.0833
67.7922,0.6483,2.7927
67.7924,0.6818,2.9401
67.7926,0.7224,3.1134
67.7928,0.6836,2.9464
67.7930,0.6565,2.8323
67.7932,0.6372,2.7541
67.7934,0.5283,2.2814
67.7936,0.5219,2.2524
67.7938,0.5578,2.4054
67.7940,0.6704,2.8909
67.7942,0.6867,2.9599
67.7944,0.6424,2.7712
67.7946,0.6198,2.6715
67.7948,0.6116,2.6395
67.7950,0.6137,2.6513
67.7952,0.5769,2.4899
67.7954,0.5497,2.3702
67.7956,0.639,2.7555
67.7958,0.6704,2.8936
67.7960,0.6203,2.6723
67.7962,0.6628,2.8578
67.7964,0.6784,2.9251
67.7966,0.6684,2.8795
67.7968,0.6733,2.902
67.7970,0.6129,2.644
67.7972,0.6173,2.6631
67.7974,0.5975,2.5789
67.7976,0.5743,2.4785
67.7978,0.5623,2.4257
67.7980,0.5841,2.5198
67.7982,0.6598,2.8449
67.7984,0.6419,2.7666
67.7986,0.6166,2.6612
67.7988,0.5587,2.4124
67.7990,0.5251,2.2695
67.7992,0.4869,2.1012
67.7994,0.4811,2.0793
67.7996,0.4782,2.0678
67.7998,0.4803,2.0766
67.8000,0.4841,2.0903
67.8002,0.5685,2.4514
67.8004,0.6008,2.5917
67.8006,0.5053,2.183
67.8008,0.4789,2.069
67.8010,0.4849,2.0939
67.8012,0.4903,2.1153
67.8014,0.5674,2.4468
67.8016,0.5619,2.423
67.8018,0.6071,2.6191
67.8020,0.5867,2.53
67.8022,0.6054,2.6095
67.8024,0.5993,2.5807
67.8026,0.6076,2.6176
67.8028,0.6167,2.6581
67.8030,0.6137,2.6451
67.8032,0.6493,2.7947
67.8034,0.7385,3.1787
67.8036,0.704,3.0273
67.8038,0.7966,3.4221
67.8040,0.8386,3.6159
67.8042,0.6407,2.7614
67.8044,0.5947,2.5606
67.8046,0.604,2.6009
67.8048,0.7407,3.191
67.8050,0.6438,2.7749
67.8052,0.5972,2.575
67.8054,0.5891,2.5415
67.8056,0.5845,2.519
67.8058,0.5908,2.5464
67.8060,0.5849,2.5211
67.8062,0.5866,2.5295
67.8064,0.5857,2.5265
67.8066,0.587,2.5311
67.8068,0.6165,2.6546
67.8070,0.6775,2.9133
67.8072,0.7594,3.2685
67.8074,0.6966,2.9995
67.8076,0.6429,2.7643
67.8078,0.723,3.1102
67.8080,0.68,2.9282
67.8082,0.722,3.1061
67.8084,0.7236,3.1142
67.8086,0.6628,2.8565
67.8088,0.6486,2.7916
67.8090,0.6412,2.7609
67.8092,0.6136,2.6397
67.8094,0.6676,2.8759
67.8096,0.6292,2.7143
67.8098,0.6075,2.6158
67.8100,0.6462,2.7865
67.8102,0.548,2.3641
67.8104,0.5156,2.2244
67.8106,0.5016,2.1649
67.8108,0.5142,2.2192
67.8110,0.5285,2.2798
67.8112,0.5484,2.3657
67.8114,0.5395,2.3252
67.8116,0.5499,2.3746
67.8118,0.5099,2.1986
67.8120,0.5253,2.2674
67.8122,0.4606,1.9861
67.8124,0.5256,2.2674
67.8126,0.4888,2.1066
67.8128,0.4955,2.1375
67.8130,0.5029,2.1686
67.8132,0.5052,2.1794
67.8134,0.5003,2.1572
67.8136,0.5252,2.2637
67.8138,0.5463,2.3558
67.8140,0.5311,2.289
67.8142,0.5065,2.1851
67.8144,0.4954,2.137
67.8146,0.4835,2.0868
67.8148,0.4717,2.036
67.8150,0.4805,2.0738
67.8152,0.5093,2.196
67.8154,0.5108,2.1997
67.8156,0.5487,2.3639
67.8158,0.5894,2.539
67.8160,0.6288,2.704
67.8162,0.6353,2.7369
67.8164,0.6423,2.7656
67.8166,0.6715,2.8875
67.8168,0.7091,3.0461
67.8170,0.7616,3.2717
67.8172,0.8093,3.4816
67.8174,0.7595,3.2599
67.8176,0.8334,3.577
67.8178,0.8611,3.6959
67.8180,0.8625,3.7038
67.8182,0.8749,3.755
67.8184,0.9091,3.8926
67.8186,1.0375,4.4343
67.8188,1.1357,4.8563
67.8190,1.1249,4.8101
67.8192,1.102,4.7144
67.8194,1.0933,4.6813
67.8196,1.0885,4.6608
67.8198,1.0859,4.6522
67.8200,1.0704,4.5833
67.8202,1.0645,4.5538
67.8204,1.0907,4.6618
67.8206,1.1164,4.7782
67.8208,1.1028,4.7224
67.8210,1.1562,4.9486
67.8212,1.0948,4.6924
67.8214,0.99,4.2531
67.8216,0.8778,3.7709
67.8218,0.8181,3.516
67.8220,0.8205,3.523
67.8222,0.8187,3.5202
67.8224,0.8527,3.6581
67.8226,0.9462,4.0632
67.8228,0.9249,3.9752
67.8230,0.8288,3.5657
67.8232,0.7828,3.3629
67.8234,0.8887,3.8124
67.8236,0.9874,4.2319
67.8238,0.9507,4.0822
67.8240,0.8725,3.7517
67.8242,0.8571,3.684
67.8244,0.8468,3.6431
67.8246,0.743,3.1948
67.8248,0.7679,3.3067
67.8250,0.7166,3.0843
67.8252,0.7388,3.1812
67.8254,0.6462,2.7826
67.8256,0.6811,2.9315
67.8258,0.7335,3.1614
67.8260,0.6685,2.8787
67.8262,0.668,2.8766
67.8264,0.675,2.9133
67.8266,0.5885,2.5378
67.8268,0.5847,2.5189
67.8270,0.5925,2.5537
67.8272,0.621,2.6791
67.8274,0.5872,2.5344
67.8276,0.5777,2.4901
67.8278,0.6412,2.7584
67.8280,0.7465,3.2128
67.8282,0.7091,3.0503
67.8284,0.7353,3.1633
67.8286,0.7249,3.1184
67.8288,0.6768,2.917
67.8290,0.6689,2.8815
67.8292,0.664,2.8604
67.8294,0.6601,2.8438
67.8296,0.6625,2.8595
67.8298,0.5989,2.581
67.8300,0.6191,2.6684
67.8302,0.5968,2.5758
67.8304,0.5445,2.3524
67.8306,0.4944,2.1348
67.8308,0.4994,2.1546
67.8310,0.5853,2.5262
67.8312,0.5417,2.3313
67.8314,0.6665,2.8699
67.8316,0.6718,2.8953
67.8318,0.5855,2.5248
67.8320,0.5315,2.2938
67.8322,0.5276,2.2783
67.8324,0.524,2.2617
67.8326,0.5192,2.2399
67.8328,0.5204,2.2462
67.8330,0.5295,2.2855
67.8332,0.5419,2.3377
67.8334,0.5414,2.3346
67.8336,0.537,2.3122
67.8338,0.5662,2.4439
67.8340,0.5431,2.344
67.8342,0.5442,2.3475
67.8344,0.5454,2.3516
67.8346,0.5719,2.4636
67.8348,0.6941,2.9845
67.8350,0.7906,3.3948
67.8352,0.7579,3.2603
67.8354,0.6605,2.8401
67.8356,0.7008,3.0161
67.8358,0.7402,3.1845
67.8360,0.7441,3.198
67.8362,0.7515,3.2315
67.8364,0.7582,3.2543
67.8366,0.822,3.533
67.8368,0.7698,3.3057
67.8370,0.842,3.6157
67.8372,0.854,3.6723
67.8374,0.8142,3.4995
67.8376,0.8517,3.6574
67.8378,0.9104,3.9092
67.8380,0.9328,4.0018
67.8382,0.9007,3.8675
67.8384,0.8725,3.743
67.8386,0.9133,3.9197
67.8388,0.893,3.8363
67.8390,0.84,3.6036
67.8392,0.8844,3.7975
67.8394,0.8808,3.782
67.8396,0.8931,3.8351
67.8398,0.9094,3.9069
67.8400,0.8275,3.5551
67.8402,0.763,3.2871
67.8404,0.6704,2.8896
67.8406,0.6582,2.8369
67.8408,0.6562,2.8242
67.8410,0.7221,3.1051
67.8412,0.7147,3.0703
67.8414,0.8028,3.4473
67.8416,0.7997,3.4467
67.8418,0.6281,2.7059
67.8420,0.6057,2.6105
67.8422,0.5806,2.5048
67.8424,0.575,2.4805
67.8426,0.6069,2.6169
67.8428,0.5907,2.5471
67.8430,0.5909,2.5446
67.8432,0.654,2.8162
67.8434,0.6617,2.8505
67.8436,0.6238,2.6885
67.8438,0.6481,2.7896
67.8440,0.6435,2.772
67.8442,0.6014,2.5943
67.8444,0.5264,2.272
67.8446,0.5328,2.2973
67.8448,0.6026,2.5947
67.8450,0.5987,2.5805
67.8452,0.5214,2.2545
67.8454,0.4565,1.9703
67.8456,0.5107,2.2042
67.8458,0.4885,2.1095
67.8460,0.4883,2.1075
67.8462,0.4944,2.1339
67.8464,0.4927,2.1256
67.8466,0.4857,2.0922
67.8468,0.5656,2.4345
67.8470,0.6764,2.9168
67.8472,0.6058,2.6098
67.8474,0.5552,2.3951
67.8476,0.4972,2.1448
67.8478,0.4975,2.1453
67.8480,0.544,2.3449
67.8482,0.5463,2.3569
67.8484,0.5566,2.3991
67.8486,0.5858,2.5247
67.8488,0.5734,2.4703
67.8490,0.5966,2.5712
67.8492,0.6033,2.599
67.8494,0.6039,2.6028
67.8496,0.5411,2.3309
67.8498,0.5707,2.455
67.8500,0.6366,2.7438
67.8502,0.5914,2.5478
67.8504,0.6232,2.681
67.8506,0.7284,3.1319
67.8508,0.7588,3.2599
67.8510,0.7983,3.4262
67.8512,0.8496,3.6447
67.8514,0.8618,3.6972
67.8516,0.8568,3.6756
67.8518,0.8619,3.6995
67.8520,0.8419,3.6152
67.8522,0.7973,3.4332
67.8524,0.6935,2.9805
67.8526,0.8059,3.4575
67.8528,0.8926,3.8259
67.8530,0.9327,3.9994
67.8532,0.9671,4.145
67.8534,1.0251,4.3897
67.8536,0.9771,4.1955
67.8538,0.9028,3.875
67.8540,0.9436,4.0462
67.8542,0.949,4.0693
67.8544,0.8954,3.8377
67.8546,0.9189,3.9402
67.8548,0.9068,3.8919
67.8550,0.9082,3.9036
67.8552,0.857,3.6801
67.8554,0.8659,3.7182
67.8556,0.8685,3.7278
67.8558,0.9302,3.9886
67.8560,0.9791,4.1964
67.8562,1.0115,4.3352
67.8564,0.9801,4.1986
67.8566,1.0003,4.2894
67.8568,1.0081,4.3268
67.8570,0.9465,4.0604
67.8572,0.916,3.9316
67.8574,0.9104,3.9056
67.8576,0.9016,3.8752
67.8578,0.8559,3.6771
67.8580,0.8465,3.6348
67.8582,0.8527,3.6649
67.8584,0.822,3.5379
67.8586,0.8189,3.5196
67.8588,0.8645,3.7103
67.8590,0.8859,3.8059
67.8592,0.7865,3.3883
67.8594,0.7154,3.0777
67.8596,0.7617,3.2814
67.8598,0.6557,2.826
67.8600,0.6351,2.7371
67.8602,0.6215,2.6812
67.8604,0.5557,2.3961
67.8606,0.5637,2.4307
67.8608,0.5803,2.5021
67.8610,0.59,2.5452
67.8612,0.6179,2.6595
67.8614,0.6584,2.834
67.8616,0.7179,3.0943
67.8618,0.6331,2.7289
67.8620,0.6313,2.7211
67.8622,0.6328,2.7273
67.8624,0.6051,2.6091
67.8626,0.5815,2.5073
67.8628,0.5541,2.3916
67.8630,0.5205,2.2467
67.8632,0.5649,2.4393
67.8634,0.4895,2.1156
67.8636,0.4281,1.8494
67.8638,0.4238,1.829
67.8640,0.4667,2.0152
67.8642,0.4689,2.0255
67.8644,0.4848,2.0915
67.8646,0.6047,2.6064
67.8648,0.5847,2.5236
67.8650,0.5041,2.1778
67.8652,0.4559,1.9695
67.8654,0.4415,1.9065
67.8656,0.4444,1.9171
67.8658,0.4479,1.9348
67.8660,0.4529,1.9548
67.8662,0.4523,1.9522
67.8664,0.4539,1.9607
67.8666,0.4529,1.9566
67.8668,0.4649,2.0065
67.8670,0.5195,2.2389
67.8672,0.5427,2.3403
67.8674,0.5461,2.3547
67.8676,0.5556,2.3923
67.8678,0.5941,2.5592
67.8680,0.57,2.4565
67.8682,0.5611,2.4205
67.8684,0.5631,2.4259
67.8686,0.6124,2.6382
67.8688,0.6521,2.8053
67.8690,0.6706,2.8834
67.8692,0.7059,3.0355
67.8694,0.716,3.0745
67.8696,0.7617,3.2722
67.8698,0.7396,3.1804
67.8700,0.7286,3.1359
67.8702,0.7154,3.0805
67.8704,0.621,2.6767
67.8706,0.5825,2.5096
67.8708,0.5523,2.3827
67.8710,0.5487,2.365
67.8712,0.5385,2.32
67.8714,0.5797,2.4995
67.8716,0.5572,2.4039
67.8718,0.5377,2.3185
67.8720,0.5473,2.3555
67.8722,0.6111,2.6338
67.8724,0.5345,2.3056
67.8726,0.5141,2.2167
67.8728,0.5155,2.2218
67.8730,0.5078,2.1888
67.8732,0.5029,2.1716
67.8734,0.4939,2.1318
67.8736,0.5341,2.303
67.8738,0.5811,2.5022
67.8740,0.5721,2.4681
67.8742,0.5172,2.2291
67.8744,0.542,2.3339
67.8746,0.5762,2.4822
67.8748,0.5846,2.5184
67.8750,0.6336,2.7284
67.8752,0.5932,2.5568
67.8754,0.5102,2.2011
67.8756,0.5116,2.2068
67.8758,0.5387,2.3227
67.8760,0.5541,2.3849
67.8762,0.6182,2.6593
67.8764,0.6667,2.8669
67.8766,0.7088,3.0479
67.8768,0.6685,2.8787
67.8770,0.6389,2.7511
67.8772,0.6358,2.7301
67.8774,0.7696,3.3062
67.8776,0.786,3.3752
67.8778,0.7864,3.3752
67.8780,0.7793,3.3542
67.8782,0.6624,2.8497
67.8784,0.6875,2.952
67.8786,0.7989,3.4367
67.8788,0.7027,3.023
67.8790,0.6991,3.0075
67.8792,0.6726,2.8922
67.8794,0.6608,2.8482
67.8796,0.5508,2.3727
67.8798,0.5381,2.3179
67.8800,0.5777,2.4912
67.8802,0.5554,2.3962
67.8804,0.5281,2.2782
67.8806,0.5411,2.3319
67.8808,0.5541,2.3883
67.8810,0.5286,2.2792
67.8812,0.5255,2.2658
67.8814,0.5286,2.275
67.8816,0.5678,2.4472
67.8818,0.5298,2.2855
67.8820,0.5274,2.273
67.8822,0.5804,2.5015
67.8824,0.5335,2.2994
67.8826,0.5245,2.2596
67.8828,0.5331,2.2989
67.8830,0.563,2.4243
67.8832,0.6114,2.6304
67.8834,0.6677,2.875
67.8836,0.6194,2.6657
67.8838,0.6413,2.7537
67.8840,0.7502,3.2228
67.8842,0.7821,3.3567
67.8844,0.882,3.7819
67.8846,0.9185,3.9387
67.8848,0.8689,3.7258
67.8850,0.9623,4.1225
67.8852,1.0044,4.3028
67.8854,0.9556,4.0957
67.8856,0.9599,4.1123
67.8858,0.9967,4.262
67.8860,1.09,4.6566
67.8862,1.1389,4.8724
67.8864,1.1328,4.8485
67.8866,1.1273,4.8181
67.8868,1.1496,4.9204
67.8870,1.031,4.4169
67.8872,0.9898,4.2441
67.8874,0.9932,4.2491
67.8876,1.0257,4.3902
67.8878,1.0331,4.4236
67.8880,1.0395,4.4596
67.8882,0.9484,4.0686
67.8884,0.9543,4.0919
67.8886,0.9815,4.2067
67.8888,0.9458,4.0498
67.8890,1.0227,4.3774
67.8892,1.0887,4.6705
67.8894,0.987,4.2343
67.8896,0.9691,4.1596
67.8898,0.9785,4.1958
67.8900,1.0232,4.3774
67.8902,1.0722,4.6038
67.8904,0.9531,4.0849
67.8906,0.9904,4.2487
67.8908,0.9437,4.0486
67.8910,0.8952,3.851
67.8912,0.7862,3.3805
67.8914,0.7684,3.3042
67.8916,0.8109,3.4818
67.8918,0.8659,3.7251
67.8920,0.7936,3.4109
67.8922,0.8477,3.6365
67.8924,0.9489,4.0859
67.8926,0.6951,2.9933
67.8928,0.7273,3.1317
67.8930,0.73,3.1435
67.8932,0.7225,3.1081
67.8934,0.7552,3.2505
67.8936,0.6842,2.949
67.8938,0.6634,2.8578
67.8940,0.6477,2.7888
67.8942,0.6643,2.8606
67.8944,0.686,2.9554
67.8946,0.7176,3.087
67.8948,0.7847,3.3759
67.8950,0.7937,3.4098
67.8952,0.8483,3.6442
67.8954,0.8062,3.4698
67.8956,0.7348,3.1642
67.8958,0.7158,3.0821
67.8960,0.7184,3.0906
67.8962,0.7899,3.3965
67.8964,0.8059,3.4607
67.8966,0.867,3.7228
67.8968,0.8923,3.8297
67.8970,0.9115,3.9211
67.8972,0.7995,3.4377
67.8974,0.7262,3.127
67.8976,0.6686,2.8805
67.8978,0.692,2.9757
67.8980,0.7782,3.3511
67.8982,0.655,2.8269
67.8984,0.5643,2.4333
67.8986,0.5554,2.3962
67.8988,0.5559,2.3982
67.8990,0.5569,2.4013
67.8992,0.5542,2.391
67.8994,0.5528,2.387
67.8996,0.5533,2.3858
67.8998,0.5576,2.4033
67.9000,0.5709,2.4629
67.9002,0.5569,2.4024
67.9004,0.5578,2.4076
67.9006,0.5572,2.4028
67.9008,0.5824,2.5091
67.9010,0.6834,2.9386
67.9012,0.8069,3.4697
67.9014,0.7928,3.4152
67.9016,0.7016,3.0198
67.9018,0.7111,3.0577
67.9020,0.7008,3.0161
67.9022,0.6841,2.943
67.9024,0.7087,3.0474
67.9026,0.8197,3.5232
67.9028,0.8291,3.5651
67.9030,0.772,3.3196
67.9032,0.752,3.235
67.9034,0.7308,3.1496
67.9036,0.6522,2.811
67.9038,0.6448,2.7764
67.9040,0.6441,2.772
67.9042,0.655,2.8203
67.9044,0.6869,2.9522
67.9046,0.8696,3.7307
67.9048,0.8995,3.8641
67.9050,0.8113,3.4888
67.9052,0.7631,3.283
67.9054,0.7803,3.3568
67.9056,0.7324,3.1583
67.9058,0.6339,2.732
67.9060,0.614,2.6462
67.9062,0.6072,2.6184
67.9064,0.5917,2.5512
67.9066,0.6313,2.7173
67.9068,0.6274,2.7066
67.9070,0.5586,2.4107
67.9072,0.5469,2.3584
67.9074,0.5472,2.3594
67.9076,0.6393,2.7488
67.9078,0.7937,3.4114
67.9080,0.7937,3.4145
67.9082,0.6995,3.0119
67.9084,0.6664,2.8707
67.9086,0.6441,2.7746
67.9088,0.6082,2.6189
67.9090,0.6623,2.8558
67.9092,0.6179,2.6657
67.9094,0.5923,2.5538
67.9096,0.5927,2.5571
67.9098,0.5914,2.5478
67.9100,0.6018,2.5904
67.9102,0.6208,2.6769
67.9104,0.5869,2.5305
67.9106,0.6387,2.7501
67.9108,0.7028,3.0249
67.9110,0.6461,2.7834
67.9112,0.6309,2.7165
67.9114,0.6206,2.6734
67.9116,0.6345,2.7307
67.9118,0.6969,2.9968
67.9120,0.702,3.0269
67.9122,0.5261,2.2715
67.9124,0.4909,2.1208
67.9126,0.5134,2.2136
67.9128,0.5533,2.3869
67.9130,0.499,2.1515
67.9132,0.5087,2.1954
67.9134,0.4735,2.0447
67.9136,0.4913,2.1184
67.9138,0.5226,2.2555
67.9140,0.4952,2.1375
67.9142,0.4897,2.1146
67.9144,0.4875,2.1048
67.9146,0.4903,2.1153
67.9148,0.4987,2.1505
67.9150,0.527,2.2736
67.9152,0.5367,2.3144
67.9154,0.5725,2.4662
67.9156,0.6143,2.6453
67.9158,0.6261,2.6959
67.9160,0.6213,2.6752
67.9162,0.6232,2.6835
67.9164,0.6547,2.8167
67.9166,0.6799,2.9236
67.9168,0.7069,3.0396
67.9170,0.673,2.8924
67.9172,0.7082,3.0467
67.9174,0.7923,3.4052
67.9176,0.8293,3.5578
67.9178,0.8579,3.6854
67.9180,0.8673,3.7226
67.9182,0.9145,3.9157
67.9184,1.0032,4.2857
67.9186,1.1229,4.8059
67.9188,1.0712,4.5911
67.9190,1.0515,4.5005
67.9192,1.0883,4.6537
67.9194,1.1076,4.7407
67.9196,1.0925,4.6761
67.9198,1.0816,4.6294
67.9200,1.0606,4.5374
67.9202,1.0923,4.675
67.9204,1.1423,4.8822
67.9206,1.1681,5.0087
67.9208,0.9845,4.2254
67.9210,0.9536,4.0869
67.9212,0.9913,4.2528
67.9214,0.963,4.1295
67.9216,1.0078,4.3213
67.9218,1.0392,4.4601
67.9220,1.0439,4.4698
67.9222,1.096,4.6975
67.9224,1.0954,4.6928
67.9226,1.023,4.3907
67.9228,0.9173,3.9391
67.9230,0.9152,3.9298
67.9232,0.8967,3.8541
67.9234,0.8768,3.7685
67.9236,0.85,3.6582
67.9238,0.8159,3.5116
67.9240,0.8017,3.4475
67.9242,0.8374,3.5956
67.9244,0.8787,3.7715
67.9246,0.9515,4.0839
67.9248,0.9814,4.218
67.9250,0.8569,3.6898
67.9252,0.6924,2.9856
67.9254,0.6124,2.6407
67.9256,0.6234,2.6882
67.9258,0.6728,2.8986
67.9260,0.6921,2.9831
67.9262,0.6281,2.7097
67.9264,0.5801,2.5016
67.9266,0.5921,2.5557
67.9268,0.5888,2.5388
67.9270,0.6613,2.849
67.9272,0.6365,2.7421
67.9274,0.607,2.6186
67.9276,0.5817,2.506
67.9278,0.7101,3.0592
67.9280,0.6919,2.9835
67.9282,0.6002,2.5867
67.9284,0.5912,2.5492
67.9286,0.6409,2.765
67.9288,0.6021,2.5938
67.9290,0.6119,2.6398
67.9292,0.5427,2.3392
67.9294,0.5891,2.5392
67.9296,0.6593,2.8389
67.9298,0.6866,2.9552
67.9300,0.6927,2.9857
67.9302,0.564,2.4363
67.9304,0.4898,2.1142
67.9306,0.4985,2.1505
67.9308,0.5062,2.1846
67.9310,0.5223,2.2524
67.9312,0.5905,2.5472
67.9314,0.5328,2.2995
67.9316,0.4976,2.1498
67.9318,0.4825,2.0836
67.9320,0.5113,2.2058
67.9322,0.5552,2.394
67.9324,0.5417,2.3388
67.9326,0.5307,2.2875
67.9328,0.5794,2.4996
67.9330,0.5089,2.1985
67.9332,0.4571,1.9747
67.9334,0.4385,1.8936
67.9336,0.4635,2.0031
67.9338,0.4768,2.0568
67.9340,0.5295,2.2823
67.9342,0.5449,2.3474
67.9344,0.5572,2.4006
67.9346,0.5759,2.48
67.9348,0.6048,2.6069
67.9350,0.6317,2.7227
67.9352,0.6526,2.8087
67.9354,0.6873,2.9556
67.9356,0.7035,3.028
67.9358,0.6864,2.9542
67.9360,0.7197,3.0977
67.9362,0.7014,3.0159
67.9364,0.7974,3.4273
67.9366,0.8422,3.6196
67.9368,0.8025,3.4458
67.9370,0.8008,3.4434
67.9372,0.6852,2.9518
67.9374,0.6246,2.6922
67.9376,0.6252,2.691
67.9378,0.6941,2.9831
67.9380,0.7609,3.2717
67.9382,0.751,3.2324
67.9384,0.733,3.1579
67.9386,0.6642,2.8614
67.9388,0.6405,2.7553
67.9390,0.6684,2.8741
67.9392,0.6919,2.9807
67.9394,0.6767,2.9165
67.9396,0.5837,2.5183
67.9398,0.5565,2.4008
67.9400,0.5443,2.3481
67.9402,0.5431,2.3407
67.9404,0.5728,2.4723
67.9406,0.4855,2.0946
67.9408,0.5577,2.3993
67.9410,0.6806,2.9294
67.9412,0.639,2.7516
67.9414,0.6176,2.6641
67.9416,0.5774,2.4908
67.9418,0.5009,2.1608
67.9420,0.4662,2.0122
67.9422,0.4876,2.1034
67.9424,0.5311,2.2912
67.9426,0.4642,2.0025
67.9428,0.5072,2.1862
67.9430,0.5411,2.3352
67.9432,0.5003,2.1592
67.9434,0.5038,2.1712
67.9436,0.5327,2.2968
67.9438,0.5033,2.1722
67.9440,0.4999,2.1537
67.9442,0.5595,2.4059
67.9444,0.6702,2.8872
67.9446,0.5817,2.506
67.9448,0.5812,2.5027
67.9450,0.5975,2.5754
67.9452,0.6068,2.6139
67.9454,0.5993,2.5807
67.9456,0.572,2.4676
67.9458,0.504,2.1732
67.9460,0.4967,2.1427
67.9462,0.4955,2.1385
67.9464,0.4884,2.108
67.9466,0.4861,2.0972
67.9468,0.4836,2.0853
67.9470,0.4795,2.0687
67.9472,0.4852,2.093
67.9474,0.5155,2.2218
67.9476,0.5815,2.5015
67.9478,0.651,2.802
67.9480,0.6137,2.6402
67.9482,0.5998,2.5876
67.9484,0.4966,2.1412
67.9486,0.4883,2.1065
67.9488,0.4845,2.0899
67.9490,0.5088,2.1919
67.9492,0.5544,2.386
67.9494,0.5917,2.5477
67.9496,0.6092,2.6218
67.9498,0.6749,2.9006
67.9500,0.7755,3.3315
67.9502,0.7816,3.3562
67.9504,0.7874,3.3825
67.9506,0.8101,3.482
67.9508,0.7577,3.2522
67.9510,0.7966,3.4206
67.9512,0.8013,3.439
67.9514,0.8996,3.8611
67.9516,0.9103,3.8978
67.9518,0.9785,4.1919
67.9520,0.9731,4.1668
67.9522,1.0116,4.3316
67.9524,0.9895,4.2392
67.9526,0.9844,4.2151
67.9528,1.0038,4.3003
67.9530,0.949,4.0712
67.9532,0.9407,4.0357
67.9534,0.917,3.9394
67.9536,0.8083,3.471
67.9538,0.7919,3.4021
67.9540,0.8069,3.4632
67.9542,0.8721,3.7432
67.9544,0.8911,3.8192
67.9546,0.8953,3.8407
67.9548,0.8967,3.8451
67.9550,0.9274,3.9786
67.9552,0.9476,4.065
67.9554,0.9299,3.9857
67.9556,0.9311,3.9908
67.9558,0.9316,4.0003
67.9560,0.8896,3.8255
67.9562,0.8748,3.751
67.9564,0.9251,3.967
67.9566,0.9424,4.0391
67.9568,0.9213,3.9542
67.9570,0.9022,3.8688
67.9572,0.978,4.1898
67.9574,0.9796,4.2063
67.9576,0.8424,3.6223
67.9578,0.7815,3.3651
67.9580,0.733,3.1535
67.9582,0.7064,3.0461
67.9584,0.621,2.6742
67.9586,0.6882,2.962
67.9588,0.7005,3.0151
67.9590,0.6881,2.9601
67.9592,0.686,2.9554
67.9594,0.6656,2.8676
67.9596,0.668,2.8766
67.9598,0.7002,3.0094
67.9600,0.7287,3.1364
67.9602,0.6981,3.0062
67.9604,0.7244,3.1149
67.9606,0.7852,3.3732
67.9608,0.7953,3.4149
67.9610,0.8598,3.6936
67.9612,0.8603,3.6974
67.9614,0.8359,3.5911
67.9616,0.826,3.5517
67.9618,0.7435,3.2014
67.9620,0.6445,2.778
67.9622,0.5935,2.5554
67.9624,0.6397,2.7573
67.9626,0.6204,2.6753
67.9628,0.5764,2.4821
67.9630,0.6417,2.763
67.9632,0.6108,2.6352
67.9634,0.5774,2.4908
67.9636,0.5636,2.4314
67.9638,0.5582,2.4081
67.9640,0.5864,2.5261
67.9642,0.5891,2.5415
67.9644,0.5933,2.5561
67.9646,0.6578,2.834
67.9648,0.6062,2.6126
67.9650,0.6026,2.5971
67.9652,0.6015,2.5912
67.9654,0.6035,2.6
67.9656,0.5439,2.3454
67.9658,0.5391,2.3247
67.9660,0.5435,2.3444
67.9662,0.5455,2.3521
67.9664,0.5367,2.3133
67.9666,0.5568,2.3985
67.9668,0.6202,2.6693
67.9670,0.7132,3.0655
67.9672,0.7948,3.4176
67.9674,0.7547,3.2454
67.9676,0.6903,2.974
67.9678,0.6421,2.7663
67.9680,0.6363,2.7385
67.9682,0.646,2.7816
67.9684,0.6847,2.9442
67.9686,0.7419,3.1902
67.9688,0.745,3.2051
67.9690,0.771,3.3186
67.9692,0.7694,3.3052
67.9694,0.7557,3.251
67.9696,0.7182,3.0895
67.9698,0.7088,3.0521
67.9700,0.6339,2.7294
67.9702,0.6244,2.6911
67.9704,0.6622,2.8486
67.9706,0.7691,3.3088
67.9708,0.6887,2.9654
67.9710,0.6251,2.693
67.9712,0.621,2.6767
67.9714,0.6195,2.6662
67.9716,0.6551,2.8169
67.9718,0.7353,3.1677
67.9720,0.645,2.78
67.9722,0.6262,2.6976
67.9724,0.6408,2.7568
67.9726,0.6444,2.7774
67.9728,0.6608,2.843
67.9730,0.6997,3.0129
67.9732,0.6039,2.6015
67.9734,0.5616,2.4214
67.9736,0.5535,2.3824
67.9738,0.6919,2.9738
67.9740,0.7769,3.3423
67.9742,0.7212,3.101
67.9744,0.7601,3.2701
67.9746,0.7635,3.283
67.9748,0.6883,2.9611
67.9750,0.6973,2.9998
67.9752,0.7025,3.022
67.9754,0.722,3.1075
67.9756,0.7172,3.0854
67.9758,0.7115,3.0607
67.9760,0.6903,2.9726
67.9762,0.6935,2.9861
67.9764,0.6522,2.8136
67.9766,0.536,2.3124
67.9768,0.5292,2.2808
67.9770,0.6256,2.6963
67.9772,0.6002,2.5855
67.9774,0.607,2.6125
67.9776,0.7162,3.077
67.9778,0.7975,3.4311
67.9780,0.7353,3.1663
67.9782,0.6212,2.6759
67.9784,0.6153,2.6519
67.9786,0.6136,2.6446
67.9788,0.6376,2.7467
67.9790,0.6866,2.9484
67.9792,0.8111,3.4812
67.9794,0.885,3.7983
67.9796,0.7894,3.4007
67.9798,0.5782,2.4945
67.9800,0.514,2.2151
67.9802,0.5546,2.3937
67.9804,0.4952,2.1375
67.9806,0.4886,2.108
67.9808,0.4866,2.0992
67.9810,0.489,2.1096
67.9812,0.4914,2.1189
67.9814,0.4897,2.1117
67.9816,0.4912,2.1199
67.9818,0.4949,2.1349
67.9820,0.5902,2.5438
67.9822,0.5427,2.3392
67.9824,0.5178,2.2317
67.9826,0.558,2.4048
67.9828,0.5949,2.5604
67.9830,0.6697,2.8811
67.9832,0.649,2.7919
67.9834,0.708,3.0457
67.9836,0.7493,3.2177
67.9838,0.785,3.3737
67.9840,0.716,3.0774
67.9842,0.7575,3.2542
67.9844,0.8125,3.4874
67.9846,0.8696,3.7254
67.9848,0.9334,3.9969
67.9850,0.9609,4.1202
67.9852,0.9845,4.2195
67.9854,1.0002,4.2849
67.9856,0.9821,4.2073
67.9858,0.9868,4.2293
67.9860,0.9811,4.2071
67.9862,0.928,3.9775
67.9864,0.9804,4.2021
67.9866,0.9913,4.2508
67.9868,0.9531,4.0887
67.9870,0.961,4.1169
67.9872,0.9865,4.2283
67.9874,0.9953,4.2658
67.9876,1.0103,4.3321
67.9878,0.961,4.1188
67.9880,0.9838,4.2145
67.9882,1.0439,4.4698
67.9884,1.0623,4.5489
67.9886,1.043,4.4724
67.9888,0.9671,4.145
67.9890,0.958,4.1117
67.9892,0.849,3.6456
67.9894,0.8594,3.6921
67.9896,0.8477,3.6467
67.9898,0.7336,3.162
67.9900,0.63,2.7154
67.9902,0.6242,2.6913
67.9904,0.6178,2.6615
67.9906,0.6215,2.6775
67.9908,0.6514,2.7996
67.9910,0.7551,3.2484
67.9912,0.7535,3.2402
67.9914,0.7447,3.2095
67.9916,0.6553,2.8219
67.9918,0.6449,2.7756
67.9920,0.673,2.8991
67.9922,0.6454,2.7816
67.9924,0.6345,2.7345
67.9926,0.6084,2.6212
67.9928,0.6282,2.7052
67.9930,0.7278,3.1308
67.9932,0.7269,3.1316
67.9934,0.6366,2.7426
67.9936,0.6038,2.5998
67.9938,0.6475,2.7909
67.9940,0.592,2.5528
67.9942,0.5827,2.5124
67.9944,0.5421,2.342
67.9946,0.4809,2.0763
67.9948,0.4939,2.1298
67.9950,0.565,2.4364
67.9952,0.5601,2.4141
67.9954,0.605,2.6062
67.9956,0.6439,2.7728
67.9958,0.6764,2.9127
67.9960,0.6479,2.7911
67.9962,0.6519,2.8082
67.9964,0.599,2.5828
67.9966,0.5817,2.5083
67.9968,0.5674,2.4502
67.9970,0.518,2.2296
67.9972,0.6409,2.7586
67.9974,0.6569,2.8299
67.9976,0.6327,2.7255
67.9978,0.6056,2.61
67.9980,0.5803,2.5067
67.9982,0.4535,1.961
67.9984,0.4095,1.7674
67.9986,0.4484,1.9351
67.9988,0.4562,1.9697
67.9990,0.454,1.9603
67.9992,0.4623,1.9951
67.9994,0.4645,2.0059
67.9996,0.4538,1.9602
67.9998,0.4771,2.0584
68.0000,0.5448,2.3458
68.0002,0.5783,2.495
68.0004,0.5706,2.4591
68.0006,0.574,2.4729
68.0008,0.5608,2.4183
68.0010,0.5613,2.4193
68.0012,0.5682,2.4487
68.0014,0.5628,2.4266
68.0016,0.5732,2.4682
68.0018,0.676,2.9039
68.0020,0.7491,3.2196
68.0022,0.7085,3.0463
68.0024,0.7174,3.085
68.0026,0.712,3.0661
68.0028,0.634,2.7325
68.0030,0.5463,2.3558
68.0032,0.5566,2.3991
68.0034,0.5992,2.5802
68.0036,0.6202,2.6681
68.0038,0.5969,2.574
68.0040,0.5186,2.2374
68.0042,0.5229,2.2549
68.0044,0.5239,2.258
68.0046,0.5106,2.2017
68.0048,0.5114,2.2073
68.0050,0.5172,2.2312
68.0052,0.5184,2.2343
68.0054,0.5256,2.2663
68.0056,0.5135,2.2151
68.0058,0.5187,2.2348
68.0060,0.5473,2.3577
68.0062,0.5915,2.5495
68.0064,0.5588,2.4095
68.0066,0.4841,2.0884
68.0068,0.4749,2.0504
68.0070,0.4846,2.0885
68.0072,0.5294,2.2797
68.0074,0.5636,2.4257
68.0076,0.5931,2.5539
68.0078,0.6126,2.6356
68.0080,0.6389,2.7473
68.0082,0.6508,2.8009
68.0084,0.5955,2.5701
68.0086,0.4852,2.094
68.0088,0.4733,2.0409
68.0090,0.4679,2.0176
68.0092,0.4865,2.0968
68.0094,0.5328,2.2952
68.0096,0.5888,2.5353
68.0098,0.5961,2.5692
68.0100,0.5329,2.2957
68.0102,0.5405,2.3315
68.0104,0.5098,2.1991
68.0106,0.5053,2.1759
68.0108,0.5666,2.4386
68.0110,0.5991,2.5773
68.0112,0.5992,2.5754
68.0114,0.6756,2.9037
68.0116,0.6816,2.9308
68.0118,0.6697,2.8825
68.0120,0.6075,2.6146
68.0122,0.6034,2.5959
68.0124,0.6583,2.8321
68.0126,0.6034,2.6031
68.0128,0.4878,2.1034
68.0130,0.4985,2.1475
68.0132,0.5065,2.1831
68.0134,0.4954,2.136
68.0136,0.5363,2.3091
68.0138,0.5625,2.4233
68.0140,0.4954,2.135
68.0142,0.5012,2.1603
68.0144,0.5082,2.1903
68.0146,0.5348,2.304
68.0148,0.5786,2.4891
68.0150,0.6071,2.6155
68.0152,0.6098,2.6256
68.0154,0.6172,2.6539
68.0156,0.6431,2.7666
68.0158,0.6236,2.6838
68.0160,0.6617,2.8439
68.0162,0.754,3.2347
68.0164,0.7821,3.3614
68.0166,0.7762,3.3361
68.0168,0.7809,3.35
68.0170,0.8052,3.4528
68.0172,0.8359,3.5878
68.0174,0.8537,3.6622
68.0176,0.8452,3.624
68.0178,0.8488,3.6411
68.0180,0.8717,3.7394
68.0182,0.9209,3.9416
68.0184,0.9861,4.2262
68.0186,0.9366,4.0164
68.0188,0.9152,3.9225
68.0190,0.9277,3.9722
68.0192,0.9784,4.1875
68.0194,0.9967,4.268
68.0196,0.9396,4.0273
68.0198,0.958,4.106
68.0200,0.9942,4.2592
68.0202,0.9212,3.9482
68.0204,0.9149,3.9269
68.0206,0.8821,3.7859
68.0208,0.8609,3.6965
68.0210,0.8294,3.5666
68.0212,0.8035,3.4536
68.0214,0.8252,3.5436
68.0216,0.8243,3.5395
68.0218,0.826,3.5484
68.0220,0.8215,3.5277
68.0222,0.8603,3.6888
68.0224,0.8496,3.6464
68.0226,0.8342,3.5789
68.0228,0.9034,3.8793
68.0230,0.8311,3.5722
68.0232,0.7785,3.3521
68.0234,0.6979,3.0038
68.0236,0.719,3.0874
68.0238,0.8226,3.5274
68.0240,0.8394,3.6061
68.0242,0.7309,3.1457
68.0244,0.7201,3.0978
68.0246,0.754,3.2453
68.0248,0.6869,2.959
68.0250,0.6033,2.599
68.0252,0.6509,2.8001
68.0254,0.6849,2.9467
68.0256,0.7094,3.0505
68.0258,0.732,3.1474
68.0260,0.6887,2.9654
68.0262,0.6852,2.9518
68.0264,0.6785,2.9201
68.0266,0.6704,2.8856
68.0268,0.7267,3.1247
68.0270,0.7207,3.1004
68.0272,0.6832,2.9403
68.0274,0.7058,3.0378
68.0276,0.6812,2.9361
68.0278,0.6188,2.6631
68.0280,0.6684,2.8821
68.0282,0.5863,2.528
68.0284,0.5599,2.412
68.0286,0.602,2.5921
68.0288,0.6082,2.6226
68.0290,0.5583,2.4052
68.0292,0.5897,2.5406
68.0294,0.6385,2.7534
68.0296,0.6057,2.6093
68.0298,0.6138,2.6432
68.0300,0.6029,2.5974
68.0302,0.5786,2.4949
68.0304,0.6156,2.6497
68.0306,0.6584,2.8379
68.0308,0.5509,2.3787
68.0310,0.5005,2.1612
68.0312,0.4884,2.106
68.0314,0.4912,2.1169
68.0316,0.5442,2.3454
68.0318,0.5395,2.3263
68.0320,0.5329,2.2968
68.0322,0.5204,2.2441
68.0324,0.5178,2.2327
68.0326,0.5781,2.4916
68.0328,0.5702,2.4564
68.0330,0.6222,2.6781
68.0332,0.6371,2.7446
68.0334,0.6252,2.6885
68.0336,0.6992,3.0038
68.0338,0.7099,3.054
68.0340,0.6775,2.916
68.0342,0.6798,2.9258
68.0344,0.6944,2.986
68.0346,0.7258,3.1211
68.0348,0.7585,3.2568
68.0350,0.7743,3.3279
68.0352,0.7748,3.3237
68.0354,0.8429,3.6143
68.0356,0.8787,3.7733
68.0358,0.8505,3.6523
68.0360,0.8345,3.5833
68.0362,0.8021,3.4474
68.0364,0.7381,3.1752
68.0366,0.7136,3.0714
68.0368,0.7327,3.1446
68.0370,0.846,3.631
68.0372,0.8503,3.6478
68.0374,0.8163,3.5132
68.0376,0.7462,3.2088
68.0378,0.7617,3.2768
68.0380,0.715,3.0747
68.0382,0.7279,3.127
68.0384,0.7401,3.1869
68.0386,0.6491,2.7976
68.0388,0.6213,2.6752
68.0390,0.6325,2.7225
68.0392,0.6761,2.9139
68.0394,0.5764,2.4856
68.0396,0.5508,2.3738
68.0398,0.5504,2.3711
68.0400,0.552,2.379
68.0402,0.6401,2.7499
68.0404,0.7417,3.1907
68.0406,0.7029,3.0268
68.0408,0.6568,2.8267
68.0410,0.6541,2.8193
68.0412,0.5659,2.44
68.0414,0.5515,2.378
68.0416,0.5493,2.3687
68.0418,0.5431,2.3407
68.0420,0.5411,2.3341
68.0422,0.5316,2.2922
68.0424,0.5794,2.495
68.0426,0.6659,2.866
68.0428,0.6457,2.7805
68.0430,0.5983,2.5749
68.0432,0.6167,2.6556
68.0434,0.5917,2.5477
68.0436,0.6638,2.8519
68.0438,0.7571,3.2496
68.0440,0.8377,3.6039
68.0442,0.6908,2.9761
68.0444,0.6048,2.6069
68.0446,0.587,2.5287
68.0448,0.5935,2.5566
68.0450,0.5967,2.5694
68.0452,0.6065,2.6117
68.0454,0.5464,2.3574
68.0456,0.495,2.1355
68.0458,0.4988,2.152
68.0460,0.5051,2.1789
68.0462,0.5068,2.1831
68.0464,0.57,2.4576
68.0466,0.512,2.2069
68.0468,0.5276,2.2719
68.0470,0.5923,2.5514
68.0472,0.5425,2.3403
68.0474,0.4974,2.1458
68.0476,0.5166,2.2265
68.0478,0.5703,2.4569
68.0480,0.6222,2.6781
68.0482,0.6131,2.6413
68.0484,0.574,2.4752
68.0486,0.503,2.1701
68.0488,0.4988,2.15
68.0490,0.5436,2.3406
68.0492,0.5869,2.5258
68.0494,0.6802,2.9247
68.0496,0.7406,3.1831
68.0498,0.7923,3.402
68.0500,0.751,3.2279
68.0502,0.7803,3.3505
68.0504,0.788,3.3819
68.0506,0.7934,3.4035
68.0508,0.8394,3.6044
68.0510,0.8533,3.6641
68.0512,0.8405,3.6073
68.0514,0.8389,3.6006
68.0516,0.8348,3.5815
68.0518,0.9106,3.9011
68.0520,0.951,4.0819
68.0522,0.8983,3.8536
68.0524,0.9129,3.9127
68.0526,0.9744,4.1764
68.0528,0.9879,4.232
68.0530,0.9741,4.1729
68.0532,0.9651,4.1344
68.0534,0.9892,4.2396
68.0536,0.9772,4.1862
68.0538,0.9537,4.0875
68.0540,1.0093,4.3199
68.0542,1.1187,4.7857
68.0544,1.1079,4.7395
68.0546,1.11,4.7465
68.0548,1.1485,4.9111
68.0550,1.1288,4.8333
68.0552,1.0189,4.367
68.0554,0.953,4.0958
68.0556,0.8641,3.7139
68.0558,0.8148,3.5021
68.0560,0.742,3.1981
68.0562,0.6443,2.7743
68.0564,0.7044,3.0316
68.0566,0.6893,2.9666
68.0568,0.7001,3.013
68.0570,0.7242,3.1182
68.0572,0.7216,3.1031
68.0574,0.7663,3.2979
68.0576,0.7126,3.0687
68.0578,0.6853,2.9468
68.0580,0.6985,3.0077
68.0582,0.6632,2.8573
68.0584,0.6372,2.7452
68.0586,0.681,2.931
68.0588,0.7111,3.062
68.0590,0.7487,3.2196
68.0592,0.7166,3.0828
68.0594,0.6737,2.9049
68.0596,0.595,2.5657
68.0598,0.5897,2.5406
68.0600,0.5991,2.5821
68.0602,0.5819,2.5117
68.0604,0.5689,2.453
68.0606,0.5757,2.4801
68.0608,0.5938,2.5593
68.0610,0.654,2.8175
68.0612,0.6106,2.628
68.0614,0.6214,2.677
68.0616,0.5929,2.5576
68.0618,0.5148,2.2208
68.0620,0.4958,2.1401
68.0622,0.5134,2.2156
68.0624,0.4996,2.1541
68.0626,0.5572,2.4006
68.0628,0.5587,2.4113
68.0630,0.5098,2.1991
68.0632,0.5106,2.2017
68.0634,0.5836,2.5131
68.0636,0.6291,2.71
68.0638,0.6131,2.6438
68.0640,0.5499,2.3702
68.0642,0.5863,2.5291
68.0644,0.5003,2.1582
68.0646,0.4952,2.1375
68.0648,0.501,2.1603
68.0650,0.4661,2.0126
68.0652,0.4048,1.7481
68.0654,0.398,1.7193
68.0656,0.4088,1.7651
68.0658,0.4589,1.9816
68.0660,0.4713,2.0302
68.0662,0.5414,2.3335
68.0664,0.5701,2.457
68.0666,0.5643,2.4299
68.0668,0.5735,2.4686
68.0670,0.6396,2.7542
68.0672,0.5871,2.5292
68.0674,0.5698,2.456
68.0676,0.5707,2.4596
68.0678,0.5817,2.5036
68.0680,0.6487,2.7909
68.0682,0.7095,3.0496
68.0684,0.776,3.3351
68.0686,0.6936,2.9824
68.0688,0.7101,3.0564
68.0690,0.7353,3.1663
68.0692,0.6195,2.6699
68.0694,0.5445,2.3469
68.0696,0.5517,2.379
68.0698,0.5965,2.5695
68.0700,0.6245,2.6867
68.0702,0.6213,2.674
68.0704,0.6245,2.6904
68.0706,0.6511,2.8051
68.0708,0.6329,2.724
68.0710,0.6448,2.7777
68.0712,0.5668,2.4442
68.0714,0.5406,2.3309
68.0716,0.5335,2.2972
68.0718,0.5732,2.4704
68.0720,0.5635,2.4275
68.0722,0.5667,2.4448
68.0724,0.5438,2.3438
68.0726,0.5415,2.3308
68.0728,0.5735,2.4731
68.0730,0.4725,2.0382
68.0732,0.4518,1.9501
68.0734,0.4492,1.9378
68.0736,0.4807,2.071
68.0738,0.5817,2.506
68.0740,0.6415,2.7638
68.0742,0.6661,2.8643
68.0744,0.6548,2.8172
68.0746,0.6854,2.9473
68.0748,0.702,3.0213
68.0750,0.6183,2.6611
68.0752,0.6618,2.8471
68.0754,0.6402,2.7542
68.0756,0.6463,2.7805
68.0758,0.681,2.931
68.0760,0.7142,3.0725
68.0762,0.6514,2.8087
68.0764,0.5602,2.4124
68.0766,0.5694,2.4482
68.0768,0.6875,2.9547
68.0770,0.7871,3.3815
68.0772,0.8058,3.4634
68.0774,0.7841,3.3686
68.0776,0.7607,3.2712
68.0778,0.7557,3.248
68.0780,0.7598,3.2655
68.0782,0.7045,3.0293
68.0784,0.6583,2.8348
68.0786,0.6095,2.6258
68.0788,0.5863,2.5268
68.0790,0.6009,2.5886
68.0792,0.5984,2.5754
68.0794,0.613,2.6396
68.0796,0.5703,2.4603
68.0798,0.4945,2.1334
68.0800,0.4886,2.1071
68.0802,0.4809,2.0744
68.0804,0.4799,2.0703
68.0806,0.4834,2.0843
68.0808,0.4837,2.0868
68.0810,0.4819,2.08
68.0812,0.4773,2.0598
68.0814,0.4801,2.0703
68.0816,0.481,2.073
68.0818,0.4848,2.0915
68.0820,0.488,2.1054
68.0822,0.5111,2.2017
68.0824,0.5846,2.5172
68.0826,0.5992,2.579
68.0828,0.6517,2.8025
68.0830,0.6647,2.8621
68.0832,0.5915,2.5472
68.0834,0.6357,2.7308
68.0836,0.7478,3.2125
68.0838,0.7147,3.0717
68.0840,0.7761,3.3341
68.0842,0.8139,3.4931
68.0844,0.8558,3.6664
68.0846,0.8967,3.8487
68.0848,0.8354,3.5857
68.0850,0.8735,3.7419
68.0852,0.9116,3.9071
68.0854,0.8976,3.8505
68.0856,0.9335,3.9992
68.0858,0.9901,4.2417
68.0860,0.9279,3.9751
68.0862,0.9647,4.1347
68.0864,0.954,4.0871
68.0866,0.9261,3.973
68.0868,0.8907,3.8194
68.0870,0.9654,4.1417
68.0872,0.9664,4.14
68.0874,0.9695,4.1611
68.0876,0.8423,3.6184
68.0878,0.8041,3.453
68.0880,0.814,3.492
68.0882,0.8442,3.625
68.0884,0.8219,3.5325
68.0886,0.8113,3.4904
68.0888,0.7486,3.2191
68.0890,0.7135,3.068
68.0892,0.7171,3.0863
68.0894,0.7065,3.0367
68.0896,0.7543,3.2403
68.0898,0.757,3.2506
68.0900,0.8414,3.6131
68.0902,0.8589,3.6866
68.0904,0.9325,4.0077
68.0906,0.8609,3.6914
68.0908,0.9266,3.975
68.0910,0.907,3.8893
68.0912,0.8944,3.8443
68.0914,0.767,3.2949
68.0916,0.76,3.2726
68.0918,0.672,2.8936
68.0920,0.6875,2.9561
68.0922,0.7408,3.1856
68.0924,0.7659,3.2949
68.0926,0.7461,3.2053
68.0928,0.751,3.2279
68.0930,0.7132,3.0741
68.0932,0.6227,2.6864
68.0934,0.5811,2.5034
68.0936,0.6419,2.7666
68.0938,0.5842,2.5168
68.0940,0.6328,2.726
68.0942,0.6442,2.7713
68.0944,0.6876,2.9539
68.0946,0.7335,3.157
68.0948,0.7207,3.0975
68.0950,0.7673,3.2995
68.0952,0.7609,3.2778
68.0954,0.6942,2.9891
68.0956,0.6762,2.9103
68.0958,0.6516,2.8058
68.0960,0.6376,2.7467
68.0962,0.6363,2.7372
68.0964,0.6822,2.9348
68.0966,0.7403,3.1865
68.0968,0.7417,3.1877
68.0970,0.7739,3.331
68.0972,0.7032,3.0265
68.0974,0.675,2.9065
68.0976,0.7082,3.0481
68.0978,0.6967,2.9986
68.0980,0.6367,2.7444
68.0982,0.5948,2.5659
68.0984,0.5414,2.3346
68.0986,0.5361,2.3129
68.0988,0.5454,2.3527
68.0990,0.5547,2.3886
68.0992,0.6161,2.6555
68.0994,0.58,2.4999
68.0996,0.5735,2.4731
68.0998,0.5765,2.4826
68.1000,0.6798,2.9218
68.1002,0.7165,3.0838
68.1004,0.6552,2.8226
68.1006,0.6624,2.847
68.1008,0.7201,3.0906
68.1010,0.773,3.3238
68.1012,0.7767,3.3382
68.1014,0.7495,3.2287
68.1016,0.6442,2.7738
68.1018,0.6312,2.7193
68.1020,0.6261,2.6971
68.1022,0.6283,2.7057
68.1024,0.6264,2.6974
68.1026,0.6279,2.7049
68.1028,0.6283,2.7082
68.1030,0.6492,2.7942
68.1032,0.7268,3.1223
68.1034,0.7945,3.4213
68.1036,0.6684,2.8808
68.1038,0.6281,2.7034
68.1040,0.6466,2.7842
68.1042,0.6172,2.6552
68.1044,0.6492,2.7955
68.1046,0.6183,2.6635
68.1048,0.6129,2.6415
68.1050,0.6018,2.5928
68.1052,0.6215,2.6738
68.1054,0.6745,2.9018
68.1056,0.6358,2.7415
68.1058,0.5599,2.4142
68.1060,0.5475,2.3598
68.1062,0.5455,2.3532
68.1064,0.5608,2.4172
68.1066,0.6654,2.8612
68.1068,0.6824,2.9358
68.1070,0.687,2.9554
68.1072,0.6909,2.9738
68.1074,0.6708,2.8858
68.1076,0.663,2.8589
68.1078,0.5769,2.4888
68.1080,0.5384,2.3206
68.1082,0.5813,2.5033
68.1084,0.6727,2.8967
68.1086,0.6642,2.8561
68.1088,0.6445,2.7754
68.1090,0.6024,2.5941
68.1092,0.6373,2.7457
68.1094,0.5971,2.5709
68.1096,0.6305,2.7162
68.1098,0.6577,2.8322
68.1100,0.714,3.0629
68.1102,0.8434,3.618
68.1104,0.841,3.6111
68.1106,0.8154,3.5079
68.1108,0.7081,3.0434
68.1110,0.6793,2.9224
68.1112,0.7258,3.124
68.1114,0.6707,2.8893
68.1116,0.5783,2.4927
68.1118,0.5652,2.4369
68.1120,0.5572,2.4017
68.1122,0.555,2.3908
68.1124,0.5563,2.3987
68.1126,0.5697,2.4566
68.1128,0.5624,2.4251
68.1130,0.5559,2.3949
68.1132,0.5785,2.4886
68.1134,0.7179,3.0856
68.1136,0.7269,3.1287
68.1138,0.6405,2.7591
68.1140,0.6377,2.7447
68.1142,0.6649,2.8592
68.1144,0.6907,2.9714
68.1146,0.7056,3.0368
68.1148,0.7123,3.0643
68.1150,0.6749,2.9047
68.1152,0.6508,2.8022
68.1154,0.5787,2.4931
68.1156,0.6471,2.781
68.1158,0.7501,3.2268
68.1160,0.6736,2.899
68.1162,0.6702,2.8859
68.1164,0.704,3.0259
68.1166,0.8083,3.4694
68.1168,0.8643,3.708
68.1170,0.8267,3.5514
68.1172,0.826,3.5451
68.1174,0.883,3.7883
68.1176,0.8351,3.5942
68.1178,0.769,3.3021
68.1180,0.8812,3.777
68.1182,0.9206,3.9438
68.1184,0.9341,4.0037
68.1186,0.9741,4.1768
68.1188,0.9666,4.143
68.1190,1.0007,4.2909
68.1192,0.9574,4.1053
68.1194,0.9452,4.0529
68.1196,0.9384,4.0278
68.1198,0.8977,3.851
68.1200,0.8731,3.7438
68.1202,0.8922,3.8274
68.1204,0.91,3.904
68.1206,0.888,3.8094
68.1208,0.8809,3.7825
68.1210,0.8916,3.8337
68.1212,0.8298,3.5632
68.1214,0.828,3.5538
68.1216,0.822,3.5314
68.1218,0.8128,3.4966
68.1220,0.7601,3.2731
68.1222,0.7009,3.0209
68.1224,0.659,2.8352
68.1226,0.7194,3.0933
68.1228,0.761,3.2752
68.1230,0.6962,2.9965
68.1232,0.7067,3.0372
68.1234,0.7447,3.2021
68.1236,0.745,3.2096
68.1238,0.6331,2.7289
68.1240,0.6279,2.7036
68.1242,0.6564,2.8291
68.1244,0.6493,2.7986
68.1246,0.5803,2.5021
68.1248,0.6072,2.6136
68.1250,0.613,2.6408
68.1252,0.6165,2.6558
68.1254,0.6528,2.8175
68.1256,0.5357,2.313
68.1258,0.4997,2.1546
68.1260,0.5654,2.4369
68.1262,0.5608,2.4172
68.1264,0.6204,2.6728
68.1266,0.6341,2.7305
68.1268,0.6334,2.7324
68.1270,0.5563,2.3987
68.1272,0.5575,2.4061
68.1274,0.567,2.4436
68.1276,0.587,2.5311
68.1278,0.5774,2.4885
68.1280,0.6148,2.6473
68.1282,0.6827,2.9368
68.1284,0.7148,3.0751
68.1286,0.6469,2.7883
68.1288,0.5443,2.3502
68.1290,0.5177,2.2353
68.1292,0.49,2.1147
68.1294,0.5052,2.1754
68.1296,0.59,2.5428
68.1298,0.6095,2.6258
68.1300,0.5977,2.5747
68.1302,0.6058,2.6122
68.1304,0.5535,2.3879
68.1306,0.4861,2.0991
68.1308,0.4897,2.1146
68.1310,0.489,2.1106
68.1312,0.4937,2.1288
68.1314,0.4105,1.7732
68.1316,0.403,1.7395
68.1318,0.442,1.9068
68.1320,0.5092,2.1965
68.1322,0.5679,2.4466
68.1324,0.5636,2.4291
68.1326,0.5551,2.3935
68.1328,0.5623,2.4223
68.1330,0.561,2.4177
68.1332,0.5617,2.4197
68.1334,0.5915,2.546
68.1336,0.6155,2.6504
68.1338,0.6395,2.7537
68.1340,0.666,2.8651
68.1342,0.7064,3.0376
68.1344,0.7144,3.0693
68.1346,0.7886,3.3892
68.1348,0.8146,3.4962
68.1350,0.7321,3.1494
68.1352,0.6572,2.8314
68.1354,0.6388,2.7506
68.1356,0.6276,2.7013
68.1358,0.6576,2.8317
68.1360,0.6429,2.7669
68.1362,0.6805,2.9248
68.1364,0.7605,3.264
68.1366,0.8242,3.5472
68.1368,0.746,3.2062
68.1370,0.7451,3.2041
68.1372,0.6871,2.9601
68.1374,0.6423,2.7656
68.1376,0.6449,2.7769
68.1378,0.6375,2.7424
68.1380,0.6443,2.7718
68.1382,0.6941,2.9886
68.1384,0.614,2.6437
68.1386,0.5931,2.5539
68.1388,0.543,2.3424
68.1390,0.4719,2.0375
68.1392,0.4689,2.0246
68.1394,0.4758,2.0517
68.1396,0.562,2.4179
68.1398,0.6811,2.9288
68.1400,0.7318,3.1454
68.1402,0.7092,3.0494
68.1404,0.6956,2.9995
68.1406,0.5414,2.3367
68.1408,0.4788,2.0637
68.1410,0.5383,2.3233
68.1412,0.4865,2.0997
68.1414,0.4741,2.0454
68.1416,0.4685,2.0202
68.1418,0.4685,2.0221
68.1420,0.4699,2.0273
68.1422,0.4824,2.0821
68.1424,0.4785,2.0631
68.1426,0.4696,2.0248
68.1428,0.5559,2.3971
68.1430,0.5527,2.3788
68.1432,0.6075,2.6098
68.1434,0.6932,2.9836
68.1436,0.62,2.672
68.1438,0.6123,2.6377
68.1440,0.6048,2.6057
68.1442,0.5943,2.5567
68.1444,0.6543,2.8146
68.1446,0.7007,3.0128
68.1448,0.7131,3.0679
68.1450,0.6172,2.6601
68.1452,0.5901,2.5421
68.1454,0.5914,2.5455
68.1456,0.6017,2.5922
68.1458,0.5683,2.4504
68.1460,0.4951,2.135
68.1462,0.4835,2.0839
68.1464,0.4811,2.0745
68.1466,0.4842,2.0879
68.1468,0.5012,2.1603
68.1470,0.5658,2.435
68.1472,0.6201,2.6713
68.1474,0.5336,2.301
68.1476,0.5024,2.1675
68.1478,0.4981,2.1479
68.1480,0.5177,2.228
68.1482,0.6044,2.6012
68.1484,0.6212,2.6697
68.1486,0.6987,3.006
68.1488,0.6294,2.7091
68.1490,0.6248,2.6902
68.1492,0.5851,2.5181
68.1494,0.6459,2.7759
68.1496,0.7013,3.014
68.1498,0.7516,3.2245
68.1500,0.8388,3.5951
68.1502,0.8653,3.7104
68.1504,0.8246,3.541
68.1506,0.8501,3.6485
68.1508,0.8581,3.683
68.1510,0.8635,3.7044
68.1512,0.8428,3.6154
68.1514,0.8321,3.573
68.1516,0.8303,3.5536
68.1518,1.0012,4.291
68.1520,0.9787,4.191
68.1522,0.996,4.2629
68.1524,1.0091,4.3229
68.1526,1.0108,4.3341
68.1528,0.9112,3.9092
68.1530,0.91,3.9058
68.1532,0.8606,3.6904
68.1534,0.8851,3.7988
68.1536,0.8642,3.7144
68.1538,0.8236,3.5381
68.1540,0.8503,3.6512
68.1542,0.8284,3.557
68.1544,0.8304,3.5641
68.1546,0.8925,3.8271
68.1548,0.8978,3.8569
68.1550,0.8059,3.4623
68.1552,0.8038,3.4547
68.1554,0.8549,3.6725
68.1556,0.8302,3.5647
68.1558,0.8165,3.5044
68.1560,0.8363,3.596
68.1562,0.7663,3.2887
68.1564,0.8458,3.6334
68.1566,0.824,3.5418
68.1568,0.7943,3.4124
68.1570,0.842,3.6191
68.1572,0.8513,3.6571
68.1574,0.8336,3.5813
68.1576,0.7889,3.3939
68.1578,0.7682,3.3001
68.1580,0.8029,3.4511
68.1582,0.8172,3.5124
68.1584,0.7973,3.4284
68.1586,0.7562,3.2501
68.1588,0.7595,3.266
68.1590,0.7661,3.2959
68.1592,0.7353,3.1604
68.1594,0.7219,3.1055
68.1596,0.6454,2.7803
68.1598,0.6189,2.6674
68.1600,0.6492,2.7994
68.1602,0.6232,2.6835
68.1604,0.6611,2.8466
68.1606,0.6626,2.8533
68.1608,0.6701,2.884
68.1610,0.684,2.9412
68.1612,0.7394,3.1809
68.1614,0.72,3.1016
68.1616,0.6764,2.9127
68.1618,0.6212,2.6772
68.1620,0.5837,2.5171
68.1622,0.5793,2.498
68.1624,0.5817,2.506
68.1626,0.5906,2.5466
68.1628,0.6041,2.6014
68.1630,0.6624,2.855
68.1632,0.5424,2.3398
68.1634,0.5268,2.2725
68.1636,0.5499,2.3724
68.1638,0.5372,2.3165
68.1640,0.5377,2.3175
68.1642,0.5395,2.3274
68.1644,0.5382,2.3206
68.1646,0.5606,2.4151
68.1648,0.5659,2.4389
68.1650,0.6517,2.8051
68.1652,0.6467,2.7821
68.1654,0.6337,2.7276
68.1656,0.6424,2.7648
68.1658,0.6453,2.7772
68.1660,0.6951,2.9905
68.1662,0.7052,3.0367
68.1664,0.6602,2.8404
68.1666,0.7449,3.2001
68.1668,0.7623,3.2794
68.1670,0.7224,3.1033
68.1672,0.7477,3.212
68.1674,0.7515,3.23
68.1676,0.7204,3.1008
68.1678,0.6607,2.8424
68.1680,0.7134,3.0703
68.1682,0.7019,3.025
68.1684,0.648,2.7891
68.1686,0.6341,2.7292
68.1688,0.6406,2.7571
68.1690,0.6261,2.6959
68.1692,0.6823,2.9298
68.1694,0.8254,3.5392
68.1696,0.8137,3.5023
68.1698,0.721,3.1048
68.1700,0.7118,3.0608
68.1702,0.6821,2.9384
68.1704,0.6182,2.6618
68.1706,0.6514,2.8074
68.1708,0.577,2.487
68.1710,0.548,2.3619
68.1712,0.5439,2.3443
68.1714,0.5708,2.4624
68.1716,0.5401,2.33
68.1718,0.5323,2.2931
68.1720,0.5685,2.4514
68.1722,0.5524,2.3832
68.1724,0.5446,2.3463
68.1726,0.5873,2.5256
68.1728,0.6878,2.9577
68.1730,0.6956,2.9912
68.1732,0.7264,3.1266
68.1734,0.6829,2.9379
68.1736,0.7088,3.0465
68.1738,0.752,3.2305
68.1740,0.7852,3.3779
68.1742,0.7258,3.1197
68.1744,0.7064,3.039
68.1746,0.7064,3.0418
68.1748,0.7106,3.0528
68.1750,0.7357,3.1634
68.1752,0.7215,3.0997
68.1754,0.6926,2.9755
68.1756,0.7926,3.402
68.1758,0.8763,3.7577
68.1760,0.9667,4.1435
68.1762,0.9629,4.129
68.1764,0.9115,3.9102
68.1766,0.9462,4.0575
68.1768,0.9377,4.0266
68.1770,0.7984,3.4411
68.1772,0.5854,2.522
68.1774,0.6401,2.7524
68.1776,0.6768,2.9143
68.1778,0.6575,2.8311
68.1780,0.6843,2.9413
68.1782,0.7427,3.1938
68.1784,0.7725,3.3201
68.1786,0.7748,3.3346
68.1788,0.6522,2.8058
68.1790,0.637,2.7467
68.1792,0.5147,2.2203
68.1794,0.488,2.1054
68.1796,0.533,2.3016
68.1798,0.4934,2.1297
68.1800,0.4869,2.1012
68.1802,0.4853,2.0935
68.1804,0.4828,2.0837
68.1806,0.4829,2.0851
68.1808,0.4825,2.0826
68.1810,0.4878,2.1054
68.1812,0.4897,2.1107
68.1814,0.5787,2.4931
68.1816,0.6212,2.6759
68.1818,0.6508,2.7983
68.1820,0.705,3.037
68.1822,0.5991,2.5809
68.1824,0.5936,2.5512
68.1826,0.737,3.1691
68.1828,0.7173,3.0859
68.1830,0.7238,3.1138
68.1832,0.7288,3.1325
68.1834,0.7702,3.3073
68.1836,0.8203,3.5192
68.1838,0.9322,3.9955
68.1840,0.9606,4.1134
68.1842,0.97,4.1593
68.1844,0.9225,3.9594
68.1846,0.9063,3.8899
68.1848,0.898,3.849
68.1850,0.9396,4.0292
68.1852,0.9253,3.9675
68.1854,0.9376,4.0148
68.1856,1.001,4.2865
68.1858,0.9889,4.2405
68.1860,0.9054,3.8894
68.1862,0.892,3.8286
68.1864,0.952,4.0822
68.1866,0.9611,4.1232
68.1868,0.9,3.8644
68.1870,0.8978,3.8497
68.1872,0.9381,4.0263
68.1874,0.9617,4.1238
68.1876,1.003,4.3027
68.1878,0.9634,4.1329
68.1880,0.8923,3.8332
68.1882,0.7645,3.2933
68.1884,0.6779,2.9203
68.1886,0.6879,2.9595
68.1888,0.7605,3.2732
68.1890,0.6891,2.9702
68.1892,0.6811,2.9301
68.1894,0.7357,3.1634
68.1896,0.7603,3.2752
68.1898,0.7203,3.0988
68.1900,0.7709,3.315
68.1902,0.6879,2.9623
68.1904,0.6595,2.8412
68.1906,0.6423,2.7669
68.1908,0.6417,2.7656
68.1910,0.6438,2.7749
68.1912,0.6423,2.7681
68.1914,0.6208,2.6719
68.1916,0.6754,2.9094
68.1918,0.6382,2.7518
68.1920,0.5912,2.5468
68.1922,0.6255,2.697
68.1924,0.6287,2.7097
68.1926,0.6018,2.5964
68.1928,0.5865,2.5255
68.1930,0.6533,2.8118
68.1932,0.6601,2.8425
68.1934,0.6264,2.6987
68.1936,0.6146,2.6487
68.1938,0.6131,2.6413
68.1940,0.6164,2.6565
68.1942,0.6622,2.8553
68.1944,0.5731,2.4722
68.1946,0.5267,2.272
68.1948,0.4957,2.1395
68.1950,0.494,2.1303
68.1952,0.5508,2.3749
68.1954,0.5098,2.2001
68.1956,0.5387,2.3238
68.1958,0.6012,2.5902
68.1960,0.6036,2.5981
68.1962,0.6442,2.7738
68.1964,0.6986,3.0069
68.1966,0.6888,2.9659
68.1968,0.625,2.6925
68.1970,0.5954,2.5661
68.1972,0.6005,2.5883
68.1974,0.5839,2.5129
68.1976,0.6251,2.6992
68.1978,0.5225,2.2539
68.1980,0.5818,2.5077
68.1982,0.5836,2.5131
68.1984,0.5803,2.4998
68.1986,0.5739,2.4747
68.1988,0.5769,2.4865
68.1990,0.5865,2.5255
68.1992,0.6456,2.7813
68.1994,0.6042,2.6067
68.1996,0.5587,2.4079
68.1998,0.5704,2.4563
68.2000,0.6319,2.7174
68.2002,0.6965,2.9934
68.2004,0.7877,3.3919
68.2006,0.6817,2.9395
68.2008,0.5646,2.4344
68.2010,0.5443,2.3481
68.2012,0.5461,2.3547
68.2014,0.546,2.3531
68.2016,0.5484,2.3646
68.2018,0.544,2.3459
68.2020,0.5415,2.3351
68.2022,0.6239,2.6816
68.2024,0.7106,3.0613
68.2026,0.5674,2.4468
68.2028,0.544,2.3459
68.2030,0.5288,2.2803
68.2032,0.5292,2.2808
68.2034,0.5331,2.3
68.2036,0.5349,2.3077
68.2038,0.5288,2.2782
68.2040,0.5162,2.227
68.2042,0.5144,2.2182
68.2044,0.578,2.4934
68.2046,0.5108,2.2037
68.2048,0.4659,2.0088
68.2050,0.4716,2.0346
68.2052,0.5172,2.2291
68.2054,0.5244,2.2601
68.2056,0.5359,2.3076
68.2058,0.5775,2.4914
68.2060,0.5606,2.4162
68.2062,0.5909,2.5422
68.2064,0.6154,2.6474
68.2066,0.617,2.6591
68.2068,0.4848,2.0924
68.2070,0.4609,1.9885
68.2072,0.4577,1.9737
68.2074,0.5196,2.2373
68.2076,0.6054,2.6107
68.2078,0.5352,2.3066
68.2080,0.5385,2.3211
68.2082,0.5661,2.4377
68.2084,0.6041,2.6002
68.2086,0.6117,2.6315
68.2088,0.6421,2.7599
68.2090,0.7267,3.1247
68.2092,0.6511,2.8038
68.2094,0.61,2.6279
68.2096,0.6309,2.714
68.2098,0.6781,2.9172
68.2100,0.6691,2.8786
68.2102,0.596,2.5651
68.2104,0.6212,2.6735
68.2106,0.6266,2.6967
68.2108,0.6021,2.5938
68.2110,0.568,2.4494
68.2112,0.5059,2.1815
68.2114,0.5021,2.166
68.2116,0.5016,2.1639
68.2118,0.4797,2.0683
68.2120,0.4771,2.0584
68.2122,0.4811,2.0735
68.2124,0.5532,2.383
68.2126,0.5118,2.2058
68.2128,0.5226,2.2544
68.2130,0.5276,2.273
68.2132,0.5689,2.4484
68.2134,0.6029,2.5962
68.2136,0.6028,2.5945
68.2138,0.6041,2.5977
68.2140,0.6447,2.7733
68.2142,0.6918,2.9761
68.2144,0.6589,2.8347
68.2146,0.6593,2.8376
68.2148,0.671,2.8841
68.2150,0.7414,3.1822
68.2152,0.8082,3.4737
68.2154,0.7306,3.1417
68.2156,0.7058,3.0336
68.2158,0.7374,3.1691
68.2160,0.7535,3.2357
68.2162,0.7775,3.3371
68.2164,0.8492,3.6432
68.2166,0.8679,3.7269
68.2168,0.7916,3.3942
68.2170,0.8744,3.7495
68.2172,0.9012,3.8678
68.2174,0.9184,3.9327
68.2176,0.9736,4.1689
68.2178,0.988,4.2305
68.2180,1.0013,4.2855
68.2182,0.9688,4.1522
68.2184,0.9582,4.1051
68.2186,1.0069,4.3157
68.2188,1.007,4.3121
68.2190,0.9643,4.1351
68.2192,0.9344,4.001
68.2194,1.0221,4.3768
68.2196,1.0486,4.4882
68.2198,1.008,4.3142
68.2200,1.069,4.5776
68.2202,1.0268,4.4071
68.2204,0.9432,4.0559
68.2206,0.8045,3.4545
68.2208,0.7835,3.366
68.2210,0.7347,3.1607
68.2212,0.7171,3.0863
68.2214,0.6776,2.9138
68.2216,0.713,3.0702
68.2218,0.6939,2.9881
68.2220,0.7074,3.0417
68.2222,0.78,3.3464
68.2224,0.8311,3.5722
68.2226,0.7486,3.2221
68.2228,0.7172,3.084
68.2230,0.7533,3.2377
68.2232,0.7353,3.1633
68.2234,0.7047,3.0346
68.2236,0.652,2.81
68.2238,0.6256,2.6925
68.2240,0.6438,2.7736
68.2242,0.6513,2.803
68.2244,0.6865,2.9534
68.2246,0.6642,2.8587
68.2248,0.657,2.8251
68.2250,0.7182,3.0924
68.2252,0.6826,2.9363
68.2254,0.7565,3.2501
68.2256,0.7628,3.2799
68.2258,0.729,3.1374
68.2260,0.6689,2.8802
68.2262,0.6642,2.8601
68.2264,0.6,2.5826
68.2266,0.6507,2.803
68.2268,0.666,2.8691
68.2270,0.7191,3.0965
68.2272,0.6839,2.9434
68.2274,0.6654,2.8692
68.2276,0.5924,2.5543
68.2278,0.5889,2.537
68.2280,0.6295,2.7083
68.2282,0.6739,2.9019
68.2284,0.6459,2.7836
68.2286,0.6523,2.8063
68.2288,0.7213,3.1102
68.2290,0.537,2.3144
68.2292,0.557,2.3996
68.2294,0.6186,2.6651
68.2296,0.6394,2.7545
68.2298,0.5885,2.5413
68.2300,0.5357,2.3087
68.2302,0.5343,2.303
68.2304,0.5741,2.47
68.2306,0.6345,2.7295
68.2308,0.6495,2.7965
68.2310,0.6523,2.8076
68.2312,0.6608,2.8443
68.2314,0.6419,2.7653
68.2316,0.6337,2.7302
68.2318,0.6341,2.7279
68.2320,0.6979,3.0024
68.2322,0.6942,2.9836
68.2324,0.7642,3.2846
68.2326,0.7595,3.2675
68.2328,0.7533,3.2362
68.2330,0.7749,3.332
68.2332,0.739,3.1808
68.2334,0.725,3.1189
68.2336,0.7233,3.1088
68.2338,0.7273,3.1273
68.2340,0.7309,3.1398
68.2342,0.7908,3.399
68.2344,0.8009,3.4407
68.2346,0.7682,3.3031
68.2348,0.7179,3.0899
68.2350,0.7137,3.0662
68.2352,0.8453,3.6279
68.2354,0.8471,3.639
68.2356,0.8545,3.6727
68.2358,0.7906,3.3964
68.2360,0.7481,3.217
68.2362,0.717,3.0858
68.2364,0.7111,3.0605
68.2366,0.6959,2.9964
68.2368,0.6708,2.8871
68.2370,0.6949,2.995
68.2372,0.6093,2.6272
68.2374,0.5676,2.4462
68.2376,0.555,2.393
68.2378,0.5628,2.4266
68.2380,0.6146,2.65
68.2382,0.5837,2.5159
68.2384,0.5942,2.5585
68.2386,0.6443,2.7756
68.2388,0.5782,2.491
68.2390,0.6339,2.7269
68.2392,0.6889,2.9651
68.2394,0.6927,2.983
68.2396,0.662,2.8521
68.2398,0.6029,2.5998
68.2400,0.5311,2.289
68.2402,0.5779,2.4894
68.2404,0.5746,2.4766
68.2406,0.5789,2.4918
68.2408,0.6192,2.6677
68.2410,0.5981,2.5756
68.2412,0.6337,2.7264
68.2414,0.707,3.0416
68.2416,0.7254,3.1205
68.2418,0.7132,3.067
68.2420,0.7585,3.2583
68.2422,0.711,3.0614
68.2424,0.6168,2.6573
68.2426,0.5933,2.5573
68.2428,0.54,2.3294
68.2430,0.4894,2.1121
68.2432,0.487,2.1018
68.2434,0.4823,2.0816
68.2436,0.4775,2.0599
68.2438,0.4806,2.0743
68.2440,0.4833,2.0848
68.2442,0.4842,2.0889
68.2444,0.4828,2.0837
68.2446,0.4783,2.0655
68.2448,0.4788,2.0675
68.2450,0.4807,2.0739
68.2452,0.4823,2.0797
68.2454,0.4991,2.151
68.2456,0.5485,2.3618
68.2458,0.5782,2.4898
68.2460,0.5572,2.4006
68.2462,0.5668,2.4453
68.2464,0.4988,2.152
68.2466,0.486,2.0957
68.2468,0.4924,2.1211
68.2470,0.5854,2.5208
68.2472,0.6266,2.6954
68.2474,0.6062,2.6089
68.2476,0.6092,2.6182
68.2478,0.7091,3.0461
68.2480,0.8017,3.4459
68.2482,0.798,3.4331
68.2484,0.683,2.9343
68.2486,0.7298,3.1352
68.2488,0.7576,3.2547
68.2490,0.7534,3.2352
68.2492,0.7902,3.3901
68.2494,0.829,3.5596
68.2496,0.8814,3.7793
68.2498,0.9594,4.1102
68.2500,0.9677,4.1418
68.2502,0.9645,4.1337
68.2504,0.929,3.9872
68.2506,0.9056,3.8814
68.2508,0.9008,3.8644
68.2510,0.858,3.6825
68.2512,0.8537,3.6639
68.2514,0.9097,3.9007
68.2516,0.9232,3.9551
68.2518,0.9576,4.1044
68.2520,0.9652,4.131
68.2522,0.9946,4.2607
68.2524,0.9693,4.1581
68.2526,0.9357,4.0104
68.2528,0.9858,4.2193
68.2530,1.0046,4.3019
68.2532,1.0158,4.3517
68.2534,0.9906,4.2497
68.2536,0.876,3.7632
68.2538,0.8199,3.527
68.2540,0.7561,3.2526
68.2542,0.7505,3.2258
68.2544,0.7983,3.431
68.2546,0.8353,3.5885
68.2548,0.8171,3.5102
68.2550,0.8298,3.5665
68.2552,0.7264,3.1266
68.2554,0.7526,3.2376
68.2556,0.721,3.099
68.2558,0.7727,3.3227
68.2560,0.7595,3.2675
68.2562,0.7276,3.1361
68.2564,0.6251,2.6917
68.2566,0.6445,2.7715
68.2568,0.6704,2.8829
68.2570,0.7411,3.1866
68.2572,0.7688,3.3134
68.2574,0.6507,2.8043
68.2576,0.5586,2.4074
68.2578,0.5955,2.5618
68.2580,0.696,2.9913
68.2582,0.7197,3.1049
68.2584,0.548,2.3619
68.2586,0.5708,2.4578
68.2588,0.6242,2.6864
68.2590,0.7194,3.099
68.2592,0.634,2.7325
68.2594,0.5951,2.565
68.2596,0.5918,2.5482
68.2598,0.5963,2.569
68.2600,0.6186,2.6638
68.2602,0.6254,2.6965
68.2604,0.5654,2.438
68.2606,0.5649,2.4382
68.2608,0.5872,2.5309
68.2610,0.5552,2.3951
68.2612,0.5005,2.1582
68.2614,0.54,2.3294
68.2616,0.5553,2.3923
68.2618,0.5539,2.3883
68.2620,0.4936,2.1302
68.2622,0.492,2.1245
68.2624,0.4842,2.0908
68.2626,0.4908,2.1164
68.2628,0.5083,2.1919
68.2630,0.4821,2.0834
68.2632,0.4126,1.7825
68.2634,0.4143,1.7865
68.2636,0.539,2.3221
68.2638,0.5734,2.4738
68.2640,0.5655,2.4362
68.2642,0.558,2.4048
68.2644,0.562,2.4224
68.2646,0.5595,2.4104
68.2648,0.5596,2.412
68.2650,0.5785,2.4897
68.2652,0.6566,2.8249
68.2654,0.6715,2.8889
68.2656,0.6942,2.9864
68.2658,0.7183,3.0929
68.2660,0.6058,2.6122
68.2662,0.5421,2.3377
68.2664,0.5395,2.3274
68.2666,0.5331,2.2989
68.2668,0.5306,2.288
68.2670,0.5448,2.348
68.2672,0.5493,2.3687
68.2674,0.5311,2.2901
68.2676,0.5337,2.3015
68.2678,0.5514,2.3731
68.2680,0.6377,2.7421
68.2682,0.6996,3.0082
68.2684,0.7371,3.174
68.2686,0.6009,2.5886
68.2688,0.5546,2.3892
68.2690,0.5547,2.392
68.2692,0.5508,2.376
68.2694,0.5779,2.486
68.2696,0.6279,2.7061
68.2698,0.5614,2.4198
68.2700,0.571,2.4566
68.2702,0.6286,2.7067
68.2704,0.5819,2.5047
68.2706,0.5805,2.5031
68.2708,0.5015,2.1644
68.2710,0.4763,2.0557
68.2712,0.4637,2.0004
68.2714,0.448,1.9327
68.2716,0.4486,1.9353
68.2718,0.4592,1.9808
68.2720,0.486,2.0937
68.2722,0.5606,2.4128
68.2724,0.6295,2.7121
68.2726,0.5961,2.5668
68.2728,0.6188,2.6594
68.2730,0.687,2.9527
68.2732,0.7353,3.1604
68.2734,0.7168,3.0796
68.2736,0.7321,3.1479
68.2738,0.7232,3.1127
68.2740,0.6261,2.6959
68.2742,0.5574,2.4022
68.2744,0.5962,2.5661
68.2746,0.6889,2.9595
68.2748,0.7525,3.2311
68.2750,0.7395,3.1814
68.2752,0.7326,3.1485
68.2754,0.7246,3.1116
68.2756,0.7414,3.1896
68.2758,0.7364,3.168
68.2760,0.7079,3.0438
68.2762,0.6548,2.8185
68.2764,0.6174,2.6587
68.2766,0.6162,2.6511
68.2768,0.6226,2.6796
68.2770,0.5972,2.5726
68.2772,0.5987,2.5781
68.2774,0.566,2.4428
68.2776,0.4873,2.1033
68.2778,0.4835,2.0848
68.2780,0.4854,2.0931
68.2782,0.4933,2.1282
68.2784,0.4936,2.1273
68.2786,0.5385,2.3189
68.2788,0.5811,2.5046
68.2790,0.519,2.2368
68.2792,0.4957,2.1376
68.2794,0.4926,2.1251
68.2796,0.4863,2.0977
68.2798,0.4886,2.1051
68.2800,0.4818,2.0776
68.2802,0.511,2.2012
68.2804,0.5716,2.458
68.2806,0.6339,2.7282
68.2808,0.6113,2.6336
68.2810,0.5894,2.5402
68.2812,0.5965,2.5671
68.2814,0.6015,2.5888
68.2816,0.5997,2.5799
68.2818,0.6715,2.8835
68.2820,0.7541,3.2383
68.2822,0.7448,3.2011
68.2824,0.7052,3.0296
68.2826,0.7617,3.2738
68.2828,0.7952,3.4176
68.2830,0.7798,3.3453
68.2832,0.8224,3.5296
68.2834,0.8569,3.6727
68.2836,0.9441,4.0407
68.2838,0.9879,4.226
68.2840,0.9897,4.2397
68.2842,0.9738,4.1738
68.2844,1.0116,4.3377
68.2846,0.9347,4.0063
68.2848,0.9202,3.9441
68.2850,0.8802,3.7742
68.2852,0.8828,3.7872
68.2854,0.8581,3.683
68.2856,0.8369,3.5952
68.2858,0.8097,3.4767
68.2860,0.8453,3.6279
68.2862,0.9279,3.9788
68.2864,0.8838,3.7949
68.2866,0.8019,3.4448
68.2868,0.7545,3.2413
68.2870,0.7431,3.1939
68.2872,0.7727,3.3196
68.2874,0.7865,3.3836
68.2876,0.6671,2.8711
68.2878,0.7041,3.0264
68.2880,0.7754,3.3325
68.2882,0.7575,3.2542
68.2884,0.8005,3.4359
68.2886,0.7878,3.3893
68.2888,0.7415,3.1857
68.2890,0.7685,3.3062
68.2892,0.7128,3.0663
68.2894,0.7047,3.0318
68.2896,0.6935,2.9805
68.2898,0.7052,3.0338
68.2900,0.7167,3.0819
68.2902,0.7281,3.1295
68.2904,0.6821,2.9384
68.2906,0.6624,2.8523
68.2908,0.6798,2.9245
68.2910,0.6587,2.8363
68.2912,0.6358,2.7377
68.2914,0.677,2.9085
68.2916,0.7403,3.1835
68.2918,0.6673,2.8762
68.2920,0.5879,2.534
68.2922,0.605,2.6074
68.2924,0.6424,2.7648
68.2926,0.6712,2.886
68.2928,0.7067,3.0372
68.2930,0.7738,3.3258
68.2932,0.7284,3.1319
68.2934,0.7332,3.1482
68.2936,0.7439,3.1975
68.2938,0.7461,3.2083
68.2940,0.7549,3.2489
68.2942,0.712,3.0618
68.2944,0.6866,2.9552
68.2946,0.6618,2.8484
68.2948,0.6537,2.8094
68.2950,0.7782,3.3418
68.2952,0.8016,3.447
68.2954,0.7513,3.2304
68.2956,0.7055,3.0349
68.2958,0.7353,3.1589
68.2960,0.7496,3.2232
68.2962,0.7797,3.3542
68.2964,0.6829,2.9365
68.2966,0.6479,2.7898
68.2968,0.6324,2.7232
68.2970,0.6592,2.8384
68.2972,0.6613,2.845
68.2974,0.6619,2.8502
68.2976,0.6634,2.8551
68.2978,0.6748,2.9068
68.2980,0.6198,2.6702
68.2982,0.66,2.8394
68.2984,0.745,3.2051
68.2986,0.782,3.3562
68.2988,0.8454,3.6352
68.2990,0.7802,3.3547
68.2992,0.7385,3.1743
68.2994,0.6927,2.9816
68.2996,0.6323,2.7227
68.2998,0.63,2.7142
68.3000,0.6323,2.7214
68.3002,0.6288,2.7115
68.3004,0.6142,2.6484
68.3006,0.6136,2.6422
68.3008,0.6144,2.647
68.3010,0.622,2.6796
68.3012,0.6208,2.6744
68.3014,0.616,2.6488
68.3016,0.6902,2.9624
68.3018,0.863,3.7058
68.3020,0.8194,3.5233
68.3022,0.6931,2.9859
68.3024,0.6018,2.594
68.3026,0.6358,2.7364
68.3028,0.6112,2.6343
68.3030,0.553,2.3869
68.3032,0.544,2.3459
68.3034,0.5426,2.3397
68.3036,0.5439,2.3465
68.3038,0.5451,2.3517
68.3040,0.5467,2.3573
68.3042,0.5427,2.3403
68.3044,0.54,2.3273
68.3046,0.5424,2.3365
68.3048,0.5664,2.4342
68.3050,0.6953,2.9938
68.3052,0.5818,2.5077
68.3054,0.5731,2.4688
68.3056,0.6419,2.7615
68.3058,0.6896,2.964
68.3060,0.7026,3.0197
68.3062,0.7058,3.0421
68.3064,0.6032,2.596
68.3066,0.639,2.7529
68.3068,0.5801,2.5027
68.3070,0.5629,2.4249
68.3072,0.557,2.4007
68.3074,0.5494,2.3659
68.3076,0.621,2.6754
68.3078,0.6463,2.7818
68.3080,0.6349,2.7315
68.3082,0.684,2.9384
68.3084,0.7135,3.0723
68.3086,0.6948,2.9876
68.3088,0.7459,3.2087
68.3090,0.7062,3.0351
68.3092,0.7477,3.2165
68.3094,0.6896,2.9681
68.3096,0.6644,2.8558
68.3098,0.7165,3.0823
68.3100,0.6793,2.9238
68.3102,0.6763,2.9136
68.3104,0.6694,2.8809
68.3106,0.7013,3.0154
68.3108,0.6975,3.0022
68.3110,0.6192,2.6652
68.3112,0.659,2.8339
68.3114,0.7051,3.0333
68.3116,0.7031,3.0274
68.3118,0.6281,2.7046
68.3120,0.6433,2.7702
68.3122,0.624,2.6858
68.3124,0.6546,2.8201
68.3126,0.6333,2.7256
68.3128,0.6863,2.951
68.3130,0.62,2.6695
68.3132,0.6689,2.8802
68.3134,0.6688,2.8824
68.3136,0.5935,2.5554
68.3138,0.6408,2.7607
68.3140,0.646,2.779
68.3142,0.6383,2.7473
68.3144,0.68,2.9269
68.3146,0.68,2.9241
68.3148,0.7286,3.133
68.3150,0.7544,3.2438
68.3152,0.7527,3.2291
68.3154,0.8254,3.5458
68.3156,0.8448,3.6191
68.3158,0.9056,3.8796
68.3160,0.9527,4.0814
68.3162,0.9904,4.2348
68.3164,1.0692,4.576
68.3166,1.1355,4.8598
68.3168,1.1369,4.8614
68.3170,1.0704,4.5897
68.3172,0.9623,4.1264
68.3174,0.9828,4.2104
68.3176,0.9587,4.1148
68.3178,0.9287,3.9787
68.3180,0.9845,4.2195
68.3182,0.9822,4.2157
68.3184,0.9226,3.9562
68.3186,1.0217,4.3768
68.3188,1.0407,4.4564
68.3190,1.0594,4.5365
68.3192,1.0599,4.5386
68.3194,1.1164,4.7782
68.3196,1.1166,4.7815
68.3198,1.02,4.3798
68.3200,0.8371,3.6013
68.3202,0.8079,3.4754
68.3204,0.8073,3.468
68.3206,0.8273,3.5573
68.3208,0.811,3.4872
68.3210,0.7678,3.3
68.3212,0.8061,3.4645
68.3214,0.8577,3.6917
68.3216,0.7824,3.3661
68.3218,0.736,3.1649
68.3220,0.746,3.2092
68.3222,0.7257,3.1235
68.3224,0.7282,3.1314
68.3226,0.771,3.3186
68.3228,0.7393,3.1877
68.3230,0.5701,2.4581
68.3232,0.5712,2.4639
68.3234,0.5876,2.5348
68.3236,0.5781,2.4905
68.3238,0.6426,2.7658
68.3240,0.6407,2.7589
68.3242,0.6773,2.9163
68.3244,0.6629,2.8584
68.3246,0.5981,2.5791
68.3248,0.5493,2.3698
68.3250,0.5744,2.4791
68.3252,0.5695,2.4544
68.3254,0.5698,2.4537
68.3256,0.6134,2.6411
68.3258,0.5986,2.5812
68.3260,0.61,2.6303
68.3262,0.6012,2.5938
68.3264,0.5853,2.5238
68.3266,0.5575,2.4039
68.3268,0.5919,2.5546
68.3270,0.5346,2.3072
68.3272,0.4907,2.1178
68.3274,0.4825,2.0845
68.3276,0.4793,2.0686
68.3278,0.489,2.1106
68.3280,0.5066,2.1856
68.3282,0.5888,2.5376
68.3284,0.6092,2.6255
68.3286,0.5629,2.4282
68.3288,0.4982,2.1494
68.3290,0.4365,1.8848
68.3292,0.4377,1.8899
68.3294,0.5077,2.1872
68.3296,0.586,2.5257
68.3298,0.6451,2.7741
68.3300,0.7085,3.0463
68.3302,0.7315,3.1512
68.3304,0.6595,2.8386
68.3306,0.6737,2.9009
68.3308,0.5963,2.5726
68.3310,0.5571,2.4034
68.3312,0.5658,2.4373
68.3314,0.5725,2.4685
68.3316,0.6286,2.7017
68.3318,0.7733,3.3268
68.3320,0.6865,2.9534
68.3322,0.7132,3.067
68.3324,0.7188,3.0936
68.3326,0.6568,2.828
68.3328,0.651,2.8033
68.3330,0.6559,2.8218
68.3332,0.7076,3.0442
68.3334,0.7268,3.1267
68.3336,0.7306,3.1403
68.3338,0.7395,3.1769
68.3340,0.7701,3.3145
68.3342,0.6828,2.9442
68.3344,0.6231,2.6854
68.3346,0.645,2.7736
68.3348,0.7137,3.0747
68.3350,0.6841,2.9458
68.3352,0.6808,2.9272
68.3354,0.7183,3.0886
68.3356,0.72,3.1002
68.3358,0.6812,2.9307
68.3360,0.7172,3.0912
68.3362,0.5701,2.4604
68.3364,0.4785,2.066
68.3366,0.4738,2.0448
68.3368,0.5058,2.178
68.3370,0.571,2.4657
68.3372,0.4708,2.031
68.3374,0.4661,2.0126
68.3376,0.465,2.0071
68.3378,0.4667,2.0152
68.3380,0.4618,1.994
68.3382,0.4606,1.987
68.3384,0.4612,1.9886
68.3386,0.4863,2.0977
68.3388,0.5384,2.3184
68.3390,0.5863,2.5233
68.3392,0.6164,2.654
68.3394,0.5955,2.5654
68.3396,0.6045,2.6017
68.3398,0.6135,2.6466
68.3400,0.4988,2.153
68.3402,0.5066,2.1836
68.3404,0.566,2.4394
68.3406,0.5269,2.2709
68.3408,0.5779,2.4883
68.3410,0.6053,2.6065
68.3412,0.5864,2.5285
68.3414,0.5873,2.5291
68.3416,0.6483,2.7875
68.3418,0.6732,2.8988
68.3420,0.6301,2.7134
68.3422,0.6497,2.7937
68.3424,0.6888,2.9618
68.3426,0.6715,2.8929
68.3428,0.6018,2.5952
68.3430,0.5209,2.2472
68.3432,0.4849,2.0939
68.3434,0.4811,2.0764
68.3436,0.4839,2.0864
68.3438,0.4849,2.092
68.3440,0.4797,2.0692
68.3442,0.4813,2.0755
68.3444,0.4843,2.0894
68.3446,0.4809,2.0734
68.3448,0.481,2.0749
68.3450,0.4786,2.0655
68.3452,0.4781,2.0616
68.3454,0.4822,2.0791
68.3456,0.484,2.0869
68.3458,0.5084,2.1914
68.3460,0.5281,2.2708
68.3462,0.6321,2.7179
68.3464,0.6816,2.9322
68.3466,0.6956,2.9898
68.3468,0.7212,3.0996
68.3470,0.7266,3.1257
68.3472,0.6626,2.852
68.3474,0.6246,2.6834
68.3476,0.693,2.9812
68.3478,0.6665,2.8645
68.3480,0.6537,2.8133
68.3482,0.6263,2.6931
68.3484,0.7043,3.0241
68.3486,0.745,3.2051
68.3488,0.716,3.076
68.3490,0.7824,3.3582
68.3492,0.8027,3.442
68.3494,0.8502,3.649
68.3496,0.8032,3.4505
68.3498,0.8026,3.4447
68.3500,0.9013,3.8593
68.3502,0.9772,4.1843
68.3504,0.9666,4.1468
68.3506,0.9327,3.9956
68.3508,0.941,4.0367
68.3510,0.8299,3.5637
68.3512,0.8492,3.6432
68.3514,0.9054,3.884
68.3516,0.8853,3.798
68.3518,0.9344,4.0028
68.3520,0.9232,3.9606
68.3522,0.8803,3.7764
68.3524,0.9236,3.964
68.3526,0.9351,4.0078
68.3528,0.9578,4.1088
68.3530,0.8684,3.7307
68.3532,0.8429,3.6176
68.3534,0.8972,3.8472
68.3536,0.9072,3.8917
68.3538,0.9031,3.8724
68.3540,0.9018,3.8703
68.3542,0.9042,3.886
68.3544,0.8274,3.5529
68.3546,0.8509,3.6487
68.3548,0.9013,3.8665
68.3550,0.864,3.7082
68.3552,0.8844,3.7904
68.3554,0.9195,3.9355
68.3556,0.9725,4.1681
68.3558,0.9814,4.2081
68.3560,0.9632,4.13
68.3562,0.9187,3.9466
68.3564,0.8087,3.4758
68.3566,0.7513,3.2334
68.3568,0.7336,3.1576
68.3570,0.6836,2.9464
68.3572,0.6557,2.8221
68.3574,0.6643,2.8593
68.3576,0.6619,2.8542
68.3578,0.5962,2.5685
68.3580,0.6261,2.6959
68.3582,0.6136,2.6446
68.3584,0.5718,2.4631
68.3586,0.5679,2.4488
68.3588,0.59,2.5404
68.3590,0.6622,2.8486
68.3592,0.7203,3.1046
68.3594,0.6662,2.8715
68.3596,0.5939,2.5599
68.3598,0.5745,2.4773
68.3600,0.5761,2.4828
68.3602,0.5806,2.5013
68.3604,0.5897,2.5418
68.3606,0.6197,2.6673
68.3608,0.6947,2.9884
68.3610,0.7366,3.1734
68.3612,0.6531,2.8068
68.3614,0.7744,3.3268
68.3616,0.7538,3.2443
68.3618,0.6412,2.7648
68.3620,0.5397,2.3284
68.3622,0.5282,2.2798
68.3624,0.5289,2.2819
68.3626,0.5289,2.2819
68.3628,0.5334,2.2989
68.3630,0.6034,2.5971
68.3632,0.6556,2.8229
68.3634,0.6411,2.7591
68.3636,0.6396,2.7542
68.3638,0.6439,2.7741
68.3640,0.6444,2.7749
68.3642,0.6405,2.7578
68.3644,0.6545,2.8169
68.3646,0.7362,3.1581
68.3648,0.8412,3.6104
68.3650,0.8326,3.575
68.3652,0.8267,3.5581
68.3654,0.6842,2.9463
68.3656,0.63,2.7142
68.3658,0.6249,2.6932
68.3660,0.622,2.6796
68.3662,0.6275,2.7021
68.3664,0.6246,2.6909
68.3666,0.6226,2.6809
68.3668,0.6568,2.828
68.3670,0.6566,2.8275
68.3672,0.6242,2.6888
68.3674,0.6212,2.6759
68.3676,0.6468,2.7839
68.3678,0.6722,2.8906
68.3680,0.7639,3.2815
68.3682,0.7134,3.0732
68.3684,0.6272,2.698
68.3686,0.6848,2.9461
68.3688,0.6997,3.0143
68.3690,0.6757,2.9056
68.3692,0.7186,3.0988
68.3694,0.5762,2.4857
68.3696,0.5643,2.4299
68.3698,0.5947,2.5606
68.3700,0.6623,2.8505
68.3702,0.66,2.8367
68.3704,0.6967,2.9986
68.3706,0.689,2.9669
68.3708,0.5863,2.5268
68.3710,0.5817,2.5071
68.3712,0.6212,2.6722
68.3714,0.7115,3.0607
68.3716,0.6336,2.7309
68.3718,0.5593,2.4105
68.3720,0.5943,2.5543
68.3722,0.6772,2.9158
68.3724,0.6798,2.9272
68.3726,0.6551,2.8208
68.3728,0.6357,2.7321
68.3730,0.723,3.1044
68.3732,0.8056,3.4592
68.3734,0.8244,3.54
68.3736,0.8297,3.5643
68.3738,0.8056,3.4624
68.3740,0.7805,3.3547
68.3742,0.7609,3.2702
68.3744,0.7797,3.3495
68.3746,0.8441,3.6211
68.3748,0.8965,3.8477
68.3750,0.8755,3.7576
68.3752,0.8442,3.625
68.3754,0.8276,3.5622
68.3756,0.682,2.9406
68.3758,0.5966,2.5712
68.3760,0.5822,2.5092
68.3762,0.5795,2.4978
68.3764,0.586,2.5246
68.3766,0.6015,2.59
68.3768,0.6026,2.5959
68.3770,0.6352,2.7376
68.3772,0.6065,2.6141
68.3774,0.6281,2.7072
68.3776,0.5473,2.3588
68.3778,0.6015,2.5924
68.3780,0.5913,2.5485
68.3782,0.5174,2.2322
68.3784,0.4845,2.0909
68.3786,0.4804,2.0743
68.3788,0.4855,2.0946
68.3790,0.4816,2.0775
68.3792,0.4798,2.0698
68.3794,0.4876,2.1024
68.3796,0.558,2.4026
68.3798,0.6138,2.642
68.3800,0.5897,2.5441
68.3802,0.5096,2.1986
68.3804,0.5093,2.196
68.3806,0.5124,2.2094
68.3808,0.5505,2.3717
68.3810,0.5798,2.4954
68.3812,0.6822,2.9334
68.3814,0.7374,3.1677
68.3816,0.7357,3.1605
68.3818,0.7575,3.2557
68.3820,0.8075,3.4706
68.3822,0.8045,3.4529
68.3824,0.8501,3.6468
68.3826,0.8708,3.7375
68.3828,0.8904,3.8143
68.3830,0.9947,4.2592
68.3832,0.9825,4.2108
68.3834,0.9637,4.1306
68.3836,0.987,4.2303
68.3838,0.9819,4.2082
68.3840,0.9687,4.1498
68.3842,0.9771,4.1916
68.3844,0.9364,4.0116
68.3846,0.9679,4.1467
68.3848,1.0056,4.308
68.3850,0.9912,4.2483
68.3852,1.0166,4.3491
68.3854,1.1132,4.7643
68.3856,1.0996,4.7019
68.3858,1.1055,4.7359
68.3860,1.0557,4.5227
68.3862,0.9591,4.1221
68.3864,0.7672,3.299
68.3866,0.7445,3.203
68.3868,0.7439,3.2034
68.3870,0.7651,3.2882
68.3872,0.7616,3.2793
68.3874,0.6734,2.8931
68.3876,0.7913,3.3995
68.3878,0.7984,3.4283
68.3880,0.8535,3.6703
68.3882,0.8292,3.5639
68.3884,0.8597,3.6948
68.3886,0.8142,3.4979
68.3888,0.8075,3.4706
68.3890,0.8431,3.622
68.3892,0.8432,3.6242
68.3894,0.8143,3.5
68.3896,0.7491,3.2271
68.3898,0.6667,2.8736
68.3900,0.6731,2.8983
68.3902,0.7184,3.0891
68.3904,0.7471,3.2184
68.3906,0.6955,2.9976
68.3908,0.6441,2.7785
68.3910,0.6221,2.6826
68.3912,0.5848,2.5171
68.3914,0.6757,2.9083
68.3916,0.6901,2.9757
68.3918,0.64,2.7558
68.3920,0.672,2.8963
68.3922,0.6544,2.819
68.3924,0.5743,2.4785
68.3926,0.5217,2.2519
68.3928,0.5235,2.2565
68.3930,0.5733,2.471
68.3932,0.5978,2.574
68.3934,0.666,2.8678
68.3936,0.6694,2.8836
68.3938,0.6608,2.8496
68.3940,0.5831,2.5133
68.3942,0.5583,2.4064
68.3944,0.5787,2.4942
68.3946,0.5979,2.5745
68.3948,0.6493,2.7973
68.3950,0.6272,2.703
68.3952,0.598,2.5786
68.3954,0.5479,2.3625
68.3956,0.551,2.3759
68.3958,0.5535,2.3879
68.3960,0.5227,2.2529
68.3962,0.5799,2.5005
68.3964,0.5548,2.3936
68.3966,0.5759,2.4823
68.3968,0.563,2.4276
68.3970,0.56,2.4136
68.3972,0.565,2.4342
68.3974,0.5632,2.4275
68.3976,0.5759,2.48
68.3978,0.6491,2.7872
68.3980,0.813,3.4878
68.3982,0.8597,3.7
68.3984,0.7447,3.2021
68.3986,0.6887,2.9695
68.3988,0.5701,2.4593
68.3990,0.5399,2.3278
68.3992,0.5405,2.3304
68.3994,0.5395,2.3274
68.3996,0.5417,2.3378
68.3998,0.5382,2.3195
68.4000,0.5551,2.3924
68.4002,0.5516,2.3796
68.4004,0.5499,2.3713
68.4006,0.5455,2.35
68.4008,0.5481,2.3624
68.4010,0.5973,2.5743
68.4012,0.6074,2.6165
68.4014,0.6131,2.6389
68.4016,0.6357,2.7423
68.4018,0.5226,2.2544
68.4020,0.5297,2.2818
68.4022,0.5643,2.4322
68.4024,0.5587,2.4113
68.4026,0.4739,2.0454
68.4028,0.4648,2.0051
68.4030,0.4629,1.9987
68.4032,0.462,1.995
68.4034,0.4656,2.0087
68.4036,0.4653,2.0072
68.4038,0.4632,1.9993
68.4040,0.4604,1.9869
68.4042,0.4614,1.9897
68.4044,0.4662,2.0113
68.4046,0.4681,2.0214
68.4048,0.4648,2.006
68.4050,0.4625,1.9943
68.4052,0.4958,2.1381
68.4054,0.5467,2.3562
68.4056,0.5809,2.5012
68.4058,0.5915,2.5472
68.4060,0.5604,2.4107
68.4062,0.5572,2.405
68.4064,0.4885,2.1075
68.4066,0.5279,2.274
68.4068,0.5551,2.3902
68.4070,0.5883,2.5332
68.4072,0.6002,2.5843
68.4074,0.6293,2.7085
68.4076,0.6083,2.6207
68.4078,0.609,2.6189
68.4080,0.6975,2.9952
68.4082,0.7618,3.2788
68.4084,0.6601,2.8438
68.4086,0.6086,2.6193
68.4088,0.5872,2.5262
68.4090,0.6198,2.6641
68.4092,0.6814,2.9298
68.4094,0.7288,3.1355
68.4096,0.6343,2.7328
68.4098,0.5439,2.3454
68.4100,0.4951,2.135
68.4102,0.5135,2.2131
68.4104,0.5476,2.3571
68.4106,0.6009,2.5862
68.4108,0.6292,2.7093
68.4110,0.6544,2.8138
68.4112,0.6854,2.9432
68.4114,0.6867,2.9544
68.4116,0.6208,2.6769
68.4118,0.5496,2.3697
68.4120,0.5734,2.468
68.4122,0.6071,2.6106
68.4124,0.626,2.6941
68.4126,0.6884,2.9589
68.4128,0.7086,3.0469
68.4130,0.6547,2.8193
68.4132,0.6324,2.722
68.4134,0.6932,2.9795
68.4136,0.6537,2.8146
68.4138,0.5774,2.4862
68.4140,0.6306,2.7142
68.4142,0.6461,2.7756
68.4144,0.7264,3.1208
68.4146,0.7702,3.3088
68.4148,0.7872,3.382
68.4150,0.7714,3.3109
68.4152,0.8539,3.6667
68.4154,0.8338,3.5768
68.4156,0.8646,3.7073
68.4158,0.8468,3.6346
68.4160,0.8823,3.7852
68.4162,0.9332,3.994
68.4164,0.9881,4.233
68.4166,1.0133,4.3449
68.4168,0.9681,4.1491
68.4170,0.9213,3.9487
68.4172,0.9297,3.9865
68.4174,0.9178,3.9356
68.4176,0.9002,3.8582
68.4178,0.9449,4.0518
68.4180,0.9237,3.9664
68.4182,0.9195,3.941
68.4184,0.9677,4.1495
68.4186,0.9183,3.9395
68.4188,0.9353,4.0107
68.4190,0.9054,3.8894
68.4192,0.787,3.3841
68.4194,0.7437,3.1979
68.4196,0.7443,3.202
68.4198,0.73,3.1421
68.4200,0.7326,3.1471
68.4202,0.8374,3.5939
68.4204,0.8363,3.5977
68.4206,0.7413,3.1861
68.4208,0.7844,3.3743
68.4210,0.7275,3.1312
68.4212,0.7128,3.0678
68.4214,0.7333,3.1501
68.4216,0.7971,3.4242
68.4218,0.85,3.6497
68.4220,0.8336,3.5847
68.4222,0.758,3.2593
68.4224,0.7303,3.1416
68.4226,0.7041,3.0306
68.4228,0.7152,3.0824
68.4230,0.658,2.8306
68.4232,0.7206,3.0999
68.4234,0.7487,3.2196
68.4236,0.7414,3.1896
68.4238,0.7081,3.0448
68.4240,0.7143,3.0759
68.4242,0.6045,2.6041
68.4244,0.6279,2.7061
68.4246,0.6178,2.6615
68.4248,0.661,2.8448
68.4250,0.6637,2.8553
68.4252,0.7085,3.0478
68.4254,0.7198,3.0996
68.4256,0.6707,2.8906
68.4258,0.5678,2.4495
68.4260,0.569,2.4535
68.4262,0.6201,2.67
68.4264,0.66,2.8433
68.4266,0.5968,2.5735
68.4268,0.5582,2.4081
68.4270,0.5424,2.3376
68.4272,0.5532,2.383
68.4274,0.5718,2.4654
68.4276,0.5799,2.4959
68.4278,0.6531,2.8133
68.4280,0.5851,2.5251
68.4282,0.4879,2.1049
68.4284,0.5409,2.3347
68.4286,0.524,2.2596
68.4288,0.5257,2.2647
68.4290,0.5863,2.5244
68.4292,0.6557,2.8221
68.4294,0.7017,3.0189
68.4296,0.6932,2.9864
68.4298,0.6552,2.8213
68.4300,0.6607,2.8451
68.4302,0.6618,2.8471
68.4304,0.68,2.9214
68.4306,0.7401,3.181
68.4308,0.7579,3.2527
68.4310,0.8762,3.7607
68.4312,0.8817,3.7808
68.4314,0.9163,3.9344
68.4316,0.8153,3.5025
68.4318,0.825,3.5409
68.4320,0.8461,3.6332
68.4322,0.8697,3.7329
68.4324,0.888,3.8129
68.4326,0.8531,3.6699
68.4328,0.7401,3.1839
68.4330,0.738,3.1776
68.4332,0.7234,3.1137
68.4334,0.7393,3.1759
68.4336,0.7733,3.3268
68.4338,0.7108,3.0581
68.4340,0.7009,3.0139
68.4342,0.7546,3.2418
68.4344,0.852,3.6584
68.4346,0.8527,3.6649
68.4348,0.8158,3.5046
68.4350,0.7603,3.2737
68.4352,0.675,2.9065
68.4354,0.6532,2.8126
68.4356,0.6513,2.8043
68.4358,0.6691,2.8839
68.4360,0.5823,2.5086
68.4362,0.5517,2.3801
68.4364,0.553,2.3858
68.4366,0.5618,2.4213
68.4368,0.55,2.3718
68.4370,0.5463,2.3569
68.4372,0.5497,2.3691
68.4374,0.5514,2.3775
68.4376,0.563,2.4243
68.4378,0.6348,2.7361
68.4380,0.574,2.4752
68.4382,0.5476,2.3615
68.4384,0.5571,2.3978
68.4386,0.6498,2.7981
68.4388,0.6641,2.8569
68.4390,0.6882,2.962
68.4392,0.6799,2.9304
68.4394,0.6099,2.631
68.4396,0.5668,2.4419
68.4398,0.6135,2.6453
68.4400,0.586,2.5246
68.4402,0.6461,2.7808
68.4404,0.6867,2.9544
68.4406,0.681,2.931
68.4408,0.6851,2.9485
68.4410,0.7413,3.1861
68.4412,0.775,3.3325
68.4414,0.7197,3.0977
68.4416,0.7028,3.0221
68.4418,0.7451,3.2026
68.4420,0.7413,3.1906
68.4422,0.6972,3.0007
68.4424,0.6885,2.9663
68.4426,0.6376,2.7454
68.4428,0.5948,2.5682
68.4430,0.4894,2.1111
68.4432,0.4849,2.093
68.4434,0.4837,2.0868
68.4436,0.4877,2.1058
68.4438,0.4842,2.0889
68.4440,0.4846,2.0934
68.4442,0.4848,2.0934
68.4444,0.5022,2.1645
68.4446,0.5524,2.3832
68.4448,0.4897,2.1137
68.4450,0.4792,2.0672
68.4452,0.4799,2.0712
68.4454,0.4837,2.0878
68.4456,0.4842,2.0889
68.4458,0.563,2.4265
68.4460,0.5933,2.5573
68.4462,0.53,2.2876
68.4464,0.5029,2.1716
68.4466,0.4897,2.1117
68.4468,0.4839,2.0873
68.4470,0.4992,2.1506
68.4472,0.5503,2.3695
68.4474,0.5824,2.5044
68.4476,0.7219,3.107
68.4478,0.6925,2.9791
68.4480,0.684,2.9412
68.4482,0.7104,3.0518
68.4484,0.7565,3.2486
68.4486,0.7623,3.2718
68.4488,0.827,3.548
68.4490,0.8412,3.6138
68.4492,0.8043,3.4519
68.4494,0.8646,3.7142
68.4496,0.8654,3.7109
68.4498,0.8954,3.8341
68.4500,0.9285,3.9758
68.4502,0.9768,4.1808
68.4504,1.0048,4.3044
68.4506,0.9646,4.14
68.4508,0.9725,4.1662
68.4510,1.0199,4.3589
68.4512,1.1226,4.7981
68.4514,1.1302,4.835
68.4516,1.0761,4.6101
68.4518,1.0333,4.4246
68.4520,0.9954,4.2683
68.4522,0.9761,4.1836
68.4524,0.9941,4.2686
68.4526,0.8436,3.6241
68.4528,0.8336,3.5797
68.4530,0.8384,3.6003
68.4532,0.8151,3.5031
68.4534,0.8577,3.6849
68.4536,0.7901,3.4007
68.4538,0.7237,3.1118
68.4540,0.7931,3.4088
68.4542,0.8358,3.5873
68.4544,0.826,3.5484
68.4546,0.8405,3.6107
68.4548,0.8097,3.4783
68.4550,0.7997,3.4355
68.4552,0.8344,3.5844
68.4554,0.8382,3.6026
68.4556,0.8622,3.7022
68.4558,0.8374,3.6057
68.4560,0.6843,2.9441
68.4562,0.6927,2.9802
68.4564,0.7125,3.0681
68.4566,0.6678,2.8782
68.4568,0.5937,2.56
68.4570,0.5745,2.4773
68.4572,0.6134,2.6424
68.4574,0.656,2.821
68.4576,0.6841,2.9471
68.4578,0.6216,2.678
68.4580,0.6498,2.7955
68.4582,0.6414,2.7632
68.4584,0.6511,2.8077
68.4586,0.5967,2.5705
68.4588,0.6206,2.6696
68.4590,0.6393,2.7578
68.4592,0.5276,2.2772
68.4594,0.4948,2.1354
68.4596,0.5011,2.1618
68.4598,0.5411,2.3341
68.4600,0.4975,2.1473
68.4602,0.4954,2.14
68.4604,0.478,2.0639
68.4606,0.5383,2.3179
68.4608,0.6478,2.7893
68.4610,0.5839,2.5176
68.4612,0.5377,2.3196
68.4614,0.5069,2.1907
68.4616,0.4316,1.8661
68.4618,0.4238,1.8282
68.4620,0.5167,2.2249
68.4622,0.6304,2.7182
68.4624,0.5628,2.4255
68.4626,0.5383,2.3211
68.4628,0.5499,2.3713
68.4630,0.5528,2.3837
68.4632,0.5545,2.392
68.4634,0.5598,2.4148
68.4636,0.5527,2.381
68.4638,0.5612,2.4176
68.4640,0.5957,2.564
68.4642,0.7101,3.0521
68.4644,0.7558,3.247
68.4646,0.7288,3.1296
68.4648,0.7902,3.3996
68.4650,0.7176,3.0956
68.4652,0.5614,2.4209
68.4654,0.5412,2.3335
68.4656,0.5405,2.3326
68.4658,0.5409,2.3336
68.4660,0.5383,2.32
68.4662,0.5517,2.379
68.4664,0.5425,2.3381
68.4666,0.5403,2.3288
68.4668,0.5413,2.3341
68.4670,0.536,2.3113
68.4672,0.5482,2.3608
68.4674,0.6329,2.7253
68.4676,0.5761,2.484
68.4678,0.5424,2.3376
68.4680,0.5423,2.3338
68.4682,0.5966,2.5712
68.4684,0.5623,2.4245
68.4686,0.5193,2.2415
68.4688,0.4774,2.0575
68.4690,0.5376,2.3169
68.4692,0.5684,2.4498
68.4694,0.56,2.4136
68.4696,0.5776,2.4873
68.4698,0.558,2.4059
68.4700,0.4834,2.0862
68.4702,0.491,2.1174
68.4704,0.4817,2.0771
68.4706,0.4993,2.1531
68.4708,0.5493,2.3665
68.4710,0.5848,2.5182
68.4712,0.5959,2.5657
68.4714,0.58,2.4929
68.4716,0.6961,2.9932
68.4718,0.7058,3.0364
68.4720,0.7074,3.0417
68.4722,0.7329,3.1501
68.4724,0.718,3.0876
68.4726,0.7176,3.0855
68.4728,0.7171,3.0849
68.4730,0.6907,2.9673
68.4732,0.6948,2.9903
68.4734,0.634,2.7287
68.4736,0.6044,2.6036
68.4738,0.6369,2.7398
68.4740,0.738,3.1688
68.4742,0.7459,3.2102
68.4744,0.7007,3.0114
68.4746,0.7513,3.2259
68.4748,0.722,3.1046
68.4750,0.7005,3.0123
68.4752,0.7105,3.0565
68.4754,0.6992,3.0066
68.4756,0.676,2.9107
68.4758,0.6201,2.67
68.4760,0.6474,2.7878
68.4762,0.61,2.6242
68.4764,0.6053,2.609
68.4766,0.5116,2.2048
68.4768,0.4919,2.123
68.4770,0.4918,2.1225
68.4772,0.5357,2.3076
68.4774,0.5463,2.3547
68.4776,0.4931,2.1272
68.4778,0.491,2.1184
68.4780,0.4877,2.1029
68.4782,0.4864,2.0972
68.4784,0.5222,2.2487
68.4786,0.6472,2.7867
68.4788,0.623,2.6824
68.4790,0.5131,2.2136
68.4792,0.4882,2.106
68.4794,0.4813,2.0746
68.4796,0.4821,2.0796
68.4798,0.4858,2.0956
68.4800,0.4928,2.1261
68.4802,0.5245,2.2606
68.4804,0.5735,2.4686
68.4806,0.6132,2.6406
68.4808,0.5913,2.5449
68.4810,0.6063,2.6082
68.4812,0.7043,3.0255
68.4814,0.7252,3.1142
68.4816,0.7251,3.1166
68.4818,0.7489,3.2171
68.4820,0.7926,3.4036
68.4822,0.8353,3.5785
68.4824,0.9672,4.1417
68.4826,0.9621,4.1215
68.4828,0.9664,4.1381
68.4830,0.9663,4.1376
68.4832,0.9741,4.167
68.4834,0.991,4.2473
68.4836,0.9804,4.2021
68.4838,0.9492,4.0665
68.4840,1.0026,4.2931
68.4842,1.0218,4.3712
68.4844,1.1152,4.7708
68.4846,1.0474,4.4894
68.4848,0.9485,4.0673
68.4850,0.9051,3.8847
68.4852,0.8798,3.7832
68.4854,0.7842,3.3659
68.4856,0.8461,3.6332
68.4858,0.8031,3.4484
68.4860,0.766,3.2908
68.4862,0.8033,3.451
68.4864,0.8074,3.475
68.4866,0.7411,3.1881
68.4868,0.6872,2.9578
68.4870,0.705,3.0328
68.4872,0.7347,3.1607
68.4874,0.7073,3.0412
68.4876,0.6755,2.9032
68.4878,0.718,3.0919
68.4880,0.6989,3.0093
68.4882,0.6992,3.008
68.4884,0.7093,3.0471
68.4886,0.8364,3.5915
68.4888,0.8872,3.8098
68.4890,0.7863,3.381
68.4892,0.6907,2.9687
68.4894,0.7218,3.1065
68.4896,0.7333,3.1545
68.4898,0.7474,3.2139
68.4900,0.7218,3.1065
68.4902,0.7189,3.0898
68.4904,0.7431,3.1954
68.4906,0.7569,3.2516
68.4908,0.7882,3.3798
68.4910,0.9122,3.9133
68.4912,0.8745,3.757
68.4914,0.8848,3.8013
68.4916,0.898,3.8544
68.4918,0.8886,3.8102
68.4920,0.9387,4.027
68.4922,0.8308,3.5756
68.4924,0.6827,2.9409
68.4926,0.6347,2.7381
68.4928,0.6113,2.6336
68.4930,0.6531,2.8107
68.4932,0.6402,2.7645
68.4934,0.5464,2.3574
68.4936,0.5382,2.3195
68.4938,0.6028,2.5957
68.4940,0.6479,2.7898
68.4942,0.654,2.8175
68.4944,0.6529,2.8102
68.4946,0.6426,2.7723
68.4948,0.5835,2.5161
68.4950,0.6154,2.6474
68.4952,0.6731,2.8969
68.4954,0.625,2.695
68.4956,0.5866,2.5283
68.4958,0.5984,2.5754
68.4960,0.6519,2.8069
68.4962,0.6325,2.7263
68.4964,0.6291,2.71
68.4966,0.6781,2.9132
68.4968,0.7882,3.3877
68.4970,0.7431,3.1954
68.4972,0.7657,3.2938
68.4974,0.7407,3.185
68.4976,0.7477,3.2165
68.4978,0.7056,3.0396
68.4980,0.6297,2.7139
68.4982,0.6198,2.6715
68.4984,0.6194,2.6682
68.4986,0.6577,2.8282
68.4988,0.689,2.9628
68.4990,0.7064,3.0404
68.4992,0.6744,2.908
68.4994,0.6185,2.6646
68.4996,0.614,2.6437
68.4998,0.6108,2.6315
68.5000,0.6086,2.6229
68.5002,0.61,2.6291
68.5004,0.634,2.7287
68.5006,0.681,2.9296
68.5008,0.6912,2.9707
68.5010,0.6945,2.9921
68.5012,0.6626,2.856
68.5014,0.5983,2.5797
68.5016,0.5571,2.4001
68.5018,0.5554,2.3962
68.5020,0.5539,2.3883
68.5022,0.5529,2.3842
68.5024,0.5523,2.3772
68.5026,0.599,2.578
68.5028,0.5975,2.5777
68.5030,0.5429,2.3429
68.5032,0.5365,2.3123
68.5034,0.5353,2.3082
68.5036,0.5427,2.3392
68.5038,0.5469,2.3584
68.5040,0.5437,2.3444
68.5042,0.5388,2.3243
68.5044,0.5391,2.3247
68.5046,0.5461,2.3525
68.5048,0.6143,2.6465
68.5050,0.6692,2.8791
68.5052,0.6793,2.9224
68.5054,0.6596,2.8404
68.5056,0.6903,2.9699
68.5058,0.6849,2.9453
68.5060,0.6806,2.9308
68.5062,0.6299,2.7124
68.5064,0.619,2.6666
68.5066,0.6156,2.6497
68.5068,0.6279,2.7036
68.5070,0.6957,2.9889
68.5072,0.7966,3.4237
68.5074,0.6995,3.0091
68.5076,0.6951,2.9891
68.5078,0.6978,3.0046
68.5080,0.6786,2.922
68.5082,0.6824,2.9317
68.5084,0.7684,3.2965
68.5086,0.7986,3.4325
68.5088,0.764,3.2897
68.5090,0.6763,2.9122
68.5092,0.6106,2.628
68.5094,0.6768,2.9129
68.5096,0.7251,3.1195
68.5098,0.6708,2.8898
68.5100,0.559,2.4117
68.5102,0.504,2.1742
68.5104,0.501,2.1603
68.5106,0.4957,2.1376
68.5108,0.5399,2.3257
68.5110,0.6082,2.6189
68.5112,0.6409,2.7573
68.5114,0.6674,2.874
68.5116,0.6796,2.9248
68.5118,0.7432,3.1974
68.5120,0.6655,2.8657
68.5122,0.6319,2.7224
68.5124,0.6146,2.6451
68.5126,0.6557,2.8221
68.5128,0.6864,2.9556
68.5130,0.6858,2.9489
68.5132,0.7092,3.0494
68.5134,0.6971,2.996
68.5136,0.7523,3.2306
68.5138,0.7888,3.3902
68.5140,0.7551,3.2454
68.5142,0.8213,3.5233
68.5144,0.8619,3.6977
68.5146,0.9344,4.0084
68.5148,0.9199,3.9444
68.5150,0.9272,3.972
68.5152,0.984,4.2195
68.5154,0.9261,3.9748
68.5156,0.8408,3.6106
68.5158,0.8468,3.6397
68.5160,0.8485,3.6367
68.5162,0.9814,4.1944
68.5164,1.1666,4.9792
68.5166,1.2242,5.2273
68.5168,1.1837,5.0637
68.5170,1.0441,4.4792
68.5172,0.9983,4.2747
68.5174,1.1443,4.8863
68.5176,1.2338,5.2683
68.5178,1.2755,5.4567
68.5180,1.0889,4.6628
68.5182,1.0648,4.5575
68.5184,1.1277,4.8287
68.5186,1.0626,4.5584
68.5188,0.944,4.0477
68.5190,0.9135,3.9244
68.5192,0.8045,3.4594
68.5194,0.7792,3.3521
68.5196,0.7756,3.3351
68.5198,0.8002,3.4392
68.5200,0.8543,3.6768
68.5202,0.7841,3.3701
68.5204,0.8179,3.5155
68.5206,0.8661,3.7175
68.5208,0.9117,3.9112
68.5210,0.9393,4.0314
68.5212,0.8822,3.79
68.5214,0.8597,3.6966
68.5216,0.8538,3.6662
68.5218,0.8525,3.6622
68.5220,0.8346,3.5938
68.5222,0.7467,3.2138
68.5224,0.6959,2.9964
68.5226,0.6829,2.9406
68.5228,0.6739,2.9005
68.5230,0.7603,3.2721
68.5232,0.7143,3.0788
68.5234,0.6337,2.7327
68.5236,0.7019,3.0208
68.5238,0.7272,3.1341
68.5240,0.6143,2.6489
68.5242,0.5961,2.5704
68.5244,0.6267,2.6972
68.5246,0.7299,3.1386
68.5248,0.7569,3.2622
68.5250,0.7064,3.0404
68.5252,0.7442,3.2015
68.5254,0.7509,3.2319
68.5256,0.7555,3.25
68.5258,0.764,3.2881
68.5260,0.7655,3.2887
68.5262,0.7671,3.3062
68.5264,0.5809,2.5093
68.5266,0.4891,2.113
68.5268,0.5039,2.1717
68.5270,0.5733,2.4744
68.5272,0.5559,2.3982
68.5274,0.5618,2.4225
68.5276,0.5509,2.3754
68.5278,0.5572,2.4039
68.5280,0.5933,2.5573
68.5282,0.6439,2.7728
68.5284,0.6522,2.8097
68.5286,0.659,2.8405
68.5288,0.6865,2.9561
68.5290,0.692,2.9743
68.5292,0.7732,3.3248
68.5294,0.8015,3.4449
68.5296,0.7594,3.2625
68.5298,0.8251,3.5464
68.5300,0.869,3.735
68.5302,0.8435,3.6236
68.5304,0.843,3.6215
68.5306,0.861,3.7005
68.5308,0.8221,3.5352
68.5310,0.7997,3.4355
68.5312,0.8339,3.5824
68.5314,0.875,3.7608
68.5316,0.8938,3.8417
68.5318,0.7978,3.4321
68.5320,0.7818,3.3635
68.5322,0.7734,3.3212
68.5324,0.8033,3.4526
68.5326,0.7876,3.3835
68.5328,0.754,3.2483
68.5330,0.7099,3.0582
68.5332,0.6833,2.9463
68.5334,0.6275,2.7021
68.5336,0.7252,3.1171
68.5338,0.7857,3.3816
68.5340,0.7038,3.0319
68.5342,0.5981,2.5791
68.5344,0.565,2.4387
68.5346,0.524,2.2617
68.5348,0.484,2.0908
68.5350,0.4828,2.0846
68.5352,0.4804,2.0762
68.5354,0.4657,2.012
68.5356,0.4731,2.0408
68.5358,0.4732,2.0432
68.5360,0.4624,1.9975
68.5362,0.4644,2.0082
68.5364,0.4683,2.0238
68.5366,0.4663,2.0137
68.5368,0.4612,1.9923
68.5370,0.4618,1.9949
68.5372,0.4598,1.9843
68.5374,0.4547,1.9625
68.5376,0.4564,1.9716
68.5378,0.4433,1.9143
68.5380,0.5021,2.166
68.5382,0.5873,2.5303
68.5384,0.6295,2.7134
68.5386,0.5905,2.5461
68.5388,0.534,2.3004
68.5390,0.6498,2.7981
68.5392,0.6728,2.8999
68.5394,0.6006,2.5852
68.5396,0.6385,2.7496
68.5398,0.6703,2.8877
68.5400,0.6372,2.7452
68.5402,0.6346,2.7338
68.5404,0.6352,2.7376
68.5406,0.6292,2.708
68.5408,0.6144,2.6458
68.5410,0.601,2.5891
68.5412,0.6135,2.6416
68.5414,0.6178,2.6627
68.5416,0.6088,2.6252
68.5418,0.5432,2.3456
68.5420,0.5065,2.1861
68.5422,0.5173,2.2317
68.5424,0.5083,2.1919
68.5426,0.5122,2.2094
68.5428,0.5173,2.2327
68.5430,0.5,2.1552
68.5432,0.5506,2.3755
68.5434,0.5036,2.1747
68.5436,0.4921,2.1221
68.5438,0.5468,2.3589
68.5440,0.4891,2.1101
68.5442,0.4805,2.0748
68.5444,0.4836,2.0853
68.5446,0.5482,2.3608
68.5448,0.5852,2.5221
68.5450,0.5846,2.5184
68.5452,0.5731,2.4722
68.5454,0.4901,2.1142
68.5456,0.494,2.1313
68.5458,0.5105,2.2022
68.5460,0.4956,2.1361
68.5462,0.4937,2.1298
68.5464,0.4849,2.091
68.5466,0.4981,2.1489
68.5468,0.5304,2.2849
68.5470,0.5873,2.5279
68.5472,0.6501,2.7978
68.5474,0.6887,2.9613
68.5476,0.7056,3.034
68.5478,0.7031,3.0189
68.5480,0.734,3.1547
68.5482,0.7033,3.02
68.5484,0.7686,3.3037
68.5486,0.801,3.4428
68.5488,0.782,3.353
68.5490,0.8997,3.8544
68.5492,0.9509,4.0718
68.5494,0.9745,4.1769
68.5496,0.9929,4.2535
68.5498,0.9891,4.2411
68.5500,0.931,3.9922
68.5502,0.9015,3.8693
68.5504,0.9241,3.9624
68.5506,0.9754,4.1766
68.5508,0.995,4.2648
68.5510,0.9546,4.0935
68.5512,0.898,3.8562
68.5514,0.8826,3.7897
68.5516,0.9033,3.8806
68.5518,0.8269,3.5508
68.5520,0.849,3.6439
68.5522,0.932,3.9982
68.5524,0.9111,3.9105
68.5526,0.9067,3.8896
68.5528,0.9067,3.8914
68.5530,0.902,3.8714
68.5532,0.8877,3.8172
68.5534,0.8106,3.4792
68.5536,0.8732,3.7496
68.5538,0.8679,3.7235
68.5540,0.8865,3.8032
68.5542,0.9101,3.9045
68.5544,0.9272,3.9757
68.5546,0.929,3.9816
68.5548,0.954,4.0928
68.5550,0.9099,3.9162
68.5552,0.7363,3.1689
68.5554,0.7055,3.0349
68.5556,0.7172,3.0854
68.5558,0.6998,3.0148
68.5560,0.6589,2.8387
68.5562,0.6156,2.6534
68.5564,0.646,2.7829
68.5566,0.7183,3.0929
68.5568,0.7025,3.0206
68.5570,0.7287,3.1422
68.5572,0.6528,2.8123
68.5574,0.663,2.8536
68.5576,0.6949,2.9909
68.5578,0.7242,3.1168
68.5580,0.7098,3.0563
68.5582,0.6571,2.8322
68.5584,0.6359,2.7395
68.5586,0.604,2.6045
68.5588,0.5769,2.4888
68.5590,0.5685,2.4503
68.5592,0.6237,2.6843
68.5594,0.6721,2.8968
68.5596,0.6396,2.7568
68.5598,0.67,2.8848
68.5600,0.6212,2.671
68.5602,0.7123,3.0643
68.5604,0.7451,3.2086
68.5606,0.6811,2.9315
68.5608,0.6504,2.802
68.5610,0.5721,2.4681
68.5612,0.5613,2.4215
68.5614,0.5626,2.425
68.5616,0.581,2.504
68.5618,0.5263,2.2726
68.5620,0.4871,2.1033
68.5622,0.4916,2.1229
68.5624,0.5004,2.1577
68.5626,0.5506,2.3744
68.5628,0.5431,2.344
68.5630,0.5366,2.316
68.5632,0.5389,2.3226
68.5634,0.5545,2.3876
68.5636,0.6676,2.8732
68.5638,0.7091,3.0518
68.5640,0.6111,2.6362
68.5642,0.5277,2.2767
68.5644,0.5245,2.2627
68.5646,0.5307,2.2907
68.5648,0.5282,2.2777
68.5650,0.5265,2.2726
68.5652,0.5257,2.2679
68.5654,0.5256,2.2674
68.5656,0.5375,2.3164
68.5658,0.5373,2.3181
68.5660,0.5255,2.2658
68.5662,0.5268,2.2725
68.5664,0.5286,2.2792
68.5666,0.5295,2.2823
68.5668,0.5628,2.4255
68.5670,0.6162,2.6548
68.5672,0.5679,2.4477
68.5674,0.5282,2.2777
68.5676,0.5321,2.2942
68.5678,0.5289,2.2787
68.5680,0.522,2.2518
68.5682,0.5191,2.2405
68.5684,0.5271,2.273
68.5686,0.5318,2.2921
68.5688,0.5542,2.3888
68.5690,0.534,2.3014
68.5692,0.571,2.4543
68.5694,0.7715,3.3191
68.5696,0.7134,3.0732
68.5698,0.6201,2.6738
68.5700,0.5383,2.3168
68.5702,0.6011,2.5897
68.5704,0.5781,2.4916
68.5706,0.6161,2.6518
68.5708,0.6519,2.8056
68.5710,0.6403,2.7547
68.5712,0.7172,3.0811
68.5714,0.7579,3.2603
68.5716,0.7537,3.2392
68.5718,0.7878,3.383
68.5720,0.7652,3.2902
68.5722,0.7612,3.2717
68.5724,0.7461,3.2083
68.5726,0.6877,2.9558
68.5728,0.7052,3.0324
68.5730,0.7044,3.0344
68.5732,0.6376,2.748
68.5734,0.6455,2.7769
68.5736,0.7266,3.1213
68.5738,0.7251,3.1209
68.5740,0.6792,2.926
68.5742,0.6057,2.6057
68.5744,0.6262,2.6964
68.5746,0.6514,2.8061
68.5748,0.6107,2.631
68.5750,0.5986,2.5764
68.5752,0.5989,2.5822
68.5754,0.581,2.4982
68.5756,0.67,2.8848
68.5758,0.5523,2.3827
68.5760,0.4928,2.1261
68.5762,0.4943,2.1314
68.5764,0.4985,2.1514
68.5766,0.4835,2.0877
68.5768,0.3922,1.6953
68.5770,0.377,1.6294
68.5772,0.3782,1.6331
68.5774,0.3805,1.6429
68.5776,0.38,1.6386
68.5778,0.4514,1.9462
68.5780,0.4751,2.0505
68.5782,0.4824,2.0792
68.5784,0.518,2.2337
68.5786,0.4954,2.136
68.5788,0.4857,2.0961
68.5790,0.4888,2.1085
68.5792,0.4867,2.0978
68.5794,0.502,2.1594
68.5796,0.6141,2.6405
68.5798,0.6978,3.0018
68.5800,0.7136,3.0685
68.5802,0.6906,2.9681
68.5804,0.7195,3.0923
68.5806,0.6839,2.9434
68.5808,0.5824,2.5067
68.5810,0.5858,2.5189
68.5812,0.6969,2.9968
68.5814,0.7158,3.0749
68.5816,0.7442,3.1985
68.5818,0.7573,3.2501
68.5820,0.7952,3.4191
68.5822,0.7547,3.2424
68.5824,0.7417,3.1847
68.5826,0.773,3.3191
68.5828,0.8563,3.6718
68.5830,0.878,3.7684
68.5832,0.8846,3.795
68.5834,0.9255,3.9648
68.5836,0.9255,3.9667
68.5838,0.9419,4.039
68.5840,0.9248,3.958
68.5842,1.0341,4.4178
68.5844,1.0843,4.6428
68.5846,1.0255,4.3912
68.5848,1.0531,4.5072
68.5850,1.0166,4.3654
68.5852,0.8699,3.7334
68.5854,0.9086,3.8978
68.5856,0.8858,3.8001
68.5858,0.8426,3.6166
68.5860,0.8431,3.6203
68.5862,0.8377,3.5988
68.5864,0.8366,3.5892
68.5866,0.8958,3.8446
68.5868,0.8486,3.644
68.5870,0.7788,3.3459
68.5872,0.8081,3.4651
68.5874,0.8745,3.7482
68.5876,0.9088,3.9098
68.5878,0.7695,3.3088
68.5880,0.7955,3.4207
68.5882,0.8049,3.4577
68.5884,0.7922,3.4142
68.5886,0.6601,2.8372
68.5888,0.7453,3.2032
68.5890,0.7483,3.2175
68.5892,0.7161,3.0808
68.5894,0.7062,3.038
68.5896,0.7531,3.2397
68.5898,0.7215,3.1069
68.5900,0.6872,2.9565
68.5902,0.6981,3.0034
68.5904,0.7274,3.1322
68.5906,0.7086,3.0483
68.5908,0.6782,2.9191
68.5910,0.6812,2.932
68.5912,0.7039,3.0296
68.5914,0.6925,2.9847
68.5916,0.6613,2.8463
68.5918,0.6555,2.8224
68.5920,0.7185,3.0882
68.5922,0.7841,3.367
68.5924,0.7802,3.35
68.5926,0.82,3.5226
68.5928,0.8562,3.6782
68.5930,0.8607,3.6943
68.5932,0.8706,3.74
68.5934,0.825,3.5409
68.5936,0.925,3.9646
68.5938,0.9202,3.9514
68.5940,0.8389,3.604
68.5942,0.8046,3.4599
68.5944,0.8702,3.7384
68.5946,0.8791,3.7766
68.5948,0.7509,3.2349
68.5950,0.6722,2.8947
68.5952,0.714,3.0715
68.5954,0.6957,2.9945
68.5956,0.7103,3.0555
68.5958,0.7581,3.2659
68.5960,0.7022,3.0237
68.5962,0.7339,3.1586
68.5964,0.7405,3.1825
68.5966,0.8717,3.7411
68.5968,0.8797,3.7774
68.5970,0.8678,3.7281
68.5972,0.8358,3.5956
68.5974,0.7549,3.2534
68.5976,0.6402,2.7594
68.5978,0.6371,2.7472
68.5980,0.6239,2.6903
68.5982,0.6221,2.6788
68.5984,0.6342,2.731
68.5986,0.6203,2.6748
68.5988,0.623,2.6837
68.5990,0.622,2.6796
68.5992,0.6226,2.6834
68.5994,0.621,2.6779
68.5996,0.6227,2.6839
68.5998,0.6231,2.6817
68.6000,0.6478,2.788
68.6002,0.7342,3.1528
68.6004,0.8565,3.6814
68.6006,0.787,3.3904
68.6008,0.6116,2.6407
68.6010,0.5058,2.184
68.6012,0.5399,2.3257
68.6014,0.6424,2.7674
68.6016,0.5712,2.4651
68.6018,0.5438,2.3471
68.6020,0.4925,2.1266
68.6022,0.4558,1.969
68.6024,0.4558,1.9699
68.6026,0.459,1.983
68.6028,0.4662,2.0113
68.6030,0.4638,2.0028
68.6032,0.4613,1.991
68.6034,0.4746,2.0475
68.6036,0.5318,2.2932
68.6038,0.5228,2.2576
68.6040,0.4675,2.0189
68.6042,0.46,1.9862
68.6044,0.4582,1.9785
68.6046,0.4884,2.105
68.6048,0.574,2.4752
68.6050,0.5746,2.4755
68.6052,0.603,2.5967
68.6054,0.6558,2.8226
68.6056,0.672,2.8909
68.6058,0.6364,2.7454
68.6060,0.563,2.4299
68.6062,0.5529,2.3842
68.6064,0.55,2.3685
68.6066,0.5551,2.3935
68.6068,0.5486,2.3656
68.6070,0.5395,2.3252
68.6072,0.5382,2.3163
68.6074,0.5653,2.4375
68.6076,0.5637,2.4274
68.6078,0.6,2.585
68.6080,0.6343,2.7315
68.6082,0.627,2.6987
68.6084,0.6324,2.7207
68.6086,0.683,2.9411
68.6088,0.6122,2.6347
68.6090,0.6499,2.7908
68.6092,0.6858,2.953
68.6094,0.6397,2.7534
68.6096,0.6209,2.6749
68.6098,0.636,2.7362
68.6100,0.7309,3.1413
68.6102,0.6788,2.9217
68.6104,0.6074,2.6141
68.6106,0.6172,2.6626
68.6108,0.5432,2.3401
68.6110,0.6158,2.649
68.6112,0.6556,2.8255
68.6114,0.6138,2.642
68.6116,0.609,2.6225
68.6118,0.6305,2.7137
68.6120,0.6908,2.9705
68.6122,0.7204,3.0993
68.6124,0.6594,2.8407
68.6126,0.6684,2.8741
68.6128,0.7634,3.2795
68.6130,0.6872,2.9606
68.6132,0.5924,2.552
68.6134,0.6262,2.6926
68.6136,0.681,2.9242
68.6138,0.7863,3.3731
68.6140,0.8158,3.5062
68.6142,0.783,3.3655
68.6144,0.7978,3.4257
68.6146,0.816,3.5023
68.6148,0.8363,3.5893
68.6150,0.8431,3.6187
68.6152,0.83,3.5609
68.6154,0.8531,3.6597
68.6156,0.8953,3.839
68.6158,0.9829,4.2148
68.6160,0.9841,4.22
68.6162,0.9229,3.9572
68.6164,0.905,3.8824
68.6166,0.9375,4.0181
68.6168,0.9615,4.117
68.6170,1.0092,4.3254
68.6172,0.9711,4.1562
68.6174,1.0915,4.6758
68.6176,1.0406,4.4601
68.6178,0.9731,4.1707
68.6180,0.9434,4.0508
68.6182,0.8846,3.7985
68.6184,0.7908,3.4022
68.6186,0.723,3.1131
68.6188,0.6949,2.9867
68.6190,0.7389,3.1773
68.6192,0.7866,3.3841
68.6194,0.7515,3.233
68.6196,0.7441,3.201
68.6198,0.7312,3.1472
68.6200,0.7312,3.1472
68.6202,0.6656,2.8663
68.6204,0.7101,3.055
68.6206,0.7998,3.4393
68.6208,0.7258,3.1269
68.6210,0.6671,2.8725
68.6212,0.6966,2.9981
68.6214,0.7533,3.2347
68.6216,0.8239,3.5429
68.6218,0.7346,3.1558
68.6220,0.8082,3.4721
68.6222,0.7647,3.2943
68.6224,0.6975,3.0064
68.6226,0.6399,2.7552
68.6228,0.6463,2.7818
68.6230,0.6415,2.7625
68.6232,0.6691,2.8812
68.6234,0.7029,3.0212
68.6236,0.7486,3.2191
68.6238,0.7586,3.2664
68.6240,0.7188,3.095
68.6242,0.6557,2.8273
68.6244,0.5907,2.5459
68.6246,0.6453,2.7785
68.6248,0.6604,2.8422
68.6250,0.6775,2.9106
68.6252,0.7401,3.1839
68.6254,0.6927,2.9843
68.6256,0.6369,2.7462
68.6258,0.6358,2.7377
68.6260,0.6599,2.8415
68.6262,0.6185,2.6658
68.6264,0.5771,2.4887
68.6266,0.5667,2.4391
68.6268,0.6248,2.6902
68.6270,0.6475,2.7922
68.6272,0.5794,2.4996
68.6274,0.5638,2.4335
68.6276,0.5785,2.4943
68.6278,0.6014,2.5907
68.6280,0.5935,2.5578
68.6282,0.5909,2.5422
68.6284,0.678,2.9194
68.6286,0.6354,2.7387
68.6288,0.6407,2.7601
68.6290,0.6942,2.9808
68.6292,0.8235,3.5359
68.6294,0.83,3.5675
68.6296,0.7568,3.2557
68.6298,0.7521,3.2295
68.6300,0.8557,3.6761
68.6302,0.8375,3.5961
68.6304,0.8208,3.5311
68.6306,0.7501,3.2268
68.6308,0.7222,3.1056
68.6310,0.7374,3.1721
68.6312,0.7419,3.1902
68.6314,0.7392,3.1783
68.6316,0.7249,3.1184
68.6318,0.7611,3.2727
68.6320,0.7987,3.433
68.6322,0.7852,3.3732
68.6324,0.7858,3.3789
68.6326,0.7826,3.3634
68.6328,0.7198,3.0953
68.6330,0.7292,3.1312
68.6332,0.7888,3.3902
68.6334,0.8105,3.4835
68.6336,0.8225,3.5334
68.6338,0.7892,3.3965
68.6340,0.7436,3.2004
68.6342,0.7381,3.1767
68.6344,0.7001,3.013
68.6346,0.6832,2.9403
68.6348,0.6695,2.8868
68.6350,0.6027,2.5988
68.6352,0.5571,2.4034
68.6354,0.56,2.4158
68.6356,0.5571,2.4023
68.6358,0.5488,2.3666
68.6360,0.5679,2.4454
68.6362,0.6206,2.6758
68.6364,0.571,2.4577
68.6366,0.7234,3.1093
68.6368,0.7663,3.2979
68.6370,0.6152,2.6538
68.6372,0.5626,2.425
68.6374,0.6126,2.6405
68.6376,0.5679,2.4466
68.6378,0.586,2.5222
68.6380,0.6788,2.919
68.6382,0.6907,2.97
68.6384,0.7369,3.1744
68.6386,0.6514,2.8074
68.6388,0.6299,2.7124
68.6390,0.6305,2.7162
68.6392,0.6391,2.7509
68.6394,0.6745,2.9004
68.6396,0.715,3.0761
68.6398,0.7356,3.1585
68.6400,0.7958,3.4281
68.6402,0.6739,2.9032
68.6404,0.6435,2.7694
68.6406,0.6583,2.8361
68.6408,0.7122,3.0652
68.6410,0.7207,3.1033
68.6412,0.6105,2.6287
68.6414,0.5881,2.5345
68.6416,0.5899,2.5423
68.6418,0.5987,2.5805
68.6420,0.5851,2.5228
68.6422,0.5183,2.2368
68.6424,0.4943,2.1333
68.6426,0.4845,2.089
68.6428,0.4897,2.1146
68.6430,0.4875,2.1009
68.6432,0.4984,2.1499
68.6434,0.5033,2.1711
68.6436,0.5015,2.1634
68.6438,0.4996,2.1561
68.6440,0.5371,2.3138
68.6442,0.6159,2.6495
68.6444,0.5835,2.5161
68.6446,0.4967,2.1427
68.6448,0.5023,2.163
68.6450,0.5807,2.5053
68.6452,0.516,2.226
68.6454,0.4722,2.0372
68.6456,0.4677,2.0175
68.6458,0.4687,2.024
68.6460,0.4753,2.0506
68.6462,0.4762,2.0523
68.6464,0.5029,2.1676
68.6466,0.5327,2.2968
68.6468,0.5999,2.5845
68.6470,0.5895,2.5384
68.6472,0.578,2.4911
68.6474,0.6041,2.6002
68.6476,0.7156,3.0716
68.6478,0.7945,3.4086
68.6480,0.8251,3.5447
68.6482,0.8045,3.4561
68.6484,0.8076,3.4663
68.6486,0.7929,3.4125
68.6488,0.7329,3.1486
68.6490,0.8688,3.7236
68.6492,0.9377,4.0229
68.6494,0.9331,3.9972
68.6496,0.9831,4.2134
68.6498,0.9918,4.2469
68.6500,1.0287,4.4051
68.6502,1.0675,4.5731
68.6504,1.0208,4.3732
68.6506,1.0399,4.4528
68.6508,1.0401,4.4539
68.6510,1.0464,4.4785
68.6512,1.0419,4.4657
68.6514,1.0072,4.3167
68.6516,0.9881,4.2429
68.6518,0.8543,3.6716
68.6520,0.8047,3.4572
68.6522,0.8509,3.6504
68.6524,0.8994,3.8564
68.6526,0.9098,3.9048
68.6528,0.8482,3.6471
68.6530,0.8246,3.5427
68.6532,0.8678,3.7316
68.6534,0.7781,3.3428
68.6536,0.8362,3.5905
68.6538,0.8757,3.7639
68.6540,0.8051,3.4555
68.6542,0.8267,3.5481
68.6544,0.8395,3.6116
68.6546,0.7959,3.4302
68.6548,0.6577,2.8348
68.6550,0.6161,2.6518
68.6552,0.6773,2.9177
68.6554,0.6959,2.9936
68.6556,0.731,3.1491
68.6558,0.628,2.7054
68.6560,0.6683,2.8776
68.6562,0.6757,2.911
68.6564,0.7007,3.0142
68.6566,0.7439,3.2064
68.6568,0.5985,2.5807
68.6570,0.6034,2.5983
68.6572,0.661,2.8474
68.6574,0.61,2.6303
68.6576,0.5864,2.5296
68.6578,0.565,2.4342
68.6580,0.6092,2.6255
68.6582,0.5764,2.4844
68.6584,0.6328,2.7248
68.6586,0.6676,2.8718
68.6588,0.6292,2.7105
68.6590,0.6342,2.7297
68.6592,0.6407,2.7589
68.6594,0.5919,2.5534
68.6596,0.5878,2.5347
68.6598,0.6513,2.8043
68.6600,0.6459,2.7824
68.6602,0.5831,2.5145
68.6604,0.5765,2.4815
68.6606,0.6216,2.6768
68.6608,0.6408,2.7645
68.6610,0.5419,2.3399
68.6612,0.4904,2.1168
68.6614,0.4834,2.0872
68.6616,0.493,2.1296
68.6618,0.5008,2.1603
68.6620,0.5074,2.1908
68.6622,0.4237,1.8302
68.6624,0.4046,1.7478
68.6626,0.4052,1.7512
68.6628,0.4143,1.789
68.6630,0.5285,2.2745
68.6632,0.6269,2.702
68.6634,0.6111,2.6387
68.6636,0.4788,2.0666
68.6638,0.457,1.9724
68.6640,0.4613,1.9892
68.6642,0.4589,1.9797
68.6644,0.4558,1.9672
68.6646,0.4595,1.9851
68.6648,0.46,1.9853
68.6650,0.4565,1.9703
68.6652,0.48,2.0717
68.6654,0.5172,2.2291
68.6656,0.4912,2.1189
68.6658,0.4625,1.9943
68.6660,0.4703,2.0298
68.6662,0.4472,1.9299
68.6664,0.4922,2.1206
68.6666,0.5273,2.2757
68.6668,0.4655,2.0082
68.6670,0.456,1.9664
68.6672,0.441,1.9035
68.6674,0.432,1.8665
68.6676,0.4317,1.8632
68.6678,0.4342,1.874
68.6680,0.4469,1.9271
68.6682,0.4398,1.8975
68.6684,0.431,1.8609
68.6686,0.4304,1.8592
68.6688,0.4342,1.8732
68.6690,0.4493,1.9384
68.6692,0.4439,1.9169
68.6694,0.434,1.873
68.6696,0.4504,1.9421
68.6698,0.5328,2.2931
68.6700,0.6352,2.7338
68.6702,0.6147,2.6456
68.6704,0.6221,2.6763
68.6706,0.6467,2.7834
68.6708,0.5847,2.5154
68.6710,0.6201,2.6676
68.6712,0.674,2.897
68.6714,0.6891,2.9606
68.6716,0.7627,3.2779
68.6718,0.7516,3.229
68.6720,0.7294,3.1366
68.6722,0.6553,2.8232
68.6724,0.5879,2.5328
68.6726,0.5864,2.5214
68.6728,0.6419,2.7615
68.6730,0.6626,2.848
68.6732,0.6924,2.98
68.6734,0.5822,2.5092
68.6736,0.5732,2.4693
68.6738,0.602,2.5861
68.6740,0.7284,3.1319
68.6742,0.6956,2.9898
68.6744,0.6775,2.9133
68.6746,0.6369,2.736
68.6748,0.7056,3.034
68.6750,0.6974,2.9989
68.6752,0.7103,3.0583
68.6754,0.6751,2.903
68.6756,0.6659,2.8673
68.6758,0.6155,2.6529
68.6760,0.5159,2.2224
68.6762,0.5005,2.1582
68.6764,0.4993,2.1531
68.6766,0.4895,2.1097
68.6768,0.4968,2.1442
68.6770,0.4818,2.0785
68.6772,0.4769,2.0573
68.6774,0.4824,2.0792
68.6776,0.4749,2.0476
68.6778,0.4873,2.1004
68.6780,0.4949,2.1339
68.6782,0.4928,2.1261
68.6784,0.4939,2.1288
68.6786,0.4919,2.121
68.6788,0.4973,2.1443
68.6790,0.5352,2.3034
68.6792,0.6128,2.6373
68.6794,0.5913,2.5461
68.6796,0.6497,2.7937
68.6798,0.684,2.9412
68.6800,0.6959,2.988
68.6802,0.7099,3.054
68.6804,0.6673,2.8708
68.6806,0.7007,3.0128
68.6808,0.6912,2.9693
68.6810,0.7113,3.0559
68.6812,0.6981,3.002
68.6814,0.7188,3.0849
68.6816,0.79,3.3891
68.6818,0.8549,3.6759
68.6820,0.7997,3.4307
68.6822,0.8835,3.785
68.6824,0.9087,3.8929
68.6826,0.9277,3.9778
68.6828,0.9184,3.9345
68.6830,0.9522,4.0794
68.6832,0.9784,4.1894
68.6834,0.9485,4.0635
68.6836,0.9681,4.1453
68.6838,1.061,4.5347
68.6840,1.0807,4.6296
68.6842,0.9568,4.1046
68.6844,0.9016,3.8662
68.6846,0.8393,3.6072
68.6848,0.787,3.3841
68.6850,0.764,3.2851
68.6852,0.7948,3.4128
68.6854,0.794,3.4076
68.6856,0.8074,3.4637
68.6858,0.7979,3.4294
68.6860,0.7718,3.3124
68.6862,0.8426,3.6216
68.6864,0.8011,3.4449
68.6866,0.7082,3.0481
68.6868,0.6917,2.9769
68.6870,0.7239,3.1129
68.6872,0.7519,3.233
68.6874,0.6866,2.9525
68.6876,0.7016,3.0184
68.6878,0.7026,3.0225
68.6880,0.761,3.2676
68.6882,0.8081,3.4748
68.6884,0.7806,3.3536
68.6886,0.7973,3.4268
68.6888,0.7731,3.3227
68.6890,0.7306,3.1432
68.6892,0.7627,3.2764
68.6894,0.8194,3.5184
68.6896,0.8509,3.6538
68.6898,0.8488,3.6378
68.6900,0.9149,3.9251
68.6902,0.9811,4.2091
68.6904,0.9149,3.9251
68.6906,0.897,3.8444
68.6908,0.9279,3.9751
68.6910,0.9428,4.0501
68.6912,0.8615,3.7043
68.6914,0.8274,3.5529
68.6916,0.855,3.673
68.6918,0.8505,3.6523
68.6920,0.854,3.6655
68.6922,0.8417,3.6175
68.6924,0.7688,3.3088
68.6926,0.7513,3.2334
68.6928,0.7462,3.2088
68.6930,0.7895,3.3918
68.6932,0.8369,3.5969
68.6934,0.8243,3.5395
68.6936,0.8356,3.5862
68.6938,0.8507,3.6528
68.6940,0.8569,3.6778
68.6942,0.9142,3.9202
68.6944,0.9897,4.2436
68.6946,0.9676,4.1567
68.6948,0.9179,3.9398
68.6950,0.9661,4.139
68.6952,1.0236,4.383
68.6954,0.9901,4.2516
68.6956,0.8318,3.5769
68.6958,0.792,3.4089
68.6960,0.7663,3.2964
68.6962,0.766,3.2938
68.6964,0.8206,3.5268
68.6966,0.8406,3.6078
68.6968,0.8468,3.638
68.6970,0.7827,3.3671
68.6972,0.7697,3.3083
68.6974,0.7925,3.4078
68.6976,0.7598,3.2701
68.6978,0.752,3.232
68.6980,0.7779,3.348
68.6982,0.7041,3.032
68.6984,0.6913,2.9768
68.6986,0.7011,3.0177
68.6988,0.7516,3.229
68.6990,0.843,3.6198
68.6992,0.8947,3.8453
68.6994,0.8685,3.726
68.6996,1.0037,4.3058
68.6998,0.9323,4.0016
68.7000,0.8492,3.6483
68.7002,0.8693,3.7378
68.7004,0.8187,3.53
68.7006,0.6999,3.0139
68.7008,0.6808,2.9313
68.7010,0.6927,2.9843
68.7012,0.7028,3.0277
68.7014,0.6965,2.9976
68.7016,0.7001,3.0074
68.7018,0.7818,3.3682
68.7020,0.7116,3.064
68.7022,0.6969,3.0024
68.7024,0.7134,3.0732
68.7026,0.6484,2.7919
68.7028,0.6546,2.8227
68.7030,0.5788,2.4994
68.7032,0.5247,2.2637
68.7034,0.5204,2.2451
68.7036,0.5216,2.2524
68.7038,0.5261,2.2694
68.7040,0.534,2.3036
68.7042,0.5866,2.5295
68.7044,0.6599,2.8388
68.7046,0.6989,3.0107
68.7048,0.6613,2.8503
68.7050,0.6625,2.8542
68.7052,0.613,2.642
68.7054,0.6203,2.6736
68.7056,0.6782,2.9218
68.7058,0.6215,2.6787
68.7060,0.639,2.7516
68.7062,0.7111,3.0591
68.7064,0.6967,3.0042
68.7066,0.5517,2.3801
68.7068,0.5517,2.3801
68.7070,0.5397,2.3284
68.7072,0.5487,2.3661
68.7074,0.5595,2.4138
68.7076,0.5963,2.5726
68.7078,0.5401,2.331
68.7080,0.5023,2.166
68.7082,0.5435,2.3444
68.7084,0.501,2.1623
68.7086,0.5051,2.1759
68.7088,0.5607,2.4212
68.7090,0.5068,2.1882
68.7092,0.4967,2.1447
68.7094,0.5027,2.1655
68.7096,0.5809,2.4977
68.7098,0.6431,2.7692
68.7100,0.6714,2.8924
68.7102,0.6198,2.6702
68.7104,0.6468,2.7865
68.7106,0.6553,2.8245
68.7108,0.6343,2.7353
68.7110,0.5529,2.3842
68.7112,0.5413,2.3341
68.7114,0.5312,2.2906
68.7116,0.5432,2.3391
68.7118,0.6593,2.8336
68.7120,0.7511,3.2299
68.7122,0.7697,3.3098
68.7124,0.8019,3.448
68.7126,0.7947,3.4123
68.7128,0.8526,3.661
68.7130,0.8436,3.6258
68.7132,0.8094,3.474
68.7134,0.9016,3.8734
68.7136,0.8606,3.699
68.7138,0.7888,3.3918
68.7140,0.7552,3.2474
68.7142,0.7702,3.3073
68.7144,0.8438,3.6234
68.7146,0.8522,3.6629
68.7148,0.8125,3.4874
68.7150,0.8648,3.7153
68.7152,0.845,3.6286
68.7154,0.8194,3.5184
68.7156,0.8311,3.5722
68.7158,0.7898,3.3959
68.7160,0.7828,3.3613
68.7162,0.881,3.776
68.7164,0.9127,3.9117
68.7166,0.9412,4.0397
68.7168,0.8991,3.859
68.7170,0.9428,4.0463
68.7172,0.9311,4.0001
68.7174,0.8958,3.85
68.7176,0.8461,3.6383
68.7178,0.8252,3.5469
68.7180,0.828,3.5571
68.7182,0.8182,3.5132
68.7184,0.8509,3.6555
68.7186,0.8663,3.7284
68.7188,0.8251,3.5398
68.7190,0.8989,3.8598
68.7192,0.855,3.673
68.7194,0.8382,3.5975
68.7196,0.9599,4.1161
68.7198,1.0118,4.3387
68.7200,0.943,4.0455
68.7202,0.8881,3.817
68.7204,0.8488,3.6445
68.7206,0.9425,4.0415
68.7208,1.0073,4.3111
68.7210,1.1049,4.7311
68.7212,1.0427,4.4751
68.7214,0.9798,4.2015
68.7216,0.9902,4.2502
68.7218,1.0014,4.296
68.7220,1.041,4.4658
68.7222,0.9166,3.9341
68.7224,0.9069,3.8961
68.7226,0.891,3.8204
68.7228,1.0386,4.443
68.7230,1.1676,5.002
68.7232,1.0449,4.4974
68.7234,0.7451,3.2101
68.7236,0.719,3.0975
68.7238,0.7105,3.0608
68.7240,0.7047,3.0374
68.7242,0.6923,2.9795
68.7244,0.7342,3.1587
68.7246,0.7619,3.2839
68.7248,0.7252,3.1243
68.7250,0.7358,3.1668
68.7252,0.7378,3.1771
68.7254,0.6953,2.9994
68.7256,0.6004,2.5914
68.7258,0.6395,2.7511
68.7260,0.7207,3.1033
68.7262,0.6907,2.9756
68.7264,0.7285,3.1354
68.7266,0.8021,3.4491
68.7268,0.8215,3.5408
68.7270,0.6587,2.8403
68.7272,0.6691,2.8799
68.7274,0.7194,3.1005
68.7276,0.7134,3.0703
68.7278,0.7309,3.1472
68.7280,0.7745,3.3351
68.7282,0.7308,3.1437
68.7284,0.723,3.1145
68.7286,0.7387,3.1778
68.7288,0.76,3.2711
68.7290,0.6618,2.8511
68.7292,0.6887,2.964
68.7294,0.7186,3.0959
68.7296,0.6582,2.8342
68.7298,0.7137,3.0776
68.7300,0.6798,2.9272
68.7302,0.764,3.282
68.7304,0.8103,3.4874
68.7306,0.7226,3.1101
68.7308,0.7143,3.0759
68.7310,0.7033,3.0298
68.7312,0.7108,3.0638
68.7314,0.6719,2.8958
68.7316,0.7014,3.0243
68.7318,0.6668,2.8714
68.7320,0.7375,3.1741
68.7322,0.7531,3.2382
68.7324,0.8148,3.5037
68.7326,0.8564,3.6826
68.7328,0.7806,3.363
68.7330,0.6839,2.9488
68.7332,0.6483,2.794
68.7334,0.6152,2.6526
68.7336,0.5743,2.4739
68.7338,0.6219,2.6803
68.7340,0.6052,2.6084
68.7342,0.604,2.6093
68.7344,0.5003,2.1602
68.7346,0.4878,2.1073
68.7348,0.4963,2.1421
68.7350,0.5312,2.2949
68.7352,0.4799,2.0722
68.7354,0.4755,2.054
68.7356,0.4753,2.0535
68.7358,0.518,2.2368
68.7360,0.4813,2.0813
68.7362,0.4544,1.9637
68.7364,0.4566,1.9736
68.7366,0.4608,1.9899
68.7368,0.4626,1.9986
68.7370,0.4594,1.9855
68.7372,0.4599,1.9848
68.7374,0.5155,2.2218
68.7376,0.5978,2.5788
68.7378,0.5999,2.5869
68.7380,0.5893,2.5409
68.7382,0.5752,2.4815
68.7384,0.5258,2.2695
68.7386,0.5514,2.3775
68.7388,0.4863,2.0996
68.7390,0.4583,1.9808
68.7392,0.4564,1.9707
68.7394,0.4594,1.9827
68.7396,0.4647,2.0064
68.7398,0.4734,2.0442
68.7400,0.4605,1.9874
68.7402,0.4572,1.9752
68.7404,0.4598,1.9852
68.7406,0.4618,1.9931
68.7408,0.4605,1.9865
68.7410,0.4568,1.9723
68.7412,0.4577,1.9764
68.7414,0.4607,1.9875
68.7416,0.4629,1.9987
68.7418,0.4611,1.9909
68.7420,0.4821,2.0786
68.7422,0.5367,2.3144
68.7424,0.4957,2.1405
68.7426,0.4564,1.9707
68.7428,0.4404,1.901
68.7430,0.4767,2.0544
68.7432,0.5688,2.4502
68.7434,0.5486,2.3634
68.7436,0.5628,2.43
68.7438,0.5076,2.1898
68.7440,0.4973,2.1463
68.7442,0.4957,2.1376
68.7444,0.5104,2.1996
68.7446,0.518,2.2327
68.7448,0.5412,2.3325
68.7450,0.5926,2.5494
68.7452,0.7076,3.0427
68.7454,0.6832,2.9389
68.7456,0.7345,3.1568
68.7458,0.7399,3.1785
68.7460,0.7467,3.2123
68.7462,0.6069,2.6145
68.7464,0.5704,2.454
68.7466,0.6986,3.0041
68.7468,0.7323,3.1475
68.7470,0.7238,3.1123
68.7472,0.7116,3.0612
68.7474,0.6823,2.9339
68.7476,0.7601,3.261
68.7478,0.7938,3.4119
68.7480,0.7846,3.3706
68.7482,0.8357,3.5867
68.7484,0.8641,3.707
68.7486,0.8695,3.7319
68.7488,0.8366,3.5909
68.7490,0.849,3.6422
68.7492,0.8242,3.5357
68.7494,0.8627,3.7008
68.7496,0.8697,3.7242
68.7498,1.0737,4.5933
68.7500,1.0837,4.6359
68.7502,1.0869,4.6519
68.7504,1.0689,4.575
68.7506,1.0784,4.6155
68.7508,1.0991,4.6999
68.7510,1.0947,4.6853
68.7512,1.1056,4.7298
68.7514,1.1573,4.9625
68.7516,1.0141,4.3505
68.7518,0.9747,4.1774
68.7520,1.0022,4.2896
68.7522,1.075,4.5968
68.7524,1.0831,4.6355
68.7526,1.0846,4.6465
68.7528,1.0959,4.6904
68.7530,1.1265,4.8191
68.7532,1.1174,4.7801
68.7534,1.0657,4.5696
68.7536,0.9729,4.1736
68.7538,0.9185,3.9461
68.7540,0.8996,3.8629
68.7542,0.9021,3.8737
68.7544,0.9055,3.8863
68.7546,0.9293,3.9887
68.7548,0.9416,4.0412
68.7550,0.928,3.9775
68.7552,0.9892,4.2376
68.7554,0.9955,4.2688
68.7556,1.013,4.3479
68.7558,0.981,4.2086
68.7560,0.9941,4.2626
68.7562,1.0273,4.403
68.7564,1.0695,4.5818
68.7566,1.0676,4.5757
68.7568,1.0092,4.3315
68.7570,0.9428,4.0463
68.7572,0.9825,4.2167
68.7574,1.0031,4.3032
68.7576,1.0158,4.3598
68.7578,0.9317,4.0064
68.7580,0.8847,3.8008
68.7582,0.8955,3.8436
68.7584,0.9184,3.9492
68.7586,0.8877,3.8172
68.7588,0.892,3.8304
68.7590,0.8864,3.8115
68.7592,0.8655,3.7218
68.7594,0.8701,3.7362
68.7596,0.9128,3.9177
68.7598,1.0073,4.3212
68.7600,1.023,4.3927
68.7602,0.9654,4.1455
68.7604,0.9354,4.0187
68.7606,0.9476,4.0688
68.7608,0.9651,4.144
68.7610,0.9205,3.9617
68.7612,0.8163,3.5083
68.7614,0.8398,3.6143
68.7616,0.787,3.3857
68.7618,0.8073,3.4728
68.7620,0.8203,3.5307
68.7622,0.7726,3.3284
68.7624,0.6948,2.9903
68.7626,0.7398,3.1868
68.7628,0.7221,3.108
68.7630,0.7706,3.3134
68.7632,0.8527,3.6701
68.7634,0.7932,3.4141
68.7636,0.7551,3.2499
68.7638,0.7606,3.2722
68.7640,0.8244,3.5499
68.7642,0.714,3.0801
68.7644,0.667,2.8746
68.7646,0.6685,2.8813
68.7648,0.6714,2.8937
68.7650,0.6608,2.8535
68.7652,0.6527,2.8144
68.7654,0.6503,2.8015
68.7656,0.6725,2.8997
68.7658,0.6767,2.9165
68.7660,0.7395,3.1829
68.7662,0.7202,3.0998
68.7664,0.7338,3.1639
68.7666,0.6535,2.8246
68.7668,0.5389,2.3269
68.7670,0.5245,2.2638
68.7672,0.5468,2.3611
68.7674,0.5499,2.3735
68.7676,0.5527,2.3843
68.7678,0.5307,2.2896
68.7680,0.5792,2.5009
68.7682,0.536,2.3156
68.7684,0.5348,2.3083
68.7686,0.5399,2.33
68.7688,0.5329,2.2989
68.7690,0.5929,2.5599
68.7692,0.5756,2.4819
68.7694,0.6201,2.6725
68.7696,0.6327,2.7268
68.7698,0.6003,2.5896
68.7700,0.6063,2.6143
68.7702,0.6515,2.8053
68.7704,0.733,3.1535
68.7706,0.7671,3.2985
68.7708,0.8104,3.483
68.7710,0.8225,3.5334
68.7712,0.8267,3.5564
68.7714,0.7738,3.3305
68.7716,0.7255,3.1239
68.7718,0.7564,3.2526
68.7720,0.8401,3.6075
68.7722,0.8496,3.6515
68.7724,0.8942,3.8361
68.7726,0.9455,4.0601
68.7728,0.8555,3.6751
68.7730,0.8369,3.6003
68.7732,0.828,3.5621
68.7734,0.8318,3.5786
68.7736,0.7451,3.2116
68.7738,0.6371,2.7485
68.7740,0.5966,2.5712
68.7742,0.707,3.043
68.7744,0.714,3.0743
68.7746,0.7346,3.1573
68.7748,0.7926,3.4178
68.7750,0.6501,2.8017
68.7752,0.6439,2.7754
68.7754,0.6307,2.721
68.7756,0.6309,2.7216
68.7758,0.6086,2.6217
68.7760,0.6474,2.7917
68.7762,0.6244,2.6886
68.7764,0.6704,2.8883
68.7766,0.6453,2.7836
68.7768,0.5815,2.5084
68.7770,0.5714,2.465
68.7772,0.5759,2.4823
68.7774,0.5809,2.5047
68.7776,0.607,2.6174
68.7778,0.6678,2.8756
68.7780,0.7028,3.0263
68.7782,0.7101,3.0536
68.7784,0.7234,3.1209
68.7786,0.6044,2.606
68.7788,0.6161,2.6555
68.7790,0.6077,2.6217
68.7792,0.5782,2.491
68.7794,0.6216,2.6792
68.7796,0.666,2.8691
68.7798,0.6944,2.9916
68.7800,0.669,2.8794
68.7802,0.7433,3.1949
68.7804,0.795,3.4202
68.7806,0.7978,3.4321
68.7808,0.7598,3.2701
68.7810,0.7675,3.3016
68.7812,0.8135,3.4964
68.7814,0.8356,3.5912
68.7816,0.8874,3.805
68.7818,0.9382,4.0249
68.7820,0.9185,3.9442
68.7822,0.9115,3.912
68.7824,0.9209,3.9545
68.7826,0.9377,4.0229
68.7828,0.9826,4.2094
68.7830,1.0076,4.3208
68.7832,1.0331,4.4277
68.7834,1.0253,4.3963
68.7836,0.9972,4.27
68.7838,1.0804,4.6264
68.7840,1.0748,4.6108
68.7842,0.9745,4.1886
68.7844,0.899,3.8639
68.7846,0.8865,3.8067
68.7848,0.9091,3.9017
68.7850,0.9792,4.195
68.7852,1.0214,4.3799
68.7854,0.9556,4.1052
68.7856,0.9401,4.0313
68.7858,1.0302,4.4174
68.7860,0.9778,4.1986
68.7862,0.9464,4.0694
68.7864,0.8967,3.8595
68.7866,0.7327,3.1593
68.7868,0.6089,2.6257
68.7870,0.6364,2.7403
68.7872,0.7752,3.3398
68.7874,0.7333,3.1604
68.7876,0.6846,2.9492
68.7878,0.7031,3.026
68.7880,0.7668,3.2975
68.7882,0.8208,3.5311
68.7884,0.7537,3.2453
68.7886,0.686,2.954
68.7888,0.7328,3.1539
68.7890,0.7901,3.3975
68.7892,0.8244,3.545
68.7894,0.8503,3.6512
68.7896,0.8129,3.5003
68.7898,0.7405,3.1825
68.7900,0.7983,3.4294
68.7902,0.8298,3.5682
68.7904,0.8015,3.4497
68.7906,0.7953,3.4213
68.7908,0.7631,3.2861
68.7910,0.7485,3.2231
68.7912,0.7812,3.3609
68.7914,0.7851,3.3727
68.7916,0.8296,3.5688
68.7918,0.7346,3.1646
68.7920,0.6521,2.8131
68.7922,0.6756,2.9132
68.7924,0.672,2.895
68.7926,0.6917,2.9755
68.7928,0.7722,3.3253
68.7930,0.698,3.0071
68.7932,0.7375,3.1726
68.7934,0.7427,3.2012
68.7936,0.7545,3.2489
68.7938,0.757,3.2597
68.7940,0.7691,3.3073
68.7942,0.8244,3.54
68.7944,0.9235,3.9672
68.7946,0.8862,3.8087
68.7948,0.8378,3.5994
68.7950,0.844,3.6324
68.7952,0.7633,3.2927
68.7954,0.7037,3.0271
68.7956,0.6984,3.0128
68.7958,0.6047,2.6076
68.7960,0.6522,2.8084
68.7962,0.6878,2.9645
68.7964,0.6313,2.7211
68.7966,0.6256,2.6988
68.7968,0.6147,2.6517
68.7970,0.6196,2.6717
68.7972,0.619,2.6691
68.7974,0.6188,2.6693
68.7976,0.6172,2.6601
68.7978,0.6227,2.6839
68.7980,0.6201,2.675
68.7982,0.6017,2.5947
68.7984,0.6376,2.7493
68.7986,0.6212,2.6797
68.7988,0.5731,2.4734
68.7990,0.5233,2.2586
68.7992,0.6234,2.687
68.7994,0.612,2.6391
68.7996,0.5191,2.2457
68.7998,0.4601,1.9886
68.8000,0.4577,1.9782
68.8002,0.4577,1.9782
68.8004,0.4669,2.0172
68.8006,0.4877,2.1058
68.8008,0.4564,1.9698
68.8010,0.4566,1.9727
68.8012,0.4578,1.9778
68.8014,0.454,1.9603
68.8016,0.4514,1.9517
68.8018,0.4533,1.9591
68.8020,0.4575,1.9763
68.8022,0.4582,1.9794
68.8024,0.451,1.9492
68.8026,0.4498,1.9431
68.8028,0.4526,1.9532
68.8030,0.453,1.9562
68.8032,0.4669,2.0144
68.8034,0.5937,2.5576
68.8036,0.6128,2.641
68.8038,0.6057,2.6093
68.8040,0.6469,2.7857
68.8042,0.6872,2.9578
68.8044,0.6798,2.9258
68.8046,0.6515,2.8053
68.8048,0.6479,2.7924
68.8050,0.5987,2.5793
68.8052,0.57,2.4565
68.8054,0.5638,2.4324
68.8056,0.5593,2.4116
68.8058,0.5594,2.4121
68.8060,0.564,2.4318
68.8062,0.5816,2.5066
68.8064,0.6243,2.6894
68.8066,0.5765,2.4884
68.8068,0.5273,2.2725
68.8070,0.5682,2.4487
68.8072,0.5973,2.5743
68.8074,0.6245,2.6879
68.8076,0.617,2.6566
68.8078,0.6185,2.6646
68.8080,0.5962,2.5661
68.8082,0.6174,2.6587
68.8084,0.5985,2.5807
68.8086,0.5921,2.5509
68.8088,0.6014,2.5883
68.8090,0.6607,2.8424
68.8092,0.7292,3.1355
68.8094,0.7186,3.0902
68.8096,0.6855,2.9492
68.8098,0.6877,2.9599
68.8100,0.7504,3.2253
68.8102,0.7336,3.159
68.8104,0.6659,2.8633
68.8106,0.7947,3.4107
68.8108,0.8695,3.7319
68.8110,0.8474,3.6389
68.8112,0.8345,3.5849
68.8114,0.8059,3.4688
68.8116,0.6448,2.7803
68.8118,0.5907,2.5471
68.8120,0.6346,2.73
68.8122,0.7214,3.1035
68.8124,0.6696,2.882
68.8126,0.6962,2.9951
68.8128,0.777,3.3351
68.8130,0.8559,3.6737
68.8132,0.842,3.6208
68.8134,0.7913,3.4011
68.8136,0.8333,3.5781
68.8138,0.7941,3.4129
68.8140,0.7183,3.0872
68.8142,0.7762,3.333
68.8144,0.8378,3.5994
68.8146,0.8281,3.5493
68.8148,0.9639,4.1311
68.8150,0.9542,4.0895
68.8152,0.9313,3.9951
68.8154,0.9508,4.0789
68.8156,0.9455,4.0563
68.8158,0.9098,3.903
68.8160,0.8775,3.7734
68.8162,0.7708,3.316
68.8164,0.8389,3.6023
68.8166,0.8642,3.7127
68.8168,0.8676,3.7289
68.8170,0.8044,3.4572
68.8172,0.8187,3.5153
68.8174,0.8567,3.6785
68.8176,0.8681,3.7309
68.8178,0.8187,3.5153
68.8180,0.7954,3.4218
68.8182,0.7773,3.3454
68.8184,0.7782,3.3496
68.8186,0.7427,3.1953
68.8188,0.7649,3.2861
68.8190,0.7823,3.3702
68.8192,0.6803,2.9279
68.8194,0.7138,3.0738
68.8196,0.699,3.007
68.8198,0.7039,3.0324
68.8200,0.6897,2.9687
68.8202,0.7739,3.3248
68.8204,0.8483,3.6408
68.8206,0.839,3.6062
68.8208,0.773,3.3253
68.8210,0.7155,3.0811
68.8212,0.7027,3.0244
68.8214,0.6461,2.7834
68.8216,0.6471,2.7862
68.8218,0.7196,3.0972
68.8220,0.7377,3.1692
68.8222,0.7722,3.3207
68.8224,0.7336,3.159
68.8226,0.68,2.9282
68.8228,0.7064,3.0432
68.8230,0.7227,3.1063
68.8232,0.7389,3.1788
68.8234,0.7395,3.1843
68.8236,0.7467,3.2123
68.8238,0.7105,3.0594
68.8240,0.6832,2.9416
68.8242,0.6878,2.9632
68.8244,0.6642,2.8587
68.8246,0.6418,2.7686
68.8248,0.5858,2.5271
68.8250,0.5945,2.5613
68.8252,0.5911,2.5498
68.8254,0.6052,2.6024
68.8256,0.7496,3.2232
68.8258,0.6785,2.9201
68.8260,0.6828,2.9415
68.8262,0.6622,2.8539
68.8264,0.6448,2.7751
68.8266,0.6839,2.9406
68.8268,0.713,3.0702
68.8270,0.6855,2.9533
68.8272,0.7037,3.0243
68.8274,0.7526,3.2376
68.8276,0.7209,3.1029
68.8278,0.7147,3.0774
68.8280,0.6879,2.9651
68.8282,0.6204,2.6728
68.8284,0.6112,2.6343
68.8286,0.6098,2.6256
68.8288,0.6683,2.8723
68.8290,0.7803,3.3536
68.8292,0.7273,3.1317
68.8294,0.66,2.842
68.8296,0.6911,2.973
68.8298,0.7661,3.2974
68.8300,0.7489,3.2216
68.8302,0.7393,3.1818
68.8304,0.7382,3.1742
68.8306,0.7779,3.3418
68.8308,0.8478,3.6404
68.8310,0.8261,3.5571
68.8312,0.7842,3.3675
68.8314,0.8458,3.6334
68.8316,0.7872,3.3867
68.8318,0.728,3.1348
68.8320,0.7147,3.0717
68.8322,0.8124,3.4869
68.8324,0.8193,3.5277
68.8326,0.7165,3.0809
68.8328,0.7575,3.2603
68.8330,0.776,3.3366
68.8332,0.7639,3.2861
68.8334,0.7013,3.0224
68.8336,0.5833,2.5127
68.8338,0.6448,2.7725
68.8340,0.6991,3.0131
68.8342,0.5793,2.498
68.8344,0.5635,2.4308
68.8346,0.5512,2.3792
68.8348,0.5498,2.3719
68.8350,0.5491,2.3688
68.8352,0.5575,2.405
68.8354,0.6242,2.6851
68.8356,0.7108,3.0623
68.8358,0.6413,2.764
68.8360,0.5733,2.4721
68.8362,0.568,2.4516
68.8364,0.5601,2.4141
68.8366,0.6403,2.7547
68.8368,0.6816,2.9322
68.8370,0.7334,3.1551
68.8372,0.7594,3.267
68.8374,0.6882,2.9633
68.8376,0.6975,2.998
68.8378,0.7901,3.3975
68.8380,0.7203,3.0988
68.8382,0.7209,3.1029
68.8384,0.7665,3.2959
68.8386,0.7399,3.1785
68.8388,0.8321,3.573
68.8390,0.7822,3.3666
68.8392,0.7204,3.1008
68.8394,0.6854,2.9487
68.8396,0.6929,2.9835
68.8398,0.6498,2.802
68.8400,0.5835,2.5137
68.8402,0.6487,2.7935
68.8404,0.6035,2.606
68.8406,0.5029,2.1696
68.8408,0.4903,2.1172
68.8410,0.491,2.1203
68.8412,0.4933,2.1292
68.8414,0.4894,2.1121
68.8416,0.4872,2.1047
68.8418,0.4897,2.1137
68.8420,0.4925,2.1246
68.8422,0.5132,2.21
68.8424,0.5813,2.5044
68.8426,0.5824,2.5137
68.8428,0.4938,2.1303
68.8430,0.5313,2.2922
68.8432,0.4972,2.1458
68.8434,0.4863,2.0987
68.8436,0.4824,2.0821
68.8438,0.4839,2.0873
68.8440,0.5096,2.1945
68.8442,0.6197,2.6735
68.8444,0.5162,2.228
68.8446,0.4829,2.0832
68.8448,0.4801,2.0732
68.8450,0.4817,2.08
68.8452,0.4863,2.0967
68.8454,0.4903,2.1153
68.8456,0.4828,2.0837
68.8458,0.5111,2.2037
68.8460,0.5568,2.3985
68.8462,0.6168,2.6536
68.8464,0.6168,2.6586
68.8466,0.5865,2.5266
68.8468,0.6348,2.7272
68.8470,0.79,3.3922
68.8472,0.8053,3.463
68.8474,0.7269,3.1228
68.8476,0.7794,3.3469
68.8478,0.8109,3.4818
68.8480,0.8935,3.8312
68.8482,0.9555,4.0952
68.8484,0.9606,4.1192
68.8486,0.9715,4.164
68.8488,0.9495,4.0714
68.8490,0.9229,3.9554
68.8492,0.973,4.1624
68.8494,1.0514,4.5084
68.8496,0.9738,4.1719
68.8498,1.0398,4.4523
68.8500,1.0308,4.4179
68.8502,1.0244,4.3866
68.8504,1.0199,4.3671
68.8506,1.0368,4.4416
68.8508,1.0226,4.385
68.8510,0.9508,4.0808
68.8512,0.9485,4.071
68.8514,0.9461,4.057
68.8516,1.0069,4.3157
68.8518,1.0304,4.4123
68.8520,1.073,4.5945
68.8522,1.0356,4.4426
68.8524,0.892,3.8358
68.8526,0.7661,3.2928
68.8528,0.8775,3.7716
68.8530,0.816,3.5072
68.8532,0.7761,3.3341
68.8534,0.832,3.5774
68.8536,0.7745,3.3274
68.8538,0.8344,3.5828
68.8540,0.8678,3.7351
68.8542,0.7755,3.3315
68.8544,0.7828,3.3692
68.8546,0.7522,3.2391
68.8548,0.7272,3.1268
68.8550,0.7639,3.2861
68.8552,0.7153,3.08
68.8554,0.6746,2.9077
68.8556,0.6462,2.7878
68.8558,0.5943,2.5602
68.8560,0.6604,2.8422
68.8562,0.7065,3.0409
68.8564,0.6803,2.9333
68.8566,0.6375,2.7475
68.8568,0.6238,2.6885
68.8570,0.6105,2.6324
68.8572,0.6192,2.6714
68.8574,0.5914,2.5537
68.8576,0.5084,2.1954
68.8578,0.49,2.1147
68.8580,0.4788,2.0685
68.8582,0.4728,2.0416
68.8584,0.4873,2.1014
68.8586,0.4872,2.1018
68.8588,0.5207,2.2462
68.8590,0.5787,2.4931
68.8592,0.6576,2.8303
68.8594,0.67,2.8875
68.8596,0.5997,2.5847
68.8598,0.5418,2.3383
68.8600,0.4821,2.0796
68.8602,0.4894,2.1131
68.8604,0.4902,2.1148
68.8606,0.4999,2.1587
68.8608,0.5045,2.1773
68.8610,0.5105,2.2001
68.8612,0.566,2.4394
68.8614,0.6297,2.7139
68.8616,0.5888,2.54
68.8618,0.4717,2.037
68.8620,0.4774,2.0575
68.8622,0.5688,2.4536
68.8624,0.5409,2.3314
68.8626,0.5116,2.2099
68.8628,0.4566,1.9717
68.8630,0.4554,1.9656
68.8632,0.4581,1.977
68.8634,0.4541,1.9618
68.8636,0.4516,1.95
68.8638,0.4524,1.9518
68.8640,0.4564,1.9707
68.8642,0.4666,2.0128
68.8644,0.5203,2.2446
68.8646,0.4721,2.0366
68.8648,0.4474,1.931
68.8650,0.4451,1.922
68.8652,0.4478,1.9334
68.8654,0.4464,1.9259
68.8656,0.4445,1.9177
68.8658,0.4502,1.9447
68.8660,0.4498,1.9422
68.8662,0.4621,1.9937
68.8664,0.4556,1.9662
68.8666,0.4526,1.9541
68.8668,0.4485,1.9374
68.8670,0.4563,1.9693
68.8672,0.4612,1.9868
68.8674,0.5084,2.1903
68.8676,0.5222,2.2497
68.8678,0.488,2.1064
68.8680,0.4842,2.0889
68.8682,0.4586,1.9782
68.8684,0.445,1.9215
68.8686,0.4307,1.8599
68.8688,0.4297,1.8535
68.8690,0.4469,1.928
68.8692,0.4691,2.0237
68.8694,0.4755,2.0511
68.8696,0.5102,2.1991
68.8698,0.5912,2.5421
68.8700,0.6124,2.6382
68.8702,0.6087,2.6198
68.8704,0.5972,2.5678
68.8706,0.6589,2.8347
68.8708,0.6451,2.7754
68.8710,0.6523,2.8024
68.8712,0.6887,2.9613
68.8714,0.6962,2.9965
68.8716,0.6666,2.8704
68.8718,0.6208,2.6694
68.8720,0.6441,2.7656
68.8722,0.7431,3.1939
68.8724,0.6859,2.9494
68.8726,0.7069,3.0396
68.8728,0.696,2.9899
68.8730,0.7071,3.0435
68.8732,0.6287,2.7034
68.8734,0.6832,2.9389
68.8736,0.6511,2.8012
68.8738,0.656,2.821
68.8740,0.6622,2.846
68.8742,0.6261,2.6984
68.8744,0.5365,2.3134
68.8746,0.5367,2.3144
68.8748,0.5271,2.272
68.8750,0.5303,2.2844
68.8752,0.5697,2.4555
68.8754,0.5721,2.4646
68.8756,0.6027,2.594
68.8758,0.6859,2.948
68.8760,0.7231,3.1107
68.8762,0.6601,2.8438
68.8764,0.5192,2.2399
68.8766,0.5064,2.1846
68.8768,0.4994,2.1536
68.8770,0.501,2.1583
68.8772,0.5357,2.3044
68.8774,0.6601,2.8372
68.8776,0.7206,3.0984
68.8778,0.6631,2.8528
68.8780,0.6592,2.8371
68.8782,0.6381,2.7488
68.8784,0.5747,2.476
68.8786,0.5152,2.2193
68.8788,0.5485,2.3662
68.8790,0.4821,2.0767
68.8792,0.5022,2.1635
68.8794,0.5273,2.2693
68.8796,0.5905,2.5437
68.8798,0.5791,2.4958
68.8800,0.5547,2.3897
68.8802,0.5831,2.5063
68.8804,0.6959,2.9908
68.8806,0.7233,3.103
68.8808,0.7559,3.246
68.8810,0.7716,3.315
68.8812,0.792,3.401
68.8814,0.7937,3.4034
68.8816,0.8446,3.6198
68.8818,0.8877,3.8048
68.8820,0.9091,3.8963
68.8822,0.9239,3.9582
68.8824,0.9419,4.0333
68.8826,1.0033,4.2942
68.8828,1.0395,4.4451
68.8830,1.0772,4.619
68.8832,0.9754,4.1766
68.8834,0.94,4.0251
68.8836,0.957,4.098
68.8838,0.9845,4.2215
68.8840,0.9091,3.9035
68.8842,0.8269,3.5525
68.8844,0.7896,3.3954
68.8846,0.8028,3.4505
68.8848,0.7547,3.2454
68.8850,0.7485,3.2186
68.8852,0.7412,3.1856
68.8854,0.7563,3.246
68.8856,0.811,3.484
68.8858,0.7597,3.265
68.8860,0.7714,3.3171
68.8862,0.6965,2.9934
68.8864,0.7868,3.3768
68.8866,0.9012,3.8605
68.8868,0.9382,4.0268
68.8870,0.8797,3.7756
68.8872,0.8647,3.713
68.8874,0.8393,3.6039
68.8876,0.8065,3.4665
68.8878,0.777,3.3382
68.8880,0.8532,3.667
68.8882,0.8249,3.5421
68.8884,0.781,3.3567
68.8886,0.7443,3.1975
68.8888,0.8236,3.5397
68.8890,0.8365,3.5903
68.8892,0.9075,3.8896
68.8894,0.9715,4.1718
68.8896,0.9215,3.9534
68.8898,0.8924,3.8338
68.8900,0.8387,3.603
68.8902,0.8503,3.6512
68.8904,0.8251,3.5447
68.8906,0.8347,3.5893
68.8908,0.8389,3.6006
68.8910,0.887,3.807
68.8912,0.9531,4.0887
68.8914,0.9603,4.1176
68.8916,0.9455,4.0582
68.8918,0.8948,3.8423
68.8920,0.9089,3.8939
68.8922,1.019,4.3696
68.8924,1.0049,4.3089
68.8926,0.9919,4.2554
68.8928,0.9471,4.0649
68.8930,0.8904,3.8232
68.8932,0.8948,3.8405
68.8934,0.8683,3.7319
68.8936,0.7971,3.429
68.8938,0.7118,3.0665
68.8940,0.6836,2.9437
68.8942,0.7041,3.0292
68.8944,0.708,3.0471
68.8946,0.6866,2.9539
68.8948,0.7547,3.2484
68.8950,0.7043,3.0353
68.8952,0.648,2.7929
68.8954,0.6738,2.8973
68.8956,0.7834,3.3717
68.8958,0.7004,3.0174
68.8960,0.6588,2.8381
68.8962,0.6672,2.873
68.8964,0.6577,2.8335
68.8966,0.661,2.8448
68.8968,0.6781,2.92
68.8970,0.6808,2.9327
68.8972,0.6787,2.9225
68.8974,0.6733,2.898
68.8976,0.6722,2.8947
68.8978,0.6658,2.8654
68.8980,0.6996,3.0096
68.8982,0.7683,3.3067
68.8984,0.7118,3.0665
68.8986,0.6516,2.8032
68.8988,0.7209,3.1029
68.8990,0.7531,3.2382
68.8992,0.7822,3.3619
68.8994,0.7303,3.1504
68.8996,0.5511,2.3776
68.8998,0.5267,2.271
68.9000,0.5299,2.287
68.9002,0.5317,2.2937
68.9004,0.5264,2.272
68.9006,0.5245,2.2648
68.9008,0.5253,2.2684
68.9010,0.5265,2.2715
68.9012,0.5288,2.2813
68.9014,0.5256,2.2663
68.9016,0.5235,2.2575
68.9018,0.5244,2.2632
68.9020,0.5313,2.2933
68.9022,0.5274,2.2741
68.9024,0.5239,2.2612
68.9026,0.5246,2.2653
68.9028,0.5237,2.2591
68.9030,0.5322,2.2926
68.9032,0.5702,2.4575
68.9034,0.5287,2.2808
68.9036,0.5237,2.2591
68.9038,0.5534,2.3841
68.9040,0.6209,2.6737
68.9042,0.6761,2.9098
68.9044,0.6674,2.87
68.9046,0.6802,2.9328
68.9048,0.5855,2.5225
68.9050,0.5746,2.4778
68.9052,0.5337,2.3015
68.9054,0.5788,2.4959
68.9056,0.6119,2.6362
68.9058,0.5882,2.535
68.9060,0.5275,2.2746
68.9062,0.5235,2.2575
68.9064,0.5173,2.2327
68.9066,0.5113,2.2068
68.9068,0.5034,2.1686
68.9070,0.5925,2.5513
68.9072,0.5863,2.528
68.9074,0.5649,2.4348
68.9076,0.5795,2.4967
68.9078,0.6142,2.6472
68.9080,0.6058,2.6098
68.9082,0.6021,2.589
68.9084,0.6586,2.8305
68.9086,0.7013,3.0154
68.9088,0.7209,3.1043
68.9090,0.614,2.6462
68.9092,0.5905,2.5449
68.9094,0.5458,2.3548
68.9096,0.5617,2.4208
68.9098,0.6032,2.596
68.9100,0.6005,2.5847
68.9102,0.6071,2.6131
68.9104,0.6451,2.7805
68.9106,0.6173,2.6557
68.9108,0.6543,2.8159
68.9110,0.6588,2.8368
68.9112,0.6859,2.948
68.9114,0.7567,3.2521
68.9116,0.6703,2.8864
68.9118,0.624,2.6846
68.9120,0.6859,2.9508
68.9122,0.6692,2.8804
68.9124,0.6086,2.6205
68.9126,0.6189,2.6649
68.9128,0.6881,2.9573
68.9130,0.6899,2.9692
68.9132,0.6435,2.7682
68.9134,0.7351,3.1608
68.9136,0.7574,3.2552
68.9138,0.7859,3.3763
68.9140,0.8444,3.6243
68.9142,0.864,3.703
68.9144,0.9042,3.877
68.9146,0.9161,3.9248
68.9148,0.9701,4.1579
68.9150,0.947,4.0625
68.9152,0.9293,3.985
68.9154,0.9525,4.0861
68.9156,0.9405,4.0272
68.9158,1.0403,4.4481
68.9160,1.0006,4.2924
68.9162,0.919,3.9426
68.9164,0.9117,3.9094
68.9166,0.9906,4.2378
68.9168,1.063,4.5562
68.9170,0.9801,4.2084
68.9172,0.9113,3.906
68.9174,1.0199,4.3691
68.9176,1.0031,4.3012
68.9178,0.916,3.9297
68.9180,0.9129,3.9182
68.9182,0.8621,3.7034
68.9184,0.8908,3.8217
68.9186,0.8592,3.6945
68.9188,0.7961,3.4217
68.9190,0.846,3.631
68.9192,0.8664,3.7185
68.9194,0.899,3.8531
68.9196,0.9218,3.9563
68.9198,0.9205,3.958
68.9200,0.8219,3.5391
68.9202,0.7249,3.1199
68.9204,0.6987,3.0074
68.9206,0.7064,3.0404
68.9208,0.7414,3.1881
68.9210,0.8183,3.5121
68.9212,0.8194,3.52
68.9214,0.7844,3.3727
68.9216,0.7582,3.2664
68.9218,0.7028,3.0249
68.9220,0.7571,3.2587
68.9222,0.7105,3.0594
68.9224,0.6644,2.8611
68.9226,0.6599,2.8375
68.9228,0.7555,3.247
68.9230,0.7738,3.3274
68.9232,0.8086,3.4769
68.9234,0.8071,3.4739
68.9236,0.6998,3.0162
68.9238,0.6421,2.7651
68.9240,0.6912,2.9735
68.9242,0.6799,2.9277
68.9244,0.7091,3.0503
68.9246,0.7945,3.415
68.9248,0.7841,3.3717
68.9250,0.7585,3.2659
68.9252,0.7153,3.0757
68.9254,0.7587,3.2639
68.9256,0.7105,3.0608
68.9258,0.677,2.914
68.9260,0.6857,2.9525
68.9262,0.6161,2.6579
68.9264,0.508,2.1913
68.9266,0.5008,2.1613
68.9268,0.5452,2.3511
68.9270,0.569,2.4512
68.9272,0.5876,2.5336
68.9274,0.5568,2.3996
68.9276,0.5734,2.4726
68.9278,0.5839,2.5176
68.9280,0.567,2.4436
68.9282,0.5725,2.4696
68.9284,0.6212,2.6759
68.9286,0.6539,2.8157
68.9288,0.6005,2.5883
68.9290,0.5989,2.5787
68.9292,0.6372,2.7426
68.9294,0.6673,2.8721
68.9296,0.6785,2.9215
68.9298,0.6775,2.9174
68.9300,0.6851,2.9444
68.9302,0.774,3.3268
68.9304,0.7654,3.2943
68.9306,0.7194,3.0976
68.9308,0.6907,2.9687
68.9310,0.7749,3.332
68.9312,0.828,3.5588
68.9314,0.7998,3.4425
68.9316,0.7104,3.056
68.9318,0.6626,2.86
68.9320,0.5493,2.3698
68.9322,0.5973,2.5731
68.9324,0.6066,2.6159
68.9326,0.6119,2.6374
68.9328,0.6483,2.7888
68.9330,0.6882,2.962
68.9332,0.6712,2.89
68.9334,0.6965,3.0045
68.9336,0.5208,2.2467
68.9338,0.4733,2.0428
68.9340,0.4598,1.9861
68.9342,0.4551,1.9659
68.9344,0.4551,1.9641
68.9346,0.4552,1.9655
68.9348,0.5119,2.2104
68.9350,0.481,2.0769
68.9352,0.4488,1.9372
68.9354,0.4535,1.9583
68.9356,0.4497,1.9417
68.9358,0.4511,1.9461
68.9360,0.4955,2.1375
68.9362,0.4886,2.111
68.9364,0.4474,1.931
68.9366,0.4496,1.9394
68.9368,0.4759,2.0522
68.9370,0.5335,2.2983
68.9372,0.5849,2.5176
68.9374,0.5869,2.5294
68.9376,0.5402,2.3283
68.9378,0.5794,2.4962
68.9380,0.5601,2.4152
68.9382,0.5039,2.1747
68.9384,0.5002,2.1557
68.9386,0.5481,2.3613
68.9388,0.5547,2.3909
68.9390,0.5149,2.2182
68.9392,0.563,2.4299
68.9394,0.5213,2.2487
68.9396,0.5247,2.2648
68.9398,0.4984,2.1489
68.9400,0.491,2.1184
68.9402,0.4919,2.122
68.9404,0.5219,2.2513
68.9406,0.4474,1.9319
68.9408,0.3836,1.6564
68.9410,0.374,1.6172
68.9412,0.3743,1.6168
68.9414,0.4012,1.7317
68.9416,0.4711,2.0325
68.9418,0.4906,2.1153
68.9420,0.4836,2.0853
68.9422,0.4979,2.1479
68.9424,0.5196,2.2363
68.9426,0.6011,2.5861
68.9428,0.6168,2.6549
68.9430,0.6279,2.7024
68.9432,0.633,2.7233
68.9434,0.6334,2.7274
68.9436,0.5888,2.5329
68.9438,0.6424,2.7648
68.9440,0.6273,2.6998
68.9442,0.659,2.8326
68.9444,0.7158,3.0807
68.9446,0.5538,2.3889
68.9448,0.4945,2.1294
68.9450,0.6447,2.7733
68.9452,0.6286,2.7117
68.9454,0.4871,2.0994
68.9456,0.5045,2.1743
68.9458,0.5369,2.3096
68.9460,0.5878,2.53
68.9462,0.5666,2.4432
68.9464,0.554,2.3866
68.9466,0.6491,2.7885
68.9468,0.6969,2.9982
68.9470,0.7093,3.0471
68.9472,0.7869,3.3757
68.9474,0.8256,3.5419
68.9476,0.8508,3.6499
68.9478,0.7969,3.4205
68.9480,0.8796,3.7716
68.9482,0.916,3.9242
68.9484,0.9052,3.8798
68.9486,0.9019,3.8708
68.9488,0.8607,3.6891
68.9490,0.8811,3.7783
68.9492,0.9382,4.023
68.9494,0.861,3.6953
68.9496,0.8871,3.8058
68.9498,0.9189,3.9402
68.9500,0.9177,3.9333
68.9502,0.9277,3.9778
68.9504,0.9123,3.9101
68.9506,0.9392,4.0271
68.9508,0.9952,4.2633
68.9510,1.012,4.3332
68.9512,1.0225,4.3763
68.9514,1.048,4.4898
68.9516,1.0066,4.3061
68.9518,1.017,4.3609
68.9520,0.8941,3.8374
68.9522,0.8544,3.6722
68.9524,0.8309,3.5645
68.9526,0.9494,4.069
68.9528,0.9768,4.1906
68.9530,0.9239,3.9655
68.9532,0.9438,4.0434
68.9534,1.0129,4.3373
68.9536,1.0707,4.5891
68.9538,0.9693,4.164
68.9540,0.8653,3.7173
68.9542,0.8151,3.4982
68.9544,0.9392,4.0271
68.9546,0.9202,3.9514
68.9548,0.9097,3.8988
68.9550,0.9331,4.0028
68.9552,0.886,3.8047
68.9554,0.8886,3.8173
68.9556,0.8562,3.6765
68.9558,0.8705,3.7377
68.9560,0.8858,3.7966
68.9562,0.9738,4.1757
68.9564,0.8926,3.8384
68.9566,0.7605,3.2716
68.9568,0.7551,3.2484
68.9570,0.778,3.347
68.9572,0.8392,3.6033
68.9574,0.8659,3.7199
68.9576,0.8491,3.6495
68.9578,0.8328,3.5761
68.9580,0.8871,3.8075
68.9582,0.8707,3.7388
68.9584,0.8103,3.4841
68.9586,0.8112,3.4947
68.9588,0.716,3.0846
68.9590,0.7141,3.072
68.9592,0.7064,3.0418
68.9594,0.6888,2.9673
68.9596,0.684,2.9453
68.9598,0.7005,3.0137
68.9600,0.7089,3.0527
68.9602,0.6818,2.9373
68.9604,0.6751,2.9098
68.9606,0.6706,2.8901
68.9608,0.6803,2.9279
68.9610,0.6788,2.9244
68.9612,0.6997,3.0101
68.9614,0.7973,3.422
68.9616,0.8308,3.5739
68.9618,0.6569,2.8325
68.9620,0.5818,2.5111
68.9622,0.6002,2.5879
68.9624,0.6307,2.716
68.9626,0.6311,2.7201
68.9628,0.6334,2.7299
68.9630,0.6295,2.7121
68.9632,0.6297,2.7114
68.9634,0.6337,2.7314
68.9636,0.6352,2.7389
68.9638,0.6399,2.7578
68.9640,0.643,2.7687
68.9642,0.6477,2.7914
68.9644,0.613,2.6433
68.9646,0.6039,2.6015
68.9648,0.6305,2.7175
68.9650,0.6473,2.786
68.9652,0.6891,2.9675
68.9654,0.6371,2.7472
68.9656,0.6196,2.6729
68.9658,0.5427,2.3424
68.9660,0.5192,2.2399
68.9662,0.5227,2.2549
68.9664,0.5269,2.2731
68.9666,0.5503,2.375
68.9668,0.5331,2.3032
68.9670,0.5169,2.2312
68.9672,0.5311,2.2901
68.9674,0.5546,2.3903
68.9676,0.5463,2.3558
68.9678,0.5343,2.3062
68.9680,0.534,2.3025
68.9682,0.6034,2.5983
68.9684,0.5937,2.5612
68.9686,0.6128,2.6435
68.9688,0.604,2.5996
68.9690,0.6309,2.7178
68.9692,0.6418,2.7648
68.9694,0.6517,2.8051
68.9696,0.6666,2.8664
68.9698,0.6841,2.9471
68.9700,0.6978,3.0018
68.9702,0.7659,3.2933
68.9704,0.7293,3.1448
68.9706,0.6333,2.7306
68.9708,0.6208,2.6731
68.9710,0.6497,2.7924
68.9712,0.796,3.418
68.9714,0.8389,3.6023
68.9716,0.7467,3.2123
68.9718,0.6648,2.8626
68.9720,0.6599,2.8428
68.9722,0.6648,2.8613
68.9724,0.7136,3.0685
68.9726,0.7556,3.249
68.9728,0.769,3.3037
68.9730,0.8044,3.4508
68.9732,0.8387,3.6046
68.9734,0.7514,3.2354
68.9736,0.7003,3.0141
68.9738,0.7007,3.017
68.9740,0.6921,2.9831
68.9742,0.5478,2.3642
68.9744,0.5577,2.4038
68.9746,0.6003,2.5824
68.9748,0.6483,2.7927
68.9750,0.6303,2.7152
68.9752,0.6546,2.824
68.9754,0.5734,2.4726
68.9756,0.5004,2.1597
68.9758,0.4907,2.1188
68.9760,0.5068,2.1851
68.9762,0.5629,2.4226
68.9764,0.6242,2.6913
68.9766,0.6029,2.595
68.9768,0.7001,3.0102
68.9770,0.7645,3.2871
68.9772,0.678,2.9249
68.9774,0.5739,2.4758
68.9776,0.5057,2.1815
68.9778,0.486,2.0967
68.9780,0.4836,2.0863
68.9782,0.4785,2.065
68.9784,0.486,2.0986
68.9786,0.507,2.1841
68.9788,0.5885,2.5354
68.9790,0.5691,2.4506
68.9792,0.6105,2.6312
68.9794,0.5623,2.4234
68.9796,0.569,2.4489
68.9798,0.6713,2.8878
68.9800,0.7083,3.0472
68.9802,0.7442,3.2
68.9804,0.7514,3.2279
68.9806,0.7629,3.2789
68.9808,0.7598,3.267
68.9810,0.7842,3.3644
68.9812,0.8986,3.8498
68.9814,0.9333,4.002
68.9816,0.9357,4.0141
68.9818,0.9372,4.017
68.9820,1.0062,4.3085
68.9822,1.0599,4.5386
68.9824,1.0195,4.3737
68.9826,0.962,4.1171
68.9828,1.0544,4.5107
68.9830,1.073,4.5945
68.9832,0.9765,4.1929
68.9834,0.8875,3.8109
68.9836,0.9008,3.8608
68.9838,0.9225,3.9612
68.9840,0.8521,3.659
68.9842,0.8796,3.7716
68.9844,0.9145,3.9267
68.9846,0.8595,3.6909
68.9848,0.8866,3.809
68.9850,0.8085,3.4812
68.9852,0.7264,3.128
68.9854,0.7377,3.1736
68.9856,0.7149,3.0728
68.9858,0.7563,3.2551
68.9860,0.7043,3.0311
68.9862,0.7041,3.0306
68.9864,0.7073,3.0412
68.9866,0.8279,3.5599
68.9868,0.8107,3.4862
68.9870,0.7796,3.3537
68.9872,0.7231,3.1093
68.9874,0.7502,3.2258
68.9876,0.7107,3.059
68.9878,0.675,2.9052
68.9880,0.7067,3.04
68.9882,0.7675,3.2985
68.9884,0.8214,3.5271
68.9886,0.8974,3.8572
68.9888,0.7692,3.3078
68.9890,0.7778,3.3459
68.9892,0.7511,3.2269
68.9894,0.7728,3.3248
68.9896,0.7255,3.121
68.9898,0.7442,3.203
68.9900,0.7045,3.0293
68.9902,0.7377,3.1736
68.9904,0.7086,3.0554
68.9906,0.606,2.6108
68.9908,0.6495,2.7952
68.9910,0.6985,3.0049
68.9912,0.7475,3.2129
68.9914,0.8768,3.7668
68.9916,0.8408,3.6106
68.9918,0.8829,3.7895
68.9920,0.8413,3.6126
68.9922,0.8134,3.4975
68.9924,0.814,3.4936
68.9926,0.9459,4.0597
68.9928,0.9491,4.0736
68.9930,0.9675,4.162
68.9932,0.8573,3.6794
68.9934,0.9165,3.9336
68.9936,0.9044,3.8907
68.9938,0.7417,3.1921
68.9940,0.6762,2.9117
68.9942,0.6698,2.883
68.9944,0.6502,2.8062
68.9946,0.5749,2.4811
68.9948,0.5544,2.3893
68.9950,0.5516,2.3796
68.9952,0.5703,2.4569
68.9954,0.6191,2.6696
68.9956,0.5611,2.4205
68.9958,0.5571,2.4034
68.9960,0.5569,2.4035
68.9962,0.553,2.3858
68.9964,0.551,2.377
68.9966,0.5383,2.3211
68.9968,0.5551,2.3935
68.9970,0.5665,2.4438
68.9972,0.5696,2.4572
68.9974,0.5393,2.3285
68.9976,0.5074,2.1887
68.9978,0.5521,2.3839
68.9980,0.4913,2.1233
68.9982,0.4668,2.0158
68.9984,0.474,2.0459
68.9986,0.4626,1.9986
68.9988,0.4571,1.9729
68.9990,0.4613,1.9929
68.9992,0.4773,2.0589
68.9994,0.5346,2.3094
68.9996,0.4668,2.0167
68.9998,0.4527,1.9547
69.0000,0.488,2.1035
69.0002,0.5331,2.3032
69.0004,0.4394,1.8972
69.0006,0.4325,1.8677
69.0008,0.4288,1.8516
69.0010,0.4315,1.863
69.0012,0.4338,1.8751
69.0014,0.4324,1.8689
69.0016,0.4313,1.8625
69.0018,0.4322,1.8644
69.0020,0.4794,2.0672
69.0022,0.5271,2.273
69.0024,0.4839,2.0873
69.0026,0.4487,1.9358
69.0028,0.4419,1.9089
69.0030,0.4438,1.9163
69.0032,0.4962,2.1396
69.0034,0.5486,2.3634
69.0036,0.5559,2.3949
69.0038,0.5728,2.4655
69.0040,0.5601,2.4119
69.0042,0.5528,2.387
69.0044,0.4514,1.9481
69.0046,0.4404,1.901
69.0048,0.424,1.8309
69.0050,0.4697,2.0263
69.0052,0.5535,2.3868
69.0054,0.5162,2.225
69.0056,0.4834,2.0843
69.0058,0.5087,2.1934
69.0060,0.5069,2.1877
69.0062,0.5163,2.2265
69.0064,0.5017,2.1644
69.0066,0.4783,2.0635
69.0068,0.5482,2.3629
69.0070,0.5522,2.3767
69.0072,0.5713,2.4645
69.0074,0.5252,2.2637
69.0076,0.5449,2.3452
69.0078,0.5752,2.4735
69.0080,0.6095,2.6283
69.0082,0.524,2.2585
69.0084,0.5437,2.3422
69.0086,0.5571,2.399
69.0088,0.5861,2.5227
69.0090,0.6212,2.6735
69.0092,0.648,2.7852
69.0094,0.7359,3.1615
69.0096,0.7449,3.2016
69.0098,0.6878,2.959
69.0100,0.6761,2.9098
69.0102,0.669,2.878
69.0104,0.6652,2.8602
69.0106,0.6489,2.7927
69.0108,0.622,2.6758
69.0110,0.6826,2.9336
69.0112,0.7082,3.051
69.0114,0.5817,2.5048
69.0116,0.606,2.6096
69.0118,0.6614,2.8455
69.0120,0.6501,2.7926
69.0122,0.6939,2.9812
69.0124,0.6979,2.9996
69.0126,0.6656,2.8596
69.0128,0.6991,3.0075
69.0130,0.7007,3.0114
69.0132,0.7015,3.0164
69.0134,0.6684,2.8755
69.0136,0.6478,2.788
69.0138,0.6864,2.9446
69.0140,0.76,3.2635
69.0142,0.788,3.3835
69.0144,0.8465,3.6297
69.0146,0.9015,3.8621
69.0148,0.9004,3.8647
69.0150,0.8587,3.6804
69.0152,0.9477,4.0599
69.0154,0.9701,4.1559
69.0156,0.9542,4.0781
69.0158,1.0723,4.5872
69.0160,1.0509,4.5064
69.0162,0.9429,4.0412
69.0164,0.9411,4.0354
69.0166,0.9279,3.9788
69.0168,0.9295,3.9892
69.0170,0.8306,3.5784
69.0172,0.6401,2.755
69.0174,0.6495,2.7952
69.0176,0.6557,2.8221
69.0178,0.6712,2.886
69.0180,0.7165,3.0866
69.0182,0.678,2.9181
69.0184,0.683,2.9384
69.0186,0.6757,2.9056
69.0188,0.7003,3.0127
69.0190,0.7198,3.0953
69.0192,0.7333,3.1516
69.0194,0.7479,3.2175
69.0196,0.7459,3.2057
69.0198,0.7877,3.3872
69.0200,0.728,3.1333
69.0202,0.6842,2.9422
69.0204,0.7493,3.2237
69.0206,0.7278,3.1279
69.0208,0.7456,3.2062
69.0210,0.7419,3.1858
69.0212,0.8286,3.5597
69.0214,0.849,3.6439
69.0216,0.8571,3.6754
69.0218,0.9068,3.8919
69.0220,0.8135,3.4964
69.0222,0.7499,3.2188
69.0224,0.7904,3.3954
69.0226,0.7651,3.2867
69.0228,0.7797,3.3495
69.0230,0.8348,3.5881
69.0232,0.792,3.4026
69.0234,0.828,3.5538
69.0236,0.8243,3.5395
69.0238,0.7821,3.3645
69.0240,0.733,3.1535
69.0242,0.749,3.2236
69.0244,0.7564,3.2511
69.0246,0.8365,3.592
69.0248,0.8365,3.5954
69.0250,0.7845,3.3733
69.0252,0.7666,3.2995
69.0254,0.6901,2.9702
69.0256,0.7016,3.0184
69.0258,0.7581,3.2613
69.0260,0.6879,2.9637
69.0262,0.5833,2.515
69.0264,0.5889,2.537
69.0266,0.5992,2.5802
69.0268,0.6441,2.7707
69.0270,0.6467,2.7847
69.0272,0.6263,2.6994
69.0274,0.6251,2.6942
69.0276,0.6769,2.9094
69.0278,0.7108,3.0595
69.0280,0.6528,2.8097
69.0282,0.6891,2.9661
69.0284,0.701,3.013
69.0286,0.7353,3.1618
69.0288,0.766,3.2938
69.0290,0.7697,3.3083
69.0292,0.7701,3.3098
69.0294,0.8193,3.5211
69.0296,0.8219,3.5292
69.0298,0.8316,3.5726
69.0300,0.7678,3.3
69.0302,0.7537,3.2377
69.0304,0.7474,3.2169
69.0306,0.6796,2.9275
69.0308,0.6602,2.8443
69.0310,0.6728,2.8932
69.0312,0.7008,3.0147
69.0314,0.7467,3.2108
69.0316,0.7888,3.3902
69.0318,0.7952,3.4207
69.0320,0.6433,2.7779
69.0322,0.5478,2.3642
69.0324,0.5372,2.3175
69.0326,0.5363,2.3123
69.0328,0.581,2.5017
69.0330,0.6275,2.7058
69.0332,0.6144,2.6458
69.0334,0.6218,2.6773
69.0336,0.6246,2.6909
69.0338,0.62,2.6757
69.0340,0.5473,2.3621
69.0342,0.5349,2.3045
69.0344,0.557,2.404
69.0346,0.5267,2.2731
69.0348,0.5283,2.2793
69.0350,0.5297,2.2828
69.0352,0.5268,2.2715
69.0354,0.5318,2.2953
69.0356,0.53,2.2833
69.0358,0.5875,2.5343
69.0360,0.543,2.3413
69.0362,0.5297,2.2839
69.0364,0.5911,2.5451
69.0366,0.6498,2.7981
69.0368,0.662,2.8494
69.0370,0.6423,2.7643
69.0372,0.6274,2.7066
69.0374,0.5456,2.3548
69.0376,0.5112,2.2043
69.0378,0.5626,2.4205
69.0380,0.6642,2.8587
69.0382,0.6047,2.6052
69.0384,0.5888,2.5341
69.0386,0.6287,2.7097
69.0388,0.6026,2.5947
69.0390,0.622,2.6771
69.0392,0.6667,2.8696
69.0394,0.6471,2.7836
69.0396,0.6222,2.6818
69.0398,0.6179,2.6595
69.0400,0.6336,2.7284
69.0402,0.5752,2.4792
69.0404,0.5631,2.4293
69.0406,0.5375,2.3164
69.0408,0.552,2.3823
69.0410,0.5393,2.3263
69.0412,0.5237,2.2591
69.0414,0.5093,2.196
69.0416,0.5203,2.2415
69.0418,0.5959,2.5657
69.0420,0.6619,2.8436
69.0422,0.7876,3.3867
69.0424,0.7901,3.3959
69.0426,0.6754,2.904
69.0428,0.6902,2.9707
69.0430,0.6553,2.8179
69.0432,0.6385,2.7496
69.0434,0.5757,2.4836
69.0436,0.5515,2.378
69.0438,0.6076,2.6176
69.0440,0.5971,2.5721
69.0442,0.5563,2.3976
69.0444,0.5571,2.4012
69.0446,0.5821,2.5064
69.0448,0.6006,2.5864
69.0450,0.6111,2.6301
69.0452,0.6427,2.7651
69.0454,0.6808,2.9327
69.0456,0.6574,2.8267
69.0458,0.7514,3.2294
69.0460,0.7366,3.1631
69.0462,0.7762,3.3377
69.0464,0.7284,3.1276
69.0466,0.7481,3.2185
69.0468,0.662,2.8508
69.0470,0.6671,2.8645
69.0472,0.8747,3.7505
69.0474,0.896,3.8438
69.0476,0.8997,3.858
69.0478,0.9165,3.9226
69.0480,0.934,4.0069
69.0482,0.8502,3.6507
69.0484,0.8639,3.7094
69.0486,0.9007,3.8549
69.0488,1.058,4.5304
69.0490,1.061,4.5432
69.0492,1.0646,4.5522
69.0494,1.0652,4.5654
69.0496,0.9679,4.1506
69.0498,1.0001,4.2784
69.0500,1.025,4.4056
69.0502,0.825,3.5459
69.0504,0.8206,3.5252
69.0506,0.8425,3.6161
69.0508,0.8876,3.8096
69.0510,0.8326,3.58
69.0512,0.8158,3.4997
69.0514,0.9158,3.9305
69.0516,0.8792,3.7736
69.0518,0.9348,4.0142
69.0520,0.8863,3.8039
69.0522,0.9181,3.9403
69.0524,0.8817,3.7844
69.0526,0.8816,3.7839
69.0528,0.9368,4.0169
69.0530,0.9694,4.1587
69.0532,0.9317,3.999
69.0534,0.9371,4.0222
69.0536,0.9064,3.8868
69.0538,0.8977,3.8564
69.0540,0.8458,3.63
69.0542,0.8609,3.7034
69.0544,0.802,3.4453
69.0546,0.8334,3.5853
69.0548,0.7912,3.4021
69.0550,0.8239,3.538
69.0552,0.9188,3.9397
69.0554,0.8582,3.6904
69.0556,0.799,3.4309
69.0558,0.8657,3.7137
69.0560,0.94,4.0364
69.0562,0.8569,3.6847
69.0564,0.7864,3.3846
69.0566,0.7249,3.1213
69.0568,0.7146,3.0769
69.0570,0.7099,3.054
69.0572,0.7125,3.0696
69.0574,0.6739,2.9046
69.0576,0.631,2.7208
69.0578,0.6234,2.6845
69.0580,0.6794,2.9297
69.0582,0.6075,2.6207
69.0584,0.5987,2.5817
69.0586,0.5944,2.5631
69.0588,0.5948,2.5647
69.0590,0.5977,2.5759
69.0592,0.6119,2.6362
69.0594,0.67,2.8862
69.0596,0.5925,2.5584
69.0598,0.5163,2.2275
69.0600,0.4997,2.1556
69.0602,0.5359,2.3119
69.0604,0.5821,2.5075
69.0606,0.6445,2.7754
69.0608,0.5948,2.567
69.0610,0.5559,2.3994
69.0612,0.5476,2.3615
69.0614,0.5498,2.3697
69.0616,0.5575,2.405
69.0618,0.5541,2.3905
69.0620,0.5485,2.364
69.0622,0.5479,2.3625
69.0624,0.5457,2.3543
69.0626,0.5682,2.4499
69.0628,0.5789,2.4953
69.0630,0.5668,2.4431
69.0632,0.5452,2.3544
69.0634,0.502,2.1655
69.0636,0.5396,2.3268
69.0638,0.5042,2.1763
69.0640,0.4819,2.082
69.0642,0.4407,1.9055
69.0644,0.4467,1.9288
69.0646,0.4759,2.0542
69.0648,0.4505,1.9444
69.0650,0.4499,1.9436
69.0652,0.4409,1.9048
69.0654,0.4396,1.8965
69.0656,0.4476,1.932
69.0658,0.4385,1.8927
69.0660,0.4871,2.1023
69.0662,0.5118,2.2079
69.0664,0.5008,2.1583
69.0666,0.5168,2.2317
69.0668,0.4462,1.9258
69.0670,0.4319,1.8633
69.0672,0.4618,1.9912
69.0674,0.5243,2.2596
69.0676,0.5077,2.1893
69.0678,0.5367,2.3133
69.0680,0.5542,2.391
69.0682,0.5491,2.3655
69.0684,0.5857,2.523
69.0686,0.5941,2.5604
69.0688,0.5896,2.5389
69.0690,0.6015,2.5864
69.0692,0.637,2.7403
69.0694,0.6875,2.9575
69.0696,0.7011,3.0191
69.0698,0.6835,2.9405
69.0700,0.6565,2.8296
69.0702,0.5673,2.4474
69.0704,0.5464,2.3519
69.0706,0.608,2.6179
69.0708,0.5899,2.5387
69.0710,0.6155,2.6517
69.0712,0.6051,2.6055
69.0714,0.6297,2.7101
69.0716,0.6294,2.7065
69.0718,0.6618,2.8484
69.0720,0.6407,2.7614
69.0722,0.5184,2.2363
69.0724,0.5388,2.3189
69.0726,0.5936,2.5547
69.0728,0.6441,2.7746
69.0730,0.6176,2.6617
69.0732,0.6029,2.5962
69.0734,0.6294,2.7078
69.0736,0.6525,2.8108
69.0738,0.6045,2.6017
69.0740,0.6389,2.7486
69.0742,0.5997,2.5811
69.0744,0.5638,2.4324
69.0746,0.5083,2.1929
69.0748,0.5227,2.2497
69.0750,0.6575,2.8285
69.0752,0.6683,2.8749
69.0754,0.6718,2.8872
69.0756,0.7272,3.1282
69.0758,0.571,2.4611
69.0760,0.487,2.1018
69.0762,0.5131,2.2115
69.0764,0.5192,2.2389
69.0766,0.5077,2.1893
69.0768,0.4847,2.0919
69.0770,0.4757,2.0522
69.0772,0.5239,2.2559
69.0774,0.5307,2.2875
69.0776,0.4829,2.0813
69.0778,0.4847,2.0919
69.0780,0.4817,2.078
69.0782,0.5131,2.2105
69.0784,0.5673,2.4406
69.0786,0.6008,2.5869
69.0788,0.5517,2.3768
69.0790,0.6106,2.6268
69.0792,0.6912,2.9721
69.0794,0.6644,2.8584
69.0796,0.6917,2.9769
69.0798,0.6599,2.8362
69.0800,0.7385,3.1684
69.0802,0.8097,3.4832
69.0804,0.6532,2.8099
69.0806,0.7284,3.1232
69.0808,0.8683,3.7215
69.0810,0.9149,3.9269
69.0812,0.8964,3.8436
69.0814,0.916,3.9242
69.0816,0.9208,3.9522
69.0818,0.8517,3.6574
69.0820,0.7929,3.3998
69.0822,0.8618,3.6972
69.0824,0.849,3.6473
69.0826,0.8438,3.6234
69.0828,0.8395,3.6049
69.0830,0.8735,3.7506
69.0832,0.8303,3.5652
69.0834,0.8285,3.5592
69.0836,0.7769,3.3392
69.0838,0.7623,3.2733
69.0840,0.8017,3.4443
69.0842,0.8107,3.4781
69.0844,0.8721,3.7432
69.0846,0.8811,3.7853
69.0848,0.8235,3.5375
69.0850,0.7787,3.3501
69.0852,0.7851,3.3711
69.0854,0.8246,3.5394
69.0856,0.8033,3.4478
69.0858,0.7806,3.3552
69.0860,0.7815,3.3557
69.0862,0.8194,3.5167
69.0864,0.8422,3.6179
69.0866,0.8058,3.4602
69.0868,0.8214,3.5304
69.0870,0.796,3.4164
69.0872,0.7974,3.4305
69.0874,0.7384,3.1767
69.0876,0.8019,3.4432
69.0878,0.8562,3.6782
69.0880,0.8425,3.6144
69.0882,0.8465,3.6364
69.0884,0.8488,3.6445
69.0886,0.849,3.6439
69.0888,0.8438,3.6234
69.0890,0.8196,3.5227
69.0892,0.8143,3.4951
69.0894,0.8502,3.649
69.0896,0.8532,3.6653
69.0898,0.8747,3.7488
69.0900,0.9316,3.991
69.0902,0.9745,4.1749
69.0904,0.9531,4.0925
69.0906,0.8598,3.6971
69.0908,0.8417,3.6175
69.0910,0.8398,3.6076
69.0912,0.8285,3.5559
69.0914,0.8345,3.5849
69.0916,0.889,3.8122
69.0918,0.9056,3.8868
69.0920,0.9289,3.9885
69.0922,0.884,3.7995
69.0924,0.8491,3.6478
69.0926,0.8779,3.7626
69.0928,0.993,4.2501
69.0930,1.0254,4.401
69.0932,0.8258,3.5511
69.0934,0.7746,3.3325
69.0936,0.8382,3.6009
69.0938,0.8928,3.8353
69.0940,0.8448,3.6292
69.0942,0.8745,3.757
69.0944,0.8077,3.4717
69.0946,0.8172,3.5075
69.0948,0.8332,3.5809
69.0950,0.85,3.6565
69.0952,0.7969,3.4301
69.0954,0.6935,2.9874
69.0956,0.6957,2.9945
69.0958,0.7509,3.2244
69.0960,0.8065,3.4681
69.0962,0.7342,3.1601
69.0964,0.7487,3.2241
69.0966,0.6564,2.8331
69.0968,0.5605,2.4134
69.0970,0.6818,2.9346
69.0972,0.6903,2.9754
69.0974,0.6102,2.6301
69.0976,0.5595,2.4126
69.0978,0.5437,2.3455
69.0980,0.5457,2.3565
69.0982,0.5533,2.388
69.0984,0.5542,2.391
69.0986,0.5571,2.4034
69.0988,0.5642,2.4339
69.0990,0.5787,2.4942
69.0992,0.5774,2.4908
69.0994,0.5668,2.4453
69.0996,0.5654,2.4357
69.0998,0.5655,2.4396
69.1000,0.5653,2.4397
69.1002,0.5905,2.5425
69.1004,0.6918,2.9788
69.1006,0.6559,2.8244
69.1008,0.6719,2.8945
69.1010,0.6748,2.9055
69.1012,0.6588,2.8395
69.1014,0.642,2.7671
69.1016,0.6343,2.7328
69.1018,0.6295,2.7121
69.1020,0.6298,2.7131
69.1022,0.6298,2.7144
69.1024,0.6502,2.797
69.1026,0.7184,3.0891
69.1028,0.7565,3.2501
69.1030,0.7659,3.2933
69.1032,0.7525,3.2371
69.1034,0.6985,3.0105
69.1036,0.6865,2.952
69.1038,0.7322,3.1484
69.1040,0.7057,3.0401
69.1042,0.6418,2.7648
69.1044,0.6394,2.7532
69.1046,0.6685,2.876
69.1048,0.6671,2.8738
69.1050,0.6683,2.879
69.1052,0.6315,2.7191
69.1054,0.6574,2.8293
69.1056,0.6733,2.898
69.1058,0.6833,2.9463
69.1060,0.5723,2.468
69.1062,0.5486,2.3656
69.1064,0.6034,2.5971
69.1066,0.6766,2.9146
69.1068,0.6369,2.7462
69.1070,0.6066,2.611
69.1072,0.6359,2.7382
69.1074,0.6198,2.6702
69.1076,0.6373,2.7469
69.1078,0.5884,2.5349
69.1080,0.6552,2.82
69.1082,0.7716,3.3165
69.1084,0.7599,3.266
69.1086,0.7686,3.3067
69.1088,0.7196,3.0929
69.1090,0.7185,3.0897
69.1092,0.7442,3.1955
69.1094,0.7603,3.2691
69.1096,0.7471,3.2124
69.1098,0.7715,3.3222
69.1100,0.7031,3.0245
69.1102,0.6556,2.8255
69.1104,0.5786,2.4949
69.1106,0.5757,2.4824
69.1108,0.6206,2.6709
69.1110,0.7019,3.018
69.1112,0.7448,3.2041
69.1114,0.7479,3.2175
69.1116,0.7424,3.1923
69.1118,0.7119,3.0585
69.1120,0.8318,3.5736
69.1122,0.8166,3.5065
69.1124,0.7871,3.3815
69.1126,0.7366,3.169
69.1128,0.6866,2.9566
69.1130,0.6702,2.8859
69.1132,0.7436,3.1915
69.1134,0.8695,3.7249
69.1136,0.9393,4.0277
69.1138,0.891,3.824
69.1140,0.9302,3.9904
69.1142,0.8931,3.8333
69.1144,0.8676,3.7236
69.1146,0.8877,3.8154
69.1148,0.8442,3.6233
69.1150,0.8695,3.7406
69.1152,0.7489,3.2201
69.1154,0.7603,3.2676
69.1156,0.7317,3.1478
69.1158,0.7623,3.2779
69.1160,0.8314,3.5732
69.1162,0.845,3.6252
69.1164,0.8876,3.8114
69.1166,0.904,3.8801
69.1168,0.8643,3.7115
69.1170,0.8573,3.6845
69.1172,0.7979,3.431
69.1174,0.7376,3.1746
69.1176,0.7061,3.0431
69.1178,0.6419,2.764
69.1180,0.6832,2.9389
69.1182,0.7335,3.1541
69.1184,0.7966,3.4221
69.1186,0.8322,3.5718
69.1188,0.8232,3.5332
69.1190,0.8552,3.6723
69.1192,0.8804,3.7805
69.1194,0.8847,3.8026
69.1196,0.8273,3.5573
69.1198,0.8099,3.4826
69.1200,0.7618,3.2773
69.1202,0.712,3.0647
69.1204,0.7447,3.205
69.1206,0.7196,3.0957
69.1208,0.7192,3.0971
69.1210,0.6845,2.9514
69.1212,0.6451,2.7805
69.1214,0.6262,2.6939
69.1216,0.6997,3.0157
69.1218,0.646,2.7855
69.1220,0.607,2.6162
69.1222,0.6026,2.5971
69.1224,0.649,2.7997
69.1226,0.5987,2.5805
69.1228,0.5664,2.4455
69.1230,0.5016,2.1649
69.1232,0.4958,2.1391
69.1234,0.5544,2.3893
69.1236,0.5866,2.5272
69.1238,0.5347,2.3067
69.1240,0.4907,2.1188
69.1242,0.4821,2.0825
69.1244,0.4756,2.0536
69.1246,0.4841,2.0903
69.1248,0.5052,2.1814
69.1250,0.4902,2.1177
69.1252,0.4161,1.7976
69.1254,0.4082,1.7626
69.1256,0.4382,1.892
69.1258,0.4627,1.9981
69.1260,0.4644,2.0045
69.1262,0.4945,2.1314
69.1264,0.5026,2.17
69.1266,0.4919,2.122
69.1268,0.5369,2.316
69.1270,0.5261,2.2694
69.1272,0.4771,2.0603
69.1274,0.5082,2.1934
69.1276,0.5505,2.3728
69.1278,0.575,2.4782
69.1280,0.5774,2.4885
69.1282,0.5743,2.4739
69.1284,0.5974,2.5725
69.1286,0.5712,2.4617
69.1288,0.5889,2.5358
69.1290,0.6283,2.7069
69.1292,0.5682,2.4499
69.1294,0.54,2.3284
69.1296,0.5438,2.3438
69.1298,0.5668,2.4419
69.1300,0.5726,2.4644
69.1302,0.6137,2.6415
69.1304,0.5795,2.4955
69.1306,0.5683,2.4504
69.1308,0.6101,2.6272
69.1310,0.6696,2.8846
69.1312,0.5739,2.4724
69.1314,0.5836,2.5131
69.1316,0.6052,2.6084
69.1318,0.5578,2.4021
69.1320,0.5576,2.4033
69.1322,0.5063,2.1861
69.1324,0.4508,1.9473
69.1326,0.4516,1.9491
69.1328,0.4521,1.9503
69.1330,0.4806,2.0724
69.1332,0.5256,2.2653
69.1334,0.5475,2.3587
69.1336,0.5336,2.2988
69.1338,0.5493,2.3687
69.1340,0.564,2.4295
69.1342,0.5458,2.3526
69.1344,0.5642,2.4317
69.1346,0.5406,2.332
69.1348,0.4683,2.0192
69.1350,0.4583,1.9762
69.1352,0.4522,1.9517
69.1354,0.4683,2.0192
69.1356,0.5382,2.3163
69.1358,0.5891,2.5356
69.1360,0.5998,2.5864
69.1362,0.5466,2.3568
69.1364,0.5247,2.2627
69.1366,0.4437,1.914
69.1368,0.4623,1.9942
69.1370,0.519,2.2358
69.1372,0.494,2.1293
69.1374,0.4828,2.0817
69.1376,0.4913,2.1184
69.1378,0.5092,2.1955
69.1380,0.4872,2.0999
69.1382,0.5243,2.2564
69.1384,0.5486,2.3656
69.1386,0.5261,2.2652
69.1388,0.5239,2.258
69.1390,0.5113,2.2027
69.1392,0.5474,2.3571
69.1394,0.5787,2.4907
69.1396,0.6084,2.6187
69.1398,0.5734,2.4715
69.1400,0.5138,2.2156
69.1402,0.5076,2.1857
69.1404,0.5038,2.1712
69.1406,0.5054,2.1784
69.1408,0.5347,2.2981
69.1410,0.6496,2.7919
69.1412,0.6853,2.9482
69.1414,0.6619,2.8476
69.1416,0.7062,3.0351
69.1418,0.665,2.865
69.1420,0.5201,2.2415
69.1422,0.475,2.0472
69.1424,0.4647,2.0036
69.1426,0.4661,2.0108
69.1428,0.4683,2.0182
69.1430,0.4684,2.0206
69.1432,0.4626,1.9949
69.1434,0.4611,1.9881
69.1436,0.4638,1.9991
69.1438,0.4727,2.0364
69.1440,0.4722,2.0362
69.1442,0.4852,2.0901
69.1444,0.5189,2.2332
69.1446,0.5795,2.4944
69.1448,0.5654,2.4335
69.1450,0.6057,2.6057
69.1452,0.6605,2.8401
69.1454,0.6667,2.8656
69.1456,0.6799,2.9223
69.1458,0.6924,2.9731
69.1460,0.7547,3.2393
69.1462,0.8287,3.5585
69.1464,0.731,3.1374
69.1466,0.7806,3.3474
69.1468,0.8916,3.823
69.1470,0.9193,3.9381
69.1472,0.9295,3.9818
69.1474,0.8936,3.8264
69.1476,0.9424,4.0354
69.1478,0.9414,4.0369
69.1480,0.8681,3.7257
69.1482,0.8525,3.6554
69.1484,0.9147,3.9204
69.1486,0.9326,3.9933
69.1488,0.931,3.9922
69.1490,0.8922,3.8256
69.1492,0.8872,3.8045
69.1494,0.901,3.8672
69.1496,0.8713,3.7361
69.1498,0.8568,3.679
69.1500,0.8424,3.6139
69.1502,0.8848,3.7924
69.1504,0.9103,3.9014
69.1506,0.9313,3.9876
69.1508,0.9702,4.1603
69.1510,0.92,3.9467
69.1512,0.8902,3.8102
69.1514,1.0091,4.3209
69.1516,1.0281,4.4005
69.1518,1.0121,4.3276
69.1520,1.055,4.5133
69.1522,1.1219,4.7951
69.1524,1.115,4.7765
69.1526,0.9486,4.0678
69.1528,0.9735,4.1742
69.1530,0.9506,4.0798
69.1532,0.8706,3.7435
69.1534,0.7886,3.3924
69.1536,0.7882,3.3782
69.1538,0.9189,3.9384
69.1540,1.0215,4.3763
69.1542,1.0546,4.5202
69.1544,1.0075,4.3182
69.1546,0.9942,4.2632
69.1548,1.0014,4.29
69.1550,0.996,4.2709
69.1552,0.9428,4.0482
69.1554,0.914,3.9228
69.1556,0.8931,3.8351
69.1558,0.8569,3.683
69.1560,0.8522,3.6578
69.1562,0.8659,3.7234
69.1564,0.7473,3.2119
69.1566,0.7769,3.3408
69.1568,0.7625,3.2819
69.1570,0.7407,3.1836
69.1572,0.7758,3.3377
69.1574,0.7971,3.429
69.1576,0.7595,3.269
69.1578,0.7351,3.1593
69.1580,0.7956,3.4228
69.1582,0.8191,3.5206
69.1584,0.808,3.4727
69.1586,0.7743,3.3325
69.1588,0.7274,3.1307
69.1590,0.7197,3.0977
69.1592,0.7321,3.1509
69.1594,0.7377,3.1751
69.1596,0.6836,2.9451
69.1598,0.7363,3.1586
69.1600,0.8625,3.7124
69.1602,0.6914,2.98
69.1604,0.6541,2.8154
69.1606,0.743,3.1993
69.1608,0.7147,3.0774
69.1610,0.699,3.007
69.1612,0.7257,3.122
69.1614,0.7258,3.124
69.1616,0.7447,3.2006
69.1618,0.8103,3.4825
69.1620,0.7944,3.4176
69.1622,0.7591,3.273
69.1624,0.6968,3.0019
69.1626,0.633,2.7271
69.1628,0.6366,2.7426
69.1630,0.6731,2.8956
69.1632,0.7308,3.1408
69.1634,0.7225,3.1125
69.1636,0.6907,2.9769
69.1638,0.6399,2.7604
69.1640,0.596,2.5698
69.1642,0.5806,2.5048
69.1644,0.5821,2.5087
69.1646,0.592,2.5492
69.1648,0.6325,2.725
69.1650,0.6409,2.7612
69.1652,0.6138,2.6432
69.1654,0.6227,2.6839
69.1656,0.6341,2.7317
69.1658,0.6971,3.0015
69.1660,0.6649,2.8658
69.1662,0.6101,2.6284
69.1664,0.6,2.5814
69.1666,0.7298,3.1352
69.1668,0.7576,3.2593
69.1670,0.7899,3.3965
69.1672,0.792,3.4057
69.1674,0.7447,3.2036
69.1676,0.7716,3.3165
69.1678,0.832,3.5791
69.1680,0.7938,3.4087
69.1682,0.8272,3.5502
69.1684,0.8828,3.789
69.1686,0.8531,3.6733
69.1688,0.7931,3.4072
69.1690,0.8713,3.7396
69.1692,0.8406,3.6146
69.1694,0.7143,3.0759
69.1696,0.64,2.757
69.1698,0.6975,2.998
69.1700,0.7961,3.4312
69.1702,0.6441,2.7759
69.1704,0.6095,2.6283
69.1706,0.6018,2.5964
69.1708,0.6044,2.6048
69.1710,0.6108,2.6315
69.1712,0.6287,2.7123
69.1714,0.584,2.5181
69.1716,0.5846,2.516
69.1718,0.6475,2.7896
69.1720,0.6897,2.9714
69.1722,0.6485,2.7937
69.1724,0.6316,2.7209
69.1726,0.6593,2.8389
69.1728,0.6562,2.8255
69.1730,0.6719,2.8891
69.1732,0.722,3.1017
69.1734,0.7611,3.2742
69.1736,0.7881,3.3871
69.1738,0.8217,3.5298
69.1740,0.7945,3.4182
69.1742,0.7436,3.2004
69.1744,0.76,3.2696
69.1746,0.6757,2.9083
69.1748,0.6643,2.8593
69.1750,0.7113,3.0601
69.1752,0.6937,2.9912
69.1754,0.5948,2.5659
69.1756,0.5756,2.4854
69.1758,0.5058,2.183
69.1760,0.4759,2.0532
69.1762,0.474,2.0478
69.1764,0.4793,2.0696
69.1766,0.4771,2.0593
69.1768,0.534,2.3025
69.1770,0.5042,2.1793
69.1772,0.4811,2.0764
69.1774,0.5172,2.2301
69.1776,0.5649,2.4314
69.1778,0.7028,3.0235
69.1780,0.687,2.9554
69.1782,0.6616,2.85
69.1784,0.612,2.6379
69.1786,0.6646,2.8603
69.1788,0.6933,2.9828
69.1790,0.7068,3.0377
69.1792,0.7523,3.2336
69.1794,0.7486,3.2191
69.1796,0.7258,3.1197
69.1798,0.8118,3.4827
69.1800,0.8769,3.762
69.1802,0.9121,3.9164
69.1804,0.9042,3.8824
69.1806,0.907,3.8893
69.1808,0.9277,3.9796
69.1810,0.9233,3.9648
69.1812,0.8577,3.6797
69.1814,0.9237,3.9645
69.1816,0.9031,3.876
69.1818,0.8853,3.8087
69.1820,0.7947,3.4203
69.1822,0.7502,3.2243
69.1824,0.8028,3.4473
69.1826,0.8392,3.6033
69.1828,0.824,3.5385
69.1830,0.8652,3.7116
69.1832,0.9528,4.0896
69.1834,0.8974,3.8518
69.1836,0.9254,3.9699
69.1838,0.9617,4.1277
69.1840,0.8786,3.7763
69.1842,0.7314,3.1434
69.1844,0.7534,3.2382
69.1846,0.7864,3.3784
69.1848,0.804,3.4605
69.1850,0.7603,3.2721
69.1852,0.7642,3.2846
69.1854,0.7576,3.2593
69.1856,0.7466,3.2118
69.1858,0.7129,3.0697
69.1860,0.704,3.0315
69.1862,0.6915,2.9736
69.1864,0.7083,3.0501
69.1866,0.6975,2.9966
69.1868,0.8222,3.5373
69.1870,0.7877,3.3903
69.1872,0.7637,3.284
69.1874,0.7788,3.3475
69.1876,0.7443,3.205
69.1878,0.7138,3.0738
69.1880,0.723,3.1131
69.1882,0.7004,3.0146
69.1884,0.7378,3.1741
69.1886,0.7912,3.4037
69.1888,0.7732,3.3232
69.1890,0.771,3.314
69.1892,0.7654,3.2943
69.1894,0.7073,3.0454
69.1896,0.696,2.9927
69.1898,0.7577,3.2613
69.1900,0.7618,3.2804
69.1902,0.7474,3.2124
69.1904,0.7816,3.3593
69.1906,0.754,3.2468
69.1908,0.7124,3.0676
69.1910,0.7004,3.0132
69.1912,0.6744,2.908
69.1914,0.6252,2.696
69.1916,0.6601,2.8385
69.1918,0.7637,3.284
69.1920,0.7744,3.3284
69.1922,0.7375,3.1726
69.1924,0.6697,2.8878
69.1926,0.5836,2.5189
69.1928,0.5726,2.4656
69.1930,0.6784,2.9183
69.1932,0.749,3.2236
69.1934,0.6709,2.8917
69.1936,0.648,2.7916
69.1938,0.6577,2.8335
69.1940,0.6599,2.8415
69.1942,0.6445,2.7767
69.1944,0.656,2.8276
69.1946,0.6544,2.8203
69.1948,0.603,2.6015
69.1950,0.5707,2.4607
69.1952,0.5566,2.4025
69.1954,0.5018,2.1639
69.1956,0.5346,2.3062
69.1958,0.5107,2.2063
69.1960,0.4527,1.9556
69.1962,0.4486,1.937
69.1964,0.4539,1.9599
69.1966,0.465,2.009
69.1968,0.4525,1.9546
69.1970,0.4502,1.9412
69.1972,0.5251,2.2622
69.1974,0.5671,2.4487
69.1976,0.4908,2.1194
69.1978,0.4927,2.1267
69.1980,0.4514,1.9499
69.1982,0.4469,1.9308
69.1984,0.4459,1.9252
69.1986,0.4472,1.9309
69.1988,0.4439,1.9169
69.1990,0.4426,1.9112
69.1992,0.4484,1.9352
69.1994,0.4479,1.934
69.1996,0.476,2.0533
69.1998,0.4992,2.1546
69.2000,0.463,1.9993
69.2002,0.4581,1.9771
69.2004,0.4605,1.9865
69.2006,0.4626,1.9959
69.2008,0.4587,1.9797
69.2010,0.4546,1.963
69.2012,0.4551,1.9651
69.2014,0.4547,1.9626
69.2016,0.458,1.9766
69.2018,0.5129,2.2116
69.2020,0.5598,2.4093
69.2022,0.5868,2.5266
69.2024,0.6044,2.6025
69.2026,0.5585,2.4092
69.2028,0.5291,2.2825
69.2030,0.4828,2.0828
69.2032,0.4456,1.9242
69.2034,0.4799,2.0694
69.2036,0.5234,2.2571
69.2038,0.4721,2.0358
69.2040,0.4688,2.0194
69.2042,0.5139,2.2168
69.2044,0.4912,2.119
69.2046,0.4891,2.1063
69.2048,0.5648,2.4332
69.2050,0.5854,2.5233
69.2052,0.5726,2.4645
69.2054,0.5929,2.5529
69.2056,0.5838,2.516
69.2058,0.5779,2.4895
69.2060,0.5991,2.5798
69.2062,0.5477,2.3604
69.2064,0.5074,2.1888
69.2066,0.5381,2.3191
69.2068,0.5558,2.3934
69.2070,0.6068,2.6092
69.2072,0.6131,2.6353
69.2074,0.7227,3.1049
69.2076,0.7669,3.2945
69.2078,0.6986,3.0042
69.2080,0.6377,2.7473
69.2082,0.6266,2.6968
69.2084,0.6576,2.8318
69.2086,0.5954,2.5626
69.2088,0.6022,2.5932
69.2090,0.6342,2.7323
69.2092,0.5647,2.4316
69.2094,0.6109,2.6255
69.2096,0.6365,2.7422
69.2098,0.5764,2.481
69.2100,0.6375,2.7437
69.2102,0.5953,2.5644
69.2104,0.6106,2.6281
69.2106,0.6411,2.7554
69.2108,0.6739,2.8939
69.2110,0.7477,3.2166
69.2112,0.6193,2.6678
69.2114,0.5713,2.4634
69.2116,0.5798,2.4932
69.2118,0.6898,2.9674
69.2120,0.6928,2.9775
69.2122,0.7596,3.2616
69.2124,0.7675,3.2971
69.2126,0.7641,3.2842
69.2128,0.7275,3.1255
69.2130,0.7043,3.027
69.2132,0.7618,3.2698
69.2134,0.8711,3.7335
69.2136,0.8633,3.7018
69.2138,0.8549,3.6675
69.2140,0.844,3.6224
69.2142,0.8705,3.7309
69.2144,0.8969,3.8494
69.2146,0.8316,3.5677
69.2148,0.8858,3.8038
69.2150,0.8268,3.5471
69.2152,0.8543,3.6632
69.2154,0.9036,3.8764
69.2156,0.8928,3.8283
69.2158,0.8517,3.657
69.2160,0.8773,3.769
69.2162,0.9062,3.8895
69.2164,0.8822,3.7848
69.2166,0.8657,3.7156
69.2168,0.8423,3.6186
69.2170,0.8272,3.5503
69.2172,0.8266,3.5461
69.2174,0.833,3.5767
69.2176,0.8443,3.6256
69.2178,0.8479,3.6394
69.2180,0.8199,3.5222
69.2182,0.7924,3.4058
69.2184,0.8175,3.5037
69.2186,0.9,3.861
69.2188,0.8764,3.7596
69.2190,0.88,3.7838
69.2192,0.8111,3.4846
69.2194,0.8044,3.4574
69.2196,0.7935,3.4121
69.2198,0.7548,3.244
69.2200,0.7497,3.2193
69.2202,0.84,3.6054
69.2204,0.8801,3.7756
69.2206,0.8446,3.6317
69.2208,0.8042,3.4579
69.2210,0.7822,3.3605
69.2212,0.8147,3.4952
69.2214,0.8568,3.6792
69.2216,0.836,3.5913
69.2218,0.8136,3.4938
69.2220,0.8264,3.5533
69.2222,0.7186,3.0898
69.2224,0.7061,3.0404
69.2226,0.6886,2.9622
69.2228,0.7922,3.4016
69.2230,0.8398,3.6044
69.2232,0.8195,3.5272
69.2234,0.701,3.0187
69.2236,0.6604,2.8423
69.2238,0.6609,2.8457
69.2240,0.6606,2.8447
69.2242,0.6718,2.894
69.2244,0.62,2.6733
69.2246,0.603,2.5975
69.2248,0.5934,2.5574
69.2250,0.5711,2.4612
69.2252,0.6214,2.6758
69.2254,0.6512,2.8039
69.2256,0.6538,2.8166
69.2258,0.638,2.7509
69.2260,0.639,2.7505
69.2262,0.7331,3.1492
69.2264,0.7915,3.4049
69.2266,0.7772,3.345
69.2268,0.723,3.1074
69.2270,0.7311,3.1439
69.2272,0.7484,3.2197
69.2274,0.7493,3.2233
69.2276,0.7822,3.3605
69.2278,0.8465,3.6281
69.2280,0.896,3.8476
69.2282,0.8725,3.7536
69.2284,0.6907,2.9729
69.2286,0.639,2.753
69.2288,0.6187,2.6689
69.2290,0.6166,2.6552
69.2292,0.6554,2.8193
69.2294,0.7104,3.0561
69.2296,0.7475,3.2155
69.2298,0.7382,3.1743
69.2300,0.7222,3.1081
69.2302,0.6911,2.9814
69.2304,0.5995,2.5861
69.2306,0.5571,2.4035
69.2308,0.5496,2.3698
69.2310,0.5501,2.3708
69.2312,0.6059,2.6141
69.2314,0.5651,2.4354
69.2316,0.5639,2.4314
69.2318,0.5828,2.5084
69.2320,0.6431,2.7719
69.2322,0.5824,2.5127
69.2324,0.5717,2.4661
69.2326,0.5485,2.3608
69.2328,0.6465,2.7812
69.2330,0.6274,2.7029
69.2332,0.6119,2.6338
69.2334,0.6307,2.7131
69.2336,0.6348,2.7311
69.2338,0.6334,2.7287
69.2340,0.6346,2.7352
69.2342,0.6197,2.6723
69.2344,0.5453,2.3512
69.2346,0.5336,2.3021
69.2348,0.5306,2.2892
69.2350,0.5286,2.2783
69.2352,0.5782,2.4899
69.2354,0.6406,2.7584
69.2356,0.6687,2.8793
69.2358,0.6572,2.8336
69.2360,0.5623,2.4213
69.2362,0.6356,2.738
69.2364,0.5895,2.542
69.2366,0.5809,2.5001
69.2368,0.6069,2.6133
69.2370,0.5726,2.4691
69.2372,0.6049,2.6046
69.2374,0.6657,2.8664
69.2376,0.6139,2.647
69.2378,0.5713,2.4623
69.2380,0.6082,2.6166
69.2382,0.6411,2.7631
69.2384,0.6184,2.6617
69.2386,0.6148,2.6474
69.2388,0.5802,2.5005
69.2390,0.5653,2.4376
69.2392,0.5636,2.4292
69.2394,0.5798,2.4966
69.2396,0.6206,2.6747
69.2398,0.6238,2.6886
69.2400,0.5868,2.5278
69.2402,0.5898,2.5383
69.2404,0.6426,2.7659
69.2406,0.6498,2.8021
69.2408,0.6082,2.6154
69.2410,0.6568,2.8255
69.2412,0.654,2.8163
69.2414,0.5894,2.5403
69.2416,0.554,2.3901
69.2418,0.4873,2.1024
69.2420,0.4835,2.0849
69.2422,0.4726,2.0407
69.2424,0.4745,2.0471
69.2426,0.5442,2.3465
69.2428,0.4923,2.1236
69.2430,0.4594,1.9837
69.2432,0.4537,1.9589
69.2434,0.4495,1.938
69.2436,0.4528,1.9552
69.2438,0.4616,1.9921
69.2440,0.4967,2.1418
69.2442,0.5245,2.2596
69.2444,0.5886,2.5367
69.2446,0.563,2.4255
69.2448,0.5699,2.4515
69.2450,0.614,2.6401
69.2452,0.7199,3.0926
69.2454,0.7337,3.1503
69.2456,0.7646,3.2863
69.2458,0.7337,3.1547
69.2460,0.7485,3.2157
69.2462,0.7711,3.3156
69.2464,0.7004,3.0133
69.2466,0.7687,3.3007
69.2468,0.8331,3.5756
69.2470,0.8668,3.7133
69.2472,0.9475,4.0628
69.2474,0.9499,4.0731
69.2476,0.9453,4.0516
69.2478,0.9797,4.1972
69.2480,0.9307,3.9964
69.2482,0.8585,3.6761
69.2484,0.9952,4.2635
69.2486,0.9886,4.2411
69.2488,0.9134,3.9259
69.2490,0.8518,3.6593
69.2492,0.8533,3.6574
69.2494,0.9463,4.0539
69.2496,0.9516,4.0803
69.2498,1.0047,4.298
69.2500,1.0597,4.5335
69.2502,1.0378,4.45
69.2504,0.9167,3.9361
69.2506,0.8942,3.8416
69.2508,0.8941,3.8357
69.2510,0.8627,3.7061
69.2512,0.8407,3.6068
69.2514,0.8915,3.8262
69.2516,0.9541,4.0892
69.2518,1.0323,4.4243
69.2520,1.0068,4.3173
69.2522,0.9905,4.2434
69.2524,1.068,4.5753
69.2526,1.0614,4.5428
69.2528,1.103,4.7209
69.2530,1.0204,4.3836
69.2532,0.9115,3.9103
69.2534,0.9045,3.8805
69.2536,0.9496,4.0758
69.2538,0.962,4.1288
69.2540,0.9252,3.9671
69.2542,0.9015,3.8731
69.2544,0.885,3.7984
69.2546,0.9296,3.9787
69.2548,0.998,4.2892
69.2550,0.8776,3.7718
69.2552,0.8319,3.5754
69.2554,0.7562,3.2623
69.2556,0.6083,2.6244
69.2558,0.5882,2.5351
69.2560,0.6323,2.7228
69.2562,0.6576,2.8357
69.2564,0.5992,2.5815
69.2566,0.6047,2.6065
69.2568,0.5898,2.5442
69.2570,0.5955,2.5655
69.2572,0.6813,2.9308
69.2574,0.7217,3.1075
69.2576,0.6669,2.8729
69.2578,0.6344,2.7341
69.2580,0.603,2.6011
69.2582,0.5938,2.5618
69.2584,0.5974,2.5749
69.2586,0.6293,2.7137
69.2588,0.6212,2.6798
69.2590,0.5935,2.5591
69.2592,0.5925,2.5526
69.2594,0.6404,2.7549
69.2596,0.7009,3.0182
69.2598,0.6657,2.8677
69.2600,0.6057,2.6118
69.2602,0.5985,2.582
69.2604,0.5539,2.3906
69.2606,0.5022,2.1676
69.2608,0.5071,2.1878
69.2610,0.5657,2.4391
69.2612,0.5851,2.5229
69.2614,0.5799,2.5018
69.2616,0.5431,2.343
69.2618,0.5261,2.2727
69.2620,0.4644,2.0045
69.2622,0.4606,1.9889
69.2624,0.4596,1.9857
69.2626,0.4503,1.9417
69.2628,0.5124,2.2116
69.2630,0.449,1.9396
69.2632,0.4437,1.9159
69.2634,0.4504,1.9449
69.2636,0.4498,1.9423
69.2638,0.4417,1.908
69.2640,0.4443,1.9194
69.2642,0.4534,1.9551
69.2644,0.4798,2.0727
69.2646,0.4414,1.9069
69.2648,0.4465,1.926
69.2650,0.4534,1.9569
69.2652,0.4547,1.9617
69.2654,0.4778,2.0629
69.2656,0.5146,2.2209
69.2658,0.4745,2.0471
69.2660,0.4557,1.9649
69.2662,0.4937,2.1308
69.2664,0.4553,1.9634
69.2666,0.485,2.0911
69.2668,0.5027,2.1666
69.2670,0.5467,2.3563
69.2672,0.5943,2.5579
69.2674,0.6212,2.6736
69.2676,0.6161,2.6506
69.2678,0.6533,2.8132
69.2680,0.6147,2.6457
69.2682,0.6347,2.7319
69.2684,0.6515,2.8015
69.2686,0.7007,3.0129
69.2688,0.7133,3.0714
69.2690,0.6653,2.8661
69.2692,0.5893,2.5351
69.2694,0.6606,2.8394
69.2696,0.703,3.0227
69.2698,0.681,2.9338
69.2700,0.581,2.5041
69.2702,0.5607,2.4179
69.2704,0.6057,2.6094
69.2706,0.5948,2.566
69.2708,0.4737,2.0434
69.2710,0.4679,2.0196
69.2712,0.4714,2.0336
69.2714,0.4679,2.0158
69.2716,0.5755,2.4792
69.2718,0.5615,2.4188
69.2720,0.6055,2.6071
69.2722,0.6598,2.8371
69.2724,0.6809,2.9306
69.2726,0.6509,2.8042
69.2728,0.5954,2.5638
69.2730,0.5887,2.5349
69.2732,0.585,2.5189
69.2734,0.5953,2.5609
69.2736,0.6781,2.9214
69.2738,0.6648,2.8588
69.2740,0.7231,3.1079
69.2742,0.7001,3.009
69.2744,0.7249,3.1171
69.2746,0.6673,2.8709
69.2748,0.6016,2.5918
69.2750,0.594,2.5576
69.2752,0.6512,2.8039
69.2754,0.6337,2.7298
69.2756,0.5395,2.3253
69.2758,0.5245,2.2638
69.2760,0.5215,2.2467
69.2762,0.5303,2.2866
69.2764,0.4756,2.0498
69.2766,0.4812,2.076
69.2768,0.4748,2.0491
69.2770,0.4727,2.0412
69.2772,0.4774,2.0576
69.2774,0.5068,2.1832
69.2776,0.544,2.3433
69.2778,0.5729,2.4678
69.2780,0.5944,2.5573
69.2782,0.5908,2.5442
69.2784,0.6342,2.7298
69.2786,0.6507,2.7979
69.2788,0.6873,2.9566
69.2790,0.7118,3.0595
69.2792,0.7611,3.2667
69.2794,0.8015,3.437
69.2796,0.8259,3.548
69.2798,0.7764,3.3259
69.2800,0.9769,4.179
69.2802,1.0471,4.4817
69.2804,1.0396,4.4473
69.2806,1.0597,4.5356
69.2808,1.0717,4.5934
69.2810,0.9355,4.0076
69.2812,0.9403,4.0319
69.2814,0.8711,3.7352
69.2816,0.9067,3.8807
69.2818,0.9494,4.0729
69.2820,0.9253,3.9732
69.2822,0.8759,3.7575
69.2824,0.8417,3.6143
69.2826,0.8059,3.4571
69.2828,0.8561,3.6778
69.2830,0.8266,3.5511
69.2832,0.8517,3.6519
69.2834,0.9333,4.0002
69.2836,0.9556,4.0997
69.2838,0.8862,3.8053
69.2840,0.8235,3.536
69.2842,0.8399,3.6066
69.2844,0.8284,3.5588
69.2846,0.8093,3.4753
69.2848,0.8302,3.5682
69.2850,0.8385,3.6021
69.2852,0.8264,3.5484
69.2854,0.8413,3.6144
69.2856,0.8511,3.6545
69.2858,0.8053,3.4642
69.2860,0.7596,3.2631
69.2862,0.7959,3.4208
69.2864,0.8274,3.553
69.2866,0.8066,3.4683
69.2868,0.7543,3.2404
69.2870,0.8204,3.5226
69.2872,0.8625,3.6999
69.2874,0.8756,3.7565
69.2876,0.8704,3.7374
69.2878,0.8565,3.6811
69.2880,0.8355,3.5875
69.2882,0.8188,3.5192
69.2884,0.7957,3.4213
69.2886,0.7584,3.2625
69.2888,0.7176,3.0842
69.2890,0.7863,3.3748
69.2892,0.8441,3.6263
69.2894,0.8442,3.6268
69.2896,0.8445,3.6245
69.2898,0.911,3.9101
69.2900,0.9015,3.8712
69.2902,0.9038,3.8792
69.2904,0.895,3.8447
69.2906,0.9117,3.9114
69.2908,0.9125,3.9218
69.2910,0.7875,3.3926
69.2912,0.7001,3.0118
69.2914,0.7139,3.0739
69.2916,0.7266,3.1272
69.2918,0.7317,3.145
69.2920,0.7873,3.3868
69.2922,0.7515,3.2346
69.2924,0.7478,3.2156
69.2926,0.8261,3.5523
69.2928,0.7621,3.2831
69.2930,0.6575,2.8339
69.2932,0.6719,2.8919
69.2934,0.7079,3.0439
69.2936,0.7292,3.1386
69.2938,0.7273,3.1303
69.2940,0.7433,3.2005
69.2942,0.6699,2.8858
69.2944,0.6479,2.7938
69.2946,0.5869,2.5295
69.2948,0.6129,2.6416
69.2950,0.5651,2.4388
69.2952,0.5356,2.3104
69.2954,0.5294,2.2851
69.2956,0.5287,2.2809
69.2958,0.5824,2.5092
69.2960,0.6671,2.8752
69.2962,0.6018,2.596
69.2964,0.5538,2.389
69.2966,0.5358,2.3104
69.2968,0.567,2.4471
69.2970,0.5351,2.3083
69.2972,0.5336,2.3032
69.2974,0.5299,2.2882
69.2976,0.527,2.2737
69.2978,0.5189,2.2374
69.2980,0.5227,2.2561
69.2982,0.5306,2.2892
69.2984,0.5258,2.2685
69.2986,0.5215,2.2488
69.2988,0.5345,2.3015
69.2990,0.5772,2.4876
69.2992,0.6119,2.6375
69.2994,0.5721,2.467
69.2996,0.527,2.2726
69.2998,0.5244,2.2633
69.3000,0.5222,2.253
69.3002,0.5257,2.268
69.3004,0.5237,2.2592
69.3006,0.5465,2.3553
69.3008,0.5174,2.2323
69.3010,0.5202,2.2442
69.3012,0.5551,2.3947
69.3014,0.5568,2.4008
69.3016,0.5453,2.3479
69.3018,0.5986,2.5777
69.3020,0.6503,2.7977
69.3022,0.6795,2.9244
69.3024,0.7025,3.0207
69.3026,0.7644,3.2913
69.3028,0.6158,2.6577
69.3030,0.5208,2.2488
69.3032,0.5022,2.1666
69.3034,0.5381,2.3159
69.3036,0.5794,2.4963
69.3038,0.5425,2.3371
69.3040,0.5508,2.3706
69.3042,0.5985,2.5796
69.3044,0.5568,2.4008
69.3046,0.5913,2.5462
69.3048,0.6254,2.6941
69.3050,0.5786,2.4938
69.3052,0.5841,2.5187
69.3054,0.6024,2.5961
69.3056,0.5145,2.2173
69.3058,0.5359,2.3077
69.3060,0.6468,2.7853
69.3062,0.6604,2.8357
69.3064,0.7364,3.1696
69.3066,0.6594,2.8395
69.3068,0.6779,2.9123
69.3070,0.7467,3.208
69.3072,0.7582,3.2589
69.3074,0.7659,3.2935
69.3076,0.7346,3.1618
69.3078,0.6708,2.8859
69.3080,0.6464,2.7858
69.3082,0.6012,2.5886
69.3084,0.6237,2.6831
69.3086,0.6853,2.9456
69.3088,0.7755,3.3285
69.3090,0.8075,3.4692
69.3092,0.7261,3.1237
69.3094,0.6467,2.7887
69.3096,0.5659,2.4413
69.3098,0.5254,2.2654
69.3100,0.5641,2.4313
69.3102,0.5303,2.2844
69.3104,0.5356,2.3093
69.3106,0.5498,2.3676
69.3108,0.6491,2.799
69.3110,0.6045,2.6042
69.3112,0.6238,2.6837
69.3114,0.6624,2.8511
69.3116,0.7044,3.0275
69.3118,0.7524,3.2322
69.3120,0.7927,3.4021
69.3122,0.7232,3.1099
69.3124,0.7236,3.11
69.3126,0.8235,3.5294
69.3128,0.9433,4.0429
69.3130,0.8982,3.8514
69.3132,0.8875,3.8057
69.3134,0.9103,3.9052
69.3136,0.9057,3.8838
69.3138,0.9108,3.9054
69.3140,0.9157,3.9247
69.3142,0.9757,4.1797
69.3144,1.0319,4.4145
69.3146,1.0668,4.568
69.3148,1.0127,4.3385
69.3150,1.0185,4.3529
69.3152,1.0946,4.6828
69.3154,1.0772,4.617
69.3156,0.9024,3.8785
69.3158,0.8493,3.6518
69.3160,0.813,3.4912
69.3162,0.8343,3.5824
69.3164,0.83,3.5672
69.3166,0.8174,3.513
69.3168,0.8424,3.6174
69.3170,0.9133,3.9217
69.3172,0.8457,3.6364
69.3174,0.7711,3.3156
69.3176,0.7921,3.4059
69.3178,0.7554,3.2496
69.3180,0.7008,3.0149
69.3182,0.6961,2.9961
69.3184,0.7063,3.0386
69.3186,0.7465,3.2099
69.3188,0.8009,3.4408
69.3190,0.8599,3.6943
69.3192,0.8066,3.4715
69.3194,0.7428,3.1939
69.3196,0.8093,3.4736
69.3198,0.8252,3.5482
69.3200,0.7301,3.1393
69.3202,0.7212,3.1069
69.3204,0.6888,2.9633
69.3206,0.7482,3.2171
69.3208,0.7268,3.1283
69.3210,0.7363,3.1646
69.3212,0.799,3.4342
69.3214,0.8454,3.6353
69.3216,0.7816,3.3657
69.3218,0.7525,3.2342
69.3220,0.7759,3.3394
69.3222,0.8042,3.4563
69.3224,0.8029,3.4539
69.3226,0.7381,3.1753
69.3228,0.7067,3.0444
69.3230,0.6196,2.6718
69.3232,0.6838,2.9443
69.3234,0.6789,2.9259
69.3236,0.635,2.7316
69.3238,0.7235,3.1182
69.3240,0.5868,2.5313
69.3242,0.5812,2.504
69.3244,0.5986,2.5789
69.3246,0.6026,2.5972
69.3248,0.5966,2.5761
69.3250,0.5067,2.1888
69.3252,0.4896,2.1123
69.3254,0.4931,2.1292
69.3256,0.5137,2.2173
69.3258,0.5611,2.4183
69.3260,0.5931,2.5551
69.3262,0.5967,2.5695
69.3264,0.6345,2.7334
69.3266,0.666,2.8679
69.3268,0.7109,3.061
69.3270,0.6961,2.9947
69.3272,0.7365,3.173
69.3274,0.6446,2.7794
69.3276,0.6009,2.5899
69.3278,0.6002,2.5856
69.3280,0.6091,2.6275
69.3282,0.5465,2.3597
69.3284,0.5327,2.299
69.3286,0.5381,2.3202
69.3288,0.5711,2.4612
69.3290,0.6453,2.7786
69.3292,0.6414,2.7621
69.3294,0.6098,2.6245
69.3296,0.6039,2.6041
69.3298,0.5758,2.4854
69.3300,0.5601,2.4131
69.3302,0.6339,2.7308
69.3304,0.5678,2.4518
69.3306,0.463,1.9993
69.3308,0.4551,1.9633
69.3310,0.4649,2.0057
69.3312,0.4501,1.9415
69.3314,0.4618,1.9932
69.3316,0.4682,2.0215
69.3318,0.4956,2.1351
69.3320,0.5881,2.5358
69.3322,0.5658,2.434
69.3324,0.6725,2.8904
69.3326,0.6657,2.865
69.3328,0.5463,2.3591
69.3330,0.469,2.0251
69.3332,0.4529,1.9539
69.3334,0.4457,1.9247
69.3336,0.4582,1.9776
69.3338,0.5207,2.2431
69.3340,0.6065,2.6142
69.3342,0.5675,2.4446
69.3344,0.5514,2.3765
69.3346,0.5622,2.4219
69.3348,0.5947,2.5607
69.3350,0.6533,2.8093
69.3352,0.6792,2.9247
69.3354,0.616,2.6563
69.3356,0.5507,2.3756
69.3358,0.4893,2.1117
69.3360,0.4623,1.9952
69.3362,0.4437,1.9141
69.3364,0.4382,1.8921
69.3366,0.4442,1.9162
69.3368,0.5073,2.1842
69.3370,0.5953,2.5633
69.3372,0.5469,2.3595
69.3374,0.5345,2.3015
69.3376,0.5755,2.4781
69.3378,0.5669,2.4409
69.3380,0.6065,2.6118
69.3382,0.5904,2.5433
69.3384,0.6092,2.6232
69.3386,0.6213,2.6728
69.3388,0.6296,2.7109
69.3390,0.6461,2.7796
69.3392,0.6655,2.8632
69.3394,0.6916,2.9738
69.3396,0.6859,2.9495
69.3398,0.653,2.809
69.3400,0.6309,2.7179
69.3402,0.6531,2.8135
69.3404,0.5836,2.519
69.3406,0.4867,2.0998
69.3408,0.4817,2.0771
69.3410,0.474,2.0459
69.3412,0.4672,2.0155
69.3414,0.4764,2.0553
69.3416,0.4822,2.0782
69.3418,0.5129,2.2095
69.3420,0.531,2.2918
69.3422,0.4756,2.0508
69.3424,0.4727,2.0384
69.3426,0.4788,2.0638
69.3428,0.4811,2.0755
69.3430,0.442,1.906
69.3432,0.4853,2.0888
69.3434,0.5856,2.5249
69.3436,0.5248,2.2596
69.3438,0.5635,2.4264
69.3440,0.6304,2.7133
69.3442,0.6217,2.6731
69.3444,0.6281,2.6997
69.3446,0.6781,2.9146
69.3448,0.7028,3.0222
69.3450,0.6937,2.983
69.3452,0.7825,3.3552
69.3454,0.9091,3.8928
69.3456,0.9583,4.0976
69.3458,0.9667,4.1451
69.3460,0.8948,3.8388
69.3462,0.8499,3.6425
69.3464,0.8743,3.7491
69.3466,0.871,3.7365
69.3468,0.9037,3.8715
69.3470,0.9531,4.0869
69.3472,0.937,4.0162
69.3474,0.9475,4.0609
69.3476,0.912,3.9088
69.3478,0.9063,3.8864
69.3480,0.8599,3.6908
69.3482,0.8306,3.5664
69.3484,0.8679,3.7231
69.3486,0.9015,3.8622
69.3488,0.9252,3.9616
69.3490,0.9574,4.1016
69.3492,1.0131,4.342
69.3494,0.9765,4.1853
69.3496,0.9621,4.1236
69.3498,1.0145,4.3421
69.3500,1.0333,4.4268
69.3502,1.007,4.3178
69.3504,0.9355,4.0095
69.3506,0.9313,3.9915
69.3508,0.8963,3.8432
69.3510,0.932,4.0039
69.3512,0.8413,3.6161
69.3514,0.8171,3.5087
69.3516,0.82,3.5244
69.3518,0.8425,3.623
69.3520,0.8127,3.4897
69.3522,0.8467,3.6325
69.3524,0.8232,3.5366
69.3526,0.8443,3.6256
69.3528,0.8557,3.678
69.3530,0.7988,3.4316
69.3532,0.8255,3.5464
69.3534,0.7847,3.376
69.3536,0.746,3.2079
69.3538,0.7136,3.0701
69.3540,0.7118,3.0652
69.3542,0.7308,3.1424
69.3544,0.7693,3.3079
69.3546,0.758,3.2579
69.3548,0.7947,3.4172
69.3550,0.7454,3.2068
69.3552,0.7351,3.1595
69.3554,0.7488,3.2242
69.3556,0.6929,2.9808
69.3558,0.7433,3.1975
69.3560,0.7401,3.1841
69.3562,0.673,2.8979
69.3564,0.6612,2.8499
69.3566,0.6598,2.8411
69.3568,0.6602,2.84
69.3570,0.6597,2.8405
69.3572,0.6757,2.907
69.3574,0.6942,2.992
69.3576,0.6203,2.6737
69.3578,0.5802,2.5017
69.3580,0.5775,2.4891
69.3582,0.6141,2.6456
69.3584,0.633,2.7259
69.3586,0.6417,2.7644
69.3588,0.632,2.7238
69.3590,0.6295,2.7079
69.3592,0.687,2.9569
69.3594,0.7237,3.1163
69.3596,0.6972,3.0036
69.3598,0.6477,2.7876
69.3600,0.6453,2.7773
69.3602,0.6502,2.8011
69.3604,0.5905,2.5461
69.3606,0.5594,2.4145
69.3608,0.5408,2.3332
69.3610,0.5244,2.2612
69.3612,0.5237,2.2592
69.3614,0.5296,2.2845
69.3616,0.5317,2.2917
69.3618,0.5557,2.3929
69.3620,0.6209,2.6775
69.3622,0.5703,2.4593
69.3624,0.5412,2.3325
69.3626,0.5456,2.3538
69.3628,0.5392,2.327
69.3630,0.5354,2.3088
69.3632,0.5347,2.3046
69.3634,0.5757,2.4814
69.3636,0.6238,2.6886
69.3638,0.6337,2.7323
69.3640,0.5321,2.2943
69.3642,0.523,2.2561
69.3644,0.5507,2.3745
69.3646,0.5894,2.5415
69.3648,0.5384,2.3196
69.3650,0.5318,2.2922
69.3652,0.5752,2.4759
69.3654,0.6173,2.6558
69.3656,0.6411,2.7618
69.3658,0.6176,2.6593
69.3660,0.6786,2.9181
69.3662,0.723,3.1089
69.3664,0.7395,3.1845
69.3666,0.6759,2.9089
69.3668,0.682,2.9339
69.3670,0.6635,2.8557
69.3672,0.6489,2.7928
69.3674,0.6611,2.8454
69.3676,0.6871,2.9615
69.3678,0.6374,2.7458
69.3680,0.6629,2.8492
69.3682,0.7281,3.131
69.3684,0.7431,3.194
69.3686,0.7722,3.3156
69.3688,0.6977,3.0042
69.3690,0.6354,2.735
69.3692,0.7196,3.0944
69.3694,0.7374,3.1707
69.3696,0.6997,3.0144
69.3698,0.6651,2.8611
69.3700,0.6899,2.9652
69.3702,0.6936,2.9853
69.3704,0.6287,2.7073
69.3706,0.6028,2.5946
69.3708,0.6605,2.8442
69.3710,0.6639,2.8573
69.3712,0.6615,2.847
69.3714,0.6628,2.8513
69.3716,0.7006,3.0124
69.3718,0.6847,2.9457
69.3720,0.6864,2.9475
69.3722,0.7989,3.4337
69.3724,0.7519,3.2331
69.3726,0.8118,3.4861
69.3728,0.7891,3.3946
69.3730,0.6726,2.8977
69.3732,0.6821,2.9344
69.3734,0.6604,2.8397
69.3736,0.709,3.0485
69.3738,0.7026,3.0268
69.3740,0.6566,2.8271
69.3742,0.6452,2.7755
69.3744,0.65,2.8
69.3746,0.5959,2.567
69.3748,0.5888,2.5377
69.3750,0.5538,2.3824
69.3752,0.6666,2.8665
69.3754,0.6843,2.9505
69.3756,0.5713,2.4634
69.3758,0.5568,2.3997
69.3760,0.5453,2.3512
69.3762,0.5552,2.3952
69.3764,0.5609,2.4151
69.3766,0.6354,2.7375
69.3768,0.5528,2.3849
69.3770,0.5346,2.3041
69.3772,0.5576,2.4056
69.3774,0.5127,2.2085
69.3776,0.5925,2.5526
69.3778,0.6157,2.6486
69.3780,0.6853,2.9469
69.3782,0.7057,3.0332
69.3784,0.7716,3.3146
69.3786,0.7817,3.3553
69.3788,0.7648,3.2858
69.3790,0.7747,3.3326
69.3792,0.7665,3.2914
69.3794,0.8142,3.4947
69.3796,0.8284,3.5538
69.3798,0.8354,3.5803
69.3800,0.9156,3.9278
69.3802,0.8813,3.7825
69.3804,0.8621,3.6949
69.3806,0.9536,4.089
69.3808,0.921,3.9547
69.3810,0.8731,3.751
69.3812,0.8363,3.5878
69.3814,0.8892,3.8147
69.3816,0.8987,3.8535
69.3818,0.8997,3.8563
69.3820,0.9339,4.0084
69.3822,0.908,3.8991
69.3824,0.9147,3.9206
69.3826,0.9372,4.0186
69.3828,0.9132,3.9194
69.3830,0.9348,4.012
69.3832,0.8922,3.8346
69.3834,0.843,3.62
69.3836,0.9149,3.9247
69.3838,0.952,4.0804
69.3840,0.9698,4.1681
69.3842,0.8351,3.586
69.3844,0.846,3.6295
69.3846,0.8833,3.7912
69.3848,0.8664,3.7273
69.3850,0.7537,3.2394
69.3852,0.7963,3.4239
69.3854,0.7965,3.4297
69.3856,0.707,3.0389
69.3858,0.7752,3.3316
69.3860,0.7949,3.4151
69.3862,0.823,3.534
69.3864,0.8085,3.47
69.3866,0.8238,3.5409
69.3868,0.7918,3.4064
69.3870,0.7876,3.3884
69.3872,0.7935,3.4105
69.3874,0.7891,3.3882
69.3876,0.835,3.5888
69.3878,0.8294,3.5629
69.3880,0.8491,3.6479
69.3882,0.7972,3.4296
69.3884,0.7736,3.3265
69.3886,0.8339,3.5842
69.3888,0.7795,3.358
69.3890,0.6323,2.7241
69.3892,0.7909,3.3975
69.3894,0.8024,3.4486
69.3896,0.7861,3.3832
69.3898,0.694,2.9855
69.3900,0.7429,3.1959
69.3902,0.7734,3.3254
69.3904,0.8068,3.4725
69.3906,0.7552,3.2476
69.3908,0.741,3.1862
69.3910,0.6927,2.9853
69.3912,0.5966,2.5725
69.3914,0.5874,2.5362
69.3916,0.5913,2.545
69.3918,0.7088,3.0508
69.3920,0.6796,2.9317
69.3922,0.588,2.5306
69.3924,0.6639,2.8573
69.3926,0.6502,2.8011
69.3928,0.6675,2.8781
69.3930,0.632,2.7263
69.3932,0.5896,2.5425
69.3934,0.5455,2.3533
69.3936,0.5395,2.3307
69.3938,0.5011,2.1609
69.3940,0.5449,2.3486
69.3942,0.5545,2.391
69.3944,0.58,2.5023
69.3946,0.5682,2.4511
69.3948,0.5874,2.5362
69.3950,0.4847,2.093
69.3952,0.4584,1.9796
69.3954,0.4673,2.0179
69.3956,0.467,2.0163
69.3958,0.4544,1.9602
69.3960,0.4551,1.9651
69.3962,0.4966,2.1433
69.3964,0.4823,2.0846
69.3966,0.4493,1.9411
69.3968,0.4467,1.9288
69.3970,0.4449,1.9211
69.3972,0.4469,1.9308
69.3974,0.4511,1.948
69.3976,0.448,1.9327
69.3978,0.4534,1.956
69.3980,0.4992,2.1546
69.3982,0.4677,2.0185
69.3984,0.4509,1.9461
69.3986,0.4465,1.9287
69.3988,0.4421,1.91
69.3990,0.4391,1.8945
69.3992,0.4471,1.9286
69.3994,0.4477,1.933
69.3996,0.4435,1.9149
69.3998,0.4456,1.9233
69.4000,0.4453,1.9226
69.4002,0.4877,2.104
69.4004,0.5401,2.329
69.4006,0.4766,2.0568
69.4008,0.4477,1.9321
69.4010,0.4538,1.9576
69.4012,0.5276,2.2731
69.4014,0.5888,2.5366
69.4016,0.5766,2.4827
69.4018,0.579,2.4942
69.4020,0.5636,2.4303
69.4022,0.5689,2.4531
69.4024,0.5031,2.1702
69.4026,0.4461,1.9254
69.4028,0.4306,1.8569
69.4030,0.4305,1.8572
69.4032,0.4297,1.8544
69.4034,0.5008,2.1584
69.4036,0.5769,2.4854
69.4038,0.5708,2.4579
69.4040,0.5736,2.4686
69.4042,0.5763,2.4794
69.4044,0.6025,2.5954
69.4046,0.5689,2.4497
69.4048,0.5714,2.4582
69.4050,0.6586,2.8306
69.4052,0.6924,2.9815
69.4054,0.6927,2.977
69.4056,0.71,3.0517
69.4058,0.6973,2.9971
69.4060,0.7882,3.3815
69.4062,0.8662,3.7211
69.4064,0.7572,3.2513
69.4066,0.7128,3.0622
69.4068,0.764,3.2867
69.4070,0.6602,2.8426
69.4072,0.6159,2.6508
69.4074,0.6217,2.6744
69.4076,0.6121,2.6331
69.4078,0.6153,2.6507
69.4080,0.5599,2.4098
69.4082,0.5814,2.4987
69.4084,0.6898,2.9674
69.4086,0.6809,2.9319
69.4088,0.6285,2.705
69.4090,0.5972,2.5727
69.4092,0.5649,2.4349
69.4094,0.5689,2.4508
69.4096,0.5402,2.3262
69.4098,0.5633,2.4254
69.4100,0.6518,2.8039
69.4102,0.6968,2.9964
69.4104,0.6497,2.7964
69.4106,0.6263,2.6957
69.4108,0.647,2.7819
69.4110,0.6809,2.9251
69.4112,0.7099,3.0526
69.4114,0.6706,2.8808
69.4116,0.7481,3.2106
69.4118,0.7973,3.4254
69.4120,0.8407,3.6051
69.4122,0.9163,3.9291
69.4124,0.8599,3.6891
69.4126,0.8681,3.7189
69.4128,0.9348,4.0083
69.4130,0.933,3.9931
69.4132,0.985,4.2198
69.4134,0.9364,4.0155
69.4136,0.9283,3.9824
69.4138,0.8962,3.8481
69.4140,0.8122,3.4876
69.4142,0.8196,3.5179
69.4144,0.8548,3.6704
69.4146,0.8531,3.6615
69.4148,0.8471,3.6358
69.4150,0.8407,3.6068
69.4152,0.9183,3.936
69.4154,0.8862,3.8071
69.4156,0.821,3.5252
69.4158,0.8187,3.5138
69.4160,0.8134,3.4977
69.4162,0.7794,3.3465
69.4164,0.836,3.5913
69.4166,0.8247,3.5412
69.4168,0.8141,3.4959
69.4170,0.8166,3.5067
69.4172,0.831,3.5651
69.4174,0.8415,3.615
69.4176,0.7624,3.2755
69.4178,0.776,3.3321
69.4180,0.7832,3.3677
69.4182,0.7816,3.3626
69.4184,0.7623,3.2749
69.4186,0.7741,3.3254
69.4188,0.7744,3.3301
69.4190,0.7771,3.3399
69.4192,0.7576,3.2564
69.4194,0.7861,3.3769
69.4196,0.8356,3.5931
69.4198,0.8002,3.4409
69.4200,0.7684,3.2981
69.4202,0.8174,3.5114
69.4204,0.8538,3.6646
69.4206,0.8573,3.6795
69.4208,0.8452,3.6292
69.4210,0.8735,3.7612
69.4212,0.7151,3.0791
69.4214,0.6652,2.8643
69.4216,0.7116,3.0584
69.4218,0.7912,3.4007
69.4220,0.7921,3.4043
69.4222,0.8193,3.5213
69.4224,0.7864,3.3785
69.4226,0.7919,3.4069
69.4228,0.7136,3.0715
69.4230,0.7231,3.1094
69.4232,0.764,3.2883
69.4234,0.7428,3.1939
69.4236,0.6881,2.9602
69.4238,0.6777,2.9166
69.4240,0.6815,2.9345
69.4242,0.6783,2.9192
69.4244,0.663,2.855
69.4246,0.6801,2.9256
69.4248,0.7997,3.4389
69.4250,0.7322,3.1456
69.4252,0.7743,3.3373
69.4254,0.6255,2.6959
69.4256,0.6738,2.8988
69.4258,0.753,3.2378
69.4260,0.7692,3.3105
69.4262,0.7702,3.3105
69.4264,0.7323,3.152
69.4266,0.6684,2.8782
69.4268,0.691,2.9726
69.4270,0.6887,2.9628
69.4272,0.6655,2.8685
69.4274,0.614,2.6463
69.4276,0.6172,2.659
69.4278,0.6389,2.7525
69.4280,0.6797,2.9227
69.4282,0.77,3.3094
69.4284,0.7496,3.2248
69.4286,0.7314,3.1464
69.4288,0.7193,3.0957
69.4290,0.6103,2.6327
69.4292,0.5462,2.3575
69.4294,0.5374,2.3192
69.4296,0.5335,2.3016
69.4298,0.5353,2.3083
69.4300,0.5362,2.313
69.4302,0.5463,2.3548
69.4304,0.5445,2.3492
69.4306,0.5372,2.3144
69.4308,0.6209,2.6775
69.4310,0.5501,2.3741
69.4312,0.537,2.3134
69.4314,0.6383,2.7448
69.4316,0.6731,2.9011
69.4318,0.5472,2.3584
69.4320,0.5299,2.284
69.4322,0.5345,2.3068
69.4324,0.5666,2.4421
69.4326,0.6394,2.7546
69.4328,0.6065,2.613
69.4330,0.5636,2.4326
69.4332,0.5432,2.3413
69.4334,0.5424,2.3366
69.4336,0.5395,2.3253
69.4338,0.5916,2.5472
69.4340,0.6237,2.6844
69.4342,0.6652,2.8616
69.4344,0.6906,2.9724
69.4346,0.678,2.9141
69.4348,0.7128,3.0636
69.4350,0.6689,2.8843
69.4352,0.6332,2.7264
69.4354,0.6281,2.7085
69.4356,0.5388,2.3222
69.4358,0.5267,2.2732
69.4360,0.5157,2.2245
69.4362,0.5182,2.2323
69.4364,0.538,2.3164
69.4366,0.6232,2.6786
69.4368,0.6721,2.8902
69.4370,0.6594,2.8382
69.4372,0.6687,2.8779
69.4374,0.6811,2.9303
69.4376,0.6691,2.88
69.4378,0.6719,2.8905
69.4380,0.6906,2.9724
69.4382,0.7046,3.0257
69.4384,0.8194,3.5136
69.4386,0.8258,3.5425
69.4388,0.8045,3.4547
69.4390,0.7145,3.068
69.4392,0.755,3.245
69.4394,0.7394,3.178
69.4396,0.7567,3.2537
69.4398,0.6946,2.9936
69.4400,0.6045,2.6018
69.4402,0.5924,2.5521
69.4404,0.5294,2.2851
69.4406,0.5297,2.2829
69.4408,0.5681,2.4494
69.4410,0.4956,2.1361
69.4412,0.5786,2.4915
69.4414,0.6308,2.7186
69.4416,0.5652,2.437
69.4418,0.454,1.9604
69.4420,0.4744,2.0456
69.4422,0.5135,2.2183
69.4424,0.4021,1.737
69.4426,0.4012,1.7326
69.4428,0.4294,1.8534
69.4430,0.4791,2.0648
69.4432,0.5353,2.3072
69.4434,0.5286,2.2793
69.4436,0.5154,2.2214
69.4438,0.5996,2.5818
69.4440,0.692,2.9786
69.4442,0.6684,2.8756
69.4444,0.6634,2.8499
69.4446,0.7512,3.2255
69.4448,0.7796,3.3476
69.4450,0.8216,3.5245
69.4452,0.9111,3.907
69.4454,0.9354,4.009
69.4456,0.9328,4
69.4458,0.9284,3.9792
69.4460,0.9845,4.2158
69.4462,0.979,4.1882
69.4464,1.0478,4.4869
69.4466,1.0282,4.4047
69.4468,1.0115,4.3293
69.4470,1.0452,4.4756
69.4472,1.0872,4.6553
69.4474,1.0842,4.6403
69.4476,1.054,4.5131
69.4478,1.0573,4.5232
69.4480,1.0801,4.625
69.4482,1.0776,4.6121
69.4484,1.0814,4.6307
69.4486,0.988,4.2405
69.4488,0.9783,4.193
69.4490,0.9628,4.1286
69.4492,0.8953,3.8391
69.4494,0.9346,4.0059
69.4496,0.9669,4.1422
69.4498,0.964,4.1434
69.4500,0.8611,3.6943
69.4502,0.953,4.0826
69.4504,1.0154,4.3538
69.4506,0.9799,4.2095
69.4508,0.8529,3.6656
69.4510,0.8063,3.4672
69.4512,0.7971,3.4275
69.4514,0.8057,3.4679
69.4516,0.7881,3.3873
69.4518,0.8452,3.6309
69.4520,0.8539,3.6719
69.4522,0.7976,3.4328
69.4524,0.755,3.2496
69.4526,0.7249,3.1186
69.4528,0.7778,3.3445
69.4530,0.8157,3.5091
69.4532,0.7851,3.3744
69.4534,0.7924,3.409
69.4536,0.7978,3.429
69.4538,0.8481,3.6399
69.4540,0.7948,3.4257
69.4542,0.6147,2.6518
69.4544,0.5913,2.5498
69.4546,0.6056,2.6077
69.4548,0.6844,2.9483
69.4550,0.6856,2.9521
69.4552,0.5994,2.5832
69.4554,0.6434,2.7665
69.4556,0.6994,3.0143
69.4558,0.681,2.9297
69.4560,0.7086,3.0512
69.4562,0.6887,2.971
69.4564,0.6006,2.5884
69.4566,0.5929,2.5529
69.4568,0.6482,2.791
69.4570,0.6929,2.9836
69.4572,0.7152,3.0768
69.4574,0.712,3.0671
69.4576,0.6905,2.976
69.4578,0.6365,2.7447
69.4580,0.5845,2.5203
69.4582,0.5848,2.5218
69.4584,0.6051,2.608
69.4586,0.6089,2.627
69.4588,0.5414,2.3357
69.4590,0.4779,2.0654
69.4592,0.483,2.0838
69.4594,0.4891,2.1141
69.4596,0.4875,2.1059
69.4598,0.4769,2.0612
69.4600,0.449,1.9378
69.4602,0.4412,1.9041
69.4604,0.4581,1.9753
69.4606,0.5286,2.2783
69.4608,0.5793,2.4957
69.4610,0.6183,2.6673
69.4612,0.501,2.1634
69.4614,0.4533,1.9591
69.4616,0.4493,1.9411
69.4618,0.4472,1.93
69.4620,0.4443,1.9185
69.4622,0.4496,1.9413
69.4624,0.4515,1.9486
69.4626,0.4631,1.9988
69.4628,0.4628,1.9982
69.4630,0.4798,2.0708
69.4632,0.4605,1.9893
69.4634,0.466,2.0113
69.4636,0.5285,2.2788
69.4638,0.4978,2.1474
69.4640,0.4588,1.9793
69.4642,0.4556,1.9653
69.4644,0.4474,1.9328
69.4646,0.4656,2.0107
69.4648,0.4702,2.0284
69.4650,0.5192,2.2369
69.4652,0.6199,2.6679
69.4654,0.6158,2.6516
69.4656,0.5894,2.5403
69.4658,0.5738,2.4697
69.4660,0.5966,2.5689
69.4662,0.5788,2.4948
69.4664,0.5565,2.3987
69.4666,0.5513,2.3771
69.4668,0.5919,2.5476
69.4670,0.6247,2.691
69.4672,0.5733,2.4711
69.4674,0.6211,2.6705
69.4676,0.7319,3.1455
69.4678,0.7277,3.1333
69.4680,0.6008,2.5906
69.4682,0.5822,2.5058
69.4684,0.658,2.8294
69.4686,0.6384,2.7517
69.4688,0.5967,2.5683
69.4690,0.657,2.8279
69.4692,0.613,2.6409
69.4694,0.563,2.4266
69.4696,0.586,2.5235
69.4698,0.6074,2.6191
69.4700,0.5619,2.422
69.4702,0.5634,2.4293
69.4704,0.5544,2.3872
69.4706,0.5652,2.4314
69.4708,0.6494,2.7935
69.4710,0.6883,2.9571
69.4712,0.6843,2.945
69.4714,0.6533,2.8106
69.4716,0.6805,2.9263
69.4718,0.6905,2.9733
69.4720,0.6549,2.8199
69.4722,0.6777,2.9126
69.4724,0.703,3.0241
69.4726,0.6253,2.6923
69.4728,0.5995,2.5813
69.4730,0.5925,2.5526
69.4732,0.6429,2.7683
69.4734,0.6447,2.7721
69.4736,0.694,2.9841
69.4738,0.6879,2.955
69.4740,0.7753,3.329
69.4742,0.7178,3.0953
69.4744,0.515,2.224
69.4746,0.4684,2.0188
69.4748,0.5143,2.2219
69.4750,0.4232,1.8248
69.4752,0.4642,2.0026
69.4754,0.4194,1.8108
69.4756,0.449,1.9351
69.4758,0.4859,2.0952
69.4760,0.5384,2.3207
69.4762,0.5028,2.1692
69.4764,0.5296,2.2835
69.4766,0.5631,2.4237
69.4768,0.6527,2.8054
69.4770,0.715,3.0714
69.4772,0.7304,3.1379
69.4774,0.7841,3.3671
69.4776,0.7852,3.3702
69.4778,0.8144,3.4953
69.4780,0.8652,3.7152
69.4782,0.8484,3.6363
69.4784,0.8899,3.816
69.4786,0.9077,3.8957
69.4788,0.889,3.8118
69.4790,0.9026,3.865
69.4792,0.9045,3.8805
69.4794,0.8902,3.8152
69.4796,0.9215,3.9512
69.4798,0.9373,4.0191
69.4800,0.9446,4.0523
69.4802,0.8463,3.6305
69.4804,0.8614,3.6953
69.4806,0.852,3.6518
69.4808,0.8298,3.5683
69.4810,0.8121,3.4887
69.4812,0.8315,3.5672
69.4814,0.8836,3.7922
69.4816,0.8521,3.6608
69.4818,0.8446,3.6182
69.4820,0.9062,3.8895
69.4822,0.8012,3.4419
69.4824,0.7894,3.3945
69.4826,0.7815,3.3589
69.4828,0.8473,3.63
69.4830,0.9486,4.0655
69.4832,0.9257,3.9692
69.4834,0.8999,3.8604
69.4836,0.8455,3.6308
69.4838,0.8431,3.6188
69.4840,0.8767,3.7664
69.4842,0.8224,3.5363
69.4844,0.8345,3.5884
69.4846,0.7464,3.2079
69.4848,0.8169,3.5093
69.4850,0.867,3.7212
69.4852,0.8777,3.7635
69.4854,0.837,3.5959
69.4856,0.8397,3.6089
69.4858,0.8641,3.7123
69.4860,0.8063,3.4624
69.4862,0.8395,3.605
69.4864,0.8448,3.6311
69.4866,0.8252,3.5432
69.4868,0.7466,3.2134
69.4870,0.6907,2.9715
69.4872,0.7379,3.1684
69.4874,0.8129,3.4956
69.4876,0.7165,3.0839
69.4878,0.6837,2.9384
69.4880,0.7729,3.3218
69.4882,0.7484,3.2212
69.4884,0.69,2.9726
69.4886,0.6829,2.9366
69.4888,0.7501,3.2269
69.4890,0.7812,3.3621
69.4892,0.7395,3.183
69.4894,0.678,2.9168
69.4896,0.6617,2.8507
69.4898,0.6706,2.8875
69.4900,0.6775,2.9175
69.4902,0.6875,2.9617
69.4904,0.6894,2.97
69.4906,0.6484,2.7959
69.4908,0.5912,2.5481
69.4910,0.5835,2.5138
69.4912,0.6429,2.7657
69.4914,0.7165,3.0867
69.4916,0.6576,2.8318
69.4918,0.6635,2.8584
69.4920,0.6857,2.9526
69.4922,0.6377,2.7499
69.4924,0.5491,2.3677
69.4926,0.541,2.3315
69.4928,0.5514,2.3776
69.4930,0.5555,2.394
69.4932,0.6135,2.643
69.4934,0.6516,2.8073
69.4936,0.6614,2.8438
69.4938,0.702,3.0242
69.4940,0.6657,2.8664
69.4942,0.6308,2.7186
69.4944,0.549,2.3672
69.4946,0.5314,2.2923
69.4948,0.5311,2.2923
69.4950,0.5306,2.2881
69.4952,0.5769,2.4877
69.4954,0.5345,2.3068
69.4956,0.5304,2.286
69.4958,0.5779,2.4907
69.4960,0.533,2.2985
69.4962,0.5362,2.3108
69.4964,0.5742,2.4747
69.4966,0.5314,2.2923
69.4968,0.5263,2.2706
69.4970,0.5653,2.4353
69.4972,0.6183,2.6624
69.4974,0.6068,2.6177
69.4976,0.536,2.3114
69.4978,0.5257,2.2659
69.4980,0.5275,2.2747
69.4982,0.526,2.268
69.4984,0.5227,2.255
69.4986,0.5164,2.2266
69.4988,0.519,2.238
69.4990,0.5257,2.268
69.4992,0.5378,2.3181
69.4994,0.5248,2.2617
69.4996,0.5236,2.2566
69.4998,0.5428,2.3382
69.5000,0.5697,2.451
69.5002,0.6392,2.7497
69.5004,0.682,2.9366
69.5006,0.676,2.9081
69.5008,0.7091,3.049
69.5010,0.6291,2.7114
69.5012,0.5324,2.2969
69.5014,0.5477,2.3594
69.5016,0.5356,2.3082
69.5018,0.564,2.4296
69.5020,0.6074,2.6178
69.5022,0.5889,2.5371
69.5024,0.6388,2.7481
69.5026,0.6562,2.8229
69.5028,0.6682,2.8705
69.5030,0.7373,3.1717
69.5032,0.6584,2.8336
69.5034,0.6086,2.6218
69.5036,0.6218,2.6749
69.5038,0.6924,2.976
69.5040,0.7639,3.2877
69.5042,0.7323,3.1505
69.5044,0.6826,2.9364
69.5046,0.6714,2.8898
69.5048,0.7356,3.1601
69.5050,0.7651,3.2883
69.5052,0.7648,3.2858
69.5054,0.7447,3.2022
69.5056,0.6874,2.9585
69.5058,0.6321,2.7193
69.5060,0.6274,2.7029
69.5062,0.5562,2.3983
69.5064,0.5462,2.3532
69.5066,0.5541,2.3884
69.5068,0.5694,2.4551
69.5070,0.5774,2.4886
69.5072,0.5725,2.4651
69.5074,0.588,2.5329
69.5076,0.6221,2.6802
69.5078,0.5648,2.4344
69.5080,0.4957,2.1386
69.5082,0.5509,2.3744
69.5084,0.5817,2.5084
69.5086,0.4821,2.0806
69.5088,0.4839,2.0865
69.5090,0.548,2.3631
69.5092,0.4972,2.1438
69.5094,0.4896,2.1103
69.5096,0.5815,2.5015
69.5098,0.6319,2.7195
69.5100,0.6407,2.7577
69.5102,0.6779,2.9136
69.5104,0.6909,2.972
69.5106,0.717,3.0845
69.5108,0.7772,3.3342
69.5110,0.8406,3.6063
69.5112,0.8277,3.5474
69.5114,0.9213,3.9452
69.5116,1.0365,4.436
69.5118,1.0505,4.5024
69.5120,1.0218,4.3734
69.5122,1.0086,4.319
69.5124,1.0026,4.2953
69.5126,1.0374,4.4422
69.5128,1.0759,4.6006
69.5130,1.0896,4.6656
69.5132,1.0017,4.2912
69.5134,0.9851,4.2262
69.5136,0.9835,4.2131
69.5138,1.0156,4.3488
69.5140,1.0742,4.5934
69.5142,1.083,4.6373
69.5144,1.0773,4.6089
69.5146,1.1164,4.7784
69.5148,1.0941,4.6851
69.5150,1.0289,4.416
69.5152,0.9083,3.9073
69.5154,0.7753,3.3352
69.5156,0.7138,3.0734
69.5158,0.7055,3.0322
69.5160,0.7485,3.2217
69.5162,0.7142,3.0755
69.5164,0.6971,3.0017
69.5166,0.6964,2.9958
69.5168,0.7464,3.2094
69.5170,0.7911,3.4002
69.5172,0.8132,3.4934
69.5174,0.787,3.3826
69.5176,0.7344,3.1637
69.5178,0.7142,3.0769
69.5180,0.6557,2.8235
69.5182,0.67,2.8823
69.5184,0.6798,2.9273
69.5186,0.6755,2.9101
69.5188,0.6985,3.0009
69.5190,0.7606,3.2708
69.5192,0.6961,2.9947
69.5194,0.7054,3.0331
69.5196,0.7592,3.2676
69.5198,0.773,3.3239
69.5200,0.7863,3.378
69.5202,0.7871,3.3816
69.5204,0.7893,3.3972
69.5206,0.7566,3.2547
69.5208,0.7106,3.06
69.5210,0.676,2.9148
69.5212,0.6086,2.6242
69.5214,0.6058,2.6087
69.5216,0.6807,2.9336
69.5218,0.6129,2.6416
69.5220,0.5934,2.5562
69.5222,0.5935,2.5579
69.5224,0.6064,2.6161
69.5226,0.5923,2.5539
69.5228,0.6085,2.6237
69.5230,0.6237,2.6869
69.5232,0.5973,2.5768
69.5234,0.5486,2.3657
69.5236,0.6313,2.7182
69.5238,0.703,3.0227
69.5240,0.6817,2.9342
69.5242,0.6555,2.8238
69.5244,0.6737,2.9023
69.5246,0.7147,3.0776
69.5248,0.6651,2.8664
69.5250,0.5911,2.5499
69.5252,0.59,2.5405
69.5254,0.6612,2.8459
69.5256,0.6065,2.6142
69.5258,0.5693,2.4558
69.5260,0.5664,2.4422
69.5262,0.6338,2.729
69.5264,0.6801,2.9242
69.5266,0.6548,2.8233
69.5268,0.552,2.3824
69.5270,0.5388,2.3222
69.5272,0.5442,2.3465
69.5274,0.5637,2.432
69.5276,0.5612,2.42
69.5278,0.5582,2.407
69.5280,0.5851,2.5229
69.5282,0.5803,2.4987
69.5284,0.623,2.6825
69.5286,0.6082,2.6263
69.5288,0.486,2.0967
69.5290,0.4726,2.0407
69.5292,0.4655,2.0101
69.5294,0.4613,1.9929
69.5296,0.4493,1.9402
69.5298,0.4528,1.9561
69.5300,0.4492,1.9406
69.5302,0.4479,1.9322
69.5304,0.4678,2.0181
69.5306,0.4882,2.108
69.5308,0.4522,1.9518
69.5310,0.4515,1.9504
69.5312,0.4498,1.9423
69.5314,0.4496,1.9386
69.5316,0.51,2.1992
69.5318,0.513,2.2121
69.5320,0.5436,2.344
69.5322,0.558,2.4016
69.5324,0.5962,2.571
69.5326,0.541,2.3304
69.5328,0.552,2.3802
69.5330,0.5112,2.2054
69.5332,0.5198,2.2405
69.5334,0.576,2.4778
69.5336,0.6112,2.6319
69.5338,0.6315,2.7167
69.5340,0.6537,2.8147
69.5342,0.6321,2.7218
69.5344,0.5942,2.5586
69.5346,0.5702,2.4576
69.5348,0.5881,2.5323
69.5350,0.6061,2.6061
69.5352,0.6277,2.7039
69.5354,0.6137,2.644
69.5356,0.607,2.6139
69.5358,0.5893,2.5363
69.5360,0.6053,2.6091
69.5362,0.5832,2.5076
69.5364,0.6784,2.9157
69.5366,0.7436,3.1961
69.5368,0.7659,3.2889
69.5370,0.7941,3.4115
69.5372,0.7494,3.2208
69.5374,0.6755,2.9101
69.5376,0.5883,2.5321
69.5378,0.6225,2.6817
69.5380,0.585,2.5212
69.5382,0.57,2.4554
69.5384,0.5703,2.4559
69.5386,0.5653,2.4353
69.5388,0.5273,2.2736
69.5390,0.4948,2.1335
69.5392,0.4804,2.0724
69.5394,0.4719,2.0357
69.5396,0.4696,2.024
69.5398,0.4743,2.046
69.5400,0.487,2.0979
69.5402,0.5812,2.5017
69.5404,0.546,2.3543
69.5406,0.4523,1.9514
69.5408,0.4036,1.7421
69.5410,0.3927,1.6966
69.5412,0.3911,1.6878
69.5414,0.3913,1.6904
69.5416,0.4125,1.7796
69.5418,0.462,1.9933
69.5420,0.4679,2.0177
69.5422,0.4791,2.0619
69.5424,0.5339,2.301
69.5426,0.5143,2.2188
69.5428,0.5079,2.1889
69.5430,0.5959,2.5623
69.5432,0.6507,2.7979
69.5434,0.6954,2.9875
69.5436,0.7688,3.3012
69.5438,0.7773,3.3316
69.5440,0.8439,3.6202
69.5442,0.8234,3.5273
69.5444,0.931,3.9905
69.5446,0.9393,4.0203
69.5448,1.0538,4.5105
69.5450,1.0748,4.5981
69.5452,1.0451,4.4751
69.5454,1.0397,4.4478
69.5456,1.0164,4.3524
69.5458,0.9854,4.2134
69.5460,1.0747,4.5912
69.5462,1.1739,5.0219
69.5464,1.1367,4.8674
69.5466,1.0073,4.3174
69.5468,1.0032,4.2979
69.5470,0.9863,4.2274
69.5472,0.9635,4.124
69.5474,1.0295,4.4104
69.5476,1.0287,4.4068
69.5478,1.0323,4.4181
69.5480,1.0441,4.4689
69.5482,1.0445,4.4767
69.5484,0.9922,4.2546
69.5486,0.9083,3.9019
69.5488,0.8429,3.6161
69.5490,0.8984,3.8579
69.5492,0.884,3.7978
69.5494,0.8984,3.8561
69.5496,0.9025,3.87
69.5498,0.951,4.0815
69.5500,0.8422,3.6147
69.5502,0.8449,3.6282
69.5504,0.8784,3.7684
69.5506,0.9264,3.9723
69.5508,0.9192,3.9525
69.5510,0.7817,3.3631
69.5512,0.7843,3.3676
69.5514,0.8405,3.6075
69.5516,0.8434,3.6215
69.5518,0.8458,3.6318
69.5520,0.8556,3.6723
69.5522,0.8497,3.6505
69.5524,0.8665,3.7226
69.5526,0.9053,3.8818
69.5528,0.9634,4.1292
69.5530,0.9472,4.0674
69.5532,0.8766,3.7641
69.5534,0.9514,4.074
69.5536,0.9959,4.2825
69.5538,0.8382,3.6027
69.5540,0.8598,3.6955
69.5542,0.7494,3.2283
69.5544,0.6827,2.9411
69.5546,0.6889,2.9638
69.5548,0.7415,3.1927
69.5550,0.6944,2.9903
69.5552,0.6745,2.9059
69.5554,0.6867,2.9554
69.5556,0.7371,3.1771
69.5558,0.6784,2.9238
69.5560,0.6654,2.8667
69.5562,0.6582,2.8344
69.5564,0.6654,2.864
69.5566,0.6658,2.8656
69.5568,0.7292,3.1342
69.5570,0.8242,3.5457
69.5572,0.8066,3.4715
69.5574,0.6845,2.9515
69.5576,0.6022,2.5968
69.5578,0.6012,2.5886
69.5580,0.6163,2.6561
69.5582,0.6014,2.5932
69.5584,0.5947,2.5666
69.5586,0.5352,2.3088
69.5588,0.5338,2.3026
69.5590,0.5417,2.3389
69.5592,0.5274,2.2763
69.5594,0.5213,2.2509
69.5596,0.5208,2.2478
69.5598,0.532,2.2949
69.5600,0.5478,2.3599
69.5602,0.6139,2.6482
69.5604,0.5473,2.3633
69.5606,0.5318,2.2954
69.5608,0.5314,2.2912
69.5610,0.5297,2.285
69.5612,0.532,2.2959
69.5614,0.5286,2.2804
69.5616,0.5281,2.2783
69.5618,0.5383,2.318
69.5620,0.5712,2.4606
69.5622,0.5657,2.438
69.5624,0.5762,2.4846
69.5626,0.5791,2.4982
69.5628,0.552,2.3791
69.5630,0.5327,2.2969
69.5632,0.5322,2.2938
69.5634,0.5669,2.442
69.5636,0.5809,2.5059
69.5638,0.5516,2.3764
69.5640,0.5743,2.474
69.5642,0.6307,2.7168
69.5644,0.6573,2.8289
69.5646,0.6868,2.9545
69.5648,0.6696,2.8807
69.5650,0.6659,2.8647
69.5652,0.6807,2.9296
69.5654,0.7,3.0112
69.5656,0.7227,3.1093
69.5658,0.7172,3.087
69.5660,0.6313,2.7207
69.5662,0.6113,2.6349
69.5664,0.6112,2.6307
69.5666,0.6566,2.8206
69.5668,0.751,3.225
69.5670,0.8019,3.4498
69.5672,0.79,3.3955
69.5674,0.7493,3.2218
69.5676,0.7217,3.1061
69.5678,0.6509,2.8081
69.5680,0.59,2.5394
69.5682,0.6375,2.7437
69.5684,0.633,2.7284
69.5686,0.6253,2.6948
69.5688,0.6193,2.6641
69.5690,0.6881,2.9602
69.5692,0.6904,2.97
69.5694,0.6973,3.0027
69.5696,0.6661,2.8644
69.5698,0.6991,3.0076
69.5700,0.713,3.0632
69.5702,0.8041,3.4606
69.5704,0.6893,2.9667
69.5706,0.6982,3.0021
69.5708,0.7298,3.1368
69.5710,0.6115,2.6366
69.5712,0.6268,2.6953
69.5714,0.6482,2.7949
69.5716,0.5892,2.5393
69.5718,0.6157,2.651
69.5720,0.6131,2.6427
69.5722,0.6179,2.6621
69.5724,0.6149,2.6516
69.5726,0.557,2.403
69.5728,0.4822,2.0802
69.5730,0.4772,2.0585
69.5732,0.5248,2.2649
69.5734,0.5184,2.2364
69.5736,0.5426,2.3355
69.5738,0.6157,2.6535
69.5740,0.5323,2.2954
69.5742,0.5705,2.4609
69.5744,0.5344,2.3031
69.5746,0.5284,2.2793
69.5748,0.4263,1.8408
69.5750,0.4286,1.8506
69.5752,0.4752,2.0502
69.5754,0.5039,2.1718
69.5756,0.542,2.3372
69.5758,0.5978,2.5741
69.5760,0.6157,2.6498
69.5762,0.6269,2.6971
69.5764,0.6389,2.7461
69.5766,0.6918,2.9734
69.5768,0.6857,2.954
69.5770,0.6366,2.7414
69.5772,0.7328,3.1423
69.5774,0.8632,3.703
69.5776,0.8828,3.7874
69.5778,0.9025,3.8718
69.5780,0.8849,3.7944
69.5782,0.9198,3.944
69.5784,0.9278,3.9803
69.5786,0.8897,3.822
69.5788,0.8831,3.7813
69.5790,0.983,4.2111
69.5792,0.9682,4.1498
69.5794,0.9621,4.1255
69.5796,0.9233,3.9608
69.5798,0.9,3.8628
69.5800,0.8948,3.8388
69.5802,0.8771,3.7644
69.5804,0.8604,3.6946
69.5806,0.8446,3.6267
69.5808,0.8393,3.6057
69.5810,0.8593,3.6848
69.5812,0.9127,3.9155
69.5814,0.9059,3.8952
69.5816,0.8243,3.5462
69.5818,0.7477,3.2121
69.5820,0.788,3.3836
69.5822,0.8436,3.6293
69.5824,0.7279,3.1315
69.5826,0.7653,3.2909
69.5828,0.7537,3.2424
69.5830,0.7129,3.0698
69.5832,0.6949,2.9882
69.5834,0.7573,3.2578
69.5836,0.7116,3.057
69.5838,0.7499,3.2259
69.5840,0.695,2.9901
69.5842,0.7243,3.1131
69.5844,0.7916,3.4006
69.5846,0.8045,3.4579
69.5848,0.8585,3.6847
69.5850,0.8782,3.7691
69.5852,0.8864,3.8064
69.5854,0.8442,3.6302
69.5856,0.7699,3.312
69.5858,0.7502,3.2244
69.5860,0.805,3.4599
69.5862,0.8422,3.6231
69.5864,0.7526,3.2377
69.5866,0.7222,3.1067
69.5868,0.7485,3.2187
69.5870,0.7375,3.1742
69.5872,0.7367,3.1706
69.5874,0.7002,3.0109
69.5876,0.7383,3.1719
69.5878,0.8059,3.4668
69.5880,0.7452,3.2072
69.5882,0.7148,3.0724
69.5884,0.8035,3.4549
69.5886,0.7959,3.4287
69.5888,0.6377,2.7524
69.5890,0.5452,2.3474
69.5892,0.6194,2.6695
69.5894,0.6309,2.7179
69.5896,0.6609,2.8417
69.5898,0.7678,3.3017
69.5900,0.8105,3.4869
69.5902,0.7808,3.3558
69.5904,0.7485,3.2247
69.5906,0.6315,2.7217
69.5908,0.6247,2.6923
69.5910,0.593,2.5546
69.5912,0.5679,2.4557
69.5914,0.4402,1.9053
69.5916,0.413,1.785
69.5918,0.4107,1.7743
69.5920,0.4367,1.8832
69.5922,0.5165,2.2281
69.5924,0.5575,2.4028
69.5926,0.6691,2.8787
69.5928,0.6377,2.7537
69.5930,0.4736,2.0458
69.5932,0.4503,1.9444
69.5934,0.4491,1.9392
69.5936,0.4652,2.0058
69.5938,0.5165,2.2271
69.5940,0.5475,2.361
69.5942,0.557,2.4008
69.5944,0.5568,2.3986
69.5946,0.5956,2.5684
69.5948,0.5814,2.508
69.5950,0.5739,2.4748
69.5952,0.5618,2.4237
69.5954,0.4878,2.1035
69.5956,0.5441,2.3482
69.5958,0.4936,2.1283
69.5960,0.5069,2.1888
69.5962,0.4523,1.9532
69.5964,0.4447,1.92
69.5966,0.448,1.9363
69.5968,0.4466,1.9283
69.5970,0.4474,1.931
69.5972,0.4435,1.9157
69.5974,0.4447,1.9191
69.5976,0.4459,1.9225
69.5978,0.446,1.9239
69.5980,0.4439,1.9178
69.5982,0.4413,1.9055
69.5984,0.4456,1.9242
69.5986,0.4496,1.9395
69.5988,0.4562,1.9688
69.5990,0.4431,1.9142
69.5992,0.4679,2.0186
69.5994,0.4483,1.9338
69.5996,0.4538,1.9558
69.5998,0.5146,2.2178
69.6000,0.5591,2.4084
69.6002,0.5934,2.5562
69.6004,0.591,2.5459
69.6006,0.5555,2.3952
69.6008,0.5526,2.3839
69.6010,0.4628,1.9964
69.6012,0.4419,1.9064
69.6014,0.493,2.1238
69.6016,0.5874,2.5315
69.6018,0.5615,2.4199
69.6020,0.5532,2.382
69.6022,0.5862,2.5252
69.6024,0.558,2.4038
69.6026,0.5527,2.3822
69.6028,0.5648,2.4332
69.6030,0.5902,2.5368
69.6032,0.7471,3.208
69.6034,0.8265,3.5489
69.6036,0.834,3.5747
69.6038,0.891,3.8277
69.6040,0.7922,3.4
69.6042,0.815,3.4995
69.6044,0.8025,3.4475
69.6046,0.7967,3.4196
69.6048,0.8508,3.6534
69.6050,0.8511,3.6562
69.6052,0.7897,3.3908
69.6054,0.8431,3.6154
69.6056,0.893,3.8347
69.6058,0.8078,3.4767
69.6060,0.639,2.753
69.6062,0.5845,2.5168
69.6064,0.6522,2.8072
69.6066,0.6956,2.9941
69.6068,0.7019,3.0181
69.6070,0.6628,2.858
69.6072,0.5192,2.239
69.6074,0.5049,2.1769
69.6076,0.5128,2.21
69.6078,0.5605,2.4146
69.6080,0.5473,2.3589
69.6082,0.5263,2.2706
69.6084,0.5029,2.1677
69.6086,0.5228,2.2514
69.6088,0.5358,2.3104
69.6090,0.5029,2.1657
69.6092,0.575,2.4748
69.6094,0.6555,2.8199
69.6096,0.6634,2.8539
69.6098,0.6587,2.8338
69.6100,0.7121,3.0634
69.6102,0.7376,3.1703
69.6104,0.7973,3.419
69.6106,0.9027,3.8728
69.6108,0.9102,3.901
69.6110,0.9063,3.8846
69.6112,0.9236,3.9586
69.6114,0.9191,3.9391
69.6116,0.9338,4.0004
69.6118,1.0012,4.2831
69.6120,1.0478,4.4806
69.6122,1.1257,4.8089
69.6124,1.1429,4.8827
69.6126,1.1419,4.8803
69.6128,1.1384,4.8814
69.6130,0.9657,4.1448
69.6132,0.8413,3.6128
69.6134,0.7954,3.4171
69.6136,0.8243,3.5396
69.6138,0.867,3.7177
69.6140,0.902,3.8697
69.6142,0.8921,3.8288
69.6144,0.9143,3.9277
69.6146,0.8711,3.7352
69.6148,0.9246,3.9683
69.6150,0.8222,3.5337
69.6152,0.7909,3.3991
69.6154,0.8105,3.482
69.6156,0.7976,3.428
69.6158,0.7829,3.3667
69.6160,0.8364,3.595
69.6162,0.8477,3.635
69.6164,0.9207,3.9444
69.6166,0.952,4.0899
69.6168,0.834,3.5813
69.6170,0.7937,3.4099
69.6172,0.7712,3.3177
69.6174,0.762,3.278
69.6176,0.7621,3.2724
69.6178,0.8255,3.5448
69.6180,0.8692,3.7357
69.6182,0.8517,3.6553
69.6184,0.8527,3.6634
69.6186,0.809,3.4753
69.6188,0.7771,3.3399
69.6190,0.7603,3.2723
69.6192,0.7586,3.259
69.6194,0.8042,3.4531
69.6196,0.8319,3.5754
69.6198,0.8324,3.5791
69.6200,0.7955,3.4224
69.6202,0.7042,3.0321
69.6204,0.6711,2.8923
69.6206,0.6666,2.8745
69.6208,0.6614,2.8491
69.6210,0.6648,2.8614
69.6212,0.6787,2.924
69.6214,0.6846,2.9466
69.6216,0.7315,3.1513
69.6218,0.6393,2.7566
69.6220,0.5732,2.474
69.6222,0.5804,2.5027
69.6224,0.6308,2.7148
69.6226,0.6665,2.87
69.6228,0.6671,2.8699
69.6230,0.7567,3.2507
69.6232,0.7879,3.3894
69.6234,0.6904,2.9714
69.6236,0.6879,2.9633
69.6238,0.7001,3.0146
69.6240,0.7266,3.1272
69.6242,0.7165,3.081
69.6244,0.7481,3.2211
69.6246,0.7112,3.0612
69.6248,0.7199,3.0969
69.6250,0.7117,3.0647
69.6252,0.6536,2.8168
69.6254,0.6257,2.6969
69.6256,0.6254,2.6929
69.6258,0.6423,2.767
69.6260,0.6855,2.9502
69.6262,0.7219,3.1071
69.6264,0.7316,3.146
69.6266,0.7106,3.0572
69.6268,0.6817,2.941
69.6270,0.5642,2.4352
69.6272,0.5405,2.3338
69.6274,0.5374,2.3171
69.6276,0.5342,2.3036
69.6278,0.531,2.2907
69.6280,0.533,2.2995
69.6282,0.534,2.3037
69.6284,0.5434,2.3397
69.6286,0.6184,2.6654
69.6288,0.6179,2.667
69.6290,0.5366,2.314
69.6292,0.526,2.269
69.6294,0.5291,2.2835
69.6296,0.5531,2.3837
69.6298,0.6098,2.6245
69.6300,0.6003,2.5885
69.6302,0.5351,2.3073
69.6304,0.5288,2.2825
69.6306,0.5472,2.3595
69.6308,0.5973,2.5744
69.6310,0.5535,2.3858
69.6312,0.5291,2.2835
69.6314,0.5303,2.2876
69.6316,0.5274,2.2731
69.6318,0.528,2.2767
69.6320,0.5657,2.4391
69.6322,0.5715,2.4656
69.6324,0.5352,2.3078
69.6326,0.573,2.4649
69.6328,0.7172,3.0784
69.6330,0.8211,3.5241
69.6332,0.7694,3.3084
69.6334,0.6984,3.0031
69.6336,0.6863,2.9607
69.6338,0.5733,2.4734
69.6340,0.5666,2.4398
69.6342,0.6087,2.6223
69.6344,0.6265,2.6975
69.6346,0.6414,2.7621
69.6348,0.6142,2.6448
69.6350,0.6291,2.7051
69.6352,0.7008,3.0163
69.6354,0.7162,3.0809
69.6356,0.7166,3.0815
69.6358,0.7397,3.1776
69.6360,0.8174,3.513
69.6362,0.7942,3.4152
69.6364,0.717,3.0816
69.6366,0.7415,3.1883
69.6368,0.7813,3.3516
69.6370,0.8496,3.6483
69.6372,0.751,3.234
69.6374,0.7008,3.0149
69.6376,0.7359,3.1631
69.6378,0.7007,3.0185
69.6380,0.5854,2.5256
69.6382,0.4955,2.1396
69.6384,0.4847,2.092
69.6386,0.4861,2.0973
69.6388,0.4962,2.1417
69.6390,0.5134,2.2147
69.6392,0.4787,2.0671
69.6394,0.4745,2.048
69.6396,0.5239,2.255
69.6398,0.6221,2.6827
69.6400,0.4992,2.1526
69.6402,0.4718,2.0361
69.6404,0.4443,1.9185
69.6406,0.4477,1.9321
69.6408,0.5155,2.224
69.6410,0.4348,1.8776
69.6412,0.393,1.6976
69.6414,0.4112,1.7756
69.6416,0.4242,1.8306
69.6418,0.4382,1.8903
69.6420,0.5105,2.1992
69.6422,0.5914,2.5455
69.6424,0.6275,2.7022
69.6426,0.607,2.6163
69.6428,0.6055,2.6047
69.6430,0.6976,2.9953
69.6432,0.7645,3.2842
69.6434,0.7832,3.3661
69.6436,0.7765,3.3295
69.6438,0.9279,3.9715
69.6440,0.9501,4.0741
69.6442,0.9119,3.9137
69.6444,0.8553,3.6708
69.6446,0.8583,3.6802
69.6448,0.9158,3.9234
69.6450,0.9314,3.992
69.6452,0.9657,4.1371
69.6454,0.9568,4.1029
69.6456,0.9547,4.0917
69.6458,0.9944,4.2618
69.6460,0.9839,4.2152
69.6462,0.9806,4.2008
69.6464,0.983,4.2111
69.6466,0.9836,4.2117
69.6468,1.0347,4.4263
69.6470,1.1119,4.7611
69.6472,1.1057,4.73
69.6474,1.1227,4.8028
69.6476,1.1413,4.88
69.6478,1.0814,4.6393
69.6480,0.9412,4.0455
69.6482,0.8464,3.6293
69.6484,0.9647,4.1291
69.6486,1.0674,4.5706
69.6488,1.066,4.5794
69.6490,0.9206,3.9458
69.6492,0.9733,4.1694
69.6494,1.0177,4.3621
69.6496,0.9511,4.0858
69.6498,0.8059,3.4603
69.6500,0.8484,3.6448
69.6502,0.8661,3.7188
69.6504,0.8031,3.4533
69.6506,0.7552,3.2461
69.6508,0.799,3.4406
69.6510,0.7339,3.1528
69.6512,0.7941,3.4162
69.6514,0.7693,3.311
69.6516,0.7344,3.1622
69.6518,0.6813,2.9349
69.6520,0.6819,2.9374
69.6522,0.7008,3.0135
69.6524,0.725,3.1176
69.6526,0.7635,3.2831
69.6528,0.7772,3.3419
69.6530,0.8174,3.5147
69.6532,0.7789,3.3523
69.6534,0.7698,3.3084
69.6536,0.8297,3.5678
69.6538,0.8146,3.5012
69.6540,0.7963,3.4223
69.6542,0.8228,3.5362
69.6544,0.8095,3.4839
69.6546,0.6615,2.8496
69.6548,0.643,2.7739
69.6550,0.6129,2.6416
69.6552,0.6083,2.6232
69.6554,0.6053,2.6115
69.6556,0.6075,2.6171
69.6558,0.6112,2.6344
69.6560,0.613,2.6421
69.6562,0.6356,2.7368
69.6564,0.7019,3.0181
69.6566,0.6955,3.0033
69.6568,0.558,2.4082
69.6570,0.5558,2.3945
69.6572,0.5886,2.5426
69.6574,0.5065,2.1852
69.6576,0.533,2.3006
69.6578,0.5046,2.1789
69.6580,0.4504,1.9449
69.6582,0.4529,1.9576
69.6584,0.4562,1.9707
69.6586,0.4553,1.967
69.6588,0.4474,1.9319
69.6590,0.4467,1.9306
69.6592,0.4513,1.9485
69.6594,0.4519,1.9511
69.6596,0.4691,2.0238
69.6598,0.519,2.238
69.6600,0.5245,2.2659
69.6602,0.4619,1.9955
69.6604,0.4519,1.9502
69.6606,0.4453,1.9217
69.6608,0.4444,1.919
69.6610,0.4443,1.9194
69.6612,0.4774,2.0595
69.6614,0.4662,2.0132
69.6616,0.4383,1.8926
69.6618,0.4907,2.1169
69.6620,0.5462,2.3532
69.6622,0.5634,2.4315
69.6624,0.4718,2.0361
69.6626,0.4343,1.8764
69.6628,0.4342,1.875
69.6630,0.4342,1.8732
69.6632,0.4745,2.0452
69.6634,0.563,2.4289
69.6636,0.5308,2.2865
69.6638,0.5995,2.5837
69.6640,0.5805,2.5021
69.6642,0.5731,2.4677
69.6644,0.5755,2.4769
69.6646,0.5856,2.5214
69.6648,0.5925,2.5514
69.6650,0.5863,2.5245
69.6652,0.5864,2.5262
69.6654,0.6365,2.7409
69.6656,0.6047,2.6077
69.6658,0.5503,2.3696
69.6660,0.5448,2.348
69.6662,0.5569,2.398
69.6664,0.5755,2.4769
69.6666,0.654,2.815
69.6668,0.6832,2.9404
69.6670,0.6959,2.9951
69.6672,0.6765,2.9088
69.6674,0.6509,2.8016
69.6676,0.6272,2.7019
69.6678,0.636,2.7388
69.6680,0.5842,2.5146
69.6682,0.5871,2.527
69.6684,0.6067,2.6123
69.6686,0.5971,2.5734
69.6688,0.5779,2.4895
69.6690,0.605,2.6027
69.6692,0.6483,2.7889
69.6694,0.7361,3.1636
69.6696,0.7629,3.276
69.6698,0.7877,3.3842
69.6700,0.7653,3.2939
69.6702,0.6829,2.9394
69.6704,0.6314,2.7199
69.6706,0.5932,2.5557
69.6708,0.6262,2.6927
69.6710,0.6606,2.8447
69.6712,0.6164,2.6554
69.6714,0.5872,2.5263
69.6716,0.6185,2.6634
69.6718,0.585,2.5212
69.6720,0.6109,2.6292
69.6722,0.6917,2.9743
69.6724,0.687,2.9542
69.6726,0.649,2.7959
69.6728,0.6315,2.7167
69.6730,0.7273,3.1274
69.6732,0.6899,2.9721
69.6734,0.6027,2.5929
69.6736,0.6004,2.5939
69.6738,0.4269,1.8443
69.6740,0.3937,1.6992
69.6742,0.4336,1.8698
69.6744,0.4793,2.0678
69.6746,0.4971,2.1443
69.6748,0.4938,2.1284
69.6750,0.5116,2.2039
69.6752,0.5198,2.2416
69.6754,0.5471,2.3579
69.6756,0.5386,2.3201
69.6758,0.5744,2.4746
69.6760,0.6322,2.7185
69.6762,0.7163,3.0757
69.6764,0.7618,3.2714
69.6766,0.7355,3.1625
69.6768,0.7025,3.0235
69.6770,0.7076,3.04
69.6772,0.7743,3.3234
69.6774,0.7753,3.3383
69.6776,0.641,2.7549
69.6778,0.7064,3.0335
69.6780,0.7569,3.2518
69.6782,0.7943,3.4109
69.6784,0.8671,3.7217
69.6786,0.9195,3.9411
69.6788,0.9266,3.9715
69.6790,0.9092,3.9006
69.6792,0.8969,3.8476
69.6794,0.8635,3.7046
69.6796,0.8475,3.6356
69.6798,0.8488,3.6447
69.6800,0.8756,3.7548
69.6802,0.9529,4.0897
69.6804,0.9163,3.9254
69.6806,0.9513,4.0773
69.6808,0.9441,4.0522
69.6810,0.8607,3.6957
69.6812,0.8282,3.5545
69.6814,0.8152,3.4956
69.6816,0.8512,3.655
69.6818,0.815,3.5027
69.6820,0.8069,3.4682
69.6822,0.8266,3.5478
69.6824,0.8579,3.6787
69.6826,0.8844,3.7958
69.6828,0.8844,3.7941
69.6830,0.8995,3.8607
69.6832,0.9337,4.0036
69.6834,0.9727,4.1708
69.6836,0.939,4.0263
69.6838,0.912,3.9088
69.6840,0.9643,4.1328
69.6842,0.9915,4.2495
69.6844,0.9964,4.2746
69.6846,0.8989,3.8581
69.6848,0.9524,4.0839
69.6850,0.9707,4.1645
69.6852,0.9428,4.0408
69.6854,0.9534,4.0842
69.6856,1.004,4.303
69.6858,0.9916,4.254
69.6860,0.9845,4.2217
69.6862,0.9879,4.2341
69.6864,1.0092,4.3296
69.6866,0.9817,4.2113
69.6868,0.9568,4.1029
69.6870,0.9609,4.1223
69.6872,0.9773,4.1928
69.6874,0.9803,4.2056
69.6876,0.9308,3.9988
69.6878,0.8596,3.6927
69.6880,0.867,3.7264
69.6882,0.8795,3.7747
69.6884,0.9032,3.8785
69.6886,0.9193,3.9438
69.6888,1.0102,4.3317
69.6890,1.0366,4.4448
69.6892,0.9837,4.224
69.6894,0.9355,4.0132
69.6896,0.993,4.2582
69.6898,1.0046,4.3075
69.6900,1.0143,4.3492
69.6902,1.0526,4.5053
69.6904,1.1109,4.7592
69.6906,1.0812,4.634
69.6908,1.0122,4.3506
69.6910,0.9146,3.9292
69.6912,0.8864,3.8152
69.6914,0.8409,3.6208
69.6916,0.7754,3.3342
69.6918,0.7789,3.3507
69.6920,0.8002,3.4441
69.6922,0.8503,3.6548
69.6924,0.8947,3.8419
69.6926,0.8661,3.7258
69.6928,0.8067,3.4704
69.6930,0.8896,3.8198
69.6932,0.8999,3.864
69.6934,0.8614,3.7074
69.6936,0.6813,2.9403
69.6938,0.6074,2.6203
69.6940,0.6727,2.8982
69.6942,0.6388,2.7519
69.6944,0.6333,2.7307
69.6946,0.5896,2.5437
69.6948,0.5951,2.5675
69.6950,0.6137,2.6476
69.6952,0.5804,2.5038
69.6954,0.5999,2.5881
69.6956,0.6173,2.6607
69.6958,0.6474,2.7878
69.6960,0.6711,2.8869
69.6962,0.7862,3.3805
69.6964,0.785,3.3832
69.6966,0.6923,2.9782
69.6968,0.7388,3.1813
69.6970,0.6585,2.8406
69.6972,0.5905,2.5485
69.6974,0.572,2.4699
69.6976,0.5279,2.2793
69.6978,0.5399,2.3311
69.6980,0.5575,2.405
69.6982,0.5559,2.3994
69.6984,0.5317,2.2959
69.6986,0.521,2.2509
69.6988,0.52,2.2431
69.6990,0.5358,2.3135
69.6992,0.533,2.3005
69.6994,0.666,2.8612
69.6996,0.7955,3.4192
69.6998,0.7447,3.2081
69.7000,0.6745,2.9086
69.7002,0.6257,2.6956
69.7004,0.5673,2.4486
69.7006,0.5213,2.2488
69.7008,0.5908,2.5488
69.7010,0.5715,2.4633
69.7012,0.5616,2.4215
69.7014,0.5533,2.388
69.7016,0.5534,2.3874
69.7018,0.5573,2.404
69.7020,0.5652,2.437
69.7022,0.5752,2.4804
69.7024,0.6312,2.7206
69.7026,0.643,2.7661
69.7028,0.7566,3.2471
69.7030,0.8287,3.5686
69.7032,0.7267,3.1306
69.7034,0.6585,2.8366
69.7036,0.6877,2.9586
69.7038,0.7578,3.2583
69.7040,0.7725,3.3233
69.7042,0.7443,3.2006
69.7044,0.7756,3.3367
69.7046,0.7347,3.1608
69.7048,0.6932,2.9851
69.7050,0.7022,3.0196
69.7052,0.7747,3.3357
69.7054,0.7447,3.2066
69.7056,0.7339,3.1587
69.7058,0.7194,3.0933
69.7060,0.8642,3.7093
69.7062,0.944,4.0516
69.7064,0.8695,3.7372
69.7066,0.8307,3.5702
69.7068,0.8489,3.6468
69.7070,0.8785,3.7723
69.7072,0.8558,3.6801
69.7074,0.8126,3.4924
69.7076,0.8279,3.56
69.7078,0.7645,3.2918
69.7080,0.6821,2.9384
69.7082,0.654,2.8188
69.7084,0.6699,2.8857
69.7086,0.7098,3.0549
69.7088,0.7127,3.0645
69.7090,0.7502,3.2303
69.7092,0.7298,3.1396
69.7094,0.7919,3.4037
69.7096,0.8138,3.4975
69.7098,0.8346,3.5838
69.7100,0.9243,3.969
69.7102,0.9741,4.1769
69.7104,0.9855,4.2277
69.7106,0.9377,4.0267
69.7108,0.8682,3.735
69.7110,0.7637,3.2856
69.7112,0.7117,3.0646
69.7114,0.7612,3.2748
69.7116,0.8056,3.4608
69.7118,0.8731,3.7544
69.7120,0.8296,3.5689
69.7122,0.8281,3.5544
69.7124,0.8827,3.7921
69.7126,0.8564,3.681
69.7128,0.8624,3.7102
69.7130,0.8188,3.5142
69.7132,0.9122,3.9152
69.7134,0.972,4.1739
69.7136,0.9801,4.2026
69.7138,0.9976,4.2717
69.7140,1.0512,4.5033
69.7142,1.0097,4.3376
69.7144,0.8491,3.6495
69.7146,0.8628,3.71
69.7148,0.8311,3.5756
69.7150,0.8361,3.6001
69.7152,0.7917,3.4043
69.7154,0.8328,3.5778
69.7156,0.8821,3.793
69.7158,0.8455,3.6324
69.7160,0.8412,3.6172
69.7162,0.8373,3.6019
69.7164,0.8555,3.6803
69.7166,0.8178,3.5199
69.7168,0.7489,3.2232
69.7170,0.7718,3.3233
69.7172,0.7607,3.2712
69.7174,0.7991,3.4362
69.7176,0.863,3.7093
69.7178,0.9123,3.9175
69.7180,0.8895,3.8268
69.7182,0.8671,3.7286
69.7184,0.8406,3.613
69.7186,0.8338,3.5836
69.7188,0.8078,3.4766
69.7190,0.788,3.3883
69.7192,0.8373,3.6035
69.7194,0.7737,3.3331
69.7196,0.7304,3.1495
69.7198,0.6562,2.8268
69.7200,0.6631,2.8555
69.7202,0.6335,2.7343
69.7204,0.5833,2.5139
69.7206,0.6577,2.8335
69.7208,0.7088,3.0508
69.7210,0.7183,3.0916
69.7212,0.7738,3.329
69.7214,0.8043,3.4584
69.7216,0.7767,3.3491
69.7218,0.6543,2.8173
69.7220,0.6912,2.9749
69.7222,0.7086,3.054
69.7224,0.7101,3.0565
69.7226,0.8171,3.5119
69.7228,0.809,3.4817
69.7230,0.8102,3.4869
69.7232,0.7275,3.1342
69.7234,0.6648,2.864
69.7236,0.6684,2.8809
69.7238,0.7022,3.0252
69.7240,0.7125,3.0725
69.7242,0.6587,2.8377
69.7244,0.6673,2.8762
69.7246,0.6557,2.8261
69.7248,0.6793,2.9252
69.7250,0.6322,2.7311
69.7252,0.5081,2.1949
69.7254,0.5082,2.1934
69.7256,0.5286,2.2825
69.7258,0.6128,2.6374
69.7260,0.7193,3.0986
69.7262,0.6812,2.9334
69.7264,0.6356,2.7392
69.7266,0.6569,2.8286
69.7268,0.6405,2.7656
69.7270,0.5053,2.183
69.7272,0.4806,2.0773
69.7274,0.4777,2.0639
69.7276,0.4654,2.0077
69.7278,0.558,2.4082
69.7280,0.5358,2.3146
69.7282,0.4714,2.0355
69.7284,0.459,1.983
69.7286,0.4606,1.9907
69.7288,0.464,2.0034
69.7290,0.4673,2.0179
69.7292,0.4617,1.9954
69.7294,0.4587,1.9815
69.7296,0.4602,1.9882
69.7298,0.4606,1.9889
69.7300,0.4625,1.9971
69.7302,0.4596,1.9856
69.7304,0.4588,1.9829
69.7306,0.4601,1.9877
69.7308,0.4624,1.9966
69.7310,0.4632,2.0021
69.7312,0.4572,1.9753
69.7314,0.4575,1.9754
69.7316,0.4582,1.9785
69.7318,0.4598,1.9852
69.7320,0.4631,1.9988
69.7322,0.4617,1.9926
69.7324,0.4595,1.9833
69.7326,0.4848,2.0915
69.7328,0.5395,2.3242
69.7330,0.6254,2.6928
69.7332,0.6833,2.9409
69.7334,0.6718,2.89
69.7336,0.6511,2.8064
69.7338,0.5948,2.5623
69.7340,0.6161,2.6531
69.7342,0.6226,2.6822
69.7344,0.5818,2.5077
69.7346,0.6228,2.6832
69.7348,0.6467,2.7821
69.7350,0.678,2.9181
69.7352,0.6778,2.9185
69.7354,0.6598,2.8397
69.7356,0.6713,2.8866
69.7358,0.7318,3.144
69.7360,0.806,3.464
69.7362,0.7934,3.4115
69.7364,0.7,3.0154
69.7366,0.5817,2.5072
69.7368,0.5971,2.5721
69.7370,0.6103,2.6265
69.7372,0.6035,2.5976
69.7374,0.6256,2.6951
69.7376,0.6267,2.6972
69.7378,0.6363,2.7398
69.7380,0.5919,2.5499
69.7382,0.5895,2.5384
69.7384,0.6388,2.7532
69.7386,0.6075,2.6171
69.7388,0.5885,2.5319
69.7390,0.6767,2.9111
69.7392,0.7538,3.2413
69.7394,0.7328,3.1525
69.7396,0.6838,2.9415
69.7398,0.6908,2.9734
69.7400,0.6642,2.8575
69.7402,0.6443,2.7731
69.7404,0.6347,2.7344
69.7406,0.6146,2.6476
69.7408,0.5628,2.4278
69.7410,0.5373,2.316
69.7412,0.5963,2.5679
69.7414,0.5983,2.5749
69.7416,0.6526,2.8087
69.7418,0.6658,2.8642
69.7420,0.7093,3.0514
69.7422,0.695,2.9873
69.7424,0.7956,3.4181
69.7426,0.8207,3.5225
69.7428,0.8521,3.659
69.7430,0.8433,3.6226
69.7432,0.8199,3.5123
69.7434,0.9652,4.1369
69.7436,1.0133,4.3389
69.7438,1.0542,4.5182
69.7440,1.0243,4.3841
69.7442,1.0903,4.662
69.7444,1.2059,5.1563
69.7446,1.1511,4.9243
69.7448,1.0682,4.5698
69.7450,1.1098,4.7456
69.7452,1.1311,4.8386
69.7454,1.1307,4.8439
69.7456,1.1434,4.8915
69.7458,1.177,5.0304
69.7460,1.1685,4.994
69.7462,1.1976,5.1233
69.7464,1.1657,4.9892
69.7466,1.0619,4.5469
69.7468,1.0487,4.4946
69.7470,1.0573,4.5337
69.7472,1.0331,4.4298
69.7474,1.0224,4.38
69.7476,1.0282,4.4088
69.7478,0.9825,4.2128
69.7480,0.9844,4.2191
69.7482,0.9948,4.2658
69.7484,1.0102,4.3357
69.7486,0.9719,4.1676
69.7488,1.0011,4.2905
69.7490,0.9804,4.208
69.7492,0.9931,4.2606
69.7494,1.0177,4.3579
69.7496,1.1128,4.7629
69.7498,1.1125,4.768
69.7500,1.0536,4.522
69.7502,1.0387,4.4499
69.7504,1.0403,4.4669
69.7506,0.9134,3.924
69.7508,0.8875,3.818
69.7510,0.8036,3.4585
69.7512,0.8148,3.5054
69.7514,0.8141,3.5007
69.7516,0.8802,3.7848
69.7518,0.8536,3.6703
69.7520,0.8218,3.5353
69.7522,0.8379,3.6028
69.7524,0.8861,3.8048
69.7526,0.8903,3.8263
69.7528,0.8886,3.8209
69.7530,0.8885,3.815
69.7532,0.887,3.8124
69.7534,0.8917,3.8325
69.7536,0.9636,4.1263
69.7538,1.0391,4.4535
69.7540,1.0125,4.3495
69.7542,0.958,4.1194
69.7544,0.9407,4.0377
69.7546,0.9785,4.2096
69.7548,0.834,3.5946
69.7550,0.7099,3.0583
69.7552,0.7476,3.216
69.7554,0.7868,3.3831
69.7556,0.8311,3.5689
69.7558,0.8874,3.814
69.7560,0.8169,3.5191
69.7562,0.7357,3.1693
69.7564,0.7116,3.0683
69.7566,0.6561,2.8303
69.7568,0.6758,2.9129
69.7570,0.6816,2.9391
69.7572,0.5972,2.5751
69.7574,0.5984,2.5814
69.7576,0.6061,2.6157
69.7578,0.6206,2.6784
69.7580,0.5606,2.4218
69.7582,0.5034,2.1757
69.7584,0.5028,2.1731
69.7586,0.5066,2.1887
69.7588,0.543,2.337
69.7590,0.7526,3.2362
69.7592,0.742,3.2012
69.7594,0.6005,2.5943
69.7596,0.5455,2.3544
69.7598,0.5385,2.3244
69.7600,0.5376,2.3213
69.7602,0.5335,2.3026
69.7604,0.5336,2.3042
69.7606,0.5406,2.3332
69.7608,0.5769,2.49
69.7610,0.5617,2.4242
69.7612,0.5395,2.3307
69.7614,0.5655,2.4419
69.7616,0.5549,2.3947
69.7618,0.5365,2.3134
69.7620,0.5532,2.3875
69.7622,0.5716,2.4649
69.7624,0.6351,2.7397
69.7626,0.5742,2.4758
69.7628,0.5587,2.4113
69.7630,0.5806,2.5049
69.7632,0.6516,2.8059
69.7634,0.734,3.1577
69.7636,0.7336,3.1562
69.7638,0.7375,3.1771
69.7640,0.6761,2.9072
69.7642,0.717,3.0859
69.7644,0.7153,3.0801
69.7646,0.7239,3.1158
69.7648,0.7143,3.0774
69.7650,0.6314,2.7224
69.7652,0.6201,2.6738
69.7654,0.6218,2.6786
69.7656,0.6475,2.787
69.7658,0.6994,3.0086
69.7660,0.7966,3.427
69.7662,0.7937,3.4146
69.7664,0.7637,3.2887
69.7666,0.7215,3.1069
69.7668,0.778,3.3439
69.7670,0.8038,3.4579
69.7672,0.7022,3.0252
69.7674,0.6657,2.869
69.7676,0.6703,2.8878
69.7678,0.6791,2.9255
69.7680,0.6953,2.9911
69.7682,0.7214,3.1035
69.7684,0.7321,3.1494
69.7686,0.7688,3.3088
69.7688,0.7476,3.2145
69.7690,0.7477,3.215
69.7692,0.8007,3.4461
69.7694,0.6931,2.9873
69.7696,0.6051,2.608
69.7698,0.633,2.7297
69.7700,0.6543,2.8186
69.7702,0.667,2.8747
69.7704,0.6567,2.825
69.7706,0.6846,2.9493
69.7708,0.6637,2.8594
69.7710,0.6878,2.9618
69.7712,0.6685,2.88
69.7714,0.6792,2.9247
69.7716,0.701,3.02
69.7718,0.6892,2.9703
69.7720,0.6315,2.7217
69.7722,0.611,2.6321
69.7724,0.6606,2.842
69.7726,0.6847,2.9525
69.7728,0.5466,2.3579
69.7730,0.536,2.3113
69.7732,0.595,2.5657
69.7734,0.6028,2.5969
69.7736,0.6417,2.7682
69.7738,0.5236,2.2618
69.7740,0.4995,2.1546
69.7742,0.4981,2.1489
69.7744,0.5098,2.1991
69.7746,0.617,2.6567
69.7748,0.6611,2.8467
69.7750,0.7146,3.0756
69.7752,0.6369,2.7449
69.7754,0.6347,2.7318
69.7756,0.681,2.931
69.7758,0.6516,2.8059
69.7760,0.635,2.7367
69.7762,0.6823,2.9354
69.7764,0.7175,3.0865
69.7766,0.7514,3.225
69.7768,0.8573,3.6846
69.7770,0.8031,3.45
69.7772,0.7827,3.364
69.7774,0.8351,3.5859
69.7776,0.8918,3.8259
69.7778,0.9267,3.9793
69.7780,0.9201,3.951
69.7782,0.9087,3.9003
69.7784,0.9211,3.9477
69.7786,0.9343,4.008
69.7788,0.9381,4.0245
69.7790,0.9477,4.0675
69.7792,0.8946,3.8413
69.7794,0.8957,3.8459
69.7796,0.8888,3.8219
69.7798,0.8184,3.5143
69.7800,0.8191,3.5191
69.7802,0.8096,3.4778
69.7804,0.8088,3.4764
69.7806,0.8018,3.4476
69.7808,0.8036,3.4553
69.7810,0.8383,3.6048
69.7812,0.8051,3.4556
69.7814,0.8712,3.7444
69.7816,0.8482,3.6437
69.7818,0.8749,3.7569
69.7820,0.906,3.8866
69.7822,0.9052,3.8926
69.7824,0.873,3.7539
69.7826,0.81,3.4783
69.7828,0.8182,3.5182
69.7830,0.849,3.649
69.7832,0.8713,3.7414
69.7834,0.858,3.6877
69.7836,0.8579,3.6872
69.7838,0.8711,3.7404
69.7840,0.8686,3.7348
69.7842,0.8445,3.6295
69.7844,0.8953,3.8462
69.7846,0.8632,3.7099
69.7848,0.8236,3.5348
69.7850,0.8686,3.7313
69.7852,0.8187,3.5203
69.7854,0.841,3.6111
69.7856,0.9726,4.1726
69.7858,0.999,4.2858
69.7860,0.918,3.9436
69.7862,0.8633,3.7104
69.7864,0.8695,3.7354
69.7866,0.8781,3.7795
69.7868,0.7563,3.2582
69.7870,0.6962,2.9966
69.7872,0.7154,3.0806
69.7874,0.7786,3.3512
69.7876,0.7695,3.3135
69.7878,0.6887,2.9696
69.7880,0.6184,2.6678
69.7882,0.6196,2.6668
69.7884,0.6597,2.8431
69.7886,0.604,2.6069
69.7888,0.6128,2.6398
69.7890,0.7128,3.0678
69.7892,0.6948,2.9932
69.7894,0.677,2.9154
69.7896,0.7033,3.0313
69.7898,0.6423,2.772
69.7900,0.5274,2.2804
69.7902,0.4989,2.156
69.7904,0.495,2.1395
69.7906,0.4978,2.1484
69.7908,0.4973,2.1463
69.7910,0.4896,2.1142
69.7912,0.5057,2.1825
69.7914,0.4986,2.153
69.7916,0.5094,2.1996
69.7918,0.51,2.2022
69.7920,0.4878,2.1074
69.7922,0.4734,2.0452
69.7924,0.4689,2.0255
69.7926,0.4798,2.0708
69.7928,0.4947,2.1359
69.7930,0.4787,2.0671
69.7932,0.4761,2.0557
69.7934,0.5318,2.2932
69.7936,0.6255,2.6958
69.7938,0.5995,2.5849
69.7940,0.5968,2.5771
69.7942,0.5399,2.3279
69.7944,0.5544,2.3938
69.7946,0.5019,2.164
69.7948,0.557,2.4052
69.7950,0.5436,2.3428
69.7952,0.5772,2.4875
69.7954,0.5668,2.4442
69.7956,0.6218,2.6798
69.7958,0.6214,2.677
69.7960,0.6035,2.6025
69.7962,0.5938,2.5606
69.7964,0.5637,2.4308
69.7966,0.5137,2.2162
69.7968,0.48,2.0737
69.7970,0.4713,2.0359
69.7972,0.4678,2.0181
69.7974,0.4707,2.0295
69.7976,0.5221,2.2534
69.7978,0.4967,2.1447
69.7980,0.4831,2.0843
69.7982,0.5348,2.3062
69.7984,0.5806,2.5014
69.7986,0.5725,2.4708
69.7988,0.5347,2.3067
69.7990,0.5263,2.2705
69.7992,0.575,2.4748
69.7994,0.6499,2.7974
69.7996,0.6992,3.0067
69.7998,0.7217,3.1046
69.8000,0.7098,3.0549
69.8002,0.6941,2.9873
69.8004,0.6894,2.9672
69.8006,0.6673,2.8735
69.8008,0.6712,2.8901
69.8010,0.6514,2.8023
69.8012,0.6484,2.7907
69.8014,0.6906,2.9696
69.8016,0.7281,3.1295
69.8018,0.711,3.0601
69.8020,0.7612,3.2718
69.8022,0.8638,3.7055
69.8024,0.9009,3.865
69.8026,0.896,3.8457
69.8028,0.8666,3.7231
69.8030,0.8158,3.5014
69.8032,0.8555,3.6717
69.8034,0.8245,3.5439
69.8036,0.7751,3.3284
69.8038,0.8261,3.5539
69.8040,0.7629,3.2836
69.8042,0.735,3.1589
69.8044,0.7135,3.0695
69.8046,0.6392,2.7535
69.8048,0.6366,2.7414
69.8050,0.6333,2.7294
69.8052,0.6103,2.6314
69.8054,0.5917,2.5489
69.8056,0.6279,2.7062
69.8058,0.5646,2.4333
69.8060,0.6033,2.6014
69.8062,0.5341,2.3063
69.8064,0.4692,2.0243
69.8066,0.4739,2.0463
69.8068,0.4683,2.022
69.8070,0.48,2.0737
69.8072,0.4811,2.0755
69.8074,0.4841,2.0884
69.8076,0.4959,2.1391
69.8078,0.5075,2.1893
69.8080,0.5243,2.2586
69.8082,0.6218,2.6699
69.8084,0.7875,3.3846
69.8086,0.7701,3.3084
69.8088,0.7641,3.2872
69.8090,0.7297,3.1362
69.8092,0.7719,3.3145
69.8094,0.7937,3.4067
69.8096,0.8503,3.6513
69.8098,0.8285,3.5609
69.8100,0.8156,3.5003
69.8102,0.8598,3.6885
69.8104,0.9218,3.9508
69.8106,0.9945,4.2583
69.8108,1.0346,4.422
69.8110,1.1337,4.8454
69.8112,1.1372,4.8625
69.8114,1.1288,4.8289
69.8116,1.1057,4.7304
69.8118,1.105,4.7406
69.8120,0.9535,4.0884
69.8122,0.9485,4.0692
69.8124,0.9419,4.0391
69.8126,0.962,4.123
69.8128,0.9549,4.0927
69.8130,0.9357,4.0161
69.8132,0.9088,3.9008
69.8134,0.9473,4.066
69.8136,0.9647,4.1348
69.8138,1.0013,4.2936
69.8140,1.0452,4.4776
69.8142,1.0247,4.4
69.8144,0.9913,4.2489
69.8146,1.0037,4.3019
69.8148,1.0113,4.3363
69.8150,1.0021,4.2992
69.8152,1.0718,4.5981
69.8154,0.9981,4.2857
69.8156,0.9425,4.0473
69.8158,0.9028,3.8768
69.8160,0.8893,3.8222
69.8162,0.8623,3.7062
69.8164,0.8841,3.793
69.8166,0.9507,4.0766
69.8168,0.9547,4.1069
69.8170,0.8355,3.5925
69.8172,0.8453,3.6314
69.8174,0.868,3.7253
69.8176,0.903,3.8774
69.8178,0.9604,4.1259
69.8180,0.9198,3.9568
69.8182,0.8171,3.5119
69.8184,0.8478,3.6422
69.8186,0.8875,3.8127
69.8188,0.9025,3.8735
69.8190,0.9362,4.0181
69.8192,0.9094,3.9106
69.8194,0.8446,3.6367
69.8196,0.7611,3.2773
69.8198,0.7581,3.2644
69.8200,0.7594,3.2701
69.8202,0.7606,3.2722
69.8204,0.7691,3.3089
69.8206,0.7376,3.1747
69.8208,0.7568,3.2587
69.8210,0.761,3.2753
69.8212,0.7696,3.3109
69.8214,0.7382,3.1817
69.8216,0.6633,2.8613
69.8218,0.6699,2.8857
69.8220,0.7173,3.0817
69.8222,0.8978,3.8534
69.8224,0.8778,3.7833
69.8226,0.719,3.0961
69.8228,0.7465,3.2143
69.8230,0.7459,3.2088
69.8232,0.773,3.3269
69.8234,0.7389,3.1789
69.8236,0.7536,3.2418
69.8238,0.7918,3.4095
69.8240,0.7405,3.1885
69.8242,0.7194,3.0991
69.8244,0.7112,3.0625
69.8246,0.7243,3.1174
69.8248,0.7759,3.3331
69.8250,0.8289,3.5691
69.8252,0.7259,3.1226
69.8254,0.8328,3.5795
69.8256,0.8255,3.5563
69.8258,0.7177,3.0918
69.8260,0.7059,3.0426
69.8262,0.6958,2.9973
69.8264,0.7013,3.0225
69.8266,0.6061,2.6133
69.8268,0.5635,2.4309
69.8270,0.5672,2.4481
69.8272,0.5798,2.5024
69.8274,0.5533,2.3869
69.8276,0.5712,2.4651
69.8278,0.5785,2.4979
69.8280,0.5419,2.3399
69.8282,0.5384,2.3228
69.8284,0.5417,2.3367
69.8286,0.5418,2.3405
69.8288,0.5788,2.4994
69.8290,0.5399,2.3322
69.8292,0.5212,2.2493
69.8294,0.522,2.2519
69.8296,0.5249,2.2654
69.8298,0.521,2.2477
69.8300,0.524,2.2628
69.8302,0.5231,2.2565
69.8304,0.5269,2.2731
69.8306,0.5258,2.2705
69.8308,0.5238,2.2628
69.8310,0.5231,2.2576
69.8312,0.5208,2.2457
69.8314,0.5272,2.2752
69.8316,0.527,2.2747
69.8318,0.5225,2.254
69.8320,0.5282,2.2788
69.8322,0.5264,2.2689
69.8324,0.5877,2.533
69.8326,0.648,2.7917
69.8328,0.6595,2.84
69.8330,0.6286,2.708
69.8332,0.6539,2.8157
69.8334,0.7113,3.0602
69.8336,0.7324,3.1525
69.8338,0.6713,2.8919
69.8340,0.6743,2.9048
69.8342,0.6804,2.9285
69.8344,0.689,2.9684
69.8346,0.7139,3.0696
69.8348,0.7908,3.3991
69.8350,0.8092,3.4763
69.8352,0.7666,3.2965
69.8354,0.7622,3.2759
69.8356,0.7826,3.3666
69.8358,0.7675,3.3016
69.8360,0.7404,3.1865
69.8362,0.6823,2.9395
69.8364,0.639,2.7542
69.8366,0.5959,2.5682
69.8368,0.5438,2.3493
69.8370,0.4835,2.0887
69.8372,0.4894,2.1122
69.8374,0.4997,2.1567
69.8376,0.5276,2.2762
69.8378,0.4989,2.154
69.8380,0.4859,2.0991
69.8382,0.459,1.9785
69.8384,0.5304,2.2849
69.8386,0.5403,2.33
69.8388,0.4878,2.1084
69.8390,0.4413,1.9064
69.8392,0.4199,1.8142
69.8394,0.3972,1.7157
69.8396,0.3892,1.6823
69.8398,0.3674,1.5887
69.8400,0.3794,1.6391
69.8402,0.388,1.6764
69.8404,0.3765,1.6266
69.8406,0.3752,1.6217
69.8408,0.3885,1.6792
69.8410,0.425,1.8342
69.8412,0.4903,2.1134
69.8414,0.5287,2.2809
69.8416,0.477,2.0579
69.8418,0.4983,2.1445
69.8420,0.658,2.828
69.8422,0.7202,3.0955
69.8424,0.7461,3.2098
69.8426,0.6895,2.9636
69.8428,0.7619,3.2733
69.8430,0.7873,3.382
69.8432,0.7964,3.418
69.8434,0.9147,3.9205
69.8436,0.9866,4.2244
69.8438,1.0145,4.3461
69.8440,1.0129,4.3414
69.8442,1.0438,4.4631
69.8444,1.1399,4.872
69.8446,1.1039,4.7271
69.8448,1.0494,4.4893
69.8450,1.1162,4.7706
69.8452,1.13,4.8318
69.8454,1.1504,4.9235
69.8456,1.1061,4.7341
69.8458,1.1055,4.7294
69.8460,1.1269,4.8229
69.8462,1.1132,4.7756
69.8464,0.958,4.106
69.8466,0.9704,4.157
69.8468,0.9893,4.2481
69.8470,0.9352,4.0103
69.8472,1.0181,4.3595
69.8474,1.1044,4.738
69.8476,0.9446,4.0541
69.8478,0.8445,3.6295
69.8480,0.8689,3.7259
69.8482,0.9592,4.115
69.8484,0.9164,3.9369
69.8486,0.8249,3.552
69.8488,0.7648,3.2933
69.8490,0.7298,3.1411
69.8492,0.7256,3.1216
69.8494,0.8,3.4366
69.8496,0.86,3.6965
69.8498,0.8217,3.5332
69.8500,0.7742,3.329
69.8502,0.8061,3.4661
69.8504,0.8419,3.622
69.8506,0.7482,3.2216
69.8508,0.6399,2.7553
69.8510,0.6589,2.8387
69.8512,0.6808,2.9327
69.8514,0.6466,2.7894
69.8516,0.6002,2.5856
69.8518,0.6652,2.8642
69.8520,0.6893,2.9722
69.8522,0.6387,2.754
69.8524,0.6082,2.6214
69.8526,0.6124,2.6395
69.8528,0.667,2.8707
69.8530,0.6982,3.0104
69.8532,0.6345,2.7333
69.8534,0.7007,3.0115
69.8536,0.7554,3.2526
69.8538,0.7019,3.0251
69.8540,0.6172,2.6602
69.8542,0.6051,2.608
69.8544,0.608,2.6192
69.8546,0.6606,2.842
69.8548,0.7266,3.1301
69.8550,0.7399,3.1845
69.8552,0.8,3.4382
69.8554,0.7876,3.3867
69.8556,0.7414,3.1941
69.8558,0.6721,2.8996
69.8560,0.5491,2.3699
69.8562,0.5001,2.1572
69.8564,0.5267,2.2742
69.8566,0.5101,2.2027
69.8568,0.4902,2.1177
69.8570,0.4863,2.0987
69.8572,0.4879,2.105
69.8574,0.5222,2.2529
69.8576,0.5354,2.3098
69.8578,0.5395,2.3274
69.8580,0.5231,2.2597
69.8582,0.45,1.9442
69.8584,0.446,1.9248
69.8586,0.4864,2.1021
69.8588,0.4818,2.0786
69.8590,0.5473,2.361
69.8592,0.489,2.1106
69.8594,0.4329,1.8693
69.8596,0.4262,1.8394
69.8598,0.4252,1.8378
69.8600,0.4737,2.0444
69.8602,0.5287,2.2798
69.8604,0.5154,2.2255
69.8606,0.4563,1.9711
69.8608,0.4574,1.9749
69.8610,0.4662,2.0123
69.8612,0.4548,1.9649
69.8614,0.4369,1.8872
69.8616,0.4313,1.8608
69.8618,0.4333,1.8699
69.8620,0.4413,1.9064
69.8622,0.4542,1.9587
69.8624,0.4836,2.0863
69.8626,0.4903,2.1143
69.8628,0.5366,2.3129
69.8630,0.5676,2.4439
69.8632,0.5757,2.4813
69.8634,0.5706,2.458
69.8636,0.5808,2.5007
69.8638,0.6432,2.7672
69.8640,0.6341,2.7292
69.8642,0.6057,2.6093
69.8644,0.6266,2.698
69.8646,0.6676,2.8706
69.8648,0.6595,2.84
69.8650,0.5459,2.3527
69.8652,0.5708,2.459
69.8654,0.613,2.636
69.8656,0.6749,2.9047
69.8658,0.6848,2.9462
69.8660,0.6923,2.9796
69.8662,0.6715,2.8903
69.8664,0.6522,2.8072
69.8666,0.6829,2.9379
69.8668,0.6845,2.9446
69.8670,0.6453,2.7798
69.8672,0.5818,2.5077
69.8674,0.5935,2.5543
69.8676,0.6828,2.9361
69.8678,0.7341,3.1538
69.8680,0.7799,3.3459
69.8682,0.8064,3.4661
69.8684,0.7769,3.3377
69.8686,0.7289,3.1399
69.8688,0.5908,2.5477
69.8690,0.5885,2.5331
69.8692,0.6322,2.7248
69.8694,0.5329,2.3
69.8696,0.4924,2.1231
69.8698,0.5228,2.2545
69.8700,0.5631,2.4226
69.8702,0.6184,2.6641
69.8704,0.6267,2.6997
69.8706,0.5792,2.494
69.8708,0.5688,2.4502
69.8710,0.5708,2.4602
69.8712,0.5881,2.5369
69.8714,0.5159,2.2224
69.8716,0.5256,2.2664
69.8718,0.5053,2.179
69.8720,0.5571,2.399
69.8722,0.5806,2.5037
69.8724,0.5417,2.3367
69.8726,0.5276,2.2751
69.8728,0.5065,2.1841
69.8730,0.5023,2.166
69.8732,0.5104,2.2007
69.8734,0.5132,2.211
69.8736,0.5538,2.3823
69.8738,0.5986,2.5825
69.8740,0.4923,2.1265
69.8742,0.4393,1.8941
69.8744,0.4852,2.0921
69.8746,0.5197,2.2389
69.8748,0.5719,2.4648
69.8750,0.599,2.5756
69.8752,0.6804,2.923
69.8754,0.7466,3.2059
69.8756,0.7599,3.2691
69.8758,0.7281,3.1295
69.8760,0.7666,3.2904
69.8762,0.7708,3.3084
69.8764,0.819,3.5104
69.8766,0.884,3.7907
69.8768,0.9062,3.884
69.8770,0.9494,4.0728
69.8772,0.9118,3.91
69.8774,0.9235,3.958
69.8776,0.8977,3.8475
69.8778,0.9156,3.9278
69.8780,0.9106,3.903
69.8782,0.9692,4.1519
69.8784,0.9894,4.2348
69.8786,0.9856,4.2242
69.8788,0.9116,3.909
69.8790,0.9226,3.9563
69.8792,0.9602,4.123
69.8794,0.8771,3.7661
69.8796,0.8821,3.7807
69.8798,0.9081,3.8959
69.8800,0.8428,3.6172
69.8802,0.8302,3.5631
69.8804,0.8924,3.8285
69.8806,0.9339,4.0083
69.8808,0.8515,3.6582
69.8810,0.7643,3.2852
69.8812,0.7856,3.3732
69.8814,0.8002,3.4393
69.8816,0.7792,3.3491
69.8818,0.7617,3.2723
69.8820,0.7893,3.3908
69.8822,0.8468,3.6347
69.8824,0.9037,3.8804
69.8826,0.8741,3.7498
69.8828,0.9042,3.8753
69.8830,0.9391,4.023
69.8832,0.8881,3.8153
69.8834,0.7923,3.4052
69.8836,0.8343,3.5823
69.8838,0.8639,3.7112
69.8840,0.8237,3.537
69.8842,0.8497,3.6504
69.8844,0.8578,3.6849
69.8846,0.8437,3.6264
69.8848,0.7925,3.4063
69.8850,0.7857,3.3753
69.8852,0.8146,3.5011
69.8854,0.819,3.5169
69.8856,0.8533,3.6659
69.8858,0.8537,3.6657
69.8860,0.8551,3.6702
69.8862,0.8454,3.6336
69.8864,0.7916,3.4037
69.8866,0.8103,3.4858
69.8868,0.7709,3.3166
69.8870,0.779,3.3496
69.8872,0.7877,3.3825
69.8874,0.8038,3.4531
69.8876,0.8133,3.5019
69.8878,0.674,2.9025
69.8880,0.7051,3.0348
69.8882,0.7426,3.1948
69.8884,0.7828,3.3645
69.8886,0.8472,3.643
69.8888,0.7279,3.1343
69.8890,0.6326,2.7263
69.8892,0.6405,2.7566
69.8894,0.6645,2.8625
69.8896,0.6115,2.6378
69.8898,0.6056,2.6125
69.8900,0.5985,2.5807
69.8902,0.6103,2.6278
69.8904,0.6459,2.7798
69.8906,0.6714,2.8951
69.8908,0.5429,2.3419
69.8910,0.5168,2.2327
69.8912,0.5437,2.3444
69.8914,0.5732,2.4728
69.8916,0.5648,2.4343
69.8918,0.655,2.819
69.8920,0.7245,3.1169
69.8922,0.6977,3.0028
69.8924,0.6916,2.9806
69.8926,0.5588,2.4096
69.8928,0.5294,2.2829
69.8930,0.5298,2.2866
69.8932,0.5534,2.3852
69.8934,0.614,2.645
69.8936,0.5793,2.4969
69.8938,0.6113,2.6348
69.8940,0.6346,2.7326
69.8942,0.6228,2.6832
69.8944,0.5516,2.3753
69.8946,0.5487,2.3673
69.8948,0.5455,2.3533
69.8950,0.5643,2.4277
69.8952,0.6998,3.0121
69.8954,0.6579,2.8314
69.8956,0.7062,3.0366
69.8958,0.6658,2.8642
69.8960,0.7004,3.0175
69.8962,0.6001,2.5875
69.8964,0.5383,2.3233
69.8966,0.531,2.2896
69.8968,0.52,2.2421
69.8970,0.5268,2.2736
69.8972,0.537,2.3144
69.8974,0.5618,2.4203
69.8976,0.5365,2.3145
69.8978,0.5208,2.2457
69.8980,0.5463,2.3536
69.8982,0.5646,2.4333
69.8984,0.5868,2.5277
69.8986,0.6178,2.664
69.8988,0.5414,2.3324
69.8990,0.5939,2.5575
69.8992,0.6792,2.9192
69.8994,0.7387,3.1719
69.8996,0.7906,3.398
69.8998,0.7357,3.1664
69.9000,0.6473,2.7873
69.9002,0.6297,2.7114
69.9004,0.6244,2.6912
69.9006,0.6149,2.6467
69.9008,0.6234,2.6808
69.9010,0.6848,2.9421
69.9012,0.7232,3.1055
69.9014,0.749,3.2237
69.9016,0.7119,3.0628
69.9018,0.7612,3.2702
69.9020,0.722,3.1104
69.9022,0.6513,2.8056
69.9024,0.6375,2.7462
69.9026,0.6264,2.6962
69.9028,0.6577,2.8283
69.9030,0.6811,2.9288
69.9032,0.6948,2.9918
69.9034,0.6827,2.9369
69.9036,0.6769,2.9094
69.9038,0.7341,3.1523
69.9040,0.7467,3.2124
69.9042,0.6816,2.9364
69.9044,0.6027,2.5964
69.9046,0.5745,2.4762
69.9048,0.5594,2.4122
69.9050,0.5755,2.4792
69.9052,0.63,2.7117
69.9054,0.639,2.7504
69.9056,0.6298,2.7132
69.9058,0.602,2.5945
69.9060,0.5827,2.5043
69.9062,0.6823,2.9395
69.9064,0.5925,2.5549
69.9066,0.5854,2.522
69.9068,0.5334,2.301
69.9070,0.4166,1.8005
69.9072,0.4023,1.738
69.9074,0.4046,1.7462
69.9076,0.4074,1.7581
69.9078,0.4439,1.916
69.9080,0.5102,2.2002
69.9082,0.5218,2.2498
69.9084,0.5171,2.2276
69.9086,0.6039,2.598
69.9088,0.6913,2.9713
69.9090,0.7223,3.1014
69.9092,0.7767,3.3398
69.9094,0.7019,3.0194
69.9096,0.7217,3.1002
69.9098,0.7555,3.247
69.9100,0.769,3.3022
69.9102,0.8316,3.571
69.9104,0.8106,3.4809
69.9106,0.8168,3.5071
69.9108,0.8117,3.4839
69.9110,0.8459,3.6323
69.9112,0.8145,3.4973
69.9114,0.7961,3.4186
69.9116,0.8395,3.6033
69.9118,0.912,3.9105
69.9120,0.9186,3.9461
69.9122,0.849,3.6405
69.9124,0.9025,3.8717
69.9126,0.8971,3.8485
69.9128,0.8734,3.7484
69.9130,0.8403,3.6131
69.9132,0.7769,3.3424
69.9134,0.744,3.1975
69.9136,0.7426,3.1934
69.9138,0.7368,3.1681
69.9140,0.7387,3.1749
69.9142,0.7436,3.1945
69.9144,0.8129,3.4923
69.9146,0.7962,3.4175
69.9148,0.915,3.9307
69.9150,0.8598,3.6851
69.9152,0.8817,3.7844
69.9154,0.9054,3.8804
69.9156,0.9471,4.0593
69.9158,0.9722,4.1686
69.9160,0.9623,4.1322
69.9162,0.9417,4.038
69.9164,0.9477,4.0656
69.9166,0.943,4.0437
69.9168,0.8825,3.7928
69.9170,0.8102,3.4788
69.9172,0.8442,3.625
69.9174,0.8742,3.7555
69.9176,0.832,3.5725
69.9178,0.835,3.5854
69.9180,0.8339,3.5841
69.9182,0.801,3.4493
69.9184,0.7089,3.0513
69.9186,0.6547,2.818
69.9188,0.6968,2.9964
69.9190,0.7142,3.074
69.9192,0.7369,3.1657
69.9194,0.8108,3.4911
69.9196,0.7219,3.1099
69.9198,0.6276,2.7051
69.9200,0.6143,2.6453
69.9202,0.6341,2.7292
69.9204,0.661,2.8488
69.9206,0.6209,2.675
69.9208,0.6683,2.8817
69.9210,0.6213,2.6777
69.9212,0.6264,2.6962
69.9214,0.6352,2.7339
69.9216,0.7226,3.1101
69.9218,0.6445,2.7767
69.9220,0.6341,2.7318
69.9222,0.6011,2.5969
69.9224,0.4923,2.1236
69.9226,0.5147,2.2203
69.9228,0.5302,2.2871
69.9230,0.5784,2.4939
69.9232,0.5856,2.5226
69.9234,0.5975,2.5718
69.9236,0.6368,2.7431
69.9238,0.6257,2.6981
69.9240,0.5581,2.4087
69.9242,0.5347,2.3046
69.9244,0.5373,2.3181
69.9246,0.5641,2.4323
69.9248,0.5919,2.5476
69.9250,0.6465,2.7837
69.9252,0.5999,2.5857
69.9254,0.588,2.5317
69.9256,0.6183,2.6673
69.9258,0.5288,2.2846
69.9260,0.4963,2.1412
69.9262,0.4944,2.1319
69.9264,0.5343,2.3052
69.9266,0.4927,2.1266
69.9268,0.4575,1.9745
69.9270,0.4691,2.0247
69.9272,0.465,2.0062
69.9274,0.4535,1.9583
69.9276,0.4528,1.9552
69.9278,0.5088,2.197
69.9280,0.4673,2.0169
69.9282,0.4481,1.9341
69.9284,0.4435,1.9139
69.9286,0.4564,1.9689
69.9288,0.4619,1.9946
69.9290,0.4635,1.9994
69.9292,0.459,1.9803
69.9294,0.4554,1.9666
69.9296,0.4622,1.9937
69.9298,0.5159,2.2234
69.9300,0.5177,2.2333
69.9302,0.4606,1.987
69.9304,0.4429,1.9096
69.9306,0.442,1.9086
69.9308,0.444,1.9183
69.9310,0.4494,1.9389
69.9312,0.4444,1.9172
69.9314,0.4475,1.9333
69.9316,0.4446,1.9191
69.9318,0.447,1.9295
69.9320,0.4654,2.0049
69.9322,0.5305,2.2833
69.9324,0.632,2.7174
69.9326,0.6874,2.957
69.9328,0.6606,2.842
69.9330,0.6562,2.8255
69.9332,0.5871,2.5304
69.9334,0.5528,2.3815
69.9336,0.5507,2.3722
69.9338,0.5389,2.3205
69.9340,0.5805,2.4974
69.9342,0.6565,2.8205
69.9344,0.7604,3.2697
69.9346,0.6966,2.9967
69.9348,0.6738,2.8987
69.9350,0.6568,2.8255
69.9352,0.6523,2.8051
69.9354,0.6687,2.8779
69.9356,0.6615,2.8416
69.9358,0.7087,3.046
69.9360,0.7235,3.1123
69.9362,0.6683,2.8737
69.9364,0.7105,3.0552
69.9366,0.7309,3.1399
69.9368,0.6505,2.8039
69.9370,0.504,2.1743
69.9372,0.4722,2.0363
69.9374,0.4702,2.0284
69.9376,0.483,2.0818
69.9378,0.5129,2.2115
69.9380,0.4985,2.1485
69.9382,0.5435,2.3434
69.9384,0.4762,2.0543
69.9386,0.4186,1.806
69.9388,0.4044,1.746
69.9390,0.4042,1.7463
69.9392,0.3986,1.722
69.9394,0.3993,1.7219
69.9396,0.4078,1.7602
69.9398,0.4199,1.8117
69.9400,0.4628,1.9973
69.9402,0.4163,1.7986
69.9404,0.3795,1.6373
69.9406,0.4064,1.7524
69.9408,0.4506,1.9432
69.9410,0.505,2.1774
69.9412,0.505,2.1754
69.9414,0.5364,2.3043
69.9416,0.6816,2.9282
69.9418,0.7378,3.1713
69.9420,0.7092,3.0481
69.9422,0.6902,2.9653
69.9424,0.7197,3.0949
69.9426,0.7383,3.1674
69.9428,0.8391,3.5962
69.9430,0.9079,3.893
69.9432,0.866,3.7101
69.9434,0.9337,3.9961
69.9436,0.9525,4.0786
69.9438,0.9502,4.0707
69.9440,0.9722,4.1628
69.9442,0.9791,4.1945
69.9444,0.9828,4.2105
69.9446,1.0174,4.3584
69.9448,0.9554,4.0871
69.9450,1.0316,4.4072
69.9452,1.1331,4.8519
69.9454,1.0477,4.4884
69.9456,1.0229,4.38
69.9458,1.0729,4.5855
69.9460,1.0933,4.6814
69.9462,0.9795,4.2039
69.9464,0.896,3.8349
69.9466,1.0042,4.3019
69.9468,1.0131,4.344
69.9470,0.9755,4.1811
69.9472,0.8942,3.8398
69.9474,0.8215,3.5294
69.9476,0.819,3.5185
69.9478,0.7742,3.3243
69.9480,0.8343,3.5806
69.9482,0.867,3.7159
69.9484,0.9302,3.9849
69.9486,0.9198,3.9494
69.9488,0.8478,3.6388
69.9490,0.8322,3.5769
69.9492,0.793,3.4068
69.9494,0.7718,3.3156
69.9496,0.8039,3.4536
69.9498,0.8045,3.4498
69.9500,0.837,3.5975
69.9502,0.7386,3.1788
69.9504,0.7437,3.1995
69.9506,0.7509,3.2304
69.9508,0.7491,3.2197
69.9510,0.7713,3.312
69.9512,0.789,3.3882
69.9514,0.8159,3.5117
69.9516,0.7007,3.0171
69.9518,0.7034,3.0247
69.9520,0.7624,3.28
69.9522,0.7495,3.2272
69.9524,0.7167,3.0791
69.9526,0.7322,3.1485
69.9528,0.7459,3.2043
69.9530,0.7702,3.3104
69.9532,0.7635,3.2846
69.9534,0.7713,3.3135
69.9536,0.8225,3.5368
69.9538,0.7478,3.217
69.9540,0.7308,3.1452
69.9542,0.7197,3.0963
69.9544,0.7321,3.1421
69.9546,0.7985,3.4321
69.9548,0.7171,3.0907
69.9550,0.6206,2.6734
69.9552,0.6332,2.7276
69.9554,0.6459,2.7811
69.9556,0.6443,2.777
69.9558,0.5799,2.4983
69.9560,0.5962,2.5685
69.9562,0.5967,2.5694
69.9564,0.6027,2.5988
69.9566,0.5148,2.2209
69.9568,0.4913,2.1224
69.9570,0.4842,2.0918
69.9572,0.4877,2.103
69.9574,0.5379,2.3185
69.9576,0.5346,2.3051
69.9578,0.5653,2.4341
69.9580,0.6151,2.6484
69.9582,0.5896,2.5437
69.9584,0.5311,2.2912
69.9586,0.5333,2.3005
69.9588,0.539,2.3243
69.9590,0.5552,2.3896
69.9592,0.5864,2.5285
69.9594,0.5405,2.3305
69.9596,0.5455,2.3478
69.9598,0.5683,2.4504
69.9600,0.5481,2.3614
69.9602,0.6257,2.6944
69.9604,0.6556,2.8256
69.9606,0.5635,2.4309
69.9608,0.527,2.2736
69.9610,0.5123,2.2079
69.9612,0.5809,2.5036
69.9614,0.616,2.655
69.9616,0.5736,2.4709
69.9618,0.5625,2.4234
69.9620,0.6029,2.5975
69.9622,0.642,2.7646
69.9624,0.6551,2.8183
69.9626,0.6561,2.825
69.9628,0.6495,2.7927
69.9630,0.6467,2.7834
69.9632,0.6809,2.9292
69.9634,0.7053,3.0372
69.9636,0.6402,2.7568
69.9638,0.6053,2.609
69.9640,0.6067,2.6123
69.9642,0.6279,2.7011
69.9644,0.6622,2.8434
69.9646,0.7145,3.0708
69.9648,0.6714,2.8871
69.9650,0.7045,3.028
69.9652,0.767,3.2965
69.9654,0.7942,3.4135
69.9656,0.7483,3.2131
69.9658,0.7798,3.3532
69.9660,0.7785,3.346
69.9662,0.7197,3.0978
69.9664,0.6589,2.8374
69.9666,0.6778,2.9158
69.9668,0.7045,3.028
69.9670,0.7861,3.3784
69.9672,0.8102,3.4837
69.9674,0.7552,3.2475
69.9676,0.732,3.146
69.9678,0.7414,3.1852
69.9680,0.7248,3.1209
69.9682,0.6251,2.6905
69.9684,0.7001,3.0131
69.9686,0.6449,2.7783
69.9688,0.5948,2.5623
69.9690,0.5963,2.5702
69.9692,0.6061,2.6097
69.9694,0.5951,2.5639
69.9696,0.5863,2.5221
69.9698,0.6531,2.8108
69.9700,0.6736,2.9004
69.9702,0.6364,2.739
69.9704,0.646,2.7842
69.9706,0.5728,2.4701
69.9708,0.5529,2.3787
69.9710,0.6099,2.6274
69.9712,0.5682,2.4476
69.9714,0.5438,2.346
69.9716,0.4552,1.9674
69.9718,0.4042,1.7479
69.9720,0.3878,1.6753
69.9722,0.3865,1.6704
69.9724,0.3925,1.6948
69.9726,0.391,1.6878
69.9728,0.3895,1.6818
69.9730,0.3888,1.681
69.9732,0.3914,1.6901
69.9734,0.4011,1.7328
69.9736,0.4051,1.7499
69.9738,0.43,1.8542
69.9740,0.5479,2.3581
69.9742,0.6489,2.7927
69.9744,0.6105,2.6251
69.9746,0.639,2.7517
69.9748,0.6398,2.7484
69.9750,0.7378,3.1668
69.9752,0.7316,3.1459
69.9754,0.7058,3.0365
69.9756,0.7232,3.1055
69.9758,0.7971,3.4179
69.9760,0.8578,3.6798
69.9762,0.8658,3.7108
69.9764,0.9075,3.886
69.9766,0.9785,4.192
69.9768,0.9457,4.0588
69.9770,0.8858,3.8019
69.9772,0.9091,3.9
69.9774,0.8901,3.8151
69.9776,0.8791,3.7714
69.9778,0.8678,3.7195
69.9780,0.9359,4.0096
69.9782,0.9352,4.0084
69.9784,0.9641,4.1303
69.9786,0.9686,4.1532
69.9788,0.9235,3.9599
69.9790,0.9596,4.1146
69.9792,0.9491,4.0737
69.9794,0.9005,3.8629
69.9796,0.9123,3.9157
69.9798,0.9022,3.8707
69.9800,0.9058,3.8825
69.9802,0.9538,4.0938
69.9804,0.962,4.1307
69.9806,0.8468,3.6364
69.9808,0.7738,3.3305
69.9810,0.6932,2.9795
69.9812,0.7817,3.3583
69.9814,0.7931,3.4089
69.9816,0.829,3.5613
69.9818,0.8419,3.6169
69.9820,0.8061,3.4597
69.9822,0.8211,3.5289
69.9824,0.7738,3.3243
69.9826,0.8034,3.45
69.9828,0.8154,3.5031
69.9830,0.8064,3.4693
69.9832,0.7695,3.3119
69.9834,0.7964,3.4212
69.9836,0.8136,3.497
69.9838,0.8087,3.4759
69.9840,0.8226,3.5307
69.9842,0.8421,3.6208
69.9844,0.7935,3.412
69.9846,0.8332,3.586
69.9848,0.7689,3.3047
69.9850,0.796,3.4164
69.9852,0.9168,3.9311
69.9854,0.9461,4.0608
69.9856,0.9073,3.8886
69.9858,0.9067,3.8951
69.9860,0.8439,3.6252
69.9862,0.8373,3.5985
69.9864,0.8025,3.4555
69.9866,0.739,3.1764
69.9868,0.7714,3.3187
69.9870,0.6971,3.003
69.9872,0.6275,2.7059
69.9874,0.6162,2.6573
69.9876,0.6335,2.7279
69.9878,0.6618,2.8538
69.9880,0.5715,2.469
69.9882,0.4951,2.138
69.9884,0.4925,2.1296
69.9886,0.4149,1.7941
69.9888,0.4011,1.7328
69.9890,0.3993,1.7251
69.9892,0.4169,1.8004
69.9894,0.4737,2.0453
69.9896,0.4659,2.0126
69.9898,0.4589,1.9825
69.9900,0.4595,1.9851
69.9902,0.46,1.9872
69.9904,0.4672,2.0136
69.9906,0.523,2.255
69.9908,0.4649,2.0075
69.9910,0.4474,1.9319
69.9912,0.4438,1.9164
69.9914,0.4448,1.9214
69.9916,0.4592,1.9826
69.9918,0.4544,1.961
69.9920,0.4476,1.9311
69.9922,0.459,1.9812
69.9924,0.5058,2.1831
69.9926,0.4788,2.0647
69.9928,0.4499,1.941
69.9930,0.4474,1.9328
69.9932,0.4484,1.936
69.9934,0.45,1.9424
69.9936,0.4541,1.9618
69.9938,0.45,1.9433
69.9940,0.4553,1.9615
69.9942,0.5343,2.2998
69.9944,0.629,2.707
69.9946,0.6004,2.589
69.9948,0.5409,2.3336
69.9950,0.4673,2.0179
69.9952,0.4575,1.9754
69.9954,0.4575,1.9736
69.9956,0.472,2.0352
69.9958,0.5305,2.2876
69.9960,0.5346,2.3019
69.9962,0.5688,2.4491
69.9964,0.5556,2.3934
69.9966,0.5894,2.5426
69.9968,0.5126,2.2126
69.9970,0.4583,1.9763
69.9972,0.4767,2.0592
69.9974,0.4542,1.9596
69.9976,0.4476,1.9294
69.9978,0.4606,1.9861
69.9980,0.4945,2.1314
69.9982,0.4813,2.0717
69.9984,0.557,2.3985
69.9986,0.613,2.636
69.9988,0.6896,2.9641
69.9990,0.6685,2.8734
69.9992,0.6469,2.7845
69.9994,0.6648,2.86
69.9996,0.6031,2.5956
69.9998,0.5503,2.3685
70.0000,0.5505,2.3706
70.0002,0.5872,2.5263
70.0004,0.664,2.8538
70.0006,0.7525,3.2311
70.0008,0.752,3.2381
70.0010,0.6282,2.7065
70.0012,0.5642,2.4283
70.0014,0.5856,2.5226
70.0016,0.6071,2.6155
70.0018,0.6004,2.583
70.0020,0.635,2.7329
70.0022,0.6989,3.0024
70.0024,0.7552,3.246
70.0026,0.751,3.2249
70.0028,0.7513,3.2275
70.0030,0.7514,3.234
70.0032,0.629,2.7108
70.0034,0.562,2.4213
70.0036,0.5546,2.3904
70.0038,0.5622,2.4218
70.0040,0.5764,2.481
70.0042,0.5859,2.5194
70.0044,0.6272,2.6993
70.0046,0.608,2.6216
70.0048,0.5552,2.3941
70.0050,0.5469,2.3584
70.0052,0.5575,2.3994
70.0054,0.5339,2.3042
70.0056,0.4173,1.8011
70.0058,0.4004,1.7289
70.0060,0.4029,1.739
70.0062,0.4041,1.7442
70.0064,0.4181,1.8056
70.0066,0.4209,1.8141
70.0068,0.4553,1.9643
70.0070,0.4504,1.9421
70.0072,0.4911,2.1165
70.0074,0.5474,2.3572
70.0076,0.5739,2.4667
70.0078,0.6697,2.8785
70.0080,0.6598,2.8397
70.0082,0.6671,2.8685
70.0084,0.6545,2.817
70.0086,0.6919,2.9697
70.0088,0.8187,3.5154
70.0090,0.8081,3.4668
70.0092,0.8736,3.7355
70.0094,1.0219,4.3759
70.0096,0.9958,4.264
70.0098,0.9604,4.1163
70.0100,0.9187,3.9393
70.0102,0.9252,3.9634
70.0104,0.959,4.1044
70.0106,0.9581,4.1046
70.0108,0.9238,3.9596
70.0110,0.9759,4.1787
70.0112,0.9562,4.0964
70.0114,0.9475,4.0627
70.0116,0.9094,3.9088
70.0118,0.8063,3.4607
70.0120,0.8049,3.4561
70.0122,0.7926,3.402
70.0124,0.8219,3.5276
70.0126,0.8437,3.6196
70.0128,0.8514,3.6559
70.0130,0.8307,3.5669
70.0132,0.8584,3.6824
70.0134,0.8385,3.6003
70.0136,0.8073,3.4713
70.0138,0.7534,3.2352
70.0140,0.7837,3.3666
70.0142,0.8145,3.4925
70.0144,0.9024,3.8712
70.0146,0.9024,3.8694
70.0148,0.9196,3.9452
70.0150,0.8518,3.6592
70.0152,0.8466,3.6303
70.0154,0.9021,3.8737
70.0156,0.8491,3.6411
70.0158,0.9117,3.9168
70.0160,0.8562,3.6782
70.0162,0.8392,3.6034
70.0164,0.8568,3.6791
70.0166,0.8405,3.6091
70.0168,0.8439,3.6201
70.0170,0.8437,3.6247
70.0172,0.8006,3.4408
70.0174,0.7857,3.3785
70.0176,0.7906,3.398
70.0178,0.8534,3.6664
70.0180,0.8514,3.6576
70.0182,0.812,3.4914
70.0184,0.7759,3.3362
70.0186,0.7597,3.2651
70.0188,0.7628,3.2815
70.0190,0.7562,3.2501
70.0192,0.7599,3.2676
70.0194,0.7526,3.2392
70.0196,0.7615,3.2758
70.0198,0.7568,3.2527
70.0200,0.7333,3.1546
70.0202,0.7171,3.0878
70.0204,0.6696,2.886
70.0206,0.6119,2.6362
70.0208,0.5736,2.4709
70.0210,0.6954,2.993
70.0212,0.6971,3.003
70.0214,0.6387,2.7501
70.0216,0.6432,2.7685
70.0218,0.6778,2.9185
70.0220,0.6539,2.8157
70.0222,0.6534,2.8136
70.0224,0.6574,2.8307
70.0226,0.6647,2.8622
70.0228,0.6717,2.8921
70.0230,0.681,2.931
70.0232,0.6792,2.9233
70.0234,0.6201,2.6701
70.0236,0.6164,2.6553
70.0238,0.6218,2.6786
70.0240,0.6442,2.77
70.0242,0.7154,3.0777
70.0244,0.725,3.119
70.0246,0.7213,3.1059
70.0248,0.6986,3.0097
70.0250,0.5769,2.4888
70.0252,0.5457,2.3521
70.0254,0.5798,2.5024
70.0256,0.5371,2.316
70.0258,0.5354,2.3109
70.0260,0.5349,2.3078
70.0262,0.5361,2.3119
70.0264,0.5498,2.3697
70.0266,0.5382,2.3206
70.0268,0.533,2.2984
70.0270,0.5466,2.3558
70.0272,0.5688,2.4525
70.0274,0.5391,2.3216
70.0276,0.6677,2.8711
70.0278,0.7095,3.0581
70.0280,0.5873,2.5315
70.0282,0.6064,2.6149
70.0284,0.5359,2.3098
70.0286,0.5219,2.2514
70.0288,0.5208,2.2467
70.0290,0.5236,2.2607
70.0292,0.524,2.2596
70.0294,0.5263,2.2695
70.0296,0.5254,2.2664
70.0298,0.5343,2.303
70.0300,0.5381,2.318
70.0302,0.5376,2.317
70.0304,0.5366,2.3139
70.0306,0.5371,2.3149
70.0308,0.5485,2.364
70.0310,0.6106,2.6281
70.0312,0.6374,2.7432
70.0314,0.666,2.8679
70.0316,0.654,2.8097
70.0318,0.7239,3.1158
70.0320,0.6683,2.8737
70.0322,0.6764,2.9101
70.0324,0.6561,2.825
70.0326,0.6639,2.8572
70.0328,0.6706,2.8861
70.0330,0.6675,2.8741
70.0332,0.6799,2.9237
70.0334,0.728,3.1275
70.0336,0.7356,3.1585
70.0338,0.7648,3.2872
70.0340,0.7654,3.2898
70.0342,0.7718,3.3202
70.0344,0.722,3.109
70.0346,0.6302,2.7135
70.0348,0.6209,2.675
70.0350,0.6352,2.7326
70.0352,0.6623,2.8505
70.0354,0.6321,2.7255
70.0356,0.5685,2.4503
70.0358,0.5816,2.5067
70.0360,0.5852,2.5198
70.0362,0.5918,2.5518
70.0364,0.4923,2.1256
70.0366,0.4751,2.0496
70.0368,0.4719,2.0347
70.0370,0.558,2.4093
70.0372,0.4443,1.9184
70.0374,0.4807,2.0739
70.0376,0.4539,1.9599
70.0378,0.4026,1.7366
70.0380,0.4673,2.016
70.0382,0.4534,1.9578
70.0384,0.3906,1.6865
70.0386,0.3834,1.6554
70.0388,0.384,1.6588
70.0390,0.3877,1.6756
70.0392,0.3906,1.6865
70.0394,0.3896,1.6823
70.0396,0.3962,1.7092
70.0398,0.4193,1.8099
70.0400,0.4179,1.8029
70.0402,0.4437,1.9141
70.0404,0.4858,2.0927
70.0406,0.5555,2.3896
70.0408,0.6375,2.7411
70.0410,0.7159,3.0798
70.0412,0.6659,2.8633
70.0414,0.6959,2.9909
70.0416,0.7413,3.1832
70.0418,0.8,3.4318
70.0420,0.8373,3.5885
70.0422,0.8925,3.8254
70.0424,0.8757,3.7587
70.0426,0.8805,3.7723
70.0428,0.9571,4.1
70.0430,0.9646,4.1285
70.0432,1.0634,4.5493
70.0434,1.0929,4.6733
70.0436,1.0855,4.6437
70.0438,1.0809,4.6242
70.0440,1.1248,4.8075
70.0442,1.1204,4.793
70.0444,1.0415,4.4638
70.0446,0.9332,4.0034
70.0448,0.904,3.8711
70.0450,0.9834,4.2111
70.0452,1.0084,4.3179
70.0454,1.0059,4.3111
70.0456,0.989,4.2386
70.0458,1.0183,4.3605
70.0460,1.0192,4.362
70.0462,1.0586,4.5245
70.0464,1.0978,4.6987
70.0466,1.0836,4.6463
70.0468,0.9976,4.2736
70.0470,0.9861,4.2263
70.0472,0.9659,4.1342
70.0474,1.0816,4.6381
70.0476,0.9854,4.2311
70.0478,0.8552,3.6775
70.0480,0.8128,3.495
70.0482,0.7707,3.3125
70.0484,0.7531,3.2412
70.0486,0.6859,2.9549
70.0488,0.6888,2.966
70.0490,0.7006,3.0096
70.0492,0.7591,3.2655
70.0494,0.7394,3.1809
70.0496,0.7684,3.3011
70.0498,0.7803,3.3521
70.0500,0.8218,3.532
70.0502,0.859,3.6901
70.0504,0.8724,3.7443
70.0506,0.882,3.7819
70.0508,0.96,4.1186
70.0510,0.917,3.9413
70.0512,0.8205,3.5231
70.0514,0.8337,3.5781
70.0516,0.8858,3.8055
70.0518,0.885,3.8019
70.0520,0.7961,3.4265
70.0522,0.6851,2.9513
70.0524,0.705,3.0314
70.0526,0.7293,3.142
70.0528,0.6238,2.6886
70.0530,0.6447,2.7759
70.0532,0.7402,3.1875
70.0534,0.6758,2.9061
70.0536,0.6944,2.993
70.0538,0.6079,2.6199
70.0540,0.6406,2.7558
70.0542,0.7029,3.0255
70.0544,0.681,2.9365
70.0546,0.6137,2.6476
70.0548,0.5628,2.4289
70.0550,0.4943,2.1354
70.0552,0.4909,2.1199
70.0554,0.4965,2.1417
70.0556,0.4938,2.1303
70.0558,0.5051,2.1779
70.0560,0.5047,2.1774
70.0562,0.543,2.3435
70.0564,0.515,2.2229
70.0566,0.5248,2.2606
70.0568,0.5568,2.4041
70.0570,0.4733,2.0428
70.0572,0.5024,2.1646
70.0574,0.6225,2.6866
70.0576,0.5114,2.2094
70.0578,0.4518,1.9511
70.0580,0.4521,1.9494
70.0582,0.5112,2.2074
70.0584,0.51,2.2032
70.0586,0.4735,2.0457
70.0588,0.4394,1.8972
70.0590,0.4488,1.9381
70.0592,0.4467,1.9297
70.0594,0.4466,1.9283
70.0596,0.4674,2.0174
70.0598,0.4547,1.9626
70.0600,0.4566,1.9718
70.0602,0.4666,2.0138
70.0604,0.4617,1.9917
70.0606,0.4574,1.974
70.0608,0.4485,1.9348
70.0610,0.4624,1.9948
70.0612,0.4887,2.1091
70.0614,0.4899,2.1132
70.0616,0.5409,2.3304
70.0618,0.6257,2.6969
70.0620,0.5835,2.5161
70.0622,0.5694,2.454
70.0624,0.581,2.5006
70.0626,0.6136,2.6422
70.0628,0.5709,2.4595
70.0630,0.5936,2.5548
70.0632,0.658,2.8333
70.0634,0.6366,2.7426
70.0636,0.5896,2.5425
70.0638,0.5389,2.3216
70.0640,0.5786,2.4914
70.0642,0.6029,2.595
70.0644,0.6206,2.6697
70.0646,0.6507,2.7979
70.0648,0.6574,2.8294
70.0650,0.658,2.832
70.0652,0.6682,2.8758
70.0654,0.6647,2.8595
70.0656,0.6472,2.7829
70.0658,0.6257,2.6969
70.0660,0.579,2.4941
70.0662,0.6185,2.6584
70.0664,0.7104,3.0547
70.0666,0.7183,3.0916
70.0668,0.7034,3.0247
70.0670,0.7302,3.1412
70.0672,0.7164,3.079
70.0674,0.704,3.0287
70.0676,0.6762,2.909
70.0678,0.6922,2.9804
70.0680,0.6098,2.6257
70.0682,0.6085,2.6212
70.0684,0.6103,2.6302
70.0686,0.5634,2.427
70.0688,0.5787,2.4896
70.0690,0.6339,2.7295
70.0692,0.607,2.6114
70.0694,0.5851,2.5205
70.0696,0.575,2.4782
70.0698,0.5662,2.4428
70.0700,0.5128,2.209
70.0702,0.5382,2.3185
70.0704,0.5246,2.2622
70.0706,0.505,2.1815
70.0708,0.4252,1.8353
70.0710,0.4187,1.8065
70.0712,0.4036,1.7437
70.0714,0.3996,1.7261
70.0716,0.4006,1.7308
70.0718,0.396,1.7098
70.0720,0.3879,1.6759
70.0722,0.3827,1.6531
70.0724,0.3835,1.6552
70.0726,0.3897,1.6821
70.0728,0.3925,1.6932
70.0730,0.4003,1.7268
70.0732,0.4327,1.8665
70.0734,0.5142,2.2152
70.0736,0.5823,2.5063
70.0738,0.5962,2.5626
70.0740,0.6398,2.7535
70.0742,0.6287,2.7022
70.0744,0.6967,2.9931
70.0746,0.7399,3.1756
70.0748,0.807,3.4654
70.0750,0.7882,3.383
70.0752,0.8158,3.5046
70.0754,0.7893,3.3908
70.0756,0.7393,3.173
70.0758,0.8626,3.6969
70.0760,0.9772,4.1883
70.0762,0.965,4.132
70.0764,0.9656,4.1307
70.0766,0.9869,4.224
70.0768,1.0038,4.3044
70.0770,0.9431,4.048
70.0772,0.8879,3.8036
70.0774,0.9586,4.1009
70.0776,0.9907,4.2523
70.0778,0.8447,3.6254
70.0780,0.8126,3.4842
70.0782,0.8681,3.724
70.0784,0.8331,3.5788
70.0786,0.8394,3.6078
70.0788,0.7907,3.3938
70.0790,0.815,3.4994
70.0792,0.8097,3.4767
70.0794,0.8117,3.4822
70.0796,0.8482,3.6403
70.0798,0.8307,3.5669
70.0800,0.8285,3.5609
70.0802,0.7944,3.4145
70.0804,0.7959,3.4159
70.0806,0.8802,3.776
70.0808,0.8632,3.7029
70.0810,0.8888,3.8166
70.0812,0.8632,3.7081
70.0814,0.838,3.5949
70.0816,0.9129,3.9164
70.0818,0.9386,4.0247
70.0820,0.925,3.9702
70.0822,0.9111,3.9051
70.0824,0.9347,4.0157
70.0826,0.8345,3.585
70.0828,0.8497,3.6487
70.0830,0.8477,3.64
70.0832,0.8301,3.5659
70.0834,0.8443,3.6256
70.0836,0.8558,3.675
70.0838,0.8587,3.6856
70.0840,0.8636,3.705
70.0842,0.8924,3.832
70.0844,0.8876,3.8114
70.0846,0.8999,3.8604
70.0848,0.9387,4.0233
70.0850,0.9422,4.0382
70.0852,0.9885,4.2425
70.0854,0.9473,4.0679
70.0856,0.8261,3.5555
70.0858,0.7071,3.0436
70.0860,0.7586,3.2635
70.0862,0.7304,3.1451
70.0864,0.7157,3.0788
70.0866,0.7236,3.1172
70.0868,0.6493,2.7961
70.0870,0.6511,2.8012
70.0872,0.6589,2.84
70.0874,0.6094,2.6266
70.0876,0.6312,2.7206
70.0878,0.6426,2.7697
70.0880,0.6011,2.5933
70.0882,0.5285,2.2809
70.0884,0.5207,2.2452
70.0886,0.5391,2.3237
70.0888,0.5424,2.3398
70.0890,0.5319,2.2959
70.0892,0.5291,2.2814
70.0894,0.5276,2.2741
70.0896,0.5299,2.286
70.0898,0.5315,2.2938
70.0900,0.5355,2.3114
70.0902,0.5285,2.2777
70.0904,0.5788,2.4936
70.0906,0.6318,2.727
70.0908,0.5613,2.4204
70.0910,0.5529,2.3831
70.0912,0.5495,2.3693
70.0914,0.5809,2.5059
70.0916,0.5454,2.3528
70.0918,0.5411,2.332
70.0920,0.5383,2.3201
70.0922,0.5291,2.2824
70.0924,0.5252,2.2669
70.0926,0.5278,2.2767
70.0928,0.5297,2.2839
70.0930,0.5252,2.2669
70.0932,0.5258,2.2695
70.0934,0.5307,2.2812
70.0936,0.6317,2.7202
70.0938,0.637,2.7404
70.0940,0.678,2.9236
70.0942,0.5535,2.3868
70.0944,0.6015,2.5889
70.0946,0.7345,3.1568
70.0948,0.7226,3.113
70.0950,0.5537,2.3874
70.0952,0.5318,2.2932
70.0954,0.5321,2.2953
70.0956,0.5375,2.3165
70.0958,0.5997,2.5823
70.0960,0.6341,2.733
70.0962,0.6428,2.7677
70.0964,0.6616,2.8474
70.0966,0.6406,2.7597
70.0968,0.5626,2.4261
70.0970,0.5453,2.3501
70.0972,0.5444,2.3454
70.0974,0.6457,2.7767
70.0976,0.6816,2.935
70.0978,0.6535,2.8129
70.0980,0.6972,2.9965
70.0982,0.755,3.245
70.0984,0.7621,3.2738
70.0986,0.8156,3.502
70.0988,0.7648,3.2826
70.0990,0.7947,3.4171
70.0992,0.7886,3.3909
70.0994,0.8034,3.4516
70.0996,0.7822,3.362
70.0998,0.7491,3.2227
70.1000,0.6941,2.9873
70.1002,0.6781,2.9159
70.1004,0.7441,3.1951
70.1006,0.8296,3.5655
70.1008,0.8135,3.4948
70.1010,0.7849,3.3733
70.1012,0.7357,3.1605
70.1014,0.7685,3.3017
70.1016,0.7709,3.312
70.1018,0.7664,3.2939
70.1020,0.7378,3.1742
70.1022,0.7188,3.0965
70.1024,0.64,2.7545
70.1026,0.6549,2.8198
70.1028,0.6796,2.9249
70.1030,0.6493,2.7961
70.1032,0.5731,2.4734
70.1034,0.4936,2.1303
70.1036,0.5052,2.1785
70.1038,0.5884,2.5326
70.1040,0.6589,2.8361
70.1042,0.6634,2.8618
70.1044,0.5313,2.2933
70.1046,0.5129,2.2105
70.1048,0.5793,2.498
70.1050,0.5165,2.2271
70.1052,0.5691,2.4552
70.1054,0.4975,2.1493
70.1056,0.4134,1.7865
70.1058,0.4086,1.7641
70.1060,0.4159,1.7957
70.1062,0.4052,1.7513
70.1064,0.4042,1.7455
70.1066,0.4195,1.8096
70.1068,0.47,2.0255
70.1070,0.508,2.1873
70.1072,0.6533,2.8131
70.1074,0.6266,2.6967
70.1076,0.6306,2.713
70.1078,0.7241,3.1163
70.1080,0.7219,3.1027
70.1082,0.7558,3.2455
70.1084,0.8043,3.4536
70.1086,0.8734,3.7467
70.1088,0.8482,3.6454
70.1090,0.8287,3.5536
70.1092,0.8922,3.8274
70.1094,0.9008,3.8645
70.1096,0.926,3.967
70.1098,0.955,4.0932
70.1100,0.9796,4.1985
70.1102,0.9699,4.1569
70.1104,0.9495,4.0695
70.1106,0.9731,4.1669
70.1108,1.0473,4.4827
70.1110,1.0735,4.6031
70.1112,0.9952,4.2594
70.1114,1.0228,4.3774
70.1116,1.0457,4.4755
70.1118,1.04,4.4576
70.1120,0.9322,4.0011
70.1122,0.935,4.0092
70.1124,0.9874,4.2339
70.1126,0.9327,4.0051
70.1128,0.8356,3.593
70.1130,0.8028,3.4506
70.1132,0.8016,3.4454
70.1134,0.7757,3.3357
70.1136,0.7502,3.2258
70.1138,0.7863,3.3826
70.1140,0.8172,3.5108
70.1142,0.841,3.6145
70.1144,0.8218,3.5304
70.1146,0.8443,3.6272
70.1148,0.8164,3.5072
70.1150,0.8105,3.4836
70.1152,0.8184,3.5192
70.1154,0.7908,3.3991
70.1156,0.7702,3.3181
70.1158,0.654,2.8162
70.1160,0.6916,2.9778
70.1162,0.7067,3.0401
70.1164,0.7196,3.0944
70.1166,0.7784,3.3424
70.1168,0.8377,3.6023
70.1170,0.7543,3.2464
70.1172,0.7262,3.1242
70.1174,0.7046,3.0341
70.1176,0.6834,2.9414
70.1178,0.6871,2.9574
70.1180,0.719,3.0932
70.1182,0.7013,3.0169
70.1184,0.7248,3.1209
70.1186,0.7187,3.0931
70.1188,0.7424,3.1998
70.1190,0.6158,2.6527
70.1192,0.6221,2.6789
70.1194,0.6932,2.9837
70.1196,0.6657,2.865
70.1198,0.6131,2.6438
70.1200,0.5628,2.43
70.1202,0.5592,2.4123
70.1204,0.5674,2.4468
70.1206,0.5576,2.4078
70.1208,0.511,2.2033
70.1210,0.5258,2.2695
70.1212,0.4631,1.9979
70.1214,0.5081,2.1909
70.1216,0.6166,2.6588
70.1218,0.6031,2.6016
70.1220,0.587,2.5299
70.1222,0.5881,2.5322
70.1224,0.6131,2.6414
70.1226,0.617,2.6591
70.1228,0.5796,2.4967
70.1230,0.5991,2.5785
70.1232,0.6715,2.893
70.1234,0.6648,2.8614
70.1236,0.6375,2.7513
70.1238,0.4797,2.0722
70.1240,0.4568,1.9741
70.1242,0.4683,2.0183
70.1244,0.5126,2.2105
70.1246,0.5034,2.1717
70.1248,0.4929,2.1282
70.1250,0.4523,1.9522
70.1252,0.4486,1.938
70.1254,0.4463,1.9281
70.1256,0.449,1.9377
70.1258,0.4552,1.9647
70.1260,0.4623,1.997
70.1262,0.4481,1.9359
70.1264,0.4432,1.912
70.1266,0.4476,1.932
70.1268,0.4761,2.0547
70.1270,0.5256,2.2674
70.1272,0.5019,2.167
70.1274,0.4499,1.9419
70.1276,0.4472,1.9309
70.1278,0.4494,1.9407
70.1280,0.484,2.0869
70.1282,0.5093,2.1971
70.1284,0.4527,1.952
70.1286,0.4496,1.9385
70.1288,0.4697,2.0263
70.1290,0.4761,2.0538
70.1292,0.4481,1.9341
70.1294,0.448,1.9318
70.1296,0.4545,1.9615
70.1298,0.4533,1.9564
70.1300,0.4466,1.9265
70.1302,0.4426,1.9094
70.1304,0.4458,1.9243
70.1306,0.5047,2.1764
70.1308,0.5517,2.3758
70.1310,0.5652,2.4336
70.1312,0.5728,2.4678
70.1314,0.6135,2.6392
70.1316,0.6629,2.8491
70.1318,0.6821,2.933
70.1320,0.6652,2.8642
70.1322,0.6621,2.8495
70.1324,0.628,2.7042
70.1326,0.5782,2.491
70.1328,0.6148,2.6461
70.1330,0.661,2.8396
70.1332,0.7386,3.1729
70.1334,0.7518,3.2356
70.1336,0.627,2.6988
70.1338,0.6641,2.8583
70.1340,0.664,2.8551
70.1342,0.6637,2.8581
70.1344,0.6254,2.6928
70.1346,0.6414,2.7607
70.1348,0.6269,2.6958
70.1350,0.6551,2.8169
70.1352,0.6551,2.8183
70.1354,0.6051,2.608
70.1356,0.5839,2.5165
70.1358,0.5832,2.5122
70.1360,0.5337,2.3004
70.1362,0.524,2.2596
70.1364,0.5537,2.3862
70.1366,0.5744,2.4734
70.1368,0.5501,2.3718
70.1370,0.5179,2.2302
70.1372,0.5983,2.5737
70.1374,0.5941,2.564
70.1376,0.4569,1.9737
70.1378,0.403,1.7387
70.1380,0.3954,1.708
70.1382,0.4075,1.7595
70.1384,0.4118,1.7781
70.1386,0.3896,1.6808
70.1388,0.3998,1.7239
70.1390,0.474,2.0469
70.1392,0.3898,1.6841
70.1394,0.383,1.6538
70.1396,0.4094,1.7661
70.1398,0.4044,1.7444
70.1400,0.4088,1.7635
70.1402,0.4263,1.8391
70.1404,0.4776,2.0567
70.1406,0.5688,2.4491
70.1408,0.5842,2.5122
70.1410,0.627,2.6963
70.1412,0.7561,3.2466
70.1414,0.8263,3.5434
70.1416,0.8712,3.7374
70.1418,0.8423,3.6101
70.1420,0.8834,3.7864
70.1422,0.884,3.7907
70.1424,0.9009,3.8614
70.1426,0.9463,4.0557
70.1428,0.9774,4.1834
70.1430,1.015,4.342
70.1432,1.0176,4.3493
70.1434,1.0854,4.6388
70.1436,1.1074,4.7331
70.1438,1.1071,4.7405
70.1440,1.0783,4.6108
70.1442,1.1379,4.861
70.1444,1.1633,4.9859
70.1446,1.0056,4.3101
70.1448,0.953,4.0845
70.1450,0.9301,3.9863
70.1452,0.8936,3.8318
70.1454,0.8707,3.7371
70.1456,0.9062,3.8913
70.1458,0.8584,3.6807
70.1460,0.8471,3.6357
70.1462,0.8603,3.6889
70.1464,0.9256,3.9673
70.1466,0.9717,4.1646
70.1468,0.9461,4.0627
70.1470,0.876,3.7562
70.1472,0.9469,4.0601
70.1474,0.9395,4.0363
70.1476,0.8093,3.4768
70.1478,0.7789,3.3475
70.1480,0.7853,3.3769
70.1482,0.7823,3.3578
70.1484,0.8268,3.5504
70.1486,0.7949,3.4182
70.1488,0.79,3.397
70.1490,0.8073,3.4664
70.1492,0.7869,3.3805
70.1494,0.8076,3.4696
70.1496,0.7682,3.3078
70.1498,0.6852,2.9505
70.1500,0.6816,2.9336
70.1502,0.7278,3.1309
70.1504,0.7609,3.2672
70.1506,0.8044,3.4589
70.1508,0.7621,3.2769
70.1510,0.766,3.2924
70.1512,0.7864,3.3753
70.1514,0.8118,3.4876
70.1516,0.8091,3.479
70.1518,0.8347,3.586
70.1520,0.8507,3.6528
70.1522,0.8382,3.6026
70.1524,0.7699,3.3089
70.1526,0.8388,3.6035
70.1528,0.7676,3.3021
70.1530,0.7133,3.0713
70.1532,0.6752,2.909
70.1534,0.6543,2.8146
70.1536,0.689,2.9642
70.1538,0.7193,3.1014
70.1540,0.6081,2.6221
70.1542,0.5607,2.419
70.1544,0.5727,2.4673
70.1546,0.5738,2.4731
70.1548,0.5865,2.5255
70.1550,0.6404,2.7586
70.1552,0.593,2.5581
70.1554,0.4926,2.1281
70.1556,0.483,2.0857
70.1558,0.531,2.2886
70.1560,0.5612,2.4166
70.1562,0.6015,2.5877
70.1564,0.6152,2.6514
70.1566,0.6461,2.7834
70.1568,0.6329,2.7253
70.1570,0.6666,2.8691
70.1572,0.6802,2.9356
70.1574,0.5412,2.3336
70.1576,0.5299,2.2829
70.1578,0.5862,2.5275
70.1580,0.5448,2.3502
70.1582,0.5305,2.2854
70.1584,0.5448,2.3491
70.1586,0.576,2.4835
70.1588,0.5565,2.4009
70.1590,0.5195,2.2379
70.1592,0.5655,2.4385
70.1594,0.5396,2.3269
70.1596,0.543,2.3413
70.1598,0.5315,2.2917
70.1600,0.5189,2.2364
70.1602,0.513,2.2131
70.1604,0.5956,2.5624
70.1606,0.6287,2.711
70.1608,0.5522,2.3778
70.1610,0.5712,2.4594
70.1612,0.6158,2.6515
70.1614,0.6339,2.7295
70.1616,0.6558,2.8213
70.1618,0.67,2.8836
70.1620,0.6887,2.9655
70.1622,0.6977,3.0014
70.1624,0.7068,3.0378
70.1626,0.7304,3.1451
70.1628,0.6407,2.7602
70.1630,0.6251,2.6905
70.1632,0.6274,2.6991
70.1634,0.6406,2.7546
70.1636,0.657,2.8278
70.1638,0.6899,2.9665
70.1640,0.7015,3.0193
70.1642,0.6394,2.7532
70.1644,0.6279,2.7024
70.1646,0.6377,2.7435
70.1648,0.6953,2.9925
70.1650,0.7221,3.1037
70.1652,0.7908,3.3975
70.1654,0.8365,3.5921
70.1656,0.8669,3.7189
70.1658,0.8941,3.8339
70.1660,0.8781,3.7708
70.1662,0.8392,3.6034
70.1664,0.7924,3.4058
70.1666,0.7157,3.0802
70.1668,0.6956,2.9954
70.1670,0.7178,3.0809
70.1672,0.785,3.3738
70.1674,0.7509,3.2304
70.1676,0.6803,2.9279
70.1678,0.6672,2.8717
70.1680,0.6676,2.8759
70.1682,0.6162,2.6523
70.1684,0.6857,2.9512
70.1686,0.6683,2.879
70.1688,0.6112,2.6319
70.1690,0.5983,2.5809
70.1692,0.5598,2.4137
70.1694,0.5938,2.5618
70.1696,0.465,2.008
70.1698,0.4071,1.7596
70.1700,0.3991,1.7256
70.1702,0.4006,1.7292
70.1704,0.4929,2.1232
70.1706,0.5715,2.4644
70.1708,0.4664,2.0146
70.1710,0.4108,1.7748
70.1712,0.3937,1.6991
70.1714,0.3969,1.7139
70.1716,0.3945,1.7043
70.1718,0.4064,1.7556
70.1720,0.4125,1.7812
70.1722,0.4069,1.7544
70.1724,0.4628,1.9973
70.1726,0.4213,1.819
70.1728,0.4042,1.7455
70.1730,0.406,1.7525
70.1732,0.4022,1.7367
70.1734,0.4159,1.7941
70.1736,0.4456,1.9232
70.1738,0.5182,2.2333
70.1740,0.5856,2.5202
70.1742,0.6058,2.6014
70.1744,0.7059,3.0327
70.1746,0.7067,3.0358
70.1748,0.7579,3.2558
70.1750,0.8012,3.437
70.1752,0.8313,3.5694
70.1754,0.8109,3.4803
70.1756,0.8772,3.7596
70.1758,0.8905,3.8167
70.1760,0.8457,3.6278
70.1762,0.837,3.5925
70.1764,0.832,3.5709
70.1766,0.8281,3.5544
70.1768,0.866,3.7136
70.1770,0.887,3.7982
70.1772,0.9736,4.1729
70.1774,1.0039,4.2989
70.1776,1.0459,4.4849
70.1778,0.9066,3.8837
70.1780,1.0081,4.3148
70.1782,1.098,4.697
70.1784,1.0994,4.712
70.1786,1.0158,4.3517
70.1788,0.9845,4.2216
70.1790,0.9298,3.989
70.1792,0.9198,3.9476
70.1794,0.9142,3.9203
70.1796,0.9288,3.9899
70.1798,0.7797,3.3543
70.1800,0.7206,3.1014
70.1802,0.7127,3.0645
70.1804,0.7437,3.1935
70.1806,0.8566,3.6781
70.1808,0.8519,3.6614
70.1810,0.753,3.2362
70.1812,0.807,3.4654
70.1814,0.834,3.5813
70.1816,0.8886,3.8138
70.1818,0.9359,4.019
70.1820,0.8958,3.8411
70.1822,0.9135,3.9245
70.1824,0.8261,3.5456
70.1826,0.8593,3.6882
70.1828,0.8255,3.548
70.1830,0.8476,3.6445
70.1832,0.8144,3.5001
70.1834,0.7819,3.3604
70.1836,0.7998,3.4361
70.1838,0.8439,3.6252
70.1840,0.8503,3.6547
70.1842,0.8025,3.4507
70.1844,0.7989,3.4384
70.1846,0.7253,3.12
70.1848,0.7207,3.1004
70.1850,0.7473,3.2165
70.1852,0.6782,2.9178
70.1854,0.6839,2.9393
70.1856,0.7978,3.4337
70.1858,0.7173,3.0932
70.1860,0.6269,2.7008
70.1862,0.6588,2.8369
70.1864,0.6591,2.8392
70.1866,0.6189,2.6674
70.1868,0.611,2.6333
70.1870,0.5986,2.5813
70.1872,0.5599,2.4131
70.1874,0.5791,2.497
70.1876,0.5937,2.5624
70.1878,0.503,2.1722
70.1880,0.4828,2.0827
70.1882,0.5272,2.2741
70.1884,0.5342,2.3068
70.1886,0.4945,2.1344
70.1888,0.4822,2.0801
70.1890,0.4712,2.0335
70.1892,0.4854,2.096
70.1894,0.53,2.2844
70.1896,0.583,2.514
70.1898,0.5021,2.171
70.1900,0.4107,1.7726
70.1902,0.4704,2.0276
70.1904,0.5208,2.2467
70.1906,0.4967,2.1427
70.1908,0.517,2.2302
70.1910,0.4901,2.1172
70.1912,0.4445,1.9213
70.1914,0.4468,1.9284
70.1916,0.4516,1.9482
70.1918,0.4463,1.9264
70.1920,0.4541,1.9609
70.1922,0.4593,1.9822
70.1924,0.4599,1.9839
70.1926,0.4618,1.994
70.1928,0.4588,1.9811
70.1930,0.4595,1.9823
70.1932,0.4592,1.9799
70.1934,0.4625,1.9971
70.1936,0.4463,1.9263
70.1938,0.4432,1.912
70.1940,0.4433,1.9134
70.1942,0.4503,1.9416
70.1944,0.5011,2.1598
70.1946,0.5234,2.257
70.1948,0.4649,2.0056
70.1950,0.5058,2.18
70.1952,0.5488,2.3644
70.1954,0.5545,2.3876
70.1956,0.5835,2.5149
70.1958,0.5048,2.1789
70.1960,0.4559,1.9677
70.1962,0.4601,1.9849
70.1964,0.4621,1.9928
70.1966,0.5448,2.3436
70.1968,0.6726,2.8949
70.1970,0.6519,2.8043
70.1972,0.6656,2.8649
70.1974,0.6553,2.8192
70.1976,0.6823,2.9339
70.1978,0.6605,2.8414
70.1980,0.6791,2.9214
70.1982,0.705,3.0258
70.1984,0.7517,3.2295
70.1986,0.7363,3.1586
70.1988,0.8458,3.6283
70.1990,0.7689,3.3093
70.1992,0.6101,2.626
70.1994,0.6511,2.8064
70.1996,0.5723,2.4668
70.1998,0.5512,2.3737
70.2000,0.6052,2.606
70.2002,0.567,2.4436
70.2004,0.5574,2.4022
70.2006,0.5652,2.4324
70.2008,0.5967,2.5658
70.2010,0.623,2.6787
70.2012,0.6442,2.7764
70.2014,0.6245,2.6891
70.2016,0.649,2.7919
70.2018,0.6401,2.7512
70.2020,0.6895,2.9663
70.2022,0.6938,2.9862
70.2024,0.6574,2.8254
70.2026,0.6715,2.8889
70.2028,0.7251,3.1195
70.2030,0.7035,3.0252
70.2032,0.7001,3.0116
70.2034,0.7107,3.0576
70.2036,0.676,2.908
70.2038,0.6794,2.9229
70.2040,0.6773,2.9109
70.2042,0.6279,2.7061
70.2044,0.5311,2.289
70.2046,0.5672,2.4435
70.2048,0.5823,2.5086
70.2050,0.4998,2.1561
70.2052,0.4184,1.8074
70.2054,0.4054,1.7498
70.2056,0.4054,1.7498
70.2058,0.397,1.716
70.2060,0.401,1.7315
70.2062,0.404,1.7436
70.2064,0.4354,1.8784
70.2066,0.4889,2.1091
70.2068,0.5211,2.2451
70.2070,0.5689,2.4473
70.2072,0.6502,2.7905
70.2074,0.715,3.0718
70.2076,0.7122,3.0581
70.2078,0.7827,3.3608
70.2080,0.752,3.2335
70.2082,0.7167,3.0776
70.2084,0.8022,3.4399
70.2086,0.8851,3.7935
70.2088,0.8543,3.6648
70.2090,0.833,3.5738
70.2092,0.8233,3.5337
70.2094,0.8496,3.6464
70.2096,0.8827,3.7885
70.2098,0.8249,3.5388
70.2100,0.8689,3.7241
70.2102,0.8717,3.7411
70.2104,0.7987,3.4282
70.2106,0.8318,3.5736
70.2108,0.82,3.5226
70.2110,0.8124,3.4836
70.2112,0.8612,3.6946
70.2114,0.8854,3.7986
70.2116,0.8976,3.8451
70.2118,0.8868,3.8113
70.2120,0.7854,3.3695
70.2122,0.8411,3.6099
70.2124,0.8617,3.7001
70.2126,0.8406,3.6112
70.2128,0.8753,3.7548
70.2130,0.8545,3.6658
70.2132,0.8979,3.8485
70.2134,0.9163,3.9271
70.2136,0.8944,3.8389
70.2138,0.8795,3.7711
70.2140,0.9121,3.9109
70.2142,0.9317,3.9953
70.2144,0.9438,4.0491
70.2146,0.9429,4.0431
70.2148,0.9147,3.9241
70.2150,0.904,3.8765
70.2152,0.9001,3.8667
70.2154,0.8557,3.6744
70.2156,0.8281,3.5609
70.2158,0.7845,3.3685
70.2160,0.8219,3.5276
70.2162,0.835,3.5853
70.2164,0.8438,3.6234
70.2166,0.8538,3.6662
70.2168,0.8333,3.5781
70.2170,0.8235,3.5375
70.2172,0.8438,3.6285
70.2174,0.9018,3.8703
70.2176,0.8573,3.6845
70.2178,0.8077,3.4684
70.2180,0.8315,3.5737
70.2182,0.7917,3.401
70.2184,0.7715,3.3191
70.2186,0.7722,3.3207
70.2188,0.7803,3.3583
70.2190,0.7318,3.1454
70.2192,0.7191,3.0994
70.2194,0.6323,2.7278
70.2196,0.5719,2.4648
70.2198,0.568,2.4448
70.2200,0.6985,3.0049
70.2202,0.6655,2.8711
70.2204,0.5963,2.5714
70.2206,0.5938,2.557
70.2208,0.6319,2.7212
70.2210,0.6971,2.9974
70.2212,0.7601,3.2686
70.2214,0.692,2.9785
70.2216,0.6607,2.8451
70.2218,0.6544,2.8151
70.2220,0.7069,3.0439
70.2222,0.6486,2.7955
70.2224,0.6417,2.7643
70.2226,0.6423,2.7643
70.2228,0.6602,2.8391
70.2230,0.6814,2.9312
70.2232,0.7007,3.01
70.2234,0.8099,3.4826
70.2236,0.8129,3.4987
70.2238,0.7113,3.0687
70.2240,0.5679,2.4511
70.2242,0.5262,2.2689
70.2244,0.5282,2.2798
70.2246,0.5255,2.2658
70.2248,0.5274,2.2741
70.2250,0.5261,2.2694
70.2252,0.5333,2.3015
70.2254,0.5399,2.3268
70.2256,0.536,2.3124
70.2258,0.5259,2.2679
70.2260,0.5241,2.2601
70.2262,0.5259,2.2679
70.2264,0.5281,2.2772
70.2266,0.5774,2.4851
70.2268,0.7221,3.0993
70.2270,0.7683,3.3129
70.2272,0.5688,2.4536
70.2274,0.5354,2.3098
70.2276,0.5292,2.2818
70.2278,0.5261,2.2652
70.2280,0.5932,2.5568
70.2282,0.5496,2.3708
70.2284,0.5323,2.2953
70.2286,0.5268,2.2715
70.2288,0.5267,2.2731
70.2290,0.5249,2.2643
70.2292,0.5267,2.2699
70.2294,0.53,2.2865
70.2296,0.5285,2.2766
70.2298,0.5949,2.5569
70.2300,0.7529,3.2346
70.2302,0.7622,3.2804
70.2304,0.687,2.9582
70.2306,0.645,2.7762
70.2308,0.6333,2.7256
70.2310,0.6479,2.7885
70.2312,0.7035,3.0224
70.2314,0.7368,3.1651
70.2316,0.751,3.2279
70.2318,0.7356,3.1629
70.2320,0.7356,3.1643
70.2322,0.7695,3.3057
70.2324,0.7418,3.1912
70.2326,0.7167,3.0877
70.2328,0.6421,2.7638
70.2330,0.6659,2.862
70.2332,0.7112,3.0511
70.2334,0.8159,3.5018
70.2336,0.851,3.6628
70.2338,0.6901,2.9716
70.2340,0.6564,2.8252
70.2342,0.6581,2.8324
70.2344,0.717,3.0815
70.2346,0.7294,3.1366
70.2348,0.7022,3.0223
70.2350,0.6677,2.8777
70.2352,0.5853,2.5215
70.2354,0.6274,2.699
70.2356,0.6443,2.7743
70.2358,0.6572,2.8301
70.2360,0.5842,2.5203
70.2362,0.5401,2.33
70.2364,0.4592,1.9817
70.2366,0.5044,2.1728
70.2368,0.6015,2.5936
70.2370,0.5343,2.3073
70.2372,0.4985,2.1495
70.2374,0.514,2.2162
70.2376,0.5074,2.1887
70.2378,0.5277,2.2777
70.2380,0.45,1.9406
70.2382,0.4798,2.0717
70.2384,0.4238,1.829
70.2386,0.4215,1.8209
70.2388,0.3868,1.6719
70.2390,0.3978,1.7183
70.2392,0.4225,1.8233
70.2394,0.4149,1.7915
70.2396,0.412,1.7791
70.2398,0.4372,1.8817
70.2400,0.607,2.6113
70.2402,0.6419,2.7589
70.2404,0.7201,3.0935
70.2406,0.7503,3.2263
70.2408,0.7353,3.1589
70.2410,0.8065,3.4585
70.2412,0.8595,3.6857
70.2414,0.8298,3.5632
70.2416,0.8015,3.4369
70.2418,0.9413,4.0308
70.2420,1.0164,4.3522
70.2422,1.0091,4.3209
70.2424,0.9917,4.2543
70.2426,0.9188,3.9434
70.2428,0.9143,3.9207
70.2430,0.9524,4.0818
70.2432,0.9308,3.9874
70.2434,0.9907,4.2443
70.2436,0.9964,4.2625
70.2438,1.0801,4.6162
70.2440,1.135,4.8577
70.2442,1.1124,4.7613
70.2444,1.1109,4.7524
70.2446,1.1068,4.7349
70.2448,1.0357,4.4411
70.2450,0.907,3.8912
70.2452,0.9539,4.098
70.2454,0.9128,3.9159
70.2456,0.9383,4.0254
70.2458,0.9237,3.9608
70.2460,0.9344,4.0084
70.2462,0.8437,3.6263
70.2464,0.7972,3.4231
70.2466,0.8916,3.8284
70.2468,0.8673,3.7261
70.2470,0.7851,3.379
70.2472,0.7598,3.267
70.2474,0.7366,3.1705
70.2476,0.7182,3.091
70.2478,0.6894,2.9657
70.2480,0.7082,3.0467
70.2482,0.7635,3.283
70.2484,0.7077,3.0489
70.2486,0.655,2.8203
70.2488,0.726,3.1231
70.2490,0.7588,3.2599
70.2492,0.7828,3.3645
70.2494,0.8496,3.6498
70.2496,0.7911,3.4095
70.2498,0.6552,2.8213
70.2500,0.6702,2.8859
70.2502,0.7233,3.1103
70.2504,0.8227,3.5361
70.2506,0.7808,3.3541
70.2508,0.7496,3.2277
70.2510,0.7041,3.0292
70.2512,0.7232,3.1127
70.2514,0.6972,3.0007
70.2516,0.7189,3.097
70.2518,0.7296,3.1371
70.2520,0.732,3.1489
70.2522,0.7131,3.0665
70.2524,0.7222,3.1129
70.2526,0.6148,2.6486
70.2528,0.5919,2.5534
70.2530,0.5291,2.2824
70.2532,0.4966,2.1452
70.2534,0.4972,2.1458
70.2536,0.4955,2.1385
70.2538,0.4999,2.1567
70.2540,0.5252,2.2648
70.2542,0.5828,2.5153
70.2544,0.4709,2.0343
70.2546,0.4088,1.766
70.2548,0.4016,1.7333
70.2550,0.4514,1.9508
70.2552,0.4486,1.937
70.2554,0.5018,2.1639
70.2556,0.5674,2.4434
70.2558,0.612,2.6379
70.2560,0.5815,2.5073
70.2562,0.5221,2.2524
70.2564,0.4686,2.0216
70.2566,0.5152,2.2244
70.2568,0.4758,2.0536
70.2570,0.534,2.3004
70.2572,0.5759,2.4846
70.2574,0.5502,2.3723
70.2576,0.5529,2.3831
70.2578,0.5619,2.4207
70.2580,0.5659,2.4389
70.2582,0.564,2.4307
70.2584,0.6162,2.6548
70.2586,0.5824,2.5149
70.2588,0.4644,2.0045
70.2590,0.4426,1.9103
70.2592,0.4523,1.954
70.2594,0.4486,1.9361
70.2596,0.4395,1.8977
70.2598,0.4368,1.8872
70.2600,0.4415,1.9056
70.2602,0.455,1.9627
70.2604,0.552,2.3834
70.2606,0.4932,2.1267
70.2608,0.5144,2.2151
70.2610,0.605,2.6062
70.2612,0.5973,2.5719
70.2614,0.5799,2.4959
70.2616,0.5745,2.4727
70.2618,0.6162,2.6548
70.2620,0.6143,2.6465
70.2622,0.6226,2.6796
70.2624,0.5871,2.5292
70.2626,0.5469,2.3562
70.2628,0.5315,2.2917
70.2630,0.5634,2.4258
70.2632,0.6206,2.6696
70.2634,0.628,2.7054
70.2636,0.5708,2.459
70.2638,0.5654,2.438
70.2640,0.5649,2.4348
70.2642,0.5697,2.4532
70.2644,0.5883,2.5309
70.2646,0.6435,2.7682
70.2648,0.7214,3.0963
70.2650,0.8103,3.4809
70.2652,0.7962,3.4222
70.2654,0.7928,3.4041
70.2656,0.8573,3.6811
70.2658,0.7952,3.4176
70.2660,0.7634,3.2795
70.2662,0.7514,3.2294
70.2664,0.6954,2.9929
70.2666,0.6644,2.8584
70.2668,0.6433,2.7715
70.2670,0.5878,2.53
70.2672,0.6641,2.8556
70.2674,0.7388,3.1783
70.2676,0.6363,2.7372
70.2678,0.6119,2.6349
70.2680,0.6313,2.7198
70.2682,0.5978,2.5764
70.2684,0.5556,2.3945
70.2686,0.5322,2.2926
70.2688,0.5259,2.2721
70.2690,0.4125,1.7828
70.2692,0.3984,1.7193
70.2694,0.3991,1.724
70.2696,0.3972,1.7157
70.2698,0.4027,1.7371
70.2700,0.487,2.0998
70.2702,0.4592,1.9835
70.2704,0.4419,1.9063
70.2706,0.4596,1.9847
70.2708,0.3932,1.697
70.2710,0.3882,1.6761
70.2712,0.3904,1.6867
70.2714,0.3943,1.7025
70.2716,0.3944,1.703
70.2718,0.3931,1.6957
70.2720,0.4409,1.9004
70.2722,0.4621,1.9965
70.2724,0.3999,1.726
70.2726,0.3861,1.6657
70.2728,0.397,1.7144
70.2730,0.4106,1.7704
70.2732,0.4732,2.0385
70.2734,0.5042,2.1712
70.2736,0.6348,2.7285
70.2738,0.6804,2.923
70.2740,0.7292,3.137
70.2742,0.6833,2.934
70.2744,0.7541,3.2368
70.2746,0.7309,3.1398
70.2748,0.7461,3.2023
70.2750,0.7989,3.4239
70.2752,0.8708,3.7306
70.2754,0.9572,4.0985
70.2756,0.992,4.248
70.2758,0.9857,4.2188
70.2760,0.9738,4.1699
70.2762,0.9713,4.1591
70.2764,0.9815,4.2047
70.2766,0.9592,4.1015
70.2768,0.9663,4.1414
70.2770,0.9988,4.2747
70.2772,1.0808,4.6236
70.2774,1.0906,4.6657
70.2776,1.0427,4.4688
70.2778,0.9772,4.1862
70.2780,0.9826,4.2133
70.2782,0.8709,3.7433
70.2784,0.8443,3.6238
70.2786,0.9248,3.971
70.2788,0.8976,3.8505
70.2790,0.8467,3.6358
70.2792,0.8478,3.637
70.2794,0.8357,3.5867
70.2796,0.8225,3.5301
70.2798,0.8257,3.5506
70.2800,0.7757,3.331
70.2802,0.8387,3.6013
70.2804,0.8125,3.4907
70.2806,0.8115,3.4844
70.2808,0.8526,3.6559
70.2810,0.8765,3.7582
70.2812,0.9062,3.8894
70.2814,0.8985,3.8582
70.2816,0.9279,3.977
70.2818,0.9528,4.0858
70.2820,0.9123,3.9229
70.2822,0.8057,3.4597
70.2824,0.8386,3.5974
70.2826,0.8453,3.6262
70.2828,0.8453,3.6313
70.2830,0.843,3.6232
70.2832,0.8494,3.6454
70.2834,0.9196,3.9397
70.2836,1.0145,4.3501
70.2838,1.0055,4.3035
70.2840,0.9861,4.2341
70.2842,0.9054,3.8821
70.2844,0.9497,4.0724
70.2846,0.9314,3.9919
70.2848,0.9648,4.1333
70.2850,0.9919,4.2554
70.2852,0.9136,3.9268
70.2854,0.8224,3.5313
70.2856,0.8365,3.5937
70.2858,0.7887,3.396
70.2860,0.6816,2.9363
70.2862,0.6147,2.6505
70.2864,0.6081,2.6196
70.2866,0.7019,3.0194
70.2868,0.7394,3.1794
70.2870,0.7026,3.0295
70.2872,0.5848,2.5229
70.2874,0.5698,2.456
70.2876,0.606,2.6096
70.2878,0.6311,2.7226
70.2880,0.5933,2.5585
70.2882,0.5664,2.4421
70.2884,0.5552,2.3951
70.2886,0.5553,2.3945
70.2888,0.5646,2.4332
70.2890,0.5718,2.462
70.2892,0.6063,2.6179
70.2894,0.5018,2.1669
70.2896,0.4864,2.0992
70.2898,0.5042,2.1712
70.2900,0.6426,2.7684
70.2902,0.6405,2.7617
70.2904,0.56,2.4136
70.2906,0.5311,2.2912
70.2908,0.5646,2.4321
70.2910,0.5481,2.3635
70.2912,0.5297,2.285
70.2914,0.5304,2.2881
70.2916,0.5265,2.2704
70.2918,0.5233,2.2554
70.2920,0.5294,2.2829
70.2922,0.5273,2.2725
70.2924,0.5271,2.272
70.2926,0.5256,2.2663
70.2928,0.5239,2.2601
70.2930,0.5269,2.2741
70.2932,0.5911,2.5427
70.2934,0.6967,3
70.2936,0.6057,2.6117
70.2938,0.5421,2.3377
70.2940,0.5387,2.3205
70.2942,0.5373,2.3181
70.2944,0.5414,2.3357
70.2946,0.5367,2.3133
70.2948,0.5335,2.3004
70.2950,0.5373,2.3181
70.2952,0.5409,2.3325
70.2954,0.5417,2.3345
70.2956,0.5331,2.2989
70.2958,0.6002,2.5819
70.2960,0.6648,2.8626
70.2962,0.6505,2.796
70.2964,0.7413,3.1891
70.2966,0.7059,3.0383
70.2968,0.6424,2.7648
70.2970,0.64,2.7558
70.2972,0.6706,2.8821
70.2974,0.7073,3.0398
70.2976,0.7185,3.0868
70.2978,0.7339,3.1557
70.2980,0.8143,3.4951
70.2982,0.8576,3.6809
70.2984,0.8101,3.4804
70.2986,0.8185,3.5164
70.2988,0.8085,3.4715
70.2990,0.8338,3.5835
70.2992,0.6848,2.9489
70.2994,0.6222,2.6818
70.2996,0.6099,2.6286
70.2998,0.6286,2.7017
70.3000,0.7695,3.3088
70.3002,0.7436,3.2019
70.3004,0.6712,2.8887
70.3006,0.6553,2.8179
70.3008,0.6879,2.954
70.3010,0.7581,3.2613
70.3012,0.7447,3.205
70.3014,0.6993,3.01
70.3016,0.6895,2.9649
70.3018,0.7098,3.052
70.3020,0.7515,3.23
70.3022,0.751,3.2324
70.3024,0.6485,2.7937
70.3026,0.6202,2.6718
70.3028,0.6412,2.7609
70.3030,0.636,2.7362
70.3032,0.6992,3.008
70.3034,0.7433,3.1979
70.3036,0.7206,3.0955
70.3038,0.7695,3.3057
70.3040,0.7609,3.2747
70.3042,0.673,2.8964
70.3044,0.6992,3.0108
70.3046,0.7209,3.0985
70.3048,0.7226,3.1144
70.3050,0.587,2.5252
70.3052,0.6351,2.7371
70.3054,0.5559,2.3982
70.3056,0.514,2.2162
70.3058,0.5275,2.2788
70.3060,0.4376,1.892
70.3062,0.4014,1.7338
70.3064,0.4267,1.8389
70.3066,0.5377,2.3153
70.3068,0.6246,2.6897
70.3070,0.652,2.8074
70.3072,0.6086,2.6168
70.3074,0.6373,2.7457
70.3076,0.6592,2.8357
70.3078,0.7383,3.1733
70.3080,0.7803,3.3521
70.3082,0.7612,3.2717
70.3084,0.7792,3.3459
70.3086,0.8553,3.6677
70.3088,0.8669,3.7223
70.3090,0.7926,3.4051
70.3092,0.8187,3.5202
70.3094,0.7643,3.2866
70.3096,0.7845,3.367
70.3098,0.8747,3.7523
70.3100,0.9278,3.9802
70.3102,0.9119,3.9122
70.3104,0.8952,3.8402
70.3106,0.8977,3.8528
70.3108,0.8854,3.8039
70.3110,0.8557,3.6761
70.3112,0.907,3.8875
70.3114,0.9345,4.009
70.3116,0.8912,3.8233
70.3118,0.9172,3.9349
70.3120,0.9003,3.8642
70.3122,0.8715,3.7337
70.3124,0.9197,3.9512
70.3126,0.8105,3.4851
70.3128,0.7773,3.3423
70.3130,0.7683,3.299
70.3132,0.8434,3.6231
70.3134,0.8191,3.5223
70.3136,0.7604,3.2711
70.3138,0.7312,3.1487
70.3140,0.7124,3.0691
70.3142,0.6884,2.963
70.3144,0.7297,3.1405
70.3146,0.7137,3.0676
70.3148,0.7126,3.0672
70.3150,0.7033,3.0256
70.3152,0.7292,3.1355
70.3154,0.734,3.1591
70.3156,0.6983,3.0081
70.3158,0.6891,2.9675
70.3160,0.7014,3.0159
70.3162,0.7171,3.0849
70.3164,0.7099,3.0511
70.3166,0.8211,3.5305
70.3168,0.7736,3.3279
70.3170,0.7598,3.2655
70.3172,0.8495,3.6459
70.3174,0.8556,3.6773
70.3176,0.7869,3.3883
70.3178,0.7091,3.0489
70.3180,0.748,3.215
70.3182,0.7733,3.3222
70.3184,0.8052,3.4608
70.3186,0.7914,3.4032
70.3188,0.7791,3.3516
70.3190,0.6933,2.9883
70.3192,0.6184,2.6678
70.3194,0.5762,2.4857
70.3196,0.5017,2.1644
70.3198,0.5077,2.1883
70.3200,0.6057,2.6057
70.3202,0.6486,2.7981
70.3204,0.5885,2.5413
70.3206,0.5383,2.319
70.3208,0.5912,2.5456
70.3210,0.6124,2.6394
70.3212,0.631,2.717
70.3214,0.663,2.8522
70.3216,0.6571,2.8309
70.3218,0.6086,2.6193
70.3220,0.6543,2.8224
70.3222,0.583,2.5163
70.3224,0.5557,2.395
70.3226,0.5642,2.4328
70.3228,0.5797,2.4984
70.3230,0.5915,2.5483
70.3232,0.6345,2.732
70.3234,0.5895,2.5431
70.3236,0.5241,2.2591
70.3238,0.5373,2.317
70.3240,0.5981,2.5767
70.3242,0.6461,2.7834
70.3244,0.5393,2.3263
70.3246,0.4755,2.0521
70.3248,0.4643,2.0039
70.3250,0.4671,2.0159
70.3252,0.4649,2.0075
70.3254,0.4798,2.0717
70.3256,0.4677,2.0175
70.3258,0.4599,1.9876
70.3260,0.4506,1.9468
70.3262,0.4514,1.949
70.3264,0.4548,1.9612
70.3266,0.5488,2.3666
70.3268,0.5317,2.2959
70.3270,0.4637,2.0023
70.3272,0.4512,1.9484
70.3274,0.4512,1.9484
70.3276,0.4472,1.9308
70.3278,0.4452,1.9226
70.3280,0.448,1.9327
70.3282,0.449,1.9377
70.3284,0.4474,1.931
70.3286,0.4466,1.9256
70.3288,0.4455,1.9227
70.3290,0.447,1.9294
70.3292,0.4494,1.9398
70.3294,0.4789,2.0661
70.3296,0.5413,2.3319
70.3298,0.5565,2.3964
70.3300,0.5817,2.5036
70.3302,0.6058,2.6098
70.3304,0.5771,2.4852
70.3306,0.5646,2.4321
70.3308,0.5607,2.4167
70.3310,0.561,2.4166
70.3312,0.6107,2.6273
70.3314,0.6684,2.8701
70.3316,0.7371,3.1666
70.3318,0.7339,3.1498
70.3320,0.7736,3.3232
70.3322,0.7821,3.3614
70.3324,0.6921,2.9804
70.3326,0.58,2.5022
70.3328,0.522,2.2518
70.3330,0.5129,2.2105
70.3332,0.5125,2.2079
70.3334,0.5135,2.2131
70.3336,0.5092,2.1934
70.3338,0.5089,2.1934
70.3340,0.5192,2.2368
70.3342,0.5241,2.2591
70.3344,0.5227,2.2539
70.3346,0.4982,2.1464
70.3348,0.5227,2.2518
70.3350,0.5564,2.3959
70.3352,0.5895,2.5372
70.3354,0.618,2.6625
70.3356,0.5482,2.3618
70.3358,0.5761,2.4828
70.3360,0.554,2.3866
70.3362,0.5643,2.4299
70.3364,0.5985,2.5747
70.3366,0.6155,2.6492
70.3368,0.575,2.4724
70.3370,0.6613,2.8424
70.3372,0.6963,2.9971
70.3374,0.6293,2.7098
70.3376,0.5944,2.5607
70.3378,0.6106,2.6293
70.3380,0.6143,2.6416
70.3382,0.63,2.7154
70.3384,0.4753,2.0516
70.3386,0.3829,1.6525
70.3388,0.3843,1.6587
70.3390,0.4017,1.7354
70.3392,0.3873,1.6732
70.3394,0.4002,1.7263
70.3396,0.4903,2.1104
70.3398,0.5817,2.5002
70.3400,0.649,2.7841
70.3402,0.8037,3.4541
70.3404,0.7315,3.141
70.3406,0.7191,3.0908
70.3408,0.7132,3.0613
70.3410,0.7805,3.3484
70.3412,0.811,3.4823
70.3414,0.8093,3.4719
70.3416,0.8636,3.7032
70.3418,0.8628,3.7013
70.3420,0.8864,3.7903
70.3422,0.997,4.271
70.3424,0.995,4.2648
70.3426,0.9781,4.1864
70.3428,0.9765,4.1871
70.3430,0.9691,4.1538
70.3432,0.9651,4.1324
70.3434,0.9271,3.9734
70.3436,0.8955,3.84
70.3438,0.9164,3.9331
70.3440,0.8741,3.7479
70.3442,0.8936,3.8335
70.3444,0.9089,3.8994
70.3446,0.9081,3.8922
70.3448,0.9037,3.8731
70.3450,0.9169,3.9297
70.3452,0.9713,4.1591
70.3454,0.9868,4.2293
70.3456,0.9695,4.1553
70.3458,0.9814,4.2081
70.3460,0.9735,4.1723
70.3462,0.9267,3.9718
70.3464,0.9301,3.9899
70.3466,0.8592,3.6859
70.3468,0.8648,3.7135
70.3470,0.8671,3.7251
70.3472,0.7967,3.4243
70.3474,0.7704,3.3114
70.3476,0.8074,3.4717
70.3478,0.7888,3.3887
70.3480,0.774,3.3268
70.3482,0.8176,3.5074
70.3484,0.9166,3.9268
70.3486,1.0061,4.3201
70.3488,0.8291,3.5651
70.3490,0.823,3.5371
70.3492,0.8426,3.6183
70.3494,0.8365,3.587
70.3496,0.8422,3.6179
70.3498,0.8089,3.4768
70.3500,0.826,3.55
70.3502,0.8496,3.6498
70.3504,0.8429,3.6176
70.3506,0.8543,3.6716
70.3508,0.7623,3.2794
70.3510,0.6956,2.9926
70.3512,0.7161,3.0793
70.3514,0.7698,3.3073
70.3516,0.768,3.3088
70.3518,0.6796,2.9262
70.3520,0.6424,2.7661
70.3522,0.619,2.6703
70.3524,0.5821,2.5087
70.3526,0.5797,2.4937
70.3528,0.6731,2.8956
70.3530,0.7178,3.0909
70.3532,0.6659,2.8686
70.3534,0.6095,2.6283
70.3536,0.5777,2.4912
70.3538,0.5725,2.4696
70.3540,0.5015,2.1654
70.3542,0.4839,2.0893
70.3544,0.4982,2.1474
70.3546,0.5498,2.3708
70.3548,0.5444,2.3464
70.3550,0.5534,2.3874
70.3552,0.5435,2.3455
70.3554,0.5358,2.3113
70.3556,0.5373,2.317
70.3558,0.5451,2.3495
70.3560,0.6107,2.6273
70.3562,0.7382,3.1757
70.3564,0.6649,2.8658
70.3566,0.5995,2.586
70.3568,0.5401,2.33
70.3570,0.5333,2.2994
70.3572,0.5488,2.3644
70.3574,0.6014,2.5907
70.3576,0.6108,2.6291
70.3578,0.6336,2.7284
70.3580,0.6027,2.5988
70.3582,0.5333,2.2994
70.3584,0.5435,2.3444
70.3586,0.5391,2.3258
70.3588,0.5316,2.2911
70.3590,0.5357,2.3097
70.3592,0.533,2.2994
70.3594,0.5676,2.4439
70.3596,0.6619,2.8502
70.3598,0.6503,2.7989
70.3600,0.5999,2.5857
70.3602,0.5865,2.5266
70.3604,0.6275,2.7021
70.3606,0.6468,2.7826
70.3608,0.6529,2.8102
70.3610,0.6697,2.8825
70.3612,0.678,2.914
70.3614,0.7063,3.0357
70.3616,0.7308,3.1437
70.3618,0.6812,2.9347
70.3620,0.6158,2.6515
70.3622,0.6148,2.6436
70.3624,0.7001,3.0088
70.3626,0.7203,3.096
70.3628,0.7582,3.2573
70.3630,0.769,3.3052
70.3632,0.7256,3.1186
70.3634,0.7236,3.1128
70.3636,0.7204,3.1008
70.3638,0.6684,2.8741
70.3640,0.6915,2.9709
70.3642,0.7793,3.3495
70.3644,0.8131,3.4916
70.3646,0.8171,3.5086
70.3648,0.8296,3.5638
70.3650,0.7431,3.2013
70.3652,0.6233,2.6877
70.3654,0.6058,2.6074
70.3656,0.6564,2.8252
70.3658,0.672,2.8936
70.3660,0.6647,2.8608
70.3662,0.6917,2.9742
70.3664,0.6933,2.9841
70.3666,0.6533,2.8131
70.3668,0.7028,3.0221
70.3670,0.739,3.1793
70.3672,0.7198,3.0968
70.3674,0.6481,2.7909
70.3676,0.5941,2.558
70.3678,0.5871,2.5269
70.3680,0.6316,2.7184
70.3682,0.6289,2.7133
70.3684,0.5249,2.2632
70.3686,0.4678,2.0208
70.3688,0.4052,1.7504
70.3690,0.398,1.7201
70.3692,0.4181,1.8022
70.3694,0.4968,2.1442
70.3696,0.4668,2.0158
70.3698,0.4374,1.8924
70.3700,0.3907,1.6885
70.3702,0.3862,1.6686
70.3704,0.388,1.6763
70.3706,0.3897,1.6844
70.3708,0.3873,1.6725
70.3710,0.4177,1.8018
70.3712,0.4612,1.9905
70.3714,0.4047,1.7451
70.3716,0.4491,1.9409
70.3718,0.3997,1.7274
70.3720,0.3895,1.6826
70.3722,0.3895,1.6818
70.3724,0.4169,1.7978
70.3726,0.5259,2.2647
70.3728,0.5885,2.5342
70.3730,0.5745,2.4715
70.3732,0.6195,2.6687
70.3734,0.5758,2.4818
70.3736,0.6128,2.6373
70.3738,0.6652,2.8589
70.3740,0.7051,3.0291
70.3742,0.7093,3.0471
70.3744,0.7463,3.2033
70.3746,0.81,3.4734
70.3748,0.845,3.6184
70.3750,0.9754,4.1766
70.3752,1.0182,4.364
70.3754,0.9973,4.2705
70.3756,0.9889,4.2306
70.3758,0.9808,4.2016
70.3760,0.9885,4.2286
70.3762,0.9914,4.2513
70.3764,0.9224,3.9496
70.3766,1.0321,4.4195
70.3768,1.0436,4.4687
70.3770,1.0495,4.4918
70.3772,1.0759,4.6026
70.3774,1.0641,4.5587
70.3776,0.9652,4.1387
70.3778,0.9532,4.0873
70.3780,0.9426,4.0421
70.3782,0.9879,4.23
70.3784,0.9991,4.2822
70.3786,0.9611,4.1212
70.3788,0.9255,3.9667
70.3790,0.9016,3.8734
70.3792,0.8526,3.661
70.3794,0.8411,3.6116
70.3796,0.7968,3.4216
70.3798,0.8865,3.8103
70.3800,0.8431,3.6203
70.3802,0.8583,3.6823
70.3804,0.8643,3.7132
70.3806,0.8252,3.5469
70.3808,0.8225,3.5318
70.3810,0.8677,3.7207
70.3812,0.9614,4.1204
70.3814,0.9801,4.2064
70.3816,0.8979,3.8592
70.3818,0.8299,3.562
70.3820,0.8502,3.649
70.3822,0.8617,3.6967
70.3824,0.8637,3.7106
70.3826,0.8503,3.6546
70.3828,0.843,3.6165
70.3830,0.9815,4.2087
70.3832,0.9996,4.2843
70.3834,0.991,4.2433
70.3836,1.0051,4.3079
70.3838,0.9538,4.1013
70.3840,0.7978,3.4305
70.3842,0.7815,3.3604
70.3844,0.7619,3.2809
70.3846,0.7116,3.0669
70.3848,0.6348,2.7323
70.3850,0.6111,2.6374
70.3852,0.5235,2.2607
70.3854,0.5087,2.1965
70.3856,0.5209,2.243
70.3858,0.6667,2.8709
70.3860,0.6956,3.0023
70.3862,0.5596,2.4143
70.3864,0.5042,2.1753
70.3866,0.49,2.1176
70.3868,0.4148,1.7935
70.3870,0.3997,1.7282
70.3872,0.4064,1.7556
70.3874,0.4565,1.9712
70.3876,0.4508,1.9473
70.3878,0.4425,1.9124
70.3880,0.4452,1.9217
70.3882,0.4466,1.9274
70.3884,0.4484,1.936
70.3886,0.4474,1.9319
70.3888,0.4464,1.9268
70.3890,0.4847,2.091
70.3892,0.5668,2.4465
70.3894,0.5086,2.1939
70.3896,0.487,2.1018
70.3898,0.5355,2.3124
70.3900,0.4701,2.0279
70.3902,0.4558,1.9681
70.3904,0.4594,1.9836
70.3906,0.4569,1.9719
70.3908,0.4536,1.9597
70.3910,0.4529,1.9566
70.3912,0.4539,1.958
70.3914,0.4572,1.9734
70.3916,0.4855,2.0965
70.3918,0.502,2.1634
70.3920,0.5147,2.2203
70.3922,0.4575,1.9735
70.3924,0.4586,1.98
70.3926,0.455,1.9663
70.3928,0.4522,1.9508
70.3930,0.4556,1.9662
70.3932,0.4524,1.9536
70.3934,0.4534,1.9559
70.3936,0.498,2.1484
70.3938,0.4605,1.9865
70.3940,0.4428,1.9104
70.3942,0.4487,1.9367
70.3944,0.4497,1.9417
70.3946,0.4693,2.0266
70.3948,0.4618,1.9931
70.3950,0.4569,1.9709
70.3952,0.4924,2.1211
70.3954,0.552,2.379
70.3956,0.5667,2.438
70.3958,0.6138,2.642
70.3960,0.6002,2.5819
70.3962,0.6563,2.822
70.3964,0.652,2.8061
70.3966,0.6312,2.7206
70.3968,0.5682,2.4476
70.3970,0.554,2.3855
70.3972,0.6066,2.611
70.3974,0.6703,2.881
70.3976,0.7839,3.366
70.3978,0.8123,3.4815
70.3980,0.8526,3.6593
70.3982,0.8088,3.4795
70.3984,0.755,3.2419
70.3986,0.7987,3.4298
70.3988,0.757,3.2582
70.3990,0.7026,3.0169
70.3992,0.7088,3.0521
70.3994,0.592,2.5492
70.3996,0.6166,2.6551
70.3998,0.6451,2.7767
70.4000,0.6317,2.7189
70.4002,0.6005,2.5847
70.4004,0.6108,2.6291
70.4006,0.6501,2.7965
70.4008,0.6876,2.9566
70.4010,0.6722,2.892
70.4012,0.6708,2.8858
70.4014,0.7401,3.1825
70.4016,0.6915,2.9723
70.4018,0.648,2.7891
70.4020,0.6373,2.7406
70.4022,0.6581,2.835
70.4024,0.5514,2.3742
70.4026,0.6088,2.6191
70.4028,0.643,2.7687
70.4030,0.5774,2.4874
70.4032,0.5678,2.4483
70.4034,0.5697,2.4555
70.4036,0.5054,2.1784
70.4038,0.4819,2.081
70.4040,0.4175,1.8029
70.4042,0.4258,1.8378
70.4044,0.4285,1.8492
70.4046,0.4288,1.8516
70.4048,0.4277,1.847
70.4050,0.4522,1.9517
70.4052,0.4418,1.9066
70.4054,0.4548,1.9612
70.4056,0.5469,2.3529
70.4058,0.5973,2.5707
70.4060,0.5713,2.4622
70.4062,0.5873,2.5279
70.4064,0.6289,2.7095
70.4066,0.574,2.4741
70.4068,0.5798,2.4942
70.4070,0.6906,2.9668
70.4072,0.7116,3.0569
70.4074,0.7074,3.0403
70.4076,0.7525,3.2311
70.4078,0.7935,3.4056
70.4080,0.8196,3.5129
70.4082,0.9718,4.1631
70.4084,0.978,4.1898
70.4086,0.9755,4.1732
70.4088,0.9798,4.1936
70.4090,0.9793,4.1955
70.4092,0.9799,4.2
70.4094,0.9923,4.247
70.4096,1.0327,4.4179
70.4098,1.0936,4.6807
70.4100,1.1196,4.7876
70.4102,1.0971,4.6978
70.4104,0.9898,4.2382
70.4106,0.9719,4.1695
70.4108,0.9115,3.9157
70.4110,0.8154,3.5063
70.4112,0.7877,3.3856
70.4114,0.8242,3.539
70.4116,0.845,3.6252
70.4118,0.8643,3.7063
70.4120,0.8829,3.7895
70.4122,0.8484,3.6396
70.4124,0.855,3.6764
70.4126,0.7612,3.2747
70.4128,0.782,3.3609
70.4130,0.7852,3.3748
70.4132,0.8027,3.4468
70.4134,0.839,3.6045
70.4136,0.7898,3.3928
70.4138,0.8147,3.4967
70.4140,0.8137,3.4942
70.4142,0.8624,3.7032
70.4144,0.9187,3.9429
70.4146,0.8781,3.7689
70.4148,0.8444,3.6243
70.4150,0.8202,3.5236
70.4152,0.825,3.5409
70.4154,0.8601,3.6986
70.4156,0.8026,3.4479
70.4158,0.852,3.6601
70.4160,0.7945,3.4118
70.4162,0.8447,3.6287
70.4164,0.7892,3.3934
70.4166,0.8009,3.4407
70.4168,0.8257,3.5473
70.4170,0.788,3.3866
70.4172,0.7874,3.3872
70.4174,0.771,3.3201
70.4176,0.701,3.02
70.4178,0.6515,2.8053
70.4180,0.6453,2.7823
70.4182,0.5935,2.559
70.4184,0.5697,2.4577
70.4186,0.5659,2.44
70.4188,0.6515,2.8014
70.4190,0.7448,3.2056
70.4192,0.7153,3.0786
70.4194,0.7011,3.0177
70.4196,0.6634,2.8564
70.4198,0.6755,2.9032
70.4200,0.7478,3.217
70.4202,0.7141,3.0734
70.4204,0.6839,2.9461
70.4206,0.6479,2.7911
70.4208,0.6845,2.946
70.4210,0.7119,3.0656
70.4212,0.6691,2.8852
70.4214,0.6236,2.6825
70.4216,0.6652,2.8615
70.4218,0.6989,3.0079
70.4220,0.6996,3.0096
70.4222,0.8045,3.4578
70.4224,0.7686,3.3098
70.4226,0.6382,2.7506
70.4228,0.5891,2.5427
70.4230,0.5336,2.3031
70.4232,0.5329,2.3
70.4234,0.5289,2.2819
70.4236,0.5263,2.2715
70.4238,0.5249,2.2664
70.4240,0.5244,2.2632
70.4242,0.5323,2.2953
70.4244,0.5407,2.3315
70.4246,0.5289,2.284
70.4248,0.5281,2.2761
70.4250,0.5412,2.3325
70.4252,0.5432,2.3423
70.4254,0.5631,2.4259
70.4256,0.6679,2.8721
70.4258,0.7264,3.131
70.4260,0.5972,2.5762
70.4262,0.5462,2.3552
70.4264,0.5541,2.3872
70.4266,0.5635,2.4275
70.4268,0.5631,2.427
70.4270,0.6234,2.6857
70.4272,0.622,2.6833
70.4274,0.5522,2.38
70.4276,0.5613,2.4182
70.4278,0.5764,2.4856
70.4280,0.5745,2.4761
70.4282,0.6185,2.6609
70.4284,0.6887,2.9599
70.4286,0.6968,2.9963
70.4288,0.7414,3.1852
70.4290,0.7877,3.3872
70.4292,0.7541,3.2428
70.4294,0.7281,3.1295
70.4296,0.7082,3.0425
70.4298,0.7667,3.2954
70.4300,0.8154,3.503
70.4302,0.8647,3.7165
70.4304,0.827,3.5513
70.4306,0.8063,3.4623
70.4308,0.8302,3.568
70.4310,0.7757,3.3387
70.4312,0.6872,2.9606
70.4314,0.6634,2.8525
70.4316,0.6582,2.8316
70.4318,0.6821,2.9343
70.4320,0.7092,3.0509
70.4322,0.7731,3.3243
70.4324,0.7936,3.4124
70.4326,0.7667,3.2954
70.4328,0.7371,3.1696
70.4330,0.7045,3.0307
70.4332,0.7015,3.0178
70.4334,0.7058,3.035
70.4336,0.7191,3.0965
70.4338,0.6659,2.8673
70.4340,0.6465,2.7849
70.4342,0.6292,2.7068
70.4344,0.675,2.9079
70.4346,0.622,2.6796
70.4348,0.6336,2.7271
70.4350,0.6826,2.9391
70.4352,0.6403,2.7624
70.4354,0.5847,2.5201
70.4356,0.5945,2.5624
70.4358,0.5614,2.422
70.4360,0.5092,2.1965
70.4362,0.5541,2.3861
70.4364,0.6107,2.631
70.4366,0.5848,2.5206
70.4368,0.5246,2.2653
70.4370,0.4806,2.0724
70.4372,0.5763,2.485
70.4374,0.5351,2.305
70.4376,0.5671,2.443
70.4378,0.6463,2.7818
70.4380,0.6642,2.8574
70.4382,0.6335,2.7279
70.4384,0.5986,2.5776
70.4386,0.6276,2.7038
70.4388,0.6435,2.7707
70.4390,0.6062,2.6077
70.4392,0.6692,2.8764
70.4394,0.7432,3.1929
70.4396,0.7923,3.4036
70.4398,0.8092,3.473
70.4400,0.845,3.6252
70.4402,0.8568,3.679
70.4404,0.8924,3.8302
70.4406,0.9089,3.8939
70.4408,0.9473,4.0583
70.4410,0.976,4.1811
70.4412,0.9934,4.2576
70.4414,0.9974,4.2711
70.4416,1.0652,4.5612
70.4418,1.201,5.1257
70.4420,1.2982,5.5382
70.4422,1.2902,5.5039
70.4424,1.3369,5.7034
70.4426,1.3409,5.731
70.4428,1.1893,5.0784
70.4430,1.2219,5.2299
70.4432,1.1282,4.8286
70.4434,1.1403,4.8827
70.4436,1.0974,4.6967
70.4438,1.0742,4.5998
70.4440,1.0297,4.4154
70.4442,0.9732,4.181
70.4444,0.9527,4.091
70.4446,0.9652,4.1407
70.4448,0.9995,4.2879
70.4450,1.0091,4.329
70.4452,1.0302,4.4093
70.4454,1.1572,4.9482
70.4456,1.1914,5.0967
70.4458,1.1525,4.9443
70.4460,1.009,4.3346
70.4462,0.9242,3.9703
70.4464,0.9165,3.9374
70.4466,0.8449,3.6349
70.4468,0.8016,3.4503
70.4470,0.7877,3.3888
70.4472,0.7599,3.2722
70.4474,0.808,3.4695
70.4476,0.8706,3.7488
70.4478,0.7715,3.3223
70.4480,0.7531,3.2412
70.4482,0.7599,3.2691
70.4484,0.7383,3.1792
70.4486,0.7115,3.0607
70.4488,0.7586,3.265
70.4490,0.7926,3.41
70.4492,0.8009,3.4472
70.4494,0.812,3.4898
70.4496,0.7717,3.3274
70.4498,0.6297,2.7139
70.4500,0.6588,2.8408
70.4502,0.6496,2.7984
70.4504,0.7145,3.0765
70.4506,0.6953,2.9952
70.4508,0.6701,2.8894
70.4510,0.6636,2.8642
70.4512,0.5957,2.5712
70.4514,0.5752,2.4804
70.4516,0.6031,2.598
70.4518,0.6442,2.779
70.4520,0.6627,2.8561
70.4522,0.6318,2.7295
70.4524,0.5066,2.1877
70.4526,0.5188,2.239
70.4528,0.5108,2.2089
70.4530,0.4147,1.793
70.4532,0.3913,1.6911
70.4534,0.415,1.7938
70.4536,0.4247,1.8374
70.4538,0.4247,1.8366
70.4540,0.4379,1.8919
70.4542,0.4297,1.8578
70.4544,0.416,1.7987
70.4546,0.4125,1.7829
70.4548,0.4274,1.848
70.4550,0.4557,1.9667
70.4552,0.5078,2.1898
70.4554,0.5255,2.269
70.4556,0.4581,1.9789
70.4558,0.4613,1.992
70.4560,0.5041,2.1748
70.4562,0.5517,2.3813
70.4564,0.5543,2.391
70.4566,0.5485,2.3651
70.4568,0.5472,2.3594
70.4570,0.5431,2.3462
70.4572,0.4552,1.9674
70.4574,0.4377,1.89
70.4576,0.4375,1.8872
70.4578,0.4846,2.0915
70.4580,0.5266,2.2715
70.4582,0.5395,2.3274
70.4584,0.5307,2.2875
70.4586,0.5336,2.2999
70.4588,0.5517,2.378
70.4590,0.5696,2.4527
70.4592,0.6221,2.6814
70.4594,0.5474,2.3616
70.4596,0.5702,2.4576
70.4598,0.6447,2.7759
70.4600,0.6029,2.5987
70.4602,0.5895,2.5372
70.4604,0.6246,2.691
70.4606,0.5865,2.5279
70.4608,0.5799,2.4994
70.4610,0.6117,2.6327
70.4612,0.6485,2.7964
70.4614,0.6378,2.7478
70.4616,0.6303,2.7127
70.4618,0.6356,2.7354
70.4620,0.6917,2.9756
70.4622,0.7177,3.0861
70.4624,0.6565,2.831
70.4626,0.5626,2.4273
70.4628,0.5642,2.4306
70.4630,0.61,2.6267
70.4632,0.6453,2.7772
70.4634,0.7087,3.0474
70.4636,0.7714,3.3125
70.4638,0.7817,3.3552
70.4640,0.8146,3.4995
70.4642,0.7763,3.3398
70.4644,0.7552,3.2445
70.4646,0.8157,3.4976
70.4648,0.8486,3.6492
70.4650,0.7932,3.4141
70.4652,0.735,3.1604
70.4654,0.7664,3.2939
70.4656,0.7429,3.1929
70.4658,0.7016,3.0198
70.4660,0.7341,3.1582
70.4662,0.6944,2.9916
70.4664,0.6243,2.6882
70.4666,0.585,2.5165
70.4668,0.6387,2.7527
70.4670,0.5841,2.5187
70.4672,0.5228,2.2607
70.4674,0.3993,1.7251
70.4676,0.3908,1.6891
70.4678,0.3961,1.7119
70.4680,0.3898,1.6834
70.4682,0.389,1.6797
70.4684,0.4575,1.9745
70.4686,0.457,1.9733
70.4688,0.4086,1.7641
70.4690,0.4017,1.7362
70.4692,0.3915,1.693
70.4694,0.3916,1.6919
70.4696,0.3937,1.6984
70.4698,0.4635,2.0013
70.4700,0.4345,1.8777
70.4702,0.4352,1.88
70.4704,0.4123,1.7802
70.4706,0.3967,1.7129
70.4708,0.4017,1.7346
70.4710,0.3961,1.7103
70.4712,0.4082,1.761
70.4714,0.4987,2.1495
70.4716,0.5431,2.3419
70.4718,0.4975,2.1434
70.4720,0.53,2.2812
70.4722,0.5909,2.5458
70.4724,0.5956,2.5648
70.4726,0.6088,2.6228
70.4728,0.5799,2.4983
70.4730,0.5873,2.5256
70.4732,0.7087,3.0474
70.4734,0.7384,3.1724
70.4736,0.7751,3.3238
70.4738,0.8494,3.6387
70.4740,0.8421,3.6141
70.4742,0.848,3.6381
70.4744,0.8772,3.7684
70.4746,0.8145,3.4957
70.4748,0.8411,3.6083
70.4750,0.8406,3.6045
70.4752,0.9217,3.9466
70.4754,1.0131,4.3298
70.4756,1.1259,4.8143
70.4758,1.0802,4.6211
70.4760,1.0454,4.4744
70.4762,1.0674,4.5726
70.4764,1.0292,4.4134
70.4766,0.891,3.8169
70.4768,0.9589,4.1154
70.4770,0.8947,3.8436
70.4772,0.8268,3.5537
70.4774,0.8358,3.5873
70.4776,0.8574,3.6783
70.4778,0.8809,3.7773
70.4780,0.8965,3.8495
70.4782,0.8383,3.5965
70.4784,0.922,3.9519
70.4786,0.8901,3.8258
70.4788,0.8497,3.6453
70.4790,0.8971,3.8485
70.4792,0.8885,3.8133
70.4794,0.9063,3.89
70.4796,0.8748,3.7511
70.4798,0.9313,3.9896
70.4800,0.9653,4.1374
70.4802,1.0019,4.2921
70.4804,0.9681,4.155
70.4806,0.8889,3.8171
70.4808,0.8636,3.7102
70.4810,0.874,3.7545
70.4812,0.8374,3.5957
70.4814,0.86,3.693
70.4816,0.8813,3.7789
70.4818,0.9393,4.0315
70.4820,0.8604,3.6997
70.4822,0.8616,3.6997
70.4824,0.8696,3.7342
70.4826,0.8454,3.6302
70.4828,0.8508,3.6517
70.4830,0.8568,3.6774
70.4832,0.865,3.7159
70.4834,0.8555,3.6769
70.4836,0.7931,3.4152
70.4838,0.6898,2.9701
70.4840,0.6736,2.9017
70.4842,0.6772,2.9172
70.4844,0.6731,2.8983
70.4846,0.6763,2.9082
70.4848,0.7049,3.0338
70.4850,0.7663,3.2903
70.4852,0.8698,3.7399
70.4854,0.806,3.4656
70.4856,0.7423,3.1948
70.4858,0.7237,3.1177
70.4860,0.6352,2.7377
70.4862,0.578,2.4912
70.4864,0.585,2.5223
70.4866,0.5852,2.5245
70.4868,0.5111,2.2079
70.4870,0.4888,2.1115
70.4872,0.4878,2.1064
70.4874,0.5092,2.1955
70.4876,0.5295,2.2845
70.4878,0.5224,2.2545
70.4880,0.5381,2.3223
70.4882,0.5311,2.288
70.4884,0.6099,2.6274
70.4886,0.6208,2.6769
70.4888,0.583,2.5152
70.4890,0.5381,2.3212
70.4892,0.5264,2.2721
70.4894,0.5262,2.271
70.4896,0.5266,2.2715
70.4898,0.5269,2.2731
70.4900,0.527,2.2747
70.4902,0.526,2.27
70.4904,0.5485,2.3629
70.4906,0.6125,2.6388
70.4908,0.6125,2.6425
70.4910,0.5382,2.3217
70.4912,0.5281,2.2783
70.4914,0.5275,2.2746
70.4916,0.5497,2.3659
70.4918,0.6864,2.9543
70.4920,0.642,2.7697
70.4922,0.5418,2.3362
70.4924,0.5408,2.332
70.4926,0.6118,2.632
70.4928,0.6008,2.5918
70.4930,0.5402,2.3273
70.4932,0.5853,2.5215
70.4934,0.5367,2.3144
70.4936,0.5292,2.2829
70.4938,0.5444,2.3486
70.4940,0.539,2.3253
70.4942,0.5715,2.4598
70.4944,0.6152,2.6477
70.4946,0.6268,2.699
70.4948,0.6305,2.7163
70.4950,0.6323,2.7228
70.4952,0.6327,2.7243
70.4954,0.6309,2.7153
70.4956,0.638,2.7458
70.4958,0.6944,2.9875
70.4960,0.782,3.3578
70.4962,0.788,3.3835
70.4964,0.7682,3.2986
70.4966,0.776,3.3383
70.4968,0.7334,3.1551
70.4970,0.7682,3.3001
70.4972,0.7611,3.2743
70.4974,0.7171,3.085
70.4976,0.7203,3.0931
70.4978,0.7314,3.1478
70.4980,0.6984,3.0031
70.4982,0.6922,2.9777
70.4984,0.7243,3.1101
70.4986,0.7881,3.3888
70.4988,0.7338,3.1596
70.4990,0.6532,2.8113
70.4992,0.6592,2.8345
70.4994,0.6773,2.9164
70.4996,0.6675,2.8727
70.4998,0.6904,2.9685
70.5000,0.7197,3.0978
70.5002,0.6766,2.9106
70.5004,0.6947,2.9843
70.5006,0.728,3.1363
70.5008,0.6341,2.728
70.5010,0.699,3.0043
70.5012,0.7213,3.1001
70.5014,0.7823,3.3578
70.5016,0.8578,3.6849
70.5018,0.8261,3.5506
70.5020,0.8084,3.4711
70.5022,0.8284,3.5538
70.5024,0.8263,3.5533
70.5026,0.7335,3.1586
70.5028,0.6827,2.9396
70.5030,0.6107,2.6371
70.5032,0.4961,2.1431
70.5034,0.4253,1.8366
70.5036,0.4107,1.7751
70.5038,0.4047,1.7492
70.5040,0.395,1.7072
70.5042,0.4092,1.7651
70.5044,0.4995,2.1546
70.5046,0.4987,2.1505
70.5048,0.5381,2.3212
70.5050,0.5859,2.5276
70.5052,0.516,2.224
70.5054,0.527,2.2715
70.5056,0.5802,2.4981
70.5058,0.6076,2.6176
70.5060,0.5876,2.5313
70.5062,0.6027,2.5928
70.5064,0.6715,2.8862
70.5066,0.7642,3.2862
70.5068,0.7298,3.1353
70.5070,0.7789,3.346
70.5072,0.8163,3.5034
70.5074,0.8823,3.7817
70.5076,0.8612,3.6982
70.5078,0.7983,3.4246
70.5080,0.9067,3.8879
70.5082,0.9694,4.1549
70.5084,0.9731,4.1708
70.5086,1.0163,4.3518
70.5088,1.0613,4.5422
70.5090,1.0718,4.5895
70.5092,1.0487,4.4925
70.5094,0.9903,4.2364
70.5096,1.0551,4.5245
70.5098,0.9801,4.2084
70.5100,0.9511,4.0819
70.5102,0.8889,3.8171
70.5104,0.8881,3.8099
70.5106,0.934,4.0051
70.5108,0.912,3.9196
70.5110,0.8129,3.4939
70.5112,0.8223,3.5357
70.5114,0.8314,3.5699
70.5116,0.8825,3.7875
70.5118,0.8937,3.8341
70.5120,0.8911,3.8192
70.5122,0.9252,3.9708
70.5124,0.8364,3.5916
70.5126,0.8779,3.768
70.5128,0.946,4.0546
70.5130,0.9642,4.1405
70.5132,0.9211,3.9588
70.5134,0.8176,3.5156
70.5136,0.7607,3.2712
70.5138,0.7482,3.2201
70.5140,0.7363,3.169
70.5142,0.6979,3.0038
70.5144,0.7496,3.2278
70.5146,0.7206,3.1057
70.5148,0.6717,2.8894
70.5150,0.7462,3.2103
70.5152,0.7809,3.3578
70.5154,0.7681,3.3042
70.5156,0.6703,2.8918
70.5158,0.6082,2.6226
70.5160,0.6192,2.669
70.5162,0.6184,2.6641
70.5164,0.6424,2.7661
70.5166,0.6812,2.9307
70.5168,0.6948,2.9932
70.5170,0.6405,2.7617
70.5172,0.6047,2.6064
70.5174,0.5959,2.5694
70.5176,0.5948,2.5659
70.5178,0.5318,2.2943
70.5180,0.5138,2.2167
70.5182,0.5611,2.4205
70.5184,0.5427,2.3436
70.5186,0.5369,2.315
70.5188,0.5803,2.4998
70.5190,0.6399,2.7553
70.5192,0.642,2.7659
70.5194,0.674,2.8998
70.5196,0.6763,2.9136
70.5198,0.6292,2.7093
70.5200,0.6513,2.807
70.5202,0.6074,2.6178
70.5204,0.5773,2.4892
70.5206,0.5774,2.4909
70.5208,0.5769,2.4888
70.5210,0.5418,2.3362
70.5212,0.6113,2.6324
70.5214,0.6371,2.7434
70.5216,0.6887,2.9655
70.5218,0.7001,3.0159
70.5220,0.5696,2.4584
70.5222,0.4637,2.0042
70.5224,0.4572,1.9753
70.5226,0.4581,1.9762
70.5228,0.5192,2.241
70.5230,0.467,2.0182
70.5232,0.4466,1.9283
70.5234,0.4484,1.936
70.5236,0.4596,1.9847
70.5238,0.4551,1.9641
70.5240,0.4475,1.9324
70.5242,0.4499,1.9428
70.5244,0.453,1.9553
70.5246,0.4538,1.9593
70.5248,0.4738,2.0449
70.5250,0.516,2.226
70.5252,0.4604,1.9878
70.5254,0.4511,1.9471
70.5256,0.4708,2.0301
70.5258,0.5183,2.2359
70.5260,0.4725,2.0401
70.5262,0.4646,2.005
70.5264,0.4655,2.0082
70.5266,0.464,2.0024
70.5268,0.4577,1.9764
70.5270,0.4574,1.9731
70.5272,0.4861,2.0953
70.5274,0.5478,2.3609
70.5276,0.5689,2.4519
70.5278,0.563,2.4266
70.5280,0.5411,2.3341
70.5282,0.5497,2.3681
70.5284,0.5495,2.3682
70.5286,0.5654,2.4369
70.5288,0.5623,2.4223
70.5290,0.5545,2.3865
70.5292,0.5575,2.4017
70.5294,0.6021,2.5878
70.5296,0.73,3.1363
70.5298,0.7466,3.2074
70.5300,0.7724,3.3243
70.5302,0.6904,2.9685
70.5304,0.6641,2.8556
70.5306,0.7083,3.0487
70.5308,0.6316,2.7171
70.5310,0.5929,2.5541
70.5312,0.5459,2.3548
70.5314,0.5664,2.4388
70.5316,0.5841,2.5164
70.5318,0.5438,2.345
70.5320,0.5335,2.3005
70.5322,0.5303,2.2855
70.5324,0.5128,2.209
70.5326,0.5454,2.3495
70.5328,0.6064,2.6124
70.5330,0.585,2.5188
70.5332,0.5713,2.4622
70.5334,0.575,2.4771
70.5336,0.5751,2.4765
70.5338,0.6098,2.6232
70.5340,0.5902,2.5427
70.5342,0.5751,2.4765
70.5344,0.5745,2.4773
70.5346,0.566,2.4383
70.5348,0.6133,2.6407
70.5350,0.6025,2.5954
70.5352,0.552,2.3812
70.5354,0.4474,1.9301
70.5356,0.4063,1.7535
70.5358,0.4008,1.7281
70.5360,0.4612,1.9915
70.5362,0.4107,1.7735
70.5364,0.4535,1.9511
70.5366,0.5842,2.518
70.5368,0.5284,2.2793
70.5370,0.4535,1.9565
70.5372,0.4357,1.8803
70.5374,0.4306,1.8568
70.5376,0.5136,2.2105
70.5378,0.5822,2.5046
70.5380,0.5725,2.4674
70.5382,0.58,2.4988
70.5384,0.5762,2.4777
70.5386,0.6431,2.7641
70.5388,0.6203,2.6686
70.5390,0.6682,2.8705
70.5392,0.7533,3.2347
70.5394,0.7455,3.2028
70.5396,0.7542,3.2398
70.5398,0.7399,3.1771
70.5400,0.7733,3.3176
70.5402,0.8708,3.7376
70.5404,0.8634,3.704
70.5406,0.8566,3.6747
70.5408,0.87,3.727
70.5410,0.8987,3.8534
70.5412,0.8632,3.7047
70.5414,0.9085,3.8901
70.5416,0.9963,4.264
70.5418,0.9967,4.2661
70.5420,1.0532,4.4994
70.5422,1.1195,4.7916
70.5424,1.0309,4.4165
70.5426,1.0056,4.304
70.5428,1.0163,4.3538
70.5430,1.0586,4.5267
70.5432,1.1305,4.8293
70.5434,1.1621,4.9715
70.5436,1.0544,4.5172
70.5438,0.986,4.2258
70.5440,0.9741,4.1769
70.5442,0.9864,4.2278
70.5444,0.962,4.1211
70.5446,0.9635,4.1335
70.5448,0.9262,3.9772
70.5450,0.8455,3.629
70.5452,0.8207,3.5241
70.5454,0.8166,3.5099
70.5456,0.8188,3.5192
70.5458,0.7871,3.3862
70.5460,0.7833,3.3619
70.5462,0.8684,3.7291
70.5464,0.865,3.7176
70.5466,0.7918,3.3984
70.5468,0.8243,3.5396
70.5470,0.881,3.7849
70.5472,0.8341,3.5818
70.5474,0.8395,3.6016
70.5476,0.8581,3.6865
70.5478,0.8394,3.6061
70.5480,0.8267,3.5565
70.5482,0.7563,3.2506
70.5484,0.8225,3.5318
70.5486,0.8545,3.6693
70.5488,0.8647,3.7131
70.5490,0.8491,3.6478
70.5492,0.7958,3.4186
70.5494,0.8501,3.652
70.5496,0.8823,3.7905
70.5498,0.8006,3.4408
70.5500,0.8457,3.6346
70.5502,0.8152,3.5053
70.5504,0.7426,3.1948
70.5506,0.6743,2.9089
70.5508,0.6142,2.6485
70.5510,0.6219,2.6741
70.5512,0.6881,2.9642
70.5514,0.6702,2.8859
70.5516,0.7191,3.0923
70.5518,0.6881,2.9642
70.5520,0.6093,2.6285
70.5522,0.6028,2.6006
70.5524,0.6167,2.6569
70.5526,0.6212,2.6772
70.5528,0.6232,2.6873
70.5530,0.61,2.6304
70.5532,0.5489,2.3678
70.5534,0.5333,2.2973
70.5536,0.6162,2.6585
70.5538,0.5854,2.5255
70.5540,0.5625,2.4267
70.5542,0.5758,2.4819
70.5544,0.6105,2.63
70.5546,0.5652,2.4336
70.5548,0.6622,2.8487
70.5550,0.7089,3.0513
70.5552,0.6107,2.6335
70.5554,0.5592,2.4123
70.5556,0.5588,2.4107
70.5558,0.5565,2.3986
70.5560,0.5507,2.3744
70.5562,0.5565,2.3986
70.5564,0.5614,2.4198
70.5566,0.63,2.7117
70.5568,0.6719,2.8891
70.5570,0.6824,2.9413
70.5572,0.576,2.4835
70.5574,0.5772,2.4887
70.5576,0.595,2.5646
70.5578,0.5948,2.56
70.5580,0.6817,2.9314
70.5582,0.8092,3.4747
70.5584,0.8203,3.5226
70.5586,0.7928,3.4105
70.5588,0.7567,3.2507
70.5590,0.7781,3.3475
70.5592,0.6817,2.9355
70.5594,0.6629,2.8544
70.5596,0.7089,3.0499
70.5598,0.6967,2.9959
70.5600,0.7395,3.177
70.5602,0.7558,3.2516
70.5604,0.7269,3.1302
70.5606,0.7154,3.0763
70.5608,0.7151,3.0762
70.5610,0.713,3.066
70.5612,0.7444,3.2026
70.5614,0.7454,3.2022
70.5616,0.7857,3.38
70.5618,0.6842,2.9477
70.5620,0.6328,2.7261
70.5622,0.6425,2.7654
70.5624,0.7115,3.055
70.5626,0.8301,3.5659
70.5628,0.7585,3.2629
70.5630,0.7423,3.1874
70.5632,0.808,3.4679
70.5634,0.7876,3.3883
70.5636,0.7767,3.3382
70.5638,0.8242,3.5374
70.5640,0.8572,3.6841
70.5642,0.7926,3.4163
70.5644,0.6407,2.7602
70.5646,0.6374,2.7419
70.5648,0.7354,3.1565
70.5650,0.7855,3.3822
70.5652,0.6874,2.9611
70.5654,0.6523,2.8077
70.5656,0.6711,2.8896
70.5658,0.6574,2.832
70.5660,0.6465,2.785
70.5662,0.6443,2.777
70.5664,0.5841,2.5175
70.5666,0.6041,2.605
70.5668,0.6323,2.7228
70.5670,0.6224,2.6824
70.5672,0.6069,2.6121
70.5674,0.6345,2.7321
70.5676,0.6214,2.677
70.5678,0.5914,2.5479
70.5680,0.5911,2.5451
70.5682,0.5938,2.5594
70.5684,0.4758,2.0565
70.5686,0.418,1.8067
70.5688,0.4012,1.7342
70.5690,0.3891,1.6818
70.5692,0.3926,1.6961
70.5694,0.3976,1.7186
70.5696,0.402,1.7357
70.5698,0.4426,1.9112
70.5700,0.395,1.7056
70.5702,0.3914,1.6917
70.5704,0.3956,1.7106
70.5706,0.3981,1.7191
70.5708,0.4777,2.0581
70.5710,0.551,2.3771
70.5712,0.498,2.1494
70.5714,0.4887,2.1061
70.5716,0.5371,2.3138
70.5718,0.5459,2.3537
70.5720,0.5359,2.3087
70.5722,0.5668,2.4397
70.5724,0.6232,2.6848
70.5726,0.5921,2.551
70.5728,0.585,2.5188
70.5730,0.6792,2.9192
70.5732,0.713,3.0674
70.5734,0.7037,3.023
70.5736,0.778,3.3392
70.5738,0.832,3.5742
70.5740,0.81,3.4751
70.5742,0.928,3.9794
70.5744,0.9495,4.0657
70.5746,0.9666,4.1392
70.5748,0.9624,4.1251
70.5750,0.9899,4.2427
70.5752,1.0464,4.4765
70.5754,1.1288,4.8334
70.5756,1.0656,4.5628
70.5758,1.0984,4.6969
70.5760,1.1752,5.0274
70.5762,1.1334,4.8557
70.5764,1.0128,4.3409
70.5766,0.9663,4.1415
70.5768,0.9632,4.132
70.5770,0.9367,4.022
70.5772,0.9674,4.1481
70.5774,0.92,3.9505
70.5776,0.8502,3.6508
70.5778,0.8357,3.5918
70.5780,0.8235,3.536
70.5782,0.8749,3.7534
70.5784,0.8922,3.8346
70.5786,0.8629,3.7036
70.5788,0.8539,3.6702
70.5790,0.785,3.3738
70.5792,0.7974,3.4306
70.5794,0.8371,3.5913
70.5796,0.8917,3.8236
70.5798,0.9184,3.9419
70.5800,0.8852,3.8082
70.5802,0.8332,3.581
70.5804,0.8108,3.4862
70.5806,0.7978,3.4274
70.5808,0.7775,3.3496
70.5810,0.7231,3.1108
70.5812,0.7423,3.1978
70.5814,0.7265,3.1252
70.5816,0.7673,3.3026
70.5818,0.708,3.0472
70.5820,0.7284,3.1364
70.5822,0.6865,2.9534
70.5824,0.7262,3.1242
70.5826,0.7775,3.3434
70.5828,0.8238,3.5408
70.5830,0.7374,3.1736
70.5832,0.7116,3.0612
70.5834,0.6886,2.9677
70.5836,0.6425,2.7718
70.5838,0.5688,2.4548
70.5840,0.4993,2.1561
70.5842,0.5173,2.2286
70.5844,0.6125,2.64
70.5846,0.5742,2.4758
70.5848,0.6574,2.8281
70.5850,0.6875,2.963
70.5852,0.5895,2.5455
70.5854,0.5409,2.3325
70.5856,0.562,2.4247
70.5858,0.4933,2.1302
70.5860,0.4858,2.0966
70.5862,0.4777,2.062
70.5864,0.4851,2.0955
70.5866,0.512,2.2079
70.5868,0.5596,2.4154
70.5870,0.5379,2.3164
70.5872,0.6153,2.6544
70.5874,0.5257,2.27
70.5876,0.5027,2.1666
70.5878,0.5599,2.4154
70.5880,0.5442,2.3454
70.5882,0.61,2.634
70.5884,0.5021,2.169
70.5886,0.4304,1.8592
70.5888,0.409,1.7678
70.5890,0.3952,1.709
70.5892,0.4135,1.7854
70.5894,0.451,1.9465
70.5896,0.4444,1.9172
70.5898,0.4419,1.9081
70.5900,0.4464,1.9278
70.5902,0.4466,1.9283
70.5904,0.4485,1.9366
70.5906,0.4462,1.9267
70.5908,0.4444,1.919
70.5910,0.4464,1.9269
70.5912,0.4467,1.9279
70.5914,0.4503,1.9434
70.5916,0.4498,1.9414
70.5918,0.4475,1.9324
70.5920,0.4755,2.0502
70.5922,0.5212,2.2493
70.5924,0.4658,2.0121
70.5926,0.4505,1.9445
70.5928,0.4492,1.9388
70.5930,0.4449,1.9193
70.5932,0.4461,1.9253
70.5934,0.4514,1.9481
70.5936,0.4746,2.0475
70.5938,0.5334,2.2978
70.5940,0.5991,2.5809
70.5942,0.5623,2.4246
70.5944,0.555,2.3908
70.5946,0.5534,2.3808
70.5948,0.5826,2.5073
70.5950,0.6063,2.6131
70.5952,0.5576,2.4033
70.5954,0.5545,2.3899
70.5956,0.5981,2.5732
70.5958,0.6437,2.7667
70.5960,0.7008,3.012
70.5962,0.7757,3.3341
70.5964,0.6672,2.869
70.5966,0.6326,2.7225
70.5968,0.6469,2.7832
70.5970,0.7502,3.2243
70.5972,0.761,3.2723
70.5974,0.682,2.9393
70.5976,0.59,2.5405
70.5978,0.5731,2.4677
70.5980,0.6444,2.7723
70.5982,0.7034,3.0262
70.5984,0.6769,2.9108
70.5986,0.6858,2.9517
70.5988,0.6465,2.785
70.5990,0.6526,2.8061
70.5992,0.6898,2.9673
70.5994,0.6543,2.8133
70.5996,0.7069,3.0439
70.5998,0.6107,2.631
70.6000,0.6204,2.6679
70.6002,0.6408,2.7569
70.6004,0.6351,2.7359
70.6006,0.6246,2.6885
70.6008,0.654,2.8162
70.6010,0.6629,2.8505
70.6012,0.6829,2.9393
70.6014,0.6785,2.9188
70.6016,0.6432,2.7659
70.6018,0.6405,2.7566
70.6020,0.6383,2.7511
70.6022,0.5626,2.425
70.6024,0.5534,2.3863
70.6026,0.5248,2.2627
70.6028,0.5044,2.1748
70.6030,0.5201,2.2405
70.6032,0.5516,2.3775
70.6034,0.5552,2.3941
70.6036,0.5647,2.4327
70.6038,0.5462,2.3564
70.6040,0.526,2.2626
70.6042,0.5957,2.5677
70.6044,0.4978,2.1464
70.6046,0.4872,2.1009
70.6048,0.4828,2.0808
70.6050,0.4872,2.0999
70.6052,0.4926,2.1232
70.6054,0.5194,2.2384
70.6056,0.551,2.3738
70.6058,0.6109,2.6291
70.6060,0.5897,2.5383
70.6062,0.5794,2.495
70.6064,0.6756,2.9011
70.6066,0.73,3.1348
70.6068,0.7491,3.2152
70.6070,0.7997,3.4324
70.6072,0.8617,3.7002
70.6074,0.7774,3.3398
70.6076,0.7203,3.0946
70.6078,0.8448,3.6192
70.6080,0.9634,4.1253
70.6082,1.0018,4.2876
70.6084,0.963,4.118
70.6086,1.0503,4.4976
70.6088,0.9903,4.2423
70.6090,0.9479,4.0667
70.6092,0.9419,4.0277
70.6094,1.0434,4.4678
70.6096,0.9596,4.1127
70.6098,0.8941,3.8375
70.6100,0.8935,3.8367
70.6102,0.8864,3.8027
70.6104,0.9068,3.8884
70.6106,0.8828,3.7855
70.6108,0.8961,3.8426
70.6110,0.9207,3.9499
70.6112,0.9044,3.8745
70.6114,0.9774,4.1834
70.6116,0.9467,4.0653
70.6118,0.8297,3.5661
70.6120,0.8233,3.5404
70.6122,0.791,3.3996
70.6124,0.8072,3.4611
70.6126,0.8391,3.6046
70.6128,0.793,3.4083
70.6130,0.7609,3.2702
70.6132,0.7821,3.3583
70.6134,0.7946,3.4119
70.6136,0.8359,3.5962
70.6138,0.7649,3.2893
70.6140,0.8006,3.4344
70.6142,0.8524,3.6549
70.6144,0.8635,3.7114
70.6146,0.7967,3.4291
70.6148,0.7534,3.2398
70.6150,0.7708,3.3207
70.6152,0.707,3.0402
70.6154,0.7721,3.3171
70.6156,0.7683,3.3052
70.6158,0.7865,3.3789
70.6160,0.8061,3.4677
70.6162,0.7098,3.0592
70.6164,0.6597,2.8418
70.6166,0.6713,2.8906
70.6168,0.675,2.9025
70.6170,0.7326,3.1544
70.6172,0.6826,2.9378
70.6174,0.7069,3.0397
70.6176,0.7045,3.0322
70.6178,0.7016,3.0198
70.6180,0.7243,3.1203
70.6182,0.6998,3.0093
70.6184,0.7831,3.3687
70.6186,0.7063,3.0371
70.6188,0.7377,3.1722
70.6190,0.8171,3.5119
70.6192,0.8455,3.6375
70.6194,0.7221,3.1066
70.6196,0.7281,3.131
70.6198,0.7539,3.2464
70.6200,0.6705,2.8923
70.6202,0.5762,2.4846
70.6204,0.5733,2.471
70.6206,0.5683,2.4493
70.6208,0.5685,2.4515
70.6210,0.5823,2.5086
70.6212,0.6592,2.8358
70.6214,0.7185,3.0912
70.6216,0.701,3.0214
70.6218,0.6442,2.7726
70.6220,0.7489,3.2202
70.6222,0.6896,2.971
70.6224,0.6411,2.763
70.6226,0.6677,2.8751
70.6228,0.6699,2.8844
70.6230,0.6658,2.8668
70.6232,0.6693,2.8805
70.6234,0.6994,3.0086
70.6236,0.6304,2.7195
70.6238,0.5437,2.3455
70.6240,0.5436,2.3439
70.6242,0.5528,2.3815
70.6244,0.6318,2.7194
70.6246,0.7023,3.0257
70.6248,0.5876,2.5349
70.6250,0.54,2.3295
70.6252,0.54,2.3306
70.6254,0.5382,2.3206
70.6256,0.5359,2.3098
70.6258,0.5341,2.3031
70.6260,0.5388,2.3254
70.6262,0.5401,2.33
70.6264,0.5336,2.301
70.6266,0.5405,2.3272
70.6268,0.6501,2.7992
70.6270,0.6609,2.8443
70.6272,0.7027,3.0231
70.6274,0.6499,2.7987
70.6276,0.6457,2.7819
70.6278,0.6859,2.9508
70.6280,0.7317,3.1508
70.6282,0.6886,2.958
70.6284,0.7934,3.4083
70.6286,0.8003,3.4382
70.6288,0.7512,3.23
70.6290,0.7308,3.1408
70.6292,0.6853,2.9537
70.6294,0.6266,2.7005
70.6296,0.613,2.6384
70.6298,0.6622,2.8487
70.6300,0.711,3.0587
70.6302,0.749,3.2207
70.6304,0.7524,3.2321
70.6306,0.713,3.0703
70.6308,0.6274,2.7028
70.6310,0.6242,2.6889
70.6312,0.7203,3.096
70.6314,0.7696,3.314
70.6316,0.6332,2.7276
70.6318,0.6165,2.6571
70.6320,0.6215,2.675
70.6322,0.6327,2.7205
70.6324,0.6876,2.9608
70.6326,0.5947,2.5701
70.6328,0.4524,1.9518
70.6330,0.4783,2.0617
70.6332,0.5425,2.3382
70.6334,0.5185,2.2358
70.6336,0.5032,2.1666
70.6338,0.534,2.3004
70.6340,0.5034,2.1727
70.6342,0.5254,2.2664
70.6344,0.5961,2.5656
70.6346,0.6526,2.81
70.6348,0.6341,2.7356
70.6350,0.5629,2.4272
70.6352,0.5355,2.3061
70.6354,0.5484,2.3657
70.6356,0.5156,2.2245
70.6358,0.5068,2.1842
70.6360,0.516,2.2281
70.6362,0.4207,1.819
70.6364,0.4065,1.7545
70.6366,0.4219,1.8216
70.6368,0.3824,1.649
70.6370,0.484,2.0831
70.6372,0.625,2.6875
70.6374,0.6619,2.8516
70.6376,0.6008,2.5894
70.6378,0.5579,2.4032
70.6380,0.5932,2.558
70.6382,0.5297,2.2829
70.6384,0.5423,2.3371
70.6386,0.5708,2.4556
70.6388,0.6519,2.8017
70.6390,0.7333,3.1546
70.6392,0.7044,3.0303
70.6394,0.6918,2.9747
70.6396,0.7582,3.2574
70.6398,0.7828,3.3645
70.6400,0.778,3.3392
70.6402,0.8355,3.5841
70.6404,0.8377,3.5989
70.6406,0.8255,3.5398
70.6408,0.9022,3.8688
70.6410,0.8976,3.8542
70.6412,0.8753,3.7567
70.6414,0.8798,3.7745
70.6416,0.9154,3.9236
70.6418,0.9241,3.9624
70.6420,0.9021,3.8665
70.6422,0.9351,4.006
70.6424,0.9663,4.1396
70.6426,0.9696,4.1598
70.6428,0.9718,4.169
70.6430,0.9771,4.1858
70.6432,0.9726,4.1648
70.6434,0.9933,4.2591
70.6436,0.9608,4.1179
70.6438,0.9719,4.1657
70.6440,0.919,3.9482
70.6442,0.8951,3.8434
70.6444,0.9096,3.8984
70.6446,0.9719,4.1657
70.6448,0.9924,4.2516
70.6450,0.9593,4.1174
70.6452,0.9368,4.0151
70.6454,0.9449,4.05
70.6456,0.8949,3.8411
70.6458,0.8765,3.7653
70.6460,0.8723,3.7508
70.6462,0.7729,3.3248
70.6464,0.7086,3.0497
70.6466,0.6792,2.9247
70.6468,0.689,2.9629
70.6470,0.7088,3.0465
70.6472,0.7616,3.2809
70.6474,0.6688,2.8797
70.6476,0.726,3.1217
70.6478,0.7678,3.2986
70.6480,0.7885,3.3872
70.6482,0.7635,3.2846
70.6484,0.7062,3.0394
70.6486,0.7324,3.1525
70.6488,0.6984,3.0087
70.6490,0.5804,2.505
70.6492,0.5993,2.5808
70.6494,0.6736,2.9004
70.6496,0.6532,2.8165
70.6498,0.5347,2.3089
70.6500,0.5034,2.1707
70.6502,0.5529,2.3831
70.6504,0.5816,2.509
70.6506,0.5842,2.5192
70.6508,0.5738,2.4719
70.6510,0.6161,2.658
70.6512,0.5547,2.392
70.6514,0.5791,2.4947
70.6516,0.5504,2.3756
70.6518,0.4959,2.1411
70.6520,0.5001,2.1572
70.6522,0.5413,2.3373
70.6524,0.4933,2.1302
70.6526,0.5304,2.2881
70.6528,0.5204,2.2452
70.6530,0.4986,2.151
70.6532,0.5033,2.1722
70.6534,0.4906,2.1163
70.6536,0.4913,2.1204
70.6538,0.4948,2.1345
70.6540,0.5052,2.1785
70.6542,0.5674,2.4468
70.6544,0.5612,2.4222
70.6546,0.468,2.021
70.6548,0.4039,1.7439
70.6550,0.4788,2.0618
70.6552,0.61,2.6279
70.6554,0.5411,2.3363
70.6556,0.4602,1.9882
70.6558,0.4474,1.931
70.6560,0.4476,1.9329
70.6562,0.4352,1.8791
70.6564,0.4389,1.8951
70.6566,0.4361,1.8824
70.6568,0.4412,1.9032
70.6570,0.4837,2.0869
70.6572,0.5376,2.3159
70.6574,0.5408,2.3331
70.6576,0.534,2.3036
70.6578,0.5714,2.4605
70.6580,0.6142,2.6448
70.6582,0.5313,2.2891
70.6584,0.5451,2.3474
70.6586,0.5728,2.4666
70.6588,0.5887,2.5372
70.6590,0.5899,2.5423
70.6592,0.5995,2.5789
70.6594,0.6339,2.7282
70.6596,0.6521,2.808
70.6598,0.6766,2.9092
70.6600,0.7206,3.097
70.6602,0.694,2.984
70.6604,0.6946,2.988
70.6606,0.6689,2.8789
70.6608,0.6372,2.7427
70.6610,0.6675,2.8701
70.6612,0.7235,3.1094
70.6614,0.7841,3.3671
70.6616,0.7749,3.3321
70.6618,0.7171,3.0835
70.6620,0.7528,3.2312
70.6622,0.8388,3.6052
70.6624,0.7558,3.2501
70.6626,0.7685,3.3032
70.6628,0.7655,3.2888
70.6630,0.7598,3.2625
70.6632,0.8099,3.4762
70.6634,0.8367,3.5943
70.6636,0.792,3.4074
70.6638,0.6998,3.0079
70.6640,0.7552,3.2475
70.6642,0.7191,3.0952
70.6644,0.6426,2.7685
70.6646,0.5562,2.3982
70.6648,0.5468,2.3579
70.6650,0.5516,2.3764
70.6652,0.5722,2.4618
70.6654,0.6173,2.657
70.6656,0.5888,2.5412
70.6658,0.4731,2.0418
70.6660,0.4577,1.9728
70.6662,0.4975,2.1454
70.6664,0.5027,2.1676
70.6666,0.4993,2.1521
70.6668,0.4959,2.1381
70.6670,0.5305,2.2876
70.6672,0.5102,2.2012
70.6674,0.5172,2.2281
70.6676,0.5754,2.4775
70.6678,0.5492,2.3671
70.6680,0.5485,2.3629
70.6682,0.5504,2.369
70.6684,0.5694,2.454
70.6686,0.5659,2.4367
70.6688,0.574,2.4753
70.6690,0.5315,2.2938
70.6692,0.452,1.9507
70.6694,0.4122,1.7788
70.6696,0.4285,1.8501
70.6698,0.4093,1.7672
70.6700,0.4387,1.8897
70.6702,0.5449,2.3474
70.6704,0.5034,2.1697
70.6706,0.4804,2.0724
70.6708,0.4821,2.0787
70.6710,0.486,2.0957
70.6712,0.486,2.0957
70.6714,0.4852,2.0931
70.6716,0.4931,2.1262
70.6718,0.5281,2.274
70.6720,0.5762,2.4788
70.6722,0.6159,2.6496
70.6724,0.6228,2.6795
70.6726,0.6708,2.8845
70.6728,0.7845,3.367
70.6730,0.8285,3.551
70.6732,0.8677,3.7242
70.6734,0.8579,3.682
70.6736,0.8486,3.6373
70.6738,0.859,3.6798
70.6740,0.9146,3.9218
70.6742,0.9148,3.9228
70.6744,0.9328,3.9944
70.6746,0.9705,4.1556
70.6748,0.9744,4.1726
70.6750,0.9755,4.1791
70.6752,0.9675,4.1466
70.6754,0.9302,3.9831
70.6756,0.9571,4.1038
70.6758,0.9541,4.0891
70.6760,0.9909,4.2469
70.6762,0.9635,4.1278
70.6764,0.9249,3.9734
70.6766,0.8549,3.6674
70.6768,0.8843,3.7935
70.6770,0.8574,3.6783
70.6772,0.9265,3.969
70.6774,0.9903,4.2483
70.6776,0.9393,4.0259
70.6778,0.9502,4.0783
70.6780,0.8397,3.6055
70.6782,0.8658,3.7177
70.6784,0.8897,3.8166
70.6786,0.9063,3.8863
70.6788,0.9165,3.9319
70.6790,0.9681,4.1453
70.6792,1.0414,4.4612
70.6794,1.0723,4.5916
70.6796,1.0562,4.5227
70.6798,1.0102,4.3296
70.6800,1.0253,4.3903
70.6802,1.0196,4.3784
70.6804,0.9007,3.8712
70.6806,0.8627,3.7061
70.6808,0.8239,3.5364
70.6810,0.8462,3.6338
70.6812,0.8537,3.6657
70.6814,0.9652,4.1349
70.6816,0.982,4.2147
70.6818,0.9602,4.1191
70.6820,0.9106,3.9103
70.6822,0.8428,3.6256
70.6824,0.7404,3.1865
70.6826,0.7004,3.0147
70.6828,0.6985,3.005
70.6830,0.719,3.0947
70.6832,0.6979,3.0024
70.6834,0.7178,3.0895
70.6836,0.7384,3.1797
70.6838,0.6324,2.7258
70.6840,0.5782,2.491
70.6842,0.6194,2.6707
70.6844,0.5587,2.4046
70.6846,0.6099,2.6299
70.6848,0.5858,2.5283
70.6850,0.5473,2.3621
70.6852,0.5829,2.5135
70.6854,0.6179,2.6608
70.6856,0.6148,2.6498
70.6858,0.5785,2.4944
70.6860,0.557,2.4007
70.6862,0.5581,2.4065
70.6864,0.5758,2.4819
70.6866,0.6093,2.6273
70.6868,0.6411,2.7566
70.6870,0.7524,3.2291
70.6872,0.7769,3.3408
70.6874,0.7643,3.2897
70.6876,0.7667,3.2955
70.6878,0.7823,3.3625
70.6880,0.7598,3.2686
70.6882,0.7618,3.2804
70.6884,0.7254,3.1235
70.6886,0.7298,3.1338
70.6888,0.8111,3.4797
70.6890,0.9021,3.8756
70.6892,0.8726,3.7541
70.6894,0.7669,3.2945
70.6896,0.7772,3.3434
70.6898,0.8032,3.4521
70.6900,0.8645,3.7121
70.6902,0.8771,3.7731
70.6904,0.7442,3.203
70.6906,0.7607,3.2727
70.6908,0.753,3.2392
70.6910,0.6185,2.6658
70.6912,0.5978,2.5788
70.6914,0.5858,2.5259
70.6916,0.6144,2.6433
70.6918,0.6991,3.0131
70.6920,0.6172,2.6614
70.6922,0.5911,2.5475
70.6924,0.5891,2.538
70.6926,0.6042,2.6055
70.6928,0.606,2.6145
70.6930,0.5858,2.5247
70.6932,0.5823,2.5086
70.6934,0.6203,2.6748
70.6936,0.592,2.5516
70.6938,0.6039,2.5991
70.6940,0.6683,2.8763
70.6942,0.7015,3.0178
70.6944,0.8003,3.4413
70.6946,0.8212,3.5294
70.6948,0.8178,3.5133
70.6950,0.8057,3.4629
70.6952,0.7978,3.4241
70.6954,0.8827,3.7867
70.6956,0.8717,3.7481
70.6958,0.7634,3.2856
70.6960,0.6811,2.9329
70.6962,0.6656,2.8676
70.6964,0.676,2.908
70.6966,0.7152,3.0781
70.6968,0.6962,2.9938
70.6970,0.7561,3.248
70.6972,0.8184,3.5143
70.6974,0.8418,3.6214
70.6976,0.729,3.1403
70.6978,0.637,2.7428
70.6980,0.6463,2.7844
70.6982,0.6936,2.981
70.6984,0.7703,3.314
70.6986,0.7365,3.1655
70.6988,0.7695,3.3088
70.6990,0.7026,3.0267
70.6992,0.6854,2.9515
70.6994,0.6997,3.0143
70.6996,0.6861,2.9518
70.6998,0.728,3.1348
70.7000,0.6667,2.8722
70.7002,0.6349,2.7379
70.7004,0.6444,2.7723
70.7006,0.7345,3.1582
70.7008,0.6957,3.0014
70.7010,0.592,2.5516
70.7012,0.6644,2.8598
70.7014,0.678,2.9167
70.7016,0.734,3.1562
70.7018,0.8219,3.5308
70.7020,0.8466,3.6319
70.7022,0.8735,3.7471
70.7024,0.8402,3.6197
70.7026,0.6382,2.7531
70.7028,0.6173,2.6569
70.7030,0.6764,2.9087
70.7032,0.7214,3.102
70.7034,0.7599,3.266
70.7036,0.807,3.4686
70.7038,0.7291,3.1409
70.7040,0.6616,2.8487
70.7042,0.6595,2.8399
70.7044,0.62,2.6732
70.7046,0.5925,2.5537
70.7048,0.6182,2.663
70.7050,0.6347,2.7318
70.7052,0.6671,2.8738
70.7054,0.6468,2.7826
70.7056,0.7392,3.1754
70.7058,0.7787,3.3454
70.7060,0.7949,3.4213
70.7062,0.7587,3.2624
70.7064,0.824,3.5335
70.7066,0.9051,3.8775
70.7068,0.9801,4.2005
70.7070,1.0322,4.422
70.7072,1.0207,4.3727
70.7074,1.0159,4.3623
70.7076,0.9604,4.1162
70.7078,1.0081,4.3147
70.7080,1.0498,4.4975
70.7082,1.0361,4.4385
70.7084,1.0569,4.5236
70.7086,1.0364,4.4379
70.7088,1.0398,4.4482
70.7090,1.1696,4.999
70.7092,1.1978,5.1339
70.7094,1.0635,4.5667
70.7096,1.0081,4.3208
70.7098,1.0025,4.2946
70.7100,1.0238,4.3799
70.7102,1.0804,4.6307
70.7104,1.015,4.3562
70.7106,0.9401,4.0388
70.7108,0.8603,3.6991
70.7110,0.8688,3.7323
70.7112,0.9431,4.0479
70.7114,0.9897,4.2436
70.7116,0.9942,4.2612
70.7118,0.959,4.1158
70.7120,0.9377,4.0322
70.7122,0.852,3.667
70.7124,0.7892,3.3934
70.7126,0.8183,3.517
70.7128,0.8232,3.5398
70.7130,0.8116,3.493
70.7132,0.7613,3.2768
70.7134,0.7624,3.2814
70.7136,0.844,3.629
70.7138,0.8711,3.7421
70.7140,0.8248,3.5498
70.7142,0.774,3.3253
70.7144,0.9074,3.8963
70.7146,0.8912,3.825
70.7148,0.9471,4.0649
70.7150,0.9423,4.0481
70.7152,0.9026,3.8884
70.7154,0.7104,3.066
70.7156,0.6321,2.7217
70.7158,0.7347,3.1622
70.7160,0.7709,3.3227
70.7162,0.6941,2.9886
70.7164,0.6996,3.0124
70.7166,0.6891,2.9716
70.7168,0.642,2.771
70.7170,0.5995,2.586
70.7172,0.645,2.7762
70.7174,0.7016,3.024
70.7176,0.6739,2.9019
70.7178,0.7582,3.2649
70.7180,0.7207,3.1033
70.7182,0.6968,3.0033
70.7184,0.6756,2.9118
70.7186,0.6519,2.8095
70.7188,0.6775,2.9201
70.7190,0.7058,3.0378
70.7192,0.6818,2.9401
70.7194,0.6166,2.6588
70.7196,0.6372,2.7464
70.7198,0.5842,2.5227
70.7200,0.5238,2.2627
70.7202,0.5226,2.2565
70.7204,0.5421,2.3377
70.7206,0.6147,2.6493
70.7208,0.6517,2.809
70.7210,0.6533,2.817
70.7212,0.6162,2.656
70.7214,0.5881,2.5392
70.7216,0.5566,2.4025
70.7218,0.5917,2.5536
70.7220,0.5667,2.4448
70.7222,0.5923,2.5574
70.7224,0.5662,2.4427
70.7226,0.5653,2.4386
70.7228,0.598,2.5798
70.7230,0.5541,2.3927
70.7232,0.475,2.0519
70.7234,0.4709,2.0352
70.7236,0.4741,2.0502
70.7238,0.5088,2.197
70.7240,0.5014,2.1659
70.7242,0.4641,2.0029
70.7244,0.4643,2.0058
70.7246,0.4657,2.0111
70.7248,0.4599,1.9857
70.7250,0.4587,1.9815
70.7252,0.459,1.9821
70.7254,0.4612,1.9923
70.7256,0.4632,2.0002
70.7258,0.4888,2.1095
70.7260,0.5554,2.394
70.7262,0.6011,2.5873
70.7264,0.6443,2.7769
70.7266,0.6008,2.5881
70.7268,0.571,2.4623
70.7270,0.5664,2.4433
70.7272,0.604,2.6009
70.7274,0.6102,2.6314
70.7276,0.6035,2.6
70.7278,0.6498,2.7994
70.7280,0.6347,2.7267
70.7282,0.7545,3.2443
70.7284,0.7646,3.2861
70.7286,0.7377,3.1736
70.7288,0.7381,3.1811
70.7290,0.6167,2.6581
70.7292,0.5695,2.4521
70.7294,0.6303,2.7152
70.7296,0.6646,2.8589
70.7298,0.6919,2.978
70.7300,0.6954,2.9957
70.7302,0.6497,2.7976
70.7304,0.5915,2.5472
70.7306,0.5983,2.5809
70.7308,0.5425,2.3392
70.7310,0.5365,2.3123
70.7312,0.5438,2.3449
70.7314,0.5417,2.3334
70.7316,0.543,2.3402
70.7318,0.4979,2.1489
70.7320,0.5309,2.2891
70.7322,0.5685,2.4514
70.7324,0.558,2.4026
70.7326,0.6119,2.6386
70.7328,0.5405,2.3304
70.7330,0.5307,2.2885
70.7332,0.5433,2.3428
70.7334,0.5646,2.4355
70.7336,0.534,2.3025
70.7338,0.5691,2.4517
70.7340,0.6242,2.6851
70.7342,0.6778,2.9211
70.7344,0.577,2.4824
70.7346,0.6543,2.8172
70.7348,0.6449,2.7782
70.7350,0.623,2.6837
70.7352,0.5965,2.5707
70.7354,0.5568,2.4008
70.7356,0.5451,2.3495
70.7358,0.6096,2.6215
70.7360,0.689,2.9669
70.7362,0.6762,2.909
70.7364,0.6894,2.9657
70.7366,0.6638,2.8572
70.7368,0.6369,2.7411
70.7370,0.6365,2.7433
70.7372,0.6715,2.8889
70.7374,0.7619,3.2702
70.7376,0.7658,3.2943
70.7378,0.6962,2.9938
70.7380,0.7543,3.2388
70.7382,0.8166,3.5049
70.7384,0.8504,3.6568
70.7386,0.8077,3.4668
70.7388,0.8431,3.6136
70.7390,0.913,3.9169
70.7392,0.9267,3.9755
70.7394,0.9205,3.9451
70.7396,0.8922,3.8274
70.7398,0.9128,3.9159
70.7400,0.903,3.8755
70.7402,0.9514,4.0777
70.7404,0.9478,4.0585
70.7406,1.0032,4.2937
70.7408,1.0714,4.59
70.7410,1.0592,4.5355
70.7412,1.0689,4.5771
70.7414,1.0738,4.6003
70.7416,1.0785,4.6139
70.7418,1.006,4.3156
70.7420,0.8977,3.8546
70.7422,0.8947,3.84
70.7424,0.9056,3.8832
70.7426,0.9182,3.9372
70.7428,0.9386,4.0265
70.7430,0.9305,3.9957
70.7432,0.935,4.011
70.7434,0.9647,4.1367
70.7436,0.9916,4.2479
70.7438,1.0209,4.3799
70.7440,0.9715,4.166
70.7442,0.9678,4.152
70.7444,0.9236,3.9621
70.7446,0.9882,4.2355
70.7448,1.053,4.5193
70.7450,0.9923,4.253
70.7452,0.9983,4.2806
70.7454,1.0147,4.347
70.7456,1.034,4.4297
70.7458,1.0122,4.3383
70.7460,1.0176,4.3695
70.7462,0.9657,4.1427
70.7464,0.9922,4.2524
70.7466,1.0283,4.4112
70.7468,0.9978,4.2786
70.7470,1.0624,4.5472
70.7472,1.1633,4.9765
70.7474,0.9779,4.2011
70.7476,0.9365,4.0196
70.7478,0.961,4.1246
70.7480,0.9485,4.0729
70.7482,0.9235,3.9672
70.7484,0.8788,3.7791
70.7486,0.8654,3.7161
70.7488,0.9101,3.9118
70.7490,0.8815,3.7922
70.7492,0.8551,3.6787
70.7494,0.8369,3.5936
70.7496,0.9037,3.884
70.7498,0.8553,3.6729
70.7500,0.8796,3.7804
70.7502,0.8965,3.8566
70.7504,0.7878,3.394
70.7506,0.7094,3.0576
70.7508,0.6966,3.0023
70.7510,0.7154,3.082
70.7512,0.6743,2.9034
70.7514,0.6969,3.0024
70.7516,0.749,3.2236
70.7518,0.7613,3.2768
70.7520,0.7552,3.255
70.7522,0.6842,2.9518
70.7524,0.5996,2.5877
70.7526,0.5905,2.5461
70.7528,0.6465,2.7888
70.7530,0.665,2.865
70.7532,0.6879,2.9595
70.7534,0.7399,3.1844
70.7536,0.7429,3.2018
70.7538,0.6826,2.9391
70.7540,0.6948,2.9987
70.7542,0.6045,2.6078
70.7544,0.6292,2.7156
70.7546,0.5833,2.5139
70.7548,0.622,2.6845
70.7550,0.6028,2.6005
70.7552,0.5907,2.5471
70.7554,0.6118,2.6418
70.7556,0.5871,2.5351
70.7558,0.595,2.5669
70.7560,0.5733,2.4744
70.7562,0.521,2.2508
70.7564,0.5492,2.3693
70.7566,0.5518,2.3796
70.7568,0.6454,2.7764
70.7570,0.7338,3.1625
70.7572,0.6634,2.8564
70.7574,0.6758,2.9142
70.7576,0.6194,2.6682
70.7578,0.6463,2.7844
70.7580,0.667,2.8719
70.7582,0.6688,2.8797
70.7584,0.6683,2.8803
70.7586,0.7208,3.1052
70.7588,0.7483,3.219
70.7590,0.7564,3.2556
70.7592,0.7537,3.2468
70.7594,0.684,2.9466
70.7596,0.668,2.8779
70.7598,0.6623,2.8505
70.7600,0.6779,2.9162
70.7602,0.7485,3.2186
70.7604,0.8236,3.543
70.7606,0.8215,3.5326
70.7608,0.7884,3.3918
70.7610,0.7775,3.3449
70.7612,0.7999,3.4398
70.7614,0.7991,3.4362
70.7616,0.7877,3.3888
70.7618,0.7474,3.2184
70.7620,0.684,2.9494
70.7622,0.6608,2.8469
70.7624,0.7201,3.0978
70.7626,0.7567,3.2536
70.7628,0.7654,3.2913
70.7630,0.7491,3.2271
70.7632,0.646,2.7842
70.7634,0.6816,2.9349
70.7636,0.7258,3.124
70.7638,0.696,3.0011
70.7640,0.6701,2.888
70.7642,0.6261,2.6984
70.7644,0.6519,2.8095
70.7646,0.6459,2.7849
70.7648,0.5672,2.4469
70.7650,0.5635,2.4286
70.7652,0.5689,2.4541
70.7654,0.5641,2.4357
70.7656,0.56,2.4147
70.7658,0.5616,2.4214
70.7660,0.564,2.4329
70.7662,0.5673,2.4463
70.7664,0.5647,2.4315
70.7666,0.6288,2.7077
70.7668,0.6871,2.9601
70.7670,0.6638,2.8625
70.7672,0.6649,2.8645
70.7674,0.6636,2.8562
70.7676,0.6453,2.7798
70.7678,0.7113,3.0616
70.7680,0.7134,3.0703
70.7682,0.6635,2.8583
70.7684,0.6738,2.9027
70.7686,0.6331,2.7276
70.7688,0.6128,2.641
70.7690,0.6246,2.6909
70.7692,0.6704,2.8883
70.7694,0.7246,3.1145
70.7696,0.7124,3.0662
70.7698,0.6425,2.7653
70.7700,0.7007,3.0114
70.7702,0.7329,3.1559
70.7704,0.6745,2.9085
70.7706,0.605,2.611
70.7708,0.5198,2.2425
70.7710,0.5229,2.256
70.7712,0.5586,2.4063
70.7714,0.5787,2.4931
70.7716,0.5785,2.4955
70.7718,0.5767,2.4854
70.7720,0.6883,2.9597
70.7722,0.7516,3.2335
70.7724,0.7515,3.2345
70.7726,0.7427,3.1938
70.7728,0.7219,3.1084
70.7730,0.7457,3.2007
70.7732,0.9122,3.9169
70.7734,0.9325,4.0021
70.7736,0.9477,4.0637
70.7738,0.9744,4.1803
70.7740,0.9906,4.2477
70.7742,0.9708,4.1648
70.7744,0.9632,4.13
70.7746,0.9273,3.9744
70.7748,0.9588,4.1153
70.7750,0.9784,4.1972
70.7752,0.9843,4.2224
70.7754,1.0038,4.3063
70.7756,0.9496,4.0719
70.7758,0.9877,4.2334
70.7760,0.9855,4.2315
70.7762,0.8754,3.7641
70.7764,0.8541,3.6711
70.7766,0.8587,3.6873
70.7768,0.9303,4.0003
70.7770,0.7887,3.3945
70.7772,0.7869,3.3804
70.7774,0.8446,3.6282
70.7776,0.8071,3.4659
70.7778,0.9111,3.9086
70.7780,0.9381,4.0263
70.7782,0.8972,3.8579
70.7784,0.8497,3.6538
70.7786,0.8479,3.646
70.7788,0.8393,3.6072
70.7790,0.8353,3.5869
70.7792,0.8852,3.8028
70.7794,0.8775,3.7699
70.7796,0.88,3.786
70.7798,0.8131,3.4997
70.7800,0.7894,3.3912
70.7802,0.841,3.6144
70.7804,0.848,3.6398
70.7806,0.952,4.0803
70.7808,1.0031,4.3012
70.7810,0.9502,4.0821
70.7812,0.8821,3.793
70.7814,0.899,3.8657
70.7816,0.82,3.5324
70.7818,0.6927,2.9857
70.7820,0.6393,2.7539
70.7822,0.7329,3.153
70.7824,0.6857,2.9552
70.7826,0.5933,2.562
70.7828,0.5165,2.2291
70.7830,0.5658,2.4395
70.7832,0.61,2.6291
70.7834,0.6114,2.6329
70.7836,0.6869,2.9604
70.7838,0.664,2.8617
70.7840,0.6212,2.6797
70.7842,0.622,2.6845
70.7844,0.5534,2.3896
70.7846,0.5241,2.2612
70.7848,0.5728,2.4712
70.7850,0.5817,2.5095
70.7852,0.5258,2.2705
70.7854,0.4892,2.1136
70.7856,0.4884,2.108
70.7858,0.4918,2.1234
70.7860,0.4922,2.1265
70.7862,0.4763,2.0595
70.7864,0.4148,1.7919
70.7866,0.4103,1.7719
70.7868,0.5451,2.3528
70.7870,0.5527,2.3832
70.7872,0.5015,2.1654
70.7874,0.4651,2.0094
70.7876,0.4444,1.9198
70.7878,0.445,1.9215
70.7880,0.4522,1.9544
70.7882,0.4488,1.939
70.7884,0.4425,1.9115
70.7886,0.4407,1.9046
70.7888,0.4426,1.912
70.7890,0.4481,1.935
70.7892,0.4521,1.9521
70.7894,0.4478,1.9334
70.7896,0.4595,1.9842
70.7898,0.4619,1.9954
70.7900,0.4605,1.9883
70.7902,0.4618,1.9922
70.7904,0.46,1.9872
70.7906,0.4546,1.9629
70.7908,0.4568,1.9713
70.7910,0.4564,1.9698
70.7912,0.459,1.983
70.7914,0.4455,1.9236
70.7916,0.4389,1.8951
70.7918,0.4582,1.9766
70.7920,0.5219,2.2503
70.7922,0.5504,2.3722
70.7924,0.5641,2.4312
70.7926,0.5548,2.3903
70.7928,0.5427,2.3392
70.7930,0.5534,2.3852
70.7932,0.5547,2.3909
70.7934,0.5956,2.5647
70.7936,0.6821,2.937
70.7938,0.6354,2.7349
70.7940,0.6173,2.6582
70.7942,0.6339,2.7218
70.7944,0.7591,3.2609
70.7946,0.7848,3.3764
70.7948,0.7466,3.2118
70.7950,0.732,3.1474
70.7952,0.7479,3.219
70.7954,0.657,2.8291
70.7956,0.6077,2.6169
70.7958,0.6149,2.6478
70.7960,0.6618,2.8444
70.7962,0.6828,2.9387
70.7964,0.6728,2.8959
70.7966,0.6176,2.6592
70.7968,0.6908,2.9705
70.7970,0.6954,2.9943
70.7972,0.6755,2.9045
70.7974,0.6896,2.9668
70.7976,0.6848,2.9448
70.7978,0.7152,3.0766
70.7980,0.6528,2.8097
70.7982,0.6643,2.8619
70.7984,0.6372,2.7452
70.7986,0.6313,2.7198
70.7988,0.6208,2.6694
70.7990,0.6796,2.9194
70.7992,0.7226,3.1086
70.7994,0.6906,2.9695
70.7996,0.7272,3.1253
70.7998,0.7591,3.2655
70.8000,0.7335,3.1526
70.8002,0.6942,2.9891
70.8004,0.6285,2.7074
70.8006,0.6282,2.7026
70.8008,0.6997,3.0101
70.8010,0.6331,2.7314
70.8012,0.5461,2.3558
70.8014,0.5565,2.3997
70.8016,0.5536,2.3851
70.8018,0.5961,2.568
70.8020,0.6107,2.6322
70.8022,0.5381,2.3201
70.8024,0.4897,2.1137
70.8026,0.4846,2.0914
70.8028,0.4885,2.1075
70.8030,0.4886,2.1071
70.8032,0.4864,2.1001
70.8034,0.4836,2.0882
70.8036,0.484,2.0869
70.8038,0.4876,2.1034
70.8040,0.4884,2.106
70.8042,0.5052,2.1764
70.8044,0.5661,2.4377
70.8046,0.6487,2.7922
70.8048,0.6938,2.9848
70.8050,0.7007,3.0128
70.8052,0.6992,3.008
70.8054,0.7113,3.0573
70.8056,0.7664,3.2893
70.8058,0.772,3.3119
70.8060,0.8332,3.5726
70.8062,0.8278,3.5528
70.8064,0.8261,3.5423
70.8066,0.8865,3.8067
70.8068,0.8701,3.731
70.8070,0.9311,3.9946
70.8072,0.8473,3.6333
70.8074,0.8739,3.7527
70.8076,0.8267,3.5498
70.8078,0.8206,3.5268
70.8080,0.7816,3.3593
70.8082,0.8248,3.5399
70.8084,0.903,3.8683
70.8086,0.9525,4.0823
70.8088,0.9721,4.1685
70.8090,0.9851,4.2201
70.8092,0.9633,4.1286
70.8094,0.8797,3.7827
70.8096,0.8005,3.4423
70.8098,0.8413,3.6092
70.8100,0.8944,3.8371
70.8102,0.9295,3.9892
70.8104,0.9181,3.9403
70.8106,0.8514,3.6525
70.8108,0.8347,3.586
70.8110,0.7565,3.2531
70.8112,0.7838,3.3702
70.8114,0.801,3.438
70.8116,0.8558,3.6732
70.8118,0.8285,3.5575
70.8120,0.8699,3.7334
70.8122,0.8465,3.6348
70.8124,0.8577,3.6832
70.8126,0.8414,3.6148
70.8128,0.8354,3.5857
70.8130,0.8571,3.684
70.8132,0.7784,3.347
70.8134,0.7782,3.3402
70.8136,0.8484,3.6396
70.8138,0.8709,3.7363
70.8140,0.8624,3.7119
70.8142,0.7664,3.2969
70.8144,0.7448,3.2041
70.8146,0.749,3.2221
70.8148,0.7483,3.222
70.8150,0.6899,2.9719
70.8152,0.6661,2.8657
70.8154,0.658,2.8345
70.8156,0.6529,2.8128
70.8158,0.6182,2.6655
70.8160,0.625,2.6962
70.8162,0.5641,2.4323
70.8164,0.6003,2.5836
70.8166,0.7201,3.0978
70.8168,0.6527,2.8118
70.8170,0.6018,2.5928
70.8172,0.5759,2.4835
70.8174,0.5638,2.4324
70.8176,0.581,2.5052
70.8178,0.6366,2.7413
70.8180,0.6214,2.6795
70.8182,0.6403,2.7573
70.8184,0.6647,2.8595
70.8186,0.7099,3.054
70.8188,0.7353,3.1648
70.8190,0.6923,2.9809
70.8192,0.6457,2.7844
70.8194,0.5807,2.5053
70.8196,0.626,2.6953
70.8198,0.7111,3.0534
70.8200,0.8274,3.5512
70.8202,0.8222,3.5324
70.8204,0.7868,3.3862
70.8206,0.7471,3.2169
70.8208,0.6642,2.8614
70.8210,0.6537,2.8146
70.8212,0.6793,2.9238
70.8214,0.6584,2.8392
70.8216,0.5528,2.3848
70.8218,0.5373,2.3181
70.8220,0.544,2.347
70.8222,0.5383,2.3233
70.8224,0.5379,2.3196
70.8226,0.5337,2.3004
70.8228,0.5389,2.3248
70.8230,0.5378,2.3169
70.8232,0.6744,2.8959
70.8234,0.7894,3.3991
70.8236,0.6231,2.6867
70.8238,0.5462,2.3542
70.8240,0.546,2.3553
70.8242,0.5405,2.3337
70.8244,0.5395,2.3241
70.8246,0.5817,2.5095
70.8248,0.5833,2.5104
70.8250,0.6944,2.9916
70.8252,0.6473,2.786
70.8254,0.6383,2.7485
70.8256,0.6385,2.7508
70.8258,0.6438,2.7723
70.8260,0.6397,2.756
70.8262,0.6445,2.7728
70.8264,0.7532,3.2326
70.8266,0.8249,3.5404
70.8268,0.7986,3.4293
70.8270,0.8155,3.5084
70.8272,0.7504,3.2313
70.8274,0.6612,2.8445
70.8276,0.6812,2.9361
70.8278,0.6228,2.6844
70.8280,0.6164,2.6553
70.8282,0.61,2.6267
70.8284,0.6123,2.6353
70.8286,0.6144,2.6458
70.8288,0.6419,2.7615
70.8290,0.7011,3.0163
70.8292,0.7287,3.132
70.8294,0.7431,3.1924
70.8296,0.7876,3.3819
70.8298,0.804,3.4525
70.8300,0.802,3.4517
70.8302,0.7227,3.112
70.8304,0.6604,2.8422
70.8306,0.6261,2.7021
70.8308,0.5889,2.537
70.8310,0.5906,2.5454
70.8312,0.5938,2.5593
70.8314,0.5947,2.5606
70.8316,0.6311,2.7175
70.8318,0.5956,2.5647
70.8320,0.5962,2.5697
70.8322,0.6048,2.6057
70.8324,0.628,2.7054
70.8326,0.6066,2.6146
70.8328,0.5837,2.5148
70.8330,0.6046,2.6034
70.8332,0.6689,2.8762
70.8334,0.727,3.1234
70.8336,0.7049,3.0407
70.8338,0.5087,2.1995
70.8340,0.4107,1.7742
70.8342,0.3987,1.7224
70.8344,0.3951,1.7061
70.8346,0.4186,1.8076
70.8348,0.439,1.8956
70.8350,0.4371,1.8821
70.8352,0.5829,2.51
70.8354,0.5388,2.3221
70.8356,0.4984,2.1489
70.8358,0.5074,2.1908
70.8360,0.5005,2.1592
70.8362,0.4933,2.1282
70.8364,0.4904,2.1129
70.8366,0.5641,2.4345
70.8368,0.5107,2.2022
70.8370,0.5192,2.2379
70.8372,0.5439,2.3422
70.8374,0.5854,2.5196
70.8376,0.6387,2.7475
70.8378,0.7111,3.0563
70.8380,0.7724,3.3181
70.8382,0.7828,3.3566
70.8384,0.8533,3.6607
70.8386,0.8378,3.5927
70.8388,0.8568,3.679
70.8390,0.8324,3.5778
70.8392,0.7919,3.3973
70.8394,0.8335,3.5808
70.8396,0.8377,3.6005
70.8398,0.7734,3.3212
70.8400,0.8599,3.6821
70.8402,0.9604,4.1143
70.8404,0.96,4.1166
70.8406,0.9778,4.1927
70.8408,0.981,4.2046
70.8410,0.9908,4.2428
70.8412,0.9913,4.2469
70.8414,0.9629,4.129
70.8416,0.9543,4.0881
70.8418,0.9781,4.1923
70.8420,0.995,4.2648
70.8422,1.0026,4.2992
70.8424,0.9272,3.9794
70.8426,0.8984,3.8559
70.8428,0.9176,3.9346
70.8430,0.9034,3.8703
70.8432,0.9376,4.0186
70.8434,1.0139,4.3414
70.8436,1.0009,4.286
70.8438,1.0169,4.3563
70.8440,1.0451,4.4749
70.8442,1.1061,4.7296
70.8444,1.1045,4.7362
70.8446,0.9843,4.2303
70.8448,0.8245,3.5471
70.8450,0.7694,3.3083
70.8452,0.7841,3.3701
70.8454,0.8432,3.6293
70.8456,0.7417,3.1936
70.8458,0.7068,3.042
70.8460,0.6911,2.9757
70.8462,0.7008,3.0161
70.8464,0.7105,3.058
70.8466,0.7119,3.067
70.8468,0.671,2.8882
70.8470,0.7128,3.0649
70.8472,0.7516,3.238
70.8474,0.6683,2.8776
70.8476,0.6583,2.8348
70.8478,0.6318,2.7244
70.8480,0.5849,2.5246
70.8482,0.5446,2.3485
70.8484,0.645,2.7762
70.8486,0.7116,3.0669
70.8488,0.5697,2.4612
70.8490,0.5008,2.1623
70.8492,0.494,2.1333
70.8494,0.4867,2.1007
70.8496,0.5166,2.2265
70.8498,0.584,2.5146
70.8500,0.6528,2.8162
70.8502,0.5544,2.3915
70.8504,0.5851,2.5228
70.8506,0.5991,2.5809
70.8508,0.5571,2.4034
70.8510,0.5372,2.3143
70.8512,0.5797,2.4972
70.8514,0.5762,2.4857
70.8516,0.5141,2.2198
70.8518,0.4952,2.1375
70.8520,0.5303,2.2865
70.8522,0.5767,2.4866
70.8524,0.5614,2.4232
70.8526,0.5045,2.1773
70.8528,0.4883,2.1055
70.8530,0.4849,2.092
70.8532,0.4922,2.1236
70.8534,0.505,2.1784
70.8536,0.5735,2.4754
70.8538,0.5099,2.1996
70.8540,0.4516,1.9518
70.8542,0.4009,1.7326
70.8544,0.3938,1.7012
70.8546,0.4041,1.7441
70.8548,0.4079,1.7583
70.8550,0.4928,2.1281
70.8552,0.4475,1.9324
70.8554,0.4621,1.9928
70.8556,0.5191,2.2394
70.8558,0.4677,2.0184
70.8560,0.4466,1.9291
70.8562,0.4297,1.8535
70.8564,0.4303,1.8578
70.8566,0.4371,1.8856
70.8568,0.4503,1.9425
70.8570,0.4847,2.0929
70.8572,0.4816,2.0785
70.8574,0.5238,2.2575
70.8576,0.5688,2.449
70.8578,0.6346,2.7287
70.8580,0.7005,3.0151
70.8582,0.682,2.9324
70.8584,0.7111,3.0534
70.8586,0.784,3.3712
70.8588,0.7202,3.0969
70.8590,0.7376,3.1746
70.8592,0.687,2.9554
70.8594,0.7071,3.0393
70.8596,0.7188,3.0907
70.8598,0.7363,3.163
70.8600,0.7503,3.2203
70.8602,0.8143,3.5016
70.8604,0.7421,3.1912
70.8606,0.7269,3.1243
70.8608,0.8152,3.4955
70.8610,0.8773,3.7724
70.8612,0.6984,3.003
70.8614,0.6855,2.9506
70.8616,0.6763,2.9122
70.8618,0.5829,2.5123
70.8620,0.5644,2.4316
70.8622,0.6036,2.6005
70.8624,0.6477,2.7888
70.8626,0.659,2.8365
70.8628,0.6383,2.7498
70.8630,0.5497,2.368
70.8632,0.6137,2.6402
70.8634,0.6203,2.6711
70.8636,0.5902,2.545
70.8638,0.5439,2.3465
70.8640,0.5352,2.3045
70.8642,0.5926,2.5565
70.8644,0.5051,2.1789
70.8646,0.4714,2.0345
70.8648,0.4727,2.0392
70.8650,0.471,2.032
70.8652,0.4657,2.0102
70.8654,0.4588,1.9801
70.8656,0.5076,2.1908
70.8658,0.4621,1.9937
70.8660,0.4727,2.0383
70.8662,0.5046,2.1738
70.8664,0.5238,2.2586
70.8666,0.5092,2.1945
70.8668,0.5156,2.2213
70.8670,0.5601,2.4152
70.8672,0.5156,2.2213
70.8674,0.5464,2.3519
70.8676,0.5903,2.5444
70.8678,0.5865,2.5266
70.8680,0.5492,2.366
70.8682,0.5186,2.2311
70.8684,0.6315,2.7153
70.8686,0.6625,2.8502
70.8688,0.6252,2.6947
70.8690,0.5271,2.2751
70.8692,0.4939,2.1308
70.8694,0.4833,2.0828
70.8696,0.4818,2.0766
70.8698,0.484,2.0869
70.8700,0.4835,2.0858
70.8702,0.4803,2.0699
70.8704,0.4847,2.089
70.8706,0.488,2.1054
70.8708,0.501,2.1593
70.8710,0.5293,2.2802
70.8712,0.5672,2.4412
70.8714,0.6267,2.6947
70.8716,0.5987,2.5781
70.8718,0.5901,2.5386
70.8720,0.6786,2.9152
70.8722,0.7302,3.1382
70.8724,0.7238,3.1138
70.8726,0.7183,3.0858
70.8728,0.7457,3.2037
70.8730,0.7519,3.23
70.8732,0.8449,3.6179
70.8734,0.9275,3.9773
70.8736,0.9233,3.9537
70.8738,0.9677,4.1418
70.8740,0.9839,4.213
70.8742,0.9781,4.1962
70.8744,0.9119,3.9104
70.8746,0.8893,3.8115
70.8748,0.8982,3.8459
70.8750,0.9429,4.0412
70.8752,0.9149,3.9251
70.8754,0.8664,3.7185
70.8756,0.873,3.7416
70.8758,0.8856,3.8026
70.8760,0.8298,3.5648
70.8762,0.7958,3.4138
70.8764,0.8292,3.5556
70.8766,0.8393,3.6022
70.8768,0.833,3.5721
70.8770,0.8919,3.8299
70.8772,0.8437,3.6246
70.8774,0.8199,3.5188
70.8776,0.8209,3.5267
70.8778,0.8026,3.4431
70.8780,0.9089,3.8958
70.8782,0.9248,3.9654
70.8784,0.9374,4.0194
70.8786,0.9049,3.8765
70.8788,0.9476,4.0631
70.8790,0.8976,3.8559
70.8792,0.8482,3.642
70.8794,0.8697,3.7346
70.8796,0.8285,3.5592
70.8798,0.81,3.4815
70.8800,0.7945,3.415
70.8802,0.8322,3.5751
70.8804,0.8393,3.6106
70.8806,0.7248,3.1179
70.8808,0.7037,3.0257
70.8810,0.7522,3.2376
70.8812,0.7365,3.1655
70.8814,0.7396,3.1819
70.8816,0.6866,2.9539
70.8818,0.7246,3.116
70.8820,0.8041,3.4546
70.8822,0.8058,3.4683
70.8824,0.6843,2.9482
70.8826,0.6171,2.6571
70.8828,0.6515,2.804
70.8830,0.7111,3.0577
70.8832,0.6815,2.9358
70.8834,0.663,2.8589
70.8836,0.627,2.7012
70.8838,0.6662,2.8675
70.8840,0.6706,2.8861
70.8842,0.6463,2.7844
70.8844,0.6014,2.5883
70.8846,0.6545,2.8195
70.8848,0.592,2.5516
70.8850,0.5641,2.4334
70.8852,0.5584,2.4091
70.8854,0.5698,2.4571
70.8856,0.5735,2.4708
70.8858,0.6004,2.5902
70.8860,0.5225,2.256
70.8862,0.4798,2.0698
70.8864,0.508,2.1893
70.8866,0.6034,2.5983
70.8868,0.6329,2.7278
70.8870,0.6471,2.7836
70.8872,0.6814,2.9325
70.8874,0.6918,2.9774
70.8876,0.6662,2.8662
70.8878,0.6773,2.915
70.8880,0.6848,2.9489
70.8882,0.5932,2.5591
70.8884,0.5364,2.315
70.8886,0.5336,2.301
70.8888,0.5435,2.3412
70.8890,0.6331,2.7263
70.8892,0.6485,2.7963
70.8894,0.5631,2.4282
70.8896,0.5317,2.2906
70.8898,0.5347,2.3067
70.8900,0.5275,2.2756
70.8902,0.5265,2.2715
70.8904,0.5241,2.2601
70.8906,0.5225,2.2539
70.8908,0.5298,2.2844
70.8910,0.5267,2.272
70.8912,0.5394,2.3225
70.8914,0.6173,2.6569
70.8916,0.6523,2.8102
70.8918,0.5888,2.5353
70.8920,0.5859,2.5264
70.8922,0.5685,2.4503
70.8924,0.568,2.4482
70.8926,0.5655,2.4362
70.8928,0.5741,2.4723
70.8930,0.6129,2.6378
70.8932,0.6992,3.0038
70.8934,0.7244,3.1178
70.8936,0.7195,3.0952
70.8938,0.7408,3.1826
70.8940,0.7826,3.365
70.8942,0.6558,2.8239
70.8944,0.6251,2.693
70.8946,0.6208,2.6719
70.8948,0.6153,2.6482
70.8950,0.6111,2.6338
70.8952,0.6102,2.6314
70.8954,0.6053,2.6041
70.8956,0.6714,2.8857
70.8958,0.7207,3.0975
70.8960,0.7576,3.2547
70.8962,0.7483,3.219
70.8964,0.6809,2.9237
70.8966,0.7853,3.3722
70.8968,0.696,2.9969
70.8970,0.6722,2.8893
70.8972,0.7082,3.0453
70.8974,0.7304,3.1422
70.8976,0.7122,3.0609
70.8978,0.7257,3.1206
70.8980,0.7252,3.1113
70.8982,0.7737,3.3299
70.8984,0.6996,3.0096
70.8986,0.7049,3.0309
70.8988,0.7019,3.0194
70.8990,0.7009,3.0167
70.8992,0.6516,2.8032
70.8994,0.6606,2.8419
70.8996,0.7414,3.1867
70.8998,0.8041,3.4578
70.9000,0.7246,3.116
70.9002,0.6883,2.9625
70.9004,0.6985,3.0091
70.9006,0.6738,2.8973
70.9008,0.7424,3.1893
70.9010,0.8047,3.4588
70.9012,0.7028,3.0249
70.9014,0.7108,3.0581
70.9016,0.7081,3.0434
70.9018,0.718,3.089
70.9020,0.7077,3.0447
70.9022,0.726,3.1202
70.9024,0.7364,3.168
70.9026,0.6354,2.7374
70.9028,0.5786,2.4925
70.9030,0.6119,2.6362
70.9032,0.6059,2.6127
70.9034,0.5614,2.4198
70.9036,0.5616,2.4214
70.9038,0.5618,2.4213
70.9040,0.5756,2.4785
70.9042,0.6132,2.6406
70.9044,0.6453,2.7759
70.9046,0.6956,2.9926
70.9048,0.6547,2.818
70.9050,0.6629,2.8517
70.9052,0.7561,3.2495
70.9054,0.7841,3.367
70.9056,0.8056,3.4576
70.9058,0.8309,3.5662
70.9060,0.8592,3.6859
70.9062,0.8717,3.7377
70.9064,0.9323,3.996
70.9066,0.9659,4.136
70.9068,1.0757,4.6021
70.9070,1.1088,4.7414
70.9072,1.0957,4.6872
70.9074,1.1213,4.7947
70.9076,1.1299,4.8362
70.9078,1.0363,4.4457
70.9080,0.9608,4.1216
70.9082,0.9519,4.0817
70.9084,0.9563,4.0988
70.9086,0.987,4.2323
70.9088,0.9677,4.1457
70.9090,0.9736,4.1728
70.9092,0.975,4.1789
70.9094,0.943,4.0455
70.9096,0.973,4.1741
70.9098,0.9346,4.0151
70.9100,0.837,3.5991
70.9102,0.8153,3.5009
70.9104,0.8655,3.7114
70.9106,0.9406,4.0408
70.9108,0.8246,3.5493
70.9110,0.7663,3.2964
70.9112,0.7749,3.3305
70.9114,0.8483,3.6476
70.9116,0.7894,3.3912
70.9118,0.8034,3.4531
70.9120,0.814,3.4985
70.9122,0.7571,3.2587
70.9124,0.757,3.2582
70.9126,0.7455,3.2087
70.9128,0.7192,3.0956
70.9130,0.7245,3.1212
70.9132,0.6827,2.9396
70.9134,0.6782,2.9232
70.9136,0.6341,2.7279
70.9138,0.663,2.8589
70.9140,0.5725,2.4742
70.9142,0.4713,2.034
70.9144,0.4789,2.0652
70.9146,0.5476,2.3625
70.9148,0.5161,2.2296
70.9150,0.4869,2.1022
70.9152,0.5099,2.1996
70.9154,0.5602,2.4124
70.9156,0.5852,2.521
70.9158,0.5893,2.5385
70.9160,0.6092,2.6279
70.9162,0.5811,2.5046
70.9164,0.6119,2.6337
70.9166,0.6811,2.9329
70.9168,0.5921,2.5533
70.9170,0.5698,2.456
70.9172,0.5995,2.586
70.9174,0.5391,2.3258
70.9176,0.5337,2.3047
70.9178,0.5411,2.3341
70.9180,0.6179,2.6608
70.9182,0.6238,2.6885
70.9184,0.6353,2.7356
70.9186,0.6688,2.881
70.9188,0.642,2.7633
70.9190,0.6403,2.7637
70.9192,0.571,2.4657
70.9194,0.5199,2.241
70.9196,0.5849,2.5176
70.9198,0.6575,2.8338
70.9200,0.5712,2.4605
70.9202,0.6636,2.8535
70.9204,0.6881,2.9601
70.9206,0.6583,2.8387
70.9208,0.5894,2.5402
70.9210,0.6147,2.6493
70.9212,0.6141,2.6491
70.9214,0.5096,2.2006
70.9216,0.4783,2.0655
70.9218,0.4812,2.0779
70.9220,0.469,2.0251
70.9222,0.4647,2.0055
70.9224,0.4693,2.0266
70.9226,0.4698,2.0287
70.9228,0.4757,2.0512
70.9230,0.5487,2.365
70.9232,0.5203,2.2467
70.9234,0.4518,1.9492
70.9236,0.4474,1.931
70.9238,0.4412,1.9049
70.9240,0.4644,2.0035
70.9242,0.5214,2.2472
70.9244,0.5562,2.3993
70.9246,0.5455,2.3521
70.9248,0.5577,2.4049
70.9250,0.5538,2.3867
70.9252,0.5455,2.3511
70.9254,0.5538,2.3856
70.9256,0.5541,2.3883
70.9258,0.5548,2.3925
70.9260,0.5584,2.4058
70.9262,0.569,2.4501
70.9264,0.6399,2.7552
70.9266,0.655,2.8151
70.9268,0.7409,3.1831
70.9270,0.7473,3.2119
70.9272,0.7279,3.127
70.9274,0.7196,3.0943
70.9276,0.6722,2.8987
70.9278,0.5484,2.3657
70.9280,0.5303,2.2865
70.9282,0.5279,2.2761
70.9284,0.5303,2.2875
70.9286,0.5327,2.2947
70.9288,0.5712,2.4594
70.9290,0.608,2.6167
70.9292,0.6433,2.7676
70.9294,0.7021,3.019
70.9296,0.7377,3.1722
70.9298,0.6817,2.9395
70.9300,0.5738,2.4742
70.9302,0.5366,2.3117
70.9304,0.5582,2.4047
70.9306,0.578,2.4911
70.9308,0.5837,2.5159
70.9310,0.5053,2.1799
70.9312,0.4707,2.0295
70.9314,0.511,2.2053
70.9316,0.5036,2.1697
70.9318,0.5249,2.2643
70.9320,0.516,2.2229
70.9322,0.5456,2.3516
70.9324,0.5172,2.2291
70.9326,0.5168,2.2286
70.9328,0.5343,2.3019
70.9330,0.6189,2.6636
70.9332,0.6074,2.619
70.9334,0.5167,2.2291
70.9336,0.4958,2.1381
70.9338,0.4982,2.1474
70.9340,0.5035,2.1702
70.9342,0.5132,2.2131
70.9344,0.5038,2.1722
70.9346,0.5346,2.304
70.9348,0.5484,2.3635
70.9350,0.4949,2.1349
70.9352,0.4861,2.0962
70.9354,0.4816,2.0756
70.9356,0.4854,2.095
70.9358,0.4767,2.0563
70.9360,0.4727,2.0383
70.9362,0.4722,2.0353
70.9364,0.4777,2.06
70.9366,0.4872,2.0989
70.9368,0.5502,2.3668
70.9370,0.6107,2.6273
70.9372,0.6039,2.6003
70.9374,0.6196,2.6655
70.9376,0.6599,2.8349
70.9378,0.6883,2.9528
70.9380,0.8038,3.4514
70.9382,0.8073,3.4648
70.9384,0.8176,3.5058
70.9386,0.837,3.5924
70.9388,0.8449,3.623
70.9390,0.8529,3.6557
70.9392,0.8502,3.6439
70.9394,0.8611,3.6959
70.9396,0.8657,3.7119
70.9398,0.9135,3.9171
70.9400,0.9111,3.905
70.9402,0.9745,4.1691
70.9404,1.0997,4.7047
70.9406,1.0941,4.6805
70.9408,1.1128,4.7583
70.9410,1.1303,4.8355
70.9412,1.1294,4.8291
70.9414,1.1554,4.9473
70.9416,0.9988,4.2787
70.9418,0.9938,4.2596
70.9420,0.9753,4.178
70.9422,0.9855,4.2256
70.9424,0.9855,4.2237
70.9426,0.9161,3.9339
70.9428,0.8359,3.5878
70.9430,0.8207,3.5241
70.9432,0.8599,3.689
70.9434,0.8726,3.7487
70.9436,0.8298,3.5665
70.9438,0.8171,3.5119
70.9440,0.8092,3.4762
70.9442,0.8149,3.5026
70.9444,0.8652,3.7203
70.9446,0.793,3.4067
70.9448,0.7859,3.3763
70.9450,0.7794,3.3485
70.9452,0.7871,3.383
70.9454,0.8038,3.4498
70.9456,0.9217,3.9594
70.9458,0.8866,3.8055
70.9460,0.8625,3.7055
70.9462,0.8799,3.7784
70.9464,0.7968,3.4296
70.9466,0.671,2.8908
70.9468,0.6312,2.7193
70.9470,0.7063,3.0399
70.9472,0.7599,3.2675
70.9474,0.7628,3.2784
70.9476,0.7528,3.2401
70.9478,0.686,2.9582
70.9480,0.5893,2.5373
70.9482,0.6317,2.7189
70.9484,0.6861,2.9532
70.9486,0.7438,3.2014
70.9488,0.7093,3.0528
70.9490,0.6736,2.9003
70.9492,0.6604,2.8435
70.9494,0.6289,2.7108
70.9496,0.5679,2.4477
70.9498,0.5678,2.4472
70.9500,0.6328,2.7235
70.9502,0.6144,2.6482
70.9504,0.5647,2.4349
70.9506,0.5558,2.3977
70.9508,0.5801,2.5004
70.9510,0.5852,2.5221
70.9512,0.5715,2.4632
70.9514,0.5897,2.5406
70.9516,0.6413,2.7602
70.9518,0.5969,2.5776
70.9520,0.5008,2.1613
70.9522,0.4919,2.122
70.9524,0.5556,2.3911
70.9526,0.6295,2.7108
70.9528,0.6066,2.6159
70.9530,0.5424,2.3365
70.9532,0.5382,2.3195
70.9534,0.5261,2.2705
70.9536,0.5167,2.2291
70.9538,0.5132,2.212
70.9540,0.5173,2.2317
70.9542,0.5273,2.2757
70.9544,0.5274,2.2741
70.9546,0.5481,2.3624
70.9548,0.5219,2.2503
70.9550,0.5245,2.2627
70.9552,0.5514,2.3775
70.9554,0.5359,2.3108
70.9556,0.5288,2.2782
70.9558,0.5799,2.4971
70.9560,0.6232,2.6835
70.9562,0.5786,2.4937
70.9564,0.5532,2.3819
70.9566,0.607,2.6125
70.9568,0.6311,2.7163
70.9570,0.6533,2.8105
70.9572,0.7039,3.0282
70.9574,0.7426,3.1933
70.9576,0.6803,2.9293
70.9578,0.6812,2.9293
70.9580,0.746,3.2018
70.9582,0.7684,3.3042
70.9584,0.7232,3.1141
70.9586,0.6595,2.8399
70.9588,0.7023,3.0144
70.9590,0.8169,3.5076
70.9592,0.8478,3.637
70.9594,0.854,3.6655
70.9596,0.836,3.5916
70.9598,0.8446,3.6265
70.9600,0.8209,3.5234
70.9602,0.8122,3.494
70.9604,0.7338,3.1581
70.9606,0.686,2.9513
70.9608,0.6903,2.9685
70.9610,0.705,3.0314
70.9612,0.7827,3.3624
70.9614,0.7423,3.1903
70.9616,0.7202,3.094
70.9618,0.7998,3.4361
70.9620,0.8341,3.5834
70.9622,0.7828,3.3629
70.9624,0.7923,3.402
70.9626,0.8002,3.4408
70.9628,0.6373,2.7495
70.9630,0.548,2.3608
70.9632,0.5941,2.558
70.9634,0.6059,2.6127
70.9636,0.5797,2.4984
70.9638,0.5804,2.4991
70.9640,0.6218,2.6785
70.9642,0.6134,2.6399
70.9644,0.6353,2.7369
70.9646,0.5641,2.4312
70.9648,0.5556,2.3967
70.9650,0.5444,2.3486
70.9652,0.524,2.2596
70.9654,0.5257,2.2668
70.9656,0.5613,2.417
70.9658,0.661,2.8435
70.9660,0.6364,2.7415
70.9662,0.5009,2.1628
70.9664,0.4136,1.7875
70.9666,0.4175,1.8046
70.9668,0.4083,1.7631
70.9670,0.4602,1.9854
70.9672,0.5417,2.3356
70.9674,0.5131,2.2136
70.9676,0.4914,2.1189
70.9678,0.4961,2.1391
70.9680,0.5626,2.4272
70.9682,0.5317,2.2948
70.9684,0.4934,2.1277
70.9686,0.4896,2.1112
70.9688,0.4933,2.1252
70.9690,0.5665,2.4438
70.9692,0.5136,2.2156
70.9694,0.4822,2.0801
70.9696,0.4812,2.075
70.9698,0.4892,2.1077
70.9700,0.5257,2.2689
70.9702,0.5112,2.2043
70.9704,0.5478,2.3587
70.9706,0.5801,2.4958
70.9708,0.6197,2.6685
70.9710,0.5906,2.5407
70.9712,0.6668,2.8674
70.9714,0.7034,3.0247
70.9716,0.7129,3.0654
70.9718,0.719,3.0888
70.9720,0.7726,3.3191
70.9722,0.789,3.3897
70.9724,0.8219,3.5177
70.9726,0.9847,4.2147
70.9728,0.9886,4.235
70.9730,0.9983,4.2727
70.9732,1.0066,4.3081
70.9734,0.9934,4.2556
70.9736,0.9805,4.2065
70.9738,0.9489,4.0707
70.9740,0.9302,3.9849
70.9742,0.9441,4.0482
70.9744,0.9411,4.0335
70.9746,0.962,4.1229
70.9748,0.9738,4.1738
70.9750,0.9634,4.1291
70.9752,0.951,4.08
70.9754,0.9485,4.0692
70.9756,0.9223,3.951
70.9758,0.9893,4.2401
70.9760,0.9732,4.1654
70.9762,1.0311,4.4215
70.9764,0.9804,4.206
70.9766,0.9895,4.2431
70.9768,0.9925,4.256
70.9770,0.9358,4.0184
70.9772,0.8729,3.7463
70.9774,0.8587,3.6873
70.9776,0.8821,3.7877
70.9778,0.8972,3.8526
70.9780,0.938,4.0258
70.9782,0.9341,4.0055
70.9784,0.9364,4.0172
70.9786,0.942,4.0395
70.9788,0.9802,4.203
70.9790,0.9562,4.1021
70.9792,0.8669,3.7344
70.9794,0.6937,2.9885
70.9796,0.6832,2.9403
70.9798,0.7418,3.1882
70.9800,0.8464,3.6309
70.9802,0.8664,3.7185
70.9804,0.8395,3.6116
70.9806,0.7463,3.2123
70.9808,0.7505,3.2288
70.9810,0.7802,3.3531
70.9812,0.8441,3.6346
70.9814,0.7433,3.2009
70.9816,0.6986,3.0083
70.9818,0.654,2.8175
70.9820,0.663,2.8536
70.9822,0.7382,3.1757
70.9824,0.734,3.1606
70.9826,0.6336,2.7335
70.9828,0.5979,2.5769
70.9830,0.6104,2.6331
70.9832,0.522,2.2518
70.9834,0.5592,2.4111
70.9836,0.6167,2.6593
70.9838,0.5596,2.4098
70.9840,0.6313,2.7236
70.9842,0.5322,2.2969
70.9844,0.5473,2.3643
70.9846,0.4846,2.0904
70.9848,0.5546,2.3926
70.9850,0.5295,2.2844
70.9852,0.4901,2.1152
70.9854,0.5009,2.1618
70.9856,0.5324,2.2947
70.9858,0.5918,2.5517
70.9860,0.4951,2.1389
70.9862,0.4215,1.8226
70.9864,0.4003,1.73
70.9866,0.4041,1.7458
70.9868,0.4171,1.7992
70.9870,0.4621,1.9965
70.9872,0.4726,2.0387
70.9874,0.5021,2.167
70.9876,0.4512,1.9466
70.9878,0.4476,1.9338
70.9880,0.447,1.9312
70.9882,0.4466,1.9291
70.9884,0.4437,1.914
70.9886,0.4452,1.9226
70.9888,0.4492,1.9396
70.9890,0.449,1.9377
70.9892,0.4484,1.936
70.9894,0.4476,1.932
70.9896,0.449,1.9377
70.9898,0.4493,1.9411
70.9900,0.4496,1.9412
70.9902,0.4866,2.0973
70.9904,0.5518,2.3762
70.9906,0.5883,2.5344
70.9908,0.5523,2.3816
70.9910,0.5658,2.4373
70.9912,0.5706,2.4557
70.9914,0.6036,2.6029
70.9916,0.5691,2.4517
70.9918,0.6158,2.649
70.9920,0.6525,2.8082
70.9922,0.6347,2.728
70.9924,0.7352,3.1599
70.9926,0.7106,3.0528
70.9928,0.7305,3.1427
70.9930,0.721,3.1063
70.9932,0.624,2.6908
70.9934,0.5508,2.3738
70.9936,0.5425,2.3392
70.9938,0.5412,2.3346
70.9940,0.53,2.2854
70.9942,0.5234,2.257
70.9944,0.5226,2.2503
70.9946,0.5631,2.4282
70.9948,0.5411,2.3309
70.9950,0.5877,2.5318
70.9952,0.6318,2.7194
70.9954,0.6574,2.8267
70.9956,0.6533,2.8118
70.9958,0.6477,2.7901
70.9960,0.6413,2.7589
70.9962,0.6513,2.8017
70.9964,0.6396,2.7542
70.9966,0.6543,2.8159
70.9968,0.6706,2.8874
70.9970,0.6096,2.6239
70.9972,0.595,2.5609
70.9974,0.6515,2.804
70.9976,0.643,2.7661
70.9978,0.6291,2.7063
70.9980,0.6679,2.8761
70.9982,0.6442,2.7738
70.9984,0.656,2.8263
70.9986,0.5984,2.5754
70.9988,0.5993,2.5807
70.9990,0.6245,2.6879
70.9992,0.6419,2.7602
70.9994,0.6714,2.891
70.9996,0.6583,2.8321
70.9998,0.6815,2.9331
71.0000,0.6785,2.9161
71.0002,0.6805,2.9289
71.0004,0.6624,2.847
71.0006,0.6909,2.9752
71.0008,0.6358,2.7377
71.0010,0.6291,2.705
71.0012,0.6303,2.7152
71.0014,0.6262,2.6951
71.0016,0.6465,2.7862
71.0018,0.5774,2.4885
71.0020,0.5366,2.3128
71.0022,0.5703,2.4592
71.0024,0.5359,2.3108
71.0026,0.4976,2.1448
71.0028,0.4957,2.1376
71.0030,0.4979,2.1479
71.0032,0.5003,2.1572
71.0034,0.4963,2.1401
71.0036,0.5072,2.1852
71.0038,0.5419,2.3334
71.0040,0.5941,2.5568
71.0042,0.6002,2.5855
71.0044,0.5652,2.4336
71.0046,0.5857,2.5172
71.0048,0.7033,3.0228
71.0050,0.7167,3.0819
71.0052,0.7093,3.0485
71.0054,0.7557,3.2419
71.0056,0.8045,3.4513
71.0058,0.8498,3.6407
71.0060,0.9659,4.1379
71.0062,0.967,4.1426
71.0064,0.9715,4.1602
71.0066,0.947,4.0644
71.0068,0.9043,3.8793
71.0070,0.8901,3.8168
71.0072,0.8784,3.7717
71.0074,0.8472,3.6345
71.0076,0.923,3.954
71.0078,0.9778,4.1927
71.0080,0.922,3.9591
71.0082,0.8851,3.7917
71.0084,0.9681,4.1491
71.0086,0.9612,4.1237
71.0088,0.9129,3.92
71.0090,0.8845,3.7909
71.0092,0.9556,4.0957
71.0094,0.9703,4.1628
71.0096,0.8693,3.7361
71.0098,0.8288,3.5607
71.0100,0.8418,3.6113
71.0102,0.8774,3.7694
71.0104,0.7571,3.2527
71.0106,0.7923,3.402
71.0108,0.8627,3.7008
71.0110,0.8422,3.623
71.0112,0.7784,3.3485
71.0114,0.7973,3.422
71.0116,0.9215,3.9534
71.0118,0.9082,3.8999
71.0120,0.8705,3.736
71.0122,0.9233,3.9704
71.0124,0.7762,3.3377
71.0126,0.736,3.1649
71.0128,0.7442,3.2015
71.0130,0.7393,3.1774
71.0132,0.7752,3.3335
71.0134,0.7142,3.0725
71.0136,0.7291,3.1379
71.0138,0.6943,2.9911
71.0140,0.6168,2.6561
71.0142,0.6641,2.8595
71.0144,0.7027,3.0272
71.0146,0.6745,2.9018
71.0148,0.7056,3.0382
71.0150,0.6485,2.7924
71.0152,0.6299,2.7111
71.0154,0.6947,2.9884
71.0156,0.73,3.1421
71.0158,0.7022,3.028
71.0160,0.619,2.6703
71.0162,0.5571,2.4012
71.0164,0.5652,2.4369
71.0166,0.5901,2.5421
71.0168,0.6166,2.6526
71.0170,0.6785,2.9188
71.0172,0.7007,3.0156
71.0174,0.6764,2.9141
71.0176,0.6745,2.9072
71.0178,0.622,2.6796
71.0180,0.6534,2.8123
71.0182,0.6871,2.9573
71.0184,0.6522,2.8071
71.0186,0.6791,2.9187
71.0188,0.76,3.2681
71.0190,0.7034,3.0261
71.0192,0.7143,3.0745
71.0194,0.69,2.9697
71.0196,0.6694,2.8823
71.0198,0.6457,2.778
71.0200,0.6676,2.8732
71.0202,0.6872,2.9551
71.0204,0.7033,3.034
71.0206,0.6147,2.6505
71.0208,0.5869,2.5294
71.0210,0.5493,2.3698
71.0212,0.5304,2.2902
71.0214,0.5335,2.2983
71.0216,0.5737,2.4737
71.0218,0.5346,2.3051
71.0220,0.5752,2.4758
71.0222,0.5941,2.5639
71.0224,0.5376,2.3191
71.0226,0.5429,2.3408
71.0228,0.5443,2.3459
71.0230,0.5385,2.3211
71.0232,0.6038,2.5998
71.0234,0.6405,2.7578
71.0236,0.6429,2.7682
71.0238,0.6583,2.8334
71.0240,0.7115,3.0607
71.0242,0.6572,2.8314
71.0244,0.6309,2.7178
71.0246,0.6433,2.7664
71.0248,0.7336,3.1488
71.0250,0.7754,3.3372
71.0252,0.7242,3.1139
71.0254,0.7734,3.3243
71.0256,0.7423,3.1977
71.0258,0.6345,2.7345
71.0260,0.6214,2.677
71.0262,0.6104,2.6294
71.0264,0.6039,2.6015
71.0266,0.607,2.615
71.0268,0.6128,2.6398
71.0270,0.6116,2.6346
71.0272,0.6087,2.6234
71.0274,0.6098,2.6269
71.0276,0.609,2.6225
71.0278,0.6653,2.8634
71.0280,0.7155,3.0768
71.0282,0.745,3.2021
71.0284,0.7212,3.0981
71.0286,0.7224,3.109
71.0288,0.6495,2.7952
71.0290,0.7019,3.0208
71.0292,0.7415,3.1901
71.0294,0.7044,3.0316
71.0296,0.6319,2.7199
71.0298,0.6336,2.7322
71.0300,0.5854,2.522
71.0302,0.5843,2.5162
71.0304,0.6395,2.7524
71.0306,0.6218,2.676
71.0308,0.6359,2.7369
71.0310,0.648,2.7942
71.0312,0.5834,2.5167
71.0314,0.4972,2.1438
71.0316,0.4997,2.1546
71.0318,0.5024,2.1665
71.0320,0.5478,2.3609
71.0322,0.5636,2.4291
71.0324,0.5974,2.5725
71.0326,0.5486,2.3689
71.0328,0.4283,1.8495
71.0330,0.4139,1.7874
71.0332,0.4223,1.8203
71.0334,0.5269,2.272
71.0336,0.525,2.2637
71.0338,0.5057,2.1795
71.0340,0.5113,2.2038
71.0342,0.5522,2.38
71.0344,0.522,2.2508
71.0346,0.4836,2.0853
71.0348,0.4876,2.1034
71.0350,0.5063,2.1821
71.0352,0.5017,2.1624
71.0354,0.4931,2.1252
71.0356,0.489,2.1096
71.0358,0.5012,2.1623
71.0360,0.5026,2.166
71.0362,0.5393,2.322
71.0364,0.5882,2.5327
71.0366,0.6068,2.6127
71.0368,0.628,2.7016
71.0370,0.66,2.838
71.0372,0.6998,3.0064
71.0374,0.7537,3.2392
71.0376,0.7025,3.022
71.0378,0.7194,3.0889
71.0380,0.833,3.5754
71.0382,0.8341,3.5801
71.0384,0.786,3.3752
71.0386,0.8023,3.4437
71.0388,0.8558,3.6698
71.0390,0.8832,3.7853
71.0392,0.9375,4.0124
71.0394,1.0399,4.457
71.0396,1.0117,4.3322
71.0398,0.9898,4.2402
71.0400,0.992,4.2499
71.0402,0.9906,4.2438
71.0404,0.9193,3.9418
71.0406,0.8628,3.7065
71.0408,0.8555,3.67
71.0410,0.8792,3.7736
71.0412,0.9195,3.9428
71.0414,0.9374,4.0157
71.0416,0.9948,4.2618
71.0418,0.9536,4.085
71.0420,0.9718,4.1631
71.0422,0.9998,4.2873
71.0424,0.9997,4.2788
71.0426,1.0946,4.6804
71.0428,1.0762,4.6127
71.0430,1.0039,4.3008
71.0432,0.9536,4.0908
71.0434,0.8952,3.8366
71.0436,0.956,4.101
71.0438,0.896,3.8564
71.0440,0.7543,3.2433
71.0442,0.7883,3.3866
71.0444,0.7678,3.3
71.0446,0.728,3.1333
71.0448,0.7298,3.1367
71.0450,0.7956,3.4164
71.0452,0.8075,3.4723
71.0454,0.7461,3.2127
71.0456,0.74,3.1864
71.0458,0.7131,3.0665
71.0460,0.7338,3.161
71.0462,0.6824,2.9385
71.0464,0.6471,2.7862
71.0466,0.6448,2.779
71.0468,0.5812,2.5051
71.0470,0.5889,2.5358
71.0472,0.6571,2.8283
71.0474,0.6617,2.8519
71.0476,0.6305,2.7175
71.0478,0.6222,2.6818
71.0480,0.62,2.6695
71.0482,0.6611,2.8493
71.0484,0.5464,2.3585
71.0486,0.5235,2.2607
71.0488,0.5234,2.2581
71.0490,0.508,2.1934
71.0492,0.4335,1.8727
71.0494,0.4783,2.0635
71.0496,0.5562,2.3982
71.0498,0.5697,2.4532
71.0500,0.6024,2.5953
71.0502,0.6137,2.6488
71.0504,0.5104,2.2037
71.0506,0.5235,2.2554
71.0508,0.5842,2.518
71.0510,0.6014,2.5919
71.0512,0.5875,2.5296
71.0514,0.6138,2.6407
71.0516,0.6486,2.7968
71.0518,0.5593,2.4094
71.0520,0.6348,2.7348
71.0522,0.5764,2.489
71.0524,0.4879,2.1059
71.0526,0.5331,2.2978
71.0528,0.5486,2.3656
71.0530,0.5006,2.1588
71.0532,0.4933,2.1292
71.0534,0.486,2.0967
71.0536,0.4952,2.1355
71.0538,0.5012,2.1623
71.0540,0.5166,2.2286
71.0542,0.6024,2.5978
71.0544,0.4885,2.1104
71.0546,0.4151,1.7934
71.0548,0.419,1.8075
71.0550,0.4683,2.021
71.0552,0.4667,2.0143
71.0554,0.4668,2.0148
71.0556,0.4631,1.9978
71.0558,0.4722,2.0372
71.0560,0.4991,2.153
71.0562,0.5456,2.3505
71.0564,0.5607,2.4145
71.0566,0.6224,2.6749
71.0568,0.7191,3.0951
71.0570,0.6555,2.8211
71.0572,0.6301,2.7122
71.0574,0.6188,2.6644
71.0576,0.6282,2.7052
71.0578,0.6318,2.7181
71.0580,0.6453,2.7707
71.0582,0.7908,3.3879
71.0584,0.9491,4.0679
71.0586,0.9434,4.047
71.0588,0.9301,3.9862
71.0590,0.8523,3.6668
71.0592,0.7115,3.0607
71.0594,0.6979,3.0024
71.0596,0.7061,3.0318
71.0598,0.8061,3.458
71.0600,0.8449,3.6213
71.0602,0.8302,3.5664
71.0604,0.8297,3.561
71.0606,0.9172,3.9386
71.0608,0.8304,3.5724
71.0610,0.7206,3.0999
71.0612,0.7002,3.0094
71.0614,0.7415,3.1842
71.0616,0.8266,3.5427
71.0618,0.8739,3.7474
71.0620,0.8971,3.8556
71.0622,0.7684,3.3118
71.0624,0.6226,2.6796
71.0626,0.6063,2.6131
71.0628,0.5927,2.5571
71.0630,0.5128,2.212
71.0632,0.4963,2.1401
71.0634,0.5267,2.272
71.0636,0.5309,2.2912
71.0638,0.5086,2.1929
71.0640,0.5452,2.3489
71.0642,0.5704,2.4586
71.0644,0.5806,2.5037
71.0646,0.5782,2.4921
71.0648,0.5776,2.4884
71.0650,0.5535,2.3857
71.0652,0.5586,2.4085
71.0654,0.5333,2.2973
71.0656,0.5765,2.4849
71.0658,0.5945,2.5624
71.0660,0.6152,2.6427
71.0662,0.7055,3.0335
71.0664,0.6836,2.9423
71.0666,0.689,2.9587
71.0668,0.7767,3.3351
71.0670,0.7194,3.0961
71.0672,0.6833,2.9394
71.0674,0.7448,3.1966
71.0676,0.8007,3.4397
71.0678,0.7675,3.297
71.0680,0.7281,3.1324
71.0682,0.7185,3.0925
71.0684,0.6933,2.98
71.0686,0.7697,3.3114
71.0688,0.7148,3.078
71.0690,0.6505,2.8012
71.0692,0.5788,2.4947
71.0694,0.5885,2.5366
71.0696,0.5787,2.4919
71.0698,0.5833,2.5127
71.0700,0.5953,2.562
71.0702,0.6176,2.6567
71.0704,0.6547,2.8193
71.0706,0.7052,3.0352
71.0708,0.7086,3.0454
71.0710,0.7166,3.08
71.0712,0.7938,3.4071
71.0714,0.8509,3.6521
71.0716,0.8203,3.5159
71.0718,0.8658,3.7142
71.0720,0.9067,3.8842
71.0722,0.9804,4.1962
71.0724,1.0109,4.3306
71.0726,1.0043,4.3023
71.0728,1.0133,4.3368
71.0730,1.053,4.5025
71.0732,1.0751,4.6059
71.0734,0.9611,4.1212
71.0736,0.9209,3.96
71.0738,0.8454,3.625
71.0740,0.9446,4.0541
71.0742,0.9123,3.9156
71.0744,0.9036,3.8762
71.0746,0.889,3.8176
71.0748,0.885,3.8
71.0750,0.8565,3.678
71.0752,0.8531,3.6665
71.0754,0.8929,3.8305
71.0756,0.9719,4.1656
71.0758,0.9525,4.088
71.0760,0.8654,3.7127
71.0762,0.8878,3.8124
71.0764,0.9125,3.9148
71.0766,0.9612,4.1218
71.0768,0.9745,4.1788
71.0770,0.9642,4.1385
71.0772,0.9171,3.9362
71.0774,0.893,3.8363
71.0776,0.8894,3.8155
71.0778,0.8869,3.8083
71.0780,0.8781,3.7672
71.0782,0.9178,3.9393
71.0784,0.9211,3.9587
71.0786,0.8178,3.515
71.0788,0.8002,3.4456
71.0790,0.7015,3.0178
71.0792,0.6823,2.9408
71.0794,0.6571,2.8309
71.0796,0.6737,2.9022
71.0798,0.6684,2.8821
71.0800,0.6619,2.8476
71.0802,0.726,3.1245
71.0804,0.7051,3.0361
71.0806,0.7256,3.123
71.0808,0.7195,3.0923
71.0810,0.7552,3.2535
71.0812,0.6364,2.7428
71.0814,0.6624,2.855
71.0816,0.6546,2.8188
71.0818,0.679,2.9222
71.0820,0.6698,2.887
71.0822,0.6347,2.7368
71.0824,0.5753,2.4786
71.0826,0.5971,2.5745
71.0828,0.566,2.4417
71.0830,0.6128,2.641
71.0832,0.6638,2.8585
71.0834,0.6751,2.907
71.0836,0.6932,2.9822
71.0838,0.673,2.8964
71.0840,0.6562,2.8281
71.0842,0.6316,2.7247
71.0844,0.5926,2.5554
71.0846,0.5881,2.5357
71.0848,0.5794,2.4985
71.0850,0.62,2.6695
71.0852,0.7008,3.0161
71.0854,0.6355,2.7405
71.0856,0.5775,2.4902
71.0858,0.5606,2.4184
71.0860,0.5526,2.3849
71.0862,0.5608,2.4195
71.0864,0.5701,2.4559
71.0866,0.6093,2.6248
71.0868,0.6028,2.6029
71.0870,0.4873,2.1043
71.0872,0.4794,2.0701
71.0874,0.4985,2.1485
71.0876,0.5343,2.3041
71.0878,0.5241,2.2622
71.0880,0.5216,2.2503
71.0882,0.5217,2.2508
71.0884,0.5333,2.3015
71.0886,0.5292,2.2829
71.0888,0.547,2.3545
71.0890,0.6117,2.6339
71.0892,0.6027,2.5988
71.0894,0.5774,2.4874
71.0896,0.6521,2.8092
71.0898,0.6292,2.7093
71.0900,0.6376,2.7442
71.0902,0.6399,2.754
71.0904,0.6385,2.7496
71.0906,0.6532,2.8099
71.0908,0.6448,2.7764
71.0910,0.6471,2.7836
71.0912,0.707,3.0387
71.0914,0.7639,3.2846
71.0916,0.7627,3.2779
71.0918,0.7963,3.4195
71.0920,0.7931,3.4072
71.0922,0.7953,3.4149
71.0924,0.8426,3.6216
71.0926,0.6975,3.0022
71.0928,0.6299,2.7162
71.0930,0.6172,2.6601
71.0932,0.6375,2.7436
71.0934,0.64,2.7519
71.0936,0.6737,2.9009
71.0938,0.6334,2.7286
71.0940,0.6351,2.7333
71.0942,0.6671,2.8711
71.0944,0.6691,2.8799
71.0946,0.6866,2.9525
71.0948,0.7327,3.149
71.0950,0.7853,3.3674
71.0952,0.9316,3.9985
71.0954,0.8798,3.7744
71.0956,0.8724,3.753
71.0958,0.7168,3.0824
71.0960,0.7517,3.2295
71.0962,0.7965,3.4296
71.0964,0.7243,3.1115
71.0966,0.8354,3.5874
71.0968,0.8212,3.5245
71.0970,0.8815,3.7798
71.0972,0.9396,4.0217
71.0974,0.9652,4.1464
71.0976,0.8153,3.5058
71.0978,0.8026,3.4495
71.0980,0.801,3.4412
71.0982,0.7396,3.1848
71.0984,0.7134,3.0675
71.0986,0.7571,3.2572
71.0988,0.6931,2.9859
71.0990,0.6516,2.8085
71.0992,0.5861,2.531
71.0994,0.547,2.3567
71.0996,0.6423,2.7656
71.0998,0.6683,2.879
71.1000,0.6689,2.8789
71.1002,0.6713,2.8878
71.1004,0.72,3.0958
71.1006,0.7794,3.35
71.1008,0.754,3.2498
71.1010,0.6257,2.6968
71.1012,0.5932,2.5556
71.1014,0.5925,2.5537
71.1016,0.5957,2.5664
71.1018,0.6526,2.8074
71.1020,0.6803,2.9265
71.1022,0.7082,3.0467
71.1024,0.6757,2.911
71.1026,0.5763,2.4873
71.1028,0.4915,2.1224
71.1030,0.4916,2.1229
71.1032,0.4949,2.133
71.1034,0.5741,2.4746
71.1036,0.5745,2.4761
71.1038,0.6219,2.6778
71.1040,0.6099,2.6262
71.1042,0.6462,2.7865
71.1044,0.6289,2.7057
71.1046,0.6992,3.0066
71.1048,0.7673,3.298
71.1050,0.787,3.3794
71.1052,0.819,3.5136
71.1054,0.857,3.6749
71.1056,0.881,3.7813
71.1058,0.878,3.7737
71.1060,0.827,3.558
71.1062,0.7654,3.2867
71.1064,0.849,3.6422
71.1066,0.9013,3.8701
71.1068,0.8824,3.7857
71.1070,0.9106,3.9066
71.1072,0.8862,3.8034
71.1074,0.8936,3.8389
71.1076,0.8919,3.8317
71.1078,0.873,3.7451
71.1080,0.9422,4.0381
71.1082,0.9822,4.2117
71.1084,0.9152,3.9243
71.1086,0.8666,3.723
71.1088,0.825,3.5442
71.1090,0.8458,3.6367
71.1092,0.7773,3.3485
71.1094,0.7209,3.0985
71.1096,0.7409,3.1876
71.1098,0.7459,3.2057
71.1100,0.7842,3.3722
71.1102,0.746,3.2062
71.1104,0.7955,3.4191
71.1106,0.8207,3.5306
71.1108,0.7714,3.314
71.1110,0.8278,3.5544
71.1112,0.8595,3.6926
71.1114,0.8206,3.5252
71.1116,0.8607,3.6995
71.1118,0.8386,3.6092
71.1120,0.7284,3.1349
71.1122,0.7299,3.1416
71.1124,0.7515,3.2345
71.1126,0.7292,3.137
71.1128,0.6987,3.0074
71.1130,0.6702,2.8859
71.1132,0.6919,2.9752
71.1134,0.7629,3.285
71.1136,0.7245,3.1183
71.1138,0.7485,3.2201
71.1140,0.6442,2.7803
71.1142,0.4964,2.1436
71.1144,0.5018,2.1679
71.1146,0.5147,2.2193
71.1148,0.5636,2.4291
71.1150,0.5951,2.5662
71.1152,0.5907,2.5471
71.1154,0.6058,2.6086
71.1156,0.6539,2.8143
71.1158,0.6294,2.7154
71.1160,0.5668,2.4419
71.1162,0.6059,2.6103
71.1164,0.6798,2.9245
71.1166,0.7064,3.0432
71.1168,0.6256,2.6975
71.1170,0.5836,2.5177
71.1172,0.5462,2.3574
71.1174,0.5181,2.2363
71.1176,0.4863,2.1006
71.1178,0.4758,2.0555
71.1180,0.4839,2.0873
71.1182,0.4894,2.1102
71.1184,0.505,2.1784
71.1186,0.5274,2.2751
71.1188,0.5731,2.4745
71.1190,0.5167,2.2291
71.1192,0.5589,2.4034
71.1194,0.6816,2.9336
71.1196,0.6696,2.8873
71.1198,0.5965,2.5671
71.1200,0.5905,2.5472
71.1202,0.549,2.3671
71.1204,0.5888,2.5365
71.1206,0.5782,2.4933
71.1208,0.5834,2.5132
71.1210,0.6237,2.6855
71.1212,0.6144,2.647
71.1214,0.6433,2.7664
71.1216,0.7236,3.1099
71.1218,0.7021,3.026
71.1220,0.5559,2.4016
71.1222,0.4641,2.0029
71.1224,0.4922,2.1206
71.1226,0.5405,2.3315
71.1228,0.555,2.3919
71.1230,0.5683,2.4481
71.1232,0.5632,2.4253
71.1234,0.5601,2.413
71.1236,0.5648,2.4354
71.1238,0.5618,2.4225
71.1240,0.6129,2.6403
71.1242,0.5974,2.576
71.1244,0.5858,2.5235
71.1246,0.6319,2.7174
71.1248,0.6972,3.0021
71.1250,0.6799,2.9236
71.1252,0.7296,3.1371
71.1254,0.726,3.1289
71.1256,0.6038,2.6047
71.1258,0.5408,2.3309
71.1260,0.5271,2.272
71.1262,0.5304,2.287
71.1264,0.5317,2.2916
71.1266,0.5299,2.2828
71.1268,0.5275,2.2735
71.1270,0.5316,2.2932
71.1272,0.5364,2.3139
71.1274,0.5328,2.2963
71.1276,0.531,2.2885
71.1278,0.527,2.2715
71.1280,0.555,2.3897
71.1282,0.6068,2.6115
71.1284,0.6292,2.7043
71.1286,0.6611,2.844
71.1288,0.6425,2.7679
71.1290,0.6021,2.5926
71.1292,0.6714,2.8924
71.1294,0.571,2.4623
71.1296,0.4692,2.0252
71.1298,0.452,1.9506
71.1300,0.4508,1.9473
71.1302,0.4403,1.9004
71.1304,0.4991,2.149
71.1306,0.5953,2.5632
71.1308,0.5604,2.4174
71.1310,0.5003,2.1542
71.1312,0.5417,2.3345
71.1314,0.5137,2.2151
71.1316,0.5557,2.3939
71.1318,0.6027,2.5891
71.1320,0.6776,2.9125
71.1322,0.6565,2.8283
71.1324,0.5476,2.3593
71.1326,0.5957,2.5652
71.1328,0.6041,2.6002
71.1330,0.5894,2.539
71.1332,0.5882,2.535
71.1334,0.5431,2.3407
71.1336,0.4898,2.1112
71.1338,0.4927,2.1237
71.1340,0.5054,2.1764
71.1342,0.5688,2.4525
71.1344,0.5173,2.2327
71.1346,0.488,2.1045
71.1348,0.4831,2.0833
71.1350,0.4836,2.0863
71.1352,0.486,2.0957
71.1354,0.4954,2.133
71.1356,0.5318,2.2921
71.1358,0.5269,2.2709
71.1360,0.5558,2.3944
71.1362,0.5967,2.567
71.1364,0.6128,2.6385
71.1366,0.6082,2.6165
71.1368,0.6397,2.7509
71.1370,0.6738,2.8919
71.1372,0.7923,3.3941
71.1374,0.8525,3.6622
71.1376,0.779,3.3464
71.1378,0.7815,3.3541
71.1380,0.7734,3.3227
71.1382,0.766,3.2893
71.1384,0.77,3.3078
71.1386,0.7471,3.2079
71.1388,0.7689,3.3001
71.1390,0.8222,3.5275
71.1392,0.91,3.9004
71.1394,0.9593,4.1059
71.1396,0.9797,4.1951
71.1398,0.9773,4.1867
71.1400,0.9839,4.2091
71.1402,0.992,4.246
71.1404,0.9817,4.2077
71.1406,0.9798,4.2015
71.1408,0.9807,4.2011
71.1410,0.9736,4.1728
71.1412,0.9558,4.0929
71.1414,0.9744,4.1744
71.1416,0.9621,4.1215
71.1418,0.9663,4.1434
71.1420,0.9695,4.1534
71.1422,1.0331,4.4153
71.1424,1.1284,4.825
71.1426,1.12,4.7891
71.1428,1.1253,4.8184
71.1430,1.0681,4.5649
71.1432,1.1025,4.7142
71.1434,1.0451,4.4874
71.1436,0.8985,3.8582
71.1438,0.879,3.7761
71.1440,0.8112,3.485
71.1442,0.7746,3.3248
71.1444,0.8627,3.7043
71.1446,0.8312,3.5677
71.1448,0.8553,3.6746
71.1450,0.7958,3.4217
71.1452,0.7904,3.3969
71.1454,0.8088,3.4779
71.1456,0.7408,3.1885
71.1458,0.6929,2.9849
71.1460,0.6289,2.707
71.1462,0.6838,2.9429
71.1464,0.6936,2.9893
71.1466,0.6897,2.9673
71.1468,0.7288,3.1384
71.1470,0.6821,2.937
71.1472,0.6564,2.8278
71.1474,0.6638,2.8559
71.1476,0.7091,3.0503
71.1478,0.6725,2.897
71.1480,0.6793,2.9238
71.1482,0.7489,3.2201
71.1484,0.7275,3.1356
71.1486,0.6201,2.6688
71.1488,0.7222,3.1056
71.1490,0.7665,3.2944
71.1492,0.7569,3.2516
71.1494,0.766,3.2908
71.1496,0.788,3.3961
71.1498,0.6757,2.911
71.1500,0.6474,2.7904
71.1502,0.5794,2.4962
71.1504,0.631,2.7183
71.1506,0.6108,2.6315
71.1508,0.5995,2.5836
71.1510,0.5707,2.4619
71.1512,0.5668,2.4442
71.1514,0.5822,2.5069
71.1516,0.6724,2.8952
71.1518,0.6292,2.7118
71.1520,0.6058,2.6086
71.1522,0.6706,2.8888
71.1524,0.628,2.7016
71.1526,0.7467,3.2064
71.1528,0.7817,3.3676
71.1530,0.6449,2.7769
71.1532,0.6415,2.7625
71.1534,0.6213,2.6827
71.1536,0.4902,2.1157
71.1538,0.5011,2.1598
71.1540,0.569,2.4535
71.1542,0.5572,2.4017
71.1544,0.5529,2.382
71.1546,0.5437,2.3444
71.1548,0.5836,2.5119
71.1550,0.6944,2.9888
71.1552,0.6812,2.9293
71.1554,0.7058,3.0406
71.1556,0.6608,2.8403
71.1558,0.718,3.0847
71.1560,0.7492,3.2232
71.1562,0.7435,3.2014
71.1564,0.7417,3.1907
71.1566,0.7454,3.2052
71.1568,0.7378,3.1712
71.1570,0.7535,3.2402
71.1572,0.7739,3.3232
71.1574,0.8653,3.7139
71.1576,0.8124,3.4885
71.1578,0.7913,3.4011
71.1580,0.7955,3.4191
71.1582,0.814,3.4936
71.1584,0.8591,3.6888
71.1586,0.8079,3.4754
71.1588,0.7756,3.3335
71.1590,0.7333,3.1531
71.1592,0.7586,3.2588
71.1594,0.7817,3.3614
71.1596,0.7708,3.3176
71.1598,0.6497,2.8002
71.1600,0.6274,2.7041
71.1602,0.6234,2.6845
71.1604,0.659,2.8352
71.1606,0.7067,3.0372
71.1608,0.7575,3.2557
71.1610,0.7201,3.0992
71.1612,0.7185,3.0897
71.1614,0.7822,3.3635
71.1616,0.7393,3.1848
71.1618,0.6393,2.7539
71.1620,0.5598,2.4126
71.1622,0.552,2.3801
71.1624,0.5496,2.3664
71.1626,0.6339,2.7332
71.1628,0.5664,2.4433
71.1630,0.5505,2.3739
71.1632,0.5542,2.3888
71.1634,0.5789,2.4964
71.1636,0.5692,2.4523
71.1638,0.5991,2.5809
71.1640,0.5992,2.585
71.1642,0.4943,2.1343
71.1644,0.4681,2.0214
71.1646,0.5094,2.1945
71.1648,0.5984,2.5766
71.1650,0.605,2.6074
71.1652,0.546,2.3553
71.1654,0.5444,2.3442
71.1656,0.6449,2.7756
71.1658,0.634,2.7325
71.1660,0.6034,2.5995
71.1662,0.6154,2.6487
71.1664,0.66,2.8446
71.1666,0.6132,2.6394
71.1668,0.6686,2.8752
71.1670,0.6977,3.0013
71.1672,0.6912,2.9776
71.1674,0.6156,2.6534
71.1676,0.5352,2.3087
71.1678,0.4867,2.1017
71.1680,0.4855,2.0946
71.1682,0.4847,2.091
71.1684,0.4813,2.0755
71.1686,0.5401,2.331
71.1688,0.4964,2.1427
71.1690,0.4849,2.091
71.1692,0.4823,2.0797
71.1694,0.4882,2.105
71.1696,0.4943,2.1333
71.1698,0.5388,2.32
71.1700,0.5785,2.4897
71.1702,0.6364,2.7415
71.1704,0.5918,2.5494
71.1706,0.601,2.5819
71.1708,0.7234,3.1065
71.1710,0.788,3.3835
71.1712,0.8236,3.5348
71.1714,0.8526,3.6576
71.1716,0.8564,3.6758
71.1718,0.8924,3.832
71.1720,0.8491,3.6461
71.1722,0.8088,3.4682
71.1724,0.9237,3.9571
71.1726,0.9741,4.1748
71.1728,0.9636,4.132
71.1730,1.0015,4.2885
71.1732,0.9914,4.2513
71.1734,0.9646,4.1342
71.1736,0.9883,4.238
71.1738,0.9347,4.0044
71.1740,0.9455,4.0563
71.1742,0.9233,3.9611
71.1744,0.8778,3.7744
71.1746,0.8175,3.5118
71.1748,0.8579,3.6871
71.1750,0.8257,3.5424
71.1752,0.8422,3.6213
71.1754,0.8215,3.526
71.1756,0.8925,3.8253
71.1758,0.9483,4.0605
71.1760,1.0146,4.3485
71.1762,1.0044,4.3169
71.1764,0.83,3.5626
71.1766,0.8937,3.8358
71.1768,0.8835,3.7956
71.1770,0.9052,3.8816
71.1772,0.9667,4.1396
71.1774,0.9959,4.2763
71.1776,0.9136,3.9304
71.1778,0.7731,3.3258
71.1780,0.76,3.262
71.1782,0.7986,3.4421
71.1784,0.6823,2.9353
71.1786,0.699,3.0084
71.1788,0.7327,3.1505
71.1790,0.7245,3.1212
71.1792,0.6598,2.8436
71.1794,0.6599,2.8428
71.1796,0.6707,2.8866
71.1798,0.7155,3.0782
71.1800,0.7575,3.2542
71.1802,0.8103,3.4809
71.1804,0.7715,3.3222
71.1806,0.6767,2.9165
71.1808,0.6773,2.9136
71.1810,0.7357,3.1693
71.1812,0.7053,3.0358
71.1814,0.7384,3.1767
71.1816,0.7179,3.0856
71.1818,0.758,3.2684
71.1820,0.6274,2.7053
71.1822,0.6083,2.6219
71.1824,0.6012,2.5962
71.1826,0.5697,2.4589
71.1828,0.5417,2.3356
71.1830,0.5654,2.4357
71.1832,0.6367,2.7456
71.1834,0.5612,2.421
71.1836,0.5184,2.2384
71.1838,0.5306,2.2923
71.1840,0.486,2.0976
71.1842,0.571,2.4634
71.1844,0.5114,2.2073
71.1846,0.497,2.1442
71.1848,0.5739,2.4758
71.1850,0.5195,2.2399
71.1852,0.514,2.2162
71.1854,0.505,2.1784
71.1856,0.4484,1.9378
71.1858,0.4115,1.7787
71.1860,0.4109,1.7745
71.1862,0.4091,1.7683
71.1864,0.4358,1.8825
71.1866,0.4468,1.9293
71.1868,0.4403,1.9004
71.1870,0.4446,1.92
71.1872,0.4498,1.9422
71.1874,0.4427,1.9108
71.1876,0.4476,1.9338
71.1878,0.446,1.9265
71.1880,0.4485,1.9356
71.1882,0.4744,2.0455
71.1884,0.5269,2.2731
71.1886,0.5433,2.3418
71.1888,0.5562,2.3959
71.1890,0.5514,2.3775
71.1892,0.5578,2.4054
71.1894,0.5602,2.4135
71.1896,0.5624,2.4228
71.1898,0.5651,2.4358
71.1900,0.5774,2.4885
71.1902,0.5943,2.5578
71.1904,0.6711,2.8873
71.1906,0.659,2.8339
71.1908,0.7081,3.0462
71.1910,0.7152,3.0766
71.1912,0.6901,2.9715
71.1914,0.6313,2.7223
71.1916,0.5547,2.3908
71.1918,0.5395,2.3252
71.1920,0.5354,2.3076
71.1922,0.5422,2.3327
71.1924,0.6089,2.6232
71.1926,0.5946,2.5641
71.1928,0.627,2.7012
71.1930,0.5583,2.4052
71.1932,0.5318,2.2932
71.1934,0.5308,2.2901
71.1936,0.5124,2.2084
71.1938,0.5231,2.2554
71.1940,0.5281,2.274
71.1942,0.5882,2.5326
71.1944,0.6143,2.6464
71.1946,0.6039,2.5979
71.1948,0.6761,2.9044
71.1950,0.7217,3.1064
71.1952,0.6324,2.7232
71.1954,0.646,2.7776
71.1956,0.6506,2.8017
71.1958,0.6108,2.6302
71.1960,0.603,2.5967
71.1962,0.6068,2.6127
71.1964,0.6192,2.6651
71.1966,0.6438,2.7697
71.1968,0.6528,2.8123
71.1970,0.5919,2.5498
71.1972,0.5831,2.5086
71.1974,0.6524,2.8068
71.1976,0.6226,2.6821
71.1978,0.6123,2.6364
71.1980,0.6369,2.7436
71.1982,0.5843,2.5161
71.1984,0.6215,2.6749
71.1986,0.6629,2.8503
71.1988,0.7071,3.0392
71.1990,0.6705,2.8807
71.1992,0.7542,3.2387
71.1994,0.8107,3.4845
71.1996,0.7546,3.2478
71.1998,0.6281,2.7033
71.2000,0.604,2.6032
71.2002,0.5261,2.2683
71.2004,0.5437,2.3411
71.2006,0.5782,2.4909
71.2008,0.5924,2.5495
71.2010,0.6125,2.6387
71.2012,0.6169,2.659
71.2014,0.5591,2.411
71.2016,0.495,2.1344
71.2018,0.4898,2.1132
71.2020,0.4862,2.0967
71.2022,0.4878,2.1044
71.2024,0.4896,2.1121
71.2026,0.5397,2.324
71.2028,0.6087,2.6222
71.2030,0.5605,2.4145
71.2032,0.5782,2.4898
71.2034,0.6287,2.7059
71.2036,0.581,2.5017
71.2038,0.6064,2.6075
71.2040,0.7042,3.0268
71.2042,0.7101,3.0521
71.2044,0.7177,3.0802
71.2046,0.7924,3.3977
71.2048,0.8701,3.7344
71.2050,0.8662,3.7093
71.2052,0.9593,4.1115
71.2054,0.9315,3.9923
71.2056,0.9333,3.9963
71.2058,0.9778,4.1907
71.2060,0.9862,4.2267
71.2062,0.9835,4.2134
71.2064,0.9397,4.0296
71.2066,0.9272,3.9664
71.2068,1.0032,4.2976
71.2070,0.9635,4.1237
71.2072,0.9786,4.1943
71.2074,0.9798,4.1955
71.2076,0.9073,3.8994
71.2078,0.827,3.5546
71.2080,0.7915,3.3989
71.2082,0.827,3.5496
71.2084,0.8257,3.5407
71.2086,0.8737,3.7498
71.2088,0.8363,3.5926
71.2090,0.8113,3.4838
71.2092,0.8671,3.7215
71.2094,0.8774,3.7728
71.2096,0.7837,3.367
71.2098,0.8114,3.486
71.2100,0.7858,3.3773
71.2102,0.7818,3.3603
71.2104,0.806,3.4628
71.2106,0.8797,3.7773
71.2108,0.8417,3.6141
71.2110,0.766,3.2923
71.2112,0.773,3.3221
71.2114,0.7195,3.098
71.2116,0.6445,2.7766
71.2118,0.6271,2.7005
71.2120,0.6446,2.7707
71.2122,0.7273,3.1287
71.2124,0.7466,3.2117
71.2126,0.7491,3.2211
71.2128,0.7197,3.0976
71.2130,0.6252,2.6959
71.2132,0.5695,2.4532
71.2134,0.5774,2.4885
71.2136,0.6138,2.6431
71.2138,0.6506,2.8004
71.2140,0.6514,2.8048
71.2142,0.7032,3.0236
71.2144,0.7405,3.1825
71.2146,0.7401,3.1839
71.2148,0.6524,2.812
71.2150,0.6147,2.6455
71.2152,0.6607,2.8437
71.2154,0.6865,2.9547
71.2156,0.7089,3.0526
71.2158,0.6921,2.9775
71.2160,0.6895,2.969
71.2162,0.6843,2.9454
71.2164,0.6611,2.8466
71.2166,0.5894,2.5425
71.2168,0.58,2.501
71.2170,0.6478,2.7893
71.2172,0.6622,2.8486
71.2174,0.6527,2.8104
71.2176,0.663,2.8535
71.2178,0.6421,2.765
71.2180,0.6259,2.6928
71.2182,0.7142,3.0753
71.2184,0.657,2.829
71.2186,0.6523,2.8063
71.2188,0.6835,2.9404
71.2190,0.6775,2.9214
71.2192,0.5672,2.4446
71.2194,0.6221,2.6775
71.2196,0.6709,2.8862
71.2198,0.6384,2.7528
71.2200,0.5548,2.3924
71.2202,0.5458,2.3547
71.2204,0.5428,2.3407
71.2206,0.5913,2.5461
71.2208,0.6442,2.7673
71.2210,0.7195,3.0966
71.2212,0.6665,2.8698
71.2214,0.6559,2.8204
71.2216,0.6576,2.8316
71.2218,0.584,2.5181
71.2220,0.5678,2.4483
71.2222,0.5601,2.4141
71.2224,0.5677,2.4444
71.2226,0.6725,2.8862
71.2228,0.8027,3.4451
71.2230,0.8749,3.7567
71.2232,0.7979,3.4357
71.2234,0.6377,2.7459
71.2236,0.6228,2.6844
71.2238,0.6163,2.6552
71.2240,0.6195,2.6662
71.2242,0.6917,2.9713
71.2244,0.7652,3.2932
71.2246,0.6444,2.7735
71.2248,0.6292,2.7092
71.2250,0.6231,2.6854
71.2252,0.6221,2.68
71.2254,0.6202,2.668
71.2256,0.6222,2.6793
71.2258,0.6241,2.6888
71.2260,0.6222,2.6805
71.2262,0.6185,2.662
71.2264,0.609,2.6225
71.2266,0.6292,2.708
71.2268,0.6395,2.7588
71.2270,0.5461,2.3558
71.2272,0.5396,2.3257
71.2274,0.6076,2.6127
71.2276,0.7354,3.1564
71.2278,0.7544,3.2438
71.2280,0.7042,3.0311
71.2282,0.6812,2.9347
71.2284,0.6119,2.6386
71.2286,0.5421,2.3365
71.2288,0.5268,2.2725
71.2290,0.5295,2.2833
71.2292,0.5788,2.4935
71.2294,0.5809,2.5
71.2296,0.5798,2.4953
71.2298,0.597,2.5709
71.2300,0.6156,2.6546
71.2302,0.5779,2.4894
71.2304,0.5985,2.5759
71.2306,0.6887,2.9626
71.2308,0.6961,2.996
71.2310,0.6592,2.837
71.2312,0.6576,2.8277
71.2314,0.6637,2.8593
71.2316,0.6269,2.6994
71.2318,0.6227,2.6838
71.2320,0.5678,2.446
71.2322,0.5656,2.4378
71.2324,0.6004,2.5853
71.2326,0.606,2.6096
71.2328,0.6014,2.5858
71.2330,0.7104,3.056
71.2332,0.6342,2.7373
71.2334,0.5111,2.2037
71.2336,0.4976,2.1458
71.2338,0.4729,2.0412
71.2340,0.4672,2.0173
71.2342,0.4683,2.0201
71.2344,0.4747,2.047
71.2346,0.4877,2.1019
71.2348,0.5223,2.2523
71.2350,0.5265,2.2704
71.2352,0.5787,2.493
71.2354,0.6184,2.6615
71.2356,0.6231,2.6829
71.2358,0.6171,2.6571
71.2360,0.6413,2.7588
71.2362,0.6541,2.8101
71.2364,0.7776,3.336
71.2366,0.8477,3.6432
71.2368,0.793,3.4114
71.2370,0.7631,3.2784
71.2372,0.8032,3.4488
71.2374,0.8215,3.5243
71.2376,0.8403,3.6084
71.2378,0.8534,3.6628
71.2380,0.8608,3.6913
71.2382,0.8893,3.8078
71.2384,0.9989,4.2791
71.2386,1.0081,4.3227
71.2388,0.9969,4.2669
71.2390,1.0917,4.6658
71.2392,1.1432,4.8862
71.2394,1.0958,4.6898
71.2396,1.0056,4.3099
71.2398,0.9854,4.2295
71.2400,0.9576,4.1005
71.2402,0.9848,4.223
71.2404,0.9724,4.1676
71.2406,0.9786,4.1923
71.2408,0.9502,4.0801
71.2410,0.9261,3.9673
71.2412,1.0137,4.3388
71.2414,1.0717,4.5888
71.2416,1.0458,4.4842
71.2418,1.0103,4.3239
71.2420,1.0928,4.677
71.2422,1.1281,4.8261
71.2424,1.0165,4.3587
71.2426,0.9056,3.8885
71.2428,0.8903,3.8285
71.2430,0.8545,3.6658
71.2432,0.8974,3.8517
71.2434,0.9076,3.8991
71.2436,0.8707,3.7457
71.2438,0.8072,3.4663
71.2440,0.8608,3.6965
71.2442,0.8637,3.7157
71.2444,0.7848,3.3826
71.2446,0.8376,3.5983
71.2448,0.8213,3.5331
71.2450,0.7409,3.1875
71.2452,0.7186,3.093
71.2454,0.7153,3.0828
71.2456,0.6179,2.6669
71.2458,0.5856,2.5265
71.2460,0.5931,2.5538
71.2462,0.6155,2.6541
71.2464,0.6089,2.6244
71.2466,0.6193,2.6681
71.2468,0.6593,2.8441
71.2470,0.5401,2.331
71.2472,0.5583,2.4074
71.2474,0.5984,2.5789
71.2476,0.5943,2.5637
71.2478,0.5868,2.5293
71.2480,0.642,2.7645
71.2482,0.6226,2.6858
71.2484,0.5419,2.3388
71.2486,0.5,2.1571
71.2488,0.4912,2.1198
71.2490,0.5217,2.2529
71.2492,0.5234,2.2601
71.2494,0.5025,2.168
71.2496,0.5005,2.1612
71.2498,0.4784,2.0669
71.2500,0.4892,2.1116
71.2502,0.4944,2.1308
71.2504,0.5109,2.2022
71.2506,0.5876,2.5336
71.2508,0.5163,2.2316
71.2510,0.4101,1.7716
71.2512,0.4042,1.7454
71.2514,0.4711,2.0315
71.2516,0.486,2.0986
71.2518,0.4511,1.9488
71.2520,0.4609,1.9876
71.2522,0.4795,2.0706
71.2524,0.4579,1.9783
71.2526,0.4516,1.9509
71.2528,0.4587,1.9778
71.2530,0.5096,2.1985
71.2532,0.5005,2.1602
71.2534,0.4723,2.0414
71.2536,0.435,1.8785
71.2538,0.4366,1.8835
71.2540,0.4325,1.8659
71.2542,0.4811,2.0725
71.2544,0.5777,2.4866
71.2546,0.6625,2.8541
71.2548,0.6204,2.6703
71.2550,0.6473,2.7846
71.2552,0.6616,2.8447
71.2554,0.6781,2.9158
71.2556,0.6817,2.9299
71.2558,0.7005,3.0137
71.2560,0.719,3.0945
71.2562,0.7149,3.0713
71.2564,0.8015,3.44
71.2566,0.8126,3.4879
71.2568,0.8134,3.4926
71.2570,0.7871,3.3861
71.2572,0.7435,3.1954
71.2574,0.7818,3.3603
71.2576,0.7402,3.1829
71.2578,0.7039,3.0323
71.2580,0.6504,2.8006
71.2582,0.6318,2.7193
71.2584,0.6375,2.7449
71.2586,0.6367,2.7392
71.2588,0.7005,3.0109
71.2590,0.6805,2.9316
71.2592,0.6199,2.6695
71.2594,0.6461,2.7807
71.2596,0.6578,2.8366
71.2598,0.559,2.4116
71.2600,0.5374,2.3153
71.2602,0.5364,2.3117
71.2604,0.5845,2.5155
71.2606,0.6695,2.8774
71.2608,0.6978,3.0046
71.2610,0.6255,2.6907
71.2612,0.6737,2.9021
71.2614,0.6623,2.8504
71.2616,0.6843,2.9495
71.2618,0.5177,2.2353
71.2620,0.4648,2.0051
71.2622,0.4524,1.95
71.2624,0.506,2.18
71.2626,0.553,2.3858
71.2628,0.5035,2.1731
71.2630,0.5444,2.3464
71.2632,0.5535,2.3867
71.2634,0.5079,2.1903
71.2636,0.5258,2.2652
71.2638,0.583,2.5116
71.2640,0.5539,2.3872
71.2642,0.5244,2.2621
71.2644,0.5107,2.2032
71.2646,0.5589,2.4067
71.2648,0.5954,2.5636
71.2650,0.5885,2.5366
71.2652,0.5921,2.5521
71.2654,0.5432,2.3423
71.2656,0.5015,2.1623
71.2658,0.4992,2.1525
71.2660,0.4999,2.1556
71.2662,0.4962,2.1406
71.2664,0.4988,2.152
71.2666,0.4921,2.121
71.2668,0.493,2.1256
71.2670,0.4903,2.1143
71.2672,0.5293,2.2802
71.2674,0.5674,2.4456
71.2676,0.51,2.1991
71.2678,0.4788,2.0656
71.2680,0.4781,2.0625
71.2682,0.4796,2.0682
71.2684,0.4873,2.1013
71.2686,0.4778,2.0614
71.2688,0.482,2.0766
71.2690,0.4811,2.0725
71.2692,0.4975,2.1413
71.2694,0.5438,2.3427
71.2696,0.5961,2.5655
71.2698,0.6078,2.6173
71.2700,0.5721,2.4646
71.2702,0.5892,2.5349
71.2704,0.6996,3.0039
71.2706,0.7319,3.1444
71.2708,0.7871,3.3782
71.2710,0.8017,3.4394
71.2712,0.7981,3.4272
71.2714,0.7781,3.3427
71.2716,0.826,3.5417
71.2718,0.8903,3.816
71.2720,0.868,3.7256
71.2722,0.8425,3.616
71.2724,0.8353,3.5784
71.2726,0.8384,3.6019
71.2728,0.7706,3.3072
71.2730,0.8248,3.5365
71.2732,0.8595,3.6891
71.2734,0.875,3.7572
71.2736,0.8381,3.5986
71.2738,0.7849,3.3643
71.2740,0.9215,3.9441
71.2742,0.9788,4.1934
71.2744,0.9487,4.0663
71.2746,0.9707,4.1584
71.2748,1.0056,4.3039
71.2750,1.0204,4.3675
71.2752,1.0816,4.6293
71.2754,1.06,4.5369
71.2756,1.0007,4.2848
71.2758,0.9911,4.2438
71.2760,0.9553,4.0927
71.2762,0.9746,4.1793
71.2764,0.9852,4.2245
71.2766,0.9755,4.1829
71.2768,0.8885,3.8136
71.2770,0.8538,3.6627
71.2772,0.9154,3.9271
71.2774,0.8806,3.7744
71.2776,0.9718,4.163
71.2778,0.9899,4.2466
71.2780,0.9635,4.1334
71.2782,0.8826,3.7861
71.2784,0.9362,4.0123
71.2786,0.9581,4.116
71.2788,0.849,3.6523
71.2790,0.7768,3.3417
71.2792,0.7713,3.3118
71.2794,0.8224,3.5361
71.2796,0.7415,3.193
71.2798,0.6872,2.9564
71.2800,0.7149,3.0784
71.2802,0.633,2.727
71.2804,0.61,2.6291
71.2806,0.5931,2.5574
71.2808,0.5697,2.4554
71.2810,0.6148,2.6485
71.2812,0.6497,2.7988
71.2814,0.6595,2.8386
71.2816,0.6589,2.836
71.2818,0.7251,3.1194
71.2820,0.6926,2.9865
71.2822,0.592,2.5527
71.2824,0.6262,2.6963
71.2826,0.646,2.7828
71.2828,0.6616,2.8473
71.2830,0.7062,3.0379
71.2832,0.7443,3.2005
71.2834,0.7505,3.2288
71.2836,0.7217,3.1035
71.2838,0.7189,3.094
71.2840,0.7473,3.2178
71.2842,0.669,2.8833
71.2844,0.5762,2.4833
71.2846,0.5621,2.424
71.2848,0.557,2.4006
71.2850,0.5719,2.467
71.2852,0.5209,2.2492
71.2854,0.4744,2.0474
71.2856,0.478,2.0639
71.2858,0.4852,2.093
71.2860,0.5409,2.3325
71.2862,0.5431,2.3418
71.2864,0.5337,2.3025
71.2866,0.5358,2.3124
71.2868,0.5325,2.2952
71.2870,0.5426,2.3364
71.2872,0.6221,2.6788
71.2874,0.7336,3.159
71.2876,0.701,3.0157
71.2878,0.6976,3.0027
71.2880,0.6438,2.7722
71.2882,0.6422,2.7655
71.2884,0.6346,2.7299
71.2886,0.6421,2.765
71.2888,0.6361,2.7405
71.2890,0.6535,2.8075
71.2892,0.7797,3.3494
71.2894,0.8278,3.5527
71.2896,0.8248,3.5431
71.2898,0.7586,3.2573
71.2900,0.7265,3.1285
71.2902,0.6317,2.7213
71.2904,0.6738,2.8946
71.2906,0.7978,3.4304
71.2908,0.6698,2.8856
71.2910,0.6167,2.6568
71.2912,0.6268,2.6977
71.2914,0.6238,2.6872
71.2916,0.6167,2.6555
71.2918,0.6201,2.6688
71.2920,0.6499,2.7999
71.2922,0.6177,2.6634
71.2924,0.605,2.6074
71.2926,0.6033,2.5977
71.2928,0.6087,2.6234
71.2930,0.5946,2.5605
71.2932,0.6516,2.8006
71.2934,0.7054,3.0362
71.2936,0.651,2.8019
71.2938,0.7256,3.1157
71.2940,0.7956,3.4195
71.2942,0.7765,3.3392
71.2944,0.731,3.1432
71.2946,0.7082,3.0481
71.2948,0.6665,2.8645
71.2950,0.678,2.9167
71.2952,0.6793,2.9237
71.2954,0.7307,3.1422
71.2956,0.7113,3.0587
71.2958,0.7315,3.1497
71.2960,0.6732,2.8974
71.2962,0.6593,2.8362
71.2964,0.6614,2.8428
71.2966,0.6461,2.7859
71.2968,0.5756,2.4819
71.2970,0.6246,2.6896
71.2972,0.621,2.6729
71.2974,0.6781,2.9185
71.2976,0.689,2.9641
71.2978,0.6974,3.0002
71.2980,0.6315,2.719
71.2982,0.5961,2.5691
71.2984,0.5998,2.5827
71.2986,0.6938,2.982
71.2988,0.7672,3.2989
71.2990,0.674,2.9023
71.2992,0.6605,2.8427
71.2994,0.6731,2.8942
71.2996,0.6759,2.9106
71.2998,0.584,2.5181
71.3000,0.5486,2.3666
71.3002,0.5468,2.36
71.3004,0.5448,2.3468
71.3006,0.5903,2.5431
71.3008,0.5768,2.4859
71.3010,0.5753,2.4774
71.3012,0.6024,2.5941
71.3014,0.6115,2.6321
71.3016,0.6776,2.9192
71.3018,0.6111,2.6374
71.3020,0.5311,2.2901
71.3022,0.5244,2.2621
71.3024,0.5222,2.2518
71.3026,0.5635,2.4263
71.3028,0.5991,2.5784
71.3030,0.6166,2.6575
71.3032,0.5897,2.5394
71.3034,0.666,2.8611
71.3036,0.7875,3.3877
71.3038,0.7848,3.3716
71.3040,0.8287,3.5552
71.3042,0.8653,3.7121
71.3044,0.827,3.548
71.3046,0.9285,3.9776
71.3048,0.993,4.2579
71.3050,0.9519,4.0816
71.3052,0.9721,4.1665
71.3054,0.9745,4.1768
71.3056,0.9562,4.1001
71.3058,0.9649,4.1376
71.3060,0.9438,4.0452
71.3062,0.9573,4.1047
71.3064,1.0027,4.2976
71.3066,0.9736,4.1785
71.3068,0.9605,4.1186
71.3070,0.9939,4.2581
71.3072,0.995,4.2687
71.3074,0.9466,4.0608
71.3076,0.9292,3.9863
71.3078,0.9284,3.9827
71.3080,0.9173,3.939
71.3082,0.8594,3.6937
71.3084,0.8321,3.5729
71.3086,0.8754,3.7623
71.3088,0.8328,3.581
71.3090,0.7137,3.0704
71.3092,0.6994,3.009
71.3094,0.7311,3.1467
71.3096,0.7523,3.2365
71.3098,0.6649,2.8631
71.3100,0.6809,2.9331
71.3102,0.7008,3.0147
71.3104,0.7524,3.237
71.3106,0.7511,3.2253
71.3108,0.6779,2.9175
71.3110,0.6656,2.8715
71.3112,0.5819,2.5081
71.3114,0.625,2.6937
71.3116,0.6533,2.813
71.3118,0.6865,2.956
71.3120,0.6747,2.9081
71.3122,0.6269,2.6994
71.3124,0.6347,2.733
71.3126,0.6104,2.6331
71.3128,0.5123,2.213
71.3130,0.51,2.2011
71.3132,0.5324,2.2936
71.3134,0.6095,2.6233
71.3136,0.6739,2.8991
71.3138,0.6794,2.9229
71.3140,0.6773,2.9176
71.3142,0.5756,2.483
71.3144,0.5675,2.4484
71.3146,0.596,2.5686
71.3148,0.6033,2.6001
71.3150,0.6183,2.6647
71.3152,0.6252,2.6922
71.3154,0.6082,2.6177
71.3156,0.6106,2.6292
71.3158,0.6635,2.8556
71.3160,0.6978,3.0018
71.3162,0.7054,3.0376
71.3164,0.6716,2.8907
71.3166,0.6787,2.9252
71.3168,0.6262,2.6951
71.3170,0.6476,2.7875
71.3172,0.6111,2.6349
71.3174,0.5684,2.4509
71.3176,0.6002,2.5843
71.3178,0.6252,2.6947
71.3180,0.5654,2.4391
71.3182,0.549,2.3682
71.3184,0.5433,2.3395
71.3186,0.6012,2.5901
71.3188,0.5627,2.4299
71.3190,0.4777,2.0638
71.3192,0.4651,2.0094
71.3194,0.4541,1.9599
71.3196,0.4606,1.9888
71.3198,0.5334,2.2999
71.3200,0.5728,2.4688
71.3202,0.589,2.5363
71.3204,0.6065,2.6141
71.3206,0.5779,2.4906
71.3208,0.5679,2.4465
71.3210,0.5669,2.4458
71.3212,0.5879,2.5328
71.3214,0.6337,2.7276
71.3216,0.6626,2.848
71.3218,0.687,2.9554
71.3220,0.6608,2.8416
71.3222,0.7164,3.0789
71.3224,0.7385,3.1728
71.3226,0.7939,3.4187
71.3228,0.6788,2.9244
71.3230,0.5898,2.5411
71.3232,0.5485,2.365
71.3234,0.5464,2.353
71.3236,0.654,2.8122
71.3238,0.6282,2.7064
71.3240,0.5442,2.3475
71.3242,0.5286,2.2792
71.3244,0.5133,2.2135
71.3246,0.5169,2.2301
71.3248,0.5136,2.2146
71.3250,0.5155,2.2228
71.3252,0.5161,2.2254
71.3254,0.5088,2.1949
71.3256,0.509,2.1949
71.3258,0.5151,2.2203
71.3260,0.5187,2.2358
71.3262,0.5189,2.2394
71.3264,0.5031,2.1686
71.3266,0.5113,2.2037
71.3268,0.5448,2.3457
71.3270,0.6288,2.7077
71.3272,0.6277,2.6968
71.3274,0.6933,2.9841
71.3276,0.5786,2.4948
71.3278,0.5408,2.3254
71.3280,0.5884,2.5372
71.3282,0.506,2.184
71.3284,0.4967,2.1417
71.3286,0.5002,2.1557
71.3288,0.5154,2.2213
71.3290,0.556,2.3965
71.3292,0.5195,2.2378
71.3294,0.507,2.1851
71.3296,0.5097,2.197
71.3298,0.5143,2.2218
71.3300,0.4069,1.7568
71.3302,0.4239,1.827
71.3304,0.443,1.9118
71.3306,0.4632,1.9955
71.3308,0.548,2.3619
71.3310,0.5107,2.2032
71.3312,0.4859,2.0961
71.3314,0.5048,2.1758
71.3316,0.4891,2.1101
71.3318,0.4873,2.1013
71.3320,0.5009,2.1578
71.3322,0.5012,2.1583
71.3324,0.5492,2.3637
71.3326,0.5613,2.4181
71.3328,0.4954,2.137
71.3330,0.4825,2.0816
71.3332,0.4717,2.0341
71.3334,0.4719,2.0346
71.3336,0.4801,2.0693
71.3338,0.5382,2.3152
71.3340,0.5931,2.5538
71.3342,0.5234,2.2549
71.3344,0.5458,2.3493
71.3346,0.5877,2.5294
71.3348,0.6106,2.6268
71.3350,0.6077,2.6168
71.3352,0.6032,2.5972
71.3354,0.6141,2.6429
71.3356,0.6205,2.6683
71.3358,0.6488,2.7887
71.3360,0.72,3.0857
71.3362,0.8316,3.5692
71.3364,0.77,3.3077
71.3366,0.7822,3.3587
71.3368,0.8134,3.4861
71.3370,0.8575,3.6786
71.3372,0.8679,3.7216
71.3374,0.901,3.8564
71.3376,0.9788,4.1875
71.3378,1.0165,4.3526
71.3380,1.0089,4.3223
71.3382,1.0142,4.3408
71.3384,1.0631,4.5439
71.3386,1.1079,4.7328
71.3388,1.1254,4.8076
71.3390,1.1404,4.883
71.3392,1.0243,4.386
71.3394,0.9818,4.2121
71.3396,0.9248,3.9617
71.3398,0.9703,4.1646
71.3400,0.8752,3.7548
71.3402,0.9041,3.8733
71.3404,0.8857,3.8013
71.3406,0.8258,3.5461
71.3408,0.8661,3.7157
71.3410,0.9043,3.8811
71.3412,0.8961,3.8407
71.3414,0.9411,4.0391
71.3416,0.8998,3.862
71.3418,0.9292,3.9825
71.3420,0.9053,3.8857
71.3422,0.8738,3.7503
71.3424,0.8732,3.753
71.3426,0.8059,3.4574
71.3428,0.8218,3.5319
71.3430,0.7845,3.3685
71.3432,0.8625,3.7106
71.3434,0.8576,3.686
71.3436,0.7739,3.3278
71.3438,0.7616,3.2762
71.3440,0.7256,3.1229
71.3442,0.7058,3.0364
71.3444,0.6907,2.9727
71.3446,0.66,2.838
71.3448,0.7304,3.1406
71.3450,0.7538,3.2427
71.3452,0.7365,3.1699
71.3454,0.6997,3.0086
71.3456,0.6552,2.8252
71.3458,0.6032,2.5972
71.3460,0.6475,2.7869
71.3462,0.6518,2.8055
71.3464,0.6903,2.9684
71.3466,0.7545,3.2413
71.3468,0.7696,3.3077
71.3470,0.7429,3.1943
71.3472,0.7391,3.1798
71.3474,0.7044,3.0316
71.3476,0.7638,3.286
71.3478,0.7375,3.1696
71.3480,0.7269,3.133
71.3482,0.6044,2.606
71.3484,0.5536,2.3862
71.3486,0.5583,2.4052
71.3488,0.5783,2.4938
71.3490,0.5854,2.5255
71.3492,0.5631,2.4292
71.3494,0.4951,2.1349
71.3496,0.487,2.1007
71.3498,0.4985,2.1494
71.3500,0.6418,2.7609
71.3502,0.6678,2.8795
71.3504,0.5385,2.3221
71.3506,0.5276,2.2761
71.3508,0.5267,2.272
71.3510,0.5235,2.2575
71.3512,0.5167,2.2301
71.3514,0.5193,2.2394
71.3516,0.5267,2.272
71.3518,0.5287,2.2797
71.3520,0.5246,2.2611
71.3522,0.5341,2.3019
71.3524,0.5391,2.3247
71.3526,0.5649,2.4336
71.3528,0.6299,2.7123
71.3530,0.6112,2.6342
71.3532,0.5534,2.3829
71.3534,0.6337,2.7276
71.3536,0.699,3.0042
71.3538,0.7488,3.2215
71.3540,0.7485,3.2185
71.3542,0.7336,3.1531
71.3544,0.7451,3.2041
71.3546,0.7523,3.235
71.3548,0.7536,3.2392
71.3550,0.752,3.2305
71.3552,0.7848,3.3669
71.3554,0.8897,3.8152
71.3556,0.9031,3.8759
71.3558,0.876,3.7596
71.3560,0.8543,3.6682
71.3562,0.7955,3.4206
71.3564,0.7132,3.0641
71.3566,0.7876,3.3803
71.3568,0.8713,3.7378
71.3570,0.8913,3.8255
71.3572,0.8111,3.486
71.3574,0.7845,3.3763
71.3576,0.7457,3.2052
71.3578,0.7122,3.068
71.3580,0.6369,2.7448
71.3582,0.6298,2.7131
71.3584,0.6172,2.6588
71.3586,0.6168,2.6573
71.3588,0.6336,2.7283
71.3590,0.6315,2.7203
71.3592,0.6269,2.6982
71.3594,0.6677,2.8736
71.3596,0.6529,2.8089
71.3598,0.6056,2.6063
71.3600,0.6935,2.9777
71.3602,0.7869,3.3851
71.3604,0.7373,3.175
71.3606,0.6932,2.9836
71.3608,0.731,3.1418
71.3610,0.71,3.0572
71.3612,0.6385,2.7508
71.3614,0.6016,2.5893
71.3616,0.5982,2.5784
71.3618,0.5956,2.5659
71.3620,0.6372,2.7438
71.3622,0.6053,2.6065
71.3624,0.6588,2.8315
71.3626,0.7544,3.2423
71.3628,0.7221,3.1094
71.3630,0.6159,2.6544
71.3632,0.5984,2.5717
71.3634,0.7402,3.1844
71.3636,0.6894,2.9712
71.3638,0.6301,2.7134
71.3640,0.6474,2.7877
71.3642,0.6436,2.7751
71.3644,0.5475,2.3631
71.3646,0.4978,2.1473
71.3648,0.4938,2.1283
71.3650,0.4925,2.1236
71.3652,0.4938,2.1292
71.3654,0.4891,2.111
71.3656,0.4891,2.112
71.3658,0.4902,2.1128
71.3660,0.5439,2.3454
71.3662,0.4931,2.1281
71.3664,0.4855,2.0955
71.3666,0.4987,2.1475
71.3668,0.5591,2.4066
71.3670,0.5885,2.5377
71.3672,0.5243,2.2627
71.3674,0.4943,2.1323
71.3676,0.4944,2.1318
71.3678,0.4936,2.1282
71.3680,0.4919,2.122
71.3682,0.4884,2.107
71.3684,0.4925,2.1236
71.3686,0.484,2.0869
71.3688,0.5156,2.2234
71.3690,0.5487,2.365
71.3692,0.6032,2.5984
71.3694,0.5845,2.5166
71.3696,0.5755,2.4791
71.3698,0.6354,2.7335
71.3700,0.6942,2.9822
71.3702,0.734,3.1488
71.3704,0.8102,3.4776
71.3706,0.7888,3.3902
71.3708,0.7823,3.3608
71.3710,0.828,3.5488
71.3712,0.9701,4.152
71.3714,0.9963,4.2723
71.3716,0.9314,3.9899
71.3718,0.9552,4.0902
71.3720,0.9535,4.0888
71.3722,0.9906,4.2457
71.3724,0.961,4.1187
71.3726,0.9507,4.0726
71.3728,0.9794,4.1998
71.3730,0.988,4.2304
71.3732,0.9887,4.2374
71.3734,0.9839,4.211
71.3736,0.9191,3.9449
71.3738,0.9034,3.8757
71.3740,0.9328,3.9998
71.3742,1.0056,4.3079
71.3744,0.9948,4.2637
71.3746,1.0149,4.3459
71.3748,0.9979,4.279
71.3750,0.9156,3.9245
71.3752,0.9282,3.9821
71.3754,0.9086,3.9014
71.3756,0.8732,3.746
71.3758,0.8393,3.6088
71.3760,0.7288,3.1325
71.3762,0.8335,3.5807
71.3764,0.8471,3.6356
71.3766,0.857,3.6783
71.3768,0.9378,4.0195
71.3770,1.0248,4.386
71.3772,1.0832,4.6424
71.3774,0.9178,3.9466
71.3776,0.8104,3.4846
71.3778,0.7894,3.3928
71.3780,0.7925,3.4093
71.3782,0.7956,3.4227
71.3784,0.7751,3.3376
71.3786,0.6437,2.773
71.3788,0.5998,2.5851
71.3790,0.5976,2.5806
71.3792,0.5343,2.3062
71.3794,0.5328,2.2962
71.3796,0.6059,2.6103
71.3798,0.6588,2.8394
71.3800,0.6285,2.7149
71.3802,0.506,2.184
71.3804,0.5052,2.1784
71.3806,0.5635,2.4297
71.3808,0.5795,2.4978
71.3810,0.5632,2.4264
71.3812,0.5696,2.4583
71.3814,0.519,2.2389
71.3816,0.5558,2.3977
71.3818,0.5045,2.1773
71.3820,0.486,2.0976
71.3822,0.5222,2.2518
71.3824,0.5781,2.4904
71.3826,0.5803,2.5021
71.3828,0.5,2.1591
71.3830,0.485,2.0934
71.3832,0.4952,2.1355
71.3834,0.5542,2.3921
71.3836,0.5139,2.2192
71.3838,0.4979,2.1478
71.3840,0.5203,2.2435
71.3842,0.5066,2.1896
71.3844,0.4102,1.7713
71.3846,0.4046,1.7478
71.3848,0.4165,1.7991
71.3850,0.4563,1.972
71.3852,0.4492,1.9405
71.3854,0.4493,1.9392
71.3856,0.4487,1.9375
71.3858,0.442,1.9076
71.3860,0.4388,1.8928
71.3862,0.4501,1.941
71.3864,0.5334,2.2977
71.3866,0.5714,2.4615
71.3868,0.6371,2.7471
71.3870,0.5795,2.4966
71.3872,0.569,2.4523
71.3874,0.5666,2.442
71.3876,0.5667,2.4391
71.3878,0.5715,2.4632
71.3880,0.5633,2.428
71.3882,0.5699,2.4576
71.3884,0.5921,2.5485
71.3886,0.6624,2.8483
71.3888,0.7027,3.0215
71.3890,0.7454,3.2021
71.3892,0.8408,3.6138
71.3894,0.6616,2.8513
71.3896,0.549,2.3649
71.3898,0.6656,2.8595
71.3900,0.7304,3.1436
71.3902,0.6337,2.7327
71.3904,0.569,2.4534
71.3906,0.5409,2.3303
71.3908,0.5364,2.3117
71.3910,0.5348,2.3061
71.3912,0.5261,2.2694
71.3914,0.5294,2.2828
71.3916,0.5249,2.2632
71.3918,0.5204,2.244
71.3920,0.5223,2.2523
71.3922,0.5269,2.272
71.3924,0.5094,2.1975
71.3926,0.506,2.181
71.3928,0.571,2.4577
71.3930,0.5618,2.4213
71.3932,0.5651,2.4312
71.3934,0.696,2.9954
71.3936,0.6569,2.8298
71.3938,0.5942,2.5549
71.3940,0.68,2.9227
71.3942,0.7099,3.0525
71.3944,0.709,3.0503
71.3946,0.6446,2.7733
71.3948,0.6553,2.8152
71.3950,0.6777,2.9197
71.3952,0.6547,2.8192
71.3954,0.6529,2.8089
71.3956,0.7087,3.0459
71.3958,0.6863,2.9523
71.3960,0.6243,2.6868
71.3962,0.5787,2.493
71.3964,0.5389,2.3226
71.3966,0.5958,2.5669
71.3968,0.603,2.5943
71.3970,0.652,2.8034
71.3972,0.6936,2.9865
71.3974,0.6402,2.7555
71.3976,0.6334,2.7248
71.3978,0.6108,2.6302
71.3980,0.6148,2.6485
71.3982,0.6036,2.5968
71.3984,0.6192,2.6639
71.3986,0.6255,2.6932
71.3988,0.5762,2.4845
71.3990,0.5131,2.2104
71.3992,0.5308,2.2848
71.3994,0.5943,2.5554
71.3996,0.6466,2.7841
71.3998,0.5889,2.5381
71.4000,0.5773,2.488
71.4002,0.5148,2.2197
71.4004,0.4877,2.1029
71.4006,0.483,2.0827
71.4008,0.4843,2.0874
71.4010,0.5265,2.2672
71.4012,0.5687,2.4501
71.4014,0.5891,2.538
71.4016,0.5755,2.4791
71.4018,0.6322,2.7196
71.4020,0.6584,2.8313
71.4022,0.7779,3.3386
71.4024,0.7951,3.4191
71.4026,0.668,2.8752
71.4028,0.7008,3.0091
71.4030,0.7879,3.3834
71.4032,0.7977,3.4267
71.4034,0.7813,3.3567
71.4036,0.7815,3.3556
71.4038,0.7607,3.2635
71.4040,0.8607,3.6908
71.4042,0.9132,3.9142
71.4044,0.9539,4.0865
71.4046,0.9755,4.179
71.4048,1.0106,4.3295
71.4050,0.9764,4.1831
71.4052,0.9894,4.2425
71.4054,0.936,4.01
71.4056,0.9653,4.1353
71.4058,0.9804,4.2059
71.4060,0.8563,3.6769
71.4062,0.8732,3.753
71.4064,0.8222,3.5307
71.4066,0.8128,3.4916
71.4068,0.7945,3.4149
71.4070,0.7917,3.401
71.4072,0.8298,3.5598
71.4074,0.833,3.5754
71.4076,0.8393,3.6055
71.4078,0.8256,3.5451
71.4080,0.8454,3.6284
71.4082,0.8575,3.6821
71.4084,0.8678,3.7246
71.4086,0.8706,3.7382
71.4088,0.858,3.679
71.4090,0.9065,3.8981
71.4092,0.7795,3.3536
71.4094,0.7355,3.1613
71.4096,0.721,3.1048
71.4098,0.6764,2.91
71.4100,0.7174,3.0835
71.4102,0.7256,3.1229
71.4104,0.653,2.812
71.4106,0.6371,2.7408
71.4108,0.719,3.0917
71.4110,0.7002,3.0149
71.4112,0.6661,2.8683
71.4114,0.6713,2.8851
71.4116,0.6922,2.9808
71.4118,0.6021,2.5925
71.4120,0.6792,2.9205
71.4122,0.7208,3.1023
71.4124,0.6562,2.8254
71.4126,0.6559,2.8257
71.4128,0.6943,2.9868
71.4130,0.7106,3.0584
71.4132,0.654,2.8174
71.4134,0.6193,2.6681
71.4136,0.6517,2.8037
71.4138,0.7056,3.0325
71.4140,0.7423,3.1961
71.4142,0.6449,2.7795
71.4144,0.6081,2.6208
71.4146,0.5958,2.5669
71.4148,0.5926,2.5553
71.4150,0.5938,2.5593
71.4152,0.5859,2.524
71.4154,0.5877,2.5294
71.4156,0.6553,2.8205
71.4158,0.6494,2.7965
71.4160,0.677,2.9125
71.4162,0.6703,2.885
71.4164,0.6413,2.7614
71.4166,0.6316,2.7208
71.4168,0.6345,2.7307
71.4170,0.6653,2.8593
71.4172,0.7312,3.1457
71.4174,0.7283,3.1362
71.4176,0.7196,3.1
71.4178,0.6854,2.9528
71.4180,0.5738,2.4741
71.4182,0.5656,2.439
71.4184,0.5497,2.368
71.4186,0.5436,2.3427
71.4188,0.5398,2.3278
71.4190,0.5397,2.3262
71.4192,0.6286,2.7041
71.4194,0.7124,3.0633
71.4196,0.6758,2.9074
71.4198,0.6944,2.9873
71.4200,0.7324,3.1479
71.4202,0.719,3.0945
71.4204,0.6539,2.8156
71.4206,0.652,2.8034
71.4208,0.7401,3.1794
71.4210,0.8038,3.4546
71.4212,0.7815,3.3572
71.4214,0.7969,3.4204
71.4216,0.7849,3.3737
71.4218,0.722,3.1046
71.4220,0.6629,2.853
71.4222,0.6216,2.6779
71.4224,0.6144,2.6482
71.4226,0.6297,2.71
71.4228,0.6691,2.8798
71.4230,0.6291,2.7112
71.4232,0.6291,2.7087
71.4234,0.6225,2.6778
71.4236,0.6528,2.8136
71.4238,0.6198,2.669
71.4240,0.6472,2.7867
71.4242,0.645,2.7787
71.4244,0.6096,2.6263
71.4246,0.6033,2.5989
71.4248,0.6047,2.5991
71.4250,0.6683,2.8776
71.4252,0.6427,2.7689
71.4254,0.5654,2.4368
71.4256,0.5461,2.3558
71.4258,0.543,2.3402
71.4260,0.5698,2.4514
71.4262,0.6652,2.8615
71.4264,0.6692,2.8777
71.4266,0.6834,2.9413
71.4268,0.6667,2.8722
71.4270,0.6387,2.7526
71.4272,0.6034,2.5994
71.4274,0.5727,2.4672
71.4276,0.6208,2.6743
71.4278,0.5912,2.5456
71.4280,0.591,2.5427
71.4282,0.6396,2.7542
71.4284,0.598,2.5774
71.4286,0.6063,2.6094
71.4288,0.6698,2.8856
71.4290,0.6397,2.7534
71.4292,0.6304,2.7131
71.4294,0.6321,2.7191
71.4296,0.7348,3.1597
71.4298,0.7066,3.0386
71.4300,0.6387,2.75
71.4302,0.5914,2.5478
71.4304,0.5822,2.5103
71.4306,0.6099,2.6273
71.4308,0.6022,2.5943
71.4310,0.5611,2.4216
71.4312,0.5238,2.2585
71.4314,0.5022,2.1644
71.4316,0.4744,2.0464
71.4318,0.4729,2.0412
71.4320,0.4858,2.0956
71.4322,0.479,2.0676
71.4324,0.4704,2.0303
71.4326,0.4701,2.0278
71.4328,0.4722,2.0371
71.4330,0.484,2.0869
71.4332,0.5277,2.2735
71.4334,0.5323,2.292
71.4336,0.6027,2.5951
71.4338,0.6187,2.6655
71.4340,0.6174,2.6549
71.4342,0.6693,2.8835
71.4344,0.615,2.6483
71.4346,0.6167,2.6555
71.4348,0.5919,2.5498
71.4350,0.6089,2.6183
71.4352,0.6598,2.8343
71.4354,0.7505,3.2303
71.4356,0.6641,2.8582
71.4358,0.66,2.8367
71.4360,0.7226,3.1042
71.4362,0.7696,3.3077
71.4364,0.7346,3.1558
71.4366,0.7558,3.2439
71.4368,0.7885,3.386
71.4370,0.81,3.4782
71.4372,0.8466,3.6335
71.4374,0.8646,3.7107
71.4376,0.8628,3.7047
71.4378,0.8689,3.7223
71.4380,0.9618,4.1204
71.4382,0.9195,3.9446
71.4384,0.9231,3.9582
71.4386,0.9287,3.9786
71.4388,0.9889,4.2385
71.4390,0.9751,4.1833
71.4392,0.923,3.9558
71.4394,1.0057,4.3084
71.4396,1.0256,4.3875
71.4398,1.1009,4.7097
71.4400,1.0971,4.6999
71.4402,1.0063,4.315
71.4404,0.9945,4.2587
71.4406,1.0527,4.5077
71.4408,1.0682,4.5761
71.4410,1.027,4.4019
71.4412,0.9922,4.2524
71.4414,0.9595,4.1202
71.4416,0.8503,3.6529
71.4418,0.8082,3.472
71.4420,0.8378,3.606
71.4422,0.6827,2.9423
71.4424,0.6307,2.7134
71.4426,0.6984,3.0044
71.4428,0.6756,2.9104
71.4430,0.6165,2.657
71.4432,0.6177,2.6621
71.4434,0.6318,2.7181
71.4436,0.6882,2.9633
71.4438,0.6379,2.7495
71.4440,0.6546,2.8174
71.4442,0.7172,3.0811
71.4444,0.7351,3.1608
71.4446,0.7439,3.2078
71.4448,0.6449,2.7782
71.4450,0.6558,2.8278
71.4452,0.5967,2.5717
71.4454,0.5986,2.5812
71.4456,0.5731,2.4687
71.4458,0.6159,2.6532
71.4460,0.6229,2.6849
71.4462,0.6111,2.63
71.4464,0.6481,2.7921
71.4466,0.6107,2.6334
71.4468,0.5823,2.512
71.4470,0.5877,2.5341
71.4472,0.5809,2.5046
71.4474,0.5382,2.3216
71.4476,0.5187,2.2347
71.4478,0.5789,2.4975
71.4480,0.5443,2.3491
71.4482,0.4996,2.1571
71.4484,0.4921,2.123
71.4486,0.5292,2.2839
71.4488,0.5069,2.1866
71.4490,0.5113,2.2037
71.4492,0.557,2.4006
71.4494,0.5274,2.2761
71.4496,0.4855,2.0965
71.4498,0.4886,2.109
71.4500,0.5016,2.1639
71.4502,0.4656,2.0124
71.4504,0.4019,1.7388
71.4506,0.4,1.7281
71.4508,0.4035,1.7383
71.4510,0.4892,2.1106
71.4512,0.4421,1.909
71.4514,0.4349,1.8762
71.4516,0.4703,2.0279
71.4518,0.4638,2.0018
71.4520,0.4523,1.9531
71.4522,0.4751,2.0495
71.4524,0.5362,2.3069
71.4526,0.6698,2.8803
71.4528,0.7122,3.0623
71.4530,0.6667,2.8668
71.4532,0.6277,2.7018
71.4534,0.6448,2.7738
71.4536,0.6665,2.8698
71.4538,0.672,2.8909
71.4540,0.6713,2.8864
71.4542,0.7124,3.0605
71.4544,0.7752,3.3273
71.4546,0.8041,3.4513
71.4548,0.7939,3.4139
71.4550,0.6937,2.9829
71.4552,0.7006,3.0142
71.4554,0.6876,2.9607
71.4556,0.6229,2.6824
71.4558,0.6428,2.7668
71.4560,0.6376,2.7441
71.4562,0.6375,2.7398
71.4564,0.6746,2.9009
71.4566,0.6438,2.7735
71.4568,0.6385,2.747
71.4570,0.6805,2.9248
71.4572,0.7461,3.2112
71.4574,0.6807,2.9285
71.4576,0.6903,2.9712
71.4578,0.6351,2.7358
71.4580,0.583,2.5128
71.4582,0.5551,2.3957
71.4584,0.5348,2.3061
71.4586,0.5937,2.5576
71.4588,0.5512,2.3758
71.4590,0.5011,2.1588
71.4592,0.586,2.5245
71.4594,0.5726,2.4644
71.4596,0.6481,2.7882
71.4598,0.7104,3.056
71.4600,0.6815,2.9357
71.4602,0.5734,2.4737
71.4604,0.5209,2.2471
71.4606,0.479,2.0666
71.4608,0.4799,2.0693
71.4610,0.5382,2.3195
71.4612,0.572,2.4629
71.4614,0.5591,2.4077
71.4616,0.5884,2.5372
71.4618,0.5619,2.4196
71.4620,0.646,2.7764
71.4622,0.6879,2.9609
71.4624,0.585,2.5204
71.4626,0.6294,2.7065
71.4628,0.665,2.8623
71.4630,0.611,2.6295
71.4632,0.6295,2.707
71.4634,0.7225,3.1081
71.4636,0.6604,2.8448
71.4638,0.6238,2.6823
71.4640,0.6463,2.7831
71.4642,0.5981,2.5743
71.4644,0.6404,2.7578
71.4646,0.5886,2.5382
71.4648,0.4927,2.1236
71.4650,0.4819,2.079
71.4652,0.4816,2.0784
71.4654,0.4813,2.0774
71.4656,0.4825,2.0806
71.4658,0.4812,2.075
71.4660,0.4806,2.0714
71.4662,0.4844,2.0899
71.4664,0.4764,2.0562
71.4666,0.4778,2.0624
71.4668,0.478,2.062
71.4670,0.4764,2.0543
71.4672,0.4844,2.0889
71.4674,0.5336,2.2988
71.4676,0.5518,2.3795
71.4678,0.5102,2.198
71.4680,0.5191,2.2352
71.4682,0.5336,2.2966
71.4684,0.5739,2.4701
71.4686,0.6292,2.7105
71.4688,0.6101,2.6235
71.4690,0.6763,2.9054
71.4692,0.7556,3.2459
71.4694,0.7839,3.3706
71.4696,0.7153,3.0714
71.4698,0.7411,3.1821
71.4700,0.7715,3.316
71.4702,0.805,3.4501
71.4704,0.9545,4.0872
71.4706,0.9788,4.1914
71.4708,0.9744,4.1743
71.4710,1.0113,4.3326
71.4712,0.9635,4.1314
71.4714,0.9073,3.8921
71.4716,0.9045,3.8803
71.4718,0.8758,3.7556
71.4720,0.8986,3.8551
71.4722,0.8793,3.774
71.4724,0.8963,3.8417
71.4726,0.9634,4.1252
71.4728,0.9714,4.1615
71.4730,0.965,4.1381
71.4732,0.9438,4.0528
71.4734,0.8826,3.7861
71.4736,0.87,3.7339
71.4738,0.8568,3.679
71.4740,0.8806,3.7779
71.4742,0.8553,3.6694
71.4744,0.8901,3.8132
71.4746,0.9629,4.1385
71.4748,0.7439,3.1989
71.4750,0.7119,3.0584
71.4752,0.8015,3.4416
71.4754,0.8598,3.6918
71.4756,0.8321,3.5746
71.4758,0.8319,3.5691
71.4760,0.8631,3.7028
71.4762,0.8686,3.7299
71.4764,0.8601,3.6917
71.4766,0.8858,3.8036
71.4768,0.8628,3.7013
71.4770,0.8294,3.5665
71.4772,0.7432,3.1973
71.4774,0.7394,3.1764
71.4776,0.784,3.3664
71.4778,0.789,3.3896
71.4780,0.8014,3.4411
71.4782,0.8384,3.6002
71.4784,0.8367,3.598
71.4786,0.8018,3.4447
71.4788,0.8318,3.5719
71.4790,0.8391,3.6033
71.4792,0.773,3.3299
71.4794,0.711,3.0571
71.4796,0.7506,3.2293
71.4798,0.7285,3.1353
71.4800,0.7487,3.2225
71.4802,0.7226,3.11
71.4804,0.669,2.882
71.4806,0.5958,2.5693
71.4808,0.5835,2.5172
71.4810,0.5699,2.4576
71.4812,0.568,2.4482
71.4814,0.5648,2.4342
71.4816,0.593,2.5557
71.4818,0.6484,2.7919
71.4820,0.6606,2.8432
71.4822,0.6193,2.6694
71.4824,0.5823,2.5108
71.4826,0.5864,2.5284
71.4828,0.5755,2.4802
71.4830,0.5829,2.5123
71.4832,0.5734,2.4714
71.4834,0.5751,2.481
71.4836,0.5101,2.2026
71.4838,0.4848,2.0924
71.4840,0.4891,2.1081
71.4842,0.5336,2.2998
71.4844,0.5367,2.3165
71.4846,0.5409,2.3325
71.4848,0.5671,2.4452
71.4850,0.5287,2.2808
71.4852,0.5237,2.259
71.4854,0.5758,2.4783
71.4856,0.6353,2.7343
71.4858,0.6388,2.7493
71.4860,0.6319,2.7211
71.4862,0.6306,2.7154
71.4864,0.634,2.7299
71.4866,0.6375,2.7461
71.4868,0.6348,2.7348
71.4870,0.634,2.7261
71.4872,0.6588,2.8328
71.4874,0.6733,2.8979
71.4876,0.6883,2.961
71.4878,0.7114,3.0606
71.4880,0.6663,2.872
71.4882,0.631,2.7195
71.4884,0.6252,2.6934
71.4886,0.6303,2.7101
71.4888,0.6907,2.9714
71.4890,0.6853,2.9481
71.4892,0.7626,3.2717
71.4894,0.8623,3.7009
71.4896,0.806,3.4676
71.4898,0.6689,2.8815
71.4900,0.611,2.632
71.4902,0.6047,2.6039
71.4904,0.603,2.5979
71.4906,0.6121,2.6335
71.4908,0.6446,2.7758
71.4910,0.6138,2.6456
71.4912,0.6135,2.6428
71.4914,0.6002,2.5855
71.4916,0.6532,2.8138
71.4918,0.594,2.5615
71.4920,0.537,2.3154
71.4922,0.5285,2.2797
71.4924,0.5765,2.4814
71.4926,0.6313,2.7173
71.4928,0.6658,2.8641
71.4930,0.7094,3.0504
71.4932,0.7396,3.1789
71.4934,0.7484,3.2165
71.4936,0.8136,3.492
71.4938,0.7731,3.3211
71.4940,0.7244,3.112
71.4942,0.7505,3.2273
71.4944,0.7329,3.1559
71.4946,0.6634,2.859
71.4948,0.6267,2.6984
71.4950,0.6198,2.6702
71.4952,0.6511,2.8011
71.4954,0.7096,3.0514
71.4956,0.687,2.9499
71.4958,0.783,3.3623
71.4960,0.7515,3.2344
71.4962,0.7273,3.1243
71.4964,0.7743,3.3294
71.4966,0.7707,3.3124
71.4968,0.7943,3.4202
71.4970,0.6773,2.9109
71.4972,0.745,3.205
71.4974,0.721,3.1048
71.4976,0.6492,2.7955
71.4978,0.6987,3.0073
71.4980,0.7141,3.0691
71.4982,0.802,3.4421
71.4984,0.851,3.6594
71.4986,0.7485,3.2245
71.4988,0.6346,2.7312
71.4990,0.6357,2.7358
71.4992,0.63,2.7166
71.4994,0.5456,2.3559
71.4996,0.501,2.1603
71.4998,0.5069,2.1846
71.5000,0.544,2.3426
71.5002,0.5998,2.5815
71.5004,0.6349,2.7353
71.5006,0.5913,2.5484
71.5008,0.5334,2.3009
71.5010,0.4968,2.1452
71.5012,0.4979,2.1478
71.5014,0.5091,2.1934
71.5016,0.5913,2.5473
71.5018,0.604,2.5996
71.5020,0.647,2.7836
71.5022,0.6909,2.9696
71.5024,0.7357,3.1574
71.5026,0.7963,3.4242
71.5028,0.7355,3.1658
71.5030,0.7499,3.2217
71.5032,0.7743,3.3278
71.5034,0.7131,3.0664
71.5036,0.7679,3.299
71.5038,0.804,3.4508
71.5040,0.8703,3.725
71.5042,0.9906,4.2496
71.5044,0.9388,4.0255
71.5046,0.9588,4.1095
71.5048,0.9746,4.1793
71.5050,0.968,4.151
71.5052,0.9558,4.0947
71.5054,0.9544,4.0962
71.5056,0.9338,4.0002
71.5058,0.9751,4.1774
71.5060,1.0071,4.3186
71.5062,1.0092,4.3253
71.5064,1.0333,4.4245
71.5066,1.0599,4.5321
71.5068,1.0814,4.6347
71.5070,0.998,4.2755
71.5072,0.9895,4.2509
71.5074,0.8829,3.7912
71.5076,0.8787,3.7732
71.5078,0.8439,3.6306
71.5080,0.7883,3.3928
71.5082,0.7469,3.2118
71.5084,0.7178,3.0908
71.5086,0.6901,2.9674
71.5088,0.7655,3.2917
71.5090,0.7758,3.3392
71.5092,0.6153,2.6518
71.5094,0.622,2.6807
71.5096,0.6328,2.7247
71.5098,0.6353,2.7343
71.5100,0.7333,3.153
71.5102,0.7683,3.3067
71.5104,0.699,3.0097
71.5106,0.6264,2.7011
71.5108,0.6233,2.6877
71.5110,0.5791,2.4969
71.5112,0.5876,2.5312
71.5114,0.6745,2.9031
71.5116,0.7192,3.0999
71.5118,0.6108,2.6315
71.5120,0.5931,2.555
71.5122,0.6318,2.7206
71.5124,0.6842,2.949
71.5126,0.6367,2.7418
71.5128,0.6389,2.7511
71.5130,0.659,2.8365
71.5132,0.7033,3.0297
71.5134,0.6317,2.7226
71.5136,0.5713,2.461
71.5138,0.6488,2.7991
71.5140,0.5806,2.5059
71.5142,0.5332,2.2972
71.5144,0.6267,2.6984
71.5146,0.6575,2.8337
71.5148,0.6497,2.7988
71.5150,0.6568,2.8293
71.5152,0.6304,2.7144
71.5154,0.6758,2.9114
71.5156,0.6799,2.9304
71.5158,0.6153,2.653
71.5160,0.605,2.6037
71.5162,0.646,2.7828
71.5164,0.6234,2.6894
71.5166,0.592,2.5515
71.5168,0.5896,2.5459
71.5170,0.4846,2.0923
71.5172,0.4474,1.9318
71.5174,0.4729,2.0421
71.5176,0.4714,2.0354
71.5178,0.4721,2.0385
71.5180,0.4621,1.9937
71.5182,0.4612,1.9923
71.5184,0.5107,2.2011
71.5186,0.584,2.5134
71.5188,0.6283,2.7044
71.5190,0.6412,2.7647
71.5192,0.574,2.4729
71.5194,0.5708,2.4601
71.5196,0.5722,2.4674
71.5198,0.5733,2.4709
71.5200,0.5661,2.4376
71.5202,0.5674,2.4433
71.5204,0.6613,2.845
71.5206,0.8005,3.4407
71.5208,0.7363,3.1659
71.5210,0.7346,3.1543
71.5212,0.8662,3.7214
71.5214,0.7737,3.3252
71.5216,0.7375,3.174
71.5218,0.6805,2.9275
71.5220,0.7451,3.2056
71.5222,0.6976,3.0013
71.5224,0.6247,2.6926
71.5226,0.5595,2.4126
71.5228,0.555,2.3918
71.5230,0.5999,2.582
71.5232,0.6282,2.7051
71.5234,0.64,2.7519
71.5236,0.7071,3.0463
71.5238,0.6524,2.8094
71.5240,0.6608,2.8482
71.5242,0.5653,2.4374
71.5244,0.5493,2.3665
71.5246,0.5433,2.3384
71.5248,0.5789,2.4964
71.5250,0.4823,2.0825
71.5252,0.4684,2.0206
71.5254,0.4847,2.089
71.5256,0.5153,2.2208
71.5258,0.5378,2.3169
71.5260,0.5872,2.5297
71.5262,0.6137,2.6414
71.5264,0.6051,2.6067
71.5266,0.5444,2.3474
71.5268,0.5033,2.1731
71.5270,0.4715,2.035
71.5272,0.4653,2.0071
71.5274,0.4879,2.1039
71.5276,0.4783,2.0645
71.5278,0.4583,1.9789
71.5280,0.4597,1.9833
71.5282,0.5106,2.1986
71.5284,0.531,2.2885
71.5286,0.5653,2.4363
71.5288,0.5864,2.5226
71.5290,0.6151,2.6501
71.5292,0.6059,2.6091
71.5294,0.6077,2.6168
71.5296,0.5867,2.5253
71.5298,0.601,2.5879
71.5300,0.5913,2.5461
71.5302,0.6129,2.639
71.5304,0.5988,2.5762
71.5306,0.6369,2.7436
71.5308,0.6321,2.7242
71.5310,0.5812,2.5015
71.5312,0.5343,2.3051
71.5314,0.4878,2.1044
71.5316,0.4731,2.0389
71.5318,0.4678,2.018
71.5320,0.4716,2.0364
71.5322,0.4808,2.0744
71.5324,0.4922,2.1206
71.5326,0.5209,2.244
71.5328,0.5277,2.2735
71.5330,0.5744,2.4733
71.5332,0.607,2.6137
71.5334,0.609,2.6201
71.5336,0.6034,2.5958
71.5338,0.6086,2.6192
71.5340,0.6396,2.7529
71.5342,0.6404,2.7565
71.5344,0.6505,2.7959
71.5346,0.6646,2.8642
71.5348,0.5974,2.5652
71.5350,0.7246,3.1188
71.5352,0.6131,2.6376
71.5354,0.6581,2.8284
71.5356,0.7159,3.074
71.5358,0.7797,3.3463
71.5360,0.8685,3.7277
71.5362,0.8601,3.6882
71.5364,0.8655,3.7114
71.5366,0.8659,3.7146
71.5368,0.8867,3.8006
71.5370,0.8833,3.791
71.5372,0.8608,3.6913
71.5374,0.8838,3.7895
71.5376,0.9004,3.8592
71.5378,0.9543,4.0842
71.5380,1.0157,4.349
71.5382,0.9617,4.118
71.5384,0.9893,4.2321
71.5386,1.0334,4.425
71.5388,1.0087,4.3253
71.5390,0.899,3.8602
71.5392,0.857,3.6766
71.5394,0.8834,3.788
71.5396,0.8696,3.7323
71.5398,0.8653,3.7138
71.5400,0.9031,3.8723
71.5402,0.9742,4.1753
71.5404,0.9808,4.2055
71.5406,0.9016,3.8806
71.5408,0.7283,3.129
71.5410,0.7836,3.3664
71.5412,0.7613,3.2752
71.5414,0.7328,3.1524
71.5416,0.7154,3.0791
71.5418,0.7226,3.1071
71.5420,0.765,3.2866
71.5422,0.8264,3.5504
71.5424,0.8313,3.5731
71.5426,0.8095,3.4761
71.5428,0.8184,3.5158
71.5430,0.82,3.5242
71.5432,0.79,3.3953
71.5434,0.7569,3.2561
71.5436,0.7111,3.0605
71.5438,0.7038,3.029
71.5440,0.6833,2.938
71.5442,0.6932,2.9836
71.5444,0.7046,3.0298
71.5446,0.7146,3.0726
71.5448,0.7521,3.234
71.5450,0.7148,3.075
71.5452,0.6782,2.9204
71.5454,0.6931,2.9831
71.5456,0.6562,2.8293
71.5458,0.6365,2.7407
71.5460,0.5912,2.5467
71.5462,0.5913,2.5461
71.5464,0.6319,2.7211
71.5466,0.6469,2.7882
71.5468,0.6564,2.8304
71.5470,0.5986,2.5788
71.5472,0.5627,2.4254
71.5474,0.5781,2.4904
71.5476,0.6239,2.6878
71.5478,0.6139,2.6461
71.5480,0.5695,2.4532
71.5482,0.5945,2.5624
71.5484,0.6436,2.7712
71.5486,0.6574,2.8293
71.5488,0.6624,2.8496
71.5490,0.6294,2.7128
71.5492,0.5892,2.5408
71.5494,0.5805,2.5008
71.5496,0.6138,2.6444
71.5498,0.6193,2.6669
71.5500,0.6478,2.7932
71.5502,0.5708,2.4612
71.5504,0.598,2.5774
71.5506,0.5588,2.4084
71.5508,0.5516,2.3763
71.5510,0.5385,2.3232
71.5512,0.4889,2.109
71.5514,0.5029,2.1675
71.5516,0.5546,2.3892
71.5518,0.6193,2.6644
71.5520,0.736,3.1605
71.5522,0.7303,3.1416
71.5524,0.6521,2.8052
71.5526,0.6717,2.8899
71.5528,0.6905,2.9703
71.5530,0.7259,3.1201
71.5532,0.7466,3.2073
71.5534,0.7839,3.3706
71.5536,0.7509,3.2273
71.5538,0.7889,3.3875
71.5540,0.8092,3.4762
71.5542,0.7587,3.2593
71.5544,0.7616,3.2747
71.5546,0.7473,3.2119
71.5548,0.7852,3.3763
71.5550,0.8045,3.4545
71.5552,0.8517,3.6539
71.5554,0.8529,3.6642
71.5556,0.7835,3.3722
71.5558,0.7357,3.1574
71.5560,0.7947,3.4091
71.5562,0.8501,3.6518
71.5564,0.8094,3.4837
71.5566,0.7461,3.2082
71.5568,0.7552,3.2504
71.5570,0.649,2.7957
71.5572,0.6241,2.6888
71.5574,0.6361,2.7392
71.5576,0.6378,2.7426
71.5578,0.652,2.8099
71.5580,0.5585,2.4073
71.5582,0.5508,2.3749
71.5584,0.5515,2.3791
71.5586,0.6159,2.647
71.5588,0.7105,3.0565
71.5590,0.6209,2.6749
71.5592,0.6593,2.8362
71.5594,0.7017,3.0202
71.5596,0.6626,2.8546
71.5598,0.6581,2.8389
71.5600,0.5797,2.496
71.5602,0.6593,2.8362
71.5604,0.6713,2.8932
71.5606,0.5842,2.5191
71.5608,0.5503,2.3728
71.5610,0.5493,2.3676
71.5612,0.5527,2.3787
71.5614,0.6204,2.6715
71.5616,0.6638,2.8531
71.5618,0.7566,3.249
71.5620,0.8035,3.4487
71.5622,0.8072,3.4695
71.5624,0.7124,3.0647
71.5626,0.6373,2.7456
71.5628,0.6187,2.6618
71.5630,0.6717,2.8925
71.5632,0.6673,2.8721
71.5634,0.6803,2.9278
71.5636,0.6704,2.8828
71.5638,0.6976,3.0013
71.5640,0.6775,2.916
71.5642,0.6725,2.8943
71.5644,0.6806,2.9267
71.5646,0.7578,3.2587
71.5648,0.7188,3.0921
71.5650,0.7209,3.1028
71.5652,0.6813,2.9284
71.5654,0.7867,3.3846
71.5656,0.6672,2.8756
71.5658,0.5819,2.5105
71.5660,0.5031,2.1716
71.5662,0.5514,2.3774
71.5664,0.5499,2.3723
71.5666,0.4879,2.1059
71.5668,0.4784,2.065
71.5670,0.4794,2.0682
71.5672,0.484,2.0869
71.5674,0.498,2.1473
71.5676,0.4997,2.1546
71.5678,0.4997,2.1556
71.5680,0.5328,2.2952
71.5682,0.6319,2.7161
71.5684,0.7572,3.2516
71.5686,0.7843,3.3727
71.5688,0.7255,3.1195
71.5690,0.7042,3.0254
71.5692,0.7755,3.3314
71.5694,0.7935,3.4039
71.5696,0.8325,3.5783
71.5698,0.7961,3.42
71.5700,0.8164,3.5038
71.5702,0.8412,3.6103
71.5704,0.8614,3.6956
71.5706,0.9007,3.8638
71.5708,0.8595,3.6857
71.5710,0.8653,3.7138
71.5712,0.8848,3.7995
71.5714,0.839,3.6011
71.5716,0.8497,3.6435
71.5718,0.9594,4.112
71.5720,0.9616,4.1251
71.5722,0.9095,3.8946
71.5724,0.9961,4.2653
71.5726,1.0065,4.316
71.5728,0.9306,3.9961
71.5730,0.8984,3.854
71.5732,0.8957,3.8409
71.5734,0.9577,4.1087
71.5736,0.9752,4.174
71.5738,1.0031,4.3031
71.5740,0.9255,3.9722
71.5742,0.9504,4.0773
71.5744,0.9869,4.2317
71.5746,0.9516,4.0767
71.5748,0.9998,4.2812
71.5750,0.9878,4.2437
71.5752,0.874,3.7514
71.5754,0.8479,3.6392
71.5756,0.8752,3.7513
71.5758,0.9869,4.2297
71.5760,1.0287,4.4112
71.5762,0.9546,4.0934
71.5764,0.9366,4.02
71.5766,0.8943,3.8383
71.5768,0.8442,3.63
71.5770,0.7448,3.21
71.5772,0.6596,2.8417
71.5774,0.7306,3.1431
71.5776,0.7704,3.3129
71.5778,0.7684,3.3056
71.5780,0.7351,3.1666
71.5782,0.6583,2.836
71.5784,0.6261,2.7008
71.5786,0.5649,2.437
71.5788,0.5892,2.5397
71.5790,0.6403,2.7598
71.5792,0.6348,2.736
71.5794,0.6286,2.7104
71.5796,0.6009,2.5898
71.5798,0.5866,2.5306
71.5800,0.5644,2.4327
71.5802,0.5898,2.5411
71.5804,0.6246,2.6934
71.5806,0.583,2.5174
71.5808,0.5233,2.2575
71.5810,0.5517,2.3823
71.5812,0.504,2.1772
71.5814,0.4883,2.1074
71.5816,0.4796,2.0702
71.5818,0.4888,2.1095
71.5820,0.5568,2.4007
71.5822,0.5698,2.4559
71.5824,0.5952,2.5691
71.5826,0.5418,2.3361
71.5828,0.5371,2.317
71.5830,0.4738,2.0476
71.5832,0.4254,1.8371
71.5834,0.4655,2.01
71.5836,0.4516,1.9509
71.5838,0.4503,1.9452
71.5840,0.4534,1.9577
71.5842,0.4539,1.9589
71.5844,0.4553,1.966
71.5846,0.4554,1.9638
71.5848,0.5316,2.2911
71.5850,0.5449,2.3484
71.5852,0.5852,2.5186
71.5854,0.6414,2.7645
71.5856,0.5713,2.4644
71.5858,0.5548,2.3913
71.5860,0.5584,2.4068
71.5862,0.5544,2.3904
71.5864,0.5618,2.4224
71.5866,0.5749,2.4753
71.5868,0.6331,2.7237
71.5870,0.6849,2.948
71.5872,0.6773,2.9109
71.5874,0.7751,3.3299
71.5876,0.7125,3.0695
71.5878,0.5725,2.4662
71.5880,0.5805,2.5008
71.5882,0.5448,2.3457
71.5884,0.5438,2.3449
71.5886,0.6202,2.6655
71.5888,0.7801,3.3609
71.5890,0.644,2.7746
71.5892,0.6247,2.6926
71.5894,0.5462,2.3574
71.5896,0.5335,2.3004
71.5898,0.5274,2.273
71.5900,0.5211,2.2451
71.5902,0.5261,2.2683
71.5904,0.5326,2.2989
71.5906,0.5475,2.3609
71.5908,0.5397,2.3284
71.5910,0.5067,2.1851
71.5912,0.5255,2.2637
71.5914,0.5527,2.3809
71.5916,0.5752,2.4803
71.5918,0.5265,2.2683
71.5920,0.5554,2.3917
71.5922,0.5371,2.3191
71.5924,0.5123,2.2089
71.5926,0.5749,2.4765
71.5928,0.6515,2.8001
71.5930,0.6967,2.9944
71.5932,0.6638,2.8585
71.5934,0.6136,2.6421
71.5936,0.5999,2.5796
71.5938,0.6788,2.9176
71.5940,0.6747,2.9108
71.5942,0.6052,2.6072
71.5944,0.6263,2.6956
71.5946,0.5894,2.5366
71.5948,0.5904,2.5389
71.5950,0.6594,2.8314
71.5952,0.7174,3.0821
71.5954,0.7541,3.2412
71.5956,0.8078,3.4721
71.5958,0.7402,3.1844
71.5960,0.7382,3.1727
71.5962,0.7082,3.0481
71.5964,0.595,2.5633
71.5966,0.5825,2.5049
71.5968,0.6901,2.9674
71.5970,0.658,2.8305
71.5972,0.6806,2.9253
71.5974,0.7725,3.317
71.5976,0.8159,3.5034
71.5978,0.7586,3.2694
71.5980,0.5918,2.5517
71.5982,0.5183,2.2337
71.5984,0.4876,2.1033
71.5986,0.484,2.0888
71.5988,0.4796,2.0702
71.5990,0.4792,2.069
71.5992,0.4834,2.0833
71.5994,0.4837,2.0868
71.5996,0.4885,2.1075
71.5998,0.4994,2.1536
71.6000,0.4962,2.1386
71.6002,0.4952,2.1355
71.6004,0.5094,2.1954
71.6006,0.5595,2.4081
71.6008,0.6285,2.7061
71.6010,0.6557,2.826
71.6012,0.5958,2.5621
71.6014,0.6628,2.8472
71.6016,0.787,3.3824
71.6018,0.73,3.1391
71.6020,0.6823,2.9325
71.6022,0.716,3.0759
71.6024,0.8001,3.4354
71.6026,0.8403,3.6051
71.6028,0.8287,3.5585
71.6030,0.7716,3.3149
71.6032,0.79,3.3937
71.6034,0.7497,3.2177
71.6036,0.823,3.5288
71.6038,0.8527,3.6598
71.6040,0.8515,3.658
71.6042,0.8418,3.6112
71.6044,0.8832,3.7834
71.6046,0.9196,3.9414
71.6048,0.9551,4.0974
71.6050,0.9094,3.8941
71.6052,0.972,4.1621
71.6054,1.0218,4.3752
71.6056,0.9997,4.2787
71.6058,1.0109,4.3285
71.6060,1.0484,4.4892
71.6062,1.0575,4.5219
71.6064,1.0995,4.7013
71.6066,1.0788,4.6196
71.6068,1.0027,4.3036
71.6070,0.8522,3.6645
71.6072,0.8001,3.4354
71.6074,0.824,3.5417
71.6076,0.8301,3.5647
71.6078,0.9021,3.8718
71.6080,0.8131,3.4964
71.6082,0.7719,3.316
71.6084,0.7485,3.217
71.6086,0.7381,3.1781
71.6088,0.6767,2.9124
71.6090,0.6987,3.0059
71.6092,0.7249,3.1198
71.6094,0.6932,2.9822
71.6096,0.7367,3.1636
71.6098,0.8381,3.602
71.6100,0.681,2.9377
71.6102,0.5677,2.4478
71.6104,0.6324,2.7232
71.6106,0.6468,2.7864
71.6108,0.6617,2.8492
71.6110,0.6952,2.9965
71.6112,0.6132,2.6418
71.6114,0.6127,2.6397
71.6116,0.6369,2.741
71.6118,0.7247,3.1179
71.6120,0.7047,3.0303
71.6122,0.7372,3.1745
71.6124,0.6922,2.9794
71.6126,0.7162,3.0841
71.6128,0.6807,2.9313
71.6130,0.6106,2.6292
71.6132,0.6523,2.8076
71.6134,0.6328,2.7285
71.6136,0.6331,2.7263
71.6138,0.6697,2.8811
71.6140,0.6788,2.9216
71.6142,0.6791,2.924
71.6144,0.6598,2.8369
71.6146,0.7432,3.1943
71.6148,0.781,3.3567
71.6150,0.7918,3.4015
71.6152,0.8118,3.4908
71.6154,0.7649,3.2876
71.6156,0.8004,3.4418
71.6158,0.7347,3.1651
71.6160,0.6336,2.7296
71.6162,0.6118,2.6356
71.6164,0.5988,2.581
71.6166,0.6042,2.6043
71.6168,0.6093,2.6247
71.6170,0.6113,2.6323
71.6172,0.6677,2.8723
71.6174,0.7054,3.0419
71.6176,0.5268,2.2704
71.6178,0.636,2.7361
71.6180,0.6577,2.8334
71.6182,0.6481,2.7921
71.6184,0.6927,2.9801
71.6186,0.6906,2.9722
71.6188,0.645,2.7787
71.6190,0.6387,2.7487
71.6192,0.6514,2.7982
71.6194,0.7721,3.3154
71.6196,0.825,3.5458
71.6198,0.8036,3.4525
71.6200,0.8089,3.4832
71.6202,0.6863,2.9564
71.6204,0.633,2.7245
71.6206,0.6365,2.7369
71.6208,0.705,3.0299
71.6210,0.7629,3.2804
71.6212,0.7155,3.0824
71.6214,0.6427,2.7702
71.6216,0.6292,2.7055
71.6218,0.7656,3.2938
71.6220,0.6785,2.9201
71.6222,0.6931,2.9817
71.6224,0.7011,3.0148
71.6226,0.7395,3.1769
71.6228,0.7672,3.3005
71.6230,0.7243,3.1172
71.6232,0.6762,2.9103
71.6234,0.6839,2.9461
71.6236,0.6058,2.6122
71.6238,0.5583,2.4052
71.6240,0.6173,2.6606
71.6242,0.5636,2.4313
71.6244,0.5492,2.3692
71.6246,0.5487,2.3661
71.6248,0.546,2.3553
71.6250,0.5978,2.5728
71.6252,0.7075,3.0464
71.6254,0.6094,2.6265
71.6256,0.5797,2.4925
71.6258,0.7264,3.1251
71.6260,0.6931,2.9831
71.6262,0.6482,2.79
71.6264,0.6171,2.6596
71.6266,0.553,2.3836
71.6268,0.5487,2.3672
71.6270,0.5492,2.367
71.6272,0.5639,2.4295
71.6274,0.5984,2.5777
71.6276,0.5671,2.4452
71.6278,0.5737,2.4713
71.6280,0.6565,2.827
71.6282,0.6505,2.7998
71.6284,0.7584,3.2613
71.6286,0.7245,3.1183
71.6288,0.6776,2.9111
71.6290,0.7787,3.3516
71.6292,0.7171,3.082
71.6294,0.6896,2.9708
71.6296,0.6318,2.7244
71.6298,0.5943,2.5578
71.6300,0.6392,2.7513
71.6302,0.6842,2.9435
71.6304,0.6674,2.8726
71.6306,0.6249,2.6869
71.6308,0.6672,2.8743
71.6310,0.6107,2.6309
71.6312,0.5698,2.4582
71.6314,0.4986,2.1509
71.6316,0.4992,2.1505
71.6318,0.6233,2.6839
71.6320,0.5999,2.5856
71.6322,0.535,2.3071
71.6324,0.5207,2.2419
71.6326,0.5656,2.4344
71.6328,0.6072,2.6147
71.6330,0.6156,2.6534
71.6332,0.6111,2.63
71.6334,0.6558,2.8226
71.6336,0.6369,2.7423
71.6338,0.6605,2.8453
71.6340,0.5916,2.5488
71.6342,0.5725,2.4662
71.6344,0.6096,2.6239
71.6346,0.6566,2.8249
71.6348,0.751,3.2293
71.6350,0.766,3.2907
71.6352,0.8026,3.4446
71.6354,0.8272,3.5501
71.6356,0.8146,3.4977
71.6358,0.7854,3.3695
71.6360,0.8417,3.6141
71.6362,0.8587,3.6872
71.6364,0.8616,3.6944
71.6366,0.9061,3.8815
71.6368,0.9444,4.0459
71.6370,0.9686,4.1497
71.6372,0.9701,4.1578
71.6374,0.9617,4.1237
71.6376,0.9654,4.1377
71.6378,0.9913,4.2507
71.6380,0.9498,4.0823
71.6382,0.8537,3.6639
71.6384,0.8559,3.6737
71.6386,0.8447,3.6287
71.6388,0.8631,3.6976
71.6390,1.0113,4.3386
71.6392,0.9292,3.9844
71.6394,0.9214,3.9547
71.6396,0.8773,3.7618
71.6398,1.0344,4.4291
71.6400,1.0705,4.5837
71.6402,1.0489,4.4913
71.6404,0.914,3.9301
71.6406,0.7819,3.3639
71.6408,0.7739,3.3294
71.6410,0.768,3.3056
71.6412,0.6816,2.9335
71.6414,0.6833,2.9435
71.6416,0.678,2.9153
71.6418,0.686,2.9567
71.6420,0.6378,2.7464
71.6422,0.683,2.9383
71.6424,0.7341,3.1522
71.6426,0.8231,3.5425
71.6428,0.7837,3.3701
71.6430,0.7872,3.3835
71.6432,0.7412,3.1885
71.6434,0.7449,3.206
71.6436,0.7196,3.1
71.6438,0.6681,2.877
71.6440,0.6629,2.857
71.6442,0.5853,2.5238
71.6444,0.5993,2.5843
71.6446,0.631,2.7182
71.6448,0.6466,2.7841
71.6450,0.6841,2.9416
71.6452,0.7063,3.0412
71.6454,0.6231,2.6841
71.6456,0.6298,2.7156
71.6458,0.5639,2.434
71.6460,0.5436,2.3438
71.6462,0.5907,2.547
71.6464,0.5267,2.2741
71.6466,0.4589,1.9797
71.6468,0.5497,2.3702
71.6470,0.5648,2.4331
71.6472,0.5928,2.554
71.6474,0.6087,2.627
71.6476,0.5256,2.2694
71.6478,0.5141,2.2156
71.6480,0.5627,2.4288
71.6482,0.5157,2.2259
71.6484,0.5262,2.2657
71.6486,0.6237,2.6867
71.6488,0.6064,2.6136
71.6490,0.5849,2.5234
71.6492,0.5785,2.4943
71.6494,0.5615,2.4225
71.6496,0.4955,2.1385
71.6498,0.4828,2.0836
71.6500,0.4895,2.1106
71.6502,0.5326,2.2936
71.6504,0.577,2.4823
71.6506,0.6729,2.9017
71.6508,0.5509,2.3765
71.6510,0.5444,2.3453
71.6512,0.5613,2.4215
71.6514,0.5177,2.2332
71.6516,0.5288,2.276
71.6518,0.6375,2.7474
71.6520,0.5614,2.4198
71.6522,0.5167,2.228
71.6524,0.5181,2.2352
71.6526,0.559,2.4083
71.6528,0.6294,2.7103
71.6530,0.6154,2.6474
71.6532,0.6623,2.8491
71.6534,0.669,2.8793
71.6536,0.6661,2.8629
71.6538,0.6803,2.9292
71.6540,0.6608,2.8442
71.6542,0.6631,2.854
71.6544,0.6335,2.7304
71.6546,0.5956,2.5635
71.6548,0.7216,3.1001
71.6550,0.736,3.1663
71.6552,0.7047,3.0303
71.6554,0.719,3.0888
71.6556,0.742,3.1936
71.6558,0.6444,2.7761
71.6560,0.642,2.7606
71.6562,0.6955,2.9906
71.6564,0.7074,3.0416
71.6566,0.6701,2.8853
71.6568,0.6599,2.8401
71.6570,0.638,2.7474
71.6572,0.609,2.6249
71.6574,0.5931,2.5538
71.6576,0.6551,2.8181
71.6578,0.7191,3.0907
71.6580,0.7259,3.1274
71.6582,0.6083,2.6194
71.6584,0.6468,2.7826
71.6586,0.6606,2.8419
71.6588,0.5805,2.5042
71.6590,0.5088,2.1929
71.6592,0.5656,2.4378
71.6594,0.6026,2.597
71.6596,0.6126,2.6404
71.6598,0.5727,2.4672
71.6600,0.5207,2.2461
71.6602,0.481,2.0758
71.6604,0.4737,2.0414
71.6606,0.4879,2.1039
71.6608,0.548,2.3586
71.6610,0.6569,2.8259
71.6612,0.6779,2.9175
71.6614,0.6498,2.8006
71.6616,0.5774,2.4873
71.6618,0.5709,2.4583
71.6620,0.5739,2.4701
71.6622,0.6436,2.7699
71.6624,0.645,2.7722
71.6626,0.6725,2.8943
71.6628,0.6474,2.7877
71.6630,0.6765,2.9132
71.6632,0.5968,2.571
71.6634,0.5573,2.4011
71.6636,0.5938,2.5569
71.6638,0.6421,2.7637
71.6640,0.6527,2.8091
71.6642,0.6618,2.847
71.6644,0.641,2.7604
71.6646,0.6472,2.788
71.6648,0.6455,2.7782
71.6650,0.6455,2.7769
71.6652,0.6398,2.7552
71.6654,0.6382,2.748
71.6656,0.6316,2.7158
71.6658,0.7064,3.0361
71.6660,0.7403,3.1864
71.6662,0.6988,3.005
71.6664,0.7114,3.0578
71.6666,0.7125,3.0652
71.6668,0.6932,2.9822
71.6670,0.7102,3.0512
71.6672,0.7376,3.1672
71.6674,0.7538,3.2397
71.6676,0.7524,3.234
71.6678,0.7902,3.3948
71.6680,0.781,3.3551
71.6682,0.7405,3.181
71.6684,0.7135,3.0679
71.6686,0.7086,3.044
71.6688,0.8033,3.4477
71.6690,0.9185,3.9368
71.6692,0.9929,4.2515
71.6694,0.9984,4.2791
71.6696,0.9762,4.1879
71.6698,0.9553,4.0946
71.6700,0.9966,4.2614
71.6702,1.046,4.4789
71.6704,0.9829,4.2147
71.6706,1.016,4.3607
71.6708,0.9346,4.0075
71.6710,0.9287,3.9805
71.6712,0.9292,3.9844
71.6714,0.9185,3.9441
71.6716,0.9359,4.0094
71.6718,1.0027,4.3016
71.6720,0.9393,4.0182
71.6722,1.0641,4.5607
71.6724,1.0556,4.5221
71.6726,1.1082,4.741
71.6728,1.1516,4.9221
71.6730,1.1657,4.9867
71.6732,1.0731,4.6036
71.6734,0.9615,4.1304
71.6736,0.907,3.8911
71.6738,0.9322,4.001
71.6740,0.8948,3.8422
71.6742,0.8925,3.8271
71.6744,0.9406,4.037
71.6746,0.9802,4.1951
71.6748,1.0811,4.6315
71.6750,0.9875,4.2402
71.6752,0.9088,3.9006
71.6754,0.9196,3.9469
71.6756,0.9553,4.0946
71.6758,0.9709,4.1614
71.6760,1.0076,4.3166
71.6762,1.063,4.5625
71.6764,1.0417,4.4667
71.6766,1.0468,4.4888
71.6768,1.0075,4.3202
71.6770,1.0587,4.5418
71.6772,0.991,4.2532
71.6774,0.8745,3.7587
71.6776,0.8617,3.7018
71.6778,0.8534,3.668
71.6780,0.8477,3.6449
71.6782,0.7845,3.3763
71.6784,0.7671,3.303
71.6786,0.7887,3.3881
71.6788,0.8607,3.696
71.6790,0.8954,3.843
71.6792,0.911,3.9117
71.6794,0.8803,3.7905
71.6796,0.747,3.2213
71.6798,0.6846,2.9492
71.6800,0.694,2.9872
71.6802,0.7136,3.0756
71.6804,0.6887,2.9653
71.6806,0.7291,3.1393
71.6808,0.6961,3.0001
71.6810,0.755,3.2463
71.6812,0.7777,3.3505
71.6814,0.6863,2.955
71.6816,0.7719,3.3206
71.6818,0.8171,3.5134
71.6820,0.815,3.4998
71.6822,0.8572,3.6896
71.6824,0.7992,3.4398
71.6826,0.8194,3.5314
71.6828,0.7281,3.1396
71.6830,0.6226,2.6833
71.6832,0.6209,2.6798
71.6834,0.5862,2.5267
71.6836,0.6751,2.9097
71.6838,0.7052,3.038
71.6840,0.6277,2.7068
71.6842,0.6378,2.7528
71.6844,0.5996,2.5865
71.6846,0.5956,2.5694
71.6848,0.6666,2.8703
71.6850,0.7556,3.2504
71.6852,0.7613,3.2737
71.6854,0.7586,3.2633
71.6856,0.8009,3.4406
71.6858,0.8945,3.8447
71.6860,0.8507,3.6595
71.6862,0.8377,3.6071
71.6864,0.7668,3.2974
71.6866,0.7895,3.3948
71.6868,0.7706,3.3134
71.6870,0.7529,3.2466
71.6872,0.6139,2.6461
71.6874,0.6033,2.6001
71.6876,0.5998,2.5911
71.6878,0.5341,2.3019
71.6880,0.6745,2.9017
71.6882,0.733,3.1579
71.6884,0.7041,3.0263
71.6886,0.7999,3.4461
71.6888,0.6962,3.002
71.6890,0.5988,2.5846
71.6892,0.5455,2.3565
71.6894,0.5414,2.3378
71.6896,0.5414,2.3356
71.6898,0.5415,2.3372
71.6900,0.5406,2.3331
71.6902,0.5434,2.3455
71.6904,0.5601,2.4163
71.6906,0.5738,2.4764
71.6908,0.5546,2.3925
71.6910,0.5591,2.4122
71.6912,0.5823,2.5085
71.6914,0.7467,3.2078
71.6916,0.7926,3.4114
71.6918,0.661,2.8474
71.6920,0.6342,2.7322
71.6922,0.6544,2.8177
71.6924,0.7459,3.2057
71.6926,0.8454,3.6301
71.6928,0.8792,3.777
71.6930,0.8188,3.5207
71.6932,0.7914,3.4031
71.6934,0.7941,3.4113
71.6936,0.8068,3.4707
71.6938,0.7905,3.4006
71.6940,0.8411,3.6132
71.6942,0.8767,3.7644
71.6944,0.9225,3.9574
71.6946,1.0188,4.3644
71.6948,1.0438,4.4739
71.6950,0.9732,4.1789
71.6952,0.9397,4.0315
71.6954,0.9529,4.0919
71.6956,0.9222,3.9619
71.6958,0.9242,3.9702
71.6960,0.8238,3.544
71.6962,0.7903,3.3921
71.6964,0.881,3.7812
71.6966,0.9438,4.0547
71.6968,0.9154,3.9308
71.6970,0.8903,3.8267
71.6972,0.8532,3.6652
71.6974,0.93,3.9936
71.6976,0.9553,4.0927
71.6978,1.0796,4.6249
71.6980,1.0317,4.424
71.6982,0.9641,4.1437
71.6984,0.815,3.5079
71.6986,0.7843,3.3774
71.6988,0.7923,3.4067
71.6990,0.8052,3.4559
71.6992,0.8757,3.7621
71.6994,0.9233,3.9592
71.6996,0.9541,4.0971
71.6998,0.8767,3.7679
71.7000,0.8436,3.6257
71.7002,0.8673,3.7295
71.7004,0.8628,3.7099
71.7006,0.9001,3.8648
71.7008,0.9292,3.9863
71.7010,0.9838,4.2223
71.7012,0.9816,4.2111
71.7014,1.0378,4.4419
71.7016,1.1922,5.0953
71.7018,1.2314,5.2678
71.7020,1.1868,5.0794
71.7022,1.1658,4.9895
71.7024,1.1677,5.0001
71.7026,1.1067,4.7365
71.7028,1.1671,4.9929
71.7030,1.1805,5.0574
71.7032,1.1205,4.8023
71.7034,1.1503,4.9233
71.7036,1.1563,4.9583
71.7038,1.1068,4.7415
71.7040,1.2093,5.1686
71.7042,1.2843,5.4889
71.7044,1.3096,5.5997
71.7046,1.3665,5.8405
71.7048,1.3598,5.8091
71.7050,1.3417,5.7237
71.7052,1.4759,6.3079
71.7054,1.3176,5.6393
71.7056,1.2399,5.2993
71.7058,1.3514,5.7732
71.7060,1.3442,5.7613
71.7062,1.1991,5.1322
71.7064,1.2471,5.3375
71.7066,1.2262,5.2507
71.7068,1.1648,5.0018
71.7070,1.0128,4.3509
71.7072,1.034,4.4421
71.7074,1.0603,4.5528
71.7076,1.0723,4.6
71.7078,1.0444,4.4743
71.7080,1.1538,4.9405
71.7082,1.1513,4.9367
71.7084,1.0699,4.5918
71.7086,1.0622,4.561
71.7088,1.0214,4.3839
71.7090,1.088,4.6673
71.7092,1.1115,4.7726
71.7094,1.126,4.8327
71.7096,1.1051,4.7365
71.7098,1.1558,4.9585
71.7100,1.1302,4.8462
71.7102,1.1639,4.9953
71.7104,1.1784,5.0481
71.7106,1.2775,5.4628
71.7108,1.2661,5.4242
71.7110,1.1853,5.0945
71.7112,1.0028,4.3081
71.7114,0.9567,4.1136
71.7116,1.0314,4.4245
71.7118,1.1878,5.0911
71.7120,1.1498,4.9328
71.7122,1.1094,4.7639
71.7124,1.0905,4.6891
71.7126,0.9814,4.2159
71.7128,0.9565,4.115
71.7130,0.9568,4.1141
71.7132,1.041,4.4678
71.7134,1.0723,4.6064
71.7136,1.0141,4.3667
71.7138,0.8694,3.7435
71.7140,0.8414,3.6265
71.7142,0.9418,4.0421
71.7144,1.0923,4.6859
71.7146,1.1199,4.8064
71.7148,1.1456,4.9125
71.7150,1.2152,5.2107
71.7152,1.2567,5.3836
71.7154,1.2429,5.322
71.7156,1.2401,5.3077
71.7158,1.2509,5.3639
71.7160,1.2518,5.3675
71.7162,1.2532,5.3712
71.7164,1.2551,5.3794
71.7166,1.2443,5.3332
71.7168,1.2355,5.2951
71.7170,1.2278,5.2647
71.7172,1.2093,5.1904
71.7174,1.1893,5.1044
71.7176,1.1809,5.0637
71.7178,1.1974,5.1418
71.7180,1.1759,5.0397
71.7182,1.2226,5.2401
71.7184,1.207,5.1758
71.7186,1.2098,5.1852
71.7188,1.2328,5.2863
71.7190,1.1568,4.9742
71.7192,1.1109,4.7678
71.7194,1.1908,5.1016
71.7196,1.2743,5.4515
71.7198,1.3893,5.9406
71.7200,1.3937,5.9652
71.7202,1.4022,6.0016
71.7204,1.44,6.1633
71.7206,1.4412,6.1655
71.7208,1.4217,6.0791
71.7210,1.4367,6.146
71.7212,1.4171,6.0596
71.7214,1.4002,5.9873
71.7216,1.4832,6.3362
71.7218,1.5147,6.477
71.7220,1.4506,6.2114
71.7222,1.3821,5.9237
71.7224,1.3779,5.9029
71.7226,1.3731,5.8824
71.7228,1.3031,5.5876
71.7230,1.2642,5.421
71.7232,1.2116,5.2074
71.7234,1.2042,5.1682
71.7236,1.2892,5.528
71.7238,1.2755,5.4668
71.7240,1.2858,5.5161
71.7242,1.3001,5.5722
71.7244,1.3076,5.6072
71.7246,1.2934,5.546
71.7248,1.3375,5.7352
71.7250,1.3134,5.6345
71.7252,1.2289,5.2792
71.7254,1.2103,5.1993
71.7256,1.1846,5.0867
71.7258,1.1527,4.959
71.7260,1.0773,4.6366
71.7262,1.0539,4.5423
71.7264,1.0281,4.4271
71.7266,1.0166,4.3735
71.7268,1.0514,4.5168
71.7270,1.1154,4.7963
71.7272,1.1282,4.8515
71.7274,1.1514,4.951
71.7276,1.0213,4.4181
71.7278,0.7104,3.0659
71.7280,0.7962,3.4476
71.7282,0.618,2.6785
71.7284,0.5545,2.4031
71.7286,0.5588,2.4229
71.7288,0.5427,2.3521
71.7290,0.5355,2.321
71.7292,0.5496,2.3796
71.7294,0.599,2.5959
71.7296,0.5605,2.4279
71.7298,0.5502,2.3833
71.7300,0.5385,2.334
71.7302,0.5358,2.3209
71.7304,0.5426,2.3495
71.7306,0.5542,2.4009
71.7308,0.5365,2.3251
71.7310,0.5268,2.283
71.7312,0.5359,2.3225
71.7314,0.6012,2.5997
71.7316,0.6238,2.6972
71.7318,0.612,2.6464
71.7320,0.633,2.7334
71.7322,0.7111,3.0676
71.7324,0.7369,3.1832
71.7326,0.736,3.1781
71.7328,0.7658,3.3035
71.7330,0.767,3.3071
71.7332,0.8059,3.4784
71.7334,0.827,3.5645
71.7336,0.8555,3.6904
71.7338,0.7965,3.4359
71.7340,0.7499,3.2367
71.7342,0.81,3.496
71.7344,0.8399,3.6181
71.7346,0.9352,4.0213
71.7348,1.0182,4.3822
71.7350,1.0064,4.3256
71.7352,1.0918,4.6904
71.7354,1.1065,4.7449
71.7356,1.1706,5.0265
71.7358,1.152,4.9443
71.7360,1.1949,5.1262
71.7362,1.2158,5.2084
71.7364,1.2073,5.1889
71.7366,1.063,4.5667
71.7368,1.033,4.4483
71.7370,0.9576,4.1216
71.7372,0.9672,4.1629
71.7374,0.9621,4.1387
71.7376,1.0203,4.3895
71.7378,1.0272,4.4189
71.7380,1.0154,4.3663
71.7382,1.0089,4.3344
71.7384,1.0619,4.5557
71.7386,1.0988,4.7224
71.7388,1.0986,4.7219
71.7390,1.12,4.8137
71.7392,1.0968,4.7076
71.7394,1.1273,4.8428
71.7396,1.0332,4.4467
71.7398,0.9786,4.2119
71.7400,1.0085,4.3384
71.7402,0.966,4.1616
71.7404,0.9496,4.0851
71.7406,1.0429,4.4802
71.7408,1.0563,4.5358
71.7410,1.0533,4.5313
71.7412,1.0316,4.4359
71.7414,1.0507,4.5116
71.7416,1.128,4.8369
71.7418,1.267,5.4404
71.7420,1.2438,5.3336
71.7422,1.2362,5.2982
71.7424,1.2269,5.2636
71.7426,1.2295,5.2793
71.7428,1.1161,4.7972
71.7430,1.079,4.6439
71.7432,1.054,4.5386
71.7434,1.0063,4.3291
71.7436,1.0462,4.4967
71.7438,1.1124,4.779
71.7440,1.1145,4.7855
71.7442,1.0965,4.7104
71.7444,1.063,4.5646
71.7446,1.1227,4.8278
71.7448,1.0702,4.6105
71.7450,0.9738,4.1912
71.7452,0.9598,4.1347
71.7454,0.9492,4.0949
71.7456,0.9113,3.9242
71.7458,1.0058,4.327
71.7460,1.0064,4.3296
71.7462,1.0214,4.4002
71.7464,0.9672,4.1648
71.7466,0.9473,4.0734
71.7468,1.0001,4.3023
71.7470,0.9527,4.1061
71.7472,0.8977,3.8707
71.7474,0.8792,3.7876
71.7476,0.8907,3.8389
71.7478,0.8907,3.8372
71.7480,0.9588,4.1325
71.7482,0.932,4.0167
71.7484,0.8787,3.7837
71.7486,0.911,3.9263
71.7488,0.8842,3.8146
71.7490,0.8965,3.8637
71.7492,0.9321,4.0154
71.7494,0.9537,4.1084
71.7496,0.9537,4.1026
71.7498,1.0044,4.3148
71.7500,1.0954,4.7036
71.7502,1.1513,4.9459
71.7504,1.1046,4.7543
71.7506,0.9585,4.1348
71.7508,0.8909,3.84
71.7510,0.9027,3.8816
71.7512,1.0218,4.3854
71.7514,1.1966,5.131
71.7516,1.2459,5.3349
71.7518,1.2924,5.5367
71.7520,1.2602,5.401
71.7522,1.292,5.5403
71.7524,1.3021,5.5887
71.7526,1.2305,5.279
71.7528,1.2416,5.3238
71.7530,1.2903,5.5249
71.7532,1.3015,5.5783
71.7534,1.2916,5.5408
71.7536,1.2299,5.2813
71.7538,1.1929,5.127
71.7540,1.1116,4.7754
71.7542,1.1047,4.746
71.7544,1.1121,4.7707
71.7546,1.2355,5.2976
71.7548,1.2588,5.418
71.7550,1.0169,4.3806
71.7552,0.9186,3.9575
71.7554,0.9851,4.2417
71.7556,0.9818,4.2298
71.7558,0.9113,3.9297
71.7560,0.9002,3.8708
71.7562,0.9791,4.2159
71.7564,0.9607,4.1408
71.7566,0.9049,3.9126
71.7568,0.6951,3.0057
71.7570,0.6673,2.8854
71.7572,0.659,2.8483
71.7574,0.6521,2.8183
71.7576,0.6402,2.767
71.7578,0.6744,2.9106
71.7580,0.8459,3.649
71.7582,0.8046,3.4743
71.7584,0.7554,3.265
71.7586,0.7391,3.1901
71.7588,0.8457,3.6451
71.7590,0.9041,3.8932
71.7592,0.8721,3.7588
71.7594,0.7968,3.4454
71.7596,0.7207,3.1147
71.7598,0.6907,2.9879
71.7600,0.6523,2.8193
71.7602,0.6617,2.8571
71.7604,0.773,3.3345
71.7606,0.8209,3.5447
71.7608,0.7349,3.1735
71.7610,0.7325,3.1616
71.7612,0.8176,3.5204
71.7614,0.9236,3.9787
71.7616,0.8535,3.6873
71.7618,0.7707,3.3278
71.7620,0.7797,3.3619
71.7622,0.8018,3.464
71.7624,0.728,3.1376
71.7626,0.7801,3.364
71.7628,0.8064,3.4756
71.7630,0.7999,3.4557
71.7632,0.6878,2.9741
71.7634,0.6551,2.8312
71.7636,0.6628,2.8644
71.7638,0.6793,2.9346
71.7640,0.6634,2.867
71.7642,0.6614,2.8561
71.7644,0.6726,2.9042
71.7646,0.7565,3.2652
71.7648,0.7546,3.2569
71.7650,0.783,3.378
71.7652,0.8118,3.5005
71.7654,0.7815,3.3681
71.7656,0.7757,3.3464
71.7658,0.7783,3.3578
71.7660,0.8237,3.5484
71.7662,0.8441,3.6379
71.7664,0.8746,3.7714
71.7666,0.8563,3.6906
71.7668,0.9074,3.9053
71.7670,0.8756,3.7668
71.7672,0.9568,4.1141
71.7674,0.9823,4.22
71.7676,0.9745,4.1982
71.7678,0.9095,3.9146
71.7680,0.9556,4.1166
71.7682,0.8406,3.6313
71.7684,0.725,3.1232
71.7686,0.8525,3.6707
71.7688,0.8266,3.5608
71.7690,0.8322,3.5851
71.7692,0.9209,3.9636
71.7694,1.0071,4.3287
71.7696,1.0806,4.6403
71.7698,1.1028,4.7333
71.7700,1.0914,4.6844
71.7702,1.1069,4.7508
71.7704,1.1097,4.7649
71.7706,1.1063,4.7527
71.7708,1.0781,4.6316
71.7710,1.0453,4.4926
71.7712,1.067,4.5859
71.7714,1.0838,4.6537
71.7716,1.1492,4.9187
71.7718,1.2524,5.3701
71.7720,1.2073,5.172
71.7722,1.2237,5.2423
71.7724,1.2486,5.3642
71.7726,1.1754,5.0494
71.7728,1.0653,4.5872
71.7730,0.908,3.9097
71.7732,0.916,3.9388
71.7734,0.988,4.2403
71.7736,1.0442,4.4838
71.7738,1.0574,4.5552
71.7740,0.8574,3.7004
71.7742,0.7891,3.4043
71.7744,0.7828,3.3738
71.7746,0.8583,3.7028
71.7748,0.8268,3.5635
71.7750,0.834,3.5945
71.7752,0.8647,3.7268
71.7754,0.846,3.6462
71.7756,0.8254,3.5589
71.7758,0.868,3.7447
71.7760,0.7839,3.3832
71.7762,0.693,2.9909
71.7764,0.708,3.0541
71.7766,0.7393,3.1921
71.7768,0.7878,3.3987
71.7770,0.7322,3.1586
71.7772,0.7453,3.221
71.7774,0.695,2.9983
71.7776,0.7515,3.2404
71.7778,0.7632,3.2896
71.7780,0.761,3.2843
71.7782,0.7211,3.1154
71.7784,0.6958,3.0061
71.7786,0.6744,2.9174
71.7788,0.6213,2.6851
71.7790,0.5799,2.5051
71.7792,0.641,2.7719
71.7794,0.6028,2.6065
71.7796,0.5613,2.4271
71.7798,0.5695,2.4601
71.7800,0.5762,2.4902
71.7802,0.5782,2.5002
71.7804,0.5689,2.462
71.7806,0.541,2.3416
71.7808,0.4991,2.16
71.7810,0.4825,2.0884
71.7812,0.5672,2.4468
71.7814,0.6728,2.9066
71.7816,0.6243,2.6956
71.7818,0.6036,2.6125
71.7820,0.548,2.3706
71.7822,0.5326,2.3032
71.7824,0.5599,2.4186
71.7826,0.643,2.775
71.7828,0.7083,3.0486
71.7830,0.8348,3.5948
71.7832,0.7595,3.2751
71.7834,0.6731,2.9063
71.7836,0.6704,2.8949
71.7838,0.6583,2.84
71.7840,0.6608,2.8522
71.7842,0.6912,2.9748
71.7844,0.8576,3.6877
71.7846,0.9102,3.9123
71.7848,0.9045,3.8948
71.7850,0.7991,3.4441
71.7852,0.7586,3.2755
71.7854,0.6606,2.8511
71.7856,0.6623,2.8597
71.7858,0.6563,2.8325
71.7860,0.6593,2.8441
71.7862,0.666,2.8704
71.7864,0.7426,3.1992
71.7866,0.7864,3.3877
71.7868,0.8153,3.5122
71.7870,0.7736,3.3325
71.7872,0.7661,3.3004
71.7874,0.7902,3.4043
71.7876,0.7915,3.4115
71.7878,0.7748,3.3376
71.7880,0.7719,3.319
71.7882,0.8692,3.7429
71.7884,0.7967,3.4306
71.7886,0.74,3.1923
71.7888,0.6822,2.9456
71.7890,0.6842,2.9503
71.7892,0.6845,2.9514
71.7894,0.6599,2.848
71.7896,0.5994,2.5872
71.7898,0.5879,2.5422
71.7900,0.5298,2.2875
71.7902,0.5603,2.4218
71.7904,0.5762,2.4902
71.7906,0.5614,2.4209
71.7908,0.5991,2.5892
71.7910,0.5306,2.2944
71.7912,0.5249,2.2684
71.7914,0.5515,2.3791
71.7916,0.5631,2.4326
71.7918,0.5781,2.4951
71.7920,0.661,2.8474
71.7922,0.7595,3.2675
71.7924,0.8365,3.602
71.7926,0.7785,3.3505
71.7928,0.7942,3.4181
71.7930,0.7895,3.4027
71.7932,0.7154,3.0805
71.7934,0.7842,3.3769
71.7936,0.7725,3.3263
71.7938,0.8195,3.527
71.7940,0.8147,3.5064
71.7942,0.8192,3.5227
71.7944,0.8401,3.6175
71.7946,0.7611,3.2757
71.7948,0.7823,3.367
71.7950,0.7647,3.2973
71.7952,0.6542,2.825
71.7954,0.5918,2.5541
71.7956,0.5955,2.5713
71.7958,0.5872,2.5356
71.7960,0.5765,2.4872
71.7962,0.5861,2.5286
71.7964,0.5897,2.5453
71.7966,0.6023,2.6008
71.7968,0.5825,2.5142
71.7970,0.5795,2.5001
71.7972,0.5813,2.509
71.7974,0.6012,2.5973
71.7976,0.5952,2.5691
71.7978,0.5737,2.4736
71.7980,0.5786,2.4971
71.7982,0.5763,2.4873
71.7984,0.6068,2.6163
71.7986,0.6552,2.8252
71.7988,0.6144,2.6531
71.7990,0.5845,2.5225
71.7992,0.5805,2.5054
71.7994,0.5781,2.4893
71.7996,0.7011,3.0246
71.7998,0.603,2.6039
71.8000,0.5818,2.5111
71.8002,0.5862,2.5302
71.8004,0.592,2.5563
71.8006,0.5811,2.5068
71.8008,0.6557,2.8233
71.8010,0.6915,2.9805
71.8012,0.7166,3.0814
71.8014,0.8007,3.4492
71.8016,0.7755,3.3345
71.8018,0.8539,3.6717
71.8020,0.8509,3.652
71.8022,0.9058,3.8968
71.8024,0.8403,3.6118
71.8026,0.8986,3.8425
71.8028,1.1165,4.7786
71.8030,1.0966,4.7
71.8032,1.072,4.6032
71.8034,1.0213,4.3772
71.8036,1.0605,4.5453
71.8038,1.0429,4.4718
71.8040,1.0351,4.4405
71.8042,0.9429,4.0487
71.8044,0.9244,3.9694
71.8046,1.014,4.3499
71.8048,1.0169,4.3643
71.8050,1.0093,4.3279
71.8052,1.0601,4.548
71.8054,1.0623,4.553
71.8056,1.0304,4.4266
71.8058,0.9027,3.8816
71.8060,0.9034,3.8865
71.8062,0.8707,3.7474
71.8064,0.8925,3.8378
71.8066,0.9001,3.8684
71.8068,0.8957,3.8445
71.8070,0.8969,3.8586
71.8072,0.7943,3.4155
71.8074,0.8238,3.544
71.8076,0.8236,3.5462
71.8078,0.8293,3.571
71.8080,0.7706,3.318
71.8082,0.7788,3.3536
71.8084,0.7975,3.4278
71.8086,0.8719,3.7473
71.8088,0.8227,3.5393
71.8090,0.8281,3.5592
71.8092,0.9136,3.923
71.8094,0.9437,4.0542
71.8096,0.8643,3.7183
71.8098,0.8325,3.5816
71.8100,0.8695,3.7335
71.8102,0.9065,3.8945
71.8104,0.8358,3.5955
71.8106,0.8245,3.552
71.8108,0.7287,3.1378
71.8110,0.7684,3.3072
71.8112,0.7863,3.3872
71.8114,0.7641,3.2901
71.8116,0.7654,3.2912
71.8118,0.7932,3.4108
71.8120,0.8134,3.4975
71.8122,0.8624,3.7101
71.8124,0.8914,3.8331
71.8126,0.9154,3.9326
71.8128,0.9275,3.9883
71.8130,0.8791,3.7835
71.8132,0.8713,3.7395
71.8134,0.9509,4.0851
71.8136,0.8945,3.8537
71.8138,0.7229,3.1159
71.8140,0.7396,3.1848
71.8142,0.863,3.7161
71.8144,0.8454,3.6334
71.8146,0.8539,3.6752
71.8148,0.8104,3.4878
71.8150,0.8393,3.6071
71.8152,0.9038,3.8808
71.8154,0.8938,3.8399
71.8156,0.9427,4.05
71.8158,0.9281,3.9946
71.8160,0.8762,3.7676
71.8162,0.8549,3.6776
71.8164,0.8156,3.5105
71.8166,0.8044,3.4652
71.8168,0.7581,3.2688
71.8170,0.7237,3.119
71.8172,0.7249,3.1227
71.8174,0.7581,3.2643
71.8176,0.8515,3.6614
71.8178,0.8954,3.8466
71.8180,0.9683,4.1559
71.8182,0.9203,3.9611
71.8184,0.7742,3.3366
71.8186,0.7502,3.2332
71.8188,0.8192,3.5276
71.8190,0.8276,3.5605
71.8192,0.7861,3.382
71.8194,0.7757,3.3387
71.8196,0.7775,3.3511
71.8198,0.7586,3.2709
71.8200,0.7198,3.1025
71.8202,0.7071,3.0463
71.8204,0.7293,3.1448
71.8206,0.7375,3.1784
71.8208,0.7273,3.1331
71.8210,0.7689,3.3015
71.8212,0.8911,3.8262
71.8214,0.9118,3.9208
71.8216,0.8908,3.8305
71.8218,0.8944,3.8406
71.8220,0.8947,3.8524
71.8222,0.7673,3.3056
71.8224,0.7259,3.1288
71.8226,0.7412,3.193
71.8228,0.6807,2.9353
71.8230,0.6313,2.7248
71.8232,0.6286,2.7129
71.8234,0.6619,2.8502
71.8236,0.7271,3.1296
71.8238,0.7493,3.2296
71.8240,0.7249,3.1256
71.8242,0.6889,2.9691
71.8244,0.7107,3.0547
71.8246,0.8364,3.5998
71.8248,0.7631,3.2906
71.8250,0.6556,2.8255
71.8252,0.6846,2.9492
71.8254,0.7408,3.1944
71.8256,0.6503,2.804
71.8258,0.668,2.8725
71.8260,0.777,3.3459
71.8262,0.737,3.1778
71.8264,0.6648,2.8679
71.8266,0.6556,2.8255
71.8268,0.6945,2.992
71.8270,0.7926,3.413
71.8272,0.7999,3.4413
71.8274,0.8649,3.7226
71.8276,0.7423,3.1976
71.8278,0.6944,2.9929
71.8280,0.7576,3.2653
71.8282,0.6859,2.9603
71.8284,0.5704,2.4642
71.8286,0.5547,2.3975
71.8288,0.5419,2.3366
71.8290,0.5937,2.5611
71.8292,0.5494,2.3725
71.8294,0.5625,2.43
71.8296,0.5576,2.4077
71.8298,0.5506,2.3765
71.8300,0.5677,2.45
71.8302,0.6094,2.6289
71.8304,0.5777,2.4923
71.8306,0.5649,2.4359
71.8308,0.5527,2.3853
71.8310,0.554,2.3877
71.8312,0.6159,2.6569
71.8314,0.556,2.4021
71.8316,0.59,2.5439
71.8318,0.7039,3.0281
71.8320,0.7861,3.3757
71.8322,0.889,3.8157
71.8324,0.9019,3.8762
71.8326,0.9038,3.879
71.8328,0.9504,4.0849
71.8330,0.8643,3.7149
71.8332,0.8279,3.5615
71.8334,0.805,3.4598
71.8336,0.8279,3.5615
71.8338,0.8412,3.6171
71.8340,0.798,3.4315
71.8342,0.7962,3.4285
71.8344,0.7465,3.2082
71.8346,0.8823,3.7886
71.8348,0.8739,3.7561
71.8350,0.8774,3.7693
71.8352,0.8447,3.632
71.8354,0.8547,3.6736
71.8356,0.8684,3.7289
71.8358,0.8852,3.8063
71.8360,0.8203,3.5274
71.8362,0.8023,3.4516
71.8364,0.7999,3.4429
71.8366,0.7978,3.4272
71.8368,0.8981,3.8548
71.8370,0.9252,3.9674
71.8372,1.0151,4.3485
71.8374,1.0376,4.4471
71.8376,1.0695,4.5881
71.8378,1.0502,4.499
71.8380,1.0694,4.5897
71.8382,1.0357,4.4493
71.8384,0.9513,4.0866
71.8386,0.9185,3.9478
71.8388,0.8659,3.7268
71.8390,0.7974,3.4305
71.8392,0.7586,3.2694
71.8394,0.7111,3.0633
71.8396,0.6956,2.9995
71.8398,0.6889,2.9664
71.8400,0.7532,3.2386
71.8402,0.872,3.7496
71.8404,0.8815,3.785
71.8406,0.8832,3.794
71.8408,0.9002,3.8708
71.8410,0.9256,3.9801
71.8412,0.8644,3.7154
71.8414,0.8469,3.6401
71.8416,0.8454,3.6368
71.8418,0.7945,3.4181
71.8420,0.8474,3.6422
71.8422,0.9111,3.914
71.8424,0.9025,3.8806
71.8426,0.9119,3.9213
71.8428,0.8556,3.6824
71.8430,0.7837,3.3732
71.8432,0.7228,3.1125
71.8434,0.7198,3.1025
71.8436,0.7298,3.1468
71.8438,0.7389,3.1787
71.8440,0.7895,3.4012
71.8442,0.7629,3.2819
71.8444,0.8146,3.5042
71.8446,0.8113,3.4871
71.8448,0.7813,3.3692
71.8450,0.6882,2.9619
71.8452,0.7449,3.2045
71.8454,0.7419,3.199
71.8456,0.6787,2.9252
71.8458,0.6487,2.7999
71.8460,0.6437,2.7769
71.8462,0.6048,2.6105
71.8464,0.5508,2.3771
71.8466,0.5418,2.3372
71.8468,0.548,2.3663
71.8470,0.5665,2.4471
71.8472,0.5609,2.421
71.8474,0.5892,2.5408
71.8476,0.6143,2.6489
71.8478,0.594,2.5663
71.8480,0.5362,2.3134
71.8482,0.5528,2.3847
71.8484,0.5451,2.3538
71.8486,0.5076,2.1948
71.8488,0.5024,2.1705
71.8490,0.5872,2.5309
71.8492,0.651,2.8058
71.8494,0.6361,2.7443
71.8496,0.6153,2.6543
71.8498,0.6102,2.6289
71.8500,0.6221,2.6788
71.8502,0.6816,2.9362
71.8504,0.7128,3.0691
71.8506,0.7394,3.1778
71.8508,0.814,3.5017
71.8510,0.821,3.5337
71.8512,0.8033,3.4541
71.8514,0.8243,3.5444
71.8516,0.7384,3.1811
71.8518,0.6793,2.9264
71.8520,0.7117,3.0631
71.8522,0.7192,3.097
71.8524,0.7217,3.1093
71.8526,0.7412,3.1885
71.8528,0.7795,3.3552
71.8530,0.7285,3.1324
71.8532,0.8094,3.4756
71.8534,0.792,3.4104
71.8536,0.7318,3.1527
71.8538,0.7082,3.0481
71.8540,0.7177,3.0889
71.8542,0.7753,3.3356
71.8544,0.7819,3.3608
71.8546,0.7535,3.2432
71.8548,0.7709,3.3165
71.8550,0.7506,3.2293
71.8552,0.8024,3.4537
71.8554,0.7042,3.0367
71.8556,0.6505,2.8024
71.8558,0.646,2.7828
71.8560,0.68,2.9309
71.8562,0.6476,2.7926
71.8564,0.6496,2.7996
71.8566,0.6552,2.8213
71.8568,0.6679,2.876
71.8570,0.666,2.8731
71.8572,0.651,2.8058
71.8574,0.6548,2.8197
71.8576,0.7095,3.0538
71.8578,0.7204,3.1051
71.8580,0.5957,2.5699
71.8582,0.5436,2.3438
71.8584,0.5767,2.49
71.8586,0.5671,2.4452
71.8588,0.6321,2.7216
71.8590,0.6805,2.9302
71.8592,0.6749,2.9073
71.8594,0.6933,2.9869
71.8596,0.6244,2.6898
71.8598,0.6607,2.845
71.8600,0.7004,3.0159
71.8602,0.6763,2.9162
71.8604,0.6927,2.9829
71.8606,0.7984,3.4314
71.8608,0.7686,3.3097
71.8610,0.6521,2.8105
71.8612,0.6915,2.9763
71.8614,0.7239,3.1186
71.8616,0.5949,2.5675
71.8618,0.5689,2.4507
71.8620,0.6588,2.8341
71.8622,0.6403,2.7611
71.8624,0.6044,2.606
71.8626,0.6391,2.7508
71.8628,0.6881,2.9641
71.8630,0.6656,2.8675
71.8632,0.7232,3.1112
71.8634,0.7379,3.1761
71.8636,0.694,2.9941
71.8638,0.5902,2.5485
71.8640,0.5583,2.4063
71.8642,0.5636,2.4302
71.8644,0.5702,2.4598
71.8646,0.5662,2.4404
71.8648,0.5623,2.4234
71.8650,0.5627,2.4277
71.8652,0.5702,2.4575
71.8654,0.6066,2.6158
71.8656,0.6075,2.6194
71.8658,0.6167,2.6555
71.8660,0.5904,2.5472
71.8662,0.549,2.3671
71.8664,0.5692,2.4556
71.8666,0.5626,2.426
71.8668,0.5527,2.3853
71.8670,0.5614,2.422
71.8672,0.5582,2.4058
71.8674,0.6118,2.6319
71.8676,0.7047,3.0317
71.8678,0.7069,3.0438
71.8680,0.6809,2.9318
71.8682,0.702,3.017
71.8684,0.7692,3.3046
71.8686,0.8327,3.5788
71.8688,0.8608,3.6965
71.8690,0.874,3.7514
71.8692,0.8977,3.8438
71.8694,0.9824,4.2127
71.8696,0.9708,4.1589
71.8698,0.9922,4.2464
71.8700,1.0454,4.4785
71.8702,1.0527,4.514
71.8704,1.0333,4.4266
71.8706,1.0788,4.6153
71.8708,1.1163,4.7843
71.8710,1.0487,4.4928
71.8712,1.1035,4.721
71.8714,1.1744,5.0265
71.8716,1.1153,4.7802
71.8718,1.0755,4.6117
71.8720,1.0404,4.4631
71.8722,0.9439,4.0533
71.8724,0.8593,3.6932
71.8726,0.8231,3.5376
71.8728,0.904,3.8764
71.8730,0.9631,4.1357
71.8732,0.8646,3.7176
71.8734,0.8797,3.7826
71.8736,0.8878,3.8106
71.8738,0.9372,4.0226
71.8740,0.9326,3.9988
71.8742,0.9862,4.2286
71.8744,0.9839,4.2189
71.8746,1.0606,4.5501
71.8748,1.0372,4.4456
71.8750,1.0209,4.3777
71.8752,1.0143,4.3515
71.8754,1.0212,4.3767
71.8756,0.9953,4.2717
71.8758,0.9564,4.1011
71.8760,1.0187,4.368
71.8762,1.06,4.5454
71.8764,1.0538,4.5186
71.8766,1.0364,4.4482
71.8768,0.9995,4.2937
71.8770,0.9407,4.0413
71.8772,0.893,3.8345
71.8774,0.8719,3.7491
71.8776,0.8409,3.6194
71.8778,0.8321,3.5779
71.8780,0.8697,3.7381
71.8782,0.8273,3.5622
71.8784,0.8575,3.6855
71.8786,0.8785,3.7686
71.8788,0.9363,4.0166
71.8790,0.9949,4.2741
71.8792,0.91,3.9094
71.8794,0.9123,3.9174
71.8796,0.9585,4.1233
71.8798,0.8444,3.6344
71.8800,0.7873,3.3871
71.8802,0.7895,3.3996
71.8804,0.7987,3.4361
71.8806,0.8443,3.6322
71.8808,0.823,3.5321
71.8810,0.9778,4.1985
71.8812,1.0106,4.3396
71.8814,1.0164,4.3623
71.8816,0.9341,4.0186
71.8818,0.771,3.3216
71.8820,0.7409,3.1905
71.8822,0.7944,3.4223
71.8824,0.77,3.3154
71.8826,0.7456,3.2151
71.8828,0.7481,3.2214
71.8830,0.7931,3.4135
71.8832,0.8295,3.5687
71.8834,0.84,3.6136
71.8836,0.8287,3.5651
71.8838,0.8743,3.7576
71.8840,0.9569,4.107
71.8842,0.98,4.2063
71.8844,1.0172,4.3679
71.8846,1.0167,4.3638
71.8848,0.9848,4.2309
71.8850,0.927,3.9826
71.8852,0.9582,4.1146
71.8854,1.0281,4.4065
71.8856,1.0525,4.5214
71.8858,0.9491,4.0849
71.8860,0.8212,3.5343
71.8862,0.8116,3.4897
71.8864,0.8116,3.493
71.8866,0.7842,3.3769
71.8868,0.8024,3.4537
71.8870,0.7979,3.4357
71.8872,0.8248,3.553
71.8874,0.8016,3.4469
71.8876,0.8487,3.653
71.8878,0.8521,3.6657
71.8880,0.8503,3.6563
71.8882,0.7985,3.4383
71.8884,0.7322,3.1557
71.8886,0.7324,3.1582
71.8888,0.7468,3.2188
71.8890,0.7377,3.1765
71.8892,0.7798,3.3593
71.8894,0.7701,3.3175
71.8896,0.7534,3.2442
71.8898,0.7658,3.2973
71.8900,0.8304,3.5707
71.8902,0.8438,3.6335
71.8904,0.8269,3.5607
71.8906,0.8078,3.4737
71.8908,0.8224,3.5345
71.8910,0.8403,3.6118
71.8912,0.8525,3.6621
71.8914,0.8917,3.8288
71.8916,0.9183,3.9486
71.8918,0.9324,4.0039
71.8920,0.9799,4.2058
71.8922,0.9796,4.2101
71.8924,0.9276,3.9833
71.8926,0.9714,4.1673
71.8928,0.9797,4.2067
71.8930,0.9287,3.9972
71.8932,0.882,3.7906
71.8934,0.9341,4.0092
71.8936,0.9674,4.1562
71.8938,0.9722,4.1729
71.8940,1.0473,4.4867
71.8942,1.1302,4.8416
71.8944,1.1973,5.1269
71.8946,1.1537,4.9516
71.8948,1.0135,4.356
71.8950,0.9409,4.048
71.8952,0.9358,4.022
71.8954,0.9318,4.005
71.8956,0.9757,4.1898
71.8958,0.9854,4.2393
71.8960,0.9161,3.9412
71.8962,0.8963,3.8614
71.8964,0.8578,3.6939
71.8966,0.806,3.4692
71.8968,0.8152,3.515
71.8970,0.7076,3.0512
71.8972,0.7081,3.0504
71.8974,0.7481,3.2214
71.8976,0.718,3.0976
71.8978,0.6172,2.6662
71.8980,0.6098,2.6329
71.8982,0.5925,2.5595
71.8984,0.5786,2.4971
71.8986,0.6493,2.7999
71.8988,0.752,3.2335
71.8990,0.7954,3.4265
71.8992,0.7262,3.1313
71.8994,0.7005,3.0193
71.8996,0.6897,2.9741
71.8998,0.6817,2.9436
71.9000,0.6457,2.7882
71.9002,0.5749,2.4822
71.9004,0.5837,2.517
71.9006,0.668,2.8779
71.9008,0.6875,2.9616
71.9010,0.7123,3.0685
71.9012,0.7074,3.0487
71.9014,0.717,3.0901
71.9016,0.7692,3.3046
71.9018,0.8963,3.8471
71.9020,1.0071,4.3226
71.9022,1.0055,4.3094
71.9024,1.0364,4.4441
71.9026,1.0505,4.5068
71.9028,1.0189,4.3792
71.9030,1.0369,4.4482
71.9032,1.1188,4.7951
71.9034,1.0732,4.6019
71.9036,1.09,4.6674
71.9038,1.1223,4.8032
71.9040,1.1986,5.135
71.9042,1.1811,5.0576
71.9044,1.1377,4.874
71.9046,1.219,5.2125
71.9048,1.3516,5.7823
71.9050,1.2742,5.4535
71.9052,1.2332,5.273
71.9054,1.2183,5.2168
71.9056,1.1612,4.9886
71.9058,1.0475,4.5087
71.9060,0.9245,3.9717
71.9062,0.9528,4.0952
71.9064,0.9459,4.0691
71.9066,0.9134,3.9238
71.9068,0.9574,4.1186
71.9070,0.9432,4.0615
71.9072,0.8708,3.7497
71.9074,0.83,3.5774
71.9076,0.7727,3.3273
71.9078,0.8126,3.496
71.9080,0.8167,3.5152
71.9082,0.7997,3.4451
71.9084,0.8568,3.6807
71.9086,0.9809,4.2158
71.9088,0.9224,3.9717
71.9090,0.8408,3.6206
71.9092,0.8733,3.7622
71.9094,0.8357,3.5984
71.9096,0.8131,3.5046
71.9098,0.7616,3.2793
71.9100,0.8543,3.6801
71.9102,0.784,3.3821
71.9104,0.6967,3.0069
71.9106,0.6506,2.8056
71.9108,0.702,3.0297
71.9110,0.7075,3.0464
71.9112,0.828,3.562
71.9114,0.7899,3.3996
71.9116,0.8207,3.5273
71.9118,0.9098,3.9138
71.9120,0.8809,3.7948
71.9122,0.8466,3.642
71.9124,0.8672,3.7342
71.9126,0.8083,3.4823
71.9128,0.8093,3.4913
71.9130,0.7023,3.0284
71.9132,0.6969,3.0024
71.9134,0.7917,3.4105
71.9136,0.8113,3.4919
71.9138,0.7967,3.4338
71.9140,0.7978,3.4368
71.9142,0.822,3.5395
71.9144,0.7925,3.4125
71.9146,0.8111,3.4925
71.9148,0.8203,3.5306
71.9150,0.8046,3.463
71.9152,0.8369,3.6052
71.9154,0.7833,3.3774
71.9156,0.7219,3.1098
71.9158,0.7421,3.1986
71.9160,0.7538,3.2457
71.9162,0.7913,3.4073
71.9164,0.7563,3.2581
71.9166,0.7361,3.1728
71.9168,0.7618,3.2773
71.9170,0.8671,3.7319
71.9172,0.8447,3.6303
71.9174,0.8981,3.8584
71.9176,0.9662,4.1529
71.9178,0.8815,3.7974
71.9180,0.764,3.2942
71.9182,0.7227,3.1163
71.9184,0.7068,3.0461
71.9186,0.7726,3.3268
71.9188,0.8144,3.507
71.9190,0.8051,3.4651
71.9192,0.8089,3.4832
71.9194,0.8094,3.4804
71.9196,0.863,3.7161
71.9198,0.8116,3.4946
71.9200,0.8088,3.4843
71.9202,0.8207,3.5355
71.9204,0.8028,3.4553
71.9206,0.8439,3.6272
71.9208,0.8492,3.6533
71.9210,0.8132,3.4986
71.9212,0.8382,3.6042
71.9214,0.8559,3.6856
71.9216,0.7619,3.2854
71.9218,0.6747,2.9108
71.9220,0.7262,3.1328
71.9222,0.655,2.8281
71.9224,0.5498,2.3773
71.9226,0.525,2.2668
71.9228,0.6204,2.6777
71.9230,0.5988,2.5858
71.9232,0.5464,2.3639
71.9234,0.5348,2.3136
71.9236,0.5004,2.1637
71.9238,0.5354,2.3108
71.9240,0.6129,2.6427
71.9242,0.6238,2.691
71.9244,0.6279,2.7123
71.9246,0.548,2.3673
71.9248,0.5082,2.1984
71.9250,0.4901,2.1171
71.9252,0.5443,2.348
71.9254,0.6142,2.6472
71.9256,0.6774,2.9249
71.9258,0.5704,2.4654
71.9260,0.5505,2.3738
71.9262,0.6237,2.6867
71.9264,0.6341,2.7367
71.9266,0.5993,2.5831
71.9268,0.6563,2.8259
71.9270,0.7636,3.2896
71.9272,0.709,3.0574
71.9274,0.6101,2.6296
71.9276,0.5928,2.5599
71.9278,0.513,2.2171
71.9280,0.5075,2.1933
71.9282,0.5039,2.1787
71.9284,0.4955,2.1414
71.9286,0.4955,2.1405
71.9288,0.4978,2.1503
71.9290,0.5049,2.1804
71.9292,0.4999,2.1596
71.9294,0.4922,2.1255
71.9296,0.531,2.2917
71.9298,0.5173,2.2358
71.9300,0.5081,2.1959
71.9302,0.5009,2.1628
71.9304,0.4906,2.1182
71.9306,0.5084,2.1903
71.9308,0.6391,2.7598
71.9310,0.5099,2.2016
71.9312,0.534,2.3046
71.9314,0.5325,2.2963
71.9316,0.5807,2.5018
71.9318,0.6481,2.796
71.9320,0.6632,2.8572
71.9322,0.7006,3.017
71.9324,0.6973,3.0053
71.9326,0.6268,2.7002
71.9328,0.6127,2.6373
71.9330,0.6589,2.8399
71.9332,0.5806,2.5071
71.9334,0.5648,2.4376
71.9336,0.5733,2.4721
71.9338,0.5769,2.4876
71.9340,0.5979,2.5745
71.9342,0.7094,3.0518
71.9344,0.7755,3.333
71.9346,0.7397,3.1838
71.9348,0.6879,2.9609
71.9350,0.7527,3.2381
71.9352,0.7926,3.4067
71.9354,0.8527,3.6632
71.9356,0.8365,3.597
71.9358,0.7797,3.351
71.9360,0.804,3.4524
71.9362,0.8507,3.6561
71.9364,0.8286,3.5629
71.9366,0.8414,3.6131
71.9368,0.8803,3.7852
71.9370,0.8435,3.6252
71.9372,0.9152,3.9243
71.9374,0.982,4.2087
71.9376,0.9636,4.1378
71.9378,0.9834,4.211
71.9380,1.1033,4.7289
71.9382,0.9988,4.2827
71.9384,1.0183,4.3624
71.9386,1.0705,4.5859
71.9388,1.0274,4.4097
71.9390,0.9211,3.9606
71.9392,0.7556,3.2505
71.9394,0.7399,3.1844
71.9396,0.7671,3.3031
71.9398,0.7383,3.1777
71.9400,0.7563,3.2506
71.9402,0.7838,3.378
71.9404,0.6981,3.0062
71.9406,0.7408,3.187
71.9408,0.7962,3.4254
71.9410,0.8158,3.5095
71.9412,0.8305,3.5696
71.9414,0.8329,3.5832
71.9416,0.7878,3.3893
71.9418,0.7496,3.2307
71.9420,0.6674,2.8713
71.9422,0.7493,3.2237
71.9424,0.7886,3.3987
71.9426,0.7324,3.1583
71.9428,0.6652,2.8655
71.9430,0.6526,2.81
71.9432,0.6642,2.8627
71.9434,0.6719,2.8945
71.9436,0.726,3.1245
71.9438,0.7305,3.1427
71.9440,0.7399,3.1859
71.9442,0.7508,3.2299
71.9444,0.7695,3.3088
71.9446,0.77,3.3139
71.9448,0.767,3.2995
71.9450,0.7515,3.2375
71.9452,0.6884,2.9671
71.9454,0.624,2.6908
71.9456,0.5859,2.5264
71.9458,0.6228,2.6869
71.9460,0.6058,2.6134
71.9462,0.5647,2.436
71.9464,0.5554,2.3984
71.9466,0.5534,2.3885
71.9468,0.5728,2.47
71.9470,0.6377,2.7485
71.9472,0.6614,2.8535
71.9474,0.5415,2.3394
71.9476,0.4795,2.0726
71.9478,0.4792,2.07
71.9480,0.4756,2.0526
71.9482,0.5436,2.3439
71.9484,0.6273,2.7048
71.9486,0.614,2.6425
71.9488,0.6373,2.7469
71.9490,0.6371,2.7485
71.9492,0.6578,2.8353
71.9494,0.6677,2.8737
71.9496,0.6745,2.9058
71.9498,0.659,2.8365
71.9500,0.7243,3.1144
71.9502,0.7817,3.3598
71.9504,0.8231,3.5376
71.9506,0.788,3.3914
71.9508,0.7031,3.0302
71.9510,0.6566,2.8275
71.9512,0.7013,3.0182
71.9514,0.7251,3.1195
71.9516,0.7278,3.1323
71.9518,0.7261,3.1236
71.9520,0.7557,3.2495
71.9522,0.7421,3.1927
71.9524,0.7371,3.174
71.9526,0.7695,3.3134
71.9528,0.7167,3.0862
71.9530,0.6991,3.0075
71.9532,0.7027,3.023
71.9534,0.7589,3.2665
71.9536,0.7857,3.3721
71.9538,0.8298,3.5698
71.9540,0.7607,3.2788
71.9542,0.7125,3.0667
71.9544,0.7399,3.1814
71.9546,0.727,3.1292
71.9548,0.6999,3.0195
71.9550,0.5801,2.5016
71.9552,0.552,2.379
71.9554,0.5568,2.4008
71.9556,0.5566,2.4002
71.9558,0.5686,2.4542
71.9560,0.5558,2.3977
71.9562,0.5487,2.3683
71.9564,0.5376,2.3202
71.9566,0.539,2.3242
71.9568,0.5418,2.3361
71.9570,0.5514,2.3808
71.9572,0.5405,2.3326
71.9574,0.5452,2.3522
71.9576,0.5424,2.3398
71.9578,0.5433,2.3439
71.9580,0.5394,2.3247
71.9582,0.5745,2.4704
71.9584,0.6745,2.9031
71.9586,0.7594,3.2655
71.9588,0.752,3.235
71.9590,0.7141,3.0749
71.9592,0.664,2.8577
71.9594,0.7291,3.1321
71.9596,0.8158,3.5127
71.9598,0.6932,2.9836
71.9600,0.6971,2.9988
71.9602,0.6784,2.9196
71.9604,0.7106,3.0542
71.9606,0.7696,3.3093
71.9608,0.7823,3.3655
71.9610,0.7279,3.1328
71.9612,0.6736,2.9017
71.9614,0.6183,2.666
71.9616,0.5795,2.4978
71.9618,0.5745,2.4773
71.9620,0.5879,2.5317
71.9622,0.6123,2.6389
71.9624,0.6601,2.8399
71.9626,0.7804,3.3573
71.9628,0.6684,2.8808
71.9630,0.587,2.5299
71.9632,0.5781,2.4916
71.9634,0.6125,2.6375
71.9636,0.6413,2.7614
71.9638,0.6602,2.843
71.9640,0.6728,2.8972
71.9642,0.6459,2.7824
71.9644,0.619,2.6654
71.9646,0.628,2.7091
71.9648,0.5575,2.4027
71.9650,0.5968,2.5699
71.9652,0.6021,2.595
71.9654,0.5672,2.448
71.9656,0.5063,2.1861
71.9658,0.5088,2.1949
71.9660,0.4998,2.1571
71.9662,0.4928,2.1261
71.9664,0.4882,2.1079
71.9666,0.4866,2.0992
71.9668,0.4875,2.1029
71.9670,0.5104,2.2006
71.9672,0.551,2.3759
71.9674,0.6147,2.6443
71.9676,0.6941,2.9831
71.9678,0.7348,3.1613
71.9680,0.6986,3.0041
71.9682,0.7093,3.0485
71.9684,0.7403,3.1835
71.9686,0.7099,3.0511
71.9688,0.77,3.3093
71.9690,0.7818,3.3541
71.9692,0.8872,3.8045
71.9694,0.9119,3.9122
71.9696,0.9169,3.9315
71.9698,0.9554,4.0947
71.9700,0.9188,3.9416
71.9702,0.8876,3.8096
71.9704,0.9591,4.1144
71.9706,0.9471,4.063
71.9708,0.9018,3.8685
71.9710,0.8918,3.833
71.9712,0.8218,3.5287
71.9714,0.8303,3.5652
71.9716,0.8273,3.5524
71.9718,0.838,3.5965
71.9720,0.8822,3.7829
71.9722,0.9652,4.1349
71.9724,0.99,4.2471
71.9726,0.9663,4.1453
71.9728,0.9498,4.0729
71.9730,0.998,4.2696
71.9732,1.0527,4.5078
71.9734,1.0385,4.4571
71.9736,0.901,3.8762
71.9738,0.8255,3.5463
71.9740,0.8701,3.7327
71.9742,0.9642,4.1385
71.9744,0.8968,3.8618
71.9746,0.7697,3.3083
71.9748,0.8197,3.5232
71.9750,0.8236,3.5496
71.9752,0.674,2.9078
71.9754,0.6212,2.6772
71.9756,0.6243,2.6919
71.9758,0.6445,2.7792
71.9760,0.6276,2.7026
71.9762,0.7013,3.0154
71.9764,0.7487,3.2241
71.9766,0.7147,3.0817
71.9768,0.6889,2.9637
71.9770,0.7352,3.1643
71.9772,0.7297,3.142
71.9774,0.7009,3.0195
71.9776,0.6466,2.7816
71.9778,0.7231,3.1121
71.9780,0.6911,2.9757
71.9782,0.6873,2.9611
71.9784,0.6282,2.7102
71.9786,0.5646,2.4332
71.9788,0.5884,2.5373
71.9790,0.6165,2.6583
71.9792,0.5864,2.5261
71.9794,0.6174,2.6649
71.9796,0.5256,2.2705
71.9798,0.5395,2.3285
71.9800,0.5149,2.2224
71.9802,0.5217,2.2508
71.9804,0.6137,2.6439
71.9806,0.6345,2.7358
71.9808,0.5563,2.3976
71.9810,0.6125,2.6375
71.9812,0.605,2.611
71.9814,0.5366,2.3139
71.9816,0.5524,2.3821
71.9818,0.528,2.2798
71.9820,0.4944,2.1378
71.9822,0.4816,2.0775
71.9824,0.5135,2.2131
71.9826,0.5677,2.4467
71.9828,0.584,2.5158
71.9830,0.6339,2.7332
71.9832,0.5111,2.2089
71.9834,0.4315,1.8639
71.9836,0.5071,2.1857
71.9838,0.5478,2.362
71.9840,0.5359,2.3119
71.9842,0.5617,2.422
71.9844,0.5534,2.3863
71.9846,0.5497,2.3702
71.9848,0.5523,2.3794
71.9850,0.5771,2.4887
71.9852,0.542,2.3415
71.9854,0.4704,2.0332
71.9856,0.4581,1.9761
71.9858,0.4727,2.0392
71.9860,0.4621,1.9965
71.9862,0.4572,1.9734
71.9864,0.4577,1.9755
71.9866,0.4592,1.9817
71.9868,0.454,1.9613
71.9870,0.4473,1.9314
71.9872,0.4439,1.916
71.9874,0.4458,1.9242
71.9876,0.4493,1.9402
71.9878,0.4467,1.9279
71.9880,0.4461,1.9262
71.9882,0.4421,1.9064
71.9884,0.4424,1.9101
71.9886,0.4497,1.9426
71.9888,0.4493,1.9393
71.9890,0.4443,1.9157
71.9892,0.4745,2.0489
71.9894,0.4426,1.9103
71.9896,0.4524,1.9518
71.9898,0.4576,1.9731
71.9900,0.5323,2.2953
71.9902,0.4637,2.0004
71.9904,0.5057,2.1815
71.9906,0.483,2.0828
71.9908,0.481,2.0749
71.9910,0.527,2.2694
71.9912,0.5665,2.437
71.9914,0.6147,2.6431
71.9916,0.6637,2.854
71.9918,0.6971,2.996
71.9920,0.7188,3.0878
71.9922,0.7447,3.2036
71.9924,0.6485,2.7898
71.9926,0.6534,2.8084
71.9928,0.7256,3.123
71.9930,0.6313,2.7198
71.9932,0.5973,2.5672
71.9934,0.7073,3.0369
71.9936,0.8127,3.4912
71.9938,0.7966,3.4221
71.9940,0.7222,3.1071
71.9942,0.7268,3.1281
71.9944,0.6811,2.9288
71.9946,0.6077,2.6205
71.9948,0.5268,2.2704
71.9950,0.5665,2.437
71.9952,0.6401,2.7537
71.9954,0.6607,2.8424
71.9956,0.6838,2.9442
71.9958,0.5865,2.529
71.9960,0.5237,2.2559
71.9962,0.6078,2.6174
71.9964,0.5905,2.5413
71.9966,0.5722,2.4686
71.9968,0.4949,2.1359
71.9970,0.4863,2.0967
71.9972,0.5048,2.1759
71.9974,0.4858,2.0995
71.9976,0.3872,1.6727
71.9978,0.4253,1.8349
71.9980,0.4709,2.0305
71.9982,0.4789,2.0633
71.9984,0.4895,2.1107
71.9986,0.4781,2.0616
71.9988,0.4875,2.1019
71.9990,0.4852,2.0921
71.9992,0.4877,2.1029
71.9994,0.4933,2.1262
71.9996,0.4842,2.087
71.9998,0.5002,2.1557
72.0000,0.5691,2.4472
72.0002,0.7003,3.0057
72.0004,0.7441,3.1935
72.0006,0.7791,3.35
72.0008,0.7113,3.0573
72.0010,0.6719,2.8904
72.0012,0.6528,2.8058
72.0014,0.6907,2.97
72.0016,0.6924,2.9731
72.0018,0.7198,3.0939
72.0020,0.7101,3.0479
72.0022,0.786,3.3705
72.0024,0.9103,3.9032
72.0026,0.9155,3.9259
72.0028,0.873,3.7398
72.0030,0.9177,3.9314
72.0032,0.9408,4.0381
72.0034,0.8555,3.6682
72.0036,0.8561,3.6742
72.0038,0.8225,3.5285
72.0040,0.8769,3.7603
72.0042,0.9197,3.942
72.0044,0.9291,3.9821
72.0046,0.889,3.8104
72.0048,0.9116,3.9052
72.0050,0.9201,3.9472
72.0052,0.8948,3.8387
72.0054,0.9225,3.952
72.0056,0.9931,4.2565
72.0058,0.9167,3.9365
72.0060,0.8489,3.6451
72.0062,0.7892,3.387
72.0064,0.7739,3.3263
72.0066,0.7483,3.222
72.0068,0.7239,3.1085
72.0070,0.8127,3.4863
72.0072,0.8664,3.7185
72.0074,0.8046,3.4631
72.0076,0.7073,3.0412
72.0078,0.7439,3.1975
72.0080,0.7424,3.1923
72.0082,0.7064,3.0404
72.0084,0.7119,3.0613
72.0086,0.8146,3.4978
72.0088,0.8052,3.4641
72.0090,0.7619,3.2763
72.0092,0.786,3.3784
72.0094,0.7622,3.2713
72.0096,0.8081,3.47
72.0098,0.7859,3.3779
72.0100,0.8079,3.4706
72.0102,0.8546,3.6681
72.0104,0.8505,3.654
72.0106,0.7859,3.3826
72.0108,0.7207,3.0989
72.0110,0.7479,3.216
72.0112,0.7146,3.0769
72.0114,0.6902,2.9721
72.0116,0.6923,2.9767
72.0118,0.7537,3.2362
72.0120,0.7931,3.4088
72.0122,0.8246,3.5427
72.0124,0.8588,3.6861
72.0126,0.8588,3.6861
72.0128,0.8399,3.6081
72.0130,0.8412,3.6104
72.0132,0.8782,3.7677
72.0134,0.9141,3.9215
72.0136,0.9649,4.1377
72.0138,0.9444,4.0498
72.0140,0.9122,3.9133
72.0142,0.8948,3.8387
72.0144,0.9327,4.0031
72.0146,0.9154,3.9308
72.0148,0.8346,3.5871
72.0150,0.7708,3.316
72.0152,0.804,3.4541
72.0154,0.8414,3.6165
72.0156,0.7414,3.1881
72.0158,0.7025,3.0234
72.0160,0.6885,2.9607
72.0162,0.7057,3.0317
72.0164,0.8157,3.5041
72.0166,0.8718,3.7434
72.0168,0.8929,3.8322
72.0170,0.8773,3.7688
72.0172,0.8318,3.5736
72.0174,0.8565,3.678
72.0176,0.8432,3.6209
72.0178,0.8257,3.5539
72.0180,0.7486,3.2251
72.0182,0.6731,2.8983
72.0184,0.6682,2.8744
72.0186,0.7125,3.0653
72.0188,0.7161,3.0822
72.0190,0.7203,3.0988
72.0192,0.7171,3.0863
72.0194,0.7183,3.0901
72.0196,0.7172,3.0854
72.0198,0.7099,3.0568
72.0200,0.7981,3.4241
72.0202,0.9345,4.0127
72.0204,0.827,3.558
72.0206,0.6925,2.9861
72.0208,0.605,2.605
72.0210,0.7077,3.0475
72.0212,0.6629,2.8584
72.0214,0.5979,2.5793
72.0216,0.5463,2.3569
72.0218,0.5424,2.3398
72.0220,0.5383,2.3222
72.0222,0.5448,2.3501
72.0224,0.5487,2.3672
72.0226,0.5469,2.3573
72.0228,0.5518,2.3773
72.0230,0.6297,2.7151
72.0232,0.5853,2.5191
72.0234,0.7345,3.1553
72.0236,0.7636,3.2896
72.0238,0.5865,2.529
72.0240,0.5827,2.5089
72.0242,0.6466,2.7829
72.0244,0.6696,2.8833
72.0246,0.6754,2.9094
72.0248,0.6891,2.9688
72.0250,0.6734,2.8958
72.0252,0.7498,3.2242
72.0254,0.7672,3.3021
72.0256,0.7469,3.2163
72.0258,0.6584,2.8379
72.0260,0.648,2.7904
72.0262,0.666,2.8678
72.0264,0.6624,2.8523
72.0266,0.6736,2.8963
72.0268,0.8001,3.4419
72.0270,0.699,3.0098
72.0272,0.6382,2.748
72.0274,0.6592,2.8397
72.0276,0.642,2.7671
72.0278,0.6269,2.7007
72.0280,0.6384,2.749
72.0282,0.6756,2.9078
72.0284,0.6057,2.6117
72.0286,0.5514,2.3786
72.0288,0.5452,2.3511
72.0290,0.5391,2.3258
72.0292,0.5462,2.3563
72.0294,0.5345,2.3035
72.0296,0.5755,2.4791
72.0298,0.6146,2.65
72.0300,0.5817,2.5071
72.0302,0.5816,2.5031
72.0304,0.6168,2.6524
72.0306,0.6702,2.8845
72.0308,0.7172,3.084
72.0310,0.7501,3.2283
72.0312,0.71,3.0545
72.0314,0.7746,3.331
72.0316,0.7469,3.2134
72.0318,0.7166,3.0828
72.0320,0.6926,2.981
72.0322,0.6221,2.6801
72.0324,0.603,2.5991
72.0326,0.6261,2.6984
72.0328,0.5935,2.5566
72.0330,0.6189,2.6636
72.0332,0.66,2.8433
72.0334,0.6274,2.7003
72.0336,0.6556,2.8216
72.0338,0.7009,3.0082
72.0340,0.8034,3.4547
72.0342,0.7001,3.0116
72.0344,0.6937,2.9871
72.0346,0.7026,3.0253
72.0348,0.7062,3.038
72.0350,0.7028,3.0221
72.0352,0.7615,3.2697
72.0354,0.8041,3.453
72.0356,0.8346,3.5771
72.0358,0.9443,4.0511
72.0360,0.9538,4.0956
72.0362,0.9122,3.9169
72.0364,0.8755,3.7559
72.0366,0.9254,3.968
72.0368,0.9673,4.148
72.0370,0.934,4.0106
72.0372,0.8708,3.7393
72.0374,0.8759,3.7627
72.0376,0.8888,3.8183
72.0378,0.8815,3.7851
72.0380,0.8737,3.7499
72.0382,0.8696,3.7359
72.0384,0.8646,3.7125
72.0386,0.8533,3.6641
72.0388,0.8677,3.7242
72.0390,0.8822,3.7935
72.0392,0.8083,3.4759
72.0394,0.7684,3.3042
72.0396,0.7509,3.2259
72.0398,0.7934,3.4178
72.0400,0.609,2.6238
72.0402,0.6272,2.7043
72.0404,0.6303,2.7152
72.0406,0.6485,2.7924
72.0408,0.6489,2.794
72.0410,0.6196,2.6692
72.0412,0.6189,2.6698
72.0414,0.6099,2.6274
72.0416,0.6131,2.6425
72.0418,0.6225,2.6816
72.0420,0.6291,2.7125
72.0422,0.5729,2.4706
72.0424,0.5709,2.4629
72.0426,0.5777,2.4901
72.0428,0.6216,2.6768
72.0430,0.6081,2.6184
72.0432,0.6101,2.6284
72.0434,0.6427,2.7663
72.0436,0.6697,2.8878
72.0438,0.5869,2.5317
72.0440,0.5785,2.4932
72.0442,0.646,2.7816
72.0444,0.623,2.6849
72.0446,0.6608,2.8456
72.0448,0.6415,2.7638
72.0450,0.59,2.5428
72.0452,0.5997,2.5859
72.0454,0.6252,2.6973
72.0456,0.6002,2.5879
72.0458,0.5998,2.5852
72.0460,0.6093,2.6211
72.0462,0.6697,2.8825
72.0464,0.6885,2.9649
72.0466,0.6479,2.7885
72.0468,0.6547,2.8219
72.0470,0.6372,2.7439
72.0472,0.6848,2.9461
72.0474,0.6722,2.8987
72.0476,0.5162,2.2291
72.0478,0.5006,2.1608
72.0480,0.4575,1.9781
72.0482,0.4131,1.7838
72.0484,0.4424,1.911
72.0486,0.4326,1.8673
72.0488,0.4559,1.9686
72.0490,0.4747,2.0509
72.0492,0.4703,2.0298
72.0494,0.4559,1.9677
72.0496,0.4428,1.9078
72.0498,0.547,2.3578
72.0500,0.5017,2.1674
72.0502,0.4671,2.0168
72.0504,0.4936,2.1292
72.0506,0.5149,2.2193
72.0508,0.5972,2.5738
72.0510,0.5805,2.5008
72.0512,0.5788,2.4924
72.0514,0.5746,2.4755
72.0516,0.5761,2.4817
72.0518,0.583,2.5128
72.0520,0.5918,2.5482
72.0522,0.6413,2.764
72.0524,0.5637,2.4319
72.0526,0.5299,2.2839
72.0528,0.5337,2.2993
72.0530,0.5523,2.3805
72.0532,0.5626,2.425
72.0534,0.5632,2.4242
72.0536,0.6608,2.8456
72.0538,0.5901,2.5445
72.0540,0.5855,2.5237
72.0542,0.566,2.4406
72.0544,0.4834,2.0843
72.0546,0.5108,2.2058
72.0548,0.4542,1.9605
72.0550,0.4442,1.9152
72.0552,0.4527,1.9501
72.0554,0.4638,2.0009
72.0556,0.4506,1.9468
72.0558,0.4464,1.9259
72.0560,0.4614,1.9906
72.0562,0.4667,2.0124
72.0564,0.4614,1.9906
72.0566,0.4569,1.9719
72.0568,0.4564,1.968
72.0570,0.4599,1.983
72.0572,0.4637,2.0014
72.0574,0.4584,1.9795
72.0576,0.4532,1.9558
72.0578,0.4433,1.9107
72.0580,0.491,2.1154
72.0582,0.5885,2.5342
72.0584,0.6036,2.5981
72.0586,0.5789,2.4941
72.0588,0.5587,2.4057
72.0590,0.5665,2.4426
72.0592,0.4666,2.0128
72.0594,0.436,1.8818
72.0596,0.4559,1.965
72.0598,0.5301,2.2817
72.0600,0.575,2.4759
72.0602,0.5901,2.5433
72.0604,0.5642,2.4317
72.0606,0.5131,2.2125
72.0608,0.5293,2.2802
72.0610,0.5658,2.4384
72.0612,0.54,2.3273
72.0614,0.5074,2.1867
72.0616,0.4912,2.1169
72.0618,0.5021,2.164
72.0620,0.4993,2.1511
72.0622,0.502,2.1655
72.0624,0.4121,1.7805
72.0626,0.3862,1.6678
72.0628,0.4656,2.0068
72.0630,0.5123,2.2069
72.0632,0.4594,1.9827
72.0634,0.3919,1.6929
72.0636,0.3891,1.6779
72.0638,0.4486,1.9353
72.0640,0.4385,1.8883
72.0642,0.5563,2.3953
72.0644,0.6056,2.6064
72.0646,0.6036,2.5981
72.0648,0.6101,2.6272
72.0650,0.5152,2.2203
72.0652,0.495,2.1335
72.0654,0.4963,2.1401
72.0656,0.4926,2.1231
72.0658,0.5173,2.2255
72.0660,0.593,2.5522
72.0662,0.6261,2.6934
72.0664,0.6572,2.8262
72.0666,0.6707,2.8853
72.0668,0.6293,2.7048
72.0670,0.6534,2.8057
72.0672,0.7162,3.077
72.0674,0.6956,2.9912
72.0676,0.6743,2.8994
72.0678,0.6863,2.951
72.0680,0.7144,3.0707
72.0682,0.7354,3.1579
72.0684,0.7583,3.2578
72.0686,0.725,3.1117
72.0688,0.8178,3.5002
72.0690,0.9441,4.0445
72.0692,0.9067,3.8896
72.0694,0.904,3.8693
72.0696,0.9447,4.047
72.0698,0.9372,4.0114
72.0700,1.0002,4.2809
72.0702,0.9659,4.136
72.0704,1.0118,4.3286
72.0706,1.043,4.462
72.0708,1.0591,4.5223
72.0710,1.1114,4.7522
72.0712,1.0665,4.5732
72.0714,0.9241,3.9624
72.0716,0.8769,3.7568
72.0718,0.8979,3.8521
72.0720,0.8607,3.6926
72.0722,0.8528,3.6569
72.0724,0.9083,3.895
72.0726,0.9497,4.0743
72.0728,0.9044,3.8762
72.0730,0.9335,3.9992
72.0732,0.8948,3.8423
72.0734,0.8458,3.6232
72.0736,0.9354,4.0037
72.0738,1.0012,4.289
72.0740,0.928,3.9886
72.0742,0.7998,3.4377
72.0744,0.7954,3.4138
72.0746,0.8462,3.6286
72.0748,0.8832,3.7888
72.0750,0.9332,4.0052
72.0752,0.8964,3.8454
72.0754,0.8912,3.825
72.0756,0.8888,3.8147
72.0758,0.8842,3.7916
72.0760,0.8904,3.8197
72.0762,0.873,3.752
72.0764,0.8258,3.5429
72.0766,0.9406,4.0277
72.0768,0.9989,4.2832
72.0770,0.9627,4.1337
72.0772,0.9172,3.9404
72.0774,0.8485,3.6418
72.0776,0.8547,3.6737
72.0778,0.8535,3.6685
72.0780,0.7811,3.3604
72.0782,0.7877,3.384
72.0784,0.7906,3.3964
72.0786,0.8023,3.4517
72.0788,0.7394,3.1853
72.0790,0.6799,2.9263
72.0792,0.6949,2.9895
72.0794,0.7407,3.1836
72.0796,0.7751,3.3268
72.0798,0.8393,3.6055
72.0800,0.8347,3.591
72.0802,0.7424,3.1908
72.0804,0.8157,3.5024
72.0806,0.8213,3.5266
72.0808,0.8738,3.7522
72.0810,0.875,3.7556
72.0812,0.884,3.7959
72.0814,0.8603,3.6974
72.0816,0.8033,3.4574
72.0818,0.6908,2.9761
72.0820,0.6857,2.9484
72.0822,0.8483,3.6357
72.0824,0.9822,4.2098
72.0826,0.9382,4.0268
72.0828,0.8797,3.7721
72.0830,0.9503,4.0693
72.0832,1.0572,4.5247
72.0834,0.9991,4.2962
72.0836,0.8109,3.4916
72.0838,0.7659,3.2933
72.0840,0.813,3.4976
72.0842,0.7591,3.2639
72.0844,0.7525,3.2356
72.0846,0.7824,3.3645
72.0848,0.8203,3.5291
72.0850,0.7948,3.4176
72.0852,0.7415,3.1931
72.0854,0.6944,2.9902
72.0856,0.7092,3.0551
72.0858,0.7014,3.0173
72.0860,0.7045,3.0307
72.0862,0.6943,2.9897
72.0864,0.729,3.1331
72.0866,0.8202,3.5335
72.0868,0.6629,2.8584
72.0870,0.6053,2.6065
72.0872,0.6978,3.0018
72.0874,0.7069,3.0425
72.0876,0.661,2.8514
72.0878,0.5511,2.3753
72.0880,0.5848,2.5253
72.0882,0.542,2.3415
72.0884,0.5249,2.2653
72.0886,0.5339,2.3031
72.0888,0.5327,2.2979
72.0890,0.5498,2.373
72.0892,0.5323,2.2953
72.0894,0.5238,2.2607
72.0896,0.5196,2.2394
72.0898,0.5893,2.5421
72.0900,0.5731,2.4734
72.0902,0.5466,2.3579
72.0904,0.5728,2.4689
72.0906,0.6143,2.644
72.0908,0.6577,2.8309
72.0910,0.6971,2.9974
72.0912,0.876,3.7579
72.0914,0.9384,4.0241
72.0916,0.9408,4.0381
72.0918,0.8737,3.7534
72.0920,0.8335,3.5808
72.0922,0.8366,3.5992
72.0924,0.7579,3.2618
72.0926,0.7302,3.1382
72.0928,0.793,3.4114
72.0930,0.7233,3.1074
72.0932,0.8346,3.5855
72.0934,0.8624,3.7067
72.0936,0.8726,3.7487
72.0938,0.8258,3.5445
72.0940,0.8664,3.7202
72.0942,0.8787,3.7733
72.0944,0.8461,3.6383
72.0946,0.7864,3.3862
72.0948,0.6863,2.9564
72.0950,0.7065,3.0395
72.0952,0.7473,3.2179
72.0954,0.6884,2.9699
72.0956,0.5823,2.5086
72.0958,0.566,2.4394
72.0960,0.5624,2.4251
72.0962,0.5723,2.4668
72.0964,0.6562,2.8242
72.0966,0.768,3.3088
72.0968,0.6469,2.787
72.0970,0.6128,2.6385
72.0972,0.6225,2.6841
72.0974,0.6358,2.7364
72.0976,0.6643,2.8593
72.0978,0.6767,2.9124
72.0980,0.6557,2.826
72.0982,0.622,2.6808
72.0984,0.606,2.6121
72.0986,0.5974,2.5725
72.0988,0.6254,2.6928
72.0990,0.6546,2.8214
72.0992,0.6017,2.5934
72.0994,0.5613,2.4238
72.0996,0.4961,2.1411
72.0998,0.4877,2.1049
72.1000,0.5,2.1562
72.1002,0.5436,2.3439
72.1004,0.5959,2.5681
72.1006,0.6102,2.6289
72.1008,0.5805,2.5008
72.1010,0.6096,2.6202
72.1012,0.7424,3.1938
72.1014,0.7529,3.2376
72.1016,0.8203,3.5241
72.1018,0.8586,3.6868
72.1020,0.869,3.7298
72.1022,0.8793,3.7758
72.1024,0.8919,3.8246
72.1026,0.9235,3.9579
72.1028,0.9898,4.2402
72.1030,1.0009,4.292
72.1032,1.0165,4.3507
72.1034,1.1061,4.7363
72.1036,1.0659,4.5685
72.1038,1.002,4.2926
72.1040,1.0362,4.4452
72.1042,0.9628,4.1265
72.1044,0.9888,4.246
72.1046,0.9211,3.955
72.1048,0.9229,3.9628
72.1050,0.9566,4.0998
72.1052,1.0063,4.3151
72.1054,0.9974,4.277
72.1056,0.9718,4.1689
72.1058,0.9407,4.0357
72.1060,0.9237,3.9645
72.1062,0.9807,4.2031
72.1064,1.0295,4.4143
72.1066,1.0123,4.353
72.1068,0.8526,3.6661
72.1070,0.788,3.3882
72.1072,0.7426,3.2052
72.1074,0.6367,2.7469
72.1076,0.6262,2.7001
72.1078,0.6218,2.6785
72.1080,0.6254,2.6965
72.1082,0.6528,2.8123
72.1084,0.6824,2.9399
72.1086,0.6763,2.9109
72.1088,0.6425,2.773
72.1090,0.5592,2.4077
72.1092,0.6815,2.9385
72.1094,0.6339,2.7332
72.1096,0.6537,2.8159
72.1098,0.652,2.8074
72.1100,0.6611,2.848
72.1102,0.658,2.8358
72.1104,0.599,2.578
72.1106,0.7062,3.0408
72.1108,0.7031,3.0288
72.1110,0.6833,2.949
72.1112,0.5524,2.3855
72.1114,0.5592,2.4066
72.1116,0.6445,2.7805
72.1118,0.6104,2.6307
72.1120,0.6313,2.7198
72.1122,0.7067,3.0414
72.1124,0.7246,3.1189
72.1126,0.7579,3.2618
72.1128,0.76,3.2696
72.1130,0.7388,3.1798
72.1132,0.6767,2.9138
72.1134,0.6744,2.9026
72.1136,0.7254,3.119
72.1138,0.8081,3.4748
72.1140,0.7803,3.3536
72.1142,0.7803,3.3583
72.1144,0.717,3.0916
72.1146,0.6299,2.7124
72.1148,0.6702,2.8859
72.1150,0.7326,3.1558
72.1152,0.6305,2.72
72.1154,0.4859,2.1
72.1156,0.4468,1.9311
72.1158,0.4452,1.9243
72.1160,0.4492,1.9414
72.1162,0.446,1.9274
72.1164,0.4484,1.9369
72.1166,0.4448,1.9214
72.1168,0.4584,1.9786
72.1170,0.4667,2.0152
72.1172,0.4647,2.0074
72.1174,0.4602,1.9882
72.1176,0.4584,1.9786
72.1178,0.4606,1.9897
72.1180,0.4648,2.0088
72.1182,0.4596,1.9828
72.1184,0.4563,1.9702
72.1186,0.4464,1.9286
72.1188,0.446,1.9265
72.1190,0.4487,1.9385
72.1192,0.4463,1.9272
72.1194,0.4456,1.9241
72.1196,0.484,2.0879
72.1198,0.5339,2.302
72.1200,0.5577,2.4027
72.1202,0.556,2.3976
72.1204,0.5773,2.4857
72.1206,0.5788,2.4947
72.1208,0.5287,2.2798
72.1210,0.5217,2.2519
72.1212,0.53,2.2865
72.1214,0.5219,2.2492
72.1216,0.5382,2.3206
72.1218,0.5912,2.548
72.1220,0.5365,2.3134
72.1222,0.515,2.2239
72.1224,0.5231,2.2555
72.1226,0.5159,2.2234
72.1228,0.5259,2.2668
72.1230,0.5318,2.2964
72.1232,0.4661,2.0108
72.1234,0.5093,2.195
72.1236,0.5432,2.3391
72.1238,0.5535,2.3846
72.1240,0.5569,2.3979
72.1242,0.6074,2.6177
72.1244,0.6053,2.6077
72.1246,0.5921,2.5497
72.1248,0.5835,2.5114
72.1250,0.6197,2.6735
72.1252,0.5116,2.2038
72.1254,0.5297,2.2797
72.1256,0.5584,2.4069
72.1258,0.5779,2.4894
72.1260,0.5971,2.5733
72.1262,0.5863,2.5233
72.1264,0.6075,2.6158
72.1266,0.5906,2.543
72.1268,0.6641,2.8569
72.1270,0.6652,2.8629
72.1272,0.6184,2.6628
72.1274,0.6179,2.6595
72.1276,0.6716,2.888
72.1278,0.699,3.0112
72.1280,0.6141,2.643
72.1282,0.6473,2.7873
72.1284,0.5926,2.5542
72.1286,0.5388,2.3232
72.1288,0.5185,2.2379
72.1290,0.4964,2.1427
72.1292,0.5064,2.1816
72.1294,0.5863,2.5244
72.1296,0.6257,2.6993
72.1298,0.5394,2.3236
72.1300,0.5823,2.5062
72.1302,0.6732,2.8921
72.1304,0.7798,3.3469
72.1306,0.8306,3.5668
72.1308,0.8444,3.6226
72.1310,0.8113,3.4823
72.1312,0.8218,3.5254
72.1314,0.823,3.5355
72.1316,0.7872,3.3804
72.1318,0.7696,3.3047
72.1320,0.7659,3.2872
72.1322,0.8134,3.4894
72.1324,0.8652,3.7099
72.1326,0.9508,4.0751
72.1328,0.9826,4.2074
72.1330,0.9861,4.2282
72.1332,0.9101,3.9009
72.1334,0.9337,3.9979
72.1336,0.9763,4.1846
72.1338,0.9038,3.8827
72.1340,0.8587,3.6856
72.1342,0.9267,3.97
72.1344,0.995,4.2588
72.1346,1.055,4.5091
72.1348,1.0657,4.5654
72.1350,1.0319,4.4205
72.1352,1.022,4.3743
72.1354,1.0328,4.4267
72.1356,1.0259,4.3948
72.1358,1.015,4.3501
72.1360,1.0122,4.3342
72.1362,1.0381,4.4431
72.1364,1.0976,4.6998
72.1366,1.0796,4.6228
72.1368,1.0578,4.5272
72.1370,1.1054,4.7288
72.1372,1.081,4.6354
72.1374,0.9923,4.2549
72.1376,1.0376,4.4431
72.1378,1.0861,4.644
72.1380,1.0898,4.6664
72.1382,1.0263,4.403
72.1384,0.9714,4.1655
72.1386,1.0301,4.4128
72.1388,1.0533,4.5209
72.1390,0.9967,4.27
72.1392,1.0913,4.6687
72.1394,1.0852,4.6534
72.1396,1.0254,4.3969
72.1398,1.0171,4.3654
72.1400,0.9594,4.116
72.1402,0.9472,4.0654
72.1404,0.967,4.1445
72.1406,1.0422,4.4626
72.1408,1.0891,4.6655
72.1410,1.0473,4.4909
72.1412,1.0244,4.3968
72.1414,1.0273,4.4051
72.1416,1.0417,4.4647
72.1418,1.0586,4.5329
72.1420,1.0909,4.6754
72.1422,1.0753,4.6086
72.1424,1.0845,4.6503
72.1426,1.0418,4.4694
72.1428,0.9895,4.2451
72.1430,1.0174,4.3665
72.1432,1.0251,4.3979
72.1434,1.0302,4.4154
72.1436,1.066,4.5712
72.1438,1.064,4.5603
72.1440,1.038,4.4529
72.1442,1.005,4.3155
72.1444,1.0152,4.3592
72.1446,1.0357,4.4431
72.1448,1.0241,4.3932
72.1450,1.0272,4.4087
72.1452,1.0488,4.4971
72.1454,1.0663,4.5743
72.1456,1.01,4.331
72.1458,0.9323,4.0146
72.1460,0.8484,3.6532
72.1462,0.8358,3.5923
72.1464,0.9646,4.1342
72.1466,1.0864,4.6586
72.1468,1.0765,4.6137
72.1470,1.0598,4.5444
72.1472,1.0871,4.6617
72.1474,1.1068,4.746
72.1476,1.1043,4.7374
72.1478,1.0712,4.5933
72.1480,1.0923,4.6816
72.1482,1.1069,4.7509
72.1484,1.0436,4.475
72.1486,1.041,4.4699
72.1488,1.034,4.4442
72.1490,1.0217,4.385
72.1492,1.0557,4.5248
72.1494,1.0867,4.6639
72.1496,1.0594,4.5408
72.1498,1.0301,4.4231
72.1500,1.0326,4.4339
72.1502,1.0449,4.4828
72.1504,1.0642,4.5656
72.1506,1.1018,4.7222
72.1508,1.0981,4.715
72.1510,1.0482,4.4987
72.1512,1.0485,4.5003
72.1514,1.0273,4.4112
72.1516,1.0471,4.5004
72.1518,1.0242,4.402
72.1520,1.025,4.3974
72.1522,1.0185,4.3777
72.1524,0.9823,4.2162
72.1526,0.9961,4.2873
72.1528,0.8424,3.6274
72.1530,0.8225,3.54
72.1532,0.8365,3.6071
72.1534,0.7738,3.3366
72.1536,0.7836,3.3712
72.1538,0.8435,3.6303
72.1540,0.8111,3.4958
72.1542,0.7712,3.3222
72.1544,0.7986,3.4373
72.1546,0.8462,3.6388
72.1548,0.8839,3.8025
72.1550,0.9069,3.9142
72.1552,0.7119,3.0684
72.1554,0.7099,3.0653
72.1556,0.6776,2.9206
72.1558,0.7774,3.3444
72.1560,0.8249,3.5569
72.1562,0.7007,3.0254
72.1564,0.6606,2.8525
72.1566,0.664,2.8657
72.1568,0.6582,2.8408
72.1570,0.6588,2.8408
72.1572,0.7196,3.1044
72.1574,0.7369,3.1685
72.1576,0.8282,3.5598
72.1578,0.8328,3.5877
72.1580,0.7908,3.4053
72.1582,0.787,3.3888
72.1584,0.7469,3.2178
72.1586,0.7351,3.1711
72.1588,0.6975,3.0078
72.1590,0.7117,3.0645
72.1592,0.854,3.6706
72.1594,0.9293,3.9924
72.1596,0.8866,3.8161
72.1598,0.8076,3.4808
72.1600,0.787,3.3904
72.1602,0.7799,3.3583
72.1604,0.7875,3.3924
72.1606,0.7838,3.3749
72.1608,0.7858,3.3805
72.1610,0.7923,3.4131
72.1612,0.7815,3.3666
72.1614,0.7788,3.3568
72.1616,0.7829,3.3728
72.1618,0.7799,3.3583
72.1620,0.7694,3.3129
72.1622,0.8112,3.4899
72.1624,0.8881,3.8223
72.1626,0.8255,3.5546
72.1628,0.7954,3.4265
72.1630,0.7905,3.4022
72.1632,0.885,3.8
72.1634,0.9637,4.1364
72.1636,0.9841,4.2259
72.1638,0.9549,4.1041
72.1640,0.9046,3.8881
72.1642,0.9016,3.877
72.1644,0.9196,3.9525
72.1646,0.9773,4.1926
72.1648,1.1085,4.7532
72.1650,1.1274,4.8367
72.1652,1.0654,4.5665
72.1654,1.0506,4.509
72.1656,1.0122,4.3443
72.1658,1.0247,4.4061
72.1660,1.0076,4.3369
72.1662,0.9201,3.9546
72.1664,0.9497,4.0819
72.1666,1.0128,4.3449
72.1668,1.0503,4.5038
72.1670,1.0985,4.7171
72.1672,1.1105,4.7641
72.1674,1.1439,4.9026
72.1676,1.1134,4.7743
72.1678,1.1091,4.7602
72.1680,1.0663,4.5829
72.1682,0.9873,4.2412
72.1684,0.9645,4.1414
72.1686,1.0526,4.5136
72.1688,1.1644,4.9928
72.1690,1.2168,5.2102
72.1692,1.2183,5.2169
72.1694,1.2127,5.1903
72.1696,1.2441,5.3298
72.1698,1.2107,5.1864
72.1700,1.1453,4.9133
72.1702,1.1351,4.8605
72.1704,1.24,5.3073
72.1706,1.2869,5.5106
72.1708,1.2557,5.3771
72.1710,1.2392,5.3062
72.1712,1.2344,5.2906
72.1714,1.2274,5.2559
72.1716,1.181,5.0643
72.1718,1.2455,5.3384
72.1720,1.2416,5.3264
72.1722,1.2036,5.1585
72.1724,1.2154,5.207
72.1726,1.2033,5.1551
72.1728,1.2044,5.1621
72.1730,1.2057,5.1798
72.1732,1.0532,4.5309
72.1734,1.0603,4.555
72.1736,1.0853,4.6539
72.1738,1.1861,5.0859
72.1740,1.1647,4.999
72.1742,1.1067,4.7477
72.1744,1.1482,4.9326
72.1746,1.0834,4.6566
72.1748,1.0598,4.5487
72.1750,1.1537,4.9447
72.1752,1.1989,5.1433
72.1754,1.0861,4.6722
72.1756,0.9527,4.0967
72.1758,1.0177,4.3721
72.1760,1.0431,4.4896
72.1762,1.0048,4.3245
72.1764,1.0142,4.3571
72.1766,1.0248,4.3902
72.1768,1.2125,5.199
72.1770,1.2254,5.257
72.1772,1.0286,4.4313
72.1774,0.9586,4.1258
72.1776,1.0058,4.3231
72.1778,1.0139,4.3637
72.1780,0.9804,4.2158
72.1782,0.9906,4.2576
72.1784,0.999,4.2957
72.1786,1.0136,4.3606
72.1788,0.9978,4.2946
72.1790,0.976,4.1909
72.1792,1.0789,4.6391
72.1794,0.9887,4.2632
72.1796,0.8641,3.7174
72.1798,0.9291,3.9988
72.1800,0.9914,4.2553
72.1802,1.0797,4.6363
72.1804,1.0584,4.5552
72.1806,1.0308,4.4324
72.1808,1.0168,4.37
72.1810,0.9952,4.2852
72.1812,0.9986,4.2922
72.1814,1.0561,4.5327
72.1816,1.1325,4.8628
72.1818,1.0786,4.6446
72.1820,0.9941,4.2805
72.1822,0.9538,4.1147
72.1824,0.9386,4.034
72.1826,1.0429,4.4907
72.1828,0.9134,3.9385
72.1830,0.8016,3.455
72.1832,0.8086,3.485
72.1834,0.8604,3.7083
72.1836,0.8703,3.7477
72.1838,0.8257,3.5655
72.1840,0.6993,3.0211
72.1842,0.7279,3.1401
72.1844,0.7544,3.2514
72.1846,0.7686,3.3144
72.1848,0.8345,3.5949
72.1850,0.8647,3.7251
72.1852,0.8765,3.7775
72.1854,0.8534,3.6851
72.1856,0.7751,3.3377
72.1858,0.9378,4.0327
72.1860,0.9666,4.1565
72.1862,0.7375,3.1847
72.1864,0.6724,2.909
72.1866,0.6006,2.5995
72.1868,0.6033,2.6085
72.1870,0.6302,2.7251
72.1872,0.5998,2.5922
72.1874,0.6063,2.6214
72.1876,0.6246,2.6983
72.1878,0.6078,2.6257
72.1880,0.6107,2.6406
72.1882,0.6144,2.6591
72.1884,0.6036,2.6088
72.1886,0.5895,2.5477
72.1888,0.594,2.5638
72.1890,0.8393,3.6159
72.1892,0.7735,3.3385
72.1894,0.6885,2.973
72.1896,0.7089,3.0582
72.1898,0.78,3.3587
72.1900,0.8571,3.6907
72.1902,0.8754,3.7662
72.1904,0.9073,3.8979
72.1906,0.9822,4.2174
72.1908,1.0361,4.4532
72.1910,0.9648,4.1543
72.1912,0.824,3.5514
72.1914,0.8112,3.4962
72.1916,0.8322,3.5833
72.1918,0.8614,3.7024
72.1920,0.9768,4.1942
72.1922,1.0489,4.5063
72.1924,1.069,4.5987
72.1926,0.9344,4.0199
72.1928,0.8623,3.7198
72.1930,0.7381,3.1859
72.1932,0.7151,3.0879
72.1934,0.7114,3.0704
72.1936,0.7115,3.0695
72.1938,0.7137,3.0774
72.1940,0.7193,3.1003
72.1942,0.7217,3.1121
72.1944,0.7151,3.0879
72.1946,0.6911,2.983
72.1948,0.7601,3.276
72.1950,0.7878,3.397
72.1952,0.7523,3.2439
72.1954,0.842,3.6189
72.1956,0.9695,4.1706
72.1958,0.9254,3.9831
72.1960,0.892,3.8373
72.1962,0.9129,3.9362
72.1964,0.8152,3.5088
72.1966,0.8534,3.6747
72.1968,0.8437,3.6362
72.1970,0.7838,3.3783
72.1972,0.7628,3.2864
72.1974,0.7744,3.3375
72.1976,0.8257,3.5504
72.1978,0.9769,4.1947
72.1980,0.9959,4.2806
72.1982,0.997,4.2812
72.1984,1.1281,4.844
72.1986,1.0023,4.3079
72.1988,0.9471,4.0765
72.1990,0.9045,3.8874
72.1992,0.9824,4.2204
72.1994,1.0265,4.412
72.1996,1.0142,4.3589
72.1998,0.9642,4.1459
72.2000,0.9523,4.0911
72.2002,1.034,4.4398
72.2004,1.0677,4.5866
72.2006,1.0495,4.5068
72.2008,1.0844,4.6588
72.2010,1.0208,4.3852
72.2012,1.0424,4.4717
72.2014,1.1342,4.8567
72.2016,1.2023,5.1531
72.2018,1.1254,4.8327
72.2020,1.0973,4.7095
72.2022,1.1117,4.7735
72.2024,1.1359,4.8707
72.2026,1.1145,4.7814
72.2028,1.0854,4.6672
72.2030,1.0555,4.5241
72.2032,1.1479,4.929
72.2034,1.1409,4.8945
72.2036,1.1217,4.8145
72.2038,1.0342,4.4471
72.2040,0.935,4.0207
72.2042,0.9919,4.2611
72.2044,1.0035,4.309
72.2046,1.0427,4.4795
72.2048,0.98,4.216
72.2050,0.9181,3.9516
72.2052,0.9138,3.9312
72.2054,0.9783,4.2048
72.2056,0.9522,4.0944
72.2058,0.9705,4.183
72.2060,0.8729,3.7588
72.2062,0.8994,3.8711
72.2064,0.9175,3.938
72.2066,1.1161,4.7992
72.2068,1.0141,4.3625
72.2070,0.987,4.2419
72.2072,1.0148,4.3554
72.2074,1.0936,4.6979
72.2076,1.0744,4.6133
72.2078,1.1047,4.737
72.2080,1.1665,5.0134
72.2082,1.0097,4.3479
72.2084,0.9559,4.1085
72.2086,0.982,4.2228
72.2088,0.9873,4.2494
72.2090,0.983,4.2269
72.2092,1.0199,4.3857
72.2094,1.0006,4.3007
72.2096,1.038,4.4636
72.2098,1.0378,4.4605
72.2100,1.1304,4.8515
72.2102,1.1578,4.9694
72.2104,1.1325,4.8676
72.2106,1.1059,4.7465
72.2108,1.1232,4.8206
72.2110,1.1263,4.8318
72.2112,1.0912,4.6898
72.2114,1.009,4.3408
72.2116,1.0183,4.3826
72.2118,0.9462,4.0724
72.2120,0.962,4.1347
72.2122,1.0184,4.377
72.2124,1.0257,4.4125
72.2126,0.9686,4.1689
72.2128,0.9596,4.134
72.2130,0.9016,3.884
72.2132,0.8682,3.7387
72.2134,0.9016,3.884
72.2136,0.8561,3.69
72.2138,0.8952,3.8459
72.2140,1.0603,4.5531
72.2142,1.0669,4.5878
72.2144,1.0548,4.5357
72.2146,1.0041,4.3217
72.2148,0.9347,4.021
72.2150,0.9293,4.0015
72.2152,0.9388,4.0404
72.2154,1.0004,4.2937
72.2156,1.0856,4.6639
72.2158,1.0438,4.4862
72.2160,1.0543,4.5337
72.2162,1.0529,4.5296
72.2164,1.0151,4.3671
72.2166,0.9805,4.22
72.2168,0.9123,3.9282
72.2170,0.9055,3.8974
72.2172,0.9023,3.8889
72.2174,0.9016,3.8822
72.2176,0.8983,3.8701
72.2178,0.8739,3.7664
72.2180,0.8301,3.5745
72.2182,0.8445,3.6381
72.2184,0.8417,3.6246
72.2186,0.8624,3.7151
72.2188,0.9039,3.8902
72.2190,0.8916,3.8465
72.2192,0.7476,3.2282
72.2194,0.7105,3.0691
72.2196,0.6904,2.9826
72.2198,0.6849,2.9588
72.2200,0.6904,2.9785
72.2202,0.6927,2.9911
72.2204,0.6899,2.9819
72.2206,0.6885,2.9744
72.2208,0.6886,2.968
72.2210,0.7393,3.1895
72.2212,0.6993,3.0182
72.2214,0.6905,2.9804
72.2216,0.6892,2.9747
72.2218,0.6892,2.9747
72.2220,0.747,3.2227
72.2222,0.7644,3.3022
72.2224,0.6979,3.0134
72.2226,0.6908,2.9814
72.2228,0.6933,2.9951
72.2230,0.7194,3.0994
72.2232,0.8114,3.4972
72.2234,0.825,3.549
72.2236,0.9657,4.1546
72.2238,1.0094,4.3363
72.2240,1.0278,4.4177
72.2242,0.9843,4.2365
72.2244,0.92,3.9654
72.2246,0.8511,3.6631
72.2248,0.8631,3.713
72.2250,0.9162,3.9415
72.2252,0.991,4.2595
72.2254,1.0385,4.4594
72.2256,0.9776,4.2135
72.2258,0.8437,3.6362
72.2260,0.8717,3.7484
72.2262,0.8533,3.681
72.2264,0.7899,3.4078
72.2266,0.7812,3.3701
72.2268,0.7806,3.3675
72.2270,0.7858,3.3866
72.2272,0.7806,3.3675
72.2274,0.767,3.3044
72.2276,0.8467,3.644
72.2278,0.885,3.811
72.2280,0.8001,3.4518
72.2282,0.7527,3.2485
72.2284,0.7401,3.1926
72.2286,0.7524,3.2444
72.2288,0.7602,3.278
72.2290,0.8006,3.4475
72.2292,0.927,3.9843
72.2294,0.937,4.0252
72.2296,1.0347,4.447
72.2298,1.0154,4.36
72.2300,1.0361,4.4532
72.2302,1.0142,4.361
72.2304,0.9591,4.1243
72.2306,0.8991,3.8786
72.2308,0.7517,3.2383
72.2310,0.797,3.4336
72.2312,0.853,3.6748
72.2314,0.7843,3.3867
72.2316,0.6621,2.8604
72.2318,0.6307,2.7259
72.2320,0.639,2.7604
72.2322,0.6408,2.7656
72.2324,0.6604,2.8465
72.2326,0.7549,3.2523
72.2328,0.8035,3.4647
72.2330,0.8295,3.5719
72.2332,0.8582,3.6936
72.2334,0.8176,3.5273
72.2336,0.7704,3.3143
72.2338,0.8429,3.6314
72.2340,0.7943,3.4185
72.2342,0.8563,3.6853
72.2344,0.8666,3.7314
72.2346,0.9317,3.995
72.2348,1.1082,4.7585
72.2350,1.0976,4.7132
72.2352,1.0713,4.6
72.2354,1.0058,4.3249
72.2356,0.9787,4.2064
72.2358,1.0258,4.3966
72.2360,1.1184,4.8068
72.2362,1.0452,4.4882
72.2364,1.0659,4.5789
72.2366,1.0248,4.4007
72.2368,0.9949,4.2799
72.2370,0.8909,3.8345
72.2372,0.8728,3.7565
72.2374,0.8913,3.8378
72.2376,0.8902,3.8349
72.2378,0.8465,3.6385
72.2380,0.8982,3.8678
72.2382,0.8728,3.7583
72.2384,0.8438,3.635
72.2386,0.7552,3.2563
72.2388,0.7244,3.1249
72.2390,0.7121,3.075
72.2392,0.6579,2.8396
72.2394,0.6857,2.9611
72.2396,0.673,2.9062
72.2398,0.6835,2.9512
72.2400,0.6549,2.8254
72.2402,0.663,2.86
72.2404,0.6732,2.904
72.2406,0.6822,2.9428
72.2408,0.7756,3.3396
72.2410,0.8241,3.5536
72.2412,0.7931,3.4165
72.2414,0.706,3.0486
72.2416,0.6949,2.9976
72.2418,0.7174,3.092
72.2420,0.7283,3.1405
72.2422,0.7522,3.2494
72.2424,0.7016,3.0252
72.2426,0.6489,2.8021
72.2428,0.6588,2.8393
72.2430,0.7899,3.3984
72.2432,0.7706,3.3246
72.2434,0.7143,3.0757
72.2436,0.8004,3.4528
72.2438,0.6997,3.0169
72.2440,0.6868,2.9671
72.2442,0.6004,2.596
72.2444,0.565,2.4408
72.2446,0.5685,2.4547
72.2448,0.6137,2.6487
72.2450,0.6415,2.7636
72.2452,0.7209,3.1099
72.2454,0.6312,2.7267
72.2456,0.5286,2.2855
72.2458,0.5366,2.3191
72.2460,0.564,2.4378
72.2462,0.5576,2.4087
72.2464,0.5675,2.4528
72.2466,0.5982,2.5807
72.2468,0.6801,2.9299
72.2470,0.7162,3.0926
72.2472,0.597,2.5791
72.2474,0.5396,2.3321
72.2476,0.4941,2.1386
72.2478,0.4859,2.1018
72.2480,0.5055,2.1839
72.2482,0.5013,2.1658
72.2484,0.5215,2.2517
72.2486,0.5539,2.3926
72.2488,0.5887,2.5446
72.2490,0.5408,2.3351
72.2492,0.5718,2.468
72.2494,0.6342,2.7334
72.2496,0.7033,3.031
72.2498,0.7329,3.1558
72.2500,0.7347,3.165
72.2502,0.7521,3.2399
72.2504,0.6941,2.9973
72.2506,0.5843,2.5219
72.2508,0.5832,2.5195
72.2510,0.5608,2.4227
72.2512,0.5812,2.5049
72.2514,0.6029,2.6045
72.2516,0.5559,2.4003
72.2518,0.5511,2.3774
72.2520,0.5633,2.4313
72.2522,0.5898,2.5433
72.2524,0.5959,2.5745
72.2526,0.5645,2.4376
72.2528,0.572,2.4674
72.2530,0.5989,2.5826
72.2532,0.6027,2.5998
72.2534,0.5479,2.3656
72.2536,0.4762,2.0589
72.2538,0.492,2.1263
72.2540,0.5034,2.1756
72.2542,0.482,2.0824
72.2544,0.5054,2.1844
72.2546,0.4612,1.9941
72.2548,0.4606,1.9887
72.2550,0.4612,1.9931
72.2552,0.4589,1.9824
72.2554,0.4596,1.9846
72.2556,0.4606,1.9906
72.2558,0.4608,1.9925
72.2560,0.4601,1.9885
72.2562,0.4797,2.0706
72.2564,0.5217,2.2517
72.2566,0.5248,2.2631
72.2568,0.544,2.3491
72.2570,0.5012,2.1622
72.2572,0.542,2.337
72.2574,0.5881,2.5361
72.2576,0.5967,2.5752
72.2578,0.5721,2.4668
72.2580,0.5618,2.4235
72.2582,0.5307,2.2927
72.2584,0.5118,2.2078
72.2586,0.5583,2.4073
72.2588,0.5699,2.4575
72.2590,0.5862,2.5302
72.2592,0.572,2.4663
72.2594,0.6052,2.6071
72.2596,0.6278,2.711
72.2598,0.5658,2.4399
72.2600,0.5148,2.2196
72.2602,0.5464,2.354
72.2604,0.6039,2.6026
72.2606,0.5639,2.4361
72.2608,0.5047,2.1782
72.2610,0.5155,2.2248
72.2612,0.4939,2.1307
72.2614,0.554,2.3832
72.2616,0.6513,2.8047
72.2618,0.61,2.6302
72.2620,0.5404,2.3314
72.2622,0.5603,2.415
72.2624,0.5829,2.5145
72.2626,0.5158,2.2274
72.2628,0.5006,2.1606
72.2630,0.5,2.1561
72.2632,0.5037,2.1731
72.2634,0.5622,2.4222
72.2636,0.6155,2.649
72.2638,0.6872,2.9535
72.2640,0.7288,3.1367
72.2642,0.6543,2.8176
72.2644,0.6109,2.638
72.2646,0.512,2.2098
72.2648,0.4856,2.096
72.2650,0.4893,2.11
72.2652,0.5471,2.3582
72.2654,0.5833,2.5096
72.2656,0.627,2.7011
72.2658,0.5997,2.5857
72.2660,0.6403,2.7559
72.2662,0.6831,2.9374
72.2664,0.7281,3.1307
72.2666,0.7498,3.2226
72.2668,0.7452,3.2045
72.2670,0.6861,2.9489
72.2672,0.727,3.1275
72.2674,0.7305,3.1454
72.2676,0.7078,3.045
72.2678,0.7012,3.018
72.2680,0.6714,2.8842
72.2682,0.8294,3.5598
72.2684,0.883,3.7881
72.2686,0.875,3.7571
72.2688,0.7757,3.3339
72.2690,0.788,3.387
72.2692,0.7975,3.4261
72.2694,0.8209,3.5282
72.2696,0.7941,3.4116
72.2698,0.8415,3.6101
72.2700,0.8506,3.6509
72.2702,0.8547,3.6684
72.2704,0.9061,3.8837
72.2706,0.992,4.2537
72.2708,0.9776,4.1939
72.2710,0.9684,4.1524
72.2712,1.043,4.4659
72.2714,1.0787,4.6146
72.2716,1.062,4.5518
72.2718,0.9513,4.0813
72.2720,0.9313,3.9935
72.2722,1.0234,4.3884
72.2724,0.9882,4.2352
72.2726,0.9837,4.2182
72.2728,1.0069,4.3154
72.2730,1.0076,4.3225
72.2732,0.916,3.9295
72.2734,0.8955,3.8451
72.2736,0.8757,3.7602
72.2738,0.8965,3.8498
72.2740,0.9447,4.0549
72.2742,0.9961,4.2672
72.2744,1.0027,4.2954
72.2746,1.0192,4.3704
72.2748,0.9789,4.1976
72.2750,0.9668,4.1515
72.2752,0.9426,4.055
72.2754,0.8235,3.5411
72.2756,0.8467,3.6339
72.2758,0.9509,4.0811
72.2760,0.968,4.1528
72.2762,0.9588,4.1074
72.2764,1.0018,4.2978
72.2766,0.9685,4.1626
72.2768,0.8632,3.7118
72.2770,0.7788,3.3519
72.2772,0.8023,3.4499
72.2774,0.819,3.5216
72.2776,0.8366,3.599
72.2778,0.7766,3.3442
72.2780,0.7335,3.1569
72.2782,0.7561,3.2559
72.2784,0.7536,3.2481
72.2786,0.7083,3.0471
72.2788,0.7632,3.2833
72.2790,0.7691,3.3101
72.2792,0.7615,3.2761
72.2794,0.7588,3.2658
72.2796,0.7639,3.2864
72.2798,0.7613,3.2751
72.2800,0.7628,3.2848
72.2802,0.7811,3.3586
72.2804,0.8554,3.6715
72.2806,0.9251,3.9723
72.2808,0.8879,3.8234
72.2810,0.7649,3.289
72.2812,0.7802,3.3535
72.2814,0.8087,3.4788
72.2816,0.8601,3.6967
72.2818,0.8509,3.6638
72.2820,0.7202,3.1025
72.2822,0.7001,3.0162
72.2824,0.7018,3.0206
72.2826,0.7085,3.0509
72.2828,0.7051,3.036
72.2830,0.7076,3.0482
72.2832,0.7078,3.0478
72.2834,0.7585,3.2602
72.2836,0.88,3.7805
72.2838,0.8541,3.676
72.2840,0.7467,3.2136
72.2842,0.767,3.3014
72.2844,0.7434,3.2012
72.2846,0.672,2.8975
72.2848,0.6676,2.8749
72.2850,0.7444,3.2053
72.2852,0.7389,3.1801
72.2854,0.7041,3.0346
72.2856,0.6648,2.8678
72.2858,0.6011,2.5955
72.2860,0.55,2.3739
72.2862,0.5414,2.3366
72.2864,0.5475,2.3619
72.2866,0.5529,2.3874
72.2868,0.5648,2.4353
72.2870,0.6061,2.6148
72.2872,0.5566,2.4034
72.2874,0.5682,2.4503
72.2876,0.5746,2.4777
72.2878,0.5426,2.3418
72.2880,0.5808,2.5045
72.2882,0.6101,2.6307
72.2884,0.5645,2.4354
72.2886,0.5863,2.5283
72.2888,0.6292,2.7079
72.2890,0.7507,3.2282
72.2892,0.7661,3.2942
72.2894,0.7674,3.2983
72.2896,0.769,3.305
72.2898,0.8031,3.4551
72.2900,0.8182,3.5168
72.2902,0.8483,3.6445
72.2904,0.8432,3.624
72.2906,0.8664,3.7205
72.2908,0.8729,3.7553
72.2910,0.7633,3.2838
72.2912,0.7694,3.3086
72.2914,0.8385,3.6039
72.2916,0.8533,3.669
72.2918,0.7393,3.1836
72.2920,0.7531,3.2355
72.2922,0.8358,3.5937
72.2924,0.7958,3.4205
72.2926,0.7964,3.423
72.2928,0.7991,3.4376
72.2930,0.8169,3.5128
72.2932,0.8109,3.487
72.2934,0.7522,3.2389
72.2936,0.741,3.1894
72.2938,0.7456,3.2105
72.2940,0.6363,2.7427
72.2942,0.6603,2.846
72.2944,0.6892,2.9706
72.2946,0.7081,3.0475
72.2948,0.6895,2.9675
72.2950,0.6844,2.9485
72.2952,0.6619,2.8554
72.2954,0.591,2.5485
72.2956,0.5618,2.4235
72.2958,0.5504,2.3743
72.2960,0.5564,2.4024
72.2962,0.4944,2.1357
72.2964,0.4898,2.116
72.2966,0.4865,2.0996
72.2968,0.5308,2.29
72.2970,0.5119,2.2083
72.2972,0.4908,2.1172
72.2974,0.5567,2.4006
72.2976,0.5387,2.3274
72.2978,0.4703,2.0316
72.2980,0.466,2.012
72.2982,0.4751,2.0523
72.2984,0.4764,2.058
72.2986,0.5022,2.1674
72.2988,0.5296,2.2838
72.2990,0.5591,2.4076
72.2992,0.6247,2.6938
72.2994,0.5941,2.5631
72.2996,0.5933,2.5571
72.2998,0.6439,2.7688
72.3000,0.7632,3.2772
72.3002,0.8057,3.4595
72.3004,0.8247,3.5463
72.3006,0.7928,3.406
72.3008,0.8528,3.6618
72.3010,0.8376,3.6015
72.3012,0.7505,3.2286
72.3014,0.8178,3.5099
72.3016,0.9111,3.9084
72.3018,0.9242,3.9613
72.3020,1.0316,4.4213
72.3022,1.0332,4.4264
72.3024,1.0133,4.3371
72.3026,1.04,4.4531
72.3028,1.0572,4.5334
72.3030,1.0124,4.3431
72.3032,0.9256,3.9762
72.3034,0.8142,3.4993
72.3036,0.8304,3.5705
72.3038,0.7933,3.4112
72.3040,0.7566,3.258
72.3042,0.7173,3.0872
72.3044,0.8156,3.5071
72.3046,0.8413,3.6141
72.3048,0.876,3.7617
72.3050,0.8818,3.7847
72.3052,0.8838,3.7952
72.3054,0.8849,3.8087
72.3056,0.7253,3.1232
72.3058,0.7283,3.1332
72.3060,0.7554,3.2513
72.3062,0.7385,3.1756
72.3064,0.7499,3.2246
72.3066,0.748,3.2148
72.3068,0.7933,3.4144
72.3070,0.7224,3.1094
72.3072,0.7527,3.2379
72.3074,0.8118,3.4906
72.3076,0.7907,3.4094
72.3078,0.6396,2.7592
72.3080,0.5461,2.3568
72.3082,0.5459,2.353
72.3084,0.5916,2.5523
72.3086,0.5863,2.5295
72.3088,0.6125,2.6386
72.3090,0.6215,2.6798
72.3092,0.6188,2.6697
72.3094,0.5793,2.4955
72.3096,0.636,2.7398
72.3098,0.6338,2.7293
72.3100,0.6631,2.8539
72.3102,0.7206,3.1002
72.3104,0.7479,3.2233
72.3106,0.6812,2.9346
72.3108,0.6831,2.9415
72.3110,0.6835,2.943
72.3112,0.6831,2.9428
72.3114,0.6431,2.769
72.3116,0.6775,2.9186
72.3118,0.6446,2.7783
72.3120,0.5963,2.57
72.3122,0.5938,2.5651
72.3124,0.5151,2.2243
72.3126,0.5021,2.1658
72.3128,0.5164,2.2279
72.3130,0.5173,2.2305
72.3132,0.5525,2.3825
72.3134,0.5651,2.4391
72.3136,0.5278,2.2823
72.3138,0.4354,1.8809
72.3140,0.4187,1.8063
72.3142,0.4796,2.0691
72.3144,0.5327,2.2972
72.3146,0.521,2.2497
72.3148,0.4544,1.9614
72.3150,0.4474,1.9318
72.3152,0.4476,1.9337
72.3154,0.4475,1.9341
72.3156,0.4457,1.9245
72.3158,0.445,1.9223
72.3160,0.4494,1.9388
72.3162,0.4495,1.9411
72.3164,0.45,1.944
72.3166,0.448,1.9352
72.3168,0.4596,1.9818
72.3170,0.516,2.2248
72.3172,0.5239,2.2631
72.3174,0.4579,1.9782
72.3176,0.4485,1.9346
72.3178,0.4932,2.1256
72.3180,0.5601,2.4162
72.3182,0.5583,2.4073
72.3184,0.4827,2.0855
72.3186,0.4359,1.8821
72.3188,0.4434,1.9129
72.3190,0.4491,1.9399
72.3192,0.4489,1.9394
72.3194,0.4438,1.9153
72.3196,0.441,1.9043
72.3198,0.4417,1.9074
72.3200,0.4443,1.9165
72.3202,0.4458,1.9232
72.3204,0.4417,1.9065
72.3206,0.4199,1.8132
72.3208,0.4251,1.8346
72.3210,0.4302,1.856
72.3212,0.4295,1.8546
72.3214,0.4275,1.845
72.3216,0.4255,1.8358
72.3218,0.4498,1.9376
72.3220,0.5107,2.199
72.3222,0.5214,2.2491
72.3224,0.4602,1.9862
72.3226,0.4495,1.9411
72.3228,0.451,1.9446
72.3230,0.5042,2.1721
72.3232,0.5529,2.3819
72.3234,0.5669,2.4344
72.3236,0.6838,2.9391
72.3238,0.6646,2.8593
72.3240,0.6601,2.8437
72.3242,0.5887,2.5398
72.3244,0.5076,2.1907
72.3246,0.4523,1.9512
72.3248,0.4311,1.8596
72.3250,0.4944,2.1298
72.3252,0.5534,2.3861
72.3254,0.5395,2.3208
72.3256,0.5823,2.5038
72.3258,0.5771,2.4874
72.3260,0.5083,2.1917
72.3262,0.5419,2.3365
72.3264,0.5241,2.261
72.3266,0.4821,2.0761
72.3268,0.5656,2.4355
72.3270,0.5555,2.3954
72.3272,0.5006,2.1596
72.3274,0.4783,2.0606
72.3276,0.48,2.0678
72.3278,0.5505,2.3693
72.3280,0.6272,2.6984
72.3282,0.6361,2.7391
72.3284,0.5523,2.3815
72.3286,0.4901,2.1102
72.3288,0.5281,2.2739
72.3290,0.5396,2.3234
72.3292,0.5416,2.3355
72.3294,0.5355,2.308
72.3296,0.5848,2.5158
72.3298,0.6461,2.7794
72.3300,0.5805,2.4983
72.3302,0.5469,2.356
72.3304,0.5471,2.3549
72.3306,0.6632,2.8505
72.3308,0.7208,3.0978
72.3310,0.665,2.8609
72.3312,0.6555,2.8214
72.3314,0.6507,2.7969
72.3316,0.726,3.1147
72.3318,0.809,3.4739
72.3320,0.7955,3.4125
72.3322,0.818,3.5109
72.3324,0.7957,3.4136
72.3326,0.8334,3.5751
72.3328,0.8187,3.514
72.3330,0.8247,3.5331
72.3332,0.9188,3.9382
72.3334,0.9019,3.8675
72.3336,0.8777,3.7637
72.3338,0.9727,4.1534
72.3340,1.1998,5.1207
72.3342,1.2175,5.2086
72.3344,1.1349,4.8507
72.3346,1.1414,4.8806
72.3348,1.1385,4.8638
72.3350,1.1478,4.9009
72.3352,1.0933,4.6816
72.3354,0.9672,4.1434
72.3356,0.9844,4.2114
72.3358,1.015,4.3524
72.3360,0.9197,3.9473
72.3362,0.925,3.9662
72.3364,0.9218,3.951
72.3366,0.8764,3.7598
72.3368,0.8364,3.5846
72.3370,0.8935,3.8333
72.3372,0.8787,3.7731
72.3374,0.8832,3.7891
72.3376,0.8997,3.8632
72.3378,0.8603,3.6977
72.3380,0.8094,3.4706
72.3382,0.8182,3.5217
72.3384,0.764,3.2778
72.3386,0.9388,4.0273
72.3388,0.9392,4.0312
72.3390,0.9108,3.9038
72.3392,0.9186,3.939
72.3394,0.9421,4.0417
72.3396,0.9289,3.9851
72.3398,0.9043,3.8796
72.3400,0.9096,3.9041
72.3402,0.9216,3.9519
72.3404,0.9541,4.0912
72.3406,0.8987,3.8572
72.3408,0.9181,3.9388
72.3410,0.9421,4.0398
72.3412,0.9054,3.8842
72.3414,0.9071,3.8896
72.3416,0.9316,3.9983
72.3418,0.9465,4.0626
72.3420,0.9553,4.1002
72.3422,0.9057,3.8889
72.3424,0.8963,3.8487
72.3426,0.921,3.9511
72.3428,0.9606,4.1209
72.3430,0.9232,3.9641
72.3432,0.8856,3.7994
72.3434,0.9223,3.9623
72.3436,0.9126,3.9206
72.3438,0.857,3.6833
72.3440,0.7885,3.3906
72.3442,0.8198,3.5186
72.3444,0.9217,3.9597
72.3446,0.8608,3.6963
72.3448,0.8693,3.7294
72.3450,0.909,3.907
72.3452,0.8414,3.6197
72.3454,0.7807,3.3555
72.3456,0.7903,3.3983
72.3458,0.8071,3.4624
72.3460,0.9609,4.1224
72.3462,0.9597,4.1192
72.3464,0.9278,3.9804
72.3466,0.9374,4.0272
72.3468,0.8676,3.7292
72.3470,0.8474,3.6421
72.3472,0.8768,3.7666
72.3474,0.8681,3.7277
72.3476,0.9266,3.9679
72.3478,1.016,4.3545
72.3480,0.9883,4.2496
72.3482,0.8402,3.6128
72.3484,0.8256,3.5499
72.3486,0.8488,3.6465
72.3488,0.8733,3.7481
72.3490,0.9123,3.919
72.3492,0.8765,3.7673
72.3494,0.8512,3.6585
72.3496,0.8278,3.5597
72.3498,0.822,3.5361
72.3500,0.8146,3.5062
72.3502,0.8194,3.5236
72.3504,0.7989,3.4386
72.3506,0.6764,2.9099
72.3508,0.7148,3.0764
72.3510,0.7796,3.3571
72.3512,0.7233,3.1188
72.3514,0.6415,2.7713
72.3516,0.5675,2.4506
72.3518,0.5452,2.3521
72.3520,0.5488,2.3665
72.3522,0.5437,2.3443
72.3524,0.5431,2.3438
72.3526,0.5445,2.3511
72.3528,0.5456,2.3536
72.3530,0.5525,2.3847
72.3532,0.556,2.4009
72.3534,0.5422,2.3381
72.3536,0.5445,2.349
72.3538,0.5458,2.3557
72.3540,0.5626,2.4226
72.3542,0.6316,2.722
72.3544,0.6649,2.8657
72.3546,0.6078,2.6197
72.3548,0.6769,2.9119
72.3550,0.6909,2.9778
72.3552,0.6335,2.7303
72.3554,0.6311,2.7187
72.3556,0.6312,2.7204
72.3558,0.6324,2.7231
72.3560,0.6322,2.7208
72.3562,0.7052,3.0337
72.3564,0.7593,3.2678
72.3566,0.7358,3.1652
72.3568,0.7335,3.1583
72.3570,0.6511,2.8049
72.3572,0.6964,2.9946
72.3574,0.7935,3.4107
72.3576,0.765,3.2911
72.3578,0.6946,2.9938
72.3580,0.6402,2.7605
72.3582,0.627,2.7036
72.3584,0.6413,2.7638
72.3586,0.6636,2.856
72.3588,0.681,2.9335
72.3590,0.595,2.5644
72.3592,0.5567,2.404
72.3594,0.5475,2.3641
72.3596,0.5425,2.3391
72.3598,0.5938,2.5592
72.3600,0.5973,2.5742
72.3602,0.6507,2.8047
72.3604,0.6113,2.6334
72.3606,0.5986,2.5787
72.3608,0.623,2.6865
72.3610,0.6398,2.7576
72.3612,0.6084,2.6235
72.3614,0.5798,2.4999
72.3616,0.6083,2.6193
72.3618,0.686,2.9511
72.3620,0.6819,2.939
72.3622,0.5943,2.5636
72.3624,0.5895,2.5418
72.3626,0.5928,2.5551
72.3628,0.62,2.6749
72.3630,0.5934,2.5612
72.3632,0.5212,2.2476
72.3634,0.5427,2.338
72.3636,0.5848,2.5216
72.3638,0.5991,2.5819
72.3640,0.5886,2.5381
72.3642,0.5193,2.2414
72.3644,0.4976,2.1487
72.3646,0.4957,2.1394
72.3648,0.536,2.308
72.3650,0.6549,2.8201
72.3652,0.7024,3.0134
72.3654,0.8133,3.4941
72.3656,0.765,3.2911
72.3658,0.7517,3.2293
72.3660,0.8028,3.4568
72.3662,0.756,3.2539
72.3664,0.7587,3.2622
72.3666,0.7669,3.2947
72.3668,0.8125,3.4888
72.3670,0.7747,3.3359
72.3672,0.6703,2.8835
72.3674,0.7438,3.1983
72.3676,0.786,3.3845
72.3678,0.7594,3.2607
72.3680,0.8678,3.721
72.3682,0.9533,4.0838
72.3684,1.0136,4.3381
72.3686,1.0591,4.5331
72.3688,1.0624,4.5597
72.3690,0.931,3.9975
72.3692,0.9125,3.9164
72.3694,0.915,3.9327
72.3696,0.8567,3.6771
72.3698,0.9115,3.9141
72.3700,0.9503,4.0709
72.3702,1.048,4.4875
72.3704,0.9918,4.2546
72.3706,0.9808,4.2137
72.3708,0.842,3.6256
72.3710,0.7132,3.0668
72.3712,0.7349,3.1631
72.3714,0.7387,3.1796
72.3716,0.7384,3.178
72.3718,0.7411,3.1869
72.3720,0.7805,3.3545
72.3722,0.8483,3.6462
72.3724,0.8352,3.5878
72.3726,0.8336,3.5895
72.3728,0.7048,3.0349
72.3730,0.7504,3.2281
72.3732,0.7274,3.1305
72.3734,0.7428,3.1956
72.3736,0.7439,3.2003
72.3738,0.7404,3.1912
72.3740,0.638,2.7512
72.3742,0.6263,2.6992
72.3744,0.6732,2.8946
72.3746,0.6805,2.9328
72.3748,0.6307,2.7209
72.3750,0.6084,2.6186
72.3752,0.6805,2.9356
72.3754,0.5715,2.4665
72.3756,0.578,2.4921
72.3758,0.5723,2.469
72.3760,0.576,2.4862
72.3762,0.5699,2.4586
72.3764,0.5783,2.4937
72.3766,0.6115,2.6357
72.3768,0.6217,2.6784
72.3770,0.6425,2.7677
72.3772,0.6947,2.9902
72.3774,0.7128,3.0709
72.3776,0.6863,2.954
72.3778,0.7268,3.1294
72.3780,0.6373,2.7455
72.3782,0.5899,2.5438
72.3784,0.6107,2.6333
72.3786,0.631,2.7219
72.3788,0.6336,2.7295
72.3790,0.5963,2.5736
72.3792,0.5312,2.2926
72.3794,0.5118,2.2078
72.3796,0.469,2.0268
72.3798,0.4203,1.8164
72.3800,0.4149,1.7923
72.3802,0.4187,1.8097
72.3804,0.4302,1.856
72.3806,0.5515,2.3779
72.3808,0.4883,2.1083
72.3810,0.4481,1.9358
72.3812,0.4414,1.9076
72.3814,0.4414,1.9068
72.3816,0.4447,1.9195
72.3818,0.4463,1.9271
72.3820,0.4432,1.9136
72.3822,0.4477,1.9351
72.3824,0.4477,1.9333
72.3826,0.4578,1.975
72.3828,0.4625,1.997
72.3830,0.4511,1.9469
72.3832,0.4787,2.064
72.3834,0.5476,2.358
72.3836,0.604,2.6055
72.3838,0.562,2.4267
72.3840,0.5037,2.1731
72.3842,0.4604,1.9864
72.3844,0.4588,1.9791
72.3846,0.4627,1.9971
72.3848,0.4926,2.122
72.3850,0.5533,2.3823
72.3852,0.5784,2.4907
72.3854,0.5881,2.5349
72.3856,0.5807,2.504
72.3858,0.5196,2.2393
72.3860,0.4441,1.9169
72.3862,0.4643,2.001
72.3864,0.4889,2.1089
72.3866,0.4655,2.009
72.3868,0.462,1.9931
72.3870,0.4548,1.9602
72.3872,0.556,2.3953
72.3874,0.6181,2.6641
72.3876,0.5248,2.261
72.3878,0.5756,2.4772
72.3880,0.6233,2.6851
72.3882,0.5915,2.5458
72.3884,0.5926,2.5528
72.3886,0.5885,2.5365
72.3888,0.5921,2.5496
72.3890,0.6068,2.6131
72.3892,0.625,2.6936
72.3894,0.5986,2.5775
72.3896,0.6112,2.628
72.3898,0.6859,2.9492
72.3900,0.7053,3.0342
72.3902,0.6872,2.9535
72.3904,0.7179,3.0883
72.3906,0.6661,2.8682
72.3908,0.6403,2.7571
72.3910,0.6282,2.7063
72.3912,0.6017,2.5885
72.3914,0.6449,2.7729
72.3916,0.6573,2.8265
72.3918,0.6572,2.83
72.3920,0.6079,2.6177
72.3922,0.5549,2.3895
72.3924,0.5967,2.5668
72.3926,0.6198,2.6713
72.3928,0.5407,2.3302
72.3930,0.5607,2.4132
72.3932,0.6029,2.5961
72.3934,0.5284,2.2765
72.3936,0.5327,2.294
72.3938,0.565,2.4363
72.3940,0.5155,2.2238
72.3942,0.4907,2.1138
72.3944,0.4908,2.1172
72.3946,0.4907,2.1167
72.3948,0.4845,2.0894
72.3950,0.5193,2.2362
72.3952,0.5807,2.4971
72.3954,0.6975,2.9979
72.3956,0.6961,2.9958
72.3958,0.6469,2.7843
72.3960,0.6874,2.9532
72.3962,0.7095,3.0508
72.3964,0.5944,2.5653
72.3966,0.4832,2.0837
72.3968,0.4735,2.0408
72.3970,0.4763,2.0518
72.3972,0.4856,2.0911
72.3974,0.6143,2.6476
72.3976,0.5796,2.4936
72.3978,0.5539,2.3871
72.3980,0.5073,2.1856
72.3982,0.5506,2.3709
72.3984,0.583,2.5115
72.3986,0.5512,2.3735
72.3988,0.5577,2.4003
72.3990,0.6335,2.7265
72.3992,0.6802,2.9209
72.3994,0.7371,3.1694
72.3996,0.6513,2.8034
72.3998,0.6522,2.8017
72.4000,0.7352,3.1567
72.4002,0.704,3.0271
72.4004,0.7216,3.0986
72.4006,0.8069,3.4646
72.4008,0.7802,3.3488
72.4010,0.8156,3.4973
72.4012,0.8907,3.8174
72.4014,0.9087,3.8945
72.4016,0.9087,3.8945
72.4018,0.916,3.9259
72.4020,0.8832,3.7873
72.4022,0.8842,3.7914
72.4024,0.9167,3.9308
72.4026,0.9003,3.8639
72.4028,0.8066,3.4636
72.4030,0.775,3.3246
72.4032,0.8235,3.5346
72.4034,0.8329,3.5764
72.4036,0.8193,3.5231
72.4038,0.7606,3.2705
72.4040,0.7447,3.1994
72.4042,0.7828,3.358
72.4044,0.8615,3.6994
72.4046,0.8676,3.7222
72.4048,0.863,3.7073
72.4050,0.782,3.3612
72.4052,0.7817,3.3596
72.4054,0.8102,3.4758
72.4056,0.8398,3.6079
72.4058,0.7896,3.3937
72.4060,0.7975,3.4213
72.4062,0.8445,3.6212
72.4064,0.8376,3.5948
72.4066,0.8535,3.6683
72.4068,0.8082,3.4719
72.4070,0.8405,3.6144
72.4072,0.7655,3.2901
72.4074,0.7967,3.4225
72.4076,0.8398,3.6062
72.4078,0.8059,3.4621
72.4080,0.7983,3.4281
72.4082,0.8449,3.6312
72.4084,0.8161,3.5026
72.4086,0.8554,3.6732
72.4088,0.8621,3.7037
72.4090,0.8035,3.4518
72.4092,0.8216,3.523
72.4094,0.8524,3.6603
72.4096,0.8698,3.735
72.4098,0.8648,3.7202
72.4100,0.7281,3.1366
72.4102,0.7118,3.0606
72.4104,0.822,3.5312
72.4106,0.7889,3.389
72.4108,0.7762,3.3344
72.4110,0.8111,3.4827
72.4112,0.8318,3.5684
72.4114,0.8572,3.6809
72.4116,0.8268,3.5518
72.4118,0.8459,3.6359
72.4120,0.8027,3.4498
72.4122,0.8003,3.4395
72.4124,0.8081,3.4763
72.4126,0.7546,3.2432
72.4128,0.7864,3.3845
72.4130,0.7251,3.1193
72.4132,0.723,3.1091
72.4134,0.7284,3.1308
72.4136,0.8318,3.5767
72.4138,0.7758,3.3375
72.4140,0.6747,2.9067
72.4142,0.6726,2.896
72.4144,0.6764,2.9112
72.4146,0.6753,2.9106
72.4148,0.6835,2.9417
72.4150,0.6438,2.776
72.4152,0.5901,2.5444
72.4154,0.5881,2.5361
72.4156,0.5953,2.5588
72.4158,0.6977,3.0045
72.4160,0.6602,2.8415
72.4162,0.6554,2.8248
72.4164,0.6116,2.6362
72.4166,0.6063,2.6142
72.4168,0.5479,2.3602
72.4170,0.6185,2.6644
72.4172,0.6293,2.7109
72.4174,0.5769,2.4875
72.4176,0.5577,2.4025
72.4178,0.5865,2.5324
72.4180,0.5321,2.2968
72.4182,0.5343,2.305
72.4184,0.5307,2.2895
72.4186,0.526,2.2693
72.4188,0.5236,2.2569
72.4190,0.5262,2.2677
72.4192,0.5284,2.2786
72.4194,0.5315,2.2931
72.4196,0.5278,2.2771
72.4198,0.533,2.2982
72.4200,0.5361,2.3128
72.4202,0.5579,2.4036
72.4204,0.6222,2.6804
72.4206,0.618,2.6624
72.4208,0.5613,2.4158
72.4210,0.5758,2.484
72.4212,0.5414,2.3344
72.4214,0.5368,2.3148
72.4216,0.5229,2.2559
72.4218,0.521,2.2476
72.4220,0.5202,2.244
72.4222,0.5232,2.2548
72.4224,0.5867,2.5252
72.4226,0.621,2.6728
72.4228,0.6594,2.8366
72.4230,0.6854,2.9485
72.4232,0.6687,2.8768
72.4234,0.6995,3.0122
72.4236,0.6413,2.76
72.4238,0.6929,2.9797
72.4240,0.688,2.9613
72.4242,0.5853,2.5225
72.4244,0.5367,2.3132
72.4246,0.5263,2.2693
72.4248,0.5266,2.2698
72.4250,0.563,2.4252
72.4252,0.6185,2.6632
72.4254,0.6212,2.6726
72.4256,0.669,2.8792
72.4258,0.6865,2.9477
72.4260,0.7222,3.1127
72.4262,0.5254,2.2699
72.4264,0.4493,1.9391
72.4266,0.4408,1.9015
72.4268,0.5355,2.307
72.4270,0.6185,2.6657
72.4272,0.542,2.337
72.4274,0.5359,2.3085
72.4276,0.5197,2.2388
72.4278,0.6035,2.595
72.4280,0.6404,2.7564
72.4282,0.6094,2.6239
72.4284,0.6204,2.6702
72.4286,0.6905,2.9693
72.4288,0.6893,2.9656
72.4290,0.6729,2.8962
72.4292,0.6861,2.9489
72.4294,0.7292,3.1339
72.4296,0.7241,3.1166
72.4298,0.7116,3.0587
72.4300,0.7486,3.2159
72.4302,0.7511,3.2267
72.4304,0.7293,3.133
72.4306,0.7469,3.2132
72.4308,0.6987,3.0044
72.4310,0.7181,3.0879
72.4312,0.6932,2.9821
72.4314,0.6872,2.9577
72.4316,0.6756,2.9049
72.4318,0.6862,2.9522
72.4320,0.7119,3.0611
72.4322,0.7306,3.1416
72.4324,0.7625,3.2711
72.4326,0.7768,3.337
72.4328,0.7154,3.0804
72.4330,0.661,2.8438
72.4332,0.747,3.2122
72.4334,0.697,3
72.4336,0.6935,2.9781
72.4338,0.8513,3.6506
72.4340,0.8667,3.7198
72.4342,0.8751,3.7559
72.4344,0.8492,3.643
72.4346,0.8595,3.6872
72.4348,0.857,3.6781
72.4350,0.8753,3.7534
72.4352,0.9224,3.9536
72.4354,0.9191,3.9411
72.4356,0.9221,3.9557
72.4358,0.8626,3.7041
72.4360,0.8277,3.5592
72.4362,0.8155,3.5066
72.4364,0.735,3.1606
72.4366,0.7214,3.0975
72.4368,0.8028,3.4487
72.4370,0.8301,3.5645
72.4372,0.9165,3.9261
72.4374,0.9464,4.0659
72.4376,0.8866,3.807
72.4378,0.9142,3.9236
72.4380,0.8805,3.7773
72.4382,0.9246,3.9647
72.4384,0.8927,3.8297
72.4386,0.8246,3.5458
72.4388,0.7862,3.3808
72.4390,0.7838,3.3689
72.4392,0.7928,3.4076
72.4394,0.7673,3.2993
72.4396,0.7946,3.4121
72.4398,0.884,3.7904
72.4400,0.9179,3.9469
72.4402,0.72,3.0991
72.4404,0.6979,3.0008
72.4406,0.7668,3.3003
72.4408,0.7262,3.1239
72.4410,0.6859,2.952
72.4412,0.6945,2.9877
72.4414,0.7065,3.0436
72.4416,0.6673,2.8747
72.4418,0.6298,2.7117
72.4420,0.621,2.6777
72.4422,0.5987,2.5804
72.4424,0.6414,2.7605
72.4426,0.72,3.0947
72.4428,0.7696,3.3137
72.4430,0.6921,2.9774
72.4432,0.7385,3.1756
72.4434,0.7914,3.4014
72.4436,0.8235,3.5346
72.4438,0.8259,3.5531
72.4440,0.753,3.2395
72.4442,0.7682,3.3019
72.4444,0.7209,3.1099
72.4446,0.5956,2.5658
72.4448,0.6193,2.668
72.4450,0.6142,2.6471
72.4452,0.6324,2.7243
72.4454,0.6678,2.8727
72.4456,0.6799,2.9303
72.4458,0.5872,2.5319
72.4460,0.6092,2.6246
72.4462,0.6223,2.6822
72.4464,0.5811,2.5032
72.4466,0.5778,2.487
72.4468,0.6784,2.9227
72.4470,0.6357,2.7375
72.4472,0.5845,2.5217
72.4474,0.5885,2.5365
72.4476,0.6393,2.7517
72.4478,0.6768,2.9087
72.4480,0.734,3.1589
72.4482,0.6938,2.986
72.4484,0.6857,2.9487
72.4486,0.6889,2.9663
72.4488,0.6941,2.9904
72.4490,0.6925,2.979
72.4492,0.7372,3.1714
72.4494,0.6535,2.8153
72.4496,0.6259,2.6964
72.4498,0.5863,2.5283
72.4500,0.5462,2.354
72.4502,0.5566,2.399
72.4504,0.5777,2.4923
72.4506,0.5877,2.5317
72.4508,0.5891,2.5379
72.4510,0.5684,2.4508
72.4512,0.6025,2.5945
72.4514,0.653,2.8093
72.4516,0.625,2.6986
72.4518,0.4752,2.0519
72.4520,0.4477,1.9342
72.4522,0.4574,1.9753
72.4524,0.4497,1.9425
72.4526,0.4433,1.9142
72.4528,0.4439,1.9159
72.4530,0.4506,1.9439
72.4532,0.4488,1.938
72.4534,0.4769,2.0563
72.4536,0.5284,2.2775
72.4538,0.4993,2.1539
72.4540,0.5108,2.2057
72.4542,0.469,2.024
72.4544,0.4468,1.9283
72.4546,0.444,1.9181
72.4548,0.4477,1.9324
72.4550,0.4495,1.9393
72.4552,0.4492,1.9395
72.4554,0.4459,1.9255
72.4556,0.4584,1.9785
72.4558,0.5066,2.1845
72.4560,0.556,2.3942
72.4562,0.5903,2.5418
72.4564,0.6215,2.6773
72.4566,0.5776,2.4894
72.4568,0.4989,2.1514
72.4570,0.4907,2.1167
72.4572,0.5277,2.2765
72.4574,0.5106,2.2016
72.4576,0.5035,2.168
72.4578,0.5722,2.4662
72.4580,0.5789,2.4928
72.4582,0.5626,2.4226
72.4584,0.5465,2.3556
72.4586,0.5047,2.1762
72.4588,0.4675,2.0206
72.4590,0.3917,1.6923
72.4592,0.3905,1.684
72.4594,0.4434,1.9156
72.4596,0.3873,1.6731
72.4598,0.4121,1.7771
72.4600,0.4708,2.0271
72.4602,0.5175,2.2315
72.4604,0.5005,2.1561
72.4606,0.5078,2.1876
72.4608,0.5054,2.1783
72.4610,0.5077,2.1891
72.4612,0.5096,2.1984
72.4614,0.5017,2.1623
72.4616,0.5254,2.2625
72.4618,0.6119,2.6336
72.4620,0.6082,2.6151
72.4622,0.6613,2.8435
72.4624,0.7148,3.0792
72.4626,0.5373,2.3169
72.4628,0.4789,2.0651
72.4630,0.4757,2.0511
72.4632,0.4766,2.0533
72.4634,0.5325,2.2919
72.4636,0.6059,2.609
72.4638,0.5718,2.4623
72.4640,0.5613,2.4158
72.4642,0.575,2.4769
72.4644,0.5568,2.4
72.4646,0.5485,2.3616
72.4648,0.5967,2.568
72.4650,0.5945,2.5599
72.4652,0.6457,2.7765
72.4654,0.7233,3.1058
72.4656,0.7383,3.1657
72.4658,0.8039,3.455
72.4660,0.7475,3.2098
72.4662,0.7895,3.3868
72.4664,0.7961,3.4183
72.4666,0.7944,3.4047
72.4668,0.9084,3.8917
72.4670,0.9232,3.9548
72.4672,0.9474,4.0567
72.4674,0.9317,3.995
72.4676,0.9212,3.9503
72.4678,0.9638,4.1251
72.4680,1.0293,4.4053
72.4682,1.0178,4.3561
72.4684,1.0523,4.4976
72.4686,1.107,4.7335
72.4688,1.0337,4.4264
72.4690,0.9971,4.2678
72.4692,0.9854,4.2313
72.4694,0.8696,3.7322
72.4696,0.8304,3.5622
72.4698,0.9209,3.9524
72.4700,0.8682,3.7248
72.4702,0.8641,3.7102
72.4704,0.865,3.7144
72.4706,0.8404,3.6038
72.4708,0.8578,3.6852
72.4710,0.7885,3.389
72.4712,0.7959,3.4178
72.4714,0.8168,3.5074
72.4716,0.8266,3.5446
72.4718,0.887,3.8068
72.4720,0.9328,3.9978
72.4722,0.9358,4.0106
72.4724,0.915,3.9309
72.4726,0.8509,3.6536
72.4728,0.8896,3.8163
72.4730,0.8427,3.6203
72.4732,0.8096,3.4797
72.4734,0.7961,3.4183
72.4736,0.783,3.3653
72.4738,0.8203,3.5223
72.4740,0.8419,3.6133
72.4742,0.844,3.6259
72.4744,0.8383,3.6046
72.4746,0.7877,3.3854
72.4748,0.7769,3.3359
72.4750,0.8383,3.6062
72.4752,0.7963,3.4241
72.4754,0.8293,3.5626
72.4756,0.7732,3.3261
72.4758,0.6946,2.9883
72.4760,0.7322,3.1468
72.4762,0.8216,3.528
72.4764,0.8395,3.6047
72.4766,0.8348,3.5879
72.4768,0.7929,3.4065
72.4770,0.8295,3.5653
72.4772,0.7914,3.4014
72.4774,0.7909,3.3977
72.4776,0.7997,3.4369
72.4778,0.7866,3.3839
72.4780,0.6931,2.9871
72.4782,0.5873,2.5301
72.4784,0.6463,2.7817
72.4786,0.6979,3.0092
72.4788,0.6397,2.7571
72.4790,0.6284,2.7085
72.4792,0.6252,2.6921
72.4794,0.6245,2.6902
72.4796,0.6278,2.7035
72.4798,0.6335,2.729
72.4800,0.6345,2.7362
72.4802,0.6268,2.7026
72.4804,0.6337,2.7288
72.4806,0.6492,2.7967
72.4808,0.6489,2.7943
72.4810,0.6452,2.777
72.4812,0.6417,2.7633
72.4814,0.6362,2.7421
72.4816,0.6325,2.7236
72.4818,0.6548,2.8196
72.4820,0.6718,2.8943
72.4822,0.6543,2.8189
72.4824,0.5933,2.5559
72.4826,0.6076,2.6174
72.4828,0.5921,2.5543
72.4830,0.5375,2.3157
72.4832,0.5765,2.4871
72.4834,0.5664,2.4402
72.4836,0.6166,2.6512
72.4838,0.7277,3.1321
72.4840,0.6726,2.9001
72.4842,0.5829,2.5122
72.4844,0.5431,2.3417
72.4846,0.5479,2.3635
72.4848,0.5411,2.3334
72.4850,0.5857,2.5222
72.4852,0.6256,2.6961
72.4854,0.6278,2.7022
72.4856,0.6727,2.8979
72.4858,0.6373,2.7442
72.4860,0.5427,2.3401
72.4862,0.5145,2.2186
72.4864,0.5332,2.2971
72.4866,0.5521,2.3816
72.4868,0.5357,2.3101
72.4870,0.5682,2.4503
72.4872,0.5652,2.4328
72.4874,0.6336,2.7257
72.4876,0.6849,2.9492
72.4878,0.6575,2.8284
72.4880,0.6563,2.8258
72.4882,0.6524,2.8093
72.4884,0.6762,2.9088
72.4886,0.7198,3.0995
72.4888,0.6867,2.9542
72.4890,0.731,3.1431
72.4892,0.7238,3.1136
72.4894,0.7005,3.0135
72.4896,0.7269,3.127
72.4898,0.7304,3.1391
72.4900,0.7274,3.1291
72.4902,0.7245,3.1182
72.4904,0.6798,2.927
72.4906,0.6627,2.8484
72.4908,0.7522,3.2329
72.4910,0.6854,2.9499
72.4912,0.6423,2.7646
72.4914,0.6722,2.8918
72.4916,0.6976,2.9984
72.4918,0.782,3.3612
72.4920,0.8088,3.4745
72.4922,0.7543,3.2482
72.4924,0.5939,2.5573
72.4926,0.6096,2.6262
72.4928,0.6136,2.6432
72.4930,0.6507,2.7995
72.4932,0.6694,2.8853
72.4934,0.5308,2.2921
72.4936,0.4911,2.1217
72.4938,0.4869,2.0997
72.4940,0.4917,2.1214
72.4942,0.4847,2.0908
72.4944,0.4907,2.1157
72.4946,0.5338,2.2997
72.4948,0.6046,2.6057
72.4950,0.5973,2.573
72.4952,0.6489,2.793
72.4954,0.6077,2.6204
72.4956,0.501,2.1622
72.4958,0.4778,2.0585
72.4960,0.532,2.2941
72.4962,0.4866,2.1001
72.4964,0.4913,2.1163
72.4966,0.5703,2.4602
72.4968,0.4836,2.0843
72.4970,0.4842,2.0907
72.4972,0.4805,2.0747
72.4974,0.472,2.036
72.4976,0.5136,2.2145
72.4978,0.5437,2.341
72.4980,0.601,2.589
72.4982,0.5778,2.4928
72.4984,0.557,2.3994
72.4986,0.6462,2.7773
72.4988,0.7423,3.1891
72.4990,0.6962,2.9922
72.4992,0.7197,3.0946
72.4994,0.7151,3.0722
72.4996,0.7704,3.3066
72.4998,0.8172,3.5138
72.5000,0.7435,3.1928
72.5002,0.7756,3.3318
72.5004,0.7751,3.3313
72.5006,0.7772,3.3406
72.5008,0.8053,3.4515
72.5010,0.9295,3.9858
72.5012,0.9268,3.974
72.5014,0.94,4.0305
72.5016,0.9373,4.0155
72.5018,0.9118,3.9115
72.5020,0.9518,4.0814
72.5022,0.9137,3.9234
72.5024,0.8591,3.684
72.5026,0.9027,3.8724
72.5028,0.8546,3.673
72.5030,0.7795,3.3535
72.5032,0.7784,3.3473
72.5034,0.7765,3.3344
72.5036,0.819,3.5117
72.5038,0.889,3.8084
72.5040,0.9551,4.0953
72.5042,0.8907,3.8245
72.5044,0.8176,3.5175
72.5046,0.7646,3.2895
72.5048,0.7537,3.2411
72.5050,0.8009,3.4421
72.5052,0.7992,3.4381
72.5054,0.7587,3.2592
72.5056,0.7854,3.374
72.5058,0.7909,3.4009
72.5060,0.7663,3.2921
72.5062,0.7812,3.3591
72.5064,0.7428,3.1986
72.5066,0.7397,3.1822
72.5068,0.7168,3.0823
72.5070,0.7413,3.1904
72.5072,0.741,3.1834
72.5074,0.7923,3.4055
72.5076,0.7687,3.3024
72.5078,0.8163,3.5069
72.5080,0.8658,3.7197
72.5082,0.8716,3.7427
72.5084,0.8537,3.666
72.5086,0.8376,3.6031
72.5088,0.7643,3.2864
72.5090,0.7867,3.3829
72.5092,0.7666,3.2978
72.5094,0.7101,3.0534
72.5096,0.768,3.3009
72.5098,0.7933,3.408
72.5100,0.8169,3.5144
72.5102,0.7352,3.1626
72.5104,0.7011,3.0147
72.5106,0.6961,2.9972
72.5108,0.7112,3.0623
72.5110,0.7307,3.1406
72.5112,0.7682,3.3004
72.5114,0.816,3.5087
72.5116,0.8182,3.5168
72.5118,0.8531,3.6617
72.5120,0.8037,3.4577
72.5122,0.6955,2.9933
72.5124,0.7005,3.0177
72.5126,0.6782,2.923
72.5128,0.6601,2.8437
72.5130,0.6756,2.9035
72.5132,0.7871,3.386
72.5134,0.798,3.4313
72.5136,0.7866,3.3871
72.5138,0.6822,2.9373
72.5140,0.6598,2.8413
72.5142,0.6534,2.8147
72.5144,0.6477,2.7905
72.5146,0.6527,2.8116
72.5148,0.6431,2.7677
72.5150,0.6798,2.9243
72.5152,0.6776,2.9218
72.5154,0.616,2.6573
72.5156,0.5248,2.2641
72.5158,0.5602,2.4156
72.5160,0.612,2.6402
72.5162,0.5315,2.2952
72.5164,0.4601,1.9839
72.5166,0.536,2.3101
72.5168,0.6011,2.5919
72.5170,0.5859,2.5274
72.5172,0.5232,2.2579
72.5174,0.4654,2.0104
72.5176,0.4642,2.0052
72.5178,0.4639,2.0032
72.5180,0.4638,2.0018
72.5182,0.46,1.9861
72.5184,0.4987,2.1534
72.5186,0.4684,2.0224
72.5188,0.4612,1.9895
72.5190,0.4829,2.084
72.5192,0.4833,2.0861
72.5194,0.5357,2.3123
72.5196,0.4877,2.1047
72.5198,0.4679,2.0184
72.5200,0.5423,2.3375
72.5202,0.6187,2.6617
72.5204,0.6107,2.6333
72.5206,0.5416,2.3344
72.5208,0.5385,2.3231
72.5210,0.5366,2.3127
72.5212,0.5419,2.3365
72.5214,0.5433,2.3427
72.5216,0.5429,2.3412
72.5218,0.5464,2.354
72.5220,0.5598,2.4118
72.5222,0.6128,2.6389
72.5224,0.6278,2.7035
72.5226,0.6461,2.7794
72.5228,0.6865,2.9518
72.5230,0.6742,2.8992
72.5232,0.6917,2.9773
72.5234,0.6598,2.8413
72.5236,0.6212,2.6763
72.5238,0.5602,2.4145
72.5240,0.5488,2.3665
72.5242,0.5515,2.3768
72.5244,0.606,2.6083
72.5246,0.6452,2.7783
72.5248,0.6493,2.7972
72.5250,0.6413,2.7626
72.5252,0.5813,2.5031
72.5254,0.5534,2.3839
72.5256,0.5557,2.3937
72.5258,0.5638,2.4289
72.5260,0.6126,2.6342
72.5262,0.6949,2.9893
72.5264,0.6726,2.8933
72.5266,0.6825,2.9362
72.5268,0.6491,2.7897
72.5270,0.7196,3.0941
72.5272,0.6792,2.9217
72.5274,0.6259,2.6939
72.5276,0.6037,2.6009
72.5278,0.6092,2.6246
72.5280,0.6494,2.7912
72.5282,0.7053,3.0314
72.5284,0.7124,3.0575
72.5286,0.7569,3.2545
72.5288,0.7378,3.171
72.5290,0.7596,3.2663
72.5292,0.7244,3.1147
72.5294,0.7328,3.1523
72.5296,0.691,2.9756
72.5298,0.7033,3.0226
72.5300,0.7306,3.1401
72.5302,0.7119,3.0625
72.5304,0.6456,2.7824
72.5306,0.594,2.5602
72.5308,0.6036,2.6004
72.5310,0.5699,2.4541
72.5312,0.6451,2.7739
72.5314,0.7503,3.2216
72.5316,0.7862,3.3824
72.5318,0.6501,2.7982
72.5320,0.6862,2.9494
72.5322,0.7208,3.1036
72.5324,0.6434,2.7706
72.5326,0.6854,2.9499
72.5328,0.7011,3.0161
72.5330,0.7003,3.0097
72.5332,0.7663,3.2937
72.5334,0.7246,3.1143
72.5336,0.795,3.4073
72.5338,0.923,3.9617
72.5340,0.8973,3.8511
72.5342,0.9063,3.8842
72.5344,0.9819,4.2046
72.5346,1.0246,4.3935
72.5348,0.9274,3.9839
72.5350,0.8173,3.5078
72.5352,0.8535,3.6649
72.5354,0.8494,3.6491
72.5356,0.8157,3.506
72.5358,0.7905,3.4009
72.5360,0.7404,3.1868
72.5362,0.7362,3.1643
72.5364,0.7397,3.1807
72.5366,0.7316,3.1442
72.5368,0.7455,3.207
72.5370,0.7373,3.169
72.5372,0.7813,3.3581
72.5374,0.7361,3.1638
72.5376,0.723,3.1134
72.5378,0.7083,3.0442
72.5380,0.7967,3.4193
72.5382,0.7877,3.3823
72.5384,0.7494,3.224
72.5386,0.6946,2.9883
72.5388,0.7403,3.1878
72.5390,0.6992,3.0093
72.5392,0.6913,2.9711
72.5394,0.7242,3.1186
72.5396,0.7103,3.0587
72.5398,0.673,2.8981
72.5400,0.6339,2.7311
72.5402,0.6286,2.7065
72.5404,0.6396,2.7541
72.5406,0.6706,2.8878
72.5408,0.6947,2.986
72.5410,0.7305,3.1425
72.5412,0.6783,2.9168
72.5414,0.7081,3.0489
72.5416,0.692,2.9783
72.5418,0.7005,3.0149
72.5420,0.6721,2.8926
72.5422,0.6919,2.9764
72.5424,0.7079,3.0512
72.5426,0.6158,2.6531
72.5428,0.6252,2.6908
72.5430,0.6577,2.832
72.5432,0.6438,2.7721
72.5434,0.6522,2.8083
72.5436,0.6446,2.7796
72.5438,0.5805,2.5018
72.5440,0.6057,2.6055
72.5442,0.6468,2.7902
72.5444,0.597,2.5743
72.5446,0.5812,2.5038
72.5448,0.6149,2.6514
72.5450,0.6203,2.6746
72.5452,0.5802,2.5008
72.5454,0.5927,2.5545
72.5456,0.608,2.6207
72.5458,0.6292,2.7079
72.5460,0.6216,2.6803
72.5462,0.6017,2.5885
72.5464,0.6832,2.942
72.5466,0.629,2.7111
72.5468,0.5757,2.4823
72.5470,0.581,2.5027
72.5472,0.6445,2.7739
72.5474,0.673,2.8981
72.5476,0.6613,2.8449
72.5478,0.662,2.848
72.5480,0.6931,2.9802
72.5482,0.6871,2.9544
72.5484,0.6934,2.9873
72.5486,0.6254,2.6956
72.5488,0.6157,2.6513
72.5490,0.6186,2.6637
72.5492,0.6379,2.7455
72.5494,0.6553,2.8191
72.5496,0.7148,3.0678
72.5498,0.7993,3.4338
72.5500,0.7463,3.2136
72.5502,0.6444,2.7799
72.5504,0.5495,2.3685
72.5506,0.5372,2.3163
72.5508,0.5335,2.3024
72.5510,0.5337,2.3003
72.5512,0.5708,2.46
72.5514,0.5381,2.3194
72.5516,0.547,2.3587
72.5518,0.5576,2.4053
72.5520,0.542,2.337
72.5522,0.5371,2.3169
72.5524,0.5396,2.3256
72.5526,0.5401,2.3277
72.5528,0.5493,2.3642
72.5530,0.6322,2.7182
72.5532,0.6232,2.6871
72.5534,0.532,2.2941
72.5536,0.5266,2.2708
72.5538,0.521,2.2455
72.5540,0.5221,2.2522
72.5542,0.5212,2.2486
72.5544,0.5292,2.2796
72.5546,0.5266,2.2698
72.5548,0.5257,2.2646
72.5550,0.5242,2.2605
72.5552,0.521,2.2465
72.5554,0.5632,2.4229
72.5556,0.6698,2.8815
72.5558,0.6681,2.8743
72.5560,0.6452,2.7757
72.5562,0.6814,2.9302
72.5564,0.6378,2.7463
72.5566,0.5517,2.3767
72.5568,0.5685,2.449
72.5570,0.6157,2.6525
72.5572,0.5945,2.5623
72.5574,0.5787,2.4941
72.5576,0.6116,2.6337
72.5578,0.5804,2.5025
72.5580,0.5715,2.4585
72.5582,0.6416,2.7615
72.5584,0.6345,2.7324
72.5586,0.608,2.6183
72.5588,0.6065,2.614
72.5590,0.5784,2.4896
72.5592,0.6495,2.7917
72.5594,0.6542,2.8118
72.5596,0.6877,2.9556
72.5598,0.6751,2.9082
72.5600,0.5949,2.5627
72.5602,0.61,2.6302
72.5604,0.5122,2.2098
72.5606,0.5126,2.2083
72.5608,0.6268,2.6963
72.5610,0.6787,2.921
72.5612,0.6492,2.7928
72.5614,0.6529,2.8114
72.5616,0.5963,2.5677
72.5618,0.5871,2.5349
72.5620,0.4817,2.0779
72.5622,0.4899,2.1136
72.5624,0.4685,2.0201
72.5626,0.4673,2.0168
72.5628,0.4744,2.0464
72.5630,0.4694,2.0242
72.5632,0.4682,2.019
72.5634,0.4613,1.9909
72.5636,0.4552,1.9654
72.5638,0.4457,1.9236
72.5640,0.4576,1.973
72.5642,0.528,2.2744
72.5644,0.5955,2.564
72.5646,0.5368,2.3126
72.5648,0.5395,2.3218
72.5650,0.5765,2.4825
72.5652,0.6481,2.7868
72.5654,0.6565,2.8255
72.5656,0.6549,2.8175
72.5658,0.7018,3.0164
72.5660,0.6908,2.969
72.5662,0.7158,3.0738
72.5664,0.792,3.3976
72.5666,0.8674,3.7142
72.5668,0.985,4.2199
72.5670,0.909,3.9015
72.5672,0.884,3.7904
72.5674,0.9594,4.1061
72.5676,1.0741,4.5973
72.5678,0.9884,4.2323
72.5680,0.937,4.0158
72.5682,0.9422,4.0346
72.5684,1.0215,4.3699
72.5686,1.0708,4.5829
72.5688,1.0253,4.3966
72.5690,0.9786,4.1902
72.5692,1.0163,4.3499
72.5694,1.0103,4.3222
72.5696,1.0546,4.5094
72.5698,1.1306,4.8345
72.5700,1.0671,4.5777
72.5702,0.9733,4.1715
72.5704,0.9946,4.259
72.5706,1.0547,4.512
72.5708,1.1013,4.7204
72.5710,1.0109,4.3349
72.5712,0.8729,3.7501
72.5714,0.8239,3.5394
72.5716,0.8736,3.7497
72.5718,0.9013,3.8704
72.5720,0.8613,3.7001
72.5722,0.8584,3.686
72.5724,0.8584,3.6843
72.5726,0.8228,3.5331
72.5728,0.8039,3.4486
72.5730,0.8729,3.7466
72.5732,0.8994,3.8693
72.5734,0.8078,3.472
72.5736,0.77,3.3096
72.5738,0.7451,3.2025
72.5740,0.7636,3.2849
72.5742,0.6994,3.0131
72.5744,0.6886,2.9611
72.5746,0.7573,3.2565
72.5748,0.7969,3.4267
72.5750,0.7757,3.3308
72.5752,0.7983,3.4377
72.5754,0.6637,2.8592
72.5756,0.6504,2.7992
72.5758,0.7102,3.0525
72.5760,0.7445,3.1999
72.5762,0.7738,3.3272
72.5764,0.7708,3.3127
72.5766,0.7617,3.2751
72.5768,0.7763,3.3427
72.5770,0.7005,3.0163
72.5772,0.651,2.8018
72.5774,0.6682,2.8775
72.5776,0.6245,2.6927
72.5778,0.6042,2.6066
72.5780,0.594,2.5614
72.5782,0.5919,2.5486
72.5784,0.6082,2.6224
72.5786,0.6132,2.6417
72.5788,0.6206,2.6762
72.5790,0.5288,2.2823
72.5792,0.5169,2.23
72.5794,0.5146,2.2181
72.5796,0.657,2.8276
72.5798,0.6956,2.998
72.5800,0.6609,2.8499
72.5802,0.5656,2.4377
72.5804,0.541,2.334
72.5806,0.5387,2.3241
72.5808,0.5336,2.3008
72.5810,0.5209,2.245
72.5812,0.5399,2.3293
72.5814,0.5488,2.3687
72.5816,0.5602,2.4145
72.5818,0.5236,2.259
72.5820,0.5065,2.185
72.5822,0.5493,2.3686
72.5824,0.5589,2.4099
72.5826,0.5169,2.2321
72.5828,0.4651,2.0075
72.5830,0.4602,1.9881
72.5832,0.4589,1.9815
72.5834,0.4585,1.9799
72.5836,0.4638,2.0008
72.5838,0.4517,1.9486
72.5840,0.4459,1.9247
72.5842,0.476,2.0536
72.5844,0.5286,2.2781
72.5846,0.564,2.4322
72.5848,0.5519,2.381
72.5850,0.5137,2.216
72.5852,0.4909,2.1168
72.5854,0.5168,2.2295
72.5856,0.48,2.0707
72.5858,0.4862,2.0966
72.5860,0.5244,2.26
72.5862,0.5685,2.4501
72.5864,0.5722,2.4627
72.5866,0.5909,2.5444
72.5868,0.5959,2.5661
72.5870,0.6238,2.6834
72.5872,0.6668,2.8713
72.5874,0.6113,2.6298
72.5876,0.6278,2.7047
72.5878,0.5919,2.5486
72.5880,0.6396,2.7528
72.5882,0.622,2.6794
72.5884,0.623,2.6828
72.5886,0.6691,2.8771
72.5888,0.7226,3.1085
72.5890,0.6614,2.8454
72.5892,0.6746,2.9035
72.5894,0.6834,2.9384
72.5896,0.7217,3.102
72.5898,0.721,3.1003
72.5900,0.7216,3.1101
72.5902,0.6042,2.6042
72.5904,0.5931,2.5525
72.5906,0.6077,2.6191
72.5908,0.4896,2.1121
72.5910,0.5092,2.1959
72.5912,0.5447,2.3467
72.5914,0.538,2.321
72.5916,0.5254,2.2667
72.5918,0.5116,2.2062
72.5920,0.5491,2.3631
72.5922,0.6067,2.6126
72.5924,0.6023,2.5899
72.5926,0.661,2.8504
72.5928,0.5277,2.2734
72.5930,0.5554,2.3927
72.5932,0.5164,2.2279
72.5934,0.5056,2.1814
72.5936,0.5005,2.1581
72.5938,0.5029,2.1685
72.5940,0.5113,2.2026
72.5942,0.5726,2.4643
72.5944,0.6057,2.6079
72.5946,0.6211,2.6683
72.5948,0.7108,3.0565
72.5950,0.7152,3.0798
72.5952,0.5943,2.5589
72.5954,0.5735,2.4696
72.5956,0.6256,2.6949
72.5958,0.5367,2.3143
72.5960,0.4727,2.0401
72.5962,0.4684,2.0205
72.5964,0.464,2.0028
72.5966,0.4705,2.0298
72.5968,0.4797,2.0696
72.5970,0.4696,2.0238
72.5972,0.4723,2.0385
72.5974,0.475,2.047
72.5976,0.5055,2.1768
72.5978,0.5452,2.3488
72.5980,0.5943,2.5601
72.5982,0.5625,2.4243
72.5984,0.539,2.323
72.5986,0.5973,2.5682
72.5988,0.6534,2.8108
72.5990,0.6505,2.7958
72.5992,0.7059,3.0325
72.5994,0.718,3.0802
72.5996,0.8264,3.5386
72.5998,0.9194,3.9408
72.6000,0.9204,3.9412
72.6002,0.9416,4.0339
72.6004,0.9205,3.9491
72.6006,0.8645,3.7088
72.6008,0.8675,3.72
72.6010,0.8372,3.5882
72.6012,0.8792,3.7698
72.6014,0.9274,3.9784
72.6016,0.8982,3.848
72.6018,0.9446,4.0525
72.6020,0.7622,3.2701
72.6022,0.8294,3.5648
72.6024,0.8278,3.5465
72.6026,0.8831,3.7833
72.6028,0.9061,3.8891
72.6030,0.8706,3.742
72.6032,0.8467,3.6305
72.6034,0.9492,4.0701
72.6036,0.8939,3.8402
72.6038,0.773,3.3241
72.6040,0.7691,3.304
72.6042,0.8046,3.4532
72.6044,0.8495,3.6445
72.6046,0.878,3.7735
72.6048,0.8065,3.4599
72.6050,0.8244,3.5415
72.6052,0.828,3.5553
72.6054,0.8623,3.6973
72.6056,0.9,3.8611
72.6058,0.9202,3.9457
72.6060,0.9298,3.9942
72.6062,0.8583,3.6855
72.6064,0.8554,3.6697
72.6066,0.8609,3.6934
72.6068,0.8405,3.6093
72.6070,0.8565,3.6761
72.6072,0.9004,3.8608
72.6074,0.9668,4.1418
72.6076,0.9838,4.2226
72.6078,0.904,3.8799
72.6080,0.9431,4.042
72.6082,0.9495,4.0735
72.6084,0.9342,4.0077
72.6086,0.926,3.9801
72.6088,0.8045,3.4592
72.6090,0.7793,3.3493
72.6092,0.7736,3.322
72.6094,0.8383,3.6029
72.6096,0.838,3.6019
72.6098,0.7742,3.3277
72.6100,0.7462,3.2101
72.6102,0.7405,3.1844
72.6104,0.7401,3.1808
72.6106,0.7542,3.2461
72.6108,0.7632,3.2818
72.6110,0.7991,3.4344
72.6112,0.7661,3.2926
72.6114,0.7572,3.2545
72.6116,0.7765,3.3437
72.6118,0.6328,2.7259
72.6120,0.6217,2.6796
72.6122,0.6581,2.8349
72.6124,0.6715,2.89
72.6126,0.6956,2.991
72.6128,0.7516,3.2333
72.6130,0.7528,3.24
72.6132,0.6813,2.9324
72.6134,0.6613,2.8488
72.6136,0.6537,2.8163
72.6138,0.65,2.8003
72.6140,0.6379,2.7481
72.6142,0.6524,2.8106
72.6144,0.6561,2.8253
72.6146,0.6539,2.8142
72.6148,0.6217,2.6784
72.6150,0.6146,2.6479
72.6152,0.6359,2.7419
72.6154,0.5456,2.3547
72.6156,0.5284,2.2797
72.6158,0.526,2.2693
72.6160,0.567,2.4417
72.6162,0.6173,2.6617
72.6164,0.5694,2.4566
72.6166,0.5407,2.3313
72.6168,0.5298,2.2853
72.6170,0.5262,2.2698
72.6172,0.5277,2.2765
72.6174,0.5302,2.2885
72.6176,0.5268,2.2714
72.6178,0.5246,2.261
72.6180,0.5668,2.4418
72.6182,0.5732,2.4714
72.6184,0.5751,2.4774
72.6186,0.5708,2.46
72.6188,0.5298,2.2853
72.6190,0.5317,2.2926
72.6192,0.614,2.6428
72.6194,0.6959,2.9967
72.6196,0.6242,2.6892
72.6198,0.586,2.5268
72.6200,0.5347,2.3055
72.6202,0.5801,2.5026
72.6204,0.5451,2.3537
72.6206,0.5588,2.4094
72.6208,0.5356,2.3085
72.6210,0.5239,2.2589
72.6212,0.5216,2.2502
72.6214,0.5306,2.2879
72.6216,0.5357,2.3091
72.6218,0.5455,2.3487
72.6220,0.6295,2.7094
72.6222,0.669,2.8779
72.6224,0.6523,2.8088
72.6226,0.6799,2.9235
72.6228,0.6828,2.9427
72.6230,0.5407,2.3292
72.6232,0.5941,2.556
72.6234,0.6085,2.6203
72.6236,0.5586,2.4078
72.6238,0.5763,2.4849
72.6240,0.589,2.5385
72.6242,0.5704,2.4573
72.6244,0.6077,2.6155
72.6246,0.6474,2.7863
72.6248,0.6798,2.9243
72.6250,0.6962,2.9936
72.6252,0.6578,2.8338
72.6254,0.6166,2.6549
72.6256,0.638,2.7461
72.6258,0.6313,2.7197
72.6260,0.6319,2.7185
72.6262,0.6798,2.9243
72.6264,0.7069,3.0366
72.6266,0.7447,3.2009
72.6268,0.7344,3.161
72.6270,0.7246,3.1114
72.6272,0.81,3.4764
72.6274,0.813,3.4974
72.6276,0.6758,2.9113
72.6278,0.6251,2.6878
72.6280,0.7313,3.1476
72.6282,0.6488,2.7977
72.6284,0.6256,2.6936
72.6286,0.6481,2.792
72.6288,0.6229,2.6823
72.6290,0.6145,2.6486
72.6292,0.611,2.6299
72.6294,0.6704,2.8841
72.6296,0.606,2.6131
72.6298,0.5632,2.4263
72.6300,0.5851,2.5185
72.6302,0.609,2.6236
72.6304,0.6385,2.7494
72.6306,0.6143,2.6439
72.6308,0.6366,2.7411
72.6310,0.6392,2.7499
72.6312,0.6521,2.8104
72.6314,0.5781,2.4915
72.6316,0.5705,2.4555
72.6318,0.6608,2.8415
72.6320,0.7105,3.0535
72.6322,0.712,3.0673
72.6324,0.6716,2.8879
72.6326,0.7113,3.0557
72.6328,0.7443,3.1974
72.6330,0.8548,3.662
72.6332,0.9439,4.0494
72.6334,0.9313,3.9935
72.6336,0.9264,3.9743
72.6338,0.9181,3.9406
72.6340,0.9161,3.93
72.6342,0.9163,3.9292
72.6344,0.8601,3.6898
72.6346,0.8704,3.7323
72.6348,0.9179,3.9396
72.6350,0.876,3.7617
72.6352,0.879,3.7676
72.6354,0.898,3.8577
72.6356,0.8864,3.8007
72.6358,0.9142,3.9236
72.6360,0.9167,3.9326
72.6362,0.9202,3.9438
72.6364,0.8934,3.84
72.6366,0.8744,3.7528
72.6368,0.8979,3.8536
72.6370,0.8262,3.5558
72.6372,0.7003,3.0153
72.6374,0.6828,2.9386
72.6376,0.7022,3.0208
72.6378,0.7275,3.1311
72.6380,0.6902,2.9719
72.6382,0.7139,3.0713
72.6384,0.7804,3.3508
72.6386,0.8558,3.6764
72.6388,0.7977,3.4287
72.6390,0.8031,3.4551
72.6392,0.7721,3.3138
72.6394,0.7832,3.3695
72.6396,0.7359,3.1657
72.6398,0.7546,3.2432
72.6400,0.7747,3.3282
72.6402,0.8113,3.4869
72.6404,0.7403,3.1878
72.6406,0.7173,3.0858
72.6408,0.707,3.0357
72.6410,0.7733,3.3236
72.6412,0.7847,3.3757
72.6414,0.7445,3.2014
72.6416,0.7917,3.3998
72.6418,0.8057,3.4643
72.6420,0.7698,3.3148
72.6422,0.7218,3.1068
72.6424,0.7739,3.323
72.6426,0.8194,3.5253
72.6428,0.7045,3.0348
72.6430,0.6312,2.7217
72.6432,0.6049,2.6073
72.6434,0.5988,2.5809
72.6436,0.5992,2.5836
72.6438,0.5355,2.3112
72.6440,0.5172,2.231
72.6442,0.5158,2.2253
72.6444,0.512,2.2078
72.6446,0.565,2.4295
72.6448,0.6694,2.884
72.6450,0.6648,2.8625
72.6452,0.6636,2.8586
72.6454,0.5986,2.5811
72.6456,0.5796,2.4971
72.6458,0.6276,2.7012
72.6460,0.6397,2.7584
72.6462,0.6236,2.6841
72.6464,0.6622,2.8516
72.6466,0.6481,2.792
72.6468,0.6628,2.8516
72.6470,0.7226,3.1085
72.6472,0.7234,3.1092
72.6474,0.7723,3.3148
72.6476,0.8137,3.4989
72.6478,0.77,3.3096
72.6480,0.7131,3.0677
72.6482,0.6582,2.8341
72.6484,0.6712,2.8957
72.6486,0.5697,2.4553
72.6488,0.5618,2.4201
72.6490,0.6009,2.5897
72.6492,0.5949,2.5627
72.6494,0.5885,2.5376
72.6496,0.6239,2.6877
72.6498,0.6857,2.9501
72.6500,0.6233,2.6863
72.6502,0.6211,2.6758
72.6504,0.6316,2.722
72.6506,0.5705,2.4589
72.6508,0.5932,2.5566
72.6510,0.5814,2.5071
72.6512,0.6028,2.5943
72.6514,0.6433,2.7713
72.6516,0.5536,2.3916
72.6518,0.4636,2.0026
72.6520,0.4451,1.921
72.6522,0.4512,1.9465
72.6524,0.4934,2.1276
72.6526,0.4914,2.1218
72.6528,0.4534,1.9586
72.6530,0.4606,1.9887
72.6532,0.4632,1.9992
72.6534,0.4601,1.9848
72.6536,0.4572,1.9742
72.6538,0.4585,1.9808
72.6540,0.4579,1.9764
72.6542,0.4598,1.9828
72.6544,0.4956,2.1369
72.6546,0.5414,2.3366
72.6548,0.5464,2.3551
72.6550,0.5403,2.3265
72.6552,0.6017,2.5897
72.6554,0.6385,2.7494
72.6556,0.6458,2.777
72.6558,0.6887,2.9602
72.6560,0.6768,2.9114
72.6562,0.6573,2.8318
72.6564,0.6134,2.6403
72.6566,0.6192,2.6663
72.6568,0.5911,2.5478
72.6570,0.5886,2.5358
72.6572,0.5929,2.5532
72.6574,0.6022,2.5906
72.6576,0.6124,2.6356
72.6578,0.5989,2.5802
72.6580,0.6299,2.711
72.6582,0.6651,2.8627
72.6584,0.6362,2.7358
72.6586,0.6616,2.8477
72.6588,0.6023,2.5971
72.6590,0.5176,2.231
72.6592,0.5636,2.4267
72.6594,0.5821,2.5079
72.6596,0.578,2.491
72.6598,0.5874,2.5295
72.6600,0.6169,2.6528
72.6602,0.7221,3.1064
72.6604,0.6824,2.9357
72.6606,0.7096,3.0513
72.6608,0.6634,2.8568
72.6610,0.6232,2.6846
72.6612,0.6076,2.6162
72.6614,0.6142,2.6446
72.6616,0.5766,2.4853
72.6618,0.5914,2.5489
72.6620,0.5915,2.5446
72.6622,0.6507,2.7995
72.6624,0.6367,2.7404
72.6626,0.6202,2.6716
72.6628,0.5873,2.5289
72.6630,0.5808,2.5022
72.6632,0.5768,2.4835
72.6634,0.5977,2.5727
72.6636,0.5931,2.5513
72.6638,0.6429,2.7685
72.6640,0.6217,2.6759
72.6642,0.648,2.785
72.6644,0.718,3.0917
72.6646,0.6486,2.7915
72.6648,0.7047,3.0288
72.6650,0.7527,3.2274
72.6652,0.8766,3.7573
72.6654,0.9079,3.895
72.6656,0.8642,3.709
72.6658,0.8824,3.7767
72.6660,1.0106,4.3273
72.6662,1.041,4.4556
72.6664,1.0523,4.506
72.6666,1.039,4.4448
72.6668,1.0371,4.4387
72.6670,1.041,4.4556
72.6672,1.0483,4.489
72.6674,1.0413,4.4587
72.6676,1.0546,4.5157
72.6678,1.0504,4.4978
72.6680,1.0224,4.372
72.6682,1.0657,4.5571
72.6684,1.0494,4.4937
72.6686,1.0639,4.5558
72.6688,1.026,4.3894
72.6690,1.065,4.5561
72.6692,1.1079,4.7398
72.6694,1.0901,4.6655
72.6696,1.082,4.6311
72.6698,1.1497,4.9206
72.6700,1.143,4.885
72.6702,1.1209,4.8019
72.6704,1.0483,4.489
72.6706,1.0722,4.5955
72.6708,1.1013,4.716
72.6710,1.143,4.8964
72.6712,1.0554,4.5257
72.6714,0.9499,4.0751
72.6716,0.9049,3.8858
72.6718,0.8818,3.7794
72.6720,1.0323,4.4223
72.6722,1.083,4.6439
72.6724,0.9566,4.1096
72.6726,0.8698,3.7384
72.6728,0.8876,3.8147
72.6730,0.8425,3.6243
72.6732,0.7585,3.2617
72.6734,0.7624,3.2843
72.6736,0.7093,3.054
72.6738,0.6993,3.0112
72.6740,0.7012,3.0222
72.6742,0.7041,3.0332
72.6744,0.7034,3.0301
72.6746,0.6949,2.9921
72.6748,0.6922,2.9779
72.6750,0.7566,3.258
72.6752,0.7822,3.3617
72.6754,0.8358,3.5921
72.6756,0.8004,3.4432
72.6758,0.772,3.321
72.6760,0.77,3.3096
72.6762,0.8322,3.5749
72.6764,0.8632,3.7101
72.6766,0.8513,3.6642
72.6768,0.7921,3.4061
72.6770,0.7729,3.3251
72.6772,0.7705,3.3179
72.6774,0.727,3.1261
72.6776,0.8076,3.4758
72.6778,0.7643,3.2834
72.6780,0.8334,3.5851
72.6782,0.7917,3.4093
72.6784,0.7601,3.2699
72.6786,0.7732,3.3231
72.6788,0.7933,3.4112
72.6790,0.8029,3.4509
72.6792,0.8577,3.6915
72.6794,0.7335,3.1583
72.6796,0.6879,2.9621
72.6798,0.6921,2.9788
72.6800,0.7407,3.1923
72.6802,0.704,3.0327
72.6804,0.7359,3.1687
72.6806,0.7256,3.1199
72.6808,0.8108,3.4865
72.6810,0.8067,3.4738
72.6812,0.7401,3.1808
72.6814,0.7381,3.1844
72.6816,0.6106,2.6352
72.6818,0.5927,2.5557
72.6820,0.6013,2.5942
72.6822,0.6024,2.5976
72.6824,0.6547,2.8178
72.6826,0.6955,2.9974
72.6828,0.598,2.5797
72.6830,0.519,2.2409
72.6832,0.5122,2.2108
72.6834,0.545,2.3532
72.6836,0.5453,2.3526
72.6838,0.548,2.3629
72.6840,0.597,2.5755
72.6842,0.5422,2.3391
72.6844,0.5494,2.3668
72.6846,0.6287,2.707
72.6848,0.6614,2.8506
72.6850,0.6552,2.8237
72.6852,0.6633,2.8576
72.6854,0.655,2.8193
72.6856,0.7035,3.0292
72.6858,0.7136,3.0697
72.6860,0.7381,3.1696
72.6862,0.792,3.4023
72.6864,0.7963,3.4224
72.6866,0.8525,3.6607
72.6868,0.8719,3.7476
72.6870,0.8464,3.6345
72.6872,0.7965,3.4283
72.6874,0.7607,3.2709
72.6876,0.7826,3.3637
72.6878,0.7698,3.3116
72.6880,0.7374,3.1753
72.6882,0.724,3.116
72.6884,0.7841,3.3699
72.6886,0.851,3.6489
72.6888,0.9136,3.9228
72.6890,0.8881,3.8137
72.6892,0.8969,3.8512
72.6894,0.8699,3.7424
72.6896,0.8072,3.4726
72.6898,0.7632,3.2894
72.6900,0.663,2.856
72.6902,0.6712,2.8876
72.6904,0.7291,3.1382
72.6906,0.7649,3.292
72.6908,0.7231,3.1139
72.6910,0.6559,2.8255
72.6912,0.6495,2.7982
72.6914,0.7124,3.066
72.6916,0.748,3.2163
72.6918,0.7379,3.1744
72.6920,0.7387,3.181
72.6922,0.7501,3.2285
72.6924,0.795,3.4136
72.6926,0.7815,3.3653
72.6928,0.6922,2.982
72.6930,0.7273,3.1305
72.6932,0.6998,3.0118
72.6934,0.7559,3.2518
72.6936,0.8114,3.489
72.6938,0.8252,3.5483
72.6940,0.7131,3.0719
72.6942,0.7359,3.1657
72.6944,0.7529,3.2419
72.6946,0.71,3.0571
72.6948,0.6797,2.9283
72.6950,0.7107,3.0602
72.6952,0.7384,3.178
72.6954,0.697,2.9985
72.6956,0.7411,3.1884
72.6958,0.7427,3.1995
72.6960,0.6191,2.6694
72.6962,0.5868,2.5327
72.6964,0.57,2.4602
72.6966,0.5645,2.4342
72.6968,0.5815,2.5064
72.6970,0.6113,2.6334
72.6972,0.6295,2.7106
72.6974,0.6735,2.9028
72.6976,0.6421,2.7636
72.6978,0.6971,2.9976
72.6980,0.769,3.3034
72.6982,0.7831,3.3736
72.6984,0.7084,3.0489
72.6986,0.7216,3.1028
72.6988,0.7494,3.2209
72.6990,0.8077,3.4698
72.6992,0.8191,3.5122
72.6994,0.9891,4.2373
72.6996,1.0519,4.5107
72.6998,1.0367,4.4454
72.7000,1.053,4.5111
72.7002,1.0619,4.5448
72.7004,1.0289,4.4181
72.7006,0.9197,3.9546
72.7008,0.8779,3.7734
72.7010,0.9083,3.9002
72.7012,0.8833,3.7931
72.7014,0.9199,3.9501
72.7016,0.8998,3.8672
72.7018,0.8408,3.612
72.7020,0.904,3.878
72.7022,0.9736,4.1808
72.7024,0.9391,4.0325
72.7026,0.9525,4.0901
72.7028,0.9938,4.2692
72.7030,0.9188,3.9455
72.7032,0.8686,3.7384
72.7034,0.7813,3.3612
72.7036,0.7916,3.4039
72.7038,0.7976,3.4345
72.7040,0.7632,3.2878
72.7042,0.7684,3.3039
72.7044,0.8213,3.5269
72.7046,0.9065,3.8906
72.7048,0.9903,4.2523
72.7050,0.948,4.0725
72.7052,0.8448,3.6345
72.7054,0.8068,3.4646
72.7056,0.858,3.6913
72.7058,0.8162,3.5129
72.7060,0.8283,3.5667
72.7062,0.7294,3.1363
72.7064,0.7929,3.408
72.7066,0.8715,3.7438
72.7068,0.8944,3.8458
72.7070,0.8351,3.5944
72.7072,0.8269,3.5588
72.7074,0.8066,3.4716
72.7076,0.7833,3.3715
72.7078,0.7602,3.2719
72.7080,0.7697,3.3127
72.7082,0.7722,3.3204
72.7084,0.7819,3.3653
72.7086,0.7782,3.3509
72.7088,0.8049,3.4579
72.7090,0.8414,3.6213
72.7092,0.8072,3.4726
72.7094,0.8463,3.6306
72.7096,0.9227,3.9601
72.7098,0.9036,3.8873
72.7100,0.8586,3.6904
72.7102,0.8927,3.8404
72.7104,0.7903,3.403
72.7106,0.7516,3.2347
72.7108,0.7662,3.2946
72.7110,0.8224,3.5348
72.7112,0.8482,3.6473
72.7114,0.791,3.4061
72.7116,0.7877,3.3885
72.7118,0.7627,3.2873
72.7120,0.6701,2.8883
72.7122,0.7006,3.0196
72.7124,0.6938,2.9888
72.7126,0.6602,2.8428
72.7128,0.7293,3.1417
72.7130,0.712,3.0659
72.7132,0.6972,3.0023
72.7134,0.7203,3.1029
72.7136,0.7068,3.0451
72.7138,0.7279,3.1331
72.7140,0.7176,3.0944
72.7142,0.6404,2.7602
72.7144,0.6498,2.8005
72.7146,0.6374,2.7473
72.7148,0.6452,2.7821
72.7150,0.6426,2.7695
72.7152,0.7395,3.1767
72.7154,0.7626,3.2868
72.7156,0.6742,2.9086
72.7158,0.6295,2.7119
72.7160,0.6608,2.8507
72.7162,0.583,2.5161
72.7164,0.5535,2.3888
72.7166,0.556,2.3986
72.7168,0.5675,2.4471
72.7170,0.6752,2.91
72.7172,0.5977,2.5774
72.7174,0.6128,2.645
72.7176,0.5489,2.3681
72.7178,0.5331,2.2998
72.7180,0.5332,2.3024
72.7182,0.5279,2.2807
72.7184,0.521,2.2486
72.7186,0.5195,2.2424
72.7188,0.5116,2.2103
72.7190,0.5115,2.2087
72.7192,0.5067,2.186
72.7194,0.5053,2.1828
72.7196,0.5055,2.1818
72.7198,0.5077,2.1911
72.7200,0.5124,2.2113
72.7202,0.509,2.1989
72.7204,0.5056,2.1833
72.7206,0.5059,2.1844
72.7208,0.5088,2.1968
72.7210,0.5399,2.3271
72.7212,0.5657,2.4405
72.7214,0.5029,2.1694
72.7216,0.535,2.3059
72.7218,0.6409,2.7584
72.7220,0.7084,3.0518
72.7222,0.6456,2.7811
72.7224,0.6146,2.6478
72.7226,0.5862,2.5289
72.7228,0.5872,2.5319
72.7230,0.5842,2.519
72.7232,0.5403,2.3308
72.7234,0.5294,2.2859
72.7236,0.5357,2.3069
72.7238,0.6279,2.7064
72.7240,0.589,2.5397
72.7242,0.5861,2.5284
72.7244,0.5835,2.5124
72.7246,0.6131,2.6387
72.7248,0.6687,2.8795
72.7250,0.7017,3.0158
72.7252,0.7772,3.3436
72.7254,0.7405,3.1873
72.7256,0.751,3.2276
72.7258,0.7767,3.3384
72.7260,0.8307,3.5654
72.7262,0.8944,3.8369
72.7264,0.8902,3.8171
72.7266,0.9083,3.8965
72.7268,0.9764,4.1809
72.7270,1.0827,4.6363
72.7272,1.0736,4.5994
72.7274,1.022,4.3883
72.7276,0.9504,4.0733
72.7278,0.9363,4.0169
72.7280,0.8799,3.7852
72.7282,0.8094,3.4802
72.7284,0.8116,3.4933
72.7286,0.7877,3.3853
72.7288,0.8363,3.5962
72.7290,0.8217,3.5317
72.7292,0.7624,3.2781
72.7294,0.7504,3.2296
72.7296,0.7678,3.3044
72.7298,0.7707,3.3158
72.7300,0.8036,3.4603
72.7302,0.7413,3.1933
72.7304,0.706,3.0386
72.7306,0.758,3.2565
72.7308,0.8082,3.4719
72.7310,0.8537,3.6659
72.7312,0.8892,3.8147
72.7314,0.9499,4.0693
72.7316,1.0198,4.3749
72.7318,0.9196,3.9522
72.7320,0.8583,3.6855
72.7322,0.8838,3.7934
72.7324,0.9401,4.031
72.7326,1.0397,4.4478
72.7328,1.1319,4.8423
72.7330,1.1489,4.9197
72.7332,1.1076,4.7426
72.7334,1.1362,4.863
72.7336,1.1419,4.8894
72.7338,1.0502,4.5098
72.7340,0.961,4.1171
72.7342,1.0562,4.5292
72.7344,1.0161,4.3569
72.7346,1.0764,4.6091
72.7348,1.1158,4.7758
72.7350,1.1946,5.1129
72.7352,1.2368,5.2886
72.7354,1.2096,5.1747
72.7356,1.1965,5.114
72.7358,1.2067,5.1599
72.7360,1.2589,5.3805
72.7362,1.2463,5.3316
72.7364,1.1411,4.8955
72.7366,1.0309,4.4248
72.7368,1.0133,4.3471
72.7370,0.9524,4.0877
72.7372,0.9711,4.168
72.7374,1.0397,4.4603
72.7376,1.065,4.571
72.7378,1.0553,4.5229
72.7380,1.0482,4.4989
72.7382,1.0277,4.4109
72.7384,1.0381,4.4536
72.7386,1.0278,4.4073
72.7388,1.1032,4.7241
72.7390,1.1426,4.9016
72.7392,1.0267,4.413
72.7394,0.9458,4.0651
72.7396,0.9386,4.0304
72.7398,0.914,3.9285
72.7400,0.8737,3.7589
72.7402,0.8522,3.6694
72.7404,0.8464,3.6446
72.7406,0.8361,3.5969
72.7408,0.8114,3.4939
72.7410,0.7574,3.263
72.7412,0.8017,3.4472
72.7414,0.8733,3.7568
72.7416,0.8383,3.6045
72.7418,0.8399,3.6168
72.7420,0.7844,3.373
72.7422,0.8911,3.8319
72.7424,0.9174,3.9466
72.7426,0.9555,4.0992
72.7428,0.9608,4.1295
72.7430,0.8736,3.7601
72.7432,0.8678,3.7296
72.7434,0.914,3.9267
72.7436,0.8932,3.8442
72.7438,0.7801,3.3591
72.7440,0.777,3.3504
72.7442,0.7204,3.1034
72.7444,0.7487,3.2253
72.7446,0.7765,3.3452
72.7448,0.7731,3.3276
72.7450,0.7335,3.1583
72.7452,0.741,3.1938
72.7454,0.773,3.324
72.7456,0.9067,3.8953
72.7458,0.909,3.9123
72.7460,0.7945,3.4258
72.7462,0.7369,3.1732
72.7464,0.7863,3.3797
72.7466,0.9016,3.8767
72.7468,0.9267,3.9794
72.7470,0.9566,4.1096
72.7472,0.9289,3.9961
72.7474,0.8541,3.6794
72.7476,0.7506,3.2336
72.7478,0.7392,3.1845
72.7480,0.7132,3.0739
72.7482,0.7645,3.2966
72.7484,0.7502,3.2321
72.7486,0.7661,3.3018
72.7488,0.7565,3.2544
72.7490,0.8042,3.4597
72.7492,0.8254,3.5526
72.7494,0.7939,3.4217
72.7496,0.7194,3.1065
72.7498,0.6886,2.9707
72.7500,0.7104,3.0591
72.7502,0.7584,3.2687
72.7504,0.7374,3.1797
72.7506,0.72,3.1033
72.7508,0.7198,3.1037
72.7510,0.6676,2.8788
72.7512,0.658,2.8388
72.7514,0.6686,2.8789
72.7516,0.6775,2.9253
72.7518,0.62,2.6785
72.7520,0.5741,2.4755
72.7522,0.6748,2.9085
72.7524,0.6318,2.7293
72.7526,0.5368,2.3201
72.7528,0.5315,2.2962
72.7530,0.532,2.2973
72.7532,0.5259,2.273
72.7534,0.5223,2.2574
72.7536,0.5224,2.2558
72.7538,0.523,2.2595
72.7540,0.5278,2.2802
72.7542,0.5242,2.2636
72.7544,0.5283,2.2801
72.7546,0.5395,2.3315
72.7548,0.5429,2.3455
72.7550,0.5662,2.4414
72.7552,0.6319,2.7247
72.7554,0.6737,2.9038
72.7556,0.6731,2.8999
72.7558,0.7058,3.0418
72.7560,0.6502,2.8052
72.7562,0.5435,2.3459
72.7564,0.5205,2.2475
72.7566,0.5098,2.2015
72.7568,0.5453,2.3536
72.7570,0.5606,2.4194
72.7572,0.5562,2.3985
72.7574,0.5909,2.5491
72.7576,0.5664,2.4447
72.7578,0.594,2.5578
72.7580,0.7078,3.045
72.7582,0.7402,3.1872
72.7584,0.6977,3.0072
72.7586,0.6736,2.9033
72.7588,0.6905,2.9707
72.7590,0.7246,3.1244
72.7592,0.6692,2.8829
72.7594,0.6734,2.9009
72.7596,0.6856,2.9495
72.7598,0.7354,3.1695
72.7600,0.6796,2.9292
72.7602,0.6674,2.8751
72.7604,0.6349,2.7389
72.7606,0.5475,2.3662
72.7608,0.4872,2.1026
72.7610,0.5318,2.2952
72.7612,0.5047,2.1802
72.7614,0.4833,2.087
72.7616,0.5608,2.4215
72.7618,0.4974,2.1486
72.7620,0.4706,2.034
72.7622,0.4675,2.0196
72.7624,0.4693,2.0265
72.7626,0.4622,1.9968
72.7628,0.4676,2.0202
72.7630,0.471,2.0328
72.7632,0.4707,2.0336
72.7634,0.4753,2.0552
72.7636,0.4396,1.8972
72.7638,0.5273,2.2728
72.7640,0.5717,2.4686
72.7642,0.5474,2.3613
72.7644,0.5339,2.3034
72.7646,0.5113,2.2056
72.7648,0.6258,2.6946
72.7650,0.6759,2.9064
72.7652,0.718,3.0888
72.7654,0.7845,3.3735
72.7656,0.8032,3.4523
72.7658,0.7987,3.428
72.7660,0.8652,3.7222
72.7662,0.7818,3.3601
72.7664,0.7734,3.3256
72.7666,0.7871,3.3828
72.7668,0.8154,3.5076
72.7670,0.8082,3.4719
72.7672,0.901,3.8651
72.7674,0.9092,3.9006
72.7676,0.9208,3.95
72.7678,0.9178,3.9445
72.7680,0.8315,3.5723
72.7682,0.8679,3.7266
72.7684,0.9254,3.9719
72.7686,0.9486,4.0675
72.7688,0.9644,4.1334
72.7690,1.0083,4.3175
72.7692,1.0505,4.494
72.7694,1.1011,4.7149
72.7696,1.0817,4.6425
72.7698,0.9484,4.0726
72.7700,0.897,3.8536
72.7702,0.8363,3.5962
72.7704,0.798,3.4297
72.7706,0.8285,3.5627
72.7708,0.7471,3.2112
72.7710,0.7553,3.2477
72.7712,0.8032,3.4539
72.7714,0.8311,3.5752
72.7716,0.8267,3.5517
72.7718,0.8577,3.688
72.7720,0.8506,3.6542
72.7722,0.9339,4.0066
72.7724,0.9161,3.93
72.7726,0.9377,4.0282
72.7728,0.9061,3.8945
72.7730,0.8662,3.7229
72.7732,0.8526,3.6664
72.7734,0.7841,3.3714
72.7736,0.7877,3.3916
72.7738,0.7074,3.0434
72.7740,0.7233,3.1158
72.7742,0.7219,3.1101
72.7744,0.7546,3.2446
72.7746,0.8047,3.4569
72.7748,0.801,3.4538
72.7750,0.6344,2.7343
72.7752,0.635,2.7369
72.7754,0.6469,2.7842
72.7756,0.6922,2.9807
72.7758,0.6425,2.7625
72.7760,0.6938,2.9874
72.7762,0.6927,2.9841
72.7764,0.7048,3.0363
72.7766,0.683,2.945
72.7768,0.5994,2.5858
72.7770,0.5859,2.5286
72.7772,0.6001,2.5841
72.7774,0.6595,2.841
72.7776,0.638,2.7524
72.7778,0.6323,2.7263
72.7780,0.6116,2.6361
72.7782,0.6555,2.824
72.7784,0.6899,2.9709
72.7786,0.6976,3.0039
72.7788,0.6787,2.925
72.7790,0.614,2.6489
72.7792,0.609,2.6272
72.7794,0.6058,2.6108
72.7796,0.6411,2.762
72.7798,0.6952,2.9977
72.7800,0.6329,2.7289
72.7802,0.6052,2.6058
72.7804,0.5982,2.5795
72.7806,0.5435,2.3426
72.7808,0.5827,2.5128
72.7810,0.6372,2.7462
72.7812,0.5785,2.5005
72.7814,0.4272,1.8464
72.7816,0.4094,1.7676
72.7818,0.4715,2.0367
72.7820,0.4703,2.0316
72.7822,0.451,1.9473
72.7824,0.4389,1.895
72.7826,0.4481,1.9366
72.7828,0.45,1.944
72.7830,0.479,2.0703
72.7832,0.4409,1.9038
72.7834,0.4368,1.8862
72.7836,0.4586,1.9813
72.7838,0.4663,2.0126
72.7840,0.4434,1.9155
72.7842,0.4335,1.8725
72.7844,0.4457,1.9254
72.7846,0.4892,2.1085
72.7848,0.5796,2.4993
72.7850,0.5006,2.1606
72.7852,0.4854,2.0929
72.7854,0.5386,2.3236
72.7856,0.5613,2.4146
72.7858,0.609,2.6199
72.7860,0.633,2.7269
72.7862,0.6384,2.7488
72.7864,0.6505,2.8023
72.7866,0.5925,2.5523
72.7868,0.5722,2.4661
72.7870,0.5692,2.4532
72.7872,0.5855,2.5188
72.7874,0.6321,2.7207
72.7876,0.6426,2.7669
72.7878,0.6435,2.7736
72.7880,0.617,2.6545
72.7882,0.6686,2.8803
72.7884,0.5863,2.5283
72.7886,0.5772,2.4844
72.7888,0.6759,2.9077
72.7890,0.6909,2.9708
72.7892,0.7227,3.1075
72.7894,0.717,3.0861
72.7896,0.6607,2.8435
72.7898,0.6694,2.8812
72.7900,0.6137,2.6425
72.7902,0.5685,2.4467
72.7904,0.5928,2.555
72.7906,0.5675,2.446
72.7908,0.6179,2.6581
72.7910,0.6835,2.9389
72.7912,0.7066,3.0426
72.7914,0.6797,2.9283
72.7916,0.6026,2.5938
72.7918,0.6168,2.6596
72.7920,0.5622,2.4244
72.7922,0.5459,2.3519
72.7924,0.5535,2.3833
72.7926,0.5739,2.4711
72.7928,0.65,2.7963
72.7930,0.7445,3.1954
72.7932,0.7999,3.4379
72.7934,0.6812,2.9359
72.7936,0.6061,2.6099
72.7938,0.5948,2.5626
72.7940,0.5805,2.4995
72.7942,0.6448,2.7754
72.7944,0.6741,2.904
72.7946,0.6249,2.691
72.7948,0.6016,2.5903
72.7950,0.6543,2.8175
72.7952,0.6186,2.6612
72.7954,0.665,2.8595
72.7956,0.6785,2.9218
72.7958,0.6038,2.6038
72.7960,0.5023,2.1658
72.7962,0.4856,2.0959
72.7964,0.5302,2.2852
72.7966,0.5748,2.4809
72.7968,0.4433,1.9132
72.7970,0.4686,2.0206
72.7972,0.5001,2.1535
72.7974,0.5848,2.5216
72.7976,0.5375,2.3189
72.7978,0.4996,2.1545
72.7980,0.5389,2.3225
72.7982,0.6442,2.7741
72.7984,0.648,2.7875
72.7986,0.6927,2.9744
72.7988,0.7566,3.2519
72.7990,0.7287,3.1332
72.7992,0.7646,3.2864
72.7994,0.7247,3.122
72.7996,0.6448,2.769
72.7998,0.7845,3.3719
72.8000,0.7668,3.2972
72.8002,0.7594,3.2622
72.8004,0.7495,3.217
72.8006,0.7841,3.3683
72.8008,0.7662,3.29
72.8010,0.7861,3.3771
72.8012,0.8152,3.5006
72.8014,0.8723,3.7387
72.8016,0.9263,3.9681
72.8018,0.9723,4.1654
72.8020,0.9459,4.0599
72.8022,0.8661,3.7155
72.8024,0.8589,3.6915
72.8026,0.7705,3.3163
72.8028,0.7163,3.0816
72.8030,0.7408,3.1838
72.8032,0.7686,3.3003
72.8034,0.873,3.7401
72.8036,0.9595,4.1142
72.8038,0.9089,3.8991
72.8040,0.9162,3.9341
72.8042,0.8555,3.6719
72.8044,0.8887,3.8162
72.8046,0.8385,3.6022
72.8048,0.8127,3.4947
72.8050,0.7975,3.4228
72.8052,0.8273,3.5493
72.8054,0.879,3.7728
72.8056,0.8817,3.7841
72.8058,0.8806,3.783
72.8060,0.8489,3.6453
72.8062,0.9064,3.8883
72.8064,0.8863,3.8042
72.8066,0.8383,3.5978
72.8068,0.8835,3.79
72.8070,0.8819,3.7869
72.8072,0.8913,3.8235
72.8074,0.9389,4.0221
72.8076,0.9885,4.2387
72.8078,0.952,4.0881
72.8080,0.8729,3.75
72.8082,0.8886,3.8086
72.8084,0.9208,3.9482
72.8086,0.8923,3.837
72.8088,0.7867,3.3812
72.8090,0.8285,3.5594
72.8092,0.8257,3.5471
72.8094,0.8351,3.5911
72.8096,0.796,3.423
72.8098,0.7771,3.3384
72.8100,0.8445,3.6313
72.8102,0.8192,3.5209
72.8104,0.8353,3.5883
72.8106,0.8577,3.6812
72.8108,0.9032,3.8803
72.8110,0.8945,3.8392
72.8112,0.9162,3.9341
72.8114,0.8817,3.7929
72.8116,0.7183,3.0947
72.8118,0.6866,2.955
72.8120,0.7908,3.3987
72.8122,0.8458,3.6336
72.8124,0.8176,3.5207
72.8126,0.6987,3.0085
72.8128,0.7489,3.2234
72.8130,0.6812,2.9359
72.8132,0.6309,2.7168
72.8134,0.6435,2.7775
72.8136,0.5941,2.5619
72.8138,0.6323,2.7263
72.8140,0.555,2.3944
72.8142,0.5305,2.2884
72.8144,0.5307,2.2894
72.8146,0.5333,2.2997
72.8148,0.5323,2.2972
72.8150,0.5353,2.3112
72.8152,0.567,2.4405
72.8154,0.7125,3.0636
72.8156,0.7017,3.0243
72.8158,0.6024,2.5988
72.8160,0.5523,2.3814
72.8162,0.5486,2.3665
72.8164,0.5453,2.3525
72.8166,0.5666,2.4407
72.8168,0.6323,2.725
72.8170,0.6425,2.7715
72.8172,0.548,2.3639
72.8174,0.5251,2.2651
72.8176,0.5254,2.2677
72.8178,0.5272,2.2744
72.8180,0.5655,2.4383
72.8182,0.5454,2.3541
72.8184,0.5281,2.2781
72.8186,0.5758,2.4793
72.8188,0.6189,2.6664
72.8190,0.6192,2.6699
72.8192,0.549,2.3664
72.8194,0.5288,2.2812
72.8196,0.5272,2.2734
72.8198,0.5252,2.2646
72.8200,0.5235,2.2574
72.8202,0.5172,2.232
72.8204,0.5216,2.2512
72.8206,0.5282,2.2775
72.8208,0.5405,2.3308
72.8210,0.5248,2.263
72.8212,0.5224,2.2527
72.8214,0.5218,2.2491
72.8216,0.5612,2.4163
72.8218,0.6338,2.7241
72.8220,0.7598,3.2658
72.8222,0.7812,3.3622
72.8224,0.6283,2.7092
72.8226,0.5374,2.3173
72.8228,0.5313,2.292
72.8230,0.5276,2.2739
72.8232,0.5261,2.2698
72.8234,0.526,2.2682
72.8236,0.5552,2.3938
72.8238,0.5259,2.2677
72.8240,0.5478,2.359
72.8242,0.6426,2.7643
72.8244,0.6866,2.9591
72.8246,0.5999,2.5843
72.8248,0.5742,2.4738
72.8250,0.5637,2.4283
72.8252,0.5919,2.5485
72.8254,0.648,2.7888
72.8256,0.6524,2.8079
72.8258,0.6758,2.9032
72.8260,0.8137,3.4939
72.8262,0.8331,3.574
72.8264,0.8258,3.5459
72.8266,0.7788,3.3456
72.8268,0.7695,3.306
72.8270,0.798,3.4313
72.8272,0.7574,3.2555
72.8274,0.7361,3.1652
72.8276,0.7466,3.2061
72.8278,0.8164,3.5025
72.8280,0.8724,3.7445
72.8282,0.9062,3.8896
72.8284,0.88,3.7804
72.8286,0.8041,3.4543
72.8288,0.7802,3.3565
72.8290,0.7519,3.2303
72.8292,0.8216,3.523
72.8294,0.8989,3.8582
72.8296,0.8097,3.4883
72.8298,0.6552,2.8237
72.8300,0.6088,2.6237
72.8302,0.5423,2.3385
72.8304,0.5622,2.4255
72.8306,0.5341,2.2996
72.8308,0.6083,2.6205
72.8310,0.5484,2.3627
72.8312,0.5836,2.5105
72.8314,0.7213,3.0989
72.8316,0.7511,3.2312
72.8318,0.7737,3.3271
72.8320,0.785,3.3709
72.8322,0.7935,3.4074
72.8324,0.7749,3.3338
72.8326,0.7119,3.0582
72.8328,0.757,3.2519
72.8330,0.8,3.44
72.8332,0.8471,3.641
72.8334,0.7825,3.3647
72.8336,0.7522,3.2343
72.8338,0.8006,3.4442
72.8340,0.7495,3.2245
72.8342,0.7154,3.0717
72.8344,0.8297,3.5613
72.8346,0.9008,3.8646
72.8348,0.9258,3.9716
72.8350,0.9387,4.0253
72.8352,0.9765,4.1853
72.8354,0.9827,4.216
72.8356,0.9068,3.8903
72.8358,0.9597,4.1191
72.8360,0.8866,3.8105
72.8362,0.8413,3.6123
72.8364,0.8438,3.6265
72.8366,0.8357,3.592
72.8368,0.8331,3.5757
72.8370,0.869,3.7348
72.8372,0.8742,3.7522
72.8374,0.8871,3.8072
72.8376,0.8656,3.7186
72.8378,0.8832,3.7908
72.8380,0.9283,3.9824
72.8382,0.924,3.9621
72.8384,0.9797,4.1992
72.8386,0.9737,4.1754
72.8388,0.9139,3.9189
72.8390,0.8899,3.8178
72.8392,0.9218,3.9602
72.8394,0.8402,3.6211
72.8396,0.7248,3.1167
72.8398,0.7616,3.272
72.8400,0.7911,3.4035
72.8402,0.7739,3.3292
72.8404,0.7819,3.3669
72.8406,0.6549,2.8188
72.8408,0.6651,2.8666
72.8410,0.6649,2.8616
72.8412,0.7415,3.1899
72.8414,0.7284,3.1366
72.8416,0.7013,3.0185
72.8418,0.6993,3.0083
72.8420,0.7314,3.1466
72.8422,0.7474,3.2182
72.8424,0.7526,3.2409
72.8426,0.7088,3.0505
72.8428,0.7043,3.0384
72.8430,0.5983,2.5812
72.8432,0.5713,2.4636
72.8434,0.5759,2.4821
72.8436,0.589,2.5385
72.8438,0.582,2.5108
72.8440,0.5598,2.4174
72.8442,0.5008,2.1616
72.8444,0.5012,2.1642
72.8446,0.5059,2.1854
72.8448,0.5046,2.1767
72.8450,0.549,2.3675
72.8452,0.5807,2.5017
72.8454,0.6964,2.9932
72.8456,0.6978,3.0035
72.8458,0.632,2.724
72.8460,0.6932,2.9862
72.8462,0.7101,3.0548
72.8464,0.7067,3.0403
72.8466,0.7085,3.0537
72.8468,0.6705,2.8899
72.8470,0.6363,2.7401
72.8472,0.6622,2.8529
72.8474,0.6494,2.795
72.8476,0.6775,2.9185
72.8478,0.6927,2.9813
72.8480,0.6978,3.0077
72.8482,0.5874,2.5306
72.8484,0.573,2.4709
72.8486,0.5507,2.3769
72.8488,0.5453,2.3504
72.8490,0.5448,2.3505
72.8492,0.565,2.4374
72.8494,0.5986,2.5786
72.8496,0.5728,2.4687
72.8498,0.5637,2.4272
72.8500,0.604,2.6007
72.8502,0.6336,2.7333
72.8504,0.5213,2.2491
72.8506,0.5241,2.262
72.8508,0.4585,1.9808
72.8510,0.4921,2.1229
72.8512,0.4917,2.1233
72.8514,0.4661,2.0125
72.8516,0.463,1.999
72.8518,0.4579,1.9764
72.8520,0.4577,1.9744
72.8522,0.4674,2.0126
72.8524,0.565,2.4385
72.8526,0.4638,2.0027
72.8528,0.4454,1.9234
72.8530,0.4442,1.9174
72.8532,0.4465,1.9281
72.8534,0.4512,1.9483
72.8536,0.4464,1.9258
72.8538,0.444,1.9155
72.8540,0.4463,1.9262
72.8542,0.4529,1.9564
72.8544,0.4514,1.9502
72.8546,0.4457,1.9227
72.8548,0.4848,2.0903
72.8550,0.5337,2.3002
72.8552,0.5737,2.4705
72.8554,0.5777,2.4887
72.8556,0.5416,2.3322
72.8558,0.5775,2.4889
72.8560,0.5374,2.3173
72.8562,0.5086,2.1922
72.8564,0.5064,2.1814
72.8566,0.5385,2.3231
72.8568,0.5253,2.2651
72.8570,0.5435,2.3404
72.8572,0.5598,2.4084
72.8574,0.6104,2.631
72.8576,0.5326,2.2988
72.8578,0.4855,2.0954
72.8580,0.4841,2.0882
72.8582,0.4843,2.0883
72.8584,0.5161,2.2232
72.8586,0.5866,2.5223
72.8588,0.6648,2.8584
72.8590,0.6857,2.9473
72.8592,0.7138,3.0636
72.8594,0.7896,3.392
72.8596,0.7716,3.3209
72.8598,0.633,2.7256
72.8600,0.5739,2.4745
72.8602,0.4968,2.144
72.8604,0.4912,2.1153
72.8606,0.5257,2.2656
72.8608,0.4794,2.0661
72.8610,0.5022,2.1643
72.8612,0.5454,2.3509
72.8614,0.5957,2.5662
72.8616,0.6018,2.5914
72.8618,0.6104,2.6285
72.8620,0.6211,2.6745
72.8622,0.5746,2.4765
72.8624,0.5012,2.1592
72.8626,0.5897,2.5416
72.8628,0.4879,2.1077
72.8630,0.4363,1.8823
72.8632,0.5085,2.1907
72.8634,0.5427,2.3347
72.8636,0.6119,2.6384
72.8638,0.5162,2.2237
72.8640,0.5401,2.3276
72.8642,0.5139,2.2139
72.8644,0.5279,2.2712
72.8646,0.6643,2.859
72.8648,0.6644,2.8595
72.8650,0.6595,2.8344
72.8652,0.7261,3.1166
72.8654,0.806,3.4577
72.8656,0.8299,3.5584
72.8658,0.8332,3.5778
72.8660,0.8254,3.5378
72.8662,0.926,3.9671
72.8664,0.9294,3.9871
72.8666,0.8972,3.8474
72.8668,0.9205,3.9435
72.8670,0.9475,4.059
72.8672,0.9453,4.0517
72.8674,0.9218,3.9528
72.8676,0.9289,3.9757
72.8678,0.9812,4.2053
72.8680,0.985,4.2218
72.8682,0.9734,4.168
72.8684,0.9806,4.2028
72.8686,0.9849,4.2252
72.8688,0.8982,3.8497
72.8690,0.9353,4.0104
72.8692,0.9612,4.1157
72.8694,0.9859,4.2293
72.8696,0.911,3.912
72.8698,0.8717,3.7414
72.8700,0.8937,3.8302
72.8702,0.9246,3.9646
72.8704,0.9248,3.9694
72.8706,0.8636,3.7047
72.8708,0.8488,3.6465
72.8710,0.8179,3.5136
72.8712,0.8248,3.5435
72.8714,0.8662,3.7125
72.8716,0.9542,4.0897
72.8718,0.9234,3.9558
72.8720,0.9151,3.9258
72.8722,0.8927,3.8314
72.8724,0.8848,3.8028
72.8726,0.8813,3.7843
72.8728,0.8366,3.5939
72.8730,0.8248,3.5385
72.8732,0.8637,3.7052
72.8734,0.8402,3.6094
72.8736,0.8145,3.4992
72.8738,0.8558,3.6746
72.8740,0.8727,3.7472
72.8742,0.877,3.7693
72.8744,0.8077,3.4746
72.8746,0.7583,3.2576
72.8748,0.7824,3.3627
72.8750,0.7541,3.2395
72.8752,0.851,3.6523
72.8754,0.9261,3.9695
72.8756,0.963,4.133
72.8758,0.8945,3.8409
72.8760,0.8562,3.6853
72.8762,0.7138,3.0736
72.8764,0.6963,2.9954
72.8766,0.7535,3.24
72.8768,0.7715,3.3189
72.8770,0.711,3.0617
72.8772,0.7299,3.1428
72.8774,0.7211,3.1051
72.8776,0.7024,3.0231
72.8778,0.7012,3.018
72.8780,0.6669,2.8704
72.8782,0.6754,2.907
72.8784,0.762,3.2735
72.8786,0.7935,3.4154
72.8788,0.6806,2.9333
72.8790,0.6387,2.7529
72.8792,0.6032,2.6
72.8794,0.606,2.6094
72.8796,0.6422,2.7692
72.8798,0.5821,2.5067
72.8800,0.6151,2.6536
72.8802,0.5476,2.3635
72.8804,0.5357,2.3122
72.8806,0.5423,2.3396
72.8808,0.5269,2.2729
72.8810,0.5255,2.2682
72.8812,0.5265,2.2713
72.8814,0.5325,2.2972
72.8816,0.554,2.3865
72.8818,0.6275,2.7044
72.8820,0.5548,2.3912
72.8822,0.5288,2.2812
72.8824,0.5489,2.3692
72.8826,0.5325,2.2961
72.8828,0.5832,2.5137
72.8830,0.5418,2.3375
72.8832,0.5254,2.2667
72.8834,0.5311,2.291
72.8836,0.5176,2.2331
72.8838,0.5146,2.2191
72.8840,0.5122,2.2098
72.8842,0.5273,2.276
72.8844,0.5275,2.2755
72.8846,0.5137,2.216
72.8848,0.5333,2.2965
72.8850,0.6092,2.6258
72.8852,0.5971,2.5736
72.8854,0.5542,2.3886
72.8856,0.5669,2.4434
72.8858,0.592,2.549
72.8860,0.7107,3.0516
72.8862,0.7476,3.2162
72.8864,0.6777,2.9168
72.8866,0.676,2.911
72.8868,0.6797,2.9215
72.8870,0.7227,3.1118
72.8872,0.7206,3.1001
72.8874,0.7302,3.1414
72.8876,0.726,3.1219
72.8878,0.7245,3.1195
72.8880,0.6482,2.7899
72.8882,0.6886,2.9583
72.8884,0.7869,3.3807
72.8886,0.8459,3.6324
72.8888,0.8381,3.5973
72.8890,0.8377,3.5986
72.8892,0.7679,3.3003
72.8894,0.7841,3.3714
72.8896,0.7808,3.3513
72.8898,0.7803,3.3539
72.8900,0.7734,3.3209
72.8902,0.8164,3.5025
72.8904,0.8805,3.7772
72.8906,0.8512,3.6653
72.8908,0.6889,2.9648
72.8910,0.7102,3.0553
72.8912,0.688,2.9598
72.8914,0.6709,2.8861
72.8916,0.694,2.9842
72.8918,0.7375,3.1714
72.8920,0.7411,3.1884
72.8922,0.7307,3.142
72.8924,0.7227,3.1104
72.8926,0.6919,2.9791
72.8928,0.7246,3.1172
72.8930,0.7626,3.2792
72.8932,0.7542,3.2431
72.8934,0.7182,3.0913
72.8936,0.6576,2.8328
72.8938,0.6195,2.6727
72.8940,0.5566,2.3989
72.8942,0.5657,2.4382
72.8944,0.5794,2.496
72.8946,0.598,2.5796
72.8948,0.4946,2.1337
72.8950,0.5413,2.3328
72.8952,0.6188,2.6659
72.8954,0.5818,2.5075
72.8956,0.5303,2.2921
72.8958,0.4351,1.8789
72.8960,0.4582,1.9737
72.8962,0.51,2.203
72.8964,0.4088,1.765
72.8966,0.4084,1.7626
72.8968,0.4289,1.8503
72.8970,0.4795,2.0695
72.8972,0.517,2.2284
72.8974,0.5576,2.402
72.8976,0.57,2.458
72.8978,0.5447,2.3478
72.8980,0.6221,2.6774
72.8982,0.6586,2.8308
72.8984,0.7241,3.1122
72.8986,0.7512,3.2332
72.8988,0.7245,3.1138
72.8990,0.7881,3.3858
72.8992,0.8169,3.5111
72.8994,0.7837,3.3668
72.8996,0.7691,3.3039
72.8998,0.7645,3.2874
72.9000,0.7441,3.1983
72.9002,0.7534,3.2364
72.9004,0.7681,3.2998
72.9006,0.7824,3.3611
72.9008,0.8012,3.442
72.9010,0.7987,3.4296
72.9012,0.8446,3.6284
72.9014,0.8309,3.5664
72.9016,0.8428,3.614
72.9018,0.8542,3.6662
72.9020,0.9088,3.9004
72.9022,0.9097,3.9063
72.9024,0.8443,3.6252
72.9026,0.8975,3.852
72.9028,0.8773,3.7708
72.9030,0.7692,3.3044
72.9032,0.7993,3.4337
72.9034,0.7475,3.2142
72.9036,0.7514,3.2327
72.9038,0.7907,3.4014
72.9040,0.7472,3.2087
72.9042,0.8012,3.4388
72.9044,0.8213,3.5252
72.9046,0.8281,3.5574
72.9048,0.7747,3.3328
72.9050,0.7475,3.2112
72.9052,0.8167,3.5084
72.9054,0.8054,3.4632
72.9056,0.7908,3.3987
72.9058,0.8011,3.4415
72.9060,0.8604,3.6947
72.9062,0.8708,3.739
72.9064,0.8158,3.5016
72.9066,0.8254,3.5444
72.9068,0.8742,3.7539
72.9070,0.8926,3.8345
72.9072,0.8149,3.4991
72.9074,0.8398,3.6095
72.9076,0.8225,3.532
72.9078,0.8773,3.7691
72.9080,0.8749,3.7535
72.9082,0.9255,3.9817
72.9084,0.747,3.2181
72.9086,0.6741,2.904
72.9088,0.7031,3.0234
72.9090,0.7621,3.2771
72.9092,0.7863,3.3812
72.9094,0.8046,3.4548
72.9096,0.7935,3.4138
72.9098,0.7324,3.1551
72.9100,0.7157,3.0804
72.9102,0.666,2.8689
72.9104,0.6915,2.9762
72.9106,0.7076,3.0482
72.9108,0.6862,2.9535
72.9110,0.6854,2.9485
72.9112,0.7362,3.1716
72.9114,0.6781,2.9211
72.9116,0.606,2.6131
72.9118,0.6483,2.793
72.9120,0.6771,2.9115
72.9122,0.7198,3.0965
72.9124,0.6942,2.988
72.9126,0.662,2.8519
72.9128,0.5987,2.5839
72.9130,0.5423,2.3396
72.9132,0.5733,2.4719
72.9134,0.5529,2.3862
72.9136,0.4761,2.0588
72.9138,0.4096,1.7719
72.9140,0.3989,1.7233
72.9142,0.4068,1.7567
72.9144,0.4255,1.8358
72.9146,0.4604,1.9891
72.9148,0.4553,1.965
72.9150,0.5114,2.2062
72.9152,0.5471,2.3581
72.9154,0.5573,2.4054
72.9156,0.5383,2.3231
72.9158,0.518,2.2336
72.9160,0.5163,2.2274
72.9162,0.5157,2.2258
72.9164,0.5212,2.2496
72.9166,0.5215,2.2486
72.9168,0.5186,2.2372
72.9170,0.5363,2.3116
72.9172,0.6002,2.5871
72.9174,0.5664,2.4436
72.9176,0.485,2.0933
72.9178,0.4621,1.9926
72.9180,0.4583,1.9779
72.9182,0.4767,2.0557
72.9184,0.5106,2.2046
72.9186,0.4602,1.988
72.9188,0.4438,1.9153
72.9190,0.4421,1.9098
72.9192,0.4423,1.9091
72.9194,0.4459,1.9237
72.9196,0.4439,1.9176
72.9198,0.4469,1.9296
72.9200,0.445,1.9205
72.9202,0.4474,1.9326
72.9204,0.4531,1.9566
72.9206,0.4578,1.9749
72.9208,0.4445,1.9175
72.9210,0.4418,1.9061
72.9212,0.4438,1.9144
72.9214,0.4522,1.9497
72.9216,0.4971,2.1416
72.9218,0.546,2.3513
72.9220,0.5856,2.524
72.9222,0.576,2.4827
72.9224,0.5487,2.3637
72.9226,0.5434,2.3454
72.9228,0.4718,2.0355
72.9230,0.4474,1.929
72.9232,0.4531,1.9548
72.9234,0.5068,2.1824
72.9236,0.5636,2.43
72.9238,0.5679,2.4452
72.9240,0.5576,2.4031
72.9242,0.5586,2.4088
72.9244,0.5664,2.4368
72.9246,0.5683,2.4473
72.9248,0.5584,2.4045
72.9250,0.5481,2.3612
72.9252,0.5484,2.3638
72.9254,0.5694,2.4531
72.9256,0.61,2.624
72.9258,0.6179,2.6593
72.9260,0.651,2.7991
72.9262,0.7319,3.1413
72.9264,0.8086,3.4674
72.9266,0.8,3.4368
72.9268,0.7349,3.1615
72.9270,0.6872,2.9562
72.9272,0.6972,2.9982
72.9274,0.7514,3.2282
72.9276,0.7337,3.1534
72.9278,0.7133,3.0644
72.9280,0.7789,3.3462
72.9282,0.794,3.4063
72.9284,0.7781,3.341
72.9286,0.8056,3.461
72.9288,0.7735,3.3214
72.9290,0.7788,3.3472
72.9292,0.748,3.2163
72.9294,0.6901,2.9658
72.9296,0.6476,2.786
72.9298,0.6199,2.6681
72.9300,0.6396,2.7502
72.9302,0.7555,3.2442
72.9304,0.746,3.2125
72.9306,0.6285,2.7052
72.9308,0.5994,2.5858
72.9310,0.5049,2.1782
72.9312,0.4995,2.1529
72.9314,0.5692,2.4509
72.9316,0.6423,2.7607
72.9318,0.7078,3.0421
72.9320,0.766,3.2905
72.9322,0.7693,3.305
72.9324,0.7963,3.4193
72.9326,0.8242,3.5392
72.9328,0.7597,3.2653
72.9330,0.7814,3.346
72.9332,0.8933,3.8251
72.9334,0.9185,3.9366
72.9336,0.9079,3.895
72.9338,0.9923,4.2452
72.9340,1.0313,4.414
72.9342,1.0392,4.4437
72.9344,1.0595,4.5325
72.9346,1.0829,4.6325
72.9348,1.0855,4.6546
72.9350,0.9463,4.0615
72.9352,0.8663,3.7199
72.9354,0.8264,3.5485
72.9356,0.7975,3.4276
72.9358,0.8007,3.4399
72.9360,0.8218,3.5306
72.9362,0.8237,3.5372
72.9364,0.8506,3.6508
72.9366,0.899,3.8623
72.9368,0.9259,3.9684
72.9370,0.9429,4.0452
72.9372,0.876,3.7546
72.9374,0.9379,4.0217
72.9376,0.8838,3.7934
72.9378,0.8555,3.6736
72.9380,0.9001,3.8669
72.9382,0.8577,3.6812
72.9384,0.9162,3.9286
72.9386,0.8806,3.7865
72.9388,0.7974,3.4239
72.9390,0.8216,3.5295
72.9392,0.796,3.4214
72.9394,0.7447,3.2038
72.9396,0.7759,3.3395
72.9398,0.7673,3.2993
72.9400,0.7642,3.2843
72.9402,0.7685,3.3044
72.9404,0.7279,3.1331
72.9406,0.7183,3.0903
72.9408,0.6948,2.9906
72.9410,0.761,3.274
72.9412,0.8272,3.5554
72.9414,0.7821,3.3601
72.9416,0.7866,3.387
72.9418,0.6908,2.9758
72.9420,0.6785,2.9191
72.9422,0.7349,3.1601
72.9424,0.7536,3.2405
72.9426,0.7459,3.2149
72.9428,0.7136,3.0697
72.9430,0.7437,3.1962
72.9432,0.7559,3.2518
72.9434,0.6959,2.9953
72.9436,0.6727,2.8925
72.9438,0.7463,3.2075
72.9440,0.7688,3.3075
72.9442,0.7731,3.3261
72.9444,0.7235,3.1111
72.9446,0.7538,3.243
72.9448,0.785,3.3771
72.9450,0.6853,2.948
72.9452,0.6809,2.9294
72.9454,0.7351,3.1626
72.9456,0.7638,3.2858
72.9458,0.7053,3.0369
72.9460,0.6667,2.8694
72.9462,0.7072,3.041
72.9464,0.7584,3.2611
72.9466,0.7676,3.3054
72.9468,0.704,3.0299
72.9470,0.7137,3.0731
72.9472,0.6512,2.8054
72.9474,0.6378,2.7488
72.9476,0.6317,2.7187
72.9478,0.6988,3.0049
72.9480,0.7759,3.3333
72.9482,0.8198,3.5235
72.9484,0.7582,3.2601
72.9486,0.7459,3.2075
72.9488,0.7399,3.1817
72.9490,0.713,3.0757
72.9492,0.5602,2.42
72.9494,0.5379,2.3183
72.9496,0.5981,2.5789
72.9498,0.5411,2.3323
72.9500,0.546,2.3546
72.9502,0.5514,2.38
72.9504,0.5265,2.2713
72.9506,0.5264,2.2719
72.9508,0.5277,2.2786
72.9510,0.5303,2.2879
72.9512,0.5766,2.4829
72.9514,0.6176,2.6595
72.9516,0.5886,2.5393
72.9518,0.5333,2.2997
72.9520,0.5293,2.2822
72.9522,0.5242,2.2615
72.9524,0.5247,2.2636
72.9526,0.5263,2.2703
72.9528,0.5261,2.2677
72.9530,0.5303,2.2889
72.9532,0.5254,2.2667
72.9534,0.5584,2.4078
72.9536,0.5307,2.2884
72.9538,0.5263,2.2703
72.9540,0.5277,2.2754
72.9542,0.5264,2.2698
72.9544,0.5381,2.3172
72.9546,0.6715,2.89
72.9548,0.6944,2.9872
72.9550,0.6838,2.939
72.9552,0.646,2.7819
72.9554,0.6369,2.7465
72.9556,0.5391,2.3256
72.9558,0.5212,2.2486
72.9560,0.5065,2.1839
72.9562,0.5574,2.4003
72.9564,0.6263,2.7004
72.9566,0.5711,2.4615
72.9568,0.5674,2.4443
72.9570,0.5656,2.4377
72.9572,0.5692,2.4532
72.9574,0.5761,2.482
72.9576,0.5855,2.5223
72.9578,0.6407,2.7561
72.9580,0.7542,3.2431
72.9582,0.7074,3.0448
72.9584,0.6717,2.8897
72.9586,0.6692,2.8802
72.9588,0.6602,2.8402
72.9590,0.6865,2.9531
72.9592,0.6578,2.8325
72.9594,0.6622,2.8503
72.9596,0.7249,3.1158
72.9598,0.8042,3.4532
72.9600,0.7195,3.0984
72.9602,0.6011,2.5919
72.9604,0.5789,2.4916
72.9606,0.612,2.6365
72.9608,0.5463,2.3578
72.9610,0.4842,2.0897
72.9612,0.5254,2.2635
72.9614,0.5741,2.4767
72.9616,0.4915,2.1213
72.9618,0.4644,2.0015
72.9620,0.5172,2.2331
72.9622,0.412,1.7815
72.9624,0.3906,1.6884
72.9626,0.3891,1.6809
72.9628,0.3953,1.7054
72.9630,0.4366,1.886
72.9632,0.418,1.8032
72.9634,0.4853,2.0895
72.9636,0.636,2.7322
72.9638,0.6721,2.8939
72.9640,0.6178,2.6588
72.9642,0.6097,2.6242
72.9644,0.6325,2.7223
72.9646,0.6529,2.8126
72.9648,0.6683,2.8726
72.9650,0.7718,3.3127
72.9652,0.785,3.3693
72.9654,0.8265,3.5407
72.9656,0.941,4.0351
72.9658,0.9116,3.9091
72.9660,0.888,3.8096
72.9662,0.9431,4.0363
72.9664,1.0484,4.4874
72.9666,1.0516,4.5007
72.9668,1.042,4.4576
72.9670,1.073,4.5883
72.9672,1.1284,4.8206
72.9674,1.1477,4.9077
72.9676,1.1373,4.8745
72.9678,1.022,4.3739
72.9680,0.9971,4.2697
72.9682,1.0401,4.4452
72.9684,1.117,4.7742
72.9686,1.1154,4.7826
72.9688,0.9996,4.2885
72.9690,0.9763,4.1843
72.9692,1.0116,4.3237
72.9694,1.2432,5.3084
72.9696,1.2781,5.4522
72.9698,1.2741,5.4404
72.9700,1.2389,5.2949
72.9702,1.1851,5.0819
72.9704,0.977,4.1913
72.9706,0.941,4.0351
72.9708,0.9258,3.9716
72.9710,0.9911,4.244
72.9712,1.06,4.5345
72.9714,1.1089,4.7438
72.9716,1.0824,4.6391
72.9718,1.0349,4.4376
72.9720,1.0158,4.3539
72.9722,0.956,4.1051
72.9724,0.9438,4.0469
72.9726,0.9733,4.1675
72.9728,1.042,4.4701
72.9730,0.9943,4.2634
72.9732,0.9795,4.2079
72.9734,0.9001,3.8669
72.9736,0.9241,3.9681
72.9738,0.8984,3.8633
72.9740,0.8091,3.4792
72.9742,0.819,3.5215
72.9744,0.8136,3.495
72.9746,0.8554,3.6817
72.9748,0.8026,3.4546
72.9750,0.7558,3.2528
72.9752,0.7136,3.0754
72.9754,0.7505,3.2286
72.9756,0.7856,3.3782
72.9758,0.7518,3.2373
72.9760,0.7359,3.1671
72.9762,0.7546,3.2476
72.9764,0.7219,3.1116
72.9766,0.6905,2.9748
72.9768,0.7272,3.1271
72.9770,0.7715,3.3204
72.9772,0.7754,3.3359
72.9774,0.7537,3.244
72.9776,0.689,2.9681
72.9778,0.7181,3.085
72.9780,0.8507,3.6632
72.9782,0.7282,3.1326
72.9784,0.797,3.4303
72.9786,0.8005,3.4453
72.9788,0.8167,3.5117
72.9790,0.7541,3.2441
72.9792,0.7583,3.2621
72.9794,0.6995,3.0164
72.9796,0.5709,2.4661
72.9798,0.5632,2.4307
72.9800,0.6053,2.6075
72.9802,0.6676,2.8802
72.9804,0.6219,2.6831
72.9806,0.5925,2.5546
72.9808,0.5994,2.5834
72.9810,0.5962,2.5719
72.9812,0.5597,2.4146
72.9814,0.5585,2.4106
72.9816,0.551,2.3791
72.9818,0.5683,2.4519
72.9820,0.5657,2.4405
72.9822,0.5482,2.3671
72.9824,0.5462,2.3551
72.9826,0.5507,2.3758
72.9828,0.5784,2.4942
72.9830,0.5494,2.3712
72.9832,0.5672,2.4433
72.9834,0.6528,2.8108
72.9836,0.6898,2.9717
72.9838,0.6102,2.6299
72.9840,0.5832,2.5183
72.9842,0.5526,2.3808
72.9844,0.5783,2.4936
72.9846,0.6137,2.6437
72.9848,0.6913,2.9751
72.9850,0.6835,2.943
72.9852,0.6772,2.9161
72.9854,0.73,3.1418
72.9856,0.7369,3.1703
72.9858,0.6945,2.9877
72.9860,0.7115,3.0638
72.9862,0.7106,3.0568
72.9864,0.7648,3.2884
72.9866,0.7558,3.2543
72.9868,0.7411,3.1928
72.9870,0.6874,2.9586
72.9872,0.6884,2.9614
72.9874,0.6566,2.8247
72.9876,0.7124,3.0646
72.9878,0.7651,3.2961
72.9880,0.7102,3.0524
72.9882,0.7725,3.3235
72.9884,0.788,3.3885
72.9886,0.7323,3.1531
72.9888,0.6294,2.7101
72.9890,0.6041,2.6048
72.9892,0.5466,2.3593
72.9894,0.5743,2.4766
72.9896,0.6116,2.6313
72.9898,0.6734,2.9023
72.9900,0.6584,2.8351
72.9902,0.676,2.9083
72.9904,0.6794,2.9227
72.9906,0.7071,3.0433
72.9908,0.7126,3.0627
72.9910,0.8125,3.4936
72.9912,0.8028,3.4535
72.9914,0.7235,3.1198
72.9916,0.6345,2.7349
72.9918,0.6251,2.694
72.9920,0.6291,2.7091
72.9922,0.6861,2.953
72.9924,0.6266,2.707
72.9926,0.5303,2.29
72.9928,0.5224,2.2558
72.9930,0.5215,2.2496
72.9932,0.5241,2.261
72.9934,0.5266,2.2729
72.9936,0.55,2.3705
72.9938,0.5579,2.408
72.9940,0.5229,2.2548
72.9942,0.5324,2.2935
72.9944,0.5935,2.5605
72.9946,0.4801,2.074
72.9948,0.5049,2.1752
72.9950,0.6019,2.5967
72.9952,0.4875,2.1071
72.9954,0.4098,1.7713
72.9956,0.4094,1.7684
72.9958,0.4107,1.7749
72.9960,0.4118,1.7796
72.9962,0.4185,1.8078
72.9964,0.4302,1.8577
72.9966,0.4856,2.0959
72.9968,0.549,2.3664
72.9970,0.5362,2.3132
72.9972,0.5094,2.1953
72.9974,0.5952,2.563
72.9976,0.6488,2.7912
72.9978,0.6835,2.9389
72.9980,0.6925,2.9789
72.9982,0.7516,3.2317
72.9984,0.8167,3.5035
72.9986,0.8933,3.8251
72.9988,1.0006,4.2886
72.9990,1.0049,4.3091
72.9992,0.9443,4.0508
72.9994,0.9451,4.0526
72.9996,0.9561,4.096
72.9998,1.0395,4.4447
73.0000,1.0534,4.5168
73.0002,1.0088,4.3155
73.0004,1.1182,4.7816
73.0006,1.0618,4.5486
73.0008,0.9832,4.2141
73.0010,1.0179,4.3626
73.0012,1.0037,4.308
73.0014,0.9162,3.9323
73.0016,0.8945,3.8409
73.0018,0.8883,3.8142
73.0020,0.8896,3.8163
73.0022,0.9458,4.0518
73.0024,0.9805,4.2042
73.0026,0.9084,3.9025
73.0028,0.8856,3.8028
73.0030,0.8869,3.8067
73.0032,0.8836,3.7923
73.0034,0.9239,3.9634
73.0036,0.9397,4.0351
73.0038,0.8994,3.8657
73.0040,0.8338,3.5804
73.0042,0.8818,3.7917
73.0044,0.8576,3.6824
73.0046,0.8338,3.5838
73.0048,0.8865,3.8047
73.0050,0.9251,3.9667
73.0052,1.006,4.3137
73.0054,0.9336,4.0069
73.0056,0.9036,3.8837
73.0058,0.8649,3.712
73.0060,0.9216,3.9555
73.0062,0.896,3.853
73.0064,0.82,3.5278
73.0066,0.7978,3.4276
73.0068,0.813,3.4941
73.0070,0.7968,3.4261
73.0072,0.873,3.7505
73.0074,0.8757,3.7619
73.0076,0.8898,3.8191
73.0078,0.8688,3.736
73.0080,0.7907,3.4014
73.0082,0.7817,3.3643
73.0084,0.7447,3.2023
73.0086,0.7986,3.4322
73.0088,0.7838,3.3736
73.0090,0.7727,3.324
73.0092,0.7749,3.3369
73.0094,0.7216,3.1057
73.0096,0.7211,3.1008
73.0098,0.7276,3.1315
73.0100,0.7239,3.1184
73.0102,0.7121,3.0706
73.0104,0.6409,2.7648
73.0106,0.6619,2.8527
73.0108,0.6483,2.7904
73.0110,0.7207,3.1007
73.0112,0.7368,3.1713
73.0114,0.7053,3.0355
73.0116,0.7024,3.0245
73.0118,0.7052,3.0407
73.0120,0.6287,2.7095
73.0122,0.6402,2.7591
73.0124,0.6555,2.8266
73.0126,0.6067,2.6174
73.0128,0.5612,2.4208
73.0130,0.5546,2.3946
73.0132,0.5483,2.3677
73.0134,0.5501,2.3732
73.0136,0.5562,2.3996
73.0138,0.5723,2.4666
73.0140,0.615,2.6543
73.0142,0.5817,2.5046
73.0144,0.7106,3.0611
73.0146,0.6064,2.6134
73.0148,0.5767,2.4892
73.0150,0.5663,2.4431
73.0152,0.5698,2.4558
73.0154,0.5766,2.4876
73.0156,0.5584,2.4067
73.0158,0.6252,2.6908
73.0160,0.6404,2.7627
73.0162,0.5658,2.441
73.0164,0.5752,2.4779
73.0166,0.5913,2.5507
73.0168,0.5646,2.4358
73.0170,0.554,2.3887
73.0172,0.5553,2.3944
73.0174,0.5568,2.4022
73.0176,0.5966,2.5704
73.0178,0.6397,2.7584
73.0180,0.5652,2.435
73.0182,0.5679,2.4487
73.0184,0.5716,2.467
73.0186,0.5743,2.4731
73.0188,0.6591,2.8382
73.0190,0.6769,2.9159
73.0192,0.6764,2.9112
73.0194,0.7182,3.0927
73.0196,0.6737,2.8958
73.0198,0.7307,3.142
73.0200,0.7496,3.2265
73.0202,0.7255,3.1242
73.0204,0.6462,2.7837
73.0206,0.6504,2.7992
73.0208,0.7259,3.1228
73.0210,0.7181,3.0879
73.0212,0.7566,3.2519
73.0214,0.7917,3.4029
73.0216,0.8074,3.4655
73.0218,0.8182,3.5151
73.0220,0.8133,3.5005
73.0222,0.7573,3.258
73.0224,0.7211,3.1022
73.0226,0.7554,3.2437
73.0228,0.8205,3.5282
73.0230,0.7462,3.21
73.0232,0.7206,3.0973
73.0234,0.751,3.2321
73.0236,0.7368,3.1713
73.0238,0.7243,3.1147
73.0240,0.7565,3.2514
73.0242,0.7731,3.3261
73.0244,0.6987,3.0099
73.0246,0.6914,2.9688
73.0248,0.8314,3.5718
73.0250,0.823,3.5374
73.0252,0.8254,3.5411
73.0254,0.8941,3.8466
73.0256,0.7678,3.3044
73.0258,0.7204,3.1006
73.0260,0.6957,2.9928
73.0262,0.7068,3.0408
73.0264,0.7314,3.1495
73.0266,0.655,2.8232
73.0268,0.6324,2.7243
73.0270,0.7037,3.0288
73.0272,0.7083,3.0484
73.0274,0.7101,3.0576
73.0276,0.7302,3.1429
73.0278,0.7143,3.0742
73.0280,0.6494,2.7937
73.0282,0.6628,2.8555
73.0284,0.6837,2.9413
73.0286,0.7476,3.2162
73.0288,0.686,2.9579
73.0290,0.5925,2.5558
73.0292,0.5266,2.275
73.0294,0.4471,1.9325
73.0296,0.4367,1.8848
73.0298,0.4941,2.1327
73.0300,0.5325,2.2951
73.0302,0.57,2.4614
73.0304,0.538,2.3231
73.0306,0.567,2.4428
73.0308,0.6359,2.7329
73.0310,0.7371,3.1664
73.0312,0.7602,3.2719
73.0314,0.7078,3.0407
73.0316,0.7716,3.3132
73.0318,0.8378,3.5974
73.0320,0.9421,4.0397
73.0322,0.9787,4.1946
73.0324,0.9796,4.2006
73.0326,0.9733,4.1734
73.0328,0.9849,4.2213
73.0330,1.0072,4.3148
73.0332,1.0392,4.4541
73.0334,1.0184,4.3687
73.0336,1.0257,4.3899
73.0338,1.0753,4.6045
73.0340,1.0531,4.5116
73.0342,1.0151,4.3569
73.0344,0.9673,4.1457
73.0346,0.9952,4.2695
73.0348,0.9275,3.9844
73.0350,0.903,3.8775
73.0352,0.9724,4.162
73.0354,1.0108,4.3383
73.0356,0.915,3.9345
73.0358,0.8408,3.6103
73.0360,0.8433,3.6278
73.0362,0.7564,3.2584
73.0364,0.7294,3.1393
73.0366,0.765,3.2895
73.0368,0.774,3.3297
73.0370,0.8219,3.5294
73.0372,0.8716,3.7443
73.0374,0.8737,3.7414
73.0376,0.9868,4.2374
73.0378,0.8481,3.6502
73.0380,0.7771,3.3415
73.0382,0.7701,3.3132
73.0384,0.7715,3.3235
73.0386,0.707,3.0442
73.0388,0.7253,3.1203
73.0390,0.7429,3.1976
73.0392,0.7778,3.3446
73.0394,0.8916,3.8304
73.0396,0.8704,3.7462
73.0398,0.7796,3.3555
73.0400,0.7809,3.358
73.0402,0.8122,3.4926
73.0404,0.7905,3.3977
73.0406,0.7771,3.3415
73.0408,0.813,3.4973
73.0410,0.7445,3.2102
73.0412,0.6469,2.7881
73.0414,0.6908,2.9745
73.0416,0.6766,2.9162
73.0418,0.6237,2.6908
73.0420,0.6179,2.6643
73.0422,0.6128,2.6389
73.0424,0.6329,2.7276
73.0426,0.6276,2.7061
73.0428,0.6466,2.7832
73.0430,0.694,2.9926
73.0432,0.5812,2.5084
73.0434,0.5476,2.3635
73.0436,0.5476,2.3613
73.0438,0.5914,2.5488
73.0440,0.5849,2.5221
73.0442,0.6348,2.7359
73.0444,0.7353,3.1616
73.0446,0.7576,3.2636
73.0448,0.6678,2.878
73.0450,0.6347,2.7341
73.0452,0.6843,2.9466
73.0454,0.7331,3.1538
73.0456,0.7225,3.1098
73.0458,0.7342,3.1643
73.0460,0.6715,2.8967
73.0462,0.6255,2.6936
73.0464,0.6721,2.8953
73.0466,0.6157,2.6549
73.0468,0.6408,2.7592
73.0470,0.6568,2.8283
73.0472,0.6306,2.7178
73.0474,0.6458,2.7834
73.0476,0.6517,2.8101
73.0478,0.5944,2.5629
73.0480,0.6287,2.7108
73.0482,0.6195,2.6678
73.0484,0.6981,3.0004
73.0486,0.7116,3.0643
73.0488,0.7132,3.071
73.0490,0.6594,2.8458
73.0492,0.5252,2.2698
73.0494,0.5074,2.1881
73.0496,0.5621,2.4261
73.0498,0.5016,2.1637
73.0500,0.5397,2.3315
73.0502,0.4719,2.0379
73.0504,0.4731,2.0449
73.0506,0.4698,2.0276
73.0508,0.5279,2.2796
73.0510,0.4857,2.0984
73.0512,0.4755,2.0524
73.0514,0.4709,2.0332
73.0516,0.4682,2.0199
73.0518,0.4677,2.0207
73.0520,0.4691,2.0264
73.0522,0.4712,2.0357
73.0524,0.4718,2.0373
73.0526,0.4699,2.03
73.0528,0.4681,2.0213
73.0530,0.4703,2.0306
73.0532,0.4711,2.0324
73.0534,0.4695,2.0256
73.0536,0.4721,2.0365
73.0538,0.4625,1.9951
73.0540,0.4821,2.078
73.0542,0.5507,2.3736
73.0544,0.6518,2.8054
73.0546,0.6992,3.0134
73.0548,0.5448,2.3505
73.0550,0.5151,2.2212
73.0552,0.5986,2.5738
73.0554,0.6655,2.8629
73.0556,0.6532,2.8102
73.0558,0.6727,2.8978
73.0560,0.6096,2.6298
73.0562,0.5518,2.3794
73.0564,0.5397,2.3261
73.0566,0.5368,2.3147
73.0568,0.5347,2.3065
73.0570,0.5273,2.2718
73.0572,0.6312,2.7103
73.0574,0.8476,3.643
73.0576,0.8423,3.6153
73.0578,0.8018,3.4494
73.0580,0.6679,2.8758
73.0582,0.6259,2.6964
73.0584,0.6308,2.7163
73.0586,0.5996,2.5869
73.0588,0.5261,2.2698
73.0590,0.5203,2.2434
73.0592,0.5253,2.2641
73.0594,0.5456,2.3503
73.0596,0.5313,2.2931
73.0598,0.5428,2.3384
73.0600,0.566,2.4392
73.0602,0.524,2.2584
73.0604,0.5185,2.2325
73.0606,0.5907,2.5433
73.0608,0.608,2.6206
73.0610,0.532,2.2973
73.0612,0.5077,2.1881
73.0614,0.5698,2.4581
73.0616,0.4817,2.0798
73.0618,0.4199,1.8123
73.0620,0.4216,1.8204
73.0622,0.4211,1.8167
73.0624,0.4092,1.7679
73.0626,0.3992,1.7252
73.0628,0.4211,1.8167
73.0630,0.4919,2.1189
73.0632,0.5622,2.4221
73.0634,0.513,2.2119
73.0636,0.5231,2.2527
73.0638,0.6319,2.7172
73.0640,0.7016,3.0139
73.0642,0.6965,2.9923
73.0644,0.7466,3.2106
73.0646,0.7777,3.3395
73.0648,0.8305,3.5594
73.0650,0.9059,3.8808
73.0652,1.0014,4.2862
73.0654,1.0181,4.3535
73.0656,1.0137,4.3365
73.0658,1.0253,4.3863
73.0660,1.0893,4.658
73.0662,1.0771,4.6122
73.0664,1.013,4.3375
73.0666,1.0679,4.5705
73.0668,1.0431,4.4622
73.0670,1.068,4.5646
73.0672,1.1095,4.7441
73.0674,1.1044,4.7204
73.0676,1.2293,5.2539
73.0678,1.2007,5.1343
73.0680,1.1258,4.8161
73.0682,1.13,4.8273
73.0684,1.2186,5.2034
73.0686,1.1967,5.1217
73.0688,1.1263,4.8227
73.0690,1.0455,4.4829
73.0692,0.9941,4.2628
73.0694,0.9811,4.2127
73.0696,0.8998,3.86
73.0698,0.8904,3.8199
73.0700,0.8975,3.8538
73.0702,0.8187,3.5188
73.0704,0.8434,3.6233
73.0706,0.8803,3.7784
73.0708,0.9221,3.9557
73.0710,0.9066,3.8911
73.0712,0.9197,3.9509
73.0714,0.8944,3.8386
73.0716,0.8951,3.8489
73.0718,0.788,3.39
73.0720,0.8164,3.5058
73.0722,0.882,3.7927
73.0724,0.8414,3.6145
73.0726,0.8272,3.5538
73.0728,0.8356,3.5915
73.0730,0.7952,3.4194
73.0732,0.7722,3.322
73.0734,0.8325,3.5831
73.0736,0.7972,3.4266
73.0738,0.8445,3.6296
73.0740,0.8455,3.6354
73.0742,0.8199,3.5273
73.0744,0.7445,3.2073
73.0746,0.6868,2.9561
73.0748,0.7357,3.1666
73.0750,0.7212,3.1042
73.0752,0.72,3.1004
73.0754,0.729,3.1392
73.0756,0.7143,3.0742
73.0758,0.6848,2.95
73.0760,0.6835,2.9457
73.0762,0.6715,2.8913
73.0764,0.6769,2.9146
73.0766,0.673,2.9021
73.0768,0.664,2.8633
73.0770,0.5934,2.5564
73.0772,0.6777,2.9168
73.0774,0.7752,3.3379
73.0776,0.6746,2.9048
73.0778,0.6528,2.8121
73.0780,0.6028,2.5991
73.0782,0.6054,2.6093
73.0784,0.6006,2.5934
73.0786,0.529,2.2822
73.0788,0.5306,2.291
73.0790,0.5375,2.32
73.0792,0.5399,2.3293
73.0794,0.5518,2.3794
73.0796,0.5399,2.3293
73.0798,0.5356,2.3106
73.0800,0.5398,2.3298
73.0802,0.5405,2.3329
73.0804,0.5439,2.3442
73.0806,0.5919,2.5497
73.0808,0.609,2.6223
73.0810,0.599,2.5831
73.0812,0.6052,2.6107
73.0814,0.5487,2.367
73.0816,0.5277,2.2754
73.0818,0.5247,2.2657
73.0820,0.5502,2.3738
73.0822,0.5401,2.3298
73.0824,0.5253,2.263
73.0826,0.5734,2.4747
73.0828,0.532,2.2941
73.0830,0.5301,2.2858
73.0832,0.5285,2.2812
73.0834,0.5145,2.2217
73.0836,0.511,2.2056
73.0838,0.5409,2.3302
73.0840,0.6574,2.8296
73.0842,0.6403,2.7533
73.0844,0.7513,3.2277
73.0846,0.7626,3.2792
73.0848,0.7594,3.2637
73.0850,0.7297,3.1393
73.0852,0.6761,2.9128
73.0854,0.671,2.8893
73.0856,0.6694,2.8785
73.0858,0.7321,3.1497
73.0860,0.742,3.1934
73.0862,0.7113,3.0585
73.0864,0.7285,3.1327
73.0866,0.6648,2.8624
73.0868,0.6555,2.8227
73.0870,0.6885,2.9605
73.0872,0.7711,3.3127
73.0874,0.7667,3.2982
73.0876,0.7457,3.2065
73.0878,0.762,3.2751
73.0880,0.7777,3.3426
73.0882,0.7815,3.3606
73.0884,0.7064,3.0388
73.0886,0.7125,3.0636
73.0888,0.7428,3.1985
73.0890,0.6879,2.9648
73.0892,0.6131,2.6411
73.0894,0.6951,2.9903
73.0896,0.6654,2.8677
73.0898,0.6174,2.661
73.0900,0.6472,2.7858
73.0902,0.694,2.9829
73.0904,0.7723,3.3163
73.0906,0.8325,3.5798
73.0908,0.8052,3.4622
73.0910,0.7065,3.0421
73.0912,0.6558,2.825
73.0914,0.6505,2.7997
73.0916,0.6968,2.9975
73.0918,0.6379,2.7519
73.0920,0.5627,2.4264
73.0922,0.5579,2.4057
73.0924,0.5554,2.3927
73.0926,0.5652,2.4373
73.0928,0.559,2.4093
73.0930,0.557,2.4016
73.0932,0.5576,2.4042
73.0934,0.5541,2.3892
73.0936,0.5536,2.3882
73.0938,0.5634,2.4295
73.0940,0.566,2.4404
73.0942,0.5552,2.3916
73.0944,0.6363,2.7375
73.0946,0.7173,3.0886
73.0948,0.5607,2.4244
73.0950,0.4466,1.9295
73.0952,0.4303,1.8591
73.0954,0.3995,1.7275
73.0956,0.3921,1.6938
73.0958,0.3992,1.7244
73.0960,0.4077,1.7579
73.0962,0.4942,2.1312
73.0964,0.4952,2.1343
73.0966,0.5426,2.3385
73.0968,0.4988,2.1538
73.0970,0.5227,2.2548
73.0972,0.5612,2.4186
73.0974,0.6041,2.6
73.0976,0.6313,2.7171
73.0978,0.6139,2.6435
73.0980,0.6471,2.7826
73.0982,0.7911,3.3924
73.0984,0.9231,3.9622
73.0986,0.8702,3.7329
73.0988,0.9008,3.8646
73.0990,0.9348,4.0046
73.0992,0.9748,4.1742
73.0994,1.0086,4.319
73.0996,0.9915,4.2515
73.0998,0.9417,4.0344
73.1000,0.9785,4.1921
73.1002,0.996,4.2691
73.1004,0.9831,4.2116
73.1006,0.9813,4.2
73.1008,0.9719,4.1697
73.1010,0.9477,4.0582
73.1012,1,4.278
73.1014,1.0597,4.5377
73.1016,1.0457,4.4818
73.1018,1.0375,4.4448
73.1020,1.0048,4.3086
73.1022,0.9073,3.8979
73.1024,0.8302,3.5666
73.1026,0.8187,3.5205
73.1028,0.7618,3.274
73.1030,0.8213,3.5252
73.1032,0.9282,3.9893
73.1034,0.7974,3.4319
73.1036,0.7158,3.0795
73.1038,0.7588,3.2581
73.1040,0.8272,3.5521
73.1042,0.8345,3.5818
73.1044,0.8309,3.5747
73.1046,0.8058,3.4648
73.1048,0.8149,3.504
73.1050,0.7814,3.357
73.1052,0.8633,3.7071
73.1054,0.8728,3.7478
73.1056,0.8715,3.7456
73.1058,0.8179,3.5152
73.1060,0.7947,3.4173
73.1062,0.8112,3.4864
73.1064,0.8121,3.4905
73.1066,0.7267,3.1294
73.1068,0.6928,2.9832
73.1070,0.7271,3.1236
73.1072,0.7886,3.3863
73.1074,0.7851,3.3777
73.1076,0.7661,3.2956
73.1078,0.7948,3.4194
73.1080,0.839,3.6059
73.1082,0.7868,3.3833
73.1084,0.7395,3.1826
73.1086,0.7323,3.1502
73.1088,0.75,3.228
73.1090,0.7464,3.2096
73.1092,0.7975,3.4308
73.1094,0.7396,3.1802
73.1096,0.7507,3.2341
73.1098,0.6464,2.7886
73.1100,0.609,2.6248
73.1102,0.6107,2.6308
73.1104,0.6155,2.649
73.1106,0.7289,3.1387
73.1108,0.72,3.1048
73.1110,0.5705,2.4612
73.1112,0.4899,2.1165
73.1114,0.5172,2.231
73.1116,0.555,2.3956
73.1118,0.482,2.0823
73.1120,0.4477,1.9324
73.1122,0.45,1.9422
73.1124,0.4462,1.9274
73.1126,0.445,1.9231
73.1128,0.446,1.926
73.1130,0.4476,1.9328
73.1132,0.4519,1.9523
73.1134,0.4486,1.9378
73.1136,0.4475,1.9322
73.1138,0.4477,1.9342
73.1140,0.4494,1.9405
73.1142,0.4541,1.9589
73.1144,0.4649,2.0082
73.1146,0.4508,1.9485
73.1148,0.445,1.9223
73.1150,0.4478,1.9329
73.1152,0.4516,1.9498
73.1154,0.4483,1.9368
73.1156,0.4544,1.9586
73.1158,0.5306,2.2868
73.1160,0.55,2.3749
73.1162,0.4742,2.0458
73.1164,0.462,1.994
73.1166,0.4974,2.1476
73.1168,0.4484,1.9355
73.1170,0.4492,1.9377
73.1172,0.4501,1.9436
73.1174,0.4471,1.9298
73.1176,0.4444,1.9179
73.1178,0.4442,1.9183
73.1180,0.4636,2.0007
73.1182,0.5215,2.2496
73.1184,0.4784,2.0658
73.1186,0.4401,1.9001
73.1188,0.4366,1.8843
73.1190,0.4445,1.9166
73.1192,0.4514,1.9475
73.1194,0.4619,1.9934
73.1196,0.4598,1.9828
73.1198,0.4603,1.9858
73.1200,0.4608,1.9897
73.1202,0.46,1.9852
73.1204,0.4596,1.9836
73.1206,0.4523,1.9484
73.1208,0.524,2.2605
73.1210,0.5436,2.341
73.1212,0.5981,2.5742
73.1214,0.5793,2.4955
73.1216,0.5604,2.4144
73.1218,0.5748,2.4763
73.1220,0.5335,2.3013
73.1222,0.5246,2.2631
73.1224,0.5221,2.248
73.1226,0.5765,2.4836
73.1228,0.5776,2.4882
73.1230,0.5776,2.4859
73.1232,0.5812,2.5014
73.1234,0.6053,2.6088
73.1236,0.5682,2.4479
73.1238,0.5835,2.51
73.1240,0.6528,2.8056
73.1242,0.7371,3.1634
73.1244,0.7916,3.3976
73.1246,0.721,3.0959
73.1248,0.765,3.2788
73.1250,0.8957,3.8407
73.1252,0.9281,3.9814
73.1254,0.8934,3.8327
73.1256,0.8296,3.5607
73.1258,0.8112,3.4815
73.1260,0.8435,3.6204
73.1262,0.8404,3.6037
73.1264,0.7678,3.3044
73.1266,0.6781,2.9211
73.1268,0.6241,2.6849
73.1270,0.6273,2.6988
73.1272,0.6574,2.8296
73.1274,0.6651,2.86
73.1276,0.703,3.0187
73.1278,0.674,2.9008
73.1280,0.5793,2.4943
73.1282,0.552,2.376
73.1284,0.5861,2.5319
73.1286,0.4353,1.8794
73.1288,0.4251,1.8329
73.1290,0.4766,2.0552
73.1292,0.5011,2.1607
73.1294,0.5157,2.2217
73.1296,0.5405,2.3254
73.1298,0.6217,2.6746
73.1300,0.6559,2.8229
73.1302,0.6793,2.9235
73.1304,0.6255,2.6923
73.1306,0.6338,2.7267
73.1308,0.6621,2.8471
73.1310,0.6468,2.7811
73.1312,0.6874,2.9545
73.1314,0.7133,3.0658
73.1316,0.7903,3.3856
73.1318,0.9308,3.9876
73.1320,0.9122,3.9135
73.1322,0.9188,3.9363
73.1324,0.9554,4.0891
73.1326,0.9773,4.1869
73.1328,0.9158,3.9326
73.1330,0.86,3.6892
73.1332,0.8698,3.7331
73.1334,0.905,3.8826
73.1336,0.9026,3.8687
73.1338,0.95,4.0679
73.1340,0.9598,4.1139
73.1342,0.959,4.1122
73.1344,0.9122,3.9135
73.1346,0.9083,3.8983
73.1348,0.8987,3.8572
73.1350,0.8823,3.7902
73.1352,0.844,3.6242
73.1354,0.8311,3.5686
73.1356,0.82,3.5196
73.1358,0.811,3.4891
73.1360,0.7508,3.2286
73.1362,0.7785,3.3446
73.1364,0.8084,3.4729
73.1366,0.8096,3.4813
73.1368,0.7725,3.3173
73.1370,0.8639,3.7027
73.1372,0.932,4.0002
73.1374,0.8504,3.6532
73.1376,0.8571,3.6837
73.1378,0.8211,3.5291
73.1380,0.7935,3.4074
73.1382,0.805,3.4617
73.1384,0.7823,3.3637
73.1386,0.7652,3.289
73.1388,0.7648,3.2854
73.1390,0.7931,3.4101
73.1392,0.7896,3.3967
73.1394,0.7927,3.407
73.1396,0.7811,3.3539
73.1398,0.7958,3.4236
73.1400,0.7112,3.0594
73.1402,0.7697,3.3034
73.1404,0.8568,3.681
73.1406,0.8148,3.5018
73.1408,0.8108,3.4864
73.1410,0.798,3.4313
73.1412,0.7602,3.2704
73.1414,0.7062,3.0425
73.1416,0.6596,2.8402
73.1418,0.7217,3.1019
73.1420,0.7484,3.2168
73.1422,0.7152,3.0798
73.1424,0.654,2.8173
73.1426,0.6648,2.8638
73.1428,0.6695,2.8817
73.1430,0.6779,2.9179
73.1432,0.6803,2.935
73.1434,0.5797,2.4998
73.1436,0.6844,2.9403
73.1438,0.8326,3.5786
73.1440,0.7462,3.2085
73.1442,0.6728,2.9011
73.1444,0.6413,2.7612
73.1446,0.7055,3.0394
73.1448,0.6712,2.889
73.1450,0.6674,2.8751
73.1452,0.6775,2.9131
73.1454,0.7008,3.0164
73.1456,0.6909,2.9736
73.1458,0.6791,2.9271
73.1460,0.6221,2.6786
73.1462,0.6185,2.6668
73.1464,0.6331,2.7261
73.1466,0.6922,2.982
73.1468,0.6869,2.9552
73.1470,0.7362,3.1643
73.1472,0.7802,3.3534
73.1474,0.7459,3.2105
73.1476,0.6795,2.9273
73.1478,0.577,2.4903
73.1480,0.5423,2.3407
73.1482,0.5433,2.3427
73.1484,0.5374,2.3152
73.1486,0.5898,2.5421
73.1488,0.6231,2.682
73.1490,0.6595,2.8371
73.1492,0.582,2.512
73.1494,0.557,2.4016
73.1496,0.5662,2.4425
73.1498,0.5538,2.3893
73.1500,0.5843,2.5113
73.1502,0.7317,3.1476
73.1504,0.6757,2.9135
73.1506,0.5506,2.3764
73.1508,0.5396,2.3266
73.1510,0.5349,2.3054
73.1512,0.5339,2.3045
73.1514,0.5255,2.2672
73.1516,0.521,2.2455
73.1518,0.5217,2.2496
73.1520,0.52,2.2434
73.1522,0.524,2.2615
73.1524,0.5229,2.2548
73.1526,0.5233,2.2563
73.1528,0.5272,2.2734
73.1530,0.5628,2.4247
73.1532,0.5687,2.45
73.1534,0.5661,2.4364
73.1536,0.6192,2.6662
73.1538,0.6488,2.7925
73.1540,0.6817,2.9352
73.1542,0.6357,2.7388
73.1544,0.6313,2.7171
73.1546,0.6333,2.7297
73.1548,0.6438,2.7721
73.1550,0.6806,2.9279
73.1552,0.6621,2.8497
73.1554,0.6582,2.8314
73.1556,0.6713,2.8895
73.1558,0.6854,2.9512
73.1560,0.668,2.8764
73.1562,0.6875,2.955
73.1564,0.6998,3.0104
73.1566,0.7032,3.0225
73.1568,0.7692,3.3044
73.1570,0.7697,3.3111
73.1572,0.6718,2.8929
73.1574,0.6275,2.7044
73.1576,0.5829,2.5098
73.1578,0.577,2.4903
73.1580,0.5018,2.1668
73.1582,0.4783,2.0624
73.1584,0.4766,2.0571
73.1586,0.4752,2.0509
73.1588,0.4782,2.0648
73.1590,0.4811,2.0753
73.1592,0.4723,2.0366
73.1594,0.4766,2.0561
73.1596,0.5215,2.2506
73.1598,0.4909,2.1177
73.1600,0.492,2.1194
73.1602,0.5486,2.3621
73.1604,0.5693,2.4537
73.1606,0.4781,2.0652
73.1608,0.4114,1.7772
73.1610,0.4006,1.7298
73.1612,0.3922,1.6936
73.1614,0.3923,1.6949
73.1616,0.4183,1.8073
73.1618,0.3963,1.7112
73.1620,0.3735,1.6128
73.1622,0.3999,1.7267
73.1624,0.4179,1.8027
73.1626,0.4526,1.9527
73.1628,0.4944,2.1317
73.1630,0.5273,2.275
73.1632,0.5053,2.1757
73.1634,0.5847,2.514
73.1636,0.6534,2.8081
73.1638,0.6556,2.8166
73.1640,0.7186,3.0899
73.1642,0.7146,3.0686
73.1644,0.7905,3.3945
73.1646,0.8251,3.5428
73.1648,0.8922,3.8222
73.1650,0.9495,4.0678
73.1652,0.971,4.1597
73.1654,0.9407,4.0279
73.1656,0.957,4.0958
73.1658,0.9829,4.2106
73.1660,0.98,4.1982
73.1662,0.93,3.9859
73.1664,0.9414,4.031
73.1666,1.0072,4.3148
73.1668,0.9848,4.2168
73.1670,0.9618,4.1221
73.1672,1.0149,4.3416
73.1674,1.0967,4.6937
73.1676,1.0903,4.6643
73.1678,1.0824,4.6304
73.1680,1.1035,4.7207
73.1682,1.0471,4.4901
73.1684,0.9853,4.2248
73.1686,0.9336,4.0013
73.1688,0.9462,4.0534
73.1690,0.9692,4.1617
73.1692,0.8711,3.744
73.1694,0.8307,3.5637
73.1696,0.8763,3.7574
73.1698,0.9188,3.9418
73.1700,0.9387,4.0272
73.1702,0.954,4.0868
73.1704,0.9748,4.1762
73.1706,1.0555,4.5197
73.1708,1.0935,4.6825
73.1710,1.1079,4.7463
73.1712,1,4.286
73.1714,0.9995,4.286
73.1716,0.9327,4.0015
73.1718,0.9241,3.9644
73.1720,0.9302,3.9962
73.1722,0.8338,3.5854
73.1724,0.8302,3.5666
73.1726,0.8233,3.54
73.1728,0.78,3.3524
73.1730,0.7729,3.325
73.1732,0.7439,3.1987
73.1734,0.7474,3.2137
73.1736,0.7317,3.152
73.1738,0.6898,2.9703
73.1740,0.7305,3.1439
73.1742,0.6944,2.99
73.1744,0.6603,2.8486
73.1746,0.5971,2.576
73.1748,0.5893,2.5377
73.1750,0.6395,2.7522
73.1752,0.6721,2.8939
73.1754,0.6775,2.9199
73.1756,0.6128,2.6425
73.1758,0.5987,2.5791
73.1760,0.6029,2.5972
73.1762,0.6067,2.6174
73.1764,0.5988,2.582
73.1766,0.5743,2.4731
73.1768,0.6844,2.9471
73.1770,0.6941,2.9917
73.1772,0.57,2.4637
73.1774,0.4808,2.0743
73.1776,0.5383,2.322
73.1778,0.545,2.351
73.1780,0.5158,2.2263
73.1782,0.4523,1.9539
73.1784,0.4436,1.9157
73.1786,0.451,1.9491
73.1788,0.4553,1.9668
73.1790,0.4584,1.9812
73.1792,0.4454,1.9243
73.1794,0.4456,1.9231
73.1796,0.4462,1.9248
73.1798,0.4561,1.9686
73.1800,0.4486,1.9369
73.1802,0.4548,1.9647
73.1804,0.4633,2.0006
73.1806,0.4634,2.0002
73.1808,0.4613,1.9918
73.1810,0.459,1.9829
73.1812,0.4548,1.9638
73.1814,0.4531,1.9557
73.1816,0.5026,2.1684
73.1818,0.4719,2.0379
73.1820,0.467,2.0157
73.1822,0.4414,1.9067
73.1824,0.4456,1.9231
73.1826,0.4568,1.9699
73.1828,0.515,2.2186
73.1830,0.5788,2.4957
73.1832,0.5252,2.2646
73.1834,0.4947,2.1343
73.1836,0.4634,2.0002
73.1838,0.4912,2.1183
73.1840,0.5409,2.3302
73.1842,0.5693,2.4526
73.1844,0.5699,2.4563
73.1846,0.5636,2.4289
73.1848,0.5646,2.4324
73.1850,0.5765,2.4824
73.1852,0.5915,2.547
73.1854,0.5999,2.5879
73.1856,0.5627,2.4264
73.1858,0.5324,2.2935
73.1860,0.5392,2.3229
73.1862,0.5781,2.4914
73.1864,0.5805,2.4983
73.1866,0.6311,2.7161
73.1868,0.6622,2.8463
73.1870,0.7724,3.3168
73.1872,0.7624,3.2797
73.1874,0.7178,3.0878
73.1876,0.6678,2.8767
73.1878,0.5567,2.3983
73.1880,0.5643,2.4275
73.1882,0.639,2.7476
73.1884,0.6747,2.9039
73.1886,0.6719,2.8907
73.1888,0.6814,2.9274
73.1890,0.7691,3.3008
73.1892,0.7806,3.3565
73.1894,0.702,3.0202
73.1896,0.661,2.8438
73.1898,0.716,3.0743
73.1900,0.7896,3.3904
73.1902,0.7535,3.2415
73.1904,0.6529,2.8126
73.1906,0.5879,2.5315
73.1908,0.5715,2.4665
73.1910,0.4923,2.1249
73.1912,0.4795,2.0686
73.1914,0.4769,2.0553
73.1916,0.4787,2.0649
73.1918,0.4637,2.0003
73.1920,0.4585,1.9799
73.1922,0.4619,1.9925
73.1924,0.4685,2.02
73.1926,0.4691,2.0236
73.1928,0.4682,2.0171
73.1930,0.5452,2.3509
73.1932,0.5134,2.2129
73.1934,0.5082,2.1922
73.1936,0.4136,1.7841
73.1938,0.3903,1.6853
73.1940,0.3867,1.6705
73.1942,0.3886,1.6796
73.1944,0.3912,1.6894
73.1946,0.3863,1.6682
73.1948,0.3861,1.6664
73.1950,0.3917,1.6915
73.1952,0.3953,1.7054
73.1954,0.4096,1.767
73.1956,0.4433,1.9123
73.1958,0.5005,2.1581
73.1960,0.5228,2.2532
73.1962,0.4984,2.1473
73.1964,0.5578,2.3985
73.1966,0.6797,2.9242
73.1968,0.6507,2.7955
73.1970,0.7197,3.0888
73.1972,0.7907,3.3935
73.1974,0.8094,3.4705
73.1976,0.811,3.4875
73.1978,0.7302,3.1312
73.1980,0.9131,3.908
73.1982,0.9788,4.1872
73.1984,0.9806,4.1969
73.1986,0.9914,4.2451
73.1988,0.9836,4.2156
73.1990,0.9624,4.1227
73.1992,0.967,4.1408
73.1994,0.9579,4.1037
73.1996,0.877,3.7658
73.1998,0.8041,3.4511
73.2000,0.826,3.5387
73.2002,0.866,3.7184
73.2004,0.8279,3.5568
73.2006,0.829,3.5598
73.2008,0.8018,3.4413
73.2010,0.8209,3.5265
73.2012,0.8315,3.5656
73.2014,0.8879,3.8055
73.2016,0.8779,3.7716
73.2018,0.8408,3.612
73.2020,0.8101,3.4801
73.2022,0.7481,3.2153
73.2024,0.7848,3.3683
73.2026,0.8591,3.6839
73.2028,0.895,3.8394
73.2030,0.8614,3.6919
73.2032,0.9096,3.9022
73.2034,0.8717,3.7449
73.2036,0.8481,3.64
73.2038,0.8566,3.6748
73.2040,0.8916,3.8268
73.2042,0.8947,3.8402
73.2044,0.8811,3.7815
73.2046,0.7931,3.4069
73.2048,0.7706,3.3122
73.2050,0.8108,3.4816
73.2052,0.8434,3.6216
73.2054,0.8381,3.6006
73.2056,0.8373,3.597
73.2058,0.8399,3.6084
73.2060,0.8001,3.4357
73.2062,0.8086,3.4739
73.2064,0.8384,3.6017
73.2066,0.8435,3.6255
73.2068,0.8408,3.612
73.2070,0.8285,3.5561
73.2072,0.9002,3.8621
73.2074,0.9052,3.8813
73.2076,0.8905,3.824
73.2078,0.8566,3.6765
73.2080,0.9173,3.9351
73.2082,0.942,4.0411
73.2084,0.8586,3.6904
73.2086,0.7628,3.2832
73.2088,0.7594,3.2668
73.2090,0.7541,3.2426
73.2092,0.7731,3.323
73.2094,0.8096,3.4797
73.2096,0.8638,3.7126
73.2098,0.7508,3.2391
73.2100,0.5664,2.4413
73.2102,0.5712,2.4666
73.2104,0.5012,2.1632
73.2106,0.5293,2.2822
73.2108,0.5426,2.3385
73.2110,0.5374,2.3184
73.2112,0.5414,2.3366
73.2114,0.5404,2.3313
73.2116,0.5362,2.3143
73.2118,0.5336,2.3029
73.2120,0.523,2.2553
73.2122,0.5265,2.2703
73.2124,0.5267,2.2713
73.2126,0.5276,2.2718
73.2128,0.5999,2.5843
73.2130,0.5886,2.5405
73.2132,0.542,2.3359
73.2134,0.5936,2.5563
73.2136,0.6218,2.6826
73.2138,0.5624,2.426
73.2140,0.5323,2.294
73.2142,0.5336,2.2997
73.2144,0.5712,2.4643
73.2146,0.5404,2.3292
73.2148,0.5333,2.3008
73.2150,0.5369,2.3153
73.2152,0.5339,2.3023
73.2154,0.544,2.3425
73.2156,0.5699,2.4574
73.2158,0.5725,2.4619
73.2160,0.6838,2.9473
73.2162,0.5626,2.427
73.2164,0.5331,2.3008
73.2166,0.5288,2.2801
73.2168,0.5324,2.2956
73.2170,0.5494,2.3679
73.2172,0.5872,2.5331
73.2174,0.5317,2.2936
73.2176,0.5251,2.2641
73.2178,0.5284,2.2786
73.2180,0.5367,2.3132
73.2182,0.5357,2.3122
73.2184,0.5215,2.2496
73.2186,0.5206,2.2439
73.2188,0.5241,2.2599
73.2190,0.526,2.2672
73.2192,0.5686,2.4472
73.2194,0.5829,2.5133
73.2196,0.5379,2.3183
73.2198,0.6011,2.5883
73.2200,0.661,2.8425
73.2202,0.6863,2.9512
73.2204,0.7248,3.1196
73.2206,0.657,2.8276
73.2208,0.6366,2.7398
73.2210,0.6375,2.7452
73.2212,0.6241,2.6874
73.2214,0.6752,2.906
73.2216,0.6812,2.9291
73.2218,0.7469,3.2086
73.2220,0.7699,3.3075
73.2222,0.7477,3.2137
73.2224,0.7562,3.2473
73.2226,0.8178,3.5147
73.2228,0.7589,3.2647
73.2230,0.7389,3.1712
73.2232,0.8211,3.5258
73.2234,0.888,3.8131
73.2236,0.9,3.8646
73.2238,0.8257,3.5421
73.2240,0.8566,3.6748
73.2242,0.8516,3.6634
73.2244,0.7029,3.0294
73.2246,0.6118,2.6367
73.2248,0.6254,2.6906
73.2250,0.7025,3.0237
73.2252,0.651,2.8044
73.2254,0.6156,2.652
73.2256,0.582,2.5073
73.2258,0.6267,2.7
73.2260,0.5853,2.5236
73.2262,0.5066,2.1855
73.2264,0.5139,2.217
73.2266,0.549,2.3686
73.2268,0.5255,2.2651
73.2270,0.5805,2.4995
73.2272,0.6296,2.7099
73.2274,0.6516,2.8017
73.2276,0.6429,2.7685
73.2278,0.5885,2.5435
73.2280,0.439,1.8972
73.2282,0.4134,1.7844
73.2284,0.4445,1.9157
73.2286,0.5421,2.3353
73.2288,0.6149,2.6452
73.2290,0.653,2.8105
73.2292,0.6411,2.7569
73.2294,0.7137,3.0717
73.2296,0.6821,2.9359
73.2298,0.6884,2.9641
73.2300,0.6469,2.7816
73.2302,0.6496,2.7935
73.2304,0.7207,3.0978
73.2306,0.7224,3.1035
73.2308,0.7723,3.3101
73.2310,0.894,3.8317
73.2312,0.9664,4.1402
73.2314,0.9819,4.2065
73.2316,0.9362,4.0164
73.2318,0.9022,3.8721
73.2320,0.8368,3.5916
73.2322,0.8793,3.7703
73.2324,0.9061,3.8873
73.2326,0.9371,4.0218
73.2328,0.9194,3.9444
73.2330,0.8986,3.8531
73.2332,0.9619,4.1245
73.2334,0.9554,4.0987
73.2336,0.9253,3.964
73.2338,0.9654,4.1414
73.2340,0.8676,3.7256
73.2342,0.8254,3.546
73.2344,0.8265,3.5523
73.2346,0.8472,3.6347
73.2348,0.85,3.6516
73.2350,0.792,3.4007
73.2352,0.8718,3.7436
73.2354,0.856,3.6791
73.2356,0.8042,3.4629
73.2358,0.6953,2.9927
73.2360,0.7,3.0086
73.2362,0.7447,3.2023
73.2364,0.741,3.1878
73.2366,0.7209,3.0968
73.2368,0.7934,3.4085
73.2370,0.7935,3.4138
73.2372,0.7464,3.2155
73.2374,0.6881,2.9617
73.2376,0.6818,2.9357
73.2378,0.6883,2.9622
73.2380,0.6928,2.9805
73.2382,0.7278,3.1296
73.2384,0.7013,3.0171
73.2386,0.7175,3.0839
73.2388,0.8559,3.6769
73.2390,0.7391,3.1899
73.2392,0.5806,2.5011
73.2394,0.5957,2.5662
73.2396,0.6243,2.6897
73.2398,0.6233,2.685
73.2400,0.6573,2.8317
73.2402,0.6308,2.7163
73.2404,0.6836,2.9421
73.2406,0.6715,2.89
73.2408,0.6971,3.0018
73.2410,0.6869,2.9579
73.2412,0.7104,3.0563
73.2414,0.6913,2.9738
73.2416,0.6482,2.7938
73.2418,0.6026,2.5962
73.2420,0.6419,2.7651
73.2422,0.6377,2.7496
73.2424,0.6577,2.832
73.2426,0.674,2.9035
73.2428,0.6199,2.6743
73.2430,0.5383,2.322
73.2432,0.5654,2.4355
73.2434,0.5995,2.5804
73.2436,0.6178,2.6588
73.2438,0.6501,2.8007
73.2440,0.6091,2.6289
73.2442,0.5631,2.4268
73.2444,0.5727,2.4705
73.2446,0.5239,2.2589
73.2448,0.5462,2.354
73.2450,0.538,2.3199
73.2452,0.5753,2.4784
73.2454,0.6381,2.7504
73.2456,0.6189,2.6652
73.2458,0.6934,2.9886
73.2460,0.6103,2.6292
73.2462,0.6054,2.6105
73.2464,0.5257,2.2688
73.2466,0.4651,2.0065
73.2468,0.4675,2.0159
73.2470,0.5385,2.3209
73.2472,0.5907,2.5481
73.2474,0.5592,2.4103
73.2476,0.5579,2.4069
73.2478,0.4881,2.1078
73.2480,0.4379,1.8899
73.2482,0.4843,2.0893
73.2484,0.5277,2.2733
73.2486,0.5459,2.3529
73.2488,0.5848,2.5216
73.2490,0.5626,2.4248
73.2492,0.5502,2.3694
73.2494,0.5432,2.3411
73.2496,0.5451,2.3493
73.2498,0.5695,2.4536
73.2500,0.5252,2.2656
73.2502,0.4616,1.9915
73.2504,0.4645,2.0058
73.2506,0.4626,1.9966
73.2508,0.4577,1.9762
73.2510,0.4548,1.9629
73.2512,0.4568,1.9708
73.2514,0.4589,1.9796
73.2516,0.4571,1.9718
73.2518,0.4552,1.9636
73.2520,0.4486,1.9351
73.2522,0.4432,1.9136
73.2524,0.4416,1.9069
73.2526,0.4624,1.9927
73.2528,0.5186,2.2351
73.2530,0.5701,2.4528
73.2532,0.6697,2.8796
73.2534,0.6594,2.8339
73.2536,0.6267,2.6962
73.2538,0.5947,2.5621
73.2540,0.565,2.4329
73.2542,0.562,2.4199
73.2544,0.5666,2.4407
73.2546,0.5627,2.4242
73.2548,0.5681,2.4429
73.2550,0.671,2.8839
73.2552,0.7001,3.0063
73.2554,0.7658,3.287
73.2556,0.7336,3.1588
73.2558,0.6124,2.6405
73.2560,0.573,2.4674
73.2562,0.5994,2.581
73.2564,0.5753,2.4773
73.2566,0.577,2.4856
73.2568,0.5698,2.4535
73.2570,0.5878,2.531
73.2572,0.6012,2.5864
73.2574,0.6294,2.7114
73.2576,0.613,2.6394
73.2578,0.5832,2.5113
73.2580,0.5729,2.4658
73.2582,0.5723,2.4678
73.2584,0.5243,2.2599
73.2586,0.4847,2.0898
73.2588,0.5096,2.1964
73.2590,0.5254,2.2635
73.2592,0.4938,2.1311
73.2594,0.4005,1.7301
73.2596,0.3906,1.6868
73.2598,0.3856,1.6651
73.2600,0.3842,1.6581
73.2602,0.3785,1.6338
73.2604,0.3921,1.6907
73.2606,0.4054,1.7505
73.2608,0.403,1.741
73.2610,0.4058,1.7504
73.2612,0.4223,1.8227
73.2614,0.4269,1.8398
73.2616,0.4781,2.0585
73.2618,0.5459,2.3508
73.2620,0.5377,2.3151
73.2622,0.5396,2.3202
73.2624,0.6378,2.7437
73.2626,0.6544,2.8141
73.2628,0.6658,2.8604
73.2630,0.7102,3.0524
73.2632,0.7468,3.2036
73.2634,0.7982,3.4211
73.2636,0.8797,3.7671
73.2638,0.9606,4.1131
73.2640,1.0005,4.2861
73.2642,0.9092,3.8988
73.2644,0.8712,3.7393
73.2646,0.8496,3.6416
73.2648,0.9303,3.9819
73.2650,0.9964,4.2646
73.2652,0.9839,4.2054
73.2654,1.0731,4.5866
73.2656,1.1375,4.8596
73.2658,1.1438,4.8839
73.2660,1.1722,5.0076
73.2662,1.1673,4.9889
73.2664,1.1514,4.9167
73.2666,1.1663,4.9988
73.2668,0.9476,4.0615
73.2670,0.9787,4.1946
73.2672,0.9862,4.2289
73.2674,0.9624,4.1208
73.2676,1.0024,4.2983
73.2678,0.9197,3.9435
73.2680,0.9138,3.9165
73.2682,0.9089,3.8973
73.2684,0.9148,3.9243
73.2686,0.8785,3.7707
73.2688,0.8755,3.7526
73.2690,0.9309,3.9937
73.2692,0.9444,4.0495
73.2694,0.9501,4.0703
73.2696,0.9672,4.1452
73.2698,0.9826,4.2095
73.2700,1.0229,4.3821
73.2702,0.9932,4.2567
73.2704,0.9824,4.2183
73.2706,0.9089,3.9009
73.2708,0.9366,4.0123
73.2710,0.9472,4.0694
73.2712,0.8301,3.5694
73.2714,0.7706,3.3122
73.2716,0.7869,3.3791
73.2718,0.8289,3.5626
73.2720,0.8558,3.6763
73.2722,0.8633,3.7036
73.2724,0.8751,3.7523
73.2726,0.9747,4.1834
73.2728,0.8795,3.7766
73.2730,0.8642,3.7141
73.2732,0.8038,3.4533
73.2734,0.813,3.4925
73.2736,0.8675,3.7268
73.2738,0.8289,3.5593
73.2740,0.8182,3.5151
73.2742,0.7808,3.3575
73.2744,0.7654,3.2925
73.2746,0.7154,3.0803
73.2748,0.665,2.8661
73.2750,0.6909,2.975
73.2752,0.7002,3.0125
73.2754,0.7494,3.2194
73.2756,0.8303,3.5755
73.2758,0.6471,2.7878
73.2760,0.6016,2.5915
73.2762,0.621,2.6752
73.2764,0.638,2.7473
73.2766,0.6288,2.7138
73.2768,0.5447,2.351
73.2770,0.5333,2.3019
73.2772,0.5309,2.2894
73.2774,0.5343,2.305
73.2776,0.5854,2.523
73.2778,0.567,2.445
73.2780,0.5362,2.3132
73.2782,0.5343,2.306
73.2784,0.5362,2.3132
73.2786,0.5363,2.3105
73.2788,0.6428,2.7641
73.2790,0.6666,2.8728
73.2792,0.5969,2.5762
73.2794,0.5339,2.3023
73.2796,0.5295,2.2843
73.2798,0.5258,2.2682
73.2800,0.5239,2.2579
73.2802,0.5217,2.2496
73.2804,0.5276,2.2749
73.2806,0.5284,2.2796
73.2808,0.5341,2.3028
73.2810,0.5571,2.4021
73.2812,0.5422,2.338
73.2814,0.5469,2.3604
73.2816,0.5471,2.3603
73.2818,0.5425,2.3358
73.2820,0.6505,2.7984
73.2822,0.7195,3.0941
73.2824,0.7173,3.0871
73.2826,0.6216,2.679
73.2828,0.6148,2.6496
73.2830,0.6516,2.8043
73.2832,0.6578,2.8325
73.2834,0.6636,2.8573
73.2836,0.6915,2.9748
73.2838,0.7017,3.0186
73.2840,0.6922,2.9751
73.2842,0.7752,3.3348
73.2844,0.7219,3.1073
73.2846,0.6398,2.7576
73.2848,0.6428,2.7679
73.2850,0.6832,2.9419
73.2852,0.709,3.0459
73.2854,0.7839,3.3725
73.2856,0.6631,2.8552
73.2858,0.6824,2.9315
73.2860,0.7529,3.2344
73.2862,0.7309,3.1474
73.2864,0.6914,2.9784
73.2866,0.6513,2.8033
73.2868,0.6363,2.7388
73.2870,0.6433,2.77
73.2872,0.6742,2.9032
73.2874,0.6354,2.7321
73.2876,0.7053,3.0327
73.2878,0.7541,3.2441
73.2880,0.7161,3.082
73.2882,0.7091,3.0492
73.2884,0.7212,3.1027
73.2886,0.7561,3.2453
73.2888,0.776,3.3369
73.2890,0.692,2.9782
73.2892,0.6723,2.8909
73.2894,0.6855,2.949
73.2896,0.6634,2.8581
73.2898,0.6448,2.7767
73.2900,0.6442,2.7728
73.2902,0.6468,2.7863
73.2904,0.6516,2.8069
73.2906,0.6366,2.7424
73.2908,0.5885,2.5352
73.2910,0.5759,2.4833
73.2912,0.5701,2.4596
73.2914,0.5601,2.4139
73.2916,0.5701,2.4585
73.2918,0.5132,2.2108
73.2920,0.5855,2.5235
73.2922,0.546,2.3535
73.2924,0.4987,2.1523
73.2926,0.521,2.2475
73.2928,0.4842,2.0897
73.2930,0.4637,2.0021
73.2932,0.467,2.0176
73.2934,0.4651,2.0065
73.2936,0.4737,2.0428
73.2938,0.4938,2.1281
73.2940,0.5108,2.2015
73.2942,0.5704,2.4584
73.2944,0.547,2.3598
73.2946,0.4939,2.1326
73.2948,0.4886,2.1079
73.2950,0.5309,2.2883
73.2952,0.5373,2.3114
73.2954,0.6393,2.7555
73.2956,0.5957,2.5615
73.2958,0.6586,2.8321
73.2960,0.6459,2.7801
73.2962,0.6543,2.8123
73.2964,0.711,3.0575
73.2966,0.7777,3.3395
73.2968,0.8968,3.8436
73.2970,0.919,3.9405
73.2972,0.9025,3.8664
73.2974,0.9676,4.1453
73.2976,0.9702,4.1581
73.2978,0.9766,4.1858
73.2980,0.9897,4.2438
73.2982,0.9307,3.9909
73.2984,0.9548,4.0904
73.2986,0.973,4.1685
73.2988,1.0272,4.4006
73.2990,0.9883,4.2337
73.2992,1.0044,4.301
73.2994,1.0136,4.3441
73.2996,1.0026,4.2993
73.2998,1.0016,4.2847
73.3000,1.0637,4.5717
73.3002,0.879,3.7745
73.3004,0.9125,3.909
73.3006,0.9291,3.9916
73.3008,0.7966,3.4256
73.3010,0.7646,3.2864
73.3012,0.723,3.1134
73.3014,0.7074,3.0462
73.3016,0.7058,3.0362
73.3018,0.6984,3.0019
73.3020,0.7336,3.1515
73.3022,0.7996,3.4321
73.3024,0.8809,3.7863
73.3026,0.8397,3.6056
73.3028,0.8319,3.5755
73.3030,0.8209,3.5281
73.3032,0.8096,3.4797
73.3034,0.7454,3.2084
73.3036,0.6747,2.9026
73.3038,0.6962,2.9949
73.3040,0.6998,3.0132
73.3042,0.6878,2.9643
73.3044,0.6604,2.8438
73.3046,0.6722,2.8931
73.3048,0.6886,2.9597
73.3050,0.766,3.2936
73.3052,0.7709,3.3178
73.3054,0.7178,3.0849
73.3056,0.7493,3.2234
73.3058,0.7167,3.0846
73.3060,0.7314,3.1466
73.3062,0.7794,3.3513
73.3064,0.7307,3.1479
73.3066,0.6168,2.6571
73.3068,0.655,2.818
73.3070,0.7462,3.2085
73.3072,0.7532,3.2374
73.3074,0.7751,3.339
73.3076,0.7024,3.0217
73.3078,0.7061,3.0349
73.3080,0.7661,3.2956
73.3082,0.7512,3.2317
73.3084,0.7483,3.2148
73.3086,0.7626,3.2853
73.3088,0.5777,2.4922
73.3090,0.5155,2.2237
73.3092,0.5104,2.2041
73.3094,0.511,2.2026
73.3096,0.5668,2.444
73.3098,0.5722,2.4707
73.3100,0.5047,2.1782
73.3102,0.485,2.0933
73.3104,0.4862,2.0985
73.3106,0.4952,2.1383
73.3108,0.5453,2.3504
73.3110,0.5566,2.4012
73.3112,0.5127,2.2129
73.3114,0.4904,2.1186
73.3116,0.4261,1.8401
73.3118,0.4529,1.9528
73.3120,0.5589,2.4099
73.3122,0.498,2.1502
73.3124,0.4758,2.0554
73.3126,0.4634,2.0002
73.3128,0.452,1.951
73.3130,0.4441,1.9177
73.3132,0.4721,2.0346
73.3134,0.4966,2.1425
73.3136,0.4526,1.9536
73.3138,0.4436,1.9157
73.3140,0.4512,1.9483
73.3142,0.4493,1.9373
73.3144,0.4522,1.9533
73.3146,0.4463,1.9262
73.3148,0.4466,1.9268
73.3150,0.483,2.0826
73.3152,0.5329,2.2966
73.3154,0.5073,2.1876
73.3156,0.4511,1.9469
73.3158,0.4459,1.9264
73.3160,0.4466,1.9277
73.3162,0.4478,1.9338
73.3164,0.4483,1.9368
73.3166,0.4458,1.9241
73.3168,0.4435,1.9134
73.3170,0.4474,1.9308
73.3172,0.4448,1.92
73.3174,0.4597,1.9823
73.3176,0.4505,1.9434
73.3178,0.4444,1.9152
73.3180,0.4827,2.0816
73.3182,0.5107,2.2041
73.3184,0.4766,2.0561
73.3186,0.4652,2.0061
73.3188,0.447,1.9284
73.3190,0.4399,1.8979
73.3192,0.5014,2.1572
73.3194,0.6477,2.7839
73.3196,0.677,2.9151
73.3198,0.6144,2.6443
73.3200,0.6118,2.6367
73.3202,0.5643,2.4298
73.3204,0.5896,2.5387
73.3206,0.5655,2.4372
73.3208,0.5608,2.4125
73.3210,0.6359,2.7355
73.3212,0.6158,2.6493
73.3214,0.6937,2.9799
73.3216,0.7501,3.2225
73.3218,0.7421,3.1895
73.3220,0.7938,3.41
73.3222,0.6987,3.0085
73.3224,0.5903,2.543
73.3226,0.5679,2.4464
73.3228,0.6067,2.6113
73.3230,0.6058,2.6096
73.3232,0.5873,2.5289
73.3234,0.6019,2.5907
73.3236,0.6007,2.5867
73.3238,0.6168,2.6547
73.3240,0.6838,2.9418
73.3242,0.6407,2.7561
73.3244,0.6265,2.6927
73.3246,0.6945,2.9821
73.3248,0.7464,3.2081
73.3250,0.7297,3.1364
73.3252,0.7567,3.2494
73.3254,0.7649,3.289
73.3256,0.6656,2.8687
73.3258,0.5939,2.5537
73.3260,0.5868,2.5315
73.3262,0.521,2.2465
73.3264,0.5386,2.3214
73.3266,0.5108,2.2005
73.3268,0.5113,2.2036
73.3270,0.5612,2.4152
73.3272,0.5881,2.5313
73.3274,0.598,2.5748
73.3276,0.5706,2.4594
73.3278,0.5161,2.2232
73.3280,0.542,2.3381
73.3282,0.506,2.1788
73.3284,0.5624,2.4215
73.3286,0.5885,2.5317
73.3288,0.648,2.7888
73.3290,0.6097,2.6218
73.3292,0.6688,2.8706
73.3294,0.7577,3.258
73.3296,0.7273,3.1247
73.3298,0.807,3.4619
73.3300,0.8381,3.5956
73.3302,0.8478,3.6373
73.3304,0.8957,3.8443
73.3306,0.7903,3.3951
73.3308,0.7492,3.2139
73.3310,0.8414,3.6061
73.3312,0.9113,3.9057
73.3314,0.9452,4.0455
73.3316,1.0004,4.2856
73.3318,0.9879,4.2322
73.3320,0.9963,4.2661
73.3322,1.0058,4.3006
73.3324,1.0604,4.5366
73.3326,1.0146,4.3447
73.3328,0.9618,4.124
73.3330,0.9592,4.1132
73.3332,0.9734,4.1719
73.3334,0.9146,3.9256
73.3336,0.8291,3.5587
73.3338,0.7824,3.3595
73.3340,0.8261,3.5491
73.3342,0.8217,3.5284
73.3344,0.8148,3.5002
73.3346,0.8549,3.6693
73.3348,0.8901,3.8219
73.3350,0.853,3.6628
73.3352,0.804,3.4538
73.3354,0.8212,3.5231
73.3356,0.8616,3.7033
73.3358,0.8162,3.5064
73.3360,0.8452,3.6276
73.3362,0.8717,3.7431
73.3364,0.8752,3.758
73.3366,0.8496,3.6484
73.3368,0.7993,3.4305
73.3370,0.8068,3.4678
73.3372,0.7931,3.4101
73.3374,0.7929,3.4128
73.3376,0.7534,3.2364
73.3378,0.8478,3.6407
73.3380,0.873,3.747
73.3382,0.8648,3.7167
73.3384,0.7651,3.29
73.3386,0.7832,3.3694
73.3388,0.7307,3.1435
73.3390,0.7494,3.2239
73.3392,0.7771,3.3415
73.3394,0.758,3.2581
73.3396,0.7452,3.2014
73.3398,0.7904,3.3956
73.3400,0.8361,3.5885
73.3402,0.8258,3.5476
73.3404,0.7779,3.3467
73.3406,0.757,3.261
73.3408,0.6758,2.9099
73.3410,0.6586,2.8348
73.3412,0.6788,2.9228
73.3414,0.6926,2.9836
73.3416,0.6327,2.7246
73.3418,0.6368,2.7409
73.3420,0.6975,3.0062
73.3422,0.6133,2.6434
73.3424,0.5998,2.5862
73.3426,0.5769,2.4851
73.3428,0.615,2.6482
73.3430,0.6608,2.8467
73.3432,0.6651,2.864
73.3434,0.6591,2.8382
73.3436,0.6535,2.8139
73.3438,0.6769,2.9132
73.3440,0.7005,3.0135
73.3442,0.7164,3.0807
73.3444,0.7188,3.0967
73.3446,0.6407,2.7625
73.3448,0.6176,2.6595
73.3450,0.6579,2.829
73.3452,0.6953,2.9941
73.3454,0.6999,3.0123
73.3456,0.6998,3.0104
73.3458,0.6965,2.9979
73.3460,0.721,3.1031
73.3462,0.726,3.1219
73.3464,0.6911,2.9802
73.3466,0.5694,2.4565
73.3468,0.5447,2.35
73.3470,0.546,2.3556
73.3472,0.5531,2.3806
73.3474,0.5869,2.532
73.3476,0.5418,2.3365
73.3478,0.538,2.3199
73.3480,0.5444,2.3451
73.3482,0.6251,2.6878
73.3484,0.7321,3.1467
73.3486,0.8036,3.4587
73.3488,0.6877,2.961
73.3490,0.6037,2.602
73.3492,0.5331,2.2987
73.3494,0.5243,2.262
73.3496,0.5225,2.2522
73.3498,0.5258,2.2672
73.3500,0.5318,2.292
73.3502,0.5267,2.2734
73.3504,0.5191,2.2393
73.3506,0.5195,2.2403
73.3508,0.5206,2.2449
73.3510,0.5242,2.2605
73.3512,0.5279,2.2765
73.3514,0.5222,2.2527
73.3516,0.5425,2.3369
73.3518,0.6218,2.6751
73.3520,0.6468,2.7837
73.3522,0.6516,2.803
73.3524,0.6854,2.9485
73.3526,0.7239,3.1112
73.3528,0.7541,3.2395
73.3530,0.7294,3.1363
73.3532,0.6862,2.9535
73.3534,0.7176,3.0844
73.3536,0.73,3.1404
73.3538,0.7084,3.0461
73.3540,0.7791,3.3488
73.3542,0.7889,3.3873
73.3544,0.7873,3.3854
73.3546,0.7686,3.3034
73.3548,0.7638,3.2797
73.3550,0.8243,3.5364
73.3552,0.8261,3.5541
73.3554,0.7721,3.3214
73.3556,0.7672,3.2957
73.3558,0.8121,3.484
73.3560,0.8972,3.8474
73.3562,0.9133,3.9181
73.3564,0.8716,3.7443
73.3566,0.7607,3.2679
73.3568,0.7867,3.3844
73.3570,0.7625,3.2786
73.3572,0.7639,3.2833
73.3574,0.7458,3.2115
73.3576,0.6602,2.8441
73.3578,0.6584,2.8337
73.3580,0.6178,2.6637
73.3582,0.5705,2.4577
73.3584,0.6222,2.6854
73.3586,0.5024,2.1694
73.3588,0.4282,1.8515
73.3590,0.3922,1.6951
73.3592,0.3903,1.6868
73.3594,0.3881,1.6767
73.3596,0.3853,1.6635
73.3598,0.3886,1.6788
73.3600,0.3903,1.6868
73.3602,0.4299,1.8587
73.3604,0.3778,1.6337
73.3606,0.373,1.6107
73.3608,0.3998,1.7262
73.3610,0.4107,1.7741
73.3612,0.424,1.8308
73.3614,0.4664,2.0103
73.3616,0.5329,2.2955
73.3618,0.5867,2.5275
73.3620,0.6386,2.7448
73.3622,0.679,2.9198
73.3624,0.718,3.0845
73.3626,0.7926,3.4017
73.3628,0.8511,3.6478
73.3630,0.8827,3.787
73.3632,0.908,3.8919
73.3634,0.9522,4.0772
73.3636,0.9748,4.1781
73.3638,0.9775,4.1914
73.3640,0.9687,4.1538
73.3642,0.9546,4.0874
73.3644,0.9657,4.139
73.3646,0.9883,4.2396
73.3648,0.9506,4.0648
73.3650,1.0933,4.6705
73.3652,1.1736,5.0208
73.3654,1.108,4.7402
73.3656,1.1125,4.757
73.3658,1.0911,4.6679
73.3660,1.1257,4.8179
73.3662,1.1287,4.8352
73.3664,0.9937,4.2608
73.3666,0.9519,4.0895
73.3668,0.8612,3.6995
73.3670,0.8421,3.6159
73.3672,0.8558,3.6746
73.3674,0.8811,3.7798
73.3676,0.8995,3.8608
73.3678,0.8125,3.4888
73.3680,0.8702,3.7364
73.3682,0.9085,3.9012
73.3684,0.8724,3.748
73.3686,0.8602,3.6902
73.3688,0.9439,4.0531
73.3690,0.8916,3.825
73.3692,0.8725,3.752
73.3694,0.85,3.6516
73.3696,0.9041,3.8803
73.3698,0.9068,3.894
73.3700,0.8198,3.5267
73.3702,0.7234,3.1106
73.3704,0.7663,3.2967
73.3706,0.7622,3.2791
73.3708,0.7724,3.3199
73.3710,0.8261,3.5491
73.3712,0.8326,3.5836
73.3714,0.7679,3.3049
73.3716,0.7705,3.3132
73.3718,0.7764,3.3385
73.3720,0.7283,3.1332
73.3722,0.7199,3.0942
73.3724,0.7568,3.2559
73.3726,0.7699,3.3152
73.3728,0.7899,3.3936
73.3730,0.8498,3.6574
73.3732,0.7566,3.2564
73.3734,0.7387,3.1766
73.3736,0.7475,3.2112
73.3738,0.7789,3.3477
73.3740,0.7731,3.3276
73.3742,0.7561,3.2513
73.3744,0.7655,3.2961
73.3746,0.6694,2.8879
73.3748,0.612,2.6401
73.3750,0.5891,2.5402
73.3752,0.6178,2.665
73.3754,0.5873,2.5336
73.3756,0.5215,2.2538
73.3758,0.4181,1.8087
73.3760,0.4,1.7304
73.3762,0.4008,1.7332
73.3764,0.4047,1.7458
73.3766,0.4942,2.1352
73.3768,0.4548,1.9666
73.3770,0.4511,1.9487
73.3772,0.4649,2.0064
73.3774,0.4483,1.9359
73.3776,0.4435,1.9169
73.3778,0.4446,1.9216
73.3780,0.449,1.9399
73.3782,0.4546,1.961
73.3784,0.5191,2.2393
73.3786,0.497,2.1461
73.3788,0.4716,2.0335
73.3790,0.5673,2.4472
73.3792,0.4904,2.1176
73.3794,0.4758,2.0525
73.3796,0.5041,2.1766
73.3798,0.4532,1.958
73.3800,0.4493,1.9418
73.3802,0.4474,1.9299
73.3804,0.4758,2.0535
73.3806,0.4448,1.9208
73.3808,0.4457,1.9236
73.3810,0.4691,2.0254
73.3812,0.4511,1.9487
73.3814,0.4487,1.9356
73.3816,0.4848,2.0903
73.3818,0.5554,2.3949
73.3820,0.5267,2.2703
73.3822,0.4956,2.1379
73.3824,0.4981,2.1467
73.3826,0.5418,2.3343
73.3828,0.6048,2.6031
73.3830,0.6104,2.6298
73.3832,0.6091,2.6253
73.3834,0.6143,2.6438
73.3836,0.6444,2.7734
73.3838,0.6036,2.5979
73.3840,0.6139,2.6423
73.3842,0.618,2.6586
73.3844,0.6362,2.7408
73.3846,0.583,2.5138
73.3848,0.5423,2.3374
73.3850,0.565,2.434
73.3852,0.566,2.4392
73.3854,0.5803,2.4978
73.3856,0.6807,2.9297
73.3858,0.668,2.871
73.3860,0.6866,2.955
73.3862,0.6927,2.9772
73.3864,0.7588,3.2642
73.3866,0.7306,3.1415
73.3868,0.6695,2.8817
73.3870,0.5778,2.4893
73.3872,0.5754,2.4789
73.3874,0.6012,2.5864
73.3876,0.7222,3.0996
73.3878,0.7923,3.4039
73.3880,0.7654,3.288
73.3882,0.7889,3.3889
73.3884,0.797,3.4271
73.3886,0.7922,3.4049
73.3888,0.696,2.9958
73.3890,0.6817,2.9311
73.3892,0.7603,3.2663
73.3894,0.7704,3.3081
73.3896,0.7325,3.1541
73.3898,0.7112,3.0608
73.3900,0.6927,2.9841
73.3902,0.5987,2.5803
73.3904,0.5835,2.5124
73.3906,0.6061,2.6136
73.3908,0.5005,2.1601
73.3910,0.4795,2.0686
73.3912,0.4761,2.0522
73.3914,0.4598,1.9846
73.3916,0.5059,2.1803
73.3918,0.6283,2.7055
73.3920,0.6291,2.7091
73.3922,0.5643,2.4377
73.3924,0.4222,1.8247
73.3926,0.4002,1.7282
73.3928,0.3996,1.7257
73.3930,0.4001,1.7285
73.3932,0.3984,1.7205
73.3934,0.3963,1.712
73.3936,0.3976,1.7184
73.3938,0.3986,1.7202
73.3940,0.4019,1.7355
73.3942,0.3956,1.7081
73.3944,0.3954,1.7067
73.3946,0.4165,1.797
73.3948,0.4748,2.0446
73.3950,0.5711,2.4615
73.3952,0.6508,2.7999
73.3954,0.6522,2.8069
73.3956,0.6263,2.6904
73.3958,0.7385,3.1726
73.3960,0.7148,3.0734
73.3962,0.7252,3.1139
73.3964,0.8466,3.6321
73.3966,0.8519,3.6582
73.3968,0.8011,3.4415
73.3970,0.8577,3.6726
73.3972,0.9759,4.1788
73.3974,0.9681,4.1435
73.3976,0.9872,4.2291
73.3978,0.9553,4.0943
73.3980,0.9544,4.0946
73.3982,0.9182,3.9374
73.3984,0.9321,4.0045
73.3986,0.8462,3.6318
73.3988,0.8377,3.5969
73.3990,0.8463,3.6357
73.3992,0.8374,3.5908
73.3994,0.8871,3.8019
73.3996,0.8827,3.7905
73.3998,0.8432,3.6239
73.4000,0.7958,3.4188
73.4002,0.7914,3.395
73.4004,0.8911,3.8194
73.4006,0.9371,4.0237
73.4008,0.8327,3.5725
73.4010,0.8179,3.5152
73.4012,0.7998,3.439
73.4014,0.7815,3.3637
73.4016,0.7498,3.2195
73.4018,0.8423,3.617
73.4020,0.8249,3.5357
73.4022,0.8977,3.8548
73.4024,0.838,3.5968
73.4026,0.8748,3.7548
73.4028,0.908,3.8991
73.4030,0.9042,3.8808
73.4032,0.896,3.8441
73.4034,0.8956,3.8456
73.4036,0.902,3.8752
73.4038,0.8377,3.5986
73.4040,0.8213,3.5285
73.4042,0.8375,3.6031
73.4044,0.76,3.2693
73.4046,0.7878,3.3843
73.4048,0.83,3.5656
73.4050,0.8516,3.6549
73.4052,0.8197,3.5246
73.4054,0.7753,3.3276
73.4056,0.8537,3.6625
73.4058,0.924,3.9602
73.4060,1.0121,4.342
73.4062,0.9402,4.0352
73.4064,0.909,3.8996
73.4066,0.9193,3.9475
73.4068,0.8694,3.7316
73.4070,0.852,3.657
73.4072,0.8555,3.677
73.4074,0.8422,3.6249
73.4076,0.8186,3.5199
73.4078,0.8047,3.4601
73.4080,0.7829,3.3679
73.4082,0.7062,3.0382
73.4084,0.6917,2.9744
73.4086,0.7044,3.0319
73.4088,0.6615,2.8511
73.4090,0.6218,2.6813
73.4092,0.5845,2.5229
73.4094,0.6174,2.6597
73.4096,0.6387,2.7517
73.4098,0.6243,2.6897
73.4100,0.6471,2.7878
73.4102,0.6492,2.7966
73.4104,0.6216,2.6803
73.4106,0.5773,2.4895
73.4108,0.5315,2.2973
73.4110,0.4818,2.0803
73.4112,0.4805,2.0737
73.4114,0.4747,2.0498
73.4116,0.5442,2.3435
73.4118,0.6795,2.9219
73.4120,0.7164,3.0864
73.4122,0.5939,2.5632
73.4124,0.533,2.2993
73.4126,0.5535,2.3855
73.4128,0.563,2.4286
73.4130,0.5439,2.3485
73.4132,0.5384,2.3215
73.4134,0.5379,2.3194
73.4136,0.5407,2.3302
73.4138,0.5448,2.3527
73.4140,0.5386,2.3225
73.4142,0.5337,2.3024
73.4144,0.5233,2.2574
73.4146,0.5228,2.2501
73.4148,0.644,2.7718
73.4150,0.6733,2.9031
73.4152,0.5445,2.3478
73.4154,0.5309,2.2894
73.4156,0.5284,2.2796
73.4158,0.5311,2.291
73.4160,0.5264,2.2708
73.4162,0.5258,2.2661
73.4164,0.5258,2.2661
73.4166,0.527,2.2734
73.4168,0.5319,2.2914
73.4170,0.5667,2.4435
73.4172,0.5463,2.3567
73.4174,0.5271,2.2729
73.4176,0.5284,2.2775
73.4178,0.5277,2.2744
73.4180,0.539,2.3219
73.4182,0.6192,2.6662
73.4184,0.6122,2.6351
73.4186,0.6174,2.656
73.4188,0.6759,2.9091
73.4190,0.6942,2.9839
73.4192,0.7441,3.2012
73.4194,0.7506,3.2261
73.4196,0.7983,3.4344
73.4198,0.677,2.9083
73.4200,0.6845,2.9449
73.4202,0.7222,3.1025
73.4204,0.7877,3.3822
73.4206,0.823,3.5374
73.4208,0.8239,3.5476
73.4210,0.6818,2.9344
73.4212,0.6343,2.73
73.4214,0.6739,2.8963
73.4216,0.7783,3.3483
73.4218,0.6764,2.9112
73.4220,0.6245,2.6927
73.4222,0.5642,2.4292
73.4224,0.6161,2.654
73.4226,0.6078,2.6172
73.4228,0.6729,2.8948
73.4230,0.712,3.063
73.4232,0.711,3.0575
73.4234,0.7243,3.1132
73.4236,0.7402,3.1842
73.4238,0.7307,3.1449
73.4240,0.7172,3.0823
73.4242,0.7272,3.1285
73.4244,0.7246,3.1157
73.4246,0.7379,3.17
73.4248,0.7636,3.2848
73.4250,0.6718,2.8929
73.4252,0.6558,2.8211
73.4254,0.6947,2.9915
73.4256,0.6018,2.5962
73.4258,0.5397,2.3282
73.4260,0.5436,2.3431
73.4262,0.5651,2.4356
73.4264,0.5827,2.5093
73.4266,0.5379,2.3205
73.4268,0.4588,1.9809
73.4270,0.4354,1.8799
73.4272,0.4606,1.9887
73.4274,0.4121,1.7795
73.4276,0.4236,1.8275
73.4278,0.501,2.1592
73.4280,0.5925,2.5487
73.4282,0.7152,3.0769
73.4284,0.6399,2.7543
73.4286,0.6228,2.6817
73.4288,0.6574,2.8296
73.4290,0.7265,3.1225
73.4292,0.7584,3.2566
73.4294,0.8169,3.5078
73.4296,0.8496,3.6467
73.4298,0.8718,3.7367
73.4300,0.9029,3.868
73.4302,0.9722,4.1629
73.4304,0.976,4.1852
73.4306,0.9662,4.1372
73.4308,0.9802,4.2012
73.4310,0.9739,4.1721
73.4312,0.9687,4.146
73.4314,1.0348,4.4288
73.4316,1.0607,4.5439
73.4318,1.0346,4.4345
73.4320,1.0186,4.3595
73.4322,1.0623,4.5447
73.4324,1.0962,4.6959
73.4326,0.984,4.2215
73.4328,0.9255,3.9705
73.4330,0.9209,3.956
73.4332,0.911,3.9101
73.4334,0.9553,4.0924
73.4336,0.9808,4.2096
73.4338,0.8828,3.798
73.4340,0.7676,3.3023
73.4342,0.7595,3.2611
73.4344,0.8067,3.4672
73.4346,0.7423,3.192
73.4348,0.7583,3.259
73.4350,0.7978,3.4291
73.4352,0.7762,3.341
73.4354,0.7922,3.4064
73.4356,0.7628,3.2817
73.4358,0.7254,3.1178
73.4360,0.7565,3.2543
73.4362,0.7527,3.2413
73.4364,0.7445,3.2042
73.4366,0.7393,3.182
73.4368,0.6783,2.9207
73.4370,0.6944,2.9885
73.4372,0.7635,3.2817
73.4374,0.8246,3.5457
73.4376,0.7369,3.1688
73.4378,0.7396,3.1801
73.4380,0.7768,3.3405
73.4382,0.7882,3.3942
73.4384,0.7318,3.1495
73.4386,0.7181,3.0907
73.4388,0.6736,2.9033
73.4390,0.6101,2.6269
73.4392,0.6346,2.7341
73.4394,0.6833,2.941
73.4396,0.7012,3.0221
73.4398,0.6605,2.8456
73.4400,0.6675,2.8756
73.4402,0.6452,2.7821
73.4404,0.6191,2.6669
73.4406,0.5999,2.5867
73.4408,0.5398,2.3265
73.4410,0.567,2.4461
73.4412,0.6014,2.5922
73.4414,0.6554,2.826
73.4416,0.5548,2.3967
73.4418,0.4598,1.9864
73.4420,0.4878,2.1062
73.4422,0.5313,2.2888
73.4424,0.5698,2.4569
73.4426,0.5797,2.4998
73.4428,0.5839,2.5191
73.4430,0.5987,2.5779
73.4432,0.6236,2.6903
73.4434,0.5788,2.4933
73.4436,0.5969,2.5701
73.4438,0.6235,2.6873
73.4440,0.549,2.3663
73.4442,0.5444,2.3484
73.4444,0.5463,2.3566
73.4446,0.5481,2.3622
73.4448,0.5709,2.4581
73.4450,0.6236,2.6865
73.4452,0.5875,2.5346
73.4454,0.5507,2.3725
73.4456,0.5623,2.4237
73.4458,0.5544,2.3896
73.4460,0.6352,2.7366
73.4462,0.5814,2.5094
73.4464,0.4854,2.0958
73.4466,0.4661,2.0134
73.4468,0.4518,1.9499
73.4470,0.4831,2.084
73.4472,0.5506,2.3709
73.4474,0.5878,2.5333
73.4476,0.5423,2.3374
73.4478,0.5595,2.4135
73.4480,0.5336,2.3029
73.4482,0.4688,2.0225
73.4484,0.4637,2.0012
73.4486,0.4605,1.9886
73.4488,0.5131,2.2103
73.4490,0.5504,2.372
73.4492,0.5428,2.3395
73.4494,0.5734,2.4735
73.4496,0.5578,2.4029
73.4498,0.5739,2.4733
73.4500,0.4795,2.0676
73.4502,0.5143,2.2206
73.4504,0.4574,1.9733
73.4506,0.4494,1.9396
73.4508,0.4447,1.9194
73.4510,0.4471,1.9289
73.4512,0.4583,1.9742
73.4514,0.5376,2.3172
73.4516,0.5629,2.4274
73.4518,0.5502,2.3715
73.4520,0.5795,2.493
73.4522,0.6303,2.7117
73.4524,0.6758,2.9085
73.4526,0.6563,2.8249
73.4528,0.6529,2.8086
73.4530,0.665,2.8621
73.4532,0.5834,2.5147
73.4534,0.5858,2.5226
73.4536,0.6424,2.7599
73.4538,0.7014,3.0176
73.4540,0.7134,3.062
73.4542,0.805,3.4584
73.4544,0.7019,3.021
73.4546,0.6248,2.6904
73.4548,0.606,2.6118
73.4550,0.5643,2.4297
73.4552,0.5802,2.4949
73.4554,0.6508,2.8012
73.4556,0.5984,2.5769
73.4558,0.5974,2.5722
73.4560,0.602,2.5923
73.4562,0.5725,2.4676
73.4564,0.58,2.5008
73.4566,0.5706,2.4594
73.4568,0.53,2.2831
73.4570,0.4794,2.067
73.4572,0.4797,2.0686
73.4574,0.5363,2.3116
73.4576,0.5186,2.2351
73.4578,0.532,2.2919
73.4580,0.5059,2.1823
73.4582,0.4314,1.8637
73.4584,0.4029,1.7404
73.4586,0.3962,1.7098
73.4588,0.3935,1.6969
73.4590,0.4531,1.9547
73.4592,0.4356,1.8809
73.4594,0.3923,1.6925
73.4596,0.3772,1.6273
73.4598,0.3944,1.7028
73.4600,0.3916,1.6909
73.4602,0.4259,1.8365
73.4604,0.4704,2.0273
73.4606,0.4422,1.9094
73.4608,0.432,1.8637
73.4610,0.482,2.0755
73.4612,0.5337,2.2981
73.4614,0.5819,2.5021
73.4616,0.6716,2.8891
73.4618,0.6989,3.0011
73.4620,0.7748,3.3239
73.4622,0.7987,3.4311
73.4624,0.8213,3.5252
73.4626,0.8674,3.7124
73.4628,1.0161,4.3487
73.4630,0.9454,4.0578
73.4632,0.8888,3.8113
73.4634,0.9375,4.0163
73.4636,0.958,4.1022
73.4638,0.9791,4.1946
73.4640,1.0003,4.2815
73.4642,0.9435,4.0439
73.4644,0.8587,3.6857
73.4646,0.839,3.5958
73.4648,0.9491,4.0662
73.4650,0.9557,4.0944
73.4652,0.961,4.1189
73.4654,0.9794,4.1936
73.4656,0.9604,4.1164
73.4658,0.85,3.6533
73.4660,0.7411,3.1809
73.4662,0.8343,3.5841
73.4664,0.8404,3.6036
73.4666,0.8965,3.846
73.4668,0.9057,3.8838
73.4670,0.8941,3.8357
73.4672,0.8891,3.8159
73.4674,0.8274,3.5547
73.4676,0.8958,3.8412
73.4678,0.9439,4.0454
73.4680,0.971,4.1577
73.4682,1.0653,4.5596
73.4684,1.1089,4.7437
73.4686,1.0887,4.6619
73.4688,1.0685,4.5751
73.4690,1.0333,4.4288
73.4692,0.9568,4.1009
73.4694,0.99,4.2433
73.4696,1.0045,4.3035
73.4698,0.9825,4.2148
73.4700,0.9356,4.0193
73.4702,0.8291,3.5603
73.4704,0.8053,3.461
73.4706,0.8303,3.5687
73.4708,0.8089,3.4765
73.4710,0.7809,3.3564
73.4712,0.7759,3.3363
73.4714,0.7795,3.3487
73.4716,0.8562,3.6766
73.4718,0.8572,3.6807
73.4720,0.7932,3.4074
73.4722,0.7954,3.4188
73.4724,0.8622,3.7075
73.4726,0.7774,3.3461
73.4728,0.6622,2.8502
73.4730,0.6858,2.9519
73.4732,0.7578,3.2554
73.4734,0.7879,3.3879
73.4736,0.7484,3.2198
73.4738,0.7328,3.1571
73.4740,0.6331,2.7311
73.4742,0.595,2.5619
73.4744,0.6932,2.9861
73.4746,0.684,2.9441
73.4748,0.671,2.8906
73.4750,0.6571,2.8293
73.4752,0.6785,2.9245
73.4754,0.6177,2.6637
73.4756,0.5741,2.4766
73.4758,0.5673,2.4472
73.4760,0.5729,2.4669
73.4762,0.6429,2.7684
73.4764,0.6508,2.8051
73.4766,0.5933,2.557
73.4768,0.5675,2.4482
73.4770,0.5613,2.4202
73.4772,0.5734,2.4712
73.4774,0.574,2.4738
73.4776,0.6201,2.6703
73.4778,0.7038,3.0321
73.4780,0.6713,2.8935
73.4782,0.5815,2.5075
73.4784,0.5161,2.2242
73.4786,0.578,2.4949
73.4788,0.5318,2.2951
73.4790,0.5277,2.2765
73.4792,0.5617,2.4222
73.4794,0.5441,2.3473
73.4796,0.5206,2.2459
73.4798,0.5307,2.2873
73.4800,0.5346,2.3033
73.4802,0.5382,2.322
73.4804,0.5326,2.2977
73.4806,0.5403,2.3286
73.4808,0.5516,2.3761
73.4810,0.6595,2.8357
73.4812,0.7638,3.2843
73.4814,0.7129,3.0656
73.4816,0.7193,3.0944
73.4818,0.6833,2.9424
73.4820,0.6796,2.9278
73.4822,0.6566,2.826
73.4824,0.6548,2.8195
73.4826,0.6611,2.8442
73.4828,0.6862,2.9548
73.4830,0.6562,2.8244
73.4832,0.6619,2.846
73.4834,0.6912,2.9765
73.4836,0.631,2.716
73.4838,0.6265,2.6989
73.4840,0.6306,2.7165
73.4842,0.6882,2.9581
73.4844,0.7968,3.4197
73.4846,0.8337,3.5848
73.4848,0.7227,3.1074
73.4850,0.7565,3.2528
73.4852,0.7639,3.2817
73.4854,0.8227,3.5341
73.4856,0.8344,3.5813
73.4858,0.8812,3.7855
73.4860,0.8839,3.7938
73.4862,0.8894,3.8157
73.4864,0.9139,3.9188
73.4866,0.8707,3.7407
73.4868,0.8213,3.5301
73.4870,0.8041,3.4527
73.4872,0.8296,3.569
73.4874,0.7825,3.3647
73.4876,0.7881,3.3858
73.4878,0.7969,3.4234
73.4880,0.7986,3.4354
73.4882,0.6711,2.8911
73.4884,0.6241,2.6886
73.4886,0.6186,2.6673
73.4888,0.6104,2.6297
73.4890,0.6357,2.7362
73.4892,0.6862,2.9548
73.4894,0.6647,2.861
73.4896,0.6962,2.9976
73.4898,0.6688,2.8773
73.4900,0.6596,2.8428
73.4902,0.5946,2.5651
73.4904,0.5924,2.5534
73.4906,0.5898,2.5409
73.4908,0.5857,2.5233
73.4910,0.6004,2.5863
73.4912,0.6583,2.8345
73.4914,0.6308,2.7188
73.4916,0.5543,2.3913
73.4918,0.5159,2.2268
73.4920,0.5045,2.1776
73.4922,0.4983,2.1507
73.4924,0.5056,2.1823
73.4926,0.5029,2.1674
73.4928,0.5104,2.202
73.4930,0.4677,2.0197
73.4932,0.4047,1.7498
73.4934,0.3962,1.713
73.4936,0.4077,1.7611
73.4938,0.4091,1.7673
73.4940,0.4327,1.8677
73.4942,0.4858,2.094
73.4944,0.6084,2.6136
73.4946,0.7113,3.0627
73.4948,0.6361,2.7377
73.4950,0.6808,2.9234
73.4952,0.7674,3.3013
73.4954,0.7336,3.1529
73.4956,0.7733,3.3203
73.4958,0.8063,3.4592
73.4960,0.8826,3.7793
73.4962,0.9603,4.1178
73.4964,0.9031,3.8743
73.4966,0.8978,3.8517
73.4968,0.8844,3.7941
73.4970,0.8755,3.7578
73.4972,0.8755,3.7595
73.4974,0.8397,3.6039
73.4976,0.8783,3.7643
73.4978,0.9687,4.1479
73.4980,1.0232,4.3775
73.4982,1.1072,4.7387
73.4984,1.1099,4.7505
73.4986,1.0951,4.6869
73.4988,1.1173,4.7796
73.4990,1.0891,4.6656
73.4992,0.9429,4.0489
73.4994,0.8653,3.7158
73.4996,0.8454,3.6218
73.4998,0.9235,3.9655
73.5000,0.9027,3.8764
73.5002,0.9205,3.9489
73.5004,0.9105,3.9062
73.5006,0.9364,4.0173
73.5008,0.9375,4.0201
73.5010,0.9363,4.0206
73.5012,0.8163,3.5133
73.5014,0.8218,3.5322
73.5016,0.8391,3.608
73.5018,0.8032,3.4507
73.5020,0.8183,3.5156
73.5022,0.8538,3.668
73.5024,0.8122,3.4877
73.5026,0.7952,3.4225
73.5028,0.7427,3.1965
73.5030,0.7953,3.4199
73.5032,0.8107,3.4842
73.5034,0.7808,3.3575
73.5036,0.8068,3.4693
73.5038,0.859,3.6902
73.5040,0.8574,3.6852
73.5042,0.8201,3.5266
73.5044,0.8155,3.5114
73.5046,0.7165,3.0854
73.5048,0.7217,3.1076
73.5050,0.6935,2.9849
73.5052,0.7414,3.1849
73.5054,0.8158,3.508
73.5056,0.7904,3.4003
73.5058,0.7962,3.4203
73.5060,0.8447,3.6323
73.5062,0.8199,3.5239
73.5064,0.8433,3.6278
73.5066,0.7792,3.3523
73.5068,0.7733,3.3265
73.5070,0.6988,3.0146
73.5072,0.5513,2.3806
73.5074,0.5095,2.1978
73.5076,0.5975,2.5775
73.5078,0.5331,2.3019
73.5080,0.5212,2.2496
73.5082,0.5451,2.3536
73.5084,0.5398,2.3287
73.5086,0.5362,2.3143
73.5088,0.4671,2.0162
73.5090,0.4595,1.9831
73.5092,0.4632,2.0019
73.5094,0.4724,2.0389
73.5096,0.5416,2.3365
73.5098,0.5749,2.4791
73.5100,0.5736,2.4723
73.5102,0.5578,2.4063
73.5104,0.5165,2.2284
73.5106,0.4781,2.0642
73.5108,0.4577,1.9762
73.5110,0.4665,2.0127
73.5112,0.521,2.2496
73.5114,0.4691,2.0254
73.5116,0.4699,2.029
73.5118,0.499,2.1558
73.5120,0.4591,1.9815
73.5122,0.4549,1.9634
73.5124,0.4558,1.9679
73.5126,0.4499,1.9444
73.5128,0.4457,1.9244
73.5130,0.4468,1.93
73.5132,0.4483,1.9367
73.5134,0.4504,1.9437
73.5136,0.4486,1.936
73.5138,0.4488,1.937
73.5140,0.458,1.9778
73.5142,0.5065,2.1839
73.5144,0.5028,2.1689
73.5146,0.4575,1.9757
73.5148,0.4555,1.9678
73.5150,0.4511,1.9459
73.5152,0.4579,1.9772
73.5154,0.4592,1.982
73.5156,0.4499,1.9417
73.5158,0.4375,1.8892
73.5160,0.4392,1.8956
73.5162,0.443,1.9113
73.5164,0.4586,1.9794
73.5166,0.4523,1.9538
73.5168,0.4466,1.9277
73.5170,0.444,1.9163
73.5172,0.4441,1.9159
73.5174,0.4499,1.9408
73.5176,0.4445,1.9148
73.5178,0.511,2.2035
73.5180,0.521,2.2444
73.5182,0.5457,2.3497
73.5184,0.5718,2.4634
73.5186,0.598,2.5748
73.5188,0.6651,2.8613
73.5190,0.6858,2.9478
73.5192,0.6916,2.9739
73.5194,0.7298,3.1369
73.5196,0.6935,2.9821
73.5198,0.6713,2.8854
73.5200,0.7265,3.1225
73.5202,0.746,3.2079
73.5204,0.7633,3.2807
73.5206,0.7144,3.0704
73.5208,0.6427,2.7699
73.5210,0.5783,2.4913
73.5212,0.6114,2.6289
73.5214,0.694,2.9842
73.5216,0.6487,2.7945
73.5218,0.59,2.5443
73.5220,0.5822,2.506
73.5222,0.5903,2.5429
73.5224,0.5885,2.534
73.5226,0.5911,2.5442
73.5228,0.5993,2.5793
73.5230,0.5876,2.5304
73.5232,0.6098,2.6247
73.5234,0.6542,2.8182
73.5236,0.5783,2.4913
73.5238,0.5954,2.5651
73.5240,0.5247,2.2604
73.5242,0.5207,2.2423
73.5244,0.606,2.6094
73.5246,0.6324,2.7204
73.5248,0.6111,2.6328
73.5250,0.534,2.3017
73.5252,0.5259,2.2677
73.5254,0.5264,2.2708
73.5256,0.5162,2.2237
73.5258,0.5687,2.4511
73.5260,0.4645,2.0039
73.5262,0.4177,1.8013
73.5264,0.4275,1.8449
73.5266,0.4086,1.7653
73.5268,0.3948,1.7049
73.5270,0.4028,1.7383
73.5272,0.4041,1.744
73.5274,0.437,1.8845
73.5276,0.4842,2.0858
73.5278,0.5535,2.3766
73.5280,0.6742,2.9018
73.5282,0.6249,2.686
73.5284,0.6966,2.9913
73.5286,0.7723,3.3178
73.5288,0.8066,3.4602
73.5290,0.8414,3.6111
73.5292,0.8081,3.4669
73.5294,0.8264,3.5484
73.5296,0.7486,3.2128
73.5298,0.7891,3.382
73.5300,0.935,4.0074
73.5302,0.9519,4.0742
73.5304,0.9609,4.1223
73.5306,0.9113,3.9038
73.5308,0.9581,4.1008
73.5310,0.9999,4.2814
73.5312,0.9386,4.0172
73.5314,1.0446,4.4625
73.5316,1.1616,4.9694
73.5318,1.1375,4.8663
73.5320,1.0569,4.5237
73.5322,1.008,4.3184
73.5324,0.9782,4.1885
73.5326,0.9704,4.161
73.5328,0.8553,3.6725
73.5330,0.8302,3.5649
73.5332,0.8729,3.7482
73.5334,0.8361,3.5901
73.5336,0.8216,3.5311
73.5338,0.809,3.4754
73.5340,0.8103,3.4827
73.5342,0.78,3.3476
73.5344,0.845,3.6232
73.5346,0.9252,3.969
73.5348,0.8532,3.6672
73.5350,0.7848,3.3698
73.5352,0.8683,3.7217
73.5354,0.9057,3.8838
73.5356,0.9545,4.0969
73.5358,0.8858,3.8056
73.5360,0.8603,3.6959
73.5362,0.8328,3.5796
73.5364,0.7869,3.3901
73.5366,0.721,3.0987
73.5368,0.8027,3.447
73.5370,0.8388,3.6003
73.5372,0.8972,3.8491
73.5374,0.8682,3.7333
73.5376,0.7928,3.409
73.5378,0.7715,3.3157
73.5380,0.8084,3.4712
73.5382,0.8351,3.591
73.5384,0.7856,3.3765
73.5386,0.8151,3.5033
73.5388,0.7746,3.3291
73.5390,0.7801,3.3513
73.5392,0.7777,3.3472
73.5394,0.7561,3.2543
73.5396,0.7054,3.036
73.5398,0.6751,2.9041
73.5400,0.683,2.9381
73.5402,0.6909,2.9763
73.5404,0.6476,2.7885
73.5406,0.6411,2.7594
73.5408,0.6328,2.7263
73.5410,0.6225,2.6819
73.5412,0.6194,2.6709
73.5414,0.6074,2.6156
73.5416,0.5957,2.5674
73.5418,0.6171,2.6586
73.5420,0.6452,2.7769
73.5422,0.6547,2.8203
73.5424,0.6559,2.8255
73.5426,0.6488,2.7937
73.5428,0.6543,2.8175
73.5430,0.6812,2.9304
73.5432,0.6938,2.9915
73.5434,0.6159,2.6535
73.5436,0.6063,2.6121
73.5438,0.617,2.6594
73.5440,0.6421,2.7635
73.5442,0.696,2.9943
73.5444,0.7279,3.1345
73.5446,0.687,2.9557
73.5448,0.6868,2.9546
73.5450,0.7079,3.0497
73.5452,0.6149,2.6501
73.5454,0.5478,2.3612
73.5456,0.5404,2.3313
73.5458,0.5368,2.3168
73.5460,0.5366,2.3137
73.5462,0.5315,2.293
73.5464,0.5355,2.309
73.5466,0.5281,2.2759
73.5468,0.5192,2.2387
73.5470,0.5247,2.2635
73.5472,0.5245,2.2614
73.5474,0.5321,2.2945
73.5476,0.5763,2.4813
73.5478,0.6205,2.6706
73.5480,0.634,2.7302
73.5482,0.6298,2.7096
73.5484,0.6556,2.8244
73.5486,0.5974,2.5758
73.5488,0.5513,2.3773
73.5490,0.5306,2.2889
73.5492,0.5342,2.3055
73.5494,0.5334,2.2992
73.5496,0.579,2.4921
73.5498,0.611,2.6298
73.5500,0.6358,2.7341
73.5502,0.69,2.9686
73.5504,0.6742,2.9045
73.5506,0.5421,2.3385
73.5508,0.5358,2.3095
73.5510,0.6481,2.788
73.5512,0.7187,3.089
73.5514,0.726,3.1262
73.5516,0.6495,2.7968
73.5518,0.6551,2.8171
73.5520,0.705,3.0302
73.5522,0.7138,3.0693
73.5524,0.7598,3.2642
73.5526,0.7599,3.2693
73.5528,0.7018,3.0205
73.5530,0.6911,2.969
73.5532,0.7453,3.2063
73.5534,0.7192,3.0925
73.5536,0.7225,3.1069
73.5538,0.7098,3.0508
73.5540,0.7273,3.1319
73.5542,0.7109,3.0583
73.5544,0.7415,3.1884
73.5546,0.7251,3.1206
73.5548,0.667,2.8708
73.5550,0.6615,2.8458
73.5552,0.6626,2.8504
73.5554,0.633,2.7293
73.5556,0.5631,2.4279
73.5558,0.5561,2.3968
73.5560,0.5579,2.4046
73.5562,0.559,2.4103
73.5564,0.5583,2.405
73.5566,0.546,2.3523
73.5568,0.5342,2.3023
73.5570,0.5549,2.3905
73.5572,0.6159,2.6522
73.5574,0.5614,2.4196
73.5576,0.5655,2.4371
73.5578,0.5231,2.261
73.5580,0.4001,1.7285
73.5582,0.4187,1.8054
73.5584,0.4739,2.0433
73.5586,0.468,2.0226
73.5588,0.3903,1.6868
73.5590,0.3838,1.6588
73.5592,0.3912,1.6902
73.5594,0.3909,1.6886
73.5596,0.3863,1.6697
73.5598,0.4085,1.7639
73.5600,0.3816,1.648
73.5602,0.3916,1.6894
73.5604,0.4137,1.787
73.5606,0.3988,1.722
73.5608,0.4152,1.7904
73.5610,0.493,2.125
73.5612,0.5587,2.4048
73.5614,0.6598,2.8333
73.5616,0.7381,3.1695
73.5618,0.7584,3.255
73.5620,0.8351,3.5793
73.5622,0.883,3.7844
73.5624,0.8645,3.7122
73.5626,0.8386,3.5993
73.5628,0.873,3.7435
73.5630,0.8995,3.8589
73.5632,0.8738,3.7523
73.5634,0.8423,3.6068
73.5636,0.953,4.0807
73.5638,0.9553,4.0904
73.5640,0.9748,4.178
73.5642,0.97,4.1555
73.5644,1.0068,4.3132
73.5646,1.0101,4.3231
73.5648,1.07,4.5775
73.5650,1.1104,4.7415
73.5652,1.1211,4.8027
73.5654,0.9994,4.2854
73.5656,1.0085,4.3164
73.5658,1.0609,4.5385
73.5660,1.0923,4.6817
73.5662,0.9923,4.257
73.5664,0.9059,3.8862
73.5666,0.8857,3.7997
73.5668,0.8813,3.7842
73.5670,0.8861,3.8048
73.5672,0.8905,3.8203
73.5674,0.8944,3.8368
73.5676,0.9409,4.0345
73.5678,0.9605,4.1188
73.5680,0.9344,3.9992
73.5682,1.0703,4.5828
73.5684,1.0875,4.6611
73.5686,1.0761,4.6101
73.5688,0.9952,4.2674
73.5690,0.937,4.0199
73.5692,0.9175,3.9361
73.5694,0.9209,3.9523
73.5696,0.8965,3.8496
73.5698,0.8155,3.5065
73.5700,0.8032,3.4555
73.5702,0.7729,3.325
73.5704,0.7661,3.2956
73.5706,0.779,3.3451
73.5708,0.824,3.5381
73.5710,0.8428,3.6223
73.5712,0.8206,3.5286
73.5714,0.7978,3.4291
73.5716,0.7602,3.2733
73.5718,0.6703,2.8915
73.5720,0.6168,2.6583
73.5722,0.665,2.8607
73.5724,0.6909,2.9708
73.5726,0.7268,3.1284
73.5728,0.6933,2.9811
73.5730,0.7121,3.062
73.5732,0.7334,3.1553
73.5734,0.747,3.2151
73.5736,0.6968,3.003
73.5738,0.6304,2.716
73.5740,0.6368,2.7459
73.5742,0.6434,2.7705
73.5744,0.5921,2.5566
73.5746,0.4457,1.9271
73.5748,0.3915,1.6896
73.5750,0.4502,1.9468
73.5752,0.4506,1.9475
73.5754,0.446,1.926
73.5756,0.4416,1.9068
73.5758,0.4418,1.9079
73.5760,0.4426,1.9119
73.5762,0.4439,1.9149
73.5764,0.4559,1.9675
73.5766,0.4481,1.9366
73.5768,0.4303,1.8599
73.5770,0.4269,1.844
73.5772,0.4305,1.8595
73.5774,0.4326,1.868
73.5776,0.4305,1.8587
73.5778,0.4328,1.869
73.5780,0.4418,1.9061
73.5782,0.4963,2.1399
73.5784,0.5362,2.3132
73.5786,0.5446,2.3494
73.5788,0.5349,2.3096
73.5790,0.4619,1.9953
73.5792,0.4498,1.942
73.5794,0.4496,1.9406
73.5796,0.4454,1.9225
73.5798,0.4423,1.9082
73.5800,0.4729,2.0401
73.5802,0.4506,1.9439
73.5804,0.4484,1.9354
73.5806,0.4511,1.9486
73.5808,0.4454,1.9234
73.5810,0.4504,1.9428
73.5812,0.4495,1.9392
73.5814,0.4647,2.004
73.5816,0.5114,2.203
73.5818,0.5954,2.5639
73.5820,0.5728,2.4675
73.5822,0.5717,2.4629
73.5824,0.6011,2.5894
73.5826,0.6494,2.795
73.5828,0.643,2.7689
73.5830,0.5719,2.465
73.5832,0.5824,2.5065
73.5834,0.6304,2.7147
73.5836,0.5677,2.4492
73.5838,0.5288,2.2811
73.5840,0.5297,2.2821
73.5842,0.5874,2.527
73.5844,0.698,3.0026
73.5846,0.6248,2.6929
73.5848,0.5607,2.4142
73.5850,0.554,2.3864
73.5852,0.5656,2.4365
73.5854,0.5855,2.5176
73.5856,0.6372,2.7449
73.5858,0.6474,2.7823
73.5860,0.8049,3.453
73.5862,0.8224,3.5314
73.5864,0.7852,3.3765
73.5866,0.6926,2.978
73.5868,0.6856,2.9454
73.5870,0.7603,3.2663
73.5872,0.7493,3.2189
73.5874,0.7387,3.1735
73.5876,0.79,3.3893
73.5878,0.8307,3.5653
73.5880,0.745,3.2108
73.5882,0.5995,2.5827
73.5884,0.6043,2.6034
73.5886,0.5785,2.4912
73.5888,0.6237,2.6895
73.5890,0.5773,2.4906
73.5892,0.5029,2.1684
73.5894,0.4793,2.0675
73.5896,0.4777,2.0598
73.5898,0.5207,2.2433
73.5900,0.509,2.1947
73.5902,0.5089,2.1942
73.5904,0.5284,2.2764
73.5906,0.517,2.2304
73.5908,0.4517,1.9467
73.5910,0.5701,2.4584
73.5912,0.4886,2.1078
73.5914,0.417,1.8015
73.5916,0.4002,1.7282
73.5918,0.4011,1.7294
73.5920,0.4721,2.0374
73.5922,0.4253,1.8373
73.5924,0.3971,1.7148
73.5926,0.4308,1.8568
73.5928,0.4488,1.9379
73.5930,0.3918,1.692
73.5932,0.3976,1.7152
73.5934,0.3927,1.6948
73.5936,0.3888,1.6775
73.5938,0.3984,1.7204
73.5940,0.3998,1.7253
73.5942,0.4601,1.981
73.5944,0.5645,2.4262
73.5946,0.6754,2.9002
73.5948,0.7008,3.0108
73.5950,0.6827,2.9344
73.5952,0.6951,2.986
73.5954,0.734,3.152
73.5956,0.7652,3.2889
73.5958,0.7879,3.3832
73.5960,0.8474,3.6351
73.5962,0.7194,3.0877
73.5964,0.8123,3.4833
73.5966,0.8201,3.52
73.5968,0.814,3.4954
73.5970,0.8049,3.4547
73.5972,0.8014,3.4397
73.5974,0.8297,3.5595
73.5976,0.8752,3.751
73.5978,0.9081,3.8869
73.5980,0.9632,4.1263
73.5982,0.9878,4.2296
73.5984,0.9909,4.2449
73.5986,0.9692,4.1539
73.5988,0.9249,3.9661
73.5990,0.9231,3.9565
73.5992,0.9429,4.0376
73.5994,0.9719,4.1618
73.5996,1.0109,4.3287
73.5998,0.9882,4.2336
73.6000,1.021,4.3738
73.6002,0.9909,4.2449
73.6004,0.9149,3.9266
73.6006,0.8655,3.7145
73.6008,0.8898,3.8172
73.6010,0.8406,3.603
73.6012,0.8773,3.762
73.6014,0.9155,3.9291
73.6016,0.8794,3.7672
73.6018,0.9523,4.0814
73.6020,0.9695,4.1632
73.6022,0.867,3.7247
73.6024,0.8345,3.5784
73.6026,0.9044,3.88
73.6028,0.8902,3.8223
73.6030,0.8103,3.4843
73.6032,0.7977,3.4254
73.6034,0.844,3.6275
73.6036,0.8499,3.651
73.6038,0.8785,3.7671
73.6040,0.9768,4.1848
73.6042,0.9304,3.9935
73.6044,0.9163,3.9309
73.6046,0.935,4.0149
73.6048,0.9651,4.1364
73.6050,1.0183,4.3646
73.6052,0.9869,4.2418
73.6054,0.8446,3.6216
73.6056,0.8944,3.8404
73.6058,0.8501,3.6504
73.6060,0.8488,3.6413
73.6062,0.9141,3.9217
73.6064,0.9495,4.0715
73.6066,0.9677,4.1535
73.6068,0.8776,3.7735
73.6070,0.7988,3.4332
73.6072,0.8026,3.4465
73.6074,0.8104,3.4816
73.6076,0.7939,3.42
73.6078,0.7394,3.1825
73.6080,0.7482,3.2262
73.6082,0.658,2.8321
73.6084,0.7547,3.2436
73.6086,0.8477,3.6469
73.6088,0.7928,3.4106
73.6090,0.8013,3.4408
73.6092,0.8393,3.6057
73.6094,0.8315,3.5772
73.6096,0.6982,3.012
73.6098,0.5936,2.5598
73.6100,0.6068,2.6118
73.6102,0.6569,2.8275
73.6104,0.6996,3.014
73.6106,0.6857,2.9486
73.6108,0.7499,3.2274
73.6110,0.6469,2.788
73.6112,0.6198,2.6725
73.6114,0.5887,2.5386
73.6116,0.5651,2.4356
73.6118,0.5635,2.43
73.6120,0.5671,2.4432
73.6122,0.606,2.613
73.6124,0.5669,2.4445
73.6126,0.5873,2.53
73.6128,0.5828,2.5144
73.6130,0.5623,2.4237
73.6132,0.5571,2.4021
73.6134,0.5553,2.3954
73.6136,0.5617,2.42
73.6138,0.6245,2.6876
73.6140,0.6223,2.6846
73.6142,0.5667,2.4423
73.6144,0.6186,2.6661
73.6146,0.6113,2.6345
73.6148,0.57,2.4591
73.6150,0.5628,2.4246
73.6152,0.6212,2.675
73.6154,0.6326,2.7215
73.6156,0.6945,2.989
73.6158,0.7261,3.1238
73.6160,0.7101,3.0575
73.6162,0.6408,2.7617
73.6164,0.6354,2.7384
73.6166,0.6162,2.652
73.6168,0.6589,2.8344
73.6170,0.7344,3.1565
73.6172,0.7709,3.3147
73.6174,0.7954,3.4172
73.6176,0.7962,3.4251
73.6178,0.7397,3.1851
73.6180,0.7061,3.0377
73.6182,0.7093,3.0516
73.6184,0.7199,3.0941
73.6186,0.8071,3.4623
73.6188,0.936,4.0153
73.6190,0.9447,4.0566
73.6192,0.9466,4.061
73.6194,0.9494,4.0672
73.6196,0.9424,4.0544
73.6198,0.7685,3.3074
73.6200,0.727,3.1274
73.6202,0.7167,3.0831
73.6204,0.7663,3.2874
73.6206,0.9074,3.8965
73.6208,0.8689,3.7364
73.6210,0.7671,3.3018
73.6212,0.7306,3.1414
73.6214,0.7574,3.2584
73.6216,0.7731,3.3245
73.6218,0.7765,3.3389
73.6220,0.8008,3.4372
73.6222,0.8836,3.7976
73.6224,0.8304,3.5726
73.6226,0.8072,3.4693
73.6228,0.8175,3.5169
73.6230,0.795,3.4167
73.6232,0.7747,3.3296
73.6234,0.7152,3.0783
73.6236,0.6982,3.0022
73.6238,0.7504,3.231
73.6240,0.7213,3.1089
73.6242,0.6189,2.6713
73.6244,0.5415,2.3414
73.6246,0.4558,1.9698
73.6248,0.4569,1.9722
73.6250,0.4704,2.0302
73.6252,0.4928,2.1269
73.6254,0.4872,2.1026
73.6256,0.4674,2.02
73.6258,0.4363,1.8841
73.6260,0.4998,2.1569
73.6262,0.477,2.0624
73.6264,0.4147,1.7925
73.6266,0.4001,1.7285
73.6268,0.408,1.7627
73.6270,0.4373,1.8882
73.6272,0.4831,2.085
73.6274,0.5146,2.2149
73.6276,0.6607,2.8475
73.6278,0.5933,2.5582
73.6280,0.5798,2.498
73.6282,0.6622,2.8489
73.6284,0.7242,3.1127
73.6286,0.7547,3.2466
73.6288,0.7229,3.1055
73.6290,0.8068,3.4645
73.6292,0.8079,3.4691
73.6294,0.8456,3.624
73.6296,0.9832,4.214
73.6298,1.0001,4.2865
73.6300,0.9776,4.1898
73.6302,0.9623,4.1227
73.6304,0.976,4.1851
73.6306,0.9866,4.2323
73.6308,1.0017,4.2871
73.6310,1.1225,4.8044
73.6312,1.1342,4.8497
73.6314,1.1523,4.9363
73.6316,1.0304,4.4165
73.6318,1.0199,4.3713
73.6320,1.0511,4.4944
73.6322,1.142,4.8898
73.6324,1.0651,4.5756
73.6326,0.8918,3.8278
73.6328,0.9111,3.907
73.6330,0.9211,3.9589
73.6332,0.846,3.6362
73.6334,0.8308,3.5725
73.6336,0.858,3.6844
73.6338,0.9485,4.0712
73.6340,0.9062,3.895
73.6342,0.8856,3.801
73.6344,0.9025,3.879
73.6346,0.8369,3.6004
73.6348,0.8081,3.4718
73.6350,0.8544,3.6706
73.6352,0.8524,3.6687
73.6354,0.7271,3.1338
73.6356,0.6944,2.9857
73.6358,0.7767,3.3461
73.6360,0.7432,3.1941
73.6362,0.7652,3.2935
73.6364,0.692,2.9754
73.6366,0.7663,3.2966
73.6368,0.7533,3.2439
73.6370,0.7662,3.2946
73.6372,0.7857,3.3817
73.6374,0.7355,3.167
73.6376,0.7567,3.2523
73.6378,0.8224,3.5364
73.6380,0.7533,3.2439
73.6382,0.682,2.9381
73.6384,0.6976,3.0038
73.6386,0.7462,3.21
73.6388,0.7749,3.3322
73.6390,0.8002,3.4474
73.6392,0.7038,3.0307
73.6394,0.7212,3.1012
73.6396,0.7038,3.0321
73.6398,0.6234,2.6892
73.6400,0.5296,2.289
73.6402,0.5029,2.1714
73.6404,0.591,2.5448
73.6406,0.7014,3.0218
73.6408,0.6254,2.698
73.6410,0.5563,2.4012
73.6412,0.544,2.3457
73.6414,0.5801,2.499
73.6416,0.6275,2.7031
73.6418,0.6266,2.7007
73.6420,0.6319,2.7247
73.6422,0.6291,2.7141
73.6424,0.5814,2.507
73.6426,0.5831,2.5143
73.6428,0.5607,2.421
73.6430,0.5551,2.3927
73.6432,0.6134,2.6463
73.6434,0.5617,2.4234
73.6436,0.5697,2.4552
73.6438,0.6557,2.8223
73.6440,0.6589,2.8384
73.6442,0.6599,2.843
73.6444,0.6649,2.8602
73.6446,0.7417,3.1879
73.6448,0.7603,3.2708
73.6450,0.7002,3.0152
73.6452,0.6759,2.9104
73.6454,0.6755,2.9169
73.6456,0.4797,2.0705
73.6458,0.4607,1.9882
73.6460,0.4784,2.0667
73.6462,0.5158,2.2253
73.6464,0.5537,2.3865
73.6466,0.5628,2.428
73.6468,0.57,2.4591
73.6470,0.5729,2.4703
73.6472,0.5688,2.4527
73.6474,0.5663,2.443
73.6476,0.5631,2.4279
73.6478,0.5538,2.387
73.6480,0.5563,2.399
73.6482,0.5579,2.4057
73.6484,0.5691,2.4549
73.6486,0.5669,2.4445
73.6488,0.5754,2.48
73.6490,0.636,2.7385
73.6492,0.6731,2.8972
73.6494,0.6405,2.7606
73.6496,0.6041,2.6035
73.6498,0.5731,2.4702
73.6500,0.6125,2.6385
73.6502,0.6272,2.7033
73.6504,0.6185,2.6656
73.6506,0.6328,2.7276
73.6508,0.6481,2.788
73.6510,0.6836,2.9407
73.6512,0.6602,2.8401
73.6514,0.6607,2.8461
73.6516,0.597,2.573
73.6518,0.6258,2.6896
73.6520,0.734,3.1593
73.6522,0.7135,3.0697
73.6524,0.7334,3.1509
73.6526,0.7771,3.3384
73.6528,0.7939,3.4105
73.6530,0.7822,3.3637
73.6532,0.7091,3.0491
73.6534,0.6737,2.9024
73.6536,0.632,2.7227
73.6538,0.67,2.8837
73.6540,0.6827,2.9385
73.6542,0.6603,2.8406
73.6544,0.6563,2.8275
73.6546,0.617,2.6594
73.6548,0.6388,2.7508
73.6550,0.6647,2.8597
73.6552,0.6801,2.9257
73.6554,0.6993,3.0083
73.6556,0.7251,3.1221
73.6558,0.6882,2.9622
73.6560,0.699,3.01
73.6562,0.627,2.6985
73.6564,0.6439,2.7712
73.6566,0.6478,2.7909
73.6568,0.6789,2.926
73.6570,0.6818,2.9302
73.6572,0.8093,3.4753
73.6574,0.7879,3.3863
73.6576,0.776,3.3353
73.6578,0.7848,3.3698
73.6580,0.8075,3.4724
73.6582,0.7091,3.0534
73.6584,0.6511,2.8061
73.6586,0.5869,2.5296
73.6588,0.5912,2.5506
73.6590,0.5878,2.5368
73.6592,0.6061,2.6135
73.6594,0.6054,2.6044
73.6596,0.6191,2.6694
73.6598,0.6163,2.6562
73.6600,0.5803,2.5012
73.6602,0.6037,2.6044
73.6604,0.5647,2.4329
73.6606,0.5787,2.4928
73.6608,0.5904,2.5387
73.6610,0.7013,3.0198
73.6612,0.6608,2.844
73.6614,0.6998,3.0047
73.6616,0.817,3.5115
73.6618,0.8477,3.6401
73.6620,0.8602,3.6936
73.6622,0.8387,3.5981
73.6624,0.8914,3.8239
73.6626,0.8942,3.8381
73.6628,0.9205,3.9434
73.6630,0.987,4.2285
73.6632,0.9966,4.2736
73.6634,0.9984,4.2833
73.6636,0.9921,4.254
73.6638,0.9864,4.2279
73.6640,0.9773,4.1927
73.6642,0.9183,3.936
73.6644,1.022,4.3744
73.6646,1.0979,4.6992
73.6648,1.1131,4.7661
73.6650,1.0834,4.6415
73.6652,1.0839,4.637
73.6654,1.1114,4.7611
73.6656,1.0084,4.328
73.6658,0.9099,3.9036
73.6660,0.997,4.2751
73.6662,0.9772,4.1961
73.6664,0.9854,4.2272
73.6666,0.9868,4.2274
73.6668,1.0134,4.3435
73.6670,0.977,4.1892
73.6672,0.9366,4.0216
73.6674,0.912,3.9124
73.6676,0.9436,4.0539
73.6678,0.8999,3.8676
73.6680,0.8863,3.8094
73.6682,0.8728,3.7494
73.6684,0.8767,3.7664
73.6686,0.8876,3.808
73.6688,0.961,4.1228
73.6690,0.9646,4.1421
73.6692,0.9285,3.9834
73.6694,0.9591,4.1241
73.6696,0.8471,3.646
73.6698,0.7971,3.4308
73.6700,0.7933,3.4063
73.6702,0.8945,3.8444
73.6704,0.8492,3.6463
73.6706,0.8653,3.7175
73.6708,0.8819,3.7868
73.6710,0.9748,4.1819
73.6712,0.975,4.1888
73.6714,0.9137,3.9232
73.6716,0.9268,3.9799
73.6718,0.9537,4.1009
73.6720,0.8539,3.6703
73.6722,0.8567,3.6838
73.6724,0.7701,3.3193
73.6726,0.7161,3.0862
73.6728,0.6909,2.9735
73.6730,0.7252,3.1226
73.6732,0.7302,3.1457
73.6734,0.6984,3.0088
73.6736,0.6721,2.8912
73.6738,0.7458,3.2099
73.6740,0.7161,3.0876
73.6742,0.6706,2.8944
73.6744,0.6016,2.5951
73.6746,0.5902,2.5448
73.6748,0.5885,2.5399
73.6750,0.589,2.5408
73.6752,0.5887,2.5386
73.6754,0.6023,2.5946
73.6756,0.6508,2.8116
73.6758,0.5307,2.2926
73.6760,0.5218,2.2542
73.6762,0.5022,2.1673
73.6764,0.5314,2.2946
73.6766,0.5442,2.3489
73.6768,0.5475,2.3607
73.6770,0.5623,2.4226
73.6772,0.6361,2.7377
73.6774,0.6868,2.9615
73.6776,0.641,2.7627
73.6778,0.6361,2.7402
73.6780,0.6358,2.7405
73.6782,0.6219,2.683
73.6784,0.6194,2.6684
73.6786,0.6239,2.6876
73.6788,0.6269,2.703
73.6790,0.6544,2.8206
73.6792,0.6177,2.6637
73.6794,0.631,2.7186
73.6796,0.6535,2.8151
73.6798,0.6313,2.7208
73.6800,0.6285,2.7102
73.6802,0.6438,2.772
73.6804,0.7011,3.0174
73.6806,0.7241,3.115
73.6808,0.7659,3.2905
73.6810,0.8521,3.6608
73.6812,0.8947,3.8419
73.6814,0.8191,3.5203
73.6816,0.7679,3.3049
73.6818,0.7573,3.2564
73.6820,0.7879,3.3895
73.6822,0.7861,3.377
73.6824,0.859,3.6919
73.6826,0.8146,3.5045
73.6828,0.7283,3.1316
73.6830,0.7801,3.3513
73.6832,0.8482,3.6472
73.6834,0.8709,3.7429
73.6836,0.8613,3.7034
73.6838,0.7513,3.2321
73.6840,0.7267,3.1278
73.6842,0.7259,3.1242
73.6844,0.7584,3.258
73.6846,0.8027,3.4486
73.6848,0.8267,3.5467
73.6850,0.9102,3.912
73.6852,0.8869,3.8084
73.6854,0.9236,3.9641
73.6856,0.903,3.8792
73.6858,0.8573,3.6795
73.6860,0.8891,3.8141
73.6862,0.9755,4.185
73.6864,0.9237,3.9683
73.6866,0.882,3.7891
73.6868,0.934,4.0108
73.6870,0.9396,4.0307
73.6872,0.9336,4.0087
73.6874,0.8505,3.6604
73.6876,0.7765,3.342
73.6878,0.7757,3.3384
73.6880,0.7489,3.2248
73.6882,0.7439,3.2016
73.6884,0.7602,3.2703
73.6886,0.75,3.228
73.6888,0.7326,3.1531
73.6890,0.7258,3.1281
73.6892,0.6941,2.9903
73.6894,0.6289,2.7118
73.6896,0.5369,2.3184
73.6898,0.5619,2.4261
73.6900,0.5826,2.5122
73.6902,0.5896,2.5422
73.6904,0.5765,2.4858
73.6906,0.5625,2.4265
73.6908,0.5209,2.2522
73.6910,0.4218,1.8239
73.6912,0.4157,1.7975
73.6914,0.4174,1.8048
73.6916,0.4125,1.7835
73.6918,0.4108,1.7762
73.6920,0.4101,1.7731
73.6922,0.4109,1.7751
73.6924,0.4168,1.8005
73.6926,0.4745,2.0496
73.6928,0.4513,1.9497
73.6930,0.426,1.8404
73.6932,0.4639,2.0013
73.6934,0.5862,2.5289
73.6936,0.6251,2.6927
73.6938,0.6189,2.6639
73.6940,0.6759,2.9131
73.6942,0.6127,2.6395
73.6944,0.6577,2.8293
73.6946,0.6818,2.9343
73.6948,0.7149,3.0768
73.6950,0.7403,3.1802
73.6952,0.7928,3.409
73.6954,0.7959,3.4208
73.6956,0.8749,3.7517
73.6958,0.9589,4.1135
73.6960,0.878,3.7703
73.6962,0.8482,3.637
73.6964,0.9483,4.0701
73.6966,0.9356,4.0119
73.6968,0.9652,4.1369
73.6970,0.9571,4.1077
73.6972,0.9366,4.0178
73.6974,1.0008,4.2895
73.6976,0.988,4.2346
73.6978,1.0051,4.308
73.6980,1.0128,4.345
73.6982,0.9762,4.194
73.6984,0.956,4.1012
73.6986,0.9424,4.0412
73.6988,0.9947,4.2653
73.6990,0.9858,4.2293
73.6992,1.0066,4.3203
73.6994,0.9545,4.0893
73.6996,1.0145,4.3481
73.6998,1.0863,4.6538
73.7000,1.0942,4.6943
73.7002,0.9927,4.2546
73.7004,1.0364,4.4422
73.7006,1.0491,4.5071
73.7008,0.8819,3.7921
73.7010,0.8924,3.8303
73.7012,0.9456,4.0583
73.7014,0.993,4.2661
73.7016,0.8796,3.777
73.7018,0.887,3.8089
73.7020,0.9015,3.8712
73.7022,0.8946,3.8468
73.7024,0.7924,3.4059
73.7026,0.8393,3.6091
73.7028,0.852,3.6705
73.7030,0.7832,3.3662
73.7032,0.7903,3.3998
73.7034,0.7874,3.389
73.7036,0.7849,3.3734
73.7038,0.8194,3.5235
73.7040,0.8603,3.6976
73.7042,0.8069,3.4731
73.7044,0.7851,3.376
73.7046,0.8402,3.611
73.7048,0.8173,3.5158
73.7050,0.7438,3.2026
73.7052,0.7123,3.0673
73.7054,0.7188,3.0923
73.7056,0.7521,3.2388
73.7058,0.7131,3.0733
73.7060,0.7201,3.1023
73.7062,0.7489,3.2233
73.7064,0.6964,3.0042
73.7066,0.6537,2.8136
73.7068,0.7276,3.1387
73.7070,0.6014,2.597
73.7072,0.5476,2.3601
73.7074,0.6656,2.866
73.7076,0.7067,3.0445
73.7078,0.6815,2.9401
73.7080,0.6326,2.7253
73.7082,0.695,2.9911
73.7084,0.7382,3.1789
73.7086,0.6953,2.9968
73.7088,0.6156,2.6556
73.7090,0.5643,2.4354
73.7092,0.582,2.5119
73.7094,0.5752,2.4824
73.7096,0.5034,2.1745
73.7098,0.4802,2.0726
73.7100,0.5657,2.437
73.7102,0.6496,2.8025
73.7104,0.5792,2.4989
73.7106,0.5693,2.456
73.7108,0.5658,2.4443
73.7110,0.5526,2.3852
73.7112,0.5896,2.541
73.7114,0.6163,2.655
73.7116,0.6633,2.8588
73.7118,0.479,2.0684
73.7120,0.4694,2.0279
73.7122,0.4737,2.0465
73.7124,0.4669,2.017
73.7126,0.4763,2.0546
73.7128,0.5077,2.1921
73.7130,0.4765,2.0556
73.7132,0.5017,2.1642
73.7134,0.5011,2.1636
73.7136,0.4625,1.9969
73.7138,0.4885,2.1073
73.7140,0.4974,2.1486
73.7142,0.4645,2.0067
73.7144,0.4589,1.9823
73.7146,0.4554,1.9655
73.7148,0.4571,1.9745
73.7150,0.4599,1.986
73.7152,0.4633,1.9987
73.7154,0.4692,2.024
73.7156,0.4577,1.9762
73.7158,0.455,1.9657
73.7160,0.4757,2.0529
73.7162,0.5342,2.3023
73.7164,0.5559,2.3958
73.7166,0.5782,2.4896
73.7168,0.578,2.4914
73.7170,0.5693,2.4548
73.7172,0.5807,2.5039
73.7174,0.581,2.5043
73.7176,0.5737,2.4716
73.7178,0.5798,2.4991
73.7180,0.6302,2.7112
73.7182,0.7031,3.0234
73.7184,0.753,3.2318
73.7186,0.8236,3.5349
73.7188,0.8254,3.5493
73.7190,0.7757,3.3322
73.7192,0.7947,3.4189
73.7194,0.7047,3.0385
73.7196,0.5948,2.5637
73.7198,0.5976,2.572
73.7200,0.6531,2.811
73.7202,0.6827,2.9371
73.7204,0.6722,2.8917
73.7206,0.6667,2.8706
73.7208,0.6909,2.9722
73.7210,0.7496,3.2219
73.7212,0.7233,3.1114
73.7214,0.7212,3.1012
73.7216,0.7688,3.3013
73.7218,0.802,3.4439
73.7220,0.7544,3.2455
73.7222,0.727,3.126
73.7224,0.7408,3.1882
73.7226,0.7063,3.0415
73.7228,0.6885,2.9646
73.7230,0.6567,2.8265
73.7232,0.6836,2.9421
73.7234,0.6918,2.9777
73.7236,0.6713,2.8881
73.7238,0.6522,2.8055
73.7240,0.7061,3.0377
73.7242,0.7152,3.0769
73.7244,0.6988,3.009
73.7246,0.5686,2.4517
73.7248,0.5569,2.4016
73.7250,0.5505,2.3725
73.7252,0.5607,2.4142
73.7254,0.5724,2.4671
73.7256,0.541,2.3328
73.7258,0.5333,2.2997
73.7260,0.5447,2.3499
73.7262,0.5422,2.3347
73.7264,0.6125,2.6348
73.7266,0.7177,3.0863
73.7268,0.7103,3.0543
73.7270,0.7205,3.0952
73.7272,0.7635,3.2832
73.7274,0.7387,3.1765
73.7276,0.7683,3.3038
73.7278,0.8063,3.4608
73.7280,0.8947,3.8365
73.7282,0.8824,3.7853
73.7284,0.8535,3.6597
73.7286,0.877,3.7639
73.7288,0.9023,3.8707
73.7290,0.943,4.0381
73.7292,1.0079,4.3219
73.7294,1.0012,4.2891
73.7296,1.0316,4.4154
73.7298,1.0398,4.4462
73.7300,1.128,4.819
73.7302,1.1914,5.0871
73.7304,1.2114,5.1798
73.7306,1.1429,4.8917
73.7308,1.1712,5.0057
73.7310,1.2276,5.2466
73.7312,1.1162,4.7817
73.7314,1.0282,4.4088
73.7316,1.0171,4.3594
73.7318,1.0048,4.3045
73.7320,0.9898,4.2502
73.7322,0.9868,4.2314
73.7324,0.9838,4.2205
73.7326,0.9663,4.1415
73.7328,1.0159,4.3543
73.7330,1.0165,4.3589
73.7332,0.9985,4.2858
73.7334,0.9759,4.1924
73.7336,0.9418,4.0386
73.7338,0.9734,4.1835
73.7340,0.9032,3.8803
73.7342,0.9348,4.0101
73.7344,0.95,4.0755
73.7346,0.9596,4.1224
73.7348,0.9205,3.9526
73.7350,0.9017,3.8772
73.7352,0.9013,3.872
73.7354,0.9268,3.9817
73.7356,0.911,3.9083
73.7358,0.8945,3.848
73.7360,0.8457,3.633
73.7362,0.8878,3.8138
73.7364,0.8852,3.8048
73.7366,0.8821,3.7878
73.7368,0.8794,3.7778
73.7370,0.8691,3.7387
73.7372,0.855,3.6766
73.7374,0.8104,3.4881
73.7376,0.7321,3.1525
73.7378,0.7041,3.0317
73.7380,0.7814,3.3647
73.7382,0.7904,3.3987
73.7384,0.8065,3.4662
73.7386,0.795,3.4231
73.7388,0.7266,3.1273
73.7390,0.7074,3.0462
73.7392,0.7037,3.0344
73.7394,0.6194,2.6722
73.7396,0.6186,2.6673
73.7398,0.6626,2.8544
73.7400,0.737,3.1766
73.7402,0.7134,3.0734
73.7404,0.6929,2.9851
73.7406,0.6718,2.8942
73.7408,0.7258,3.1237
73.7410,0.759,3.2651
73.7412,0.7187,3.0933
73.7414,0.7165,3.0883
73.7416,0.7093,3.0587
73.7418,0.7089,3.0524
73.7420,0.6808,2.9329
73.7422,0.6619,2.85
73.7424,0.6902,2.976
73.7426,0.626,2.6981
73.7428,0.6721,2.8898
73.7430,0.7806,3.358
73.7432,0.8014,3.4477
73.7434,0.7592,3.2723
73.7436,0.6885,2.9618
73.7438,0.6975,3.0061
73.7440,0.6392,2.7537
73.7442,0.658,2.8387
73.7444,0.5715,2.4653
73.7446,0.536,2.3143
73.7448,0.534,2.3071
73.7450,0.5416,2.3365
73.7452,0.5475,2.3629
73.7454,0.5333,2.3018
73.7456,0.5296,2.2869
73.7458,0.5331,2.2997
73.7460,0.535,2.3091
73.7462,0.5578,2.4052
73.7464,0.6741,2.9026
73.7466,0.6474,2.794
73.7468,0.543,2.3427
73.7470,0.5433,2.3448
73.7472,0.5394,2.3272
73.7474,0.5339,2.3023
73.7476,0.5354,2.3106
73.7478,0.54,2.3319
73.7480,0.5402,2.3303
73.7482,0.5363,2.3126
73.7484,0.5379,2.3215
73.7486,0.5282,2.2806
73.7488,0.5279,2.2764
73.7490,0.5978,2.5743
73.7492,0.6753,2.9078
73.7494,0.7143,3.0727
73.7496,0.7926,3.408
73.7498,0.7687,3.3115
73.7500,0.6572,2.8312
73.7502,0.6484,2.7934
73.7504,0.6706,2.8863
73.7506,0.7065,3.042
73.7508,0.6927,2.9785
73.7510,0.7549,3.2446
73.7512,0.8254,3.5509
73.7514,0.7657,3.2894
73.7516,0.8541,3.6691
73.7518,0.8816,3.7823
73.7520,0.9314,3.9957
73.7522,0.9209,3.9541
73.7524,0.8209,3.528
73.7526,0.7734,3.327
73.7528,0.7762,3.341
73.7530,0.7801,3.3544
73.7532,0.7758,3.3374
73.7534,0.6878,2.9615
73.7536,0.7032,3.0281
73.7538,0.6862,2.9507
73.7540,0.7255,3.1212
73.7542,0.7089,3.0495
73.7544,0.7304,3.1438
73.7546,0.7024,3.0259
73.7548,0.6713,2.8908
73.7550,0.6424,2.7625
73.7552,0.6826,2.942
73.7554,0.6013,2.5905
73.7556,0.593,2.5548
73.7558,0.5393,2.3277
73.7560,0.5117,2.2097
73.7562,0.5372,2.313
73.7564,0.6566,2.8246
73.7566,0.6816,2.942
73.7568,0.4885,2.1112
73.7570,0.4163,1.7976
73.7572,0.4144,1.7901
73.7574,0.4096,1.7694
73.7576,0.4048,1.7503
73.7578,0.4077,1.7628
73.7580,0.4049,1.75
73.7582,0.3879,1.6757
73.7584,0.3862,1.6692
73.7586,0.3885,1.679
73.7588,0.3965,1.7138
73.7590,0.3894,1.6832
73.7592,0.3742,1.6166
73.7594,0.4273,1.8418
73.7596,0.5469,2.3581
73.7598,0.5301,2.2868
73.7600,0.5687,2.4488
73.7602,0.6165,2.6536
73.7604,0.6639,2.8561
73.7606,0.6663,2.8664
73.7608,0.6971,2.9976
73.7610,0.744,3.1992
73.7612,0.7164,3.082
73.7614,0.7695,3.309
73.7616,0.791,3.3981
73.7618,0.8521,3.6557
73.7620,0.8625,3.7017
73.7622,0.8578,3.6782
73.7624,0.9599,4.1085
73.7626,1.0066,4.3162
73.7628,1.0077,4.3168
73.7630,0.9978,4.2727
73.7632,1.0237,4.3775
73.7634,1.1006,4.7105
73.7636,1.102,4.7189
73.7638,1.0637,4.5503
73.7640,1.0922,4.6746
73.7642,1.0921,4.6763
73.7644,1.0676,4.5737
73.7646,1.0918,4.673
73.7648,1.1125,4.7569
73.7650,1.1459,4.9068
73.7652,1.0777,4.6254
73.7654,0.9465,4.0662
73.7656,0.8878,3.8103
73.7658,0.8837,3.7981
73.7660,0.8396,3.6084
73.7662,0.8782,3.7673
73.7664,0.8964,3.8527
73.7666,0.8285,3.566
73.7668,0.6846,2.9494
73.7670,0.7023,3.0254
73.7672,0.7117,3.0648
73.7674,0.7097,3.0574
73.7676,0.6872,2.9603
73.7678,0.7477,3.2167
73.7680,0.7868,3.3817
73.7682,0.7918,3.4033
73.7684,0.7818,3.3585
73.7686,0.8748,3.7547
73.7688,0.9043,3.8885
73.7690,0.8056,3.4674
73.7692,0.7807,3.3554
73.7694,0.885,3.8055
73.7696,0.8144,3.4986
73.7698,0.8608,3.6996
73.7700,0.8224,3.538
73.7702,0.8025,3.4508
73.7704,0.8301,3.566
73.7706,0.8117,3.4937
73.7708,0.8013,3.4456
73.7710,0.845,3.6316
73.7712,0.8048,3.459
73.7714,0.787,3.3874
73.7716,0.7111,3.0608
73.7718,0.6902,2.976
73.7720,0.6462,2.7875
73.7722,0.6135,2.6468
73.7724,0.547,2.3597
73.7726,0.5874,2.5305
73.7728,0.695,2.9953
73.7730,0.6308,2.7163
73.7732,0.5725,2.4711
73.7734,0.5367,2.3174
73.7736,0.5004,2.1605
73.7738,0.4996,2.1574
73.7740,0.5078,2.1906
73.7742,0.5273,2.2791
73.7744,0.4078,1.7625
73.7746,0.3977,1.7173
73.7748,0.4096,1.7702
73.7750,0.4448,1.9226
73.7752,0.4492,1.9412
73.7754,0.4421,1.9098
73.7756,0.4522,1.9542
73.7758,0.449,1.9398
73.7760,0.4783,2.0643
73.7762,0.5264,2.2708
73.7764,0.4846,2.0937
73.7766,0.4472,1.9321
73.7768,0.4546,1.9637
73.7770,0.448,1.9352
73.7772,0.4592,1.9839
73.7774,0.4601,1.9875
73.7776,0.4603,1.9876
73.7778,0.4822,2.0804
73.7780,0.4463,1.927
73.7782,0.4571,1.9718
73.7784,0.4699,2.029
73.7786,0.4655,2.0108
73.7788,0.4379,1.8908
73.7790,0.4281,1.8475
73.7792,0.4706,2.0293
73.7794,0.5319,2.2935
73.7796,0.5722,2.4638
73.7798,0.5563,2.3979
73.7800,0.5902,2.5401
73.7802,0.6524,2.8092
73.7804,0.6051,2.6058
73.7806,0.5862,2.5265
73.7808,0.579,2.4967
73.7810,0.5808,2.501
73.7812,0.6141,2.642
73.7814,0.6478,2.7896
73.7816,0.5983,2.5799
73.7818,0.5424,2.3357
73.7820,0.6043,2.6046
73.7822,0.6114,2.6338
73.7824,0.6434,2.7679
73.7826,0.6706,2.8836
73.7828,0.739,3.1761
73.7830,0.7448,3.1998
73.7832,0.7428,3.194
73.7834,0.7537,3.2455
73.7836,0.6733,2.8923
73.7838,0.7858,3.3697
73.7840,0.8951,3.8399
73.7842,0.8827,3.7904
73.7844,0.8403,3.6065
73.7846,0.877,3.7587
73.7848,0.9026,3.8723
73.7850,0.8008,3.4452
73.7852,0.6283,2.7104
73.7854,0.5392,2.325
73.7856,0.5229,2.2547
73.7858,0.5815,2.5017
73.7860,0.6629,2.856
73.7862,0.5995,2.5839
73.7864,0.5716,2.4623
73.7866,0.584,2.5149
73.7868,0.5761,2.4808
73.7870,0.5719,2.4639
73.7872,0.5831,2.5143
73.7874,0.5856,2.5216
73.7876,0.5834,2.5158
73.7878,0.5161,2.2242
73.7880,0.5338,2.3028
73.7882,0.5133,2.2134
73.7884,0.5165,2.2284
73.7886,0.5209,2.2459
73.7888,0.5051,2.1792
73.7890,0.4837,2.0876
73.7892,0.499,2.1528
73.7894,0.4944,2.1307
73.7896,0.5152,2.2247
73.7898,0.4402,1.9006
73.7900,0.4044,1.7455
73.7902,0.4002,1.7282
73.7904,0.4278,1.8456
73.7906,0.4898,2.112
73.7908,0.503,2.1709
73.7910,0.4945,2.1312
73.7912,0.54,2.3265
73.7914,0.5721,2.4656
73.7916,0.5055,2.1818
73.7918,0.4222,1.8221
73.7920,0.3971,1.7148
73.7922,0.4355,1.8778
73.7924,0.5361,2.3095
73.7926,0.5245,2.2625
73.7928,0.5051,2.1762
73.7930,0.5374,2.3141
73.7932,0.5921,2.5471
73.7934,0.6107,2.6271
73.7936,0.6471,2.7787
73.7938,0.7222,3.1025
73.7940,0.7121,3.062
73.7942,0.7362,3.1642
73.7944,0.7644,3.2792
73.7946,0.8348,3.5811
73.7948,0.8609,3.6984
73.7950,0.7837,3.3636
73.7952,0.8055,3.4556
73.7954,0.8399,3.5999
73.7956,0.8856,3.7957
73.7958,0.9158,3.9289
73.7960,0.9388,4.0201
73.7962,0.9403,4.03
73.7964,0.9021,3.8756
73.7966,0.8236,3.53
73.7968,0.9332,3.9978
73.7970,0.9802,4.2012
73.7972,0.9685,4.1566
73.7974,0.8897,3.8185
73.7976,0.8563,3.6806
73.7978,0.8276,3.5536
73.7980,0.8465,3.6383
73.7982,0.8069,3.4618
73.7984,0.843,3.6166
73.7986,0.9098,3.905
73.7988,0.909,3.9014
73.7990,0.8555,3.6735
73.7992,0.8601,3.6931
73.7994,0.8483,3.6426
73.7996,0.7838,3.3672
73.7998,0.7881,3.3858
73.8000,0.8247,3.5396
73.8002,0.8656,3.7133
73.8004,0.9056,3.8888
73.8006,0.8701,3.7398
73.8008,0.8514,3.6492
73.8010,0.9265,3.9746
73.8012,0.9397,4.0237
73.8014,1.0352,4.4288
73.8016,1.0506,4.4944
73.8018,1.0621,4.5522
73.8020,0.9788,4.2028
73.8022,0.9043,3.8777
73.8024,0.9038,3.8828
73.8026,0.8484,3.6483
73.8028,0.742,3.1889
73.8030,0.7549,3.2461
73.8032,0.7957,3.4166
73.8034,0.8879,3.809
73.8036,0.9536,4.0871
73.8038,0.987,4.2324
73.8040,0.946,4.0604
73.8042,0.8681,3.7311
73.8044,0.8521,3.6659
73.8046,0.801,3.4425
73.8048,0.7755,3.3348
73.8050,0.7569,3.2564
73.8052,0.7508,3.2301
73.8054,0.7115,3.0637
73.8056,0.6903,2.9682
73.8058,0.7476,3.2191
73.8060,0.7358,3.17
73.8062,0.6054,2.6092
73.8064,0.5706,2.4605
73.8066,0.6289,2.7093
73.8068,0.644,2.7756
73.8070,0.5773,2.4895
73.8072,0.5637,2.4328
73.8074,0.5563,2.3979
73.8076,0.5706,2.4605
73.8078,0.5728,2.4687
73.8080,0.5831,2.5131
73.8082,0.6291,2.7115
73.8084,0.5784,2.4976
73.8086,0.5028,2.1689
73.8088,0.4996,2.1554
73.8090,0.5724,2.4625
73.8092,0.7113,3.0598
73.8094,0.6766,2.9135
73.8096,0.5992,2.5823
73.8098,0.5396,2.3287
73.8100,0.53,2.2873
73.8102,0.5367,2.3131
73.8104,0.5983,2.5763
73.8106,0.6115,2.6356
73.8108,0.6259,2.6963
73.8110,0.5385,2.3219
73.8112,0.531,2.292
73.8114,0.5333,2.3018
73.8116,0.5289,2.2795
73.8118,0.5295,2.2842
73.8120,0.5276,2.2759
73.8122,0.5609,2.4141
73.8124,0.6176,2.6607
73.8126,0.5433,2.3415
73.8128,0.527,2.2723
73.8130,0.5277,2.2765
73.8132,0.5275,2.2754
73.8134,0.5273,2.2728
73.8136,0.5258,2.2682
73.8138,0.5272,2.2723
73.8140,0.5878,2.5297
73.8142,0.5815,2.5064
73.8144,0.5505,2.3725
73.8146,0.5421,2.3364
73.8148,0.5966,2.5703
73.8150,0.6434,2.7666
73.8152,0.6767,2.914
73.8154,0.6372,2.7449
73.8156,0.6348,2.7346
73.8158,0.6368,2.7421
73.8160,0.63,2.7101
73.8162,0.6363,2.7387
73.8164,0.6722,2.8903
73.8166,0.7804,3.3559
73.8168,0.7422,3.1914
73.8170,0.712,3.0615
73.8172,0.684,2.9441
73.8174,0.6921,2.9759
73.8176,0.7615,3.2729
73.8178,0.751,3.2276
73.8180,0.74,3.1792
73.8182,0.7442,3.2032
73.8184,0.6947,2.9928
73.8186,0.637,2.7418
73.8188,0.6453,2.7761
73.8190,0.7145,3.0738
73.8192,0.6965,3.002
73.8194,0.6327,2.7233
73.8196,0.6111,2.6304
73.8198,0.6638,2.8543
73.8200,0.7765,3.3389
73.8202,0.764,3.2883
73.8204,0.6697,2.8835
73.8206,0.6851,2.946
73.8208,0.6782,2.9175
73.8210,0.6577,2.8345
73.8212,0.638,2.7447
73.8214,0.6978,3.0049
73.8216,0.6856,2.9522
73.8218,0.6282,2.7024
73.8220,0.6942,2.9866
73.8222,0.7488,3.2168
73.8224,0.8044,3.4526
73.8226,0.8418,3.6132
73.8228,0.8152,3.5005
73.8230,0.8,3.4384
73.8232,0.7569,3.2518
73.8234,0.8096,3.4812
73.8236,0.7308,3.1469
73.8238,0.6569,2.8275
73.8240,0.5718,2.468
73.8242,0.4975,2.1481
73.8244,0.4524,1.9534
73.8246,0.4348,1.8791
73.8248,0.4303,1.8599
73.8250,0.4175,1.8036
73.8252,0.4519,1.9486
73.8254,0.5382,2.3198
73.8256,0.5604,2.4177
73.8258,0.4932,2.1265
73.8260,0.5096,2.1973
73.8262,0.5458,2.3524
73.8264,0.606,2.607
73.8266,0.6605,2.8403
73.8268,0.7068,3.0422
73.8270,0.6956,2.9909
73.8272,0.7139,3.0698
73.8274,0.7463,3.206
73.8276,0.7737,3.3224
73.8278,0.8387,3.6031
73.8280,0.8717,3.7465
73.8282,0.7904,3.3924
73.8284,0.7994,3.431
73.8286,0.8676,3.7221
73.8288,0.8959,3.8435
73.8290,0.9024,3.864
73.8292,0.968,4.1487
73.8294,0.9966,4.2696
73.8296,1.0141,4.3466
73.8298,0.9495,4.0696
73.8300,1.0723,4.5873
73.8302,1.108,4.7445
73.8304,1.0655,4.5559
73.8306,1.0489,4.4956
73.8308,1.0446,4.4729
73.8310,1.0851,4.653
73.8312,0.9595,4.1199
73.8314,0.8868,3.8044
73.8316,0.967,4.1466
73.8318,0.9623,4.1246
73.8320,0.9755,4.1831
73.8322,0.9818,4.2059
73.8324,0.9553,4.1038
73.8326,0.8336,3.5827
73.8328,0.8662,3.7159
73.8330,0.9318,3.9973
73.8332,0.9856,4.2243
73.8334,0.9599,4.1162
73.8336,0.8945,3.8391
73.8338,0.8362,3.599
73.8340,0.7223,3.1102
73.8342,0.7158,3.078
73.8344,0.7421,3.1939
73.8346,0.7222,3.1097
73.8348,0.7231,3.108
73.8350,0.7357,3.171
73.8352,0.6603,2.8419
73.8354,0.7212,3.1027
73.8356,0.7633,3.2822
73.8358,0.7786,3.3529
73.8360,0.7517,3.2337
73.8362,0.7261,3.1282
73.8364,0.6819,2.9321
73.8366,0.7689,3.308
73.8368,0.7578,3.257
73.8370,0.8098,3.4774
73.8372,0.7998,3.4437
73.8374,0.7264,3.1307
73.8376,0.6411,2.7594
73.8378,0.6916,2.9808
73.8380,0.5534,2.3883
73.8382,0.5557,2.3942
73.8384,0.5713,2.467
73.8386,0.509,2.1968
73.8388,0.5613,2.4168
73.8390,0.6778,2.9186
73.8392,0.6156,2.6568
73.8394,0.5652,2.4384
73.8396,0.5698,2.4557
73.8398,0.5733,2.4742
73.8400,0.5181,2.2361
73.8402,0.5096,2.1963
73.8404,0.5444,2.3462
73.8406,0.5839,2.5214
73.8408,0.5215,2.2506
73.8410,0.5457,2.3519
73.8412,0.6221,2.6798
73.8414,0.6023,2.597
73.8416,0.5547,2.3917
73.8418,0.5581,2.4078
73.8420,0.5695,2.457
73.8422,0.5804,2.5006
73.8424,0.6107,2.6344
73.8426,0.5587,2.4127
73.8428,0.5213,2.248
73.8430,0.5512,2.3756
73.8432,0.5653,2.44
73.8434,0.5098,2.2014
73.8436,0.4634,2.0011
73.8438,0.4536,1.9586
73.8440,0.4571,1.9727
73.8442,0.4561,1.9686
73.8444,0.496,2.1389
73.8446,0.5207,2.2496
73.8448,0.4573,1.9737
73.8450,0.4856,2.0949
73.8452,0.5409,2.3344
73.8454,0.4685,2.0228
73.8456,0.4487,1.9374
73.8458,0.4486,1.9378
73.8460,0.4483,1.9367
73.8462,0.4486,1.9351
73.8464,0.4548,1.9638
73.8466,0.4453,1.9229
73.8468,0.4451,1.9201
73.8470,0.4453,1.922
73.8472,0.4457,1.9227
73.8474,0.4482,1.9353
73.8476,0.448,1.9334
73.8478,0.4453,1.922
73.8480,0.4555,1.9651
73.8482,0.5156,2.2222
73.8484,0.5845,2.517
73.8486,0.6562,2.8231
73.8488,0.6712,2.8903
73.8490,0.5936,2.555
73.8492,0.6056,2.6042
73.8494,0.7381,3.171
73.8496,0.8001,3.4357
73.8498,0.7909,3.3944
73.8500,0.7734,3.3255
73.8502,0.7167,3.0802
73.8504,0.7598,3.2642
73.8506,0.747,3.2106
73.8508,0.7313,3.1431
73.8510,0.783,3.3683
73.8512,0.7403,3.1876
73.8514,0.7155,3.0707
73.8516,0.7752,3.3317
73.8518,0.7141,3.0737
73.8520,0.6749,2.8995
73.8522,0.6782,2.9216
73.8524,0.6229,2.6859
73.8526,0.5484,2.3638
73.8528,0.54,2.3276
73.8530,0.5438,2.3447
73.8532,0.5354,2.3085
73.8534,0.5368,2.3115
73.8536,0.5349,2.3043
73.8538,0.5319,2.2935
73.8540,0.5337,2.3023
73.8542,0.5138,2.2134
73.8544,0.5627,2.4219
73.8546,0.615,2.6506
73.8548,0.5851,2.5195
73.8550,0.5802,2.5019
73.8552,0.5385,2.3176
73.8554,0.568,2.4503
73.8556,0.5041,2.1746
73.8558,0.5002,2.157
73.8560,0.5056,2.1803
73.8562,0.5198,2.2361
73.8564,0.6062,2.6128
73.8566,0.5412,2.3349
73.8568,0.5069,2.1849
73.8570,0.505,2.1757
73.8572,0.5152,2.2206
73.8574,0.4692,2.0269
73.8576,0.3911,1.6896
73.8578,0.4005,1.7309
73.8580,0.4177,1.8055
73.8582,0.4141,1.7883
73.8584,0.4216,1.817
73.8586,0.5332,2.2939
73.8588,0.5954,2.5639
73.8590,0.5971,2.57
73.8592,0.5872,2.5307
73.8594,0.5547,2.3884
73.8596,0.576,2.4769
73.8598,0.6739,2.8962
73.8600,0.6905,2.9692
73.8602,0.678,2.9143
73.8604,0.6821,2.9304
73.8606,0.6998,3.0019
73.8608,0.7682,3.2956
73.8610,0.8096,3.4747
73.8612,0.8585,3.6864
73.8614,0.8667,3.718
73.8616,0.8411,3.6084
73.8618,0.8626,3.6987
73.8620,0.8813,3.7807
73.8622,0.9306,3.9791
73.8624,1.1137,4.7553
73.8626,1.1509,4.9191
73.8628,1.1487,4.9048
73.8630,1.1722,5.0098
73.8632,1.1611,4.965
73.8634,1.1138,4.7647
73.8636,1.0424,4.4616
73.8638,1.0533,4.5062
73.8640,1.1164,4.7716
73.8642,1.1081,4.7473
73.8644,1.0532,4.5225
73.8646,0.8839,3.792
73.8648,0.8388,3.5969
73.8650,0.8834,3.7935
73.8652,0.8531,3.6615
73.8654,0.8884,3.8093
73.8656,0.8958,3.843
73.8658,0.9406,4.0334
73.8660,0.9727,4.1727
73.8662,0.9376,4.0243
73.8664,0.8362,3.5957
73.8666,0.7869,3.3853
73.8668,0.7508,3.2271
73.8670,0.7752,3.3332
73.8672,0.7721,3.3198
73.8674,0.7575,3.2605
73.8676,0.7616,3.275
73.8678,0.8258,3.5442
73.8680,0.8687,3.7302
73.8682,0.8602,3.6953
73.8684,0.8547,3.6682
73.8686,0.9465,4.0549
73.8688,1.0141,4.3547
73.8690,0.9238,3.9615
73.8692,0.9517,4.0788
73.8694,0.9952,4.2714
73.8696,0.9555,4.0972
73.8698,0.9519,4.0818
73.8700,0.9306,3.994
73.8702,0.8608,3.6996
73.8704,0.8562,3.6783
73.8706,0.8583,3.6888
73.8708,0.7978,3.4291
73.8710,0.7803,3.3554
73.8712,0.7639,3.2863
73.8714,0.7625,3.274
73.8716,0.8319,3.5688
73.8718,0.883,3.795
73.8720,0.8458,3.6318
73.8722,0.8511,3.6579
73.8724,0.8434,3.6249
73.8726,0.8242,3.5408
73.8728,0.8206,3.5254
73.8730,0.7954,3.4267
73.8732,0.6526,2.8128
73.8734,0.6625,2.8605
73.8736,0.5904,2.5458
73.8738,0.5761,2.4831
73.8740,0.5715,2.4653
73.8742,0.5681,2.4508
73.8744,0.5975,2.5763
73.8746,0.5869,2.5296
73.8748,0.5918,2.5532
73.8750,0.5921,2.5542
73.8752,0.5626,2.4281
73.8754,0.4977,2.1452
73.8756,0.6343,2.7338
73.8758,0.6179,2.6654
73.8760,0.5368,2.3136
73.8762,0.5693,2.4571
73.8764,0.5333,2.3018
73.8766,0.5225,2.2563
73.8768,0.5179,2.234
73.8770,0.5235,2.2584
73.8772,0.523,2.2573
73.8774,0.52,2.2413
73.8776,0.5462,2.3572
73.8778,0.5215,2.2485
73.8780,0.5322,2.2951
73.8782,0.5417,2.337
73.8784,0.5403,2.3297
73.8786,0.5592,2.4103
73.8788,0.6581,2.8327
73.8790,0.6544,2.818
73.8792,0.5797,2.4986
73.8794,0.5677,2.4481
73.8796,0.6189,2.6651
73.8798,0.6583,2.8319
73.8800,0.6646,2.8619
73.8802,0.6549,2.8187
73.8804,0.6754,2.9083
73.8806,0.6591,2.8368
73.8808,0.6728,2.8956
73.8810,0.7171,3.0851
73.8812,0.7167,3.0831
73.8814,0.7271,3.1221
73.8816,0.7898,3.3946
73.8818,0.7833,3.3761
73.8820,0.6798,2.9233
73.8822,0.7047,3.0329
73.8824,0.7055,3.0365
73.8826,0.6934,2.983
73.8828,0.6523,2.8061
73.8830,0.7241,3.1136
73.8832,0.7647,3.2899
73.8834,0.7264,3.1248
73.8836,0.7328,3.1498
73.8838,0.7803,3.3523
73.8840,0.8012,3.4419
73.8842,0.8379,3.5979
73.8844,0.8344,3.5813
73.8846,0.8499,3.6544
73.8848,0.7506,3.232
73.8850,0.7108,3.0621
73.8852,0.6523,2.8061
73.8854,0.6989,3.0095
73.8856,0.6427,2.7674
73.8858,0.6086,2.6207
73.8860,0.6405,2.7594
73.8862,0.6205,2.6756
73.8864,0.6012,2.5911
73.8866,0.6592,2.8373
73.8868,0.7,3.0156
73.8870,0.6381,2.749
73.8872,0.5864,2.5287
73.8874,0.5772,2.4843
73.8876,0.6156,2.6531
73.8878,0.5932,2.5553
73.8880,0.6243,2.6859
73.8882,0.739,3.1761
73.8884,0.6626,2.8571
73.8886,0.5492,2.3691
73.8888,0.5217,2.2496
73.8890,0.5223,2.2511
73.8892,0.5404,2.3291
73.8894,0.5935,2.5569
73.8896,0.6145,2.6411
73.8898,0.6543,2.8266
73.8900,0.4553,1.9677
73.8902,0.4171,1.8029
73.8904,0.3984,1.7212
73.8906,0.3983,1.7199
73.8908,0.4577,1.9744
73.8910,0.5158,2.2232
73.8912,0.5091,2.1932
73.8914,0.5452,2.3487
73.8916,0.6037,2.5984
73.8918,0.6187,2.6666
73.8920,0.5722,2.4684
73.8922,0.5038,2.1725
73.8924,0.4935,2.1271
73.8926,0.5127,2.2108
73.8928,0.5535,2.3832
73.8930,0.6163,2.655
73.8932,0.5898,2.542
73.8934,0.5717,2.4617
73.8936,0.647,2.7834
73.8938,0.7054,3.0332
73.8940,0.717,3.0817
73.8942,0.7404,3.1793
73.8944,0.7842,3.3641
73.8946,0.8223,3.526
73.8948,0.923,3.9579
73.8950,0.9408,4.034
73.8952,0.9575,4.1021
73.8954,0.9779,4.1914
73.8956,1.0057,4.3086
73.8958,1.022,4.3682
73.8960,1.1246,4.8131
73.8962,1.0833,4.6409
73.8964,1.0225,4.3785
73.8966,1.0429,4.4616
73.8968,1.0801,4.6357
73.8970,0.8976,3.8578
73.8972,0.8153,3.5011
73.8974,0.8135,3.4885
73.8976,0.9145,3.9214
73.8978,0.948,4.0667
73.8980,0.9779,4.1933
73.8982,0.9706,4.162
73.8984,0.9415,4.0389
73.8986,0.9589,4.1097
73.8988,0.9852,4.2188
73.8990,0.9667,4.1431
73.8992,0.9307,3.9982
73.8994,0.8456,3.6325
73.8996,0.8629,3.7055
73.8998,0.8972,3.8527
73.9000,0.8394,3.6062
73.9002,0.8469,3.6399
73.9004,0.8369,3.5971
73.9006,0.825,3.5444
73.9008,0.8164,3.5041
73.9010,0.885,3.7984
73.9012,0.9536,4.0985
73.9014,0.8745,3.7619
73.9016,0.8233,3.54
73.9018,0.827,3.5543
73.9020,0.8518,3.6593
73.9022,0.8586,3.6852
73.9024,0.8583,3.6888
73.9026,0.8015,3.4467
73.9028,0.7941,3.4147
73.9030,0.8127,3.4897
73.9032,0.8664,3.7221
73.9034,0.8322,3.5803
73.9036,0.7729,3.3296
73.9038,0.6754,2.9097
73.9040,0.6119,2.6371
73.9042,0.6367,2.7467
73.9044,0.6049,2.6072
73.9046,0.6372,2.7474
73.9048,0.5456,2.3568
73.9050,0.5041,2.1776
73.9052,0.5361,2.3073
73.9054,0.6849,2.9477
73.9056,0.7273,3.1348
73.9058,0.6138,2.6503
73.9060,0.4984,2.1512
73.9062,0.4793,2.0694
73.9064,0.4807,2.0766
73.9066,0.4862,2.0985
73.9068,0.4952,2.1363
73.9070,0.5043,2.1776
73.9072,0.4597,1.9896
73.9074,0.4025,1.7405
73.9076,0.3962,1.713
73.9078,0.4173,1.8034
73.9080,0.454,1.9611
73.9082,0.4693,2.0246
73.9084,0.5012,2.1642
73.9086,0.506,2.1788
73.9088,0.6559,2.8281
73.9090,0.5216,2.2501
73.9092,0.4834,2.0895
73.9094,0.4822,2.0823
73.9096,0.5333,2.2976
73.9098,0.558,2.4051
73.9100,0.5617,2.4234
73.9102,0.5625,2.4265
73.9104,0.5526,2.3818
73.9106,0.4529,1.9573
73.9108,0.453,1.956
73.9110,0.4496,1.9424
73.9112,0.4794,2.068
73.9114,0.523,2.2531
73.9116,0.5535,2.3832
73.9118,0.5421,2.3364
73.9120,0.5557,2.3953
73.9122,0.5697,2.4541
73.9124,0.5645,2.4353
73.9126,0.4697,2.028
73.9128,0.4599,1.987
73.9130,0.4558,1.9679
73.9132,0.4526,1.9536
73.9134,0.4537,1.9582
73.9136,0.4549,1.9625
73.9138,0.4592,1.9793
73.9140,0.5264,2.2666
73.9142,0.5601,2.4128
73.9144,0.5715,2.4641
73.9146,0.553,2.3834
73.9148,0.5556,2.3936
73.9150,0.5553,2.3932
73.9152,0.5821,2.5055
73.9154,0.626,2.6944
73.9156,0.5765,2.4824
73.9158,0.6257,2.6916
73.9160,0.7129,3.0656
73.9162,0.7591,3.2611
73.9164,0.7644,3.2822
73.9166,0.7956,3.4177
73.9168,0.7101,3.0575
73.9170,0.6163,2.6526
73.9172,0.6314,2.7201
73.9174,0.6113,2.6309
73.9176,0.6314,2.7163
73.9178,0.6669,2.873
73.9180,0.656,2.8247
73.9182,0.6332,2.7253
73.9184,0.6187,2.6641
73.9186,0.5701,2.455
73.9188,0.5661,2.4352
73.9190,0.6411,2.7619
73.9192,0.6276,2.7011
73.9194,0.6614,2.8466
73.9196,0.6635,2.8599
73.9198,0.6526,2.8076
73.9200,0.6743,2.8983
73.9202,0.7066,3.0369
73.9204,0.7164,3.0806
73.9206,0.6948,2.992
73.9208,0.6712,2.8862
73.9210,0.6801,2.9244
73.9212,0.6641,2.8585
73.9214,0.5941,2.5595
73.9216,0.6233,2.6812
73.9218,0.6659,2.8702
73.9220,0.5416,2.3343
73.9222,0.5105,2.1994
73.9224,0.5481,2.3611
73.9226,0.5748,2.4774
73.9228,0.558,2.4073
73.9230,0.4692,2.0259
73.9232,0.4004,1.7295
73.9234,0.3954,1.7075
73.9236,0.3963,1.7119
73.9238,0.4013,1.7329
73.9240,0.4332,1.868
73.9242,0.4457,1.9253
73.9244,0.4067,1.7562
73.9246,0.4952,2.1343
73.9248,0.4988,2.1488
73.9250,0.494,2.1301
73.9252,0.4896,2.112
73.9254,0.5122,2.2046
73.9256,0.5665,2.4407
73.9258,0.5532,2.3833
73.9260,0.578,2.4891
73.9262,0.6435,2.7671
73.9264,0.688,2.9584
73.9266,0.7055,3.0351
73.9268,0.6947,2.9845
73.9270,0.7102,3.0509
73.9272,0.7134,3.062
73.9274,0.7731,3.3198
73.9276,0.8059,3.4604
73.9278,0.8815,3.7729
73.9280,1.0009,4.2861
73.9282,0.9512,4.0787
73.9284,0.9232,3.9534
73.9286,0.9542,4.0858
73.9288,0.9711,4.1524
73.9290,1.0077,4.3188
73.9292,0.9164,3.9333
73.9294,0.8827,3.7798
73.9296,0.9274,3.975
73.9298,0.9501,4.0665
73.9300,0.9815,4.2048
73.9302,0.9583,4.1109
73.9304,0.8562,3.6732
73.9306,0.8754,3.7538
73.9308,0.9297,3.9829
73.9310,0.9489,4.0689
73.9312,0.945,4.052
73.9314,0.9282,3.9818
73.9316,0.8904,3.818
73.9318,0.8941,3.834
73.9320,0.8153,3.5027
73.9322,0.785,3.3739
73.9324,0.826,3.5502
73.9326,0.7854,3.3739
73.9328,0.7731,3.3229
73.9330,0.7914,3.4013
73.9332,0.7966,3.4223
73.9334,0.7908,3.3987
73.9336,0.7786,3.3482
73.9338,0.7898,3.393
73.9340,0.7836,3.3678
73.9342,0.78,3.357
73.9344,0.7272,3.127
73.9346,0.7367,3.1648
73.9348,0.771,3.309
73.9350,0.8179,3.5151
73.9352,0.8348,3.5828
73.9354,0.8502,3.6492
73.9356,0.9188,3.9509
73.9358,0.7938,3.4116
73.9360,0.7634,3.2827
73.9362,0.7412,3.1829
73.9364,0.7634,3.2827
73.9366,0.7133,3.0715
73.9368,0.7071,3.0446
73.9370,0.6725,2.8986
73.9372,0.6572,2.8272
73.9374,0.7011,3.0202
73.9376,0.6304,2.7198
73.9378,0.586,2.5278
73.9380,0.5715,2.4641
73.9382,0.6682,2.8733
73.9384,0.726,3.1262
73.9386,0.6189,2.6676
73.9388,0.5903,2.5441
73.9390,0.6253,2.6925
73.9392,0.6703,2.8834
73.9394,0.691,2.9727
73.9396,0.6909,2.9735
73.9398,0.6993,3.0125
73.9400,0.6466,2.7831
73.9402,0.6676,2.8761
73.9404,0.659,2.8376
73.9406,0.6953,2.9926
73.9408,0.7436,3.1961
73.9410,0.7265,3.1268
73.9412,0.6775,2.913
73.9414,0.7145,3.0652
73.9416,0.8439,3.6236
73.9418,0.8458,3.6369
73.9420,0.7852,3.375
73.9422,0.7083,3.0555
73.9424,0.5436,2.3463
73.9426,0.5314,2.2925
73.9428,0.5292,2.2821
73.9430,0.524,2.2604
73.9432,0.5233,2.2563
73.9434,0.5296,2.2847
73.9436,0.5328,2.2987
73.9438,0.5427,2.34
73.9440,0.5283,2.2801
73.9442,0.5246,2.263
73.9444,0.5278,2.2759
73.9446,0.5295,2.2832
73.9448,0.53,2.2852
73.9450,0.5282,2.2796
73.9452,0.5243,2.262
73.9454,0.532,2.2919
73.9456,0.5998,2.5861
73.9458,0.5598,2.4151
73.9460,0.5295,2.2832
73.9462,0.5239,2.2578
73.9464,0.5273,2.2728
73.9466,0.5313,2.2899
73.9468,0.5839,2.5132
73.9470,0.7198,3.0936
73.9472,0.7411,3.1883
73.9474,0.6814,2.9355
73.9476,0.6422,2.7666
73.9478,0.6313,2.7171
73.9480,0.6279,2.7014
73.9482,0.6462,2.7823
73.9484,0.6936,2.9854
73.9486,0.6667,2.872
73.9488,0.6929,2.9795
73.9490,0.7495,3.2199
73.9492,0.7504,3.222
73.9494,0.8067,3.464
73.9496,0.8453,3.6315
73.9498,0.7959,3.424
73.9500,0.7336,3.1529
73.9502,0.7416,3.1889
73.9504,0.7607,3.2708
73.9506,0.7596,3.2677
73.9508,0.7068,3.0422
73.9510,0.651,2.7991
73.9512,0.6988,3.0034
73.9514,0.7404,3.1808
73.9516,0.7899,3.3935
73.9518,0.8144,3.5018
73.9520,0.7494,3.2239
73.9522,0.6898,2.9675
73.9524,0.7038,3.0293
73.9526,0.7105,3.0582
73.9528,0.6716,2.8905
73.9530,0.6548,2.8182
73.9532,0.6119,2.6335
73.9534,0.6357,2.7374
73.9536,0.6029,2.6008
73.9538,0.527,2.2734
73.9540,0.5103,2.2004
73.9542,0.5109,2.203
73.9544,0.508,2.1916
73.9546,0.5007,2.1621
73.9548,0.4373,1.8856
73.9550,0.4896,2.112
73.9552,0.4563,1.9733
73.9554,0.4014,1.7342
73.9556,0.4049,1.7468
73.9558,0.4689,2.0268
73.9560,0.4089,1.7647
73.9562,0.4159,1.7952
73.9564,0.3922,1.6943
73.9566,0.4075,1.7606
73.9568,0.4083,1.7637
73.9570,0.4314,1.8611
73.9572,0.4884,2.1068
73.9574,0.4528,1.9532
73.9576,0.5072,2.185
73.9578,0.5438,2.3447
73.9580,0.4791,2.066
73.9582,0.4704,2.0283
73.9584,0.4801,2.0701
73.9586,0.4942,2.1292
73.9588,0.5336,2.2997
73.9590,0.5651,2.4333
73.9592,0.6025,2.5896
73.9594,0.6887,2.9629
73.9596,0.6349,2.7325
73.9598,0.6303,2.7091
73.9600,0.7316,3.1402
73.9602,0.8385,3.5988
73.9604,0.8246,3.5391
73.9606,0.8715,3.7385
73.9608,0.8673,3.7205
73.9610,0.8545,3.6694
73.9612,0.8138,3.4911
73.9614,0.8658,3.7126
73.9616,0.8673,3.7188
73.9618,0.8846,3.7987
73.9620,0.8938,3.8324
73.9622,0.9577,4.1045
73.9624,0.9667,4.1354
73.9626,1.003,4.2968
73.9628,0.9935,4.2502
73.9630,1.0357,4.4412
73.9632,0.8952,3.8422
73.9634,0.8151,3.5
73.9636,0.852,3.6569
73.9638,0.8689,3.7295
73.9640,0.8523,3.6494
73.9642,0.9381,4.0226
73.9644,0.9487,4.0679
73.9646,0.9418,4.0367
73.9648,0.9551,4.0918
73.9650,1.0352,4.437
73.9652,1.0074,4.3259
73.9654,0.8975,3.8537
73.9656,0.8508,3.6501
73.9658,0.8857,3.798
73.9660,0.8963,3.845
73.9662,0.9187,3.9412
73.9664,0.8857,3.8033
73.9666,0.8774,3.766
73.9668,0.9252,3.969
73.9670,0.952,4.0842
73.9672,0.9496,4.0777
73.9674,0.899,3.8586
73.9676,0.8926,3.8326
73.9678,0.8316,3.5711
73.9680,0.8333,3.5833
73.9682,0.8426,3.6179
73.9684,0.8145,3.5056
73.9686,0.6806,2.9278
73.9688,0.7055,3.0379
73.9690,0.7113,3.0584
73.9692,0.7314,3.1465
73.9694,0.7186,3.0899
73.9696,0.82,3.5179
73.9698,0.8705,3.7449
73.9700,0.7031,3.0248
73.9702,0.6768,2.9172
73.9704,0.6486,2.7979
73.9706,0.5644,2.4381
73.9708,0.4554,1.9655
73.9710,0.4583,1.9788
73.9712,0.4993,2.1549
73.9714,0.5852,2.5212
73.9716,0.6369,2.7451
73.9718,0.5825,2.5094
73.9720,0.6149,2.6501
73.9722,0.6345,2.731
73.9724,0.6567,2.8317
73.9726,0.5281,2.278
73.9728,0.4876,2.1047
73.9730,0.5032,2.1699
73.9732,0.5745,2.4759
73.9734,0.5999,2.5843
73.9736,0.598,2.5772
73.9738,0.5951,2.566
73.9740,0.5831,2.5143
73.9742,0.5751,2.4785
73.9744,0.5384,2.3203
73.9746,0.5489,2.3658
73.9748,0.5723,2.4689
73.9750,0.5656,2.441
73.9752,0.5019,2.1652
73.9754,0.4851,2.0938
73.9756,0.4849,2.0928
73.9758,0.4951,2.1348
73.9760,0.5344,2.3065
73.9762,0.5336,2.3007
73.9764,0.5103,2.2045
73.9766,0.4369,1.8884
73.9768,0.4066,1.754
73.9770,0.4518,1.9508
73.9772,0.4929,2.1245
73.9774,0.5559,2.3969
73.9776,0.4677,2.0197
73.9778,0.4586,1.9785
73.9780,0.5032,2.1689
73.9782,0.4946,2.1327
73.9784,0.4558,1.9661
73.9786,0.4771,2.0582
73.9788,0.5285,2.279
73.9790,0.5543,2.3869
73.9792,0.5769,2.4851
73.9794,0.5778,2.4881
73.9796,0.6261,2.6936
73.9798,0.6935,2.9835
73.9800,0.6701,2.8816
73.9802,0.671,2.8892
73.9804,0.6151,2.6499
73.9806,0.5677,2.4458
73.9808,0.5643,2.4297
73.9810,0.5655,2.4371
73.9812,0.5649,2.4346
73.9814,0.585,2.5167
73.9816,0.6351,2.7323
73.9818,0.6783,2.9126
73.9820,0.7938,3.4131
73.9822,0.7221,3.1063
73.9824,0.6868,2.9519
73.9826,0.7032,3.0253
73.9828,0.7139,3.0698
73.9830,0.6915,2.9747
73.9832,0.712,3.0629
73.9834,0.728,3.1306
73.9836,0.7526,3.2333
73.9838,0.8126,3.4892
73.9840,0.7655,3.2899
73.9842,0.7043,3.0285
73.9844,0.63,2.7139
73.9846,0.5986,2.575
73.9848,0.6839,2.9477
73.9850,0.5544,2.3896
73.9852,0.5345,2.3059
73.9854,0.5398,2.3287
73.9856,0.5351,2.3075
73.9858,0.5258,2.2629
73.9860,0.6162,2.6533
73.9862,0.5763,2.4871
73.9864,0.4818,2.0793
73.9866,0.4637,2.0002
73.9868,0.4611,1.9894
73.9870,0.4609,1.9874
73.9872,0.4579,1.9763
73.9874,0.4671,2.0143
73.9876,0.5151,2.218
73.9878,0.5526,2.3829
73.9880,0.5068,2.1865
73.9882,0.5016,2.1617
73.9884,0.5083,2.1906
73.9886,0.5476,2.3623
73.9888,0.506,2.1818
73.9890,0.5205,2.2402
73.9892,0.5832,2.5125
73.9894,0.5457,2.3508
73.9896,0.5964,2.5657
73.9898,0.6493,2.7945
73.9900,0.6205,2.6719
73.9902,0.5808,2.5044
73.9904,0.546,2.3501
73.9906,0.6452,2.7743
73.9908,0.6366,2.741
73.9910,0.5959,2.5672
73.9912,0.5842,2.5143
73.9914,0.6048,2.6066
73.9916,0.5773,2.4883
73.9918,0.5844,2.5153
73.9920,0.5981,2.5753
73.9922,0.63,2.7114
73.9924,0.6736,2.8898
73.9926,0.8138,3.4944
73.9928,0.7078,3.0421
73.9930,0.6852,2.9452
73.9932,0.7253,3.1159
73.9934,0.7675,3.2941
73.9936,0.7964,3.4181
73.9938,0.8354,3.5854
73.9940,0.7891,3.3946
73.9942,0.6869,2.9538
73.9944,0.7204,3.0904
73.9946,0.8557,3.6711
73.9948,0.9322,3.9956
73.9950,0.9688,4.1465
73.9952,0.9978,4.2747
73.9954,0.9279,3.979
73.9956,0.9155,3.9255
73.9958,0.9388,4.0239
73.9960,0.9411,4.0355
73.9962,0.9664,4.1401
73.9964,1.0138,4.341
73.9966,0.983,4.213
73.9968,0.9246,3.9682
73.9970,0.9155,3.9236
73.9972,0.9392,4.031
73.9974,0.817,3.5099
73.9976,0.8338,3.5804
73.9978,0.875,3.754
73.9980,0.88,3.7786
73.9982,0.8427,3.6151
73.9984,0.8519,3.6564
73.9986,0.876,3.7563
73.9988,0.8896,3.8144
73.9990,0.9149,3.9229
73.9992,0.9379,4.0254
73.9994,0.9273,3.9727
73.9996,0.9683,4.1483
73.9998,1.0177,4.362
74.0000,1.005,4.3095
74.0002,0.982,4.2069
74.0004,1.0523,4.4974
74.0006,1.1526,4.9309
74.0008,1.0851,4.6552
74.0010,0.9463,4.0709
74.0012,0.8277,3.5557
74.0014,0.8151,3.4984
74.0016,0.8309,3.5697
74.0018,0.8308,3.5675
74.0020,0.8583,3.6854
74.0022,0.9041,3.8821
74.0024,0.9423,4.0482
74.0026,0.8501,3.6504
74.0028,0.8557,3.6746
74.0030,0.8157,3.5059
74.0032,0.8402,3.6076
74.0034,0.812,3.4964
74.0036,0.6755,2.9129
74.0038,0.6397,2.7557
74.0040,0.6542,2.8182
74.0042,0.6698,2.8827
74.0044,0.7271,3.1294
74.0046,0.7472,3.2176
74.0048,0.697,2.9971
74.0050,0.7619,3.276
74.0052,0.7964,3.4245
74.0054,0.7896,3.3935
74.0056,0.8056,3.4674
74.0058,0.7777,3.3487
74.0060,0.6974,3.0042
74.0062,0.6496,2.7999
74.0064,0.591,2.5484
74.0066,0.574,2.475
74.0068,0.5761,2.4866
74.0070,0.5122,2.2128
74.0072,0.4831,2.086
74.0074,0.4838,2.0881
74.0076,0.4816,2.0778
74.0078,0.5742,2.4703
74.0080,0.7638,3.2843
74.0082,0.7369,3.1747
74.0084,0.6026,2.5998
74.0086,0.5279,2.2775
74.0088,0.5235,2.2594
74.0090,0.526,2.2692
74.0092,0.5288,2.279
74.0094,0.5282,2.2796
74.0096,0.555,2.3922
74.0098,0.6119,2.6359
74.0100,0.6111,2.6353
74.0102,0.585,2.5225
74.0104,0.5544,2.3907
74.0106,0.5508,2.3763
74.0108,0.5517,2.3788
74.0110,0.5995,2.5791
74.0112,0.7047,3.0329
74.0114,0.709,3.0515
74.0116,0.6791,2.9257
74.0118,0.6203,2.6745
74.0120,0.5393,2.3277
74.0122,0.526,2.2713
74.0124,0.5252,2.2656
74.0126,0.5219,2.2506
74.0128,0.526,2.2692
74.0130,0.5439,2.3419
74.0132,0.65,2.7963
74.0134,0.6499,2.8009
74.0136,0.628,2.7069
74.0138,0.6279,2.7039
74.0140,0.6302,2.7162
74.0142,0.6376,2.747
74.0144,0.6304,2.7147
74.0146,0.6367,2.7416
74.0148,0.6604,2.8398
74.0150,0.7676,3.2992
74.0152,0.7593,3.2667
74.0154,0.7153,3.0802
74.0156,0.6712,2.8929
74.0158,0.6125,2.6373
74.0160,0.634,2.7277
74.0162,0.6645,2.8627
74.0164,0.6592,2.8386
74.0166,0.68,2.9266
74.0168,0.7102,3.0538
74.0170,0.7634,3.2812
74.0172,0.7659,3.2935
74.0174,0.7156,3.0841
74.0176,0.6343,2.73
74.0178,0.6731,2.8985
74.0180,0.7204,3.0991
74.0182,0.7251,3.1192
74.0184,0.6498,2.7991
74.0186,0.6483,2.7903
74.0188,0.676,2.9055
74.0190,0.7392,3.18
74.0192,0.7235,3.1139
74.0194,0.7015,3.0167
74.0196,0.6994,3.006
74.0198,0.7123,3.0673
74.0200,0.643,2.7689
74.0202,0.6792,2.9221
74.0204,0.7126,3.0726
74.0206,0.5685,2.4512
74.0208,0.524,2.2594
74.0210,0.5356,2.3095
74.0212,0.5873,2.5312
74.0214,0.5601,2.4128
74.0216,0.5364,2.3142
74.0218,0.5366,2.3137
74.0220,0.5589,2.4076
74.0222,0.631,2.716
74.0224,0.5711,2.4649
74.0226,0.4866,2.099
74.0228,0.5324,2.2934
74.0230,0.5691,2.4561
74.0232,0.5574,2.4025
74.0234,0.5918,2.5485
74.0236,0.6168,2.6583
74.0238,0.5874,2.5352
74.0240,0.5011,2.1626
74.0242,0.493,2.127
74.0244,0.4921,2.1238
74.0246,0.4897,2.1115
74.0248,0.4939,2.1306
74.0250,0.4948,2.1328
74.0252,0.5153,2.2211
74.0254,0.5549,2.3894
74.0256,0.5854,2.5182
74.0258,0.6544,2.8154
74.0260,0.7109,3.0583
74.0262,0.6999,3.0108
74.0264,0.7488,3.2108
74.0266,0.8374,3.5941
74.0268,0.8043,3.4521
74.0270,0.8176,3.5092
74.0272,0.8743,3.7544
74.0274,0.8336,3.5777
74.0276,0.9096,3.8985
74.0278,0.9703,4.1566
74.0280,1.0012,4.2911
74.0282,1.021,4.3677
74.0284,1.1021,4.715
74.0286,1.1091,4.7425
74.0288,1.1175,4.7851
74.0290,1.0512,4.4991
74.0292,1.1152,4.7687
74.0294,1.0988,4.7116
74.0296,0.9164,3.9314
74.0298,0.9342,4.0057
74.0300,0.956,4.0993
74.0302,0.9476,4.0709
74.0304,0.8922,3.8347
74.0306,0.8374,3.5975
74.0308,0.8548,3.6705
74.0310,0.8415,3.6099
74.0312,0.894,3.8352
74.0314,0.8881,3.81
74.0316,0.8807,3.7799
74.0318,0.8719,3.7476
74.0320,0.8362,3.5923
74.0322,0.8487,3.6425
74.0324,0.876,3.7616
74.0326,0.8448,3.6277
74.0328,0.8357,3.5903
74.0330,0.8764,3.7701
74.0332,0.8153,3.5043
74.0334,0.8326,3.5785
74.0336,0.8213,3.5367
74.0338,0.7458,3.2069
74.0340,0.7818,3.3632
74.0342,0.7252,3.1211
74.0344,0.7331,3.1523
74.0346,0.7589,3.2662
74.0348,0.7619,3.279
74.0350,0.7796,3.3508
74.0352,0.7725,3.3203
74.0354,0.736,3.1661
74.0356,0.7527,3.2383
74.0358,0.7669,3.2977
74.0360,0.7664,3.2941
74.0362,0.7507,3.2341
74.0364,0.6438,2.7746
74.0366,0.6941,2.9889
74.0368,0.689,2.9694
74.0370,0.6292,2.7121
74.0372,0.6288,2.7087
74.0374,0.6098,2.6296
74.0376,0.5715,2.4653
74.0378,0.5874,2.5294
74.0380,0.6301,2.7182
74.0382,0.5409,2.3355
74.0384,0.5199,2.2428
74.0386,0.4995,2.1549
74.0388,0.5167,2.2299
74.0390,0.5281,2.277
74.0392,0.5676,2.4453
74.0394,0.583,2.5103
74.0396,0.5773,2.4906
74.0398,0.5745,2.4782
74.0400,0.5644,2.4314
74.0402,0.6253,2.6925
74.0404,0.6608,2.848
74.0406,0.5722,2.4661
74.0408,0.567,2.4461
74.0410,0.5511,2.3751
74.0412,0.5771,2.485
74.0414,0.6451,2.7803
74.0416,0.614,2.6501
74.0418,0.5611,2.4185
74.0420,0.5767,2.4857
74.0422,0.5534,2.386
74.0424,0.5555,2.3965
74.0426,0.5507,2.3714
74.0428,0.5803,2.5047
74.0430,0.4885,2.1093
74.0432,0.4619,1.9953
74.0434,0.4469,1.9296
74.0436,0.4458,1.9241
74.0438,0.4464,1.9275
74.0440,0.4505,1.946
74.0442,0.446,1.9242
74.0444,0.4442,1.9164
74.0446,0.4454,1.9234
74.0448,0.4458,1.925
74.0450,0.4489,1.9393
74.0452,0.4463,1.927
74.0454,0.4436,1.9148
74.0456,0.4421,1.908
74.0458,0.4547,1.9605
74.0460,0.5093,2.1963
74.0462,0.5336,2.2965
74.0464,0.6408,2.7591
74.0466,0.6044,2.6051
74.0468,0.5619,2.4216
74.0470,0.5621,2.4227
74.0472,0.559,2.4092
74.0474,0.5623,2.4226
74.0476,0.5569,2.3982
74.0478,0.5655,2.4349
74.0480,0.6175,2.6552
74.0482,0.7314,3.1421
74.0484,0.8005,3.4388
74.0486,0.7394,3.1766
74.0488,0.7278,3.1281
74.0490,0.6777,2.9222
74.0492,0.549,2.3674
74.0494,0.526,2.2671
74.0496,0.5289,2.2785
74.0498,0.5628,2.4235
74.0500,0.64,2.7535
74.0502,0.7598,3.2627
74.0504,0.7862,3.376
74.0506,0.7727,3.324
74.0508,0.6385,2.7416
74.0510,0.7105,3.0596
74.0512,0.599,2.5818
74.0514,0.6302,2.7112
74.0516,0.6506,2.7975
74.0518,0.7006,3.0153
74.0520,0.6553,2.8216
74.0522,0.6721,2.8885
74.0524,0.6677,2.8766
74.0526,0.5309,2.2894
74.0528,0.502,2.1628
74.0530,0.5245,2.2635
74.0532,0.5085,2.1947
74.0534,0.4511,1.9477
74.0536,0.3928,1.6961
74.0538,0.393,1.6956
74.0540,0.3932,1.6985
74.0542,0.3886,1.6795
74.0544,0.382,1.6495
74.0546,0.3826,1.6521
74.0548,0.3882,1.6772
74.0550,0.3912,1.6902
74.0552,0.388,1.6754
74.0554,0.388,1.6746
74.0556,0.3988,1.722
74.0558,0.3876,1.6731
74.0560,0.401,1.7305
74.0562,0.4492,1.9377
74.0564,0.4743,2.0434
74.0566,0.5703,2.4532
74.0568,0.6261,2.6999
74.0570,0.505,2.1777
74.0572,0.4801,2.0701
74.0574,0.4797,2.0667
74.0576,0.4799,2.0682
74.0578,0.49,2.1131
74.0580,0.5259,2.2666
74.0582,0.5225,2.249
74.0584,0.6057,2.6047
74.0586,0.6592,2.8347
74.0588,0.6951,2.986
74.0590,0.7207,3.0992
74.0592,0.7,3.003
74.0594,0.7656,3.2874
74.0596,0.8203,3.5189
74.0598,0.8625,3.6965
74.0600,0.8595,3.6871
74.0602,0.8559,3.6717
74.0604,0.8804,3.7665
74.0606,1.008,4.3103
74.0608,1.0268,4.3908
74.0610,1.033,4.4169
74.0612,1.0611,4.5332
74.0614,1.1195,4.7871
74.0616,1.1252,4.8112
74.0618,1.1043,4.7242
74.0620,1.0622,4.5357
74.0622,1.1617,4.9653
74.0624,1.1324,4.8442
74.0626,1.0459,4.4849
74.0628,0.9952,4.2674
74.0630,1.011,4.3251
74.0632,1.0668,4.5701
74.0634,1.0162,4.3553
74.0636,1.0236,4.3749
74.0638,1.1159,4.7695
74.0640,1.1321,4.85
74.0642,1.0279,4.4098
74.0644,0.8941,3.8411
74.0646,0.8768,3.7652
74.0648,0.9174,3.9392
74.0650,0.8746,3.7502
74.0652,0.9075,3.8897
74.0654,0.935,4.0093
74.0656,0.9332,4.0128
74.0658,0.8075,3.4676
74.0660,0.8376,3.5968
74.0662,0.8404,3.6137
74.0664,0.7933,3.4079
74.0666,0.8566,3.6713
74.0668,0.9326,4.0027
74.0670,0.897,3.8553
74.0672,0.7808,3.3559
74.0674,0.8225,3.5336
74.0676,0.8271,3.5565
74.0678,0.8366,3.5955
74.0680,0.799,3.4342
74.0682,0.7617,3.2724
74.0684,0.7844,3.3729
74.0686,0.7837,3.3714
74.0688,0.7411,3.1927
74.0690,0.6946,2.9937
74.0692,0.694,2.9883
74.0694,0.6857,2.9486
74.0696,0.7471,3.2171
74.0698,0.7521,3.2342
74.0700,0.7229,3.1084
74.0702,0.723,3.1147
74.0704,0.6415,2.7673
74.0706,0.6349,2.7325
74.0708,0.7181,3.0907
74.0710,0.7426,3.1975
74.0712,0.7063,3.0415
74.0714,0.6706,2.889
74.0716,0.6151,2.6511
74.0718,0.5797,2.4986
74.0720,0.5743,2.4765
74.0722,0.5534,2.3883
74.0724,0.5457,2.353
74.0726,0.5574,2.4036
74.0728,0.5766,2.4852
74.0730,0.5926,2.5516
74.0732,0.5765,2.4881
74.0734,0.488,2.1062
74.0736,0.4802,2.0745
74.0738,0.5011,2.1596
74.0740,0.5893,2.5388
74.0742,0.603,2.6013
74.0744,0.5643,2.4342
74.0746,0.5298,2.2847
74.0748,0.5281,2.278
74.0750,0.5358,2.3127
74.0752,0.5247,2.2635
74.0754,0.5284,2.2806
74.0756,0.5313,2.292
74.0758,0.5207,2.2465
74.0760,0.5078,2.1916
74.0762,0.5093,2.1973
74.0764,0.5137,2.217
74.0766,0.5346,2.3033
74.0768,0.5994,2.5822
74.0770,0.5469,2.3592
74.0772,0.5157,2.2237
74.0774,0.5986,2.5786
74.0776,0.6472,2.787
74.0778,0.6336,2.7307
74.0780,0.5826,2.5087
74.0782,0.6264,2.6959
74.0784,0.6507,2.7981
74.0786,0.7012,3.0123
74.0788,0.785,3.3739
74.0790,0.7456,3.2089
74.0792,0.7245,3.1151
74.0794,0.698,3.004
74.0796,0.6422,2.7653
74.0798,0.6545,2.8172
74.0800,0.6459,2.78
74.0802,0.6434,2.7705
74.0804,0.638,2.7472
74.0806,0.6643,2.855
74.0808,0.798,3.4232
74.0810,0.9008,3.8682
74.0812,0.8084,3.4744
74.0814,0.7722,3.3188
74.0816,0.797,3.4255
74.0818,0.7695,3.309
74.0820,0.7071,3.0432
74.0822,0.7068,3.0408
74.0824,0.747,3.2091
74.0826,0.7827,3.3595
74.0828,0.843,3.6217
74.0830,0.7849,3.3734
74.0832,0.7506,3.226
74.0834,0.7651,3.2869
74.0836,0.7691,3.3085
74.0838,0.7556,3.2462
74.0840,0.7999,3.4346
74.0842,0.7673,3.3053
74.0844,0.6251,2.6915
74.0846,0.5863,2.5271
74.0848,0.6005,2.5832
74.0850,0.6768,2.9145
74.0852,0.6,2.5872
74.0854,0.5806,2.5034
74.0856,0.6133,2.6409
74.0858,0.6087,2.6237
74.0860,0.6364,2.7443
74.0862,0.5992,2.5788
74.0864,0.6264,2.6972
74.0866,0.5806,2.5022
74.0868,0.5351,2.3075
74.0870,0.5916,2.5486
74.0872,0.5914,2.5488
74.0874,0.6008,2.5872
74.0876,0.5906,2.5504
74.0878,0.4609,1.9911
74.0880,0.4115,1.7777
74.0882,0.3978,1.7179
74.0884,0.4005,1.7293
74.0886,0.4022,1.7381
74.0888,0.4312,1.8601
74.0890,0.5223,2.2542
74.0892,0.4434,1.9155
74.0894,0.4243,1.8323
74.0896,0.5056,2.1793
74.0898,0.5742,2.4714
74.0900,0.6252,2.6895
74.0902,0.6104,2.6285
74.0904,0.6024,2.5963
74.0906,0.5893,2.54
74.0908,0.5542,2.3897
74.0910,0.5138,2.2154
74.0912,0.5157,2.2247
74.0914,0.5097,2.1979
74.0916,0.5433,2.3394
74.0918,0.6151,2.6474
74.0920,0.6574,2.8243
74.0922,0.7333,3.1533
74.0924,0.6886,2.9624
74.0926,0.7246,3.1128
74.0928,0.7962,3.4187
74.0930,0.8126,3.4908
74.0932,0.7834,3.3594
74.0934,0.8303,3.5654
74.0936,0.7984,3.4349
74.0938,0.7772,3.3389
74.0940,0.8621,3.6967
74.0942,0.9054,3.8877
74.0944,0.8806,3.7776
74.0946,0.9198,3.9348
74.0948,0.9991,4.2804
74.0950,1.0332,4.4221
74.0952,1.0459,4.4786
74.0954,0.9828,4.2125
74.0956,1.0378,4.4395
74.0958,1.1685,4.9986
74.0960,1.022,4.3907
74.0962,0.8492,3.6463
74.0964,0.8493,3.6451
74.0966,0.9249,3.9679
74.0968,0.9105,3.908
74.0970,0.9219,3.9588
74.0972,0.9135,3.9191
74.0974,0.9209,3.9486
74.0976,0.9125,3.9144
74.0978,0.9321,3.9951
74.0980,0.9072,3.8918
74.0982,0.8911,3.8265
74.0984,0.8728,3.7459
74.0986,0.9664,4.1401
74.0988,1.025,4.3913
74.0990,0.9981,4.2757
74.0992,1.0439,4.472
74.0994,1.0761,4.6037
74.0996,1.122,4.8024
74.0998,1.0482,4.4988
74.1000,0.9173,3.935
74.1002,0.9536,4.0928
74.1004,0.9165,3.9338
74.1006,0.9138,3.9238
74.1008,0.8729,3.7552
74.1010,0.8092,3.4748
74.1012,0.8776,3.77
74.1014,0.8932,3.8388
74.1016,0.8915,3.8298
74.1018,0.785,3.3818
74.1020,0.6942,2.9922
74.1022,0.6257,2.6953
74.1024,0.628,2.7056
74.1026,0.6724,2.8927
74.1028,0.7351,3.161
74.1030,0.7555,3.2517
74.1032,0.7464,3.2125
74.1034,0.7061,3.0377
74.1036,0.7513,3.2336
74.1038,0.6615,2.8498
74.1040,0.6753,2.9051
74.1042,0.6984,3.0102
74.1044,0.6306,2.719
74.1046,0.576,2.4884
74.1048,0.4916,2.1227
74.1050,0.4745,2.0487
74.1052,0.4836,2.089
74.1054,0.4848,2.0922
74.1056,0.5092,2.1968
74.1058,0.4977,2.1511
74.1060,0.4151,1.7949
74.1062,0.4252,1.8385
74.1064,0.4121,1.7819
74.1066,0.4516,1.9498
74.1068,0.4613,1.9908
74.1070,0.4526,1.9536
74.1072,0.5326,2.2955
74.1074,0.554,2.3886
74.1076,0.5084,2.1942
74.1078,0.4668,2.0165
74.1080,0.4538,1.9615
74.1082,0.4446,1.9189
74.1084,0.4451,1.9218
74.1086,0.4456,1.9239
74.1088,0.452,1.9537
74.1090,0.4481,1.9348
74.1092,0.4456,1.923
74.1094,0.4507,1.9462
74.1096,0.4571,1.9727
74.1098,0.4555,1.966
74.1100,0.4663,2.0116
74.1102,0.5266,2.2686
74.1104,0.6679,2.8731
74.1106,0.6512,2.8053
74.1108,0.5619,2.4239
74.1110,0.4664,2.0131
74.1112,0.4622,1.994
74.1114,0.474,2.0457
74.1116,0.4935,2.1281
74.1118,0.5568,2.3999
74.1120,0.579,2.4932
74.1122,0.6096,2.6273
74.1124,0.6071,2.614
74.1126,0.6548,2.8156
74.1128,0.6706,2.8877
74.1130,0.577,2.4867
74.1132,0.5486,2.3643
74.1134,0.5523,2.3814
74.1136,0.5496,2.3678
74.1138,0.5657,2.437
74.1140,0.6108,2.6288
74.1142,0.6791,2.9243
74.1144,0.6556,2.8179
74.1146,0.7151,3.0735
74.1148,0.6923,2.9839
74.1150,0.5563,2.4001
74.1152,0.5369,2.3131
74.1154,0.5434,2.3399
74.1156,0.5739,2.4756
74.1158,0.5379,2.3183
74.1160,0.5354,2.3074
74.1162,0.5628,2.4201
74.1164,0.6227,2.6787
74.1166,0.6589,2.8371
74.1168,0.6584,2.8337
74.1170,0.6499,2.7983
74.1172,0.6167,2.6541
74.1174,0.6403,2.757
74.1176,0.5905,2.5428
74.1178,0.6197,2.6707
74.1180,0.6031,2.5958
74.1182,0.6307,2.7157
74.1184,0.6344,2.7305
74.1186,0.5993,2.5817
74.1188,0.5983,2.5751
74.1190,0.6348,2.732
74.1192,0.6309,2.713
74.1194,0.6255,2.6923
74.1196,0.606,2.6118
74.1198,0.5637,2.4271
74.1200,0.6553,2.8163
74.1202,0.6614,2.8466
74.1204,0.617,2.6569
74.1206,0.6227,2.6787
74.1208,0.6541,2.8177
74.1210,0.6108,2.6276
74.1212,0.6072,2.6158
74.1214,0.5486,2.3654
74.1216,0.5416,2.3332
74.1218,0.5647,2.434
74.1220,0.4999,2.1555
74.1222,0.4776,2.0602
74.1224,0.4287,1.8509
74.1226,0.4137,1.7845
74.1228,0.5056,2.1762
74.1230,0.571,2.4609
74.1232,0.505,2.1777
74.1234,0.4805,2.0736
74.1236,0.4808,2.0742
74.1238,0.4797,2.0676
74.1240,0.4839,2.0867
74.1242,0.4816,2.0769
74.1244,0.4846,2.0908
74.1246,0.4868,2.1001
74.1248,0.4874,2.1007
74.1250,0.5056,2.1782
74.1252,0.54,2.3265
74.1254,0.6053,2.6063
74.1256,0.594,2.5589
74.1258,0.5728,2.4664
74.1260,0.7113,3.057
74.1262,0.7183,3.0874
74.1264,0.714,3.066
74.1266,0.7713,3.3137
74.1268,0.8054,3.4551
74.1270,0.8746,3.7432
74.1272,0.9778,4.185
74.1274,1.0093,4.324
74.1276,0.9996,4.2804
74.1278,0.9827,4.208
74.1280,0.9655,4.136
74.1282,0.9948,4.2638
74.1284,0.9577,4.1026
74.1286,0.9495,4.0696
74.1288,0.9551,4.0957
74.1290,0.9485,4.0617
74.1292,0.9766,4.1916
74.1294,0.839,3.6008
74.1296,0.8595,3.6905
74.1298,0.8475,3.6407
74.1300,0.7945,3.4115
74.1302,0.8167,3.5051
74.1304,0.8755,3.7578
74.1306,0.8713,3.7398
74.1308,0.8741,3.7516
74.1310,0.8408,3.6085
74.1312,0.8797,3.7793
74.1314,0.8174,3.5131
74.1316,0.7713,3.3106
74.1318,0.8471,3.6375
74.1320,0.8495,3.6427
74.1322,0.881,3.7797
74.1324,0.8694,3.7367
74.1326,0.8195,3.524
74.1328,0.7993,3.4321
74.1330,0.787,3.3811
74.1332,0.8639,3.7096
74.1334,0.8982,3.8532
74.1336,0.8836,3.7905
74.1338,0.8301,3.566
74.1340,0.7988,3.43
74.1342,0.8318,3.5716
74.1344,0.8595,3.6957
74.1346,0.7966,3.4271
74.1348,0.7664,3.2941
74.1350,0.731,3.142
74.1352,0.7978,3.4275
74.1354,0.7753,3.3337
74.1356,0.7475,3.2171
74.1358,0.7192,3.0968
74.1360,0.6681,2.8795
74.1362,0.601,2.5913
74.1364,0.6151,2.6499
74.1366,0.6025,2.5992
74.1368,0.5836,2.514
74.1370,0.5975,2.5691
74.1372,0.7274,3.1295
74.1374,0.7474,3.2196
74.1376,0.6314,2.7214
74.1378,0.5822,2.5106
74.1380,0.6008,2.5884
74.1382,0.6589,2.8384
74.1384,0.6288,2.7087
74.1386,0.5923,2.5529
74.1388,0.5898,2.542
74.1390,0.5958,2.5679
74.1392,0.5971,2.5736
74.1394,0.5958,2.5679
74.1396,0.6126,2.6366
74.1398,0.6819,2.9321
74.1400,0.7158,3.0852
74.1402,0.6414,2.763
74.1404,0.6767,2.9086
74.1406,0.698,3.0068
74.1408,0.6542,2.8156
74.1410,0.6933,2.9825
74.1412,0.6926,2.9822
74.1414,0.6653,2.8636
74.1416,0.6715,2.8913
74.1418,0.678,2.921
74.1420,0.5713,2.4625
74.1422,0.5487,2.3637
74.1424,0.551,2.3757
74.1426,0.5634,2.4306
74.1428,0.5513,2.3773
74.1430,0.5446,2.3461
74.1432,0.5475,2.3618
74.1434,0.5387,2.323
74.1436,0.5345,2.2995
74.1438,0.6635,2.8519
74.1440,0.6278,2.7084
74.1442,0.5381,2.3225
74.1444,0.5279,2.2754
74.1446,0.5301,2.2857
74.1448,0.5264,2.2708
74.1450,0.5254,2.2666
74.1452,0.5289,2.2806
74.1454,0.5573,2.3986
74.1456,0.6223,2.6808
74.1458,0.6382,2.7457
74.1460,0.6886,2.961
74.1462,0.6548,2.8195
74.1464,0.6375,2.7452
74.1466,0.6312,2.7191
74.1468,0.6375,2.7426
74.1470,0.6727,2.8884
74.1472,0.8189,3.5165
74.1474,0.8334,3.5771
74.1476,0.8312,3.574
74.1478,0.7224,3.1093
74.1480,0.6254,2.6918
74.1482,0.6105,2.6302
74.1484,0.6132,2.6416
74.1486,0.6163,2.655
74.1488,0.6092,2.6233
74.1490,0.6091,2.6216
74.1492,0.6114,2.6326
74.1494,0.6442,2.7715
74.1496,0.7017,3.02
74.1498,0.7303,3.1389
74.1500,0.7261,3.1195
74.1502,0.7218,3.1009
74.1504,0.792,3.4038
74.1506,0.7257,3.1218
74.1508,0.6881,2.9617
74.1510,0.6844,2.947
74.1512,0.65,2.7976
74.1514,0.6699,2.8819
74.1516,0.6234,2.683
74.1518,0.6516,2.803
74.1520,0.7053,3.0326
74.1522,0.682,2.9367
74.1524,0.6095,2.628
74.1526,0.6126,2.6402
74.1528,0.5944,2.5557
74.1530,0.6578,2.8337
74.1532,0.6051,2.607
74.1534,0.6028,2.5954
74.1536,0.6191,2.6607
74.1538,0.6964,2.9945
74.1540,0.7156,3.0799
74.1542,0.6374,2.7485
74.1544,0.5029,2.1714
74.1546,0.3981,1.7213
74.1548,0.3855,1.6668
74.1550,0.3837,1.6575
74.1552,0.388,1.6754
74.1554,0.4047,1.7466
74.1556,0.3933,1.6958
74.1558,0.4752,2.047
74.1560,0.5288,2.2801
74.1562,0.5321,2.2956
74.1564,0.4899,2.1135
74.1566,0.4816,2.0769
74.1568,0.4758,2.0525
74.1570,0.4724,2.0389
74.1572,0.4794,2.067
74.1574,0.4873,2.0982
74.1576,0.5994,2.5822
74.1578,0.6216,2.679
74.1580,0.5959,2.5672
74.1582,0.6397,2.7506
74.1584,0.6683,2.8738
74.1586,0.7191,3.0905
74.1588,0.6934,2.9802
74.1590,0.7212,3.0969
74.1592,0.7966,3.4207
74.1594,0.8156,3.4988
74.1596,0.8596,3.6893
74.1598,0.8586,3.6852
74.1600,0.8507,3.6512
74.1602,0.8535,3.6597
74.1604,0.8691,3.7265
74.1606,0.9169,3.9316
74.1608,0.9075,3.8861
74.1610,1.0117,4.3302
74.1612,1.1126,4.7596
74.1614,1.1472,4.9033
74.1616,1.1134,4.7587
74.1618,1.114,4.7613
74.1620,1.1545,4.9345
74.1622,1.1562,4.9509
74.1624,1.0193,4.3707
74.1626,0.956,4.0954
74.1628,1.0759,4.6048
74.1630,1.1176,4.7834
74.1632,1.0923,4.6729
74.1634,1.1125,4.7591
74.1636,1.0942,4.6833
74.1638,1.1086,4.7449
74.1640,1.0854,4.6453
74.1642,1.1033,4.7223
74.1644,1.0794,4.624
74.1646,1.042,4.4596
74.1648,1.071,4.588
74.1650,1.0084,4.3219
74.1652,0.9229,3.9721
74.1654,0.7387,3.1839
74.1656,0.6736,2.8992
74.1658,0.7207,3.0977
74.1660,0.7801,3.3559
74.1662,0.7715,3.3234
74.1664,0.7526,3.2348
74.1666,0.7826,3.3668
74.1668,0.7488,3.2243
74.1670,0.7083,3.0512
74.1672,0.73,3.1389
74.1674,0.7981,3.4333
74.1676,0.7566,3.2563
74.1678,0.7355,3.167
74.1680,0.7433,3.1961
74.1682,0.7186,3.0942
74.1684,0.6504,2.8056
74.1686,0.6121,2.6369
74.1688,0.6041,2.6072
74.1690,0.4951,2.1387
74.1692,0.5144,2.218
74.1694,0.5565,2.4017
74.1696,0.5068,2.1885
74.1698,0.5147,2.2196
74.1700,0.5608,2.4159
74.1702,0.6254,2.6955
74.1704,0.5936,2.5574
74.1706,0.6602,2.8401
74.1708,0.7189,3.0943
74.1710,0.6579,2.8382
74.1712,0.5706,2.4605
74.1714,0.5537,2.3887
74.1716,0.5012,2.1611
74.1718,0.5571,2.4032
74.1720,0.5831,2.5154
74.1722,0.5926,2.5551
74.1724,0.5715,2.463
74.1726,0.6005,2.5868
74.1728,0.5617,2.4256
74.1730,0.4911,2.1207
74.1732,0.5022,2.1673
74.1734,0.5077,2.1891
74.1736,0.5343,2.3017
74.1738,0.5914,2.5511
74.1740,0.5366,2.318
74.1742,0.443,1.9148
74.1744,0.4024,1.7367
74.1746,0.4514,1.9511
74.1748,0.4424,1.9113
74.1750,0.4432,1.9118
74.1752,0.4457,1.9244
74.1754,0.4475,1.9331
74.1756,0.447,1.9301
74.1758,0.4435,1.9151
74.1760,0.4637,2.003
74.1762,0.4516,1.9489
74.1764,0.4492,1.9377
74.1766,0.4514,1.9493
74.1768,0.4472,1.9312
74.1770,0.447,1.9301
74.1772,0.4429,1.9116
74.1774,0.4529,1.9546
74.1776,0.4742,2.0467
74.1778,0.4806,2.0703
74.1780,0.5784,2.4883
74.1782,0.6399,2.7529
74.1784,0.6408,2.7591
74.1786,0.6167,2.6504
74.1788,0.6597,2.8367
74.1790,0.6684,2.8783
74.1792,0.6605,2.8416
74.1794,0.6704,2.8812
74.1796,0.7147,3.0705
74.1798,0.6821,2.9358
74.1800,0.6336,2.7243
74.1802,0.6832,2.9364
74.1804,0.7294,3.1333
74.1806,0.8164,3.5089
74.1808,0.7652,3.2919
74.1810,0.7056,3.0341
74.1812,0.7138,3.0678
74.1814,0.7785,3.346
74.1816,0.7443,3.1992
74.1818,0.7412,3.1858
74.1820,0.7325,3.1496
74.1822,0.6785,2.9258
74.1824,0.5791,2.496
74.1826,0.5943,2.5593
74.1828,0.6368,2.7382
74.1830,0.6753,2.9064
74.1832,0.6804,2.9286
74.1834,0.6575,2.8261
74.1836,0.6765,2.9156
74.1838,0.5607,2.4175
74.1840,0.5297,2.2842
74.1842,0.5237,2.2593
74.1844,0.5021,2.1632
74.1846,0.5521,2.3775
74.1848,0.5502,2.3737
74.1850,0.4662,2.0129
74.1852,0.4428,1.9093
74.1854,0.4704,2.0282
74.1856,0.5101,2.2024
74.1858,0.491,2.1181
74.1860,0.4946,2.1307
74.1862,0.5068,2.1854
74.1864,0.5367,2.3152
74.1866,0.5024,2.1653
74.1868,0.519,2.2319
74.1870,0.6448,2.774
74.1872,0.6882,2.9649
74.1874,0.6169,2.6575
74.1876,0.5441,2.3473
74.1878,0.4535,1.9581
74.1880,0.4565,1.9701
74.1882,0.4345,1.8728
74.1884,0.5129,2.2138
74.1886,0.4689,2.022
74.1888,0.5006,2.1565
74.1890,0.5454,2.353
74.1892,0.4943,2.1336
74.1894,0.4861,2.096
74.1896,0.4862,2.0965
74.1898,0.4891,2.1089
74.1900,0.4899,2.1135
74.1902,0.4908,2.1142
74.1904,0.5487,2.3604
74.1906,0.5936,2.5573
74.1908,0.584,2.516
74.1910,0.521,2.2475
74.1912,0.5068,2.1813
74.1914,0.5821,2.5043
74.1916,0.5771,2.4838
74.1918,0.6513,2.8006
74.1920,0.655,2.8139
74.1922,0.7611,3.2652
74.1924,0.7961,3.4186
74.1926,0.8031,3.4501
74.1928,0.8102,3.474
74.1930,0.8632,3.703
74.1932,0.8626,3.6987
74.1934,0.8717,3.7412
74.1936,0.8515,3.6531
74.1938,0.9338,4.0003
74.1940,0.9573,4.1068
74.1942,0.9126,3.9094
74.1944,0.9036,3.8781
74.1946,0.8327,3.5773
74.1948,0.8123,3.4832
74.1950,0.8375,3.5962
74.1952,0.7922,3.4016
74.1954,0.8795,3.7694
74.1956,0.9461,4.0513
74.1958,0.9512,4.0786
74.1960,0.9163,3.929
74.1962,0.911,3.9046
74.1964,0.9122,3.906
74.1966,0.9532,4.0931
74.1968,0.7994,3.4325
74.1970,0.8176,3.5157
74.1972,0.778,3.344
74.1974,0.7831,3.3672
74.1976,0.7945,3.413
74.1978,0.8218,3.5272
74.1980,0.8646,3.7091
74.1982,0.8707,3.7336
74.1984,0.8726,3.7419
74.1986,0.9555,4.099
74.1988,0.9542,4.0838
74.1990,0.9763,4.1905
74.1992,0.9121,3.9147
74.1994,0.9657,4.137
74.1996,1.0148,4.3516
74.1998,0.9481,4.0652
74.2000,0.982,4.2088
74.2002,1.0313,4.4138
74.2004,1.0434,4.4761
74.2006,0.882,3.7943
74.2008,0.7898,3.3913
74.2010,0.8105,3.482
74.2012,0.7675,3.2986
74.2014,0.764,3.2852
74.2016,0.7585,3.263
74.2018,0.7547,3.248
74.2020,0.7537,3.2409
74.2022,0.7405,3.1812
74.2024,0.7563,3.2522
74.2026,0.7485,3.2157
74.2028,0.7579,3.2589
74.2030,0.7206,3.1015
74.2032,0.7596,3.2677
74.2034,0.7454,3.2023
74.2036,0.8114,3.4889
74.2038,0.7755,3.3347
74.2040,0.7895,3.3919
74.2042,0.806,3.4657
74.2044,0.7953,3.4198
74.2046,0.7252,3.1269
74.2048,0.5925,2.5539
74.2050,0.5653,2.4366
74.2052,0.5851,2.5218
74.2054,0.5966,2.5726
74.2056,0.603,2.5952
74.2058,0.629,2.7085
74.2060,0.7363,3.1632
74.2062,0.8108,3.4847
74.2064,0.8142,3.5061
74.2066,0.6983,3.0069
74.2068,0.6918,2.9762
74.2070,0.7268,3.1312
74.2072,0.6512,2.8092
74.2074,0.5189,2.2397
74.2076,0.485,2.0923
74.2078,0.4818,2.0793
74.2080,0.532,2.295
74.2082,0.5379,2.3204
74.2084,0.5322,2.2971
74.2086,0.5663,2.4441
74.2088,0.5521,2.3819
74.2090,0.528,2.2769
74.2092,0.5283,2.2779
74.2094,0.5248,2.2651
74.2096,0.5261,2.2697
74.2098,0.5308,2.2888
74.2100,0.5308,2.2867
74.2102,0.6014,2.5933
74.2104,0.5838,2.5185
74.2106,0.5704,2.456
74.2108,0.612,2.6364
74.2110,0.6352,2.7378
74.2112,0.5713,2.4636
74.2114,0.5413,2.3343
74.2116,0.5897,2.5403
74.2118,0.6547,2.8203
74.2120,0.6385,2.748
74.2122,0.6638,2.8569
74.2124,0.685,2.9482
74.2126,0.6645,2.86
74.2128,0.6678,2.8771
74.2130,0.6102,2.6298
74.2132,0.5912,2.5458
74.2134,0.6988,3.0034
74.2136,0.8458,3.6284
74.2138,0.8569,3.6814
74.2140,0.8091,3.4791
74.2142,0.7808,3.3605
74.2144,0.6356,2.7381
74.2146,0.6069,2.6135
74.2148,0.6051,2.6069
74.2150,0.6044,2.605
74.2152,0.6096,2.6285
74.2154,0.608,2.6181
74.2156,0.6115,2.6306
74.2158,0.6407,2.7603
74.2160,0.6603,2.8419
74.2162,0.7038,3.0264
74.2164,0.7502,3.2259
74.2166,0.7401,3.1826
74.2168,0.7301,3.1393
74.2170,0.7615,3.2729
74.2172,0.7038,3.0292
74.2174,0.6497,2.7952
74.2176,0.7241,3.115
74.2178,0.6928,2.9804
74.2180,0.6818,2.9356
74.2182,0.6812,2.9344
74.2184,0.6985,3.0023
74.2186,0.7409,3.1842
74.2188,0.7513,3.2291
74.2190,0.7403,3.1846
74.2192,0.7048,3.0348
74.2194,0.669,2.8796
74.2196,0.6867,2.9527
74.2198,0.7009,3.0196
74.2200,0.6948,2.9877
74.2202,0.7953,3.4182
74.2204,0.788,3.3868
74.2206,0.7652,3.2858
74.2208,0.7404,3.1851
74.2210,0.6699,2.8845
74.2212,0.6262,2.6978
74.2214,0.6107,2.6356
74.2216,0.5102,2.1989
74.2218,0.5483,2.3654
74.2220,0.5741,2.4731
74.2222,0.636,2.7397
74.2224,0.6128,2.64
74.2226,0.57,2.4556
74.2228,0.5772,2.4866
74.2230,0.5864,2.5287
74.2232,0.5863,2.5282
74.2234,0.5985,2.5749
74.2236,0.6639,2.8587
74.2238,0.6148,2.6512
74.2240,0.5771,2.4861
74.2242,0.5905,2.5427
74.2244,0.5971,2.5735
74.2246,0.6178,2.6617
74.2248,0.6206,2.6748
74.2250,0.5736,2.4711
74.2252,0.6125,2.6409
74.2254,0.5758,2.4792
74.2256,0.5789,2.4903
74.2258,0.6851,2.946
74.2260,0.7267,3.1249
74.2262,0.7307,3.1434
74.2264,0.7225,3.1054
74.2266,0.7801,3.3512
74.2268,0.8236,3.5365
74.2270,0.884,3.7854
74.2272,1.0037,4.2978
74.2274,1.0206,4.3743
74.2276,0.9857,4.2227
74.2278,0.9636,4.1321
74.2280,0.968,4.1525
74.2282,0.9642,4.1308
74.2284,0.9567,4.1023
74.2286,0.9355,4.0131
74.2288,0.9592,4.1092
74.2290,0.9928,4.253
74.2292,0.9622,4.124
74.2294,0.9465,4.0586
74.2296,0.982,4.2127
74.2298,0.9573,4.1068
74.2300,0.9478,4.0642
74.2302,0.9508,4.0809
74.2304,0.8764,3.7613
74.2306,0.8785,3.7723
74.2308,0.8279,3.5584
74.2310,0.8201,3.5232
74.2312,0.9136,3.9213
74.2314,0.9187,3.9393
74.2316,0.8949,3.8482
74.2318,0.776,3.3383
74.2320,0.777,3.344
74.2322,0.725,3.1191
74.2324,0.7517,3.2291
74.2326,0.8358,3.5974
74.2328,0.7989,3.4384
74.2330,0.7934,3.4084
74.2332,0.841,3.6078
74.2334,0.8963,3.8449
74.2336,0.8846,3.8003
74.2338,0.8162,3.5144
74.2340,0.734,3.1578
74.2342,0.7437,3.2026
74.2344,0.6839,2.9463
74.2346,0.6729,2.9015
74.2348,0.6189,2.6663
74.2350,0.6122,2.6362
74.2352,0.624,2.6893
74.2354,0.5415,2.3381
74.2356,0.4933,2.127
74.2358,0.5304,2.2883
74.2360,0.603,2.5988
74.2362,0.5843,2.5206
74.2364,0.5256,2.2687
74.2366,0.5099,2.2019
74.2368,0.5664,2.4367
74.2370,0.7121,3.062
74.2372,0.6726,2.8977
74.2374,0.624,2.693
74.2376,0.5569,2.4004
74.2378,0.5767,2.4845
74.2380,0.6266,2.6969
74.2382,0.6985,3.0079
74.2384,0.6836,2.9406
74.2386,0.6435,2.7735
74.2388,0.5616,2.4228
74.2390,0.5132,2.2159
74.2392,0.5073,2.1885
74.2394,0.5163,2.2273
74.2396,0.5125,2.2118
74.2398,0.533,2.2981
74.2400,0.6481,2.7828
74.2402,0.7485,3.2187
74.2404,0.6807,2.9323
74.2406,0.6115,2.6343
74.2408,0.6495,2.798
74.2410,0.6446,2.773
74.2412,0.6266,2.7019
74.2414,0.583,2.5137
74.2416,0.5644,2.4313
74.2418,0.6005,2.5856
74.2420,0.6091,2.6215
74.2422,0.6252,2.6907
74.2424,0.5957,2.5709
74.2426,0.4676,2.0201
74.2428,0.4825,2.0833
74.2430,0.4645,2.0038
74.2432,0.4637,2.0002
74.2434,0.4902,2.1155
74.2436,0.4967,2.143
74.2438,0.4917,2.1203
74.2440,0.4908,2.1181
74.2442,0.4879,2.1057
74.2444,0.4816,2.0778
74.2446,0.5006,2.1605
74.2448,0.5147,2.2185
74.2450,0.5834,2.5134
74.2452,0.6089,2.6181
74.2454,0.673,2.8953
74.2456,0.6303,2.7154
74.2458,0.6235,2.686
74.2460,0.6217,2.6745
74.2462,0.6282,2.7048
74.2464,0.6345,2.7335
74.2466,0.6385,2.7467
74.2468,0.6766,2.904
74.2470,0.7917,3.3996
74.2472,0.8021,3.4428
74.2474,0.8097,3.4849
74.2476,0.6778,2.9213
74.2478,0.5884,2.5346
74.2480,0.5815,2.5052
74.2482,0.5856,2.5239
74.2484,0.5844,2.5176
74.2486,0.5813,2.5041
74.2488,0.5806,2.5022
74.2490,0.5816,2.5045
74.2492,0.5834,2.5146
74.2494,0.6321,2.7206
74.2496,0.6738,2.8975
74.2498,0.7117,3.0604
74.2500,0.713,3.0647
74.2502,0.7575,3.2513
74.2504,0.8335,3.5793
74.2506,0.7921,3.4043
74.2508,0.7683,3.3069
74.2510,0.6887,2.9628
74.2512,0.7347,3.158
74.2514,0.8054,3.4663
74.2516,0.6789,2.9205
74.2518,0.7313,3.1445
74.2520,0.7334,3.1493
74.2522,0.778,3.344
74.2524,0.6628,2.858
74.2526,0.5765,2.4846
74.2528,0.6024,2.595
74.2530,0.6231,2.6807
74.2532,0.6759,2.8995
74.2534,0.7609,3.2733
74.2536,0.681,2.9284
74.2538,0.7291,3.1352
74.2540,0.7442,3.1972
74.2542,0.8441,3.6246
74.2544,0.8557,3.6796
74.2546,0.7228,3.105
74.2548,0.7327,3.1521
74.2550,0.687,2.9597
74.2552,0.6148,2.6451
74.2554,0.7338,3.1538
74.2556,0.7525,3.2387
74.2558,0.6786,2.9249
74.2560,0.6079,2.62
74.2562,0.6128,2.6412
74.2564,0.5897,2.5391
74.2566,0.5786,2.4916
74.2568,0.5839,2.5167
74.2570,0.566,2.4397
74.2572,0.587,2.5301
74.2574,0.6096,2.6248
74.2576,0.6463,2.7776
74.2578,0.6953,2.9898
74.2580,0.7304,3.1394
74.2582,0.7603,3.2662
74.2584,0.7738,3.3213
74.2586,0.9129,3.9146
74.2588,0.8624,3.7033
74.2590,0.8747,3.7471
74.2592,0.9678,4.1462
74.2594,1.0177,4.3619
74.2596,1.0027,4.2937
74.2598,1.0148,4.3455
74.2600,1.0218,4.3692
74.2602,1.151,4.9242
74.2604,1.2062,5.1601
74.2606,1.1793,5.0452
74.2608,1.1525,4.9303
74.2610,1.1689,4.9983
74.2612,1.1862,5.0626
74.2614,1.1664,4.9992
74.2616,0.9835,4.2115
74.2618,1.1097,4.7561
74.2620,1.0305,4.4149
74.2622,1.0379,4.4483
74.2624,1.0513,4.5079
74.2626,0.9994,4.2873
74.2628,0.9122,3.9152
74.2630,0.8664,3.7238
74.2632,0.854,3.6724
74.2634,0.8797,3.7757
74.2636,0.9118,3.9173
74.2638,0.9108,3.909
74.2640,0.968,4.1583
74.2642,0.8525,3.6623
74.2644,0.8242,3.5407
74.2646,0.8328,3.5745
74.2648,0.8718,3.7505
74.2650,0.8075,3.4724
74.2652,0.82,3.5227
74.2654,0.8847,3.7973
74.2656,0.9652,4.1465
74.2658,0.8587,3.6891
74.2660,0.7997,3.4389
74.2662,0.7972,3.4264
74.2664,0.8304,3.5725
74.2666,0.7939,3.4168
74.2668,0.7497,3.2269
74.2670,0.7538,3.2384
74.2672,0.7693,3.3125
74.2674,0.6773,2.9152
74.2676,0.7187,3.0932
74.2678,0.6831,2.9481
74.2680,0.5761,2.4842
74.2682,0.5923,2.5552
74.2684,0.5716,2.4669
74.2686,0.5628,2.428
74.2688,0.5637,2.4293
74.2690,0.5839,2.5167
74.2692,0.64,2.7585
74.2694,0.6264,2.7009
74.2696,0.5736,2.4745
74.2698,0.6314,2.72
74.2700,0.7178,3.0882
74.2702,0.7284,3.1365
74.2704,0.6675,2.8795
74.2706,0.5982,2.5806
74.2708,0.6007,2.5866
74.2710,0.6822,2.9391
74.2712,0.6336,2.7281
74.2714,0.6544,2.8218
74.2716,0.615,2.6517
74.2718,0.5972,2.5752
74.2720,0.5912,2.5482
74.2722,0.6056,2.6078
74.2724,0.63,2.7126
74.2726,0.664,2.8605
74.2728,0.6168,2.6644
74.2730,0.5081,2.1952
74.2732,0.524,2.2583
74.2734,0.6349,2.7338
74.2736,0.6154,2.655
74.2738,0.5505,2.3758
74.2740,0.5363,2.3137
74.2742,0.5216,2.25
74.2744,0.5219,2.2526
74.2746,0.5187,2.2397
74.2748,0.533,2.2981
74.2750,0.5338,2.3039
74.2752,0.519,2.2412
74.2754,0.5067,2.1869
74.2756,0.5043,2.1756
74.2758,0.5174,2.2309
74.2760,0.5229,2.2568
74.2762,0.512,2.2107
74.2764,0.5155,2.2237
74.2766,0.5597,2.41
74.2768,0.6158,2.6541
74.2770,0.5906,2.548
74.2772,0.5613,2.4179
74.2774,0.5774,2.4865
74.2776,0.6324,2.7229
74.2778,0.6885,2.959
74.2780,0.7386,3.1789
74.2782,0.669,2.8822
74.2784,0.6567,2.829
74.2786,0.6569,2.8274
74.2788,0.6533,2.8133
74.2790,0.632,2.7214
74.2792,0.6369,2.7438
74.2794,0.6622,2.8475
74.2796,0.7635,3.2801
74.2798,0.7584,3.261
74.2800,0.7886,3.3893
74.2802,0.8328,3.5778
74.2804,0.8391,3.6013
74.2806,0.8104,3.4831
74.2808,0.7987,3.4326
74.2810,0.8087,3.4743
74.2812,0.7532,3.2418
74.2814,0.7041,3.0317
74.2816,0.6911,2.9759
74.2818,0.6947,2.9886
74.2820,0.7029,3.0237
74.2822,0.7693,3.3064
74.2824,0.7969,3.4249
74.2826,0.8213,3.5251
74.2828,0.8799,3.782
74.2830,0.8328,3.5812
74.2832,0.8174,3.5114
74.2834,0.8464,3.6411
74.2836,0.7489,3.2188
74.2838,0.7489,3.2248
74.2840,0.629,2.7122
74.2842,0.5517,2.381
74.2844,0.5313,2.2898
74.2846,0.5699,2.4562
74.2848,0.6061,2.6135
74.2850,0.594,2.5601
74.2852,0.5884,2.5346
74.2854,0.6134,2.645
74.2856,0.5827,2.5115
74.2858,0.5958,2.5631
74.2860,0.6694,2.8811
74.2862,0.6442,2.7753
74.2864,0.6152,2.6503
74.2866,0.6035,2.5985
74.2868,0.6484,2.796
74.2870,0.565,2.4373
74.2872,0.5297,2.2842
74.2874,0.4982,2.1532
74.2876,0.4092,1.7678
74.2878,0.4025,1.7388
74.2880,0.4191,1.8086
74.2882,0.5244,2.2625
74.2884,0.5722,2.466
74.2886,0.5567,2.4016
74.2888,0.4939,2.1315
74.2890,0.4886,2.1078
74.2892,0.4828,2.0839
74.2894,0.4828,2.083
74.2896,0.4854,2.0948
74.2898,0.484,2.0872
74.2900,0.4845,2.0912
74.2902,0.483,2.0844
74.2904,0.4815,2.0763
74.2906,0.5017,2.1622
74.2908,0.5647,2.4329
74.2910,0.5409,2.3333
74.2912,0.5429,2.3389
74.2914,0.6047,2.6037
74.2916,0.6586,2.8307
74.2918,0.7055,3.0364
74.2920,0.7033,3.0229
74.2922,0.7023,3.0197
74.2924,0.7091,3.0491
74.2926,0.7458,3.2069
74.2928,0.7714,3.3156
74.2930,0.7616,3.2719
74.2932,0.7825,3.3599
74.2934,0.8417,3.6075
74.2936,0.9808,4.2017
74.2938,0.9098,3.9049
74.2940,0.8628,3.6997
74.2942,0.9115,3.9103
74.2944,0.918,3.9344
74.2946,0.9459,4.056
74.2948,0.966,4.1424
74.2950,0.9537,4.0799
74.2952,1.0231,4.383
74.2954,0.996,4.2689
74.2956,0.982,4.2068
74.2958,0.8949,3.8446
74.2960,0.8326,3.5768
74.2962,0.8778,3.7675
74.2964,0.8855,3.8057
74.2966,0.8829,3.7896
74.2968,0.9084,3.8987
74.2970,0.9299,3.9839
74.2972,0.9214,3.9548
74.2974,0.897,3.848
74.2976,0.9158,3.9306
74.2978,0.9479,4.0647
74.2980,0.9825,4.2089
74.2982,1.01,4.327
74.2984,1.0544,4.5171
74.2986,1.0791,4.6229
74.2988,1.0689,4.5749
74.2990,1.1263,4.8162
74.2992,1.112,4.7681
74.2994,0.9777,4.2059
74.2996,0.8563,3.6754
74.2998,0.9477,4.0618
74.3000,1.0147,4.347
74.3002,0.9496,4.0757
74.3004,0.8909,3.8271
74.3006,0.8785,3.7723
74.3008,0.8638,3.7124
74.3010,0.8192,3.524
74.3012,0.7683,3.3053
74.3014,0.7684,3.3043
74.3016,0.7591,3.2717
74.3018,0.6623,2.8573
74.3020,0.6102,2.6262
74.3022,0.6537,2.8174
74.3024,0.6947,2.9928
74.3026,0.6917,2.9812
74.3028,0.6487,2.7931
74.3030,0.7006,3.0195
74.3032,0.6236,2.689
74.3034,0.5801,2.5036
74.3036,0.5559,2.398
74.3038,0.5322,2.2982
74.3040,0.5289,2.2837
74.3042,0.5465,2.3609
74.3044,0.4957,2.1393
74.3046,0.5031,2.1724
74.3048,0.5032,2.1709
74.3050,0.5463,2.3566
74.3052,0.5147,2.2226
74.3054,0.505,2.1797
74.3056,0.5254,2.2676
74.3058,0.488,2.1091
74.3060,0.4021,1.7381
74.3062,0.3985,1.7217
74.3064,0.3945,1.7025
74.3066,0.519,2.2381
74.3068,0.5748,2.4797
74.3070,0.5375,2.3188
74.3072,0.468,2.0198
74.3074,0.4473,1.9334
74.3076,0.4463,1.9288
74.3078,0.4464,1.9293
74.3080,0.4446,1.9197
74.3082,0.4461,1.9256
74.3084,0.4461,1.9247
74.3086,0.4452,1.9214
74.3088,0.4499,1.9434
74.3090,0.4513,1.9496
74.3092,0.4472,1.932
74.3094,0.4467,1.9291
74.3096,0.447,1.9292
74.3098,0.4483,1.9349
74.3100,0.4496,1.9424
74.3102,0.446,1.9251
74.3104,0.4455,1.9221
74.3106,0.4496,1.9406
74.3108,0.4514,1.9493
74.3110,0.4544,1.9586
74.3112,0.5125,2.2077
74.3114,0.6204,2.6688
74.3116,0.6802,2.9248
74.3118,0.6881,2.9644
74.3120,0.5831,2.5119
74.3122,0.574,2.4726
74.3124,0.5647,2.434
74.3126,0.5736,2.4688
74.3128,0.6204,2.6713
74.3130,0.6624,2.8472
74.3132,0.8066,3.4618
74.3134,0.8771,3.7609
74.3136,0.8738,3.7522
74.3138,0.8514,3.656
74.3140,0.7772,3.3419
74.3142,0.7461,3.2084
74.3144,0.7948,3.413
74.3146,0.7906,3.4013
74.3148,0.6851,2.9542
74.3150,0.572,2.4655
74.3152,0.5514,2.3766
74.3154,0.5619,2.4216
74.3156,0.5562,2.3962
74.3158,0.5687,2.4476
74.3160,0.6196,2.667
74.3162,0.6389,2.7513
74.3164,0.6561,2.8238
74.3166,0.6451,2.7738
74.3168,0.6324,2.7242
74.3170,0.6099,2.6276
74.3172,0.6145,2.6472
74.3174,0.5561,2.3957
74.3176,0.5961,2.5658
74.3178,0.6557,2.8236
74.3180,0.6289,2.7067
74.3182,0.624,2.6843
74.3184,0.7043,3.0313
74.3186,0.6657,2.8625
74.3188,0.6644,2.8594
74.3190,0.6072,2.6157
74.3192,0.6413,2.7616
74.3194,0.6724,2.8954
74.3196,0.6162,2.6532
74.3198,0.6068,2.6117
74.3200,0.6373,2.7454
74.3202,0.5567,2.4016
74.3204,0.5007,2.158
74.3206,0.526,2.2681
74.3208,0.5455,2.3513
74.3210,0.6129,2.6405
74.3212,0.5774,2.4945
74.3214,0.4586,1.9776
74.3216,0.555,2.3899
74.3218,0.5931,2.5565
74.3220,0.5333,2.3007
74.3222,0.5036,2.1714
74.3224,0.4929,2.1254
74.3226,0.4911,2.1177
74.3228,0.4984,2.1512
74.3230,0.4951,2.1377
74.3232,0.4887,2.1044
74.3234,0.5436,2.3452
74.3236,0.49,2.114
74.3238,0.4814,2.0748
74.3240,0.4878,2.1042
74.3242,0.4863,2.098
74.3244,0.493,2.1259
74.3246,0.5139,2.2149
74.3248,0.5994,2.5797
74.3250,0.6184,2.663
74.3252,0.5833,2.5106
74.3254,0.5955,2.5608
74.3256,0.7146,3.0699
74.3258,0.7404,3.1807
74.3260,0.7108,3.0577
74.3262,0.7365,3.1657
74.3264,0.7783,3.3435
74.3266,0.7815,3.348
74.3268,0.9138,3.9164
74.3270,0.9478,4.0604
74.3272,0.9579,4.1017
74.3274,0.9827,4.2119
74.3276,0.9772,4.1882
74.3278,0.9671,4.1373
74.3280,0.9921,4.2559
74.3282,0.9285,3.9814
74.3284,0.9566,4.0979
74.3286,0.97,4.1535
74.3288,0.9513,4.081
74.3290,0.8738,3.754
74.3292,0.8345,3.5784
74.3294,0.8718,3.7452
74.3296,0.8208,3.528
74.3298,0.8262,3.5445
74.3300,0.8371,3.5913
74.3302,0.8292,3.5557
74.3304,0.875,3.7591
74.3306,0.8428,3.6189
74.3308,0.8416,3.6121
74.3310,0.8363,3.5928
74.3312,0.7588,3.2615
74.3314,0.8073,3.4681
74.3316,0.8455,3.624
74.3318,0.927,3.9766
74.3320,0.8454,3.6302
74.3322,0.8171,3.5136
74.3324,0.7893,3.3924
74.3326,0.7946,3.4151
74.3328,0.8698,3.733
74.3330,0.9224,3.9534
74.3332,0.8929,3.8341
74.3334,0.8353,3.5903
74.3336,0.8163,3.5084
74.3338,0.7678,3.3033
74.3340,0.7495,3.2243
74.3342,0.7421,3.1909
74.3344,0.7443,3.2007
74.3346,0.7114,3.0617
74.3348,0.7145,3.0694
74.3350,0.8048,3.4589
74.3352,0.7651,3.2899
74.3354,0.7144,3.0732
74.3356,0.733,3.1532
74.3358,0.7158,3.0823
74.3360,0.7042,3.0308
74.3362,0.6684,2.8743
74.3364,0.7286,3.136
74.3366,0.6871,2.9616
74.3368,0.5983,2.5775
74.3370,0.6001,2.5852
74.3372,0.6213,2.6767
74.3374,0.6494,2.7975
74.3376,0.6067,2.6136
74.3378,0.5942,2.5599
74.3380,0.6374,2.7433
74.3382,0.6885,2.9618
74.3384,0.6707,2.8908
74.3386,0.5945,2.5621
74.3388,0.6115,2.6294
74.3390,0.6894,2.9714
74.3392,0.6289,2.7105
74.3394,0.6229,2.6809
74.3396,0.6441,2.7697
74.3398,0.7387,3.1764
74.3400,0.7156,3.0769
74.3402,0.7086,3.0499
74.3404,0.6825,2.9415
74.3406,0.6521,2.8081
74.3408,0.666,2.8693
74.3410,0.5627,2.4275
74.3412,0.5348,2.3069
74.3414,0.5373,2.3146
74.3416,0.6111,2.6352
74.3418,0.5609,2.4208
74.3420,0.5356,2.3095
74.3422,0.5354,2.3095
74.3424,0.5357,2.31
74.3426,0.5381,2.3203
74.3428,0.6304,2.7109
74.3430,0.6761,2.9087
74.3432,0.594,2.5601
74.3434,0.606,2.6105
74.3436,0.6023,2.5981
74.3438,0.5399,2.3238
74.3440,0.6184,2.6643
74.3442,0.6355,2.7363
74.3444,0.6484,2.7921
74.3446,0.6551,2.8184
74.3448,0.6523,2.8086
74.3450,0.6485,2.7939
74.3452,0.6917,2.9757
74.3454,0.7363,3.1647
74.3456,0.7747,3.3296
74.3458,0.7457,3.2108
74.3460,0.6676,2.8707
74.3462,0.7525,3.2327
74.3464,0.7623,3.2811
74.3466,0.6417,2.7645
74.3468,0.6189,2.6676
74.3470,0.6045,2.6043
74.3472,0.6074,2.6155
74.3474,0.6103,2.6267
74.3476,0.6169,2.6563
74.3478,0.6072,2.6169
74.3480,0.6074,2.6167
74.3482,0.6105,2.629
74.3484,0.6134,2.6413
74.3486,0.6148,2.6488
74.3488,0.6196,2.667
74.3490,0.6792,2.9194
74.3492,0.7078,3.0434
74.3494,0.7199,3.0955
74.3496,0.7291,3.1352
74.3498,0.7247,3.1176
74.3500,0.6761,2.9127
74.3502,0.5969,2.5725
74.3504,0.5901,2.5388
74.3506,0.6252,2.6932
74.3508,0.5909,2.5455
74.3510,0.5852,2.5212
74.3512,0.6056,2.6042
74.3514,0.7508,3.227
74.3516,0.7259,3.1256
74.3518,0.6693,2.8833
74.3520,0.5953,2.5658
74.3522,0.5915,2.548
74.3524,0.6081,2.6198
74.3526,0.5493,2.3662
74.3528,0.6222,2.6778
74.3530,0.6387,2.749
74.3532,0.6383,2.7462
74.3534,0.7103,3.0571
74.3536,0.6148,2.6525
74.3538,0.5037,2.172
74.3540,0.5222,2.2505
74.3542,0.571,2.4563
74.3544,0.6194,2.6696
74.3546,0.524,2.2583
74.3548,0.5023,2.1668
74.3550,0.5008,2.1606
74.3552,0.5011,2.1586
74.3554,0.5643,2.4353
74.3556,0.5117,2.2076
74.3558,0.4916,2.1197
74.3560,0.4924,2.1214
74.3562,0.5857,2.5221
74.3564,0.5708,2.4615
74.3566,0.5312,2.2882
74.3568,0.5103,2.2004
74.3570,0.5445,2.3477
74.3572,0.5909,2.5431
74.3574,0.6192,2.6636
74.3576,0.6848,2.9472
74.3578,0.6756,2.9052
74.3580,0.7001,3.0062
74.3582,0.713,3.0675
74.3584,0.6875,2.9577
74.3586,0.6948,2.9863
74.3588,0.7189,3.0856
74.3590,0.84,3.6054
74.3592,0.8545,3.6642
74.3594,0.8544,3.6654
74.3596,0.861,3.692
74.3598,0.9483,4.0606
74.3600,1.008,4.3163
74.3602,0.9696,4.1597
74.3604,0.9442,4.0469
74.3606,0.9838,4.2126
74.3608,0.9945,4.2602
74.3610,0.9664,4.142
74.3612,0.914,3.9137
74.3614,0.9638,4.1307
74.3616,0.9817,4.2078
74.3618,0.9791,4.1945
74.3620,0.9983,4.2807
74.3622,0.8977,3.8547
74.3624,0.8584,3.6841
74.3626,0.888,3.813
74.3628,0.8479,3.6359
74.3630,0.875,3.7521
74.3632,0.8928,3.8336
74.3634,0.9022,3.8688
74.3636,0.8885,3.8151
74.3638,0.8358,3.5924
74.3640,0.809,3.4769
74.3642,0.7526,3.2332
74.3644,0.7654,3.2899
74.3646,0.7832,3.3661
74.3648,0.8398,3.6077
74.3650,0.8412,3.6105
74.3652,0.8666,3.7214
74.3654,0.8789,3.7739
74.3656,0.9092,3.8987
74.3658,0.8815,3.787
74.3660,0.8416,3.6137
74.3662,0.8609,3.6984
74.3664,0.7835,3.3771
74.3666,0.6612,2.8447
74.3668,0.7262,3.1228
74.3670,0.7495,3.2243
74.3672,0.759,3.2636
74.3674,0.7623,3.2765
74.3676,0.7839,3.3692
74.3678,0.7488,3.2212
74.3680,0.7068,3.0435
74.3682,0.7298,3.1456
74.3684,0.634,2.7352
74.3686,0.6261,2.6973
74.3688,0.6309,2.7167
74.3690,0.6048,2.6066
74.3692,0.533,2.2981
74.3694,0.588,2.5295
74.3696,0.7301,3.1452
74.3698,0.5736,2.4757
74.3700,0.4982,2.1512
74.3702,0.4822,2.0823
74.3704,0.4896,2.1119
74.3706,0.5015,2.1637
74.3708,0.5008,2.1596
74.3710,0.5857,2.5256
74.3712,0.5091,2.1993
74.3714,0.4356,1.88
74.3716,0.5056,2.1802
74.3718,0.559,2.4081
74.3720,0.5657,2.4404
74.3722,0.4813,2.0772
74.3724,0.465,2.0068
74.3726,0.4695,2.0246
74.3728,0.5596,2.4084
74.3730,0.6752,2.9113
74.3732,0.5747,2.4769
74.3734,0.5816,2.5057
74.3736,0.5836,2.514
74.3738,0.6147,2.6507
74.3740,0.5637,2.4305
74.3742,0.4868,2.101
74.3744,0.4496,1.9415
74.3746,0.4459,1.9237
74.3748,0.4884,2.1087
74.3750,0.4542,1.9593
74.3752,0.4635,2.0015
74.3754,0.474,2.0456
74.3756,0.4611,1.9903
74.3758,0.4586,1.9794
74.3760,0.4585,1.978
74.3762,0.4579,1.9763
74.3764,0.4767,2.0585
74.3766,0.4662,2.012
74.3768,0.5078,2.1875
74.3770,0.6025,2.592
74.3772,0.6771,2.9114
74.3774,0.7078,3.0392
74.3776,0.7469,3.21
74.3778,0.7238,3.114
74.3780,0.7347,3.1565
74.3782,0.7776,3.3419
74.3784,0.7617,3.2724
74.3786,0.7199,3.0926
74.3788,0.8122,3.4876
74.3790,0.8169,3.5077
74.3792,0.799,3.4278
74.3794,0.8635,3.7028
74.3796,0.86,3.6965
74.3798,0.7758,3.3342
74.3800,0.7551,3.2516
74.3802,0.6658,2.8643
74.3804,0.6747,2.9038
74.3806,0.6591,2.8354
74.3808,0.6898,2.9688
74.3810,0.6361,2.7402
74.3812,0.5566,2.3988
74.3814,0.5639,2.4315
74.3816,0.5662,2.4413
74.3818,0.5707,2.4564
74.3820,0.6348,2.7307
74.3822,0.6342,2.7307
74.3824,0.6473,2.7862
74.3826,0.6297,2.7116
74.3828,0.6818,2.9329
74.3830,0.6897,2.9725
74.3832,0.5356,2.3106
74.3834,0.5187,2.2376
74.3836,0.5216,2.25
74.3838,0.4976,2.1456
74.3840,0.5248,2.2609
74.3842,0.5776,2.4881
74.3844,0.5503,2.372
74.3846,0.5085,2.1947
74.3848,0.5002,2.158
74.3850,0.5217,2.2495
74.3852,0.5258,2.266
74.3854,0.4905,2.119
74.3856,0.4157,1.7958
74.3858,0.4073,1.7587
74.3860,0.4063,1.7538
74.3862,0.4087,1.7658
74.3864,0.4206,1.817
74.3866,0.4065,1.7551
74.3868,0.4126,1.7815
74.3870,0.3993,1.7232
74.3872,0.4035,1.7389
74.3874,0.5234,2.2547
74.3876,0.5277,2.2743
74.3878,0.4881,2.1047
74.3880,0.4804,2.0717
74.3882,0.5003,2.1555
74.3884,0.5523,2.3791
74.3886,0.5358,2.3105
74.3888,0.4826,2.081
74.3890,0.4813,2.0753
74.3892,0.4813,2.0753
74.3894,0.4845,2.0892
74.3896,0.4798,2.0681
74.3898,0.4807,2.0746
74.3900,0.4828,2.083
74.3902,0.4828,2.0801
74.3904,0.486,2.0945
74.3906,0.4825,2.0785
74.3908,0.5429,2.3389
74.3910,0.5475,2.3552
74.3912,0.6137,2.6362
74.3914,0.7364,3.1622
74.3916,0.7584,3.2595
74.3918,0.7383,3.1734
74.3920,0.7481,3.2137
74.3922,0.7536,3.2389
74.3924,0.7168,3.0749
74.3926,0.7937,3.4067
74.3928,0.8201,3.5199
74.3930,0.8303,3.562
74.3932,0.8421,3.6124
74.3934,0.8904,3.8179
74.3936,0.9597,4.1113
74.3938,0.9732,4.1654
74.3940,0.957,4.1
74.3942,0.9765,4.1793
74.3944,0.9563,4.1007
74.3946,0.935,4.0036
74.3948,0.9644,4.1313
74.3950,0.964,4.1298
74.3952,1.0082,4.3173
74.3954,0.9814,4.2062
74.3956,0.8752,3.7562
74.3958,0.8134,3.4895
74.3960,0.8386,3.6009
74.3962,0.8524,3.6601
74.3964,0.8803,3.7783
74.3966,0.8705,3.7309
74.3968,0.9343,4.0043
74.3970,0.9729,4.1697
74.3972,0.9915,4.2434
74.3974,0.9763,4.1885
74.3976,0.8953,3.839
74.3978,0.9122,3.9115
74.3980,0.8995,3.8606
74.3982,0.8729,3.7464
74.3984,0.8653,3.714
74.3986,0.9012,3.8624
74.3988,0.9326,3.9933
74.3990,0.9388,4.0275
74.3992,0.9669,4.144
74.3994,0.9773,4.1966
74.3996,0.8807,3.7763
74.3998,0.9049,3.882
74.4000,0.8958,3.8447
74.4002,0.8566,3.6764
74.4004,0.8391,3.5996
74.4006,0.8717,3.743
74.4008,0.8795,3.78
74.4010,0.8302,3.5731
74.4012,0.7603,3.2723
74.4014,0.7647,3.2883
74.4016,0.7195,3.0968
74.4018,0.664,2.8605
74.4020,0.6526,2.8076
74.4022,0.6988,3.0006
74.4024,0.7746,3.3306
74.4026,0.7521,3.2372
74.4028,0.7503,3.2279
74.4030,0.7924,3.4011
74.4032,0.8605,3.6968
74.4034,0.8142,3.498
74.4036,0.8708,3.7341
74.4038,0.8828,3.7873
74.4040,0.8272,3.5635
74.4042,0.6256,2.6978
74.4044,0.5818,2.5074
74.4046,0.5782,2.4919
74.4048,0.5874,2.5328
74.4050,0.5671,2.4466
74.4052,0.5002,2.158
74.4054,0.5069,2.1859
74.4056,0.5003,2.1585
74.4058,0.5581,2.4022
74.4060,0.7192,3.0938
74.4062,0.7122,3.0682
74.4064,0.5832,2.5147
74.4066,0.5443,2.3483
74.4068,0.5349,2.3075
74.4070,0.534,2.3038
74.4072,0.5237,2.2583
74.4074,0.5244,2.2635
74.4076,0.5193,2.2423
74.4078,0.5244,2.2614
74.4080,0.5294,2.2837
74.4082,0.5288,2.28
74.4084,0.5255,2.2661
74.4086,0.5254,2.2655
74.4088,0.5265,2.2702
74.4090,0.5613,2.419
74.4092,0.6469,2.7828
74.4094,0.7068,3.0421
74.4096,0.6096,2.6273
74.4098,0.5344,2.3043
74.4100,0.583,2.5114
74.4102,0.6357,2.7361
74.4104,0.6397,2.7531
74.4106,0.6597,2.842
74.4108,0.6436,2.7727
74.4110,0.6431,2.7681
74.4112,0.6572,2.8285
74.4114,0.68,2.9238
74.4116,0.7202,3.097
74.4118,0.7334,3.1493
74.4120,0.8501,3.6435
74.4122,0.8837,3.7962
74.4124,0.8719,3.7405
74.4126,0.8489,3.6519
74.4128,0.7278,3.1281
74.4130,0.7406,3.1862
74.4132,0.7135,3.0696
74.4134,0.7268,3.1268
74.4136,0.7264,3.1277
74.4138,0.6814,2.9286
74.4140,0.6935,2.9876
74.4142,0.6427,2.7699
74.4144,0.6162,2.6532
74.4146,0.6308,2.7137
74.4148,0.6523,2.8086
74.4150,0.6455,2.7797
74.4152,0.6623,2.8454
74.4154,0.7428,3.1925
74.4156,0.749,3.2193
74.4158,0.8048,3.4541
74.4160,0.8458,3.6385
74.4162,0.7077,3.0514
74.4164,0.586,2.5243
74.4166,0.6442,2.7715
74.4168,0.6539,2.8158
74.4170,0.6153,2.6508
74.4172,0.6137,2.6461
74.4174,0.6099,2.6276
74.4176,0.6073,2.6162
74.4178,0.6241,2.6873
74.4180,0.6881,2.963
74.4182,0.7039,3.0283
74.4184,0.6836,2.942
74.4186,0.6581,2.8326
74.4188,0.6641,2.8584
74.4190,0.7059,3.0323
74.4192,0.7912,3.4054
74.4194,0.729,3.1376
74.4196,0.6843,2.9396
74.4198,0.7623,3.2795
74.4200,0.7399,3.1801
74.4202,0.7674,3.2981
74.4204,0.7157,3.0832
74.4206,0.6069,2.6159
74.4208,0.5972,2.5728
74.4210,0.6103,2.6267
74.4212,0.6609,2.8471
74.4214,0.6366,2.741
74.4216,0.6417,2.7683
74.4218,0.5284,2.2785
74.4220,0.5043,2.1735
74.4222,0.5569,2.3993
74.4224,0.6349,2.7376
74.4226,0.5375,2.3178
74.4228,0.4988,2.1508
74.4230,0.5477,2.3617
74.4232,0.5079,2.1911
74.4234,0.488,2.1033
74.4236,0.4903,2.1141
74.4238,0.4995,2.1549
74.4240,0.5683,2.4506
74.4242,0.6091,2.6215
74.4244,0.5801,2.499
74.4246,0.5814,2.5035
74.4248,0.6604,2.8398
74.4250,0.724,3.1087
74.4252,0.7499,3.2244
74.4254,0.7428,3.1925
74.4256,0.7928,3.4042
74.4258,0.8357,3.5852
74.4260,0.8979,3.8467
74.4262,1.0171,4.3614
74.4264,0.9723,4.1652
74.4266,0.9877,4.2295
74.4268,1.0022,4.2976
74.4270,0.9681,4.153
74.4272,0.9548,4.0921
74.4274,0.9493,4.0723
74.4276,0.9246,3.9645
74.4278,0.9838,4.2185
74.4280,0.9544,4.0964
74.4282,0.9713,4.1612
74.4284,0.9665,4.1542
74.4286,0.8533,3.6626
74.4288,0.8932,3.8334
74.4290,0.9182,3.9391
74.4292,0.8854,3.8017
74.4294,0.841,3.6096
74.4296,0.8754,3.759
74.4298,0.9032,3.8767
74.4300,0.9644,4.1333
74.4302,0.874,3.7616
74.4304,0.6959,2.9966
74.4306,0.7195,3.094
74.4308,0.7313,3.1475
74.4310,0.7248,3.1181
74.4312,0.7276,3.1256
74.4314,0.7737,3.3301
74.4316,0.7757,3.3368
74.4318,0.748,3.2147
74.4320,0.8128,3.4935
74.4322,0.7692,3.3121
74.4324,0.7294,3.1392
74.4326,0.6644,2.8595
74.4328,0.6579,2.8329
74.4330,0.6484,2.7934
74.4332,0.6926,2.9822
74.4334,0.7585,3.2616
74.4336,0.7315,3.1529
74.4338,0.6541,2.8164
74.4340,0.6135,2.6419
74.4342,0.648,2.7901
74.4344,0.6852,2.952
74.4346,0.6225,2.6881
74.4348,0.5321,2.2935
74.4350,0.5709,2.4615
74.4352,0.5475,2.3585
74.4354,0.5697,2.4564
74.4356,0.5243,2.2588
74.4358,0.6332,2.7241
74.4360,0.6814,2.9328
74.4362,0.6518,2.8079
74.4364,0.6378,2.7488
74.4366,0.6487,2.7958
74.4368,0.612,2.6364
74.4370,0.6137,2.6449
74.4372,0.5938,2.5579
74.4374,0.6382,2.747
74.4376,0.6794,2.9213
74.4378,0.6646,2.8632
74.4380,0.592,2.5537
74.4382,0.588,2.5366
74.4384,0.5535,2.3855
74.4386,0.5927,2.5509
74.4388,0.659,2.8363
74.4390,0.6352,2.7366
74.4392,0.5839,2.5156
74.4394,0.602,2.5935
74.4396,0.6174,2.6621
74.4398,0.6394,2.7547
74.4400,0.6067,2.6173
74.4402,0.4601,1.9875
74.4404,0.4555,1.966
74.4406,0.4681,2.0194
74.4408,0.4591,1.9824
74.4410,0.4536,1.9595
74.4412,0.4555,1.9669
74.4414,0.456,1.968
74.4416,0.4551,1.9662
74.4418,0.4546,1.9609
74.4420,0.4984,2.1453
74.4422,0.5717,2.4674
74.4424,0.4668,2.0146
74.4426,0.4826,2.08
74.4428,0.5354,2.3085
74.4430,0.5462,2.355
74.4432,0.5506,2.3731
74.4434,0.5525,2.3791
74.4436,0.5948,2.5626
74.4438,0.5658,2.4376
74.4440,0.5568,2.3999
74.4442,0.5631,2.4268
74.4444,0.5632,2.4284
74.4446,0.5639,2.4282
74.4448,0.6077,2.6154
74.4450,0.6459,2.7761
74.4452,0.7521,3.2342
74.4454,0.7273,3.1246
74.4456,0.751,3.2246
74.4458,0.6971,3.0018
74.4460,0.5734,2.4701
74.4462,0.5428,2.3405
74.4464,0.5434,2.3442
74.4466,0.5409,2.3301
74.4468,0.5412,2.3327
74.4470,0.5253,2.2651
74.4472,0.5236,2.2568
74.4474,0.5249,2.2625
74.4476,0.533,2.2971
74.4478,0.5285,2.2801
74.4480,0.5583,2.405
74.4482,0.6013,2.5868
74.4484,0.6591,2.8328
74.4486,0.7216,3.1057
74.4488,0.6565,2.8281
74.4490,0.6251,2.689
74.4492,0.6221,2.6773
74.4494,0.5734,2.4712
74.4496,0.6091,2.624
74.4498,0.5814,2.5082
74.4500,0.5393,2.3256
74.4502,0.5084,2.1922
74.4504,0.5103,2.2004
74.4506,0.559,2.4092
74.4508,0.5215,2.2485
74.4510,0.5107,2.201
74.4512,0.5367,2.3131
74.4514,0.6035,2.5997
74.4516,0.6008,2.5872
74.4518,0.5898,2.542
74.4520,0.5469,2.3538
74.4522,0.6605,2.839
74.4524,0.637,2.7457
74.4526,0.5296,2.2837
74.4528,0.5398,2.3244
74.4530,0.6436,2.7676
74.4532,0.6566,2.826
74.4534,0.5854,2.5253
74.4536,0.5026,2.1633
74.4538,0.5382,2.3209
74.4540,0.4833,2.0841
74.4542,0.4842,2.0868
74.4544,0.4924,2.1224
74.4546,0.4791,2.0689
74.4548,0.4767,2.0566
74.4550,0.4793,2.0665
74.4552,0.4826,2.08
74.4554,0.5283,2.2727
74.4556,0.6144,2.648
74.4558,0.5388,2.3213
74.4560,0.5736,2.4688
74.4562,0.6115,2.6307
74.4564,0.6239,2.6876
74.4566,0.6241,2.6861
74.4568,0.6468,2.781
74.4570,0.6849,2.9423
74.4572,0.7486,3.2173
74.4574,0.7448,3.1983
74.4576,0.7382,3.1715
74.4578,0.7245,3.1151
74.4580,0.7356,3.1587
74.4582,0.8096,3.4731
74.4584,0.8563,3.6754
74.4586,0.8602,3.6902
74.4588,0.8705,3.7257
74.4590,0.973,4.1625
74.4592,0.9959,4.2605
74.4594,1.0139,4.3415
74.4596,0.995,4.2644
74.4598,0.9788,4.195
74.4600,0.9706,4.1562
74.4602,0.9701,4.1599
74.4604,0.9125,3.909
74.4606,0.9838,4.2107
74.4608,1.018,4.363
74.4610,0.9368,4.0189
74.4612,0.9507,4.0766
74.4614,0.9444,4.0494
74.4616,0.9613,4.1161
74.4618,0.9662,4.143
74.4620,0.9195,3.943
74.4622,0.9205,3.9416
74.4624,0.9478,4.0719
74.4626,0.8515,3.6617
74.4628,0.8592,3.6861
74.4630,0.8941,3.8393
74.4632,0.8357,3.5919
74.4634,0.7524,3.2338
74.4636,0.792,3.4007
74.4638,0.8465,3.6349
74.4640,0.7981,3.4317
74.4642,0.7689,3.3033
74.4644,0.856,3.6756
74.4646,0.8831,3.7937
74.4648,0.861,3.6972
74.4650,0.8344,3.5863
74.4652,0.7571,3.2554
74.4654,0.783,3.3636
74.4656,0.7652,3.2935
74.4658,0.6731,2.8999
74.4660,0.6511,2.8035
74.4662,0.7129,3.0671
74.4664,0.7638,3.2827
74.4666,0.7783,3.3466
74.4668,0.7209,3.1011
74.4670,0.7008,3.0164
74.4672,0.6699,2.8859
74.4674,0.6607,2.8461
74.4676,0.664,2.8566
74.4678,0.6951,2.9888
74.4680,0.7488,3.2198
74.4682,0.7296,3.1388
74.4684,0.7345,3.157
74.4686,0.7322,3.1487
74.4688,0.7163,3.0829
74.4690,0.6554,2.8273
74.4692,0.5813,2.5077
74.4694,0.5769,2.4862
74.4696,0.5704,2.4583
74.4698,0.5635,2.4322
74.4700,0.4977,2.1491
74.4702,0.4779,2.0628
74.4704,0.5156,2.2222
74.4706,0.5477,2.3628
74.4708,0.5294,2.2848
74.4710,0.5264,2.2718
74.4712,0.5412,2.3317
74.4714,0.603,2.5977
74.4716,0.6614,2.8439
74.4718,0.7755,3.3363
74.4720,0.6528,2.8134
74.4722,0.5504,2.3731
74.4724,0.614,2.6464
74.4726,0.6012,2.5923
74.4728,0.581,2.502
74.4730,0.6345,2.7335
74.4732,0.6518,2.8053
74.4734,0.6322,2.7237
74.4736,0.5662,2.4414
74.4738,0.5551,2.3949
74.4740,0.5319,2.2935
74.4742,0.5351,2.3085
74.4744,0.5215,2.2475
74.4746,0.5169,2.2278
74.4748,0.5614,2.4151
74.4750,0.7026,3.0241
74.4752,0.6022,2.5917
74.4754,0.5821,2.5066
74.4756,0.6297,2.7104
74.4758,0.7197,3.0945
74.4760,0.7505,3.2255
74.4762,0.7512,3.2286
74.4764,0.7524,3.2338
74.4766,0.7518,3.2297
74.4768,0.7557,3.2497
74.4770,0.7471,3.2126
74.4772,0.7471,3.2096
74.4774,0.8131,3.4897
74.4776,0.8603,3.6959
74.4778,0.7867,3.3843
74.4780,0.7233,3.11
74.4782,0.7643,3.2817
74.4784,0.8484,3.6432
74.4786,0.8602,3.6971
74.4788,0.7733,3.325
74.4790,0.7852,3.3765
74.4792,0.7915,3.4049
74.4794,0.6692,2.8788
74.4796,0.6644,2.8621
74.4798,0.6146,2.6478
74.4800,0.6121,2.6357
74.4802,0.615,2.6469
74.4804,0.6306,2.7177
74.4806,0.6087,2.6249
74.4808,0.6032,2.5987
74.4810,0.5899,2.5402
74.4812,0.6539,2.8133
74.4814,0.7143,3.0685
74.4816,0.7489,3.2188
74.4818,0.7083,3.0484
74.4820,0.7264,3.1234
74.4822,0.7628,3.2786
74.4824,0.7301,3.1408
74.4826,0.6804,2.9341
74.4828,0.6397,2.757
74.4830,0.6155,2.6514
74.4832,0.6047,2.6013
74.4834,0.6685,2.877
74.4836,0.6711,2.8911
74.4838,0.6249,2.696
74.4840,0.5438,2.3447
74.4842,0.5162,2.2278
74.4844,0.414,1.7894
74.4846,0.4016,1.7347
74.4848,0.4531,1.9511
74.4850,0.5563,2.4012
74.4852,0.4285,1.8521
74.4854,0.4087,1.7674
74.4856,0.3964,1.7124
74.4858,0.4248,1.8318
74.4860,0.5192,2.2377
74.4862,0.5028,2.1689
74.4864,0.4966,2.1425
74.4866,0.4972,2.1451
74.4868,0.4976,2.1456
74.4870,0.4976,2.1466
74.4872,0.5007,2.1611
74.4874,0.4923,2.1258
74.4876,0.4812,2.0758
74.4878,0.4757,2.052
74.4880,0.4814,2.0749
74.4882,0.5487,2.3648
74.4884,0.5242,2.2594
74.4886,0.4894,2.1105
74.4888,0.4816,2.0778
74.4890,0.4852,2.0934
74.4892,0.4846,2.0888
74.4894,0.4833,2.0841
74.4896,0.5119,2.2082
74.4898,0.5205,2.2433
74.4900,0.5421,2.3342
74.4902,0.5785,2.4888
74.4904,0.6585,2.8329
74.4906,0.6989,3.0067
74.4908,0.6784,2.9212
74.4910,0.6944,2.9816
74.4912,0.7789,3.3445
74.4914,0.842,3.612
74.4916,0.8563,3.6737
74.4918,0.8625,3.6965
74.4920,0.8821,3.7843
74.4922,0.8776,3.7683
74.4924,0.8886,3.8085
74.4926,0.9667,4.1373
74.4928,1.0097,4.3215
74.4930,1.0156,4.3446
74.4932,1.1042,4.7193
74.4934,1.1366,4.8599
74.4936,1.094,4.6801
74.4938,1.0971,4.7
74.4940,1.0887,4.6532
74.4942,1.1639,4.9768
74.4944,1.0577,4.531
74.4946,0.9774,4.1893
74.4948,0.9749,4.1785
74.4950,0.9381,4.0226
74.4952,0.9462,4.0533
74.4954,0.9603,4.1274
74.4956,0.8554,3.6696
74.4958,0.9008,3.8664
74.4960,0.9363,4.0168
74.4962,0.9078,3.8944
74.4964,0.9121,3.9166
74.4966,0.9001,3.8633
74.4968,0.8911,3.8282
74.4970,0.8545,3.6694
74.4972,0.9103,3.9052
74.4974,0.9578,4.1051
74.4976,0.9373,4.0209
74.4978,0.8653,3.714
74.4980,0.8777,3.7723
74.4982,0.7625,3.2801
74.4984,0.7795,3.3502
74.4986,0.8139,3.4981
74.4988,0.7777,3.3456
74.4990,0.7328,3.1571
74.4992,0.6438,2.772
74.4994,0.6488,2.7924
74.4996,0.6488,2.7937
74.4998,0.6604,2.8438
74.5000,0.6669,2.873
74.5002,0.6855,2.9517
74.5004,0.6911,2.9718
74.5006,0.7169,3.0827
74.5008,0.6934,2.983
74.5010,0.7138,3.0693
74.5012,0.759,3.2651
74.5014,0.7285,3.1356
74.5016,0.6828,2.9403
74.5018,0.6722,2.8957
74.5020,0.6568,2.8296
74.5022,0.6384,2.7475
74.5024,0.6324,2.723
74.5026,0.6042,2.6053
74.5028,0.5622,2.4277
74.5030,0.5104,2.204
74.5032,0.5156,2.2273
74.5034,0.4326,1.8671
74.5036,0.5011,2.1656
74.5038,0.4269,1.844
74.5040,0.443,1.9113
74.5042,0.4676,2.0192
74.5044,0.4561,1.9704
74.5046,0.4456,1.923
74.5048,0.4863,2.099
74.5050,0.5357,2.3154
74.5052,0.4677,2.0188
74.5054,0.4586,1.9794
74.5056,0.4478,1.9338
74.5058,0.4445,1.9175
74.5060,0.4542,1.9612
74.5062,0.4639,2.0031
74.5064,0.4644,2.0043
74.5066,0.4589,1.9814
74.5068,0.4601,1.9856
74.5070,0.4633,1.9987
74.5072,0.4596,1.9845
74.5074,0.4547,1.9615
74.5076,0.4472,1.9303
74.5078,0.4444,1.9179
74.5080,0.4459,1.9246
74.5082,0.4447,1.9203
74.5084,0.4447,1.9194
74.5086,0.468,2.0179
74.5088,0.5373,2.3125
74.5090,0.6677,2.8726
74.5092,0.6547,2.819
74.5094,0.5619,2.4205
74.5096,0.5517,2.3766
74.5098,0.5559,2.3958
74.5100,0.5608,2.417
74.5102,0.5703,2.4578
74.5104,0.5739,2.4699
74.5106,0.6966,2.99
74.5108,0.8469,3.6399
74.5110,0.7433,3.1976
74.5112,0.696,2.9874
74.5114,0.7689,3.3033
74.5116,0.7282,3.134
74.5118,0.6164,2.6592
74.5120,0.5486,2.3643
74.5122,0.5416,2.3332
74.5124,0.5406,2.3302
74.5126,0.5632,2.4251
74.5128,0.6219,2.6743
74.5130,0.6504,2.7939
74.5132,0.6637,2.8564
74.5134,0.6572,2.8206
74.5136,0.7698,3.3131
74.5138,0.6423,2.7645
74.5140,0.6006,2.5874
74.5142,0.553,2.3823
74.5144,0.597,2.5707
74.5146,0.6569,2.8236
74.5148,0.7434,3.1966
74.5150,0.6772,2.9147
74.5152,0.5809,2.5038
74.5154,0.5832,2.5101
74.5156,0.6469,2.788
74.5158,0.5481,2.3633
74.5160,0.5374,2.3151
74.5162,0.5333,2.2976
74.5164,0.5804,2.4994
74.5166,0.6369,2.74
74.5168,0.6733,2.8963
74.5170,0.6697,2.8822
74.5172,0.6261,2.6961
74.5174,0.6285,2.7065
74.5176,0.6201,2.6703
74.5178,0.5875,2.5299
74.5180,0.5818,2.5039
74.5182,0.5463,2.3566
74.5184,0.4988,2.1538
74.5186,0.5102,2.2009
74.5188,0.5022,2.1613
74.5190,0.5981,2.5741
74.5192,0.6045,2.6056
74.5194,0.5928,2.5502
74.5196,0.637,2.7431
74.5198,0.5495,2.3695
74.5200,0.502,2.1648
74.5202,0.5068,2.1865
74.5204,0.4912,2.1192
74.5206,0.4898,2.111
74.5208,0.4914,2.1197
74.5210,0.491,2.1172
74.5212,0.4869,2.0967
74.5214,0.5424,2.3379
74.5216,0.5101,2.1994
74.5218,0.4862,2.0965
74.5220,0.4855,2.0934
74.5222,0.4809,2.0747
74.5224,0.4809,2.0738
74.5226,0.4819,2.076
74.5228,0.4858,2.094
74.5230,0.5199,2.2387
74.5232,0.565,2.4305
74.5234,0.6454,2.7741
74.5236,0.7411,3.1838
74.5238,0.7476,3.2102
74.5240,0.7097,3.0475
74.5242,0.7502,3.2215
74.5244,0.8014,3.4397
74.5246,0.8143,3.4948
74.5248,0.7803,3.3507
74.5250,0.7896,3.3951
74.5252,0.781,3.3554
74.5254,0.8227,3.5292
74.5256,0.8548,3.6619
74.5258,0.8855,3.7987
74.5260,0.8434,3.6182
74.5262,0.8743,3.7474
74.5264,0.8938,3.8324
74.5266,0.842,3.6137
74.5268,0.8867,3.8021
74.5270,0.9792,4.1951
74.5272,0.9345,4.0035
74.5274,0.9061,3.8836
74.5276,0.9436,4.0444
74.5278,0.9653,4.1394
74.5280,0.9322,4.0012
74.5282,0.8561,3.671
74.5284,0.8656,3.7151
74.5286,0.8356,3.5881
74.5288,0.8303,3.5654
74.5290,0.8228,3.5313
74.5292,0.8114,3.4841
74.5294,0.8128,3.4919
74.5296,0.7768,3.3405
74.5298,0.7605,3.2658
74.5300,0.7999,3.4378
74.5302,0.7882,3.3863
74.5304,0.7914,3.3981
74.5306,0.8163,3.5019
74.5308,0.881,3.7762
74.5310,0.9138,3.9183
74.5312,0.829,3.5614
74.5314,0.8472,3.6431
74.5316,0.7762,3.3379
74.5318,0.8092,3.4813
74.5320,0.6863,2.9539
74.5322,0.6547,2.8177
74.5324,0.6513,2.8006
74.5326,0.733,3.1517
74.5328,0.7884,3.3868
74.5330,0.7862,3.3822
74.5332,0.788,3.3837
74.5334,0.8037,3.4543
74.5336,0.7616,3.2735
74.5338,0.7417,3.1849
74.5340,0.8268,3.5488
74.5342,0.834,3.583
74.5344,0.8905,3.8239
74.5346,0.8205,3.5314
74.5348,0.6922,2.9806
74.5350,0.6773,2.9166
74.5352,0.6366,2.7449
74.5354,0.59,2.5395
74.5356,0.6434,2.7718
74.5358,0.6217,2.677
74.5360,0.679,2.9211
74.5362,0.7506,3.2245
74.5364,0.7878,3.3874
74.5366,0.7733,3.325
74.5368,0.7671,3.2956
74.5370,0.7498,3.2224
74.5372,0.7475,3.2111
74.5374,0.8254,3.546
74.5376,0.8018,3.4429
74.5378,0.8029,3.4539
74.5380,0.7282,3.1384
74.5382,0.6404,2.7576
74.5384,0.6374,2.7434
74.5386,0.6616,2.845
74.5388,0.7218,3.1038
74.5390,0.7173,3.0885
74.5392,0.6665,2.8688
74.5394,0.6319,2.7234
74.5396,0.5569,2.4004
74.5398,0.5577,2.4058
74.5400,0.5442,2.3468
74.5402,0.5414,2.3354
74.5404,0.5424,2.3412
74.5406,0.5476,2.3612
74.5408,0.6022,2.588
74.5410,0.7637,3.2898
74.5412,0.6396,2.7591
74.5414,0.5846,2.5187
74.5416,0.6519,2.8058
74.5418,0.6613,2.8461
74.5420,0.6451,2.7777
74.5422,0.6459,2.7826
74.5424,0.6495,2.7968
74.5426,0.6504,2.803
74.5428,0.6464,2.7847
74.5430,0.6928,2.9749
74.5432,0.8209,3.5247
74.5434,0.8352,3.5899
74.5436,0.7599,3.2723
74.5438,0.643,2.7663
74.5440,0.6704,2.8853
74.5442,0.7747,3.3281
74.5444,0.8795,3.7783
74.5446,0.7716,3.3193
74.5448,0.6349,2.7351
74.5450,0.6149,2.6501
74.5452,0.6115,2.6344
74.5454,0.6078,2.6171
74.5456,0.6111,2.6328
74.5458,0.6115,2.6356
74.5460,0.614,2.6452
74.5462,0.6206,2.6724
74.5464,0.6242,2.6891
74.5466,0.6248,2.6917
74.5468,0.6207,2.6741
74.5470,0.6108,2.63
74.5472,0.6704,2.888
74.5474,0.6585,2.8329
74.5476,0.8021,3.4412
74.5478,0.8599,3.6978
74.5480,0.7412,3.1873
74.5482,0.7175,3.0924
74.5484,0.6109,2.633
74.5486,0.5922,2.5512
74.5488,0.6083,2.6241
74.5490,0.5801,2.5013
74.5492,0.5733,2.4696
74.5494,0.5836,2.5152
74.5496,0.5978,2.5731
74.5498,0.6304,2.716
74.5500,0.5944,2.5593
74.5502,0.5855,2.5223
74.5504,0.5893,2.5388
74.5506,0.6528,2.8147
74.5508,0.5836,2.514
74.5510,0.6498,2.7991
74.5512,0.6097,2.6254
74.5514,0.5968,2.5708
74.5516,0.5994,2.5834
74.5518,0.6127,2.6383
74.5520,0.6029,2.5948
74.5522,0.598,2.5796
74.5524,0.5122,2.2097
74.5526,0.5544,2.3874
74.5528,0.5866,2.5269
74.5530,0.6008,2.5896
74.5532,0.5878,2.5368
74.5534,0.5061,2.1834
74.5536,0.5318,2.2909
74.5538,0.5815,2.5052
74.5540,0.5875,2.531
74.5542,0.6439,2.7738
74.5544,0.5791,2.4961
74.5546,0.5671,2.4444
74.5548,0.5297,2.2853
74.5550,0.5302,2.2831
74.5552,0.5743,2.4731
74.5554,0.6028,2.5979
74.5556,0.6072,2.6158
74.5558,0.6063,2.6097
74.5560,0.635,2.7331
74.5562,0.6524,2.8053
74.5564,0.7066,3.0327
74.5566,0.7952,3.4209
74.5568,0.6893,2.9668
74.5570,0.6711,2.8844
74.5572,0.7361,3.1666
74.5574,0.7322,3.1487
74.5576,0.768,3.3008
74.5578,0.7848,3.3666
74.5580,0.833,3.5767
74.5582,0.8569,3.678
74.5584,0.8596,3.6807
74.5586,0.9635,4.1259
74.5588,0.9784,4.1915
74.5590,0.9946,4.2628
74.5592,0.9814,4.2043
74.5594,0.9767,4.1863
74.5596,0.9707,4.1606
74.5598,0.9767,4.1902
74.5600,0.9129,3.9129
74.5602,0.9712,4.1587
74.5604,0.979,4.1999
74.5606,0.9478,4.0681
74.5608,0.9517,4.0807
74.5610,0.9785,4.19
74.5612,1.0108,4.3302
74.5614,1.0228,4.3836
74.5616,1.0565,4.5217
74.5618,1.0832,4.6426
74.5620,0.9976,4.2797
74.5622,0.9532,4.0912
74.5624,0.9768,4.1848
74.5626,1.0021,4.2932
74.5628,0.9524,4.0991
74.5630,0.7099,3.0556
74.5632,0.7057,3.0361
74.5634,0.7231,3.1124
74.5636,0.7325,3.1541
74.5638,0.7725,3.3219
74.5640,0.7571,3.2554
74.5642,0.7737,3.3286
74.5644,0.7463,3.2105
74.5646,0.7717,3.3152
74.5648,0.8189,3.5263
74.5650,0.6764,2.9125
74.5652,0.6024,2.5987
74.5654,0.5597,2.4123
74.5656,0.6418,2.7638
74.5658,0.6589,2.8371
74.5660,0.6129,2.6418
74.5662,0.6051,2.6094
74.5664,0.5551,2.3938
74.5666,0.6168,2.6596
74.5668,0.6085,2.6239
74.5670,0.5782,2.4919
74.5672,0.6028,2.5942
74.5674,0.6619,2.8513
74.5676,0.6322,2.7262
74.5678,0.609,2.6223
74.5680,0.6665,2.8661
74.5682,0.7429,3.202
74.5684,0.6427,2.7699
74.5686,0.6272,2.7045
74.5688,0.6006,2.5861
74.5690,0.6524,2.8118
74.5692,0.5737,2.4762
74.5694,0.505,2.1807
74.5696,0.5022,2.1663
74.5698,0.5313,2.292
74.5700,0.4893,2.1158
74.5702,0.4103,1.7742
74.5704,0.406,1.7539
74.5706,0.4089,1.7655
74.5708,0.4881,2.1048
74.5710,0.5446,2.3494
74.5712,0.5143,2.2185
74.5714,0.4718,2.0354
74.5716,0.5233,2.2563
74.5718,0.5422,2.338
74.5720,0.537,2.3147
74.5722,0.5525,2.3857
74.5724,0.4735,2.0427
74.5726,0.4637,1.9975
74.5728,0.4922,2.1243
74.5730,0.4566,1.9679
74.5732,0.5319,2.2935
74.5734,0.5951,2.5648
74.5736,0.5894,2.537
74.5738,0.5661,2.4431
74.5740,0.4851,2.0928
74.5742,0.5158,2.2263
74.5744,0.4604,1.9863
74.5746,0.534,2.2985
74.5748,0.5994,2.5822
74.5750,0.5645,2.4296
74.5752,0.6424,2.7676
74.5754,0.662,2.8505
74.5756,0.6621,2.8484
74.5758,0.6596,2.8388
74.5760,0.671,2.8879
74.5762,0.6771,2.9128
74.5764,0.661,2.8424
74.5766,0.7192,3.0896
74.5768,0.808,3.4697
74.5770,0.8406,3.6114
74.5772,0.8215,3.529
74.5774,0.8086,3.4755
74.5776,0.7741,3.327
74.5778,0.6922,2.982
74.5780,0.5725,2.4665
74.5782,0.6069,2.6147
74.5784,0.5528,2.3846
74.5786,0.5258,2.2671
74.5788,0.5242,2.2604
74.5790,0.5257,2.2666
74.5792,0.5314,2.2925
74.5794,0.5265,2.2692
74.5796,0.5398,2.3255
74.5798,0.5402,2.327
74.5800,0.5337,2.3023
74.5802,0.5338,2.3039
74.5804,0.5091,2.1953
74.5806,0.53,2.282
74.5808,0.6439,2.7738
74.5810,0.6156,2.6519
74.5812,0.6017,2.5908
74.5814,0.6099,2.6301
74.5816,0.5504,2.372
74.5818,0.554,2.3842
74.5820,0.5821,2.5101
74.5822,0.5053,2.1797
74.5824,0.4936,2.1286
74.5826,0.5165,2.2253
74.5828,0.5245,2.2614
74.5830,0.5037,2.172
74.5832,0.5502,2.3693
74.5834,0.5698,2.4569
74.5836,0.5289,2.2806
74.5838,0.5249,2.2656
74.5840,0.495,2.1313
74.5842,0.5854,2.5182
74.5844,0.6007,2.5903
74.5846,0.5356,2.3106
74.5848,0.4951,2.1348
74.5850,0.5072,2.185
74.5852,0.5493,2.3696
74.5854,0.4911,2.1187
74.5856,0.4842,2.0887
74.5858,0.4832,2.0855
74.5860,0.4814,2.0778
74.5862,0.4812,2.0748
74.5864,0.4898,2.111
74.5866,0.4878,2.1023
74.5868,0.4873,2.1012
74.5870,0.4952,2.1353
74.5872,0.4968,2.143
74.5874,0.4938,2.1291
74.5876,0.4945,2.1322
74.5878,0.4946,2.1317
74.5880,0.4934,2.1256
74.5882,0.4938,2.1271
74.5884,0.5436,2.3409
74.5886,0.5541,2.388
74.5888,0.4854,2.0919
74.5890,0.4788,2.0654
74.5892,0.4776,2.0593
74.5894,0.4983,2.1467
74.5896,0.5382,2.3177
74.5898,0.595,2.5595
74.5900,0.6144,2.6455
74.5902,0.5722,2.4626
74.5904,0.5966,2.5643
74.5906,0.7005,3.012
74.5908,0.7224,3.1049
74.5910,0.7179,3.0839
74.5912,0.7378,3.165
74.5914,0.8105,3.4756
74.5916,0.858,3.6758
74.5918,0.9085,3.8902
74.5920,0.9478,4.0586
74.5922,0.9637,4.1283
74.5924,0.9732,4.1713
74.5926,0.9997,4.2789
74.5928,0.987,4.2285
74.5930,0.8946,3.836
74.5932,0.9056,3.8869
74.5934,0.8694,3.7263
74.5936,0.8816,3.7823
74.5938,0.9099,3.9055
74.5940,0.8894,3.8121
74.5942,0.9254,3.9645
74.5944,0.9586,4.1067
74.5946,0.9694,4.1568
74.5948,0.931,3.9923
74.5950,0.945,4.0463
74.5952,0.9677,4.1477
74.5954,1.005,4.3075
74.5956,1.0032,4.2998
74.5958,0.9599,4.1105
74.5960,0.9278,3.9821
74.5962,0.9072,3.8918
74.5964,0.8999,3.8568
74.5966,0.9481,4.0729
74.5968,0.8364,3.595
74.5970,0.8282,3.5595
74.5972,0.782,3.3611
74.5974,0.7893,3.3909
74.5976,0.8035,3.4501
74.5978,0.8411,3.6067
74.5980,0.8795,3.7748
74.5982,0.8444,3.629
74.5984,0.7953,3.4183
74.5986,0.6977,3.0057
74.5988,0.6541,2.8177
74.5990,0.6794,2.9213
74.5992,0.7364,3.1638
74.5994,0.7886,3.3878
74.5996,0.789,3.3909
74.5998,0.7921,3.4012
74.6000,0.7921,3.4028
74.6002,0.8639,3.7079
74.6004,0.9005,3.8612
74.6006,0.8553,3.6776
74.6008,0.7559,3.2532
74.6010,0.7418,3.1914
74.6012,0.756,3.2523
74.6014,0.7891,3.3899
74.6016,0.8399,3.6083
74.6018,0.8375,3.593
74.6020,0.8569,3.6849
74.6022,0.796,3.4214
74.6024,0.7927,3.4053
74.6026,0.7909,3.4055
74.6028,0.6541,2.8164
74.6030,0.6434,2.773
74.6032,0.5759,2.4844
74.6034,0.6072,2.617
74.6036,0.6147,2.6495
74.6038,0.5747,2.4758
74.6040,0.5651,2.4345
74.6042,0.6195,2.6677
74.6044,0.6703,2.8808
74.6046,0.7019,3.0238
74.6048,0.609,2.6235
74.6050,0.5814,2.5082
74.6052,0.5685,2.4523
74.6054,0.5441,2.3484
74.6056,0.4914,2.1207
74.6058,0.5007,2.1601
74.6060,0.532,2.294
74.6062,0.5235,2.2584
74.6064,0.5272,2.2744
74.6066,0.5298,2.2837
74.6068,0.5282,2.2785
74.6070,0.5242,2.2625
74.6072,0.5313,2.2899
74.6074,0.5641,2.4303
74.6076,0.6331,2.7273
74.6078,0.6349,2.7313
74.6080,0.6579,2.8343
74.6082,0.6522,2.8082
74.6084,0.6637,2.8577
74.6086,0.6468,2.7836
74.6088,0.6423,2.7658
74.6090,0.634,2.7315
74.6092,0.627,2.701
74.6094,0.6403,2.7545
74.6096,0.7056,3.0342
74.6098,0.7513,3.2306
74.6100,0.7465,3.21
74.6102,0.7198,3.0965
74.6104,0.7139,3.0726
74.6106,0.6904,2.9729
74.6108,0.6789,2.9192
74.6110,0.7072,3.0451
74.6112,0.6358,2.7379
74.6114,0.6548,2.8182
74.6116,0.7069,3.0413
74.6118,0.6916,2.9739
74.6120,0.768,3.3038
74.6122,0.7583,3.2636
74.6124,0.6735,2.8974
74.6126,0.6351,2.7361
74.6128,0.6428,2.7679
74.6130,0.6578,2.8337
74.6132,0.6659,2.8635
74.6134,0.7265,3.1239
74.6136,0.7539,3.2435
74.6138,0.7348,3.161
74.6140,0.6751,2.9014
74.6142,0.7722,3.3188
74.6144,0.7814,3.3585
74.6146,0.7796,3.3523
74.6148,0.7573,3.2625
74.6150,0.6547,2.8203
74.6152,0.6779,2.9178
74.6154,0.6796,2.9223
74.6156,0.6797,2.9228
74.6158,0.6834,2.9374
74.6160,0.7272,3.1285
74.6162,0.7131,3.0676
74.6164,0.6975,3.0019
74.6166,0.7145,3.0766
74.6168,0.6494,2.7937
74.6170,0.6869,2.9551
74.6172,0.7081,3.0507
74.6174,0.6486,2.7875
74.6176,0.7526,3.2333
74.6178,0.7385,3.1799
74.6180,0.6734,2.9009
74.6182,0.6899,2.9639
74.6184,0.7904,3.3892
74.6186,0.8737,3.7518
74.6188,0.8381,3.6039
74.6190,0.7474,3.2121
74.6192,0.7605,3.2658
74.6194,0.8056,3.4642
74.6196,0.8241,3.5419
74.6198,0.787,3.3827
74.6200,0.7271,3.1338
74.6202,0.6495,2.7981
74.6204,0.6958,2.9919
74.6206,0.6578,2.8324
74.6208,0.5951,2.5648
74.6210,0.5729,2.4726
74.6212,0.4978,2.1477
74.6214,0.4849,2.0947
74.6216,0.4848,2.0922
74.6218,0.4833,2.0841
74.6220,0.4836,2.0842
74.6222,0.5498,2.3727
74.6224,0.5091,2.1973
74.6226,0.4863,2.098
74.6228,0.5006,2.1586
74.6230,0.5373,2.3168
74.6232,0.5948,2.5637
74.6234,0.6002,2.5858
74.6236,0.6229,2.6809
74.6238,0.6456,2.7759
74.6240,0.7153,3.0745
74.6242,0.7658,3.2884
74.6244,0.7825,3.3647
74.6246,0.7927,3.4006
74.6248,0.8531,3.6649
74.6250,0.7993,3.4321
74.6252,0.8412,3.6156
74.6254,0.8024,3.4455
74.6256,0.8021,3.4492
74.6258,0.7681,3.3043
74.6260,0.7882,3.38
74.6262,0.9361,4.012
74.6264,0.9786,4.1964
74.6266,0.9762,4.1842
74.6268,0.9834,4.2131
74.6270,0.9861,4.2244
74.6272,0.958,4.1099
74.6274,0.9409,4.0364
74.6276,0.9788,4.1911
74.6278,1.0205,4.3697
74.6280,1.0754,4.6049
74.6282,1.0574,4.53
74.6284,1.0679,4.5725
74.6286,0.9902,4.2458
74.6288,0.9468,4.0559
74.6290,1.0137,4.3425
74.6292,1.0412,4.4648
74.6294,0.9266,3.9881
74.6296,0.7747,3.3312
74.6298,0.7518,3.2342
74.6300,0.7385,3.1769
74.6302,0.7747,3.3343
74.6304,0.6977,3.0057
74.6306,0.6574,2.8296
74.6308,0.7096,3.0569
74.6310,0.6448,2.778
74.6312,0.6257,2.6978
74.6314,0.6119,2.6384
74.6316,0.624,2.6881
74.6318,0.6144,2.6468
74.6320,0.6128,2.6388
74.6322,0.6903,2.9696
74.6324,0.7093,3.0559
74.6326,0.7212,3.107
74.6328,0.5899,2.5402
74.6330,0.6707,2.8842
74.6332,0.7457,3.2094
74.6334,0.7304,3.1395
74.6336,0.7218,3.1067
74.6338,0.6673,2.8759
74.6340,0.6934,2.9844
74.6342,0.6766,2.9135
74.6344,0.6912,2.9765
74.6346,0.6639,2.8627
74.6348,0.5962,2.567
74.6350,0.6284,2.7059
74.6352,0.6936,2.984
74.6354,0.7137,3.0744
74.6356,0.6478,2.7922
74.6358,0.6144,2.6492
74.6360,0.608,2.6194
74.6362,0.6631,2.8551
74.6364,0.6978,3.0035
74.6366,0.6915,2.9789
74.6368,0.6336,2.7319
74.6370,0.5758,2.4827
74.6372,0.5814,2.5047
74.6374,0.6263,2.6966
74.6376,0.7189,3.0929
74.6378,0.6998,3.0131
74.6380,0.5886,2.5369
74.6382,0.6375,2.7439
74.6384,0.6801,2.9285
74.6386,0.6231,2.6857
74.6388,0.6026,2.5949
74.6390,0.6463,2.7854
74.6392,0.6048,2.6079
74.6394,0.5828,2.5144
74.6396,0.5724,2.4683
74.6398,0.5656,2.4377
74.6400,0.6026,2.5937
74.6402,0.6116,2.6361
74.6404,0.5493,2.3707
74.6406,0.4843,2.0892
74.6408,0.5613,2.4168
74.6410,0.6291,2.709
74.6412,0.6043,2.6046
74.6414,0.554,2.3897
74.6416,0.5621,2.4249
74.6418,0.5456,2.3524
74.6420,0.5519,2.3787
74.6422,0.5543,2.3902
74.6424,0.5536,2.3871
74.6426,0.5587,2.4093
74.6428,0.5557,2.3942
74.6430,0.5639,2.4304
74.6432,0.6152,2.6491
74.6434,0.6749,2.9049
74.6436,0.658,2.8295
74.6438,0.6987,3.0057
74.6440,0.6338,2.733
74.6442,0.5492,2.3691
74.6444,0.5339,2.3023
74.6446,0.5483,2.3632
74.6448,0.5484,2.3616
74.6450,0.6059,2.6089
74.6452,0.6056,2.609
74.6454,0.5439,2.3452
74.6456,0.5384,2.3236
74.6458,0.5346,2.3054
74.6460,0.535,2.3059
74.6462,0.5364,2.3131
74.6464,0.5653,2.4344
74.6466,0.5719,2.4662
74.6468,0.5279,2.2754
74.6470,0.5233,2.2573
74.6472,0.5285,2.279
74.6474,0.5463,2.3544
74.6476,0.5741,2.4743
74.6478,0.5751,2.4796
74.6480,0.6007,2.5855
74.6482,0.629,2.7073
74.6484,0.6462,2.7823
74.6486,0.6143,2.6438
74.6488,0.561,2.4214
74.6490,0.4845,2.0902
74.6492,0.4721,2.0364
74.6494,0.4705,2.0316
74.6496,0.4707,2.0298
74.6498,0.4999,2.1535
74.6500,0.5314,2.2936
74.6502,0.5155,2.2227
74.6504,0.5318,2.2919
74.6506,0.5183,2.234
74.6508,0.5241,2.2609
74.6510,0.5123,2.2103
74.6512,0.5165,2.2242
74.6514,0.5938,2.5567
74.6516,0.6133,2.6409
74.6518,0.5981,2.5765
74.6520,0.5856,2.5193
74.6522,0.6135,2.6382
74.6524,0.6856,2.9467
74.6526,0.682,2.9381
74.6528,0.5839,2.5191
74.6530,0.4948,2.1347
74.6532,0.4882,2.1043
74.6534,0.4957,2.1364
74.6536,0.5556,2.3892
74.6538,0.6354,2.7359
74.6540,0.5866,2.5234
74.6542,0.6298,2.7121
74.6544,0.6128,2.64
74.6546,0.6245,2.6876
74.6548,0.6013,2.5868
74.6550,0.638,2.7447
74.6552,0.7093,3.0473
74.6554,0.7604,3.2683
74.6556,0.711,3.056
74.6558,0.7017,3.0172
74.6560,0.7484,3.2168
74.6562,0.7507,3.2251
74.6564,0.7527,3.2353
74.6566,0.7677,3.2967
74.6568,0.8065,3.4613
74.6570,0.7866,3.3775
74.6572,0.7719,3.3131
74.6574,0.8382,3.5944
74.6576,0.8804,3.7736
74.6578,0.8764,3.7561
74.6580,0.9334,4.0026
74.6582,0.9638,4.1269
74.6584,1.0072,4.3107
74.6586,1.0144,4.3415
74.6588,1.0356,4.4344
74.6590,1.0071,4.3143
74.6592,0.989,4.2406
74.6594,0.9675,4.1486
74.6596,1.0053,4.3005
74.6598,1.0571,4.5348
74.6600,0.9084,3.8951
74.6602,0.9096,3.9039
74.6604,0.89,3.8218
74.6606,0.88,3.7751
74.6608,0.9073,3.8851
74.6610,0.9363,4.0168
74.6612,0.9143,3.9185
74.6614,0.9599,4.1105
74.6616,0.9682,4.1478
74.6618,0.9402,4.0276
74.6620,0.9529,4.0878
74.6622,0.9201,3.9474
74.6624,0.961,4.1209
74.6626,0.9036,3.8746
74.6628,0.9771,4.1858
74.6630,0.9899,4.2388
74.6632,0.9985,4.2758
74.6634,1.0021,4.2972
74.6636,0.9031,3.8816
74.6638,0.859,3.6919
74.6640,0.8655,3.718
74.6642,0.85,3.6482
74.6644,0.8761,3.7621
74.6646,0.917,3.9303
74.6648,1.0274,4.4016
74.6650,1.0457,4.4797
74.6652,1.1167,4.777
74.6654,1.1519,4.9302
74.6656,1.0621,4.5585
74.6658,0.9417,4.0418
74.6660,0.9209,3.9468
74.6662,0.9638,4.1346
74.6664,0.9209,3.956
74.6666,0.9089,3.9063
74.6668,0.8794,3.7778
74.6670,0.8553,3.6742
74.6672,0.8265,3.5489
74.6674,0.8948,3.8406
74.6676,0.9017,3.8754
74.6678,0.8072,3.4661
74.6680,0.8697,3.743
74.6682,0.7844,3.3761
74.6684,0.7783,3.3529
74.6686,0.7019,3.0224
74.6688,0.6941,2.993
74.6690,0.6249,2.6947
74.6692,0.6162,2.657
74.6694,0.6098,2.6296
74.6696,0.6729,2.8934
74.6698,0.7363,3.1706
74.6700,0.6952,2.9949
74.6702,0.7022,3.0221
74.6704,0.7658,3.293
74.6706,0.7849,3.3719
74.6708,0.8801,3.7791
74.6710,0.874,3.7511
74.6712,0.8822,3.7901
74.6714,0.9183,3.9452
74.6716,0.8721,3.7551
74.6718,0.7044,3.0375
74.6720,0.6663,2.8691
74.6722,0.746,3.2094
74.6724,0.744,3.2007
74.6726,0.7554,3.2482
74.6728,0.8024,3.4471
74.6730,0.8156,3.5119
74.6732,0.7879,3.3863
74.6734,0.8276,3.5519
74.6736,0.8977,3.8512
74.6738,0.9517,4.0846
74.6740,0.8544,3.6706
74.6742,0.8113,3.4884
74.6744,0.8426,3.623
74.6746,0.8159,3.5102
74.6748,0.8357,3.5886
74.6750,0.921,3.9528
74.6752,0.9432,4.0424
74.6754,0.959,4.1083
74.6756,1.0367,4.4411
74.6758,1.0922,4.6811
74.6760,1.0596,4.5477
74.6762,1.0306,4.4129
74.6764,1.0876,4.6551
74.6766,1.1265,4.8259
74.6768,1.0671,4.5865
74.6770,0.946,4.0585
74.6772,0.9645,4.1396
74.6774,0.9727,4.1843
74.6776,0.9032,3.8785
74.6778,1.003,4.3028
74.6780,0.915,3.9326
74.6782,0.855,3.6766
74.6784,0.8081,3.475
74.6786,0.7878,3.3921
74.6788,0.7717,3.3275
74.6790,0.7294,3.1421
74.6792,0.7333,3.1548
74.6794,0.7794,3.356
74.6796,0.758,3.2641
74.6798,0.7656,3.2966
74.6800,0.6719,2.896
74.6802,0.6285,2.7102
74.6804,0.7306,3.1429
74.6806,0.7928,3.4154
74.6808,0.6952,2.9963
74.6810,0.6848,2.95
74.6812,0.6989,3.0137
74.6814,0.6269,2.7055
74.6816,0.5595,2.4147
74.6818,0.5534,2.3883
74.6820,0.5526,2.3874
74.6822,0.5471,2.3635
74.6824,0.5608,2.4181
74.6826,0.598,2.5796
74.6828,0.6029,2.6008
74.6830,0.6243,2.6909
74.6832,0.6396,2.7578
74.6834,0.6427,2.7687
74.6836,0.7121,3.0663
74.6838,0.7939,3.4168
74.6840,0.7903,3.3966
74.6842,0.8339,3.5875
74.6844,0.8182,3.5167
74.6846,0.7342,3.1672
74.6848,0.6121,2.6431
74.6850,0.5992,2.5859
74.6852,0.5971,2.576
74.6854,0.5939,2.5608
74.6856,0.635,2.7369
74.6858,0.6201,2.6753
74.6860,0.5951,2.5672
74.6862,0.592,2.5537
74.6864,0.5975,2.5739
74.6866,0.7087,3.0547
74.6868,0.6779,2.9246
74.6870,0.6721,2.8952
74.6872,0.6722,2.8984
74.6874,0.5912,2.5506
74.6876,0.5988,2.5808
74.6878,0.6109,2.6306
74.6880,0.6313,2.7234
74.6882,0.5376,2.3237
74.6884,0.5257,2.2719
74.6886,0.5276,2.2759
74.6888,0.5563,2.4012
74.6890,0.5187,2.2377
74.6892,0.5674,2.4477
74.6894,0.5957,2.5674
74.6896,0.6447,2.7774
74.6898,0.6229,2.6847
74.6900,0.615,2.6506
74.6902,0.6958,2.9961
74.6904,0.7755,3.3317
74.6906,0.89,3.8218
74.6908,0.892,3.8318
74.6910,0.882,3.7873
74.6912,0.9061,3.8872
74.6914,0.9253,3.975
74.6916,0.9117,3.9114
74.6918,0.9991,4.2863
74.6920,1.0186,4.3676
74.6922,1.033,4.4273
74.6924,1.0247,4.3877
74.6926,1.0285,4.4041
74.6928,1.0867,4.6575
74.6930,1.0892,4.6683
74.6932,1.1043,4.7242
74.6934,1.1499,4.9214
74.6936,1.1358,4.8637
74.6938,1.1578,4.9553
74.6940,1.1816,5.0503
74.6942,1.1688,5.0048
74.6944,1.1514,4.9281
74.6946,1.1085,4.7577
74.6948,1.032,4.4273
74.6950,1.002,4.2927
74.6952,1.0807,4.6275
74.6954,1.0953,4.6923
74.6956,1.0857,4.649
74.6958,1.1268,4.8274
74.6960,1.1095,4.7507
74.6962,1.1204,4.8041
74.6964,1.0096,4.3452
74.6966,0.8426,3.623
74.6968,0.791,3.4013
74.6970,0.8183,3.5238
74.6972,0.7596,3.2738
74.6974,0.7451,3.2098
74.6976,0.6918,2.9846
74.6978,0.6586,2.84
74.6980,0.7059,3.0437
74.6982,0.7167,3.0874
74.6984,0.7333,3.1533
74.6986,0.7779,3.3482
74.6988,0.7941,3.4163
74.6990,0.8096,3.4844
74.6992,0.7604,3.2759
74.6994,0.735,3.1664
74.6996,0.7857,3.3833
74.6998,0.7728,3.326
74.7000,0.7934,3.4164
74.7002,0.7908,3.4003
74.7004,0.8008,3.4468
74.7006,0.8018,3.4509
74.7008,0.8254,3.546
74.7010,0.9156,3.9333
74.7012,0.8893,3.8294
74.7014,0.7597,3.2728
74.7016,0.7946,3.412
74.7018,0.9258,3.9715
74.7020,0.959,4.1179
74.7022,0.9465,4.07
74.7024,0.859,3.7005
74.7026,0.7891,3.3994
74.7028,0.7278,3.1369
74.7030,0.6917,2.9855
74.7032,0.643,2.7754
74.7034,0.6228,2.6866
74.7036,0.6548,2.8208
74.7038,0.7362,3.1716
74.7040,0.7132,3.0724
74.7042,0.7019,3.028
74.7044,0.6622,2.8568
74.7046,0.6695,2.8884
74.7048,0.6102,2.6336
74.7050,0.6061,2.6147
74.7052,0.6119,2.6384
74.7054,0.6091,2.6277
74.7056,0.5595,2.4158
74.7058,0.5493,2.3696
74.7060,0.605,2.6137
74.7062,0.5324,2.2988
74.7064,0.5284,2.2806
74.7066,0.5764,2.4865
74.7068,0.5759,2.4856
74.7070,0.6188,2.6659
74.7072,0.6832,2.946
74.7074,0.6634,2.8607
74.7076,0.6712,2.8929
74.7078,0.6586,2.8387
74.7080,0.6616,2.8516
74.7082,0.6675,2.8783
74.7084,0.6623,2.8534
74.7086,0.6719,2.8947
74.7088,0.6801,2.9298
74.7090,0.6954,2.9959
74.7092,0.7569,3.2594
74.7094,0.776,3.3368
74.7096,0.8283,3.5583
74.7098,0.7957,3.4309
74.7100,0.6697,2.8876
74.7102,0.6537,2.8188
74.7104,0.6438,2.7746
74.7106,0.6545,2.8211
74.7108,0.6578,2.8364
74.7110,0.6399,2.7593
74.7112,0.6538,2.8154
74.7114,0.6665,2.8728
74.7116,0.6604,2.8477
74.7118,0.6737,2.8997
74.7120,0.7117,3.069
74.7122,0.6603,2.8446
74.7124,0.7209,3.1011
74.7126,0.7947,3.4205
74.7128,0.7465,3.216
74.7130,0.7152,3.0812
74.7132,0.7155,3.0836
74.7134,0.6193,2.6692
74.7136,0.5968,2.5732
74.7138,0.6385,2.7506
74.7140,0.6932,2.9833
74.7142,0.7147,3.0762
74.7144,0.7307,3.1463
74.7146,0.6816,2.9338
74.7148,0.7336,3.1587
74.7150,0.682,2.9354
74.7152,0.7291,3.1382
74.7154,0.7231,3.1181
74.7156,0.6586,2.84
74.7158,0.6207,2.6754
74.7160,0.6673,2.8732
74.7162,0.6715,2.8913
74.7164,0.6423,2.7684
74.7166,0.5748,2.4786
74.7168,0.5677,2.4492
74.7170,0.6279,2.7064
74.7172,0.6757,2.9134
74.7174,0.6263,2.6966
74.7176,0.7055,3.0379
74.7178,0.7104,3.0562
74.7180,0.7613,3.2734
74.7182,0.7567,3.2523
74.7184,0.7362,3.1716
74.7186,0.6162,2.657
74.7188,0.6149,2.6525
74.7190,0.6182,2.6645
74.7192,0.6424,2.7702
74.7194,0.6302,2.7162
74.7196,0.6388,2.7521
74.7198,0.623,2.6815
74.7200,0.6697,2.8822
74.7202,0.7061,3.0391
74.7204,0.7613,3.2749
74.7206,0.7555,3.2547
74.7208,0.6945,2.9918
74.7210,0.6412,2.765
74.7212,0.6266,2.7007
74.7214,0.6307,2.7183
74.7216,0.621,2.6739
74.7218,0.6279,2.7064
74.7220,0.6647,2.861
74.7222,0.6915,2.9803
74.7224,0.626,2.6981
74.7226,0.6598,2.8412
74.7228,0.6954,2.9918
74.7230,0.748,3.2177
74.7232,0.7185,3.0894
74.7234,0.7637,3.2883
74.7236,0.7531,3.2384
74.7238,0.8221,3.5299
74.7240,0.8647,3.7115
74.7242,0.9138,3.9238
74.7244,0.8796,3.7753
74.7246,0.8933,3.8357
74.7248,0.9355,4.0113
74.7250,1.0139,4.3456
74.7252,0.978,4.1978
74.7254,0.9295,3.9875
74.7256,0.9885,4.2406
74.7258,1.0108,4.3342
74.7260,0.9942,4.2633
74.7262,1.0039,4.3089
74.7264,0.979,4.196
74.7266,1.0277,4.4067
74.7268,1.0235,4.3908
74.7270,1.0187,4.3661
74.7272,1.0704,4.5855
74.7274,1.04,4.4534
74.7276,1.0694,4.5856
74.7278,0.9668,4.1436
74.7280,0.9697,4.1559
74.7282,1.0623,4.5532
74.7284,1.0959,4.7036
74.7286,0.9976,4.2797
74.7288,0.9891,4.2412
74.7290,1.0384,4.4483
74.7292,1.062,4.5559
74.7294,0.956,4.1031
74.7296,0.8982,3.8604
74.7298,0.8617,3.7055
74.7300,0.8918,3.8349
74.7302,0.8722,3.7486
74.7304,0.8637,3.712
74.7306,0.8951,3.8488
74.7308,0.8107,3.4842
74.7310,0.8266,3.5511
74.7312,0.8402,3.611
74.7314,0.9062,3.8986
74.7316,0.8327,3.5824
74.7318,0.8102,3.4903
74.7320,0.7319,3.153
74.7322,0.8215,3.529
74.7324,0.8185,3.5243
74.7326,0.7657,3.2956
74.7328,0.8151,3.5131
74.7330,0.7658,3.2961
74.7332,0.7998,3.4389
74.7334,0.7891,3.3962
74.7336,0.7874,3.389
74.7338,0.7936,3.4174
74.7340,0.7794,3.3497
74.7342,0.8065,3.471
74.7344,0.7911,3.405
74.7346,0.8068,3.4758
74.7348,0.7345,3.1614
74.7350,0.7833,3.3652
74.7352,0.9072,3.8973
74.7354,0.9302,3.9962
74.7356,0.892,3.8318
74.7358,0.858,3.6844
74.7360,0.9244,3.9714
74.7362,0.8985,3.8728
74.7364,0.7452,3.2073
74.7366,0.7221,3.1077
74.7368,0.768,3.3054
74.7370,0.7826,3.3699
74.7372,0.7656,3.2966
74.7374,0.7572,3.2589
74.7376,0.7295,3.1441
74.7378,0.739,3.1834
74.7380,0.7117,3.0633
74.7382,0.7127,3.0717
74.7384,0.6562,2.8297
74.7386,0.6858,2.9546
74.7388,0.7146,3.0786
74.7390,0.6416,2.7666
74.7392,0.6492,2.7978
74.7394,0.6784,2.9239
74.7396,0.6938,2.9873
74.7398,0.7182,3.097
74.7400,0.6105,2.6351
74.7402,0.581,2.5032
74.7404,0.7272,3.1285
74.7406,0.7517,3.2367
74.7408,0.6742,2.9086
74.7410,0.6506,2.8054
74.7412,0.643,2.7715
74.7414,0.6439,2.7777
74.7416,0.6522,2.8121
74.7418,0.6483,2.7942
74.7420,0.6603,2.8433
74.7422,0.693,2.9828
74.7424,0.7398,3.1885
74.7426,0.7451,3.2098
74.7428,0.7352,3.1645
74.7430,0.7246,3.1229
74.7432,0.6523,2.8139
74.7434,0.6336,2.7332
74.7436,0.68,2.9252
74.7438,0.8019,3.4466
74.7440,0.7704,3.3219
74.7442,0.6607,2.8527
74.7444,0.6315,2.7219
74.7446,0.6267,2.7
74.7448,0.6314,2.7226
74.7450,0.6333,2.7309
74.7452,0.6296,2.7136
74.7454,0.6257,2.6953
74.7456,0.6289,2.7118
74.7458,0.6316,2.7249
74.7460,0.6659,2.8702
74.7462,0.655,2.8245
74.7464,0.6297,2.7129
74.7466,0.6621,2.8576
74.7468,0.6078,2.6147
74.7470,0.7496,3.2219
74.7472,0.8206,3.5286
74.7474,0.8117,3.497
74.7476,0.7134,3.0706
74.7478,0.7075,3.0495
74.7480,0.6206,2.6786
74.7482,0.5718,2.468
74.7484,0.5605,2.4171
74.7486,0.5596,2.4152
74.7488,0.5655,2.4383
74.7490,0.5719,2.4673
74.7492,0.5831,2.5178
74.7494,0.5794,2.5006
74.7496,0.6044,2.6063
74.7498,0.5806,2.5057
74.7500,0.5735,2.4741
74.7502,0.5993,2.5793
74.7504,0.7133,3.0658
74.7506,0.7617,3.2755
74.7508,0.7559,3.2563
74.7510,0.7039,3.034
74.7512,0.6808,2.9302
74.7514,0.6892,2.9705
74.7516,0.6695,2.8857
74.7518,0.7163,3.0786
74.7520,0.7641,3.2873
74.7522,0.7288,3.1352
74.7524,0.7638,3.2904
74.7526,0.692,2.981
74.7528,0.7553,3.2461
74.7530,0.8109,3.4901
74.7532,0.7132,3.0738
74.7534,0.6186,2.6636
74.7536,0.6661,2.8694
74.7538,0.6739,2.9057
74.7540,0.5809,2.5015
74.7542,0.6269,2.7017
74.7544,0.6043,2.6046
74.7546,0.6689,2.8831
74.7548,0.6681,2.8755
74.7550,0.7004,3.0171
74.7552,0.6411,2.7645
74.7554,0.6797,2.9255
74.7556,0.7333,3.1548
74.7558,0.7318,3.1524
74.7560,0.7149,3.0739
74.7562,0.8408,3.6136
74.7564,0.7876,3.3853
74.7566,0.7749,3.3322
74.7568,0.8067,3.4656
74.7570,0.8551,3.6771
74.7572,0.8277,3.5557
74.7574,0.8629,3.7089
74.7576,0.84,3.6122
74.7578,0.8537,3.6658
74.7580,0.8676,3.7255
74.7582,0.8683,3.7252
74.7584,0.938,4.024
74.7586,0.9802,4.209
74.7588,0.9555,4.101
74.7590,0.9385,4.0279
74.7592,0.9578,4.1108
74.7594,1.0013,4.2916
74.7596,0.9747,4.1814
74.7598,0.9657,4.137
74.7600,1.0219,4.382
74.7602,0.9942,4.2653
74.7604,0.9794,4.1995
74.7606,0.9788,4.2067
74.7608,0.8748,3.7652
74.7610,0.7671,3.3018
74.7612,0.7133,3.07
74.7614,0.7346,3.1604
74.7616,0.7448,3.2058
74.7618,0.7466,3.2165
74.7620,0.77,3.3111
74.7622,0.8809,3.7809
74.7624,0.894,3.8424
74.7626,0.794,3.4221
74.7628,0.6922,2.9792
74.7630,0.7952,3.4177
74.7632,0.8526,3.6646
74.7634,0.8103,3.4843
74.7636,0.8563,3.684
74.7638,0.817,3.5066
74.7640,0.9683,4.158
74.7642,0.909,3.8995
74.7644,0.9098,3.905
74.7646,0.9234,3.965
74.7648,0.9291,4.0008
74.7650,0.74,3.1881
74.7652,0.7195,3.0969
74.7654,0.7581,3.2646
74.7656,0.7462,3.2129
74.7658,0.7364,3.1726
74.7660,0.6814,2.9382
74.7662,0.6555,2.8213
74.7664,0.7131,3.0719
74.7666,0.6721,2.8979
74.7668,0.6772,2.9174
74.7670,0.6867,2.9555
74.7672,0.714,3.0817
74.7674,0.6352,2.7417
74.7676,0.5688,2.4527
74.7678,0.6001,2.5853
74.7680,0.6561,2.8265
74.7682,0.7062,3.0424
74.7684,0.6705,2.8898
74.7686,0.6759,2.9117
74.7688,0.6439,2.7777
74.7690,0.6013,2.5953
74.7692,0.5675,2.4459
74.7694,0.6109,2.633
74.7696,0.6059,2.6149
74.7698,0.5487,2.3692
74.7700,0.5504,2.3742
74.7702,0.584,2.5207
74.7704,0.5248,2.2661
74.7706,0.5258,2.2703
74.7708,0.5405,2.334
74.7710,0.555,2.3944
74.7712,0.4211,1.8225
74.7714,0.417,1.8024
74.7716,0.4652,2.0088
74.7718,0.4843,2.0941
74.7720,0.4957,2.1413
74.7722,0.4694,2.026
74.7724,0.4932,2.1255
74.7726,0.6114,2.6338
74.7728,0.5832,2.516
74.7730,0.5456,2.3514
74.7732,0.5909,2.5455
74.7734,0.6018,2.5937
74.7736,0.6541,2.819
74.7738,0.6488,2.7924
74.7740,0.6813,2.9323
74.7742,0.7013,3.0156
74.7744,0.7795,3.3518
74.7746,0.7962,3.4203
74.7748,0.8066,3.4683
74.7750,0.8249,3.5439
74.7752,0.8909,3.8254
74.7754,0.9084,3.897
74.7756,0.8858,3.8144
74.7758,0.7204,3.1005
74.7760,0.6861,2.9543
74.7762,0.6816,2.9338
74.7764,0.7098,3.0537
74.7766,0.7839,3.3724
74.7768,0.8314,3.5717
74.7770,0.829,3.5647
74.7772,0.7673,3.2992
74.7774,0.8055,3.4637
74.7776,0.7638,3.2873
74.7778,0.6697,2.8876
74.7780,0.5951,2.5672
74.7782,0.5882,2.5377
74.7784,0.5914,2.5499
74.7786,0.5953,2.5658
74.7788,0.602,2.5948
74.7790,0.5818,2.5074
74.7792,0.6239,2.6913
74.7794,0.5251,2.2661
74.7796,0.5145,2.2216
74.7798,0.5261,2.2676
74.7800,0.5673,2.4472
74.7802,0.546,2.3545
74.7804,0.6025,2.5968
74.7806,0.6525,2.811
74.7808,0.6398,2.7575
74.7810,0.6063,2.6134
74.7812,0.59,2.5454
74.7814,0.5111,2.2081
74.7816,0.4958,2.1418
74.7818,0.491,2.1192
74.7820,0.4813,2.0772
74.7822,0.4813,2.0782
74.7824,0.4741,2.0462
74.7826,0.5107,2.1999
74.7828,0.5663,2.443
74.7830,0.5233,2.2594
74.7832,0.5284,2.2785
74.7834,0.577,2.4856
74.7836,0.6223,2.6784
74.7838,0.6553,2.8177
74.7840,0.7031,3.0262
74.7842,0.6777,2.9181
74.7844,0.6687,2.8807
74.7846,0.6433,2.7712
74.7848,0.6398,2.7575
74.7850,0.6529,2.8139
74.7852,0.5804,2.5041
74.7854,0.5352,2.308
74.7856,0.5346,2.3054
74.7858,0.5281,2.2748
74.7860,0.5916,2.551
74.7862,0.5447,2.3499
74.7864,0.5314,2.2936
74.7866,0.5328,2.2987
74.7868,0.5243,2.2599
74.7870,0.546,2.3534
74.7872,0.5634,2.4306
74.7874,0.5279,2.2764
74.7876,0.5231,2.2568
74.7878,0.5534,2.3838
74.7880,0.5203,2.2454
74.7882,0.5194,2.2387
74.7884,0.5277,2.2754
74.7886,0.5412,2.3327
74.7888,0.5609,2.4175
74.7890,0.614,2.6415
74.7892,0.6634,2.8567
74.7894,0.63,2.7101
74.7896,0.6818,2.9275
74.7898,0.8081,3.4702
74.7900,0.8081,3.4702
74.7902,0.811,3.4874
74.7904,0.8193,3.5181
74.7906,0.8556,3.6706
74.7908,0.8607,3.6905
74.7910,0.9668,4.1339
74.7912,1.1054,4.731
74.7914,1.09,4.6719
74.7916,1.003,4.3028
74.7918,0.9641,4.1304
74.7920,0.983,4.209
74.7922,1.0386,4.4431
74.7924,1.0215,4.3739
74.7926,1.0292,4.4072
74.7928,1.0804,4.6265
74.7930,1.0848,4.6471
74.7932,1.02,4.3697
74.7934,1.0056,4.3121
74.7936,0.9758,4.1841
74.7938,0.9543,4.0978
74.7940,0.9176,3.9366
74.7942,0.9789,4.2014
74.7944,0.9698,4.1603
74.7946,0.9634,4.1311
74.7948,0.9837,4.22
74.7950,0.9656,4.1404
74.7952,1.0097,4.3276
74.7954,0.9135,3.9282
74.7956,0.8262,3.5529
74.7958,0.8501,3.6538
74.7960,0.8897,3.8167
74.7962,0.9107,3.9067
74.7964,0.9653,4.1471
74.7966,0.8625,3.7017
74.7968,0.8446,3.6284
74.7970,0.7932,3.4122
74.7972,0.7658,3.2961
74.7974,0.734,3.1579
74.7976,0.7619,3.279
74.7978,0.743,3.1965
74.7980,0.7676,3.3008
74.7982,0.7752,3.3317
74.7984,0.7956,3.4193
74.7986,0.8038,3.4581
74.7988,0.806,3.4641
74.7990,0.8048,3.4606
74.7992,0.8035,3.4565
74.7994,0.7814,3.3632
74.7996,0.7138,3.0707
74.7998,0.7376,3.1704
74.8000,0.7784,3.3534
74.8002,0.6752,2.9073
74.8004,0.7153,3.0774
74.8006,0.696,2.9985
74.8008,0.6975,3.0047
74.8010,0.6545,2.8224
74.8012,0.6067,2.6149
74.8014,0.5831,2.5154
74.8016,0.5765,2.4858
74.8018,0.5839,2.5167
74.8020,0.5946,2.5615
74.8022,0.598,2.582
74.8024,0.5181,2.2382
74.8026,0.4987,2.1543
74.8028,0.4977,2.1471
74.8030,0.5739,2.4699
74.8032,0.7302,3.1428
74.8034,0.6927,2.9854
74.8036,0.5881,2.5372
74.8038,0.5536,2.3893
74.8040,0.5483,2.3665
74.8042,0.5492,2.3701
74.8044,0.5504,2.3731
74.8046,0.5478,2.3623
74.8048,0.5499,2.3722
74.8050,0.5529,2.384
74.8052,0.5553,2.3965
74.8054,0.5543,2.3913
74.8056,0.5516,2.3772
74.8058,0.5506,2.3742
74.8060,0.6162,2.652
74.8062,0.7307,3.1449
74.8064,0.708,3.0459
74.8066,0.6816,2.9324
74.8068,0.6778,2.9146
74.8070,0.7258,3.1266
74.8072,0.6864,2.9558
74.8074,0.6797,2.9228
74.8076,0.7294,3.1348
74.8078,0.8089,3.4797
74.8080,0.7832,3.3662
74.8082,0.7712,3.3147
74.8084,0.7456,3.2104
74.8086,0.677,2.9164
74.8088,0.6681,2.8768
74.8090,0.6658,2.867
74.8092,0.6719,2.8933
74.8094,0.7108,3.0507
74.8096,0.8749,3.7517
74.8098,0.8902,3.8241
74.8100,0.7673,3.3053
74.8102,0.6792,2.9235
74.8104,0.6734,2.8982
74.8106,0.6741,2.9026
74.8108,0.6778,2.9173
74.8110,0.6712,2.8903
74.8112,0.6709,2.89
74.8114,0.6469,2.7854
74.8116,0.6711,2.8857
74.8118,0.6723,2.8976
74.8120,0.5743,2.4754
74.8122,0.6013,2.5929
74.8124,0.6459,2.7787
74.8126,0.6753,2.9038
74.8128,0.6804,2.9286
74.8130,0.6542,2.8182
74.8132,0.6617,2.8468
74.8134,0.7219,3.1043
74.8136,0.7488,3.2198
74.8138,0.7854,3.3771
74.8140,0.8231,3.5378
74.8142,0.7687,3.3054
74.8144,0.6815,2.9333
74.8146,0.6286,2.7057
74.8148,0.6486,2.7901
74.8150,0.6962,2.999
74.8152,0.6276,2.6986
74.8154,0.7218,3.1081
74.8156,0.6598,2.8386
74.8158,0.7241,3.1121
74.8160,0.8114,3.4824
74.8162,0.8736,3.7478
74.8164,0.915,3.9253
74.8166,0.8938,3.8378
74.8168,0.8761,3.7621
74.8170,0.9146,3.9255
74.8172,0.9597,4.1114
74.8174,1.0092,4.3255
74.8176,0.9505,4.0718
74.8178,0.8914,3.8364
74.8180,0.7121,3.0663
74.8182,0.7188,3.0952
74.8184,0.6598,2.8438
74.8186,0.5773,2.4906
74.8188,0.5669,2.4456
74.8190,0.5488,2.3675
74.8192,0.5011,2.1616
74.8194,0.5247,2.2635
74.8196,0.5466,2.3593
74.8198,0.5506,2.3753
74.8200,0.5035,2.175
74.8202,0.4945,2.1342
74.8204,0.4916,2.1227
74.8206,0.4899,2.1155
74.8208,0.4984,2.1502
74.8210,0.4952,2.1363
74.8212,0.4933,2.13
74.8214,0.4834,2.0885
74.8216,0.4938,2.1311
74.8218,0.5243,2.2609
74.8220,0.5707,2.4587
74.8222,0.6078,2.6183
74.8224,0.6074,2.6156
74.8226,0.6813,2.9254
74.8228,0.7894,3.3962
74.8230,0.737,3.1678
74.8232,0.7699,3.309
74.8234,0.7981,3.4253
74.8236,0.836,3.593
74.8238,0.7745,3.3317
74.8240,0.7751,3.3296
74.8242,0.8273,3.5492
74.8244,0.8728,3.7424
74.8246,0.8891,3.8141
74.8248,0.9053,3.8836
74.8250,0.9755,4.1811
74.8252,0.99,4.2433
74.8254,0.9451,4.0563
74.8256,0.9721,4.1662
74.8258,0.9879,4.2321
74.8260,0.9598,4.1157
74.8262,0.9351,4.0117
74.8264,0.9308,3.9969
74.8266,0.9125,3.9163
74.8268,0.9145,3.9269
74.8270,0.8691,3.73
74.8272,0.8846,3.8004
74.8274,0.8754,3.7555
74.8276,0.8999,3.8622
74.8278,0.9036,3.8818
74.8280,0.9111,3.9143
74.8282,0.9033,3.8826
74.8284,0.824,3.5414
74.8286,0.8107,3.4875
74.8288,0.7274,3.1324
74.8290,0.705,3.033
74.8292,0.7527,3.2368
74.8294,0.7899,3.3998
74.8296,0.7429,3.196
74.8298,0.7565,3.2589
74.8300,0.6566,2.8312
74.8302,0.6361,2.7377
74.8304,0.6567,2.8278
74.8306,0.6332,2.7317
74.8308,0.5567,2.3994
74.8310,0.586,2.5267
74.8312,0.6222,2.6803
74.8314,0.6945,2.9904
74.8316,0.6845,2.9462
74.8318,0.6707,2.8909
74.8320,0.6117,2.6403
74.8322,0.5421,2.3396
74.8324,0.4978,2.1467
74.8326,0.558,2.4051
74.8328,0.6433,2.7712
74.8330,0.665,2.8661
74.8332,0.6097,2.6266
74.8334,0.6213,2.6792
74.8336,0.6006,2.5886
74.8338,0.6089,2.623
74.8340,0.5934,2.5575
74.8342,0.5976,2.5744
74.8344,0.6444,2.7772
74.8346,0.6376,2.7495
74.8348,0.6345,2.731
74.8350,0.7132,3.0667
74.8352,0.723,3.1133
74.8354,0.6926,2.9822
74.8356,0.6298,2.7172
74.8358,0.5836,2.514
74.8360,0.6898,2.9717
74.8362,0.6412,2.7625
74.8364,0.6339,2.7284
74.8366,0.7436,3.2021
74.8368,0.6804,2.9314
74.8370,0.611,2.6323
74.8372,0.5764,2.4853
74.8374,0.5599,2.4111
74.8376,0.6778,2.9173
74.8378,0.6452,2.7769
74.8380,0.6255,2.701
74.8382,0.4969,2.1455
74.8384,0.4758,2.0534
74.8386,0.4739,2.0423
74.8388,0.5417,2.3337
74.8390,0.6195,2.6702
74.8392,0.6061,2.6123
74.8394,0.6066,2.6132
74.8396,0.608,2.6206
74.8398,0.6197,2.6695
74.8400,0.6237,2.6858
74.8402,0.6147,2.6471
74.8404,0.6237,2.6833
74.8406,0.7139,3.0683
74.8408,0.7779,3.3466
74.8410,0.7815,3.3621
74.8412,0.7561,3.2573
74.8414,0.6012,2.5899
74.8416,0.6236,2.6853
74.8418,0.6465,2.7865
74.8420,0.5531,2.3839
74.8422,0.5412,2.3338
74.8424,0.5796,2.4981
74.8426,0.631,2.716
74.8428,0.6446,2.7743
74.8430,0.6432,2.7707
74.8432,0.6237,2.6833
74.8434,0.6571,2.8267
74.8436,0.6736,2.9033
74.8438,0.5739,2.4768
74.8440,0.5173,2.2315
74.8442,0.5159,2.2237
74.8444,0.5061,2.1854
74.8446,0.5028,2.1689
74.8448,0.5364,2.3121
74.8450,0.5658,2.4364
74.8452,0.5685,2.4489
74.8454,0.5139,2.217
74.8456,0.4688,2.0234
74.8458,0.4658,2.0124
74.8460,0.4649,2.0054
74.8462,0.5126,2.2092
74.8464,0.5569,2.3993
74.8466,0.591,2.546
74.8468,0.5948,2.5637
74.8470,0.5644,2.4302
74.8472,0.5673,2.4426
74.8474,0.5313,2.293
74.8476,0.4697,2.027
74.8478,0.4645,2.0029
74.8480,0.4821,2.0799
74.8482,0.5188,2.2361
74.8484,0.5737,2.4705
74.8486,0.5897,2.5368
74.8488,0.5785,2.4958
74.8490,0.4929,2.1245
74.8492,0.58,2.4985
74.8494,0.6328,2.7238
74.8496,0.6729,2.8961
74.8498,0.6219,2.6768
74.8500,0.6676,2.8694
74.8502,0.6885,2.9591
74.8504,0.6988,3.0062
74.8506,0.6695,2.8844
74.8508,0.6123,2.638
74.8510,0.6014,2.5898
74.8512,0.5948,2.5673
74.8514,0.4946,2.1327
74.8516,0.4993,2.1519
74.8518,0.5541,2.3903
74.8520,0.4834,2.0866
74.8522,0.4722,2.037
74.8524,0.4842,2.0868
74.8526,0.5409,2.328
74.8528,0.6229,2.6822
74.8530,0.6029,2.5984
74.8532,0.5766,2.484
74.8534,0.5969,2.5701
74.8536,0.6151,2.6486
74.8538,0.6167,2.6529
74.8540,0.6421,2.7622
74.8542,0.6568,2.8283
74.8544,0.6462,2.7798
74.8546,0.6562,2.8257
74.8548,0.6102,2.6287
74.8550,0.6494,2.7924
74.8552,0.7207,3.092
74.8554,0.7852,3.3718
74.8556,0.8042,3.4532
74.8558,0.8011,3.4414
74.8560,0.8539,3.6617
74.8562,0.9397,4.0237
74.8564,0.9866,4.2244
74.8566,0.9867,4.225
74.8568,0.9981,4.2697
74.8570,1.0155,4.3462
74.8572,0.9868,4.2353
74.8574,0.9071,3.8877
74.8576,0.9508,4.0829
74.8578,0.8523,3.6579
74.8580,0.8318,3.5749
74.8582,0.8333,3.575
74.8584,0.8857,3.7962
74.8586,0.944,4.0422
74.8588,0.9543,4.0959
74.8590,0.9169,3.9335
74.8592,0.9538,4.0862
74.8594,0.9985,4.2798
74.8596,0.9246,3.9664
74.8598,0.8279,3.5601
74.8600,0.7458,3.2069
74.8602,0.7451,3.2023
74.8604,0.7116,3.0628
74.8606,0.7488,3.2213
74.8608,0.8045,3.4563
74.8610,0.8453,3.6298
74.8612,0.8217,3.5283
74.8614,0.774,3.3265
74.8616,0.8357,3.5886
74.8618,0.8274,3.5597
74.8620,0.7676,3.2961
74.8622,0.8231,3.5395
74.8624,0.8048,3.4622
74.8626,0.7531,3.2369
74.8628,0.7593,3.2637
74.8630,0.7457,3.2094
74.8632,0.6963,2.994
74.8634,0.6866,2.9536
74.8636,0.7253,3.1202
74.8638,0.7129,3.0713
74.8640,0.7174,3.0862
74.8642,0.7139,3.0741
74.8644,0.6686,2.8789
74.8646,0.6652,2.8658
74.8648,0.6735,2.896
74.8650,0.6803,2.9309
74.8652,0.5916,2.551
74.8654,0.5721,2.4667
74.8656,0.5843,2.5171
74.8658,0.6522,2.8055
74.8660,0.7062,3.0396
74.8662,0.6974,3
74.8664,0.7111,3.0608
74.8666,0.6975,3.0019
74.8668,0.6257,2.6978
74.8670,0.5725,2.4676
74.8672,0.6153,2.6497
74.8674,0.6523,2.8087
74.8676,0.6533,2.8159
74.8678,0.5878,2.5333
74.8680,0.5707,2.4587
74.8682,0.5667,2.4412
74.8684,0.5785,2.4935
74.8686,0.5801,2.5013
74.8688,0.5787,2.4928
74.8690,0.6169,2.6564
74.8692,0.6517,2.81
74.8694,0.578,2.4926
74.8696,0.5338,2.3007
74.8698,0.5283,2.279
74.8700,0.5237,2.2594
74.8702,0.5284,2.2785
74.8704,0.5392,2.3261
74.8706,0.5372,2.3173
74.8708,0.5378,2.3199
74.8710,0.5355,2.3079
74.8712,0.5378,2.3167
74.8714,0.561,2.4191
74.8716,0.5366,2.3137
74.8718,0.548,2.3617
74.8720,0.5885,2.534
74.8722,0.6242,2.6854
74.8724,0.6734,2.8982
74.8726,0.741,3.1818
74.8728,0.8137,3.4955
74.8730,0.7693,3.3064
74.8732,0.7015,3.0195
74.8734,0.6731,2.8958
74.8736,0.686,2.9524
74.8738,0.6812,2.9304
74.8740,0.7181,3.0849
74.8742,0.7993,3.4337
74.8744,0.7953,3.4167
74.8746,0.7752,3.3301
74.8748,0.7257,3.1188
74.8750,0.7157,3.0789
74.8752,0.7255,3.1212
74.8754,0.7524,3.2353
74.8756,0.7736,3.3188
74.8758,0.8523,3.6579
74.8760,0.8815,3.78
74.8762,0.8951,3.8417
74.8764,0.882,3.7838
74.8766,0.8429,3.6195
74.8768,0.8712,3.741
74.8770,0.9108,3.9073
74.8772,0.8873,3.81
74.8774,0.868,3.7236
74.8776,0.9013,3.8666
74.8778,0.8327,3.5807
74.8780,0.7429,3.196
74.8782,0.7005,3.0204
74.8784,0.5706,2.4616
74.8786,0.5506,2.3753
74.8788,0.5956,2.5657
74.8790,0.6486,2.7927
74.8792,0.6385,2.7519
74.8794,0.6421,2.7674
74.8796,0.6308,2.715
74.8798,0.6694,2.8785
74.8800,0.6963,2.994
74.8802,0.6735,2.9028
74.8804,0.6532,2.8115
74.8806,0.7051,3.0321
74.8808,0.7217,3.1076
74.8810,0.6314,2.7188
74.8812,0.6044,2.6027
74.8814,0.6054,2.6068
74.8816,0.6231,2.6807
74.8818,0.6984,3.0088
74.8820,0.6663,2.8678
74.8822,0.7128,3.0623
74.8824,0.8107,3.4826
74.8826,0.7701,3.3116
74.8828,0.7939,3.4073
74.8830,0.8566,3.6799
74.8832,0.7822,3.3637
74.8834,0.7278,3.1339
74.8836,0.6818,2.9384
74.8838,0.6175,2.6602
74.8840,0.6108,2.6313
74.8842,0.6018,2.5937
74.8844,0.6324,2.7217
74.8846,0.6544,2.818
74.8848,0.6158,2.6517
74.8850,0.6079,2.6201
74.8852,0.6051,2.6082
74.8854,0.608,2.6182
74.8856,0.636,2.7372
74.8858,0.7022,3.0221
74.8860,0.629,2.7098
74.8862,0.6013,2.5892
74.8864,0.5996,2.5844
74.8866,0.5987,2.5815
74.8868,0.6013,2.5905
74.8870,0.6018,2.5925
74.8872,0.5994,2.5834
74.8874,0.5984,2.5781
74.8876,0.6,2.5836
74.8878,0.6205,2.6706
74.8880,0.6477,2.7891
74.8882,0.6881,2.9617
74.8884,0.6804,2.93
74.8886,0.6866,2.9481
74.8888,0.7893,3.3893
74.8890,0.8216,3.5245
74.8892,0.8754,3.7538
74.8894,0.8524,3.6584
74.8896,0.8483,3.6426
74.8898,0.8225,3.5336
74.8900,0.8771,3.761
74.8902,0.9075,3.8897
74.8904,0.9464,4.0449
74.8906,1.1031,4.7103
74.8908,1.17,5.003
74.8910,1.1738,5.0241
74.8912,1.1617,4.9676
74.8914,1.1692,4.997
74.8916,1.2121,5.1878
74.8918,1.1185,4.7914
74.8920,1.0854,4.6453
74.8922,1.1101,4.7511
74.8924,1.1019,4.7184
74.8926,1.0731,4.5887
74.8928,1.1205,4.7935
74.8930,1.1114,4.7567
74.8932,1.1357,4.8654
74.8934,1.1421,4.8926
74.8936,1.0619,4.5426
74.8938,1.1024,4.7182
74.8940,1.212,5.1776
74.8942,1.2435,5.3172
74.8944,1.2027,5.1453
74.8946,1.1693,5.0092
74.8948,1.0957,4.6982
74.8950,1.0301,4.4149
74.8952,1.0454,4.4912
74.8954,0.9174,3.9447
74.8956,0.8539,3.672
74.8958,0.9039,3.8797
74.8960,0.9621,4.1332
74.8962,0.9031,3.8816
74.8964,0.8904,3.8287
74.8966,0.8586,3.6835
74.8968,0.9047,3.8864
74.8970,0.8767,3.7699
74.8972,0.8219,3.5409
74.8974,0.7771,3.3461
74.8976,0.7418,3.1944
74.8978,0.7104,3.0605
74.8980,0.665,2.8661
74.8982,0.6599,2.847
74.8984,0.6778,2.9159
74.8986,0.7891,3.3946
74.8988,0.7312,3.1513
74.8990,0.6764,2.9152
74.8992,0.7336,3.1587
74.8994,0.7253,3.126
74.8996,0.6733,2.9044
74.8998,0.632,2.724
74.9000,0.6119,2.6384
74.9002,0.5957,2.5709
74.9004,0.6229,2.6847
74.9006,0.6333,2.736
74.9008,0.5444,2.3516
74.9010,0.5105,2.2045
74.9012,0.5002,2.16
74.9014,0.5025,2.1678
74.9016,0.5733,2.4707
74.9018,0.5934,2.5611
74.9020,0.5276,2.2791
74.9022,0.4882,2.1092
74.9024,0.4945,2.1342
74.9026,0.4844,2.0936
74.9028,0.5008,2.1636
74.9030,0.5045,2.1776
74.9032,0.4777,2.0636
74.9034,0.4086,1.7669
74.9036,0.4,1.7296
74.9038,0.4374,1.8905
74.9040,0.45,1.9449
74.9042,0.4408,1.905
74.9044,0.4447,1.9212
74.9046,0.4468,1.9309
74.9048,0.4402,1.8997
74.9050,0.4629,1.9981
74.9052,0.5309,2.2883
74.9054,0.595,2.5607
74.9056,0.5927,2.5568
74.9058,0.5516,2.3805
74.9060,0.549,2.3685
74.9062,0.5761,2.4831
74.9064,0.5785,2.4946
74.9066,0.5699,2.4585
74.9068,0.548,2.3617
74.9070,0.5459,2.354
74.9072,0.5505,2.3747
74.9074,0.5975,2.5739
74.9076,0.648,2.7888
74.9078,0.6933,2.9825
74.9080,0.7072,3.0466
74.9082,0.5972,2.5765
74.9084,0.5447,2.3499
74.9086,0.5399,2.3281
74.9088,0.5283,2.278
74.9090,0.5579,2.4023
74.9092,0.6481,2.7932
74.9094,0.6249,2.6947
74.9096,0.5366,2.3137
74.9098,0.5187,2.2377
74.9100,0.5197,2.2418
74.9102,0.5213,2.249
74.9104,0.5355,2.3101
74.9106,0.5273,2.277
74.9108,0.5297,2.2842
74.9110,0.5332,2.2992
74.9112,0.5379,2.3194
74.9114,0.5429,2.3432
74.9116,0.5091,2.1963
74.9118,0.5405,2.3275
74.9120,0.5743,2.4754
74.9122,0.5308,2.2878
74.9124,0.5694,2.4576
74.9126,0.5631,2.4257
74.9128,0.6117,2.6305
74.9130,0.7119,3.061
74.9132,0.7511,3.2296
74.9134,0.7213,3.1046
74.9136,0.6574,2.8296
74.9138,0.6128,2.64
74.9140,0.6193,2.6642
74.9142,0.6898,2.9689
74.9144,0.6533,2.8159
74.9146,0.6426,2.763
74.9148,0.7328,3.1468
74.9150,0.7168,3.0879
74.9152,0.5945,2.561
74.9154,0.6597,2.8354
74.9156,0.7438,3.1982
74.9158,0.7597,3.2637
74.9160,0.771,3.3121
74.9162,0.7145,3.0766
74.9164,0.6667,2.868
74.9166,0.6936,2.984
74.9168,0.6872,2.9575
74.9170,0.6951,2.9916
74.9172,0.7015,3.0237
74.9174,0.5345,2.307
74.9176,0.5119,2.2082
74.9178,0.502,2.1668
74.9180,0.4947,2.1342
74.9182,0.4959,2.1394
74.9184,0.4975,2.1471
74.9186,0.4958,2.1389
74.9188,0.4923,2.1229
74.9190,0.4959,2.1394
74.9192,0.5441,2.3451
74.9194,0.579,2.4955
74.9196,0.5127,2.2118
74.9198,0.4809,2.0757
74.9200,0.4834,2.0856
74.9202,0.4826,2.081
74.9204,0.4803,2.0721
74.9206,0.4858,2.0959
74.9208,0.4837,2.0857
74.9210,0.5,2.157
74.9212,0.5013,2.1617
74.9214,0.5344,2.3012
74.9216,0.5948,2.559
74.9218,0.738,3.1645
74.9220,0.8265,3.5473
74.9222,0.7705,3.3147
74.9224,0.6639,2.8548
74.9226,0.7586,3.2606
74.9228,0.7361,3.1652
74.9230,0.7423,3.186
74.9232,0.7916,3.396
74.9234,0.8481,3.6331
74.9236,0.9623,4.1227
74.9238,0.9577,4.1084
74.9240,0.908,3.8972
74.9242,0.8968,3.8453
74.9244,0.8995,3.8571
74.9246,0.9189,3.9404
74.9248,0.9456,4.0583
74.9250,0.9237,3.9554
74.9252,0.9668,4.1455
74.9254,0.9652,4.1369
74.9256,1.033,4.4211
74.9258,1.0451,4.4771
74.9260,0.9861,4.2283
74.9262,0.9497,4.0744
74.9264,0.964,4.1279
74.9266,0.9891,4.2392
74.9268,0.9308,3.9987
74.9270,0.859,3.6902
74.9272,0.825,3.5494
74.9274,0.7692,3.3075
74.9276,0.7358,3.1671
74.9278,0.6522,2.8082
74.9280,0.6765,2.9116
74.9282,0.6856,2.9495
74.9284,0.6968,3.0002
74.9286,0.6795,2.9259
74.9288,0.6933,2.9839
74.9290,0.6995,3.0065
74.9292,0.7728,3.3183
74.9294,0.8319,3.5771
74.9296,0.7567,3.2569
74.9298,0.7015,3.0139
74.9300,0.7457,3.2094
74.9302,0.6812,2.9331
74.9304,0.6727,2.8964
74.9306,0.6775,2.9171
74.9308,0.6369,2.7451
74.9310,0.6583,2.8319
74.9312,0.7475,3.2096
74.9314,0.7927,3.4101
74.9316,0.708,3.0445
74.9318,0.7333,3.1577
74.9320,0.7346,3.1619
74.9322,0.7607,3.2708
74.9324,0.7301,3.1423
74.9326,0.7342,3.1598
74.9328,0.6982,3.0022
74.9330,0.7218,3.1038
74.9332,0.7235,3.1081
74.9334,0.7897,3.3972
74.9336,0.7655,3.2945
74.9338,0.7507,3.2311
74.9340,0.7126,3.0655
74.9342,0.7494,3.2224
74.9344,0.8162,3.5047
74.9346,0.8373,3.597
74.9348,0.7761,3.342
74.9350,0.6878,2.9629
74.9352,0.7036,3.0268
74.9354,0.7553,3.2492
74.9356,0.7114,3.0604
74.9358,0.685,2.951
74.9360,0.6562,2.8257
74.9362,0.6578,2.8337
74.9364,0.5806,2.5034
74.9366,0.6025,2.5956
74.9368,0.6337,2.7286
74.9370,0.6458,2.7821
74.9372,0.6737,2.9024
74.9374,0.6878,2.9629
74.9376,0.6584,2.8324
74.9378,0.6785,2.9245
74.9380,0.6345,2.7335
74.9382,0.6366,2.7436
74.9384,0.6445,2.7725
74.9386,0.7013,3.0184
74.9388,0.7001,3.0175
74.9390,0.6435,2.7736
74.9392,0.6416,2.7614
74.9394,0.7078,3.0435
74.9396,0.7182,3.0898
74.9398,0.7315,3.1485
74.9400,0.7211,3.1036
74.9402,0.7121,3.0635
74.9404,0.6667,2.8733
74.9406,0.6213,2.6767
74.9408,0.6197,2.6682
74.9410,0.6209,2.6746
74.9412,0.628,2.7031
74.9414,0.6322,2.7225
74.9416,0.6324,2.723
74.9418,0.6436,2.7702
74.9420,0.711,3.0602
74.9422,0.7137,3.0687
74.9424,0.6571,2.8306
74.9426,0.632,2.7227
74.9428,0.618,2.6635
74.9430,0.6066,2.6132
74.9432,0.6067,2.6161
74.9434,0.6061,2.6135
74.9436,0.6018,2.5877
74.9438,0.6595,2.837
74.9440,0.7012,3.0179
74.9442,0.6536,2.817
74.9444,0.561,2.418
74.9446,0.5486,2.3654
74.9448,0.5433,2.3437
74.9450,0.5429,2.3422
74.9452,0.5903,2.5406
74.9454,0.6153,2.6521
74.9456,0.5475,2.3607
74.9458,0.5615,2.419
74.9460,0.6375,2.7426
74.9462,0.6864,2.9531
74.9464,0.698,3.0026
74.9466,0.653,2.8144
74.9468,0.582,2.5108
74.9470,0.5445,2.3478
74.9472,0.5422,2.3358
74.9474,0.6055,2.6073
74.9476,0.6174,2.656
74.9478,0.6269,2.703
74.9480,0.5715,2.4618
74.9482,0.6199,2.668
74.9484,0.6709,2.8874
74.9486,0.7039,3.0256
74.9488,0.7451,3.2008
74.9490,0.8108,3.4831
74.9492,0.833,3.5784
74.9494,0.7705,3.3147
74.9496,0.7189,3.0885
74.9498,0.7663,3.3012
74.9500,0.6475,2.7893
74.9502,0.6417,2.7632
74.9504,0.6314,2.7188
74.9506,0.6062,2.6104
74.9508,0.6277,2.7028
74.9510,0.6436,2.7728
74.9512,0.5692,2.4554
74.9514,0.5084,2.1922
74.9516,0.4939,2.1316
74.9518,0.4893,2.1119
74.9520,0.4962,2.1394
74.9522,0.5131,2.2082
74.9524,0.6163,2.655
74.9526,0.5384,2.3193
74.9528,0.576,2.4769
74.9530,0.6815,2.9333
74.9532,0.7102,3.058
74.9534,0.6533,2.8133
74.9536,0.6468,2.7862
74.9538,0.633,2.7256
74.9540,0.6309,2.7155
74.9542,0.677,2.915
74.9544,0.6354,2.7333
74.9546,0.6609,2.8406
74.9548,0.7107,3.0559
74.9550,0.7507,3.2311
74.9552,0.7224,3.1064
74.9554,0.7338,3.151
74.9556,0.7893,3.3878
74.9558,0.8001,3.4373
74.9560,0.8155,3.4999
74.9562,0.876,3.7598
74.9564,0.8706,3.7402
74.9566,0.8253,3.5471
74.9568,0.7837,3.3651
74.9570,0.8469,3.6365
74.9572,0.8561,3.6744
74.9574,0.8833,3.7859
74.9576,0.9789,4.1935
74.9578,0.9815,4.2107
74.9580,0.9649,4.1373
74.9582,0.9923,4.2511
74.9584,1.0013,4.2936
74.9586,0.9896,4.2432
74.9588,1.0013,4.2936
74.9590,0.9587,4.1053
74.9592,1.0256,4.3918
74.9594,1.0385,4.4509
74.9596,1.0248,4.3903
74.9598,1.0855,4.6437
74.9600,1.0688,4.5873
74.9602,0.9206,3.9549
74.9604,0.8361,3.5985
74.9606,0.7382,3.1744
74.9608,0.7304,3.1409
74.9610,0.7315,3.1485
74.9612,0.7294,3.1392
74.9614,0.7271,3.1279
74.9616,0.7399,3.1802
74.9618,0.7818,3.3647
74.9620,0.7274,3.1295
74.9622,0.7727,3.3209
74.9624,0.7783,3.3466
74.9626,0.7962,3.4266
74.9628,0.7723,3.3224
74.9630,0.7884,3.3931
74.9632,0.7179,3.0882
74.9634,0.6898,2.9717
74.9636,0.678,2.921
74.9638,0.6945,2.9876
74.9640,0.7061,3.0405
74.9642,0.6382,2.7483
74.9644,0.6332,2.7279
74.9646,0.6709,2.8914
74.9648,0.6257,2.6978
74.9650,0.6333,2.7271
74.9652,0.6474,2.7875
74.9654,0.6632,2.857
74.9656,0.6634,2.8593
74.9658,0.6219,2.6805
74.9660,0.5939,2.562
74.9662,0.5227,2.2579
74.9664,0.499,2.1548
74.9666,0.5393,2.3234
74.9668,0.6243,2.6896
74.9670,0.5998,2.5861
74.9672,0.5439,2.3463
74.9674,0.5139,2.219
74.9676,0.5016,2.1647
74.9678,0.4874,2.1036
74.9680,0.5187,2.2387
74.9682,0.5685,2.4523
74.9684,0.5302,2.2863
74.9686,0.5482,2.3627
74.9688,0.5201,2.246
74.9690,0.4754,2.0509
74.9692,0.4855,2.0934
74.9694,0.4879,2.1067
74.9696,0.5023,2.1688
74.9698,0.5087,2.1947
74.9700,0.5128,2.2123
74.9702,0.4856,2.0959
74.9704,0.459,1.9801
74.9706,0.4796,2.0719
74.9708,0.4364,1.8846
74.9710,0.4433,1.9114
74.9712,0.4842,2.0887
74.9714,0.5404,2.3291
74.9716,0.6223,2.6784
74.9718,0.6424,2.7651
74.9720,0.641,2.7614
74.9722,0.58,2.4973
74.9724,0.6055,2.6085
74.9726,0.6101,2.6257
74.9728,0.6444,2.772
74.9730,0.6808,2.9288
74.9732,0.7201,3.0937
74.9734,0.8325,3.573
74.9736,0.8517,3.6502
74.9738,0.9342,4.0038
74.9740,0.9344,4.0086
74.9742,0.8478,3.6389
74.9744,0.8863,3.8023
74.9746,0.8942,3.8398
74.9748,0.8609,3.6967
74.9750,0.8345,3.5918
74.9752,0.7107,3.0559
74.9754,0.6857,2.9486
74.9756,0.6984,3.0033
74.9758,0.7185,3.0894
74.9760,0.6864,2.9586
74.9762,0.6066,2.6132
74.9764,0.6562,2.8218
74.9766,0.7023,3.0212
74.9768,0.6767,2.914
74.9770,0.6748,2.9071
74.9772,0.5964,2.5681
74.9774,0.612,2.6364
74.9776,0.5836,2.5163
74.9778,0.5622,2.4232
74.9780,0.6221,2.6773
74.9782,0.6373,2.748
74.9784,0.5206,2.248
74.9786,0.4719,2.0369
74.9788,0.4691,2.0235
74.9790,0.4723,2.0375
74.9792,0.5194,2.2387
74.9794,0.5885,2.5352
74.9796,0.6002,2.587
74.9798,0.5682,2.4467
74.9800,0.559,2.4115
74.9802,0.5236,2.2557
74.9804,0.6008,2.5896
74.9806,0.4896,2.1139
74.9808,0.4628,1.9985
74.9810,0.4675,2.0168
74.9812,0.5115,2.2066
74.9814,0.4675,2.0159
74.9816,0.578,2.4891
74.9818,0.6123,2.638
74.9820,0.6073,2.6138
74.9822,0.6037,2.5996
74.9824,0.6366,2.741
74.9826,0.6258,2.6946
74.9828,0.5952,2.5653
74.9830,0.611,2.6311
74.9832,0.6797,2.9255
74.9834,0.6285,2.7039
74.9836,0.6357,2.7387
74.9838,0.6403,2.7558
74.9840,0.6789,2.9219
74.9842,0.6713,2.8894
74.9844,0.5868,2.5315
74.9846,0.5001,2.1575
74.9848,0.489,2.1104
74.9850,0.4862,2.0975
74.9852,0.4917,2.1213
74.9854,0.496,2.1399
74.9856,0.4884,2.1058
74.9858,0.482,2.0784
74.9860,0.5298,2.2826
74.9862,0.5294,2.2837
74.9864,0.4878,2.1052
74.9866,0.4813,2.0763
74.9868,0.4765,2.0546
74.9870,0.4793,2.0675
74.9872,0.4848,2.0913
74.9874,0.4974,2.1446
74.9876,0.4917,2.1203
74.9878,0.4969,2.1435
74.9880,0.555,2.39
74.9882,0.6444,2.7694
74.9884,0.692,2.974
74.9886,0.7314,3.1392
74.9888,0.7826,3.3652
74.9890,0.7386,3.1715
74.9892,0.7908,3.3939
74.9894,0.7869,3.3838
74.9896,0.7263,3.1214
74.9898,0.7873,3.379
74.9900,0.8376,3.5901
74.9902,0.8932,3.8334
74.9904,0.9049,3.8766
74.9906,0.9704,4.159
74.9908,0.941,4.0293
74.9910,0.9732,4.1675
74.9912,0.9886,4.2371
74.9914,0.9374,4.0196
74.9916,0.958,4.1061
74.9918,0.9707,4.1586
74.9920,1.0132,4.3364
74.9922,1.0169,4.3482
74.9924,1.1301,4.8368
74.9926,1.0792,4.6192
74.9928,1.0478,4.4847
74.9930,1.0697,4.576
74.9932,1.1382,4.8671
74.9934,1.1098,4.7545
74.9936,1.0062,4.3127
74.9938,0.9213,3.9525
74.9940,0.9003,3.8679
74.9942,0.8426,3.623
74.9944,0.809,3.4738
74.9946,0.8187,3.5155
74.9948,0.8396,3.6084
74.9950,0.8457,3.633
74.9952,0.8396,3.6034
74.9954,0.8284,3.5555
74.9956,0.8794,3.7725
74.9958,0.9567,4.1043
74.9960,0.9796,4.1947
74.9962,1.0515,4.5069
74.9964,1.0057,4.3106
74.9966,0.9524,4.0953
74.9968,0.7712,3.3193
74.9970,0.7421,3.1939
74.9972,0.7324,3.155
74.9974,0.7619,3.2806
74.9976,0.6809,2.9321
74.9978,0.6625,2.8526
74.9980,0.6911,2.9732
74.9982,0.747,3.2151
74.9984,0.6796,2.925
74.9986,0.7086,3.0499
74.9988,0.7483,3.2222
74.9990,0.7155,3.0808
74.9992,0.6713,2.8908
74.9994,0.6662,2.8686
74.9996,0.6716,2.8958
74.9998,0.6493,2.7945
75.0000,0.6427,2.7712
75.0002,0.5839,2.5191
75.0004,0.6016,2.5903
75.0006,0.6616,2.8503
75.0008,0.6255,2.6973
75.0010,0.5753,2.4818
75.0012,0.5695,2.457
75.0014,0.5567,2.4005
75.0016,0.5644,2.4336
75.0018,0.5898,2.5397
75.0020,0.6773,2.9139
75.0022,0.7469,3.2175
75.0024,0.6278,2.7096
75.0026,0.5068,2.1875
75.0028,0.493,2.1289
75.0030,0.5135,2.2154
75.0032,0.5547,2.3917
75.0034,0.5405,2.3296
75.0036,0.541,2.3328
75.0038,0.532,2.2961
75.0040,0.5298,2.2858
75.0042,0.5625,2.422
75.0044,0.6325,2.7247
75.0046,0.6508,2.8038
75.0048,0.6414,2.7591
75.0050,0.6986,3.0038
75.0052,0.7074,3.0476
75.0054,0.6483,2.7916
75.0056,0.6316,2.7199
75.0058,0.6361,2.739
75.0060,0.6784,2.9172
75.0062,0.7246,3.1142
75.0064,0.736,3.1661
75.0066,0.7086,3.0499
75.0068,0.6345,2.7335
75.0070,0.624,2.6893
75.0072,0.6351,2.7374
75.0074,0.6169,2.6576
75.0076,0.6163,2.6562
75.0078,0.6177,2.66
75.0080,0.6207,2.6729
75.0082,0.6259,2.6913
75.0084,0.7258,3.1179
75.0086,0.8012,3.4435
75.0088,0.7794,3.3513
75.0090,0.7251,3.1221
75.0092,0.6421,2.7674
75.0094,0.6149,2.6501
75.0096,0.6132,2.6404
75.0098,0.6183,2.6626
75.0100,0.6231,2.6845
75.0102,0.628,2.7044
75.0104,0.6528,2.8107
75.0106,0.6275,2.7043
75.0108,0.553,2.3856
75.0110,0.5625,2.4253
75.0112,0.5489,2.3658
75.0114,0.5415,2.3338
75.0116,0.5833,2.5083
75.0118,0.6869,2.9579
75.0120,0.6536,2.8183
75.0122,0.6026,2.5937
75.0124,0.6429,2.7671
75.0126,0.7406,3.1833
75.0128,0.7989,3.4273
75.0130,0.8388,3.6003
75.0132,0.8149,3.5023
75.0134,0.8392,3.6102
75.0136,0.7851,3.3792
75.0138,0.6994,3.0088
75.0140,0.7369,3.1732
75.0142,0.6728,2.8956
75.0144,0.6736,2.8965
75.0146,0.7451,3.2053
75.0148,0.7035,3.0207
75.0150,0.8093,3.4769
75.0152,0.8379,3.5962
75.0154,0.8483,3.646
75.0156,0.7998,3.4405
75.0158,0.7577,3.2534
75.0160,0.806,3.4625
75.0162,0.808,3.4713
75.0164,0.7741,3.3332
75.0166,0.656,2.826
75.0168,0.6983,3.0027
75.0170,0.6893,2.9668
75.0172,0.65,2.7976
75.0174,0.6589,2.8384
75.0176,0.6267,2.7
75.0178,0.6454,2.778
75.0180,0.6209,2.6784
75.0182,0.508,2.1926
75.0184,0.4945,2.1342
75.0186,0.492,2.1243
75.0188,0.4958,2.1369
75.0190,0.5557,2.3964
75.0192,0.4996,2.1564
75.0194,0.4855,2.0954
75.0196,0.4834,2.0875
75.0198,0.486,2.0965
75.0200,0.4857,2.0974
75.0202,0.4801,2.073
75.0204,0.4911,2.1167
75.0206,0.552,2.3793
75.0208,0.6103,2.6267
75.0210,0.6849,2.9423
75.0212,0.6826,2.9379
75.0214,0.6379,2.748
75.0216,0.6698,2.88
75.0218,0.7201,3.098
75.0220,0.6992,3.0064
75.0222,0.759,3.2651
75.0224,0.7246,3.1171
75.0226,0.7633,3.2807
75.0228,0.7656,3.2859
75.0230,0.8338,3.5753
75.0232,0.9601,4.1148
75.0234,0.9393,4.0259
75.0236,0.9206,3.9513
75.0238,0.9083,3.8946
75.0240,0.9427,4.0384
75.0242,0.9614,4.1205
75.0244,0.9676,4.1549
75.0246,0.9126,3.9131
75.0248,0.9662,4.1372
75.0250,1.0079,4.3219
75.0252,0.99,4.2393
75.0254,1.0681,4.5757
75.0256,1.0777,4.6103
75.0258,1.0774,4.6093
75.0260,1.0436,4.4793
75.0262,0.945,4.052
75.0264,0.9968,4.2701
75.0266,0.9566,4.1114
75.0268,0.7839,3.3709
75.0270,0.845,3.6316
75.0272,0.7921,3.4075
75.0274,0.6887,2.967
75.0276,0.5844,2.5188
75.0278,0.6192,2.6711
75.0280,0.6173,2.6604
75.0282,0.6694,2.8852
75.0284,0.6562,2.8257
75.0286,0.6286,2.7082
75.0288,0.6499,2.7983
75.0290,0.6581,2.8379
75.0292,0.6014,2.5886
75.0294,0.6398,2.7575
75.0296,0.6192,2.6662
75.0298,0.5916,2.5522
75.0300,0.5755,2.4794
75.0302,0.6613,2.85
75.0304,0.5825,2.5117
75.0306,0.5412,2.3317
75.0308,0.62,2.671
75.0310,0.6468,2.7849
75.0312,0.6399,2.7568
75.0314,0.6574,2.8309
75.0316,0.6386,2.7498
75.0318,0.6743,2.8996
75.0320,0.7107,3.0587
75.0322,0.7229,3.1084
75.0324,0.7771,3.3446
75.0326,0.6956,2.9937
75.0328,0.6977,3.003
75.0330,0.7192,3.091
75.0332,0.7277,3.1291
75.0334,0.7258,3.1237
75.0336,0.6975,3.0005
75.0338,0.6988,3.0076
75.0340,0.6766,2.9148
75.0342,0.6715,2.8913
75.0344,0.6857,2.9541
75.0346,0.6275,2.7043
75.0348,0.6538,2.8128
75.0350,0.7083,3.0512
75.0352,0.6194,2.6697
75.0354,0.5876,2.5316
75.0356,0.585,2.519
75.0358,0.5915,2.5493
75.0360,0.5362,2.3132
75.0362,0.5627,2.4252
75.0364,0.5936,2.5574
75.0366,0.6848,2.95
75.0368,0.6433,2.7712
75.0370,0.5694,2.4508
75.0372,0.6225,2.6806
75.0374,0.6746,2.9088
75.0376,0.585,2.5237
75.0378,0.5541,2.388
75.0380,0.5526,2.3807
75.0382,0.5548,2.3923
75.0384,0.5556,2.3948
75.0386,0.5584,2.4078
75.0388,0.5709,2.4592
75.0390,0.6234,2.683
75.0392,0.6494,2.7911
75.0394,0.7158,3.0809
75.0396,0.7147,3.0791
75.0398,0.608,2.6218
75.0400,0.5391,2.3245
75.0402,0.5351,2.3085
75.0404,0.5325,2.2971
75.0406,0.5345,2.3049
75.0408,0.5534,2.386
75.0410,0.599,2.5818
75.0412,0.6162,2.6557
75.0414,0.5457,2.353
75.0416,0.5348,2.3059
75.0418,0.547,2.3586
75.0420,0.537,2.3147
75.0422,0.5357,2.3111
75.0424,0.5459,2.354
75.0426,0.5464,2.3561
75.0428,0.5428,2.3405
75.0430,0.5581,2.4056
75.0432,0.5747,2.4758
75.0434,0.5724,2.4648
75.0436,0.5617,2.4222
75.0438,0.481,2.0752
75.0440,0.4658,2.0096
75.0442,0.4508,1.9467
75.0444,0.4565,1.9701
75.0446,0.4584,1.9775
75.0448,0.4633,1.9996
75.0450,0.4614,1.9904
75.0452,0.4615,1.9909
75.0454,0.4982,2.1462
75.0456,0.5524,2.3786
75.0458,0.5986,2.5774
75.0460,0.5982,2.5782
75.0462,0.5689,2.4533
75.0464,0.5651,2.4333
75.0466,0.5265,2.2692
75.0468,0.5048,2.1767
75.0470,0.5019,2.1663
75.0472,0.4789,2.0621
75.0474,0.5869,2.5261
75.0476,0.6169,2.6588
75.0478,0.5511,2.374
75.0480,0.5462,2.355
75.0482,0.5203,2.2433
75.0484,0.5411,2.3311
75.0486,0.595,2.5619
75.0488,0.5846,2.5128
75.0490,0.628,2.7031
75.0492,0.5814,2.5024
75.0494,0.6071,2.6152
75.0496,0.5927,2.5521
75.0498,0.5815,2.5017
75.0500,0.6381,2.7452
75.0502,0.6267,2.6987
75.0504,0.6567,2.8225
75.0506,0.7014,3.0147
75.0508,0.6241,2.6861
75.0510,0.5868,2.5279
75.0512,0.6428,2.764
75.0514,0.6839,2.9477
75.0516,0.5442,2.3446
75.0518,0.5324,2.2924
75.0520,0.5524,2.3797
75.0522,0.5972,2.5717
75.0524,0.6291,2.7065
75.0526,0.643,2.7663
75.0528,0.6703,2.8848
75.0530,0.6837,2.9426
75.0532,0.6804,2.9246
75.0534,0.7291,3.1367
75.0536,0.674,2.8994
75.0538,0.6759,2.909
75.0540,0.6114,2.6302
75.0542,0.6298,2.7109
75.0544,0.6577,2.828
75.0546,0.7203,3.0942
75.0548,0.749,3.2148
75.0550,0.7803,3.3538
75.0552,0.7674,3.2905
75.0554,0.848,3.6343
75.0556,0.8584,3.6825
75.0558,0.8104,3.4783
75.0560,0.8331,3.5689
75.0562,1.0291,4.3985
75.0564,1.1234,4.799
75.0566,1.1075,4.7336
75.0568,1.0778,4.6152
75.0570,1.0156,4.3467
75.0572,1.0478,4.4763
75.0574,1.0681,4.5821
75.0576,0.8976,3.8525
75.0578,0.8719,3.7423
75.0580,0.8848,3.7956
75.0582,0.8633,3.7036
75.0584,0.903,3.8774
75.0586,0.8669,3.719
75.0588,0.8701,3.7311
75.0590,0.8838,3.7933
75.0592,0.9057,3.8875
75.0594,0.917,3.934
75.0596,0.8221,3.5332
75.0598,0.7873,3.3853
75.0600,0.7408,3.1823
75.0602,0.7222,3.1053
75.0604,0.7107,3.063
75.0606,0.6813,2.9282
75.0608,0.7613,3.2734
75.0610,0.7622,3.2791
75.0612,0.7113,3.0598
75.0614,0.7302,3.1399
75.0616,0.7159,3.0771
75.0618,0.749,3.2208
75.0620,0.6891,2.9658
75.0622,0.6896,2.9692
75.0624,0.6951,2.9916
75.0626,0.7005,3.0148
75.0628,0.6481,2.7893
75.0630,0.6646,2.8632
75.0632,0.6845,2.9448
75.0634,0.717,3.0803
75.0636,0.7396,3.1801
75.0638,0.7324,3.1506
75.0640,0.7126,3.0684
75.0642,0.6899,2.968
75.0644,0.647,2.7847
75.0646,0.7195,3.0983
75.0648,0.644,2.7731
75.0650,0.6267,2.6962
75.0652,0.6689,2.8751
75.0654,0.7103,3.0586
75.0656,0.6615,2.8498
75.0658,0.6071,2.6189
75.0660,0.592,2.5502
75.0662,0.5832,2.5113
75.0664,0.6187,2.6616
75.0666,0.6747,2.9025
75.0668,0.7279,3.1301
75.0670,0.7145,3.0795
75.0672,0.6375,2.7503
75.0674,0.5836,2.514
75.0676,0.596,2.5677
75.0678,0.5959,2.5648
75.0680,0.6549,2.8174
75.0682,0.697,2.9999
75.0684,0.6623,2.8494
75.0686,0.6363,2.7426
75.0688,0.5601,2.4161
75.0690,0.5482,2.3638
75.0692,0.5555,2.3931
75.0694,0.5888,2.5391
75.0696,0.5259,2.2698
75.0698,0.4646,2.0044
75.0700,0.4809,2.0747
75.0702,0.5107,2.1999
75.0704,0.597,2.5695
75.0706,0.6352,2.7341
75.0708,0.646,2.7831
75.0710,0.6176,2.6595
75.0712,0.6388,2.747
75.0714,0.6881,2.9589
75.0716,0.695,2.9883
75.0718,0.6621,2.851
75.0720,0.6862,2.9534
75.0722,0.7235,3.1096
75.0724,0.748,3.2162
75.0726,0.7562,3.2487
75.0728,0.8186,3.5117
75.0730,0.8399,3.6049
75.0732,0.8215,3.529
75.0734,0.8272,3.5504
75.0736,0.8447,3.6238
75.0738,0.8727,3.7472
75.0740,0.8006,3.4457
75.0742,0.7253,3.1217
75.0744,0.7158,3.0737
75.0746,0.8062,3.4587
75.0748,0.84,3.6071
75.0750,0.8668,3.7202
75.0752,0.8782,3.7691
75.0754,0.8403,3.6098
75.0756,0.8,3.44
75.0758,0.7818,3.36
75.0760,0.7249,3.1216
75.0762,0.6303,2.7129
75.0764,0.6246,2.6907
75.0766,0.6792,2.9221
75.0768,0.6565,2.8294
75.0770,0.561,2.4191
75.0772,0.5514,2.3789
75.0774,0.5507,2.3747
75.0776,0.5517,2.3777
75.0778,0.5934,2.5516
75.0780,0.7158,3.078
75.0782,0.6715,2.8926
75.0784,0.5596,2.414
75.0786,0.5469,2.3581
75.0788,0.6145,2.6448
75.0790,0.6802,2.9263
75.0792,0.655,2.8192
75.0794,0.6603,2.8472
75.0796,0.579,2.4967
75.0798,0.5459,2.3529
75.0800,0.5429,2.3432
75.0802,0.5433,2.3437
75.0804,0.5629,2.4252
75.0806,0.6504,2.8004
75.0808,0.6331,2.7273
75.0810,0.6235,2.6848
75.0812,0.69,2.963
75.0814,0.7742,3.3276
75.0816,0.7631,3.2812
75.0818,0.7195,3.0969
75.0820,0.6721,2.8912
75.0822,0.673,2.8953
75.0824,0.6998,3.0103
75.0826,0.6951,2.9902
75.0828,0.6597,2.8433
75.0830,0.5984,2.5793
75.0832,0.6192,2.6637
75.0834,0.6592,2.8347
75.0836,0.7051,3.0335
75.0838,0.7013,3.0184
75.0840,0.6424,2.7702
75.0842,0.5186,2.2392
75.0844,0.4958,2.1389
75.0846,0.4974,2.1476
75.0848,0.4821,2.0799
75.0850,0.4837,2.0828
75.0852,0.5776,2.494
75.0854,0.4908,2.1171
75.0856,0.4906,2.1166
75.0858,0.4828,2.084
75.0860,0.4836,2.0871
75.0862,0.4832,2.0836
75.0864,0.483,2.0835
75.0866,0.4927,2.1244
75.0868,0.5367,2.312
75.0870,0.5987,2.5791
75.0872,0.6061,2.6111
75.0874,0.6075,2.6161
75.0876,0.637,2.7431
75.0878,0.6092,2.6209
75.0880,0.703,3.0257
75.0882,0.7119,3.0582
75.0884,0.7363,3.1662
75.0886,0.7001,3.0105
75.0888,0.7658,3.29
75.0890,0.8024,3.4471
75.0892,0.7903,3.3966
75.0894,0.7715,3.3203
75.0896,0.7493,3.2174
75.0898,0.8542,3.6645
75.0900,0.8507,3.6495
75.0902,0.8662,3.7124
75.0904,1.006,4.3096
75.0906,1.0114,4.3307
75.0908,0.982,4.2108
75.0910,0.9796,4.1966
75.0912,0.9838,4.2126
75.0914,0.9783,4.1949
75.0916,0.9699,4.155
75.0918,1.0144,4.3415
75.0920,1.0788,4.615
75.0922,1.1003,4.7073
75.0924,1.1048,4.7241
75.0926,1.1523,4.934
75.0928,1.0308,4.418
75.0930,0.9617,4.1201
75.0932,1.006,4.3116
75.0934,0.9532,4.097
75.0936,0.8645,3.7139
75.0938,0.8825,3.7823
75.0940,0.9721,4.1643
75.0942,0.9812,4.2112
75.0944,0.8518,3.6576
75.0946,0.8084,3.4793
75.0948,0.6733,2.9004
75.0950,0.6833,2.9438
75.0952,0.6839,2.9436
75.0954,0.7123,3.0673
75.0956,0.7659,3.2935
75.0958,0.7903,3.3966
75.0960,0.8125,3.4936
75.0962,0.7446,3.2077
75.0964,0.7268,3.1269
75.0966,0.797,3.4223
75.0968,0.8603,3.6976
75.0970,0.7171,3.0909
75.0972,0.6723,2.8909
75.0974,0.6971,3.0046
75.0976,0.6183,2.6626
75.0978,0.665,2.8661
75.0980,0.6206,2.6773
75.0982,0.6087,2.62
75.0984,0.7182,3.0912
75.0986,0.6621,2.8563
75.0988,0.6012,2.5899
75.0990,0.6668,2.8658
75.0992,0.7128,3.068
75.0994,0.7204,3.1034
75.0996,0.633,2.7293
75.0998,0.6018,2.5925
75.1000,0.6316,2.7224
75.1002,0.5653,2.4389
75.1004,0.5133,2.2154
75.1006,0.5065,2.1839
75.1008,0.5502,2.3726
75.1010,0.5803,2.5012
75.1012,0.5916,2.5474
75.1014,0.6292,2.7184
75.1016,0.5098,2.1994
75.1018,0.5055,2.1808
75.1020,0.4954,2.1383
75.1022,0.5083,2.1927
75.1024,0.506,2.1838
75.1026,0.4375,1.891
75.1028,0.4028,1.7407
75.1030,0.4069,1.7588
75.1032,0.4029,1.7404
75.1034,0.4587,1.9763
75.1036,0.5579,2.4046
75.1038,0.5893,2.5423
75.1040,0.5646,2.4324
75.1042,0.5704,2.4572
75.1044,0.579,2.4944
75.1046,0.6468,2.7862
75.1048,0.6029,2.5972
75.1050,0.5625,2.4265
75.1052,0.5526,2.3818
75.1054,0.5776,2.4859
75.1056,0.6363,2.74
75.1058,0.6723,2.8909
75.1060,0.7731,3.3214
75.1062,0.7162,3.0824
75.1064,0.6065,2.6175
75.1066,0.5574,2.4025
75.1068,0.5575,2.403
75.1070,0.5466,2.3582
75.1072,0.548,2.3617
75.1074,0.5458,2.3535
75.1076,0.5441,2.3451
75.1078,0.5825,2.5047
75.1080,0.6804,2.9314
75.1082,0.5601,2.4161
75.1084,0.5343,2.3049
75.1086,0.5426,2.3395
75.1088,0.536,2.3089
75.1090,0.5362,2.311
75.1092,0.5379,2.3204
75.1094,0.531,2.2888
75.1096,0.5285,2.279
75.1098,0.5682,2.449
75.1100,0.6062,2.6153
75.1102,0.4777,2.0608
75.1104,0.4655,2.0099
75.1106,0.464,2.0027
75.1108,0.4511,1.9459
75.1110,0.449,1.938
75.1112,0.4511,1.9468
75.1114,0.4644,2.0043
75.1116,0.4962,2.1404
75.1118,0.4912,2.1182
75.1120,0.5432,2.3399
75.1122,0.6709,2.882
75.1124,0.7826,3.3589
75.1126,0.7731,3.326
75.1128,0.6833,2.9438
75.1130,0.6591,2.8342
75.1132,0.7017,3.0172
75.1134,0.6791,2.9243
75.1136,0.6556,2.8179
75.1138,0.758,3.255
75.1140,0.7514,3.2327
75.1142,0.6511,2.8022
75.1144,0.6581,2.8274
75.1146,0.7457,3.2019
75.1148,0.78,3.3554
75.1150,0.7035,3.0221
75.1152,0.7448,3.2013
75.1154,0.782,3.3611
75.1156,0.7741,3.3255
75.1158,0.7417,3.1879
75.1160,0.7033,3.0244
75.1162,0.6839,2.945
75.1164,0.6312,2.7191
75.1166,0.6131,2.6398
75.1168,0.5982,2.5758
75.1170,0.5912,2.5482
75.1172,0.586,2.5243
75.1174,0.5876,2.5327
75.1176,0.5204,2.2449
75.1178,0.4858,2.0969
75.1180,0.479,2.0665
75.1182,0.4795,2.0685
75.1184,0.4832,2.0846
75.1186,0.4856,2.0949
75.1188,0.4805,2.0717
75.1190,0.4791,2.067
75.1192,0.4837,2.0847
75.1194,0.4837,2.0847
75.1196,0.4844,2.0888
75.1198,0.5165,2.2263
75.1200,0.5733,2.4661
75.1202,0.6105,2.6302
75.1204,0.5977,2.575
75.1206,0.5547,2.3884
75.1208,0.5573,2.3986
75.1210,0.5939,2.5537
75.1212,0.6277,2.7028
75.1214,0.5952,2.5641
75.1216,0.6054,2.6007
75.1218,0.7177,3.0848
75.1220,0.7122,3.0611
75.1222,0.7374,3.1649
75.1224,0.7892,3.3888
75.1226,0.7971,3.4212
75.1228,0.7465,3.213
75.1230,0.7071,3.0376
75.1232,0.7628,3.2725
75.1234,0.7884,3.3852
75.1236,0.8193,3.5148
75.1238,0.8459,3.6324
75.1240,0.7591,3.2641
75.1242,0.7482,3.2082
75.1244,0.8548,3.667
75.1246,0.9037,3.8751
75.1248,0.8608,3.6945
75.1250,0.8259,3.5464
75.1252,0.8498,3.6454
75.1254,0.8951,3.8417
75.1256,0.8171,3.5104
75.1258,0.7344,3.1579
75.1260,0.7283,3.1316
75.1262,0.7263,3.1229
75.1264,0.7369,3.1688
75.1266,0.7327,3.1493
75.1268,0.7831,3.3657
75.1270,0.7705,3.3147
75.1272,0.6864,2.9517
75.1274,0.7181,3.0849
75.1276,0.7668,3.2925
75.1278,0.8267,3.5533
75.1280,0.7438,3.1982
75.1282,0.7257,3.1203
75.1284,0.7325,3.1497
75.1286,0.6839,2.9436
75.1288,0.6722,2.889
75.1290,0.7198,3.095
75.1292,0.7213,3.1017
75.1294,0.6812,2.9317
75.1296,0.6968,2.996
75.1298,0.7405,3.1828
75.1300,0.714,3.0689
75.1302,0.7354,3.1591
75.1304,0.7626,3.2715
75.1306,0.9062,3.8877
75.1308,0.831,3.5752
75.1310,0.6963,2.994
75.1312,0.736,3.1661
75.1314,0.7658,3.29
75.1316,0.7593,3.2652
75.1318,0.7518,3.2342
75.1320,0.7633,3.2822
75.1322,0.739,3.1731
75.1324,0.7217,3.1047
75.1326,0.7004,3.0115
75.1328,0.7501,3.224
75.1330,0.7784,3.3472
75.1332,0.7532,3.2419
75.1334,0.7116,3.0586
75.1336,0.7544,3.244
75.1338,0.7604,3.2683
75.1340,0.7697,3.3064
75.1342,0.7948,3.4114
75.1344,0.8409,3.6141
75.1346,0.8116,3.4883
75.1348,0.8097,3.4752
75.1350,0.8453,3.6264
75.1352,0.8828,3.7892
75.1354,0.8989,3.8563
75.1356,0.8873,3.8064
75.1358,0.8819,3.7833
75.1360,0.8508,3.6671
75.1362,0.6586,2.8334
75.1364,0.7219,3.1058
75.1366,0.6619,2.85
75.1368,0.5862,2.5265
75.1370,0.5802,2.4995
75.1372,0.5798,2.498
75.1374,0.5828,2.5144
75.1376,0.6312,2.7153
75.1378,0.7283,3.1331
75.1380,0.7267,3.1206
75.1382,0.8258,3.5459
75.1384,0.88,3.7751
75.1386,0.8693,3.738
75.1388,0.782,3.3626
75.1390,0.7499,3.2274
75.1392,0.7856,3.3797
75.1394,0.7711,3.3142
75.1396,0.7248,3.1225
75.1398,0.6526,2.8102
75.1400,0.6475,2.788
75.1402,0.6529,2.8126
75.1404,0.6514,2.8038
75.1406,0.6459,2.78
75.1408,0.648,2.7875
75.1410,0.7874,3.3827
75.1412,0.7929,3.4127
75.1414,0.6713,2.8908
75.1416,0.6553,2.8203
75.1418,0.6441,2.771
75.1420,0.701,3.0197
75.1422,0.6163,2.6562
75.1424,0.5933,2.5558
75.1426,0.6325,2.7247
75.1428,0.6119,2.6371
75.1430,0.5734,2.4712
75.1432,0.5711,2.4626
75.1434,0.5785,2.4935
75.1436,0.5788,2.491
75.1438,0.6163,2.655
75.1440,0.5902,2.5436
75.1442,0.6083,2.618
75.1444,0.6735,2.9028
75.1446,0.5992,2.5823
75.1448,0.5857,2.5233
75.1450,0.5826,2.5099
75.1452,0.5928,2.5502
75.1454,0.6749,2.9022
75.1456,0.7267,3.122
75.1458,0.7227,3.1117
75.1460,0.689,2.9653
75.1462,0.6465,2.7852
75.1464,0.5965,2.571
75.1466,0.5983,2.5751
75.1468,0.6777,2.9181
75.1470,0.6878,2.9587
75.1472,0.6789,2.9233
75.1474,0.6625,2.8526
75.1476,0.7409,3.1828
75.1478,0.8512,3.6533
75.1480,0.8519,3.6581
75.1482,0.802,3.4439
75.1484,0.8092,3.4764
75.1486,0.8045,3.4596
75.1488,0.7056,3.037
75.1490,0.6512,2.8027
75.1492,0.7151,3.0806
75.1494,0.608,2.6218
75.1496,0.5363,2.3137
75.1498,0.5171,2.2299
75.1500,0.5402,2.3292
75.1502,0.5894,2.5405
75.1504,0.5832,2.5125
75.1506,0.5809,2.505
75.1508,0.5758,2.4827
75.1510,0.6397,2.7532
75.1512,0.621,2.6752
75.1514,0.6321,2.7232
75.1516,0.6652,2.8618
75.1518,0.6892,2.9649
75.1520,0.6927,2.9854
75.1522,0.6261,2.6974
75.1524,0.6598,2.8372
75.1526,0.6962,2.9949
75.1528,0.6363,2.74
75.1530,0.6277,2.7028
75.1532,0.6567,2.8291
75.1534,0.6087,2.6225
75.1536,0.6035,2.5973
75.1538,0.676,2.9055
75.1540,0.7434,3.1981
75.1542,0.7742,3.3229
75.1544,0.841,3.6112
75.1546,0.7935,3.4105
75.1548,0.7986,3.4306
75.1550,0.8451,3.6271
75.1552,0.9244,3.964
75.1554,0.9587,4.1111
75.1556,0.9839,4.2171
75.1558,0.991,4.2474
75.1560,0.9824,4.2104
75.1562,1.042,4.4637
75.1564,1.0451,4.4708
75.1566,1.1114,4.7545
75.1568,1.1044,4.7247
75.1570,1.1223,4.8056
75.1572,1.1175,4.7806
75.1574,1.1108,4.7519
75.1576,1.1325,4.838
75.1578,1.1526,4.9401
75.1580,1.0435,4.4683
75.1582,1.1181,4.7832
75.1584,1.1523,4.9363
75.1586,1.0463,4.4927
75.1588,0.8858,3.8056
75.1590,0.8212,3.5279
75.1592,0.7999,3.4378
75.1594,0.774,3.3312
75.1596,0.7864,3.3817
75.1598,0.8011,3.4446
75.1600,0.8051,3.4605
75.1602,0.8104,3.4848
75.1604,0.7999,3.4394
75.1606,0.8248,3.5417
75.1608,0.8271,3.5598
75.1610,0.7513,3.2366
75.1612,0.7203,3.1029
75.1614,0.6921,2.9787
75.1616,0.7475,3.2186
75.1618,0.7151,3.0792
75.1620,0.7041,3.0331
75.1622,0.6488,2.795
75.1624,0.6195,2.6702
75.1626,0.6454,2.7767
75.1628,0.699,3.0128
75.1630,0.6225,2.6844
75.1632,0.5977,2.5762
75.1634,0.605,2.6089
75.1636,0.6356,2.7369
75.1638,0.6513,2.8058
75.1640,0.6053,2.6099
75.1642,0.602,2.5996
75.1644,0.5273,2.277
75.1646,0.5157,2.2268
75.1648,0.4934,2.1305
75.1650,0.5005,2.161
75.1652,0.555,2.3911
75.1654,0.6403,2.7596
75.1656,0.6092,2.6245
75.1658,0.6017,2.5944
75.1660,0.6097,2.6278
75.1662,0.6376,2.7495
75.1664,0.5287,2.2806
75.1666,0.5397,2.326
75.1668,0.5839,2.5191
75.1670,0.5516,2.3805
75.1672,0.5138,2.2165
75.1674,0.493,2.127
75.1676,0.4927,2.1274
75.1678,0.4828,2.0859
75.1680,0.4862,2.0985
75.1682,0.4977,2.1481
75.1684,0.49,2.115
75.1686,0.4129,1.7839
75.1688,0.398,1.7192
75.1690,0.4017,1.736
75.1692,0.408,1.7594
75.1694,0.544,2.3457
75.1696,0.5718,2.4657
75.1698,0.5492,2.368
75.1700,0.5627,2.4252
75.1702,0.5563,2.3967
75.1704,0.5543,2.388
75.1706,0.5844,2.5141
75.1708,0.5875,2.5334
75.1710,0.5888,2.5379
75.1712,0.5966,2.5691
75.1714,0.6386,2.7473
75.1716,0.7023,3.0212
75.1718,0.7322,3.1457
75.1720,0.7291,3.1353
75.1722,0.7496,3.2219
75.1724,0.8057,3.4631
75.1726,0.7733,3.3219
75.1728,0.7777,3.3441
75.1730,0.7328,3.1571
75.1732,0.6388,2.7508
75.1734,0.6159,2.6535
75.1736,0.6763,2.9079
75.1738,0.7484,3.2153
75.1740,0.7519,3.2347
75.1742,0.7374,3.1693
75.1744,0.7902,3.3977
75.1746,0.6718,2.8902
75.1748,0.6922,2.9765
75.1750,0.7047,3.0315
75.1752,0.715,3.0773
75.1754,0.6722,2.8904
75.1756,0.6559,2.8268
75.1758,0.5901,2.5431
75.1760,0.5775,2.4889
75.1762,0.5561,2.3969
75.1764,0.5753,2.4807
75.1766,0.5692,2.4566
75.1768,0.4956,2.1379
75.1770,0.4705,2.0316
75.1772,0.4689,2.024
75.1774,0.4713,2.0343
75.1776,0.4718,2.0373
75.1778,0.4733,2.0436
75.1780,0.4814,2.0739
75.1782,0.5493,2.3674
75.1784,0.5989,2.579
75.1786,0.6174,2.661
75.1788,0.5921,2.5495
75.1790,0.532,2.2962
75.1792,0.4853,2.0934
75.1794,0.5648,2.433
75.1796,0.6092,2.6258
75.1798,0.552,2.3815
75.1800,0.5254,2.2656
75.1802,0.5465,2.3533
75.1804,0.5934,2.5564
75.1806,0.604,2.5982
75.1808,0.6444,2.7747
75.1810,0.6002,2.5859
75.1812,0.6107,2.6308
75.1814,0.5868,2.5268
75.1816,0.6065,2.6115
75.1818,0.6652,2.8658
75.1820,0.6217,2.6709
75.1822,0.6687,2.8781
75.1824,0.6267,2.6962
75.1826,0.6704,2.8907
75.1828,0.6162,2.6546
75.1830,0.5529,2.384
75.1832,0.4905,2.1152
75.1834,0.4881,2.1039
75.1836,0.5471,2.3614
75.1838,0.4921,2.1219
75.1840,0.4934,2.1286
75.1842,0.4977,2.1482
75.1844,0.4948,2.1348
75.1846,0.4898,2.1111
75.1848,0.5245,2.2615
75.1850,0.5349,2.3022
75.1852,0.6053,2.6063
75.1854,0.6124,2.6343
75.1856,0.6413,2.7574
75.1858,0.6913,2.971
75.1860,0.73,3.1389
75.1862,0.6523,2.8087
75.1864,0.593,2.556
75.1866,0.5939,2.5585
75.1868,0.5649,2.4323
75.1870,0.5898,2.5374
75.1872,0.5981,2.5789
75.1874,0.5734,2.4701
75.1876,0.6353,2.7329
75.1878,0.6992,3.0022
75.1880,0.7619,3.273
75.1882,0.7139,3.0698
75.1884,0.7525,3.2343
75.1886,0.7881,3.3827
75.1888,0.8393,3.5923
75.1890,1.0218,4.3734
75.1892,0.9899,4.2468
75.1894,0.9399,4.0304
75.1896,0.9321,3.9952
75.1898,0.9128,3.9124
75.1900,0.9594,4.1099
75.1902,0.9856,4.2283
75.1904,0.9407,4.0298
75.1906,0.9914,4.2451
75.1908,1.01,4.3246
75.1910,1.0616,4.5459
75.1912,1.0229,4.3821
75.1914,0.9853,4.2248
75.1916,0.9284,3.9867
75.1918,0.8237,3.5438
75.1920,0.7384,3.1735
75.1922,0.7867,3.3796
75.1924,0.9173,3.9333
75.1926,0.9271,3.9828
75.1928,0.803,3.4481
75.1930,0.8303,3.5638
75.1932,0.8577,3.6777
75.1934,0.9289,3.9831
75.1936,0.9098,3.9087
75.1938,0.8184,3.514
75.1940,0.8261,3.5557
75.1942,0.7652,3.2874
75.1944,0.7928,3.4043
75.1946,0.851,3.6506
75.1948,0.8758,3.7606
75.1950,0.8481,3.6451
75.1952,0.8384,3.605
75.1954,0.8673,3.7223
75.1956,0.8811,3.785
75.1958,0.7788,3.3472
75.1960,0.779,3.3514
75.1962,0.7191,3.0906
75.1964,0.7441,3.1968
75.1966,0.7722,3.3204
75.1968,0.7518,3.2313
75.1970,0.8257,3.5471
75.1972,0.801,3.449
75.1974,0.6903,2.9738
75.1976,0.6484,2.7922
75.1978,0.6544,2.8193
75.1980,0.6789,2.9234
75.1982,0.6823,2.9364
75.1984,0.7361,3.1652
75.1986,0.7247,3.1249
75.1988,0.6121,2.6394
75.1990,0.5672,2.4433
75.1992,0.5698,2.4558
75.1994,0.6125,2.6385
75.1996,0.6502,2.796
75.1998,0.6656,2.8674
75.2000,0.6685,2.8784
75.2002,0.6875,2.9578
75.2004,0.7729,3.3235
75.2006,0.7546,3.2431
75.2008,0.7982,3.4355
75.2010,0.7433,3.1962
75.2012,0.7068,3.0436
75.2014,0.6721,2.8966
75.2016,0.5944,2.5641
75.2018,0.5701,2.4585
75.2020,0.5701,2.4596
75.2022,0.5826,2.5111
75.2024,0.5723,2.4643
75.2026,0.6264,2.701
75.2028,0.5764,2.4854
75.2030,0.5706,2.4617
75.2032,0.5669,2.4456
75.2034,0.6047,2.6025
75.2036,0.6937,2.9827
75.2038,0.7959,3.4225
75.2040,0.7362,3.1687
75.2042,0.6558,2.8237
75.2044,0.6556,2.8219
75.2046,0.6584,2.8364
75.2048,0.6518,2.8054
75.2050,0.6614,2.8493
75.2052,0.6645,2.8614
75.2054,0.656,2.826
75.2056,0.5956,2.5681
75.2058,0.5806,2.5023
75.2060,0.6108,2.6301
75.2062,0.6083,2.618
75.2064,0.6114,2.6339
75.2066,0.6137,2.6449
75.2068,0.6729,2.8948
75.2070,0.7064,3.0373
75.2072,0.6722,2.8958
75.2074,0.6212,2.6775
75.2076,0.6217,2.6771
75.2078,0.6387,2.7529
75.2080,0.552,2.3793
75.2082,0.5552,2.395
75.2084,0.5719,2.4674
75.2086,0.5848,2.5216
75.2088,0.5628,2.4258
75.2090,0.5555,2.3932
75.2092,0.5481,2.3622
75.2094,0.5588,2.4105
75.2096,0.5393,2.3256
75.2098,0.5318,2.293
75.2100,0.5445,2.3457
75.2102,0.6243,2.6922
75.2104,0.5747,2.477
75.2106,0.5814,2.5048
75.2108,0.5802,2.4973
75.2110,0.6392,2.7512
75.2112,0.6805,2.9246
75.2114,0.7458,3.204
75.2116,0.7429,3.1976
75.2118,0.7089,3.0482
75.2120,0.7555,3.2442
75.2122,0.7866,3.376
75.2124,0.8228,3.5331
75.2126,0.8067,3.4624
75.2128,0.8529,3.6606
75.2130,0.8414,3.6145
75.2132,0.8318,3.5816
75.2134,0.7642,3.2767
75.2136,0.913,3.9202
75.2138,0.8528,3.6618
75.2140,0.8408,3.612
75.2142,0.7978,3.4244
75.2144,0.8496,3.6416
75.2146,0.907,3.8927
75.2148,0.899,3.8623
75.2150,0.8278,3.5596
75.2152,0.7772,3.3436
75.2154,0.7341,3.1564
75.2156,0.7549,3.2492
75.2158,0.6673,2.8719
75.2160,0.6389,2.7535
75.2162,0.6271,2.7028
75.2164,0.6204,2.6714
75.2166,0.6166,2.6561
75.2168,0.6791,2.9203
75.2170,0.7378,3.171
75.2172,0.7132,3.0696
75.2174,0.6703,2.8835
75.2176,0.6865,2.9531
75.2178,0.6703,2.8875
75.2180,0.6698,2.8814
75.2182,0.7306,3.1415
75.2184,0.75,3.2265
75.2186,0.7456,3.2074
75.2188,0.71,3.0557
75.2190,0.6419,2.7651
75.2192,0.5913,2.5471
75.2194,0.6272,2.7021
75.2196,0.6572,2.8299
75.2198,0.6059,2.6113
75.2200,0.6115,2.6381
75.2202,0.5766,2.4852
75.2204,0.6079,2.6165
75.2206,0.6132,2.638
75.2208,0.646,2.7845
75.2210,0.6359,2.7342
75.2212,0.7082,3.0465
75.2214,0.7041,3.029
75.2216,0.6986,3.0052
75.2218,0.7362,3.1643
75.2220,0.8008,3.4356
75.2222,0.8433,3.6177
75.2224,0.8448,3.6278
75.2226,0.8391,3.6081
75.2228,0.8273,3.5526
75.2230,0.8318,3.5733
75.2232,0.8337,3.5832
75.2234,0.8462,3.6334
75.2236,0.836,3.5863
75.2238,0.8974,3.8407
75.2240,1.0693,4.5767
75.2242,1.0988,4.7007
75.2244,1.1356,4.865
75.2246,1.0483,4.4931
75.2248,1.0223,4.3775
75.2250,1.0373,4.4479
75.2252,0.9861,4.2382
75.2254,0.8019,3.4435
75.2256,0.8307,3.572
75.2258,0.801,3.4474
75.2260,0.717,3.0861
75.2262,0.6532,2.8142
75.2264,0.6355,2.739
75.2266,0.6297,2.7129
75.2268,0.6411,2.7607
75.2270,0.6963,2.9996
75.2272,0.6531,2.8136
75.2274,0.6567,2.8291
75.2276,0.6716,2.8932
75.2278,0.643,2.7703
75.2280,0.6344,2.7343
75.2282,0.633,2.7281
75.2284,0.5935,2.5557
75.2286,0.6469,2.7881
75.2288,0.6189,2.6701
75.2290,0.6025,2.5981
75.2292,0.6037,2.602
75.2294,0.6269,2.7018
75.2296,0.6154,2.6534
75.2298,0.6133,2.6409
75.2300,0.6552,2.8211
75.2302,0.6788,2.9256
75.2304,0.6247,2.69
75.2306,0.6113,2.6358
75.2308,0.6211,2.6745
75.2310,0.7128,3.0638
75.2312,0.7877,3.3853
75.2314,0.7359,3.1657
75.2316,0.6636,2.8599
75.2318,0.642,2.7656
75.2320,0.6472,2.7845
75.2322,0.6891,2.9686
75.2324,0.6585,2.8408
75.2326,0.6036,2.5979
75.2328,0.6737,2.8971
75.2330,0.7031,3.029
75.2332,0.6333,2.7272
75.2334,0.7148,3.0734
75.2336,0.7574,3.26
75.2338,0.7349,3.163
75.2340,0.6968,3.0017
75.2342,0.6548,2.8196
75.2344,0.6537,2.8202
75.2346,0.5357,2.309
75.2348,0.5747,2.4758
75.2350,0.605,2.6065
75.2352,0.6638,2.8556
75.2354,0.7133,3.0687
75.2356,0.7205,3.0996
75.2358,0.6522,2.8108
75.2360,0.5994,2.5834
75.2362,0.596,2.5702
75.2364,0.5868,2.5257
75.2366,0.6652,2.8605
75.2368,0.7644,3.29
75.2370,0.6977,3.0058
75.2372,0.6683,2.8752
75.2374,0.686,2.9538
75.2376,0.642,2.7669
75.2378,0.5813,2.5066
75.2380,0.5354,2.3075
75.2382,0.5297,2.2832
75.2384,0.535,2.3091
75.2386,0.5296,2.2869
75.2388,0.5281,2.2759
75.2390,0.5305,2.2884
75.2392,0.5319,2.2946
75.2394,0.5343,2.3039
75.2396,0.5287,2.2785
75.2398,0.5291,2.2806
75.2400,0.532,2.2951
75.2402,0.5359,2.3106
75.2404,0.5505,2.3737
75.2406,0.5116,2.2072
75.2408,0.5263,2.2671
75.2410,0.5867,2.5322
75.2412,0.4916,2.1208
75.2414,0.4651,2.0083
75.2416,0.4639,2.0022
75.2418,0.4619,1.9925
75.2420,0.4644,2.0052
75.2422,0.4655,2.0108
75.2424,0.4636,1.9998
75.2426,0.4616,1.9933
75.2428,0.4839,2.0877
75.2430,0.5421,2.3364
75.2432,0.5609,2.4209
75.2434,0.5122,2.2077
75.2436,0.5395,2.3261
75.2438,0.4815,2.0783
75.2440,0.4632,1.9982
75.2442,0.4658,2.0105
75.2444,0.4813,2.0754
75.2446,0.5366,2.3105
75.2448,0.5956,2.5621
75.2450,0.6544,2.8167
75.2452,0.6173,2.6555
75.2454,0.6188,2.6659
75.2456,0.5905,2.5428
75.2458,0.5934,2.5564
75.2460,0.5585,2.405
75.2462,0.5697,2.4541
75.2464,0.5686,2.4506
75.2466,0.5528,2.3802
75.2468,0.5496,2.3679
75.2470,0.543,2.3416
75.2472,0.5523,2.3814
75.2474,0.5646,2.4302
75.2476,0.5919,2.5509
75.2478,0.5408,2.3318
75.2480,0.5385,2.3188
75.2482,0.5409,2.3291
75.2484,0.5339,2.3013
75.2486,0.5151,2.2212
75.2488,0.5441,2.343
75.2490,0.5951,2.5648
75.2492,0.5855,2.5211
75.2494,0.5857,2.5222
75.2496,0.5763,2.4779
75.2498,0.6115,2.6307
75.2500,0.6194,2.6673
75.2502,0.5984,2.5733
75.2504,0.6748,2.899
75.2506,0.7203,3.0957
75.2508,0.7498,3.2225
75.2510,0.7295,3.1369
75.2512,0.6327,2.7246
75.2514,0.6173,2.6592
75.2516,0.6332,2.7216
75.2518,0.696,2.9902
75.2520,0.7228,3.1065
75.2522,0.7321,3.1467
75.2524,0.6711,2.8925
75.2526,0.5724,2.4672
75.2528,0.5747,2.4747
75.2530,0.5901,2.5384
75.2532,0.6583,2.8293
75.2534,0.7243,3.1089
75.2536,0.8288,3.5538
75.2538,0.8097,3.4753
75.2540,0.8199,3.5223
75.2542,0.7795,3.3503
75.2544,0.7968,3.4197
75.2546,0.8,3.4384
75.2548,0.7504,3.2191
75.2550,0.8118,3.4824
75.2552,0.8537,3.6573
75.2554,0.967,4.137
75.2556,1.0095,4.3246
75.2558,1.0019,4.2923
75.2560,1.0007,4.2851
75.2562,0.9767,4.1844
75.2564,1.0089,4.322
75.2566,0.9833,4.2126
75.2568,0.9362,4.0126
75.2570,1.0078,4.3094
75.2572,1.1049,4.7313
75.2574,1.0607,4.5461
75.2576,1.0084,4.318
75.2578,1.0359,4.4335
75.2580,1.0118,4.3465
75.2582,0.8107,3.4859
75.2584,0.7724,3.3153
75.2586,0.8276,3.5553
75.2588,0.7853,3.3782
75.2590,0.7401,3.1837
75.2592,0.7495,3.223
75.2594,0.7288,3.1308
75.2596,0.727,3.1289
75.2598,0.677,2.9124
75.2600,0.7254,3.1222
75.2602,0.7007,3.0159
75.2604,0.7012,3.0166
75.2606,0.6821,2.9332
75.2608,0.7067,3.0445
75.2610,0.6881,2.9631
75.2612,0.6932,2.9834
75.2614,0.6975,2.9964
75.2616,0.8248,3.5402
75.2618,0.8176,3.5142
75.2620,0.7931,3.4101
75.2622,0.7307,3.1449
75.2624,0.7401,3.1837
75.2626,0.7386,3.176
75.2628,0.7444,3.2023
75.2630,0.6898,2.969
75.2632,0.6919,2.9722
75.2634,0.7633,3.2807
75.2636,0.7492,3.2274
75.2638,0.6753,2.9079
75.2640,0.677,2.9151
75.2642,0.6763,2.912
75.2644,0.6568,2.831
75.2646,0.5952,2.5677
75.2648,0.5914,2.5453
75.2650,0.6144,2.6456
75.2652,0.6644,2.8609
75.2654,0.6746,2.9034
75.2656,0.6361,2.7403
75.2658,0.5998,2.585
75.2660,0.5767,2.4858
75.2662,0.5713,2.4614
75.2664,0.5845,2.5158
75.2666,0.6548,2.8196
75.2668,0.6199,2.673
75.2670,0.5691,2.4572
75.2672,0.492,2.1233
75.2674,0.4787,2.0659
75.2676,0.4831,2.086
75.2678,0.4802,2.0707
75.2680,0.533,2.2982
75.2682,0.5373,2.3168
75.2684,0.6224,2.6789
75.2686,0.6655,2.8669
75.2688,0.6356,2.7382
75.2690,0.6526,2.8116
75.2692,0.6565,2.8268
75.2694,0.6508,2.7999
75.2696,0.6353,2.7354
75.2698,0.6468,2.7837
75.2700,0.7096,3.0484
75.2702,0.7848,3.3714
75.2704,0.8367,3.5978
75.2706,0.7954,3.4188
75.2708,0.7341,3.1535
75.2710,0.7385,3.174
75.2712,0.7371,3.1664
75.2714,0.7354,3.1621
75.2716,0.7796,3.3493
75.2718,0.8163,3.5069
75.2720,0.7637,3.2838
75.2722,0.7148,3.0777
75.2724,0.6951,2.9917
75.2726,0.6972,2.9982
75.2728,0.7216,3.0999
75.2730,0.7797,3.3513
75.2732,0.8139,3.495
75.2734,0.8441,3.6213
75.2736,0.862,3.6997
75.2738,0.8614,3.704
75.2740,0.808,3.4713
75.2742,0.7775,3.3462
75.2744,0.6531,2.8163
75.2746,0.5585,2.4061
75.2748,0.5555,2.3943
75.2750,0.5571,2.4021
75.2752,0.633,2.7269
75.2754,0.6576,2.8301
75.2756,0.6827,2.9385
75.2758,0.6688,2.88
75.2760,0.6029,2.5996
75.2762,0.5675,2.446
75.2764,0.5713,2.4556
75.2766,0.7064,3.0388
75.2768,0.6758,2.9153
75.2770,0.5656,2.4388
75.2772,0.5469,2.3571
75.2774,0.5475,2.3619
75.2776,0.5409,2.3323
75.2778,0.5849,2.5162
75.2780,0.6761,2.9101
75.2782,0.6715,2.8927
75.2784,0.6466,2.7845
75.2786,0.6523,2.8087
75.2788,0.6336,2.7282
75.2790,0.6651,2.8613
75.2792,0.7187,3.0919
75.2794,0.6835,2.9402
75.2796,0.6983,3.0014
75.2798,0.7219,3.1015
75.2800,0.7468,3.2126
75.2802,0.757,3.2549
75.2804,0.7601,3.2699
75.2806,0.733,3.1503
75.2808,0.7255,3.1242
75.2810,0.6312,2.7166
75.2812,0.6317,2.7187
75.2814,0.6646,2.8566
75.2816,0.7584,3.2596
75.2818,0.764,3.2899
75.2820,0.6586,2.84
75.2822,0.6066,2.6108
75.2824,0.607,2.616
75.2826,0.5947,2.5621
75.2828,0.5775,2.4912
75.2830,0.4995,2.1549
75.2832,0.497,2.1431
75.2834,0.4944,2.1337
75.2836,0.4929,2.1245
75.2838,0.5645,2.4342
75.2840,0.5059,2.1803
75.2842,0.542,2.3359
75.2844,0.5494,2.3701
75.2846,0.4938,2.1291
75.2848,0.4891,2.108
75.2850,0.552,2.3793
75.2852,0.5909,2.5467
75.2854,0.6124,2.638
75.2856,0.5566,2.4001
75.2858,0.4974,2.1476
75.2860,0.4924,2.1244
75.2862,0.5037,2.172
75.2864,0.5024,2.1664
75.2866,0.5277,2.2744
75.2868,0.5668,2.4417
75.2870,0.6239,2.6876
75.2872,0.5873,2.5312
75.2874,0.5704,2.4572
75.2876,0.6374,2.7409
75.2878,0.7114,3.059
75.2880,0.6801,2.9258
75.2882,0.6915,2.9748
75.2884,0.7273,3.1276
75.2886,0.723,3.1076
75.2888,0.8313,3.563
75.2890,0.9537,4.0838
75.2892,0.9708,4.1587
75.2894,0.9578,4.1071
75.2896,0.9217,3.9541
75.2898,0.9287,3.9803
75.2900,0.9573,4.1031
75.2902,0.983,4.2072
75.2904,1.0579,4.53
75.2906,1.0379,4.4464
75.2908,0.9829,4.2125
75.2910,0.9886,4.2333
75.2912,1.0037,4.302
75.2914,0.947,4.0589
75.2916,0.9596,4.1109
75.2918,0.9875,4.2346
75.2920,1.0194,4.3693
75.2922,1.0387,4.4479
75.2924,1.032,4.4253
75.2926,1.0211,4.3744
75.2928,1.0116,4.3339
75.2930,0.9603,4.1275
75.2932,0.8363,3.5996
75.2934,0.8264,3.5452
75.2936,0.8878,3.8139
75.2938,0.8556,3.6724
75.2940,0.8765,3.7637
75.2942,0.8546,3.6661
75.2944,0.9095,3.9035
75.2946,0.8384,3.6067
75.2948,0.7851,3.3777
75.2950,0.8082,3.4735
75.2952,0.8471,3.6359
75.2954,0.9493,4.0743
75.2956,0.8971,3.8505
75.2958,0.9032,3.8731
75.2960,0.944,4.0517
75.2962,0.9493,4.0857
75.2964,0.7502,3.2276
75.2966,0.7411,3.1898
75.2968,0.7201,3.0995
75.2970,0.7528,3.2354
75.2972,0.8299,3.5618
75.2974,0.849,3.6458
75.2976,0.8609,3.6933
75.2978,0.8865,3.8064
75.2980,0.8387,3.6133
75.2982,0.7076,3.0496
75.2984,0.6735,2.9028
75.2986,0.6199,2.6755
75.2988,0.5318,2.2962
75.2990,0.5221,2.2543
75.2992,0.516,2.2258
75.2994,0.5095,2.1999
75.2996,0.5029,2.1724
75.2998,0.5532,2.3823
75.3000,0.6627,2.855
75.3002,0.6733,2.8977
75.3004,0.6872,2.9645
75.3006,0.5108,2.2036
75.3008,0.4809,2.0767
75.3010,0.4868,2.103
75.3012,0.497,2.1451
75.3014,0.4966,2.1445
75.3016,0.4923,2.1249
75.3018,0.533,2.2982
75.3020,0.5186,2.2372
75.3022,0.5403,2.3308
75.3024,0.5636,2.4312
75.3026,0.5621,2.425
75.3028,0.5588,2.4094
75.3030,0.566,2.4381
75.3032,0.604,2.6019
75.3034,0.6752,2.906
75.3036,0.7103,3.0529
75.3038,0.7598,3.2643
75.3040,0.777,3.3488
75.3042,0.5994,2.5858
75.3044,0.5728,2.4687
75.3046,0.5562,2.3996
75.3048,0.5411,2.3344
75.3050,0.5442,2.3457
75.3052,0.5425,2.339
75.3054,0.5564,2.399
75.3056,0.5434,2.3432
75.3058,0.5538,2.3882
75.3060,0.5596,2.413
75.3062,0.5535,2.3877
75.3064,0.5613,2.4169
75.3066,0.6975,3.0062
75.3068,0.5947,2.5633
75.3070,0.5498,2.3706
75.3072,0.5284,2.2775
75.3074,0.5709,2.4593
75.3076,0.5447,2.3521
75.3078,0.4689,2.0259
75.3080,0.4657,2.0081
75.3082,0.5082,2.1952
75.3084,0.4721,2.0365
75.3086,0.5189,2.2377
75.3088,0.4763,2.0555
75.3090,0.4724,2.0399
75.3092,0.4721,2.0384
75.3094,0.4512,1.9474
75.3096,0.449,1.9399
75.3098,0.4676,2.0174
75.3100,0.527,2.2723
75.3102,0.4905,2.1152
75.3104,0.5017,2.1643
75.3106,0.5029,2.1674
75.3108,0.552,2.3782
75.3110,0.5872,2.5295
75.3112,0.6329,2.7213
75.3114,0.6829,2.9418
75.3116,0.6152,2.6492
75.3118,0.6898,2.9607
75.3120,0.7958,3.4172
75.3122,0.8084,3.4696
75.3124,0.7785,3.3477
75.3126,0.6754,2.9084
75.3128,0.6271,2.6991
75.3130,0.618,2.6611
75.3132,0.6541,2.8139
75.3134,0.723,3.109
75.3136,0.6944,2.9858
75.3138,0.6999,3.0095
75.3140,0.7109,3.0541
75.3142,0.7976,3.4233
75.3144,0.7849,3.3735
75.3146,0.724,3.1175
75.3148,0.6883,2.965
75.3150,0.6167,2.6529
75.3152,0.6146,2.6454
75.3154,0.6127,2.6396
75.3156,0.6035,2.595
75.3158,0.6495,2.7956
75.3160,0.6658,2.8644
75.3162,0.6644,2.8569
75.3164,0.7019,3.0197
75.3166,0.6891,2.9645
75.3168,0.6725,2.9
75.3170,0.5439,2.3442
75.3172,0.5118,2.2057
75.3174,0.5096,2.1974
75.3176,0.5032,2.172
75.3178,0.4939,2.1316
75.3180,0.4971,2.1436
75.3182,0.544,2.3414
75.3184,0.5929,2.5579
75.3186,0.5359,2.3085
75.3188,0.5706,2.4605
75.3190,0.4783,2.0634
75.3192,0.4677,2.0179
75.3194,0.4656,2.0095
75.3196,0.4677,2.0179
75.3198,0.4755,2.0505
75.3200,0.5083,2.1917
75.3202,0.5432,2.3389
75.3204,0.6199,2.6681
75.3206,0.5766,2.4841
75.3208,0.5731,2.4668
75.3210,0.6181,2.6566
75.3212,0.723,3.1076
75.3214,0.7239,3.1126
75.3216,0.7427,3.1906
75.3218,0.7465,3.2086
75.3220,0.8044,3.4527
75.3222,0.8363,3.5879
75.3224,0.7604,3.2684
75.3226,0.7564,3.2448
75.3228,0.92,3.9414
75.3230,0.9807,4.2033
75.3232,0.9797,4.1972
75.3234,0.9994,4.2815
75.3236,0.9839,4.2113
75.3238,1.0612,4.5439
75.3240,1.0056,4.3142
75.3242,0.9107,3.9032
75.3244,0.9553,4.0943
75.3246,0.952,4.0786
75.3248,1.0138,4.3431
75.3250,0.9362,4.0201
75.3252,0.812,3.4835
75.3254,0.8213,3.5302
75.3256,0.7553,3.2507
75.3258,0.7237,3.1136
75.3260,0.733,3.1474
75.3262,0.8367,3.5928
75.3264,0.8405,3.6126
75.3266,0.801,3.4393
75.3268,0.798,3.4297
75.3270,0.7511,3.2327
75.3272,0.6808,2.9302
75.3274,0.6911,2.9719
75.3276,0.7213,3.1047
75.3278,0.7048,3.0335
75.3280,0.6724,2.8914
75.3282,0.7077,3.0459
75.3284,0.7237,3.115
75.3286,0.7029,3.028
75.3288,0.6672,2.8674
75.3290,0.7496,3.225
75.3292,0.7207,3.0992
75.3294,0.6765,2.9171
75.3296,0.6266,2.697
75.3298,0.7194,3.0921
75.3300,0.7453,3.2004
75.3302,0.8022,3.4493
75.3304,0.7383,3.1774
75.3306,0.6597,2.8434
75.3308,0.6652,2.8645
75.3310,0.7204,3.0977
75.3312,0.7667,3.2967
75.3314,0.7685,3.306
75.3316,0.7704,3.3111
75.3318,0.767,3.2936
75.3320,0.7668,3.3003
75.3322,0.6901,2.97
75.3324,0.6986,3.0066
75.3326,0.6701,2.883
75.3328,0.6903,2.9738
75.3330,0.7234,3.1106
75.3332,0.7668,3.2957
75.3334,0.7312,3.1426
75.3336,0.7946,3.4089
75.3338,0.8698,3.7384
75.3340,0.7507,3.2296
75.3342,0.7421,3.1895
75.3344,0.7975,3.4308
75.3346,0.733,3.1606
75.3348,0.6513,2.802
75.3350,0.702,3.0244
75.3352,0.6313,2.7209
75.3354,0.6215,2.6748
75.3356,0.6592,2.8374
75.3358,0.652,2.8103
75.3360,0.6391,2.7545
75.3362,0.6477,2.7865
75.3364,0.6998,3.0062
75.3366,0.7887,3.3916
75.3368,0.8052,3.4574
75.3370,0.8796,3.7771
75.3372,0.7518,3.2373
75.3374,0.6397,2.7571
75.3376,0.6243,2.6884
75.3378,0.6735,2.9015
75.3380,0.7017,3.0186
75.3382,0.7047,3.0301
75.3384,0.7275,3.1295
75.3386,0.7089,3.051
75.3388,0.6505,2.8023
75.3390,0.6253,2.6951
75.3392,0.6265,2.7015
75.3394,0.6178,2.66
75.3396,0.6164,2.6544
75.3398,0.702,3.0202
75.3400,0.7823,3.3684
75.3402,0.6596,2.8402
75.3404,0.6284,2.7098
75.3406,0.6046,2.6081
75.3408,0.6126,2.6354
75.3410,0.651,2.807
75.3412,0.5594,2.4119
75.3414,0.5444,2.3484
75.3416,0.5384,2.3215
75.3418,0.5359,2.3095
75.3420,0.5411,2.3323
75.3422,0.5482,2.3671
75.3424,0.5445,2.3489
75.3426,0.5393,2.3267
75.3428,0.5432,2.3411
75.3430,0.5481,2.359
75.3432,0.6273,2.7038
75.3434,0.5797,2.4975
75.3436,0.5445,2.35
75.3438,0.5426,2.3396
75.3440,0.5772,2.489
75.3442,0.5475,2.3608
75.3444,0.5544,2.3874
75.3446,0.6871,2.9571
75.3448,0.695,2.9856
75.3450,0.7948,3.4099
75.3452,0.8433,3.6245
75.3454,0.7462,3.2145
75.3456,0.6403,2.7584
75.3458,0.6287,2.707
75.3460,0.6312,2.7179
75.3462,0.6317,2.7237
75.3464,0.6396,2.7502
75.3466,0.7349,3.1571
75.3468,0.752,3.2353
75.3470,0.6968,2.9961
75.3472,0.7518,3.2373
75.3474,0.6989,3.0096
75.3476,0.6715,2.8913
75.3478,0.6495,2.793
75.3480,0.6921,2.9774
75.3482,0.6778,2.9201
75.3484,0.6067,2.6137
75.3486,0.6102,2.6287
75.3488,0.5855,2.5235
75.3490,0.5908,2.5486
75.3492,0.5895,2.5405
75.3494,0.5713,2.4648
75.3496,0.5006,2.1596
75.3498,0.5372,2.3141
75.3500,0.6004,2.5888
75.3502,0.5392,2.3229
75.3504,0.5265,2.2713
75.3506,0.5538,2.3871
75.3508,0.5926,2.5516
75.3510,0.6127,2.6396
75.3512,0.6155,2.6515
75.3514,0.6464,2.7808
75.3516,0.6691,2.8797
75.3518,0.6096,2.6261
75.3520,0.6271,2.6991
75.3522,0.6644,2.8635
75.3524,0.5936,2.5586
75.3526,0.5701,2.4562
75.3528,0.5742,2.4749
75.3530,0.5998,2.5826
75.3532,0.6317,2.7212
75.3534,0.597,2.5695
75.3536,0.6796,2.9169
75.3538,0.8242,3.5409
75.3540,0.7992,3.4316
75.3542,0.7808,3.356
75.3544,0.7917,3.3997
75.3546,0.8249,3.5407
75.3548,0.8173,3.5094
75.3550,0.802,3.4424
75.3552,0.8494,3.6457
75.3554,0.8848,3.7939
75.3556,0.8824,3.7907
75.3558,0.8374,3.5992
75.3560,0.8371,3.5943
75.3562,0.8385,3.6005
75.3564,0.8158,3.5032
75.3566,0.8465,3.635
75.3568,0.8676,3.7135
75.3570,0.9925,4.2517
75.3572,0.989,4.2388
75.3574,1.0091,4.3271
75.3576,0.9916,4.2481
75.3578,1.006,4.3077
75.3580,1.0242,4.3816
75.3582,1.0982,4.7025
75.3584,1.0439,4.4783
75.3586,0.8903,3.8336
75.3588,0.7562,3.2564
75.3590,0.7236,3.1145
75.3592,0.6588,2.8353
75.3594,0.6408,2.7604
75.3596,0.6353,2.7367
75.3598,0.6488,2.7886
75.3600,0.7019,3.0253
75.3602,0.6359,2.7405
75.3604,0.6627,2.855
75.3606,0.6439,2.7739
75.3608,0.6458,2.7847
75.3610,0.6514,2.8064
75.3612,0.6759,2.905
75.3614,0.7608,3.2699
75.3616,0.714,3.0746
75.3618,0.6761,2.9101
75.3620,0.6764,2.9152
75.3622,0.6339,2.7323
75.3624,0.6126,2.6403
75.3626,0.5832,2.5137
75.3628,0.6066,2.6144
75.3630,0.6064,2.6122
75.3632,0.648,2.785
75.3634,0.6887,2.9657
75.3636,0.6335,2.7302
75.3638,0.6299,2.7147
75.3640,0.6109,2.6318
75.3642,0.5796,2.4993
75.3644,0.5667,2.4435
75.3646,0.5666,2.4418
75.3648,0.5914,2.5441
75.3650,0.635,2.7382
75.3652,0.5701,2.4619
75.3654,0.5265,2.2703
75.3656,0.5484,2.3671
75.3658,0.4989,2.1544
75.3660,0.4878,2.1062
75.3662,0.4953,2.1349
75.3664,0.5642,2.4292
75.3666,0.6513,2.8046
75.3668,0.6211,2.677
75.3670,0.5945,2.5634
75.3672,0.627,2.6973
75.3674,0.6929,2.981
75.3676,0.698,3.0068
75.3678,0.6162,2.6546
75.3680,0.6114,2.6302
75.3682,0.6472,2.787
75.3684,0.5603,2.4194
75.3686,0.5035,2.175
75.3688,0.4554,1.9664
75.3690,0.4484,1.9364
75.3692,0.4375,1.8893
75.3694,0.424,1.8316
75.3696,0.4176,1.8042
75.3698,0.4163,1.7976
75.3700,0.426,1.8387
75.3702,0.4442,1.9165
75.3704,0.4595,1.9831
75.3706,0.4883,2.1053
75.3708,0.5345,2.3006
75.3710,0.5757,2.48
75.3712,0.6008,2.5884
75.3714,0.5959,2.5649
75.3716,0.5978,2.5743
75.3718,0.6022,2.5929
75.3720,0.5898,2.5386
75.3722,0.6076,2.6186
75.3724,0.5761,2.4832
75.3726,0.5637,2.426
75.3728,0.6219,2.6769
75.3730,0.6577,2.828
75.3732,0.707,3.0385
75.3734,0.6655,2.8682
75.3736,0.5549,2.3917
75.3738,0.6192,2.6662
75.3740,0.6528,2.8108
75.3742,0.5809,2.5038
75.3744,0.5841,2.5138
75.3746,0.6032,2.5964
75.3748,0.6183,2.6601
75.3750,0.6558,2.8211
75.3752,0.6513,2.8033
75.3754,0.5818,2.511
75.3756,0.5291,2.2795
75.3758,0.5595,2.4136
75.3760,0.4711,2.0324
75.3762,0.4769,2.0562
75.3764,0.5191,2.2372
75.3766,0.5414,2.3311
75.3768,0.5408,2.3275
75.3770,0.5746,2.4753
75.3772,0.5716,2.4635
75.3774,0.5638,2.4311
75.3776,0.5564,2.3968
75.3778,0.5596,2.4085
75.3780,0.6337,2.7262
75.3782,0.6458,2.7783
75.3784,0.6408,2.7592
75.3786,0.5757,2.4811
75.3788,0.5547,2.3918
75.3790,0.5343,2.305
75.3792,0.4604,1.9872
75.3794,0.4368,1.8853
75.3796,0.4255,1.8366
75.3798,0.433,1.8679
75.3800,0.4861,2.097
75.3802,0.4924,2.1215
75.3804,0.5447,2.35
75.3806,0.4873,2.1012
75.3808,0.5001,2.1565
75.3810,0.4957,2.1384
75.3812,0.4919,2.1199
75.3814,0.5426,2.3352
75.3816,0.5387,2.3209
75.3818,0.5253,2.2641
75.3820,0.5236,2.2568
75.3822,0.4947,2.1343
75.3824,0.4842,2.0887
75.3826,0.4848,2.0903
75.3828,0.4517,1.9504
75.3830,0.3865,1.6687
75.3832,0.382,1.6503
75.3834,0.3809,1.6441
75.3836,0.3775,1.6284
75.3838,0.376,1.6229
75.3840,0.4103,1.7685
75.3842,0.4385,1.8925
75.3844,0.3869,1.6708
75.3846,0.424,1.8282
75.3848,0.4622,1.9931
75.3850,0.4824,2.0781
75.3852,0.5312,2.2819
75.3854,0.6121,2.6358
75.3856,0.5096,2.1974
75.3858,0.5365,2.31
75.3860,0.5578,2.4041
75.3862,0.5104,2.199
75.3864,0.5034,2.1685
75.3866,0.5487,2.3604
75.3868,0.6299,2.7046
75.3870,0.7326,3.14
75.3872,0.8453,3.6265
75.3874,0.7763,3.3379
75.3876,0.7215,3.1038
75.3878,0.7126,3.0585
75.3880,0.7403,3.1818
75.3882,0.7205,3.0953
75.3884,0.768,3.2931
75.3886,0.8431,3.6116
75.3888,0.8819,3.7745
75.3890,0.9429,4.0471
75.3892,0.8243,3.5381
75.3894,0.7941,3.4068
75.3896,0.7945,3.41
75.3898,0.8145,3.491
75.3900,0.8691,3.7214
75.3902,0.8907,3.8227
75.3904,0.8241,3.5371
75.3906,0.8416,3.6122
75.3908,0.8409,3.6041
75.3910,0.8343,3.5758
75.3912,0.8606,3.6901
75.3914,0.8669,3.7191
75.3916,0.8571,3.6734
75.3918,0.8721,3.7394
75.3920,0.885,3.7932
75.3922,0.9209,3.9524
75.3924,0.8956,3.8438
75.3926,0.853,3.6611
75.3928,0.8444,3.6223
75.3930,0.8487,3.6358
75.3932,0.8966,3.8502
75.3934,0.8363,3.5879
75.3936,0.8721,3.7412
75.3938,0.8525,3.6607
75.3940,0.7649,3.292
75.3942,0.704,3.0256
75.3944,0.7167,3.0788
75.3946,0.7205,3.0982
75.3948,0.7315,3.1427
75.3950,0.8125,3.4823
75.3952,0.9125,3.9145
75.3954,0.9025,3.87
75.3956,0.9065,3.8924
75.3958,0.8291,3.5587
75.3960,0.8404,3.6087
75.3962,0.8257,3.5438
75.3964,0.8325,3.5731
75.3966,0.8631,3.7026
75.3968,0.8745,3.7497
75.3970,0.9427,4.0441
75.3972,0.9555,4.0992
75.3974,0.9114,3.9081
75.3976,0.8934,3.8292
75.3978,0.946,4.0567
75.3980,0.898,3.8577
75.3982,0.7576,3.262
75.3984,0.6812,2.9318
75.3986,0.6801,2.9285
75.3988,0.6915,2.9762
75.3990,0.7201,3.0995
75.3992,0.7149,3.0725
75.3994,0.7737,3.3271
75.3996,0.686,2.9511
75.3998,0.6841,2.9428
75.4000,0.7119,3.0596
75.4002,0.8145,3.4959
75.4004,0.8295,3.5685
75.4006,0.7102,3.0581
75.4008,0.6661,2.8614
75.4010,0.7403,3.1803
75.4012,0.8155,3.5016
75.4014,0.7591,3.2642
75.4016,0.7562,3.2518
75.4018,0.7601,3.2699
75.4020,0.723,3.1119
75.4022,0.6814,2.9328
75.4024,0.667,2.8722
75.4026,0.6749,2.9063
75.4028,0.6761,2.9101
75.4030,0.7031,3.0192
75.4032,0.8287,3.5599
75.4034,0.779,3.3482
75.4036,0.754,3.2451
75.4038,0.696,2.9902
75.4040,0.7534,3.241
75.4042,0.6718,2.8929
75.4044,0.6475,2.7881
75.4046,0.6433,2.7687
75.4048,0.6423,2.7684
75.4050,0.6475,2.7894
75.4052,0.6582,2.8314
75.4054,0.6597,2.8394
75.4056,0.667,2.8696
75.4058,0.6848,2.9459
75.4060,0.6761,2.9115
75.4062,0.659,2.839
75.4064,0.7718,3.3111
75.4066,0.8971,3.8541
75.4068,0.8261,3.5541
75.4070,0.7199,3.0985
75.4072,0.6477,2.7917
75.4074,0.5773,2.4907
75.4076,0.5371,2.3147
75.4078,0.5387,2.3241
75.4080,0.5405,2.3319
75.4082,0.5604,2.4155
75.4084,0.5501,2.3743
75.4086,0.5248,2.263
75.4088,0.5469,2.3571
75.4090,0.561,2.4169
75.4092,0.5498,2.3695
75.4094,0.5329,2.2977
75.4096,0.5321,2.2935
75.4098,0.6006,2.5862
75.4100,0.7145,3.071
75.4102,0.7919,3.4113
75.4104,0.6132,2.6429
75.4106,0.6028,2.5943
75.4108,0.6423,2.7633
75.4110,0.6577,2.8306
75.4112,0.6634,2.8528
75.4114,0.7203,3.0943
75.4116,0.7994,3.4326
75.4118,0.8173,3.5143
75.4120,0.7833,3.3699
75.4122,0.6568,2.8283
75.4124,0.6143,2.6475
75.4126,0.6174,2.6572
75.4128,0.6621,2.8471
75.4130,0.6694,2.8812
75.4132,0.6886,2.9624
75.4134,0.7402,3.1857
75.4136,0.6844,2.9416
75.4138,0.7089,3.0482
75.4140,0.6908,2.98
75.4142,0.515,2.2237
75.4144,0.4552,1.9636
75.4146,0.451,1.9482
75.4148,0.4378,1.8912
75.4150,0.4686,2.0206
75.4152,0.5712,2.462
75.4154,0.5838,2.5209
75.4156,0.4974,2.1446
75.4158,0.5199,2.2418
75.4160,0.5082,2.1912
75.4162,0.5543,2.3891
75.4164,0.5799,2.4957
75.4166,0.6373,2.7429
75.4168,0.6395,2.756
75.4170,0.5631,2.4302
75.4172,0.511,2.2036
75.4174,0.5014,2.1612
75.4176,0.5325,2.2961
75.4178,0.5971,2.57
75.4180,0.6459,2.7749
75.4182,0.7426,3.1945
75.4184,0.7094,3.0517
75.4186,0.6589,2.8424
75.4188,0.515,2.2217
75.4190,0.5061,2.1834
75.4192,0.4988,2.1508
75.4194,0.4988,2.1498
75.4196,0.5273,2.2728
75.4198,0.6001,2.5841
75.4200,0.6609,2.8406
75.4202,0.717,3.0818
75.4204,0.7699,3.3075
75.4206,0.795,3.42
75.4208,0.7447,3.2008
75.4210,0.7537,3.238
75.4212,0.766,3.289
75.4214,0.7735,3.3245
75.4216,0.7956,3.4146
75.4218,0.8221,3.5316
75.4220,0.8207,3.5259
75.4222,0.866,3.7097
75.4224,0.9595,4.1104
75.4226,0.9371,4.0181
75.4228,0.9326,3.9972
75.4230,0.9325,3.9967
75.4232,0.9419,4.0424
75.4234,0.9199,3.9464
75.4236,0.9658,4.1376
75.4238,1.0578,4.5253
75.4240,1.0505,4.4982
75.4242,1.023,4.3806
75.4244,1.0646,4.563
75.4246,0.9582,4.1143
75.4248,0.8377,3.6002
75.4250,0.8092,3.4749
75.4252,0.8715,3.7421
75.4254,0.8287,3.5583
75.4256,0.8475,3.6408
75.4258,0.8398,3.6062
75.4260,0.8455,3.6337
75.4262,0.8162,3.5113
75.4264,0.7389,3.1859
75.4266,0.6048,2.6043
75.4268,0.6603,2.8446
75.4270,0.6462,2.7824
75.4272,0.6279,2.7039
75.4274,0.6622,2.8463
75.4276,0.7553,3.2492
75.4278,0.7419,3.1885
75.4280,0.7501,3.227
75.4282,0.7444,3.2008
75.4284,0.7838,3.3704
75.4286,0.7585,3.2662
75.4288,0.6654,2.861
75.4290,0.747,3.2121
75.4292,0.7646,3.2864
75.4294,0.7721,3.3199
75.4296,0.7758,3.3374
75.4298,0.7656,3.2921
75.4300,0.7777,3.3503
75.4302,0.6445,2.7765
75.4304,0.6645,2.8547
75.4306,0.7989,3.4338
75.4308,0.7925,3.4107
75.4310,0.724,3.1175
75.4312,0.7302,3.137
75.4314,0.8257,3.5454
75.4316,0.8255,3.5515
75.4318,0.7637,3.2869
75.4320,0.6585,2.8382
75.4322,0.5778,2.4904
75.4324,0.5803,2.5013
75.4326,0.6072,2.6134
75.4328,0.6954,2.9946
75.4330,0.706,3.0372
75.4332,0.6975,3.0034
75.4334,0.6901,2.9686
75.4336,0.7323,3.1516
75.4338,0.7258,3.1223
75.4340,0.6681,2.8809
75.4342,0.6213,2.673
75.4344,0.6998,3.0118
75.4346,0.6796,2.9251
75.4348,0.6827,2.9385
75.4350,0.7204,3.1034
75.4352,0.6558,2.825
75.4354,0.6311,2.7173
75.4356,0.7112,3.0594
75.4358,0.7667,3.2936
75.4360,0.8169,3.5111
75.4362,0.8692,3.7288
75.4364,0.9157,3.9339
75.4366,0.8372,3.5999
75.4368,0.7453,3.2064
75.4370,0.7297,3.1408
75.4372,0.7092,3.0526
75.4374,0.7219,3.1058
75.4376,0.7255,3.1227
75.4378,0.7186,3.0899
75.4380,0.7469,3.2146
75.4382,0.663,2.8573
75.4384,0.6423,2.7672
75.4386,0.6408,2.7592
75.4388,0.6433,2.7687
75.4390,0.6462,2.7837
75.4392,0.6323,2.725
75.4394,0.6488,2.7912
75.4396,0.7119,3.0639
75.4398,0.6638,2.8583
75.4400,0.6386,2.7524
75.4402,0.618,2.6586
75.4404,0.6407,2.7638
75.4406,0.5589,2.4121
75.4408,0.5446,2.3516
75.4410,0.4731,2.043
75.4412,0.4525,1.9558
75.4414,0.4472,1.9321
75.4416,0.4506,1.9448
75.4418,0.4529,1.9555
75.4420,0.4555,1.9669
75.4422,0.453,1.9542
75.4424,0.4495,1.941
75.4426,0.4514,1.9502
75.4428,0.4525,1.954
75.4430,0.4529,1.9555
75.4432,0.4511,1.9487
75.4434,0.4496,1.9425
75.4436,0.45,1.9431
75.4438,0.4524,1.9535
75.4440,0.4814,2.0749
75.4442,0.4988,2.1548
75.4444,0.4971,2.1416
75.4446,0.6383,2.7458
75.4448,0.6737,2.8985
75.4450,0.6994,3.0088
75.4452,0.6686,2.8803
75.4454,0.5771,2.4838
75.4456,0.5992,2.5812
75.4458,0.5646,2.4324
75.4460,0.5621,2.4238
75.4462,0.5907,2.541
75.4464,0.6704,2.884
75.4466,0.6552,2.8224
75.4468,0.5747,2.4781
75.4470,0.5685,2.449
75.4472,0.5953,2.5635
75.4474,0.5824,2.51
75.4476,0.5948,2.5638
75.4478,0.6032,2.5964
75.4480,0.6086,2.622
75.4482,0.5989,2.5802
75.4484,0.6562,2.8205
75.4486,0.6843,2.9466
75.4488,0.661,2.8398
75.4490,0.7183,3.0918
75.4492,0.667,2.8722
75.4494,0.6248,2.6917
75.4496,0.6195,2.6678
75.4498,0.5968,2.5721
75.4500,0.5146,2.2181
75.4502,0.5288,2.278
75.4504,0.602,2.5912
75.4506,0.6263,2.6942
75.4508,0.6335,2.7251
75.4510,0.6831,2.9401
75.4512,0.6252,2.6895
75.4514,0.6206,2.6724
75.4516,0.5993,2.5817
75.4518,0.601,2.5853
75.4520,0.6703,2.8835
75.4522,0.639,2.754
75.4524,0.5753,2.4796
75.4526,0.5728,2.4687
75.4528,0.5872,2.5295
75.4530,0.6025,2.5981
75.4532,0.5814,2.5024
75.4534,0.6417,2.7594
75.4536,0.7017,3.0158
75.4538,0.7583,3.2621
75.4540,0.689,2.9626
75.4542,0.7073,3.0358
75.4544,0.8275,3.5548
75.4546,0.824,3.5382
75.4548,0.8276,3.5536
75.4550,0.7944,3.4094
75.4552,0.8264,3.5485
75.4554,0.7576,3.2469
75.4556,0.9049,3.8803
75.4558,0.9203,3.9461
75.4560,0.9651,4.1384
75.4562,0.959,4.1103
75.4564,0.9908,4.2405
75.4566,1.0108,4.3303
75.4568,1.0044,4.3071
75.4570,0.9941,4.2529
75.4572,1.0257,4.394
75.4574,0.9977,4.2783
75.4576,1.0192,4.3642
75.4578,1.0375,4.4407
75.4580,1.0562,4.5334
75.4582,0.9083,3.9002
75.4584,0.8233,3.5368
75.4586,0.8285,3.5561
75.4588,0.8248,3.5534
75.4590,0.6895,2.9688
75.4592,0.6654,2.8623
75.4594,0.6583,2.8332
75.4596,0.6971,3.0004
75.4598,0.7209,3.1012
75.4600,0.665,2.8595
75.4602,0.6972,3.0023
75.4604,0.6896,2.9679
75.4606,0.7444,3.2053
75.4608,0.6994,3.0074
75.4610,0.8038,3.4581
75.4612,0.7606,3.2719
75.4614,0.7108,3.0607
75.4616,0.7132,3.0639
75.4618,0.7987,3.436
75.4620,0.7517,3.2337
75.4622,0.6608,2.848
75.4624,0.6137,2.6449
75.4626,0.6377,2.747
75.4628,0.6643,2.8564
75.4630,0.7347,3.1546
75.4632,0.7213,3.1061
75.4634,0.6657,2.8639
75.4636,0.692,2.9769
75.4638,0.7375,3.1714
75.4640,0.6657,2.8719
75.4642,0.5757,2.4823
75.4644,0.6239,2.6851
75.4646,0.6612,2.8456
75.4648,0.6634,2.8594
75.4650,0.6784,2.9199
75.4652,0.6813,2.9323
75.4654,0.6824,2.9383
75.4656,0.633,2.7307
75.4658,0.5901,2.5431
75.4660,0.6266,2.6957
75.4662,0.6535,2.8126
75.4664,0.6453,2.7814
75.4666,0.5678,2.447
75.4668,0.561,2.4181
75.4670,0.5625,2.4243
75.4672,0.5645,2.4308
75.4674,0.6377,2.747
75.4676,0.6637,2.8578
75.4678,0.6815,2.9347
75.4680,0.6326,2.7266
75.4682,0.6107,2.6308
75.4684,0.657,2.8276
75.4686,0.6436,2.7703
75.4688,0.651,2.8017
75.4690,0.7216,3.1043
75.4692,0.7397,3.1792
75.4694,0.7626,3.2746
75.4696,0.8028,3.4503
75.4698,0.776,3.3369
75.4700,0.7107,3.0587
75.4702,0.6389,2.7496
75.4704,0.6782,2.9216
75.4706,0.7172,3.0866
75.4708,0.7225,3.107
75.4710,0.7273,3.129
75.4712,0.7319,3.1486
75.4714,0.7459,3.2045
75.4716,0.758,3.2596
75.4718,0.7626,3.2822
75.4720,0.7673,3.2962
75.4722,0.7996,3.4385
75.4724,0.7622,3.2807
75.4726,0.7534,3.2349
75.4728,0.8354,3.5838
75.4730,0.8943,3.8328
75.4732,0.9243,3.9618
75.4734,0.9211,3.9534
75.4736,0.8783,3.7732
75.4738,0.8638,3.7057
75.4740,0.8891,3.816
75.4742,0.8574,3.6887
75.4744,0.6999,3.0179
75.4746,0.5652,2.4361
75.4748,0.5535,2.3866
75.4750,0.5676,2.4476
75.4752,0.561,2.4214
75.4754,0.5724,2.4649
75.4756,0.6369,2.7465
75.4758,0.6104,2.6334
75.4760,0.5562,2.3963
75.4762,0.6138,2.6418
75.4764,0.6067,2.6162
75.4766,0.5596,2.4096
75.4768,0.6179,2.6618
75.4770,0.6494,2.7976
75.4772,0.6524,2.8092
75.4774,0.6498,2.7953
75.4776,0.7064,3.0359
75.4778,0.7958,3.4188
75.4780,0.8176,3.5125
75.4782,0.7797,3.3513
75.4784,0.7589,3.2647
75.4786,0.7348,3.1595
75.4788,0.7062,3.0411
75.4790,0.6421,2.7636
75.4792,0.6454,2.778
75.4794,0.7552,3.2472
75.4796,0.7729,3.322
75.4798,0.7176,3.0901
75.4800,0.7133,3.0715
75.4802,0.6855,2.9517
75.4804,0.67,2.8838
75.4806,0.7235,3.114
75.4808,0.7199,3.097
75.4810,0.6863,2.954
75.4812,0.7324,3.1507
75.4814,0.7266,3.1317
75.4816,0.6072,2.617
75.4818,0.568,2.4503
75.4820,0.5616,2.4229
75.4822,0.5613,2.4202
75.4824,0.5642,2.4315
75.4826,0.5612,2.4197
75.4828,0.5987,2.5779
75.4830,0.6572,2.8325
75.4832,0.5837,2.5169
75.4834,0.5645,2.433
75.4836,0.6263,2.6992
75.4838,0.624,2.6894
75.4840,0.6049,2.6048
75.4842,0.6163,2.6563
75.4844,0.5386,2.3257
75.4846,0.494,2.1312
75.4848,0.4924,2.1234
75.4850,0.505,2.1797
75.4852,0.4975,2.1491
75.4854,0.4887,2.1103
75.4856,0.4896,2.112
75.4858,0.4885,2.1093
75.4860,0.491,2.1182
75.4862,0.5552,2.3916
75.4864,0.5373,2.3179
75.4866,0.5248,2.263
75.4868,0.5634,2.4273
75.4870,0.6076,2.6161
75.4872,0.6068,2.6179
75.4874,0.5734,2.4701
75.4876,0.6555,2.8174
75.4878,0.7492,3.2169
75.4880,0.7758,3.3312
75.4882,0.7944,3.4078
75.4884,0.8845,3.7947
75.4886,0.8723,3.7457
75.4888,0.869,3.7278
75.4890,0.9152,3.9209
75.4892,0.9827,4.212
75.4894,1.0016,4.2927
75.4896,0.9935,4.2563
75.4898,1.0098,4.3262
75.4900,1.0127,4.3385
75.4902,1.0541,4.522
75.4904,0.9819,4.2065
75.4906,0.9984,4.2754
75.4908,1.0282,4.4027
75.4910,1.0727,4.5932
75.4912,1.0592,4.542
75.4914,0.9468,4.0635
75.4916,0.8899,3.8249
75.4918,0.8871,3.8055
75.4920,0.9541,4.0949
75.4922,0.9014,3.8654
75.4924,0.9291,3.9879
75.4926,0.9091,3.9001
75.4928,0.974,4.1726
75.4930,1.0182,4.3682
75.4932,0.9309,3.9956
75.4934,0.8008,3.4468
75.4936,0.7191,3.0978
75.4938,0.6905,2.972
75.4940,0.6903,2.971
75.4942,0.7319,3.1457
75.4944,0.8043,3.4618
75.4946,0.7672,3.3018
75.4948,0.717,3.0875
75.4950,0.7245,3.1195
75.4952,0.7556,3.2493
75.4954,0.842,3.6154
75.4956,0.8325,3.5798
75.4958,0.7819,3.3653
75.4960,0.7579,3.2621
75.4962,0.7327,3.1552
75.4964,0.6836,2.9462
75.4966,0.6944,2.9969
75.4968,0.5853,2.5236
75.4970,0.6169,2.6589
75.4972,0.6622,2.8516
75.4974,0.6251,2.6953
75.4976,0.5868,2.5303
75.4978,0.6356,2.737
75.4980,0.6908,2.9731
75.4982,0.7293,3.1387
75.4984,0.665,2.8688
75.4986,0.5866,2.527
75.4988,0.6197,2.6683
75.4990,0.66,2.8484
75.4992,0.5294,2.2848
75.4994,0.5062,2.1839
75.4996,0.5525,2.3847
75.4998,0.5295,2.2864
75.5000,0.5132,2.2149
75.5002,0.4975,2.1462
75.5004,0.4812,2.0768
75.5006,0.4909,2.1187
75.5008,0.4849,2.0909
75.5010,0.5079,2.1891
75.5012,0.5646,2.4381
75.5014,0.4646,2.01
75.5016,0.4013,1.7345
75.5018,0.4059,1.7518
75.5020,0.4537,1.9601
75.5022,0.4458,1.9259
75.5024,0.4411,1.9048
75.5026,0.4452,1.9206
75.5028,0.4468,1.9282
75.5030,0.4478,1.9365
75.5032,0.4447,1.9212
75.5034,0.4429,1.9117
75.5036,0.4464,1.9276
75.5038,0.4488,1.9379
75.5040,0.448,1.9352
75.5042,0.4462,1.9257
75.5044,0.445,1.9205
75.5046,0.447,1.9293
75.5048,0.4493,1.9391
75.5050,0.4622,1.9959
75.5052,0.4517,1.9504
75.5054,0.4441,1.9169
75.5056,0.4418,1.9079
75.5058,0.4483,1.9359
75.5060,0.449,1.9381
75.5062,0.4801,2.0673
75.5064,0.52,2.2392
75.5066,0.5499,2.37
75.5068,0.5378,2.3221
75.5070,0.4658,2.0124
75.5072,0.4514,1.9484
75.5074,0.4504,1.9429
75.5076,0.4562,1.9682
75.5078,0.4532,1.9562
75.5080,0.4731,2.0393
75.5082,0.5385,2.3134
75.5084,0.6264,2.6997
75.5086,0.5071,2.1896
75.5088,0.4481,1.933
75.5090,0.4552,1.9645
75.5092,0.4667,2.0132
75.5094,0.4725,2.0386
75.5096,0.4578,1.9749
75.5098,0.4596,1.9827
75.5100,0.4721,2.0365
75.5102,0.5014,2.1612
75.5104,0.5544,2.3885
75.5106,0.5753,2.4773
75.5108,0.5936,2.5539
75.5110,0.6657,2.8626
75.5112,0.7134,3.0663
75.5114,0.6853,2.9466
75.5116,0.6213,2.673
75.5118,0.6679,2.8692
75.5120,0.7651,3.2869
75.5122,0.7408,3.1824
75.5124,0.7624,3.2781
75.5126,0.7371,3.1752
75.5128,0.5986,2.575
75.5130,0.6025,2.5933
75.5132,0.6586,2.8321
75.5134,0.6941,2.9834
75.5136,0.7066,3.0384
75.5138,0.6689,2.8805
75.5140,0.6308,2.715
75.5142,0.6578,2.8298
75.5144,0.5863,2.5259
75.5146,0.5195,2.2393
75.5148,0.5192,2.2377
75.5150,0.5399,2.3249
75.5152,0.5507,2.3736
75.5154,0.5056,2.1793
75.5156,0.5565,2.3984
75.5158,0.5392,2.3218
75.5160,0.5448,2.3461
75.5162,0.5049,2.1802
75.5164,0.4145,1.789
75.5166,0.4068,1.7543
75.5168,0.4966,2.1376
75.5170,0.5604,2.4144
75.5172,0.5921,2.5495
75.5174,0.6038,2.5941
75.5176,0.7067,3.0417
75.5178,0.6429,2.7672
75.5180,0.6215,2.6723
75.5182,0.6752,2.8979
75.5184,0.7755,3.3255
75.5186,0.8589,3.6846
75.5188,0.8095,3.4743
75.5190,0.7538,3.24
75.5192,0.6742,2.9032
75.5194,0.5835,2.5124
75.5196,0.5769,2.4817
75.5198,0.6176,2.657
75.5200,0.6573,2.8278
75.5202,0.6761,2.902
75.5204,0.7543,3.2406
75.5206,0.749,3.2224
75.5208,0.6902,2.9691
75.5210,0.6873,2.954
75.5212,0.7778,3.3337
75.5214,0.8218,3.5256
75.5216,0.8482,3.6354
75.5218,0.9237,3.9592
75.5220,0.9161,3.9208
75.5222,0.9811,4.2068
75.5224,0.9259,3.974
75.5226,0.8962,3.8446
75.5228,0.9259,3.9629
75.5230,1.0522,4.5012
75.5232,1.0523,4.4954
75.5234,1.1283,4.8246
75.5236,1.1079,4.7419
75.5238,1.0486,4.4921
75.5240,1.036,4.4298
75.5242,1.0374,4.4526
75.5244,0.9368,4.0208
75.5246,0.8883,3.8142
75.5248,0.8704,3.734
75.5250,0.889,3.8119
75.5252,0.8851,3.8008
75.5254,0.9078,3.8999
75.5256,0.8011,3.4447
75.5258,0.7216,3.0999
75.5260,0.7638,3.2797
75.5262,0.8414,3.6112
75.5264,0.8481,3.6451
75.5266,0.8283,3.5584
75.5268,0.8664,3.7205
75.5270,0.8332,3.5812
75.5272,0.7385,3.1814
75.5274,0.7031,3.0192
75.5276,0.8547,3.6666
75.5278,0.8373,3.597
75.5280,0.797,3.4239
75.5282,0.8443,3.6269
75.5284,0.8776,3.7683
75.5286,0.8747,3.7542
75.5288,0.8531,3.6667
75.5290,0.8592,3.6827
75.5292,0.918,3.9419
75.5294,0.855,3.675
75.5296,0.7861,3.3771
75.5298,0.8753,3.7533
75.5300,0.8964,3.8546
75.5302,0.8348,3.5862
75.5304,0.8724,3.748
75.5306,0.8431,3.6201
75.5308,0.8524,3.6602
75.5310,0.8293,3.5642
75.5312,0.7878,3.3859
75.5314,0.8043,3.4586
75.5316,0.8399,3.61
75.5318,0.8061,3.4631
75.5320,0.8337,3.5832
75.5322,0.8336,3.5811
75.5324,0.847,3.6404
75.5326,0.8249,3.5456
75.5328,0.7657,3.2956
75.5330,0.7565,3.2574
75.5332,0.7526,3.2379
75.5334,0.7771,3.3415
75.5336,0.7686,3.308
75.5338,0.6907,2.9781
75.5340,0.6186,2.6674
75.5342,0.6047,2.6062
75.5344,0.6077,2.6215
75.5346,0.6055,2.6122
75.5348,0.6337,2.7249
75.5350,0.7678,3.2998
75.5352,0.8002,3.4379
75.5354,0.8084,3.4713
75.5356,0.8642,3.7193
75.5358,0.739,3.182
75.5360,0.7071,3.0433
75.5362,0.7064,3.0416
75.5364,0.7333,3.1548
75.5366,0.8178,3.5114
75.5368,0.8472,3.6415
75.5370,0.8041,3.4576
75.5372,0.7423,3.1935
75.5374,0.708,3.0502
75.5376,0.7072,3.0438
75.5378,0.7442,3.1988
75.5380,0.774,3.3297
75.5382,0.7656,3.2921
75.5384,0.7794,3.3529
75.5386,0.7223,3.1074
75.5388,0.6909,2.9736
75.5390,0.691,2.9727
75.5392,0.7345,3.1585
75.5394,0.7633,3.2853
75.5396,0.723,3.1191
75.5398,0.6257,2.6929
75.5400,0.6814,2.9369
75.5402,0.5753,2.4807
75.5404,0.5428,2.3406
75.5406,0.5432,2.3411
75.5408,0.5445,2.3489
75.5410,0.542,2.3391
75.5412,0.5415,2.336
75.5414,0.5336,2.3029
75.5416,0.5261,2.2719
75.5418,0.5296,2.2858
75.5420,0.5272,2.2723
75.5422,0.5302,2.2852
75.5424,0.5294,2.2816
75.5426,0.5342,2.3023
75.5428,0.5755,2.4806
75.5430,0.6195,2.6703
75.5432,0.5668,2.444
75.5434,0.5312,2.2904
75.5436,0.5294,2.2827
75.5438,0.5318,2.2941
75.5440,0.5357,2.3058
75.5442,0.6568,2.8231
75.5444,0.7061,3.0391
75.5446,0.6775,2.9158
75.5448,0.7313,3.1461
75.5450,0.7833,3.3668
75.5452,0.7664,3.2987
75.5454,0.6746,2.9061
75.5456,0.6368,2.7396
75.5458,0.6885,2.9647
75.5460,0.7035,3.0264
75.5462,0.7482,3.2248
75.5464,0.6727,2.8952
75.5466,0.6869,2.9579
75.5468,0.6721,2.8953
75.5470,0.6638,2.8583
75.5472,0.6577,2.8306
75.5474,0.6669,2.8691
75.5476,0.6911,2.976
75.5478,0.6917,2.98
75.5480,0.6805,2.9287
75.5482,0.6602,2.8428
75.5484,0.6746,2.9048
75.5486,0.6795,2.9273
75.5488,0.6233,2.685
75.5490,0.5808,2.5045
75.5492,0.5989,2.5778
75.5494,0.6849,2.9464
75.5496,0.6886,2.9638
75.5498,0.742,3.1905
75.5500,0.7365,3.1668
75.5502,0.7681,3.3013
75.5504,0.798,3.4233
75.5506,0.8308,3.5692
75.5508,0.8246,3.5375
75.5510,0.9259,3.9758
75.5512,0.9094,3.9012
75.5514,0.9405,4.033
75.5516,0.9615,4.1249
75.5518,0.9349,4.0145
75.5520,0.8398,3.6078
75.5522,0.8367,3.5961
75.5524,0.8355,3.586
75.5526,0.9456,4.0508
75.5528,0.9729,4.1738
75.5530,0.9289,3.9906
75.5532,0.876,3.7599
75.5534,0.8469,3.6399
75.5536,0.7754,3.3328
75.5538,0.751,3.2306
75.5540,0.7535,3.243
75.5542,0.7739,3.3214
75.5544,0.871,3.7383
75.5546,0.869,3.7313
75.5548,0.8838,3.7969
75.5550,0.8731,3.751
75.5552,0.869,3.7278
75.5554,0.9,3.8682
75.5556,0.8321,3.5765
75.5558,0.851,3.6574
75.5560,0.8375,3.6014
75.5562,0.7676,3.2977
75.5564,0.8074,3.4623
75.5566,0.9228,3.9625
75.5568,0.8937,3.8338
75.5570,0.9022,3.8739
75.5572,0.8476,3.6515
75.5574,0.7156,3.0813
75.5576,0.7386,3.176
75.5578,0.794,3.4142
75.5580,0.7464,3.214
75.5582,0.6649,2.8629
75.5584,0.713,3.0657
75.5586,0.8423,3.6203
75.5588,0.8252,3.5466
75.5590,0.8035,3.4566
75.5592,0.8218,3.5322
75.5594,0.81,3.478
75.5596,0.8339,3.5859
75.5598,0.8054,3.4664
75.5600,0.7594,3.2683
75.5602,0.7372,3.1713
75.5604,0.7405,3.1858
75.5606,0.7741,3.3302
75.5608,0.8102,3.4822
75.5610,0.8288,3.5621
75.5612,0.8266,3.5561
75.5614,0.7652,3.2936
75.5616,0.6978,3.0063
75.5618,0.6934,2.99
75.5620,0.6421,2.7661
75.5622,0.6459,2.7814
75.5624,0.6375,2.7465
75.5626,0.7108,3.0578
75.5628,0.8139,3.508
75.5630,0.6353,2.738
75.5632,0.6106,2.6303
75.5634,0.6426,2.7695
75.5636,0.6425,2.7754
75.5638,0.5073,2.1886
75.5640,0.5187,2.2408
75.5642,0.5193,2.2434
75.5644,0.5145,2.2217
75.5646,0.5012,2.1602
75.5648,0.6061,2.6136
75.5650,0.5504,2.3765
75.5652,0.4734,2.046
75.5654,0.4371,1.8863
75.5656,0.5156,2.2243
75.5658,0.5675,2.4471
75.5660,0.6089,2.6206
75.5662,0.6667,2.872
75.5664,0.641,2.7653
75.5666,0.545,2.3532
75.5668,0.514,2.2175
75.5670,0.5875,2.5299
75.5672,0.6204,2.6751
75.5674,0.6182,2.6658
75.5676,0.6062,2.6141
75.5678,0.5259,2.2677
75.5680,0.5454,2.3541
75.5682,0.4982,2.1512
75.5684,0.4911,2.1197
75.5686,0.5023,2.1668
75.5688,0.5306,2.2921
75.5690,0.4781,2.0633
75.5692,0.4764,2.057
75.5694,0.4763,2.0565
75.5696,0.5243,2.2568
75.5698,0.6201,2.6728
75.5700,0.5854,2.5206
75.5702,0.6212,2.6725
75.5704,0.6728,2.8997
75.5706,0.6194,2.6697
75.5708,0.6131,2.6399
75.5710,0.574,2.4739
75.5712,0.5841,2.5185
75.5714,0.6162,2.6521
75.5716,0.6353,2.7392
75.5718,0.5417,2.337
75.5720,0.5277,2.2776
75.5722,0.5359,2.3085
75.5724,0.579,2.4944
75.5726,0.629,2.7111
75.5728,0.6283,2.7067
75.5730,0.6414,2.7579
75.5732,0.6633,2.8589
75.5734,0.6297,2.7142
75.5736,0.5812,2.5072
75.5738,0.4699,2.0281
75.5740,0.4568,1.9735
75.5742,0.4548,1.9647
75.5744,0.458,1.976
75.5746,0.4597,1.9823
75.5748,0.4691,2.0245
75.5750,0.4577,1.9772
75.5752,0.4554,1.9664
75.5754,0.4572,1.9733
75.5756,0.4608,1.9879
75.5758,0.4669,2.0133
75.5760,0.5373,2.3157
75.5762,0.5224,2.2527
75.5764,0.5417,2.3327
75.5766,0.5898,2.5409
75.5768,0.5867,2.5275
75.5770,0.5499,2.3733
75.5772,0.5296,2.2805
75.5774,0.551,2.378
75.5776,0.4697,2.0271
75.5778,0.5031,2.1654
75.5780,0.6181,2.6566
75.5782,0.6902,2.9636
75.5784,0.689,2.9653
75.5786,0.7062,3.0425
75.5788,0.5974,2.577
75.5790,0.4957,2.1384
75.5792,0.4606,1.9868
75.5794,0.4608,1.9879
75.5796,0.4661,2.0078
75.5798,0.5407,2.328
75.5800,0.5399,2.326
75.5802,0.5532,2.3856
75.5804,0.4928,2.127
75.5806,0.4644,2.0034
75.5808,0.457,1.9713
75.5810,0.4572,1.9733
75.5812,0.4565,1.9692
75.5814,0.4567,1.9694
75.5816,0.4519,1.9496
75.5818,0.4472,1.9303
75.5820,0.4189,1.8082
75.5822,0.4462,1.9239
75.5824,0.4793,2.0685
75.5826,0.4981,2.1458
75.5828,0.5222,2.2506
75.5830,0.4862,2.0966
75.5832,0.5415,2.3295
75.5834,0.604,2.5994
75.5836,0.5896,2.5375
75.5838,0.6434,2.7679
75.5840,0.6682,2.8734
75.5842,0.6293,2.7083
75.5844,0.5964,2.5705
75.5846,0.5956,2.5609
75.5848,0.6625,2.8486
75.5850,0.6565,2.8242
75.5852,0.6528,2.8082
75.5854,0.6654,2.857
75.5856,0.7289,3.1299
75.5858,0.6946,2.9938
75.5860,0.5513,2.3784
75.5862,0.4755,2.0505
75.5864,0.4746,2.0455
75.5866,0.5037,2.171
75.5868,0.5399,2.3249
75.5870,0.5908,2.5427
75.5872,0.5613,2.4191
75.5874,0.5905,2.5416
75.5876,0.6433,2.7649
75.5878,0.7013,3.0115
75.5880,0.7982,3.4243
75.5882,0.827,3.5461
75.5884,0.798,3.4265
75.5886,0.7863,3.3781
75.5888,0.7895,3.3899
75.5890,0.8148,3.4953
75.5892,0.8736,3.7479
75.5894,0.9143,3.9204
75.5896,0.9106,3.9008
75.5898,0.9489,4.0633
75.5900,0.9196,3.9394
75.5902,0.9211,3.946
75.5904,0.941,4.0313
75.5906,1.0253,4.3945
75.5908,1.0356,4.4304
75.5910,1.0264,4.3929
75.5912,1.0433,4.4632
75.5914,1.0556,4.5203
75.5916,1.01,4.3246
75.5918,0.9241,3.9663
75.5920,0.815,3.498
75.5922,0.8295,3.5652
75.5924,0.8348,3.5845
75.5926,0.8542,3.6645
75.5928,0.8983,3.8538
75.5930,0.8727,3.7437
75.5932,0.9086,3.8999
75.5934,0.8668,3.7203
75.5936,0.8544,3.6638
75.5938,0.9231,3.9585
75.5940,0.9511,4.0802
75.5942,0.9466,4.0554
75.5944,0.9819,4.2084
75.5946,0.9366,4.0142
75.5948,0.9445,4.0538
75.5950,0.8555,3.6753
75.5952,0.8866,3.8034
75.5954,0.9295,3.9913
75.5956,0.8229,3.5418
75.5958,0.7519,3.2318
75.5960,0.8101,3.4769
75.5962,0.8502,3.651
75.5964,0.8504,3.6532
75.5966,0.8139,3.5015
75.5968,0.7343,3.1604
75.5970,0.7007,3.0131
75.5972,0.7642,3.2889
75.5974,0.7423,3.192
75.5976,0.7572,3.256
75.5978,0.8035,3.4502
75.5980,0.807,3.4715
75.5982,0.7664,3.3003
75.5984,0.7082,3.0493
75.5986,0.7362,3.1672
75.5988,0.7321,3.1511
75.5990,0.6929,2.9838
75.5992,0.7431,3.1936
75.5994,0.798,3.4329
75.5996,0.748,3.2163
75.5998,0.7187,3.0933
75.6000,0.702,3.0216
75.6002,0.7136,3.074
75.6004,0.6719,2.8894
75.6006,0.7156,3.0813
75.6008,0.6837,2.9454
75.6010,0.6926,2.9767
75.6012,0.7558,3.2467
75.6014,0.7585,3.2601
75.6016,0.7466,3.2106
75.6018,0.747,3.2151
75.6020,0.7365,3.1697
75.6022,0.736,3.1647
75.6024,0.7342,3.1584
75.6026,0.7851,3.3729
75.6028,0.8182,3.5135
75.6030,0.8265,3.549
75.6032,0.7559,3.2563
75.6034,0.6597,2.8447
75.6036,0.65,2.8002
75.6038,0.6731,2.8959
75.6040,0.698,3.004
75.6042,0.6978,3.0021
75.6044,0.7022,3.0207
75.6046,0.7089,3.0496
75.6048,0.7154,3.0817
75.6050,0.6859,2.9533
75.6052,0.7176,3.0887
75.6054,0.6743,2.9024
75.6056,0.6571,2.8307
75.6058,0.654,2.8146
75.6060,0.7269,3.1241
75.6062,0.7419,3.1974
75.6064,0.6341,2.7341
75.6066,0.6089,2.6243
75.6068,0.6155,2.6515
75.6070,0.5956,2.5693
75.6072,0.5492,2.368
75.6074,0.5459,2.3529
75.6076,0.5499,2.3711
75.6078,0.5502,2.3727
75.6080,0.5848,2.5204
75.6082,0.5892,2.5419
75.6084,0.5547,2.3918
75.6086,0.5574,2.4059
75.6088,0.5486,2.3654
75.6090,0.5401,2.3287
75.6092,0.5713,2.4556
75.6094,0.747,3.2136
75.6096,0.6835,2.9471
75.6098,0.586,2.5256
75.6100,0.6227,2.6762
75.6102,0.729,3.1333
75.6104,0.769,3.308
75.6106,0.7767,3.3369
75.6108,0.8122,3.4894
75.6110,0.8118,3.4857
75.6112,0.8227,3.5325
75.6114,0.8498,3.6506
75.6116,0.8508,3.6569
75.6118,0.7838,3.372
75.6120,0.759,3.2576
75.6122,0.821,3.5253
75.6124,0.8408,3.612
75.6126,0.8308,3.5675
75.6128,0.8088,3.4793
75.6130,0.7766,3.3395
75.6132,0.7366,3.1761
75.6134,0.6357,2.7388
75.6136,0.6329,2.7238
75.6138,0.6258,2.6971
75.6140,0.6264,2.6997
75.6142,0.6216,2.6778
75.6144,0.6194,2.666
75.6146,0.6146,2.6491
75.6148,0.6456,2.7811
75.6150,0.6845,2.9462
75.6152,0.6851,2.9461
75.6154,0.6848,2.95
75.6156,0.6201,2.6728
75.6158,0.6149,2.6501
75.6160,0.5947,2.5645
75.6162,0.6089,2.6218
75.6164,0.683,2.9354
75.6166,0.7576,3.2545
75.6168,0.7566,3.2534
75.6170,0.7303,3.139
75.6172,0.6735,2.9028
75.6174,0.6004,2.5888
75.6176,0.5395,2.3272
75.6178,0.5249,2.2625
75.6180,0.5648,2.4352
75.6182,0.5885,2.5388
75.6184,0.5766,2.4852
75.6186,0.5915,2.547
75.6188,0.6055,2.6086
75.6190,0.6195,2.6703
75.6192,0.5554,2.396
75.6194,0.5047,2.1782
75.6196,0.5183,2.2362
75.6198,0.5444,2.3473
75.6200,0.6074,2.6108
75.6202,0.6848,2.9514
75.6204,0.5872,2.5295
75.6206,0.6297,2.7079
75.6208,0.7543,3.2436
75.6210,0.7562,3.2518
75.6212,0.7417,3.1909
75.6214,0.726,3.1205
75.6216,0.8213,3.5236
75.6218,0.8809,3.7792
75.6220,0.8867,3.8022
75.6222,0.9279,3.9827
75.6224,0.913,3.9184
75.6226,0.8896,3.8181
75.6228,0.8801,3.7774
75.6230,0.8907,3.8245
75.6232,0.8702,3.7364
75.6234,0.8636,3.7047
75.6236,0.8805,3.7807
75.6238,0.8685,3.731
75.6240,0.8329,3.5796
75.6242,0.8002,3.4363
75.6244,0.8411,3.6152
75.6246,0.8301,3.5678
75.6248,0.7896,3.392
75.6250,0.7582,3.254
75.6252,0.8341,3.5865
75.6254,0.7549,3.2492
75.6256,0.7437,3.1962
75.6258,0.7764,3.3416
75.6260,0.733,3.1562
75.6262,0.7206,3.0987
75.6264,0.6925,2.9817
75.6266,0.7221,3.1049
75.6268,0.779,3.3545
75.6270,0.7216,3.1057
75.6272,0.7032,3.0253
75.6274,0.7573,3.255
75.6276,0.8385,3.6039
75.6278,0.7855,3.3792
75.6280,0.7151,3.0807
75.6282,0.6789,2.9261
75.6284,0.6642,2.8625
75.6286,0.6198,2.6738
75.6288,0.544,2.3447
75.6290,0.5998,2.5814
75.6292,0.6562,2.8245
75.6294,0.7213,3.1032
75.6296,0.7332,3.1572
75.6298,0.7048,3.0335
75.6300,0.7228,3.1138
75.6302,0.6498,2.7953
75.6304,0.7219,3.1101
75.6306,0.6477,2.7917
75.6308,0.6195,2.6678
75.6310,0.6648,2.8598
75.6312,0.7523,3.2363
75.6314,0.7339,3.1559
75.6316,0.6928,2.9819
75.6318,0.655,2.8193
75.6320,0.6856,2.955
75.6322,0.6826,2.9366
75.6324,0.7342,3.1614
75.6326,0.7259,3.1286
75.6328,0.6994,3.0074
75.6330,0.7704,3.3127
75.6332,0.7813,3.3565
75.6334,0.8053,3.4611
75.6336,0.7489,3.2204
75.6338,0.7601,3.2683
75.6340,0.8224,3.5332
75.6342,0.8347,3.589
75.6344,0.749,3.2224
75.6346,0.7757,3.3369
75.6348,0.7639,3.2848
75.6350,0.7315,3.15
75.6352,0.656,2.8287
75.6354,0.5891,2.5378
75.6356,0.6372,2.7437
75.6358,0.6561,2.8266
75.6360,0.6649,2.8643
75.6362,0.6373,2.7493
75.6364,0.5402,2.3314
75.6366,0.4914,2.1208
75.6368,0.5119,2.2031
75.6370,0.6058,2.6096
75.6372,0.6638,2.8583
75.6374,0.6826,2.9394
75.6376,0.6356,2.7408
75.6378,0.5643,2.4343
75.6380,0.5433,2.3437
75.6382,0.5389,2.3246
75.6384,0.5384,2.3193
75.6386,0.6058,2.6145
75.6388,0.5687,2.45
75.6390,0.6217,2.6783
75.6392,0.5951,2.5648
75.6394,0.62,2.6723
75.6396,0.5965,2.5734
75.6398,0.4993,2.1549
75.6400,0.5237,2.2563
75.6402,0.5536,2.3871
75.6404,0.5465,2.3577
75.6406,0.5155,2.2268
75.6408,0.4748,2.0484
75.6410,0.5086,2.1912
75.6412,0.5561,2.4013
75.6414,0.4941,2.1327
75.6416,0.4838,2.0881
75.6418,0.4803,2.0722
75.6420,0.4835,2.0876
75.6422,0.4818,2.0803
75.6424,0.48,2.0716
75.6426,0.479,2.0665
75.6428,0.4705,2.0316
75.6430,0.4667,2.0151
75.6432,0.4978,2.1437
75.6434,0.5923,2.5494
75.6436,0.5921,2.5531
75.6438,0.5516,2.3794
75.6440,0.5494,2.3679
75.6442,0.547,2.3576
75.6444,0.6013,2.5881
75.6446,0.6531,2.8097
75.6448,0.6749,2.905
75.6450,0.6723,2.8936
75.6452,0.6622,2.8489
75.6454,0.7191,3.0906
75.6456,0.7092,3.0526
75.6458,0.6604,2.8438
75.6460,0.6476,2.7899
75.6462,0.6457,2.7777
75.6464,0.6498,2.7966
75.6466,0.6453,2.7788
75.6468,0.6427,2.7649
75.6470,0.6445,2.7739
75.6472,0.6438,2.7721
75.6474,0.6409,2.7597
75.6476,0.6553,2.819
75.6478,0.649,2.7935
75.6480,0.6664,2.867
75.6482,0.7192,3.0925
75.6484,0.7257,3.1131
75.6486,0.7845,3.3735
75.6488,0.7397,3.1777
75.6490,0.7227,3.1089
75.6492,0.7065,3.0407
75.6494,0.7223,3.1059
75.6496,0.7142,3.0694
75.6498,0.723,3.1105
75.6500,0.707,3.0385
75.6502,0.7836,3.3647
75.6504,0.7841,3.3683
75.6506,0.7863,3.3797
75.6508,0.7636,3.2818
75.6510,0.7654,3.2925
75.6512,0.7348,3.1566
75.6514,0.7687,3.3024
75.6516,0.7261,3.121
75.6518,0.745,3.2019
75.6520,0.7544,3.2471
75.6522,0.71,3.0514
75.6524,0.744,3.2007
75.6526,0.7309,3.146
75.6528,0.6695,2.8817
75.6530,0.6475,2.7855
75.6532,0.7242,3.1156
75.6534,0.7466,3.2031
75.6536,0.8478,3.639
75.6538,0.8735,3.7526
75.6540,0.8263,3.5463
75.6542,0.8425,3.6141
75.6544,0.8618,3.7021
75.6546,0.8344,3.5797
75.6548,0.8548,3.6654
75.6550,0.8594,3.6918
75.6552,0.8233,3.5351
75.6554,0.9187,3.9376
75.6556,0.9422,4.0421
75.6558,0.9608,4.1161
75.6560,1.0512,4.4929
75.6562,1.1607,4.9584
75.6564,1.1753,5.0233
75.6566,1.1862,5.0723
75.6568,1.1127,4.7647
75.6570,1.08,4.6267
75.6572,1.0895,4.6629
75.6574,1.0959,4.684
75.6576,1.179,5.0344
75.6578,1.1899,5.0929
75.6580,1.0291,4.4191
75.6582,0.9175,3.9416
75.6584,0.9083,3.8947
75.6586,0.9422,4.044
75.6588,0.9431,4.0476
75.6590,0.9929,4.2577
75.6592,1.0037,4.3
75.6594,1.0097,4.3277
75.6596,1.0162,4.3615
75.6598,0.9483,4.0721
75.6600,0.9354,4.0146
75.6602,0.8391,3.6081
75.6604,0.8202,3.5299
75.6606,0.7371,3.1708
75.6608,0.7295,3.1398
75.6610,0.7219,3.1073
75.6612,0.7247,3.1191
75.6614,0.7246,3.1186
75.6616,0.7672,3.3003
75.6618,0.8076,3.4709
75.6620,0.7895,3.3978
75.6622,0.73,3.1418
75.6624,0.7661,3.2972
75.6626,0.7848,3.373
75.6628,0.8414,3.6112
75.6630,0.8978,3.8536
75.6632,0.9079,3.8986
75.6634,0.9285,3.9909
75.6636,0.8637,3.7121
75.6638,0.8046,3.4612
75.6640,0.7555,3.2503
75.6642,0.7632,3.2833
75.6644,0.7743,3.3297
75.6646,0.7675,3.3049
75.6648,0.765,3.2925
75.6650,0.756,3.2523
75.6652,0.7956,3.4257
75.6654,0.7384,3.1794
75.6656,0.7124,3.066
75.6658,0.718,3.0888
75.6660,0.7691,3.3101
75.6662,0.7829,3.3694
75.6664,0.7879,3.3911
75.6666,0.7941,3.4179
75.6668,0.7862,3.3792
75.6670,0.8674,3.7298
75.6672,0.8417,3.6211
75.6674,0.804,3.4554
75.6676,0.8289,3.561
75.6678,0.8179,3.5168
75.6680,0.826,3.5519
75.6682,0.8314,3.5784
75.6684,0.7933,3.4143
75.6686,0.746,3.2065
75.6688,0.8236,3.5399
75.6690,0.9077,3.8939
75.6692,0.9143,3.9296
75.6694,0.824,3.5464
75.6696,0.7302,3.1443
75.6698,0.7577,3.2611
75.6700,0.7278,3.1311
75.6702,0.7205,3.0996
75.6704,0.7183,3.0903
75.6706,0.7072,3.048
75.6708,0.7194,3.0993
75.6710,0.7447,3.2068
75.6712,0.7603,3.2663
75.6714,0.8495,3.653
75.6716,0.8282,3.5612
75.6718,0.8591,3.6959
75.6720,0.7643,3.2894
75.6722,0.7217,3.1091
75.6724,0.7085,3.0537
75.6726,0.7127,3.0718
75.6728,0.7313,3.1475
75.6730,0.7357,3.1696
75.6732,0.6713,2.8922
75.6734,0.6691,2.8823
75.6736,0.6321,2.722
75.6738,0.6849,2.9546
75.6740,0.5634,2.4318
75.6742,0.5596,2.4141
75.6744,0.5459,2.3563
75.6746,0.544,2.3491
75.6748,0.5474,2.3625
75.6750,0.5497,2.3701
75.6752,0.6124,2.6356
75.6754,0.6941,2.9959
75.6756,0.5831,2.5179
75.6758,0.5808,2.5057
75.6760,0.5666,2.4396
75.6762,0.6462,2.785
75.6764,0.6354,2.7385
75.6766,0.7179,3.0869
75.6768,0.7573,3.2596
75.6770,0.7169,3.0914
75.6772,0.6486,2.7954
75.6774,0.7047,3.0316
75.6776,0.7506,3.2262
75.6778,0.7992,3.4381
75.6780,0.7575,3.2586
75.6782,0.8012,3.4436
75.6784,0.7654,3.2896
75.6786,0.8005,3.4438
75.6788,0.7246,3.123
75.6790,0.6393,2.7569
75.6792,0.6335,2.7328
75.6794,0.6206,2.6737
75.6796,0.6217,2.6771
75.6798,0.6277,2.7054
75.6800,0.6215,2.6798
75.6802,0.62,2.6699
75.6804,0.678,2.9193
75.6806,0.7329,3.1543
75.6808,0.7793,3.3587
75.6810,0.6542,2.817
75.6812,0.6986,3.0053
75.6814,0.7155,3.0809
75.6816,0.698,3.0041
75.6818,0.7504,3.2236
75.6820,0.7895,3.3963
75.6822,0.7193,3.0974
75.6824,0.6869,2.9594
75.6826,0.6901,2.9728
75.6828,0.6883,2.9623
75.6830,0.6863,2.9554
75.6832,0.682,2.9382
75.6834,0.6825,2.9403
75.6836,0.6871,2.9571
75.6838,0.8083,3.4708
75.6840,0.8888,3.8199
75.6842,0.8019,3.4515
75.6844,0.7626,3.2807
75.6846,0.7905,3.393
75.6848,0.8582,3.6816
75.6850,0.8686,3.7385
75.6852,0.7605,3.2715
75.6854,0.7818,3.3648
75.6856,0.7487,3.2164
75.6858,0.8364,3.593
75.6860,0.8402,3.6128
75.6862,0.8114,3.4874
75.6864,0.791,3.3998
75.6866,0.7699,3.3138
75.6868,0.7513,3.2338
75.6870,0.7728,3.3246
75.6872,0.8083,3.474
75.6874,0.886,3.8045
75.6876,0.9142,3.9273
75.6878,0.8571,3.6804
75.6880,0.8729,3.7483
75.6882,0.8494,3.6508
75.6884,0.8247,3.548
75.6886,0.7949,3.4179
75.6888,0.8385,3.6039
75.6890,0.871,3.7401
75.6892,0.9121,3.9167
75.6894,0.892,3.8302
75.6896,0.9149,3.9285
75.6898,0.9251,3.9742
75.6900,0.9179,3.9396
75.6902,0.9228,3.9625
75.6904,0.9184,3.9398
75.6906,0.9467,4.0726
75.6908,0.85,3.6534
75.6910,0.8807,3.78
75.6912,0.9475,4.0686
75.6914,0.95,4.0794
75.6916,0.8121,3.497
75.6918,0.7919,3.4066
75.6920,0.7776,3.3499
75.6922,0.7516,3.2258
75.6924,0.9175,3.9435
75.6926,0.9139,3.9226
75.6928,0.9404,4.0363
75.6930,0.9482,4.0755
75.6932,0.8847,3.8076
75.6934,0.8565,3.6812
75.6936,0.8864,3.8149
75.6938,0.8625,3.707
75.6940,0.9271,3.9811
75.6942,0.925,3.9699
75.6944,0.9031,3.8781
75.6946,0.87,3.7412
75.6948,0.81,3.4894
75.6950,0.777,3.3442
75.6952,0.7756,3.3334
75.6954,0.8656,3.7152
75.6956,0.9187,3.9542
75.6958,0.7925,3.4092
75.6960,0.7655,3.2916
75.6962,0.7991,3.4408
75.6964,0.7613,3.2796
75.6966,0.7519,3.2363
75.6968,0.7783,3.3468
75.6970,0.8181,3.5212
75.6972,0.7858,3.3834
75.6974,0.7337,3.1564
75.6976,0.7307,3.1508
75.6978,0.6504,2.8044
75.6980,0.692,2.9797
75.6982,0.7221,3.1107
75.6984,0.7094,3.056
75.6986,0.7462,3.2116
75.6988,0.8012,3.4452
75.6990,0.7765,3.3406
75.6992,0.7553,3.2508
75.6994,0.7718,3.3251
75.6996,0.7125,3.0694
75.6998,0.6939,2.9907
75.7000,0.689,2.9709
75.7002,0.6429,2.7737
75.7004,0.6459,2.7827
75.7006,0.6932,2.9862
75.7008,0.6855,2.9491
75.7010,0.7113,3.0614
75.7012,0.7614,3.2756
75.7014,0.8386,3.6044
75.7016,0.7964,3.4294
75.7018,0.7361,3.1667
75.7020,0.842,3.6205
75.7022,0.8694,3.7351
75.7024,0.8138,3.5043
75.7026,0.7102,3.0638
75.7028,0.626,2.7007
75.7030,0.6203,2.6759
75.7032,0.6172,2.6612
75.7034,0.6173,2.6654
75.7036,0.5335,2.3046
75.7038,0.5091,2.1974
75.7040,0.513,2.216
75.7042,0.5409,2.3334
75.7044,0.582,2.5109
75.7046,0.5817,2.5117
75.7048,0.5698,2.4615
75.7050,0.5161,2.2274
75.7052,0.5658,2.4388
75.7054,0.6449,2.7819
75.7056,0.5811,2.5102
75.7058,0.4754,2.051
75.7060,0.4724,2.0419
75.7062,0.4664,2.0159
75.7064,0.4649,2.0092
75.7066,0.4694,2.0261
75.7068,0.4987,2.1544
75.7070,0.4678,2.0217
75.7072,0.4688,2.0244
75.7074,0.4802,2.0736
75.7076,0.4789,2.0651
75.7078,0.5317,2.2968
75.7080,0.4664,2.0159
75.7082,0.4463,1.9289
75.7084,0.4438,1.9189
75.7086,0.4445,1.9202
75.7088,0.4596,1.9846
75.7090,0.4897,2.1145
75.7092,0.4835,2.0866
75.7094,0.5482,2.3617
75.7096,0.6047,2.605
75.7098,0.5867,2.5287
75.7100,0.6395,2.7574
75.7102,0.6148,2.6472
75.7104,0.653,2.8106
75.7106,0.6552,2.8225
75.7108,0.6035,2.5974
75.7110,0.6392,2.7499
75.7112,0.6455,2.7794
75.7114,0.6396,2.7541
75.7116,0.6825,2.9348
75.7118,0.7363,3.1678
75.7120,0.7483,3.2179
75.7122,0.7209,3.1027
75.7124,0.675,2.905
75.7126,0.6447,2.775
75.7128,0.729,3.1334
75.7130,0.7125,3.0722
75.7132,0.6316,2.7207
75.7134,0.5993,2.5842
75.7136,0.5046,2.1787
75.7138,0.4668,2.0156
75.7140,0.4741,2.0463
75.7142,0.4697,2.0281
75.7144,0.4631,1.9977
75.7146,0.455,1.9658
75.7148,0.46,1.987
75.7150,0.448,1.9326
75.7152,0.5074,2.1881
75.7154,0.6221,2.6812
75.7156,0.6067,2.615
75.7158,0.595,2.5632
75.7160,0.6059,2.6102
75.7162,0.6238,2.6847
75.7164,0.625,2.6948
75.7166,0.5994,2.5823
75.7168,0.6258,2.6909
75.7170,0.7401,3.1778
75.7172,0.8089,3.4799
75.7174,0.7371,3.1694
75.7176,0.7076,3.0397
75.7178,0.7763,3.338
75.7180,0.6946,2.9883
75.7182,0.7124,3.0646
75.7184,0.7072,3.0438
75.7186,0.7142,3.0709
75.7188,0.7307,3.1377
75.7190,0.7602,3.2704
75.7192,0.7169,3.0842
75.7194,0.714,3.0704
75.7196,0.7395,3.1812
75.7198,0.768,3.2994
75.7200,0.8205,3.5233
75.7202,0.8455,3.6304
75.7204,0.8678,3.7227
75.7206,0.8553,3.6726
75.7208,0.8126,3.4942
75.7210,0.7781,3.3395
75.7212,0.7718,3.3174
75.7214,0.8059,3.4605
75.7216,0.8505,3.6572
75.7218,0.7895,3.39
75.7220,0.8652,3.7085
75.7222,0.9907,4.2401
75.7224,1.0691,4.5736
75.7226,1.0938,4.6793
75.7228,1.0973,4.6963
75.7230,1.0806,4.6293
75.7232,1.0878,4.6601
75.7234,1.0995,4.7061
75.7236,1.0802,4.6299
75.7238,0.9695,4.1609
75.7240,0.9167,3.9363
75.7242,0.8676,3.7274
75.7244,0.84,3.6067
75.7246,0.8862,3.8037
75.7248,0.8888,3.8199
75.7250,0.8401,3.6106
75.7252,0.8431,3.6201
75.7254,0.8794,3.7744
75.7256,0.9438,4.047
75.7258,0.9413,4.0418
75.7260,0.9795,4.21
75.7262,0.8686,3.7333
75.7264,0.7931,3.4134
75.7266,0.7569,3.253
75.7268,0.7951,3.4174
75.7270,0.8486,3.6438
75.7272,0.8897,3.8186
75.7274,0.921,3.9548
75.7276,0.9118,3.917
75.7278,0.9274,3.9802
75.7280,0.9378,4.0288
75.7282,0.8451,3.6323
75.7284,0.8162,3.5048
75.7286,0.8644,3.7187
75.7288,0.7798,3.3545
75.7290,0.8295,3.5653
75.7292,0.7968,3.4262
75.7294,0.8259,3.5498
75.7296,0.8988,3.8578
75.7298,0.9138,3.9184
75.7300,0.9955,4.2726
75.7302,0.944,4.0499
75.7304,0.956,4.0994
75.7306,0.9843,4.2227
75.7308,1.0294,4.4161
75.7310,1.0099,4.3363
75.7312,0.8843,3.8008
75.7314,0.8453,3.6333
75.7316,0.8816,3.7801
75.7318,1.0195,4.3673
75.7320,1.0623,4.555
75.7322,1.0196,4.3719
75.7324,1.0296,4.4172
75.7326,1.0557,4.5246
75.7328,1.0641,4.5669
75.7330,0.8445,3.6297
75.7332,0.8873,3.8119
75.7334,0.9398,4.0375
75.7336,0.9618,4.1299
75.7338,0.9627,4.134
75.7340,0.9842,4.2222
75.7342,1.0083,4.3256
75.7344,1.0089,4.3322
75.7346,0.9585,4.116
75.7348,0.941,4.0446
75.7350,0.9627,4.1321
75.7352,1.0013,4.2978
75.7354,0.9416,4.0471
75.7356,0.9052,3.8905
75.7358,0.9212,3.9595
75.7360,0.9148,3.9262
75.7362,0.933,4.01
75.7364,0.9188,3.9455
75.7366,0.9323,4.0088
75.7368,0.9307,4.0002
75.7370,0.9268,3.9814
75.7372,0.9547,4.0995
75.7374,0.9433,4.0506
75.7376,0.9159,3.9345
75.7378,0.8625,3.7139
75.7380,0.7872,3.3896
75.7382,0.7982,3.4324
75.7384,0.8846,3.8107
75.7386,0.7304,3.1478
75.7388,0.6863,2.9609
75.7390,0.6433,2.7739
75.7392,0.6368,2.7447
75.7394,0.6594,2.8472
75.7396,0.5919,2.5568
75.7398,0.5519,2.3832
75.7400,0.547,2.362
75.7402,0.5447,2.3533
75.7404,0.5487,2.3704
75.7406,0.5531,2.3895
75.7408,0.5487,2.3682
75.7410,0.5468,2.3599
75.7412,0.5745,2.4794
75.7414,0.5787,2.4999
75.7416,0.6009,2.5885
75.7418,0.7131,3.0748
75.7420,0.6096,2.6335
75.7422,0.5428,2.3439
75.7424,0.5826,2.5111
75.7426,0.5794,2.5007
75.7428,0.5554,2.3983
75.7430,0.5474,2.3647
75.7432,0.5468,2.361
75.7434,0.5479,2.3645
75.7436,0.5505,2.377
75.7438,0.5776,2.4906
75.7440,0.631,2.7207
75.7442,0.6691,2.8824
75.7444,0.6596,2.8416
75.7446,0.6503,2.8052
75.7448,0.5879,2.5362
75.7450,0.5812,2.5096
75.7452,0.5393,2.3289
75.7454,0.536,2.3122
75.7456,0.5657,2.4394
75.7458,0.5533,2.3889
75.7460,0.5913,2.5507
75.7462,0.556,2.4009
75.7464,0.5281,2.2802
75.7466,0.5343,2.3071
75.7468,0.5278,2.2781
75.7470,0.5209,2.2471
75.7472,0.5271,2.274
75.7474,0.547,2.3598
75.7476,0.58,2.5021
75.7478,0.562,2.4267
75.7480,0.4724,2.0419
75.7482,0.4962,2.1425
75.7484,0.5446,2.3495
75.7486,0.5782,2.4885
75.7488,0.6691,2.8864
75.7490,0.6017,2.5921
75.7492,0.633,2.7231
75.7494,0.6768,2.9141
75.7496,0.6995,3.0122
75.7498,0.7172,3.0867
75.7500,0.7084,3.0518
75.7502,0.6485,2.791
75.7504,0.7222,3.1084
75.7506,0.7089,3.0511
75.7508,0.681,2.9335
75.7510,0.6992,3.0065
75.7512,0.7602,3.2689
75.7514,0.7535,3.2431
75.7516,0.7852,3.3746
75.7518,0.7922,3.4034
75.7520,0.8126,3.491
75.7522,0.8464,3.6329
75.7524,0.863,3.7091
75.7526,0.7883,3.3911
75.7528,0.7963,3.4241
75.7530,0.7976,3.4266
75.7532,0.8348,3.5829
75.7534,0.9435,4.0497
75.7536,0.953,4.0866
75.7538,0.978,4.1955
75.7540,0.9455,4.0561
75.7542,0.9112,3.9126
75.7544,0.8949,3.839
75.7546,0.9813,4.2099
75.7548,0.9683,4.1519
75.7550,0.9535,4.0943
75.7552,0.9148,3.9299
75.7554,0.9085,3.8976
75.7556,0.9178,3.9391
75.7558,0.9129,3.9253
75.7560,0.8549,3.6694
75.7562,0.907,3.8946
75.7564,0.9093,3.9062
75.7566,0.9326,4.0047
75.7568,0.9126,3.9224
75.7570,0.8906,3.824
75.7572,0.9024,3.8732
75.7574,0.9446,4.0638
75.7576,0.8475,3.6426
75.7578,0.8753,3.7639
75.7580,0.8528,3.6652
75.7582,0.8365,3.5952
75.7584,0.8828,3.7906
75.7586,0.9168,3.9349
75.7588,0.9408,4.036
75.7590,0.9644,4.1354
75.7592,1.0433,4.4737
75.7594,1.0847,4.6468
75.7596,1.0816,4.6377
75.7598,0.935,4.0281
75.7600,0.7798,3.3561
75.7602,0.7402,3.1872
75.7604,0.7241,3.1224
75.7606,0.6914,2.9799
75.7608,0.7103,3.0601
75.7610,0.714,3.0761
75.7612,0.6838,2.9487
75.7614,0.6686,2.8763
75.7616,0.7883,3.3896
75.7618,0.7648,3.2916
75.7620,0.7762,3.3359
75.7622,0.8167,3.515
75.7624,0.7757,3.3416
75.7626,0.7161,3.0849
75.7628,0.6845,2.949
75.7630,0.7003,3.0195
75.7632,0.6369,2.7478
75.7634,0.6316,2.722
75.7636,0.6253,2.6926
75.7638,0.721,3.1075
75.7640,0.7323,3.1546
75.7642,0.7061,3.0392
75.7644,0.6706,2.8905
75.7646,0.6768,2.9195
75.7648,0.613,2.6419
75.7650,0.715,3.076
75.7652,0.7672,3.3003
75.7654,0.7646,3.2926
75.7656,0.7229,3.1143
75.7658,0.6884,2.9683
75.7660,0.6765,2.9158
75.7662,0.6741,2.9054
75.7664,0.685,2.947
75.7666,0.757,3.255
75.7668,0.7925,3.4139
75.7670,0.7263,3.1274
75.7672,0.7251,3.1193
75.7674,0.7289,3.1445
75.7676,0.6176,2.6657
75.7678,0.5685,2.4513
75.7680,0.5621,2.4261
75.7682,0.5672,2.4456
75.7684,0.6495,2.7956
75.7686,0.7051,3.0346
75.7688,0.6879,2.9676
75.7690,0.6488,2.7977
75.7692,0.6866,2.9551
75.7694,0.7646,3.288
75.7696,0.7878,3.3891
75.7698,0.7591,3.2688
75.7700,0.7312,3.1427
75.7702,0.7747,3.3328
75.7704,0.7449,3.2089
75.7706,0.6872,2.9604
75.7708,0.7109,3.0598
75.7710,0.7277,3.1379
75.7712,0.6492,2.7954
75.7714,0.6929,2.9797
75.7716,0.7536,3.2421
75.7718,0.7391,3.1856
75.7720,0.625,2.6973
75.7722,0.5533,2.3878
75.7724,0.6101,2.6283
75.7726,0.6425,2.769
75.7728,0.6205,2.6744
75.7730,0.5937,2.5599
75.7732,0.6214,2.6781
75.7734,0.6216,2.6791
75.7736,0.6276,2.7112
75.7738,0.5263,2.2746
75.7740,0.4869,2.1036
75.7742,0.4778,2.0623
75.7744,0.4809,2.0777
75.7746,0.4714,2.0372
75.7748,0.4684,2.0233
75.7750,0.4768,2.0586
75.7752,0.476,2.0565
75.7754,0.4709,2.0323
75.7756,0.5638,2.43
75.7758,0.6137,2.6474
75.7760,0.5534,2.3872
75.7762,0.547,2.362
75.7764,0.5503,2.3727
75.7766,0.5533,2.3845
75.7768,0.5536,2.3861
75.7770,0.5522,2.3821
75.7772,0.5843,2.5184
75.7774,0.6796,2.9251
75.7776,0.7495,3.22
75.7778,0.7687,3.3071
75.7780,0.7293,3.1432
75.7782,0.6061,2.6124
75.7784,0.5594,2.4131
75.7786,0.5573,2.4032
75.7788,0.5913,2.5448
75.7790,0.6292,2.7104
75.7792,0.6504,2.8031
75.7794,0.6268,2.6988
75.7796,0.7106,3.0526
75.7798,0.7383,3.1805
75.7800,0.6426,2.7695
75.7802,0.6006,2.5874
75.7804,0.6138,2.6467
75.7806,0.6018,2.595
75.7808,0.5985,2.577
75.7810,0.6537,2.815
75.7812,0.6415,2.7623
75.7814,0.6811,2.9313
75.7816,0.7287,3.1318
75.7818,0.7049,3.0354
75.7820,0.6558,2.8277
75.7822,0.6004,2.5888
75.7824,0.5349,2.3087
75.7826,0.5421,2.3354
75.7828,0.5673,2.4484
75.7830,0.4862,2.0985
75.7832,0.4765,2.0547
75.7834,0.4765,2.0566
75.7836,0.4774,2.0612
75.7838,0.4903,2.1161
75.7840,0.4797,2.0706
75.7842,0.4775,2.0627
75.7844,0.474,2.0458
75.7846,0.4762,2.0541
75.7848,0.4627,1.9962
75.7850,0.4618,1.9939
75.7852,0.4625,1.997
75.7854,0.4673,2.0168
75.7856,0.4697,2.0262
75.7858,0.4748,2.0494
75.7860,0.5012,2.1622
75.7862,0.5263,2.2672
75.7864,0.5874,2.5306
75.7866,0.5913,2.5483
75.7868,0.5687,2.4489
75.7870,0.611,2.6263
75.7872,0.7145,3.0667
75.7874,0.7565,3.2544
75.7876,0.7578,3.2586
75.7878,0.7322,3.1483
75.7880,0.7242,3.1099
75.7882,0.7722,3.3174
75.7884,0.8055,3.4606
75.7886,0.75,3.2161
75.7888,0.8642,3.7056
75.7890,0.8865,3.803
75.7892,0.9193,3.9458
75.7894,0.938,4.0204
75.7896,1.0103,4.3242
75.7898,1.0334,4.4228
75.7900,1.026,4.3976
75.7902,0.9435,4.0459
75.7904,1.0211,4.3745
75.7906,1.0789,4.6156
75.7908,0.9986,4.2879
75.7910,0.8294,3.5664
75.7912,0.8344,3.5847
75.7914,0.8447,3.6256
75.7916,0.8686,3.7298
75.7918,0.8298,3.5613
75.7920,0.9209,3.9469
75.7922,0.9724,4.166
75.7924,1.0151,4.3488
75.7926,0.954,4.0888
75.7928,0.8985,3.8652
75.7930,0.7706,3.3122
75.7932,0.8184,3.5108
75.7934,0.9389,4.0278
75.7936,0.9517,4.079
75.7938,0.9982,4.2804
75.7940,0.9741,4.1771
75.7942,0.936,4.0192
75.7944,0.851,3.6609
75.7946,0.7735,3.3246
75.7948,0.7584,3.2551
75.7950,0.907,3.8927
75.7952,0.8693,3.7398
75.7954,0.7494,3.2285
75.7956,0.7078,3.045
75.7958,0.7503,3.2261
75.7960,0.7486,3.2174
75.7962,0.8079,3.4693
75.7964,0.8548,3.6689
75.7966,0.9087,3.9036
75.7968,0.8819,3.7922
75.7970,0.8364,3.5913
75.7972,0.9015,3.8709
75.7974,0.9156,3.9335
75.7976,0.822,3.5377
75.7978,0.7059,3.041
75.7980,0.7094,3.0517
75.7982,0.812,3.4868
75.7984,0.9073,3.8961
75.7986,0.9005,3.8668
75.7988,0.884,3.801
75.7990,0.8123,3.4927
75.7992,0.7371,3.1738
75.7994,0.6889,2.9718
75.7996,0.588,2.5356
75.7998,0.6041,2.6048
75.8000,0.6287,2.7108
75.8002,0.58,2.4998
75.8004,0.6308,2.7151
75.8006,0.7222,3.1084
75.8008,0.6736,2.9061
75.8010,0.5909,2.5468
75.8012,0.5763,2.4884
75.8014,0.498,2.1503
75.8016,0.5917,2.5469
75.8018,0.7363,3.1707
75.8020,0.6389,2.7497
75.8022,0.6808,2.9358
75.8024,0.5973,2.5754
75.8026,0.538,2.321
75.8028,0.5518,2.3805
75.8030,0.5622,2.4278
75.8032,0.5281,2.2792
75.8034,0.5384,2.3226
75.8036,0.5402,2.3303
75.8038,0.5522,2.3832
75.8040,0.5389,2.3225
75.8042,0.535,2.3092
75.8044,0.5373,2.3179
75.8046,0.5407,2.3357
75.8048,0.5396,2.3278
75.8050,0.539,2.3241
75.8052,0.5208,2.2486
75.8054,0.5233,2.2595
75.8056,0.522,2.2507
75.8058,0.5282,2.2786
75.8060,0.523,2.2564
75.8062,0.5245,2.2615
75.8064,0.5256,2.2672
75.8066,0.5266,2.2719
75.8068,0.5269,2.274
75.8070,0.5235,2.2574
75.8072,0.5439,2.3442
75.8074,0.5341,2.3018
75.8076,0.5747,2.4759
75.8078,0.6299,2.7135
75.8080,0.6,2.5897
75.8082,0.5465,2.3556
75.8084,0.6009,2.5873
75.8086,0.6098,2.6297
75.8088,0.585,2.5215
75.8090,0.5892,2.5396
75.8092,0.6139,2.6436
75.8094,0.6426,2.7644
75.8096,0.7136,3.0683
75.8098,0.724,3.1175
75.8100,0.6997,3.0113
75.8102,0.725,3.1173
75.8104,0.6969,2.9981
75.8106,0.7167,3.0789
75.8108,0.7929,3.4065
75.8110,0.8432,3.6223
75.8112,0.8081,3.473
75.8114,0.6893,2.9697
75.8116,0.7114,3.0605
75.8118,0.7324,3.1493
75.8120,0.6915,2.9749
75.8122,0.6917,2.9786
75.8124,0.6552,2.8212
75.8126,0.644,2.7693
75.8128,0.6793,2.9222
75.8130,0.7112,3.0637
75.8132,0.6323,2.7263
75.8134,0.5687,2.4523
75.8136,0.5929,2.5544
75.8138,0.6299,2.7135
75.8140,0.6061,2.61
75.8142,0.6192,2.6663
75.8144,0.5897,2.5416
75.8146,0.6078,2.6184
75.8148,0.6119,2.6323
75.8150,0.6475,2.7894
75.8152,0.5992,2.5836
75.8154,0.5847,2.5199
75.8156,0.5867,2.5252
75.8158,0.6161,2.6529
75.8160,0.4919,2.1209
75.8162,0.5303,2.2858
75.8164,0.6073,2.6176
75.8166,0.6005,2.5869
75.8168,0.6453,2.7775
75.8170,0.6184,2.6639
75.8172,0.5456,2.3536
75.8174,0.5305,2.2821
75.8176,0.6527,2.8116
75.8178,0.6551,2.8233
75.8180,0.5814,2.506
75.8182,0.5268,2.2745
75.8184,0.4768,2.0577
75.8186,0.4871,2.1022
75.8188,0.5062,2.1809
75.8190,0.5438,2.3415
75.8192,0.6011,2.5895
75.8194,0.6307,2.7146
75.8196,0.6896,2.9666
75.8198,0.6552,2.8225
75.8200,0.6666,2.8702
75.8202,0.6801,2.9231
75.8204,0.6885,2.9647
75.8206,0.6254,2.6931
75.8208,0.6228,2.6793
75.8210,0.6519,2.8059
75.8212,0.6421,2.7649
75.8214,0.7167,3.0803
75.8216,0.8039,3.455
75.8218,0.7728,3.32
75.8220,0.769,3.3035
75.8222,0.8299,3.5618
75.8224,0.8379,3.5963
75.8226,0.8295,3.5636
75.8228,0.7838,3.3705
75.8230,0.8132,3.4903
75.8232,0.8416,3.6106
75.8234,0.8787,3.7678
75.8236,0.9404,4.0326
75.8238,0.9084,3.8935
75.8240,0.9259,3.9685
75.8242,0.9126,3.9224
75.8244,0.8583,3.6855
75.8246,0.932,3.9966
75.8248,0.9301,3.9846
75.8250,0.9491,4.0696
75.8252,1.0154,4.3438
75.8254,1.1024,4.7162
75.8256,1.1205,4.7959
75.8258,1.031,4.4228
75.8260,0.9768,4.1864
75.8262,0.9723,4.1693
75.8264,0.8986,3.8639
75.8266,0.7435,3.2032
75.8268,0.6999,3.011
75.8270,0.7299,3.1414
75.8272,0.7136,3.0726
75.8274,0.6983,3.0029
75.8276,0.7196,3.097
75.8278,0.7192,3.0969
75.8280,0.7063,3.0411
75.8282,0.6475,2.7855
75.8284,0.7132,3.0682
75.8286,0.7272,3.13
75.8288,0.7259,3.12
75.8290,0.8028,3.4471
75.8292,0.8488,3.6533
75.8294,0.7943,3.4138
75.8296,0.8093,3.4814
75.8298,0.7188,3.0896
75.8300,0.7962,3.4252
75.8302,0.7534,3.244
75.8304,0.7017,3.0187
75.8306,0.7167,3.0832
75.8308,0.7937,3.4175
75.8310,0.7206,3.1002
75.8312,0.6937,2.9841
75.8314,0.7495,3.2215
75.8316,0.7899,3.392
75.8318,0.8138,3.4994
75.8320,0.7415,3.1855
75.8322,0.7825,3.3664
75.8324,0.7933,3.4112
75.8326,0.7874,3.386
75.8328,0.7444,3.2053
75.8330,0.6968,2.9976
75.8332,0.7669,3.2978
75.8334,0.7264,3.125
75.8336,0.7103,3.0601
75.8338,0.6437,2.7755
75.8340,0.5994,2.5847
75.8342,0.6084,2.6222
75.8344,0.6112,2.6354
75.8346,0.6214,2.6743
75.8348,0.7283,3.1332
75.8350,0.7012,3.0236
75.8352,0.5473,2.3609
75.8354,0.5167,2.229
75.8356,0.5325,2.2951
75.8358,0.6172,2.66
75.8360,0.6115,2.6381
75.8362,0.5417,2.336
75.8364,0.532,2.2962
75.8366,0.5342,2.3045
75.8368,0.5482,2.3639
75.8370,0.5523,2.3826
75.8372,0.5537,2.3921
75.8374,0.4994,2.1555
75.8376,0.5181,2.2341
75.8378,0.5709,2.4582
75.8380,0.6616,2.8477
75.8382,0.6688,2.884
75.8384,0.5525,2.3814
75.8386,0.5716,2.4647
75.8388,0.5738,2.4729
75.8390,0.5883,2.5354
75.8392,0.6269,2.6993
75.8394,0.6666,2.8662
75.8396,0.6921,2.9788
75.8398,0.6565,2.8321
75.8400,0.5497,2.369
75.8402,0.5516,2.3784
75.8404,0.5627,2.4276
75.8406,0.5441,2.3474
75.8408,0.5562,2.3997
75.8410,0.5482,2.3661
75.8412,0.468,2.0199
75.8414,0.4582,1.9784
75.8416,0.4572,1.9742
75.8418,0.4682,2.0209
75.8420,0.4524,1.9535
75.8422,0.4567,1.9721
75.8424,0.4561,1.9696
75.8426,0.4874,2.0979
75.8428,0.6106,2.6328
75.8430,0.5226,2.2564
75.8432,0.4584,1.9766
75.8434,0.5035,2.17
75.8436,0.514,2.2155
75.8438,0.5143,2.2166
75.8440,0.5907,2.5458
75.8442,0.5908,2.5475
75.8444,0.5698,2.4547
75.8446,0.5157,2.2238
75.8448,0.4628,1.9967
75.8450,0.4574,1.9734
75.8452,0.4585,1.979
75.8454,0.4588,1.9809
75.8456,0.4487,1.9357
75.8458,0.4562,1.9682
75.8460,0.4955,2.1404
75.8462,0.4501,1.941
75.8464,0.4572,1.9724
75.8466,0.4235,1.827
75.8468,0.4692,2.0232
75.8470,0.4958,2.137
75.8472,0.4878,2.1023
75.8474,0.4825,2.0835
75.8476,0.5179,2.2331
75.8478,0.5468,2.3555
75.8480,0.5607,2.4132
75.8482,0.5869,2.5321
75.8484,0.5003,2.1551
75.8486,0.5228,2.2522
75.8488,0.5709,2.4571
75.8490,0.6235,2.6836
75.8492,0.6172,2.655
75.8494,0.697,2.9944
75.8496,0.7764,3.3323
75.8498,0.764,3.2824
75.8500,0.7648,3.287
75.8502,0.7794,3.3483
75.8504,0.7559,3.2413
75.8506,0.8275,3.5532
75.8508,0.8417,3.6128
75.8510,0.8041,3.4576
75.8512,0.6795,2.9233
75.8514,0.6535,2.8113
75.8516,0.6404,2.7577
75.8518,0.626,2.692
75.8520,0.6546,2.8134
75.8522,0.6853,2.9508
75.8524,0.6473,2.7845
75.8526,0.7107,3.0517
75.8528,0.7658,3.2916
75.8530,0.7337,3.1594
75.8532,0.6288,2.7026
75.8534,0.7197,3.0946
75.8536,0.6674,2.8712
75.8538,0.6626,2.8492
75.8540,0.7486,3.2204
75.8542,0.7246,3.1158
75.8544,0.763,3.2731
75.8546,0.8842,3.7897
75.8548,0.8858,3.7999
75.8550,0.8644,3.7049
75.8552,0.9088,3.8932
75.8554,0.9432,4.0425
75.8556,0.9958,4.2641
75.8558,0.9898,4.2385
75.8560,1.0318,4.4202
75.8562,1.0305,4.4084
75.8564,1.0689,4.5683
75.8566,1.1155,4.781
75.8568,0.9006,3.8637
75.8570,0.8969,3.8513
75.8572,0.8553,3.6744
75.8574,0.8298,3.5613
75.8576,0.8316,3.5707
75.8578,0.838,3.5968
75.8580,0.8565,3.6795
75.8582,0.8402,3.6044
75.8584,0.8714,3.7434
75.8586,0.8185,3.5162
75.8588,0.8142,3.4993
75.8590,0.8423,3.6204
75.8592,0.8301,3.5629
75.8594,0.8524,3.6586
75.8596,0.8603,3.6926
75.8598,0.8853,3.7961
75.8600,0.9464,4.0621
75.8602,0.8961,3.8477
75.8604,0.8577,3.6829
75.8606,0.848,3.6463
75.8608,0.8135,3.4946
75.8610,0.8168,3.509
75.8612,0.7913,3.4009
75.8614,0.7885,3.3922
75.8616,0.7545,3.2457
75.8618,0.7685,3.3045
75.8620,0.7932,3.4139
75.8622,0.7836,3.3647
75.8624,0.8205,3.525
75.8626,0.7747,3.3328
75.8628,0.7184,3.0875
75.8630,0.7595,3.2719
75.8632,0.6897,2.9685
75.8634,0.6886,2.9652
75.8636,0.7059,3.0396
75.8638,0.7455,3.2025
75.8640,0.842,3.6138
75.8642,0.8904,3.8271
75.8644,0.7837,3.3715
75.8646,0.7559,3.2519
75.8648,0.6997,3.0127
75.8650,0.6883,2.9651
75.8652,0.6812,2.9332
75.8654,0.6758,2.9113
75.8656,0.6741,2.9028
75.8658,0.6676,2.8762
75.8660,0.6778,2.916
75.8662,0.7395,3.1782
75.8664,0.7236,3.1189
75.8666,0.6266,2.7008
75.8668,0.6182,2.6634
75.8670,0.6244,2.6897
75.8672,0.6274,2.7039
75.8674,0.6179,2.6606
75.8676,0.6191,2.6658
75.8678,0.6258,2.6959
75.8680,0.6259,2.6977
75.8682,0.6349,2.7326
75.8684,0.6786,2.9205
75.8686,0.6905,2.9721
75.8688,0.7265,3.1226
75.8690,0.7527,3.2349
75.8692,0.7523,3.2349
75.8694,0.7488,3.2184
75.8696,0.7788,3.3488
75.8698,0.8066,3.4668
75.8700,0.8485,3.6467
75.8702,0.7963,3.4241
75.8704,0.7206,3.106
75.8706,0.6288,2.7088
75.8708,0.6061,2.61
75.8710,0.6079,2.6165
75.8712,0.6547,2.8178
75.8714,0.6921,2.9788
75.8716,0.7186,3.0929
75.8718,0.7144,3.0762
75.8720,0.6615,2.8485
75.8722,0.6847,2.9509
75.8724,0.5889,2.538
75.8726,0.5856,2.5252
75.8728,0.579,2.4945
75.8730,0.663,2.8534
75.8732,0.6585,2.8396
75.8734,0.5616,2.4241
75.8736,0.5549,2.3929
75.8738,0.5529,2.3852
75.8740,0.5354,2.3097
75.8742,0.5477,2.3618
75.8744,0.5781,2.4869
75.8746,0.7122,3.0655
75.8748,0.6481,2.7933
75.8750,0.5832,2.516
75.8752,0.5408,2.3318
75.8754,0.5377,2.3184
75.8756,0.5354,2.3097
75.8758,0.5325,2.2972
75.8760,0.5253,2.2651
75.8762,0.5245,2.2615
75.8764,0.5226,2.2522
75.8766,0.5197,2.2429
75.8768,0.5124,2.2103
75.8770,0.557,2.4005
75.8772,0.6118,2.6306
75.8774,0.689,2.9654
75.8776,0.7052,3.0337
75.8778,0.7475,3.2113
75.8780,0.7019,3.0253
75.8782,0.6071,2.6141
75.8784,0.6616,2.8477
75.8786,0.5857,2.5234
75.8788,0.6075,2.6169
75.8790,0.6393,2.7517
75.8792,0.6702,2.8844
75.8794,0.6795,2.9246
75.8796,0.6734,2.897
75.8798,0.6558,2.8251
75.8800,0.5975,2.5752
75.8802,0.6007,2.5892
75.8804,0.5789,2.4997
75.8806,0.4932,2.1256
75.8808,0.5271,2.2729
75.8810,0.501,2.1612
75.8812,0.4952,2.1364
75.8814,0.4933,2.1301
75.8816,0.4955,2.1384
75.8818,0.4893,2.111
75.8820,0.4949,2.1358
75.8822,0.5193,2.2362
75.8824,0.6155,2.6503
75.8826,0.5935,2.5558
75.8828,0.6476,2.7874
75.8830,0.6699,2.882
75.8832,0.6441,2.7775
75.8834,0.5607,2.421
75.8836,0.4823,2.0786
75.8838,0.5254,2.2657
75.8840,0.4865,2.1005
75.8842,0.4756,2.0515
75.8844,0.5016,2.1598
75.8846,0.5685,2.449
75.8848,0.5712,2.4666
75.8850,0.4751,2.0495
75.8852,0.465,2.0069
75.8854,0.4633,2.0006
75.8856,0.4732,2.0402
75.8858,0.5046,2.1737
75.8860,0.5365,2.3111
75.8862,0.5879,2.5339
75.8864,0.5769,2.4863
75.8866,0.5441,2.3442
75.8868,0.6073,2.6139
75.8870,0.641,2.759
75.8872,0.6705,2.8873
75.8874,0.6402,2.7528
75.8876,0.6929,2.9783
75.8878,0.728,3.1258
75.8880,0.7718,3.3174
75.8882,0.7575,3.2525
75.8884,0.8076,3.4677
75.8886,0.7762,3.3359
75.8888,0.759,3.2592
75.8890,0.8248,3.5435
75.8892,0.7995,3.4332
75.8894,0.7961,3.4151
75.8896,0.8013,3.4426
75.8898,0.7848,3.3699
75.8900,0.7922,3.4018
75.8902,0.7983,3.4281
75.8904,0.8329,3.5714
75.8906,0.937,4.0158
75.8908,0.9648,4.1273
75.8910,1.0181,4.3576
75.8912,1.0615,4.5391
75.8914,1.0964,4.6927
75.8916,1.0843,4.6409
75.8918,1.0946,4.685
75.8920,1.0798,4.6192
75.8922,1.048,4.498
75.8924,0.9046,3.8825
75.8926,0.884,3.7922
75.8928,0.9083,3.8948
75.8930,0.9768,4.1923
75.8932,0.9028,3.8711
75.8934,0.8814,3.7831
75.8936,0.8613,3.6984
75.8938,0.8941,3.8377
75.8940,0.909,3.8997
75.8942,0.9282,3.9783
75.8944,0.9849,4.2174
75.8946,1.0422,4.4712
75.8948,0.9525,4.0959
75.8950,0.8248,3.5435
75.8952,0.8551,3.6716
75.8954,0.867,3.7196
75.8956,0.8678,3.7314
75.8958,0.7754,3.3375
75.8960,0.7277,3.1321
75.8962,0.7114,3.0633
75.8964,0.7004,3.0158
75.8966,0.7133,3.0687
75.8968,0.7184,3.089
75.8970,0.7584,3.2657
75.8972,0.6501,2.8008
75.8974,0.653,2.8119
75.8976,0.7022,3.0208
75.8978,0.7142,3.0752
75.8980,0.7488,3.2199
75.8982,0.8064,3.4674
75.8984,0.6959,2.9995
75.8986,0.611,2.6336
75.8988,0.5982,2.5771
75.8990,0.5841,2.5185
75.8992,0.5799,2.5004
75.8994,0.5764,2.4831
75.8996,0.6284,2.7073
75.8998,0.7107,3.0588
75.9000,0.7501,3.2256
75.9002,0.7705,3.3133
75.9004,0.7747,3.3282
75.9006,0.8259,3.5482
75.9008,0.823,3.5374
75.9010,0.7734,3.3272
75.9012,0.7266,3.1304
75.9014,0.6976,2.9998
75.9016,0.7542,3.2431
75.9018,0.7446,3.2078
75.9020,0.6469,2.7894
75.9022,0.611,2.6312
75.9024,0.5915,2.5529
75.9026,0.5152,2.2248
75.9028,0.5236,2.259
75.9030,0.5516,2.374
75.9032,0.6721,2.9007
75.9034,0.5283,2.2802
75.9036,0.5342,2.3013
75.9038,0.5379,2.3227
75.9040,0.4614,1.9933
75.9042,0.473,2.0407
75.9044,0.5056,2.1834
75.9046,0.4603,1.9877
75.9048,0.461,1.9908
75.9050,0.4619,1.9944
75.9052,0.4574,1.9734
75.9054,0.4591,1.9825
75.9056,0.4576,1.9758
75.9058,0.4612,1.9904
75.9060,0.4622,1.9932
75.9062,0.4901,2.118
75.9064,0.4339,1.8755
75.9066,0.4359,1.8812
75.9068,0.4568,1.9708
75.9070,0.489,2.1075
75.9072,0.5262,2.2677
75.9074,0.5452,2.3521
75.9076,0.4716,2.0382
75.9078,0.4495,1.9402
75.9080,0.5168,2.2264
75.9082,0.5591,2.411
75.9084,0.505,2.1778
75.9086,0.5393,2.3246
75.9088,0.5663,2.4386
75.9090,0.5688,2.4506
75.9092,0.5682,2.4503
75.9094,0.5798,2.4987
75.9096,0.5959,2.5673
75.9098,0.5594,2.4109
75.9100,0.5578,2.4053
75.9102,0.548,2.3596
75.9104,0.6192,2.6663
75.9106,0.6842,2.9406
75.9108,0.7323,3.1532
75.9110,0.6427,2.77
75.9112,0.5447,2.35
75.9114,0.5331,2.2998
75.9116,0.5757,2.4777
75.9118,0.6548,2.817
75.9120,0.6337,2.73
75.9122,0.5949,2.565
75.9124,0.5618,2.4212
75.9126,0.5768,2.4835
75.9128,0.5999,2.588
75.9130,0.4932,2.1286
75.9132,0.4998,2.156
75.9134,0.5309,2.2905
75.9136,0.5157,2.2217
75.9138,0.5744,2.4755
75.9140,0.5679,2.4464
75.9142,0.5789,2.4928
75.9144,0.5796,2.4982
75.9146,0.5832,2.5137
75.9148,0.6098,2.6272
75.9150,0.6025,2.5957
75.9152,0.5902,2.5401
75.9154,0.594,2.5579
75.9156,0.6037,2.5973
75.9158,0.6862,2.948
75.9160,0.6801,2.9245
75.9162,0.6766,2.9109
75.9164,0.7034,3.0259
75.9166,0.6681,2.8769
75.9168,0.5941,2.5596
75.9170,0.5753,2.4785
75.9172,0.5739,2.4711
75.9174,0.5783,2.4902
75.9176,0.5703,2.4545
75.9178,0.5935,2.5582
75.9180,0.5441,2.3452
75.9182,0.5754,2.4778
75.9184,0.6308,2.7138
75.9186,0.6116,2.635
75.9188,0.5541,2.3881
75.9190,0.5368,2.3137
75.9192,0.5459,2.3475
75.9194,0.5808,2.5045
75.9196,0.5431,2.3362
75.9198,0.6037,2.5985
75.9200,0.639,2.7489
75.9202,0.663,2.8508
75.9204,0.6824,2.9343
75.9206,0.7112,3.0552
75.9208,0.7724,3.3169
75.9210,0.7768,3.3323
75.9212,0.8013,3.441
75.9214,0.8762,3.7535
75.9216,0.9928,4.2493
75.9218,1.0233,4.3797
75.9220,1.0416,4.4561
75.9222,1.0691,4.565
75.9224,1.0687,4.5806
75.9226,0.8882,3.8102
75.9228,0.8642,3.7177
75.9230,0.7935,3.4043
75.9232,0.8233,3.5368
75.9234,0.7731,3.3214
75.9236,0.7405,3.1813
75.9238,0.7901,3.3956
75.9240,0.7695,3.3091
75.9242,0.7745,3.3271
75.9244,0.7978,3.4276
75.9246,0.7578,3.2601
75.9248,0.7549,3.2447
75.9250,0.751,3.2276
75.9252,0.7459,3.2045
75.9254,0.7459,3.206
75.9256,0.7789,3.3493
75.9258,0.749,3.2164
75.9260,0.8145,3.4975
75.9262,0.8116,3.4852
75.9264,0.8475,3.6408
75.9266,0.8483,3.641
75.9268,0.8627,3.7062
75.9270,0.7944,3.4142
75.9272,0.7897,3.3941
75.9274,0.8103,3.4827
75.9276,0.8001,3.4373
75.9278,0.8137,3.4955
75.9280,0.7669,3.2993
75.9282,0.7707,3.3065
75.9284,0.8833,3.7895
75.9286,0.929,3.9799
75.9288,0.9945,4.2644
75.9290,1.0084,4.326
75.9292,0.9208,3.9555
75.9294,0.8667,3.718
75.9296,0.9333,4.0059
75.9298,0.9287,3.9895
75.9300,0.814,3.5003
75.9302,0.7892,3.3905
75.9304,0.8055,3.4605
75.9306,0.8042,3.4581
75.9308,0.8324,3.5776
75.9310,0.8139,3.4933
75.9312,0.8588,3.6841
75.9314,0.9132,3.9176
75.9316,0.9046,3.8842
75.9318,0.8263,3.5529
75.9320,0.8353,3.5866
75.9322,0.8933,3.8358
75.9324,0.8767,3.77
75.9326,0.8064,3.469
75.9328,0.7872,3.3849
75.9330,0.7993,3.4337
75.9332,0.8025,3.4492
75.9334,0.7695,3.3121
75.9336,0.7475,3.2142
75.9338,0.8293,3.5575
75.9340,0.9468,4.0597
75.9342,0.9568,4.1106
75.9344,0.7849,3.3782
75.9346,0.6763,2.9106
75.9348,0.6796,2.9264
75.9350,0.7076,3.0453
75.9352,0.7648,3.2915
75.9354,0.7026,3.0284
75.9356,0.614,2.6477
75.9358,0.6285,2.7078
75.9360,0.6613,2.8475
75.9362,0.6534,2.8173
75.9364,0.5942,2.5636
75.9366,0.5546,2.3924
75.9368,0.529,2.2854
75.9370,0.5246,2.2631
75.9372,0.5229,2.2548
75.9374,0.56,2.4123
75.9376,0.6158,2.6542
75.9378,0.573,2.472
75.9380,0.5444,2.3484
75.9382,0.5652,2.4339
75.9384,0.6813,2.9323
75.9386,0.7758,3.3436
75.9388,0.6168,2.6596
75.9390,0.5492,2.3669
75.9392,0.5983,2.5788
75.9394,0.5459,2.3529
75.9396,0.5861,2.5249
75.9398,0.6234,2.6843
75.9400,0.6064,2.6122
75.9402,0.627,2.7023
75.9404,0.6168,2.6608
75.9406,0.5588,2.406
75.9408,0.6207,2.6767
75.9410,0.5592,2.4137
75.9412,0.5227,2.2527
75.9414,0.5223,2.2543
75.9416,0.5271,2.275
75.9418,0.5277,2.2776
75.9420,0.5241,2.261
75.9422,0.5225,2.2553
75.9424,0.5224,2.2548
75.9426,0.5233,2.2563
75.9428,0.5329,2.2966
75.9430,0.5348,2.307
75.9432,0.5259,2.2666
75.9434,0.6201,2.6654
75.9436,0.7578,3.2601
75.9438,0.7163,3.0816
75.9440,0.7312,3.1455
75.9442,0.6697,2.8903
75.9444,0.538,2.3199
75.9446,0.5345,2.3039
75.9448,0.5323,2.294
75.9450,0.535,2.3059
75.9452,0.5415,2.336
75.9454,0.5407,2.3313
75.9456,0.5772,2.4878
75.9458,0.5496,2.369
75.9460,0.5312,2.2915
75.9462,0.5439,2.3442
75.9464,0.5329,2.2955
75.9466,0.5707,2.4611
75.9468,0.5897,2.5416
75.9470,0.6056,2.6103
75.9472,0.5718,2.4623
75.9474,0.6005,2.5857
75.9476,0.6007,2.5891
75.9478,0.6103,2.6292
75.9480,0.6568,2.827
75.9482,0.7197,3.0917
75.9484,0.7971,3.4261
75.9486,0.7672,3.2942
75.9488,0.7538,3.2415
75.9490,0.7447,3.2023
75.9492,0.7609,3.2674
75.9494,0.8233,3.5384
75.9496,0.7668,3.2972
75.9498,0.7072,3.0381
75.9500,0.7717,3.3168
75.9502,0.7293,3.1417
75.9504,0.665,2.8621
75.9506,0.6631,2.8512
75.9508,0.6976,3.0011
75.9510,0.6898,2.9662
75.9512,0.7335,3.1553
75.9514,0.6628,2.8542
75.9516,0.6436,2.7703
75.9518,0.6612,2.8483
75.9520,0.626,2.6957
75.9522,0.6429,2.7672
75.9524,0.632,2.7202
75.9526,0.617,2.652
75.9528,0.7229,3.1071
75.9530,0.7354,3.1636
75.9532,0.7263,3.12
75.9534,0.7594,3.2622
75.9536,0.7796,3.3539
75.9538,0.7516,3.2302
75.9540,0.7982,3.4275
75.9542,0.8432,3.6223
75.9544,0.7909,3.3977
75.9546,0.803,3.4401
75.9548,0.9266,3.9789
75.9550,0.8789,3.774
75.9552,0.8695,3.7321
75.9554,0.9046,3.8751
75.9556,0.9405,4.0368
75.9558,0.8814,3.7883
75.9560,0.7548,3.2426
75.9562,0.7909,3.3977
75.9564,0.8469,3.6365
75.9566,0.8695,3.7304
75.9568,0.8981,3.8492
75.9570,0.9042,3.8826
75.9572,0.9182,3.9392
75.9574,0.9229,3.9574
75.9576,0.9098,3.905
75.9578,0.8955,3.8433
75.9580,0.9456,4.0584
75.9582,0.9294,3.9871
75.9584,0.9579,4.1095
75.9586,0.9053,3.8837
75.9588,0.9505,4.0795
75.9590,0.898,3.8577
75.9592,0.8211,3.5275
75.9594,0.8492,3.6463
75.9596,0.9168,3.9385
75.9598,0.9378,4.0249
75.9600,0.9094,3.9048
75.9602,0.8749,3.7535
75.9604,0.8914,3.8204
75.9606,0.9392,4.033
75.9608,0.8577,3.6932
75.9610,0.7838,3.372
75.9612,0.7757,3.3385
75.9614,0.698,3.0082
75.9616,0.6839,2.9464
75.9618,0.6849,2.9492
75.9620,0.7158,3.0752
75.9622,0.7634,3.2889
75.9624,0.706,3.0372
75.9626,0.7787,3.3451
75.9628,0.8466,3.6423
75.9630,0.8343,3.5875
75.9632,0.7887,3.3947
75.9634,0.6926,2.9808
75.9636,0.7169,3.0885
75.9638,0.6974,3.0029
75.9640,0.6606,2.847
75.9642,0.6529,2.81
75.9644,0.7399,3.1876
75.9646,0.6435,2.7736
75.9648,0.6183,2.6663
75.9650,0.603,2.5965
75.9652,0.6112,2.6341
75.9654,0.6031,2.5995
75.9656,0.5871,2.5326
75.9658,0.5938,2.5603
75.9660,0.5974,2.5746
75.9662,0.6169,2.6564
75.9664,0.5849,2.5244
75.9666,0.5128,2.2144
75.9668,0.4995,2.1529
75.9670,0.6257,2.6941
75.9672,0.7056,3.0413
75.9674,0.6115,2.6356
75.9676,0.5821,2.509
75.9678,0.6121,2.637
75.9680,0.6537,2.8123
75.9682,0.6701,2.883
75.9684,0.6631,2.8539
75.9686,0.6833,2.9411
75.9688,0.6959,2.9939
75.9690,0.7337,3.1608
75.9692,0.6347,2.7328
75.9694,0.6699,2.8833
75.9696,0.6902,2.9719
75.9698,0.6984,3.0103
75.9700,0.5763,2.4848
75.9702,0.5433,2.3437
75.9704,0.5709,2.4582
75.9706,0.63,2.7152
75.9708,0.6355,2.7403
75.9710,0.5612,2.4197
75.9712,0.5782,2.492
75.9714,0.6149,2.6513
75.9716,0.6096,2.6249
75.9718,0.5896,2.5446
75.9720,0.4736,2.0461
75.9722,0.4595,1.984
75.9724,0.4663,2.0126
75.9726,0.4631,2.0005
75.9728,0.4538,1.9606
75.9730,0.4559,1.9676
75.9732,0.4559,1.9676
75.9734,0.4916,2.1169
75.9736,0.597,2.5743
75.9738,0.5359,2.3128
75.9740,0.4607,1.9883
75.9742,0.4753,2.0505
75.9744,0.5267,2.2745
75.9746,0.4638,2.0027
75.9748,0.4495,1.941
75.9750,0.446,1.9269
75.9752,0.4577,1.9744
75.9754,0.4636,1.9988
75.9756,0.4583,1.9798
75.9758,0.4553,1.9659
75.9760,0.458,1.9769
75.9762,0.4622,1.9941
75.9764,0.5182,2.2336
75.9766,0.561,2.4147
75.9768,0.5959,2.5684
75.9770,0.5688,2.4517
75.9772,0.5532,2.38
75.9774,0.6288,2.7075
75.9776,0.5454,2.3552
75.9778,0.4711,2.0333
75.9780,0.5024,2.1674
75.9782,0.5152,2.2176
75.9784,0.5974,2.5735
75.9786,0.5552,2.3938
75.9788,0.498,2.1452
75.9790,0.5639,2.4327
75.9792,0.4989,2.1524
75.9794,0.5098,2.1964
75.9796,0.6112,2.6316
75.9798,0.6701,2.8816
75.9800,0.6831,2.9401
75.9802,0.6047,2.6038
75.9804,0.6464,2.7796
75.9806,0.6796,2.9224
75.9808,0.6649,2.8603
75.9810,0.6749,2.9036
75.9812,0.6851,2.9433
75.9814,0.7094,3.0531
75.9816,0.6686,2.8776
75.9818,0.6782,2.9135
75.9820,0.8019,3.4403
75.9822,0.8187,3.5221
75.9824,0.6507,2.8007
75.9826,0.639,2.754
75.9828,0.6335,2.7277
75.9830,0.611,2.6336
75.9832,0.5002,2.158
75.9834,0.4915,2.1183
75.9836,0.5743,2.4674
75.9838,0.6393,2.7542
75.9840,0.5144,2.2181
75.9842,0.4728,2.0377
75.9844,0.4919,2.1209
75.9846,0.5789,2.4974
75.9848,0.4948,2.1328
75.9850,0.4675,2.0168
75.9852,0.4777,2.0598
75.9854,0.5281,2.2738
75.9856,0.5731,2.4657
75.9858,0.6161,2.6503
75.9860,0.6401,2.7548
75.9862,0.6911,2.9691
75.9864,0.7542,3.2416
75.9866,0.7309,3.1416
75.9868,0.7493,3.2204
75.9870,0.7398,3.1782
75.9872,0.7561,3.2498
75.9874,0.7245,3.1166
75.9876,0.6534,2.8055
75.9878,0.8164,3.5025
75.9880,0.9038,3.8721
75.9882,0.8989,3.8528
75.9884,0.9425,4.0375
75.9886,0.9396,4.0289
75.9888,0.8752,3.7545
75.9890,0.8484,3.6415
75.9892,0.8317,3.5678
75.9894,0.8465,3.635
75.9896,0.854,3.6652
75.9898,0.919,3.9386
75.9900,0.9578,4.1051
75.9902,0.9715,4.1598
75.9904,1.0029,4.2923
75.9906,1.0116,4.3339
75.9908,0.9943,4.2574
75.9910,1.0648,4.5593
75.9912,1.0452,4.4798
75.9914,0.9428,4.0409
75.9916,0.95,4.0717
75.9918,0.9568,4.1048
75.9920,0.8988,3.8631
75.9922,0.8305,3.5643
75.9924,0.894,3.8353
75.9926,0.9044,3.8819
75.9928,0.9211,3.9516
75.9930,0.8871,3.8019
75.9932,0.9499,4.0712
75.9934,0.9708,4.1606
75.9936,0.9996,4.2845
75.9938,0.9582,4.1105
75.9940,0.961,4.1209
75.9942,0.9299,3.9891
75.9944,0.8094,3.4851
75.9946,0.7555,3.2487
75.9948,0.7649,3.2859
75.9950,0.7932,3.4106
75.9952,0.7758,3.3359
75.9954,0.8023,3.4514
75.9956,0.7541,3.2441
75.9958,0.7241,3.1137
75.9960,0.7534,3.2395
75.9962,0.7615,3.2776
75.9964,0.7127,3.069
75.9966,0.7012,3.0208
75.9968,0.6862,2.9521
75.9970,0.742,3.192
75.9972,0.7694,3.3116
75.9974,0.7489,3.2204
75.9976,0.741,3.1864
75.9978,0.7501,3.2285
75.9980,0.7336,3.1588
75.9982,0.7007,3.0117
75.9984,0.7339,3.1618
75.9986,0.6817,2.9339
75.9988,0.6682,2.8747
75.9990,0.7011,3.0161
75.9992,0.7197,3.0975
75.9994,0.7303,3.1419
75.9996,0.7624,3.2812
75.9998,0.6911,2.9746
76.0000,0.6578,2.8338
76.0002,0.6711,2.8884
76.0004,0.7291,3.1353
76.0006,0.735,3.1606
76.0008,0.7492,3.2214
76.0010,0.7547,3.2527
76.0012,0.6089,2.623
76.0014,0.5789,2.4974
76.0016,0.5723,2.4678
76.0018,0.6019,2.5931
76.0020,0.6458,2.7834
76.0022,0.6465,2.7878
76.0024,0.6095,2.6256
76.0026,0.6204,2.6751
76.0028,0.577,2.4903
76.0030,0.5299,2.2858
76.0032,0.5288,2.2801
76.0034,0.5326,2.2966
76.0036,0.5614,2.423
76.0038,0.5414,2.3311
76.0040,0.6359,2.7393
76.0042,0.639,2.754
76.0044,0.5999,2.5879
76.0046,0.5547,2.3907
76.0048,0.5555,2.3954
76.0050,0.5272,2.2755
76.0052,0.5343,2.3039
76.0054,0.5707,2.4622
76.0056,0.5606,2.416
76.0058,0.5579,2.4057
76.0060,0.5522,2.3809
76.0062,0.554,2.3865
76.0064,0.5465,2.3577
76.0066,0.5314,2.2915
76.0068,0.539,2.3219
76.0070,0.5841,2.5196
76.0072,0.5428,2.3417
76.0074,0.5626,2.4259
76.0076,0.5499,2.3689
76.0078,0.6136,2.6383
76.0080,0.6963,2.9968
76.0082,0.6637,2.8565
76.0084,0.6548,2.817
76.0086,0.6945,2.9877
76.0088,0.7134,3.072
76.0090,0.6925,2.9803
76.0092,0.6984,3.0033
76.0094,0.6917,2.98
76.0096,0.6354,2.7372
76.0098,0.6157,2.6513
76.0100,0.6121,2.6345
76.0102,0.6616,2.8437
76.0104,0.8023,3.4466
76.0106,0.8169,3.5095
76.0108,0.7724,3.323
76.0110,0.7438,3.2027
76.0112,0.6833,2.9397
76.0114,0.712,3.063
76.0116,0.6817,2.9393
76.0118,0.5556,2.3959
76.0120,0.5342,2.3044
76.0122,0.5291,2.2827
76.0124,0.5318,2.293
76.0126,0.5601,2.4128
76.0128,0.6198,2.6688
76.0130,0.6805,2.926
76.0132,0.6978,3.0021
76.0134,0.6631,2.8539
76.0136,0.7231,3.1124
76.0138,0.6886,2.9638
76.0140,0.6554,2.8208
76.0142,0.6922,2.9779
76.0144,0.8335,3.5789
76.0146,0.8016,3.4419
76.0148,0.761,3.2725
76.0150,0.7559,3.2518
76.0152,0.7281,3.1321
76.0154,0.6741,2.9013
76.0156,0.6329,2.7264
76.0158,0.5442,2.349
76.0160,0.4915,2.1183
76.0162,0.4885,2.1064
76.0164,0.4936,2.1306
76.0166,0.4971,2.1446
76.0168,0.56,2.4112
76.0170,0.5464,2.3583
76.0172,0.4824,2.0819
76.0174,0.4713,2.0334
76.0176,0.4548,1.9638
76.0178,0.4554,1.9655
76.0180,0.4712,2.0319
76.0182,0.5182,2.2325
76.0184,0.591,2.5425
76.0186,0.6753,2.9119
76.0188,0.5757,2.4823
76.0190,0.5062,2.1829
76.0192,0.5217,2.2475
76.0194,0.6,2.5812
76.0196,0.6739,2.9003
76.0198,0.6621,2.8484
76.0200,0.7032,3.0239
76.0202,0.7556,3.2477
76.0204,0.7779,3.342
76.0206,0.8082,3.4735
76.0208,0.7405,3.1828
76.0210,0.8077,3.4617
76.0212,0.9239,3.9578
76.0214,0.9231,3.9603
76.0216,0.906,3.8849
76.0218,0.9405,4.0311
76.0220,0.926,3.9727
76.0222,0.9325,3.9986
76.0224,0.8754,3.7626
76.0226,0.8071,3.4656
76.0228,0.8422,3.6198
76.0230,0.7736,3.325
76.0232,0.7868,3.3817
76.0234,0.864,3.7084
76.0236,0.8681,3.7242
76.0238,0.8782,3.7674
76.0240,0.869,3.7278
76.0242,0.9184,3.9379
76.0244,0.9017,3.87
76.0246,0.9072,3.8937
76.0248,0.9241,3.9589
76.0250,1.0185,4.3611
76.0252,1.0373,4.4479
76.0254,0.9778,4.1988
76.0256,0.9181,3.935
76.0258,0.91,3.9037
76.0260,0.8632,3.7169
76.0262,0.7144,3.0776
76.0264,0.6971,2.9976
76.0266,0.7333,3.1548
76.0268,0.7183,3.0889
76.0270,0.7182,3.087
76.0272,0.8052,3.4638
76.0274,0.7417,3.1924
76.0276,0.7134,3.0706
76.0278,0.6679,2.8758
76.0280,0.7019,3.0197
76.0282,0.7312,3.147
76.0284,0.7011,3.0133
76.0286,0.7543,3.2406
76.0288,0.7368,3.1742
76.0290,0.6827,2.9371
76.0292,0.7332,3.1499
76.0294,0.8324,3.5809
76.0296,0.7534,3.2425
76.0298,0.6904,2.9715
76.0300,0.7094,3.0488
76.0302,0.8053,3.4611
76.0304,0.8017,3.4488
76.0306,0.653,2.8131
76.0308,0.6167,2.6542
76.0310,0.6722,2.8917
76.0312,0.7203,3.1
76.0314,0.7402,3.1842
76.0316,0.6867,2.9555
76.0318,0.6591,2.8382
76.0320,0.6606,2.8444
76.0322,0.6817,2.9311
76.0324,0.6874,2.9586
76.0326,0.7124,3.0702
76.0328,0.673,2.9007
76.0330,0.6237,2.6858
76.0332,0.6146,2.6466
76.0334,0.6915,2.9748
76.0336,0.7273,3.1319
76.0338,0.6053,2.6088
76.0340,0.5758,2.4816
76.0342,0.5968,2.5709
76.0344,0.5871,2.5314
76.0346,0.5469,2.3593
76.0348,0.6042,2.6053
76.0350,0.5825,2.5106
76.0352,0.5676,2.4488
76.0354,0.5212,2.2496
76.0356,0.5136,2.2144
76.0358,0.5391,2.3267
76.0360,0.4717,2.0378
76.0362,0.4676,2.0211
76.0364,0.4648,2.0068
76.0366,0.4597,1.9841
76.0368,0.461,1.9898
76.0370,0.4619,1.9934
76.0372,0.476,2.0545
76.0374,0.5049,2.1762
76.0376,0.5672,2.4444
76.0378,0.5277,2.2786
76.0380,0.4552,1.9654
76.0382,0.4501,1.9427
76.0384,0.4689,2.023
76.0386,0.5361,2.3084
76.0388,0.597,2.5731
76.0390,0.5465,2.3566
76.0392,0.5403,2.3308
76.0394,0.4688,2.0244
76.0396,0.4507,1.948
76.0398,0.456,1.9672
76.0400,0.5269,2.2708
76.0402,0.5902,2.5448
76.0404,0.5464,2.3539
76.0406,0.5411,2.3323
76.0408,0.5433,2.3437
76.0410,0.5513,2.3751
76.0412,0.5522,2.3798
76.0414,0.5534,2.385
76.0416,0.5681,2.4485
76.0418,0.5212,2.2507
76.0420,0.4554,1.9646
76.0422,0.4608,1.9888
76.0424,0.4528,1.955
76.0426,0.4432,1.9136
76.0428,0.4616,1.9906
76.0430,0.5174,2.2279
76.0432,0.5644,2.4314
76.0434,0.5948,2.5614
76.0436,0.6396,2.7514
76.0438,0.6377,2.7445
76.0440,0.5975,2.5752
76.0442,0.5914,2.5488
76.0444,0.5223,2.2522
76.0446,0.5022,2.1643
76.0448,0.5422,2.3369
76.0450,0.567,2.445
76.0452,0.5344,2.3033
76.0454,0.5162,2.2258
76.0456,0.488,2.1024
76.0458,0.5789,2.4939
76.0460,0.5964,2.5681
76.0462,0.5361,2.3116
76.0464,0.5071,2.1875
76.0466,0.5029,2.1674
76.0468,0.5432,2.3389
76.0470,0.5988,2.5749
76.0472,0.6585,2.8329
76.0474,0.6675,2.8716
76.0476,0.6835,2.9334
76.0478,0.7347,3.159
76.0480,0.7314,3.1422
76.0482,0.7704,3.3065
76.0484,0.8084,3.4761
76.0486,0.7052,3.0336
76.0488,0.7355,3.1626
76.0490,0.7052,3.0336
76.0492,0.6174,2.6597
76.0494,0.5609,2.4153
76.0496,0.5634,2.4273
76.0498,0.6002,2.5822
76.0500,0.706,3.033
76.0502,0.6907,2.9739
76.0504,0.5969,2.5714
76.0506,0.5775,2.4877
76.0508,0.5862,2.5266
76.0510,0.5914,2.5429
76.0512,0.6649,2.8616
76.0514,0.5642,2.4349
76.0516,0.532,2.2941
76.0518,0.547,2.3565
76.0520,0.6265,2.6952
76.0522,0.5767,2.4869
76.0524,0.5073,2.1876
76.0526,0.5883,2.5295
76.0528,0.6777,2.9128
76.0530,0.6383,2.747
76.0532,0.6583,2.8306
76.0534,0.7365,3.1594
76.0536,0.7984,3.4301
76.0538,0.7945,3.4084
76.0540,0.8562,3.6698
76.0542,0.8584,3.6825
76.0544,0.8468,3.6309
76.0546,0.8897,3.8168
76.0548,0.9082,3.896
76.0550,0.8663,3.7165
76.0552,0.8294,3.558
76.0554,0.9065,3.8906
76.0556,0.8303,3.5622
76.0558,0.8218,3.524
76.0560,0.8532,3.6655
76.0562,0.8425,3.6158
76.0564,0.8621,3.6985
76.0566,0.873,3.747
76.0568,0.8698,3.7297
76.0570,0.8849,3.7998
76.0572,0.7863,3.3781
76.0574,0.764,3.2823
76.0576,0.759,3.2652
76.0578,0.7506,3.2291
76.0580,0.7453,3.2034
76.0582,0.691,2.9741
76.0584,0.6851,2.9447
76.0586,0.7698,3.307
76.0588,0.8047,3.4521
76.0590,0.832,3.5744
76.0592,0.8013,3.4457
76.0594,0.7903,3.3935
76.0596,0.8413,3.6073
76.0598,0.8427,3.6236
76.0600,0.8241,3.5371
76.0602,0.8393,3.6024
76.0604,0.8084,3.4777
76.0606,0.7092,3.0483
76.0608,0.7444,3.1993
76.0610,0.7883,3.3895
76.0612,0.7709,3.3117
76.0614,0.8044,3.4575
76.0616,0.7645,3.2874
76.0618,0.7423,3.192
76.0620,0.7074,3.0406
76.0622,0.7734,3.3256
76.0624,0.721,3.1002
76.0626,0.7416,3.1934
76.0628,0.6827,2.9358
76.0630,0.7534,3.241
76.0632,0.7348,3.1581
76.0634,0.7808,3.3528
76.0636,0.811,3.4858
76.0638,0.7872,3.3817
76.0640,0.8207,3.5325
76.0642,0.6908,2.9758
76.0644,0.6895,2.9674
76.0646,0.679,2.9198
76.0648,0.7271,3.1265
76.0650,0.7658,3.2961
76.0652,0.7223,3.1045
76.0654,0.6907,2.9726
76.0656,0.6535,2.8152
76.0658,0.6603,2.8433
76.0660,0.674,2.8995
76.0662,0.6709,2.8901
76.0664,0.6319,2.7247
76.0666,0.6295,2.7069
76.0668,0.7718,3.3173
76.0670,0.7251,3.1207
76.0672,0.6731,2.8999
76.0674,0.6878,2.9574
76.0676,0.729,3.1348
76.0678,0.7499,3.2245
76.0680,0.7706,3.3122
76.0682,0.7735,3.323
76.0684,0.791,3.4014
76.0686,0.732,3.1521
76.0688,0.6812,2.9318
76.0690,0.6736,2.8993
76.0692,0.6718,2.8956
76.0694,0.6096,2.6274
76.0696,0.6085,2.6203
76.0698,0.623,2.684
76.0700,0.6405,2.7568
76.0702,0.6586,2.8335
76.0704,0.6946,2.9868
76.0706,0.6814,2.9342
76.0708,0.6904,2.9729
76.0710,0.706,3.0386
76.0712,0.6308,2.7201
76.0714,0.5397,2.3282
76.0716,0.5344,2.3055
76.0718,0.5337,2.3024
76.0720,0.5343,2.3039
76.0722,0.5474,2.3602
76.0724,0.5384,2.3225
76.0726,0.5325,2.2983
76.0728,0.5326,2.2977
76.0730,0.5351,2.3086
76.0732,0.5326,2.2934
76.0734,0.6092,2.6258
76.0736,0.5656,2.4388
76.0738,0.5281,2.277
76.0740,0.5281,2.2791
76.0742,0.5264,2.2729
76.0744,0.5246,2.261
76.0746,0.5739,2.4711
76.0748,0.6414,2.7579
76.0750,0.7335,3.1597
76.0752,0.5957,2.5698
76.0754,0.5372,2.3152
76.0756,0.5337,2.3002
76.0758,0.5349,2.3054
76.0760,0.5377,2.3173
76.0762,0.579,2.4933
76.0764,0.6757,2.9067
76.0766,0.6951,2.9875
76.0768,0.7067,3.0417
76.0770,0.6438,2.7721
76.0772,0.6065,2.6127
76.0774,0.5445,2.3478
76.0776,0.5349,2.3086
76.0778,0.529,2.2801
76.0780,0.5249,2.2636
76.0782,0.5317,2.2904
76.0784,0.5866,2.5281
76.0786,0.593,2.5549
76.0788,0.6357,2.7362
76.0790,0.6476,2.7873
76.0792,0.6255,2.6948
76.0794,0.6144,2.6456
76.0796,0.6377,2.7457
76.0798,0.6564,2.8223
76.0800,0.7074,3.0406
76.0802,0.7422,3.193
76.0804,0.6806,2.9292
76.0806,0.6588,2.8313
76.0808,0.7408,3.1838
76.0810,0.7815,3.3606
76.0812,0.7439,3.1987
76.0814,0.7335,3.1524
76.0816,0.7228,3.1109
76.0818,0.6601,2.841
76.0820,0.6201,2.6704
76.0822,0.5646,2.4347
76.0824,0.5464,2.3572
76.0826,0.5432,2.3411
76.0828,0.5413,2.3317
76.0830,0.5464,2.3561
76.0832,0.5477,2.3618
76.0834,0.5507,2.3725
76.0836,0.5428,2.3319
76.0838,0.646,2.7871
76.0840,0.5643,2.4331
76.0842,0.5579,2.4057
76.0844,0.5191,2.2372
76.0846,0.5596,2.4119
76.0848,0.5588,2.4071
76.0850,0.588,2.5332
76.0852,0.6212,2.6725
76.0854,0.7233,3.1057
76.0856,0.7463,3.209
76.0858,0.6842,2.9461
76.0860,0.6408,2.7566
76.0862,0.7064,3.0402
76.0864,0.7025,3.0166
76.0866,0.7934,3.4037
76.0868,0.8205,3.52
76.0870,0.8811,3.7727
76.0872,0.9988,4.2729
76.0874,1.0697,4.5782
76.0876,1.0589,4.5341
76.0878,1.0863,4.6474
76.0880,1.067,4.5712
76.0882,1.0556,4.5182
76.0884,1.0673,4.5658
76.0886,1.03,4.4083
76.0888,1.0506,4.4987
76.0890,1.0166,4.357
76.0892,1.0038,4.2965
76.0894,1.0658,4.566
76.0896,1.0518,4.5017
76.0898,1.0489,4.4936
76.0900,1.0447,4.4694
76.0902,1.0773,4.611
76.0904,1.1295,4.8343
76.0906,1.1142,4.7753
76.0908,1.0095,4.3246
76.0910,0.9691,4.1593
76.0912,0.9144,3.9246
76.0914,0.8853,3.8031
76.0916,0.836,3.5964
76.0918,0.7536,3.239
76.0920,0.8138,3.4961
76.0922,0.8626,3.7109
76.0924,0.7953,3.4167
76.0926,0.8305,3.571
76.0928,0.7691,3.3024
76.0930,0.8164,3.5123
76.0932,0.789,3.391
76.0934,0.8535,3.67
76.0936,0.7898,3.3978
76.0938,0.7536,3.2465
76.0940,0.6915,2.9789
76.0942,0.6845,2.9504
76.0944,0.679,2.9239
76.0946,0.7,3.0114
76.0948,0.7103,3.0572
76.0950,0.7065,3.0393
76.0952,0.7684,3.3054
76.0954,0.7616,3.2766
76.0956,0.7182,3.0898
76.0958,0.7031,3.0276
76.0960,0.7109,3.0584
76.0962,0.752,3.2353
76.0964,0.6971,3.0004
76.0966,0.7225,3.1084
76.0968,0.7829,3.3663
76.0970,0.8311,3.5752
76.0972,0.7317,3.1535
76.0974,0.6297,2.7142
76.0976,0.5939,2.5597
76.0978,0.5971,2.5724
76.0980,0.63,2.714
76.0982,0.6608,2.8494
76.0984,0.6006,2.591
76.0986,0.6079,2.6201
76.0988,0.6531,2.8123
76.0990,0.6854,2.9499
76.0992,0.6794,2.9254
76.0994,0.6686,2.8776
76.0996,0.6983,3.0098
76.0998,0.5507,2.3758
76.1000,0.6132,2.6404
76.1002,0.7118,3.0605
76.1004,0.7223,3.1131
76.1006,0.6222,2.6791
76.1008,0.662,2.8532
76.1010,0.6397,2.7558
76.1012,0.6723,2.895
76.1014,0.664,2.8607
76.1016,0.5954,2.5676
76.1018,0.5349,2.3108
76.1020,0.5088,2.1948
76.1022,0.5526,2.3863
76.1024,0.4813,2.0782
76.1026,0.4477,1.9342
76.1028,0.4472,1.9312
76.1030,0.4504,1.9429
76.1032,0.4512,1.9474
76.1034,0.4965,2.143
76.1036,0.5384,2.3236
76.1038,0.492,2.1243
76.1040,0.4559,1.9685
76.1042,0.452,1.9528
76.1044,0.4463,1.9262
76.1046,0.4391,1.8951
76.1048,0.4462,1.9265
76.1050,0.4526,1.9545
76.1052,0.4747,2.0469
76.1054,0.5805,2.5018
76.1056,0.5313,2.2931
76.1058,0.4531,1.9566
76.1060,0.4524,1.9535
76.1062,0.4773,2.0573
76.1064,0.5162,2.2237
76.1066,0.4901,2.1141
76.1068,0.493,2.126
76.1070,0.5228,2.2574
76.1072,0.4789,2.066
76.1074,0.4921,2.1229
76.1076,0.5519,2.3766
76.1078,0.6435,2.771
76.1080,0.6277,2.7029
76.1082,0.5945,2.5611
76.1084,0.583,2.5091
76.1086,0.5995,2.5816
76.1088,0.595,2.5643
76.1090,0.5837,2.5146
76.1092,0.5638,2.4266
76.1094,0.6074,2.6144
76.1096,0.6543,2.8136
76.1098,0.6947,2.9887
76.1100,0.6601,2.8396
76.1102,0.6428,2.7667
76.1104,0.6482,2.7912
76.1106,0.6518,2.8106
76.1108,0.5818,2.5051
76.1110,0.5875,2.5323
76.1112,0.552,2.3804
76.1114,0.5607,2.4143
76.1116,0.5982,2.5723
76.1118,0.6525,2.8111
76.1120,0.5964,2.5717
76.1122,0.609,2.6199
76.1124,0.6457,2.7842
76.1126,0.5091,2.1963
76.1128,0.4875,2.1042
76.1130,0.4862,2.0975
76.1132,0.4886,2.1059
76.1134,0.5293,2.2801
76.1136,0.5741,2.4744
76.1138,0.5865,2.5241
76.1140,0.6674,2.8725
76.1142,0.6693,2.8807
76.1144,0.6477,2.7865
76.1146,0.6877,2.9583
76.1148,0.6832,2.9378
76.1150,0.6411,2.762
76.1152,0.611,2.6299
76.1154,0.6609,2.8459
76.1156,0.6481,2.7907
76.1158,0.6143,2.6463
76.1160,0.5952,2.5642
76.1162,0.5703,2.4579
76.1164,0.4988,2.1508
76.1166,0.5122,2.2077
76.1168,0.5309,2.2915
76.1170,0.5131,2.2113
76.1172,0.5728,2.4699
76.1174,0.4796,2.0691
76.1176,0.4632,2.0001
76.1178,0.4414,1.9041
76.1180,0.482,2.0775
76.1182,0.514,2.2144
76.1184,0.5548,2.3923
76.1186,0.4992,2.1524
76.1188,0.5549,2.3906
76.1190,0.6034,2.5932
76.1192,0.7046,3.0296
76.1194,0.6904,2.9702
76.1196,0.6731,2.8972
76.1198,0.6383,2.7445
76.1200,0.6886,2.9555
76.1202,0.7606,3.2658
76.1204,0.764,3.2808
76.1206,0.8379,3.5962
76.1208,0.8369,3.5921
76.1210,0.8482,3.6405
76.1212,0.8511,3.6478
76.1214,0.8805,3.7772
76.1216,0.8817,3.7806
76.1218,0.908,3.8937
76.1220,0.8782,3.7674
76.1222,0.9209,3.9487
76.1224,0.9288,3.9789
76.1226,0.9345,4.0054
76.1228,0.8806,3.7759
76.1230,0.8603,3.6976
76.1232,0.7564,3.2508
76.1234,0.7646,3.2895
76.1236,0.7195,3.0955
76.1238,0.7224,3.1035
76.1240,0.7285,3.1342
76.1242,0.7259,3.1228
76.1244,0.7176,3.0858
76.1246,0.7146,3.0672
76.1248,0.7558,3.2513
76.1250,0.6642,2.8612
76.1252,0.6886,2.961
76.1254,0.7089,3.0482
76.1256,0.7458,3.204
76.1258,0.8517,3.6554
76.1260,0.849,3.6492
76.1262,0.6989,3.0068
76.1264,0.6721,2.8939
76.1266,0.6723,2.8909
76.1268,0.7445,3.2013
76.1270,0.7041,3.0261
76.1272,0.7666,3.2977
76.1274,0.7273,3.1247
76.1276,0.7986,3.4243
76.1278,0.8841,3.7891
76.1280,0.8686,3.7263
76.1282,0.8644,3.71
76.1284,0.919,3.9405
76.1286,0.9907,4.244
76.1288,0.9721,4.1702
76.1290,0.919,3.9441
76.1292,0.9273,3.9765
76.1294,0.935,4.0112
76.1296,0.9227,3.9582
76.1298,0.8848,3.8045
76.1300,0.7992,3.4348
76.1302,0.8297,3.5613
76.1304,0.8371,3.5977
76.1306,0.7763,3.3364
76.1308,0.8043,3.4554
76.1310,0.7484,3.2198
76.1312,0.7433,3.1962
76.1314,0.7597,3.2653
76.1316,0.7609,3.2765
76.1318,0.7101,3.0505
76.1320,0.869,3.7295
76.1322,0.9034,3.8809
76.1324,0.8342,3.5803
76.1326,0.8323,3.5754
76.1328,0.8735,3.7526
76.1330,0.8969,3.8494
76.1332,0.8802,3.7814
76.1334,0.797,3.4271
76.1336,0.7856,3.3782
76.1338,0.7697,3.3096
76.1340,0.7548,3.2411
76.1342,0.8179,3.5136
76.1344,0.8428,3.6275
76.1346,0.72,3.099
76.1348,0.7083,3.0498
76.1350,0.682,2.9422
76.1352,0.6037,2.6008
76.1354,0.6209,2.6759
76.1356,0.6152,2.6504
76.1358,0.6428,2.7718
76.1360,0.5797,2.4987
76.1362,0.5717,2.4641
76.1364,0.6432,2.7669
76.1366,0.7362,3.1716
76.1368,0.6371,2.7495
76.1370,0.545,2.351
76.1372,0.5004,2.1596
76.1374,0.4766,2.059
76.1376,0.4844,2.0917
76.1378,0.5397,2.3282
76.1380,0.5454,2.352
76.1382,0.535,2.3081
76.1384,0.5387,2.3241
76.1386,0.5417,2.3359
76.1388,0.5414,2.3344
76.1390,0.5379,2.3215
76.1392,0.5766,2.4841
76.1394,0.6391,2.7507
76.1396,0.6289,2.7093
76.1398,0.6309,2.7194
76.1400,0.6225,2.6819
76.1402,0.6381,2.744
76.1404,0.6823,2.9351
76.1406,0.6318,2.7217
76.1408,0.621,2.6752
76.1410,0.6168,2.6547
76.1412,0.6504,2.8031
76.1414,0.6333,2.7297
76.1416,0.6324,2.7243
76.1418,0.5567,2.3995
76.1420,0.5498,2.3717
76.1422,0.5323,2.2951
76.1424,0.527,2.2702
76.1426,0.5324,2.2945
76.1428,0.5863,2.5259
76.1430,0.6576,2.8301
76.1432,0.6926,2.9767
76.1434,0.6807,2.9338
76.1436,0.5619,2.4239
76.1438,0.5374,2.3173
76.1440,0.5319,2.2946
76.1442,0.5324,2.2956
76.1444,0.5466,2.355
76.1446,0.5824,2.5112
76.1448,0.5356,2.3096
76.1450,0.564,2.4287
76.1452,0.6672,2.8714
76.1454,0.6519,2.8059
76.1456,0.6378,2.745
76.1458,0.6805,2.926
76.1460,0.6896,2.9665
76.1462,0.6454,2.7806
76.1464,0.6674,2.8684
76.1466,0.7193,3.0916
76.1468,0.7266,3.123
76.1470,0.7899,3.3967
76.1472,0.7627,3.2766
76.1474,0.7695,3.3091
76.1476,0.735,3.1606
76.1478,0.7384,3.175
76.1480,0.7526,3.2349
76.1482,0.81,3.4812
76.1484,0.8127,3.4898
76.1486,0.8182,3.5118
76.1488,0.8349,3.5817
76.1490,0.8104,3.4816
76.1492,0.8169,3.5111
76.1494,0.8434,3.6199
76.1496,0.8368,3.5916
76.1498,0.8435,3.6221
76.1500,0.8807,3.7729
76.1502,0.9345,4.0129
76.1504,0.8825,3.7877
76.1506,0.9122,3.9098
76.1508,0.9011,3.8729
76.1510,0.7849,3.3766
76.1512,0.7191,3.0949
76.1514,0.768,3.3008
76.1516,0.7456,3.2045
76.1518,0.7699,3.306
76.1520,0.8169,3.5176
76.1522,0.6501,2.8007
76.1524,0.6453,2.7749
76.1526,0.797,3.4255
76.1528,0.7745,3.3302
76.1530,0.6976,3.0011
76.1532,0.7258,3.1223
76.1534,0.7493,3.2204
76.1536,0.8006,3.4394
76.1538,0.8269,3.5522
76.1540,0.8158,3.5065
76.1542,0.9018,3.8724
76.1544,0.9173,3.9369
76.1546,0.9269,3.9763
76.1548,0.9208,3.95
76.1550,0.9602,4.1173
76.1552,0.9851,4.2243
76.1554,0.9193,3.9494
76.1556,0.8911,3.8194
76.1558,0.9634,4.1274
76.1560,1.0103,4.3221
76.1562,1.0778,4.6174
76.1564,1.0602,4.5419
76.1566,1.0943,4.6834
76.1568,1.0555,4.524
76.1570,0.9965,4.2771
76.1572,0.9199,3.9501
76.1574,0.9438,4.0469
76.1576,1.0253,4.3945
76.1578,1.0215,4.3801
76.1580,0.9528,4.0874
76.1582,0.9404,4.0306
76.1584,0.9907,4.2499
76.1586,0.9619,4.1341
76.1588,0.9455,4.0541
76.1590,0.9883,4.2357
76.1592,1.002,4.2928
76.1594,1.0603,4.5466
76.1596,0.979,4.202
76.1598,0.9288,3.9882
76.1600,0.914,3.9304
76.1602,0.8566,3.68
76.1604,0.8765,3.7707
76.1606,0.8567,3.6805
76.1608,0.8685,3.7362
76.1610,0.8001,3.4405
76.1612,0.8548,3.6756
76.1614,0.853,3.6645
76.1616,0.8883,3.8177
76.1618,0.8252,3.5533
76.1620,0.7579,3.2651
76.1622,0.7336,3.1559
76.1624,0.7518,3.2388
76.1626,0.6919,2.9805
76.1628,0.7062,3.0411
76.1630,0.6892,2.9664
76.1632,0.759,3.2667
76.1634,0.8082,3.4751
76.1636,0.8101,3.4833
76.1638,0.8471,3.6393
76.1640,0.8565,3.6846
76.1642,0.8317,3.5678
76.1644,0.873,3.754
76.1646,0.7688,3.3152
76.1648,0.6913,2.9807
76.1650,0.6971,3.0046
76.1652,0.6875,2.9605
76.1654,0.6638,2.8623
76.1656,0.6077,2.624
76.1658,0.603,2.5989
76.1660,0.6048,2.6079
76.1662,0.6922,2.9751
76.1664,0.8739,3.7611
76.1666,0.7724,3.3261
76.1668,0.6958,2.9975
76.1670,0.6878,2.9643
76.1672,0.6772,2.9148
76.1674,0.693,2.9857
76.1676,0.6946,2.9924
76.1678,0.6667,2.8747
76.1680,0.6741,2.904
76.1682,0.6946,2.9952
76.1684,0.6175,2.6652
76.1686,0.6114,2.6376
76.1688,0.6082,2.6248
76.1690,0.5753,2.4842
76.1692,0.4863,2.1
76.1694,0.4753,2.0505
76.1696,0.5471,2.3636
76.1698,0.5241,2.262
76.1700,0.5435,2.348
76.1702,0.4764,2.0599
76.1704,0.4553,1.9677
76.1706,0.4567,1.9721
76.1708,0.4565,1.972
76.1710,0.4588,1.98
76.1712,0.5112,2.2072
76.1714,0.4559,1.9703
76.1716,0.4542,1.9631
76.1718,0.4595,1.9859
76.1720,0.4453,1.9229
76.1722,0.4456,1.9248
76.1724,0.4892,2.1124
76.1726,0.4492,1.9404
76.1728,0.4439,1.9167
76.1730,0.4462,1.9266
76.1732,0.4476,1.9337
76.1734,0.4491,1.9408
76.1736,0.4461,1.9261
76.1738,0.4428,1.9103
76.1740,0.4446,1.9207
76.1742,0.4474,1.9327
76.1744,0.4497,1.9407
76.1746,0.4457,1.9254
76.1748,0.4446,1.9207
76.1750,0.4462,1.9257
76.1752,0.4477,1.9324
76.1754,0.4509,1.9477
76.1756,0.4453,1.923
76.1758,0.5086,2.1912
76.1760,0.5887,2.534
76.1762,0.6381,2.7466
76.1764,0.6682,2.8801
76.1766,0.5711,2.4615
76.1768,0.5427,2.3434
76.1770,0.5142,2.2212
76.1772,0.4839,2.0877
76.1774,0.503,2.168
76.1776,0.5439,2.3453
76.1778,0.5188,2.2362
76.1780,0.563,2.423
76.1782,0.6306,2.7166
76.1784,0.6184,2.6639
76.1786,0.61,2.629
76.1788,0.6154,2.6498
76.1790,0.6616,2.8464
76.1792,0.6712,2.8863
76.1794,0.7277,3.1263
76.1796,0.7621,3.2787
76.1798,0.7021,3.0188
76.1800,0.6723,2.895
76.1802,0.7005,3.0107
76.1804,0.7221,3.1078
76.1806,0.6758,2.9086
76.1808,0.6361,2.7365
76.1810,0.6744,2.9024
76.1812,0.6369,2.7452
76.1814,0.5137,2.216
76.1816,0.4764,2.0571
76.1818,0.4716,2.0345
76.1820,0.4753,2.0505
76.1822,0.4763,2.0556
76.1824,0.4914,2.1178
76.1826,0.5525,2.3814
76.1828,0.5004,2.1576
76.1830,0.4724,2.04
76.1832,0.4323,1.8665
76.1834,0.4681,2.0185
76.1836,0.4873,2.1042
76.1838,0.3914,1.6907
76.1840,0.3962,1.7115
76.1842,0.4139,1.7856
76.1844,0.469,2.0203
76.1846,0.5148,2.2155
76.1848,0.5257,2.2678
76.1850,0.5143,2.2176
76.1852,0.5624,2.4193
76.1854,0.6751,2.9015
76.1856,0.7112,3.0552
76.1858,0.7329,3.147
76.1860,0.7909,3.3977
76.1862,0.8215,3.5242
76.1864,0.8299,3.5552
76.1866,0.8938,3.8272
76.1868,0.9296,3.9863
76.1870,0.9639,4.1295
76.1872,0.9831,4.2038
76.1874,1.0337,4.4181
76.1876,1.1123,4.7582
76.1878,1.0674,4.5707
76.1880,0.9971,4.2678
76.1882,1.0961,4.6868
76.1884,1.0715,4.586
76.1886,1.0483,4.489
76.1888,1.025,4.3951
76.1890,0.9509,4.0773
76.1892,0.9876,4.2267
76.1894,1.0359,4.4356
76.1896,1.0006,4.2867
76.1898,1.0349,4.4377
76.1900,0.965,4.138
76.1902,0.909,3.8979
76.1904,0.9534,4.0843
76.1906,0.9555,4.0974
76.1908,0.907,3.8964
76.1910,0.8305,3.5661
76.1912,0.8848,3.794
76.1914,0.9256,3.9744
76.1916,0.8674,3.7281
76.1918,0.8681,3.726
76.1920,0.8825,3.7842
76.1922,0.9414,4.0348
76.1924,0.9461,4.0586
76.1926,0.935,4.0076
76.1928,1.0269,4.4012
76.1930,1.0173,4.3581
76.1932,0.9766,4.1898
76.1934,0.9368,4.019
76.1936,0.962,4.1251
76.1938,0.9552,4.0977
76.1940,0.8817,3.7877
76.1942,0.8553,3.6778
76.1944,0.7864,3.3829
76.1946,0.7676,3.3009
76.1948,0.7594,3.2683
76.1950,0.7151,3.0822
76.1952,0.6783,2.9195
76.1954,0.68,2.9294
76.1956,0.6687,2.8809
76.1958,0.6951,2.9917
76.1960,0.76,3.2679
76.1962,0.7744,3.3328
76.1964,0.7717,3.32
76.1966,0.7446,3.2049
76.1968,0.6952,2.995
76.1970,0.6588,2.838
76.1972,0.6691,2.8824
76.1974,0.6932,2.9821
76.1976,0.7287,3.1391
76.1978,0.6979,3.0036
76.1980,0.7039,3.0308
76.1982,0.7004,3.0144
76.1984,0.7122,3.0641
76.1986,0.747,3.2122
76.1988,0.753,3.241
76.1990,0.8174,3.5181
76.1992,0.7036,3.0312
76.1994,0.5994,2.5859
76.1996,0.578,2.4933
76.1998,0.6029,2.5961
76.2000,0.6669,2.8678
76.2002,0.7294,3.1379
76.2004,0.7167,3.0889
76.2006,0.6486,2.7954
76.2008,0.6422,2.768
76.2010,0.6181,2.6666
76.2012,0.5516,2.3795
76.2014,0.5332,2.2993
76.2016,0.5319,2.2936
76.2018,0.5317,2.2926
76.2020,0.5389,2.3247
76.2022,0.5716,2.4647
76.2024,0.6205,2.6757
76.2026,0.5638,2.4311
76.2028,0.5303,2.289
76.2030,0.5302,2.2885
76.2032,0.5269,2.2729
76.2034,0.5211,2.2471
76.2036,0.5212,2.2476
76.2038,0.5257,2.2688
76.2040,0.5293,2.2843
76.2042,0.5251,2.2631
76.2044,0.554,2.3898
76.2046,0.5172,2.23
76.2048,0.5861,2.5226
76.2050,0.6144,2.6505
76.2052,0.5492,2.368
76.2054,0.5377,2.3173
76.2056,0.5805,2.4995
76.2058,0.5951,2.5673
76.2060,0.5425,2.3391
76.2062,0.582,2.5051
76.2064,0.6721,2.8899
76.2066,0.7045,3.032
76.2068,0.6722,2.8931
76.2070,0.6692,2.8816
76.2072,0.675,2.9077
76.2074,0.6768,2.9128
76.2076,0.704,3.0257
76.2078,0.7794,3.3514
76.2080,0.7832,3.3616
76.2082,0.8164,3.5026
76.2084,0.9047,3.883
76.2086,0.8596,3.6912
76.2088,0.8475,3.6426
76.2090,0.8118,3.4906
76.2092,0.7567,3.2555
76.2094,0.7591,3.2643
76.2096,0.7422,3.1901
76.2098,0.7452,3.2059
76.2100,0.6763,2.9134
76.2102,0.659,2.8377
76.2104,0.6915,2.9749
76.2106,0.6786,2.9246
76.2108,0.6281,2.7083
76.2110,0.6018,2.5914
76.2112,0.6553,2.8178
76.2114,0.6681,2.8783
76.2116,0.6582,2.8341
76.2118,0.6582,2.8314
76.2120,0.6845,2.9463
76.2122,0.671,2.888
76.2124,0.6831,2.9401
76.2126,0.7554,3.2422
76.2128,0.8212,3.533
76.2130,0.7561,3.2484
76.2132,0.8337,3.5833
76.2134,0.7775,3.3447
76.2136,0.6607,2.8436
76.2138,0.6977,3.0031
76.2140,0.7491,3.224
76.2142,0.726,3.1263
76.2144,0.6118,2.6379
76.2146,0.5682,2.4503
76.2148,0.5711,2.4604
76.2150,0.5688,2.4517
76.2152,0.521,2.2507
76.2154,0.4747,2.0479
76.2156,0.5377,2.3184
76.2158,0.559,2.4138
76.2160,0.4944,2.1327
76.2162,0.4808,2.0743
76.2164,0.4868,2.1011
76.2166,0.511,2.2036
76.2168,0.5901,2.5467
76.2170,0.4604,1.9891
76.2172,0.4022,1.7382
76.2174,0.416,1.7969
76.2176,0.4638,2.0008
76.2178,0.506,2.1809
76.2180,0.5106,2.2026
76.2182,0.4987,2.1514
76.2184,0.5432,2.34
76.2186,0.6331,2.7224
76.2188,0.6649,2.8603
76.2190,0.7037,3.0317
76.2192,0.6967,2.997
76.2194,0.6878,2.9547
76.2196,0.8226,3.5272
76.2198,0.959,4.1104
76.2200,0.9394,4.0298
76.2202,0.8336,3.5778
76.2204,0.8263,3.5464
76.2206,0.8949,3.8408
76.2208,0.8968,3.849
76.2210,0.8025,3.4461
76.2212,0.8301,3.5645
76.2214,0.8831,3.7868
76.2216,0.8926,3.8292
76.2218,0.877,3.7658
76.2220,0.8798,3.7759
76.2222,0.892,3.8249
76.2224,0.9377,4.0264
76.2226,0.8571,3.6804
76.2228,0.8927,3.8244
76.2230,0.9513,4.0756
76.2232,0.9798,4.1973
76.2234,0.965,4.1457
76.2236,0.8623,3.7025
76.2238,0.8386,3.6078
76.2240,0.768,3.3009
76.2242,0.8476,3.6329
76.2244,0.9497,4.0779
76.2246,0.8298,3.5696
76.2248,0.7145,3.0739
76.2250,0.7179,3.084
76.2252,0.779,3.3514
76.2254,0.7422,3.196
76.2256,0.7218,3.1054
76.2258,0.7573,3.2565
76.2260,0.7479,3.2143
76.2262,0.7469,3.2132
76.2264,0.7385,3.1726
76.2266,0.7956,3.4178
76.2268,0.8576,3.6841
76.2270,0.8253,3.5456
76.2272,0.8166,3.5096
76.2274,0.865,3.7109
76.2276,0.8722,3.7452
76.2278,0.815,3.5045
76.2280,0.7473,3.2117
76.2282,0.7934,3.4101
76.2284,0.8079,3.4741
76.2286,0.818,3.5158
76.2288,0.8445,3.6246
76.2290,0.8639,3.7114
76.2292,0.8391,3.6048
76.2294,0.8808,3.7841
76.2296,0.7872,3.3896
76.2298,0.7367,3.1664
76.2300,0.8047,3.457
76.2302,0.8029,3.4557
76.2304,0.7398,3.1827
76.2306,0.751,3.2292
76.2308,0.7336,3.153
76.2310,0.7488,3.2229
76.2312,0.726,3.1278
76.2314,0.6673,2.876
76.2316,0.6276,2.7049
76.2318,0.6065,2.6152
76.2320,0.6142,2.6434
76.2322,0.7059,3.0382
76.2324,0.715,3.0774
76.2326,0.6618,2.8509
76.2328,0.6422,2.7654
76.2330,0.6488,2.7977
76.2332,0.5992,2.5836
76.2334,0.5776,2.4917
76.2336,0.5464,2.3572
76.2338,0.5812,2.5073
76.2340,0.5021,2.1689
76.2342,0.413,1.7856
76.2344,0.4054,1.7538
76.2346,0.4074,1.761
76.2348,0.4113,1.7759
76.2350,0.4584,1.9803
76.2352,0.4552,1.9645
76.2354,0.522,2.2517
76.2356,0.4902,2.1156
76.2358,0.4622,1.996
76.2360,0.4592,1.983
76.2362,0.4495,1.9402
76.2364,0.4492,1.9386
76.2366,0.4519,1.9496
76.2368,0.5242,2.2636
76.2370,0.4674,2.0173
76.2372,0.4473,1.9295
76.2374,0.4469,1.9306
76.2376,0.4481,1.9358
76.2378,0.4492,1.9377
76.2380,0.4902,2.1127
76.2382,0.4964,2.1435
76.2384,0.4627,1.998
76.2386,0.5085,2.1917
76.2388,0.5766,2.4841
76.2390,0.5622,2.4222
76.2392,0.5745,2.476
76.2394,0.5604,2.4155
76.2396,0.5188,2.2393
76.2398,0.4702,2.0292
76.2400,0.4676,2.0193
76.2402,0.456,1.9681
76.2404,0.4832,2.0837
76.2406,0.5404,2.3281
76.2408,0.5606,2.4149
76.2410,0.5903,2.5454
76.2412,0.5573,2.401
76.2414,0.5833,2.5177
76.2416,0.4733,2.0436
76.2418,0.4574,1.9743
76.2420,0.5204,2.2429
76.2422,0.5703,2.4579
76.2424,0.5929,2.552
76.2426,0.58,2.4986
76.2428,0.5226,2.2553
76.2430,0.4576,1.9739
76.2432,0.4516,1.9481
76.2434,0.4518,1.95
76.2436,0.4917,2.1204
76.2438,0.5654,2.4344
76.2440,0.564,2.4288
76.2442,0.5468,2.3555
76.2444,0.5498,2.3684
76.2446,0.5658,2.4365
76.2448,0.566,2.4382
76.2450,0.5487,2.3638
76.2452,0.5477,2.3629
76.2454,0.5353,2.3081
76.2456,0.5458,2.3525
76.2458,0.5754,2.4767
76.2460,0.6473,2.7819
76.2462,0.7818,3.3555
76.2464,0.8052,3.4558
76.2466,0.7772,3.339
76.2468,0.8214,3.5269
76.2470,0.7752,3.3334
76.2472,0.7637,3.2854
76.2474,0.7372,3.167
76.2476,0.7444,3.1964
76.2478,0.7802,3.3519
76.2480,0.7751,3.3313
76.2482,0.7163,3.0773
76.2484,0.7083,3.0457
76.2486,0.7401,3.1838
76.2488,0.7417,3.1836
76.2490,0.741,3.1894
76.2492,0.648,2.7902
76.2494,0.6328,2.7272
76.2496,0.5475,2.3597
76.2498,0.501,2.1612
76.2500,0.5337,2.3035
76.2502,0.459,1.982
76.2504,0.4103,1.7709
76.2506,0.4452,1.9207
76.2508,0.4939,2.1307
76.2510,0.5132,2.2088
76.2512,0.5321,2.2946
76.2514,0.5224,2.2486
76.2516,0.6296,2.7087
76.2518,0.6535,2.8126
76.2520,0.6546,2.8147
76.2522,0.6854,2.9444
76.2524,0.7251,3.1135
76.2526,0.7119,3.0583
76.2528,0.7264,3.1206
76.2530,0.7148,3.0664
76.2532,0.8437,3.6143
76.2534,0.9042,3.8791
76.2536,0.9012,3.8662
76.2538,0.9314,3.9903
76.2540,0.918,3.9383
76.2542,0.8782,3.7675
76.2544,0.8741,3.75
76.2546,0.8967,3.8431
76.2548,0.9284,3.9793
76.2550,0.876,3.7635
76.2552,0.8386,3.5994
76.2554,0.845,3.6301
76.2556,0.8217,3.5236
76.2558,0.8826,3.783
76.2560,0.8511,3.6563
76.2562,0.8185,3.5179
76.2564,0.8274,3.5543
76.2566,0.865,3.7109
76.2568,0.8587,3.6871
76.2570,0.8637,3.7104
76.2572,0.84,3.6067
76.2574,0.8047,3.4586
76.2576,0.7736,3.3236
76.2578,0.7975,3.4261
76.2580,0.7902,3.3931
76.2582,0.7805,3.3545
76.2584,0.7892,3.3905
76.2586,0.8136,3.4902
76.2588,0.8589,3.6847
76.2590,0.8632,3.7032
76.2592,0.8919,3.8297
76.2594,0.8585,3.6848
76.2596,0.8669,3.7261
76.2598,0.7612,3.273
76.2600,0.7687,3.304
76.2602,0.8085,3.4686
76.2604,0.8527,3.6647
76.2606,0.7772,3.3406
76.2608,0.7856,3.3719
76.2610,0.8337,3.58
76.2612,0.887,3.8157
76.2614,0.776,3.3354
76.2616,0.7485,3.2199
76.2618,0.7824,3.3596
76.2620,0.8437,3.6227
76.2622,0.8241,3.547
76.2624,0.7176,3.0844
76.2626,0.8288,3.5589
76.2628,0.89,3.825
76.2630,0.814,3.4988
76.2632,0.8511,3.6546
76.2634,0.8284,3.5656
76.2636,0.7149,3.0783
76.2638,0.6716,2.8906
76.2640,0.6536,2.8145
76.2642,0.6563,2.8284
76.2644,0.6687,2.8795
76.2646,0.7055,3.0352
76.2648,0.6802,2.9277
76.2650,0.6631,2.8566
76.2652,0.6679,2.8746
76.2654,0.7341,3.155
76.2656,0.7193,3.096
76.2658,0.7064,3.0374
76.2660,0.7389,3.1771
76.2662,0.8275,3.5532
76.2664,0.85,3.6551
76.2666,0.7292,3.1397
76.2668,0.6914,2.9757
76.2670,0.6657,2.86
76.2672,0.7407,3.1863
76.2674,0.7438,3.2042
76.2676,0.6486,2.7954
76.2678,0.6179,2.6643
76.2680,0.6198,2.6713
76.2682,0.6369,2.7414
76.2684,0.6698,2.8855
76.2686,0.6899,2.9654
76.2688,0.7819,3.3622
76.2690,0.7316,3.1471
76.2692,0.7476,3.2163
76.2694,0.7262,3.1312
76.2696,0.5756,2.4829
76.2698,0.5524,2.3831
76.2700,0.5453,2.3515
76.2702,0.5456,2.3536
76.2704,0.5422,2.3381
76.2706,0.5463,2.3567
76.2708,0.547,2.3587
76.2710,0.5399,2.3282
76.2712,0.5363,2.3138
76.2714,0.5266,2.2729
76.2716,0.5263,2.2703
76.2718,0.5321,2.2936
76.2720,0.6122,2.6339
76.2722,0.6808,2.933
76.2724,0.598,2.5797
76.2726,0.5336,2.3019
76.2728,0.5289,2.2807
76.2730,0.5245,2.2626
76.2732,0.5206,2.246
76.2734,0.5244,2.2621
76.2736,0.5252,2.2636
76.2738,0.5268,2.2692
76.2740,0.5228,2.2553
76.2742,0.5229,2.2579
76.2744,0.5242,2.2615
76.2746,0.5245,2.2615
76.2748,0.5246,2.2641
76.2750,0.5215,2.2486
76.2752,0.5292,2.2785
76.2754,0.5967,2.568
76.2756,0.6547,2.8178
76.2758,0.6703,2.8849
76.2760,0.6519,2.8033
76.2762,0.6845,2.9477
76.2764,0.6058,2.6133
76.2766,0.5336,2.3008
76.2768,0.5525,2.3792
76.2770,0.6245,2.689
76.2772,0.6792,2.919
76.2774,0.6692,2.8816
76.2776,0.6408,2.7605
76.2778,0.6344,2.7306
76.2780,0.6242,2.6867
76.2782,0.6783,2.9195
76.2784,0.6792,2.9231
76.2786,0.6498,2.7953
76.2788,0.6823,2.9379
76.2790,0.6857,2.946
76.2792,0.7609,3.275
76.2794,0.6838,2.9405
76.2796,0.686,2.9566
76.2798,0.5926,2.554
76.2800,0.592,2.5467
76.2802,0.6434,2.768
76.2804,0.6639,2.8536
76.2806,0.7335,3.1583
76.2808,0.6889,2.9649
76.2810,0.664,2.8541
76.2812,0.703,3.0258
76.2814,0.6357,2.7413
76.2816,0.5968,2.5685
76.2818,0.6523,2.8049
76.2820,0.6426,2.7695
76.2822,0.52,2.2445
76.2824,0.4748,2.0503
76.2826,0.4365,1.8855
76.2828,0.4562,1.9682
76.2830,0.5167,2.231
76.2832,0.4131,1.7845
76.2834,0.3947,1.7053
76.2836,0.3947,1.7045
76.2838,0.4319,1.8641
76.2840,0.4488,1.9344
76.2842,0.5086,2.1933
76.2844,0.5312,2.2915
76.2846,0.5068,2.1855
76.2848,0.5361,2.3042
76.2850,0.6661,2.8668
76.2852,0.6533,2.809
76.2854,0.6891,2.9618
76.2856,0.7437,3.1888
76.2858,0.7664,3.2957
76.2860,0.7558,3.2408
76.2862,0.9349,4.0052
76.2864,0.9548,4.0962
76.2866,0.9355,4.0115
76.2868,0.9301,3.9884
76.2870,0.9251,3.9649
76.2872,0.9395,4.0285
76.2874,0.9079,3.8932
76.2876,0.9878,4.2258
76.2878,1.0746,4.5972
76.2880,1.0855,4.6439
76.2882,1.1213,4.799
76.2884,1.0876,4.6547
76.2886,1.0914,4.6603
76.2888,1.1329,4.8465
76.2890,1.1105,4.7594
76.2892,0.9651,4.1404
76.2894,0.935,4.0132
76.2896,0.9185,3.9422
76.2898,0.8411,3.6136
76.2900,0.8525,3.6591
76.2902,0.9541,4.0874
76.2904,0.9485,4.0746
76.2906,0.8513,3.6557
76.2908,0.8421,3.6177
76.2910,0.818,3.5174
76.2912,0.7846,3.3736
76.2914,0.7591,3.2627
76.2916,0.7849,3.372
76.2918,0.8045,3.4527
76.2920,0.8423,3.6221
76.2922,0.767,3.2998
76.2924,0.8292,3.5637
76.2926,0.8105,3.4801
76.2928,0.8076,3.4758
76.2930,0.6933,2.9854
76.2932,0.6905,2.9693
76.2934,0.7536,3.239
76.2936,0.806,3.4643
76.2938,0.7872,3.3865
76.2940,0.7366,3.1732
76.2942,0.6814,2.9315
76.2944,0.7224,3.1051
76.2946,0.7944,3.4206
76.2948,0.7148,3.0778
76.2950,0.6799,2.9248
76.2952,0.6963,2.9955
76.2954,0.7061,3.0392
76.2956,0.7431,3.1967
76.2958,0.7836,3.371
76.2960,0.7113,3.0614
76.2962,0.6812,2.9319
76.2964,0.732,3.1463
76.2966,0.8009,3.4437
76.2968,0.7156,3.0771
76.2970,0.694,2.9871
76.2972,0.6837,2.94
76.2974,0.7296,3.1418
76.2976,0.6878,2.9616
76.2978,0.6512,2.8067
76.2980,0.6004,2.5876
76.2982,0.5979,2.5756
76.2984,0.6045,2.6052
76.2986,0.6349,2.7377
76.2988,0.5775,2.4947
76.2990,0.5241,2.2579
76.2992,0.6174,2.6573
76.2994,0.7301,3.1424
76.2996,0.6604,2.8479
76.2998,0.5523,2.3826
76.3000,0.5543,2.3914
76.3002,0.4999,2.1585
76.3004,0.4724,2.0381
76.3006,0.5274,2.275
76.3008,0.5548,2.3935
76.3010,0.5473,2.3598
76.3012,0.5429,2.3433
76.3014,0.5494,2.3691
76.3016,0.548,2.3618
76.3018,0.5553,2.3922
76.3020,0.5705,2.4578
76.3022,0.5658,2.4422
76.3024,0.464,2.0037
76.3026,0.451,1.9482
76.3028,0.4511,1.9487
76.3030,0.4482,1.9327
76.3032,0.4444,1.9188
76.3034,0.4474,1.93
76.3036,0.4404,1.9026
76.3038,0.4338,1.8741
76.3040,0.4337,1.8727
76.3042,0.4684,2.0196
76.3044,0.4837,2.0886
76.3046,0.4434,1.9156
76.3048,0.4315,1.8626
76.3050,0.4367,1.8839
76.3052,0.5084,2.1922
76.3054,0.4722,2.037
76.3056,0.5011,2.1627
76.3058,0.527,2.2692
76.3060,0.5643,2.4309
76.3062,0.575,2.4792
76.3064,0.5777,2.4876
76.3066,0.5811,2.5009
76.3068,0.6154,2.6498
76.3070,0.6345,2.7311
76.3072,0.6317,2.7149
76.3074,0.6528,2.8095
76.3076,0.6547,2.8217
76.3078,0.5802,2.5008
76.3080,0.5378,2.3189
76.3082,0.5416,2.3322
76.3084,0.6385,2.743
76.3086,0.6582,2.8314
76.3088,0.6944,2.9845
76.3090,0.7251,3.1164
76.3092,0.6981,3.0088
76.3094,0.5655,2.4406
76.3096,0.4855,2.0945
76.3098,0.5269,2.2698
76.3100,0.5579,2.4002
76.3102,0.5869,2.5286
76.3104,0.5807,2.5005
76.3106,0.6226,2.6807
76.3108,0.6005,2.5869
76.3110,0.5958,2.568
76.3112,0.6005,2.5869
76.3114,0.5891,2.5367
76.3116,0.5968,2.5709
76.3118,0.6299,2.7084
76.3120,0.6741,2.9001
76.3122,0.6637,2.8538
76.3124,0.6421,2.7662
76.3126,0.594,2.5567
76.3128,0.6073,2.6139
76.3130,0.6331,2.7274
76.3132,0.5786,2.4924
76.3134,0.5667,2.4424
76.3136,0.533,2.2972
76.3138,0.471,2.0309
76.3140,0.4703,2.0297
76.3142,0.4686,2.0234
76.3144,0.4661,2.0107
76.3146,0.4619,1.9926
76.3148,0.4621,1.9936
76.3150,0.4664,2.0122
76.3152,0.4693,2.0246
76.3154,0.4805,2.0718
76.3156,0.448,1.9343
76.3158,0.4447,1.9186
76.3160,0.4833,2.0832
76.3162,0.5258,2.2662
76.3164,0.4837,2.0877
76.3166,0.406,1.7523
76.3168,0.3969,1.7138
76.3170,0.4324,1.8644
76.3172,0.4963,2.1341
76.3174,0.6521,2.7986
76.3176,0.741,3.1879
76.3178,0.6467,2.7858
76.3180,0.5674,2.4387
76.3182,0.6648,2.8585
76.3184,0.6867,2.9515
76.3186,0.7154,3.0689
76.3188,0.7258,3.1209
76.3190,0.6975,2.9979
76.3192,0.7584,3.2475
76.3194,0.9148,3.9207
76.3196,0.9084,3.9007
76.3198,0.8129,3.4888
76.3200,0.7873,3.3807
76.3202,0.8091,3.4696
76.3204,0.8541,3.659
76.3206,0.8916,3.8215
76.3208,0.935,4.0038
76.3210,0.9906,4.2455
76.3212,0.9338,4.0024
76.3214,0.9118,3.9079
76.3216,0.8583,3.6804
76.3218,0.8486,3.6421
76.3220,0.8206,3.5238
76.3222,0.7941,3.4085
76.3224,0.8018,3.4414
76.3226,0.8651,3.7131
76.3228,0.8864,3.8042
76.3230,0.8262,3.5475
76.3232,0.8168,3.5074
76.3234,0.8494,3.6474
76.3236,0.7975,3.4309
76.3238,0.7558,3.2453
76.3240,0.8813,3.7773
76.3242,0.9117,3.9055
76.3244,0.8708,3.7426
76.3246,0.7981,3.4239
76.3248,0.8373,3.5904
76.3250,0.8402,3.6095
76.3252,0.7852,3.3714
76.3254,0.8169,3.5063
76.3256,0.8379,3.5963
76.3258,0.8654,3.7159
76.3260,0.8247,3.5414
76.3262,0.8509,3.6434
76.3264,0.8702,3.7313
76.3266,0.9175,3.9344
76.3268,0.9337,4.0056
76.3270,0.9055,3.8848
76.3272,0.8789,3.7723
76.3274,0.91,3.9002
76.3276,0.9979,4.2749
76.3278,0.9258,3.9736
76.3280,0.898,3.8577
76.3282,0.8619,3.6992
76.3284,0.8379,3.6013
76.3286,0.8505,3.6504
76.3288,0.9353,4.0105
76.3290,0.9511,4.0745
76.3292,0.9774,4.1929
76.3294,0.8852,3.8044
76.3296,0.8535,3.6615
76.3298,0.886,3.8045
76.3300,0.8432,3.6206
76.3302,0.903,3.8812
76.3304,0.8453,3.6265
76.3306,0.879,3.7746
76.3308,0.8423,3.617
76.3310,0.8662,3.7195
76.3312,0.8712,3.7376
76.3314,0.8477,3.6436
76.3316,0.8066,3.4733
76.3318,0.7289,3.1402
76.3320,0.731,3.1416
76.3322,0.8036,3.4523
76.3324,0.7904,3.4004
76.3326,0.7342,3.1629
76.3328,0.6824,2.9384
76.3330,0.6338,2.7343
76.3332,0.6124,2.6393
76.3334,0.6166,2.6574
76.3336,0.6144,2.6444
76.3338,0.6547,2.823
76.3340,0.5933,2.5619
76.3342,0.5175,2.2326
76.3344,0.5172,2.23
76.3346,0.5162,2.2259
76.3348,0.5853,2.5202
76.3350,0.7272,3.1286
76.3352,0.6831,2.9401
76.3354,0.6597,2.8434
76.3356,0.5766,2.4864
76.3358,0.5614,2.4197
76.3360,0.5596,2.4108
76.3362,0.5649,2.4358
76.3364,0.5651,2.4379
76.3366,0.5626,2.4259
76.3368,0.5618,2.4212
76.3370,0.5627,2.4253
76.3372,0.5759,2.4833
76.3374,0.5615,2.419
76.3376,0.6079,2.6177
76.3378,0.5855,2.5247
76.3380,0.5613,2.4203
76.3382,0.6146,2.6442
76.3384,0.7603,3.2694
76.3386,0.7522,3.2344
76.3388,0.6849,2.9465
76.3390,0.6853,2.9494
76.3392,0.6911,2.9775
76.3394,0.5915,2.5494
76.3396,0.6004,2.5876
76.3398,0.6144,2.6505
76.3400,0.56,2.4146
76.3402,0.5722,2.4639
76.3404,0.5983,2.5788
76.3406,0.5667,2.4413
76.3408,0.6271,2.6991
76.3410,0.6857,2.9501
76.3412,0.6632,2.8544
76.3414,0.6488,2.7912
76.3416,0.7356,3.1676
76.3418,0.6563,2.8258
76.3420,0.6613,2.8462
76.3422,0.6762,2.9129
76.3424,0.6295,2.7132
76.3426,0.5628,2.4259
76.3428,0.5758,2.4817
76.3430,0.6694,2.884
76.3432,0.6492,2.7954
76.3434,0.6277,2.7042
76.3436,0.65,2.799
76.3438,0.6509,2.7987
76.3440,0.6853,2.948
76.3442,0.6275,2.7057
76.3444,0.5477,2.3618
76.3446,0.5507,2.3737
76.3448,0.7318,3.1423
76.3450,0.7473,3.2117
76.3452,0.7457,3.2065
76.3454,0.7018,3.0192
76.3456,0.6602,2.8389
76.3458,0.7051,3.036
76.3460,0.6097,2.6291
76.3462,0.5909,2.5468
76.3464,0.644,2.7706
76.3466,0.6836,2.9381
76.3468,0.7181,3.0865
76.3470,0.7535,3.2446
76.3472,0.6259,2.6952
76.3474,0.6656,2.8621
76.3476,0.7519,3.2288
76.3478,0.7503,3.2306
76.3480,0.6838,2.9418
76.3482,0.7185,3.0924
76.3484,0.6817,2.9339
76.3486,0.7163,3.0788
76.3488,0.6681,2.8769
76.3490,0.6229,2.6823
76.3492,0.6414,2.7644
76.3494,0.5274,2.2782
76.3496,0.4142,1.7892
76.3498,0.4245,1.8312
76.3500,0.4493,1.9364
76.3502,0.5326,2.2988
76.3504,0.51,2.1979
76.3506,0.5475,2.3597
76.3508,0.5403,2.3265
76.3510,0.5914,2.5465
76.3512,0.6456,2.7799
76.3514,0.639,2.7527
76.3516,0.6025,2.5921
76.3518,0.6643,2.8551
76.3520,0.7486,3.2144
76.3522,0.8123,3.4911
76.3524,0.7995,3.4364
76.3526,0.7649,3.2844
76.3528,0.8082,3.4703
76.3530,0.7963,3.4241
76.3532,0.7605,3.2699
76.3534,0.7372,3.1655
76.3536,0.7962,3.422
76.3538,0.7632,3.2787
76.3540,0.7929,3.4081
76.3542,0.8148,3.4954
76.3544,0.8258,3.5443
76.3546,0.8578,3.6817
76.3548,0.8962,3.8446
76.3550,0.9278,3.9749
76.3552,0.9296,3.9882
76.3554,0.9182,3.9319
76.3556,0.9355,4.019
76.3558,0.8393,3.6075
76.3560,0.8245,3.542
76.3562,0.8136,3.4951
76.3564,0.8066,3.4668
76.3566,0.8006,3.4443
76.3568,0.7463,3.2046
76.3570,0.8416,3.6123
76.3572,0.8708,3.7391
76.3574,0.8489,3.6488
76.3576,0.8554,3.6697
76.3578,0.9372,4.0168
76.3580,0.9584,4.1116
76.3582,0.9623,4.1338
76.3584,0.9235,3.9564
76.3586,0.9918,4.2506
76.3588,1.0063,4.3108
76.3590,1.0268,4.4048
76.3592,0.9919,4.2512
76.3594,0.9841,4.2296
76.3596,0.8164,3.514
76.3598,0.7601,3.2638
76.3600,0.8199,3.524
76.3602,0.7437,3.1978
76.3604,0.7425,3.1971
76.3606,0.7462,3.2101
76.3608,0.8158,3.5033
76.3610,0.886,3.808
76.3612,0.8073,3.4683
76.3614,0.8186,3.5184
76.3616,0.77,3.3096
76.3618,0.8348,3.5796
76.3620,0.894,3.8443
76.3622,0.8425,3.6176
76.3624,0.8747,3.7578
76.3626,0.8497,3.6518
76.3628,0.7847,3.3804
76.3630,0.6871,2.9585
76.3632,0.6447,2.7763
76.3634,0.624,2.6919
76.3636,0.5903,2.5477
76.3638,0.5861,2.5273
76.3640,0.5909,2.548
76.3642,0.5941,2.5631
76.3644,0.5886,2.537
76.3646,0.6337,2.7224
76.3648,0.7463,3.2106
76.3650,0.7009,3.0179
76.3652,0.6328,2.7309
76.3654,0.5638,2.4289
76.3656,0.6451,2.7778
76.3658,0.6753,2.9079
76.3660,0.6357,2.7401
76.3662,0.6107,2.6333
76.3664,0.618,2.6599
76.3666,0.6493,2.7933
76.3668,0.6325,2.7249
76.3670,0.6492,2.8018
76.3672,0.5512,2.3768
76.3674,0.5381,2.3205
76.3676,0.5465,2.3567
76.3678,0.5584,2.409
76.3680,0.6175,2.6553
76.3682,0.7482,3.2188
76.3684,0.6668,2.8739
76.3686,0.6137,2.6499
76.3688,0.595,2.5655
76.3690,0.6281,2.702
76.3692,0.6203,2.6796
76.3694,0.4881,2.1088
76.3696,0.4584,1.9785
76.3698,0.4768,2.0577
76.3700,0.4632,1.9964
76.3702,0.512,2.2088
76.3704,0.5505,2.3737
76.3706,0.5061,2.1855
76.3708,0.4869,2.1007
76.3710,0.4914,2.1188
76.3712,0.4875,2.1023
76.3714,0.4738,2.0457
76.3716,0.4727,2.0372
76.3718,0.5202,2.244
76.3720,0.4534,1.9586
76.3722,0.4413,1.9062
76.3724,0.439,1.8955
76.3726,0.4404,1.9017
76.3728,0.442,1.9085
76.3730,0.4509,1.9477
76.3732,0.4475,1.9314
76.3734,0.4437,1.9148
76.3736,0.4455,1.9217
76.3738,0.4463,1.9271
76.3740,0.4504,1.9456
76.3742,0.4483,1.9359
76.3744,0.4458,1.925
76.3746,0.4455,1.9226
76.3748,0.4723,2.0366
76.3750,0.5292,2.2775
76.3752,0.5903,2.5418
76.3754,0.5859,2.5239
76.3756,0.5549,2.3929
76.3758,0.561,2.4159
76.3760,0.5983,2.5776
76.3762,0.5528,2.3802
76.3764,0.5618,2.4212
76.3766,0.5792,2.495
76.3768,0.5945,2.5599
76.3770,0.5869,2.5274
76.3772,0.5832,2.5114
76.3774,0.6042,2.6042
76.3776,0.579,2.491
76.3778,0.6624,2.8508
76.3780,0.6752,2.9033
76.3782,0.7012,3.0138
76.3784,0.7011,3.0147
76.3786,0.715,3.0702
76.3788,0.7487,3.2194
76.3790,0.6612,2.8496
76.3792,0.5946,2.5616
76.3794,0.6132,2.638
76.3796,0.6656,2.8648
76.3798,0.679,2.9253
76.3800,0.6003,2.5871
76.3802,0.5295,2.2832
76.3804,0.5268,2.2682
76.3806,0.563,2.4241
76.3808,0.5947,2.561
76.3810,0.6006,2.5874
76.3812,0.594,2.5579
76.3814,0.6505,2.7958
76.3816,0.6627,2.855
76.3818,0.5859,2.5239
76.3820,0.5309,2.2916
76.3822,0.4064,1.7563
76.3824,0.3668,1.5853
76.3826,0.3654,1.5783
76.3828,0.3782,1.6338
76.3830,0.3857,1.6664
76.3832,0.3831,1.6542
76.3834,0.3788,1.6348
76.3836,0.4034,1.7393
76.3838,0.4624,1.9919
76.3840,0.5325,2.2962
76.3842,0.4853,2.0925
76.3844,0.477,2.0539
76.3846,0.5499,2.3667
76.3848,0.6356,2.7357
76.3850,0.6453,2.7724
76.3852,0.692,2.9741
76.3854,0.7023,3.0199
76.3856,0.7286,3.1255
76.3858,0.8838,3.7846
76.3860,0.9971,4.2658
76.3862,1.0882,4.6573
76.3864,1.0614,4.5408
76.3866,1.0432,4.4586
76.3868,1.0886,4.6507
76.3870,1.1211,4.7895
76.3872,1.1306,4.8299
76.3874,1.0906,4.6719
76.3876,0.9804,4.1979
76.3878,0.978,4.1935
76.3880,0.966,4.1382
76.3882,0.9933,4.2514
76.3884,0.9886,4.2314
76.3886,1.0148,4.3453
76.3888,0.9801,4.1988
76.3890,0.9588,4.1132
76.3892,0.9764,4.1888
76.3894,0.9292,3.9824
76.3896,0.9113,3.9095
76.3898,0.9093,3.9043
76.3900,0.8529,3.6572
76.3902,0.8876,3.8076
76.3904,0.8708,3.7373
76.3906,0.9226,3.9578
76.3908,0.9078,3.8927
76.3910,0.9184,3.9398
76.3912,0.8915,3.8228
76.3914,0.9489,4.071
76.3916,0.944,4.0518
76.3918,0.8453,3.6316
76.3920,0.8043,3.457
76.3922,0.8229,3.5369
76.3924,0.8145,3.4976
76.3926,0.8217,3.5301
76.3928,0.8338,3.5805
76.3930,0.8543,3.6702
76.3932,0.8257,3.5471
76.3934,0.7847,3.3772
76.3936,0.7663,3.2952
76.3938,0.8076,3.471
76.3940,0.8003,3.4427
76.3942,0.7536,3.2406
76.3944,0.7624,3.2736
76.3946,0.8281,3.5541
76.3948,0.842,3.6172
76.3950,0.8013,3.4394
76.3952,0.8239,3.5443
76.3954,0.7535,3.2461
76.3956,0.7486,3.2204
76.3958,0.7642,3.2844
76.3960,0.7247,3.1192
76.3962,0.6693,2.8808
76.3964,0.6997,3.0127
76.3966,0.6878,2.9602
76.3968,0.6841,2.9456
76.3970,0.6759,2.9132
76.3972,0.6628,2.8555
76.3974,0.6666,2.8702
76.3976,0.6736,2.898
76.3978,0.7343,3.1546
76.3980,0.8414,3.6213
76.3982,0.7119,3.0697
76.3984,0.6109,2.6331
76.3986,0.6386,2.755
76.3988,0.5824,2.5089
76.3990,0.6455,2.7819
76.3992,0.58,2.5009
76.3994,0.6162,2.6534
76.3996,0.6263,2.698
76.3998,0.5564,2.4002
76.4000,0.5549,2.3951
76.4002,0.5697,2.4565
76.4004,0.5469,2.3549
76.4006,0.6589,2.8372
76.4008,0.6756,2.9062
76.4010,0.7263,3.1172
76.4012,0.823,3.5391
76.4014,0.7134,3.0778
76.4016,0.5637,2.4329
76.4018,0.544,2.3469
76.4020,0.5233,2.2585
76.4022,0.5182,2.2378
76.4024,0.5092,2.1969
76.4026,0.5194,2.2398
76.4028,0.5247,2.2636
76.4030,0.5116,2.2083
76.4032,0.5452,2.3521
76.4034,0.5435,2.3448
76.4036,0.5212,2.2486
76.4038,0.5277,2.2776
76.4040,0.513,2.2139
76.4042,0.5097,2.1979
76.4044,0.5181,2.2341
76.4046,0.5226,2.2533
76.4048,0.536,2.309
76.4050,0.5632,2.4274
76.4052,0.5878,2.5345
76.4054,0.6282,2.7025
76.4056,0.7227,3.1032
76.4058,0.8097,3.4819
76.4060,0.7541,3.2456
76.4062,0.6694,2.8799
76.4064,0.6493,2.7946
76.4066,0.6607,2.8449
76.4068,0.6522,2.803
76.4070,0.6774,2.914
76.4072,0.7096,3.0499
76.4074,0.7729,3.3267
76.4076,0.6483,2.7879
76.4078,0.7256,3.1155
76.4080,0.7928,3.4092
76.4082,0.7858,3.3756
76.4084,0.7999,3.4348
76.4086,0.8172,3.5122
76.4088,0.8093,3.4766
76.4090,0.8102,3.4807
76.4092,0.7816,3.3591
76.4094,0.7476,3.2208
76.4096,0.6464,2.7835
76.4098,0.6274,2.7014
76.4100,0.665,2.8648
76.4102,0.6624,2.8522
76.4104,0.7024,3.019
76.4106,0.7949,3.4147
76.4108,0.8465,3.6401
76.4110,0.7576,3.2545
76.4112,0.7295,3.1428
76.4114,0.5889,2.538
76.4116,0.6465,2.784
76.4118,0.6819,2.9336
76.4120,0.6784,2.92
76.4122,0.6533,2.8142
76.4124,0.5845,2.5206
76.4126,0.5751,2.4809
76.4128,0.5082,2.1922
76.4130,0.4765,2.0576
76.4132,0.474,2.0458
76.4134,0.4782,2.0629
76.4136,0.4778,2.0623
76.4138,0.4744,2.0473
76.4140,0.473,2.0407
76.4142,0.5184,2.231
76.4144,0.5973,2.5802
76.4146,0.4374,1.8897
76.4148,0.4094,1.7693
76.4150,0.3919,1.6936
76.4152,0.3889,1.6799
76.4154,0.4342,1.8739
76.4156,0.4299,1.8579
76.4158,0.391,1.6884
76.4160,0.386,1.6659
76.4162,0.3919,1.6913
76.4164,0.4031,1.7399
76.4166,0.4307,1.8581
76.4168,0.4746,2.0464
76.4170,0.5398,2.3277
76.4172,0.4967,2.1426
76.4174,0.4913,2.1173
76.4176,0.5188,2.2341
76.4178,0.6041,2.5964
76.4180,0.6991,3.0074
76.4182,0.6252,2.6908
76.4184,0.6292,2.7066
76.4186,0.6922,2.9752
76.4188,0.7938,3.4053
76.4190,0.8144,3.4954
76.4192,0.8215,3.5209
76.4194,0.8846,3.7877
76.4196,0.9558,4.0946
76.4198,1.0041,4.3016
76.4200,1.0018,4.2898
76.4202,1.031,4.4084
76.4204,1.1159,4.7736
76.4206,1.1108,4.7499
76.4208,1.1076,4.736
76.4210,1.134,4.8466
76.4212,1.1143,4.7626
76.4214,1.1483,4.9145
76.4216,1.1099,4.757
76.4218,1.0101,4.3273
76.4220,0.9806,4.199
76.4222,0.9815,4.2065
76.4224,0.9538,4.0935
76.4226,0.8727,3.7491
76.4228,0.8653,3.7137
76.4230,0.9009,3.872
76.4232,0.8388,3.6033
76.4234,0.7793,3.3525
76.4236,0.71,3.0544
76.4238,0.685,2.9457
76.4240,0.7292,3.1383
76.4242,0.7253,3.1218
76.4244,0.7214,3.1034
76.4246,0.7189,3.0882
76.4248,0.7998,3.4391
76.4250,0.801,3.4395
76.4252,0.8408,3.6138
76.4254,0.7853,3.3736
76.4256,0.7774,3.3396
76.4258,0.7793,3.351
76.4260,0.7862,3.3809
76.4262,0.8064,3.4659
76.4264,0.8298,3.5664
76.4266,0.7655,3.2932
76.4268,0.7069,3.0381
76.4270,0.7815,3.3555
76.4272,0.8333,3.5746
76.4274,0.8361,3.5954
76.4276,0.7161,3.0821
76.4278,0.6846,2.9491
76.4280,0.697,2.9986
76.4282,0.746,3.2076
76.4284,0.7461,3.2037
76.4286,0.8083,3.4741
76.4288,0.797,3.4273
76.4290,0.8032,3.4552
76.4292,0.782,3.3659
76.4294,0.6926,2.9851
76.4296,0.642,2.7657
76.4298,0.6612,2.851
76.4300,0.6088,2.6226
76.4302,0.6066,2.6133
76.4304,0.6037,2.5973
76.4306,0.687,2.9553
76.4308,0.7792,3.3473
76.4310,0.809,3.4837
76.4312,0.6578,2.8352
76.4314,0.5856,2.5311
76.4316,0.4802,2.0717
76.4318,0.5094,2.2005
76.4320,0.4602,1.9872
76.4322,0.4746,2.0503
76.4324,0.4611,1.9917
76.4326,0.4491,1.9399
76.4328,0.4499,1.9445
76.4330,0.4488,1.9353
76.4332,0.4988,2.1529
76.4334,0.4575,1.9762
76.4336,0.4519,1.9515
76.4338,0.4501,1.9437
76.4340,0.5004,2.1566
76.4342,0.5578,2.4075
76.4344,0.4828,2.0826
76.4346,0.4627,1.9981
76.4348,0.4491,1.939
76.4350,0.4456,1.9231
76.4352,0.4489,1.9376
76.4354,0.4512,1.9484
76.4356,0.4494,1.9406
76.4358,0.4473,1.9313
76.4360,0.4644,2.0044
76.4362,0.504,2.1762
76.4364,0.4589,1.9806
76.4366,0.4479,1.933
76.4368,0.4477,1.9316
76.4370,0.4445,1.9176
76.4372,0.4494,1.9388
76.4374,0.4503,1.9442
76.4376,0.4452,1.9234
76.4378,0.4437,1.9149
76.4380,0.4437,1.9157
76.4382,0.4463,1.9271
76.4384,0.4491,1.9372
76.4386,0.4631,1.9959
76.4388,0.5161,2.2233
76.4390,0.5115,2.2057
76.4392,0.4595,1.9832
76.4394,0.456,1.9682
76.4396,0.4855,2.0926
76.4398,0.5248,2.2621
76.4400,0.5408,2.3308
76.4402,0.5384,2.3183
76.4404,0.569,2.45
76.4406,0.5612,2.4175
76.4408,0.5293,2.2812
76.4410,0.5533,2.3812
76.4412,0.6228,2.6781
76.4414,0.6554,2.8209
76.4416,0.659,2.8325
76.4418,0.7275,3.1238
76.4420,0.7484,3.2164
76.4422,0.7462,3.2057
76.4424,0.7002,3.012
76.4426,0.5964,2.5694
76.4428,0.5371,2.3137
76.4430,0.5684,2.4485
76.4432,0.5915,2.5459
76.4434,0.6819,2.9295
76.4436,0.7238,3.1151
76.4438,0.6678,2.8688
76.4440,0.7166,3.0756
76.4442,0.7455,3.207
76.4444,0.7148,3.0764
76.4446,0.6458,2.781
76.4448,0.6397,2.7495
76.4450,0.7067,3.0362
76.4452,0.7372,3.167
76.4454,0.7073,3.0416
76.4456,0.6865,2.956
76.4458,0.6108,2.629
76.4460,0.5906,2.5441
76.4462,0.589,2.5374
76.4464,0.6021,2.5901
76.4466,0.6485,2.7897
76.4468,0.6284,2.7073
76.4470,0.5805,2.4984
76.4472,0.5672,2.4434
76.4474,0.5776,2.4895
76.4476,0.6144,2.6469
76.4478,0.5575,2.4015
76.4480,0.5329,2.2988
76.4482,0.5095,2.1969
76.4484,0.5232,2.2559
76.4486,0.5022,2.1644
76.4488,0.5158,2.2243
76.4490,0.542,2.3327
76.4492,0.6661,2.8669
76.4494,0.583,2.5162
76.4496,0.4752,2.051
76.4498,0.4783,2.0625
76.4500,0.4855,2.0906
76.4502,0.5295,2.2833
76.4504,0.4999,2.1516
76.4506,0.5569,2.3978
76.4508,0.5679,2.4431
76.4510,0.6613,2.8476
76.4512,0.6409,2.7572
76.4514,0.6942,2.9876
76.4516,0.6415,2.7572
76.4518,0.6962,2.9908
76.4520,0.7362,3.16
76.4522,0.797,3.4177
76.4524,0.8571,3.6719
76.4526,0.933,4.0008
76.4528,0.9072,3.892
76.4530,0.9046,3.8753
76.4532,0.9745,4.1748
76.4534,0.9498,4.0671
76.4536,0.928,3.9829
76.4538,0.8502,3.6404
76.4540,0.9674,4.1406
76.4542,0.9974,4.2749
76.4544,0.9589,4.1061
76.4546,0.9942,4.261
76.4548,0.9424,4.039
76.4550,0.9488,4.0629
76.4552,0.9848,4.2249
76.4554,0.9617,4.1275
76.4556,0.905,3.8823
76.4558,0.9108,3.9093
76.4560,0.8729,3.7502
76.4562,0.824,3.54
76.4564,0.8216,3.5297
76.4566,0.8072,3.4695
76.4568,0.7395,3.1783
76.4570,0.7716,3.3164
76.4572,0.7789,3.3478
76.4574,0.8216,3.5297
76.4576,0.837,3.5906
76.4578,0.8162,3.5081
76.4580,0.78,3.3525
76.4582,0.7906,3.3947
76.4584,0.8241,3.5339
76.4586,0.8738,3.7503
76.4588,0.8548,3.6724
76.4590,0.7776,3.3437
76.4592,0.8004,3.4353
76.4594,0.8347,3.5825
76.4596,0.8349,3.5852
76.4598,0.8334,3.5768
76.4600,0.8773,3.7669
76.4602,0.7678,3.303
76.4604,0.8042,3.4534
76.4606,0.8617,3.7017
76.4608,0.7914,3.403
76.4610,0.7785,3.3458
76.4612,0.8126,3.491
76.4614,0.7942,3.4101
76.4616,0.7806,3.3551
76.4618,0.8178,3.5165
76.4620,0.795,3.4185
76.4622,0.7397,3.1778
76.4624,0.7862,3.3856
76.4626,0.692,2.9784
76.4628,0.7106,3.0527
76.4630,0.7702,3.3149
76.4632,0.6831,2.9388
76.4634,0.6719,2.893
76.4636,0.6795,2.9247
76.4638,0.6933,2.9868
76.4640,0.7302,3.1386
76.4642,0.8235,3.5412
76.4644,0.7318,3.1482
76.4646,0.7067,3.0461
76.4648,0.6203,2.671
76.4650,0.6611,2.8452
76.4652,0.6897,2.9686
76.4654,0.6942,2.9863
76.4656,0.6982,3.0038
76.4658,0.7416,3.192
76.4660,0.7055,3.0367
76.4662,0.6392,2.7577
76.4664,0.5916,2.5488
76.4666,0.6269,2.6994
76.4668,0.6238,2.6872
76.4670,0.6388,2.7518
76.4672,0.6877,2.9584
76.4674,0.7205,3.0997
76.4676,0.7641,3.2855
76.4678,0.7316,3.1516
76.4680,0.6554,2.8183
76.4682,0.697,3.0056
76.4684,0.5766,2.4876
76.4686,0.5349,2.3076
76.4688,0.5304,2.2901
76.4690,0.5293,2.2844
76.4692,0.5551,2.3901
76.4694,0.5807,2.5052
76.4696,0.5742,2.475
76.4698,0.5671,2.4451
76.4700,0.5301,2.2859
76.4702,0.5286,2.2813
76.4704,0.5318,2.2963
76.4706,0.5635,2.424
76.4708,0.6733,2.9019
76.4710,0.5625,2.4255
76.4712,0.5788,2.497
76.4714,0.5473,2.3609
76.4716,0.5413,2.334
76.4718,0.5371,2.3159
76.4720,0.5358,2.3112
76.4722,0.5372,2.3175
76.4724,0.5371,2.3148
76.4726,0.5367,2.3132
76.4728,0.5337,2.3014
76.4730,0.5335,2.3004
76.4732,0.5197,2.243
76.4734,0.5226,2.2543
76.4736,0.5215,2.2507
76.4738,0.5228,2.2533
76.4740,0.5901,2.5373
76.4742,0.6964,2.9947
76.4744,0.7085,3.0482
76.4746,0.729,3.1349
76.4748,0.7663,3.2907
76.4750,0.7832,3.3695
76.4752,0.683,2.941
76.4754,0.6445,2.7753
76.4756,0.639,2.7502
76.4758,0.6426,2.7683
76.4760,0.6576,2.8276
76.4762,0.6956,2.9897
76.4764,0.7663,3.2907
76.4766,0.8276,3.5554
76.4768,0.7844,3.3731
76.4770,0.7255,3.1209
76.4772,0.6861,2.9544
76.4774,0.6882,2.9618
76.4776,0.5932,2.5543
76.4778,0.5836,2.5118
76.4780,0.5759,2.4811
76.4782,0.6034,2.5982
76.4784,0.5734,2.4702
76.4786,0.5718,2.4658
76.4788,0.5865,2.5254
76.4790,0.6328,2.7247
76.4792,0.5994,2.5811
76.4794,0.6049,2.6025
76.4796,0.6711,2.8899
76.4798,0.6394,2.7544
76.4800,0.5571,2.4011
76.4802,0.5549,2.3918
76.4804,0.6114,2.6352
76.4806,0.49,2.1166
76.4808,0.3968,1.7149
76.4810,0.4218,1.8215
76.4812,0.4529,1.9556
76.4814,0.426,1.8379
76.4816,0.4735,2.0418
76.4818,0.5029,2.1685
76.4820,0.4922,2.1205
76.4822,0.5476,2.3614
76.4824,0.5124,2.2104
76.4826,0.5004,2.1566
76.4828,0.5475,2.3565
76.4830,0.5777,2.4888
76.4832,0.5251,2.2621
76.4834,0.522,2.2507
76.4836,0.4776,2.0604
76.4838,0.5391,2.3225
76.4840,0.6566,2.8261
76.4842,0.6798,2.9189
76.4844,0.7292,3.1311
76.4846,0.7661,3.2912
76.4848,0.7511,3.2268
76.4850,0.7789,3.3416
76.4852,0.8631,3.701
76.4854,0.8574,3.6746
76.4856,0.9315,3.9848
76.4858,1.0509,4.5041
76.4860,0.9839,4.2109
76.4862,1.0152,4.3428
76.4864,1.0441,4.4644
76.4866,1.1036,4.7214
76.4868,1.0679,4.5814
76.4870,0.966,4.1441
76.4872,0.9161,3.9228
76.4874,1.0044,4.3027
76.4876,1.0182,4.3556
76.4878,1.0911,4.6654
76.4880,1.0774,4.6134
76.4882,1.0312,4.4178
76.4884,1.0146,4.3423
76.4886,1.0736,4.5969
76.4888,1.0968,4.6922
76.4890,1.0747,4.6064
76.4892,0.9491,4.0716
76.4894,0.9128,3.9175
76.4896,0.8984,3.8576
76.4898,0.9215,3.9533
76.4900,0.9515,4.0895
76.4902,0.8232,3.538
76.4904,0.8577,3.6813
76.4906,0.8595,3.6873
76.4908,0.9141,3.9268
76.4910,0.8583,3.6873
76.4912,0.9058,3.8859
76.4914,0.9771,4.19
76.4916,0.9008,3.8733
76.4918,0.7535,3.2416
76.4920,0.7709,3.3118
76.4922,0.7621,3.2787
76.4924,0.6669,2.8732
76.4926,0.6551,2.8207
76.4928,0.7013,3.0172
76.4930,0.7078,3.0479
76.4932,0.6903,2.9753
76.4934,0.6073,2.6176
76.4936,0.5955,2.5653
76.4938,0.6515,2.8052
76.4940,0.7421,3.1926
76.4942,0.6639,2.8602
76.4944,0.6077,2.6192
76.4946,0.6059,2.6102
76.4948,0.6792,2.9259
76.4950,0.6548,2.821
76.4952,0.5968,2.5722
76.4954,0.5898,2.5434
76.4956,0.5912,2.5479
76.4958,0.6392,2.7551
76.4960,0.6183,2.6622
76.4962,0.6626,2.8559
76.4964,0.625,2.6949
76.4966,0.6009,2.5897
76.4968,0.5919,2.551
76.4970,0.6024,2.5916
76.4972,0.6873,2.9569
76.4974,0.6979,3.005
76.4976,0.6653,2.8646
76.4978,0.615,2.6507
76.4980,0.5729,2.4705
76.4982,0.5281,2.2803
76.4984,0.4777,2.0628
76.4986,0.4822,2.08
76.4988,0.4859,2.0951
76.4990,0.5336,2.3009
76.4992,0.5617,2.4241
76.4994,0.4718,2.0384
76.4996,0.4421,1.9099
76.4998,0.5091,2.1934
76.5000,0.6238,2.6859
76.5002,0.5974,2.5759
76.5004,0.5529,2.3852
76.5006,0.5298,2.2875
76.5008,0.4675,2.0178
76.5010,0.4692,2.0242
76.5012,0.5158,2.2254
76.5014,0.5531,2.3863
76.5016,0.5551,2.3923
76.5018,0.5712,2.4609
76.5020,0.5904,2.5448
76.5022,0.6033,2.5989
76.5024,0.5413,2.334
76.5026,0.4744,2.0473
76.5028,0.4585,1.9799
76.5030,0.4655,2.0109
76.5032,0.4615,1.992
76.5034,0.4666,2.0128
76.5036,0.4831,2.0871
76.5038,0.4325,1.8659
76.5040,0.4414,1.905
76.5042,0.4753,2.0515
76.5044,0.4675,2.0169
76.5046,0.5018,2.1639
76.5048,0.5787,2.4907
76.5050,0.6222,2.6792
76.5052,0.5802,2.5008
76.5054,0.5715,2.4608
76.5056,0.5977,2.5751
76.5058,0.5787,2.493
76.5060,0.5531,2.3818
76.5062,0.5647,2.4303
76.5064,0.6189,2.6685
76.5066,0.5428,2.3418
76.5068,0.5265,2.2704
76.5070,0.5361,2.3096
76.5072,0.5609,2.4188
76.5074,0.588,2.5321
76.5076,0.6082,2.6164
76.5078,0.6713,2.885
76.5080,0.7228,3.1095
76.5082,0.697,3
76.5084,0.6433,2.7727
76.5086,0.5817,2.507
76.5088,0.5685,2.4491
76.5090,0.5609,2.4143
76.5092,0.5814,2.5014
76.5094,0.6842,2.9407
76.5096,0.7469,3.2088
76.5098,0.7114,3.0577
76.5100,0.7553,3.2448
76.5102,0.796,3.421
76.5104,0.7277,3.1278
76.5106,0.6994,3.0062
76.5108,0.721,3.1018
76.5110,0.6449,2.7755
76.5112,0.6384,2.7515
76.5114,0.5896,2.5412
76.5116,0.5745,2.4714
76.5118,0.6071,2.6142
76.5120,0.5934,2.5565
76.5122,0.6475,2.7804
76.5124,0.7228,3.1067
76.5126,0.7028,3.0262
76.5128,0.6051,2.6054
76.5130,0.5927,2.5546
76.5132,0.5751,2.4775
76.5134,0.5521,2.3816
76.5136,0.472,2.0379
76.5138,0.411,1.7757
76.5140,0.385,1.6633
76.5142,0.3908,1.6858
76.5144,0.3963,1.7104
76.5146,0.3843,1.6587
76.5148,0.3881,1.6768
76.5150,0.3865,1.6695
76.5152,0.3868,1.6695
76.5154,0.3857,1.6649
76.5156,0.3842,1.6582
76.5158,0.3875,1.6742
76.5160,0.3934,1.698
76.5162,0.4103,1.7693
76.5164,0.4414,1.9033
76.5166,0.5015,2.1623
76.5168,0.5332,2.2993
76.5170,0.4986,2.1469
76.5172,0.5618,2.4168
76.5174,0.6478,2.7905
76.5176,0.5877,2.5258
76.5178,0.6763,2.908
76.5180,0.6611,2.8439
76.5182,0.6486,2.7889
76.5184,0.699,3.0055
76.5186,0.7033,3.0226
76.5188,0.79,3.3826
76.5190,0.9221,3.9484
76.5192,0.9738,4.1697
76.5194,0.9829,4.2068
76.5196,0.9681,4.1476
76.5198,0.9746,4.1772
76.5200,0.9927,4.2509
76.5202,0.989,4.231
76.5204,1.0678,4.5595
76.5206,1.1477,4.9074
76.5208,1.1135,4.7612
76.5210,1.1001,4.7038
76.5212,1.0815,4.633
76.5214,1.0122,4.3401
76.5216,0.9352,4.0119
76.5218,0.8232,3.5364
76.5220,0.8322,3.5733
76.5222,0.8823,3.7833
76.5224,0.8912,3.8213
76.5226,0.9329,4.0021
76.5228,0.9209,3.9488
76.5230,0.9745,4.1787
76.5232,0.906,3.8887
76.5234,0.8175,3.5138
76.5236,0.8038,3.4513
76.5238,0.8673,3.719
76.5240,0.8455,3.6322
76.5242,0.8044,3.4539
76.5244,0.8392,3.6004
76.5246,0.9373,4.0193
76.5248,0.9229,3.9594
76.5250,0.901,3.8617
76.5252,0.9241,3.9664
76.5254,0.8952,3.8406
76.5256,0.9011,3.8676
76.5258,0.881,3.7864
76.5260,0.8111,3.4843
76.5262,0.8186,3.5168
76.5264,0.7693,3.3112
76.5266,0.7516,3.2319
76.5268,0.8038,3.4497
76.5270,0.8666,3.7229
76.5272,0.8518,3.6595
76.5274,0.8376,3.5965
76.5276,0.8368,3.5968
76.5278,0.8364,3.5981
76.5280,0.7738,3.3288
76.5282,0.753,3.2395
76.5284,0.7419,3.1916
76.5286,0.7384,3.1737
76.5288,0.7668,3.2927
76.5290,0.8174,3.5149
76.5292,0.7914,3.4014
76.5294,0.8167,3.5086
76.5296,0.8246,3.5393
76.5298,0.9008,3.8643
76.5300,0.8901,3.822
76.5302,0.8528,3.6619
76.5304,0.9156,3.9226
76.5306,0.9638,4.1348
76.5308,0.8722,3.754
76.5310,0.7859,3.3762
76.5312,0.7884,3.3949
76.5314,0.6388,2.7556
76.5316,0.5855,2.5248
76.5318,0.6183,2.6647
76.5320,0.5529,2.3874
76.5322,0.501,2.1642
76.5324,0.4979,2.1488
76.5326,0.5427,2.3413
76.5328,0.5494,2.3724
76.5330,0.5443,2.3469
76.5332,0.5479,2.3602
76.5334,0.5458,2.3547
76.5336,0.5469,2.3528
76.5338,0.6876,2.9593
76.5340,0.6618,2.8509
76.5342,0.5842,2.5226
76.5344,0.5382,2.3237
76.5346,0.5236,2.259
76.5348,0.5259,2.2688
76.5350,0.5272,2.2745
76.5352,0.5314,2.2926
76.5354,0.542,2.3327
76.5356,0.5624,2.4261
76.5358,0.5323,2.2984
76.5360,0.5302,2.2875
76.5362,0.53,2.2854
76.5364,0.5281,2.2771
76.5366,0.5263,2.2714
76.5368,0.5262,2.2699
76.5370,0.5539,2.3805
76.5372,0.6838,2.9419
76.5374,0.6208,2.6755
76.5376,0.5667,2.4424
76.5378,0.6003,2.5896
76.5380,0.5341,2.3029
76.5382,0.5275,2.2745
76.5384,0.5254,2.2657
76.5386,0.5215,2.2497
76.5388,0.5221,2.2502
76.5390,0.5263,2.2704
76.5392,0.5377,2.3174
76.5394,0.5365,2.3133
76.5396,0.5205,2.2456
76.5398,0.5204,2.245
76.5400,0.5277,2.2755
76.5402,0.5305,2.2864
76.5404,0.5696,2.4526
76.5406,0.6275,2.6994
76.5408,0.6667,2.8681
76.5410,0.7548,3.2443
76.5412,0.8286,3.5612
76.5414,0.7747,3.3283
76.5416,0.7326,3.1504
76.5418,0.7173,3.0844
76.5420,0.7257,3.1205
76.5422,0.7433,3.1933
76.5424,0.7438,3.1968
76.5426,0.7553,3.2448
76.5428,0.8481,3.6418
76.5430,0.827,3.5529
76.5432,0.7961,3.4247
76.5434,0.7052,3.0337
76.5436,0.6685,2.8719
76.5438,0.7396,3.1803
76.5440,0.7431,3.1982
76.5442,0.7035,3.0279
76.5444,0.6623,2.849
76.5446,0.6602,2.8456
76.5448,0.6244,2.686
76.5450,0.6673,2.8734
76.5452,0.6144,2.6469
76.5454,0.6021,2.5901
76.5456,0.6493,2.7946
76.5458,0.6141,2.6441
76.5460,0.6813,2.9311
76.5462,0.6624,2.8535
76.5464,0.6591,2.8369
76.5466,0.6888,2.963
76.5468,0.6144,2.6469
76.5470,0.5988,2.5809
76.5472,0.5174,2.2311
76.5474,0.5601,2.414
76.5476,0.5902,2.5437
76.5478,0.5901,2.5397
76.5480,0.615,2.6519
76.5482,0.5395,2.3262
76.5484,0.5221,2.2481
76.5486,0.5673,2.4439
76.5488,0.5639,2.4328
76.5490,0.4951,2.1379
76.5492,0.4352,1.8799
76.5494,0.4295,1.8521
76.5496,0.4778,2.0624
76.5498,0.515,2.2197
76.5500,0.5304,2.288
76.5502,0.53,2.2832
76.5504,0.5783,2.4879
76.5506,0.6535,2.8114
76.5508,0.6603,2.8434
76.5510,0.6413,2.7601
76.5512,0.668,2.8711
76.5514,0.7117,3.0616
76.5516,0.7281,3.1264
76.5518,0.8771,3.7559
76.5520,0.9664,4.1379
76.5522,0.974,4.1708
76.5524,0.9837,4.2163
76.5526,0.9854,4.2215
76.5528,0.9877,4.2313
76.5530,0.9872,4.2352
76.5532,0.9216,3.9482
76.5534,0.9913,4.2427
76.5536,0.9708,4.1608
76.5538,0.9534,4.092
76.5540,0.9849,4.2136
76.5542,1.109,4.7467
76.5544,1.0491,4.4922
76.5546,1.0321,4.4234
76.5548,1.0095,4.3248
76.5550,1.0642,4.5675
76.5552,0.9078,3.9019
76.5554,0.851,3.6525
76.5556,0.8532,3.6652
76.5558,0.8419,3.6184
76.5560,0.8234,3.5391
76.5562,0.7924,3.3976
76.5564,0.9078,3.8928
76.5566,0.9011,3.8712
76.5568,0.7897,3.3974
76.5570,0.6934,2.9818
76.5572,0.7317,3.1463
76.5574,0.7728,3.3185
76.5576,0.8666,3.7177
76.5578,0.8469,3.6384
76.5580,0.8321,3.5778
76.5582,0.7677,3.304
76.5584,0.7125,3.068
76.5586,0.6838,2.9419
76.5588,0.6954,2.9956
76.5590,0.7016,3.0196
76.5592,0.7095,3.0494
76.5594,0.7528,3.237
76.5596,0.7725,3.3262
76.5598,0.7247,3.1193
76.5600,0.697,2.9972
76.5602,0.7295,3.137
76.5604,0.7673,3.3009
76.5606,0.7523,3.2395
76.5608,0.7079,3.0498
76.5610,0.6263,2.6993
76.5612,0.5782,2.4932
76.5614,0.5971,2.5701
76.5616,0.6536,2.8132
76.5618,0.674,2.905
76.5620,0.6952,2.9937
76.5622,0.6655,2.867
76.5624,0.5963,2.5701
76.5626,0.6636,2.856
76.5628,0.7029,3.0253
76.5630,0.7018,3.0165
76.5632,0.7281,3.1381
76.5634,0.6329,2.7277
76.5636,0.6882,2.9618
76.5638,0.7271,3.1267
76.5640,0.7662,3.3024
76.5642,0.6384,2.754
76.5644,0.5242,2.2626
76.5646,0.5165,2.2269
76.5648,0.525,2.2647
76.5650,0.541,2.334
76.5652,0.579,2.4968
76.5654,0.6055,2.6099
76.5656,0.5986,2.5811
76.5658,0.5883,2.5366
76.5660,0.6071,2.6142
76.5662,0.6673,2.8694
76.5664,0.6464,2.7913
76.5666,0.5433,2.3438
76.5668,0.5453,2.3504
76.5670,0.5953,2.566
76.5672,0.6161,2.6541
76.5674,0.6023,2.5971
76.5676,0.5726,2.4689
76.5678,0.563,2.4264
76.5680,0.5636,2.4301
76.5682,0.5515,2.3746
76.5684,0.6245,2.689
76.5686,0.5965,2.5759
76.5688,0.4798,2.0726
76.5690,0.4696,2.0257
76.5692,0.4613,1.99
76.5694,0.4537,1.9574
76.5696,0.4554,1.9665
76.5698,0.4571,1.9728
76.5700,0.4551,1.964
76.5702,0.4527,1.9555
76.5704,0.4509,1.9459
76.5706,0.4517,1.9495
76.5708,0.4627,1.9953
76.5710,0.5242,2.2616
76.5712,0.4796,2.0682
76.5714,0.5157,2.2249
76.5716,0.4667,2.0152
76.5718,0.4482,1.9345
76.5720,0.4491,1.9381
76.5722,0.4451,1.9228
76.5724,0.4467,1.9287
76.5726,0.4481,1.9331
76.5728,0.4599,1.9838
76.5730,0.4626,1.9966
76.5732,0.4584,1.9776
76.5734,0.4565,1.9693
76.5736,0.4612,1.9913
76.5738,0.4602,1.9872
76.5740,0.5085,2.1887
76.5742,0.6394,2.7505
76.5744,0.6608,2.8442
76.5746,0.6215,2.6761
76.5748,0.5624,2.4238
76.5750,0.5579,2.4047
76.5752,0.5607,2.4155
76.5754,0.5545,2.3886
76.5756,0.562,2.42
76.5758,0.6015,2.5887
76.5760,0.6553,2.8204
76.5762,0.6801,2.9245
76.5764,0.7389,3.1728
76.5766,0.7641,3.2824
76.5768,0.7172,3.0824
76.5770,0.7614,3.2696
76.5772,0.7448,3.2099
76.5774,0.6012,2.5901
76.5776,0.6228,2.6793
76.5778,0.6218,2.6764
76.5780,0.6242,2.6855
76.5782,0.6775,2.9159
76.5784,0.6004,2.5853
76.5786,0.5754,2.4779
76.5788,0.5835,2.5136
76.5790,0.5397,2.3283
76.5792,0.4894,2.1101
76.5794,0.4782,2.063
76.5796,0.4763,2.0547
76.5798,0.4788,2.0646
76.5800,0.4792,2.0652
76.5802,0.5444,2.3409
76.5804,0.6878,2.9617
76.5806,0.5786,2.4959
76.5808,0.465,2.006
76.5810,0.4467,1.9251
76.5812,0.4489,1.9385
76.5814,0.4054,1.749
76.5816,0.4679,2.0166
76.5818,0.5301,2.2859
76.5820,0.4818,2.0794
76.5822,0.4897,2.1097
76.5824,0.5522,2.3788
76.5826,0.5348,2.306
76.5828,0.5435,2.3427
76.5830,0.5064,2.1825
76.5832,0.5376,2.3126
76.5834,0.5971,2.5725
76.5836,0.583,2.5081
76.5838,0.6184,2.659
76.5840,0.7079,3.0442
76.5842,0.7198,3.0938
76.5844,0.7159,3.0753
76.5846,0.7313,3.1447
76.5848,0.7409,3.1815
76.5850,0.8157,3.4946
76.5852,0.892,3.8249
76.5854,0.8819,3.7853
76.5856,0.8605,3.6897
76.5858,0.9202,3.9384
76.5860,0.9716,4.1644
76.5862,0.9787,4.1908
76.5864,0.9926,4.2464
76.5866,0.9687,4.1501
76.5868,0.9665,4.1384
76.5870,1.0048,4.3027
76.5872,0.9463,4.0465
76.5874,1.0451,4.469
76.5876,1.1015,4.7122
76.5878,1.1052,4.7237
76.5880,1.1164,4.7646
76.5882,1.1623,4.9722
76.5884,1.0194,4.373
76.5886,0.9275,3.979
76.5888,0.9395,4.0267
76.5890,0.9484,4.0685
76.5892,0.9251,3.9687
76.5894,0.903,3.8704
76.5896,0.89,3.818
76.5898,0.8304,3.5673
76.5900,0.8235,3.5379
76.5902,0.8165,3.5075
76.5904,0.7815,3.3571
76.5906,0.8068,3.4642
76.5908,0.8512,3.6552
76.5910,0.8179,3.5088
76.5912,0.8626,3.6955
76.5914,0.9232,3.9641
76.5916,0.8559,3.6787
76.5918,0.818,3.5142
76.5920,0.8457,3.6349
76.5922,0.7848,3.3731
76.5924,0.7663,3.2983
76.5926,0.7088,3.0478
76.5928,0.7737,3.3236
76.5930,0.7693,3.3066
76.5932,0.803,3.4498
76.5934,0.8533,3.664
76.5936,0.8644,3.7136
76.5938,0.8114,3.4891
76.5940,0.7669,3.2994
76.5942,0.7004,3.0145
76.5944,0.6932,2.9821
76.5946,0.7108,3.0551
76.5948,0.7432,3.1943
76.5950,0.7806,3.3597
76.5952,0.7594,3.2638
76.5954,0.7871,3.3813
76.5956,0.8125,3.4905
76.5958,0.8029,3.4525
76.5960,0.7602,3.2675
76.5962,0.7566,3.2535
76.5964,0.7538,3.2457
76.5966,0.7118,3.0678
76.5968,0.6786,2.9192
76.5970,0.6913,2.9753
76.5972,0.6189,2.6685
76.5974,0.6115,2.6345
76.5976,0.6229,2.6823
76.5978,0.5847,2.5211
76.5980,0.5335,2.3014
76.5982,0.5252,2.2678
76.5984,0.524,2.2616
76.5986,0.5241,2.2611
76.5988,0.5263,2.2683
76.5990,0.5416,2.3355
76.5992,0.5325,2.2962
76.5994,0.5252,2.2647
76.5996,0.5289,2.2818
76.5998,0.5329,2.2988
76.6000,0.5349,2.3066
76.6002,0.5426,2.3396
76.6004,0.6147,2.6443
76.6006,0.7409,3.186
76.6008,0.7058,3.0363
76.6010,0.624,2.6895
76.6012,0.5848,2.5205
76.6014,0.5588,2.4095
76.6016,0.553,2.3846
76.6018,0.6167,2.6567
76.6020,0.6499,2.7972
76.6022,0.6512,2.8003
76.6024,0.6647,2.8633
76.6026,0.6216,2.6767
76.6028,0.657,2.829
76.6030,0.5813,2.5067
76.6032,0.5418,2.3371
76.6034,0.5753,2.475
76.6036,0.7133,3.0716
76.6038,0.654,2.8134
76.6040,0.6236,2.6867
76.6042,0.6,2.5837
76.6044,0.6344,2.7294
76.6046,0.6594,2.8367
76.6048,0.6633,2.855
76.6050,0.663,2.8535
76.6052,0.6733,2.8965
76.6054,0.6847,2.9455
76.6056,0.6806,2.928
76.6058,0.6665,2.8711
76.6060,0.6121,2.6334
76.6062,0.6167,2.6555
76.6064,0.6247,2.6913
76.6066,0.6599,2.8374
76.6068,0.7237,3.1117
76.6070,0.7265,3.1212
76.6072,0.7883,3.3865
76.6074,0.7571,3.2525
76.6076,0.7621,3.2742
76.6078,0.7448,3.2039
76.6080,0.7153,3.077
76.6082,0.7335,3.1555
76.6084,0.7003,3.0112
76.6086,0.677,2.9152
76.6088,0.698,3
76.6090,0.7852,3.3731
76.6092,0.7466,3.2087
76.6094,0.7575,3.2541
76.6096,0.7673,3.2994
76.6098,0.7444,3.2024
76.6100,0.7743,3.3247
76.6102,0.8654,3.7125
76.6104,0.8042,3.4598
76.6106,0.6817,2.9381
76.6108,0.6101,2.6271
76.6110,0.5988,2.5786
76.6112,0.6061,2.6125
76.6114,0.612,2.6402
76.6116,0.5295,2.2843
76.6118,0.4999,2.1556
76.6120,0.4939,2.1317
76.6122,0.4915,2.1214
76.6124,0.484,2.0897
76.6126,0.4741,2.0416
76.6128,0.544,2.3491
76.6130,0.4302,1.8595
76.6132,0.4039,1.7438
76.6134,0.4457,1.9201
76.6136,0.582,2.5109
76.6138,0.4969,2.1466
76.6140,0.428,1.8462
76.6142,0.411,1.7741
76.6144,0.4077,1.7604
76.6146,0.4091,1.7674
76.6148,0.4095,1.7698
76.6150,0.4058,1.7513
76.6152,0.4467,1.9287
76.6154,0.4063,1.7542
76.6156,0.3869,1.6716
76.6158,0.3937,1.7006
76.6160,0.3997,1.7249
76.6162,0.4142,1.7867
76.6164,0.4606,1.986
76.6166,0.5275,2.2734
76.6168,0.5304,2.2848
76.6170,0.5513,2.3774
76.6172,0.5642,2.4293
76.6174,0.6503,2.7962
76.6176,0.65,2.7951
76.6178,0.7036,3.0256
76.6180,0.7347,3.1533
76.6182,0.8048,3.4543
76.6184,0.8155,3.5034
76.6186,0.8462,3.6251
76.6188,0.9484,4.0609
76.6190,1.0012,4.2913
76.6192,0.9853,4.221
76.6194,1.0014,4.2898
76.6196,0.9821,4.2052
76.6198,0.9902,4.246
76.6200,0.949,4.0692
76.6202,0.974,4.1688
76.6204,0.9809,4.202
76.6206,0.9746,4.1694
76.6208,1.099,4.6992
76.6210,1.0779,4.6154
76.6212,1.0359,4.4357
76.6214,1.0795,4.6226
76.6216,1.0538,4.5164
76.6218,0.9287,3.9841
76.6220,0.9128,3.9157
76.6222,0.8958,3.8414
76.6224,0.8791,3.7694
76.6226,0.8863,3.8056
76.6228,0.8831,3.7975
76.6230,0.8636,3.7065
76.6232,0.8964,3.8511
76.6234,0.845,3.6318
76.6236,0.7974,3.4304
76.6238,0.7713,3.3056
76.6240,0.945,4.0503
76.6242,0.9145,3.9307
76.6244,0.8305,3.5678
76.6246,0.8791,3.7712
76.6248,0.9196,3.9487
76.6250,0.8685,3.7311
76.6252,0.8442,3.6282
76.6254,0.8002,3.4343
76.6256,0.8408,3.6171
76.6258,0.7853,3.3783
76.6260,0.7812,3.3545
76.6262,0.8542,3.6698
76.6264,0.8529,3.6675
76.6266,0.8213,3.5298
76.6268,0.8541,3.6676
76.6270,0.8589,3.6865
76.6272,0.8461,3.6331
76.6274,0.9668,4.1477
76.6276,0.8948,3.8421
76.6278,0.9203,3.9499
76.6280,0.8986,3.864
76.6282,0.7482,3.2234
76.6284,0.6765,2.9172
76.6286,0.6066,2.6133
76.6288,0.6671,2.8723
76.6290,0.6769,2.916
76.6292,0.682,2.9369
76.6294,0.7277,3.1278
76.6296,0.8157,3.5077
76.6298,0.7882,3.3875
76.6300,0.8487,3.6478
76.6302,0.8506,3.656
76.6304,0.8437,3.6278
76.6306,0.7667,3.3075
76.6308,0.6166,2.6599
76.6310,0.5982,2.5784
76.6312,0.6001,2.5854
76.6314,0.579,2.498
76.6316,0.4998,2.1591
76.6318,0.4513,1.9489
76.6320,0.4534,1.9595
76.6322,0.4495,1.9438
76.6324,0.4467,1.9296
76.6326,0.448,1.9344
76.6328,0.4471,1.9325
76.6330,0.445,1.9214
76.6332,0.4594,1.9808
76.6334,0.5085,2.1918
76.6336,0.5561,2.3981
76.6338,0.5416,2.3398
76.6340,0.4706,2.0322
76.6342,0.4583,1.9771
76.6344,0.4601,1.9876
76.6346,0.4668,2.0147
76.6348,0.5158,2.2254
76.6350,0.4872,2.1017
76.6352,0.4637,2.0013
76.6354,0.501,2.1612
76.6356,0.4979,2.1498
76.6358,0.4498,1.943
76.6360,0.444,1.9182
76.6362,0.4844,2.0898
76.6364,0.5378,2.3179
76.6366,0.568,2.4459
76.6368,0.6246,2.6921
76.6370,0.5641,2.4322
76.6372,0.557,2.4017
76.6374,0.5564,2.4002
76.6376,0.5523,2.3815
76.6378,0.5558,2.3976
76.6380,0.5509,2.3742
76.6382,0.5451,2.3494
76.6384,0.5477,2.3608
76.6386,0.5596,2.4097
76.6388,0.5716,2.4659
76.6390,0.56,2.4146
76.6392,0.5505,2.3716
76.6394,0.5579,2.4036
76.6396,0.601,2.589
76.6398,0.6186,2.6662
76.6400,0.5728,2.4654
76.6402,0.6287,2.7033
76.6404,0.6738,2.8999
76.6406,0.6886,2.9639
76.6408,0.7169,3.08
76.6410,0.7599,3.2629
76.6412,0.792,3.4088
76.6414,0.7286,3.1314
76.6416,0.738,3.1692
76.6418,0.7843,3.3663
76.6420,0.7591,3.2583
76.6422,0.8794,3.7709
76.6424,1.0023,4.298
76.6426,0.9541,4.0894
76.6428,0.915,3.9236
76.6430,0.8815,3.785
76.6432,0.8701,3.7395
76.6434,0.7777,3.3427
76.6436,0.7475,3.2098
76.6438,0.8095,3.4825
76.6440,0.7241,3.1152
76.6442,0.7077,3.0431
76.6444,0.7912,3.3988
76.6446,0.8141,3.4972
76.6448,0.8016,3.442
76.6450,0.7719,3.3221
76.6452,0.715,3.0774
76.6454,0.7371,3.1665
76.6456,0.7722,3.319
76.6458,0.7928,3.4092
76.6460,0.7817,3.3581
76.6462,0.8481,3.635
76.6464,0.8834,3.7914
76.6466,0.8842,3.795
76.6468,0.9099,3.9034
76.6470,0.9004,3.8681
76.6472,0.8083,3.479
76.6474,0.7609,3.2736
76.6476,0.78,3.3509
76.6478,0.7746,3.3308
76.6480,0.7163,3.0831
76.6482,0.7181,3.0952
76.6484,0.7102,3.0582
76.6486,0.7117,3.0602
76.6488,0.7663,3.2953
76.6490,0.7548,3.2518
76.6492,0.6112,2.6317
76.6494,0.6625,2.8527
76.6496,0.6118,2.638
76.6498,0.5953,2.5636
76.6500,0.6764,2.9059
76.6502,0.7498,3.2256
76.6504,0.7373,3.1749
76.6506,0.6716,2.8893
76.6508,0.698,3
76.6510,0.7627,3.2813
76.6512,0.7721,3.3185
76.6514,0.8251,3.5446
76.6516,0.7715,3.3205
76.6518,0.7534,3.2351
76.6520,0.9162,3.9306
76.6522,0.9298,3.9887
76.6524,0.9364,4.0152
76.6526,0.971,4.1579
76.6528,1.0328,4.4286
76.6530,0.9992,4.2806
76.6532,0.9556,4.1032
76.6534,0.9527,4.0851
76.6536,1.0033,4.3021
76.6538,0.9804,4.2078
76.6540,0.9072,3.8975
76.6542,0.871,3.7419
76.6544,0.839,3.6044
76.6546,0.8461,3.6365
76.6548,0.8361,3.5937
76.6550,0.8474,3.6404
76.6552,0.8638,3.7127
76.6554,0.8614,3.7041
76.6556,0.8482,3.6423
76.6558,0.8645,3.7124
76.6560,0.8395,3.6048
76.6562,0.8306,3.5716
76.6564,0.8016,3.4469
76.6566,0.8,3.4402
76.6568,0.8307,3.5672
76.6570,0.8741,3.7536
76.6572,0.8716,3.7427
76.6574,0.8827,3.7936
76.6576,0.8168,3.5107
76.6578,0.791,3.3983
76.6580,0.7927,3.4087
76.6582,0.7985,3.435
76.6584,0.8053,3.4645
76.6586,0.7613,3.2736
76.6588,0.797,3.4273
76.6590,0.8464,3.638
76.6592,0.857,3.6816
76.6594,0.8267,3.5447
76.6596,0.9045,3.8947
76.6598,0.7613,3.2736
76.6600,0.8377,3.5954
76.6602,0.903,3.8758
76.6604,0.9436,4.0479
76.6606,0.992,4.2597
76.6608,0.9306,3.9923
76.6610,0.9837,4.2183
76.6612,0.9439,4.057
76.6614,0.8386,3.6112
76.6616,0.7422,3.1976
76.6618,0.6981,3.0061
76.6620,0.687,2.9581
76.6622,0.7127,3.0662
76.6624,0.7407,3.1909
76.6626,0.6982,3.0066
76.6628,0.703,3.0301
76.6630,0.7033,3.0311
76.6632,0.7285,3.1338
76.6634,0.7472,3.2202
76.6636,0.6669,2.8718
76.6638,0.6668,2.874
76.6640,0.6662,2.8701
76.6642,0.7049,3.0341
76.6644,0.7371,3.1724
76.6646,0.7252,3.1286
76.6648,0.6572,2.8313
76.6650,0.7065,3.0436
76.6652,0.6951,2.9918
76.6654,0.7226,3.1085
76.6656,0.7262,3.124
76.6658,0.7203,3.0973
76.6660,0.7293,3.1389
76.6662,0.7059,3.041
76.6664,0.7039,3.0309
76.6666,0.7642,3.2845
76.6668,0.7919,3.4067
76.6670,0.75,3.2251
76.6672,0.8216,3.5297
76.6674,0.8168,3.5123
76.6676,0.8271,3.5501
76.6678,0.8909,3.8292
76.6680,0.8589,3.695
76.6682,0.7985,3.435
76.6684,0.8119,3.4928
76.6686,0.8304,3.5706
76.6688,0.7717,3.3216
76.6690,0.6849,2.952
76.6692,0.6784,2.9255
76.6694,0.6775,2.9186
76.6696,0.6774,2.9168
76.6698,0.7603,3.2664
76.6700,0.9498,4.0709
76.6702,0.9867,4.239
76.6704,0.8849,3.8123
76.6706,0.6832,2.9434
76.6708,0.6434,2.7732
76.6710,0.6395,2.7574
76.6712,0.6418,2.7672
76.6714,0.6431,2.7691
76.6716,0.6433,2.774
76.6718,0.6389,2.751
76.6720,0.7037,3.0318
76.6722,0.6921,2.9816
76.6724,0.6358,2.7401
76.6726,0.631,2.722
76.6728,0.623,2.6878
76.6730,0.6409,2.7585
76.6732,0.7039,3.028
76.6734,0.733,3.1549
76.6736,0.7374,3.171
76.6738,0.7615,3.2762
76.6740,0.8084,3.4762
76.6742,0.856,3.6809
76.6744,0.8515,3.6614
76.6746,0.8425,3.6244
76.6748,0.8596,3.6947
76.6750,0.8464,3.638
76.6752,0.8133,3.4974
76.6754,0.8006,3.4443
76.6756,0.7999,3.4412
76.6758,0.8425,3.621
76.6760,0.8427,3.6288
76.6762,0.7179,3.0884
76.6764,0.7722,3.3205
76.6766,0.8385,3.6057
76.6768,0.8329,3.5848
76.6770,0.762,3.2813
76.6772,0.7617,3.2782
76.6774,0.7726,3.3252
76.6776,0.7488,3.22
76.6778,0.7735,3.3262
76.6780,0.8183,3.5202
76.6782,0.8024,3.4505
76.6784,0.8047,3.4651
76.6786,0.7319,3.1546
76.6788,0.6799,2.9262
76.6790,0.7022,3.025
76.6792,0.7268,3.1266
76.6794,0.7473,3.2178
76.6796,0.6865,2.956
76.6798,0.7034,3.0316
76.6800,0.6714,2.8936
76.6802,0.5985,2.583
76.6804,0.5451,2.3538
76.6806,0.5497,2.3724
76.6808,0.5665,2.4448
76.6810,0.543,2.3445
76.6812,0.4643,2.0076
76.6814,0.4431,1.9158
76.6816,0.4825,2.0825
76.6818,0.5747,2.4759
76.6820,0.6306,2.7192
76.6822,0.6281,2.7096
76.6824,0.6193,2.6693
76.6826,0.5834,2.5166
76.6828,0.6213,2.6739
76.6830,0.7401,3.1838
76.6832,0.741,3.188
76.6834,0.7111,3.0604
76.6836,0.7184,3.0933
76.6838,0.7398,3.1828
76.6840,0.8103,3.478
76.6842,0.901,3.8671
76.6844,0.9096,3.906
76.6846,0.9105,3.9059
76.6848,0.8988,3.8596
76.6850,0.88,3.7823
76.6852,0.8643,3.7131
76.6854,0.9148,3.9226
76.6856,1.0028,4.302
76.6858,0.9929,4.2554
76.6860,0.9864,4.2276
76.6862,1.0076,4.3186
76.6864,1.0364,4.4481
76.6866,1.0024,4.2965
76.6868,1.0539,4.5127
76.6870,1.0993,4.7095
76.6872,1.124,4.8109
76.6874,1.1576,4.9546
76.6876,1.1363,4.8768
76.6878,0.9589,4.1157
76.6880,0.9116,3.916
76.6882,0.9288,3.9883
76.6884,0.967,4.1501
76.6886,0.9134,3.9274
76.6888,0.831,3.5732
76.6890,0.8174,3.5116
76.6892,0.8467,3.639
76.6894,0.8175,3.5171
76.6896,0.8548,3.6724
76.6898,0.8601,3.7019
76.6900,0.8095,3.4825
76.6902,0.8569,3.688
76.6904,0.8106,3.4839
76.6906,0.841,3.6148
76.6908,0.919,3.9406
76.6910,0.9701,4.1597
76.6912,1.0437,4.4816
76.6914,0.8765,3.7709
76.6916,0.8409,3.6177
76.6918,0.8348,3.5914
76.6920,0.8409,3.6193
76.6922,0.7956,3.4227
76.6924,0.797,3.4289
76.6926,0.7591,3.2704
76.6928,0.7612,3.2731
76.6930,0.8323,3.5872
76.6932,0.7262,3.1269
76.6934,0.7244,3.122
76.6936,0.6316,2.7233
76.6938,0.6066,2.6158
76.6940,0.6444,2.776
76.6942,0.6884,2.9684
76.6944,0.6427,2.7752
76.6946,0.6318,2.7231
76.6948,0.6448,2.7763
76.6950,0.733,3.1549
76.6952,0.76,3.2771
76.6954,0.6424,2.7686
76.6956,0.6391,2.7559
76.6958,0.6455,2.782
76.6960,0.7234,3.1136
76.6962,0.7373,3.1779
76.6964,0.6492,2.8058
76.6966,0.5276,2.2803
76.6968,0.4932,2.1306
76.6970,0.4878,2.1073
76.6972,0.5053,2.1829
76.6974,0.5051,2.1808
76.6976,0.5141,2.2186
76.6978,0.5141,2.2228
76.6980,0.4543,1.9655
76.6982,0.4233,1.8294
76.6984,0.4378,1.8895
76.6986,0.4775,2.0637
76.6988,0.4635,2.003
76.6990,0.4625,1.997
76.6992,0.4642,2.0034
76.6994,0.4623,1.9978
76.6996,0.488,2.1102
76.6998,0.4578,1.9778
76.7000,0.4639,2.0014
76.7002,0.5007,2.1622
76.7004,0.4838,2.0902
76.7006,0.488,2.1063
76.7008,0.5611,2.417
76.7010,0.5976,2.577
76.7012,0.5723,2.4702
76.7014,0.5318,2.2974
76.7016,0.4758,2.0536
76.7018,0.4865,2.1006
76.7020,0.4765,2.0548
76.7022,0.5589,2.41
76.7024,0.577,2.4892
76.7026,0.5684,2.4497
76.7028,0.578,2.4899
76.7030,0.5853,2.5237
76.7032,0.5987,2.5816
76.7034,0.6109,2.6356
76.7036,0.5203,2.2424
76.7038,0.5566,2.399
76.7040,0.5931,2.5561
76.7042,0.5963,2.5677
76.7044,0.5957,2.5675
76.7046,0.6227,2.6838
76.7048,0.6159,2.6556
76.7050,0.623,2.6866
76.7052,0.6296,2.7113
76.7054,0.5859,2.5251
76.7056,0.5576,2.4054
76.7058,0.5618,2.4213
76.7060,0.6217,2.6772
76.7062,0.6677,2.8723
76.7064,0.6784,2.9214
76.7066,0.709,3.0502
76.7068,0.7054,3.039
76.7070,0.6804,2.9256
76.7072,0.732,3.1478
76.7074,0.7756,3.335
76.7076,0.7717,3.32
76.7078,0.7213,3.1072
76.7080,0.6789,2.9235
76.7082,0.6716,2.892
76.7084,0.6807,2.9285
76.7086,0.6952,2.9965
76.7088,0.63,2.7166
76.7090,0.5527,2.3831
76.7092,0.5359,2.3107
76.7094,0.5368,2.3148
76.7096,0.5666,2.4431
76.7098,0.5939,2.5586
76.7100,0.5936,2.557
76.7102,0.5993,2.5806
76.7104,0.6085,2.6216
76.7106,0.6024,2.5977
76.7108,0.5886,2.5347
76.7110,0.5912,2.5443
76.7112,0.6248,2.6918
76.7114,0.6337,2.7288
76.7116,0.687,2.9594
76.7118,0.6262,2.695
76.7120,0.6662,2.8661
76.7122,0.7292,3.1311
76.7124,0.8,3.437
76.7126,0.742,3.201
76.7128,0.5593,2.4126
76.7130,0.5464,2.3551
76.7132,0.5498,2.3729
76.7134,0.5738,2.4718
76.7136,0.5976,2.5758
76.7138,0.539,2.3231
76.7140,0.5305,2.2874
76.7142,0.538,2.3211
76.7144,0.5359,2.3118
76.7146,0.5364,2.3138
76.7148,0.5447,2.35
76.7150,0.5555,2.3966
76.7152,0.548,2.3607
76.7154,0.5585,2.4073
76.7156,0.5608,2.4171
76.7158,0.6019,2.5896
76.7160,0.6302,2.71
76.7162,0.7036,3.0256
76.7164,0.694,2.9913
76.7166,0.6318,2.7193
76.7168,0.6667,2.8668
76.7170,0.7155,3.0709
76.7172,0.8066,3.4621
76.7174,0.858,3.6823
76.7176,0.8213,3.5265
76.7178,0.8204,3.5212
76.7180,0.9078,3.8928
76.7182,0.9324,4.0019
76.7184,0.9145,3.9198
76.7186,0.9255,3.9702
76.7188,0.9383,4.0178
76.7190,0.9873,4.2258
76.7192,1.0493,4.4911
76.7194,1.0801,4.6252
76.7196,1.0983,4.6961
76.7198,1.1134,4.7607
76.7200,1.1652,4.9799
76.7202,1.2206,5.2167
76.7204,1.2243,5.2301
76.7206,1.2011,5.1408
76.7208,1.1875,5.0776
76.7210,1.1804,5.0473
76.7212,1.1619,4.9707
76.7214,1.1677,4.9953
76.7216,1.1695,4.996
76.7218,1.1907,5.0914
76.7220,1.1346,4.8583
76.7222,1.0903,4.6732
76.7224,1.1345,4.86
76.7226,1.1086,4.7491
76.7228,1.0906,4.6742
76.7230,1.1224,4.8037
76.7232,1.1562,4.9438
76.7234,1.1732,5.0236
76.7236,1.1198,4.7951
76.7238,1.1271,4.8287
76.7240,1.1333,4.8504
76.7242,1.1553,4.954
76.7244,0.9958,4.2762
76.7246,0.9074,3.8926
76.7248,1.019,4.3552
76.7250,1.222,5.2204
76.7252,1.2686,5.4247
76.7254,1.2352,5.2841
76.7256,1.2531,5.3556
76.7258,1.3079,5.5819
76.7260,1.3507,5.7754
76.7262,1.2923,5.5154
76.7264,1.3581,5.7991
76.7266,1.3672,5.838
76.7268,1.4045,6.0056
76.7270,1.3822,5.8992
76.7272,1.3737,5.8821
76.7274,1.1587,4.9638
76.7276,1.1914,5.0945
76.7278,1.3616,5.8085
76.7280,1.4328,6.1152
76.7282,1.4068,6.0098
76.7284,1.3884,5.9258
76.7286,1.4374,6.1289
76.7288,1.5107,6.4448
76.7290,1.4972,6.39
76.7292,1.4087,6.0208
76.7294,1.3204,5.6515
76.7296,1.3397,5.7395
76.7298,1.2551,5.3743
76.7300,1.2129,5.2009
76.7302,1.1931,5.1136
76.7304,1.2021,5.1522
76.7306,1.1665,4.9995
76.7308,1.2023,5.1484
76.7310,1.2985,5.5628
76.7312,1.2561,5.3809
76.7314,1.2361,5.2981
76.7316,1.2118,5.1914
76.7318,1.223,5.2367
76.7320,1.2275,5.2636
76.7322,1.2153,5.2038
76.7324,1.249,5.3556
76.7326,1.2331,5.2803
76.7328,1.2581,5.3922
76.7330,1.2393,5.3065
76.7332,1.2511,5.3599
76.7334,1.2861,5.5047
76.7336,1.2745,5.46
76.7338,1.2539,5.3742
76.7340,1.2674,5.4348
76.7342,1.2635,5.4102
76.7344,1.2846,5.498
76.7346,1.2677,5.4282
76.7348,1.272,5.4467
76.7350,1.2987,5.569
76.7352,1.2773,5.4795
76.7354,1.277,5.4708
76.7356,1.2906,5.5237
76.7358,1.3068,5.6061
76.7360,1.2805,5.4857
76.7362,1.3111,5.6115
76.7364,1.323,5.6623
76.7366,1.3158,5.6289
76.7368,1.3413,5.7462
76.7370,1.3081,5.6091
76.7372,1.295,5.5453
76.7374,1.3215,5.6588
76.7376,1.3655,5.839
76.7378,1.3828,5.9211
76.7380,1.3475,5.7675
76.7382,1.3577,5.8138
76.7384,1.3802,5.9126
76.7386,1.3672,5.8571
76.7388,1.3556,5.8019
76.7390,1.3497,5.7821
76.7392,1.3154,5.6405
76.7394,1.3236,5.6675
76.7396,1.364,5.8405
76.7398,1.3611,5.8282
76.7400,1.3636,5.8526
76.7402,1.2314,5.285
76.7404,1.1685,5.0176
76.7406,1.1725,5.044
76.7408,1.0721,4.6122
76.7410,1.1587,4.9823
76.7412,1.1685,5.0223
76.7414,1.1342,4.8772
76.7416,1.1237,4.8295
76.7418,1.1872,5.0956
76.7420,1.1852,5.0916
76.7422,1.1144,4.7943
76.7424,1.0156,4.3652
76.7426,1.1197,4.817
76.7428,1.0388,4.473
76.7430,1.01,4.343
76.7432,1.0069,4.3195
76.7434,1.1776,5.0544
76.7436,1.2593,5.4024
76.7438,1.1782,5.0735
76.7440,1.0226,4.4053
76.7442,0.9822,4.2214
76.7444,1.1787,5.0543
76.7446,1.2947,5.5489
76.7448,1.3309,5.7015
76.7450,1.3268,5.6867
76.7452,1.2517,5.3724
76.7454,1.1986,5.1445
76.7456,1.2806,5.5016
76.7458,1.222,5.2497
76.7460,1.2447,5.3471
76.7462,1.1931,5.1232
76.7464,1.2329,5.2916
76.7466,1.2197,5.2375
76.7468,1.1524,4.9624
76.7470,1.0535,4.5386
76.7472,1.057,4.5557
76.7474,0.9859,4.2472
76.7476,1.0098,4.342
76.7478,1.1117,4.7825
76.7480,1.0933,4.7123
76.7482,1.0464,4.5081
76.7484,1.0829,4.6565
76.7486,1.1044,4.7488
76.7488,1.0939,4.7061
76.7490,1.0634,4.5852
76.7492,0.9967,4.2878
76.7494,1.0423,4.4859
76.7496,1.0736,4.6098
76.7498,1.2099,5.2025
76.7500,1.2059,5.1783
76.7502,1.2817,5.5011
76.7504,1.3028,5.5839
76.7506,1.2836,5.5196
76.7508,1.1149,4.7941
76.7510,1.1435,4.926
76.7512,1.0267,4.427
76.7514,0.994,4.2844
76.7516,0.9883,4.2516
76.7518,1.1048,4.7486
76.7520,1.1878,5.1029
76.7522,1.1526,4.9491
76.7524,1.1815,5.0779
76.7526,1.1328,4.871
76.7528,1.1273,4.8405
76.7530,1.2749,5.4718
76.7532,1.2924,5.5417
76.7534,1.2969,5.5587
76.7536,1.3751,5.8965
76.7538,1.3688,5.8775
76.7540,1.2275,5.2709
76.7542,1.1876,5.1114
76.7544,1.1352,4.8813
76.7546,1.1846,5.0914
76.7548,1.1161,4.7926
76.7550,1.2083,5.191
76.7552,1.1971,5.1497
76.7554,1.1703,5.0324
76.7556,1.2233,5.2578
76.7558,1.31,5.6173
76.7560,1.3467,5.7801
76.7562,1.3215,5.672
76.7564,1.2665,5.4332
76.7566,1.3161,5.6488
76.7568,1.302,5.5907
76.7570,1.3041,5.5921
76.7572,1.4571,6.2395
76.7574,1.4974,6.409
76.7576,1.4555,6.241
76.7578,1.3282,5.6955
76.7580,1.3461,5.7775
76.7582,1.3455,5.7695
76.7584,1.3631,5.8451
76.7586,1.3202,5.661
76.7588,1.3764,5.8912
76.7590,1.4489,6.2214
76.7592,1.3348,5.7291
76.7594,1.2722,5.4706
76.7596,1.1479,4.9451
76.7598,1.1117,4.7847
76.7600,1.1388,4.9013
76.7602,1.1447,4.9197
76.7604,1.17,5.0332
76.7606,1.0915,4.7002
76.7608,1.0893,4.686
76.7610,1.1466,4.9417
76.7612,1.0382,4.4745
76.7614,1.0311,4.4337
76.7616,1.1473,4.938
76.7618,1.1616,4.997
76.7620,1.1294,4.8656
76.7622,1.027,4.4183
76.7624,1.1679,5.0197
76.7626,1.2194,5.2481
76.7628,1.1366,4.8966
76.7630,1.0989,4.7295
76.7632,1.1761,5.0548
76.7634,1.1806,5.0909
76.7636,1.0245,4.4177
76.7638,1.0307,4.4384
76.7640,1.0912,4.703
76.7642,1.0333,4.4596
76.7644,0.9036,3.9001
76.7646,0.908,3.9169
76.7648,0.9596,4.1303
76.7650,1.1087,4.7718
76.7652,1.0883,4.6797
76.7654,1.1233,4.8302
76.7656,1.2587,5.4073
76.7658,1.2602,5.4166
76.7660,1.1132,4.7981
76.7662,0.9749,4.2095
76.7664,0.8924,3.8532
76.7666,0.9613,4.1375
76.7668,1.0965,4.7169
76.7670,1.0726,4.6293
76.7672,0.9794,4.2252
76.7674,0.9929,4.2772
76.7676,1.0315,4.4353
76.7678,1.1364,4.8842
76.7680,1.175,5.0548
76.7682,1.1349,4.8961
76.7684,0.967,4.1734
76.7686,0.9837,4.2379
76.7688,1.0044,4.3308
76.7690,0.96,4.1299
76.7692,1.0902,4.6967
76.7694,1.0128,4.369
76.7696,0.8937,3.8571
76.7698,0.8805,3.7985
76.7700,0.8835,3.8167
76.7702,0.8533,3.6844
76.7704,0.8514,3.6745
76.7706,0.8829,3.807
76.7708,0.8674,3.7421
76.7710,0.8511,3.6734
76.7712,0.8564,3.6996
76.7714,0.8654,3.7333
76.7716,0.8937,3.8607
76.7718,0.8648,3.7342
76.7720,0.8552,3.6876
76.7722,0.9199,3.9686
76.7724,0.874,3.7705
76.7726,0.9448,4.0701
76.7728,1.0271,4.4249
76.7730,1.0014,4.3159
76.7732,1.0286,4.4229
76.7734,1.1806,5.0696
76.7736,1.2353,5.3044
76.7738,1.2792,5.498
76.7740,1.1522,4.9384
76.7742,1.2887,5.5335
76.7744,1.2798,5.498
76.7746,1.2077,5.1956
76.7748,1.1378,4.8995
76.7750,1.0812,4.6536
76.7752,1.0716,4.608
76.7754,1.0756,4.625
76.7756,1.1244,4.8304
76.7758,1.1944,5.1479
76.7760,1.0342,4.4575
76.7762,1.0239,4.413
76.7764,1.0011,4.3148
76.7766,1.0036,4.3257
76.7768,1.001,4.3143
76.7770,0.994,4.2784
76.7772,1.0138,4.3696
76.7774,0.984,4.2429
76.7776,0.9752,4.1993
76.7778,0.9906,4.2694
76.7780,0.9893,4.2637
76.7782,0.9595,4.1413
76.7784,0.899,3.8781
76.7786,0.8883,3.8339
76.7788,0.8849,3.8247
76.7790,0.8928,3.8553
76.7792,0.803,3.4723
76.7794,0.7392,3.195
76.7796,0.8504,3.6669
76.7798,0.8866,3.8302
76.7800,0.7709,3.3226
76.7802,0.9138,3.9496
76.7804,0.8662,3.7334
76.7806,0.9991,4.3021
76.7808,0.9612,4.1466
76.7810,0.8699,3.7529
76.7812,0.868,3.7533
76.7814,0.738,3.1913
76.7816,0.6846,2.9614
76.7818,0.6525,2.8255
76.7820,0.7042,3.038
76.7822,0.9456,4.0699
76.7824,1.0159,4.3743
76.7826,1.0264,4.4218
76.7828,0.9405,4.0609
76.7830,0.8698,3.742
76.7832,1.0378,4.4605
76.7834,1.1148,4.7914
76.7836,1.2132,5.2072
76.7838,1.2432,5.3359
76.7840,1.2463,5.3343
76.7842,1.4539,6.2372
76.7844,1.3099,5.6221
76.7846,1.2595,5.3958
76.7848,1.3872,5.9401
76.7850,1.4344,6.1448
76.7852,1.4296,6.1242
76.7854,1.4748,6.3091
76.7856,1.5525,6.6321
76.7858,1.5779,6.7471
76.7860,1.5683,6.706
76.7862,1.5429,6.5973
76.7864,1.5336,6.5701
76.7866,1.4268,6.1124
76.7868,1.376,5.9029
76.7870,1.3593,5.8314
76.7872,1.3387,5.7429
76.7874,1.3043,5.5979
76.7876,1.296,5.5675
76.7878,1.2869,5.5207
76.7880,1.3722,5.8924
76.7882,1.328,5.6971
76.7884,1.3026,5.5933
76.7886,1.2534,5.3771
76.7888,1.3468,5.7806
76.7890,1.3297,5.707
76.7892,1.3015,5.5938
76.7894,1.198,5.1563
76.7896,1.1502,4.9457
76.7898,1.1614,4.9919
76.7900,1.1099,4.7814
76.7902,1.0918,4.7012
76.7904,1.1529,4.9622
76.7906,1.1244,4.8371
76.7908,1.0736,4.6206
76.7910,1.1334,4.8736
76.7912,1.1329,4.867
76.7914,1.1648,5.0086
76.7916,1.1286,4.8597
76.7918,1.0394,4.4839
76.7920,0.9924,4.2751
76.7922,1.0913,4.6926
76.7924,1.1198,4.8153
76.7926,1.1236,4.838
76.7928,1.1656,5.0076
76.7930,1.2114,5.2092
76.7932,1.1301,4.8664
76.7934,1.0833,4.658
76.7936,1.122,4.8291
76.7938,1.1401,4.9115
76.7940,1.0674,4.6006
76.7942,1.0317,4.4466
76.7944,1.0285,4.4306
76.7946,1.0472,4.5091
76.7948,1.0345,4.4585
76.7950,1.0094,4.3525
76.7952,1.011,4.3552
76.7954,1.0018,4.3179
76.7956,1.0249,4.4028
76.7958,1.164,5.0213
76.7960,0.9104,3.9309
76.7962,0.8553,3.6915
76.7964,0.918,3.9585
76.7966,1.018,4.3898
76.7968,1.0056,4.332
76.7970,1.0345,4.4564
76.7972,0.9925,4.2776
76.7974,1.0017,4.3154
76.7976,0.9852,4.252
76.7978,0.9665,4.1655
76.7980,0.9972,4.2998
76.7982,0.9592,4.1378
76.7984,0.9855,4.2496
76.7986,0.9988,4.299
76.7988,0.989,4.2706
76.7990,0.8962,3.8734
76.7992,0.8546,3.6919
76.7994,0.8426,3.6384
76.7996,0.8732,3.7739
76.7998,0.8526,3.6779
76.8000,0.9329,4.0245
76.8002,0.8775,3.7838
76.8004,0.9089,3.9265
76.8006,0.8238,3.5587
76.8008,0.7612,3.2898
76.8010,0.79,3.4
76.8012,1.0986,4.7284
76.8014,1.048,4.5211
76.8016,0.8705,3.7538
76.8018,0.855,3.69
76.8020,0.8307,3.5838
76.8022,0.9227,3.975
76.8024,1.0333,4.443
76.8026,1.0907,4.6965
76.8028,0.9827,4.2431
76.8030,0.9068,3.9081
76.8032,0.9632,4.1496
76.8034,0.9581,4.1274
76.8036,0.9906,4.2674
76.8038,0.9827,4.2294
76.8040,1.0114,4.3573
76.8042,0.9936,4.2823
76.8044,0.924,3.9899
76.8046,0.8794,3.7973
76.8048,0.7711,3.3313
76.8050,0.7113,3.0757
76.8052,0.7308,3.1602
76.8054,0.792,3.4214
76.8056,0.8536,3.6775
76.8058,1.0114,4.3532
76.8060,1.0476,4.5175
76.8062,0.9828,4.2318
76.8064,0.9385,4.0507
76.8066,0.8421,3.6296
76.8068,0.9083,3.9148
76.8070,0.8996,3.8825
76.8072,0.9547,4.1072
76.8074,1.0907,4.6944
76.8076,1.0237,4.4038
76.8078,1.0459,4.5013
76.8080,0.9393,4.0463
76.8082,0.9053,3.9055
76.8084,0.8401,3.6292
76.8086,0.7768,3.3557
76.8088,0.8099,3.4922
76.8090,0.9177,3.957
76.8092,0.9592,4.1359
76.8094,0.9291,4.0005
76.8096,1.0125,4.3538
76.8098,0.9608,4.147
76.8100,0.787,3.3997
76.8102,0.7844,3.3872
76.8104,0.784,3.3883
76.8106,0.753,3.2591
76.8108,0.6639,2.8722
76.8110,0.6318,2.7307
76.8112,0.6771,2.936
76.8114,0.5407,2.3444
76.8116,0.4995,2.165
76.8118,0.4977,2.1582
76.8120,0.492,2.1342
76.8122,0.4915,2.1263
76.8124,0.5861,2.5332
76.8126,0.6288,2.7215
76.8128,0.5522,2.3898
76.8130,0.5233,2.2679
76.8132,0.4925,2.1353
76.8134,0.4894,2.1208
76.8136,0.4945,2.1432
76.8138,0.4975,2.1562
76.8140,0.5114,2.2134
76.8142,0.521,2.256
76.8144,0.497,2.1531
76.8146,0.5084,2.2004
76.8148,0.5299,2.2933
76.8150,0.4971,2.1536
76.8152,0.4947,2.1423
76.8154,0.5569,2.4079
76.8156,0.6288,2.7101
76.8158,0.7789,3.3619
76.8160,0.73,3.1507
76.8162,0.7233,3.1232
76.8164,0.6975,3.0007
76.8166,0.9286,3.9966
76.8168,0.9729,4.1876
76.8170,0.9791,4.208
76.8172,1.0004,4.3037
76.8174,0.9828,4.2338
76.8176,0.9795,4.2022
76.8178,1.1248,4.8207
76.8180,1.1953,5.1253
76.8182,1.1949,5.1261
76.8184,1.2074,5.17
76.8186,1.2986,5.5555
76.8188,1.3597,5.8275
76.8190,1.2054,5.1786
76.8192,1.1255,4.817
76.8194,1.287,5.5032
76.8196,1.3101,5.61
76.8198,1.3423,5.7556
76.8200,1.2652,5.4225
76.8202,1.2264,5.2614
76.8204,1.1923,5.11
76.8206,1.2742,5.4534
76.8208,1.407,6.022
76.8210,1.318,5.6491
76.8212,1.245,5.3411
76.8214,1.2715,5.4497
76.8216,1.223,5.2563
76.8218,1.0866,4.6725
76.8220,1.0387,4.4704
76.8222,1.031,4.427
76.8224,1.1142,4.7821
76.8226,1.169,5.0244
76.8228,1.1513,4.9435
76.8230,1.1292,4.8465
76.8232,1.2138,5.2001
76.8234,1.2507,5.3603
76.8236,1.2094,5.1884
76.8238,1.2131,5.2019
76.8240,1.2195,5.2291
76.8242,1.3037,5.6057
76.8244,1.1227,4.8232
76.8246,1.1528,4.9525
76.8248,1.1345,4.8737
76.8250,1.0655,4.5838
76.8252,0.9835,4.229
76.8254,1.0508,4.5246
76.8256,1.048,4.5148
76.8258,0.9721,4.1859
76.8260,0.9394,4.0524
76.8262,0.8121,3.5069
76.8264,0.7714,3.3277
76.8266,0.79,3.4126
76.8268,0.7749,3.3427
76.8270,0.8318,3.5901
76.8272,0.7969,3.4411
76.8274,0.7868,3.396
76.8276,0.7945,3.426
76.8278,0.8358,3.6022
76.8280,0.8467,3.6509
76.8282,0.7879,3.4038
76.8284,0.7127,3.0847
76.8286,0.6039,2.6135
76.8288,0.5794,2.5053
76.8290,0.5778,2.5009
76.8292,0.5944,2.5701
76.8294,0.6534,2.8266
76.8296,0.578,2.5026
76.8298,0.5727,2.4774
76.8300,0.5838,2.5257
76.8302,0.5937,2.5718
76.8304,0.516,2.2352
76.8306,0.4973,2.1541
76.8308,0.4919,2.1288
76.8310,0.4849,2.0997
76.8312,0.5501,2.381
76.8314,0.5516,2.385
76.8316,0.5778,2.5021
76.8318,0.5576,2.4143
76.8320,0.5452,2.3576
76.8322,0.5718,2.4715
76.8324,0.5768,2.4916
76.8326,0.6633,2.867
76.8328,0.5977,2.5799
76.8330,0.6611,2.8545
76.8332,0.686,2.9594
76.8334,0.6734,2.9105
76.8336,0.58,2.5091
76.8338,0.5659,2.4479
76.8340,0.5596,2.4164
76.8342,0.5895,2.5489
76.8344,0.5632,2.4353
76.8346,0.5552,2.3995
76.8348,0.5677,2.4534
76.8350,0.5843,2.5266
76.8352,0.5756,2.4876
76.8354,0.5987,2.5828
76.8356,0.6602,2.8548
76.8358,0.5337,2.3078
76.8360,0.5178,2.2399
76.8362,0.5251,2.2715
76.8364,0.5348,2.3114
76.8366,0.533,2.3036
76.8368,0.5247,2.27
76.8370,0.5222,2.2591
76.8372,0.5244,2.2663
76.8374,0.5349,2.3119
76.8376,0.5452,2.3576
76.8378,0.5343,2.3115
76.8380,0.5111,2.2088
76.8382,0.5066,2.1876
76.8384,0.5158,2.2305
76.8386,0.5212,2.2539
76.8388,0.5415,2.3382
76.8390,0.5965,2.5771
76.8392,0.6168,2.6622
76.8394,0.6535,2.8179
76.8396,0.6468,2.7903
76.8398,0.6373,2.7468
76.8400,0.7386,3.1791
76.8402,0.8035,3.4599
76.8404,0.8177,3.5192
76.8406,0.7822,3.3711
76.8408,0.7385,3.183
76.8410,0.7689,3.303
76.8412,0.849,3.6522
76.8414,0.8526,3.6694
76.8416,0.8626,3.711
76.8418,0.8309,3.581
76.8420,0.7197,3.1019
76.8422,0.7177,3.096
76.8424,0.739,3.1851
76.8426,0.7298,3.1482
76.8428,0.704,3.0314
76.8430,0.7786,3.3479
76.8432,0.8112,3.4914
76.8434,0.8666,3.7229
76.8436,0.9364,4.0227
76.8438,0.8738,3.7625
76.8440,0.8196,3.534
76.8442,0.7245,3.1197
76.8444,0.7408,3.1869
76.8446,0.8348,3.593
76.8448,0.833,3.5903
76.8450,0.6593,2.848
76.8452,0.562,2.429
76.8454,0.5428,2.3472
76.8456,0.5428,2.3418
76.8458,0.6193,2.6681
76.8460,0.6835,2.9431
76.8462,0.6768,2.9182
76.8464,0.6301,2.7184
76.8466,0.6599,2.8466
76.8468,0.6256,2.6987
76.8470,0.6155,2.6552
76.8472,0.6236,2.6892
76.8474,0.6657,2.8747
76.8476,0.5579,2.4092
76.8478,0.5377,2.3228
76.8480,0.5114,2.2114
76.8482,0.4853,2.0983
76.8484,0.4901,2.1191
76.8486,0.5101,2.2046
76.8488,0.5858,2.5223
76.8490,0.7037,3.0346
76.8492,0.6444,2.7748
76.8494,0.7135,3.0707
76.8496,0.7479,3.2189
76.8498,0.7722,3.3252
76.8500,0.7683,3.3066
76.8502,0.8259,3.5499
76.8504,0.8521,3.6622
76.8506,0.8894,3.8154
76.8508,1.0011,4.2968
76.8510,1.0048,4.3128
76.8512,0.9681,4.1592
76.8514,0.9173,3.9371
76.8516,0.9563,4.1082
76.8518,0.9837,4.2222
76.8520,1.0177,4.3658
76.8522,1.005,4.3073
76.8524,1.1009,4.7184
76.8526,1.0655,4.5689
76.8528,1.0366,4.4409
76.8530,1.0956,4.698
76.8532,1.0612,4.5589
76.8534,0.9289,3.9889
76.8536,0.9193,3.9458
76.8538,0.9428,4.0467
76.8540,0.9446,4.0601
76.8542,0.9419,4.0464
76.8544,0.934,4.0105
76.8546,0.9421,4.0493
76.8548,0.8966,3.857
76.8550,0.8963,3.8596
76.8552,0.8717,3.7415
76.8554,0.9652,4.1521
76.8556,0.8704,3.7428
76.8558,0.8703,3.7423
76.8560,0.8499,3.658
76.8562,0.845,3.6335
76.8564,0.8756,3.765
76.8566,0.8509,3.6588
76.8568,0.8466,3.6436
76.8570,0.8871,3.8127
76.8572,0.959,4.1219
76.8574,0.9,3.8684
76.8576,0.9108,3.9202
76.8578,0.8228,3.5447
76.8580,0.8021,3.4569
76.8582,0.7338,3.1599
76.8584,0.7776,3.3484
76.8586,0.81,3.4862
76.8588,0.7704,3.319
76.8590,0.732,3.1566
76.8592,0.7138,3.0751
76.8594,0.7142,3.0781
76.8596,0.742,3.1951
76.8598,0.8397,3.6075
76.8600,0.8621,3.7107
76.8602,0.8559,3.6821
76.8604,0.8711,3.7494
76.8606,0.8403,3.6151
76.8608,0.8372,3.6033
76.8610,0.8659,3.7284
76.8612,0.7731,3.3319
76.8614,0.7087,3.0543
76.8616,0.7257,3.1292
76.8618,0.7175,3.0969
76.8620,0.5943,2.5661
76.8622,0.6024,2.5977
76.8624,0.6828,2.9427
76.8626,0.6938,2.9903
76.8628,0.703,3.0286
76.8630,0.7438,3.2028
76.8632,0.7914,3.4046
76.8634,0.8115,3.4945
76.8636,0.8011,3.4496
76.8638,0.8038,3.461
76.8640,0.744,3.2068
76.8642,0.7059,3.0453
76.8644,0.6975,3.0049
76.8646,0.7338,3.1585
76.8648,0.7237,3.1146
76.8650,0.8057,3.4644
76.8652,0.8563,3.682
76.8654,0.7579,3.2683
76.8656,0.69,2.9765
76.8658,0.678,2.9234
76.8660,0.6763,2.9175
76.8662,0.615,2.6569
76.8664,0.5702,2.462
76.8666,0.5677,2.4477
76.8668,0.568,2.4538
76.8670,0.568,2.4527
76.8672,0.5823,2.5143
76.8674,0.5688,2.4552
76.8676,0.5642,2.4372
76.8678,0.5626,2.4294
76.8680,0.5612,2.4232
76.8682,0.5517,2.3767
76.8684,0.6732,2.8973
76.8686,0.6919,2.9834
76.8688,0.6454,2.7866
76.8690,0.5671,2.4474
76.8692,0.5564,2.4013
76.8694,0.55,2.375
76.8696,0.5486,2.3688
76.8698,0.5488,2.3687
76.8700,0.5533,2.3868
76.8702,0.5535,2.3911
76.8704,0.5482,2.3683
76.8706,0.5468,2.3599
76.8708,0.5492,2.3714
76.8710,0.551,2.3791
76.8712,0.5511,2.3786
76.8714,0.5494,2.3702
76.8716,0.5686,2.4507
76.8718,0.643,2.7711
76.8720,0.6945,2.9892
76.8722,0.7686,3.3128
76.8724,0.6873,2.961
76.8726,0.6625,2.8554
76.8728,0.6822,2.9374
76.8730,0.7232,3.1111
76.8732,0.7843,3.3663
76.8734,0.8144,3.5037
76.8736,0.7771,3.3463
76.8738,0.7738,3.3272
76.8740,0.772,3.3226
76.8742,0.7198,3.0981
76.8744,0.753,3.2426
76.8746,0.7278,3.1341
76.8748,0.7457,3.2051
76.8750,0.8006,3.4395
76.8752,0.8331,3.5841
76.8754,0.8287,3.5667
76.8756,0.812,3.4933
76.8758,0.7801,3.3608
76.8760,0.6503,2.804
76.8762,0.5879,2.5386
76.8764,0.5295,2.2854
76.8766,0.5335,2.3025
76.8768,0.5342,2.3077
76.8770,0.5324,2.2978
76.8772,0.5437,2.3454
76.8774,0.5302,2.2896
76.8776,0.4908,2.1192
76.8778,0.5716,2.4693
76.8780,0.4693,2.0265
76.8782,0.4293,1.8528
76.8784,0.4818,2.0842
76.8786,0.4113,1.7809
76.8788,0.3999,1.7284
76.8790,0.4097,1.7717
76.8792,0.4076,1.7632
76.8794,0.4028,1.7424
76.8796,0.3944,1.7037
76.8798,0.3964,1.7109
76.8800,0.4494,1.9442
76.8802,0.3974,1.7183
76.8804,0.3964,1.7125
76.8806,0.4317,1.8657
76.8808,0.4215,1.8208
76.8810,0.429,1.8552
76.8812,0.4311,1.8614
76.8814,0.4981,2.1468
76.8816,0.551,2.3747
76.8818,0.5738,2.4741
76.8820,0.565,2.4318
76.8822,0.6277,2.703
76.8824,0.7154,3.0747
76.8826,0.8544,3.6635
76.8828,0.8919,3.8262
76.8830,0.9376,4.0184
76.8832,0.9708,4.1608
76.8834,0.9598,4.1154
76.8836,0.9751,4.1754
76.8838,1.0271,4.4023
76.8840,1.0084,4.3222
76.8842,1.0365,4.4404
76.8844,1.0583,4.5317
76.8846,1.0258,4.3946
76.8848,1.0179,4.3628
76.8850,1.0365,4.4404
76.8852,1.0779,4.6133
76.8854,1.1172,4.7861
76.8856,1.0144,4.3519
76.8858,0.9648,4.1332
76.8860,1.0333,4.4265
76.8862,1.0215,4.3782
76.8864,1.0101,4.3294
76.8866,0.9379,4.0294
76.8868,0.9261,3.9617
76.8870,1.1584,4.9535
76.8872,1.1474,4.9132
76.8874,1.1237,4.8071
76.8876,1.148,4.9135
76.8878,1.1413,4.887
76.8880,1.0691,4.5844
76.8882,0.9692,4.158
76.8884,1.0346,4.428
76.8886,1.1734,5.02
76.8888,1.1623,4.9815
76.8890,1.01,4.3329
76.8892,0.9426,4.0532
76.8894,0.8395,3.6115
76.8896,0.8165,3.5092
76.8898,0.8085,3.4849
76.8900,0.7677,3.304
76.8902,0.81,3.4829
76.8904,0.8082,3.4768
76.8906,0.8359,3.591
76.8908,0.9026,3.8756
76.8910,0.887,3.8122
76.8912,0.8144,3.5037
76.8914,0.8064,3.4723
76.8916,0.796,3.421
76.8918,0.8094,3.482
76.8920,0.7436,3.2018
76.8922,0.7534,3.2426
76.8924,0.7689,3.3061
76.8926,0.7984,3.4409
76.8928,0.7538,3.2426
76.8930,0.7698,3.3118
76.8932,0.7906,3.4042
76.8934,0.6945,2.9961
76.8936,0.6385,2.7469
76.8938,0.7349,3.1646
76.8940,0.7481,3.2214
76.8942,0.7517,3.2414
76.8944,0.6091,2.629
76.8946,0.5259,2.2688
76.8948,0.587,2.5357
76.8950,0.5608,2.4205
76.8952,0.578,2.4899
76.8954,0.6247,2.6913
76.8956,0.6727,2.902
76.8958,0.6421,2.7662
76.8960,0.685,2.9498
76.8962,0.7069,3.048
76.8964,0.6486,2.7967
76.8966,0.6734,2.9024
76.8968,0.6265,2.7028
76.8970,0.5659,2.4445
76.8972,0.5354,2.3108
76.8974,0.5512,2.378
76.8976,0.5772,2.4914
76.8978,0.5353,2.3156
76.8980,0.4631,2.0005
76.8982,0.5136,2.2176
76.8984,0.4958,2.143
76.8986,0.4874,2.1047
76.8988,0.5241,2.2611
76.8990,0.5175,2.2347
76.8992,0.482,2.0814
76.8994,0.4782,2.0668
76.8996,0.4883,2.1093
76.8998,0.4759,2.056
76.9000,0.463,2.001
76.9002,0.4561,1.9705
76.9004,0.4552,1.9654
76.9006,0.4688,2.0235
76.9008,0.4757,2.0549
76.9010,0.4597,1.987
76.9012,0.4678,2.0198
76.9014,0.5314,2.2905
76.9016,0.5723,2.4667
76.9018,0.5807,2.5017
76.9020,0.6659,2.8685
76.9022,0.6677,2.8736
76.9024,0.6481,2.7921
76.9026,0.6233,2.6864
76.9028,0.6252,2.6946
76.9030,0.6218,2.6777
76.9032,0.672,2.8949
76.9034,0.6537,2.8163
76.9036,0.6504,2.8019
76.9038,0.6454,2.7789
76.9040,0.6487,2.7959
76.9042,0.6636,2.856
76.9044,0.7201,3.1063
76.9046,0.6251,2.6904
76.9048,0.677,2.9152
76.9050,0.6308,2.7202
76.9052,0.6113,2.6335
76.9054,0.6053,2.6076
76.9056,0.618,2.6587
76.9058,0.6746,2.9089
76.9060,0.6739,2.8991
76.9062,0.7368,3.1699
76.9064,0.7563,3.2474
76.9066,0.8035,3.4551
76.9068,0.8064,3.4626
76.9070,0.8865,3.8013
76.9072,0.8976,3.8545
76.9074,0.8576,3.6894
76.9076,0.7723,3.3241
76.9078,0.7258,3.1268
76.9080,0.6257,2.6955
76.9082,0.6792,2.9259
76.9084,0.6493,2.7998
76.9086,0.5862,2.5267
76.9088,0.5692,2.4556
76.9090,0.5721,2.468
76.9092,0.5506,2.3765
76.9094,0.5854,2.5242
76.9096,0.6304,2.7156
76.9098,0.6211,2.6771
76.9100,0.6228,2.6856
76.9102,0.5587,2.4089
76.9104,0.5491,2.3643
76.9106,0.5678,2.4482
76.9108,0.5353,2.3092
76.9110,0.5916,2.5488
76.9112,0.6675,2.8717
76.9114,0.6464,2.7887
76.9116,0.5732,2.4738
76.9118,0.5446,2.3474
76.9120,0.5446,2.3484
76.9122,0.5383,2.3232
76.9124,0.5003,2.1621
76.9126,0.4242,1.8319
76.9128,0.4221,1.8234
76.9130,0.4181,1.808
76.9132,0.4269,1.8433
76.9134,0.4595,1.985
76.9136,0.4122,1.7793
76.9138,0.411,1.7749
76.9140,0.412,1.7799
76.9142,0.4082,1.7633
76.9144,0.4148,1.7918
76.9146,0.4209,1.8182
76.9148,0.4842,2.0859
76.9150,0.6613,2.8409
76.9152,0.8101,3.4786
76.9154,0.8039,3.455
76.9156,0.7499,3.2231
76.9158,0.7364,3.1634
76.9160,0.8147,3.4982
76.9162,0.8253,3.5423
76.9164,0.8656,3.7135
76.9166,0.9142,3.92
76.9168,0.9439,4.0457
76.9170,0.958,4.1116
76.9172,0.898,3.8488
76.9174,0.9719,4.1635
76.9176,0.9937,4.257
76.9178,1.0448,4.4716
76.9180,1.0741,4.5995
76.9182,1.0787,4.6169
76.9184,1.127,4.8214
76.9186,1.1423,4.8843
76.9188,1.1399,4.8718
76.9190,1.1389,4.8768
76.9192,1.1358,4.8589
76.9194,1.1225,4.8109
76.9196,0.9165,3.9335
76.9198,0.881,3.7811
76.9200,0.8418,3.6129
76.9202,0.8662,3.7161
76.9204,0.8794,3.7797
76.9206,0.8878,3.8123
76.9208,0.9298,3.9925
76.9210,0.8908,3.8198
76.9212,1.0012,4.2893
76.9214,1.0229,4.3925
76.9216,0.9277,3.9781
76.9218,0.9738,4.1775
76.9220,0.9648,4.1409
76.9222,1.0016,4.2949
76.9224,1.0021,4.2989
76.9226,0.9219,3.9585
76.9228,0.9095,3.9036
76.9230,0.9118,3.9152
76.9232,0.9452,4.0513
76.9234,1.0093,4.3318
76.9236,0.9847,4.2322
76.9238,0.8773,3.7687
76.9240,0.8902,3.8279
76.9242,0.8875,3.8125
76.9244,0.8876,3.813
76.9246,0.898,3.856
76.9248,0.8777,3.769
76.9250,0.8823,3.7903
76.9252,0.9017,3.8756
76.9254,0.9201,3.9508
76.9256,0.8964,3.8529
76.9258,0.8316,3.5774
76.9260,0.8053,3.4661
76.9262,0.7925,3.4077
76.9264,0.7529,3.2375
76.9266,0.7768,3.3432
76.9268,0.7687,3.3117
76.9270,0.7546,3.2432
76.9272,0.827,3.5545
76.9274,0.8153,3.5105
76.9276,0.7486,3.2264
76.9278,0.6743,2.9033
76.9280,0.7348,3.1611
76.9282,0.7101,3.0591
76.9284,0.7018,3.0235
76.9286,0.6894,2.9725
76.9288,0.6058,2.6133
76.9290,0.5709,2.4628
76.9292,0.584,2.5204
76.9294,0.5913,2.5496
76.9296,0.6106,2.6328
76.9298,0.6019,2.6016
76.9300,0.522,2.2549
76.9302,0.5039,2.1757
76.9304,0.5019,2.1654
76.9306,0.5627,2.4288
76.9308,0.5576,2.4076
76.9310,0.5475,2.363
76.9312,0.5614,2.4197
76.9314,0.5553,2.3945
76.9316,0.5558,2.3965
76.9318,0.6145,2.6511
76.9320,0.5822,2.5114
76.9322,0.5501,2.3733
76.9324,0.5529,2.3841
76.9326,0.5547,2.393
76.9328,0.5531,2.3863
76.9330,0.5542,2.3909
76.9332,0.5521,2.3816
76.9334,0.5547,2.3963
76.9336,0.5564,2.4013
76.9338,0.5552,2.3951
76.9340,0.5527,2.3831
76.9342,0.5495,2.3696
76.9344,0.5533,2.3846
76.9346,0.5944,2.5606
76.9348,0.6485,2.7936
76.9350,0.6288,2.7114
76.9352,0.5601,2.4163
76.9354,0.5542,2.392
76.9356,0.5608,2.4194
76.9358,0.5561,2.3981
76.9360,0.5865,2.5265
76.9362,0.6256,2.6912
76.9364,0.7009,3.0208
76.9366,0.5942,2.5632
76.9368,0.581,2.5051
76.9370,0.5612,2.4175
76.9372,0.597,2.5744
76.9374,0.5662,2.4415
76.9376,0.5817,2.5059
76.9378,0.6645,2.8549
76.9380,0.728,3.1288
76.9382,0.7371,3.1739
76.9384,0.6884,2.9643
76.9386,0.6885,2.9634
76.9388,0.6804,2.9283
76.9390,0.6643,2.8578
76.9392,0.7011,3.0162
76.9394,0.7547,3.2407
76.9396,0.8659,3.7146
76.9398,0.8713,3.7412
76.9400,0.8644,3.7136
76.9402,0.9069,3.8869
76.9404,0.9728,4.1754
76.9406,0.906,3.8941
76.9408,0.8138,3.5011
76.9410,0.71,3.0586
76.9412,0.6679,2.8733
76.9414,0.7252,3.1242
76.9416,0.6818,2.9359
76.9418,0.7396,3.1803
76.9420,0.7215,3.1053
76.9422,0.7228,3.111
76.9424,0.7684,3.3071
76.9426,0.7462,3.2086
76.9428,0.7081,3.0461
76.9430,0.7395,3.1783
76.9432,0.7424,3.1966
76.9434,0.7155,3.0767
76.9436,0.8114,3.494
76.9438,0.6614,2.8507
76.9440,0.6137,2.6401
76.9442,0.7377,3.1735
76.9444,0.7871,3.3845
76.9446,0.7274,3.1291
76.9448,0.7306,3.1445
76.9450,0.7348,3.1641
76.9452,0.7269,3.1227
76.9454,0.7722,3.3252
76.9456,0.6728,2.8971
76.9458,0.6431,2.7716
76.9460,0.5823,2.5166
76.9462,0.4434,1.9138
76.9464,0.4901,2.1151
76.9466,0.4724,2.0428
76.9468,0.4367,1.8883
76.9470,0.4247,1.8356
76.9472,0.4435,1.9135
76.9474,0.4626,1.9976
76.9476,0.4426,1.9129
76.9478,0.4584,1.9794
76.9480,0.4895,2.1106
76.9482,0.5633,2.4235
76.9484,0.7073,3.0458
76.9486,0.6659,2.8698
76.9488,0.6726,2.8921
76.9490,0.7123,3.0599
76.9492,0.8005,3.4374
76.9494,0.7848,3.3747
76.9496,0.7954,3.4185
76.9498,0.8428,3.6192
76.9500,0.8729,3.7397
76.9502,1.0402,4.4563
76.9504,1.0445,4.4727
76.9506,0.9823,4.2141
76.9508,0.8912,3.8249
76.9510,0.8713,3.7412
76.9512,0.8939,3.8332
76.9514,0.9882,4.2353
76.9516,0.9924,4.2513
76.9518,1.0412,4.4625
76.9520,1.0498,4.4995
76.9522,1.0439,4.4722
76.9524,1.0848,4.643
76.9526,1.0782,4.617
76.9528,1.0747,4.5999
76.9530,1.0849,4.6544
76.9532,0.957,4.1074
76.9534,0.9631,4.1298
76.9536,0.9749,4.1763
76.9538,0.9958,4.2722
76.9540,0.9683,4.1519
76.9542,0.9665,4.1442
76.9544,1.0104,4.3284
76.9546,0.9988,4.287
76.9548,0.993,4.2579
76.9550,1.0375,4.4486
76.9552,0.9518,4.0929
76.9554,0.8282,3.553
76.9556,0.859,3.6973
76.9558,0.787,3.3871
76.9560,0.7726,3.3221
76.9562,0.7847,3.3773
76.9564,0.8115,3.4897
76.9566,0.8449,3.6279
76.9568,0.85,3.6586
76.9570,0.7121,3.0665
76.9572,0.7143,3.0758
76.9574,0.7233,3.1116
76.9576,0.7503,3.2337
76.9578,0.674,2.9023
76.9580,0.7328,3.1582
76.9582,0.6966,3.0008
76.9584,0.6483,2.7918
76.9586,0.6548,2.821
76.9588,0.6962,2.995
76.9590,0.8151,3.4986
76.9592,0.8865,3.8137
76.9594,0.7906,3.3994
76.9596,0.8022,3.4542
76.9598,0.7448,3.2069
76.9600,0.6832,2.9461
76.9602,0.6607,2.8476
76.9604,0.6637,2.8619
76.9606,0.5619,2.4274
76.9608,0.507,2.1891
76.9610,0.5301,2.2891
76.9612,0.5324,2.2968
76.9614,0.5497,2.3713
76.9616,0.6457,2.783
76.9618,0.6944,2.9873
76.9620,0.7241,3.1167
76.9622,0.6831,2.9443
76.9624,0.6437,2.7768
76.9626,0.6298,2.7168
76.9628,0.6265,2.6978
76.9630,0.644,2.7745
76.9632,0.6922,2.9794
76.9634,0.7541,3.2427
76.9636,0.763,3.2854
76.9638,0.7012,3.0195
76.9640,0.7077,3.0502
76.9642,0.6402,2.7605
76.9644,0.6296,2.7113
76.9646,0.6627,2.8577
76.9648,0.6214,2.6781
76.9650,0.6268,2.6989
76.9652,0.6443,2.7755
76.9654,0.6425,2.7704
76.9656,0.6603,2.8474
76.9658,0.5443,2.3491
76.9660,0.5182,2.2378
76.9662,0.5356,2.3139
76.9664,0.5009,2.1607
76.9666,0.51,2.2011
76.9668,0.5494,2.3713
76.9670,0.5186,2.2383
76.9672,0.4728,2.0406
76.9674,0.4721,2.0403
76.9676,0.4756,2.0554
76.9678,0.485,2.0934
76.9680,0.4828,2.0845
76.9682,0.4822,2.0829
76.9684,0.4818,2.0814
76.9686,0.4841,2.0883
76.9688,0.4817,2.0789
76.9690,0.4814,2.0798
76.9692,0.4806,2.0762
76.9694,0.4812,2.0788
76.9696,0.4706,2.0313
76.9698,0.4676,2.0193
76.9700,0.4637,2.0022
76.9702,0.4688,2.0226
76.9704,0.4699,2.0263
76.9706,0.4752,2.0491
76.9708,0.4769,2.0573
76.9710,0.5266,2.2719
76.9712,0.5674,2.4467
76.9714,0.5862,2.5255
76.9716,0.5889,2.5381
76.9718,0.5909,2.5468
76.9720,0.5928,2.5539
76.9722,0.5879,2.5304
76.9724,0.5822,2.5068
76.9726,0.6294,2.7115
76.9728,0.6406,2.7608
76.9730,0.6328,2.7209
76.9732,0.7615,3.2701
76.9734,0.8048,3.4576
76.9736,0.8456,3.631
76.9738,0.833,3.5786
76.9740,0.7618,3.2726
76.9742,0.7579,3.2577
76.9744,0.7431,3.1967
76.9746,0.8398,3.6063
76.9748,0.8165,3.5108
76.9750,0.7059,3.0382
76.9752,0.6443,2.773
76.9754,0.686,2.9526
76.9756,0.6436,2.7737
76.9758,0.5318,2.2931
76.9760,0.5214,2.2492
76.9762,0.5233,2.2543
76.9764,0.5675,2.4483
76.9766,0.533,2.2972
76.9768,0.5606,2.415
76.9770,0.5744,2.4755
76.9772,0.5311,2.2943
76.9774,0.4227,1.826
76.9776,0.4158,1.7965
76.9778,0.4101,1.7724
76.9780,0.4043,1.7475
76.9782,0.4318,1.8654
76.9784,0.4252,1.8369
76.9786,0.4191,1.8079
76.9788,0.4246,1.8343
76.9790,0.4191,1.8104
76.9792,0.4126,1.7833
76.9794,0.413,1.7824
76.9796,0.4143,1.7905
76.9798,0.3843,1.661
76.9800,0.3795,1.6403
76.9802,0.3763,1.6248
76.9804,0.4011,1.7319
76.9806,0.4037,1.7449
76.9808,0.3883,1.675
76.9810,0.4061,1.7504
76.9812,0.4781,2.0605
76.9814,0.5058,2.1779
76.9816,0.6541,2.81
76.9818,0.7727,3.318
76.9820,0.7647,3.2865
76.9822,0.8081,3.4618
76.9824,0.8873,3.8066
76.9826,0.9017,3.863
76.9828,0.921,3.9475
76.9830,0.9149,3.9195
76.9832,1,4.2822
76.9834,1.0533,4.506
76.9836,1.0664,4.5597
76.9838,1.0397,4.4417
76.9840,1.0776,4.6101
76.9842,1.0593,4.5358
76.9844,1.0697,4.5848
76.9846,0.9837,4.2202
76.9848,0.9329,3.9965
76.9850,1.0636,4.5458
76.9852,1.1803,5.0445
76.9854,1.2002,5.1271
76.9856,1.2104,5.1658
76.9858,1.226,5.2397
76.9860,1.1827,5.0689
76.9862,1.0196,4.3659
76.9864,1.046,4.4768
76.9866,1.0551,4.5158
76.9868,1.0599,4.5405
76.9870,1.0377,4.4476
76.9872,0.9889,4.2404
76.9874,1.0367,4.4393
76.9876,1.0764,4.6136
76.9878,0.9626,4.1335
76.9880,0.9119,3.9158
76.9882,0.8956,3.8439
76.9884,0.8987,3.8555
76.9886,0.9087,3.8982
76.9888,0.9159,3.9364
76.9890,0.8955,3.8488
76.9892,0.8461,3.6365
76.9894,0.8204,3.5245
76.9896,0.854,3.6688
76.9898,0.8414,3.6147
76.9900,0.834,3.5827
76.9902,0.8486,3.6473
76.9904,0.8398,3.6113
76.9906,0.8569,3.6777
76.9908,0.8799,3.78
76.9910,0.939,4.0321
76.9912,0.9143,3.9224
76.9914,0.9265,3.9823
76.9916,0.8163,3.5119
76.9918,0.7949,3.418
76.9920,0.8496,3.648
76.9922,0.9029,3.8807
76.9924,0.8572,3.6861
76.9926,0.8378,3.6009
76.9928,0.8147,3.5031
76.9930,0.8342,3.5821
76.9932,0.871,3.7437
76.9934,0.843,3.6197
76.9936,0.85,3.662
76.9938,0.7582,3.2632
76.9940,0.7973,3.4299
76.9942,0.7915,3.4051
76.9944,0.7943,3.4138
76.9946,0.807,3.4684
76.9948,0.8026,3.4542
76.9950,0.7407,3.1923
76.9952,0.6569,2.8337
76.9954,0.6174,2.6635
76.9956,0.6457,2.7856
76.9958,0.6253,2.6977
76.9960,0.5489,2.3703
76.9962,0.5176,2.2352
76.9964,0.5161,2.2274
76.9966,0.5635,2.4319
76.9968,0.5775,2.4878
76.9970,0.6039,2.6063
76.9972,0.554,2.3899
76.9974,0.5565,2.4019
76.9976,0.5633,2.428
76.9978,0.6416,2.7577
76.9980,0.7296,3.1419
76.9982,0.6934,2.9845
76.9984,0.707,3.0429
76.9986,0.6346,2.7388
76.9988,0.5871,2.5338
76.9990,0.5712,2.4632
76.9992,0.5742,2.475
76.9994,0.5894,2.5401
76.9996,0.5895,2.5418
76.9998,0.5667,2.4447
77.0000,0.5717,2.4676
77.0002,0.548,2.364
77.0004,0.5597,2.4147
77.0006,0.5573,2.4055
77.0008,0.5392,2.3273
77.0010,0.5519,2.3778
77.0012,0.6299,2.7085
77.0014,0.7546,3.2417
77.0016,0.8263,3.5564
77.0018,0.6896,2.968
77.0020,0.7151,3.0794
77.0022,0.7115,3.0639
77.0024,0.7094,3.0546
77.0026,0.7066,3.0399
77.0028,0.7392,3.1802
77.0030,0.7203,3.0958
77.0032,0.7663,3.2968
77.0034,0.7478,3.2153
77.0036,0.79,3.4016
77.0038,0.7233,3.1145
77.0040,0.6769,2.9093
77.0042,0.7987,3.4313
77.0044,0.8608,3.6981
77.0046,0.8154,3.5013
77.0048,0.8552,3.6756
77.0050,0.827,3.5562
77.0052,0.8132,3.4985
77.0054,0.7222,3.107
77.0056,0.7885,3.3891
77.0058,0.8648,3.7099
77.0060,0.9155,3.9275
77.0062,0.9119,3.9176
77.0064,0.8863,3.8073
77.0066,0.8643,3.7182
77.0068,0.7359,3.1702
77.0070,0.7121,3.0679
77.0072,0.6831,2.9415
77.0074,0.6662,2.8714
77.0076,0.6528,2.8096
77.0078,0.7342,3.1527
77.0080,0.7418,3.1955
77.0082,0.7304,3.142
77.0084,0.751,3.2323
77.0086,0.6686,2.8817
77.0088,0.6335,2.7278
77.0090,0.6573,2.8318
77.0092,0.6536,2.8132
77.0094,0.7015,3.0205
77.0096,0.6148,2.6521
77.0098,0.5547,2.3941
77.0100,0.5413,2.335
77.0102,0.5197,2.245
77.0104,0.42,1.8163
77.0106,0.4107,1.775
77.0108,0.4161,1.7975
77.0110,0.5081,2.1897
77.0112,0.5415,2.3404
77.0114,0.4277,1.8486
77.0116,0.4215,1.8216
77.0118,0.4083,1.7646
77.0120,0.4063,1.7558
77.0122,0.4099,1.7722
77.0124,0.4119,1.7802
77.0126,0.4069,1.756
77.0128,0.4048,1.7488
77.0130,0.4073,1.7605
77.0132,0.4097,1.7709
77.0134,0.4103,1.7726
77.0136,0.4101,1.7716
77.0138,0.4533,1.9554
77.0140,0.4882,2.1069
77.0142,0.4712,2.0329
77.0144,0.4521,1.9466
77.0146,0.5867,2.5241
77.0148,0.7449,3.2015
77.0150,0.8006,3.4395
77.0152,0.7485,3.2184
77.0154,0.7282,3.1313
77.0156,0.782,3.3597
77.0158,0.8069,3.4695
77.0160,0.7805,3.3514
77.0162,0.886,3.7974
77.0164,0.9238,3.963
77.0166,0.953,4.0847
77.0168,1.002,4.2924
77.0170,0.9962,4.2638
77.0172,1.021,4.3782
77.0174,0.9608,4.1143
77.0176,0.9979,4.2749
77.0178,1.0214,4.3797
77.0180,0.9168,3.935
77.0182,0.8767,3.7626
77.0184,0.9201,3.9508
77.0186,0.9056,3.8812
77.0188,0.9419,4.0369
77.0190,0.9461,4.0568
77.0192,0.9908,4.2466
77.0194,1.037,4.4445
77.0196,0.9885,4.2289
77.0198,1.0174,4.3648
77.0200,0.9758,4.1882
77.0202,0.9794,4.1958
77.0204,1.0164,4.3602
77.0206,0.9618,4.1222
77.0208,1.0327,4.4239
77.0210,0.9655,4.1478
77.0212,0.8147,3.5047
77.0214,0.7976,3.433
77.0216,0.791,3.3999
77.0218,0.8083,3.4741
77.0220,0.8789,3.7777
77.0222,0.8693,3.7312
77.0224,0.883,3.7917
77.0226,0.8571,3.6804
77.0228,0.8985,3.8599
77.0230,0.9331,4.0032
77.0232,0.9866,4.2405
77.0234,0.8759,3.7683
77.0236,0.8251,3.5479
77.0238,0.8189,3.5146
77.0240,0.8901,3.8238
77.0242,0.9026,3.8774
77.0244,0.898,3.856
77.0246,0.8945,3.8357
77.0248,1.01,4.3309
77.0250,0.9731,4.1744
77.0252,0.9708,4.1627
77.0254,0.9952,4.2656
77.0256,0.9539,4.0921
77.0258,0.921,3.9586
77.0260,0.8675,3.7287
77.0262,0.9035,3.8779
77.0264,0.9135,3.9297
77.0266,0.7697,3.3128
77.0268,0.7837,3.3747
77.0270,0.7528,3.24
77.0272,0.7063,3.044
77.0274,0.7054,3.0404
77.0276,0.6661,2.8722
77.0278,0.593,2.5604
77.0280,0.5391,2.3257
77.0282,0.5997,2.5846
77.0284,0.6217,2.6797
77.0286,0.6144,2.6494
77.0288,0.5428,2.3429
77.0290,0.5256,2.2694
77.0292,0.5406,2.3352
77.0294,0.5421,2.3387
77.0296,0.5511,2.3786
77.0298,0.5467,2.3594
77.0300,0.4993,2.159
77.0302,0.4373,1.8901
77.0304,0.4576,1.9758
77.0306,0.4856,2.0979
77.0308,0.5223,2.2512
77.0310,0.6533,2.8169
77.0312,0.5687,2.4558
77.0314,0.4956,2.1419
77.0316,0.473,2.0445
77.0318,0.47,2.0297
77.0320,0.4714,2.0363
77.0322,0.4783,2.0673
77.0324,0.4736,2.0461
77.0326,0.4717,2.0378
77.0328,0.4716,2.0383
77.0330,0.469,2.0259
77.0332,0.4754,2.0539
77.0334,0.4728,2.0406
77.0336,0.4703,2.0307
77.0338,0.4702,2.0302
77.0340,0.4708,2.0337
77.0342,0.4752,2.0529
77.0344,0.4733,2.0427
77.0346,0.4698,2.0286
77.0348,0.4694,2.028
77.0350,0.4703,2.0307
77.0352,0.4734,2.0432
77.0354,0.4709,2.0314
77.0356,0.4687,2.023
77.0358,0.4985,2.1494
77.0360,0.5464,2.3584
77.0362,0.4983,2.1479
77.0364,0.5276,2.2771
77.0366,0.5069,2.1886
77.0368,0.4819,2.078
77.0370,0.5714,2.4592
77.0372,0.6228,2.6843
77.0374,0.5916,2.5499
77.0376,0.5727,2.4683
77.0378,0.5865,2.5277
77.0380,0.5878,2.531
77.0382,0.6001,2.5854
77.0384,0.5901,2.5432
77.0386,0.6018,2.5915
77.0388,0.6379,2.7405
77.0390,0.752,3.2304
77.0392,0.843,3.6163
77.0394,0.8936,3.8405
77.0396,0.7734,3.3241
77.0398,0.7824,3.3675
77.0400,0.7008,3.0202
77.0402,0.6069,2.6107
77.0404,0.618,2.6624
77.0406,0.5758,2.4806
77.0408,0.6512,2.8029
77.0410,0.7364,3.1737
77.0412,0.603,2.5966
77.0414,0.6061,2.61
77.0416,0.6766,2.915
77.0418,0.6702,2.8791
77.0420,0.7344,3.1552
77.0422,0.7745,3.3272
77.0424,0.7668,3.2973
77.0426,0.7439,3.1988
77.0428,0.755,3.2508
77.0430,0.6543,2.8176
77.0432,0.6763,2.9107
77.0434,0.706,3.0387
77.0436,0.6755,2.9031
77.0438,0.7057,3.04
77.0440,0.6511,2.8011
77.0442,0.6848,2.946
77.0444,0.6467,2.791
77.0446,0.6117,2.6314
77.0448,0.7089,3.0511
77.0450,0.6787,2.9184
77.0452,0.713,3.0701
77.0454,0.6323,2.7226
77.0456,0.6758,2.906
77.0458,0.6903,2.9698
77.0460,0.7603,3.2756
77.0462,0.5999,2.5904
77.0464,0.4726,2.0415
77.0466,0.4513,1.9498
77.0468,0.4296,1.8552
77.0470,0.4172,1.7996
77.0472,0.4747,2.0489
77.0474,0.4465,1.9264
77.0476,0.5447,2.349
77.0478,0.6239,2.6865
77.0480,0.6445,2.7727
77.0482,0.6612,2.847
77.0484,0.624,2.687
77.0486,0.6733,2.8938
77.0488,0.74,3.1774
77.0490,0.7838,3.3658
77.0492,0.7832,3.3633
77.0494,0.8313,3.5681
77.0496,0.8822,3.7845
77.0498,0.9512,4.0732
77.0500,1.0716,4.5844
77.0502,1.084,4.6373
77.0504,1.0731,4.5927
77.0506,1.0147,4.3469
77.0508,1.0309,4.4183
77.0510,1.0323,4.4203
77.0512,1.1222,4.7964
77.0514,1.123,4.8062
77.0516,1.0761,4.6099
77.0518,1.0182,4.3638
77.0520,1.0406,4.4516
77.0522,1.124,4.8041
77.0524,1.1454,4.9022
77.0526,1.071,4.5947
77.0528,0.9439,4.0532
77.0530,0.8303,3.5634
77.0532,0.8932,3.8336
77.0534,0.8617,3.7
77.0536,0.8813,3.7845
77.0538,0.9117,3.9147
77.0540,0.8906,3.8205
77.0542,0.8852,3.808
77.0544,0.7677,3.3025
77.0546,0.7942,3.4149
77.0548,0.8095,3.4744
77.0550,0.836,3.5965
77.0552,0.7792,3.3504
77.0554,0.7937,3.4112
77.0556,0.7861,3.3819
77.0558,0.7775,3.3463
77.0560,0.7789,3.3478
77.0562,0.8335,3.5807
77.0564,0.8063,3.4654
77.0566,0.7433,3.1948
77.0568,0.7816,3.3561
77.0570,0.8452,3.6329
77.0572,0.805,3.4613
77.0574,0.8407,3.6217
77.0576,0.706,3.0402
77.0578,0.6647,2.862
77.0580,0.7427,3.1952
77.0582,0.7966,3.4204
77.0584,0.7984,3.4393
77.0586,0.6793,2.9277
77.0588,0.6843,2.944
77.0590,0.7213,3.1072
77.0592,0.7147,3.0759
77.0594,0.7853,3.3767
77.0596,0.7332,3.1588
77.0598,0.6733,2.8992
77.0600,0.7264,3.125
77.0602,0.7368,3.1743
77.0604,0.6936,2.9892
77.0606,0.7003,3.014
77.0608,0.7412,3.19
77.0610,0.7594,3.2699
77.0612,0.6868,2.9603
77.0614,0.6824,2.9371
77.0616,0.6858,2.9529
77.0618,0.7114,3.062
77.0620,0.7282,3.1342
77.0622,0.7105,3.0621
77.0624,0.6314,2.7203
77.0626,0.6543,2.8163
77.0628,0.7184,3.0948
77.0630,0.6693,2.8848
77.0632,0.6325,2.7236
77.0634,0.6382,2.7492
77.0636,0.6825,2.939
77.0638,0.739,3.1748
77.0640,0.8217,3.5318
77.0642,0.7719,3.3252
77.0644,0.6901,2.9701
77.0646,0.7213,3.1
77.0648,0.7955,3.4237
77.0650,0.6832,2.9489
77.0652,0.5674,2.4478
77.0654,0.5654,2.4379
77.0656,0.5614,2.4219
77.0658,0.5447,2.35
77.0660,0.5582,2.4046
77.0662,0.5919,2.5522
77.0664,0.5462,2.3573
77.0666,0.5428,2.3407
77.0668,0.579,2.498
77.0670,0.5504,2.3744
77.0672,0.6715,2.8874
77.0674,0.763,3.2854
77.0676,0.6137,2.6475
77.0678,0.5326,2.2978
77.0680,0.5276,2.2771
77.0682,0.5274,2.2761
77.0684,0.5253,2.2662
77.0686,0.526,2.2693
77.0688,0.5272,2.2766
77.0690,0.5398,2.3288
77.0692,0.5396,2.3267
77.0694,0.5359,2.3107
77.0696,0.5348,2.306
77.0698,0.5382,2.3194
77.0700,0.5904,2.5436
77.0702,0.639,2.7541
77.0704,0.6419,2.7639
77.0706,0.6731,2.8955
77.0708,0.7121,3.0665
77.0710,0.6613,2.8462
77.0712,0.6406,2.7582
77.0714,0.6355,2.7378
77.0716,0.6551,2.8194
77.0718,0.7443,3.2019
77.0720,0.7371,3.1709
77.0722,0.7618,3.2772
77.0724,0.7379,3.1745
77.0726,0.7317,3.1477
77.0728,0.734,3.1531
77.0730,0.8115,3.4832
77.0732,0.8139,3.5032
77.0734,0.6608,2.8508
77.0736,0.6066,2.6133
77.0738,0.682,2.9314
77.0740,0.7723,3.321
77.0742,0.7312,3.1486
77.0744,0.6814,2.9329
77.0746,0.6846,2.945
77.0748,0.6637,2.8552
77.0750,0.6955,2.9947
77.0752,0.6726,2.8921
77.0754,0.7569,3.2515
77.0756,0.7398,3.1858
77.0758,0.6897,2.9672
77.0760,0.7198,3.0995
77.0762,0.6612,2.847
77.0764,0.6265,2.7066
77.0766,0.4587,1.9832
77.0768,0.4293,1.8528
77.0770,0.4377,1.8907
77.0772,0.5147,2.2181
77.0774,0.5259,2.272
77.0776,0.4018,1.7358
77.0778,0.3889,1.6815
77.0780,0.3916,1.6902
77.0782,0.4156,1.7954
77.0784,0.3727,1.6107
77.0786,0.3835,1.6566
77.0788,0.4154,1.7952
77.0790,0.4011,1.7327
77.0792,0.4058,1.7521
77.0794,0.3867,1.6698
77.0796,0.385,1.6633
77.0798,0.3985,1.7213
77.0800,0.3955,1.7068
77.0802,0.437,1.8859
77.0804,0.4172,1.8013
77.0806,0.4903,2.1142
77.0808,0.5215,2.2476
77.0810,0.5726,2.4655
77.0812,0.6081,2.6159
77.0814,0.666,2.8664
77.0816,0.6771,2.9103
77.0818,0.7956,3.4179
77.0820,0.8032,3.4503
77.0822,0.8102,3.4824
77.0824,0.7919,3.4019
77.0826,0.78,3.3494
77.0828,0.7789,3.3416
77.0830,0.8155,3.4985
77.0832,0.8426,3.6198
77.0834,0.855,3.6695
77.0836,0.8701,3.7361
77.0838,0.8909,3.8167
77.0840,1.0117,4.3279
77.0842,1.057,4.5219
77.0844,1.0563,4.5209
77.0846,1.0505,4.4942
77.0848,1.0353,4.4332
77.0850,1.0602,4.5378
77.0852,1.1056,4.734
77.0854,1.0566,4.5203
77.0856,1.1185,4.7872
77.0858,1.1081,4.7382
77.0860,1.1012,4.7089
77.0862,1.1271,4.8265
77.0864,1.0879,4.6542
77.0866,1.1016,4.7149
77.0868,1.0623,4.5465
77.0870,1.1345,4.8532
77.0872,1.1276,4.8353
77.0874,1.0197,4.3746
77.0876,0.9878,4.2357
77.0878,0.9589,4.1157
77.0880,0.9869,4.2356
77.0882,0.9775,4.1974
77.0884,0.8708,3.7322
77.0886,0.9889,4.2344
77.0888,1.0823,4.6431
77.0890,0.9504,4.081
77.0892,0.9632,4.1246
77.0894,1.0243,4.3941
77.0896,0.9638,4.1464
77.0898,0.763,3.2839
77.0900,0.7064,3.0431
77.0902,0.7217,3.1078
77.0904,0.7281,3.1308
77.0906,0.7388,3.1767
77.0908,0.7697,3.3112
77.0910,0.742,3.1965
77.0912,0.7324,3.1508
77.0914,0.7037,3.036
77.0916,0.6179,2.6631
77.0918,0.6757,2.9109
77.0920,0.6778,2.9175
77.0922,0.7383,3.1746
77.0924,0.8026,3.4526
77.0926,0.7434,3.2042
77.0928,0.6337,2.7339
77.0930,0.6282,2.7076
77.0932,0.6679,2.8773
77.0934,0.616,2.6549
77.0936,0.651,2.8045
77.0938,0.6547,2.8179
77.0940,0.6942,2.9904
77.0942,0.6801,2.9286
77.0944,0.7267,3.1275
77.0946,0.6968,3.0032
77.0948,0.6669,2.8732
77.0950,0.6306,2.7217
77.0952,0.5137,2.2161
77.0954,0.5169,2.2331
77.0956,0.5141,2.2186
77.0958,0.5589,2.41
77.0960,0.489,2.1144
77.0962,0.4347,1.8795
77.0964,0.4197,1.8139
77.0966,0.4314,1.8612
77.0968,0.529,2.2855
77.0970,0.5158,2.2243
77.0972,0.6189,2.6635
77.0974,0.6431,2.7729
77.0976,0.6037,2.6058
77.0978,0.5147,2.2223
77.0980,0.4374,1.8906
77.0982,0.4283,1.8512
77.0984,0.425,1.8358
77.0986,0.424,1.8317
77.0988,0.4299,1.8571
77.0990,0.4375,1.8911
77.0992,0.4277,1.8469
77.0994,0.4296,1.856
77.0996,0.4391,1.8969
77.0998,0.4447,1.9213
77.1000,0.4461,1.9252
77.1002,0.4421,1.9081
77.1004,0.435,1.8785
77.1006,0.4347,1.8752
77.1008,0.4811,2.0754
77.1010,0.4504,1.942
77.1012,0.4627,1.9981
77.1014,0.5065,2.184
77.1016,0.5491,2.3665
77.1018,0.5708,2.46
77.1020,0.5788,2.4958
77.1022,0.5794,2.4926
77.1024,0.6495,2.7944
77.1026,0.6498,2.7993
77.1028,0.633,2.7282
77.1030,0.5901,2.5373
77.1032,0.6699,2.8834
77.1034,0.6883,2.9596
77.1036,0.7125,3.0638
77.1038,0.73,3.1347
77.1040,0.763,3.2824
77.1042,0.7055,3.0339
77.1044,0.6939,2.9825
77.1046,0.7125,3.0609
77.1048,0.7416,3.195
77.1050,0.6232,2.6834
77.1052,0.6689,2.8747
77.1054,0.7256,3.1185
77.1056,0.7852,3.3715
77.1058,0.8213,3.5248
77.1060,0.8521,3.6588
77.1062,0.8503,3.6528
77.1064,0.7613,3.2767
77.1066,0.6883,2.9665
77.1068,0.5971,2.5725
77.1070,0.595,2.5597
77.1072,0.7067,3.0404
77.1074,0.5853,2.5214
77.1076,0.5987,2.5828
77.1078,0.5787,2.4941
77.1080,0.569,2.4511
77.1082,0.5675,2.4472
77.1084,0.5928,2.5551
77.1086,0.5708,2.46
77.1088,0.5582,2.4046
77.1090,0.5939,2.5574
77.1092,0.6531,2.8111
77.1094,0.6142,2.6483
77.1096,0.5585,2.4107
77.1098,0.5215,2.2497
77.1100,0.4676,2.0184
77.1102,0.4037,1.7433
77.1104,0.4,1.7289
77.1106,0.4034,1.741
77.1108,0.4138,1.786
77.1110,0.4077,1.762
77.1112,0.3896,1.6838
77.1114,0.3837,1.6576
77.1116,0.3843,1.6595
77.1118,0.3903,1.6861
77.1120,0.3877,1.6747
77.1122,0.3844,1.6584
77.1124,0.3895,1.6825
77.1126,0.3903,1.6861
77.1128,0.3914,1.6916
77.1130,0.3892,1.6807
77.1132,0.4328,1.8669
77.1134,0.4379,1.8891
77.1136,0.5575,2.4015
77.1138,0.5672,2.4434
77.1140,0.5079,2.1882
77.1142,0.544,2.3415
77.1144,0.6433,2.7701
77.1146,0.6169,2.6553
77.1148,0.5859,2.524
77.1150,0.6157,2.6452
77.1152,0.7377,3.1706
77.1154,0.7341,3.1507
77.1156,0.7916,3.3946
77.1158,0.8655,3.7113
77.1160,0.865,3.711
77.1162,0.8334,3.5752
77.1164,0.8901,3.8167
77.1166,0.9432,4.0407
77.1168,0.9765,4.1816
77.1170,0.978,4.1897
77.1172,0.9811,4.203
77.1174,1.0262,4.388
77.1176,1.1273,4.8202
77.1178,1.0563,4.5209
77.1180,1.0505,4.5005
77.1182,1.0322,4.4157
77.1184,1.0896,4.6614
77.1186,1.0418,4.4567
77.1188,1.0093,4.3379
77.1190,0.8317,3.568
77.1192,0.8541,3.6693
77.1194,0.8136,3.4935
77.1196,0.8584,3.6844
77.1198,0.9069,3.8887
77.1200,0.8624,3.7048
77.1202,0.8213,3.5281
77.1204,0.8729,3.7484
77.1206,0.8741,3.7536
77.1208,0.8157,3.5044
77.1210,0.8026,3.4494
77.1212,0.8526,3.6592
77.1214,0.8863,3.7985
77.1216,0.9369,4.0154
77.1218,0.9648,4.139
77.1220,0.9497,4.0703
77.1222,0.9966,4.2713
77.1224,0.9568,4.1045
77.1226,0.9601,4.1189
77.1228,0.9568,4.1045
77.1230,0.9087,3.9055
77.1232,0.8187,3.519
77.1234,0.7864,3.3798
77.1236,0.8287,3.5584
77.1238,0.8328,3.5792
77.1240,0.8467,3.634
77.1242,0.968,4.149
77.1244,0.9958,4.2682
77.1246,0.9837,4.2261
77.1248,0.8721,3.7431
77.1250,0.9364,4.0152
77.1252,0.9803,4.2034
77.1254,0.9843,4.2267
77.1256,0.9008,3.8787
77.1258,0.7121,3.0693
77.1260,0.6647,2.8633
77.1262,0.6624,2.8509
77.1264,0.6541,2.8205
77.1266,0.5901,2.5456
77.1268,0.5818,2.5064
77.1270,0.6406,2.7608
77.1272,0.6335,2.7303
77.1274,0.5864,2.5295
77.1276,0.5926,2.5505
77.1278,0.701,3.0213
77.1280,0.5735,2.4776
77.1282,0.4888,2.1104
77.1284,0.4828,2.0855
77.1286,0.4814,2.0788
77.1288,0.5123,2.2109
77.1290,0.5344,2.3056
77.1292,0.5258,2.2694
77.1294,0.5338,2.304
77.1296,0.5332,2.2983
77.1298,0.542,2.336
77.1300,0.5451,2.3527
77.1302,0.5754,2.4767
77.1304,0.6717,2.8965
77.1306,0.5814,2.5083
77.1308,0.5525,2.3848
77.1310,0.5441,2.3475
77.1312,0.5344,2.3056
77.1314,0.5391,2.3225
77.1316,0.529,2.2823
77.1318,0.5252,2.2678
77.1320,0.5226,2.2543
77.1322,0.5226,2.2533
77.1324,0.5244,2.2611
77.1326,0.5282,2.2797
77.1328,0.5275,2.2756
77.1330,0.5232,2.2548
77.1332,0.5233,2.2575
77.1334,0.5251,2.2652
77.1336,0.5313,2.2921
77.1338,0.5281,2.2803
77.1340,0.5245,2.2626
77.1342,0.5228,2.2543
77.1344,0.5239,2.259
77.1346,0.5239,2.26
77.1348,0.5347,2.3045
77.1350,0.597,2.572
77.1352,0.5439,2.3464
77.1354,0.5263,2.2704
77.1356,0.5242,2.2605
77.1358,0.5374,2.3185
77.1360,0.527,2.2724
77.1362,0.5613,2.4169
77.1364,0.6144,2.6469
77.1366,0.6138,2.6406
77.1368,0.632,2.7203
77.1370,0.6814,2.9302
77.1372,0.7701,3.3082
77.1374,0.7906,3.401
77.1376,0.7202,3.0968
77.1378,0.7282,3.1298
77.1380,0.7631,3.2798
77.1382,0.7401,3.1779
77.1384,0.7446,3.2019
77.1386,0.7281,3.1293
77.1388,0.7737,3.3283
77.1390,0.7449,3.203
77.1392,0.7256,3.1185
77.1394,0.7609,3.2736
77.1396,0.7109,3.0627
77.1398,0.6475,2.783
77.1400,0.713,3.0672
77.1402,0.6745,2.9017
77.1404,0.6836,2.9422
77.1406,0.6908,2.9704
77.1408,0.6716,2.8906
77.1410,0.6902,2.9665
77.1412,0.7476,3.2133
77.1414,0.7657,3.2881
77.1416,0.7739,3.3231
77.1418,0.7313,3.1506
77.1420,0.6888,2.9672
77.1422,0.6798,2.9244
77.1424,0.7096,3.0485
77.1426,0.7823,3.3576
77.1428,0.8356,3.5899
77.1430,0.7859,3.3762
77.1432,0.7813,3.355
77.1434,0.8084,3.4714
77.1436,0.7763,3.3412
77.1438,0.6955,2.9947
77.1440,0.6747,2.9027
77.1442,0.6661,2.8695
77.1444,0.6159,2.6568
77.1446,0.5445,2.3479
77.1448,0.5081,2.1867
77.1450,0.5949,2.5639
77.1452,0.5378,2.3233
77.1454,0.4185,1.8087
77.1456,0.4137,1.7871
77.1458,0.4042,1.7462
77.1460,0.3993,1.7242
77.1462,0.4154,1.7944
77.1464,0.4077,1.7604
77.1466,0.4793,2.0647
77.1468,0.5471,2.3604
77.1470,0.5015,2.1623
77.1472,0.5456,2.3515
77.1474,0.5651,2.4357
77.1476,0.6054,2.6045
77.1478,0.6527,2.8078
77.1480,0.693,2.9797
77.1482,0.6889,2.9608
77.1484,0.7559,3.2489
77.1486,0.7757,3.3324
77.1488,0.8221,3.5301
77.1490,0.8539,3.6631
77.1492,0.8226,3.5371
77.1494,0.7454,3.2035
77.1496,0.8107,3.4779
77.1498,0.8675,3.7218
77.1500,0.9054,3.8825
77.1502,0.9395,4.0267
77.1504,0.967,4.1424
77.1506,1.0403,4.4568
77.1508,0.9925,4.2578
77.1510,0.9168,3.9295
77.1512,0.9758,4.1843
77.1514,0.9763,4.1825
77.1516,0.975,4.1807
77.1518,0.9599,4.114
77.1520,0.9819,4.2125
77.1522,0.9456,4.0604
77.1524,0.8813,3.7845
77.1526,0.8801,3.774
77.1528,0.9557,4.096
77.1530,0.9357,4.0158
77.1532,0.8848,3.7994
77.1534,0.9169,3.9319
77.1536,0.8954,3.8411
77.1538,0.8535,3.6718
77.1540,0.7593,3.2633
77.1542,0.7807,3.354
77.1544,0.8244,3.5333
77.1546,0.9311,3.9944
77.1548,0.8448,3.6325
77.1550,0.813,3.4975
77.1552,0.7832,3.3711
77.1554,0.7312,3.1471
77.1556,0.6913,2.9753
77.1558,0.7064,3.0417
77.1560,0.7012,3.0181
77.1562,0.6879,2.9608
77.1564,0.6842,2.9421
77.1566,0.7469,3.2117
77.1568,0.822,3.5345
77.1570,0.7672,3.3019
77.1572,0.7012,3.0167
77.1574,0.6828,2.9441
77.1576,0.6129,2.6426
77.1578,0.6305,2.7149
77.1580,0.626,2.6983
77.1582,0.6119,2.6373
77.1584,0.6759,2.9065
77.1586,0.7651,3.2916
77.1588,0.6602,2.8456
77.1590,0.6299,2.711
77.1592,0.6655,2.867
77.1594,0.6101,2.6283
77.1596,0.6173,2.6605
77.1598,0.6442,2.7802
77.1600,0.5601,2.4118
77.1602,0.6602,2.8429
77.1604,0.6046,2.6082
77.1606,0.5546,2.3936
77.1608,0.5435,2.3427
77.1610,0.5565,2.3985
77.1612,0.5525,2.3815
77.1614,0.5796,2.5029
77.1616,0.5721,2.4646
77.1618,0.6258,2.6922
77.1620,0.6858,2.9529
77.1622,0.7227,3.109
77.1624,0.7289,3.1286
77.1626,0.7699,3.3123
77.1628,0.6952,2.9979
77.1630,0.5796,2.4994
77.1632,0.5654,2.4356
77.1634,0.6647,2.8647
77.1636,0.6307,2.7159
77.1638,0.637,2.7415
77.1640,0.641,2.7629
77.1642,0.63,2.7128
77.1644,0.6768,2.9115
77.1646,0.6946,2.9883
77.1648,0.7215,3.1039
77.1650,0.7035,3.0349
77.1652,0.5423,2.3408
77.1654,0.4699,2.0282
77.1656,0.4742,2.0487
77.1658,0.4654,2.0095
77.1660,0.4596,1.9837
77.1662,0.4624,1.9947
77.1664,0.4638,2.0018
77.1666,0.4649,2.0083
77.1668,0.4607,1.9874
77.1670,0.5151,2.2243
77.1672,0.4635,2.0003
77.1674,0.4975,2.1462
77.1676,0.477,2.0578
77.1678,0.4548,1.9612
77.1680,0.5181,2.2352
77.1682,0.4619,1.9954
77.1684,0.4506,1.9476
77.1686,0.4493,1.941
77.1688,0.442,1.9067
77.1690,0.4705,2.0289
77.1692,0.5277,2.2755
77.1694,0.5445,2.3468
77.1696,0.5471,2.3582
77.1698,0.5555,2.3955
77.1700,0.5516,2.3773
77.1702,0.5685,2.4491
77.1704,0.5817,2.507
77.1706,0.571,2.4599
77.1708,0.5666,2.4419
77.1710,0.5695,2.4521
77.1712,0.5792,2.4927
77.1714,0.6669,2.8652
77.1716,0.7823,3.3591
77.1718,0.8151,3.4953
77.1720,0.8846,3.8037
77.1722,0.7349,3.1646
77.1724,0.5926,2.5529
77.1726,0.5396,2.3235
77.1728,0.5926,2.5505
77.1730,0.6049,2.6085
77.1732,0.6089,2.6207
77.1734,0.6665,2.8658
77.1736,0.6654,2.8651
77.1738,0.5843,2.5149
77.1740,0.6263,2.6943
77.1742,0.633,2.7257
77.1744,0.5952,2.5654
77.1746,0.5879,2.5339
77.1748,0.569,2.4511
77.1750,0.5696,2.4548
77.1752,0.568,2.4481
77.1754,0.6144,2.6444
77.1756,0.58,2.4998
77.1758,0.4582,1.9793
77.1760,0.4034,1.7434
77.1762,0.3985,1.7205
77.1764,0.3878,1.6745
77.1766,0.3949,1.7042
77.1768,0.4722,2.0361
77.1770,0.4727,2.0373
77.1772,0.5048,2.1778
77.1774,0.4323,1.8657
77.1776,0.4423,1.9083
77.1778,0.4519,1.9506
77.1780,0.4106,1.7737
77.1782,0.3847,1.6618
77.1784,0.3794,1.6382
77.1786,0.3792,1.6372
77.1788,0.3853,1.6636
77.1790,0.4063,1.755
77.1792,0.3831,1.652
77.1794,0.4678,2.0142
77.1796,0.5546,2.388
77.1798,0.5456,2.3537
77.1800,0.4847,2.086
77.1802,0.5617,2.4162
77.1804,0.5835,2.509
77.1806,0.6811,2.9287
77.1808,0.6999,3.0082
77.1810,0.6925,2.9763
77.1812,0.7003,3.0112
77.1814,0.7253,3.1131
77.1816,0.8316,3.5674
77.1818,0.8547,3.6667
77.1820,0.8651,3.7115
77.1822,0.8577,3.6796
77.1824,0.8445,3.623
77.1826,0.871,3.7332
77.1828,0.8942,3.836
77.1830,0.9141,3.9177
77.1832,0.9664,4.1418
77.1834,0.9436,4.0422
77.1836,0.9592,4.1071
77.1838,0.9618,4.1203
77.1840,0.9746,4.1733
77.1842,0.9894,4.2444
77.1844,0.9316,3.989
77.1846,0.9509,4.0736
77.1848,0.9888,4.2399
77.1850,0.9446,4.0506
77.1852,0.9122,3.9077
77.1854,0.9553,4.0945
77.1856,0.9601,4.1131
77.1858,0.9101,3.9098
77.1860,0.8221,3.5301
77.1862,0.8336,3.5795
77.1864,0.8876,3.8095
77.1866,0.8857,3.7994
77.1868,0.8846,3.7913
77.1870,0.997,4.2674
77.1872,1.0774,4.6112
77.1874,0.9675,4.1469
77.1876,0.9454,4.0518
77.1878,1.0414,4.4573
77.1880,1.0966,4.6955
77.1882,1.0508,4.5036
77.1884,0.9492,4.0759
77.1886,0.9112,3.9072
77.1888,0.9142,3.9237
77.1890,0.8803,3.7798
77.1892,0.8758,3.7643
77.1894,0.7883,3.388
77.1896,0.7695,3.3087
77.1898,0.777,3.338
77.1900,0.8394,3.6009
77.1902,0.8716,3.7427
77.1904,0.8577,3.6882
77.1906,0.7752,3.335
77.1908,0.7337,3.155
77.1910,0.7496,3.2276
77.1912,0.7013,3.02
77.1914,0.643,2.7698
77.1916,0.5854,2.5219
77.1918,0.6072,2.6171
77.1920,0.6467,2.7859
77.1922,0.6506,2.8003
77.1924,0.6926,2.9796
77.1926,0.6925,2.9804
77.1928,0.7199,3.0986
77.1930,0.7452,3.2075
77.1932,0.6848,2.946
77.1934,0.7047,3.0317
77.1936,0.6488,2.7978
77.1938,0.5841,2.5197
77.1940,0.5716,2.4671
77.1942,0.509,2.1979
77.1944,0.4819,2.0819
77.1946,0.4842,2.0888
77.1948,0.5373,2.3158
77.1950,0.5445,2.3468
77.1952,0.5318,2.2963
77.1954,0.5233,2.2595
77.1956,0.5242,2.2605
77.1958,0.5403,2.3287
77.1960,0.5458,2.3514
77.1962,0.6667,2.8708
77.1964,0.6992,3.0107
77.1966,0.5853,2.5237
77.1968,0.5319,2.2958
77.1970,0.5284,2.2797
77.1972,0.5324,2.2936
77.1974,0.5937,2.5564
77.1976,0.6225,2.6815
77.1978,0.5976,2.5782
77.1980,0.5334,2.2977
77.1982,0.5236,2.258
77.1984,0.5244,2.2611
77.1986,0.5296,2.2849
77.1988,0.5288,2.2812
77.1990,0.5262,2.2699
77.1992,0.5463,2.3557
77.1994,0.5518,2.3773
77.1996,0.6639,2.8549
77.1998,0.6967,2.9999
77.2000,0.6124,2.6369
77.2002,0.6233,2.6814
77.2004,0.6607,2.845
77.2006,0.663,2.8561
77.2008,0.6656,2.8648
77.2010,0.6784,2.92
77.2012,0.6926,2.9782
77.2014,0.7302,3.1401
77.2016,0.709,3.0488
77.2018,0.7161,3.0807
77.2020,0.7191,3.0936
77.2022,0.7576,3.2591
77.2024,0.7193,3.0931
77.2026,0.7198,3.0952
77.2028,0.7684,3.304
77.2030,0.771,3.3169
77.2032,0.6513,2.8047
77.2034,0.6524,2.8054
77.2036,0.7378,3.1711
77.2038,0.7259,3.1244
77.2040,0.7087,3.0501
77.2042,0.739,3.1762
77.2044,0.7835,3.369
77.2046,0.7281,3.1293
77.2048,0.7267,3.1246
77.2050,0.7945,3.4133
77.2052,0.8023,3.4451
77.2054,0.8304,3.564
77.2056,0.8337,3.585
77.2058,0.7685,3.3076
77.2060,0.7241,3.1094
77.2062,0.8144,3.502
77.2064,0.7444,3.1979
77.2066,0.6902,2.9706
77.2068,0.6781,2.9212
77.2070,0.6783,2.9236
77.2072,0.656,2.8235
77.2074,0.6713,2.8877
77.2076,0.7624,3.2828
77.2078,0.7095,3.0551
77.2080,0.6067,2.6138
77.2082,0.5889,2.5369
77.2084,0.5877,2.5341
77.2086,0.6022,2.5954
77.2088,0.5738,2.4787
77.2090,0.4778,2.0624
77.2092,0.4654,2.0085
77.2094,0.5156,2.2213
77.2096,0.5846,2.5206
77.2098,0.5413,2.334
77.2100,0.5457,2.3531
77.2102,0.4583,1.9798
77.2104,0.407,1.7581
77.2106,0.4124,1.7814
77.2108,0.4132,1.7851
77.2110,0.4088,1.7643
77.2112,0.4535,1.9591
77.2114,0.4081,1.7636
77.2116,0.4034,1.7426
77.2118,0.4046,1.747
77.2120,0.4051,1.7506
77.2122,0.3913,1.6895
77.2124,0.4681,2.0195
77.2126,0.4967,2.1406
77.2128,0.5459,2.3541
77.2130,0.51,2.2
77.2132,0.4868,2.0992
77.2134,0.5106,2.1996
77.2136,0.5511,2.3731
77.2138,0.6179,2.6631
77.2140,0.5871,2.5315
77.2142,0.573,2.4687
77.2144,0.6426,2.7619
77.2146,0.7179,3.0855
77.2148,0.722,3.1045
77.2150,0.7292,3.1296
77.2152,0.7764,3.3339
77.2154,0.8047,3.4538
77.2156,0.9041,3.8732
77.2158,0.9496,4.066
77.2160,0.9586,4.1084
77.2162,0.9819,4.2066
77.2164,1.0094,4.3182
77.2166,1.0402,4.448
77.2168,1.1071,4.7385
77.2170,1.1002,4.7109
77.2172,1.0755,4.5987
77.2174,1.1076,4.7405
77.2176,1.0807,4.6342
77.2178,0.9896,4.2395
77.2180,0.9824,4.2126
77.2182,0.9462,4.0611
77.2184,0.9347,4.0061
77.2186,0.9163,3.9366
77.2188,0.8915,3.8229
77.2190,0.9598,4.1097
77.2192,0.9552,4.0978
77.2194,0.9102,3.9049
77.2196,0.9295,3.9877
77.2198,0.9153,3.9302
77.2200,0.8428,3.6242
77.2202,0.809,3.4788
77.2204,0.8202,3.5219
77.2206,0.8282,3.5564
77.2208,0.825,3.5458
77.2210,0.8124,3.4868
77.2212,0.8875,3.8054
77.2214,0.9257,3.9713
77.2216,0.9093,3.9081
77.2218,0.8691,3.7285
77.2220,0.9349,4.0165
77.2222,0.8443,3.6304
77.2224,0.7641,3.287
77.2226,0.7807,3.3571
77.2228,0.8307,3.5688
77.2230,0.8863,3.8038
77.2232,0.9598,4.1135
77.2234,0.9699,4.163
77.2236,0.9244,3.9656
77.2238,0.9138,3.9222
77.2240,0.8958,3.8378
77.2242,0.9691,4.1613
77.2244,0.8864,3.8096
77.2246,0.8613,3.6985
77.2248,0.8733,3.7552
77.2250,0.7922,3.4114
77.2252,0.6728,2.9025
77.2254,0.5332,2.3015
77.2256,0.5007,2.1602
77.2258,0.497,2.1452
77.2260,0.5671,2.444
77.2262,0.6094,2.6276
77.2264,0.5683,2.4503
77.2266,0.5825,2.5107
77.2268,0.5582,2.408
77.2270,0.5234,2.2601
77.2272,0.4987,2.1534
77.2274,0.4804,2.0713
77.2276,0.5282,2.2787
77.2278,0.587,2.5321
77.2280,0.5834,2.5166
77.2282,0.5088,2.1969
77.2284,0.4952,2.1394
77.2286,0.4932,2.1286
77.2288,0.488,2.1034
77.2290,0.5402,2.3325
77.2292,0.5447,2.3479
77.2294,0.6563,2.8246
77.2296,0.6257,2.7017
77.2298,0.4528,1.9578
77.2300,0.3995,1.7276
77.2302,0.4001,1.7286
77.2304,0.4154,1.7919
77.2306,0.4661,2.0126
77.2308,0.4596,1.9846
77.2310,0.4566,1.9717
77.2312,0.4577,1.9754
77.2314,0.4601,1.9876
77.2316,0.4606,1.9897
77.2318,0.4551,1.9649
77.2320,0.454,1.9594
77.2322,0.4564,1.9715
77.2324,0.4468,1.9292
77.2326,0.4456,1.9231
77.2328,0.4423,1.9101
77.2330,0.445,1.9223
77.2332,0.445,1.9223
77.2334,0.4495,1.9402
77.2336,0.4512,1.9484
77.2338,0.4467,1.9269
77.2340,0.445,1.9206
77.2342,0.4463,1.9262
77.2344,0.448,1.9326
77.2346,0.4512,1.9484
77.2348,0.4787,2.0641
77.2350,0.524,2.2595
77.2352,0.5379,2.3184
77.2354,0.5734,2.4702
77.2356,0.5653,2.434
77.2358,0.5449,2.3451
77.2360,0.6035,2.5963
77.2362,0.6286,2.7066
77.2364,0.5642,2.4316
77.2366,0.5611,2.4182
77.2368,0.5545,2.3886
77.2370,0.5554,2.3928
77.2372,0.5924,2.5495
77.2374,0.7113,3.0572
77.2376,0.7419,3.1856
77.2378,0.7648,3.284
77.2380,0.7798,3.353
77.2382,0.7065,3.038
77.2384,0.7078,3.0437
77.2386,0.6686,2.8844
77.2388,0.5559,2.3982
77.2390,0.5384,2.3194
77.2392,0.5778,2.4894
77.2394,0.5998,2.5851
77.2396,0.5289,2.2786
77.2398,0.5687,2.4512
77.2400,0.6105,2.6274
77.2402,0.6344,2.7306
77.2404,0.6427,2.7675
77.2406,0.6499,2.7972
77.2408,0.6482,2.79
77.2410,0.6446,2.7732
77.2412,0.638,2.7423
77.2414,0.7003,3.0182
77.2416,0.573,2.4721
77.2418,0.5158,2.2233
77.2420,0.5314,2.2894
77.2422,0.5236,2.2569
77.2424,0.5425,2.3337
77.2426,0.6041,2.5989
77.2428,0.649,2.7931
77.2430,0.6277,2.7017
77.2432,0.6114,2.634
77.2434,0.6565,2.8256
77.2436,0.675,2.9037
77.2438,0.6473,2.7871
77.2440,0.5848,2.517
77.2442,0.6412,2.7608
77.2444,0.6404,2.7526
77.2446,0.7264,3.125
77.2448,0.7049,3.0327
77.2450,0.689,2.9668
77.2452,0.6541,2.8113
77.2454,0.7099,3.0538
77.2456,0.6106,2.6316
77.2458,0.5016,2.1638
77.2460,0.4953,2.1359
77.2462,0.5029,2.1675
77.2464,0.548,2.3618
77.2466,0.5727,2.4671
77.2468,0.6245,2.6878
77.2470,0.5841,2.515
77.2472,0.5942,2.556
77.2474,0.7047,3.0288
77.2476,0.7359,3.1569
77.2478,0.8191,3.5156
77.2480,0.8207,3.5239
77.2482,0.8533,3.6606
77.2484,0.8684,3.7254
77.2486,0.8636,3.7048
77.2488,0.9414,4.033
77.2490,0.9791,4.1923
77.2492,0.9933,4.2554
77.2494,1.0028,4.292
77.2496,1.0656,4.5567
77.2498,1.0938,4.6793
77.2500,1.0137,4.3448
77.2502,1.0042,4.3002
77.2504,1.0643,4.5553
77.2506,1.0305,4.4188
77.2508,0.9108,3.9093
77.2510,0.914,3.9227
77.2512,0.9168,3.9314
77.2514,0.9151,3.9278
77.2516,0.9151,3.9278
77.2518,0.8768,3.7649
77.2520,0.8512,3.6535
77.2522,0.8398,3.6029
77.2524,0.8517,3.6539
77.2526,0.8828,3.7871
77.2528,0.9029,3.8753
77.2530,0.8913,3.8308
77.2532,0.797,3.4257
77.2534,0.7877,3.3886
77.2536,0.7824,3.3628
77.2538,0.7729,3.3221
77.2540,0.7987,3.4281
77.2542,0.9077,3.8905
77.2544,0.9909,4.2471
77.2546,0.8869,3.8135
77.2548,0.7966,3.4284
77.2550,0.8161,3.506
77.2552,0.8054,3.465
77.2554,0.7416,3.1876
77.2556,0.8083,3.4741
77.2558,0.8536,3.6672
77.2560,0.8675,3.727
77.2562,0.8516,3.6568
77.2564,0.8485,3.6485
77.2566,0.782,3.3675
77.2568,0.7165,3.0808
77.2570,0.7711,3.3144
77.2572,0.8087,3.4773
77.2574,0.7649,3.2891
77.2576,0.7528,3.2385
77.2578,0.7601,3.2745
77.2580,0.713,3.0701
77.2582,0.684,2.9424
77.2584,0.6727,2.902
77.2586,0.6072,2.6183
77.2588,0.5817,2.507
77.2590,0.6522,2.807
77.2592,0.7226,3.1157
77.2594,0.6239,2.689
77.2596,0.5951,2.5637
77.2598,0.6102,2.6276
77.2600,0.6582,2.8341
77.2602,0.648,2.789
77.2604,0.6335,2.7278
77.2606,0.6762,2.9143
77.2608,0.6726,2.8961
77.2610,0.7017,3.0174
77.2612,0.7354,3.1681
77.2614,0.6558,2.8251
77.2616,0.6433,2.7701
77.2618,0.669,2.8806
77.2620,0.6766,2.915
77.2622,0.7097,3.0519
77.2624,0.7985,3.4287
77.2626,0.8373,3.5988
77.2628,0.8238,3.5472
77.2630,0.6436,2.775
77.2632,0.5485,2.3661
77.2634,0.5473,2.3598
77.2636,0.5505,2.3705
77.2638,0.6117,2.6338
77.2640,0.6286,2.7066
77.2642,0.6425,2.7678
77.2644,0.627,2.7049
77.2646,0.5522,2.3821
77.2648,0.5298,2.2843
77.2650,0.5253,2.2652
77.2652,0.5289,2.2796
77.2654,0.5305,2.2874
77.2656,0.5491,2.3643
77.2658,0.6822,2.9388
77.2660,0.6015,2.5947
77.2662,0.5398,2.3288
77.2664,0.55,2.3706
77.2666,0.6204,2.6702
77.2668,0.6325,2.7249
77.2670,0.5608,2.4194
77.2672,0.5414,2.3366
77.2674,0.5415,2.3361
77.2676,0.5368,2.3148
77.2678,0.5759,2.4799
77.2680,0.6707,2.8865
77.2682,0.6755,2.9071
77.2684,0.6329,2.7227
77.2686,0.6312,2.718
77.2688,0.634,2.7311
77.2690,0.6316,2.7208
77.2692,0.6374,2.7448
77.2694,0.6828,2.9359
77.2696,0.7794,3.3484
77.2698,0.796,3.4194
77.2700,0.735,3.1651
77.2702,0.6467,2.7846
77.2704,0.6179,2.6631
77.2706,0.6157,2.6526
77.2708,0.6137,2.6401
77.2710,0.6846,2.945
77.2712,0.7384,3.1766
77.2714,0.7337,3.1565
77.2716,0.6979,2.9995
77.2718,0.6907,2.9727
77.2720,0.7051,3.0346
77.2722,0.738,3.1736
77.2724,0.7383,3.1731
77.2726,0.734,3.1605
77.2728,0.6739,2.9004
77.2730,0.6575,2.8271
77.2732,0.6826,2.9313
77.2734,0.7896,3.3937
77.2736,0.6813,2.9379
77.2738,0.5825,2.5118
77.2740,0.5772,2.4868
77.2742,0.6055,2.6063
77.2744,0.6041,2.6073
77.2746,0.4968,2.1441
77.2748,0.497,2.1432
77.2750,0.5408,2.333
77.2752,0.5144,2.2233
77.2754,0.429,1.8534
77.2756,0.3904,1.6882
77.2758,0.3878,1.6752
77.2760,0.3955,1.7092
77.2762,0.3997,1.7257
77.2764,0.4083,1.7606
77.2766,0.518,2.2347
77.2768,0.4882,2.1069
77.2770,0.4301,1.8572
77.2772,0.4051,1.7515
77.2774,0.3868,1.6719
77.2776,0.3895,1.6817
77.2778,0.3977,1.7174
77.2780,0.4623,1.9923
77.2782,0.5342,2.3013
77.2784,0.5473,2.3565
77.2786,0.5554,2.395
77.2788,0.466,2.0111
77.2790,0.468,2.0208
77.2792,0.4928,2.1251
77.2794,0.5049,2.1763
77.2796,0.5481,2.3612
77.2798,0.6132,2.6393
77.2800,0.6659,2.8658
77.2802,0.6732,2.8933
77.2804,0.6741,2.8988
77.2806,0.6825,2.9349
77.2808,0.7262,3.1196
77.2810,0.795,3.4153
77.2812,0.8101,3.477
77.2814,0.8418,3.6095
77.2816,0.8795,3.7697
77.2818,0.8922,3.8313
77.2820,0.8437,3.6211
77.2822,0.8665,3.7137
77.2824,0.9033,3.8769
77.2826,0.9196,3.9395
77.2828,1.0724,4.5854
77.2830,1.0919,4.6689
77.2832,1.0945,4.678
77.2834,1.149,4.9107
77.2836,1.1182,4.7902
77.2838,1.0063,4.3089
77.2840,1.0027,4.2975
77.2842,1.0092,4.3192
77.2844,1.1092,4.745
77.2846,1.1148,4.7669
77.2848,1.0944,4.6863
77.2850,1.0969,4.6949
77.2852,1.1441,4.892
77.2854,1.1442,4.9039
77.2856,0.9919,4.2592
77.2858,0.8961,3.8442
77.2860,0.9311,3.9944
77.2862,0.9785,4.1937
77.2864,0.9541,4.1027
77.2866,0.7771,3.3448
77.2868,0.7496,3.2261
77.2870,0.7482,3.2204
77.2872,0.6831,2.9402
77.2874,0.6925,2.9804
77.2876,0.7029,3.0281
77.2878,0.7028,3.0248
77.2880,0.6882,2.9591
77.2882,0.7599,3.2644
77.2884,0.7454,3.2095
77.2886,0.7053,3.0385
77.2888,0.6856,2.9496
77.2890,0.7124,3.0661
77.2892,0.6975,3.0063
77.2894,0.6531,2.8072
77.2896,0.7368,3.1714
77.2898,0.7037,3.0303
77.2900,0.7518,3.2344
77.2902,0.6855,2.9532
77.2904,0.6311,2.7187
77.2906,0.6392,2.7551
77.2908,0.6342,2.7283
77.2910,0.6824,2.9357
77.2912,0.6173,2.663
77.2914,0.4962,2.1425
77.2916,0.5034,2.1736
77.2918,0.5277,2.2755
77.2920,0.5656,2.4378
77.2922,0.5599,2.4141
77.2924,0.5587,2.4123
77.2926,0.5174,2.23
77.2928,0.5635,2.4307
77.2930,0.4923,2.125
77.2932,0.5129,2.2124
77.2934,0.5685,2.4502
77.2936,0.5808,2.5057
77.2938,0.5512,2.3769
77.2940,0.5904,2.5471
77.2942,0.533,2.2993
77.2944,0.5103,2.1995
77.2946,0.5611,2.4193
77.2948,0.5113,2.2037
77.2950,0.5109,2.2052
77.2952,0.5492,2.3637
77.2954,0.6781,2.9198
77.2956,0.5665,2.4437
77.2958,0.5046,2.1768
77.2960,0.5101,2.1975
77.2962,0.5504,2.3733
77.2964,0.4888,2.1104
77.2966,0.4164,1.799
77.2968,0.4019,1.7356
77.2970,0.4459,1.9256
77.2972,0.4527,1.9537
77.2974,0.4444,1.918
77.2976,0.448,1.9344
77.2978,0.4492,1.9405
77.2980,0.4627,1.9934
77.2982,0.523,2.2596
77.2984,0.4714,2.0353
77.2986,0.4545,1.9623
77.2988,0.4479,1.9321
77.2990,0.4675,2.0169
77.2992,0.4741,2.0463
77.2994,0.5093,2.1949
77.2996,0.5567,2.3995
77.2998,0.5757,2.4801
77.3000,0.5748,2.4764
77.3002,0.5726,2.4666
77.3004,0.583,2.5116
77.3006,0.6117,2.6314
77.3008,0.6868,2.952
77.3010,0.7009,3.0123
77.3012,0.6734,2.8984
77.3014,0.644,2.7719
77.3016,0.6434,2.7681
77.3018,0.6504,2.7967
77.3020,0.6594,2.8393
77.3022,0.694,2.9816
77.3024,0.7922,3.3955
77.3026,0.8807,3.7748
77.3028,0.8964,3.8439
77.3030,0.8656,3.7135
77.3032,0.8197,3.5198
77.3034,0.8057,3.466
77.3036,0.6873,2.961
77.3038,0.6211,2.6721
77.3040,0.6924,2.9758
77.3042,0.7343,3.1561
77.3044,0.7691,3.3056
77.3046,0.7434,3.1968
77.3048,0.7282,3.1371
77.3050,0.5963,2.5713
77.3052,0.5618,2.4179
77.3054,0.6343,2.7314
77.3056,0.6088,2.6263
77.3058,0.5377,2.3195
77.3060,0.536,2.3101
77.3062,0.5306,2.2858
77.3064,0.568,2.4481
77.3066,0.5594,2.4132
77.3068,0.4764,2.0561
77.3070,0.4675,2.0178
77.3072,0.4629,1.9986
77.3074,0.4549,1.9635
77.3076,0.4529,1.9538
77.3078,0.442,1.9058
77.3080,0.4867,2.0968
77.3082,0.5432,2.3411
77.3084,0.5,2.1561
77.3086,0.5314,2.2916
77.3088,0.5979,2.578
77.3090,0.5316,2.291
77.3092,0.525,2.2615
77.3094,0.5765,2.486
77.3096,0.5433,2.3395
77.3098,0.55,2.3706
77.3100,0.5286,2.2781
77.3102,0.5416,2.3366
77.3104,0.5024,2.1674
77.3106,0.4235,1.8296
77.3108,0.3949,1.7058
77.3110,0.3988,1.7197
77.3112,0.4638,1.999
77.3114,0.5511,2.3742
77.3116,0.5322,2.2936
77.3118,0.5004,2.1556
77.3120,0.4963,2.1411
77.3122,0.4955,2.1364
77.3124,0.4944,2.1308
77.3126,0.5101,2.1975
77.3128,0.5366,2.3117
77.3130,0.5856,2.5194
77.3132,0.6133,2.6398
77.3134,0.5714,2.4603
77.3136,0.5793,2.4921
77.3138,0.6907,2.9713
77.3140,0.7475,3.2083
77.3142,0.786,3.3735
77.3144,0.774,3.3205
77.3146,0.8255,3.5412
77.3148,0.8598,3.6849
77.3150,0.8705,3.7364
77.3152,0.8679,3.7146
77.3154,0.9895,4.235
77.3156,0.9715,4.1619
77.3158,0.9923,4.2448
77.3160,1.0354,4.4295
77.3162,1.0174,4.3566
77.3164,1.0401,4.4454
77.3166,1.0423,4.4671
77.3168,0.9414,4.0386
77.3170,0.891,3.819
77.3172,0.9195,3.9445
77.3174,0.8997,3.8596
77.3176,0.9339,4.0006
77.3178,0.9584,4.1059
77.3180,0.934,4.0049
77.3182,0.8852,3.7974
77.3184,0.9277,3.9856
77.3186,0.851,3.6525
77.3188,0.8824,3.7803
77.3190,0.9321,4.0022
77.3192,0.8541,3.6624
77.3194,0.9353,4.0087
77.3196,0.8946,3.8452
77.3198,0.872,3.7391
77.3200,0.9379,4.0237
77.3202,0.8908,3.8216
77.3204,0.901,3.8671
77.3206,0.8934,3.8275
77.3208,0.9484,4.0628
77.3210,0.9921,4.2483
77.3212,0.9783,4.1971
77.3214,0.907,3.891
77.3216,0.958,4.1096
77.3218,0.907,3.8983
77.3220,0.8155,3.5018
77.3222,0.8416,3.6123
77.3224,0.8696,3.7305
77.3226,0.9473,4.0563
77.3228,0.9756,4.1853
77.3230,0.9285,3.9831
77.3232,0.93,3.9898
77.3234,0.9256,3.9726
77.3236,0.8659,3.7215
77.3238,0.8687,3.7304
77.3240,0.8886,3.8123
77.3242,0.8259,3.5598
77.3244,0.5995,2.5852
77.3246,0.5784,2.4942
77.3248,0.5828,2.5117
77.3250,0.6398,2.7539
77.3252,0.7256,3.12
77.3254,0.7565,3.253
77.3256,0.7331,3.1495
77.3258,0.8221,3.5367
77.3260,0.7879,3.3881
77.3262,0.8042,3.4534
77.3264,0.8416,3.6157
77.3266,0.8562,3.6849
77.3268,0.6738,2.9066
77.3270,0.5835,2.5136
77.3272,0.6389,2.7523
77.3274,0.6006,2.5911
77.3276,0.5657,2.4406
77.3278,0.5687,2.4512
77.3280,0.5778,2.4928
77.3282,0.5705,2.4613
77.3284,0.5499,2.3701
77.3286,0.6177,2.6584
77.3288,0.6278,2.706
77.3290,0.6076,2.6187
77.3292,0.5942,2.5596
77.3294,0.6201,2.6749
77.3296,0.5461,2.3557
77.3298,0.5238,2.2595
77.3300,0.5266,2.2719
77.3302,0.5282,2.2797
77.3304,0.5204,2.245
77.3306,0.5205,2.2445
77.3308,0.5229,2.2559
77.3310,0.5282,2.2797
77.3312,0.5258,2.2673
77.3314,0.5275,2.2766
77.3316,0.5222,2.2528
77.3318,0.5488,2.3643
77.3320,0.6209,2.6711
77.3322,0.6319,2.7223
77.3324,0.5995,2.5864
77.3326,0.5397,2.3272
77.3328,0.5396,2.3267
77.3330,0.5423,2.3397
77.3332,0.5372,2.3175
77.3334,0.5283,2.2771
77.3336,0.5168,2.2295
77.3338,0.5322,2.2915
77.3340,0.6461,2.7755
77.3342,0.7338,3.157
77.3344,0.7346,3.1601
77.3346,0.6723,2.8951
77.3348,0.6432,2.7709
77.3350,0.6418,2.7647
77.3352,0.676,2.9043
77.3354,0.7655,3.2871
77.3356,0.8201,3.523
77.3358,0.769,3.3035
77.3360,0.7876,3.385
77.3362,0.7955,3.4142
77.3364,0.8039,3.455
77.3366,0.7768,3.3463
77.3368,0.6461,2.7833
77.3370,0.6108,2.6326
77.3372,0.6043,2.6023
77.3374,0.6666,2.8663
77.3376,0.7021,3.0161
77.3378,0.7372,3.167
77.3380,0.7192,3.0969
77.3382,0.7,3.0171
77.3384,0.7536,3.2391
77.3386,0.7359,3.1702
77.3388,0.6567,2.8266
77.3390,0.6486,2.7915
77.3392,0.6903,2.9698
77.3394,0.7283,3.1318
77.3396,0.7334,3.152
77.3398,0.7765,3.3438
77.3400,0.6728,2.8985
77.3402,0.6144,2.6469
77.3404,0.6293,2.7072
77.3406,0.6817,2.934
77.3408,0.7097,3.0505
77.3410,0.7184,3.0905
77.3412,0.6991,3.0088
77.3414,0.6138,2.6443
77.3416,0.6701,2.8826
77.3418,0.7186,3.0901
77.3420,0.6866,2.9565
77.3422,0.6177,2.6609
77.3424,0.622,2.6757
77.3426,0.6564,2.8277
77.3428,0.6162,2.651
77.3430,0.6897,2.9699
77.3432,0.649,2.797
77.3434,0.5627,2.431
77.3436,0.434,1.8747
77.3438,0.4203,1.8139
77.3440,0.4565,1.9666
77.3442,0.5828,2.5105
77.3444,0.6081,2.6195
77.3446,0.6109,2.6319
77.3448,0.594,2.5579
77.3450,0.6395,2.7574
77.3452,0.5372,2.3175
77.3454,0.4862,2.0976
77.3456,0.4866,2.0982
77.3458,0.4969,2.1436
77.3460,0.5316,2.291
77.3462,0.5787,2.4918
77.3464,0.6088,2.6238
77.3466,0.575,2.4793
77.3468,0.5958,2.5621
77.3470,0.7003,3.0098
77.3472,0.7494,3.2211
77.3474,0.7726,3.3221
77.3476,0.7888,3.387
77.3478,0.8466,3.6351
77.3480,0.8675,3.7218
77.3482,0.8313,3.5697
77.3484,0.8026,3.4462
77.3486,0.8358,3.5888
77.3488,0.8412,3.6103
77.3490,0.8413,3.6091
77.3492,0.8319,3.574
77.3494,0.8383,3.603
77.3496,0.828,3.5553
77.3498,0.8354,3.5856
77.3500,0.8505,3.6538
77.3502,0.8046,3.4533
77.3504,0.8878,3.8069
77.3506,0.9644,4.1316
77.3508,1.0018,4.2919
77.3510,0.9595,4.1144
77.3512,0.9235,3.9675
77.3514,0.895,3.8414
77.3516,0.8548,3.6707
77.3518,0.7741,3.3241
77.3520,0.7932,3.4028
77.3522,0.8656,3.7153
77.3524,0.9162,3.9361
77.3526,0.8274,3.5577
77.3528,0.7486,3.222
77.3530,0.742,3.1936
77.3532,0.7533,3.2361
77.3534,0.8178,3.5083
77.3536,0.8639,3.7167
77.3538,0.7762,3.336
77.3540,0.8186,3.5184
77.3542,0.7858,3.3741
77.3544,0.8034,3.4562
77.3546,0.7803,3.352
77.3548,0.7785,3.3489
77.3550,0.6945,2.9892
77.3552,0.7141,3.0719
77.3554,0.6978,3.0045
77.3556,0.725,3.1145
77.3558,0.8231,3.5342
77.3560,0.8108,3.4947
77.3562,0.5968,2.5722
77.3564,0.5735,2.4696
77.3566,0.6088,2.6226
77.3568,0.56,2.4191
77.3570,0.4384,1.8947
77.3572,0.4795,2.0686
77.3574,0.559,2.4105
77.3576,0.5734,2.4691
77.3578,0.646,2.7828
77.3580,0.5983,2.5813
77.3582,0.5338,2.303
77.3584,0.5253,2.2662
77.3586,0.5874,2.533
77.3588,0.6227,2.6801
77.3590,0.6948,2.9888
77.3592,0.7228,3.1081
77.3594,0.7897,3.3958
77.3596,0.7457,3.2111
77.3598,0.6416,2.7603
77.3600,0.6402,2.7567
77.3602,0.6528,2.8122
77.3604,0.6659,2.8672
77.3606,0.68,2.9308
77.3608,0.6159,2.6543
77.3610,0.5602,2.4157
77.3612,0.5673,2.4439
77.3614,0.6199,2.6669
77.3616,0.6415,2.7637
77.3618,0.6145,2.6487
77.3620,0.5752,2.4803
77.3622,0.5392,2.3263
77.3624,0.5501,2.3722
77.3626,0.6396,2.7515
77.3628,0.6942,2.9849
77.3630,0.6829,2.9419
77.3632,0.5699,2.4598
77.3634,0.4997,2.1575
77.3636,0.4891,2.111
77.3638,0.4721,2.0385
77.3640,0.4693,2.0256
77.3642,0.5178,2.2326
77.3644,0.5535,2.3856
77.3646,0.5677,2.4454
77.3648,0.6112,2.633
77.3650,0.5806,2.5001
77.3652,0.6003,2.5908
77.3654,0.5024,2.1684
77.3656,0.4849,2.0939
77.3658,0.4596,1.9837
77.3660,0.4811,2.0725
77.3662,0.5305,2.2885
77.3664,0.4663,2.0127
77.3666,0.4789,2.0632
77.3668,0.5344,2.3034
77.3670,0.5543,2.3892
77.3672,0.5548,2.3913
77.3674,0.5451,2.3516
77.3676,0.5564,2.3969
77.3678,0.5527,2.3809
77.3680,0.5523,2.3793
77.3682,0.5541,2.3882
77.3684,0.5519,2.3778
77.3686,0.5699,2.4553
77.3688,0.597,2.5696
77.3690,0.6374,2.7435
77.3692,0.6731,2.8941
77.3694,0.7644,3.287
77.3696,0.675,2.9078
77.3698,0.6191,2.667
77.3700,0.5734,2.4714
77.3702,0.5582,2.4046
77.3704,0.6268,2.6951
77.3706,0.686,2.9512
77.3708,0.6689,2.8788
77.3710,0.6553,2.8257
77.3712,0.5501,2.3689
77.3714,0.5786,2.4867
77.3716,0.6294,2.7077
77.3718,0.593,2.5568
77.3720,0.5503,2.3727
77.3722,0.5468,2.3545
77.3724,0.5438,2.3459
77.3726,0.54,2.3272
77.3728,0.5283,2.2771
77.3730,0.5205,2.2445
77.3732,0.5819,2.5081
77.3734,0.5292,2.2828
77.3736,0.4557,1.9657
77.3738,0.4666,2.0109
77.3740,0.5085,2.1948
77.3742,0.4913,2.1184
77.3744,0.501,2.1592
77.3746,0.5005,2.1562
77.3748,0.5343,2.304
77.3750,0.5035,2.1721
77.3752,0.5039,2.1716
77.3754,0.521,2.2466
77.3756,0.5391,2.3257
77.3758,0.5275,2.2745
77.3760,0.5497,2.3658
77.3762,0.6013,2.5894
77.3764,0.5948,2.561
77.3766,0.5085,2.1948
77.3768,0.3982,1.7179
77.3770,0.484,2.0849
77.3772,0.5688,2.4506
77.3774,0.5272,2.2745
77.3776,0.4903,2.1152
77.3778,0.4741,2.0444
77.3780,0.4746,2.0465
77.3782,0.4836,2.0843
77.3784,0.5199,2.2419
77.3786,0.5121,2.2063
77.3788,0.5702,2.4517
77.3790,0.6573,2.8279
77.3792,0.7033,3.0226
77.3794,0.7144,3.0706
77.3796,0.6787,2.9156
77.3798,0.7503,3.2187
77.3800,0.8009,3.4374
77.3802,0.8181,3.5131
77.3804,0.8425,3.6126
77.3806,0.8421,3.611
77.3808,0.8512,3.6535
77.3810,0.8479,3.6323
77.3812,0.9644,4.1258
77.3814,1.0355,4.428
77.3816,1.0217,4.371
77.3818,1.0753,4.6025
77.3820,1.119,4.7848
77.3822,1.1177,4.7792
77.3824,1.1347,4.852
77.3826,1.0836,4.6336
77.3828,1.1071,4.7341
77.3830,1.1328,4.8415
77.3832,1.1804,5.0403
77.3834,1.1485,4.9201
77.3836,0.9731,4.1686
77.3838,0.9515,4.0819
77.3840,0.9496,4.0755
77.3842,0.9315,3.9904
77.3844,0.9842,4.2144
77.3846,0.9929,4.2534
77.3848,0.9584,4.1059
77.3850,1.0123,4.3366
77.3852,1.025,4.391
77.3854,0.9926,4.2543
77.3856,0.9506,4.0764
77.3858,0.9881,4.2348
77.3860,0.9968,4.2803
77.3862,0.8136,3.4984
77.3864,0.7912,3.3988
77.3866,0.8484,3.6479
77.3868,0.789,3.3927
77.3870,0.7803,3.3551
77.3872,0.7753,3.3324
77.3874,0.796,3.421
77.3876,0.7855,3.3762
77.3878,0.762,3.2767
77.3880,0.7697,3.3066
77.3882,0.8395,3.6064
77.3884,0.8269,3.5573
77.3886,0.7988,3.435
77.3888,0.8153,3.4975
77.3890,0.845,3.6301
77.3892,0.8073,3.4748
77.3894,0.7051,3.0332
77.3896,0.6886,2.9625
77.3898,0.7361,3.1698
77.3900,0.7196,3.0985
77.3902,0.6906,2.9722
77.3904,0.6463,2.7843
77.3906,0.6478,2.7918
77.3908,0.5885,2.5353
77.3910,0.5715,2.4631
77.3912,0.6021,2.5925
77.3914,0.6525,2.8151
77.3916,0.5855,2.5224
77.3918,0.63,2.7115
77.3920,0.6725,2.8983
77.3922,0.6208,2.6755
77.3924,0.5993,2.5842
77.3926,0.5744,2.4755
77.3928,0.6121,2.6371
77.3930,0.5997,2.5858
77.3932,0.5777,2.4911
77.3934,0.5957,2.5687
77.3936,0.5784,2.4931
77.3938,0.5804,2.5014
77.3940,0.5729,2.4693
77.3942,0.5649,2.4358
77.3944,0.6081,2.622
77.3946,0.5848,2.5228
77.3948,0.5663,2.4432
77.3950,0.4916,2.1219
77.3952,0.4796,2.0692
77.3954,0.5251,2.2642
77.3956,0.5252,2.2657
77.3958,0.5214,2.2492
77.3960,0.5244,2.2621
77.3962,0.5257,2.2667
77.3964,0.5268,2.2725
77.3966,0.5235,2.2595
77.3968,0.5224,2.2538
77.3970,0.5242,2.2605
77.3972,0.5262,2.2699
77.3974,0.5269,2.274
77.3976,0.522,2.2507
77.3978,0.5246,2.2621
77.3980,0.5276,2.275
77.3982,0.5301,2.288
77.3984,0.5654,2.439
77.3986,0.5656,2.4355
77.3988,0.6075,2.6157
77.3990,0.6551,2.8207
77.3992,0.6623,2.8477
77.3994,0.6537,2.8124
77.3996,0.675,2.9024
77.3998,0.7034,3.0232
77.4000,0.7412,3.1885
77.4002,0.6915,2.9777
77.4004,0.6605,2.8439
77.4006,0.6972,2.9992
77.4008,0.6725,2.8929
77.4010,0.6546,2.816
77.4012,0.685,2.9457
77.4014,0.7841,3.3669
77.4016,0.8467,3.6323
77.4018,0.9041,3.8823
77.4020,0.8714,3.7487
77.4022,0.7726,3.319
77.4024,0.8199,3.5159
77.4026,0.8904,3.8236
77.4028,0.8198,3.5236
77.4030,0.738,3.1765
77.4032,0.7264,3.1265
77.4034,0.7656,3.2876
77.4036,0.7867,3.3798
77.4038,0.8213,3.5216
77.4040,0.8683,3.7283
77.4042,0.8234,3.5325
77.4044,0.8872,3.8097
77.4046,0.8817,3.7878
77.4048,0.887,3.8069
77.4050,0.8675,3.727
77.4052,0.819,3.52
77.4054,0.703,3.0272
77.4056,0.6314,2.7152
77.4058,0.6661,2.8709
77.4060,0.5778,2.494
77.4062,0.5427,2.3391
77.4064,0.5849,2.5175
77.4066,0.6396,2.7554
77.4068,0.604,2.6044
77.4070,0.6022,2.5942
77.4072,0.5528,2.3825
77.4074,0.5131,2.2135
77.4076,0.5449,2.3484
77.4078,0.5962,2.5636
77.4080,0.7159,3.0782
77.4082,0.6966,2.998
77.4084,0.6215,2.6811
77.4086,0.5274,2.2729
77.4088,0.5149,2.2192
77.4090,0.4788,2.0694
77.4092,0.4047,1.7483
77.4094,0.401,1.7314
77.4096,0.3985,1.7205
77.4098,0.3931,1.6988
77.4100,0.3925,1.6939
77.4102,0.5063,2.181
77.4104,0.5342,2.3035
77.4106,0.4999,2.1546
77.4108,0.5359,2.3107
77.4110,0.4975,2.1452
77.4112,0.529,2.2812
77.4114,0.5319,2.2968
77.4116,0.4935,2.1272
77.4118,0.5409,2.3302
77.4120,0.5416,2.3366
77.4122,0.5114,2.2042
77.4124,0.5404,2.326
77.4126,0.6072,2.6123
77.4128,0.607,2.6137
77.4130,0.5844,2.5189
77.4132,0.6352,2.7312
77.4134,0.7382,3.1711
77.4136,0.7687,3.304
77.4138,0.7258,3.1195
77.4140,0.759,3.2577
77.4142,0.8227,3.5327
77.4144,0.8237,3.5302
77.4146,0.9329,3.9965
77.4148,1.0051,4.3078
77.4150,0.967,4.1443
77.4152,0.9421,4.038
77.4154,0.9536,4.0892
77.4156,0.9605,4.1128
77.4158,0.9745,4.1806
77.4160,0.9196,3.9469
77.4162,0.948,4.065
77.4164,0.9695,4.1532
77.4166,0.9671,4.1487
77.4168,0.9274,3.9822
77.4170,0.8717,3.7398
77.4172,0.8884,3.8148
77.4174,0.843,3.6214
77.4176,0.8491,3.6476
77.4178,0.8656,3.7153
77.4180,0.8348,3.583
77.4182,0.8703,3.7371
77.4184,0.8596,3.6861
77.4186,0.9005,3.8596
77.4188,0.8891,3.8161
77.4190,0.8775,3.7662
77.4192,0.8921,3.8272
77.4194,0.8895,3.8177
77.4196,0.9054,3.8825
77.4198,0.9673,4.1478
77.4200,0.9646,4.1264
77.4202,0.9827,4.2235
77.4204,0.8589,3.6882
77.4206,0.9416,4.0397
77.4208,0.9929,4.2554
77.4210,0.8636,3.7152
77.4212,0.7788,3.3473
77.4214,0.8083,3.4676
77.4216,0.8174,3.5182
77.4218,0.7446,3.2049
77.4220,0.7148,3.0778
77.4222,0.7114,3.0577
77.4224,0.825,3.5474
77.4226,0.8306,3.5667
77.4228,0.8469,3.6367
77.4230,0.883,3.7952
77.4232,0.8704,3.7341
77.4234,0.9151,3.9278
77.4236,0.8842,3.7986
77.4238,0.8085,3.4768
77.4240,0.8374,3.5943
77.4242,0.9088,3.9005
77.4244,0.847,3.6423
77.4246,0.7629,3.2834
77.4248,0.7136,3.077
77.4250,0.6037,2.6058
77.4252,0.5697,2.4588
77.4254,0.5512,2.3791
77.4256,0.5422,2.3403
77.4258,0.5275,2.2777
77.4260,0.5197,2.243
77.4262,0.5087,2.1954
77.4264,0.5224,2.2559
77.4266,0.5209,2.2471
77.4268,0.544,2.348
77.4270,0.535,2.3124
77.4272,0.4563,1.9719
77.4274,0.4504,1.9438
77.4276,0.5852,2.5173
77.4278,0.7165,3.0908
77.4280,0.5284,2.2808
77.4282,0.4867,2.1036
77.4284,0.4794,2.071
77.4286,0.4792,2.068
77.4288,0.4812,2.0778
77.4290,0.4788,2.0665
77.4292,0.5187,2.2388
77.4294,0.4808,2.0753
77.4296,0.484,2.0878
77.4298,0.5585,2.4051
77.4300,0.6103,2.6281
77.4302,0.5712,2.4644
77.4304,0.5394,2.3268
77.4306,0.5617,2.4196
77.4308,0.6121,2.6371
77.4310,0.5618,2.4235
77.4312,0.5212,2.2476
77.4314,0.5698,2.4536
77.4316,0.5844,2.5201
77.4318,0.5882,2.535
77.4320,0.6088,2.6214
77.4322,0.597,2.5744
77.4324,0.5284,2.2765
77.4326,0.6313,2.7197
77.4328,0.6495,2.7944
77.4330,0.654,2.8134
77.4332,0.6686,2.8764
77.4334,0.6957,2.9957
77.4336,0.6818,2.9331
77.4338,0.7209,3.0984
77.4340,0.746,3.2076
77.4342,0.7523,3.238
77.4344,0.7022,3.018
77.4346,0.75,3.2161
77.4348,0.8918,3.831
77.4350,0.837,3.599
77.4352,0.7247,3.1207
77.4354,0.6337,2.7275
77.4356,0.6302,2.7151
77.4358,0.6461,2.7846
77.4360,0.6236,2.6867
77.4362,0.6191,2.667
77.4364,0.6444,2.7722
77.4366,0.7229,3.1043
77.4368,0.7873,3.3839
77.4370,0.7951,3.4206
77.4372,0.7474,3.2168
77.4374,0.7311,3.1437
77.4376,0.7352,3.1641
77.4378,0.6657,2.8667
77.4380,0.6625,2.8514
77.4382,0.6731,2.8941
77.4384,0.6985,3.0062
77.4386,0.7373,3.1705
77.4388,0.7573,3.2642
77.4390,0.5792,2.4974
77.4392,0.5593,2.4115
77.4394,0.5533,2.3846
77.4396,0.5774,2.4873
77.4398,0.5823,2.5096
77.4400,0.5739,2.4746
77.4402,0.5895,2.5383
77.4404,0.6494,2.7951
77.4406,0.6541,2.8166
77.4408,0.6982,3.0024
77.4410,0.7569,3.2545
77.4412,0.6904,2.9689
77.4414,0.6727,2.898
77.4416,0.6234,2.6856
77.4418,0.6133,2.6435
77.4420,0.5626,2.4316
77.4422,0.4227,1.8268
77.4424,0.3922,1.6944
77.4426,0.3952,1.7066
77.4428,0.4498,1.9395
77.4430,0.5661,2.4376
77.4432,0.6349,2.7314
77.4434,0.6007,2.5892
77.4436,0.5158,2.2254
77.4438,0.51,2.2011
77.4440,0.5049,2.1803
77.4442,0.5572,2.3972
77.4444,0.6233,2.6851
77.4446,0.5847,2.52
77.4448,0.5849,2.5187
77.4450,0.5877,2.5317
77.4452,0.5951,2.5649
77.4454,0.6312,2.7167
77.4456,0.7247,3.1135
77.4458,0.7466,3.2102
77.4460,0.6835,2.9403
77.4462,0.6948,2.9874
77.4464,0.7119,3.0598
77.4466,0.7458,3.2071
77.4468,0.7818,3.3555
77.4470,0.8333,3.5796
77.4472,0.841,3.6047
77.4474,0.887,3.8086
77.4476,0.866,3.7133
77.4478,0.9394,4.0224
77.4480,0.9785,4.1917
77.4482,0.9647,4.1327
77.4484,0.9852,4.2244
77.4486,0.9739,4.1781
77.4488,0.9793,4.1973
77.4490,0.971,4.1657
77.4492,0.945,4.0484
77.4494,0.983,4.2112
77.4496,0.9377,4.0283
77.4498,0.8211,3.5276
77.4500,0.8208,3.5261
77.4502,0.8394,3.6059
77.4504,0.8783,3.7768
77.4506,0.8193,3.5199
77.4508,0.8273,3.5506
77.4510,0.8859,3.7969
77.4512,0.8638,3.7075
77.4514,0.8174,3.5133
77.4516,0.8125,3.4938
77.4518,0.8247,3.5414
77.4520,0.8118,3.4907
77.4522,0.7344,3.1566
77.4524,0.7727,3.3211
77.4526,0.8144,3.4939
77.4528,0.9219,3.9548
77.4530,0.8873,3.8155
77.4532,0.8645,3.7141
77.4534,0.8599,3.694
77.4536,0.8293,3.5643
77.4538,0.8118,3.4874
77.4540,0.8605,3.7
77.4542,0.8063,3.4686
77.4544,0.7726,3.319
77.4546,0.866,3.7203
77.4548,0.8677,3.7258
77.4550,0.8452,3.6362
77.4552,0.7788,3.3536
77.4554,0.6802,2.9278
77.4556,0.6318,2.7218
77.4558,0.6432,2.7696
77.4560,0.6549,2.8189
77.4562,0.676,2.9124
77.4564,0.6679,2.8786
77.4566,0.6967,2.9985
77.4568,0.6545,2.8221
77.4570,0.5862,2.5267
77.4572,0.6156,2.6484
77.4574,0.729,3.1378
77.4576,0.7414,3.1954
77.4578,0.6311,2.72
77.4580,0.6006,2.5875
77.4582,0.6094,2.6289
77.4584,0.5884,2.5383
77.4586,0.5951,2.5673
77.4588,0.6254,2.6919
77.4590,0.6858,2.9515
77.4592,0.6975,3.0035
77.4594,0.7288,3.1368
77.4596,0.7243,3.1186
77.4598,0.6561,2.8227
77.4600,0.6804,2.9337
77.4602,0.6389,2.751
77.4604,0.6732,2.8973
77.4606,0.7523,3.2319
77.4608,0.8245,3.5404
77.4610,0.8078,3.4753
77.4612,0.7385,3.1816
77.4614,0.6921,2.9789
77.4616,0.675,2.9105
77.4618,0.5531,2.3874
77.4620,0.5407,2.3335
77.4622,0.5395,2.3273
77.4624,0.5464,2.354
77.4626,0.5953,2.5636
77.4628,0.6653,2.8686
77.4630,0.6491,2.7962
77.4632,0.5939,2.5598
77.4634,0.5613,2.4203
77.4636,0.5597,2.4158
77.4638,0.5695,2.4464
77.4640,0.7684,3.301
77.4642,0.7705,3.3149
77.4644,0.7268,3.1309
77.4646,0.6541,2.8192
77.4648,0.6307,2.7197
77.4650,0.5804,2.5002
77.4652,0.5615,2.4202
77.4654,0.5415,2.3339
77.4656,0.6407,2.7588
77.4658,0.6464,2.7822
77.4660,0.6377,2.7484
77.4662,0.636,2.7412
77.4664,0.642,2.7644
77.4666,0.6361,2.7391
77.4668,0.6421,2.7662
77.4670,0.6946,2.9869
77.4672,0.799,3.4307
77.4674,0.8637,3.707
77.4676,0.8882,3.812
77.4678,0.8054,3.4698
77.4680,0.6329,2.7277
77.4682,0.6129,2.6402
77.4684,0.6095,2.6257
77.4686,0.6075,2.6169
77.4688,0.6066,2.6121
77.4690,0.609,2.6224
77.4692,0.6148,2.6497
77.4694,0.6087,2.6233
77.4696,0.6256,2.6924
77.4698,0.6859,2.952
77.4700,0.7338,3.157
77.4702,0.7246,3.1187
77.4704,0.7329,3.1441
77.4706,0.8617,3.6966
77.4708,0.8201,3.5295
77.4710,0.7455,3.207
77.4712,0.7384,3.1796
77.4714,0.6491,2.7962
77.4716,0.6148,2.6509
77.4718,0.5531,2.3851
77.4720,0.5239,2.26
77.4722,0.4992,2.1525
77.4724,0.4992,2.1535
77.4726,0.5125,2.2129
77.4728,0.5296,2.2849
77.4730,0.5432,2.3422
77.4732,0.5238,2.2574
77.4734,0.5636,2.4324
77.4736,0.5295,2.2843
77.4738,0.5227,2.2517
77.4740,0.5733,2.4697
77.4742,0.5638,2.4357
77.4744,0.4294,1.855
77.4746,0.4097,1.7709
77.4748,0.403,1.7426
77.4750,0.3926,1.696
77.4752,0.4346,1.8755
77.4754,0.4007,1.7312
77.4756,0.4011,1.7327
77.4758,0.3976,1.7177
77.4760,0.4278,1.8448
77.4762,0.5356,2.3086
77.4764,0.5147,2.2223
77.4766,0.4991,2.153
77.4768,0.5137,2.215
77.4770,0.4811,2.0763
77.4772,0.5198,2.2383
77.4774,0.6144,2.6469
77.4776,0.5696,2.456
77.4778,0.5138,2.2156
77.4780,0.5376,2.3179
77.4782,0.579,2.4934
77.4784,0.6433,2.7688
77.4786,0.6125,2.635
77.4788,0.6624,2.8509
77.4790,0.6653,2.8606
77.4792,0.6614,2.8441
77.4794,0.7484,3.2149
77.4796,0.8119,3.4863
77.4798,0.8527,3.658
77.4800,0.8619,3.6976
77.4802,0.8607,3.6959
77.4804,0.8499,3.6495
77.4806,0.831,3.5632
77.4808,0.8583,3.6804
77.4810,0.8472,3.6343
77.4812,0.8111,3.486
77.4814,0.8522,3.6542
77.4816,0.9474,4.0625
77.4818,0.9775,4.1857
77.4820,1.0068,4.315
77.4822,0.972,4.164
77.4824,1.0068,4.313
77.4826,0.9882,4.2333
77.4828,0.9378,4.0251
77.4830,0.848,3.6413
77.4832,0.8374,3.596
77.4834,0.8588,3.6825
77.4836,0.9213,3.9504
77.4838,0.919,3.9351
77.4840,0.9707,4.1564
77.4842,0.9967,4.2758
77.4844,0.9583,4.1054
77.4846,1.0688,4.57
77.4848,1.1095,4.751
77.4850,1.0535,4.5133
77.4852,1.0414,4.4573
77.4854,1.056,4.5283
77.4856,0.9707,4.17
77.4858,0.8716,3.7497
77.4860,0.8132,3.492
77.4862,0.8602,3.6921
77.4864,0.9198,3.9534
77.4866,0.8494,3.6475
77.4868,0.8271,3.5517
77.4870,0.8391,3.6066
77.4872,0.9087,3.9
77.4874,0.8562,3.6815
77.4876,0.8163,3.5119
77.4878,0.7358,3.1682
77.4880,0.6368,2.7473
77.4882,0.5922,2.5549
77.4884,0.6053,2.6089
77.4886,0.5906,2.5453
77.4888,0.5977,2.5775
77.4890,0.5835,2.5206
77.4892,0.5141,2.2186
77.4894,0.4983,2.1499
77.4896,0.5392,2.3273
77.4898,0.506,2.1819
77.4900,0.4921,2.121
77.4902,0.525,2.2647
77.4904,0.5266,2.2719
77.4906,0.5517,2.3789
77.4908,0.571,2.4622
77.4910,0.5977,2.5739
77.4912,0.6412,2.7634
77.4914,0.6095,2.6282
77.4916,0.5909,2.5457
77.4918,0.6353,2.7368
77.4920,0.6096,2.6299
77.4922,0.5847,2.5223
77.4924,0.598,2.5761
77.4926,0.6734,2.897
77.4928,0.6945,2.9948
77.4930,0.4846,2.0933
77.4932,0.4151,1.7942
77.4934,0.4365,1.8847
77.4936,0.4886,2.107
77.4938,0.5441,2.3453
77.4940,0.5258,2.2715
77.4942,0.4639,2.0032
77.4944,0.4594,1.9845
77.4946,0.4563,1.9692
77.4948,0.4498,1.9404
77.4950,0.4375,1.8885
77.4952,0.4389,1.895
77.4954,0.4451,1.922
77.4956,0.4437,1.9157
77.4958,0.4421,1.909
77.4960,0.4381,1.8919
77.4962,0.4467,1.9278
77.4964,0.4499,1.9409
77.4966,0.4481,1.9331
77.4968,0.4397,1.8987
77.4970,0.4387,1.8945
77.4972,0.4545,1.9605
77.4974,0.4812,2.0768
77.4976,0.4545,1.9614
77.4978,0.492,2.1205
77.4980,0.5629,2.4237
77.4982,0.6264,2.6973
77.4984,0.5842,2.5156
77.4986,0.6102,2.6276
77.4988,0.6433,2.7688
77.4990,0.6695,2.8787
77.4992,0.7197,3.0947
77.4994,0.7296,3.1375
77.4996,0.7144,3.072
77.4998,0.7004,3.0103
77.5000,0.7264,3.1221
77.5002,0.7392,3.1743
77.5004,0.7793,3.3416
77.5006,0.8307,3.5705
77.5008,0.7637,3.2839
77.5010,0.7597,3.2593
77.5012,0.8449,3.6245
77.5014,0.8937,3.8357
77.5016,0.8666,3.7211
77.5018,0.8452,3.6261
77.5020,0.8215,3.5325
77.5022,0.7288,3.1353
77.5024,0.6907,2.9699
77.5026,0.6837,2.9427
77.5028,0.6936,2.9851
77.5030,0.7127,3.0634
77.5032,0.7295,3.137
77.5034,0.6962,2.995
77.5036,0.683,2.9369
77.5038,0.6657,2.8707
77.5040,0.5591,2.4076
77.5042,0.6,2.5837
77.5044,0.6595,2.8372
77.5046,0.6278,2.7048
77.5048,0.5606,2.4183
77.5050,0.5226,2.2512
77.5052,0.5799,2.497
77.5054,0.5578,2.4064
77.5056,0.5254,2.2678
77.5058,0.5035,2.1711
77.5060,0.5185,2.2336
77.5062,0.5792,2.4974
77.5064,0.5557,2.396
77.5066,0.5088,2.1928
77.5068,0.4964,2.1406
77.5070,0.5059,2.1824
77.5072,0.5132,2.213
77.5074,0.5257,2.2688
77.5076,0.4302,1.8586
77.5078,0.3951,1.7068
77.5080,0.3973,1.7154
77.5082,0.3993,1.7234
77.5084,0.4116,1.7783
77.5086,0.4045,1.7472
77.5088,0.3985,1.719
77.5090,0.5012,2.1603
77.5092,0.5325,2.2941
77.5094,0.5629,2.427
77.5096,0.4983,2.1479
77.5098,0.4889,2.109
77.5100,0.4908,2.1163
77.5102,0.4917,2.1204
77.5104,0.4905,2.1133
77.5106,0.4908,2.1163
77.5108,0.5214,2.246
77.5110,0.5416,2.3366
77.5112,0.5224,2.2496
77.5114,0.586,2.5221
77.5116,0.5766,2.4819
77.5118,0.6222,2.6805
77.5120,0.5834,2.5108
77.5122,0.5806,2.4977
77.5124,0.6838,2.9419
77.5126,0.7036,3.0242
77.5128,0.7119,3.0598
77.5130,0.7376,3.1686
77.5132,0.7858,3.3741
77.5134,0.8103,3.4748
77.5136,0.931,3.9827
77.5138,0.9945,4.2486
77.5140,1.0685,4.5711
77.5142,1.1281,4.8261
77.5144,1.1142,4.7643
77.5146,1.1301,4.828
77.5148,1.1578,4.9486
77.5150,1.045,4.4789
77.5152,0.9717,4.163
77.5154,0.9707,4.1564
77.5156,0.9787,4.1986
77.5158,0.9186,3.9427
77.5160,0.9004,3.8573
77.5162,0.9279,3.9824
77.5164,0.8204,3.5262
77.5166,0.8105,3.4785
77.5168,0.8503,3.646
77.5170,0.9102,3.9067
77.5172,0.8813,3.7809
77.5174,0.8692,3.7324
77.5176,0.8656,3.7153
77.5178,0.902,3.8712
77.5180,0.871,3.7384
77.5182,0.8611,3.6923
77.5184,0.8891,3.8126
77.5186,0.9464,4.0603
77.5188,0.9187,3.9451
77.5190,0.9329,4.0021
77.5192,0.903,3.874
77.5194,0.927,3.9769
77.5196,0.9167,3.9308
77.5198,0.9178,3.9391
77.5200,0.9273,3.9779
77.5202,0.9143,3.926
77.5204,0.8386,3.6028
77.5206,0.8449,3.6296
77.5208,0.8655,3.7217
77.5210,0.8229,3.537
77.5212,0.7445,3.2059
77.5214,0.6963,2.9997
77.5216,0.6854,2.9513
77.5218,0.6912,2.9761
77.5220,0.7166,3.0813
77.5222,0.8145,3.4993
77.5224,0.8823,3.7921
77.5226,0.7731,3.321
77.5228,0.7472,3.2113
77.5230,0.7731,3.321
77.5232,0.7876,3.3865
77.5234,0.7542,3.2462
77.5236,0.7334,3.1549
77.5238,0.7323,3.1503
77.5240,0.7099,3.0567
77.5242,0.6997,3.01
77.5244,0.7476,3.2193
77.5246,0.6294,2.7102
77.5248,0.6148,2.6485
77.5250,0.6626,2.8559
77.5252,0.6072,2.6159
77.5254,0.616,2.6536
77.5256,0.6067,2.6175
77.5258,0.5679,2.4499
77.5260,0.5611,2.4193
77.5262,0.5573,2.4021
77.5264,0.5712,2.4644
77.5266,0.5716,2.4659
77.5268,0.6318,2.718
77.5270,0.715,3.076
77.5272,0.6549,2.8281
77.5274,0.5106,2.2057
77.5276,0.4771,2.0573
77.5278,0.5251,2.2642
77.5280,0.5277,2.2766
77.5282,0.525,2.2668
77.5284,0.5239,2.26
77.5286,0.5222,2.2528
77.5288,0.5232,2.258
77.5290,0.5221,2.2523
77.5292,0.5278,2.2761
77.5294,0.5236,2.259
77.5296,0.5232,2.2559
77.5298,0.5254,2.2678
77.5300,0.5264,2.2698
77.5302,0.5926,2.5517
77.5304,0.6154,2.6547
77.5306,0.5403,2.332
77.5308,0.526,2.2683
77.5310,0.5268,2.2703
77.5312,0.5794,2.4984
77.5314,0.5395,2.3251
77.5316,0.573,2.4652
77.5318,0.6359,2.7381
77.5320,0.6407,2.76
77.5322,0.6498,2.7967
77.5324,0.6775,2.9118
77.5326,0.7042,3.0282
77.5328,0.6408,2.758
77.5330,0.6419,2.7626
77.5332,0.6835,2.9362
77.5334,0.7621,3.2727
77.5336,0.8574,3.6849
77.5338,0.8017,3.4474
77.5340,0.7267,3.1231
77.5342,0.6982,3.0052
77.5344,0.6294,2.7115
77.5346,0.6195,2.6686
77.5348,0.6126,2.6367
77.5350,0.6202,2.6705
77.5352,0.6228,2.6831
77.5354,0.6207,2.6762
77.5356,0.6028,2.5956
77.5358,0.5973,2.5706
77.5360,0.6516,2.8018
77.5362,0.7317,3.1463
77.5364,0.7432,3.1972
77.5366,0.7153,3.0742
77.5368,0.7641,3.2824
77.5370,0.8315,3.5752
77.5372,0.797,3.4289
77.5374,0.7509,3.2318
77.5376,0.6743,2.902
77.5378,0.6589,2.8346
77.5380,0.6686,2.8764
77.5382,0.6695,2.8813
77.5384,0.6677,2.8763
77.5386,0.6497,2.7975
77.5388,0.6956,2.9911
77.5390,0.7145,3.0725
77.5392,0.6762,2.9102
77.5394,0.6443,2.7768
77.5396,0.5814,2.5037
77.5398,0.6161,2.6529
77.5400,0.6424,2.7634
77.5402,0.7072,3.0439
77.5404,0.6974,3.0016
77.5406,0.6788,2.9202
77.5408,0.675,2.9037
77.5410,0.6656,2.8715
77.5412,0.577,2.4846
77.5414,0.5976,2.5782
77.5416,0.5284,2.2797
77.5418,0.533,2.2993
77.5420,0.5793,2.4967
77.5422,0.5663,2.4409
77.5424,0.5347,2.3077
77.5426,0.5264,2.2688
77.5428,0.5883,2.5355
77.5430,0.4943,2.1333
77.5432,0.5136,2.2145
77.5434,0.5558,2.3932
77.5436,0.5873,2.5313
77.5438,0.59,2.5427
77.5440,0.5847,2.5188
77.5442,0.5844,2.5189
77.5444,0.5172,2.2311
77.5446,0.5052,2.1763
77.5448,0.5368,2.3138
77.5450,0.5765,2.4825
77.5452,0.68,2.924
77.5454,0.702,3.017
77.5456,0.7885,3.3907
77.5458,0.7271,3.1267
77.5460,0.7053,3.0286
77.5462,0.7683,3.2958
77.5464,0.7915,3.402
77.5466,0.7367,3.1694
77.5468,0.7416,3.1861
77.5470,0.8136,3.487
77.5472,0.937,4.0177
77.5474,0.9488,4.0686
77.5476,0.904,3.8745
77.5478,0.9134,3.9164
77.5480,0.9112,3.9072
77.5482,0.9524,4.0822
77.5484,0.9424,4.0409
77.5486,0.9165,3.9298
77.5488,0.9656,4.1387
77.5490,0.9769,4.187
77.5492,0.965,4.1323
77.5494,0.9714,4.1634
77.5496,0.9647,4.1365
77.5498,0.981,4.2045
77.5500,0.9725,4.1719
77.5502,0.978,4.1897
77.5504,0.9786,4.1981
77.5506,0.9756,4.1775
77.5508,1.0131,4.3382
77.5510,0.9936,4.2624
77.5512,0.9017,3.8684
77.5514,0.9165,3.9353
77.5516,0.913,3.924
77.5518,0.8201,3.5312
77.5520,0.7472,3.2143
77.5522,0.7052,3.0337
77.5524,0.713,3.0644
77.5526,0.7414,3.191
77.5528,0.7091,3.0522
77.5530,0.695,2.994
77.5532,0.7323,3.1518
77.5534,0.7691,3.3117
77.5536,0.685,2.9484
77.5538,0.7063,3.0355
77.5540,0.7573,3.2611
77.5542,0.6318,2.7205
77.5544,0.6319,2.7223
77.5546,0.634,2.7349
77.5548,0.6046,2.6045
77.5550,0.6407,2.7562
77.5552,0.7178,3.0879
77.5554,0.6812,2.9374
77.5556,0.6088,2.6214
77.5558,0.6154,2.6572
77.5560,0.5047,2.1803
77.5562,0.4835,2.0857
77.5564,0.5347,2.3012
77.5566,0.6533,2.8169
77.5568,0.6048,2.608
77.5570,0.604,2.5995
77.5572,0.6358,2.7376
77.5574,0.6368,2.741
77.5576,0.6735,2.8948
77.5578,0.7334,3.1593
77.5580,0.6575,2.835
77.5582,0.6108,2.6302
77.5584,0.6149,2.6502
77.5586,0.5766,2.4865
77.5588,0.5829,2.5087
77.5590,0.6666,2.8703
77.5592,0.6022,2.5966
77.5594,0.5795,2.5001
77.5596,0.5924,2.553
77.5598,0.6085,2.6179
77.5600,0.7035,3.0223
77.5602,0.7777,3.3458
77.5604,0.7341,3.161
77.5606,0.7493,3.2191
77.5608,0.8238,3.5406
77.5610,0.7626,3.2884
77.5612,0.6172,2.6576
77.5614,0.6732,2.9
77.5616,0.6226,2.6845
77.5618,0.5311,2.289
77.5620,0.544,2.3459
77.5622,0.4826,2.085
77.5624,0.4603,1.9886
77.5626,0.4597,1.9851
77.5628,0.4866,2.0972
77.5630,0.5533,2.3857
77.5632,0.5795,2.4977
77.5634,0.5512,2.3791
77.5636,0.4595,1.9841
77.5638,0.4537,1.9592
77.5640,0.4608,1.9889
77.5642,0.492,2.1224
77.5644,0.5481,2.3601
77.5646,0.6124,2.6381
77.5648,0.5973,2.573
77.5650,0.5914,2.5477
77.5652,0.6589,2.8333
77.5654,0.6906,2.968
77.5656,0.7041,3.0277
77.5658,0.7347,3.1562
77.5660,0.7944,3.4159
77.5662,0.7946,3.4217
77.5664,0.6889,2.9622
77.5666,0.7113,3.0586
77.5668,0.7136,3.0698
77.5670,0.7689,3.3015
77.5672,0.7886,3.3912
77.5674,0.674,2.905
77.5676,0.5585,2.4095
77.5678,0.5396,2.3278
77.5680,0.5335,2.3014
77.5682,0.5344,2.3056
77.5684,0.5353,2.307
77.5686,0.5366,2.3138
77.5688,0.5358,2.3091
77.5690,0.5379,2.3173
77.5692,0.5937,2.5587
77.5694,0.6355,2.7365
77.5696,0.6641,2.8568
77.5698,0.6806,2.9252
77.5700,0.7271,3.1267
77.5702,0.7037,3.0332
77.5704,0.5853,2.5214
77.5706,0.6329,2.7277
77.5708,0.538,2.3222
77.5710,0.486,2.0956
77.5712,0.5365,2.3144
77.5714,0.5103,2.2016
77.5716,0.5047,2.1783
77.5718,0.4645,2.004
77.5720,0.5296,2.2838
77.5722,0.4853,2.0925
77.5724,0.4865,2.0967
77.5726,0.5187,2.2368
77.5728,0.5174,2.2321
77.5730,0.5101,2.1985
77.5732,0.5199,2.2409
77.5734,0.5173,2.2326
77.5736,0.4812,2.0759
77.5738,0.5022,2.1644
77.5740,0.5596,2.4119
77.5742,0.5449,2.3473
77.5744,0.5925,2.5536
77.5746,0.5608,2.4194
77.5748,0.5245,2.2626
77.5750,0.5378,2.3136
77.5752,0.5989,2.5791
77.5754,0.5896,2.5435
77.5756,0.4915,2.1204
77.5758,0.4778,2.0614
77.5760,0.4699,2.0273
77.5762,0.4546,1.9629
77.5764,0.4541,1.9599
77.5766,0.4522,1.9507
77.5768,0.4661,2.0107
77.5770,0.4959,2.1385
77.5772,0.4992,2.1515
77.5774,0.5252,2.2605
77.5776,0.5751,2.4763
77.5778,0.6077,2.6168
77.5780,0.6463,2.7804
77.5782,0.6577,2.8294
77.5784,0.6485,2.7923
77.5786,0.5999,2.5796
77.5788,0.6469,2.7791
77.5790,0.697,2.9972
77.5792,0.6811,2.9273
77.5794,0.7342,3.1527
77.5796,0.7735,3.3231
77.5798,0.7744,3.3252
77.5800,0.8111,3.4795
77.5802,0.894,3.8301
77.5804,0.911,3.9043
77.5806,0.9409,4.0272
77.5808,1.002,4.2864
77.5810,1.001,4.2843
77.5812,1.0468,4.4741
77.5814,1.1146,4.7659
77.5816,1.1355,4.8533
77.5818,1.1709,4.9998
77.5820,1.18,5.0529
77.5822,0.9693,4.1604
77.5824,0.8536,3.6655
77.5826,0.8016,3.4469
77.5828,0.8389,3.5955
77.5830,0.9229,3.9539
77.5832,0.9668,4.1438
77.5834,0.9753,4.1784
77.5836,0.9845,4.2095
77.5838,1.0837,4.6406
77.5840,1.0787,4.6169
77.5842,1.0626,4.5502
77.5844,1.0419,4.4656
77.5846,1.064,4.5559
77.5848,1.0794,4.6199
77.5850,0.9776,4.192
77.5852,0.931,3.9939
77.5854,0.9105,3.9078
77.5856,0.8719,3.7508
77.5858,0.7988,3.435
77.5860,0.8004,3.4417
77.5862,0.7964,3.4167
77.5864,0.857,3.6816
77.5866,0.8153,3.504
77.5868,0.7938,3.4133
77.5870,0.8131,3.4947
77.5872,0.8343,3.5809
77.5874,0.8803,3.7833
77.5876,0.8189,3.5244
77.5878,0.7488,3.22
77.5880,0.7416,3.192
77.5882,0.6885,2.9593
77.5884,0.731,3.1446
77.5886,0.7268,3.1309
77.5888,0.7005,3.015
77.5890,0.6963,2.9969
77.5892,0.6716,2.8893
77.5894,0.7263,3.1289
77.5896,0.6804,2.9269
77.5898,0.7322,3.1483
77.5900,0.7575,3.2571
77.5902,0.7611,3.2741
77.5904,0.8214,3.5303
77.5906,0.8195,3.5253
77.5908,0.7288,3.1368
77.5910,0.722,3.1103
77.5912,0.6926,2.9851
77.5914,0.6113,2.6347
77.5916,0.5914,2.5489
77.5918,0.5776,2.4895
77.5920,0.5982,2.5808
77.5922,0.6009,2.5933
77.5924,0.5671,2.4451
77.5926,0.5663,2.442
77.5928,0.5711,2.4616
77.5930,0.594,2.5638
77.5932,0.5849,2.5175
77.5934,0.6282,2.7101
77.5936,0.5033,2.1741
77.5938,0.4836,2.0872
77.5940,0.5335,2.3004
77.5942,0.5277,2.2776
77.5944,0.518,2.2357
77.5946,0.524,2.2595
77.5948,0.5379,2.3206
77.5950,0.5418,2.336
77.5952,0.5358,2.3112
77.5954,0.5382,2.3216
77.5956,0.5337,2.3025
77.5958,0.5376,2.3179
77.5960,0.5383,2.3221
77.5962,0.5582,2.4091
77.5964,0.5252,2.2647
77.5966,0.5182,2.2347
77.5968,0.5395,2.3251
77.5970,0.5542,2.3898
77.5972,0.633,2.7257
77.5974,0.6963,2.9928
77.5976,0.7289,3.1359
77.5978,0.7396,3.1803
77.5980,0.7437,3.1993
77.5982,0.6699,2.8834
77.5984,0.6425,2.7652
77.5986,0.6769,2.9133
77.5988,0.6927,2.9842
77.5990,0.6455,2.7781
77.5992,0.6531,2.8072
77.5994,0.7608,3.27
77.5996,0.7713,3.3149
77.5998,0.7285,3.1294
77.6000,0.789,3.3927
77.6002,0.7844,3.3716
77.6004,0.7855,3.3746
77.6006,0.8024,3.4473
77.6008,0.8318,3.5751
77.6010,0.7948,3.4175
77.6012,0.7082,3.048
77.6014,0.6902,2.9679
77.6016,0.6951,2.989
77.6018,0.7392,3.1787
77.6020,0.7538,3.2396
77.6022,0.7756,3.3334
77.6024,0.7588,3.2628
77.6026,0.8077,3.4683
77.6028,0.8673,3.7259
77.6030,0.7792,3.3504
77.6032,0.7817,3.3597
77.6034,0.8288,3.5589
77.6036,0.7752,3.3412
77.6038,0.5916,2.5523
77.6040,0.5517,2.38
77.6042,0.5593,2.4093
77.6044,0.6167,2.6555
77.6046,0.6184,2.6652
77.6048,0.6389,2.7497
77.6050,0.6504,2.8006
77.6052,0.6031,2.5996
77.6054,0.596,2.5697
77.6056,0.5998,2.5827
77.6058,0.6334,2.7285
77.6060,0.6053,2.6076
77.6062,0.6397,2.7533
77.6064,0.7082,3.0424
77.6066,0.7769,3.3375
77.6068,0.7937,3.4128
77.6070,0.7083,3.0514
77.6072,0.6077,2.618
77.6074,0.5915,2.5553
77.6076,0.4806,2.0743
77.6078,0.4904,2.1147
77.6080,0.5063,2.182
77.6082,0.5441,2.3464
77.6084,0.5464,2.3584
77.6086,0.4963,2.1421
77.6088,0.4884,2.1069
77.6090,0.4895,2.1126
77.6092,0.4818,2.0794
77.6094,0.4816,2.0784
77.6096,0.4841,2.0873
77.6098,0.4963,2.1391
77.6100,0.5688,2.454
77.6102,0.5111,2.2047
77.6104,0.5113,2.2037
77.6106,0.5083,2.1938
77.6108,0.4884,2.1069
77.6110,0.4903,2.1152
77.6112,0.5088,2.1938
77.6114,0.5495,2.3685
77.6116,0.5872,2.5261
77.6118,0.6191,2.667
77.6120,0.5906,2.5441
77.6122,0.6402,2.7516
77.6124,0.7205,3.0983
77.6126,0.7292,3.1383
77.6128,0.7294,3.1321
77.6130,0.7826,3.3623
77.6132,0.7832,3.3633
77.6134,0.8961,3.8406
77.6136,0.9684,4.1525
77.6138,0.948,4.0631
77.6140,0.965,4.1361
77.6142,0.9747,4.1758
77.6144,0.9672,4.1415
77.6146,0.9705,4.1636
77.6148,0.9216,3.9519
77.6150,0.9312,3.9875
77.6152,0.9996,4.2861
77.6154,0.9687,4.1501
77.6156,0.9713,4.1648
77.6158,0.9749,4.1802
77.6160,0.9674,4.1464
77.6162,0.9864,4.2276
77.6164,0.9661,4.1388
77.6166,0.9911,4.2536
77.6168,0.8448,3.6308
77.6170,0.8529,3.6658
77.6172,0.8709,3.7362
77.6174,0.9252,3.9674
77.6176,0.9524,4.0841
77.6178,0.9132,3.9232
77.6180,0.852,3.66
77.6182,0.8324,3.5727
77.6184,0.8601,3.6985
77.6186,0.849,3.6454
77.6188,0.8696,3.7323
77.6190,0.8346,3.5853
77.6192,0.7836,3.3664
77.6194,0.7671,3.2938
77.6196,0.8036,3.4476
77.6198,0.8878,3.8087
77.6200,0.9649,4.1414
77.6202,0.875,3.7572
77.6204,0.8427,3.622
77.6206,0.7996,3.4429
77.6208,0.7561,3.2514
77.6210,0.7456,3.2061
77.6212,0.7545,3.2457
77.6214,0.772,3.3149
77.6216,0.8053,3.4612
77.6218,0.8515,3.6579
77.6220,0.8979,3.8537
77.6222,0.8574,3.6866
77.6224,0.8002,3.4391
77.6226,0.8791,3.7747
77.6228,0.8949,3.8444
77.6230,0.8299,3.5752
77.6232,0.6854,2.9555
77.6234,0.5982,2.582
77.6236,0.5686,2.4541
77.6238,0.5736,2.4747
77.6240,0.5564,2.4002
77.6242,0.5784,2.4954
77.6244,0.5398,2.3299
77.6246,0.4955,2.1374
77.6248,0.4962,2.1415
77.6250,0.5618,2.4224
77.6252,0.6083,2.623
77.6254,0.5995,2.5805
77.6256,0.6248,2.6956
77.6258,0.5627,2.4254
77.6260,0.5374,2.3217
77.6262,0.4374,1.8897
77.6264,0.4322,1.8643
77.6266,0.5485,2.3694
77.6268,0.488,2.1083
77.6270,0.5071,2.1856
77.6272,0.5477,2.3619
77.6274,0.5463,2.3568
77.6276,0.5591,2.4121
77.6278,0.5432,2.3411
77.6280,0.5588,2.4083
77.6282,0.5575,2.406
77.6284,0.5527,2.3842
77.6286,0.5548,2.3913
77.6288,0.5533,2.3868
77.6290,0.5527,2.382
77.6292,0.553,2.3835
77.6294,0.5561,2.397
77.6296,0.5588,2.4095
77.6298,0.5582,2.4046
77.6300,0.6053,2.6076
77.6302,0.6352,2.7363
77.6304,0.6302,2.7151
77.6306,0.5698,2.4547
77.6308,0.5629,2.4248
77.6310,0.6156,2.6508
77.6312,0.6701,2.8812
77.6314,0.6748,2.9032
77.6316,0.6542,2.8184
77.6318,0.6473,2.7859
77.6320,0.6681,2.8703
77.6322,0.7051,3.036
77.6324,0.66,2.8419
77.6326,0.6659,2.8619
77.6328,0.7478,3.2109
77.6330,0.8289,3.5594
77.6332,0.8239,3.5395
77.6334,0.7975,3.4293
77.6336,0.7629,3.2818
77.6338,0.7701,3.3097
77.6340,0.7042,3.031
77.6342,0.6451,2.7779
77.6344,0.6277,2.7017
77.6346,0.6516,2.807
77.6348,0.6183,2.661
77.6350,0.6713,2.8904
77.6352,0.6537,2.815
77.6354,0.6537,2.8163
77.6356,0.6507,2.8021
77.6358,0.6672,2.8689
77.6360,0.7219,3.1025
77.6362,0.7872,3.3787
77.6364,0.9105,3.9005
77.6366,0.9673,4.1575
77.6368,0.9371,4.0201
77.6370,0.9275,3.979
77.6372,0.8535,3.6684
77.6374,0.8288,3.5606
77.6376,0.8521,3.6571
77.6378,0.8653,3.7137
77.6380,0.8757,3.769
77.6382,0.7243,3.1172
77.6384,0.7523,3.2334
77.6386,0.7957,3.4232
77.6388,0.7829,3.3602
77.6390,0.843,3.6231
77.6392,0.8392,3.602
77.6394,0.8536,3.6706
77.6396,0.7865,3.3866
77.6398,0.7415,3.1841
77.6400,0.8239,3.5395
77.6402,0.7764,3.3386
77.6404,0.7747,3.3298
77.6406,0.7565,3.2515
77.6408,0.7543,3.2482
77.6410,0.7672,3.3019
77.6412,0.7534,3.2486
77.6414,0.5802,2.5043
77.6416,0.5404,2.3314
77.6418,0.5302,2.2885
77.6420,0.5296,2.2838
77.6422,0.5648,2.4353
77.6424,0.5277,2.2787
77.6426,0.5168,2.2316
77.6428,0.537,2.3153
77.6430,0.5458,2.3547
77.6432,0.5229,2.2538
77.6434,0.6141,2.649
77.6436,0.5446,2.3452
77.6438,0.6278,2.7035
77.6440,0.6849,2.9424
77.6442,0.6981,3.0047
77.6444,0.6129,2.6414
77.6446,0.6127,2.6397
77.6448,0.6173,2.6618
77.6450,0.6069,2.6144
77.6452,0.6235,2.6887
77.6454,0.5913,2.5437
77.6456,0.6829,2.935
77.6458,0.7606,3.2675
77.6460,0.8018,3.4463
77.6462,0.8189,3.5146
77.6464,0.8775,3.7662
77.6466,0.8824,3.7891
77.6468,0.8704,3.7272
77.6470,0.9997,4.2807
77.6472,1.0437,4.4712
77.6474,1.0014,4.2898
77.6476,0.9854,4.2235
77.6478,0.9822,4.2135
77.6480,1.0023,4.298
77.6482,0.9803,4.1994
77.6484,0.9518,4.0815
77.6486,0.9771,4.188
77.6488,0.9846,4.2179
77.6490,1.0122,4.3381
77.6492,0.9849,4.2254
77.6494,0.9833,4.2142
77.6496,1.0276,4.4023
77.6498,1.0113,4.3406
77.6500,1.0021,4.2929
77.6502,1.0298,4.4116
77.6504,1.0752,4.6041
77.6506,1.1303,4.8443
77.6508,1.0709,4.5921
77.6510,1.0577,4.5355
77.6512,1.0676,4.5819
77.6514,0.9349,4.0127
77.6516,0.9428,4.0429
77.6518,0.9418,4.0496
77.6520,0.8442,3.6333
77.6522,0.7999,3.4428
77.6524,0.8071,3.4722
77.6526,0.8173,3.5144
77.6528,0.8004,3.4449
77.6530,0.8099,3.4808
77.6532,0.8509,3.6571
77.6534,0.8541,3.6676
77.6536,0.8914,3.8331
77.6538,0.7826,3.3685
77.6540,0.7999,3.4364
77.6542,0.8217,3.5368
77.6544,0.7791,3.3562
77.6546,0.7497,3.2221
77.6548,0.813,3.5023
77.6550,0.6818,2.9413
77.6552,0.6005,2.5906
77.6554,0.5876,2.5371
77.6556,0.6245,2.6915
77.6558,0.7083,3.05
77.6560,0.7003,3.014
77.6562,0.7025,3.0238
77.6564,0.7035,3.0251
77.6566,0.7782,3.3494
77.6568,0.7105,3.0649
77.6570,0.6615,2.8526
77.6572,0.6885,2.9661
77.6574,0.6928,2.9847
77.6576,0.7031,3.0278
77.6578,0.7009,3.018
77.6580,0.6966,2.9994
77.6582,0.7239,3.1113
77.6584,0.7596,3.2694
77.6586,0.7255,3.1238
77.6588,0.7366,3.1718
77.6590,0.7487,3.2225
77.6592,0.7256,3.1272
77.6594,0.6878,2.963
77.6596,0.7205,3.0997
77.6598,0.7629,3.2757
77.6600,0.8243,3.5427
77.6602,0.8274,3.5577
77.6604,0.8563,3.6768
77.6606,0.8879,3.8145
77.6608,0.861,3.709
77.6610,0.7013,3.0228
77.6612,0.6563,2.8246
77.6614,0.739,3.1777
77.6616,0.7516,3.2364
77.6618,0.7037,3.0332
77.6620,0.6774,2.9208
77.6622,0.6523,2.8114
77.6624,0.6383,2.7523
77.6626,0.6394,2.7569
77.6628,0.6436,2.7737
77.6630,0.6645,2.8549
77.6632,0.8333,3.5796
77.6634,0.8828,3.7977
77.6636,0.7546,3.2523
77.6638,0.6745,2.9017
77.6640,0.7143,3.0758
77.6642,0.7148,3.0793
77.6644,0.7172,3.0839
77.6646,0.7246,3.1173
77.6648,0.7271,3.1296
77.6650,0.7337,3.158
77.6652,0.7803,3.3551
77.6654,0.788,3.387
77.6656,0.7883,3.388
77.6658,0.8263,3.5465
77.6660,0.8925,3.8359
77.6662,0.8136,3.5
77.6664,0.8686,3.7334
77.6666,0.8096,3.4863
77.6668,0.7255,3.1253
77.6670,0.7082,3.0509
77.6672,0.6972,3.0006
77.6674,0.6945,2.9934
77.6676,0.6911,2.9743
77.6678,0.6954,2.9943
77.6680,0.6849,2.9507
77.6682,0.6931,2.9886
77.6684,0.6866,2.9538
77.6686,0.7498,3.2257
77.6688,0.7656,3.2938
77.6690,0.8066,3.4702
77.6692,0.7704,3.3144
77.6694,0.7506,3.2293
77.6696,0.7801,3.3484
77.6698,0.9095,3.9128
77.6700,0.8507,3.6612
77.6702,0.7474,3.2169
77.6704,0.7105,3.0636
77.6706,0.6192,2.6676
77.6708,0.6474,2.7851
77.6710,0.7601,3.2685
77.6712,0.7363,3.1762
77.6714,0.6113,2.636
77.6716,0.6054,2.6106
77.6718,0.6159,2.6569
77.6720,0.6186,2.665
77.6722,0.6257,2.7005
77.6724,0.4991,2.156
77.6726,0.4926,2.1251
77.6728,0.5334,2.3009
77.6730,0.5571,2.4045
77.6732,0.5052,2.1814
77.6734,0.565,2.4375
77.6736,0.5782,2.4956
77.6738,0.5499,2.3734
77.6740,0.5407,2.3303
77.6742,0.6041,2.6025
77.6744,0.6074,2.6201
77.6746,0.5638,2.4301
77.6748,0.6341,2.7355
77.6750,0.6191,2.6659
77.6752,0.6592,2.8396
77.6754,0.6245,2.6891
77.6756,0.6482,2.7991
77.6758,0.5205,2.2477
77.6760,0.5031,2.1706
77.6762,0.4997,2.1576
77.6764,0.5015,2.1643
77.6766,0.5079,2.1892
77.6768,0.5482,2.3662
77.6770,0.5332,2.3004
77.6772,0.5773,2.488
77.6774,0.6247,2.6901
77.6776,0.6269,2.7007
77.6778,0.6375,2.7449
77.6780,0.6259,2.6978
77.6782,0.6503,2.8001
77.6784,0.7439,3.2019
77.6786,0.7612,3.2716
77.6788,0.7852,3.3716
77.6790,0.8152,3.4987
77.6792,0.8454,3.6267
77.6794,0.857,3.6783
77.6796,0.8683,3.7301
77.6798,0.8459,3.6287
77.6800,0.9682,4.1496
77.6802,1.0308,4.4096
77.6804,1.0937,4.6877
77.6806,1.0227,4.3793
77.6808,0.9987,4.2826
77.6810,0.965,4.1381
77.6812,0.9529,4.0862
77.6814,1.0532,4.5055
77.6816,1.1997,5.1372
77.6818,1.0496,4.4964
77.6820,1.0155,4.3505
77.6822,1.0109,4.3305
77.6824,0.9937,4.263
77.6826,0.9932,4.2629
77.6828,0.9519,4.0854
77.6830,0.988,4.2304
77.6832,1.1431,4.8948
77.6834,1.1558,4.94
77.6836,1.1753,5.0277
77.6838,1.1804,5.0498
77.6840,1.1817,5.0625
77.6842,1.0581,4.535
77.6844,1.0112,4.3361
77.6846,1.0786,4.6207
77.6848,1.0715,4.5947
77.6850,0.9953,4.2677
77.6852,0.9932,4.259
77.6854,1.0261,4.4019
77.6856,1.0556,4.5285
77.6858,1.0143,4.3535
77.6860,0.9852,4.2265
77.6862,1.0593,4.5444
77.6864,1.0136,4.3504
77.6866,0.9043,3.8919
77.6868,0.7744,3.333
77.6870,0.7453,3.2105
77.6872,0.684,2.9493
77.6874,0.6782,2.9258
77.6876,0.6757,2.9096
77.6878,0.7425,3.1987
77.6880,0.7106,3.0598
77.6882,0.7732,3.3294
77.6884,0.7704,3.3129
77.6886,0.8315,3.5736
77.6888,0.7882,3.3986
77.6890,0.7038,3.0346
77.6892,0.7129,3.0696
77.6894,0.77,3.3108
77.6896,0.8056,3.4736
77.6898,0.6408,2.7632
77.6900,0.6101,2.632
77.6902,0.6812,2.9361
77.6904,0.6801,2.93
77.6906,0.7223,3.1133
77.6908,0.7083,3.0543
77.6910,0.7201,3.1006
77.6912,0.7612,3.2747
77.6914,0.7823,3.3655
77.6916,0.7315,3.1541
77.6918,0.6511,2.8102
77.6920,0.6184,2.6689
77.6922,0.5675,2.4518
77.6924,0.538,2.3244
77.6926,0.5524,2.3832
77.6928,0.5997,2.5858
77.6930,0.6081,2.6244
77.6932,0.5352,2.313
77.6934,0.5055,2.183
77.6936,0.486,2.1005
77.6938,0.4623,1.9997
77.6940,0.4576,1.9777
77.6942,0.513,2.2151
77.6944,0.5222,2.2549
77.6946,0.5117,2.2114
77.6948,0.5051,2.1809
77.6950,0.5034,2.1716
77.6952,0.5066,2.1876
77.6954,0.5084,2.1954
77.6956,0.5126,2.2135
77.6958,0.506,2.184
77.6960,0.5143,2.2208
77.6962,0.5324,2.2957
77.6964,0.6054,2.6094
77.6966,0.5445,2.348
77.6968,0.581,2.5017
77.6970,0.6797,2.9266
77.6972,0.7521,3.2355
77.6974,0.7666,3.2994
77.6976,0.7611,3.2711
77.6978,0.7921,3.4078
77.6980,0.7664,3.2984
77.6982,0.7833,3.3712
77.6984,0.7883,3.3834
77.6986,0.916,3.9315
77.6988,0.9258,3.9793
77.6990,0.9118,3.919
77.6992,0.836,3.5916
77.6994,0.8124,3.4901
77.6996,0.8028,3.4569
77.6998,0.7246,3.1217
77.7000,0.6974,3.0016
77.7002,0.7076,3.0483
77.7004,0.7219,3.104
77.7006,0.7918,3.4094
77.7008,0.6939,2.9908
77.7010,0.6112,2.6367
77.7012,0.6033,2.6013
77.7014,0.6059,2.6103
77.7016,0.6235,2.6887
77.7018,0.6105,2.6324
77.7020,0.6034,2.6031
77.7022,0.6235,2.685
77.7024,0.7081,3.0433
77.7026,0.7538,3.2442
77.7028,0.6782,2.9258
77.7030,0.5667,2.4436
77.7032,0.5667,2.4459
77.7034,0.524,2.2585
77.7036,0.5976,2.5746
77.7038,0.6068,2.6163
77.7040,0.6024,2.5965
77.7042,0.6095,2.6258
77.7044,0.6082,2.6213
77.7046,0.6012,2.5949
77.7048,0.5201,2.2477
77.7050,0.5047,2.1783
77.7052,0.5542,2.3876
77.7054,0.6058,2.6122
77.7056,0.6035,2.6012
77.7058,0.6198,2.6714
77.7060,0.6527,2.8091
77.7062,0.6246,2.6909
77.7064,0.6729,2.895
77.7066,0.727,3.1335
77.7068,0.5783,2.4938
77.7070,0.5601,2.4152
77.7072,0.6255,2.697
77.7074,0.5939,2.5598
77.7076,0.6524,2.8068
77.7078,0.7552,3.2459
77.7080,0.7635,3.2814
77.7082,0.7883,3.3897
77.7084,0.7577,3.2597
77.7086,0.6952,2.9965
77.7088,0.6654,2.8678
77.7090,0.6612,2.8458
77.7092,0.6679,2.8747
77.7094,0.6578,2.834
77.7096,0.6711,2.8913
77.7098,0.658,2.8332
77.7100,0.6686,2.8791
77.7102,0.6671,2.8724
77.7104,0.6719,2.8931
77.7106,0.6729,2.899
77.7108,0.6685,2.8773
77.7110,0.7005,3.0123
77.7112,0.7366,3.166
77.7114,0.7845,3.3716
77.7116,0.814,3.5
77.7118,0.7604,3.268
77.7120,0.8137,3.4957
77.7122,0.8836,3.789
77.7124,0.9587,4.1051
77.7126,0.9772,4.1901
77.7128,0.9702,4.1622
77.7130,0.9666,4.1506
77.7132,0.9625,4.1158
77.7134,1.1923,5.0958
77.7136,1.255,5.3664
77.7138,1.2521,5.3491
77.7140,1.2781,5.4551
77.7142,1.3096,5.597
77.7144,1.1651,4.9841
77.7146,1.1163,4.7865
77.7148,0.9977,4.282
77.7150,1.023,4.3824
77.7152,1.0816,4.6314
77.7154,1.1159,4.776
77.7156,1.1094,4.7506
77.7158,1.1085,4.7398
77.7160,1.1169,4.7869
77.7162,1.1025,4.7318
77.7164,1.0802,4.6145
77.7166,1.2708,5.4264
77.7168,1.2831,5.4863
77.7170,1.2795,5.4633
77.7172,1.3391,5.7151
77.7174,1.3249,5.6679
77.7176,1.2371,5.3048
77.7178,1.0738,4.6109
77.7180,1.0309,4.4163
77.7182,1.123,4.8108
77.7184,1.1356,4.867
77.7186,1.1091,4.7446
77.7188,1.1617,4.9698
77.7190,1.2441,5.3247
77.7192,1.2736,5.456
77.7194,1.1515,4.9377
77.7196,0.9673,4.1518
77.7198,0.9703,4.1705
77.7200,0.9014,3.8687
77.7202,0.973,4.1818
77.7204,0.9499,4.0828
77.7206,0.9191,3.9541
77.7208,0.8348,3.5948
77.7210,0.7888,3.4012
77.7212,0.7545,3.2458
77.7214,0.8322,3.5817
77.7216,0.7441,3.2084
77.7218,0.7445,3.2074
77.7220,0.8377,3.6038
77.7222,0.8912,3.8357
77.7224,0.8249,3.5536
77.7226,0.7484,3.2255
77.7228,0.7551,3.2469
77.7230,0.8827,3.792
77.7232,0.9203,3.9629
77.7234,0.7462,3.2162
77.7236,0.7436,3.2048
77.7238,0.7861,3.3883
77.7240,0.7324,3.1567
77.7242,0.7317,3.1551
77.7244,0.7895,3.3901
77.7246,0.9068,3.8937
77.7248,0.9369,4.0248
77.7250,0.9257,3.9787
77.7252,0.8728,3.7602
77.7254,0.8358,3.5955
77.7256,0.8841,3.8034
77.7258,0.89,3.8216
77.7260,0.9545,4.1005
77.7262,0.9487,4.0834
77.7264,0.7908,3.4148
77.7266,0.6565,2.8335
77.7268,0.6404,2.7655
77.7270,0.6196,2.6754
77.7272,0.6846,2.9519
77.7274,0.6835,2.9486
77.7276,0.6281,2.7109
77.7278,0.6215,2.6799
77.7280,0.6933,2.9896
77.7282,0.702,3.0212
77.7284,0.7295,3.1487
77.7286,0.622,2.687
77.7288,0.5985,2.583
77.7290,0.5896,2.5436
77.7292,0.6981,3.0061
77.7294,0.7794,3.3578
77.7296,0.7046,3.0411
77.7298,0.5962,2.5756
77.7300,0.5372,2.3207
77.7302,0.6024,2.5989
77.7304,0.6445,2.7805
77.7306,0.6571,2.8335
77.7308,0.6831,2.9457
77.7310,0.6789,2.9262
77.7312,0.6777,2.9197
77.7314,0.6964,3.0003
77.7316,0.796,3.4179
77.7318,0.8938,3.8452
77.7320,0.8147,3.5145
77.7322,0.6926,2.9865
77.7324,0.6721,2.8941
77.7326,0.8131,3.4915
77.7328,0.9315,4.0072
77.7330,0.8306,3.5734
77.7332,0.8535,3.6719
77.7334,0.7819,3.3733
77.7336,0.6777,2.9224
77.7338,0.6962,2.9979
77.7340,0.6978,3.0088
77.7342,0.6782,2.9258
77.7344,0.6707,2.8906
77.7346,0.6673,2.8748
77.7348,0.6658,2.8694
77.7350,0.6732,2.9028
77.7352,0.714,3.0786
77.7354,0.7196,3.0942
77.7356,0.7804,3.3588
77.7358,0.8521,3.664
77.7360,0.8269,3.5541
77.7362,0.7887,3.396
77.7364,0.7815,3.3634
77.7366,0.8568,3.6824
77.7368,0.8626,3.7111
77.7370,0.8815,3.7868
77.7372,0.9176,3.9437
77.7374,0.8138,3.5044
77.7376,0.7558,3.256
77.7378,0.7756,3.3397
77.7380,0.7878,3.3908
77.7382,0.7276,3.1361
77.7384,0.6685,2.8826
77.7386,0.707,3.0429
77.7388,0.7775,3.3433
77.7390,0.8329,3.5798
77.7392,0.8877,3.8136
77.7394,0.8453,3.638
77.7396,0.7177,3.0975
77.7398,0.5675,2.4541
77.7400,0.5016,2.1679
77.7402,0.4982,2.1504
77.7404,0.5809,2.5023
77.7406,0.6632,2.8599
77.7408,0.6045,2.6077
77.7410,0.5894,2.5461
77.7412,0.5916,2.5547
77.7414,0.5877,2.5353
77.7416,0.624,2.6908
77.7418,0.6358,2.7414
77.7420,0.6347,2.7355
77.7422,0.6305,2.7187
77.7424,0.6547,2.8231
77.7426,0.6427,2.7702
77.7428,0.6396,2.7567
77.7430,0.6328,2.7273
77.7432,0.6845,2.9486
77.7434,0.7178,3.0908
77.7436,0.6812,2.9347
77.7438,0.721,3.1062
77.7440,0.7042,3.0296
77.7442,0.7715,3.316
77.7444,0.8501,3.6535
77.7446,0.9278,3.9912
77.7448,0.7656,3.2968
77.7450,0.7195,3.0937
77.7452,0.819,3.52
77.7454,0.8429,3.6209
77.7456,0.8924,3.8301
77.7458,0.8942,3.8414
77.7460,0.9589,4.11
77.7462,1.1127,4.7689
77.7464,1.075,4.6032
77.7466,1.1364,4.8593
77.7468,1.1673,4.9939
77.7470,1.201,5.1404
77.7472,1.1354,4.8688
77.7474,1.0683,4.5873
77.7476,0.9833,4.2202
77.7478,0.9523,4.0932
77.7480,0.8364,3.5965
77.7482,0.8664,3.7219
77.7484,0.927,3.9807
77.7486,0.9803,4.2074
77.7488,0.9839,4.2228
77.7490,0.9954,4.2742
77.7492,0.9513,4.0847
77.7494,0.9613,4.128
77.7496,0.9613,4.1241
77.7498,0.9565,4.1093
77.7500,0.9526,4.0904
77.7502,0.9534,4.0921
77.7504,0.98,4.2142
77.7506,0.8822,3.7934
77.7508,0.9015,3.871
77.7510,0.9316,4.0003
77.7512,1.0149,4.3622
77.7514,0.9445,4.0578
77.7516,0.93,3.9917
77.7518,1.0059,4.3235
77.7520,0.9058,3.9004
77.7522,0.8345,3.5899
77.7524,0.8255,3.5545
77.7526,0.7009,3.0208
77.7528,0.7124,3.0704
77.7530,0.7321,3.1537
77.7532,0.71,3.0615
77.7534,0.7315,3.1511
77.7536,0.7505,3.2393
77.7538,0.5819,2.5139
77.7540,0.5645,2.4366
77.7542,0.6303,2.7189
77.7544,0.6372,2.7477
77.7546,0.6396,2.7554
77.7548,0.6858,2.9571
77.7550,0.6291,2.715
77.7552,0.5918,2.5576
77.7554,0.5108,2.2098
77.7556,0.5297,2.2839
77.7558,0.6137,2.6512
77.7560,0.5428,2.344
77.7562,0.5722,2.4674
77.7564,0.6197,2.6709
77.7566,0.6431,2.773
77.7568,0.6439,2.7779
77.7570,0.6413,2.764
77.7572,0.6666,2.873
77.7574,0.6622,2.8579
77.7576,0.6358,2.7414
77.7578,0.6415,2.7637
77.7580,0.7024,3.0219
77.7582,0.7744,3.3361
77.7584,0.7235,3.1185
77.7586,0.65,2.8043
77.7588,0.5894,2.5437
77.7590,0.581,2.5086
77.7592,0.5402,2.3326
77.7594,0.4801,2.0751
77.7596,0.4756,2.0554
77.7598,0.4852,2.0969
77.7600,0.4713,2.0368
77.7602,0.4737,2.0471
77.7604,0.4778,2.0672
77.7606,0.4826,2.086
77.7608,0.4906,2.1173
77.7610,0.498,2.1503
77.7612,0.4991,2.155
77.7614,0.4707,2.0323
77.7616,0.4687,2.024
77.7618,0.4751,2.0505
77.7620,0.4759,2.0551
77.7622,0.5258,2.2705
77.7624,0.5559,2.4004
77.7626,0.5161,2.2285
77.7628,0.496,2.1395
77.7630,0.5683,2.4492
77.7632,0.6039,2.6039
77.7634,0.6096,2.6263
77.7636,0.7036,3.0228
77.7638,0.7825,3.3712
77.7640,0.6861,2.96
77.7642,0.6099,2.6298
77.7644,0.5942,2.5632
77.7646,0.6016,2.5941
77.7648,0.6409,2.7586
77.7650,0.713,3.0659
77.7652,0.7156,3.0772
77.7654,0.8102,3.4873
77.7656,0.7688,3.3072
77.7658,0.7666,3.301
77.7660,0.72,3.0987
77.7662,0.6956,2.9967
77.7664,0.6883,2.9638
77.7666,0.6988,3.0092
77.7668,0.6394,2.757
77.7670,0.608,2.6215
77.7672,0.6042,2.603
77.7674,0.6036,2.6041
77.7676,0.6005,2.5894
77.7678,0.6006,2.5875
77.7680,0.6,2.5862
77.7682,0.601,2.5903
77.7684,0.6795,2.9234
77.7686,0.7441,3.1994
77.7688,0.7423,3.1961
77.7690,0.6982,3.0053
77.7692,0.6979,3.0093
77.7694,0.5731,2.4733
77.7696,0.5409,2.3325
77.7698,0.5639,2.434
77.7700,0.5328,2.2984
77.7702,0.5265,2.2725
77.7704,0.546,2.3574
77.7706,0.5705,2.459
77.7708,0.5669,2.4435
77.7710,0.5809,2.507
77.7712,0.5401,2.3299
77.7714,0.495,2.1374
77.7716,0.422,1.8229
77.7718,0.4111,1.7774
77.7720,0.407,1.7598
77.7722,0.4064,1.7556
77.7724,0.4096,1.7695
77.7726,0.4119,1.7802
77.7728,0.4105,1.7724
77.7730,0.4081,1.7604
77.7732,0.4961,2.1371
77.7734,0.5937,2.56
77.7736,0.5904,2.546
77.7738,0.6485,2.7911
77.7740,0.6606,2.8472
77.7742,0.5565,2.4008
77.7744,0.5145,2.2197
77.7746,0.5114,2.2063
77.7748,0.5069,2.1836
77.7750,0.5388,2.3253
77.7752,0.499,2.1545
77.7754,0.5099,2.1975
77.7756,0.5382,2.3216
77.7758,0.5256,2.2663
77.7760,0.5651,2.4335
77.7762,0.6105,2.6262
77.7764,0.6378,2.7451
77.7766,0.6527,2.8091
77.7768,0.6619,2.8449
77.7770,0.6988,3.0064
77.7772,0.7211,3.1009
77.7774,0.7817,3.3598
77.7776,0.7499,3.2202
77.7778,0.8315,3.567
77.7780,0.8598,3.6901
77.7782,0.8544,3.667
77.7784,0.8559,3.6719
77.7786,0.8945,3.8358
77.7788,0.9739,4.1762
77.7790,0.9939,4.2422
77.7792,1.2363,5.279
77.7794,1.2564,5.3675
77.7796,1.2298,5.2513
77.7798,1.2196,5.2102
77.7800,1.2419,5.313
77.7802,1.1038,4.7286
77.7804,1.0074,4.3237
77.7806,0.9454,4.0538
77.7808,0.9815,4.2105
77.7810,0.8704,3.7394
77.7812,0.8226,3.5339
77.7814,0.8656,3.7205
77.7816,0.8702,3.7366
77.7818,0.8847,3.7954
77.7820,0.9529,4.0862
77.7822,0.9377,4.0228
77.7824,0.8987,3.8592
77.7826,0.8827,3.792
77.7828,0.8742,3.7519
77.7830,0.8611,3.7027
77.7832,0.8125,3.4955
77.7834,0.8342,3.5805
77.7836,0.879,3.7725
77.7838,0.9621,4.1234
77.7840,1.0031,4.3031
77.7842,0.9498,4.0728
77.7844,0.9948,4.2676
77.7846,1.0303,4.4117
77.7848,1.0997,4.7156
77.7850,0.9816,4.213
77.7852,0.9805,4.2025
77.7854,1.0051,4.3139
77.7856,0.8896,3.8272
77.7858,0.7208,3.1066
77.7860,0.6865,2.956
77.7862,0.7204,3.0978
77.7864,0.7412,3.19
77.7866,0.7765,3.3407
77.7868,0.829,3.5678
77.7870,0.7389,3.1802
77.7872,0.6845,2.9486
77.7874,0.659,2.8352
77.7876,0.7315,3.1467
77.7878,0.7712,3.3221
77.7880,0.7655,3.2933
77.7882,0.7331,3.1598
77.7884,0.6369,2.7436
77.7886,0.6893,2.9665
77.7888,0.7259,3.1245
77.7890,0.6681,2.8811
77.7892,0.5978,2.5787
77.7894,0.5936,2.5618
77.7896,0.5794,2.4996
77.7898,0.591,2.5486
77.7900,0.5931,2.5586
77.7902,0.618,2.6649
77.7904,0.6096,2.6324
77.7906,0.524,2.2616
77.7908,0.5154,2.2244
77.7910,0.5155,2.2239
77.7912,0.566,2.4439
77.7914,0.5539,2.3905
77.7916,0.5557,2.3961
77.7918,0.565,2.4364
77.7920,0.6372,2.7464
77.7922,0.6292,2.7143
77.7924,0.5625,2.4255
77.7926,0.5556,2.3966
77.7928,0.5547,2.3964
77.7930,0.5534,2.3896
77.7932,0.5517,2.3801
77.7934,0.5532,2.3863
77.7936,0.5581,2.4086
77.7938,0.5535,2.3867
77.7940,0.5914,2.549
77.7942,0.5927,2.5582
77.7944,0.5587,2.4101
77.7946,0.559,2.4128
77.7948,0.5538,2.3878
77.7950,0.5506,2.3765
77.7952,0.5979,2.5769
77.7954,0.6322,2.7234
77.7956,0.5985,2.5794
77.7958,0.5613,2.4192
77.7960,0.6391,2.7521
77.7962,0.7041,3.0291
77.7964,0.7173,3.0887
77.7966,0.719,3.096
77.7968,0.7104,3.0545
77.7970,0.7445,3.2
77.7972,0.7812,3.3593
77.7974,0.8341,3.585
77.7976,0.8677,3.7241
77.7978,0.8513,3.6587
77.7980,0.8322,3.5751
77.7982,0.8721,3.7466
77.7984,0.8509,3.6537
77.7986,0.8409,3.6093
77.7988,0.8212,3.5326
77.7990,0.7866,3.384
77.7992,0.7896,3.3938
77.7994,0.8411,3.6149
77.7996,0.81,3.4846
77.7998,0.7843,3.3727
77.8000,0.8214,3.5271
77.8002,0.8268,3.5585
77.8004,0.6915,2.9763
77.8006,0.6758,2.9074
77.8008,0.6842,2.949
77.8010,0.6775,2.92
77.8012,0.6762,2.913
77.8014,0.6492,2.7929
77.8016,0.6906,2.9736
77.8018,0.71,3.0544
77.8020,0.7842,3.3722
77.8022,0.7528,3.2401
77.8024,0.7614,3.2818
77.8026,0.6379,2.7508
77.8028,0.6208,2.6731
77.8030,0.6557,2.8286
77.8032,0.6211,2.6746
77.8034,0.6696,2.8806
77.8036,0.7249,3.1198
77.8038,0.7413,3.1876
77.8040,0.7076,3.0469
77.8042,0.7136,3.0742
77.8044,0.6689,2.8828
77.8046,0.5651,2.4403
77.8048,0.5322,2.2947
77.8050,0.5776,2.4884
77.8052,0.6245,2.6891
77.8054,0.6294,2.7115
77.8056,0.5739,2.4746
77.8058,0.5093,2.2
77.8060,0.4868,2.1041
77.8062,0.4831,2.0842
77.8064,0.5117,2.2053
77.8066,0.5973,2.5719
77.8068,0.6089,2.6244
77.8070,0.6074,2.6165
77.8072,0.6274,2.7002
77.8074,0.6577,2.8348
77.8076,0.622,2.6795
77.8078,0.6171,2.6596
77.8080,0.6148,2.651
77.8082,0.6106,2.6292
77.8084,0.6166,2.6538
77.8086,0.694,2.99
77.8088,0.6412,2.7634
77.8090,0.6033,2.6001
77.8092,0.5925,2.5524
77.8094,0.5973,2.5743
77.8096,0.5979,2.5781
77.8098,0.5973,2.5731
77.8100,0.6026,2.5946
77.8102,0.6156,2.6497
77.8104,0.6756,2.905
77.8106,0.7238,3.1108
77.8108,0.7939,3.4123
77.8110,0.7937,3.4145
77.8112,0.6729,2.8964
77.8114,0.7239,3.1128
77.8116,0.765,3.2881
77.8118,0.7737,3.3237
77.8120,0.8207,3.524
77.8122,0.854,3.662
77.8124,0.9472,4.052
77.8126,1.0833,4.643
77.8128,0.9996,4.2862
77.8130,1.0033,4.2961
77.8132,1.0519,4.5062
77.8134,1.0612,4.5441
77.8136,1.0643,4.5575
77.8138,1.0257,4.4024
77.8140,1.0139,4.3413
77.8142,1.0404,4.4548
77.8144,1.0388,4.4502
77.8146,1.0829,4.6414
77.8148,1.054,4.5154
77.8150,1.0423,4.463
77.8152,1.0378,4.4502
77.8154,0.9707,4.1642
77.8156,0.9918,4.2568
77.8158,0.9454,4.0595
77.8160,0.9426,4.0401
77.8162,0.9743,4.1836
77.8164,0.9146,3.9308
77.8166,0.8372,3.6001
77.8168,0.8018,3.4512
77.8170,0.742,3.1907
77.8172,0.7751,3.3361
77.8174,0.8246,3.5459
77.8176,0.8039,3.4599
77.8178,0.7792,3.3443
77.8180,0.8865,3.8049
77.8182,0.8953,3.8443
77.8184,0.919,3.9407
77.8186,0.8395,3.6132
77.8188,0.7781,3.349
77.8190,0.6824,2.9426
77.8192,0.6493,2.7973
77.8194,0.6798,2.9258
77.8196,0.7056,3.0325
77.8198,0.7949,3.418
77.8200,0.8071,3.4723
77.8202,0.7921,3.4078
77.8204,0.8096,3.4815
77.8206,0.7861,3.3867
77.8208,0.6756,2.9131
77.8210,0.6187,2.6668
77.8212,0.6092,2.6267
77.8214,0.607,2.6174
77.8216,0.5921,2.5532
77.8218,0.6578,2.8313
77.8220,0.6954,2.9956
77.8222,0.6562,2.832
77.8224,0.5683,2.4515
77.8226,0.5638,2.4312
77.8228,0.5787,2.4953
77.8230,0.584,2.5181
77.8232,0.6287,2.7084
77.8234,0.6572,2.8366
77.8236,0.5945,2.5648
77.8238,0.618,2.6662
77.8240,0.6005,2.5918
77.8242,0.5638,2.4335
77.8244,0.5127,2.213
77.8246,0.4973,2.1442
77.8248,0.5695,2.4555
77.8250,0.6352,2.7363
77.8252,0.7189,3.0983
77.8254,0.6878,2.9631
77.8256,0.596,2.571
77.8258,0.5528,2.3914
77.8260,0.4205,1.8184
77.8262,0.401,1.7331
77.8264,0.4001,1.7278
77.8266,0.4455,1.9253
77.8268,0.4512,1.9502
77.8270,0.4495,1.9421
77.8272,0.4517,1.9514
77.8274,0.4643,2.0058
77.8276,0.4637,2.0032
77.8278,0.4585,1.98
77.8280,0.4587,1.9796
77.8282,0.4671,2.0149
77.8284,0.5449,2.3495
77.8286,0.5239,2.2622
77.8288,0.4677,2.0175
77.8290,0.5051,2.1789
77.8292,0.541,2.333
77.8294,0.554,2.3877
77.8296,0.5487,2.365
77.8298,0.5458,2.3537
77.8300,0.5521,2.3816
77.8302,0.5591,2.411
77.8304,0.5626,2.4238
77.8306,0.5702,2.4598
77.8308,0.5512,2.3769
77.8310,0.5554,2.3928
77.8312,0.5919,2.5498
77.8314,0.659,2.8352
77.8316,0.6717,2.8939
77.8318,0.6899,2.9636
77.8320,0.7819,3.3639
77.8322,0.64,2.757
77.8324,0.6107,2.6358
77.8326,0.5382,2.3195
77.8328,0.528,2.2745
77.8330,0.5302,2.2875
77.8332,0.5325,2.2952
77.8334,0.5292,2.2797
77.8336,0.5264,2.2709
77.8338,0.5275,2.2756
77.8340,0.5298,2.2833
77.8342,0.5299,2.2838
77.8344,0.5287,2.2808
77.8346,0.5262,2.2689
77.8348,0.5783,2.488
77.8350,0.686,2.9471
77.8352,0.8144,3.4972
77.8354,0.7671,3.3
77.8356,0.6781,2.9213
77.8358,0.6536,2.8093
77.8360,0.7008,3.0189
77.8362,0.6148,2.6485
77.8364,0.5924,2.5531
77.8366,0.5825,2.5084
77.8368,0.5815,2.5037
77.8370,0.6197,2.6684
77.8372,0.6105,2.6324
77.8374,0.5665,2.4403
77.8376,0.637,2.7402
77.8378,0.6903,2.9684
77.8380,0.6793,2.9251
77.8382,0.6156,2.6509
77.8384,0.6106,2.6268
77.8386,0.6535,2.8167
77.8388,0.6221,2.6775
77.8390,0.6642,2.8587
77.8392,0.6655,2.8657
77.8394,0.6306,2.7154
77.8396,0.6439,2.7689
77.8398,0.7222,3.1027
77.8400,0.7176,3.0869
77.8402,0.6538,2.8164
77.8404,0.6157,2.6526
77.8406,0.6233,2.6827
77.8408,0.5801,2.5015
77.8410,0.4948,2.1344
77.8412,0.4879,2.1059
77.8414,0.487,2.0998
77.8416,0.4876,2.1024
77.8418,0.5156,2.2244
77.8420,0.5208,2.2425
77.8422,0.5993,2.5807
77.8424,0.6129,2.639
77.8426,0.6617,2.8465
77.8428,0.6484,2.7893
77.8430,0.6371,2.7382
77.8432,0.6173,2.6606
77.8434,0.5155,2.2228
77.8436,0.5275,2.2735
77.8438,0.5926,2.5482
77.8440,0.736,3.1605
77.8442,0.7443,3.199
77.8444,0.7679,3.299
77.8446,0.7771,3.3371
77.8448,0.7485,3.214
77.8450,0.7692,3.3031
77.8452,0.8336,3.5829
77.8454,0.8188,3.5157
77.8456,0.8648,3.7117
77.8458,0.8364,3.5881
77.8460,0.916,3.926
77.8462,0.9749,4.1744
77.8464,0.985,4.2195
77.8466,0.9688,4.1521
77.8468,0.9836,4.2159
77.8470,0.9932,4.255
77.8472,0.9555,4.0989
77.8474,0.8883,3.8126
77.8476,0.9037,3.8767
77.8478,0.9555,4.0932
77.8480,0.9389,4.0242
77.8482,0.928,3.9793
77.8484,0.9298,3.9907
77.8486,0.893,3.8363
77.8488,0.8324,3.5744
77.8490,0.812,3.4885
77.8492,0.8378,3.601
77.8494,0.8266,3.5525
77.8496,0.8119,3.4864
77.8498,0.8162,3.5066
77.8500,0.8185,3.5164
77.8502,0.8318,3.5769
77.8504,0.8059,3.4607
77.8506,0.8575,3.6855
77.8508,0.7854,3.3742
77.8510,0.8174,3.5101
77.8512,0.9057,3.8836
77.8514,0.9299,3.9949
77.8516,0.8135,3.4931
77.8518,0.815,3.503
77.8520,0.7907,3.3984
77.8522,0.7389,3.1802
77.8524,0.6524,2.8107
77.8526,0.6265,2.6979
77.8528,0.6607,2.845
77.8530,0.6827,2.9409
77.8532,0.665,2.861
77.8534,0.7009,3.018
77.8536,0.6472,2.7893
77.8538,0.5746,2.4766
77.8540,0.5678,2.4483
77.8542,0.5747,2.4771
77.8544,0.5931,2.555
77.8546,0.6601,2.8398
77.8548,0.7309,3.1471
77.8550,0.7366,3.1675
77.8552,0.7817,3.3551
77.8554,0.8513,3.6621
77.8556,0.7426,3.1947
77.8558,0.746,3.2017
77.8560,0.8251,3.5463
77.8562,0.8248,3.5514
77.8564,0.6984,3.0114
77.8566,0.602,2.592
77.8568,0.6522,2.8084
77.8570,0.6701,2.8893
77.8572,0.6173,2.6557
77.8574,0.6466,2.7841
77.8576,0.6292,2.7118
77.8578,0.5717,2.4665
77.8580,0.581,2.5028
77.8582,0.687,2.954
77.8584,0.7453,3.2076
77.8586,0.6361,2.743
77.8588,0.58,2.501
77.8590,0.5861,2.525
77.8592,0.5958,2.5657
77.8594,0.5903,2.5455
77.8596,0.6045,2.6065
77.8598,0.5896,2.5424
77.8600,0.5921,2.5473
77.8602,0.6912,2.9734
77.8604,0.7196,3.1
77.8606,0.5976,2.577
77.8608,0.5419,2.3366
77.8610,0.5326,2.2968
77.8612,0.5368,2.317
77.8614,0.5819,2.5046
77.8616,0.6781,2.924
77.8618,0.5651,2.4346
77.8620,0.6162,2.6535
77.8622,0.6432,2.7684
77.8624,0.6255,2.6932
77.8626,0.6351,2.7345
77.8628,0.64,2.7583
77.8630,0.6418,2.766
77.8632,0.6478,2.7906
77.8634,0.6433,2.7689
77.8636,0.6996,3.0095
77.8638,0.7467,3.2063
77.8640,0.8947,3.8345
77.8642,0.9052,3.8852
77.8644,0.8384,3.6102
77.8646,0.6894,2.9657
77.8648,0.7642,3.283
77.8650,0.7906,3.4011
77.8652,0.7343,3.1562
77.8654,0.7851,3.3726
77.8656,0.7668,3.2928
77.8658,0.7745,3.335
77.8660,0.6512,2.8082
77.8662,0.6247,2.6914
77.8664,0.6175,2.6591
77.8666,0.6162,2.6547
77.8668,0.6196,2.6692
77.8670,0.6191,2.6671
77.8672,0.6171,2.6571
77.8674,0.6193,2.6694
77.8676,0.6161,2.6566
77.8678,0.6143,2.6464
77.8680,0.7056,3.0297
77.8682,0.7661,3.2912
77.8684,0.7733,3.3268
77.8686,0.7286,3.1329
77.8688,0.737,3.169
77.8690,0.6973,2.9997
77.8692,0.6568,2.8319
77.8694,0.5762,2.4856
77.8696,0.5457,2.3531
77.8698,0.5367,2.3154
77.8700,0.5401,2.3299
77.8702,0.5472,2.3582
77.8704,0.5526,2.3837
77.8706,0.5332,2.2994
77.8708,0.5348,2.3061
77.8710,0.5234,2.2559
77.8712,0.5654,2.4357
77.8714,0.6476,2.7875
77.8716,0.6545,2.8169
77.8718,0.6223,2.6786
77.8720,0.6563,2.822
77.8722,0.6628,2.8538
77.8724,0.6474,2.7877
77.8726,0.6854,2.9487
77.8728,0.7029,3.0226
77.8730,0.6913,2.9753
77.8732,0.6286,2.7092
77.8734,0.6304,2.7157
77.8736,0.6217,2.6772
77.8738,0.6046,2.6046
77.8740,0.6052,2.6084
77.8742,0.5216,2.2513
77.8744,0.5267,2.2741
77.8746,0.4925,2.1255
77.8748,0.4877,2.1029
77.8750,0.5215,2.2476
77.8752,0.5185,2.2358
77.8754,0.55,2.3674
77.8756,0.6611,2.8439
77.8758,0.6506,2.8043
77.8760,0.6104,2.6294
77.8762,0.613,2.6395
77.8764,0.6253,2.6902
77.8766,0.6613,2.8436
77.8768,0.7,3.0116
77.8770,0.6737,2.8954
77.8772,0.6924,2.9786
77.8774,0.6518,2.8055
77.8776,0.6671,2.8697
77.8778,0.7623,3.2778
77.8780,0.7214,3.1049
77.8782,0.7252,3.117
77.8784,0.7817,3.3566
77.8786,0.8137,3.4909
77.8788,0.8578,3.6785
77.8790,0.8596,3.693
77.8792,0.8138,3.493
77.8794,0.9326,3.9932
77.8796,1.0045,4.3053
77.8798,0.9537,4.0855
77.8800,0.9652,4.1406
77.8802,0.9357,4.014
77.8804,0.922,3.9535
77.8806,0.948,4.067
77.8808,0.9281,3.9779
77.8810,0.963,4.1294
77.8812,0.97,4.1553
77.8814,0.9911,4.2457
77.8816,1.0043,4.3063
77.8818,0.9117,3.9057
77.8820,0.9839,4.211
77.8822,1.0299,4.4163
77.8824,1.0188,4.3664
77.8826,1.0423,4.4651
77.8828,1.0503,4.4995
77.8830,1.0504,4.5084
77.8832,0.9329,4.0041
77.8834,0.8985,3.8582
77.8836,0.886,3.8046
77.8838,0.8201,3.523
77.8840,0.8653,3.7121
77.8842,0.9315,4.0072
77.8844,0.8376,3.6016
77.8846,0.756,3.254
77.8848,0.7249,3.1169
77.8850,0.7631,3.286
77.8852,0.7375,3.177
77.8854,0.6632,2.8519
77.8856,0.7635,3.286
77.8858,0.7203,3.1002
77.8860,0.7595,3.2705
77.8862,0.7335,3.157
77.8864,0.7384,3.1781
77.8866,0.6795,2.9247
77.8868,0.6556,2.8268
77.8870,0.6112,2.6342
77.8872,0.6324,2.7244
77.8874,0.6011,2.592
77.8876,0.5865,2.5289
77.8878,0.6118,2.6356
77.8880,0.6077,2.6156
77.8882,0.6926,2.9838
77.8884,0.6943,2.9868
77.8886,0.7309,3.15
77.8888,0.5987,2.5877
77.8890,0.4987,2.1554
77.8892,0.4903,2.1162
77.8894,0.5006,2.1597
77.8896,0.4938,2.1322
77.8898,0.4987,2.1534
77.8900,0.543,2.3402
77.8902,0.5771,2.4875
77.8904,0.5434,2.3477
77.8906,0.4774,2.0603
77.8908,0.4765,2.0586
77.8910,0.4837,2.0887
77.8912,0.4925,2.1245
77.8914,0.4964,2.1406
77.8916,0.5105,2.1991
77.8918,0.5687,2.4547
77.8920,0.5135,2.2171
77.8922,0.5101,2.2006
77.8924,0.5299,2.2859
77.8926,0.5203,2.2446
77.8928,0.5117,2.2073
77.8930,0.5193,2.2415
77.8932,0.5163,2.2234
77.8934,0.5382,2.3195
77.8936,0.5255,2.2689
77.8938,0.477,2.0597
77.8940,0.468,2.0218
77.8942,0.4589,1.9806
77.8944,0.443,1.9127
77.8946,0.4341,1.8744
77.8948,0.4356,1.8811
77.8950,0.4488,1.9371
77.8952,0.5402,2.325
77.8954,0.6124,2.6382
77.8956,0.6253,2.6902
77.8958,0.6583,2.8347
77.8960,0.6448,2.7764
77.8962,0.6376,2.7441
77.8964,0.6126,2.6417
77.8966,0.5679,2.4465
77.8968,0.5743,2.4728
77.8970,0.5828,2.5071
77.8972,0.6505,2.7985
77.8974,0.6695,2.8841
77.8976,0.6709,2.8809
77.8978,0.777,3.3366
77.8980,0.7482,3.2205
77.8982,0.6908,2.9691
77.8984,0.7093,3.0499
77.8986,0.6798,2.9231
77.8988,0.6679,2.876
77.8990,0.6294,2.7115
77.8992,0.621,2.6741
77.8994,0.6208,2.6731
77.8996,0.6469,2.7831
77.8998,0.7164,3.0789
77.9000,0.7213,3.1043
77.9002,0.6745,2.9031
77.9004,0.6544,2.819
77.9006,0.6448,2.7764
77.9008,0.6798,2.9285
77.9010,0.5758,2.4841
77.9012,0.5514,2.3752
77.9014,0.6307,2.7147
77.9016,0.672,2.8909
77.9018,0.6873,2.9597
77.9020,0.601,2.5915
77.9022,0.5733,2.4709
77.9024,0.5609,2.4177
77.9026,0.4964,2.1426
77.9028,0.4516,1.95
77.9030,0.4499,1.9409
77.9032,0.4455,1.9218
77.9034,0.4928,2.1231
77.9036,0.5709,2.4583
77.9038,0.5599,2.4142
77.9040,0.5121,2.2094
77.9042,0.553,2.3803
77.9044,0.5954,2.5672
77.9046,0.5769,2.4887
77.9048,0.518,2.2327
77.9050,0.5057,2.1804
77.9052,0.5472,2.3561
77.9054,0.5491,2.3654
77.9056,0.5781,2.487
77.9058,0.6466,2.7828
77.9060,0.6707,2.8865
77.9062,0.6938,2.9806
77.9064,0.7146,3.0783
77.9066,0.5286,2.2803
77.9068,0.4951,2.1349
77.9070,0.4982,2.1484
77.9072,0.4952,2.1364
77.9074,0.4886,2.109
77.9076,0.4872,2.1008
77.9078,0.4874,2.1028
77.9080,0.5301,2.2827
77.9082,0.584,2.5134
77.9084,0.568,2.4493
77.9086,0.5052,2.1774
77.9088,0.4999,2.1566
77.9090,0.4956,2.136
77.9092,0.497,2.1432
77.9094,0.4942,2.1308
77.9096,0.4942,2.1298
77.9098,0.4958,2.138
77.9100,0.5071,2.1856
77.9102,0.5521,2.3761
77.9104,0.5921,2.5497
77.9106,0.5993,2.5819
77.9108,0.5659,2.4366
77.9110,0.5958,2.5597
77.9112,0.7026,3.0196
77.9114,0.7226,3.1071
77.9116,0.71,3.0501
77.9118,0.7502,3.2197
77.9120,0.8198,3.5155
77.9122,0.8756,3.7546
77.9124,0.9101,3.9008
77.9126,0.9233,3.9518
77.9128,0.9633,4.1246
77.9130,0.9806,4.1991
77.9132,0.963,4.1275
77.9134,0.9654,4.1339
77.9136,0.9815,4.2027
77.9138,0.9583,4.1074
77.9140,0.9326,3.9951
77.9142,1.0001,4.2863
77.9144,0.9582,4.1127
77.9146,0.8414,3.6131
77.9148,0.8558,3.6714
77.9150,0.8543,3.6664
77.9152,0.8307,3.5639
77.9154,0.8751,3.7542
77.9156,0.9102,3.905
77.9158,0.9179,3.9361
77.9160,0.9406,4.0332
77.9162,0.9778,4.1829
77.9164,1.0994,4.6964
77.9166,1.1218,4.8079
77.9168,1.0173,4.3623
77.9170,1.0124,4.3352
77.9172,1.0467,4.4778
77.9174,1.1029,4.714
77.9176,1.0776,4.621
77.9178,0.9162,3.9362
77.9180,0.8575,3.6838
77.9182,0.8391,3.5982
77.9184,0.9483,4.0643
77.9186,1.0003,4.2853
77.9188,1.0272,4.3983
77.9190,0.9471,4.0667
77.9192,0.8522,3.6645
77.9194,0.7437,3.2023
77.9196,0.6942,2.9863
77.9198,0.7569,3.2561
77.9200,0.7775,3.3433
77.9202,0.7613,3.2767
77.9204,0.6619,2.8515
77.9206,0.6388,2.748
77.9208,0.6848,2.9461
77.9210,0.7239,3.1171
77.9212,0.6927,2.9801
77.9214,0.7445,3.203
77.9216,0.7304,3.1465
77.9218,0.6622,2.8539
77.9220,0.6565,2.827
77.9222,0.6512,2.8068
77.9224,0.657,2.8303
77.9226,0.6509,2.8014
77.9228,0.6457,2.7805
77.9230,0.6608,2.8482
77.9232,0.6533,2.8169
77.9234,0.5737,2.4725
77.9236,0.5617,2.423
77.9238,0.5655,2.4396
77.9240,0.5707,2.4595
77.9242,0.6138,2.6431
77.9244,0.6142,2.6459
77.9246,0.6835,2.9404
77.9248,0.7444,3.2069
77.9250,0.6373,2.7456
77.9252,0.6685,2.8746
77.9254,0.715,3.0746
77.9256,0.7388,3.1753
77.9258,0.7599,3.2675
77.9260,0.796,3.4179
77.9262,0.8206,3.5267
77.9264,0.7231,3.1208
77.9266,0.5641,2.4322
77.9268,0.5596,2.4142
77.9270,0.5382,2.3216
77.9272,0.5346,2.3072
77.9274,0.5313,2.2911
77.9276,0.5308,2.2901
77.9278,0.5833,2.5115
77.9280,0.687,2.9609
77.9282,0.6133,2.6411
77.9284,0.6267,2.6996
77.9286,0.6239,2.6878
77.9288,0.65,2.7991
77.9290,0.6554,2.8197
77.9292,0.6506,2.8017
77.9294,0.6539,2.8156
77.9296,0.652,2.8086
77.9298,0.6654,2.8612
77.9300,0.7716,3.318
77.9302,0.798,3.4283
77.9304,0.7292,3.1399
77.9306,0.6232,2.6822
77.9308,0.6153,2.6518
77.9310,0.6149,2.6466
77.9312,0.7095,3.0495
77.9314,0.76,3.2771
77.9316,0.6425,2.7691
77.9318,0.6179,2.6619
77.9320,0.6377,2.7446
77.9322,0.6414,2.7645
77.9324,0.6087,2.6234
77.9326,0.6129,2.6415
77.9328,0.6094,2.6253
77.9330,0.6095,2.627
77.9332,0.6066,2.6158
77.9334,0.6075,2.617
77.9336,0.6264,2.6974
77.9338,0.6357,2.7346
77.9340,0.6385,2.7508
77.9342,0.5542,2.3876
77.9344,0.5716,2.4602
77.9346,0.7113,3.0587
77.9348,0.7352,3.1613
77.9350,0.7165,3.0808
77.9352,0.7209,3.1014
77.9354,0.7654,3.2912
77.9356,0.7198,3.0996
77.9358,0.6129,2.639
77.9360,0.6451,2.7766
77.9362,0.6882,2.9605
77.9364,0.7733,3.3237
77.9366,0.754,3.2407
77.9368,0.8062,3.4601
77.9370,0.8963,3.8453
77.9372,0.8599,3.7027
77.9374,0.6353,2.7394
77.9376,0.5906,2.543
77.9378,0.6732,2.8933
77.9380,0.745,3.2065
77.9382,0.6807,2.9313
77.9384,0.6541,2.8179
77.9386,0.5934,2.553
77.9388,0.6741,2.8961
77.9390,0.7957,3.4217
77.9392,0.7985,3.4319
77.9394,0.8026,3.4446
77.9396,0.8674,3.7213
77.9398,0.8804,3.7751
77.9400,0.9104,3.9146
77.9402,0.7339,3.16
77.9404,0.6976,3.0013
77.9406,0.7015,3.0178
77.9408,0.6259,2.7028
77.9410,0.4944,2.1348
77.9412,0.4805,2.0738
77.9414,0.4823,2.0825
77.9416,0.4796,2.0711
77.9418,0.4849,2.092
77.9420,0.4824,2.0801
77.9422,0.4814,2.077
77.9424,0.4805,2.0728
77.9426,0.4848,2.0924
77.9428,0.4896,2.1121
77.9430,0.4862,2.0996
77.9432,0.4991,2.152
77.9434,0.5353,2.3049
77.9436,0.5966,2.5664
77.9438,0.6074,2.6165
77.9440,0.5795,2.4978
77.9442,0.5976,2.5687
77.9444,0.7118,3.0607
77.9446,0.7406,3.1815
77.9448,0.7907,3.3937
77.9450,0.8734,3.7488
77.9452,0.8533,3.6657
77.9454,0.7923,3.3988
77.9456,0.8634,3.6969
77.9458,1.005,4.3033
77.9460,1.0052,4.3124
77.9462,0.9809,4.2021
77.9464,0.9963,4.2644
77.9466,1.079,4.6158
77.9468,1.1097,4.7471
77.9470,1.086,4.6526
77.9472,1.0402,4.4543
77.9474,1.0941,4.6761
77.9476,1.1679,4.9941
77.9478,1.1161,4.786
77.9480,0.9822,4.2136
77.9482,0.9233,3.9574
77.9484,0.9847,4.2185
77.9486,0.9853,4.227
77.9488,0.9585,4.1079
77.9490,1.028,4.404
77.9492,1.0564,4.5278
77.9494,0.9995,4.2897
77.9496,0.9129,3.9199
77.9498,0.8403,3.6118
77.9500,0.8237,3.5451
77.9502,0.7822,3.3603
77.9504,0.8078,3.4689
77.9506,0.9004,3.87
77.9508,0.8366,3.5975
77.9510,0.7594,3.27
77.9512,0.7161,3.0864
77.9514,0.6486,2.7903
77.9516,0.6773,2.9163
77.9518,0.704,3.0342
77.9520,0.6587,2.8415
77.9522,0.6256,2.7
77.9524,0.5771,2.4851
77.9526,0.6812,2.9361
77.9528,0.6456,2.7813
77.9530,0.6601,2.8477
77.9532,0.5927,2.5535
77.9534,0.615,2.652
77.9536,0.6129,2.6427
77.9538,0.599,2.5815
77.9540,0.6129,2.6427
77.9542,0.6187,2.6655
77.9544,0.6692,2.8804
77.9546,0.6475,2.7921
77.9548,0.5976,2.5758
77.9550,0.6594,2.8394
77.9552,0.6755,2.9126
77.9554,0.6179,2.6607
77.9556,0.6932,2.9877
77.9558,0.6511,2.8063
77.9560,0.6156,2.6534
77.9562,0.5854,2.5243
77.9564,0.611,2.632
77.9566,0.6669,2.8719
77.9568,0.6622,2.8512
77.9570,0.6693,2.8889
77.9572,0.5777,2.49
77.9574,0.5817,2.5083
77.9576,0.603,2.5979
77.9578,0.6858,2.9488
77.9580,0.7619,3.2793
77.9582,0.6855,2.9505
77.9584,0.6082,2.6262
77.9586,0.5372,2.3164
77.9588,0.6309,2.719
77.9590,0.5553,2.3978
77.9592,0.4716,2.0374
77.9594,0.4762,2.0551
77.9596,0.4787,2.0651
77.9598,0.4848,2.0924
77.9600,0.4878,2.1053
77.9602,0.4802,2.0747
77.9604,0.4826,2.085
77.9606,0.4747,2.0489
77.9608,0.472,2.037
77.9610,0.4657,2.0092
77.9612,0.5612,2.4165
77.9614,0.6221,2.68
77.9616,0.5738,2.4741
77.9618,0.5536,2.3884
77.9620,0.5547,2.393
77.9622,0.5509,2.3754
77.9624,0.5461,2.3525
77.9626,0.5557,2.3972
77.9628,0.5572,2.4028
77.9630,0.5669,2.4401
77.9632,0.6171,2.6546
77.9634,0.6805,2.9302
77.9636,0.6659,2.8632
77.9638,0.7221,3.1065
77.9640,0.6722,2.9
77.9642,0.5775,2.4913
77.9644,0.5577,2.4026
77.9646,0.6571,2.8256
77.9648,0.6901,2.9715
77.9650,0.6598,2.8409
77.9652,0.6117,2.6351
77.9654,0.5386,2.3226
77.9656,0.5358,2.3113
77.9658,0.5401,2.3299
77.9660,0.5478,2.3586
77.9662,0.606,2.6096
77.9664,0.643,2.7673
77.9666,0.6605,2.8414
77.9668,0.6878,2.9562
77.9670,0.6853,2.9536
77.9672,0.5533,2.3868
77.9674,0.5371,2.3148
77.9676,0.5292,2.2797
77.9678,0.6132,2.6393
77.9680,0.6201,2.6725
77.9682,0.5992,2.579
77.9684,0.606,2.612
77.9686,0.5967,2.5729
77.9688,0.5666,2.4431
77.9690,0.5765,2.486
77.9692,0.512,2.2089
77.9694,0.4663,2.0127
77.9696,0.4559,1.9659
77.9698,0.4966,2.1392
77.9700,0.5666,2.4431
77.9702,0.5204,2.244
77.9704,0.5167,2.227
77.9706,0.5419,2.3377
77.9708,0.5148,2.2197
77.9710,0.5143,2.2166
77.9712,0.5328,2.2962
77.9714,0.5894,2.5378
77.9716,0.5998,2.5827
77.9718,0.5879,2.5304
77.9720,0.6494,2.7978
77.9722,0.6428,2.7668
77.9724,0.6099,2.6273
77.9726,0.5642,2.4339
77.9728,0.5052,2.1804
77.9730,0.4802,2.0708
77.9732,0.4732,2.0403
77.9734,0.472,2.0361
77.9736,0.4766,2.0563
77.9738,0.4841,2.0874
77.9740,0.4751,2.0495
77.9742,0.4711,2.0344
77.9744,0.472,2.0361
77.9746,0.475,2.0471
77.9748,0.5103,2.1965
77.9750,0.6059,2.6115
77.9752,0.546,2.3498
77.9754,0.5764,2.482
77.9756,0.6123,2.6364
77.9758,0.6149,2.6466
77.9760,0.6147,2.6443
77.9762,0.661,2.8434
77.9764,0.6463,2.7792
77.9766,0.6789,2.9222
77.9768,0.6127,2.636
77.9770,0.6729,2.8896
77.9772,0.7523,3.235
77.9774,0.689,2.9641
77.9776,0.708,3.0442
77.9778,0.7516,3.2274
77.9780,0.7706,3.3088
77.9782,0.7851,3.3663
77.9784,0.8421,3.6128
77.9786,0.8174,3.5101
77.9788,0.8572,3.6742
77.9790,0.9865,4.2223
77.9792,1.0076,4.3166
77.9794,1.0028,4.2981
77.9796,0.9901,4.2377
77.9798,1.0264,4.3911
77.9800,1.0677,4.5697
77.9802,1.0797,4.6232
77.9804,1.0876,4.6506
77.9806,1.1394,4.8744
77.9808,1.1045,4.7295
77.9810,1.1007,4.7043
77.9812,1.1515,4.9285
77.9814,1.0791,4.6228
77.9816,0.968,4.1529
77.9818,0.8219,3.5308
77.9820,0.8117,3.487
77.9822,0.8559,3.6771
77.9824,0.8276,3.5538
77.9826,0.8184,3.5175
77.9828,0.8192,3.5194
77.9830,0.8335,3.5774
77.9832,0.7906,3.3995
77.9834,0.7571,3.2541
77.9836,0.7953,3.4196
77.9838,0.7889,3.3923
77.9840,0.7661,3.2989
77.9842,0.7155,3.0767
77.9844,0.7696,3.3062
77.9846,0.8098,3.4804
77.9848,0.7502,3.2227
77.9850,0.7888,3.387
77.9852,0.8162,3.5115
77.9854,0.7662,3.2963
77.9856,0.7578,3.2572
77.9858,0.7367,3.168
77.9860,0.7522,3.236
77.9862,0.7292,3.1355
77.9864,0.7155,3.0796
77.9866,0.7028,3.0235
77.9868,0.7383,3.1791
77.9870,0.6735,2.9003
77.9872,0.6803,2.9292
77.9874,0.6759,2.912
77.9876,0.702,3.0184
77.9878,0.7485,3.217
77.9880,0.7409,3.1875
77.9882,0.7065,3.0437
77.9884,0.6448,2.7815
77.9886,0.5612,2.4187
77.9888,0.5576,2.4043
77.9890,0.5697,2.4554
77.9892,0.631,2.7182
77.9894,0.5951,2.565
77.9896,0.5662,2.4382
77.9898,0.6033,2.6001
77.9900,0.605,2.6098
77.9902,0.596,2.5674
77.9904,0.605,2.6074
77.9906,0.5937,2.56
77.9908,0.5885,2.5366
77.9910,0.5856,2.5206
77.9912,0.6654,2.8612
77.9914,0.7227,3.1105
77.9916,0.7111,3.0605
77.9918,0.6661,2.8709
77.9920,0.6175,2.6641
77.9922,0.5769,2.4864
77.9924,0.5297,2.286
77.9926,0.4902,2.1167
77.9928,0.4866,2.0992
77.9930,0.537,2.3143
77.9932,0.5354,2.3087
77.9934,0.5293,2.2834
77.9936,0.5352,2.3098
77.9938,0.5353,2.3082
77.9940,0.5544,2.3904
77.9942,0.5402,2.3294
77.9944,0.5611,2.4126
77.9946,0.7703,3.3077
77.9948,0.8379,3.5965
77.9950,0.7929,3.4093
77.9952,0.7101,3.0549
77.9954,0.7207,3.1003
77.9956,0.7457,3.2052
77.9958,0.7433,3.1963
77.9960,0.7492,3.2216
77.9962,0.7418,3.1881
77.9964,0.7799,3.352
77.9966,0.7371,3.1695
77.9968,0.748,3.2164
77.9970,0.7438,3.1999
77.9972,0.7494,3.2211
77.9974,0.7718,3.3216
77.9976,0.704,3.0272
77.9978,0.7563,3.2445
77.9980,0.8525,3.6638
77.9982,0.8162,3.5082
77.9984,0.8041,3.4545
77.9986,0.7734,3.3288
77.9988,0.7339,3.1556
77.9990,0.806,3.4596
77.9992,0.7811,3.3588
77.9994,0.6963,3.0012
77.9996,0.6401,2.7562
77.9998,0.6299,2.7136
78.0000,0.6494,2.7978
78.0002,0.6443,2.7743
78.0004,0.6408,2.7593
78.0006,0.6691,2.8812
78.0008,0.5791,2.4888
78.0010,0.7798,3.3484
78.0012,0.816,3.5072
78.0014,0.7243,3.1187
78.0016,0.7005,3.0179
78.0018,0.6364,2.7428
78.0020,0.5635,2.4285
78.0022,0.5497,2.3702
78.0024,0.5506,2.3754
78.0026,0.5552,2.3918
78.0028,0.5562,2.3981
78.0030,0.5824,2.5114
78.0032,0.5719,2.4624
78.0034,0.6156,2.6534
78.0036,0.5885,2.5413
78.0038,0.5344,2.3045
78.0040,0.544,2.3448
78.0042,0.5538,2.3833
78.0044,0.6756,2.9091
78.0046,0.6017,2.5922
78.0048,0.591,2.5474
78.0050,0.6382,2.7467
78.0052,0.6833,2.938
78.0054,0.6835,2.9418
78.0056,0.6436,2.7751
78.0058,0.6058,2.6098
78.0060,0.6062,2.6089
78.0062,0.6582,2.8342
78.0064,0.6629,2.8543
78.0066,0.6722,2.8906
78.0068,0.703,3.0273
78.0070,0.652,2.8047
78.0072,0.7078,3.0494
78.0074,0.5789,2.4964
78.0076,0.4943,2.1333
78.0078,0.4859,2.0961
78.0080,0.4838,2.0873
78.0082,0.4829,2.0832
78.0084,0.5504,2.3766
78.0086,0.4949,2.1349
78.0088,0.4837,2.0868
78.0090,0.5051,2.1779
78.0092,0.5547,2.3919
78.0094,0.5156,2.2234
78.0096,0.4948,2.1334
78.0098,0.5233,2.2575
78.0100,0.5606,2.4139
78.0102,0.6181,2.6617
78.0104,0.5997,2.5834
78.0106,0.5845,2.5178
78.0108,0.6407,2.7537
78.0110,0.7088,3.0464
78.0112,0.7327,3.146
78.0114,0.7932,3.4092
78.0116,0.769,3.3051
78.0118,0.7853,3.3737
78.0120,0.7888,3.3823
78.0122,0.9381,4.0187
78.0124,1.0085,4.3182
78.0126,0.9859,4.2217
78.0128,1.0118,4.3366
78.0130,0.9775,4.1916
78.0132,0.9647,4.1366
78.0134,0.9811,4.207
78.0136,0.9438,4.0433
78.0138,0.9571,4.1042
78.0140,0.967,4.1444
78.0142,0.9752,4.1818
78.0144,0.9721,4.1626
78.0146,0.9882,4.2295
78.0148,1.1338,4.8525
78.0150,1.0875,4.6588
78.0152,1.0107,4.328
78.0154,1.0685,4.5733
78.0156,1.0974,4.6948
78.0158,1.0778,4.6107
78.0160,1.0724,4.6005
78.0162,0.9102,3.9123
78.0164,0.7692,3.3108
78.0166,0.6902,2.9721
78.0168,0.7064,3.0403
78.0170,0.704,3.03
78.0172,0.6637,2.8579
78.0174,0.6799,2.9263
78.0176,0.7071,3.0463
78.0178,0.6761,2.9111
78.0180,0.6823,2.938
78.0182,0.7397,3.1794
78.0184,0.789,3.3944
78.0186,0.7256,3.1258
78.0188,0.658,2.8318
78.0190,0.7695,3.3072
78.0192,0.7997,3.4387
78.0194,0.7605,3.2746
78.0196,0.7596,3.2695
78.0198,0.704,3.03
78.0200,0.7042,3.0296
78.0202,0.751,3.2338
78.0204,0.6974,3.0016
78.0206,0.6833,2.9407
78.0208,0.687,2.9567
78.0210,0.7149,3.0784
78.0212,0.7182,3.0866
78.0214,0.772,3.318
78.0216,0.7412,3.19
78.0218,0.6328,2.726
78.0220,0.5804,2.5026
78.0222,0.5498,2.374
78.0224,0.5081,2.1898
78.0226,0.5656,2.4367
78.0228,0.6375,2.7487
78.0230,0.5696,2.4572
78.0232,0.5141,2.2146
78.0234,0.5568,2.4029
78.0236,0.5064,2.1846
78.0238,0.5033,2.1721
78.0240,0.5156,2.2203
78.0242,0.6133,2.6472
78.0244,0.5064,2.1856
78.0246,0.5114,2.2063
78.0248,0.5573,2.3999
78.0250,0.6269,2.7044
78.0252,0.5167,2.2321
78.0254,0.4212,1.8206
78.0256,0.4081,1.7636
78.0258,0.4384,1.893
78.0260,0.4615,1.9911
78.0262,0.5256,2.2663
78.0264,0.5402,2.3261
78.0266,0.5827,2.5112
78.0268,0.5716,2.4637
78.0270,0.5269,2.273
78.0272,0.5071,2.1846
78.0274,0.6114,2.6365
78.0276,0.5962,2.5708
78.0278,0.5749,2.4788
78.0280,0.5542,2.3898
78.0282,0.5552,2.3929
78.0284,0.56,2.4135
78.0286,0.5589,2.4078
78.0288,0.5534,2.384
78.0290,0.5673,2.4439
78.0292,0.6234,2.6845
78.0294,0.6861,2.9518
78.0296,0.7269,3.1242
78.0298,0.7843,3.3758
78.0300,0.6334,2.7298
78.0302,0.5617,2.4197
78.0304,0.5623,2.4245
78.0306,0.5606,2.4139
78.0308,0.6839,2.9406
78.0310,0.6515,2.8092
78.0312,0.5527,2.3842
78.0314,0.546,2.3542
78.0316,0.5409,2.3303
78.0318,0.5344,2.3035
78.0320,0.5264,2.2688
78.0322,0.5739,2.4724
78.0324,0.6099,2.631
78.0326,0.5751,2.4787
78.0328,0.5312,2.2895
78.0330,0.5275,2.2756
78.0332,0.5484,2.3656
78.0334,0.5191,2.2363
78.0336,0.5545,2.3876
78.0338,0.4577,1.9754
78.0340,0.4847,2.089
78.0342,0.5517,2.3746
78.0344,0.6163,2.654
78.0346,0.6426,2.7658
78.0348,0.671,2.8854
78.0350,0.6762,2.9116
78.0352,0.6121,2.6347
78.0354,0.6016,2.5905
78.0356,0.5973,2.5731
78.0358,0.6119,2.6349
78.0360,0.588,2.5333
78.0362,0.6232,2.6859
78.0364,0.5569,2.399
78.0366,0.5589,2.4044
78.0368,0.6215,2.6762
78.0370,0.6141,2.6454
78.0372,0.6119,2.6361
78.0374,0.63,2.7128
78.0376,0.5985,2.5771
78.0378,0.6452,2.7758
78.0380,0.6967,2.9944
78.0382,0.7235,3.1084
78.0384,0.7354,3.1623
78.0386,0.6486,2.7929
78.0388,0.6089,2.622
78.0390,0.6267,2.6996
78.0392,0.5972,2.5702
78.0394,0.6534,2.8122
78.0396,0.6279,2.7073
78.0398,0.5075,2.1882
78.0400,0.4879,2.102
78.0402,0.5,2.1561
78.0404,0.501,2.1613
78.0406,0.4939,2.1317
78.0408,0.4932,2.1277
78.0410,0.494,2.1303
78.0412,0.497,2.1442
78.0414,0.4948,2.1344
78.0416,0.4876,2.1024
78.0418,0.4846,2.0894
78.0420,0.4784,2.065
78.0422,0.4882,2.103
78.0424,0.5412,2.3313
78.0426,0.5635,2.4297
78.0428,0.5199,2.2388
78.0430,0.5606,2.4116
78.0432,0.6174,2.6586
78.0434,0.5822,2.508
78.0436,0.5769,2.4818
78.0438,0.6398,2.7488
78.0440,0.7196,3.0914
78.0442,0.7938,3.4102
78.0444,0.7616,3.2732
78.0446,0.7389,3.1743
78.0448,0.7836,3.3649
78.0450,0.8214,3.5205
78.0452,0.9309,3.986
78.0454,1.0074,4.3156
78.0456,0.9835,4.2173
78.0458,0.8991,3.8607
78.0460,0.8385,3.5957
78.0462,0.89,3.818
78.0464,0.8869,3.8064
78.0466,0.8897,3.8099
78.0468,0.9358,4.0108
78.0470,0.9473,4.0582
78.0472,0.9685,4.1492
78.0474,0.9865,4.2282
78.0476,0.9515,4.0781
78.0478,1.0031,4.2931
78.0480,1.0272,4.3983
78.0482,0.977,4.1896
78.0484,0.9445,4.0464
78.0486,1.0167,4.3618
78.0488,0.9708,4.1686
78.0490,0.8359,3.591
78.0492,0.7612,3.2747
78.0494,0.762,3.2768
78.0496,0.759,3.2654
78.0498,0.6884,2.9616
78.0500,0.6422,2.7642
78.0502,0.6415,2.7611
78.0504,0.6804,2.9297
78.0506,0.6967,2.9999
78.0508,0.701,3.0143
78.0510,0.7249,3.1111
78.0512,0.7975,3.4278
78.0514,0.8099,3.4793
78.0516,0.7919,3.4052
78.0518,0.7195,3.0966
78.0520,0.6671,2.8751
78.0522,0.6707,2.8892
78.0524,0.6636,2.8548
78.0526,0.7023,3.02
78.0528,0.7552,3.2504
78.0530,0.7225,3.1081
78.0532,0.7425,3.1927
78.0534,0.6908,2.9746
78.0536,0.5968,2.571
78.0538,0.6282,2.7051
78.0540,0.6352,2.7338
78.0542,0.718,3.089
78.0544,0.7011,3.0176
78.0546,0.6545,2.8156
78.0548,0.6864,2.95
78.0550,0.7534,3.2396
78.0552,0.7731,3.3242
78.0554,0.7726,3.3206
78.0556,0.7547,3.2468
78.0558,0.7365,3.1728
78.0560,0.6454,2.7802
78.0562,0.5798,2.4977
78.0564,0.5723,2.4656
78.0566,0.5765,2.4849
78.0568,0.5996,2.5853
78.0570,0.6265,2.6954
78.0572,0.6782,2.9204
78.0574,0.6644,2.8597
78.0576,0.6948,2.9861
78.0578,0.7421,3.1867
78.0580,0.827,3.5496
78.0582,0.8023,3.45
78.0584,0.7626,3.2778
78.0586,0.8119,3.488
78.0588,0.8262,3.5477
78.0590,0.8473,3.6451
78.0592,0.7215,3.1097
78.0594,0.6166,2.6575
78.0596,0.5939,2.5551
78.0598,0.6202,2.6705
78.0600,0.5961,2.5691
78.0602,0.5937,2.56
78.0604,0.6638,2.8518
78.0606,0.809,3.4757
78.0608,0.7407,3.188
78.0610,0.6598,2.8422
78.0612,0.6372,2.7438
78.0614,0.6239,2.6853
78.0616,0.6312,2.7193
78.0618,0.6509,2.8014
78.0620,0.6948,2.9861
78.0622,0.7364,3.1679
78.0624,0.7201,3.1006
78.0626,0.6707,2.8865
78.0628,0.6589,2.8333
78.0630,0.6674,2.8726
78.0632,0.6672,2.8729
78.0634,0.6827,2.9382
78.0636,0.751,3.2278
78.0638,0.8117,3.4854
78.0640,0.857,3.6834
78.0642,0.7783,3.3484
78.0644,0.6859,2.9535
78.0646,0.6689,2.8815
78.0648,0.6672,2.8716
78.0650,0.7035,3.0237
78.0652,0.7463,3.2137
78.0654,0.754,3.2452
78.0656,0.6865,2.9533
78.0658,0.6757,2.9082
78.0660,0.6755,2.9072
78.0662,0.6804,2.9284
78.0664,0.6775,2.92
78.0666,0.6607,2.8424
78.0668,0.7143,3.0773
78.0670,0.6379,2.7444
78.0672,0.7516,3.2274
78.0674,0.8329,3.5748
78.0676,0.9268,3.9704
78.0678,0.9274,3.9878
78.0680,0.7601,3.2685
78.0682,0.7207,3.1061
78.0684,0.6277,2.7043
78.0686,0.6395,2.7524
78.0688,0.7188,3.0892
78.0690,0.7631,3.2799
78.0692,0.774,3.3268
78.0694,0.7895,3.3964
78.0696,0.7574,3.2582
78.0698,0.7479,3.2174
78.0700,0.7548,3.2458
78.0702,0.6963,2.997
78.0704,0.6798,2.9231
78.0706,0.8406,3.6111
78.0708,0.7647,3.2866
78.0710,0.79,3.3937
78.0712,0.8365,3.5919
78.0714,0.7993,3.4419
78.0716,0.6794,2.9283
78.0718,0.6636,2.8574
78.0720,0.6726,2.8948
78.0722,0.6761,2.9125
78.0724,0.661,2.8434
78.0726,0.6572,2.8327
78.0728,0.644,2.7746
78.0730,0.65,2.7978
78.0732,0.6596,2.8417
78.0734,0.6488,2.7965
78.0736,0.6475,2.7843
78.0738,0.781,3.3535
78.0740,0.8071,3.4723
78.0742,0.7138,3.0695
78.0744,0.713,3.0673
78.0746,0.7624,3.2798
78.0748,0.7857,3.3768
78.0750,0.7871,3.383
78.0752,0.7871,3.3845
78.0754,0.7702,3.3118
78.0756,0.7393,3.1788
78.0758,0.7674,3.3
78.0760,0.8074,3.4668
78.0762,0.8158,3.5094
78.0764,0.8032,3.4472
78.0766,0.9297,3.9865
78.0768,0.9857,4.2305
78.0770,0.8736,3.7476
78.0772,0.9164,3.9294
78.0774,0.9597,4.1092
78.0776,1.0937,4.6942
78.0778,0.978,4.1956
78.0780,0.9582,4.1184
78.0782,0.8586,3.6833
78.0784,0.8959,3.8468
78.0786,0.8383,3.603
78.0788,0.8393,3.6055
78.0790,0.8071,3.4706
78.0792,0.8655,3.7217
78.0794,0.8346,3.5904
78.0796,0.8393,3.6021
78.0798,0.9202,3.9477
78.0800,0.9399,4.0377
78.0802,0.9021,3.8682
78.0804,0.9441,4.05
78.0806,0.9603,4.1195
78.0808,1.0087,4.3253
78.0810,1.021,4.3762
78.0812,0.9992,4.2867
78.0814,1.0023,4.3021
78.0816,0.9809,4.206
78.0818,0.9949,4.2622
78.0820,1.055,4.5153
78.0822,1.1006,4.7126
78.0824,1.1173,4.7934
78.0826,1.0062,4.3246
78.0828,0.9462,4.0593
78.0830,0.9567,4.1098
78.0832,0.9056,3.8922
78.0834,0.8336,3.5913
78.0836,0.7503,3.2277
78.0838,0.795,3.417
78.0840,0.8873,3.8174
78.0842,0.831,3.5699
78.0844,0.8492,3.6516
78.0846,0.8531,3.6698
78.0848,0.8525,3.6638
78.0850,0.8168,3.5124
78.0852,0.7837,3.3732
78.0854,0.7882,3.3876
78.0856,0.8716,3.7515
78.0858,0.798,3.4331
78.0860,0.7775,3.3433
78.0862,0.7849,3.38
78.0864,0.6815,2.9371
78.0866,0.6566,2.8262
78.0868,0.7208,3.1052
78.0870,0.7134,3.0703
78.0872,0.7889,3.3923
78.0874,0.7847,3.3789
78.0876,0.7322,3.1542
78.0878,0.6564,2.8343
78.0880,0.5654,2.4368
78.0882,0.5811,2.5068
78.0884,0.5798,2.5011
78.0886,0.6026,2.6018
78.0888,0.529,2.2855
78.0890,0.5184,2.2394
78.0892,0.509,2.199
78.0894,0.5326,2.3
78.0896,0.5229,2.2559
78.0898,0.5432,2.3412
78.0900,0.6226,2.6883
78.0902,0.5355,2.3145
78.0904,0.4933,2.1272
78.0906,0.5418,2.3415
78.0908,0.5432,2.3445
78.0910,0.537,2.3175
78.0912,0.4872,2.1037
78.0914,0.469,2.026
78.0916,0.466,2.013
78.0918,0.4643,2.0048
78.0920,0.476,2.0575
78.0922,0.4805,2.0767
78.0924,0.465,2.007
78.0926,0.4656,2.0115
78.0928,0.4527,1.9555
78.0930,0.4636,2.0017
78.0932,0.4661,2.0126
78.0934,0.4542,1.9623
78.0936,0.469,2.0232
78.0938,0.5314,2.2895
78.0940,0.5993,2.5855
78.0942,0.6112,2.633
78.0944,0.6148,2.6485
78.0946,0.6341,2.7279
78.0948,0.6988,3.0078
78.0950,0.7291,3.1364
78.0952,0.7287,3.1349
78.0954,0.7203,3.1002
78.0956,0.7219,3.1084
78.0958,0.6677,2.8723
78.0960,0.7554,3.2529
78.0962,0.7264,3.1222
78.0964,0.8118,3.4826
78.0966,0.8394,3.611
78.0968,0.7485,3.22
78.0970,0.7384,3.1737
78.0972,0.8301,3.568
78.0974,0.7893,3.397
78.0976,0.7098,3.0534
78.0978,0.772,3.3165
78.0980,0.8209,3.525
78.0982,0.8116,3.4849
78.0984,0.8298,3.5631
78.0986,0.8112,3.4914
78.0988,0.7246,3.1231
78.0990,0.6316,2.7234
78.0992,0.6028,2.5968
78.0994,0.611,2.632
78.0996,0.5992,2.5837
78.0998,0.5914,2.5501
78.1000,0.6703,2.889
78.1002,0.5969,2.5739
78.1004,0.6108,2.6351
78.1006,0.5767,2.4819
78.1008,0.6629,2.8557
78.1010,0.6492,2.7968
78.1012,0.6166,2.6563
78.1014,0.5798,2.4988
78.1016,0.5794,2.4961
78.1018,0.5871,2.5315
78.1020,0.5414,2.3367
78.1022,0.5564,2.4003
78.1024,0.5719,2.467
78.1026,0.5428,2.3407
78.1028,0.5901,2.5433
78.1030,0.6261,2.6983
78.1032,0.5626,2.426
78.1034,0.5505,2.3749
78.1036,0.549,2.3671
78.1038,0.5675,2.445
78.1040,0.6028,2.5932
78.1042,0.6521,2.8052
78.1044,0.6427,2.7663
78.1046,0.6005,2.5894
78.1048,0.5385,2.3221
78.1050,0.5464,2.3551
78.1052,0.6005,2.5858
78.1054,0.63,2.7141
78.1056,0.6251,2.6929
78.1058,0.6179,2.6632
78.1060,0.5558,2.3955
78.1062,0.5268,2.2714
78.1064,0.527,2.2725
78.1066,0.5277,2.2756
78.1068,0.5889,2.5369
78.1070,0.6191,2.6659
78.1072,0.6396,2.7542
78.1074,0.6541,2.8153
78.1076,0.6564,2.8304
78.1078,0.5419,2.3366
78.1080,0.53,2.2854
78.1082,0.5253,2.2663
78.1084,0.5304,2.2859
78.1086,0.5711,2.4628
78.1088,0.5337,2.3025
78.1090,0.5384,2.3227
78.1092,0.5553,2.3923
78.1094,0.5945,2.56
78.1096,0.6309,2.7139
78.1098,0.6775,2.9173
78.1100,0.6795,2.9166
78.1102,0.7755,3.3314
78.1104,0.7896,3.3954
78.1106,0.7668,3.2959
78.1108,0.8138,3.4914
78.1110,0.8683,3.7284
78.1112,0.8773,3.7582
78.1114,1.0238,4.3819
78.1116,1.0791,4.6163
78.1118,1.0934,4.6774
78.1120,1.0888,4.6622
78.1122,1.0599,4.5406
78.1124,1.0497,4.4907
78.1126,1.0954,4.6883
78.1128,1.0317,4.4178
78.1130,1.0446,4.4728
78.1132,1.0491,4.5007
78.1134,0.9153,3.9302
78.1136,0.8919,3.8227
78.1138,0.9473,4.0677
78.1140,0.9436,4.0518
78.1142,0.9264,3.9726
78.1144,0.9194,3.9422
78.1146,0.9863,4.2272
78.1148,1.0069,4.3115
78.1150,1.0591,4.537
78.1152,1.0637,4.5613
78.1154,1.007,4.3141
78.1156,1.0154,4.35
78.1158,0.9832,4.2236
78.1160,0.8656,3.7205
78.1162,0.7667,3.3015
78.1164,0.7312,3.1516
78.1166,0.7047,3.0331
78.1168,0.7739,3.3247
78.1170,0.8923,3.8332
78.1172,0.8689,3.731
78.1174,0.833,3.5754
78.1176,0.9734,4.1702
78.1178,1.024,4.3891
78.1180,0.9531,4.0982
78.1182,0.8537,3.6741
78.1184,0.8069,3.468
78.1186,0.8087,3.4773
78.1188,0.7817,3.3676
78.1190,0.7351,3.1578
78.1192,0.7906,3.3995
78.1194,0.7879,3.3913
78.1196,0.7821,3.3644
78.1198,0.7929,3.4077
78.1200,0.7623,3.2824
78.1202,0.7435,3.1983
78.1204,0.7839,3.3753
78.1206,0.7068,3.0461
78.1208,0.6069,2.6156
78.1210,0.6068,2.6139
78.1212,0.6523,2.8141
78.1214,0.6571,2.8309
78.1216,0.712,3.066
78.1218,0.7002,3.0135
78.1220,0.7252,3.1243
78.1222,0.6463,2.7857
78.1224,0.6548,2.8237
78.1226,0.6106,2.6329
78.1228,0.5997,2.587
78.1230,0.5879,2.5375
78.1232,0.5843,2.5208
78.1234,0.593,2.5557
78.1236,0.6245,2.6891
78.1238,0.6787,2.9252
78.1240,0.5798,2.5023
78.1242,0.5229,2.257
78.1244,0.528,2.2787
78.1246,0.5654,2.4413
78.1248,0.5572,2.4028
78.1250,0.5573,2.4011
78.1252,0.6208,2.6706
78.1254,0.7246,3.1173
78.1256,0.6871,2.9586
78.1258,0.6112,2.6391
78.1260,0.5689,2.4541
78.1262,0.5655,2.4385
78.1264,0.5653,2.4385
78.1266,0.6261,2.6946
78.1268,0.7439,3.1989
78.1270,0.7684,3.3041
78.1272,0.7722,3.3206
78.1274,0.7508,3.2313
78.1276,0.6812,2.9333
78.1278,0.6773,2.9176
78.1280,0.6759,2.9066
78.1282,0.7271,3.1253
78.1284,0.8098,3.4787
78.1286,0.8532,3.6652
78.1288,0.8533,3.6674
78.1290,0.7281,3.1352
78.1292,0.6848,2.9502
78.1294,0.6744,2.9039
78.1296,0.6726,2.8988
78.1298,0.669,2.8793
78.1300,0.6715,2.8928
78.1302,0.7096,3.05
78.1304,0.8397,3.6042
78.1306,0.8299,3.5669
78.1308,0.7401,3.1868
78.1310,0.7082,3.0495
78.1312,0.6764,2.9127
78.1314,0.6674,2.8739
78.1316,0.6803,2.9319
78.1318,0.6829,2.9392
78.1320,0.7054,3.0362
78.1322,0.6586,2.8357
78.1324,0.662,2.8481
78.1326,0.7034,3.0303
78.1328,0.6129,2.6427
78.1330,0.5882,2.5374
78.1332,0.5669,2.4469
78.1334,0.5568,2.3963
78.1336,0.6789,2.9222
78.1338,0.7125,3.0681
78.1340,0.7342,3.1586
78.1342,0.746,3.2107
78.1344,0.7265,3.127
78.1346,0.7684,3.3026
78.1348,0.757,3.2566
78.1350,0.7182,3.0924
78.1352,0.7065,3.0352
78.1354,0.8003,3.4381
78.1356,0.7726,3.3237
78.1358,0.7246,3.1188
78.1360,0.7074,3.0473
78.1362,0.6581,2.8337
78.1364,0.7042,3.0325
78.1366,0.7375,3.174
78.1368,0.7684,3.2979
78.1370,0.8873,3.812
78.1372,0.8678,3.7211
78.1374,0.9583,4.1093
78.1376,0.9796,4.2043
78.1378,0.866,3.7273
78.1380,0.6738,2.904
78.1382,0.6323,2.7252
78.1384,0.6418,2.766
78.1386,0.64,2.7544
78.1388,0.658,2.8318
78.1390,0.6233,2.6889
78.1392,0.5508,2.3793
78.1394,0.5294,2.2849
78.1396,0.5259,2.2689
78.1398,0.5295,2.2855
78.1400,0.5308,2.2911
78.1402,0.5693,2.4504
78.1404,0.6553,2.8192
78.1406,0.6403,2.7624
78.1408,0.5527,2.3864
78.1410,0.5365,2.3123
78.1412,0.5922,2.5549
78.1414,0.5273,2.2756
78.1416,0.5225,2.2549
78.1418,0.5344,2.3067
78.1420,0.5349,2.3066
78.1422,0.5336,2.3009
78.1424,0.5332,2.3015
78.1426,0.5467,2.3573
78.1428,0.5829,2.5099
78.1430,0.6401,2.7549
78.1432,0.6737,2.9008
78.1434,0.6881,2.9586
78.1436,0.761,3.2676
78.1438,0.8016,3.4453
78.1440,0.7783,3.3484
78.1442,0.7776,3.3422
78.1444,0.8194,3.5167
78.1446,0.8692,3.7308
78.1448,0.9465,4.0528
78.1450,1.0414,4.4594
78.1452,1.0564,4.5236
78.1454,0.9915,4.2498
78.1456,0.9919,4.2493
78.1458,1.0363,4.4373
78.1460,1.0607,4.5421
78.1462,1.054,4.5218
78.1464,0.9965,4.2649
78.1466,1.0902,4.6706
78.1468,1.021,4.3742
78.1470,1.0466,4.4794
78.1472,1.0601,4.5374
78.1474,1.1002,4.7132
78.1476,1.116,4.7788
78.1478,1.1671,4.9952
78.1480,1.1334,4.851
78.1482,1.1492,4.921
78.1484,1.0375,4.4466
78.1486,1.0323,4.4266
78.1488,1.034,4.4359
78.1490,1.0094,4.3304
78.1492,0.8912,3.8392
78.1494,0.6785,2.9228
78.1496,0.717,3.0886
78.1498,0.6893,2.9652
78.1500,0.6361,2.7417
78.1502,0.6667,2.8735
78.1504,0.6883,2.9638
78.1506,0.7899,3.398
78.1508,0.7871,3.383
78.1510,0.8098,3.4868
78.1512,0.7378,3.177
78.1514,0.6821,2.9397
78.1516,0.7105,3.0622
78.1518,0.6337,2.7327
78.1520,0.6018,2.5939
78.1522,0.6636,2.8627
78.1524,0.6334,2.7286
78.1526,0.5996,2.5865
78.1528,0.5529,2.3853
78.1530,0.6117,2.6387
78.1532,0.5468,2.3578
78.1534,0.5862,2.5279
78.1536,0.6213,2.6801
78.1538,0.6002,2.5903
78.1540,0.578,2.4899
78.1542,0.6608,2.8442
78.1544,0.7309,3.1442
78.1546,0.7033,3.0283
78.1548,0.6521,2.8079
78.1550,0.642,2.7671
78.1552,0.6589,2.8373
78.1554,0.707,3.0443
78.1556,0.6756,2.9104
78.1558,0.6367,2.7418
78.1560,0.6606,2.8472
78.1562,0.6183,2.6635
78.1564,0.6786,2.9206
78.1566,0.7743,3.3278
78.1568,0.7992,3.443
78.1570,0.6606,2.8472
78.1572,0.6488,2.7965
78.1574,0.6474,2.789
78.1576,0.666,2.8691
78.1578,0.6741,2.9083
78.1580,0.5709,2.464
78.1582,0.5247,2.2648
78.1584,0.5328,2.3026
78.1586,0.4607,1.9911
78.1588,0.4541,1.959
78.1590,0.5066,2.1876
78.1592,0.43,1.8568
78.1594,0.4778,2.0624
78.1596,0.5058,2.1799
78.1598,0.5651,2.4358
78.1600,0.6021,2.5962
78.1602,0.5957,2.5687
78.1604,0.575,2.4782
78.1606,0.5994,2.5824
78.1608,0.6557,2.826
78.1610,0.6173,2.6557
78.1612,0.6323,2.7239
78.1614,0.599,2.5803
78.1616,0.6142,2.6447
78.1618,0.6993,3.0099
78.1620,0.734,3.159
78.1622,0.7442,3.197
78.1624,0.784,3.3774
78.1626,0.6524,2.812
78.1628,0.6319,2.7186
78.1630,0.6879,2.965
78.1632,0.6071,2.6179
78.1634,0.5794,2.4961
78.1636,0.5715,2.4643
78.1638,0.5751,2.481
78.1640,0.5683,2.4515
78.1642,0.5572,2.4005
78.1644,0.572,2.4641
78.1646,0.5799,2.5005
78.1648,0.5648,2.4365
78.1650,0.5647,2.4349
78.1652,0.5924,2.5508
78.1654,0.6508,2.7996
78.1656,0.7007,3.0184
78.1658,0.6226,2.6821
78.1660,0.6859,2.9535
78.1662,0.631,2.7183
78.1664,0.5514,2.3797
78.1666,0.5027,2.1686
78.1668,0.4956,2.138
78.1670,0.5514,2.3753
78.1672,0.66,2.8367
78.1674,0.7306,3.1432
78.1676,0.7176,3.087
78.1678,0.6968,3.0005
78.1680,0.6449,2.7795
78.1682,0.5295,2.2855
78.1684,0.4998,2.1561
78.1686,0.5093,2.196
78.1688,0.543,2.3413
78.1690,0.5294,2.285
78.1692,0.4968,2.1412
78.1694,0.5058,2.182
78.1696,0.4961,2.1401
78.1698,0.4992,2.1536
78.1700,0.5806,2.499
78.1702,0.6702,2.8845
78.1704,0.655,2.8177
78.1706,0.693,2.9798
78.1708,0.6668,2.8674
78.1710,0.6773,2.9123
78.1712,0.6919,2.9752
78.1714,0.6962,2.9993
78.1716,0.6312,2.7155
78.1718,0.6644,2.8584
78.1720,0.7478,3.217
78.1722,0.6832,2.9389
78.1724,0.6611,2.844
78.1726,0.6665,2.8672
78.1728,0.7079,3.0508
78.1730,0.5834,2.5144
78.1732,0.5335,2.3004
78.1734,0.536,2.3113
78.1736,0.5388,2.3243
78.1738,0.5484,2.3613
78.1740,0.5873,2.5256
78.1742,0.6728,2.8945
78.1744,0.6788,2.9217
78.1746,0.6691,2.8799
78.1748,0.6595,2.8373
78.1750,0.696,2.9955
78.1752,0.6779,2.9162
78.1754,0.6921,2.979
78.1756,0.6666,2.8651
78.1758,0.713,3.0659
78.1760,0.7134,3.0646
78.1762,0.7562,3.2485
78.1764,0.7954,3.4138
78.1766,0.8824,3.7804
78.1768,0.9717,4.1646
78.1770,0.9712,4.1567
78.1772,0.935,4.0148
78.1774,0.8188,3.5142
78.1776,0.8304,3.5658
78.1778,0.8648,3.7101
78.1780,0.9094,3.9014
78.1782,0.9404,4.0266
78.1784,0.9914,4.2513
78.1786,0.9593,4.1154
78.1788,1.0002,4.2769
78.1790,1.112,4.7525
78.1792,1.1276,4.8259
78.1794,1.0704,4.5875
78.1796,0.9899,4.2486
78.1798,0.9464,4.0599
78.1800,0.9556,4.1014
78.1802,0.8991,3.8608
78.1804,0.8914,3.8243
78.1806,0.8924,3.8266
78.1808,0.9609,4.1183
78.1810,0.9989,4.2852
78.1812,0.9762,4.1899
78.1814,0.9341,4.0037
78.1816,0.9816,4.2111
78.1818,0.9083,3.9023
78.1820,0.867,3.7193
78.1822,0.9028,3.8713
78.1824,0.9621,4.1196
78.1826,1.0105,4.3412
78.1828,0.881,3.7866
78.1830,0.8911,3.8352
78.1832,0.7704,3.3129
78.1834,0.7936,3.414
78.1836,0.727,3.1292
78.1838,0.669,2.8834
78.1840,0.6781,2.92
78.1842,0.6957,2.9931
78.1844,0.7215,3.1054
78.1846,0.6802,2.9274
78.1848,0.6989,3.0093
78.1850,0.6992,3.0108
78.1852,0.7287,3.1364
78.1854,0.6876,2.9621
78.1856,0.7122,3.0666
78.1858,0.7124,3.0719
78.1860,0.6772,2.9118
78.1862,0.8032,3.4537
78.1864,0.7758,3.3392
78.1866,0.7374,3.1736
78.1868,0.7437,3.1935
78.1870,0.8339,3.5824
78.1872,0.8607,3.6978
78.1874,0.8261,3.5538
78.1876,0.7055,3.0391
78.1878,0.7046,3.0369
78.1880,0.6608,2.843
78.1882,0.7249,3.1213
78.1884,0.7407,3.191
78.1886,0.6426,2.7723
78.1888,0.6059,2.6127
78.1890,0.605,2.6086
78.1892,0.5774,2.4932
78.1894,0.5734,2.4738
78.1896,0.6393,2.7514
78.1898,0.7204,3.1008
78.1900,0.6555,2.825
78.1902,0.5791,2.4969
78.1904,0.5715,2.4644
78.1906,0.5582,2.407
78.1908,0.6015,2.5924
78.1910,0.6396,2.7542
78.1912,0.6453,2.7836
78.1914,0.5516,2.3785
78.1916,0.5359,2.3129
78.1918,0.4876,2.1063
78.1920,0.4976,2.1478
78.1922,0.5443,2.3492
78.1924,0.5504,2.3733
78.1926,0.6032,2.5996
78.1928,0.6442,2.7687
78.1930,0.7775,3.3418
78.1932,0.7046,3.0383
78.1934,0.6137,2.6464
78.1936,0.5956,2.5671
78.1938,0.6256,2.695
78.1940,0.6626,2.852
78.1942,0.6768,2.917
78.1944,0.7022,3.0167
78.1946,0.804,3.4509
78.1948,0.8494,3.6522
78.1950,0.7881,3.3887
78.1952,0.7376,3.1746
78.1954,0.7317,3.1508
78.1956,0.735,3.1603
78.1958,0.7658,3.2943
78.1960,0.693,2.9826
78.1962,0.6943,2.9883
78.1964,0.6977,3.0013
78.1966,0.7359,3.1615
78.1968,0.7872,3.3867
78.1970,0.7658,3.2959
78.1972,0.7399,3.18
78.1974,0.7544,3.2423
78.1976,0.7598,3.2701
78.1978,0.7025,3.029
78.1980,0.6224,2.6823
78.1982,0.6206,2.6721
78.1984,0.6707,2.8893
78.1986,0.5954,2.5708
78.1988,0.5474,2.3615
78.1990,0.5825,2.5119
78.1992,0.549,2.3693
78.1994,0.5461,2.3547
78.1996,0.6064,2.6112
78.1998,0.6258,2.6973
78.2000,0.5577,2.4015
78.2002,0.6086,2.6217
78.2004,0.673,2.8978
78.2006,0.6758,2.9101
78.2008,0.6399,2.7527
78.2010,0.6744,2.9053
78.2012,0.62,2.672
78.2014,0.5565,2.3986
78.2016,0.5737,2.4702
78.2018,0.584,2.5181
78.2020,0.55,2.374
78.2022,0.5611,2.4194
78.2024,0.5704,2.4586
78.2026,0.5548,2.3925
78.2028,0.5482,2.3618
78.2030,0.6551,2.8169
78.2032,0.757,3.2567
78.2034,0.7308,3.1393
78.2036,0.729,3.1374
78.2038,0.6811,2.9342
78.2040,0.6861,2.9532
78.2042,0.6893,2.9666
78.2044,0.6732,2.8988
78.2046,0.6797,2.9226
78.2048,0.7594,3.2625
78.2050,0.7804,3.3573
78.2052,0.7074,3.0431
78.2054,0.7557,3.251
78.2056,0.7266,3.1228
78.2058,0.6933,2.9869
78.2060,0.617,2.6591
78.2062,0.5829,2.51
78.2064,0.5607,2.4178
78.2066,0.534,2.3025
78.2068,0.5659,2.4378
78.2070,0.5878,2.5335
78.2072,0.5723,2.4668
78.2074,0.6008,2.5893
78.2076,0.6221,2.6763
78.2078,0.6696,2.882
78.2080,0.6251,2.698
78.2082,0.5107,2.2032
78.2084,0.5081,2.1918
78.2086,0.499,2.1535
78.2088,0.5161,2.2255
78.2090,0.5707,2.4562
78.2092,0.6949,2.9867
78.2094,0.8188,3.5174
78.2096,0.7559,3.252
78.2098,0.6913,2.9712
78.2100,0.7329,3.1486
78.2102,0.7642,3.2861
78.2104,0.7583,3.2624
78.2106,0.8074,3.4669
78.2108,0.8546,3.6663
78.2110,0.9099,3.9017
78.2112,0.9736,4.1728
78.2114,0.9483,4.0662
78.2116,0.8949,3.8428
78.2118,0.9203,3.9501
78.2120,0.9533,4.0878
78.2122,0.9471,4.0649
78.2124,0.9351,4.0078
78.2126,0.9858,4.2272
78.2128,0.9624,4.125
78.2130,0.9959,4.2664
78.2132,1.0165,4.3527
78.2134,1.0868,4.6579
78.2136,1.0423,4.4673
78.2138,1.0317,4.422
78.2140,1.0341,4.4261
78.2142,1.0787,4.6214
78.2144,1.0542,4.5245
78.2146,0.9584,4.1075
78.2148,0.9906,4.2497
78.2150,0.9874,4.2457
78.2152,0.879,3.7796
78.2154,0.7473,3.2164
78.2156,0.7595,3.266
78.2158,0.7835,3.366
78.2160,0.7965,3.4264
78.2162,0.7606,3.2676
78.2164,0.83,3.5675
78.2166,0.8294,3.5683
78.2168,0.7926,3.4067
78.2170,0.8171,3.5135
78.2172,0.8306,3.5701
78.2174,0.8019,3.4464
78.2176,0.7455,3.2087
78.2178,0.6818,2.9346
78.2180,0.7105,3.0622
78.2182,0.6544,2.8177
78.2184,0.6784,2.9196
78.2186,0.72,3.103
78.2188,0.6293,2.7136
78.2190,0.6029,2.5998
78.2192,0.6167,2.6556
78.2194,0.6469,2.7883
78.2196,0.6402,2.7581
78.2198,0.633,2.7321
78.2200,0.5895,2.5431
78.2202,0.6288,2.7077
78.2204,0.6852,2.9545
78.2206,0.5847,2.5247
78.2208,0.4997,2.1586
78.2210,0.4969,2.1427
78.2212,0.5472,2.3605
78.2214,0.5442,2.3497
78.2216,0.5142,2.2182
78.2218,0.5514,2.3797
78.2220,0.4955,2.1385
78.2222,0.4798,2.0717
78.2224,0.4978,2.1493
78.2226,0.5066,2.1866
78.2228,0.5252,2.2637
78.2230,0.5843,2.5232
78.2232,0.494,2.1363
78.2234,0.4325,1.8685
78.2236,0.4141,1.7888
78.2238,0.4515,1.9504
78.2240,0.4607,1.9893
78.2242,0.4532,1.9558
78.2244,0.4466,1.9291
78.2246,0.4427,1.9117
78.2248,0.4443,1.9193
78.2250,0.4502,1.9438
78.2252,0.4493,1.9402
78.2254,0.4571,1.9747
78.2256,0.4992,2.1506
78.2258,0.6273,2.6973
78.2260,0.6903,2.9699
78.2262,0.6355,2.7392
78.2264,0.6201,2.6713
78.2266,0.5769,2.4865
78.2268,0.5592,2.4122
78.2270,0.5776,2.4884
78.2272,0.6276,2.7013
78.2274,0.6445,2.7754
78.2276,0.6643,2.8579
78.2278,0.7303,3.1402
78.2280,0.6903,2.9712
78.2282,0.7097,3.0487
78.2284,0.8137,3.4974
78.2286,0.713,3.0731
78.2288,0.5637,2.4307
78.2290,0.5518,2.3818
78.2292,0.545,2.3468
78.2294,0.6278,2.7043
78.2296,0.5617,2.4197
78.2298,0.5408,2.332
78.2300,0.5375,2.3207
78.2302,0.537,2.3133
78.2304,0.5345,2.3046
78.2306,0.536,2.3102
78.2308,0.5407,2.3304
78.2310,0.5372,2.3175
78.2312,0.5366,2.3096
78.2314,0.61,2.6242
78.2316,0.6359,2.7395
78.2318,0.6294,2.7141
78.2320,0.561,2.4189
78.2322,0.5479,2.357
78.2324,0.5996,2.5865
78.2326,0.5134,2.2167
78.2328,0.4672,2.0164
78.2330,0.4668,2.0139
78.2332,0.4771,2.0574
78.2334,0.5219,2.2482
78.2336,0.5723,2.4645
78.2338,0.6504,2.7968
78.2340,0.6682,2.8744
78.2342,0.6092,2.6231
78.2344,0.5975,2.573
78.2346,0.6391,2.7483
78.2348,0.7188,3.0878
78.2350,0.746,3.2033
78.2352,0.7616,3.2763
78.2354,0.6758,2.9128
78.2356,0.633,2.7245
78.2358,0.6278,2.7043
78.2360,0.5908,2.5441
78.2362,0.6751,2.8976
78.2364,0.8284,3.5504
78.2366,0.842,3.6191
78.2368,0.7714,3.3155
78.2370,0.7726,3.3268
78.2372,0.6028,2.6005
78.2374,0.5026,2.167
78.2376,0.4936,2.1302
78.2378,0.4918,2.1225
78.2380,0.4912,2.1179
78.2382,0.4906,2.1153
78.2384,0.5044,2.1758
78.2386,0.4966,2.1432
78.2388,0.4898,2.1122
78.2390,0.4897,2.1127
78.2392,0.4914,2.1189
78.2394,0.4997,2.1526
78.2396,0.5879,2.5328
78.2398,0.5481,2.3635
78.2400,0.4933,2.1282
78.2402,0.4879,2.103
78.2404,0.4916,2.12
78.2406,0.4882,2.105
78.2408,0.4867,2.1007
78.2410,0.4894,2.1111
78.2412,0.4909,2.1159
78.2414,0.4889,2.1052
78.2416,0.5223,2.2524
78.2418,0.5412,2.3314
78.2420,0.545,2.3479
78.2422,0.5313,2.2879
78.2424,0.6301,2.7122
78.2426,0.7231,3.102
78.2428,0.7985,3.4272
78.2430,0.7362,3.164
78.2432,0.7101,3.0521
78.2434,0.7396,3.1775
78.2436,0.7601,3.2671
78.2438,0.784,3.3634
78.2440,0.8359,3.5878
78.2442,0.8537,3.6605
78.2444,0.9025,3.868
78.2446,0.9151,3.9238
78.2448,0.8968,3.8456
78.2450,0.8948,3.8351
78.2452,0.9042,3.877
78.2454,0.8976,3.8541
78.2456,0.8937,3.8305
78.2458,0.9301,3.9899
78.2460,0.8484,3.6345
78.2462,0.9353,4.0051
78.2464,0.9727,4.1614
78.2466,1.0189,4.363
78.2468,1.0665,4.5626
78.2470,1.0781,4.6123
78.2472,1.0638,4.5529
78.2474,1.0394,4.4508
78.2476,1.0696,4.5802
78.2478,1.0236,4.3871
78.2480,0.9603,4.1157
78.2482,0.9393,4.0314
78.2484,0.8896,3.8219
78.2486,0.8298,3.5698
78.2488,0.7575,3.2588
78.2490,0.6659,2.8646
78.2492,0.6931,2.9817
78.2494,0.7505,3.2273
78.2496,0.7402,3.1815
78.2498,0.7438,3.2014
78.2500,0.7128,3.0663
78.2502,0.7522,3.2346
78.2504,0.7369,3.1685
78.2506,0.7415,3.1887
78.2508,0.7701,3.3114
78.2510,0.7809,3.3578
78.2512,0.7346,3.1617
78.2514,0.6673,2.8721
78.2516,0.6622,2.85
78.2518,0.7212,3.1024
78.2520,0.7678,3.3031
78.2522,0.6869,2.9563
78.2524,0.6652,2.8642
78.2526,0.6652,2.8655
78.2528,0.624,2.6858
78.2530,0.6325,2.7237
78.2532,0.6125,2.6363
78.2534,0.6732,2.9015
78.2536,0.6525,2.8082
78.2538,0.6695,2.8814
78.2540,0.6913,2.974
78.2542,0.7135,3.068
78.2544,0.7182,3.0895
78.2546,0.699,3.0042
78.2548,0.7371,3.1696
78.2550,0.7304,3.1451
78.2552,0.7215,3.1025
78.2554,0.7479,3.216
78.2556,0.673,2.9004
78.2558,0.5565,2.3997
78.2560,0.5491,2.3633
78.2562,0.6387,2.7501
78.2564,0.665,2.8637
78.2566,0.6787,2.9198
78.2568,0.7279,3.1284
78.2570,0.7551,3.2469
78.2572,0.7766,3.3377
78.2574,0.7528,3.2416
78.2576,0.612,2.6367
78.2578,0.6018,2.594
78.2580,0.5815,2.5061
78.2582,0.5813,2.5056
78.2584,0.6132,2.6418
78.2586,0.5927,2.5535
78.2588,0.6,2.5838
78.2590,0.7104,3.0546
78.2592,0.7648,3.2841
78.2594,0.7758,3.3299
78.2596,0.8354,3.584
78.2598,0.841,3.6195
78.2600,0.7433,3.1994
78.2602,0.7192,3.0971
78.2604,0.6756,2.9024
78.2606,0.7703,3.3078
78.2608,0.8266,3.5509
78.2610,0.8149,3.5042
78.2612,0.7453,3.2061
78.2614,0.7263,3.129
78.2616,0.6541,2.8206
78.2618,0.6381,2.7449
78.2620,0.677,2.9126
78.2622,0.6521,2.8092
78.2624,0.6303,2.7139
78.2626,0.6646,2.8629
78.2628,0.6842,2.9394
78.2630,0.8616,3.7014
78.2632,0.7922,3.4094
78.2634,0.6644,2.8638
78.2636,0.6294,2.7128
78.2638,0.6179,2.662
78.2640,0.624,2.6858
78.2642,0.6263,2.6969
78.2644,0.6116,2.6334
78.2646,0.6666,2.8744
78.2648,0.5841,2.5198
78.2650,0.5497,2.3713
78.2652,0.5438,2.3449
78.2654,0.5442,2.3465
78.2656,0.5409,2.3314
78.2658,0.5444,2.3486
78.2660,0.5841,2.5128
78.2662,0.751,3.2249
78.2664,0.7936,3.414
78.2666,0.7238,3.121
78.2668,0.6034,2.5959
78.2670,0.6713,2.8865
78.2672,0.6826,2.9391
78.2674,0.663,2.8522
78.2676,0.7117,3.0603
78.2678,0.7292,3.1385
78.2680,0.6761,2.9139
78.2682,0.5895,2.5407
78.2684,0.5755,2.4814
78.2686,0.5834,2.5132
78.2688,0.5995,2.5812
78.2690,0.5883,2.5367
78.2692,0.5057,2.1805
78.2694,0.5869,2.5247
78.2696,0.7695,3.3088
78.2698,0.7148,3.0808
78.2700,0.5957,2.5664
78.2702,0.5978,2.5776
78.2704,0.5554,2.394
78.2706,0.5485,2.3662
78.2708,0.5446,2.3463
78.2710,0.6143,2.6453
78.2712,0.6003,2.5848
78.2714,0.5975,2.5694
78.2716,0.6557,2.826
78.2718,0.5979,2.5757
78.2720,0.6709,2.8876
78.2722,0.6971,2.9988
78.2724,0.6767,2.9111
78.2726,0.6847,2.9429
78.2728,0.761,3.2737
78.2730,0.6848,2.9489
78.2732,0.6142,2.646
78.2734,0.6164,2.6577
78.2736,0.5608,2.4161
78.2738,0.5855,2.5202
78.2740,0.6617,2.8479
78.2742,0.6414,2.7632
78.2744,0.6183,2.6635
78.2746,0.6225,2.6829
78.2748,0.6262,2.6964
78.2750,0.6607,2.8424
78.2752,0.6815,2.9358
78.2754,0.6015,2.5912
78.2756,0.6201,2.6676
78.2758,0.7044,3.0288
78.2760,0.7255,3.121
78.2762,0.7101,3.0521
78.2764,0.7702,3.3119
78.2766,0.7854,3.3774
78.2768,0.7804,3.351
78.2770,0.8396,3.6004
78.2772,0.8641,3.7087
78.2774,0.8562,3.673
78.2776,0.8565,3.678
78.2778,0.8407,3.6117
78.2780,0.9016,3.8644
78.2782,0.9269,3.9784
78.2784,0.9012,3.866
78.2786,0.9045,3.8822
78.2788,0.903,3.8719
78.2790,0.9563,4.0949
78.2792,0.9952,4.2693
78.2794,0.9263,3.974
78.2796,0.957,4.1038
78.2798,0.9887,4.2375
78.2800,0.9515,4.0763
78.2802,1.0043,4.3023
78.2804,0.9982,4.2741
78.2806,1.0421,4.4642
78.2808,1.0495,4.4981
78.2810,0.9834,4.2267
78.2812,0.8741,3.7549
78.2814,0.8438,3.6268
78.2816,0.788,3.3898
78.2818,0.7932,3.4093
78.2820,0.8217,3.5265
78.2822,0.8782,3.773
78.2824,0.8035,3.4601
78.2826,0.7453,3.2076
78.2828,0.7955,3.4175
78.2830,0.8347,3.5843
78.2832,0.8298,3.5648
78.2834,0.8569,3.6796
78.2836,0.8098,3.482
78.2838,0.8341,3.5817
78.2840,0.8708,3.7428
78.2842,0.8362,3.5938
78.2844,0.7219,3.1128
78.2846,0.6105,2.6361
78.2848,0.5359,2.3119
78.2850,0.5763,2.485
78.2852,0.586,2.5257
78.2854,0.5986,2.5812
78.2856,0.642,2.7658
78.2858,0.6088,2.6227
78.2860,0.6184,2.6641
78.2862,0.6854,2.9515
78.2864,0.7431,3.1983
78.2866,0.7028,3.0277
78.2868,0.6623,2.8518
78.2870,0.6799,2.9291
78.2872,0.6756,2.9105
78.2874,0.6515,2.8053
78.2876,0.6419,2.7679
78.2878,0.6385,2.7534
78.2880,0.6266,2.7004
78.2882,0.6141,2.6455
78.2884,0.6057,2.6117
78.2886,0.5222,2.2518
78.2888,0.5301,2.2881
78.2890,0.5803,2.5044
78.2892,0.5322,2.2958
78.2894,0.4948,2.1275
78.2896,0.668,2.8806
78.2898,0.5599,2.4164
78.2900,0.5189,2.2374
78.2902,0.5088,2.196
78.2904,0.471,2.0376
78.2906,0.4003,1.7308
78.2908,0.3951,1.7085
78.2910,0.4063,1.7543
78.2912,0.4612,1.9933
78.2914,0.44,1.9006
78.2916,0.4366,1.8853
78.2918,0.437,1.8868
78.2920,0.446,1.923
78.2922,0.5457,2.3521
78.2924,0.5937,2.56
78.2926,0.5628,2.4277
78.2928,0.5421,2.3388
78.2930,0.5473,2.3577
78.2932,0.5601,2.413
78.2934,0.6027,2.5976
78.2936,0.595,2.5597
78.2938,0.652,2.8048
78.2940,0.7034,3.0261
78.2942,0.7026,3.0225
78.2944,0.7288,3.1311
78.2946,0.802,3.4421
78.2948,0.835,3.592
78.2950,0.7374,3.175
78.2952,0.6984,3.0016
78.2954,0.705,3.037
78.2956,0.668,2.8779
78.2958,0.6499,2.7999
78.2960,0.6108,2.6315
78.2962,0.6478,2.7893
78.2964,0.6905,2.9704
78.2966,0.7043,3.0283
78.2968,0.673,2.8937
78.2970,0.6662,2.8688
78.2972,0.6378,2.749
78.2974,0.6364,2.739
78.2976,0.6794,2.9216
78.2978,0.711,3.0629
78.2980,0.6124,2.6431
78.2982,0.5297,2.2818
78.2984,0.5927,2.5547
78.2986,0.55,2.374
78.2988,0.4767,2.0563
78.2990,0.4733,2.0418
78.2992,0.4734,2.0442
78.2994,0.4777,2.06
78.2996,0.575,2.477
78.2998,0.5315,2.2948
78.3000,0.4731,2.0408
78.3002,0.504,2.1712
78.3004,0.583,2.5093
78.3006,0.6772,2.9172
78.3008,0.6317,2.7227
78.3010,0.5694,2.455
78.3012,0.5014,2.1639
78.3014,0.4699,2.0283
78.3016,0.4599,1.9839
78.3018,0.4582,1.9766
78.3020,0.4528,1.9525
78.3022,0.5412,2.3325
78.3024,0.5804,2.5015
78.3026,0.5429,2.3397
78.3028,0.5764,2.4844
78.3030,0.6022,2.5919
78.3032,0.596,2.5651
78.3034,0.6233,2.684
78.3036,0.59,2.5416
78.3038,0.5896,2.5389
78.3040,0.6119,2.6362
78.3042,0.63,2.7129
78.3044,0.6135,2.6404
78.3046,0.6249,2.6919
78.3048,0.6023,2.5924
78.3050,0.5961,2.5668
78.3052,0.5866,2.5307
78.3054,0.509,2.1939
78.3056,0.4963,2.1411
78.3058,0.4823,2.0816
78.3060,0.481,2.0749
78.3062,0.5017,2.1614
78.3064,0.5576,2.3999
78.3066,0.6101,2.6247
78.3068,0.6287,2.7085
78.3070,0.5935,2.5554
78.3072,0.578,2.4923
78.3074,0.5045,2.1743
78.3076,0.4931,2.1282
78.3078,0.4901,2.1133
78.3080,0.546,2.3531
78.3082,0.5929,2.5505
78.3084,0.6014,2.5871
78.3086,0.6214,2.6757
78.3088,0.5977,2.5699
78.3090,0.6847,2.9415
78.3092,0.6841,2.9444
78.3094,0.5954,2.5625
78.3096,0.6324,2.722
78.3098,0.7021,3.019
78.3100,0.7273,3.1244
78.3102,0.7347,3.1549
78.3104,0.7767,3.3335
78.3106,0.7912,3.3958
78.3108,0.8486,3.6406
78.3110,0.8941,3.8356
78.3112,0.8206,3.5252
78.3114,0.8318,3.5653
78.3116,0.9624,4.123
78.3118,1.0057,4.3105
78.3120,0.964,4.1297
78.3122,0.9901,4.2397
78.3124,1.0049,4.3089
78.3126,0.9766,4.1876
78.3128,0.9685,4.1493
78.3130,0.9811,4.2032
78.3132,0.9582,4.1127
78.3134,0.8858,3.7966
78.3136,0.9173,3.9336
78.3138,0.9366,4.0182
78.3140,0.9708,4.1648
78.3142,1.0079,4.3198
78.3144,0.9232,3.9643
78.3146,0.8436,3.6224
78.3148,0.8389,3.6023
78.3150,0.84,3.6053
78.3152,0.8347,3.581
78.3154,0.8435,3.6253
78.3156,0.7643,3.2897
78.3158,0.7544,3.2484
78.3160,0.6782,2.9178
78.3162,0.7655,3.2933
78.3164,0.708,3.0499
78.3166,0.656,2.8223
78.3168,0.6861,2.9546
78.3170,0.7186,3.0887
78.3172,0.7959,3.4175
78.3174,0.8197,3.5248
78.3176,0.7889,3.3892
78.3178,0.7902,3.3948
78.3180,0.7639,3.283
78.3182,0.7637,3.2825
78.3184,0.7495,3.2257
78.3186,0.722,3.1104
78.3188,0.7344,3.1592
78.3190,0.6908,2.9747
78.3192,0.6565,2.8231
78.3194,0.7177,3.0875
78.3196,0.7302,3.1411
78.3198,0.7375,3.1726
78.3200,0.7427,3.1953
78.3202,0.7409,3.1876
78.3204,0.7305,3.1471
78.3206,0.6983,3.0025
78.3208,0.7068,3.0448
78.3210,0.6006,2.5888
78.3212,0.5726,2.4701
78.3214,0.5893,2.5362
78.3216,0.6399,2.7565
78.3218,0.6264,2.6999
78.3220,0.6734,2.8998
78.3222,0.6808,2.9327
78.3224,0.5806,2.5025
78.3226,0.6026,2.591
78.3228,0.7129,3.0654
78.3230,0.7519,3.236
78.3232,0.6865,2.9575
78.3234,0.604,2.6009
78.3236,0.6748,2.9055
78.3238,0.6891,2.9647
78.3240,0.7094,3.049
78.3242,0.7618,3.2743
78.3244,0.8073,3.468
78.3246,0.8121,3.4902
78.3248,0.7491,3.2241
78.3250,0.673,2.9004
78.3252,0.67,2.8862
78.3254,0.6715,2.8902
78.3256,0.6752,2.9089
78.3258,0.611,2.632
78.3260,0.646,2.7764
78.3262,0.7348,3.1598
78.3264,0.7568,3.2496
78.3266,0.8107,3.4829
78.3268,0.8467,3.6375
78.3270,0.8477,3.6416
78.3272,0.8043,3.4535
78.3274,0.8022,3.448
78.3276,0.7727,3.3258
78.3278,0.7176,3.0855
78.3280,0.7257,3.1206
78.3282,0.7619,3.2748
78.3284,0.7884,3.3903
78.3286,0.7852,3.3779
78.3288,0.7932,3.4125
78.3290,0.7262,3.127
78.3292,0.6803,2.9197
78.3294,0.854,3.6723
78.3296,0.7158,3.0835
78.3298,0.6287,2.7097
78.3300,0.6264,2.6999
78.3302,0.626,2.6953
78.3304,0.6232,2.6847
78.3306,0.6046,2.6059
78.3308,0.6808,2.9286
78.3310,0.6517,2.8064
78.3312,0.5658,2.4407
78.3314,0.5851,2.5193
78.3316,0.6054,2.6095
78.3318,0.5589,2.4112
78.3320,0.569,2.4512
78.3322,0.5576,2.4044
78.3324,0.6312,2.7143
78.3326,0.7366,3.166
78.3328,0.7168,3.091
78.3330,0.574,2.4729
78.3332,0.6417,2.7579
78.3334,0.7606,3.2691
78.3336,0.7779,3.3433
78.3338,0.7748,3.3315
78.3340,0.7528,3.2341
78.3342,0.7344,3.1577
78.3344,0.7228,3.1097
78.3346,0.7165,3.0881
78.3348,0.6623,2.8518
78.3350,0.6408,2.7581
78.3352,0.6468,2.7826
78.3354,0.7268,3.1267
78.3356,0.7581,3.2553
78.3358,0.8321,3.5696
78.3360,0.8747,3.7575
78.3362,0.8428,3.6205
78.3364,0.7793,3.3558
78.3366,0.6649,2.8645
78.3368,0.6444,2.7762
78.3370,0.6659,2.866
78.3372,0.6292,2.7118
78.3374,0.5821,2.5064
78.3376,0.5935,2.5554
78.3378,0.5932,2.5568
78.3380,0.6039,2.604
78.3382,0.5857,2.523
78.3384,0.6069,2.6145
78.3386,0.5897,2.5429
78.3388,0.6087,2.6198
78.3390,0.668,2.8739
78.3392,0.6324,2.7232
78.3394,0.622,2.6808
78.3396,0.622,2.682
78.3398,0.5855,2.5237
78.3400,0.5875,2.5319
78.3402,0.5822,2.5104
78.3404,0.5286,2.2803
78.3406,0.4968,2.1422
78.3408,0.5334,2.3031
78.3410,0.4926,2.1251
78.3412,0.4855,2.0946
78.3414,0.5373,2.3181
78.3416,0.5732,2.4704
78.3418,0.6279,2.7049
78.3420,0.5998,2.5852
78.3422,0.5836,2.5154
78.3424,0.6072,2.6124
78.3426,0.6857,2.9443
78.3428,0.7942,3.4118
78.3430,0.7523,3.2351
78.3432,0.7474,3.2169
78.3434,0.7091,3.0489
78.3436,0.7497,3.2177
78.3438,0.8175,3.5069
78.3440,0.875,3.7486
78.3442,0.9697,4.1563
78.3444,0.9604,4.1182
78.3446,0.9269,3.9803
78.3448,0.9129,3.9164
78.3450,0.944,4.0458
78.3452,0.9786,4.1924
78.3454,0.9841,4.2239
78.3456,0.9224,3.9533
78.3458,0.9867,4.2229
78.3460,1.0247,4.3876
78.3462,1.0385,4.4487
78.3464,1.0593,4.5424
78.3466,1.0427,4.4605
78.3468,1.081,4.6268
78.3470,1.0581,4.5393
78.3472,0.9693,4.1581
78.3474,0.8754,3.7623
78.3476,0.727,3.1321
78.3478,0.7063,3.0399
78.3480,0.7022,3.0237
78.3482,0.6588,2.8355
78.3484,0.7068,3.042
78.3486,0.7473,3.2104
78.3488,0.7704,3.3191
78.3490,0.7135,3.0694
78.3492,0.7433,3.1979
78.3494,0.7691,3.3073
78.3496,0.764,3.2881
78.3498,0.6977,3.0013
78.3500,0.7088,3.0493
78.3502,0.7031,3.0288
78.3504,0.6933,2.9841
78.3506,0.6852,2.9491
78.3508,0.6849,2.9494
78.3510,0.6908,2.9747
78.3512,0.7444,3.2055
78.3514,0.7354,3.1638
78.3516,0.755,3.2494
78.3518,0.6937,2.9926
78.3520,0.5852,2.521
78.3522,0.6352,2.7351
78.3524,0.6351,2.7384
78.3526,0.6114,2.6341
78.3528,0.6876,2.9552
78.3530,0.7041,3.0348
78.3532,0.6444,2.7736
78.3534,0.6957,2.9973
78.3536,0.6544,2.8177
78.3538,0.6941,2.9886
78.3540,0.6902,2.9749
78.3542,0.6632,2.8599
78.3544,0.5851,2.5239
78.3546,0.5234,2.2612
78.3548,0.49,2.1167
78.3550,0.5118,2.2089
78.3552,0.5066,2.1846
78.3554,0.5305,2.2854
78.3556,0.6071,2.6155
78.3558,0.6027,2.5988
78.3560,0.5692,2.4523
78.3562,0.6432,2.7658
78.3564,0.6935,2.9916
78.3566,0.5533,2.3869
78.3568,0.55,2.3729
78.3570,0.5382,2.3195
78.3572,0.6135,2.6416
78.3574,0.6714,2.8951
78.3576,0.5957,2.5676
78.3578,0.5853,2.5203
78.3580,0.6425,2.7653
78.3582,0.7222,3.1085
78.3584,0.6489,2.7953
78.3586,0.5885,2.5366
78.3588,0.5985,2.5783
78.3590,0.6429,2.7707
78.3592,0.5824,2.5126
78.3594,0.5542,2.3899
78.3596,0.5695,2.4544
78.3598,0.6165,2.6509
78.3600,0.6843,2.9454
78.3602,0.6664,2.8654
78.3604,0.6968,2.9991
78.3606,0.6319,2.725
78.3608,0.6056,2.6088
78.3610,0.6279,2.7074
78.3612,0.5605,2.4157
78.3614,0.5448,2.349
78.3616,0.5444,2.3486
78.3618,0.5608,2.4161
78.3620,0.6191,2.6672
78.3622,0.5588,2.4095
78.3624,0.55,2.374
78.3626,0.5494,2.3703
78.3628,0.5899,2.5387
78.3630,0.6351,2.7346
78.3632,0.6191,2.6684
78.3634,0.5298,2.2844
78.3636,0.5146,2.2198
78.3638,0.5128,2.213
78.3640,0.5137,2.2151
78.3642,0.4976,2.1468
78.3644,0.5378,2.318
78.3646,0.5781,2.4882
78.3648,0.5831,2.5168
78.3650,0.4733,2.0409
78.3652,0.4771,2.0574
78.3654,0.4829,2.0851
78.3656,0.4794,2.0682
78.3658,0.4755,2.0511
78.3660,0.4836,2.0844
78.3662,0.584,2.5123
78.3664,0.61,2.6267
78.3666,0.6299,2.7099
78.3668,0.6605,2.848
78.3670,0.5577,2.4015
78.3672,0.5971,2.5721
78.3674,0.5536,2.3873
78.3676,0.5259,2.2668
78.3678,0.5779,2.4894
78.3680,0.5881,2.5322
78.3682,0.6114,2.6304
78.3684,0.6973,2.9942
78.3686,0.7814,3.3536
78.3688,0.8068,3.4643
78.3690,0.7874,3.3809
78.3692,0.776,3.3397
78.3694,0.648,2.7916
78.3696,0.5938,2.5558
78.3698,0.5894,2.5414
78.3700,0.5105,2.2012
78.3702,0.5087,2.1934
78.3704,0.4994,2.1546
78.3706,0.4821,2.0796
78.3708,0.5132,2.2141
78.3710,0.498,2.1484
78.3712,0.4853,2.0926
78.3714,0.4835,2.0858
78.3716,0.4721,2.0357
78.3718,0.4819,2.0762
78.3720,0.5515,2.3758
78.3722,0.5257,2.2679
78.3724,0.5183,2.2358
78.3726,0.5175,2.2275
78.3728,0.6191,2.6634
78.3730,0.6865,2.9547
78.3732,0.6489,2.7927
78.3734,0.6142,2.6435
78.3736,0.6131,2.6364
78.3738,0.6285,2.7024
78.3740,0.6682,2.8744
78.3742,0.7004,3.016
78.3744,0.6635,2.8517
78.3746,0.7033,3.0228
78.3748,0.6841,2.9403
78.3750,0.6887,2.9599
78.3752,0.7497,3.2192
78.3754,0.7952,3.416
78.3756,0.7285,3.1325
78.3758,0.6966,2.9953
78.3760,0.7513,3.2289
78.3762,0.7736,3.317
78.3764,0.8509,3.647
78.3766,0.8676,3.7219
78.3768,0.8687,3.7248
78.3770,0.8702,3.7315
78.3772,0.9015,3.8711
78.3774,0.8526,3.6542
78.3776,0.9428,4.0369
78.3778,0.973,4.1702
78.3780,0.9784,4.1933
78.3782,0.9687,4.1517
78.3784,0.9797,4.1931
78.3786,0.9974,4.2731
78.3788,0.9593,4.1116
78.3790,0.9717,4.1568
78.3792,1.1033,4.7222
78.3794,1.0008,4.2894
78.3796,0.9356,4.0117
78.3798,0.9572,4.0985
78.3800,0.9804,4.204
78.3802,0.9098,3.9084
78.3804,0.7797,3.3511
78.3806,0.7496,3.2247
78.3808,0.7624,3.2769
78.3810,0.7937,3.4114
78.3812,0.7945,3.4166
78.3814,0.7514,3.2294
78.3816,0.7323,3.1504
78.3818,0.6996,3.004
78.3820,0.8118,3.4924
78.3822,0.7308,3.1437
78.3824,0.7154,3.0734
78.3826,0.771,3.3155
78.3828,0.7677,3.2995
78.3830,0.7625,3.2758
78.3832,0.7577,3.2598
78.3834,0.7051,3.0333
78.3836,0.7182,3.0895
78.3838,0.6962,3.0007
78.3840,0.6155,2.6529
78.3842,0.6377,2.7447
78.3844,0.6592,2.8371
78.3846,0.6654,2.8666
78.3848,0.6559,2.8244
78.3850,0.6899,2.9692
78.3852,0.7252,3.1171
78.3854,0.7615,3.2788
78.3856,0.6983,3.0067
78.3858,0.6739,2.8978
78.3860,0.7221,3.1037
78.3862,0.7438,3.2044
78.3864,0.6734,2.8998
78.3866,0.6613,2.8477
78.3868,0.6632,2.8573
78.3870,0.6636,2.8588
78.3872,0.6551,2.8195
78.3874,0.674,2.9024
78.3876,0.6634,2.8591
78.3878,0.6439,2.7767
78.3880,0.5763,2.485
78.3882,0.5524,2.3821
78.3884,0.5803,2.5009
78.3886,0.6172,2.6564
78.3888,0.6599,2.8402
78.3890,0.6679,2.8801
78.3892,0.5316,2.2954
78.3894,0.4655,2.0101
78.3896,0.4627,1.9972
78.3898,0.4684,2.0206
78.3900,0.5316,2.2932
78.3902,0.5244,2.2611
78.3904,0.5086,2.1939
78.3906,0.5081,2.1918
78.3908,0.5506,2.3711
78.3910,0.6757,2.9056
78.3912,0.7046,3.0341
78.3914,0.6339,2.732
78.3916,0.6273,2.7035
78.3918,0.6396,2.7542
78.3920,0.6443,2.7743
78.3922,0.6707,2.8879
78.3924,0.6784,2.9156
78.3926,0.791,3.3916
78.3928,0.8884,3.8132
78.3930,0.8486,3.644
78.3932,0.8227,3.5344
78.3934,0.8239,3.5396
78.3936,0.8206,3.5235
78.3938,0.8007,3.4445
78.3940,0.7539,3.2418
78.3942,0.752,3.232
78.3944,0.72,3.0958
78.3946,0.7173,3.0874
78.3948,0.6507,2.8043
78.3950,0.6442,2.77
78.3952,0.7808,3.3557
78.3954,0.7189,3.097
78.3956,0.6255,2.692
78.3958,0.6248,2.6864
78.3960,0.6869,2.9522
78.3962,0.6682,2.8798
78.3964,0.5951,2.565
78.3966,0.6371,2.7434
78.3968,0.6052,2.6096
78.3970,0.5486,2.3667
78.3972,0.5563,2.3965
78.3974,0.5449,2.3485
78.3976,0.5414,2.3346
78.3978,0.5457,2.3532
78.3980,0.5445,2.348
78.3982,0.5811,2.5022
78.3984,0.6196,2.6692
78.3986,0.5522,2.3811
78.3988,0.5466,2.3579
78.3990,0.5469,2.3562
78.3992,0.6089,2.6196
78.3994,0.6655,2.8617
78.3996,0.6897,2.9687
78.3998,0.6838,2.9442
78.4000,0.6236,2.6875
78.4002,0.5475,2.362
78.4004,0.5378,2.3212
78.4006,0.531,2.2885
78.4008,0.5869,2.5247
78.4010,0.6539,2.8157
78.4012,0.6702,2.8845
78.4014,0.6716,2.8894
78.4016,0.7276,3.1303
78.4018,0.7341,3.1596
78.4020,0.6983,2.9969
78.4022,0.7573,3.2517
78.4024,0.7666,3.2964
78.4026,0.7155,3.0753
78.4028,0.7318,3.1454
78.4030,0.7412,3.1901
78.4032,0.6919,2.9793
78.4034,0.6797,2.924
78.4036,0.6263,2.7007
78.4038,0.4952,2.1375
78.4040,0.4857,2.0951
78.4042,0.4827,2.0812
78.4044,0.483,2.0837
78.4046,0.4961,2.1411
78.4048,0.4948,2.1344
78.4050,0.4987,2.1505
78.4052,0.4955,2.1375
78.4054,0.4946,2.1349
78.4056,0.4926,2.1241
78.4058,0.5063,2.181
78.4060,0.559,2.4072
78.4062,0.6456,2.7774
78.4064,0.6628,2.8565
78.4066,0.5851,2.5228
78.4068,0.5105,2.2022
78.4070,0.5041,2.1727
78.4072,0.5357,2.3055
78.4074,0.5942,2.5573
78.4076,0.6048,2.6033
78.4078,0.6427,2.7663
78.4080,0.6438,2.771
78.4082,0.6796,2.9207
78.4084,0.7589,3.2604
78.4086,0.7686,3.3052
78.4088,0.7245,3.1169
78.4090,0.7077,3.0418
78.4092,0.723,3.1058
78.4094,0.7569,3.2531
78.4096,0.7925,3.4046
78.4098,0.8279,3.5549
78.4100,0.7883,3.385
78.4102,0.7969,3.4221
78.4104,0.8222,3.5291
78.4106,0.888,3.8076
78.4108,0.9196,3.9433
78.4110,0.9026,3.8739
78.4112,0.9176,3.9346
78.4114,0.9086,3.8997
78.4116,0.8782,3.7677
78.4118,0.9384,4.0184
78.4120,1.0325,4.421
78.4122,0.956,4.0934
78.4124,0.9359,4.0114
78.4126,0.9893,4.2401
78.4128,0.9984,4.2812
78.4130,0.992,4.2499
78.4132,0.9193,3.9418
78.4134,0.907,3.893
78.4136,0.8905,3.8184
78.4138,0.8894,3.8173
78.4140,0.8824,3.7857
78.4142,0.8306,3.5701
78.4144,0.8273,3.5524
78.4146,0.8964,3.8472
78.4148,0.8316,3.5692
78.4150,0.8423,3.6117
78.4152,0.9199,3.9425
78.4154,1.0182,4.366
78.4156,0.9455,4.0601
78.4158,0.9026,3.8721
78.4160,0.9689,4.1624
78.4162,0.8629,3.7105
78.4164,0.7201,3.0992
78.4166,0.6262,2.6976
78.4168,0.5951,2.5662
78.4170,0.5987,2.5757
78.4172,0.6918,2.9761
78.4174,0.7189,3.0955
78.4176,0.68,2.9255
78.4178,0.6793,2.9251
78.4180,0.6873,2.9597
78.4182,0.6905,2.9718
78.4184,0.6441,2.7772
78.4186,0.6089,2.6269
78.4188,0.5854,2.5232
78.4190,0.5917,2.5477
78.4192,0.6279,2.7086
78.4194,0.5481,2.3657
78.4196,0.5113,2.2058
78.4198,0.4999,2.1577
78.4200,0.5322,2.2948
78.4202,0.5865,2.5337
78.4204,0.5131,2.2146
78.4206,0.4914,2.1209
78.4208,0.4948,2.1364
78.4210,0.503,2.1701
78.4212,0.5644,2.4293
78.4214,0.6251,2.6955
78.4216,0.508,2.1944
78.4218,0.4246,1.8343
78.4220,0.4088,1.7668
78.4222,0.4084,1.7628
78.4224,0.4607,1.9893
78.4226,0.4593,1.9831
78.4228,0.4978,2.1493
78.4230,0.4763,2.0547
78.4232,0.4529,1.9539
78.4234,0.5023,2.166
78.4236,0.5414,2.3357
78.4238,0.5503,2.3717
78.4240,0.5888,2.5365
78.4242,0.6114,2.6341
78.4244,0.5698,2.456
78.4246,0.5812,2.5062
78.4248,0.5647,2.4326
78.4250,0.5735,2.4697
78.4252,0.5677,2.4455
78.4254,0.5775,2.4891
78.4256,0.5907,2.5424
78.4258,0.6942,2.9794
78.4260,0.8382,3.5992
78.4262,0.7797,3.3526
78.4264,0.7312,3.1458
78.4266,0.6939,2.9909
78.4268,0.5672,2.4435
78.4270,0.5502,2.3701
78.4272,0.5991,2.5809
78.4274,0.6276,2.7038
78.4276,0.6563,2.8207
78.4278,0.6996,3.0082
78.4280,0.6863,2.9537
78.4282,0.6543,2.8198
78.4284,0.549,2.3638
78.4286,0.5905,2.5449
78.4288,0.5538,2.3889
78.4290,0.5474,2.3582
78.4292,0.5971,2.5709
78.4294,0.5827,2.5113
78.4296,0.5357,2.3097
78.4298,0.5322,2.2937
78.4300,0.5277,2.2756
78.4302,0.56,2.4125
78.4304,0.5558,2.3988
78.4306,0.4662,2.0113
78.4308,0.451,1.9465
78.4310,0.4514,1.9471
78.4312,0.4812,2.0731
78.4314,0.5646,2.4321
78.4316,0.5767,2.4854
78.4318,0.5694,2.4505
78.4320,0.6459,2.7798
78.4322,0.6713,2.8892
78.4324,0.7088,3.0465
78.4326,0.7101,3.0521
78.4328,0.7565,3.2501
78.4330,0.7406,3.1831
78.4332,0.6973,2.9984
78.4334,0.6984,3.0058
78.4336,0.6492,2.7942
78.4338,0.6544,2.8177
78.4340,0.6128,2.6373
78.4342,0.6852,2.9463
78.4344,0.7099,3.0511
78.4346,0.7412,3.1856
78.4348,0.7013,3.014
78.4350,0.7117,3.0631
78.4352,0.6802,2.9287
78.4354,0.6865,2.952
78.4356,0.6979,3.0024
78.4358,0.6318,2.7206
78.4360,0.618,2.6625
78.4362,0.5865,2.5231
78.4364,0.6328,2.721
78.4366,0.6611,2.8453
78.4368,0.6391,2.756
78.4370,0.5288,2.2834
78.4372,0.4928,2.1261
78.4374,0.4949,2.1339
78.4376,0.4835,2.0839
78.4378,0.4849,2.092
78.4380,0.4876,2.1034
78.4382,0.488,2.1035
78.4384,0.5016,2.1619
78.4386,0.5535,2.389
78.4388,0.487,2.1008
78.4390,0.4773,2.0579
78.4392,0.4828,2.0817
78.4394,0.4853,2.0935
78.4396,0.4813,2.0746
78.4398,0.489,2.1076
78.4400,0.5445,2.3437
78.4402,0.596,2.5663
78.4404,0.5853,2.5203
78.4406,0.5752,2.4781
78.4408,0.5634,2.4292
78.4410,0.5863,2.5209
78.4412,0.6171,2.6559
78.4414,0.5883,2.5309
78.4416,0.6654,2.8586
78.4418,0.733,3.1491
78.4420,0.714,3.0715
78.4422,0.7137,3.0662
78.4424,0.7766,3.333
78.4426,0.774,3.3237
78.4428,0.8696,3.722
78.4430,1.0124,4.3312
78.4432,0.9898,4.2362
78.4434,0.9833,4.2085
78.4436,0.9727,4.1692
78.4438,0.9671,4.1431
78.4440,0.9897,4.2377
78.4442,0.9573,4.1048
78.4444,0.9594,4.1083
78.4446,1.0166,4.3491
78.4448,1.1085,4.7354
78.4450,1.0967,4.6962
78.4452,1.037,4.4447
78.4454,0.9892,4.2356
78.4456,0.9941,4.2587
78.4458,0.8812,3.7841
78.4460,0.8101,3.4771
78.4462,0.8015,3.4417
78.4464,0.798,3.4267
78.4466,0.7882,3.3892
78.4468,0.7901,3.3991
78.4470,0.7382,3.1742
78.4472,0.7057,3.0401
78.4474,0.6843,2.9441
78.4476,0.7797,3.3464
78.4478,0.8201,3.5231
78.4480,0.8038,3.4563
78.4482,0.7403,3.185
78.4484,0.7021,3.0204
78.4486,0.7252,3.1185
78.4488,0.7709,3.315
78.4490,0.7642,3.2846
78.4492,0.7222,3.1071
78.4494,0.7306,3.1417
78.4496,0.738,3.1747
78.4498,0.6806,2.9294
78.4500,0.6625,2.8542
78.4502,0.6716,2.888
78.4504,0.7068,3.0434
78.4506,0.6479,2.7872
78.4508,0.6689,2.8762
78.4510,0.7558,3.25
78.4512,0.7568,3.2526
78.4514,0.7714,3.3186
78.4516,0.705,3.037
78.4518,0.6817,2.9341
78.4520,0.6793,2.9265
78.4522,0.6854,2.9501
78.4524,0.6905,2.969
78.4526,0.7039,3.0296
78.4528,0.6956,2.9898
78.4530,0.7544,3.2453
78.4532,0.7376,3.1746
78.4534,0.7286,3.1344
78.4536,0.7667,3.2954
78.4538,0.8056,3.4576
78.4540,0.8227,3.5344
78.4542,0.7682,3.3031
78.4544,0.7384,3.1782
78.4546,0.5956,2.5683
78.4548,0.574,2.4741
78.4550,0.5901,2.541
78.4552,0.6352,2.7364
78.4554,0.6668,2.8728
78.4556,0.5816,2.5066
78.4558,0.5671,2.4441
78.4560,0.6184,2.6628
78.4562,0.6576,2.8317
78.4564,0.6643,2.8606
78.4566,0.6774,2.9196
78.4568,0.6327,2.7255
78.4570,0.633,2.7258
78.4572,0.6351,2.7346
78.4574,0.6423,2.7656
78.4576,0.6883,2.9556
78.4578,0.7772,3.3371
78.4580,0.8129,3.4922
78.4582,0.86,3.6964
78.4584,0.8187,3.5169
78.4586,0.8254,3.5425
78.4588,0.9113,3.9133
78.4590,0.8038,3.4563
78.4592,0.7609,3.2732
78.4594,0.7444,3.2025
78.4596,0.7601,3.2671
78.4598,0.7581,3.2659
78.4600,0.6418,2.7661
78.4602,0.6172,2.6589
78.4604,0.6114,2.6365
78.4606,0.609,2.6238
78.4608,0.6104,2.6258
78.4610,0.6546,2.8188
78.4612,0.7015,3.0206
78.4614,0.6648,2.8613
78.4616,0.6715,2.8902
78.4618,0.6842,2.949
78.4620,0.6461,2.7821
78.4622,0.6347,2.7356
78.4624,0.5547,2.3931
78.4626,0.5432,2.3434
78.4628,0.5437,2.3444
78.4630,0.5625,2.4244
78.4632,0.561,2.4189
78.4634,0.5516,2.3796
78.4636,0.5435,2.3423
78.4638,0.5381,2.319
78.4640,0.5405,2.3315
78.4642,0.5757,2.4778
78.4644,0.6944,2.986
78.4646,0.7202,3.1041
78.4648,0.6066,2.6171
78.4650,0.5619,2.4219
78.4652,0.5745,2.4761
78.4654,0.6427,2.7676
78.4656,0.6933,2.9814
78.4658,0.7065,3.0367
78.4660,0.6996,3.0082
78.4662,0.7086,3.0511
78.4664,0.6329,2.7278
78.4666,0.5718,2.4642
78.4668,0.5885,2.5342
78.4670,0.6617,2.8439
78.4672,0.7055,3.0335
78.4674,0.6755,2.9072
78.4676,0.6843,2.9454
78.4678,0.7323,3.146
78.4680,0.785,3.3753
78.4682,0.7567,3.2536
78.4684,0.7278,3.1337
78.4686,0.6944,2.9874
78.4688,0.7092,3.0494
78.4690,0.7328,3.1496
78.4692,0.7551,3.2454
78.4694,0.7029,3.024
78.4696,0.7673,3.3011
78.4698,0.6704,2.8923
78.4700,0.5039,2.1737
78.4702,0.5015,2.1644
78.4704,0.4933,2.1272
78.4706,0.4857,2.0941
78.4708,0.4803,2.0709
78.4710,0.4743,2.0469
78.4712,0.4803,2.0718
78.4714,0.5119,2.2094
78.4716,0.505,2.1764
78.4718,0.5641,2.43
78.4720,0.664,2.8604
78.4722,0.6401,2.7537
78.4724,0.673,2.8964
78.4726,0.6557,2.8195
78.4728,0.6418,2.7622
78.4730,0.6577,2.8269
78.4732,0.7249,3.1155
78.4734,0.6816,2.9349
78.4736,0.6291,2.7113
78.4738,0.5794,2.495
78.4740,0.6018,2.5904
78.4742,0.6396,2.7516
78.4744,0.6772,2.9131
78.4746,0.6798,2.9218
78.4748,0.7457,3.2007
78.4750,0.8171,3.5135
78.4752,0.8212,3.5261
78.4754,0.8165,3.5044
78.4756,0.8483,3.6374
78.4758,0.8864,3.8027
78.4760,0.8912,3.8233
78.4762,0.8943,3.8366
78.4764,0.9542,4.0914
78.4766,0.9967,4.268
78.4768,0.9845,4.2195
78.4770,0.9721,4.1685
78.4772,0.9649,4.1338
78.4774,0.9777,4.1863
78.4776,0.9657,4.1466
78.4778,0.9229,3.9554
78.4780,0.9876,4.225
78.4782,1.1264,4.823
78.4784,1.0855,4.6458
78.4786,1.0835,4.6354
78.4788,1.1223,4.8033
78.4790,1.0789,4.6283
78.4792,0.9207,3.9535
78.4794,0.8466,3.6404
78.4796,0.8125,3.4972
78.4798,0.7612,3.2747
78.4800,0.7345,3.1582
78.4802,0.7302,3.1411
78.4804,0.7312,3.1472
78.4806,0.7528,3.2356
78.4808,0.8014,3.4508
78.4810,0.6873,2.9583
78.4812,0.6456,2.7826
78.4814,0.6409,2.7612
78.4816,0.6779,2.9135
78.4818,0.7692,3.3062
78.4820,0.7254,3.1249
78.4822,0.6348,2.7348
78.4824,0.6467,2.7873
78.4826,0.6298,2.7131
78.4828,0.6044,2.6084
78.4830,0.5764,2.4821
78.4832,0.6885,2.9635
78.4834,0.6832,2.9416
78.4836,0.7188,3.0921
78.4838,0.6714,2.8937
78.4840,0.6078,2.6174
78.4842,0.6352,2.7376
78.4844,0.6102,2.6326
78.4846,0.6358,2.7364
78.4848,0.6468,2.7852
78.4850,0.5953,2.5655
78.4852,0.6201,2.67
78.4854,0.6911,2.9771
78.4856,0.5872,2.5321
78.4858,0.5532,2.3863
78.4860,0.6123,2.6389
78.4862,0.6194,2.6694
78.4864,0.6015,2.5924
78.4866,0.6008,2.5881
78.4868,0.5688,2.4525
78.4870,0.5294,2.2839
78.4872,0.5466,2.3546
78.4874,0.6027,2.5976
78.4876,0.614,2.6462
78.4878,0.5932,2.5603
78.4880,0.5407,2.3336
78.4882,0.444,1.92
78.4884,0.3957,1.7111
78.4886,0.3952,1.7058
78.4888,0.4509,1.9451
78.4890,0.4552,1.9655
78.4892,0.4452,1.9243
78.4894,0.4734,2.0414
78.4896,0.5233,2.2544
78.4898,0.5474,2.3615
78.4900,0.5541,2.3883
78.4902,0.5379,2.3185
78.4904,0.5413,2.333
78.4906,0.5385,2.3222
78.4908,0.5469,2.3573
78.4910,0.5605,2.4145
78.4912,0.5984,2.5802
78.4914,0.5834,2.512
78.4916,0.626,2.6928
78.4918,0.6925,2.9805
78.4920,0.6738,2.8987
78.4922,0.731,3.1404
78.4924,0.7316,3.1473
78.4926,0.7348,3.1642
78.4928,0.6779,2.9189
78.4930,0.671,2.8828
78.4932,0.7345,3.1597
78.4934,0.764,3.2836
78.4936,0.7387,3.1763
78.4938,0.6885,2.9621
78.4940,0.7184,3.0877
78.4942,0.6989,3.0107
78.4944,0.626,2.6953
78.4946,0.6613,2.8437
78.4948,0.7268,3.1252
78.4950,0.6626,2.8533
78.4952,0.6397,2.7547
78.4954,0.6432,2.7671
78.4956,0.6492,2.7942
78.4958,0.6449,2.7782
78.4960,0.6306,2.713
78.4962,0.7326,3.1544
78.4964,0.6463,2.787
78.4966,0.5632,2.4298
78.4968,0.4747,2.0499
78.4970,0.4655,2.0091
78.4972,0.4599,1.9848
78.4974,0.4611,1.9918
78.4976,0.4635,2.0003
78.4978,0.4642,2.0025
78.4980,0.4681,2.0196
78.4982,0.4732,2.0404
78.4984,0.5259,2.2647
78.4986,0.5729,2.466
78.4988,0.6021,2.595
78.4990,0.5823,2.5086
78.4992,0.5854,2.5208
78.4994,0.5852,2.5221
78.4996,0.5424,2.3354
78.4998,0.6083,2.6207
78.5000,0.5915,2.5483
78.5002,0.5932,2.5544
78.5004,0.6059,2.6091
78.5006,0.5919,2.5511
78.5008,0.5879,2.5317
78.5010,0.623,2.6824
78.5012,0.6264,2.6974
78.5014,0.615,2.6496
78.5016,0.5961,2.5668
78.5018,0.5926,2.5506
78.5020,0.6123,2.6353
78.5022,0.5548,2.3914
78.5024,0.5528,2.3859
78.5026,0.4952,2.1365
78.5028,0.4849,2.091
78.5030,0.4815,2.078
78.5032,0.4945,2.1314
78.5034,0.546,2.3509
78.5036,0.5381,2.3179
78.5038,0.4895,2.1107
78.5040,0.5198,2.2405
78.5042,0.5815,2.5038
78.5044,0.5462,2.3552
78.5046,0.5169,2.2281
78.5048,0.5235,2.2565
78.5050,0.4918,2.1195
78.5052,0.4916,2.119
78.5054,0.504,2.1712
78.5056,0.5088,2.1949
78.5058,0.5405,2.3239
78.5060,0.679,2.9195
78.5062,0.6827,2.9355
78.5064,0.6963,2.9971
78.5066,0.602,2.5921
78.5068,0.5992,2.5838
78.5070,0.5246,2.2601
78.5072,0.5269,2.2688
78.5074,0.5758,2.4784
78.5076,0.6425,2.7653
78.5078,0.6485,2.7859
78.5080,0.7218,3.0964
78.5082,0.805,3.455
78.5084,0.8107,3.4813
78.5086,0.7869,3.3757
78.5088,0.7839,3.3644
78.5090,0.8155,3.5003
78.5092,0.8417,3.6142
78.5094,0.8627,3.6956
78.5096,0.898,3.8508
78.5098,0.8748,3.7528
78.5100,0.8551,3.6667
78.5102,0.814,3.4968
78.5104,0.8008,3.4386
78.5106,0.8328,3.5744
78.5108,0.82,3.516
78.5110,0.928,3.9775
78.5112,0.979,4.192
78.5114,1.0243,4.3861
78.5116,0.9847,4.2186
78.5118,0.9863,4.2233
78.5120,0.9934,4.2476
78.5122,1.0283,4.4133
78.5124,0.9033,3.8788
78.5126,0.8564,3.6741
78.5128,0.8971,3.8467
78.5130,0.8781,3.7654
78.5132,0.8875,3.8091
78.5134,0.8822,3.7917
78.5136,0.8351,3.5858
78.5138,0.8818,3.7849
78.5140,0.8297,3.5627
78.5142,0.8064,3.466
78.5144,0.8291,3.5601
78.5146,0.8256,3.5452
78.5148,0.8535,3.6617
78.5150,0.8826,3.788
78.5152,0.8762,3.7625
78.5154,0.8558,3.6766
78.5156,0.8113,3.4855
78.5158,0.791,3.4027
78.5160,0.7529,3.2391
78.5162,0.7324,3.1465
78.5164,0.7692,3.3108
78.5166,0.6694,2.8796
78.5168,0.7129,3.0683
78.5170,0.7224,3.109
78.5172,0.7038,3.029
78.5174,0.6671,2.8725
78.5176,0.719,3.0917
78.5178,0.7365,3.1714
78.5180,0.6075,2.6183
78.5182,0.5787,2.4942
78.5184,0.6024,2.5966
78.5186,0.599,2.5816
78.5188,0.5533,2.3869
78.5190,0.5546,2.3914
78.5192,0.6275,2.7033
78.5194,0.6399,2.7527
78.5196,0.6595,2.8412
78.5198,0.6172,2.6614
78.5200,0.5738,2.473
78.5202,0.5635,2.4297
78.5204,0.6147,2.6468
78.5206,0.6565,2.8244
78.5208,0.6945,2.9879
78.5210,0.6745,2.9018
78.5212,0.7178,3.0851
78.5214,0.6999,3.0167
78.5216,0.5893,2.5421
78.5218,0.5703,2.4603
78.5220,0.5851,2.5181
78.5222,0.6555,2.8224
78.5224,0.6557,2.8273
78.5226,0.5945,2.5636
78.5228,0.5611,2.4171
78.5230,0.5712,2.4617
78.5232,0.5683,2.4493
78.5234,0.5692,2.4534
78.5236,0.569,2.4546
78.5238,0.555,2.393
78.5240,0.5829,2.5135
78.5242,0.5155,2.2239
78.5244,0.4847,2.09
78.5246,0.5361,2.3107
78.5248,0.5325,2.2931
78.5250,0.5953,2.5643
78.5252,0.6053,2.6114
78.5254,0.5357,2.3087
78.5256,0.5345,2.3035
78.5258,0.545,2.3479
78.5260,0.6138,2.6444
78.5262,0.6292,2.7068
78.5264,0.6183,2.6635
78.5266,0.557,2.4018
78.5268,0.5523,2.3805
78.5270,0.5545,2.3865
78.5272,0.6791,2.9227
78.5274,0.6594,2.8368
78.5276,0.7286,3.1286
78.5278,0.7363,3.1704
78.5280,0.6426,2.7671
78.5282,0.6465,2.7823
78.5284,0.6397,2.7547
78.5286,0.642,2.7671
78.5288,0.568,2.4494
78.5290,0.5189,2.2374
78.5292,0.5126,2.2115
78.5294,0.5108,2.2017
78.5296,0.5147,2.2193
78.5298,0.5253,2.2653
78.5300,0.5153,2.2239
78.5302,0.5111,2.2037
78.5304,0.5274,2.2709
78.5306,0.5991,2.5809
78.5308,0.6147,2.648
78.5310,0.5825,2.5084
78.5312,0.5632,2.4253
78.5314,0.6154,2.6474
78.5316,0.667,2.8666
78.5318,0.73,3.1377
78.5320,0.7679,3.3021
78.5322,0.751,3.2294
78.5324,0.7303,3.1446
78.5326,0.6432,2.7671
78.5328,0.6659,2.8646
78.5330,0.6793,2.921
78.5332,0.6354,2.7336
78.5334,0.6146,2.6451
78.5336,0.6225,2.6816
78.5338,0.6602,2.8377
78.5340,0.729,3.1331
78.5342,0.7565,3.2531
78.5344,0.6474,2.7865
78.5346,0.5937,2.5588
78.5348,0.5504,2.37
78.5350,0.6074,2.6153
78.5352,0.6166,2.6588
78.5354,0.5169,2.2312
78.5356,0.4753,2.0497
78.5358,0.5063,2.1831
78.5360,0.507,2.1862
78.5362,0.4957,2.1366
78.5364,0.4999,2.1547
78.5366,0.5234,2.257
78.5368,0.499,2.1525
78.5370,0.4949,2.1359
78.5372,0.4957,2.1366
78.5374,0.528,2.2767
78.5376,0.4964,2.1417
78.5378,0.495,2.1325
78.5380,0.5584,2.4058
78.5382,0.539,2.3221
78.5384,0.4534,1.9587
78.5386,0.3793,1.6385
78.5388,0.3765,1.6274
78.5390,0.3829,1.6525
78.5392,0.4323,1.8649
78.5394,0.4666,2.0128
78.5396,0.4901,2.1133
78.5398,0.4829,2.0813
78.5400,0.481,2.073
78.5402,0.4915,2.1185
78.5404,0.5216,2.2461
78.5406,0.5542,2.3877
78.5408,0.599,2.5792
78.5410,0.6011,2.5873
78.5412,0.5727,2.4661
78.5414,0.6096,2.6202
78.5416,0.7005,3.0067
78.5418,0.791,3.3948
78.5420,0.7987,3.4282
78.5422,0.8079,3.469
78.5424,0.8336,3.578
78.5426,0.8429,3.6109
78.5428,0.9043,3.8739
78.5430,0.9381,4.0188
78.5432,0.9646,4.1284
78.5434,0.9608,4.1139
78.5436,0.9352,4.0083
78.5438,0.9371,4.0184
78.5440,0.9552,4.0941
78.5442,0.9265,3.9652
78.5444,1.0302,4.4071
78.5446,1.0675,4.5624
78.5448,1.0767,4.6062
78.5450,1.0767,4.6062
78.5452,1.0795,4.6244
78.5454,1.0136,4.3424
78.5456,0.9512,4.0824
78.5458,0.849,3.6422
78.5460,0.8916,3.823
78.5462,0.901,3.8672
78.5464,0.8528,3.6586
78.5466,0.8866,3.8002
78.5468,0.9229,3.9609
78.5470,0.8747,3.7575
78.5472,0.8351,3.5925
78.5474,0.7344,3.1607
78.5476,0.6638,2.8572
78.5478,0.6525,2.8082
78.5480,0.6794,2.9202
78.5482,0.7582,3.2588
78.5484,0.7727,3.3181
78.5486,0.7929,3.4157
78.5488,0.6491,2.7963
78.5490,0.6493,2.7908
78.5492,0.7459,3.2042
78.5494,0.7344,3.1577
78.5496,0.7625,3.2804
78.5498,0.7752,3.3335
78.5500,0.7649,3.2923
78.5502,0.7136,3.0714
78.5504,0.7215,3.104
78.5506,0.7388,3.1812
78.5508,0.6836,2.9369
78.5510,0.7176,3.087
78.5512,0.7153,3.0743
78.5514,0.7624,3.2784
78.5516,0.7865,3.3804
78.5518,0.7832,3.366
78.5520,0.7857,3.38
78.5522,0.7553,3.2464
78.5524,0.784,3.3696
78.5526,0.7958,3.417
78.5528,0.8007,3.4397
78.5530,0.7877,3.3888
78.5532,0.6583,2.8387
78.5534,0.5803,2.5033
78.5536,0.578,2.4888
78.5538,0.6638,2.8559
78.5540,0.6917,2.9769
78.5542,0.727,3.1248
78.5544,0.7203,3.0974
78.5546,0.6989,3.0079
78.5548,0.7405,3.184
78.5550,0.801,3.4508
78.5552,0.6683,2.879
78.5554,0.6147,2.648
78.5556,0.6026,2.5935
78.5558,0.6695,2.8828
78.5560,0.6821,2.9343
78.5562,0.692,2.9757
78.5564,0.7257,3.1264
78.5566,0.6403,2.7612
78.5568,0.6201,2.6713
78.5570,0.622,2.6758
78.5572,0.7049,3.0323
78.5574,0.757,3.2537
78.5576,0.7597,3.2635
78.5578,0.7841,3.3686
78.5580,0.8101,3.4755
78.5582,0.8383,3.6132
78.5584,0.6564,2.8291
78.5586,0.6286,2.7092
78.5588,0.6252,2.691
78.5590,0.6282,2.7052
78.5592,0.6261,2.6971
78.5594,0.6273,2.701
78.5596,0.6287,2.7085
78.5598,0.63,2.7129
78.5600,0.628,2.7041
78.5602,0.6294,2.7128
78.5604,0.6507,2.7991
78.5606,0.7539,3.2388
78.5608,0.7409,3.1905
78.5610,0.6598,2.841
78.5612,0.6462,2.7839
78.5614,0.6381,2.7488
78.5616,0.6213,2.6764
78.5618,0.5872,2.5309
78.5620,0.566,2.4383
78.5622,0.5734,2.4761
78.5624,0.4813,2.0794
78.5626,0.5078,2.1908
78.5628,0.4902,2.1148
78.5630,0.4679,2.0204
78.5632,0.4639,2.0033
78.5634,0.4656,2.0096
78.5636,0.5058,2.18
78.5638,0.5247,2.2658
78.5640,0.4749,2.0495
78.5642,0.5098,2.2001
78.5644,0.4842,2.0908
78.5646,0.4741,2.0454
78.5648,0.5088,2.1909
78.5650,0.5636,2.4302
78.5652,0.5731,2.4688
78.5654,0.6242,2.6876
78.5656,0.6147,2.6505
78.5658,0.5401,2.3246
78.5660,0.6123,2.6377
78.5662,0.6212,2.671
78.5664,0.7308,3.1423
78.5666,0.6867,2.9558
78.5668,0.6527,2.8092
78.5670,0.6563,2.826
78.5672,0.5842,2.5168
78.5674,0.5628,2.4244
78.5676,0.5563,2.3965
78.5678,0.5492,2.3671
78.5680,0.5677,2.4421
78.5682,0.6381,2.7449
78.5684,0.6949,2.9909
78.5686,0.6658,2.8654
78.5688,0.6686,2.8738
78.5690,0.7198,3.0924
78.5692,0.6992,3.0094
78.5694,0.6051,2.6067
78.5696,0.6224,2.6774
78.5698,0.6564,2.8291
78.5700,0.6125,2.6351
78.5702,0.6153,2.6445
78.5704,0.649,2.7971
78.5706,0.6017,2.5898
78.5708,0.6331,2.7238
78.5710,0.6438,2.7736
78.5712,0.6024,2.5941
78.5714,0.6212,2.6759
78.5716,0.6315,2.7204
78.5718,0.6239,2.6841
78.5720,0.6569,2.8259
78.5722,0.6625,2.8502
78.5724,0.7052,3.0324
78.5726,0.649,2.7945
78.5728,0.575,2.4759
78.5730,0.5762,2.4834
78.5732,0.5878,2.5323
78.5734,0.5956,2.5659
78.5736,0.5755,2.478
78.5738,0.6313,2.7161
78.5740,0.7303,3.1358
78.5742,0.8002,3.4376
78.5744,0.7603,3.2661
78.5746,0.7847,3.3711
78.5748,0.8117,3.4854
78.5750,0.8425,3.6161
78.5752,0.8649,3.7123
78.5754,0.847,3.6385
78.5756,0.8182,3.5116
78.5758,0.8187,3.5169
78.5760,0.8089,3.472
78.5762,0.8477,3.6348
78.5764,0.9058,3.886
78.5766,0.9249,3.966
78.5768,0.9387,4.0213
78.5770,0.9918,4.243
78.5772,1.0441,4.4708
78.5774,1.0184,4.363
78.5776,1.0236,4.3769
78.5778,1.1075,4.7358
78.5780,1.0909,4.6754
78.5782,1.0208,4.3753
78.5784,0.9672,4.1533
78.5786,0.8061,3.4677
78.5788,0.6634,2.8578
78.5790,0.6116,2.6322
78.5792,0.6459,2.7836
78.5794,0.6455,2.7821
78.5796,0.6495,2.794
78.5798,0.6885,2.9607
78.5800,0.7182,3.0881
78.5802,0.7257,3.122
78.5804,0.6702,2.8845
78.5806,0.722,3.0988
78.5808,0.8455,3.6323
78.5810,0.8149,3.5059
78.5812,0.7315,3.1497
78.5814,0.6998,3.012
78.5816,0.6907,2.9687
78.5818,0.7021,3.0218
78.5820,0.6764,2.91
78.5822,0.7226,3.1086
78.5824,0.7389,3.1817
78.5826,0.6938,2.9876
78.5828,0.6496,2.7971
78.5830,0.6822,2.9375
78.5832,0.6537,2.8107
78.5834,0.7214,3.1006
78.5836,0.7588,3.2644
78.5838,0.7215,3.1083
78.5840,0.6106,2.6317
78.5842,0.6421,2.7663
78.5844,0.6539,2.8143
78.5846,0.7073,3.0398
78.5848,0.7183,3.0915
78.5850,0.674,2.9038
78.5852,0.6474,2.7917
78.5854,0.5803,2.5009
78.5856,0.5739,2.4712
78.5858,0.6568,2.8294
78.5860,0.6286,2.7105
78.5862,0.5673,2.4451
78.5864,0.6059,2.6079
78.5866,0.6191,2.6659
78.5868,0.705,3.0314
78.5870,0.7535,3.2417
78.5872,0.6925,2.9875
78.5874,0.5476,2.3647
78.5876,0.5476,2.3615
78.5878,0.5614,2.4187
78.5880,0.5728,2.4666
78.5882,0.622,2.682
78.5884,0.5357,2.3108
78.5886,0.5373,2.3159
78.5888,0.5887,2.5371
78.5890,0.5558,2.3966
78.5892,0.548,2.3619
78.5894,0.5571,2.4023
78.5896,0.5661,2.4422
78.5898,0.5509,2.3732
78.5900,0.5601,2.4107
78.5902,0.6703,2.881
78.5904,0.7919,3.4005
78.5906,0.7724,3.3181
78.5908,0.769,3.3098
78.5910,0.7059,3.0369
78.5912,0.7103,3.0527
78.5914,0.7236,3.1113
78.5916,0.7311,3.1423
78.5918,0.7287,3.1364
78.5920,0.7227,3.1048
78.5922,0.7591,3.2624
78.5924,0.7371,3.1696
78.5926,0.7767,3.3397
78.5928,0.771,3.317
78.5930,0.7472,3.2084
78.5932,0.779,3.348
78.5934,0.7727,3.3227
78.5936,0.7497,3.2207
78.5938,0.8209,3.5234
78.5940,0.8384,3.6036
78.5942,0.7942,3.4166
78.5944,0.7435,3.1999
78.5946,0.6893,2.9625
78.5948,0.7081,3.0519
78.5950,0.5883,2.5367
78.5952,0.5523,2.3827
78.5954,0.55,2.3707
78.5956,0.5845,2.5202
78.5958,0.5598,2.4148
78.5960,0.5437,2.3455
78.5962,0.5411,2.3319
78.5964,0.5443,2.3481
78.5966,0.547,2.3589
78.5968,0.5666,2.4386
78.5970,0.6631,2.8528
78.5972,0.7354,3.1653
78.5974,0.6497,2.8002
78.5976,0.5688,2.4513
78.5978,0.5554,2.3951
78.5980,0.5505,2.3728
78.5982,0.5903,2.5396
78.5984,0.6519,2.8056
78.5986,0.6768,2.9143
78.5988,0.6592,2.8397
78.5990,0.6281,2.7009
78.5992,0.719,3.0946
78.5994,0.6781,2.9186
78.5996,0.6815,2.9331
78.5998,0.6902,2.9693
78.6000,0.6854,2.9501
78.6002,0.7065,3.0395
78.6004,0.7471,3.2139
78.6006,0.6846,2.9465
78.6008,0.7116,3.0626
78.6010,0.6824,2.9358
78.6012,0.6715,2.8875
78.6014,0.7473,3.2089
78.6016,0.7818,3.365
78.6018,0.6843,2.9441
78.6020,0.6716,2.8961
78.6022,0.5906,2.5477
78.6024,0.5698,2.4548
78.6026,0.5695,2.4544
78.6028,0.566,2.4394
78.6030,0.5671,2.4441
78.6032,0.6068,2.6127
78.6034,0.5871,2.5269
78.6036,0.5799,2.4994
78.6038,0.5626,2.4272
78.6040,0.5586,2.4085
78.6042,0.5554,2.3928
78.6044,0.5619,2.4219
78.6046,0.5624,2.4239
78.6048,0.5878,2.5311
78.6050,0.6487,2.7909
78.6052,0.6375,2.7424
78.6054,0.6273,2.7048
78.6056,0.6015,2.5924
78.6058,0.5974,2.5748
78.6060,0.5606,2.4151
78.6062,0.5616,2.4203
78.6064,0.5847,2.5166
78.6066,0.6679,2.8747
78.6068,0.7028,3.0207
78.6070,0.736,3.1664
78.6072,0.684,2.9425
78.6074,0.7952,3.416
78.6076,0.8007,3.4429
78.6078,0.7724,3.3181
78.6080,0.7745,3.3274
78.6082,0.7929,3.4014
78.6084,0.8523,3.6583
78.6086,0.8579,3.682
78.6088,0.8455,3.6289
78.6090,0.8211,3.5322
78.6092,0.7629,3.2774
78.6094,0.8196,3.5178
78.6096,0.8585,3.6828
78.6098,0.9033,3.8734
78.6100,0.8928,3.8299
78.6102,0.8943,3.8366
78.6104,0.944,4.0477
78.6106,0.9667,4.1435
78.6108,0.9803,4.2055
78.6110,0.9871,4.2308
78.6112,0.9706,4.1619
78.6114,0.9054,3.8876
78.6116,0.8895,3.816
78.6118,0.9105,3.9043
78.6120,0.9224,3.957
78.6122,0.91,3.9058
78.6124,0.9191,3.9431
78.6126,0.9243,3.9652
78.6128,0.937,4.016
78.6130,0.9922,4.2524
78.6132,0.9708,4.1571
78.6134,0.9533,4.0974
78.6136,0.8303,3.5719
78.6138,0.7904,3.3954
78.6140,0.8309,3.5662
78.6142,0.8418,3.6197
78.6144,0.7858,3.3789
78.6146,0.8089,3.4752
78.6148,0.8173,3.5129
78.6150,0.835,3.587
78.6152,0.8318,3.5769
78.6154,0.7877,3.3872
78.6156,0.7906,3.398
78.6158,0.8023,3.4485
78.6160,0.7521,3.2401
78.6162,0.692,2.9743
78.6164,0.8284,3.5587
78.6166,0.8416,3.6187
78.6168,0.839,3.6045
78.6170,0.8239,3.5429
78.6172,0.8328,3.5794
78.6174,0.8074,3.4701
78.6176,0.7754,3.3356
78.6178,0.7067,3.0443
78.6180,0.6768,2.9116
78.6182,0.7273,3.1302
78.6184,0.6937,2.9871
78.6186,0.7015,3.022
78.6188,0.6782,2.9205
78.6190,0.6676,2.8759
78.6192,0.6412,2.7648
78.6194,0.5544,2.3948
78.6196,0.4949,2.1349
78.6198,0.4894,2.1131
78.6200,0.4957,2.1415
78.6202,0.5006,2.1598
78.6204,0.5622,2.4229
78.6206,0.5853,2.5226
78.6208,0.5899,2.5435
78.6210,0.5947,2.5618
78.6212,0.6673,2.8708
78.6214,0.6866,2.9552
78.6216,0.7029,3.0226
78.6218,0.746,3.2107
78.6220,0.7293,3.1448
78.6222,0.617,2.6566
78.6224,0.6487,2.7922
78.6226,0.6703,2.8864
78.6228,0.6484,2.7945
78.6230,0.6158,2.6539
78.6232,0.5944,2.5619
78.6234,0.5913,2.5461
78.6236,0.6788,2.9217
78.6238,0.7097,3.0543
78.6240,0.7204,3.1022
78.6242,0.6029,2.601
78.6244,0.5706,2.4614
78.6246,0.5589,2.4078
78.6248,0.5921,2.5497
78.6250,0.5909,2.5493
78.6252,0.5897,2.5406
78.6254,0.6686,2.8778
78.6256,0.6893,2.968
78.6258,0.6402,2.7594
78.6260,0.5551,2.3957
78.6262,0.5105,2.2022
78.6264,0.5225,2.2529
78.6266,0.5747,2.4749
78.6268,0.6748,2.9015
78.6270,0.8039,3.4552
78.6272,0.8159,3.5067
78.6274,0.7322,3.147
78.6276,0.7624,3.2799
78.6278,0.7492,3.2262
78.6280,0.7371,3.1652
78.6282,0.7985,3.4272
78.6284,0.8372,3.6001
78.6286,0.7875,3.3893
78.6288,0.7317,3.1478
78.6290,0.7184,3.0848
78.6292,0.8086,3.4737
78.6294,0.7538,3.2503
78.6296,0.6335,2.7266
78.6298,0.6578,2.8366
78.6300,0.6655,2.8657
78.6302,0.6754,2.9067
78.6304,0.7129,3.074
78.6306,0.604,2.6021
78.6308,0.5855,2.5237
78.6310,0.5735,2.4708
78.6312,0.5972,2.5678
78.6314,0.6426,2.771
78.6316,0.6078,2.621
78.6318,0.6147,2.6443
78.6320,0.6569,2.8273
78.6322,0.7202,3.0998
78.6324,0.675,2.9079
78.6326,0.5901,2.5433
78.6328,0.6026,2.5971
78.6330,0.5825,2.5119
78.6332,0.595,2.5645
78.6334,0.6171,2.6596
78.6336,0.5848,2.5229
78.6338,0.5557,2.3961
78.6340,0.5452,2.3489
78.6342,0.5503,2.3717
78.6344,0.5624,2.4228
78.6346,0.6298,2.7093
78.6348,0.7143,3.073
78.6350,0.71,3.0573
78.6352,0.6298,2.7131
78.6354,0.6424,2.7712
78.6356,0.5244,2.2622
78.6358,0.4846,2.0924
78.6360,0.5026,2.167
78.6362,0.4896,2.1122
78.6364,0.4608,1.9917
78.6366,0.4607,1.9903
78.6368,0.4553,1.9651
78.6370,0.4524,1.9536
78.6372,0.4462,1.9276
78.6374,0.4424,1.9084
78.6376,0.4791,2.0657
78.6378,0.5189,2.2374
78.6380,0.5032,2.1706
78.6382,0.5026,2.17
78.6384,0.512,2.2048
78.6386,0.608,2.6167
78.6388,0.6377,2.7472
78.6390,0.6264,2.6962
78.6392,0.6799,2.9236
78.6394,0.6901,2.9661
78.6396,0.7017,3.0189
78.6398,0.6471,2.7862
78.6400,0.6094,2.6253
78.6402,0.5971,2.5709
78.6404,0.6403,2.7535
78.6406,0.7063,3.0342
78.6408,0.7774,3.3397
78.6410,0.7673,3.2964
78.6412,0.7661,3.2898
78.6414,0.7823,3.3624
78.6416,0.8064,3.4628
78.6418,0.8561,3.6708
78.6420,0.842,3.6174
78.6422,0.7926,3.4067
78.6424,0.8191,3.5108
78.6426,0.9213,3.9487
78.6428,0.9338,4.0003
78.6430,0.957,4.1038
78.6432,0.9609,4.1202
78.6434,0.9558,4.0967
78.6436,0.9477,4.0656
78.6438,0.9561,4.1016
78.6440,0.9247,3.9594
78.6442,1.0429,4.4636
78.6444,1.0319,4.4205
78.6446,1.0455,4.4832
78.6448,0.9985,4.2797
78.6450,1.0098,4.328
78.6452,0.9532,4.0949
78.6454,0.8682,3.7297
78.6456,0.8075,3.469
78.6458,0.7918,3.4015
78.6460,0.8314,3.5715
78.6462,0.8368,3.5947
78.6464,0.7726,3.3222
78.6466,0.7678,3.3016
78.6468,0.7601,3.2731
78.6470,0.7637,3.281
78.6472,0.8069,3.4648
78.6474,0.8717,3.7464
78.6476,0.8362,3.5955
78.6478,0.7794,3.3532
78.6480,0.7558,3.25
78.6482,0.8118,3.4892
78.6484,0.8017,3.4475
78.6486,0.7495,3.2197
78.6488,0.8338,3.5785
78.6490,0.9366,4.0257
78.6492,0.8347,3.591
78.6494,0.7899,3.3901
78.6496,0.8284,3.5603
78.6498,0.8399,3.6048
78.6500,0.8624,3.7032
78.6502,0.864,3.7134
78.6504,0.8667,3.7218
78.6506,0.9448,4.0494
78.6508,0.9677,4.1534
78.6510,0.982,4.2107
78.6512,0.9877,4.2314
78.6514,1.0345,4.4339
78.6516,1.0127,4.3403
78.6518,0.9972,4.28
78.6520,0.94,4.0401
78.6522,0.8629,3.7105
78.6524,0.889,3.8193
78.6526,0.9163,3.9308
78.6528,0.9196,3.9507
78.6530,0.8629,3.7105
78.6532,0.7844,3.3696
78.6534,0.7917,3.4042
78.6536,0.7474,3.2214
78.6538,0.6689,2.8815
78.6540,0.6649,2.8632
78.6542,0.7131,3.0693
78.6544,0.7698,3.3119
78.6546,0.7661,3.2959
78.6548,0.7637,3.2856
78.6550,0.7712,3.316
78.6552,0.776,3.3397
78.6554,0.805,3.4582
78.6556,0.9428,4.0482
78.6558,0.9518,4.083
78.6560,0.9574,4.1091
78.6562,0.9196,3.9507
78.6564,0.9002,3.8582
78.6566,1.0009,4.288
78.6568,1.0871,4.6573
78.6570,1.0566,4.5327
78.6572,1.0136,4.3566
78.6574,0.8073,3.4761
78.6576,0.7092,3.0537
78.6578,0.7051,3.0375
78.6580,0.7068,3.0434
78.6582,0.7064,3.0418
78.6584,0.708,3.0514
78.6586,0.7033,3.0284
78.6588,0.7028,3.0263
78.6590,0.7057,3.0401
78.6592,0.7105,3.0622
78.6594,0.6961,2.9974
78.6596,0.6894,2.9685
78.6598,0.6885,2.9663
78.6600,0.7329,3.1545
78.6602,0.7908,3.4037
78.6604,0.7775,3.3449
78.6606,0.7381,3.1796
78.6608,0.6384,2.7554
78.6610,0.6086,2.6229
78.6612,0.6526,2.8139
78.6614,0.5569,2.4035
78.6616,0.5405,2.3326
78.6618,0.5373,2.3181
78.6620,0.583,2.5175
78.6622,0.5433,2.3472
78.6624,0.5363,2.3134
78.6626,0.5359,2.314
78.6628,0.5466,2.3546
78.6630,0.6257,2.7006
78.6632,0.5617,2.4253
78.6634,0.5391,2.3269
78.6636,0.5378,2.3223
78.6638,0.5384,2.3216
78.6640,0.5395,2.3263
78.6642,0.5384,2.3206
78.6644,0.599,2.5804
78.6646,0.6566,2.8262
78.6648,0.7174,3.085
78.6650,0.7503,3.2293
78.6652,0.7562,3.2531
78.6654,0.7718,3.3186
78.6656,0.7779,3.3449
78.6658,0.7535,3.2402
78.6660,0.7329,3.1545
78.6662,0.6848,2.9516
78.6664,0.6999,3.0111
78.6666,0.8071,3.4675
78.6668,0.7944,3.416
78.6670,0.7934,3.4098
78.6672,0.8246,3.5427
78.6674,0.7714,3.3171
78.6676,0.732,3.1489
78.6678,0.7256,3.123
78.6680,0.719,3.0932
78.6682,0.7409,3.1876
78.6684,0.7977,3.4268
78.6686,0.7967,3.429
78.6688,0.7352,3.1657
78.6690,0.71,3.0573
78.6692,0.6796,2.9275
78.6694,0.6099,2.6298
78.6696,0.6358,2.739
78.6698,0.6337,2.734
78.6700,0.6196,2.6692
78.6702,0.6154,2.6499
78.6704,0.6695,2.8814
78.6706,0.6937,2.9871
78.6708,0.6791,2.9241
78.6710,0.6492,2.7955
78.6712,0.6911,2.9799
78.6714,0.6873,2.9625
78.6716,0.6501,2.7965
78.6718,0.6992,3.0136
78.6720,0.663,2.8562
78.6722,0.6264,2.7012
78.6724,0.5944,2.5619
78.6726,0.5883,2.5356
78.6728,0.6002,2.5879
78.6730,0.6022,2.5955
78.6732,0.6393,2.7514
78.6734,0.7082,3.0453
78.6736,0.787,3.3888
78.6738,0.7293,3.1375
78.6740,0.7299,3.1372
78.6742,0.8148,3.5004
78.6744,0.8286,3.563
78.6746,0.8179,3.5155
78.6748,0.8479,3.6426
78.6750,0.8682,3.7297
78.6752,0.814,3.4936
78.6754,0.8817,3.7826
78.6756,0.9354,4.0075
78.6758,1.0079,4.3198
78.6760,0.972,4.1719
78.6762,0.9534,4.0902
78.6764,0.9809,4.2041
78.6766,0.9962,4.2739
78.6768,0.9947,4.2672
78.6770,0.9964,4.2724
78.6772,0.9274,3.9823
78.6774,0.9046,3.8899
78.6776,0.8694,3.7314
78.6778,0.9093,3.9027
78.6780,0.8958,3.85
78.6782,0.8225,3.5384
78.6784,0.7932,3.4077
78.6786,0.8323,3.579
78.6788,0.7896,3.3986
78.6790,0.764,3.2866
78.6792,0.7545,3.2459
78.6794,0.7392,3.1828
78.6796,0.7604,3.2742
78.6798,0.7468,3.2113
78.6800,0.7866,3.3794
78.6802,0.7914,3.4047
78.6804,0.8112,3.4931
78.6806,0.7967,3.4258
78.6808,0.7589,3.2665
78.6810,0.705,3.037
78.6812,0.7058,3.0435
78.6814,0.6665,2.8739
78.6816,0.6334,2.7286
78.6818,0.6572,2.8301
78.6820,0.6328,2.7311
78.6822,0.575,2.4828
78.6824,0.5903,2.5479
78.6826,0.5847,2.5212
78.6828,0.5944,2.5619
78.6830,0.5954,2.5684
78.6832,0.5776,2.4919
78.6834,0.5906,2.5442
78.6836,0.6557,2.8247
78.6838,0.6587,2.8363
78.6840,0.6553,2.8258
78.6842,0.5677,2.4489
78.6844,0.5962,2.5733
78.6846,0.5648,2.4365
78.6848,0.5544,2.3915
78.6850,0.5941,2.5616
78.6852,0.6033,2.6002
78.6854,0.6233,2.6827
78.6856,0.6945,2.9921
78.6858,0.6185,2.6658
78.6860,0.6486,2.7968
78.6862,0.6433,2.7702
78.6864,0.6919,2.9807
78.6866,0.6402,2.7581
78.6868,0.6304,2.7182
78.6870,0.5925,2.5572
78.6872,0.5141,2.2208
78.6874,0.4988,2.153
78.6876,0.5189,2.2374
78.6878,0.5767,2.4877
78.6880,0.6052,2.6072
78.6882,0.6066,2.6122
78.6884,0.6794,2.9243
78.6886,0.732,3.1459
78.6888,0.7278,3.1366
78.6890,0.5882,2.535
78.6892,0.598,2.5798
78.6894,0.6245,2.6842
78.6896,0.8184,3.511
78.6898,0.9135,3.9262
78.6900,0.836,3.5933
78.6902,0.8111,3.491
78.6904,0.7122,3.0638
78.6906,0.7252,3.1229
78.6908,0.6797,2.928
78.6910,0.6647,2.8635
78.6912,0.6667,2.8696
78.6914,0.6881,2.9614
78.6916,0.7045,3.0336
78.6918,0.7083,3.0501
78.6920,0.689,2.9614
78.6922,0.7653,3.2938
78.6924,0.7744,3.3361
78.6926,0.6848,2.9516
78.6928,0.6552,2.8161
78.6930,0.7857,3.3768
78.6932,0.7745,3.3351
78.6934,0.7251,3.1166
78.6936,0.7293,3.1434
78.6938,0.6278,2.7056
78.6940,0.6475,2.7883
78.6942,0.6394,2.7557
78.6944,0.6526,2.8074
78.6946,0.7206,3.0999
78.6948,0.7534,3.2412
78.6950,0.7682,3.3031
78.6952,0.692,2.9812
78.6954,0.6616,2.8461
78.6956,0.6683,2.883
78.6958,0.5909,2.5446
78.6960,0.6608,2.8496
78.6962,0.6281,2.7046
78.6964,0.6803,2.932
78.6966,0.6237,2.688
78.6968,0.6177,2.661
78.6970,0.5887,2.5371
78.6972,0.5794,2.4985
78.6974,0.5843,2.5197
78.6976,0.5961,2.5668
78.6978,0.6706,2.8834
78.6980,0.7858,3.3742
78.6982,0.8996,3.8557
78.6984,0.8883,3.818
78.6986,0.8037,3.4574
78.6988,0.758,3.2608
78.6990,0.7695,3.3103
78.6992,0.7153,3.08
78.6994,0.6742,2.9043
78.6996,0.6667,2.8722
78.6998,0.6401,2.755
78.7000,0.6643,2.8579
78.7002,0.7179,3.0914
78.7004,0.6996,3.011
78.7006,0.7004,3.0146
78.7008,0.7138,3.0724
78.7010,0.7352,3.1643
78.7012,0.708,3.0443
78.7014,0.7624,3.2769
78.7016,0.7538,3.2397
78.7018,0.7405,3.1855
78.7020,0.72,3.0958
78.7022,0.7858,3.3774
78.7024,0.8532,3.6602
78.7026,0.8732,3.7531
78.7028,0.8537,3.6725
78.7030,0.8093,3.4751
78.7032,0.8202,3.5203
78.7034,0.8515,3.6547
78.7036,0.8446,3.6282
78.7038,0.8673,3.7296
78.7040,0.8133,3.4954
78.7042,0.8075,3.4723
78.7044,0.7756,3.3351
78.7046,0.8021,3.4474
78.7048,0.7767,3.3351
78.7050,0.842,3.6157
78.7052,0.8369,3.6019
78.7054,0.7586,3.2619
78.7056,0.771,3.314
78.7058,0.79,3.3986
78.7060,0.7581,3.2583
78.7062,0.8426,3.6183
78.7064,0.7953,3.4181
78.7066,0.7691,3.3073
78.7068,0.8442,3.6216
78.7070,0.8844,3.7957
78.7072,0.9103,3.9069
78.7074,0.9519,4.0855
78.7076,0.9636,4.1301
78.7078,0.9683,4.156
78.7080,0.9648,4.1353
78.7082,1.0407,4.4585
78.7084,1.0284,4.4118
78.7086,1.0395,4.4534
78.7088,1.0995,4.7124
78.7090,1.029,4.4082
78.7092,1.0341,4.4344
78.7094,1.0208,4.3712
78.7096,1.1189,4.7867
78.7098,1.1675,4.9992
78.7100,1.1326,4.8543
78.7102,1.1339,4.8554
78.7104,1.0777,4.6167
78.7106,1.0693,4.5786
78.7108,1.1579,4.9511
78.7110,1.2005,5.138
78.7112,1.196,5.119
78.7114,1.2379,5.2956
78.7116,1.2,5.1407
78.7118,1.1556,4.9437
78.7120,1.2041,5.151
78.7122,1.1776,5.047
78.7124,1.1108,4.7607
78.7126,1.0869,4.6628
78.7128,1.0525,4.5131
78.7130,1.0496,4.4986
78.7132,1.1302,4.835
78.7134,1.1864,5.0803
78.7136,1.1325,4.8628
78.7138,0.9691,4.1576
78.7140,1.0212,4.3789
78.7142,1.055,4.5323
78.7144,0.9489,4.0802
78.7146,0.8634,3.7194
78.7148,0.7962,3.427
78.7150,0.8124,3.4934
78.7152,0.816,3.5154
78.7154,0.7117,3.0688
78.7156,0.6649,2.8671
78.7158,0.6719,2.8945
78.7160,0.7165,3.0895
78.7162,0.7335,3.1585
78.7164,0.786,3.3847
78.7166,0.7808,3.362
78.7168,0.7781,3.3506
78.7170,0.7698,3.3134
78.7172,0.7811,3.3651
78.7174,0.7544,3.2529
78.7176,0.6788,2.9271
78.7178,0.6843,2.9509
78.7180,0.71,3.0601
78.7182,0.7074,3.0488
78.7184,0.6732,2.9001
78.7186,0.7262,3.1256
78.7188,0.7744,3.3346
78.7190,0.7567,3.2582
78.7192,0.7684,3.3118
78.7194,0.7344,3.1621
78.7196,0.7637,3.2886
78.7198,0.7284,3.1407
78.7200,0.7073,3.0468
78.7202,0.7459,3.2147
78.7204,0.64,2.7583
78.7206,0.6448,2.7803
78.7208,0.6903,2.9726
78.7210,0.7585,3.2689
78.7212,0.6736,2.9044
78.7214,0.6569,2.8338
78.7216,0.6122,2.6421
78.7218,0.5512,2.3803
78.7220,0.5683,2.4527
78.7222,0.5944,2.5679
78.7224,0.5723,2.4714
78.7226,0.5908,2.5488
78.7228,0.6359,2.7382
78.7230,0.7406,3.1905
78.7232,0.6666,2.8784
78.7234,0.6029,2.5986
78.7236,0.6485,2.795
78.7238,0.6776,2.9206
78.7240,0.6756,2.9105
78.7242,0.6931,2.99
78.7244,0.6058,2.6159
78.7246,0.5613,2.4226
78.7248,0.6002,2.5879
78.7250,0.6124,2.6419
78.7252,0.5522,2.3866
78.7254,0.4803,2.0728
78.7256,0.5327,2.3
78.7258,0.4976,2.1518
78.7260,0.5144,2.2203
78.7262,0.5983,2.5761
78.7264,0.6797,2.928
78.7266,0.6601,2.8491
78.7268,0.5532,2.3863
78.7270,0.5873,2.5303
78.7272,0.6161,2.6579
78.7274,0.6088,2.6264
78.7276,0.617,2.6628
78.7278,0.5613,2.4226
78.7280,0.5305,2.2907
78.7282,0.5243,2.2627
78.7284,0.5909,2.5458
78.7286,0.6236,2.6863
78.7288,0.6566,2.8288
78.7290,0.6427,2.7715
78.7292,0.6432,2.7736
78.7294,0.6057,2.6105
78.7296,0.6216,2.6805
78.7298,0.5927,2.5594
78.7300,0.5787,2.4965
78.7302,0.5536,2.3862
78.7304,0.6011,2.5909
78.7306,0.649,2.7971
78.7308,0.6616,2.8487
78.7310,0.6674,2.8767
78.7312,0.6697,2.8838
78.7314,0.6954,2.9901
78.7316,0.7912,3.4021
78.7318,0.772,3.3196
78.7320,0.7948,3.4224
78.7322,0.7346,3.1661
78.7324,0.6565,2.8323
78.7326,0.6161,2.6542
78.7328,0.6882,2.9606
78.7330,0.7607,3.2742
78.7332,0.7582,3.2603
78.7334,0.7359,3.1688
78.7336,0.6655,2.8671
78.7338,0.6361,2.7418
78.7340,0.6423,2.7694
78.7342,0.662,2.8494
78.7344,0.6927,2.9871
78.7346,0.5791,2.4992
78.7348,0.5402,2.3294
78.7350,0.5523,2.3827
78.7352,0.5694,2.4562
78.7354,0.5726,2.4679
78.7356,0.5942,2.5668
78.7358,0.4849,2.0939
78.7360,0.4726,2.0397
78.7362,0.5196,2.2415
78.7364,0.5299,2.287
78.7366,0.5396,2.3268
78.7368,0.4904,2.1178
78.7370,0.4819,2.0791
78.7372,0.5619,2.4264
78.7374,0.5042,2.1773
78.7376,0.5154,2.2213
78.7378,0.58,2.5034
78.7380,0.5128,2.2141
78.7382,0.4886,2.109
78.7384,0.4822,2.0811
78.7386,0.4979,2.1489
78.7388,0.5008,2.1603
78.7390,0.5054,2.1805
78.7392,0.5511,2.3753
78.7394,0.6213,2.674
78.7396,0.6498,2.7981
78.7398,0.683,2.9357
78.7400,0.7276,3.1303
78.7402,0.7594,3.2609
78.7404,0.846,3.6327
78.7406,0.7966,3.419
78.7408,0.8562,3.6765
78.7410,0.9074,3.8927
78.7412,0.8815,3.7833
78.7414,0.8904,3.8232
78.7416,0.9079,3.8948
78.7418,0.9048,3.885
78.7420,0.8696,3.7341
78.7422,0.9344,4.0047
78.7424,1.0572,4.5268
78.7426,1.0093,4.3219
78.7428,1.0542,4.5139
78.7430,1.1015,4.7212
78.7432,0.9756,4.1815
78.7434,0.9293,3.9887
78.7436,0.8712,3.7426
78.7438,0.8595,3.6892
78.7440,0.8841,3.7947
78.7442,0.9163,3.9308
78.7444,0.9291,3.9877
78.7446,0.8908,3.8217
78.7448,0.8681,3.7292
78.7450,0.8239,3.5412
78.7452,0.7969,3.4285
78.7454,0.8093,3.4784
78.7456,0.8254,3.5458
78.7458,0.8486,3.644
78.7460,0.9054,3.884
78.7462,0.9116,3.9107
78.7464,0.8479,3.6494
78.7466,0.7077,3.0489
78.7468,0.6983,3.0081
78.7470,0.73,3.1435
78.7472,0.6761,2.9139
78.7474,0.6266,2.6992
78.7476,0.667,2.8706
78.7478,0.7266,3.1242
78.7480,0.7862,3.3789
78.7482,0.7991,3.4378
78.7484,0.7619,3.2809
78.7486,0.7092,3.0523
78.7488,0.7254,3.1219
78.7490,0.6873,2.9583
78.7492,0.7276,3.1288
78.7494,0.7589,3.2619
78.7496,0.7484,3.2225
78.7498,0.7342,3.1587
78.7500,0.7938,3.4135
78.7502,0.768,3.3072
78.7504,0.7312,3.1458
78.7506,0.8242,3.5439
78.7508,0.7712,3.3176
78.7510,0.7496,3.2247
78.7512,0.7876,3.3851
78.7514,0.8362,3.5955
78.7516,0.8193,3.5244
78.7518,0.7496,3.2292
78.7520,0.6871,2.9573
78.7522,0.7065,3.0395
78.7524,0.719,3.0975
78.7526,0.7052,3.0338
78.7528,0.7842,3.3722
78.7530,0.8146,3.5043
78.7532,0.7431,3.2028
78.7534,0.6739,2.9019
78.7536,0.6706,2.8901
78.7538,0.6694,2.8823
78.7540,0.6811,2.9315
78.7542,0.7147,3.0717
78.7544,0.763,3.281
78.7546,0.7304,3.1422
78.7548,0.7617,3.2783
78.7550,0.7511,3.2329
78.7552,0.7134,3.0775
78.7554,0.6124,2.6394
78.7556,0.6101,2.6284
78.7558,0.6979,3.0024
78.7560,0.7773,3.3423
78.7562,0.7738,3.3243
78.7564,0.8093,3.4848
78.7566,0.7197,3.1006
78.7568,0.6665,2.8699
78.7570,0.6903,2.9754
78.7572,0.665,2.865
78.7574,0.6637,2.858
78.7576,0.6503,2.8028
78.7578,0.5841,2.5186
78.7580,0.5758,2.4841
78.7582,0.5743,2.4774
78.7584,0.5758,2.483
78.7586,0.5871,2.5292
78.7588,0.6257,2.6968
78.7590,0.6377,2.7485
78.7592,0.6353,2.7369
78.7594,0.6407,2.7537
78.7596,0.7014,3.0187
78.7598,0.6818,2.9373
78.7600,0.6307,2.7236
78.7602,0.5239,2.2622
78.7604,0.5359,2.3086
78.7606,0.6377,2.7498
78.7608,0.5931,2.5586
78.7610,0.5524,2.3832
78.7612,0.5282,2.2809
78.7614,0.4598,1.9861
78.7616,0.4533,1.96
78.7618,0.4588,1.9801
78.7620,0.4557,1.9685
78.7622,0.4506,1.9449
78.7624,0.4538,1.9602
78.7626,0.456,1.9692
78.7628,0.4649,2.0065
78.7630,0.5142,2.2182
78.7632,0.525,2.2658
78.7634,0.4595,1.9842
78.7636,0.4529,1.9566
78.7638,0.4602,1.9864
78.7640,0.5023,2.169
78.7642,0.4819,2.0762
78.7644,0.6243,2.6856
78.7646,0.6799,2.9236
78.7648,0.6989,3.0079
78.7650,0.6616,2.8527
78.7652,0.5648,2.4343
78.7654,0.559,2.4117
78.7656,0.5586,2.4085
78.7658,0.5614,2.4198
78.7660,0.5574,2.4022
78.7662,0.5565,2.3986
78.7664,0.5604,2.4151
78.7666,0.5634,2.4292
78.7668,0.6021,2.5938
78.7670,0.5897,2.5382
78.7672,0.6766,2.9078
78.7674,0.7136,3.0728
78.7676,0.6533,2.8118
78.7678,0.6438,2.771
78.7680,0.6686,2.8778
78.7682,0.5927,2.5559
78.7684,0.5538,2.3878
78.7686,0.5792,2.4974
78.7688,0.5623,2.4223
78.7690,0.5983,2.5737
78.7692,0.6317,2.7201
78.7694,0.6316,2.7184
78.7696,0.6249,2.6907
78.7698,0.6495,2.7952
78.7700,0.684,2.9453
78.7702,0.6266,2.6979
78.7704,0.6153,2.6482
78.7706,0.6483,2.7888
78.7708,0.7023,3.0229
78.7710,0.7055,3.032
78.7712,0.696,2.9885
78.7714,0.7666,3.2903
78.7716,0.8215,3.5326
78.7718,0.7603,3.2645
78.7720,0.7755,3.3299
78.7722,0.7322,3.1514
78.7724,0.6213,2.6777
78.7726,0.6167,2.6531
78.7728,0.7185,3.0882
78.7730,0.7588,3.2614
78.7732,0.7601,3.2671
78.7734,0.7593,3.265
78.7736,0.802,3.4453
78.7738,0.7835,3.3613
78.7740,0.8188,3.5191
78.7742,0.7752,3.3289
78.7744,0.8183,3.5138
78.7746,0.8705,3.736
78.7748,0.8989,3.8634
78.7750,0.8589,3.6797
78.7752,1.0317,4.4117
78.7754,1.1238,4.8033
78.7756,1.1487,4.914
78.7758,1.1076,4.7385
78.7760,1.1268,4.8183
78.7762,1.1491,4.916
78.7764,1.1599,4.9691
78.7766,1.0592,4.5397
78.7768,0.9688,4.1561
78.7770,0.9205,3.958
78.7772,0.7956,3.4228
78.7774,0.7821,3.3614
78.7776,0.8028,3.4457
78.7778,0.8365,3.597
78.7780,0.7733,3.3315
78.7782,0.686,2.9527
78.7784,0.7239,3.1129
78.7786,0.7537,3.2453
78.7788,0.7358,3.1639
78.7790,0.7342,3.1572
78.7792,0.7447,3.2036
78.7794,0.7919,3.4068
78.7796,0.7436,3.1989
78.7798,0.6985,3.0063
78.7800,0.7362,3.164
78.7802,0.7993,3.4404
78.7804,0.6924,2.98
78.7806,0.6991,3.0075
78.7808,0.7093,3.0514
78.7810,0.777,3.3366
78.7812,0.83,3.5692
78.7814,0.7835,3.3707
78.7816,0.7728,3.3232
78.7818,0.7364,3.1709
78.7820,0.6237,2.6843
78.7822,0.6479,2.7911
78.7824,0.642,2.7645
78.7826,0.7011,3.0163
78.7828,0.7645,3.2887
78.7830,0.7653,3.2923
78.7832,0.751,3.2294
78.7834,0.7284,3.1363
78.7836,0.6901,2.9702
78.7838,0.7005,3.0123
78.7840,0.7103,3.0583
78.7842,0.6598,2.841
78.7844,0.7215,3.1083
78.7846,0.6828,2.9374
78.7848,0.6815,2.9358
78.7850,0.6695,2.8855
78.7852,0.6638,2.8559
78.7854,0.6894,2.9671
78.7856,0.6377,2.7498
78.7858,0.5926,2.5565
78.7860,0.6218,2.6773
78.7862,0.6644,2.8624
78.7864,0.6562,2.8307
78.7866,0.5407,2.3347
78.7868,0.5238,2.2575
78.7870,0.531,2.2853
78.7872,0.6202,2.6693
78.7874,0.728,3.1318
78.7876,0.7445,3.2045
78.7878,0.6731,2.901
78.7880,0.6333,2.7281
78.7882,0.6377,2.7485
78.7884,0.6358,2.739
78.7886,0.6731,2.8942
78.7888,0.7968,3.4184
78.7890,0.8719,3.7457
78.7892,0.8425,3.6161
78.7894,0.9219,3.9568
78.7896,0.9177,3.9388
78.7898,0.8202,3.5269
78.7900,0.7984,3.4299
78.7902,0.8634,3.7022
78.7904,0.9625,4.1255
78.7906,0.9721,4.1705
78.7908,0.8953,3.8497
78.7910,0.8196,3.526
78.7912,0.7627,3.2779
78.7914,0.7776,3.3485
78.7916,0.7605,3.2732
78.7918,0.7146,3.0741
78.7920,0.7029,3.0254
78.7922,0.7129,3.0668
78.7924,0.7493,3.2222
78.7926,0.7713,3.3165
78.7928,0.8424,3.6257
78.7930,0.7272,3.1341
78.7932,0.699,3.0028
78.7934,0.8465,3.6381
78.7936,0.8125,3.4923
78.7938,0.8004,3.4402
78.7940,0.8453,3.633
78.7942,0.8527,3.6649
78.7944,0.775,3.3418
78.7946,0.5798,2.5
78.7948,0.5667,2.4437
78.7950,0.5634,2.4292
78.7952,0.5646,2.4344
78.7954,0.5638,2.4313
78.7956,0.5672,2.4412
78.7958,0.7468,3.2143
78.7960,0.6625,2.8581
78.7962,0.5604,2.4174
78.7964,0.553,2.3869
78.7966,0.5535,2.3868
78.7968,0.5574,2.4022
78.7970,0.5791,2.4981
78.7972,0.5771,2.4863
78.7974,0.6815,2.929
78.7976,0.7678,3.2985
78.7978,0.8205,3.5296
78.7980,0.7645,3.2856
78.7982,0.7509,3.2319
78.7984,0.7094,3.0533
78.7986,0.6945,2.9921
78.7988,0.6775,2.916
78.7990,0.6866,2.9539
78.7992,0.7757,3.3341
78.7994,0.7901,3.3943
78.7996,0.7534,3.2442
78.7998,0.6891,2.9675
78.8000,0.692,2.9771
78.8002,0.7435,3.1999
78.8004,0.6534,2.8162
78.8006,0.5763,2.4862
78.8008,0.5689,2.4541
78.8010,0.5694,2.4539
78.8012,0.5762,2.4834
78.8014,0.5987,2.5805
78.8016,0.6022,2.5979
78.8018,0.5107,2.2053
78.8020,0.4824,2.0821
78.8022,0.4854,2.096
78.8024,0.4831,2.0862
78.8026,0.4846,2.0904
78.8028,0.4864,2.0982
78.8030,0.486,2.0986
78.8032,0.4846,2.0904
78.8034,0.5026,2.166
78.8036,0.6035,2.6
78.8038,0.631,2.7196
78.8040,0.6272,2.7005
78.8042,0.5889,2.5417
78.8044,0.4948,2.1364
78.8046,0.4985,2.1505
78.8048,0.4865,2.0977
78.8050,0.4793,2.0677
78.8052,0.4849,2.093
78.8054,0.4853,2.0945
78.8056,0.4833,2.0848
78.8058,0.4869,2.1003
78.8060,0.4841,2.0903
78.8062,0.5033,2.1711
78.8064,0.5475,2.3577
78.8066,0.6063,2.6119
78.8068,0.5941,2.5604
78.8070,0.5707,2.4585
78.8072,0.6722,2.8866
78.8074,0.8455,3.6289
78.8076,0.8143,3.4968
78.8078,0.7816,3.3624
78.8080,0.7433,3.1949
78.8082,0.8011,3.4385
78.8084,0.8081,3.47
78.8086,0.8707,3.7318
78.8088,0.9778,4.1868
78.8090,0.9907,4.2443
78.8092,0.9841,4.22
78.8094,0.9965,4.261
78.8096,1.0856,4.6463
78.8098,1.0452,4.4733
78.8100,1.0262,4.3943
78.8102,1.0116,4.3316
78.8104,1.0141,4.3465
78.8106,1.0399,4.4528
78.8108,1.0424,4.4657
78.8110,1.0233,4.3881
78.8112,0.9977,4.2801
78.8114,0.9554,4.0966
78.8116,1.0214,4.3738
78.8118,1.0335,4.4359
78.8120,0.899,3.8675
78.8122,0.7814,3.3567
78.8124,0.8452,3.6308
78.8126,0.848,3.6414
78.8128,0.7436,3.2034
78.8130,0.7201,3.0992
78.8132,0.716,3.0788
78.8134,0.766,3.2938
78.8136,0.8047,3.4636
78.8138,0.7625,3.2774
78.8140,0.749,3.2191
78.8142,0.7817,3.3598
78.8144,0.8101,3.4771
78.8146,0.8398,3.6093
78.8148,0.7641,3.2856
78.8150,0.7854,3.3868
78.8152,0.6766,2.916
78.8154,0.6256,2.695
78.8156,0.61,2.6328
78.8158,0.572,2.4664
78.8160,0.5908,2.5441
78.8162,0.6429,2.7682
78.8164,0.6719,2.8931
78.8166,0.6345,2.7333
78.8168,0.611,2.6357
78.8170,0.5333,2.3005
78.8172,0.5866,2.5283
78.8174,0.6129,2.6403
78.8176,0.6457,2.7818
78.8178,0.6315,2.7204
78.8180,0.6383,2.7485
78.8182,0.6317,2.7264
78.8184,0.5074,2.1918
78.8186,0.4945,2.1344
78.8188,0.5538,2.3867
78.8190,0.5908,2.5476
78.8192,0.5815,2.5049
78.8194,0.569,2.4558
78.8196,0.4979,2.1499
78.8198,0.4922,2.1236
78.8200,0.5174,2.2322
78.8202,0.577,2.4881
78.8204,0.5891,2.5404
78.8206,0.5396,2.3279
78.8208,0.5102,2.2022
78.8210,0.515,2.2218
78.8212,0.5105,2.2022
78.8214,0.5104,2.2017
78.8216,0.5744,2.4745
78.8218,0.6782,2.9123
78.8220,0.8209,3.5316
78.8222,0.779,3.348
78.8224,0.7937,3.4161
78.8226,0.6638,2.8598
78.8228,0.5798,2.5012
78.8230,0.5415,2.3362
78.8232,0.5355,2.3103
78.8234,0.5303,2.2854
78.8236,0.5295,2.2855
78.8238,0.5324,2.2969
78.8240,0.5364,2.3139
78.8242,0.531,2.2896
78.8244,0.5436,2.3439
78.8246,0.5319,2.2937
78.8248,0.5335,2.3004
78.8250,0.5346,2.3072
78.8252,0.53,2.2865
78.8254,0.5313,2.289
78.8256,0.5722,2.4652
78.8258,0.5727,2.4684
78.8260,0.5617,2.4197
78.8262,0.5718,2.4665
78.8264,0.4793,2.0696
78.8266,0.4672,2.0173
78.8268,0.4966,2.1422
78.8270,0.5475,2.362
78.8272,0.5017,2.1634
78.8274,0.5503,2.3695
78.8276,0.6417,2.763
78.8278,0.6481,2.7948
78.8280,0.5199,2.242
78.8282,0.4877,2.1049
78.8284,0.4813,2.0784
78.8286,0.4714,2.0326
78.8288,0.5229,2.2528
78.8290,0.5659,2.4389
78.8292,0.5835,2.5126
78.8294,0.6204,2.6704
78.8296,0.6268,2.6977
78.8298,0.6644,2.8584
78.8300,0.6236,2.6825
78.8302,0.6531,2.8133
78.8304,0.6582,2.8342
78.8306,0.7057,3.0302
78.8308,0.7477,3.2165
78.8310,0.7004,3.0104
78.8312,0.7588,3.2584
78.8314,0.7671,3.2939
78.8316,0.8083,3.4694
78.8318,0.7675,3.3046
78.8320,0.6466,2.7854
78.8322,0.6301,2.7147
78.8324,0.6106,2.628
78.8326,0.6569,2.8259
78.8328,0.7035,3.0238
78.8330,0.7182,3.0867
78.8332,0.7338,3.1551
78.8334,0.7003,3.0113
78.8336,0.7377,3.1722
78.8338,0.7357,3.1634
78.8340,0.6806,2.9308
78.8342,0.6262,2.6964
78.8344,0.6707,2.8893
78.8346,0.6129,2.6391
78.8348,0.5848,2.5171
78.8350,0.5943,2.5614
78.8352,0.5816,2.5101
78.8354,0.5081,2.1918
78.8356,0.4907,2.1178
78.8358,0.4915,2.1214
78.8360,0.4939,2.1308
78.8362,0.4958,2.1371
78.8364,0.4924,2.1221
78.8366,0.515,2.2167
78.8368,0.5872,2.5286
78.8370,0.5855,2.5248
78.8372,0.5612,2.4199
78.8374,0.5028,2.1671
78.8376,0.5006,2.1568
78.8378,0.6058,2.6098
78.8380,0.6009,2.5898
78.8382,0.5105,2.2012
78.8384,0.4707,2.0323
78.8386,0.4645,2.0059
78.8388,0.4627,1.9954
78.8390,0.492,2.1215
78.8392,0.5028,2.1661
78.8394,0.6076,2.6139
78.8396,0.6547,2.814
78.8398,0.7351,3.1579
78.8400,0.7358,3.1624
78.8402,0.7153,3.0757
78.8404,0.7441,3.195
78.8406,0.8056,3.4608
78.8408,0.7768,3.3387
78.8410,0.7498,3.2212
78.8412,0.7634,3.2779
78.8414,0.7914,3.3937
78.8416,0.8282,3.5532
78.8418,0.8655,3.7166
78.8420,0.8074,3.4685
78.8422,0.8285,3.5575
78.8424,0.8541,3.666
78.8426,0.8246,3.5377
78.8428,0.8616,3.6945
78.8430,0.8822,3.7864
78.8432,0.8761,3.7584
78.8434,0.8836,3.7873
78.8436,0.9317,4.0009
78.8438,0.8314,3.5782
78.8440,0.7068,3.0405
78.8442,0.6328,2.726
78.8444,0.5833,2.5092
78.8446,0.6827,2.9355
78.8448,0.7389,3.1773
78.8450,0.7421,3.1912
78.8452,0.7281,3.1295
78.8454,0.7822,3.3572
78.8456,0.8622,3.7057
78.8458,0.6936,2.9838
78.8460,0.7132,3.0684
78.8462,0.7471,3.2094
78.8464,0.752,3.235
78.8466,0.7312,3.1458
78.8468,0.7553,3.2434
78.8470,0.8264,3.5455
78.8472,0.9191,3.9431
78.8474,0.8454,3.6335
78.8476,0.8065,3.4617
78.8478,0.851,3.656
78.8480,0.8136,3.4986
78.8482,0.742,3.1937
78.8484,0.7137,3.0719
78.8486,0.7239,3.1143
78.8488,0.6842,2.9422
78.8490,0.7315,3.138
78.8492,0.8125,3.4923
78.8494,0.7776,3.3454
78.8496,0.7599,3.2675
78.8498,0.7743,3.3248
78.8500,0.8014,3.4476
78.8502,0.7396,3.1848
78.8504,0.6971,2.996
78.8506,0.7288,3.1325
78.8508,0.716,3.0803
78.8510,0.6956,2.994
78.8512,0.6971,2.9988
78.8514,0.7189,3.0912
78.8516,0.7374,3.1721
78.8518,0.7281,3.1324
78.8520,0.7352,3.1613
78.8522,0.7025,3.0234
78.8524,0.6959,2.9922
78.8526,0.7399,3.1814
78.8528,0.7124,3.0676
78.8530,0.656,2.825
78.8532,0.6959,2.9964
78.8534,0.7339,3.1542
78.8536,0.7966,3.4206
78.8538,0.8345,3.5883
78.8540,0.8044,3.454
78.8542,0.8591,3.6888
78.8544,0.8115,3.4893
78.8546,0.776,3.3351
78.8548,0.7432,3.2033
78.8550,0.5966,2.5712
78.8552,0.6365,2.7408
78.8554,0.655,2.8203
78.8556,0.6469,2.7883
78.8558,0.5793,2.498
78.8560,0.5613,2.4193
78.8562,0.571,2.4634
78.8564,0.5684,2.452
78.8566,0.5799,2.4994
78.8568,0.533,2.3005
78.8570,0.4852,2.0959
78.8572,0.483,2.0837
78.8574,0.4841,2.0874
78.8576,0.5514,2.3764
78.8578,0.6116,2.6383
78.8580,0.5547,2.392
78.8582,0.5275,2.2756
78.8584,0.527,2.2736
78.8586,0.5634,2.4247
78.8588,0.5967,2.5729
78.8590,0.5367,2.3155
78.8592,0.5385,2.32
78.8594,0.5677,2.4467
78.8596,0.5334,2.301
78.8598,0.5261,2.2684
78.8600,0.54,2.3273
78.8602,0.5431,2.3418
78.8604,0.5385,2.3232
78.8606,0.5384,2.3216
78.8608,0.5418,2.3339
78.8610,0.5427,2.3413
78.8612,0.5427,2.3413
78.8614,0.534,2.3014
78.8616,0.5268,2.2683
78.8618,0.5935,2.5578
78.8620,0.5829,2.5123
78.8622,0.5297,2.2818
78.8624,0.5208,2.2446
78.8626,0.5283,2.2782
78.8628,0.5285,2.2798
78.8630,0.525,2.2637
78.8632,0.5446,2.3463
78.8634,0.5574,2.4022
78.8636,0.5658,2.435
78.8638,0.6346,2.7287
78.8640,0.6889,2.9637
78.8642,0.6906,2.9709
78.8644,0.71,3.0559
78.8646,0.5972,2.5762
78.8648,0.5397,2.3284
78.8650,0.5437,2.339
78.8652,0.6748,2.9028
78.8654,0.6997,3.0115
78.8656,0.6203,2.6723
78.8658,0.5385,2.3222
78.8660,0.5306,2.2902
78.8662,0.5298,2.2855
78.8664,0.5295,2.2823
78.8666,0.5497,2.3669
78.8668,0.6009,2.5898
78.8670,0.577,2.4881
78.8672,0.4746,2.0456
78.8674,0.519,2.2316
78.8676,0.6281,2.7021
78.8678,0.5912,2.5515
78.8680,0.4541,1.9609
78.8682,0.4343,1.8728
78.8684,0.5414,2.3324
78.8686,0.6304,2.7145
78.8688,0.5897,2.537
78.8690,0.6011,2.5897
78.8692,0.5794,2.495
78.8694,0.6082,2.6165
78.8696,0.6032,2.5972
78.8698,0.6069,2.6132
78.8700,0.6195,2.6662
78.8702,0.6306,2.7117
78.8704,0.6935,2.9791
78.8706,0.7726,3.3238
78.8708,0.6696,2.8793
78.8710,0.6198,2.669
78.8712,0.6467,2.7847
78.8714,0.6252,2.6885
78.8716,0.664,2.855
78.8718,0.6848,2.9448
78.8720,0.7236,3.1099
78.8722,0.7273,3.1244
78.8724,0.718,3.0847
78.8726,0.6684,2.8755
78.8728,0.6617,2.8479
78.8730,0.6425,2.7692
78.8732,0.586,2.5211
78.8734,0.672,2.8896
78.8736,0.7569,3.2501
78.8738,0.8009,3.4375
78.8740,0.8336,3.5763
78.8742,0.8344,3.5794
78.8744,0.8222,3.5258
78.8746,0.9008,3.8608
78.8748,0.9531,4.0849
78.8750,0.9484,4.0648
78.8752,0.9262,3.9698
78.8754,0.9166,3.9323
78.8756,0.9179,3.9361
78.8758,0.91,3.9022
78.8760,0.9471,4.0592
78.8762,1.0134,4.3394
78.8764,1.0263,4.3948
78.8766,1.0064,4.3096
78.8768,1.0352,4.4328
78.8770,1.0352,4.4328
78.8772,1.0334,4.421
78.8774,1.0861,4.6462
78.8776,1.0805,4.6377
78.8778,0.9205,3.9469
78.8780,0.8727,3.7475
78.8782,0.8994,3.8546
78.8784,0.8953,3.8407
78.8786,0.8547,3.672
78.8788,0.9009,3.8667
78.8790,0.8731,3.7526
78.8792,0.7688,3.3072
78.8794,0.7521,3.2325
78.8796,0.8158,3.5046
78.8798,0.8525,3.6673
78.8800,0.7463,3.2093
78.8802,0.7472,3.2159
78.8804,0.7227,3.112
78.8806,0.7308,3.1437
78.8808,0.7385,3.1758
78.8810,0.7371,3.174
78.8812,0.7413,3.1876
78.8814,0.7758,3.3346
78.8816,0.8082,3.4721
78.8818,0.816,3.5089
78.8820,0.7866,3.3794
78.8822,0.7947,3.4218
78.8824,0.6688,2.881
78.8826,0.6821,2.9356
78.8828,0.7142,3.0682
78.8830,0.768,3.3011
78.8832,0.7378,3.1756
78.8834,0.6808,2.9327
78.8836,0.6257,2.6968
78.8838,0.5957,2.57
78.8840,0.5923,2.5526
78.8842,0.6448,2.7777
78.8844,0.6039,2.6028
78.8846,0.5959,2.5693
78.8848,0.6239,2.6878
78.8850,0.6002,2.5855
78.8852,0.6021,2.5962
78.8854,0.6307,2.7173
78.8856,0.6738,2.9
78.8858,0.6608,2.8482
78.8860,0.6343,2.7315
78.8862,0.6707,2.8853
78.8864,0.6986,3.0083
78.8866,0.6335,2.7304
78.8868,0.5902,2.545
78.8870,0.5907,2.5459
78.8872,0.6301,2.7096
78.8874,0.7306,3.1403
78.8876,0.8153,3.5058
78.8878,0.8249,3.5454
78.8880,0.8023,3.4517
78.8882,0.7821,3.3582
78.8884,0.8188,3.5174
78.8886,0.8116,3.4898
78.8888,0.7322,3.1528
78.8890,0.699,3.007
78.8892,0.7491,3.2181
78.8894,0.8124,3.4918
78.8896,0.7762,3.3361
78.8898,0.7887,3.3881
78.8900,0.8571,3.6789
78.8902,0.92,3.9559
78.8904,0.7736,3.331
78.8906,0.7411,3.1881
78.8908,0.7405,3.187
78.8910,0.7087,3.0474
78.8912,0.7302,3.1382
78.8914,0.7456,3.2047
78.8916,0.7865,3.3804
78.8918,0.7154,3.0848
78.8920,0.6135,2.6441
78.8922,0.6599,2.8415
78.8924,0.6161,2.6579
78.8926,0.5821,2.5075
78.8928,0.6144,2.6482
78.8930,0.6184,2.6628
78.8932,0.5757,2.4859
78.8934,0.4843,2.0913
78.8936,0.4804,2.0743
78.8938,0.4867,2.1007
78.8940,0.4767,2.0592
78.8942,0.4727,2.0411
78.8944,0.4739,2.0444
78.8946,0.4779,2.0605
78.8948,0.5216,2.2524
78.8950,0.4717,2.036
78.8952,0.4655,2.0101
78.8954,0.4655,2.0101
78.8956,0.468,2.02
78.8958,0.4656,2.0096
78.8960,0.4722,2.0353
78.8962,0.5592,2.4089
78.8964,0.6132,2.6443
78.8966,0.5557,2.3961
78.8968,0.5851,2.5193
78.8970,0.6313,2.7186
78.8972,0.6726,2.8949
78.8974,0.6766,2.9119
78.8976,0.6539,2.813
78.8978,0.6595,2.8386
78.8980,0.6769,2.9134
78.8982,0.6493,2.7934
78.8984,0.5956,2.5671
78.8986,0.5628,2.4266
78.8988,0.5644,2.435
78.8990,0.5485,2.364
78.8992,0.547,2.3567
78.8994,0.545,2.3512
78.8996,0.546,2.3553
78.8998,0.5523,2.3805
78.9000,0.548,2.3608
78.9002,0.5534,2.3841
78.9004,0.5644,2.4338
78.9006,0.5604,2.4163
78.9008,0.5581,2.4031
78.9010,0.5589,2.4089
78.9012,0.5565,2.3997
78.9014,0.5517,2.3779
78.9016,0.5548,2.3914
78.9018,0.5377,2.3164
78.9020,0.5517,2.3779
78.9022,0.5876,2.5325
78.9024,0.5877,2.5295
78.9026,0.6543,2.8146
78.9028,0.6352,2.7351
78.9030,0.6113,2.6311
78.9032,0.6365,2.7421
78.9034,0.5984,2.5754
78.9036,0.6555,2.8197
78.9038,0.6425,2.7653
78.9040,0.652,2.8074
78.9042,0.623,2.6837
78.9044,0.5884,2.5349
78.9046,0.5887,2.5359
78.9048,0.5867,2.5253
78.9050,0.5986,2.5764
78.9052,0.5973,2.5707
78.9054,0.6313,2.7198
78.9056,0.5811,2.5057
78.9058,0.57,2.4542
78.9060,0.6198,2.6665
78.9062,0.6562,2.8202
78.9064,0.6823,2.9339
78.9066,0.7269,3.1199
78.9068,0.8396,3.6071
78.9070,0.7944,3.4129
78.9072,0.7707,3.3109
78.9074,0.8269,3.5492
78.9076,0.8956,3.8369
78.9078,0.9465,4.0547
78.9080,0.9578,4.0992
78.9082,0.9972,4.274
78.9084,0.9755,4.1849
78.9086,0.9428,4.0388
78.9088,1.0243,4.3861
78.9090,1.0292,4.4071
78.9092,1.0073,4.3132
78.9094,1.0403,4.4544
78.9096,1.0111,4.3276
78.9098,1.0568,4.5252
78.9100,1.0141,4.3485
78.9102,0.9721,4.1685
78.9104,1.0281,4.4046
78.9106,1.0375,4.4467
78.9108,0.9455,4.0582
78.9110,0.8877,3.8083
78.9112,0.9209,3.9527
78.9114,0.9135,3.9208
78.9116,0.8846,3.795
78.9118,0.9031,3.8796
78.9120,0.813,3.496
78.9122,0.7715,3.316
78.9124,0.7857,3.3768
78.9126,0.8376,3.595
78.9128,0.8894,3.8173
78.9130,0.8607,3.6978
78.9132,0.8643,3.708
78.9134,0.9223,3.9583
78.9136,0.9524,4.0818
78.9138,0.907,3.8984
78.9140,0.7426,3.1948
78.9142,0.7304,3.1422
78.9144,0.7553,3.2525
78.9146,0.7244,3.1178
78.9148,0.7501,3.2298
78.9150,0.7186,3.0916
78.9152,0.763,3.2749
78.9154,0.8284,3.5587
78.9156,0.8152,3.5053
78.9158,0.8067,3.4686
78.9160,0.8406,3.6146
78.9162,0.7922,3.4063
78.9164,0.7285,3.1354
78.9166,0.7333,3.1589
78.9168,0.6734,2.8971
78.9170,0.6572,2.8341
78.9172,0.5901,2.5445
78.9174,0.6376,2.7454
78.9176,0.6606,2.8472
78.9178,0.682,2.9392
78.9180,0.6863,2.9537
78.9182,0.7334,3.1536
78.9184,0.7245,3.1183
78.9186,0.6395,2.7575
78.9188,0.5837,2.5159
78.9190,0.6125,2.6424
78.9192,0.5758,2.4818
78.9194,0.5723,2.468
78.9196,0.5666,2.4432
78.9198,0.5708,2.4601
78.9200,0.5712,2.4617
78.9202,0.5825,2.5096
78.9204,0.7088,3.0479
78.9206,0.7731,3.3243
78.9208,0.7402,3.1845
78.9210,0.7131,3.0707
78.9212,0.6688,2.8783
78.9214,0.7276,3.1303
78.9216,0.7501,3.2238
78.9218,0.6875,2.9644
78.9220,0.5787,2.4965
78.9222,0.5556,2.3956
78.9224,0.5562,2.3982
78.9226,0.5628,2.4255
78.9228,0.6081,2.6208
78.9230,0.6093,2.6284
78.9232,0.6059,2.6091
78.9234,0.6158,2.6515
78.9236,0.6228,2.6844
78.9238,0.6117,2.6363
78.9240,0.6083,2.6219
78.9242,0.5953,2.5667
78.9244,0.6348,2.7336
78.9246,0.6787,2.9158
78.9248,0.7603,3.2721
78.9250,0.6872,2.9633
78.9252,0.568,2.4494
78.9254,0.5718,2.4665
78.9256,0.5487,2.365
78.9258,0.5469,2.3605
78.9260,0.5339,2.3041
78.9262,0.5417,2.3345
78.9264,0.5873,2.5338
78.9266,0.5486,2.3667
78.9268,0.5336,2.302
78.9270,0.5631,2.4282
78.9272,0.6261,2.6921
78.9274,0.7273,3.1317
78.9276,0.6273,2.701
78.9278,0.6588,2.8329
78.9280,0.7324,3.1509
78.9282,0.6666,2.8704
78.9284,0.5938,2.5582
78.9286,0.6195,2.665
78.9288,0.7131,3.0693
78.9290,0.746,3.2092
78.9292,0.7558,3.2485
78.9294,0.7519,3.2285
78.9296,0.7718,3.3171
78.9298,0.7594,3.2655
78.9300,0.7725,3.3171
78.9302,0.844,3.6239
78.9304,0.8419,3.6186
78.9306,0.8895,3.8196
78.9308,0.7896,3.3954
78.9310,0.7371,3.1681
78.9312,0.8377,3.5972
78.9314,0.8588,3.6861
78.9316,0.8565,3.6814
78.9318,0.7794,3.3516
78.9320,0.7528,3.2386
78.9322,0.7399,3.1814
78.9324,0.738,3.1747
78.9326,0.7375,3.1697
78.9328,0.7919,3.4052
78.9330,0.7475,3.2189
78.9332,0.6035,2.6036
78.9334,0.5526,2.3804
78.9336,0.5927,2.5535
78.9338,0.6206,2.6771
78.9340,0.5912,2.5492
78.9342,0.6096,2.6263
78.9344,0.5908,2.5452
78.9346,0.5853,2.5226
78.9348,0.5859,2.5252
78.9350,0.614,2.6437
78.9352,0.646,2.7816
78.9354,0.6475,2.7922
78.9356,0.6069,2.6169
78.9358,0.593,2.5545
78.9360,0.5948,2.5611
78.9362,0.6119,2.6386
78.9364,0.5348,2.3093
78.9366,0.4943,2.1314
78.9368,0.4925,2.1216
78.9370,0.5612,2.4232
78.9372,0.511,2.2063
78.9374,0.4886,2.1071
78.9376,0.4878,2.1044
78.9378,0.4888,2.1085
78.9380,0.4915,2.1204
78.9382,0.5445,2.3458
78.9384,0.6087,2.6234
78.9386,0.5659,2.44
78.9388,0.5759,2.4812
78.9390,0.6234,2.6895
78.9392,0.5839,2.5164
78.9394,0.5773,2.4834
78.9396,0.6818,2.9332
78.9398,0.7105,3.0551
78.9400,0.7138,3.0681
78.9402,0.7427,3.1923
78.9404,0.7878,3.383
78.9406,0.864,3.7048
78.9408,0.9508,4.077
78.9410,0.9646,4.1381
78.9412,0.9587,4.1052
78.9414,0.9446,4.0503
78.9416,0.8941,3.832
78.9418,0.9688,4.1522
78.9420,1.0189,4.3711
78.9422,0.9737,4.1713
78.9424,1.0112,4.3301
78.9426,1.0514,4.5021
78.9428,0.9949,4.2722
78.9430,0.8202,3.5236
78.9432,0.8178,3.515
78.9434,0.8537,3.6674
78.9436,0.8474,3.6423
78.9438,0.7907,3.4001
78.9440,0.8063,3.4639
78.9442,0.8199,3.5204
78.9444,0.843,3.6148
78.9446,0.8817,3.7879
78.9448,0.8368,3.5947
78.9450,0.7995,3.4377
78.9452,0.6784,2.9223
78.9454,0.6688,2.881
78.9456,0.676,2.9107
78.9458,0.6737,2.8995
78.9460,0.6987,3.006
78.9462,0.643,2.7712
78.9464,0.6285,2.7087
78.9466,0.6841,2.9458
78.9468,0.7363,3.1645
78.9470,0.8047,3.4588
78.9472,0.774,3.3361
78.9474,0.6659,2.8726
78.9476,0.5935,2.5542
78.9478,0.6977,3.0013
78.9480,0.6932,2.9822
78.9482,0.7704,3.316
78.9484,0.7704,3.3129
78.9486,0.7366,3.169
78.9488,0.7345,3.1597
78.9490,0.7279,3.1342
78.9492,0.7038,3.029
78.9494,0.705,3.0286
78.9496,0.7635,3.283
78.9498,0.7869,3.3867
78.9500,0.7068,3.0434
78.9502,0.7039,3.031
78.9504,0.6668,2.8728
78.9506,0.6782,2.9205
78.9508,0.6589,2.8387
78.9510,0.6248,2.6902
78.9512,0.7177,3.0932
78.9514,0.5943,2.5626
78.9516,0.5504,2.3766
78.9518,0.5467,2.3573
78.9520,0.5967,2.5717
78.9522,0.5837,2.5148
78.9524,0.5662,2.4416
78.9526,0.5532,2.3852
78.9528,0.5779,2.4871
78.9530,0.6483,2.7927
78.9532,0.6804,2.9311
78.9534,0.646,2.7855
78.9536,0.5293,2.2845
78.9538,0.4994,2.1546
78.9540,0.5598,2.4114
78.9542,0.5828,2.5141
78.9544,0.5226,2.2523
78.9546,0.5417,2.3388
78.9548,0.4745,2.0508
78.9550,0.4515,1.9495
78.9552,0.4494,1.9398
78.9554,0.4454,1.9231
78.9556,0.4425,1.9115
78.9558,0.4464,1.9277
78.9560,0.4472,1.9299
78.9562,0.4468,1.9284
78.9564,0.4479,1.9322
78.9566,0.4484,1.936
78.9568,0.4473,1.9322
78.9570,0.4484,1.9351
78.9572,0.4494,1.9398
78.9574,0.4481,1.9359
78.9576,0.4472,1.9299
78.9578,0.4462,1.924
78.9580,0.4472,1.9308
78.9582,0.456,1.9682
78.9584,0.4602,1.9873
78.9586,0.4803,2.0699
78.9588,0.5503,2.3717
78.9590,0.5562,2.4015
78.9592,0.4687,2.0222
78.9594,0.4524,1.9509
78.9596,0.4644,2.0026
78.9598,0.5181,2.2332
78.9600,0.5476,2.3582
78.9602,0.5023,2.167
78.9604,0.4385,1.8918
78.9606,0.432,1.8656
78.9608,0.4319,1.8651
78.9610,0.4422,1.9078
78.9612,0.4485,1.9347
78.9614,0.4424,1.9084
78.9616,0.4404,1.901
78.9618,0.4446,1.9182
78.9620,0.4428,1.9122
78.9622,0.4558,1.9672
78.9624,0.5064,2.1816
78.9626,0.5342,2.3014
78.9628,0.4921,2.125
78.9630,0.4336,1.8697
78.9632,0.4916,2.117
78.9634,0.5381,2.3158
78.9636,0.5451,2.3473
78.9638,0.5726,2.4656
78.9640,0.5706,2.4568
78.9642,0.5644,2.4316
78.9644,0.5532,2.383
78.9646,0.4985,2.1514
78.9648,0.4377,1.8891
78.9650,0.4244,1.8291
78.9652,0.4354,1.8749
78.9654,0.499,2.1515
78.9656,0.5168,2.2275
78.9658,0.5275,2.2735
78.9660,0.4846,2.0895
78.9662,0.5102,2.2001
78.9664,0.4906,2.1143
78.9666,0.518,2.2306
78.9668,0.5636,2.4291
78.9670,0.5201,2.2394
78.9672,0.6117,2.6339
78.9674,0.5731,2.4699
78.9676,0.5328,2.2941
78.9678,0.5506,2.3744
78.9680,0.5051,2.1809
78.9682,0.4408,1.9016
78.9684,0.431,1.8549
78.9686,0.5514,2.3742
78.9688,0.6112,2.6306
78.9690,0.6297,2.7076
78.9692,0.6719,2.8904
78.9694,0.6455,2.7769
78.9696,0.6319,2.7174
78.9698,0.6135,2.6367
78.9700,0.7034,3.0191
78.9702,0.7459,3.2057
78.9704,0.6962,2.9938
78.9706,0.6629,2.8504
78.9708,0.6587,2.835
78.9710,0.6726,2.8895
78.9712,0.737,3.1661
78.9714,0.7165,3.0766
78.9716,0.7374,3.1721
78.9718,0.6529,2.8076
78.9720,0.6274,2.6965
78.9722,0.6614,2.8442
78.9724,0.7045,3.0321
78.9726,0.6775,2.9133
78.9728,0.6667,2.8642
78.9730,0.7786,3.3418
78.9732,0.8111,3.4812
78.9734,0.7944,3.4065
78.9736,0.8258,3.5429
78.9738,0.8043,3.4551
78.9740,0.8025,3.4426
78.9742,0.8516,3.6501
78.9744,0.8835,3.7886
78.9746,0.9334,3.9987
78.9748,0.96,4.107
78.9750,1.0084,4.3117
78.9752,1.0646,4.5522
78.9754,1.0632,4.5524
78.9756,1.0072,4.3127
78.9758,1.0464,4.4785
78.9760,1.0124,4.3413
78.9762,0.8479,3.6443
78.9764,0.7445,3.2015
78.9766,0.7322,3.147
78.9768,0.7621,3.2707
78.9770,0.8082,3.4786
78.9772,0.7194,3.0933
78.9774,0.7508,3.2254
78.9776,0.7824,3.3614
78.9778,0.7768,3.3403
78.9780,0.7683,3.3006
78.9782,0.7748,3.3268
78.9784,0.7631,3.283
78.9786,0.7224,3.1062
78.9788,0.7587,3.2578
78.9790,0.8348,3.5798
78.9792,0.8923,3.8297
78.9794,0.8175,3.5118
78.9796,0.7892,3.387
78.9798,0.8324,3.5695
78.9800,0.931,3.9978
78.9802,0.8738,3.7539
78.9804,0.8125,3.4874
78.9806,0.8517,3.654
78.9808,0.7974,3.4305
78.9810,0.7576,3.2547
78.9812,0.8079,3.469
78.9814,0.8268,3.5487
78.9816,0.8576,3.6792
78.9818,0.8539,3.6684
78.9820,0.8308,3.5706
78.9822,0.7967,3.4211
78.9824,0.8007,3.4381
78.9826,0.7888,3.3902
78.9828,0.7646,3.2861
78.9830,0.7654,3.2959
78.9832,0.696,2.9941
78.9834,0.7068,3.042
78.9836,0.7661,3.2913
78.9838,0.8288,3.5591
78.9840,0.8123,3.4896
78.9842,0.7713,3.3165
78.9844,0.7869,3.3788
78.9846,0.8335,3.5841
78.9848,0.7758,3.3346
78.9850,0.7743,3.3279
78.9852,0.8075,3.469
78.9854,0.8336,3.5847
78.9856,0.7124,3.0662
78.9858,0.671,2.8882
78.9860,0.7089,3.0484
78.9862,0.7279,3.1299
78.9864,0.7166,3.0814
78.9866,0.7221,3.1051
78.9868,0.7559,3.249
78.9870,0.8191,3.5157
78.9872,0.8479,3.6409
78.9874,0.8273,3.5557
78.9876,0.8015,3.4401
78.9878,0.9076,3.8883
78.9880,0.9637,4.1403
78.9882,0.8972,3.8579
78.9884,0.7905,3.3975
78.9886,0.7853,3.3769
78.9888,0.8181,3.516
78.9890,0.8546,3.6681
78.9892,0.884,3.7959
78.9894,0.8625,3.7003
78.9896,0.8621,3.7051
78.9898,0.8436,3.6241
78.9900,0.8735,3.7541
78.9902,0.8316,3.5726
78.9904,0.8293,3.5611
78.9906,0.8384,3.607
78.9908,0.7997,3.4403
78.9910,0.7772,3.3387
78.9912,0.8113,3.4855
78.9914,0.8389,3.604
78.9916,0.8563,3.6838
78.9918,0.7935,3.4119
78.9920,0.76,3.2696
78.9922,0.723,3.1116
78.9924,0.7085,3.0478
78.9926,0.6953,2.998
78.9928,0.625,2.695
78.9930,0.5923,2.5538
78.9932,0.5747,2.4806
78.9934,0.563,2.4288
78.9936,0.554,2.3878
78.9938,0.554,2.39
78.9940,0.5592,2.4111
78.9942,0.5583,2.4052
78.9944,0.6779,2.9135
78.9946,0.7553,3.254
78.9948,0.6399,2.7604
78.9950,0.5713,2.4633
78.9952,0.5498,2.3697
78.9954,0.6184,2.6628
78.9956,0.6481,2.7922
78.9958,0.6315,2.7191
78.9960,0.633,2.7271
78.9962,0.6339,2.7307
78.9964,0.6246,2.6897
78.9966,0.701,3.0144
78.9968,0.7372,3.1716
78.9970,0.7297,3.1391
78.9972,0.7225,3.1096
78.9974,0.6827,2.9382
78.9976,0.677,2.9099
78.9978,0.8242,3.539
78.9980,0.8273,3.5573
78.9982,0.7764,3.3387
78.9984,0.7912,3.399
78.9986,0.7768,3.3387
78.9988,0.7515,3.2345
78.9990,0.6839,2.9434
78.9992,0.6799,2.925
78.9994,0.6311,2.7201
78.9996,0.6931,2.9873
78.9998,0.6477,2.7875
79.0000,0.628,2.7104
79.0002,0.5116,2.2068
79.0004,0.4925,2.1246
79.0006,0.4939,2.1318
79.0008,0.4962,2.1406
79.0010,0.5249,2.2601
79.0012,0.6503,2.8067
79.0014,0.5319,2.2958
79.0016,0.5046,2.1738
79.0018,0.5819,2.5082
79.0020,0.6026,2.5971
79.0022,0.5998,2.5852
79.0024,0.5888,2.5376
79.0026,0.5263,2.2726
79.0028,0.4996,2.1561
79.0030,0.5336,2.2988
79.0032,0.59,2.5404
79.0034,0.5662,2.445
79.0036,0.4685,2.0211
79.0038,0.4637,2.0023
79.0040,0.4648,2.006
79.0042,0.4678,2.019
79.0044,0.4671,2.0149
79.0046,0.4691,2.0256
79.0048,0.4697,2.0291
79.0050,0.4713,2.033
79.0052,0.4909,2.1179
79.0054,0.5197,2.242
79.0056,0.5604,2.4118
79.0058,0.6406,2.7558
79.0060,0.6811,2.9301
79.0062,0.7104,3.0574
79.0064,0.721,3.0976
79.0066,0.8103,3.4825
79.0068,0.7703,3.3078
79.0070,0.8394,3.6027
79.0072,0.8907,3.8194
79.0074,0.8742,3.752
79.0076,0.7659,3.2949
79.0078,0.7112,3.0596
79.0080,0.8081,3.4668
79.0082,0.9118,3.9136
79.0084,0.9106,3.9084
79.0086,0.9082,3.8927
79.0088,0.9357,4.0085
79.0090,0.9887,4.2316
79.0092,1.063,4.5604
79.0094,0.8805,3.7845
79.0096,0.8549,3.6674
79.0098,0.9366,4.0164
79.0100,0.9877,4.2295
79.0102,0.9852,4.2266
79.0104,0.9083,3.8968
79.0106,0.935,4.0054
79.0108,0.9639,4.135
79.0110,0.9199,3.948
79.0112,0.9179,3.9472
79.0114,0.8081,3.4716
79.0116,0.8116,3.4898
79.0118,0.8105,3.4835
79.0120,0.8196,3.5211
79.0122,0.8447,3.627
79.0124,0.7748,3.333
79.0126,0.7963,3.4211
79.0128,0.8585,3.6845
79.0130,0.85,3.6531
79.0132,0.796,3.4212
79.0134,0.858,3.6825
79.0136,0.875,3.7503
79.0138,0.9456,4.0625
79.0140,0.8453,3.6347
79.0142,0.8061,3.4612
79.0144,0.8558,3.6783
79.0146,0.7882,3.3971
79.0148,0.6745,2.9004
79.0150,0.7672,3.3005
79.0152,0.7965,3.4184
79.0154,0.8944,3.8389
79.0156,0.861,3.7022
79.0158,0.7991,3.4378
79.0160,0.722,3.1162
79.0162,0.5186,2.2405
79.0164,0.4894,2.1111
79.0166,0.5407,2.3304
79.0168,0.5662,2.445
79.0170,0.4956,2.139
79.0172,0.4898,2.1142
79.0174,0.4982,2.1494
79.0176,0.5583,2.4075
79.0178,0.6172,2.6614
79.0180,0.6107,2.6334
79.0182,0.5915,2.5495
79.0184,0.6197,2.6697
79.0186,0.604,2.6045
79.0188,0.6213,2.6777
79.0190,0.5819,2.5128
79.0192,0.5012,2.1644
79.0194,0.5378,2.3191
79.0196,0.5608,2.4172
79.0198,0.5445,2.3524
79.0200,0.4952,2.1355
79.0202,0.5444,2.3464
79.0204,0.522,2.2529
79.0206,0.4879,2.1079
79.0208,0.4968,2.1432
79.0210,0.5435,2.3434
79.0212,0.5781,2.4963
79.0214,0.4942,2.1328
79.0216,0.4163,1.7978
79.0218,0.4329,1.8692
79.0220,0.4594,1.9836
79.0222,0.4635,2.0013
79.0224,0.4599,1.9857
79.0226,0.4563,1.9702
79.0228,0.4572,1.9752
79.0230,0.4557,1.9676
79.0232,0.4701,2.0288
79.0234,0.4637,2.0004
79.0236,0.4545,1.9606
79.0238,0.4444,1.918
79.0240,0.4451,1.9229
79.0242,0.4468,1.9284
79.0244,0.4449,1.921
79.0246,0.4404,1.9018
79.0248,0.4467,1.9288
79.0250,0.4476,1.9311
79.0252,0.4487,1.9367
79.0254,0.4454,1.9231
79.0256,0.445,1.9206
79.0258,0.4464,1.9268
79.0260,0.4506,1.9449
79.0262,0.5005,2.1552
79.0264,0.5614,2.4232
79.0266,0.4539,1.9598
79.0268,0.4484,1.9351
79.0270,0.4679,2.0195
79.0272,0.4533,1.9545
79.0274,0.4469,1.9289
79.0276,0.4372,1.8879
79.0278,0.4384,1.8913
79.0280,0.4554,1.9638
79.0282,0.5352,2.3066
79.0284,0.5747,2.4749
79.0286,0.6216,2.673
79.0288,0.6833,2.9408
79.0290,0.6331,2.7251
79.0292,0.6226,2.6809
79.0294,0.6171,2.6559
79.0296,0.663,2.8536
79.0298,0.6317,2.7163
79.0300,0.6566,2.8249
79.0302,0.7047,3.0275
79.0304,0.7651,3.2851
79.0306,0.7796,3.3459
79.0308,0.7792,3.3506
79.0310,0.7197,3.0948
79.0312,0.7128,3.0663
79.0314,0.6653,2.8647
79.0316,0.5762,2.4834
79.0318,0.5599,2.4142
79.0320,0.5189,2.2363
79.0322,0.4605,1.9855
79.0324,0.4521,1.9521
79.0326,0.4355,1.8797
79.0328,0.4479,1.9322
79.0330,0.4967,2.1407
79.0332,0.5119,2.2084
79.0334,0.4967,2.1427
79.0336,0.489,2.1086
79.0338,0.5262,2.2678
79.0340,0.4886,2.1071
79.0342,0.5202,2.241
79.0344,0.5626,2.4238
79.0346,0.553,2.3825
79.0348,0.5106,2.2007
79.0350,0.5514,2.3753
79.0352,0.5883,2.5367
79.0354,0.5515,2.3747
79.0356,0.5875,2.5284
79.0358,0.5955,2.563
79.0360,0.5499,2.3702
79.0362,0.5036,2.1707
79.0364,0.508,2.1862
79.0366,0.5553,2.3934
79.0368,0.5238,2.2575
79.0370,0.5908,2.5405
79.0372,0.6036,2.5981
79.0374,0.6445,2.7715
79.0376,0.7172,3.0826
79.0378,0.6614,2.8482
79.0380,0.5198,2.2425
79.0382,0.4896,2.1132
79.0384,0.4739,2.0425
79.0386,0.4848,2.0876
79.0388,0.5179,2.2301
79.0390,0.5734,2.4703
79.0392,0.5783,2.4915
79.0394,0.5583,2.403
79.0396,0.5937,2.5505
79.0398,0.7209,3.1
79.0400,0.7143,3.0688
79.0402,0.6896,2.964
79.0404,0.7378,3.1668
79.0406,0.8232,3.5266
79.0408,0.847,3.6368
79.0410,0.8013,3.4342
79.0412,0.8726,3.74
79.0414,0.903,3.8755
79.0416,0.861,3.6971
79.0418,0.8306,3.5618
79.0420,0.8485,3.6401
79.0422,0.8745,3.75
79.0424,0.891,3.8187
79.0426,0.908,3.8898
79.0428,0.9206,3.9511
79.0430,0.8827,3.7867
79.0432,0.8413,3.6092
79.0434,0.8677,3.7207
79.0436,0.8995,3.8587
79.0438,0.8416,3.617
79.0440,0.7547,3.2408
79.0442,0.7996,3.435
79.0444,0.7869,3.3804
79.0446,0.7949,3.4149
79.0448,0.798,3.4299
79.0450,0.7496,3.2202
79.0452,0.7547,3.2439
79.0454,0.7448,3.1966
79.0456,0.8085,3.4699
79.0458,0.7901,3.3943
79.0460,0.7856,3.3779
79.0462,0.7938,3.4055
79.0464,0.8863,3.8004
79.0466,0.8812,3.7841
79.0468,0.8513,3.6519
79.0470,0.8462,3.6337
79.0472,0.8366,3.5909
79.0474,0.8211,3.5256
79.0476,0.8187,3.5218
79.0478,0.7329,3.1486
79.0480,0.8064,3.4596
79.0482,0.8846,3.7967
79.0484,0.8877,3.8083
79.0486,0.8709,3.7346
79.0488,0.898,3.8544
79.0490,0.8467,3.6341
79.0492,0.8747,3.7575
79.0494,0.8354,3.5874
79.0496,0.8444,3.6226
79.0498,0.8895,3.8178
79.0500,0.9159,3.9256
79.0502,0.9191,3.9431
79.0504,0.8503,3.6529
79.0506,0.849,3.6456
79.0508,0.947,4.0587
79.0510,0.9978,4.2746
79.0512,0.9785,4.1978
79.0514,0.9257,3.9751
79.0516,0.8821,3.7842
79.0518,0.8814,3.7793
79.0520,0.88,3.7789
79.0522,0.884,3.7977
79.0524,0.916,3.9279
79.0526,0.9534,4.0902
79.0528,0.8418,3.6214
79.0530,0.7318,3.1469
79.0532,0.7372,3.1686
79.0534,0.7359,3.1659
79.0536,0.755,3.2464
79.0538,0.816,3.5072
79.0540,0.787,3.3841
79.0542,0.7848,3.3732
79.0544,0.8188,3.5158
79.0546,0.8023,3.4517
79.0548,0.723,3.1145
79.0550,0.6451,2.7805
79.0552,0.6294,2.7128
79.0554,0.6301,2.7147
79.0556,0.6327,2.7255
79.0558,0.6349,2.7341
79.0560,0.6342,2.7322
79.0562,0.6321,2.7242
79.0564,0.6263,2.6981
79.0566,0.6215,2.6775
79.0568,0.6402,2.7568
79.0570,0.6495,2.7991
79.0572,0.6487,2.7948
79.0574,0.6062,2.6126
79.0576,0.6057,2.6081
79.0578,0.6294,2.7128
79.0580,0.6114,2.6353
79.0582,0.5521,2.3806
79.0584,0.5315,2.2927
79.0586,0.5237,2.2591
79.0588,0.5402,2.3305
79.0590,0.6106,2.6317
79.0592,0.5872,2.5321
79.0594,0.5309,2.2891
79.0596,0.5275,2.2756
79.0598,0.5292,2.2829
79.0600,0.5301,2.2881
79.0602,0.5294,2.285
79.0604,0.5267,2.271
79.0606,0.524,2.2585
79.0608,0.5678,2.4438
79.0610,0.6514,2.8074
79.0612,0.5915,2.5507
79.0614,0.5279,2.2761
79.0616,0.5211,2.2503
79.0618,0.528,2.2756
79.0620,0.5931,2.5551
79.0622,0.6014,2.5931
79.0624,0.5329,2.2989
79.0626,0.5241,2.2601
79.0628,0.5385,2.32
79.0630,0.5406,2.3309
79.0632,0.5658,2.4361
79.0634,0.6195,2.6637
79.0636,0.6649,2.8618
79.0638,0.6433,2.7715
79.0640,0.6375,2.7449
79.0642,0.6656,2.8649
79.0644,0.6499,2.7999
79.0646,0.564,2.4295
79.0648,0.5938,2.5605
79.0650,0.5618,2.4213
79.0652,0.5642,2.4328
79.0654,0.5562,2.3993
79.0656,0.615,2.6484
79.0658,0.6369,2.7423
79.0660,0.59,2.5428
79.0662,0.5804,2.4991
79.0664,0.6178,2.6615
79.0666,0.5835,2.5126
79.0668,0.5912,2.5492
79.0670,0.5142,2.2223
79.0672,0.4004,1.7305
79.0674,0.3765,1.6274
79.0676,0.3704,1.5994
79.0678,0.442,1.9103
79.0680,0.4046,1.743
79.0682,0.5,2.1562
79.0684,0.4996,2.1551
79.0686,0.5235,2.2523
79.0688,0.6535,2.8128
79.0690,0.6298,2.7068
79.0692,0.6713,2.8932
79.0694,0.6273,2.6985
79.0696,0.6359,2.7357
79.0698,0.624,2.6858
79.0700,0.6436,2.7687
79.0702,0.6863,2.9496
79.0704,0.7639,3.283
79.0706,0.7438,3.2029
79.0708,0.7192,3.0856
79.0710,0.9137,3.9145
79.0712,0.8908,3.8217
79.0714,0.8544,3.6722
79.0716,0.7497,3.2207
79.0718,0.7955,3.4175
79.0720,0.733,3.1564
79.0722,0.6112,2.6331
79.0724,0.6635,2.8517
79.0726,0.7059,3.0369
79.0728,0.6568,2.8241
79.0730,0.6662,2.8635
79.0732,0.7401,3.181
79.0734,0.7888,3.3855
79.0736,0.8473,3.635
79.0738,0.8412,3.6121
79.0740,0.8363,3.591
79.0742,0.8362,3.5905
79.0744,0.8345,3.5799
79.0746,0.8154,3.503
79.0748,0.8352,3.583
79.0750,0.9076,3.8955
79.0752,0.9012,3.8641
79.0754,0.9247,3.9705
79.0756,0.8869,3.8065
79.0758,0.866,3.717
79.0760,0.8604,3.6962
79.0762,0.8124,3.4885
79.0764,0.8151,3.5031
79.0766,0.7528,3.2311
79.0768,0.8505,3.6506
79.0770,0.898,3.8562
79.0772,0.9163,3.9308
79.0774,0.9195,3.9447
79.0776,0.8898,3.8171
79.0778,0.8974,3.85
79.0780,0.8533,3.6658
79.0782,0.8161,3.5012
79.0784,0.8725,3.7465
79.0786,0.8986,3.8587
79.0788,0.9032,3.8765
79.0790,0.8634,3.7056
79.0792,0.9235,3.9579
79.0794,0.9617,4.1257
79.0796,0.9623,4.1302
79.0798,0.9018,3.8739
79.0800,0.8845,3.798
79.0802,0.888,3.8147
79.0804,0.8276,3.5556
79.0806,0.8228,3.5383
79.0808,0.7953,3.4165
79.0810,0.8104,3.4781
79.0812,0.8796,3.7769
79.0814,0.8127,3.4977
79.0816,0.7484,3.221
79.0818,0.7299,3.1401
79.0820,0.7206,3.0999
79.0822,0.7595,3.2675
79.0824,0.7833,3.3697
79.0826,0.7633,3.2835
79.0828,0.7334,3.1536
79.0830,0.7701,3.3145
79.0832,0.7663,3.301
79.0834,0.6366,2.7426
79.0836,0.6475,2.7883
79.0838,0.7093,3.0542
79.0840,0.7219,3.1041
79.0842,0.7293,3.1346
79.0844,0.778,3.3423
79.0846,0.8215,3.5293
79.0848,0.837,3.5974
79.0850,0.8567,3.6854
79.0852,0.7792,3.3521
79.0854,0.701,3.0228
79.0856,0.6053,2.609
79.0858,0.583,2.5117
79.0860,0.6206,2.6721
79.0862,0.6817,2.9368
79.0864,0.6973,3.004
79.0866,0.6863,2.9537
79.0868,0.6805,2.9276
79.0870,0.7576,3.2578
79.0872,0.8002,3.4376
79.0874,0.7657,3.2984
79.0876,0.6221,2.6826
79.0878,0.59,2.544
79.0880,0.6468,2.78
79.0882,0.7449,3.2061
79.0884,0.6917,2.9769
79.0886,0.7189,3.0912
79.0888,0.7731,3.3274
79.0890,0.7399,3.1844
79.0892,0.7406,3.186
79.0894,0.7685,3.3047
79.0896,0.8074,3.4766
79.0898,0.7173,3.0888
79.0900,0.6967,2.9958
79.0902,0.7219,3.1099
79.0904,0.7068,3.0405
79.0906,0.7073,3.044
79.0908,0.6981,3.0076
79.0910,0.6232,2.686
79.0912,0.6367,2.7456
79.0914,0.6143,2.6465
79.0916,0.6105,2.6336
79.0918,0.5616,2.4248
79.0920,0.558,2.4059
79.0922,0.5863,2.5268
79.0924,0.5472,2.3561
79.0926,0.5937,2.56
79.0928,0.5494,2.3736
79.0930,0.5156,2.2234
79.0932,0.5534,2.3896
79.0934,0.462,1.9978
79.0936,0.4467,1.9306
79.0938,0.4448,1.9205
79.0940,0.4468,1.9284
79.0942,0.4448,1.9214
79.0944,0.4448,1.9214
79.0946,0.4416,1.9088
79.0948,0.442,1.9095
79.0950,0.439,1.8956
79.0952,0.4848,2.0924
79.0954,0.5216,2.2503
79.0956,0.5041,2.1758
79.0958,0.4412,1.9041
79.0960,0.4331,1.8711
79.0962,0.4353,1.8796
79.0964,0.4313,1.8625
79.0966,0.4514,1.9471
79.0968,0.5086,2.1929
79.0970,0.5391,2.3237
79.0972,0.554,2.3855
79.0974,0.5715,2.4621
79.0976,0.571,2.4623
79.0978,0.5586,2.4074
79.0980,0.5482,2.364
79.0982,0.4896,2.1141
79.0984,0.4482,1.9364
79.0986,0.4462,1.9258
79.0988,0.4481,1.9332
79.0990,0.4481,1.9341
79.0992,0.4467,1.9288
79.0994,0.4443,1.9166
79.0996,0.4438,1.9146
79.0998,0.4479,1.9348
79.1000,0.4492,1.9405
79.1002,0.4457,1.9228
79.1004,0.4431,1.9115
79.1006,0.4448,1.9205
79.1008,0.441,1.9035
79.1010,0.4372,1.887
79.1012,0.4389,1.8925
79.1014,0.4534,1.9532
79.1016,0.5393,2.3177
79.1018,0.6661,2.8697
79.1020,0.5733,2.471
79.1022,0.566,2.4383
79.1024,0.5969,2.5704
79.1026,0.5793,2.4956
79.1028,0.5761,2.4805
79.1030,0.5879,2.5305
79.1032,0.617,2.6529
79.1034,0.6294,2.7065
79.1036,0.7057,3.0317
79.1038,0.7709,3.3088
79.1040,0.7768,3.3356
79.1042,0.7182,3.0881
79.1044,0.7357,3.1619
79.1046,0.6556,2.8229
79.1048,0.5829,2.51
79.1050,0.5776,2.493
79.1052,0.4769,2.0573
79.1054,0.4848,2.0895
79.1056,0.511,2.1991
79.1058,0.6022,2.5943
79.1060,0.5723,2.4657
79.1062,0.5617,2.4175
79.1064,0.6,2.5802
79.1066,0.6631,2.8475
79.1068,0.734,3.1576
79.1070,0.7063,3.0357
79.1072,0.7423,3.1888
79.1074,0.7246,3.1116
79.1076,0.7597,3.2604
79.1078,0.833,3.5754
79.1080,0.8489,3.6349
79.1082,0.9388,4.0237
79.1084,0.925,3.9683
79.1086,0.9521,4.0751
79.1088,1.04,4.4492
79.1090,1.0502,4.4928
79.1092,1.0618,4.5425
79.1094,1.0484,4.4893
79.1096,1.0501,4.4965
79.1098,1.0698,4.5892
79.1100,0.9513,4.0791
79.1102,0.9754,4.1766
79.1104,0.9889,4.2405
79.1106,0.9954,4.2583
79.1108,1.0133,4.3429
79.1110,0.9328,4.0092
79.1112,0.7896,3.397
79.1114,0.793,3.4099
79.1116,0.7744,3.3222
79.1118,0.914,3.9119
79.1120,0.9664,4.1458
79.1122,0.8597,3.6931
79.1124,0.8617,3.6915
79.1126,0.9592,4.1092
79.1128,0.9795,4.198
79.1130,0.946,4.0621
79.1132,0.8961,3.8461
79.1134,0.9044,3.878
79.1136,0.9522,4.0851
79.1138,0.8755,3.7594
79.1140,0.8729,3.7463
79.1142,0.9265,3.9708
79.1144,0.938,4.0258
79.1146,0.9346,4.0132
79.1148,0.9265,3.9763
79.1150,0.8816,3.7892
79.1152,0.795,3.4234
79.1154,0.7477,3.212
79.1156,0.8369,3.5952
79.1158,0.8546,3.6698
79.1160,0.8515,3.6615
79.1162,0.8428,3.6222
79.1164,0.8115,3.4909
79.1166,0.7577,3.2568
79.1168,0.807,3.4718
79.1170,0.7718,3.3186
79.1172,0.7854,3.3758
79.1174,0.7868,3.3878
79.1176,0.7174,3.0908
79.1178,0.7281,3.1309
79.1180,0.8043,3.4567
79.1182,0.7974,3.4273
79.1184,0.7576,3.2578
79.1186,0.7498,3.2242
79.1188,0.7484,3.2195
79.1190,0.7537,3.2453
79.1192,0.7486,3.2191
79.1194,0.7589,3.2604
79.1196,0.8327,3.5739
79.1198,0.8733,3.7571
79.1200,0.7673,3.3011
79.1202,0.7504,3.2253
79.1204,0.7543,3.2478
79.1206,0.7286,3.1359
79.1208,0.7173,3.0845
79.1210,0.8106,3.4808
79.1212,0.8498,3.656
79.1214,0.7688,3.3088
79.1216,0.7189,3.0926
79.1218,0.7144,3.0707
79.1220,0.807,3.4734
79.1222,0.7308,3.1452
79.1224,0.7079,3.048
79.1226,0.7021,3.026
79.1228,0.6965,2.9962
79.1230,0.693,2.9812
79.1232,0.7215,3.1054
79.1234,0.7234,3.1137
79.1236,0.7137,3.069
79.1238,0.7085,3.052
79.1240,0.6766,2.9173
79.1242,0.6391,2.7509
79.1244,0.7227,3.1164
79.1246,0.6064,2.6172
79.1248,0.5612,2.4199
79.1250,0.5569,2.4013
79.1252,0.555,2.3952
79.1254,0.5485,2.3684
79.1256,0.5367,2.3176
79.1258,0.5387,2.3238
79.1260,0.5411,2.3341
79.1262,0.5957,2.57
79.1264,0.5646,2.4366
79.1266,0.5348,2.3072
79.1268,0.5566,2.4013
79.1270,0.557,2.4029
79.1272,0.5456,2.3538
79.1274,0.5321,2.2964
79.1276,0.5676,2.4462
79.1278,0.6147,2.6505
79.1280,0.5637,2.4296
79.1282,0.6005,2.5859
79.1284,0.6905,2.969
79.1286,0.7308,3.1408
79.1288,0.7713,3.315
79.1290,0.8581,3.6881
79.1292,0.8604,3.6945
79.1294,0.8538,3.6713
79.1296,0.7742,3.3305
79.1298,0.7814,3.3598
79.1300,0.7913,3.3963
79.1302,0.8233,3.5337
79.1304,0.881,3.7848
79.1306,0.8854,3.8039
79.1308,0.829,3.5596
79.1310,0.8485,3.652
79.1312,0.7593,3.2695
79.1314,0.6975,2.998
79.1316,0.7714,3.3171
79.1318,0.7611,3.2757
79.1320,0.7257,3.1177
79.1322,0.7864,3.3878
79.1324,0.6943,2.9897
79.1326,0.7324,3.1509
79.1328,0.7502,3.2273
79.1330,0.7745,3.3274
79.1332,0.795,3.4218
79.1334,0.754,3.2468
79.1336,0.6943,2.9897
79.1338,0.671,2.8908
79.1340,0.6752,2.913
79.1342,0.5961,2.568
79.1344,0.6297,2.7101
79.1346,0.6572,2.8327
79.1348,0.6286,2.7092
79.1350,0.6267,2.7022
79.1352,0.5334,2.3021
79.1354,0.5032,2.1736
79.1356,0.5003,2.1592
79.1358,0.4877,2.1058
79.1360,0.4886,2.11
79.1362,0.4891,2.1101
79.1364,0.5548,2.3914
79.1366,0.5785,2.492
79.1368,0.5751,2.4822
79.1370,0.4855,2.0975
79.1372,0.4697,2.0291
79.1374,0.4671,2.0168
79.1376,0.465,2.008
79.1378,0.4691,2.0246
79.1380,0.4689,2.0246
79.1382,0.4804,2.0723
79.1384,0.4755,2.0511
79.1386,0.475,2.0472
79.1388,0.5092,2.1955
79.1390,0.5409,2.3325
79.1392,0.6003,2.5872
79.1394,0.58,2.4999
79.1396,0.5649,2.4325
79.1398,0.6137,2.6415
79.1400,0.7075,3.0394
79.1402,0.7539,3.2403
79.1404,0.7213,3.1058
79.1406,0.7003,3.0127
79.1408,0.7395,3.1784
79.1410,0.7992,3.4303
79.1412,0.8177,3.5161
79.1414,0.7594,3.2579
79.1416,0.9308,3.9837
79.1418,1.0263,4.3969
79.1420,1.0066,4.3081
79.1422,1.0404,4.4549
79.1424,1.0646,4.5671
79.1426,0.9536,4.0927
79.1428,0.9064,3.8922
79.1430,0.8235,3.5375
79.1432,0.8528,3.6603
79.1434,0.9004,3.8647
79.1436,0.883,3.7865
79.1438,0.8604,3.6996
79.1440,0.796,3.4212
79.1442,0.8097,3.4783
79.1444,0.8135,3.4932
79.1446,0.7987,3.4298
79.1448,0.8416,3.6136
79.1450,0.8354,3.5941
79.1452,0.7884,3.3903
79.1454,0.7291,3.1409
79.1456,0.6612,2.8498
79.1458,0.6467,2.7886
79.1460,0.5839,2.5188
79.1462,0.6142,2.6447
79.1464,0.6352,2.7351
79.1466,0.6143,2.6465
79.1468,0.667,2.8706
79.1470,0.71,3.053
79.1472,0.7264,3.1295
79.1474,0.6608,2.8522
79.1476,0.6036,2.6005
79.1478,0.6451,2.7754
79.1480,0.6933,2.9855
79.1482,0.6635,2.8623
79.1484,0.5135,2.212
79.1486,0.6299,2.7111
79.1488,0.758,3.2608
79.1490,0.7606,3.2737
79.1492,0.6841,2.9499
79.1494,0.6258,2.6936
79.1496,0.7252,3.1185
79.1498,0.7553,3.248
79.1500,0.6944,2.9874
79.1502,0.7281,3.1295
79.1504,0.7549,3.2474
79.1506,0.7581,3.2674
79.1508,0.7095,3.051
79.1510,0.7459,3.2072
79.1512,0.7525,3.2341
79.1514,0.7806,3.3521
79.1516,0.8339,3.579
79.1518,0.8109,3.4916
79.1520,0.6938,2.9848
79.1522,0.7023,3.0243
79.1524,0.7073,3.0426
79.1526,0.7826,3.3619
79.1528,0.8203,3.5291
79.1530,0.7005,3.0207
79.1532,0.5397,2.3349
79.1534,0.4253,1.834
79.1536,0.5682,2.4453
79.1538,0.6859,2.9549
79.1540,0.6083,2.6255
79.1542,0.5933,2.5525
79.1544,0.7582,3.2573
79.1546,0.7467,3.2138
79.1548,0.6569,2.8351
79.1550,0.5086,2.1949
79.1552,0.4961,2.1391
79.1554,0.4996,2.1571
79.1556,0.4861,2.1001
79.1558,0.4895,2.1126
79.1560,0.4949,2.1349
79.1562,0.4825,2.0826
79.1564,0.507,2.1882
79.1566,0.4877,2.1039
79.1568,0.4295,1.8573
79.1570,0.4027,1.7403
79.1572,0.401,1.7315
79.1574,0.4442,1.9179
79.1576,0.4481,1.9341
79.1578,0.4452,1.9217
79.1580,0.4511,1.947
79.1582,0.4609,1.9904
79.1584,0.4478,1.9316
79.1586,0.4456,1.925
79.1588,0.4479,1.9339
79.1590,0.4505,1.9453
79.1592,0.4492,1.9396
79.1594,0.4462,1.9267
79.1596,0.4461,1.9262
79.1598,0.4486,1.937
79.1600,0.4508,1.9446
79.1602,0.4493,1.9402
79.1604,0.4492,1.9387
79.1606,0.4498,1.9422
79.1608,0.4707,2.0304
79.1610,0.5274,2.273
79.1612,0.5268,2.2715
79.1614,0.4671,2.0149
79.1616,0.4596,1.9838
79.1618,0.4563,1.9693
79.1620,0.456,1.9673
79.1622,0.4547,1.9625
79.1624,0.4572,1.9734
79.1626,0.462,1.9932
79.1628,0.465,2.0052
79.1630,0.4937,2.1268
79.1632,0.5565,2.3953
79.1634,0.6442,2.77
79.1636,0.6357,2.7372
79.1638,0.5534,2.3863
79.1640,0.5038,2.1732
79.1642,0.4569,1.9682
79.1644,0.4964,2.1417
79.1646,0.4627,1.9981
79.1648,0.4516,1.9455
79.1650,0.4759,2.0522
79.1652,0.4685,2.0202
79.1654,0.4733,2.0437
79.1656,0.459,1.9812
79.1658,0.4366,1.8844
79.1660,0.4292,1.8523
79.1662,0.4289,1.8504
79.1664,0.4397,1.897
79.1666,0.446,1.9239
79.1668,0.4297,1.8527
79.1670,0.4348,1.874
79.1672,0.453,1.9526
79.1674,0.5245,2.2585
79.1676,0.6827,2.9341
79.1678,0.7026,3.0225
79.1680,0.6312,2.7155
79.1682,0.601,2.5855
79.1684,0.6155,2.648
79.1686,0.6116,2.6297
79.1688,0.6124,2.6345
79.1690,0.6507,2.7965
79.1692,0.6884,2.9575
79.1694,0.7184,3.0891
79.1696,0.7254,3.1161
79.1698,0.7067,3.0358
79.1700,0.6977,2.9971
79.1702,0.7263,3.1217
79.1704,0.7547,3.2393
79.1706,0.807,3.4653
79.1708,0.768,3.2995
79.1710,0.7538,3.2413
79.1712,0.729,3.1272
79.1714,0.7997,3.4275
79.1716,0.8324,3.5745
79.1718,0.793,3.4035
79.1720,0.7465,3.2053
79.1722,0.7835,3.3691
79.1724,0.7353,3.1604
79.1726,0.7218,3.0978
79.1728,0.775,3.3294
79.1730,0.7767,3.3413
79.1732,0.7147,3.0732
79.1734,0.6715,2.8862
79.1736,0.6969,2.9927
79.1738,0.7563,3.2506
79.1740,0.7719,3.3207
79.1742,0.6888,2.9632
79.1744,0.6707,2.8772
79.1746,0.8264,3.5438
79.1748,0.8821,3.7753
79.1750,0.9268,3.9742
79.1752,0.9111,3.9086
79.1754,0.8953,3.839
79.1756,0.894,3.8333
79.1758,0.8731,3.7526
79.1760,0.8248,3.5416
79.1762,0.8128,3.4884
79.1764,0.8444,3.6243
79.1766,0.8527,3.6598
79.1768,0.8442,3.6182
79.1770,0.8649,3.7158
79.1772,0.771,3.3155
79.1774,0.729,3.1331
79.1776,0.7507,3.2248
79.1778,0.8175,3.5118
79.1780,0.8323,3.5673
79.1782,0.9209,3.9453
79.1784,0.9157,3.93
79.1786,0.823,3.5338
79.1788,0.7942,3.415
79.1790,0.7475,3.2129
79.1792,0.7997,3.4371
79.1794,0.7799,3.3505
79.1796,0.7715,3.316
79.1798,0.7668,3.2913
79.1800,0.8069,3.4697
79.1802,0.7908,3.4006
79.1804,0.7799,3.349
79.1806,0.8203,3.5225
79.1808,0.8411,3.6116
79.1810,0.7984,3.4331
79.1812,0.7291,3.1336
79.1814,0.7605,3.264
79.1816,0.8315,3.5754
79.1818,0.8226,3.5339
79.1820,0.8422,3.6145
79.1822,0.8269,3.5525
79.1824,0.8164,3.5137
79.1826,0.7248,3.1194
79.1828,0.7031,3.0203
79.1830,0.8248,3.5416
79.1832,0.7934,3.4114
79.1834,0.7852,3.3716
79.1836,0.8535,3.6685
79.1838,0.8268,3.552
79.1840,0.8577,3.6849
79.1842,0.8213,3.5348
79.1844,0.6935,2.9833
79.1846,0.6778,2.9171
79.1848,0.6712,2.8887
79.1850,0.672,2.895
79.1852,0.6636,2.8588
79.1854,0.678,2.9154
79.1856,0.7695,3.3026
79.1858,0.8688,3.7288
79.1860,0.8786,3.7692
79.1862,0.8768,3.765
79.1864,0.7954,3.4234
79.1866,0.7459,3.2102
79.1868,0.7288,3.1355
79.1870,0.7541,3.2383
79.1872,0.843,3.6181
79.1874,0.903,3.8773
79.1876,0.8467,3.6358
79.1878,0.7947,3.4155
79.1880,0.8058,3.4634
79.1882,0.7794,3.3532
79.1884,0.7815,3.3588
79.1886,0.8008,3.4402
79.1888,0.8533,3.6624
79.1890,0.914,3.921
79.1892,0.9128,3.9177
79.1894,0.908,3.8935
79.1896,0.9019,3.8726
79.1898,0.8576,3.6895
79.1900,0.7892,3.3949
79.1902,0.7167,3.0834
79.1904,0.7173,3.0859
79.1906,0.8068,3.4659
79.1908,0.8345,3.5833
79.1910,0.8129,3.4971
79.1912,0.7478,3.2155
79.1914,0.755,3.2494
79.1916,0.7427,3.1998
79.1918,0.6873,2.9652
79.1920,0.578,2.4923
79.1922,0.5625,2.4267
79.1924,0.5611,2.4205
79.1926,0.5682,2.4499
79.1928,0.574,2.4741
79.1930,0.566,2.4417
79.1932,0.5577,2.4071
79.1934,0.5562,2.3971
79.1936,0.5599,2.412
79.1938,0.6859,2.948
79.1940,0.7881,3.3966
79.1942,0.6008,2.5845
79.1944,0.6751,2.9057
79.1946,0.6854,2.9528
79.1948,0.6471,2.7862
79.1950,0.6442,2.7738
79.1952,0.6395,2.755
79.1954,0.64,2.757
79.1956,0.6415,2.7599
79.1958,0.6401,2.7563
79.1960,0.6399,2.7578
79.1962,0.6335,2.7291
79.1964,0.6787,2.9212
79.1966,0.7274,3.1264
79.1968,0.7557,3.2495
79.1970,0.7485,3.2201
79.1972,0.7847,3.3664
79.1974,0.8765,3.7687
79.1976,0.7444,3.207
79.1978,0.6504,2.8007
79.1980,0.6342,2.731
79.1982,0.63,2.7154
79.1984,0.6293,2.7123
79.1986,0.6291,2.7088
79.1988,0.6266,2.6992
79.1990,0.636,2.7387
79.1992,0.6378,2.7452
79.1994,0.6667,2.8749
79.1996,0.6218,2.681
79.1998,0.6107,2.631
79.2000,0.6149,2.6491
79.2002,0.59,2.5428
79.2004,0.6113,2.6336
79.2006,0.651,2.7994
79.2008,0.7188,3.0907
79.2010,0.7117,3.0645
79.2012,0.6839,2.9475
79.2014,0.6245,2.6891
79.2016,0.6194,2.6669
79.2018,0.6033,2.6002
79.2020,0.5884,2.5373
79.2022,0.59,2.5428
79.2024,0.5947,2.5618
79.2026,0.6038,2.5998
79.2028,0.5944,2.5667
79.2030,0.5009,2.1618
79.2032,0.4976,2.1478
79.2034,0.4943,2.1323
79.2036,0.4934,2.1297
79.2038,0.4907,2.1168
79.2040,0.5108,2.2037
79.2042,0.5165,2.225
79.2044,0.6063,2.6131
79.2046,0.621,2.6754
79.2048,0.7372,3.1657
79.2050,0.7808,3.3557
79.2052,0.7559,3.252
79.2054,0.6776,2.9192
79.2056,0.6491,2.7976
79.2058,0.619,2.6654
79.2060,0.6171,2.6559
79.2062,0.6655,2.8617
79.2064,0.7573,3.2623
79.2066,0.6654,2.8652
79.2068,0.6708,2.8858
79.2070,0.6909,2.9711
79.2072,0.7413,3.1847
79.2074,0.7886,3.3892
79.2076,0.8016,3.4486
79.2078,0.7363,3.166
79.2080,0.7454,3.2052
79.2082,0.7652,3.2918
79.2084,0.8167,3.5054
79.2086,0.8906,3.8189
79.2088,0.8948,3.8387
79.2090,0.8979,3.8521
79.2092,0.9,3.859
79.2094,0.9558,4.1005
79.2096,0.996,4.2629
79.2098,1.048,4.4836
79.2100,1.0515,4.5068
79.2102,1.013,4.3419
79.2104,1.0026,4.2951
79.2106,1.0016,4.293
79.2108,0.9556,4.0995
79.2110,0.9875,4.2304
79.2112,1.011,4.3311
79.2114,0.9706,4.1716
79.2116,0.8005,3.4439
79.2118,0.729,3.1403
79.2120,0.6405,2.7591
79.2122,0.6315,2.7204
79.2124,0.6245,2.6879
79.2126,0.7407,3.188
79.2128,0.7616,3.2732
79.2130,0.7943,3.4124
79.2132,0.8069,3.4713
79.2134,0.764,3.2836
79.2136,0.8057,3.4613
79.2138,0.7411,3.1896
79.2140,0.7395,3.1843
79.2142,0.7086,3.0483
79.2144,0.704,3.0301
79.2146,0.7002,3.015
79.2148,0.7148,3.0694
79.2150,0.8461,3.6298
79.2152,0.8737,3.7604
79.2154,0.7836,3.3681
79.2156,0.8448,3.6259
79.2158,0.7511,3.2404
79.2160,0.5334,2.3031
79.2162,0.5107,2.2032
79.2164,0.5727,2.4695
79.2166,0.5836,2.5166
79.2168,0.6005,2.5883
79.2170,0.5935,2.5613
79.2172,0.5205,2.2488
79.2174,0.4897,2.1146
79.2176,0.5418,2.335
79.2178,0.592,2.5528
79.2180,0.5863,2.5291
79.2182,0.5878,2.5311
79.2184,0.6415,2.7625
79.2186,0.6207,2.6788
79.2188,0.5199,2.2451
79.2190,0.5069,2.1867
79.2192,0.5637,2.4307
79.2194,0.5761,2.484
79.2196,0.581,2.5075
79.2198,0.4978,2.1493
79.2200,0.4827,2.0822
79.2202,0.4949,2.1359
79.2204,0.5047,2.1733
79.2206,0.5853,2.5238
79.2208,0.5655,2.4453
79.2210,0.4219,1.8241
79.2212,0.4005,1.7302
79.2214,0.401,1.7315
79.2216,0.4551,1.9659
79.2218,0.4478,1.9325
79.2220,0.4436,1.9144
79.2222,0.4464,1.9286
79.2224,0.4484,1.9369
79.2226,0.457,1.9715
79.2228,0.4556,1.9662
79.2230,0.4452,1.9234
79.2232,0.4463,1.9254
79.2234,0.4488,1.9363
79.2236,0.4551,1.9632
79.2238,0.4473,1.9296
79.2240,0.4451,1.9211
79.2242,0.4458,1.9251
79.2244,0.4492,1.9387
79.2246,0.4496,1.9412
79.2248,0.4503,1.9443
79.2250,0.4602,1.9845
79.2252,0.5311,2.2859
79.2254,0.5733,2.471
79.2256,0.5581,2.4042
79.2258,0.5954,2.5637
79.2260,0.5622,2.4218
79.2262,0.5363,2.3155
79.2264,0.4716,2.0355
79.2266,0.4639,2.0015
79.2268,0.4418,1.9058
79.2270,0.4343,1.8746
79.2272,0.4246,1.8335
79.2274,0.4277,1.8452
79.2276,0.4914,2.117
79.2278,0.5397,2.3262
79.2280,0.5668,2.4431
79.2282,0.5527,2.381
79.2284,0.57,2.4531
79.2286,0.6042,2.6031
79.2288,0.5805,2.5008
79.2290,0.5865,2.5243
79.2292,0.5906,2.5407
79.2294,0.5655,2.434
79.2296,0.6263,2.6956
79.2298,0.658,2.8293
79.2300,0.6876,2.9552
79.2302,0.7473,3.2134
79.2304,0.7182,3.0881
79.2306,0.6596,2.8352
79.2308,0.6899,2.9692
79.2310,0.693,2.9798
79.2312,0.6875,2.9575
79.2314,0.6501,2.7991
79.2316,0.6437,2.7705
79.2318,0.6667,2.8682
79.2320,0.6196,2.6643
79.2322,0.5858,2.5235
79.2324,0.5294,2.2786
79.2326,0.6517,2.8038
79.2328,0.6348,2.7374
79.2330,0.5033,2.1701
79.2332,0.4895,2.1087
79.2334,0.5244,2.2611
79.2336,0.4956,2.1351
79.2338,0.5285,2.2745
79.2340,0.552,2.3812
79.2342,0.5005,2.1572
79.2344,0.4913,2.1184
79.2346,0.494,2.1323
79.2348,0.4957,2.1376
79.2350,0.4909,2.1159
79.2352,0.4966,2.1392
79.2354,0.6018,2.5855
79.2356,0.716,3.076
79.2358,0.6537,2.8107
79.2360,0.6969,2.9927
79.2362,0.8073,3.4696
79.2364,0.6755,2.91
79.2366,0.5891,2.5368
79.2368,0.5933,2.5525
79.2370,0.6059,2.6079
79.2372,0.5686,2.4485
79.2374,0.5586,2.4052
79.2376,0.5706,2.4557
79.2378,0.5761,2.4805
79.2380,0.5172,2.2322
79.2382,0.4601,1.9858
79.2384,0.4649,2.0028
79.2386,0.4951,2.134
79.2388,0.5323,2.291
79.2390,0.5902,2.5438
79.2392,0.5564,2.397
79.2394,0.5551,2.388
79.2396,0.6033,2.5953
79.2398,0.6588,2.8316
79.2400,0.7369,3.1685
79.2402,0.6906,2.9668
79.2404,0.725,3.1117
79.2406,0.7802,3.3469
79.2408,0.8249,3.5355
79.2410,0.8685,3.7208
79.2412,1.0088,4.3158
79.2414,1.0477,4.4841
79.2416,1.0484,4.4872
79.2418,1.0662,4.5631
79.2420,1.0206,4.3742
79.2422,0.9139,3.915
79.2424,0.9283,3.9804
79.2426,0.8757,3.7551
79.2428,0.8611,3.701
79.2430,0.8177,3.5095
79.2432,0.8378,3.5977
79.2434,0.8332,3.5809
79.2436,0.7724,3.3181
79.2438,0.7877,3.3824
79.2440,0.8173,3.5096
79.2442,0.8665,3.7155
79.2444,0.8547,3.6686
79.2446,0.903,3.8755
79.2448,0.8444,3.6226
79.2450,0.8193,3.5179
79.2452,0.8298,3.5582
79.2454,0.8416,3.612
79.2456,0.8371,3.5963
79.2458,0.8321,3.568
79.2460,0.8682,3.7262
79.2462,0.884,3.7942
79.2464,0.8519,3.6562
79.2466,0.8425,3.6161
79.2468,0.8458,3.6334
79.2470,0.8559,3.6703
79.2472,0.8616,3.6996
79.2474,0.8965,3.8477
79.2476,0.8594,3.6955
79.2478,0.7408,3.1826
79.2480,0.8127,3.4895
79.2482,0.8827,3.7867
79.2484,0.8834,3.7863
79.2486,0.8917,3.8253
79.2488,0.9187,3.9429
79.2490,0.9139,3.9187
79.2492,0.9455,4.0544
79.2494,0.9044,3.8798
79.2496,0.9221,3.9504
79.2498,0.9821,4.2152
79.2500,0.8803,3.7852
79.2502,0.8218,3.5287
79.2504,0.8547,3.6737
79.2506,0.8588,3.6895
79.2508,0.8619,3.7012
79.2510,0.8834,3.7898
79.2512,0.9263,3.9777
79.2514,0.8893,3.815
79.2516,0.9129,3.92
79.2518,0.8528,3.6706
79.2520,0.7695,3.3119
79.2522,0.7567,3.2521
79.2524,0.7788,3.349
79.2526,0.7649,3.2907
79.2528,0.7618,3.2743
79.2530,0.7633,3.2805
79.2532,0.7324,3.1553
79.2534,0.7153,3.0786
79.2536,0.78,3.3511
79.2538,0.8541,3.6711
79.2540,0.8339,3.5824
79.2542,0.8099,3.4858
79.2544,0.7202,3.0983
79.2546,0.7323,3.1475
79.2548,0.789,3.3928
79.2550,0.7966,3.4269
79.2552,0.7115,3.0635
79.2554,0.6586,2.8358
79.2556,0.7166,3.0871
79.2558,0.6888,2.9645
79.2560,0.7002,3.0178
79.2562,0.6256,2.6938
79.2564,0.6397,2.7598
79.2566,0.5596,2.4132
79.2568,0.5475,2.3598
79.2570,0.6228,2.6857
79.2572,0.5789,2.4976
79.2574,0.5445,2.3491
79.2576,0.5413,2.3373
79.2578,0.528,2.2788
79.2580,0.533,2.2994
79.2582,0.5369,2.316
79.2584,0.5401,2.331
79.2586,0.5342,2.3057
79.2588,0.5467,2.3562
79.2590,0.5701,2.4604
79.2592,0.5289,2.2819
79.2594,0.53,2.2865
79.2596,0.5256,2.2663
79.2598,0.5241,2.2612
79.2600,0.5259,2.2689
79.2602,0.53,2.2865
79.2604,0.568,2.4505
79.2606,0.5363,2.3123
79.2608,0.5263,2.2705
79.2610,0.5263,2.2694
79.2612,0.5283,2.2782
79.2614,0.525,2.2658
79.2616,0.524,2.2606
79.2618,0.5262,2.27
79.2620,0.5239,2.2612
79.2622,0.5336,2.2999
79.2624,0.5333,2.3015
79.2626,0.5259,2.2668
79.2628,0.59,2.5381
79.2630,0.6487,2.7909
79.2632,0.664,2.859
79.2634,0.6601,2.8399
79.2636,0.6882,2.9647
79.2638,0.6345,2.7371
79.2640,0.5571,2.4012
79.2642,0.5385,2.3211
79.2644,0.5339,2.302
79.2646,0.5337,2.3025
79.2648,0.5306,2.287
79.2650,0.5303,2.2865
79.2652,0.5299,2.286
79.2654,0.534,2.2961
79.2656,0.6643,2.8619
79.2658,0.5769,2.4842
79.2660,0.6513,2.7991
79.2662,0.6989,3.0093
79.2664,0.5738,2.4719
79.2666,0.5668,2.4419
79.2668,0.5858,2.5235
79.2670,0.5855,2.5248
79.2672,0.5325,2.2984
79.2674,0.5014,2.1609
79.2676,0.552,2.379
79.2678,0.5943,2.559
79.2680,0.6355,2.7341
79.2682,0.6619,2.845
79.2684,0.7035,3.0252
79.2686,0.6762,2.9117
79.2688,0.681,2.931
79.2690,0.6897,2.9631
79.2692,0.7351,3.1564
79.2694,0.7661,3.2898
79.2696,0.7845,3.3654
79.2698,0.7894,3.396
79.2700,0.71,3.053
79.2702,0.745,3.2066
79.2704,0.6742,2.9016
79.2706,0.6385,2.7483
79.2708,0.6869,2.9549
79.2710,0.6673,2.8708
79.2712,0.6387,2.7475
79.2714,0.6456,2.7813
79.2716,0.6383,2.7473
79.2718,0.7291,3.1365
79.2720,0.7047,3.029
79.2722,0.7093,3.0514
79.2724,0.6931,2.9831
79.2726,0.6787,2.9158
79.2728,0.7703,3.3093
79.2730,0.7654,3.2882
79.2732,0.7877,3.3872
79.2734,0.7402,3.183
79.2736,0.72,3.0973
79.2738,0.7323,3.149
79.2740,0.7358,3.1639
79.2742,0.7318,3.141
79.2744,0.8387,3.5979
79.2746,0.9014,3.867
79.2748,0.9074,3.8927
79.2750,0.9292,3.9863
79.2752,0.9342,4.0098
79.2754,0.9112,3.911
79.2756,0.9013,3.8665
79.2758,0.8231,3.5311
79.2760,0.8288,3.5607
79.2762,0.8118,3.4876
79.2764,0.7784,3.347
79.2766,0.7435,3.1984
79.2768,0.7842,3.3691
79.2770,0.8321,3.5696
79.2772,0.8833,3.7911
79.2774,0.8696,3.7307
79.2776,0.919,3.9352
79.2778,0.9551,4.0974
79.2780,0.8922,3.8327
79.2782,0.8935,3.8366
79.2784,0.8986,3.8516
79.2786,0.9616,4.1252
79.2788,0.9309,3.9935
79.2790,0.94,4.0345
79.2792,0.908,3.8953
79.2794,0.8712,3.7461
79.2796,0.7848,3.3748
79.2798,0.8543,3.6716
79.2800,0.7898,3.3959
79.2802,0.7044,3.0359
79.2804,0.6533,2.8105
79.2806,0.6896,2.9654
79.2808,0.7074,3.0445
79.2810,0.7186,3.0974
79.2812,0.6605,2.8427
79.2814,0.7111,3.0577
79.2816,0.7587,3.2639
79.2818,0.7353,3.1663
79.2820,0.727,3.1248
79.2822,0.6991,3.0145
79.2824,0.6125,2.64
79.2826,0.6743,2.9021
79.2828,0.7092,3.0509
79.2830,0.6876,2.9621
79.2832,0.7287,3.1349
79.2834,0.7748,3.3284
79.2836,0.7829,3.3697
79.2838,0.7192,3.0999
79.2840,0.6174,2.6612
79.2842,0.6003,2.5896
79.2844,0.583,2.5152
79.2846,0.5872,2.5286
79.2848,0.6704,2.8842
79.2850,0.7336,3.1561
79.2852,0.7722,3.3237
79.2854,0.7218,3.1065
79.2856,0.7311,3.1453
79.2858,0.7483,3.2175
79.2860,0.7499,3.2278
79.2862,0.7336,3.1561
79.2864,0.7691,3.3103
79.2866,0.6931,2.9831
79.2868,0.7297,3.1391
79.2870,0.7435,3.1969
79.2872,0.7231,3.1107
79.2874,0.6951,2.9905
79.2876,0.7312,3.1458
79.2878,0.7487,3.2256
79.2880,0.6947,2.9898
79.2882,0.6761,2.9125
79.2884,0.6903,2.9726
79.2886,0.7251,3.1151
79.2888,0.7797,3.3542
79.2890,0.705,3.0384
79.2892,0.6774,2.9101
79.2894,0.7323,3.1504
79.2896,0.7499,3.2293
79.2898,0.7264,3.1251
79.2900,0.7285,3.131
79.2902,0.7074,3.0488
79.2904,0.6704,2.8842
79.2906,0.6266,2.7017
79.2908,0.5656,2.4401
79.2910,0.5847,2.5189
79.2912,0.6297,2.7114
79.2914,0.6333,2.7268
79.2916,0.7074,3.0445
79.2918,0.7126,3.0701
79.2920,0.6347,2.7356
79.2922,0.5907,2.5435
79.2924,0.5991,2.5821
79.2926,0.616,2.6586
79.2928,0.5196,2.2425
79.2930,0.4904,2.1158
79.2932,0.4779,2.0634
79.2934,0.5003,2.1572
79.2936,0.5929,2.554
79.2938,0.6054,2.6107
79.2940,0.5532,2.3863
79.2942,0.5523,2.3827
79.2944,0.5546,2.3903
79.2946,0.549,2.3671
79.2948,0.5498,2.3708
79.2950,0.5474,2.3615
79.2952,0.5488,2.3644
79.2954,0.5445,2.3469
79.2956,0.5508,2.376
79.2958,0.551,2.3748
79.2960,0.607,2.6125
79.2962,0.6756,2.9078
79.2964,0.7082,3.0467
79.2966,0.7085,3.0463
79.2968,0.676,2.9093
79.2970,0.6565,2.8257
79.2972,0.6785,2.9188
79.2974,0.6336,2.7297
79.2976,0.5652,2.4381
79.2978,0.5481,2.3646
79.2980,0.5444,2.3453
79.2982,0.547,2.3567
79.2984,0.5437,2.3433
79.2986,0.5451,2.3495
79.2988,0.5479,2.3614
79.2990,0.5451,2.3495
79.2992,0.5444,2.3464
79.2994,0.5283,2.2793
79.2996,0.5371,2.3149
79.2998,0.5761,2.4817
79.3000,0.6299,2.7124
79.3002,0.6514,2.8009
79.3004,0.6483,2.7914
79.3006,0.5955,2.5618
79.3008,0.6186,2.6638
79.3010,0.6082,2.6201
79.3012,0.6008,2.5869
79.3014,0.5888,2.5353
79.3016,0.6182,2.6593
79.3018,0.6805,2.9276
79.3020,0.6761,2.9071
79.3022,0.6887,2.9668
79.3024,0.6082,2.6214
79.3026,0.5593,2.4138
79.3028,0.4872,2.1028
79.3030,0.4834,2.0853
79.3032,0.4843,2.0894
79.3034,0.4833,2.0857
79.3036,0.4781,2.0625
79.3038,0.4817,2.078
79.3040,0.4867,2.1007
79.3042,0.4876,2.1053
79.3044,0.4867,2.0998
79.3046,0.4883,2.1055
79.3048,0.4927,2.1256
79.3050,0.534,2.2993
79.3052,0.6045,2.5993
79.3054,0.6276,2.7013
79.3056,0.6036,2.6029
79.3058,0.5446,2.3442
79.3060,0.6441,2.772
79.3062,0.6733,2.8939
79.3064,0.6997,3.0087
79.3066,0.7218,3.1021
79.3068,0.7368,3.168
79.3070,0.7122,3.0595
79.3072,0.8087,3.4645
79.3074,0.9526,4.0809
79.3076,0.9245,3.9644
79.3078,0.9568,4.1046
79.3080,0.9629,4.1232
79.3082,1.0178,4.3583
79.3084,1.0465,4.479
79.3086,1.0397,4.4539
79.3088,0.9787,4.189
79.3090,1.0369,4.4358
79.3092,1.0951,4.6934
79.3094,0.9675,4.1562
79.3096,0.792,3.4073
79.3098,0.7532,3.2417
79.3100,0.7718,3.3124
79.3102,0.8462,3.632
79.3104,0.8354,3.5891
79.3106,0.8376,3.5967
79.3108,0.8964,3.8436
79.3110,0.8705,3.743
79.3112,0.7916,3.4021
79.3114,0.7892,3.387
79.3116,0.7987,3.4346
79.3118,0.7541,3.2413
79.3120,0.7704,3.316
79.3122,0.7146,3.0755
79.3124,0.7043,3.0297
79.3126,0.7348,3.1583
79.3128,0.7616,3.2717
79.3130,0.7731,3.3212
79.3132,0.7908,3.3974
79.3134,0.8401,3.6024
79.3136,0.8705,3.7377
79.3138,0.8803,3.7852
79.3140,0.7798,3.3547
79.3142,0.737,3.1705
79.3144,0.7374,3.1721
79.3146,0.7483,3.2175
79.3148,0.7443,3.199
79.3150,0.7461,3.2083
79.3152,0.743,3.2008
79.3154,0.6776,2.9192
79.3156,0.6884,2.963
79.3158,0.6962,2.9951
79.3160,0.7457,3.2097
79.3162,0.683,2.9398
79.3164,0.7053,3.0329
79.3166,0.7583,3.2608
79.3168,0.7505,3.2318
79.3170,0.6387,2.7539
79.3172,0.5944,2.5631
79.3174,0.6327,2.7268
79.3176,0.6148,2.651
79.3178,0.5815,2.5073
79.3180,0.5768,2.4871
79.3182,0.5574,2.4022
79.3184,0.5629,2.4271
79.3186,0.564,2.4307
79.3188,0.5822,2.508
79.3190,0.6431,2.773
79.3192,0.5551,2.3957
79.3194,0.4877,2.1049
79.3196,0.4791,2.0676
79.3198,0.5199,2.242
79.3200,0.5993,2.5795
79.3202,0.7035,3.0308
79.3204,0.5825,2.5108
79.3206,0.5241,2.2633
79.3208,0.5233,2.2575
79.3210,0.5253,2.2653
79.3212,0.5241,2.2612
79.3214,0.5223,2.2544
79.3216,0.5216,2.2482
79.3218,0.5268,2.2715
79.3220,0.5285,2.2798
79.3222,0.5402,2.3283
79.3224,0.5325,2.2974
79.3226,0.5237,2.2601
79.3228,0.5255,2.2668
79.3230,0.5253,2.2642
79.3232,0.5286,2.2771
79.3234,0.5997,2.5811
79.3236,0.6944,2.986
79.3238,0.7071,3.0449
79.3240,0.5877,2.5353
79.3242,0.5342,2.3046
79.3244,0.527,2.2725
79.3246,0.5231,2.2565
79.3248,0.5233,2.2565
79.3250,0.5321,2.2932
79.3252,0.5299,2.2839
79.3254,0.5207,2.2451
79.3256,0.5435,2.3444
79.3258,0.5638,2.4324
79.3260,0.542,2.3361
79.3262,0.5359,2.3086
79.3264,0.5245,2.2617
79.3266,0.5511,2.3709
79.3268,0.6797,2.9185
79.3270,0.7047,3.036
79.3272,0.5893,2.5409
79.3274,0.5646,2.431
79.3276,0.6138,2.642
79.3278,0.6532,2.8099
79.3280,0.6701,2.8827
79.3282,0.6714,2.8897
79.3284,0.6547,2.8167
79.3286,0.675,2.9025
79.3288,0.6481,2.7896
79.3290,0.6702,2.8832
79.3292,0.701,3.0144
79.3294,0.7065,3.0367
79.3296,0.7215,3.0997
79.3298,0.7474,3.2109
79.3300,0.7847,3.3727
79.3302,0.7299,3.1372
79.3304,0.751,3.2264
79.3306,0.7812,3.3593
79.3308,0.7298,3.1425
79.3310,0.6508,2.8022
79.3312,0.5999,2.5821
79.3314,0.6802,2.926
79.3316,0.6798,2.9245
79.3318,0.6695,2.8801
79.3320,0.669,2.8767
79.3322,0.6686,2.8818
79.3324,0.5888,2.5388
79.3326,0.6023,2.5912
79.3328,0.6406,2.7596
79.3330,0.6226,2.6796
79.3332,0.6186,2.6601
79.3334,0.7091,3.0461
79.3336,0.7328,3.1539
79.3338,0.627,2.7063
79.3340,0.5288,2.2803
79.3342,0.5069,2.1856
79.3344,0.4928,2.1271
79.3346,0.4933,2.1282
79.3348,0.5021,2.164
79.3350,0.5334,2.2957
79.3352,0.6212,2.6697
79.3354,0.6849,2.948
79.3356,0.699,3.0056
79.3358,0.7673,3.2949
79.3360,0.7853,3.3769
79.3362,0.6888,2.9645
79.3364,0.6526,2.8113
79.3366,0.595,2.5609
79.3368,0.6162,2.6523
79.3370,0.6251,2.693
79.3372,0.637,2.7428
79.3374,0.6111,2.6362
79.3376,0.5193,2.2405
79.3378,0.5113,2.2058
79.3380,0.5126,2.2094
79.3382,0.5411,2.3298
79.3384,0.5719,2.4636
79.3386,0.6162,2.6523
79.3388,0.6313,2.7173
79.3390,0.6057,2.6081
79.3392,0.6166,2.6563
79.3394,0.6519,2.8017
79.3396,0.6832,2.9375
79.3398,0.667,2.8666
79.3400,0.676,2.9039
79.3402,0.7346,3.1573
79.3404,0.7665,3.2898
79.3406,0.8946,3.8323
79.3408,0.9705,4.1652
79.3410,0.9302,3.9867
79.3412,0.9699,4.153
79.3414,0.9829,4.2109
79.3416,0.9819,4.2063
79.3418,0.981,4.2027
79.3420,0.9885,4.2365
79.3422,0.9563,4.0949
79.3424,1,4.2858
79.3426,1.0004,4.2879
79.3428,1.0133,4.3368
79.3430,1.0495,4.4939
79.3432,0.9659,4.1379
79.3434,1.0392,4.4497
79.3436,1.0588,4.5361
79.3438,1.0682,4.5697
79.3440,1.1446,4.8896
79.3442,1.2031,5.1469
79.3444,1.155,4.9342
79.3446,1.1959,5.1089
79.3448,1.1955,5.1193
79.3450,0.9929,4.2674
79.3452,0.8187,3.5186
79.3454,0.8194,3.52
79.3456,0.8798,3.7691
79.3458,0.9344,4.0084
79.3460,0.9404,4.0266
79.3462,0.9614,4.128
79.3464,0.8864,3.808
79.3466,0.8292,3.5623
79.3468,0.8438,3.6251
79.3470,0.8828,3.7908
79.3472,0.9155,3.9295
79.3474,0.9167,3.9292
79.3476,0.9714,4.1635
79.3478,0.9667,4.1435
79.3480,0.9852,4.2226
79.3482,1.0509,4.5085
79.3484,0.9243,3.9671
79.3486,0.9119,3.9159
79.3488,0.9526,4.0847
79.3490,1.0388,4.4482
79.3492,1.0395,4.4638
79.3494,0.9675,4.1543
79.3496,0.9456,4.0606
79.3498,0.9034,3.8848
79.3500,0.8577,3.6883
79.3502,0.8141,3.5006
79.3504,0.801,3.4428
79.3506,0.8677,3.7259
79.3508,0.9022,3.8706
79.3510,0.9101,3.91
79.3512,0.9095,3.9038
79.3514,0.9916,4.2518
79.3516,0.9992,4.2888
79.3518,0.9998,4.2873
79.3520,1.0359,4.4359
79.3522,1.057,4.5305
79.3524,1.029,4.4143
79.3526,1.0212,4.3809
79.3528,1.0144,4.3516
79.3530,1.0058,4.3311
79.3532,0.7703,3.3124
79.3534,0.8207,3.5241
79.3536,0.9153,3.9376
79.3538,0.8122,3.4989
79.3540,0.7402,3.1874
79.3542,0.7306,3.1476
79.3544,0.6617,2.8545
79.3546,0.6367,2.7482
79.3548,0.6359,2.7407
79.3550,0.6299,2.7174
79.3552,0.6352,2.7389
79.3554,0.6298,2.7194
79.3556,0.5295,2.2834
79.3558,0.6347,2.7407
79.3560,0.5779,2.4975
79.3562,0.4863,2.1016
79.3564,0.4583,1.9817
79.3566,0.4765,2.0577
79.3568,0.5316,2.2964
79.3570,0.4909,2.1198
79.3572,0.5102,2.2032
79.3574,0.5179,2.2343
79.3576,0.544,2.3503
79.3578,0.4831,2.0881
79.3580,0.4779,2.0634
79.3582,0.5255,2.2689
79.3584,0.4817,2.0809
79.3586,0.4692,2.0261
79.3588,0.4604,1.9896
79.3590,0.4564,1.9716
79.3592,0.4575,1.9781
79.3594,0.449,1.9404
79.3596,0.4532,1.9594
79.3598,0.4777,2.0619
79.3600,0.5852,2.5221
79.3602,0.626,2.6991
79.3604,0.5514,2.3797
79.3606,0.5424,2.3387
79.3608,0.5726,2.469
79.3610,0.5743,2.4762
79.3612,0.5659,2.4434
79.3614,0.5534,2.3896
79.3616,0.539,2.3253
79.3618,0.5429,2.3419
79.3620,0.5491,2.3677
79.3622,0.555,2.3941
79.3624,0.5435,2.3444
79.3626,0.5397,2.3284
79.3628,0.5619,2.4207
79.3630,0.6185,2.6658
79.3632,0.6511,2.8038
79.3634,0.7177,3.0889
79.3636,0.6766,2.9132
79.3638,0.642,2.7633
79.3640,0.6323,2.7265
79.3642,0.5558,2.4011
79.3644,0.5301,2.2849
79.3646,0.5866,2.5283
79.3648,0.6112,2.6355
79.3650,0.5895,2.5419
79.3652,0.6062,2.6114
79.3654,0.5846,2.5195
79.3656,0.5859,2.5241
79.3658,0.6484,2.7906
79.3660,0.6329,2.7278
79.3662,0.6504,2.802
79.3664,0.6746,2.9023
79.3666,0.7165,3.0852
79.3668,0.6276,2.7063
79.3670,0.6075,2.6122
79.3672,0.6648,2.864
79.3674,0.5662,2.4393
79.3676,0.6366,2.7375
79.3678,0.7322,3.1514
79.3680,0.6581,2.8364
79.3682,0.6436,2.7674
79.3684,0.6613,2.8463
79.3686,0.6507,2.8017
79.3688,0.6514,2.8074
79.3690,0.6128,2.6398
79.3692,0.5985,2.5795
79.3694,0.6098,2.6256
79.3696,0.6829,2.9379
79.3698,0.7408,3.187
79.3700,0.6828,2.9428
79.3702,0.587,2.5287
79.3704,0.6161,2.6518
79.3706,0.6719,2.8931
79.3708,0.6653,2.8634
79.3710,0.6348,2.7348
79.3712,0.659,2.8379
79.3714,0.7107,3.0604
79.3716,0.6363,2.7359
79.3718,0.705,3.0314
79.3720,0.7472,3.2144
79.3722,0.7075,3.0479
79.3724,0.6749,2.9033
79.3726,0.7607,3.2727
79.3728,0.7737,3.3299
79.3730,0.7509,3.2289
79.3732,0.7244,3.1149
79.3734,0.7502,3.2243
79.3736,0.7682,3.3047
79.3738,0.6823,2.9367
79.3740,0.717,3.0787
79.3742,0.8383,3.5964
79.3744,0.8651,3.718
79.3746,0.8094,3.4805
79.3748,0.8185,3.5164
79.3750,0.8146,3.501
79.3752,0.8167,3.512
79.3754,0.7648,3.2872
79.3756,0.7695,3.3057
79.3758,0.8211,3.5289
79.3760,0.8141,3.5006
79.3762,0.8073,3.4696
79.3764,0.8043,3.4535
79.3766,0.8494,3.6488
79.3768,0.8334,3.5836
79.3770,0.8025,3.4474
79.3772,0.7961,3.4169
79.3774,0.8242,3.539
79.3776,0.8245,3.5438
79.3778,0.8088,3.4779
79.3780,0.7528,3.2371
79.3782,0.74,3.1849
79.3784,0.7212,3.1053
79.3786,0.6925,2.9791
79.3788,0.7115,3.0607
79.3790,0.7027,3.0258
79.3792,0.6714,2.891
79.3794,0.6924,2.9773
79.3796,0.7527,3.2336
79.3798,0.8442,3.6267
79.3800,0.8802,3.7777
79.3802,0.8494,3.6505
79.3804,0.7754,3.3325
79.3806,0.7984,3.4379
79.3808,0.7284,3.1319
79.3810,0.7499,3.2233
79.3812,0.7493,3.2252
79.3814,0.743,3.2008
79.3816,0.6636,2.8575
79.3818,0.6772,2.9118
79.3820,0.7276,3.1318
79.3822,0.7137,3.0776
79.3824,0.6507,2.8017
79.3826,0.6923,2.9767
79.3828,0.7675,3.3046
79.3830,0.7028,3.0277
79.3832,0.6981,3.0006
79.3834,0.7305,3.1427
79.3836,0.6943,2.9883
79.3838,0.6622,2.8526
79.3840,0.6613,2.849
79.3842,0.6485,2.7924
79.3844,0.643,2.7712
79.3846,0.5807,2.5007
79.3848,0.6204,2.6753
79.3850,0.6058,2.6122
79.3852,0.5895,2.5419
79.3854,0.5516,2.3774
79.3856,0.5529,2.3864
79.3858,0.5738,2.4753
79.3860,0.5847,2.5201
79.3862,0.5316,2.2954
79.3864,0.4723,2.0405
79.3866,0.5261,2.2621
79.3868,0.7237,3.1162
79.3870,0.674,2.9011
79.3872,0.6176,2.6604
79.3874,0.6192,2.6677
79.3876,0.6502,2.7996
79.3878,0.7014,3.0173
79.3880,0.7224,3.109
79.3882,0.6937,2.9815
79.3884,0.7323,3.1504
79.3886,0.7159,3.0783
79.3888,0.6965,3.0004
79.3890,0.6331,2.7289
79.3892,0.6281,2.7072
79.3894,0.6365,2.7408
79.3896,0.661,2.8461
79.3898,0.6873,2.9515
79.3900,0.811,3.4807
79.3902,0.813,3.4976
79.3904,0.6587,2.8389
79.3906,0.6006,2.5888
79.3908,0.6351,2.7371
79.3910,0.6086,2.6241
79.3912,0.5387,2.3227
79.3914,0.5324,2.2958
79.3916,0.5321,2.2942
79.3918,0.542,2.335
79.3920,0.6105,2.63
79.3922,0.63,2.7129
79.3924,0.661,2.8474
79.3926,0.6423,2.7707
79.3928,0.562,2.4235
79.3930,0.5397,2.3262
79.3932,0.5851,2.5146
79.3934,0.6941,2.9886
79.3936,0.6355,2.7392
79.3938,0.5671,2.4464
79.3940,0.5297,2.285
79.3942,0.5234,2.2601
79.3944,0.5263,2.2694
79.3946,0.5239,2.258
79.3948,0.5244,2.2622
79.3950,0.5253,2.2663
79.3952,0.5221,2.2503
79.3954,0.5203,2.2425
79.3956,0.5231,2.2565
79.3958,0.5256,2.2674
79.3960,0.5252,2.2637
79.3962,0.5593,2.4071
79.3964,0.6218,2.6723
79.3966,0.6762,2.9076
79.3968,0.7222,3.1071
79.3970,0.6893,2.9638
79.3972,0.6351,2.7371
79.3974,0.559,2.4095
79.3976,0.578,2.4923
79.3978,0.539,2.3231
79.3980,0.5805,2.4985
79.3982,0.6469,2.7857
79.3984,0.5902,2.5438
79.3986,0.6152,2.6501
79.3988,0.6077,2.6205
79.3990,0.5406,2.3309
79.3992,0.5497,2.368
79.3994,0.5604,2.4163
79.3996,0.556,2.3954
79.3998,0.57,2.4588
79.4000,0.5193,2.2363
79.4002,0.5393,2.3253
79.4004,0.516,2.226
79.4006,0.5367,2.3112
79.4008,0.6087,2.621
79.4010,0.6246,2.6909
79.4012,0.6618,2.8444
79.4014,0.7818,3.3525
79.4016,0.846,3.6344
79.4018,0.786,3.3752
79.4020,0.828,3.5472
79.4022,0.8808,3.7803
79.4024,0.7752,3.3444
79.4026,0.5258,2.2705
79.4028,0.4769,2.0573
79.4030,0.4755,2.0511
79.4032,0.4834,2.0833
79.4034,0.546,2.3553
79.4036,0.4831,2.0833
79.4038,0.5307,2.2885
79.4040,0.487,2.1008
79.4042,0.4691,2.0246
79.4044,0.4641,2.0038
79.4046,0.4653,2.0081
79.4048,0.4701,2.0269
79.4050,0.4957,2.1356
79.4052,0.5662,2.4382
79.4054,0.5971,2.5745
79.4056,0.5378,2.3169
79.4058,0.6048,2.6033
79.4060,0.6297,2.7101
79.4062,0.6692,2.8791
79.4064,0.6725,2.893
79.4066,0.6438,2.7671
79.4068,0.7132,3.0655
79.4070,0.73,3.1377
79.4072,0.7198,3.0939
79.4074,0.7905,3.3959
79.4076,0.8618,3.6938
79.4078,0.9309,3.9879
79.4080,0.9648,4.1353
79.4082,1.0088,4.3178
79.4084,1.0763,4.6068
79.4086,1.0617,4.5463
79.4088,1.0274,4.3953
79.4090,1.0578,4.5272
79.4092,1.0698,4.585
79.4094,1.0656,4.5606
79.4096,1.0171,4.3573
79.4098,1.051,4.4922
79.4100,1.117,4.7785
79.4102,1.1606,4.9629
79.4104,1.107,4.7425
79.4106,0.9853,4.227
79.4108,0.8947,3.8345
79.4110,0.9407,4.0319
79.4112,0.9522,4.0926
79.4114,0.8394,3.606
79.4116,0.8574,3.6798
79.4118,0.8838,3.7913
79.4120,0.8767,3.7662
79.4122,0.8923,3.8296
79.4124,0.8938,3.8381
79.4126,0.8234,3.5424
79.4128,0.722,3.1074
79.4130,0.6994,3.0118
79.4132,0.7112,3.0624
79.4134,0.7201,3.0992
79.4136,0.6852,2.949
79.4138,0.6641,2.8568
79.4140,0.707,3.0443
79.4142,0.7063,3.0356
79.4144,0.809,3.4789
79.4146,0.7813,3.3582
79.4148,0.8088,3.4795
79.4150,0.7551,3.2514
79.4152,0.6681,2.8744
79.4154,0.69,2.9669
79.4156,0.761,3.2706
79.4158,0.7811,3.3588
79.4160,0.7313,3.1462
79.4162,0.7409,3.1845
79.4164,0.8222,3.5405
79.4166,0.6955,2.9948
79.4168,0.6725,2.8997
79.4170,0.5968,2.5722
79.4172,0.6205,2.6721
79.4174,0.6879,2.9636
79.4176,0.6162,2.6547
79.4178,0.6102,2.6313
79.4180,0.6473,2.7872
79.4182,0.7087,3.0501
79.4184,0.7028,3.0206
79.4186,0.7295,3.1429
79.4188,0.6276,2.7063
79.4190,0.6047,2.6039
79.4192,0.6087,2.6234
79.4194,0.6032,2.5984
79.4196,0.6699,2.8808
79.4198,0.8041,3.4594
79.4200,0.7544,3.2483
79.4202,0.6918,2.9788
79.4204,0.6387,2.7551
79.4206,0.5842,2.5203
79.4208,0.5103,2.2016
79.4210,0.5142,2.2192
79.4212,0.5523,2.3816
79.4214,0.5648,2.4376
79.4216,0.5051,2.1789
79.4218,0.5416,2.3366
79.4220,0.5265,2.2725
79.4222,0.4558,1.9672
79.4224,0.4494,1.9415
79.4226,0.4495,1.9421
79.4228,0.4491,1.9409
79.4230,0.4451,1.922
79.4232,0.4395,1.8977
79.4234,0.4494,1.9424
79.4236,0.4521,1.952
79.4238,0.4481,1.9349
79.4240,0.4481,1.934
79.4242,0.4669,2.0153
79.4244,0.4482,1.9355
79.4246,0.4645,2.0059
79.4248,0.4691,2.0246
79.4250,0.5073,2.1867
79.4252,0.5076,2.1918
79.4254,0.4548,1.9648
79.4256,0.4509,1.9487
79.4258,0.4354,1.8783
79.4260,0.4444,1.9171
79.4262,0.4358,1.8807
79.4264,0.4481,1.9349
79.4266,0.4601,1.9867
79.4268,0.4713,2.032
79.4270,0.503,2.1681
79.4272,0.5599,2.4097
79.4274,0.6351,2.732
79.4276,0.695,2.9885
79.4278,0.6889,2.9636
79.4280,0.646,2.7776
79.4282,0.7114,3.0592
79.4284,0.693,2.9853
79.4286,0.6196,2.6667
79.4288,0.615,2.6495
79.4290,0.5492,2.3648
79.4292,0.5829,2.5123
79.4294,0.5703,2.4523
79.4296,0.7046,3.0241
79.4298,0.8095,3.4777
79.4300,0.7183,3.0929
79.4302,0.6559,2.8244
79.4304,0.6669,2.8665
79.4306,0.7275,3.1254
79.4308,0.705,3.0384
79.4310,0.5371,2.3181
79.4312,0.4579,1.9756
79.4314,0.454,1.9594
79.4316,0.4509,1.9468
79.4318,0.4753,2.0496
79.4320,0.5058,2.181
79.4322,0.5336,2.2977
79.4324,0.654,2.8135
79.4326,0.6145,2.645
79.4328,0.6401,2.7524
79.4330,0.6696,2.8819
79.4332,0.5922,2.549
79.4334,0.6087,2.6234
79.4336,0.5811,2.501
79.4338,0.5771,2.484
79.4340,0.5932,2.5508
79.4342,0.6804,2.9256
79.4344,0.6638,2.8558
79.4346,0.6508,2.7996
79.4348,0.7108,3.0538
79.4350,0.7298,3.1351
79.4352,0.7087,3.053
79.4354,0.6111,2.6337
79.4356,0.5733,2.4675
79.4358,0.5588,2.4095
79.4360,0.483,2.0827
79.4362,0.5221,2.2492
79.4364,0.5271,2.274
79.4366,0.4824,2.0801
79.4368,0.4822,2.081
79.4370,0.471,2.0329
79.4372,0.4721,2.0357
79.4374,0.4735,2.0428
79.4376,0.5283,2.2761
79.4378,0.5461,2.3514
79.4380,0.5595,2.4092
79.4382,0.5378,2.3147
79.4384,0.5933,2.5572
79.4386,0.5426,2.3397
79.4388,0.5402,2.325
79.4390,0.6059,2.6054
79.4392,0.6295,2.7095
79.4394,0.6504,2.798
79.4396,0.6847,2.9428
79.4398,0.6679,2.8733
79.4400,0.6375,2.7398
79.4402,0.7855,3.3684
79.4404,0.9138,3.9186
79.4406,0.9136,3.9176
79.4408,0.8617,3.6984
79.4410,0.8208,3.5212
79.4412,0.8808,3.7749
79.4414,0.8802,3.7776
79.4416,0.8179,3.5105
79.4418,0.8582,3.6834
79.4420,0.8985,3.8528
79.4422,0.9095,3.9055
79.4424,0.8369,3.5901
79.4426,0.8261,3.5438
79.4428,0.815,3.4965
79.4430,0.8328,3.5743
79.4432,0.7963,3.4195
79.4434,0.8417,3.6107
79.4436,0.8864,3.8044
79.4438,0.8648,3.71
79.4440,0.8854,3.7985
79.4442,0.8387,3.5979
79.4444,0.8185,3.5147
79.4446,0.8029,3.4526
79.4448,0.7607,3.2711
79.4450,0.7643,3.285
79.4452,0.7893,3.3891
79.4454,0.7867,3.3767
79.4456,0.8501,3.6501
79.4458,0.8077,3.4732
79.4460,0.778,3.3422
79.4462,0.7666,3.2902
79.4464,0.8309,3.5711
79.4466,0.8219,3.5324
79.4468,0.8111,3.4877
79.4470,0.7257,3.1205
79.4472,0.7707,3.3093
79.4474,0.8489,3.6433
79.4476,0.8605,3.6932
79.4478,0.8403,3.6084
79.4480,0.8575,3.6838
79.4482,0.856,3.6759
79.4484,0.8258,3.5461
79.4486,0.798,3.4267
79.4488,0.833,3.5754
79.4490,0.8935,3.8276
79.4492,0.9017,3.8739
79.4494,0.8601,3.6951
79.4496,0.8655,3.7166
79.4498,0.8824,3.7892
79.4500,0.8369,3.5968
79.4502,0.7884,3.3855
79.4504,0.8631,3.7045
79.4506,0.9001,3.8576
79.4508,0.9603,4.1233
79.4510,0.9239,3.9729
79.4512,0.8365,3.5953
79.4514,0.8053,3.4629
79.4516,0.8137,3.499
79.4518,0.817,3.5097
79.4520,0.7955,3.4206
79.4522,0.7421,3.1956
79.4524,0.684,2.9452
79.4526,0.68,2.9254
79.4528,0.7576,3.2562
79.4530,0.8236,3.5363
79.4532,0.8321,3.5762
79.4534,0.7853,3.3752
79.4536,0.8207,3.5338
79.4538,0.7047,3.0331
79.4540,0.6681,2.8757
79.4542,0.6883,2.9638
79.4544,0.69,2.9724
79.4546,0.6879,2.965
79.4548,0.5945,2.5624
79.4550,0.5449,2.3528
79.4552,0.4832,2.0857
79.4554,0.4802,2.0718
79.4556,0.5012,2.1593
79.4558,0.5833,2.5161
79.4560,0.5302,2.2886
79.4562,0.5641,2.4277
79.4564,0.6834,2.9413
79.4566,0.6731,2.9036
79.4568,0.5761,2.484
79.4570,0.5326,2.2978
79.4572,0.525,2.2626
79.4574,0.527,2.2735
79.4576,0.5288,2.2813
79.4578,0.5265,2.2725
79.4580,0.5606,2.4173
79.4582,0.5353,2.3092
79.4584,0.5352,2.3076
79.4586,0.5452,2.3533
79.4588,0.5421,2.3376
79.4590,0.5382,2.3206
79.4592,0.5466,2.3579
79.4594,0.546,2.352
79.4596,0.619,2.6678
79.4598,0.5559,2.3982
79.4600,0.5374,2.3185
79.4602,0.5289,2.2818
79.4604,0.5247,2.2627
79.4606,0.5264,2.2678
79.4608,0.5238,2.2575
79.4610,0.5962,2.5672
79.4612,0.6454,2.7815
79.4614,0.5403,2.3309
79.4616,0.5323,2.2952
79.4618,0.5368,2.3138
79.4620,0.5261,2.2673
79.4622,0.5232,2.2559
79.4624,0.5229,2.2549
79.4626,0.5779,2.4882
79.4628,0.6352,2.7325
79.4630,0.6642,2.8613
79.4632,0.6558,2.8265
79.4634,0.6333,2.7268
79.4636,0.611,2.6332
79.4638,0.5413,2.334
79.4640,0.5243,2.2616
79.4642,0.5235,2.2575
79.4644,0.5287,2.2797
79.4646,0.534,2.3003
79.4648,0.5848,2.5217
79.4650,0.56,2.4113
79.4652,0.5509,2.3743
79.4654,0.4913,2.1184
79.4656,0.5484,2.3612
79.4658,0.6148,2.6473
79.4660,0.6018,2.5939
79.4662,0.5433,2.3417
79.4664,0.5366,2.3138
79.4666,0.5613,2.4181
79.4668,0.6251,2.6917
79.4670,0.6241,2.6838
79.4672,0.7286,3.1315
79.4674,0.7343,3.1503
79.4676,0.7835,3.3644
79.4678,0.7606,3.2706
79.4680,0.751,3.2293
79.4682,0.758,3.2577
79.4684,0.7171,3.0805
79.4686,0.7269,3.1228
79.4688,0.7724,3.318
79.4690,0.74,3.1863
79.4692,0.6674,2.8726
79.4694,0.6691,2.8798
79.4696,0.699,3.0056
79.4698,0.7265,3.1256
79.4700,0.702,3.0184
79.4702,0.742,3.1921
79.4704,0.7195,3.0937
79.4706,0.6593,2.8402
79.4708,0.5683,2.4481
79.4710,0.5858,2.5223
79.4712,0.6093,2.6247
79.4714,0.6136,2.6446
79.4716,0.5756,2.4807
79.4718,0.5618,2.4213
79.4720,0.5005,2.1582
79.4722,0.5319,2.2884
79.4724,0.6404,2.7565
79.4726,0.6824,2.933
79.4728,0.7229,3.1058
79.4730,0.7688,3.3056
79.4732,0.7391,3.1783
79.4734,0.7606,3.2599
79.4736,0.8973,3.844
79.4738,0.8973,3.8476
79.4740,0.9039,3.8795
79.4742,0.8472,3.6395
79.4744,0.8081,3.4715
79.4746,0.8148,3.4988
79.4748,0.7987,3.4329
79.4750,0.7611,3.2666
79.4752,0.8725,3.7447
79.4754,0.8852,3.7975
79.4756,0.8686,3.7282
79.4758,0.8502,3.6472
79.4760,0.9178,3.9337
79.4762,0.9612,4.1198
79.4764,0.958,4.1116
79.4766,0.8608,3.693
79.4768,0.8503,3.6529
79.4770,0.8589,3.6882
79.4772,0.8528,3.6654
79.4774,0.8054,3.4586
79.4776,0.812,3.4869
79.4778,0.8803,3.7852
79.4780,0.7825,3.3602
79.4782,0.839,3.6028
79.4784,0.811,3.4839
79.4786,0.8042,3.4583
79.4788,0.7613,3.2767
79.4790,0.7328,3.1524
79.4792,0.752,3.235
79.4794,0.7371,3.171
79.4796,0.8044,3.454
79.4798,0.8244,3.5432
79.4800,0.7773,3.3438
79.4802,0.698,3.0028
79.4804,0.7058,3.0364
79.4806,0.7136,3.0742
79.4808,0.7158,3.0792
79.4810,0.7676,3.299
79.4812,0.7697,3.3082
79.4814,0.8071,3.4674
79.4816,0.7689,3.3077
79.4818,0.6622,2.8459
79.4820,0.711,3.0642
79.4822,0.6809,2.9277
79.4824,0.7893,3.3875
79.4826,0.8348,3.5881
79.4828,0.77,3.3139
79.4830,0.7753,3.3324
79.4832,0.7436,3.1974
79.4834,0.7237,3.1176
79.4836,0.6274,2.7065
79.4838,0.6084,2.6187
79.4840,0.7034,3.0288
79.4842,0.6355,2.7379
79.4844,0.6346,2.7312
79.4846,0.7154,3.0819
79.4848,0.624,2.6883
79.4850,0.6137,2.6426
79.4852,0.6653,2.8647
79.4854,0.6905,2.9731
79.4856,0.6557,2.826
79.4858,0.653,2.8146
79.4860,0.6265,2.6941
79.4862,0.7337,3.158
79.4864,0.6807,2.9353
79.4866,0.6106,2.6292
79.4868,0.6087,2.6209
79.4870,0.6571,2.8295
79.4872,0.6827,2.9368
79.4874,0.7188,3.0892
79.4876,0.7408,3.1885
79.4878,0.6589,2.8373
79.4880,0.611,2.632
79.4882,0.6219,2.6765
79.4884,0.638,2.7525
79.4886,0.5534,2.3884
79.4888,0.5288,2.2823
79.4890,0.5418,2.335
79.4892,0.5668,2.4419
79.4894,0.6137,2.6414
79.4896,0.6747,2.9081
79.4898,0.6207,2.6738
79.4900,0.6002,2.5843
79.4902,0.6304,2.7207
79.4904,0.5225,2.257
79.4906,0.4781,2.0634
79.4908,0.4631,1.9987
79.4910,0.5119,2.2063
79.4912,0.5816,2.5054
79.4914,0.559,2.4094
79.4916,0.5421,2.3387
79.4918,0.4844,2.0928
79.4920,0.4552,1.9664
79.4922,0.4696,2.0248
79.4924,0.5377,2.3163
79.4926,0.5741,2.4757
79.4928,0.5563,2.3942
79.4930,0.5697,2.4543
79.4932,0.5593,2.4104
79.4934,0.5675,2.4461
79.4936,0.5801,2.4992
79.4938,0.5271,2.2762
79.4940,0.4567,1.9704
79.4942,0.4529,1.9556
79.4944,0.4542,1.9623
79.4946,0.4603,1.985
79.4948,0.5101,2.2006
79.4950,0.4528,1.9533
79.4952,0.4446,1.919
79.4954,0.4464,1.9286
79.4956,0.4484,1.9342
79.4958,0.4449,1.921
79.4960,0.4878,2.1034
79.4962,0.5348,2.3039
79.4964,0.5798,2.4977
79.4966,0.5846,2.5172
79.4968,0.5755,2.4825
79.4970,0.4943,2.1333
79.4972,0.4524,1.9518
79.4974,0.4509,1.9468
79.4976,0.4547,1.9625
79.4978,0.4472,1.929
79.4980,0.4434,1.9147
79.4982,0.4431,1.9123
79.4984,0.4686,2.0188
79.4986,0.4933,2.1272
79.4988,0.4879,2.1029
79.4990,0.5288,2.2802
79.4992,0.537,2.3154
79.4994,0.5835,2.5102
79.4996,0.6283,2.7044
79.4998,0.5955,2.5618
79.5000,0.5908,2.5416
79.5002,0.6181,2.6605
79.5004,0.5928,2.5528
79.5006,0.5949,2.5616
79.5008,0.5999,2.5796
79.5010,0.6739,2.8991
79.5012,0.6632,2.8546
79.5014,0.6449,2.7717
79.5016,0.6896,2.9612
79.5018,0.7644,3.2794
79.5020,0.8058,3.4666
79.5022,0.628,2.7066
79.5024,0.5891,2.5321
79.5026,0.6239,2.6903
79.5028,0.5361,2.3107
79.5030,0.5283,2.2782
79.5032,0.4739,2.0444
79.5034,0.4713,2.0311
79.5036,0.4719,2.0327
79.5038,0.4745,2.046
79.5040,0.4795,2.0696
79.5042,0.4763,2.0547
79.5044,0.4762,2.0523
79.5046,0.4819,2.0761
79.5048,0.5637,2.4251
79.5050,0.6029,2.5913
79.5052,0.6598,2.8356
79.5054,0.659,2.8365
79.5056,0.6228,2.6794
79.5058,0.6415,2.7586
79.5060,0.665,2.8623
79.5062,0.6703,2.881
79.5064,0.7307,3.1363
79.5066,0.7815,3.3572
79.5068,0.717,3.0757
79.5070,0.8222,3.5257
79.5072,0.8703,3.7372
79.5074,0.8817,3.779
79.5076,0.9215,3.9496
79.5078,0.9312,3.9931
79.5080,0.9613,4.1145
79.5082,1.0183,4.3603
79.5084,1.0136,4.3362
79.5086,1.0296,4.4065
79.5088,1.0216,4.3727
79.5090,1.0357,4.4368
79.5092,1.0431,4.4645
79.5094,1.1052,4.726
79.5096,1.0568,4.5273
79.5098,0.9942,4.2651
79.5100,0.9431,4.0365
79.5102,1.077,4.6033
79.5104,1.0949,4.6884
79.5106,1.0479,4.4892
79.5108,1.0705,4.5794
79.5110,1.0691,4.5823
79.5112,0.9637,4.1383
79.5114,0.8417,3.6107
79.5116,0.8779,3.7591
79.5118,0.9579,4.1054
79.5120,0.9148,3.93
79.5122,0.92,3.943
79.5124,0.9607,4.1177
79.5126,0.9561,4.0957
79.5128,0.9546,4.0972
79.5130,0.9242,3.9646
79.5132,0.9589,4.1042
79.5134,1.0714,4.5899
79.5136,1.0089,4.3304
79.5138,0.9511,4.0785
79.5140,0.9423,4.0423
79.5142,0.9555,4.1027
79.5144,0.8318,3.5719
79.5146,0.8301,3.5647
79.5148,0.8485,3.6451
79.5150,0.8468,3.6413
79.5152,0.7793,3.351
79.5154,0.7748,3.3299
79.5156,0.8168,3.514
79.5158,0.7606,3.2721
79.5160,0.7563,3.2475
79.5162,0.8272,3.5518
79.5164,0.8293,3.5677
79.5166,0.7758,3.3392
79.5168,0.7345,3.1626
79.5170,0.7012,3.0196
79.5172,0.7226,3.1115
79.5174,0.6966,2.9994
79.5176,0.672,2.8922
79.5178,0.6638,2.8585
79.5180,0.6756,2.9091
79.5182,0.6697,2.8851
79.5184,0.6807,2.9326
79.5186,0.6822,2.9388
79.5188,0.6681,2.8797
79.5190,0.5919,2.551
79.5192,0.5883,2.5343
79.5194,0.6611,2.8426
79.5196,0.8104,3.4862
79.5198,0.7545,3.2488
79.5200,0.6697,2.8851
79.5202,0.6456,2.7838
79.5204,0.6449,2.7795
79.5206,0.6614,2.8481
79.5208,0.6649,2.8604
79.5210,0.6608,2.8482
79.5212,0.6127,2.6397
79.5214,0.5908,2.5487
79.5216,0.5414,2.3345
79.5218,0.5943,2.5649
79.5220,0.5568,2.4018
79.5222,0.5304,2.287
79.5224,0.5316,2.2932
79.5226,0.5331,2.2999
79.5228,0.5895,2.5371
79.5230,0.6848,2.9502
79.5232,0.5926,2.5565
79.5234,0.5343,2.3062
79.5236,0.5328,2.2973
79.5238,0.5244,2.2621
79.5240,0.5233,2.2564
79.5242,0.5299,2.2849
79.5244,0.5609,2.4199
79.5246,0.5273,2.2756
79.5248,0.5264,2.2699
79.5250,0.5818,2.5076
79.5252,0.5403,2.332
79.5254,0.5335,2.3025
79.5256,0.5473,2.3566
79.5258,0.5556,2.3944
79.5260,0.5201,2.2414
79.5262,0.5933,2.5572
79.5264,0.5902,2.5461
79.5266,0.5626,2.426
79.5268,0.553,2.3836
79.5270,0.5992,2.5813
79.5272,0.6421,2.7624
79.5274,0.6532,2.8112
79.5276,0.6544,2.8164
79.5278,0.6885,2.9607
79.5280,0.731,3.1461
79.5282,0.7116,3.0625
79.5284,0.6974,2.9989
79.5286,0.7168,3.0824
79.5288,0.7694,3.3113
79.5290,0.6526,2.8099
79.5292,0.6175,2.6567
79.5294,0.7246,3.1159
79.5296,0.7622,3.2727
79.5298,0.825,3.5425
79.5300,0.7811,3.3634
79.5302,0.7138,3.0723
79.5304,0.7156,3.0772
79.5306,0.7252,3.1228
79.5308,0.6622,2.8512
79.5310,0.6516,2.8032
79.5312,0.6818,2.9332
79.5314,0.6669,2.8732
79.5316,0.6751,2.907
79.5318,0.6875,2.9588
79.5320,0.6538,2.8151
79.5322,0.657,2.8277
79.5324,0.6642,2.8573
79.5326,0.6663,2.8666
79.5328,0.672,2.8895
79.5330,0.7318,3.1468
79.5332,0.7191,3.0951
79.5334,0.6474,2.789
79.5336,0.6331,2.725
79.5338,0.694,2.9872
79.5340,0.6815,2.9344
79.5342,0.6498,2.798
79.5344,0.6391,2.7547
79.5346,0.5821,2.5098
79.5348,0.5058,2.183
79.5350,0.4868,2.0983
79.5352,0.5144,2.2213
79.5354,0.4707,2.0323
79.5356,0.4738,2.0457
79.5358,0.4707,2.0313
79.5360,0.4663,2.0099
79.5362,0.534,2.3014
79.5364,0.4934,2.1287
79.5366,0.4822,2.083
79.5368,0.4757,2.054
79.5370,0.4648,2.006
79.5372,0.4647,2.0045
79.5374,0.4668,2.0166
79.5376,0.4361,1.8805
79.5378,0.474,2.042
79.5380,0.5141,2.2187
79.5382,0.4629,1.9968
79.5384,0.4991,2.151
79.5386,0.5293,2.2834
79.5388,0.4861,2.0971
79.5390,0.531,2.2853
79.5392,0.643,2.7648
79.5394,0.6523,2.8037
79.5396,0.7141,3.0691
79.5398,0.6726,2.8948
79.5400,0.6938,2.9848
79.5402,0.7071,3.0406
79.5404,0.6975,2.998
79.5406,0.7672,3.2943
79.5408,0.8123,3.4863
79.5410,0.8423,3.6133
79.5412,0.8641,3.7035
79.5414,0.8936,3.8299
79.5416,0.9315,3.9942
79.5418,0.9029,3.8772
79.5420,0.8552,3.6689
79.5422,0.9441,4.0463
79.5424,0.9519,4.0778
79.5426,0.945,4.0523
79.5428,0.9671,4.1411
79.5430,1.0237,4.3814
79.5432,1.0165,4.3486
79.5434,1.0787,4.6191
79.5436,1.0577,4.5314
79.5438,1.0338,4.4245
79.5440,1.0416,4.4599
79.5442,1.0414,4.4678
79.5444,0.9262,3.9715
79.5446,0.9071,3.8934
79.5448,0.8406,3.6195
79.5450,0.6756,2.9091
79.5452,0.6852,2.9476
79.5454,0.7147,3.076
79.5456,0.7258,3.1269
79.5458,0.6896,2.9653
79.5460,0.7141,3.0691
79.5462,0.7583,3.2578
79.5464,0.7931,3.4119
79.5466,0.7967,3.4258
79.5468,0.7545,3.2413
79.5470,0.7767,3.3397
79.5472,0.7571,3.2556
79.5474,0.78,3.3479
79.5476,0.8117,3.4854
79.5478,0.8239,3.5395
79.5480,0.8204,3.5279
79.5482,0.7821,3.3629
79.5484,0.7174,3.0878
79.5486,0.7594,3.2669
79.5488,0.7707,3.3139
79.5490,0.7845,3.3732
79.5492,0.7385,3.1728
79.5494,0.7829,3.3696
79.5496,0.7048,3.035
79.5498,0.6888,2.9603
79.5500,0.8081,3.4748
79.5502,0.8208,3.5261
79.5504,0.7993,3.4387
79.5506,0.7234,3.1122
79.5508,0.7299,3.1386
79.5510,0.7575,3.2587
79.5512,0.7632,3.285
79.5514,0.672,2.8963
79.5516,0.6375,2.7449
79.5518,0.6566,2.8275
79.5520,0.6749,2.9046
79.5522,0.7032,3.025
79.5524,0.6791,2.924
79.5526,0.6599,2.8401
79.5528,0.7238,3.1108
79.5530,0.7644,3.2947
79.5532,0.6151,2.6525
79.5534,0.5876,2.5324
79.5536,0.6309,2.7165
79.5538,0.6867,2.9557
79.5540,0.6747,2.9027
79.5542,0.6816,2.9335
79.5544,0.6398,2.759
79.5546,0.5886,2.5371
79.5548,0.5573,2.4066
79.5550,0.4244,1.8341
79.5552,0.45,1.9441
79.5554,0.4527,1.9546
79.5556,0.4493,1.941
79.5558,0.4468,1.9292
79.5560,0.4498,1.9404
79.5562,0.5246,2.2653
79.5564,0.4702,2.0312
79.5566,0.4593,1.9822
79.5568,0.4571,1.9747
79.5570,0.4497,1.9426
79.5572,0.4479,1.9321
79.5574,0.4507,1.9454
79.5576,0.4504,1.9448
79.5578,0.447,1.9294
79.5580,0.4494,1.9388
79.5582,0.4498,1.9422
79.5584,0.4536,1.9578
79.5586,0.4558,1.9672
79.5588,0.46,1.9844
79.5590,0.4958,2.139
79.5592,0.4553,1.9651
79.5594,0.4488,1.938
79.5596,0.4488,1.938
79.5598,0.4564,1.9688
79.5600,0.5067,2.1861
79.5602,0.4621,1.9937
79.5604,0.4623,1.9951
79.5606,0.4584,1.9776
79.5608,0.4561,1.9678
79.5610,0.4569,1.9709
79.5612,0.4522,1.9525
79.5614,0.4602,1.9863
79.5616,0.4678,2.0199
79.5618,0.4587,1.9805
79.5620,0.4394,1.8954
79.5622,0.4591,1.9798
79.5624,0.5139,2.2161
79.5626,0.5343,2.2997
79.5628,0.5952,2.5655
79.5630,0.5499,2.369
79.5632,0.5497,2.3647
79.5634,0.6402,2.7567
79.5636,0.6436,2.7699
79.5638,0.6075,2.617
79.5640,0.5404,2.3293
79.5642,0.5153,2.2228
79.5644,0.4553,1.9633
79.5646,0.4425,1.9079
79.5648,0.4312,1.8593
79.5650,0.432,1.863
79.5652,0.469,2.0232
79.5654,0.5317,2.2916
79.5656,0.5338,2.2998
79.5658,0.5312,2.2874
79.5660,0.5203,2.2425
79.5662,0.5425,2.3359
79.5664,0.5933,2.5525
79.5666,0.6185,2.6596
79.5668,0.5906,2.5442
79.5670,0.5806,2.5001
79.5672,0.5928,2.5516
79.5674,0.6034,2.5982
79.5676,0.6187,2.6618
79.5678,0.6213,2.6727
79.5680,0.627,2.6949
79.5682,0.6771,2.909
79.5684,0.7515,3.2239
79.5686,0.8101,3.4868
79.5688,0.6996,3.0081
79.5690,0.7125,3.061
79.5692,0.7474,3.2064
79.5694,0.7599,3.266
79.5696,0.7792,3.3443
79.5698,0.7562,3.247
79.5700,0.7209,3.1028
79.5702,0.6183,2.6635
79.5704,0.6215,2.6737
79.5706,0.6565,2.8243
79.5708,0.5915,2.5459
79.5710,0.5866,2.5259
79.5712,0.5842,2.5156
79.5714,0.6251,2.6867
79.5716,0.6996,3.0109
79.5718,0.619,2.6629
79.5720,0.6437,2.7743
79.5722,0.5522,2.38
79.5724,0.5386,2.3172
79.5726,0.622,2.6745
79.5728,0.6835,2.9377
79.5730,0.7455,3.2026
79.5732,0.737,3.1675
79.5734,0.736,3.159
79.5736,0.7737,3.3268
79.5738,0.696,2.9941
79.5740,0.712,3.0589
79.5742,0.7548,3.2443
79.5744,0.6722,2.8933
79.5746,0.6527,2.8026
79.5748,0.7301,3.1367
79.5750,0.7689,3.3046
79.5752,0.7538,3.2397
79.5754,0.755,3.2433
79.5756,0.8208,3.5212
79.5758,0.8535,3.6565
79.5760,0.8855,3.8008
79.5762,0.8775,3.761
79.5764,0.9322,3.9972
79.5766,0.9236,3.9565
79.5768,0.9479,4.0627
79.5770,0.9248,3.9765
79.5772,0.7568,3.2541
79.5774,0.7339,3.1527
79.5776,0.7011,3.0148
79.5778,0.7188,3.0906
79.5780,0.7339,3.1527
79.5782,0.7409,3.1816
79.5784,0.8068,3.461
79.5786,0.8996,3.861
79.5788,0.904,3.8746
79.5790,0.918,3.9421
79.5792,0.8701,3.7309
79.5794,0.9302,3.9885
79.5796,0.9051,3.8829
79.5798,0.8419,3.6168
79.5800,0.7783,3.3438
79.5802,0.8286,3.5613
79.5804,0.8084,3.4731
79.5806,0.7777,3.3396
79.5808,0.7942,3.4086
79.5810,0.8228,3.53
79.5812,0.8249,3.547
79.5814,0.7664,3.2938
79.5816,0.7924,3.4072
79.5818,0.7909,3.401
79.5820,0.7945,3.4149
79.5822,0.831,3.5666
79.5824,0.792,3.4088
79.5826,0.6912,2.972
79.5828,0.7577,3.2567
79.5830,0.8072,3.4712
79.5832,0.7736,3.3216
79.5834,0.8178,3.5116
79.5836,0.8156,3.5089
79.5838,0.7582,3.2633
79.5840,0.6773,2.9136
79.5842,0.6777,2.9129
79.5844,0.7371,3.1725
79.5846,0.7044,3.033
79.5848,0.6691,2.8798
79.5850,0.6835,2.9431
79.5852,0.6699,2.8861
79.5854,0.6589,2.8347
79.5856,0.6768,2.9142
79.5858,0.6884,2.9629
79.5860,0.7161,3.0793
79.5862,0.7712,3.3129
79.5864,0.7455,3.2071
79.5866,0.6745,2.9098
79.5868,0.6337,2.7263
79.5870,0.7255,3.1166
79.5872,0.7559,3.2505
79.5874,0.7646,3.2876
79.5876,0.7114,3.062
79.5878,0.6668,2.8687
79.5880,0.6876,2.9607
79.5882,0.6853,2.9481
79.5884,0.6992,3.0122
79.5886,0.6394,2.7557
79.5888,0.6245,2.6903
79.5890,0.627,2.6987
79.5892,0.6658,2.8614
79.5894,0.7529,3.2346
79.5896,0.8114,3.4892
79.5898,0.7435,3.1983
79.5900,0.708,3.0471
79.5902,0.6683,2.8776
79.5904,0.6768,2.9169
79.5906,0.5913,2.5508
79.5908,0.5491,2.3665
79.5910,0.548,2.3619
79.5912,0.5732,2.4693
79.5914,0.6059,2.6115
79.5916,0.5996,2.5853
79.5918,0.5758,2.4806
79.5920,0.6325,2.725
79.5922,0.6214,2.6794
79.5924,0.5785,2.4931
79.5926,0.5448,2.3479
79.5928,0.6102,2.6264
79.5930,0.6382,2.7492
79.5932,0.6159,2.6544
79.5934,0.6149,2.649
79.5936,0.6294,2.7115
79.5938,0.6113,2.6323
79.5940,0.6189,2.6661
79.5942,0.6247,2.6939
79.5944,0.5418,2.3372
79.5946,0.5289,2.2818
79.5948,0.5229,2.2549
79.5950,0.5208,2.2466
79.5952,0.5239,2.2611
79.5954,0.5247,2.2616
79.5956,0.5258,2.2684
79.5958,0.5237,2.258
79.5960,0.5395,2.3219
79.5962,0.6139,2.6424
79.5964,0.6777,2.917
79.5966,0.6799,2.9249
79.5968,0.6624,2.8536
79.5970,0.6384,2.7503
79.5972,0.6094,2.6277
79.5974,0.5262,2.2678
79.5976,0.5108,2.2037
79.5978,0.5148,2.2187
79.5980,0.5625,2.4222
79.5982,0.5675,2.4461
79.5984,0.5738,2.473
79.5986,0.5731,2.4687
79.5988,0.563,2.4242
79.5990,0.5618,2.4213
79.5992,0.5665,2.4415
79.5994,0.5845,2.5155
79.5996,0.634,2.7274
79.5998,0.6548,2.8197
79.6000,0.6875,2.9574
79.6002,0.7048,3.0322
79.6004,0.6877,2.9571
79.6006,0.7303,3.1387
79.6008,0.7554,3.2454
79.6010,0.7146,3.0726
79.6012,0.6875,2.9547
79.6014,0.7939,3.4107
79.6016,0.7655,3.2917
79.6018,0.7124,3.0662
79.6020,0.6863,2.9591
79.6022,0.5786,2.4937
79.6024,0.5573,2.3988
79.6026,0.5596,2.4109
79.6028,0.619,2.6666
79.6030,0.6167,2.6568
79.6032,0.59,2.5416
79.6034,0.5566,2.3991
79.6036,0.5462,2.3541
79.6038,0.5801,2.5004
79.6040,0.5588,2.4084
79.6042,0.5497,2.3691
79.6044,0.5946,2.557
79.6046,0.6215,2.6812
79.6048,0.5113,2.2058
79.6050,0.4798,2.0697
79.6052,0.5148,2.2187
79.6054,0.5265,2.2725
79.6056,0.4866,2.0963
79.6058,0.5685,2.4468
79.6060,0.6358,2.7351
79.6062,0.6897,2.9645
79.6064,0.7104,3.0474
79.6066,0.8146,3.501
79.6068,0.7903,3.3969
79.6070,0.7923,3.4004
79.6072,0.8087,3.4676
79.6074,0.8763,3.7576
79.6076,0.9106,3.9047
79.6078,0.9039,3.8759
79.6080,0.9022,3.8723
79.6082,0.8975,3.8504
79.6084,0.8871,3.8039
79.6086,0.9172,3.9293
79.6088,0.9689,4.1565
79.6090,0.9236,3.9602
79.6092,0.976,4.1732
79.6094,1.1065,4.7272
79.6096,1.1549,4.9336
79.6098,1.1082,4.7499
79.6100,1.0025,4.2986
79.6102,0.9888,4.232
79.6104,1.0871,4.6507
79.6106,1.0791,4.6228
79.6108,1.0034,4.2987
79.6110,1.0213,4.3711
79.6112,1.0779,4.6177
79.6114,1.0613,4.5489
79.6116,0.9922,4.2524
79.6118,0.9736,4.1785
79.6120,0.9261,3.9729
79.6122,0.9477,4.0598
79.6124,0.9898,4.2401
79.6126,0.9732,4.1809
79.6128,0.873,3.7555
79.6130,0.8333,3.578
79.6132,0.8953,3.8425
79.6134,0.8849,3.8071
79.6136,0.7704,3.3129
79.6138,0.7782,3.3386
79.6140,0.8808,3.7819
79.6142,0.8684,3.7289
79.6144,0.8465,3.6381
79.6146,0.8399,3.6097
79.6148,0.8658,3.7193
79.6150,0.8668,3.724
79.6152,0.8189,3.5163
79.6154,0.8722,3.7506
79.6156,0.7793,3.3541
79.6158,0.7225,3.1124
79.6160,0.6719,2.8931
79.6162,0.7492,3.2246
79.6164,0.7692,3.3077
79.6166,0.775,3.3325
79.6168,0.7871,3.3845
79.6170,0.7682,3.3107
79.6172,0.6178,2.6614
79.6174,0.6511,2.8037
79.6176,0.6911,2.9784
79.6178,0.6925,2.9832
79.6180,0.6785,2.9201
79.6182,0.6793,2.9251
79.6184,0.6921,2.9817
79.6186,0.6565,2.8296
79.6188,0.5961,2.5679
79.6190,0.5907,2.5482
79.6192,0.6087,2.6234
79.6194,0.6702,2.8818
79.6196,0.689,2.9696
79.6198,0.596,2.571
79.6200,0.5795,2.5001
79.6202,0.5928,2.554
79.6204,0.5974,2.5748
79.6206,0.6023,2.5996
79.6208,0.5562,2.3992
79.6210,0.5799,2.5028
79.6212,0.5536,2.3884
79.6214,0.4811,2.0783
79.6216,0.4341,1.8761
79.6218,0.4294,1.8542
79.6220,0.4642,2.0043
79.6222,0.4621,1.9964
79.6224,0.4631,2.0015
79.6226,0.4636,2.0017
79.6228,0.5241,2.2622
79.6230,0.4667,2.0152
79.6232,0.4715,2.035
79.6234,0.5287,2.2808
79.6236,0.5394,2.3268
79.6238,0.5467,2.3584
79.6240,0.4826,2.0841
79.6242,0.4549,1.9654
79.6244,0.4498,1.9422
79.6246,0.4491,1.94
79.6248,0.4482,1.9364
79.6250,0.4563,1.9692
79.6252,0.4751,2.0505
79.6254,0.501,2.1633
79.6256,0.4613,1.991
79.6258,0.4542,1.9613
79.6260,0.4537,1.9602
79.6262,0.4454,1.923
79.6264,0.4488,1.9371
79.6266,0.4883,2.1035
79.6268,0.5428,2.3396
79.6270,0.5372,2.3153
79.6272,0.5711,2.4605
79.6274,0.5759,2.4788
79.6276,0.6468,2.7826
79.6278,0.6811,2.9314
79.6280,0.7256,3.1215
79.6282,0.7179,3.0885
79.6284,0.6601,2.8385
79.6286,0.6952,2.9882
79.6288,0.6884,2.9616
79.6290,0.6949,2.9866
79.6292,0.7291,3.1379
79.6294,0.7304,3.1406
79.6296,0.7807,3.351
79.6298,0.846,3.6292
79.6300,0.8537,3.6588
79.6302,0.9417,4.0398
79.6304,0.8525,3.6587
79.6306,0.8531,3.6647
79.6308,0.8353,3.5885
79.6310,0.8443,3.6254
79.6312,0.8264,3.5553
79.6314,0.6939,2.9908
79.6316,0.6454,2.7764
79.6318,0.6715,2.8875
79.6320,0.6677,2.875
79.6322,0.6709,2.8876
79.6324,0.7192,3.0913
79.6326,0.7389,3.1787
79.6328,0.7215,3.1039
79.6330,0.745,3.2021
79.6332,0.7442,3.197
79.6334,0.8316,3.5775
79.6336,0.764,3.285
79.6338,0.7485,3.217
79.6340,0.7262,3.1255
79.6342,0.7265,3.1285
79.6344,0.7066,3.0386
79.6346,0.713,3.063
79.6348,0.7697,3.3082
79.6350,0.7516,3.2349
79.6352,0.7009,3.0166
79.6354,0.6334,2.7248
79.6356,0.6973,2.9997
79.6358,0.7506,3.2293
79.6360,0.7054,3.032
79.6362,0.7172,3.0854
79.6364,0.7142,3.0739
79.6366,0.6842,2.9462
79.6368,0.6546,2.8187
79.6370,0.6051,2.6091
79.6372,0.554,2.3888
79.6374,0.6262,2.7001
79.6376,0.5618,2.4213
79.6378,0.5443,2.3437
79.6380,0.6434,2.7681
79.6382,0.7348,3.1612
79.6384,0.7114,3.0578
79.6386,0.7685,3.3
79.6388,0.764,3.285
79.6390,0.7354,3.1652
79.6392,0.7291,3.135
79.6394,0.7732,3.3201
79.6396,0.8534,3.6628
79.6398,0.9094,3.9014
79.6400,0.8636,3.7118
79.6402,0.7911,3.3952
79.6404,0.8225,3.5284
79.6406,0.8704,3.7342
79.6408,0.966,4.1422
79.6410,0.9543,4.0938
79.6412,0.8962,3.8466
79.6414,0.9282,3.9821
79.6416,0.9292,3.9825
79.6418,0.9396,4.0291
79.6420,0.9579,4.1111
79.6422,0.8731,3.7507
79.6424,0.8704,3.7324
79.6426,0.9251,3.9669
79.6428,0.9951,4.2652
79.6430,1.0342,4.4307
79.6432,0.9912,4.2482
79.6434,0.9758,4.1805
79.6436,0.9782,4.2103
79.6438,0.754,3.2452
79.6440,0.7589,3.2634
79.6442,0.7954,3.4185
79.6444,0.8393,3.6038
79.6446,0.8574,3.6833
79.6448,0.854,3.6688
79.6450,0.8539,3.6649
79.6452,0.8113,3.4887
79.6454,0.8537,3.6622
79.6456,0.9652,4.1425
79.6458,0.9062,3.8893
79.6460,0.8812,3.7805
79.6462,0.9538,4.0917
79.6464,0.9153,3.9339
79.6466,0.8632,3.7085
79.6468,0.8607,3.696
79.6470,0.8965,3.8494
79.6472,0.8985,3.8582
79.6474,0.9017,3.8757
79.6476,0.8408,3.6105
79.6478,0.8622,3.7056
79.6480,0.8791,3.7783
79.6482,0.8563,3.6803
79.6484,0.8656,3.7205
79.6486,0.8543,3.6767
79.6488,0.784,3.3743
79.6490,0.7913,3.3978
79.6492,0.8682,3.7227
79.6494,0.9517,4.0811
79.6496,0.9875,4.2382
79.6498,0.9402,4.0373
79.6500,0.9726,4.1705
79.6502,1.0187,4.37
79.6504,1.0191,4.3782
79.6506,0.8842,3.7969
79.6508,0.8521,3.6657
79.6510,0.7709,3.3134
79.6512,0.8673,3.7243
79.6514,0.9222,3.9601
79.6516,0.9328,4.0054
79.6518,0.9389,4.0336
79.6520,0.9043,3.8865
79.6522,0.8534,3.668
79.6524,0.829,3.5628
79.6526,0.8574,3.6798
79.6528,0.9986,4.2821
79.6530,0.9712,4.176
79.6532,0.807,3.4734
79.6534,0.7668,3.3051
79.6536,0.7437,3.2053
79.6538,0.7263,3.1275
79.6540,0.6587,2.8415
79.6542,0.6375,2.7525
79.6544,0.5678,2.4505
79.6546,0.5593,2.4127
79.6548,0.6203,2.676
79.6550,0.6252,2.6947
79.6552,0.687,2.9567
79.6554,0.6744,2.912
79.6556,0.5656,2.4412
79.6558,0.5508,2.376
79.6560,0.6098,2.6231
79.6562,0.7764,3.3495
79.6564,0.6514,2.8126
79.6566,0.5691,2.4562
79.6568,0.5419,2.3398
79.6570,0.5354,2.3108
79.6572,0.539,2.3253
79.6574,0.5398,2.33
79.6576,0.5394,2.3279
79.6578,0.5359,2.3118
79.6580,0.5386,2.3269
79.6582,0.5382,2.3238
79.6584,0.5763,2.4815
79.6586,0.6876,2.9593
79.6588,0.6979,3.0079
79.6590,0.6389,2.7536
79.6592,0.6335,2.7266
79.6594,0.6909,2.9765
79.6596,0.6696,2.8873
79.6598,0.6894,2.9657
79.6600,0.7634,3.287
79.6602,0.6957,3
79.6604,0.6398,2.7565
79.6606,0.6265,2.6991
79.6608,0.6269,2.7032
79.6610,0.631,2.722
79.6612,0.6307,2.7172
79.6614,0.6485,2.7937
79.6616,0.6707,2.8919
79.6618,0.6334,2.7298
79.6620,0.638,2.7474
79.6622,0.6719,2.8944
79.6624,0.649,2.797
79.6626,0.6687,2.8783
79.6628,0.7431,3.1953
79.6630,0.7939,3.4139
79.6632,0.8026,3.4462
79.6634,0.8328,3.5826
79.6636,0.7661,3.2928
79.6638,0.8022,3.4479
79.6640,0.7648,3.2871
79.6642,0.806,3.4676
79.6644,0.7837,3.3732
79.6646,0.7881,3.3871
79.6648,0.7989,3.4351
79.6650,0.739,3.1837
79.6652,0.7113,3.0615
79.6654,0.7445,3.2015
79.6656,0.7819,3.3639
79.6658,0.7624,3.2783
79.6660,0.8071,3.469
79.6662,0.8419,3.6151
79.6664,0.8736,3.7563
79.6666,0.7984,3.4298
79.6668,0.8209,3.5267
79.6670,0.8498,3.6508
79.6672,0.8647,3.7147
79.6674,0.9204,3.9542
79.6676,0.8508,3.6583
79.6678,0.8059,3.4639
79.6680,0.8166,3.5114
79.6682,0.7924,3.4136
79.6684,0.694,2.99
79.6686,0.6616,2.85
79.6688,0.6607,2.845
79.6690,0.6632,2.8572
79.6692,0.7289,3.1388
79.6694,0.7309,3.1456
79.6696,0.7347,3.1607
79.6698,0.7492,3.2246
79.6700,0.6776,2.9205
79.6702,0.6115,2.6382
79.6704,0.5538,2.39
79.6706,0.5659,2.4423
79.6708,0.5084,2.1964
79.6710,0.4921,2.1269
79.6712,0.4979,2.1478
79.6714,0.5474,2.3593
79.6716,0.6053,2.6065
79.6718,0.6496,2.7996
79.6720,0.621,2.6779
79.6722,0.6263,2.6981
79.6724,0.7144,3.0749
79.6726,0.7524,3.2355
79.6728,0.8065,3.4681
79.6730,0.8094,3.4756
79.6732,0.8243,3.5378
79.6734,0.8274,3.5512
79.6736,0.9047,3.8849
79.6738,0.9182,3.9408
79.6740,0.9168,3.9369
79.6742,0.9183,3.9413
79.6744,0.9257,3.9713
79.6746,0.9173,3.9353
79.6748,0.9507,4.0783
79.6750,0.9365,4.0195
79.6752,0.9888,4.236
79.6754,1.0129,4.3473
79.6756,0.965,4.1401
79.6758,0.9727,4.1749
79.6760,1.0176,4.3633
79.6762,1.028,4.3999
79.6764,1.0519,4.5146
79.6766,0.9435,4.0494
79.6768,0.966,4.1461
79.6770,1.0302,4.4112
79.6772,1.0576,4.533
79.6774,1.0019,4.304
79.6776,0.9366,4.0219
79.6778,0.9189,3.9494
79.6780,0.7876,3.3866
79.6782,0.7846,3.3753
79.6784,0.7935,3.415
79.6786,0.7604,3.2772
79.6788,0.6864,2.9569
79.6790,0.7008,3.0175
79.6792,0.7684,3.3041
79.6794,0.8262,3.5559
79.6796,0.7658,3.2928
79.6798,0.7764,3.3433
79.6800,0.7459,3.2146
79.6802,0.7075,3.0464
79.6804,0.7323,3.1504
79.6806,0.77,3.3123
79.6808,0.8059,3.4639
79.6810,0.8516,3.6636
79.6812,0.708,3.0527
79.6814,0.6243,2.6931
79.6816,0.6217,2.6797
79.6818,0.7015,3.0164
79.6820,0.7803,3.3551
79.6822,0.8191,3.532
79.6824,0.7042,3.0353
79.6826,0.7011,3.019
79.6828,0.7054,3.0376
79.6830,0.7373,3.172
79.6832,0.8009,3.4486
79.6834,0.7253,3.1233
79.6836,0.7179,3.0913
79.6838,0.7632,3.2865
79.6840,0.7369,3.1788
79.6842,0.6186,2.6663
79.6844,0.6118,2.6319
79.6846,0.6743,2.9101
79.6848,0.6058,2.6146
79.6850,0.6235,2.6862
79.6852,0.6789,2.9262
79.6854,0.669,2.8833
79.6856,0.7086,3.0525
79.6858,0.6946,2.9884
79.6860,0.777,3.3474
79.6862,0.6671,2.8751
79.6864,0.6521,2.8131
79.6866,0.6622,2.8539
79.6868,0.7101,3.0578
79.6870,0.7006,3.0156
79.6872,0.6997,3.0128
79.6874,0.7192,3.1013
79.6876,0.648,2.7929
79.6878,0.6389,2.7536
79.6880,0.6559,2.827
79.6882,0.6582,2.8381
79.6884,0.577,2.4892
79.6886,0.5653,2.4385
79.6888,0.5835,2.5148
79.6890,0.6039,2.6015
79.6892,0.6765,2.9118
79.6894,0.7215,3.1068
79.6896,0.7172,3.0897
79.6898,0.6709,2.8929
79.6900,0.584,2.5204
79.6902,0.5739,2.4769
79.6904,0.5729,2.4694
79.6906,0.571,2.4634
79.6908,0.5626,2.4294
79.6910,0.481,2.0758
79.6912,0.474,2.0487
79.6914,0.4913,2.1223
79.6916,0.5452,2.3522
79.6918,0.5812,2.5062
79.6920,0.5126,2.2135
79.6922,0.4721,2.0385
79.6924,0.4793,2.0686
79.6926,0.5247,2.2606
79.6928,0.6219,2.6802
79.6930,0.5859,2.531
79.6932,0.5118,2.2119
79.6934,0.4837,2.0887
79.6936,0.4829,2.0861
79.6938,0.4812,2.0769
79.6940,0.5355,2.3081
79.6942,0.6101,2.6284
79.6944,0.6105,2.6299
79.6946,0.6221,2.6862
79.6948,0.4954,2.138
79.6950,0.4672,2.0191
79.6952,0.4705,2.0318
79.6954,0.4961,2.1401
79.6956,0.4972,2.1477
79.6958,0.4599,1.9857
79.6960,0.4866,2.0973
79.6962,0.5434,2.3401
79.6964,0.6032,2.5996
79.6966,0.5976,2.5758
79.6968,0.5653,2.4352
79.6970,0.5615,2.4225
79.6972,0.5298,2.2844
79.6974,0.5468,2.3578
79.6976,0.5649,2.4359
79.6978,0.559,2.4083
79.6980,0.5595,2.4115
79.6982,0.5589,2.41
79.6984,0.5607,2.4189
79.6986,0.5448,2.3479
79.6988,0.5831,2.5121
79.6990,0.6211,2.6759
79.6992,0.6018,2.5915
79.6994,0.6034,2.5946
79.6996,0.6607,2.8424
79.6998,0.6655,2.8657
79.7000,0.6789,2.9194
79.7002,0.7239,3.1099
79.7004,0.7269,3.1301
79.7006,0.6952,2.9923
79.7008,0.68,2.9268
79.7010,0.6342,2.7284
79.7012,0.6767,2.9096
79.7014,0.7046,3.0312
79.7016,0.6935,2.9846
79.7018,0.6905,2.9745
79.7020,0.6472,2.7867
79.7022,0.6503,2.8001
79.7024,0.6099,2.6237
79.7026,0.6584,2.8339
79.7028,0.6932,2.985
79.7030,0.6824,2.9344
79.7032,0.6936,2.9851
79.7034,0.6643,2.8619
79.7036,0.6455,2.7833
79.7038,0.5966,2.57
79.7040,0.5767,2.4842
79.7042,0.5632,2.4264
79.7044,0.5699,2.4553
79.7046,0.5723,2.4656
79.7048,0.5892,2.5408
79.7050,0.6172,2.6564
79.7052,0.6828,2.9373
79.7054,0.6412,2.7583
79.7056,0.6679,2.8747
79.7058,0.6963,2.9928
79.7060,0.7724,3.3196
79.7062,0.7799,3.3474
79.7064,0.8238,3.539
79.7066,0.8218,3.5319
79.7068,0.8393,3.6021
79.7070,0.9377,4.0134
79.7072,1.032,4.4168
79.7074,1.019,4.3654
79.7076,1.0504,4.4958
79.7078,1.1087,4.743
79.7080,1.1266,4.8127
79.7082,1.16,4.9649
79.7084,1.0836,4.6337
79.7086,1.1425,4.8877
79.7088,1.1363,4.8656
79.7090,1.0894,4.6583
79.7092,1.1477,4.9166
79.7094,1.0339,4.4291
79.7096,1.0092,4.3274
79.7098,1.0027,4.3016
79.7100,0.9625,4.1254
79.7102,1.0185,4.3613
79.7104,1.0297,4.4112
79.7106,1.0157,4.3551
79.7108,1.0031,4.3011
79.7110,1.0098,4.3259
79.7112,1.0454,4.4805
79.7114,1.0089,4.3263
79.7116,1.0649,4.5579
79.7118,1.1292,4.8308
79.7120,1.1065,4.7427
79.7122,1.0703,4.5832
79.7124,1.1215,4.8002
79.7126,1.1477,4.9121
79.7128,1.1419,4.9011
79.7130,1.0117,4.3422
79.7132,0.9604,4.1162
79.7134,1.0216,4.3808
79.7136,1.044,4.4806
79.7138,0.9689,4.1565
79.7140,1.0264,4.3993
79.7142,1.0435,4.4807
79.7144,0.9552,4.1036
79.7146,0.8943,3.8419
79.7148,0.9062,3.8893
79.7150,0.9995,4.2857
79.7152,0.9938,4.2655
79.7154,0.9924,4.2574
79.7156,1.0216,4.3849
79.7158,1.0172,4.3638
79.7160,1.0157,4.3551
79.7162,1.005,4.3094
79.7164,1.0248,4.3942
79.7166,1.0178,4.3644
79.7168,0.9443,4.0548
79.7170,0.8885,3.8279
79.7172,0.759,3.2669
79.7174,0.8902,3.8244
79.7176,0.9362,4.0217
79.7178,0.9098,3.9029
79.7180,0.919,3.9499
79.7182,0.9189,3.9438
79.7184,0.9674,4.1562
79.7186,0.8637,3.7157
79.7188,0.8002,3.4455
79.7190,0.7506,3.2338
79.7192,0.7637,3.2901
79.7194,0.7544,3.2453
79.7196,0.8214,3.5353
79.7198,0.813,3.4975
79.7200,0.7949,3.4212
79.7202,0.7983,3.4373
79.7204,0.7586,3.2649
79.7206,0.7568,3.2601
79.7208,0.7553,3.257
79.7210,0.6599,2.8493
79.7212,0.5843,2.5208
79.7214,0.5862,2.5291
79.7216,0.5751,2.4844
79.7218,0.5818,2.5123
79.7220,0.587,2.5322
79.7222,0.5711,2.4662
79.7224,0.5744,2.4802
79.7226,0.5846,2.5207
79.7228,0.6438,2.7735
79.7230,0.7041,3.0348
79.7232,0.6557,2.8273
79.7234,0.6089,2.6305
79.7236,0.5431,2.3461
79.7238,0.5377,2.3206
79.7240,0.5418,2.3393
79.7242,0.5466,2.3611
79.7244,0.5593,2.4116
79.7246,0.6059,2.6103
79.7248,0.609,2.6298
79.7250,0.5554,2.3984
79.7252,0.5472,2.3626
79.7254,0.5323,2.2984
79.7256,0.522,2.2549
79.7258,0.5681,2.451
79.7260,0.5517,2.3823
79.7262,0.5446,2.3518
79.7264,0.5446,2.3485
79.7266,0.5867,2.5311
79.7268,0.6427,2.7663
79.7270,0.7196,3.1
79.7272,0.6785,2.9242
79.7274,0.654,2.8174
79.7276,0.6773,2.9163
79.7278,0.6605,2.844
79.7280,0.6614,2.8495
79.7282,0.6949,2.9922
79.7284,0.6806,2.9348
79.7286,0.615,2.6532
79.7288,0.6133,2.646
79.7290,0.6377,2.7446
79.7292,0.7124,3.0676
79.7294,0.713,3.0687
79.7296,0.7414,3.1866
79.7298,0.7912,3.3989
79.7300,0.8057,3.4693
79.7302,0.7572,3.2592
79.7304,0.7136,3.0756
79.7306,0.6263,2.6981
79.7308,0.6581,2.8376
79.7310,0.6288,2.7102
79.7312,0.643,2.7712
79.7314,0.6551,2.8234
79.7316,0.6392,2.7526
79.7318,0.641,2.7616
79.7320,0.6371,2.7471
79.7322,0.65,2.8004
79.7324,0.7125,3.0652
79.7326,0.7804,3.3494
79.7328,0.8721,3.7466
79.7330,0.8746,3.7574
79.7332,0.8087,3.487
79.7334,0.6502,2.8035
79.7336,0.6245,2.6916
79.7338,0.6523,2.8076
79.7340,0.711,3.06
79.7342,0.7459,3.2116
79.7344,0.72,3.0987
79.7346,0.6848,2.9488
79.7348,0.7117,3.0702
79.7350,0.6106,2.6329
79.7352,0.647,2.7875
79.7354,0.6396,2.7529
79.7356,0.6387,2.7539
79.7358,0.6546,2.8187
79.7360,0.7349,3.1617
79.7362,0.6613,2.8463
79.7364,0.6559,2.8322
79.7366,0.5151,2.2264
79.7368,0.4807,2.0748
79.7370,0.4954,2.1419
79.7372,0.4049,1.7502
79.7374,0.3931,1.6988
79.7376,0.3891,1.6825
79.7378,0.3935,1.7017
79.7380,0.4039,1.7431
79.7382,0.4557,1.9666
79.7384,0.4951,2.1359
79.7386,0.5738,2.473
79.7388,0.5815,2.5061
79.7390,0.6167,2.6568
79.7392,0.6935,2.9818
79.7394,0.7505,3.2243
79.7396,0.7517,3.2339
79.7398,0.7475,3.2129
79.7400,0.7683,3.302
79.7402,0.8312,3.5676
79.7404,0.8652,3.7167
79.7406,0.8543,3.6664
79.7408,0.9071,3.888
79.7410,0.9244,3.9657
79.7412,0.9089,3.8975
79.7414,0.9787,4.1928
79.7416,0.9659,4.1495
79.7418,0.9234,3.9616
79.7420,0.9848,4.2249
79.7422,0.9871,4.2327
79.7424,0.9568,4.1027
79.7426,0.9293,3.9868
79.7428,0.9389,4.0298
79.7430,0.9178,3.9392
79.7432,0.8659,3.7216
79.7434,0.8295,3.5654
79.7436,0.8257,3.5489
79.7438,0.8267,3.5497
79.7440,0.8331,3.5775
79.7442,0.8313,3.5731
79.7444,0.8479,3.6409
79.7446,0.9317,4.0008
79.7448,0.9226,3.9616
79.7450,0.8432,3.6242
79.7452,0.8178,3.5133
79.7454,0.9065,3.8963
79.7456,0.866,3.7186
79.7458,0.8959,3.845
79.7460,0.8965,3.853
79.7462,0.8041,3.4578
79.7464,0.7971,3.4273
79.7466,0.8301,3.5713
79.7468,0.8323,3.5739
79.7470,0.8068,3.4675
79.7472,0.7997,3.4387
79.7474,0.7995,3.4424
79.7476,0.7926,3.4114
79.7478,0.7406,3.1874
79.7480,0.7494,3.2286
79.7482,0.7291,3.1379
79.7484,0.753,3.2396
79.7486,0.7233,3.116
79.7488,0.6753,2.9107
79.7490,0.6842,2.9421
79.7492,0.7947,3.4138
79.7494,0.8346,3.5887
79.7496,0.7975,3.4326
79.7498,0.7659,3.2963
79.7500,0.7857,3.3799
79.7502,0.7773,3.3485
79.7504,0.6239,2.6878
79.7506,0.6596,2.8391
79.7508,0.7456,3.2136
79.7510,0.6613,2.8529
79.7512,0.6077,2.618
79.7514,0.6692,2.8817
79.7516,0.6928,2.9848
79.7518,0.6619,2.8542
79.7520,0.5925,2.5548
79.7522,0.5986,2.5788
79.7524,0.608,2.6191
79.7526,0.6216,2.6779
79.7528,0.6271,2.7042
79.7530,0.6371,2.751
79.7532,0.5444,2.3496
79.7534,0.4984,2.1499
79.7536,0.5882,2.5315
79.7538,0.6275,2.7058
79.7540,0.572,2.4709
79.7542,0.4784,2.0669
79.7544,0.4669,2.0172
79.7546,0.4643,2.0048
79.7548,0.4669,2.0144
79.7550,0.5758,2.4841
79.7552,0.5584,2.4091
79.7554,0.5362,2.3123
79.7556,0.5428,2.3418
79.7558,0.5472,2.3604
79.7560,0.555,2.3929
79.7562,0.6275,2.7058
79.7564,0.5691,2.4597
79.7566,0.4639,2.0033
79.7568,0.4542,1.9623
79.7570,0.4569,1.9727
79.7572,0.4577,1.9773
79.7574,0.4553,1.9669
79.7576,0.4552,1.9664
79.7578,0.4936,2.1282
79.7580,0.5445,2.348
79.7582,0.5528,2.3836
79.7584,0.525,2.2689
79.7586,0.4527,1.9546
79.7588,0.4448,1.9222
79.7590,0.4462,1.9275
79.7592,0.4478,1.9334
79.7594,0.446,1.9256
79.7596,0.4451,1.922
79.7598,0.4451,1.9238
79.7600,0.4449,1.9218
79.7602,0.4468,1.9283
79.7604,0.4442,1.9161
79.7606,0.4427,1.9116
79.7608,0.4422,1.9096
79.7610,0.4457,1.9228
79.7612,0.4536,1.9578
79.7614,0.4588,1.981
79.7616,0.4434,1.913
79.7618,0.4446,1.919
79.7620,0.451,1.9483
79.7622,0.4495,1.9421
79.7624,0.4445,1.9185
79.7626,0.4422,1.9087
79.7628,0.4828,2.0817
79.7630,0.5413,2.3308
79.7632,0.6436,2.7725
79.7634,0.6135,2.6453
79.7636,0.5597,2.4136
79.7638,0.5404,2.3271
79.7640,0.5872,2.5285
79.7642,0.6016,2.5917
79.7644,0.5475,2.3609
79.7646,0.5626,2.4227
79.7648,0.6139,2.6412
79.7650,0.6209,2.6736
79.7652,0.592,2.5515
79.7654,0.5746,2.4732
79.7656,0.5922,2.5502
79.7658,0.5896,2.5377
79.7660,0.6659,2.8646
79.7662,0.6737,2.8968
79.7664,0.7213,3.1029
79.7666,0.698,3.0028
79.7668,0.6758,2.9087
79.7670,0.6309,2.719
79.7672,0.5981,2.5743
79.7674,0.6551,2.8195
79.7676,0.6715,2.8875
79.7678,0.7183,3.09
79.7680,0.7174,3.085
79.7682,0.7161,3.0822
79.7684,0.6629,2.8517
79.7686,0.6467,2.7833
79.7688,0.6295,2.7133
79.7690,0.58,2.4975
79.7692,0.6392,2.75
79.7694,0.6083,2.6182
79.7696,0.6337,2.7276
79.7698,0.6247,2.6889
79.7700,0.637,2.7453
79.7702,0.5609,2.4143
79.7704,0.5894,2.5449
79.7706,0.4493,1.941
79.7708,0.3927,1.6949
79.7710,0.3928,1.6947
79.7712,0.4046,1.7446
79.7714,0.4222,1.8206
79.7716,0.4607,1.9875
79.7718,0.4984,2.1469
79.7720,0.5436,2.3427
79.7722,0.5027,2.1675
79.7724,0.5347,2.3002
79.7726,0.6944,2.9846
79.7728,0.683,2.937
79.7730,0.64,2.7531
79.7732,0.7017,3.016
79.7734,0.7534,3.2336
79.7736,0.7918,3.3967
79.7738,0.9218,3.9525
79.7740,0.9456,4.0511
79.7742,0.9381,4.0224
79.7744,0.9381,4.0149
79.7746,0.9812,4.2017
79.7748,0.9712,4.1585
79.7750,0.9928,4.2569
79.7752,0.9468,4.0581
79.7754,0.9737,4.1713
79.7756,0.9836,4.2139
79.7758,0.9926,4.2584
79.7760,0.9225,3.9556
79.7762,0.9401,4.0237
79.7764,1.0033,4.3002
79.7766,0.9996,4.2822
79.7768,1.0341,4.424
79.7770,1.0953,4.69
79.7772,1.0708,4.5852
79.7774,0.9564,4.1049
79.7776,0.861,3.697
79.7778,0.878,3.7684
79.7780,0.8806,3.7814
79.7782,0.8215,3.5342
79.7784,0.7846,3.3706
79.7786,0.7995,3.4376
79.7788,0.7828,3.3675
79.7790,0.7701,3.3067
79.7792,0.833,3.577
79.7794,0.9044,3.8816
79.7796,0.8635,3.713
79.7798,0.7984,3.4298
79.7800,0.8574,3.6833
79.7802,0.8144,3.4988
79.7804,0.7511,3.2283
79.7806,0.7479,3.2144
79.7808,0.7485,3.2185
79.7810,0.7514,3.2309
79.7812,0.7618,3.2773
79.7814,0.7861,3.3788
79.7816,0.7672,3.2974
79.7818,0.7706,3.3103
79.7820,0.825,3.5475
79.7822,0.7279,3.1342
79.7824,0.7443,3.1945
79.7826,0.842,3.6156
79.7828,0.8378,3.6026
79.7830,0.786,3.3815
79.7832,0.7686,3.3082
79.7834,0.7188,3.0935
79.7836,0.6745,2.9044
79.7838,0.6692,2.8817
79.7840,0.6935,2.9791
79.7842,0.7324,3.1523
79.7844,0.6847,2.9469
79.7846,0.7069,3.0438
79.7848,0.6747,2.9041
79.7850,0.6887,2.964
79.7852,0.7022,3.0223
79.7854,0.71,3.053
79.7856,0.7365,3.1699
79.7858,0.6972,2.9978
79.7860,0.7098,3.0591
79.7862,0.6408,2.7606
79.7864,0.7207,3.0946
79.7866,0.7718,3.3201
79.7868,0.74,3.1863
79.7870,0.6782,2.9191
79.7872,0.6656,2.8649
79.7874,0.6677,2.8763
79.7876,0.6747,2.9041
79.7878,0.7101,3.0549
79.7880,0.6964,2.9975
79.7882,0.7264,3.1265
79.7884,0.6804,2.9324
79.7886,0.6263,2.6968
79.7888,0.6487,2.7895
79.7890,0.7333,3.1516
79.7892,0.7463,3.2092
79.7894,0.7385,3.1772
79.7896,0.7219,3.1069
79.7898,0.7189,3.0911
79.7900,0.7276,3.1331
79.7902,0.6204,2.6753
79.7904,0.5428,2.3418
79.7906,0.5347,2.3077
79.7908,0.5356,2.3108
79.7910,0.5455,2.3532
79.7912,0.5485,2.3661
79.7914,0.545,2.3511
79.7916,0.5338,2.3019
79.7918,0.5335,2.3004
79.7920,0.5773,2.4903
79.7922,0.5511,2.3764
79.7924,0.6077,2.6107
79.7926,0.7041,3.0334
79.7928,0.5716,2.466
79.7930,0.5298,2.2865
79.7932,0.5281,2.2782
79.7934,0.5298,2.2822
79.7936,0.6028,2.5944
79.7938,0.7029,3.0268
79.7940,0.5847,2.52
79.7942,0.5468,2.3567
79.7944,0.546,2.3553
79.7946,0.5445,2.3491
79.7948,0.5773,2.488
79.7950,0.6199,2.6695
79.7952,0.6424,2.7647
79.7954,0.63,2.7166
79.7956,0.5485,2.3639
79.7958,0.6099,2.6285
79.7960,0.5631,2.4259
79.7962,0.6005,2.5858
79.7964,0.6575,2.8285
79.7966,0.6968,3.0018
79.7968,0.6536,2.8146
79.7970,0.5955,2.5653
79.7972,0.571,2.46
79.7974,0.6389,2.7498
79.7976,0.6755,2.9058
79.7978,0.6622,2.8499
79.7980,0.6618,2.8497
79.7982,0.6795,2.922
79.7984,0.6648,2.8586
79.7986,0.6638,2.8545
79.7988,0.7246,3.1159
79.7990,0.7348,3.1597
79.7992,0.7297,3.1361
79.7994,0.7162,3.0812
79.7996,0.7299,3.1415
79.7998,0.7056,3.0381
79.8000,0.6514,2.8035
79.8002,0.6515,2.804
79.8004,0.6608,2.8442
79.8006,0.6358,2.7389
79.8008,0.5745,2.4772
79.8010,0.5089,2.1954
79.8012,0.4856,2.096
79.8014,0.4846,2.0923
79.8016,0.4927,2.1256
79.8018,0.4858,2.0956
79.8020,0.474,2.043
79.8022,0.5528,2.3825
79.8024,0.4979,2.1488
79.8026,0.4401,1.8985
79.8028,0.4696,2.0239
79.8030,0.5252,2.2679
79.8032,0.43,1.8593
79.8034,0.3728,1.6113
79.8036,0.3696,1.5965
79.8038,0.4005,1.727
79.8040,0.429,1.8518
79.8042,0.388,1.6763
79.8044,0.3871,1.6729
79.8046,0.3888,1.6779
79.8048,0.4027,1.7379
79.8050,0.4455,1.9209
79.8052,0.5059,2.1805
79.8054,0.5342,2.3035
79.8056,0.484,2.0849
79.8058,0.5312,2.2853
79.8060,0.6646,2.8576
79.8062,0.6873,2.9542
79.8064,0.718,3.0904
79.8066,0.7401,3.178
79.8068,0.809,3.4692
79.8070,0.8513,3.6536
79.8072,0.8357,3.5867
79.8074,0.8114,3.4811
79.8076,0.8274,3.5445
79.8078,0.8752,3.753
79.8080,0.9182,3.9353
79.8082,0.983,4.2094
79.8084,0.9715,4.1659
79.8086,0.9937,4.257
79.8088,0.978,4.1878
79.8090,0.9908,4.2368
79.8092,1.0204,4.3696
79.8094,1.0299,4.4122
79.8096,0.973,4.1682
79.8098,1.0118,4.3326
79.8100,1.0709,4.5879
79.8102,1.0088,4.3198
79.8104,0.9991,4.2782
79.8106,1.0025,4.2986
79.8108,0.9973,4.2764
79.8110,0.9985,4.2776
79.8112,1.0147,4.3429
79.8114,1.0183,4.3644
79.8116,0.988,4.2383
79.8118,0.8962,3.8448
79.8120,0.8559,3.6754
79.8122,0.8596,3.693
79.8124,0.9405,4.0252
79.8126,1.0402,4.4564
79.8128,1.0095,4.3329
79.8130,0.8583,3.6925
79.8132,0.7552,3.2459
79.8134,0.7455,3.2056
79.8136,0.7661,3.2897
79.8138,0.8855,3.799
79.8140,0.9168,3.9333
79.8142,0.8219,3.5373
79.8144,0.773,3.3237
79.8146,0.8041,3.4529
79.8148,0.8207,3.5289
79.8150,0.7719,3.3144
79.8152,0.829,3.5612
79.8154,0.811,3.4855
79.8156,0.8155,3.5051
79.8158,0.8042,3.4583
79.8160,0.8264,3.552
79.8162,0.8562,3.673
79.8164,0.9081,3.8975
79.8166,0.7992,3.443
79.8168,0.6911,2.9729
79.8170,0.6936,2.9893
79.8172,0.6404,2.7603
79.8174,0.6444,2.7774
79.8176,0.6144,2.6482
79.8178,0.6204,2.6753
79.8180,0.6017,2.591
79.8182,0.6023,2.596
79.8184,0.628,2.7028
79.8186,0.6789,2.9235
79.8188,0.7408,3.1899
79.8190,0.6917,2.9741
79.8192,0.7552,3.2489
79.8194,0.7517,3.2369
79.8196,0.6955,2.992
79.8198,0.661,2.8474
79.8200,0.6167,2.6568
79.8202,0.636,2.7399
79.8204,0.6268,2.7014
79.8206,0.5758,2.4852
79.8208,0.4772,2.0636
79.8210,0.415,1.7937
79.8212,0.4172,1.8022
79.8214,0.4567,1.9713
79.8216,0.457,1.9723
79.8218,0.4542,1.9613
79.8220,0.4569,1.9737
79.8222,0.4597,1.9852
79.8224,0.5033,2.1721
79.8226,0.4898,2.1171
79.8228,0.445,1.9215
79.8230,0.4512,1.9475
79.8232,0.4516,1.95
79.8234,0.4461,1.927
79.8236,0.4458,1.926
79.8238,0.447,1.9294
79.8240,0.453,1.9534
79.8242,0.5446,2.3496
79.8244,0.5054,2.1814
79.8246,0.4522,1.9507
79.8248,0.4796,2.0702
79.8250,0.4769,2.0583
79.8252,0.4708,2.0309
79.8254,0.4503,1.9443
79.8256,0.4497,1.9408
79.8258,0.5141,2.2177
79.8260,0.492,2.1225
79.8262,0.4951,2.1369
79.8264,0.4814,2.076
79.8266,0.5719,2.4624
79.8268,0.5759,2.4823
79.8270,0.5729,2.4671
79.8272,0.6022,2.5907
79.8274,0.651,2.8032
79.8276,0.6263,2.7006
79.8278,0.5835,2.5125
79.8280,0.595,2.5597
79.8282,0.6101,2.6332
79.8284,0.5475,2.3576
79.8286,0.5939,2.5574
79.8288,0.5474,2.3593
79.8290,0.5605,2.4156
79.8292,0.5729,2.4648
79.8294,0.6373,2.7431
79.8296,0.6137,2.6414
79.8298,0.6569,2.8246
79.8300,0.7124,3.0633
79.8302,0.7241,3.1124
79.8304,0.6876,2.9621
79.8306,0.5618,2.4202
79.8308,0.5617,2.4219
79.8310,0.5588,2.4095
79.8312,0.5552,2.3918
79.8314,0.5623,2.4222
79.8316,0.5536,2.3862
79.8318,0.5472,2.3582
79.8320,0.5512,2.3758
79.8322,0.5294,2.2786
79.8324,0.563,2.4253
79.8326,0.6089,2.6171
79.8328,0.7486,3.216
79.8330,0.7532,3.2386
79.8332,0.7523,3.229
79.8334,0.8195,3.5221
79.8336,0.6805,2.9302
79.8338,0.5964,2.5647
79.8340,0.702,3.0241
79.8342,0.6842,2.9435
79.8344,0.6821,2.9356
79.8346,0.6196,2.6667
79.8348,0.6313,2.7211
79.8350,0.6038,2.5974
79.8352,0.6451,2.774
79.8354,0.6299,2.7111
79.8356,0.6355,2.7341
79.8358,0.696,2.9871
79.8360,0.7954,3.4281
79.8362,0.6129,2.6378
79.8364,0.6252,2.6909
79.8366,0.6484,2.788
79.8368,0.6121,2.6396
79.8370,0.5454,2.3516
79.8372,0.5534,2.3829
79.8374,0.5617,2.4242
79.8376,0.4408,1.9042
79.8378,0.4048,1.7464
79.8380,0.4029,1.7381
79.8382,0.4254,1.8345
79.8384,0.4751,2.0495
79.8386,0.5215,2.2424
79.8388,0.6086,2.618
79.8390,0.6455,2.7782
79.8392,0.6124,2.6345
79.8394,0.6544,2.8137
79.8396,0.6514,2.8022
79.8398,0.6896,2.964
79.8400,0.7477,3.2089
79.8402,0.7514,3.2294
79.8404,0.7208,3.0922
79.8406,0.8186,3.507
79.8408,0.8863,3.7985
79.8410,0.9225,3.9556
79.8412,0.9008,3.8643
79.8414,0.8333,3.578
79.8416,0.8562,3.6713
79.8418,0.8926,3.8276
79.8420,0.8662,3.7162
79.8422,0.8951,3.8402
79.8424,0.9134,3.9129
79.8426,0.9826,4.2093
79.8428,0.9164,3.933
79.8430,0.8883,3.8091
79.8432,0.9132,3.916
79.8434,0.9079,3.8947
79.8436,0.9117,3.9166
79.8438,0.8739,3.7456
79.8440,0.9274,3.9785
79.8442,0.8762,3.7676
79.8444,0.7545,3.2398
79.8446,0.7787,3.3438
79.8448,0.8475,3.6359
79.8450,0.8391,3.6066
79.8452,0.7806,3.3551
79.8454,0.7803,3.3536
79.8456,0.7767,3.3381
79.8458,0.8111,3.4812
79.8460,0.8791,3.7712
79.8462,0.8598,3.6918
79.8464,0.8256,3.5434
79.8466,0.8545,3.6658
79.8468,0.8889,3.8205
79.8470,0.8222,3.5323
79.8472,0.7963,3.4242
79.8474,0.751,3.2278
79.8476,0.8076,3.4695
79.8478,0.8242,3.5439
79.8480,0.7608,3.2686
79.8482,0.7528,3.2371
79.8484,0.7467,3.2123
79.8486,0.7455,3.2071
79.8488,0.7569,3.2501
79.8490,0.8194,3.5216
79.8492,0.8437,3.6212
79.8494,0.8694,3.7296
79.8496,0.9409,4.0329
79.8498,0.9714,4.1654
79.8500,0.9553,4.0965
79.8502,0.9949,4.2662
79.8504,0.9353,4.0181
79.8506,0.8305,3.5728
79.8508,0.7462,3.2102
79.8510,0.7558,3.2424
79.8512,0.9075,3.895
79.8514,0.8775,3.768
79.8516,0.9112,3.9109
79.8518,0.9076,3.8955
79.8520,0.9201,3.9508
79.8522,0.9218,3.9544
79.8524,0.8698,3.7368
79.8526,0.7855,3.3825
79.8528,0.7045,3.0335
79.8530,0.6541,2.8193
79.8532,0.633,2.7258
79.8534,0.6554,2.8236
79.8536,0.6228,2.6869
79.8538,0.5696,2.456
79.8540,0.5542,2.391
79.8542,0.588,2.5321
79.8544,0.6699,2.8848
79.8546,0.6745,2.9017
79.8548,0.6452,2.7862
79.8550,0.51,2.2021
79.8552,0.4984,2.1509
79.8554,0.5017,2.1654
79.8556,0.546,2.352
79.8558,0.6559,2.8244
79.8560,0.7135,3.0708
79.8562,0.6581,2.8324
79.8564,0.6558,2.8265
79.8566,0.6222,2.683
79.8568,0.5497,2.3713
79.8570,0.5325,2.2984
79.8572,0.5305,2.2896
79.8574,0.531,2.2895
79.8576,0.5793,2.4956
79.8578,0.5765,2.486
79.8580,0.5398,2.3289
79.8582,0.5318,2.2953
79.8584,0.5287,2.2808
79.8586,0.5274,2.274
79.8588,0.5281,2.2771
79.8590,0.5726,2.4644
79.8592,0.6699,2.8888
79.8594,0.5497,2.3713
79.8596,0.5282,2.2798
79.8598,0.5238,2.2585
79.8600,0.5269,2.273
79.8602,0.5265,2.2725
79.8604,0.5235,2.2575
79.8606,0.5238,2.2585
79.8608,0.5231,2.2554
79.8610,0.5252,2.2647
79.8612,0.5378,2.3201
79.8614,0.5322,2.2958
79.8616,0.5246,2.2611
79.8618,0.5233,2.2554
79.8620,0.5263,2.2725
79.8622,0.5259,2.2657
79.8624,0.5922,2.5455
79.8626,0.6889,2.9622
79.8628,0.6637,2.8579
79.8630,0.6498,2.7941
79.8632,0.6755,2.9072
79.8634,0.6577,2.8374
79.8636,0.5446,2.3474
79.8638,0.609,2.6225
79.8640,0.6335,2.7253
79.8642,0.664,2.8576
79.8644,0.6406,2.7583
79.8646,0.6581,2.831
79.8648,0.663,2.8509
79.8650,0.6848,2.9488
79.8652,0.6744,2.8999
79.8654,0.7606,3.2706
79.8656,0.7496,3.2201
79.8658,0.7967,3.4242
79.8660,0.7967,3.4242
79.8662,0.7267,3.1276
79.8664,0.6425,2.7653
79.8666,0.666,2.8638
79.8668,0.7599,3.2644
79.8670,0.7974,3.4241
79.8672,0.7782,3.3448
79.8674,0.7756,3.3335
79.8676,0.7291,3.1321
79.8678,0.7623,3.2748
79.8680,0.7574,3.2582
79.8682,0.7426,3.1932
79.8684,0.727,3.132
79.8686,0.601,2.5903
79.8688,0.631,2.7107
79.8690,0.829,3.5529
79.8692,0.8749,3.7532
79.8694,0.8363,3.5892
79.8696,0.8357,3.5917
79.8698,0.7798,3.3531
79.8700,0.7258,3.1225
79.8702,0.683,2.9438
79.8704,0.621,2.6791
79.8706,0.4511,1.9479
79.8708,0.4061,1.7537
79.8710,0.4036,1.7437
79.8712,0.4201,1.8146
79.8714,0.413,1.7832
79.8716,0.4368,1.8863
79.8718,0.484,2.0898
79.8720,0.5239,2.258
79.8722,0.5364,2.3107
79.8724,0.6173,2.6519
79.8726,0.7179,3.087
79.8728,0.6667,2.8668
79.8730,0.705,3.0342
79.8732,0.7125,3.0638
79.8734,0.766,3.2923
79.8736,0.7258,3.1225
79.8738,0.71,3.0487
79.8740,0.7695,3.301
79.8742,0.8764,3.7582
79.8744,0.9442,4.0411
79.8746,0.9597,4.115
79.8748,0.9415,4.0355
79.8750,0.9829,4.2128
79.8752,0.9691,4.1595
79.8754,0.9493,4.0651
79.8756,0.9907,4.2462
79.8758,0.9818,4.2101
79.8760,0.975,4.173
79.8762,1.0733,4.5896
79.8764,1.1432,4.8953
79.8766,1.1089,4.7463
79.8768,1.0515,4.5025
79.8770,1.04,4.4533
79.8772,1.0154,4.3622
79.8774,0.9023,3.871
79.8776,0.8814,3.7845
79.8778,0.8829,3.793
79.8780,0.8986,3.8569
79.8782,0.9336,4.0072
79.8784,0.8925,3.8288
79.8786,0.9014,3.8723
79.8788,0.8379,3.5998
79.8790,0.8385,3.6024
79.8792,0.8032,3.4504
79.8794,0.8359,3.5944
79.8796,0.8074,3.4684
79.8798,0.7955,3.4206
79.8800,0.7606,3.2736
79.8802,0.7342,3.1601
79.8804,0.745,3.2036
79.8806,0.7214,3.1063
79.8808,0.7018,3.0221
79.8810,0.7563,3.2535
79.8812,0.769,3.3067
79.8814,0.7552,3.2474
79.8816,0.7425,3.1957
79.8818,0.7331,3.1584
79.8820,0.7066,3.0414
79.8822,0.7152,3.0766
79.8824,0.7141,3.0691
79.8826,0.7582,3.2663
79.8828,0.7315,3.1453
79.8830,0.7993,3.4371
79.8832,0.7596,3.271
79.8834,0.7129,3.0682
79.8836,0.7449,3.203
79.8838,0.752,3.2365
79.8840,0.6849,2.9493
79.8842,0.6854,2.9541
79.8844,0.6755,2.9099
79.8846,0.6667,2.8735
79.8848,0.602,2.5944
79.8850,0.6425,2.7678
79.8852,0.6806,2.9321
79.8854,0.6455,2.7795
79.8856,0.6243,2.6868
79.8858,0.6932,2.9905
79.8860,0.5817,2.5094
79.8862,0.5488,2.3677
79.8864,0.533,2.2973
79.8866,0.6147,2.6504
79.8868,0.6151,2.6488
79.8870,0.6051,2.6079
79.8872,0.5975,2.5765
79.8874,0.6106,2.6304
79.8876,0.5974,2.576
79.8878,0.6083,2.623
79.8880,0.6233,2.6889
79.8882,0.5701,2.4592
79.8884,0.5932,2.5567
79.8886,0.5698,2.4571
79.8888,0.5715,2.4643
79.8890,0.5731,2.4687
79.8892,0.5768,2.4882
79.8894,0.5978,2.5763
79.8896,0.6433,2.774
79.8898,0.5798,2.5
79.8900,0.571,2.4622
79.8902,0.5611,2.4182
79.8904,0.6476,2.7888
79.8906,0.6263,2.6993
79.8908,0.538,2.3254
79.8910,0.4633,2.0016
79.8912,0.4707,2.0313
79.8914,0.4588,1.9801
79.8916,0.4524,1.9536
79.8918,0.4535,1.9582
79.8920,0.456,1.9673
79.8922,0.4547,1.9634
79.8924,0.4535,1.9591
79.8926,0.4529,1.9575
79.8928,0.4608,1.9861
79.8930,0.5129,2.2135
79.8932,0.4545,1.9624
79.8934,0.4451,1.922
79.8936,0.4463,1.9254
79.8938,0.4493,1.9392
79.8940,0.4525,1.9541
79.8942,0.4537,1.9575
79.8944,0.4944,2.1308
79.8946,0.5425,2.3381
79.8948,0.549,2.3671
79.8950,0.5365,2.3123
79.8952,0.5461,2.3536
79.8954,0.5295,2.2833
79.8956,0.4662,2.0113
79.8958,0.4614,1.9915
79.8960,0.4895,2.1116
79.8962,0.5752,2.4757
79.8964,0.6184,2.6591
79.8966,0.7088,3.0492
79.8968,0.7136,3.067
79.8970,0.6944,2.9929
79.8972,0.5606,2.4139
79.8974,0.5979,2.5745
79.8976,0.6004,2.5853
79.8978,0.5885,2.5354
79.8980,0.5898,2.5411
79.8982,0.6005,2.5846
79.8984,0.5913,2.5461
79.8986,0.5921,2.5461
79.8988,0.7023,3.0186
79.8990,0.7632,3.2789
79.8992,0.7753,3.3293
79.8994,0.7343,3.1533
79.8996,0.762,3.2783
79.8998,0.6897,2.9741
79.9000,0.5763,2.4815
79.9002,0.5689,2.4495
79.9004,0.5797,2.5006
79.9006,0.5307,2.2885
79.9008,0.4757,2.054
79.9010,0.4689,2.0245
79.9012,0.4816,2.0775
79.9014,0.4698,2.0258
79.9016,0.4695,2.0262
79.9018,0.4716,2.0355
79.9020,0.4655,2.0072
79.9022,0.4684,2.0178
79.9024,0.5231,2.2512
79.9026,0.612,2.6366
79.9028,0.5414,2.3389
79.9030,0.454,1.9585
79.9032,0.4437,1.9167
79.9034,0.3931,1.6965
79.9036,0.3908,1.6882
79.9038,0.3871,1.6714
79.9040,0.3873,1.6724
79.9042,0.3739,1.6144
79.9044,0.3726,1.6095
79.9046,0.3771,1.6299
79.9048,0.3866,1.6678
79.9050,0.4127,1.7805
79.9052,0.447,1.9276
79.9054,0.5183,2.2316
79.9056,0.5843,2.5126
79.9058,0.6409,2.7521
79.9060,0.6485,2.7872
79.9062,0.7078,3.0437
79.9064,0.6834,2.9358
79.9066,0.7237,3.1074
79.9068,0.736,3.1619
79.9070,0.761,3.2676
79.9072,0.8333,3.5714
79.9074,0.8876,3.8024
79.9076,0.9016,3.8607
79.9078,0.9095,3.891
79.9080,1.0449,4.4659
79.9082,1.1386,4.8708
79.9084,1.1062,4.7323
79.9086,1.0995,4.7013
79.9088,1.1542,4.9305
79.9090,1.1494,4.9284
79.9092,0.9408,4.0324
79.9094,0.9102,3.8995
79.9096,1.0309,4.4101
79.9098,1.0936,4.6784
79.9100,1.0263,4.3947
79.9102,1.0254,4.3886
79.9104,1.0562,4.5184
79.9106,0.8387,3.5979
79.9108,0.9234,3.9597
79.9110,0.9442,4.0487
79.9112,0.9576,4.1043
79.9114,0.9467,4.0576
79.9116,0.9708,4.1589
79.9118,1.0191,4.368
79.9120,0.9953,4.2617
79.9122,0.9953,4.2717
79.9124,0.8851,3.804
79.9126,0.8851,3.8023
79.9128,0.863,3.7092
79.9130,0.8042,3.455
79.9132,0.8028,3.4424
79.9134,0.8972,3.8525
79.9136,0.9058,3.8896
79.9138,0.9427,4.0463
79.9140,0.8762,3.7641
79.9142,0.81,3.4798
79.9144,0.8288,3.5623
79.9146,0.8393,3.6038
79.9148,0.8227,3.5377
79.9150,0.7921,3.403
79.9152,0.8496,3.6515
79.9154,0.8236,3.5396
79.9156,0.7901,3.3943
79.9158,0.849,3.6472
79.9160,0.8538,3.6678
79.9162,0.8087,3.4773
79.9164,0.7658,3.2912
79.9166,0.8192,3.5227
79.9168,0.7899,3.3932
79.9170,0.8011,3.4449
79.9172,0.7794,3.3515
79.9174,0.7804,3.3557
79.9176,0.7316,3.1502
79.9178,0.6798,2.9244
79.9180,0.737,3.1705
79.9182,0.6913,2.9767
79.9184,0.6942,2.9877
79.9186,0.7776,3.3422
79.9188,0.8355,3.5928
79.9190,0.7014,3.0229
79.9192,0.6336,2.7296
79.9194,0.6728,2.8945
79.9196,0.645,2.7826
79.9198,0.5101,2.2026
79.9200,0.4928,2.1291
79.9202,0.491,2.1193
79.9204,0.5308,2.288
79.9206,0.5478,2.3641
79.9208,0.5523,2.3838
79.9210,0.5433,2.3417
79.9212,0.5412,2.3346
79.9214,0.5385,2.3232
79.9216,0.5428,2.3418
79.9218,0.5476,2.3559
79.9220,0.7403,3.1834
79.9222,0.79,3.4048
79.9224,0.6066,2.617
79.9226,0.5355,2.3103
79.9228,0.5293,2.2834
79.9230,0.5282,2.2766
79.9232,0.5274,2.2751
79.9234,0.531,2.2885
79.9236,0.5779,2.494
79.9238,0.5442,2.3486
79.9240,0.5326,2.2936
79.9242,0.5597,2.4148
79.9244,0.5365,2.3144
79.9246,0.5818,2.5076
79.9248,0.5518,2.3795
79.9250,0.5379,2.3217
79.9252,0.575,2.4713
79.9254,0.767,3.2948
79.9256,0.7623,3.2839
79.9258,0.5902,2.5438
79.9260,0.5987,2.5781
79.9262,0.6681,2.8757
79.9264,0.6907,2.97
79.9266,0.6828,2.9359
79.9268,0.6985,3.0133
79.9270,0.6002,2.5903
79.9272,0.6033,2.5965
79.9274,0.6722,2.8919
79.9276,0.6783,2.9196
79.9278,0.6954,2.9929
79.9280,0.7162,3.0769
79.9282,0.7805,3.3484
79.9284,0.8515,3.658
79.9286,0.7947,3.417
79.9288,0.7789,3.3479
79.9290,0.7207,3.1032
79.9292,0.6449,2.7756
79.9294,0.6843,2.944
79.9296,0.6883,2.9624
79.9298,0.7016,3.0169
79.9300,0.7329,3.1515
79.9302,0.7289,3.1374
79.9304,0.7312,3.1443
79.9306,0.7321,3.1493
79.9308,0.7437,3.1994
79.9310,0.7231,3.1092
79.9312,0.6663,2.8706
79.9314,0.6841,2.9416
79.9316,0.7551,3.2454
79.9318,0.7569,3.2546
79.9320,0.8104,3.4829
79.9322,0.8058,3.465
79.9324,0.7637,3.2779
79.9326,0.8365,3.602
79.9328,0.6454,2.7815
79.9330,0.6,2.5826
79.9332,0.6984,3.0016
79.9334,0.7518,3.2359
79.9336,0.6646,2.8669
79.9338,0.5873,2.5337
79.9340,0.5798,2.4977
79.9342,0.5872,2.5273
79.9344,0.6319,2.7224
79.9346,0.5978,2.5787
79.9348,0.5155,2.2259
79.9350,0.4852,2.094
79.9352,0.521,2.2425
79.9354,0.6845,2.9459
79.9356,0.6697,2.8864
79.9358,0.5633,2.4291
79.9360,0.5097,2.199
79.9362,0.5243,2.2574
79.9364,0.5048,2.1809
79.9366,0.425,1.8359
79.9368,0.4209,1.8157
79.9370,0.4625,1.9989
79.9372,0.4095,1.7699
79.9374,0.4091,1.7667
79.9376,0.4149,1.7915
79.9378,0.4133,1.7848
79.9380,0.4398,1.8975
79.9382,0.4784,2.0621
79.9384,0.5287,2.2787
79.9386,0.6018,2.5891
79.9388,0.6872,2.9605
79.9390,0.6662,2.8648
79.9392,0.734,3.1517
79.9394,0.7655,3.2887
79.9396,0.72,3.0943
79.9398,0.7638,3.2784
79.9400,0.8334,3.5752
79.9402,0.848,3.6431
79.9404,0.8442,3.6249
79.9406,0.8414,3.6114
79.9408,0.852,3.6584
79.9410,0.8261,3.5472
79.9412,0.9153,3.9211
79.9414,0.9742,4.1714
79.9416,1.0017,4.2915
79.9418,0.9712,4.1644
79.9420,0.9597,4.115
79.9422,1.0023,4.292
79.9424,1.0475,4.4814
79.9426,1.0491,4.4944
79.9428,1.0184,4.3649
79.9430,1.0212,4.3767
79.9432,1.0297,4.4132
79.9434,0.9963,4.2763
79.9436,0.8925,3.8324
79.9438,0.8521,3.6623
79.9440,0.7672,3.3035
79.9442,0.7039,3.0267
79.9444,0.7901,3.399
79.9446,0.7598,3.2655
79.9448,0.7571,3.2556
79.9450,0.7834,3.3638
79.9452,0.8658,3.7072
79.9454,0.9604,4.1238
79.9456,0.8606,3.7006
79.9458,0.7732,3.3247
79.9460,0.7901,3.3958
79.9462,0.7971,3.4241
79.9464,0.8051,3.457
79.9466,0.8724,3.7442
79.9468,0.8966,3.8535
79.9470,0.8632,3.705
79.9472,0.8477,3.6381
79.9474,0.846,3.6326
79.9476,0.8195,3.5205
79.9478,0.7803,3.3614
79.9480,0.696,2.9941
79.9482,0.7419,3.1931
79.9484,0.7612,3.2747
79.9486,0.7769,3.3392
79.9488,0.7616,3.2747
79.9490,0.7618,3.2788
79.9492,0.7628,3.2753
79.9494,0.8594,3.692
79.9496,0.8363,3.5943
79.9498,0.8828,3.7925
79.9500,0.9264,3.9726
79.9502,0.9421,4.0437
79.9504,0.8343,3.5894
79.9506,0.7342,3.163
79.9508,0.6307,2.7185
79.9510,0.6006,2.5875
79.9512,0.6482,2.7939
79.9514,0.6637,2.8566
79.9516,0.6696,2.8859
79.9518,0.6184,2.664
79.9520,0.6653,2.8673
79.9522,0.59,2.5475
79.9524,0.509,2.197
79.9526,0.4982,2.1494
79.9528,0.5033,2.1721
79.9530,0.4952,2.1404
79.9532,0.4268,1.8462
79.9534,0.4017,1.737
79.9536,0.4271,1.8443
79.9538,0.4559,1.9677
79.9540,0.4485,1.9365
79.9542,0.4484,1.9378
79.9544,0.4529,1.9575
79.9546,0.4546,1.9638
79.9548,0.4564,1.9698
79.9550,0.5093,2.196
79.9552,0.5493,2.3697
79.9554,0.5557,2.3949
79.9556,0.5425,2.337
79.9558,0.5506,2.3776
79.9560,0.4657,2.0101
79.9562,0.4584,1.9804
79.9564,0.4591,1.9826
79.9566,0.4753,2.0487
79.9568,0.5825,2.5119
79.9570,0.5834,2.5143
79.9572,0.5894,2.539
79.9574,0.6011,2.5884
79.9576,0.5454,2.3527
79.9578,0.476,2.0556
79.9580,0.4677,2.0175
79.9582,0.4655,2.01
79.9584,0.4548,1.9648
79.9586,0.4486,1.9361
79.9588,0.4493,1.9392
79.9590,0.4479,1.9339
79.9592,0.4485,1.9347
79.9594,0.499,2.1485
79.9596,0.544,2.3459
79.9598,0.4708,2.0328
79.9600,0.4464,1.9286
79.9602,0.4433,1.9125
79.9604,0.4522,1.9507
79.9606,0.5066,2.1846
79.9608,0.524,2.2606
79.9610,0.453,1.9544
79.9612,0.4452,1.9207
79.9614,0.4468,1.9283
79.9616,0.4484,1.9342
79.9618,0.4461,1.9244
79.9620,0.4443,1.9184
79.9622,0.4455,1.9227
79.9624,0.4458,1.9242
79.9626,0.4722,2.0343
79.9628,0.5243,2.2585
79.9630,0.5693,2.4516
79.9632,0.6036,2.598
79.9634,0.6431,2.7627
79.9636,0.7024,3.0261
79.9638,0.5803,2.5009
79.9640,0.5569,2.4001
79.9642,0.5707,2.4573
79.9644,0.5735,2.4697
79.9646,0.5928,2.5528
79.9648,0.6233,2.6827
79.9650,0.6257,2.6918
79.9652,0.6807,2.9272
79.9654,0.6674,2.8726
79.9656,0.6474,2.7851
79.9658,0.6614,2.8389
79.9660,0.7713,3.3103
79.9662,0.8288,3.5557
79.9664,0.8383,3.6013
79.9666,0.7672,3.2959
79.9668,0.7827,3.3592
79.9670,0.8411,3.6098
79.9672,0.8349,3.5819
79.9674,0.8234,3.5375
79.9676,0.7933,3.4082
79.9678,0.7415,3.1827
79.9680,0.8007,3.438
79.9682,0.8009,3.439
79.9684,0.7947,3.4138
79.9686,0.7924,3.4056
79.9688,0.7581,3.2628
79.9690,0.6542,2.8198
79.9692,0.5777,2.4889
79.9694,0.5508,2.3727
79.9696,0.5883,2.5332
79.9698,0.6488,2.7939
79.9700,0.6312,2.7205
79.9702,0.5843,2.5185
79.9704,0.6058,2.6146
79.9706,0.477,2.0597
79.9708,0.4832,2.0847
79.9710,0.4389,1.8942
79.9712,0.4264,1.8395
79.9714,0.4735,2.04
79.9716,0.5209,2.244
79.9718,0.5777,2.4877
79.9720,0.6303,2.7088
79.9722,0.6277,2.703
79.9724,0.6142,2.6422
79.9726,0.6773,2.9095
79.9728,0.786,3.3799
79.9730,0.7005,3.0109
79.9732,0.7204,3.0878
79.9734,0.9939,4.2501
79.9736,1.147,4.9021
79.9738,1.1201,4.794
79.9740,1.0503,4.4974
79.9742,1.0493,4.4891
79.9744,1.0907,4.6595
79.9746,1.1384,4.868
79.9748,1.0606,4.5373
79.9750,1.1244,4.8057
79.9752,1.1848,5.0593
79.9754,1.2614,5.3683
79.9756,1.3887,5.9242
79.9758,1.2424,5.31
79.9760,1.1715,5.0118
79.9762,1.1106,4.749
79.9764,1.1134,4.7653
79.9766,1.0964,4.7034
79.9768,0.9835,4.2134
79.9770,1.0296,4.4065
79.9772,1.0618,4.5488
79.9774,1.0347,4.4286
79.9776,1.0956,4.6915
79.9778,1.0562,4.5268
79.9780,1.0523,4.5125
79.9782,0.9839,4.2169
79.9784,1.0033,4.2921
79.9786,1.0581,4.5287
79.9788,1.0703,4.5917
79.9790,0.9481,4.0713
79.9792,0.9082,3.9053
79.9794,0.8713,3.743
79.9796,0.8979,3.8556
79.9798,0.9213,3.9505
79.9800,0.9968,4.2844
79.9802,0.8749,3.7567
79.9804,0.8636,3.7118
79.9806,0.8713,3.743
79.9808,0.9451,4.0603
79.9810,0.8894,3.8226
79.9812,0.8851,3.804
79.9814,0.8408,3.6138
79.9816,0.8447,3.6287
79.9818,0.8788,3.7737
79.9820,0.9052,3.887
79.9822,0.9286,3.9893
79.9824,0.8649,3.7192
79.9826,0.8116,3.493
79.9828,0.7738,3.3288
79.9830,0.7496,3.2276
79.9832,0.7259,3.1245
79.9834,0.737,3.169
79.9836,0.7821,3.3613
79.9838,0.7943,3.4218
79.9840,0.7482,3.2235
79.9842,0.7297,3.1405
79.9844,0.7128,3.0691
79.9846,0.6846,2.9505
79.9848,0.69,2.971
79.9850,0.7056,3.0367
79.9852,0.7515,3.2284
79.9854,0.8472,3.6496
79.9856,0.7057,3.0429
79.9858,0.6057,2.6129
79.9860,0.5671,2.4474
79.9862,0.5921,2.5521
79.9864,0.6569,2.8272
79.9866,0.6764,2.9127
79.9868,0.7008,3.0189
79.9870,0.6689,2.8815
79.9872,0.6956,2.9967
79.9874,0.7298,3.1439
79.9876,0.7063,3.0455
79.9878,0.6632,2.8585
79.9880,0.6012,2.5937
79.9882,0.5552,2.3962
79.9884,0.557,2.4006
79.9886,0.6339,2.7306
79.9888,0.6428,2.7745
79.9890,0.5633,2.4325
79.9892,0.5404,2.3336
79.9894,0.54,2.3294
79.9896,0.5432,2.3445
79.9898,0.5407,2.3314
79.9900,0.6108,2.6339
79.9902,0.5667,2.4448
79.9904,0.533,2.2994
79.9906,0.5524,2.3821
79.9908,0.6301,2.7171
79.9910,0.6327,2.728
79.9912,0.5824,2.5125
79.9914,0.5364,2.315
79.9916,0.5365,2.3133
79.9918,0.555,2.3929
79.9920,0.6123,2.6401
79.9922,0.5488,2.3688
79.9924,0.5271,2.2772
79.9926,0.525,2.2647
79.9928,0.5253,2.2663
79.9930,0.5213,2.2508
79.9932,0.5215,2.2487
79.9934,0.5245,2.2606
79.9936,0.5264,2.2709
79.9938,0.5256,2.2684
79.9940,0.5243,2.2627
79.9942,0.5252,2.2647
79.9944,0.5262,2.2699
79.9946,0.5282,2.2787
79.9948,0.5317,2.2916
79.9950,0.602,2.5884
79.9952,0.7028,3.0249
79.9954,0.6833,2.9462
79.9956,0.5993,2.5855
79.9958,0.5478,2.3619
79.9960,0.5956,2.5659
79.9962,0.6602,2.8416
79.9964,0.7052,3.031
79.9966,0.7733,3.3252
79.9968,0.7509,3.2288
79.9970,0.7185,3.091
79.9972,0.6827,2.9409
79.9974,0.6587,2.8376
79.9976,0.6847,2.9469
79.9978,0.6763,2.9108
79.9980,0.7048,3.0308
79.9982,0.7493,3.2236
79.9984,0.7592,3.2629
79.9986,0.7487,3.218
79.9988,0.7309,3.1456
79.9990,0.7056,3.0367
79.9992,0.6842,2.9449
79.9994,0.6807,2.9299
79.9996,0.6835,2.9459
79.9998,0.6564,2.8264
80.0000,0.6577,2.8295
80.0002,0.7044,3.0316
80.0004,0.6268,2.7027
80.0006,0.5377,2.3228
80.0008,0.4957,2.1385
80.0010,0.5439,2.3443
80.0012,0.5352,2.3108
80.0014,0.516,2.228
80.0016,0.4794,2.0701
80.0018,0.4643,2.0039
80.0020,0.5317,2.2937
80.0022,0.5063,2.1861
80.0024,0.4218,1.8241
80.0026,0.392,1.695
80.0028,0.3715,1.6048
80.0030,0.367,1.5864
80.0032,0.3702,1.5999
80.0034,0.3854,1.6665
80.0036,0.3831,1.6558
80.0038,0.3705,1.5999
80.0040,0.3705,1.6007
80.0042,0.37,1.5993
80.0044,0.3901,1.6851
80.0046,0.394,1.7014
80.0048,0.4117,1.7759
80.0050,0.4655,2.0054
80.0052,0.5462,2.3508
80.0054,0.5806,2.4955
80.0056,0.6618,2.8497
80.0058,0.6396,2.7516
80.0060,0.6902,2.9679
80.0062,0.7232,3.1054
80.0064,0.7905,3.3926
80.0066,0.8466,3.6318
80.0068,0.8926,3.824
80.0070,0.9926,4.2485
80.0072,1.0216,4.3727
80.0074,1.0492,4.4865
80.0076,1.0842,4.6384
80.0078,1.132,4.8448
80.0080,1.1134,4.7608
80.0082,1.1065,4.7316
80.0084,1.1171,4.7767
80.0086,1.1408,4.8805
80.0088,1.0823,4.641
80.0090,0.9835,4.2173
80.0092,0.9706,4.1637
80.0094,1.0167,4.3516
80.0096,1.0809,4.6305
80.0098,1.0312,4.4178
80.0100,1.0049,4.3028
80.0102,1.0971,4.6889
80.0104,1.1212,4.8054
80.0106,1.0055,4.3114
80.0108,0.9503,4.0806
80.0110,0.9027,3.8726
80.0112,0.8797,3.7808
80.0114,0.8225,3.5366
80.0116,0.7897,3.3975
80.0118,0.7851,3.3726
80.0120,0.8313,3.5698
80.0122,0.8704,3.7377
80.0124,0.88,3.7824
80.0126,0.8195,3.5188
80.0128,0.8456,3.6345
80.0130,0.8447,3.627
80.0132,0.8855,3.799
80.0134,0.9586,4.1123
80.0136,0.8501,3.662
80.0138,0.6705,2.8887
80.0140,0.6958,2.9963
80.0142,0.6765,2.9105
80.0144,0.7316,3.1458
80.0146,0.7966,3.4221
80.0148,0.81,3.483
80.0150,0.8113,3.4838
80.0152,0.8604,3.6979
80.0154,0.8559,3.6788
80.0156,0.786,3.3783
80.0158,0.7882,3.3892
80.0160,0.7502,3.2257
80.0162,0.7624,3.2768
80.0164,0.7863,3.3841
80.0166,0.7665,3.2958
80.0168,0.702,3.0255
80.0170,0.6408,2.7632
80.0172,0.6481,2.7921
80.0174,0.6327,2.7255
80.0176,0.6502,2.8009
80.0178,0.6191,2.6683
80.0180,0.6261,2.6958
80.0182,0.6258,2.6973
80.0184,0.6322,2.7221
80.0186,0.747,3.2123
80.0188,0.74,3.1878
80.0190,0.5901,2.5504
80.0192,0.5053,2.1819
80.0194,0.499,2.1555
80.0196,0.4156,1.7963
80.0198,0.3975,1.7188
80.0200,0.397,1.716
80.0202,0.4064,1.7564
80.0204,0.4683,2.021
80.0206,0.5504,2.3733
80.0208,0.4992,2.1555
80.0210,0.4492,1.9396
80.0212,0.4474,1.9327
80.0214,0.4644,2.0044
80.0216,0.5192,2.2399
80.0218,0.5082,2.1933
80.0220,0.5178,2.2337
80.0222,0.5277,2.2777
80.0224,0.4577,1.9773
80.0226,0.4518,1.951
80.0228,0.448,1.9344
80.0230,0.4436,1.9153
80.0232,0.4781,2.0634
80.0234,0.4952,2.1374
80.0236,0.4597,1.9833
80.0238,0.4775,2.0618
80.0240,0.4352,1.8799
80.0242,0.4469,1.928
80.0244,0.4719,2.0356
80.0246,0.4681,2.0195
80.0248,0.4461,1.927
80.0250,0.4354,1.8809
80.0252,0.4332,1.8707
80.0254,0.444,1.9173
80.0256,0.4689,2.0245
80.0258,0.4655,2.0091
80.0260,0.5003,2.1542
80.0262,0.5545,2.3887
80.0264,0.5764,2.4844
80.0266,0.574,2.4694
80.0268,0.5819,2.5046
80.0270,0.6138,2.6444
80.0272,0.6034,2.597
80.0274,0.6141,2.6442
80.0276,0.6051,2.6042
80.0278,0.5741,2.4745
80.0280,0.5434,2.3433
80.0282,0.5416,2.3323
80.0284,0.56,2.4124
80.0286,0.5749,2.4776
80.0288,0.5643,2.4299
80.0290,0.5895,2.5395
80.0292,0.5964,2.5683
80.0294,0.6558,2.8239
80.0296,0.5952,2.5595
80.0298,0.6872,2.9564
80.0300,0.7099,3.0539
80.0302,0.674,2.9037
80.0304,0.5986,2.5776
80.0306,0.5931,2.5562
80.0308,0.5782,2.4921
80.0310,0.55,2.3707
80.0312,0.5545,2.3853
80.0314,0.6911,2.9674
80.0316,0.7078,3.0451
80.0318,0.6602,2.8416
80.0320,0.6687,2.8783
80.0322,0.6275,2.7058
80.0324,0.5635,2.4285
80.0326,0.5837,2.5147
80.0328,0.5672,2.4423
80.0330,0.5988,2.5762
80.0332,0.6457,2.7805
80.0334,0.6147,2.6455
80.0336,0.6032,2.596
80.0338,0.6379,2.7482
80.0340,0.5829,2.5111
80.0342,0.5665,2.4403
80.0344,0.5281,2.2782
80.0346,0.4756,2.0516
80.0348,0.4709,2.0314
80.0350,0.4717,2.0351
80.0352,0.4434,1.913
80.0354,0.5197,2.2389
80.0356,0.6358,2.7351
80.0358,0.643,2.7725
80.0360,0.4594,1.9845
80.0362,0.4024,1.7377
80.0364,0.4066,1.755
80.0366,0.4039,1.7406
80.0368,0.4579,1.9719
80.0370,0.5274,2.273
80.0372,0.5356,2.3086
80.0374,0.548,2.3608
80.0376,0.545,2.3489
80.0378,0.4627,1.9981
80.0380,0.4258,1.8369
80.0382,0.4731,2.0389
80.0384,0.51,2.195
80.0386,0.5783,2.4926
80.0388,0.5089,2.1924
80.0390,0.5275,2.2682
80.0392,0.6575,2.8311
80.0394,0.6516,2.8032
80.0396,0.6473,2.7781
80.0398,0.7418,3.1852
80.0400,0.7949,3.4101
80.0402,0.8617,3.6897
80.0404,0.9258,3.9644
80.0406,0.978,4.1878
80.0408,0.9919,4.2493
80.0410,0.9788,4.1914
80.0412,0.9617,4.116
80.0414,0.9818,4.2023
80.0416,0.9794,4.1979
80.0418,0.9216,3.9446
80.0420,0.9763,4.1767
80.0422,1.0393,4.4481
80.0424,1.0781,4.6144
80.0426,1.028,4.404
80.0428,0.9466,4.0533
80.0430,0.9563,4.0987
80.0432,0.9872,4.2333
80.0434,0.8737,3.7498
80.0436,0.8485,3.6451
80.0438,0.8596,3.6862
80.0440,0.88,3.7753
80.0442,0.8535,3.6685
80.0444,0.8291,3.5617
80.0446,0.8251,3.5447
80.0448,0.7551,3.2454
80.0450,0.7596,3.2649
80.0452,0.7908,3.4005
80.0454,0.7828,3.3644
80.0456,0.7915,3.3989
80.0458,0.8257,3.544
80.0460,0.8626,3.699
80.0462,0.8993,3.8564
80.0464,0.9202,3.9477
80.0466,0.9366,4.0219
80.0468,0.9046,3.8826
80.0470,0.8444,3.6327
80.0472,0.739,3.1763
80.0474,0.8313,3.5665
80.0476,0.8782,3.7694
80.0478,0.8642,3.7074
80.0480,0.8353,3.5868
80.0482,0.8517,3.6522
80.0484,0.9391,4.0233
80.0486,0.949,4.0768
80.0488,0.8653,3.7173
80.0490,0.8611,3.6975
80.0492,0.8624,3.6997
80.0494,0.8539,3.6666
80.0496,0.8131,3.4981
80.0498,0.7586,3.2603
80.0500,0.7956,3.4195
80.0502,0.8406,3.6128
80.0504,0.8442,3.6266
80.0506,0.8491,3.6477
80.0508,0.829,3.5612
80.0510,0.8318,3.5719
80.0512,0.8203,3.5274
80.0514,0.7364,3.1708
80.0516,0.7251,3.1194
80.0518,0.7943,3.4139
80.0520,0.7646,3.2891
80.0522,0.6683,2.8816
80.0524,0.5885,2.5354
80.0526,0.6262,2.6963
80.0528,0.6334,2.7286
80.0530,0.6436,2.7763
80.0532,0.5807,2.5053
80.0534,0.5614,2.4198
80.0536,0.5685,2.4502
80.0538,0.5721,2.468
80.0540,0.5786,2.4937
80.0542,0.5734,2.4749
80.0544,0.4978,2.1483
80.0546,0.488,2.1054
80.0548,0.4855,2.0965
80.0550,0.5153,2.2228
80.0552,0.5979,2.5721
80.0554,0.7316,3.1414
80.0556,0.8136,3.4969
80.0558,0.697,3.0043
80.0560,0.5976,2.577
80.0562,0.6003,2.5896
80.0564,0.5502,2.3723
80.0566,0.5344,2.3056
80.0568,0.5337,2.3025
80.0570,0.5338,2.3009
80.0572,0.5952,2.5643
80.0574,0.6181,2.663
80.0576,0.6375,2.7461
80.0578,0.583,2.5151
80.0580,0.5352,2.3087
80.0582,0.528,2.2777
80.0584,0.5509,2.371
80.0586,0.692,2.9798
80.0588,0.6217,2.6822
80.0590,0.5456,2.3515
80.0592,0.5916,2.5512
80.0594,0.5412,2.3324
80.0596,0.54,2.3305
80.0598,0.5349,2.3077
80.0600,0.5319,2.2947
80.0602,0.5227,2.2539
80.0604,0.5209,2.2461
80.0606,0.5276,2.274
80.0608,0.5338,2.303
80.0610,0.5223,2.2523
80.0612,0.5271,2.2719
80.0614,0.528,2.2766
80.0616,0.5244,2.2632
80.0618,0.5289,2.2808
80.0620,0.5233,2.2564
80.0622,0.541,2.3308
80.0624,0.5815,2.5084
80.0626,0.556,2.3932
80.0628,0.6255,2.692
80.0630,0.6781,2.9172
80.0632,0.6948,2.9903
80.0634,0.6432,2.7722
80.0636,0.6317,2.7201
80.0638,0.6357,2.7358
80.0640,0.655,2.8176
80.0642,0.6274,2.7015
80.0644,0.6457,2.7779
80.0646,0.6666,2.8663
80.0648,0.725,3.1145
80.0650,0.7647,3.2866
80.0652,0.7897,3.388
80.0654,0.8315,3.572
80.0656,0.8197,3.5248
80.0658,0.7239,3.1142
80.0660,0.6751,2.9029
80.0662,0.7123,3.0671
80.0664,0.7076,3.0413
80.0666,0.7477,3.2134
80.0668,0.7046,3.034
80.0670,0.708,3.0471
80.0672,0.6895,2.9662
80.0674,0.6927,2.9787
80.0676,0.7093,3.0499
80.0678,0.7209,3.097
80.0680,0.7227,3.1076
80.0682,0.7379,3.1731
80.0684,0.7582,3.2557
80.0686,0.7923,3.4067
80.0688,0.6554,2.8236
80.0690,0.6077,2.6168
80.0692,0.6258,2.6973
80.0694,0.5593,2.4104
80.0696,0.5288,2.2802
80.0698,0.5053,2.1809
80.0700,0.5192,2.2409
80.0702,0.5073,2.1877
80.0704,0.5389,2.3204
80.0706,0.5636,2.4279
80.0708,0.5223,2.2575
80.0710,0.4155,1.7933
80.0712,0.4064,1.7539
80.0714,0.4475,1.9297
80.0716,0.4903,2.1152
80.0718,0.5216,2.2461
80.0720,0.6056,2.6099
80.0722,0.5695,2.451
80.0724,0.6211,2.6746
80.0726,0.6379,2.7444
80.0728,0.7021,3.0176
80.0730,0.762,3.2707
80.0732,0.8206,3.5202
80.0734,0.84,3.6086
80.0736,0.8186,3.5136
80.0738,0.9268,3.9685
80.0740,0.9917,4.2443
80.0742,0.9836,4.2119
80.0744,0.9667,4.1434
80.0746,0.9697,4.1543
80.0748,0.9755,4.1829
80.0750,0.96,4.1165
80.0752,0.9135,3.9116
80.0754,1.0067,4.3166
80.0756,0.9599,4.1103
80.0758,1.0705,4.573
80.0760,1.1206,4.7961
80.0762,1.1016,4.715
80.0764,1.1145,4.7654
80.0766,1.1173,4.7911
80.0768,0.9543,4.0919
80.0770,0.9738,4.1757
80.0772,0.9304,3.9877
80.0774,0.8823,3.7833
80.0776,0.8655,3.7166
80.0778,0.8738,3.7556
80.0780,0.8309,3.5727
80.0782,0.7659,3.2917
80.0784,0.8024,3.4489
80.0786,0.8039,3.4567
80.0788,0.8351,3.5791
80.0790,0.9769,4.1871
80.0792,0.9647,4.1347
80.0794,0.9281,3.9872
80.0796,0.854,3.6774
80.0798,0.755,3.2479
80.0800,0.728,3.1303
80.0802,0.7279,3.1327
80.0804,0.7006,3.017
80.0806,0.6978,2.999
80.0808,0.7445,3.2
80.0810,0.7584,3.2613
80.0812,0.777,3.3443
80.0814,0.7684,3.301
80.0816,0.766,3.2938
80.0818,0.7688,3.3056
80.0820,0.7253,3.1233
80.0822,0.6827,2.9382
80.0824,0.7369,3.167
80.0826,0.7695,3.3118
80.0828,0.7022,3.0223
80.0830,0.7062,3.0393
80.0832,0.7281,3.1323
80.0834,0.7017,3.0188
80.0836,0.7256,3.1229
80.0838,0.6375,2.7487
80.0840,0.6283,2.7056
80.0842,0.6763,2.9149
80.0844,0.6341,2.7317
80.0846,0.624,2.6908
80.0848,0.6003,2.5884
80.0850,0.5928,2.554
80.0852,0.5817,2.5059
80.0854,0.6596,2.8391
80.0856,0.7355,3.1702
80.0858,0.5695,2.4589
80.0860,0.4883,2.1084
80.0862,0.5211,2.2492
80.0864,0.5367,2.3133
80.0866,0.5771,2.4863
80.0868,0.5955,2.5665
80.0870,0.5798,2.5011
80.0872,0.5789,2.494
80.0874,0.5739,2.4724
80.0876,0.6148,2.6485
80.0878,0.6305,2.72
80.0880,0.5475,2.362
80.0882,0.5401,2.3288
80.0884,0.5624,2.4228
80.0886,0.6509,2.8014
80.0888,0.6738,2.9
80.0890,0.6056,2.6099
80.0892,0.597,2.5744
80.0894,0.6137,2.6414
80.0896,0.6882,2.9591
80.0898,0.7293,3.1433
80.0900,0.6124,2.6443
80.0902,0.5008,2.1602
80.0904,0.4719,2.0365
80.0906,0.4728,2.0416
80.0908,0.4638,2.0018
80.0910,0.4513,1.9507
80.0912,0.4494,1.9415
80.0914,0.456,1.9682
80.0916,0.4539,1.958
80.0918,0.4551,1.9622
80.0920,0.501,2.1633
80.0922,0.4559,1.9686
80.0924,0.4522,1.9525
80.0926,0.4516,1.949
80.0928,0.4503,1.9443
80.0930,0.4825,2.0816
80.0932,0.502,2.1644
80.0934,0.5156,2.2244
80.0936,0.4595,1.9841
80.0938,0.4475,1.9323
80.0940,0.4439,1.9168
80.0942,0.4497,1.9426
80.0944,0.4524,1.9527
80.0946,0.4511,1.9479
80.0948,0.4497,1.9417
80.0950,0.4479,1.9321
80.0952,0.4518,1.9483
80.0954,0.4561,1.966
80.0956,0.5433,2.3384
80.0958,0.6157,2.6502
80.0960,0.6377,2.7472
80.0962,0.6275,2.6995
80.0964,0.6982,3.0053
80.0966,0.689,2.9641
80.0968,0.6699,2.8821
80.0970,0.658,2.8318
80.0972,0.6398,2.7539
80.0974,0.6329,2.724
80.0976,0.6726,2.8908
80.0978,0.7806,3.3536
80.0980,0.7995,3.4328
80.0982,0.7971,3.421
80.0984,0.8276,3.5489
80.0986,0.8473,3.6434
80.0988,0.7177,3.0846
80.0990,0.7556,3.2429
80.0992,0.8484,3.6395
80.0994,0.9021,3.8736
80.0996,0.7378,3.1785
80.0998,0.5962,2.5696
80.1000,0.5861,2.5239
80.1002,0.5952,2.5655
80.1004,0.5279,2.2782
80.1006,0.4969,2.1427
80.1008,0.4837,2.0849
80.1010,0.4725,2.0382
80.1012,0.4759,2.0522
80.1014,0.5121,2.2104
80.1016,0.4715,2.0312
80.1018,0.5668,2.4419
80.1020,0.5039,2.1757
80.1022,0.4403,1.9004
80.1024,0.4178,1.8031
80.1026,0.3906,1.688
80.1028,0.3715,1.6056
80.1030,0.374,1.6135
80.1032,0.4191,1.8096
80.1034,0.4007,1.7288
80.1036,0.4696,2.0286
80.1038,0.4075,1.7594
80.1040,0.3766,1.6256
80.1042,0.3806,1.6427
80.1044,0.3971,1.7149
80.1046,0.3955,1.7068
80.1048,0.4055,1.7495
80.1050,0.4589,1.9797
80.1052,0.496,2.1356
80.1054,0.54,2.3272
80.1056,0.5352,2.3066
80.1058,0.5751,2.4718
80.1060,0.6914,2.9703
80.1062,0.7586,3.2573
80.1064,0.7954,3.4137
80.1066,0.8087,3.4709
80.1068,0.8214,3.5238
80.1070,0.8796,3.7715
80.1072,0.8628,3.6995
80.1074,0.8769,3.7567
80.1076,0.9673,4.1421
80.1078,0.9973,4.2705
80.1080,1.0101,4.3214
80.1082,1.1086,4.7403
80.1084,1.0935,4.6801
80.1086,1.026,4.3911
80.1088,1.0287,4.3988
80.1090,1.0706,4.5778
80.1092,1.1026,4.7081
80.1094,1.19,5.0861
80.1096,1.1671,4.9975
80.1098,1.014,4.3439
80.1100,0.9543,4.0919
80.1102,0.9662,4.1394
80.1104,0.992,4.2499
80.1106,0.9357,4.0122
80.1108,0.8893,3.8185
80.1110,0.8206,3.5267
80.1112,0.8126,3.4927
80.1114,0.7841,3.3716
80.1116,0.7588,3.2568
80.1118,0.8533,3.6606
80.1120,0.929,3.9871
80.1122,0.8656,3.7188
80.1124,0.8774,3.764
80.1126,0.9261,3.9692
80.1128,0.9474,4.0663
80.1130,0.8788,3.7737
80.1132,0.9291,3.9839
80.1134,0.952,4.0859
80.1136,0.8752,3.7635
80.1138,0.777,3.3397
80.1140,0.7745,3.3257
80.1142,0.8316,3.5725
80.1144,0.8298,3.5698
80.1146,0.7692,3.3046
80.1148,0.818,3.5127
80.1150,0.8325,3.5816
80.1152,0.7521,3.234
80.1154,0.7528,3.2386
80.1156,0.7429,3.1943
80.1158,0.7593,3.2679
80.1160,0.7498,3.2242
80.1162,0.7178,3.0879
80.1164,0.6896,2.9681
80.1166,0.7056,3.0325
80.1168,0.71,3.053
80.1170,0.7535,3.2371
80.1172,0.8045,3.4593
80.1174,0.75,3.2267
80.1176,0.7737,3.3221
80.1178,0.8337,3.5801
80.1180,0.8077,3.4732
80.1182,0.7415,3.193
80.1184,0.6401,2.7575
80.1186,0.64,2.7595
80.1188,0.5728,2.47
80.1190,0.5643,2.4355
80.1192,0.5613,2.4204
80.1194,0.5697,2.4543
80.1196,0.6315,2.7165
80.1198,0.6653,2.8647
80.1200,0.6092,2.6267
80.1202,0.5684,2.4486
80.1204,0.5848,2.5205
80.1206,0.5962,2.5708
80.1208,0.5926,2.5589
80.1210,0.5008,2.1612
80.1212,0.481,2.0758
80.1214,0.482,2.0815
80.1216,0.484,2.0859
80.1218,0.5933,2.5548
80.1220,0.5919,2.5522
80.1222,0.5401,2.3278
80.1224,0.5588,2.4117
80.1226,0.5211,2.2471
80.1228,0.5892,2.5373
80.1230,0.6379,2.7508
80.1232,0.5651,2.438
80.1234,0.555,2.3896
80.1236,0.6048,2.6068
80.1238,0.5671,2.4429
80.1240,0.615,2.6495
80.1242,0.619,2.6691
80.1244,0.553,2.3847
80.1246,0.5273,2.2756
80.1248,0.5166,2.2275
80.1250,0.527,2.2693
80.1252,0.6054,2.607
80.1254,0.5698,2.4548
80.1256,0.5704,2.4608
80.1258,0.5566,2.398
80.1260,0.6074,2.614
80.1262,0.6831,2.9375
80.1264,0.7245,3.1168
80.1266,0.6882,2.9591
80.1268,0.6635,2.8569
80.1270,0.6818,2.9332
80.1272,0.6909,2.9724
80.1274,0.6836,2.9423
80.1276,0.7092,3.0494
80.1278,0.7656,3.2922
80.1280,0.6666,2.8703
80.1282,0.6213,2.6727
80.1284,0.7026,3.0168
80.1286,0.7587,3.2608
80.1288,0.7905,3.3974
80.1290,0.7596,3.2725
80.1292,0.6485,2.7911
80.1294,0.6383,2.7459
80.1296,0.7032,3.0236
80.1298,0.7459,3.2042
80.1300,0.8005,3.4359
80.1302,0.7961,3.4232
80.1304,0.7842,3.369
80.1306,0.82,3.5242
80.1308,0.7566,3.2536
80.1310,0.7276,3.1302
80.1312,0.7668,3.2928
80.1314,0.789,3.3865
80.1316,0.8084,3.4715
80.1318,0.8451,3.6358
80.1320,0.7638,3.2845
80.1322,0.7116,3.0611
80.1324,0.6767,2.9164
80.1326,0.6222,2.6793
80.1328,0.6602,2.8403
80.1330,0.6713,2.8891
80.1332,0.7112,3.0581
80.1334,0.7208,3.1023
80.1336,0.6124,2.6345
80.1338,0.6239,2.6903
80.1340,0.5968,2.571
80.1342,0.6319,2.7236
80.1344,0.6306,2.7205
80.1346,0.5508,2.376
80.1348,0.5101,2.1985
80.1350,0.5186,2.2342
80.1352,0.5924,2.5519
80.1354,0.5988,2.5822
80.1356,0.5028,2.1721
80.1358,0.409,1.7678
80.1360,0.3965,1.7131
80.1362,0.4461,1.9226
80.1364,0.5145,2.2187
80.1366,0.547,2.3588
80.1368,0.5168,2.2285
80.1370,0.4678,2.0217
80.1372,0.4043,1.7484
80.1374,0.4045,1.7465
80.1376,0.4043,1.7468
80.1378,0.4256,1.8367
80.1380,0.486,2.0956
80.1382,0.5505,2.3694
80.1384,0.6039,2.6003
80.1386,0.6532,2.8073
80.1388,0.7682,3.2985
80.1390,0.7371,3.1784
80.1392,0.5716,2.4602
80.1394,0.6957,2.9902
80.1396,0.8009,3.439
80.1398,0.7897,3.388
80.1400,0.7919,3.402
80.1402,0.8018,3.4367
80.1404,0.929,3.9796
80.1406,0.9582,4.1127
80.1408,0.8724,3.7459
80.1410,0.8517,3.6539
80.1412,0.8812,3.7805
80.1414,0.8438,3.6183
80.1416,0.8479,3.646
80.1418,0.804,3.4508
80.1420,0.8917,3.8217
80.1422,0.9503,4.0711
80.1424,0.9959,4.2683
80.1426,0.9937,4.261
80.1428,0.9436,4.0442
80.1430,0.9637,4.1344
80.1432,0.9257,3.9676
80.1434,0.9402,4.0298
80.1436,0.9526,4.0904
80.1438,0.9356,4.0154
80.1440,0.9003,3.8605
80.1442,0.9508,4.0807
80.1444,0.9028,3.8749
80.1446,0.8808,3.7837
80.1448,0.8387,3.5995
80.1450,0.874,3.7514
80.1452,0.8576,3.686
80.1454,0.859,3.6836
80.1456,0.9502,4.0763
80.1458,0.8889,3.817
80.1460,0.8805,3.7739
80.1462,0.9553,4.0984
80.1464,0.9986,4.2761
80.1466,0.9495,4.0675
80.1468,0.9605,4.1224
80.1470,0.9028,3.8803
80.1472,0.8861,3.8104
80.1474,0.8098,3.4787
80.1476,0.816,3.5088
80.1478,0.8214,3.532
80.1480,0.7762,3.333
80.1482,0.8354,3.5873
80.1484,0.8667,3.7217
80.1486,0.8411,3.6216
80.1488,0.6944,2.9901
80.1490,0.7046,3.0312
80.1492,0.7517,3.2324
80.1494,0.7546,3.2463
80.1496,0.7355,3.1599
80.1498,0.7742,3.3288
80.1500,0.7706,3.3149
80.1502,0.7812,3.3593
80.1504,0.8303,3.5652
80.1506,0.8481,3.647
80.1508,0.7877,3.3903
80.1510,0.7174,3.0864
80.1512,0.7114,3.062
80.1514,0.6999,3.0153
80.1516,0.6303,2.7164
80.1518,0.6301,2.7184
80.1520,0.5903,2.5455
80.1522,0.6024,2.5953
80.1524,0.594,2.5627
80.1526,0.5066,2.1876
80.1528,0.4717,2.0379
80.1530,0.4528,1.9551
80.1532,0.4549,1.9654
80.1534,0.4581,1.9797
80.1536,0.4581,1.9788
80.1538,0.4618,1.9921
80.1540,0.4998,2.1581
80.1542,0.4924,2.126
80.1544,0.4811,2.0773
80.1546,0.4595,1.9841
80.1548,0.4539,1.9598
80.1550,0.4655,2.0082
80.1552,0.5842,2.5168
80.1554,0.657,2.8303
80.1556,0.5667,2.447
80.1558,0.4669,2.0162
80.1560,0.4763,2.0547
80.1562,0.5326,2.2957
80.1564,0.5571,2.4023
80.1566,0.4879,2.1039
80.1568,0.5428,2.3429
80.1570,0.5445,2.348
80.1572,0.5451,2.3516
80.1574,0.4744,2.0483
80.1576,0.4602,1.9882
80.1578,0.4563,1.9692
80.1580,0.4587,1.9787
80.1582,0.5204,2.244
80.1584,0.5638,2.4267
80.1586,0.6096,2.6263
80.1588,0.6578,2.8313
80.1590,0.6602,2.8482
80.1592,0.5025,2.169
80.1594,0.4572,1.9743
80.1596,0.4551,1.965
80.1598,0.4509,1.945
80.1600,0.4516,1.9481
80.1602,0.4666,2.0147
80.1604,0.4788,2.0646
80.1606,0.5287,2.2808
80.1608,0.4597,1.9833
80.1610,0.4579,1.9755
80.1612,0.4599,1.9847
80.1614,0.4588,1.9791
80.1616,0.4523,1.9512
80.1618,0.4704,2.0293
80.1620,0.5314,2.2905
80.1622,0.6082,2.62
80.1624,0.5765,2.4837
80.1626,0.5669,2.4401
80.1628,0.6263,2.6955
80.1630,0.6835,2.9376
80.1632,0.6904,2.9689
80.1634,0.6552,2.8173
80.1636,0.685,2.9457
80.1638,0.686,2.9484
80.1640,0.7271,3.1281
80.1642,0.706,3.0359
80.1644,0.7432,3.1898
80.1646,0.8088,3.4729
80.1648,0.754,3.2452
80.1650,0.6557,2.822
80.1652,0.6938,2.9792
80.1654,0.7647,3.2896
80.1656,0.6799,2.9249
80.1658,0.69,2.9696
80.1660,0.6571,2.8308
80.1662,0.6003,2.5811
80.1664,0.6425,2.7639
80.1666,0.6281,2.7045
80.1668,0.6059,2.6126
80.1670,0.5921,2.552
80.1672,0.5771,2.4839
80.1674,0.5575,2.4049
80.1676,0.5316,2.2921
80.1678,0.5328,2.293
80.1680,0.5377,2.3195
80.1682,0.545,2.3478
80.1684,0.6394,2.7492
80.1686,0.6543,2.8215
80.1688,0.5358,2.3123
80.1690,0.5294,2.2796
80.1692,0.5521,2.3805
80.1694,0.5186,2.2331
80.1696,0.5437,2.3432
80.1698,0.5025,2.167
80.1700,0.5277,2.2734
80.1702,0.5847,2.5176
80.1704,0.6111,2.6373
80.1706,0.4426,1.9111
80.1708,0.4102,1.7705
80.1710,0.4167,1.7992
80.1712,0.417,1.7991
80.1714,0.4525,1.9495
80.1716,0.562,2.4167
80.1718,0.6582,2.8302
80.1720,0.659,2.8391
80.1722,0.5991,2.5772
80.1724,0.6485,2.7871
80.1726,0.7226,3.1056
80.1728,0.7112,3.0595
80.1730,0.7268,3.1178
80.1732,0.7806,3.3488
80.1734,0.8361,3.587
80.1736,0.9334,3.9948
80.1738,1.0014,4.2858
80.1740,0.9619,4.1266
80.1742,0.9116,3.9069
80.1744,0.9608,4.1143
80.1746,0.9594,4.1101
80.1748,0.9575,4.1018
80.1750,0.9655,4.1324
80.1752,1.0054,4.3053
80.1754,1.0749,4.5961
80.1756,1.1012,4.7133
80.1758,1.0498,4.4953
80.1760,1.0232,4.3854
80.1762,0.9777,4.1886
80.1764,0.9559,4.0971
80.1766,0.8714,3.7417
80.1768,0.8771,3.7664
80.1770,0.8776,3.765
80.1772,0.8933,3.8342
80.1774,0.8816,3.789
80.1776,0.8261,3.5438
80.1778,0.8681,3.7243
80.1780,0.8388,3.6
80.1782,0.8607,3.6924
80.1784,0.913,3.9186
80.1786,0.9036,3.8838
80.1788,0.7786,3.3479
80.1790,0.7818,3.3602
80.1792,0.8167,3.5053
80.1794,0.8931,3.8331
80.1796,0.8623,3.7078
80.1798,0.8056,3.4574
80.1800,0.8633,3.7089
80.1802,0.8108,3.4882
80.1804,0.7745,3.3303
80.1806,0.7715,3.3174
80.1808,0.7665,3.2927
80.1810,0.7259,3.1259
80.1812,0.6892,2.9692
80.1814,0.7082,3.0452
80.1816,0.8024,3.4457
80.1818,0.8185,3.5212
80.1820,0.7589,3.2663
80.1822,0.6912,2.9734
80.1824,0.678,2.9207
80.1826,0.6695,2.8787
80.1828,0.7053,3.0356
80.1830,0.6703,2.8836
80.1832,0.7003,3.0126
80.1834,0.7644,3.2885
80.1836,0.7734,3.3241
80.1838,0.7798,3.3499
80.1840,0.7918,3.3967
80.1842,0.8505,3.6572
80.1844,0.734,3.159
80.1846,0.6542,2.8184
80.1848,0.6543,2.8202
80.1850,0.7087,3.0501
80.1852,0.6894,2.9656
80.1854,0.6816,2.9335
80.1856,0.6528,2.8148
80.1858,0.5774,2.4884
80.1860,0.6364,2.7389
80.1862,0.7138,3.0694
80.1864,0.7558,3.2544
80.1866,0.6922,2.9808
80.1868,0.6949,2.9894
80.1870,0.7504,3.2252
80.1872,0.7635,3.2814
80.1874,0.7301,3.1439
80.1876,0.6671,2.871
80.1878,0.6969,2.9981
80.1880,0.7041,3.0333
80.1882,0.6944,2.9887
80.1884,0.7142,3.0724
80.1886,0.6873,2.961
80.1888,0.6485,2.7923
80.1890,0.6564,2.8264
80.1892,0.6482,2.7913
80.1894,0.6431,2.7691
80.1896,0.6505,2.7972
80.1898,0.6874,2.9587
80.1900,0.6456,2.7877
80.1902,0.5489,2.3671
80.1904,0.5537,2.3855
80.1906,0.5529,2.3852
80.1908,0.5507,2.3737
80.1910,0.5956,2.5634
80.1912,0.6501,2.8008
80.1914,0.6386,2.7525
80.1916,0.6409,2.7611
80.1918,0.5974,2.5759
80.1920,0.5483,2.3623
80.1922,0.59,2.5451
80.1924,0.5308,2.29
80.1926,0.5209,2.2471
80.1928,0.52,2.2424
80.1930,0.5259,2.2709
80.1932,0.5258,2.2683
80.1934,0.5272,2.2745
80.1936,0.5236,2.26
80.1938,0.5222,2.2538
80.1940,0.5228,2.2543
80.1942,0.5242,2.2595
80.1944,0.5257,2.2688
80.1946,0.5251,2.2631
80.1948,0.5654,2.4345
80.1950,0.6806,2.9293
80.1952,0.7034,3.0274
80.1954,0.6515,2.8026
80.1956,0.6347,2.7329
80.1958,0.6317,2.72
80.1960,0.6444,2.7722
80.1962,0.6921,2.9761
80.1964,0.7479,3.2144
80.1966,0.7978,3.4256
80.1968,0.813,3.491
80.1970,0.8677,3.724
80.1972,0.8888,3.8146
80.1974,0.752,3.2394
80.1976,0.6253,2.6939
80.1978,0.6198,2.6689
80.1980,0.6711,2.8886
80.1982,0.707,3.0358
80.1984,0.7572,3.2576
80.1986,0.7324,3.1464
80.1988,0.7535,3.2401
80.1990,0.7378,3.1755
80.1992,0.6788,2.9202
80.1994,0.6734,2.9011
80.1996,0.5739,2.4746
80.1998,0.5612,2.4187
80.2000,0.6079,2.6178
80.2002,0.6196,2.6679
80.2004,0.6222,2.6805
80.2006,0.5897,2.5405
80.2008,0.5922,2.5502
80.2010,0.5983,2.5801
80.2012,0.5662,2.4426
80.2014,0.5338,2.2998
80.2016,0.5716,2.4682
80.2018,0.4362,1.8845
80.2020,0.401,1.7322
80.2022,0.4407,1.9028
80.2024,0.4191,1.8113
80.2026,0.3673,1.5867
80.2028,0.3684,1.5921
80.2030,0.3764,1.6268
80.2032,0.3904,1.6882
80.2034,0.3723,1.6084
80.2036,0.3692,1.5949
80.2038,0.3709,1.6029
80.2040,0.3789,1.6354
80.2042,0.3868,1.6703
80.2044,0.3799,1.6418
80.2046,0.3801,1.6428
80.2048,0.4024,1.7368
80.2050,0.4714,2.0288
80.2052,0.6196,2.6629
80.2054,0.6932,2.9807
80.2056,0.6992,3.0051
80.2058,0.7659,3.2871
80.2060,0.8235,3.5346
80.2062,0.8487,3.6427
80.2064,0.8111,3.4811
80.2066,0.862,3.6998
80.2068,0.8882,3.8067
80.2070,0.9048,3.8745
80.2072,0.9739,4.1683
80.2074,0.9727,4.1651
80.2076,0.9722,4.167
80.2078,0.9761,4.1834
80.2080,0.9646,4.1321
80.2082,0.9678,4.1479
80.2084,0.9813,4.208
80.2086,0.9517,4.0696
80.2088,1.0986,4.6977
80.2090,1.0872,4.6489
80.2092,1.0387,4.4475
80.2094,1.0138,4.3453
80.2096,1.0029,4.2965
80.2098,1.0811,4.6206
80.2100,1.1327,4.8455
80.2102,1.0547,4.5227
80.2104,0.9783,4.1951
80.2106,0.9605,4.1185
80.2108,0.9387,4.0249
80.2110,0.9187,3.9377
80.2112,0.9554,4.0988
80.2114,0.9406,4.0332
80.2116,0.9226,3.9597
80.2118,0.8943,3.8365
80.2120,0.8689,3.7326
80.2122,0.801,3.4459
80.2124,0.7671,3.303
80.2126,0.7149,3.0769
80.2128,0.7235,3.1083
80.2130,0.8154,3.5094
80.2132,0.76,3.2664
80.2134,0.7751,3.3314
80.2136,0.7643,3.2896
80.2138,0.6942,2.989
80.2140,0.6776,2.9164
80.2142,0.7557,3.2524
80.2144,0.7608,3.2746
80.2146,0.7184,3.089
80.2148,0.7588,3.2597
80.2150,0.8028,3.4536
80.2152,0.7179,3.087
80.2154,0.7709,3.3133
80.2156,0.8005,3.4454
80.2158,0.7295,3.1384
80.2160,0.7066,3.0399
80.2162,0.6986,3.004
80.2164,0.7034,3.0302
80.2166,0.6419,2.7639
80.2168,0.6753,2.9066
80.2170,0.6554,2.8223
80.2172,0.6246,2.6908
80.2174,0.6844,2.9472
80.2176,0.7034,3.0302
80.2178,0.6254,2.6969
80.2180,0.579,2.4957
80.2182,0.5693,2.4561
80.2184,0.5475,2.3608
80.2186,0.5282,2.2797
80.2188,0.5172,2.2311
80.2190,0.5495,2.3729
80.2192,0.4952,2.1374
80.2194,0.4907,2.1177
80.2196,0.4844,2.0937
80.2198,0.4102,1.7729
80.2200,0.4013,1.7338
80.2202,0.4035,1.7447
80.2204,0.4194,1.8112
80.2206,0.4601,1.9867
80.2208,0.4533,1.9563
80.2210,0.4578,1.9759
80.2212,0.4668,2.0147
80.2214,0.4694,2.0252
80.2216,0.5589,2.4066
80.2218,0.5861,2.5297
80.2220,0.4807,2.0748
80.2222,0.487,2.0997
80.2224,0.5209,2.2492
80.2226,0.4633,1.9997
80.2228,0.4476,1.9337
80.2230,0.4434,1.9147
80.2232,0.4464,1.9268
80.2234,0.4458,1.9224
80.2236,0.4783,2.0635
80.2238,0.4489,1.9385
80.2240,0.4524,1.9526
80.2242,0.4569,1.9709
80.2244,0.448,1.9326
80.2246,0.4525,1.9541
80.2248,0.4449,1.92
80.2250,0.4564,1.9679
80.2252,0.4599,1.9829
80.2254,0.5029,2.1665
80.2256,0.6021,2.5901
80.2258,0.6147,2.6504
80.2260,0.5778,2.4905
80.2262,0.5687,2.4501
80.2264,0.5683,2.448
80.2266,0.5724,2.4673
80.2268,0.5623,2.4222
80.2270,0.587,2.5263
80.2272,0.6187,2.6618
80.2274,0.702,3.0184
80.2276,0.7179,3.0884
80.2278,0.6253,2.6927
80.2280,0.5961,2.5679
80.2282,0.6108,2.629
80.2284,0.6021,2.5937
80.2286,0.5582,2.4024
80.2288,0.5545,2.3875
80.2290,0.5571,2.4011
80.2292,0.5829,2.5087
80.2294,0.6344,2.7294
80.2296,0.6756,2.9022
80.2298,0.725,3.1159
80.2300,0.7504,3.2207
80.2302,0.8165,3.5059
80.2304,0.7338,3.1541
80.2306,0.7234,3.1107
80.2308,0.6946,2.9883
80.2310,0.7145,3.0754
80.2312,0.6588,2.8341
80.2314,0.7283,3.1333
80.2316,0.7278,3.1283
80.2318,0.7344,3.1552
80.2320,0.6799,2.9249
80.2322,0.6316,2.722
80.2324,0.5866,2.5282
80.2326,0.5766,2.4842
80.2328,0.5698,2.4513
80.2330,0.5968,2.571
80.2332,0.5902,2.5437
80.2334,0.5764,2.482
80.2336,0.5655,2.4339
80.2338,0.5655,2.435
80.2340,0.5602,2.4157
80.2342,0.5133,2.2155
80.2344,0.5065,2.184
80.2346,0.447,1.9302
80.2348,0.3919,1.6929
80.2350,0.3889,1.6799
80.2352,0.3988,1.7213
80.2354,0.3911,1.6882
80.2356,0.3895,1.6802
80.2358,0.4299,1.8536
80.2360,0.4898,2.1131
80.2362,0.4402,1.9025
80.2364,0.3925,1.6931
80.2366,0.3998,1.7238
80.2368,0.4529,1.9511
80.2370,0.5206,2.2409
80.2372,0.5413,2.3329
80.2374,0.5245,2.2616
80.2376,0.4619,1.9954
80.2378,0.4185,1.8062
80.2380,0.4649,2.0027
80.2382,0.4974,2.1427
80.2384,0.5927,2.5487
80.2386,0.6591,2.833
80.2388,0.6756,2.9022
80.2390,0.7407,3.179
80.2392,0.7811,3.3556
80.2394,0.79,3.3905
80.2396,0.8325,3.5749
80.2398,0.8171,3.5085
80.2400,0.8289,3.5512
80.2402,0.9089,3.8956
80.2404,0.8626,3.699
80.2406,0.8675,3.7148
80.2408,0.9691,4.1517
80.2410,0.9604,4.1103
80.2412,0.9812,4.1996
80.2414,0.9931,4.2524
80.2416,1.0335,4.4213
80.2418,1.0546,4.5074
80.2420,1.0989,4.6965
80.2422,1.1009,4.7184
80.2424,0.9946,4.2631
80.2426,0.9828,4.2063
80.2428,0.9557,4.1037
80.2430,0.8428,3.6192
80.2432,0.8371,3.5945
80.2434,0.8191,3.5123
80.2436,0.83,3.5674
80.2438,0.8022,3.4462
80.2440,0.8244,3.5382
80.2442,0.8805,3.7756
80.2444,0.9536,4.0911
80.2446,0.8738,3.7468
80.2448,0.897,3.8501
80.2450,0.8444,3.6276
80.2452,0.809,3.4707
80.2454,0.8593,3.6863
80.2456,0.9034,3.8738
80.2458,0.9572,4.1065
80.2460,0.9339,4.0044
80.2462,0.9478,4.064
80.2464,0.8944,3.8388
80.2466,0.8774,3.7675
80.2468,0.8602,3.6938
80.2470,0.8811,3.7834
80.2472,0.883,3.7934
80.2474,0.8196,3.5209
80.2476,0.8108,3.4817
80.2478,0.8409,3.6092
80.2480,0.8593,3.688
80.2482,0.8719,3.742
80.2484,0.9192,3.9453
80.2486,0.9185,3.9441
80.2488,0.8769,3.7689
80.2490,0.8264,3.5486
80.2492,0.8431,3.6202
80.2494,0.8915,3.8264
80.2496,0.8909,3.8185
80.2498,0.8473,3.6416
80.2500,0.7716,3.318
80.2502,0.7735,3.3293
80.2504,0.7567,3.2525
80.2506,0.7546,3.2508
80.2508,0.6107,2.6346
80.2510,0.5726,2.4701
80.2512,0.5898,2.5386
80.2514,0.646,2.7841
80.2516,0.5916,2.5523
80.2518,0.6257,2.6967
80.2520,0.6683,2.8775
80.2522,0.6082,2.6213
80.2524,0.579,2.4968
80.2526,0.57,2.4592
80.2528,0.5811,2.5045
80.2530,0.5829,2.5122
80.2532,0.5995,2.5828
80.2534,0.5879,2.5363
80.2536,0.4944,2.1348
80.2538,0.485,2.0944
80.2540,0.485,2.0934
80.2542,0.5377,2.3185
80.2544,0.532,2.2931
80.2546,0.577,2.4857
80.2548,0.6209,2.6773
80.2550,0.554,2.3877
80.2552,0.5738,2.4718
80.2554,0.6214,2.6781
80.2556,0.5825,2.513
80.2558,0.535,2.3081
80.2560,0.5377,2.3185
80.2562,0.5644,2.4326
80.2564,0.5461,2.3546
80.2566,0.5325,2.2973
80.2568,0.5377,2.3163
80.2570,0.6077,2.6168
80.2572,0.6302,2.7151
80.2574,0.6155,2.6503
80.2576,0.5679,2.4431
80.2578,0.6822,2.9347
80.2580,0.6485,2.7962
80.2582,0.5467,2.3583
80.2584,0.5889,2.5381
80.2586,0.6115,2.6321
80.2588,0.629,2.7087
80.2590,0.6286,2.7104
80.2592,0.5443,2.3469
80.2594,0.5272,2.2724
80.2596,0.5287,2.2797
80.2598,0.5359,2.3107
80.2600,0.5406,2.3319
80.2602,0.526,2.2672
80.2604,0.521,2.2455
80.2606,0.5235,2.2574
80.2608,0.5264,2.2698
80.2610,0.5445,2.3425
80.2612,0.686,2.9471
80.2614,0.6919,2.9778
80.2616,0.651,2.8032
80.2618,0.6511,2.8011
80.2620,0.6955,2.9919
80.2622,0.6582,2.8328
80.2624,0.6778,2.9134
80.2626,0.7304,3.1377
80.2628,0.7856,3.3704
80.2630,0.8211,3.5276
80.2632,0.8118,3.4891
80.2634,0.8336,3.5795
80.2636,0.7717,3.32
80.2638,0.7296,3.136
80.2640,0.7813,3.3644
80.2642,0.6547,2.8179
80.2644,0.6268,2.7001
80.2646,0.6107,2.6321
80.2648,0.6103,2.6293
80.2650,0.6654,2.8598
80.2652,0.6807,2.9298
80.2654,0.6573,2.8292
80.2656,0.6589,2.8359
80.2658,0.6613,2.8423
80.2660,0.709,3.0474
80.2662,0.7528,3.237
80.2664,0.7563,3.2504
80.2666,0.737,3.166
80.2668,0.7515,3.2358
80.2670,0.6169,2.659
80.2672,0.5885,2.5365
80.2674,0.606,2.6083
80.2676,0.7125,3.0623
80.2678,0.7275,3.1238
80.2680,0.78,3.3509
80.2682,0.7837,3.3685
80.2684,0.7853,3.3767
80.2686,0.7216,3.1087
80.2688,0.5704,2.4573
80.2690,0.5542,2.3909
80.2692,0.5844,2.5119
80.2694,0.6967,2.9985
80.2696,0.6078,2.6221
80.2698,0.5296,2.2827
80.2700,0.5293,2.2865
80.2702,0.4105,1.7731
80.2704,0.3946,1.7032
80.2706,0.3971,1.7156
80.2708,0.4055,1.7511
80.2710,0.43,1.8533
80.2712,0.5506,2.371
80.2714,0.5542,2.3865
80.2716,0.6475,2.7869
80.2718,0.6952,2.9895
80.2720,0.7041,3.0291
80.2722,0.6987,3.0017
80.2724,0.7779,3.3417
80.2726,0.7837,3.3669
80.2728,0.8246,3.5376
80.2730,0.8428,3.6175
80.2732,0.8733,3.7482
80.2734,0.883,3.7899
80.2736,0.8484,3.6412
80.2738,0.8338,3.5806
80.2740,0.8216,3.5264
80.2742,0.8204,3.5229
80.2744,0.8401,3.6056
80.2746,0.852,3.6583
80.2748,0.8566,3.6732
80.2750,1.0207,4.3746
80.2752,0.9804,4.2039
80.2754,0.9087,3.8964
80.2756,0.9418,4.0327
80.2758,1.0369,4.4481
80.2760,0.9303,3.9871
80.2762,0.9355,4.0134
80.2764,0.9044,3.8779
80.2766,0.9026,3.8738
80.2768,0.8385,3.6006
80.2770,0.8345,3.5831
80.2772,0.8667,3.7182
80.2774,0.887,3.8033
80.2776,0.9403,4.034
80.2778,0.9328,4.0072
80.2780,0.8181,3.518
80.2782,0.7733,3.3221
80.2784,0.7727,3.3195
80.2786,0.7807,3.3493
80.2788,0.9098,3.9047
80.2790,0.8709,3.7449
80.2792,0.8011,3.4384
80.2794,0.8746,3.7556
80.2796,0.8563,3.6837
80.2798,0.7751,3.336
80.2800,0.728,3.1332
80.2802,0.6711,2.8872
80.2804,0.7,3.0115
80.2806,0.6952,2.9937
80.2808,0.6996,3.0109
80.2810,0.7187,3.0934
80.2812,0.7211,3.1023
80.2814,0.7256,3.1214
80.2816,0.7154,3.079
80.2818,0.7135,3.0707
80.2820,0.7004,3.0145
80.2822,0.6802,2.9332
80.2824,0.5872,2.5332
80.2826,0.5792,2.495
80.2828,0.6454,2.7802
80.2830,0.6829,2.9391
80.2832,0.709,3.0474
80.2834,0.7623,3.2823
80.2836,0.6648,2.8692
80.2838,0.5376,2.3179
80.2840,0.5042,2.1772
80.2842,0.5246,2.2621
80.2844,0.6129,2.6402
80.2846,0.6145,2.6487
80.2848,0.6001,2.5866
80.2850,0.6319,2.7223
80.2852,0.656,2.8222
80.2854,0.6716,2.8893
80.2856,0.6738,2.8986
80.2858,0.736,3.1692
80.2860,0.6631,2.8566
80.2862,0.6018,2.5939
80.2864,0.6228,2.6843
80.2866,0.6135,2.6452
80.2868,0.5548,2.3946
80.2870,0.5041,2.1757
80.2872,0.5082,2.1913
80.2874,0.5099,2.1995
80.2876,0.5584,2.4057
80.2878,0.6193,2.6668
80.2880,0.6186,2.665
80.2882,0.6001,2.5866
80.2884,0.6184,2.664
80.2886,0.5922,2.5537
80.2888,0.5889,2.5333
80.2890,0.644,2.7758
80.2892,0.582,2.5109
80.2894,0.5738,2.4741
80.2896,0.5633,2.4291
80.2898,0.5679,2.4476
80.2900,0.6361,2.7391
80.2902,0.5665,2.4459
80.2904,0.4649,2.0065
80.2906,0.4545,1.9633
80.2908,0.4499,1.9418
80.2910,0.4469,1.9306
80.2912,0.4509,1.9468
80.2914,0.4506,1.9467
80.2916,0.4905,2.1133
80.2918,0.5632,2.4252
80.2920,0.5432,2.3422
80.2922,0.5222,2.2549
80.2924,0.4661,2.0116
80.2926,0.4631,1.9996
80.2928,0.4579,1.9755
80.2930,0.4557,1.9666
80.2932,0.4554,1.9656
80.2934,0.4511,1.9469
80.2936,0.4426,1.9084
80.2938,0.4407,1.9019
80.2940,0.4416,1.9061
80.2942,0.4889,2.108
80.2944,0.5383,2.32
80.2946,0.5582,2.4046
80.2948,0.5582,2.4069
80.2950,0.5487,2.3649
80.2952,0.5498,2.3685
80.2954,0.5518,2.3761
80.2956,0.5957,2.5627
80.2958,0.5914,2.5465
80.2960,0.5657,2.4383
80.2962,0.5661,2.4399
80.2964,0.5952,2.5595
80.2966,0.7529,3.23
80.2968,0.8389,3.5971
80.2970,0.8582,3.6834
80.2972,0.8355,3.5844
80.2974,0.8535,3.6684
80.2976,0.6972,2.9992
80.2978,0.6535,2.814
80.2980,0.6614,2.8428
80.2982,0.6618,2.8483
80.2984,0.644,2.7719
80.2986,0.6563,2.8246
80.2988,0.6644,2.853
80.2990,0.7008,3.0146
80.2992,0.6589,2.8359
80.2994,0.6396,2.7579
80.2996,0.5971,2.5713
80.2998,0.5957,2.5616
80.3000,0.6539,2.8142
80.3002,0.6049,2.6049
80.3004,0.5956,2.5622
80.3006,0.5858,2.5234
80.3008,0.5698,2.4525
80.3010,0.6101,2.6307
80.3012,0.5181,2.2331
80.3014,0.507,2.1871
80.3016,0.5055,2.1809
80.3018,0.5392,2.3187
80.3020,0.6338,2.7331
80.3022,0.506,2.185
80.3024,0.4173,1.801
80.3026,0.4024,1.7376
80.3028,0.3844,1.66
80.3030,0.383,1.6538
80.3032,0.3804,1.6431
80.3034,0.3976,1.7169
80.3036,0.3877,1.6739
80.3038,0.3687,1.5929
80.3040,0.3751,1.6203
80.3042,0.3896,1.6807
80.3044,0.4728,2.034
80.3046,0.6156,2.6471
80.3048,0.7344,3.1552
80.3050,0.7696,3.3061
80.3052,0.7749,3.3241
80.3054,0.8008,3.4352
80.3056,0.8461,3.6263
80.3058,0.872,3.7391
80.3060,0.8857,3.7959
80.3062,0.8816,3.7802
80.3064,0.8648,3.7134
80.3066,0.8888,3.8057
80.3068,0.9767,4.1801
80.3070,0.965,4.1323
80.3072,0.9557,4.0941
80.3074,0.8962,3.8447
80.3076,0.9292,3.9806
80.3078,0.962,4.1233
80.3080,0.8812,3.7787
80.3082,0.9612,4.1101
80.3084,1.0607,4.5356
80.3086,1.1383,4.8583
80.3088,1.1642,4.9711
80.3090,1.1558,4.9422
80.3092,1.0873,4.6603
80.3094,1.0022,4.2954
80.3096,0.9764,4.183
80.3098,0.945,4.0503
80.3100,0.9888,4.2418
80.3102,0.8545,3.6691
80.3104,0.7898,3.3916
80.3106,0.7846,3.3721
80.3108,0.8347,3.5808
80.3110,0.9881,4.2388
80.3112,0.9644,4.1316
80.3114,0.9112,3.9163
80.3116,0.8051,3.4586
80.3118,0.8006,3.4395
80.3120,0.7998,3.4343
80.3122,0.8217,3.5302
80.3124,0.8673,3.7207
80.3126,0.9098,3.9083
80.3128,0.853,3.6629
80.3130,0.8642,3.7108
80.3132,0.84,3.6068
80.3134,0.8026,3.4494
80.3136,0.8348,3.5863
80.3138,0.837,3.5956
80.3140,0.8267,3.548
80.3142,0.8268,3.5502
80.3144,0.8595,3.6942
80.3146,0.8533,3.6606
80.3148,0.8587,3.6889
80.3150,0.8416,3.6174
80.3152,0.8081,3.4747
80.3154,0.7632,3.2819
80.3156,0.7225,3.1109
80.3158,0.7243,3.1157
80.3160,0.7605,3.2685
80.3162,0.725,3.1203
80.3164,0.7239,3.1127
80.3166,0.7801,3.3577
80.3168,0.7162,3.0855
80.3170,0.6391,2.7533
80.3172,0.645,2.7825
80.3174,0.6117,2.6326
80.3176,0.7234,3.1121
80.3178,0.688,2.9655
80.3180,0.6138,2.6468
80.3182,0.5674,2.4455
80.3184,0.5632,2.4297
80.3186,0.5736,2.4747
80.3188,0.5667,2.4402
80.3190,0.6301,2.7158
80.3192,0.6023,2.5995
80.3194,0.5379,2.3216
80.3196,0.5402,2.3293
80.3198,0.5408,2.3308
80.3200,0.5322,2.2936
80.3202,0.5306,2.2879
80.3204,0.531,2.2906
80.3206,0.5382,2.3227
80.3208,0.5584,2.4034
80.3210,0.6633,2.8524
80.3212,0.7255,3.1238
80.3214,0.5931,2.5585
80.3216,0.533,2.3004
80.3218,0.5308,2.289
80.3220,0.5188,2.2383
80.3222,0.5317,2.2926
80.3224,0.5837,2.517
80.3226,0.5537,2.3855
80.3228,0.573,2.4721
80.3230,0.5322,2.2925
80.3232,0.5581,2.4041
80.3234,0.5504,2.3744
80.3236,0.5359,2.3096
80.3238,0.5111,2.2037
80.3240,0.5874,2.5295
80.3242,0.6233,2.6864
80.3244,0.5812,2.5038
80.3246,0.5511,2.3731
80.3248,0.6035,2.5999
80.3250,0.6436,2.7699
80.3252,0.6539,2.8129
80.3254,0.6543,2.8176
80.3256,0.6859,2.9507
80.3258,0.6913,2.9711
80.3260,0.7111,3.0618
80.3262,0.6725,2.8915
80.3264,0.6689,2.8788
80.3266,0.6066,2.6121
80.3268,0.6057,2.6092
80.3270,0.6355,2.7353
80.3272,0.6988,3.0036
80.3274,0.781,3.3519
80.3276,0.7931,3.4102
80.3278,0.7316,3.1443
80.3280,0.7258,3.1195
80.3282,0.7747,3.3283
80.3284,0.7651,3.2901
80.3286,0.7033,3.0269
80.3288,0.7409,3.1845
80.3290,0.8071,3.4641
80.3292,0.8291,3.56
80.3294,0.8327,3.5771
80.3296,0.7516,3.2334
80.3298,0.6938,2.9889
80.3300,0.6695,2.8827
80.3302,0.6558,2.8238
80.3304,0.6729,2.8976
80.3306,0.6936,2.9837
80.3308,0.7165,3.0822
80.3310,0.6516,2.8044
80.3312,0.6377,2.7433
80.3314,0.6755,2.9017
80.3316,0.7788,3.352
80.3318,0.7042,3.0324
80.3320,0.6601,2.8411
80.3322,0.6697,2.8797
80.3324,0.6978,3.0017
80.3326,0.6716,2.8906
80.3328,0.6903,2.9753
80.3330,0.5446,2.3495
80.3332,0.4867,2.1016
80.3334,0.4846,2.0923
80.3336,0.479,2.0685
80.3338,0.474,2.0411
80.3340,0.5479,2.3602
80.3342,0.5284,2.2808
80.3344,0.4762,2.0532
80.3346,0.4789,2.0661
80.3348,0.4675,2.0178
80.3350,0.483,2.0836
80.3352,0.4981,2.1488
80.3354,0.5311,2.29
80.3356,0.5192,2.2388
80.3358,0.4686,2.0234
80.3360,0.395,1.7063
80.3362,0.3961,1.711
80.3364,0.3965,1.7123
80.3366,0.3951,1.7068
80.3368,0.3993,1.7234
80.3370,0.4897,2.1107
80.3372,0.5611,2.4125
80.3374,0.6442,2.775
80.3376,0.6021,2.5877
80.3378,0.7093,3.0498
80.3380,0.6972,2.9978
80.3382,0.6903,2.9628
80.3384,0.7711,3.3113
80.3386,0.7782,3.3463
80.3388,0.7374,3.1695
80.3390,0.78,3.3478
80.3392,0.8406,3.6094
80.3394,0.8163,3.5021
80.3396,0.8473,3.6382
80.3398,0.8307,3.5655
80.3400,0.8759,3.756
80.3402,0.8681,3.7296
80.3404,0.8367,3.5912
80.3406,0.8721,3.7466
80.3408,0.8052,3.4559
80.3410,0.8023,3.4435
80.3412,0.8032,3.4503
80.3414,0.8373,3.5921
80.3416,0.9156,3.9226
80.3418,0.9613,4.1163
80.3420,0.9756,4.1794
80.3422,0.9896,4.2435
80.3424,0.9269,3.969
80.3426,1.0116,4.3396
80.3428,0.904,3.8782
80.3430,0.8538,3.666
80.3432,0.8451,3.6306
80.3434,0.8281,3.5575
80.3436,0.8379,3.593
80.3438,0.8904,3.8218
80.3440,0.8667,3.7199
80.3442,0.8882,3.8138
80.3444,0.8747,3.7561
80.3446,0.9054,3.8843
80.3448,0.9541,4.0894
80.3450,0.9737,4.1751
80.3452,0.9917,4.2522
80.3454,0.9361,4.016
80.3456,0.9604,4.1199
80.3458,0.9271,3.9756
80.3460,0.9456,4.0585
80.3462,0.8835,3.7955
80.3464,0.88,3.7805
80.3466,0.8966,3.8427
80.3468,0.9583,4.1112
80.3470,0.9361,4.016
80.3472,0.911,3.9134
80.3474,0.8156,3.5023
80.3476,0.8312,3.5676
80.3478,0.8764,3.7651
80.3480,0.8151,3.51
80.3482,0.7249,3.1154
80.3484,0.8036,3.4572
80.3486,0.7229,3.1115
80.3488,0.7348,3.1611
80.3490,0.7313,3.1476
80.3492,0.7558,3.2484
80.3494,0.7603,3.2741
80.3496,0.6874,2.9629
80.3498,0.6265,2.6991
80.3500,0.6613,2.8462
80.3502,0.6829,2.9432
80.3504,0.6278,2.706
80.3506,0.6316,2.7233
80.3508,0.5952,2.5714
80.3510,0.5102,2.2041
80.3512,0.4855,2.0964
80.3514,0.4724,2.0391
80.3516,0.4822,2.0819
80.3518,0.4842,2.0888
80.3520,0.5031,2.1705
80.3522,0.5129,2.2124
80.3524,0.5402,2.3282
80.3526,0.4973,2.1492
80.3528,0.4209,1.8191
80.3530,0.4552,1.9645
80.3532,0.4648,2.0059
80.3534,0.4554,1.9665
80.3536,0.4596,1.9846
80.3538,0.457,1.9732
80.3540,0.47,2.0268
80.3542,0.5172,2.2321
80.3544,0.4666,2.0165
80.3546,0.4427,1.9125
80.3548,0.4477,1.9325
80.3550,0.445,1.9214
80.3552,0.4552,1.9645
80.3554,0.4488,1.9362
80.3556,0.4475,1.9305
80.3558,0.4485,1.9347
80.3560,0.4537,1.9601
80.3562,0.4511,1.9469
80.3564,0.4476,1.9328
80.3566,0.4495,1.9411
80.3568,0.45,1.9423
80.3570,0.457,1.9705
80.3572,0.5025,2.1649
80.3574,0.5716,2.4579
80.3576,0.6579,2.8357
80.3578,0.5955,2.5653
80.3580,0.5282,2.2776
80.3582,0.5114,2.2083
80.3584,0.4679,2.0203
80.3586,0.4636,1.998
80.3588,0.5258,2.2673
80.3590,0.5475,2.3576
80.3592,0.5843,2.5172
80.3594,0.551,2.3725
80.3596,0.5747,2.4794
80.3598,0.4904,2.1147
80.3600,0.509,2.1928
80.3602,0.5413,2.3307
80.3604,0.577,2.4869
80.3606,0.5506,2.3721
80.3608,0.5551,2.3879
80.3610,0.584,2.5157
80.3612,0.5645,2.4331
80.3614,0.5639,2.4272
80.3616,0.5565,2.3952
80.3618,0.6083,2.6169
80.3620,0.6513,2.7982
80.3622,0.7719,3.3128
80.3624,0.8362,3.5858
80.3626,0.8642,3.7074
80.3628,0.8295,3.5687
80.3630,0.6782,2.9204
80.3632,0.5714,2.4637
80.3634,0.529,2.2823
80.3636,0.5076,2.1877
80.3638,0.5336,2.2966
80.3640,0.6186,2.6637
80.3642,0.5998,2.5815
80.3644,0.6196,2.6704
80.3646,0.5931,2.5526
80.3648,0.5898,2.5386
80.3650,0.5894,2.5401
80.3652,0.6163,2.6527
80.3654,0.6799,2.9235
80.3656,0.683,2.9369
80.3658,0.6903,2.9684
80.3660,0.6782,2.9163
80.3662,0.6968,3.0004
80.3664,0.6515,2.8026
80.3666,0.6618,2.8496
80.3668,0.6015,2.5887
80.3670,0.645,2.7722
80.3672,0.6723,2.891
80.3674,0.6861,2.9558
80.3676,0.591,2.5462
80.3678,0.6177,2.6584
80.3680,0.6358,2.735
80.3682,0.5582,2.408
80.3684,0.4838,2.0902
80.3686,0.4271,1.8443
80.3688,0.3997,1.7241
80.3690,0.4082,1.7617
80.3692,0.4048,1.748
80.3694,0.3947,1.7037
80.3696,0.3965,1.7115
80.3698,0.3962,1.7107
80.3700,0.4034,1.7418
80.3702,0.4108,1.7698
80.3704,0.5051,2.1758
80.3706,0.5829,2.5075
80.3708,0.598,2.5737
80.3710,0.6072,2.6147
80.3712,0.5795,2.4966
80.3714,0.6061,2.6028
80.3716,0.7326,3.1475
80.3718,0.734,3.1546
80.3720,0.7119,3.0569
80.3722,0.7684,3.2994
80.3724,0.7798,3.3468
80.3726,0.7991,3.4248
80.3728,0.9161,3.9246
80.3730,0.948,4.0669
80.3732,0.9193,3.9403
80.3734,0.9416,4.0321
80.3736,0.9815,4.2026
80.3738,0.9506,4.0706
80.3740,1.0122,4.33
80.3742,1.0204,4.3715
80.3744,0.9716,4.1605
80.3746,0.9819,4.2066
80.3748,0.9824,4.2087
80.3750,0.9939,4.2659
80.3752,0.889,3.8121
80.3754,0.8886,3.8105
80.3756,0.8746,3.7521
80.3758,0.8723,3.7458
80.3760,0.8397,3.6058
80.3762,0.8444,3.6225
80.3764,0.8487,3.6444
80.3766,0.8575,3.6786
80.3768,0.9159,3.9218
80.3770,0.9572,4.1104
80.3772,0.7922,3.4098
80.3774,0.7183,3.0885
80.3776,0.7765,3.3329
80.3778,0.8275,3.5566
80.3780,0.8072,3.4662
80.3782,0.8563,3.6751
80.3784,0.9017,3.8648
80.3786,0.9094,3.9049
80.3788,0.7956,3.4179
80.3790,0.7391,3.1812
80.3792,0.7113,3.0629
80.3794,0.6464,2.7835
80.3796,0.6473,2.7871
80.3798,0.6747,2.9013
80.3800,0.7219,3.104
80.3802,0.759,3.2608
80.3804,0.7548,3.2427
80.3806,0.752,3.2334
80.3808,0.7841,3.3716
80.3810,0.7746,3.3293
80.3812,0.7906,3.3947
80.3814,0.7973,3.4331
80.3816,0.6801,2.9286
80.3818,0.6784,2.9133
80.3820,0.7906,3.3931
80.3822,0.8797,3.7808
80.3824,0.796,3.4258
80.3826,0.7179,3.0913
80.3828,0.7267,3.1275
80.3830,0.6583,2.8373
80.3832,0.6021,2.5949
80.3834,0.5862,2.522
80.3836,0.721,3.1018
80.3838,0.73,3.1405
80.3840,0.7024,3.0261
80.3842,0.6314,2.724
80.3844,0.5522,2.3799
80.3846,0.5711,2.4616
80.3848,0.5823,2.5096
80.3850,0.6076,2.6162
80.3852,0.6783,2.9195
80.3854,0.6218,2.6777
80.3856,0.6136,2.6457
80.3858,0.6054,2.6082
80.3860,0.678,2.918
80.3862,0.6814,2.9302
80.3864,0.6973,2.9997
80.3866,0.7274,3.1291
80.3868,0.7288,3.1324
80.3870,0.7557,3.2479
80.3872,0.7723,3.3195
80.3874,0.8133,3.4974
80.3876,0.7583,3.2592
80.3878,0.7273,3.1301
80.3880,0.7178,3.0893
80.3882,0.6653,2.8659
80.3884,0.5678,2.4471
80.3886,0.5883,2.5366
80.3888,0.5811,2.5068
80.3890,0.5735,2.4719
80.3892,0.5511,2.3753
80.3894,0.541,2.334
80.3896,0.5407,2.3314
80.3898,0.5434,2.3422
80.3900,0.544,2.3437
80.3902,0.6793,2.9169
80.3904,0.7275,3.1355
80.3906,0.5521,2.3816
80.3908,0.529,2.2823
80.3910,0.5282,2.2776
80.3912,0.5288,2.2812
80.3914,0.524,2.2606
80.3916,0.5246,2.26
80.3918,0.5257,2.2667
80.3920,0.5229,2.2559
80.3922,0.5229,2.2559
80.3924,0.5257,2.2678
80.3926,0.5228,2.2533
80.3928,0.5282,2.2776
80.3930,0.5709,2.4582
80.3932,0.6065,2.6104
80.3934,0.64,2.7505
80.3936,0.7325,3.1469
80.3938,0.8027,3.4515
80.3940,0.7476,3.2178
80.3942,0.6633,2.8537
80.3944,0.6446,2.7758
80.3946,0.632,2.7216
80.3948,0.6359,2.7368
80.3950,0.684,2.9397
80.3952,0.747,3.2048
80.3954,0.807,3.4636
80.3956,0.8107,3.486
80.3958,0.7515,3.2404
80.3960,0.6313,2.7185
80.3962,0.6156,2.6508
80.3964,0.6124,2.6381
80.3966,0.6161,2.6541
80.3968,0.5997,2.5798
80.3970,0.6844,2.9376
80.3972,0.799,3.4307
80.3974,0.8359,3.5943
80.3976,0.7302,3.1415
80.3978,0.6936,2.9823
80.3980,0.7288,3.1368
80.3982,0.7148,3.0693
80.3984,0.7514,3.2338
80.3986,0.7023,3.0199
80.3988,0.7686,3.2958
80.3990,0.848,3.6464
80.3992,0.7871,3.3829
80.3994,0.7709,3.3164
80.3996,0.7013,3.0158
80.3998,0.7486,3.2175
80.4000,0.7476,3.2148
80.4002,0.6937,2.9828
80.4004,0.7166,3.0827
80.4006,0.6864,2.961
80.4008,0.53,2.2864
80.4010,0.4691,2.0265
80.4012,0.4573,1.9757
80.4014,0.4595,1.9823
80.4016,0.4911,2.1198
80.4018,0.5036,2.1706
80.4020,0.5295,2.2833
80.4022,0.4786,2.0664
80.4024,0.3915,1.6921
80.4026,0.3854,1.6641
80.4028,0.3911,1.689
80.4030,0.3953,1.7071
80.4032,0.4639,2.0023
80.4034,0.4585,1.9772
80.4036,0.5198,2.2404
80.4038,0.5618,2.4179
80.4040,0.6046,2.6033
80.4042,0.6233,2.6814
80.4044,0.6745,2.903
80.4046,0.6862,2.9481
80.4048,0.7111,3.0561
80.4050,0.7328,3.1509
80.4052,0.7105,3.0522
80.4054,0.7729,3.3174
80.4056,0.8365,3.5919
80.4058,0.8234,3.5308
80.4060,0.8593,3.6897
80.4062,0.8532,3.6566
80.4064,0.8884,3.8131
80.4066,0.8563,3.6734
80.4068,0.8494,3.6441
80.4070,0.8546,3.6662
80.4072,0.9247,3.9616
80.4074,0.9641,4.1301
80.4076,0.9675,4.143
80.4078,0.9887,4.2374
80.4080,0.9408,4.0342
80.4082,0.9295,3.9821
80.4084,0.9991,4.2821
80.4086,1.0035,4.2911
80.4088,1.1484,4.9127
80.4090,1.1457,4.9083
80.4092,0.9946,4.2651
80.4094,0.9486,4.0638
80.4096,0.8386,3.6028
80.4098,0.8281,3.5625
80.4100,0.8151,3.5019
80.4102,0.8414,3.613
80.4104,0.8362,3.5975
80.4106,0.7466,3.2132
80.4108,0.7203,3.0987
80.4110,0.7195,3.0951
80.4112,0.7265,3.127
80.4114,0.7048,3.0294
80.4116,0.7446,3.2049
80.4118,0.734,3.1561
80.4120,0.7335,3.1525
80.4122,0.7376,3.173
80.4124,0.7849,3.3673
80.4126,0.8576,3.6808
80.4128,0.7968,3.4262
80.4130,0.7828,3.3596
80.4132,0.8282,3.5613
80.4134,0.7981,3.4303
80.4136,0.7849,3.3752
80.4138,0.7756,3.3288
80.4140,0.8281,3.5625
80.4142,0.7256,3.1214
80.4144,0.701,3.0171
80.4146,0.7223,3.1075
80.4148,0.722,3.1059
80.4150,0.7612,3.2761
80.4152,0.7463,3.2181
80.4154,0.5787,2.4941
80.4156,0.5667,2.4424
80.4158,0.5787,2.4941
80.4160,0.5896,2.54
80.4162,0.6454,2.7841
80.4164,0.5498,2.3707
80.4166,0.5613,2.4226
80.4168,0.5292,2.2828
80.4170,0.6408,2.7567
80.4172,0.7013,3.02
80.4174,0.6517,2.8089
80.4176,0.5612,2.4187
80.4178,0.5558,2.3943
80.4180,0.6295,2.712
80.4182,0.6601,2.8437
80.4184,0.6269,2.6994
80.4186,0.65,2.8016
80.4188,0.6352,2.7337
80.4190,0.6758,2.91
80.4192,0.6204,2.6715
80.4194,0.5885,2.5377
80.4196,0.5017,2.1653
80.4198,0.5625,2.4232
80.4200,0.6033,2.6025
80.4202,0.5045,2.1762
80.4204,0.4998,2.1591
80.4206,0.4385,1.8952
80.4208,0.3998,1.727
80.4210,0.3965,1.7131
80.4212,0.3969,1.7138
80.4214,0.4446,1.9199
80.4216,0.4554,1.9674
80.4218,0.4503,1.9433
80.4220,0.4614,1.9924
80.4222,0.4404,1.9009
80.4224,0.4611,1.9881
80.4226,0.4776,2.0604
80.4228,0.5244,2.2621
80.4230,0.4765,2.0567
80.4232,0.4781,2.0624
80.4234,0.5334,2.2977
80.4236,0.576,2.4828
80.4238,0.5702,2.4563
80.4240,0.554,2.3866
80.4242,0.5801,2.4992
80.4244,0.5852,2.522
80.4246,0.5873,2.529
80.4248,0.5865,2.5254
80.4250,0.6033,2.6001
80.4252,0.6403,2.7559
80.4254,0.6745,2.903
80.4256,0.5976,2.5746
80.4258,0.5753,2.4797
80.4260,0.5739,2.4712
80.4262,0.6217,2.6747
80.4264,0.6529,2.8114
80.4266,0.5939,2.5598
80.4268,0.5691,2.4528
80.4270,0.5653,2.434
80.4272,0.5748,2.4776
80.4274,0.573,2.4698
80.4276,0.5663,2.4386
80.4278,0.6178,2.6577
80.4280,0.7476,3.2118
80.4282,0.7915,3.3988
80.4284,0.8216,3.5215
80.4286,0.8938,3.838
80.4288,0.8346,3.582
80.4290,0.8617,3.7035
80.4292,0.7048,3.0322
80.4294,0.6407,2.7588
80.4296,0.6683,2.8748
80.4298,0.7355,3.1613
80.4300,0.6948,2.9944
80.4302,0.556,2.3976
80.4304,0.5365,2.3122
80.4306,0.5337,2.2993
80.4308,0.5256,2.2652
80.4310,0.5313,2.29
80.4312,0.5332,2.2993
80.4314,0.5364,2.3106
80.4316,0.5388,2.3231
80.4318,0.5024,2.1684
80.4320,0.5077,2.1882
80.4322,0.5597,2.4125
80.4324,0.5117,2.2073
80.4326,0.5047,2.1773
80.4328,0.5018,2.1649
80.4330,0.5043,2.1737
80.4332,0.5209,2.2429
80.4334,0.5618,2.4224
80.4336,0.5727,2.4683
80.4338,0.5615,2.4169
80.4340,0.6257,2.693
80.4342,0.5843,2.5196
80.4344,0.5599,2.413
80.4346,0.5324,2.2957
80.4348,0.5167,2.228
80.4350,0.5142,2.2202
80.4352,0.4113,1.7759
80.4354,0.4349,1.8762
80.4356,0.4387,1.8954
80.4358,0.4017,1.7329
80.4360,0.4057,1.7516
80.4362,0.406,1.7515
80.4364,0.4994,2.1495
80.4366,0.563,2.4264
80.4368,0.5192,2.2378
80.4370,0.5545,2.3842
80.4372,0.6817,2.9258
80.4374,0.7542,3.2387
80.4376,0.7629,3.2788
80.4378,0.6998,3.0063
80.4380,0.7358,3.1608
80.4382,0.7789,3.3432
80.4384,0.8348,3.5813
80.4386,0.8744,3.7511
80.4388,0.8883,3.8054
80.4390,0.8767,3.7609
80.4392,0.8841,3.7875
80.4394,0.9726,4.1646
80.4396,0.9825,4.2072
80.4398,0.9756,4.1814
80.4400,0.9535,4.0906
80.4402,0.9303,3.9852
80.4404,1.0265,4.3936
80.4406,1.0442,4.4711
80.4408,1.015,4.3423
80.4410,1.0698,4.5789
80.4412,1.0605,4.5495
80.4414,0.9185,3.9386
80.4416,0.8937,3.8375
80.4418,0.8315,3.5703
80.4420,0.815,3.4965
80.4422,0.8187,3.519
80.4424,0.8173,3.5079
80.4426,0.825,3.5392
80.4428,0.8867,3.8023
80.4430,0.8912,3.8249
80.4432,0.8615,3.6995
80.4434,0.7844,3.3669
80.4436,0.7933,3.4113
80.4438,0.8267,3.548
80.4440,0.8799,3.773
80.4442,0.8975,3.8522
80.4444,0.8672,3.722
80.4446,0.8933,3.8342
80.4448,0.9066,3.8895
80.4450,0.8901,3.8185
80.4452,0.8592,3.6892
80.4454,0.8553,3.6727
80.4456,0.8763,3.7593
80.4458,0.8837,3.7965
80.4460,0.7955,3.4206
80.4462,0.8124,3.49
80.4464,0.8401,3.6073
80.4466,0.8544,3.6737
80.4468,0.8358,3.5821
80.4470,0.9714,4.1614
80.4472,0.9578,4.111
80.4474,0.8715,3.7405
80.4476,0.8657,3.721
80.4478,0.8666,3.7194
80.4480,0.9128,3.923
80.4482,0.845,3.6318
80.4484,0.853,3.6646
80.4486,0.8155,3.5083
80.4488,0.7313,3.1462
80.4490,0.719,3.0945
80.4492,0.7192,3.0955
80.4494,0.7166,3.0813
80.4496,0.7221,3.105
80.4498,0.7908,3.4005
80.4500,0.7823,3.3654
80.4502,0.7207,3.1003
80.4504,0.7082,3.0494
80.4506,0.6195,2.6698
80.4508,0.6041,2.6049
80.4510,0.6089,2.6256
80.4512,0.6189,2.666
80.4514,0.6095,2.6269
80.4516,0.5453,2.3526
80.4518,0.5106,2.2047
80.4520,0.5077,2.1882
80.4522,0.551,2.3758
80.4524,0.5593,2.4126
80.4526,0.5517,2.38
80.4528,0.5591,2.4088
80.4530,0.6656,2.8622
80.4532,0.7536,3.2406
80.4534,0.7199,3.0986
80.4536,0.6289,2.7107
80.4538,0.583,2.5104
80.4540,0.6115,2.637
80.4542,0.5729,2.4716
80.4544,0.5724,2.4695
80.4546,0.5675,2.4461
80.4548,0.5678,2.4482
80.4550,0.5647,2.4337
80.4552,0.5626,2.4249
80.4554,0.5545,2.3897
80.4556,0.5553,2.3956
80.4558,0.5511,2.3775
80.4560,0.5546,2.3902
80.4562,0.5551,2.3934
80.4564,0.6283,2.7018
80.4566,0.7921,3.4014
80.4568,0.7949,3.4196
80.4570,0.6871,2.9586
80.4572,0.688,2.9599
80.4574,0.6943,2.9923
80.4576,0.6481,2.7908
80.4578,0.6258,2.696
80.4580,0.6376,2.7466
80.4582,0.6238,2.6909
80.4584,0.5542,2.3876
80.4586,0.5603,2.4162
80.4588,0.5818,2.5064
80.4590,0.6409,2.7585
80.4592,0.6788,2.9202
80.4594,0.7392,3.1832
80.4596,0.6755,2.9058
80.4598,0.7791,3.3499
80.4600,0.7234,3.1136
80.4602,0.6379,2.7482
80.4604,0.6324,2.7244
80.4606,0.6348,2.7347
80.4608,0.6474,2.7838
80.4610,0.6997,3.0086
80.4612,0.7292,3.1325
80.4614,0.8402,3.6062
80.4616,0.8395,3.6131
80.4618,0.7488,3.2185
80.4620,0.7599,3.2629
80.4622,0.8021,3.4489
80.4624,0.7165,3.0879
80.4626,0.6192,2.6676
80.4628,0.6029,2.5985
80.4630,0.6162,2.651
80.4632,0.7761,3.3324
80.4634,0.7856,3.3736
80.4636,0.7854,3.3773
80.4638,0.7348,3.1597
80.4640,0.7267,3.1231
80.4642,0.788,3.3902
80.4644,0.7731,3.3272
80.4646,0.7112,3.0595
80.4648,0.6883,2.9624
80.4650,0.6703,2.8863
80.4652,0.6647,2.858
80.4654,0.631,2.7232
80.4656,0.55,2.3728
80.4658,0.5789,2.4928
80.4660,0.6225,2.6803
80.4662,0.6525,2.8099
80.4664,0.6996,3.0081
80.4666,0.75,3.2251
80.4668,0.7222,3.1113
80.4670,0.6211,2.6721
80.4672,0.7358,3.1638
80.4674,0.748,3.2239
80.4676,0.6195,2.6698
80.4678,0.553,2.3824
80.4680,0.6495,2.7944
80.4682,0.7173,3.0844
80.4684,0.7,3.0171
80.4686,0.5685,2.4502
80.4688,0.575,2.4758
80.4690,0.5461,2.3601
80.4692,0.4118,1.7805
80.4694,0.409,1.7637
80.4696,0.5403,2.3277
80.4698,0.5637,2.4306
80.4700,0.4963,2.1411
80.4702,0.5093,2.1959
80.4704,0.5457,2.3509
80.4706,0.6063,2.6118
80.4708,0.5932,2.5578
80.4710,0.5699,2.4564
80.4712,0.6228,2.6756
80.4714,0.7191,3.0921
80.4716,0.7655,3.2901
80.4718,0.7655,3.2871
80.4720,0.7963,3.4194
80.4722,0.8612,3.6979
80.4724,0.8686,3.7264
80.4726,0.8546,3.6611
80.4728,0.956,4.0976
80.4730,0.9681,4.1514
80.4732,0.9693,4.1546
80.4734,0.9759,4.1751
80.4736,1.09,4.6651
80.4738,1.1185,4.7872
80.4740,1.1054,4.7291
80.4742,1.1209,4.7953
80.4744,1.1426,4.8904
80.4746,1.0622,4.5545
80.4748,0.9217,3.9561
80.4750,0.8892,3.8167
80.4752,0.9,3.8648
80.4754,0.9202,3.9494
80.4756,0.8636,3.7117
80.4758,0.8184,3.5158
80.4760,0.8294,3.5598
80.4762,0.8761,3.7635
80.4764,0.8631,3.7045
80.4766,0.8907,3.8211
80.4768,0.9023,3.8709
80.4770,0.8915,3.8336
80.4772,0.8487,3.6427
80.4774,0.8934,3.8329
80.4776,0.9101,3.9026
80.4778,0.9023,3.8782
80.4780,0.8191,3.5189
80.4782,0.8439,3.6289
80.4784,0.7757,3.3386
80.4786,0.7512,3.2333
80.4788,0.7657,3.2927
80.4790,0.797,3.4273
80.4792,0.7913,3.4057
80.4794,0.7403,3.1804
80.4796,0.7984,3.4329
80.4798,0.7864,3.3829
80.4800,0.7879,3.3928
80.4802,0.7502,3.2227
80.4804,0.8231,3.5408
80.4806,0.7271,3.1368
80.4808,0.6042,2.6018
80.4810,0.6364,2.7427
80.4812,0.6195,2.6674
80.4814,0.6918,2.9773
80.4816,0.728,3.1346
80.4818,0.6603,2.8461
80.4820,0.6185,2.6632
80.4822,0.6759,2.9119
80.4824,0.7274,3.1364
80.4826,0.5973,2.5778
80.4828,0.4807,2.0748
80.4830,0.4838,2.0902
80.4832,0.4877,2.1077
80.4834,0.4945,2.1333
80.4836,0.547,2.3588
80.4838,0.5964,2.5706
80.4840,0.5992,2.5825
80.4842,0.6325,2.7249
80.4844,0.6466,2.7815
80.4846,0.6834,2.9412
80.4848,0.7081,3.0475
80.4850,0.6997,3.017
80.4852,0.6325,2.7274
80.4854,0.6191,2.6633
80.4856,0.6612,2.8497
80.4858,0.5714,2.4672
80.4860,0.543,2.3401
80.4862,0.5716,2.4625
80.4864,0.6498,2.7993
80.4866,0.6033,2.6001
80.4868,0.5745,2.4795
80.4870,0.5672,2.4468
80.4872,0.5673,2.445
80.4874,0.5939,2.5586
80.4876,0.6144,2.6469
80.4878,0.6082,2.6225
80.4880,0.5093,2.1979
80.4882,0.4696,2.0276
80.4884,0.4716,2.0364
80.4886,0.492,2.1244
80.4888,0.4626,1.9957
80.4890,0.4529,1.9556
80.4892,0.4548,1.9621
80.4894,0.5052,2.1793
80.4896,0.4593,1.9821
80.4898,0.4473,1.9313
80.4900,0.4638,2.0009
80.4902,0.4997,2.1575
80.4904,0.4546,1.961
80.4906,0.4686,2.0197
80.4908,0.5147,2.2192
80.4910,0.4812,2.0759
80.4912,0.4479,1.9339
80.4914,0.4479,1.9339
80.4916,0.4462,1.9257
80.4918,0.4437,1.9157
80.4920,0.4456,1.9231
80.4922,0.4449,1.92
80.4924,0.4471,1.9299
80.4926,0.4818,2.0765
80.4928,0.5223,2.2502
80.4930,0.5832,2.5126
80.4932,0.5588,2.4083
80.4934,0.562,2.4223
80.4936,0.5729,2.4693
80.4938,0.5649,2.4358
80.4940,0.5609,2.4176
80.4942,0.5665,2.4391
80.4944,0.5808,2.4999
80.4946,0.5974,2.5712
80.4948,0.6663,2.8652
80.4950,0.7163,3.0788
80.4952,0.7734,3.3226
80.4954,0.8012,3.4437
80.4956,0.7509,3.2288
80.4958,0.6726,2.8961
80.4960,0.5891,2.5356
80.4962,0.6522,2.8083
80.4964,0.6312,2.718
80.4966,0.6025,2.5934
80.4968,0.6454,2.7763
80.4970,0.6674,2.8739
80.4972,0.6329,2.7227
80.4974,0.6617,2.8478
80.4976,0.6431,2.7652
80.4978,0.6637,2.8579
80.4980,0.5993,2.5806
80.4982,0.5766,2.4888
80.4984,0.4836,2.0853
80.4986,0.4872,2.1008
80.4988,0.5075,2.1882
80.4990,0.5501,2.3711
80.4992,0.5294,2.2828
80.4994,0.524,2.2595
80.4996,0.5588,2.4095
80.4998,0.5241,2.26
80.5000,0.5148,2.2187
80.5002,0.4824,2.083
80.5004,0.4296,1.8569
80.5006,0.3885,1.6776
80.5008,0.3784,1.6318
80.5010,0.4425,1.9106
80.5012,0.3983,1.7192
80.5014,0.3944,1.7037
80.5016,0.3787,1.6351
80.5018,0.3746,1.6175
80.5020,0.3752,1.6208
80.5022,0.3863,1.669
80.5024,0.3947,1.7045
80.5026,0.384,1.6564
80.5028,0.4712,2.0311
80.5030,0.5479,2.3624
80.5032,0.5028,2.168
80.5034,0.492,2.1165
80.5036,0.554,2.3843
80.5038,0.5919,2.5439
80.5040,0.6949,2.988
80.5042,0.6986,3.0026
80.5044,0.69,2.9668
80.5046,0.7338,3.1541
80.5048,0.7662,3.284
80.5050,0.8454,3.6266
80.5052,0.8763,3.7593
80.5054,0.8717,3.738
80.5056,0.8484,3.6429
80.5058,0.8367,3.5862
80.5060,0.9554,4.0874
80.5062,0.9993,4.2771
80.5064,0.9866,4.2207
80.5066,1.0041,4.3017
80.5068,1.0185,4.3572
80.5070,1.0825,4.629
80.5072,1.1072,4.7301
80.5074,1.1093,4.7477
80.5076,1.0812,4.6233
80.5078,1.0731,4.5927
80.5080,1.0232,4.3792
80.5082,1.0665,4.5666
80.5084,1.0255,4.3931
80.5086,1.0334,4.4187
80.5088,1.0476,4.486
80.5090,0.9861,4.2305
80.5092,0.9897,4.2361
80.5094,1.0684,4.5685
80.5096,1.1153,4.7667
80.5098,1.1605,4.9669
80.5100,1.0801,4.6317
80.5102,0.9681,4.1476
80.5104,0.9349,4.0127
80.5106,0.9401,4.0255
80.5108,0.9863,4.2291
80.5110,0.9452,4.0513
80.5112,0.971,4.1657
80.5114,0.9363,4.0147
80.5116,0.9083,3.9058
80.5118,0.8065,3.468
80.5120,0.8434,3.6201
80.5122,0.9137,3.9235
80.5124,0.8857,3.8012
80.5126,0.8383,3.6063
80.5128,0.7848,3.3731
80.5130,0.847,3.6406
80.5132,0.8438,3.6233
80.5134,0.8469,3.6367
80.5136,0.8237,3.5417
80.5138,0.7862,3.3793
80.5140,0.8496,3.6514
80.5142,0.7846,3.3705
80.5144,0.8225,3.5366
80.5146,0.8063,3.4686
80.5148,0.7862,3.3824
80.5150,0.7436,3.2003
80.5152,0.744,3.2053
80.5154,0.6945,2.9892
80.5156,0.7226,3.1085
80.5158,0.7463,3.2136
80.5160,0.6636,2.8614
80.5162,0.5741,2.4768
80.5164,0.5914,2.5501
80.5166,0.6372,2.7463
80.5168,0.6118,2.6368
80.5170,0.583,2.5139
80.5172,0.5698,2.4604
80.5174,0.4937,2.1307
80.5176,0.4854,2.0959
80.5178,0.5209,2.244
80.5180,0.6361,2.7417
80.5182,0.6173,2.663
80.5184,0.5487,2.3682
80.5186,0.5441,2.3475
80.5188,0.5282,2.2776
80.5190,0.5265,2.2683
80.5192,0.5919,2.551
80.5194,0.6101,2.6283
80.5196,0.6627,2.8498
80.5198,0.7824,3.3644
80.5200,0.7385,3.1786
80.5202,0.6585,2.841
80.5204,0.5962,2.5696
80.5206,0.5541,2.3904
80.5208,0.5283,2.2792
80.5210,0.5145,2.2207
80.5212,0.5221,2.2523
80.5214,0.5242,2.2605
80.5216,0.513,2.213
80.5218,0.5096,2.2005
80.5220,0.51,2.199
80.5222,0.5212,2.2466
80.5224,0.5253,2.2662
80.5226,0.5139,2.2181
80.5228,0.5133,2.2145
80.5230,0.5513,2.373
80.5232,0.6681,2.8797
80.5234,0.5977,2.5763
80.5236,0.5675,2.4438
80.5238,0.6046,2.6033
80.5240,0.6391,2.7533
80.5242,0.6564,2.8238
80.5244,0.6643,2.8605
80.5246,0.6566,2.8274
80.5248,0.6842,2.9407
80.5250,0.7202,3.0968
80.5252,0.7022,3.025
80.5254,0.6377,2.7446
80.5256,0.6784,2.92
80.5258,0.6558,2.8199
80.5260,0.7185,3.0895
80.5262,0.7391,3.1782
80.5264,0.785,3.3757
80.5266,0.762,3.2737
80.5268,0.802,3.4452
80.5270,0.752,3.2349
80.5272,0.7529,3.233
80.5274,0.8012,3.4437
80.5276,0.772,3.3164
80.5278,0.7872,3.385
80.5280,0.8027,3.4467
80.5282,0.8478,3.6352
80.5284,0.8683,3.7283
80.5286,0.7689,3.3061
80.5288,0.7722,3.3221
80.5290,0.7012,3.0181
80.5292,0.668,2.8778
80.5294,0.6643,2.8618
80.5296,0.7067,3.0376
80.5298,0.7939,3.4107
80.5300,0.8022,3.4478
80.5302,0.7506,3.2292
80.5304,0.7526,3.236
80.5306,0.7214,3.1005
80.5308,0.7109,3.0585
80.5310,0.7222,3.1084
80.5312,0.7416,3.1905
80.5314,0.7341,3.158
80.5316,0.7049,3.0327
80.5318,0.7059,3.041
80.5320,0.5817,2.5105
80.5322,0.518,2.2357
80.5324,0.5166,2.2285
80.5326,0.5157,2.2259
80.5328,0.4527,1.9573
80.5330,0.4766,2.0553
80.5332,0.6278,2.7022
80.5334,0.6343,2.7339
80.5336,0.4999,2.1606
80.5338,0.4059,1.7535
80.5340,0.3991,1.7247
80.5342,0.4036,1.7452
80.5344,0.4076,1.7607
80.5346,0.4058,1.7538
80.5348,0.3983,1.72
80.5350,0.4581,1.9788
80.5352,0.4203,1.8139
80.5354,0.4142,1.7875
80.5356,0.4326,1.869
80.5358,0.4317,1.8657
80.5360,0.4686,2.0206
80.5362,0.5449,2.3473
80.5364,0.5766,2.4819
80.5366,0.5855,2.5259
80.5368,0.4957,2.1385
80.5370,0.5129,2.2104
80.5372,0.5796,2.4936
80.5374,0.6519,2.8008
80.5376,0.6876,2.9565
80.5378,0.7494,3.2211
80.5380,0.7731,3.3195
80.5382,0.8065,3.4632
80.5384,0.8199,3.5192
80.5386,0.8374,3.5927
80.5388,0.8257,3.5406
80.5390,0.849,3.6403
80.5392,1.0147,4.3469
80.5394,1.007,4.318
80.5396,1.0462,4.4715
80.5398,1.1427,4.8886
80.5400,1.1346,4.8515
80.5402,1.1382,4.8714
80.5404,1.053,4.5007
80.5406,1.1274,4.823
80.5408,1.1569,4.9468
80.5410,1.0984,4.712
80.5412,0.9852,4.2225
80.5414,0.9674,4.1503
80.5416,0.8872,3.8079
80.5418,0.865,3.7144
80.5420,0.8413,3.6091
80.5422,0.8818,3.7865
80.5424,0.8882,3.812
80.5426,0.9137,3.9235
80.5428,0.8493,3.6504
80.5430,0.8269,3.554
80.5432,0.8482,3.6389
80.5434,0.8671,3.7249
80.5436,0.8353,3.5851
80.5438,0.8661,3.7277
80.5440,0.8111,3.4876
80.5442,0.7913,3.4009
80.5444,0.8208,3.5211
80.5446,0.8582,3.6885
80.5448,0.8425,3.6193
80.5450,0.8482,3.6389
80.5452,0.903,3.8758
80.5454,0.8877,3.8153
80.5456,0.8252,3.5517
80.5458,0.8154,3.4996
80.5460,0.8701,3.7361
80.5462,0.8527,3.6614
80.5464,0.8124,3.49
80.5466,0.7973,3.4299
80.5468,0.7632,3.2834
80.5470,0.7443,3.2019
80.5472,0.7996,3.4381
80.5474,0.8482,3.6474
80.5476,0.7623,3.2808
80.5478,0.6946,2.9925
80.5480,0.6302,2.7126
80.5482,0.6758,2.91
80.5484,0.6816,2.9403
80.5486,0.5998,2.5863
80.5488,0.5685,2.4536
80.5490,0.5191,2.2414
80.5492,0.5105,2.2041
80.5494,0.5043,2.1737
80.5496,0.5602,2.4134
80.5498,0.592,2.5515
80.5500,0.6252,2.6921
80.5502,0.6455,2.7859
80.5504,0.5844,2.5224
80.5506,0.5691,2.4551
80.5508,0.5137,2.2161
80.5510,0.4841,2.0883
80.5512,0.489,2.1115
80.5514,0.4855,2.0955
80.5516,0.4618,1.9958
80.5518,0.4045,1.7489
80.5520,0.3971,1.7172
80.5522,0.4013,1.733
80.5524,0.4057,1.75
80.5526,0.5021,2.1679
80.5528,0.4828,2.0865
80.5530,0.4451,1.9211
80.5532,0.4525,1.9532
80.5534,0.4623,1.996
80.5536,0.4494,1.9397
80.5538,0.447,1.9293
80.5540,0.4455,1.9244
80.5542,0.4475,1.9332
80.5544,0.4452,1.9216
80.5546,0.4449,1.9191
80.5548,0.4468,1.9292
80.5550,0.4534,1.9577
80.5552,0.4688,2.0217
80.5554,0.4615,1.9929
80.5556,0.4649,2.0065
80.5558,0.5095,2.1959
80.5560,0.5319,2.2936
80.5562,0.4685,2.022
80.5564,0.4577,1.9772
80.5566,0.4575,1.9735
80.5568,0.4519,1.9488
80.5570,0.4453,1.9221
80.5572,0.4499,1.9427
80.5574,0.4451,1.9228
80.5576,0.4477,1.9325
80.5578,0.4453,1.9212
80.5580,0.4521,1.9502
80.5582,0.4601,1.9848
80.5584,0.5161,2.2243
80.5586,0.5968,2.5662
80.5588,0.6386,2.7474
80.5590,0.6561,2.824
80.5592,0.6505,2.8024
80.5594,0.5826,2.5077
80.5596,0.6084,2.6211
80.5598,0.5782,2.4897
80.5600,0.6101,2.6246
80.5602,0.6599,2.8348
80.5604,0.7219,3.1054
80.5606,0.6715,2.8914
80.5608,0.6755,2.9031
80.5610,0.7418,3.1866
80.5612,0.7226,3.1056
80.5614,0.7864,3.3798
80.5616,0.7137,3.0689
80.5618,0.6621,2.8499
80.5620,0.6822,2.9347
80.5622,0.7257,3.1205
80.5624,0.6838,2.946
80.5626,0.5552,2.3939
80.5628,0.5198,2.2424
80.5630,0.5186,2.2373
80.5632,0.5401,2.3266
80.5634,0.5265,2.2672
80.5636,0.5793,2.4944
80.5638,0.654,2.8148
80.5640,0.624,2.6857
80.5642,0.6021,2.5949
80.5644,0.591,2.5462
80.5646,0.5965,2.5675
80.5648,0.5891,2.5379
80.5650,0.5512,2.3758
80.5652,0.5314,2.2863
80.5654,0.6028,2.592
80.5656,0.6774,2.9154
80.5658,0.6541,2.8179
80.5660,0.672,2.8868
80.5662,0.7335,3.154
80.5664,0.7179,3.087
80.5666,0.694,2.9871
80.5668,0.5909,2.548
80.5670,0.4963,2.1401
80.5672,0.4928,2.1211
80.5674,0.5663,2.4398
80.5676,0.596,2.5697
80.5678,0.5274,2.2729
80.5680,0.557,2.3972
80.5682,0.6077,2.6143
80.5684,0.6386,2.75
80.5686,0.5826,2.5147
80.5688,0.4482,1.9345
80.5690,0.4873,2.0984
80.5692,0.5639,2.4306
80.5694,0.5009,2.1607
80.5696,0.4908,2.1163
80.5698,0.4943,2.1303
80.5700,0.513,2.2089
80.5702,0.5638,2.4289
80.5704,0.5698,2.4525
80.5706,0.6539,2.8142
80.5708,0.6909,2.9696
80.5710,0.6962,2.995
80.5712,0.6985,3.0034
80.5714,0.7123,3.0613
80.5716,0.7139,3.0657
80.5718,0.771,3.3092
80.5720,0.7913,3.3962
80.5722,0.8809,3.7718
80.5724,0.997,4.2674
80.5726,0.9875,4.2303
80.5728,0.9644,4.1336
80.5730,0.9659,4.1397
80.5732,0.9734,4.1663
80.5734,0.9779,4.1911
80.5736,0.8722,3.7453
80.5738,0.8576,3.6791
80.5740,0.9122,3.9113
80.5742,0.8759,3.7595
80.5744,0.8704,3.7359
80.5746,0.8921,3.8219
80.5748,0.9505,4.0777
80.5750,0.868,3.7256
80.5752,0.8029,3.4477
80.5754,0.8252,3.5385
80.5756,0.9172,3.9366
80.5758,0.8847,3.7989
80.5760,0.8602,3.6904
80.5762,0.9048,3.8781
80.5764,0.8926,3.8329
80.5766,0.809,3.4804
80.5768,0.7559,3.2489
80.5770,0.7846,3.3705
80.5772,0.7781,3.3458
80.5774,0.765,3.2881
80.5776,0.7739,3.3247
80.5778,0.7815,3.3571
80.5780,0.7897,3.3895
80.5782,0.827,3.5479
80.5784,0.9271,3.983
80.5786,0.8873,3.8066
80.5788,0.9367,4.0223
80.5790,0.7791,3.353
80.5792,0.7674,3.2968
80.5794,0.8234,3.5341
80.5796,0.8627,3.7029
80.5798,0.8617,3.6966
80.5800,0.9303,3.9908
80.5802,0.9351,4.0151
80.5804,0.9157,3.9231
80.5806,0.9839,4.2129
80.5808,1.0228,4.3859
80.5810,0.9743,4.1874
80.5812,0.7744,3.3298
80.5814,0.6974,3.0002
80.5816,0.7145,3.0782
80.5818,0.6972,3.0006
80.5820,0.6885,2.9648
80.5822,0.657,2.8303
80.5824,0.6613,2.8502
80.5826,0.5942,2.5608
80.5828,0.5933,2.5548
80.5830,0.6473,2.7871
80.5832,0.6753,2.9093
80.5834,0.656,2.8275
80.5836,0.6262,2.695
80.5838,0.6602,2.8429
80.5840,0.6784,2.9214
80.5842,0.6765,2.9104
80.5844,0.6829,2.9419
80.5846,0.669,2.8779
80.5848,0.6888,2.9672
80.5850,0.6258,2.6997
80.5852,0.5859,2.5228
80.5854,0.632,2.7216
80.5856,0.6633,2.855
80.5858,0.6933,2.984
80.5860,0.6918,2.9718
80.5862,0.7462,3.2101
80.5864,0.7384,3.1737
80.5866,0.7147,3.0773
80.5868,0.6601,2.845
80.5870,0.5998,2.5863
80.5872,0.5717,2.4653
80.5874,0.5509,2.3753
80.5876,0.5413,2.334
80.5878,0.5383,2.321
80.5880,0.5469,2.3561
80.5882,0.6222,2.6805
80.5884,0.5907,2.5482
80.5886,0.5362,2.3155
80.5888,0.529,2.2812
80.5890,0.5307,2.2874
80.5892,0.5323,2.2962
80.5894,0.5812,2.5015
80.5896,0.6873,2.9569
80.5898,0.6695,2.8854
80.5900,0.5595,2.4137
80.5902,0.5373,2.319
80.5904,0.5323,2.2962
80.5906,0.5313,2.2921
80.5908,0.531,2.2863
80.5910,0.6005,2.5846
80.5912,0.6483,2.797
80.5914,0.5395,2.3262
80.5916,0.5265,2.2714
80.5918,0.5268,2.2735
80.5920,0.5653,2.4328
80.5922,0.6409,2.7585
80.5924,0.6322,2.7208
80.5926,0.6679,2.876
80.5928,0.6524,2.8067
80.5930,0.6573,2.8279
80.5932,0.6617,2.8491
80.5934,0.6683,2.8775
80.5936,0.6486,2.7928
80.5938,0.6663,2.8639
80.5940,0.7226,3.1056
80.5942,0.7479,3.2114
80.5944,0.7967,3.4225
80.5946,0.7856,3.3814
80.5948,0.6889,2.9636
80.5950,0.7407,3.1864
80.5952,0.7539,3.2401
80.5954,0.6976,3.004
80.5956,0.6221,2.6812
80.5958,0.6156,2.6508
80.5960,0.6338,2.723
80.5962,0.7558,3.2484
80.5964,0.7596,3.2664
80.5966,0.7488,3.223
80.5968,0.6782,2.919
80.5970,0.6674,2.8726
80.5972,0.7096,3.0542
80.5974,0.688,2.9655
80.5976,0.5876,2.53
80.5978,0.5994,2.5799
80.5980,0.6007,2.5868
80.5982,0.6244,2.6898
80.5984,0.6329,2.729
80.5986,0.6022,2.5942
80.5988,0.5873,2.5302
80.5990,0.5631,2.4292
80.5992,0.5199,2.243
80.5994,0.542,2.3338
80.5996,0.583,2.5139
80.5998,0.5101,2.2005
80.6000,0.5304,2.2869
80.6002,0.5221,2.2502
80.6004,0.4776,2.0651
80.6006,0.3855,1.6669
80.6008,0.3825,1.6524
80.6010,0.3938,1.6996
80.6012,0.4316,1.8591
80.6014,0.5223,2.2554
80.6016,0.4033,1.7413
80.6018,0.4188,1.8094
80.6020,0.4006,1.7283
80.6022,0.477,2.0559
80.6024,0.5693,2.455
80.6026,0.5342,2.3003
80.6028,0.5964,2.567
80.6030,0.6003,2.5884
80.6032,0.5227,2.2517
80.6034,0.5365,2.3101
80.6036,0.5927,2.5534
80.6038,0.619,2.6641
80.6040,0.7109,3.0542
80.6042,0.7517,3.2294
80.6044,0.7639,3.2804
80.6046,0.8096,3.4749
80.6048,0.8208,3.5179
80.6050,0.9608,4.1162
80.6052,0.9681,4.1495
80.6054,0.9734,4.1721
80.6056,0.9726,4.1646
80.6058,0.9841,4.2198
80.6060,0.9608,4.1162
80.6062,0.9623,4.1185
80.6064,1.0521,4.4987
80.6066,1.0931,4.6784
80.6068,1.121,4.798
80.6070,1.1018,4.7137
80.6072,1.0581,4.5286
80.6074,1.0786,4.6228
80.6076,1.0378,4.446
80.6078,0.9853,4.221
80.6080,1.0578,4.5254
80.6082,1.0828,4.6365
80.6084,1.0456,4.4836
80.6086,0.921,3.9494
80.6088,0.9635,4.1198
80.6090,1.1234,4.8015
80.6092,1.1214,4.7951
80.6094,1.1056,4.7362
80.6096,1.0741,4.6017
80.6098,1.0963,4.6945
80.6100,1.1095,4.7488
80.6102,0.9893,4.2419
80.6104,0.9576,4.1043
80.6106,0.9552,4.0978
80.6108,0.9887,4.2413
80.6110,1.0592,4.5417
80.6112,0.9776,4.1999
80.6114,0.8765,3.7639
80.6116,0.9715,4.1697
80.6118,0.9455,4.0542
80.6120,0.9686,4.1554
80.6122,0.896,3.8473
80.6124,0.8815,3.7903
80.6126,0.8964,3.8511
80.6128,0.924,3.9659
80.6130,0.8885,3.8189
80.6132,0.8438,3.625
80.6134,0.906,3.8887
80.6136,0.8803,3.7763
80.6138,0.9222,3.9527
80.6140,0.9466,4.0664
80.6142,0.8915,3.83
80.6144,0.8002,3.4407
80.6146,0.7994,3.4424
80.6148,0.7504,3.2342
80.6150,0.6644,2.865
80.6152,0.6499,2.7998
80.6154,0.6138,2.6517
80.6156,0.5277,2.2776
80.6158,0.5985,2.5806
80.6160,0.6487,2.7946
80.6162,0.6654,2.8678
80.6164,0.7296,3.1419
80.6166,0.6852,2.9531
80.6168,0.6096,2.6262
80.6170,0.6271,2.7054
80.6172,0.6126,2.6441
80.6174,0.5895,2.543
80.6176,0.6555,2.8202
80.6178,0.7548,3.2518
80.6180,0.6513,2.8099
80.6182,0.6097,2.628
80.6184,0.6431,2.7729
80.6186,0.6268,2.6989
80.6188,0.6582,2.8341
80.6190,0.6744,2.9079
80.6192,0.6081,2.622
80.6194,0.5932,2.5567
80.6196,0.6042,2.6054
80.6198,0.6244,2.6873
80.6200,0.6808,2.9304
80.6202,0.7017,3.0258
80.6204,0.6135,2.6465
80.6206,0.5907,2.547
80.6208,0.5762,2.4856
80.6210,0.5781,2.4927
80.6212,0.5561,2.3981
80.6214,0.6013,2.5906
80.6216,0.616,2.6524
80.6218,0.626,2.6995
80.6220,0.6057,2.6116
80.6222,0.6256,2.6974
80.6224,0.6166,2.6562
80.6226,0.6129,2.6426
80.6228,0.6296,2.7125
80.6230,0.6479,2.791
80.6232,0.6691,2.8798
80.6234,0.6759,2.9119
80.6236,0.6657,2.8707
80.6238,0.6022,2.5966
80.6240,0.5873,2.5325
80.6242,0.6003,2.5835
80.6244,0.6582,2.8341
80.6246,0.6948,2.9916
80.6248,0.7244,3.1148
80.6250,0.7322,3.1498
80.6252,0.7372,3.17
80.6254,0.7295,3.1414
80.6256,0.6619,2.8541
80.6258,0.6385,2.752
80.6260,0.6467,2.782
80.6262,0.6914,2.9758
80.6264,0.7335,3.1584
80.6266,0.6978,3.0017
80.6268,0.7338,3.1585
80.6270,0.7493,3.2191
80.6272,0.8107,3.4828
80.6274,0.8045,3.4592
80.6276,0.7654,3.2942
80.6278,0.7261,3.1264
80.6280,0.6579,2.8318
80.6282,0.6697,2.881
80.6284,0.7384,3.1751
80.6286,0.7928,3.4108
80.6288,0.7635,3.2875
80.6290,0.7163,3.0846
80.6292,0.6992,3.0121
80.6294,0.6669,2.8692
80.6296,0.7637,3.2824
80.6298,0.7285,3.1367
80.6300,0.6515,2.8065
80.6302,0.647,2.7861
80.6304,0.6523,2.8075
80.6306,0.6518,2.8081
80.6308,0.6452,2.7784
80.6310,0.6716,2.8906
80.6312,0.6343,2.7352
80.6314,0.5925,2.5536
80.6316,0.6458,2.7771
80.6318,0.7406,3.1829
80.6320,0.7765,3.3422
80.6322,0.7446,3.2049
80.6324,0.7409,3.183
80.6326,0.7844,3.3716
80.6328,0.732,3.1537
80.6330,0.6986,3.0067
80.6332,0.7572,3.2546
80.6334,0.7118,3.0664
80.6336,0.6708,2.8897
80.6338,0.6951,2.9932
80.6340,0.7059,3.041
80.6342,0.6744,2.8998
80.6344,0.6981,3.0019
80.6346,0.8046,3.4614
80.6348,0.7355,3.1613
80.6350,0.7386,3.185
80.6352,0.6424,2.7711
80.6354,0.5631,2.4269
80.6356,0.5864,2.5284
80.6358,0.5988,2.5809
80.6360,0.6031,2.5983
80.6362,0.5904,2.546
80.6364,0.5173,2.2316
80.6366,0.5192,2.2409
80.6368,0.5414,2.3345
80.6370,0.5802,2.5008
80.6372,0.6109,2.6307
80.6374,0.6448,2.7802
80.6376,0.6089,2.6219
80.6378,0.6686,2.875
80.6380,0.747,3.2078
80.6382,0.8057,3.4628
80.6384,0.7963,3.4178
80.6386,0.8373,3.5972
80.6388,0.8177,3.5176
80.6390,0.8114,3.4794
80.6392,0.9433,4.0393
80.6394,0.9926,4.2543
80.6396,0.9857,4.2206
80.6398,1.0213,4.3772
80.6400,0.9739,4.1781
80.6402,0.922,3.9608
80.6404,0.8674,3.7265
80.6406,0.8774,3.764
80.6408,0.9345,4.0069
80.6410,0.9711,4.1662
80.6412,0.9458,4.0577
80.6414,0.9486,4.0638
80.6416,0.9812,4.1996
80.6418,1.0385,4.4595
80.6420,0.9482,4.0661
80.6422,0.9982,4.2765
80.6424,1.0334,4.4291
80.6426,0.9996,4.2841
80.6428,1.0084,4.3242
80.6430,1.0385,4.4491
80.6432,1.0712,4.5867
80.6434,1.0414,4.4697
80.6436,1.0279,4.4054
80.6438,1.0895,4.6609
80.6440,1.1268,4.8204
80.6442,1.1233,4.8078
80.6444,1.1558,4.9492
80.6446,1.1042,4.7372
80.6448,0.9994,4.2916
80.6450,0.9096,3.9078
80.6452,0.9559,4.1028
80.6454,0.9134,3.9219
80.6456,0.9463,4.0635
80.6458,0.9244,3.9674
80.6460,0.9658,4.1431
80.6462,0.9547,4.1034
80.6464,0.9277,3.9837
80.6466,0.9613,4.1279
80.6468,0.9813,4.2099
80.6470,0.9556,4.1051
80.6472,0.8873,3.812
80.6474,0.8546,3.6765
80.6476,0.8425,3.6277
80.6478,0.752,3.2364
80.6480,0.8155,3.5083
80.6482,0.8486,3.649
80.6484,0.8081,3.4763
80.6486,0.7888,3.3964
80.6488,0.7812,3.3592
80.6490,0.7752,3.335
80.6492,0.768,3.3056
80.6494,0.7978,3.4351
80.6496,0.7902,3.3979
80.6498,0.8138,3.5011
80.6500,0.855,3.6849
80.6502,0.7889,3.3922
80.6504,0.7529,3.239
80.6506,0.7654,3.2866
80.6508,0.8703,3.7458
80.6510,0.7478,3.2258
80.6512,0.6185,2.6669
80.6514,0.6072,2.6196
80.6516,0.6246,2.6946
80.6518,0.6037,2.6021
80.6520,0.6662,2.8687
80.6522,0.753,3.2426
80.6524,0.7195,3.0994
80.6526,0.6991,3.0088
80.6528,0.8235,3.5445
80.6530,0.7943,3.4186
80.6532,0.8083,3.4806
80.6534,0.7213,3.1086
80.6536,0.6902,2.9706
80.6538,0.7468,3.2157
80.6540,0.7123,3.0741
80.6542,0.6204,2.6789
80.6544,0.6023,2.5971
80.6546,0.6259,2.7002
80.6548,0.6308,2.7215
80.6550,0.6337,2.7326
80.6552,0.6361,2.7417
80.6554,0.631,2.7182
80.6556,0.6294,2.714
80.6558,0.6322,2.7272
80.6560,0.6535,2.8101
80.6562,0.8476,3.6432
80.6564,0.8042,3.4662
80.6566,0.749,3.2205
80.6568,0.821,3.532
80.6570,0.7295,3.1443
80.6572,0.6529,2.8153
80.6574,0.645,2.7812
80.6576,0.643,2.7711
80.6578,0.6457,2.783
80.6580,0.6457,2.7843
80.6582,0.6569,2.8311
80.6584,0.6518,2.8068
80.6586,0.6848,2.9488
80.6588,0.7283,3.1347
80.6590,0.7842,3.3721
80.6592,0.8047,3.4587
80.6594,0.8428,3.6225
80.6596,0.7674,3.306
80.6598,0.7294,3.1379
80.6600,0.7583,3.2607
80.6602,0.7765,3.336
80.6604,0.8479,3.6408
80.6606,0.9565,4.1035
80.6608,0.9616,4.127
80.6610,0.9057,3.889
80.6612,0.9051,3.8918
80.6614,0.8474,3.6421
80.6616,0.8514,3.654
80.6618,0.8898,3.8228
80.6620,0.9231,3.9655
80.6622,0.902,3.882
80.6624,0.7583,3.2577
80.6626,0.9229,3.965
80.6628,0.845,3.6369
80.6630,0.756,3.2539
80.6632,0.7684,3.3056
80.6634,0.7609,3.2721
80.6636,0.8,3.4418
80.6638,0.8141,3.5054
80.6640,0.7707,3.3215
80.6642,0.7057,3.0372
80.6644,0.6766,2.9164
80.6646,0.6667,2.8735
80.6648,0.6235,2.6936
80.6650,0.5473,2.362
80.6652,0.5679,2.4533
80.6654,0.5257,2.2678
80.6656,0.5693,2.4595
80.6658,0.5633,2.4291
80.6660,0.6296,2.7113
80.6662,0.6624,2.8549
80.6664,0.6201,2.6687
80.6666,0.7034,3.0316
80.6668,0.7076,3.0454
80.6670,0.7051,3.0403
80.6672,0.6248,2.6968
80.6674,0.6162,2.6584
80.6676,0.5953,2.5671
80.6678,0.5763,2.4872
80.6680,0.572,2.4675
80.6682,0.574,2.474
80.6684,0.6115,2.637
80.6686,0.606,2.6144
80.6688,0.5979,2.5792
80.6690,0.5599,2.4152
80.6692,0.5799,2.4993
80.6694,0.5617,2.4264
80.6696,0.5096,2.1995
80.6698,0.512,2.2088
80.6700,0.5482,2.364
80.6702,0.5747,2.4817
80.6704,0.5925,2.5524
80.6706,0.6239,2.6877
80.6708,0.6093,2.6235
80.6710,0.7083,3.0471
80.6712,0.7618,3.2757
80.6714,0.7434,3.1998
80.6716,0.7444,3.2024
80.6718,0.7826,3.3638
80.6720,0.8534,3.6594
80.6722,0.9493,4.0707
80.6724,1.0174,4.3627
80.6726,1.0048,4.3108
80.6728,0.9654,4.1396
80.6730,1.0027,4.2955
80.6732,1.0903,4.6688
80.6734,1.1142,4.7732
80.6736,1.0853,4.6473
80.6738,1.1212,4.7963
80.6740,1.1456,4.9101
80.6742,1.0341,4.4363
80.6744,0.9816,4.211
80.6746,0.9692,4.158
80.6748,0.9325,4.008
80.6750,0.8986,3.8622
80.6752,0.8853,3.8014
80.6754,0.9222,3.9582
80.6756,0.925,3.97
80.6758,0.931,3.9976
80.6760,0.9671,4.1507
80.6762,0.9377,4.0283
80.6764,0.927,3.9843
80.6766,0.8192,3.5308
80.6768,0.7348,3.1655
80.6770,0.7461,3.2126
80.6772,0.7326,3.1548
80.6774,0.7275,3.1268
80.6776,0.8367,3.5963
80.6778,0.8433,3.6263
80.6780,0.8362,3.5992
80.6782,0.7803,3.3582
80.6784,0.7665,3.2973
80.6786,0.7988,3.4398
80.6788,0.729,3.1422
80.6790,0.7121,3.0636
80.6792,0.7647,3.2896
80.6794,0.8175,3.5154
80.6796,0.8677,3.731
80.6798,0.8372,3.5983
80.6800,0.856,3.6895
80.6802,0.702,3.0296
80.6804,0.6505,2.8011
80.6806,0.6631,2.8593
80.6808,0.6563,2.8272
80.6810,0.7159,3.0854
80.6812,0.7179,3.0927
80.6814,0.7015,3.0219
80.6816,0.6986,3.0109
80.6818,0.6692,2.8857
80.6820,0.5641,2.4356
80.6822,0.5031,2.1746
80.6824,0.5362,2.3112
80.6826,0.6906,2.9749
80.6828,0.6951,2.9946
80.6830,0.6373,2.7558
80.6832,0.5248,2.2663
80.6834,0.5732,2.4703
80.6836,0.6155,2.6528
80.6838,0.6275,2.7045
80.6840,0.6398,2.7577
80.6842,0.6242,2.693
80.6844,0.56,2.4157
80.6846,0.5567,2.4029
80.6848,0.6213,2.6788
80.6850,0.5909,2.548
80.6852,0.5741,2.4779
80.6854,0.5677,2.45
80.6856,0.57,2.4592
80.6858,0.5752,2.4803
80.6860,0.5836,2.5141
80.6862,0.6403,2.7585
80.6864,0.6216,2.6816
80.6866,0.5734,2.4737
80.6868,0.6314,2.7177
80.6870,0.6732,2.9
80.6872,0.7012,3.0195
80.6874,0.7006,3.0211
80.6876,0.6087,2.6233
80.6878,0.5957,2.5687
80.6880,0.5877,2.5388
80.6882,0.5232,2.259
80.6884,0.4981,2.1498
80.6886,0.4814,2.0788
80.6888,0.4793,2.0686
80.6890,0.4722,2.038
80.6892,0.465,2.007
80.6894,0.5289,2.2839
80.6896,0.4826,2.0831
80.6898,0.4726,2.0415
80.6900,0.4958,2.141
80.6902,0.4849,2.0939
80.6904,0.4588,1.9801
80.6906,0.4601,1.9876
80.6908,0.4606,1.9878
80.6910,0.5182,2.2337
80.6912,0.5554,2.3961
80.6914,0.5672,2.4445
80.6916,0.5874,2.533
80.6918,0.5671,2.4451
80.6920,0.5674,2.4478
80.6922,0.5677,2.4477
80.6924,0.5704,2.4562
80.6926,0.6346,2.7299
80.6928,0.6606,2.8471
80.6930,0.6398,2.7551
80.6932,0.697,3.0014
80.6934,0.6709,2.8848
80.6936,0.7672,3.2973
80.6938,0.7752,3.3365
80.6940,0.6263,2.698
80.6942,0.5579,2.4047
80.6944,0.5546,2.3902
80.6946,0.5685,2.4479
80.6948,0.6302,2.7151
80.6950,0.6653,2.8633
80.6952,0.6765,2.9091
80.6954,0.6766,2.915
80.6956,0.5549,2.394
80.6958,0.6106,2.6255
80.6960,0.686,2.9526
80.6962,0.5969,2.5715
80.6964,0.5901,2.5444
80.6966,0.5807,2.5052
80.6968,0.6053,2.6089
80.6970,0.5885,2.5353
80.6972,0.5744,2.4778
80.6974,0.5608,2.416
80.6976,0.6575,2.8271
80.6978,0.6672,2.8729
80.6980,0.6,2.5861
80.6982,0.589,2.5374
80.6984,0.6113,2.6322
80.6986,0.6551,2.8194
80.6988,0.6854,2.9486
80.6990,0.7058,3.0335
80.6992,0.6813,2.9338
80.6994,0.5918,2.5493
80.6996,0.5738,2.4752
80.6998,0.5406,2.333
80.7000,0.5288,2.2781
80.7002,0.5727,2.4671
80.7004,0.5939,2.5586
80.7006,0.6057,2.6068
80.7008,0.6412,2.7583
80.7010,0.6308,2.7139
80.7012,0.5971,2.5761
80.7014,0.5224,2.2528
80.7016,0.5979,2.572
80.7018,0.6849,2.9438
80.7020,0.7047,3.0359
80.7022,0.6193,2.6681
80.7024,0.6093,2.6223
80.7026,0.6467,2.7807
80.7028,0.6781,2.9171
80.7030,0.742,3.1965
80.7032,0.6445,2.774
80.7034,0.6934,2.979
80.7036,0.7964,3.4215
80.7038,0.8172,3.5057
80.7040,0.8576,3.6825
80.7042,0.8215,3.5259
80.7044,0.8347,3.5792
80.7046,0.8975,3.8558
80.7048,0.8871,3.8056
80.7050,0.9395,4.0304
80.7052,0.9086,3.8959
80.7054,0.912,3.9126
80.7056,0.9259,3.9649
80.7058,1.0234,4.3803
80.7060,1.068,4.5712
80.7062,1.0823,4.6323
80.7064,1.1455,4.8981
80.7066,1.159,4.9561
80.7068,1.1526,4.9307
80.7070,1.1096,4.7537
80.7072,1.086,4.6416
80.7074,1.1696,4.9989
80.7076,1.2043,5.1518
80.7078,1.1348,4.8639
80.7080,1.0498,4.4974
80.7082,1.0211,4.3746
80.7084,1.0318,4.4224
80.7086,1.014,4.3458
80.7088,1.0286,4.4044
80.7090,1.0795,4.6226
80.7092,1.1383,4.8719
80.7094,1.1355,4.8647
80.7096,1.0897,4.6663
80.7098,1.1336,4.8542
80.7100,1.0454,4.4846
80.7102,1.0454,4.4721
80.7104,1.1534,4.9389
80.7106,1.1066,4.7519
80.7108,0.9819,4.2164
80.7110,0.9847,4.2244
80.7112,0.9375,4.0273
80.7114,0.9235,3.9602
80.7116,1.0237,4.3895
80.7118,1.0682,4.576
80.7120,1.0737,4.6017
80.7122,1.049,4.5001
80.7124,1.0075,4.3241
80.7126,1.0038,4.3102
80.7128,0.9233,3.9665
80.7130,0.8711,3.7424
80.7132,0.9264,3.9781
80.7134,0.9942,4.267
80.7136,1.0065,4.318
80.7138,0.9478,4.0735
80.7140,0.9023,3.8782
80.7142,0.8811,3.7975
80.7144,0.7102,3.0596
80.7146,0.7256,3.1243
80.7148,0.7509,3.2333
80.7150,0.7476,3.2193
80.7152,0.7514,3.2383
80.7154,0.7434,3.2027
80.7156,0.7331,3.1554
80.7158,0.722,3.1132
80.7160,0.7094,3.056
80.7162,0.7559,3.2565
80.7164,0.6984,3.0071
80.7166,0.7046,3.0354
80.7168,0.7109,3.0613
80.7170,0.7491,3.23
80.7172,0.682,2.9382
80.7174,0.6691,2.8825
80.7176,0.6961,3.0001
80.7178,0.6846,2.9532
80.7180,0.6331,2.7326
80.7182,0.5898,2.5445
80.7184,0.6268,2.7014
80.7186,0.6775,2.9227
80.7188,0.645,2.7838
80.7190,0.5985,2.5782
80.7192,0.6787,2.9238
80.7194,0.7252,3.1271
80.7196,0.622,2.6819
80.7198,0.5973,2.5742
80.7200,0.6533,2.8169
80.7202,0.6325,2.7274
80.7204,0.6153,2.6542
80.7206,0.5926,2.5576
80.7208,0.6025,2.597
80.7210,0.69,2.9723
80.7212,0.6695,2.888
80.7214,0.5542,2.3942
80.7216,0.5298,2.2875
80.7218,0.5337,2.3046
80.7220,0.5226,2.2575
80.7222,0.517,2.2316
80.7224,0.5486,2.3633
80.7226,0.6844,2.9513
80.7228,0.6426,2.7683
80.7230,0.6061,2.6137
80.7232,0.5703,2.4568
80.7234,0.6445,2.774
80.7236,0.7187,3.0978
80.7238,0.6897,2.9713
80.7240,0.6732,2.8987
80.7242,0.6889,2.9649
80.7244,0.7165,3.0865
80.7246,0.6629,2.8556
80.7248,0.6499,2.7998
80.7250,0.6461,2.7859
80.7252,0.6499,2.7998
80.7254,0.6637,2.8539
80.7256,0.7292,3.1325
80.7258,0.8129,3.4921
80.7260,0.8926,3.8311
80.7262,0.8771,3.7664
80.7264,0.89,3.8197
80.7266,0.9932,4.2648
80.7268,0.9425,4.0489
80.7270,0.8695,3.7317
80.7272,0.9213,3.9541
80.7274,0.9499,4.0809
80.7276,0.8138,3.5027
80.7278,0.701,3.0185
80.7280,0.7577,3.2597
80.7282,0.8225,3.5349
80.7284,0.8554,3.6749
80.7286,0.8822,3.7916
80.7288,0.8663,3.7253
80.7290,0.8235,3.5396
80.7292,0.8195,3.522
80.7294,0.7642,3.2936
80.7296,0.68,2.9308
80.7298,0.6786,2.9246
80.7300,0.6282,2.7101
80.7302,0.5476,2.3657
80.7304,0.5427,2.3434
80.7306,0.5412,2.3345
80.7308,0.5437,2.3476
80.7310,0.5444,2.3474
80.7312,0.5931,2.5597
80.7314,0.5494,2.3702
80.7316,0.5567,2.4018
80.7318,0.5548,2.3957
80.7320,0.5266,2.274
80.7322,0.5198,2.2424
80.7324,0.5608,2.4171
80.7326,0.6018,2.5939
80.7328,0.5618,2.4257
80.7330,0.5642,2.4327
80.7332,0.5926,2.5576
80.7334,0.5714,2.4626
80.7336,0.6123,2.6401
80.7338,0.6481,2.796
80.7340,0.544,2.348
80.7342,0.5107,2.2042
80.7344,0.5105,2.2001
80.7346,0.4945,2.1382
80.7348,0.4338,1.8716
80.7350,0.5647,2.4337
80.7352,0.5451,2.3527
80.7354,0.4968,2.1441
80.7356,0.5347,2.3055
80.7358,0.5748,2.4776
80.7360,0.6003,2.5908
80.7362,0.5222,2.2528
80.7364,0.491,2.1193
80.7366,0.4891,2.111
80.7368,0.5064,2.1845
80.7370,0.5395,2.3251
80.7372,0.5977,2.5763
80.7374,0.5995,2.584
80.7376,0.5736,2.4713
80.7378,0.6247,2.6863
80.7380,0.7277,3.1263
80.7382,0.7307,3.1421
80.7384,0.729,3.1335
80.7386,0.7927,3.4103
80.7388,0.8329,3.5764
80.7390,0.9129,3.9107
80.7392,0.9521,4.0787
80.7394,0.9765,4.1874
80.7396,0.9996,4.2821
80.7398,0.9976,4.2779
80.7400,0.9926,4.2543
80.7402,1.0715,4.5861
80.7404,1.0721,4.5908
80.7406,1.0648,4.5573
80.7408,1.084,4.6373
80.7410,1.1563,4.9443
80.7412,1.1674,4.999
80.7414,1.0372,4.4538
80.7416,0.9642,4.1345
80.7418,1.001,4.2923
80.7420,0.9786,4.1942
80.7422,1.0116,4.3416
80.7424,0.9764,4.1889
80.7426,0.9733,4.1735
80.7428,0.961,4.1225
80.7430,1.0328,4.4286
80.7432,1.0643,4.5617
80.7434,0.9697,4.1736
80.7436,0.7973,3.4283
80.7438,0.8338,3.5755
80.7440,0.877,3.7694
80.7442,0.7972,3.4294
80.7444,0.8171,3.515
80.7446,0.8389,3.6072
80.7448,0.8698,3.7333
80.7450,0.9134,3.9274
80.7452,0.9078,3.9001
80.7454,0.8919,3.8333
80.7456,0.8512,3.6569
80.7458,0.8627,3.7098
80.7460,0.8386,3.6129
80.7462,0.7669,3.2994
80.7464,0.8428,3.6209
80.7466,0.8216,3.5346
80.7468,0.7963,3.4274
80.7470,0.7737,3.3298
80.7472,0.6976,3.0096
80.7474,0.6257,2.698
80.7476,0.6612,2.847
80.7478,0.7283,3.1391
80.7480,0.6602,2.8482
80.7482,0.6522,2.8083
80.7484,0.6994,3.0118
80.7486,0.6744,2.9065
80.7488,0.6727,2.9006
80.7490,0.6418,2.7647
80.7492,0.6841,2.947
80.7494,0.6539,2.8169
80.7496,0.6758,2.9114
80.7498,0.6573,2.8332
80.7500,0.6589,2.8385
80.7502,0.6641,2.8634
80.7504,0.6106,2.6304
80.7506,0.6473,2.7897
80.7508,0.6588,2.8433
80.7510,0.5722,2.4708
80.7512,0.4805,2.0785
80.7514,0.4108,1.7772
80.7516,0.4651,2.0084
80.7518,0.5299,2.2848
80.7520,0.5394,2.3311
80.7522,0.4618,1.9958
80.7524,0.4807,2.0757
80.7526,0.5276,2.2782
80.7528,0.46,1.9889
80.7530,0.4615,1.9957
80.7532,0.4492,1.9414
80.7534,0.4434,1.9165
80.7536,0.4458,1.926
80.7538,0.4486,1.9361
80.7540,0.4736,2.0452
80.7542,0.5259,2.2699
80.7544,0.5493,2.3708
80.7546,0.4962,2.1425
80.7548,0.4551,1.9649
80.7550,0.4516,1.9508
80.7552,0.4482,1.9363
80.7554,0.4486,1.9361
80.7556,0.4499,1.9418
80.7558,0.485,2.0944
80.7560,0.4858,2.0994
80.7562,0.4495,1.9411
80.7564,0.4439,1.915
80.7566,0.4473,1.9322
80.7568,0.4511,1.9487
80.7570,0.4482,1.9336
80.7572,0.4423,1.9109
80.7574,0.4493,1.9401
80.7576,0.5113,2.2016
80.7578,0.5698,2.4559
80.7580,0.5781,2.495
80.7582,0.5474,2.3603
80.7584,0.5619,2.4206
80.7586,0.6274,2.7027
80.7588,0.6066,2.6109
80.7590,0.5993,2.5806
80.7592,0.6024,2.594
80.7594,0.5953,2.5636
80.7596,0.6732,2.896
80.7598,0.7593,3.2603
80.7600,0.8598,3.6935
80.7602,0.792,3.404
80.7604,0.7815,3.3602
80.7606,0.6951,2.9946
80.7608,0.5629,2.4248
80.7610,0.551,2.3769
80.7612,0.5557,2.396
80.7614,0.6185,2.6608
80.7616,0.7073,3.0388
80.7618,0.7431,3.1938
80.7620,0.7526,3.239
80.7622,0.7343,3.1591
80.7624,0.6819,2.935
80.7626,0.6383,2.7497
80.7628,0.621,2.6753
80.7630,0.6232,2.6859
80.7632,0.6171,2.6558
80.7634,0.607,2.6161
80.7636,0.5644,2.4338
80.7638,0.5425,2.3391
80.7640,0.5615,2.418
80.7642,0.6177,2.6547
80.7644,0.6946,2.9939
80.7646,0.6328,2.7247
80.7648,0.6432,2.767
80.7650,0.6715,2.8914
80.7652,0.618,2.6612
80.7654,0.6659,2.8645
80.7656,0.6318,2.7205
80.7658,0.6442,2.7686
80.7660,0.6847,2.9524
80.7662,0.5585,2.4107
80.7664,0.4905,2.1182
80.7666,0.4848,2.0914
80.7668,0.5064,2.1815
80.7670,0.5469,2.3572
80.7672,0.5197,2.2419
80.7674,0.5281,2.276
80.7676,0.5679,2.4499
80.7678,0.5759,2.4822
80.7680,0.5326,2.2957
80.7682,0.5348,2.3071
80.7684,0.4946,2.1338
80.7686,0.5089,2.1923
80.7688,0.5595,2.4126
80.7690,0.5082,2.1913
80.7692,0.5031,2.1685
80.7694,0.503,2.17
80.7696,0.5022,2.1674
80.7698,0.5065,2.184
80.7700,0.5048,2.1748
80.7702,0.5402,2.325
80.7704,0.6061,2.6113
80.7706,0.6139,2.6436
80.7708,0.5846,2.5171
80.7710,0.5781,2.4892
80.7712,0.6558,2.8225
80.7714,0.6904,2.9675
80.7716,0.7186,3.0886
80.7718,0.7232,3.1053
80.7720,0.7774,3.3411
80.7722,0.8008,3.4336
80.7724,0.8938,3.8255
80.7726,0.98,4.1964
80.7728,0.9951,4.2651
80.7730,0.9673,4.1517
80.7732,0.902,3.8658
80.7734,0.9056,3.883
80.7736,0.9408,4.0323
80.7738,0.9369,4.0154
80.7740,0.9522,4.0792
80.7742,0.9738,4.1736
80.7744,0.9792,4.1968
80.7746,1.0081,4.3206
80.7748,0.9788,4.1933
80.7750,0.9372,4.0225
80.7752,0.8209,3.5282
80.7754,0.7878,3.3828
80.7756,0.8315,3.5686
80.7758,0.8372,3.5933
80.7760,0.8631,3.7045
80.7762,0.8809,3.7824
80.7764,0.8643,3.7079
80.7766,0.8621,3.7038
80.7768,0.7874,3.3876
80.7770,0.7491,3.218
80.7772,0.8058,3.4601
80.7774,0.8108,3.4849
80.7776,0.7704,3.3159
80.7778,0.7916,3.3993
80.7780,0.8693,3.7312
80.7782,0.8576,3.6808
80.7784,0.8586,3.6901
80.7786,0.8343,3.586
80.7788,0.8469,3.6367
80.7790,0.8129,3.4953
80.7792,0.7774,3.3427
80.7794,0.7877,3.3839
80.7796,0.8608,3.6964
80.7798,0.9086,3.8995
80.7800,0.8855,3.7989
80.7802,0.8528,3.6687
80.7804,0.7172,3.0882
80.7806,0.6705,2.8887
80.7808,0.6657,2.8693
80.7810,0.6597,2.8435
80.7812,0.6512,2.8016
80.7814,0.709,3.0474
80.7816,0.7585,3.2602
80.7818,0.765,3.2881
80.7820,0.7475,3.2188
80.7822,0.7003,3.0168
80.7824,0.7024,3.0247
80.7826,0.7273,3.1272
80.7828,0.7326,3.1518
80.7830,0.771,3.3123
80.7832,0.7972,3.4262
80.7834,0.7945,3.4148
80.7836,0.8175,3.5122
80.7838,0.8065,3.4712
80.7840,0.7169,3.0871
80.7842,0.6836,2.945
80.7844,0.6876,2.9593
80.7846,0.7183,3.0885
80.7848,0.7069,3.0452
80.7850,0.6778,2.9188
80.7852,0.6793,2.9237
80.7854,0.6611,2.8479
80.7856,0.6407,2.7575
80.7858,0.7545,3.2442
80.7860,0.7674,3.3014
80.7862,0.762,3.2813
80.7864,0.6725,2.8996
80.7866,0.5786,2.4948
80.7868,0.5438,2.3481
80.7870,0.5367,2.3154
80.7872,0.5342,2.3045
80.7874,0.536,2.3134
80.7876,0.5379,2.3216
80.7878,0.5389,2.3225
80.7880,0.545,2.35
80.7882,0.5451,2.3516
80.7884,0.5352,2.3076
80.7886,0.5316,2.2931
80.7888,0.5295,2.2865
80.7890,0.5441,2.3442
80.7892,0.6649,2.8577
80.7894,0.7662,3.2993
80.7896,0.6211,2.6783
80.7898,0.5452,2.351
80.7900,0.5394,2.3257
80.7902,0.5401,2.3256
80.7904,0.5817,2.5094
80.7906,0.5876,2.5324
80.7908,0.6276,2.705
80.7910,0.6278,2.7035
80.7912,0.6264,2.6973
80.7914,0.6275,2.702
80.7916,0.6367,2.743
80.7918,0.6323,2.7213
80.7920,0.6382,2.7466
80.7922,0.6755,2.9058
80.7924,0.7866,3.3745
80.7926,0.8737,3.7515
80.7928,0.8039,3.4583
80.7930,0.6933,2.9868
80.7932,0.6214,2.6744
80.7934,0.6148,2.6497
80.7936,0.6179,2.6631
80.7938,0.6207,2.6725
80.7940,0.6156,2.6533
80.7942,0.6127,2.6409
80.7944,0.6141,2.6466
80.7946,0.6166,2.6513
80.7948,0.6915,2.9749
80.7950,0.7162,3.0797
80.7952,0.7377,3.175
80.7954,0.7383,3.1761
80.7956,0.6859,2.952
80.7958,0.698,3.0028
80.7960,0.6759,2.9092
80.7962,0.6175,2.6566
80.7964,0.6675,2.8731
80.7966,0.6692,2.883
80.7968,0.6804,2.9256
80.7970,0.7065,3.0422
80.7972,0.5993,2.5854
80.7974,0.5703,2.4579
80.7976,0.5997,2.5822
80.7978,0.6007,2.588
80.7980,0.6207,2.6738
80.7982,0.633,2.7257
80.7984,0.6648,2.8625
80.7986,0.6491,2.7949
80.7988,0.6422,2.768
80.7990,0.6289,2.7082
80.7992,0.6696,2.8845
80.7994,0.5569,2.4023
80.7996,0.5268,2.2735
80.7998,0.4499,1.9418
80.8000,0.4916,2.1199
80.8002,0.4952,2.1384
80.8004,0.5184,2.2383
80.8006,0.4613,1.9919
80.8008,0.4365,1.8864
80.8010,0.385,1.6633
80.8012,0.4289,1.8495
80.8014,0.5615,2.4169
80.8016,0.5927,2.5522
80.8018,0.5808,2.5011
80.8020,0.5776,2.4895
80.8022,0.5819,2.5092
80.8024,0.5763,2.4826
80.8026,0.581,2.5016
80.8028,0.6136,2.6433
80.8030,0.603,2.6002
80.8032,0.5379,2.3184
80.8034,0.5769,2.4841
80.8036,0.6436,2.7686
80.8038,0.6691,2.8784
80.8040,0.7156,3.0786
80.8042,0.6954,2.9914
80.8044,0.7325,3.1499
80.8046,0.7538,3.2381
80.8048,0.7576,3.2546
80.8050,0.8021,3.4425
80.8052,0.8521,3.6571
80.8054,0.877,3.7624
80.8056,0.9207,3.9423
80.8058,1.0924,4.6666
80.8060,1.1746,5.0157
80.8062,1.178,5.0277
80.8064,1.1459,4.8997
80.8066,1.1041,4.7235
80.8068,1.1174,4.7849
80.8070,1.0914,4.6756
80.8072,1.0595,4.5326
80.8074,1.0984,4.6988
80.8076,1.1469,4.8997
80.8078,1.1806,5.0531
80.8080,1.025,4.3972
80.8082,0.969,4.1531
80.8084,1.052,4.5045
80.8086,1.0481,4.4986
80.8088,1.0005,4.2862
80.8090,1.0544,4.5064
80.8092,1.125,4.8127
80.8094,1.142,4.8878
80.8096,1.1295,4.8345
80.8098,1.1098,4.7564
80.8100,1.0494,4.5
80.8102,1.0261,4.3957
80.8104,1.096,4.6908
80.8106,1.1105,4.7595
80.8108,1.003,4.3131
80.8110,0.8162,3.513
80.8112,0.7695,3.3102
80.8114,0.7908,3.402
80.8116,0.7763,3.3427
80.8118,0.7383,3.179
80.8120,0.7207,3.1017
80.8122,0.7668,3.2943
80.8124,0.8368,3.6018
80.8126,0.7433,3.1963
80.8128,0.7714,3.3169
80.8130,0.7991,3.4376
80.8132,0.7668,3.3035
80.8134,0.6928,2.9847
80.8136,0.703,3.0216
80.8138,0.732,3.1551
80.8140,0.6181,2.6642
80.8142,0.6168,2.6597
80.8144,0.6517,2.8063
80.8146,0.7594,3.2684
80.8148,0.7041,3.0361
80.8150,0.6233,2.6839
80.8152,0.7111,3.0647
80.8154,0.6005,2.5906
80.8156,0.5379,2.3163
80.8158,0.6482,2.7913
80.8160,0.6856,2.9551
80.8162,0.6376,2.7517
80.8164,0.5235,2.2606
80.8166,0.5148,2.2238
80.8168,0.5004,2.1617
80.8170,0.4841,2.0883
80.8172,0.5132,2.215
80.8174,0.4981,2.1488
80.8176,0.5384,2.3269
80.8178,0.477,2.0616
80.8180,0.4967,2.1446
80.8182,0.4377,1.8934
80.8184,0.3961,1.711
80.8186,0.45,1.945
80.8188,0.4501,1.9437
80.8190,0.454,1.9603
80.8192,0.5047,2.1773
80.8194,0.5236,2.258
80.8196,0.5047,2.1793
80.8198,0.4676,2.0212
80.8200,0.4926,2.1231
80.8202,0.6103,2.6293
80.8204,0.597,2.5732
80.8206,0.5757,2.4824
80.8208,0.5168,2.2285
80.8210,0.5065,2.1871
80.8212,0.4549,1.9644
80.8214,0.4407,1.9028
80.8216,0.4855,2.0945
80.8218,0.5287,2.2797
80.8220,0.5277,2.2745
80.8222,0.5629,2.427
80.8224,0.5486,2.3644
80.8226,0.572,2.4663
80.8228,0.5462,2.3573
80.8230,0.4847,2.0919
80.8232,0.5263,2.2683
80.8234,0.5601,2.4129
80.8236,0.5732,2.4703
80.8238,0.578,2.4922
80.8240,0.6301,2.7108
80.8242,0.6902,2.9665
80.8244,0.666,2.865
80.8246,0.7203,3.0987
80.8248,0.7324,3.1537
80.8250,0.6954,2.9942
80.8252,0.637,2.7415
80.8254,0.6852,2.9476
80.8256,0.6886,2.9612
80.8258,0.7649,3.286
80.8260,0.7494,3.2226
80.8262,0.703,3.0244
80.8264,0.7125,3.0666
80.8266,0.7142,3.0724
80.8268,0.7223,3.1075
80.8270,0.7067,3.0418
80.8272,0.6727,2.8953
80.8274,0.6668,2.8726
80.8276,0.5748,2.4764
80.8278,0.5505,2.3727
80.8280,0.5513,2.3763
80.8282,0.6346,2.7324
80.8284,0.6248,2.6893
80.8286,0.6511,2.8024
80.8288,0.6561,2.8254
80.8290,0.6205,2.672
80.8292,0.6208,2.6755
80.8294,0.5933,2.5584
80.8296,0.568,2.447
80.8298,0.6027,2.5975
80.8300,0.5317,2.2915
80.8302,0.5406,2.3319
80.8304,0.5078,2.1907
80.8306,0.5129,2.2104
80.8308,0.5444,2.3463
80.8310,0.5469,2.3561
80.8312,0.6069,2.6144
80.8314,0.6071,2.6178
80.8316,0.5328,2.2962
80.8318,0.5519,2.3811
80.8320,0.5787,2.4941
80.8322,0.601,2.5878
80.8324,0.5593,2.4082
80.8326,0.5886,2.5358
80.8328,0.5425,2.338
80.8330,0.5361,2.3128
80.8332,0.5278,2.275
80.8334,0.5449,2.3495
80.8336,0.5325,2.2962
80.8338,0.5453,2.3494
80.8340,0.5571,2.4044
80.8342,0.4238,1.8306
80.8344,0.4423,1.9083
80.8346,0.5384,2.3194
80.8348,0.535,2.3081
80.8350,0.5529,2.3841
80.8352,0.5238,2.2595
80.8354,0.4995,2.152
80.8356,0.5353,2.3092
80.8358,0.4917,2.1214
80.8360,0.4843,2.0874
80.8362,0.4822,2.08
80.8364,0.4847,2.0899
80.8366,0.4885,2.1065
80.8368,0.4929,2.1256
80.8370,0.5187,2.2357
80.8372,0.5579,2.4014
80.8374,0.6144,2.6444
80.8376,0.5787,2.493
80.8378,0.5807,2.4983
80.8380,0.6872,2.955
80.8382,0.731,3.1388
80.8384,0.7569,3.2545
80.8386,0.7181,3.0866
80.8388,0.7753,3.3277
80.8390,0.8414,3.6063
80.8392,0.8823,3.778
80.8394,0.9762,4.1703
80.8396,1.1285,4.8186
80.8398,1.1455,4.8936
80.8400,1.1239,4.8036
80.8402,1.1529,4.9322
80.8404,1.1515,4.9238
80.8406,1.0548,4.519
80.8408,0.9538,4.0821
80.8410,0.9895,4.237
80.8412,0.9812,4.2016
80.8414,1.0014,4.2898
80.8416,0.9924,4.2573
80.8418,0.9107,3.9106
80.8420,0.8744,3.7493
80.8422,0.8552,3.6705
80.8424,0.8867,3.8023
80.8426,0.9475,4.0668
80.8428,0.889,3.8156
80.8430,0.8588,3.6859
80.8432,0.8394,3.6059
80.8434,0.8855,3.8007
80.8436,0.9105,3.9078
80.8438,0.8491,3.6442
80.8440,0.8909,3.8203
80.8442,0.9527,4.087
80.8444,0.9393,4.035
80.8446,0.8701,3.7343
80.8448,0.9384,4.0258
80.8450,0.9367,4.0223
80.8452,0.8621,3.7038
80.8454,0.7926,3.405
80.8456,0.8289,3.5578
80.8458,0.9226,3.956
80.8460,0.8713,3.7412
80.8462,0.8356,3.5933
80.8464,0.8526,3.666
80.8466,0.7914,3.4046
80.8468,0.7396,3.1788
80.8470,0.7389,3.1787
80.8472,0.7402,3.1843
80.8474,0.7444,3.2054
80.8476,0.68,2.9281
80.8478,0.6637,2.8592
80.8480,0.6874,2.956
80.8482,0.7121,3.0608
80.8484,0.7648,3.2901
80.8486,0.7601,3.2715
80.8488,0.6903,2.9753
80.8490,0.6373,2.7405
80.8492,0.7331,3.1539
80.8494,0.7251,3.1281
80.8496,0.6287,2.7071
80.8498,0.6486,2.7967
80.8500,0.5844,2.5201
80.8502,0.5867,2.5288
80.8504,0.6184,2.6627
80.8506,0.625,2.6949
80.8508,0.5986,2.5787
80.8510,0.5902,2.5437
80.8512,0.5716,2.4648
80.8514,0.5862,2.5267
80.8516,0.666,2.8664
80.8518,0.641,2.768
80.8520,0.503,2.17
80.8522,0.486,2.0966
80.8524,0.6196,2.6666
80.8526,0.7172,3.0925
80.8528,0.5884,2.536
80.8530,0.5495,2.3718
80.8532,0.5216,2.2502
80.8534,0.5223,2.2523
80.8536,0.5238,2.2585
80.8538,0.525,2.2647
80.8540,0.524,2.2616
80.8542,0.5234,2.258
80.8544,0.5247,2.2637
80.8546,0.5227,2.2559
80.8548,0.5274,2.2761
80.8550,0.5256,2.2662
80.8552,0.5236,2.258
80.8554,0.5257,2.2657
80.8556,0.536,2.3101
80.8558,0.6335,2.724
80.8560,0.7546,3.2417
80.8562,0.7305,3.1484
80.8564,0.5626,2.4271
80.8566,0.5362,2.3122
80.8568,0.5354,2.3086
80.8570,0.533,2.2972
80.8572,0.5997,2.5822
80.8574,0.6294,2.7127
80.8576,0.6318,2.7243
80.8578,0.6396,2.7541
80.8580,0.6455,2.7794
80.8582,0.6331,2.7275
80.8584,0.6342,2.7296
80.8586,0.6802,2.9237
80.8588,0.7677,3.2994
80.8590,0.8022,3.4414
80.8592,0.8528,3.6585
80.8594,0.8568,3.6909
80.8596,0.6627,2.8551
80.8598,0.6246,2.6883
80.8600,0.6179,2.6631
80.8602,0.6236,2.6867
80.8604,0.6335,2.7278
80.8606,0.6402,2.7528
80.8608,0.6998,3.0119
80.8610,0.6888,2.9658
80.8612,0.669,2.8779
80.8614,0.6582,2.8355
80.8616,0.7089,3.0483
80.8618,0.7591,3.2567
80.8620,0.8233,3.5352
80.8622,0.8053,3.4612
80.8624,0.8306,3.565
80.8626,0.8335,3.5873
80.8628,0.7579,3.2607
80.8630,0.7162,3.0797
80.8632,0.6932,2.9863
80.8634,0.6536,2.8158
80.8636,0.6499,2.7972
80.8638,0.672,2.8895
80.8640,0.6894,2.967
80.8642,0.6906,2.9735
80.8644,0.695,2.9926
80.8646,0.6788,2.9202
80.8648,0.6888,2.9658
80.8650,0.6566,2.8261
80.8652,0.657,2.8277
80.8654,0.687,2.9539
80.8656,0.7137,3.0703
80.8658,0.7414,3.1895
80.8660,0.7992,3.4302
80.8662,0.858,3.6858
80.8664,0.8127,3.4932
80.8666,0.8044,3.4619
80.8668,0.7124,3.0647
80.8670,0.6841,2.947
80.8672,0.5788,2.4946
80.8674,0.5696,2.4548
80.8676,0.5386,2.3237
80.8678,0.5407,2.3335
80.8680,0.5063,2.184
80.8682,0.4916,2.1199
80.8684,0.4914,2.1189
80.8686,0.4961,2.139
80.8688,0.5101,2.1985
80.8690,0.566,2.4393
80.8692,0.5936,2.5582
80.8694,0.539,2.3274
80.8696,0.4847,2.0919
80.8698,0.4829,2.0822
80.8700,0.4871,2.1003
80.8702,0.5308,2.2879
80.8704,0.5341,2.2997
80.8706,0.5868,2.5269
80.8708,0.6479,2.791
80.8710,0.6124,2.6381
80.8712,0.6187,2.6581
80.8714,0.783,3.3622
80.8716,0.7874,3.3813
80.8718,0.793,3.405
80.8720,0.7807,3.3525
80.8722,0.836,3.5798
80.8724,0.9599,4.1179
80.8726,0.8644,3.7136
80.8728,0.8631,3.7027
80.8730,0.9512,4.0751
80.8732,0.9788,4.1933
80.8734,0.9783,4.1873
80.8736,0.9776,4.194
80.8738,0.9258,3.9736
80.8740,0.9616,4.1251
80.8742,0.9595,4.1106
80.8744,0.9956,4.2672
80.8746,0.9656,4.1387
80.8748,0.9665,4.1404
80.8750,0.9628,4.1341
80.8752,0.8852,3.8009
80.8754,0.9172,3.9311
80.8756,0.9318,4.0012
80.8758,0.9014,3.8668
80.8760,0.9297,3.9882
80.8762,0.9058,3.8859
80.8764,0.8898,3.821
80.8766,0.853,3.6681
80.8768,0.7835,3.3721
80.8770,0.7226,3.1114
80.8772,0.703,3.0272
80.8774,0.7047,3.0345
80.8776,0.716,3.0773
80.8778,0.771,3.32
80.8780,0.7117,3.063
80.8782,0.7108,3.0594
80.8784,0.6982,3.0038
80.8786,0.7186,3.0929
80.8788,0.7639,3.2834
80.8790,0.7737,3.3298
80.8792,0.7414,3.1865
80.8794,0.7928,3.4124
80.8796,0.7058,3.0405
80.8798,0.6081,2.6195
80.8800,0.6278,2.706
80.8802,0.6288,2.7114
80.8804,0.6334,2.7273
80.8806,0.7095,3.0523
80.8808,0.6823,2.942
80.8810,0.5932,2.5567
80.8812,0.5632,2.4286
80.8814,0.5188,2.2393
80.8816,0.5364,2.3117
80.8818,0.6142,2.641
80.8820,0.6896,2.9722
80.8822,0.6698,2.8829
80.8824,0.712,3.0617
80.8826,0.7799,3.3551
80.8828,0.7192,3.0984
80.8830,0.6895,2.9703
80.8832,0.6948,2.9902
80.8834,0.6891,2.9687
80.8836,0.624,2.6882
80.8838,0.649,2.797
80.8840,0.6505,2.805
80.8842,0.5569,2.4023
80.8844,0.5031,2.1726
80.8846,0.4926,2.126
80.8848,0.504,2.1772
80.8850,0.5006,2.1597
80.8852,0.5259,2.2688
80.8854,0.553,2.3813
80.8856,0.6872,2.9577
80.8858,0.6796,2.9279
80.8860,0.6041,2.6025
80.8862,0.5901,2.5432
80.8864,0.5812,2.505
80.8866,0.5927,2.5546
80.8868,0.5691,2.4551
80.8870,0.5509,2.3731
80.8872,0.6141,2.6441
80.8874,0.615,2.6507
80.8876,0.6025,2.5982
80.8878,0.4923,2.124
80.8880,0.4577,1.9763
80.8882,0.4561,1.9696
80.8884,0.4595,1.9832
80.8886,0.4591,1.9844
80.8888,0.4931,2.1241
80.8890,0.5834,2.5166
80.8892,0.4873,2.1032
80.8894,0.4543,1.9609
80.8896,0.456,1.9691
80.8898,0.4501,1.9428
80.8900,0.451,1.9455
80.8902,0.5135,2.213
80.8904,0.5455,2.351
80.8906,0.5614,2.4197
80.8908,0.5723,2.4679
80.8910,0.5589,2.4077
80.8912,0.5639,2.4306
80.8914,0.5657,2.4383
80.8916,0.5673,2.4428
80.8918,0.6115,2.6345
80.8920,0.6389,2.7548
80.8922,0.5823,2.5073
80.8924,0.6214,2.6719
80.8926,0.753,3.235
80.8928,0.7536,3.2391
80.8930,0.7494,3.2151
80.8932,0.7894,3.3974
80.8934,0.6264,2.6998
80.8936,0.5444,2.3463
80.8938,0.5378,2.319
80.8940,0.5372,2.3175
80.8942,0.5419,2.3365
80.8944,0.5378,2.3179
80.8946,0.5383,2.3167
80.8948,0.5953,2.5624
80.8950,0.6325,2.7198
80.8952,0.6683,2.8762
80.8954,0.6575,2.831
80.8956,0.6513,2.806
80.8958,0.5599,2.4119
80.8960,0.5386,2.3204
80.8962,0.5732,2.4681
80.8964,0.603,2.5966
80.8966,0.6175,2.6603
80.8968,0.5479,2.3657
80.8970,0.4477,1.9316
80.8972,0.4612,1.9895
80.8974,0.5149,2.2212
80.8976,0.5034,2.1696
80.8978,0.5036,2.1696
80.8980,0.503,2.167
80.8982,0.5336,2.3009
80.8984,0.5037,2.1711
80.8986,0.538,2.3146
80.8988,0.5864,2.5249
80.8990,0.5997,2.5846
80.8992,0.5982,2.576
80.8994,0.6084,2.6186
80.8996,0.5934,2.5577
80.8998,0.5259,2.2678
80.9000,0.474,2.0467
80.9002,0.4242,1.8319
80.9004,0.409,1.7661
80.9006,0.5085,2.1887
80.9008,0.6213,2.6751
80.9010,0.594,2.5615
80.9012,0.5501,2.3722
80.9014,0.5144,2.2171
80.9016,0.5102,2.198
80.9018,0.5342,2.2992
80.9020,0.6175,2.6579
80.9022,0.6593,2.8388
80.9024,0.6042,2.6018
80.9026,0.6035,2.5975
80.9028,0.6192,2.6638
80.9030,0.6651,2.8601
80.9032,0.6952,2.9881
80.9034,0.7155,3.0767
80.9036,0.6567,2.8279
80.9038,0.6946,2.9897
80.9040,0.6763,2.9067
80.9042,0.7058,3.0321
80.9044,0.7621,3.2742
80.9046,0.8121,3.4841
80.9048,0.8076,3.4629
80.9050,0.818,3.5077
80.9052,0.8592,3.684
80.9054,0.8916,3.8234
80.9056,0.8847,3.7971
80.9058,0.8472,3.6275
80.9060,0.9876,4.2268
80.9062,1.0769,4.6005
80.9064,1.1282,4.822
80.9066,1.1168,4.7734
80.9068,1.1032,4.7216
80.9070,1.1425,4.883
80.9072,1.1721,5.0213
80.9074,0.9793,4.1953
80.9076,0.9449,4.0498
80.9078,0.9407,4.028
80.9080,0.978,4.1877
80.9082,1.0289,4.408
80.9084,1.0502,4.4968
80.9086,1.086,4.6503
80.9088,1.1059,4.7378
80.9090,1.0635,4.5474
80.9092,1.0909,4.6648
80.9094,0.9748,4.1837
80.9096,0.9069,3.8906
80.9098,0.9465,4.0584
80.9100,0.9563,4.0987
80.9102,0.8891,3.8215
80.9104,0.7883,3.3881
80.9106,0.7913,3.401
80.9108,0.7925,3.4077
80.9110,0.7761,3.3355
80.9112,0.8059,3.4671
80.9114,0.7969,3.4268
80.9116,0.7907,3.3984
80.9118,0.821,3.5255
80.9120,0.8785,3.7704
80.9122,0.9102,3.905
80.9124,0.8564,3.686
80.9126,0.7107,3.0618
80.9128,0.6823,2.9393
80.9130,0.6678,2.8768
80.9132,0.6843,2.944
80.9134,0.7208,3.1052
80.9136,0.6522,2.8084
80.9138,0.6582,2.8355
80.9140,0.6698,2.8856
80.9142,0.6782,2.9218
80.9144,0.6956,2.9911
80.9146,0.7147,3.076
80.9148,0.6823,2.9407
80.9150,0.68,2.9254
80.9152,0.7345,3.1596
80.9154,0.7425,3.1957
80.9156,0.6649,2.8671
80.9158,0.5824,2.5137
80.9160,0.5671,2.4452
80.9162,0.6259,2.6978
80.9164,0.6066,2.617
80.9166,0.5707,2.4618
80.9168,0.5641,2.4311
80.9170,0.5654,2.4379
80.9172,0.5782,2.4933
80.9174,0.5803,2.4997
80.9176,0.5921,2.5568
80.9178,0.5207,2.2472
80.9180,0.4832,2.0847
80.9182,0.4889,2.109
80.9184,0.5666,2.4386
80.9186,0.7014,3.0215
80.9188,0.5749,2.4788
80.9190,0.5302,2.2875
80.9192,0.5328,2.2994
80.9194,0.5253,2.2621
80.9196,0.5944,2.5643
80.9198,0.5203,2.2435
80.9200,0.5348,2.3061
80.9202,0.5552,2.394
80.9204,0.5946,2.5593
80.9206,0.6264,2.6986
80.9208,0.5938,2.5617
80.9210,0.5579,2.4059
80.9212,0.5493,2.3697
80.9214,0.5386,2.3237
80.9216,0.5795,2.4908
80.9218,0.6992,3.008
80.9220,0.7208,3.0994
80.9222,0.733,3.1535
80.9224,0.6824,2.9385
80.9226,0.6352,2.7338
80.9228,0.6428,2.7707
80.9230,0.6662,2.8648
80.9232,0.7243,3.1129
80.9234,0.7545,3.2443
80.9236,0.7865,3.3835
80.9238,0.7346,3.1543
80.9240,0.7535,3.2402
80.9242,0.7859,3.3778
80.9244,0.7415,3.1901
80.9246,0.7401,3.1794
80.9248,0.8246,3.536
80.9250,0.8748,3.7545
80.9252,0.8986,3.8569
80.9254,0.8167,3.5103
80.9256,0.7935,3.4087
80.9258,0.815,3.4982
80.9260,0.8599,3.6924
80.9262,0.857,3.6834
80.9264,0.7949,3.4165
80.9266,0.7582,3.2633
80.9268,0.6616,2.85
80.9270,0.641,2.7604
80.9272,0.6508,2.8035
80.9274,0.6348,2.7348
80.9276,0.6244,2.6848
80.9278,0.7072,3.0425
80.9280,0.7354,3.1608
80.9282,0.764,3.2804
80.9284,0.8222,3.5307
80.9286,0.8354,3.5907
80.9288,0.7321,3.1552
80.9290,0.5678,2.4505
80.9292,0.5408,2.3341
80.9294,0.5305,2.2875
80.9296,0.5673,2.4451
80.9298,0.5722,2.4651
80.9300,0.5747,2.4771
80.9302,0.6056,2.6099
80.9304,0.5918,2.5493
80.9306,0.5861,2.5239
80.9308,0.652,2.8073
80.9310,0.6776,2.9192
80.9312,0.6474,2.7838
80.9314,0.6517,2.8089
80.9316,0.5522,2.38
80.9318,0.6177,2.6584
80.9320,0.6612,2.8458
80.9322,0.5901,2.5456
80.9324,0.4817,2.0828
80.9326,0.4035,1.7447
80.9328,0.3878,1.676
80.9330,0.3888,1.6802
80.9332,0.3916,1.6934
80.9334,0.4179,1.802
80.9336,0.5203,2.2425
80.9338,0.5386,2.3248
80.9340,0.4883,2.1084
80.9342,0.4871,2.1013
80.9344,0.4837,2.0868
80.9346,0.4817,2.079
80.9348,0.4843,2.0894
80.9350,0.5244,2.259
80.9352,0.5626,2.4272
80.9354,0.4954,2.136
80.9356,0.4826,2.0812
80.9358,0.4796,2.0702
80.9360,0.4859,2.0951
80.9362,0.4871,2.1003
80.9364,0.5103,2.2006
80.9366,0.5849,2.5187
80.9368,0.6094,2.6228
80.9370,0.613,2.6383
80.9372,0.5846,2.516
80.9374,0.6108,2.6266
80.9376,0.6976,2.9999
80.9378,0.7141,3.0705
80.9380,0.7089,3.0483
80.9382,0.756,3.251
80.9384,0.7352,3.1539
80.9386,0.8117,3.4805
80.9388,0.8673,3.7156
80.9390,0.9563,4.0987
80.9392,0.9431,4.0459
80.9394,0.9123,3.9101
80.9396,0.9326,3.9988
80.9398,0.905,3.8823
80.9400,0.8724,3.7442
80.9402,0.8951,3.8348
80.9404,0.9495,4.0713
80.9406,0.9508,4.0769
80.9408,0.964,4.1316
80.9410,0.9925,4.2539
80.9412,0.9698,4.1548
80.9414,0.9628,4.1303
80.9416,0.9119,3.9104
80.9418,0.9233,3.9592
80.9420,0.9463,4.0541
80.9422,1.0194,4.367
80.9424,1.0027,4.3016
80.9426,0.9389,4.0317
80.9428,0.9389,4.0242
80.9430,0.9749,4.1803
80.9432,0.9309,3.9879
80.9434,0.9606,4.1153
80.9436,0.9324,4.0039
80.9438,0.8728,3.7515
80.9440,0.8226,3.5339
80.9442,0.822,3.5329
80.9444,0.8044,3.4572
80.9446,0.8483,3.6424
80.9448,0.8472,3.6378
80.9450,0.8549,3.669
80.9452,0.8572,3.6845
80.9454,0.7679,3.3066
80.9456,0.6939,2.9894
80.9458,0.6029,2.6034
80.9460,0.5022,2.1695
80.9462,0.4817,2.078
80.9464,0.4771,2.0593
80.9466,0.474,2.0458
80.9468,0.5214,2.2482
80.9470,0.5239,2.2622
80.9472,0.4967,2.1436
80.9474,0.4912,2.1208
80.9476,0.4769,2.0602
80.9478,0.4792,2.0681
80.9480,0.5229,2.2538
80.9482,0.5752,2.4769
80.9484,0.6137,2.6475
80.9486,0.5191,2.2404
80.9488,0.5301,2.2838
80.9490,0.6334,2.7273
80.9492,0.6346,2.7388
80.9494,0.5403,2.3299
80.9496,0.5655,2.4385
80.9498,0.4954,2.137
80.9500,0.5392,2.3252
80.9502,0.6136,2.6446
80.9504,0.6081,2.6184
80.9506,0.619,2.6666
80.9508,0.6329,2.7265
80.9510,0.6201,2.675
80.9512,0.5384,2.3216
80.9514,0.5184,2.2352
80.9516,0.5566,2.3957
80.9518,0.6544,2.819
80.9520,0.6293,2.711
80.9522,0.5886,2.5359
80.9524,0.5662,2.4438
80.9526,0.4991,2.153
80.9528,0.5058,2.182
80.9530,0.506,2.182
80.9532,0.5131,2.2135
80.9534,0.4633,2.0026
80.9536,0.3975,1.7172
80.9538,0.398,1.7193
80.9540,0.4282,1.8473
80.9542,0.4674,2.0174
80.9544,0.4561,1.9696
80.9546,0.4451,1.9211
80.9548,0.4458,1.9251
80.9550,0.4481,1.9331
80.9552,0.4461,1.9252
80.9554,0.4434,1.913
80.9556,0.4438,1.9163
80.9558,0.4438,1.9172
80.9560,0.4467,1.9269
80.9562,0.4583,1.9762
80.9564,0.5079,2.1903
80.9566,0.5398,2.3235
80.9568,0.5756,2.4773
80.9570,0.5939,2.5562
80.9572,0.575,2.4759
80.9574,0.5611,2.4193
80.9576,0.5563,2.3986
80.9578,0.5565,2.3974
80.9580,0.5566,2.3968
80.9582,0.5735,2.4697
80.9584,0.6257,2.6905
80.9586,0.6799,2.9236
80.9588,0.6713,2.8864
80.9590,0.71,3.053
80.9592,0.7251,3.1209
80.9594,0.6002,2.5867
80.9596,0.5313,2.2911
80.9598,0.5354,2.3087
80.9600,0.5378,2.3179
80.9602,0.5397,2.3251
80.9604,0.5659,2.4366
80.9606,0.5267,2.2688
80.9608,0.5342,2.3024
80.9610,0.595,2.5585
80.9612,0.709,3.0474
80.9614,0.6891,2.9633
80.9616,0.706,3.0331
80.9618,0.8144,3.5021
80.9620,0.7185,3.0867
80.9622,0.6968,3.0005
80.9624,0.6275,2.697
80.9626,0.6598,2.8409
80.9628,0.6196,2.6642
80.9630,0.7111,3.0576
80.9632,0.6805,2.9275
80.9634,0.6452,2.7771
80.9636,0.6834,2.9385
80.9638,0.6848,2.9433
80.9640,0.7029,3.0226
80.9642,0.6828,2.9359
80.9644,0.6785,2.9242
80.9646,0.5529,2.3819
80.9648,0.5366,2.3149
80.9650,0.5488,2.3666
80.9652,0.5605,2.4145
80.9654,0.5758,2.4783
80.9656,0.5873,2.5302
80.9658,0.604,2.5996
80.9660,0.6546,2.82
80.9662,0.5794,2.4984
80.9664,0.5147,2.2161
80.9666,0.5737,2.4725
80.9668,0.5771,2.4851
80.9670,0.6047,2.5991
80.9672,0.6891,2.9619
80.9674,0.664,2.859
80.9676,0.6533,2.8117
80.9678,0.6935,2.9832
80.9680,0.6373,2.7443
80.9682,0.5952,2.5619
80.9684,0.6213,2.6776
80.9686,0.5852,2.5221
80.9688,0.502,2.1634
80.9690,0.4849,2.09
80.9692,0.4856,2.0951
80.9694,0.4882,2.105
80.9696,0.4836,2.0843
80.9698,0.5408,2.3287
80.9700,0.596,2.565
80.9702,0.5996,2.5805
80.9704,0.5781,2.487
80.9706,0.6227,2.6751
80.9708,0.7372,3.1671
80.9710,0.7689,3.3015
80.9712,0.8003,3.4332
80.9714,0.8526,3.6592
80.9716,0.8654,3.7108
80.9718,0.8716,3.7324
80.9720,0.9653,4.1353
80.9722,0.9776,4.1843
80.9724,0.9875,4.2323
80.9726,0.9865,4.2282
80.9728,0.9695,4.1533
80.9730,0.9894,4.2366
80.9732,0.9457,4.0572
80.9734,0.9334,3.9949
80.9736,0.9874,4.2278
80.9738,0.9708,4.1589
80.9740,0.9603,4.1195
80.9742,0.9158,3.925
80.9744,0.9594,4.1101
80.9746,0.9221,3.9596
80.9748,0.8644,3.7119
80.9750,0.8262,3.5444
80.9752,0.8433,3.6196
80.9754,0.8298,3.5664
80.9756,0.8435,3.6201
80.9758,0.8593,3.6898
80.9760,0.816,3.5023
80.9762,0.8135,3.4931
80.9764,0.773,3.3206
80.9766,0.7775,3.3402
80.9768,0.7962,3.4205
80.9770,0.8935,3.8365
80.9772,0.9155,3.9331
80.9774,0.8632,3.705
80.9776,0.8606,3.6972
80.9778,0.7765,3.3361
80.9780,0.7938,3.4102
80.9782,0.803,3.4483
80.9784,0.7902,3.3979
80.9786,0.7393,3.1832
80.9788,0.6661,2.8683
80.9790,0.6517,2.805
80.9792,0.6458,2.7836
80.9794,0.6577,2.8295
80.9796,0.7196,3.0957
80.9798,0.696,2.9913
80.9800,0.6968,3.0005
80.9802,0.719,3.0931
80.9804,0.755,3.2509
80.9806,0.6708,2.8857
80.9808,0.7059,3.034
80.9810,0.7606,3.2706
80.9812,0.7574,3.2597
80.9814,0.6824,2.9358
80.9816,0.6795,2.9275
80.9818,0.6563,2.8259
80.9820,0.6662,2.8688
80.9822,0.6866,2.9524
80.9824,0.7441,3.2009
80.9826,0.7383,3.1717
80.9828,0.7421,3.1882
80.9830,0.7211,3.1038
80.9832,0.7054,3.0376
80.9834,0.699,3.007
80.9836,0.6964,2.9975
80.9838,0.6828,2.9414
80.9840,0.6681,2.877
80.9842,0.6227,2.6801
80.9844,0.6366,2.7387
80.9846,0.6709,2.8876
80.9848,0.7083,3.0472
80.9850,0.736,3.1708
80.9852,0.6432,2.7684
80.9854,0.6927,2.9829
80.9856,0.7135,3.0722
80.9858,0.6793,2.9223
80.9860,0.7065,3.0352
80.9862,0.721,3.1062
80.9864,0.5793,2.4956
80.9866,0.5455,2.3532
80.9868,0.5437,2.3454
80.9870,0.5623,2.42
80.9872,0.5856,2.5253
80.9874,0.5426,2.3408
80.9876,0.5433,2.3417
80.9878,0.5455,2.351
80.9880,0.5449,2.3441
80.9882,0.7202,3.0983
80.9884,0.6761,2.9165
80.9886,0.5467,2.3573
80.9888,0.537,2.3143
80.9890,0.5352,2.3087
80.9892,0.5482,2.3618
80.9894,0.616,2.6512
80.9896,0.664,2.8576
80.9898,0.6436,2.7699
80.9900,0.6424,2.7647
80.9902,0.6409,2.7611
80.9904,0.6422,2.7642
80.9906,0.693,2.9825
80.9908,0.663,2.8509
80.9910,0.6931,2.9803
80.9912,0.7583,3.2593
80.9914,0.7468,3.2068
80.9916,0.7951,3.4159
80.9918,0.8095,3.4826
80.9920,0.7408,3.1899
80.9922,0.6322,2.7209
80.9924,0.6208,2.6743
80.9926,0.6253,2.6927
80.9928,0.6595,2.8346
80.9930,0.7075,3.0393
80.9932,0.7017,3.023
80.9934,0.6305,2.7174
80.9936,0.6141,2.6466
80.9938,0.603,2.5967
80.9940,0.6045,2.6041
80.9942,0.6219,2.674
80.9944,0.6881,2.9614
80.9946,0.7304,3.1406
80.9948,0.7542,3.2372
80.9950,0.8182,3.5148
80.9952,0.808,3.4742
80.9954,0.7818,3.3572
80.9956,0.7454,3.2096
80.9958,0.628,2.7078
80.9960,0.5675,2.445
80.9962,0.5818,2.5064
80.9964,0.5815,2.5026
80.9966,0.65,2.8017
80.9968,0.618,2.6625
80.9970,0.6325,2.7224
80.9972,0.7028,3.0221
80.9974,0.7154,3.0819
80.9976,0.5809,2.5046
80.9978,0.5241,2.2601
80.9980,0.482,2.0786
80.9982,0.6129,2.6402
80.9984,0.55,2.3762
80.9986,0.4118,1.7805
80.9988,0.4024,1.7401
80.9990,0.3982,1.7203
80.9992,0.3897,1.6836
80.9994,0.3888,1.6786
80.9996,0.4172,1.7997
80.9998,0.5524,2.3832
81.0000,0.5027,2.1675
81.0002,0.4884,2.107
81.0004,0.5107,2.2032
81.0006,0.5197,2.2368
81.0008,0.5545,2.3876
81.0010,0.5866,2.5271
81.0012,0.6027,2.5987
81.0014,0.5446,2.343
81.0016,0.6491,2.7975
81.0018,0.53,2.2843
81.0020,0.5367,2.3144
81.0022,0.5377,2.3163
81.0024,0.5842,2.5109
81.0026,0.6794,2.9242
81.0028,0.6409,2.7586
81.0030,0.651,2.798
81.0032,0.6761,2.9057
81.0034,0.7052,3.0295
81.0036,0.7541,3.2427
81.0038,0.7623,3.2748
81.0040,0.7733,3.3175
81.0042,0.8304,3.564
81.0044,0.8555,3.6699
81.0046,0.8628,3.703
81.0048,0.8644,3.705
81.0050,0.892,3.825
81.0052,0.9154,3.9216
81.0054,1.0015,4.2924
81.0056,0.9673,4.146
81.0058,1.0113,4.3265
81.0060,1.1015,4.7079
81.0062,1.1347,4.8521
81.0064,1.0477,4.4882
81.0066,1.0088,4.3238
81.0068,0.9896,4.2416
81.0070,0.9787,4.1968
81.0072,0.9453,4.0514
81.0074,0.9654,4.1377
81.0076,1.0194,4.3629
81.0078,1.1006,4.7082
81.0080,1.0557,4.5226
81.0082,1.0413,4.461
81.0084,1.0183,4.3664
81.0086,1.0019,4.29
81.0088,1.0402,4.4522
81.0090,1.0695,4.5881
81.0092,0.9936,4.2605
81.0094,0.9044,3.8816
81.0096,0.911,3.9062
81.0098,0.9582,4.1127
81.0100,0.9737,4.1771
81.0102,0.984,4.2174
81.0104,1.0478,4.4866
81.0106,1.0679,4.575
81.0108,1.0051,4.3119
81.0110,0.9015,3.8746
81.0112,0.8914,3.8296
81.0114,0.8865,3.8049
81.0116,0.9069,3.8996
81.0118,0.8018,3.448
81.0120,0.7692,3.3092
81.0122,0.724,3.1177
81.0124,0.6864,2.9596
81.0126,0.653,2.812
81.0128,0.6996,3.0137
81.0130,0.6946,2.9967
81.0132,0.6418,2.7635
81.0134,0.6973,3.0053
81.0136,0.5961,2.5727
81.0138,0.5204,2.2451
81.0140,0.5639,2.4317
81.0142,0.5703,2.458
81.0144,0.5902,2.5438
81.0146,0.628,2.7053
81.0148,0.6716,2.8947
81.0150,0.6674,2.8766
81.0152,0.6016,2.5929
81.0154,0.5533,2.3868
81.0156,0.4976,2.1468
81.0158,0.5449,2.3528
81.0160,0.5129,2.2135
81.0162,0.4932,2.1296
81.0164,0.4777,2.0638
81.0166,0.482,2.0805
81.0168,0.4961,2.1401
81.0170,0.5081,2.1938
81.0172,0.5163,2.2316
81.0174,0.4432,1.9137
81.0176,0.4597,1.9852
81.0178,0.4138,1.7877
81.0180,0.4543,1.961
81.0182,0.5536,2.3862
81.0184,0.5554,2.3939
81.0186,0.5406,2.3341
81.0188,0.4672,2.0173
81.0190,0.4511,1.9479
81.0192,0.4367,1.8849
81.0194,0.4306,1.8593
81.0196,0.4396,1.8991
81.0198,0.4468,1.931
81.0200,0.4364,1.8842
81.0202,0.4317,1.864
81.0204,0.4354,1.8801
81.0206,0.4457,1.9246
81.0208,0.4521,1.9511
81.0210,0.4672,2.0135
81.0212,0.521,2.2477
81.0214,0.5386,2.3205
81.0216,0.5809,2.5023
81.0218,0.5891,2.5332
81.0220,0.5951,2.5662
81.0222,0.53,2.2843
81.0224,0.5836,2.5095
81.0226,0.6665,2.8685
81.0228,0.6656,2.8649
81.0230,0.664,2.859
81.0232,0.6807,2.9272
81.0234,0.714,3.0743
81.0236,0.6726,2.8935
81.0238,0.6951,2.9932
81.0240,0.6024,2.5941
81.0242,0.6265,2.6954
81.0244,0.6805,2.9302
81.0246,0.6649,2.8591
81.0248,0.7204,3.0964
81.0250,0.7789,3.3464
81.0252,0.7883,3.3865
81.0254,0.7119,3.0641
81.0256,0.6654,2.8652
81.0258,0.6735,2.9003
81.0260,0.638,2.7474
81.0262,0.6166,2.6563
81.0264,0.6181,2.663
81.0266,0.6298,2.7118
81.0268,0.6588,2.8328
81.0270,0.6917,2.981
81.0272,0.6544,2.815
81.0274,0.6903,2.9684
81.0276,0.6949,2.9908
81.0278,0.6486,2.7929
81.0280,0.6647,2.8621
81.0282,0.7136,3.0699
81.0284,0.6349,2.7366
81.0286,0.5529,2.3797
81.0288,0.6397,2.7572
81.0290,0.5095,2.198
81.0292,0.477,2.055
81.0294,0.5123,2.2089
81.0296,0.4946,2.1339
81.0298,0.501,2.1603
81.0300,0.5114,2.2032
81.0302,0.5298,2.2854
81.0304,0.4984,2.1499
81.0306,0.53,2.2822
81.0308,0.6111,2.6313
81.0310,0.6053,2.6077
81.0312,0.5462,2.3574
81.0314,0.5109,2.2022
81.0316,0.5517,2.379
81.0318,0.5412,2.3324
81.0320,0.5632,2.4309
81.0322,0.4318,1.8645
81.0324,0.4179,1.8036
81.0326,0.4212,1.819
81.0328,0.4361,1.8797
81.0330,0.5406,2.3287
81.0332,0.5262,2.2699
81.0334,0.5031,2.1696
81.0336,0.5336,2.2988
81.0338,0.5536,2.385
81.0340,0.5196,2.2404
81.0342,0.4906,2.1143
81.0344,0.4784,2.0631
81.0346,0.4796,2.0692
81.0348,0.4819,2.0781
81.0350,0.4846,2.0904
81.0352,0.4755,2.0501
81.0354,0.483,2.0846
81.0356,0.4822,2.0801
81.0358,0.483,2.0817
81.0360,0.4864,2.0972
81.0362,0.5205,2.2435
81.0364,0.5113,2.2047
81.0366,0.5512,2.3725
81.0368,0.6307,2.7134
81.0370,0.6226,2.6821
81.0372,0.595,2.5621
81.0374,0.6444,2.7697
81.0376,0.7328,3.1466
81.0378,0.775,3.3263
81.0380,0.7931,3.4056
81.0382,0.786,3.3783
81.0384,0.7894,3.3896
81.0386,0.8387,3.5945
81.0388,0.9023,3.8674
81.0390,0.8713,3.736
81.0392,0.8519,3.6562
81.0394,0.8662,3.7093
81.0396,0.9896,4.2396
81.0398,0.9928,4.251
81.0400,0.9517,4.083
81.0402,0.9122,3.915
81.0404,0.8953,3.8425
81.0406,0.9141,3.9159
81.0408,0.8941,3.8373
81.0410,0.8683,3.7232
81.0412,0.9381,4.0168
81.0414,0.9257,3.9713
81.0416,0.8882,3.8139
81.0418,0.8632,3.705
81.0420,0.8567,3.6767
81.0422,0.8637,3.7054
81.0424,0.8802,3.7759
81.0426,0.9281,3.9705
81.0428,1.0152,4.3449
81.0430,1.0558,4.5168
81.0432,1.145,4.8985
81.0434,1.1562,4.9416
81.0436,1.1273,4.818
81.0438,1.1037,4.7215
81.0440,1.0922,4.6701
81.0442,1.0809,4.637
81.0444,0.9294,3.991
81.0446,0.9214,3.9583
81.0448,0.859,3.6853
81.0450,0.9279,3.9824
81.0452,0.8788,3.772
81.0454,0.8878,3.8088
81.0456,0.874,3.7549
81.0458,0.8058,3.4617
81.0460,0.8063,3.4686
81.0462,0.74,3.1834
81.0464,0.834,3.5845
81.0466,0.8174,3.5117
81.0468,0.8275,3.56
81.0470,0.7953,3.418
81.0472,0.8219,3.5291
81.0474,0.8367,3.5963
81.0476,0.7798,3.3546
81.0478,0.7449,3.2045
81.0480,0.739,3.1822
81.0482,0.7086,3.0482
81.0484,0.7066,3.0386
81.0486,0.7429,3.1943
81.0488,0.7372,3.1759
81.0490,0.6493,2.796
81.0492,0.6298,2.7169
81.0494,0.5678,2.4483
81.0496,0.6044,2.6024
81.0498,0.6725,2.8983
81.0500,0.5902,2.545
81.0502,0.5647,2.4348
81.0504,0.5627,2.4254
81.0506,0.5655,2.4373
81.0508,0.6282,2.7064
81.0510,0.6124,2.6418
81.0512,0.5663,2.4432
81.0514,0.5617,2.4219
81.0516,0.552,2.3789
81.0518,0.5602,2.4168
81.0520,0.5749,2.4788
81.0522,0.5842,2.5156
81.0524,0.6217,2.681
81.0526,0.5118,2.2109
81.0528,0.4933,2.1301
81.0530,0.5005,2.1572
81.0532,0.5599,2.4119
81.0534,0.5713,2.4644
81.0536,0.5382,2.3216
81.0538,0.562,2.4212
81.0540,0.5518,2.3784
81.0542,0.5358,2.3102
81.0544,0.5349,2.3087
81.0546,0.5282,2.2755
81.0548,0.5903,2.5419
81.0550,0.5809,2.5058
81.0552,0.5229,2.2549
81.0554,0.5228,2.2544
81.0556,0.5265,2.2694
81.0558,0.5806,2.5013
81.0560,0.6249,2.6931
81.0562,0.6303,2.7139
81.0564,0.6316,2.7196
81.0566,0.6324,2.7244
81.0568,0.6388,2.7505
81.0570,0.678,2.9153
81.0572,0.6909,2.9724
81.0574,0.7148,3.0736
81.0576,0.7635,3.2845
81.0578,0.7393,3.1788
81.0580,0.7768,3.3355
81.0582,0.7973,3.4252
81.0584,0.7023,3.027
81.0586,0.6181,2.663
81.0588,0.6141,2.6442
81.0590,0.607,2.6174
81.0592,0.6048,2.6056
81.0594,0.6048,2.6056
81.0596,0.612,2.6342
81.0598,0.6111,2.6337
81.0600,0.6056,2.6087
81.0602,0.6349,2.7328
81.0604,0.6098,2.6268
81.0606,0.6137,2.6426
81.0608,0.6343,2.7314
81.0610,0.6544,2.8177
81.0612,0.6955,2.9906
81.0614,0.7467,3.2033
81.0616,0.8432,3.6208
81.0618,0.8388,3.6034
81.0620,0.7415,3.196
81.0622,0.6309,2.7152
81.0624,0.6528,2.8083
81.0626,0.6824,2.9385
81.0628,0.6797,2.9266
81.0630,0.7009,3.0124
81.0632,0.7599,3.266
81.0634,0.7648,3.2902
81.0636,0.7273,3.1272
81.0638,0.709,3.0474
81.0640,0.6914,2.9745
81.0642,0.7506,3.2278
81.0644,0.7373,3.175
81.0646,0.6268,2.6989
81.0648,0.6753,2.9026
81.0650,0.7984,3.4282
81.0652,0.855,3.6695
81.0654,0.821,3.5255
81.0656,0.7935,3.4087
81.0658,0.8064,3.4643
81.0660,0.7908,3.4053
81.0662,0.6577,2.8295
81.0664,0.6238,2.686
81.0666,0.6592,2.8344
81.0668,0.7455,3.2041
81.0670,0.7932,3.4029
81.0672,0.8333,3.588
81.0674,0.658,2.8305
81.0676,0.7223,3.109
81.0678,0.6852,2.9531
81.0680,0.645,2.7761
81.0682,0.6342,2.7335
81.0684,0.5749,2.4799
81.0686,0.4955,2.1385
81.0688,0.4878,2.1044
81.0690,0.4836,2.0882
81.0692,0.4816,2.0794
81.0694,0.484,2.0888
81.0696,0.4868,2.1002
81.0698,0.513,2.211
81.0700,0.5522,2.3788
81.0702,0.6144,2.647
81.0704,0.5856,2.5253
81.0706,0.5763,2.4827
81.0708,0.6562,2.8241
81.0710,0.7154,3.0791
81.0712,0.731,3.1447
81.0714,0.7333,3.1472
81.0716,0.8363,3.5909
81.0718,0.8086,3.4736
81.0720,0.8237,3.5303
81.0722,0.9589,4.11
81.0724,1.0133,4.3408
81.0726,0.9949,4.2622
81.0728,0.9872,4.2313
81.0730,0.9667,4.1434
81.0732,0.9691,4.1517
81.0734,0.9745,4.1827
81.0736,0.9396,4.0272
81.0738,0.9676,4.1451
81.0740,1.0083,4.3217
81.0742,0.9682,4.1534
81.0744,0.9586,4.1065
81.0746,0.9956,4.2653
81.0748,0.9859,4.2296
81.0750,0.9739,4.1781
81.0752,0.9755,4.1829
81.0754,0.9877,4.2373
81.0756,0.9672,4.1493
81.0758,0.9517,4.0734
81.0760,1.0188,4.3664
81.0762,1.0077,4.3333
81.0764,0.79,3.4001
81.0766,0.6823,2.938
81.0768,0.6994,3.0104
81.0770,0.7407,3.185
81.0772,0.7301,3.1455
81.0774,0.706,3.0388
81.0776,0.7606,3.2721
81.0778,0.7739,3.3232
81.0780,0.8204,3.5295
81.0782,0.7975,3.4294
81.0784,0.7593,3.2725
81.0786,0.66,2.8433
81.0788,0.6336,2.7334
81.0790,0.5883,2.5367
81.0792,0.6318,2.713
81.0794,0.755,3.2524
81.0796,0.6804,2.927
81.0798,0.7275,3.1312
81.0800,0.6786,2.9247
81.0802,0.5903,2.5467
81.0804,0.6042,2.603
81.0806,0.6389,2.7587
81.0808,0.5064,2.1866
81.0810,0.4816,2.0794
81.0812,0.4913,2.1204
81.0814,0.5011,2.1608
81.0816,0.6099,2.6224
81.0818,0.7372,3.1671
81.0820,0.767,3.3025
81.0822,0.6824,2.9399
81.0824,0.7054,3.0334
81.0826,0.7557,3.2479
81.0828,0.707,3.0443
81.0830,0.636,2.7399
81.0832,0.6208,2.6756
81.0834,0.6269,2.7032
81.0836,0.6607,2.8437
81.0838,0.6666,2.873
81.0840,0.6512,2.8029
81.0842,0.7823,3.3639
81.0844,0.79,3.4001
81.0846,0.6656,2.8635
81.0848,0.6631,2.8567
81.0850,0.6625,2.8581
81.0852,0.5703,2.4614
81.0854,0.5343,2.304
81.0856,0.5563,2.3997
81.0858,0.5493,2.3676
81.0860,0.5597,2.4125
81.0862,0.5668,2.4419
81.0864,0.5562,2.3981
81.0866,0.6126,2.6404
81.0868,0.5392,2.3295
81.0870,0.4617,1.9944
81.0872,0.4545,1.9615
81.0874,0.4536,1.9569
81.0876,0.4565,1.9703
81.0878,0.4537,1.9593
81.0880,0.4733,2.0418
81.0882,0.504,2.1762
81.0884,0.4537,1.9602
81.0886,0.4492,1.9396
81.0888,0.4793,2.0676
81.0890,0.5271,2.2719
81.0892,0.5752,2.4792
81.0894,0.5545,2.3898
81.0896,0.5603,2.4162
81.0898,0.5583,2.4074
81.0900,0.5581,2.4064
81.0902,0.5615,2.4203
81.0904,0.5743,2.4728
81.0906,0.6295,2.7146
81.0908,0.6138,2.6395
81.0910,0.6769,2.9147
81.0912,0.6515,2.804
81.0914,0.7039,3.0295
81.0916,0.7203,3.0973
81.0918,0.6438,2.7761
81.0920,0.5448,2.3501
81.0922,0.543,2.3412
81.0924,0.5503,2.3706
81.0926,0.5533,2.3857
81.0928,0.552,2.3811
81.0930,0.5522,2.3811
81.0932,0.5503,2.3695
81.0934,0.5639,2.4306
81.0936,0.5643,2.4333
81.0938,0.5578,2.4042
81.0940,0.5701,2.4535
81.0942,0.6239,2.6878
81.0944,0.6301,2.7121
81.0946,0.7125,3.0553
81.0948,0.7961,3.4248
81.0950,0.7066,3.0456
81.0952,0.5556,2.3955
81.0954,0.5016,2.1639
81.0956,0.5256,2.2694
81.0958,0.4981,2.1499
81.0960,0.4874,2.1028
81.0962,0.497,2.1412
81.0964,0.5075,2.1902
81.0966,0.535,2.3071
81.0968,0.5223,2.2534
81.0970,0.5185,2.2347
81.0972,0.5709,2.4594
81.0974,0.563,2.4253
81.0976,0.5594,2.4132
81.0978,0.5209,2.2451
81.0980,0.5108,2.1996
81.0982,0.5633,2.4246
81.0984,0.5946,2.5629
81.0986,0.5126,2.2145
81.0988,0.4005,1.7294
81.0990,0.3998,1.7239
81.0992,0.494,2.1283
81.0994,0.5587,2.409
81.0996,0.4972,2.1447
81.0998,0.4787,2.0641
81.1000,0.48,2.0708
81.1002,0.4802,2.0708
81.1004,0.489,2.1095
81.1006,0.5226,2.2502
81.1008,0.5172,2.2321
81.1010,0.4775,2.0608
81.1012,0.4732,2.0422
81.1014,0.4848,2.0885
81.1016,0.5528,2.3781
81.1018,0.6183,2.6585
81.1020,0.6143,2.6464
81.1022,0.5879,2.5328
81.1024,0.6166,2.6538
81.1026,0.6177,2.6584
81.1028,0.6156,2.6484
81.1030,0.6743,2.8993
81.1032,0.7053,3.0244
81.1034,0.8318,3.5702
81.1036,0.8214,3.5271
81.1038,0.8117,3.4837
81.1040,0.8004,3.4354
81.1042,0.7945,3.4086
81.1044,0.8562,3.673
81.1046,0.8646,3.7055
81.1048,0.8956,3.8404
81.1050,0.9394,4.0225
81.1052,1.0103,4.3239
81.1054,1.0224,4.3737
81.1056,1.0514,4.502
81.1058,1.0492,4.4865
81.1060,1.1317,4.8325
81.1062,1.1526,4.9308
81.1064,1.0715,4.5862
81.1066,0.9978,4.2785
81.1068,0.9661,4.1408
81.1070,1.0503,4.4911
81.1072,1.126,4.8169
81.1074,1.0988,4.7027
81.1076,1.0755,4.6031
81.1078,1.0766,4.5969
81.1080,1.1432,4.8885
81.1082,1.0847,4.6491
81.1084,0.937,4.0272
81.1086,0.8533,3.6623
81.1088,0.9369,4.0154
81.1090,0.9691,4.1576
81.1092,0.9508,4.0788
81.1094,0.9558,4.0947
81.1096,0.9679,4.1485
81.1098,0.8683,3.7319
81.1100,0.7978,3.432
81.1102,0.7841,3.3716
81.1104,0.795,3.4154
81.1106,0.8112,3.4849
81.1108,0.8578,3.6853
81.1110,0.8002,3.4391
81.1112,0.7895,3.3964
81.1114,0.7426,3.1962
81.1116,0.7875,3.3877
81.1118,0.7443,3.199
81.1120,0.7125,3.0624
81.1122,0.7528,3.2416
81.1124,0.7321,3.1479
81.1126,0.7405,3.1854
81.1128,0.7309,3.1442
81.1130,0.7071,3.0434
81.1132,0.7083,3.05
81.1134,0.7012,3.0153
81.1136,0.7758,3.3361
81.1138,0.7106,3.0598
81.1140,0.6944,2.9887
81.1142,0.722,3.106
81.1144,0.698,3.0014
81.1146,0.7479,3.2249
81.1148,0.6378,2.7464
81.1150,0.7147,3.076
81.1152,0.6943,2.991
81.1154,0.671,2.8894
81.1156,0.6604,2.8448
81.1158,0.6337,2.7327
81.1160,0.5587,2.409
81.1162,0.565,2.4375
81.1164,0.5709,2.4629
81.1166,0.6005,2.5918
81.1168,0.5147,2.2223
81.1170,0.4836,2.0882
81.1172,0.4844,2.0918
81.1174,0.5087,2.1923
81.1176,0.5673,2.4473
81.1178,0.5699,2.4519
81.1180,0.7551,3.2499
81.1182,0.7102,3.0625
81.1184,0.6121,2.6396
81.1186,0.5426,2.3408
81.1188,0.51,2.2001
81.1190,0.5089,2.1954
81.1192,0.5094,2.1965
81.1194,0.5229,2.2549
81.1196,0.5255,2.2658
81.1198,0.5113,2.2068
81.1200,0.5107,2.2032
81.1202,0.5121,2.2084
81.1204,0.5232,2.258
81.1206,0.5214,2.2492
81.1208,0.5136,2.2156
81.1210,0.5137,2.2141
81.1212,0.5268,2.2714
81.1214,0.5308,2.2901
81.1216,0.5533,2.3857
81.1218,0.5976,2.5722
81.1220,0.6846,2.9437
81.1222,0.7781,3.3412
81.1224,0.8264,3.552
81.1226,0.7168,3.0838
81.1228,0.6717,2.8899
81.1230,0.6704,2.8842
81.1232,0.6818,2.9345
81.1234,0.7183,3.09
81.1236,0.7577,3.2521
81.1238,0.8395,3.6048
81.1240,0.8567,3.6802
81.1242,0.8489,3.645
81.1244,0.8221,3.5302
81.1246,0.8596,3.6862
81.1248,0.8775,3.7698
81.1250,0.845,3.6353
81.1252,0.7947,3.4138
81.1254,0.7998,3.4392
81.1256,0.712,3.066
81.1258,0.6881,2.9614
81.1260,0.6925,2.9777
81.1262,0.7064,3.0389
81.1264,0.7385,3.1787
81.1266,0.7425,3.1927
81.1268,0.753,3.2366
81.1270,0.7607,3.2741
81.1272,0.6849,2.948
81.1274,0.6249,2.6894
81.1276,0.6909,2.9738
81.1278,0.7333,3.1516
81.1280,0.775,3.334
81.1282,0.7423,3.1932
81.1284,0.6968,3.0046
81.1286,0.6319,2.7224
81.1288,0.6247,2.6951
81.1290,0.5768,2.4859
81.1292,0.5933,2.556
81.1294,0.5964,2.573
81.1296,0.5855,2.5236
81.1298,0.6367,2.7418
81.1300,0.6292,2.7092
81.1302,0.6211,2.6771
81.1304,0.6125,2.6387
81.1306,0.5891,2.538
81.1308,0.5827,2.5089
81.1310,0.5789,2.4964
81.1312,0.6156,2.6521
81.1314,0.6068,2.6163
81.1316,0.5783,2.4938
81.1318,0.5431,2.3418
81.1320,0.502,2.1704
81.1322,0.4179,1.8036
81.1324,0.5063,2.183
81.1326,0.4975,2.1463
81.1328,0.4856,2.096
81.1330,0.4831,2.0852
81.1332,0.4838,2.0863
81.1334,0.4849,2.0929
81.1336,0.4906,2.1173
81.1338,0.4848,2.0914
81.1340,0.4885,2.1075
81.1342,0.4973,2.1442
81.1344,0.5523,2.3816
81.1346,0.5239,2.259
81.1348,0.5524,2.3788
81.1350,0.605,2.6049
81.1352,0.6623,2.8544
81.1354,0.5687,2.4547
81.1356,0.5002,2.1567
81.1358,0.4873,2.1004
81.1360,0.4826,2.0821
81.1362,0.5009,2.1578
81.1364,0.555,2.3929
81.1366,0.5777,2.4889
81.1368,0.6185,2.6633
81.1370,0.5886,2.5335
81.1372,0.6323,2.7227
81.1374,0.639,2.7477
81.1376,0.7033,3.0227
81.1378,0.7418,3.1837
81.1380,0.805,3.4565
81.1382,0.7817,3.3598
81.1384,0.8184,3.5142
81.1386,0.8629,3.7018
81.1388,0.8809,3.7789
81.1390,0.857,3.6783
81.1392,0.8427,3.6137
81.1394,0.9264,3.9726
81.1396,0.9714,4.1596
81.1398,1.0151,4.3505
81.1400,0.9719,4.1636
81.1402,0.9631,4.1241
81.1404,1.0153,4.3556
81.1406,0.971,4.1638
81.1408,0.91,3.8948
81.1410,1.0059,4.3094
81.1412,0.9779,4.1892
81.1414,0.9942,4.2671
81.1416,0.9588,4.1114
81.1418,1.0204,4.3675
81.1420,1.0868,4.6513
81.1422,1.0593,4.5338
81.1424,1.1155,4.77
81.1426,1.1912,5.1055
81.1428,1.0357,4.4431
81.1430,0.98,4.2004
81.1432,0.9935,4.258
81.1434,0.9907,4.2521
81.1436,0.9423,4.0442
81.1438,0.8733,3.75
81.1440,0.8498,3.6457
81.1442,0.9156,3.9318
81.1444,0.8737,3.7533
81.1446,0.8869,3.8082
81.1448,0.8523,3.665
81.1450,0.752,3.235
81.1452,0.7432,3.1988
81.1454,0.73,3.1376
81.1456,0.7721,3.3216
81.1458,0.7455,3.2071
81.1460,0.7038,3.0318
81.1462,0.6563,2.8286
81.1464,0.6454,2.7802
81.1466,0.6255,2.6957
81.1468,0.6274,2.7027
81.1470,0.6233,2.6877
81.1472,0.5344,2.3056
81.1474,0.5132,2.213
81.1476,0.5085,2.1969
81.1478,0.5591,2.4099
81.1480,0.6506,2.803
81.1482,0.6187,2.6655
81.1484,0.6161,2.6554
81.1486,0.6691,2.8825
81.1488,0.6321,2.7242
81.1490,0.5835,2.5148
81.1492,0.5794,2.4973
81.1494,0.5827,2.5136
81.1496,0.5755,2.4837
81.1498,0.5145,2.2208
81.1500,0.4908,2.1183
81.1502,0.5045,2.1773
81.1504,0.5614,2.4186
81.1506,0.5462,2.3585
81.1508,0.44,1.9024
81.1510,0.4021,1.7377
81.1512,0.4493,1.9401
81.1514,0.4489,1.9395
81.1516,0.4521,1.952
81.1518,0.4577,1.9764
81.1520,0.4454,1.9221
81.1522,0.4443,1.9184
81.1524,0.4462,1.9249
81.1526,0.4479,1.9339
81.1528,0.4503,1.9461
81.1530,0.4467,1.9296
81.1532,0.4432,1.9137
81.1534,0.4475,1.9323
81.1536,0.4482,1.9355
81.1538,0.4462,1.9258
81.1540,0.4474,1.93
81.1542,0.4464,1.9268
81.1544,0.4558,1.9681
81.1546,0.4648,2.0051
81.1548,0.4585,1.9791
81.1550,0.4541,1.9599
81.1552,0.4744,2.0455
81.1554,0.5328,2.293
81.1556,0.6229,2.6811
81.1558,0.6335,2.7291
81.1560,0.5717,2.4642
81.1562,0.5961,2.5655
81.1564,0.6018,2.5951
81.1566,0.5657,2.4395
81.1568,0.557,2.4006
81.1570,0.5572,2.3994
81.1572,0.6102,2.624
81.1574,0.6811,2.9301
81.1576,0.6576,2.8198
81.1578,0.7839,3.3612
81.1580,0.8457,3.6401
81.1582,0.6818,2.9386
81.1584,0.5626,2.4238
81.1586,0.554,2.3866
81.1588,0.5374,2.3164
81.1590,0.5285,2.2766
81.1592,0.5388,2.321
81.1594,0.53,2.2854
81.1596,0.5267,2.272
81.1598,0.5234,2.2581
81.1600,0.5225,2.2518
81.1602,0.5298,2.2823
81.1604,0.533,2.2973
81.1606,0.5262,2.2678
81.1608,0.5807,2.4972
81.1610,0.7191,3.0865
81.1612,0.8105,3.4868
81.1614,0.7394,3.1838
81.1616,0.6325,2.7237
81.1618,0.5878,2.5323
81.1620,0.5811,2.5046
81.1622,0.5439,2.3411
81.1624,0.5992,2.5766
81.1626,0.6161,2.6505
81.1628,0.6527,2.8079
81.1630,0.6767,2.9124
81.1632,0.6466,2.7777
81.1634,0.7063,3.0399
81.1636,0.6529,2.8128
81.1638,0.5913,2.5438
81.1640,0.642,2.762
81.1642,0.6637,2.8514
81.1644,0.7639,3.28
81.1646,0.7435,3.1969
81.1648,0.6712,2.8873
81.1650,0.6592,2.8371
81.1652,0.661,2.8461
81.1654,0.6815,2.9276
81.1656,0.7697,3.3037
81.1658,0.7646,3.2892
81.1660,0.6808,2.93
81.1662,0.6638,2.8585
81.1664,0.6262,2.6989
81.1666,0.6111,2.6313
81.1668,0.6246,2.6884
81.1670,0.6527,2.8066
81.1672,0.6677,2.8764
81.1674,0.5458,2.3537
81.1676,0.4936,2.1273
81.1678,0.4883,2.1055
81.1680,0.4922,2.1236
81.1682,0.491,2.1184
81.1684,0.4913,2.1184
81.1686,0.4869,2.1003
81.1688,0.4866,2.0992
81.1690,0.5069,2.1836
81.1692,0.528,2.2745
81.1694,0.5052,2.1754
81.1696,0.5461,2.3515
81.1698,0.5791,2.4935
81.1700,0.622,2.6808
81.1702,0.5801,2.4958
81.1704,0.6147,2.6419
81.1706,0.7105,3.0551
81.1708,0.7107,3.0519
81.1710,0.7653,3.2831
81.1712,0.8508,3.6533
81.1714,0.811,3.4823
81.1716,0.8809,3.772
81.1718,1.006,4.3035
81.1720,0.9952,4.2613
81.1722,0.9386,4.0208
81.1724,0.9755,4.179
81.1726,0.9785,4.1938
81.1728,0.9739,4.1724
81.1730,0.9372,4.017
81.1732,0.9514,4.0758
81.1734,0.9641,4.138
81.1736,0.9075,3.8878
81.1738,0.9618,4.1166
81.1740,0.9738,4.1757
81.1742,0.8972,3.8526
81.1744,0.8267,3.5531
81.1746,0.816,3.5056
81.1748,0.8456,3.6312
81.1750,0.8496,3.6464
81.1752,0.8466,3.637
81.1754,0.8398,3.6059
81.1756,0.833,3.5754
81.1758,0.8641,3.7087
81.1760,0.889,3.8229
81.1762,0.8213,3.5283
81.1764,0.8342,3.5839
81.1766,0.7846,3.3738
81.1768,0.7691,3.3026
81.1770,0.8691,3.7269
81.1772,0.9062,3.8857
81.1774,0.8544,3.6687
81.1776,0.8394,3.6027
81.1778,0.8827,3.7956
81.1780,0.7721,3.3217
81.1782,0.7119,3.0656
81.1784,0.6755,2.9086
81.1786,0.6502,2.7996
81.1788,0.6487,2.7896
81.1790,0.7395,3.1784
81.1792,0.7722,3.3222
81.1794,0.7617,3.2783
81.1796,0.6768,2.9156
81.1798,0.6658,2.8641
81.1800,0.6607,2.8464
81.1802,0.6689,2.8789
81.1804,0.7049,3.0337
81.1806,0.6949,2.9881
81.1808,0.7472,3.2144
81.1810,0.739,3.1852
81.1812,0.5984,2.5802
81.1814,0.5837,2.5148
81.1816,0.6467,2.786
81.1818,0.6599,2.8415
81.1820,0.6698,2.8817
81.1822,0.7274,3.1278
81.1824,0.695,2.9955
81.1826,0.604,2.6045
81.1828,0.5899,2.5411
81.1830,0.5909,2.5458
81.1832,0.5866,2.5272
81.1834,0.5914,2.5502
81.1836,0.5996,2.5829
81.1838,0.6355,2.7379
81.1840,0.6279,2.7024
81.1842,0.6613,2.8424
81.1844,0.7347,3.1607
81.1846,0.717,3.0887
81.1848,0.6702,2.8819
81.1850,0.7209,3.1
81.1852,0.6529,2.8102
81.1854,0.6863,2.9537
81.1856,0.711,3.0629
81.1858,0.6373,2.7457
81.1860,0.5816,2.5078
81.1862,0.5559,2.396
81.1864,0.5431,2.3429
81.1866,0.5316,2.2922
81.1868,0.5319,2.2937
81.1870,0.5336,2.301
81.1872,0.5355,2.3092
81.1874,0.6242,2.6839
81.1876,0.6804,2.9339
81.1878,0.5552,2.3929
81.1880,0.5542,2.3877
81.1882,0.63,2.7116
81.1884,0.6393,2.7527
81.1886,0.6364,2.7365
81.1888,0.6367,2.7418
81.1890,0.6437,2.7718
81.1892,0.6749,2.906
81.1894,0.6913,2.9754
81.1896,0.6854,2.946
81.1898,0.7793,3.3511
81.1900,0.7346,3.1602
81.1902,0.6531,2.8107
81.1904,0.6173,2.6606
81.1906,0.6126,2.638
81.1908,0.6834,2.9386
81.1910,0.6932,2.9864
81.1912,0.6327,2.7243
81.1914,0.6218,2.6773
81.1916,0.6094,2.6229
81.1918,0.6071,2.6143
81.1920,0.6096,2.6276
81.1922,0.6153,2.6519
81.1924,0.6104,2.6294
81.1926,0.6042,2.6031
81.1928,0.6072,2.616
81.1930,0.6111,2.6301
81.1932,0.6167,2.6556
81.1934,0.6086,2.6217
81.1936,0.5943,2.5602
81.1938,0.6186,2.6626
81.1940,0.7225,3.1067
81.1942,0.6776,2.9165
81.1944,0.6867,2.9544
81.1946,0.7123,3.0628
81.1948,0.6948,2.9945
81.1950,0.5803,2.4986
81.1952,0.6583,2.8361
81.1954,0.6052,2.606
81.1956,0.5973,2.5719
81.1958,0.6268,2.7015
81.1960,0.6364,2.739
81.1962,0.6501,2.7978
81.1964,0.6034,2.5995
81.1966,0.6048,2.602
81.1968,0.6429,2.7694
81.1970,0.605,2.605
81.1972,0.5919,2.5511
81.1974,0.5978,2.5752
81.1976,0.6024,2.5929
81.1978,0.6239,2.6878
81.1980,0.5801,2.4993
81.1982,0.5238,2.2575
81.1984,0.5897,2.537
81.1986,0.6733,2.9006
81.1988,0.5762,2.4845
81.1990,0.5058,2.182
81.1992,0.5249,2.2632
81.1994,0.537,2.3111
81.1996,0.56,2.4147
81.1998,0.493,2.1276
81.2000,0.498,2.1454
81.2002,0.5046,2.1778
81.2004,0.4945,2.1334
81.2006,0.4937,2.1258
81.2008,0.5575,2.405
81.2010,0.5089,2.1955
81.2012,0.5094,2.1955
81.2014,0.5048,2.1759
81.2016,0.5431,2.3385
81.2018,0.5927,2.5499
81.2020,0.6237,2.683
81.2022,0.68,2.9228
81.2024,0.6828,2.9415
81.2026,0.6411,2.7553
81.2028,0.7243,3.113
81.2030,0.7454,3.1992
81.2032,0.7871,3.383
81.2034,0.7176,3.0855
81.2036,0.6979,2.9968
81.2038,0.7731,3.3212
81.2040,0.7616,3.2702
81.2042,0.8387,3.5996
81.2044,0.8482,3.6369
81.2046,0.817,3.5048
81.2048,0.843,3.6165
81.2050,0.8946,3.8323
81.2052,0.91,3.9022
81.2054,0.8912,3.8268
81.2056,0.8923,3.8279
81.2058,0.8797,3.7739
81.2060,0.8613,3.6969
81.2062,0.8792,3.7718
81.2064,0.858,3.6825
81.2066,0.8755,3.7524
81.2068,0.8775,3.7664
81.2070,0.9256,3.9672
81.2072,0.9496,4.0719
81.2074,0.9045,3.8804
81.2076,0.892,3.8286
81.2078,0.9123,3.9156
81.2080,0.8907,3.8248
81.2082,0.8338,3.5852
81.2084,0.7617,3.2738
81.2086,0.794,3.4108
81.2088,0.8073,3.4696
81.2090,0.807,3.4686
81.2092,0.8118,3.4876
81.2094,0.8574,3.6782
81.2096,0.8887,3.8107
81.2098,0.8693,3.7291
81.2100,0.9259,3.9701
81.2102,0.9958,4.2718
81.2104,0.9548,4.0997
81.2106,0.8376,3.5967
81.2108,0.8057,3.4661
81.2110,0.7623,3.2763
81.2112,0.7835,3.3707
81.2114,0.67,2.8875
81.2116,0.6077,2.6193
81.2118,0.6069,2.6157
81.2120,0.6231,2.6842
81.2122,0.627,2.7012
81.2124,0.6304,2.7157
81.2126,0.6792,2.9205
81.2128,0.6891,2.973
81.2130,0.5232,2.2581
81.2132,0.5304,2.2881
81.2134,0.5298,2.2855
81.2136,0.5039,2.1757
81.2138,0.5044,2.1758
81.2140,0.5658,2.4361
81.2142,0.5767,2.4831
81.2144,0.6569,2.8299
81.2146,0.6279,2.7061
81.2148,0.5487,2.3661
81.2150,0.5601,2.413
81.2152,0.6683,2.8776
81.2154,0.6544,2.8177
81.2156,0.6208,2.6719
81.2158,0.6896,2.9709
81.2160,0.6095,2.627
81.2162,0.5975,2.5754
81.2164,0.5685,2.4526
81.2166,0.56,2.4158
81.2168,0.5547,2.3909
81.2170,0.565,2.4376
81.2172,0.5189,2.2363
81.2174,0.5708,2.459
81.2176,0.5939,2.5622
81.2178,0.4973,2.1433
81.2180,0.5053,2.1799
81.2182,0.4992,2.1536
81.2184,0.4996,2.1551
81.2186,0.4886,2.111
81.2188,0.4185,1.8088
81.2190,0.4067,1.7563
81.2192,0.4077,1.7597
81.2194,0.4615,1.9911
81.2196,0.496,2.1396
81.2198,0.4421,1.9082
81.2200,0.4475,1.9333
81.2202,0.4384,1.893
81.2204,0.4293,1.8528
81.2206,0.4288,1.8516
81.2208,0.4352,1.8791
81.2210,0.448,1.9309
81.2212,0.4918,2.1195
81.2214,0.5016,2.1609
81.2216,0.5863,2.5233
81.2218,0.6463,2.7818
81.2220,0.6582,2.8303
81.2222,0.6987,3.0018
81.2224,0.7748,3.3268
81.2226,0.8146,3.4978
81.2228,0.73,3.1421
81.2230,0.6701,2.8854
81.2232,0.6594,2.8355
81.2234,0.6962,2.9924
81.2236,0.7511,3.2299
81.2238,0.7516,3.2335
81.2240,0.775,3.3263
81.2242,0.8429,3.6176
81.2244,0.8141,3.4974
81.2246,0.801,3.4396
81.2248,0.7882,3.3892
81.2250,0.6903,2.9712
81.2252,0.6624,2.8523
81.2254,0.672,2.8923
81.2256,0.6612,2.8485
81.2258,0.5674,2.4456
81.2260,0.5563,2.3965
81.2262,0.5698,2.4548
81.2264,0.5664,2.441
81.2266,0.5594,2.411
81.2268,0.5558,2.3966
81.2270,0.6152,2.6501
81.2272,0.5875,2.5261
81.2274,0.7093,3.0485
81.2276,0.7178,3.088
81.2278,0.6388,2.7493
81.2280,0.6307,2.716
81.2282,0.6197,2.6685
81.2284,0.5921,2.5545
81.2286,0.4854,2.0941
81.2288,0.4737,2.0434
81.2290,0.4719,2.0366
81.2292,0.471,2.032
81.2294,0.4686,2.0198
81.2296,0.505,2.1784
81.2298,0.4707,2.0323
81.2300,0.4541,1.9618
81.2302,0.4542,1.9596
81.2304,0.5116,2.2038
81.2306,0.5257,2.2679
81.2308,0.4998,2.1561
81.2310,0.4984,2.1479
81.2312,0.5101,2.1986
81.2314,0.5232,2.256
81.2316,0.5233,2.2534
81.2318,0.6012,2.5866
81.2320,0.6682,2.8771
81.2322,0.6251,2.6917
81.2324,0.621,2.6717
81.2326,0.6243,2.6869
81.2328,0.5908,2.5417
81.2330,0.6278,2.7006
81.2332,0.6526,2.8113
81.2334,0.536,2.3113
81.2336,0.4865,2.0968
81.2338,0.487,2.1008
81.2340,0.484,2.0869
81.2342,0.4827,2.0802
81.2344,0.4797,2.0692
81.2346,0.4794,2.0672
81.2348,0.4779,2.0615
81.2350,0.4837,2.0859
81.2352,0.4855,2.0936
81.2354,0.4867,2.0988
81.2356,0.4961,2.1391
81.2358,0.497,2.1432
81.2360,0.5106,2.1976
81.2362,0.5571,2.3978
81.2364,0.6064,2.6112
81.2366,0.611,2.6296
81.2368,0.5896,2.5365
81.2370,0.618,2.6539
81.2372,0.7858,3.3711
81.2374,0.8155,3.5035
81.2376,0.7122,3.0581
81.2378,0.7489,3.2141
81.2380,0.8106,3.4792
81.2382,0.7786,3.3371
81.2384,0.8627,3.6939
81.2386,0.9516,4.0768
81.2388,0.9104,3.9056
81.2390,0.9136,3.9176
81.2392,0.8806,3.778
81.2394,0.8191,3.5141
81.2396,0.8353,3.5869
81.2398,0.7959,3.4127
81.2400,0.843,3.6198
81.2402,0.8163,3.505
81.2404,0.8709,3.7311
81.2406,0.9171,3.9307
81.2408,0.9347,4.0006
81.2410,0.9635,4.1219
81.2412,0.9437,4.0505
81.2414,0.9043,3.8757
81.2416,0.9688,4.1503
81.2418,1.0079,4.3157
81.2420,1.0235,4.3825
81.2422,1.0355,4.4318
81.2424,1.0302,4.4092
81.2426,1.0088,4.3259
81.2428,0.9326,4.0026
81.2430,0.8699,3.7317
81.2432,0.8714,3.7401
81.2434,0.9105,3.9006
81.2436,0.9954,4.2683
81.2438,0.9265,3.9745
81.2440,0.9326,3.9951
81.2442,0.9388,4.0294
81.2444,0.9284,3.9716
81.2446,1.1007,4.7132
81.2448,1.0532,4.5098
81.2450,1.0863,4.6581
81.2452,0.9227,3.9604
81.2454,0.9006,3.8616
81.2456,0.9167,3.9328
81.2458,0.8829,3.7913
81.2460,0.8058,3.4634
81.2462,0.8267,3.5531
81.2464,0.8513,3.6537
81.2466,0.866,3.7204
81.2468,0.7906,3.3948
81.2470,0.8551,3.6684
81.2472,0.9218,3.9526
81.2474,0.9636,4.134
81.2476,0.9757,4.1879
81.2478,0.9309,3.9954
81.2480,0.9303,3.9854
81.2482,0.9509,4.0928
81.2484,0.7453,3.2091
81.2486,0.7213,3.0986
81.2488,0.7899,3.3949
81.2490,0.7996,3.4398
81.2492,0.7369,3.173
81.2494,0.6604,2.8449
81.2496,0.6463,2.7844
81.2498,0.6221,2.6813
81.2500,0.6123,2.6402
81.2502,0.5925,2.556
81.2504,0.5867,2.5265
81.2506,0.6352,2.7313
81.2508,0.7197,3.0977
81.2510,0.7016,3.0212
81.2512,0.652,2.8126
81.2514,0.5897,2.5418
81.2516,0.5763,2.4839
81.2518,0.5887,2.5359
81.2520,0.6427,2.7689
81.2522,0.6208,2.6769
81.2524,0.6194,2.6682
81.2526,0.6028,2.5981
81.2528,0.639,2.7529
81.2530,0.6743,2.9034
81.2532,0.6562,2.8268
81.2534,0.671,2.8908
81.2536,0.6848,2.9502
81.2538,0.6233,2.6852
81.2540,0.6327,2.7217
81.2542,0.6887,2.9654
81.2544,0.6897,2.97
81.2546,0.7266,3.1242
81.2548,0.8014,3.4428
81.2550,0.8399,3.6081
81.2552,0.8467,3.6375
81.2554,0.7923,3.4052
81.2556,0.7609,3.2717
81.2558,0.7664,3.2939
81.2560,0.7692,3.3078
81.2562,0.8732,3.7426
81.2564,0.9727,4.1711
81.2566,0.9123,3.9247
81.2568,0.7599,3.2706
81.2570,0.7375,3.1726
81.2572,0.7344,3.1533
81.2574,0.8291,3.5601
81.2576,0.8835,3.7974
81.2578,0.7845,3.3764
81.2580,0.7227,3.112
81.2582,0.7119,3.0641
81.2584,0.7161,3.0808
81.2586,0.7403,3.182
81.2588,0.7745,3.3274
81.2590,0.7846,3.3769
81.2592,0.7284,3.1378
81.2594,0.7083,3.0472
81.2596,0.7296,3.1371
81.2598,0.7219,3.1099
81.2600,0.7585,3.2644
81.2602,0.695,2.9928
81.2604,0.6255,2.6945
81.2606,0.6847,2.9401
81.2608,0.8673,3.7243
81.2610,0.8633,3.712
81.2612,0.7978,3.4289
81.2614,0.7558,3.2546
81.2616,0.7172,3.0869
81.2618,0.7255,3.121
81.2620,0.7155,3.0768
81.2622,0.7061,3.0417
81.2624,0.6798,2.9299
81.2626,0.668,2.8793
81.2628,0.6755,2.9072
81.2630,0.725,3.1204
81.2632,0.7219,3.1084
81.2634,0.7239,3.1143
81.2636,0.7275,3.1298
81.2638,0.7601,3.2686
81.2640,0.7595,3.269
81.2642,0.7511,3.2299
81.2644,0.7534,3.2427
81.2646,0.7411,3.1851
81.2648,0.8067,3.4654
81.2650,0.8067,3.4703
81.2652,0.7124,3.0691
81.2654,0.6894,2.9671
81.2656,0.7132,3.0741
81.2658,0.707,3.0416
81.2660,0.8056,3.4624
81.2662,0.7869,3.3867
81.2664,0.6509,2.8106
81.2666,0.519,2.24
81.2668,0.5122,2.2105
81.2670,0.5076,2.1898
81.2672,0.5114,2.2053
81.2674,0.5749,2.4788
81.2676,0.6231,2.6892
81.2678,0.5077,2.1913
81.2680,0.486,2.0986
81.2682,0.4836,2.0882
81.2684,0.4846,2.0904
81.2686,0.4889,2.1091
81.2688,0.494,2.1323
81.2690,0.5355,2.3135
81.2692,0.4956,2.139
81.2694,0.5161,2.2255
81.2696,0.5607,2.4167
81.2698,0.601,2.5891
81.2700,0.6076,2.6188
81.2702,0.6068,2.6079
81.2704,0.7107,3.0547
81.2706,0.7403,3.185
81.2708,0.7744,3.3299
81.2710,0.7973,3.4252
81.2712,0.8318,3.5719
81.2714,0.8359,3.5878
81.2716,0.8681,3.7222
81.2718,0.8645,3.7137
81.2720,0.8203,3.5209
81.2722,0.8817,3.7826
81.2724,0.8922,3.8292
81.2726,0.9104,3.9056
81.2728,0.9618,4.1263
81.2730,0.9763,4.1885
81.2732,0.9629,4.1251
81.2734,1.0049,4.3089
81.2736,0.9399,4.0321
81.2738,0.9635,4.1335
81.2740,0.9564,4.105
81.2742,0.8844,3.7992
81.2744,0.8828,3.7925
81.2746,0.8984,3.8541
81.2748,0.9077,3.8942
81.2750,0.9022,3.876
81.2752,0.8754,3.7571
81.2754,0.8977,3.8564
81.2756,0.9426,4.0477
81.2758,0.9498,4.0767
81.2760,0.8805,3.7863
81.2762,0.7756,3.3335
81.2764,0.7852,3.3811
81.2766,0.7104,3.0589
81.2768,0.7232,3.1127
81.2770,0.7177,3.0889
81.2772,0.7478,3.2185
81.2774,0.7963,3.4275
81.2776,0.7535,3.2387
81.2778,0.7497,3.2267
81.2780,0.6673,2.8788
81.2782,0.6364,2.7428
81.2784,0.6176,2.6629
81.2786,0.601,2.5903
81.2788,0.5845,2.5225
81.2790,0.5764,2.4798
81.2792,0.7462,3.2147
81.2794,0.684,2.9439
81.2796,0.6719,2.8904
81.2798,0.7144,3.0821
81.2800,0.5589,2.4089
81.2802,0.5879,2.534
81.2804,0.6537,2.8172
81.2806,0.6674,2.874
81.2808,0.6712,2.8927
81.2810,0.6606,2.8419
81.2812,0.7212,3.1039
81.2814,0.6309,2.7203
81.2816,0.5503,2.3772
81.2818,0.5373,2.3181
81.2820,0.5751,2.481
81.2822,0.5616,2.4192
81.2824,0.6174,2.6599
81.2826,0.6267,2.701
81.2828,0.5974,2.5725
81.2830,0.6677,2.875
81.2832,0.6716,2.8921
81.2834,0.6226,2.6859
81.2836,0.5722,2.4686
81.2838,0.5682,2.4487
81.2840,0.6462,2.7787
81.2842,0.7291,3.1365
81.2844,0.7368,3.171
81.2846,0.6558,2.8252
81.2848,0.5683,2.4481
81.2850,0.6062,2.6138
81.2852,0.609,2.6262
81.2854,0.4794,2.072
81.2856,0.4541,1.96
81.2858,0.4571,1.9738
81.2860,0.4679,2.0185
81.2862,0.4674,2.0174
81.2864,0.4697,2.0282
81.2866,0.469,2.026
81.2868,0.4669,2.0163
81.2870,0.469,2.0232
81.2872,0.539,2.3253
81.2874,0.5196,2.2415
81.2876,0.5364,2.3118
81.2878,0.5562,2.3948
81.2880,0.5857,2.5242
81.2882,0.5702,2.4587
81.2884,0.5529,2.3831
81.2886,0.5552,2.3951
81.2888,0.5558,2.3966
81.2890,0.5563,2.3998
81.2892,0.5528,2.3804
81.2894,0.5896,2.5389
81.2896,0.6564,2.8199
81.2898,0.7221,3.1051
81.2900,0.7389,3.1803
81.2902,0.7285,3.1339
81.2904,0.6529,2.8115
81.2906,0.6287,2.7097
81.2908,0.5792,2.4986
81.2910,0.53,2.2844
81.2912,0.5179,2.2332
81.2914,0.5172,2.2301
81.2916,0.5181,2.2363
81.2918,0.5138,2.2177
81.2920,0.5141,2.2167
81.2922,0.5129,2.2105
81.2924,0.5158,2.2249
81.2926,0.5193,2.2405
81.2928,0.5117,2.2063
81.2930,0.5111,2.2027
81.2932,0.5141,2.2146
81.2934,0.5195,2.241
81.2936,0.5189,2.2405
81.2938,0.5088,2.1939
81.2940,0.5574,2.4
81.2942,0.5937,2.5576
81.2944,0.5596,2.4098
81.2946,0.5959,2.5646
81.2948,0.5984,2.5742
81.2950,0.5853,2.518
81.2952,0.5741,2.478
81.2954,0.4755,2.0521
81.2956,0.4556,1.9671
81.2958,0.4582,1.9766
81.2960,0.4586,1.9773
81.2962,0.4829,2.0803
81.2964,0.5526,2.3827
81.2966,0.5167,2.2291
81.2968,0.5162,2.2239
81.2970,0.543,2.3424
81.2972,0.5155,2.2239
81.2974,0.5277,2.2725
81.2976,0.5963,2.5654
81.2978,0.6318,2.7143
81.2980,0.7232,3.1112
81.2982,0.6402,2.7568
81.2984,0.5877,2.5318
81.2986,0.5933,2.5549
81.2988,0.5955,2.5678
81.2990,0.4936,2.1263
81.2992,0.5185,2.2368
81.2994,0.4825,2.0817
81.2996,0.4857,2.0941
81.2998,0.503,2.1661
81.3000,0.543,2.3402
81.3002,0.4982,2.1494
81.3004,0.4788,2.0656
81.3006,0.5229,2.2518
81.3008,0.5984,2.5766
81.3010,0.5582,2.407
81.3012,0.5172,2.227
81.3014,0.5692,2.45
81.3016,0.6162,2.6523
81.3018,0.617,2.6542
81.3020,0.6166,2.6526
81.3022,0.643,2.77
81.3024,0.6227,2.6802
81.3026,0.6207,2.6652
81.3028,0.7493,3.2177
81.3030,0.7864,3.3752
81.3032,0.8179,3.5073
81.3034,0.798,3.4267
81.3036,0.7847,3.3696
81.3038,0.8203,3.5159
81.3040,0.8954,3.843
81.3042,0.87,3.7287
81.3044,0.9765,4.1773
81.3046,1.0091,4.3148
81.3048,1.0398,4.4523
81.3050,0.9298,3.9833
81.3052,0.9868,4.2214
81.3054,1.0903,4.6619
81.3056,1.1222,4.8073
81.3058,0.9857,4.2207
81.3060,0.9994,4.2813
81.3062,0.9809,4.2002
81.3064,0.9839,4.217
81.3066,0.9456,4.0492
81.3068,1.0158,4.3537
81.3070,0.9711,4.16
81.3072,0.9841,4.216
81.3074,0.9628,4.1265
81.3076,0.972,4.1622
81.3078,1.064,4.5582
81.3080,0.9904,4.2487
81.3082,0.966,4.1423
81.3084,0.9666,4.1449
81.3086,0.9802,4.203
81.3088,0.9083,3.8986
81.3090,0.8251,3.5481
81.3092,0.8087,3.4726
81.3094,0.8246,3.5443
81.3096,0.7775,3.3402
81.3098,0.8167,3.512
81.3100,0.7806,3.3583
81.3102,0.7767,3.3397
81.3104,0.8315,3.5704
81.3106,0.8345,3.5816
81.3108,0.8392,3.5983
81.3110,0.9212,3.9537
81.3112,0.9093,3.9009
81.3114,0.9321,3.9931
81.3116,0.9628,4.1342
81.3118,0.879,3.7761
81.3120,0.7875,3.3893
81.3122,0.6564,2.8291
81.3124,0.661,2.8474
81.3126,0.7188,3.0907
81.3128,0.7473,3.2179
81.3130,0.6752,2.9089
81.3132,0.695,2.9914
81.3134,0.731,3.1477
81.3136,0.6961,2.996
81.3138,0.7297,3.1405
81.3140,0.7438,3.197
81.3142,0.7454,3.2067
81.3144,0.6835,2.9487
81.3146,0.5775,2.4902
81.3148,0.5767,2.4854
81.3150,0.6051,2.6091
81.3152,0.5925,2.5548
81.3154,0.5677,2.4478
81.3156,0.5588,2.4095
81.3158,0.5612,2.4188
81.3160,0.5843,2.5185
81.3162,0.5718,2.4665
81.3164,0.5896,2.546
81.3166,0.5277,2.2767
81.3168,0.5169,2.2301
81.3170,0.4975,2.1443
81.3172,0.6477,2.7836
81.3174,0.7965,3.428
81.3176,0.6081,2.6233
81.3178,0.5532,2.3863
81.3180,0.5318,2.2953
81.3182,0.5569,2.4002
81.3184,0.5503,2.3739
81.3186,0.5204,2.2451
81.3188,0.5229,2.2549
81.3190,0.509,2.195
81.3192,0.5144,2.2193
81.3194,0.5105,2.2032
81.3196,0.5258,2.2663
81.3198,0.5289,2.2829
81.3200,0.516,2.227
81.3202,0.5128,2.212
81.3204,0.5376,2.3137
81.3206,0.6668,2.8661
81.3208,0.7453,3.2032
81.3210,0.7583,3.2593
81.3212,0.7216,3.1045
81.3214,0.7357,3.1634
81.3216,0.7532,3.2387
81.3218,0.7562,3.2516
81.3220,0.7514,3.2279
81.3222,0.7671,3.2954
81.3224,0.8444,3.6226
81.3226,0.9131,3.9174
81.3228,0.8938,3.8381
81.3230,0.8817,3.7897
81.3232,0.8426,3.6166
81.3234,0.8533,3.6709
81.3236,0.7522,3.233
81.3238,0.8318,3.5669
81.3240,0.8944,3.8389
81.3242,0.8336,3.583
81.3244,0.7761,3.3372
81.3246,0.7869,3.382
81.3248,0.8255,3.543
81.3250,0.8222,3.5373
81.3252,0.736,3.1694
81.3254,0.6599,2.8415
81.3256,0.6288,2.7077
81.3258,0.6282,2.7064
81.3260,0.6378,2.749
81.3262,0.6275,2.7008
81.3264,0.6766,2.916
81.3266,0.5896,2.5424
81.3268,0.5672,2.4446
81.3270,0.5864,2.5191
81.3272,0.7928,3.4025
81.3274,0.8121,3.4918
81.3276,0.7126,3.0687
81.3278,0.7104,3.0603
81.3280,0.6207,2.6764
81.3282,0.5672,2.4412
81.3284,0.637,2.7467
81.3286,0.5883,2.5367
81.3288,0.5833,2.5092
81.3290,0.6185,2.6658
81.3292,0.5873,2.5314
81.3294,0.6396,2.7529
81.3296,0.6738,2.9014
81.3298,0.6396,2.7555
81.3300,0.6144,2.6445
81.3302,0.608,2.6215
81.3304,0.6501,2.7952
81.3306,0.7303,3.1416
81.3308,0.7333,3.1545
81.3310,0.6993,3.0128
81.3312,0.5938,2.5593
81.3314,0.5775,2.4902
81.3316,0.5896,2.5412
81.3318,0.6203,2.6748
81.3320,0.5299,2.2881
81.3322,0.4938,2.1303
81.3324,0.4912,2.1179
81.3326,0.4934,2.1307
81.3328,0.493,2.1286
81.3330,0.489,2.1096
81.3332,0.4864,2.0963
81.3334,0.5288,2.2824
81.3336,0.4976,2.1448
81.3338,0.5524,2.3799
81.3340,0.5496,2.3708
81.3342,0.4869,2.1012
81.3344,0.4817,2.078
81.3346,0.4818,2.0785
81.3348,0.4822,2.0801
81.3350,0.4829,2.0842
81.3352,0.4817,2.0771
81.3354,0.486,2.0957
81.3356,0.486,2.0967
81.3358,0.5174,2.2301
81.3360,0.5431,2.3385
81.3362,0.6099,2.6286
81.3364,0.5902,2.5438
81.3366,0.5738,2.4696
81.3368,0.6425,2.7615
81.3370,0.7256,3.1186
81.3372,0.7615,3.2682
81.3374,0.8224,3.528
81.3376,0.8754,3.7553
81.3378,0.8461,3.6298
81.3380,0.9013,3.8593
81.3382,0.9996,4.2823
81.3384,0.9777,4.1883
81.3386,0.9804,4.1942
81.3388,1.0172,4.3599
81.3390,0.9536,4.085
81.3392,0.9646,4.1323
81.3394,0.9785,4.1997
81.3396,0.9393,4.0277
81.3398,0.9851,4.2182
81.3400,0.9602,4.121
81.3402,0.9549,4.0945
81.3404,0.9623,4.1225
81.3406,1.0055,4.3095
81.3408,0.9736,4.1786
81.3410,0.9229,3.9572
81.3412,0.9676,4.149
81.3414,0.9968,4.2685
81.3416,1.0958,4.6921
81.3418,1.0746,4.6012
81.3420,1.0558,4.5169
81.3422,1.1058,4.733
81.3424,1.0977,4.7091
81.3426,1.0063,4.3151
81.3428,0.979,4.2037
81.3430,0.8842,3.8023
81.3432,0.7857,3.3831
81.3434,0.7507,3.2278
81.3436,0.7845,3.3717
81.3438,0.7365,3.1685
81.3440,0.7521,3.237
81.3442,0.7639,3.2861
81.3444,0.7239,3.1143
81.3446,0.738,3.1761
81.3448,0.7294,3.141
81.3450,0.7021,3.0246
81.3452,0.7168,3.081
81.3454,0.794,3.4108
81.3456,0.7781,3.3444
81.3458,0.7834,3.3717
81.3460,0.7469,3.2148
81.3462,0.7541,3.2458
81.3464,0.6973,3.0012
81.3466,0.7503,3.2278
81.3468,0.7489,3.2231
81.3470,0.7026,3.0239
81.3472,0.6605,2.848
81.3474,0.6355,2.7443
81.3476,0.5219,2.2513
81.3478,0.5981,2.5756
81.3480,0.6385,2.7521
81.3482,0.6429,2.7707
81.3484,0.6395,2.755
81.3486,0.614,2.6474
81.3488,0.5511,2.3776
81.3490,0.5598,2.4159
81.3492,0.5323,2.2985
81.3494,0.4955,2.1385
81.3496,0.4872,2.1038
81.3498,0.5062,2.1846
81.3500,0.5118,2.2089
81.3502,0.5298,2.2844
81.3504,0.6088,2.6191
81.3506,0.6584,2.8445
81.3508,0.4633,2.0035
81.3510,0.401,1.7315
81.3512,0.4372,1.8861
81.3514,0.5171,2.2327
81.3516,0.446,1.9265
81.3518,0.4446,1.9191
81.3520,0.4451,1.9229
81.3522,0.4456,1.925
81.3524,0.4468,1.9293
81.3526,0.4449,1.921
81.3528,0.4424,1.9092
81.3530,0.4449,1.921
81.3532,0.4456,1.9223
81.3534,0.4479,1.9339
81.3536,0.4619,1.9918
81.3538,0.5201,2.2415
81.3540,0.5396,2.3268
81.3542,0.5546,2.3926
81.3544,0.5605,2.4168
81.3546,0.5452,2.35
81.3548,0.5518,2.3773
81.3550,0.5554,2.3951
81.3552,0.5529,2.3831
81.3554,0.5674,2.4456
81.3556,0.5661,2.4411
81.3558,0.556,2.3988
81.3560,0.5665,2.4392
81.3562,0.6346,2.7287
81.3564,0.6968,2.9963
81.3566,0.7384,3.1738
81.3568,0.8111,3.4861
81.3570,0.7178,3.0909
81.3572,0.5817,2.5048
81.3574,0.5816,2.5066
81.3576,0.5732,2.4693
81.3578,0.6228,2.6844
81.3580,0.5628,2.4255
81.3582,0.5467,2.3562
81.3584,0.5451,2.3495
81.3586,0.5445,2.348
81.3588,0.5737,2.4725
81.3590,0.5457,2.3521
81.3592,0.5309,2.2891
81.3594,0.5324,2.2958
81.3596,0.5325,2.2931
81.3598,0.568,2.4482
81.3600,0.5764,2.4832
81.3602,0.5821,2.5064
81.3604,0.6081,2.6172
81.3606,0.6056,2.6088
81.3608,0.6489,2.7927
81.3610,0.7009,3.0139
81.3612,0.7202,3.094
81.3614,0.7694,3.3083
81.3616,0.6803,2.9293
81.3618,0.6033,2.5953
81.3620,0.6012,2.5866
81.3622,0.6354,2.7336
81.3624,0.6838,2.9456
81.3626,0.6283,2.7057
81.3628,0.5877,2.5306
81.3630,0.6122,2.6384
81.3632,0.5661,2.4366
81.3634,0.6417,2.7604
81.3636,0.6638,2.8519
81.3638,0.7316,3.1459
81.3640,0.6852,2.9504
81.3642,0.7041,3.0292
81.3644,0.7232,3.1098
81.3646,0.7016,3.0155
81.3648,0.7419,3.1887
81.3650,0.7984,3.4251
81.3652,0.7604,3.2681
81.3654,0.6701,2.8867
81.3656,0.6352,2.7364
81.3658,0.5917,2.5477
81.3660,0.5949,2.5652
81.3662,0.5203,2.2436
81.3664,0.4937,2.1288
81.3666,0.489,2.1096
81.3668,0.488,2.1054
81.3670,0.4878,2.1034
81.3672,0.4999,2.1557
81.3674,0.5074,2.1887
81.3676,0.5027,2.1696
81.3678,0.5035,2.1682
81.3680,0.5476,2.3604
81.3682,0.497,2.1432
81.3684,0.496,2.1386
81.3686,0.4994,2.1536
81.3688,0.499,2.1495
81.3690,0.5307,2.2854
81.3692,0.5636,2.4291
81.3694,0.6119,2.6362
81.3696,0.5839,2.5141
81.3698,0.6065,2.6081
81.3700,0.722,3.1003
81.3702,0.7664,3.2862
81.3704,0.8069,3.46
81.3706,0.8771,3.7643
81.3708,0.8665,3.7207
81.3710,0.844,3.6239
81.3712,0.7974,3.4258
81.3714,0.7936,3.4061
81.3716,0.8399,3.6014
81.3718,0.8497,3.6402
81.3720,0.9448,4.0475
81.3722,0.9745,4.173
81.3724,0.9889,4.2405
81.3726,0.9725,4.1681
81.3728,0.9808,4.1997
81.3730,0.9845,4.2254
81.3732,0.8494,3.6505
81.3734,0.8039,3.4471
81.3736,0.838,3.5982
81.3738,0.8082,3.4721
81.3740,0.8056,3.4608
81.3742,0.8104,3.4798
81.3744,0.8453,3.6296
81.3746,0.8245,3.5389
81.3748,0.8043,3.4535
81.3750,0.841,3.6094
81.3752,0.825,3.5409
81.3754,0.849,3.6422
81.3756,0.9207,3.9516
81.3758,0.9438,4.0453
81.3760,0.9169,3.9333
81.3762,0.8741,3.7567
81.3764,0.7263,3.1203
81.3766,0.7456,3.2092
81.3768,0.7061,3.0403
81.3770,0.6829,2.9406
81.3772,0.6665,2.8672
81.3774,0.7203,3.0988
81.3776,0.7227,3.1106
81.3778,0.7129,3.0654
81.3780,0.7557,3.248
81.3782,0.73,3.1406
81.3784,0.6899,2.9733
81.3786,0.599,2.5792
81.3788,0.6499,2.7999
81.3790,0.6364,2.7415
81.3792,0.6715,2.8916
81.3794,0.6948,2.9917
81.3796,0.6257,2.6943
81.3798,0.6257,2.6943
81.3800,0.6535,2.8115
81.3802,0.6949,2.9867
81.3804,0.7047,3.0318
81.3806,0.7051,3.0375
81.3808,0.6611,2.8413
81.3810,0.7457,3.2052
81.3812,0.6744,2.9053
81.3814,0.6046,2.6034
81.3816,0.6653,2.8634
81.3818,0.6498,2.8007
81.3820,0.6256,2.6925
81.3822,0.666,2.8678
81.3824,0.6698,2.8857
81.3826,0.6146,2.6475
81.3828,0.6035,2.5964
81.3830,0.6673,2.8668
81.3832,0.7973,3.4205
81.3834,0.8918,3.8294
81.3836,0.8543,3.6734
81.3838,0.7856,3.3763
81.3840,0.785,3.3753
81.3842,0.7732,3.3248
81.3844,0.674,2.9038
81.3846,0.5685,2.4491
81.3848,0.57,2.4576
81.3850,0.5715,2.4644
81.3852,0.5782,2.4921
81.3854,0.5798,2.4942
81.3856,0.6345,2.7358
81.3858,0.5949,2.5628
81.3860,0.5891,2.5345
81.3862,0.6134,2.6436
81.3864,0.5445,2.3491
81.3866,0.5694,2.4505
81.3868,0.6841,2.9485
81.3870,0.6433,2.7689
81.3872,0.6418,2.7635
81.3874,0.6426,2.7658
81.3876,0.6483,2.7901
81.3878,0.6564,2.8239
81.3880,0.6499,2.7973
81.3882,0.6814,2.9298
81.3884,0.7817,3.3583
81.3886,0.8478,3.6421
81.3888,0.7858,3.3836
81.3890,0.6418,2.7635
81.3892,0.622,2.6796
81.3894,0.6155,2.6529
81.3896,0.6083,2.6194
81.3898,0.6587,2.835
81.3900,0.7058,3.035
81.3902,0.6883,2.9652
81.3904,0.6301,2.7147
81.3906,0.6237,2.6868
81.3908,0.6096,2.6251
81.3910,0.6101,2.626
81.3912,0.6111,2.6313
81.3914,0.615,2.6484
81.3916,0.6076,2.6176
81.3918,0.6256,2.6925
81.3920,0.6847,2.9484
81.3922,0.6275,2.7033
81.3924,0.6002,2.5831
81.3926,0.654,2.8188
81.3928,0.5729,2.4706
81.3930,0.546,2.3542
81.3932,0.5515,2.3725
81.3934,0.628,2.7016
81.3936,0.6611,2.8466
81.3938,0.6541,2.8154
81.3940,0.6821,2.937
81.3942,0.6679,2.8734
81.3944,0.6457,2.778
81.3946,0.6107,2.631
81.3948,0.5539,2.3895
81.3950,0.5492,2.3682
81.3952,0.5499,2.3702
81.3954,0.5535,2.3846
81.3956,0.5606,2.4162
81.3958,0.5446,2.3496
81.3960,0.5435,2.3412
81.3962,0.5505,2.3717
81.3964,0.5487,2.3628
81.3966,0.6135,2.6367
81.3968,0.6909,2.9794
81.3970,0.5894,2.5331
81.3972,0.7292,3.1355
81.3974,0.6895,2.9663
81.3976,0.6938,2.9862
81.3978,0.6576,2.829
81.3980,0.642,2.7658
81.3982,0.6077,2.6193
81.3984,0.6408,2.7555
81.3986,0.7218,3.1036
81.3988,0.6683,2.879
81.3990,0.6167,2.6556
81.3992,0.5961,2.5668
81.3994,0.6352,2.7338
81.3996,0.6556,2.8242
81.3998,0.5909,2.5458
81.4000,0.5829,2.5123
81.4002,0.5859,2.5276
81.4004,0.543,2.3402
81.4006,0.519,2.2368
81.4008,0.5522,2.38
81.4010,0.5989,2.5787
81.4012,0.6245,2.6891
81.4014,0.6239,2.6841
81.4016,0.6983,3.0053
81.4018,0.6578,2.8301
81.4020,0.6736,2.8976
81.4022,0.7026,3.0197
81.4024,0.7401,3.1765
81.4026,0.7986,3.4325
81.4028,0.6979,3.001
81.4030,0.7393,3.1774
81.4032,0.7953,3.4165
81.4034,0.7926,3.402
81.4036,0.8352,3.5847
81.4038,0.8246,3.5394
81.4040,0.8617,3.695
81.4042,0.8251,3.5431
81.4044,0.8169,3.501
81.4046,0.9666,4.141
81.4048,0.9622,4.1259
81.4050,0.9348,4.0068
81.4052,0.9773,4.1867
81.4054,0.9578,4.1088
81.4056,0.9283,3.9766
81.4058,0.9732,4.1751
81.4060,0.8944,3.8354
81.4062,0.9422,4.04
81.4064,0.9676,4.1471
81.4066,1.0024,4.2921
81.4068,0.9968,4.2645
81.4070,1.0388,4.4524
81.4072,1.0325,4.4231
81.4074,1.002,4.2966
81.4076,1.0088,4.3178
81.4078,1.1056,4.7364
81.4080,1.02,4.3778
81.4082,0.9377,4.021
81.4084,0.8709,3.7398
81.4086,0.8441,3.6261
81.4088,0.7564,3.2541
81.4090,0.7439,3.2019
81.4092,0.7659,3.2964
81.4094,0.7812,3.3562
81.4096,0.8175,3.5151
81.4098,0.8125,3.4939
81.4100,0.8407,3.605
81.4102,0.9107,3.9126
81.4104,0.8665,3.7225
81.4106,0.8565,3.6849
81.4108,0.8224,3.5378
81.4110,0.7583,3.2669
81.4112,0.6228,2.6857
81.4114,0.5896,2.5424
81.4116,0.5917,2.55
81.4118,0.5938,2.5605
81.4120,0.5357,2.313
81.4122,0.5623,2.4268
81.4124,0.5763,2.4839
81.4126,0.5768,2.4871
81.4128,0.5755,2.4849
81.4130,0.5352,2.3087
81.4132,0.5569,2.4013
81.4134,0.575,2.4805
81.4136,0.5195,2.2431
81.4138,0.492,2.1215
81.4140,0.5692,2.4579
81.4142,0.4993,2.1561
81.4144,0.4852,2.093
81.4146,0.5365,2.3166
81.4148,0.5046,2.1768
81.4150,0.5069,2.1867
81.4152,0.5138,2.2177
81.4154,0.506,2.183
81.4156,0.5506,2.3733
81.4158,0.5689,2.4541
81.4160,0.5204,2.2451
81.4162,0.5334,2.2989
81.4164,0.5451,2.3517
81.4166,0.5056,2.18
81.4168,0.5509,2.3754
81.4170,0.5405,2.3304
81.4172,0.5336,2.3042
81.4174,0.4672,2.0154
81.4176,0.4818,2.0795
81.4178,0.4987,2.1525
81.4180,0.4889,2.1091
81.4182,0.4912,2.1169
81.4184,0.4928,2.1242
81.4186,0.5129,2.2115
81.4188,0.4853,2.0965
81.4190,0.4124,1.7823
81.4192,0.3986,1.7227
81.4194,0.3871,1.673
81.4196,0.434,1.8695
81.4198,0.6032,2.5924
81.4200,0.712,3.0632
81.4202,0.6089,2.6232
81.4204,0.6191,2.6659
81.4206,0.663,2.8522
81.4208,0.6728,2.8972
81.4210,0.6767,2.9138
81.4212,0.6772,2.9118
81.4214,0.7214,3.1035
81.4216,0.7392,3.1739
81.4218,0.8276,3.5539
81.4220,0.7907,3.3985
81.4222,0.7918,3.3968
81.4224,0.8756,3.7651
81.4226,0.7201,3.0978
81.4228,0.7029,3.0226
81.4230,0.733,3.1476
81.4232,0.7291,3.1336
81.4234,0.6998,3.0092
81.4236,0.6726,2.8949
81.4238,0.6414,2.7594
81.4240,0.6836,2.9437
81.4242,0.6568,2.828
81.4244,0.666,2.8625
81.4246,0.7094,3.0519
81.4248,0.6721,2.8928
81.4250,0.6943,2.9813
81.4252,0.7612,3.2717
81.4254,0.7059,3.0341
81.4256,0.7224,3.1076
81.4258,0.6786,2.9234
81.4260,0.6343,2.7302
81.4262,0.5638,2.4313
81.4264,0.4691,2.0256
81.4266,0.5022,2.1645
81.4268,0.5521,2.3773
81.4270,0.5953,2.5632
81.4272,0.5962,2.5673
81.4274,0.5694,2.455
81.4276,0.564,2.4329
81.4278,0.5227,2.2549
81.4280,0.4906,2.1153
81.4282,0.4834,2.0843
81.4284,0.4782,2.064
81.4286,0.4819,2.0781
81.4288,0.484,2.0879
81.4290,0.4855,2.0946
81.4292,0.4805,2.0719
81.4294,0.498,2.1494
81.4296,0.4741,2.0445
81.4298,0.4942,2.1269
81.4300,0.6092,2.6182
81.4302,0.6706,2.8874
81.4304,0.5795,2.4967
81.4306,0.6152,2.6476
81.4308,0.6098,2.6281
81.4310,0.5966,2.5676
81.4312,0.6172,2.6577
81.4314,0.5948,2.5611
81.4316,0.6213,2.674
81.4318,0.672,2.8923
81.4320,0.6677,2.867
81.4322,0.7243,3.113
81.4324,0.6836,2.9451
81.4326,0.6015,2.5924
81.4328,0.5954,2.5613
81.4330,0.6426,2.7684
81.4332,0.5593,2.4127
81.4334,0.49,2.1118
81.4336,0.5114,2.2053
81.4338,0.5228,2.2523
81.4340,0.5939,2.5575
81.4342,0.5956,2.5659
81.4344,0.6119,2.6337
81.4346,0.6166,2.6526
81.4348,0.6282,2.7064
81.4350,0.5689,2.4541
81.4352,0.5077,2.1883
81.4354,0.5237,2.2559
81.4356,0.5691,2.4506
81.4358,0.619,2.6654
81.4360,0.5776,2.4907
81.4362,0.5855,2.519
81.4364,0.7016,3.0141
81.4366,0.7474,3.2079
81.4368,0.7707,3.314
81.4370,0.7168,3.081
81.4372,0.7637,3.2795
81.4374,0.7881,3.3824
81.4376,0.8607,3.6943
81.4378,0.9177,3.9314
81.4380,0.9979,4.2691
81.4382,1.0091,4.3209
81.4384,0.9991,4.2822
81.4386,0.9835,4.2135
81.4388,1.0002,4.2809
81.4390,0.9779,4.1913
81.4392,0.9633,4.1286
81.4394,0.9846,4.2201
81.4396,0.9829,4.203
81.4398,1.0235,4.3907
81.4400,0.9208,3.9503
81.4402,0.9524,4.078
81.4404,1.0151,4.3465
81.4406,1.0319,4.4164
81.4408,1.075,4.6011
81.4410,1.0467,4.4884
81.4412,0.9486,4.0697
81.4414,0.8983,3.8536
81.4416,0.8901,3.8133
81.4418,0.9471,4.063
81.4420,0.8438,3.6302
81.4422,0.7489,3.2216
81.4424,0.7901,3.3959
81.4426,0.7527,3.2396
81.4428,0.7339,3.1557
81.4430,0.8202,3.522
81.4432,0.851,3.6543
81.4434,0.8529,3.6609
81.4436,0.8095,3.4826
81.4438,0.7686,3.3052
81.4440,0.801,3.4396
81.4442,0.847,3.6368
81.4444,0.8001,3.4403
81.4446,0.7394,3.1764
81.4448,0.7504,3.2283
81.4450,0.7562,3.2516
81.4452,0.761,3.2722
81.4454,0.7341,3.1596
81.4456,0.7293,3.1375
81.4458,0.7326,3.15
81.4460,0.7497,3.2252
81.4462,0.748,3.215
81.4464,0.7557,3.248
81.4466,0.78,3.3573
81.4468,0.7844,3.3759
81.4470,0.7592,3.2629
81.4472,0.7818,3.3588
81.4474,0.8095,3.4843
81.4476,0.7387,3.1822
81.4478,0.6357,2.7397
81.4480,0.5846,2.5207
81.4482,0.6141,2.6467
81.4484,0.6419,2.764
81.4486,0.6634,2.8604
81.4488,0.6036,2.6041
81.4490,0.6088,2.6227
81.4492,0.5877,2.5318
81.4494,0.5751,2.4776
81.4496,0.6527,2.8118
81.4498,0.6144,2.6482
81.4500,0.5704,2.4586
81.4502,0.5777,2.4924
81.4504,0.5795,2.4978
81.4506,0.6203,2.6748
81.4508,0.518,2.2358
81.4510,0.4817,2.08
81.4512,0.4763,2.0567
81.4514,0.4781,2.0596
81.4516,0.531,2.2917
81.4518,0.53,2.2865
81.4520,0.5253,2.2663
81.4522,0.5449,2.3485
81.4524,0.6148,2.6461
81.4526,0.6313,2.7186
81.4528,0.6093,2.6236
81.4530,0.6345,2.732
81.4532,0.6321,2.7217
81.4534,0.6318,2.7232
81.4536,0.6312,2.7193
81.4538,0.6359,2.7369
81.4540,0.6335,2.7279
81.4542,0.6351,2.7359
81.4544,0.6377,2.7434
81.4546,0.6851,2.9499
81.4548,0.6713,2.8865
81.4550,0.7788,3.349
81.4552,0.7128,3.0692
81.4554,0.615,2.6496
81.4556,0.6116,2.6358
81.4558,0.6134,2.6411
81.4560,0.6092,2.6231
81.4562,0.624,2.6858
81.4564,0.6796,2.9234
81.4566,0.7004,3.0146
81.4568,0.6366,2.7426
81.4570,0.6138,2.6444
81.4572,0.6066,2.6146
81.4574,0.6087,2.6222
81.4576,0.6119,2.6325
81.4578,0.6878,2.9604
81.4580,0.6336,2.7284
81.4582,0.608,2.6167
81.4584,0.6447,2.7772
81.4586,0.6419,2.7679
81.4588,0.6289,2.707
81.4590,0.6905,2.9718
81.4592,0.6601,2.8425
81.4594,0.586,2.5211
81.4596,0.6337,2.7289
81.4598,0.6142,2.6472
81.4600,0.6626,2.8494
81.4602,0.7477,3.2135
81.4604,0.7661,3.2944
81.4606,0.7618,3.2728
81.4608,0.79,3.3938
81.4610,0.7657,3.2908
81.4612,0.8332,3.5759
81.4614,0.872,3.7392
81.4616,0.8713,3.7431
81.4618,0.8046,3.4599
81.4620,0.7875,3.383
81.4622,0.7905,3.4038
81.4624,0.7073,3.0412
81.4626,0.7583,3.2593
81.4628,0.7303,3.1387
81.4630,0.7853,3.3753
81.4632,0.7676,3.299
81.4634,0.7576,3.2562
81.4636,0.7979,3.4278
81.4638,0.7924,3.4073
81.4640,0.7658,3.2959
81.4642,0.7146,3.0726
81.4644,0.6942,2.9864
81.4646,0.7056,3.0382
81.4648,0.6475,2.7909
81.4650,0.6756,2.9091
81.4652,0.7051,3.0347
81.4654,0.692,2.9771
81.4656,0.7148,3.078
81.4658,0.6644,2.8638
81.4660,0.5895,2.5407
81.4662,0.5511,2.3753
81.4664,0.5624,2.4284
81.4666,0.4938,2.1323
81.4668,0.4836,2.0863
81.4670,0.4889,2.11
81.4672,0.4804,2.0733
81.4674,0.4775,2.0618
81.4676,0.4781,2.0625
81.4678,0.4793,2.0677
81.4680,0.5179,2.2332
81.4682,0.5671,2.4475
81.4684,0.5086,2.1939
81.4686,0.5092,2.1965
81.4688,0.543,2.3391
81.4690,0.6268,2.6939
81.4692,0.7143,3.0716
81.4694,0.7297,3.1376
81.4696,0.7288,3.134
81.4698,0.7432,3.1914
81.4700,0.7633,3.282
81.4702,0.734,3.1576
81.4704,0.7621,3.2707
81.4706,0.8116,3.4865
81.4708,0.755,3.2464
81.4710,0.8306,3.5618
81.4712,0.8905,3.8202
81.4714,0.9209,3.949
81.4716,0.9516,4.0844
81.4718,0.9751,4.1775
81.4720,0.9748,4.1799
81.4722,0.9697,4.1524
81.4724,0.9874,4.2339
81.4726,0.9164,3.9295
81.4728,0.9611,4.1174
81.4730,0.9952,4.2593
81.4732,1.0243,4.3902
81.4734,1.0641,4.5565
81.4736,1.1022,4.7176
81.4738,1.0516,4.5031
81.4740,1.0235,4.3866
81.4742,1.0256,4.3979
81.4744,0.9176,3.9419
81.4746,0.8659,3.7182
81.4748,0.9072,3.8953
81.4750,0.8639,3.7146
81.4752,0.7334,3.1595
81.4754,0.6527,2.8144
81.4756,0.6306,2.7167
81.4758,0.615,2.6471
81.4760,0.6761,2.9139
81.4762,0.602,2.5957
81.4764,0.5914,2.549
81.4766,0.6345,2.7345
81.4768,0.6419,2.7679
81.4770,0.6162,2.6535
81.4772,0.6038,2.601
81.4774,0.614,2.6449
81.4776,0.6107,2.6322
81.4778,0.5588,2.4107
81.4780,0.5632,2.4287
81.4782,0.56,2.4147
81.4784,0.6017,2.5959
81.4786,0.5799,2.5005
81.4788,0.593,2.5557
81.4790,0.6213,2.6752
81.4792,0.645,2.7774
81.4794,0.6029,2.6022
81.4796,0.567,2.4447
81.4798,0.6051,2.6103
81.4800,0.5799,2.5017
81.4802,0.5487,2.365
81.4804,0.6272,2.698
81.4806,0.6784,2.9196
81.4808,0.6882,2.9592
81.4810,0.7097,3.0529
81.4812,0.7499,3.2293
81.4814,0.6695,2.8868
81.4816,0.5781,2.4882
81.4818,0.7011,3.0177
81.4820,0.7306,3.1388
81.4822,0.7116,3.064
81.4824,0.6406,2.7545
81.4826,0.7053,3.0358
81.4828,0.7085,3.0506
81.4830,0.6772,2.9145
81.4832,0.6475,2.7896
81.4834,0.6375,2.7487
81.4836,0.5895,2.5431
81.4838,0.5739,2.4735
81.4840,0.5836,2.5177
81.4842,0.5252,2.2637
81.4844,0.5653,2.4341
81.4846,0.5945,2.5624
81.4848,0.6106,2.6329
81.4850,0.6393,2.7514
81.4852,0.6972,3.0007
81.4854,0.6245,2.6916
81.4856,0.6044,2.6036
81.4858,0.6407,2.7563
81.4860,0.6136,2.6458
81.4862,0.556,2.3976
81.4864,0.553,2.3858
81.4866,0.5562,2.3993
81.4868,0.557,2.4007
81.4870,0.5616,2.4214
81.4872,0.5712,2.4605
81.4874,0.6236,2.6825
81.4876,0.686,2.954
81.4878,0.6568,2.8254
81.4880,0.7198,3.0982
81.4882,0.6848,2.9516
81.4884,0.5739,2.477
81.4886,0.5342,2.3035
81.4888,0.5351,2.3061
81.4890,0.5499,2.3691
81.4892,0.5438,2.3427
81.4894,0.5401,2.3278
81.4896,0.5409,2.3325
81.4898,0.5435,2.3434
81.4900,0.5547,2.392
81.4902,0.5448,2.349
81.4904,0.5377,2.3196
81.4906,0.5357,2.3097
81.4908,0.5299,2.2828
81.4910,0.527,2.2736
81.4912,0.5215,2.2466
81.4914,0.5708,2.4601
81.4916,0.6099,2.6286
81.4918,0.5542,2.3888
81.4920,0.568,2.4482
81.4922,0.5239,2.2622
81.4924,0.4686,2.0207
81.4926,0.4649,2.0047
81.4928,0.4659,2.0088
81.4930,0.4978,2.1464
81.4932,0.5068,2.1851
81.4934,0.5402,2.3272
81.4936,0.5876,2.5301
81.4938,0.6104,2.627
81.4940,0.6058,2.6086
81.4942,0.5455,2.3521
81.4944,0.5081,2.1918
81.4946,0.4896,2.1112
81.4948,0.4659,2.0088
81.4950,0.4703,2.0308
81.4952,0.4612,1.9914
81.4954,0.4439,1.9142
81.4956,0.4961,2.1371
81.4958,0.5372,2.3175
81.4960,0.503,2.1681
81.4962,0.5068,2.1821
81.4964,0.5647,2.4326
81.4966,0.6072,2.616
81.4968,0.5919,2.5499
81.4970,0.5841,2.5163
81.4972,0.5847,2.5177
81.4974,0.6005,2.5859
81.4976,0.6129,2.6391
81.4978,0.5872,2.5297
81.4980,0.5842,2.5157
81.4982,0.5992,2.579
81.4984,0.5775,2.4925
81.4986,0.491,2.1184
81.4988,0.4973,2.1433
81.4990,0.4949,2.133
81.4992,0.5004,2.1597
81.4994,0.4956,2.138
81.4996,0.4852,2.0911
81.4998,0.4952,2.1335
81.5000,0.525,2.2637
81.5002,0.5161,2.2244
81.5004,0.5539,2.3839
81.5006,0.6018,2.5892
81.5008,0.6082,2.6189
81.5010,0.603,2.5943
81.5012,0.6226,2.6747
81.5014,0.6745,2.8991
81.5016,0.6887,2.9626
81.5018,0.6899,2.9678
81.5020,0.716,3.0745
81.5022,0.7272,3.1239
81.5024,0.7537,3.2362
81.5026,0.7523,3.2366
81.5028,0.6998,3.0078
81.5030,0.7585,3.2507
81.5032,0.8702,3.7315
81.5034,0.8765,3.7617
81.5036,0.8708,3.7375
81.5038,0.8568,3.6739
81.5040,0.8588,3.6792
81.5042,0.8788,3.7685
81.5044,0.8585,3.6794
81.5046,0.9329,3.9929
81.5048,1.0012,4.285
81.5050,1.0174,4.3604
81.5052,1.0168,4.3517
81.5054,1.0531,4.503
81.5056,1.0726,4.5866
81.5058,1.0853,4.6474
81.5060,1.0096,4.3189
81.5062,1.0924,4.6668
81.5064,1.1259,4.8187
81.5066,1.0698,4.5892
81.5068,0.9702,4.1564
81.5070,0.9401,4.035
81.5072,0.8989,3.8544
81.5074,0.8876,3.8096
81.5076,0.8944,3.8336
81.5078,0.9512,4.0824
81.5080,0.8665,3.7225
81.5082,0.8305,3.5696
81.5084,0.8181,3.5144
81.5086,0.8389,3.6023
81.5088,0.8028,3.4521
81.5090,0.7407,3.188
81.5092,0.7046,3.0327
81.5094,0.7074,3.0417
81.5096,0.748,3.218
81.5098,0.7604,3.2696
81.5100,0.7521,3.234
81.5102,0.7148,3.0751
81.5104,0.6924,2.9786
81.5106,0.6989,3.0051
81.5108,0.7264,3.1237
81.5110,0.7063,3.0385
81.5112,0.6331,2.7301
81.5114,0.6267,2.701
81.5116,0.6465,2.7836
81.5118,0.6626,2.8507
81.5120,0.7122,3.0638
81.5122,0.6917,2.9769
81.5124,0.6814,2.9312
81.5126,0.6504,2.802
81.5128,0.6616,2.8474
81.5130,0.7231,3.1107
81.5132,0.7294,3.1366
81.5134,0.6923,2.985
81.5136,0.5729,2.4706
81.5138,0.5694,2.4516
81.5140,0.6236,2.6825
81.5142,0.6569,2.8299
81.5144,0.6613,2.849
81.5146,0.6715,2.8889
81.5148,0.665,2.865
81.5150,0.5961,2.5692
81.5152,0.5786,2.4949
81.5154,0.5691,2.4495
81.5156,0.6535,2.8141
81.5158,0.5937,2.5588
81.5160,0.5682,2.4465
81.5162,0.6438,2.7736
81.5164,0.6388,2.7532
81.5166,0.587,2.5299
81.5168,0.565,2.4364
81.5170,0.5636,2.4268
81.5172,0.623,2.6837
81.5174,0.5216,2.2493
81.5176,0.4787,2.067
81.5178,0.4857,2.097
81.5180,0.4963,2.1401
81.5182,0.5229,2.256
81.5184,0.513,2.212
81.5186,0.5183,2.2348
81.5188,0.5539,2.3839
81.5190,0.6177,2.661
81.5192,0.6231,2.683
81.5194,0.6442,2.7687
81.5196,0.7274,3.1278
81.5198,0.737,3.1691
81.5200,0.7234,3.1137
81.5202,0.6733,2.8939
81.5204,0.7294,3.1351
81.5206,0.7805,3.3516
81.5208,0.8141,3.499
81.5210,0.752,3.232
81.5212,0.7308,3.1437
81.5214,0.7406,3.1816
81.5216,0.8044,3.4508
81.5218,0.8232,3.5382
81.5220,0.7928,3.4057
81.5222,0.7859,3.3732
81.5224,0.7574,3.2613
81.5226,0.7026,3.0239
81.5228,0.7381,3.1693
81.5230,0.8028,3.4489
81.5232,0.7912,3.4053
81.5234,0.7155,3.0725
81.5236,0.769,3.3052
81.5238,0.7811,3.3541
81.5240,0.8158,3.4997
81.5242,0.8491,3.6478
81.5244,0.8509,3.6555
81.5246,0.8624,3.7015
81.5248,0.8377,3.6055
81.5250,0.727,3.1306
81.5252,0.7028,3.0249
81.5254,0.6503,2.7976
81.5256,0.6498,2.7981
81.5258,0.6583,2.84
81.5260,0.5821,2.504
81.5262,0.6883,2.9597
81.5264,0.6457,2.7857
81.5266,0.5613,2.4193
81.5268,0.623,2.6824
81.5270,0.6742,2.9002
81.5272,0.6736,2.8963
81.5274,0.6583,2.8361
81.5276,0.6484,2.7958
81.5278,0.559,2.4095
81.5280,0.5518,2.3807
81.5282,0.5433,2.345
81.5284,0.5319,2.2937
81.5286,0.5313,2.2901
81.5288,0.5255,2.2668
81.5290,0.5635,2.4263
81.5292,0.6502,2.8009
81.5294,0.6006,2.5864
81.5296,0.6618,2.8484
81.5298,0.6896,2.9654
81.5300,0.7612,3.2717
81.5302,0.711,3.06
81.5304,0.6792,2.9219
81.5306,0.7282,3.13
81.5308,0.7712,3.3191
81.5310,0.7335,3.1556
81.5312,0.757,3.2552
81.5314,0.7203,3.1003
81.5316,0.6662,2.8715
81.5318,0.6021,2.595
81.5320,0.5299,2.2849
81.5322,0.5361,2.3118
81.5324,0.5112,2.2063
81.5326,0.4924,2.126
81.5328,0.4912,2.1199
81.5330,0.4914,2.1189
81.5332,0.4892,2.1106
81.5334,0.49,2.1127
81.5336,0.5518,2.3807
81.5338,0.5155,2.2208
81.5340,0.484,2.0879
81.5342,0.4849,2.092
81.5344,0.4825,2.0817
81.5346,0.4827,2.0831
81.5348,0.5008,2.1593
81.5350,0.4916,2.119
81.5352,0.5318,2.2868
81.5354,0.6533,2.8078
81.5356,0.7609,3.2671
81.5358,0.7617,3.2783
81.5360,0.682,2.9338
81.5362,0.6888,2.9618
81.5364,0.6852,2.9463
81.5366,0.7171,3.0835
81.5368,0.7087,3.0474
81.5370,0.749,3.2161
81.5372,0.7889,3.3876
81.5374,0.7815,3.3494
81.5376,0.9515,4.0782
81.5378,0.9654,4.1417
81.5380,0.9134,3.9166
81.5382,0.9044,3.8798
81.5384,0.8973,3.8495
81.5386,0.952,4.0746
81.5388,0.9819,4.2063
81.5390,0.9491,4.0679
81.5392,0.9652,4.1407
81.5394,0.9683,4.1463
81.5396,1.0142,4.3369
81.5398,1.0871,4.6508
81.5400,1.1241,4.8065
81.5402,1.1465,4.9047
81.5404,1.0989,4.7033
81.5406,1.0931,4.6764
81.5408,1.1879,5.0793
81.5410,1.1832,5.0641
81.5412,0.987,4.2442
81.5414,0.7889,3.3939
81.5416,0.6949,2.9909
81.5418,0.6851,2.9499
81.5420,0.7043,3.0283
81.5422,0.7449,3.2016
81.5424,0.743,3.1934
81.5426,0.7864,3.3799
81.5428,0.7786,3.348
81.5430,0.782,3.3624
81.5432,0.7462,3.2103
81.5434,0.7034,3.0275
81.5436,0.695,2.99
81.5438,0.7714,3.3171
81.5440,0.8471,3.6356
81.5442,0.782,3.3671
81.5444,0.6631,2.8528
81.5446,0.7077,3.0461
81.5448,0.6871,2.9614
81.5450,0.6152,2.6501
81.5452,0.6546,2.8201
81.5454,0.6589,2.8387
81.5456,0.6855,2.952
81.5458,0.682,2.9378
81.5460,0.6505,2.7986
81.5462,0.6678,2.8782
81.5464,0.6147,2.6517
81.5466,0.5267,2.2731
81.5468,0.5346,2.3051
81.5470,0.5349,2.3109
81.5472,0.4792,2.0681
81.5474,0.4902,2.1148
81.5476,0.4884,2.107
81.5478,0.5002,2.1587
81.5480,0.5155,2.2239
81.5482,0.5388,2.321
81.5484,0.5888,2.5412
81.5486,0.507,2.1862
81.5488,0.5595,2.4115
81.5490,0.5919,2.5534
81.5492,0.5527,2.3799
81.5494,0.6147,2.648
81.5496,0.5894,2.539
81.5498,0.5656,2.4368
81.5500,0.5793,2.498
81.5502,0.5595,2.4171
81.5504,0.5153,2.2239
81.5506,0.4964,2.1417
81.5508,0.4961,2.1401
81.5510,0.5044,2.1778
81.5512,0.5347,2.3067
81.5514,0.5129,2.2146
81.5516,0.4227,1.8252
81.5518,0.4823,2.0825
81.5520,0.4996,2.1551
81.5522,0.528,2.2756
81.5524,0.6047,2.6064
81.5526,0.5783,2.4938
81.5528,0.5617,2.4208
81.5530,0.5612,2.4188
81.5532,0.5614,2.4198
81.5534,0.5656,2.4368
81.5536,0.6288,2.704
81.5538,0.7728,3.3186
81.5540,0.7876,3.3867
81.5542,0.7238,3.1138
81.5544,0.6659,2.8713
81.5546,0.5505,2.3717
81.5548,0.5466,2.3535
81.5550,0.5359,2.3097
81.5552,0.5363,2.3123
81.5554,0.5345,2.3046
81.5556,0.5312,2.2906
81.5558,0.5263,2.2684
81.5560,0.5303,2.2854
81.5562,0.5316,2.29
81.5564,0.5288,2.2792
81.5566,0.5264,2.2689
81.5568,0.5271,2.272
81.5570,0.5297,2.285
81.5572,0.5275,2.2756
81.5574,0.5269,2.272
81.5576,0.5135,2.2151
81.5578,0.5095,2.195
81.5580,0.5943,2.5614
81.5582,0.5233,2.2586
81.5584,0.4655,2.0073
81.5586,0.4795,2.0678
81.5588,0.4696,2.0267
81.5590,0.5173,2.2296
81.5592,0.5409,2.3293
81.5594,0.5265,2.2715
81.5596,0.4749,2.0485
81.5598,0.5095,2.1909
81.5600,0.6278,2.6956
81.5602,0.7492,3.2142
81.5604,0.7555,3.2485
81.5606,0.7142,3.074
81.5608,0.6333,2.7281
81.5610,0.6444,2.771
81.5612,0.6658,2.8654
81.5614,0.654,2.8109
81.5616,0.737,3.1661
81.5618,0.6755,2.9059
81.5620,0.6201,2.6725
81.5622,0.5756,2.4796
81.5624,0.6365,2.7357
81.5626,0.7435,3.1924
81.5628,0.8246,3.5394
81.5630,0.8354,3.5957
81.5632,0.6405,2.7578
81.5634,0.5972,2.5678
81.5636,0.64,2.7519
81.5638,0.651,2.8059
81.5640,0.6045,2.6053
81.5642,0.6136,2.6434
81.5644,0.6022,2.5907
81.5646,0.6555,2.8171
81.5648,0.723,3.1087
81.5650,0.7035,3.0266
81.5652,0.6592,2.8344
81.5654,0.6956,2.994
81.5656,0.6734,2.9012
81.5658,0.6291,2.7037
81.5660,0.6941,2.9872
81.5662,0.622,2.6796
81.5664,0.5881,2.531
81.5666,0.6192,2.6677
81.5668,0.5986,2.5788
81.5670,0.5737,2.4737
81.5672,0.487,2.0998
81.5674,0.4871,2.0994
81.5676,0.4865,2.0987
81.5678,0.486,2.0957
81.5680,0.491,2.1184
81.5682,0.5253,2.2611
81.5684,0.5985,2.5759
81.5686,0.6323,2.7202
81.5688,0.7075,3.0394
81.5690,0.7147,3.0732
81.5692,0.678,2.914
81.5694,0.6906,2.9695
81.5696,0.7248,3.1179
81.5698,0.7261,3.1192
81.5700,0.7303,3.1402
81.5702,0.7424,3.1893
81.5704,0.8402,3.6046
81.5706,0.8995,3.8569
81.5708,0.8641,3.707
81.5710,0.8333,3.5748
81.5712,0.8238,3.5374
81.5714,0.8503,3.6478
81.5716,0.8847,3.7955
81.5718,0.905,3.8824
81.5720,0.9197,3.9457
81.5722,0.8954,3.8341
81.5724,0.9707,4.1546
81.5726,1.038,4.4446
81.5728,1.0249,4.3845
81.5730,1.012,4.3332
81.5732,0.9624,4.125
81.5734,0.9539,4.0866
81.5736,0.9988,4.2807
81.5738,0.9972,4.272
81.5740,0.9588,4.1096
81.5742,0.9213,3.9542
81.5744,0.8396,3.6088
81.5746,0.7816,3.3562
81.5748,0.786,3.3815
81.5750,0.7339,3.1586
81.5752,0.6743,2.9034
81.5754,0.6689,2.8775
81.5756,0.6899,2.9678
81.5758,0.7318,3.144
81.5760,0.7303,3.1431
81.5762,0.701,3.0144
81.5764,0.7152,3.0766
81.5766,0.692,2.9812
81.5768,0.6686,2.8792
81.5770,0.6981,3.0034
81.5772,0.7448,3.2011
81.5774,0.6925,2.9847
81.5776,0.6173,2.6569
81.5778,0.6599,2.8388
81.5780,0.6588,2.8368
81.5782,0.6641,2.8609
81.5784,0.6305,2.7137
81.5786,0.6547,2.8206
81.5788,0.634,2.7299
81.5790,0.6877,2.9585
81.5792,0.7041,3.0292
81.5794,0.6703,2.8837
81.5796,0.6557,2.8234
81.5798,0.617,2.6566
81.5800,0.7076,3.0427
81.5802,0.7135,3.0723
81.5804,0.6267,2.701
81.5806,0.622,2.6783
81.5808,0.6909,2.9683
81.5810,0.7297,3.1362
81.5812,0.6592,2.8357
81.5814,0.6745,2.9072
81.5816,0.6703,2.8864
81.5818,0.6719,2.8931
81.5820,0.6039,2.6028
81.5822,0.5795,2.4944
81.5824,0.6746,2.9023
81.5826,0.6745,2.9045
81.5828,0.5927,2.5559
81.5830,0.5732,2.4704
81.5832,0.6208,2.6719
81.5834,0.6745,2.9018
81.5836,0.7216,3.106
81.5838,0.6653,2.8634
81.5840,0.6808,2.9272
81.5842,0.7031,3.0231
81.5844,0.6726,2.8989
81.5846,0.5923,2.5538
81.5848,0.5782,2.4921
81.5850,0.587,2.5287
81.5852,0.6594,2.8355
81.5854,0.6969,2.9996
81.5856,0.6138,2.642
81.5858,0.69,2.9656
81.5860,0.757,3.2537
81.5862,0.7142,3.0782
81.5864,0.6379,2.7457
81.5866,0.6986,3.0055
81.5868,0.671,2.8895
81.5870,0.6361,2.7405
81.5872,0.6269,2.6982
81.5874,0.6346,2.7338
81.5876,0.5839,2.5176
81.5878,0.5322,2.2948
81.5880,0.5262,2.27
81.5882,0.527,2.2725
81.5884,0.53,2.2865
81.5886,0.5329,2.2979
81.5888,0.5285,2.2798
81.5890,0.5563,2.3953
81.5892,0.6146,2.6475
81.5894,0.5509,2.3754
81.5896,0.5418,2.3372
81.5898,0.531,2.2896
81.5900,0.5228,2.2534
81.5902,0.5297,2.2839
81.5904,0.5409,2.3325
81.5906,0.54,2.3273
81.5908,0.5342,2.3014
81.5910,0.5339,2.302
81.5912,0.5387,2.3227
81.5914,0.5382,2.3206
81.5916,0.5377,2.3175
81.5918,0.534,2.3014
81.5920,0.5268,2.2725
81.5922,0.5231,2.2555
81.5924,0.558,2.4026
81.5926,0.6047,2.6052
81.5928,0.5438,2.3449
81.5930,0.5505,2.3706
81.5932,0.6355,2.7354
81.5934,0.6656,2.8649
81.5936,0.6286,2.7105
81.5938,0.54,2.3284
81.5940,0.5739,2.4735
81.5942,0.5689,2.4473
81.5944,0.6477,2.7862
81.5946,0.6847,2.9415
81.5948,0.7113,3.0616
81.5950,0.6486,2.7942
81.5952,0.6122,2.6409
81.5954,0.481,2.073
81.5956,0.5146,2.2187
81.5958,0.5485,2.3651
81.5960,0.5488,2.3677
81.5962,0.4523,1.9513
81.5964,0.4292,1.8514
81.5966,0.4245,1.8338
81.5968,0.4028,1.7393
81.5970,0.4269,1.8416
81.5972,0.4644,2.0026
81.5974,0.5201,2.2415
81.5976,0.5053,2.181
81.5978,0.4618,1.9912
81.5980,0.4785,2.0631
81.5982,0.5158,2.2229
81.5984,0.5023,2.167
81.5986,0.4726,2.0387
81.5988,0.4731,2.0389
81.5990,0.5321,2.2889
81.5992,0.5611,2.4171
81.5994,0.5129,2.2105
81.5996,0.5018,2.1639
81.5998,0.4789,2.0652
81.6000,0.4951,2.134
81.6002,0.5372,2.3111
81.6004,0.5984,2.5742
81.6006,0.621,2.6742
81.6008,0.6587,2.8324
81.6010,0.6023,2.59
81.6012,0.5715,2.4621
81.6014,0.5506,2.3711
81.6016,0.5729,2.4648
81.6018,0.5935,2.5566
81.6020,0.5761,2.4805
81.6022,0.6128,2.6373
81.6024,0.6126,2.6331
81.6026,0.6838,2.9388
81.6028,0.7118,3.0594
81.6030,0.7533,3.2302
81.6032,0.7919,3.3973
81.6034,0.8557,3.671
81.6036,0.8702,3.7315
81.6038,0.8766,3.7535
81.6040,0.9743,4.1739
81.6042,0.9418,4.0309
81.6044,0.9538,4.0803
81.6046,1.0498,4.4871
81.6048,1.0389,4.4508
81.6050,1.0144,4.3414
81.6052,1.0455,4.4707
81.6054,1.0468,4.4784
81.6056,1.071,4.5815
81.6058,1.0828,4.6323
81.6060,1.0486,4.4882
81.6062,1.0663,4.5637
81.6064,1.0702,4.5785
81.6066,1.0892,4.6617
81.6068,1.1133,4.7671
81.6070,1.0532,4.5077
81.6072,1.009,4.3183
81.6074,1.0064,4.3156
81.6076,0.9695,4.1534
81.6078,1.0277,4.4046
81.6080,0.9789,4.1973
81.6082,0.9685,4.1512
81.6084,0.958,4.104
81.6086,0.9545,4.0968
81.6088,0.8804,3.784
81.6090,0.8423,3.61
81.6092,0.9268,3.976
81.6094,0.9484,4.0705
81.6096,0.8695,3.7423
81.6098,0.723,3.1087
81.6100,0.7342,3.1557
81.6102,0.7779,3.3449
81.6104,0.7685,3.3108
81.6106,0.6734,2.8971
81.6108,0.714,3.0686
81.6110,0.7224,3.1062
81.6112,0.7527,3.2366
81.6114,0.7812,3.3578
81.6116,0.7242,3.1182
81.6118,0.7294,3.1351
81.6120,0.7894,3.3865
81.6122,0.8514,3.6542
81.6124,0.8561,3.6777
81.6126,0.8422,3.6196
81.6128,0.8119,3.4897
81.6130,0.7748,3.333
81.6132,0.802,3.4453
81.6134,0.8225,3.5334
81.6136,0.8224,3.5395
81.6138,0.781,3.3567
81.6140,0.8242,3.5357
81.6142,0.9039,3.8832
81.6144,0.8395,3.6116
81.6146,0.8166,3.5082
81.6148,0.8245,3.5438
81.6150,0.7689,3.3031
81.6152,0.8326,3.5817
81.6154,0.7453,3.2046
81.6156,0.736,3.162
81.6158,0.8375,3.5995
81.6160,0.8426,3.625
81.6162,0.8281,3.5543
81.6164,0.8815,3.7851
81.6166,0.827,3.5646
81.6168,0.6309,2.719
81.6170,0.6083,2.6207
81.6172,0.6516,2.8045
81.6174,0.7495,3.2242
81.6176,0.7551,3.2545
81.6178,0.6569,2.8286
81.6180,0.6529,2.8115
81.6182,0.7074,3.0445
81.6184,0.7136,3.0728
81.6186,0.6533,2.8144
81.6188,0.6475,2.7922
81.6190,0.6902,2.9693
81.6192,0.7888,3.3918
81.6194,0.7607,3.2727
81.6196,0.7725,3.3232
81.6198,0.79,3.3954
81.6200,0.8226,3.529
81.6202,0.872,3.7444
81.6204,0.8521,3.659
81.6206,0.9353,4.0126
81.6208,0.9455,4.0639
81.6210,0.8811,3.7853
81.6212,0.8214,3.5304
81.6214,0.8228,3.5333
81.6216,0.9054,3.8876
81.6218,0.8934,3.8379
81.6220,0.8425,3.6178
81.6222,0.869,3.7316
81.6224,0.9164,3.9386
81.6226,0.8513,3.6588
81.6228,0.8208,3.5262
81.6230,0.8255,3.5463
81.6232,0.8809,3.7843
81.6234,0.863,3.7058
81.6236,0.9113,3.9133
81.6238,0.9359,4.0189
81.6240,0.9592,4.1149
81.6242,0.9614,4.1223
81.6244,0.9834,4.2248
81.6246,0.8918,3.833
81.6248,0.8488,3.6496
81.6250,0.7995,3.4393
81.6252,0.7495,3.2272
81.6254,0.7556,3.2535
81.6256,0.7742,3.3305
81.6258,0.7738,3.3305
81.6260,0.717,3.0844
81.6262,0.7622,3.2789
81.6264,0.7785,3.3459
81.6266,0.8341,3.5834
81.6268,0.8305,3.5679
81.6270,0.8834,3.7987
81.6272,0.8123,3.4945
81.6274,0.7532,3.2462
81.6276,0.6474,2.7917
81.6278,0.54,2.3327
81.6280,0.4779,2.0663
81.6282,0.4672,2.0173
81.6284,0.5283,2.2814
81.6286,0.5387,2.3248
81.6288,0.5719,2.4682
81.6290,0.5943,2.5602
81.6292,0.6245,2.6916
81.6294,0.6142,2.6472
81.6296,0.6159,2.6532
81.6298,0.6252,2.6947
81.6300,0.6523,2.8142
81.6302,0.6301,2.7172
81.6304,0.6082,2.6238
81.6306,0.6294,2.7116
81.6308,0.6968,2.9977
81.6310,0.693,2.9854
81.6312,0.608,2.624
81.6314,0.5256,2.2684
81.6316,0.5092,2.1975
81.6318,0.509,2.199
81.6320,0.5033,2.1732
81.6322,0.507,2.1882
81.6324,0.5093,2.199
81.6326,0.5029,2.1716
81.6328,0.4903,2.1182
81.6330,0.4847,2.091
81.6332,0.4901,2.1152
81.6334,0.4966,2.1442
81.6336,0.4944,2.1358
81.6338,0.5253,2.2642
81.6340,0.5731,2.4711
81.6342,0.5318,2.2953
81.6344,0.5244,2.2611
81.6346,0.5972,2.5726
81.6348,0.6059,2.6127
81.6350,0.6082,2.6201
81.6352,0.6613,2.8463
81.6354,0.6665,2.8672
81.6356,0.7166,3.0828
81.6358,0.755,3.2449
81.6360,0.791,3.3995
81.6362,0.7806,3.3536
81.6364,0.839,3.6028
81.6366,0.8705,3.7395
81.6368,0.8737,3.7534
81.6370,0.8713,3.7413
81.6372,0.8761,3.7602
81.6374,0.9195,3.9465
81.6376,0.9425,4.0434
81.6378,0.9736,4.1689
81.6380,0.9989,4.2832
81.6382,0.9943,4.2637
81.6384,1.0082,4.3213
81.6386,1.0093,4.3259
81.6388,0.9902,4.2521
81.6390,0.9087,3.9002
81.6392,0.945,4.0523
81.6394,0.9691,4.146
81.6396,1.0451,4.4854
81.6398,0.9705,4.1652
81.6400,0.984,4.2195
81.6402,0.967,4.1484
81.6404,0.9604,4.1239
81.6406,0.9139,3.9205
81.6408,0.928,3.983
81.6410,0.9328,3.998
81.6412,1.0012,4.293
81.6414,0.9485,4.0748
81.6416,0.9019,3.8726
81.6418,0.948,4.0709
81.6420,0.8466,3.6387
81.6422,0.7663,3.2933
81.6424,0.7589,3.2665
81.6426,0.7785,3.3506
81.6428,0.791,3.3995
81.6430,0.8449,3.6298
81.6432,0.8839,3.8025
81.6434,0.8188,3.5224
81.6436,0.7679,3.3021
81.6438,0.8034,3.4547
81.6440,0.8712,3.7408
81.6442,0.8809,3.7861
81.6444,0.8133,3.497
81.6446,0.8167,3.5201
81.6448,0.7242,3.1153
81.6450,0.7515,3.2345
81.6452,0.7613,3.2753
81.6454,0.8382,3.6009
81.6456,0.8544,3.6687
81.6458,0.8679,3.7269
81.6460,0.8935,3.8384
81.6462,0.9524,4.0837
81.6464,0.9843,4.2224
81.6466,0.9837,4.2258
81.6468,0.9048,3.885
81.6470,0.9202,3.9441
81.6472,0.976,4.187
81.6474,0.9665,4.154
81.6476,0.8508,3.6652
81.6478,0.7333,3.1589
81.6480,0.7588,3.2629
81.6482,0.8408,3.6173
81.6484,0.7936,3.4172
81.6486,0.7376,3.1716
81.6488,0.7986,3.4309
81.6490,0.8865,3.8067
81.6492,0.9176,3.9548
81.6494,0.669,2.8861
81.6496,0.6183,2.6672
81.6498,0.6131,2.6438
81.6500,0.6046,2.6071
81.6502,0.6113,2.6372
81.6504,0.5955,2.5678
81.6506,0.5972,2.5786
81.6508,0.6041,2.6062
81.6510,0.6612,2.8458
81.6512,0.7297,3.1434
81.6514,0.7322,3.1528
81.6516,0.7318,3.1513
81.6518,0.731,3.1447
81.6520,0.7358,3.1683
81.6522,0.7402,3.1889
81.6524,0.7344,3.1621
81.6526,0.7406,3.1845
81.6528,0.7938,3.4087
81.6530,0.8718,3.7469
81.6532,0.8011,3.4465
81.6534,0.7853,3.3784
81.6536,0.7341,3.1596
81.6538,0.6981,3.009
81.6540,0.708,3.0485
81.6542,0.775,3.331
81.6544,0.8082,3.4754
81.6546,0.7851,3.3837
81.6548,0.7117,3.066
81.6550,0.7014,3.0187
81.6552,0.7372,3.173
81.6554,0.7491,3.2196
81.6556,0.8693,3.7378
81.6558,0.8215,3.5309
81.6560,0.8453,3.6364
81.6562,0.7886,3.3955
81.6564,0.7533,3.2422
81.6566,0.7316,3.1502
81.6568,0.7388,3.1827
81.6570,0.702,3.0213
81.6572,0.7263,3.1275
81.6574,0.7107,3.0618
81.6576,0.7357,3.1678
81.6578,0.6865,2.9547
81.6580,0.5731,2.4756
81.6582,0.5258,2.2705
81.6584,0.5228,2.2575
81.6586,0.5889,2.5381
81.6588,0.6151,2.6537
81.6590,0.5697,2.4588
81.6592,0.5578,2.4042
81.6594,0.6475,2.7882
81.6596,0.6816,2.9362
81.6598,0.7353,3.1603
81.6600,0.803,3.4531
81.6602,0.7905,3.4021
81.6604,0.7243,3.1201
81.6606,0.6811,2.9355
81.6608,0.72,3.1001
81.6610,0.7159,3.0797
81.6612,0.6906,2.9722
81.6614,0.6846,2.9464
81.6616,0.6819,2.9364
81.6618,0.7559,3.2505
81.6620,0.8221,3.5351
81.6622,0.8365,3.597
81.6624,0.7897,3.4006
81.6626,0.7691,3.3057
81.6628,0.829,3.5628
81.6630,0.7487,3.2225
81.6632,0.6973,2.9997
81.6634,0.7613,3.2767
81.6636,0.7474,3.2198
81.6638,0.6986,3.0082
81.6640,0.7104,3.056
81.6642,0.7843,3.3758
81.6644,0.7667,3.2984
81.6646,0.7427,3.1997
81.6648,0.6878,2.9631
81.6650,0.6427,2.7714
81.6652,0.649,2.797
81.6654,0.6854,2.9555
81.6656,0.5846,2.5242
81.6658,0.5105,2.2032
81.6660,0.5521,2.3816
81.6662,0.5984,2.5789
81.6664,0.6214,2.6782
81.6666,0.6256,2.7012
81.6668,0.5366,2.3171
81.6670,0.5108,2.2057
81.6672,0.5287,2.2787
81.6674,0.6608,2.8469
81.6676,0.5817,2.5094
81.6678,0.5216,2.2482
81.6680,0.5576,2.4043
81.6682,0.5836,2.5165
81.6684,0.6613,2.8476
81.6686,0.7064,3.0375
81.6688,0.7712,3.319
81.6690,0.717,3.0829
81.6692,0.7345,3.1582
81.6694,0.7256,3.1215
81.6696,0.764,3.2881
81.6698,0.7445,3.2015
81.6700,0.8348,3.5814
81.6702,0.9889,4.2405
81.6704,0.9776,4.1921
81.6706,0.9722,4.169
81.6708,0.9886,4.2389
81.6710,0.9816,4.213
81.6712,0.9959,4.2643
81.6714,0.9963,4.2783
81.6716,0.9502,4.0763
81.6718,1.0035,4.2972
81.6720,1.033,4.4338
81.6722,0.9912,4.2463
81.6724,1.0865,4.6503
81.6726,1.0978,4.7007
81.6728,1.0556,4.5221
81.6730,1.0471,4.4919
81.6732,1.0344,4.4415
81.6734,0.9053,3.8929
81.6736,0.8146,3.5026
81.6738,0.8098,3.482
81.6740,0.8167,3.5086
81.6742,0.7914,3.4078
81.6744,0.7048,3.0393
81.6746,0.6029,2.601
81.6748,0.6383,2.751
81.6750,0.6788,2.9257
81.6752,0.6833,2.9448
81.6754,0.6221,2.6813
81.6756,0.6298,2.7156
81.6758,0.6309,2.7203
81.6760,0.6104,2.6331
81.6762,0.6148,2.6473
81.6764,0.7102,3.0583
81.6766,0.7006,3.0212
81.6768,0.5837,2.5182
81.6770,0.5976,2.5746
81.6772,0.6889,2.9622
81.6774,0.7604,3.2665
81.6776,0.8484,3.6599
81.6778,0.6599,2.8441
81.6780,0.653,2.8133
81.6782,0.6757,2.9109
81.6784,0.7275,3.1326
81.6786,0.7059,3.0411
81.6788,0.6674,2.8753
81.6790,0.6282,2.7064
81.6792,0.6663,2.8706
81.6794,0.6353,2.7406
81.6796,0.6835,2.9445
81.6798,0.7048,3.0379
81.6800,0.6632,2.8572
81.6802,0.6565,2.8309
81.6804,0.6596,2.8404
81.6806,0.6837,2.9442
81.6808,0.6361,2.7468
81.6810,0.529,2.2876
81.6812,0.5066,2.1876
81.6814,0.5247,2.2627
81.6816,0.5332,2.3004
81.6818,0.6363,2.741
81.6820,0.633,2.7308
81.6822,0.5285,2.2797
81.6824,0.5109,2.2052
81.6826,0.5692,2.4568
81.6828,0.5898,2.5422
81.6830,0.6196,2.6729
81.6832,0.6178,2.6614
81.6834,0.6628,2.8525
81.6836,0.6932,2.9877
81.6838,0.6518,2.8068
81.6840,0.7026,3.0224
81.6842,0.6955,2.9892
81.6844,0.7635,3.2845
81.6846,0.7595,3.269
81.6848,0.716,3.0845
81.6850,0.6484,2.7919
81.6852,0.6552,2.8239
81.6854,0.6581,2.831
81.6856,0.7503,3.2247
81.6858,0.8107,3.4845
81.6860,0.7825,3.3634
81.6862,0.7794,3.3578
81.6864,0.6828,2.94
81.6866,0.6809,2.9331
81.6868,0.6474,2.7929
81.6870,0.5644,2.4349
81.6872,0.5517,2.379
81.6874,0.5532,2.3874
81.6876,0.5645,2.4343
81.6878,0.6124,2.6418
81.6880,0.5512,2.3791
81.6882,0.5425,2.3424
81.6884,0.5454,2.3516
81.6886,0.5421,2.3387
81.6888,0.5474,2.3604
81.6890,0.555,2.3929
81.6892,0.5432,2.3434
81.6894,0.5161,2.2285
81.6896,0.5603,2.4162
81.6898,0.5996,2.5865
81.6900,0.5031,2.1726
81.6902,0.4726,2.0396
81.6904,0.4725,2.0382
81.6906,0.474,2.0458
81.6908,0.4766,2.0591
81.6910,0.4792,2.0681
81.6912,0.4755,2.053
81.6914,0.4778,2.0624
81.6916,0.4889,2.11
81.6918,0.491,2.1193
81.6920,0.4883,2.1074
81.6922,0.4868,2.1002
81.6924,0.486,2.0947
81.6926,0.529,2.2802
81.6928,0.5803,2.4997
81.6930,0.6229,2.6836
81.6932,0.6081,2.6208
81.6934,0.5632,2.4286
81.6936,0.5651,2.438
81.6938,0.503,2.1691
81.6940,0.5207,2.244
81.6942,0.5488,2.3677
81.6944,0.5204,2.2409
81.6946,0.6264,2.6999
81.6948,0.6343,2.7327
81.6950,0.6221,2.6763
81.6952,0.665,2.865
81.6954,0.6106,2.6316
81.6956,0.6184,2.664
81.6958,0.6123,2.634
81.6960,0.6263,2.6981
81.6962,0.605,2.6074
81.6964,0.6325,2.7199
81.6966,0.6797,2.9212
81.6968,0.733,3.152
81.6970,0.7402,3.1829
81.6972,0.7108,3.058
81.6974,0.6747,2.9027
81.6976,0.6481,2.7921
81.6978,0.6414,2.7593
81.6980,0.6804,2.9284
81.6982,0.6295,2.7083
81.6984,0.6451,2.7753
81.6986,0.6842,2.9408
81.6988,0.7788,3.3474
81.6990,0.7744,3.3252
81.6992,0.8358,3.5872
81.6994,0.8855,3.8008
81.6996,0.849,3.6506
81.6998,0.7572,3.2501
81.7000,0.811,3.4839
81.7002,0.792,3.4057
81.7004,0.7614,3.2711
81.7006,0.8184,3.5191
81.7008,0.7631,3.2799
81.7010,0.7728,3.3232
81.7012,0.7232,3.1112
81.7014,0.7245,3.1168
81.7016,0.7803,3.3489
81.7018,0.8659,3.7146
81.7020,0.8915,3.8229
81.7022,0.8877,3.8083
81.7024,0.869,3.7263
81.7026,0.9249,3.9677
81.7028,0.939,4.0303
81.7030,0.9086,3.8941
81.7032,0.9461,4.0531
81.7034,1.0008,4.2774
81.7036,1.1539,4.9341
81.7038,1.1916,5.0927
81.7040,1.213,5.1821
81.7042,1.2131,5.1826
81.7044,1.19,5.0885
81.7046,1.1841,5.0704
81.7048,1.0435,4.4723
81.7050,0.9877,4.2373
81.7052,1.0346,4.4239
81.7054,1.1733,5.0172
81.7056,1.1684,4.9985
81.7058,1.1767,5.0315
81.7060,1.1673,4.9962
81.7062,1.1356,4.8648
81.7064,1.0417,4.4667
81.7066,0.968,4.1529
81.7068,0.9445,4.0521
81.7070,0.9556,4.1013
81.7072,0.96,4.1204
81.7074,0.9793,4.1993
81.7076,1.029,4.4081
81.7078,1.0581,4.5393
81.7080,1.0013,4.2954
81.7082,0.9942,4.2671
81.7084,0.9706,4.1657
81.7086,0.9845,4.2332
81.7088,0.8638,3.7128
81.7090,0.8357,3.595
81.7092,0.7901,3.4006
81.7094,0.77,3.3123
81.7096,0.8003,3.4413
81.7098,0.806,3.4644
81.7100,0.8394,3.6127
81.7102,0.768,3.3102
81.7104,0.7581,3.2613
81.7106,0.7684,3.3087
81.7108,0.7435,3.2013
81.7110,0.7721,3.3232
81.7112,0.7593,3.2634
81.7114,0.7852,3.3779
81.7116,0.7913,3.4042
81.7118,0.8481,3.6504
81.7120,0.8076,3.4695
81.7122,0.8743,3.7559
81.7124,0.8914,3.8349
81.7126,0.7909,3.4058
81.7128,0.7305,3.1455
81.7130,0.6337,2.7339
81.7132,0.6311,2.72
81.7134,0.6871,2.9627
81.7136,0.6751,2.9083
81.7138,0.7094,3.0518
81.7140,0.7363,3.1718
81.7142,0.6605,2.8466
81.7144,0.6731,2.8996
81.7146,0.6833,2.9462
81.7148,0.5954,2.5708
81.7150,0.6045,2.6065
81.7152,0.6548,2.821
81.7154,0.6652,2.8668
81.7156,0.6127,2.6434
81.7158,0.5783,2.4961
81.7160,0.6189,2.6661
81.7162,0.6337,2.7339
81.7164,0.5776,2.4907
81.7166,0.6135,2.6465
81.7168,0.5697,2.46
81.7170,0.5548,2.3947
81.7172,0.5395,2.3273
81.7174,0.5508,2.376
81.7176,0.5665,2.4437
81.7178,0.5721,2.468
81.7180,0.5721,2.4703
81.7182,0.5255,2.2658
81.7184,0.668,2.8765
81.7186,0.7388,3.1782
81.7188,0.7508,3.2298
81.7190,0.7402,3.1888
81.7192,0.6743,2.902
81.7194,0.6727,2.8967
81.7196,0.6759,2.9093
81.7198,0.6753,2.908
81.7200,0.7291,3.1379
81.7202,0.7496,3.2231
81.7204,0.7709,3.3165
81.7206,0.7804,3.3541
81.7208,0.8328,3.5777
81.7210,0.8474,3.6388
81.7212,0.8637,3.7106
81.7214,0.8685,3.7277
81.7216,0.9186,3.9373
81.7218,0.9905,4.2551
81.7220,0.9445,4.0578
81.7222,0.8866,3.809
81.7224,0.9108,3.9094
81.7226,0.9134,3.9202
81.7228,0.8549,3.6759
81.7230,0.8012,3.4502
81.7232,0.7578,3.2618
81.7234,0.7283,3.1348
81.7236,0.7267,3.129
81.7238,0.721,3.1019
81.7240,0.7721,3.3201
81.7242,0.7887,3.3912
81.7244,0.7816,3.3608
81.7246,0.8817,3.7843
81.7248,0.9811,4.209
81.7250,1.048,4.4898
81.7252,1.0645,4.5537
81.7254,1.1548,4.9423
81.7256,1.08,4.6291
81.7258,1.0106,4.3335
81.7260,1.0047,4.3123
81.7262,1.0159,4.3582
81.7264,0.9951,4.2712
81.7266,0.9923,4.2549
81.7268,1.0589,4.5344
81.7270,1.08,4.6312
81.7272,1.0323,4.4266
81.7274,0.9975,4.2855
81.7276,1.0037,4.3117
81.7278,0.998,4.2795
81.7280,0.9798,4.2014
81.7282,1.0472,4.4945
81.7284,1.017,4.3608
81.7286,1.0387,4.4559
81.7288,1.1061,4.7295
81.7290,1.1943,5.1093
81.7292,1.2093,5.1758
81.7294,1.1639,4.9906
81.7296,1.1443,4.9023
81.7298,1.0992,4.7113
81.7300,1.1068,4.7503
81.7302,0.9661,4.1505
81.7304,0.8983,3.8679
81.7306,0.8539,3.6683
81.7308,1.0045,4.3053
81.7310,1.1008,4.7224
81.7312,1.1047,4.7349
81.7314,1.1087,4.7497
81.7316,1.1417,4.8887
81.7318,1.1789,5.0455
81.7320,1.2002,5.1392
81.7322,1.1956,5.1221
81.7324,1.2015,5.1449
81.7326,1.2341,5.2821
81.7328,1.2289,5.2669
81.7330,1.1887,5.0923
81.7332,1.2061,5.1668
81.7334,1.2563,5.3745
81.7336,1.2635,5.4053
81.7338,1.2564,5.3775
81.7340,1.2235,5.2413
81.7342,1.1902,5.1014
81.7344,1.1516,4.9382
81.7346,1.1135,4.7747
81.7348,1.1026,4.7301
81.7350,1.1393,4.8875
81.7352,1.1603,4.9683
81.7354,1.1923,5.1077
81.7356,1.235,5.2881
81.7358,1.1818,5.0772
81.7360,1.0898,4.6772
81.7362,1.0672,4.5869
81.7364,1.0456,4.4899
81.7366,1.055,4.528
81.7368,1.07,4.5987
81.7370,1.0583,4.5403
81.7372,1.0914,4.6866
81.7374,1.0467,4.4988
81.7376,1.0613,4.5531
81.7378,1.0532,4.5224
81.7380,1.1014,4.7294
81.7382,1.0643,4.5745
81.7384,1.0158,4.3638
81.7386,1.0574,4.5319
81.7388,1.1509,4.9305
81.7390,1.2712,5.4407
81.7392,1.2959,5.536
81.7394,1.4692,6.2733
81.7396,1.503,6.4177
81.7398,1.3874,5.9463
81.7400,1.2088,5.1835
81.7402,1.2001,5.1363
81.7404,1.2941,5.5413
81.7406,1.3592,5.831
81.7408,1.2484,5.3432
81.7410,1.3177,5.6372
81.7412,1.357,5.8054
81.7414,1.4117,6.0337
81.7416,1.4114,6.0463
81.7418,1.2562,5.3841
81.7420,1.251,5.367
81.7422,1.2873,5.5249
81.7424,1.2705,5.4427
81.7426,1.2594,5.403
81.7428,1.2092,5.185
81.7430,1.2007,5.1533
81.7432,1.1416,4.9087
81.7434,1.0726,4.6122
81.7436,1.0545,4.5323
81.7438,1.0965,4.7083
81.7440,1.1833,5.0645
81.7442,1.335,5.711
81.7444,1.3981,5.9781
81.7446,1.4684,6.2673
81.7448,1.5654,6.6813
81.7450,1.5406,6.5939
81.7452,1.4706,6.2942
81.7454,1.4881,6.3453
81.7456,1.641,6.9972
81.7458,1.6382,6.992
81.7460,1.5888,6.7907
81.7462,1.4953,6.3939
81.7464,1.4786,6.3226
81.7466,1.517,6.4958
81.7468,1.4175,6.0725
81.7470,1.3497,5.7822
81.7472,1.3964,5.9821
81.7474,1.3634,5.8462
81.7476,1.3223,5.6699
81.7478,1.3249,5.6785
81.7480,1.332,5.7115
81.7482,1.3922,5.9613
81.7484,1.4,6.0003
81.7486,1.3993,5.9888
81.7488,1.4087,6.0293
81.7490,1.4145,6.0568
81.7492,1.4879,6.374
81.7494,1.4311,6.1396
81.7496,1.3575,5.8156
81.7498,1.3749,5.8901
81.7500,1.3563,5.8078
81.7502,1.3617,5.8336
81.7504,1.3604,5.8388
81.7506,1.3001,5.5852
81.7508,1.2328,5.2912
81.7510,1.2592,5.4045
81.7512,1.3179,5.6487
81.7514,1.3849,5.9355
81.7516,1.4244,6.0966
81.7518,1.4771,6.3307
81.7520,1.4124,6.065
81.7522,1.2247,5.2734
81.7524,1.113,4.7882
81.7526,1.144,4.9167
81.7528,1.2308,5.2874
81.7530,1.243,5.335
81.7532,1.3019,5.5903
81.7534,1.2863,5.5182
81.7536,1.35,5.786
81.7538,1.4126,6.0599
81.7540,1.2639,5.4448
81.7542,1.0731,4.6293
81.7544,0.9571,4.1291
81.7546,0.9496,4.0889
81.7548,1.0386,4.4679
81.7550,1.1233,4.8371
81.7552,1.0948,4.7142
81.7554,1.0099,4.3567
81.7556,0.9132,3.9398
81.7558,0.9101,3.9263
81.7560,0.8981,3.8818
81.7562,0.846,3.6546
81.7564,0.8035,3.4793
81.7566,0.6836,2.9601
81.7568,0.7125,3.0795
81.7570,0.7689,3.3231
81.7572,0.7469,3.2267
81.7574,0.8359,3.6128
81.7576,0.7602,3.2858
81.7578,0.6986,3.0236
81.7580,0.6994,3.0286
81.7582,0.7134,3.0774
81.7584,0.8843,3.8257
81.7586,0.7592,3.2796
81.7588,0.8194,3.5314
81.7590,0.9254,3.9883
81.7592,0.9929,4.2793
81.7594,1.0061,4.3321
81.7596,1.0341,4.4591
81.7598,0.9373,4.0437
81.7600,0.8913,3.8451
81.7602,0.8745,3.7779
81.7604,0.8017,3.4603
81.7606,0.805,3.4678
81.7608,0.8873,3.8298
81.7610,0.856,3.6913
81.7612,0.9385,4.0489
81.7614,0.8835,3.8168
81.7616,0.7391,3.1945
81.7618,0.7352,3.1804
81.7620,0.7003,3.0266
81.7622,0.6969,3.0163
81.7624,0.7264,3.1411
81.7626,0.7329,3.1676
81.7628,0.7052,3.0479
81.7630,0.7152,3.0923
81.7632,0.7189,3.107
81.7634,0.7614,3.2879
81.7636,0.7225,3.124
81.7638,0.7021,3.0344
81.7640,0.7231,3.1265
81.7642,0.7057,3.05
81.7644,0.7028,3.0403
81.7646,0.7029,3.0408
81.7648,0.7214,3.115
81.7650,0.8143,3.513
81.7652,0.8371,3.6146
81.7654,0.7394,3.1956
81.7656,0.6968,3.0102
81.7658,0.7198,3.1097
81.7660,0.714,3.0829
81.7662,0.7823,3.3764
81.7664,0.864,3.7168
81.7666,0.9845,4.2332
81.7668,0.9327,4.0217
81.7670,0.829,3.5761
81.7672,0.8299,3.5802
81.7674,0.8499,3.6649
81.7676,0.8707,3.7509
81.7678,0.989,4.2489
81.7680,1.1587,4.9755
81.7682,1.1124,4.7767
81.7684,1.1593,4.9734
81.7686,1.1624,4.9938
81.7688,1.1116,4.7687
81.7690,1.1763,5.0535
81.7692,1.1685,5.013
81.7694,1.1778,5.0526
81.7696,1.1842,5.0828
81.7698,1.2024,5.1557
81.7700,1.2803,5.4874
81.7702,1.2991,5.568
81.7704,1.2688,5.4329
81.7706,1.4062,6.0157
81.7708,1.4718,6.2934
81.7710,1.4855,6.3429
81.7712,1.5124,6.4642
81.7714,1.5218,6.5072
81.7716,1.4633,6.257
81.7718,1.4701,6.298
81.7720,1.3745,5.8913
81.7722,1.3765,5.8913
81.7724,1.3941,5.9835
81.7726,1.2479,5.3661
81.7728,1.0834,4.6608
81.7730,1.0629,4.5747
81.7732,1.1273,4.8519
81.7734,1.0943,4.7143
81.7736,1.0167,4.3719
81.7738,1.0953,4.7097
81.7740,1.0845,4.6633
81.7742,1.0748,4.6172
81.7744,1.1261,4.8399
81.7746,1.1621,4.9992
81.7748,1.1021,4.7435
81.7750,1.0601,4.5607
81.7752,1.0447,4.5004
81.7754,0.9881,4.2566
81.7756,0.9738,4.1951
81.7758,1.0316,4.4359
81.7760,1.0376,4.4658
81.7762,1.0419,4.4886
81.7764,0.9431,4.0704
81.7766,0.8959,3.8576
81.7768,0.9252,3.9933
81.7770,0.931,4.0089
81.7772,0.9653,4.1527
81.7774,1.0209,4.3961
81.7776,1.0232,4.4039
81.7778,0.9944,4.286
81.7780,0.9564,4.1164
81.7782,1.0338,4.441
81.7784,1.0773,4.6366
81.7786,1.0926,4.6961
81.7788,1.1286,4.8508
81.7790,1.1458,4.9313
81.7792,1.1244,4.8372
81.7794,1.1262,4.8427
81.7796,1.1122,4.7802
81.7798,1.1133,4.7826
81.7800,1.1835,5.0821
81.7802,1.2043,5.176
81.7804,1.1696,5.027
81.7806,1.1486,4.9345
81.7808,1.1749,5.052
81.7810,1.1267,4.847
81.7812,1.1454,4.9115
81.7814,1.3195,5.6554
81.7816,1.2994,5.5951
81.7818,1.0052,4.3265
81.7820,0.9892,4.2613
81.7822,1.004,4.3253
81.7824,1.0239,4.4029
81.7826,1.1605,4.9902
81.7828,1.1081,4.7693
81.7830,1.06,4.5602
81.7832,1.06,4.5581
81.7834,1.0741,4.6206
81.7836,1.0642,4.5804
81.7838,1.0459,4.5035
81.7840,1.0425,4.4891
81.7842,1.0671,4.58
81.7844,1.2201,5.2342
81.7846,1.2785,5.4924
81.7848,1.191,5.114
81.7850,1.2069,5.1897
81.7852,1.1641,5.001
81.7854,1.1962,5.139
81.7856,1.1679,5.0198
81.7858,1.1599,4.9783
81.7860,1.2299,5.2764
81.7862,1.2676,5.443
81.7864,1.261,5.4122
81.7866,1.2658,5.4302
81.7868,1.3146,5.6396
81.7870,1.3364,5.7359
81.7872,1.2611,5.4177
81.7874,1.1925,5.135
81.7876,1.0949,4.6994
81.7878,1.2873,5.53
81.7880,1.1718,5.0433
81.7882,1.0984,4.7319
81.7884,1.011,4.3512
81.7886,1.0559,4.5448
81.7888,1.0092,4.3556
81.7890,0.9164,3.955
81.7892,0.9074,3.9144
81.7894,0.8716,3.7672
81.7896,0.7707,3.3308
81.7898,0.7551,3.265
81.7900,0.7403,3.1997
81.7902,0.7443,3.2168
81.7904,0.76,3.2802
81.7906,0.7637,3.3008
81.7908,0.7783,3.3656
81.7910,0.8144,3.5054
81.7912,0.901,3.8942
81.7914,0.7612,3.2914
81.7916,0.731,3.1593
81.7918,0.7074,3.06
81.7920,0.6967,3.0083
81.7922,0.8329,3.5898
81.7924,0.9088,3.9188
81.7926,0.8684,3.7532
81.7928,0.7762,3.35
81.7930,0.8664,3.7375
81.7932,0.7949,3.4339
81.7934,0.7734,3.3366
81.7936,0.8592,3.6996
81.7938,0.9466,4.0798
81.7940,0.9543,4.109
81.7942,0.9893,4.2618
81.7944,1.0359,4.4607
81.7946,0.9875,4.254
81.7948,0.9424,4.0579
81.7950,0.9737,4.2005
81.7952,0.9321,4.0154
81.7954,0.9174,3.9597
81.7956,0.8035,3.4664
81.7958,0.8381,3.6154
81.7960,0.8457,3.6485
81.7962,0.763,3.3007
81.7964,0.6536,2.8263
81.7966,0.627,2.7188
81.7968,0.5412,2.3432
81.7970,0.5428,2.3516
81.7972,0.5385,2.335
81.7974,0.5349,2.3184
81.7976,0.5332,2.3111
81.7978,0.5342,2.3131
81.7980,0.5418,2.3437
81.7982,0.5859,2.5357
81.7984,0.5946,2.5712
81.7986,0.6794,2.9337
81.7988,0.7564,3.2677
81.7990,0.6986,3.018
81.7992,0.7225,3.1196
81.7994,0.718,3.1019
81.7996,0.7229,3.1202
81.7998,0.7363,3.1821
81.8000,0.6631,2.866
81.8002,0.6418,2.7737
81.8004,0.6464,2.7926
81.8006,0.7012,3.0294
81.8008,0.7508,3.2358
81.8010,0.8142,3.5108
81.8012,0.7974,3.4448
81.8014,0.7008,3.0231
81.8016,0.7215,3.1155
81.8018,0.6913,2.9795
81.8020,0.8273,3.5672
81.8022,0.8614,3.7128
81.8024,0.877,3.773
81.8026,0.9433,4.0602
81.8028,0.9595,4.1279
81.8030,0.9438,4.0566
81.8032,0.9435,4.0626
81.8034,0.927,3.9937
81.8036,0.9026,3.8811
81.8038,0.9575,4.1249
81.8040,0.9212,3.9628
81.8042,0.9624,4.1422
81.8044,0.9282,3.9951
81.8046,0.8827,3.8061
81.8048,0.8305,3.5812
81.8050,0.8484,3.6548
81.8052,0.9059,3.9009
81.8054,0.9329,4.0171
81.8056,0.9062,3.902
81.8058,0.8358,3.6056
81.8060,0.799,3.4452
81.8062,0.8297,3.5759
81.8064,0.871,3.7524
81.8066,0.9055,3.9025
81.8068,0.882,3.7977
81.8070,0.8708,3.7549
81.8072,0.8162,3.5164
81.8074,0.9009,3.8721
81.8076,0.948,4.0822
81.8078,0.8225,3.5482
81.8080,0.8012,3.4566
81.8082,0.7635,3.2982
81.8084,0.7371,3.1784
81.8086,0.7394,3.1897
81.8088,0.7419,3.199
81.8090,0.7774,3.3552
81.8092,0.7191,3.1008
81.8094,0.7662,3.304
81.8096,0.6666,2.8837
81.8098,0.516,2.2321
81.8100,0.5534,2.3951
81.8102,0.5909,2.5552
81.8104,0.5938,2.5688
81.8106,0.5368,2.3224
81.8108,0.5635,2.4364
81.8110,0.6237,2.693
81.8112,0.6189,2.6723
81.8114,0.6207,2.6825
81.8116,0.5774,2.4989
81.8118,0.5551,2.4012
81.8120,0.5041,2.1828
81.8122,0.4637,2.0069
81.8124,0.5451,2.3549
81.8126,0.5912,2.5527
81.8128,0.6201,2.6737
81.8130,0.6992,3.0192
81.8132,0.6276,2.7138
81.8134,0.5481,2.3679
81.8136,0.6227,2.6876
81.8138,0.656,2.8328
81.8140,0.6504,2.8071
81.8142,0.6535,2.8219
81.8144,0.6323,2.7302
81.8146,0.6785,2.9269
81.8148,0.658,2.8437
81.8150,0.5468,2.3633
81.8152,0.5886,2.5406
81.8154,0.5974,2.5844
81.8156,0.5196,2.2435
81.8158,0.6114,2.6389
81.8160,0.6106,2.6378
81.8162,0.5757,2.487
81.8164,0.6056,2.6136
81.8166,0.6234,2.6907
81.8168,0.6346,2.7375
81.8170,0.6115,2.6431
81.8172,0.5416,2.3388
81.8174,0.5579,2.4059
81.8176,0.6888,2.9617
81.8178,0.912,3.92
81.8180,0.8889,3.8294
81.8182,0.7768,3.3526
81.8184,0.7086,3.0525
81.8186,0.7361,3.1698
81.8188,0.7871,3.3908
81.8190,0.7552,3.2504
81.8192,0.7939,3.4203
81.8194,0.8238,3.5522
81.8196,0.7834,3.3764
81.8198,0.72,3.1044
81.8200,0.6732,2.9041
81.8202,0.6749,2.91
81.8204,0.6849,2.9534
81.8206,0.6961,2.9974
81.8208,0.7192,3.0956
81.8210,0.762,3.2829
81.8212,0.7798,3.364
81.8214,0.6388,2.7582
81.8216,0.6259,2.6965
81.8218,0.7502,3.2362
81.8220,0.6637,2.8632
81.8222,0.5709,2.4663
81.8224,0.4925,2.1285
81.8226,0.4937,2.1347
81.8228,0.4924,2.128
81.8230,0.5155,2.228
81.8232,0.5042,2.1813
81.8234,0.4975,2.1513
81.8236,0.5005,2.1622
81.8238,0.5033,2.1751
81.8240,0.5029,2.1716
81.8242,0.5015,2.1664
81.8244,0.499,2.1565
81.8246,0.4997,2.1606
81.8248,0.5245,2.2648
81.8250,0.5937,2.56
81.8252,0.6596,2.8457
81.8254,0.6105,2.6336
81.8256,0.6154,2.6511
81.8258,0.653,2.8133
81.8260,0.6626,2.8599
81.8262,0.609,2.6298
81.8264,0.5197,2.242
81.8266,0.6335,2.7278
81.8268,0.7143,3.0773
81.8270,0.7052,3.0366
81.8272,0.7345,3.1626
81.8274,0.7306,3.1461
81.8276,0.7082,3.0523
81.8278,0.6449,2.7769
81.8280,0.7233,3.1175
81.8282,0.7198,3.0996
81.8284,0.737,3.172
81.8286,0.712,3.0632
81.8288,0.812,3.4918
81.8290,0.8017,3.4522
81.8292,0.6991,3.0103
81.8294,0.7102,3.0625
81.8296,0.6647,2.8661
81.8298,0.6422,2.7668
81.8300,0.6709,2.8929
81.8302,0.6475,2.7921
81.8304,0.6425,2.7704
81.8306,0.6675,2.8731
81.8308,0.6891,2.9674
81.8310,0.6596,2.8417
81.8312,0.7018,3.0249
81.8314,0.7053,3.0357
81.8316,0.6949,2.995
81.8318,0.6446,2.7823
81.8320,0.5319,2.2947
81.8322,0.535,2.3082
81.8324,0.624,2.6883
81.8326,0.6317,2.7251
81.8328,0.6357,2.7397
81.8330,0.6289,2.7158
81.8332,0.524,2.2648
81.8334,0.5189,2.2415
81.8336,0.5198,2.2415
81.8338,0.55,2.374
81.8340,0.5779,2.4917
81.8342,0.6394,2.7531
81.8344,0.6533,2.8169
81.8346,0.6259,2.7003
81.8348,0.6339,2.7268
81.8350,0.7689,3.3031
81.8352,0.7783,3.3438
81.8354,0.8197,3.5231
81.8356,0.8889,3.8116
81.8358,0.9454,4.0538
81.8360,0.9655,4.1479
81.8362,0.8836,3.7978
81.8364,0.9394,4.0225
81.8366,1.0683,4.5766
81.8368,1.0658,4.57
81.8370,1.0278,4.4071
81.8372,1.0725,4.5924
81.8374,1.0966,4.6956
81.8376,1.0822,4.6318
81.8378,1.1851,5.0745
81.8380,1.1188,4.7884
81.8382,1.1833,5.0597
81.8384,1.1995,5.1338
81.8386,1.1248,4.8208
81.8388,1.0955,4.6976
81.8390,1.0544,4.5254
81.8392,1.0016,4.301
81.8394,0.8888,3.8218
81.8396,0.8637,3.7157
81.8398,0.866,3.7221
81.8400,0.8997,3.8651
81.8402,0.8508,3.6566
81.8404,0.8285,3.569
81.8406,0.7758,3.3392
81.8408,0.8363,3.5959
81.8410,0.8925,3.8288
81.8412,0.9684,4.1583
81.8414,0.9565,4.1074
81.8416,0.964,4.1374
81.8418,0.9328,4.011
81.8420,0.9489,4.082
81.8422,0.8644,3.7137
81.8424,0.8618,3.704
81.8426,0.9013,3.8754
81.8428,0.8638,3.7163
81.8430,0.8483,3.6526
81.8432,0.7883,3.3897
81.8434,0.8472,3.6395
81.8436,0.8489,3.6518
81.8438,0.8505,3.6556
81.8440,0.8852,3.8063
81.8442,0.8172,3.5156
81.8444,0.803,3.4579
81.8446,0.7889,3.3923
81.8448,0.8692,3.7343
81.8450,0.876,3.7684
81.8452,0.8489,3.6535
81.8454,0.8473,3.6485
81.8456,0.8063,3.4783
81.8458,0.6277,2.7093
81.8460,0.6345,2.7345
81.8462,0.6896,2.9708
81.8464,0.7449,3.209
81.8466,0.7158,3.0863
81.8468,0.6285,2.7137
81.8470,0.5847,2.5247
81.8472,0.6434,2.7707
81.8474,0.7329,3.1573
81.8476,0.6369,2.7486
81.8478,0.5915,2.5542
81.8480,0.5777,2.4923
81.8482,0.6389,2.7562
81.8484,0.643,2.7712
81.8486,0.6623,2.8584
81.8488,0.641,2.7655
81.8490,0.6246,2.6959
81.8492,0.5837,2.5182
81.8494,0.5782,2.4944
81.8496,0.5782,2.4967
81.8498,0.5849,2.5246
81.8500,0.5759,2.4846
81.8502,0.5861,2.5286
81.8504,0.6728,2.8985
81.8506,0.7491,3.2211
81.8508,0.7689,3.3092
81.8510,0.7447,3.2124
81.8512,0.6575,2.8311
81.8514,0.6572,2.8327
81.8516,0.6261,2.7033
81.8518,0.5699,2.4621
81.8520,0.5577,2.4082
81.8522,0.5535,2.3879
81.8524,0.5576,2.4077
81.8526,0.5792,2.4974
81.8528,0.6311,2.72
81.8530,0.6142,2.6484
81.8532,0.6095,2.627
81.8534,0.6237,2.688
81.8536,0.6288,2.7115
81.8538,0.6305,2.7162
81.8540,0.734,3.1546
81.8542,0.7638,3.286
81.8544,0.6979,3.0079
81.8546,0.6048,2.6117
81.8548,0.5595,2.4137
81.8550,0.5575,2.4038
81.8552,0.5813,2.5114
81.8554,0.5427,2.3413
81.8556,0.5425,2.3413
81.8558,0.545,2.3533
81.8560,0.5602,2.4168
81.8562,0.5522,2.3822
81.8564,0.543,2.3412
81.8566,0.5631,2.4315
81.8568,0.55,2.3762
81.8570,0.5451,2.3516
81.8572,0.575,2.4782
81.8574,0.6263,2.7006
81.8576,0.5678,2.4483
81.8578,0.5637,2.4307
81.8580,0.5927,2.5535
81.8582,0.6548,2.821
81.8584,0.6878,2.959
81.8586,0.749,3.2191
81.8588,0.7614,3.2772
81.8590,0.7823,3.3608
81.8592,0.8154,3.503
81.8594,0.7622,3.2773
81.8596,0.7324,3.1523
81.8598,0.7795,3.3552
81.8600,0.7425,3.1942
81.8602,0.7207,3.1032
81.8604,0.7298,3.141
81.8606,0.7812,3.3577
81.8608,0.8269,3.5524
81.8610,0.789,3.3928
81.8612,0.7854,3.3789
81.8614,0.8021,3.4506
81.8616,0.7695,3.3087
81.8618,0.8022,3.4591
81.8620,0.6637,2.8619
81.8622,0.6293,2.7098
81.8624,0.6265,2.7004
81.8626,0.6283,2.7081
81.8628,0.6391,2.7572
81.8630,0.6261,2.6996
81.8632,0.6203,2.6747
81.8634,0.6199,2.672
81.8636,0.6392,2.7539
81.8638,0.6935,2.9832
81.8640,0.7417,3.1891
81.8642,0.7032,3.0264
81.8644,0.6849,2.948
81.8646,0.7095,3.0566
81.8648,0.6817,2.9354
81.8650,0.7201,3.0934
81.8652,0.8064,3.4627
81.8654,0.8297,3.5726
81.8656,0.697,3.0001
81.8658,0.6558,2.8265
81.8660,0.5984,2.5801
81.8662,0.5966,2.5712
81.8664,0.5774,2.4931
81.8666,0.5238,2.2606
81.8668,0.5657,2.4406
81.8670,0.5961,2.5691
81.8672,0.6062,2.6101
81.8674,0.6619,2.8515
81.8676,0.6911,2.9757
81.8678,0.686,2.9526
81.8680,0.7301,3.1396
81.8682,0.7504,3.2328
81.8684,0.7021,3.0218
81.8686,0.7418,3.1881
81.8688,0.7556,3.2489
81.8690,0.7653,3.2892
81.8692,0.8439,3.6222
81.8694,0.8785,3.7739
81.8696,0.8263,3.5531
81.8698,0.8383,3.5997
81.8700,0.8961,3.8461
81.8702,0.9071,3.8934
81.8704,0.9327,3.9974
81.8706,0.9645,4.1356
81.8708,0.9983,4.2846
81.8710,0.9923,4.2529
81.8712,1.0111,4.3356
81.8714,1.0302,4.4153
81.8716,1.0995,4.7079
81.8718,1.0925,4.6738
81.8720,1.0926,4.6874
81.8722,0.9114,3.9174
81.8724,0.8327,3.5771
81.8726,0.8347,3.5926
81.8728,0.7919,3.4067
81.8730,0.8024,3.4537
81.8732,0.7999,3.4381
81.8734,0.8384,3.5968
81.8736,0.8924,3.8355
81.8738,0.8142,3.5011
81.8740,0.8194,3.5298
81.8742,0.7134,3.076
81.8744,0.6715,2.8888
81.8746,0.7346,3.1631
81.8748,0.7231,3.1179
81.8750,0.636,2.7399
81.8752,0.6793,2.921
81.8754,0.7262,3.127
81.8756,0.6716,2.8961
81.8758,0.6443,2.7717
81.8760,0.7256,3.1273
81.8762,0.6433,2.7714
81.8764,0.6559,2.8283
81.8766,0.6118,2.6368
81.8768,0.6263,2.6993
81.8770,0.6255,2.6982
81.8772,0.6121,2.6359
81.8774,0.6506,2.8108
81.8776,0.555,2.3963
81.8778,0.5608,2.4194
81.8780,0.5481,2.3646
81.8782,0.5843,2.5208
81.8784,0.5898,2.5458
81.8786,0.5268,2.2735
81.8788,0.5299,2.2838
81.8790,0.5913,2.5496
81.8792,0.6367,2.7405
81.8794,0.6986,3.011
81.8796,0.6479,2.7937
81.8798,0.6142,2.6459
81.8800,0.6416,2.7642
81.8802,0.6315,2.7216
81.8804,0.5954,2.566
81.8806,0.6207,2.6726
81.8808,0.7403,3.1805
81.8810,0.8393,3.6071
81.8812,0.8611,3.7027
81.8814,0.8507,3.6527
81.8816,0.8978,3.8551
81.8818,0.8122,3.4939
81.8820,0.6994,3.0146
81.8822,0.6456,2.78
81.8824,0.6454,2.7828
81.8826,0.5992,2.5873
81.8828,0.5468,2.3589
81.8830,0.5308,2.289
81.8832,0.5243,2.2627
81.8834,0.5557,2.3927
81.8836,0.7228,3.1067
81.8838,0.7411,3.188
81.8840,0.7689,3.3077
81.8842,0.7678,3.3046
81.8844,0.709,3.0503
81.8846,0.7288,3.1354
81.8848,0.6949,2.9964
81.8850,0.6747,2.9027
81.8852,0.7303,3.1401
81.8854,0.7473,3.2104
81.8856,0.792,3.4152
81.8858,0.636,2.7425
81.8860,0.5934,2.5566
81.8862,0.5931,2.5562
81.8864,0.6005,2.587
81.8866,0.674,2.9023
81.8868,0.7123,3.0656
81.8870,0.7087,3.0459
81.8872,0.7412,3.193
81.8874,0.728,3.1362
81.8876,0.7215,3.1083
81.8878,0.6065,2.6177
81.8880,0.5115,2.2099
81.8882,0.4975,2.1473
81.8884,0.4988,2.152
81.8886,0.5475,2.3631
81.8888,0.5022,2.1685
81.8890,0.5141,2.2166
81.8892,0.5678,2.4483
81.8894,0.5992,2.5825
81.8896,0.6331,2.7301
81.8898,0.5627,2.4266
81.8900,0.5538,2.3867
81.8902,0.5516,2.3785
81.8904,0.5508,2.3738
81.8906,0.5593,2.4104
81.8908,0.6008,2.5881
81.8910,0.5937,2.5588
81.8912,0.6062,2.6101
81.8914,0.6325,2.7237
81.8916,0.6012,2.5925
81.8918,0.5763,2.4804
81.8920,0.6763,2.904
81.8922,0.8361,3.5954
81.8924,0.7728,3.3201
81.8926,0.8093,3.4767
81.8928,0.8105,3.4867
81.8930,0.7292,3.1369
81.8932,0.6648,2.8613
81.8934,0.6568,2.8267
81.8936,0.6437,2.7717
81.8938,0.6433,2.7727
81.8940,0.6445,2.7779
81.8942,0.6492,2.7942
81.8944,0.662,2.8481
81.8946,0.6546,2.8213
81.8948,0.6492,2.7955
81.8950,0.647,2.7849
81.8952,0.6476,2.7862
81.8954,0.6527,2.8078
81.8956,0.6518,2.8081
81.8958,0.6257,2.698
81.8960,0.6004,2.5853
81.8962,0.6335,2.7253
81.8964,0.72,3.0972
81.8966,0.7524,3.2355
81.8968,0.7262,3.1226
81.8970,0.6846,2.9409
81.8972,0.7328,3.1524
81.8974,0.7465,3.2112
81.8976,0.7506,3.2248
81.8978,0.8028,3.4489
81.8980,0.8016,3.4453
81.8982,0.7975,3.4278
81.8984,0.8461,3.6331
81.8986,0.8285,3.5608
81.8988,0.7971,3.4241
81.8990,0.8057,3.4661
81.8992,0.734,3.1561
81.8994,0.7715,3.316
81.8996,0.7782,3.3479
81.8998,0.7048,3.035
81.9000,0.6714,2.8883
81.9002,0.6692,2.8804
81.9004,0.6428,2.7694
81.9006,0.6173,2.6631
81.9008,0.5846,2.5183
81.9010,0.6324,2.7232
81.9012,0.6004,2.5877
81.9014,0.6009,2.5886
81.9016,0.6948,2.9875
81.9018,0.7427,3.1923
81.9020,0.7913,3.3978
81.9022,0.8551,3.6752
81.9024,0.852,3.6567
81.9026,0.8785,3.7704
81.9028,0.8745,3.7552
81.9030,0.9318,3.9938
81.9032,0.9866,4.2287
81.9034,0.9739,4.1742
81.9036,0.9575,4.1115
81.9038,0.91,3.9076
81.9040,0.937,4.0197
81.9042,0.9513,4.0809
81.9044,0.9483,4.0624
81.9046,0.9919,4.2474
81.9048,1.027,4.406
81.9050,0.9806,4.205
81.9052,1.0254,4.3947
81.9054,0.9814,4.212
81.9056,0.8604,3.6996
81.9058,0.8236,3.5446
81.9060,0.7406,3.1845
81.9062,0.7566,3.2521
81.9064,0.7635,3.283
81.9066,0.775,3.3309
81.9068,0.8078,3.4737
81.9070,0.8755,3.7575
81.9072,0.9543,4.0938
81.9074,0.9722,4.169
81.9076,0.9134,3.922
81.9078,0.8473,3.6451
81.9080,0.728,3.1332
81.9082,0.7706,3.3118
81.9084,0.8075,3.4754
81.9086,0.7822,3.365
81.9088,0.82,3.5258
81.9090,0.7821,3.3644
81.9092,0.7323,3.1533
81.9094,0.6963,2.997
81.9096,0.7331,3.1554
81.9098,0.7294,3.138
81.9100,0.7456,3.2106
81.9102,0.7331,3.1554
81.9104,0.7629,3.2819
81.9106,0.7106,3.0584
81.9108,0.7118,3.0621
81.9110,0.7077,3.0489
81.9112,0.6685,2.8826
81.9114,0.6588,2.8394
81.9116,0.6787,2.9198
81.9118,0.7162,3.0827
81.9120,0.7143,3.0787
81.9122,0.6702,2.8858
81.9124,0.7134,3.0703
81.9126,0.6339,2.7357
81.9128,0.5632,2.4298
81.9130,0.5943,2.5625
81.9132,0.6022,2.5967
81.9134,0.5975,2.5813
81.9136,0.5437,2.3422
81.9138,0.6413,2.7627
81.9140,0.6147,2.6541
81.9142,0.5319,2.2937
81.9144,0.5472,2.3604
81.9146,0.5259,2.2699
81.9148,0.5195,2.243
81.9150,0.524,2.2606
81.9152,0.5919,2.5498
81.9154,0.6335,2.7291
81.9156,0.6315,2.7216
81.9158,0.6306,2.7154
81.9160,0.6183,2.661
81.9162,0.6291,2.7112
81.9164,0.6262,2.7013
81.9166,0.6256,2.6937
81.9168,0.6753,2.9026
81.9170,0.814,3.4951
81.9172,0.8605,3.6984
81.9174,0.8379,3.5981
81.9176,0.7908,3.4053
81.9178,0.6902,2.9707
81.9180,0.7229,3.1116
81.9182,0.7298,3.1424
81.9184,0.7322,3.1498
81.9186,0.7388,3.1797
81.9188,0.7301,3.1425
81.9190,0.7291,3.135
81.9192,0.7499,3.2262
81.9194,0.7511,3.2329
81.9196,0.764,3.2881
81.9198,0.7044,3.0344
81.9200,0.6907,2.9741
81.9202,0.6972,2.9964
81.9204,0.8242,3.5373
81.9206,0.8906,3.8206
81.9208,0.878,3.7684
81.9210,0.9031,3.8795
81.9212,0.8598,3.6987
81.9214,0.725,3.1218
81.9216,0.7237,3.1118
81.9218,0.7842,3.369
81.9220,0.8465,3.6381
81.9222,0.7616,3.2823
81.9224,0.5986,2.5776
81.9226,0.6246,2.6971
81.9228,0.5617,2.4253
81.9230,0.5488,2.3666
81.9232,0.5504,2.3755
81.9234,0.5508,2.3771
81.9236,0.5806,2.499
81.9238,0.7022,3.0209
81.9240,0.6696,2.8846
81.9242,0.5743,2.4773
81.9244,0.5677,2.45
81.9246,0.5621,2.424
81.9248,0.5533,2.3857
81.9250,0.5842,2.5191
81.9252,0.6735,2.8976
81.9254,0.7664,3.2969
81.9256,0.7069,3.0481
81.9258,0.6403,2.756
81.9260,0.7042,3.0325
81.9262,0.6896,2.9681
81.9264,0.6993,3.0141
81.9266,0.6818,2.9318
81.9268,0.7132,3.0698
81.9270,0.7342,3.1571
81.9272,0.7963,3.4242
81.9274,0.7029,3.0268
81.9276,0.6911,2.9757
81.9278,0.6942,2.9919
81.9280,0.672,2.8922
81.9282,0.7192,3.0941
81.9284,0.7528,3.2416
81.9286,0.6847,2.9469
81.9288,0.6677,2.8763
81.9290,0.5979,2.5781
81.9292,0.5649,2.437
81.9294,0.5672,2.4457
81.9296,0.5749,2.4765
81.9298,0.6195,2.6724
81.9300,0.5696,2.4572
81.9302,0.5726,2.4644
81.9304,0.6641,2.8595
81.9306,0.615,2.6483
81.9308,0.6154,2.6523
81.9310,0.5582,2.4069
81.9312,0.5689,2.4563
81.9314,0.5049,2.1794
81.9316,0.4932,2.1267
81.9318,0.5579,2.4059
81.9320,0.5859,2.5275
81.9322,0.5049,2.1783
81.9324,0.4975,2.1473
81.9326,0.525,2.2647
81.9328,0.5663,2.4455
81.9330,0.5033,2.1721
81.9332,0.4931,2.1281
81.9334,0.4969,2.1457
81.9336,0.5189,2.2342
81.9338,0.6157,2.6526
81.9340,0.5846,2.5195
81.9342,0.6241,2.69
81.9344,0.5834,2.5143
81.9346,0.6139,2.6437
81.9348,0.6763,2.9108
81.9350,0.7062,3.0351
81.9352,0.734,3.1517
81.9354,0.7793,3.3495
81.9356,0.7534,3.2412
81.9358,0.7656,3.2846
81.9360,0.961,4.113
81.9362,1.0287,4.4091
81.9364,0.9423,4.0423
81.9366,0.9093,3.9027
81.9368,0.8857,3.7977
81.9370,0.9279,3.9769
81.9372,0.9702,4.1622
81.9374,0.9992,4.2767
81.9376,1.0983,4.6984
81.9378,1.1094,4.7461
81.9380,1.1263,4.8275
81.9382,1.0422,4.4646
81.9384,0.9938,4.2576
81.9386,0.9443,4.0492
81.9388,0.9442,4.0506
81.9390,0.9743,4.1777
81.9392,0.9919,4.2593
81.9394,0.8703,3.7389
81.9396,0.8222,3.5405
81.9398,0.7562,3.2515
81.9400,0.8201,3.5181
81.9402,0.8727,3.7492
81.9404,0.7957,3.4201
81.9406,0.7905,3.3974
81.9408,0.8607,3.6977
81.9410,0.878,3.7736
81.9412,0.7797,3.3557
81.9414,0.7052,3.0366
81.9416,0.6961,2.9946
81.9418,0.7237,3.1161
81.9420,0.714,3.0757
81.9422,0.7289,3.1403
81.9424,0.7216,3.1016
81.9426,0.7893,3.4001
81.9428,0.6553,2.8231
81.9430,0.6932,2.985
81.9432,0.7261,3.1235
81.9434,0.7361,3.1683
81.9436,0.65,2.8017
81.9438,0.6285,2.7149
81.9440,0.5156,2.2244
81.9442,0.5576,2.4032
81.9444,0.5812,2.5027
81.9446,0.5945,2.5624
81.9448,0.6449,2.782
81.9450,0.5397,2.3262
81.9452,0.5755,2.4802
81.9454,0.6179,2.6619
81.9456,0.6592,2.8423
81.9458,0.6107,2.6346
81.9460,0.519,2.2399
81.9462,0.5347,2.3056
81.9464,0.5632,2.4264
81.9466,0.5426,2.3408
81.9468,0.5703,2.458
81.9470,0.6064,2.6087
81.9472,0.6946,2.9981
81.9474,0.5908,2.5464
81.9476,0.6271,2.7017
81.9478,0.605,2.6074
81.9480,0.5882,2.5315
81.9482,0.6373,2.7456
81.9484,0.5994,2.586
81.9486,0.5542,2.391
81.9488,0.515,2.2218
81.9490,0.5858,2.5258
81.9492,0.5823,2.5132
81.9494,0.5014,2.1648
81.9496,0.4872,2.1008
81.9498,0.5072,2.1851
81.9500,0.5609,2.4154
81.9502,0.6349,2.7366
81.9504,0.5649,2.437
81.9506,0.4512,1.9502
81.9508,0.398,1.7201
81.9510,0.3977,1.7183
81.9512,0.421,1.8171
81.9514,0.4525,1.955
81.9516,0.4442,1.917
81.9518,0.4458,1.9251
81.9520,0.448,1.9335
81.9522,0.4529,1.9566
81.9524,0.4583,1.9799
81.9526,0.4442,1.917
81.9528,0.4751,2.0467
81.9530,0.5322,2.2936
81.9532,0.5238,2.2617
81.9534,0.4385,1.8944
81.9536,0.4305,1.8597
81.9538,0.4269,1.8424
81.9540,0.434,1.8738
81.9542,0.4359,1.883
81.9544,0.4277,1.8469
81.9546,0.4286,1.8505
81.9548,0.4427,1.9108
81.9550,0.4517,1.9478
81.9552,0.4789,2.0661
81.9554,0.4335,1.8709
81.9556,0.4415,1.9056
81.9558,0.4554,1.9656
81.9560,0.4572,1.9715
81.9562,0.4497,1.9417
81.9564,0.4228,1.8257
81.9566,0.4119,1.7777
81.9568,0.4135,1.7836
81.9570,0.4241,1.8297
81.9572,0.4594,1.9827
81.9574,0.4473,1.9304
81.9576,0.4891,2.1071
81.9578,0.542,2.3349
81.9580,0.5595,2.4104
81.9582,0.6181,2.6593
81.9584,0.6263,2.6943
81.9586,0.6552,2.8134
81.9588,0.7334,3.1535
81.9590,0.6865,2.9547
81.9592,0.6703,2.885
81.9594,0.6306,2.7129
81.9596,0.622,2.6783
81.9598,0.5496,2.3686
81.9600,0.5355,2.3081
81.9602,0.5497,2.368
81.9604,0.5764,2.4786
81.9606,0.6492,2.7942
81.9608,0.5751,2.4775
81.9610,0.5536,2.3862
81.9612,0.5617,2.4174
81.9614,0.5817,2.5059
81.9616,0.5885,2.5366
81.9618,0.5095,2.199
81.9620,0.4415,1.9047
81.9622,0.4595,1.9768
81.9624,0.5451,2.3484
81.9626,0.5383,2.3222
81.9628,0.4871,2.1013
81.9630,0.5171,2.2254
81.9632,0.525,2.2637
81.9634,0.4889,2.1081
81.9636,0.4807,2.071
81.9638,0.4997,2.1496
81.9640,0.556,2.3976
81.9642,0.5171,2.2306
81.9644,0.4896,2.1112
81.9646,0.4823,2.0777
81.9648,0.5422,2.3338
81.9650,0.6145,2.645
81.9652,0.5831,2.5133
81.9654,0.5129,2.2094
81.9656,0.4913,2.1164
81.9658,0.5184,2.2321
81.9660,0.5951,2.559
81.9662,0.656,2.8236
81.9664,0.6106,2.6292
81.9666,0.5445,2.348
81.9668,0.5081,2.1887
81.9670,0.544,2.3383
81.9672,0.6864,2.9459
81.9674,0.803,3.4499
81.9676,0.7397,3.1749
81.9678,0.8077,3.4619
81.9680,0.8325,3.575
81.9682,0.783,3.3639
81.9684,0.7882,3.3781
81.9686,0.8264,3.5454
81.9688,0.8318,3.5685
81.9690,0.8189,3.5146
81.9692,0.7677,3.2995
81.9694,0.7578,3.2572
81.9696,0.7938,3.4071
81.9698,0.8078,3.4657
81.9700,0.82,3.5209
81.9702,0.8214,3.5189
81.9704,0.9413,4.0269
81.9706,1.0312,4.4055
81.9708,1.1057,4.728
81.9710,1.0616,4.5436
81.9712,1.0499,4.4959
81.9714,1.0442,4.4671
81.9716,1.0224,4.3839
81.9718,0.9485,4.0691
81.9720,0.9214,3.9528
81.9722,0.8342,3.5822
81.9724,0.762,3.2768
81.9726,0.7402,3.1844
81.9728,0.7313,3.1448
81.9730,0.7508,3.2223
81.9732,0.7953,3.418
81.9734,0.8062,3.4649
81.9736,0.7587,3.2623
81.9738,0.751,3.2293
81.9740,0.7707,3.3077
81.9742,0.8354,3.5856
81.9744,0.7919,3.4004
81.9746,0.8245,3.5471
81.9748,0.7165,3.0823
81.9750,0.717,3.0786
81.9752,0.7762,3.3314
81.9754,0.822,3.528
81.9756,0.8586,3.6901
81.9758,0.8099,3.4776
81.9760,0.8283,3.5586
81.9762,0.8173,3.5112
81.9764,0.8129,3.4856
81.9766,0.8709,3.7397
81.9768,0.8159,3.5018
81.9770,0.787,3.3872
81.9772,0.7511,3.2253
81.9774,0.764,3.2835
81.9776,0.764,3.2835
81.9778,0.7909,3.3979
81.9780,0.8146,3.4961
81.9782,0.8426,3.6182
81.9784,0.8347,3.5826
81.9786,0.8719,3.7473
81.9788,0.8354,3.589
81.9790,0.9077,3.8924
81.9792,0.9165,3.9317
81.9794,0.852,3.6635
81.9796,0.7686,3.3051
81.9798,0.769,3.3005
81.9800,0.8785,3.7616
81.9802,0.9782,4.1966
81.9804,0.9481,4.0732
81.9806,0.8239,3.5428
81.9808,0.8111,3.4828
81.9810,0.8864,3.8062
81.9812,0.863,3.7092
81.9814,0.7605,3.2716
81.9816,0.7568,3.2556
81.9818,0.7552,3.2474
81.9820,0.7574,3.2612
81.9822,0.7514,3.2309
81.9824,0.7511,3.2298
81.9826,0.7406,3.1845
81.9828,0.7444,3.201
81.9830,0.7818,3.3618
81.9832,0.7795,3.3489
81.9834,0.8141,3.5005
81.9836,0.8173,3.5145
81.9838,0.8174,3.5133
81.9840,0.8575,3.6769
81.9842,0.937,4.0178
81.9844,0.9449,4.0574
81.9846,0.869,3.7332
81.9848,0.8721,3.7431
81.9850,0.8991,3.8553
81.9852,0.8871,3.8181
81.9854,0.7871,3.3845
81.9856,0.8071,3.4642
81.9858,0.8245,3.5372
81.9860,0.851,3.656
81.9862,0.7635,3.2875
81.9864,0.7261,3.1264
81.9866,0.7207,3.1003
81.9868,0.8261,3.5488
81.9870,0.8738,3.7591
81.9872,0.8117,3.4854
81.9874,0.8294,3.5682
81.9876,0.7166,3.0871
81.9878,0.7158,3.0792
81.9880,0.695,2.9969
81.9882,0.5753,2.482
81.9884,0.555,2.3952
81.9886,0.5505,2.3749
81.9888,0.5546,2.3925
81.9890,0.5554,2.3972
81.9892,0.5553,2.3956
81.9894,0.5534,2.3873
81.9896,0.5528,2.3825
81.9898,0.5532,2.3863
81.9900,0.5777,2.4877
81.9902,0.7138,3.0723
81.9904,0.6328,2.7285
81.9906,0.5573,2.4055
81.9908,0.5527,2.3831
81.9910,0.5817,2.5048
81.9912,0.6089,2.6268
81.9914,0.5579,2.4059
81.9916,0.6245,2.6878
81.9918,0.6905,2.9731
81.9920,0.7293,3.1389
81.9922,0.7487,3.2225
81.9924,0.6903,2.9726
81.9926,0.6468,2.7838
81.9928,0.6445,2.7753
81.9930,0.6444,2.7761
81.9932,0.6456,2.7813
81.9934,0.7137,3.0661
81.9936,0.7983,3.4341
81.9938,0.733,3.1535
81.9940,0.7217,3.1093
81.9942,0.6964,2.9961
81.9944,0.7152,3.0766
81.9946,0.7063,3.0384
81.9948,0.7418,3.1896
81.9950,0.7461,3.2127
81.9952,0.6376,2.7467
81.9954,0.6454,2.7802
81.9956,0.6562,2.8254
81.9958,0.6497,2.7962
81.9960,0.6424,2.7647
81.9962,0.6339,2.7294
81.9964,0.604,2.6056
81.9966,0.5575,2.4027
81.9968,0.6123,2.6352
81.9970,0.681,2.935
81.9972,0.6716,2.8961
81.9974,0.6205,2.6708
81.9976,0.6472,2.7815
81.9978,0.7267,3.1247
81.9980,0.7447,3.202
81.9982,0.7619,3.2823
81.9984,0.6408,2.7606
81.9986,0.6086,2.6204
81.9988,0.6534,2.8122
81.9990,0.7246,3.1217
81.9992,0.6726,2.8921
81.9994,0.6703,2.8877
81.9996,0.6115,2.6346
81.9998,0.6229,2.6836
82.0000,0.6264,2.6974
82.0002,0.6436,2.7712
82.0004,0.6769,2.9134
82.0006,0.7137,3.0675
82.0008,0.7901,3.3943
82.0010,0.7748,3.3268
82.0012,0.7726,3.3191
82.0014,0.8251,3.5463
82.0016,0.8373,3.5956
82.0018,0.8667,3.72
82.0020,0.8702,3.7366
82.0022,0.8806,3.7797
82.0024,0.8828,3.7801
82.0026,0.9854,4.2255
82.0028,0.9709,4.1653
82.0030,0.9445,4.0502
82.0032,0.914,3.9246
82.0034,0.8974,3.8517
82.0036,0.9395,4.0305
82.0038,0.981,4.2046
82.0040,0.966,4.1403
82.0042,0.9339,4.0101
82.0044,0.8539,3.6683
82.0046,0.8631,3.7097
82.0048,0.8748,3.7615
82.0050,0.8132,3.4953
82.0052,0.796,3.4211
82.0054,0.8044,3.4588
82.0056,0.8179,3.5121
82.0058,0.8528,3.6603
82.0060,0.8885,3.8207
82.0062,0.8513,3.657
82.0064,0.8754,3.7623
82.0066,0.8165,3.5092
82.0068,0.8478,3.642
82.0070,0.7949,3.4149
82.0072,0.8075,3.4722
82.0074,0.7763,3.3428
82.0076,0.7667,3.2984
82.0078,0.7512,3.2334
82.0080,0.8092,3.4778
82.0082,0.851,3.6526
82.0084,0.8622,3.7056
82.0086,0.7974,3.4353
82.0088,0.6779,2.9216
82.0090,0.6396,2.7554
82.0092,0.5897,2.5464
82.0094,0.5484,2.3656
82.0096,0.5613,2.4215
82.0098,0.5731,2.4687
82.0100,0.6172,2.6564
82.0102,0.6933,2.9799
82.0104,0.7632,3.2834
82.0106,0.7198,3.101
82.0108,0.6873,2.9624
82.0110,0.7058,3.0392
82.0112,0.7148,3.0765
82.0114,0.6801,2.9328
82.0116,0.6171,2.6583
82.0118,0.6359,2.7369
82.0120,0.6771,2.9185
82.0122,0.6323,2.7265
82.0124,0.545,2.3533
82.0126,0.5401,2.3332
82.0128,0.5139,2.2161
82.0130,0.5467,2.3606
82.0132,0.5508,2.376
82.0134,0.5666,2.4431
82.0136,0.5547,2.3952
82.0138,0.4865,2.1006
82.0140,0.4945,2.1353
82.0142,0.5253,2.2673
82.0144,0.4907,2.1207
82.0146,0.4607,1.9893
82.0148,0.5165,2.229
82.0150,0.498,2.1483
82.0152,0.5163,2.2265
82.0154,0.554,2.3888
82.0156,0.5475,2.3609
82.0158,0.5691,2.4551
82.0160,0.5749,2.4753
82.0162,0.5876,2.5324
82.0164,0.6532,2.8112
82.0166,0.6758,2.9087
82.0168,0.6577,2.8295
82.0170,0.7287,3.132
82.0172,0.7478,3.2214
82.0174,0.6321,2.7229
82.0176,0.5956,2.5659
82.0178,0.6342,2.7322
82.0180,0.6522,2.8084
82.0182,0.6517,2.805
82.0184,0.6384,2.7477
82.0186,0.6794,2.9215
82.0188,0.681,2.9296
82.0190,0.6744,2.9039
82.0192,0.6472,2.7867
82.0194,0.6335,2.7266
82.0196,0.6565,2.8296
82.0198,0.6803,2.9306
82.0200,0.6448,2.7764
82.0202,0.6112,2.6342
82.0204,0.6119,2.6361
82.0206,0.615,2.6471
82.0208,0.6148,2.6497
82.0210,0.6287,2.7084
82.0212,0.6392,2.7513
82.0214,0.645,2.7787
82.0216,0.6211,2.6759
82.0218,0.6414,2.7593
82.0220,0.6506,2.7991
82.0222,0.6187,2.6693
82.0224,0.4898,2.1151
82.0226,0.4669,2.0153
82.0228,0.4641,2.0029
82.0230,0.4654,2.0095
82.0232,0.4679,2.0176
82.0234,0.4659,2.0097
82.0236,0.4635,2.0003
82.0238,0.4642,2.0034
82.0240,0.4671,2.0167
82.0242,0.4722,2.0352
82.0244,0.5314,2.2948
82.0246,0.4729,2.0412
82.0248,0.5094,2.1944
82.0250,0.5602,2.4123
82.0252,0.6472,2.7828
82.0254,0.7515,3.2314
82.0256,0.6883,2.961
82.0258,0.6565,2.8256
82.0260,0.6681,2.8797
82.0262,0.6546,2.8148
82.0264,0.7602,3.269
82.0266,0.706,3.036
82.0268,0.6909,2.9724
82.0270,0.6616,2.8473
82.0272,0.6327,2.7255
82.0274,0.6042,2.603
82.0276,0.6028,2.5944
82.0278,0.6462,2.7813
82.0280,0.646,2.7828
82.0282,0.5743,2.475
82.0284,0.6101,2.6235
82.0286,0.675,2.9038
82.0288,0.6629,2.8503
82.0290,0.6946,2.9884
82.0292,0.66,2.8446
82.0294,0.5927,2.5523
82.0296,0.588,2.5333
82.0298,0.5619,2.4229
82.0300,0.4985,2.1504
82.0302,0.4898,2.1132
82.0304,0.4878,2.1034
82.0306,0.4873,2.1023
82.0308,0.492,2.1225
82.0310,0.4937,2.1307
82.0312,0.5434,2.339
82.0314,0.6409,2.7547
82.0316,0.6613,2.8489
82.0318,0.589,2.5374
82.0320,0.5735,2.4708
82.0322,0.5297,2.2839
82.0324,0.4916,2.1229
82.0326,0.4769,2.0583
82.0328,0.4766,2.0553
82.0330,0.479,2.0666
82.0332,0.4856,2.0931
82.0334,0.4806,2.0695
82.0336,0.5265,2.2704
82.0338,0.5301,2.2817
82.0340,0.5856,2.5195
82.0342,0.6289,2.7069
82.0344,0.5973,2.5707
82.0346,0.6667,2.8682
82.0348,0.7094,3.0476
82.0350,0.7665,3.2928
82.0352,0.7635,3.2768
82.0354,0.8319,3.5707
82.0356,0.7882,3.3829
82.0358,0.7923,3.402
82.0360,0.8177,3.5062
82.0362,0.8764,3.7599
82.0364,0.8927,3.8299
82.0366,0.8956,3.8333
82.0368,0.9757,4.1741
82.0370,1.0377,4.4414
82.0372,1.0791,4.6185
82.0374,0.9664,4.1438
82.0376,0.9563,4.0968
82.0378,1.0275,4.3957
82.0380,1.0465,4.481
82.0382,1.0546,4.5222
82.0384,0.9037,3.8803
82.0386,0.7857,3.3752
82.0388,0.8387,3.5962
82.0390,0.9472,4.0615
82.0392,0.9388,4.0293
82.0394,0.8713,3.7378
82.0396,0.936,4.0137
82.0398,0.963,4.1236
82.0400,0.9155,3.9294
82.0402,0.8812,3.7875
82.0404,0.8432,3.6174
82.0406,0.9545,4.091
82.0408,0.9844,4.2209
82.0410,0.9912,4.2562
82.0412,0.9135,3.9189
82.0414,0.9299,3.9875
82.0416,0.9635,4.1314
82.0418,0.8731,3.7525
82.0420,0.8321,3.5729
82.0422,0.8808,3.7784
82.0424,0.8851,3.8005
82.0426,0.8291,3.5667
82.0428,0.7497,3.2297
82.0430,0.6939,2.9839
82.0432,0.7288,3.1339
82.0434,0.7553,3.2509
82.0436,0.7503,3.2277
82.0438,0.7792,3.3458
82.0440,0.861,3.6987
82.0442,0.8264,3.5504
82.0444,0.8292,3.5572
82.0446,0.8667,3.7217
82.0448,0.8618,3.7109
82.0450,0.6799,2.9331
82.0452,0.5827,2.5136
82.0454,0.5727,2.4683
82.0456,0.6263,2.7006
82.0458,0.6118,2.6356
82.0460,0.6575,2.8298
82.0462,0.669,2.8807
82.0464,0.69,2.971
82.0466,0.6964,2.9933
82.0468,0.7541,3.2458
82.0470,0.6958,3.0019
82.0472,0.5975,2.5741
82.0474,0.5889,2.5369
82.0476,0.6321,2.7229
82.0478,0.6407,2.7601
82.0480,0.6288,2.7077
82.0482,0.5918,2.5505
82.0484,0.5816,2.5089
82.0486,0.5824,2.5125
82.0488,0.5532,2.3874
82.0490,0.5343,2.304
82.0492,0.5376,2.3201
82.0494,0.5282,2.2776
82.0496,0.5313,2.2922
82.0498,0.5329,2.2978
82.0500,0.585,2.5169
82.0502,0.6921,2.9831
82.0504,0.6179,2.6644
82.0506,0.5418,2.3372
82.0508,0.5337,2.3025
82.0510,0.5342,2.3035
82.0512,0.5366,2.3138
82.0514,0.5335,2.3004
82.0516,0.5332,2.3004
82.0518,0.5332,2.3004
82.0520,0.5546,2.3903
82.0522,0.572,2.4629
82.0524,0.5785,2.4955
82.0526,0.5368,2.317
82.0528,0.5346,2.305
82.0530,0.5355,2.3081
82.0532,0.5346,2.3018
82.0534,0.6433,2.7714
82.0536,0.6257,2.6993
82.0538,0.5384,2.3205
82.0540,0.5329,2.2978
82.0542,0.5332,2.3004
82.0544,0.5297,2.2839
82.0546,0.5293,2.2812
82.0548,0.565,2.4341
82.0550,0.575,2.4805
82.0552,0.5214,2.2482
82.0554,0.5324,2.2936
82.0556,0.5733,2.4732
82.0558,0.5331,2.2988
82.0560,0.5415,2.335
82.0562,0.5201,2.2446
82.0564,0.5143,2.2177
82.0566,0.5279,2.275
82.0568,0.5319,2.2915
82.0570,0.5378,2.3169
82.0572,0.5678,2.4505
82.0574,0.5583,2.4063
82.0576,0.6059,2.6079
82.0578,0.6915,2.9736
82.0580,0.7342,3.1557
82.0582,0.7144,3.0706
82.0584,0.7361,3.1654
82.0586,0.765,3.2881
82.0588,0.762,3.2722
82.0590,0.7833,3.3649
82.0592,0.7943,3.4202
82.0594,0.6557,2.8247
82.0596,0.6028,2.5932
82.0598,0.5954,2.566
82.0600,0.6492,2.789
82.0602,0.7383,3.1747
82.0604,0.622,2.682
82.0606,0.6141,2.6417
82.0608,0.6661,2.8669
82.0610,0.6379,2.7444
82.0612,0.6015,2.5912
82.0614,0.5967,2.5657
82.0616,0.6715,2.8902
82.0618,0.5554,2.3961
82.0620,0.4944,2.1289
82.0622,0.6271,2.7017
82.0624,0.6285,2.7061
82.0626,0.6231,2.6804
82.0628,0.6363,2.7435
82.0630,0.619,2.6616
82.0632,0.7441,3.195
82.0634,0.7843,3.3711
82.0636,0.6899,2.976
82.0638,0.5193,2.2415
82.0640,0.5018,2.1629
82.0642,0.4632,1.9993
82.0644,0.496,2.1395
82.0646,0.5117,2.2032
82.0648,0.5253,2.2652
82.0650,0.4945,2.1333
82.0652,0.4883,2.1055
82.0654,0.5391,2.3236
82.0656,0.5051,2.1779
82.0658,0.4931,2.1261
82.0660,0.5119,2.2043
82.0662,0.6222,2.6743
82.0664,0.7176,3.0797
82.0666,0.7592,3.2583
82.0668,0.7846,3.3737
82.0670,0.7249,3.1169
82.0672,0.7518,3.2269
82.0674,0.7631,3.2829
82.0676,0.681,2.9296
82.0678,0.6842,2.9408
82.0680,0.7111,3.0576
82.0682,0.7183,3.0857
82.0684,0.7787,3.3391
82.0686,0.8008,3.4433
82.0688,0.7565,3.25
82.0690,0.8429,3.6108
82.0692,0.9273,3.9743
82.0694,0.9611,4.1231
82.0696,0.9206,3.9437
82.0698,0.9497,4.0647
82.0700,0.9513,4.079
82.0702,0.9106,3.9083
82.0704,0.8624,3.7014
82.0706,0.8715,3.7336
82.0708,0.9961,4.2673
82.0710,1.0105,4.329
82.0712,1.0299,4.4081
82.0714,1.0276,4.3983
82.0716,1.0466,4.4794
82.0718,1.0811,4.6359
82.0720,0.9196,3.9506
82.0722,0.8535,3.6599
82.0724,0.9004,3.8646
82.0726,0.87,3.7321
82.0728,0.8631,3.7097
82.0730,0.7237,3.1147
82.0732,0.7071,3.042
82.0734,0.684,2.9493
82.0736,0.6021,2.595
82.0738,0.6282,2.7039
82.0740,0.6438,2.7697
82.0742,0.672,2.8922
82.0744,0.6611,2.8453
82.0746,0.6943,2.9827
82.0748,0.7443,3.196
82.0750,0.8513,3.657
82.0752,0.8232,3.5348
82.0754,0.7861,3.382
82.0756,0.759,3.2699
82.0758,0.6498,2.798
82.0760,0.6095,2.6233
82.0762,0.6587,2.8363
82.0764,0.6683,2.8762
82.0766,0.7372,3.1671
82.0768,0.8273,3.549
82.0770,0.8792,3.7805
82.0772,0.7787,3.3484
82.0774,0.7793,3.3479
82.0776,0.8361,3.5954
82.0778,0.7757,3.334
82.0780,0.7849,3.369
82.0782,0.8214,3.532
82.0784,0.7825,3.3618
82.0786,0.8843,3.7956
82.0788,0.8385,3.6024
82.0790,0.7532,3.2416
82.0792,0.6974,3.0016
82.0794,0.6831,2.9402
82.0796,0.6878,2.9631
82.0798,0.7006,3.0156
82.0800,0.7336,3.156
82.0802,0.702,3.0198
82.0804,0.7305,3.1412
82.0806,0.7652,3.2902
82.0808,0.7317,3.1449
82.0810,0.6789,2.9249
82.0812,0.6056,2.6099
82.0814,0.6029,2.5986
82.0816,0.6075,2.617
82.0818,0.6196,2.6704
82.0820,0.6193,2.6681
82.0822,0.6253,2.689
82.0824,0.7176,3.0797
82.0826,0.8156,3.5056
82.0828,0.7629,3.2804
82.0830,0.7472,3.2128
82.0832,0.7498,3.2272
82.0834,0.7566,3.2536
82.0836,0.8281,3.5559
82.0838,0.8256,3.5467
82.0840,0.7981,3.432
82.0842,0.7736,3.3294
82.0844,0.6702,2.8898
82.0846,0.5834,2.5143
82.0848,0.5946,2.5582
82.0850,0.684,2.9479
82.0852,0.6366,2.7425
82.0854,0.6201,2.67
82.0856,0.6186,2.6663
82.0858,0.6175,2.6604
82.0860,0.6213,2.6764
82.0862,0.6144,2.6457
82.0864,0.619,2.6678
82.0866,0.6999,3.0083
82.0868,0.8108,3.4866
82.0870,0.6831,2.9416
82.0872,0.6493,2.7986
82.0874,0.6231,2.6866
82.0876,0.5448,2.349
82.0878,0.5412,2.3346
82.0880,0.5615,2.4225
82.0882,0.5617,2.4208
82.0884,0.5558,2.3943
82.0886,0.5481,2.3635
82.0888,0.5859,2.5264
82.0890,0.5715,2.4632
82.0892,0.5579,2.4081
82.0894,0.476,2.0556
82.0896,0.4637,2.0013
82.0898,0.463,1.9991
82.0900,0.4623,1.996
82.0902,0.4573,1.9739
82.0904,0.4547,1.9634
82.0906,0.4581,1.9779
82.0908,0.4613,1.9882
82.0910,0.4812,2.0769
82.0912,0.4608,1.9898
82.0914,0.5185,2.2306
82.0916,0.6887,2.964
82.0918,0.6805,2.9275
82.0920,0.6907,2.9714
82.0922,0.655,2.8176
82.0924,0.6743,2.9007
82.0926,0.6789,2.9249
82.0928,0.6196,2.6692
82.0930,0.5827,2.5136
82.0932,0.5534,2.3873
82.0934,0.5492,2.3659
82.0936,0.5538,2.3867
82.0938,0.5572,2.4028
82.0940,0.5573,2.4022
82.0942,0.5523,2.3794
82.0944,0.5522,2.3811
82.0946,0.5862,2.5267
82.0948,0.5601,2.4141
82.0950,0.5852,2.5197
82.0952,0.5943,2.5625
82.0954,0.5556,2.3955
82.0956,0.5469,2.3572
82.0958,0.5395,2.3252
82.0960,0.5571,2.3989
82.0962,0.5909,2.5481
82.0964,0.5701,2.457
82.0966,0.5858,2.5211
82.0968,0.5848,2.5158
82.0970,0.6562,2.8254
82.0972,0.6472,2.7867
82.0974,0.7034,3.0246
82.0976,0.6545,2.8143
82.0978,0.6907,2.9714
82.0980,0.7223,3.1047
82.0982,0.7468,3.2113
82.0984,0.7347,3.1592
82.0986,0.7746,3.3278
82.0988,0.7631,3.2753
82.0990,0.7742,3.3242
82.0992,0.7311,3.151
82.0994,0.6074,2.6177
82.0996,0.6071,2.6154
82.0998,0.6045,2.6005
82.1000,0.6622,2.8473
82.1002,0.7141,3.0705
82.1004,0.7231,3.1092
82.1006,0.7078,3.0423
82.1008,0.7211,3.1024
82.1010,0.7527,3.235
82.1012,0.7798,3.3531
82.1014,0.7317,3.1449
82.1016,0.7956,3.418
82.1018,0.8128,3.49
82.1020,0.8165,3.5043
82.1022,0.8014,3.4443
82.1024,0.7288,3.131
82.1026,0.8491,3.6375
82.1028,0.9539,4.0865
82.1030,0.9456,4.0567
82.1032,0.9631,4.1261
82.1034,1.0151,4.3485
82.1036,1.0321,4.4194
82.1038,0.9706,4.1579
82.1040,0.9178,3.9374
82.1042,0.9252,3.9693
82.1044,0.9713,4.1629
82.1046,0.9702,4.1661
82.1048,0.8787,3.7767
82.1050,0.7877,3.3855
82.1052,0.7478,3.2169
82.1054,0.7232,3.114
82.1056,0.697,2.9987
82.1058,0.7409,3.1875
82.1060,0.7533,3.2406
82.1062,0.7412,3.1841
82.1064,0.8242,3.5406
82.1066,0.8251,3.548
82.1068,0.7716,3.318
82.1070,0.6935,2.9846
82.1072,0.7192,3.0913
82.1074,0.7522,3.233
82.1076,0.7804,3.3572
82.1078,0.7785,3.3459
82.1080,0.8299,3.5653
82.1082,0.811,3.4839
82.1084,0.7995,3.4376
82.1086,0.7734,3.3258
82.1088,0.7649,3.2891
82.1090,0.7186,3.093
82.1092,0.6759,2.912
82.1094,0.7134,3.0717
82.1096,0.7252,3.1199
82.1098,0.694,2.9872
82.1100,0.6793,2.9196
82.1102,0.7954,3.4153
82.1104,0.8477,3.6381
82.1106,0.8732,3.753
82.1108,0.8486,3.6524
82.1110,0.7544,3.2483
82.1112,0.7111,3.0576
82.1114,0.7375,3.1725
82.1116,0.7437,3.1994
82.1118,0.7317,3.1478
82.1120,0.7182,3.088
82.1122,0.7459,3.2161
82.1124,0.633,2.727
82.1126,0.637,2.7428
82.1128,0.6988,3.0092
82.1130,0.708,3.0442
82.1132,0.7111,3.0605
82.1134,0.6858,2.9557
82.1136,0.6003,2.5872
82.1138,0.5901,2.5409
82.1140,0.5928,2.5563
82.1142,0.6018,2.5927
82.1144,0.6063,2.6155
82.1146,0.5232,2.258
82.1148,0.4937,2.1317
82.1150,0.4907,2.1148
82.1152,0.5791,2.498
82.1154,0.5605,2.4179
82.1156,0.5597,2.4136
82.1158,0.5428,2.3407
82.1160,0.536,2.3113
82.1162,0.5692,2.4511
82.1164,0.6462,2.7864
82.1166,0.5856,2.5218
82.1168,0.5979,2.5757
82.1170,0.6027,2.5951
82.1172,0.6735,2.8989
82.1174,0.71,3.0544
82.1176,0.7092,3.0508
82.1178,0.7033,3.0269
82.1180,0.7455,3.2041
82.1182,0.8009,3.4358
82.1184,0.8565,3.6779
82.1186,0.7929,3.4156
82.1188,0.6685,2.8786
82.1190,0.6422,2.7655
82.1192,0.6528,2.8096
82.1194,0.7034,3.0232
82.1196,0.7915,3.3989
82.1198,0.8745,3.7534
82.1200,0.834,3.5878
82.1202,0.7902,3.3932
82.1204,0.842,3.6224
82.1206,0.7114,3.0649
82.1208,0.587,2.5322
82.1210,0.5499,2.3712
82.1212,0.5462,2.3541
82.1214,0.5452,2.3522
82.1216,0.5478,2.363
82.1218,0.5607,2.4189
82.1220,0.5859,2.5264
82.1222,0.5671,2.4463
82.1224,0.5427,2.3402
82.1226,0.5403,2.3309
82.1228,0.5467,2.3551
82.1230,0.6869,2.959
82.1232,0.6008,2.5893
82.1234,0.5355,2.3103
82.1236,0.534,2.3035
82.1238,0.5347,2.3045
82.1240,0.5332,2.2994
82.1242,0.5318,2.2953
82.1244,0.5398,2.3289
82.1246,0.5518,2.374
82.1248,0.6451,2.7766
82.1250,0.6589,2.8386
82.1252,0.6419,2.7588
82.1254,0.6738,2.9027
82.1256,0.583,2.5151
82.1258,0.5342,2.3024
82.1260,0.5129,2.2115
82.1262,0.566,2.436
82.1264,0.6328,2.726
82.1266,0.6208,2.6731
82.1268,0.6653,2.8673
82.1270,0.577,2.4835
82.1272,0.5991,2.5808
82.1274,0.5833,2.5126
82.1276,0.5817,2.5083
82.1278,0.5888,2.5364
82.1280,0.6458,2.7784
82.1282,0.6707,2.8865
82.1284,0.6485,2.7898
82.1286,0.6734,2.9011
82.1288,0.6081,2.6159
82.1290,0.6584,2.8339
82.1292,0.6056,2.6099
82.1294,0.5448,2.3534
82.1296,0.3941,1.7027
82.1298,0.3786,1.6346
82.1300,0.372,1.6054
82.1302,0.3759,1.6232
82.1304,0.4314,1.8604
82.1306,0.4776,2.0614
82.1308,0.4862,2.0967
82.1310,0.5102,2.2011
82.1312,0.4871,2.1003
82.1314,0.4846,2.0894
82.1316,0.4902,2.1147
82.1318,0.4996,2.1541
82.1320,0.4914,2.1189
82.1322,0.5446,2.3441
82.1324,0.6568,2.8241
82.1326,0.6342,2.7322
82.1328,0.6434,2.7668
82.1330,0.718,3.0875
82.1332,0.6337,2.7314
82.1334,0.5398,2.3267
82.1336,0.5455,2.3499
82.1338,0.5894,2.5366
82.1340,0.5777,2.4866
82.1342,0.5615,2.4191
82.1344,0.6464,2.781
82.1346,0.705,3.0313
82.1348,0.6843,2.9413
82.1350,0.7487,3.218
82.1352,0.7545,3.2413
82.1354,0.7758,3.3268
82.1356,0.9278,3.9727
82.1358,0.9505,4.074
82.1360,0.9372,4.0207
82.1362,0.8963,3.8453
82.1364,0.9122,3.9114
82.1366,0.916,3.926
82.1368,0.9022,3.8705
82.1370,0.8469,3.6334
82.1372,0.9409,4.0367
82.1374,0.9342,4.006
82.1376,0.9727,4.1652
82.1378,0.9904,4.2427
82.1380,1.0062,4.3125
82.1382,1.0009,4.2879
82.1384,0.9835,4.2173
82.1386,0.8966,3.8427
82.1388,0.975,4.1769
82.1390,1.0399,4.4527
82.1392,1.0392,4.4538
82.1394,0.9218,3.9562
82.1396,0.9064,3.8885
82.1398,0.8969,3.8497
82.1400,0.8719,3.7369
82.1402,0.98,4.2004
82.1404,0.9986,4.2821
82.1406,0.9815,4.2066
82.1408,0.957,4.1056
82.1410,0.9336,4.0034
82.1412,0.9876,4.2348
82.1414,0.99,4.2451
82.1416,0.9449,4.0518
82.1418,0.9465,4.066
82.1420,0.8381,3.607
82.1422,0.7293,3.1404
82.1424,0.7034,3.0218
82.1426,0.8096,3.4815
82.1428,0.7738,3.3242
82.1430,0.8311,3.5721
82.1432,0.8078,3.4705
82.1434,0.8454,3.6334
82.1436,0.8228,3.5431
82.1438,0.7285,3.1353
82.1440,0.7161,3.0793
82.1442,0.7473,3.2163
82.1444,0.7502,3.2257
82.1446,0.773,3.3252
82.1448,0.7355,3.1672
82.1450,0.7158,3.0806
82.1452,0.7277,3.1308
82.1454,0.6952,2.9896
82.1456,0.7135,3.0737
82.1458,0.6722,2.8946
82.1460,0.6424,2.7647
82.1462,0.6794,2.9229
82.1464,0.7508,3.2313
82.1466,0.7274,3.1292
82.1468,0.7456,3.2091
82.1470,0.7429,3.1987
82.1472,0.7348,3.1612
82.1474,0.7106,3.0584
82.1476,0.6865,2.9547
82.1478,0.6881,2.9628
82.1480,0.6991,3.0075
82.1482,0.7448,3.2025
82.1484,0.753,3.2426
82.1486,0.7753,3.3356
82.1488,0.7937,3.4113
82.1490,0.8125,3.4922
82.1492,0.7805,3.3546
82.1494,0.7947,3.4138
82.1496,0.8727,3.744
82.1498,0.8882,3.8263
82.1500,0.6986,3.0124
82.1502,0.6245,2.6916
82.1504,0.6171,2.6583
82.1506,0.6211,2.6784
82.1508,0.616,2.6561
82.1510,0.6213,2.6764
82.1512,0.6166,2.655
82.1514,0.6208,2.6743
82.1516,0.6255,2.6945
82.1518,0.6387,2.7526
82.1520,0.621,2.6766
82.1522,0.6115,2.6358
82.1524,0.6112,2.6318
82.1526,0.6279,2.7048
82.1528,0.6261,2.6958
82.1530,0.7117,3.0616
82.1532,0.6715,2.8969
82.1534,0.5442,2.3453
82.1536,0.6722,2.8919
82.1538,0.7078,3.0508
82.1540,0.5678,2.4494
82.1542,0.5238,2.2617
82.1544,0.4709,2.0324
82.1546,0.4674,2.0183
82.1548,0.4667,2.0152
82.1550,0.4913,2.1233
82.1552,0.4552,1.9655
82.1554,0.466,2.013
82.1556,0.5083,2.1938
82.1558,0.5359,2.3118
82.1560,0.4859,2.0971
82.1562,0.4454,1.9221
82.1564,0.4491,1.9409
82.1566,0.4651,2.0094
82.1568,0.4839,2.0854
82.1570,0.5799,2.4982
82.1572,0.599,2.5804
82.1574,0.613,2.6384
82.1576,0.7164,3.0789
82.1578,0.7405,3.1811
82.1580,0.763,3.2779
82.1582,0.7977,3.43
82.1584,0.7963,3.4211
82.1586,0.7827,3.3624
82.1588,0.7664,3.2939
82.1590,0.7206,3.1013
82.1592,0.656,2.8263
82.1594,0.6409,2.7612
82.1596,0.6278,2.7056
82.1598,0.6288,2.7065
82.1600,0.6493,2.7973
82.1602,0.645,2.7787
82.1604,0.6457,2.7793
82.1606,0.6876,2.9566
82.1608,0.6918,2.9774
82.1610,0.6817,2.9327
82.1612,0.7043,3.0283
82.1614,0.7403,3.1835
82.1616,0.7529,3.2467
82.1618,0.6324,2.7245
82.1620,0.6475,2.7896
82.1622,0.6372,2.7413
82.1624,0.6728,2.8945
82.1626,0.6463,2.7883
82.1628,0.5075,2.1903
82.1630,0.4942,2.1318
82.1632,0.4945,2.1334
82.1634,0.5277,2.2735
82.1636,0.662,2.8481
82.1638,0.6566,2.8288
82.1640,0.5452,2.3533
82.1642,0.4994,2.1536
82.1644,0.4952,2.1365
82.1646,0.496,2.1386
82.1648,0.4937,2.1307
82.1650,0.4925,2.1246
82.1652,0.4918,2.1234
82.1654,0.4922,2.1216
82.1656,0.5429,2.3408
82.1658,0.5534,2.3885
82.1660,0.4916,2.12
82.1662,0.4978,2.1483
82.1664,0.4955,2.1365
82.1666,0.5393,2.3209
82.1668,0.624,2.6858
82.1670,0.7255,3.1181
82.1672,0.7821,3.3582
82.1674,0.7359,3.1644
82.1676,0.73,3.1377
82.1678,0.7447,3.1961
82.1680,0.8372,3.5934
82.1682,0.7878,3.3893
82.1684,0.7487,3.2151
82.1686,0.8279,3.5549
82.1688,0.8082,3.4721
82.1690,0.7653,3.2877
82.1692,0.7701,3.3021
82.1694,0.9314,3.99
82.1696,0.9514,4.0834
82.1698,0.8564,3.6706
82.1700,0.9524,4.0856
82.1702,0.9262,3.9753
82.1704,0.878,3.7684
82.1706,0.8759,3.7539
82.1708,0.9006,3.858
82.1710,0.9947,4.2652
82.1712,0.9808,4.2095
82.1714,0.9024,3.8711
82.1716,0.9139,3.9223
82.1718,0.8624,3.7101
82.1720,0.7531,3.2367
82.1722,0.7306,3.1417
82.1724,0.707,3.0387
82.1726,0.7425,3.1883
82.1728,0.788,3.3882
82.1730,0.7828,3.3692
82.1732,0.742,3.1907
82.1734,0.7396,3.1789
82.1736,0.7786,3.3449
82.1738,0.8062,3.4617
82.1740,0.8017,3.4427
82.1742,0.7866,3.381
82.1744,0.7557,3.2525
82.1746,0.7454,3.2067
82.1748,0.7806,3.3583
82.1750,0.7244,3.1164
82.1752,0.707,3.043
82.1754,0.6975,2.9994
82.1756,0.7203,3.1017
82.1758,0.7108,3.0567
82.1760,0.7332,3.1555
82.1762,0.7083,3.0472
82.1764,0.7326,3.1558
82.1766,0.6784,2.921
82.1768,0.669,2.878
82.1770,0.684,2.9439
82.1772,0.6791,2.9227
82.1774,0.6811,2.9315
82.1776,0.6893,2.968
82.1778,0.6951,2.9905
82.1780,0.7525,3.2341
82.1782,0.7528,3.2371
82.1784,0.7601,3.2686
82.1786,0.7815,3.3588
82.1788,0.7886,3.3908
82.1790,0.7694,3.3098
82.1792,0.7062,3.0337
82.1794,0.805,3.4582
82.1796,0.8749,3.7603
82.1798,0.8693,3.7326
82.1800,0.8543,3.6682
82.1802,0.7793,3.3573
82.1804,0.668,2.8766
82.1806,0.6659,2.8686
82.1808,0.6141,2.6479
82.1810,0.5762,2.4845
82.1812,0.5743,2.4774
82.1814,0.5884,2.5361
82.1816,0.6125,2.6387
82.1818,0.7068,3.0448
82.1820,0.6847,2.9456
82.1822,0.6797,2.924
82.1824,0.7378,3.1712
82.1826,0.8107,3.4846
82.1828,0.7895,3.3949
82.1830,0.7471,3.2124
82.1832,0.7138,3.071
82.1834,0.6574,2.8293
82.1836,0.6635,2.8503
82.1838,0.727,3.1306
82.1840,0.6855,2.9575
82.1842,0.5925,2.5537
82.1844,0.5735,2.4708
82.1846,0.5793,2.498
82.1848,0.6053,2.6102
82.1850,0.6233,2.6827
82.1852,0.6255,2.692
82.1854,0.6266,2.6979
82.1856,0.6605,2.8454
82.1858,0.712,3.0618
82.1860,0.7992,3.4399
82.1862,0.6712,2.8927
82.1864,0.581,2.504
82.1866,0.5505,2.3728
82.1868,0.6041,2.6038
82.1870,0.621,2.6742
82.1872,0.6102,2.6301
82.1874,0.5623,2.4257
82.1876,0.5608,2.4183
82.1878,0.5556,2.3945
82.1880,0.5698,2.4548
82.1882,0.643,2.77
82.1884,0.6559,2.8244
82.1886,0.6695,2.8841
82.1888,0.6122,2.6384
82.1890,0.5698,2.4526
82.1892,0.7008,3.0147
82.1894,0.6821,2.9411
82.1896,0.571,2.4623
82.1898,0.5557,2.3972
82.1900,0.548,2.363
82.1902,0.5486,2.3623
82.1904,0.603,2.5955
82.1906,0.6534,2.8149
82.1908,0.6309,2.7153
82.1910,0.6725,2.8917
82.1912,0.7364,3.165
82.1914,0.7816,3.3593
82.1916,0.7722,3.3207
82.1918,0.7214,3.1035
82.1920,0.6537,2.8146
82.1922,0.6393,2.7552
82.1924,0.6559,2.8231
82.1926,0.7153,3.08
82.1928,0.6525,2.8108
82.1930,0.63,2.7142
82.1932,0.6304,2.7145
82.1934,0.6255,2.6958
82.1936,0.6219,2.6778
82.1938,0.6528,2.8097
82.1940,0.7186,3.093
82.1942,0.7182,3.0924
82.1944,0.6433,2.7689
82.1946,0.6566,2.8302
82.1948,0.6194,2.6669
82.1950,0.6349,2.7341
82.1952,0.6417,2.7643
82.1954,0.625,2.6912
82.1956,0.6107,2.6298
82.1958,0.6431,2.7666
82.1960,0.7617,3.2738
82.1962,0.81,3.4831
82.1964,0.7497,3.2237
82.1966,0.7053,3.0329
82.1968,0.6966,2.9967
82.1970,0.726,3.1216
82.1972,0.7666,3.2918
82.1974,0.8023,3.4485
82.1976,0.7874,3.3825
82.1978,0.7751,3.333
82.1980,0.7095,3.0538
82.1982,0.6236,2.685
82.1984,0.6761,2.9031
82.1986,0.8412,3.6104
82.1988,0.8676,3.7271
82.1990,0.8285,3.5625
82.1992,0.7627,3.2779
82.1994,0.8007,3.4381
82.1996,0.8593,3.6847
82.1998,0.8579,3.6837
82.2000,0.8011,3.4449
82.2002,0.7737,3.3268
82.2004,0.7317,3.1434
82.2006,0.7402,3.1859
82.2008,0.7248,3.1165
82.2010,0.7131,3.065
82.2012,0.7708,3.316
82.2014,0.7266,3.1242
82.2016,0.7925,3.3951
82.2018,0.9642,4.1385
82.2020,0.9368,4.0169
82.2022,0.9843,4.2185
82.2024,0.9431,4.046
82.2026,0.8425,3.6161
82.2028,0.9225,3.9501
82.2030,1.0033,4.3002
82.2032,0.951,4.08
82.2034,1.0044,4.3028
82.2036,1.0729,4.5962
82.2038,0.9773,4.2004
82.2040,0.8639,3.7077
82.2042,0.9021,3.8719
82.2044,0.8658,3.7177
82.2046,0.8678,3.7299
82.2048,0.8171,3.5151
82.2050,0.7461,3.2112
82.2052,0.7767,3.3382
82.2054,0.8225,3.5367
82.2056,0.7779,3.3433
82.2058,0.7785,3.349
82.2060,0.7698,3.3073
82.2062,0.7929,3.4109
82.2064,0.7478,3.22
82.2066,0.7086,3.0511
82.2068,0.6851,2.9499
82.2070,0.6869,2.9563
82.2072,0.696,2.9983
82.2074,0.6727,2.8981
82.2076,0.6527,2.8131
82.2078,0.5995,2.5836
82.2080,0.6292,2.7118
82.2082,0.6515,2.8079
82.2084,0.5915,2.5495
82.2086,0.5954,2.5661
82.2088,0.6586,2.8332
82.2090,0.727,3.1306
82.2092,0.6751,2.9016
82.2094,0.7563,3.2536
82.2096,0.7346,3.1617
82.2098,0.745,3.2051
82.2100,0.7417,3.1936
82.2102,0.7065,3.0395
82.2104,0.6726,2.9002
82.2106,0.5878,2.5358
82.2108,0.5919,2.5499
82.2110,0.5918,2.5506
82.2112,0.5945,2.5636
82.2114,0.6226,2.6834
82.2116,0.5554,2.3962
82.2118,0.5598,2.4137
82.2120,0.5409,2.3336
82.2122,0.494,2.1323
82.2124,0.4926,2.1261
82.2126,0.5616,2.4203
82.2128,0.5281,2.2751
82.2130,0.5614,2.422
82.2132,0.5863,2.5303
82.2134,0.5106,2.2017
82.2136,0.5131,2.2136
82.2138,0.5342,2.3057
82.2140,0.5461,2.3525
82.2142,0.5912,2.5468
82.2144,0.6082,2.6214
82.2146,0.6066,2.6146
82.2148,0.6064,2.6136
82.2150,0.5661,2.4445
82.2152,0.4835,2.0858
82.2154,0.503,2.1691
82.2156,0.5785,2.4897
82.2158,0.6814,2.938
82.2160,0.5361,2.3129
82.2162,0.5186,2.2374
82.2164,0.5089,2.1975
82.2166,0.5086,2.1929
82.2168,0.5638,2.429
82.2170,0.5786,2.4937
82.2172,0.5701,2.4559
82.2174,0.5747,2.4749
82.2176,0.6075,2.6134
82.2178,0.6412,2.7609
82.2180,0.6207,2.6714
82.2182,0.5971,2.5745
82.2184,0.5811,2.5069
82.2186,0.5172,2.2312
82.2188,0.4747,2.048
82.2190,0.5458,2.3548
82.2192,0.5249,2.2664
82.2194,0.463,1.9973
82.2196,0.4604,1.9878
82.2198,0.4602,1.9882
82.2200,0.4578,1.976
82.2202,0.4432,1.9137
82.2204,0.442,1.9095
82.2206,0.4416,1.9061
82.2208,0.4486,1.9353
82.2210,0.4536,1.957
82.2212,0.463,1.9992
82.2214,0.4463,1.9263
82.2216,0.4476,1.932
82.2218,0.4503,1.9434
82.2220,0.4498,1.9431
82.2222,0.444,1.9174
82.2224,0.4431,1.9115
82.2226,0.4444,1.918
82.2228,0.4474,1.931
82.2230,0.4497,1.9408
82.2232,0.4449,1.9201
82.2234,0.4448,1.9178
82.2236,0.4892,2.1077
82.2238,0.5122,2.2094
82.2240,0.457,1.9715
82.2242,0.5004,2.1567
82.2244,0.5568,2.3952
82.2246,0.6213,2.674
82.2248,0.6018,2.594
82.2250,0.5594,2.4132
82.2252,0.4908,2.1173
82.2254,0.455,1.9627
82.2256,0.452,1.9515
82.2258,0.4527,1.9528
82.2260,0.4611,1.9872
82.2262,0.4744,2.0455
82.2264,0.5499,2.3669
82.2266,0.5815,2.5015
82.2268,0.571,2.4589
82.2270,0.5578,2.4043
82.2272,0.5446,2.3485
82.2274,0.5262,2.2668
82.2276,0.4961,2.1391
82.2278,0.4702,2.0255
82.2280,0.5298,2.2834
82.2282,0.4916,2.118
82.2284,0.4878,2.0986
82.2286,0.5347,2.3035
82.2288,0.5046,2.1758
82.2290,0.503,2.1691
82.2292,0.5611,2.4138
82.2294,0.6288,2.7002
82.2296,0.6938,2.9793
82.2298,0.7525,3.2311
82.2300,0.7651,3.2836
82.2302,0.7529,3.2376
82.2304,0.62,2.6695
82.2306,0.5542,2.391
82.2308,0.4883,2.1055
82.2310,0.5389,2.3194
82.2312,0.6148,2.6436
82.2314,0.5953,2.5584
82.2316,0.6455,2.7756
82.2318,0.6449,2.7756
82.2320,0.5761,2.4852
82.2322,0.4828,2.0827
82.2324,0.4674,2.0155
82.2326,0.4704,2.0294
82.2328,0.4739,2.0435
82.2330,0.4987,2.1485
82.2332,0.5312,2.2853
82.2334,0.5935,2.553
82.2336,0.5973,2.5719
82.2338,0.5593,2.4071
82.2340,0.6258,2.6886
82.2342,0.7168,3.081
82.2344,0.7268,3.1252
82.2346,0.7207,3.0946
82.2348,0.7544,3.2378
82.2350,0.7748,3.3253
82.2352,0.8193,3.5113
82.2354,0.8546,3.6629
82.2356,0.8418,3.6113
82.2358,0.8657,3.7137
82.2360,0.916,3.9242
82.2362,0.91,3.9022
82.2364,0.8714,3.7366
82.2366,0.9024,3.8711
82.2368,0.8594,3.6835
82.2370,0.9148,3.9228
82.2372,0.9073,3.894
82.2374,0.8763,3.7542
82.2376,0.9231,3.9546
82.2378,0.8953,3.8407
82.2380,0.892,3.8233
82.2382,0.883,3.7883
82.2384,0.8464,3.6342
82.2386,0.8374,3.5956
82.2388,0.8514,3.6508
82.2390,0.8823,3.7834
82.2392,0.9149,3.9214
82.2394,0.9411,4.0297
82.2396,0.8793,3.7758
82.2398,0.7841,3.367
82.2400,0.8543,3.6631
82.2402,0.9424,4.0391
82.2404,0.91,3.9022
82.2406,0.9115,3.9065
82.2408,0.951,4.0838
82.2410,0.8374,3.5956
82.2412,0.7832,3.366
82.2414,0.7703,3.3078
82.2416,0.7864,3.3799
82.2418,0.7912,3.4005
82.2420,0.7622,3.2773
82.2422,0.7487,3.2121
82.2424,0.8083,3.4726
82.2426,0.7712,3.3129
82.2428,0.7956,3.4164
82.2430,0.8208,3.5246
82.2432,0.7712,3.316
82.2434,0.7574,3.2552
82.2436,0.7527,3.2381
82.2438,0.7099,3.0525
82.2440,0.6757,2.9069
82.2442,0.6979,3.0038
82.2444,0.7104,3.0532
82.2446,0.7485,3.2171
82.2448,0.7694,3.3083
82.2450,0.7406,3.186
82.2452,0.7393,3.1759
82.2454,0.7827,3.364
82.2456,0.7815,3.3604
82.2458,0.7435,3.1969
82.2460,0.7342,3.1543
82.2462,0.7447,3.2021
82.2464,0.7461,3.2083
82.2466,0.7856,3.3748
82.2468,0.7455,3.2116
82.2470,0.7092,3.0509
82.2472,0.7576,3.2547
82.2474,0.7828,3.3613
82.2476,0.7794,3.3547
82.2478,0.6889,2.9664
82.2480,0.6883,2.9625
82.2482,0.7565,3.2561
82.2484,0.7243,3.1159
82.2486,0.7351,3.1623
82.2488,0.7601,3.2655
82.2490,0.8417,3.6125
82.2492,0.8334,3.5803
82.2494,0.7743,3.331
82.2496,0.708,3.0457
82.2498,0.6906,2.9737
82.2500,0.6394,2.7583
82.2502,0.5915,2.5483
82.2504,0.6081,2.6184
82.2506,0.639,2.7516
82.2508,0.6286,2.708
82.2510,0.6349,2.7328
82.2512,0.6376,2.7467
82.2514,0.6226,2.6834
82.2516,0.6349,2.7353
82.2518,0.6758,2.9061
82.2520,0.7338,3.1595
82.2522,0.6875,2.9616
82.2524,0.6908,2.9719
82.2526,0.6867,2.9613
82.2528,0.5491,2.3677
82.2530,0.5334,2.3021
82.2532,0.5269,2.2752
82.2534,0.5213,2.2487
82.2536,0.5222,2.2518
82.2538,0.528,2.2745
82.2540,0.5672,2.4469
82.2542,0.5192,2.2389
82.2544,0.5197,2.2399
82.2546,0.5415,2.3373
82.2548,0.5614,2.4198
82.2550,0.6231,2.683
82.2552,0.608,2.6228
82.2554,0.5298,2.2834
82.2556,0.5961,2.562
82.2558,0.7459,3.2042
82.2560,0.7026,3.0281
82.2562,0.5707,2.4585
82.2564,0.604,2.5996
82.2566,0.6566,2.8236
82.2568,0.7212,3.1039
82.2570,0.6674,2.8727
82.2572,0.6563,2.8247
82.2574,0.698,3.0043
82.2576,0.7125,3.0624
82.2578,0.7525,3.2356
82.2580,0.7689,3.3062
82.2582,0.7978,3.4305
82.2584,0.7182,3.091
82.2586,0.6272,2.7018
82.2588,0.6367,2.738
82.2590,0.7746,3.3248
82.2592,0.831,3.57
82.2594,0.7324,3.1509
82.2596,0.6652,2.8655
82.2598,0.648,2.7891
82.2600,0.6604,2.8396
82.2602,0.7183,3.0929
82.2604,0.6415,2.765
82.2606,0.5897,2.537
82.2608,0.5821,2.511
82.2610,0.4771,2.0593
82.2612,0.4614,1.9934
82.2614,0.4562,1.966
82.2616,0.5529,2.3842
82.2618,0.5058,2.182
82.2620,0.5026,2.169
82.2622,0.5359,2.3065
82.2624,0.6413,2.7627
82.2626,0.5581,2.4042
82.2628,0.5932,2.5544
82.2630,0.6654,2.8666
82.2632,0.6902,2.9707
82.2634,0.6686,2.8792
82.2636,0.5965,2.5695
82.2638,0.5937,2.5576
82.2640,0.555,2.3919
82.2642,0.504,2.1702
82.2644,0.5913,2.5438
82.2646,0.6859,2.9521
82.2648,0.6575,2.8298
82.2650,0.6894,2.9657
82.2652,0.6731,2.8983
82.2654,0.5623,2.4223
82.2656,0.5373,2.3159
82.2658,0.4849,2.093
82.2660,0.4776,2.0614
82.2662,0.4955,2.1365
82.2664,0.5301,2.2838
82.2666,0.5632,2.4253
82.2668,0.6383,2.746
82.2670,0.6683,2.8723
82.2672,0.6453,2.7746
82.2674,0.6775,2.9079
82.2676,0.776,3.3304
82.2678,0.7812,3.3593
82.2680,0.7375,3.1697
82.2682,0.7479,3.216
82.2684,0.742,3.1878
82.2686,0.7552,3.2459
82.2688,0.8254,3.5392
82.2690,0.9532,4.0854
82.2692,0.9074,3.8927
82.2694,0.9266,3.9713
82.2696,0.9714,4.1635
82.2698,0.9825,4.2108
82.2700,0.9841,4.218
82.2702,0.9604,4.1124
82.2704,0.9407,4.0376
82.2706,0.8304,3.5641
82.2708,0.8125,3.489
82.2710,0.8725,3.743
82.2712,0.8858,3.8036
82.2714,0.8884,3.815
82.2716,0.9046,3.8827
82.2718,0.8749,3.7515
82.2720,0.9279,3.9807
82.2722,0.91,3.9095
82.2724,0.8231,3.5343
82.2726,0.7907,3.4016
82.2728,0.7499,3.2278
82.2730,0.7399,3.1844
82.2732,0.695,2.99
82.2734,0.7529,3.2331
82.2736,0.7938,3.4135
82.2738,0.7715,3.3114
82.2740,0.8043,3.4599
82.2742,0.6959,2.9936
82.2744,0.7058,3.0392
82.2746,0.7438,3.197
82.2748,0.773,3.3222
82.2750,0.7577,3.2568
82.2752,0.8047,3.4572
82.2754,0.7691,3.3119
82.2756,0.6522,2.8045
82.2758,0.7352,3.1613
82.2760,0.8003,3.4397
82.2762,0.7724,3.3227
82.2764,0.7261,3.1236
82.2766,0.7633,3.2789
82.2768,0.8007,3.4413
82.2770,0.7952,3.4128
82.2772,0.842,3.6191
82.2774,0.8015,3.4449
82.2776,0.8051,3.4603
82.2778,0.7815,3.3604
82.2780,0.7977,3.4284
82.2782,0.8371,3.5963
82.2784,0.7905,3.4006
82.2786,0.7189,3.0883
82.2788,0.8184,3.5126
82.2790,0.9431,4.046
82.2792,0.9405,4.0347
82.2794,0.9383,4.0292
82.2796,0.9209,3.9527
82.2798,0.8925,3.8325
82.2800,0.8297,3.5726
82.2802,0.7011,3.0191
82.2804,0.6832,2.9416
82.2806,0.6945,2.9921
82.2808,0.7154,3.0734
82.2810,0.7929,3.4093
82.2812,0.7653,3.2908
82.2814,0.7417,3.1921
82.2816,0.7274,3.1307
82.2818,0.7141,3.0706
82.2820,0.7507,3.2248
82.2822,0.8302,3.5664
82.2824,0.8833,3.7964
82.2826,0.8314,3.5749
82.2828,0.7731,3.3227
82.2830,0.7764,3.3387
82.2832,0.7782,3.3464
82.2834,0.7806,3.3614
82.2836,0.676,2.912
82.2838,0.6382,2.7506
82.2840,0.6324,2.7258
82.2842,0.6266,2.7004
82.2844,0.6272,2.7018
82.2846,0.617,2.6603
82.2848,0.6395,2.7537
82.2850,0.6408,2.7619
82.2852,0.5824,2.5079
82.2854,0.6114,2.6365
82.2856,0.5894,2.5414
82.2858,0.6213,2.6814
82.2860,0.5252,2.2658
82.2862,0.4852,2.094
82.2864,0.4729,2.0422
82.2866,0.4745,2.0479
82.2868,0.4755,2.0521
82.2870,0.4779,2.0624
82.2872,0.4744,2.0484
82.2874,0.4813,2.0765
82.2876,0.5707,2.4573
82.2878,0.6425,2.7705
82.2880,0.5228,2.2555
82.2882,0.4696,2.0277
82.2884,0.4656,2.0096
82.2886,0.4684,2.0225
82.2888,0.5071,2.1857
82.2890,0.5636,2.4291
82.2892,0.5787,2.4965
82.2894,0.5944,2.5631
82.2896,0.5913,2.5461
82.2898,0.6427,2.7676
82.2900,0.6411,2.7591
82.2902,0.649,2.7984
82.2904,0.5607,2.4189
82.2906,0.5484,2.3657
82.2908,0.5482,2.364
82.2910,0.6098,2.6256
82.2912,0.643,2.7687
82.2914,0.6396,2.7542
82.2916,0.6576,2.8303
82.2918,0.6636,2.8548
82.2920,0.6526,2.81
82.2922,0.6457,2.7805
82.2924,0.6008,2.5917
82.2926,0.5427,2.3392
82.2928,0.5719,2.4613
82.2930,0.5999,2.5857
82.2932,0.58,2.4987
82.2934,0.5812,2.5027
82.2936,0.6011,2.5885
82.2938,0.5915,2.546
82.2940,0.6285,2.7087
82.2942,0.6477,2.7901
82.2944,0.6204,2.6691
82.2946,0.6468,2.7839
82.2948,0.6594,2.8381
82.2950,0.6823,2.9367
82.2952,0.6242,2.6913
82.2954,0.5426,2.3376
82.2956,0.551,2.3781
82.2958,0.5234,2.2549
82.2960,0.6381,2.75
82.2962,0.546,2.3531
82.2964,0.5843,2.5185
82.2966,0.6098,2.6281
82.2968,0.6114,2.6316
82.2970,0.6367,2.7418
82.2972,0.6575,2.8298
82.2974,0.6496,2.7984
82.2976,0.6036,2.6029
82.2978,0.6164,2.6516
82.2980,0.6341,2.7305
82.2982,0.5918,2.5494
82.2984,0.5849,2.5188
82.2986,0.5873,2.5291
82.2988,0.5833,2.5139
82.2990,0.5924,2.5531
82.2992,0.5849,2.5188
82.2994,0.5908,2.5452
82.2996,0.5947,2.5606
82.2998,0.6455,2.7756
82.3000,0.746,3.2003
82.3002,0.791,3.4011
82.3004,0.6995,3.0091
82.3006,0.7023,3.0214
82.3008,0.7561,3.248
82.3010,0.7798,3.3547
82.3012,0.7385,3.1728
82.3014,0.7846,3.3675
82.3016,0.8535,3.66
82.3018,0.889,3.8158
82.3020,0.782,3.3687
82.3022,0.6571,2.823
82.3024,0.7775,3.3387
82.3026,0.7917,3.4026
82.3028,0.7767,3.3382
82.3030,0.7296,3.1327
82.3032,0.7571,3.2527
82.3034,0.7167,3.0819
82.3036,0.6984,3.0044
82.3038,0.6966,2.9967
82.3040,0.7143,3.0745
82.3042,0.7244,3.1149
82.3044,0.7628,3.2723
82.3046,0.8272,3.5519
82.3048,0.7907,3.3969
82.3050,0.7972,3.4215
82.3052,0.7955,3.4159
82.3054,0.7868,3.3768
82.3056,0.8806,3.7833
82.3058,0.8438,3.6217
82.3060,0.8417,3.6125
82.3062,0.7941,3.4145
82.3064,0.7451,3.2011
82.3066,0.8038,3.4531
82.3068,0.7528,3.2371
82.3070,0.7715,3.3207
82.3072,0.7264,3.1208
82.3074,0.745,3.2051
82.3076,0.7366,3.169
82.3078,0.7414,3.1852
82.3080,0.7564,3.2541
82.3082,0.7085,3.0506
82.3084,0.6962,2.9951
82.3086,0.7074,3.0431
82.3088,0.7194,3.0933
82.3090,0.7003,3.0141
82.3092,0.6864,2.9515
82.3094,0.7273,3.1244
82.3096,0.7493,3.2222
82.3098,0.7442,3.2
82.3100,0.6955,2.9962
82.3102,0.5944,2.5631
82.3104,0.6208,2.6744
82.3106,0.6913,2.9712
82.3108,0.749,3.2236
82.3110,0.7003,3.0197
82.3112,0.5947,2.563
82.3114,0.596,2.5639
82.3116,0.6445,2.7754
82.3118,0.666,2.8705
82.3120,0.6584,2.8353
82.3122,0.6784,2.9183
82.3124,0.7215,3.104
82.3126,0.6706,2.8915
82.3128,0.6108,2.6327
82.3130,0.5662,2.4382
82.3132,0.6173,2.6582
82.3134,0.6577,2.8361
82.3136,0.5847,2.5177
82.3138,0.5985,2.5819
82.3140,0.5452,2.35
82.3142,0.5533,2.3835
82.3144,0.5752,2.4781
82.3146,0.5947,2.5618
82.3148,0.5875,2.5319
82.3150,0.5384,2.3227
82.3152,0.4854,2.095
82.3154,0.4914,2.1189
82.3156,0.6112,2.6282
82.3158,0.6564,2.8291
82.3160,0.5524,2.3832
82.3162,0.5632,2.4264
82.3164,0.6215,2.6738
82.3166,0.6553,2.8192
82.3168,0.6598,2.841
82.3170,0.6625,2.8502
82.3172,0.6963,2.9929
82.3174,0.7276,3.1245
82.3176,0.7792,3.3506
82.3178,0.7306,3.1461
82.3180,0.6535,2.8115
82.3182,0.6456,2.78
82.3184,0.6509,2.8053
82.3186,0.6749,2.9047
82.3188,0.6737,2.8968
82.3190,0.7521,3.231
82.3192,0.7785,3.3475
82.3194,0.724,3.1148
82.3196,0.5959,2.5681
82.3198,0.5336,2.302
82.3200,0.5333,2.2994
82.3202,0.5383,2.3211
82.3204,0.5401,2.3289
82.3206,0.5424,2.3387
82.3208,0.5385,2.32
82.3210,0.5517,2.3779
82.3212,0.5424,2.3387
82.3214,0.5379,2.3196
82.3216,0.5388,2.3232
82.3218,0.5339,2.3031
82.3220,0.5249,2.2632
82.3222,0.5813,2.4998
82.3224,0.6827,2.9396
82.3226,0.6353,2.7394
82.3228,0.5377,2.3164
82.3230,0.5322,2.2937
82.3232,0.5731,2.4711
82.3234,0.5429,2.3419
82.3236,0.5279,2.2761
82.3238,0.5258,2.2684
82.3240,0.5256,2.2674
82.3242,0.531,2.2853
82.3244,0.5996,2.5805
82.3246,0.6576,2.8277
82.3248,0.6625,2.8542
82.3250,0.6324,2.7232
82.3252,0.6042,2.6043
82.3254,0.5564,2.3947
82.3256,0.6424,2.7648
82.3258,0.6094,2.6229
82.3260,0.6664,2.8627
82.3262,0.6641,2.8649
82.3264,0.4642,2.0044
82.3266,0.4623,1.9933
82.3268,0.5252,2.2658
82.3270,0.4939,2.1308
82.3272,0.4872,2.1018
82.3274,0.5131,2.2125
82.3276,0.4948,2.1314
82.3278,0.5493,2.3643
82.3280,0.5783,2.4904
82.3282,0.6041,2.6002
82.3284,0.5661,2.4411
82.3286,0.5318,2.2921
82.3288,0.5533,2.3813
82.3290,0.6393,2.7514
82.3292,0.6809,2.925
82.3294,0.728,3.1289
82.3296,0.6514,2.8048
82.3298,0.6068,2.6127
82.3300,0.6408,2.7581
82.3302,0.6107,2.6285
82.3304,0.5947,2.5653
82.3306,0.5223,2.2524
82.3308,0.5546,2.3859
82.3310,0.6421,2.7651
82.3312,0.6183,2.6598
82.3314,0.6589,2.8347
82.3316,0.6544,2.8203
82.3318,0.5089,2.1955
82.3320,0.4713,2.033
82.3322,0.4606,1.987
82.3324,0.4601,1.984
82.3326,0.468,2.0209
82.3328,0.4659,2.0097
82.3330,0.4771,2.0546
82.3332,0.5154,2.2224
82.3334,0.5707,2.455
82.3336,0.6198,2.669
82.3338,0.5539,2.3861
82.3340,0.5694,2.4494
82.3342,0.6907,2.9673
82.3344,0.7034,3.0191
82.3346,0.7364,3.1635
82.3348,0.7245,3.1154
82.3350,0.7095,3.0496
82.3352,0.7685,3.3001
82.3354,0.7592,3.2629
82.3356,0.7485,3.2156
82.3358,0.7561,3.2435
82.3360,0.8669,3.7171
82.3362,0.8787,3.7627
82.3364,0.9249,3.9623
82.3366,0.9099,3.8962
82.3368,0.984,4.2096
82.3370,1.0611,4.5458
82.3372,1.0248,4.3881
82.3374,0.9985,4.2777
82.3376,1.0103,4.324
82.3378,0.9709,4.1595
82.3380,0.9725,4.1681
82.3382,0.9762,4.1821
82.3384,1.0171,4.3614
82.3386,0.9834,4.2129
82.3388,0.9864,4.2297
82.3390,0.9654,4.1378
82.3392,1.0118,4.3327
82.3394,1.0651,4.5564
82.3396,1.1151,4.7659
82.3398,1.173,5.0228
82.3400,1.0259,4.4051
82.3402,0.9454,4.0558
82.3404,0.9677,4.1437
82.3406,1.0412,4.4522
82.3408,1.0482,4.4904
82.3410,1.005,4.3094
82.3412,1.0196,4.3681
82.3414,1.0363,4.4436
82.3416,0.96,4.1262
82.3418,0.8464,3.6359
82.3420,0.8577,3.6797
82.3422,0.901,3.869
82.3424,0.8375,3.6012
82.3426,0.7715,3.3176
82.3428,0.7692,3.3062
82.3430,0.8045,3.4658
82.3432,0.6776,2.922
82.3434,0.598,2.5774
82.3436,0.5951,2.5662
82.3438,0.6402,2.7555
82.3440,0.6835,2.9418
82.3442,0.6706,2.8874
82.3444,0.6581,2.835
82.3446,0.6762,2.9117
82.3448,0.7021,3.0204
82.3450,0.7137,3.0762
82.3452,0.6195,2.6687
82.3454,0.6191,2.661
82.3456,0.7421,3.1898
82.3458,0.7523,3.2351
82.3460,0.7766,3.3423
82.3462,0.7124,3.0676
82.3464,0.6811,2.9356
82.3466,0.6415,2.7612
82.3468,0.6592,2.8397
82.3470,0.6818,2.9319
82.3472,0.7092,3.0509
82.3474,0.7287,3.1393
82.3476,0.7087,3.0502
82.3478,0.7125,3.0681
82.3480,0.6893,2.9707
82.3482,0.6429,2.7694
82.3484,0.6128,2.641
82.3486,0.649,2.7945
82.3488,0.6136,2.6434
82.3490,0.5869,2.5317
82.3492,0.5881,2.5357
82.3494,0.6054,2.6071
82.3496,0.6281,2.7059
82.3498,0.6399,2.7578
82.3500,0.6397,2.7547
82.3502,0.6369,2.7436
82.3504,0.6468,2.7839
82.3506,0.6715,2.8875
82.3508,0.6899,2.9761
82.3510,0.5913,2.5473
82.3512,0.6378,2.749
82.3514,0.5845,2.5202
82.3516,0.5619,2.4264
82.3518,0.5021,2.167
82.3520,0.5324,2.2958
82.3522,0.5023,2.17
82.3524,0.4432,1.9155
82.3526,0.444,1.9174
82.3528,0.4343,1.8763
82.3530,0.4336,1.8732
82.3532,0.433,1.8715
82.3534,0.4424,1.9092
82.3536,0.4467,1.9288
82.3538,0.4389,1.896
82.3540,0.4338,1.8734
82.3542,0.4348,1.8775
82.3544,0.4385,1.8936
82.3546,0.4476,1.9338
82.3548,0.4389,1.8951
82.3550,0.4315,1.8639
82.3552,0.4322,1.867
82.3554,0.438,1.8915
82.3556,0.4458,1.9216
82.3558,0.4903,2.1153
82.3560,0.4711,2.0316
82.3562,0.5924,2.5484
82.3564,0.6877,2.9613
82.3566,0.6048,2.6057
82.3568,0.5968,2.5711
82.3570,0.5744,2.4733
82.3572,0.5839,2.5164
82.3574,0.5877,2.533
82.3576,0.559,2.4083
82.3578,0.5747,2.4737
82.3580,0.5803,2.4998
82.3582,0.6182,2.6593
82.3584,0.6487,2.7922
82.3586,0.6128,2.6361
82.3588,0.6876,2.9566
82.3590,0.6671,2.8738
82.3592,0.5563,2.3953
82.3594,0.5345,2.3024
82.3596,0.5575,2.4005
82.3598,0.5574,2.4011
82.3600,0.5774,2.4885
82.3602,0.5839,2.5129
82.3604,0.5974,2.5701
82.3606,0.6015,2.5948
82.3608,0.5026,2.169
82.3610,0.4677,2.0175
82.3612,0.4942,2.1308
82.3614,0.4877,2.1058
82.3616,0.491,2.1164
82.3618,0.5515,2.3758
82.3620,0.5439,2.3443
82.3622,0.5576,2.401
82.3624,0.5728,2.4677
82.3626,0.497,2.1442
82.3628,0.4822,2.0801
82.3630,0.4815,2.077
82.3632,0.4864,2.0982
82.3634,0.488,2.1054
82.3636,0.4976,2.1429
82.3638,0.5499,2.3669
82.3640,0.6149,2.6478
82.3642,0.6099,2.6225
82.3644,0.6545,2.8156
82.3646,0.658,2.8306
82.3648,0.6635,2.8543
82.3650,0.6849,2.9467
82.3652,0.6577,2.8282
82.3654,0.6547,2.8193
82.3656,0.592,2.5516
82.3658,0.5834,2.5109
82.3660,0.5812,2.5016
82.3662,0.6105,2.63
82.3664,0.5936,2.5559
82.3666,0.6256,2.6938
82.3668,0.5956,2.5623
82.3670,0.6063,2.6095
82.3672,0.5901,2.5398
82.3674,0.6604,2.8383
82.3676,0.6987,3.0046
82.3678,0.6742,2.9016
82.3680,0.6614,2.8455
82.3682,0.6884,2.9575
82.3684,0.7706,3.3073
82.3686,0.8052,3.4576
82.3688,0.8037,3.4493
82.3690,0.7911,3.389
82.3692,0.8854,3.7968
82.3694,0.7972,3.4263
82.3696,0.7864,3.3768
82.3698,0.7851,3.3711
82.3700,0.7888,3.3823
82.3702,0.8996,3.8593
82.3704,0.8468,3.6346
82.3706,0.8407,3.605
82.3708,0.8735,3.7419
82.3710,0.9284,3.9827
82.3712,0.8446,3.6265
82.3714,0.8321,3.5763
82.3716,0.7525,3.2311
82.3718,0.8143,3.4951
82.3720,0.8623,3.6976
82.3722,0.9002,3.8636
82.3724,0.8381,3.5987
82.3726,0.8324,3.5728
82.3728,0.8615,3.6957
82.3730,0.8894,3.8173
82.3732,0.891,3.824
82.3734,0.9006,3.8634
82.3736,0.8809,3.7825
82.3738,0.8341,3.5801
82.3740,0.8252,3.542
82.3742,0.828,3.5571
82.3744,0.8221,3.5368
82.3746,0.7642,3.2861
82.3748,0.7804,3.351
82.3750,0.7742,3.3274
82.3752,0.7688,3.3026
82.3754,0.76,3.265
82.3756,0.7924,3.4025
82.3758,0.8396,3.6071
82.3760,0.8232,3.5365
82.3762,0.8388,3.6001
82.3764,0.888,3.8094
82.3766,0.8888,3.8112
82.3768,0.9185,3.9442
82.3770,0.8617,3.7036
82.3772,0.8333,3.5815
82.3774,0.8016,3.4422
82.3776,0.8617,3.7053
82.3778,0.7585,3.2659
82.3780,0.67,2.8822
82.3782,0.6662,2.8688
82.3784,0.7208,3.0966
82.3786,0.8215,3.5309
82.3788,0.8342,3.5806
82.3790,0.8111,3.4893
82.3792,0.7468,3.2113
82.3794,0.7009,3.0195
82.3796,0.6521,2.8066
82.3798,0.7395,3.1769
82.3800,0.7675,3.2985
82.3802,0.7529,3.2376
82.3804,0.7527,3.2351
82.3806,0.8121,3.4902
82.3808,0.8384,3.6053
82.3810,0.8079,3.4706
82.3812,0.7936,3.414
82.3814,0.7967,3.4258
82.3816,0.7794,3.3469
82.3818,0.7802,3.3547
82.3820,0.7778,3.3459
82.3822,0.7365,3.1699
82.3824,0.6834,2.944
82.3826,0.6999,3.0139
82.3828,0.6999,3.0125
82.3830,0.6713,2.8892
82.3832,0.6742,2.9016
82.3834,0.6691,2.8799
82.3836,0.665,2.8637
82.3838,0.674,2.9038
82.3840,0.6648,2.864
82.3842,0.6786,2.9193
82.3844,0.6562,2.8268
82.3846,0.6112,2.6318
82.3848,0.6385,2.7534
82.3850,0.5652,2.4358
82.3852,0.6137,2.639
82.3854,0.6939,2.9923
82.3856,0.5734,2.4761
82.3858,0.5424,2.3387
82.3860,0.5297,2.2839
82.3862,0.5243,2.2617
82.3864,0.5253,2.2653
82.3866,0.5298,2.2855
82.3868,0.5269,2.2731
82.3870,0.5827,2.5101
82.3872,0.5968,2.5735
82.3874,0.5371,2.317
82.3876,0.5345,2.3056
82.3878,0.5328,2.2984
82.3880,0.5336,2.2999
82.3882,0.592,2.5504
82.3884,0.6186,2.6638
82.3886,0.6406,2.7571
82.3888,0.6306,2.7193
82.3890,0.5551,2.3935
82.3892,0.5848,2.5217
82.3894,0.5818,2.5065
82.3896,0.6268,2.7002
82.3898,0.6156,2.6522
82.3900,0.6325,2.7212
82.3902,0.6382,2.748
82.3904,0.6851,2.9499
82.3906,0.7285,3.1368
82.3908,0.6457,2.7805
82.3910,0.6291,2.7063
82.3912,0.6784,2.9196
82.3914,0.6927,2.983
82.3916,0.6471,2.7862
82.3918,0.5789,2.4929
82.3920,0.6248,2.6939
82.3922,0.5582,2.4092
82.3924,0.5367,2.3144
82.3926,0.5377,2.3164
82.3928,0.5538,2.3867
82.3930,0.5613,2.417
82.3932,0.608,2.624
82.3934,0.474,2.0449
82.3936,0.459,1.9821
82.3938,0.4548,1.964
82.3940,0.4498,1.9422
82.3942,0.4418,1.9075
82.3944,0.4415,1.9074
82.3946,0.4466,1.9282
82.3948,0.447,1.9276
82.3950,0.5173,2.2317
82.3952,0.4958,2.1391
82.3954,0.5358,2.3092
82.3956,0.5588,2.4073
82.3958,0.5812,2.5051
82.3960,0.566,2.4383
82.3962,0.6166,2.6514
82.3964,0.6602,2.843
82.3966,0.6046,2.6022
82.3968,0.6026,2.5922
82.3970,0.6023,2.5912
82.3972,0.6707,2.8866
82.3974,0.7279,3.1255
82.3976,0.7762,3.3346
82.3978,0.7445,3.2001
82.3980,0.7402,3.1845
82.3982,0.7587,3.2578
82.3984,0.8065,3.4665
82.3986,0.7044,3.0302
82.3988,0.6535,2.8154
82.3990,0.6144,2.6507
82.3992,0.5815,2.5015
82.3994,0.6698,2.8803
82.3996,0.7056,3.0354
82.3998,0.7108,3.0567
82.4000,0.7368,3.1666
82.4002,0.6951,2.9933
82.4004,0.6652,2.8602
82.4006,0.7634,3.281
82.4008,0.7389,3.1744
82.4010,0.7727,3.3243
82.4012,0.7061,3.0374
82.4014,0.6973,2.9942
82.4016,0.773,3.3176
82.4018,0.7627,3.2794
82.4020,0.6804,2.927
82.4022,0.7257,3.1177
82.4024,0.8465,3.6297
82.4026,0.9201,3.9435
82.4028,0.9235,3.9579
82.4030,0.9165,3.93
82.4032,0.9031,3.876
82.4034,0.9055,3.8845
82.4036,0.9105,3.9115
82.4038,0.8738,3.7522
82.4040,0.8892,3.8145
82.4042,0.8924,3.832
82.4044,0.8163,3.505
82.4046,0.8112,3.4866
82.4048,0.8273,3.554
82.4050,0.8214,3.5271
82.4052,0.8159,3.5051
82.4054,0.8753,3.7548
82.4056,0.8709,3.7415
82.4058,0.8248,3.5449
82.4060,0.8324,3.5762
82.4062,0.7525,3.2371
82.4064,0.7209,3.1029
82.4066,0.6712,2.8873
82.4068,0.6997,3.0115
82.4070,0.7005,3.0123
82.4072,0.6986,3.0027
82.4074,0.778,3.3392
82.4076,0.8317,3.5797
82.4078,0.7228,3.1068
82.4080,0.7236,3.1099
82.4082,0.8113,3.4888
82.4084,0.7953,3.4165
82.4086,0.7677,3.3072
82.4088,0.6798,2.9245
82.4090,0.7321,3.1479
82.4092,0.7521,3.231
82.4094,0.7616,3.2732
82.4096,0.7359,3.1674
82.4098,0.7544,3.2484
82.4100,0.7388,3.1812
82.4102,0.6692,2.8804
82.4104,0.673,2.8964
82.4106,0.7298,3.141
82.4108,0.6908,2.9719
82.4110,0.6677,2.8724
82.4112,0.6839,2.942
82.4114,0.7009,3.0153
82.4116,0.7293,3.1331
82.4118,0.798,3.4331
82.4120,0.7635,3.283
82.4122,0.71,3.0601
82.4124,0.6227,2.6826
82.4126,0.6227,2.6802
82.4128,0.6652,2.8642
82.4130,0.6734,2.8971
82.4132,0.7021,3.0218
82.4134,0.6915,2.9806
82.4136,0.5997,2.5835
82.4138,0.5979,2.5745
82.4140,0.6632,2.8573
82.4142,0.6467,2.7847
82.4144,0.6171,2.6584
82.4146,0.6075,2.6195
82.4148,0.6256,2.6925
82.4150,0.7324,3.1509
82.4152,0.7045,3.035
82.4154,0.6498,2.7968
82.4156,0.7032,3.0237
82.4158,0.692,2.9812
82.4160,0.6239,2.6903
82.4162,0.631,2.7208
82.4164,0.6297,2.7076
82.4166,0.6943,2.9855
82.4168,0.6895,2.9676
82.4170,0.7152,3.0795
82.4172,0.6644,2.8598
82.4174,0.661,2.8448
82.4176,0.6528,2.8136
82.4178,0.6203,2.6711
82.4180,0.6516,2.8071
82.4182,0.6502,2.7983
82.4184,0.6278,2.7031
82.4186,0.624,2.6871
82.4188,0.6024,2.5929
82.4190,0.6499,2.7999
82.4192,0.6083,2.628
82.4194,0.4916,2.1229
82.4196,0.4541,1.96
82.4198,0.4486,1.9388
82.4200,0.4487,1.9385
82.4202,0.4488,1.9372
82.4204,0.4592,1.9817
82.4206,0.4473,1.9314
82.4208,0.4491,1.9391
82.4210,0.4498,1.9431
82.4212,0.4529,1.9557
82.4214,0.4638,2
82.4216,0.5107,2.2012
82.4218,0.5415,2.3373
82.4220,0.4707,2.0314
82.4222,0.4892,2.1087
82.4224,0.516,2.227
82.4226,0.4629,1.9996
82.4228,0.456,1.9673
82.4230,0.4511,1.9488
82.4232,0.4444,1.9189
82.4234,0.4428,1.9113
82.4236,0.4384,1.8913
82.4238,0.4623,1.9933
82.4240,0.5158,2.2219
82.4242,0.5727,2.4661
82.4244,0.583,2.5128
82.4246,0.5594,2.4099
82.4248,0.5644,2.4338
82.4250,0.5439,2.3476
82.4252,0.4743,2.045
82.4254,0.5149,2.2172
82.4256,0.5059,2.1825
82.4258,0.4527,1.9537
82.4260,0.4503,1.9416
82.4262,0.4511,1.9479
82.4264,0.4454,1.9231
82.4266,0.4456,1.9223
82.4268,0.4462,1.9258
82.4270,0.4408,1.9043
82.4272,0.4434,1.913
82.4274,0.4285,1.8458
82.4276,0.5186,2.2363
82.4278,0.5047,2.1763
82.4280,0.5304,2.2849
82.4282,0.6099,2.6262
82.4284,0.656,2.821
82.4286,0.6906,2.9709
82.4288,0.6034,2.5995
82.4290,0.5909,2.5422
82.4292,0.6545,2.813
82.4294,0.6539,2.8117
82.4296,0.6424,2.7609
82.4298,0.6974,2.9975
82.4300,0.7471,3.2094
82.4302,0.758,3.2593
82.4304,0.7067,3.0358
82.4306,0.8178,3.5084
82.4308,0.8345,3.5866
82.4310,0.764,3.2851
82.4312,0.7436,3.193
82.4314,0.7447,3.1991
82.4316,0.7526,3.2316
82.4318,0.7351,3.1667
82.4320,0.6021,2.5938
82.4322,0.5336,2.302
82.4324,0.4764,2.0543
82.4326,0.4973,2.1423
82.4328,0.5323,2.2899
82.4330,0.6005,2.5859
82.4332,0.5752,2.4815
82.4334,0.5413,2.3319
82.4336,0.6052,2.6036
82.4338,0.6732,2.8947
82.4340,0.7262,3.1168
82.4342,0.7549,3.2459
82.4344,0.648,2.7878
82.4346,0.7002,3.0108
82.4348,0.734,3.1532
82.4350,0.8219,3.5292
82.4352,0.8828,3.7837
82.4354,0.9072,3.8899
82.4356,0.8296,3.5588
82.4358,0.8352,3.5797
82.4360,0.8938,3.8292
82.4362,0.9278,3.9783
82.4364,0.9311,3.9983
82.4366,0.8964,3.8436
82.4368,0.8919,3.8228
82.4370,0.9116,3.9125
82.4372,0.8449,3.6281
82.4374,0.8189,3.5131
82.4376,0.8336,3.573
82.4378,0.8886,3.8102
82.4380,0.8827,3.785
82.4382,0.9145,3.9194
82.4384,0.9236,3.9603
82.4386,0.9642,4.1288
82.4388,1.0899,4.6582
82.4390,1.1248,4.8074
82.4392,1.1124,4.759
82.4394,1.0829,4.6437
82.4396,1.0308,4.4138
82.4398,0.9689,4.1547
82.4400,0.9083,3.9005
82.4402,0.8805,3.781
82.4404,0.8808,3.7767
82.4406,0.9229,3.9572
82.4408,0.939,4.036
82.4410,0.8135,3.4964
82.4412,0.7898,3.3959
82.4414,0.7851,3.3774
82.4416,0.7922,3.4063
82.4418,0.7528,3.2341
82.4420,0.7683,3.3021
82.4422,0.7636,3.2805
82.4424,0.7684,3.3011
82.4426,0.7995,3.4409
82.4428,0.7256,3.1259
82.4430,0.6863,2.9496
82.4432,0.7371,3.1681
82.4434,0.7651,3.2897
82.4436,0.7433,3.1964
82.4438,0.7212,3.101
82.4440,0.7354,3.1638
82.4442,0.7551,3.2469
82.4444,0.6865,2.9547
82.4446,0.6748,2.9028
82.4448,0.7466,3.2088
82.4450,0.8159,3.5035
82.4452,0.7815,3.3604
82.4454,0.8008,3.4434
82.4456,0.7389,3.1817
82.4458,0.6695,2.8828
82.4460,0.6969,2.9968
82.4462,0.7604,3.2742
82.4464,0.7069,3.0425
82.4466,0.6938,2.9848
82.4468,0.7007,3.0128
82.4470,0.7522,3.2346
82.4472,0.7493,3.2207
82.4474,0.7273,3.1302
82.4476,0.6879,2.9609
82.4478,0.722,3.1089
82.4480,0.6835,2.9377
82.4482,0.8009,3.4391
82.4484,0.8323,3.5773
82.4486,0.7882,3.3892
82.4488,0.7299,3.1386
82.4490,0.6914,2.9787
82.4492,0.6237,2.6868
82.4494,0.6552,2.8187
82.4496,0.736,3.1635
82.4498,0.768,3.3026
82.4500,0.7622,3.2789
82.4502,0.7166,3.0857
82.4504,0.6774,2.9169
82.4506,0.662,2.8508
82.4508,0.6534,2.8175
82.4510,0.6138,2.6469
82.4512,0.583,2.514
82.4514,0.5777,2.4832
82.4516,0.7719,3.3207
82.4518,0.7196,3.1015
82.4520,0.6102,2.6314
82.4522,0.5481,2.3646
82.4524,0.5405,2.3326
82.4526,0.5375,2.3197
82.4528,0.5358,2.3092
82.4530,0.5406,2.3331
82.4532,0.5403,2.331
82.4534,0.5634,2.4303
82.4536,0.5288,2.2813
82.4538,0.5118,2.2079
82.4540,0.5439,2.3465
82.4542,0.5364,2.315
82.4544,0.5287,2.2808
82.4546,0.521,2.2477
82.4548,0.5584,2.4046
82.4550,0.7046,3.0284
82.4552,0.7799,3.3599
82.4554,0.6276,2.7051
82.4556,0.6047,2.604
82.4558,0.6414,2.7607
82.4560,0.6629,2.8544
82.4562,0.6582,2.8342
82.4564,0.6847,2.9456
82.4566,0.6736,2.899
82.4568,0.6618,2.8497
82.4570,0.6806,2.9281
82.4572,0.72,3.0987
82.4574,0.7336,3.1546
82.4576,0.7329,3.153
82.4578,0.7101,3.0521
82.4580,0.7781,3.3506
82.4582,0.7245,3.114
82.4584,0.7471,3.2154
82.4586,0.7079,3.048
82.4588,0.6697,2.8798
82.4590,0.6901,2.9744
82.4592,0.5959,2.5705
82.4594,0.5384,2.3216
82.4596,0.5861,2.5274
82.4598,0.5914,2.549
82.4600,0.5674,2.4479
82.4602,0.5014,2.1639
82.4604,0.4586,1.98
82.4606,0.4444,1.918
82.4608,0.5026,2.168
82.4610,0.5014,2.1659
82.4612,0.4897,2.1117
82.4614,0.5685,2.448
82.4616,0.6088,2.6191
82.4618,0.6166,2.6575
82.4620,0.6689,2.8762
82.4622,0.7064,3.0404
82.4624,0.6534,2.8162
82.4626,0.6035,2.5988
82.4628,0.6051,2.6067
82.4630,0.6078,2.6162
82.4632,0.6999,3.0055
82.4634,0.783,3.3655
82.4636,0.7311,3.1423
82.4638,0.6912,2.9762
82.4640,0.618,2.6712
82.4642,0.4795,2.0687
82.4644,0.4661,2.0117
82.4646,0.4641,2.0029
82.4648,0.4707,2.0304
82.4650,0.4714,2.0345
82.4652,0.4761,2.0537
82.4654,0.4739,2.0435
82.4656,0.4746,2.0485
82.4658,0.4988,2.15
82.4660,0.5267,2.2678
82.4662,0.5948,2.5623
82.4664,0.5703,2.458
82.4666,0.5566,2.3969
82.4668,0.6142,2.6411
82.4670,0.6472,2.7842
82.4672,0.6293,2.7098
82.4674,0.6376,2.7467
82.4676,0.6642,2.8574
82.4678,0.6694,2.8769
82.4680,0.7402,3.1785
82.4682,0.8561,3.6725
82.4684,0.9113,3.9079
82.4686,0.8696,3.7289
82.4688,0.8577,3.6814
82.4690,0.8872,3.8098
82.4692,0.8894,3.8138
82.4694,0.9004,3.8629
82.4696,0.8347,3.5826
82.4698,0.9074,3.8927
82.4700,0.9152,3.9225
82.4702,0.9485,4.0616
82.4704,0.9948,4.2637
82.4706,1.0154,4.3501
82.4708,1.0032,4.2997
82.4710,0.9416,4.0355
82.4712,0.9602,4.1191
82.4714,0.9807,4.1992
82.4716,1.0099,4.3285
82.4718,0.9287,3.9824
82.4720,0.9203,3.9501
82.4722,0.9179,3.9416
82.4724,0.8706,3.74
82.4726,0.7908,3.4037
82.4728,0.7057,3.0373
82.4730,0.7154,3.0763
82.4732,0.7154,3.072
82.4734,0.7305,3.1456
82.4736,0.7076,3.0484
82.4738,0.7046,3.0341
82.4740,0.7111,3.0605
82.4742,0.6749,2.9047
82.4744,0.7057,3.0373
82.4746,0.7298,3.1381
82.4748,0.7156,3.0801
82.4750,0.6672,2.873
82.4752,0.7207,3.1018
82.4754,0.7498,3.2287
82.4756,0.7248,3.1165
82.4758,0.7475,3.2114
82.4760,0.791,3.3995
82.4762,0.786,3.3784
82.4764,0.7406,3.1845
82.4766,0.6937,2.9857
82.4768,0.7058,3.0406
82.4770,0.6477,2.7927
82.4772,0.6166,2.6538
82.4774,0.6715,2.8916
82.4776,0.6919,2.9752
82.4778,0.7655,3.2903
82.4780,0.8346,3.5855
82.4782,0.7732,3.3294
82.4784,0.6773,2.915
82.4786,0.7132,3.067
82.4788,0.761,3.2676
82.4790,0.823,3.5371
82.4792,0.7696,3.3139
82.4794,0.7058,3.0336
82.4796,0.7287,3.132
82.4798,0.7418,3.1882
82.4800,0.8135,3.5045
82.4802,0.6707,2.8893
82.4804,0.6221,2.6826
82.4806,0.6114,2.6353
82.4808,0.6221,2.6763
82.4810,0.6902,2.9638
82.4812,0.7945,3.415
82.4814,0.7451,3.2026
82.4816,0.766,3.2984
82.4818,0.655,2.8229
82.4820,0.6155,2.6529
82.4822,0.6174,2.6612
82.4824,0.6438,2.7697
82.4826,0.6951,2.9905
82.4828,0.6517,2.8103
82.4830,0.5259,2.271
82.4832,0.549,2.366
82.4834,0.5779,2.4894
82.4836,0.5689,2.4553
82.4838,0.5012,2.1623
82.4840,0.5204,2.2451
82.4842,0.5202,2.2462
82.4844,0.4536,1.9597
82.4846,0.4454,1.9231
82.4848,0.4552,1.9637
82.4850,0.4625,1.9971
82.4852,0.4455,1.9254
82.4854,0.4466,1.9291
82.4856,0.4506,1.9449
82.4858,0.4497,1.9417
82.4860,0.4498,1.9431
82.4862,0.4457,1.9246
82.4864,0.4484,1.9333
82.4866,0.4503,1.9425
82.4868,0.4506,1.9468
82.4870,0.4482,1.9364
82.4872,0.4461,1.9253
82.4874,0.4496,1.9394
82.4876,0.453,1.9562
82.4878,0.452,1.9506
82.4880,0.4903,2.1123
82.4882,0.5735,2.4674
82.4884,0.6303,2.7139
82.4886,0.606,2.6096
82.4888,0.5485,2.3662
82.4890,0.4593,1.9822
82.4892,0.4512,1.9475
82.4894,0.4535,1.9565
82.4896,0.4657,2.0074
82.4898,0.5329,2.2925
82.4900,0.5776,2.4861
82.4902,0.6189,2.6636
82.4904,0.6646,2.855
82.4906,0.6971,2.9974
82.4908,0.6523,2.8129
82.4910,0.5498,2.3719
82.4912,0.4765,2.0558
82.4914,0.4522,1.9499
82.4916,0.452,1.9488
82.4918,0.4569,1.9709
82.4920,0.453,1.9544
82.4922,0.4636,2.0008
82.4924,0.4638,2
82.4926,0.5232,2.257
82.4928,0.4907,2.1149
82.4930,0.4829,2.0842
82.4932,0.4431,1.9115
82.4934,0.4563,1.9684
82.4936,0.471,2.031
82.4938,0.4545,1.9615
82.4940,0.4262,1.8394
82.4942,0.4534,1.9541
82.4944,0.5511,2.3731
82.4946,0.5918,2.547
82.4948,0.5641,2.4312
82.4950,0.5427,2.337
82.4952,0.5945,2.5577
82.4954,0.6143,2.6453
82.4956,0.6029,2.595
82.4958,0.6379,2.7432
82.4960,0.665,2.8557
82.4962,0.6983,3.0025
82.4964,0.675,2.9011
82.4966,0.6619,2.8463
82.4968,0.6756,2.9051
82.4970,0.754,3.2362
82.4972,0.819,3.5218
82.4974,0.7129,3.0626
82.4976,0.7502,3.2258
82.4978,0.6812,2.932
82.4980,0.6907,2.9687
82.4982,0.651,2.7994
82.4984,0.6762,2.909
82.4986,0.6588,2.8368
82.4988,0.6292,2.7093
82.4990,0.6267,2.6959
82.4992,0.6725,2.893
82.4994,0.6519,2.803
82.4996,0.6968,2.9963
82.4998,0.6453,2.7772
82.5000,0.6596,2.8338
82.5002,0.7439,3.1945
82.5004,0.7707,3.3109
82.5006,0.7826,3.3603
82.5008,0.7739,3.3263
82.5010,0.7227,3.1005
82.5012,0.8906,3.8207
82.5014,0.8249,3.5454
82.5016,0.7743,3.3217
82.5018,0.8135,3.4915
82.5020,0.816,3.504
82.5022,0.8444,3.6243
82.5024,0.8556,3.6739
82.5026,0.8025,3.4426
82.5028,0.8366,3.5909
82.5030,0.8934,3.8289
82.5032,0.9149,3.9288
82.5034,0.8179,3.5171
82.5036,0.7746,3.3263
82.5038,0.8187,3.5153
82.5040,0.8264,3.5521
82.5042,0.8346,3.5821
82.5044,0.8095,3.481
82.5046,0.7473,3.2074
82.5048,0.8007,3.4413
82.5050,0.7411,3.1851
82.5052,0.732,3.1459
82.5054,0.727,3.1292
82.5056,0.6781,2.9159
82.5058,0.7507,3.2248
82.5060,0.7769,3.3377
82.5062,0.7792,3.3506
82.5064,0.7769,3.333
82.5066,0.8546,3.6698
82.5068,0.8376,3.595
82.5070,0.8526,3.6661
82.5072,0.778,3.3423
82.5074,0.8037,3.4493
82.5076,0.8522,3.6595
82.5078,0.8369,3.5969
82.5080,0.7605,3.264
82.5082,0.8308,3.5656
82.5084,0.8687,3.7283
82.5086,0.873,3.7555
82.5088,0.8222,3.5291
82.5090,0.8568,3.6825
82.5092,0.7798,3.3547
82.5094,0.7318,3.1454
82.5096,0.7582,3.2603
82.5098,0.7571,3.2587
82.5100,0.7569,3.2547
82.5102,0.7751,3.3299
82.5104,0.8287,3.5569
82.5106,0.8357,3.5884
82.5108,0.8122,3.4924
82.5110,0.777,3.3382
82.5112,0.8212,3.531
82.5114,0.7924,3.4089
82.5116,0.7832,3.366
82.5118,0.778,3.3439
82.5120,0.8008,3.4434
82.5122,0.7941,3.4129
82.5124,0.7697,3.3083
82.5126,0.7569,3.2562
82.5128,0.7402,3.1874
82.5130,0.6972,3.0007
82.5132,0.7039,3.0296
82.5134,0.7023,3.0229
82.5136,0.7082,3.0496
82.5138,0.6985,3.0049
82.5140,0.7374,3.1677
82.5142,0.8671,3.7233
82.5144,0.8121,3.4951
82.5146,0.7213,3.1044
82.5148,0.668,2.8752
82.5150,0.6957,2.9945
82.5152,0.748,3.2165
82.5154,0.7588,3.2614
82.5156,0.7549,3.2474
82.5158,0.7462,3.2073
82.5160,0.746,3.2062
82.5162,0.7715,3.316
82.5164,0.7676,3.3036
82.5166,0.7665,3.2959
82.5168,0.7698,3.3119
82.5170,0.7383,3.1718
82.5172,0.7531,3.2397
82.5174,0.77,3.3032
82.5176,0.9359,4.0095
82.5178,0.9555,4.1047
82.5180,0.8513,3.6571
82.5182,0.873,3.7468
82.5184,0.8707,3.737
82.5186,0.8759,3.7662
82.5188,0.7621,3.2784
82.5190,0.7501,3.2193
82.5192,0.7896,3.3986
82.5194,0.7308,3.1481
82.5196,0.6626,2.856
82.5198,0.6159,2.6544
82.5200,0.593,2.5569
82.5202,0.64,2.757
82.5204,0.6273,2.7035
82.5206,0.5984,2.5778
82.5208,0.6419,2.7602
82.5210,0.7172,3.094
82.5212,0.5779,2.4941
82.5214,0.5487,2.3661
82.5216,0.5485,2.364
82.5218,0.549,2.3671
82.5220,0.5514,2.3775
82.5222,0.5484,2.3646
82.5224,0.557,2.4018
82.5226,0.5688,2.4513
82.5228,0.5656,2.4401
82.5230,0.5606,2.4162
82.5232,0.5577,2.4038
82.5234,0.6195,2.6675
82.5236,0.6937,2.9843
82.5238,0.712,3.0675
82.5240,0.673,2.8937
82.5242,0.7377,3.1766
82.5244,0.6268,2.7027
82.5246,0.5608,2.4183
82.5248,0.5566,2.4013
82.5250,0.5403,2.3321
82.5252,0.5345,2.3035
82.5254,0.5303,2.2865
82.5256,0.5658,2.4373
82.5258,0.6254,2.6903
82.5260,0.6545,2.8195
82.5262,0.5877,2.533
82.5264,0.6214,2.6795
82.5266,0.608,2.6167
82.5268,0.6403,2.756
82.5270,0.6726,2.8922
82.5272,0.6942,2.985
82.5274,0.7255,3.1167
82.5276,0.7956,3.4212
82.5278,0.7396,3.1789
82.5280,0.7423,3.1932
82.5282,0.739,3.1734
82.5284,0.8905,3.813
82.5286,1.0165,4.3486
82.5288,1.0843,4.6515
82.5290,0.9116,3.9144
82.5292,0.8652,3.7151
82.5294,0.8414,3.6148
82.5296,0.8556,3.6756
82.5298,0.8099,3.4858
82.5300,0.7269,3.1243
82.5302,0.7388,3.1783
82.5304,0.6927,2.9816
82.5306,0.6581,2.835
82.5308,0.733,3.1476
82.5310,0.8425,3.6245
82.5312,0.6847,2.947
82.5314,0.6656,2.8663
82.5316,0.6485,2.795
82.5318,0.6349,2.7353
82.5320,0.6522,2.8071
82.5322,0.6984,3.0016
82.5324,0.7375,3.1667
82.5326,0.7864,3.3846
82.5328,0.7044,3.0274
82.5330,0.8188,3.5174
82.5332,0.8345,3.5849
82.5334,0.8393,3.6005
82.5336,0.8925,3.8271
82.5338,0.8976,3.8541
82.5340,0.8958,3.8446
82.5342,0.9749,4.1745
82.5344,1.0775,4.6141
82.5346,1.1382,4.867
82.5348,1.1639,4.9768
82.5350,1.1434,4.8914
82.5352,1.1159,4.7739
82.5354,1.185,5.0647
82.5356,1.1087,4.7586
82.5358,0.9411,4.0354
82.5360,1.0405,4.4596
82.5362,1.0172,4.3599
82.5364,1.0255,4.3974
82.5366,1.0263,4.3989
82.5368,1.0194,4.365
82.5370,1.0224,4.386
82.5372,0.9232,3.9661
82.5374,0.9417,4.0398
82.5376,1.0201,4.3701
82.5378,1.0298,4.4118
82.5380,1.0239,4.3886
82.5382,0.9974,4.2731
82.5384,1.0739,4.6029
82.5386,1.0303,4.4282
82.5388,0.8679,3.7356
82.5390,0.8242,3.5423
82.5392,0.8742,3.7537
82.5394,0.8765,3.7722
82.5396,0.7888,3.3918
82.5398,0.8039,3.4552
82.5400,0.8586,3.6868
82.5402,0.9075,3.9005
82.5404,0.8706,3.7365
82.5406,0.9262,3.9827
82.5408,0.846,3.6412
82.5410,0.7774,3.3428
82.5412,0.8191,3.5239
82.5414,0.8257,3.5523
82.5416,0.7978,3.4353
82.5418,0.811,3.4905
82.5420,0.7431,3.2013
82.5422,0.7028,3.0249
82.5424,0.7826,3.3697
82.5426,0.7242,3.1168
82.5428,0.7868,3.3893
82.5430,0.7594,3.2655
82.5432,0.7922,3.4094
82.5434,0.7642,3.2892
82.5436,0.7804,3.3588
82.5438,0.7713,3.3212
82.5440,0.6991,3.0075
82.5442,0.7817,3.3614
82.5444,0.852,3.667
82.5446,0.7712,3.3237
82.5448,0.6881,2.9656
82.5450,0.6792,2.926
82.5452,0.6547,2.8245
82.5454,0.6769,2.9161
82.5456,0.724,3.1163
82.5458,0.7272,3.1282
82.5460,0.7853,3.3784
82.5462,0.7986,3.4373
82.5464,0.7244,3.1236
82.5466,0.6414,2.7671
82.5468,0.6258,2.6998
82.5470,0.6245,2.6929
82.5472,0.6269,2.7057
82.5474,0.6342,2.7322
82.5476,0.6998,3.0092
82.5478,0.7406,3.1934
82.5480,0.6358,2.7402
82.5482,0.6318,2.7219
82.5484,0.6586,2.8384
82.5486,0.7132,3.0713
82.5488,0.7209,3.1029
82.5490,0.7027,3.0272
82.5492,0.6937,2.9912
82.5494,0.6956,2.9967
82.5496,0.675,2.9065
82.5498,0.6433,2.7754
82.5500,0.6008,2.5905
82.5502,0.6525,2.8134
82.5504,0.6162,2.6585
82.5506,0.617,2.6591
82.5508,0.6501,2.8004
82.5510,0.6696,2.8846
82.5512,0.66,2.8433
82.5514,0.6212,2.6809
82.5516,0.5972,2.5774
82.5518,0.5412,2.3389
82.5520,0.4608,1.9926
82.5522,0.4578,1.9797
82.5524,0.4655,2.0101
82.5526,0.4655,2.011
82.5528,0.4541,1.959
82.5530,0.5137,2.2192
82.5532,0.4746,2.0513
82.5534,0.4787,2.068
82.5536,0.4698,2.0287
82.5538,0.4618,1.9949
82.5540,0.4606,1.9907
82.5542,0.4797,2.0712
82.5544,0.5761,2.4828
82.5546,0.6095,2.627
82.5548,0.5795,2.4978
82.5550,0.6352,2.7364
82.5552,0.68,2.9282
82.5554,0.6799,2.9236
82.5556,0.7221,3.1066
82.5558,0.7146,3.0741
82.5560,0.733,3.152
82.5562,0.7092,3.0509
82.5564,0.724,3.1163
82.5566,0.6539,2.8157
82.5568,0.6662,2.8688
82.5570,0.7372,3.173
82.5572,0.7513,3.2319
82.5574,0.7238,3.1109
82.5576,0.7447,3.2006
82.5578,0.7526,3.2376
82.5580,0.7074,3.0431
82.5582,0.7347,3.1622
82.5584,0.7189,3.0941
82.5586,0.7496,3.2247
82.5588,0.7573,3.2547
82.5590,0.7719,3.3222
82.5592,0.6896,2.9709
82.5594,0.6489,2.7966
82.5596,0.5515,2.3791
82.5598,0.5062,2.1866
82.5600,0.4944,2.1339
82.5602,0.4942,2.1299
82.5604,0.5872,2.5321
82.5606,0.5938,2.5605
82.5608,0.547,2.3611
82.5610,0.5068,2.1882
82.5612,0.4851,2.0954
82.5614,0.4812,2.0769
82.5616,0.4904,2.1178
82.5618,0.4824,2.084
82.5620,0.4774,2.0613
82.5622,0.4794,2.0692
82.5624,0.4801,2.0723
82.5626,0.4813,2.0774
82.5628,0.4853,2.0935
82.5630,0.4956,2.1351
82.5632,0.5888,2.54
82.5634,0.5198,2.2446
82.5636,0.4841,2.0884
82.5638,0.4762,2.0542
82.5640,0.4755,2.0521
82.5642,0.4779,2.0624
82.5644,0.4768,2.0568
82.5646,0.4846,2.0885
82.5648,0.4907,2.1178
82.5650,0.4717,2.037
82.5652,0.4677,2.0184
82.5654,0.483,2.0847
82.5656,0.5101,2.1986
82.5658,0.5475,2.3566
82.5660,0.6185,2.6658
82.5662,0.5918,2.5482
82.5664,0.5959,2.5657
82.5666,0.5831,2.5145
82.5668,0.5955,2.5618
82.5670,0.6553,2.8192
82.5672,0.6557,2.8221
82.5674,0.6865,2.952
82.5676,0.729,3.1301
82.5678,0.8352,3.5813
82.5680,0.9163,3.9308
82.5682,0.8681,3.7257
82.5684,0.8605,3.6916
82.5686,0.9007,3.8639
82.5688,0.8907,3.8212
82.5690,0.8729,3.748
82.5692,0.8478,3.637
82.5694,0.8978,3.8497
82.5696,0.9095,3.902
82.5698,0.9019,3.8672
82.5700,0.9169,3.9333
82.5702,0.8853,3.8034
82.5704,0.8275,3.5534
82.5706,0.7803,3.3568
82.5708,0.7619,3.2733
82.5710,0.8365,3.5887
82.5712,0.8759,3.7644
82.5714,0.8035,3.4536
82.5716,0.7969,3.4269
82.5718,0.7839,3.3675
82.5720,0.7877,3.3919
82.5722,0.6754,2.9067
82.5724,0.7751,3.3299
82.5726,0.76,3.2726
82.5728,0.6885,2.9621
82.5730,0.693,2.9798
82.5732,0.7576,3.2593
82.5734,0.819,3.5201
82.5736,0.7836,3.3728
82.5738,0.7104,3.0532
82.5740,0.7678,3.297
82.5742,0.8053,3.4598
82.5744,0.7803,3.3599
82.5746,0.6815,2.9331
82.5748,0.6766,2.9105
82.5750,0.7059,3.0369
82.5752,0.7616,3.2763
82.5754,0.7952,3.416
82.5756,0.7954,3.4186
82.5758,0.7537,3.2453
82.5760,0.7083,3.0416
82.5762,0.7802,3.3547
82.5764,0.7321,3.1494
82.5766,0.7702,3.3119
82.5768,0.7769,3.3392
82.5770,0.7786,3.3418
82.5772,0.8354,3.5891
82.5774,0.857,3.6766
82.5776,0.8844,3.7922
82.5778,0.9247,3.9668
82.5780,0.8774,3.7781
82.5782,0.6917,2.9838
82.5784,0.5703,2.4592
82.5786,0.6311,2.7125
82.5788,0.7469,3.2074
82.5790,0.8393,3.6072
82.5792,0.7617,3.2783
82.5794,0.7497,3.2237
82.5796,0.826,3.5484
82.5798,0.8194,3.5315
82.5800,0.6119,2.6374
82.5802,0.5776,2.4907
82.5804,0.5815,2.5073
82.5806,0.5885,2.5342
82.5808,0.6743,2.898
82.5810,0.7421,3.1912
82.5812,0.6901,2.9771
82.5814,0.5264,2.2731
82.5816,0.5177,2.2343
82.5818,0.5328,2.2984
82.5820,0.5286,2.2803
82.5822,0.5262,2.27
82.5824,0.5654,2.4357
82.5826,0.5809,2.5035
82.5828,0.5321,2.2953
82.5830,0.5251,2.2674
82.5832,0.5288,2.2813
82.5834,0.5287,2.2819
82.5836,0.5516,2.3763
82.5838,0.5969,2.5728
82.5840,0.5592,2.4066
82.5842,0.6726,2.8922
82.5844,0.7195,3.0952
82.5846,0.7137,3.0733
82.5848,0.609,2.625
82.5850,0.549,2.3671
82.5852,0.5436,2.346
82.5854,0.5336,2.302
82.5856,0.5315,2.2906
82.5858,0.5293,2.2802
82.5860,0.5799,2.5005
82.5862,0.534,2.3036
82.5864,0.5307,2.2885
82.5866,0.5303,2.2865
82.5868,0.5249,2.2643
82.5870,0.5233,2.2575
82.5872,0.5259,2.2679
82.5874,0.5482,2.3618
82.5876,0.6346,2.73
82.5878,0.6721,2.8928
82.5880,0.6051,2.6091
82.5882,0.543,2.3424
82.5884,0.5363,2.3134
82.5886,0.5382,2.3206
82.5888,0.5387,2.3205
82.5890,0.6017,2.5922
82.5892,0.5973,2.5731
82.5894,0.5587,2.409
82.5896,0.5816,2.5043
82.5898,0.5971,2.5733
82.5900,0.6208,2.6719
82.5902,0.7154,3.0734
82.5904,0.7519,3.2315
82.5906,0.7648,3.2841
82.5908,0.8459,3.6373
82.5910,0.7052,3.0381
82.5912,0.5779,2.4906
82.5914,0.5709,2.4629
82.5916,0.5333,2.2994
82.5918,0.5267,2.271
82.5920,0.505,2.1784
82.5922,0.5074,2.1887
82.5924,0.5011,2.1598
82.5926,0.5277,2.2725
82.5928,0.5563,2.3942
82.5930,0.5987,2.5817
82.5932,0.5576,2.4033
82.5934,0.5712,2.4605
82.5936,0.6293,2.7111
82.5938,0.5985,2.5783
82.5940,0.5831,2.5098
82.5942,0.6309,2.7165
82.5944,0.5942,2.5597
82.5946,0.5214,2.2482
82.5948,0.5752,2.4769
82.5950,0.634,2.7249
82.5952,0.7398,3.1824
82.5954,0.6931,2.9831
82.5956,0.6724,2.8884
82.5958,0.7297,3.1332
82.5960,0.8057,3.4581
82.5962,0.7658,3.2943
82.5964,0.6617,2.8479
82.5966,0.6649,2.8618
82.5968,0.6644,2.8611
82.5970,0.6776,2.9125
82.5972,0.7314,3.1404
82.5974,0.7487,3.2211
82.5976,0.7144,3.0764
82.5978,0.6782,2.9191
82.5980,0.6513,2.8043
82.5982,0.6529,2.8115
82.5984,0.6822,2.9334
82.5986,0.6555,2.8171
82.5988,0.6841,2.943
82.5990,0.6861,2.9491
82.5992,0.7348,3.1583
82.5994,0.6973,2.9998
82.5996,0.734,3.1532
82.5998,0.81,3.4815
82.6000,0.7738,3.3274
82.6002,0.7334,3.1521
82.6004,0.7758,3.3299
82.6006,0.8585,3.6828
82.6008,0.8598,3.6919
82.6010,0.908,3.888
82.6012,1.0322,4.4179
82.6014,1.0398,4.4586
82.6016,0.987,4.2323
82.6018,0.9625,4.1274
82.6020,0.8815,3.7816
82.6022,0.9129,3.9164
82.6024,0.8865,3.805
82.6026,0.8601,3.69
82.6028,0.9175,3.9396
82.6030,0.8847,3.7972
82.6032,0.8774,3.7641
82.6034,0.9314,3.9956
82.6036,0.9223,3.9583
82.6038,0.9106,3.9029
82.6040,0.9309,3.9954
82.6042,0.964,4.1355
82.6044,0.9052,3.8816
82.6046,0.9147,3.9241
82.6048,0.9163,3.9363
82.6050,0.837,3.5991
82.6052,0.7613,3.2753
82.6054,0.726,3.1274
82.6056,0.6661,2.8683
82.6058,0.6902,2.9707
82.6060,0.7549,3.2459
82.6062,0.8239,3.5396
82.6064,0.8065,3.4681
82.6066,0.7961,3.4217
82.6068,0.7962,3.419
82.6070,0.8322,3.5735
82.6072,0.8573,3.6811
82.6074,0.8649,3.7158
82.6076,0.8525,3.6639
82.6078,0.8003,3.4413
82.6080,0.7676,3.3021
82.6082,0.7676,3.3021
82.6084,0.7812,3.3593
82.6086,0.7743,3.3279
82.6088,0.7912,3.4021
82.6090,0.8015,3.4433
82.6092,0.8139,3.4996
82.6094,0.7839,3.3707
82.6096,0.8122,3.494
82.6098,0.7821,3.3582
82.6100,0.8375,3.6028
82.6102,0.7605,3.2701
82.6104,0.7698,3.3073
82.6106,0.8249,3.5454
82.6108,0.8058,3.4715
82.6110,0.6984,3.0114
82.6112,0.6072,2.616
82.6114,0.6256,2.6975
82.6116,0.6114,2.6365
82.6118,0.5873,2.5314
82.6120,0.5951,2.5662
82.6122,0.5955,2.5666
82.6124,0.6212,2.6784
82.6126,0.603,2.6015
82.6128,0.5915,2.5472
82.6130,0.6682,2.8758
82.6132,0.693,2.984
82.6134,0.6587,2.8363
82.6136,0.6782,2.9191
82.6138,0.6989,3.0051
82.6140,0.8256,3.5452
82.6142,0.8703,3.739
82.6144,0.7703,3.3155
82.6146,0.7394,3.1838
82.6148,0.7392,3.1739
82.6150,0.828,3.5555
82.6152,0.8595,3.6926
82.6154,0.8736,3.7529
82.6156,0.8663,3.7266
82.6158,0.7716,3.3212
82.6160,0.7553,3.248
82.6162,0.7598,3.2655
82.6164,0.8025,3.4474
82.6166,0.83,3.5642
82.6168,0.8888,3.8165
82.6170,0.8719,3.7474
82.6172,0.8485,3.6486
82.6174,0.8133,3.4954
82.6176,0.8332,3.5793
82.6178,0.8219,3.5374
82.6180,0.7469,3.2148
82.6182,0.6985,3.0049
82.6184,0.7191,3.0937
82.6186,0.7427,3.1923
82.6188,0.7923,3.4004
82.6190,0.796,3.4212
82.6192,0.8182,3.5165
82.6194,0.8063,3.4623
82.6196,0.7684,3.3103
82.6198,0.5755,2.4837
82.6200,0.5641,2.4368
82.6202,0.5023,2.169
82.6204,0.4882,2.106
82.6206,0.6008,2.5881
82.6208,0.6339,2.7345
82.6210,0.5269,2.2752
82.6212,0.4803,2.0737
82.6214,0.4803,2.0728
82.6216,0.5269,2.2752
82.6218,0.4822,2.0811
82.6220,0.474,2.0468
82.6222,0.4701,2.0307
82.6224,0.474,2.0459
82.6226,0.5395,2.3274
82.6228,0.5626,2.425
82.6230,0.5623,2.4245
82.6232,0.5765,2.4838
82.6234,0.5867,2.5277
82.6236,0.5841,2.5175
82.6238,0.6026,2.5995
82.6240,0.5907,2.5471
82.6242,0.5786,2.4914
82.6244,0.6322,2.7273
82.6246,0.5177,2.2343
82.6248,0.4747,2.049
82.6250,0.4752,2.051
82.6252,0.4739,2.0472
82.6254,0.4747,2.0499
82.6256,0.4717,2.036
82.6258,0.4644,2.0045
82.6260,0.4563,1.9702
82.6262,0.4592,1.9826
82.6264,0.4601,1.9849
82.6266,0.4981,2.1469
82.6268,0.555,2.3908
82.6270,0.5637,2.4319
82.6272,0.5712,2.4628
82.6274,0.5684,2.4509
82.6276,0.5714,2.4627
82.6278,0.5722,2.4675
82.6280,0.5709,2.4606
82.6282,0.5774,2.4862
82.6284,0.5749,2.4765
82.6286,0.5776,2.4884
82.6288,0.5865,2.5243
82.6290,0.6766,2.9105
82.6292,0.7489,3.2201
82.6294,0.7556,3.249
82.6296,0.7763,3.3304
82.6298,0.8278,3.5561
82.6300,0.7876,3.3819
82.6302,0.7826,3.3619
82.6304,0.7714,3.3109
82.6306,0.8119,3.4946
82.6308,0.6817,2.9368
82.6310,0.6402,2.7555
82.6312,0.6395,2.7511
82.6314,0.6238,2.6873
82.6316,0.6228,2.6794
82.6318,0.6264,2.6999
82.6320,0.6092,2.6231
82.6322,0.6808,2.9272
82.6324,0.7058,3.0392
82.6326,0.6943,2.9897
82.6328,0.6744,2.9013
82.6330,0.6847,2.9429
82.6332,0.7326,3.1515
82.6334,0.6969,2.9968
82.6336,0.6713,2.8878
82.6338,0.718,3.0847
82.6340,0.7412,3.1901
82.6342,0.7115,3.0564
82.6344,0.784,3.3665
82.6346,0.7817,3.3551
82.6348,0.8634,3.6953
82.6350,1.0235,4.3804
82.6352,0.9932,4.261
82.6354,0.925,3.9683
82.6356,0.9363,4.0167
82.6358,0.9544,4.0925
82.6360,0.9849,4.2211
82.6362,0.9645,4.1279
82.6364,1.0164,4.3522
82.6366,0.9614,4.128
82.6368,0.8818,3.7796
82.6370,0.9398,4.0354
82.6372,0.9342,4.0061
82.6374,0.9705,4.1613
82.6376,0.9976,4.2736
82.6378,1.0599,4.5343
82.6380,1.1139,4.7607
82.6382,1.1212,4.801
82.6384,1.0104,4.3306
82.6386,1.061,4.539
82.6388,1.1039,4.7336
82.6390,0.9757,4.1898
82.6392,0.8875,3.818
82.6394,0.8044,3.454
82.6396,0.8046,3.4599
82.6398,0.8228,3.535
82.6400,0.8944,3.8371
82.6402,0.9534,4.0902
82.6404,0.9567,4.108
82.6406,0.9095,3.9056
82.6408,0.8829,3.7895
82.6410,0.9519,4.0817
82.6412,0.9867,4.2327
82.6414,0.9437,4.0561
82.6416,0.8442,3.6317
82.6418,0.8199,3.5221
82.6420,0.842,3.6224
82.6422,0.7751,3.3315
82.6424,0.8414,3.6199
82.6426,0.8209,3.5251
82.6428,0.8431,3.6237
82.6430,0.8494,3.6573
82.6432,0.7824,3.3676
82.6434,0.7268,3.134
82.6436,0.6927,2.9857
82.6438,0.7043,3.0283
82.6440,0.8199,3.5221
82.6442,0.849,3.649
82.6444,0.8069,3.4713
82.6446,0.7962,3.427
82.6448,0.8215,3.5293
82.6450,0.8654,3.7196
82.6452,0.819,3.5234
82.6454,0.7913,3.4026
82.6456,0.771,3.3186
82.6458,0.7088,3.0521
82.6460,0.7039,3.0296
82.6462,0.6697,2.8878
82.6464,0.603,2.6028
82.6466,0.5985,2.5807
82.6468,0.5969,2.574
82.6470,0.6191,2.6696
82.6472,0.6816,2.9336
82.6474,0.7294,3.1395
82.6476,0.6779,2.9189
82.6478,0.6317,2.7239
82.6480,0.6305,2.72
82.6482,0.631,2.7208
82.6484,0.6288,2.7103
82.6486,0.6273,2.7023
82.6488,0.6478,2.7893
82.6490,0.6515,2.8053
82.6492,0.6828,2.9415
82.6494,0.6857,2.9566
82.6496,0.6429,2.7694
82.6498,0.6318,2.727
82.6500,0.5757,2.4859
82.6502,0.5419,2.3377
82.6504,0.5848,2.5159
82.6506,0.7424,3.1893
82.6508,0.7827,3.3718
82.6510,0.6563,2.8286
82.6512,0.6329,2.7304
82.6514,0.5726,2.4724
82.6516,0.5572,2.4039
82.6518,0.5569,2.399
82.6520,0.5918,2.5529
82.6522,0.5596,2.4165
82.6524,0.5528,2.3848
82.6526,0.5466,2.3546
82.6528,0.5975,2.5754
82.6530,0.6701,2.8894
82.6532,0.6517,2.8077
82.6534,0.6737,2.9049
82.6536,0.5438,2.3482
82.6538,0.5695,2.4499
82.6540,0.7527,3.2426
82.6542,0.6059,2.6115
82.6544,0.5658,2.4407
82.6546,0.5727,2.4707
82.6548,0.6291,2.7088
82.6550,0.6743,2.9034
82.6552,0.6823,2.9394
82.6554,0.6994,3.009
82.6556,0.7008,3.0147
82.6558,0.6849,2.9439
82.6560,0.7247,3.1193
82.6562,0.7113,3.0658
82.6564,0.6674,2.8739
82.6566,0.7167,3.0776
82.6568,0.804,3.4605
82.6570,0.7454,3.2036
82.6572,0.7393,3.1788
82.6574,0.7441,3.2009
82.6576,0.7646,3.2937
82.6578,0.718,3.0904
82.6580,0.6925,2.9805
82.6582,0.6739,2.9018
82.6584,0.6782,2.9204
82.6586,0.6859,2.9521
82.6588,0.6867,2.9571
82.6590,0.6505,2.8063
82.6592,0.5342,2.3078
82.6594,0.4853,2.0935
82.6596,0.5481,2.3635
82.6598,0.5436,2.346
82.6600,0.5229,2.258
82.6602,0.5208,2.2425
82.6604,0.6498,2.7967
82.6606,0.6915,2.9791
82.6608,0.6307,2.7197
82.6610,0.6759,2.9079
82.6612,0.7453,3.2031
82.6614,0.795,3.4154
82.6616,0.8281,3.5642
82.6618,0.6462,2.7851
82.6620,0.5663,2.4421
82.6622,0.5654,2.4379
82.6624,0.5672,2.448
82.6626,0.563,2.4265
82.6628,0.5648,2.432
82.6630,0.5987,2.5805
82.6632,0.5696,2.456
82.6634,0.5903,2.5431
82.6636,0.656,2.8249
82.6638,0.6436,2.7725
82.6640,0.5912,2.5503
82.6642,0.5689,2.4529
82.6644,0.5864,2.5237
82.6646,0.6584,2.8339
82.6648,0.6607,2.8477
82.6650,0.6413,2.7588
82.6652,0.6726,2.8962
82.6654,0.6963,2.9998
82.6656,0.6658,2.8694
82.6658,0.6327,2.7267
82.6660,0.5927,2.5523
82.6662,0.6611,2.8466
82.6664,0.646,2.7802
82.6666,0.6991,3.0047
82.6668,0.7541,3.2427
82.6670,0.7987,3.4282
82.6672,0.9011,3.8623
82.6674,0.9435,4.0494
82.6676,0.8804,3.7822
82.6678,0.8547,3.6702
82.6680,0.8477,3.6381
82.6682,0.8486,3.644
82.6684,0.8843,3.7974
82.6686,0.8954,3.8412
82.6688,0.8871,3.8075
82.6690,0.9348,4.0086
82.6692,0.9616,4.1232
82.6694,0.9426,4.0439
82.6696,0.9285,3.985
82.6698,0.9688,4.156
82.6700,0.9546,4.0934
82.6702,0.9567,4.1041
82.6704,0.9736,4.1727
82.6706,0.9975,4.2795
82.6708,0.9571,4.1119
82.6710,0.9074,3.8908
82.6712,0.9514,4.0776
82.6714,0.9077,3.9014
82.6716,0.7822,3.3603
82.6718,0.8726,3.7504
82.6720,0.8081,3.4731
82.6722,0.7839,3.3737
82.6724,0.811,3.479
82.6726,0.9339,4.0063
82.6728,0.887,3.8123
82.6730,0.8216,3.5347
82.6732,0.7685,3.3077
82.6734,0.7397,3.1823
82.6736,0.747,3.2153
82.6738,0.756,3.2525
82.6740,0.8008,3.4417
82.6742,0.7823,3.3655
82.6744,0.7894,3.3928
82.6746,0.8649,3.7157
82.6748,0.8674,3.7248
82.6750,0.8725,3.7499
82.6752,0.8838,3.7948
82.6754,0.89,3.8252
82.6756,0.8547,3.6702
82.6758,0.8829,3.7947
82.6760,0.8745,3.7587
82.6762,0.8074,3.4733
82.6764,0.78,3.3541
82.6766,0.8216,3.533
82.6768,0.8689,3.7345
82.6770,0.8793,3.7775
82.6772,0.8425,3.6228
82.6774,0.8251,3.548
82.6776,0.8293,3.5611
82.6778,0.8315,3.5703
82.6780,0.8514,3.6575
82.6782,0.8001,3.4482
82.6784,0.6747,2.9081
82.6786,0.6831,2.943
82.6788,0.7299,3.1386
82.6790,0.7654,3.2958
82.6792,0.6745,2.9058
82.6794,0.6546,2.8213
82.6796,0.6835,2.9431
82.6798,0.7414,3.1925
82.6800,0.7126,3.0672
82.6802,0.7485,3.2215
82.6804,0.7315,3.1467
82.6806,0.7767,3.335
82.6808,0.862,3.7016
82.6810,0.9256,3.9745
82.6812,0.9107,3.9198
82.6814,0.8288,3.5573
82.6816,0.919,3.9462
82.6818,0.9255,3.9759
82.6820,0.9233,3.961
82.6822,0.8974,3.8553
82.6824,0.786,3.3799
82.6826,0.7346,3.169
82.6828,0.6114,2.6402
82.6830,0.5631,2.4304
82.6832,0.5568,2.4029
82.6834,0.5287,2.2808
82.6836,0.5963,2.5713
82.6838,0.6245,2.6953
82.6840,0.5606,2.415
82.6842,0.6009,2.5886
82.6844,0.6291,2.7163
82.6846,0.5689,2.4541
82.6848,0.5833,2.5161
82.6850,0.5564,2.4003
82.6852,0.5913,2.5484
82.6854,0.597,2.5744
82.6856,0.5689,2.4541
82.6858,0.5674,2.4479
82.6860,0.563,2.4276
82.6862,0.5606,2.4173
82.6864,0.5626,2.4283
82.6866,0.5575,2.4072
82.6868,0.5474,2.3615
82.6870,0.5463,2.3557
82.6872,0.5472,2.3626
82.6874,0.5436,2.346
82.6876,0.5468,2.3589
82.6878,0.5545,2.3931
82.6880,0.5457,2.3542
82.6882,0.5455,2.3543
82.6884,0.5487,2.3672
82.6886,0.5432,2.3434
82.6888,0.5556,2.3955
82.6890,0.5608,2.4172
82.6892,0.5657,2.4327
82.6894,0.6798,2.9312
82.6896,0.6303,2.7139
82.6898,0.6912,2.9748
82.6900,0.7261,3.1192
82.6902,0.7851,3.3836
82.6904,0.6213,2.6789
82.6906,0.5861,2.5239
82.6908,0.672,2.8922
82.6910,0.6869,2.9535
82.6912,0.6719,2.8971
82.6914,0.5922,2.5538
82.6916,0.6137,2.6451
82.6918,0.6214,2.6769
82.6920,0.662,2.852
82.6922,0.6202,2.6705
82.6924,0.6227,2.6789
82.6926,0.6901,2.9674
82.6928,0.7237,3.1147
82.6930,0.7205,3.1027
82.6932,0.6858,2.9516
82.6934,0.7304,3.1377
82.6936,0.7881,3.3887
82.6938,0.7445,3.2
82.6940,0.7908,3.3989
82.6942,0.8406,3.6095
82.6944,0.8757,3.7656
82.6946,0.8397,3.6042
82.6948,0.8578,3.6802
82.6950,0.9683,4.1462
82.6952,1.0002,4.2888
82.6954,0.9405,4.0327
82.6956,0.9898,4.2421
82.6958,1.0232,4.3834
82.6960,1.0285,4.4184
82.6962,0.9272,3.9849
82.6964,0.8628,3.7064
82.6966,0.8388,3.6084
82.6968,0.8182,3.5148
82.6970,0.8509,3.652
82.6972,0.8553,3.6711
82.6974,0.8984,3.854
82.6976,0.8924,3.8337
82.6978,0.8549,3.6741
82.6980,0.8281,3.5658
82.6982,0.733,3.1593
82.6984,0.6739,2.9005
82.6986,0.6841,2.9416
82.6988,0.807,3.4717
82.6990,0.7538,3.2412
82.6992,0.7618,3.2803
82.6994,0.7283,3.1377
82.6996,0.6524,2.8107
82.6998,0.6258,2.6973
82.7000,0.6354,2.7323
82.7002,0.848,3.638
82.7004,0.928,3.9811
82.7006,0.995,4.2647
82.7008,1.0498,4.4975
82.7010,1.1296,4.8346
82.7012,1.0965,4.6951
82.7014,1.0588,4.5381
82.7016,1.0496,4.4964
82.7018,1.0485,4.4897
82.7020,1.0547,4.5249
82.7022,1.0258,4.3988
82.7024,1.0327,4.4281
82.7026,0.9966,4.2754
82.7028,1.0314,4.4225
82.7030,1.0558,4.5337
82.7032,0.9838,4.2183
82.7034,0.9798,4.2014
82.7036,1.0492,4.4907
82.7038,1.1775,5.0446
82.7040,1.1285,4.8277
82.7042,1.1461,4.9168
82.7044,1.0351,4.4467
82.7046,0.9391,4.0327
82.7048,0.9027,3.878
82.7050,0.9475,4.0669
82.7052,0.9606,4.121
82.7054,0.9776,4.1921
82.7056,0.9965,4.2788
82.7058,0.9796,4.2043
82.7060,0.9812,4.2056
82.7062,1.0032,4.3097
82.7064,0.9625,4.1216
82.7066,1.0599,4.5427
82.7068,1.0793,4.626
82.7070,1.0729,4.6068
82.7072,0.9963,4.2803
82.7074,0.9827,4.2176
82.7076,0.976,4.1927
82.7078,0.9627,4.1298
82.7080,1.0401,4.4579
82.7082,1.0478,4.4992
82.7084,1.0357,4.4451
82.7086,1.0719,4.5963
82.7088,1.0206,4.3762
82.7090,1.0604,4.549
82.7092,1.0183,4.3766
82.7094,0.9118,3.9171
82.7096,0.8978,3.8587
82.7098,0.9213,3.9597
82.7100,0.9342,4.0097
82.7102,1.0453,4.4884
82.7104,0.952,4.0878
82.7106,0.9497,4.0818
82.7108,0.9563,4.1102
82.7110,0.9774,4.1989
82.7112,0.9919,4.2652
82.7114,0.9186,3.9557
82.7116,0.8381,3.6053
82.7118,0.8514,3.6643
82.7120,0.8367,3.598
82.7122,0.8658,3.7262
82.7124,0.8002,3.4503
82.7126,0.7893,3.3954
82.7128,0.8489,3.6603
82.7130,0.7709,3.3242
82.7132,0.745,3.208
82.7134,0.8039,3.4551
82.7136,0.8853,3.8051
82.7138,0.9258,3.9811
82.7140,0.8796,3.7856
82.7142,0.8316,3.5775
82.7144,0.8415,3.6186
82.7146,0.8785,3.7757
82.7148,0.9496,4.0794
82.7150,0.9472,4.0672
82.7152,0.9846,4.2318
82.7154,0.9226,3.9672
82.7156,0.8683,3.7336
82.7158,0.8564,3.6843
82.7160,0.8622,3.7125
82.7162,0.8264,3.5586
82.7164,0.759,3.2699
82.7166,0.7666,3.2979
82.7168,0.8072,3.4792
82.7170,0.7351,3.1681
82.7172,0.7096,3.0585
82.7174,0.7138,3.0723
82.7176,0.8038,3.4626
82.7178,0.8168,3.5189
82.7180,0.8117,3.487
82.7182,0.9281,3.9909
82.7184,0.8577,3.69
82.7186,0.8148,3.5053
82.7188,0.7953,3.426
82.7190,0.7987,3.4425
82.7192,0.7298,3.1527
82.7194,0.6318,2.7269
82.7196,0.6402,2.7631
82.7198,0.6247,2.6964
82.7200,0.6402,2.7555
82.7202,0.7243,3.123
82.7204,0.6499,2.8064
82.7206,0.6358,2.7465
82.7208,0.6174,2.6648
82.7210,0.599,2.5851
82.7212,0.6045,2.6077
82.7214,0.6602,2.8456
82.7216,0.6536,2.8198
82.7218,0.616,2.6574
82.7220,0.5992,2.5837
82.7222,0.6084,2.6248
82.7224,0.6364,2.7466
82.7226,0.5984,2.5813
82.7228,0.6086,2.6253
82.7230,0.6581,2.8363
82.7232,0.7466,3.2147
82.7234,0.7682,3.3046
82.7236,0.7461,3.2171
82.7238,0.6494,2.8017
82.7240,0.6204,2.679
82.7242,0.6029,2.6022
82.7244,0.593,2.558
82.7246,0.6171,2.6633
82.7248,0.6155,2.6565
82.7250,0.6004,2.5889
82.7252,0.6088,2.6263
82.7254,0.6102,2.6325
82.7256,0.6145,2.6499
82.7258,0.6699,2.8875
82.7260,0.6952,2.9979
82.7262,0.661,2.8474
82.7264,0.6646,2.8655
82.7266,0.6683,2.8802
82.7268,0.708,3.0471
82.7270,0.7365,3.1714
82.7272,0.7643,3.282
82.7274,0.8234,3.5408
82.7276,0.8653,3.7173
82.7278,0.8202,3.5318
82.7280,0.7616,3.2732
82.7282,0.7979,3.4325
82.7284,0.7626,3.2824
82.7286,0.7523,3.2335
82.7288,0.7995,3.444
82.7290,0.7485,3.2215
82.7292,0.7586,3.2618
82.7294,0.8412,3.6137
82.7296,0.86,3.6998
82.7298,0.8005,3.4455
82.7300,0.7684,3.3087
82.7302,0.7587,3.2684
82.7304,0.7917,3.4073
82.7306,0.7736,3.3263
82.7308,0.7845,3.3779
82.7310,0.7596,3.2695
82.7312,0.7053,3.0413
82.7314,0.6193,2.6681
82.7316,0.6628,2.8591
82.7318,0.6258,2.701
82.7320,0.6143,2.6514
82.7322,0.6866,2.9524
82.7324,0.7324,3.1567
82.7326,0.7601,3.267
82.7328,0.8438,3.6267
82.7330,0.8612,3.7015
82.7332,0.8803,3.7799
82.7334,0.8929,3.8286
82.7336,0.9983,4.2786
82.7338,1.0829,4.6436
82.7340,1.0405,4.4616
82.7342,1.041,4.4615
82.7344,1.0493,4.4996
82.7346,1.0535,4.5197
82.7348,1.0354,4.4441
82.7350,1.0157,4.3572
82.7352,1.0079,4.3257
82.7354,1.0087,4.3233
82.7356,1.064,4.5623
82.7358,0.9954,4.2742
82.7360,0.981,4.2144
82.7362,1.01,4.331
82.7364,1.0826,4.642
82.7366,1.0788,4.6347
82.7368,0.987,4.2382
82.7370,1.0532,4.5224
82.7372,1.0188,4.3705
82.7374,1.0214,4.3798
82.7376,1.0544,4.5212
82.7378,1.1103,4.763
82.7380,1.1061,4.7384
82.7382,1.1389,4.8769
82.7384,1.1414,4.8968
82.7386,1.057,4.5304
82.7388,1.1477,4.9166
82.7390,1.1925,5.1207
82.7392,1.0134,4.3535
82.7394,0.9502,4.0896
82.7396,0.9079,3.9056
82.7398,0.9052,3.887
82.7400,0.9911,4.2537
82.7402,0.9718,4.1825
82.7404,0.8754,3.764
82.7406,0.9164,3.9367
82.7408,0.8882,3.8245
82.7410,0.8474,3.6524
82.7412,0.7541,3.2503
82.7414,0.7791,3.3562
82.7416,0.7805,3.364
82.7418,0.714,3.0786
82.7420,0.7017,3.0244
82.7422,0.771,3.3216
82.7424,0.7786,3.3542
82.7426,0.7888,3.3996
82.7428,0.7614,3.2803
82.7430,0.7003,3.0182
82.7432,0.7588,3.2659
82.7434,0.7938,3.4182
82.7436,0.856,3.681
82.7438,0.8948,3.8494
82.7440,0.899,3.8656
82.7442,0.8658,3.721
82.7444,0.8553,3.6813
82.7446,0.8555,3.6784
82.7448,0.8983,3.8661
82.7450,0.8173,3.5194
82.7452,0.7732,3.3294
82.7454,0.7773,3.3485
82.7456,0.8062,3.473
82.7458,0.7999,3.4445
82.7460,0.7539,3.2492
82.7462,0.7077,3.0531
82.7464,0.7039,3.0323
82.7466,0.7972,3.4278
82.7468,0.8324,3.5844
82.7470,0.7722,3.3299
82.7472,0.7515,3.2389
82.7474,0.7378,3.1829
82.7476,0.7099,3.061
82.7478,0.696,2.9954
82.7480,0.7263,3.1289
82.7482,0.6723,2.8992
82.7484,0.6466,2.7893
82.7486,0.7241,3.1254
82.7488,0.6219,2.6864
82.7490,0.5556,2.4011
82.7492,0.545,2.3544
82.7494,0.5951,2.5638
82.7496,0.731,3.152
82.7498,0.6153,2.6592
82.7500,0.53,2.2886
82.7502,0.5223,2.2554
82.7504,0.5331,2.301
82.7506,0.5912,2.5527
82.7508,0.6257,2.6993
82.7510,0.6336,2.7334
82.7512,0.6329,2.7341
82.7514,0.5466,2.3589
82.7516,0.5554,2.3995
82.7518,0.4994,2.1595
82.7520,0.4922,2.1275
82.7522,0.4908,2.1212
82.7524,0.5428,2.3472
82.7526,0.5244,2.2663
82.7528,0.5384,2.3216
82.7530,0.6184,2.6665
82.7532,0.6056,2.6099
82.7534,0.6143,2.6489
82.7536,0.642,2.7696
82.7538,0.6506,2.803
82.7540,0.6992,3.0108
82.7542,0.7388,3.1826
82.7544,0.7431,3.1983
82.7546,0.7427,3.1908
82.7548,0.7866,3.384
82.7550,0.7726,3.3237
82.7552,0.7755,3.3376
82.7554,0.7269,3.1301
82.7556,0.705,3.0384
82.7558,0.7276,3.1302
82.7560,0.7819,3.3624
82.7562,0.8071,3.469
82.7564,0.9104,3.9109
82.7566,0.9242,3.9683
82.7568,0.9396,4.0366
82.7570,0.8576,3.6946
82.7572,0.7237,3.119
82.7574,0.7023,3.0284
82.7576,0.6312,2.7243
82.7578,0.6078,2.6185
82.7580,0.6618,2.8537
82.7582,0.6282,2.7064
82.7584,0.6446,2.7797
82.7586,0.657,2.8343
82.7588,0.6614,2.8508
82.7590,0.7128,3.0663
82.7592,0.7118,3.0664
82.7594,0.6734,2.9025
82.7596,0.6563,2.8299
82.7598,0.6361,2.7417
82.7600,0.6339,2.7332
82.7602,0.6558,2.8304
82.7604,0.5787,2.4976
82.7606,0.5323,2.2995
82.7608,0.5264,2.2741
82.7610,0.5258,2.2705
82.7612,0.529,2.2802
82.7614,0.5828,2.5141
82.7616,0.5934,2.5601
82.7618,0.5508,2.3771
82.7620,0.5257,2.271
82.7622,0.53,2.2886
82.7624,0.5365,2.3112
82.7626,0.6123,2.6413
82.7628,0.5587,2.4135
82.7630,0.5083,2.1928
82.7632,0.5114,2.2083
82.7634,0.5125,2.214
82.7636,0.5137,2.2171
82.7638,0.5201,2.2456
82.7640,0.5051,2.1819
82.7642,0.4951,2.1359
82.7644,0.5358,2.3102
82.7646,0.5418,2.3372
82.7648,0.5433,2.3428
82.7650,0.5201,2.2446
82.7652,0.5397,2.3262
82.7654,0.6269,2.7044
82.7656,0.5318,2.2974
82.7658,0.4957,2.1405
82.7660,0.571,2.4565
82.7662,0.6999,3.0111
82.7664,0.6975,2.9994
82.7666,0.7594,3.2593
82.7668,0.7896,3.3922
82.7670,0.8108,3.4834
82.7672,0.8866,3.8072
82.7674,0.8584,3.6913
82.7676,0.8093,3.4751
82.7678,0.9197,3.9419
82.7680,0.9451,4.049
82.7682,0.9489,4.0668
82.7684,0.9696,4.1577
82.7686,0.9475,4.0612
82.7688,1.0309,4.4225
82.7690,0.9502,4.0877
82.7692,0.7664,3.2969
82.7694,0.7761,3.3355
82.7696,0.7812,3.3593
82.7698,0.7842,3.3722
82.7700,0.7903,3.3953
82.7702,0.8618,3.6971
82.7704,0.858,3.6876
82.7706,0.8062,3.4697
82.7708,0.7682,3.2985
82.7710,0.8576,3.6809
82.7712,0.9236,3.9639
82.7714,0.9513,4.0752
82.7716,1.0071,4.3226
82.7718,0.9136,3.9249
82.7720,0.8571,3.6874
82.7722,0.7264,3.1294
82.7724,0.7298,3.1424
82.7726,0.7623,3.2778
82.7728,0.7539,3.2447
82.7730,0.7294,3.1365
82.7732,0.7479,3.2189
82.7734,0.8083,3.4726
82.7736,0.8755,3.7716
82.7738,0.6658,2.8681
82.7740,0.6975,3.0036
82.7742,0.7578,3.2618
82.7744,0.7352,3.1642
82.7746,0.6849,2.9466
82.7748,0.7134,3.0717
82.7750,0.7036,3.0313
82.7752,0.6883,2.9652
82.7754,0.712,3.0675
82.7756,0.719,3.0917
82.7758,0.7594,3.2654
82.7760,0.752,3.2335
82.7762,0.7881,3.3902
82.7764,0.7384,3.1737
82.7766,0.7883,3.3913
82.7768,0.7901,3.4006
82.7770,0.7852,3.3779
82.7772,0.8003,3.4413
82.7774,0.8196,3.5226
82.7776,0.813,3.491
82.7778,0.8865,3.8049
82.7780,0.9249,3.977
82.7782,0.8301,3.573
82.7784,0.7415,3.1916
82.7786,0.7703,3.3154
82.7788,0.757,3.2612
82.7790,0.695,2.9941
82.7792,0.6845,2.9514
82.7794,0.6066,2.6158
82.7796,0.5856,2.5265
82.7798,0.6042,2.6043
82.7800,0.6439,2.7805
82.7802,0.5701,2.4592
82.7804,0.5599,2.4164
82.7806,0.562,2.4268
82.7808,0.5573,2.4044
82.7810,0.5564,2.3992
82.7812,0.5584,2.4079
82.7814,0.5627,2.4288
82.7816,0.563,2.431
82.7818,0.5687,2.449
82.7820,0.6177,2.6634
82.7822,0.5615,2.4225
82.7824,0.5594,2.4143
82.7826,0.5597,2.4136
82.7828,0.6023,2.596
82.7830,0.5577,2.4048
82.7832,0.5966,2.57
82.7834,0.6385,2.7533
82.7836,0.5827,2.5089
82.7838,0.6159,2.6569
82.7840,0.5557,2.3983
82.7842,0.5526,2.3826
82.7844,0.5554,2.395
82.7846,0.554,2.391
82.7848,0.5564,2.4014
82.7850,0.5496,2.3697
82.7852,0.5499,2.3712
82.7854,0.551,2.377
82.7856,0.5522,2.3822
82.7858,0.5511,2.3753
82.7860,0.5563,2.3975
82.7862,0.601,2.5927
82.7864,0.5726,2.4678
82.7866,0.5711,2.465
82.7868,0.5637,2.433
82.7870,0.5591,2.411
82.7872,0.5629,2.4271
82.7874,0.5642,2.4316
82.7876,0.5643,2.4344
82.7878,0.5603,2.4151
82.7880,0.5572,2.4028
82.7882,0.5486,2.3655
82.7884,0.5461,2.3558
82.7886,0.5529,2.3842
82.7888,0.5584,2.4079
82.7890,0.5422,2.3371
82.7892,0.5496,2.3697
82.7894,0.5518,2.3773
82.7896,0.6114,2.6316
82.7898,0.6835,2.939
82.7900,0.7683,3.3005
82.7902,0.7974,3.4321
82.7904,0.6954,2.9915
82.7906,0.7269,3.1271
82.7908,0.6249,2.6931
82.7910,0.6343,2.7302
82.7912,0.661,2.8474
82.7914,0.6378,2.7426
82.7916,0.6982,3.0011
82.7918,0.7706,3.3149
82.7920,0.7355,3.1672
82.7922,0.6606,2.8445
82.7924,0.6295,2.7108
82.7926,0.6316,2.7208
82.7928,0.6582,2.8316
82.7930,0.6154,2.6499
82.7932,0.6201,2.6688
82.7934,0.7023,3.0256
82.7936,0.7281,3.1308
82.7938,0.7795,3.352
82.7940,0.7743,3.3263
82.7942,0.8044,3.454
82.7944,0.7925,3.4014
82.7946,0.799,3.4372
82.7948,0.753,3.2381
82.7950,0.7648,3.2871
82.7952,0.7299,3.14
82.7954,0.6836,2.9478
82.7956,0.6115,2.6358
82.7958,0.5991,2.5796
82.7960,0.6066,2.6122
82.7962,0.6571,2.8256
82.7964,0.7685,3.3
82.7966,0.8003,3.4445
82.7968,0.7353,3.1677
82.7970,0.6572,2.8274
82.7972,0.6906,2.9736
82.7974,0.6331,2.7288
82.7976,0.5514,2.3818
82.7978,0.4316,1.8652
82.7980,0.4211,1.8193
82.7982,0.4311,1.8623
82.7984,0.4553,1.9642
82.7986,0.5177,2.2311
82.7988,0.5723,2.4691
82.7990,0.5156,2.2234
82.7992,0.5467,2.3529
82.7994,0.6363,2.7397
82.7996,0.6653,2.862
82.7998,0.6969,2.994
82.8000,0.7855,3.3763
82.8002,0.8325,3.5766
82.8004,0.8529,3.6574
82.8006,0.8544,3.667
82.8008,0.8944,3.8353
82.8010,0.9766,4.1855
82.8012,0.9847,4.2185
82.8014,0.9803,4.2015
82.8016,0.9863,4.2291
82.8018,0.9671,4.143
82.8020,0.9928,4.2589
82.8022,0.9039,3.8813
82.8024,0.8986,3.8551
82.8026,0.9076,3.89
82.8028,0.9246,3.9649
82.8030,0.9493,4.0727
82.8032,0.9929,4.2554
82.8034,0.9778,4.1926
82.8036,0.928,3.9793
82.8038,0.9629,4.1289
82.8040,0.9822,4.2097
82.8042,1.0093,4.3218
82.8044,0.9827,4.2137
82.8046,0.9815,4.2164
82.8048,0.9185,3.9423
82.8050,0.8666,3.7316
82.8052,0.7087,3.053
82.8054,0.6817,2.934
82.8056,0.6978,3.0018
82.8058,0.6949,2.9922
82.8060,0.6737,2.8981
82.8062,0.7026,3.0252
82.8064,0.7089,3.0512
82.8066,0.7631,3.2814
82.8068,0.7677,3.301
82.8070,0.7574,3.2597
82.8072,0.7622,3.2773
82.8074,0.7929,3.4125
82.8076,0.7099,3.0511
82.8078,0.7553,3.2524
82.8080,0.7339,3.1571
82.8082,0.7618,3.2788
82.8084,0.7289,3.1374
82.8086,0.7546,3.2418
82.8088,0.8225,3.5399
82.8090,0.7012,3.0182
82.8092,0.7047,3.0359
82.8094,0.7223,3.1075
82.8096,0.7809,3.3577
82.8098,0.7951,3.4191
82.8100,0.762,3.2798
82.8102,0.7535,3.2417
82.8104,0.7769,3.3407
82.8106,0.7718,3.3232
82.8108,0.6972,3.0062
82.8110,0.6232,2.6872
82.8112,0.6048,2.6068
82.8114,0.658,2.8318
82.8116,0.7122,3.0623
82.8118,0.7178,3.0879
82.8120,0.7503,3.2262
82.8122,0.8003,3.4381
82.8124,0.7506,3.2308
82.8126,0.6191,2.6721
82.8128,0.5293,2.2834
82.8130,0.5671,2.4429
82.8132,0.6739,2.8991
82.8134,0.6987,3.0101
82.8136,0.6291,2.7138
82.8138,0.5633,2.4291
82.8140,0.5903,2.5408
82.8142,0.6611,2.8453
82.8144,0.6786,2.9233
82.8146,0.6948,2.9931
82.8148,0.6571,2.8309
82.8150,0.634,2.7312
82.8152,0.6527,2.8117
82.8154,0.6283,2.7069
82.8156,0.5774,2.4896
82.8158,0.5993,2.5807
82.8160,0.6285,2.7086
82.8162,0.5787,2.4976
82.8164,0.5524,2.3832
82.8166,0.5545,2.392
82.8168,0.5482,2.3629
82.8170,0.5644,2.4327
82.8172,0.5992,2.5837
82.8174,0.5845,2.5213
82.8176,0.5824,2.5102
82.8178,0.6104,2.6318
82.8180,0.5769,2.4887
82.8182,0.6087,2.6222
82.8184,0.6157,2.6576
82.8186,0.4896,2.1151
82.8188,0.4618,1.993
82.8190,0.4493,1.9401
82.8192,0.459,1.9802
82.8194,0.4672,2.0182
82.8196,0.4529,1.9566
82.8198,0.4799,2.0674
82.8200,0.5386,2.3237
82.8202,0.4595,1.9841
82.8204,0.4523,1.9531
82.8206,0.4529,1.9547
82.8208,0.4484,1.936
82.8210,0.4479,1.9339
82.8212,0.45,1.9441
82.8214,0.4499,1.9427
82.8216,0.4513,1.9489
82.8218,0.4464,1.9268
82.8220,0.4466,1.9264
82.8222,0.4505,1.9435
82.8224,0.4493,1.9383
82.8226,0.4984,2.1509
82.8228,0.4637,2.0004
82.8230,0.5111,2.2017
82.8232,0.5603,2.414
82.8234,0.6169,2.6553
82.8236,0.6794,2.9161
82.8238,0.7769,3.3407
82.8240,0.7376,3.176
82.8242,0.6382,2.748
82.8244,0.5919,2.5487
82.8246,0.6135,2.6453
82.8248,0.5938,2.5617
82.8250,0.5076,2.1887
82.8252,0.5216,2.2482
82.8254,0.5672,2.4434
82.8256,0.5571,2.4011
82.8258,0.4888,2.1075
82.8260,0.4771,2.0593
82.8262,0.4835,2.0848
82.8264,0.4962,2.1386
82.8266,0.5699,2.4576
82.8268,0.5734,2.4668
82.8270,0.6406,2.7506
82.8272,0.7583,3.2578
82.8274,0.7831,3.3628
82.8276,0.7889,3.3938
82.8278,0.664,2.8616
82.8280,0.587,2.5287
82.8282,0.5831,2.511
82.8284,0.55,2.374
82.8286,0.492,2.1215
82.8288,0.4795,2.0677
82.8290,0.4631,1.9978
82.8292,0.4687,2.0221
82.8294,0.4699,2.0254
82.8296,0.4745,2.047
82.8298,0.5093,2.1949
82.8300,0.5775,2.4878
82.8302,0.6361,2.7341
82.8304,0.675,2.9065
82.8306,0.5762,2.4856
82.8308,0.4781,2.0615
82.8310,0.5077,2.1892
82.8312,0.4332,1.8707
82.8314,0.434,1.8712
82.8316,0.512,2.2048
82.8318,0.5751,2.4775
82.8320,0.5936,2.5547
82.8322,0.6763,2.9081
82.8324,0.6452,2.7758
82.8326,0.6126,2.6368
82.8328,0.616,2.6475
82.8330,0.6792,2.9205
82.8332,0.6494,2.7965
82.8334,0.6788,2.9189
82.8336,0.7486,3.2115
82.8338,0.801,3.4363
82.8340,0.9131,3.91
82.8342,0.9376,4.0223
82.8344,0.8626,3.7007
82.8346,0.8593,3.6863
82.8348,0.8677,3.7224
82.8350,0.9149,3.9214
82.8352,0.9384,4.0259
82.8354,0.8715,3.7353
82.8356,0.9302,3.9866
82.8358,0.9264,3.9689
82.8360,0.9547,4.0882
82.8362,1.0246,4.3855
82.8364,1.0878,4.6451
82.8366,1.1549,4.9359
82.8368,1.1688,5.0024
82.8370,1.0422,4.4625
82.8372,1.0446,4.4665
82.8374,1.1231,4.8001
82.8376,1.1137,4.7757
82.8378,0.9529,4.0881
82.8380,0.9214,3.9547
82.8382,0.9179,3.9416
82.8384,0.8523,3.6565
82.8386,0.8791,3.7712
82.8388,0.9304,3.9933
82.8390,0.8685,3.7329
82.8392,0.795,3.4154
82.8394,0.851,3.6594
82.8396,0.7943,3.4123
82.8398,0.8106,3.4807
82.8400,0.8321,3.5729
82.8402,0.828,3.5587
82.8404,0.7962,3.4189
82.8406,0.757,3.2566
82.8408,0.7361,3.1669
82.8410,0.7496,3.2231
82.8412,0.7536,3.2377
82.8414,0.7586,3.2633
82.8416,0.7647,3.2851
82.8418,0.7798,3.3468
82.8420,0.8299,3.5686
82.8422,0.7582,3.2633
82.8424,0.7787,3.3469
82.8426,0.7613,3.2767
82.8428,0.7761,3.3402
82.8430,0.7305,3.1426
82.8432,0.7466,3.2088
82.8434,0.7301,3.1455
82.8436,0.7006,3.0128
82.8438,0.759,3.2669
82.8440,0.7571,3.2571
82.8442,0.7718,3.3154
82.8444,0.7682,3.3046
82.8446,0.7962,3.4221
82.8448,0.7674,3.2984
82.8450,0.7724,3.3165
82.8452,0.8132,3.5002
82.8454,0.775,3.334
82.8456,0.7226,3.1129
82.8458,0.6328,2.7285
82.8460,0.5974,2.576
82.8462,0.6323,2.7189
82.8464,0.7456,3.2091
82.8466,0.6312,2.7193
82.8468,0.6401,2.7588
82.8470,0.6309,2.719
82.8472,0.6587,2.8349
82.8474,0.7099,3.0553
82.8476,0.6843,2.9481
82.8478,0.6321,2.7229
82.8480,0.6051,2.6067
82.8482,0.6153,2.653
82.8484,0.5608,2.4194
82.8486,0.5481,2.3657
82.8488,0.5397,2.3284
82.8490,0.5286,2.2792
82.8492,0.5253,2.2673
82.8494,0.5317,2.2926
82.8496,0.5885,2.533
82.8498,0.6065,2.6177
82.8500,0.5421,2.3376
82.8502,0.5623,2.42
82.8504,0.6331,2.7301
82.8506,0.625,2.6949
82.8508,0.5589,2.4078
82.8510,0.5689,2.4552
82.8512,0.5354,2.3097
82.8514,0.5349,2.3066
82.8516,0.6009,2.5874
82.8518,0.6377,2.7446
82.8520,0.6315,2.7216
82.8522,0.6526,2.8099
82.8524,0.6354,2.7361
82.8526,0.5783,2.4949
82.8528,0.5834,2.5108
82.8530,0.6992,3.008
82.8532,0.6136,2.6446
82.8534,0.5678,2.4471
82.8536,0.5564,2.3969
82.8538,0.6059,2.6091
82.8540,0.6456,2.78
82.8542,0.6534,2.8135
82.8544,0.6503,2.7988
82.8546,0.6481,2.7882
82.8548,0.6735,2.8989
82.8550,0.6562,2.8228
82.8552,0.7172,3.0854
82.8554,0.7065,3.038
82.8556,0.7664,3.2923
82.8558,0.7734,3.3288
82.8560,0.6271,2.7005
82.8562,0.6436,2.7686
82.8564,0.7692,3.3046
82.8566,0.7911,3.3984
82.8568,0.7667,3.2969
82.8570,0.7334,3.1623
82.8572,0.5589,2.41
82.8574,0.5421,2.3376
82.8576,0.5835,2.5137
82.8578,0.5794,2.4961
82.8580,0.644,2.7746
82.8582,0.6235,2.6837
82.8584,0.6779,2.9175
82.8586,0.7082,3.0438
82.8588,0.6842,2.9449
82.8590,0.6403,2.7585
82.8592,0.5884,2.5372
82.8594,0.595,2.5633
82.8596,0.5944,2.5595
82.8598,0.598,2.575
82.8600,0.6577,2.8295
82.8602,0.7366,3.1675
82.8604,0.7068,3.0433
82.8606,0.6634,2.8577
82.8608,0.6094,2.6265
82.8610,0.5728,2.47
82.8612,0.5558,2.3977
82.8614,0.4838,2.0873
82.8616,0.4715,2.0359
82.8618,0.4647,2.0045
82.8620,0.4674,2.0183
82.8622,0.4689,2.0226
82.8624,0.4716,2.0345
82.8626,0.4686,2.0244
82.8628,0.4629,1.9986
82.8630,0.4894,2.1091
82.8632,0.5377,2.3153
82.8634,0.5528,2.3847
82.8636,0.4858,2.0965
82.8638,0.4388,1.8928
82.8640,0.456,1.9655
82.8642,0.5228,2.2565
82.8644,0.446,1.9247
82.8646,0.3981,1.719
82.8648,0.4168,1.799
82.8650,0.4708,2.0319
82.8652,0.5071,2.1816
82.8654,0.5994,2.5776
82.8656,0.6438,2.7748
82.8658,0.545,2.3479
82.8660,0.6221,2.6788
82.8662,0.6363,2.7359
82.8664,0.6534,2.8083
82.8666,0.6562,2.8254
82.8668,0.6677,2.8683
82.8670,0.8164,3.4989
82.8672,0.9031,3.8741
82.8674,0.8551,3.6666
82.8676,0.8545,3.6675
82.8678,0.8622,3.6987
82.8680,0.8527,3.658
82.8682,0.8351,3.5808
82.8684,0.8345,3.5799
82.8686,0.8613,3.6916
82.8688,0.8945,3.834
82.8690,0.9487,4.0644
82.8692,0.9858,4.2231
82.8694,0.9599,4.1141
82.8696,0.9647,4.1289
82.8698,0.987,4.2322
82.8700,0.9332,3.9976
82.8702,1.0172,4.3557
82.8704,1.0389,4.4507
82.8706,0.9866,4.2228
82.8708,1.1065,4.736
82.8710,1.1485,4.9156
82.8712,1.0035,4.3152
82.8714,0.7664,3.2969
82.8716,0.7012,3.0153
82.8718,0.7327,3.1504
82.8720,0.7853,3.3768
82.8722,0.7769,3.3392
82.8724,0.78,3.3494
82.8726,0.8182,3.5197
82.8728,0.7907,3.3937
82.8730,0.8242,3.5356
82.8732,0.8935,3.8312
82.8734,0.8869,3.8135
82.8736,0.775,3.3387
82.8738,0.6912,2.972
82.8740,0.7668,3.2959
82.8742,0.7821,3.3613
82.8744,0.7861,3.3804
82.8746,0.8088,3.473
82.8748,0.8502,3.654
82.8750,0.7966,3.4237
82.8752,0.7818,3.3618
82.8754,0.8556,3.6755
82.8756,0.7963,3.4274
82.8758,0.6755,2.9085
82.8760,0.6889,2.9609
82.8762,0.7677,3.2964
82.8764,0.8293,3.5627
82.8766,0.8489,3.6467
82.8768,0.8644,3.7154
82.8770,0.8628,3.7047
82.8772,0.8836,3.7925
82.8774,0.905,3.886
82.8776,0.815,3.503
82.8778,0.7641,3.2871
82.8780,0.7664,3.3015
82.8782,0.6442,2.7751
82.8784,0.6241,2.6925
82.8786,0.6404,2.7591
82.8788,0.6562,2.8267
82.8790,0.6138,2.6456
82.8792,0.6384,2.749
82.8794,0.6271,2.6979
82.8796,0.6541,2.814
82.8798,0.6319,2.7262
82.8800,0.603,2.5991
82.8802,0.6532,2.8138
82.8804,0.6425,2.7704
82.8806,0.6069,2.6132
82.8808,0.5987,2.5805
82.8810,0.583,2.5163
82.8812,0.5488,2.3655
82.8814,0.5998,2.5851
82.8816,0.5732,2.475
82.8818,0.4794,2.071
82.8820,0.4108,1.7756
82.8822,0.4061,1.7562
82.8824,0.4064,1.7548
82.8826,0.4452,1.9216
82.8828,0.4577,1.9773
82.8830,0.4549,1.9654
82.8832,0.4559,1.9686
82.8834,0.475,2.0481
82.8836,0.5222,2.2549
82.8838,0.4565,1.9721
82.8840,0.4491,1.9391
82.8842,0.4492,1.9396
82.8844,0.4517,1.9487
82.8846,0.4492,1.9396
82.8848,0.4495,1.9403
82.8850,0.4522,1.9516
82.8852,0.4523,1.9531
82.8854,0.4543,1.96
82.8856,0.545,2.35
82.8858,0.4808,2.0744
82.8860,0.4529,1.9538
82.8862,0.4673,2.0131
82.8864,0.5199,2.242
82.8866,0.4711,2.0334
82.8868,0.4494,1.9415
82.8870,0.4472,1.9308
82.8872,0.4475,1.9306
82.8874,0.447,1.9312
82.8876,0.4468,1.9283
82.8878,0.445,1.9197
82.8880,0.4578,1.975
82.8882,0.4614,1.9915
82.8884,0.4717,2.0351
82.8886,0.4804,2.0704
82.8888,0.5289,2.2818
82.8890,0.4939,2.1327
82.8892,0.4591,1.9807
82.8894,0.4644,2.0016
82.8896,0.5103,2.2006
82.8898,0.5527,2.3787
82.8900,0.5864,2.5237
82.8902,0.5675,2.445
82.8904,0.557,2.4017
82.8906,0.5535,2.3856
82.8908,0.5521,2.3783
82.8910,0.5503,2.3695
82.8912,0.5517,2.3768
82.8914,0.5577,2.4026
82.8916,0.5735,2.4662
82.8918,0.5903,2.5408
82.8920,0.5625,2.4233
82.8922,0.5705,2.4567
82.8924,0.5835,2.5125
82.8926,0.5838,2.5117
82.8928,0.6348,2.7335
82.8930,0.637,2.7402
82.8932,0.652,2.8021
82.8934,0.6601,2.8372
82.8936,0.6817,2.9286
82.8938,0.7859,3.3731
82.8940,0.8258,3.5395
82.8942,0.8411,3.6149
82.8944,0.7221,3.1065
82.8946,0.7108,3.0538
82.8948,0.719,3.0888
82.8950,0.6974,2.9961
82.8952,0.7039,3.0295
82.8954,0.6556,2.8255
82.8956,0.5813,2.5044
82.8958,0.5511,2.3753
82.8960,0.6141,2.6393
82.8962,0.7227,3.1033
82.8964,0.7303,3.1401
82.8966,0.6666,2.873
82.8968,0.5996,2.5805
82.8970,0.592,2.5504
82.8972,0.5707,2.4595
82.8974,0.5538,2.3867
82.8976,0.5414,2.3324
82.8978,0.5283,2.2739
82.8980,0.5637,2.4251
82.8982,0.6442,2.7699
82.8984,0.6894,2.9615
82.8986,0.694,2.9858
82.8988,0.6251,2.6929
82.8990,0.5942,2.5573
82.8992,0.6115,2.6333
82.8994,0.6274,2.6952
82.8996,0.6807,2.9299
82.8998,0.6163,2.6515
82.9000,0.7016,3.0141
82.9002,0.7971,3.4146
82.9004,0.9262,3.9697
82.9006,0.8909,3.8293
82.9008,0.7762,3.3361
82.9010,0.755,3.2418
82.9012,0.7614,3.2711
82.9014,0.7244,3.112
82.9016,0.7429,3.1883
82.9018,0.7858,3.3741
82.9020,0.8425,3.6211
82.9022,0.8131,3.4883
82.9024,0.8549,3.6656
82.9026,0.887,3.8016
82.9028,0.9499,4.0752
82.9030,0.9134,3.911
82.9032,0.9858,4.2231
82.9034,0.9406,4.0351
82.9036,0.8578,3.687
82.9038,0.8433,3.6179
82.9040,0.8948,3.835
82.9042,0.9011,3.8695
82.9044,0.8558,3.6748
82.9046,0.8445,3.6281
82.9048,0.7828,3.366
82.9050,0.7666,3.2964
82.9052,0.7843,3.368
82.9054,0.8227,3.536
82.9056,0.7937,3.4129
82.9058,0.7752,3.3288
82.9060,0.8339,3.5823
82.9062,0.7999,3.4365
82.9064,0.7811,3.3603
82.9066,0.7256,3.12
82.9068,0.748,3.2149
82.9070,0.754,3.2422
82.9072,0.7668,3.2959
82.9074,0.7821,3.3582
82.9076,0.8114,3.4811
82.9078,0.8052,3.464
82.9080,0.7251,3.1194
82.9082,0.7713,3.3149
82.9084,0.823,3.5338
82.9086,0.8538,3.6712
82.9088,0.7648,3.2917
82.9090,0.6823,2.9325
82.9092,0.7387,3.1777
82.9094,0.745,3.2036
82.9096,0.7744,3.3299
82.9098,0.7468,3.2113
82.9100,0.7385,3.1801
82.9102,0.69,2.9696
82.9104,0.7345,3.1582
82.9106,0.7768,3.3386
82.9108,0.805,3.4581
82.9110,0.7859,3.3794
82.9112,0.7144,3.0764
82.9114,0.6762,2.9062
82.9116,0.7635,3.2814
82.9118,0.7954,3.4217
82.9120,0.775,3.3325
82.9122,0.7635,3.283
82.9124,0.7228,3.1024
82.9126,0.8294,3.5699
82.9128,0.7534,3.2366
82.9130,0.7912,3.4036
82.9132,0.7405,3.184
82.9134,0.7742,3.3288
82.9136,0.7912,3.3973
82.9138,0.8153,3.5008
82.9140,0.7879,3.3913
82.9142,0.7162,3.0812
82.9144,0.7215,3.1025
82.9146,0.7364,3.1694
82.9148,0.7036,3.0299
82.9150,0.6719,2.8944
82.9152,0.6511,2.8024
82.9154,0.6642,2.86
82.9156,0.6716,2.8907
82.9158,0.7252,3.117
82.9160,0.7777,3.3428
82.9162,0.7734,3.3288
82.9164,0.7478,3.2199
82.9166,0.6622,2.8539
82.9168,0.5812,2.5073
82.9170,0.5406,2.332
82.9172,0.5344,2.3045
82.9174,0.5349,2.3066
82.9176,0.5464,2.3573
82.9178,0.5521,2.3816
82.9180,0.5463,2.3557
82.9182,0.5457,2.3531
82.9184,0.5858,2.5258
82.9186,0.562,2.4235
82.9188,0.5418,2.3372
82.9190,0.5424,2.3387
82.9192,0.5833,2.5115
82.9194,0.6262,2.6988
82.9196,0.5603,2.4185
82.9198,0.5366,2.316
82.9200,0.5265,2.2715
82.9202,0.5213,2.2487
82.9204,0.5205,2.2456
82.9206,0.5286,2.2792
82.9208,0.5261,2.2694
82.9210,0.5319,2.2958
82.9212,0.5263,2.2683
82.9214,0.5241,2.2611
82.9216,0.528,2.2787
82.9218,0.5277,2.2756
82.9220,0.5279,2.2761
82.9222,0.5344,2.3035
82.9224,0.6168,2.6536
82.9226,0.6498,2.7967
82.9228,0.6635,2.8556
82.9230,0.6769,2.9107
82.9232,0.6823,2.9407
82.9234,0.5861,2.5297
82.9236,0.538,2.32
82.9238,0.5349,2.3045
82.9240,0.5588,2.4061
82.9242,0.6023,2.5924
82.9244,0.6428,2.7681
82.9246,0.658,2.8305
82.9248,0.6721,2.8927
82.9250,0.6257,2.6955
82.9252,0.5587,2.409
82.9254,0.5575,2.4016
82.9256,0.5797,2.4971
82.9258,0.6487,2.7921
82.9260,0.6323,2.7227
82.9262,0.6137,2.6414
82.9264,0.6481,2.7882
82.9266,0.7196,3.0957
82.9268,0.7204,3.0978
82.9270,0.6622,2.8526
82.9272,0.5675,2.4472
82.9274,0.5037,2.1732
82.9276,0.5014,2.1608
82.9278,0.5385,2.32
82.9280,0.5674,2.4467
82.9282,0.6021,2.595
82.9284,0.5921,2.5485
82.9286,0.5868,2.5246
82.9288,0.6179,2.6619
82.9290,0.5996,2.5817
82.9292,0.6468,2.7826
82.9294,0.6215,2.6749
82.9296,0.6219,2.6765
82.9298,0.6841,2.943
82.9300,0.6575,2.8298
82.9302,0.5853,2.5226
82.9304,0.5497,2.368
82.9306,0.6239,2.6853
82.9308,0.6168,2.6548
82.9310,0.5956,2.5623
82.9312,0.6219,2.6802
82.9314,0.5698,2.4571
82.9316,0.5336,2.2998
82.9318,0.5336,2.3009
82.9320,0.5181,2.2301
82.9322,0.6349,2.7328
82.9324,0.693,2.977
82.9326,0.7769,3.336
82.9328,0.7894,3.3849
82.9330,0.8216,3.5297
82.9332,0.7538,3.2412
82.9334,0.8081,3.4683
82.9336,0.8394,3.6009
82.9338,0.8106,3.4807
82.9340,0.8251,3.5315
82.9342,0.9598,4.1155
82.9344,0.97,4.1534
82.9346,1.0603,4.5358
82.9348,1.0741,4.5969
82.9350,1.0811,4.6251
82.9352,1.1297,4.8328
82.9354,1.0706,4.5842
82.9356,1.0233,4.3778
82.9358,1.1239,4.8037
82.9360,1.1659,4.9877
82.9362,1.1178,4.7887
82.9364,1.0087,4.3253
82.9366,1.0088,4.3218
82.9368,1.0527,4.5077
82.9370,1.0256,4.3937
82.9372,0.9475,4.0612
82.9374,0.9642,4.1384
82.9376,0.9538,4.0917
82.9378,0.9073,3.8957
82.9380,0.8384,3.6052
82.9382,0.8116,3.4897
82.9384,0.8068,3.4675
82.9386,0.7823,3.3608
82.9388,0.8083,3.4693
82.9390,0.8471,3.6423
82.9392,0.8459,3.6355
82.9394,0.8673,3.7208
82.9396,0.8959,3.8486
82.9398,0.8405,3.6106
82.9400,0.882,3.7889
82.9402,0.8677,3.7241
82.9404,0.9073,3.8939
82.9406,0.9035,3.8816
82.9408,0.8776,3.7668
82.9410,0.9162,3.9362
82.9412,0.861,3.7056
82.9414,0.7566,3.2536
82.9416,0.7734,3.3242
82.9418,0.7803,3.3536
82.9420,0.7763,3.335
82.9422,0.7667,3.303
82.9424,0.7279,3.1356
82.9426,0.7479,3.2204
82.9428,0.6533,2.8143
82.9430,0.6859,2.9507
82.9432,0.7433,3.1963
82.9434,0.7172,3.0897
82.9436,0.6839,2.9474
82.9438,0.6836,2.9437
82.9440,0.6824,2.9412
82.9442,0.6776,2.9205
82.9444,0.6787,2.9211
82.9446,0.684,2.9438
82.9448,0.7069,3.0452
82.9450,0.6419,2.7665
82.9452,0.5946,2.5641
82.9454,0.6106,2.6329
82.9456,0.6058,2.6098
82.9458,0.6885,2.9648
82.9460,0.6689,2.8842
82.9462,0.6124,2.6382
82.9464,0.6635,2.8582
82.9466,0.6269,2.6982
82.9468,0.6427,2.7689
82.9470,0.6744,2.9106
82.9472,0.5448,2.349
82.9474,0.542,2.3382
82.9476,0.5452,2.3522
82.9478,0.5711,2.4639
82.9480,0.5521,2.3816
82.9482,0.515,2.2218
82.9484,0.532,2.2974
82.9486,0.5454,2.3538
82.9488,0.5311,2.2911
82.9490,0.5487,2.3683
82.9492,0.5482,2.3651
82.9494,0.5215,2.2508
82.9496,0.5395,2.3241
82.9498,0.553,2.3836
82.9500,0.5288,2.2813
82.9502,0.5302,2.2864
82.9504,0.5348,2.3082
82.9506,0.5669,2.4435
82.9508,0.6199,2.6732
82.9510,0.5475,2.362
82.9512,0.5431,2.3428
82.9514,0.5425,2.3381
82.9516,0.5457,2.3542
82.9518,0.551,2.3759
82.9520,0.5376,2.318
82.9522,0.5421,2.3376
82.9524,0.562,2.4223
82.9526,0.589,2.541
82.9528,0.5677,2.4421
82.9530,0.6193,2.6719
82.9532,0.5226,2.2544
82.9534,0.5548,2.3913
82.9536,0.5996,2.5805
82.9538,0.5889,2.5393
82.9540,0.5755,2.4802
82.9542,0.6205,2.6733
82.9544,0.5958,2.5669
82.9546,0.6285,2.7074
82.9548,0.6426,2.7684
82.9550,0.59,2.5428
82.9552,0.5385,2.3232
82.9554,0.531,2.2906
82.9556,0.5639,2.4306
82.9558,0.5747,2.4748
82.9560,0.6238,2.6897
82.9562,0.5705,2.4567
82.9564,0.6463,2.7779
82.9566,0.7228,3.1082
82.9568,0.707,3.0429
82.9570,0.6184,2.664
82.9572,0.5998,2.5827
82.9574,0.5913,2.5496
82.9576,0.5226,2.2533
82.9578,0.5461,2.3525
82.9580,0.5908,2.544
82.9582,0.5978,2.574
82.9584,0.5835,2.5148
82.9586,0.5762,2.4833
82.9588,0.6142,2.6435
82.9590,0.6277,2.7068
82.9592,0.5956,2.5659
82.9594,0.6118,2.6344
82.9596,0.6044,2.5999
82.9598,0.7051,3.0304
82.9600,0.7582,3.2588
82.9602,0.7733,3.3237
82.9604,0.7298,3.1439
82.9606,0.5943,2.5649
82.9608,0.572,2.4664
82.9610,0.5813,2.5044
82.9612,0.5957,2.5664
82.9614,0.5265,2.2704
82.9616,0.4787,2.0651
82.9618,0.4732,2.0403
82.9620,0.4726,2.0387
82.9622,0.4726,2.0406
82.9624,0.5022,2.1664
82.9626,0.5329,2.2989
82.9628,0.4771,2.0583
82.9630,0.5178,2.2327
82.9632,0.4924,2.125
82.9634,0.4691,2.0237
82.9636,0.4683,2.0172
82.9638,0.5063,2.185
82.9640,0.4025,1.7382
82.9642,0.3967,1.7136
82.9644,0.3982,1.7195
82.9646,0.437,1.8842
82.9648,0.4858,2.0927
82.9650,0.6172,2.6539
82.9652,0.6463,2.7805
82.9654,0.6082,2.6177
82.9656,0.6333,2.723
82.9658,0.7159,3.074
82.9660,0.7379,3.1746
82.9662,0.6659,2.8646
82.9664,0.6858,2.9488
82.9666,0.7346,3.1543
82.9668,0.7282,3.1299
82.9670,0.7241,3.1109
82.9672,0.8144,3.4956
82.9674,0.86,3.686
82.9676,0.9098,3.8993
82.9678,0.9068,3.8901
82.9680,0.9463,4.0541
82.9682,0.9475,4.0574
82.9684,0.9221,3.9541
82.9686,0.899,3.8566
82.9688,0.8908,3.8181
82.9690,0.9383,4.0216
82.9692,0.957,4.1018
82.9694,0.9291,3.9839
82.9696,0.9266,3.9749
82.9698,0.9149,3.9232
82.9700,0.849,3.6438
82.9702,0.7956,3.4195
82.9704,0.8232,3.5315
82.9706,0.8592,3.6893
82.9708,0.8268,3.5502
82.9710,0.8686,3.7299
82.9712,0.8572,3.6725
82.9714,0.937,4.0234
82.9716,0.8113,3.4854
82.9718,0.8522,3.6526
82.9720,0.9517,4.0906
82.9722,0.8442,3.6283
82.9724,0.7932,3.4061
82.9726,0.8394,3.6043
82.9728,0.867,3.7193
82.9730,0.8903,3.8231
82.9732,0.8456,3.6311
82.9734,0.8679,3.7269
82.9736,0.8913,3.8237
82.9738,0.9365,4.0214
82.9740,0.8508,3.6515
82.9742,0.9439,4.0457
82.9744,0.976,4.181
82.9746,0.9417,4.0379
82.9748,0.9409,4.0367
82.9750,0.9463,4.0636
82.9752,0.9559,4.1029
82.9754,0.9079,3.9001
82.9756,0.8433,3.6213
82.9758,0.8397,3.6075
82.9760,0.8331,3.5792
82.9762,0.7971,3.4273
82.9764,0.7707,3.3124
82.9766,0.7795,3.3489
82.9768,0.8858,3.8
82.9770,0.9505,4.0835
82.9772,0.8749,3.762
82.9774,0.8267,3.5481
82.9776,0.875,3.7537
82.9778,0.9041,3.8787
82.9780,0.9082,3.9126
82.9782,0.6913,2.9795
82.9784,0.6938,2.9834
82.9786,0.7367,3.1739
82.9788,0.689,2.9683
82.9790,0.6687,2.8796
82.9792,0.7262,3.1241
82.9794,0.6908,2.9719
82.9796,0.6875,2.9602
82.9798,0.6951,2.9932
82.9800,0.7202,3.0983
82.9802,0.749,3.2266
82.9804,0.6257,2.6968
82.9806,0.6045,2.6077
82.9808,0.6126,2.6368
82.9810,0.7026,3.0295
82.9812,0.584,2.5192
82.9814,0.5307,2.2906
82.9816,0.5325,2.2995
82.9818,0.5324,2.2968
82.9820,0.5352,2.3076
82.9822,0.5311,2.2901
82.9824,0.5734,2.4703
82.9826,0.624,2.6908
82.9828,0.5659,2.4434
82.9830,0.5484,2.3667
82.9832,0.5287,2.2808
82.9834,0.5261,2.2715
82.9836,0.5294,2.2849
82.9838,0.5308,2.2901
82.9840,0.5282,2.2787
82.9842,0.5243,2.2616
82.9844,0.5275,2.2745
82.9846,0.529,2.2823
82.9848,0.5684,2.452
82.9850,0.5515,2.378
82.9852,0.5635,2.4297
82.9854,0.5347,2.3034
82.9856,0.6021,2.5901
82.9858,0.6596,2.843
82.9860,0.608,2.6215
82.9862,0.5468,2.3567
82.9864,0.5226,2.2554
82.9866,0.5255,2.2689
82.9868,0.5286,2.2824
82.9870,0.5571,2.4023
82.9872,0.5413,2.334
82.9874,0.5445,2.348
82.9876,0.5294,2.2807
82.9878,0.5317,2.2926
82.9880,0.5484,2.3678
82.9882,0.5305,2.2885
82.9884,0.5244,2.2621
82.9886,0.5198,2.2415
82.9888,0.5227,2.2549
82.9890,0.5177,2.2301
82.9892,0.5968,2.5674
82.9894,0.6836,2.9409
82.9896,0.6835,2.9418
82.9898,0.6685,2.8799
82.9900,0.6461,2.7807
82.9902,0.6406,2.7621
82.9904,0.5422,2.3371
82.9906,0.562,2.4201
82.9908,0.6425,2.7665
82.9910,0.6426,2.7645
82.9912,0.663,2.8522
82.9914,0.7006,3.017
82.9916,0.6746,2.9063
82.9918,0.6785,2.9215
82.9920,0.6658,2.8654
82.9922,0.6752,2.9075
82.9924,0.672,2.8922
82.9926,0.6355,2.7341
82.9928,0.6728,2.8958
82.9930,0.6716,2.888
82.9932,0.7806,3.3536
82.9934,0.7622,3.2773
82.9936,0.7156,3.0801
82.9938,0.6966,2.9952
82.9940,0.7176,3.0855
82.9942,0.7331,3.1525
82.9944,0.7532,3.2356
82.9946,0.771,3.3124
82.9948,0.7335,3.157
82.9950,0.6738,2.8986
82.9952,0.7255,3.1224
82.9954,0.6653,2.8593
82.9956,0.7279,3.1313
82.9958,0.7247,3.1193
82.9960,0.6325,2.7237
82.9962,0.6339,2.7319
82.9964,0.6131,2.6437
82.9966,0.5498,2.3674
82.9968,0.604,2.602
82.9970,0.6195,2.6711
82.9972,0.5516,2.3796
82.9974,0.4373,1.8883
82.9976,0.415,1.792
82.9978,0.4606,1.9869
82.9980,0.4847,2.09
82.9982,0.5356,2.3108
82.9984,0.5042,2.1752
82.9986,0.5023,2.166
82.9988,0.5949,2.5592
82.9990,0.6697,2.8784
82.9992,0.7659,3.2902
82.9994,0.7834,3.367
82.9996,0.7535,3.2356
82.9998,0.7833,3.3649
83.0000,0.8399,3.6131
83.0002,0.7891,3.3886
83.0004,0.8255,3.538
83.0006,0.9028,3.8695
83.0008,0.9079,3.8911
83.0010,0.9008,3.8643
83.0012,0.9599,4.1179
83.0014,0.9652,4.1367
83.0016,0.9492,4.0703
83.0018,0.9431,4.044
83.0020,0.9445,4.0502
83.0022,0.9768,4.1846
83.0024,0.9938,4.2556
83.0026,0.9977,4.274
83.0028,1.0008,4.2954
83.0030,0.9703,4.1646
83.0032,0.9401,4.0349
83.0034,0.8848,3.7959
83.0036,0.9284,3.9734
83.0038,1.0598,4.5337
83.0040,1.0983,4.7006
83.0042,1.0703,4.5939
83.0044,0.8685,3.7364
83.0046,0.7871,3.3814
83.0048,0.8282,3.563
83.0050,0.7617,3.2706
83.0052,0.8377,3.6021
83.0054,0.7807,3.3588
83.0056,0.7441,3.1994
83.0058,0.7631,3.286
83.0060,0.7214,3.1063
83.0062,0.722,3.106
83.0064,0.716,3.0831
83.0066,0.7287,3.1363
83.0068,0.7277,3.1293
83.0070,0.7815,3.3666
83.0072,0.6451,2.7805
83.0074,0.6533,2.8117
83.0076,0.6884,2.9643
83.0078,0.6957,2.9958
83.0080,0.7268,3.1281
83.0082,0.6901,2.9743
83.0084,0.6071,2.6154
83.0086,0.6036,2.598
83.0088,0.7044,3.0288
83.0090,0.775,3.3387
83.0092,0.6864,2.9555
83.0094,0.6701,2.8853
83.0096,0.6885,2.9607
83.0098,0.6905,2.9717
83.0100,0.6775,2.92
83.0102,0.6357,2.7384
83.0104,0.6298,2.7131
83.0106,0.6319,2.7236
83.0108,0.6135,2.6453
83.0110,0.6449,2.7756
83.0112,0.712,3.0689
83.0114,0.6304,2.7169
83.0116,0.6099,2.6285
83.0118,0.5968,2.5722
83.0120,0.5831,2.5145
83.0122,0.6255,2.692
83.0124,0.7168,3.0852
83.0126,0.796,3.4163
83.0128,0.8078,3.477
83.0130,0.708,3.0485
83.0132,0.7122,3.0651
83.0134,0.6503,2.8014
83.0136,0.6502,2.7996
83.0138,0.7149,3.0798
83.0140,0.672,2.8936
83.0142,0.6343,2.7289
83.0144,0.6866,2.9566
83.0146,0.6693,2.8876
83.0148,0.5661,2.4399
83.0150,0.5763,2.4827
83.0152,0.601,2.5891
83.0154,0.587,2.5287
83.0156,0.6522,2.8123
83.0158,0.6222,2.678
83.0160,0.6968,3.0018
83.0162,0.6267,2.7059
83.0164,0.4932,2.1286
83.0166,0.4769,2.0573
83.0168,0.4705,2.0327
83.0170,0.4853,2.0916
83.0172,0.5934,2.5601
83.0174,0.4979,2.1518
83.0176,0.4623,1.996
83.0178,0.4792,2.0671
83.0180,0.5211,2.2482
83.0182,0.5288,2.2823
83.0184,0.457,1.9733
83.0186,0.4328,1.8695
83.0188,0.4305,1.8605
83.0190,0.4288,1.8524
83.0192,0.4302,1.8586
83.0194,0.43,1.8593
83.0196,0.437,1.8868
83.0198,0.4449,1.9201
83.0200,0.4418,1.9075
83.0202,0.4386,1.894
83.0204,0.439,1.8947
83.0206,0.444,1.9164
83.0208,0.4418,1.9075
83.0210,0.439,1.8956
83.0212,0.4408,1.9025
83.0214,0.4348,1.8766
83.0216,0.4281,1.8485
83.0218,0.4254,1.8371
83.0220,0.4247,1.8323
83.0222,0.4294,1.8542
83.0224,0.4621,1.9927
83.0226,0.5233,2.2554
83.0228,0.5546,2.3903
83.0230,0.56,2.4135
83.0232,0.5696,2.4526
83.0234,0.5721,2.4635
83.0236,0.5655,2.4373
83.0238,0.5848,2.5217
83.0240,0.5482,2.3596
83.0242,0.5714,2.4615
83.0244,0.5442,2.3475
83.0246,0.5427,2.3359
83.0248,0.6148,2.6448
83.0250,0.5982,2.576
83.0252,0.5921,2.5509
83.0254,0.5938,2.5557
83.0256,0.6111,2.6276
83.0258,0.6673,2.8694
83.0260,0.7119,3.0627
83.0262,0.7099,3.0511
83.0264,0.7743,3.3309
83.0266,0.6461,2.7807
83.0268,0.5916,2.5476
83.0270,0.6214,2.6719
83.0272,0.6517,2.8037
83.0274,0.6497,2.7962
83.0276,0.5958,2.5657
83.0278,0.5735,2.4708
83.0280,0.5861,2.5286
83.0282,0.4914,2.1199
83.0284,0.4719,2.0337
83.0286,0.5009,2.1578
83.0288,0.5626,2.4238
83.0290,0.5346,2.3061
83.0292,0.4626,1.9967
83.0294,0.4245,1.8329
83.0296,0.4367,1.8849
83.0298,0.4738,2.041
83.0300,0.5178,2.2327
83.0302,0.4615,1.9929
83.0304,0.4064,1.7523
83.0306,0.3924,1.6926
83.0308,0.3976,1.7138
83.0310,0.4548,1.9594
83.0312,0.5636,2.4268
83.0314,0.599,2.5779
83.0316,0.5695,2.4498
83.0318,0.6323,2.7214
83.0320,0.6131,2.6376
83.0322,0.6319,2.7161
83.0324,0.7004,3.0075
83.0326,0.7318,3.1424
83.0328,0.7565,3.25
83.0330,0.8069,3.4632
83.0332,0.8553,3.6642
83.0334,0.9203,3.9408
83.0336,0.9302,3.9866
83.0338,0.9264,3.9689
83.0340,0.9218,3.9488
83.0342,0.9061,3.8815
83.0344,0.9679,4.1505
83.0346,0.9106,3.9083
83.0348,0.8366,3.5841
83.0350,0.9079,3.8929
83.0352,0.886,3.7957
83.0354,0.913,3.9132
83.0356,0.9463,4.0541
83.0358,0.9525,4.086
83.0360,0.9896,4.2297
83.0362,1.1417,4.8841
83.0364,1.1059,4.7268
83.0366,1.0875,4.6522
83.0368,1.0655,4.5669
83.0370,0.9497,4.0704
83.0372,0.9818,4.2023
83.0374,1.0461,4.4774
83.0376,1.0017,4.3015
83.0378,0.8963,3.8453
83.0380,0.9106,3.9047
83.0382,0.9207,3.9497
83.0384,0.9431,4.0478
83.0386,0.9738,4.1659
83.0388,1.0625,4.5604
83.0390,0.9509,4.0813
83.0392,0.9348,4.0123
83.0394,0.8731,3.7542
83.0396,0.7872,3.3851
83.0398,0.7853,3.3768
83.0400,0.763,3.2809
83.0402,0.7601,3.264
83.0404,0.8343,3.5844
83.0406,0.7914,3.4031
83.0408,0.812,3.4869
83.0410,0.8309,3.5694
83.0412,0.8102,3.4792
83.0414,0.8297,3.5659
83.0416,0.7943,3.4155
83.0418,0.694,2.9872
83.0420,0.7799,3.3505
83.0422,0.8028,3.4521
83.0424,0.7788,3.3458
83.0426,0.8221,3.5351
83.0428,0.7556,3.2504
83.0430,0.7498,3.2242
83.0432,0.7538,3.2382
83.0434,0.7619,3.2763
83.0436,0.7624,3.2829
83.0438,0.7057,3.0387
83.0440,0.6817,2.9327
83.0442,0.7274,3.1336
83.0444,0.6849,2.9493
83.0446,0.712,3.0632
83.0448,0.7502,3.2272
83.0450,0.7099,3.0567
83.0452,0.6928,2.9779
83.0454,0.8007,3.4444
83.0456,0.7541,3.2473
83.0458,0.704,3.0314
83.0460,0.701,3.0143
83.0462,0.7601,3.2746
83.0464,0.6377,2.7484
83.0466,0.577,2.4869
83.0468,0.5788,2.4958
83.0470,0.6163,2.6552
83.0472,0.6514,2.8061
83.0474,0.5716,2.4671
83.0476,0.5006,2.1617
83.0478,0.5096,2.1995
83.0480,0.5414,2.3345
83.0482,0.5341,2.3041
83.0484,0.5431,2.3428
83.0486,0.5821,2.5052
83.0488,0.6942,2.9905
83.0490,0.6378,2.7528
83.0492,0.5568,2.4018
83.0494,0.5271,2.273
83.0496,0.5265,2.2715
83.0498,0.5209,2.2482
83.0500,0.5288,2.2792
83.0502,0.5418,2.335
83.0504,0.5474,2.3615
83.0506,0.5444,2.3464
83.0508,0.5996,2.5841
83.0510,0.5485,2.3639
83.0512,0.5907,2.5399
83.0514,0.6595,2.8412
83.0516,0.645,2.7774
83.0518,0.5922,2.5502
83.0520,0.6781,2.9172
83.0522,0.7238,3.1195
83.0524,0.6606,2.8445
83.0526,0.6723,2.8951
83.0528,0.6352,2.7338
83.0530,0.6535,2.8141
83.0532,0.6593,2.8388
83.0534,0.6587,2.8363
83.0536,0.6845,2.9445
83.0538,0.7083,3.0458
83.0540,0.7132,3.0669
83.0542,0.7576,3.2562
83.0544,0.7396,3.1803
83.0546,0.6858,2.9543
83.0548,0.6148,2.6473
83.0550,0.616,2.6524
83.0552,0.6361,2.7354
83.0554,0.6966,2.998
83.0556,0.6932,2.9822
83.0558,0.7556,3.2474
83.0560,0.7442,3.1985
83.0562,0.7903,3.4
83.0564,0.7226,3.1144
83.0566,0.5833,2.5103
83.0568,0.6323,2.7239
83.0570,0.6521,2.8092
83.0572,0.6451,2.7766
83.0574,0.6744,2.9025
83.0576,0.6653,2.866
83.0578,0.6317,2.7213
83.0580,0.6364,2.7402
83.0582,0.6335,2.7278
83.0584,0.6428,2.7681
83.0586,0.6588,2.8368
83.0588,0.7094,3.0504
83.0590,0.7155,3.0767
83.0592,0.6853,2.9468
83.0594,0.7293,3.1389
83.0596,0.709,3.0503
83.0598,0.6457,2.7805
83.0600,0.5801,2.5004
83.0602,0.6352,2.7325
83.0604,0.6789,2.9208
83.0606,0.6564,2.8278
83.0608,0.6084,2.6211
83.0610,0.619,2.6653
83.0612,0.5862,2.5267
83.0614,0.5822,2.5092
83.0616,0.5827,2.5101
83.0618,0.5726,2.4678
83.0620,0.5548,2.3935
83.0622,0.5207,2.2482
83.0624,0.4719,2.0346
83.0626,0.4727,2.0382
83.0628,0.4681,2.0205
83.0630,0.4725,2.04
83.0632,0.4319,1.8642
83.0634,0.4657,2.0073
83.0636,0.5201,2.2466
83.0638,0.4105,1.7724
83.0640,0.3927,1.6957
83.0642,0.403,1.7386
83.0644,0.4653,2.0043
83.0646,0.5404,2.3293
83.0648,0.5076,2.1897
83.0650,0.4948,2.1334
83.0652,0.5023,2.1629
83.0654,0.6186,2.6613
83.0656,0.6464,2.7836
83.0658,0.6232,2.6809
83.0660,0.6806,2.9267
83.0662,0.7166,3.0785
83.0664,0.8124,3.482
83.0666,0.8895,3.8178
83.0668,0.852,3.6533
83.0670,0.8793,3.7775
83.0672,0.8364,3.5864
83.0674,0.8936,3.8281
83.0676,0.9658,4.1412
83.0678,0.916,3.9352
83.0680,0.8431,3.6152
83.0682,0.8987,3.852
83.0684,0.882,3.7836
83.0686,0.8984,3.854
83.0688,0.9493,4.0708
83.0690,0.9002,3.8618
83.0692,0.8766,3.7604
83.0694,0.8925,3.8306
83.0696,0.8562,3.673
83.0698,0.8966,3.8481
83.0700,0.9286,3.9855
83.0702,0.9633,4.1266
83.0704,0.9943,4.2616
83.0706,1.0021,4.301
83.0708,0.8733,3.7535
83.0710,0.748,3.209
83.0712,0.8078,3.4737
83.0714,0.7575,3.2602
83.0716,0.7315,3.1453
83.0718,0.7647,3.2881
83.0720,0.8036,3.4541
83.0722,0.7902,3.3948
83.0724,0.7671,3.3015
83.0726,0.713,3.0645
83.0728,0.7455,3.2056
83.0730,0.8002,3.4375
83.0732,0.7753,3.3356
83.0734,0.7757,3.3355
83.0736,0.7977,3.4283
83.0738,0.7805,3.3499
83.0740,0.8364,3.5914
83.0742,0.8201,3.5247
83.0744,0.8349,3.5903
83.0746,0.8072,3.4695
83.0748,0.8191,3.5189
83.0750,0.8378,3.601
83.0752,0.8474,3.6354
83.0754,0.8901,3.8186
83.0756,0.8721,3.7449
83.0758,0.8481,3.6419
83.0760,0.8836,3.7978
83.0762,0.8381,3.602
83.0764,0.8671,3.7215
83.0766,0.9179,3.9452
83.0768,0.7714,3.317
83.0770,0.751,3.2323
83.0772,0.7394,3.1852
83.0774,0.655,2.8216
83.0776,0.6335,2.7278
83.0778,0.6843,2.9495
83.0780,0.6257,2.693
83.0782,0.773,3.3268
83.0784,0.6994,3.0132
83.0786,0.6775,2.9119
83.0788,0.7975,3.4214
83.0790,0.8337,3.5884
83.0792,0.6702,2.8912
83.0794,0.6077,2.6241
83.0796,0.5202,2.2472
83.0798,0.4802,2.0747
83.0800,0.4871,2.1022
83.0802,0.4928,2.1281
83.0804,0.5073,2.1877
83.0806,0.5332,2.3015
83.0808,0.5177,2.2342
83.0810,0.4681,2.0223
83.0812,0.4113,1.776
83.0814,0.4657,2.012
83.0816,0.4572,1.9743
83.0818,0.4481,1.9358
83.0820,0.4488,1.938
83.0822,0.4505,1.9462
83.0824,0.4482,1.9355
83.0826,0.4454,1.923
83.0828,0.433,1.8706
83.0830,0.44,1.9006
83.0832,0.4484,1.9351
83.0834,0.4529,1.9566
83.0836,0.4412,1.9058
83.0838,0.437,1.8868
83.0840,0.4576,1.9731
83.0842,0.5112,2.2022
83.0844,0.5095,2.199
83.0846,0.4547,1.9643
83.0848,0.4486,1.937
83.0850,0.448,1.9344
83.0852,0.4503,1.9443
83.0854,0.45,1.9432
83.0856,0.4474,1.93
83.0858,0.4462,1.9267
83.0860,0.4462,1.9249
83.0862,0.4484,1.9342
83.0864,0.4501,1.9419
83.0866,0.5067,2.1841
83.0868,0.5673,2.4462
83.0870,0.4781,2.0625
83.0872,0.4548,1.9621
83.0874,0.4623,1.9942
83.0876,0.5011,2.1618
83.0878,0.4698,2.0249
83.0880,0.4999,2.1566
83.0882,0.4957,2.1395
83.0884,0.4555,1.9661
83.0886,0.4734,2.0413
83.0888,0.5078,2.1908
83.0890,0.5149,2.2192
83.0892,0.5585,2.404
83.0894,0.5856,2.5206
83.0896,0.5855,2.5225
83.0898,0.5735,2.4719
83.0900,0.5437,2.3422
83.0902,0.5534,2.3829
83.0904,0.6286,2.7054
83.0906,0.649,2.7892
83.0908,0.6644,2.8571
83.0910,0.6641,2.8555
83.0912,0.664,2.8563
83.0914,0.6474,2.7864
83.0916,0.658,2.8292
83.0918,0.7498,3.2152
83.0920,0.8646,3.7073
83.0922,0.8493,3.6453
83.0924,0.8814,3.7792
83.0926,0.8714,3.7383
83.0928,0.8628,3.6995
83.0930,0.8712,3.7355
83.0932,0.9114,3.9083
83.0934,0.8954,3.8466
83.0936,0.7652,3.2886
83.0938,0.7478,3.2109
83.0940,0.807,3.4588
83.0942,0.9166,3.9249
83.0944,0.9507,4.0745
83.0946,0.9136,3.9212
83.0948,0.8718,3.7416
83.0950,0.8948,3.8368
83.0952,0.9266,3.9694
83.0954,0.8721,3.7466
83.0956,0.7475,3.2144
83.0958,0.7238,3.1065
83.0960,0.7977,3.4267
83.0962,0.8263,3.5465
83.0964,0.8781,3.7654
83.0966,0.8838,3.7895
83.0968,0.9662,4.1375
83.0970,0.9762,4.1879
83.0972,0.9082,3.8944
83.0974,0.8939,3.835
83.0976,0.9005,3.8651
83.0978,0.8918,3.8258
83.0980,0.918,3.9384
83.0982,0.9378,4.027
83.0984,0.8921,3.8273
83.0986,0.9004,3.8592
83.0988,0.9419,4.037
83.0990,0.9936,4.2526
83.0992,0.9664,4.1477
83.0994,0.9126,3.9171
83.0996,0.9341,4.0055
83.0998,0.9612,4.1198
83.1000,1.0396,4.458
83.1002,0.9672,4.1474
83.1004,0.9972,4.266
83.1006,1.1486,4.9093
83.1008,1.2042,5.1466
83.1010,1.2254,5.2422
83.1012,1.1851,5.0627
83.1014,1.198,5.1252
83.1016,1.2054,5.1541
83.1018,1.1238,4.8054
83.1020,1.1398,4.8759
83.1022,1.1468,4.9085
83.1024,1.1784,5.0411
83.1026,1.1677,5.0024
83.1028,1.0836,4.6423
83.1030,1.0734,4.6008
83.1032,1.077,4.6162
83.1034,1.058,4.5324
83.1036,1.0868,4.6557
83.1038,1.1235,4.8106
83.1040,1.1744,5.0265
83.1042,1.1836,5.0637
83.1044,1.1494,4.9192
83.1046,1.1647,4.9849
83.1048,1.1501,4.9269
83.1050,1.1076,4.7451
83.1052,1.1164,4.787
83.1054,1.0737,4.6061
83.1056,1.0382,4.4518
83.1058,1.0516,4.5094
83.1060,1.0573,4.5335
83.1062,1.067,4.5752
83.1064,1.0416,4.4641
83.1066,1.0701,4.5907
83.1068,1.0817,4.6341
83.1070,1.1335,4.8628
83.1072,1.0218,4.3854
83.1074,1.0345,4.4358
83.1076,1.0274,4.4096
83.1078,1.0139,4.3515
83.1080,1.0206,4.3844
83.1082,0.9707,4.1681
83.1084,0.971,4.1677
83.1086,1.0269,4.4076
83.1088,1.043,4.4744
83.1090,1.024,4.3932
83.1092,1.0238,4.3942
83.1094,1.045,4.4874
83.1096,0.9919,4.2612
83.1098,0.971,4.1755
83.1100,0.9854,4.2295
83.1102,1.0545,4.5259
83.1104,1.0412,4.4688
83.1106,1.0143,4.3515
83.1108,1.0039,4.3067
83.1110,1.029,4.4184
83.1112,1.0208,4.3813
83.1114,1.0467,4.4925
83.1116,1.0769,4.62
83.1118,1.0352,4.4451
83.1120,1.0382,4.4539
83.1122,1.0131,4.3484
83.1124,0.9788,4.2031
83.1126,1.0091,4.3369
83.1128,0.9645,4.1433
83.1130,0.9798,4.2073
83.1132,0.9917,4.2662
83.1134,0.926,3.9816
83.1136,0.9323,4.0052
83.1138,0.9551,4.1012
83.1140,1.0057,4.3165
83.1142,0.9701,4.1694
83.1144,0.9359,4.03
83.1146,0.8333,3.5847
83.1148,0.939,4.0341
83.1150,0.9889,4.2484
83.1152,0.9791,4.21
83.1154,0.9659,4.1514
83.1156,0.9423,4.0536
83.1158,0.8682,3.7366
83.1160,0.8648,3.7204
83.1162,0.9079,3.9038
83.1164,0.9581,4.1236
83.1166,0.9171,3.9435
83.1168,0.9064,3.8921
83.1170,0.9745,4.1866
83.1172,0.9966,4.2793
83.1174,1.0163,4.3679
83.1176,0.9966,4.2853
83.1178,0.9695,4.1649
83.1180,0.9924,4.2613
83.1182,0.9533,4.1011
83.1184,0.9173,3.939
83.1186,0.9519,4.0911
83.1188,0.9852,4.2383
83.1190,0.9743,4.1914
83.1192,0.9468,4.0713
83.1194,0.895,3.8522
83.1196,0.8955,3.8507
83.1198,0.9348,4.0198
83.1200,0.9477,4.075
83.1202,0.895,3.8522
83.1204,0.923,3.9724
83.1206,0.9056,3.8976
83.1208,0.9005,3.8741
83.1210,0.9272,3.9886
83.1212,0.9598,4.1232
83.1214,0.9902,4.254
83.1216,0.9532,4.0949
83.1218,0.9052,3.8924
83.1220,0.9534,4.1035
83.1222,0.966,4.1519
83.1224,0.9547,4.1092
83.1226,0.9321,4.0042
83.1228,0.9865,4.24
83.1230,0.9407,4.0469
83.1232,0.9019,3.8834
83.1234,0.8895,3.8284
83.1236,0.8954,3.8555
83.1238,0.9019,3.878
83.1240,0.9111,3.925
83.1242,0.8357,3.6034
83.1244,0.7774,3.3505
83.1246,0.7819,3.3624
83.1248,0.8893,3.8238
83.1250,0.9226,3.969
83.1252,0.9634,4.1386
83.1254,1.0246,4.3978
83.1256,1.0424,4.476
83.1258,1.0181,4.3817
83.1260,0.9336,4.0165
83.1262,0.8749,3.7655
83.1264,0.8921,3.8398
83.1266,1.0068,4.3191
83.1268,1.1251,4.8223
83.1270,1.151,4.9379
83.1272,1.131,4.8588
83.1274,1.0422,4.475
83.1276,1.0324,4.4333
83.1278,0.9892,4.2514
83.1280,0.9902,4.2639
83.1282,0.8945,3.8537
83.1284,0.893,3.8434
83.1286,0.9922,4.2583
83.1288,1.0652,4.5781
83.1290,0.9682,4.1728
83.1292,0.7956,3.4275
83.1294,0.7698,3.3195
83.1296,0.7287,3.1465
83.1298,0.7152,3.0837
83.1300,0.7762,3.3469
83.1302,0.7174,3.0993
83.1304,0.6779,2.9256
83.1306,0.6782,2.9272
83.1308,0.6668,2.8794
83.1310,0.7147,3.0817
83.1312,0.7707,3.3247
83.1314,0.7269,3.1315
83.1316,0.8168,3.5189
83.1318,0.8237,3.5434
83.1320,0.9366,4.0219
83.1322,1.0274,4.4055
83.1324,1.1453,4.9109
83.1326,1.1715,5.0236
83.1328,1.1989,5.1312
83.1330,1.2498,5.3543
83.1332,1.2621,5.4118
83.1334,1.2021,5.1499
83.1336,1.1922,5.0953
83.1338,1.3612,5.8098
83.1340,1.4545,6.2138
83.1342,1.4611,6.2419
83.1344,1.4887,6.3538
83.1346,1.4875,6.3576
83.1348,1.4184,6.0737
83.1350,1.2978,5.5676
83.1352,1.2243,5.2327
83.1354,1.3947,5.9637
83.1356,1.3319,5.7084
83.1358,1.297,5.5536
83.1360,1.3677,5.8483
83.1362,1.3859,5.9263
83.1364,1.3977,5.9793
83.1366,1.3492,5.7802
83.1368,1.3197,5.6538
83.1370,1.3109,5.6184
83.1372,1.3013,5.5799
83.1374,1.3218,5.6625
83.1376,1.3457,5.7594
83.1378,1.3323,5.7051
83.1380,1.2917,5.5413
83.1382,1.2021,5.1451
83.1384,1.3117,5.6194
83.1386,1.3458,5.768
83.1388,1.307,5.5994
83.1390,1.3056,5.5932
83.1392,1.3221,5.6641
83.1394,1.2995,5.5748
83.1396,1.2137,5.207
83.1398,1.1992,5.1519
83.1400,1.1407,4.9028
83.1402,1.1294,4.8499
83.1404,1.1393,4.8875
83.1406,1.1524,4.9528
83.1408,1.104,4.7429
83.1410,1.0568,4.5442
83.1412,1.049,4.5106
83.1414,1.0658,4.585
83.1416,1.0702,4.6019
83.1418,1.1032,4.7437
83.1420,1.1555,4.957
83.1422,1.169,5.0268
83.1424,1.0474,4.5018
83.1426,1.0767,4.6319
83.1428,1.0748,4.6237
83.1430,1.07,4.5987
83.1432,1.0597,4.5693
83.1434,0.8864,3.8221
83.1436,0.8462,3.6472
83.1438,0.8936,3.8496
83.1440,0.9423,4.0555
83.1442,0.969,4.1725
83.1444,0.8986,3.8802
83.1446,0.8304,3.584
83.1448,0.8459,3.649
83.1450,0.8393,3.6189
83.1452,0.8986,3.8659
83.1454,1.0624,4.562
83.1456,1.0454,4.5035
83.1458,0.89,3.8501
83.1460,0.701,3.0269
83.1462,0.7803,3.3707
83.1464,0.722,3.1175
83.1466,0.746,3.2226
83.1468,0.7377,3.1898
83.1470,0.6539,2.8261
83.1472,0.6792,2.9313
83.1474,0.7642,3.3029
83.1476,0.6787,2.9347
83.1478,0.6599,2.8507
83.1480,0.7354,3.1785
83.1482,0.7081,3.0589
83.1484,0.6788,2.9311
83.1486,0.7454,3.2111
83.1488,0.9246,3.9815
83.1490,0.8357,3.6084
83.1492,0.7635,3.2967
83.1494,0.7656,3.306
83.1496,0.7315,3.1614
83.1498,0.6955,3.0003
83.1500,0.7702,3.3257
83.1502,0.7325,3.1631
83.1504,0.7096,3.0642
83.1506,0.6811,2.9423
83.1508,0.6502,2.8087
83.1510,0.7164,3.0946
83.1512,0.6948,3
83.1514,0.6509,2.8144
83.1516,0.6282,2.7152
83.1518,0.652,2.8152
83.1520,0.6888,2.9686
83.1522,0.8263,3.5548
83.1524,0.9784,4.2187
83.1526,0.8556,3.6841
83.1528,0.9014,3.8795
83.1530,0.9117,3.9257
83.1532,0.8786,3.7815
83.1534,0.8908,3.8341
83.1536,0.8962,3.8573
83.1538,0.9372,4.0338
83.1540,0.93,4.001
83.1542,0.957,4.1209
83.1544,0.9815,4.2204
83.1546,0.968,4.1624
83.1548,0.9716,4.1799
83.1550,0.9636,4.1376
83.1552,1.0292,4.4254
83.1554,0.948,4.0782
83.1556,0.9789,4.2015
83.1558,1.1269,4.8411
83.1560,1.0974,4.721
83.1562,0.8944,3.8477
83.1564,0.8286,3.5727
83.1566,0.7792,3.3597
83.1568,0.8209,3.5364
83.1570,0.8745,3.7673
83.1572,0.9015,3.8817
83.1574,0.8632,3.717
83.1576,0.8132,3.5017
83.1578,0.8401,3.6173
83.1580,0.9015,3.8781
83.1582,1.0053,4.3228
83.1584,1.04,4.476
83.1586,1.001,4.3062
83.1588,1.0101,4.3495
83.1590,0.9096,3.9204
83.1592,0.8751,3.7699
83.1594,0.9347,4.0228
83.1596,0.8886,3.8229
83.1598,0.9282,3.9968
83.1600,0.9118,3.9261
83.1602,0.8684,3.7444
83.1604,0.8747,3.7701
83.1606,0.7907,3.4094
83.1608,0.7336,3.1662
83.1610,0.7324,3.1595
83.1612,0.7293,3.149
83.1614,0.7312,3.1558
83.1616,0.7375,3.1774
83.1618,0.8643,3.7268
83.1620,0.86,3.7082
83.1622,0.7549,3.2613
83.1624,0.6385,2.7609
83.1626,0.6144,2.653
83.1628,0.6128,2.6475
83.1630,0.6506,2.8133
83.1632,0.6564,2.8342
83.1634,0.7022,3.0334
83.1636,0.6168,2.6646
83.1638,0.6011,2.5991
83.1640,0.6068,2.6216
83.1642,0.6438,2.776
83.1644,0.7047,3.0401
83.1646,0.7473,3.2222
83.1648,0.7316,3.1574
83.1650,0.7758,3.339
83.1652,0.9299,3.9985
83.1654,0.942,4.0468
83.1656,1.0058,4.3229
83.1658,1.0088,4.3297
83.1660,1.0125,4.3456
83.1662,1.1384,4.886
83.1664,1.1302,4.851
83.1666,1.1585,4.9632
83.1668,1.24,5.3095
83.1670,1.3153,5.6214
83.1672,1.4252,6.0857
83.1674,1.4528,6.2063
83.1676,1.4258,6.0939
83.1678,1.4039,5.9945
83.1680,1.4845,6.3475
83.1682,1.4368,6.1411
83.1684,1.4009,5.9873
83.1686,1.3938,5.9683
83.1688,1.2368,5.3061
83.1690,1.162,4.9851
83.1692,1.1506,4.9431
83.1694,1.1077,4.7476
83.1696,1.234,5.2888
83.1698,1.2372,5.3101
83.1700,1.2181,5.2234
83.1702,1.2005,5.143
83.1704,1.2126,5.1997
83.1706,1.1874,5.0989
83.1708,1.1587,4.9799
83.1710,1.1371,4.8667
83.1712,1.2921,5.5329
83.1714,1.2866,5.5195
83.1716,1.2258,5.2489
83.1718,1.2957,5.5509
83.1720,1.237,5.3016
83.1722,1.244,5.3394
83.1724,1.2139,5.2005
83.1726,1.2799,5.4779
83.1728,1.3432,5.7462
83.1730,1.3704,5.8791
83.1732,1.2036,5.166
83.1734,1.1889,5.0979
83.1736,1.2081,5.1874
83.1738,1.1896,5.1105
83.1740,1.1705,5.031
83.1742,1.1009,4.7315
83.1744,1.1211,4.8164
83.1746,1.1717,5.0361
83.1748,1.1825,5.0801
83.1750,1.1611,4.9856
83.1752,1.1737,5.0397
83.1754,1.0856,4.6726
83.1756,0.9989,4.3035
83.1758,0.9636,4.1472
83.1760,0.9753,4.1939
83.1762,1.0095,4.3469
83.1764,0.9964,4.2946
83.1766,0.9161,3.9465
83.1768,0.9071,3.9041
83.1770,0.9711,4.1778
83.1772,0.9837,4.2359
83.1774,0.9756,4.2027
83.1776,0.978,4.2092
83.1778,0.9446,4.0714
83.1780,0.8842,3.8109
83.1782,0.9416,4.0565
83.1784,0.9876,4.2504
83.1786,1.0045,4.3272
83.1788,0.9166,3.9504
83.1790,0.8724,3.7655
83.1792,0.7862,3.3965
83.1794,0.7407,3.1997
83.1796,0.7402,3.1961
83.1798,0.7465,3.2221
83.1800,0.7742,3.3385
83.1802,0.7658,3.3115
83.1804,0.6711,2.9019
83.1806,0.6522,2.82
83.1808,0.651,2.8122
83.1810,0.6999,3.0236
83.1812,0.711,3.0746
83.1814,0.7119,3.0739
83.1816,0.7157,3.0919
83.1818,0.7061,3.0477
83.1820,0.7286,3.1459
83.1822,0.7246,3.1274
83.1824,0.7174,3.0978
83.1826,0.7173,3.1001
83.1828,0.719,3.1074
83.1830,0.7191,3.105
83.1832,0.735,3.1695
83.1834,0.7525,3.2464
83.1836,0.7194,3.1037
83.1838,0.7087,3.06
83.1840,0.7493,3.2325
83.1842,0.7944,3.4317
83.1844,0.7217,3.1164
83.1846,0.7078,3.0563
83.1848,0.7179,3.0998
83.1850,0.7091,3.062
83.1852,0.7018,3.029
83.1854,0.6923,2.9882
83.1856,0.6986,3.0165
83.1858,0.7134,3.0807
83.1860,0.713,3.08
83.1862,0.7054,3.0432
83.1864,0.739,3.1895
83.1866,0.7065,3.0492
83.1868,0.7244,3.1249
83.1870,0.7705,3.3225
83.1872,0.7392,3.1905
83.1874,0.7458,3.213
83.1876,0.8084,3.4859
83.1878,0.8124,3.5078
83.1880,0.722,3.1131
83.1882,0.804,3.4619
83.1884,0.8046,3.4677
83.1886,0.7787,3.3514
83.1888,0.8811,3.7922
83.1890,0.9365,4.0268
83.1892,0.9776,4.2056
83.1894,0.9617,4.137
83.1896,0.9257,3.9841
83.1898,0.9126,3.9242
83.1900,0.9457,4.0684
83.1902,0.8926,3.8381
83.1904,0.8949,3.8533
83.1906,0.8902,3.8296
83.1908,0.912,3.9235
83.1910,0.9636,4.1434
83.1912,1.0162,4.3575
83.1914,1.1331,4.8543
83.1916,1.1687,5.0186
83.1918,0.9986,4.2899
83.1920,1.024,4.3991
83.1922,1.0334,4.4352
83.1924,1.0434,4.4888
83.1926,1.0063,4.3289
83.1928,0.9507,4.0901
83.1930,0.9334,4.0116
83.1932,1.0155,4.3626
83.1934,1.1938,5.0999
83.1936,1.4788,6.3145
83.1938,1.5333,6.5685
83.1940,1.2642,5.4183
83.1942,1.225,5.2282
83.1944,1.343,5.7559
83.1946,1.2318,5.2894
83.1948,1.1269,4.8456
83.1950,1.0244,4.4068
83.1952,1.0195,4.3816
83.1954,1.0951,4.7024
83.1956,1.1125,4.7837
83.1958,0.9804,4.2175
83.1960,0.9196,3.9615
83.1962,0.8334,3.5918
83.1964,0.8034,3.4674
83.1966,0.7644,3.3068
83.1968,0.6431,2.7806
83.1970,0.6415,2.7713
83.1972,0.6275,2.7107
83.1974,0.6655,2.8709
83.1976,0.7459,3.2165
83.1978,0.8151,3.5181
83.1980,0.7619,3.2807
83.1982,0.9084,3.9062
83.1984,0.9937,4.2787
83.1986,0.9337,4.015
83.1988,0.9643,4.1349
83.1990,1.2227,5.2209
83.1992,1.401,6.0187
83.1994,1.0919,4.6929
83.1996,1.081,4.6417
83.1998,1.1832,5.0643
83.2000,1.2913,5.5293
83.2002,1.2848,5.5015
83.2004,1.3344,5.7141
83.2006,1.3078,5.6027
83.2008,1.2818,5.499
83.2010,1.1503,4.9485
83.2012,1.0245,4.4053
83.2014,1.0901,4.6764
83.2016,1.1756,5.0455
83.2018,1.2178,5.217
83.2020,1.3005,5.5714
83.2022,1.2186,5.2327
83.2024,1.184,5.0768
83.2026,1.2433,5.3289
83.2028,1.2572,5.391
83.2030,1.2034,5.1674
83.2032,1.1843,5.0855
83.2034,1.1769,5.0512
83.2036,1.1892,5.1042
83.2038,1.1981,5.1447
83.2040,1.1388,4.8989
83.2042,1.0936,4.6979
83.2044,1.1631,4.9944
83.2046,1.1654,5.0041
83.2048,1.1185,4.8073
83.2050,1.0975,4.7083
83.2052,1.1503,4.9324
83.2054,1.1632,5.0042
83.2056,1.0912,4.6963
83.2058,1.0557,4.533
83.2060,1.1126,4.7865
83.2062,1.0699,4.6093
83.2064,0.9373,4.0323
83.2066,1.01,4.3429
83.2068,0.9958,4.288
83.2070,0.942,4.06
83.2072,0.9111,3.9248
83.2074,0.932,4.0096
83.2076,1.0475,4.5043
83.2078,1.0347,4.4512
83.2080,0.9747,4.1913
83.2082,1.0422,4.4837
83.2084,0.9788,4.2186
83.2086,0.9384,4.0464
83.2088,0.868,3.7446
83.2090,0.8308,3.5842
83.2092,0.8452,3.6429
83.2094,0.8985,3.8742
83.2096,0.8597,3.7003
83.2098,0.9335,4.014
83.2100,0.9991,4.306
83.2102,0.9766,4.1996
83.2104,1.0124,4.3573
83.2106,0.9687,4.1694
83.2108,0.9723,4.1752
83.2110,1.0663,4.5916
83.2112,0.9467,4.0801
83.2114,0.9131,3.9318
83.2116,0.9527,4.1079
83.2118,0.886,3.8204
83.2120,0.8379,3.6147
83.2122,0.8648,3.7237
83.2124,0.9992,4.2965
83.2126,1.0624,4.5619
83.2128,1.0416,4.4894
83.2130,0.8873,3.8279
83.2132,0.8886,3.8282
83.2134,0.8932,3.8496
83.2136,0.894,3.8533
83.2138,0.9191,3.9594
83.2140,0.9205,3.962
83.2142,0.9242,3.978
83.2144,0.9203,3.9628
83.2146,0.8817,3.8036
83.2148,0.8643,3.7234
83.2150,0.9699,4.1726
83.2152,0.9409,4.0591
83.2154,0.8361,3.607
83.2156,0.8184,3.5272
83.2158,0.8344,3.5931
83.2160,0.8782,3.785
83.2162,0.8178,3.536
83.2164,0.7251,3.1323
83.2166,0.7072,3.0537
83.2168,0.7061,3.0491
83.2170,0.7254,3.1339
83.2172,0.712,3.073
83.2174,0.7,3.0227
83.2176,0.7084,3.0589
83.2178,0.76,3.28
83.2180,0.9391,4.025
83.2182,1.3229,5.6648
83.2184,1.252,5.3934
83.2186,0.8726,3.7712
83.2188,0.6911,2.9844
83.2190,0.6885,2.9688
83.2192,0.7911,3.4178
83.2194,0.7043,3.0399
83.2196,0.7632,3.291
83.2198,0.7645,3.3012
83.2200,0.6884,2.9738
83.2202,0.6762,2.9224
83.2204,0.6758,2.9194
83.2206,0.6778,2.9242
83.2208,0.7343,3.1722
83.2210,0.6899,2.9819
83.2212,0.6754,2.9179
83.2214,0.6726,2.9041
83.2216,0.6742,2.9141
83.2218,0.6765,2.9225
83.2220,0.7096,3.0584
83.2222,0.7878,3.3906
83.2224,0.8915,3.8353
83.2226,0.9254,3.9831
83.2228,0.9367,4.0335
83.2230,0.8994,3.8765
83.2232,0.8287,3.5699
83.2234,0.9218,3.951
83.2236,1.2159,5.2258
83.2238,0.9867,4.2429
83.2240,0.9524,4.0992
83.2242,0.9552,4.1111
83.2244,0.9805,4.2043
83.2246,1.1075,4.7599
83.2248,1.0415,4.4764
83.2250,1.0109,4.347
83.2252,0.9102,3.9212
83.2254,0.8752,3.7704
83.2256,0.8741,3.7657
83.2258,0.8589,3.7036
83.2260,0.8661,3.7259
83.2262,0.938,4.0335
83.2264,0.9668,4.1573
83.2266,0.9516,4.0918
83.2268,0.9913,4.2605
83.2270,0.99,4.2548
83.2272,0.9637,4.1439
83.2274,0.9765,4.203
83.2276,0.9836,4.2334
83.2278,0.8738,3.7607
83.2280,0.8522,3.6712
83.2282,0.829,3.5732
83.2284,0.8017,3.4633
83.2286,0.7126,3.0813
83.2288,0.6161,2.6639
83.2290,0.5774,2.4976
83.2292,0.5748,2.4879
83.2294,0.5801,2.5072
83.2296,0.5904,2.5518
83.2298,0.5786,2.5005
83.2300,0.5739,2.4803
83.2302,0.5849,2.5291
83.2304,0.5998,2.5922
83.2306,0.6483,2.7969
83.2308,0.6875,2.9661
83.2310,0.7404,3.1942
83.2312,0.7595,3.2719
83.2314,0.871,3.7453
83.2316,0.9546,4.0952
83.2318,1.0109,4.347
83.2320,0.9832,4.224
83.2322,1.0584,4.547
83.2324,1.1181,4.7946
83.2326,1.1569,4.9606
83.2328,1.2101,5.1768
83.2330,1.3022,5.5708
83.2332,1.3291,5.6883
83.2334,1.3269,5.6844
83.2336,1.2555,5.3838
83.2338,1.2151,5.2105
83.2340,1.2223,5.2414
83.2342,1.1915,5.1092
83.2344,1.1877,5.088
83.2346,1.2558,5.3798
83.2348,1.2737,5.4614
83.2350,1.2491,5.3485
83.2352,1.2726,5.4543
83.2354,1.2705,5.4481
83.2356,1.2243,5.2349
83.2358,1.4352,6.1196
83.2360,1.5653,6.6774
83.2362,1.5337,6.5736
83.2364,1.2514,5.3733
83.2366,1.1093,4.7676
83.2368,1.0635,4.5707
83.2370,1.0973,4.7161
83.2372,1.0247,4.4043
83.2374,1.0282,4.4213
83.2376,1.0768,4.6279
83.2378,1.0944,4.6971
83.2380,1.1344,4.8713
83.2382,1.1666,5.0093
83.2384,1.166,4.9997
83.2386,1.2095,5.1864
83.2388,1.1589,4.9763
83.2390,1.1076,4.756
83.2392,1.1286,4.8438
83.2394,1.182,5.0828
83.2396,1.0377,4.4641
83.2398,1.0299,4.4306
83.2400,1.0073,4.3356
83.2402,0.9786,4.2098
83.2404,0.977,4.1992
83.2406,1.0338,4.4434
83.2408,1.0397,4.4708
83.2410,1.0697,4.5997
83.2412,1.0783,4.6346
83.2414,1.0805,4.6482
83.2416,0.9624,4.144
83.2418,0.9922,4.2686
83.2420,0.9971,4.2897
83.2422,1.0029,4.3145
83.2424,1.0011,4.3027
83.2426,1.0096,4.3414
83.2428,1.0083,4.3397
83.2430,0.9753,4.1978
83.2432,0.937,4.0308
83.2434,0.9431,4.0646
83.2436,0.9177,3.9514
83.2438,0.921,3.9695
83.2440,0.8879,3.8251
83.2442,0.9228,3.9718
83.2444,0.9894,4.2522
83.2446,1.0651,4.5758
83.2448,1.0227,4.4119
83.2450,0.8206,3.5485
83.2452,0.692,2.988
83.2454,0.6845,2.9586
83.2456,0.6985,3.0173
83.2458,0.7332,3.1646
83.2460,0.727,3.1392
83.2462,0.7268,3.1396
83.2464,0.7458,3.2175
83.2466,0.7884,3.4011
83.2468,0.7873,3.4012
83.2470,0.737,3.1822
83.2472,0.734,3.1692
83.2474,0.7325,3.163
83.2476,0.7413,3.1978
83.2478,0.8158,3.5147
83.2480,0.9009,3.8809
83.2482,0.9193,3.9623
83.2484,0.8364,3.608
83.2486,0.8314,3.5852
83.2488,0.8001,3.455
83.2490,0.7431,3.2056
83.2492,0.7537,3.2516
83.2494,0.7859,3.3887
83.2496,0.7907,3.4109
83.2498,0.7336,3.1662
83.2500,0.7319,3.1604
83.2502,0.78,3.3665
83.2504,0.7723,3.3318
83.2506,0.7606,3.2796
83.2508,0.7879,3.399
83.2510,0.8614,3.7024
83.2512,0.9812,4.2231
83.2514,0.8679,3.7423
83.2516,0.7752,3.3442
83.2518,0.8123,3.5008
83.2520,0.8506,3.6611
83.2522,0.8938,3.8469
83.2524,0.9669,4.1655
83.2526,0.9112,3.9217
83.2528,0.9216,3.9629
83.2530,0.9529,4.1051
83.2532,0.9308,4.0063
83.2534,0.9067,3.9026
83.2536,0.8973,3.8618
83.2538,0.9064,3.9011
83.2540,0.9155,3.9366
83.2542,0.926,3.9894
83.2544,0.9204,3.9633
83.2546,0.9283,3.9936
83.2548,0.9331,4.0143
83.2550,0.9212,3.9669
83.2552,0.931,4.0031
83.2554,0.945,4.071
83.2556,0.9033,3.875
83.2558,1.1701,5.0172
83.2560,1.2311,5.2715
83.2562,1.0768,4.6409
83.2564,0.8619,3.7148
83.2566,0.8715,3.7491
83.2568,0.9441,4.0636
83.2570,0.974,4.1882
83.2572,1.0047,4.3162
83.2574,0.9938,4.2713
83.2576,0.9974,4.2868
83.2578,1.0173,4.3825
83.2580,0.9459,4.0676
83.2582,0.9432,4.067
83.2584,0.8654,3.7263
83.2586,0.9305,4.0066
83.2588,0.8762,3.771
83.2590,0.8642,3.7211
83.2592,0.8735,3.7649
83.2594,0.8473,3.6534
83.2596,0.8096,3.4927
83.2598,0.7927,3.4166
83.2600,0.7963,3.4321
83.2602,0.7781,3.3597
83.2604,0.6998,3.023
83.2606,0.6879,2.9704
83.2608,0.7132,3.0754
83.2610,0.8467,3.6474
83.2612,0.8681,3.7399
83.2614,0.821,3.5385
83.2616,0.7396,3.195
83.2618,0.6034,2.6078
83.2620,0.5897,2.5511
83.2622,0.592,2.5597
83.2624,0.5961,2.5786
83.2626,0.6084,2.632
83.2628,0.5928,2.5634
83.2630,0.601,2.5974
83.2632,0.6066,2.6206
83.2634,0.6154,2.6596
83.2636,0.6112,2.639
83.2638,0.6511,2.8088
83.2640,0.6982,3.0121
83.2642,0.7543,3.2527
83.2644,0.7903,3.4031
83.2646,0.8702,3.7504
83.2648,0.8105,3.4866
83.2650,0.904,3.8907
83.2652,0.8933,3.8412
83.2654,0.9358,4.0238
83.2656,0.9868,4.2434
83.2658,1.0214,4.3858
83.2660,1.0668,4.5766
83.2662,1.1304,4.8515
83.2664,1.1987,5.1353
83.2666,1.232,5.2781
83.2668,1.203,5.1562
83.2670,1.1934,5.1175
83.2672,1.2153,5.2135
83.2674,1.2061,5.1768
83.2676,1.1588,4.9642
83.2678,1.2392,5.3064
83.2680,1.2862,5.5154
83.2682,1.1502,4.9387
83.2684,1.1451,4.9171
83.2686,1.0817,4.6447
83.2688,1.1023,4.7355
83.2690,1.1004,4.7251
83.2692,1.1503,4.937
83.2694,1.0819,4.6501
83.2696,1.0314,4.429
83.2698,1.0462,4.4944
83.2700,1.0515,4.5171
83.2702,1.0555,4.5346
83.2704,1.0462,4.4944
83.2706,1.0223,4.3981
83.2708,1.0205,4.3822
83.2710,1.0831,4.6466
83.2712,1.1076,4.7582
83.2714,1.0121,4.3461
83.2716,1.0537,4.5332
83.2718,1.0479,4.5058
83.2720,1.0397,4.4666
83.2722,1.0794,4.635
83.2724,1.0776,4.6337
83.2726,1.0349,4.4439
83.2728,1.0577,4.5502
83.2730,0.984,4.2291
83.2732,1.0776,4.6359
83.2734,1.0732,4.6146
83.2736,1.0362,4.4517
83.2738,1.0765,4.6183
83.2740,1.1019,4.7362
83.2742,1.074,4.6118
83.2744,1.1028,4.7354
83.2746,1.125,4.8329
83.2748,1.0649,4.5812
83.2750,1.0457,4.4966
83.2752,1.0319,4.4331
83.2754,1.0511,4.5156
83.2756,1.09,4.6781
83.2758,1.0951,4.7068
83.2760,1.062,4.5709
83.2762,1.0391,4.4682
83.2764,1.012,4.3517
83.2766,0.9987,4.2964
83.2768,1.0093,4.3398
83.2770,1.0481,4.5132
83.2772,1.0294,4.41
83.2774,1.2727,5.4446
83.2776,1.4038,6.0165
83.2778,1.1615,5.0039
83.2780,0.873,3.7698
83.2782,0.7277,3.1423
83.2784,0.7435,3.2106
83.2786,0.7458,3.2175
83.2788,0.7372,3.1847
83.2790,0.7164,3.0965
83.2792,0.7311,3.1597
83.2794,0.7144,3.0848
83.2796,0.7122,3.0755
83.2798,0.7139,3.0842
83.2800,0.7452,3.2149
83.2802,0.7434,3.2056
83.2804,0.6969,3.012
83.2806,0.63,2.7253
83.2808,0.6222,2.6891
83.2810,0.7758,3.3359
83.2812,0.9673,4.171
83.2814,0.8031,3.4696
83.2816,0.6961,3.0056
83.2818,0.6541,2.8257
83.2820,0.6509,2.813
83.2822,0.6495,2.806
83.2824,0.6642,2.8665
83.2826,0.6898,2.9814
83.2828,0.6548,2.8288
83.2830,0.6552,2.829
83.2832,0.6595,2.849
83.2834,0.6687,2.8902
83.2836,0.675,2.9158
83.2838,0.6754,2.9165
83.2840,0.6714,2.9016
83.2842,0.6688,2.8854
83.2844,0.7414,3.1969
83.2846,0.7093,3.064
83.2848,0.6619,2.8594
83.2850,0.6552,2.829
83.2852,0.6481,2.7985
83.2854,0.6485,2.8013
83.2856,0.6489,2.8047
83.2858,0.648,2.798
83.2860,0.6483,2.7982
83.2862,0.6543,2.8267
83.2864,0.6527,2.8169
83.2866,0.6637,2.8658
83.2868,0.6525,2.8176
83.2870,0.6925,2.9914
83.2872,0.6648,2.8691
83.2874,0.6545,2.8259
83.2876,0.67,2.8892
83.2878,0.7384,3.1854
83.2880,0.675,2.9104
83.2882,0.6499,2.805
83.2884,0.7227,3.1119
83.2886,0.8906,3.8294
83.2888,0.9631,4.1394
83.2890,0.9101,3.9225
83.2892,0.782,3.369
83.2894,0.8109,3.4951
83.2896,0.7727,3.3256
83.2898,0.8093,3.4863
83.2900,0.7739,3.3354
83.2902,0.8011,3.4463
83.2904,0.9364,4.0245
83.2906,0.9537,4.0973
83.2908,0.9766,4.1957
83.2910,1.015,4.3605
83.2912,1.0178,4.3785
83.2914,0.8997,3.8776
83.2916,0.7769,3.3483
83.2918,0.7862,3.3855
83.2920,0.8705,3.745
83.2922,0.8994,3.8711
83.2924,0.8914,3.8383
83.2926,0.9037,3.8861
83.2928,0.9453,4.0574
83.2930,0.9808,4.2157
83.2932,0.9691,4.169
83.2934,0.9294,3.9946
83.2936,0.9934,4.2718
83.2938,0.9331,4.0068
83.2940,1.0147,4.361
83.2942,1.0324,4.4269
83.2944,1.1037,4.7329
83.2946,1.1201,4.8073
83.2948,1.0084,4.3402
83.2950,0.9172,3.9512
83.2952,0.8885,3.8277
83.2954,0.8155,3.5164
83.2956,0.7399,3.1966
83.2958,0.6089,2.6328
83.2960,0.5988,2.5869
83.2962,0.5994,2.5883
83.2964,0.6084,2.6295
83.2966,0.6114,2.6425
83.2968,0.606,2.618
83.2970,0.6203,2.6734
83.2972,0.7102,3.061
83.2974,0.7215,3.1096
83.2976,0.957,4.092
83.2978,1.324,5.6615
83.2980,1.3119,5.6359
83.2982,1.0111,4.3536
83.2984,0.8702,3.7417
83.2986,0.8979,3.8662
83.2988,0.8782,3.7763
83.2990,1.0117,4.3441
83.2992,1.0113,4.3425
83.2994,1.0566,4.5266
83.2996,1.1982,5.1356
83.2998,1.1936,5.118
83.3000,1.2051,5.1625
83.3002,1.2341,5.2868
83.3004,1.2065,5.1638
83.3006,1.2141,5.201
83.3008,1.1999,5.1428
83.3010,1.183,5.0656
83.3012,1.2948,5.5493
83.3014,1.2276,5.2566
83.3016,1.2112,5.1887
83.3018,1.2135,5.1985
83.3020,1.2049,5.1668
83.3022,1.1368,4.8725
83.3024,1.1468,4.9174
83.3026,1.1758,5.0395
83.3028,1.2213,5.2343
83.3030,1.2394,5.3094
83.3032,1.1991,5.1416
83.3034,1.1436,4.9036
83.3036,1.1398,4.8876
83.3038,1.1402,4.896
83.3040,1.1308,4.8513
83.3042,1.199,5.1363
83.3044,1.2231,5.2445
83.3046,1.1637,4.9993
83.3048,1.1278,4.8407
83.3050,1.13,4.85
83.3052,1.1257,4.8382
83.3054,1.0852,4.6662
83.3056,1.0788,4.6345
83.3058,1.0904,4.6823
83.3060,1.1034,4.7357
83.3062,1.1015,4.7319
83.3064,1.0701,4.5948
83.3066,1.0613,4.5615
83.3068,1.0224,4.4027
83.3070,0.945,4.0672
83.3072,0.9458,4.0671
83.3074,0.9843,4.2345
83.3076,0.9829,4.2224
83.3078,1.0466,4.5023
83.3080,1.0318,4.4326
83.3082,1.0388,4.4729
83.3084,0.9528,4.0989
83.3086,1.024,4.3991
83.3088,1.0486,4.5089
83.3090,0.9738,4.193
83.3092,0.9205,3.9638
83.3094,0.9167,3.9436
83.3096,0.9154,3.9453
83.3098,0.8909,3.8398
83.3100,0.8849,3.8069
83.3102,0.9061,3.9036
83.3104,0.9244,3.9748
83.3106,0.9742,4.1873
83.3108,0.9846,4.2336
83.3110,0.9949,4.2819
83.3112,0.953,4.1056
83.3114,0.9053,3.8964
83.3116,0.9452,4.072
83.3118,0.9126,3.9315
83.3120,0.9284,3.9923
83.3122,0.9832,4.2319
83.3124,0.9185,3.9569
83.3126,0.9025,3.8863
83.3128,0.9488,4.0875
83.3130,0.8635,3.7215
83.3132,0.8728,3.7635
83.3134,0.8705,3.7502
83.3136,0.8631,3.7182
83.3138,0.84,3.6135
83.3140,0.8918,3.8363
83.3142,0.9605,4.1319
83.3144,1.003,4.309
83.3146,1.0402,4.4791
83.3148,0.9709,4.1787
83.3150,0.9581,4.1254
83.3152,0.8931,3.8491
83.3154,0.8666,3.7349
83.3156,0.8825,3.7984
83.3158,0.9268,3.9943
83.3160,0.803,3.4674
83.3162,0.7642,3.2997
83.3164,0.7655,3.3023
83.3166,0.7768,3.3509
83.3168,0.7693,3.3204
83.3170,0.7588,3.2718
83.3172,0.7557,3.2584
83.3174,0.7649,3.3028
83.3176,0.813,3.499
83.3178,0.9374,4.0366
83.3180,0.8832,3.8032
83.3182,0.8626,3.7144
83.3184,0.9661,4.1465
83.3186,1.101,4.7254
83.3188,1.0989,4.7365
83.3190,0.8438,3.6435
83.3192,0.7905,3.4104
83.3194,0.7513,3.2413
83.3196,0.7636,3.2971
83.3198,0.7413,3.1978
83.3200,0.7386,3.1864
83.3202,0.7392,3.1905
83.3204,0.7421,3.2014
83.3206,0.7387,3.1855
83.3208,0.7359,3.1716
83.3210,0.8005,3.4502
83.3212,0.7895,3.4089
83.3214,0.7443,3.2078
83.3216,0.8137,3.5037
83.3218,0.8992,3.8647
83.3220,0.9882,4.253
83.3222,0.8843,3.8079
83.3224,0.8692,3.748
83.3226,0.8595,3.6975
83.3228,0.924,3.9732
83.3230,0.9557,4.1132
83.3232,0.9239,3.9764
83.3234,0.9265,3.9785
83.3236,1.0181,4.378
83.3238,0.9727,4.1845
83.3240,1.0113,4.3425
83.3242,1.0527,4.5222
83.3244,1.0336,4.4465
83.3246,0.9636,4.1414
83.3248,0.9358,4.0256
83.3250,0.915,3.9346
83.3252,0.8886,3.8318
83.3254,0.7905,3.412
83.3256,0.76,3.277
83.3258,0.7575,3.2677
83.3260,0.7611,3.2801
83.3262,0.7925,3.4124
83.3264,0.8196,3.5323
83.3266,0.7855,3.3887
83.3268,0.8091,3.489
83.3270,0.8265,3.5606
83.3272,0.8471,3.6478
83.3274,0.8521,3.6707
83.3276,0.8337,3.5966
83.3278,0.7529,3.245
83.3280,0.7386,3.1864
83.3282,0.7487,3.2299
83.3284,0.7212,3.1158
83.3286,0.6592,2.8506
83.3288,0.5908,2.5545
83.3290,0.6068,2.6192
83.3292,0.6421,2.7765
83.3294,0.5919,2.5545
83.3296,0.6262,2.705
83.3298,0.5865,2.5335
83.3300,0.6054,2.6154
83.3302,0.6158,2.6617
83.3304,0.6612,2.8523
83.3306,0.7039,3.0308
83.3308,0.8694,3.7386
83.3310,0.9461,4.0719
83.3312,0.9101,3.9152
83.3314,0.9083,3.9057
83.3316,0.9753,4.1919
83.3318,0.9735,4.1823
83.3320,1.0236,4.3935
83.3322,1.1238,4.8187
83.3324,1.1386,4.8757
83.3326,1.207,5.1635
83.3328,1.2549,5.3737
83.3330,1.2535,5.3751
83.3332,1.2083,5.174
83.3334,1.2322,5.2761
83.3336,1.2203,5.2302
83.3338,1.2311,5.2764
83.3340,1.2165,5.2089
83.3342,1.2567,5.3814
83.3344,1.2816,5.48
83.3346,1.3323,5.7075
83.3348,1.2928,5.5437
83.3350,1.2487,5.342
83.3352,1.2957,5.5483
83.3354,1.278,5.4774
83.3356,1.2569,5.3794
83.3358,1.3063,5.5987
83.3360,1.2823,5.4985
83.3362,1.2657,5.425
83.3364,1.2548,5.3757
83.3366,1.2229,5.2513
83.3368,1.077,4.629
83.3370,0.9957,4.2776
83.3372,0.9965,4.2832
83.3374,1.0438,4.4862
83.3376,1.0714,4.6112
83.3378,0.9953,4.28
83.3380,1.0397,4.4729
83.3382,1.0284,4.4203
83.3384,1.2392,5.294
83.3386,1.451,6.2016
83.3388,1.4074,6.0432
83.3390,1.1064,4.7552
83.3392,1.0742,4.6214
83.3394,1.0198,4.3872
83.3396,1.0354,4.446
83.3398,1.0702,4.6039
83.3400,0.965,4.1496
83.3402,0.9681,4.1649
83.3404,0.954,4.1059
83.3406,0.9589,4.129
83.3408,0.9515,4.0932
83.3410,0.9413,4.055
83.3412,0.8714,3.7504
83.3414,0.9245,3.9716
83.3416,1.019,4.3795
83.3418,0.9814,4.228
83.3420,0.9346,4.0279
83.3422,0.9059,3.9044
83.3424,0.844,3.6378
83.3426,0.8278,3.5696
83.3428,0.8256,3.5549
83.3430,0.8843,3.8079
83.3432,0.9137,3.9325
83.3434,0.9017,3.8809
83.3436,0.8871,3.8268
83.3438,0.8396,3.6203
83.3440,0.8427,3.6287
83.3442,0.8716,3.7584
83.3444,0.869,3.747
83.3446,0.8411,3.627
83.3448,0.8066,3.4814
83.3450,0.7408,3.2017
83.3452,0.7065,3.0506
83.3454,0.7089,3.0624
83.3456,0.7072,3.0552
83.3458,0.7202,3.1068
83.3460,0.6959,3.0079
83.3462,0.6211,2.6832
83.3464,0.6178,2.6712
83.3466,0.6084,2.6308
83.3468,0.6597,2.8487
83.3470,0.6847,2.9591
83.3472,0.6626,2.8625
83.3474,0.7288,3.1367
83.3476,0.8457,3.6416
83.3478,0.7946,3.4296
83.3480,0.7125,3.0765
83.3482,0.6756,2.9198
83.3484,0.6847,2.9537
83.3486,0.736,3.1751
83.3488,0.7136,3.084
83.3490,0.6747,2.9161
83.3492,0.6627,2.8603
83.3494,0.7179,3.0926
83.3496,0.7441,3.2117
83.3498,0.7337,3.1623
83.3500,0.7651,3.2992
83.3502,0.7136,3.0812
83.3504,0.6989,3.0208
83.3506,0.6578,2.8365
83.3508,0.7633,3.2869
83.3510,0.8071,3.4802
83.3512,0.7867,3.3939
83.3514,0.6961,3.0028
83.3516,0.7398,3.1901
83.3518,0.7897,3.4052
83.3520,0.8007,3.4512
83.3522,0.8112,3.4913
83.3524,0.8916,3.8322
83.3526,0.9547,4.109
83.3528,0.9004,3.8752
83.3530,0.8987,3.868
83.3532,0.8812,3.7944
83.3534,0.8632,3.7135
83.3536,0.919,3.9626
83.3538,0.8208,3.5375
83.3540,0.8106,3.4855
83.3542,0.9564,4.1029
83.3544,1.0004,4.3037
83.3546,0.9335,4.0158
83.3548,0.9302,4.0038
83.3550,0.9334,4.0116
83.3552,1.0089,4.3342
83.3554,1.0669,4.5814
83.3556,1.0808,4.639
83.3558,1.0401,4.4806
83.3560,0.8326,3.5887
83.3562,0.8138,3.501
83.3564,0.9127,3.9266
83.3566,0.9455,4.0674
83.3568,0.937,4.0327
83.3570,0.8579,3.6994
83.3572,0.7723,3.3318
83.3574,0.8063,3.4669
83.3576,0.8906,3.8312
83.3578,0.8475,3.6544
83.3580,0.8085,3.4864
83.3582,0.7736,3.3344
83.3584,0.769,3.3142
83.3586,0.7794,3.3608
83.3588,0.7835,3.3752
83.3590,0.8015,3.4479
83.3592,0.8354,3.6005
83.3594,0.801,3.4522
83.3596,0.8485,3.6467
83.3598,0.9537,4.0877
83.3600,1.2005,5.143
83.3602,1.2039,5.167
83.3604,1.0703,4.6087
83.3606,0.8313,3.578
83.3608,0.8732,3.7616
83.3610,0.7928,3.4218
83.3612,0.7522,3.2434
83.3614,0.7348,3.1684
83.3616,0.672,2.9015
83.3618,0.6112,2.6415
83.3620,0.6085,2.6276
83.3622,0.6142,2.652
83.3624,0.6112,2.6354
83.3626,0.7138,3.0851
83.3628,0.6113,2.6408
83.3630,0.5988,2.5881
83.3632,0.5967,2.5776
83.3634,0.5983,2.5848
83.3636,0.6133,2.6447
83.3638,0.6633,2.8616
83.3640,0.7088,3.0491
83.3642,0.8238,3.5455
83.3644,0.8571,3.6855
83.3646,0.9003,3.8747
83.3648,0.9265,3.9785
83.3650,0.987,4.238
83.3652,0.976,4.1911
83.3654,1.0105,4.3409
83.3656,1.0133,4.3513
83.3658,1.0162,4.3596
83.3660,1.1205,4.8004
83.3662,1.2047,5.1562
83.3664,1.2225,5.2394
83.3666,1.1931,5.1064
83.3668,1.2052,5.1606
83.3670,1.2338,5.2907
83.3672,1.1751,5.0458
83.3674,1.087,4.6631
83.3676,1.179,5.051
83.3678,1.2077,5.1762
83.3680,1.1053,4.7462
83.3682,1.044,4.4852
83.3684,1.0686,4.5844
83.3686,1.1235,4.8267
83.3688,1.069,4.5966
83.3690,1.0418,4.4691
83.3692,1.0814,4.6416
83.3694,1.086,4.6655
83.3696,1.0468,4.4928
83.3698,1.0475,4.4938
83.3700,1.1413,4.8938
83.3702,1.092,4.6956
83.3704,0.9853,4.2308
83.3706,1.0663,4.581
83.3708,1.0945,4.6976
83.3710,1.0726,4.6121
83.3712,1.03,4.427
83.3714,1.0733,4.6066
83.3716,1.1269,4.8366
83.3718,1.122,4.82
83.3720,1.1371,4.8713
83.3722,1.2249,5.2448
83.3724,1.2588,5.3926
83.3726,1.1967,5.1385
83.3728,1.1041,4.7432
83.3730,1.0796,4.6382
83.3732,1.0513,4.5229
83.3734,1.0088,4.3398
83.3736,0.9934,4.2698
83.3738,0.9876,4.2425
83.3740,1.0572,4.5376
83.3742,1.1238,4.8232
83.3744,1.1209,4.8131
83.3746,1.0727,4.6104
83.3748,1.0584,4.5491
83.3750,1.0528,4.5186
83.3752,1.0966,4.7086
83.3754,1.091,4.6827
83.3756,1.0723,4.6046
83.3758,1.1541,4.9557
83.3760,1.1344,4.8736
83.3762,1.0937,4.6962
83.3764,1.1094,4.7637
83.3766,1.0848,4.6603
83.3768,1.0723,4.6024
83.3770,1.127,4.8416
83.3772,1.086,4.672
83.3774,0.9912,4.2659
83.3776,0.9406,4.05
83.3778,0.9573,4.1204
83.3780,0.9498,4.0936
83.3782,0.8539,3.6784
83.3784,0.8316,3.5857
83.3786,0.8029,3.4669
83.3788,0.9573,4.1108
83.3790,1.146,4.9299
83.3792,0.9313,4.0177
83.3794,0.8029,3.4653
83.3796,0.8088,3.4858
83.3798,0.804,3.4668
83.3800,0.8264,3.5634
83.3802,0.7826,3.3825
83.3804,0.7885,3.3906
83.3806,1.0481,4.4901
83.3808,1.2962,5.5659
83.3810,1.0681,4.6037
83.3812,0.8138,3.5091
83.3814,0.7524,3.2474
83.3816,0.7403,3.1981
83.3818,0.7517,3.2458
83.3820,0.741,3.1983
83.3822,0.7379,3.1878
83.3824,0.7311,3.1568
83.3826,0.7314,3.1554
83.3828,0.7379,3.1833
83.3830,0.7371,3.1797
83.3832,0.7434,3.2056
83.3834,0.7788,3.3613
83.3836,0.7395,3.1901
83.3838,0.7372,3.1817
83.3840,0.7511,3.2342
83.3842,0.9324,4.0074
83.3844,0.9174,3.9559
83.3846,0.7511,3.2402
83.3848,0.7413,3.1949
83.3850,0.753,3.25
83.3852,0.7578,3.2692
83.3854,0.7531,3.249
83.3856,0.7516,3.2393
83.3858,0.7789,3.3602
83.3860,0.7536,3.2511
83.3862,0.766,3.2998
83.3864,0.7758,3.3452
83.3866,0.7825,3.3758
83.3868,0.7534,3.2516
83.3870,0.7322,3.16
83.3872,0.7204,3.1064
83.3874,0.7611,3.2786
83.3876,0.8758,3.7712
83.3878,0.8397,3.6192
83.3880,0.8354,3.6005
83.3882,0.8217,3.5383
83.3884,0.8912,3.8337
83.3886,0.9482,4.0793
83.3888,0.969,4.1646
83.3890,0.9606,4.1324
83.3892,0.9498,4.0898
83.3894,0.867,3.7266
83.3896,0.9475,4.0724
83.3898,0.9614,4.136
83.3900,0.9274,3.9914
83.3902,0.9324,4.013
83.3904,0.8596,3.7032
83.3906,0.8229,3.5386
83.3908,0.9649,4.1452
83.3910,0.9907,4.2639
83.3912,0.9001,3.876
83.3914,0.8488,3.655
83.3916,0.9035,3.8923
83.3918,0.912,3.9217
83.3920,0.9783,4.2068
83.3922,0.9804,4.2136
83.3924,0.9632,4.1418
83.3926,0.9618,4.1337
83.3928,0.9714,4.1749
83.3930,0.9717,4.1843
83.3932,0.9469,4.0793
83.3934,0.8688,3.7395
83.3936,0.8852,3.8097
83.3938,0.8486,3.6659
83.3940,0.7409,3.1918
83.3942,0.8524,3.6654
83.3944,0.8897,3.8329
83.3946,0.8373,3.6071
83.3948,0.8513,3.6659
83.3950,0.8674,3.7316
83.3952,0.8859,3.8199
83.3954,0.8076,3.4823
83.3956,0.7509,3.2362
83.3958,0.7849,3.3877
83.3960,0.7534,3.244
83.3962,0.881,3.7916
83.3964,0.8697,3.7536
83.3966,0.7617,3.2812
83.3968,0.7965,3.4299
83.3970,0.8579,3.7011
83.3972,0.7344,3.1639
83.3974,0.8143,3.4966
83.3976,1.0177,4.38
83.3978,0.8823,3.8026
83.3980,0.8356,3.6016
83.3982,0.8912,3.8319
83.3984,0.9041,3.8894
83.3986,0.9445,4.0595
83.3988,0.9925,4.2617
83.3990,1.059,4.5411
83.3992,1.1063,4.7437
83.3994,1.1065,4.7535
83.3996,1.0608,4.5573
83.3998,1.075,4.6138
83.4000,1.0729,4.605
83.4002,1.0619,4.5534
83.4004,1.1647,4.9941
83.4006,1.1918,5.1055
83.4008,1.2412,5.3122
83.4010,1.292,5.5375
83.4012,1.2928,5.5411
83.4014,1.2258,5.2538
83.4016,1.1925,5.1133
83.4018,1.1518,4.939
83.4020,1.2938,5.5271
83.4022,1.5095,6.4486
83.4024,1.5095,6.4667
83.4026,1.2522,5.3669
83.4028,1.1752,5.044
83.4030,1.126,4.8443
83.4032,1.0175,4.3795
83.4034,0.9625,4.1426
83.4036,0.9884,4.2521
83.4038,0.9796,4.2164
83.4040,0.9551,4.1068
83.4042,0.9608,4.1315
83.4044,1.0242,4.4043
83.4046,1.0105,4.347
83.4048,0.9444,4.0703
83.4050,0.9314,4.0089
83.4052,1.0762,4.6081
83.4054,1.3211,5.6624
83.4056,1.2313,5.2652
83.4058,1.2797,5.4974
83.4060,1.1978,5.1455
83.4062,1.0888,4.6817
83.4064,1.0884,4.6845
83.4066,0.9965,4.2832
83.4068,1.053,4.5301
83.4070,1.0963,4.7098
83.4072,1.0844,4.6523
83.4074,1.1372,4.8809
83.4076,1.0551,4.5389
83.4078,1.004,4.3232
83.4080,0.9067,3.908
83.4082,0.9407,4.0468
83.4084,0.9943,4.2813
83.4086,0.9148,3.9408
83.4088,0.8931,3.842
83.4090,0.894,3.8515
83.4092,0.9186,3.9592
83.4094,0.9178,3.9519
83.4096,0.9409,4.0516
83.4098,0.9066,3.9075
83.4100,0.8505,3.6674
83.4102,0.7962,3.4331
83.4104,0.7987,3.4456
83.4106,0.7747,3.3452
83.4108,0.771,3.3261
83.4110,0.7927,3.4197
83.4112,0.7941,3.4259
83.4114,0.8271,3.5649
83.4116,0.8326,3.5903
83.4118,0.7968,3.4389
83.4120,0.7212,3.1129
83.4122,0.8148,3.5165
83.4124,0.7746,3.3416
83.4126,0.7983,3.4425
83.4128,0.8215,3.5422
83.4130,0.8896,3.8252
83.4132,0.9459,4.0714
83.4134,0.9575,4.1228
83.4136,0.9433,4.0657
83.4138,0.9071,3.9096
83.4140,0.8759,3.7682
83.4142,0.9281,3.9908
83.4144,0.9764,4.2044
83.4146,0.9276,3.9943
83.4148,0.8626,3.7179
83.4150,0.8439,3.6322
83.4152,0.8818,3.8005
83.4154,0.9095,3.9236
83.4156,0.857,3.697
83.4158,0.7365,3.1801
83.4160,0.7061,3.0491
83.4162,0.7066,3.054
83.4164,0.6891,2.9742
83.4166,0.6802,2.9359
83.4168,0.671,2.8974
83.4170,0.7533,3.2465
83.4172,0.8259,3.5663
83.4174,0.6814,2.9424
83.4176,0.6646,2.8699
83.4178,0.664,2.866
83.4180,0.7175,3.0983
83.4182,0.6666,2.8769
83.4184,0.6551,2.8298
83.4186,0.6558,2.8342
83.4188,0.6533,2.8247
83.4190,0.6452,2.7874
83.4192,0.644,2.7796
83.4194,0.6497,2.8065
83.4196,0.6505,2.8075
83.4198,0.6535,2.8231
83.4200,0.6491,2.8026
83.4202,0.6523,2.8153
83.4204,0.731,3.1533
83.4206,0.7832,3.3726
83.4208,0.8232,3.5445
83.4210,0.7795,3.3597
83.4212,0.7762,3.3421
83.4214,0.8846,3.8036
83.4216,1.084,4.6394
83.4218,1.2707,5.4435
83.4220,1.2091,5.2042
83.4222,0.9236,3.9735
83.4224,0.8777,3.7777
83.4226,0.9051,3.8863
83.4228,0.9967,4.2837
83.4230,1.0111,4.3475
83.4232,0.9265,3.984
83.4234,0.9359,4.0261
83.4236,0.9468,4.0731
83.4238,0.8481,3.6519
83.4240,0.8155,3.518
83.4242,0.7244,3.1234
83.4244,0.7583,3.2652
83.4246,0.8958,3.8467
83.4248,1.0823,4.6581
83.4250,0.9135,3.9151
83.4252,1.0359,4.4584
83.4254,0.8819,3.7975
83.4256,0.8588,3.691
83.4258,0.9263,3.9904
83.4260,0.8413,3.6259
83.4262,0.8173,3.516
83.4264,0.8715,3.7491
83.4266,0.8676,3.7413
83.4268,0.8072,3.4759
83.4270,0.8457,3.6433
83.4272,0.8278,3.5531
83.4274,0.9143,3.9479
83.4276,0.6443,2.7819
83.4278,0.6861,2.964
83.4280,0.6923,2.9868
83.4282,0.6498,2.807
83.4284,0.6305,2.7211
83.4286,0.6678,2.8861
83.4288,0.7054,3.0474
83.4290,0.6262,2.6962
83.4292,0.7458,3.219
83.4294,0.8313,3.588
83.4296,0.7081,3.0545
83.4298,0.7264,3.1322
83.4300,0.7587,3.2728
83.4302,0.7035,3.0278
83.4304,0.8588,3.6876
83.4306,0.9967,4.2817
83.4308,0.96,4.1279
83.4310,0.9384,4.0332
83.4312,1.0094,4.3323
83.4314,1.0645,4.5711
83.4316,1.0521,4.5134
83.4318,1.097,4.7019
83.4320,1.1123,4.7716
83.4322,1.1067,4.7479
83.4324,1.1391,4.8868
83.4326,1.0585,4.5517
83.4328,1.0413,4.4712
83.4330,1.0778,4.6218
83.4332,1.1139,4.7743
83.4334,1.1355,4.8714
83.4336,1.1258,4.832
83.4338,1.0864,4.6561
83.4340,1.1054,4.7467
83.4342,1.1185,4.7961
83.4344,1.1528,4.9432
83.4346,1.0974,4.71
83.4348,1.0766,4.6231
83.4350,1.0527,4.5265
83.4352,1.0362,4.4496
83.4354,1.1234,4.8217
83.4356,1.175,5.0359
83.4358,1.2301,5.2846
83.4360,1.0714,4.6048
83.4362,1.0385,4.4594
83.4364,1.0378,4.4563
83.4366,1.0424,4.4759
83.4368,1.0915,4.6913
83.4370,1.0159,4.3641
83.4372,1.0382,4.462
83.4374,1.0858,4.6688
83.4376,1.0434,4.4826
83.4378,1.0613,4.553
83.4380,1.1166,4.7879
83.4382,1.1213,4.8147
83.4384,1.1191,4.8054
83.4386,1.0954,4.6991
83.4388,1.0963,4.7076
83.4390,1.1072,4.7522
83.4392,1.1258,4.8342
83.4394,1.0709,4.5984
83.4396,1.0446,4.4877
83.4398,1.0663,4.5852
83.4400,1.0289,4.4203
83.4402,1.0489,4.5105
83.4404,1.0331,4.4362
83.4406,1.0618,4.5635
83.4408,1.0124,4.3492
83.4410,1.0181,4.378
83.4412,1.0265,4.412
83.4414,1.09,4.6803
83.4416,1.0048,4.3268
83.4418,0.947,4.076
83.4420,0.9463,4.0691
83.4422,0.9934,4.2797
83.4424,0.8938,3.8451
83.4426,0.9583,4.1245
83.4428,0.9597,4.1307
83.4430,0.9611,4.1325
83.4432,0.986,4.2418
83.4434,0.9766,4.2015
83.4436,0.9692,4.1657
83.4438,1.1106,4.7555
83.4440,1.2799,5.483
83.4442,1.1733,5.0592
83.4444,0.8525,3.6813
83.4446,0.7768,3.3556
83.4448,0.7034,3.04
83.4450,0.6884,2.9725
83.4452,0.7628,3.2894
83.4454,0.7793,3.3602
83.4456,0.8029,3.4573
83.4458,0.8027,3.4643
83.4460,0.7051,3.0472
83.4462,0.6838,2.9528
83.4464,0.6754,2.9152
83.4466,0.7071,3.0504
83.4468,0.7595,3.281
83.4470,0.692,2.988
83.4472,0.6614,2.8573
83.4474,0.6527,2.8195
83.4476,0.6622,2.8609
83.4478,0.7134,3.0821
83.4480,0.6862,2.9604
83.4482,0.7352,3.1714
83.4484,0.6805,2.9437
83.4486,0.5949,2.571
83.4488,0.5835,2.5206
83.4490,0.6576,2.842
83.4492,0.6431,2.778
83.4494,0.6427,2.7765
83.4496,0.6613,2.8568
83.4498,0.6422,2.7731
83.4500,0.6471,2.7943
83.4502,0.6486,2.7993
83.4504,0.6437,2.7793
83.4506,0.6913,2.9821
83.4508,0.7057,3.0428
83.4510,0.7397,3.1896
83.4512,0.7518,3.2418
83.4514,0.7531,3.2475
83.4516,0.7596,3.2754
83.4518,0.7905,3.4073
83.4520,0.7744,3.3328
83.4522,0.8494,3.6559
83.4524,0.8603,3.7046
83.4526,0.8492,3.6583
83.4528,0.8557,3.6828
83.4530,0.8426,3.6316
83.4532,0.839,3.606
83.4534,1.0095,4.3348
83.4536,1.0236,4.3976
83.4538,1.0474,4.5017
83.4540,0.9396,4.0478
83.4542,0.8348,3.5963
83.4544,0.8698,3.7489
83.4546,0.8382,3.6057
83.4548,0.9082,3.907
83.4550,0.9178,3.9427
83.4552,0.918,3.9493
83.4554,0.9017,3.8773
83.4556,0.9299,3.9966
83.4558,1.0353,4.4455
83.4560,1.0385,4.4656
83.4562,0.9452,4.072
83.4564,0.8047,3.4682
83.4566,0.7709,3.3225
83.4568,0.8669,3.7313
83.4570,0.9443,4.066
83.4572,0.8493,3.6571
83.4574,0.8686,3.742
83.4576,0.87,3.7534
83.4578,0.7479,3.2233
83.4580,0.7119,3.0711
83.4582,0.719,3.1016
83.4584,0.7178,3.0964
83.4586,0.7121,3.075
83.4588,0.7095,3.0607
83.4590,0.7115,3.0681
83.4592,0.7097,3.0632
83.4594,0.6899,2.9764
83.4596,0.7314,3.1554
83.4598,0.7031,3.0291
83.4600,0.7752,3.3473
83.4602,0.6989,3.0152
83.4604,0.703,3.03
83.4606,0.7672,3.3096
83.4608,0.7192,3.1026
83.4610,0.7072,3.0495
83.4612,0.7501,3.2271
83.4614,0.8235,3.5527
83.4616,0.6812,2.9441
83.4618,0.6338,2.7369
83.4620,0.6162,2.6608
83.4622,0.6115,2.6418
83.4624,0.627,2.7111
83.4626,0.5398,2.3342
83.4628,0.5019,2.1703
83.4630,0.5318,2.2973
83.4632,0.6206,2.6762
83.4634,0.706,3.0443
83.4636,0.6553,2.823
83.4638,0.8265,3.5491
83.4640,1.0212,4.3771
83.4642,1.0334,4.4455
83.4644,0.8795,3.7854
83.4646,0.8158,3.5082
83.4648,0.8474,3.6488
83.4650,0.829,3.5649
83.4652,0.9325,4.0061
83.4654,1.0409,4.4634
83.4656,1.1066,4.7408
83.4658,1.1161,4.7858
83.4660,1.1065,4.7425
83.4662,1.1071,4.745
83.4664,1.1053,4.7462
83.4666,1.091,4.6827
83.4668,1.0619,4.5555
83.4670,1.1213,4.8034
83.4672,1.2385,5.3034
83.4674,1.2051,5.1625
83.4676,1.149,4.9221
83.4678,1.1735,5.0321
83.4680,1.1382,4.8918
83.4682,1.0135,4.3579
83.4684,0.9668,4.1515
83.4686,0.9922,4.2606
83.4688,1.0289,4.4182
83.4690,1.0148,4.3554
83.4692,1.0711,4.6037
83.4694,0.9932,4.2707
83.4696,0.8907,3.8388
83.4698,0.7808,3.3638
83.4700,0.8658,3.7232
83.4702,0.93,3.9934
83.4704,0.9685,4.1723
83.4706,0.8663,3.7235
83.4708,0.9235,3.973
83.4710,0.9379,4.0312
83.4712,0.9841,4.2276
83.4714,1.04,4.4635
83.4716,1.057,4.5429
83.4718,0.944,4.0593
83.4720,0.8907,3.8334
83.4722,0.8952,3.8477
83.4724,0.9613,4.1317
83.4726,0.9632,4.1418
83.4728,0.9553,4.1116
83.4730,0.9214,3.9619
83.4732,0.9343,4.0176
83.4734,0.9518,4.0909
83.4736,0.9406,4.0463
83.4738,0.9624,4.1363
83.4740,0.9727,4.1826
83.4742,0.9679,4.1619
83.4744,1.0151,4.3651
83.4746,1.0037,4.3121
83.4748,0.9945,4.2684
83.4750,1.043,4.4784
83.4752,1.0666,4.582
83.4754,0.9643,4.1465
83.4756,0.8762,3.7763
83.4758,0.8186,3.5282
83.4760,0.8198,3.5301
83.4762,0.7922,3.4161
83.4764,0.7678,3.306
83.4766,0.7976,3.4378
83.4768,0.7702,3.3286
83.4770,0.5675,2.454
83.4772,0.5224,2.259
83.4774,0.562,2.4324
83.4776,0.5445,2.3544
83.4778,0.5392,2.3294
83.4780,0.5437,2.3508
83.4782,0.5498,2.3783
83.4784,0.5481,2.37
83.4786,0.5471,2.3647
83.4788,0.5428,2.3482
83.4790,0.5506,2.3809
83.4792,0.5509,2.3808
83.4794,0.5481,2.3689
83.4796,0.5468,2.3632
83.4798,0.5458,2.3601
83.4800,0.5488,2.3731
83.4802,0.5529,2.3885
83.4804,0.5668,2.4497
83.4806,0.5558,2.402
83.4808,0.5909,2.5503
83.4810,0.6398,2.7589
83.4812,0.6487,2.8011
83.4814,0.5766,2.4922
83.4816,0.5491,2.3741
83.4818,0.5463,2.36
83.4820,0.5499,2.3755
83.4822,0.5517,2.3822
83.4824,0.5504,2.3798
83.4826,0.5819,2.5057
83.4828,0.803,3.4578
83.4830,0.7109,3.0655
83.4832,0.6596,2.8429
83.4834,0.7095,3.0607
83.4836,0.6445,2.783
83.4838,0.5656,2.4434
83.4840,0.5721,2.4714
83.4842,0.6464,2.7899
83.4844,0.6475,2.7959
83.4846,0.5654,2.4424
83.4848,0.5572,2.4071
83.4850,0.5571,2.4044
83.4852,0.5588,2.415
83.4854,0.5753,2.4854
83.4856,0.5586,2.4122
83.4858,0.5604,2.4144
83.4860,0.7658,3.2947
83.4862,0.8347,3.5874
83.4864,0.7662,3.3085
83.4866,0.611,2.6361
83.4868,0.6479,2.791
83.4870,0.6655,2.8682
83.4872,0.6738,2.9066
83.4874,0.6589,2.8398
83.4876,0.6763,2.912
83.4878,0.7192,3.0969
83.4880,0.7703,3.3153
83.4882,0.7813,3.3612
83.4884,0.7734,3.3272
83.4886,0.7826,3.3747
83.4888,0.7486,3.2204
83.4890,0.8425,3.6209
83.4892,0.8569,3.6828
83.4894,0.842,3.6222
83.4896,0.8258,3.5559
83.4898,0.7404,3.1853
83.4900,0.7769,3.339
83.4902,0.8359,3.5943
83.4904,0.8216,3.5411
83.4906,0.7353,3.1661
83.4908,0.7522,3.2389
83.4910,0.7281,3.1351
83.4912,0.721,3.1075
83.4914,0.7449,3.2074
83.4916,0.7838,3.3705
83.4918,0.8413,3.6191
83.4920,0.7648,3.2931
83.4922,0.7455,3.2144
83.4924,0.6951,2.9987
83.4926,0.5934,2.5576
83.4928,0.6289,2.7156
83.4930,0.5288,2.2812
83.4932,0.5622,2.4266
83.4934,0.5819,2.5127
83.4936,0.6091,2.6278
83.4938,0.6257,2.7017
83.4940,0.5342,2.3088
83.4942,0.5101,2.1995
83.4944,0.5637,2.4295
83.4946,0.5481,2.3667
83.4948,0.5337,2.3024
83.4950,0.5939,2.5597
83.4952,0.5946,2.5628
83.4954,0.639,2.7591
83.4956,0.6203,2.6784
83.4958,0.6164,2.6606
83.4960,0.5497,2.3734
83.4962,0.5224,2.2569
83.4964,0.5497,2.3712
83.4966,0.591,2.5485
83.4968,0.6381,2.7504
83.4970,0.6331,2.7312
83.4972,0.668,2.8737
83.4974,0.7909,3.3993
83.4976,0.84,3.6118
83.4978,0.8557,3.6793
83.4980,0.8164,3.5058
83.4982,0.8728,3.7513
83.4984,0.8964,3.8493
83.4986,0.9765,4.1834
83.4988,1.0967,4.6981
83.4990,1.0763,4.613
83.4992,1.0606,4.5478
83.4994,1.0135,4.3437
83.4996,1.0154,4.3499
83.4998,1.0621,4.5502
83.5000,1.0716,4.5908
83.5002,1.107,4.7401
83.5004,1.1559,4.9519
83.5006,1.0679,4.5749
83.5008,1.0343,4.4372
83.5010,0.9913,4.2506
83.5012,1.0647,4.561
83.5014,1.077,4.6268
83.5016,0.91,3.9111
83.5018,0.9312,3.9967
83.5020,0.9823,4.2258
83.5022,0.8837,3.8017
83.5024,0.8591,3.6943
83.5026,0.8414,3.6163
83.5028,0.8427,3.622
83.5030,0.8305,3.5777
83.5032,0.809,3.4788
83.5034,0.8958,3.8503
83.5036,0.8867,3.8111
83.5038,0.8805,3.7878
83.5040,0.8794,3.7797
83.5042,0.9376,4.0221
83.5044,0.9906,4.2495
83.5046,1.0052,4.3163
83.5048,0.9582,4.1163
83.5050,0.9383,4.0327
83.5052,0.9012,3.8735
83.5054,0.8595,3.6941
83.5056,0.8555,3.6788
83.5058,0.867,3.7266
83.5060,0.959,4.1046
83.5062,1.1824,5.0654
83.5064,1.1883,5.0858
83.5066,1.0954,4.7078
83.5068,0.8862,3.809
83.5070,0.9424,4.054
83.5072,0.8439,3.6305
83.5074,0.8146,3.5046
83.5076,0.8251,3.5511
83.5078,0.8639,3.7166
83.5080,0.8738,3.7554
83.5082,0.8624,3.7013
83.5084,0.9099,3.9142
83.5086,0.8264,3.5568
83.5088,0.7959,3.4242
83.5090,0.8211,3.5341
83.5092,0.8724,3.7533
83.5094,0.8185,3.5277
83.5096,0.6831,2.9469
83.5098,0.697,3.0056
83.5100,0.741,3.1953
83.5102,0.678,2.922
83.5104,0.6941,2.9904
83.5106,0.6933,2.9881
83.5108,0.7499,3.2291
83.5110,0.7938,3.4149
83.5112,0.7717,3.323
83.5114,0.7732,3.3323
83.5116,0.7365,3.1757
83.5118,0.7667,3.3014
83.5120,0.7913,3.4072
83.5122,0.744,3.2038
83.5124,0.7365,3.1742
83.5126,0.7825,3.3695
83.5128,0.7846,3.3799
83.5130,0.7663,3.2983
83.5132,0.8324,3.5793
83.5134,0.9181,3.9461
83.5136,0.9137,3.9271
83.5138,0.8178,3.5262
83.5140,0.6834,2.9493
83.5142,0.6517,2.8101
83.5144,0.6474,2.7928
83.5146,0.6902,2.9747
83.5148,0.7358,3.1696
83.5150,0.7555,3.2548
83.5152,0.7537,3.2426
83.5154,0.763,3.2838
83.5156,0.7128,3.0767
83.5158,0.6657,2.8746
83.5160,0.6462,2.7876
83.5162,0.6338,2.7318
83.5164,0.6457,2.7804
83.5166,0.7661,3.2988
83.5168,0.7646,3.2926
83.5170,0.7149,3.0769
83.5172,0.706,3.0443
83.5174,0.6498,2.8044
83.5176,0.6371,2.7483
83.5178,0.6356,2.7408
83.5180,0.635,2.7395
83.5182,0.629,2.7136
83.5184,0.6214,2.6805
83.5186,0.6209,2.6772
83.5188,0.6215,2.6798
83.5190,0.6262,2.7025
83.5192,0.631,2.7232
83.5194,0.631,2.7207
83.5196,0.6278,2.7072
83.5198,0.6573,2.8305
83.5200,0.7927,3.4039
83.5202,0.8769,3.7653
83.5204,0.8427,3.6236
83.5206,0.8045,3.4672
83.5208,0.7501,3.2316
83.5210,0.7829,3.3664
83.5212,0.8385,3.6039
83.5214,0.8676,3.7274
83.5216,0.8994,3.8585
83.5218,0.9569,4.1068
83.5220,0.913,3.924
83.5222,0.9282,3.9876
83.5224,0.9424,4.0502
83.5226,0.8168,3.5155
83.5228,0.7816,3.3685
83.5230,0.7669,3.2993
83.5232,0.7612,3.2776
83.5234,0.7572,3.259
83.5236,0.7507,3.2312
83.5238,0.7754,3.3421
83.5240,0.7495,3.226
83.5242,0.7457,3.2125
83.5244,0.7513,3.2338
83.5246,0.7938,3.4149
83.5248,0.7804,3.3587
83.5250,0.7657,3.2972
83.5252,0.7519,3.2363
83.5254,0.7565,3.259
83.5256,0.6735,2.9029
83.5258,0.7344,3.1669
83.5260,0.6926,2.9837
83.5262,0.7507,3.2282
83.5264,0.7443,3.2078
83.5266,0.6908,2.98
83.5268,0.6116,2.6374
83.5270,0.5896,2.5446
83.5272,0.6107,2.6345
83.5274,0.626,2.702
83.5276,0.6248,2.6868
83.5278,0.8067,3.469
83.5280,0.8603,3.7046
83.5282,0.7131,3.0748
83.5284,0.6268,2.7001
83.5286,0.6911,2.9816
83.5288,0.5993,2.5914
83.5290,0.5032,2.174
83.5292,0.4997,2.1585
83.5294,0.4892,2.1154
83.5296,0.4892,2.1144
83.5298,0.5639,2.4283
83.5300,0.6734,2.9037
83.5302,0.6648,2.8651
83.5304,0.7073,3.0429
83.5306,0.8194,3.5203
83.5308,0.8612,3.6996
83.5310,0.8685,3.731
83.5312,0.9165,3.9371
83.5314,0.8957,3.8497
83.5316,0.8441,3.6248
83.5318,0.9341,4.0053
83.5320,0.9504,4.0829
83.5322,0.912,3.9217
83.5324,0.9151,3.9277
83.5326,0.9284,3.9812
83.5328,0.9949,4.27
83.5330,0.979,4.204
83.5332,0.929,3.9912
83.5334,0.9412,4.0413
83.5336,0.9585,4.114
83.5338,0.9582,4.1144
83.5340,0.9603,4.1218
83.5342,1.0095,4.3247
83.5344,1.0924,4.6796
83.5346,1.0878,4.6623
83.5348,1.076,4.6162
83.5350,1.0582,4.5375
83.5352,1.0859,4.6519
83.5354,1.1271,4.8286
83.5356,1.0886,4.6746
83.5358,1.0078,4.3235
83.5360,1.0672,4.5739
83.5362,1.0558,4.5272
83.5364,1.0269,4.4033
83.5366,1.078,4.6223
83.5368,1.0529,4.5191
83.5370,1.0298,4.4197
83.5372,0.8813,3.7932
83.5374,0.8247,3.548
83.5376,0.865,3.7144
83.5378,0.9111,3.9194
83.5380,0.888,3.815
83.5382,0.944,4.0574
83.5384,0.8813,3.7914
83.5386,0.8305,3.576
83.5388,0.8097,3.4835
83.5390,0.8408,3.6154
83.5392,0.8577,3.6898
83.5394,0.8486,3.6506
83.5396,0.8535,3.6752
83.5398,0.8439,3.6339
83.5400,0.8378,3.6059
83.5402,0.8063,3.4701
83.5404,0.8199,3.5273
83.5406,0.8136,3.5
83.5408,0.8007,3.4448
83.5410,0.8149,3.504
83.5412,0.8906,3.824
83.5414,0.9774,4.1988
83.5416,0.9275,3.9826
83.5418,0.9193,3.955
83.5420,0.8059,3.4718
83.5422,0.7367,3.1796
83.5424,0.6497,2.8052
83.5426,0.6595,2.8411
83.5428,0.7212,3.1071
83.5430,0.7711,3.3235
83.5432,0.7648,3.2946
83.5434,0.7048,3.0406
83.5436,0.6028,2.5992
83.5438,0.68,2.9281
83.5440,0.7745,3.3349
83.5442,0.7492,3.2305
83.5444,0.6825,2.9457
83.5446,0.6561,2.8279
83.5448,0.7105,3.062
83.5450,0.6923,2.984
83.5452,0.6385,2.7545
83.5454,0.5872,2.5331
83.5456,0.6323,2.7276
83.5458,0.6276,2.7112
83.5460,0.5914,2.5524
83.5462,0.5823,2.5131
83.5464,0.5792,2.5019
83.5466,0.5771,2.4897
83.5468,0.5971,2.5725
83.5470,0.657,2.8289
83.5472,0.7045,3.0376
83.5474,0.6927,2.9925
83.5476,0.648,2.7889
83.5478,0.7682,3.305
83.5480,0.8335,3.5956
83.5482,0.6326,2.7317
83.5484,0.5504,2.3743
83.5486,0.5512,2.379
83.5488,0.5567,2.4051
83.5490,0.5566,2.4034
83.5492,0.5312,2.2937
83.5494,0.5281,2.2823
83.5496,0.5738,2.4752
83.5498,0.6314,2.724
83.5500,0.5806,2.5047
83.5502,0.5668,2.4452
83.5504,0.5868,2.5292
83.5506,0.6455,2.7806
83.5508,0.6798,2.9297
83.5510,0.6764,2.9166
83.5512,0.6732,2.9
83.5514,0.7136,3.0726
83.5516,0.7534,3.244
83.5518,0.7474,3.2152
83.5520,0.7475,3.2187
83.5522,0.647,2.7899
83.5524,0.6405,2.7607
83.5526,0.7045,3.0334
83.5528,0.7392,3.1802
83.5530,0.7989,3.4339
83.5532,0.812,3.4933
83.5534,0.7409,3.1918
83.5536,0.6914,2.9757
83.5538,0.7576,3.2591
83.5540,0.8064,3.4674
83.5542,0.822,3.5361
83.5544,0.8222,3.5355
83.5546,0.8415,3.6168
83.5548,0.8625,3.7018
83.5550,0.9314,4.0015
83.5552,0.857,3.6816
83.5554,0.8582,3.6902
83.5556,0.8664,3.7223
83.5558,0.8618,3.7073
83.5560,0.7794,3.3561
83.5562,0.7554,3.2513
83.5564,0.7657,3.3003
83.5566,0.6518,2.808
83.5568,0.6366,2.7424
83.5570,0.6549,2.8254
83.5572,0.6917,2.9842
83.5574,0.6702,2.8884
83.5576,0.6427,2.77
83.5578,0.6452,2.7822
83.5580,0.6449,2.7819
83.5582,0.6405,2.7607
83.5584,0.6355,2.739
83.5586,0.6252,2.6983
83.5588,0.5909,2.5492
83.5590,0.6453,2.7788
83.5592,0.6778,2.9228
83.5594,0.603,2.6014
83.5596,0.594,2.5626
83.5598,0.6001,2.589
83.5600,0.6278,2.706
83.5602,0.6258,2.6997
83.5604,0.6152,2.6529
83.5606,0.6716,2.8919
83.5608,0.6622,2.849
83.5610,0.6692,2.8869
83.5612,0.6118,2.6379
83.5614,0.6066,2.6145
83.5616,0.6233,2.6901
83.5618,0.523,2.2585
83.5620,0.5586,2.4111
83.5622,0.5839,2.5215
83.5624,0.5077,2.1932
83.5626,0.5074,2.1922
83.5628,0.5191,2.2393
83.5630,0.5929,2.5556
83.5632,0.6145,2.6449
83.5634,0.7211,3.0994
83.5636,0.8142,3.5058
83.5638,0.7181,3.0908
83.5640,0.7482,3.2203
83.5642,0.7196,3.097
83.5644,0.7576,3.2561
83.5646,0.7554,3.2513
83.5648,0.7174,3.0805
83.5650,0.9107,3.8996
83.5652,1.0416,4.4644
83.5654,1.0172,4.3616
83.5656,1.0649,4.562
83.5658,1.0765,4.614
83.5660,1.0534,4.5085
83.5662,1.0824,4.6392
83.5664,1.0413,4.4587
83.5666,1.076,4.6076
83.5668,1.0795,4.6268
83.5670,1.0687,4.5806
83.5672,1.0864,4.6518
83.5674,1.0804,4.6326
83.5676,1.0994,4.71
83.5678,1.0951,4.6937
83.5680,1.0472,4.4776
83.5682,1.148,4.9203
83.5684,1.0796,4.6338
83.5686,1.0468,4.4865
83.5688,1.0838,4.6388
83.5690,1.0747,4.6084
83.5692,1.1338,4.8506
83.5694,1.2138,5.1903
83.5696,1.2403,5.3185
83.5698,1.0216,4.3888
83.5700,0.9241,3.9756
83.5702,0.8947,3.8456
83.5704,0.9308,3.9952
83.5706,0.9925,4.2518
83.5708,1.0518,4.5165
83.5710,0.9792,4.2006
83.5712,1.0022,4.3014
83.5714,1.0343,4.4372
83.5716,1.0506,4.5135
83.5718,1.0034,4.3025
83.5720,1.0216,4.3847
83.5722,0.9633,4.1385
83.5724,0.9006,3.8745
83.5726,0.8619,3.701
83.5728,0.934,4.0141
83.5730,0.9812,4.2152
83.5732,0.9768,4.1884
83.5734,1.0796,4.6274
83.5736,1.0832,4.6406
83.5738,1.1016,4.7192
83.5740,1.119,4.7937
83.5742,1.0944,4.6993
83.5744,0.9878,4.2436
83.5746,0.9316,4.0076
83.5748,0.8896,3.827
83.5750,0.8294,3.5664
83.5752,0.8726,3.7538
83.5754,0.8898,3.8316
83.5756,0.8259,3.5548
83.5758,0.8097,3.4851
83.5760,0.8559,3.6838
83.5762,0.82,3.5311
83.5764,0.7612,3.2791
83.5766,0.7509,3.2392
83.5768,0.6896,2.9735
83.5770,0.6716,2.8959
83.5772,0.6681,2.8836
83.5774,0.6762,2.9196
83.5776,0.6774,2.9221
83.5778,0.6875,2.962
83.5780,0.7296,3.1462
83.5782,0.6566,2.8366
83.5784,0.6022,2.6014
83.5786,0.5973,2.5778
83.5788,0.6301,2.7183
83.5790,0.6395,2.7587
83.5792,0.692,2.9811
83.5794,0.7822,3.368
83.5796,0.8145,3.5074
83.5798,0.7024,3.0288
83.5800,0.6583,2.8399
83.5802,0.6307,2.7209
83.5804,0.6547,2.8204
83.5806,0.6727,2.9033
83.5808,0.6347,2.738
83.5810,0.6298,2.7155
83.5812,0.6319,2.7261
83.5814,0.6288,2.7126
83.5816,0.6311,2.7237
83.5818,0.633,2.7295
83.5820,0.6313,2.721
83.5822,0.6686,2.887
83.5824,0.6312,2.723
83.5826,0.6345,2.7349
83.5828,0.7149,3.074
83.5830,0.7923,3.4134
83.5832,0.7419,3.1974
83.5834,0.6655,2.8682
83.5836,0.6411,2.7697
83.5838,0.6386,2.755
83.5840,0.6336,2.732
83.5842,0.6365,2.7457
83.5844,0.6348,2.7397
83.5846,0.6374,2.7486
83.5848,0.6431,2.7703
83.5850,0.6621,2.8538
83.5852,0.6649,2.8696
83.5854,0.6365,2.7444
83.5856,0.7051,3.0374
83.5858,0.6802,2.9304
83.5860,0.7429,3.1932
83.5862,0.835,3.5923
83.5864,0.7875,3.3928
83.5866,0.7429,3.1976
83.5868,0.7421,3.1955
83.5870,0.7391,3.1841
83.5872,0.7319,3.1502
83.5874,0.7905,3.3978
83.5876,0.8702,3.7295
83.5878,1.0009,4.2977
83.5880,0.9415,4.0447
83.5882,0.9079,3.9023
83.5884,0.9082,3.9106
83.5886,0.7913,3.4088
83.5888,0.7391,3.1856
83.5890,0.7125,3.0708
83.5892,0.6993,3.0112
83.5894,0.7064,3.0431
83.5896,0.6926,2.9837
83.5898,0.7561,3.2559
83.5900,0.7909,3.4041
83.5902,0.7569,3.256
83.5904,0.7649,3.2936
83.5906,0.7756,3.3396
83.5908,0.7826,3.3653
83.5910,0.8006,3.4427
83.5912,0.8676,3.7292
83.5914,0.8609,3.7037
83.5916,0.8265,3.554
83.5918,0.8149,3.5073
83.5920,0.8042,3.4614
83.5922,0.7955,3.4205
83.5924,0.8712,3.7429
83.5926,0.8311,3.577
83.5928,0.78,3.3571
83.5930,0.7706,3.3168
83.5932,0.767,3.2937
83.5934,0.9536,4.091
83.5936,1.0462,4.4861
83.5938,0.9692,4.1715
83.5940,0.8198,3.5235
83.5942,0.8611,3.6974
83.5944,0.8495,3.6547
83.5946,0.7741,3.3365
83.5948,0.7174,3.0992
83.5950,0.5554,2.3983
83.5952,0.5732,2.4726
83.5954,0.6126,2.644
83.5956,0.6204,2.6739
83.5958,0.6715,2.8941
83.5960,0.6513,2.8073
83.5962,0.6527,2.8169
83.5964,0.6293,2.7122
83.5966,0.7148,3.0792
83.5968,0.6951,2.9959
83.5970,0.6913,2.9752
83.5972,0.8259,3.5515
83.5974,0.8428,3.6208
83.5976,0.8913,3.8289
83.5978,0.9453,4.0593
83.5980,0.9322,4.0064
83.5982,0.8638,3.7092
83.5984,0.9378,4.0213
83.5986,1.041,4.4619
83.5988,1.0613,4.5445
83.5990,1.0501,4.5051
83.5992,0.9979,4.2809
83.5994,1.0135,4.3457
83.5996,1.0693,4.5896
83.5998,1.0269,4.4012
83.6000,1.075,4.6073
83.6002,1.079,4.6269
83.6004,1.0551,4.5241
83.6006,1.0175,4.3652
83.6008,1.0201,4.3801
83.6010,1.0163,4.3601
83.6012,1.0583,4.5401
83.6014,0.9989,4.2835
83.6016,1.0606,4.5456
83.6018,1.0886,4.6681
83.6020,1.0705,4.5926
83.6022,1.0132,4.3467
83.6024,1.0089,4.3302
83.6026,1.0352,4.445
83.6028,1.0205,4.3822
83.6030,0.984,4.2232
83.6032,1.051,4.5003
83.6034,1.1691,5.0037
83.6036,1.1455,4.9049
83.6038,1.1721,5.0189
83.6040,1.2132,5.195
83.6042,1.1819,5.0705
83.6044,1.0438,4.48
83.6046,1.0115,4.3435
83.6048,1.0328,4.4326
83.6050,1.032,4.4378
83.6052,0.9337,4.0112
83.6054,0.935,4.0207
83.6056,0.8884,3.8219
83.6058,0.9311,4.0018
83.6060,0.9527,4.0907
83.6062,0.9148,3.939
83.6064,0.8119,3.4911
83.6066,0.9168,3.9349
83.6068,1.0172,4.3677
83.6070,0.9754,4.1925
83.6072,0.92,3.9562
83.6074,0.9934,4.2618
83.6076,1.0497,4.501
83.6078,1.0854,4.652
83.6080,1.1623,4.9861
83.6082,1.0683,4.5785
83.6084,1.1258,4.8297
83.6086,1.0801,4.651
83.6088,0.8889,3.831
83.6090,0.7909,3.4088
83.6092,0.7941,3.4196
83.6094,0.8645,3.7192
83.6096,0.86,3.7048
83.6098,0.7994,3.4423
83.6100,0.8078,3.4817
83.6102,0.7808,3.3638
83.6104,0.8282,3.5662
83.6106,0.8569,3.6931
83.6108,0.7714,3.323
83.6110,0.7561,3.2589
83.6112,0.801,3.449
83.6114,0.8253,3.5555
83.6116,0.8193,3.5346
83.6118,0.8142,3.5009
83.6120,0.929,3.9912
83.6122,0.9918,4.2625
83.6124,0.9932,4.2608
83.6126,1.0443,4.4778
83.6128,1.1633,4.9605
83.6130,1.4644,6.256
83.6132,1.3648,5.8495
83.6134,1.1286,4.8393
83.6136,1.0981,4.6955
83.6138,1.2239,5.2603
83.6140,1.0686,4.5929
83.6142,0.9902,4.2578
83.6144,0.9064,3.8974
83.6146,0.9033,3.8949
83.6148,0.8469,3.6485
83.6150,0.8194,3.5269
83.6152,0.8682,3.7369
83.6154,0.8606,3.7074
83.6156,0.8052,3.4703
83.6158,0.7682,3.3081
83.6160,0.7968,3.4325
83.6162,0.77,3.3266
83.6164,0.6456,2.7902
83.6166,0.5908,2.5522
83.6168,0.5757,2.4904
83.6170,0.5654,2.4446
83.6172,0.5651,2.4425
83.6174,0.5694,2.46
83.6176,0.566,2.4438
83.6178,0.5787,2.4999
83.6180,0.5859,2.5321
83.6182,0.5824,2.5182
83.6184,0.6395,2.7612
83.6186,0.6386,2.755
83.6188,0.6672,2.8728
83.6190,0.7614,3.2771
83.6192,0.829,3.5698
83.6194,0.7848,3.384
83.6196,0.7229,3.1187
83.6198,0.6896,2.9749
83.6200,0.6913,2.9849
83.6202,0.6734,2.9023
83.6204,0.7137,3.0746
83.6206,0.7487,3.2269
83.6208,0.7982,3.4403
83.6210,0.7932,3.4107
83.6212,0.8577,3.6932
83.6214,0.883,3.8004
83.6216,0.8726,3.7555
83.6218,0.8847,3.797
83.6220,0.9913,4.2704
83.6222,0.8408,3.6188
83.6224,0.8322,3.5866
83.6226,0.7263,3.1317
83.6228,0.7288,3.1455
83.6230,0.6881,2.9673
83.6232,0.6838,2.9528
83.6234,0.6524,2.8171
83.6236,0.6473,2.791
83.6238,0.6485,2.7974
83.6240,0.653,2.8184
83.6242,0.6519,2.8138
83.6244,0.648,2.7954
83.6246,0.6485,2.7974
83.6248,0.6575,2.8362
83.6250,0.6622,2.8569
83.6252,0.6492,2.8005
83.6254,0.6889,2.9718
83.6256,0.6505,2.8023
83.6258,0.7047,3.0358
83.6260,0.7449,3.2148
83.6262,0.6403,2.7661
83.6264,0.5992,2.5872
83.6266,0.5963,2.576
83.6268,0.5798,2.5057
83.6270,0.5549,2.3962
83.6272,0.5535,2.3911
83.6274,0.5387,2.3252
83.6276,0.5826,2.5135
83.6278,0.6264,2.7035
83.6280,0.6089,2.6267
83.6282,0.6094,2.63
83.6284,0.617,2.6595
83.6286,0.6674,2.8778
83.6288,0.6322,2.7284
83.6290,0.6184,2.6688
83.6292,0.6392,2.7525
83.6294,0.7013,3.0214
83.6296,0.7368,3.1743
83.6298,0.7848,3.3762
83.6300,0.7953,3.4232
83.6302,0.8013,3.4377
83.6304,1.054,4.5153
83.6306,1.1603,4.9616
83.6308,1.1295,4.8411
83.6310,1.0238,4.3899
83.6312,1.0535,4.5195
83.6314,1.0266,4.4023
83.6316,1.023,4.3991
83.6318,0.944,4.0499
83.6320,1.0621,4.546
83.6322,1.2094,5.1641
83.6324,1.3056,5.5799
83.6326,1.3114,5.6155
83.6328,1.1705,5.0193
83.6330,1.1735,5.0227
83.6332,1.2316,5.2736
83.6334,1.2433,5.3214
83.6336,1.2384,5.288
83.6338,1.2933,5.5354
83.6340,1.233,5.2748
83.6342,1.2792,5.4723
83.6344,1.2617,5.3999
83.6346,1.2296,5.2604
83.6348,1.2547,5.3676
83.6350,1.2599,5.3922
83.6352,1.2123,5.1933
83.6354,1.1431,4.9015
83.6356,1.1205,4.8026
83.6358,1.2129,5.191
83.6360,1.2474,5.3389
83.6362,1.2498,5.3516
83.6364,1.1852,5.082
83.6366,1.1926,5.1115
83.6368,1.2031,5.1567
83.6370,1.0892,4.6859
83.6372,0.9594,4.1253
83.6374,0.9858,4.2407
83.6376,0.925,3.9792
83.6378,0.9103,3.9126
83.6380,0.9425,4.047
83.6382,0.9747,4.1874
83.6384,0.9692,4.1715
83.6386,0.9288,3.9994
83.6388,0.8569,3.6862
83.6390,0.9238,3.9703
83.6392,0.9836,4.2314
83.6394,0.9214,3.9619
83.6396,0.8685,3.7414
83.6398,0.82,3.5328
83.6400,0.8022,3.4558
83.6402,0.7879,3.3959
83.6404,0.7744,3.339
83.6406,0.784,3.3773
83.6408,0.8607,3.6993
83.6410,0.9275,3.9937
83.6412,0.8114,3.4939
83.6414,0.8083,3.4805
83.6416,0.862,3.7118
83.6418,0.8627,3.7149
83.6420,0.8302,3.58
83.6422,0.7469,3.2162
83.6424,0.7637,3.293
83.6426,0.7168,3.0894
83.6428,0.7694,3.3178
83.6430,0.7675,3.305
83.6432,0.787,3.3933
83.6434,0.7798,3.3639
83.6436,0.782,3.3674
83.6438,0.8168,3.5204
83.6440,0.7952,3.4258
83.6442,0.744,3.2067
83.6444,0.7457,3.2155
83.6446,0.7348,3.1684
83.6448,0.7178,3.0964
83.6450,0.7077,3.053
83.6452,0.6844,2.954
83.6454,0.6911,2.9775
83.6456,0.7593,3.2693
83.6458,0.7973,3.4346
83.6460,0.8011,3.4479
83.6462,0.7801,3.367
83.6464,0.7106,3.0668
83.6466,0.6679,2.8826
83.6468,0.6667,2.8774
83.6470,0.6557,2.8324
83.6472,0.6427,2.7726
83.6474,0.6669,2.8744
83.6476,0.7199,3.1043
83.6478,0.7252,3.1242
83.6480,0.7392,3.189
83.6482,0.7254,3.1252
83.6484,0.8088,3.4874
83.6486,0.704,3.0355
83.6488,0.6648,2.8705
83.6490,0.6399,2.7646
83.6492,0.6325,2.7249
83.6494,0.7715,3.3205
83.6496,0.7694,3.324
83.6498,0.6774,2.9248
83.6500,0.6582,2.838
83.6502,0.6968,3.0045
83.6504,0.7483,3.2253
83.6506,0.7512,3.2363
83.6508,0.7591,3.2673
83.6510,0.7732,3.3292
83.6512,0.7824,3.3706
83.6514,0.8175,3.5219
83.6516,0.8332,3.5846
83.6518,0.8106,3.4919
83.6520,0.7503,3.2336
83.6522,0.7706,3.3153
83.6524,0.8376,3.6048
83.6526,0.8167,3.5118
83.6528,0.8667,3.7302
83.6530,0.827,3.5644
83.6532,0.7794,3.3592
83.6534,0.7637,3.2915
83.6536,0.7792,3.3535
83.6538,0.9992,4.2825
83.6540,1.0234,4.3966
83.6542,0.9831,4.2136
83.6544,1.121,4.7979
83.6546,1.0982,4.7224
83.6548,1.0488,4.5058
83.6550,1.0171,4.3693
83.6552,1.031,4.4228
83.6554,1.0523,4.5165
83.6556,1.0546,4.5263
83.6558,1.0518,4.5186
83.6560,0.9916,4.266
83.6562,0.8921,3.8361
83.6564,0.8757,3.7637
83.6566,0.9283,3.9918
83.6568,0.9136,3.9265
83.6570,0.8612,3.7065
83.6572,0.8391,3.6082
83.6574,0.9372,4.0299
83.6576,0.9258,3.9847
83.6578,0.8343,3.5926
83.6580,0.7859,3.3871
83.6582,0.7774,3.3504
83.6584,0.7557,3.2539
83.6586,0.7533,3.248
83.6588,0.7475,3.2217
83.6590,0.7941,3.4164
83.6592,0.8379,3.6097
83.6594,0.7475,3.2277
83.6596,0.6672,2.8755
83.6598,0.6817,2.9421
83.6600,0.608,2.6292
83.6602,0.5387,2.3284
83.6604,0.535,2.3135
83.6606,0.5348,2.3135
83.6608,0.5337,2.3077
83.6610,0.5481,2.3645
83.6612,0.5999,2.5928
83.6614,0.5403,2.3352
83.6616,0.5349,2.3108
83.6618,0.5318,2.2973
83.6620,0.5306,2.2932
83.6622,0.5553,2.3977
83.6624,0.6456,2.7799
83.6626,0.728,3.1375
83.6628,0.7402,3.1902
83.6630,0.7643,3.288
83.6632,0.8503,3.6561
83.6634,0.8582,3.6936
83.6636,0.9067,3.8935
83.6638,0.9975,4.2773
83.6640,1.0864,4.6605
83.6642,1.0488,4.51
83.6644,0.9124,3.9232
83.6646,0.8615,3.7029
83.6648,0.8998,3.8601
83.6650,1.0539,4.5169
83.6652,1.1035,4.734
83.6654,1.1112,4.7603
83.6656,1.1228,4.8146
83.6658,1.122,4.811
83.6660,1.0805,4.6353
83.6662,1.0629,4.5512
83.6664,1.2191,5.2153
83.6666,1.2792,5.4723
83.6668,1.254,5.3646
83.6670,1.3004,5.5631
83.6672,1.2979,5.5627
83.6674,1.1858,5.0798
83.6676,1.1109,4.7704
83.6678,1.0035,4.307
83.6680,1.0563,4.5335
83.6682,1.0816,4.6399
83.6684,1.0692,4.5912
83.6686,1.098,4.7082
83.6688,1.1254,4.8237
83.6690,1.1392,4.8964
83.6692,0.9659,4.1551
83.6694,0.8969,3.8585
83.6696,0.9065,3.9052
83.6698,0.8902,3.8314
83.6700,0.9073,3.8979
83.6702,0.9414,4.0461
83.6704,0.95,4.0832
83.6706,0.9529,4.0975
83.6708,0.9475,4.0686
83.6710,0.9993,4.293
83.6712,0.9759,4.1945
83.6714,0.9956,4.283
83.6716,0.9539,4.0997
83.6718,0.969,4.1666
83.6720,0.9245,3.9771
83.6722,0.9043,3.8941
83.6724,0.8716,3.7531
83.6726,0.8879,3.8162
83.6728,0.8959,3.8597
83.6730,0.8656,3.729
83.6732,0.863,3.7142
83.6734,0.8975,3.8575
83.6736,0.9571,4.1194
83.6738,0.9057,3.8961
83.6740,0.8459,3.6291
83.6742,1.0548,4.54
83.6744,0.8902,3.8349
83.6746,0.9891,4.2492
83.6748,1.0599,4.5532
83.6750,1.0112,4.3521
83.6752,0.8727,3.7613
83.6754,0.7672,3.3019
83.6756,0.8325,3.5848
83.6758,0.8741,3.7657
83.6760,0.8663,3.7339
83.6762,0.8111,3.4924
83.6764,0.863,3.7194
83.6766,0.8483,3.6581
83.6768,0.7533,3.248
83.6770,0.7021,3.0315
83.6772,0.6439,2.7804
83.6774,0.6786,2.93
83.6776,0.651,2.8109
83.6778,0.636,2.7449
83.6780,0.6711,2.8992
83.6782,0.6444,2.7811
83.6784,0.6367,2.7493
83.6786,0.6488,2.7964
83.6788,0.7274,3.1349
83.6790,0.7368,3.1772
83.6792,0.732,3.1609
83.6794,0.6594,2.8472
83.6796,0.641,2.7667
83.6798,0.6368,2.7498
83.6800,0.6348,2.7423
83.6802,0.6397,2.7597
83.6804,0.6714,2.8949
83.6806,0.7101,3.0647
83.6808,0.6197,2.6795
83.6810,0.5395,2.3316
83.6812,0.5572,2.4083
83.6814,0.5945,2.5682
83.6816,0.5898,2.5469
83.6818,0.5827,2.5151
83.6820,0.5824,2.5148
83.6822,0.5851,2.5302
83.6824,0.5833,2.5201
83.6826,0.5861,2.5308
83.6828,0.5832,2.5195
83.6830,0.5835,2.5206
83.6832,0.5836,2.5176
83.6834,0.5862,2.5313
83.6836,0.589,2.5432
83.6838,0.5849,2.5233
83.6840,0.5847,2.5246
83.6842,0.5902,2.5472
83.6844,0.6375,2.7491
83.6846,0.6628,2.8595
83.6848,0.5999,2.5904
83.6850,0.5862,2.5313
83.6852,0.5887,2.5387
83.6854,0.6597,2.8421
83.6856,0.7116,3.0644
83.6858,0.736,3.1692
83.6860,0.7602,3.275
83.6862,0.7461,3.214
83.6864,0.7048,3.0377
83.6866,0.7057,3.0385
83.6868,0.6991,3.0129
83.6870,0.7181,3.0937
83.6872,0.794,3.4159
83.6874,0.9445,4.0519
83.6876,0.9995,4.294
83.6878,0.9536,4.0987
83.6880,0.9714,4.1672
83.6882,0.9193,3.9586
83.6884,0.7217,3.1092
83.6886,0.6932,2.9918
83.6888,0.6766,2.9163
83.6890,0.7552,3.2503
83.6892,0.7764,3.3447
83.6894,0.7325,3.1557
83.6896,0.7205,3.104
83.6898,0.7105,3.0578
83.6900,0.7465,3.2116
83.6902,0.7945,3.4195
83.6904,0.8066,3.4717
83.6906,0.7949,3.4211
83.6908,0.7858,3.3834
83.6910,0.7746,3.3354
83.6912,0.78,3.354
83.6914,0.8079,3.479
83.6916,0.7718,3.3205
83.6918,0.7859,3.3887
83.6920,0.6781,2.9225
83.6922,0.6973,3.0038
83.6924,0.7524,3.2354
83.6926,0.8226,3.5387
83.6928,0.7702,3.3179
83.6930,0.7798,3.3498
83.6932,0.8916,3.8304
83.6934,0.8849,3.7998
83.6936,0.9082,3.9015
83.6938,0.9993,4.283
83.6940,1.0864,4.6605
83.6942,1.0033,4.314
83.6944,0.8232,3.5396
83.6946,0.8877,3.8134
83.6948,0.9257,3.9786
83.6950,0.8829,3.7964
83.6952,0.8722,3.7505
83.6954,0.7977,3.4399
83.6956,0.6855,2.9532
83.6958,0.7762,3.3204
83.6960,1.1039,4.7444
83.6962,0.9245,3.9753
83.6964,0.8999,3.8624
83.6966,0.9601,4.1265
83.6968,0.9159,3.94
83.6970,0.92,3.9525
83.6972,0.9404,4.0382
83.6974,0.989,4.2408
83.6976,1.0308,4.4244
83.6978,0.9856,4.2323
83.6980,0.9418,4.0439
83.6982,0.9796,4.2007
83.6984,1.1254,4.8237
83.6986,1.1356,4.8696
83.6988,1.0722,4.5998
83.6990,1.0398,4.4547
83.6992,1.0943,4.6922
83.6994,1.1078,4.7415
83.6996,1.2048,5.1591
83.6998,1.2376,5.2992
83.7000,1.2343,5.2854
83.7002,1.2118,5.1816
83.7004,1.2696,5.4287
83.7006,1.2011,5.1504
83.7008,1.1001,4.724
83.7010,0.9794,4.2075
83.7012,0.9501,4.0875
83.7014,0.9523,4.0911
83.7016,0.9765,4.1951
83.7018,0.9747,4.1913
83.7020,0.9695,4.1628
83.7022,1.0276,4.4105
83.7024,1.0412,4.4728
83.7026,1.0177,4.3759
83.7028,0.9715,4.1716
83.7030,0.9902,4.2559
83.7032,0.9404,4.0457
83.7034,0.925,3.9755
83.7036,0.9111,3.9157
83.7038,0.9366,4.0199
83.7040,0.9769,4.1947
83.7042,1.0118,4.3466
83.7044,0.9975,4.2813
83.7046,1.0185,4.3754
83.7048,1.0661,4.5778
83.7050,0.9971,4.2857
83.7052,0.9227,3.9639
83.7054,0.9284,3.9923
83.7056,0.9244,3.9785
83.7058,0.9382,4.0378
83.7060,0.9071,3.9023
83.7062,0.959,4.1199
83.7064,1.0069,4.3275
83.7066,0.9696,4.1672
83.7068,0.9608,4.1354
83.7070,0.9029,3.8879
83.7072,0.9166,3.9394
83.7074,0.9641,4.1454
83.7076,0.9705,4.1713
83.7078,0.9614,4.1399
83.7080,0.8796,3.7877
83.7082,0.8614,3.7058
83.7084,0.8515,3.6647
83.7086,0.8784,3.7843
83.7088,0.8055,3.4799
83.7090,0.6841,2.9483
83.7092,0.7964,3.4294
83.7094,0.8906,3.8329
83.7096,0.8676,3.7344
83.7098,0.8487,3.6528
83.7100,0.9039,3.8866
83.7102,0.9374,4.0291
83.7104,0.8994,3.8711
83.7106,0.9003,3.8783
83.7108,0.8718,3.7507
83.7110,0.9522,4.0887
83.7112,0.9775,4.2051
83.7114,0.9081,3.9119
83.7116,0.8286,3.5694
83.7118,0.7956,3.4274
83.7120,0.7866,3.3886
83.7122,0.8517,3.6657
83.7124,0.8968,3.858
83.7126,0.8938,3.8433
83.7128,0.888,3.8185
83.7130,0.8435,3.6323
83.7132,0.7627,3.2904
83.7134,0.6934,2.9928
83.7136,0.7097,3.0604
83.7138,0.7134,3.0764
83.7140,0.7162,3.0854
83.7142,0.8277,3.5625
83.7144,0.8771,3.7734
83.7146,0.8624,3.7117
83.7148,0.8741,3.7622
83.7150,0.8405,3.6043
83.7152,0.924,3.9862
83.7154,0.7337,3.1638
83.7156,0.7319,3.1516
83.7158,0.8112,3.4929
83.7160,0.8658,3.7284
83.7162,0.8298,3.5729
83.7164,0.789,3.399
83.7166,0.8347,3.5974
83.7168,0.769,3.3189
83.7170,0.7253,3.129
83.7172,0.671,2.896
83.7174,0.6401,2.76
83.7176,0.7075,3.0505
83.7178,0.6685,2.8838
83.7180,0.6693,2.8888
83.7182,0.663,2.8627
83.7184,0.6738,2.9052
83.7186,0.7548,3.2517
83.7188,0.7829,3.3695
83.7190,0.8446,3.6319
83.7192,0.876,3.767
83.7194,0.9304,4.0024
83.7196,0.9102,3.9157
83.7198,0.8702,3.7417
83.7200,0.8571,3.6941
83.7202,0.8004,3.448
83.7204,0.8422,3.6199
83.7206,0.9129,3.9271
83.7208,0.9412,4.0432
83.7210,1.0203,4.377
83.7212,0.9918,4.2685
83.7214,0.9141,3.9377
83.7216,0.8196,3.5323
83.7218,0.7518,3.2403
83.7220,0.7495,3.232
83.7222,0.7539,3.2491
83.7224,0.8089,3.475
83.7226,0.9246,3.9739
83.7228,0.9082,3.9124
83.7230,0.8001,3.4502
83.7232,0.7507,3.2372
83.7234,0.7391,3.1826
83.7236,0.7416,3.1964
83.7238,0.7564,3.26
83.7240,0.7663,3.2983
83.7242,0.8152,3.5137
83.7244,0.7248,3.1284
83.7246,0.679,2.9294
83.7248,0.7046,3.0395
83.7250,0.6342,2.741
83.7252,0.6134,2.6476
83.7254,0.6112,2.6378
83.7256,0.5931,2.562
83.7258,0.6437,2.7716
83.7260,0.7542,3.2507
83.7262,0.698,3.0139
83.7264,0.6112,2.6402
83.7266,0.6097,2.6304
83.7268,0.6234,2.6918
83.7270,0.5926,2.5599
83.7272,0.6214,2.6805
83.7274,0.6072,2.6195
83.7276,0.6356,2.7408
83.7278,0.614,2.6514
83.7280,0.6162,2.662
83.7282,0.6092,2.6283
83.7284,0.6097,2.6304
83.7286,0.5965,2.5782
83.7288,0.5788,2.4981
83.7290,0.6541,2.8152
83.7292,0.7341,3.1609
83.7294,0.7452,3.2074
83.7296,0.7603,3.274
83.7298,0.8065,3.4647
83.7300,0.8928,3.8392
83.7302,0.8569,3.6879
83.7304,0.8474,3.6421
83.7306,0.8814,3.7902
83.7308,0.8884,3.8165
83.7310,0.9383,4.0289
83.7312,0.9858,4.2309
83.7314,1.0094,4.3323
83.7316,1.0156,4.357
83.7318,1.0043,4.3167
83.7320,0.9704,4.1631
83.7322,1.0627,4.5528
83.7324,1.1334,4.8576
83.7326,1.1776,5.0402
83.7328,1.2281,5.2513
83.7330,1.249,5.3405
83.7332,1.2545,5.3691
83.7334,1.2487,5.3445
83.7336,1.2105,5.188
83.7338,1.1813,5.049
83.7340,1.2696,5.4236
83.7342,1.3228,5.6669
83.7344,1.2047,5.1706
83.7346,1.1232,4.8162
83.7348,1.0891,4.6745
83.7350,1.0999,4.7208
83.7352,1.1028,4.731
83.7354,1.0898,4.6754
83.7356,1.1379,4.8794
83.7358,1.1217,4.81
83.7360,1.1096,4.7625
83.7362,1.0931,4.6871
83.7364,1.1088,4.7589
83.7366,1.1012,4.7066
83.7368,1.2516,5.3668
83.7370,1.1001,4.724
83.7372,1.0374,4.4631
83.7374,0.9924,4.2651
83.7376,0.9808,4.2137
83.7378,1.038,4.4511
83.7380,1.0787,4.6276
83.7382,1.0537,4.5332
83.7384,0.9269,3.9875
83.7386,0.9282,3.9931
83.7388,0.8958,3.8556
83.7390,0.8371,3.6095
83.7392,0.8009,3.4469
83.7394,0.873,3.7558
83.7396,0.9059,3.8954
83.7398,0.9181,3.948
83.7400,0.9601,4.1284
83.7402,0.8987,3.8734
83.7404,0.8419,3.6234
83.7406,0.9403,4.0433
83.7408,0.9356,4.0251
83.7410,0.8717,3.7554
83.7412,0.8311,3.5803
83.7414,0.759,3.2698
83.7416,0.7554,3.2558
83.7418,0.6938,2.9999
83.7420,0.6139,2.6522
83.7422,0.6112,2.6402
83.7424,0.6223,2.6859
83.7426,0.668,2.8831
83.7428,0.6789,2.9316
83.7430,0.6805,2.9342
83.7432,0.7318,3.1599
83.7434,0.6462,2.7928
83.7436,0.6085,2.6301
83.7438,0.61,2.6338
83.7440,0.6116,2.6411
83.7442,0.6107,2.6382
83.7444,0.5795,2.5035
83.7446,0.6003,2.5931
83.7448,0.5367,2.3218
83.7450,0.525,2.272
83.7452,0.528,2.2807
83.7454,0.5829,2.518
83.7456,0.6167,2.6641
83.7458,0.6178,2.6687
83.7460,0.6029,2.6033
83.7462,0.576,2.4862
83.7464,0.5762,2.4867
83.7466,0.5782,2.4955
83.7468,0.6073,2.6249
83.7470,0.6058,2.6157
83.7472,0.6031,2.6031
83.7474,0.6133,2.6459
83.7476,0.5898,2.5469
83.7478,0.581,2.5074
83.7480,0.6253,2.7014
83.7482,0.581,2.5085
83.7484,0.5727,2.474
83.7486,0.5577,2.4103
83.7488,0.5505,2.377
83.7490,0.5501,2.3755
83.7492,0.5594,2.4165
83.7494,0.5742,2.4772
83.7496,0.6023,2.5983
83.7498,0.5969,2.5738
83.7500,0.6631,2.8579
83.7502,0.7114,3.0633
83.7504,0.7109,3.0627
83.7506,0.7072,3.0495
83.7508,0.7192,3.0983
83.7510,0.7415,3.1944
83.7512,0.7672,3.2988
83.7514,0.7823,3.37
83.7516,0.7047,3.0386
83.7518,0.7169,3.0914
83.7520,0.7328,3.1596
83.7522,0.6823,2.942
83.7524,0.7024,3.0246
83.7526,0.7802,3.3581
83.7528,0.7649,3.2936
83.7530,0.7644,3.2885
83.7532,0.7649,3.2936
83.7534,0.7447,3.2113
83.7536,0.7404,3.1868
83.7538,0.8099,3.4856
83.7540,0.7961,3.4199
83.7542,0.9021,3.8698
83.7544,0.9837,4.2241
83.7546,0.9679,4.1542
83.7548,0.9635,4.1409
83.7550,0.8883,3.8214
83.7552,0.9012,3.8717
83.7554,0.8928,3.8338
83.7556,0.8528,3.6618
83.7558,0.9202,3.9494
83.7560,0.851,3.666
83.7562,0.704,3.0355
83.7564,0.7287,3.1348
83.7566,0.7746,3.3354
83.7568,0.7184,3.0803
83.7570,0.9407,4.0505
83.7572,0.7802,3.3597
83.7574,0.742,3.1935
83.7576,0.7742,3.3323
83.7578,0.8166,3.5161
83.7580,0.7819,3.3654
83.7582,0.7812,3.367
83.7584,0.6975,3.0048
83.7586,0.6987,3.01
83.7588,0.7492,3.232
83.7590,0.6637,2.8618
83.7592,0.6368,2.7473
83.7594,0.6342,2.7372
83.7596,0.5896,2.5482
83.7598,0.526,2.2735
83.7600,0.5175,2.2357
83.7602,0.5315,2.2963
83.7604,0.5344,2.3087
83.7606,0.5333,2.303
83.7608,0.5276,2.275
83.7610,0.6023,2.6019
83.7612,0.5456,2.3569
83.7614,0.5324,2.2999
83.7616,0.5272,2.2755
83.7618,0.533,2.3025
83.7620,0.5152,2.2258
83.7622,0.5347,2.3065
83.7624,0.6392,2.7525
83.7626,0.6669,2.8758
83.7628,0.6295,2.7145
83.7630,0.6667,2.8721
83.7632,0.7293,3.1403
83.7634,0.7275,3.1354
83.7636,0.6975,3.0034
83.7638,0.7423,3.1876
83.7640,0.838,3.5985
83.7642,0.8896,3.8199
83.7644,0.8965,3.8498
83.7646,0.9465,4.0626
83.7648,0.98,4.2042
83.7650,0.9695,4.1589
83.7652,0.9655,4.142
83.7654,0.978,4.1974
83.7656,0.9702,4.162
83.7658,0.9695,4.157
83.7660,0.9804,4.2077
83.7662,1.0662,4.5698
83.7664,1.0771,4.6187
83.7666,1.0729,4.5986
83.7668,1.1034,4.7291
83.7670,1.0966,4.6954
83.7672,1.0647,4.5716
83.7674,0.9401,4.0404
83.7676,0.9539,4.0997
83.7678,0.9757,4.1857
83.7680,1.0037,4.3081
83.7682,1.018,4.3713
83.7684,0.9916,4.2521
83.7686,1.0135,4.3538
83.7688,0.9084,3.9026
83.7690,0.9205,3.9527
83.7692,0.9956,4.2751
83.7694,0.9826,4.2155
83.7696,1.04,4.4614
83.7698,0.9971,4.2798
83.7700,1.0113,4.3364
83.7702,1.0697,4.5847
83.7704,1.1057,4.7411
83.7706,1.087,4.6609
83.7708,1.0912,4.6745
83.7710,1.1177,4.7925
83.7712,1.0831,4.6466
83.7714,1.0637,4.5611
83.7716,1.0565,4.5345
83.7718,0.9858,4.2348
83.7720,1.0142,4.3508
83.7722,1.0593,4.5442
83.7724,1.0697,4.5847
83.7726,1.0838,4.6453
83.7728,1.0173,4.3764
83.7730,0.8864,3.8078
83.7732,0.9196,3.9523
83.7734,0.94,4.038
83.7736,0.9624,4.1344
83.7738,1.0135,4.3538
83.7740,1.0256,4.3997
83.7742,1.0373,4.4584
83.7744,0.8991,3.866
83.7746,0.8786,3.7796
83.7748,0.8571,3.6889
83.7750,0.8379,3.603
83.7752,0.8553,3.6846
83.7754,0.7823,3.3747
83.7756,0.764,3.29
83.7758,0.7965,3.4267
83.7760,0.8575,3.6922
83.7762,0.7873,3.3949
83.7764,0.7113,3.0657
83.7766,0.7794,3.3545
83.7768,0.8078,3.4801
83.7770,0.8535,3.6718
83.7772,0.869,3.7366
83.7774,0.8265,3.5573
83.7776,0.8443,3.6354
83.7778,0.7974,3.4367
83.7780,0.756,3.2554
83.7782,0.7832,3.3632
83.7784,0.9782,4.2161
83.7786,0.744,3.2097
83.7788,0.7477,3.2198
83.7790,0.8102,3.4904
83.7792,0.7275,3.1369
83.7794,0.7116,3.0686
83.7796,0.7102,3.0653
83.7798,0.701,3.0156
83.7800,0.7644,3.3007
83.7802,0.6377,2.7547
83.7804,0.6853,2.9521
83.7806,0.7587,3.2668
83.7808,0.7465,3.2191
83.7810,0.6784,2.9268
83.7812,0.6682,2.8815
83.7814,0.6639,2.8628
83.7816,0.66,2.8484
83.7818,0.6591,2.8448
83.7820,0.6551,2.822
83.7822,0.7132,3.0739
83.7824,0.724,3.1248
83.7826,0.6522,2.8148
83.7828,0.6717,2.8938
83.7830,0.7385,3.1844
83.7832,0.7531,3.249
83.7834,0.6895,2.9744
83.7836,0.648,2.7954
83.7838,0.6438,2.776
83.7840,0.6504,2.8044
83.7842,0.6507,2.8073
83.7844,0.6627,2.859
83.7846,0.6473,2.7923
83.7848,0.7049,3.0354
83.7850,0.7775,3.3509
83.7852,0.7512,3.2363
83.7854,0.7529,3.2405
83.7856,0.7727,3.3256
83.7858,0.7617,3.2797
83.7860,0.7819,3.3654
83.7862,0.8258,3.5493
83.7864,0.8465,3.6435
83.7866,0.8861,3.8085
83.7868,0.9009,3.8737
83.7870,0.8452,3.6362
83.7872,0.8589,3.6932
83.7874,0.8684,3.7357
83.7876,0.8326,3.5803
83.7878,0.8552,3.6807
83.7880,0.8669,3.7243
83.7882,0.9244,3.9711
83.7884,0.8529,3.676
83.7886,0.7462,3.216
83.7888,0.7925,3.4044
83.7890,0.9063,3.8987
83.7892,0.7758,3.3421
83.7894,0.7669,3.3008
83.7896,0.8234,3.5406
83.7898,0.8582,3.6919
83.7900,0.8554,3.6783
83.7902,0.8162,3.5097
83.7904,0.8292,3.5704
83.7906,0.8094,3.4852
83.7908,0.8126,3.4975
83.7910,0.8106,3.4855
83.7912,0.8597,3.6969
83.7914,0.8926,3.8363
83.7916,0.8727,3.7525
83.7918,0.8635,3.7094
83.7920,0.9494,4.0844
83.7922,0.8139,3.508
83.7924,0.7624,3.2843
83.7926,0.7921,3.4076
83.7928,0.8379,3.603
83.7930,0.8624,3.7151
83.7932,0.7631,3.2843
83.7934,0.7806,3.3581
83.7936,0.7802,3.3581
83.7938,0.7384,3.1869
83.7940,0.6551,2.8272
83.7942,0.6766,2.9122
83.7944,0.7855,3.3793
83.7946,0.7727,3.3303
83.7948,0.7387,3.1884
83.7950,0.6692,2.8802
83.7952,0.842,3.6189
83.7954,0.8853,3.8049
83.7956,0.8847,3.8076
83.7958,0.853,3.6714
83.7960,0.8156,3.5055
83.7962,0.881,3.7881
83.7964,0.8393,3.6126
83.7966,0.8082,3.4751
83.7968,0.8501,3.6488
83.7970,0.9703,4.1761
83.7972,0.8493,3.6571
83.7974,0.8117,3.4901
83.7976,0.8268,3.5518
83.7978,0.9786,4.1961
83.7980,1.0489,4.5
83.7982,1.0292,4.4069
83.7984,1.2579,5.379
83.7986,1.2427,5.3313
83.7988,1.1559,4.9519
83.7990,1.239,5.3054
83.7992,1.1931,5.1088
83.7994,1.1878,5.0838
83.7996,1.201,5.145
83.7998,1.1353,4.8635
83.8000,1.327,5.677
83.8002,1.275,5.462
83.8004,1.1615,4.9784
83.8006,1.1607,4.9771
83.8008,1.1599,4.9665
83.8010,1.1921,5.107
83.8012,1.1867,5.0887
83.8014,1.1301,4.8505
83.8016,1.1065,4.7491
83.8018,1.1028,4.7265
83.8020,1.1422,4.8979
83.8022,1.1663,5.0013
83.8024,1.1057,4.7433
83.8026,1.0674,4.5792
83.8028,1.0191,4.376
83.8030,1.1145,4.7791
83.8032,1.1324,4.8603
83.8034,1.0781,4.6315
83.8036,1.0409,4.4676
83.8038,1.0534,4.5211
83.8040,1.1085,4.7601
83.8042,1.0545,4.5363
83.8044,0.9181,3.9498
83.8046,0.9726,4.1859
83.8048,0.9278,3.9934
83.8050,0.8763,3.7715
83.8052,0.8467,3.639
83.8054,0.989,4.2487
83.8056,1.0252,4.4043
83.8058,1.0211,4.3929
83.8060,0.9649,4.151
83.8062,0.9029,3.8879
83.8064,0.9194,3.961
83.8066,0.8593,3.6931
83.8068,0.9653,4.1409
83.8070,1.0437,4.4857
83.8072,0.9733,4.1871
83.8074,0.9497,4.0874
83.8076,0.8951,3.8543
83.8078,0.8151,3.5165
83.8080,0.7242,3.1244
83.8082,0.7405,3.1888
83.8084,0.7458,3.2145
83.8086,0.8025,3.4525
83.8088,0.8748,3.7706
83.8090,0.7547,3.2558
83.8092,0.7522,3.2434
83.8094,0.7925,3.4139
83.8096,0.8214,3.5368
83.8098,0.8208,3.5408
83.8100,0.7337,3.1638
83.8102,0.7473,3.2207
83.8104,0.7348,3.1669
83.8106,0.7852,3.3824
83.8108,0.8343,3.5909
83.8110,0.8396,3.6153
83.8112,0.8298,3.5763
83.8114,0.7867,3.3939
83.8116,0.7019,3.0282
83.8118,0.6911,2.9816
83.8120,0.7477,3.2243
83.8122,0.7634,3.295
83.8124,0.6887,2.9726
83.8126,0.6899,2.9778
83.8128,0.681,2.9376
83.8130,0.6875,2.9661
83.8132,0.6555,2.8306
83.8134,0.6552,2.8264
83.8136,0.684,2.9506
83.8138,0.6489,2.7995
83.8140,0.6642,2.8679
83.8142,0.6854,2.9595
83.8144,0.6795,2.9287
83.8146,0.7403,3.1892
83.8148,0.7781,3.3504
83.8150,0.7717,3.3292
83.8152,0.6814,2.9342
83.8154,0.7322,3.1527
83.8156,0.7675,3.308
83.8158,0.7654,3.3003
83.8160,0.7477,3.2258
83.8162,0.6799,2.933
83.8164,0.6634,2.8608
83.8166,0.6728,2.9011
83.8168,0.677,2.9179
83.8170,0.7494,3.23
83.8172,0.7312,3.15
83.8174,0.7259,3.1302
83.8176,0.7116,3.0701
83.8178,0.7013,3.0228
83.8180,0.7518,3.2403
83.8182,0.768,3.3055
83.8184,0.8218,3.5389
83.8186,0.8102,3.4888
83.8188,0.8151,3.5099
83.8190,0.8278,3.5614
83.8192,0.9295,3.9969
83.8194,0.9703,4.1606
83.8196,0.9813,4.2197
83.8198,0.8596,3.6895
83.8200,1.032,4.4275
83.8202,1.0112,4.342
83.8204,0.9759,4.1965
83.8206,0.9175,3.9472
83.8208,0.8494,3.6576
83.8210,0.7727,3.3287
83.8212,0.773,3.3318
83.8214,0.7664,3.2957
83.8216,0.8615,3.7011
83.8218,0.95,4.0737
83.8220,0.9548,4.1095
83.8222,0.8691,3.7458
83.8224,0.839,3.6077
83.8226,0.9266,3.9846
83.8228,0.8451,3.6356
83.8230,0.8133,3.4908
83.8232,0.9331,4.0143
83.8234,0.8427,3.6338
83.8236,0.7537,3.2531
83.8238,0.6884,2.9683
83.8240,0.6897,2.9699
83.8242,0.7324,3.1566
83.8244,0.6915,2.9873
83.8246,0.5385,2.3285
83.8248,0.5114,2.2134
83.8250,0.4926,2.1309
83.8252,0.4877,2.1087
83.8254,0.488,2.1102
83.8256,0.5078,2.1958
83.8258,0.5109,2.2092
83.8260,0.491,2.1222
83.8262,0.4927,2.1285
83.8264,0.5511,2.3785
83.8266,0.632,2.7266
83.8268,0.5817,2.514
83.8270,0.5025,2.1739
83.8272,0.4965,2.146
83.8274,0.4967,2.1455
83.8276,0.5204,2.246
83.8278,0.5861,2.532
83.8280,0.5269,2.2708
83.8282,0.6506,2.8042
83.8284,0.6857,2.9528
83.8286,0.7004,3.0242
83.8288,0.6313,2.7235
83.8290,0.6612,2.8483
83.8292,0.7083,3.0471
83.8294,0.8163,3.5086
83.8296,0.8359,3.5959
83.8298,0.8184,3.5223
83.8300,0.816,3.5103
83.8302,0.8781,3.767
83.8304,0.981,4.2083
83.8306,1.0183,4.3683
83.8308,1.0229,4.3945
83.8310,1.0129,4.3431
83.8312,1.0083,4.3276
83.8314,1.0123,4.3446
83.8316,1.0587,4.5374
83.8318,1.0677,4.576
83.8320,1.1215,4.8067
83.8322,1.1269,4.8253
83.8324,1.1342,4.8567
83.8326,1.1107,4.7582
83.8328,1.103,4.7342
83.8330,1.0806,4.6336
83.8332,1.1221,4.8115
83.8334,1.1274,4.8296
83.8336,1.1193,4.7952
83.8338,1.0681,4.5802
83.8340,1.0332,4.4285
83.8342,1.0763,4.613
83.8344,1.0944,4.7015
83.8346,1.0313,4.4264
83.8348,1.0603,4.5489
83.8350,1.0643,4.5616
83.8352,1.1017,4.7197
83.8354,1.1031,4.7347
83.8356,1.1211,4.8029
83.8358,1.1858,5.0845
83.8360,1.1108,4.7632
83.8362,1.0991,4.7128
83.8364,1.1326,4.8545
83.8366,1.1678,5.0028
83.8368,1.1668,5.0056
83.8370,1.0866,4.6659
83.8372,1.0535,4.5259
83.8374,1.0359,4.4481
83.8376,1.0606,4.552
83.8378,0.9932,4.2707
83.8380,0.9546,4.1066
83.8382,0.92,3.9562
83.8384,1.2058,5.1752
83.8386,1.0766,4.6274
83.8388,1.0287,4.4254
83.8390,0.9602,4.1174
83.8392,0.9756,4.2027
83.8394,0.8443,3.6337
83.8396,0.8672,3.7375
83.8398,0.9059,3.8954
83.8400,0.9262,3.9825
83.8402,0.8804,3.7785
83.8404,0.935,4.0281
83.8406,0.9325,4.0061
83.8408,0.9766,4.2093
83.8410,0.8981,3.8654
83.8412,0.851,3.6643
83.8414,0.8313,3.5747
83.8416,0.9018,3.8832
83.8418,0.8499,3.6665
83.8420,0.7202,3.1068
83.8422,0.7266,3.1289
83.8424,0.7652,3.3028
83.8426,0.7007,3.0258
83.8428,0.6914,2.9826
83.8430,0.6777,2.9237
83.8432,0.6909,2.9819
83.8434,0.6938,2.9916
83.8436,0.7359,3.1716
83.8438,0.7216,3.1101
83.8440,0.6781,2.9306
83.8442,0.6085,2.6288
83.8444,0.6096,2.6323
83.8446,0.6288,2.7126
83.8448,0.7136,3.0726
83.8450,0.8335,3.5923
83.8452,0.7511,3.2402
83.8454,0.6597,2.8461
83.8456,0.6662,2.8753
83.8458,0.6621,2.8564
83.8460,0.6557,2.8298
83.8462,0.6411,2.7672
83.8464,0.6476,2.7938
83.8466,0.6493,2.8011
83.8468,0.7031,3.0319
83.8470,0.7328,3.1596
83.8472,0.6848,2.9542
83.8474,0.6494,2.8016
83.8476,0.6499,2.8037
83.8478,0.6529,2.814
83.8480,0.7205,3.1054
83.8482,0.7795,3.3566
83.8484,0.8099,3.4937
83.8486,0.7208,3.1094
83.8488,0.6968,3.0003
83.8490,0.7395,3.1841
83.8492,0.7732,3.3339
83.8494,0.7849,3.383
83.8496,0.7855,3.3824
83.8498,0.7808,3.367
83.8500,0.7734,3.3287
83.8502,0.8119,3.4895
83.8504,0.8465,3.6469
83.8506,0.7891,3.4011
83.8508,0.7639,3.2925
83.8510,0.7703,3.3168
83.8512,0.77,3.3189
83.8514,0.7711,3.3205
83.8516,0.8356,3.5916
83.8518,0.9196,3.9486
83.8520,0.9256,3.9762
83.8522,0.9759,4.1887
83.8524,1.0438,4.482
83.8526,0.9813,4.2197
83.8528,0.927,3.9843
83.8530,0.9253,3.977
83.8532,0.8841,3.8033
83.8534,0.8736,3.7532
83.8536,0.9245,3.9697
83.8538,0.9698,4.1624
83.8540,0.9412,4.0357
83.8542,0.9813,4.2138
83.8544,0.9455,4.0674
83.8546,0.8909,3.8309
83.8548,0.9287,3.984
83.8550,1.0412,4.4707
83.8552,1.0413,4.4712
83.8554,1.0135,4.3538
83.8556,0.9386,4.0399
83.8558,0.8368,3.6017
83.8560,0.8269,3.5639
83.8562,0.7756,3.3427
83.8564,0.7848,3.3825
83.8566,0.7371,3.1768
83.8568,0.7578,3.2631
83.8570,0.809,3.4885
83.8572,0.7551,3.2573
83.8574,0.7154,3.0818
83.8576,0.7672,3.3065
83.8578,0.7567,3.263
83.8580,0.7566,3.2565
83.8582,0.8054,3.4633
83.8584,0.8578,3.692
83.8586,0.829,3.5748
83.8588,0.7188,3.1011
83.8590,0.6407,2.7664
83.8592,0.5618,2.4291
83.8594,0.5375,2.3243
83.8596,0.536,2.3165
83.8598,0.5306,2.2911
83.8600,0.5274,2.2803
83.8602,0.7355,3.1745
83.8604,0.5887,2.5434
83.8606,0.5208,2.2497
83.8608,0.5164,2.2331
83.8610,0.5252,2.2667
83.8612,0.6363,2.7414
83.8614,0.7112,3.0666
83.8616,0.6645,2.8681
83.8618,0.6083,2.6254
83.8620,0.6119,2.6397
83.8622,0.6415,2.7636
83.8624,0.6782,2.9244
83.8626,0.7435,3.2062
83.8628,0.7114,3.0648
83.8630,0.6946,2.9924
83.8632,0.7311,3.1465
83.8634,0.8217,3.5285
83.8636,0.8642,3.7177
83.8638,0.8709,3.7431
83.8640,0.9099,3.9142
83.8642,0.9316,4.002
83.8644,1.0013,4.2958
83.8646,0.9925,4.2637
83.8648,0.962,4.1309
83.8650,1.0201,4.3699
83.8652,1.1225,4.8041
83.8654,1.201,5.1426
83.8656,1.1882,5.0877
83.8658,1.1768,5.0413
83.8660,1.1931,5.1016
83.8662,1.2633,5.4021
83.8664,1.1734,5.0292
83.8666,1.0672,4.576
83.8668,1.0709,4.5984
83.8670,1.039,4.4594
83.8672,1.1028,4.7288
83.8674,1.066,4.573
83.8676,1.0597,4.5484
83.8678,1.033,4.4357
83.8680,0.9818,4.2119
83.8682,1.0358,4.4434
83.8684,1.0882,4.6726
83.8686,1.0573,4.536
83.8688,1.0388,4.4625
83.8690,1.0126,4.3482
83.8692,1.0329,4.429
83.8694,1.0587,4.5417
83.8696,1.0764,4.6178
83.8698,1.0731,4.6077
83.8700,1.031,4.4331
83.8702,0.9756,4.1852
83.8704,1.0687,4.5934
83.8706,0.9826,4.2234
83.8708,0.9445,4.0614
83.8710,0.9641,4.1358
83.8712,1.0444,4.4846
83.8714,1.0221,4.3929
83.8716,0.9989,4.2975
83.8718,0.9178,3.9501
83.8720,0.8999,3.8714
83.8722,0.8782,3.7763
83.8724,0.8786,3.7813
83.8726,0.8788,3.7806
83.8728,0.8955,3.8523
83.8730,0.8837,3.8035
83.8732,0.8619,3.7096
83.8734,0.8515,3.6664
83.8736,0.8277,3.5691
83.8738,0.7531,3.249
83.8740,0.7049,3.0383
83.8742,0.7332,3.1558
83.8744,0.8497,3.6569
83.8746,0.8612,3.7168
83.8748,0.7571,3.26
83.8750,0.7463,3.2166
83.8752,0.7293,3.1461
83.8754,0.6832,2.9488
83.8756,0.6601,2.8437
83.8758,0.7431,3.2026
83.8760,0.7143,3.0829
83.8762,0.6552,2.8303
83.8764,0.6551,2.8259
83.8766,0.6519,2.8138
83.8768,0.63,2.7178
83.8770,0.624,2.6919
83.8772,0.6479,2.7962
83.8774,0.6242,2.6942
83.8776,0.6312,2.7255
83.8778,0.6235,2.6923
83.8780,0.6976,3.0026
83.8782,0.8337,3.5866
83.8784,0.8229,3.5435
83.8786,0.7528,3.249
83.8788,0.5871,2.5385
83.8790,0.5269,2.2771
83.8792,0.5215,2.2517
83.8794,0.5723,2.4724
83.8796,0.5744,2.4824
83.8798,0.5687,2.4569
83.8800,0.5673,2.4495
83.8802,0.565,2.4318
83.8804,0.8239,3.5559
83.8806,0.6155,2.6589
83.8808,0.5692,2.4578
83.8810,0.5717,2.4698
83.8812,0.5704,2.4641
83.8814,0.5735,2.4753
83.8816,0.5869,2.5356
83.8818,0.5836,2.5211
83.8820,0.5799,2.5027
83.8822,0.5808,2.508
83.8824,0.5843,2.523
83.8826,0.5843,2.5219
83.8828,0.5802,2.5031
83.8830,0.5789,2.5009
83.8832,0.5728,2.4733
83.8834,0.5668,2.4463
83.8836,0.5736,2.4747
83.8838,0.6094,2.6276
83.8840,0.659,2.8403
83.8842,0.6675,2.877
83.8844,0.6907,2.9781
83.8846,0.6934,2.99
83.8848,0.677,2.9165
83.8850,0.6756,2.9117
83.8852,0.6807,2.9312
83.8854,0.7404,3.1868
83.8856,0.7158,3.0839
83.8858,0.6929,2.9824
83.8860,0.7889,3.3921
83.8862,0.891,3.8332
83.8864,0.8635,3.7094
83.8866,0.9115,3.9105
83.8868,0.8841,3.8051
83.8870,0.7939,3.417
83.8872,0.8071,3.4721
83.8874,0.8263,3.5613
83.8876,0.6955,2.9988
83.8878,0.662,2.8546
83.8880,0.6537,2.8163
83.8882,0.7531,3.2385
83.8884,0.7578,3.2647
83.8886,0.7558,3.2498
83.8888,0.7551,3.2528
83.8890,0.71,3.06
83.8892,0.7475,3.2187
83.8894,0.7596,3.2694
83.8896,0.7666,3.3008
83.8898,0.754,3.2466
83.8900,0.757,3.255
83.8902,0.7884,3.3917
83.8904,0.7898,3.3994
83.8906,0.7741,3.3365
83.8908,0.7316,3.1486
83.8910,0.7709,3.3148
83.8912,0.8077,3.4747
83.8914,0.7257,3.1277
83.8916,0.6801,2.9259
83.8918,0.7151,3.0779
83.8920,0.7644,3.287
83.8922,0.8276,3.5587
83.8924,0.8284,3.5639
83.8926,0.8275,3.5631
83.8928,0.8168,3.5172
83.8930,0.6975,3.009
83.8932,0.5481,2.3678
83.8934,0.5253,2.2683
83.8936,0.5242,2.2626
83.8938,0.5362,2.3165
83.8940,0.5402,2.3336
83.8942,0.5286,2.2812
83.8944,0.6178,2.6626
83.8946,0.6509,2.8078
83.8948,0.6184,2.6651
83.8950,0.615,2.6494
83.8952,0.6235,2.6899
83.8954,0.6347,2.7316
83.8956,0.7367,3.1708
83.8958,0.7786,3.3431
83.8960,0.8829,3.7893
83.8962,0.8957,3.8515
83.8964,0.8228,3.5397
83.8966,0.8316,3.5757
83.8968,0.8647,3.7163
83.8970,0.8625,3.7035
83.8972,0.8949,3.8461
83.8974,0.9313,3.9991
83.8976,0.9742,4.1815
83.8978,0.9753,4.1822
83.8980,1.0017,4.2953
83.8982,1.0027,4.3014
83.8984,1.0143,4.3534
83.8986,0.9764,4.1868
83.8988,1.1204,4.7931
83.8990,1.2323,5.2693
83.8992,1.2191,5.2055
83.8994,1.3132,5.6048
83.8996,1.2966,5.5493
83.8998,1.16,4.9694
83.9000,1.1295,4.8366
83.9002,1.0924,4.6971
83.9004,0.9567,4.1063
83.9006,1.0201,4.376
83.9008,0.9982,4.2824
83.9010,1.0066,4.3224
83.9012,0.9819,4.2223
83.9014,0.9413,4.0418
83.9016,0.9722,4.1766
83.9018,0.9635,4.139
83.9020,1.0029,4.3065
83.9022,0.9606,4.1266
83.9024,0.9557,4.1055
83.9026,0.943,4.0528
83.9028,0.9463,4.0691
83.9030,0.9415,4.0485
83.9032,0.9559,4.1027
83.9034,0.9718,4.177
83.9036,0.9637,4.1381
83.9038,0.9626,4.1354
83.9040,0.9298,3.9961
83.9042,0.8861,3.8085
83.9044,0.9175,3.9472
83.9046,0.8519,3.6685
83.9048,0.8608,3.7032
83.9050,0.8915,3.8335
83.9052,0.9155,3.9384
83.9054,0.8383,3.6062
83.9056,0.8437,3.6311
83.9058,0.8765,3.7726
83.9060,0.8638,3.7127
83.9062,0.9173,3.9443
83.9064,0.9287,3.9915
83.9066,0.886,3.8133
83.9068,0.8088,3.481
83.9070,0.7759,3.3442
83.9072,0.7262,3.1312
83.9074,0.7227,3.1133
83.9076,0.8164,3.5124
83.9078,0.8429,3.623
83.9080,0.8829,3.7981
83.9082,0.9081,3.9028
83.9084,0.9772,4.1943
83.9086,0.936,4.0248
83.9088,0.8673,3.7259
83.9090,0.8896,3.8252
83.9092,0.8897,3.824
83.9094,0.9017,3.8791
83.9096,0.897,3.8608
83.9098,0.8909,3.8274
83.9100,0.8969,3.8549
83.9102,0.883,3.8004
83.9104,0.8631,3.7147
83.9106,0.8668,3.7273
83.9108,0.88,3.784
83.9110,0.8782,3.7798
83.9112,0.8632,3.7135
83.9114,0.8807,3.7836
83.9116,0.8931,3.8366
83.9118,0.9094,3.9158
83.9120,0.8078,3.4801
83.9122,0.7991,3.4408
83.9124,0.7927,3.4118
83.9126,0.7829,3.3742
83.9128,0.7771,3.3494
83.9130,0.7751,3.3359
83.9132,0.7766,3.3427
83.9134,0.7992,3.4397
83.9136,0.7917,3.4108
83.9138,0.7728,3.3308
83.9140,0.7679,3.3065
83.9142,0.7727,3.3256
83.9144,0.7808,3.3654
83.9146,0.8329,3.5814
83.9148,0.9332,4.0092
83.9150,0.9548,4.1057
83.9152,0.9275,3.9882
83.9154,0.8624,3.7151
83.9156,0.8058,3.4729
83.9158,0.7946,3.4201
83.9160,0.7853,3.3798
83.9162,0.7756,3.338
83.9164,0.8275,3.5615
83.9166,0.8497,3.6535
83.9168,0.8698,3.7402
83.9170,0.8323,3.5821
83.9172,0.7893,3.3974
83.9174,0.7884,3.3948
83.9176,0.794,3.4175
83.9178,0.8465,3.6368
83.9180,0.8987,3.859
83.9182,0.9433,4.0525
83.9184,0.9703,4.1645
83.9186,0.9997,4.2886
83.9188,0.9858,4.2407
83.9190,0.9528,4.0951
83.9192,0.9705,4.1655
83.9194,0.9952,4.2715
83.9196,1.0078,4.3256
83.9198,0.9937,4.2648
83.9200,1.0311,4.4233
83.9202,1.106,4.7471
83.9204,1.0163,4.3662
83.9206,0.9376,4.0315
83.9208,0.954,4.0964
83.9210,0.9511,4.0802
83.9212,1.0246,4.3956
83.9214,1.1137,4.7822
83.9216,0.9614,4.1379
83.9218,0.8289,3.5693
83.9220,0.8313,3.5813
83.9222,0.8268,3.5584
83.9224,0.7941,3.4212
83.9226,0.7733,3.3328
83.9228,0.7848,3.3825
83.9230,0.7306,3.1503
83.9232,0.7194,3.1037
83.9234,0.7265,3.1327
83.9236,0.7329,3.1601
83.9238,0.6452,2.7822
83.9240,0.6675,2.8824
83.9242,0.656,2.83
83.9244,0.6844,2.9526
83.9246,0.7037,3.0303
83.9248,0.7806,3.3659
83.9250,0.727,3.1392
83.9252,0.6298,2.7168
83.9254,0.6136,2.6531
83.9256,0.5254,2.273
83.9258,0.5007,2.1642
83.9260,0.4974,2.1487
83.9262,0.5031,2.1755
83.9264,0.5505,2.377
83.9266,0.5536,2.3927
83.9268,0.4902,2.1195
83.9270,0.5041,2.1797
83.9272,0.5158,2.2284
83.9274,0.5469,2.3615
83.9276,0.5833,2.5201
83.9278,0.5987,2.5828
83.9280,0.6197,2.6733
83.9282,0.5997,2.5905
83.9284,0.6258,2.7009
83.9286,0.6609,2.8473
83.9288,0.7389,3.1771
83.9290,0.8286,3.5645
83.9292,0.8627,3.708
83.9294,0.8595,3.6975
83.9296,0.8615,3.7029
83.9298,0.8898,3.8227
83.9300,0.8932,3.8389
83.9302,0.9094,3.9085
83.9304,0.9078,3.8945
83.9306,0.9902,4.2479
83.9308,1.0109,4.3369
83.9310,1.0264,4.4074
83.9312,1.0129,4.3431
83.9314,1.0458,4.4887
83.9316,1.001,4.3002
83.9318,0.968,4.1566
83.9320,1.0012,4.2933
83.9322,1.0667,4.574
83.9324,1.0968,4.703
83.9326,1.0649,4.5705
83.9328,1.048,4.4938
83.9330,1.036,4.4424
83.9332,1.0431,4.479
83.9334,1.0276,4.4105
83.9336,1.0118,4.3405
83.9338,0.9882,4.2431
83.9340,1.0353,4.4413
83.9342,1.0347,4.4408
83.9344,1.0343,4.4372
83.9346,1.0398,4.4651
83.9348,1.024,4.3971
83.9350,1.015,4.3585
83.9352,1.0192,4.3724
83.9354,1.0287,4.4131
83.9356,1.0331,4.4383
83.9358,1.0183,4.3724
83.9360,1.0355,4.4465
83.9362,0.981,4.2181
83.9364,0.9751,4.189
83.9366,1.0171,4.3652
83.9368,1.0035,4.3131
83.9370,0.963,4.135
83.9372,0.9654,4.1472
83.9374,0.9718,4.177
83.9376,1.0198,4.377
83.9378,1.0854,4.652
83.9380,1.1136,4.775
83.9382,1.128,4.8412
83.9384,1.0361,4.4532
83.9386,0.943,4.0585
83.9388,0.9259,3.9704
83.9390,1.1511,4.9267
83.9392,1.237,5.3016
83.9394,1.1883,5.0953
83.9396,1.0862,4.6621
83.9398,1.0769,4.622
83.9400,1.0858,4.6644
83.9402,0.9994,4.2975
83.9404,0.9764,4.1966
83.9406,1.036,4.4465
83.9408,1.0675,4.584
83.9410,0.981,4.2221
83.9412,0.9079,3.9023
83.9414,0.9412,4.0451
83.9416,0.9692,4.1657
83.9418,0.9673,4.1594
83.9420,1.0035,4.309
83.9422,1.078,4.6331
83.9424,0.9756,4.193
83.9426,1.0035,4.311
83.9428,1.0545,4.5237
83.9430,1.0831,4.6488
83.9432,1.0045,4.3272
83.9434,0.8486,3.654
83.9436,0.8837,3.8
83.9438,0.8688,3.743
83.9440,0.836,3.6048
83.9442,0.8117,3.4934
83.9444,0.8488,3.6465
83.9446,0.925,3.9755
83.9448,0.9523,4.0968
83.9450,0.9131,3.9336
83.9452,0.837,3.6056
83.9454,0.8319,3.5772
83.9456,0.9005,3.874
83.9458,0.9172,3.942
83.9460,0.9117,3.9201
83.9462,0.9227,3.9712
83.9464,0.924,3.9788
83.9466,0.9284,3.9923
83.9468,0.9184,3.9545
83.9470,0.8582,3.6936
83.9472,0.8974,3.8641
83.9474,0.8589,3.7001
83.9476,0.8252,3.555
83.9478,0.7919,3.4145
83.9480,0.8317,3.5795
83.9482,0.9348,4.0196
83.9484,0.8814,3.799
83.9486,0.7828,3.3705
83.9488,0.8446,3.6319
83.9490,0.9177,3.9477
83.9492,0.88,3.791
83.9494,0.907,3.9
83.9496,0.9364,4.0263
83.9498,0.926,3.9894
83.9500,0.8813,3.7897
83.9502,0.8897,3.8293
83.9504,0.8662,3.7247
83.9506,0.8912,3.8337
83.9508,0.916,3.9368
83.9510,0.9916,4.2601
83.9512,0.9837,4.2359
83.9514,0.9127,3.9321
83.9516,0.8973,3.8547
83.9518,0.9962,4.2737
83.9520,1.0424,4.48
83.9522,1.024,4.3971
83.9524,1.028,4.4141
83.9526,1.0239,4.3986
83.9528,1.0519,4.5192
83.9530,1.0879,4.6759
83.9532,1.0596,4.5458
83.9534,1.1141,4.7793
83.9536,1.145,4.9052
83.9538,1.1961,5.1335
83.9540,1.1113,4.7786
83.9542,1.0601,4.5542
83.9544,1.0238,4.4063
83.9546,0.9642,4.1498
83.9548,0.9451,4.0659
83.9550,0.9452,4.0626
83.9552,0.9501,4.097
83.9554,0.7696,3.3214
83.9556,0.7263,3.1375
83.9558,0.644,2.777
83.9560,0.762,3.2843
83.9562,0.7995,3.446
83.9564,0.8059,3.475
83.9566,0.7537,3.2516
83.9568,0.7402,3.1902
83.9570,0.7981,3.4414
83.9572,0.8053,3.4692
83.9574,0.8067,3.4786
83.9576,0.8029,3.4605
83.9578,0.7997,3.4449
83.9580,0.832,3.5844
83.9582,0.8332,3.5879
83.9584,0.8304,3.5739
83.9586,0.857,3.6919
83.9588,0.822,3.5443
83.9590,0.8157,3.5158
83.9592,0.8108,3.493
83.9594,0.8088,3.4826
83.9596,0.8209,3.5347
83.9598,0.8258,3.5592
83.9600,0.7567,3.2646
83.9602,0.7449,3.2118
83.9604,0.7523,3.2439
83.9606,0.8184,3.519
83.9608,0.9367,4.0316
83.9610,0.9263,3.9812
83.9612,0.9693,4.1584
83.9614,1.0537,4.5227
83.9616,1.0143,4.3615
83.9618,0.9799,4.2135
83.9620,0.9579,4.1172
83.9622,1.015,4.3564
83.9624,1.0428,4.4779
83.9626,1.0383,4.4584
83.9628,1.021,4.3781
83.9630,1.166,4.9974
83.9632,1.174,5.0365
83.9634,1.1111,4.7687
83.9636,1.1009,4.7271
83.9638,1.0858,4.6623
83.9640,1.0721,4.6036
83.9642,1.0637,4.5633
83.9644,1.1066,4.7474
83.9646,1.1572,4.9599
83.9648,1.2655,5.4214
83.9650,1.2237,5.247
83.9652,1.1986,5.142
83.9654,1.1898,5.0996
83.9656,1.2195,5.2241
83.9658,1.2151,5.2178
83.9660,1.0468,4.497
83.9662,1.0787,4.6211
83.9664,1.1897,5.1039
83.9666,1.1992,5.1445
83.9668,1.2082,5.1759
83.9670,1.2349,5.2904
83.9672,1.2094,5.181
83.9674,1.2203,5.2375
83.9676,1.1798,5.0659
83.9678,1.1663,5.0036
83.9680,1.2151,5.2154
83.9682,1.1661,5.0096
83.9684,1.0862,4.6665
83.9686,1.071,4.6032
83.9688,1.0597,4.5526
83.9690,1.0488,4.51
83.9692,1.0266,4.4125
83.9694,1.0582,4.5459
83.9696,1.1432,4.9043
83.9698,1.1737,5.0303
83.9700,1.1926,5.121
83.9702,1.184,5.0792
83.9704,1.1942,5.1253
83.9706,1.168,5.0155
83.9708,1.0896,4.6853
83.9710,1.0105,4.3531
83.9712,1.0106,4.3435
83.9714,1.0156,4.3631
83.9716,1.0077,4.3392
83.9718,0.9742,4.1932
83.9720,0.9642,4.1479
83.9722,0.9871,4.2503
83.9724,0.9999,4.2976
83.9726,1.0344,4.4481
83.9728,1.0324,4.4393
83.9730,1.0111,4.3496
83.9732,1.0073,4.3336
83.9734,0.9734,4.1915
83.9736,0.883,3.811
83.9738,0.8417,3.6313
83.9740,0.8419,3.6301
83.9742,0.8416,3.6291
83.9744,0.8718,3.7594
83.9746,0.8608,3.7101
83.9748,0.8252,3.5566
83.9750,0.8132,3.5033
83.9752,0.8296,3.5791
83.9754,0.8397,3.6225
83.9756,0.8311,3.5819
83.9758,0.8503,3.6612
83.9760,0.9325,4.021
83.9762,0.851,3.6677
83.9764,0.837,3.6073
83.9766,0.8647,3.7266
83.9768,0.894,3.8515
83.9770,0.8938,3.8487
83.9772,0.9215,3.9679
83.9774,0.9216,3.9684
83.9776,0.9052,3.8995
83.9778,0.8981,3.8636
83.9780,0.9557,4.1112
83.9782,0.9774,4.2085
83.9784,0.9428,4.0598
83.9786,0.9282,3.995
83.9788,0.8876,3.8271
83.9790,0.8365,3.6069
83.9792,0.8205,3.5365
83.9794,0.8468,3.653
83.9796,0.8024,3.4584
83.9798,0.8211,3.539
83.9800,0.8376,3.6132
83.9802,0.838,3.6136
83.9804,0.8438,3.635
83.9806,0.8378,3.6109
83.9808,0.8427,3.6338
83.9810,0.8492,3.66
83.9812,0.8688,3.7413
83.9814,0.8918,3.8417
83.9816,0.9296,4.0012
83.9818,0.9722,4.1805
83.9820,0.9738,4.195
83.9822,0.8241,3.5569
83.9824,0.7959,3.4289
83.9826,0.8717,3.7484
83.9828,0.9054,3.9005
83.9830,0.8076,3.4806
83.9832,0.7953,3.4295
83.9834,0.9137,3.9289
83.9836,1.0058,4.3229
83.9838,0.993,4.2717
83.9840,0.9849,4.2351
83.9842,0.9944,4.2739
83.9844,1.0353,4.4496
83.9846,1.0602,4.5589
83.9848,1.0395,4.4656
83.9850,1.04,4.4697
83.9852,1.0686,4.5908
83.9854,1.0979,4.7121
83.9856,1.157,4.9612
83.9858,1.1191,4.8009
83.9860,1.1312,4.8619
83.9862,1.0756,4.6206
83.9864,1.0938,4.6968
83.9866,1.112,4.775
83.9868,1.1075,4.7554
83.9870,1.1202,4.81
83.9872,1.0961,4.7087
83.9874,1.1042,4.7415
83.9876,1.0907,4.6855
83.9878,1.0615,4.5646
83.9880,1.0978,4.7137
83.9882,1.1283,4.8383
83.9884,1.129,4.8481
83.9886,1.0853,4.6559
83.9888,1.14,4.8881
83.9890,1.1943,5.1306
83.9892,1.1138,4.7894
83.9894,1.0716,4.6036
83.9896,1.116,4.7942
83.9898,1.1107,4.7738
83.9900,1.1112,4.7714
83.9902,1.1119,4.7767
83.9904,1.0843,4.6582
83.9906,1.1147,4.7908
83.9908,1.1064,4.7552
83.9910,1.1082,4.763
83.9912,1.1576,4.9684
83.9914,1.1449,4.9138
83.9916,1.093,4.6931
83.9918,1.0849,4.663
83.9920,1.0879,4.678
83.9922,1.0848,4.6603
83.9924,1.087,4.6696
83.9926,1.0944,4.7081
83.9928,1.0792,4.6383
83.9930,1.0788,4.6389
83.9932,1.0874,4.6716
83.9934,1.122,4.8245
83.9936,1.1155,4.7966
83.9938,1.1234,4.8239
83.9940,1.1765,5.0497
83.9942,1.1843,5.0831
83.9944,1.2005,5.1478
83.9946,1.2189,5.2265
83.9948,1.2374,5.3185
83.9950,1.1192,4.8126
83.9952,1.0915,4.6913
83.9954,1.074,4.6161
83.9956,1.1216,4.8162
83.9958,1.1601,4.9768
83.9960,1.1855,5.0883
83.9962,1.1936,5.1204
83.9964,1.2847,5.5113
83.9966,1.3011,5.5792
83.9968,1.2996,5.5673
83.9970,1.3046,5.5915
83.9972,1.3232,5.6685
83.9974,1.3377,5.7253
83.9976,1.3662,5.8502
83.9978,1.3329,5.7154
83.9980,1.2808,5.5
83.9982,1.2264,5.2613
83.9984,1.2229,5.2537
83.9986,1.0777,4.6342
83.9988,1.0772,4.63
83.9990,1.1541,4.9557
83.9992,1.1662,5.0101
83.9994,1.1613,4.9866
83.9996,1.1884,5.1101
83.9998,1.1156,4.7927
84.0000,1.1286,4.8438
84.0002,1.2198,5.2403
84.0004,1.199,5.1483
84.0006,1.1772,5.0598
84.0008,1.1716,5.0356
84.0010,1.1832,5.0856
84.0012,1.1667,5.0121
84.0014,1.1847,5.0894
84.0016,1.1784,5.0626
84.0018,1.1566,4.9735
84.0020,1.1353,4.8794
84.0022,1.1558,4.9606
84.0024,1.2472,5.3553
84.0026,1.296,5.5519
84.0028,1.393,5.9619
84.0030,1.3949,5.9701
84.0032,1.4002,5.9955
84.0034,1.443,6.1788
84.0036,1.4481,6.2037
84.0038,1.415,6.0648
84.0040,1.34,5.7484
84.0042,1.3747,5.8866
84.0044,1.4046,6.0145
84.0046,1.3909,5.9615
84.0048,1.3789,5.9129
84.0050,1.3572,5.8171
84.0052,1.3414,5.7519
84.0054,1.356,5.8201
84.0056,1.3523,5.7933
84.0058,1.3701,5.8803
84.0060,1.2341,5.3016
84.0062,1.1903,5.1184
84.0064,1.1778,5.0648
84.0066,1.1677,5.0186
84.0068,1.1698,5.0302
84.0070,1.1093,4.7809
84.0072,1.1,4.7279
84.0074,1.2004,5.1521
84.0076,1.2331,5.295
84.0078,1.2123,5.2152
84.0080,1.2148,5.2211
84.0082,1.239,5.3104
84.0084,1.2987,5.5793
84.0086,1.2295,5.2821
84.0088,1.2617,5.4125
84.0090,1.3039,5.5988
84.0092,1.2666,5.4514
84.0094,1.1311,4.8682
84.0096,1.076,4.6356
84.0098,1.0573,4.555
84.0100,1.0583,4.5592
84.0102,1.0593,4.5612
84.0104,1.0263,4.4274
84.0106,0.9673,4.169
84.0108,1.0083,4.3397
84.0110,1.0645,4.5903
84.0112,0.9963,4.2981
84.0114,0.986,4.2536
84.0116,0.9861,4.2482
84.0118,0.9642,4.1556
84.0120,0.9745,4.202
84.0122,0.9882,4.2589
84.0124,1.0563,4.5483
84.0126,1.0491,4.5194
84.0128,1.081,4.6525
84.0130,1.1171,4.8056
84.0132,1.1186,4.8145
84.0134,1.0848,4.6712
84.0136,1.0174,4.3871
84.0138,0.9727,4.1903
84.0140,1.0063,4.339
84.0142,0.9681,4.1707
84.0144,1.0319,4.4414
84.0146,1.0902,4.6922
84.0148,1.0885,4.6806
84.0150,1.0926,4.7069
84.0152,1.0403,4.4838
84.0154,1.0228,4.4083
84.0156,1.015,4.3727
84.0158,1.0011,4.3148
84.0160,0.9884,4.262
84.0162,0.9927,4.2766
84.0164,0.9898,4.2662
84.0166,1.0233,4.4145
84.0168,0.9143,3.9461
84.0170,0.8487,3.6647
84.0172,0.8416,3.6274
84.0174,0.9841,4.2394
84.0176,1.018,4.3815
84.0178,1.0485,4.5105
84.0180,1.0979,4.723
84.0182,1.1281,4.8575
84.0184,1.0241,4.414
84.0186,1.0183,4.3907
84.0188,0.9896,4.275
84.0190,0.8858,3.8282
84.0192,0.8048,3.4752
84.0194,0.8527,3.6767
84.0196,0.9503,4.0994
84.0198,0.9551,4.1201
84.0200,0.9006,3.8835
84.0202,1.0169,4.3748
84.0204,1.1031,4.7435
84.0206,1.0651,4.5929
84.0208,0.8645,3.7296
84.0210,0.8481,3.6621
84.0212,0.909,3.9197
84.0214,0.8668,3.7446
84.0216,0.8208,3.5408
84.0218,0.8423,3.6423
84.0220,0.7575,3.2737
84.0222,0.7858,3.3913
84.0224,0.8411,3.6287
84.0226,0.8197,3.5394
84.0228,0.8033,3.4733
84.0230,0.7155,3.0966
84.0232,0.6729,2.9124
84.0234,0.6481,2.8037
84.0236,0.675,2.9199
84.0238,0.6808,2.9426
84.0240,0.7082,3.0636
84.0242,0.6837,2.955
84.0244,0.7596,3.283
84.0246,0.7328,3.1714
84.0248,0.6587,2.8467
84.0250,0.651,2.8174
84.0252,0.6331,2.7388
84.0254,0.6174,2.6709
84.0256,0.6184,2.6763
84.0258,0.6378,2.7591
84.0260,0.6362,2.7523
84.0262,0.6192,2.6811
84.0264,0.6138,2.6578
84.0266,0.6108,2.6448
84.0268,0.6245,2.699
84.0270,0.6513,2.8164
84.0272,0.6369,2.7529
84.0274,0.6175,2.6714
84.0276,0.6335,2.7379
84.0278,0.7047,3.0429
84.0280,0.7248,3.1313
84.0282,0.6939,3.0004
84.0284,0.6838,2.95
84.0286,0.7843,3.3804
84.0288,0.8768,3.7771
84.0290,0.9244,3.9822
84.0292,0.9058,3.9003
84.0294,0.9202,3.9622
84.0296,0.9639,4.1468
84.0298,1.0226,4.397
84.0300,1.0093,4.3439
84.0302,0.9855,4.2377
84.0304,1.0091,4.3332
84.0306,1.0766,4.6317
84.0308,1.0163,4.3682
84.0310,1.0371,4.4532
84.0312,1.1161,4.7881
84.0314,1.191,5.1191
84.0316,1.1365,4.8778
84.0318,1.1928,5.1173
84.0320,1.1707,5.0244
84.0322,1.1657,5.0127
84.0324,1.086,4.6676
84.0326,1.082,4.6528
84.0328,1.0673,4.583
84.0330,1.0954,4.7056
84.0332,1.0735,4.614
84.0334,1.0601,4.5627
84.0336,1.0063,4.3309
84.0338,1.0037,4.3141
84.0340,1.0724,4.6072
84.0342,1.1421,4.9111
84.0344,1.1055,4.7472
84.0346,1.1757,5.0484
84.0348,1.1696,5.0151
84.0350,1.2023,5.1603
84.0352,1.185,5.0886
84.0354,1.1895,5.1076
84.0356,1.2046,5.1701
84.0358,1.1214,4.8107
84.0360,1.1414,4.9034
84.0362,1.1637,4.9946
84.0364,1.249,5.353
84.0366,1.2601,5.4033
84.0368,1.2261,5.2647
84.0370,1.1519,4.9465
84.0372,1.2055,5.1742
84.0374,1.1518,4.9506
84.0376,1.0866,4.6702
84.0378,1.1264,4.8436
84.0380,1.1083,4.7613
84.0382,1.1185,4.8118
84.0384,1.0681,4.593
84.0386,1.0631,4.5756
84.0388,0.9264,3.9984
84.0390,0.8137,3.5119
84.0392,0.8276,3.5703
84.0394,0.8248,3.5584
84.0396,0.8003,3.4555
84.0398,0.8302,3.5833
84.0400,0.848,3.6565
84.0402,0.8987,3.8734
84.0404,0.8108,3.4995
84.0406,0.8283,3.5734
84.0408,0.8462,3.642
84.0410,0.9535,4.1077
84.0412,0.8545,3.6827
84.0414,0.8618,3.7211
84.0416,0.8272,3.5671
84.0418,0.8764,3.7773
84.0420,0.8884,3.8307
84.0422,0.8131,3.506
84.0424,0.8495,3.6649
84.0426,0.7998,3.4519
84.0428,0.8438,3.6384
84.0430,0.883,3.8057
84.0432,0.8832,3.8067
84.0434,0.8829,3.807
84.0436,0.8788,3.7859
84.0438,0.9407,4.0468
84.0440,0.9702,4.1737
84.0442,1.0028,4.316
84.0444,1.0132,4.3649
84.0446,0.9368,4.0321
84.0448,0.9307,4.0095
84.0450,0.9395,4.0472
84.0452,0.9382,4.0416
84.0454,0.8967,3.8664
84.0456,0.8161,3.5222
84.0458,0.8013,3.4586
84.0460,0.7958,3.4348
84.0462,0.8368,3.6084
84.0464,0.8422,3.6317
84.0466,0.8376,3.6115
84.0468,0.8507,3.6684
84.0470,0.8804,3.7926
84.0472,0.8645,3.7261
84.0474,0.8421,3.6295
84.0476,0.8623,3.7163
84.0478,0.9298,4.0035
84.0480,0.98,4.2179
84.0482,0.9337,4.0225
84.0484,0.9105,3.9168
84.0486,0.977,4.2011
84.0488,1.0085,4.3408
84.0490,1.0119,4.3593
84.0492,0.9988,4.297
84.0494,1.0177,4.3698
84.0496,1.0958,4.7077
84.0498,1.1162,4.7953
84.0500,1.1041,4.7432
84.0502,1.0974,4.7188
84.0504,1.039,4.4656
84.0506,1.1018,4.7357
84.0508,1.1936,5.1132
84.0510,1.3729,5.8707
84.0512,1.4144,6.0537
84.0514,1.3647,5.8435
84.0516,1.3653,5.8433
84.0518,1.3155,5.6488
84.0520,1.1931,5.1231
84.0522,1.1547,4.9699
84.0524,0.9964,4.2886
84.0526,0.9662,4.1644
84.0528,0.9685,4.1645
84.0530,1.025,4.4074
84.0532,1.0371,4.4553
84.0534,1.1207,4.821
84.0536,1.1156,4.7994
84.0538,1.0498,4.5162
84.0540,0.9801,4.2204
84.0542,1.1701,5.0266
84.0544,1.0765,4.6334
84.0546,0.9354,4.0334
84.0548,0.8958,3.861
84.0550,0.8934,3.8507
84.0552,0.8904,3.8449
84.0554,0.8152,3.517
84.0556,0.8595,3.7061
84.0558,0.807,3.4845
84.0560,0.7411,3.2018
84.0562,0.7295,3.153
84.0564,0.7704,3.3251
84.0566,0.8457,3.6467
84.0568,0.8158,3.5196
84.0570,0.8549,3.695
84.0572,0.7064,3.0529
84.0574,0.7298,3.1423
84.0576,0.8787,3.7906
84.0578,0.7921,3.4251
84.0580,0.7447,3.2158
84.0582,0.7714,3.3246
84.0584,0.8811,3.7957
84.0586,0.8477,3.6623
84.0588,0.7202,3.1111
84.0590,0.6959,3.0065
84.0592,0.6923,2.9951
84.0594,0.5963,2.5796
84.0596,0.581,2.5155
84.0598,0.6253,2.7014
84.0600,0.7075,3.0562
84.0602,0.7023,3.0339
84.0604,0.7106,3.0654
84.0606,0.7252,3.1285
84.0608,0.7911,3.4114
84.0610,0.8063,3.4814
84.0612,0.7306,3.1518
84.0614,0.8031,3.4663
84.0616,0.7583,3.2728
84.0618,0.7842,3.3814
84.0620,0.8006,3.4491
84.0622,0.8232,3.5478
84.0624,0.8367,3.6046
84.0626,0.8818,3.8023
84.0628,0.8726,3.7573
84.0630,0.9979,4.2888
84.0632,1.0193,4.3852
84.0634,1.0019,4.3064
84.0636,0.9995,4.3
84.0638,1.0208,4.3771
84.0640,1.1753,5.0422
84.0642,1.222,5.2423
84.0644,1.2446,5.3295
84.0646,1.2924,5.5287
84.0648,1.3587,5.8151
84.0650,1.3583,5.8081
84.0652,1.3644,5.8343
84.0654,1.3527,5.7949
84.0656,1.2473,5.3558
84.0658,1.1481,4.9277
84.0660,1.151,4.9377
84.0662,1.1505,4.9426
84.0664,1.1353,4.8726
84.0666,1.156,4.9617
84.0668,1.1651,5.0008
84.0670,1.1625,4.9894
84.0672,1.2214,5.2421
84.0674,1.2169,5.2158
84.0676,1.2336,5.2946
84.0678,1.1962,5.1317
84.0680,1.2505,5.3622
84.0682,1.1645,5.0029
84.0684,1.1016,4.7346
84.0686,1.1697,5.0157
84.0688,1.2418,5.3271
84.0690,1.1576,4.9776
84.0692,1.0636,4.5713
84.0694,1.0824,4.6478
84.0696,1.138,4.8867
84.0698,1.1605,4.9737
84.0700,1.2472,5.3478
84.0702,1.2961,5.5628
84.0704,1.2561,5.3939
84.0706,1.1768,5.0601
84.0708,1.0192,4.3826
84.0710,1.0196,4.376
84.0712,1.1187,4.8061
84.0714,1.1567,4.974
84.0716,1.1096,4.7758
84.0718,0.9057,3.9106
84.0720,0.7903,3.411
84.0722,0.8143,3.5128
84.0724,0.8807,3.7906
84.0726,0.9759,4.2062
84.0728,0.9621,4.143
84.0730,1.0707,4.6059
84.0732,1.0366,4.4636
84.0734,0.8837,3.8124
84.0736,0.8431,3.6404
84.0738,0.7687,3.3224
84.0740,0.7429,3.2036
84.0742,0.7789,3.3602
84.0744,0.806,3.4804
84.0746,0.8125,3.5067
84.0748,0.8191,3.5352
84.0750,0.8175,3.5252
84.0752,0.8077,3.486
84.0754,0.7699,3.3215
84.0756,0.7992,3.4525
84.0758,0.7479,3.2308
84.0760,0.7403,3.2011
84.0762,0.7226,3.1215
84.0764,0.7211,3.1152
84.0766,0.7053,3.0455
84.0768,0.7154,3.0875
84.0770,0.7325,3.1645
84.0772,0.7747,3.3359
84.0774,0.8832,3.805
84.0776,0.8208,3.5457
84.0778,0.7093,3.064
84.0780,0.6987,3.0156
84.0782,0.7479,3.2293
84.0784,0.7672,3.3111
84.0786,0.8027,3.4659
84.0788,0.6933,2.9965
84.0790,0.6583,2.8464
84.0792,0.6527,2.8221
84.0794,0.6658,2.8778
84.0796,0.657,2.8394
84.0798,0.6495,2.8073
84.0800,0.6488,2.8042
84.0802,0.6506,2.812
84.0804,0.6553,2.8243
84.0806,0.8223,3.5442
84.0808,0.8226,3.5551
84.0810,0.6816,2.9429
84.0812,0.6576,2.8394
84.0814,0.6685,2.8892
84.0816,0.6649,2.8723
84.0818,0.6917,2.9814
84.0820,0.7408,3.1972
84.0822,0.7148,3.0849
84.0824,0.7811,3.3696
84.0826,0.8051,3.4682
84.0828,0.8051,3.4698
84.0830,0.8088,3.4858
84.0832,0.8518,3.6696
84.0834,0.7992,3.4413
84.0836,0.9005,3.8722
84.0838,0.9413,4.0456
84.0840,0.9557,4.1074
84.0842,0.9266,3.9957
84.0844,0.8431,3.637
84.0846,0.7935,3.4234
84.0848,0.7771,3.3463
84.0850,0.7955,3.4269
84.0852,0.7925,3.4139
84.0854,0.8013,3.4538
84.0856,0.803,3.4658
84.0858,0.7746,3.3416
84.0860,0.7603,3.2785
84.0862,0.7816,3.3638
84.0864,0.8572,3.6929
84.0866,0.8992,3.8701
84.0868,0.8882,3.8226
84.0870,0.8806,3.7901
84.0872,0.8635,3.7249
84.0874,0.8313,3.583
84.0876,0.817,3.5247
84.0878,0.7679,3.3157
84.0880,0.7386,3.1835
84.0882,0.7831,3.3721
84.0884,0.8176,3.5224
84.0886,0.8091,3.4874
84.0888,0.8175,3.5252
84.0890,0.7938,3.4228
84.0892,0.7853,3.3782
84.0894,0.8782,3.7833
84.0896,0.8148,3.5133
84.0898,0.787,3.387
84.0900,0.823,3.544
84.0902,0.7959,3.4321
84.0904,0.8082,3.4832
84.0906,0.8493,3.6486
84.0908,0.9212,3.965
84.0910,0.8915,3.8388
84.0912,0.8722,3.7557
84.0914,0.8961,3.8531
84.0916,0.9486,4.0865
84.0918,0.7974,3.4383
84.0920,0.781,3.3644
84.0922,0.8461,3.6398
84.0924,0.9286,3.9965
84.0926,0.892,3.8391
84.0928,0.8849,3.8069
84.0930,0.8736,3.7619
84.0932,0.7855,3.384
84.0934,0.7992,3.4493
84.0936,0.7445,3.2133
84.0938,0.7262,3.1312
84.0940,0.7699,3.3199
84.0942,0.7639,3.2941
84.0944,0.7319,3.1545
84.0946,0.7487,3.2284
84.0948,0.7545,3.2517
84.0950,0.7746,3.3354
84.0952,0.8084,3.4826
84.0954,0.8675,3.7373
84.0956,0.8446,3.6386
84.0958,0.8832,3.7997
84.0960,0.8888,3.8181
84.0962,0.9866,4.2345
84.0964,1.0332,4.4409
84.0966,0.9855,4.2338
84.0968,1.0247,4.4022
84.0970,1.0422,4.4733
84.0972,1.1618,4.9655
84.0974,1.3681,5.8502
84.0976,1.3621,5.8218
84.0978,1.3683,5.8507
84.0980,1.3241,5.6699
84.0982,1.33,5.6924
84.0984,1.3615,5.8356
84.0986,1.1968,5.1319
84.0988,1.2022,5.1574
84.0990,1.1747,5.0396
84.0992,1.1219,4.8195
84.0994,1.0813,4.6367
84.0996,1.1153,4.7889
84.0998,1.1004,4.7229
84.1000,1.1208,4.8216
84.1002,0.984,4.231
84.1004,1.0452,4.4861
84.1006,1.1216,4.814
84.1008,1.0536,4.5285
84.1010,0.9948,4.2794
84.1012,0.9906,4.2614
84.1014,0.9838,4.2325
84.1016,0.9177,3.9459
84.1018,0.9479,4.0815
84.1020,0.9301,3.9995
84.1022,0.98,4.214
84.1024,1.0167,4.3697
84.1026,1.0477,4.4948
84.1028,1.1272,4.8449
84.1030,0.9812,4.2231
84.1032,0.9512,4.0903
84.1034,1.0256,4.4058
84.1036,0.9979,4.2928
84.1038,0.9355,4.0321
84.1040,0.8817,3.7965
84.1042,0.9718,4.1809
84.1044,1.0064,4.3254
84.1046,1.021,4.3883
84.1048,0.9889,4.2561
84.1050,0.8753,3.7779
84.1052,0.7241,3.1267
84.1054,0.6919,2.9875
84.1056,0.733,3.1636
84.1058,0.7775,3.3571
84.1060,0.7667,3.3044
84.1062,0.782,3.369
84.1064,0.8075,3.4834
84.1066,0.7709,3.3256
84.1068,0.7164,3.095
84.1070,0.6559,2.8295
84.1072,0.7838,3.3768
84.1074,0.8033,3.4653
84.1076,0.7328,3.1655
84.1078,0.6632,2.8611
84.1080,0.7024,3.0288
84.1082,0.7795,3.3613
84.1084,0.7933,3.4239
84.1086,0.7371,3.1768
84.1088,0.7576,3.2712
84.1090,0.7468,3.2171
84.1092,0.8054,3.4713
84.1094,0.7675,3.3126
84.1096,0.7199,3.1072
84.1098,0.7316,3.153
84.1100,0.7676,3.3086
84.1102,0.7905,3.4088
84.1104,0.8013,3.4506
84.1106,0.8354,3.6005
84.1108,0.7446,3.2183
84.1110,0.6294,2.7215
84.1112,0.6162,2.6608
84.1114,0.6198,2.6751
84.1116,0.6205,2.6806
84.1118,0.6174,2.6684
84.1120,0.6167,2.6628
84.1122,0.6188,2.6722
84.1124,0.668,2.8858
84.1126,0.6384,2.7578
84.1128,0.6495,2.8008
84.1130,0.7427,3.1951
84.1132,0.7858,3.3866
84.1134,0.6949,2.9976
84.1136,0.6868,2.9685
84.1138,0.6856,2.9551
84.1140,0.7986,3.4435
84.1142,0.7188,3.0982
84.1144,0.72,3.1063
84.1146,0.7467,3.2181
84.1148,0.7905,3.4025
84.1150,0.7991,3.4408
84.1152,0.778,3.3561
84.1154,0.7698,3.3209
84.1156,0.7576,3.2636
84.1158,0.7746,3.3385
84.1160,0.7606,3.2781
84.1162,0.7607,3.2786
84.1164,0.7634,3.2874
84.1166,0.7687,3.3101
84.1168,0.8582,3.6902
84.1170,1.0109,4.343
84.1172,1.009,4.3307
84.1174,1.0042,4.3202
84.1176,0.8989,3.8691
84.1178,0.8831,3.8027
84.1180,0.8257,3.5537
84.1182,0.831,3.5764
84.1184,0.8523,3.6683
84.1186,0.8742,3.7645
84.1188,0.8573,3.69
84.1190,0.8687,3.7338
84.1192,0.9099,3.9124
84.1194,0.866,3.7237
84.1196,0.8523,3.6666
84.1198,0.8896,3.8288
84.1200,0.8525,3.6744
84.1202,0.8491,3.6561
84.1204,0.8226,3.5452
84.1206,0.7834,3.381
84.1208,0.6805,2.9315
84.1210,0.7246,3.1259
84.1212,0.7487,3.2254
84.1214,0.7974,3.4383
84.1216,0.7326,3.1606
84.1218,0.7481,3.2213
84.1220,0.787,3.3886
84.1222,0.7275,3.1369
84.1224,0.7841,3.3809
84.1226,0.6596,2.8535
84.1228,0.4785,2.0712
84.1230,0.4645,2.0104
84.1232,0.4733,2.0483
84.1234,0.5049,2.1803
84.1236,0.5703,2.4636
84.1238,0.5102,2.2071
84.1240,0.4631,2.0042
84.1242,0.4678,2.0226
84.1244,0.498,2.1532
84.1246,0.4944,2.1357
84.1248,0.4981,2.1558
84.1250,0.4771,2.063
84.1252,0.498,2.1522
84.1254,0.4843,2.0961
84.1256,0.4615,1.9947
84.1258,0.5356,2.3085
84.1260,0.6598,2.8453
84.1262,0.6222,2.6867
84.1264,0.6011,2.5979
84.1266,0.5789,2.4986
84.1268,0.5738,2.4763
84.1270,0.5697,2.4576
84.1272,0.5895,2.5429
84.1274,0.622,2.6819
84.1276,0.6142,2.6483
84.1278,0.644,2.7757
84.1280,0.7184,3.0947
84.1282,0.776,3.3416
84.1284,0.7326,3.1547
84.1286,0.8009,3.4469
84.1288,0.7801,3.3529
84.1290,0.8801,3.7757
84.1292,0.9908,4.2525
84.1294,1.0127,4.3406
84.1296,1.0512,4.5098
84.1298,1.0505,4.5088
84.1300,1.0377,4.4454
84.1302,1.1198,4.795
84.1304,1.0782,4.619
84.1306,1.071,4.5989
84.1308,0.9595,4.1162
84.1310,1.0431,4.4706
84.1312,1.1572,4.9529
84.1314,1.2132,5.195
84.1316,1.1579,4.9606
84.1318,1.1342,4.8544
84.1320,1.1258,4.8297
84.1322,1.0675,4.5733
84.1324,1.1131,4.7685
84.1326,1.1306,4.8435
84.1328,1.1294,4.8429
84.1330,1.1016,4.7258
84.1332,1.1106,4.7644
84.1334,1.0647,4.5631
84.1336,1.0944,4.6862
84.1338,1.133,4.8628
84.1340,1.0245,4.4012
84.1342,1.0576,4.537
84.1344,1.0672,4.5782
84.1346,1.0627,4.557
84.1348,1.1077,4.7432
84.1350,1.1733,5.024
84.1352,1.2335,5.2818
84.1354,1.1379,4.8931
84.1356,0.997,4.2852
84.1358,1.0078,4.3276
84.1360,0.9864,4.2413
84.1362,0.8601,3.7001
84.1364,0.8609,3.702
84.1366,0.9141,3.9323
84.1368,0.957,4.1093
84.1370,1.0087,4.3312
84.1372,0.9979,4.2928
84.1374,0.9142,3.9383
84.1376,0.7971,3.4389
84.1378,0.6949,3.0004
84.1380,0.6314,2.7253
84.1382,0.6582,2.8367
84.1384,0.7396,3.1876
84.1386,0.7289,3.1416
84.1388,0.7282,3.1444
84.1390,0.642,2.7734
84.1392,0.598,2.5821
84.1394,0.5923,2.5565
84.1396,0.6517,2.8153
84.1398,0.5874,2.5365
84.1400,0.609,2.626
84.1402,0.6744,2.9092
84.1404,0.6836,2.949
84.1406,0.7157,3.0819
84.1408,0.7377,3.1808
84.1410,0.6843,2.9494
84.1412,0.6869,2.9635
84.1414,0.6461,2.7897
84.1416,0.5854,2.5265
84.1418,0.614,2.6514
84.1420,0.6005,2.5953
84.1422,0.5821,2.5149
84.1424,0.5933,2.5583
84.1426,0.6947,2.9957
84.1428,0.6527,2.8182
84.1430,0.5976,2.5793
84.1432,0.6353,2.7444
84.1434,0.536,2.3197
84.1436,0.5577,2.4048
84.1438,0.7227,3.1191
84.1440,0.6723,2.9004
84.1442,0.5873,2.5383
84.1444,0.5338,2.3072
84.1446,0.5094,2.2015
84.1448,0.5109,2.2072
84.1450,0.517,2.2315
84.1452,0.5447,2.3511
84.1454,0.5409,2.3378
84.1456,0.5244,2.2673
84.1458,0.5198,2.2455
84.1460,0.5229,2.2569
84.1462,0.5437,2.3453
84.1464,0.5397,2.3315
84.1466,0.5229,2.259
84.1468,0.5186,2.2403
84.1470,0.511,2.2077
84.1472,0.5474,2.3636
84.1474,0.645,2.7824
84.1476,0.5968,2.5745
84.1478,0.58,2.4986
84.1480,0.6726,2.8974
84.1482,0.6863,2.9568
84.1484,0.6962,2.9964
84.1486,0.7648,3.2916
84.1488,0.756,3.2599
84.1490,0.7004,3.02
84.1492,0.6891,2.9687
84.1494,0.6739,2.9017
84.1496,0.6664,2.8697
84.1498,0.6862,2.9549
84.1500,0.7694,3.3086
84.1502,0.8103,3.4877
84.1504,0.8513,3.654
84.1506,0.9559,4.1085
84.1508,0.8654,3.7176
84.1510,0.866,3.7219
84.1512,0.8055,3.467
84.1514,0.7527,3.2409
84.1516,0.7524,3.2384
84.1518,0.7888,3.3948
84.1520,0.781,3.3612
84.1522,0.7841,3.3731
84.1524,0.7824,3.3627
84.1526,0.8248,3.5419
84.1528,0.8774,3.7656
84.1530,0.8994,3.8603
84.1532,0.9662,4.1528
84.1534,0.8981,3.8583
84.1536,0.8547,3.6769
84.1538,0.748,3.2223
84.1540,0.7096,3.0542
84.1542,0.7102,3.0638
84.1544,0.5638,2.4345
84.1546,0.525,2.2668
84.1548,0.5345,2.3071
84.1550,0.5844,2.5236
84.1552,0.6043,2.6071
84.1554,0.5958,2.5704
84.1556,0.5931,2.5573
84.1558,0.6435,2.7724
84.1560,0.629,2.7099
84.1562,0.6697,2.8796
84.1564,0.7977,3.4351
84.1566,0.7684,3.304
84.1568,0.7482,3.2233
84.1570,0.6733,2.9086
84.1572,0.5142,2.2181
84.1574,0.5481,2.3678
84.1576,0.4763,2.0584
84.1578,0.4727,2.0401
84.1580,0.5582,2.4046
84.1582,0.5959,2.5697
84.1584,0.6076,2.6211
84.1586,0.6501,2.7969
84.1588,0.7637,3.2839
84.1590,0.7232,3.1183
84.1592,0.6145,2.6511
84.1594,0.6387,2.7504
84.1596,0.6775,2.9199
84.1598,0.6045,2.6052
84.1600,0.5975,2.5776
84.1602,0.5982,2.5795
84.1604,0.5915,2.5494
84.1606,0.5908,2.5463
84.1608,0.5911,2.5466
84.1610,0.5998,2.5862
84.1612,0.6049,2.6073
84.1614,0.632,2.7241
84.1616,0.6853,2.9467
84.1618,0.7322,3.1527
84.1620,0.6973,3.0024
84.1622,0.766,3.2891
84.1624,0.8431,3.6184
84.1626,0.8501,3.6505
84.1628,0.8687,3.7321
84.1630,0.9353,4.0123
84.1632,1.0131,4.334
84.1634,1.077,4.6139
84.1636,1.1199,4.7978
84.1638,1.1232,4.8072
84.1640,1.1181,4.7856
84.1642,1.1177,4.7925
84.1644,1.0193,4.375
84.1646,0.9866,4.2305
84.1648,0.9756,4.1891
84.1650,0.9684,4.1543
84.1652,1.045,4.4788
84.1654,0.9892,4.2418
84.1656,0.9989,4.2855
84.1658,0.982,4.209
84.1660,1.0388,4.4563
84.1662,0.9903,4.2484
84.1664,0.9864,4.2354
84.1666,1.0156,4.3529
84.1668,1.1186,4.7832
84.1670,1.1641,4.9822
84.1672,1.2071,5.1592
84.1674,1.1942,5.1086
84.1676,1.1414,4.8875
84.1678,1.1448,4.9133
84.1680,1.0565,4.5282
84.1682,1.0903,4.6731
84.1684,1.09,4.6737
84.1686,1.0714,4.6005
84.1688,1.0621,4.5502
84.1690,1.1605,4.9691
84.1692,1.1165,4.7874
84.1694,1.0299,4.4244
84.1696,1.0034,4.3025
84.1698,1.0698,4.5852
84.1700,1.0643,4.5658
84.1702,1.0005,4.2962
84.1704,1.0314,4.4166
84.1706,1.0895,4.676
84.1708,1.0241,4.3996
84.1710,0.9565,4.1168
84.1712,0.877,3.7729
84.1714,0.8585,3.6883
84.1716,0.8632,3.717
84.1718,0.8088,3.4826
84.1720,0.7848,3.3793
84.1722,0.7926,3.4081
84.1724,0.8352,3.5978
84.1726,0.7983,3.4393
84.1728,0.7847,3.3725
84.1730,0.8417,3.6229
84.1732,0.7961,3.4263
84.1734,0.8239,3.5443
84.1736,0.8047,3.4682
84.1738,0.7746,3.337
84.1740,0.7684,3.307
84.1742,0.8,3.4481
84.1744,0.7519,3.2424
84.1746,0.6613,2.8541
84.1748,0.5727,2.4728
84.1750,0.5866,2.5305
84.1752,0.6396,2.7592
84.1754,0.628,2.7077
84.1756,0.6793,2.9304
84.1758,0.6405,2.7646
84.1760,0.6401,2.7625
84.1762,0.6397,2.7584
84.1764,0.6368,2.7473
84.1766,0.6371,2.7432
84.1768,0.7678,3.306
84.1770,0.801,3.4554
84.1772,0.6777,2.9182
84.1774,0.7269,3.1328
84.1776,0.7184,3.099
84.1778,0.6654,2.8717
84.1780,0.6277,2.7054
84.1782,0.625,2.6961
84.1784,0.6245,2.694
84.1786,0.6591,2.8395
84.1788,0.7216,3.1101
84.1790,0.7217,3.1092
84.1792,0.7456,3.209
84.1794,0.7657,3.3018
84.1796,0.6732,2.9027
84.1798,0.6269,2.7031
84.1800,0.6459,2.7814
84.1802,0.7247,3.125
84.1804,0.6583,2.8412
84.1806,0.621,2.6777
84.1808,0.6221,2.6836
84.1810,0.6228,2.6868
84.1812,0.6244,2.6935
84.1814,0.6481,2.7907
84.1816,0.7223,3.1103
84.1818,0.7481,3.2228
84.1820,0.7602,3.275
84.1822,0.7662,3.2962
84.1824,0.7854,3.3772
84.1826,0.8416,3.6156
84.1828,0.8561,3.6797
84.1830,0.9512,4.0769
84.1832,1.0016,4.3008
84.1834,0.9748,4.1821
84.1836,0.9938,4.2713
84.1838,0.8968,3.8616
84.1840,0.7806,3.3628
84.1842,0.7715,3.3174
84.1844,0.8027,3.4546
84.1846,0.759,3.2668
84.1848,0.7543,3.2452
84.1850,0.7518,3.2403
84.1852,0.7459,3.2165
84.1854,0.7311,3.148
84.1856,0.7299,3.1428
84.1858,0.7405,3.1873
84.1860,0.814,3.5053
84.1862,0.8218,3.5274
84.1864,0.9048,3.8817
84.1866,0.8718,3.7489
84.1868,0.8929,3.8343
84.1870,0.9377,4.0357
84.1872,0.8453,3.6384
84.1874,0.7787,3.3514
84.1876,0.8596,3.6895
84.1878,0.9214,3.96
84.1880,0.7853,3.3877
84.1882,0.6486,2.798
84.1884,0.619,2.6702
84.1886,0.6254,2.6981
84.1888,0.6681,2.8769
84.1890,0.7464,3.2186
84.1892,0.6892,2.9733
84.1894,0.581,2.5097
84.1896,0.5533,2.3889
84.1898,0.5621,2.425
84.1900,0.6493,2.7959
84.1902,0.6934,2.99
84.1904,0.6817,2.9407
84.1906,0.7011,3.0203
84.1908,0.6684,2.886
84.1910,0.5064,2.1875
84.1912,0.476,2.0555
84.1914,0.4674,2.0201
84.1916,0.4839,2.0916
84.1918,0.4694,2.027
84.1920,0.541,2.3296
84.1922,0.6613,2.8515
84.1924,0.6187,2.6679
84.1926,0.6061,2.6112
84.1928,0.6581,2.8388
84.1930,0.6047,2.6086
84.1932,0.5969,2.5738
84.1934,0.6058,2.6121
84.1936,0.6563,2.8284
84.1938,0.6228,2.6855
84.1940,0.5975,2.5764
84.1942,0.6017,2.5933
84.1944,0.6517,2.8075
84.1946,0.6257,2.6992
84.1948,0.6369,2.7427
84.1950,0.6934,2.9845
84.1952,0.771,3.3153
84.1954,0.8332,3.5796
84.1956,0.8227,3.5359
84.1958,0.8487,3.646
84.1960,0.8817,3.7842
84.1962,0.8883,3.816
84.1964,0.9612,4.1196
84.1966,1.0446,4.4752
84.1968,1.13,4.8342
84.1970,1.1414,4.8829
84.1972,1.1848,5.0638
84.1974,1.2011,5.1384
84.1976,1.1132,4.7668
84.1978,1.0885,4.6676
84.1980,1.1003,4.7092
84.1982,1.121,4.8047
84.1984,1.0931,4.6805
84.1986,1.1656,4.9865
84.1988,1.1866,5.0763
84.1990,1.1746,5.025
84.1992,1.179,5.044
84.1994,1.2313,5.2701
84.1996,1.1997,5.137
84.1998,1.0742,4.6085
84.2000,1.0503,4.5014
84.2002,1.0741,4.608
84.2004,0.9877,4.2391
84.2006,0.9742,4.1815
84.2008,1.0059,4.3234
84.2010,0.972,4.1736
84.2012,0.935,4.0207
84.2014,0.9027,3.8724
84.2016,1.033,4.4316
84.2018,1.0723,4.5982
84.2020,0.9775,4.2012
84.2022,0.9114,3.9191
84.2024,0.9415,4.0523
84.2026,0.89,3.8286
84.2028,0.8576,3.6841
84.2030,0.8902,3.8296
84.2032,0.903,3.8812
84.2034,0.8706,3.7438
84.2036,0.8573,3.6848
84.2038,0.9112,3.9235
84.2040,0.7847,3.3804
84.2042,0.7037,3.0359
84.2044,0.638,2.7524
84.2046,0.6262,2.7037
84.2048,0.613,2.6468
84.2050,0.6131,2.6461
84.2052,0.5891,2.5414
84.2054,0.5862,2.529
84.2056,0.5847,2.5223
84.2058,0.6881,2.9659
84.2060,0.7529,3.239
84.2062,0.7486,3.2264
84.2064,0.73,3.1477
84.2066,0.7197,3.099
84.2068,0.7512,3.2423
84.2070,0.6258,2.6997
84.2072,0.6302,2.7188
84.2074,0.6656,2.8714
84.2076,0.6726,2.8987
84.2078,0.6985,3.009
84.2080,0.7082,3.0536
84.2082,0.6925,2.9831
84.2084,0.6911,2.9761
84.2086,0.7128,3.0724
84.2088,0.7277,3.1408
84.2090,0.6477,2.7943
84.2092,0.6019,2.5967
84.2094,0.5704,2.463
84.2096,0.5971,2.5761
84.2098,0.7072,3.041
84.2100,0.8265,3.5491
84.2102,0.9059,3.899
84.2104,0.7552,3.2578
84.2106,0.6513,2.8099
84.2108,0.6572,2.8339
84.2110,0.6594,2.8432
84.2112,0.6559,2.8295
84.2114,0.636,2.7437
84.2116,0.573,2.4721
84.2118,0.6515,2.8078
84.2120,0.6774,2.9221
84.2122,0.6016,2.5988
84.2124,0.5518,2.3849
84.2126,0.5398,2.331
84.2128,0.5402,2.3303
84.2130,0.5925,2.5547
84.2132,0.6384,2.7502
84.2134,0.7181,3.0908
84.2136,0.7516,3.2408
84.2138,0.685,2.9511
84.2140,0.7114,3.0704
84.2142,0.601,2.5926
84.2144,0.5456,2.3525
84.2146,0.6059,2.6114
84.2148,0.6353,2.7355
84.2150,0.6494,2.799
84.2152,0.6536,2.8197
84.2154,0.6449,2.7794
84.2156,0.6646,2.8646
84.2158,0.6681,2.8809
84.2160,0.6706,2.8905
84.2162,0.6746,2.9062
84.2164,0.6886,2.9639
84.2166,0.7487,3.2179
84.2168,0.854,3.6619
84.2170,0.9567,4.1082
84.2172,0.9298,3.9905
84.2174,0.9329,4.0132
84.2176,0.7973,3.4314
84.2178,0.8137,3.4989
84.2180,0.8172,3.5138
84.2182,0.7648,3.2931
84.2184,0.6933,2.9854
84.2186,0.7367,3.1693
84.2188,0.7817,3.3643
84.2190,0.8129,3.4936
84.2192,0.8476,3.6448
84.2194,0.8842,3.802
84.2196,0.845,3.6334
84.2198,0.7861,3.3834
84.2200,0.772,3.3194
84.2202,0.8156,3.5104
84.2204,0.7127,3.0747
84.2206,0.6331,2.7325
84.2208,0.6174,2.6622
84.2210,0.6259,2.6902
84.2212,0.6979,3.012
84.2214,0.583,2.515
84.2216,0.6182,2.6646
84.2218,0.5896,2.5446
84.2220,0.5714,2.466
84.2222,0.5884,2.5383
84.2224,0.6052,2.6083
84.2226,0.6266,2.6995
84.2228,0.6389,2.7548
84.2230,0.5868,2.5316
84.2232,0.5889,2.5392
84.2234,0.5951,2.5661
84.2236,0.5521,2.3849
84.2238,0.4585,1.9827
84.2240,0.4583,1.9789
84.2242,0.5317,2.2968
84.2244,0.4797,2.0716
84.2246,0.4579,1.9764
84.2248,0.4979,2.1507
84.2250,0.4772,2.0607
84.2252,0.5257,2.2657
84.2254,0.6447,2.7814
84.2256,0.5768,2.4858
84.2258,0.57,2.4591
84.2260,0.5855,2.5282
84.2262,0.5764,2.4866
84.2264,0.5775,2.4889
84.2266,0.5855,2.5235
84.2268,0.6837,2.9413
84.2270,0.7567,3.254
84.2272,0.7882,3.3938
84.2274,0.7319,3.1472
84.2276,0.7841,3.3652
84.2278,0.9198,3.946
84.2280,0.9559,4.097
84.2282,0.9948,4.2675
84.2284,0.9319,3.9923
84.2286,1.0138,4.3432
84.2288,1.0642,4.5568
84.2290,1.0185,4.3754
84.2292,0.9124,3.9123
84.2294,0.957,4.1035
84.2296,1.0047,4.3062
84.2298,1.001,4.2942
84.2300,0.979,4.1962
84.2302,1.0378,4.4418
84.2304,1.0726,4.5949
84.2306,1.1422,4.8842
84.2308,1.2278,5.2454
84.2310,1.2518,5.3453
84.2312,1.2958,5.5332
84.2314,1.3094,5.5937
84.2316,1.2648,5.4082
84.2318,1.3308,5.6827
84.2320,1.3217,5.6517
84.2322,1.2184,5.2049
84.2324,1.1581,4.9588
84.2326,1.1264,4.8255
84.2328,1.1214,4.8017
84.2330,1.1328,4.8482
84.2332,1.1667,4.9958
84.2334,1.1834,5.0695
84.2336,1.144,4.9033
84.2338,1.1727,5.0168
84.2340,1.1709,5.0138
84.2342,1.1189,4.7954
84.2344,1.1385,4.882
84.2346,1.1348,4.8683
84.2348,1.0709,4.5941
84.2350,0.9633,4.1462
84.2352,0.898,3.8595
84.2354,0.9172,3.9402
84.2356,0.9067,3.8935
84.2358,0.9139,3.9281
84.2360,0.9504,4.0829
84.2362,1.0168,4.3662
84.2364,0.9563,4.1043
84.2366,0.994,4.2644
84.2368,1.0709,4.5941
84.2370,1.0272,4.4089
84.2372,1.003,4.305
84.2374,0.9533,4.1009
84.2376,0.8522,3.6661
84.2378,0.8495,3.6598
84.2380,0.7852,3.3809
84.2382,0.8209,3.5364
84.2384,0.8108,3.4914
84.2386,0.7668,3.3034
84.2388,0.7381,3.1799
84.2390,0.725,3.1217
84.2392,0.7287,3.1435
84.2394,0.6985,3.0104
84.2396,0.7432,3.2016
84.2398,0.762,3.2843
84.2400,0.7898,3.3963
84.2402,0.8398,3.6096
84.2404,0.8419,3.6234
84.2406,0.787,3.3902
84.2408,0.7666,3.3008
84.2410,0.8469,3.6468
84.2412,0.8298,3.5729
84.2414,0.7989,3.445
84.2416,0.6622,2.8596
84.2418,0.6432,2.7747
84.2420,0.6549,2.8241
84.2422,0.6899,2.975
84.2424,0.689,2.975
84.2426,0.6193,2.6742
84.2428,0.5766,2.4899
84.2430,0.5644,2.436
84.2432,0.6347,2.7367
84.2434,0.6911,2.9719
84.2436,0.8577,3.6881
84.2438,0.8052,3.4719
84.2440,0.6298,2.7193
84.2442,0.5963,2.5724
84.2444,0.6191,2.6707
84.2446,0.5826,2.5158
84.2448,0.5963,2.5724
84.2450,0.6413,2.7664
84.2452,0.5979,2.5804
84.2454,0.58,2.5044
84.2456,0.5811,2.5102
84.2458,0.5875,2.5347
84.2460,0.6047,2.6099
84.2462,0.5904,2.5506
84.2464,0.5821,2.5137
84.2466,0.5922,2.5489
84.2468,0.7926,3.4065
84.2470,0.8474,3.6505
84.2472,0.6961,3.0042
84.2474,0.672,2.8921
84.2476,0.7337,3.1579
84.2478,0.766,3.2967
84.2480,0.83,3.5707
84.2482,0.8536,3.6689
84.2484,0.8623,3.7042
84.2486,0.8503,3.6527
84.2488,0.8993,3.8634
84.2490,0.8918,3.8381
84.2492,0.8323,3.5788
84.2494,0.8874,3.8106
84.2496,0.9922,4.2606
84.2498,0.9572,4.1103
84.2500,0.983,4.2151
84.2502,1.0361,4.4491
84.2504,0.898,3.8649
84.2506,0.8437,3.6261
84.2508,0.8587,3.6939
84.2510,0.883,3.7987
84.2512,0.8945,3.8392
84.2514,0.9559,4.1008
84.2516,0.9892,4.2458
84.2518,0.9382,4.0322
84.2520,0.8764,3.7685
84.2522,0.901,3.8742
84.2524,0.8494,3.6576
84.2526,0.7481,3.2168
84.2528,0.8383,3.6029
84.2530,0.8823,3.7956
84.2532,0.9084,3.9026
84.2534,0.8969,3.8585
84.2536,0.7836,3.3851
84.2538,0.6154,2.6534
84.2540,0.6746,2.9089
84.2542,0.6643,2.8657
84.2544,0.6703,2.8876
84.2546,0.7223,3.1132
84.2548,0.707,3.0499
84.2550,0.6221,2.6836
84.2552,0.6509,2.8078
84.2554,0.6848,2.9473
84.2556,0.7362,3.1761
84.2558,0.6306,2.7229
84.2560,0.6037,2.6081
84.2562,0.5286,2.2865
84.2564,0.4764,2.0542
84.2566,0.6439,2.7765
84.2568,0.6379,2.7545
84.2570,0.5166,2.2336
84.2572,0.4788,2.0693
84.2574,0.505,2.1778
84.2576,0.5759,2.4833
84.2578,0.5899,2.5486
84.2580,0.5185,2.2398
84.2582,0.5324,2.2967
84.2584,0.6124,2.643
84.2586,0.5886,2.5381
84.2588,0.6772,2.9175
84.2590,0.7089,3.0582
84.2592,0.6819,2.9336
84.2594,0.717,3.089
84.2596,0.7049,3.0369
84.2598,0.686,2.9566
84.2600,0.6673,2.8787
84.2602,0.5871,2.5361
84.2604,0.5711,2.4649
84.2606,0.5704,2.4607
84.2608,0.5807,2.5052
84.2610,0.5799,2.5016
84.2612,0.5871,2.5291
84.2614,0.6282,2.7088
84.2616,0.6856,2.9523
84.2618,0.712,3.0673
84.2620,0.6895,2.9675
84.2622,0.7539,3.2431
84.2624,0.7888,3.39
84.2626,0.8322,3.5766
84.2628,0.838,3.5985
84.2630,0.8994,3.8621
84.2632,0.9691,4.1593
84.2634,1.0157,4.3433
84.2636,1.1788,5.0477
84.2638,1.1644,4.9837
84.2640,1.1426,4.8857
84.2642,1.1654,4.9878
84.2644,1.1739,5.0243
84.2646,1.1665,4.9924
84.2648,1.1332,4.8525
84.2650,1.1302,4.842
84.2652,1.1214,4.8062
84.2654,1.1275,4.8256
84.2656,1.1421,4.8951
84.2658,1.0902,4.6791
84.2660,1.0215,4.3801
84.2662,1.0254,4.3971
84.2664,1.0424,4.4779
84.2666,0.9816,4.2129
84.2668,1.0087,4.3191
84.2670,1.1316,4.8544
84.2672,1.0397,4.4604
84.2674,1.0018,4.2998
84.2676,1.0193,4.377
84.2678,1.0031,4.3095
84.2680,0.9742,4.1795
84.2682,1.0045,4.3152
84.2684,0.9794,4.2056
84.2686,1.0307,4.4197
84.2688,1.08,4.6311
84.2690,1.0394,4.4568
84.2692,1.0437,4.4836
84.2694,0.9537,4.1011
84.2696,0.9075,3.9003
84.2698,0.9414,4.0386
84.2700,0.9939,4.2679
84.2702,0.9553,4.1078
84.2704,0.862,3.7084
84.2706,0.832,3.5827
84.2708,0.8537,3.6762
84.2710,0.8432,3.6375
84.2712,0.7155,3.0852
84.2714,0.7064,3.0416
84.2716,0.738,3.178
84.2718,0.7051,3.0402
84.2720,0.6933,2.9909
84.2722,0.6963,2.9997
84.2724,0.7566,3.2625
84.2726,0.7518,3.2433
84.2728,0.6818,2.9372
84.2730,0.6613,2.8568
84.2732,0.615,2.6544
84.2734,0.6637,2.8631
84.2736,0.6305,2.7224
84.2738,0.5738,2.4786
84.2740,0.5712,2.47
84.2742,0.5464,2.3594
84.2744,0.5625,2.4288
84.2746,0.573,2.4732
84.2748,0.6092,2.6271
84.2750,0.673,2.9048
84.2752,0.5624,2.4294
84.2754,0.5693,2.456
84.2756,0.5856,2.5299
84.2758,0.5507,2.3814
84.2760,0.5253,2.2694
84.2762,0.5163,2.2305
84.2764,0.516,2.2289
84.2766,0.5229,2.26
84.2768,0.5264,2.2719
84.2770,0.5423,2.3407
84.2772,0.5444,2.3517
84.2774,0.5374,2.3195
84.2776,0.5375,2.3222
84.2778,0.5425,2.3423
84.2780,0.5937,2.561
84.2782,0.6426,2.7695
84.2784,0.6763,2.9107
84.2786,0.7226,3.1142
84.2788,0.6377,2.7509
84.2790,0.5414,2.3398
84.2792,0.5283,2.2834
84.2794,0.5262,2.2719
84.2796,0.559,2.4116
84.2798,0.6216,2.6816
84.2800,0.6305,2.7148
84.2802,0.6541,2.8178
84.2804,0.6541,2.8165
84.2806,0.6398,2.7615
84.2808,0.5564,2.4002
84.2810,0.6289,2.7094
84.2812,0.6673,2.8747
84.2814,0.6551,2.8207
84.2816,0.6537,2.8176
84.2818,0.6608,2.8468
84.2820,0.6697,2.8823
84.2822,0.6801,2.9272
84.2824,0.7539,3.2446
84.2826,0.785,3.3788
84.2828,0.7971,3.4245
84.2830,0.9007,3.8714
84.2832,0.8702,3.7435
84.2834,0.7175,3.0897
84.2836,0.6626,2.8545
84.2838,0.6533,2.8142
84.2840,0.6554,2.8248
84.2842,0.6524,2.8067
84.2844,0.6845,2.9504
84.2846,0.6528,2.8122
84.2848,0.6598,2.8426
84.2850,0.6745,2.903
84.2852,0.7239,3.1185
84.2854,0.7004,3.0144
84.2856,0.7439,3.2062
84.2858,0.6557,2.8272
84.2860,0.7179,3.0883
84.2862,0.7202,3.0981
84.2864,0.7158,3.0781
84.2866,0.8051,3.4569
84.2868,0.782,3.3643
84.2870,0.707,3.0442
84.2872,0.7254,3.1194
84.2874,0.747,3.2167
84.2876,0.721,3.1046
84.2878,0.7248,3.1154
84.2880,0.7784,3.3473
84.2882,0.8006,3.4475
84.2884,0.7058,3.0377
84.2886,0.7174,3.0891
84.2888,0.698,3.0097
84.2890,0.6531,2.815
84.2892,0.6783,2.9195
84.2894,0.6852,2.9571
84.2896,0.5762,2.4867
84.2898,0.5534,2.3861
84.2900,0.5724,2.4695
84.2902,0.5764,2.4877
84.2904,0.5747,2.4747
84.2906,0.6392,2.7551
84.2908,0.6293,2.7147
84.2910,0.5521,2.3849
84.2912,0.4812,2.073
84.2914,0.5986,2.5823
84.2916,0.5793,2.4978
84.2918,0.5961,2.569
84.2920,0.5838,2.5198
84.2922,0.5766,2.4876
84.2924,0.5768,2.4881
84.2926,0.601,2.5866
84.2928,0.627,2.7036
84.2930,0.5774,2.4907
84.2932,0.5723,2.4667
84.2934,0.5733,2.4731
84.2936,0.5752,2.4825
84.2938,0.5763,2.4849
84.2940,0.5792,2.4961
84.2942,0.5784,2.4942
84.2944,0.5929,2.5568
84.2946,0.6353,2.7329
84.2948,0.6987,3.0072
84.2950,0.7182,3.0884
84.2952,0.7706,3.3061
84.2954,0.8437,3.6244
84.2956,0.8584,3.6878
84.2958,0.8961,3.8423
84.2960,0.9452,4.0531
84.2962,0.9166,3.9284
84.2964,0.9805,4.2023
84.2966,0.9675,4.141
84.2968,1.1143,4.7603
84.2970,1.2053,5.1563
84.2972,1.2133,5.1858
84.2974,1.2739,5.437
84.2976,1.3581,5.7908
84.2978,1.3678,5.8322
84.2980,1.3332,5.693
84.2982,1.2553,5.3702
84.2984,1.1979,5.1293
84.2986,1.1308,4.8423
84.2988,1.0838,4.6497
84.2990,0.9695,4.1648
84.2992,0.9476,4.0634
84.2994,0.9567,4.1044
84.2996,1.0113,4.3324
84.2998,1.1203,4.7971
84.3000,1.1392,4.8805
84.3002,1.1241,4.8203
84.3004,1.0782,4.619
84.3006,1.0699,4.5793
84.3008,1.1266,4.8153
84.3010,1.1916,5.1145
84.3012,0.9589,4.1175
84.3014,1.0129,4.3533
84.3016,0.9467,4.0707
84.3018,0.9137,3.9252
84.3020,0.9112,3.9144
84.3022,0.9548,4.1019
84.3024,0.9263,3.9756
84.3026,0.9127,3.9211
84.3028,0.9352,4.0212
84.3030,0.9203,3.9572
84.3032,0.7837,3.3762
84.3034,0.7095,3.0607
84.3036,0.6479,2.7962
84.3038,0.6553,2.8282
84.3040,0.639,2.7579
84.3042,0.6278,2.7072
84.3044,0.6703,2.8916
84.3046,0.669,2.8846
84.3048,0.6708,2.8923
84.3050,0.6691,2.8851
84.3052,0.7433,3.1977
84.3054,0.807,3.4748
84.3056,0.7456,3.2135
84.3058,0.7198,3.1024
84.3060,0.7588,3.2658
84.3062,0.8265,3.554
84.3064,0.8061,3.4696
84.3066,0.7765,3.3468
84.3068,0.6891,2.9687
84.3070,0.7371,3.1709
84.3072,0.7855,3.3808
84.3074,0.7759,3.3411
84.3076,0.7736,3.3328
84.3078,0.7575,3.2616
84.3080,0.7166,3.0884
84.3082,0.7405,3.1873
84.3084,0.7389,3.1801
84.3086,0.7186,3.1001
84.3088,0.6598,2.8453
84.3090,0.7137,3.0746
84.3092,0.7185,3.0938
84.3094,0.8323,3.5771
84.3096,0.9025,3.8773
84.3098,0.869,3.7348
84.3100,0.8284,3.5623
84.3102,0.8294,3.5681
84.3104,0.7873,3.3965
84.3106,0.6703,2.8929
84.3108,0.6262,2.7012
84.3110,0.6202,2.6754
84.3112,0.6228,2.688
84.3114,0.6759,2.9078
84.3116,0.7493,3.2235
84.3118,0.7805,3.3592
84.3120,0.7627,3.2874
84.3122,0.7527,3.2424
84.3124,0.7427,3.2011
84.3126,0.6807,2.9271
84.3128,0.8699,3.7407
84.3130,0.815,3.5143
84.3132,0.6367,2.7455
84.3134,0.6215,2.6798
84.3136,0.631,2.7156
84.3138,0.7509,3.2347
84.3140,0.7464,3.2156
84.3142,0.7445,3.2058
84.3144,0.7487,3.2239
84.3146,0.7473,3.2177
84.3148,0.7389,3.1786
84.3150,0.8245,3.5354
84.3152,1.0414,4.4634
84.3154,1.0143,4.3594
84.3156,0.867,3.7318
84.3158,0.779,3.3561
84.3160,0.7896,3.3889
84.3162,0.9624,4.1267
84.3164,0.9938,4.2693
84.3166,0.9228,3.9699
84.3168,0.8384,3.6084
84.3170,0.8145,3.5025
84.3172,0.8125,3.4986
84.3174,0.781,3.3597
84.3176,0.8361,3.5953
84.3178,0.8151,3.5099
84.3180,0.7547,3.2467
84.3182,0.7548,3.2487
84.3184,0.7573,3.2596
84.3186,0.7789,3.3556
84.3188,0.8247,3.5414
84.3190,0.941,4.0408
84.3192,0.9561,4.1057
84.3194,0.9685,4.1568
84.3196,0.9521,4.0901
84.3198,0.8492,3.6515
84.3200,0.8058,3.4713
84.3202,0.7648,3.2946
84.3204,0.7649,3.2936
84.3206,0.7667,3.2998
84.3208,0.7793,3.3571
84.3210,0.7228,3.1138
84.3212,0.709,3.0558
84.3214,0.6739,2.9004
84.3216,0.7602,3.2735
84.3218,0.7692,3.3184
84.3220,0.6903,2.9738
84.3222,0.6945,2.9919
84.3224,0.7022,3.0264
84.3226,0.7411,3.1884
84.3228,0.7696,3.3122
84.3230,0.6745,2.9164
84.3232,0.489,2.1144
84.3234,0.4632,2.002
84.3236,0.4573,1.9784
84.3238,0.4487,1.941
84.3240,0.46,1.988
84.3242,0.4934,2.1266
84.3244,0.6474,2.7941
84.3246,0.6027,2.5998
84.3248,0.5827,2.514
84.3250,0.5929,2.5591
84.3252,0.6125,2.641
84.3254,0.6717,2.8951
84.3256,0.6006,2.5899
84.3258,0.5616,2.4241
84.3260,0.5626,2.4282
84.3262,0.5669,2.4468
84.3264,0.5782,2.492
84.3266,0.6043,2.6059
84.3268,0.6094,2.6264
84.3270,0.6771,2.9143
84.3272,0.7844,3.3762
84.3274,0.7492,3.2245
84.3276,0.782,3.3643
84.3278,0.8191,3.5172
84.3280,0.8691,3.7301
84.3282,0.9536,4.091
84.3284,0.9452,4.0588
84.3286,0.9395,4.036
84.3288,0.8384,3.6068
84.3290,0.8121,3.4922
84.3292,0.8131,3.493
84.3294,0.8702,3.7348
84.3296,0.9501,4.0761
84.3298,0.9619,4.1265
84.3300,0.9774,4.1968
84.3302,0.9874,4.2381
84.3304,1.0686,4.5822
84.3306,1.0364,4.4335
84.3308,1.1362,4.8608
84.3310,1.1673,4.9937
84.3312,1.1632,4.9786
84.3314,1.1823,5.0602
84.3316,1.1674,5.0012
84.3318,1.0988,4.7074
84.3320,1.1076,4.7471
84.3322,1.0715,4.5924
84.3324,1.1052,4.7302
84.3326,1.1214,4.804
84.3328,1.0625,4.556
84.3330,1.0801,4.6381
84.3332,0.947,4.0741
84.3334,0.8739,3.756
84.3336,0.859,3.6955
84.3338,0.8475,3.6443
84.3340,0.876,3.767
84.3342,0.8824,3.7925
84.3344,0.9316,4.0076
84.3346,0.8832,3.7961
84.3348,0.8865,3.8083
84.3350,0.9644,4.1412
84.3352,0.9409,4.0403
84.3354,0.9771,4.1919
84.3356,0.9488,4.08
84.3358,0.8876,3.8183
84.3360,0.9174,3.9485
84.3362,0.8342,3.5904
84.3364,0.7908,3.4051
84.3366,0.7982,3.4371
84.3368,0.7572,3.2636
84.3370,0.7661,3.2957
84.3372,0.8242,3.5541
84.3374,0.6339,2.7349
84.3376,0.6782,2.9203
84.3378,0.7411,3.1973
84.3380,0.6643,2.8644
84.3382,0.6456,2.7863
84.3384,0.5898,2.5457
84.3386,0.572,2.4686
84.3388,0.5833,2.5166
84.3390,0.6564,2.8316
84.3392,0.6999,3.0194
84.3394,0.6676,2.8775
84.3396,0.7145,3.0768
84.3398,0.776,3.337
84.3400,0.8012,3.4485
84.3402,0.7976,3.433
84.3404,0.7485,3.2244
84.3406,0.6856,2.9551
84.3408,0.6306,2.7229
84.3410,0.5646,2.4381
84.3412,0.5687,2.4546
84.3414,0.5798,2.501
84.3416,0.5818,2.511
84.3418,0.595,2.5667
84.3420,0.6253,2.6976
84.3422,0.6114,2.6413
84.3424,0.5769,2.4852
84.3426,0.7224,3.1195
84.3428,0.541,2.3383
84.3430,0.5138,2.2196
84.3432,0.518,2.2367
84.3434,0.5017,2.1683
84.3436,0.4973,2.1481
84.3438,0.5,2.1591
84.3440,0.5133,2.2176
84.3442,0.5194,2.245
84.3444,0.5034,2.1736
84.3446,0.4994,2.1565
84.3448,0.4983,2.1518
84.3450,0.5128,2.2155
84.3452,0.5293,2.2833
84.3454,0.5744,2.4766
84.3456,0.5959,2.5733
84.3458,0.5149,2.2233
84.3460,0.5154,2.2264
84.3462,0.5351,2.3086
84.3464,0.5536,2.3872
84.3466,0.5515,2.3768
84.3468,0.6614,2.8454
84.3470,0.7617,3.2736
84.3472,0.7909,3.3977
84.3474,0.8527,3.6647
84.3476,0.8217,3.5351
84.3478,0.7928,3.4092
84.3480,0.8136,3.4984
84.3482,0.8085,3.4767
84.3484,0.8747,3.7561
84.3486,0.8926,3.831
84.3488,0.934,4.0123
84.3490,0.9314,4.0033
84.3492,0.8733,3.7534
84.3494,0.8509,3.6604
84.3496,0.7849,3.3751
84.3498,0.7847,3.3772
84.3500,0.7488,3.2244
84.3502,0.7555,3.2503
84.3504,0.7468,3.2156
84.3506,0.7561,3.2529
84.3508,0.8188,3.5227
84.3510,0.7445,3.2103
84.3512,0.6576,2.8341
84.3514,0.6615,2.8485
84.3516,0.6487,2.7933
84.3518,0.65,2.8029
84.3520,0.6674,2.8752
84.3522,0.753,3.241
84.3524,0.7992,3.4333
84.3526,0.801,3.4474
84.3528,0.7371,3.1782
84.3530,0.5897,2.5452
84.3532,0.5151,2.2253
84.3534,0.5374,2.3184
84.3536,0.5947,2.5633
84.3538,0.6339,2.7374
84.3540,0.575,2.4804
84.3542,0.5938,2.5592
84.3544,0.6082,2.6236
84.3546,0.5771,2.4897
84.3548,0.5838,2.5163
84.3550,0.6402,2.7566
84.3552,0.6395,2.7587
84.3554,0.6339,2.7336
84.3556,0.6009,2.5909
84.3558,0.5945,2.5647
84.3560,0.5992,2.5836
84.3562,0.5819,2.5115
84.3564,0.466,2.0129
84.3566,0.4788,2.0693
84.3568,0.4604,1.9891
84.3570,0.503,2.168
84.3572,0.628,2.704
84.3574,0.6747,2.908
84.3576,0.6982,3.0051
84.3578,0.7164,3.0821
84.3580,0.6926,2.9809
84.3582,0.6792,2.9285
84.3584,0.6006,2.5899
84.3586,0.5921,2.5531
84.3588,0.5914,2.5489
84.3590,0.6031,2.5983
84.3592,0.6506,2.8029
84.3594,0.6774,2.9153
84.3596,0.6642,2.8612
84.3598,0.6784,2.92
84.3600,0.6922,2.9807
84.3602,0.6893,2.9683
84.3604,0.709,3.0516
84.3606,0.7211,3.1066
84.3608,0.6788,2.9229
84.3610,0.715,3.0788
84.3612,0.6958,2.9934
84.3614,0.7265,3.1255
84.3616,0.72,3.0947
84.3618,0.8095,3.4776
84.3620,0.8452,3.6328
84.3622,0.8581,3.6793
84.3624,0.9619,4.1265
84.3626,0.9685,4.1432
84.3628,1.1197,4.7923
84.3630,1.1228,4.8056
84.3632,1.1798,5.0447
84.3634,1.1721,5.0189
84.3636,1.1287,4.833
84.3638,1.1927,5.1024
84.3640,1.1844,5.0718
84.3642,1.1406,4.8793
84.3644,1.1455,4.9072
84.3646,1.0618,4.5572
84.3648,0.977,4.1953
84.3650,0.9953,4.274
84.3652,0.9537,4.0916
84.3654,0.9468,4.0598
84.3656,1.0451,4.4793
84.3658,1.028,4.41
84.3660,1.012,4.3375
84.3662,1.0203,4.3709
84.3664,1.0522,4.5055
84.3666,1.1503,4.9209
84.3668,1.1316,4.8454
84.3670,1.1254,4.8214
84.3672,1.0865,4.661
84.3674,1.0385,4.4448
84.3676,1.1407,4.8867
84.3678,1.1051,4.7385
84.3680,1.0313,4.4244
84.3682,1.0328,4.4285
84.3684,1.0041,4.3096
84.3686,0.9305,3.9992
84.3688,0.9115,3.9087
84.3690,1.0582,4.529
84.3692,1.1029,4.7359
84.3694,0.9281,3.9982
84.3696,0.7813,3.3675
84.3698,0.7176,3.0902
84.3700,0.7618,3.2787
84.3702,0.8299,3.5718
84.3704,0.8652,3.7188
84.3706,0.8669,3.7295
84.3708,0.8529,3.6692
84.3710,0.7878,3.3954
84.3712,0.7679,3.305
84.3714,0.7939,3.4186
84.3716,0.7871,3.3891
84.3718,0.7776,3.3514
84.3720,0.6723,2.8977
84.3722,0.6736,2.902
84.3724,0.7311,3.1539
84.3726,0.7151,3.0793
84.3728,0.7118,3.0691
84.3730,0.6522,2.8135
84.3732,0.6305,2.7199
84.3734,0.6212,2.6788
84.3736,0.6322,2.7258
84.3738,0.6431,2.7716
84.3740,0.6861,2.953
84.3742,0.7109,3.0698
84.3744,0.5801,2.5072
84.3746,0.5537,2.3921
84.3748,0.5934,2.5588
84.3750,0.6287,2.7121
84.3752,0.6101,2.6319
84.3754,0.6054,2.6105
84.3756,0.6938,2.9819
84.3758,0.7673,3.3085
84.3760,0.6329,2.7315
84.3762,0.6209,2.6785
84.3764,0.603,2.6014
84.3766,0.6016,2.594
84.3768,0.6027,2.6011
84.3770,0.6051,2.6114
84.3772,0.6035,2.6023
84.3774,0.5992,2.586
84.3776,0.6072,2.6207
84.3778,0.6082,2.6236
84.3780,0.6245,2.689
84.3782,0.7318,3.1467
84.3784,0.8154,3.5093
84.3786,0.7116,3.0658
84.3788,0.6333,2.7272
84.3790,0.7073,3.0444
84.3792,0.6663,2.8745
84.3794,0.6402,2.7592
84.3796,0.7034,3.0287
84.3798,0.77,3.3127
84.3800,0.7985,3.4366
84.3802,0.7539,3.2491
84.3804,0.6615,2.8499
84.3806,0.6609,2.8512
84.3808,0.6636,2.8613
84.3810,0.7114,3.0562
84.3812,0.9105,3.9077
84.3814,0.9382,4.0378
84.3816,0.7704,3.3158
84.3818,0.7295,3.1413
84.3820,0.7308,3.1455
84.3822,0.7529,3.2375
84.3824,0.8254,3.551
84.3826,0.7904,3.3973
84.3828,0.7694,3.3132
84.3830,0.7305,3.1469
84.3832,0.7247,3.1192
84.3834,0.741,3.1894
84.3836,0.731,3.1446
84.3838,0.7358,3.1652
84.3840,0.7258,3.1282
84.3842,0.7173,3.0901
84.3844,0.7172,3.0881
84.3846,0.7179,3.0941
84.3848,0.6872,2.9618
84.3850,0.7366,3.1732
84.3852,0.6965,2.9965
84.3854,0.7248,3.1168
84.3856,0.8017,3.4489
84.3858,0.8222,3.5355
84.3860,0.8657,3.7278
84.3862,0.7009,3.0207
84.3864,0.6663,2.8719
84.3866,0.6822,2.936
84.3868,0.763,3.2777
84.3870,0.8103,3.4844
84.3872,0.7747,3.3328
84.3874,0.7753,3.337
84.3876,0.7902,3.3978
84.3878,0.827,3.5544
84.3880,0.809,3.4836
84.3882,0.7602,3.272
84.3884,0.7883,3.3896
84.3886,0.8407,3.6082
84.3888,0.9415,4.041
84.3890,0.9751,4.187
84.3892,0.9299,4.0022
84.3894,0.8377,3.6037
84.3896,0.8111,3.4859
84.3898,0.8244,3.5497
84.3900,0.6999,3.0194
84.3902,0.6354,2.7334
84.3904,0.7986,3.4387
84.3906,0.7419,3.196
84.3908,0.7199,3.1014
84.3910,0.7088,3.052
84.3912,0.7241,3.1195
84.3914,0.7289,3.1343
84.3916,0.8278,3.5597
84.3918,0.8076,3.4726
84.3920,0.8017,3.4473
84.3922,0.7259,3.1331
84.3924,0.5869,2.5321
84.3926,0.5692,2.4555
84.3928,0.574,2.4751
84.3930,0.5769,2.4886
84.3932,0.5717,2.4687
84.3934,0.5678,2.4482
84.3936,0.5788,2.4969
84.3938,0.5824,2.5148
84.3940,0.6053,2.6124
84.3942,0.6542,2.817
84.3944,0.7168,3.0866
84.3946,0.6738,2.9025
84.3948,0.7138,3.0722
84.3950,0.7444,3.2038
84.3952,0.7958,3.422
84.3954,0.822,3.5344
84.3956,0.8486,3.6404
84.3958,0.9647,4.1403
84.3960,1.044,4.4664
84.3962,1.1631,4.9757
84.3964,1.1573,4.9511
84.3966,1.1783,5.0432
84.3968,1.1618,4.9724
84.3970,1.1877,5.0809
84.3972,1.1714,5.0158
84.3974,1.116,4.7875
84.3976,1.1145,4.7747
84.3978,1.1466,4.9118
84.3980,1.113,4.7702
84.3982,1.1036,4.7257
84.3984,1.1065,4.7469
84.3986,1.0557,4.5267
84.3988,1.0462,4.4882
84.3990,1.022,4.3863
84.3992,1.0215,4.3822
84.3994,1.0565,4.5303
84.3996,1.0601,4.5393
84.3998,1.083,4.6396
84.4000,1.0961,4.6978
84.4002,1.0753,4.6132
84.4004,1.0271,4.4064
84.4006,1.0085,4.3287
84.4008,1.0528,4.5207
84.4010,0.907,3.8982
84.4012,0.8421,3.6211
84.4014,0.8382,3.6074
84.4016,0.8408,3.6171
84.4018,0.8597,3.6986
84.4020,0.8969,3.8477
84.4022,0.9186,3.9482
84.4024,0.9067,3.9044
84.4026,0.7366,3.1806
84.4028,0.577,2.4926
84.4030,0.5471,2.3625
84.4032,0.6866,2.9578
84.4034,0.721,3.1075
84.4036,0.6805,2.9342
84.4038,0.651,2.807
84.4040,0.6848,2.9542
84.4042,0.6771,2.9211
84.4044,0.6796,2.9265
84.4046,0.7482,3.2203
84.4048,0.8112,3.4897
84.4050,0.7732,3.3339
84.4052,0.7011,3.0203
84.4054,0.6668,2.8739
84.4056,0.6474,2.7941
84.4058,0.6342,2.7346
84.4060,0.6422,2.7731
84.4062,0.6355,2.7416
84.4064,0.6286,2.7103
84.4066,0.6114,2.6401
84.4068,0.6115,2.6381
84.4070,0.6251,2.6891
84.4072,0.733,3.1592
84.4074,0.6971,3.0075
84.4076,0.716,3.0829
84.4078,0.7203,3.1073
84.4080,0.63,2.7178
84.4082,0.6215,2.6798
84.4084,0.6402,2.7592
84.4086,0.677,2.9138
84.4088,0.8023,3.4499
84.4090,0.8169,3.5177
84.4092,0.7471,3.2202
84.4094,0.6699,2.8887
84.4096,0.6506,2.8029
84.4098,0.7348,3.1669
84.4100,0.6958,3.0018
84.4102,0.6419,2.7664
84.4104,0.6149,2.6501
84.4106,0.6264,2.7023
84.4108,0.6455,2.7819
84.4110,0.6991,3.0143
84.4112,0.6601,2.8476
84.4114,0.6163,2.6601
84.4116,0.5325,2.2994
84.4118,0.5258,2.2704
84.4120,0.5227,2.258
84.4122,0.5211,2.2512
84.4124,0.5175,2.2336
84.4126,0.5221,2.2512
84.4128,0.6337,2.7326
84.4130,0.6506,2.8068
84.4132,0.6307,2.7196
84.4134,0.6238,2.6884
84.4136,0.6462,2.7863
84.4138,0.6491,2.7974
84.4140,0.6497,2.8
84.4142,0.6468,2.7863
84.4144,0.648,2.7941
84.4146,0.6738,2.8999
84.4148,0.7583,3.2591
84.4150,0.7793,3.3509
84.4152,0.8714,3.7416
84.4154,0.8846,3.8054
84.4156,0.7716,3.3225
84.4158,0.773,3.3256
84.4160,0.8268,3.56
84.4162,0.7365,3.1727
84.4164,0.6963,2.9997
84.4166,0.6964,3.0002
84.4168,0.6632,2.8571
84.4170,0.6205,2.6732
84.4172,0.6353,2.7367
84.4174,0.6657,2.8706
84.4176,0.6636,2.8626
84.4178,0.623,2.6828
84.4180,0.6691,2.8837
84.4182,0.676,2.9151
84.4184,0.6703,2.8862
84.4186,0.7413,3.1845
84.4188,0.8313,3.578
84.4190,0.7686,3.3112
84.4192,0.7066,3.0413
84.4194,0.7212,3.1057
84.4196,0.6619,2.8501
84.4198,0.7198,3.098
84.4200,0.7359,3.1716
84.4202,0.6704,2.8867
84.4204,0.6443,2.7793
84.4206,0.5738,2.4832
84.4208,0.4457,1.9263
84.4210,0.4324,1.8696
84.4212,0.4248,1.8378
84.4214,0.4001,1.7302
84.4216,0.4325,1.8684
84.4218,0.4338,1.8741
84.4220,0.4124,1.783
84.4222,0.4054,1.7538
84.4224,0.3945,1.705
84.4226,0.4154,1.7943
84.4228,0.4461,1.9261
84.4230,0.4681,2.0232
84.4232,0.4052,1.7479
84.4234,0.5469,2.356
84.4236,0.5663,2.4431
84.4238,0.5227,2.2559
84.4240,0.5119,2.2083
84.4242,0.548,2.3651
84.4244,0.5152,2.2238
84.4246,0.5343,2.305
84.4248,0.5487,2.366
84.4250,0.5421,2.3375
84.4252,0.5319,2.2936
84.4254,0.5331,2.2988
84.4256,0.5397,2.3283
84.4258,0.5645,2.4331
84.4260,0.6164,2.6544
84.4262,0.6612,2.843
84.4264,0.7187,3.0891
84.4266,0.7976,3.4298
84.4268,0.7765,3.3375
84.4270,0.7403,3.1818
84.4272,0.7955,3.4189
84.4274,0.8368,3.5867
84.4276,0.998,4.2814
84.4278,0.935,4.015
84.4280,0.8392,3.607
84.4282,0.8519,3.648
84.4284,1.007,4.3159
84.4286,0.9872,4.2272
84.4288,1.094,4.6737
84.4290,1.1637,4.9806
84.4292,1.1348,4.8592
84.4294,1.1301,4.8256
84.4296,1.2295,5.2673
84.4298,1.0705,4.5862
84.4300,1.1001,4.702
84.4302,1.1662,4.9867
84.4304,1.1775,5.0349
84.4306,1.1732,5.0235
84.4308,1.1069,4.744
84.4310,1.0567,4.5207
84.4312,1.092,4.6759
84.4314,1.0978,4.6984
84.4316,1.1591,4.9611
84.4318,1.1045,4.7359
84.4320,1.0497,4.501
84.4322,0.9697,4.16
84.4324,0.9416,4.0415
84.4326,0.9528,4.0893
84.4328,0.9892,4.2458
84.4330,1.0042,4.3001
84.4332,1.1153,4.7666
84.4334,1.218,5.2204
84.4336,1.143,4.8941
84.4338,1.13,4.8477
84.4340,0.9764,4.1868
84.4342,0.9792,4.1986
84.4344,1.046,4.4809
84.4346,1.1186,4.8011
84.4348,1.0187,4.3683
84.4350,1.0707,4.5845
84.4352,1.0895,4.6695
84.4354,1.0426,4.4769
84.4356,1.0023,4.3059
84.4358,0.95,4.0794
84.4360,0.9382,4.0359
84.4362,0.8823,3.7956
84.4364,0.8421,3.6244
84.4366,0.8182,3.5201
84.4368,0.8491,3.651
84.4370,0.8814,3.7867
84.4372,0.8678,3.7331
84.4374,0.8308,3.5709
84.4376,0.8641,3.7154
84.4378,0.8864,3.8095
84.4380,0.8841,3.8015
84.4382,0.8694,3.7386
84.4384,0.8865,3.8101
84.4386,0.9099,3.9069
84.4388,0.928,3.9902
84.4390,0.8693,3.7346
84.4392,0.8898,3.8245
84.4394,0.8838,3.8076
84.4396,0.801,3.4474
84.4398,0.8037,3.4577
84.4400,0.7577,3.2672
84.4402,0.7132,3.0754
84.4404,0.6852,2.9557
84.4406,0.6115,2.6381
84.4408,0.6307,2.7209
84.4410,0.6517,2.8101
84.4412,0.6899,2.9723
84.4414,0.6736,2.9047
84.4416,0.6595,2.8437
84.4418,0.6781,2.9225
84.4420,0.697,3.0014
84.4422,0.7366,3.1762
84.4424,0.686,2.9566
84.4426,0.6649,2.867
84.4428,0.6569,2.8363
84.4430,0.6517,2.8101
84.4432,0.6681,2.8809
84.4434,0.6409,2.7649
84.4436,0.6403,2.7636
84.4438,0.6217,2.6809
84.4440,0.6263,2.703
84.4442,0.6396,2.7592
84.4444,0.6781,2.9211
84.4446,0.6866,2.9592
84.4448,0.6447,2.7827
84.4450,0.573,2.4755
84.4452,0.5558,2.3987
84.4454,0.6079,2.6177
84.4456,0.6439,2.7804
84.4458,0.5756,2.4852
84.4460,0.6259,2.6952
84.4462,0.7,3.0115
84.4464,0.7867,3.3892
84.4466,0.7455,3.21
84.4468,0.7512,3.2332
84.4470,0.7108,3.0622
84.4472,0.7105,3.062
84.4474,0.7127,3.0647
84.4476,0.779,3.3545
84.4478,0.7509,3.2317
84.4480,0.8085,3.4783
84.4482,0.7987,3.4312
84.4484,0.8729,3.7501
84.4486,0.9428,4.0485
84.4488,0.8515,3.6647
84.4490,0.774,3.3298
84.4492,0.8276,3.557
84.4494,0.8588,3.6893
84.4496,0.8272,3.5555
84.4498,0.8278,3.5614
84.4500,0.7928,3.4155
84.4502,0.6951,2.9959
84.4504,0.6913,2.9794
84.4506,0.6869,2.9594
84.4508,0.6861,2.9585
84.4510,0.6768,2.9182
84.4512,0.6675,2.8757
84.4514,0.6678,2.8794
84.4516,0.6684,2.8806
84.4518,0.7235,3.1155
84.4520,0.7591,3.2658
84.4522,0.81,3.4845
84.4524,0.7828,3.3721
84.4526,0.7643,3.291
84.4528,0.7236,3.1174
84.4530,0.7005,3.0219
84.4532,0.6404,2.7602
84.4534,0.6979,3.005
84.4536,0.681,2.9376
84.4538,0.6581,2.8375
84.4540,0.6316,2.7232
84.4542,0.692,2.9825
84.4544,0.6943,2.9895
84.4546,0.6371,2.7547
84.4548,0.4469,1.9324
84.4550,0.4185,1.8103
84.4552,0.4148,1.7918
84.4554,0.5347,2.3087
84.4556,0.4926,2.1299
84.4558,0.4311,1.8631
84.4560,0.4409,1.9073
84.4562,0.4205,1.8183
84.4564,0.4453,1.9203
84.4566,0.576,2.485
84.4568,0.5792,2.4973
84.4570,0.5748,2.4821
84.4572,0.5295,2.2843
84.4574,0.5329,2.2988
84.4576,0.57,2.4591
84.4578,0.5633,2.4324
84.4580,0.5251,2.2662
84.4582,0.5511,2.3763
84.4584,0.6043,2.6035
84.4586,0.6239,2.6902
84.4588,0.6175,2.6603
84.4590,0.6156,2.6569
84.4592,0.5443,2.349
84.4594,0.5362,2.3143
84.4596,0.5404,2.3303
84.4598,0.5416,2.3366
84.4600,0.5857,2.5246
84.4602,0.6298,2.7105
84.4604,0.6439,2.7701
84.4606,0.6751,2.9069
84.4608,0.7164,3.0793
84.4610,0.8421,3.6194
84.4612,0.8156,3.5088
84.4614,0.7298,3.1423
84.4616,0.7275,3.1267
84.4618,0.8169,3.5144
84.4620,0.8118,3.489
84.4622,0.8353,3.5883
84.4624,0.8113,3.4902
84.4626,0.8383,3.5979
84.4628,1.0051,4.3077
84.4630,1.0105,4.3288
84.4632,1.0365,4.4341
84.4634,1.0871,4.657
84.4636,1.0446,4.4752
84.4638,1.09,4.6694
84.4640,1.1055,4.7362
84.4642,1.0343,4.429
84.4644,1.0753,4.611
84.4646,1.0354,4.4481
84.4648,0.9009,3.8701
84.4650,0.8642,3.7125
84.4652,0.8498,3.6524
84.4654,0.9264,3.9743
84.4656,0.9392,4.0387
84.4658,0.8429,3.6196
84.4660,0.8886,3.8122
84.4662,0.9629,4.1268
84.4664,1.0037,4.302
84.4666,1.01,4.3288
84.4668,1.0065,4.3159
84.4670,1.0527,4.518
84.4672,0.963,4.135
84.4674,0.9705,4.1636
84.4676,0.9985,4.2774
84.4678,1.0726,4.5949
84.4680,1.0332,4.4326
84.4682,0.988,4.2466
84.4684,0.9253,3.977
84.4686,0.8865,3.8118
84.4688,0.784,3.3773
84.4690,0.7105,3.062
84.4692,0.6806,2.9293
84.4694,0.7654,3.2957
84.4696,0.7121,3.0693
84.4698,0.7146,3.0801
84.4700,0.723,3.112
84.4702,0.7296,3.1403
84.4704,0.7628,3.2818
84.4706,0.8194,3.5203
84.4708,0.8455,3.6355
84.4710,0.8095,3.4824
84.4712,0.7951,3.4237
84.4714,0.7794,3.3561
84.4716,0.7479,3.2233
84.4718,0.7172,3.0881
84.4720,0.7631,3.2813
84.4722,0.7915,3.4066
84.4724,0.7862,3.3824
84.4726,0.7523,3.2439
84.4728,0.5716,2.4682
84.4730,0.521,2.2528
84.4732,0.5085,2.1989
84.4734,0.5142,2.2202
84.4736,0.5226,2.2574
84.4738,0.5156,2.2253
84.4740,0.5727,2.4682
84.4742,0.635,2.7357
84.4744,0.6612,2.8483
84.4746,0.6716,2.9
84.4748,0.5462,2.3606
84.4750,0.5247,2.2668
84.4752,0.5256,2.2662
84.4754,0.6205,2.6707
84.4756,0.6539,2.8273
84.4758,0.4679,2.0222
84.4760,0.4373,1.89
84.4762,0.4385,1.8943
84.4764,0.4885,2.1113
84.4766,0.4769,2.0601
84.4768,0.4777,2.0637
84.4770,0.4874,2.1027
84.4772,0.5365,2.3175
84.4774,0.4823,2.0824
84.4776,0.4783,2.0653
84.4778,0.4803,2.0722
84.4780,0.4837,2.0886
84.4782,0.4766,2.059
84.4784,0.479,2.0704
84.4786,0.4975,2.1442
84.4788,0.6331,2.7274
84.4790,0.6152,2.6529
84.4792,0.6167,2.6554
84.4794,0.6107,2.6321
84.4796,0.5989,2.5838
84.4798,0.6007,2.5904
84.4800,0.6109,2.6307
84.4802,0.6494,2.7977
84.4804,0.6869,2.9553
84.4806,0.7156,3.0757
84.4808,0.7578,3.2586
84.4810,0.7232,3.111
84.4812,0.7407,3.1878
84.4814,0.7072,3.0453
84.4816,0.7206,3.0959
84.4818,0.7763,3.338
84.4820,0.728,3.136
84.4822,0.6794,2.9295
84.4824,0.608,2.6183
84.4826,0.618,2.6636
84.4828,0.589,2.5373
84.4830,0.6128,2.6377
84.4832,0.6997,3.0169
84.4834,0.6221,2.6836
84.4836,0.5896,2.5399
84.4838,0.5802,2.5008
84.4840,0.5722,2.4673
84.4842,0.5766,2.4864
84.4844,0.5783,2.4937
84.4846,0.5783,2.4937
84.4848,0.577,2.4868
84.4850,0.6254,2.6956
84.4852,0.6365,2.7406
84.4854,0.7459,3.2061
84.4856,0.7187,3.0963
84.4858,0.6125,2.6386
84.4860,0.6663,2.8652
84.4862,0.7198,3.1009
84.4864,0.6319,2.7248
84.4866,0.6233,2.6851
84.4868,0.6167,2.6567
84.4870,0.6075,2.6193
84.4872,0.6295,2.7069
84.4874,0.725,3.1159
84.4876,0.736,3.1648
84.4878,0.6807,2.9284
84.4880,0.6521,2.8117
84.4882,0.6191,2.667
84.4884,0.6277,2.7029
84.4886,0.6592,2.84
84.4888,0.6656,2.8648
84.4890,0.6786,2.9178
84.4892,0.7076,3.0426
84.4894,0.7337,3.155
84.4896,0.7278,3.1326
84.4898,0.6738,2.9079
84.4900,0.5471,2.3593
84.4902,0.5356,2.3085
84.4904,0.5386,2.3247
84.4906,0.5457,2.353
84.4908,0.5455,2.3509
84.4910,0.5343,2.3018
84.4912,0.5332,2.3003
84.4914,0.5252,2.2688
84.4916,0.519,2.2388
84.4918,0.5157,2.2248
84.4920,0.5158,2.2243
84.4922,0.5203,2.2445
84.4924,0.522,2.2507
84.4926,0.5244,2.2631
84.4928,0.5172,2.229
84.4930,0.5353,2.3059
84.4932,0.5983,2.5764
84.4934,0.5718,2.4669
84.4936,0.5369,2.3142
84.4938,0.5673,2.4404
84.4940,0.6217,2.6734
84.4942,0.6645,2.8614
84.4944,0.6217,2.6784
84.4946,0.6649,2.859
84.4948,0.7252,3.1155
84.4950,0.7642,3.2844
84.4952,0.7907,3.3967
84.4954,0.8238,3.5356
84.4956,0.862,3.6946
84.4958,0.9389,4.0146
84.4960,1.1035,4.7208
84.4962,1.0877,4.6509
84.4964,1.0708,4.585
84.4966,1.0641,4.5584
84.4968,1.0565,4.5197
84.4970,1.0748,4.6003
84.4972,1.0655,4.5688
84.4974,1.0075,4.3139
84.4976,1.0995,4.7105
84.4978,1.0227,4.3873
84.4980,0.9139,3.9244
84.4982,0.8834,3.7931
84.4984,0.9007,3.8642
84.4986,0.9733,4.1715
84.4988,0.9242,3.9706
84.4990,0.8422,3.6216
84.4992,0.8106,3.4855
84.4994,0.8149,3.504
84.4996,0.8025,3.4509
84.4998,0.819,3.515
84.5000,0.9205,3.9435
84.5002,0.9542,4.0993
84.5004,0.8449,3.6262
84.5006,0.9382,4.0228
84.5008,0.9447,4.0605
84.5010,0.8943,3.8364
84.5012,0.9228,3.9607
84.5014,0.9396,4.0327
84.5016,0.8108,3.4897
84.5018,0.7896,3.3905
84.5020,0.8458,3.6354
84.5022,0.8325,3.5782
84.5024,0.7563,3.2564
84.5026,0.6848,2.9501
84.5028,0.6614,2.8441
84.5030,0.7727,3.3194
84.5032,0.8099,3.4824
84.5034,0.7979,3.4276
84.5036,0.8113,3.4918
84.5038,0.7663,3.2967
84.5040,0.7361,3.1712
84.5042,0.7029,3.0281
84.5044,0.7474,3.2152
84.5046,0.7656,3.2936
84.5048,0.7247,3.1148
84.5050,0.797,3.4256
84.5052,0.7697,3.3112
84.5054,0.724,3.1132
84.5056,0.7518,3.2343
84.5058,0.8203,3.5256
84.5060,0.8697,3.7379
84.5062,0.8155,3.5066
84.5064,0.7552,3.2548
84.5066,0.6664,2.8657
84.5068,0.7166,3.0812
84.5070,0.7543,3.2512
84.5072,0.6658,2.8671
84.5074,0.7395,3.1812
84.5076,0.7312,3.1471
84.5078,0.731,3.146
84.5080,0.7077,3.0459
84.5082,0.7383,3.1701
84.5084,0.8494,3.6491
84.5086,0.8019,3.4515
84.5088,0.7276,3.1359
84.5090,0.6669,2.8731
84.5092,0.6652,2.8659
84.5094,0.6704,2.8881
84.5096,0.6796,2.9279
84.5098,0.6752,2.9101
84.5100,0.5937,2.5599
84.5102,0.5772,2.489
84.5104,0.5873,2.5336
84.5106,0.5823,2.5131
84.5108,0.5718,2.4658
84.5110,0.5735,2.473
84.5112,0.5698,2.4581
84.5114,0.5721,2.4634
84.5116,0.6667,2.8667
84.5118,0.6925,2.9845
84.5120,0.6351,2.7349
84.5122,0.6668,2.8726
84.5124,0.6739,2.9031
84.5126,0.6686,2.8777
84.5128,0.6763,2.9134
84.5130,0.6704,2.8881
84.5132,0.6787,2.9197
84.5134,0.7618,3.2695
84.5136,0.8709,3.7448
84.5138,0.8112,3.4897
84.5140,0.7228,3.1109
84.5142,0.6734,2.8997
84.5144,0.6751,2.9069
84.5146,0.6715,2.8914
84.5148,0.6778,2.9147
84.5150,0.7733,3.3205
84.5152,0.7919,3.405
84.5154,0.7831,3.369
84.5156,0.8107,3.4876
84.5158,0.7685,3.3045
84.5160,0.7597,3.2699
84.5162,0.691,2.9769
84.5164,0.6744,2.9024
84.5166,0.673,2.8968
84.5168,0.6696,2.8831
84.5170,0.6663,2.8705
84.5172,0.6518,2.8067
84.5174,0.6592,2.8335
84.5176,0.7352,3.17
84.5178,0.6591,2.8395
84.5180,0.7033,3.024
84.5182,0.7373,3.1704
84.5184,0.8278,3.5564
84.5186,0.8145,3.5074
84.5188,0.6728,2.8971
84.5190,0.6703,2.8903
84.5192,0.6104,2.6298
84.5194,0.6127,2.6359
84.5196,0.6662,2.8687
84.5198,0.7167,3.0832
84.5200,0.7405,3.1858
84.5202,0.6992,3.0121
84.5204,0.7015,3.0233
84.5206,0.6529,2.8114
84.5208,0.662,2.8493
84.5210,0.6457,2.7868
84.5212,0.529,2.2844
84.5214,0.5086,2.1943
84.5216,0.5168,2.2305
84.5218,0.4848,2.0914
84.5220,0.4887,2.1084
84.5222,0.5283,2.2823
84.5224,0.5264,2.2666
84.5226,0.6528,2.8108
84.5228,0.6443,2.7729
84.5230,0.6546,2.8173
84.5232,0.7102,3.0582
84.5234,0.6149,2.6526
84.5236,0.5489,2.3681
84.5238,0.5385,2.322
84.5240,0.5939,2.5621
84.5242,0.5531,2.3851
84.5244,0.5232,2.259
84.5246,0.5078,2.1897
84.5248,0.5224,2.2559
84.5250,0.5191,2.2383
84.5252,0.5281,2.2781
84.5254,0.5445,2.349
84.5256,0.5546,2.3902
84.5258,0.6,2.5825
84.5260,0.6431,2.7665
84.5262,0.6501,2.7995
84.5264,0.6575,2.8284
84.5266,0.648,2.7889
84.5268,0.6535,2.8126
84.5270,0.6834,2.9411
84.5272,0.7251,3.112
84.5274,0.8144,3.5003
84.5276,0.8019,3.4435
84.5278,0.8422,3.6165
84.5280,0.823,3.5309
84.5282,0.9096,3.9004
84.5284,0.9069,3.8904
84.5286,0.9194,3.9408
84.5288,0.9823,4.2159
84.5290,0.9006,3.8619
84.5292,0.9879,4.2283
84.5294,1.0714,4.5855
84.5296,1.1209,4.7997
84.5298,1.0493,4.4931
84.5300,1.0615,4.5434
84.5302,1.0828,4.6342
84.5304,1.0942,4.6917
84.5306,1.0483,4.4932
84.5308,1.0305,4.4166
84.5310,0.9804,4.2018
84.5312,0.9648,4.135
84.5314,1.0073,4.3175
84.5316,1.0582,4.5311
84.5318,1.0711,4.5909
84.5320,1.0236,4.3853
84.5322,1.0834,4.639
84.5324,1.1149,4.7762
84.5326,1.0882,4.6617
84.5328,1.1125,4.7659
84.5330,1.0901,4.6721
84.5332,1.0392,4.4625
84.5334,0.9651,4.1559
84.5336,0.7774,3.3457
84.5338,0.7578,3.2556
84.5340,0.8547,3.6718
84.5342,0.8326,3.5787
84.5344,0.8298,3.5713
84.5346,0.7858,3.3834
84.5348,0.7119,3.064
84.5350,0.7745,3.3396
84.5352,0.675,2.9077
84.5354,0.6904,2.9716
84.5356,0.6801,2.9327
84.5358,0.6383,2.7548
84.5360,0.5911,2.549
84.5362,0.6155,2.6527
84.5364,0.6375,2.7465
84.5366,0.7087,3.0571
84.5368,0.5919,2.5545
84.5370,0.5258,2.2704
84.5372,0.5596,2.4141
84.5374,0.5887,2.5387
84.5376,0.6344,2.7319
84.5378,0.6565,2.8295
84.5380,0.638,2.7524
84.5382,0.6317,2.7225
84.5384,0.6678,2.8767
84.5386,0.6943,2.9881
84.5388,0.6569,2.8323
84.5390,0.5764,2.4889
84.5392,0.4964,2.1425
84.5394,0.4898,2.1131
84.5396,0.4952,2.1383
84.5398,0.5675,2.446
84.5400,0.606,2.6119
84.5402,0.614,2.6441
84.5404,0.6551,2.8233
84.5406,0.6993,3.0098
84.5408,0.6726,2.9014
84.5410,0.5367,2.3153
84.5412,0.5648,2.4375
84.5414,0.57,2.458
84.5416,0.6443,2.7742
84.5418,0.6499,2.7998
84.5420,0.5722,2.4673
84.5422,0.5206,2.2481
84.5424,0.5068,2.1886
84.5426,0.4899,2.1165
84.5428,0.505,2.1798
84.5430,0.5187,2.2377
84.5432,0.5383,2.3231
84.5434,0.5331,2.303
84.5436,0.4386,1.8948
84.5438,0.416,1.7978
84.5440,0.4709,2.0304
84.5442,0.5595,2.4114
84.5444,0.5239,2.2642
84.5446,0.4735,2.0465
84.5448,0.4716,2.0363
84.5450,0.4862,2.0985
84.5452,0.5554,2.3938
84.5454,0.5987,2.5792
84.5456,0.6351,2.7337
84.5458,0.6919,2.975
84.5460,0.7148,3.0735
84.5462,0.72,3.0976
84.5464,0.7251,3.1222
84.5466,0.7031,3.0263
84.5468,0.6645,2.8628
84.5470,0.6741,2.8987
84.5472,0.7493,3.222
84.5474,0.7222,3.1026
84.5476,0.8275,3.5515
84.5478,0.8892,3.813
84.5480,0.8789,3.7776
84.5482,0.8501,3.6471
84.5484,0.935,4.0207
84.5486,0.7511,3.2312
84.5488,0.7004,3.0144
84.5490,0.7296,3.1345
84.5492,0.7656,3.289
84.5494,0.8277,3.5559
84.5496,0.8354,3.5888
84.5498,0.7813,3.3659
84.5500,0.6368,2.7473
84.5502,0.5889,2.5392
84.5504,0.5993,2.5806
84.5506,0.6154,2.651
84.5508,0.6622,2.8543
84.5510,0.6096,2.6225
84.5512,0.6298,2.7155
84.5514,0.6005,2.5869
84.5516,0.7018,3.0164
84.5518,0.7481,3.2213
84.5520,0.6634,2.8595
84.5522,0.61,2.6277
84.5524,0.6022,2.5954
84.5526,0.5579,2.408
84.5528,0.4914,2.1228
84.5530,0.4929,2.1285
84.5532,0.4879,2.1048
84.5534,0.494,2.1332
84.5536,0.4877,2.1067
84.5538,0.4875,2.1033
84.5540,0.491,2.1173
84.5542,0.4878,2.1043
84.5544,0.483,2.0846
84.5546,0.4777,2.0608
84.5548,0.4658,2.0115
84.5550,0.4729,2.0411
84.5552,0.5349,2.3033
84.5554,0.5941,2.5607
84.5556,0.5373,2.3147
84.5558,0.6229,2.6823
84.5560,0.6682,2.8734
84.5562,0.6865,2.9546
84.5564,0.644,2.7719
84.5566,0.7184,3.0933
84.5568,0.7143,3.0686
84.5570,0.7395,3.1812
84.5572,0.6842,2.9461
84.5574,0.653,2.8106
84.5576,0.6691,2.8811
84.5578,0.5946,2.5592
84.5580,0.6604,2.8479
84.5582,0.5585,2.4095
84.5584,0.5278,2.276
84.5586,0.5475,2.3575
84.5588,0.609,2.6212
84.5590,0.6269,2.6981
84.5592,0.6234,2.6856
84.5594,0.6152,2.6517
84.5596,0.538,2.32
84.5598,0.5274,2.275
84.5600,0.5299,2.2837
84.5602,0.5666,2.4385
84.5604,0.6917,2.9773
84.5606,0.7331,3.1465
84.5608,0.8519,3.6548
84.5610,0.8095,3.4776
84.5612,0.8276,3.557
84.5614,0.825,3.5407
84.5616,0.8419,3.615
84.5618,0.8489,3.6471
84.5620,0.8555,3.6703
84.5622,0.9069,3.885
84.5624,0.9605,4.1146
84.5626,0.9585,4.1064
84.5628,0.9796,4.2007
84.5630,1,4.2901
84.5632,0.9366,4.0199
84.5634,0.8877,3.8081
84.5636,0.9188,3.9419
84.5638,0.8991,3.8588
84.5640,0.8775,3.7591
84.5642,0.9467,4.065
84.5644,0.8896,3.8199
84.5646,0.8865,3.8047
84.5648,0.9166,3.9284
84.5650,1.0082,4.3231
84.5652,0.9665,4.1383
84.5654,0.9912,4.2461
84.5656,0.9569,4.0992
84.5658,0.9814,4.2045
84.5660,1.0199,4.3714
84.5662,1.0228,4.3878
84.5664,1.0118,4.3345
84.5666,1.0678,4.5701
84.5668,1.0534,4.5127
84.5670,0.9848,4.2287
84.5672,0.8909,3.8274
84.5674,0.8672,3.7254
84.5676,0.8582,3.6867
84.5678,0.8288,3.5655
84.5680,0.7832,3.3663
84.5682,0.8389,3.5971
84.5684,0.8753,3.7639
84.5686,0.7946,3.4121
84.5688,0.8114,3.4874
84.5690,0.8341,3.5848
84.5692,0.8227,3.5375
84.5694,0.7884,3.3901
84.5696,0.7896,3.3984
84.5698,0.6986,3.0039
84.5700,0.8114,3.4874
84.5702,0.7736,3.3313
84.5704,0.7211,3.1066
84.5706,0.7198,3.098
84.5708,0.7771,3.3401
84.5710,0.7968,3.4246
84.5712,0.7858,3.3803
84.5714,0.7166,3.0812
84.5716,0.7587,3.2652
84.5718,0.7607,3.271
84.5720,0.7438,3.1998
84.5722,0.7042,3.0338
84.5724,0.7054,3.0389
84.5726,0.6992,3.0107
84.5728,0.66,2.8445
84.5730,0.6403,2.7584
84.5732,0.7322,3.1512
84.5734,0.692,2.9825
84.5736,0.6178,2.6588
84.5738,0.6703,2.8903
84.5740,0.6272,2.7071
84.5742,0.5914,2.55
84.5744,0.5913,2.5472
84.5746,0.5988,2.5809
84.5748,0.6319,2.721
84.5750,0.7045,3.0334
84.5752,0.6853,2.9521
84.5754,0.5915,2.5541
84.5756,0.5188,2.2414
84.5758,0.5425,2.3402
84.5760,0.5783,2.4914
84.5762,0.6239,2.6902
84.5764,0.5674,2.4466
84.5766,0.5542,2.3898
84.5768,0.5542,2.3909
84.5770,0.5546,2.3924
84.5772,0.5554,2.3927
84.5774,0.6103,2.6305
84.5776,0.5698,2.4581
84.5778,0.5837,2.5181
84.5780,0.5675,2.4472
84.5782,0.6043,2.5986
84.5784,0.7425,3.1911
84.5786,0.7929,3.4113
84.5788,0.744,3.2038
84.5790,0.7009,3.0151
84.5792,0.7157,3.0791
84.5794,0.7866,3.376
84.5796,0.8705,3.738
84.5798,0.8907,3.8156
84.5800,0.9469,4.0622
84.5802,0.8479,3.6475
84.5804,0.8162,3.5113
84.5806,0.7638,3.289
84.5808,0.7541,3.2456
84.5810,0.8061,3.4632
84.5812,0.81,3.4813
84.5814,0.7649,3.2844
84.5816,0.8456,3.636
84.5818,0.7746,3.3339
84.5820,0.7146,3.0758
84.5822,0.686,2.9539
84.5824,0.6857,2.9542
84.5826,0.6967,2.9998
84.5828,0.712,3.0645
84.5830,0.6681,2.8769
84.5832,0.6626,2.8532
84.5834,0.6553,2.8243
84.5836,0.6792,2.9258
84.5838,0.6089,2.6255
84.5840,0.5661,2.4421
84.5842,0.5669,2.4468
84.5844,0.5542,2.3898
84.5846,0.5503,2.3727
84.5848,0.5826,2.5088
84.5850,0.6988,3.0077
84.5852,0.7265,3.1211
84.5854,0.7837,3.3747
84.5856,0.7662,3.2962
84.5858,0.7525,3.2374
84.5860,0.7246,3.1187
84.5862,0.713,3.0686
84.5864,0.7102,3.0553
84.5866,0.7415,3.1885
84.5868,0.7935,3.4107
84.5870,0.776,3.3416
84.5872,0.7226,3.1128
84.5874,0.7045,3.032
84.5876,0.734,3.156
84.5878,0.7307,3.1421
84.5880,0.751,3.2322
84.5882,0.7772,3.3406
84.5884,0.7722,3.3251
84.5886,0.6655,2.8696
84.5888,0.6457,2.783
84.5890,0.6899,2.9695
84.5892,0.7516,3.2288
84.5894,0.8136,3.4951
84.5896,0.8192,3.5177
84.5898,0.8295,3.5603
84.5900,0.8246,3.5507
84.5902,0.669,2.8752
84.5904,0.7145,3.0796
84.5906,0.6679,2.8759
84.5908,0.6794,2.9255
84.5910,0.6814,2.9315
84.5912,0.6939,2.9879
84.5914,0.631,2.7181
84.5916,0.6347,2.7342
84.5918,0.6335,2.7303
84.5920,0.559,2.4127
84.5922,0.5417,2.3382
84.5924,0.5401,2.3287
84.5926,0.5367,2.3164
84.5928,0.5668,2.444
84.5930,0.5652,2.4373
84.5932,0.5238,2.2595
84.5934,0.5226,2.2553
84.5936,0.5401,2.3298
84.5938,0.5805,2.4995
84.5940,0.6461,2.7832
84.5942,0.6458,2.7822
84.5944,0.6167,2.6542
84.5946,0.6672,2.8675
84.5948,0.7563,3.2489
84.5950,0.7716,3.3133
84.5952,0.8388,3.6016
84.5954,0.8981,3.8565
84.5956,0.8759,3.7612
84.5958,0.8596,3.6826
84.5960,1.0212,4.3689
84.5962,1.0888,4.6577
84.5964,1.0671,4.567
84.5966,1.0527,4.5054
84.5968,1.0545,4.5173
84.5970,1.0573,4.5318
84.5972,1.0582,4.5375
84.5974,0.982,4.2051
84.5976,1.0665,4.5687
84.5978,1.0307,4.4156
84.5980,1.0227,4.3792
84.5982,1.0826,4.6402
84.5984,1.0386,4.4537
84.5986,1.0462,4.4756
84.5988,1.1487,4.9142
84.5990,1.1479,4.9152
84.5992,1.1358,4.8611
84.5994,1.1355,4.8578
84.5996,1.1328,4.8573
84.5998,0.9982,4.2864
84.6000,0.895,3.8484
84.6002,0.8001,3.4454
84.6004,0.7491,3.2195
84.6006,0.8543,3.6702
84.6008,0.8293,3.5626
84.6010,0.8438,3.63
84.6012,0.754,3.2451
84.6014,0.794,3.4143
84.6016,0.8486,3.6489
84.6018,0.8313,3.573
84.6020,0.8534,3.6729
84.6022,0.7487,3.2224
84.6024,0.7724,3.323
84.6026,0.6946,2.9952
84.6028,0.6031,2.6031
84.6030,0.6857,2.9583
84.6032,0.6397,2.7571
84.6034,0.6251,2.6953
84.6036,0.6241,2.6912
84.6038,0.6837,2.9441
84.6040,0.7332,3.1632
84.6042,0.5764,2.4889
84.6044,0.5184,2.2393
84.6046,0.5132,2.215
84.6048,0.5798,2.501
84.6050,0.6332,2.7267
84.6052,0.657,2.8315
84.6054,0.6499,2.7972
84.6056,0.6891,2.9659
84.6058,0.7221,3.1064
84.6060,0.7531,3.24
84.6062,0.7433,3.2051
84.6064,0.6946,2.9924
84.6066,0.6639,2.8602
84.6068,0.6313,2.721
84.6070,0.6046,2.6105
84.6072,0.5409,2.3334
84.6074,0.5356,2.3118
84.6076,0.5512,2.3768
84.6078,0.6543,2.8149
84.6080,0.6916,2.9781
84.6082,0.7504,3.2311
84.6084,0.7322,3.1541
84.6086,0.6757,2.9081
84.6088,0.725,3.1173
84.6090,0.7591,3.2673
84.6092,0.7692,3.3091
84.6094,0.7812,3.3623
84.6096,0.7752,3.3365
84.6098,0.7166,3.0855
84.6100,0.7363,3.1663
84.6102,0.7763,3.3364
84.6104,0.8277,3.5542
84.6106,0.8555,3.6822
84.6108,0.7336,3.1603
84.6110,0.7323,3.1502
84.6112,0.8061,3.4696
84.6114,0.7158,3.0839
84.6116,0.7001,3.0148
84.6118,0.7292,3.1368
84.6120,0.7203,3.0987
84.6122,0.7077,3.0487
84.6124,0.7055,3.038
84.6126,0.7108,3.0607
84.6128,0.7317,3.1462
84.6130,0.7841,3.3715
84.6132,0.7982,3.4324
84.6134,0.8708,3.7304
84.6136,0.9788,4.203
84.6138,0.8545,3.6759
84.6140,0.7884,3.3917
84.6142,0.7531,3.2415
84.6144,0.6927,2.9842
84.6146,0.7251,3.1222
84.6148,0.7268,3.1251
84.6150,0.7844,3.3778
84.6152,0.7228,3.1109
84.6154,0.723,3.112
84.6156,0.6903,2.9711
84.6158,0.7595,3.2673
84.6160,0.788,3.3917
84.6162,0.7489,3.2219
84.6164,0.775,3.3339
84.6166,0.7471,3.2127
84.6168,0.7232,3.111
84.6170,0.7957,3.4215
84.6172,0.8721,3.7412
84.6174,0.8898,3.8245
84.6176,0.8271,3.5533
84.6178,0.8798,3.7794
84.6180,0.8451,3.6323
84.6182,0.8934,3.8364
84.6184,0.8666,3.728
84.6186,0.8218,3.5306
84.6188,0.8522,3.6593
84.6190,0.9047,3.8884
84.6192,0.8289,3.566
84.6194,0.7922,3.4082
84.6196,0.7855,3.3793
84.6198,0.8112,3.4897
84.6200,0.783,3.3653
84.6202,0.742,3.1994
84.6204,0.623,2.6878
84.6206,0.5959,2.5697
84.6208,0.6011,2.5907
84.6210,0.6857,2.9515
84.6212,0.727,3.129
84.6214,0.757,3.255
84.6216,0.8328,3.5858
84.6218,0.6745,2.9097
84.6220,0.5775,2.4901
84.6222,0.6149,2.6526
84.6224,0.6022,2.599
84.6226,0.5547,2.394
84.6228,0.5505,2.3759
84.6230,0.5766,2.4876
84.6232,0.5782,2.4943
84.6234,0.545,2.351
84.6236,0.5483,2.3655
84.6238,0.5491,2.3686
84.6240,0.5513,2.3818
84.6242,0.6024,2.5952
84.6244,0.6638,2.857
84.6246,0.6565,2.8282
84.6248,0.6357,2.7375
84.6250,0.6551,2.822
84.6252,0.6685,2.8798
84.6254,0.6748,2.9072
84.6256,0.7005,3.0149
84.6258,0.7416,3.1905
84.6260,0.7793,3.3478
84.6262,0.8024,3.4504
84.6264,0.8072,3.4678
84.6266,0.8252,3.5451
84.6268,0.8413,3.6175
84.6270,0.7724,3.3246
84.6272,0.7489,3.2249
84.6274,0.7441,3.2013
84.6276,0.7543,3.2436
84.6278,0.753,3.238
84.6280,0.7977,3.4255
84.6282,0.8981,3.8511
84.6284,1.0141,4.3422
84.6286,1.103,4.7187
84.6288,1.2216,5.2261
84.6290,1.2177,5.2043
84.6292,1.2931,5.5163
84.6294,1.303,5.5692
84.6296,1.2577,5.3754
84.6298,1.2533,5.3565
84.6300,1.2534,5.3545
84.6302,1.2814,5.4718
84.6304,1.3488,5.7622
84.6306,1.3049,5.5747
84.6308,1.2251,5.2434
84.6310,1.1951,5.1127
84.6312,1.2034,5.1505
84.6314,1.2045,5.1599
84.6316,1.2163,5.2035
84.6318,1.252,5.3584
84.6320,1.3172,5.6296
84.6322,1.2966,5.5363
84.6324,1.3275,5.6737
84.6326,1.2636,5.4031
84.6328,1.2488,5.3475
84.6330,1.24,5.312
84.6332,1.1852,5.0867
84.6334,1.0463,4.4949
84.6336,0.8987,3.8644
84.6338,0.8705,3.7415
84.6340,0.8985,3.8598
84.6342,0.9394,4.0411
84.6344,0.8951,3.8508
84.6346,0.9099,3.9106
84.6348,0.9623,4.1281
84.6350,1.0136,4.3442
84.6352,1.0771,4.6209
84.6354,1.0545,4.5279
84.6356,0.9109,3.9225
84.6358,0.8129,3.5018
84.6360,0.8077,3.4828
84.6362,0.7371,3.1738
84.6364,0.7474,3.2212
84.6366,0.7299,3.1458
84.6368,0.7323,3.1546
84.6370,0.7294,3.1422
84.6372,0.7706,3.3184
84.6374,0.7432,3.2046
84.6376,0.707,3.0527
84.6378,0.6483,2.7956
84.6380,0.6959,2.9981
84.6382,0.7224,3.1123
84.6384,0.7631,3.2859
84.6386,0.8216,3.5329
84.6388,0.8392,3.6154
84.6390,0.8244,3.5497
84.6392,0.8317,3.5762
84.6394,0.8841,3.8015
84.6396,0.9089,3.9119
84.6398,0.8572,3.6877
84.6400,0.8259,3.5548
84.6402,0.7907,3.403
84.6404,0.7991,3.4376
84.6406,0.8588,3.6962
84.6408,0.8916,3.8322
84.6410,0.9051,3.8918
84.6412,0.8564,3.6824
84.6414,0.8383,3.6079
84.6416,0.788,3.398
84.6418,0.7314,3.1496
84.6420,0.7527,3.2379
84.6422,0.8322,3.5849
84.6424,0.8324,3.586
84.6426,0.7862,3.3855
84.6428,0.7781,3.3504
84.6430,0.762,3.2812
84.6432,0.762,3.2812
84.6434,0.7611,3.2801
84.6436,0.7577,3.2672
84.6438,0.7425,3.1971
84.6440,0.7837,3.3762
84.6442,0.6769,2.9228
84.6444,0.6533,2.8181
84.6446,0.7346,3.1586
84.6448,0.8342,3.5837
84.6450,0.8932,3.8354
84.6452,0.874,3.7635
84.6454,0.838,3.6052
84.6456,0.8878,3.8157
84.6458,0.9203,3.9554
84.6460,0.9065,3.8961
84.6462,0.9101,3.908
84.6464,0.9551,4.101
84.6466,0.9921,4.2641
84.6468,0.9835,4.227
84.6470,0.9786,4.2019
84.6472,0.9294,4.0001
84.6474,0.8655,3.7251
84.6476,0.8742,3.7575
84.6478,0.9067,3.8953
84.6480,1.0053,4.3087
84.6482,1.0524,4.5128
84.6484,1.0385,4.4615
84.6486,0.9643,4.1465
84.6488,0.9268,3.9906
84.6490,0.8055,3.4686
84.6492,0.8107,3.4908
84.6494,0.8296,3.5724
84.6496,0.7941,3.4212
84.6498,0.7696,3.3168
84.6500,0.7702,3.3179
84.6502,0.8037,3.4561
84.6504,0.8698,3.7402
84.6506,0.8194,3.5302
84.6508,0.7706,3.323
84.6510,0.7352,3.1656
84.6512,0.8362,3.5958
84.6514,0.8601,3.7087
84.6516,0.732,3.1565
84.6518,0.6928,2.9875
84.6520,0.6697,2.889
84.6522,0.6013,2.5954
84.6524,0.5838,2.5221
84.6526,0.5827,2.5151
84.6528,0.5872,2.5355
84.6530,0.5806,2.5082
84.6532,0.5739,2.4757
84.6534,0.6175,2.664
84.6536,0.6179,2.6643
84.6538,0.6166,2.6586
84.6540,0.6603,2.8473
84.6542,0.6419,2.769
84.6544,0.6399,2.7582
84.6546,0.704,3.0327
84.6548,0.8017,3.4441
84.6550,0.9027,3.8778
84.6552,0.9009,3.8719
84.6554,0.8922,3.8348
84.6556,0.8564,3.6876
84.6558,0.7591,3.2719
84.6560,0.6179,2.668
84.6562,0.5475,2.3663
84.6564,0.5429,2.3466
84.6566,0.545,2.3532
84.6568,0.548,2.3662
84.6570,0.5399,2.3325
84.6572,0.5435,2.347
84.6574,0.5437,2.3464
84.6576,0.6103,2.633
84.6578,0.6423,2.7711
84.6580,0.5955,2.5736
84.6582,0.5419,2.3408
84.6584,0.5324,2.2989
84.6586,0.5404,2.3325
84.6588,0.5416,2.3376
84.6590,0.5415,2.3382
84.6592,0.6221,2.6774
84.6594,0.6862,2.9563
84.6596,0.6662,2.874
84.6598,0.631,2.7232
84.6600,0.6216,2.6778
84.6602,0.6408,2.7618
84.6604,0.7182,3.0942
84.6606,0.7278,3.1282
84.6608,0.8269,3.5523
84.6610,0.8599,3.6957
84.6612,0.8898,3.8298
84.6614,0.8138,3.4978
84.6616,0.8419,3.6251
84.6618,0.8071,3.4705
84.6620,0.9009,3.8611
84.6622,1.0163,4.3641
84.6624,0.9224,3.9573
84.6626,1.0114,4.3349
84.6628,1.0747,4.6084
84.6630,1.0778,4.6175
84.6632,1.1184,4.7934
84.6634,1.063,4.558
84.6636,1.0445,4.4747
84.6638,1.0711,4.5952
84.6640,1.0419,4.478
84.6642,0.9523,4.0911
84.6644,0.9645,4.1417
84.6646,0.9847,4.2302
84.6648,1.003,4.305
84.6650,1.0045,4.3051
84.6652,1.029,4.4125
84.6654,1.03,4.4167
84.6656,1.0403,4.463
84.6658,1.0336,4.4362
84.6660,1.0284,4.412
84.6662,1.0536,4.5158
84.6664,1.0757,4.6147
84.6666,1.0063,4.3169
84.6668,1.0195,4.3857
84.6670,0.8986,3.8657
84.6672,0.8132,3.5033
84.6674,0.7603,3.274
84.6676,0.7482,3.2248
84.6678,0.7253,3.129
84.6680,0.6756,2.913
84.6682,0.6709,2.8915
84.6684,0.7076,3.0468
84.6686,0.7703,3.3168
84.6688,0.7505,3.2331
84.6690,0.7264,3.1308
84.6692,0.7229,3.1158
84.6694,0.7407,3.1863
84.6696,0.8057,3.4708
84.6698,0.7414,3.1939
84.6700,0.7391,3.1841
84.6702,0.7588,3.2627
84.6704,0.797,3.4304
84.6706,0.81,3.4926
84.6708,0.7161,3.0892
84.6710,0.6879,2.9621
84.6712,0.7391,3.1811
84.6714,0.7806,3.3628
84.6716,0.7287,3.1406
84.6718,0.7238,3.1209
84.6720,0.6577,2.836
84.6722,0.6548,2.8222
84.6724,0.7169,3.0885
84.6726,0.7494,3.227
84.6728,0.716,3.0872
84.6730,0.6661,2.8708
84.6732,0.7022,3.0292
84.6734,0.5734,2.4782
84.6736,0.4654,2.0131
84.6738,0.4613,1.9955
84.6740,0.4497,1.9452
84.6742,0.4681,2.0223
84.6744,0.5564,2.4024
84.6746,0.575,2.4838
84.6748,0.5098,2.2005
84.6750,0.4976,2.1487
84.6752,0.488,2.1083
84.6754,0.4843,2.0922
84.6756,0.4859,2.1009
84.6758,0.4878,2.1092
84.6760,0.4865,2.1025
84.6762,0.4831,2.0861
84.6764,0.51,2.199
84.6766,0.5711,2.4615
84.6768,0.6415,2.7636
84.6770,0.6059,2.6174
84.6772,0.5036,2.1766
84.6774,0.4947,2.1373
84.6776,0.5363,2.3106
84.6778,0.667,2.8763
84.6780,0.6389,2.7548
84.6782,0.625,2.6936
84.6784,0.6169,2.6614
84.6786,0.616,2.6548
84.6788,0.6257,2.6967
84.6790,0.6211,2.6795
84.6792,0.6216,2.6778
84.6794,0.6915,2.979
84.6796,0.7347,3.1547
84.6798,0.8968,3.8472
84.6800,0.8918,3.8345
84.6802,0.7736,3.3375
84.6804,0.6341,2.7328
84.6806,0.6108,2.635
84.6808,0.6155,2.654
84.6810,0.6828,2.9399
84.6812,0.7332,3.1573
84.6814,0.6988,3.0049
84.6816,0.7355,3.1642
84.6818,0.7361,3.1697
84.6820,0.7331,3.1597
84.6822,0.6983,3.0098
84.6824,0.6434,2.7744
84.6826,0.6116,2.6374
84.6828,0.621,2.6777
84.6830,0.6374,2.746
84.6832,0.6208,2.6767
84.6834,0.5787,2.4952
84.6836,0.6576,2.8354
84.6838,0.6441,2.775
84.6840,0.6391,2.7584
84.6842,0.4999,2.1585
84.6844,0.5339,2.3013
84.6846,0.6425,2.7652
84.6848,0.669,2.8779
84.6850,0.7061,3.0392
84.6852,0.7013,3.0228
84.6854,0.6736,2.9047
84.6856,0.6377,2.7509
84.6858,0.591,2.5461
84.6860,0.6417,2.7646
84.6862,0.6985,3.0034
84.6864,0.7931,3.4102
84.6866,0.7172,3.0881
84.6868,0.7242,3.1128
84.6870,0.8011,3.4479
84.6872,0.6982,3.0037
84.6874,0.733,3.1504
84.6876,0.816,3.507
84.6878,0.8015,3.4479
84.6880,0.7663,3.2906
84.6882,0.8211,3.5275
84.6884,0.7392,3.1816
84.6886,0.7191,3.0978
84.6888,0.7322,3.1468
84.6890,0.7909,3.3977
84.6892,0.8028,3.4487
84.6894,0.8138,3.4978
84.6896,0.8408,3.607
84.6898,0.8519,3.6685
84.6900,0.6895,2.9702
84.6902,0.6991,3.0101
84.6904,0.6874,2.9628
84.6906,0.6831,2.9415
84.6908,0.6811,2.9327
84.6910,0.6545,2.8194
84.6912,0.6806,2.932
84.6914,0.671,2.8893
84.6916,0.6801,2.9272
84.6918,0.7655,3.2947
84.6920,0.7251,3.1222
84.6922,0.6684,2.878
84.6924,0.6751,2.9082
84.6926,0.6825,2.9375
84.6928,0.6892,2.9678
84.6930,0.6832,2.9379
84.6932,0.7265,3.1255
84.6934,0.7704,3.3097
84.6936,0.8286,3.5645
84.6938,0.7909,3.4025
84.6940,0.7631,3.2813
84.6942,0.8203,3.5157
84.6944,0.9576,4.108
84.6946,0.9522,4.0887
84.6948,0.9067,3.8899
84.6950,0.9653,4.1409
84.6952,0.9722,4.1688
84.6954,1.016,4.3565
84.6956,1.037,4.4423
84.6958,1.0678,4.5722
84.6960,1.0854,4.6455
84.6962,1.0903,4.6644
84.6964,1.0777,4.6213
84.6966,1.0101,4.3313
84.6968,1.0341,4.4403
84.6970,0.9784,4.1995
84.6972,1.0112,4.3359
84.6974,1.0259,4.3971
84.6976,1.0458,4.4762
84.6978,1.0437,4.4732
84.6980,1.0364,4.446
84.6982,1.0061,4.3143
84.6984,1.0282,4.4069
84.6986,1.0832,4.6428
84.6988,1.0597,4.542
84.6990,1.0362,4.4413
84.6992,1.0807,4.632
84.6994,1.069,4.5859
84.6996,1.0571,4.535
84.6998,1.0178,4.3723
84.7000,0.9023,3.8799
84.7002,0.8379,3.6047
84.7004,0.7848,3.3762
84.7006,0.7702,3.3071
84.7008,0.9051,3.8899
84.7010,0.8326,3.5837
84.7012,0.8227,3.5408
84.7014,0.8264,3.5519
84.7016,0.8337,3.5883
84.7018,0.8284,3.5639
84.7020,0.7527,3.2424
84.7022,0.713,3.0686
84.7024,0.7226,3.1128
84.7026,0.7292,3.1412
84.7028,0.7196,3.0984
84.7030,0.7331,3.1553
84.7032,0.7459,3.2105
84.7034,0.7872,3.3912
84.7036,0.7094,3.0574
84.7038,0.6172,2.6612
84.7040,0.6758,2.9086
84.7042,0.7372,3.1788
84.7044,0.7385,3.183
84.7046,0.6891,2.9701
84.7048,0.6759,2.9078
84.7050,0.7893,3.3989
84.7052,0.7905,3.3978
84.7054,0.8121,3.4938
84.7056,0.7266,3.1274
84.7058,0.8045,3.464
84.7060,0.788,3.3901
84.7062,0.7886,3.3958
84.7064,0.7956,3.421
84.7066,0.8686,3.7298
84.7068,0.9069,3.894
84.7070,0.948,4.0707
84.7072,0.9388,4.0291
84.7074,0.9861,4.2304
84.7076,0.9412,4.0451
84.7078,0.8861,3.8067
84.7080,0.9172,3.953
84.7082,0.759,3.2653
84.7084,0.786,3.3829
84.7086,0.7656,3.2952
84.7088,0.7853,3.3814
84.7090,0.7994,3.4407
84.7092,0.7867,3.3892
84.7094,0.7292,3.1397
84.7096,0.7192,3.0983
84.7098,0.7031,3.0263
84.7100,0.7349,3.1645
84.7102,0.7676,3.3009
84.7104,0.7941,3.4196
84.7106,0.8168,3.5074
84.7108,0.8745,3.7603
84.7110,0.9011,3.8747
84.7112,0.8139,3.5048
84.7114,0.6905,2.9735
84.7116,0.7095,3.0579
84.7118,0.6492,2.798
84.7120,0.6793,2.9304
84.7122,0.6405,2.7659
84.7124,0.6351,2.7375
84.7126,0.7212,3.1086
84.7128,0.666,2.873
84.7130,0.5871,2.5349
84.7132,0.5783,2.4972
84.7134,0.5825,2.5141
84.7136,0.5778,2.4928
84.7138,0.5769,2.4863
84.7140,0.7003,3.0139
84.7142,0.707,3.0471
84.7144,0.6763,2.9175
84.7146,0.6283,2.7105
84.7148,0.6003,2.5883
84.7150,0.5748,2.4798
84.7152,0.5885,2.5376
84.7154,0.6197,2.6745
84.7156,0.5674,2.4489
84.7158,0.5288,2.2823
84.7160,0.5283,2.2823
84.7162,0.5286,2.2823
84.7164,0.5287,2.2817
84.7166,0.5262,2.2698
84.7168,0.5257,2.2699
84.7170,0.5277,2.2787
84.7172,0.5411,2.3334
84.7174,0.6101,2.6319
84.7176,0.5937,2.561
84.7178,0.6374,2.7435
84.7180,0.6723,2.895
84.7182,0.7027,3.0242
84.7184,0.7203,3.1001
84.7186,0.7078,3.0535
84.7188,0.573,2.4755
84.7190,0.5368,2.318
84.7192,0.541,2.3329
84.7194,0.6086,2.6221
84.7196,0.6345,2.7374
84.7198,0.6239,2.6902
84.7200,0.5574,2.4048
84.7202,0.5402,2.3303
84.7204,0.5419,2.3376
84.7206,0.6055,2.6074
84.7208,0.6983,3.007
84.7210,0.6578,2.8338
84.7212,0.6292,2.7116
84.7214,0.6226,2.6832
84.7216,0.6335,2.729
84.7218,0.5649,2.4369
84.7220,0.5782,2.492
84.7222,0.6698,2.8895
84.7224,0.5233,2.2595
84.7226,0.4848,2.0914
84.7228,0.5468,2.3588
84.7230,0.5221,2.2512
84.7232,0.5194,2.2409
84.7234,0.5236,2.2569
84.7236,0.5565,2.3996
84.7238,0.5673,2.4473
84.7240,0.5567,2.3995
84.7242,0.589,2.5397
84.7244,0.6596,2.8442
84.7246,0.5357,2.3123
84.7248,0.4789,2.0679
84.7250,0.5023,2.1679
84.7252,0.5108,2.2026
84.7254,0.5079,2.1932
84.7256,0.5221,2.2533
84.7258,0.5351,2.3065
84.7260,0.5673,2.4438
84.7262,0.5961,2.5702
84.7264,0.5849,2.5245
84.7266,0.5018,2.1648
84.7268,0.5347,2.3076
84.7270,0.5265,2.2682
84.7272,0.609,2.6224
84.7274,0.7001,3.0134
84.7276,0.7017,3.0173
84.7278,0.7337,3.1535
84.7280,0.7033,3.0282
84.7282,0.6931,2.9829
84.7284,0.7003,3.0097
84.7286,0.81,3.4732
84.7288,0.9329,4.0039
84.7290,0.9304,3.9894
84.7292,0.9445,4.0519
84.7294,0.9603,4.1179
84.7296,0.956,4.0975
84.7298,0.9419,4.0369
84.7300,0.8923,3.8246
84.7302,0.9313,3.9954
84.7304,0.9347,4.0135
84.7306,0.9296,3.99
84.7308,0.9358,4.0106
84.7310,0.975,4.1768
84.7312,1.0211,4.3704
84.7314,1.0783,4.6195
84.7316,1.0495,4.4942
84.7318,1.0716,4.5908
84.7320,1.0782,4.6169
84.7322,1.1049,4.727
84.7324,1.0838,4.6497
84.7326,0.9667,4.149
84.7328,0.9545,4.0927
84.7330,0.9154,3.9288
84.7332,0.8413,3.6158
84.7334,0.8486,3.6489
84.7336,0.8025,3.4541
84.7338,0.7636,3.2833
84.7340,0.7723,3.321
84.7342,0.7646,3.2926
84.7344,0.721,3.1018
84.7346,0.6941,2.989
84.7348,0.7227,3.109
84.7350,0.7667,3.3014
84.7352,0.6958,2.9976
84.7354,0.6765,2.9158
84.7356,0.6958,2.9962
84.7358,0.7951,3.4158
84.7360,0.8129,3.4969
84.7362,0.7203,3.1015
84.7364,0.7093,3.0569
84.7366,0.6606,2.8457
84.7368,0.711,3.0632
84.7370,0.7039,3.0322
84.7372,0.6666,2.8729
84.7374,0.6281,2.7057
84.7376,0.6926,2.9809
84.7378,0.7575,3.2616
84.7380,0.6174,2.661
84.7382,0.6537,2.815
84.7384,0.6852,2.9557
84.7386,0.6066,2.6133
84.7388,0.6288,2.7063
84.7390,0.6843,2.9453
84.7392,0.682,2.9409
84.7394,0.6372,2.7437
84.7396,0.71,3.0571
84.7398,0.666,2.8716
84.7400,0.6063,2.6129
84.7402,0.6039,2.6038
84.7404,0.6397,2.7571
84.7406,0.6512,2.8028
84.7408,0.7039,3.028
84.7410,0.7565,3.256
84.7412,0.7057,3.0371
84.7414,0.698,3.0055
84.7416,0.6416,2.7667
84.7418,0.579,2.4991
84.7420,0.5043,2.1757
84.7422,0.5482,2.3639
84.7424,0.5977,2.5762
84.7426,0.5723,2.4667
84.7428,0.548,2.3629
84.7430,0.5506,2.3731
84.7432,0.5718,2.4658
84.7434,0.5674,2.4478
84.7436,0.5673,2.4438
84.7438,0.6536,2.8145
84.7440,0.6744,2.9024
84.7442,0.6862,2.9549
84.7444,0.6694,2.8786
84.7446,0.6913,2.9738
84.7448,0.7307,3.145
84.7450,0.7561,3.2529
84.7452,0.7721,3.3184
84.7454,0.7723,3.3179
84.7456,0.7825,3.3632
84.7458,0.8287,3.5583
84.7460,0.8808,3.7788
84.7462,0.8756,3.7562
84.7464,0.8959,3.849
84.7466,0.9049,3.8876
84.7468,0.8977,3.8531
84.7470,0.8271,3.5583
84.7472,0.7498,3.2241
84.7474,0.8402,3.6044
84.7476,0.8687,3.7303
84.7478,0.8199,3.5273
84.7480,0.7389,3.1786
84.7482,0.7687,3.304
84.7484,0.8034,3.4497
84.7486,0.8368,3.6001
84.7488,0.7102,3.0596
84.7490,0.6522,2.8096
84.7492,0.6509,2.8039
84.7494,0.6549,2.8201
84.7496,0.6537,2.8176
84.7498,0.5884,2.5383
84.7500,0.5687,2.4535
84.7502,0.4865,2.1005
84.7504,0.5482,2.3628
84.7506,0.621,2.6753
84.7508,0.6229,2.6848
84.7510,0.6108,2.6338
84.7512,0.6116,2.6362
84.7514,0.5824,2.5089
84.7516,0.5712,2.4666
84.7518,0.4826,2.0849
84.7520,0.474,2.0458
84.7522,0.4757,2.0492
84.7524,0.5228,2.2585
84.7526,0.47,2.0306
84.7528,0.4501,1.9437
84.7530,0.4869,2.0997
84.7532,0.5572,2.4049
84.7534,0.5181,2.2341
84.7536,0.5221,2.2522
84.7538,0.5357,2.3112
84.7540,0.5435,2.3405
84.7542,0.6052,2.6047
84.7544,0.6706,2.8864
84.7546,0.6622,2.8543
84.7548,0.6241,2.6874
84.7550,0.6076,2.6186
84.7552,0.5943,2.5613
84.7554,0.5804,2.5013
84.7556,0.5851,2.5196
84.7558,0.6018,2.5938
84.7560,0.5792,2.4985
84.7562,0.5074,2.1901
84.7564,0.4826,2.084
84.7566,0.4826,2.083
84.7568,0.4837,2.0867
84.7570,0.4849,2.0928
84.7572,0.4853,2.0934
84.7574,0.4763,2.0537
84.7576,0.4783,2.0634
84.7578,0.4825,2.0815
84.7580,0.4867,2.1016
84.7582,0.4811,2.0753
84.7584,0.4796,2.0682
84.7586,0.5335,2.2982
84.7588,0.5704,2.4607
84.7590,0.5048,2.1767
84.7592,0.4968,2.1401
84.7594,0.5244,2.2589
84.7596,0.594,2.559
84.7598,0.6403,2.7546
84.7600,0.7399,3.1788
84.7602,0.7451,3.2039
84.7604,0.7278,3.1297
84.7606,0.7628,3.2772
84.7608,0.744,3.1963
84.7610,0.7548,3.2412
84.7612,0.7746,3.3292
84.7614,0.7566,3.2534
84.7616,0.7722,3.3158
84.7618,0.8103,3.4796
84.7620,0.8419,3.6167
84.7622,0.829,3.5615
84.7624,0.7658,3.2885
84.7626,0.8918,3.8185
84.7628,1.0138,4.3432
84.7630,0.9518,4.0871
84.7632,0.8938,3.8361
84.7634,0.8902,3.8189
84.7636,0.9115,3.9087
84.7638,0.9675,4.1449
84.7640,0.9636,4.1222
84.7642,1.0818,4.628
84.7644,1.1266,4.8221
84.7646,1.1198,4.7906
84.7648,1.1553,4.9447
84.7650,1.0848,4.6429
84.7652,1.1083,4.7369
84.7654,1.1853,5.0706
84.7656,1.1001,4.713
84.7658,1.0477,4.4927
84.7660,0.9742,4.1834
84.7662,0.9058,3.8948
84.7664,0.8318,3.5751
84.7666,0.8798,3.7794
84.7668,0.7992,3.4365
84.7670,0.7563,3.2579
84.7672,0.7031,3.0263
84.7674,0.6943,2.9895
84.7676,0.6712,2.8917
84.7678,0.6901,2.97
84.7680,0.6916,2.9768
84.7682,0.6887,2.9657
84.7684,0.67,2.8825
84.7686,0.7246,3.1158
84.7688,0.7474,3.2152
84.7690,0.7031,3.0291
84.7692,0.6539,2.8168
84.7694,0.7119,3.064
84.7696,0.657,2.8276
84.7698,0.6879,2.9621
84.7700,0.709,3.0516
84.7702,0.6917,2.9745
84.7704,0.7027,3.0284
84.7706,0.6097,2.6304
84.7708,0.5657,2.4417
84.7710,0.5638,2.4277
84.7712,0.6308,2.7138
84.7714,0.7174,3.0891
84.7716,0.6523,2.8101
84.7718,0.6264,2.6985
84.7720,0.663,2.8547
84.7722,0.6329,2.7315
84.7724,0.5674,2.4478
84.7726,0.5867,2.5264
84.7728,0.6385,2.7494
84.7730,0.6674,2.8725
84.7732,0.6937,2.9869
84.7734,0.6534,2.8108
84.7736,0.739,3.1806
84.7738,0.6908,2.9773
84.7740,0.6015,2.5947
84.7742,0.5953,2.5647
84.7744,0.6907,2.9726
84.7746,0.7216,3.1072
84.7748,0.6756,2.9076
84.7750,0.7052,3.0379
84.7752,0.595,2.562
84.7754,0.5807,2.5052
84.7756,0.5799,2.5004
84.7758,0.5938,2.5616
84.7760,0.5124,2.2114
84.7762,0.4949,2.1348
84.7764,0.5692,2.4498
84.7766,0.6342,2.7283
84.7768,0.7045,3.0263
84.7770,0.7986,3.4403
84.7772,0.678,2.922
84.7774,0.642,2.7644
84.7776,0.6322,2.7233
84.7778,0.6325,2.7249
84.7780,0.6528,2.8095
84.7782,0.7094,3.0489
84.7784,0.7346,3.1556
84.7786,0.7289,3.1343
84.7788,0.7185,3.0938
84.7790,0.6505,2.8049
84.7792,0.6313,2.721
84.7794,0.6239,2.6864
84.7796,0.6274,2.7014
84.7798,0.6423,2.7646
84.7800,0.7103,3.0516
84.7802,0.7697,3.3035
84.7804,0.7763,3.3411
84.7806,0.6694,2.8853
84.7808,0.6209,2.6747
84.7810,0.65,2.799
84.7812,0.6989,3.0054
84.7814,0.7735,3.32
84.7816,0.8521,3.6605
84.7818,0.789,3.399
84.7820,0.68,2.9281
84.7822,0.6251,2.6928
84.7824,0.6584,2.8404
84.7826,0.6024,2.5964
84.7828,0.6005,2.5869
84.7830,0.5387,2.3241
84.7832,0.5513,2.3718
84.7834,0.7137,3.0674
84.7836,0.6934,2.9831
84.7838,0.7079,3.0484
84.7840,0.706,3.0344
84.7842,0.7626,3.2777
84.7844,0.7973,3.4266
84.7846,0.824,3.5383
84.7848,0.7919,3.405
84.7850,0.6977,2.9989
84.7852,0.6908,2.9731
84.7854,0.6991,3.0074
84.7856,0.724,3.1175
84.7858,0.6527,2.8077
84.7860,0.6766,2.9109
84.7862,0.7109,3.0627
84.7864,0.6196,2.6703
84.7866,0.6232,2.6796
84.7868,0.6845,2.9449
84.7870,0.7208,3.1036
84.7872,0.6798,2.9257
84.7874,0.7035,3.025
84.7876,0.7274,3.1335
84.7878,0.6197,2.6708
84.7880,0.5901,2.5432
84.7882,0.5875,2.5311
84.7884,0.6037,2.5997
84.7886,0.5988,2.5785
84.7888,0.6157,2.6525
84.7890,0.6663,2.8679
84.7892,0.6553,2.8217
84.7894,0.6067,2.6138
84.7896,0.5875,2.5323
84.7898,0.5921,2.5496
84.7900,0.6455,2.7781
84.7902,0.6398,2.7564
84.7904,0.5947,2.5669
84.7906,0.5088,2.1958
84.7908,0.4963,2.141
84.7910,0.4884,2.1069
84.7912,0.4879,2.1068
84.7914,0.5089,2.1933
84.7916,0.6144,2.6469
84.7918,0.5904,2.5471
84.7920,0.5022,2.1674
84.7922,0.4902,2.1156
84.7924,0.5098,2.1974
84.7926,0.571,2.4564
84.7928,0.6926,2.9781
84.7930,0.7643,3.2864
84.7932,0.7407,3.1863
84.7934,0.7035,3.025
84.7936,0.735,3.1562
84.7938,0.7908,3.3988
84.7940,0.7937,3.4112
84.7942,0.8193,3.5215
84.7944,0.7859,3.3761
84.7946,0.7937,3.4096
84.7948,0.8135,3.493
84.7950,0.8582,3.6833
84.7952,0.8787,3.7713
84.7954,0.8414,3.6129
84.7956,0.8224,3.5349
84.7958,0.8129,3.492
84.7960,0.838,3.6019
84.7962,0.7551,3.2437
84.7964,0.8137,3.4907
84.7966,0.9209,3.9451
84.7968,1.0031,4.2995
84.7970,1.021,4.374
84.7972,1.0771,4.6058
84.7974,1.1167,4.7795
84.7976,1.0612,4.5482
84.7978,1.0524,4.5023
84.7980,1.0972,4.698
84.7982,1.0312,4.4239
84.7984,0.9118,3.9188
84.7986,0.8401,3.6106
84.7988,0.8437,3.6278
84.7990,0.7877,3.3886
84.7992,0.6796,2.9238
84.7994,0.7286,3.1313
84.7996,0.7952,3.4179
84.7998,0.8552,3.6721
84.8000,0.8352,3.5878
84.8002,0.8437,3.6227
84.8004,0.8829,3.7928
84.8006,0.8589,3.6864
84.8008,0.8405,3.6144
84.8010,0.7899,3.392
84.8012,0.7712,3.3194
84.8014,0.7361,3.1667
84.8016,0.7328,3.1523
84.8018,0.7462,3.2101
84.8020,0.7957,3.4231
84.8022,0.7666,3.2978
84.8024,0.7348,3.1611
84.8026,0.6772,2.9216
84.8028,0.6065,2.6176
84.8030,0.5602,2.4167
84.8032,0.5829,2.511
84.8034,0.6595,2.8398
84.8036,0.6747,2.9053
84.8038,0.6768,2.9141
84.8040,0.6793,2.9236
84.8042,0.6784,2.9241
84.8044,0.6277,2.7067
84.8046,0.6211,2.677
84.8048,0.6101,2.6283
84.8050,0.6389,2.7535
84.8052,0.6414,2.7644
84.8054,0.6043,2.6047
84.8056,0.6379,2.7507
84.8058,0.6136,2.6408
84.8060,0.6559,2.8243
84.8062,0.6626,2.8558
84.8064,0.675,2.905
84.8066,0.7253,3.1232
84.8068,0.6407,2.7638
84.8070,0.5421,2.3365
84.8072,0.6463,2.7843
84.8074,0.6098,2.6272
84.8076,0.5493,2.3697
84.8078,0.5612,2.4209
84.8080,0.5644,2.4348
84.8082,0.5221,2.2522
84.8084,0.5121,2.2093
84.8086,0.5372,2.3174
84.8088,0.5307,2.2895
84.8090,0.5355,2.3091
84.8092,0.5524,2.3787
84.8094,0.6343,2.7313
84.8096,0.6729,2.8976
84.8098,0.7234,3.1106
84.8100,0.7239,3.117
84.8102,0.6229,2.6848
84.8104,0.5965,2.5723
84.8106,0.5988,2.5797
84.8108,0.6116,2.6325
84.8110,0.6716,2.8892
84.8112,0.7089,3.0511
84.8114,0.7557,3.2508
84.8116,0.7444,3.2053
84.8118,0.606,2.6143
84.8120,0.5631,2.428
84.8122,0.5576,2.4031
84.8124,0.5565,2.3962
84.8126,0.6151,2.6475
84.8128,0.6567,2.8305
84.8130,0.5981,2.5754
84.8132,0.6826,2.934
84.8134,0.7257,3.119
84.8136,0.7735,3.323
84.8138,0.7706,3.3107
84.8140,0.7385,3.18
84.8142,0.6167,2.6604
84.8144,0.5397,2.3272
84.8146,0.527,2.2745
84.8148,0.5238,2.2595
84.8150,0.5193,2.2403
84.8152,0.5114,2.2052
84.8154,0.5301,2.2869
84.8156,0.5628,2.4247
84.8158,0.5604,2.4178
84.8160,0.4782,2.0648
84.8162,0.4644,2.0053
84.8164,0.4669,2.0162
84.8166,0.4649,2.0064
84.8168,0.4662,2.0121
84.8170,0.5156,2.2222
84.8172,0.5621,2.4205
84.8174,0.5933,2.5548
84.8176,0.5931,2.5573
84.8178,0.5648,2.4341
84.8180,0.565,2.4352
84.8182,0.5071,2.1876
84.8184,0.4738,2.0438
84.8186,0.4884,2.1059
84.8188,0.478,2.0609
84.8190,0.4723,2.0385
84.8192,0.4789,2.0641
84.8194,0.526,2.264
84.8196,0.6077,2.6155
84.8198,0.6589,2.8359
84.8200,0.6541,2.8191
84.8202,0.5619,2.4206
84.8204,0.5517,2.3778
84.8206,0.5475,2.3608
84.8208,0.5372,2.3131
84.8210,0.6206,2.6688
84.8212,0.6753,2.9079
84.8214,0.6708,2.887
84.8216,0.6598,2.8426
84.8218,0.6335,2.7239
84.8220,0.6483,2.793
84.8222,0.6082,2.6163
84.8224,0.6286,2.7053
84.8226,0.5798,2.4964
84.8228,0.5859,2.5216
84.8230,0.6919,2.975
84.8232,0.7278,3.1297
84.8234,0.6636,2.8533
84.8236,0.7209,3.1012
84.8238,0.6988,3.0063
84.8240,0.6992,3.0065
84.8242,0.7152,3.0727
84.8244,0.734,3.1545
84.8246,0.7154,3.0818
84.8248,0.6564,2.8277
84.8250,0.6628,2.8529
84.8252,0.6462,2.7837
84.8254,0.5843,2.5149
84.8256,0.5937,2.5575
84.8258,0.6323,2.7213
84.8260,0.6823,2.9324
84.8262,0.759,3.2607
84.8264,0.7864,3.3766
84.8266,0.7639,3.2864
84.8268,0.7589,3.2602
84.8270,0.7922,3.4002
84.8272,0.828,3.5536
84.8274,0.8356,3.5815
84.8276,0.8489,3.6488
84.8278,0.7956,3.4146
84.8280,0.9177,3.9294
84.8282,1.0121,4.334
84.8284,0.9973,4.2703
84.8286,0.99,4.2449
84.8288,0.9313,3.9954
84.8290,0.8987,3.8554
84.8292,0.9035,3.8778
84.8294,0.8446,3.6251
84.8296,0.9063,3.8897
84.8298,0.9129,3.9125
84.8300,0.9264,3.9724
84.8302,0.9072,3.8883
84.8304,0.9257,3.973
84.8306,0.9089,3.901
84.8308,0.9439,4.0513
84.8310,0.9154,3.9251
84.8312,0.9165,3.9297
84.8314,0.9457,4.0533
84.8316,0.9668,4.1515
84.8318,0.8638,3.7075
84.8320,0.8537,3.6728
84.8322,0.7543,3.2467
84.8324,0.6795,2.926
84.8326,0.6935,2.9878
84.8328,0.7144,3.0734
84.8330,0.7184,3.0904
84.8332,0.7179,3.0869
84.8334,0.7859,3.3745
84.8336,0.8608,3.6929
84.8338,0.8299,3.5751
84.8340,0.7324,3.1522
84.8342,0.7224,3.1094
84.8344,0.7146,3.0744
84.8346,0.6736,2.9034
84.8348,0.625,2.6911
84.8350,0.656,2.8235
84.8352,0.6717,2.8897
84.8354,0.6582,2.8354
84.8356,0.6777,2.9169
84.8358,0.6956,2.9966
84.8360,0.6634,2.8568
84.8362,0.6771,2.917
84.8364,0.707,3.0386
84.8366,0.722,3.1059
84.8368,0.685,2.9511
84.8370,0.6638,2.8557
84.8372,0.7127,3.0676
84.8374,0.7138,3.0779
84.8376,0.6028,2.6004
84.8378,0.5716,2.4636
84.8380,0.5626,2.4248
84.8382,0.6057,2.6091
84.8384,0.6437,2.7716
84.8386,0.6423,2.7672
84.8388,0.5811,2.5056
84.8390,0.5612,2.4197
84.8392,0.5709,2.4605
84.8394,0.5792,2.4938
84.8396,0.6445,2.7726
84.8398,0.6801,2.9286
84.8400,0.6178,2.665
84.8402,0.4944,2.1347
84.8404,0.4875,2.1042
84.8406,0.5233,2.2564
84.8408,0.5631,2.4269
84.8410,0.6059,2.6114
84.8412,0.6122,2.6363
84.8414,0.6337,2.7262
84.8416,0.6516,2.8083
84.8418,0.5384,2.3226
84.8420,0.5404,2.3271
84.8422,0.6006,2.5887
84.8424,0.5651,2.4345
84.8426,0.6366,2.7424
84.8428,0.6292,2.7104
84.8430,0.6389,2.7458
84.8432,0.7164,3.0821
84.8434,0.7012,3.018
84.8436,0.6702,2.883
84.8438,0.6613,2.8475
84.8440,0.7138,3.0694
84.8442,0.7905,3.393
84.8444,0.841,3.6097
84.8446,0.7842,3.372
84.8448,0.753,3.235
84.8450,0.8041,3.4512
84.8452,0.834,3.5777
84.8454,0.8331,3.5807
84.8456,0.7657,3.2942
84.8458,0.7192,3.0954
84.8460,0.7053,3.0328
84.8462,0.7199,3.0957
84.8464,0.7868,3.3771
84.8466,0.8702,3.74
84.8468,0.7974,3.4256
84.8470,0.7583,3.2622
84.8472,0.7397,3.1807
84.8474,0.7802,3.3566
84.8476,0.6777,2.9196
84.8478,0.6258,2.6972
84.8480,0.6301,2.7133
84.8482,0.6762,2.9156
84.8484,0.5675,2.446
84.8486,0.5602,2.4167
84.8488,0.5462,2.3551
84.8490,0.5402,2.3303
84.8492,0.5416,2.3366
84.8494,0.5445,2.3468
84.8496,0.5468,2.3544
84.8498,0.6252,2.6921
84.8500,0.63,2.714
84.8502,0.5877,2.5328
84.8504,0.645,2.7773
84.8506,0.6836,2.9408
84.8508,0.688,2.9613
84.8510,0.6577,2.8346
84.8512,0.556,2.3964
84.8514,0.5306,2.2879
84.8516,0.5646,2.4336
84.8518,0.6298,2.7142
84.8520,0.5899,2.5403
84.8522,0.6355,2.7365
84.8524,0.636,2.7411
84.8526,0.5957,2.5663
84.8528,0.588,2.532
84.8530,0.6487,2.7881
84.8532,0.7763,3.3364
84.8534,0.7678,3.2999
84.8536,0.7035,3.0292
84.8538,0.6855,2.9491
84.8540,0.7256,3.117
84.8542,0.7479,3.2173
84.8544,0.6992,3.0093
84.8546,0.7015,3.0191
84.8548,0.5857,2.5269
84.8550,0.5011,2.1607
84.8552,0.5182,2.2346
84.8554,0.5143,2.2196
84.8556,0.5175,2.2326
84.8558,0.5127,2.2119
84.8560,0.5053,2.1798
84.8562,0.5016,2.1628
84.8564,0.4973,2.1452
84.8566,0.491,2.1173
84.8568,0.5396,2.3267
84.8570,0.5663,2.4408
84.8572,0.5319,2.2957
84.8574,0.4878,2.1053
84.8576,0.4883,2.1064
84.8578,0.4919,2.1219
84.8580,0.4778,2.0614
84.8582,0.4825,2.0796
84.8584,0.5029,2.1675
84.8586,0.5016,2.1638
84.8588,0.4833,2.0852
84.8590,0.5179,2.23
84.8592,0.6061,2.6076
84.8594,0.7011,3.0133
84.8596,0.7758,3.3266
84.8598,0.809,3.4755
84.8600,0.7605,3.2684
84.8602,0.7673,3.2978
84.8604,0.7449,3.2044
84.8606,0.716,3.0772
84.8608,0.7734,3.3194
84.8610,0.8162,3.5064
84.8612,0.7649,3.286
84.8614,0.7816,3.3529
84.8616,0.9027,3.8688
84.8618,0.9342,4.0096
84.8620,0.9048,3.8781
84.8622,0.9455,4.0542
84.8624,0.9567,4.1082
84.8626,0.8877,3.8081
84.8628,0.8456,3.6326
84.8630,0.8425,3.6125
84.8632,0.9253,3.9659
84.8634,0.9187,3.9358
84.8636,0.9864,4.2295
84.8638,0.968,4.1566
84.8640,0.9247,3.9615
84.8642,0.9782,4.1906
84.8644,1.0078,4.3135
84.8646,1.0721,4.5885
84.8648,1.0734,4.5963
84.8650,1.0835,4.633
84.8652,1.1112,4.7581
84.8654,1.0816,4.6334
84.8656,1.03,4.4187
84.8658,0.8836,3.803
84.8660,0.7511,3.2312
84.8662,0.7687,3.304
84.8664,0.7705,3.3117
84.8666,0.8102,3.4872
84.8668,0.7708,3.3143
84.8670,0.8347,3.5808
84.8672,0.942,4.0411
84.8674,0.87,3.7447
84.8676,0.7431,3.1982
84.8678,0.7322,3.1497
84.8680,0.7082,3.0494
84.8682,0.6545,2.8194
84.8684,0.6636,2.8586
84.8686,0.6939,2.9866
84.8688,0.7368,3.1713
84.8690,0.7298,3.1394
84.8692,0.715,3.0774
84.8694,0.7254,3.1208
84.8696,0.7301,3.141
84.8698,0.745,3.2049
84.8700,0.7618,3.2802
84.8702,0.7239,3.1156
84.8704,0.7601,3.2699
84.8706,0.7185,3.0938
84.8708,0.6284,2.7136
84.8710,0.4991,2.1529
84.8712,0.5564,2.3991
84.8714,0.5754,2.4847
84.8716,0.5131,2.2134
84.8718,0.5198,2.2414
84.8720,0.6033,2.6024
84.8722,0.5278,2.2802
84.8724,0.5468,2.3555
84.8726,0.5883,2.5378
84.8728,0.5138,2.2176
84.8730,0.5158,2.2243
84.8732,0.563,2.4309
84.8734,0.5031,2.1705
84.8736,0.5103,2.2015
84.8738,0.5507,2.3726
84.8740,0.5914,2.55
84.8742,0.5178,2.2378
84.8744,0.4393,1.8971
84.8746,0.4098,1.7705
84.8748,0.4284,1.8482
84.8750,0.4693,2.0274
84.8752,0.4615,1.9938
84.8754,0.4608,1.9897
84.8756,0.4678,2.0151
84.8758,0.5423,2.3386
84.8760,0.5634,2.4296
84.8762,0.5597,2.4102
84.8764,0.5521,2.3805
84.8766,0.5486,2.3655
84.8768,0.5498,2.3695
84.8770,0.5491,2.3675
84.8772,0.5589,2.4099
84.8774,0.5578,2.4019
84.8776,0.5627,2.4253
84.8778,0.5597,2.4102
84.8780,0.6119,2.6348
84.8782,0.6475,2.7855
84.8784,0.721,3.0989
84.8786,0.8024,3.452
84.8788,0.6775,2.9159
84.8790,0.5971,2.5749
84.8792,0.562,2.4234
84.8794,0.5553,2.3933
84.8796,0.554,2.3821
84.8798,0.6678,2.8754
84.8800,0.5784,2.493
84.8802,0.5525,2.3814
84.8804,0.6109,2.6331
84.8806,0.6439,2.7714
84.8808,0.6403,2.7559
84.8810,0.6033,2.6
84.8812,0.5546,2.3902
84.8814,0.5833,2.5096
84.8816,0.6112,2.6341
84.8818,0.5722,2.465
84.8820,0.6205,2.6757
84.8822,0.6064,2.605
84.8824,0.7197,3.1018
84.8826,0.6045,2.6028
84.8828,0.55,2.3717
84.8830,0.4789,2.067
84.8832,0.4865,2.0996
84.8834,0.5078,2.1866
84.8836,0.6124,2.6332
84.8838,0.7258,3.1209
84.8840,0.7203,3.0958
84.8842,0.6958,2.9906
84.8844,0.6723,2.891
84.8846,0.647,2.7874
84.8848,0.6124,2.6381
84.8850,0.6095,2.6269
84.8852,0.5799,2.4969
84.8854,0.57,2.4557
84.8856,0.6216,2.6754
84.8858,0.6893,2.9642
84.8860,0.7208,3.0964
84.8862,0.7239,3.1112
84.8864,0.6705,2.8819
84.8866,0.6859,2.952
84.8868,0.6897,2.9644
84.8870,0.7311,3.1422
84.8872,0.7447,3.1979
84.8874,0.7573,3.2611
84.8876,0.624,2.6894
84.8878,0.591,2.5449
84.8880,0.5897,2.5393
84.8882,0.6012,2.5912
84.8884,0.6005,2.5869
84.8886,0.6555,2.8214
84.8888,0.6371,2.7458
84.8890,0.5142,2.2191
84.8892,0.4902,2.1146
84.8894,0.4829,2.0821
84.8896,0.4853,2.0934
84.8898,0.4849,2.0919
84.8900,0.4885,2.1054
84.8902,0.4854,2.093
84.8904,0.4826,2.083
84.8906,0.483,2.0846
84.8908,0.4862,2.0966
84.8910,0.4841,2.0863
84.8912,0.4859,2.0931
84.8914,0.5627,2.422
84.8916,0.586,2.5279
84.8918,0.5042,2.1752
84.8920,0.4957,2.1355
84.8922,0.6011,2.5871
84.8924,0.6685,2.8772
84.8926,0.7352,3.1553
84.8928,0.7865,3.3755
84.8930,0.734,3.1531
84.8932,0.7209,3.0984
84.8934,0.7401,3.1808
84.8936,0.7441,3.1983
84.8938,0.7561,3.2468
84.8940,0.7991,3.4296
84.8942,0.8224,3.5332
84.8944,0.8187,3.5074
84.8946,0.9453,4.0518
84.8948,0.8614,3.6989
84.8950,0.8301,3.5645
84.8952,0.8298,3.563
84.8954,0.8185,3.5129
84.8956,0.8188,3.5178
84.8958,0.7905,3.3978
84.8960,0.7781,3.3395
84.8962,0.8408,3.6019
84.8964,0.9252,3.9673
84.8966,0.8686,3.7298
84.8968,0.8144,3.502
84.8970,0.807,3.4652
84.8972,0.8259,3.5432
84.8974,0.8383,3.5979
84.8976,0.9097,3.8991
84.8978,0.9896,4.2355
84.8980,0.9702,4.1659
84.8982,0.832,3.5778
84.8984,0.7611,3.2756
84.8986,0.7131,3.0663
84.8988,0.7154,3.0775
84.8990,0.6852,2.9461
84.8992,0.7187,3.0905
84.8994,0.7134,3.0678
84.8996,0.7387,3.1751
84.8998,0.7547,3.2437
84.9000,0.7899,3.3968
84.9002,0.7703,3.3107
84.9004,0.7363,3.1648
84.9006,0.7211,3.1023
84.9008,0.7302,3.1385
84.9010,0.7646,3.288
84.9012,0.7325,3.1513
84.9014,0.7392,3.1787
84.9016,0.7402,3.1843
84.9018,0.7265,3.124
84.9020,0.7421,3.1881
84.9022,0.7432,3.1972
84.9024,0.718,3.0903
84.9026,0.6729,2.8949
84.9028,0.6744,2.9038
84.9030,0.6852,2.9475
84.9032,0.7573,3.2596
84.9034,0.6893,2.9669
84.9036,0.6928,2.9819
84.9038,0.7034,3.0245
84.9040,0.7398,3.1798
84.9042,0.7576,3.2545
84.9044,0.759,3.2653
84.9046,0.7613,3.272
84.9048,0.7699,3.3091
84.9050,0.7729,3.3282
84.9052,0.6666,2.8756
84.9054,0.5829,2.511
84.9056,0.6685,2.8772
84.9058,0.6812,2.9264
84.9060,0.7578,3.2571
84.9062,0.8046,3.4629
84.9064,0.8036,3.4475
84.9066,0.875,3.7571
84.9068,0.7973,3.4266
84.9070,0.7846,3.3689
84.9072,0.8312,3.5725
84.9074,0.7864,3.3845
84.9076,0.7047,3.0344
84.9078,0.7288,3.1382
84.9080,0.6957,2.9999
84.9082,0.589,2.5385
84.9084,0.5708,2.46
84.9086,0.6271,2.6991
84.9088,0.6534,2.8147
84.9090,0.6688,2.8787
84.9092,0.711,3.0575
84.9094,0.7525,3.2329
84.9096,0.7655,3.2947
84.9098,0.7607,3.271
84.9100,0.765,3.2911
84.9102,0.7126,3.0642
84.9104,0.748,3.2163
84.9106,0.7579,3.2591
84.9108,0.7413,3.1874
84.9110,0.7095,3.0551
84.9112,0.6452,2.7796
84.9114,0.6386,2.7499
84.9116,0.639,2.7515
84.9118,0.638,2.7486
84.9120,0.6367,2.7417
84.9122,0.6228,2.6818
84.9124,0.6366,2.7411
84.9126,0.6898,2.9649
84.9128,0.7787,3.3452
84.9130,0.7792,3.3519
84.9132,0.744,3.2023
84.9134,0.666,2.8676
84.9136,0.624,2.6882
84.9138,0.6182,2.6621
84.9140,0.6221,2.6799
84.9142,0.6221,2.6799
84.9144,0.678,2.9206
84.9146,0.6065,2.614
84.9148,0.5562,2.3985
84.9150,0.5668,2.4429
84.9152,0.5679,2.4464
84.9154,0.5638,2.4289
84.9156,0.6095,2.622
84.9158,0.7071,3.0405
84.9160,0.6762,2.9156
84.9162,0.57,2.4569
84.9164,0.5862,2.5231
84.9166,0.6435,2.7698
84.9168,0.6859,2.952
84.9170,0.6915,2.9762
84.9172,0.6528,2.8108
84.9174,0.5927,2.5569
84.9176,0.5548,2.3946
84.9178,0.555,2.3912
84.9180,0.5624,2.426
84.9182,0.554,2.3865
84.9184,0.5675,2.4426
84.9186,0.6118,2.6318
84.9188,0.6036,2.6016
84.9190,0.5969,2.5714
84.9192,0.651,2.8018
84.9194,0.6229,2.6848
84.9196,0.5746,2.4742
84.9198,0.6375,2.7453
84.9200,0.6661,2.8668
84.9202,0.6516,2.807
84.9204,0.6474,2.785
84.9206,0.7371,3.1664
84.9208,0.72,3.1034
84.9210,0.5999,2.5868
84.9212,0.5866,2.5282
84.9214,0.5833,2.5096
84.9216,0.6577,2.832
84.9218,0.6073,2.6127
84.9220,0.6192,2.6638
84.9222,0.6419,2.7626
84.9224,0.6602,2.8429
84.9226,0.6956,2.9924
84.9228,0.7847,3.3694
84.9230,0.7413,3.1904
84.9232,0.6935,2.985
84.9234,0.6708,2.8883
84.9236,0.6482,2.7873
84.9238,0.6979,3.0036
84.9240,0.7047,3.0344
84.9242,0.7004,3.0158
84.9244,0.675,2.9064
84.9246,0.6646,2.862
84.9248,0.6024,2.5976
84.9250,0.6086,2.6196
84.9252,0.6734,2.8983
84.9254,0.6602,2.8402
84.9256,0.7102,3.0553
84.9258,0.6675,2.8744
84.9260,0.673,2.8995
84.9262,0.6955,2.9891
84.9264,0.7853,3.372
84.9266,0.7855,3.3793
84.9268,0.7198,3.0966
84.9270,0.7379,3.1656
84.9272,0.892,3.8266
84.9274,0.9013,3.8722
84.9276,0.8468,3.6327
84.9278,0.8995,3.8536
84.9280,0.976,4.1833
84.9282,0.9825,4.2111
84.9284,0.9844,4.2154
84.9286,0.9732,4.1671
84.9288,1.0432,4.467
84.9290,1.1105,4.7506
84.9292,1.1523,4.925
84.9294,1.1322,4.8502
84.9296,1.0575,4.5238
84.9298,1.0793,4.6237
84.9300,1.0155,4.3666
84.9302,0.8614,3.7006
84.9304,0.8723,3.7475
84.9306,0.8409,3.6125
84.9308,0.8501,3.6539
84.9310,0.8306,3.5699
84.9312,0.7983,3.4297
84.9314,0.8396,3.6086
84.9316,0.8293,3.5659
84.9318,0.7561,3.2574
84.9320,0.7048,3.0349
84.9322,0.7006,3.0169
84.9324,0.71,3.0557
84.9326,0.7474,3.2137
84.9328,0.7081,3.0475
84.9330,0.6664,2.8684
84.9332,0.7011,3.0175
84.9334,0.7047,3.0386
84.9336,0.5926,2.5564
84.9338,0.5449,2.3505
84.9340,0.5781,2.4926
84.9342,0.6348,2.7334
84.9344,0.6723,2.8937
84.9346,0.6507,2.8034
84.9348,0.6071,2.6166
84.9350,0.6142,2.6483
84.9352,0.6051,2.609
84.9354,0.6031,2.5995
84.9356,0.5925,2.5559
84.9358,0.5419,2.3354
84.9360,0.5726,2.4712
84.9362,0.5206,2.245
84.9364,0.5694,2.4543
84.9366,0.6208,2.678
84.9368,0.5286,2.2823
84.9370,0.483,2.0836
84.9372,0.4913,2.1203
84.9374,0.4874,2.1027
84.9376,0.5385,2.3231
84.9378,0.5805,2.5007
84.9380,0.5656,2.4389
84.9382,0.5612,2.4197
84.9384,0.5444,2.3495
84.9386,0.5025,2.1669
84.9388,0.528,2.2755
84.9390,0.6359,2.7419
84.9392,0.5684,2.4496
84.9394,0.5428,2.3406
84.9396,0.5127,2.2109
84.9398,0.5649,2.4358
84.9400,0.6212,2.6751
84.9402,0.5866,2.5294
84.9404,0.5095,2.1989
84.9406,0.5341,2.304
84.9408,0.4937,2.1287
84.9410,0.5126,2.2073
84.9412,0.5765,2.4813
84.9414,0.6294,2.7064
84.9416,0.6777,2.9182
84.9418,0.6399,2.7582
84.9420,0.5883,2.5319
84.9422,0.6227,2.6825
84.9424,0.6331,2.7274
84.9426,0.6416,2.7603
84.9428,0.6304,2.713
84.9430,0.6374,2.7448
84.9432,0.6587,2.8348
84.9434,0.6724,2.8928
84.9436,0.7266,3.1231
84.9438,0.7625,3.2741
84.9440,0.773,3.3256
84.9442,0.7022,3.018
84.9444,0.7386,3.1731
84.9446,0.7603,3.2709
84.9448,0.7077,3.0431
84.9450,0.6619,2.8527
84.9452,0.6419,2.7639
84.9454,0.6458,2.7809
84.9456,0.6498,2.7979
84.9458,0.6516,2.8031
84.9460,0.7029,3.0196
84.9462,0.7161,3.0806
84.9464,0.6738,2.8999
84.9466,0.6868,2.9547
84.9468,0.7304,3.1361
84.9470,0.8323,3.5771
84.9472,0.7313,3.152
84.9474,0.5634,2.4307
84.9476,0.5537,2.3855
84.9478,0.5919,2.5509
84.9480,0.4636,2.0017
84.9482,0.4644,2.0044
84.9484,0.4651,2.0075
84.9486,0.4614,1.9914
84.9488,0.4624,1.9956
84.9490,0.4628,1.9967
84.9492,0.4598,1.9838
84.9494,0.4928,2.124
84.9496,0.5444,2.3452
84.9498,0.5854,2.5218
84.9500,0.6012,2.59
84.9502,0.5829,2.511
84.9504,0.5709,2.4605
84.9506,0.5409,2.3345
84.9508,0.4782,2.0639
84.9510,0.4734,2.0403
84.9512,0.5157,2.2228
84.9514,0.4962,2.1395
84.9516,0.5182,2.2315
84.9518,0.6021,2.5949
84.9520,0.5638,2.43
84.9522,0.563,2.423
84.9524,0.6164,2.6556
84.9526,0.598,2.5761
84.9528,0.6265,2.699
84.9530,0.5699,2.4552
84.9532,0.547,2.3587
84.9534,0.5389,2.3225
84.9536,0.5838,2.5116
84.9538,0.6179,2.6594
84.9540,0.5895,2.5406
84.9542,0.6011,2.5883
84.9544,0.6022,2.5942
84.9546,0.5873,2.5289
84.9548,0.626,2.6932
84.9550,0.6738,2.9025
84.9552,0.6383,2.7471
84.9554,0.6374,2.7409
84.9556,0.6748,2.9045
84.9558,0.657,2.8276
84.9560,0.6337,2.7288
84.9562,0.6036,2.5992
84.9564,0.5898,2.5421
84.9566,0.5088,2.1948
84.9568,0.4887,2.1104
84.9570,0.4748,2.0475
84.9572,0.483,2.0836
84.9574,0.4878,2.1023
84.9576,0.4973,2.1432
84.9578,0.554,2.3854
84.9580,0.5899,2.5391
84.9582,0.5987,2.5756
84.9584,0.6825,2.9348
84.9586,0.7523,3.2334
84.9588,0.7132,3.0654
84.9590,0.6968,2.9948
84.9592,0.7162,3.0783
84.9594,0.7257,3.1161
84.9596,0.776,3.3339
84.9598,0.7631,3.2782
84.9600,0.7606,3.2659
84.9602,0.8353,3.5817
84.9604,0.8242,3.536
84.9606,0.9222,3.9489
84.9608,0.9788,4.1951
84.9610,0.9483,4.0608
84.9612,0.9635,4.1294
84.9614,0.9596,4.1148
84.9616,0.9415,4.0391
84.9618,0.9391,4.025
84.9620,0.9169,3.9281
84.9622,0.9944,4.262
84.9624,1.0462,4.4714
84.9626,1.0759,4.6071
84.9628,1.0651,4.5567
84.9630,1.1138,4.7627
84.9632,1.1536,4.9329
84.9634,1.1948,5.1183
84.9636,0.9981,4.2759
84.9638,0.9413,4.0362
84.9640,0.9445,4.0501
84.9642,0.9699,4.1591
84.9644,0.9896,4.2374
84.9646,0.9266,3.9753
84.9648,0.916,3.9277
84.9650,0.9088,3.9041
84.9652,0.8763,3.7628
84.9654,0.882,3.7857
84.9656,0.8373,3.5937
84.9658,0.871,3.7384
84.9660,0.8746,3.7608
84.9662,0.8089,3.4766
84.9664,0.7817,3.3596
84.9666,0.8022,3.4446
84.9668,0.8268,3.5501
84.9670,0.8203,3.5305
84.9672,0.7626,3.2762
84.9674,0.8404,3.6155
84.9676,0.7621,3.2787
84.9678,0.6957,2.9943
84.9680,0.6994,3.0117
84.9682,0.6854,2.9499
84.9684,0.7383,3.176
84.9686,0.7587,3.2622
84.9688,0.721,3.1003
84.9690,0.7461,3.2081
84.9692,0.8103,3.4812
84.9694,0.8836,3.7924
84.9696,0.9076,3.8953
84.9698,0.9107,3.9196
84.9700,0.6937,2.9897
84.9702,0.6172,2.6563
84.9704,0.654,2.8199
84.9706,0.6305,2.7173
84.9708,0.6139,2.6472
84.9710,0.5875,2.5335
84.9712,0.5825,2.5118
84.9714,0.5956,2.5634
84.9716,0.6787,2.9197
84.9718,0.7319,3.1487
84.9720,0.7229,3.1143
84.9722,0.5988,2.5833
84.9724,0.5868,2.5327
84.9726,0.5727,2.4682
84.9728,0.583,2.5127
84.9730,0.5744,2.4766
84.9732,0.5576,2.4087
84.9734,0.494,2.1312
84.9736,0.4889,2.108
84.9738,0.5368,2.3148
84.9740,0.5398,2.3277
84.9742,0.5999,2.5856
84.9744,0.6777,2.9169
84.9746,0.6672,2.8728
84.9748,0.6423,2.7659
84.9750,0.6423,2.7646
84.9752,0.717,3.0833
84.9754,0.7443,3.2018
84.9756,0.6976,3.004
84.9758,0.6551,2.8207
84.9760,0.6898,2.9676
84.9762,0.7373,3.1704
84.9764,0.783,3.3622
84.9766,0.8023,3.4515
84.9768,0.6859,2.9534
84.9770,0.6281,2.7057
84.9772,0.6235,2.6861
84.9774,0.6263,2.6992
84.9776,0.611,2.6299
84.9778,0.6537,2.8163
84.9780,0.626,2.6982
84.9782,0.6242,2.6892
84.9784,0.6595,2.8345
84.9786,0.7834,3.3637
84.9788,0.7474,3.2182
84.9790,0.6343,2.7364
84.9792,0.6116,2.6374
84.9794,0.6039,2.6014
84.9796,0.6031,2.5983
84.9798,0.6116,2.6325
84.9800,0.6804,2.9269
84.9802,0.7101,3.052
84.9804,0.7203,3.103
84.9806,0.6509,2.8065
84.9808,0.5872,2.5319
84.9810,0.5546,2.3902
84.9812,0.5529,2.383
84.9814,0.6086,2.6233
84.9816,0.6167,2.653
84.9818,0.7093,3.0498
84.9820,0.7306,3.1459
84.9822,0.7007,3.0202
84.9824,0.6082,2.6188
84.9826,0.6794,2.9228
84.9828,0.7199,3.0985
84.9830,0.7301,3.1351
84.9832,0.8089,3.4734
84.9834,0.8228,3.5331
84.9836,0.7968,3.4262
84.9838,0.7239,3.1127
84.9840,0.7527,3.2394
84.9842,0.7206,3.1031
84.9844,0.6632,2.8544
84.9846,0.6696,2.8791
84.9848,0.719,3.0915
84.9850,0.7772,3.3421
84.9852,0.711,3.0561
84.9854,0.7131,3.0634
84.9856,0.7884,3.3885
84.9858,0.7781,3.3488
84.9860,0.6987,3.0086
84.9862,0.6898,2.9649
84.9864,0.7395,3.1782
84.9866,0.7103,3.0587
84.9868,0.6289,2.7094
84.9870,0.6068,2.6167
84.9872,0.5998,2.5862
84.9874,0.52,2.2434
84.9876,0.4885,2.1094
84.9878,0.4892,2.1134
84.9880,0.4879,2.1048
84.9882,0.4884,2.1059
84.9884,0.5222,2.2496
84.9886,0.6059,2.6114
84.9888,0.563,2.4286
84.9890,0.4939,2.1297
84.9892,0.491,2.1202
84.9894,0.4895,2.1125
84.9896,0.4883,2.1064
84.9898,0.4898,2.1131
84.9900,0.4885,2.1074
84.9902,0.526,2.2683
84.9904,0.5037,2.1731
84.9906,0.4867,2.0996
84.9908,0.5553,2.3933
84.9910,0.5881,2.5349
84.9912,0.5968,2.5685
84.9914,0.577,2.488
84.9916,0.5688,2.4483
84.9918,0.6474,2.7837
84.9920,0.6685,2.8705
84.9922,0.7051,3.0317
84.9924,0.6961,2.9931
84.9926,0.7162,3.0797
84.9928,0.7163,3.0773
84.9930,0.7576,3.2591
84.9932,0.7302,3.1371
84.9934,0.8212,3.5215
84.9936,0.951,4.0683
84.9938,1.013,4.3436
84.9940,0.926,3.9746
84.9942,0.8854,3.8001
84.9944,0.8931,3.8331
84.9946,0.932,3.9947
84.9948,0.9392,4.0293
84.9950,0.9371,4.0163
84.9952,0.979,4.1923
84.9954,0.9936,4.2524
84.9956,1.086,4.6459
84.9958,1.1319,4.8514
84.9960,1.0371,4.4428
84.9962,1.0433,4.4654
84.9964,1.0464,4.4808
84.9966,1.0383,4.4521
84.9968,0.9067,3.8917
84.9970,0.8756,3.7632
84.9972,0.8848,3.7958
84.9974,0.8898,3.8209
84.9976,0.8246,3.5458
84.9978,0.7296,3.1491
84.9980,0.589,2.5373
84.9982,0.6186,2.6637
84.9984,0.624,2.6882
84.9986,0.6624,2.8561
84.9988,0.6083,2.6205
84.9990,0.6121,2.6395
84.9992,0.6161,2.6541
84.9994,0.62,2.6724
84.9996,0.6126,2.6379
84.9998,0.6499,2.7972
85.0000,0.6644,2.8569
85.0002,0.6874,2.9587
85.0004,0.7121,3.0664
85.0006,0.7479,3.2188
85.0008,0.7295,3.1398
85.0010,0.6409,2.7623
85.0012,0.5891,2.539
85.0014,0.635,2.7319
85.0016,0.6995,3.008
85.0018,0.6807,2.9298
85.0020,0.6834,2.9411
85.0022,0.7787,3.3468
85.0024,0.7606,3.272
85.0026,0.6929,2.981
85.0028,0.6866,2.9578
85.0030,0.6625,2.8474
85.0032,0.7643,3.288
85.0034,0.6748,2.9045
85.0036,0.7021,3.0188
85.0038,0.7579,3.2652
85.0040,0.7009,3.0123
85.0042,0.7491,3.224
85.0044,0.7324,3.1551
85.0046,0.6697,2.8863
85.0048,0.6124,2.6393
85.0050,0.6175,2.6578
85.0052,0.6525,2.8137
85.0054,0.617,2.6619
85.0056,0.56,2.4146
85.0058,0.5083,2.1927
85.0060,0.4973,2.1452
85.0062,0.511,2.2057
85.0064,0.5005,2.1611
85.0066,0.4775,2.0598
85.0068,0.4791,2.069
85.0070,0.5246,2.2641
85.0072,0.5517,2.3745
85.0074,0.6314,2.7164
85.0076,0.6694,2.8866
85.0078,0.5504,2.3765
85.0080,0.5061,2.1844
85.0082,0.527,2.2703
85.0084,0.5697,2.4542
85.0086,0.6274,2.7039
85.0088,0.6515,2.8052
85.0090,0.6673,2.8693
85.0092,0.7386,3.1776
85.0094,0.7482,3.2159
85.0096,0.785,3.3678
85.0098,0.7765,3.3421
85.0100,0.712,3.0673
85.0102,0.5976,2.5769
85.0104,0.5397,2.3283
85.0106,0.5359,2.3139
85.0108,0.532,2.293
85.0110,0.53,2.2843
85.0112,0.5314,2.2915
85.0114,0.5371,2.3169
85.0116,0.532,2.293
85.0118,0.5308,2.2889
85.0120,0.5295,2.2843
85.0122,0.5421,2.3375
85.0124,0.5457,2.352
85.0126,0.5296,2.2859
85.0128,0.532,2.2952
85.0130,0.5214,2.2481
85.0132,0.5136,2.2124
85.0134,0.5666,2.4396
85.0136,0.5441,2.3485
85.0138,0.5074,2.1881
85.0140,0.5777,2.4899
85.0142,0.556,2.3975
85.0144,0.4803,2.0741
85.0146,0.4681,2.0204
85.0148,0.4642,2.0005
85.0150,0.5154,2.2212
85.0152,0.5561,2.3969
85.0154,0.5446,2.3506
85.0156,0.4776,2.0613
85.0158,0.4624,1.9928
85.0160,0.5175,2.2305
85.0162,0.5744,2.4732
85.0164,0.6142,2.6446
85.0166,0.6039,2.6014
85.0168,0.5735,2.4696
85.0170,0.5781,2.4926
85.0172,0.5392,2.324
85.0174,0.5098,2.2005
85.0176,0.4718,2.0346
85.0178,0.5305,2.2853
85.0180,0.6106,2.6242
85.0182,0.6241,2.6899
85.0184,0.5414,2.3334
85.0186,0.527,2.2713
85.0188,0.529,2.2812
85.0190,0.5191,2.2383
85.0192,0.5326,2.2946
85.0194,0.559,2.4048
85.0196,0.6108,2.6301
85.0198,0.6144,2.6469
85.0200,0.6194,2.6624
85.0202,0.6909,2.9723
85.0204,0.6345,2.7324
85.0206,0.5952,2.5642
85.0208,0.6037,2.6009
85.0210,0.5935,2.5558
85.0212,0.5963,2.5677
85.0214,0.6029,2.5936
85.0216,0.6399,2.753
85.0218,0.639,2.7489
85.0220,0.6751,2.9055
85.0222,0.6253,2.6914
85.0224,0.6519,2.8059
85.0226,0.6885,2.9592
85.0228,0.7492,3.2185
85.0230,0.765,3.2895
85.0232,0.7178,3.0821
85.0234,0.7343,3.1605
85.0236,0.6497,2.7974
85.0238,0.6414,2.7631
85.0240,0.6143,2.6402
85.0242,0.7088,3.0463
85.0244,0.6812,2.9346
85.0246,0.6175,2.6578
85.0248,0.6379,2.7494
85.0250,0.6039,2.5941
85.0252,0.7118,3.0606
85.0254,0.6284,2.7048
85.0256,0.6451,2.7765
85.0258,0.7312,3.1397
85.0260,0.7865,3.3755
85.0262,0.8027,3.4418
85.0264,0.8617,3.6982
85.0266,0.8451,3.6289
85.0268,0.8468,3.6276
85.0270,0.9149,3.9212
85.0272,0.9197,3.9473
85.0274,0.885,3.8003
85.0276,0.8416,3.6089
85.0278,0.8741,3.7465
85.0280,0.8687,3.7321
85.0282,0.7975,3.4261
85.0284,0.7995,3.43
85.0286,0.8751,3.7576
85.0288,0.9051,3.8845
85.0290,0.8842,3.7914
85.0292,0.8896,3.8146
85.0294,0.9012,3.8626
85.0296,0.9258,3.9698
85.0298,0.931,3.9901
85.0300,0.9679,4.1523
85.0302,0.9141,3.9268
85.0304,0.7882,3.389
85.0306,0.7426,3.1946
85.0308,0.7292,3.1368
85.0310,0.6908,2.9759
85.0312,0.6529,2.8074
85.0314,0.6997,3.0071
85.0316,0.7539,3.2446
85.0318,0.6871,2.9571
85.0320,0.6962,2.9936
85.0322,0.719,3.0915
85.0324,0.7812,3.3545
85.0326,0.839,3.6077
85.0328,0.7587,3.2577
85.0330,0.8067,3.469
85.0332,0.7428,3.1971
85.0334,0.6668,2.8726
85.0336,0.6818,2.9331
85.0338,0.7194,3.095
85.0340,0.685,2.947
85.0342,0.7419,3.19
85.0344,0.7638,3.2798
85.0346,0.7663,3.2952
85.0348,0.6991,3.0088
85.0350,0.7476,3.2148
85.0352,0.7804,3.3508
85.0354,0.8377,3.5953
85.0356,0.8539,3.6665
85.0358,0.8338,3.5838
85.0360,0.7703,3.3107
85.0362,0.7529,3.2405
85.0364,0.6696,2.8872
85.0366,0.6268,2.6988
85.0368,0.697,3.0014
85.0370,0.6204,2.6752
85.0372,0.592,2.555
85.0374,0.5742,2.475
85.0376,0.5877,2.5317
85.0378,0.5877,2.5317
85.0380,0.5922,2.5525
85.0382,0.6596,2.8403
85.0384,0.6302,2.7188
85.0386,0.5061,2.1855
85.0388,0.4964,2.1405
85.0390,0.5463,2.3545
85.0392,0.5338,2.3019
85.0394,0.5313,2.2921
85.0396,0.5353,2.307
85.0398,0.5404,2.3292
85.0400,0.6048,2.6067
85.0402,0.6288,2.7051
85.0404,0.6958,2.9948
85.0406,0.6551,2.8207
85.0408,0.6497,2.7948
85.0410,0.6684,2.8753
85.0412,0.7006,3.0141
85.0414,0.7314,3.1437
85.0416,0.7986,3.4323
85.0418,0.7769,3.339
85.0420,0.7563,3.2504
85.0422,0.7578,3.254
85.0424,0.7893,3.391
85.0426,0.8194,3.5187
85.0428,0.8144,3.502
85.0430,0.7756,3.338
85.0432,0.7441,3.1954
85.0434,0.7958,3.4189
85.0436,0.8294,3.5631
85.0438,0.7907,3.4015
85.0440,0.7337,3.152
85.0442,0.7523,3.2334
85.0444,0.7308,3.1455
85.0446,0.7525,3.2359
85.0448,0.7926,3.405
85.0450,0.8433,3.6212
85.0452,0.8311,3.572
85.0454,0.7722,3.3174
85.0456,0.8323,3.5705
85.0458,0.8013,3.4522
85.0460,0.6535,2.8126
85.0462,0.6826,2.9421
85.0464,0.5961,2.5678
85.0466,0.5818,2.5087
85.0468,0.5913,2.5507
85.0470,0.5776,2.4906
85.0472,0.5697,2.4553
85.0474,0.56,2.4146
85.0476,0.5614,2.4197
85.0478,0.556,2.3964
85.0480,0.65,2.7977
85.0482,0.7131,3.0677
85.0484,0.6516,2.8044
85.0486,0.7016,3.021
85.0488,0.6667,2.8694
85.0490,0.6318,2.718
85.0492,0.6658,2.8658
85.0494,0.6814,2.937
85.0496,0.6584,2.8351
85.0498,0.6487,2.7933
85.0500,0.5893,2.5401
85.0502,0.5829,2.5098
85.0504,0.617,2.6595
85.0506,0.591,2.5461
85.0508,0.6495,2.793
85.0510,0.6614,2.8454
85.0512,0.6674,2.8712
85.0514,0.7488,3.2184
85.0516,0.7716,3.3194
85.0518,0.7136,3.0683
85.0520,0.6793,2.9236
85.0522,0.6654,2.8637
85.0524,0.6699,2.8833
85.0526,0.7066,3.0384
85.0528,0.6893,2.9711
85.0530,0.5805,2.5018
85.0532,0.5711,2.4638
85.0534,0.573,2.4698
85.0536,0.5711,2.4604
85.0538,0.5937,2.5575
85.0540,0.6013,2.5881
85.0542,0.6348,2.7372
85.0544,0.5137,2.215
85.0546,0.5756,2.4795
85.0548,0.6235,2.6886
85.0550,0.5718,2.4635
85.0552,0.6012,2.5936
85.0554,0.5167,2.2279
85.0556,0.4929,2.1246
85.0558,0.5042,2.1742
85.0560,0.4963,2.142
85.0562,0.4991,2.1529
85.0564,0.5039,2.1726
85.0566,0.5019,2.1643
85.0568,0.5574,2.3993
85.0570,0.5961,2.5666
85.0572,0.5951,2.5649
85.0574,0.5925,2.5547
85.0576,0.5338,2.3019
85.0578,0.5294,2.2827
85.0580,0.5553,2.3933
85.0582,0.6022,2.5942
85.0584,0.568,2.4469
85.0586,0.5736,2.4701
85.0588,0.6359,2.733
85.0590,0.7433,3.1947
85.0592,0.7157,3.0748
85.0594,0.7534,3.241
85.0596,0.7522,3.2299
85.0598,0.7976,3.4218
85.0600,0.8239,3.541
85.0602,0.8001,3.431
85.0604,0.9203,3.9444
85.0606,0.9317,3.995
85.0608,0.9726,4.1704
85.0610,0.9704,4.1611
85.0612,0.9751,4.1753
85.0614,1.0163,4.3499
85.0616,1.042,4.4681
85.0618,1.0078,4.3115
85.0620,1.1059,4.7266
85.0622,1.1445,4.8917
85.0624,1.1517,4.9224
85.0626,1.1371,4.8644
85.0628,1.1071,4.7428
85.0630,1.0166,4.3611
85.0632,0.9091,3.9038
85.0634,0.8694,3.7299
85.0636,1.013,4.3295
85.0638,1.1415,4.8857
85.0640,1.0789,4.6264
85.0642,0.9834,4.2186
85.0644,0.932,3.9966
85.0646,0.9822,4.2154
85.0648,0.924,3.964
85.0650,0.9063,3.8915
85.0652,0.9319,3.9961
85.0654,0.953,4.0942
85.0656,0.9242,3.9632
85.0658,0.9318,3.9993
85.0660,0.8939,3.8349
85.0662,0.9492,4.0796
85.0664,0.8517,3.6623
85.0666,0.7595,3.2643
85.0668,0.7739,3.3292
85.0670,0.731,3.1475
85.0672,0.6721,2.8913
85.0674,0.7359,3.1657
85.0676,0.7974,3.4303
85.0678,0.7726,3.3236
85.0680,0.7915,3.4003
85.0682,0.8135,3.4995
85.0684,0.7537,3.2426
85.0686,0.7178,3.0893
85.0688,0.768,3.304
85.0690,0.7486,3.2219
85.0692,0.7236,3.116
85.0694,0.7717,3.3169
85.0696,0.797,3.4304
85.0698,0.6709,2.8888
85.0700,0.6278,2.711
85.0702,0.5428,2.3417
85.0704,0.5723,2.469
85.0706,0.58,2.5044
85.0708,0.5314,2.2947
85.0710,0.5421,2.3354
85.0712,0.6043,2.6023
85.0714,0.6744,2.9038
85.0716,0.6492,2.7967
85.0718,0.5963,2.5677
85.0720,0.5939,2.5621
85.0722,0.5946,2.5652
85.0724,0.591,2.5485
85.0726,0.6172,2.66
85.0728,0.573,2.4721
85.0730,0.5379,2.3216
85.0732,0.553,2.3802
85.0734,0.7022,3.0208
85.0736,0.7067,3.0446
85.0738,0.6487,2.7972
85.0740,0.6378,2.7476
85.0742,0.6408,2.7605
85.0744,0.6503,2.8
85.0746,0.7154,3.0718
85.0748,0.7975,3.4245
85.0750,0.8684,3.7253
85.0752,0.8829,3.7928
85.0754,0.8149,3.504
85.0756,0.7622,3.2838
85.0758,0.7608,3.2745
85.0760,0.6753,2.9066
85.0762,0.656,2.8261
85.0764,0.6702,2.8857
85.0766,0.6718,2.8929
85.0768,0.6874,2.9601
85.0770,0.6741,2.9054
85.0772,0.6503,2.8026
85.0774,0.6452,2.777
85.0776,0.6585,2.8383
85.0778,0.6523,2.8101
85.0780,0.6646,2.862
85.0782,0.6741,2.9041
85.0784,0.6718,2.8916
85.0786,0.6567,2.8318
85.0788,0.5902,2.5437
85.0790,0.6582,2.8341
85.0792,0.6631,2.8606
85.0794,0.5318,2.2931
85.0796,0.5359,2.3117
85.0798,0.5457,2.353
85.0800,0.5552,2.3928
85.0802,0.6152,2.648
85.0804,0.6977,3.0045
85.0806,0.6645,2.8641
85.0808,0.6404,2.7589
85.0810,0.6131,2.6412
85.0812,0.5763,2.4872
85.0814,0.5453,2.3504
85.0816,0.5696,2.4537
85.0818,0.5958,2.5668
85.0820,0.588,2.5367
85.0822,0.5821,2.5079
85.0824,0.6921,2.9774
85.0826,0.6889,2.9663
85.0828,0.6893,2.9669
85.0830,0.6991,3.0046
85.0832,0.7617,3.2736
85.0834,0.7435,3.2002
85.0836,0.6569,2.8297
85.0838,0.623,2.684
85.0840,0.6758,2.91
85.0842,0.671,2.884
85.0844,0.7463,3.2106
85.0846,0.7399,3.1833
85.0848,0.7194,3.0965
85.0850,0.6487,2.7946
85.0852,0.619,2.6677
85.0854,0.6489,2.7956
85.0856,0.6294,2.7127
85.0858,0.5901,2.5432
85.0860,0.5993,2.5806
85.0862,0.6378,2.7476
85.0864,0.6172,2.6612
85.0866,0.6004,2.5876
85.0868,0.6116,2.635
85.0870,0.6072,2.6146
85.0872,0.6016,2.5916
85.0874,0.62,2.6736
85.0876,0.5956,2.5693
85.0878,0.5256,2.2662
85.0880,0.4951,2.1358
85.0882,0.488,2.1053
85.0884,0.4913,2.1193
85.0886,0.4841,2.0902
85.0888,0.4823,2.0844
85.0890,0.4745,2.0469
85.0892,0.475,2.048
85.0894,0.4824,2.081
85.0896,0.4862,2.0976
85.0898,0.4848,2.0923
85.0900,0.5032,2.17
85.0902,0.5578,2.4008
85.0904,0.5928,2.5551
85.0906,0.6035,2.6011
85.0908,0.5805,2.503
85.0910,0.5104,2.2
85.0912,0.5363,2.3106
85.0914,0.6356,2.7357
85.0916,0.6257,2.6917
85.0918,0.5895,2.5394
85.0920,0.5981,2.573
85.0922,0.7011,3.0133
85.0924,0.7155,3.078
85.0926,0.7082,3.0437
85.0928,0.7587,3.2607
85.0930,0.7312,3.1397
85.0932,0.7651,3.2793
85.0934,0.9272,3.9779
85.0936,0.9163,3.9292
85.0938,0.9058,3.8876
85.0940,0.927,3.9731
85.0942,0.9721,4.1644
85.0944,0.9728,4.1656
85.0946,0.9837,4.2123
85.0948,0.9632,4.1283
85.0950,0.9498,4.0784
85.0952,0.9239,3.9616
85.0954,0.9626,4.1335
85.0956,0.8733,3.7481
85.0958,0.8541,3.6726
85.0960,0.7973,3.4266
85.0962,0.7409,3.1844
85.0964,0.7697,3.305
85.0966,0.8298,3.5663
85.0968,0.7934,3.4133
85.0970,0.7504,3.2281
85.0972,0.7781,3.3395
85.0974,0.8286,3.5562
85.0976,0.7964,3.4294
85.0978,0.6799,2.9262
85.0980,0.7278,3.1297
85.0982,0.7362,3.1702
85.0984,0.6977,3.0059
85.0986,0.6838,2.9418
85.0988,0.715,3.0774
85.0990,0.6893,2.9683
85.0992,0.6853,2.9467
85.0994,0.7269,3.1227
85.0996,0.7987,3.428
85.0998,0.8453,3.6367
85.1000,0.7525,3.2329
85.1002,0.7692,3.3091
85.1004,0.7342,3.1629
85.1006,0.7124,3.0646
85.1008,0.7145,3.0725
85.1010,0.7065,3.0379
85.1012,0.7346,3.1615
85.1014,0.7666,3.2932
85.1016,0.7933,3.4049
85.1018,0.837,3.5989
85.1020,0.8253,3.5439
85.1022,0.868,3.7238
85.1024,0.9073,3.8961
85.1026,0.9175,3.9417
85.1028,0.8078,3.4768
85.1030,0.6771,2.9143
85.1032,0.6987,3.0086
85.1034,0.7419,3.193
85.1036,0.7368,3.1713
85.1038,0.7051,3.036
85.1040,0.7244,3.1147
85.1042,0.731,3.146
85.1044,0.6469,2.7894
85.1046,0.6528,2.8069
85.1048,0.7395,3.1797
85.1050,0.7445,3.2014
85.1052,0.7409,3.1918
85.1054,0.6873,2.9582
85.1056,0.6553,2.8204
85.1058,0.6852,2.9503
85.1060,0.6764,2.9085
85.1062,0.7422,3.1945
85.1064,0.7188,3.0968
85.1066,0.7015,3.0191
85.1068,0.6956,2.998
85.1070,0.6191,2.6658
85.1072,0.6612,2.8483
85.1074,0.6612,2.8483
85.1076,0.6613,2.8462
85.1078,0.6603,2.8381
85.1080,0.7603,3.2679
85.1082,0.8114,3.4891
85.1084,0.8136,3.5
85.1086,0.7971,3.4293
85.1088,0.7284,3.1337
85.1090,0.7089,3.0511
85.1092,0.657,2.8289
85.1094,0.6127,2.6421
85.1096,0.6133,2.6459
85.1098,0.6119,2.6372
85.1100,0.6164,2.6569
85.1102,0.6162,2.6571
85.1104,0.6136,2.6457
85.1106,0.6145,2.6486
85.1108,0.613,2.6382
85.1110,0.6155,2.6515
85.1112,0.6331,2.7249
85.1114,0.6997,3.0099
85.1116,0.7,3.0157
85.1118,0.6433,2.7701
85.1120,0.6234,2.6856
85.1122,0.6293,2.7109
85.1124,0.6499,2.7972
85.1126,0.6429,2.7672
85.1128,0.6549,2.8228
85.1130,0.6558,2.8264
85.1132,0.6489,2.7943
85.1134,0.6498,2.8005
85.1136,0.6506,2.8029
85.1138,0.645,2.7799
85.1140,0.6229,2.6835
85.1142,0.6372,2.745
85.1144,0.6959,2.9939
85.1146,0.728,3.136
85.1148,0.6636,2.8613
85.1150,0.5814,2.5048
85.1152,0.6345,2.7298
85.1154,0.7158,3.0781
85.1156,0.7524,3.2354
85.1158,0.7778,3.3431
85.1160,0.7915,3.4035
85.1162,0.7673,3.3024
85.1164,0.7087,3.05
85.1166,0.6811,2.9313
85.1168,0.7087,3.0472
85.1170,0.792,3.404
85.1172,0.7609,3.2705
85.1174,0.7429,3.1947
85.1176,0.7426,3.1946
85.1178,0.7669,3.2962
85.1180,0.7523,3.2364
85.1182,0.6957,2.9971
85.1184,0.6885,2.9633
85.1186,0.7251,3.1178
85.1188,0.6885,2.9661
85.1190,0.6103,2.6293
85.1192,0.6775,2.9159
85.1194,0.7389,3.1757
85.1196,0.7349,3.1675
85.1198,0.5932,2.5566
85.1200,0.6027,2.5986
85.1202,0.6395,2.7497
85.1204,0.6903,2.9683
85.1206,0.6601,2.8463
85.1208,0.5498,2.3728
85.1210,0.5268,2.2692
85.1212,0.6589,2.8385
85.1214,0.6011,2.5919
85.1216,0.5688,2.4517
85.1218,0.5869,2.5286
85.1220,0.5997,2.5845
85.1222,0.6166,2.6549
85.1224,0.6157,2.6476
85.1226,0.6935,2.9864
85.1228,0.6994,3.0145
85.1230,0.6787,2.9169
85.1232,0.7601,3.2669
85.1234,0.7522,3.2389
85.1236,0.6495,2.7982
85.1238,0.6214,2.6781
85.1240,0.5811,2.5044
85.1242,0.6168,2.6547
85.1244,0.6606,2.8418
85.1246,0.7578,3.254
85.1248,0.8215,3.5291
85.1250,0.769,3.3065
85.1252,0.7627,3.2782
85.1254,0.7738,3.3225
85.1256,0.8192,3.5144
85.1258,0.8631,3.7078
85.1260,0.8513,3.6574
85.1262,0.8676,3.7274
85.1264,0.8744,3.7423
85.1266,1.0882,4.6486
85.1268,1.1563,4.9488
85.1270,1.1142,4.7709
85.1272,1.1016,4.7104
85.1274,1.1439,4.8937
85.1276,1.1546,4.9416
85.1278,1.0745,4.6117
85.1280,0.9571,4.1002
85.1282,0.9844,4.2134
85.1284,1.1003,4.707
85.1286,1.1571,4.9547
85.1288,1.1284,4.8275
85.1290,1.1416,4.8976
85.1292,1.0292,4.4213
85.1294,0.9093,3.9062
85.1296,0.8275,3.5582
85.1298,0.7751,3.3344
85.1300,0.806,3.4659
85.1302,0.8081,3.4746
85.1304,0.7441,3.2073
85.1306,0.6535,2.8166
85.1308,0.6445,2.7791
85.1310,0.6031,2.5971
85.1312,0.6805,2.9315
85.1314,0.6596,2.8429
85.1316,0.651,2.8044
85.1318,0.6319,2.721
85.1320,0.7421,3.1925
85.1322,0.8033,3.462
85.1324,0.7168,3.0866
85.1326,0.6937,2.9883
85.1328,0.6777,2.9196
85.1330,0.6631,2.8539
85.1332,0.6462,2.7876
85.1334,0.6004,2.5888
85.1336,0.6456,2.7812
85.1338,0.6656,2.8634
85.1340,0.7191,3.0978
85.1342,0.6756,2.9103
85.1344,0.6645,2.8601
85.1346,0.6486,2.7967
85.1348,0.614,2.6478
85.1350,0.604,2.6019
85.1352,0.6446,2.7783
85.1354,0.6296,2.715
85.1356,0.6369,2.7491
85.1358,0.5916,2.5511
85.1360,0.5919,2.5533
85.1362,0.5718,2.4669
85.1364,0.5648,2.4364
85.1366,0.5103,2.2056
85.1368,0.4812,2.0787
85.1370,0.4891,2.1129
85.1372,0.4939,2.1336
85.1374,0.4824,2.0849
85.1376,0.4329,1.8682
85.1378,0.5518,2.3772
85.1380,0.5947,2.5657
85.1382,0.4823,2.0805
85.1384,0.479,2.0694
85.1386,0.4783,2.0682
85.1388,0.4663,2.0136
85.1390,0.4646,2.0054
85.1392,0.4544,1.9614
85.1394,0.4507,1.9463
85.1396,0.4977,2.1472
85.1398,0.5295,2.2801
85.1400,0.5474,2.3592
85.1402,0.5585,2.4073
85.1404,0.5627,2.4242
85.1406,0.6234,2.6856
85.1408,0.6489,2.7943
85.1410,0.6374,2.7448
85.1412,0.6126,2.6416
85.1414,0.5698,2.4547
85.1416,0.6066,2.6133
85.1418,0.6005,2.5833
85.1420,0.656,2.8222
85.1422,0.7326,3.1518
85.1424,0.7415,3.1914
85.1426,0.6804,2.9269
85.1428,0.6739,2.9004
85.1430,0.672,2.8921
85.1432,0.6698,2.8801
85.1434,0.7081,3.0446
85.1436,0.7524,3.2339
85.1438,0.7879,3.3849
85.1440,0.807,3.4668
85.1442,0.8413,3.609
85.1444,0.8408,3.6137
85.1446,0.786,3.3845
85.1448,0.6524,2.8054
85.1450,0.7142,3.0709
85.1452,0.7372,3.1743
85.1454,0.6951,2.9917
85.1456,0.6688,2.8787
85.1458,0.6751,2.9015
85.1460,0.709,3.0558
85.1462,0.5654,2.4356
85.1464,0.6282,2.7063
85.1466,0.5956,2.5705
85.1468,0.4723,2.0395
85.1470,0.4625,1.9979
85.1472,0.4661,2.0135
85.1474,0.466,2.0111
85.1476,0.4693,2.0237
85.1478,0.4769,2.0591
85.1480,0.4758,2.0535
85.1482,0.4763,2.0546
85.1484,0.4757,2.053
85.1486,0.4769,2.0572
85.1488,0.5302,2.2863
85.1490,0.5943,2.5541
85.1492,0.6542,2.8144
85.1494,0.6224,2.6852
85.1496,0.5054,2.1803
85.1498,0.5074,2.1851
85.1500,0.6317,2.7212
85.1502,0.6161,2.6553
85.1504,0.5913,2.546
85.1506,0.5862,2.5255
85.1508,0.6373,2.7417
85.1510,0.667,2.871
85.1512,0.6057,2.6067
85.1514,0.5981,2.5766
85.1516,0.5895,2.5394
85.1518,0.5879,2.5339
85.1520,0.5227,2.2548
85.1522,0.4873,2.1022
85.1524,0.4849,2.0909
85.1526,0.4811,2.0744
85.1528,0.4821,2.08
85.1530,0.4856,2.093
85.1532,0.4845,2.0903
85.1534,0.4835,2.0876
85.1536,0.4825,2.0815
85.1538,0.4842,2.0897
85.1540,0.4832,2.0837
85.1542,0.4809,2.0738
85.1544,0.5194,2.2367
85.1546,0.5664,2.4402
85.1548,0.5303,2.2879
85.1550,0.4857,2.0955
85.1552,0.4862,2.0976
85.1554,0.4863,2.0971
85.1556,0.4847,2.0908
85.1558,0.5169,2.2248
85.1560,0.6499,2.7972
85.1562,0.6268,2.695
85.1564,0.6298,2.713
85.1566,0.5943,2.5624
85.1568,0.4986,2.1518
85.1570,0.477,2.0568
85.1572,0.508,2.1907
85.1574,0.492,2.1204
85.1576,0.5329,2.2945
85.1578,0.6139,2.6411
85.1580,0.6274,2.7014
85.1582,0.5962,2.5648
85.1584,0.598,2.5725
85.1586,0.6778,2.912
85.1588,0.7517,3.2293
85.1590,0.7353,3.1573
85.1592,0.7838,3.3673
85.1594,0.824,3.5333
85.1596,0.8666,3.7141
85.1598,0.8312,3.5692
85.1600,0.7939,3.4059
85.1602,0.8395,3.6064
85.1604,0.8432,3.619
85.1606,0.8516,3.6533
85.1608,0.8343,3.5825
85.1610,0.8306,3.5633
85.1612,0.8595,3.6838
85.1614,0.8909,3.8238
85.1616,0.8251,3.5429
85.1618,0.8766,3.7608
85.1620,0.8531,3.6651
85.1622,0.8752,3.7494
85.1624,1.0212,4.371
85.1626,0.9939,4.2579
85.1628,0.9775,4.1875
85.1630,0.9705,4.1597
85.1632,0.9332,4.0017
85.1634,0.7106,3.0597
85.1636,0.6853,2.9467
85.1638,0.7649,3.286
85.1640,0.806,3.4626
85.1642,0.7783,3.3421
85.1644,0.7931,3.4054
85.1646,0.7817,3.3612
85.1648,0.7272,3.13
85.1650,0.7299,3.137
85.1652,0.8053,3.4547
85.1654,0.8441,3.6248
85.1656,0.88,3.777
85.1658,0.8832,3.7908
85.1660,0.8286,3.5545
85.1662,0.8787,3.7713
85.1664,0.8631,3.713
85.1666,0.7678,3.3014
85.1668,0.7969,3.4203
85.1670,0.8567,3.6805
85.1672,0.7979,3.4276
85.1674,0.8608,3.6912
85.1676,0.859,3.6869
85.1678,0.8708,3.746
85.1680,0.7251,3.1193
85.1682,0.6998,3.0104
85.1684,0.724,3.1146
85.1686,0.7245,3.1196
85.1688,0.6467,2.7819
85.1690,0.6874,2.9587
85.1692,0.6768,2.9155
85.1694,0.6521,2.8077
85.1696,0.6579,2.8317
85.1698,0.6848,2.9514
85.1700,0.6066,2.6145
85.1702,0.5764,2.4831
85.1704,0.5687,2.4523
85.1706,0.6134,2.6403
85.1708,0.6583,2.8372
85.1710,0.6122,2.6388
85.1712,0.5861,2.5261
85.1714,0.5981,2.5766
85.1716,0.6336,2.7308
85.1718,0.5727,2.4671
85.1720,0.573,2.4698
85.1722,0.5753,2.4785
85.1724,0.6136,2.6408
85.1726,0.6494,2.7938
85.1728,0.6643,2.8591
85.1730,0.6587,2.8388
85.1732,0.5891,2.5402
85.1734,0.5708,2.46
85.1736,0.5722,2.465
85.1738,0.5995,2.5792
85.1740,0.7459,3.2046
85.1742,0.7871,3.3876
85.1744,0.6631,2.8553
85.1746,0.6896,2.9666
85.1748,0.7278,3.1326
85.1750,0.6655,2.8642
85.1752,0.6837,2.9413
85.1754,0.6887,2.963
85.1756,0.6495,2.7956
85.1758,0.6573,2.8292
85.1760,0.654,2.816
85.1762,0.692,2.9825
85.1764,0.6259,2.6964
85.1766,0.5833,2.5154
85.1768,0.5739,2.4746
85.1770,0.5692,2.4532
85.1772,0.6269,2.6918
85.1774,0.7787,3.3483
85.1776,0.7011,3.0203
85.1778,0.6212,2.6775
85.1780,0.6817,2.9394
85.1782,0.5927,2.5569
85.1784,0.5565,2.3974
85.1786,0.5562,2.3963
85.1788,0.5606,2.4172
85.1790,0.6009,2.5897
85.1792,0.592,2.5503
85.1794,0.5681,2.4475
85.1796,0.571,2.461
85.1798,0.5763,2.486
85.1800,0.5668,2.4429
85.1802,0.5409,2.3302
85.1804,0.5399,2.3282
85.1806,0.6162,2.6497
85.1808,0.7226,3.1099
85.1810,0.6592,2.8387
85.1812,0.5849,2.5209
85.1814,0.6103,2.6281
85.1816,0.6584,2.8312
85.1818,0.6834,2.937
85.1820,0.7404,3.1794
85.1822,0.7661,3.2911
85.1824,0.7909,3.4009
85.1826,0.7727,3.321
85.1828,0.8117,3.4885
85.1830,0.7763,3.338
85.1832,0.734,3.1531
85.1834,0.7636,3.2818
85.1836,0.7964,3.4262
85.1838,0.7334,3.1475
85.1840,0.8011,3.4383
85.1842,0.8156,3.5055
85.1844,0.7451,3.2084
85.1846,0.7531,3.237
85.1848,0.77,3.3096
85.1850,0.7799,3.3535
85.1852,0.7365,3.1624
85.1854,0.7708,3.3097
85.1856,0.7405,3.1873
85.1858,0.6561,2.8227
85.1860,0.6639,2.8589
85.1862,0.6971,2.9991
85.1864,0.7384,3.1736
85.1866,0.6545,2.8207
85.1868,0.567,2.4439
85.1870,0.5609,2.4165
85.1872,0.5686,2.4461
85.1874,0.6385,2.7494
85.1876,0.585,2.525
85.1878,0.5525,2.3836
85.1880,0.5553,2.39
85.1882,0.6293,2.7096
85.1884,0.6098,2.6284
85.1886,0.6016,2.5892
85.1888,0.6367,2.7429
85.1890,0.611,2.6287
85.1892,0.6577,2.8268
85.1894,0.7503,3.2261
85.1896,0.7272,3.1286
85.1898,0.6389,2.751
85.1900,0.6013,2.5917
85.1902,0.5869,2.5286
85.1904,0.5805,2.503
85.1906,0.5729,2.467
85.1908,0.6342,2.7283
85.1910,0.7192,3.0911
85.1912,0.7157,3.0833
85.1914,0.6018,2.5926
85.1916,0.6584,2.8298
85.1918,0.7126,3.0628
85.1920,0.765,3.2865
85.1922,0.7494,3.224
85.1924,0.7152,3.0756
85.1926,0.767,3.2937
85.1928,0.7995,3.438
85.1930,0.7865,3.3755
85.1932,0.9113,3.904
85.1934,0.9623,4.1242
85.1936,0.9535,4.0848
85.1938,0.9772,4.1904
85.1940,0.9824,4.2125
85.1942,1.0109,4.3309
85.1944,1.0011,4.2867
85.1946,1.071,4.5818
85.1948,1.1536,4.9375
85.1950,1.0954,4.6903
85.1952,1.0105,4.3268
85.1954,1.0692,4.5784
85.1956,1.0621,4.5587
85.1958,0.8696,3.7391
85.1960,0.8155,3.505
85.1962,0.8268,3.5534
85.1964,0.8072,3.4694
85.1966,0.8006,3.4427
85.1968,0.8155,3.5033
85.1970,0.8055,3.4606
85.1972,0.7865,3.3865
85.1974,0.6964,3.003
85.1976,0.6425,2.7639
85.1978,0.689,2.964
85.1980,0.7114,3.0619
85.1982,0.6826,2.9408
85.1984,0.6835,2.9403
85.1986,0.6973,3.0024
85.1988,0.6547,2.823
85.1990,0.6115,2.6345
85.1992,0.6498,2.7979
85.1994,0.654,2.8173
85.1996,0.6714,2.8936
85.1998,0.6035,2.6023
85.2000,0.608,2.6183
85.2002,0.6752,2.9047
85.2004,0.726,3.1249
85.2006,0.7283,3.1347
85.2008,0.7483,3.2209
85.2010,0.7079,3.0512
85.2012,0.5778,2.4881
85.2014,0.6072,2.6183
85.2016,0.5958,2.568
85.2018,0.6158,2.6555
85.2020,0.5949,2.5615
85.2022,0.6229,2.6823
85.2024,0.6758,2.91
85.2026,0.6993,3.0056
85.2028,0.7456,3.2075
85.2030,0.7402,3.1858
85.2032,0.6589,2.8438
85.2034,0.5233,2.2585
85.2036,0.5065,2.185
85.2038,0.5518,2.3761
85.2040,0.7132,3.0696
85.2042,0.7006,3.0169
85.2044,0.6295,2.7119
85.2046,0.5849,2.5233
85.2048,0.5722,2.4673
85.2050,0.5801,2.5003
85.2052,0.6024,2.5952
85.2054,0.6142,2.6458
85.2056,0.6718,2.8943
85.2058,0.6373,2.7468
85.2060,0.6144,2.6444
85.2062,0.6584,2.8312
85.2064,0.7637,3.2823
85.2066,0.7674,3.3045
85.2068,0.6266,2.6995
85.2070,0.589,2.5385
85.2072,0.6024,2.5952
85.2074,0.7018,3.0192
85.2076,0.7637,3.2823
85.2078,0.7473,3.2132
85.2080,0.7046,3.0353
85.2082,0.6381,2.7517
85.2084,0.5528,2.3858
85.2086,0.5339,2.3045
85.2088,0.5317,2.2936
85.2090,0.5308,2.2889
85.2092,0.5238,2.2595
85.2094,0.5248,2.262
85.2096,0.5289,2.2817
85.2098,0.5282,2.2786
85.2100,0.528,2.2786
85.2102,0.5079,2.1902
85.2104,0.5091,2.1964
85.2106,0.5112,2.2062
85.2108,0.5187,2.2377
85.2110,0.5188,2.2372
85.2112,0.5125,2.2098
85.2114,0.5128,2.2114
85.2116,0.5405,2.3308
85.2118,0.579,2.4945
85.2120,0.5434,2.3454
85.2122,0.4712,2.0348
85.2124,0.4615,1.9929
85.2126,0.4624,1.9946
85.2128,0.4625,1.997
85.2130,0.4646,2.0054
85.2132,0.4608,1.9879
85.2134,0.4638,2.0018
85.2136,0.4632,1.9992
85.2138,0.464,2.0028
85.2140,0.4673,2.0149
85.2142,0.4628,1.9976
85.2144,0.46,1.9861
85.2146,0.4626,1.9957
85.2148,0.4656,2.0077
85.2150,0.464,2.0019
85.2152,0.4871,2.0992
85.2154,0.5415,2.3317
85.2156,0.5887,2.5328
85.2158,0.6344,2.7319
85.2160,0.6555,2.8201
85.2162,0.6988,3.0077
85.2164,0.6222,2.6767
85.2166,0.6479,2.791
85.2168,0.5902,2.5401
85.2170,0.6058,2.6084
85.2172,0.5405,2.3287
85.2174,0.5392,2.323
85.2176,0.5905,2.5452
85.2178,0.6006,2.5838
85.2180,0.6324,2.7218
85.2182,0.5905,2.5452
85.2184,0.607,2.6136
85.2186,0.606,2.6083
85.2188,0.61,2.6216
85.2190,0.7093,3.054
85.2192,0.6451,2.7778
85.2194,0.6283,2.703
85.2196,0.6326,2.7203
85.2198,0.6296,2.7125
85.2200,0.6001,2.5842
85.2202,0.5903,2.5407
85.2204,0.578,2.4898
85.2206,0.5926,2.5505
85.2208,0.698,2.9999
85.2210,0.735,3.1592
85.2212,0.6407,2.7574
85.2214,0.5953,2.5611
85.2216,0.6338,2.7293
85.2218,0.6184,2.6602
85.2220,0.6193,2.6643
85.2222,0.6446,2.7719
85.2224,0.6994,3.0061
85.2226,0.7365,3.1653
85.2228,0.698,3.0041
85.2230,0.627,2.6961
85.2232,0.7142,3.0681
85.2234,0.7372,3.1655
85.2236,0.7362,3.1702
85.2238,0.6223,2.6797
85.2240,0.6531,2.8085
85.2242,0.6687,2.8755
85.2244,0.722,3.103
85.2246,0.7715,3.3112
85.2248,0.7971,3.4261
85.2250,0.7374,3.1621
85.2252,0.8391,3.5998
85.2254,0.8605,3.6931
85.2256,0.8529,3.6606
85.2258,0.856,3.674
85.2260,0.8537,3.654
85.2262,0.9861,4.2245
85.2264,0.9826,4.2077
85.2266,0.9723,4.1635
85.2268,0.9805,4.2004
85.2270,0.9575,4.1037
85.2272,0.9655,4.14
85.2274,0.971,4.1579
85.2276,0.9816,4.2011
85.2278,1.0088,4.3196
85.2280,1.0642,4.5568
85.2282,1.0367,4.4434
85.2284,0.9901,4.2415
85.2286,1.0192,4.3683
85.2288,0.9914,4.2551
85.2290,0.8867,3.8093
85.2292,0.8557,3.6708
85.2294,0.8504,3.6566
85.2296,0.8283,3.5551
85.2298,0.8479,3.6475
85.2300,0.7528,3.2354
85.2302,0.7359,3.1657
85.2304,0.7186,3.0957
85.2306,0.6727,2.8939
85.2308,0.7585,3.2617
85.2310,0.726,3.1234
85.2312,0.7034,3.0259
85.2314,0.6742,2.9006
85.2316,0.7461,3.2066
85.2318,0.8259,3.5515
85.2320,0.7535,3.2415
85.2322,0.7658,3.2931
85.2324,0.7401,3.1852
85.2326,0.7217,3.1048
85.2328,0.6879,2.9635
85.2330,0.697,2.9986
85.2332,0.7282,3.1327
85.2334,0.7471,3.2127
85.2336,0.7771,3.3416
85.2338,0.7208,3.105
85.2340,0.6794,2.9228
85.2342,0.6855,2.9532
85.2344,0.6534,2.816
85.2346,0.5944,2.5618
85.2348,0.5788,2.4958
85.2350,0.5782,2.4909
85.2352,0.6637,2.8578
85.2354,0.6782,2.9176
85.2356,0.6676,2.8722
85.2358,0.7133,3.0673
85.2360,0.7503,3.2261
85.2362,0.7535,3.2446
85.2364,0.6989,3.011
85.2366,0.6407,2.7561
85.2368,0.6664,2.8737
85.2370,0.5673,2.4495
85.2372,0.5443,2.3447
85.2374,0.6505,2.7997
85.2376,0.618,2.6636
85.2378,0.5428,2.3417
85.2380,0.5266,2.2729
85.2382,0.5235,2.2584
85.2384,0.52,2.2434
85.2386,0.517,2.2305
85.2388,0.5521,2.3771
85.2390,0.6457,2.7778
85.2392,0.6741,2.9028
85.2394,0.6378,2.745
85.2396,0.6463,2.783
85.2398,0.6723,2.8937
85.2400,0.66,2.8405
85.2402,0.6489,2.7956
85.2404,0.675,2.9037
85.2406,0.7547,3.2376
85.2408,0.8728,3.7461
85.2410,0.8286,3.5595
85.2412,0.7947,3.419
85.2414,0.7208,3.0993
85.2416,0.7209,3.0998
85.2418,0.7396,3.1832
85.2420,0.7308,3.1411
85.2422,0.7281,3.1278
85.2424,0.7711,3.3127
85.2426,0.8045,3.4559
85.2428,0.8239,3.541
85.2430,0.8103,3.4828
85.2432,0.7304,3.1434
85.2434,0.7139,3.0727
85.2436,0.7115,3.0638
85.2438,0.767,3.2952
85.2440,0.8054,3.4601
85.2442,0.8109,3.4789
85.2444,0.8515,3.6545
85.2446,0.8678,3.7262
85.2448,0.8489,3.6505
85.2450,0.7736,3.3267
85.2452,0.756,3.2509
85.2454,0.7384,3.1765
85.2456,0.6944,2.9886
85.2458,0.7101,3.0548
85.2460,0.7128,3.0709
85.2462,0.5995,2.5852
85.2464,0.5522,2.381
85.2466,0.5481,2.3645
85.2468,0.5549,2.3906
85.2470,0.6028,2.5992
85.2472,0.5897,2.5381
85.2474,0.6427,2.7675
85.2476,0.6493,2.7959
85.2478,0.6186,2.6686
85.2480,0.5479,2.3635
85.2482,0.53,2.2874
85.2484,0.522,2.2517
85.2486,0.5609,2.4153
85.2488,0.6505,2.7984
85.2490,0.6859,2.9506
85.2492,0.7242,3.1142
85.2494,0.7684,3.3024
85.2496,0.7763,3.3349
85.2498,0.8272,3.5571
85.2500,0.7855,3.3793
85.2502,0.7316,3.1486
85.2504,0.6967,2.9942
85.2506,0.7546,3.2417
85.2508,0.7588,3.2658
85.2510,0.6837,2.9441
85.2512,0.6776,2.9164
85.2514,0.7208,3.1036
85.2516,0.6642,2.8639
85.2518,0.6178,2.6588
85.2520,0.6435,2.775
85.2522,0.5132,2.216
85.2524,0.4855,2.0954
85.2526,0.4839,2.0877
85.2528,0.4811,2.0744
85.2530,0.4865,2.1005
85.2532,0.4857,2.0965
85.2534,0.4826,2.082
85.2536,0.4784,2.0639
85.2538,0.4827,2.0845
85.2540,0.4873,2.1022
85.2542,0.4807,2.0728
85.2544,0.4802,2.0717
85.2546,0.4935,2.1291
85.2548,0.5467,2.3561
85.2550,0.5535,2.3878
85.2552,0.4863,2.1
85.2554,0.4911,2.1178
85.2556,0.5456,2.3482
85.2558,0.5932,2.5578
85.2560,0.5953,2.5635
85.2562,0.5759,2.4833
85.2564,0.4974,2.1447
85.2566,0.5078,2.1907
85.2568,0.497,2.1461
85.2570,0.5065,2.183
85.2572,0.5574,2.4004
85.2574,0.5614,2.4185
85.2576,0.5747,2.4736
85.2578,0.6383,2.7445
85.2580,0.6741,2.9028
85.2582,0.6199,2.6669
85.2584,0.6537,2.815
85.2586,0.6769,2.9133
85.2588,0.7202,3.0924
85.2590,0.7553,3.2478
85.2592,0.6971,2.9977
85.2594,0.7766,3.3302
85.2596,0.9753,4.1763
85.2598,1.0282,4.4048
85.2600,1.006,4.3138
85.2602,0.9305,3.9936
85.2604,0.8988,3.856
85.2606,0.934,4.0029
85.2608,0.9347,4.0116
85.2610,0.9223,3.9476
85.2612,0.9873,4.2297
85.2614,0.9277,3.9818
85.2616,0.9046,3.8825
85.2618,0.9268,3.9703
85.2620,0.9711,4.1584
85.2622,0.9943,4.2634
85.2624,0.8943,3.8382
85.2626,0.8986,3.8495
85.2628,0.984,4.2133
85.2630,1.0229,4.3822
85.2632,0.9533,4.0933
85.2634,0.8927,3.8333
85.2636,0.8759,3.7647
85.2638,0.8461,3.6347
85.2640,0.8216,3.528
85.2642,0.8262,3.5541
85.2644,0.7849,3.3767
85.2646,0.7594,3.2623
85.2648,0.7799,3.3519
85.2650,0.7654,3.2911
85.2652,0.7352,3.1641
85.2654,0.7385,3.1771
85.2656,0.7259,3.1244
85.2658,0.7228,3.1095
85.2660,0.7102,3.0567
85.2662,0.7232,3.1125
85.2664,0.7033,3.0282
85.2666,0.7051,3.036
85.2668,0.6232,2.6833
85.2670,0.5905,2.5476
85.2672,0.5333,2.3019
85.2674,0.524,2.2595
85.2676,0.5968,2.5697
85.2678,0.6404,2.7628
85.2680,0.5326,2.2978
85.2682,0.5572,2.4038
85.2684,0.5375,2.319
85.2686,0.5759,2.4822
85.2688,0.5916,2.5463
85.2690,0.6204,2.6764
85.2692,0.5142,2.2212
85.2694,0.4838,2.0901
85.2696,0.5025,2.1679
85.2698,0.5332,2.2993
85.2700,0.5043,2.1737
85.2702,0.6011,2.5871
85.2704,0.672,2.8921
85.2706,0.6869,2.958
85.2708,0.636,2.7411
85.2710,0.5932,2.5602
85.2712,0.5453,2.3515
85.2714,0.5733,2.4708
85.2716,0.5735,2.473
85.2718,0.539,2.323
85.2720,0.5594,2.412
85.2722,0.5324,2.2989
85.2724,0.4871,2.1002
85.2726,0.4947,2.1343
85.2728,0.4884,2.1098
85.2730,0.4827,2.0835
85.2732,0.4932,2.1266
85.2734,0.4963,2.141
85.2736,0.5452,2.3499
85.2738,0.5726,2.47
85.2740,0.4483,1.9368
85.2742,0.4018,1.7366
85.2744,0.4083,1.763
85.2746,0.4573,1.9747
85.2748,0.4475,1.9314
85.2750,0.4428,1.913
85.2752,0.4435,1.9152
85.2754,0.4473,1.9295
85.2756,0.4468,1.9283
85.2758,0.4517,1.9486
85.2760,0.4564,1.9706
85.2762,0.4475,1.9314
85.2764,0.447,1.9284
85.2766,0.4507,1.9463
85.2768,0.4515,1.9485
85.2770,0.4468,1.9283
85.2772,0.4435,1.9125
85.2774,0.4787,2.0631
85.2776,0.5467,2.355
85.2778,0.5475,2.3608
85.2780,0.5018,2.1658
85.2782,0.4523,1.9503
85.2784,0.4499,1.9399
85.2786,0.4656,2.0086
85.2788,0.4782,2.0648
85.2790,0.4439,1.9141
85.2792,0.4525,1.9504
85.2794,0.477,2.0558
85.2796,0.4853,2.0915
85.2798,0.4843,2.0903
85.2800,0.4603,1.9858
85.2802,0.4696,2.0228
85.2804,0.5539,2.3838
85.2806,0.558,2.4007
85.2808,0.5576,2.4053
85.2810,0.4686,2.0206
85.2812,0.4944,2.1298
85.2814,0.5786,2.4878
85.2816,0.6494,2.7925
85.2818,0.6962,2.9908
85.2820,0.7075,3.0392
85.2822,0.7298,3.1365
85.2824,0.6975,2.9965
85.2826,0.7128,3.0624
85.2828,0.6687,2.8768
85.2830,0.632,2.7241
85.2832,0.6218,2.6739
85.2834,0.6578,2.8312
85.2836,0.6427,2.7649
85.2838,0.657,2.8276
85.2840,0.6403,2.752
85.2842,0.6576,2.8276
85.2844,0.6529,2.814
85.2846,0.5711,2.4581
85.2848,0.5645,2.4331
85.2850,0.5483,2.3622
85.2852,0.5444,2.3441
85.2854,0.5531,2.3796
85.2856,0.592,2.5503
85.2858,0.5516,2.3773
85.2860,0.505,2.1788
85.2862,0.5546,2.3847
85.2864,0.6523,2.8049
85.2866,0.6392,2.7525
85.2868,0.6174,2.6573
85.2870,0.6332,2.7254
85.2872,0.5981,2.5742
85.2874,0.5476,2.3602
85.2876,0.4668,2.0138
85.2878,0.4806,2.0713
85.2880,0.4633,2.0006
85.2882,0.3982,1.7203
85.2884,0.4264,1.8394
85.2886,0.4934,2.1276
85.2888,0.5043,2.1737
85.2890,0.4933,2.1251
85.2892,0.4987,2.1484
85.2894,0.4922,2.1185
85.2896,0.506,2.1819
85.2898,0.516,2.2248
85.2900,0.5085,2.1917
85.2902,0.5203,2.2393
85.2904,0.5889,2.5321
85.2906,0.6945,2.985
85.2908,0.7275,3.1223
85.2910,0.8233,3.5319
85.2912,0.7722,3.3158
85.2914,0.6905,2.9707
85.2916,0.6823,2.9351
85.2918,0.6946,2.9869
85.2920,0.6745,2.8962
85.2922,0.7401,3.1749
85.2924,0.8077,3.4634
85.2926,0.8212,3.5199
85.2928,0.8837,3.7894
85.2930,0.8742,3.7453
85.2932,0.8657,3.7123
85.2934,0.862,3.6963
85.2936,0.8722,3.7365
85.2938,0.9109,3.9006
85.2940,0.9071,3.8915
85.2942,0.8191,3.5106
85.2944,0.8837,3.7929
85.2946,0.8372,3.5916
85.2948,0.8639,3.7045
85.2950,0.8577,3.6761
85.2952,0.9071,3.8896
85.2954,0.9153,3.9209
85.2956,0.918,3.9328
85.2958,0.9268,3.9721
85.2960,0.9223,3.9623
85.2962,0.8079,3.4725
85.2964,0.7648,3.2839
85.2966,0.7549,3.2462
85.2968,0.7503,3.2231
85.2970,0.7566,3.2519
85.2972,0.7447,3.1994
85.2974,0.7951,3.4142
85.2976,0.8379,3.5997
85.2978,0.8114,3.4842
85.2980,0.7903,3.3936
85.2982,0.8057,3.4595
85.2984,0.7904,3.3941
85.2986,0.813,3.4909
85.2988,0.7756,3.3287
85.2990,0.839,3.6009
85.2992,0.8156,3.5055
85.2994,0.759,3.2638
85.2996,0.8168,3.5025
85.2998,0.8594,3.6884
85.3000,0.8338,3.5855
85.3002,0.8061,3.4583
85.3004,0.8566,3.6749
85.3006,0.8456,3.6293
85.3008,0.8858,3.8034
85.3010,0.7572,3.2545
85.3012,0.7516,3.2303
85.3014,0.8012,3.4404
85.3016,0.8433,3.6212
85.3018,0.827,3.5495
85.3020,0.8464,3.6329
85.3022,0.8578,3.68
85.3024,0.8617,3.6965
85.3026,0.8688,3.7326
85.3028,0.8476,3.6448
85.3030,0.7691,3.3025
85.3032,0.7718,3.3189
85.3034,0.7485,3.2184
85.3036,0.773,3.3194
85.3038,0.8341,3.5832
85.3040,0.8004,3.4448
85.3042,0.773,3.321
85.3044,0.823,3.5374
85.3046,0.7911,3.4051
85.3048,0.7628,3.2803
85.3050,0.779,3.3467
85.3052,0.7644,3.2885
85.3054,0.7434,3.1967
85.3056,0.7404,3.1853
85.3058,0.7437,3.2007
85.3060,0.7419,3.19
85.3062,0.7371,3.1709
85.3064,0.7356,3.1662
85.3066,0.7461,3.2051
85.3068,0.8491,3.6408
85.3070,0.9172,3.9328
85.3072,0.9684,4.1504
85.3074,0.9288,3.9957
85.3076,0.7368,3.1684
85.3078,0.71,3.0529
85.3080,0.769,3.305
85.3082,0.792,3.4024
85.3084,0.7903,3.3999
85.3086,0.7122,3.0641
85.3088,0.7015,3.0191
85.3090,0.7015,3.0219
85.3092,0.7027,3.0242
85.3094,0.7042,3.0281
85.3096,0.7041,3.029
85.3098,0.7059,3.0382
85.3100,0.718,3.0874
85.3102,0.7146,3.073
85.3104,0.7925,3.4029
85.3106,0.8829,3.7911
85.3108,0.8001,3.4454
85.3110,0.6745,2.9083
85.3112,0.5998,2.5826
85.3114,0.6722,2.8891
85.3116,0.7107,3.0574
85.3118,0.6795,2.9287
85.3120,0.5476,2.3624
85.3122,0.53,2.2885
85.3124,0.5327,2.2983
85.3126,0.5308,2.2889
85.3128,0.5378,2.32
85.3130,0.5315,2.2931
85.3132,0.5324,2.2957
85.3134,0.5336,2.3019
85.3136,0.561,2.4159
85.3138,0.6878,2.9644
85.3140,0.5769,2.4875
85.3142,0.5383,2.3221
85.3144,0.5393,2.3256
85.3146,0.5391,2.3257
85.3148,0.5402,2.3303
85.3150,0.5391,2.3225
85.3152,0.6009,2.5861
85.3154,0.6845,2.9408
85.3156,0.7733,3.3251
85.3158,0.7711,3.3174
85.3160,0.7121,3.0679
85.3162,0.6228,2.683
85.3164,0.6414,2.7631
85.3166,0.6735,2.8975
85.3168,0.6879,2.9594
85.3170,0.6758,2.9113
85.3172,0.6925,2.9804
85.3174,0.6874,2.9587
85.3176,0.636,2.7411
85.3178,0.5891,2.5379
85.3180,0.6178,2.6588
85.3182,0.6835,2.9389
85.3184,0.722,3.1102
85.3186,0.6286,2.7103
85.3188,0.628,2.7027
85.3190,0.6658,2.8671
85.3192,0.6046,2.6093
85.3194,0.5263,2.2714
85.3196,0.5017,2.1643
85.3198,0.4769,2.0572
85.3200,0.4739,2.0433
85.3202,0.4901,2.1131
85.3204,0.556,2.3986
85.3206,0.5449,2.3472
85.3208,0.5851,2.5243
85.3210,0.5314,2.2894
85.3212,0.5838,2.514
85.3214,0.6573,2.8252
85.3216,0.7354,3.1592
85.3218,0.7722,3.3205
85.3220,0.6892,2.9706
85.3222,0.6325,2.7249
85.3224,0.631,2.7169
85.3226,0.6316,2.722
85.3228,0.6422,2.7654
85.3230,0.7053,3.0299
85.3232,0.7404,3.1853
85.3234,0.7256,3.1184
85.3236,0.8036,3.4523
85.3238,0.7953,3.42
85.3240,0.7447,3.1979
85.3242,0.7732,3.3231
85.3244,0.8063,3.4637
85.3246,0.7757,3.337
85.3248,0.6995,3.0066
85.3250,0.7377,3.1749
85.3252,0.7037,3.0261
85.3254,0.7618,3.2726
85.3256,0.8407,3.6098
85.3258,0.8842,3.7897
85.3260,0.9843,4.2168
85.3262,0.9882,4.2352
85.3264,1.0214,4.3755
85.3266,0.9708,4.1607
85.3268,0.922,3.9515
85.3270,0.9397,4.0314
85.3272,0.9641,4.1396
85.3274,0.9323,3.9957
85.3276,0.9295,3.9876
85.3278,0.971,4.1579
85.3280,1.0109,4.3288
85.3282,1.0388,4.4459
85.3284,1.0428,4.4696
85.3286,1.0751,4.6121
85.3288,0.9392,4.0331
85.3290,0.8587,3.6853
85.3292,0.877,3.7641
85.3294,0.8995,3.8662
85.3296,0.8477,3.6453
85.3298,0.7652,3.2921
85.3300,0.7823,3.3622
85.3302,0.7859,3.3792
85.3304,0.8203,3.5239
85.3306,0.8798,3.7777
85.3308,0.8641,3.7171
85.3310,0.7349,3.1645
85.3312,0.6999,3.0138
85.3314,0.7294,3.1364
85.3316,0.7799,3.3581
85.3318,0.7481,3.2168
85.3320,0.767,3.2998
85.3322,0.7563,3.2564
85.3324,0.7149,3.0812
85.3326,0.5752,2.4802
85.3328,0.5594,2.4131
85.3330,0.5604,2.4166
85.3332,0.5835,2.5159
85.3334,0.5818,2.5087
85.3336,0.5914,2.5524
85.3338,0.5793,2.4967
85.3340,0.5751,2.4786
85.3342,0.5799,2.5016
85.3344,0.5895,2.5429
85.3346,0.5964,2.5706
85.3348,0.6046,2.6045
85.3350,0.6524,2.8119
85.3352,0.619,2.6677
85.3354,0.6151,2.6549
85.3356,0.523,2.2553
85.3358,0.5729,2.4693
85.3360,0.6071,2.6117
85.3362,0.6765,2.9171
85.3364,0.6004,2.5888
85.3366,0.5666,2.4464
85.3368,0.5163,2.2305
85.3370,0.4939,2.1317
85.3372,0.5042,2.1752
85.3374,0.4926,2.125
85.3376,0.5167,2.2269
85.3378,0.5522,2.3854
85.3380,0.4137,1.7879
85.3382,0.4456,1.9213
85.3384,0.5516,2.3773
85.3386,0.5801,2.5014
85.3388,0.5459,2.353
85.3390,0.5434,2.3432
85.3392,0.5395,2.3251
85.3394,0.5475,2.3597
85.3396,0.5541,2.3881
85.3398,0.5473,2.3609
85.3400,0.5585,2.4061
85.3402,0.6509,2.7987
85.3404,0.7762,3.3344
85.3406,0.7899,3.3936
85.3408,0.7838,3.372
85.3410,0.6862,2.9549
85.3412,0.644,2.7706
85.3414,0.6643,2.8591
85.3416,0.6789,2.9193
85.3418,0.739,3.1762
85.3420,0.73,3.1448
85.3422,0.6774,2.914
85.3424,0.7121,3.0636
85.3426,0.6764,2.9126
85.3428,0.6675,2.873
85.3430,0.6824,2.9357
85.3432,0.6852,2.953
85.3434,0.6299,2.7147
85.3436,0.6485,2.7884
85.3438,0.7266,3.1274
85.3440,0.7109,3.0613
85.3442,0.6546,2.8173
85.3444,0.6592,2.8335
85.3446,0.6887,2.9644
85.3448,0.6553,2.8217
85.3450,0.6921,2.9788
85.3452,0.6788,2.9188
85.3454,0.6621,2.8551
85.3456,0.622,2.6769
85.3458,0.674,2.9022
85.3460,0.5663,2.4431
85.3462,0.4818,2.0794
85.3464,0.4712,2.0348
85.3466,0.473,2.0407
85.3468,0.4744,2.0483
85.3470,0.4692,2.0269
85.3472,0.4692,2.0241
85.3474,0.4681,2.0195
85.3476,0.4718,2.0346
85.3478,0.4736,2.0451
85.3480,0.4699,2.0291
85.3482,0.4698,2.0295
85.3484,0.5067,2.182
85.3486,0.6262,2.695
85.3488,0.6992,3.0093
85.3490,0.6945,2.9864
85.3492,0.6634,2.8568
85.3494,0.6247,2.6888
85.3496,0.6258,2.6922
85.3498,0.6403,2.7597
85.3500,0.5847,2.5199
85.3502,0.5925,2.5535
85.3504,0.5868,2.5269
85.3506,0.6236,2.6854
85.3508,0.6164,2.6556
85.3510,0.6242,2.6867
85.3512,0.6778,2.916
85.3514,0.6286,2.7028
85.3516,0.632,2.7203
85.3518,0.6209,2.6772
85.3520,0.5971,2.5749
85.3522,0.5916,2.5475
85.3524,0.5907,2.5446
85.3526,0.6126,2.6403
85.3528,0.5702,2.4574
85.3530,0.4889,2.1089
85.3532,0.4806,2.0742
85.3534,0.4836,2.0872
85.3536,0.489,2.1095
85.3538,0.4859,2.097
85.3540,0.4802,2.0717
85.3542,0.4797,2.0677
85.3544,0.4849,2.0919
85.3546,0.4847,2.0899
85.3548,0.4987,2.1474
85.3550,0.5836,2.5129
85.3552,0.5798,2.4976
85.3554,0.5949,2.5638
85.3556,0.532,2.293
85.3558,0.4926,2.123
85.3560,0.4997,2.1545
85.3562,0.4931,2.1261
85.3564,0.4746,2.0474
85.3566,0.4927,2.1245
85.3568,0.5023,2.1659
85.3570,0.4917,2.1204
85.3572,0.5059,2.1824
85.3574,0.5323,2.2919
85.3576,0.5843,2.5149
85.3578,0.6094,2.6252
85.3580,0.5654,2.4333
85.3582,0.5872,2.5214
85.3584,0.6976,2.9984
85.3586,0.7379,3.1715
85.3588,0.7721,3.3138
85.3590,0.7885,3.3843
85.3592,0.8296,3.5608
85.3594,0.8591,3.6857
85.3596,0.8916,3.8215
85.3598,0.8542,3.6629
85.3600,0.8319,3.5673
85.3602,0.8696,3.727
85.3604,0.9524,4.0821
85.3606,0.9446,4.0449
85.3608,0.9662,4.1373
85.3610,0.9017,3.8683
85.3612,0.8834,3.7878
85.3614,0.9022,3.8704
85.3616,0.8859,3.7969
85.3618,0.9662,4.1393
85.3620,0.9865,4.2241
85.3622,1.0626,4.5501
85.3624,1.0427,4.4691
85.3626,0.9245,3.9642
85.3628,0.9156,3.9225
85.3630,0.939,4.0226
85.3632,0.9724,4.166
85.3634,0.9359,4.0168
85.3636,0.9094,3.903
85.3638,0.8782,3.7692
85.3640,0.8892,3.813
85.3642,0.9933,4.2534
85.3644,0.986,4.2319
85.3646,0.9214,3.9471
85.3648,0.9722,4.1688
85.3650,0.9792,4.2045
85.3652,0.8539,3.6699
85.3654,0.8272,3.5522
85.3656,0.853,3.6629
85.3658,0.8479,3.6373
85.3660,0.9239,3.9653
85.3662,0.8679,3.7284
85.3664,0.8307,3.5671
85.3666,0.83,3.564
85.3668,0.8087,3.4804
85.3670,0.7395,3.1812
85.3672,0.7475,3.2128
85.3674,0.78,3.354
85.3676,0.7582,3.2632
85.3678,0.7474,3.2182
85.3680,0.6437,2.7729
85.3682,0.5967,2.5716
85.3684,0.6504,2.8031
85.3686,0.6238,2.6871
85.3688,0.6143,2.6463
85.3690,0.6392,2.7538
85.3692,0.6535,2.8113
85.3694,0.6877,2.9597
85.3696,0.6639,2.8602
85.3698,0.6711,2.8898
85.3700,0.7199,3.0971
85.3702,0.7473,3.2117
85.3704,0.7511,3.2327
85.3706,0.6913,2.9766
85.3708,0.6828,2.9386
85.3710,0.6535,2.8153
85.3712,0.574,2.4774
85.3714,0.5343,2.305
85.3716,0.5469,2.3604
85.3718,0.5414,2.3344
85.3720,0.5392,2.3262
85.3722,0.5386,2.3236
85.3724,0.538,2.3189
85.3726,0.5392,2.3262
85.3728,0.5303,2.29
85.3730,0.5206,2.246
85.3732,0.5239,2.26
85.3734,0.5268,2.2735
85.3736,0.5697,2.4508
85.3738,0.6852,2.9489
85.3740,0.6953,2.99
85.3742,0.7039,3.0308
85.3744,0.5821,2.5126
85.3746,0.5335,2.3014
85.3748,0.5317,2.2926
85.3750,0.5247,2.2636
85.3752,0.5199,2.2429
85.3754,0.5251,2.2652
85.3756,0.5276,2.2739
85.3758,0.5383,2.3221
85.3760,0.5236,2.26
85.3762,0.5229,2.2569
85.3764,0.5542,2.3886
85.3766,0.5415,2.335
85.3768,0.5198,2.2414
85.3770,0.5959,2.5649
85.3772,0.6907,2.9712
85.3774,0.6333,2.7285
85.3776,0.5485,2.3649
85.3778,0.5288,2.2791
85.3780,0.5632,2.4274
85.3782,0.5233,2.2574
85.3784,0.5269,2.2719
85.3786,0.5338,2.3019
85.3788,0.5221,2.2501
85.3790,0.5842,2.519
85.3792,0.5519,2.3799
85.3794,0.5276,2.2739
85.3796,0.5374,2.3174
85.3798,0.5221,2.2543
85.3800,0.5176,2.2331
85.3802,0.5533,2.3779
85.3804,0.7537,3.2426
85.3806,0.6078,2.616
85.3808,0.5762,2.4832
85.3810,0.5631,2.4246
85.3812,0.6319,2.7172
85.3814,0.671,2.884
85.3816,0.7221,3.1078
85.3818,0.6893,2.9656
85.3820,0.7373,3.1675
85.3822,0.7433,3.1947
85.3824,0.7278,3.1282
85.3826,0.7733,3.3205
85.3828,0.7882,3.3859
85.3830,0.7788,3.3473
85.3832,0.7463,3.2091
85.3834,0.741,3.1834
85.3836,0.7762,3.3344
85.3838,0.7519,3.2348
85.3840,0.7187,3.0905
85.3842,0.7506,3.2247
85.3844,0.7654,3.288
85.3846,0.7631,3.2828
85.3848,0.6709,2.8902
85.3850,0.5879,2.5362
85.3852,0.5238,2.2605
85.3854,0.4632,2.0029
85.3856,0.3827,1.6542
85.3858,0.3889,1.6799
85.3860,0.3769,1.6281
85.3862,0.3728,1.6105
85.3864,0.374,1.6164
85.3866,0.3722,1.6086
85.3868,0.3742,1.6174
85.3870,0.371,1.6019
85.3872,0.3685,1.5918
85.3874,0.372,1.6053
85.3876,0.3727,1.6092
85.3878,0.3728,1.6105
85.3880,0.3847,1.6594
85.3882,0.4459,1.922
85.3884,0.5074,2.1881
85.3886,0.52,2.2414
85.3888,0.4961,2.138
85.3890,0.5037,2.1691
85.3892,0.5542,2.3898
85.3894,0.5016,2.1618
85.3896,0.4857,2.0926
85.3898,0.4982,2.1483
85.3900,0.5367,2.3132
85.3902,0.5765,2.4813
85.3904,0.6326,2.7165
85.3906,0.7152,3.0756
85.3908,0.6555,2.8253
85.3910,0.6031,2.5935
85.3912,0.6616,2.8477
85.3914,0.6162,2.6497
85.3916,0.6335,2.7265
85.3918,0.6537,2.8137
85.3920,0.6857,2.9501
85.3922,0.6775,2.9118
85.3924,0.6834,2.9384
85.3926,0.724,3.1074
85.3928,0.8393,3.5975
85.3930,0.9079,3.895
85.3932,0.8457,3.6315
85.3934,0.8393,3.6008
85.3936,0.8739,3.7472
85.3938,0.9145,3.9197
85.3940,0.9036,3.8747
85.3942,0.8959,3.8436
85.3944,0.874,3.746
85.3946,0.888,3.8097
85.3948,0.8926,3.831
85.3950,0.891,3.8207
85.3952,0.8802,3.7709
85.3954,0.9264,3.9743
85.3956,0.8711,3.7354
85.3958,0.9027,3.8706
85.3960,0.8998,3.8619
85.3962,0.8635,3.7042
85.3964,0.8941,3.8395
85.3966,0.8487,3.6426
85.3968,0.8625,3.6984
85.3970,0.8368,3.595
85.3972,0.8087,3.4756
85.3974,0.7554,3.2438
85.3976,0.7501,3.2316
85.3978,0.6634,2.8595
85.3980,0.6365,2.7406
85.3982,0.6764,2.9085
85.3984,0.7191,3.0934
85.3986,0.6998,3.0076
85.3988,0.7052,3.0294
85.3990,0.8013,3.4409
85.3992,0.7751,3.3328
85.3994,0.7628,3.2802
85.3996,0.7711,3.3142
85.3998,0.7993,3.4337
85.4000,0.7879,3.3911
85.4002,0.7013,3.0185
85.4004,0.6733,2.8964
85.4006,0.6994,3.0046
85.4008,0.7662,3.2931
85.4010,0.7838,3.3688
85.4012,0.8456,3.6292
85.4014,0.8421,3.6159
85.4016,0.8317,3.5712
85.4018,0.8556,3.6741
85.4020,0.8577,3.6777
85.4022,0.8923,3.8352
85.4024,0.8387,3.6049
85.4026,0.847,3.6354
85.4028,0.8525,3.6624
85.4030,0.7854,3.3756
85.4032,0.7734,3.3225
85.4034,0.8283,3.5551
85.4036,0.8267,3.5517
85.4038,0.7379,3.1774
85.4040,0.6838,2.9445
85.4042,0.6856,2.9509
85.4044,0.6471,2.7865
85.4046,0.6302,2.7112
85.4048,0.6299,2.7134
85.4050,0.592,2.5526
85.4052,0.5922,2.5512
85.4054,0.595,2.5619
85.4056,0.6095,2.6293
85.4058,0.6005,2.5881
85.4060,0.6218,2.6739
85.4062,0.7272,3.1285
85.4064,0.7317,3.1461
85.4066,0.7543,3.2406
85.4068,0.8166,3.5079
85.4070,0.8243,3.5447
85.4072,0.7709,3.3209
85.4074,0.6603,2.8473
85.4076,0.5857,2.5245
85.4078,0.5823,2.5107
85.4080,0.5838,2.5163
85.4082,0.6217,2.6758
85.4084,0.6323,2.7238
85.4086,0.6326,2.7241
85.4088,0.6395,2.7522
85.4090,0.6396,2.7553
85.4092,0.7229,3.1114
85.4094,0.6773,2.9166
85.4096,0.6219,2.6806
85.4098,0.6233,2.685
85.4100,0.6235,2.6836
85.4102,0.652,2.8064
85.4104,0.6067,2.6174
85.4106,0.5367,2.3142
85.4108,0.6329,2.7289
85.4110,0.5847,2.5199
85.4112,0.5052,2.1803
85.4114,0.4645,2.0058
85.4116,0.4694,2.0261
85.4118,0.4681,2.0194
85.4120,0.4639,2.0013
85.4122,0.4686,2.0234
85.4124,0.4722,2.037
85.4126,0.4676,2.0164
85.4128,0.5059,2.1834
85.4130,0.4748,2.0493
85.4132,0.4626,1.9975
85.4134,0.4547,1.9615
85.4136,0.4505,1.9452
85.4138,0.4487,1.9374
85.4140,0.4542,1.9603
85.4142,0.4534,1.9567
85.4144,0.4594,1.9844
85.4146,0.4543,1.9618
85.4148,0.4634,1.9974
85.4150,0.571,2.4541
85.4152,0.6775,2.9131
85.4154,0.7252,3.1183
85.4156,0.7005,3.0135
85.4158,0.6594,2.8379
85.4160,0.6553,2.8216
85.4162,0.6372,2.7449
85.4164,0.5673,2.4438
85.4166,0.5514,2.3767
85.4168,0.5465,2.3555
85.4170,0.5445,2.3457
85.4172,0.5493,2.3652
85.4174,0.5516,2.3783
85.4176,0.5501,2.3732
85.4178,0.5421,2.3364
85.4180,0.5439,2.3431
85.4182,0.5499,2.37
85.4184,0.5755,2.4806
85.4186,0.5495,2.3673
85.4188,0.5318,2.293
85.4190,0.5329,2.2966
85.4192,0.5724,2.4637
85.4194,0.6783,2.9208
85.4196,0.6219,2.6781
85.4198,0.5818,2.5063
85.4200,0.5794,2.4971
85.4202,0.6041,2.6
85.4204,0.5959,2.5637
85.4206,0.6231,2.682
85.4208,0.6453,2.7749
85.4210,0.6958,2.9892
85.4212,0.7562,3.2488
85.4214,0.7995,3.438
85.4216,0.7353,3.1601
85.4218,0.7413,3.1874
85.4220,0.6951,2.9917
85.4222,0.6902,2.965
85.4224,0.7379,3.1729
85.4226,0.7365,3.1697
85.4228,0.6652,2.8618
85.4230,0.6387,2.7504
85.4232,0.586,2.5232
85.4234,0.5916,2.5475
85.4236,0.6127,2.6359
85.4238,0.6495,2.793
85.4240,0.6616,2.8424
85.4242,0.754,3.2375
85.4244,0.8341,3.5814
85.4246,0.8484,3.6415
85.4248,0.8331,3.5757
85.4250,0.8317,3.5678
85.4252,0.8487,3.6443
85.4254,0.8419,3.6099
85.4256,0.877,3.764
85.4258,0.7995,3.438
85.4260,0.7662,3.2946
85.4262,0.8068,3.4613
85.4264,0.8935,3.8332
85.4266,0.9097,3.9009
85.4268,0.9349,4.007
85.4270,0.9132,3.9194
85.4272,0.8397,3.6073
85.4274,0.8023,3.445
85.4276,0.7661,3.2941
85.4278,0.8261,3.5442
85.4280,0.9067,3.8898
85.4282,0.8374,3.5992
85.4284,0.7873,3.3838
85.4286,0.7788,3.3456
85.4288,0.7959,3.4177
85.4290,0.8564,3.6789
85.4292,0.821,3.5286
85.4294,0.8808,3.7858
85.4296,0.7917,3.4029
85.4298,0.7682,3.3034
85.4300,0.7718,3.3204
85.4302,0.7562,3.2518
85.4304,0.7176,3.0887
85.4306,0.6725,2.896
85.4308,0.6862,2.9535
85.4310,0.6902,2.9677
85.4312,0.6892,2.9622
85.4314,0.7263,3.1229
85.4316,0.7043,3.0286
85.4318,0.7127,3.0661
85.4320,0.6892,2.9678
85.4322,0.7026,3.0242
85.4324,0.7024,3.0203
85.4326,0.7008,3.0178
85.4328,0.6543,2.8162
85.4330,0.662,2.8479
85.4332,0.7,3.01
85.4334,0.7542,3.2446
85.4336,0.7425,3.1955
85.4338,0.7156,3.0756
85.4340,0.7255,3.1242
85.4342,0.6384,2.7514
85.4344,0.6416,2.7615
85.4346,0.6793,2.9195
85.4348,0.7119,3.0639
85.4350,0.6743,2.9024
85.4352,0.7192,3.0954
85.4354,0.6859,2.9533
85.4356,0.6112,2.6353
85.4358,0.5666,2.4418
85.4360,0.5883,2.5342
85.4362,0.5664,2.4425
85.4364,0.5625,2.4243
85.4366,0.5734,2.469
85.4368,0.5711,2.4626
85.4370,0.5679,2.4498
85.4372,0.5874,2.5306
85.4374,0.6535,2.8126
85.4376,0.6602,2.8428
85.4378,0.6561,2.8239
85.4380,0.6413,2.7612
85.4382,0.6017,2.5908
85.4384,0.6011,2.5931
85.4386,0.5608,2.417
85.4388,0.5706,2.4583
85.4390,0.5806,2.5023
85.4392,0.5843,2.5195
85.4394,0.6127,2.6371
85.4396,0.648,2.7914
85.4398,0.6203,2.6696
85.4400,0.6457,2.7829
85.4402,0.5442,2.3468
85.4404,0.507,2.187
85.4406,0.5243,2.2599
85.4408,0.6121,2.6345
85.4410,0.6532,2.8116
85.4412,0.6506,2.8015
85.4414,0.6583,2.8345
85.4416,0.6565,2.8215
85.4418,0.7098,3.0509
85.4420,0.7651,3.29
85.4422,0.7559,3.2503
85.4424,0.7368,3.1698
85.4426,0.6661,2.8694
85.4428,0.6584,2.8337
85.4430,0.6853,2.9439
85.4432,0.7536,3.236
85.4434,0.7609,3.2735
85.4436,0.7285,3.1356
85.4438,0.7203,3.0986
85.4440,0.7275,3.1266
85.4442,0.7295,3.1369
85.4444,0.7405,3.1873
85.4446,0.6784,2.9226
85.4448,0.6466,2.7819
85.4450,0.6781,2.917
85.4452,0.6735,2.9042
85.4454,0.5817,2.5081
85.4456,0.5618,2.4212
85.4458,0.5373,2.3179
85.4460,0.5363,2.3137
85.4462,0.5466,2.3506
85.4464,0.6729,2.9002
85.4466,0.5652,2.4395
85.4468,0.5273,2.2728
85.4470,0.5288,2.2812
85.4472,0.526,2.2693
85.4474,0.5229,2.2548
85.4476,0.5237,2.2563
85.4478,0.5454,2.3487
85.4480,0.5826,2.5099
85.4482,0.6098,2.6247
85.4484,0.6584,2.8351
85.4486,0.6604,2.8399
85.4488,0.682,2.9354
85.4490,0.568,2.4492
85.4492,0.5296,2.2827
85.4494,0.5901,2.5419
85.4496,0.5707,2.4599
85.4498,0.5542,2.3886
85.4500,0.5573,2.402
85.4502,0.5823,2.506
85.4504,0.6377,2.7508
85.4506,0.505,2.1818
85.4508,0.449,1.9381
85.4510,0.4403,1.8994
85.4512,0.4355,1.8796
85.4514,0.4246,1.8333
85.4516,0.4379,1.8891
85.4518,0.4929,2.1265
85.4520,0.5022,2.1653
85.4522,0.4941,2.1336
85.4524,0.492,2.1214
85.4526,0.523,2.2553
85.4528,0.5054,2.1793
85.4530,0.4994,2.1534
85.4532,0.5379,2.3151
85.4534,0.5693,2.4537
85.4536,0.523,2.2553
85.4538,0.5321,2.2935
85.4540,0.5851,2.5208
85.4542,0.5879,2.5326
85.4544,0.5206,2.2449
85.4546,0.4861,2.096
85.4548,0.4896,2.1101
85.4550,0.495,2.1323
85.4552,0.5017,2.1633
85.4554,0.492,2.1214
85.4556,0.5389,2.3225
85.4558,0.5683,2.4473
85.4560,0.5874,2.5247
85.4562,0.6764,2.9071
85.4564,0.7745,3.324
85.4566,0.7926,3.4096
85.4568,0.6222,2.6791
85.4570,0.5547,2.3896
85.4572,0.5867,2.5298
85.4574,0.5589,2.4076
85.4576,0.5567,2.395
85.4578,0.652,2.8051
85.4580,0.6721,2.8912
85.4582,0.6695,2.875
85.4584,0.7169,3.0842
85.4586,0.6807,2.9297
85.4588,0.7112,3.0494
85.4590,0.8601,3.6932
85.4592,0.8353,3.5799
85.4594,0.9067,3.888
85.4596,0.9287,3.9747
85.4598,0.9518,4.0832
85.4600,0.8878,3.8032
85.4602,0.9843,4.2167
85.4604,0.9663,4.1397
85.4606,1.0323,4.4181
85.4608,1.0295,4.4042
85.4610,1.0512,4.495
85.4612,1.0564,4.5233
85.4614,1.049,4.4899
85.4616,1.0561,4.5181
85.4618,1.0377,4.4515
85.4620,0.9982,4.2783
85.4622,1.0763,4.6021
85.4624,1.1118,4.7561
85.4626,1.0731,4.6017
85.4628,0.9502,4.0766
85.4630,0.9407,4.0335
85.4632,0.9261,3.9732
85.4634,0.9094,3.8993
85.4636,0.9489,4.069
85.4638,0.9371,4.0144
85.4640,0.9832,4.2101
85.4642,1.0116,4.342
85.4644,0.9383,4.027
85.4646,0.8182,3.5184
85.4648,0.7222,3.1097
85.4650,0.6959,2.9967
85.4652,0.7261,3.1239
85.4654,0.7086,3.0486
85.4656,0.6914,2.9729
85.4658,0.7205,3.0967
85.4660,0.7608,3.2684
85.4662,0.7764,3.3385
85.4664,0.8127,3.4931
85.4666,0.8487,3.646
85.4668,0.8948,3.8353
85.4670,0.8818,3.7952
85.4672,0.723,3.1119
85.4674,0.7006,3.014
85.4676,0.7478,3.2128
85.4678,0.7787,3.3467
85.4680,0.7727,3.324
85.4682,0.7618,3.2786
85.4684,0.7446,3.2063
85.4686,0.6267,2.6975
85.4688,0.6517,2.8088
85.4690,0.627,2.7023
85.4692,0.6187,2.6654
85.4694,0.6181,2.6641
85.4696,0.6434,2.7679
85.4698,0.7379,3.1759
85.4700,0.7036,3.0269
85.4702,0.7339,3.1574
85.4704,0.7305,3.1439
85.4706,0.6795,2.9273
85.4708,0.6689,2.8805
85.4710,0.6711,2.8911
85.4712,0.6699,2.886
85.4714,0.6711,2.8911
85.4716,0.6763,2.9106
85.4718,0.6517,2.8088
85.4720,0.6408,2.7579
85.4722,0.6915,2.972
85.4724,0.7431,3.1936
85.4726,0.7634,3.2843
85.4728,0.6925,2.9817
85.4730,0.7183,3.0875
85.4732,0.791,3.4045
85.4734,0.7272,3.1285
85.4736,0.6948,2.992
85.4738,0.6384,2.7501
85.4740,0.6204,2.6739
85.4742,0.611,2.6336
85.4744,0.6126,2.6391
85.4746,0.6183,2.6651
85.4748,0.6229,2.6847
85.4750,0.6296,2.7124
85.4752,0.6335,2.7302
85.4754,0.6206,2.6737
85.4756,0.6169,2.6564
85.4758,0.6245,2.6889
85.4760,0.6396,2.7566
85.4762,0.6306,2.7165
85.4764,0.6915,2.9748
85.4766,0.6588,2.8379
85.4768,0.641,2.7602
85.4770,0.5891,2.5425
85.4772,0.5029,2.1714
85.4774,0.4526,1.9536
85.4776,0.4496,1.9425
85.4778,0.4588,1.9818
85.4780,0.4579,1.9755
85.4782,0.4862,2.0985
85.4784,0.4426,1.9119
85.4786,0.45,1.9422
85.4788,0.4844,2.0898
85.4790,0.5173,2.2336
85.4792,0.4695,2.0275
85.4794,0.4537,1.9573
85.4796,0.4566,1.9698
85.4798,0.5064,2.1824
85.4800,0.5941,2.5595
85.4802,0.5438,2.3436
85.4804,0.523,2.2553
85.4806,0.5837,2.5134
85.4808,0.6163,2.6501
85.4810,0.6656,2.862
85.4812,0.7359,3.1642
85.4814,0.7577,3.255
85.4816,0.8184,3.5189
85.4818,0.8023,3.4466
85.4820,0.8131,3.4897
85.4822,0.8591,3.6891
85.4824,0.8791,3.7698
85.4826,0.8806,3.7812
85.4828,0.7626,3.2746
85.4830,0.7742,3.3307
85.4832,0.7251,3.1236
85.4834,0.6794,2.9213
85.4836,0.7017,3.0172
85.4838,0.7246,3.1157
85.4840,0.712,3.0602
85.4842,0.7307,3.1464
85.4844,0.6844,2.943
85.4846,0.7609,3.2704
85.4848,0.77,3.308
85.4850,0.8182,3.5151
85.4852,0.8355,3.5893
85.4854,0.7929,3.4064
85.4856,0.7984,3.4285
85.4858,0.8367,3.5945
85.4860,0.7994,3.4422
85.4862,0.6642,2.8598
85.4864,0.6441,2.7762
85.4866,0.5615,2.4235
85.4868,0.4992,2.1534
85.4870,0.4963,2.139
85.4872,0.5718,2.4646
85.4874,0.595,2.5655
85.4876,0.5098,2.1994
85.4878,0.4916,2.1218
85.4880,0.485,2.0953
85.4882,0.4832,2.0856
85.4884,0.4807,2.0728
85.4886,0.4826,2.083
85.4888,0.4851,2.0938
85.4890,0.4879,2.1009
85.4892,0.5466,2.3593
85.4894,0.4915,2.1223
85.4896,0.4832,2.0856
85.4898,0.4911,2.1207
85.4900,0.5041,2.1726
85.4902,0.5787,2.4906
85.4904,0.6457,2.7777
85.4906,0.6541,2.8152
85.4908,0.6423,2.7672
85.4910,0.5958,2.5667
85.4912,0.6266,2.6957
85.4914,0.7115,3.0581
85.4916,0.7301,3.1409
85.4918,0.748,3.2163
85.4920,0.7399,3.1788
85.4922,0.7939,3.4058
85.4924,0.8342,3.5803
85.4926,0.7964,3.4246
85.4928,0.7781,3.3394
85.4930,0.9423,4.0388
85.4932,0.9687,4.148
85.4934,0.9719,4.1638
85.4936,0.992,4.2536
85.4938,0.9925,4.2517
85.4940,0.9947,4.2634
85.4942,0.9389,4.0296
85.4944,0.8705,3.7415
85.4946,0.7998,3.439
85.4948,0.8162,3.5096
85.4950,0.8213,3.5269
85.4952,0.8186,3.515
85.4954,0.8036,3.4507
85.4956,0.8084,3.4713
85.4958,0.8095,3.4808
85.4960,0.7661,3.2972
85.4962,0.7535,3.2355
85.4964,0.8222,3.5305
85.4966,0.7903,3.3983
85.4968,0.7835,3.3657
85.4970,0.773,3.324
85.4972,0.723,3.1119
85.4974,0.6754,2.907
85.4976,0.6789,2.9234
85.4978,0.7103,3.0572
85.4980,0.716,3.0829
85.4982,0.6712,2.8863
85.4984,0.7024,3.0231
85.4986,0.7055,3.0366
85.4988,0.7068,3.0422
85.4990,0.6859,2.9478
85.4992,0.7083,3.047
85.4994,0.7028,3.0261
85.4996,0.7047,3.0358
85.4998,0.7025,3.0251
85.5000,0.7314,3.1422
85.5002,0.7568,3.259
85.5004,0.7137,3.0688
85.5006,0.7616,3.272
85.5008,0.7703,3.3137
85.5010,0.7255,3.1227
85.5012,0.7542,3.2416
85.5014,0.7904,3.3972
85.5016,0.8074,3.4655
85.5018,0.8868,3.808
85.5020,0.8564,3.6772
85.5022,0.7844,3.3714
85.5024,0.6729,2.9029
85.5026,0.6169,2.6577
85.5028,0.7011,3.0161
85.5030,0.7217,3.1033
85.5032,0.7567,3.2524
85.5034,0.795,3.4184
85.5036,0.8035,3.4502
85.5038,0.8101,3.4817
85.5040,0.8089,3.4798
85.5042,0.7884,3.3916
85.5044,0.7855,3.3776
85.5046,0.7884,3.3884
85.5048,0.7374,3.1783
85.5050,0.627,2.701
85.5052,0.6245,2.6927
85.5054,0.5992,2.5836
85.5056,0.6212,2.6775
85.5058,0.6211,2.6745
85.5060,0.6454,2.7845
85.5062,0.592,2.5526
85.5064,0.6143,2.6463
85.5066,0.5632,2.4285
85.5068,0.5157,2.2237
85.5070,0.5833,2.5107
85.5072,0.6488,2.7963
85.5074,0.5658,2.4421
85.5076,0.5494,2.3701
85.5078,0.5552,2.3927
85.5080,0.5534,2.3872
85.5082,0.5506,2.3764
85.5084,0.5495,2.3684
85.5086,0.5528,2.3835
85.5088,0.5541,2.3892
85.5090,0.5566,2.3989
85.5092,0.5546,2.3935
85.5094,0.5516,2.3783
85.5096,0.5915,2.5458
85.5098,0.6451,2.7765
85.5100,0.668,2.8737
85.5102,0.6911,2.976
85.5104,0.6338,2.7305
85.5106,0.6139,2.6447
85.5108,0.6302,2.715
85.5110,0.5946,2.5663
85.5112,0.5335,2.3013
85.5114,0.5279,2.2765
85.5116,0.5252,2.2646
85.5118,0.5275,2.2744
85.5120,0.5283,2.2791
85.5122,0.5271,2.2739
85.5124,0.5255,2.2661
85.5126,0.5257,2.2677
85.5128,0.5342,2.3023
85.5130,0.5999,2.5843
85.5132,0.6115,2.6356
85.5134,0.5453,2.3504
85.5136,0.536,2.3111
85.5138,0.5398,2.3255
85.5140,0.5405,2.3308
85.5142,0.553,2.3834
85.5144,0.6114,2.6363
85.5146,0.5451,2.3493
85.5148,0.5676,2.4454
85.5150,0.6336,2.7256
85.5152,0.6793,2.9208
85.5154,0.654,2.8146
85.5156,0.6362,2.7408
85.5158,0.5971,2.576
85.5160,0.5324,2.2956
85.5162,0.5471,2.357
85.5164,0.6157,2.6525
85.5166,0.5825,2.5106
85.5168,0.5326,2.2977
85.5170,0.5438,2.3426
85.5172,0.5723,2.4678
85.5174,0.5422,2.338
85.5176,0.5465,2.3533
85.5178,0.57,2.4602
85.5180,0.5317,2.2946
85.5182,0.4778,2.0594
85.5184,0.4856,2.094
85.5186,0.4897,2.1115
85.5188,0.5054,2.1803
85.5190,0.5022,2.1643
85.5192,0.5127,2.2129
85.5194,0.4751,2.0485
85.5196,0.5097,2.1959
85.5198,0.5884,2.5371
85.5200,0.5843,2.5183
85.5202,0.5526,2.3797
85.5204,0.5724,2.4614
85.5206,0.6625,2.8486
85.5208,0.6999,3.0123
85.5210,0.6941,2.9875
85.5212,0.6893,2.9655
85.5214,0.6213,2.678
85.5216,0.5169,2.2299
85.5218,0.5195,2.2403
85.5220,0.5458,2.3513
85.5222,0.5793,2.4908
85.5224,0.6405,2.7556
85.5226,0.7333,3.1519
85.5228,0.7649,3.2874
85.5230,0.7565,3.2529
85.5232,0.6808,2.9275
85.5234,0.6935,2.9822
85.5236,0.686,2.9511
85.5238,0.6373,2.7416
85.5240,0.6919,2.9777
85.5242,0.6564,2.8237
85.5244,0.7098,3.0523
85.5246,0.7638,3.2797
85.5248,0.8014,3.4446
85.5250,0.7781,3.3441
85.5252,0.7952,3.4114
85.5254,0.835,3.5822
85.5256,0.8395,3.5979
85.5258,0.9248,3.962
85.5260,0.8879,3.8162
85.5262,0.7998,3.4342
85.5264,0.8582,3.6815
85.5266,0.9025,3.8682
85.5268,0.9032,3.8731
85.5270,0.9073,3.8906
85.5272,0.8905,3.8186
85.5274,0.8929,3.8271
85.5276,0.9112,3.9089
85.5278,0.9441,4.0522
85.5280,0.8823,3.7867
85.5282,0.8681,3.7242
85.5284,0.8978,3.8518
85.5286,0.8934,3.8399
85.5288,0.8072,3.4645
85.5290,0.8431,3.6167
85.5292,0.8988,3.8595
85.5294,0.8757,3.7584
85.5296,0.8588,3.6875
85.5298,0.8254,3.5477
85.5300,0.8224,3.5364
85.5302,0.7439,3.2002
85.5304,0.7393,3.1747
85.5306,0.852,3.6621
85.5308,0.8311,3.5669
85.5310,0.8544,3.6656
85.5312,0.9158,3.9308
85.5314,0.87,3.7359
85.5316,0.8498,3.654
85.5318,0.7842,3.372
85.5320,0.7403,3.1847
85.5322,0.7091,3.0506
85.5324,0.7203,3.1029
85.5326,0.6791,2.9203
85.5328,0.7615,3.273
85.5330,0.7692,3.306
85.5332,0.8006,3.4394
85.5334,0.8124,3.4899
85.5336,0.7452,3.2059
85.5338,0.7199,3.097
85.5340,0.7657,3.2926
85.5342,0.7625,3.2786
85.5344,0.7339,3.1559
85.5346,0.6925,2.9803
85.5348,0.7249,3.1173
85.5350,0.733,3.1547
85.5352,0.652,2.8103
85.5354,0.6026,2.5974
85.5356,0.5987,2.5791
85.5358,0.6439,2.7726
85.5360,0.6219,2.6793
85.5362,0.6523,2.8048
85.5364,0.7354,3.1695
85.5366,0.5805,2.5018
85.5368,0.5761,2.4786
85.5370,0.6989,3.0068
85.5372,0.7313,3.1475
85.5374,0.7194,3.0935
85.5376,0.7005,3.0149
85.5378,0.6962,2.9935
85.5380,0.7425,3.1925
85.5382,0.7068,3.0394
85.5384,0.706,3.0386
85.5386,0.7463,3.2075
85.5388,0.8451,3.6237
85.5390,0.9134,3.9168
85.5392,0.9131,3.9207
85.5394,0.8649,3.7241
85.5396,0.6657,2.8666
85.5398,0.6284,2.706
85.5400,0.6598,2.8399
85.5402,0.651,2.8031
85.5404,0.6937,2.9841
85.5406,0.7273,3.1261
85.5408,0.7415,3.1914
85.5410,0.7429,3.1976
85.5412,0.7685,3.2998
85.5414,0.8692,3.7306
85.5416,0.8741,3.7552
85.5418,0.8648,3.7115
85.5420,0.8319,3.5772
85.5422,0.7632,3.2848
85.5424,0.7387,3.1766
85.5426,0.7404,3.1823
85.5428,0.7588,3.2611
85.5430,0.8012,3.4468
85.5432,0.7835,3.372
85.5434,0.738,3.1764
85.5436,0.7056,3.0399
85.5438,0.6282,2.705
85.5440,0.65,2.7989
85.5442,0.6963,2.9968
85.5444,0.6885,2.966
85.5446,0.6112,2.6341
85.5448,0.6085,2.6227
85.5450,0.632,2.724
85.5452,0.6183,2.6688
85.5454,0.5175,2.2325
85.5456,0.5433,2.3437
85.5458,0.5134,2.2149
85.5460,0.4812,2.0777
85.5462,0.47,2.0286
85.5464,0.4723,2.0385
85.5466,0.4717,2.0378
85.5468,0.4993,2.1549
85.5470,0.5506,2.3753
85.5472,0.4848,2.0913
85.5474,0.5535,2.3855
85.5476,0.6179,2.663
85.5478,0.5627,2.4253
85.5480,0.5501,2.371
85.5482,0.5867,2.5287
85.5484,0.6336,2.7269
85.5486,0.6741,2.9
85.5488,0.6763,2.912
85.5490,0.6501,2.7981
85.5492,0.6553,2.8216
85.5494,0.6076,2.6186
85.5496,0.5576,2.4031
85.5498,0.5536,2.3871
85.5500,0.5576,2.4053
85.5502,0.5559,2.3981
85.5504,0.5429,2.3422
85.5506,0.532,2.2941
85.5508,0.5778,2.4869
85.5510,0.6288,2.7088
85.5512,0.5938,2.5568
85.5514,0.6337,2.7236
85.5516,0.6835,2.9402
85.5518,0.6638,2.861
85.5520,0.6031,2.597
85.5522,0.6068,2.613
85.5524,0.638,2.7486
85.5526,0.6052,2.6058
85.5528,0.6006,2.5838
85.5530,0.6592,2.8374
85.5532,0.6499,2.8023
85.5534,0.6002,2.5847
85.5536,0.6148,2.6496
85.5538,0.6082,2.6236
85.5540,0.5218,2.2522
85.5542,0.5217,2.2475
85.5544,0.5898,2.5421
85.5546,0.5056,2.1813
85.5548,0.4787,2.0669
85.5550,0.4807,2.0747
85.5552,0.4813,2.0782
85.5554,0.4664,2.0112
85.5556,0.4845,2.0913
85.5558,0.4614,1.9905
85.5560,0.4706,2.0312
85.5562,0.473,2.0397
85.5564,0.4686,2.0206
85.5566,0.4753,2.0505
85.5568,0.4812,2.0748
85.5570,0.5092,2.1968
85.5572,0.5361,2.3095
85.5574,0.5988,2.5808
85.5576,0.5713,2.4625
85.5578,0.5766,2.4829
85.5580,0.6234,2.6818
85.5582,0.7182,3.0884
85.5584,0.7194,3.0907
85.5586,0.7474,3.2167
85.5588,0.7236,3.1087
85.5590,0.7958,3.4172
85.5592,0.8261,3.5475
85.5594,0.744,3.1948
85.5596,0.7999,3.4299
85.5598,0.865,3.7126
85.5600,0.8803,3.7784
85.5602,0.8974,3.8497
85.5604,0.8414,3.6129
85.5606,0.8432,3.6206
85.5608,0.8402,3.6043
85.5610,0.8288,3.5538
85.5612,0.914,3.9194
85.5614,0.9395,4.0227
85.5616,0.9859,4.2195
85.5618,1.0366,4.4366
85.5620,0.9902,4.2419
85.5622,1.0254,4.3909
85.5624,0.9749,4.1845
85.5626,0.9055,3.8847
85.5628,0.9166,3.9283
85.5630,0.9155,3.9292
85.5632,0.9114,3.9117
85.5634,0.9191,3.9428
85.5636,0.8865,3.8064
85.5638,0.7588,3.2672
85.5640,0.7285,3.1313
85.5642,0.7836,3.3694
85.5644,0.7878,3.3874
85.5646,0.7765,3.3359
85.5648,0.7989,3.4322
85.5650,0.8577,3.6846
85.5652,0.8228,3.538
85.5654,0.6903,2.9696
85.5656,0.7092,3.0483
85.5658,0.6976,3.0025
85.5660,0.7134,3.0735
85.5662,0.6921,2.9774
85.5664,0.6847,2.9495
85.5666,0.6737,2.8971
85.5668,0.7363,3.1692
85.5670,0.6747,2.9039
85.5672,0.6749,2.9023
85.5674,0.7295,3.1354
85.5676,0.7325,3.1541
85.5678,0.6061,2.6136
85.5680,0.567,2.4473
85.5682,0.588,2.5332
85.5684,0.6427,2.7661
85.5686,0.677,2.9124
85.5688,0.7059,3.0409
85.5690,0.6355,2.7339
85.5692,0.6715,2.8873
85.5694,0.7342,3.1599
85.5696,0.7549,3.2477
85.5698,0.7359,3.1671
85.5700,0.66,2.8471
85.5702,0.5767,2.4858
85.5704,0.6174,2.661
85.5706,0.5747,2.477
85.5708,0.5707,2.4599
85.5710,0.5567,2.3995
85.5712,0.5636,2.4312
85.5714,0.5712,2.462
85.5716,0.6393,2.753
85.5718,0.6234,2.688
85.5720,0.5324,2.2956
85.5722,0.5341,2.305
85.5724,0.4879,2.1048
85.5726,0.5303,2.2826
85.5728,0.7,3.01
85.5730,0.7608,3.2729
85.5732,0.6624,2.8534
85.5734,0.6119,2.6384
85.5736,0.5753,2.4784
85.5738,0.5441,2.3463
85.5740,0.5414,2.3355
85.5742,0.5401,2.3287
85.5744,0.5371,2.3158
85.5746,0.5426,2.3406
85.5748,0.5493,2.3696
85.5750,0.5492,2.3669
85.5752,0.538,2.3199
85.5754,0.5379,2.3205
85.5756,0.5293,2.2822
85.5758,0.5257,2.2656
85.5760,0.591,2.5437
85.5762,0.696,3.0014
85.5764,0.5699,2.4563
85.5766,0.5314,2.2925
85.5768,0.5296,2.2848
85.5770,0.5222,2.2517
85.5772,0.5205,2.2444
85.5774,0.524,2.2594
85.5776,0.5395,2.325
85.5778,0.5535,2.3866
85.5780,0.5158,2.2232
85.5782,0.5253,2.2651
85.5784,0.5405,2.3308
85.5786,0.5235,2.2563
85.5788,0.5134,2.216
85.5790,0.5098,2.1984
85.5792,0.5225,2.2522
85.5794,0.5242,2.2615
85.5796,0.5579,2.4057
85.5798,0.5474,2.357
85.5800,0.585,2.5179
85.5802,0.6715,2.8873
85.5804,0.7271,3.1265
85.5806,0.6771,2.9115
85.5808,0.6638,2.8517
85.5810,0.7085,3.0452
85.5812,0.766,3.2905
85.5814,0.8299,3.5634
85.5816,0.7809,3.358
85.5818,0.7741,3.3271
85.5820,0.6981,3.0032
85.5822,0.6664,2.8657
85.5824,0.7306,3.143
85.5826,0.733,3.1503
85.5828,0.7204,3.0991
85.5830,0.7211,3.1008
85.5832,0.7413,3.1844
85.5834,0.7589,3.2632
85.5836,0.7398,3.1797
85.5838,0.7127,3.0618
85.5840,0.7281,3.1292
85.5842,0.726,3.1219
85.5844,0.6929,2.9796
85.5846,0.7199,3.097
85.5848,0.7239,3.1141
85.5850,0.738,3.169
85.5852,0.7494,3.2254
85.5854,0.6145,2.6473
85.5856,0.6324,2.7205
85.5858,0.6964,2.9946
85.5860,0.7397,3.1807
85.5862,0.6808,2.9316
85.5864,0.6656,2.8647
85.5866,0.6642,2.8572
85.5868,0.6392,2.7563
85.5870,0.5922,2.5512
85.5872,0.5907,2.5433
85.5874,0.5746,2.4776
85.5876,0.5077,2.1911
85.5878,0.5115,2.2036
85.5880,0.6241,2.6874
85.5882,0.6287,2.7083
85.5884,0.5758,2.4828
85.5886,0.5656,2.4388
85.5888,0.492,2.1214
85.5890,0.477,2.0558
85.5892,0.5457,2.3519
85.5894,0.561,2.4214
85.5896,0.503,2.1689
85.5898,0.4887,2.1084
85.5900,0.5073,2.1876
85.5902,0.549,2.3642
85.5904,0.5898,2.5397
85.5906,0.564,2.4276
85.5908,0.5562,2.3963
85.5910,0.6442,2.7703
85.5912,0.7032,3.0225
85.5914,0.7475,3.2127
85.5916,0.7725,3.3173
85.5918,0.7928,3.4043
85.5920,0.7379,3.1774
85.5922,0.6579,2.8225
85.5924,0.8332,3.5728
85.5926,0.9024,3.8641
85.5928,0.9389,4.0145
85.5930,1.0369,4.4381
85.5932,1.0476,4.4838
85.5934,1.0363,4.4355
85.5936,1.021,4.3719
85.5938,1.015,4.3421
85.5940,1.0712,4.5913
85.5942,0.9929,4.2577
85.5944,0.9218,3.951
85.5946,0.9504,4.0733
85.5948,0.9206,3.9532
85.5950,0.8392,3.6036
85.5952,0.8318,3.5733
85.5954,0.832,3.5744
85.5956,0.8704,3.7392
85.5958,0.8543,3.6719
85.5960,0.7959,3.4177
85.5962,0.8331,3.579
85.5964,0.8303,3.5721
85.5966,0.6812,2.9359
85.5968,0.6124,2.6343
85.5970,0.7501,3.227
85.5972,0.7287,3.1347
85.5974,0.7058,3.0362
85.5976,0.7386,3.1746
85.5978,0.7769,3.3343
85.5980,0.8699,3.7302
85.5982,0.8555,3.6736
85.5984,0.7903,3.3967
85.5986,0.7522,3.2313
85.5988,0.7788,3.3488
85.5990,0.7425,3.1985
85.5992,0.7247,3.1148
85.5994,0.8052,3.4541
85.5996,0.897,3.85
85.5998,0.871,3.74
85.6000,0.8447,3.6239
85.6002,0.8514,3.6595
85.6004,0.7681,3.3044
85.6006,0.748,3.2207
85.6008,0.7417,3.1909
85.6010,0.7974,3.4271
85.6012,0.7875,3.3833
85.6014,0.8074,3.4671
85.6016,0.8102,3.4838
85.6018,0.7901,3.3956
85.6020,0.7814,3.3585
85.6022,0.7695,3.3106
85.6024,0.7868,3.3817
85.6026,0.8108,3.4799
85.6028,0.8558,3.6729
85.6030,0.8574,3.6767
85.6032,0.9168,3.9404
85.6034,0.8495,3.6462
85.6036,0.8746,3.7555
85.6038,0.8788,3.7735
85.6040,0.8584,3.6911
85.6042,0.8164,3.5058
85.6044,0.8233,3.5351
85.6046,0.9326,4.0028
85.6048,0.9314,3.9939
85.6050,0.9356,4.0101
85.6052,0.9567,4.1082
85.6054,0.9096,3.9058
85.6056,0.9048,3.8852
85.6058,0.9167,3.9307
85.6060,1.0432,4.471
85.6062,1.0836,4.6377
85.6064,1.0879,4.6627
85.6066,1.0104,4.3328
85.6068,0.946,4.0642
85.6070,0.8757,3.7601
85.6072,0.9213,3.9544
85.6074,0.9696,4.1613
85.6076,0.9309,4.0031
85.6078,0.8265,3.5523
85.6080,0.7717,3.3261
85.6082,0.7257,3.1276
85.6084,0.7218,3.1067
85.6086,0.7512,3.2332
85.6088,0.7272,3.1343
85.6090,0.6494,2.7963
85.6092,0.7119,3.0625
85.6094,0.7369,3.1762
85.6096,0.6189,2.6689
85.6098,0.6066,2.6157
85.6100,0.5914,2.55
85.6102,0.6133,2.6483
85.6104,0.539,2.3273
85.6106,0.5601,2.4139
85.6108,0.5845,2.5205
85.6110,0.5802,2.5007
85.6112,0.5743,2.4766
85.6114,0.5976,2.5793
85.6116,0.5801,2.5026
85.6118,0.5754,2.4812
85.6120,0.5871,2.5302
85.6122,0.5927,2.5569
85.6124,0.6052,2.6046
85.6126,0.6986,3.0024
85.6128,0.796,3.4214
85.6130,0.7452,3.2059
85.6132,0.7767,3.34
85.6134,0.8488,3.6465
85.6136,0.8205,3.5233
85.6138,0.8895,3.8229
85.6140,0.8755,3.7631
85.6142,0.7642,3.2828
85.6144,0.824,3.5398
85.6146,0.8173,3.5143
85.6148,0.8288,3.5621
85.6150,0.8529,3.6657
85.6152,0.8547,3.6717
85.6154,0.8675,3.7286
85.6156,0.8417,3.6211
85.6158,0.8136,3.4934
85.6160,0.8283,3.5634
85.6162,0.7881,3.3921
85.6164,0.7733,3.3281
85.6166,0.7627,3.2797
85.6168,0.747,3.2196
85.6170,0.6643,2.8604
85.6172,0.7338,3.1539
85.6174,0.8114,3.489
85.6176,0.7586,3.2682
85.6178,0.7022,3.0221
85.6180,0.7448,3.2029
85.6182,0.7516,3.2362
85.6184,0.6612,2.8535
85.6186,0.6006,2.5874
85.6188,0.6877,2.9569
85.6190,0.757,3.2564
85.6192,0.7668,3.2926
85.6194,0.803,3.4577
85.6196,0.7613,3.2765
85.6198,0.7728,3.3261
85.6200,0.7419,3.1944
85.6202,0.7062,3.0411
85.6204,0.7037,3.0302
85.6206,0.7235,3.1111
85.6208,0.7459,3.209
85.6210,0.7263,3.1273
85.6212,0.7193,3.0973
85.6214,0.7112,3.0651
85.6216,0.6982,3.0065
85.6218,0.6887,2.9643
85.6220,0.72,3.099
85.6222,0.7691,3.3055
85.6224,0.8311,3.5702
85.6226,0.848,3.6429
85.6228,0.8577,3.6863
85.6230,0.8839,3.7992
85.6232,0.8975,3.8502
85.6234,0.8966,3.8502
85.6236,0.8964,3.8546
85.6238,0.8186,3.5167
85.6240,0.8339,3.5776
85.6242,0.913,3.9166
85.6244,0.979,4.2
85.6246,0.9969,4.2767
85.6248,0.9636,4.1298
85.6250,0.9919,4.2511
85.6252,0.9963,4.2741
85.6254,0.9522,4.0848
85.6256,0.9458,4.0594
85.6258,0.958,4.1119
85.6260,1.0004,4.2916
85.6262,1.0477,4.4927
85.6264,1.0231,4.3852
85.6266,1.0469,4.4849
85.6268,1.0685,4.5816
85.6270,1.0654,4.5661
85.6272,1.1067,4.7412
85.6274,1.136,4.8711
85.6276,1.0032,4.314
85.6278,0.908,3.9046
85.6280,0.9403,4.0282
85.6282,1.0547,4.5225
85.6284,1.0174,4.3626
85.6286,1.0275,4.4099
85.6288,0.9905,4.2514
85.6290,1.0161,4.363
85.6292,0.9717,4.1764
85.6294,0.8452,3.6361
85.6296,0.76,3.2724
85.6298,0.7748,3.3333
85.6300,0.8649,3.7224
85.6302,0.8462,3.6419
85.6304,0.827,3.5593
85.6306,0.8114,3.4906
85.6308,0.8193,3.5214
85.6310,0.9008,3.87
85.6312,0.9959,4.2725
85.6314,0.9476,4.069
85.6316,0.8995,3.859
85.6318,1.0396,4.4556
85.6320,1.1609,4.9687
85.6322,1.214,5.2009
85.6324,1.1058,4.7437
85.6326,1.0726,4.5991
85.6328,1.1297,4.8443
85.6330,0.9975,4.2892
85.6332,0.8499,3.6562
85.6334,0.8854,3.8071
85.6336,0.9315,4.0019
85.6338,0.9333,4.0152
85.6340,0.8976,3.8669
85.6342,0.8091,3.4824
85.6344,0.7817,3.3596
85.6346,0.8433,3.6278
85.6348,0.8224,3.5447
85.6350,0.7582,3.2677
85.6352,0.7807,3.3539
85.6354,0.868,3.7324
85.6356,0.8741,3.7587
85.6358,0.8817,3.7876
85.6360,0.9443,4.0546
85.6362,0.8861,3.812
85.6364,0.859,3.6971
85.6366,0.8438,3.635
85.6368,0.7745,3.3349
85.6370,0.7627,3.2843
85.6372,0.7735,3.3292
85.6374,0.8127,3.4947
85.6376,0.9215,3.9568
85.6378,0.9492,4.0776
85.6380,0.9405,4.0424
85.6382,0.8964,3.8599
85.6384,0.8309,3.5764
85.6386,0.8152,3.5104
85.6388,0.8186,3.5134
85.6390,0.9456,4.0584
85.6392,0.9745,4.1824
85.6394,0.9672,4.1588
85.6396,0.9371,4.0275
85.6398,0.9191,3.952
85.6400,0.8685,3.7362
85.6402,0.857,3.6849
85.6404,0.9126,3.9187
85.6406,0.9676,4.155
85.6408,0.9739,4.1818
85.6410,0.9475,4.078
85.6412,0.882,3.7945
85.6414,0.8516,3.6651
85.6416,0.7995,3.4412
85.6418,0.8564,3.6824
85.6420,0.8586,3.6939
85.6422,0.814,3.4987
85.6424,0.876,3.7704
85.6426,0.8445,3.6347
85.6428,0.8411,3.6219
85.6430,0.8366,3.604
85.6432,0.8067,3.4705
85.6434,0.8157,3.5141
85.6436,0.7399,3.1876
85.6438,0.7496,3.231
85.6440,0.7333,3.1607
85.6442,0.7011,3.0217
85.6444,0.7367,3.1796
85.6446,0.6948,2.9962
85.6448,0.7082,3.055
85.6450,0.6163,2.6625
85.6452,0.5833,2.52
85.6454,0.5809,2.505
85.6456,0.657,2.8328
85.6458,0.6518,2.8145
85.6460,0.6173,2.6617
85.6462,0.6803,2.9336
85.6464,0.7219,3.1073
85.6466,0.7848,3.3808
85.6468,0.7542,3.2521
85.6470,0.6859,2.956
85.6472,0.6781,2.9224
85.6474,0.6857,2.9555
85.6476,0.7518,3.2373
85.6478,0.8072,3.471
85.6480,0.8139,3.5031
85.6482,0.748,3.2252
85.6484,0.6779,2.9233
85.6486,0.6992,3.0064
85.6488,0.845,3.6401
85.6490,0.7507,3.2371
85.6492,0.6791,2.9271
85.6494,0.698,3.0068
85.6496,0.7348,3.1669
85.6498,0.7269,3.1299
85.6500,0.7299,3.1428
85.6502,0.7718,3.3219
85.6504,0.7403,3.1907
85.6506,0.7249,3.126
85.6508,0.7363,3.1692
85.6510,0.7817,3.3627
85.6512,0.7772,3.3483
85.6514,0.7555,3.2533
85.6516,0.7294,3.1378
85.6518,0.7381,3.1799
85.6520,0.7855,3.3808
85.6522,0.8297,3.5696
85.6524,0.8048,3.4687
85.6526,0.6668,2.8739
85.6528,0.6724,2.8995
85.6530,0.7048,3.0391
85.6532,0.6717,2.8964
85.6534,0.6462,2.7837
85.6536,0.6525,2.815
85.6538,0.6223,2.6846
85.6540,0.6705,2.8912
85.6542,0.7205,3.1068
85.6544,0.6712,2.8943
85.6546,0.6585,2.8356
85.6548,0.6759,2.9158
85.6550,0.6169,2.6626
85.6552,0.5451,2.3526
85.6554,0.538,2.3242
85.6556,0.5349,2.3097
85.6558,0.5487,2.3681
85.6560,0.551,2.3802
85.6562,0.5577,2.4081
85.6564,0.5875,2.5346
85.6566,0.6426,2.7682
85.6568,0.6631,2.8578
85.6570,0.6354,2.7372
85.6572,0.7073,3.0485
85.6574,0.752,3.2323
85.6576,0.8161,3.5091
85.6578,0.799,3.4359
85.6580,0.8565,3.6794
85.6582,0.8937,3.8338
85.6584,0.9386,4.0229
85.6586,1.002,4.2968
85.6588,0.9988,4.2829
85.6590,1.0139,4.3436
85.6592,1.0998,4.707
85.6594,1.1091,4.7493
85.6596,1.1223,4.8102
85.6598,1.1158,4.7825
85.6600,1.0859,4.6518
85.6602,1.1016,4.7235
85.6604,1.0808,4.6346
85.6606,1.1185,4.7915
85.6608,1.1023,4.7222
85.6610,1.074,4.6074
85.6612,1.0279,4.4058
85.6614,1.0254,4.397
85.6616,1.0465,4.4854
85.6618,1.1131,4.7729
85.6620,1.0873,4.6689
85.6622,0.9685,4.1625
85.6624,0.9042,3.8899
85.6626,0.8333,3.5834
85.6628,0.8312,3.5791
85.6630,0.7799,3.3534
85.6632,0.9285,3.9872
85.6634,1.0589,4.5384
85.6636,1.1167,4.7928
85.6638,1.035,4.4506
85.6640,0.9348,4.0102
85.6642,0.9409,4.0402
85.6644,0.9344,4.0217
85.6646,0.8387,3.6099
85.6648,0.8535,3.67
85.6650,0.8874,3.8159
85.6652,0.8702,3.7451
85.6654,0.7972,3.4314
85.6656,0.8205,3.5282
85.6658,0.8577,3.688
85.6660,0.835,3.5956
85.6662,0.8114,3.4955
85.6664,0.7745,3.3379
85.6666,0.6739,2.9044
85.6668,0.6458,2.7873
85.6670,0.6673,2.8773
85.6672,0.6616,2.8516
85.6674,0.7066,3.0426
85.6676,0.7512,3.2392
85.6678,0.6516,2.8174
85.6680,0.5448,2.3548
85.6682,0.5778,2.4927
85.6684,0.6257,2.6979
85.6686,0.6637,2.8591
85.6688,0.7396,3.1831
85.6690,0.8036,3.4587
85.6692,0.7291,3.1455
85.6694,0.5862,2.5371
85.6696,0.5422,2.3423
85.6698,0.576,2.4873
85.6700,0.5308,2.2942
85.6702,0.5301,2.29
85.6704,0.5314,2.2947
85.6706,0.5149,2.2242
85.6708,0.5356,2.3128
85.6710,0.5414,2.3387
85.6712,0.5715,2.471
85.6714,0.4879,2.1106
85.6716,0.4393,1.8997
85.6718,0.4442,1.9209
85.6720,0.4803,2.0712
85.6722,0.6654,2.8677
85.6724,0.6763,2.9174
85.6726,0.5655,2.444
85.6728,0.4994,2.1574
85.6730,0.4956,2.1428
85.6732,0.4921,2.1258
85.6734,0.4927,2.1274
85.6736,0.5462,2.3551
85.6738,0.5608,2.4215
85.6740,0.5007,2.1631
85.6742,0.5094,2.1984
85.6744,0.5319,2.2957
85.6746,0.4921,2.1268
85.6748,0.4872,2.1065
85.6750,0.5002,2.16
85.6752,0.5055,2.1818
85.6754,0.4987,2.1553
85.6756,0.4965,2.145
85.6758,0.4992,2.1554
85.6760,0.4984,2.1513
85.6762,0.5016,2.1647
85.6764,0.5197,2.2429
85.6766,0.5389,2.3278
85.6768,0.5012,2.1632
85.6770,0.508,2.1947
85.6772,0.4728,2.0434
85.6774,0.4809,2.0757
85.6776,0.4951,2.1368
85.6778,0.5016,2.1657
85.6780,0.4758,2.0554
85.6782,0.4674,2.0201
85.6784,0.4652,2.0079
85.6786,0.4773,2.0612
85.6788,0.4932,2.1275
85.6790,0.5078,2.1906
85.6792,0.5173,2.2284
85.6794,0.6275,2.7006
85.6796,0.6415,2.7648
85.6798,0.6139,2.6447
85.6800,0.6444,2.7772
85.6802,0.6222,2.6791
85.6804,0.635,2.7369
85.6806,0.6505,2.801
85.6808,0.648,2.7863
85.6810,0.7204,3.0977
85.6812,0.7528,3.2369
85.6814,0.8019,3.4499
85.6816,0.739,3.182
85.6818,0.6608,2.8427
85.6820,0.6793,2.9235
85.6822,0.6472,2.787
85.6824,0.6956,2.9896
85.6826,0.6697,2.8849
85.6828,0.6337,2.7338
85.6830,0.6047,2.6062
85.6832,0.6528,2.8043
85.6834,0.7505,3.2256
85.6836,0.7639,3.2894
85.6838,0.6494,2.7976
85.6840,0.6492,2.7901
85.6842,0.6892,2.9678
85.6844,0.6511,2.8036
85.6846,0.7132,3.0696
85.6848,0.7029,3.0238
85.6850,0.7094,3.0545
85.6852,0.6661,2.8668
85.6854,0.6919,2.9805
85.6856,0.6802,2.9263
85.6858,0.7114,3.0576
85.6860,0.7284,3.138
85.6862,0.6556,2.8219
85.6864,0.6873,2.9595
85.6866,0.6652,2.8685
85.6868,0.6276,2.7024
85.6870,0.6278,2.7021
85.6872,0.6976,2.9997
85.6874,0.7337,3.1564
85.6876,0.6742,2.9005
85.6878,0.6823,2.9405
85.6880,0.607,2.616
85.6882,0.586,2.5256
85.6884,0.594,2.5614
85.6886,0.5971,2.5724
85.6888,0.5974,2.5723
85.6890,0.6133,2.6409
85.6892,0.6054,2.6069
85.6894,0.6275,2.7019
85.6896,0.6564,2.8263
85.6898,0.7077,3.0444
85.6900,0.7181,3.0893
85.6902,0.6908,2.9731
85.6904,0.697,2.9971
85.6906,0.7723,3.3147
85.6908,0.8239,3.536
85.6910,0.8558,3.6763
85.6912,0.8136,3.4934
85.6914,0.8374,3.5942
85.6916,0.8312,3.5708
85.6918,0.8626,3.6954
85.6920,1.0273,4.3991
85.6922,1.0182,4.358
85.6924,1.066,4.558
85.6926,1.0969,4.6969
85.6928,1.0904,4.6692
85.6930,1.0854,4.6454
85.6932,1.0619,4.547
85.6934,1.0747,4.6105
85.6936,0.9826,4.2135
85.6938,0.9387,4.0253
85.6940,0.9904,4.2528
85.6942,0.9327,4.0071
85.6944,1.007,4.3199
85.6946,0.9446,4.0524
85.6948,0.9469,4.0584
85.6950,0.9767,4.1883
85.6952,1.005,4.3056
85.6954,1.0423,4.4633
85.6956,1.0758,4.6087
85.6958,1.1243,4.8167
85.6960,1.0408,4.4649
85.6962,0.9684,4.1523
85.6964,1.0303,4.4181
85.6966,0.9571,4.104
85.6968,0.9391,4.0306
85.6970,0.9372,4.0261
85.6972,0.9417,4.0419
85.6974,0.955,4.0952
85.6976,0.9452,4.0512
85.6978,0.9909,4.2569
85.6980,0.9561,4.0999
85.6982,0.9844,4.2212
85.6984,0.967,4.1524
85.6986,0.935,4.0131
85.6988,0.9691,4.1651
85.6990,0.9288,3.9845
85.6992,0.9913,4.2505
85.6994,1.0461,4.4855
85.6996,1.0628,4.5532
85.6998,1.0582,4.5353
85.7000,1.083,4.6417
85.7002,1.0371,4.4552
85.7004,0.8908,3.8339
85.7006,0.7957,3.4231
85.7008,0.8359,3.5925
85.7010,1.0155,4.3503
85.7012,1.0866,4.6571
85.7014,1.0706,4.5909
85.7016,1.0826,4.6423
85.7018,1.0901,4.6698
85.7020,1.1011,4.7215
85.7022,1.0484,4.4999
85.7024,0.9227,3.9675
85.7026,0.885,3.8003
85.7028,0.885,3.802
85.7030,0.9064,3.8974
85.7032,0.9252,3.9802
85.7034,0.9585,4.1101
85.7036,1.032,4.4274
85.7038,0.9916,4.262
85.7040,0.9224,3.9628
85.7042,0.9321,4.0026
85.7044,0.9818,4.2158
85.7046,0.961,4.1286
85.7048,0.9373,4.0323
85.7050,0.9181,3.9479
85.7052,0.9278,3.9878
85.7054,0.8994,3.8675
85.7056,0.8573,3.6882
85.7058,0.8351,3.5928
85.7060,0.8291,3.5703
85.7062,0.7608,3.279
85.7064,0.7526,3.2409
85.7066,0.8053,3.4675
85.7068,0.798,3.4392
85.7070,0.7511,3.2342
85.7072,0.7836,3.3741
85.7074,0.7403,3.1877
85.7076,0.7529,3.2434
85.7078,0.7106,3.0668
85.7080,0.6407,2.7663
85.7082,0.6826,2.9366
85.7084,0.7741,3.3379
85.7086,0.6384,2.7578
85.7088,0.553,2.3856
85.7090,0.5685,2.4524
85.7092,0.6002,2.5895
85.7094,0.6301,2.7195
85.7096,0.638,2.7524
85.7098,0.6291,2.7129
85.7100,0.6281,2.7107
85.7102,0.6181,2.669
85.7104,0.6315,2.7219
85.7106,0.6126,2.6403
85.7108,0.6472,2.7922
85.7110,0.6706,2.8917
85.7112,0.654,2.8186
85.7114,0.6866,2.9591
85.7116,0.7032,3.0338
85.7118,0.6145,2.651
85.7120,0.5914,2.5524
85.7122,0.5954,2.5652
85.7124,0.6695,2.8817
85.7126,0.7031,3.0319
85.7128,0.6512,2.8093
85.7130,0.6361,2.7416
85.7132,0.6959,2.9939
85.7134,0.7651,3.2946
85.7136,0.6974,3.0098
85.7138,0.6453,2.7801
85.7140,0.7335,3.1553
85.7142,0.7314,3.1495
85.7144,0.7145,3.0796
85.7146,0.6528,2.8173
85.7148,0.6261,2.6974
85.7150,0.8052,3.459
85.7152,0.8259,3.5597
85.7154,0.6385,2.7519
85.7156,0.6101,2.6306
85.7158,0.6049,2.6108
85.7160,0.6108,2.635
85.7162,0.6419,2.7664
85.7164,0.6397,2.7571
85.7166,0.6508,2.8077
85.7168,0.5966,2.5727
85.7170,0.5986,2.5798
85.7172,0.638,2.7537
85.7174,0.6176,2.6632
85.7176,0.6383,2.7534
85.7178,0.5678,2.4538
85.7180,0.5157,2.2289
85.7182,0.5186,2.2372
85.7184,0.5586,2.4077
85.7186,0.6705,2.8845
85.7188,0.7507,3.2326
85.7190,0.7137,3.0731
85.7192,0.7365,3.1712
85.7194,0.7434,3.2011
85.7196,0.7218,3.1125
85.7198,0.6404,2.7627
85.7200,0.6278,2.7072
85.7202,0.6482,2.7886
85.7204,0.7373,3.1733
85.7206,0.7126,3.067
85.7208,0.7389,3.1845
85.7210,0.6799,2.9316
85.7212,0.6775,2.9158
85.7214,0.7571,3.2585
85.7216,0.7872,3.3864
85.7218,0.7862,3.3823
85.7220,0.7649,3.2935
85.7222,0.7114,3.0547
85.7224,0.7673,3.3069
85.7226,0.6866,2.9564
85.7228,0.7547,3.2482
85.7230,0.7616,3.275
85.7232,0.8252,3.5466
85.7234,0.8523,3.6614
85.7236,0.8759,3.7646
85.7238,0.8181,3.5162
85.7240,0.8253,3.5455
85.7242,0.8504,3.6583
85.7244,0.8607,3.6992
85.7246,0.891,3.8242
85.7248,0.9391,4.0231
85.7250,1.0638,4.5509
85.7252,1.1287,4.8329
85.7254,1.077,4.6181
85.7256,1.0124,4.339
85.7258,1.0501,4.5092
85.7260,0.9301,3.992
85.7262,0.9811,4.2107
85.7264,0.9609,4.1223
85.7266,0.9965,4.2751
85.7268,1.0116,4.3379
85.7270,1.0705,4.5925
85.7272,0.9878,4.2455
85.7274,0.8784,3.7737
85.7276,0.9315,4
85.7278,0.9411,4.0431
85.7280,0.8818,3.7881
85.7282,0.9166,3.9338
85.7284,1.0263,4.3986
85.7286,1.0253,4.4047
85.7288,0.8845,3.8035
85.7290,0.8596,3.6997
85.7292,0.8178,3.5212
85.7294,0.7542,3.2461
85.7296,0.7787,3.3514
85.7298,0.7856,3.3782
85.7300,0.8408,3.617
85.7302,0.8338,3.5838
85.7304,0.868,3.7358
85.7306,0.8576,3.6875
85.7308,0.9068,3.894
85.7310,0.9622,4.1376
85.7312,0.8482,3.6524
85.7314,0.782,3.3643
85.7316,0.7464,3.2155
85.7318,0.7387,3.178
85.7320,0.8155,3.5114
85.7322,0.8289,3.5693
85.7324,0.8375,3.6031
85.7326,0.7892,3.3999
85.7328,0.7294,3.1436
85.7330,0.7074,3.0462
85.7332,0.752,3.2368
85.7334,0.7855,3.3839
85.7336,0.7209,3.1041
85.7338,0.7213,3.1105
85.7340,0.6984,3.0103
85.7342,0.7094,3.0517
85.7344,0.7331,3.1611
85.7346,0.6417,2.7697
85.7348,0.5999,2.5855
85.7350,0.6488,2.7951
85.7352,0.7303,3.1463
85.7354,0.6777,2.9263
85.7356,0.598,2.5796
85.7358,0.6022,2.5977
85.7360,0.5978,2.5803
85.7362,0.5994,2.587
85.7364,0.6405,2.7607
85.7366,0.6957,2.9956
85.7368,0.7219,3.1101
85.7370,0.7125,3.0708
85.7372,0.6892,2.9705
85.7374,0.6727,2.9005
85.7376,0.6585,2.8395
85.7378,0.6482,2.7912
85.7380,0.6433,2.7739
85.7382,0.6857,2.9542
85.7384,0.7817,3.3643
85.7386,0.8441,3.6298
85.7388,0.771,3.326
85.7390,0.6385,2.7532
85.7392,0.6942,2.988
85.7394,0.754,3.2466
85.7396,0.7339,3.1589
85.7398,0.7379,3.1774
85.7400,0.746,3.208
85.7402,0.7838,3.3751
85.7404,0.7576,3.2605
85.7406,0.8154,3.5125
85.7408,0.7447,3.2083
85.7410,0.6541,2.8217
85.7412,0.6112,2.6353
85.7414,0.6534,2.8173
85.7416,0.6638,2.8596
85.7418,0.7192,3.0968
85.7420,0.7064,3.0444
85.7422,0.7091,3.0591
85.7424,0.5956,2.5705
85.7426,0.5529,2.3851
85.7428,0.5576,2.4053
85.7430,0.6167,2.6566
85.7432,0.6825,2.9457
85.7434,0.6206,2.6737
85.7436,0.6903,2.9752
85.7438,0.6294,2.7126
85.7440,0.6317,2.7237
85.7442,0.6025,2.6041
85.7444,0.4875,2.1061
85.7446,0.4673,2.0177
85.7448,0.5258,2.2682
85.7450,0.5772,2.4913
85.7452,0.5694,2.4531
85.7454,0.6777,2.9182
85.7456,0.6733,2.9018
85.7458,0.6637,2.8591
85.7460,0.6675,2.8743
85.7462,0.6534,2.8173
85.7464,0.559,2.4137
85.7466,0.5501,2.3754
85.7468,0.5475,2.3629
85.7470,0.5448,2.3505
85.7472,0.5676,2.4476
85.7474,0.6193,2.6692
85.7476,0.6387,2.7529
85.7478,0.6454,2.7806
85.7480,0.663,2.8547
85.7482,0.6683,2.8806
85.7484,0.6583,2.8372
85.7486,0.6495,2.7982
85.7488,0.592,2.5549
85.7490,0.5493,2.3707
85.7492,0.5484,2.3649
85.7494,0.5508,2.3774
85.7496,0.5454,2.3531
85.7498,0.5397,2.3293
85.7500,0.5257,2.2688
85.7502,0.5395,2.3272
85.7504,0.5818,2.5075
85.7506,0.5915,2.5493
85.7508,0.5885,2.5376
85.7510,0.5866,2.5281
85.7512,0.5926,2.5528
85.7514,0.6273,2.7026
85.7516,0.6751,2.9055
85.7518,0.6771,2.917
85.7520,0.6715,2.8913
85.7522,0.6697,2.8823
85.7524,0.6815,2.9361
85.7526,0.6644,2.8582
85.7528,0.6489,2.7969
85.7530,0.5797,2.501
85.7532,0.4976,2.1497
85.7534,0.4879,2.1077
85.7536,0.5234,2.2568
85.7538,0.5421,2.3397
85.7540,0.4841,2.0902
85.7542,0.4838,2.0881
85.7544,0.4883,2.1063
85.7546,0.4853,2.0963
85.7548,0.4788,2.0664
85.7550,0.4809,2.0748
85.7552,0.4789,2.0679
85.7554,0.4968,2.1421
85.7556,0.5588,2.4071
85.7558,0.5911,2.549
85.7560,0.5368,2.3147
85.7562,0.5332,2.2971
85.7564,0.6095,2.6281
85.7566,0.6231,2.687
85.7568,0.5891,2.5378
85.7570,0.6094,2.6215
85.7572,0.7402,3.1768
85.7574,0.8463,3.634
85.7576,0.8437,3.6277
85.7578,0.7261,3.1195
85.7580,0.707,3.0399
85.7582,0.7505,3.2301
85.7584,0.7004,3.0186
85.7586,0.6932,2.9765
85.7588,0.8158,3.5048
85.7590,0.8077,3.4714
85.7592,0.8257,3.5454
85.7594,0.8535,3.6614
85.7596,0.8841,3.7944
85.7598,0.8385,3.6022
85.7600,0.8284,3.5572
85.7602,0.907,3.8909
85.7604,0.9224,3.9572
85.7606,0.9219,3.9552
85.7608,0.9131,3.9189
85.7610,0.8897,3.8132
85.7612,0.9131,3.9189
85.7614,0.8548,3.6756
85.7616,0.7416,3.1889
85.7618,0.7317,3.1476
85.7620,0.7875,3.3848
85.7622,0.8049,3.4596
85.7624,0.7842,3.3657
85.7626,0.8704,3.7375
85.7628,0.8791,3.775
85.7630,0.8579,3.6873
85.7632,0.7691,3.3116
85.7634,0.7094,3.0545
85.7636,0.744,3.1948
85.7638,0.807,3.4699
85.7640,0.7594,3.2637
85.7642,0.771,3.3137
85.7644,0.7751,3.3297
85.7646,0.7724,3.3199
85.7648,0.8518,3.6611
85.7650,0.8089,3.4733
85.7652,0.8225,3.5386
85.7654,0.748,3.2192
85.7656,0.7644,3.2869
85.7658,0.7615,3.273
85.7660,0.7809,3.358
85.7662,0.7749,3.3354
85.7664,0.7483,3.2253
85.7666,0.6579,2.8343
85.7668,0.5981,2.5789
85.7670,0.5791,2.4973
85.7672,0.5725,2.4677
85.7674,0.5883,2.5354
85.7676,0.5899,2.5414
85.7678,0.6198,2.6738
85.7680,0.5824,2.51
85.7682,0.663,2.8507
85.7684,0.6981,3.0088
85.7686,0.6384,2.7488
85.7688,0.6603,2.8433
85.7690,0.6241,2.6924
85.7692,0.5693,2.4537
85.7694,0.5749,2.4792
85.7696,0.6194,2.6697
85.7698,0.609,2.6236
85.7700,0.6263,2.7004
85.7702,0.5813,2.5077
85.7704,0.5609,2.4164
85.7706,0.571,2.4598
85.7708,0.5692,2.4543
85.7710,0.5604,2.4188
85.7712,0.4953,2.1388
85.7714,0.4841,2.0863
85.7716,0.6212,2.6775
85.7718,0.6347,2.7354
85.7720,0.5693,2.4537
85.7722,0.5375,2.3189
85.7724,0.5278,2.2781
85.7726,0.5275,2.2755
85.7728,0.5246,2.262
85.7730,0.5236,2.26
85.7732,0.5241,2.262
85.7734,0.5257,2.2656
85.7736,0.5324,2.2945
85.7738,0.538,2.3199
85.7740,0.5265,2.2692
85.7742,0.5248,2.2651
85.7744,0.5287,2.2806
85.7746,0.5296,2.2827
85.7748,0.5529,2.3818
85.7750,0.6531,2.811
85.7752,0.7036,3.0241
85.7754,0.6952,2.9922
85.7756,0.6589,2.8398
85.7758,0.6101,2.6245
85.7760,0.673,2.8954
85.7762,0.636,2.7423
85.7764,0.579,2.4944
85.7766,0.598,2.5772
85.7768,0.5588,2.4071
85.7770,0.5511,2.3752
85.7772,0.5454,2.3498
85.7774,0.5441,2.3474
85.7776,0.5308,2.29
85.7778,0.5301,2.2858
85.7780,0.6175,2.6565
85.7782,0.6621,2.855
85.7784,0.5645,2.4319
85.7786,0.5976,2.5733
85.7788,0.5971,2.57
85.7790,0.6435,2.7685
85.7792,0.6606,2.8404
85.7794,0.691,2.9727
85.7796,0.6619,2.8487
85.7798,0.6592,2.8374
85.7800,0.6728,2.8943
85.7802,0.6827,2.9358
85.7804,0.6977,3.0002
85.7806,0.7085,3.0452
85.7808,0.7464,3.2096
85.7810,0.7511,3.2282
85.7812,0.7794,3.3482
85.7814,0.8139,3.4933
85.7816,0.8339,3.5876
85.7818,0.7366,3.1629
85.7820,0.7657,3.2926
85.7822,0.7765,3.3343
85.7824,0.8101,3.4833
85.7826,0.7287,3.1347
85.7828,0.6933,2.9895
85.7830,0.5761,2.4832
85.7832,0.5654,2.4367
85.7834,0.5976,2.5733
85.7836,0.6076,2.6174
85.7838,0.5734,2.4667
85.7840,0.6405,2.7581
85.7842,0.6857,2.9528
85.7844,0.651,2.8031
85.7846,0.647,2.7834
85.7848,0.6656,2.8607
85.7850,0.7043,3.03
85.7852,0.7235,3.1111
85.7854,0.736,3.1647
85.7856,0.7456,3.2074
85.7858,0.6926,2.9794
85.7860,0.724,3.1189
85.7862,0.6428,2.7679
85.7864,0.709,3.0459
85.7866,0.7687,3.3008
85.7868,0.7797,3.3482
85.7870,0.8073,3.4763
85.7872,0.6528,2.8121
85.7874,0.5657,2.4393
85.7876,0.503,2.172
85.7878,0.4962,2.1405
85.7880,0.5754,2.4766
85.7882,0.6028,2.5979
85.7884,0.5143,2.2206
85.7886,0.4675,2.0178
85.7888,0.4583,1.9779
85.7890,0.4574,1.9725
85.7892,0.4958,2.1409
85.7894,0.5246,2.261
85.7896,0.5879,2.5326
85.7898,0.5614,2.4207
85.7900,0.557,2.3994
85.7902,0.5891,2.5343
85.7904,0.6767,2.9086
85.7906,0.7034,3.0245
85.7908,0.7096,3.0527
85.7910,0.7152,3.0755
85.7912,0.7478,3.2142
85.7914,0.7884,3.3884
85.7916,0.7931,3.4054
85.7918,0.8092,3.4652
85.7920,1.027,4.3955
85.7922,1.0453,4.4761
85.7924,1.0297,4.4052
85.7926,1.058,4.5284
85.7928,1.0839,4.6393
85.7930,1.0508,4.5039
85.7932,0.947,4.0702
85.7934,0.8722,3.7434
85.7936,0.8561,3.6762
85.7938,0.812,3.4867
85.7940,0.8259,3.5464
85.7942,0.8278,3.5613
85.7944,0.7595,3.2673
85.7946,0.746,3.205
85.7948,0.7511,3.2282
85.7950,0.7102,3.0538
85.7952,0.7719,3.3194
85.7954,0.7766,3.3395
85.7956,0.7844,3.3683
85.7958,0.8102,3.4806
85.7960,0.8166,3.5063
85.7962,0.8661,3.7206
85.7964,0.86,3.6875
85.7966,0.8838,3.7898
85.7968,0.9004,3.8608
85.7970,0.9058,3.893
85.7972,0.8122,3.4877
85.7974,0.8425,3.6225
85.7976,0.8102,3.4838
85.7978,0.7821,3.3585
85.7980,0.8407,3.6098
85.7982,0.8857,3.8069
85.7984,0.8589,3.6897
85.7986,0.8257,3.5487
85.7988,0.8031,3.4486
85.7990,0.8506,3.6593
85.7992,0.8044,3.4575
85.7994,0.7988,3.4349
85.7996,0.7306,3.1415
85.7998,0.773,3.3271
85.8000,0.7566,3.2594
85.8002,0.667,2.8709
85.8004,0.6823,2.9392
85.8006,0.6715,2.894
85.8008,0.6745,2.9029
85.8010,0.6873,2.9554
85.8012,0.7459,3.209
85.8014,0.7531,3.2399
85.8016,0.7657,3.2926
85.8018,0.7532,3.2435
85.8020,0.6842,2.9474
85.8022,0.6879,2.9593
85.8024,0.7344,3.158
85.8026,0.7465,3.216
85.8028,0.6839,2.945
85.8030,0.7169,3.0856
85.8032,0.7065,3.0365
85.8034,0.771,3.3214
85.8036,0.7059,3.0438
85.8038,0.6839,2.945
85.8040,0.7496,3.2235
85.8042,0.7652,3.292
85.8044,0.7734,3.324
85.8046,0.8202,3.5217
85.8048,0.8431,3.6201
85.8050,0.8486,3.6454
85.8052,0.8301,3.5711
85.8054,0.7681,3.3075
85.8056,0.7104,3.0549
85.8058,0.7216,3.1043
85.8060,0.7431,3.1996
85.8062,0.679,2.9225
85.8064,0.6785,2.9204
85.8066,0.6404,2.7576
85.8068,0.6982,3.0065
85.8070,0.6809,2.9349
85.8072,0.6293,2.7109
85.8074,0.5875,2.5311
85.8076,0.6106,2.6364
85.8078,0.5085,2.1927
85.8080,0.5476,2.3624
85.8082,0.5181,2.2382
85.8084,0.526,2.2672
85.8086,0.5995,2.5851
85.8088,0.5936,2.5563
85.8090,0.6156,2.6532
85.8092,0.608,2.6206
85.8094,0.6217,2.6783
85.8096,0.6107,2.6357
85.8098,0.4966,2.1425
85.8100,0.5321,2.2988
85.8102,0.4747,2.0498
85.8104,0.4674,2.0182
85.8106,0.4621,1.9963
85.8108,0.4622,1.9959
85.8110,0.4824,2.08
85.8112,0.5176,2.2331
85.8114,0.4902,2.1146
85.8116,0.5983,2.58
85.8118,0.5728,2.4699
85.8120,0.5504,2.3743
85.8122,0.5499,2.3722
85.8124,0.5481,2.3612
85.8126,0.5475,2.3597
85.8128,0.5495,2.3695
85.8130,0.5525,2.3814
85.8132,0.5582,2.4057
85.8134,0.5574,2.4026
85.8136,0.5837,2.5157
85.8138,0.6332,2.7241
85.8140,0.6751,2.9068
85.8142,0.6759,2.9104
85.8144,0.6495,2.7917
85.8146,0.6353,2.7392
85.8148,0.5517,2.38
85.8150,0.5556,2.3948
85.8152,0.5568,2.4011
85.8154,0.5474,2.3602
85.8156,0.5425,2.3401
85.8158,0.5414,2.3322
85.8160,0.5409,2.3291
85.8162,0.5984,2.5769
85.8164,0.6216,2.6778
85.8166,0.6276,2.7011
85.8168,0.6513,2.8059
85.8170,0.6215,2.676
85.8172,0.6236,2.6878
85.8174,0.6048,2.6055
85.8176,0.6074,2.612
85.8178,0.7086,3.0457
85.8180,0.7471,3.2171
85.8182,0.6759,2.9091
85.8184,0.658,2.8335
85.8186,0.6731,2.8959
85.8188,0.7037,3.0274
85.8190,0.6952,2.9894
85.8192,0.699,3.0073
85.8194,0.7067,3.0403
85.8196,0.6956,2.9937
85.8198,0.6559,2.8229
85.8200,0.674,2.9008
85.8202,0.6978,3.0021
85.8204,0.7248,3.124
85.8206,0.593,2.556
85.8208,0.5693,2.4526
85.8210,0.6037,2.6008
85.8212,0.5956,2.5657
85.8214,0.601,2.5926
85.8216,0.5776,2.4882
85.8218,0.6043,2.6034
85.8220,0.5933,2.5559
85.8222,0.6038,2.6001
85.8224,0.6151,2.6474
85.8226,0.6889,2.9579
85.8228,0.8233,3.5384
85.8230,0.7297,3.135
85.8232,0.7157,3.079
85.8234,0.729,3.1363
85.8236,0.7107,3.0587
85.8238,0.654,2.812
85.8240,0.7353,3.1601
85.8242,0.7604,3.2729
85.8244,0.7152,3.0755
85.8246,0.7713,3.3122
85.8248,0.8537,3.6608
85.8250,0.9288,3.9808
85.8252,1.0022,4.2913
85.8254,1.0055,4.3056
85.8256,1.0169,4.3565
85.8258,0.9947,4.2634
85.8260,0.8669,3.726
85.8262,0.7367,3.1663
85.8264,0.8131,3.4946
85.8266,0.8791,3.7715
85.8268,0.8626,3.704
85.8270,0.8528,3.6567
85.8272,0.9091,3.9019
85.8274,0.8904,3.8288
85.8276,0.764,3.2853
85.8278,0.7544,3.2426
85.8280,0.7769,3.3436
85.8282,0.7468,3.2126
85.8284,0.7448,3.2029
85.8286,0.7252,3.1212
85.8288,0.7283,3.1332
85.8290,0.7808,3.3528
85.8292,0.7637,3.2823
85.8294,0.762,3.2781
85.8296,0.7073,3.0401
85.8298,0.8034,3.4545
85.8300,0.805,3.4617
85.8302,0.7805,3.3544
85.8304,0.7844,3.3746
85.8306,0.7288,3.1352
85.8308,0.7052,3.0322
85.8310,0.7471,3.2126
85.8312,0.7529,3.2419
85.8314,0.6514,2.8077
85.8316,0.6185,2.6656
85.8318,0.6634,2.8567
85.8320,0.6747,2.9039
85.8322,0.6654,2.8663
85.8324,0.6489,2.7943
85.8326,0.6305,2.716
85.8328,0.6198,2.6676
85.8330,0.683,2.9423
85.8332,0.6221,2.6824
85.8334,0.5782,2.492
85.8336,0.602,2.5948
85.8338,0.6471,2.7865
85.8340,0.6729,2.8962
85.8342,0.6805,2.9246
85.8344,0.7278,3.1282
85.8346,0.7049,3.0396
85.8348,0.5974,2.577
85.8350,0.6151,2.6487
85.8352,0.6157,2.6549
85.8354,0.5722,2.4707
85.8356,0.5134,2.2129
85.8358,0.5771,2.4862
85.8360,0.5941,2.5571
85.8362,0.6464,2.7834
85.8364,0.7064,3.0402
85.8366,0.7556,3.2508
85.8368,0.7493,3.2219
85.8370,0.6839,2.945
85.8372,0.6134,2.6427
85.8374,0.602,2.5936
85.8376,0.5555,2.3965
85.8378,0.6055,2.6062
85.8380,0.6403,2.7597
85.8382,0.5642,2.4338
85.8384,0.5429,2.34
85.8386,0.5995,2.5792
85.8388,0.6464,2.7834
85.8390,0.6476,2.7899
85.8392,0.6468,2.785
85.8394,0.6698,2.8841
85.8396,0.6625,2.8526
85.8398,0.663,2.8534
85.8400,0.6839,2.945
85.8402,0.6596,2.8429
85.8404,0.609,2.6236
85.8406,0.6127,2.6371
85.8408,0.6387,2.7504
85.8410,0.6699,2.8806
85.8412,0.7737,3.324
85.8414,0.7899,3.3999
85.8416,0.657,2.8302
85.8418,0.6794,2.9254
85.8420,0.671,2.8906
85.8422,0.5654,2.4367
85.8424,0.5542,2.3875
85.8426,0.5849,2.5197
85.8428,0.539,2.3251
85.8430,0.536,2.3122
85.8432,0.5469,2.3593
85.8434,0.5349,2.3065
85.8436,0.5466,2.355
85.8438,0.618,2.6598
85.8440,0.6156,2.6507
85.8442,0.6323,2.7225
85.8444,0.6287,2.712
85.8446,0.5582,2.4068
85.8448,0.5314,2.2904
85.8450,0.5511,2.3763
85.8452,0.6055,2.6086
85.8454,0.6296,2.7099
85.8456,0.632,2.7215
85.8458,0.5592,2.4125
85.8460,0.5321,2.2956
85.8462,0.5243,2.2599
85.8464,0.5272,2.2702
85.8466,0.5831,2.5131
85.8468,0.5897,2.5392
85.8470,0.6544,2.8167
85.8472,0.6863,2.9512
85.8474,0.6885,2.9633
85.8476,0.6712,2.893
85.8478,0.5877,2.5328
85.8480,0.5492,2.368
85.8482,0.5483,2.3655
85.8484,0.5342,2.3023
85.8486,0.5271,2.2718
85.8488,0.5168,2.2294
85.8490,0.502,2.1648
85.8492,0.5311,2.2878
85.8494,0.5717,2.4652
85.8496,0.5613,2.4202
85.8498,0.5612,2.4175
85.8500,0.5848,2.5192
85.8502,0.5803,2.5001
85.8504,0.5616,2.4195
85.8506,0.6178,2.6551
85.8508,0.6492,2.7914
85.8510,0.6663,2.8691
85.8512,0.6068,2.6155
85.8514,0.5849,2.5174
85.8516,0.5987,2.5803
85.8518,0.5115,2.2077
85.8520,0.4942,2.1322
85.8522,0.5083,2.1886
85.8524,0.5761,2.4786
85.8526,0.6139,2.6447
85.8528,0.6273,2.7001
85.8530,0.6824,2.9329
85.8532,0.7283,3.1302
85.8534,0.6818,2.9371
85.8536,0.5818,2.5063
85.8538,0.5656,2.4354
85.8540,0.5709,2.4604
85.8542,0.5603,2.4172
85.8544,0.4875,2.1042
85.8546,0.4675,2.0187
85.8548,0.4658,2.0096
85.8550,0.47,2.0258
85.8552,0.4697,2.0261
85.8554,0.4837,2.0857
85.8556,0.5341,2.2996
85.8558,0.5666,2.435
85.8560,0.6436,2.7741
85.8562,0.5652,2.435
85.8564,0.5813,2.4996
85.8566,0.6576,2.8288
85.8568,0.7078,3.0421
85.8570,0.7365,3.1623
85.8572,0.7411,3.1824
85.8574,0.7707,3.3081
85.8576,0.807,3.4635
85.8578,0.81,3.478
85.8580,0.9522,4.0696
85.8582,1.1167,4.7771
85.8584,1.0719,4.5858
85.8586,1.0628,4.5447
85.8588,1.0568,4.5191
85.8590,1.0542,4.512
85.8592,1.0366,4.4428
85.8594,1.0022,4.2933
85.8596,1.0132,4.3385
85.8598,1.0314,4.4145
85.8600,1.0602,4.5398
85.8602,1.0385,4.4385
85.8604,1.0935,4.6825
85.8606,1.0281,4.4063
85.8608,1.0308,4.414
85.8610,1.0684,4.5704
85.8612,1.1538,4.9292
85.8614,1.1815,5.0594
85.8616,0.9698,4.1701
85.8618,0.8002,3.4427
85.8620,0.7547,3.2466
85.8622,0.7044,3.0347
85.8624,0.6776,2.9163
85.8626,0.7047,3.0287
85.8628,0.7741,3.3287
85.8630,0.8029,3.4476
85.8632,0.8299,3.5634
85.8634,0.8071,3.4672
85.8636,0.82,3.5245
85.8638,0.8305,3.5643
85.8640,0.8734,3.7468
85.8642,0.8809,3.7792
85.8644,0.9085,3.9103
85.8646,0.8082,3.4702
85.8648,0.8341,3.5781
85.8650,0.8537,3.6676
85.8652,0.8425,3.6209
85.8654,0.8417,3.6127
85.8656,0.8541,3.6708
85.8658,0.8019,3.4547
85.8660,0.7132,3.0682
85.8662,0.7528,3.2354
85.8664,0.7466,3.2151
85.8666,0.6999,3.0123
85.8668,0.6965,2.9992
85.8670,0.6909,2.9764
85.8672,0.7083,3.047
85.8674,0.7751,3.3266
85.8676,0.8032,3.4588
85.8678,0.6625,2.8553
85.8680,0.6036,2.6003
85.8682,0.597,2.5743
85.8684,0.6022,2.5977
85.8686,0.6059,2.6113
85.8688,0.6094,2.6275
85.8690,0.597,2.5743
85.8692,0.6288,2.7063
85.8694,0.648,2.7914
85.8696,0.6496,2.8
85.8698,0.5977,2.5774
85.8700,0.5619,2.425
85.8702,0.5578,2.4075
85.8704,0.5591,2.4109
85.8706,0.5787,2.4917
85.8708,0.6435,2.7736
85.8710,0.5862,2.5289
85.8712,0.5396,2.3288
85.8714,0.5423,2.3396
85.8716,0.5404,2.3313
85.8718,0.5404,2.3313
85.8720,0.5341,2.3039
85.8722,0.5267,2.2713
85.8724,0.5416,2.3354
85.8726,0.5516,2.3772
85.8728,0.5655,2.4372
85.8730,0.5396,2.3277
85.8732,0.4917,2.1213
85.8734,0.5299,2.2858
85.8736,0.5472,2.3597
85.8738,0.5301,2.29
85.8740,0.4552,1.9672
85.8742,0.4409,1.9029
85.8744,0.4448,1.9208
85.8746,0.4483,1.9359
85.8748,0.4493,1.94
85.8750,0.4414,1.9041
85.8752,0.4743,2.0473
85.8754,0.4445,1.9202
85.8756,0.4538,1.9579
85.8758,0.4755,2.0534
85.8760,0.4504,1.9429
85.8762,0.4458,1.9232
85.8764,0.4741,2.0453
85.8766,0.5287,2.2806
85.8768,0.4621,1.9936
85.8770,0.4789,2.0641
85.8772,0.5174,2.2341
85.8774,0.468,2.0189
85.8776,0.5578,2.4019
85.8778,0.5932,2.5577
85.8780,0.4896,2.112
85.8782,0.5148,2.2186
85.8784,0.5699,2.4552
85.8786,0.5833,2.5095
85.8788,0.6055,2.6074
85.8790,0.5902,2.5448
85.8792,0.5648,2.4352
85.8794,0.5716,2.4601
85.8796,0.6287,2.7058
85.8798,0.608,2.6194
85.8800,0.6138,2.6393
85.8802,0.6675,2.8716
85.8804,0.6606,2.8444
85.8806,0.6155,2.649
85.8808,0.688,2.9557
85.8810,0.6799,2.9261
85.8812,0.6104,2.631
85.8814,0.5892,2.5395
85.8816,0.5709,2.4582
85.8818,0.594,2.5554
85.8820,0.6469,2.7855
85.8822,0.6628,2.8528
85.8824,0.6395,2.7586
85.8826,0.5062,2.1809
85.8828,0.5324,2.2967
85.8830,0.5441,2.3463
85.8832,0.5255,2.2672
85.8834,0.5327,2.2993
85.8836,0.4691,2.0236
85.8838,0.4808,2.0723
85.8840,0.4823,2.0785
85.8842,0.5102,2.201
85.8844,0.536,2.309
85.8846,0.5851,2.5196
85.8848,0.5824,2.5077
85.8850,0.5282,2.2775
85.8852,0.5037,2.173
85.8854,0.4988,2.1498
85.8856,0.5064,2.1814
85.8858,0.6142,2.6421
85.8860,0.6788,2.916
85.8862,0.6865,2.9518
85.8864,0.6565,2.8242
85.8866,0.6516,2.7978
85.8868,0.7338,3.1554
85.8870,0.6727,2.8925
85.8872,0.6422,2.7679
85.8874,0.5776,2.4894
85.8876,0.5363,2.3084
85.8878,0.5844,2.5165
85.8880,0.5138,2.2155
85.8882,0.4683,2.0205
85.8884,0.4676,2.0174
85.8886,0.4781,2.0595
85.8888,0.5145,2.2155
85.8890,0.5511,2.3741
85.8892,0.5969,2.5726
85.8894,0.5522,2.3776
85.8896,0.5385,2.3188
85.8898,0.576,2.4781
85.8900,0.685,2.9415
85.8902,0.7335,3.1509
85.8904,0.7134,3.0663
85.8906,0.758,3.2535
85.8908,0.8283,3.5551
85.8910,0.7972,3.4234
85.8912,0.8204,3.5178
85.8914,0.9127,3.9119
85.8916,0.914,3.9157
85.8918,0.9291,3.9823
85.8920,0.9486,4.0656
85.8922,0.8637,3.7103
85.8924,0.7767,3.34
85.8926,0.7994,3.4326
85.8928,0.7227,3.1089
85.8930,0.6657,2.8666
85.8932,0.6469,2.7816
85.8934,0.657,2.8236
85.8936,0.724,3.1117
85.8938,0.744,3.1978
85.8940,0.767,3.2906
85.8942,0.8562,3.675
85.8944,0.8181,3.513
85.8946,0.8127,3.4898
85.8948,0.8215,3.5274
85.8950,0.7663,3.289
85.8952,0.8131,3.4881
85.8954,0.867,3.7213
85.8956,0.8878,3.8068
85.8958,0.9,3.861
85.8960,0.8827,3.787
85.8962,0.9041,3.8767
85.8964,0.8136,3.4934
85.8966,0.8428,3.619
85.8968,0.8284,3.5589
85.8970,0.8212,3.5247
85.8972,0.8765,3.7637
85.8974,0.8421,3.6075
85.8976,0.9271,3.9828
85.8978,0.7978,3.4228
85.8980,0.8722,3.7399
85.8982,0.8974,3.8515
85.8984,0.8252,3.5483
85.8986,0.7951,3.4189
85.8988,0.8161,3.5058
85.8990,0.8224,3.5315
85.8992,0.806,3.461
85.8994,0.8313,3.5679
85.8996,0.8719,3.7424
85.8998,0.9098,3.9014
85.9000,0.8941,3.843
85.9002,0.7934,3.4085
85.9004,0.8366,3.5939
85.9006,0.8435,3.6204
85.9008,0.8451,3.6271
85.9010,0.8437,3.6226
85.9012,0.8211,3.5291
85.9014,0.8318,3.575
85.9016,0.8138,3.4944
85.9018,0.8321,3.5782
85.9020,0.789,3.3942
85.9022,0.7675,3.2972
85.9024,0.8118,3.4857
85.9026,0.777,3.3441
85.9028,0.6928,2.9846
85.9030,0.6673,2.8733
85.9032,0.6707,2.8896
85.9034,0.6793,2.9222
85.9036,0.7374,3.1709
85.9038,0.7243,3.1161
85.9040,0.6883,2.9609
85.9042,0.7403,3.1803
85.9044,0.8016,3.4435
85.9046,0.7531,3.2429
85.9048,0.667,2.8749
85.9050,0.6638,2.857
85.9052,0.6604,2.8438
85.9054,0.6697,2.8836
85.9056,0.6839,2.9437
85.9058,0.6862,2.9494
85.9060,0.7106,3.0611
85.9062,0.6211,2.6782
85.9064,0.5823,2.5119
85.9066,0.5526,2.3841
85.9068,0.535,2.3091
85.9070,0.5438,2.3426
85.9072,0.6489,2.793
85.9074,0.6203,2.6721
85.9076,0.5751,2.4751
85.9078,0.5976,2.5781
85.9080,0.55,2.3727
85.9082,0.5723,2.4689
85.9084,0.5615,2.4213
85.9086,0.5452,2.3498
85.9088,0.5399,2.3293
85.9090,0.5389,2.3235
85.9092,0.5399,2.3282
85.9094,0.5282,2.2786
85.9096,0.5263,2.2724
85.9098,0.523,2.2542
85.9100,0.5301,2.2868
85.9102,0.5687,2.4489
85.9104,0.6528,2.8121
85.9106,0.5516,2.3783
85.9108,0.523,2.2553
85.9110,0.5287,2.2806
85.9112,0.5283,2.2791
85.9114,0.5285,2.278
85.9116,0.5266,2.2718
85.9118,0.5234,2.2568
85.9120,0.5247,2.2625
85.9122,0.5259,2.2656
85.9124,0.5365,2.3121
85.9126,0.5297,2.2853
85.9128,0.5309,2.2883
85.9130,0.5975,2.5716
85.9132,0.6517,2.8048
85.9134,0.6655,2.8615
85.9136,0.6917,2.9758
85.9138,0.651,2.8057
85.9140,0.5589,2.4088
85.9142,0.5266,2.2697
85.9144,0.5245,2.2615
85.9146,0.5239,2.2599
85.9148,0.52,2.2434
85.9150,0.5253,2.262
85.9152,0.5608,2.4181
85.9154,0.5187,2.2377
85.9156,0.5187,2.2346
85.9158,0.5496,2.369
85.9160,0.5619,2.4206
85.9162,0.601,2.5889
85.9164,0.5627,2.4253
85.9166,0.5818,2.5075
85.9168,0.565,2.4329
85.9170,0.6022,2.5953
85.9172,0.5844,2.513
85.9174,0.6272,2.6996
85.9176,0.6266,2.6982
85.9178,0.6043,2.6034
85.9180,0.6323,2.72
85.9182,0.6909,2.9695
85.9184,0.748,3.2148
85.9186,0.798,3.4281
85.9188,0.7594,3.2622
85.9190,0.78,3.3508
85.9192,0.754,3.239
85.9194,0.7542,3.2416
85.9196,0.7391,3.184
85.9198,0.65,2.8028
85.9200,0.564,2.431
85.9202,0.5697,2.4541
85.9204,0.6389,2.7445
85.9206,0.7152,3.0726
85.9208,0.7405,3.1828
85.9210,0.7501,3.2255
85.9212,0.7502,3.2291
85.9214,0.6095,2.6281
85.9216,0.5098,2.2004
85.9218,0.5107,2.202
85.9220,0.5544,2.3885
85.9222,0.583,2.5126
85.9224,0.588,2.532
85.9226,0.6056,2.6055
85.9228,0.6525,2.8085
85.9230,0.6384,2.7476
85.9232,0.6656,2.866
85.9234,0.6383,2.7445
85.9236,0.6663,2.8638
85.9238,0.7143,3.0685
85.9240,0.7769,3.3343
85.9242,0.8284,3.5539
85.9244,0.816,3.507
85.9246,0.8195,3.5175
85.9248,0.9011,3.8621
85.9250,0.9082,3.896
85.9252,0.8952,3.8387
85.9254,0.9142,3.9199
85.9256,0.9072,3.8919
85.9258,0.8771,3.7628
85.9260,0.8552,3.6704
85.9262,0.8914,3.8258
85.9264,0.8788,3.7735
85.9266,0.8211,3.5258
85.9268,0.855,3.6681
85.9270,0.9307,3.9927
85.9272,0.9222,3.9507
85.9274,0.9754,4.1826
85.9276,0.9083,3.8983
85.9278,0.9369,4.0157
85.9280,0.9658,4.1473
85.9282,0.87,3.7359
85.9284,0.8396,3.6102
85.9286,0.7572,3.2575
85.9288,0.7393,3.1791
85.9290,0.7125,3.0693
85.9292,0.6802,2.9277
85.9294,0.75,3.222
85.9296,0.8109,3.4886
85.9298,0.7011,3.0175
85.9300,0.6928,2.9805
85.9302,0.7337,3.1505
85.9304,0.8429,3.6162
85.9306,0.8529,3.6623
85.9308,0.8288,3.5654
85.9310,0.7393,3.1821
85.9312,0.7102,3.0581
85.9314,0.6559,2.8242
85.9316,0.7082,3.0451
85.9318,0.7516,3.2287
85.9320,0.7624,3.2766
85.9322,0.7194,3.095
85.9324,0.7119,3.0653
85.9326,0.7016,3.0181
85.9328,0.7343,3.156
85.9330,0.8047,3.4585
85.9332,0.7808,3.3591
85.9334,0.7017,3.0186
85.9336,0.7091,3.0478
85.9338,0.7698,3.3116
85.9340,0.7627,3.2797
85.9342,0.7211,3.1022
85.9344,0.7204,3.1034
85.9346,0.6272,2.7033
85.9348,0.6108,2.6301
85.9350,0.6504,2.8018
85.9352,0.6145,2.6473
85.9354,0.5969,2.5714
85.9356,0.5845,2.5182
85.9358,0.5879,2.535
85.9360,0.5953,2.5635
85.9362,0.6187,2.6679
85.9364,0.529,2.2822
85.9366,0.5008,2.1626
85.9368,0.517,2.2253
85.9370,0.6668,2.8699
85.9372,0.6847,2.944
85.9374,0.7049,3.0354
85.9376,0.6496,2.8
85.9378,0.6518,2.8041
85.9380,0.6856,2.9495
85.9382,0.6859,2.9519
85.9384,0.7028,3.0205
85.9386,0.7711,3.3158
85.9388,0.7041,3.029
85.9390,0.6935,2.9877
85.9392,0.627,2.6998
85.9394,0.6721,2.8939
85.9396,0.6279,2.7077
85.9398,0.5372,2.3163
85.9400,0.5273,2.275
85.9402,0.5374,2.3173
85.9404,0.5474,2.3591
85.9406,0.5663,2.4408
85.9408,0.5556,2.3948
85.9410,0.5984,2.5793
85.9412,0.5579,2.4035
85.9414,0.5933,2.5535
85.9416,0.5707,2.4633
85.9418,0.4644,2.0043
85.9420,0.4567,1.9721
85.9422,0.455,1.9639
85.9424,0.4687,2.0229
85.9426,0.4562,1.97
85.9428,0.4507,1.9444
85.9430,0.4639,2.0004
85.9432,0.5185,2.2387
85.9434,0.4608,1.9879
85.9436,0.4823,2.0776
85.9438,0.5079,2.1912
85.9440,0.4682,2.019
85.9442,0.5199,2.2418
85.9444,0.5499,2.3689
85.9446,0.549,2.3675
85.9448,0.5468,2.3577
85.9450,0.5477,2.3607
85.9452,0.5022,2.1663
85.9454,0.4541,1.9589
85.9456,0.4489,1.9385
85.9458,0.4498,1.9403
85.9460,0.4757,2.0501
85.9462,0.5349,2.3043
85.9464,0.6013,2.5941
85.9466,0.5789,2.4916
85.9468,0.6457,2.7777
85.9470,0.6441,2.7698
85.9472,0.6862,2.9507
85.9474,0.6102,2.6287
85.9476,0.5335,2.3003
85.9478,0.4724,2.0409
85.9480,0.4451,1.921
85.9482,0.4454,1.9199
85.9484,0.5036,2.1705
85.9486,0.5289,2.2817
85.9488,0.4927,2.1225
85.9490,0.5025,2.1659
85.9492,0.5258,2.2682
85.9494,0.5007,2.1591
85.9496,0.5348,2.3027
85.9498,0.5854,2.5183
85.9500,0.6006,2.5862
85.9502,0.618,2.6598
85.9504,0.6489,2.793
85.9506,0.597,2.5695
85.9508,0.5866,2.5281
85.9510,0.5829,2.511
85.9512,0.5899,2.5391
85.9514,0.6656,2.8634
85.9516,0.6758,2.9086
85.9518,0.6448,2.7728
85.9520,0.6525,2.8071
85.9522,0.6458,2.7847
85.9524,0.5247,2.2646
85.9526,0.4725,2.0376
85.9528,0.4637,2.0003
85.9530,0.4658,2.0105
85.9532,0.483,2.0816
85.9534,0.5305,2.2852
85.9536,0.5363,2.3137
85.9538,0.4749,2.0489
85.9540,0.4677,2.0151
85.9542,0.4701,2.0273
85.9544,0.468,2.0198
85.9546,0.4687,2.0229
85.9548,0.4683,2.0176
85.9550,0.5249,2.2625
85.9552,0.5046,2.1726
85.9554,0.6176,2.6558
85.9556,0.6898,2.9703
85.9558,0.6086,2.6184
85.9560,0.6296,2.7061
85.9562,0.6429,2.7633
85.9564,0.7006,3.0126
85.9566,0.7199,3.0956
85.9568,0.7169,3.0784
85.9570,0.7773,3.3379
85.9572,0.7947,3.4157
85.9574,0.7106,3.0483
85.9576,0.7711,3.3065
85.9578,0.8838,3.788
85.9580,0.8965,3.8461
85.9582,0.8716,3.7356
85.9584,0.9076,3.8898
85.9586,0.9535,4.0752
85.9588,1.0874,4.6541
85.9590,1.0066,4.3062
85.9592,1.0628,4.5468
85.9594,1.0766,4.6101
85.9596,1.0475,4.4812
85.9598,1.0326,4.4217
85.9600,0.9915,4.2456
85.9602,1.0326,4.4155
85.9604,1.0855,4.6416
85.9606,1.1043,4.7199
85.9608,1.152,4.9262
85.9610,1.1019,4.7273
85.9612,0.9347,4.0097
85.9614,0.9077,3.8939
85.9616,0.9161,3.93
85.9618,0.9068,3.8922
85.9620,0.8767,3.7577
85.9622,0.9622,4.1222
85.9624,0.954,4.0925
85.9626,0.9543,4.096
85.9628,0.9709,4.1592
85.9630,1.0016,4.2887
85.9632,1.0386,4.4494
85.9634,0.9673,4.1554
85.9636,0.8794,3.7726
85.9638,0.9008,3.87
85.9640,0.8506,3.6508
85.9642,0.8326,3.5769
85.9644,0.8084,3.4729
85.9646,0.8445,3.6279
85.9648,0.8421,3.6143
85.9650,0.8524,3.6619
85.9652,0.8341,3.5848
85.9654,0.7923,3.4023
85.9656,0.8243,3.5414
85.9658,0.8192,3.5242
85.9660,0.7616,3.275
85.9662,0.7684,3.3024
85.9664,0.7682,3.3034
85.9666,0.7534,3.244
85.9668,0.7005,3.0135
85.9670,0.733,3.1518
85.9672,0.7478,3.2217
85.9674,0.6868,2.9588
85.9676,0.6691,2.8797
85.9678,0.7228,3.1065
85.9680,0.7901,3.3972
85.9682,0.7618,3.2756
85.9684,0.7916,3.3992
85.9686,0.8181,3.513
85.9688,0.8386,3.6044
85.9690,0.8302,3.5716
85.9692,0.8025,3.4476
85.9694,0.842,3.6137
85.9696,0.8646,3.7162
85.9698,0.7842,3.3704
85.9700,0.7493,3.2219
85.9702,0.783,3.3668
85.9704,0.782,3.3658
85.9706,0.7321,3.1511
85.9708,0.7231,3.1139
85.9710,0.7369,3.1688
85.9712,0.7398,3.1827
85.9714,0.7224,3.1122
85.9716,0.6613,2.8461
85.9718,0.6722,2.8944
85.9720,0.6531,2.815
85.9722,0.6425,2.7715
85.9724,0.6258,2.6946
85.9726,0.6379,2.748
85.9728,0.5686,2.4518
85.9730,0.5432,2.3421
85.9732,0.5556,2.397
85.9734,0.5603,2.415
85.9736,0.6317,2.7237
85.9738,0.5624,2.4271
85.9740,0.5447,2.351
85.9742,0.5429,2.34
85.9744,0.5338,2.3029
85.9746,0.5308,2.291
85.9748,0.5311,2.2899
85.9750,0.544,2.3469
85.9752,0.5429,2.3444
85.9754,0.5351,2.3086
85.9756,0.5285,2.2801
85.9758,0.553,2.3845
85.9760,0.5718,2.4669
85.9762,0.5458,2.3524
85.9764,0.5325,2.2961
85.9766,0.5579,2.4024
85.9768,0.6959,2.9925
85.9770,0.7655,3.2961
85.9772,0.6814,2.9328
85.9774,0.6645,2.8627
85.9776,0.6781,2.9157
85.9778,0.7407,3.1848
85.9780,0.7777,3.3426
85.9782,0.7646,3.2849
85.9784,0.7693,3.3034
85.9786,0.8425,3.6192
85.9788,0.85,3.6516
85.9790,0.8672,3.7236
85.9792,0.7927,3.4086
85.9794,0.763,3.2792
85.9796,0.7669,3.3008
85.9798,0.73,3.136
85.9800,0.807,3.4667
85.9802,0.8676,3.7221
85.9804,0.9077,3.8958
85.9806,0.9004,3.868
85.9808,0.8824,3.7907
85.9810,0.8096,3.4813
85.9812,0.7195,3.0998
85.9814,0.639,2.7527
85.9816,0.6409,2.7622
85.9818,0.6366,2.7411
85.9820,0.6409,2.7584
85.9822,0.6422,2.7679
85.9824,0.6453,2.7814
85.9826,0.6327,2.7246
85.9828,0.6317,2.7174
85.9830,0.7392,3.1816
85.9832,0.7028,3.0247
85.9834,0.6925,2.9762
85.9836,0.7595,3.2658
85.9838,0.7741,3.3318
85.9840,0.7216,3.1072
85.9842,0.6735,2.8988
85.9844,0.674,2.9008
85.9846,0.7018,3.0192
85.9848,0.7383,3.1715
85.9850,0.7736,3.3281
85.9852,0.7363,3.1707
85.9854,0.6939,2.9893
85.9856,0.6291,2.7116
85.9858,0.5644,2.4348
85.9860,0.5723,2.4655
85.9862,0.5963,2.5688
85.9864,0.601,2.5914
85.9866,0.5938,2.5603
85.9868,0.6422,2.7615
85.9870,0.7255,3.1242
85.9872,0.682,2.9436
85.9874,0.5378,2.3221
85.9876,0.4922,2.1254
85.9878,0.4844,2.0907
85.9880,0.4806,2.0751
85.9882,0.4907,2.1157
85.9884,0.5562,2.3974
85.9886,0.5815,2.5041
85.9888,0.6655,2.8602
85.9890,0.711,3.0603
85.9892,0.6258,2.6971
85.9894,0.5914,2.5453
85.9896,0.6741,2.8987
85.9898,0.7014,3.019
85.9900,0.7095,3.0479
85.9902,0.7753,3.3323
85.9904,0.821,3.5253
85.9906,0.8444,3.6274
85.9908,0.8234,3.529
85.9910,0.9168,3.9312
85.9912,0.9592,4.1094
85.9914,1.0259,4.3929
85.9916,1.0291,4.415
85.9918,0.9837,4.222
85.9920,0.9161,3.93
85.9922,0.8952,3.844
85.9924,0.8773,3.7726
85.9926,0.7572,3.256
85.9928,0.7477,3.2122
85.9930,0.8058,3.4615
85.9932,0.839,3.6076
85.9934,0.8076,3.4725
85.9936,0.8335,3.5805
85.9938,0.8502,3.6544
85.9940,0.8062,3.4636
85.9942,0.7956,3.4225
85.9944,0.7239,3.1155
85.9946,0.7182,3.0927
85.9948,0.7291,3.1382
85.9950,0.7198,3.0951
85.9952,0.7445,3.2102
85.9954,0.6506,2.8002
85.9956,0.7477,3.2122
85.9958,0.8082,3.4719
85.9960,0.7495,3.229
85.9962,0.6867,2.9583
85.9964,0.6536,2.8118
85.9966,0.6501,2.802
85.9968,0.6144,2.6493
85.9970,0.6091,2.6265
85.9972,0.6353,2.7341
85.9974,0.6681,2.8755
85.9976,0.6391,2.7519
85.9978,0.6417,2.7594
85.9980,0.7513,3.2352
85.9982,0.7096,3.0541
85.9984,0.6907,2.9739
85.9986,0.636,2.7436
85.9988,0.6066,2.6132
85.9990,0.6524,2.8079
85.9992,0.6586,2.8361
85.9994,0.6183,2.6639
85.9996,0.6477,2.7917
85.9998,0.6472,2.787
86.0000,0.6829,2.939
86.0002,0.7138,3.0707
86.0004,0.7279,3.1272
86.0006,0.8327,3.5758
86.0008,0.835,3.5872
86.0010,0.81,3.4747
86.0012,0.8088,3.4777
86.0014,0.7976,3.4297
86.0016,0.8108,3.4816
86.0018,0.8447,3.6273
86.0020,0.8086,3.4788
86.0022,0.7269,3.1299
86.0024,0.6538,2.8154
86.0026,0.6127,2.6432
86.0028,0.5251,2.2683
86.0030,0.432,1.8672
86.0032,0.4391,1.8969
86.0034,0.4351,1.8798
86.0036,0.4271,1.8442
86.0038,0.4348,1.8791
86.0040,0.4355,1.8813
86.0042,0.4354,1.8808
86.0044,0.4356,1.881
86.0046,0.4516,1.9489
86.0048,0.5103,2.2015
86.0050,0.5637,2.4294
86.0052,0.6507,2.7994
86.0054,0.6812,2.9359
86.0056,0.5601,2.415
86.0058,0.507,2.188
86.0060,0.455,1.9649
86.0062,0.4642,2.0024
86.0064,0.5124,2.2134
86.0066,0.4919,2.1209
86.0068,0.5227,2.2516
86.0070,0.5471,2.3592
86.0072,0.543,2.3427
86.0074,0.5646,2.4313
86.0076,0.5811,2.5032
86.0078,0.5694,2.4542
86.0080,0.5273,2.276
86.0082,0.4645,2.0067
86.0084,0.4556,1.9656
86.0086,0.4522,1.9515
86.0088,0.4836,2.0852
86.0090,0.5264,2.2708
86.0092,0.5243,2.2578
86.0094,0.5186,2.2362
86.0096,0.4725,2.0367
86.0098,0.5341,2.3028
86.0100,0.5259,2.2698
86.0102,0.526,2.2682
86.0104,0.5411,2.3334
86.0106,0.4873,2.1032
86.0108,0.445,1.9214
86.0110,0.4363,1.885
86.0112,0.4312,1.8618
86.0114,0.4289,1.8503
86.0116,0.4239,1.8311
86.0118,0.4265,1.8425
86.0120,0.4293,1.8535
86.0122,0.4366,1.8834
86.0124,0.441,1.9043
86.0126,0.4283,1.8503
86.0128,0.4255,1.8349
86.0130,0.4904,2.1137
86.0132,0.5106,2.1984
86.0134,0.5386,2.3193
86.0136,0.557,2.3994
86.0138,0.5717,2.4652
86.0140,0.5535,2.3844
86.0142,0.5586,2.4055
86.0144,0.5747,2.4758
86.0146,0.4837,2.0847
86.0148,0.4643,2.001
86.0150,0.5119,2.2062
86.0152,0.492,2.1233
86.0154,0.4724,2.038
86.0156,0.4681,2.0175
86.0158,0.491,2.1172
86.0160,0.5158,2.2212
86.0162,0.565,2.4362
86.0164,0.5164,2.2227
86.0166,0.5737,2.4694
86.0168,0.6148,2.6447
86.0170,0.6534,2.8121
86.0172,0.6183,2.6601
86.0174,0.5962,2.5695
86.0176,0.5438,2.3415
86.0178,0.5453,2.3514
86.0180,0.5245,2.2562
86.0182,0.5785,2.4866
86.0184,0.6347,2.7303
86.0186,0.6283,2.703
86.0188,0.6672,2.8674
86.0190,0.7225,3.1041
86.0192,0.7055,3.038
86.0194,0.653,2.8079
86.0196,0.7146,3.0729
86.0198,0.6869,2.9524
86.0200,0.6302,2.7087
86.0202,0.6965,2.9965
86.0204,0.7022,3.0249
86.0206,0.5911,2.5454
86.0208,0.5612,2.4163
86.0210,0.5724,2.4637
86.0212,0.6523,2.8048
86.0214,0.6826,2.938
86.0216,0.6022,2.5905
86.0218,0.6002,2.5822
86.0220,0.6434,2.7679
86.0222,0.7038,3.0237
86.0224,0.7243,3.1132
86.0226,0.7361,3.1652
86.0228,0.7104,3.052
86.0230,0.7218,3.1024
86.0232,0.6505,2.7971
86.0234,0.6601,2.8344
86.0236,0.7484,3.2138
86.0238,0.7856,3.3766
86.0240,0.8511,3.6443
86.0242,0.9319,3.9979
86.0244,0.8482,3.6422
86.0246,0.8321,3.5699
86.0248,0.8415,3.6066
86.0250,0.8806,3.7742
86.0252,0.9044,3.8764
86.0254,0.8724,3.7462
86.0256,0.9565,4.0995
86.0258,0.9209,3.9487
86.0260,0.9034,3.8736
86.0262,0.852,3.657
86.0264,0.8506,3.6491
86.0266,0.8844,3.7942
86.0268,0.8717,3.7379
86.0270,0.891,3.826
86.0272,0.8151,3.5001
86.0274,0.7751,3.3297
86.0276,0.7525,3.2343
86.0278,0.7553,3.2477
86.0280,0.7472,3.2117
86.0282,0.7325,3.1497
86.0284,0.7489,3.2189
86.0286,0.7836,3.3663
86.0288,0.8399,3.6016
86.0290,0.9223,3.9493
86.0292,0.9787,4.2004
86.0294,0.8766,3.766
86.0296,0.8163,3.5052
86.0298,0.8041,3.4495
86.0300,0.8733,3.7481
86.0302,0.8448,3.6312
86.0304,0.8056,3.4643
86.0306,0.7295,3.1354
86.0308,0.7794,3.3467
86.0310,0.845,3.6317
86.0312,0.7851,3.3745
86.0314,0.7654,3.2925
86.0316,0.7036,3.0297
86.0318,0.7073,3.0415
86.0320,0.714,3.0718
86.0322,0.6841,2.9428
86.0324,0.6812,2.9263
86.0326,0.7602,3.2688
86.0328,0.7811,3.3586
86.0330,0.8164,3.509
86.0332,0.7678,3.2983
86.0334,0.7895,3.3915
86.0336,0.7608,3.2699
86.0338,0.81,3.4812
86.0340,0.7437,3.2022
86.0342,0.6755,2.9075
86.0344,0.727,3.1289
86.0346,0.6928,2.9819
86.0348,0.6898,2.9703
86.0350,0.6905,2.9762
86.0352,0.6598,2.8399
86.0354,0.673,2.8967
86.0356,0.685,2.9442
86.0358,0.7478,3.2142
86.0360,0.721,3.1089
86.0362,0.5922,2.5536
86.0364,0.5743,2.4743
86.0366,0.6806,2.9224
86.0368,0.7964,3.4261
86.0370,0.7717,3.3183
86.0372,0.7439,3.1987
86.0374,0.7044,3.0305
86.0376,0.7293,3.1373
86.0378,0.7518,3.2328
86.0380,0.7681,3.3029
86.0382,0.7664,3.2972
86.0384,0.7646,3.2895
86.0386,0.7134,3.072
86.0388,0.6984,3.0061
86.0390,0.6875,2.9564
86.0392,0.7296,3.1432
86.0394,0.6206,2.6761
86.0396,0.585,2.5238
86.0398,0.6038,2.6001
86.0400,0.7167,3.0846
86.0402,0.6258,2.6984
86.0404,0.5458,2.3535
86.0406,0.5413,2.335
86.0408,0.5451,2.3504
86.0410,0.5425,2.3401
86.0412,0.5384,2.3225
86.0414,0.5636,2.43
86.0416,0.5345,2.3071
86.0418,0.5265,2.2713
86.0420,0.5307,2.2894
86.0422,0.5284,2.2796
86.0424,0.5287,2.2817
86.0426,0.5276,2.2749
86.0428,0.5312,2.2926
86.0430,0.5558,2.3964
86.0432,0.6109,2.633
86.0434,0.5438,2.3447
86.0436,0.5275,2.2755
86.0438,0.5297,2.2832
86.0440,0.5263,2.2692
86.0442,0.5277,2.2754
86.0444,0.5396,2.3256
86.0446,0.6112,2.6329
86.0448,0.6251,2.6915
86.0450,0.583,2.515
86.0452,0.5299,2.2858
86.0454,0.5301,2.2847
86.0456,0.532,2.2941
86.0458,0.5583,2.4028
86.0460,0.6293,2.7071
86.0462,0.6916,2.9753
86.0464,0.75,3.2205
86.0466,0.7901,3.3972
86.0468,0.6331,2.7261
86.0470,0.5458,2.3524
86.0472,0.5181,2.2341
86.0474,0.573,2.4686
86.0476,0.5805,2.5018
86.0478,0.5638,2.4322
86.0480,0.6026,2.5974
86.0482,0.5765,2.4847
86.0484,0.5724,2.4637
86.0486,0.6297,2.7104
86.0488,0.6478,2.7896
86.0490,0.5952,2.5594
86.0492,0.6567,2.8252
86.0494,0.6645,2.8627
86.0496,0.6265,2.6927
86.0498,0.6904,2.9715
86.0500,0.6149,2.6489
86.0502,0.6114,2.6314
86.0504,0.641,2.7589
86.0506,0.6695,2.8777
86.0508,0.6957,2.9915
86.0510,0.6927,2.9786
86.0512,0.7371,3.1738
86.0514,0.6391,2.7532
86.0516,0.5501,2.3721
86.0518,0.5439,2.342
86.0520,0.5535,2.3855
86.0522,0.5441,2.3463
86.0524,0.5511,2.3752
86.0526,0.5446,2.3473
86.0528,0.5456,2.3525
86.0530,0.5705,2.4577
86.0532,0.6391,2.7507
86.0534,0.6297,2.7142
86.0536,0.5556,2.3959
86.0538,0.5495,2.3673
86.0540,0.5537,2.3843
86.0542,0.5743,2.4731
86.0544,0.5993,2.5865
86.0546,0.5073,2.1845
86.0548,0.5423,2.3374
86.0550,0.5508,2.3719
86.0552,0.665,2.8595
86.0554,0.6695,2.8804
86.0556,0.6264,2.696
86.0558,0.6288,2.705
86.0560,0.6731,2.8972
86.0562,0.6164,2.6519
86.0564,0.6878,2.9561
86.0566,0.7681,3.2983
86.0568,0.8536,3.662
86.0570,0.8673,3.7206
86.0572,0.8561,3.671
86.0574,0.8806,3.7759
86.0576,0.9204,3.943
86.0578,1.0452,4.4756
86.0580,1.0561,4.5202
86.0582,1.0676,4.5695
86.0584,1.0194,4.3591
86.0586,1.057,4.5217
86.0588,1.0203,4.3668
86.0590,1.0116,4.3318
86.0592,1.0421,4.4602
86.0594,1.0697,4.5761
86.0596,1.1044,4.7226
86.0598,1.1553,4.94
86.0600,1.1254,4.8123
86.0602,1.1391,4.8639
86.0604,1.2002,5.1323
86.0606,1.0775,4.6309
86.0608,0.8403,3.6133
86.0610,0.7589,3.2601
86.0612,0.8166,3.5079
86.0614,0.8064,3.469
86.0616,0.7877,3.3853
86.0618,0.7938,3.41
86.0620,0.8229,3.5369
86.0622,0.7775,3.34
86.0624,0.7941,3.4132
86.0626,0.8432,3.6223
86.0628,0.818,3.519
86.0630,0.6885,2.9619
86.0632,0.7131,3.0691
86.0634,0.7095,3.0536
86.0636,0.6989,3.0082
86.0638,0.6604,2.8412
86.0640,0.7193,3.1002
86.0642,0.645,2.7785
86.0644,0.6813,2.9296
86.0646,0.7655,3.2885
86.0648,0.7892,3.3905
86.0650,0.8146,3.4997
86.0652,0.7847,3.3787
86.0654,0.7156,3.0813
86.0656,0.7624,3.2781
86.0658,0.8174,3.5132
86.0660,0.744,3.1992
86.0662,0.8144,3.5052
86.0664,0.7372,3.1699
86.0666,0.7373,3.1733
86.0668,0.6791,2.923
86.0670,0.6877,2.9583
86.0672,0.7091,3.0506
86.0674,0.7059,3.0409
86.0676,0.6907,2.9753
86.0678,0.6549,2.8214
86.0680,0.6133,2.6434
86.0682,0.5998,2.5862
86.0684,0.6044,2.6051
86.0686,0.6018,2.595
86.0688,0.606,2.6094
86.0690,0.689,2.9667
86.0692,0.6342,2.7358
86.0694,0.6279,2.7039
86.0696,0.6618,2.8455
86.0698,0.7043,3.03
86.0700,0.6793,2.9263
86.0702,0.6193,2.668
86.0704,0.6218,2.6776
86.0706,0.6851,2.9488
86.0708,0.6935,2.9877
86.0710,0.5782,2.4943
86.0712,0.5288,2.2812
86.0714,0.5499,2.3722
86.0716,0.5164,2.2279
86.0718,0.5297,2.2853
86.0720,0.5401,2.333
86.0722,0.4516,1.9517
86.0724,0.4406,1.9027
86.0726,0.4447,1.9221
86.0728,0.4492,1.9404
86.0730,0.4777,2.0598
86.0732,0.5243,2.2589
86.0734,0.5297,2.2874
86.0736,0.4686,2.0243
86.0738,0.4538,1.9615
86.0740,0.4397,1.8986
86.0742,0.4271,1.8451
86.0744,0.4195,1.8124
86.0746,0.432,1.8663
86.0748,0.4279,1.8487
86.0750,0.4936,2.1296
86.0752,0.4554,1.9664
86.0754,0.4296,1.8542
86.0756,0.4351,1.8772
86.0758,0.4309,1.8617
86.0760,0.447,1.9293
86.0762,0.5038,2.1746
86.0764,0.5048,2.1777
86.0766,0.4542,1.9612
86.0768,0.4857,2.0964
86.0770,0.4685,2.0191
86.0772,0.5017,2.1612
86.0774,0.5598,2.4129
86.0776,0.5775,2.4877
86.0778,0.5958,2.5655
86.0780,0.5975,2.5716
86.0782,0.6006,2.585
86.0784,0.6271,2.6978
86.0786,0.6465,2.7814
86.0788,0.6204,2.6714
86.0790,0.6331,2.7236
86.0792,0.6252,2.692
86.0794,0.5975,2.5716
86.0796,0.7047,3.0287
86.0798,0.7252,3.1154
86.0800,0.7191,3.092
86.0802,0.6321,2.7233
86.0804,0.6252,2.6908
86.0806,0.6765,2.9117
86.0808,0.6571,2.8268
86.0810,0.635,2.7344
86.0812,0.6066,2.6108
86.0814,0.6494,2.7976
86.0816,0.593,2.5584
86.0818,0.4842,2.0878
86.0820,0.4751,2.0475
86.0822,0.5148,2.2196
86.0824,0.5463,2.3534
86.0826,0.5717,2.4652
86.0828,0.4924,2.1244
86.0830,0.5004,2.1566
86.0832,0.5528,2.3813
86.0834,0.577,2.4845
86.0836,0.5844,2.5165
86.0838,0.5887,2.5351
86.0840,0.5981,2.5742
86.0842,0.6101,2.6245
86.0844,0.6877,2.9597
86.0846,0.6644,2.8582
86.0848,0.6622,2.845
86.0850,0.7166,3.0783
86.0852,0.7573,3.2565
86.0854,0.6522,2.8056
86.0856,0.6022,2.5953
86.0858,0.5796,2.4982
86.0860,0.567,2.4428
86.0862,0.5698,2.4535
86.0864,0.654,2.812
86.0866,0.699,3.0087
86.0868,0.6463,2.779
86.0870,0.6471,2.7852
86.0872,0.6537,2.8136
86.0874,0.6616,2.8516
86.0876,0.5883,2.5377
86.0878,0.4932,2.1275
86.0880,0.4636,1.9998
86.0882,0.4987,2.1453
86.0884,0.5914,2.5476
86.0886,0.5621,2.4238
86.0888,0.506,2.1819
86.0890,0.5004,2.1546
86.0892,0.6313,2.7184
86.0894,0.6609,2.8406
86.0896,0.708,3.0431
86.0898,0.7498,3.221
86.0900,0.7144,3.0733
86.0902,0.6594,2.8352
86.0904,0.6855,2.9435
86.0906,0.8223,3.5277
86.0908,0.8938,3.8343
86.0910,0.8625,3.6966
86.0912,0.8815,3.7836
86.0914,0.8237,3.5339
86.0916,0.8284,3.5572
86.0918,0.9013,3.8631
86.0920,0.9396,4.0289
86.0922,0.8644,3.71
86.0924,0.8474,3.6386
86.0926,0.8699,3.7284
86.0928,0.8971,3.8415
86.0930,0.9514,4.0817
86.0932,0.876,3.7617
86.0934,0.844,3.6191
86.0936,0.856,3.6757
86.0938,0.8218,3.5306
86.0940,0.8164,3.5041
86.0942,0.8535,3.6631
86.0944,0.8927,3.8225
86.0946,0.9488,4.0704
86.0948,0.8779,3.7699
86.0950,0.811,3.4875
86.0952,0.7905,3.3977
86.0954,0.7893,3.3894
86.0956,0.8019,3.4467
86.0958,0.7796,3.3524
86.0960,0.7799,3.3503
86.0962,0.7697,3.305
86.0964,0.7731,3.323
86.0966,0.8148,3.5018
86.0968,0.7951,3.4221
86.0970,0.7223,3.1045
86.0972,0.8079,3.4676
86.0974,0.861,3.6956
86.0976,0.8616,3.6964
86.0978,0.8492,3.648
86.0980,0.7817,3.3596
86.0982,0.8037,3.4544
86.0984,0.8281,3.5574
86.0986,0.8277,3.5542
86.0988,0.8469,3.6399
86.0990,0.7892,3.3968
86.0992,0.676,2.9123
86.0994,0.6494,2.7937
86.0996,0.7098,3.0509
86.0998,0.7482,3.2173
86.1000,0.755,3.2482
86.1002,0.7609,3.2704
86.1004,0.7877,3.3806
86.1006,0.8911,3.8247
86.1008,0.8867,3.8075
86.1010,0.851,3.6557
86.1012,0.788,3.3869
86.1014,0.7884,3.3884
86.1016,0.7297,3.1437
86.1018,0.6905,2.9748
86.1020,0.6769,2.9132
86.1022,0.693,2.9829
86.1024,0.6885,2.9647
86.1026,0.6799,2.9248
86.1028,0.7366,3.1643
86.1030,0.8397,3.6073
86.1032,0.8078,3.4768
86.1034,0.7188,3.091
86.1036,0.7722,3.3235
86.1038,0.717,3.0861
86.1040,0.691,2.9727
86.1042,0.7156,3.0785
86.1044,0.7254,3.1237
86.1046,0.6216,2.6803
86.1048,0.5777,2.4922
86.1050,0.592,2.5502
86.1052,0.613,2.6418
86.1054,0.5926,2.5552
86.1056,0.5785,2.4924
86.1058,0.5854,2.5206
86.1060,0.6096,2.6237
86.1062,0.7065,3.0393
86.1064,0.7375,3.1773
86.1066,0.6114,2.6363
86.1068,0.6209,2.6759
86.1070,0.6148,2.6471
86.1072,0.6216,2.6766
86.1074,0.6193,2.6692
86.1076,0.5415,2.3338
86.1078,0.527,2.2745
86.1080,0.5275,2.2765
86.1082,0.5284,2.2786
86.1084,0.5302,2.2884
86.1086,0.5315,2.292
86.1088,0.5374,2.3184
86.1090,0.5269,2.2708
86.1092,0.546,2.3502
86.1094,0.6194,2.6673
86.1096,0.656,2.8195
86.1098,0.71,3.0571
86.1100,0.6192,2.6712
86.1102,0.5399,2.326
86.1104,0.5438,2.3447
86.1106,0.5381,2.3194
86.1108,0.5357,2.309
86.1110,0.5375,2.3189
86.1112,0.5367,2.3142
86.1114,0.5477,2.3596
86.1116,0.5457,2.3541
86.1118,0.535,2.3081
86.1120,0.5276,2.2739
86.1122,0.5194,2.2387
86.1124,0.5779,2.4898
86.1126,0.6558,2.8158
86.1128,0.7868,3.377
86.1130,0.8007,3.4431
86.1132,0.717,3.089
86.1134,0.6056,2.6103
86.1136,0.5318,2.2941
86.1138,0.5213,2.2491
86.1140,0.5236,2.2579
86.1142,0.5287,2.2764
86.1144,0.5613,2.4213
86.1146,0.5143,2.2175
86.1148,0.5259,2.2635
86.1150,0.6204,2.6714
86.1152,0.6531,2.8123
86.1154,0.6507,2.7994
86.1156,0.6663,2.8665
86.1158,0.6794,2.9213
86.1160,0.6803,2.9282
86.1162,0.6218,2.6801
86.1164,0.5964,2.5705
86.1166,0.5823,2.5084
86.1168,0.6188,2.6634
86.1170,0.6809,2.9308
86.1172,0.6761,2.9061
86.1174,0.7152,3.0741
86.1176,0.7356,3.1602
86.1178,0.7676,3.2993
86.1180,0.7076,3.0453
86.1182,0.6119,2.6384
86.1184,0.6365,2.7393
86.1186,0.7178,3.0835
86.1188,0.7132,3.071
86.1190,0.6098,2.626
86.1192,0.5716,2.4601
86.1194,0.662,2.8453
86.1196,0.7261,3.1195
86.1198,0.7716,3.3163
86.1200,0.7626,3.2776
86.1202,0.716,3.08
86.1204,0.6832,2.9406
86.1206,0.6614,2.8493
86.1208,0.6038,2.5989
86.1210,0.5935,2.5605
86.1212,0.5582,2.4057
86.1214,0.6065,2.6079
86.1216,0.6618,2.8508
86.1218,0.639,2.7501
86.1220,0.6807,2.9311
86.1222,0.6288,2.705
86.1224,0.664,2.858
86.1226,0.6564,2.825
86.1228,0.6957,2.9915
86.1230,0.753,3.2334
86.1232,0.7759,3.3348
86.1234,0.7333,3.1563
86.1236,0.6428,2.7602
86.1238,0.7879,3.3801
86.1240,0.8957,3.8425
86.1242,0.904,3.8762
86.1244,0.9326,4.0009
86.1246,0.9163,3.9292
86.1248,0.9161,3.93
86.1250,0.9037,3.8806
86.1252,0.852,3.6519
86.1254,0.9576,4.1003
86.1256,1.0276,4.4001
86.1258,1.0178,4.3539
86.1260,1.03,4.4124
86.1262,1.0121,4.3359
86.1264,1.0401,4.4473
86.1266,1.1215,4.8044
86.1268,1.0995,4.7082
86.1270,1.0529,4.5106
86.1272,0.9778,4.1949
86.1274,0.9272,3.9796
86.1276,0.8854,3.8018
86.1278,0.8375,3.6014
86.1280,0.8192,3.5242
86.1282,0.7698,3.3055
86.1284,0.854,3.6618
86.1286,0.8377,3.6053
86.1288,0.7277,3.132
86.1290,0.7157,3.0819
86.1292,0.7032,3.0253
86.1294,0.7083,3.0498
86.1296,0.7131,3.0733
86.1298,0.6956,2.9909
86.1300,0.7691,3.3085
86.1302,0.7649,3.292
86.1304,0.698,3.0068
86.1306,0.6613,2.8461
86.1308,0.6881,2.9617
86.1310,0.6923,2.9812
86.1312,0.6643,2.863
86.1314,0.623,2.6828
86.1316,0.6705,2.8845
86.1318,0.735,3.162
86.1320,0.6576,2.8328
86.1322,0.5968,2.5745
86.1324,0.5939,2.5597
86.1326,0.6206,2.6712
86.1328,0.7169,3.087
86.1330,0.7127,3.0675
86.1332,0.6868,2.9602
86.1334,0.6035,2.601
86.1336,0.6547,2.8138
86.1338,0.6915,2.9789
86.1340,0.667,2.8709
86.1342,0.6863,2.9554
86.1344,0.7191,3.0963
86.1346,0.6879,2.9552
86.1348,0.7571,3.2585
86.1350,0.711,3.0646
86.1352,0.6377,2.7496
86.1354,0.5977,2.5762
86.1356,0.5871,2.5279
86.1358,0.6411,2.7594
86.1360,0.6773,2.9153
86.1362,0.7372,3.1669
86.1364,0.785,3.3771
86.1366,0.6698,2.8828
86.1368,0.6397,2.7545
86.1370,0.6326,2.7253
86.1372,0.638,2.7473
86.1374,0.6387,2.7517
86.1376,0.6423,2.7697
86.1378,0.6163,2.6575
86.1380,0.5538,2.3882
86.1382,0.5538,2.3882
86.1384,0.6115,2.6332
86.1386,0.6363,2.7426
86.1388,0.5468,2.3598
86.1390,0.5363,2.3148
86.1392,0.5713,2.4614
86.1394,0.6192,2.6699
86.1396,0.5662,2.4425
86.1398,0.548,2.3628
86.1400,0.5854,2.523
86.1402,0.5672,2.4433
86.1404,0.5939,2.5561
86.1406,0.663,2.8494
86.1408,0.7537,3.244
86.1410,0.6423,2.7736
86.1412,0.4948,2.1377
86.1414,0.46,1.9861
86.1416,0.4542,1.9612
86.1418,0.4676,2.0174
86.1420,0.5199,2.2418
86.1422,0.5427,2.3444
86.1424,0.4656,2.0114
86.1426,0.4285,1.8504
86.1428,0.4275,1.8458
86.1430,0.4302,1.8585
86.1432,0.4333,1.8703
86.1434,0.4297,1.8548
86.1436,0.4282,1.8489
86.1438,0.4309,1.8608
86.1440,0.4339,1.8729
86.1442,0.4372,1.8877
86.1444,0.4308,1.8611
86.1446,0.4318,1.8653
86.1448,0.4501,1.9409
86.1450,0.505,2.1777
86.1452,0.5556,2.3904
86.1454,0.6405,2.7581
86.1456,0.5624,2.4249
86.1458,0.5674,2.4443
86.1460,0.601,2.5877
86.1462,0.5844,2.5212
86.1464,0.4731,2.043
86.1466,0.4709,2.0294
86.1468,0.5387,2.3198
86.1470,0.5454,2.3476
86.1472,0.5872,2.5307
86.1474,0.5621,2.4227
86.1476,0.5966,2.5704
86.1478,0.5637,2.4272
86.1480,0.583,2.5091
86.1482,0.5977,2.575
86.1484,0.5675,2.4448
86.1486,0.5614,2.4185
86.1488,0.5506,2.372
86.1490,0.5791,2.4926
86.1492,0.6148,2.6471
86.1494,0.6043,2.5986
86.1496,0.657,2.821
86.1498,0.7596,3.2663
86.1500,0.6829,2.9349
86.1502,0.7341,3.1564
86.1504,0.7215,3.1066
86.1506,0.6269,2.7018
86.1508,0.583,2.5103
86.1510,0.5895,2.5382
86.1512,0.6204,2.6701
86.1514,0.6806,2.9279
86.1516,0.6475,2.7855
86.1518,0.6054,2.6056
86.1520,0.5935,2.5569
86.1522,0.5779,2.4909
86.1524,0.5632,2.4285
86.1526,0.5164,2.2279
86.1528,0.4646,2.0044
86.1530,0.4652,2.007
86.1532,0.4688,2.0244
86.1534,0.4282,1.8472
86.1536,0.4619,1.9879
86.1538,0.5279,2.2744
86.1540,0.5296,2.2858
86.1542,0.4549,1.9625
86.1544,0.4893,2.1071
86.1546,0.5525,2.3825
86.1548,0.5047,2.1742
86.1550,0.5151,2.216
86.1552,0.6155,2.6502
86.1554,0.6245,2.6864
86.1556,0.66,2.8391
86.1558,0.6814,2.9247
86.1560,0.7255,3.1184
86.1562,0.7095,3.0508
86.1564,0.7535,3.2279
86.1566,0.9179,3.934
86.1568,0.9158,3.9253
86.1570,0.8999,3.8551
86.1572,0.9514,4.0684
86.1574,1.0554,4.5192
86.1576,1.0294,4.4037
86.1578,1.0203,4.3668
86.1580,1.0529,4.5042
86.1582,1.0914,4.6711
86.1584,0.9978,4.2728
86.1586,0.9606,4.117
86.1588,0.9373,4.0173
86.1590,0.9806,4.2008
86.1592,0.9974,4.2747
86.1594,0.9594,4.1099
86.1596,0.9782,4.1925
86.1598,0.9898,4.2384
86.1600,0.9884,4.2342
86.1602,0.9968,4.2722
86.1604,0.9706,4.164
86.1606,0.9444,4.0476
86.1608,0.9417,4.0438
86.1610,0.9037,3.8752
86.1612,0.9478,4.0625
86.1614,0.9271,3.9791
86.1616,0.8613,3.7035
86.1618,0.7958,3.4172
86.1620,0.8164,3.509
86.1622,0.8166,3.5063
86.1624,0.8343,3.5858
86.1626,0.7813,3.3549
86.1628,0.7767,3.3353
86.1630,0.7791,3.3534
86.1632,0.7264,3.1235
86.1634,0.7454,3.2039
86.1636,0.8192,3.5225
86.1638,0.7853,3.3719
86.1640,0.8042,3.4613
86.1642,0.7102,3.0538
86.1644,0.7445,3.2043
86.1646,0.7223,3.103
86.1648,0.7662,3.2977
86.1650,0.7152,3.0784
86.1652,0.7556,3.2477
86.1654,0.7808,3.3591
86.1656,0.6915,2.9734
86.1658,0.7844,3.3746
86.1660,0.785,3.3709
86.1662,0.8213,3.5269
86.1664,0.8372,3.5999
86.1666,0.8137,3.4955
86.1668,0.8139,3.4966
86.1670,0.7987,3.436
86.1672,0.767,3.2998
86.1674,0.7546,3.2476
86.1676,0.7066,3.0412
86.1678,0.6879,2.9607
86.1680,0.6839,2.945
86.1682,0.7061,3.042
86.1684,0.6842,2.9447
86.1686,0.7367,3.1634
86.1688,0.8469,3.6365
86.1690,0.8306,3.5715
86.1692,0.7681,3.2998
86.1694,0.7405,3.1828
86.1696,0.7102,3.0567
86.1698,0.6917,2.9772
86.1700,0.7336,3.1573
86.1702,0.7062,3.0439
86.1704,0.6355,2.739
86.1706,0.6112,2.6341
86.1708,0.5848,2.5192
86.1710,0.6041,2.6084
86.1712,0.5227,2.2569
86.1714,0.4995,2.1559
86.1716,0.5,2.158
86.1718,0.532,2.2941
86.1720,0.5928,2.5526
86.1722,0.7139,3.0684
86.1724,0.7321,3.1541
86.1726,0.6357,2.7426
86.1728,0.5474,2.3602
86.1730,0.5277,2.2765
86.1732,0.5102,2.204
86.1734,0.5106,2.2025
86.1736,0.5154,2.2232
86.1738,0.5294,2.2848
86.1740,0.5173,2.2315
86.1742,0.5119,2.2072
86.1744,0.5134,2.2139
86.1746,0.5185,2.2377
86.1748,0.5519,2.3799
86.1750,0.5488,2.3675
86.1752,0.5152,2.2227
86.1754,0.5278,2.2749
86.1756,0.6102,2.6275
86.1758,0.5802,2.4984
86.1760,0.5742,2.4761
86.1762,0.558,2.404
86.1764,0.6151,2.6462
86.1766,0.7006,3.0154
86.1768,0.6875,2.9605
86.1770,0.655,2.8193
86.1772,0.652,2.8051
86.1774,0.6529,2.8126
86.1776,0.6508,2.8012
86.1778,0.6736,2.8966
86.1780,0.6911,2.9732
86.1782,0.6579,2.829
86.1784,0.7068,3.0408
86.1786,0.7064,3.0402
86.1788,0.7405,3.1798
86.1790,0.7999,3.4379
86.1792,0.7217,3.1033
86.1794,0.752,3.2308
86.1796,0.7925,3.4075
86.1798,0.7675,3.3049
86.1800,0.6046,2.6057
86.1802,0.5821,2.5102
86.1804,0.5331,2.2976
86.1806,0.5717,2.4652
86.1808,0.5559,2.3936
86.1810,0.6389,2.7471
86.1812,0.6548,2.8143
86.1814,0.6826,2.9366
86.1816,0.6626,2.8531
86.1818,0.6656,2.8647
86.1820,0.6861,2.9502
86.1822,0.6957,2.9942
86.1824,0.6362,2.7434
86.1826,0.559,2.4082
86.1828,0.5863,2.5212
86.1830,0.701,3.0113
86.1832,0.7446,3.2048
86.1834,0.76,3.2663
86.1836,0.7937,3.4143
86.1838,0.6698,2.8855
86.1840,0.5838,2.5174
86.1842,0.567,2.4428
86.1844,0.6086,2.6171
86.1846,0.6797,2.927
86.1848,0.6209,2.6759
86.1850,0.5795,2.4965
86.1852,0.5686,2.4506
86.1854,0.6097,2.6267
86.1856,0.6666,2.8688
86.1858,0.6542,2.8157
86.1860,0.6157,2.6513
86.1862,0.5743,2.4754
86.1864,0.5096,2.1994
86.1866,0.4752,2.0528
86.1868,0.4767,2.0557
86.1870,0.5146,2.2191
86.1872,0.5275,2.2744
86.1874,0.5447,2.3456
86.1876,0.6313,2.7196
86.1878,0.608,2.6158
86.1880,0.6442,2.7703
86.1882,0.6506,2.8015
86.1884,0.6514,2.8077
86.1886,0.6279,2.7027
86.1888,0.6405,2.7568
86.1890,0.6433,2.7674
86.1892,0.6896,2.9652
86.1894,0.7175,3.0853
86.1896,0.7516,3.2242
86.1898,0.8174,3.5132
86.1900,0.7868,3.3817
86.1902,0.8137,3.4907
86.1904,0.8566,3.6765
86.1906,0.8493,3.6451
86.1908,0.9012,3.8626
86.1910,0.913,3.9184
86.1912,0.8566,3.6782
86.1914,0.9077,3.8921
86.1916,0.8931,3.8366
86.1918,0.8891,3.8124
86.1920,0.9378,4.0249
86.1922,0.8444,3.624
86.1924,0.8495,3.6462
86.1926,0.8751,3.7558
86.1928,0.8964,3.851
86.1930,0.8422,3.6181
86.1932,0.8236,3.5367
86.1934,0.8012,3.4436
86.1936,0.8025,3.4476
86.1938,0.808,3.473
86.1940,0.8146,3.5013
86.1942,0.8042,3.4516
86.1944,0.8371,3.596
86.1946,0.8737,3.7536
86.1948,0.8729,3.75
86.1950,0.8621,3.6968
86.1952,0.9246,3.9646
86.1954,0.9542,4.0954
86.1956,0.846,3.6397
86.1958,0.7074,3.0406
86.1960,0.7201,3.0995
86.1962,0.7134,3.072
86.1964,0.6856,2.9481
86.1966,0.7434,3.1907
86.1968,0.8068,3.471
86.1970,0.7357,3.1651
86.1972,0.7727,3.3178
86.1974,0.8315,3.5673
86.1976,0.8719,3.7407
86.1978,0.8746,3.7572
86.1980,0.8325,3.5798
86.1982,0.792,3.4039
86.1984,0.7838,3.372
86.1986,0.7777,3.3426
86.1988,0.8368,3.5966
86.1990,0.788,3.3916
86.1992,0.7939,3.4137
86.1994,0.7986,3.4322
86.1996,0.8296,3.5657
86.1998,0.8419,3.6166
86.2000,0.8366,3.604
86.2002,0.6625,2.8539
86.2004,0.6343,2.73
86.2006,0.6814,2.9315
86.2008,0.6853,2.9507
86.2010,0.721,3.1031
86.2012,0.6962,2.9991
86.2014,0.6132,2.6429
86.2016,0.6071,2.6165
86.2018,0.6173,2.6617
86.2020,0.6146,2.6466
86.2022,0.6694,2.8839
86.2024,0.6429,2.7723
86.2026,0.6026,2.5986
86.2028,0.5695,2.457
86.2030,0.5247,2.2625
86.2032,0.5536,2.3893
86.2034,0.5442,2.3479
86.2036,0.4881,2.1048
86.2038,0.5092,2.1968
86.2040,0.5472,2.3619
86.2042,0.5384,2.3247
86.2044,0.4814,2.0797
86.2046,0.4531,1.9566
86.2048,0.4534,1.9585
86.2050,0.453,1.957
86.2052,0.4662,2.0102
86.2054,0.5289,2.2774
86.2056,0.6401,2.7535
86.2058,0.6031,2.6019
86.2060,0.5294,2.2869
86.2062,0.4619,1.9944
86.2064,0.4526,1.9554
86.2066,0.4528,1.9559
86.2068,0.4731,2.0421
86.2070,0.5219,2.2506
86.2072,0.5372,2.3141
86.2074,0.5614,2.4196
86.2076,0.5606,2.4171
86.2078,0.5753,2.483
86.2080,0.476,2.0555
86.2082,0.452,1.9501
86.2084,0.4543,1.9627
86.2086,0.4824,2.0781
86.2088,0.5654,2.4378
86.2090,0.4742,2.0468
86.2092,0.4578,1.9768
86.2094,0.4564,1.9706
86.2096,0.4543,1.9618
86.2098,0.4576,1.9739
86.2100,0.4536,1.9586
86.2102,0.4802,2.0707
86.2104,0.498,2.1492
86.2106,0.4657,2.0063
86.2108,0.511,2.2046
86.2110,0.4572,1.9733
86.2112,0.4464,1.9276
86.2114,0.4523,1.952
86.2116,0.4616,1.9915
86.2118,0.4675,2.0159
86.2120,0.5134,2.2129
86.2122,0.5614,2.4174
86.2124,0.5976,2.5733
86.2126,0.5812,2.506
86.2128,0.5624,2.4237
86.2130,0.5498,2.3717
86.2132,0.4779,2.0637
86.2134,0.4448,1.9191
86.2136,0.4594,1.9826
86.2138,0.416,1.7944
86.2140,0.5133,2.2103
86.2142,0.5636,2.4278
86.2144,0.5685,2.449
86.2146,0.5206,2.246
86.2148,0.4831,2.085
86.2150,0.4741,2.0453
86.2152,0.4795,2.0647
86.2154,0.5389,2.3203
86.2156,0.5806,2.4977
86.2158,0.6132,2.6392
86.2160,0.6397,2.7494
86.2162,0.6951,2.9889
86.2164,0.6683,2.8766
86.2166,0.6679,2.8745
86.2168,0.6808,2.9275
86.2170,0.6927,2.9758
86.2172,0.7366,3.1658
86.2174,0.7357,3.1607
86.2176,0.7668,3.2972
86.2178,0.7482,3.2143
86.2180,0.7425,3.1896
86.2182,0.7249,3.1187
86.2184,0.6466,2.7858
86.2186,0.5859,2.5203
86.2188,0.6419,2.76
86.2190,0.6771,2.9115
86.2192,0.652,2.8064
86.2194,0.6088,2.6189
86.2196,0.6103,2.6292
86.2198,0.5988,2.582
86.2200,0.518,2.2325
86.2202,0.5288,2.2801
86.2204,0.4763,2.0536
86.2206,0.466,2.0092
86.2208,0.5194,2.2387
86.2210,0.521,2.2444
86.2212,0.5253,2.2662
86.2214,0.5252,2.2604
86.2216,0.5827,2.5034
86.2218,0.6601,2.837
86.2220,0.7548,3.2426
86.2222,0.7213,3.0989
86.2224,0.7595,3.2612
86.2226,0.8038,3.4501
86.2228,0.7869,3.3775
86.2230,0.8216,3.523
86.2232,0.9124,3.9122
86.2234,0.9169,3.9317
86.2236,0.8944,3.8351
86.2238,0.9109,3.9042
86.2240,0.913,3.9129
86.2242,0.914,3.9212
86.2244,0.901,3.8579
86.2246,0.9745,4.1824
86.2248,0.8601,3.6932
86.2250,0.8464,3.6311
86.2252,0.86,3.6858
86.2254,0.8673,3.7206
86.2256,0.8591,3.6873
86.2258,0.8396,3.6068
86.2260,0.8351,3.5878
86.2262,0.8327,3.5758
86.2264,0.8417,3.6127
86.2266,0.8624,3.6995
86.2268,0.8693,3.7311
86.2270,0.8851,3.7937
86.2272,0.9602,4.1193
86.2274,0.8702,3.7347
86.2276,0.8413,3.6157
86.2278,0.7959,3.4193
86.2280,0.8444,3.6274
86.2282,0.8149,3.4974
86.2284,0.8884,3.8076
86.2286,0.9787,4.1985
86.2288,0.8831,3.7903
86.2290,0.8067,3.4641
86.2292,0.7914,3.4013
86.2294,0.7887,3.39
86.2296,0.7824,3.3642
86.2298,0.7248,3.1167
86.2300,0.7492,3.2229
86.2302,0.763,3.2807
86.2304,0.7861,3.3755
86.2306,0.8481,3.6417
86.2308,0.8516,3.6634
86.2310,0.7743,3.3281
86.2312,0.7759,3.3348
86.2314,0.8164,3.5107
86.2316,0.7842,3.3704
86.2318,0.7779,3.3405
86.2320,0.8456,3.6326
86.2322,0.8519,3.6582
86.2324,0.8012,3.4436
86.2326,0.7763,3.3395
86.2328,0.765,3.2864
86.2330,0.802,3.444
86.2332,0.7787,3.3514
86.2334,0.692,2.9782
86.2336,0.6845,2.9449
86.2338,0.7457,3.2065
86.2340,0.7295,3.1398
86.2342,0.6468,2.7889
86.2344,0.6112,2.6329
86.2346,0.6299,2.7097
86.2348,0.6571,2.8307
86.2350,0.6349,2.7351
86.2352,0.6686,2.8709
86.2354,0.8528,3.6618
86.2356,0.8258,3.5542
86.2358,0.697,3.0013
86.2360,0.6797,2.9215
86.2362,0.735,3.1591
86.2364,0.7627,3.2812
86.2366,0.7065,3.0421
86.2368,0.6574,2.8322
86.2370,0.6483,2.7917
86.2372,0.6612,2.8469
86.2374,0.6698,2.8828
86.2376,0.7121,3.0649
86.2378,0.6794,2.9268
86.2380,0.6168,2.6559
86.2382,0.6145,2.6461
86.2384,0.623,2.6828
86.2386,0.6994,3.0116
86.2388,0.7211,3.1051
86.2390,0.6802,2.9263
86.2392,0.6724,2.8955
86.2394,0.6737,2.9079
86.2396,0.5601,2.4139
86.2398,0.5374,2.3184
86.2400,0.5327,2.2982
86.2402,0.532,2.293
86.2404,0.5399,2.3271
86.2406,0.5865,2.5253
86.2408,0.62,2.6736
86.2410,0.5963,2.5688
86.2412,0.5802,2.4984
86.2414,0.5666,2.443
86.2416,0.535,2.3081
86.2418,0.5344,2.3001
86.2420,0.6212,2.6762
86.2422,0.5883,2.5389
86.2424,0.5452,2.3509
86.2426,0.5373,2.3157
86.2428,0.5344,2.3044
86.2430,0.5321,2.2946
86.2432,0.5318,2.292
86.2434,0.5344,2.3055
86.2436,0.5354,2.3107
86.2438,0.5252,2.2646
86.2440,0.5194,2.2408
86.2442,0.5198,2.2424
86.2444,0.5225,2.2532
86.2446,0.5277,2.2733
86.2448,0.53,2.2842
86.2450,0.5204,2.2439
86.2452,0.5471,2.3537
86.2454,0.6496,2.7922
86.2456,0.7506,3.2261
86.2458,0.7813,3.3565
86.2460,0.7477,3.2197
86.2462,0.6088,2.6201
86.2464,0.6084,2.621
86.2466,0.5938,2.558
86.2468,0.5902,2.5425
86.2470,0.6246,2.687
86.2472,0.649,2.7922
86.2474,0.6685,2.8798
86.2476,0.6615,2.8485
86.2478,0.656,2.8234
86.2480,0.6181,2.6641
86.2482,0.5722,2.4661
86.2484,0.5719,2.4628
86.2486,0.6487,2.7855
86.2488,0.7606,3.2689
86.2490,0.7377,3.1734
86.2492,0.6753,2.9065
86.2494,0.6729,2.8989
86.2496,0.6686,2.8736
86.2498,0.7263,3.12
86.2500,0.7427,3.1906
86.2502,0.7446,3.2048
86.2504,0.6427,2.7713
86.2506,0.5191,2.2372
86.2508,0.5716,2.4658
86.2510,0.5191,2.2382
86.2512,0.5191,2.2403
86.2514,0.5179,2.2341
86.2516,0.5017,2.1643
86.2518,0.4952,2.1304
86.2520,0.6062,2.6117
86.2522,0.5727,2.4705
86.2524,0.4971,2.1446
86.2526,0.4661,2.0106
86.2528,0.4848,2.0913
86.2530,0.517,2.2305
86.2532,0.4549,1.9653
86.2534,0.4252,1.8368
86.2536,0.4171,1.8021
86.2538,0.4094,1.7668
86.2540,0.4074,1.7577
86.2542,0.4409,1.902
86.2544,0.5136,2.2134
86.2546,0.5767,2.4835
86.2548,0.6143,2.6426
86.2550,0.5907,2.5433
86.2552,0.6303,2.7092
86.2554,0.6944,2.983
86.2556,0.7278,3.1282
86.2558,0.755,3.2421
86.2560,0.8145,3.491
86.2562,0.9224,3.9554
86.2564,0.912,3.9088
86.2566,0.9555,4.0935
86.2568,0.9014,3.8636
86.2570,0.9385,4.0205
86.2572,0.9788,4.1931
86.2574,0.9769,4.1908
86.2576,1.0197,4.3662
86.2578,1.041,4.4576
86.2580,1.0446,4.4668
86.2582,1.1206,4.7873
86.2584,1.1757,5.0295
86.2586,1.0945,4.6932
86.2588,0.973,4.1665
86.2590,1.0022,4.2953
86.2592,1.0506,4.4945
86.2594,1.0781,4.6184
86.2596,0.9777,4.1924
86.2598,0.9813,4.2039
86.2600,1.0164,4.3585
86.2602,0.8917,3.8291
86.2604,0.7802,3.3581
86.2606,0.7602,3.2719
86.2608,0.7338,3.1554
86.2610,0.745,3.1989
86.2612,0.8233,3.5368
86.2614,0.8506,3.6508
86.2616,0.8657,3.7139
86.2618,0.8994,3.8603
86.2620,0.9336,4.0069
86.2622,0.9192,3.9452
86.2624,0.924,3.9676
86.2626,0.9031,3.8834
86.2628,0.8285,3.5578
86.2630,0.856,3.6791
86.2632,0.8564,3.6789
86.2634,0.8176,3.5142
86.2636,0.8239,3.541
86.2638,0.8275,3.5614
86.2640,0.7348,3.161
86.2642,0.7236,3.113
86.2644,0.756,3.2523
86.2646,0.8025,3.4541
86.2648,0.7377,3.1749
86.2650,0.6735,2.9001
86.2652,0.7088,3.0477
86.2654,0.8062,3.4668
86.2656,0.7525,3.2404
86.2658,0.6638,2.8583
86.2660,0.6844,2.943
86.2662,0.7047,3.0344
86.2664,0.6833,2.9425
86.2666,0.6842,2.9461
86.2668,0.6622,2.8516
86.2670,0.6638,2.8623
86.2672,0.6595,2.8397
86.2674,0.6518,2.808
86.2676,0.5959,2.5684
86.2678,0.6062,2.6129
86.2680,0.6049,2.606
86.2682,0.623,2.684
86.2684,0.6658,2.8711
86.2686,0.6001,2.5925
86.2688,0.51,2.201
86.2690,0.516,2.2248
86.2692,0.5657,2.4393
86.2694,0.5765,2.4882
86.2696,0.5148,2.2196
86.2698,0.5408,2.3318
86.2700,0.5211,2.2522
86.2702,0.46,1.987
86.2704,0.4572,1.9733
86.2706,0.4687,2.0211
86.2708,0.5118,2.2087
86.2710,0.5041,2.1736
86.2712,0.4968,2.144
86.2714,0.456,1.9681
86.2716,0.4597,1.9869
86.2718,0.4488,1.9388
86.2720,0.4534,1.9567
86.2722,0.452,1.9519
86.2724,0.4597,1.986
86.2726,0.4492,1.9386
86.2728,0.4448,1.9191
86.2730,0.4438,1.9144
86.2732,0.4586,1.9804
86.2734,0.4571,1.9737
86.2736,0.4462,1.9265
86.2738,0.442,1.9084
86.2740,0.4535,1.9572
86.2742,0.502,2.1658
86.2744,0.4538,1.9606
86.2746,0.4293,1.8544
86.2748,0.4318,1.8635
86.2750,0.4303,1.8565
86.2752,0.4506,1.9448
86.2754,0.4737,2.0447
86.2756,0.5036,2.1725
86.2758,0.5261,2.2677
86.2760,0.5608,2.4159
86.2762,0.6002,2.5847
86.2764,0.6024,2.5951
86.2766,0.58,2.4962
86.2768,0.5981,2.573
86.2770,0.6378,2.7488
86.2772,0.588,2.5332
86.2774,0.5707,2.4588
86.2776,0.5675,2.4437
86.2778,0.623,2.6828
86.2780,0.5842,2.5166
86.2782,0.5313,2.2878
86.2784,0.5801,2.4968
86.2786,0.6712,2.8903
86.2788,0.6566,2.8247
86.2790,0.7068,3.038
86.2792,0.7071,3.0419
86.2794,0.7469,3.2101
86.2796,0.7217,3.1077
86.2798,0.6058,2.6132
86.2800,0.4662,2.0093
86.2802,0.5496,2.3701
86.2804,0.55,2.3672
86.2806,0.5713,2.4636
86.2808,0.5278,2.2739
86.2810,0.5284,2.2775
86.2812,0.5349,2.3054
86.2814,0.4982,2.1483
86.2816,0.4855,2.0905
86.2818,0.5413,2.3328
86.2820,0.6107,2.6271
86.2822,0.685,2.9497
86.2824,0.6632,2.8517
86.2826,0.6966,2.9942
86.2828,0.7312,3.1426
86.2830,0.7079,3.0469
86.2832,0.6134,2.6427
86.2834,0.5995,2.5792
86.2836,0.6565,2.8268
86.2838,0.6082,2.6175
86.2840,0.6182,2.6609
86.2842,0.6042,2.5993
86.2844,0.6519,2.8046
86.2846,0.6439,2.7726
86.2848,0.5814,2.5048
86.2850,0.5909,2.542
86.2852,0.635,2.7344
86.2854,0.5872,2.5307
86.2856,0.5321,2.2967
86.2858,0.4848,2.0903
86.2860,0.5317,2.2893
86.2862,0.5996,2.5845
86.2864,0.5053,2.1818
86.2866,0.4065,1.7552
86.2868,0.403,1.741
86.2870,0.4061,1.7528
86.2872,0.4916,2.1179
86.2874,0.565,2.4306
86.2876,0.6237,2.6821
86.2878,0.6442,2.7741
86.2880,0.5992,2.5812
86.2882,0.5992,2.58
86.2884,0.6573,2.8265
86.2886,0.6661,2.8668
86.2888,0.6351,2.7311
86.2890,0.7055,3.0337
86.2892,0.7107,3.0559
86.2894,0.7115,3.0538
86.2896,0.7856,3.3703
86.2898,0.8713,3.7346
86.2900,0.8957,3.8425
86.2902,0.8666,3.714
86.2904,0.9077,3.8939
86.2906,0.927,3.9749
86.2908,0.8929,3.836
86.2910,0.8716,3.7321
86.2912,0.9705,4.1538
86.2914,0.9484,4.0669
86.2916,0.8933,3.8286
86.2918,0.9297,3.9867
86.2920,0.9248,3.9657
86.2922,0.9236,3.9587
86.2924,0.8806,3.7759
86.2926,0.9086,3.8944
86.2928,0.9494,4.0692
86.2930,0.88,3.7804
86.2932,0.8339,3.5843
86.2934,0.8411,3.6118
86.2936,0.8408,3.6086
86.2938,0.8351,3.5911
86.2940,0.7718,3.3158
86.2942,0.8158,3.4967
86.2944,0.8625,3.7035
86.2946,0.8025,3.4476
86.2948,0.7636,3.2848
86.2950,0.7921,3.4028
86.2952,0.8395,3.608
86.2954,0.801,3.4393
86.2956,0.8048,3.4558
86.2958,0.8504,3.6498
86.2960,0.8849,3.7998
86.2962,0.8676,3.7256
86.2964,0.8609,3.6968
86.2966,0.8619,3.7043
86.2968,0.8638,3.7126
86.2970,0.854,3.6652
86.2972,0.861,3.6938
86.2974,0.8556,3.6724
86.2976,0.8743,3.7527
86.2978,0.8462,3.6402
86.2980,0.7585,3.2616
86.2982,0.7541,3.241
86.2984,0.8348,3.5862
86.2986,0.8365,3.5901
86.2988,0.8802,3.7691
86.2990,1.0094,4.3241
86.2992,0.9566,4.1019
86.2994,0.9736,4.1808
86.2996,0.8971,3.8487
86.2998,0.9305,3.9917
86.3000,0.9327,4.0015
86.3002,0.8614,3.704
86.3004,0.7669,3.3008
86.3006,0.7357,3.1681
86.3008,0.6957,2.9956
86.3010,0.6763,2.9133
86.3012,0.6831,2.9442
86.3014,0.6896,2.9693
86.3016,0.7056,3.0314
86.3018,0.8055,3.4686
86.3020,0.6794,2.9295
86.3022,0.6046,2.6057
86.3024,0.6046,2.6057
86.3026,0.6017,2.5957
86.3028,0.5654,2.4355
86.3030,0.6787,2.9237
86.3032,0.6006,2.591
86.3034,0.5434,2.3454
86.3036,0.5385,2.322
86.3038,0.536,2.3122
86.3040,0.5361,2.3106
86.3042,0.5389,2.3257
86.3044,0.5401,2.3309
86.3046,0.5331,2.2998
86.3048,0.5258,2.2661
86.3050,0.58,2.4986
86.3052,0.6017,2.5945
86.3054,0.5448,2.3494
86.3056,0.5454,2.3498
86.3058,0.566,2.437
86.3060,0.6787,2.921
86.3062,0.6881,2.9631
86.3064,0.6068,2.6179
86.3066,0.5429,2.3422
86.3068,0.5365,2.3143
86.3070,0.5373,2.3157
86.3072,0.5655,2.4338
86.3074,0.618,2.6611
86.3076,0.6413,2.7625
86.3078,0.6504,2.8018
86.3080,0.6454,2.7806
86.3082,0.5812,2.5049
86.3084,0.615,2.6494
86.3086,0.5849,2.5221
86.3088,0.5278,2.276
86.3090,0.5231,2.2558
86.3092,0.5257,2.2667
86.3094,0.5264,2.2708
86.3096,0.5228,2.2553
86.3098,0.5212,2.2475
86.3100,0.5225,2.2522
86.3102,0.5253,2.2662
86.3104,0.5294,2.2827
86.3106,0.5374,2.3173
86.3108,0.5204,2.2429
86.3110,0.5183,2.2362
86.3112,0.5236,2.26
86.3114,0.5283,2.278
86.3116,0.5508,2.3708
86.3118,0.6149,2.6464
86.3120,0.6495,2.7969
86.3122,0.659,2.839
86.3124,0.6312,2.7128
86.3126,0.6583,2.8345
86.3128,0.5657,2.4405
86.3130,0.571,2.4621
86.3132,0.5713,2.4591
86.3134,0.6333,2.7259
86.3136,0.657,2.8262
86.3138,0.6903,2.971
86.3140,0.705,3.0331
86.3142,0.7028,3.0205
86.3144,0.7296,3.1388
86.3146,0.6698,2.8855
86.3148,0.6689,2.8792
86.3150,0.6754,2.903
86.3152,0.73,3.1375
86.3154,0.7865,3.377
86.3156,0.7691,3.3055
86.3158,0.7266,3.1216
86.3160,0.7577,3.2565
86.3162,0.7736,3.325
86.3164,0.7983,3.4296
86.3166,0.8395,3.6063
86.3168,0.7844,3.3714
86.3170,0.6982,3.0037
86.3172,0.7068,3.0408
86.3174,0.6818,2.9316
86.3176,0.6825,2.9388
86.3178,0.5926,2.5563
86.3180,0.5625,2.4243
86.3182,0.5689,2.4476
86.3184,0.6349,2.7339
86.3186,0.6889,2.9621
86.3188,0.7183,3.0918
86.3190,0.5631,2.4268
86.3192,0.55,2.3727
86.3194,0.6008,2.5896
86.3196,0.6095,2.6281
86.3198,0.5645,2.4342
86.3200,0.5645,2.4376
86.3202,0.4591,1.9834
86.3204,0.4342,1.8722
86.3206,0.4772,2.0587
86.3208,0.5047,2.1762
86.3210,0.5681,2.4497
86.3212,0.5329,2.2977
86.3214,0.5367,2.3121
86.3216,0.6217,2.6758
86.3218,0.7073,3.0386
86.3220,0.7652,3.2828
86.3222,0.7978,3.4244
86.3224,0.7922,3.4033
86.3226,0.7951,3.4141
86.3228,0.8317,3.5678
86.3230,0.8941,3.8358
86.3232,0.9114,3.9154
86.3234,0.8475,3.634
86.3236,0.849,3.6458
86.3238,0.8469,3.6331
86.3240,0.9526,4.0811
86.3242,0.966,4.1497
86.3244,0.8615,3.6976
86.3246,0.8994,3.8513
86.3248,0.9457,4.0551
86.3250,0.9594,4.1137
86.3252,0.9661,4.1387
86.3254,0.9715,4.1598
86.3256,0.9829,4.2125
86.3258,0.9596,4.1148
86.3260,0.962,4.1231
86.3262,0.9381,4.0265
86.3264,0.9068,3.8958
86.3266,0.8881,3.8119
86.3268,0.8917,3.8238
86.3270,0.9169,3.9281
86.3272,0.9348,4.0102
86.3274,0.88,3.7786
86.3276,0.8757,3.7619
86.3278,0.8717,3.7501
86.3280,0.763,3.2792
86.3282,0.8142,3.4911
86.3284,0.8905,3.8257
86.3286,0.8059,3.4653
86.3288,0.7354,3.1665
86.3290,0.7132,3.0667
86.3292,0.7735,3.3292
86.3294,0.719,3.0958
86.3296,0.6676,2.8735
86.3298,0.6869,2.9552
86.3300,0.735,3.1591
86.3302,0.755,3.2482
86.3304,0.6996,3.0099
86.3306,0.7257,3.1247
86.3308,0.7142,3.0766
86.3310,0.6827,2.9371
86.3312,0.7429,3.1946
86.3314,0.799,3.4407
86.3316,0.7295,3.1325
86.3318,0.8011,3.4463
86.3320,0.717,3.0875
86.3322,0.6944,2.9913
86.3324,0.6633,2.8602
86.3326,0.582,2.5085
86.3328,0.5782,2.4931
86.3330,0.5833,2.5142
86.3332,0.5905,2.5428
86.3334,0.6529,2.8087
86.3336,0.6811,2.934
86.3338,0.608,2.6206
86.3340,0.585,2.5238
86.3342,0.5956,2.5681
86.3344,0.5993,2.5817
86.3346,0.5982,2.5783
86.3348,0.6054,2.6081
86.3350,0.6603,2.842
86.3352,0.6691,2.8797
86.3354,0.6507,2.8033
86.3356,0.6055,2.611
86.3358,0.6119,2.6372
86.3360,0.613,2.6394
86.3362,0.6426,2.7656
86.3364,0.6474,2.7902
86.3366,0.6151,2.6511
86.3368,0.5764,2.4831
86.3370,0.5868,2.5257
86.3372,0.6478,2.7883
86.3374,0.657,2.8328
86.3376,0.5968,2.5721
86.3378,0.5747,2.4758
86.3380,0.6329,2.7251
86.3382,0.6833,2.9397
86.3384,0.7253,3.1188
86.3386,0.724,3.1131
86.3388,0.7178,3.0863
86.3390,0.7619,3.2745
86.3392,0.7561,3.2513
86.3394,0.7156,3.0785
86.3396,0.7414,3.1894
86.3398,0.7751,3.3297
86.3400,0.7907,3.3998
86.3402,0.8072,3.4693
86.3404,0.8255,3.5548
86.3406,0.6155,2.6551
86.3408,0.4986,2.1538
86.3410,0.4877,2.1057
86.3412,0.485,2.0924
86.3414,0.5034,2.1695
86.3416,0.5339,2.3055
86.3418,0.4911,2.1187
86.3420,0.4921,2.1229
86.3422,0.4875,2.1022
86.3424,0.6107,2.6332
86.3426,0.5076,2.1916
86.3428,0.4729,2.042
86.3430,0.5118,2.2036
86.3432,0.5875,2.5334
86.3434,0.5096,2.1974
86.3436,0.4842,2.0897
86.3438,0.4857,2.0974
86.3440,0.4844,2.0898
86.3442,0.4827,2.0825
86.3444,0.4856,2.0959
86.3446,0.4824,2.0819
86.3448,0.4829,2.083
86.3450,0.4807,2.0728
86.3452,0.5179,2.2331
86.3454,0.5729,2.4669
86.3456,0.6339,2.731
86.3458,0.6173,2.6617
86.3460,0.5889,2.5344
86.3462,0.6487,2.7906
86.3464,0.6307,2.7158
86.3466,0.6389,2.7471
86.3468,0.717,3.0861
86.3470,0.6511,2.7997
86.3472,0.6827,2.9358
86.3474,0.7133,3.0701
86.3476,0.73,3.1389
86.3478,0.7309,3.1387
86.3480,0.7892,3.392
86.3482,0.7731,3.3183
86.3484,0.8926,3.8291
86.3486,0.8546,3.6609
86.3488,0.9264,3.9668
86.3490,1.0291,4.4027
86.3492,1.042,4.468
86.3494,0.9753,4.1802
86.3496,1.0028,4.2999
86.3498,0.8715,3.7473
86.3500,0.7375,3.1714
86.3502,0.713,3.07
86.3504,0.6227,2.6837
86.3506,0.6018,2.5938
86.3508,0.6041,2.6012
86.3510,0.5929,2.5543
86.3512,0.6014,2.5922
86.3514,0.6016,2.5915
86.3516,0.6495,2.7891
86.3518,0.7031,3.0276
86.3520,0.5763,2.4825
86.3522,0.6201,2.6753
86.3524,0.5392,2.3208
86.3526,0.5801,2.506
86.3528,0.4422,1.9095
86.3530,0.4368,1.8862
86.3532,0.4592,1.983
86.3534,0.4454,1.9217
86.3536,0.4411,1.903
86.3538,0.4671,2.0134
86.3540,0.5278,2.2749
86.3542,0.6107,2.6308
86.3544,0.6632,2.8557
86.3546,0.5915,2.5481
86.3548,0.5873,2.5289
86.3550,0.6514,2.7999
86.3552,0.7556,3.2462
86.3554,0.7591,3.2597
86.3556,0.8149,3.4925
86.3558,0.895,3.8394
86.3560,0.9658,4.1338
86.3562,1.0802,4.619
86.3564,1.0609,4.5386
86.3566,1.044,4.4684
86.3568,1.0317,4.4196
86.3570,0.9937,4.2628
86.3572,0.9934,4.2617
86.3574,0.9706,4.1504
86.3576,1.1065,4.7335
86.3578,1.1019,4.714
86.3580,1.1066,4.7296
86.3582,1.1773,5.032
86.3584,1.1211,4.8096
86.3586,0.9983,4.2828
86.3588,0.9883,4.2376
86.3590,1.0423,4.457
86.3592,1.1441,4.8946
86.3594,1.0911,4.6722
86.3596,1.0654,4.5576
86.3598,1.062,4.5538
86.3600,0.9674,4.1559
86.3602,0.9216,3.9555
86.3604,0.9501,4.0779
86.3606,0.923,3.9635
86.3608,0.9012,3.8698
86.3610,0.9154,3.925
86.3612,0.959,4.1122
86.3614,0.9616,4.1235
86.3616,1.0357,4.4516
86.3618,0.8827,3.7958
86.3620,0.8271,3.5565
86.3622,0.86,3.6927
86.3624,0.9209,3.9524
86.3626,0.8476,3.6464
86.3628,0.801,3.4441
86.3630,0.8181,3.5179
86.3632,0.833,3.5785
86.3634,0.8796,3.7806
86.3636,0.8879,3.8126
86.3638,0.8964,3.8546
86.3640,0.8186,3.5167
86.3642,0.8,3.4416
86.3644,0.7806,3.3565
86.3646,0.8297,3.5662
86.3648,0.8974,3.8515
86.3650,0.9139,3.928
86.3652,0.9084,3.9007
86.3654,0.87,3.7376
86.3656,0.8241,3.5453
86.3658,0.7579,3.2621
86.3660,0.7699,3.3106
86.3662,0.8447,3.6374
86.3664,0.7577,3.2595
86.3666,0.7644,3.2884
86.3668,0.7989,3.4338
86.3670,0.7986,3.4386
86.3672,0.7477,3.2167
86.3674,0.776,3.3416
86.3676,0.7291,3.1397
86.3678,0.748,3.2178
86.3680,0.8269,3.5539
86.3682,0.8866,3.8105
86.3684,0.8212,3.5379
86.3686,0.7332,3.1558
86.3688,0.7317,3.1491
86.3690,0.6813,2.935
86.3692,0.6919,2.9819
86.3694,0.6098,2.6357
86.3696,0.502,2.1678
86.3698,0.4956,2.1399
86.3700,0.5403,2.3308
86.3702,0.5717,2.4652
86.3704,0.5589,2.4121
86.3706,0.5465,2.3599
86.3708,0.5767,2.4904
86.3710,0.5628,2.4303
86.3712,0.5512,2.3779
86.3714,0.636,2.7372
86.3716,0.7414,3.1938
86.3718,0.668,2.8804
86.3720,0.5722,2.4673
86.3722,0.5499,2.3722
86.3724,0.5621,2.4238
86.3726,0.5957,2.5722
86.3728,0.5438,2.3458
86.3730,0.5525,2.3847
86.3732,0.5459,2.3562
86.3734,0.5482,2.3617
86.3736,0.5489,2.367
86.3738,0.5701,2.4573
86.3740,0.5682,2.4513
86.3742,0.5531,2.3862
86.3744,0.5529,2.3807
86.3746,0.6909,2.975
86.3748,0.6729,2.9016
86.3750,0.6071,2.6177
86.3752,0.5795,2.4965
86.3754,0.6206,2.6699
86.3756,0.6886,2.9652
86.3758,0.6946,2.9896
86.3760,0.7053,3.0299
86.3762,0.7767,3.3384
86.3764,0.8167,3.5133
86.3766,0.7197,3.0989
86.3768,0.6922,2.9807
86.3770,0.6456,2.7824
86.3772,0.6404,2.7602
86.3774,0.6548,2.8156
86.3776,0.7398,3.1871
86.3778,0.698,3.0026
86.3780,0.7564,3.2539
86.3782,0.7666,3.2962
86.3784,0.7741,3.3318
86.3786,0.707,3.0456
86.3788,0.6453,2.7827
86.3790,0.5628,2.4281
86.3792,0.55,2.3727
86.3794,0.5879,2.5303
86.3796,0.6573,2.833
86.3798,0.6453,2.7788
86.3800,0.6765,2.913
86.3802,0.6729,2.8962
86.3804,0.6626,2.8531
86.3806,0.6504,2.8005
86.3808,0.6772,2.9134
86.3810,0.7303,3.1361
86.3812,0.8731,3.7476
86.3814,0.8708,3.7425
86.3816,0.8035,3.4534
86.3818,0.8191,3.522
86.3820,0.752,3.2368
86.3822,0.7532,3.2374
86.3824,0.8204,3.5244
86.3826,0.8222,3.5371
86.3828,0.7439,3.2047
86.3830,0.6989,3.0082
86.3832,0.6694,2.8839
86.3834,0.604,2.6031
86.3836,0.5984,2.5817
86.3838,0.5917,2.5515
86.3840,0.603,2.5977
86.3842,0.6046,2.6057
86.3844,0.6068,2.6155
86.3846,0.643,2.7703
86.3848,0.609,2.6248
86.3850,0.5683,2.4484
86.3852,0.6556,2.8219
86.3854,0.6468,2.7889
86.3856,0.5928,2.5562
86.3858,0.5915,2.5493
86.3860,0.6167,2.6628
86.3862,0.486,2.0945
86.3864,0.5564,2.399
86.3866,0.5254,2.2688
86.3868,0.4844,2.0907
86.3870,0.501,2.1612
86.3872,0.5335,2.2992
86.3874,0.57,2.4591
86.3876,0.5703,2.4556
86.3878,0.6817,2.9352
86.3880,0.7059,3.0339
86.3882,0.7512,3.2272
86.3884,0.8253,3.5455
86.3886,0.8145,3.4992
86.3888,0.8374,3.5975
86.3890,0.8397,3.6107
86.3892,0.8007,3.4351
86.3894,0.9598,4.11
86.3896,0.9929,4.2537
86.3898,0.9983,4.2768
86.3900,1.0648,4.555
86.3902,1.0693,4.5788
86.3904,1.0504,4.504
86.3906,0.9748,4.1742
86.3908,1.0465,4.4833
86.3910,1.0674,4.5727
86.3912,1.0228,4.3878
86.3914,0.9651,4.1403
86.3916,0.9464,4.062
86.3918,0.9459,4.058
86.3920,0.9249,3.9662
86.3922,0.9446,4.0486
86.3924,0.964,4.1338
86.3926,1.0336,4.4299
86.3928,0.9758,4.19
86.3930,0.8955,3.854
86.3932,0.8278,3.5596
86.3934,0.8263,3.5529
86.3936,0.8413,3.6157
86.3938,0.8481,3.6451
86.3940,0.8419,3.6132
86.3942,0.8624,3.7116
86.3944,0.801,3.4458
86.3946,0.8133,3.5005
86.3948,0.7909,3.4008
86.3950,0.8309,3.5647
86.3952,0.9041,3.8803
86.3954,0.9217,3.9597
86.3956,0.8666,3.721
86.3958,0.8439,3.6287
86.3960,0.8378,3.6041
86.3962,0.7934,3.4117
86.3964,0.7654,3.2941
86.3966,0.8055,3.4637
86.3968,0.7957,3.4215
86.3970,0.7781,3.3519
86.3972,0.6731,2.8999
86.3974,0.6733,2.895
86.3976,0.7748,3.3395
86.3978,0.6978,3.0119
86.3980,0.6408,2.7592
86.3982,0.7502,3.2246
86.3984,0.8144,3.5003
86.3986,0.85,3.655
86.3988,0.8272,3.5521
86.3990,0.8524,3.6636
86.3992,0.8447,3.634
86.3994,0.7643,3.294
86.3996,0.6978,3.0091
86.3998,0.6646,2.8619
86.4000,0.6948,2.9934
86.4002,0.6554,2.8248
86.4004,0.6456,2.7811
86.4006,0.636,2.7411
86.4008,0.7126,3.0642
86.4010,0.8621,3.7071
86.4012,0.8013,3.4473
86.4014,0.701,3.0296
86.4016,0.5236,2.2621
86.4018,0.5168,2.2305
86.4020,0.4927,2.1255
86.4022,0.5474,2.3613
86.4024,0.5357,2.3144
86.4026,0.4795,2.0705
86.4028,0.4707,2.0346
86.4030,0.4674,2.0201
86.4032,0.4691,2.0254
86.4034,0.4769,2.0591
86.4036,0.4753,2.0533
86.4038,0.4782,2.0648
86.4040,0.4873,2.1041
86.4042,0.4859,2.097
86.4044,0.4883,2.1093
86.4046,0.4972,2.1481
86.4048,0.4947,2.1362
86.4050,0.4862,2.0975
86.4052,0.4855,2.0964
86.4054,0.4825,2.0844
86.4056,0.4887,2.1074
86.4058,0.5582,2.4012
86.4060,0.674,2.9022
86.4062,0.6594,2.8431
86.4064,0.5975,2.5799
86.4066,0.5024,2.1704
86.4068,0.4628,1.9976
86.4070,0.4626,1.9966
86.4072,0.4838,2.0852
86.4074,0.5415,2.3338
86.4076,0.5733,2.4719
86.4078,0.592,2.5514
86.4080,0.5754,2.4789
86.4082,0.5778,2.4916
86.4084,0.5891,2.5413
86.4086,0.5771,2.4862
86.4088,0.5833,2.5118
86.4090,0.5879,2.5326
86.4092,0.6011,2.5919
86.4094,0.536,2.3133
86.4096,0.4863,2.098
86.4098,0.4667,2.0151
86.4100,0.4694,2.0279
86.4102,0.4722,2.037
86.4104,0.4747,2.0488
86.4106,0.4677,2.0197
86.4108,0.4614,1.9905
86.4110,0.5138,2.2144
86.4112,0.5767,2.4846
86.4114,0.6216,2.6778
86.4116,0.5948,2.5638
86.4118,0.5824,2.5124
86.4120,0.5643,2.4275
86.4122,0.6683,2.8806
86.4124,0.5824,2.5089
86.4126,0.5826,2.5111
86.4128,0.564,2.431
86.4130,0.6185,2.6644
86.4132,0.6357,2.7388
86.4134,0.6174,2.6585
86.4136,0.6037,2.5996
86.4138,0.6432,2.7682
86.4140,0.6594,2.8313
86.4142,0.8122,3.4829
86.4144,0.8969,3.8512
86.4146,0.8654,3.7176
86.4148,0.7945,3.4131
86.4150,0.8633,3.7053
86.4152,0.8636,3.7064
86.4154,0.8737,3.7466
86.4156,0.869,3.7313
86.4158,0.7969,3.425
86.4160,0.7866,3.3838
86.4162,0.7181,3.0907
86.4164,0.7118,3.0605
86.4166,0.7323,3.1502
86.4168,0.7518,3.2313
86.4170,0.7802,3.3518
86.4172,0.7586,3.2621
86.4174,0.7248,3.1167
86.4176,0.7095,3.0536
86.4178,0.6577,2.8306
86.4180,0.692,2.9782
86.4182,0.6678,2.8767
86.4184,0.5464,2.3572
86.4186,0.5265,2.2713
86.4188,0.5204,2.2439
86.4190,0.5248,2.263
86.4192,0.5145,2.2186
86.4194,0.5993,2.5817
86.4196,0.5718,2.4669
86.4198,0.5222,2.2538
86.4200,0.5314,2.2893
86.4202,0.5639,2.4305
86.4204,0.5519,2.3777
86.4206,0.6079,2.6177
86.4208,0.633,2.7256
86.4210,0.6457,2.7803
86.4212,0.7019,3.0197
86.4214,0.7705,3.3101
86.4216,0.7968,3.4213
86.4218,0.7837,3.3652
86.4220,0.8313,3.5613
86.4222,0.9601,4.113
86.4224,1.0151,4.3508
86.4226,0.9694,4.155
86.4228,0.9614,4.1206
86.4230,0.9992,4.2784
86.4232,1.0475,4.4916
86.4234,0.9534,4.0937
86.4236,0.8777,3.7601
86.4238,0.9878,4.2316
86.4240,1.0723,4.5959
86.4242,0.9771,4.1918
86.4244,0.977,4.1815
86.4246,1.0486,4.4879
86.4248,1.0495,4.5025
86.4250,0.9468,4.0635
86.4252,0.9318,3.9973
86.4254,0.9429,4.0471
86.4256,0.8404,3.6087
86.4258,0.862,3.698
86.4260,0.9059,3.8917
86.4262,0.9008,3.8664
86.4264,0.9204,3.9485
86.4266,0.8502,3.6527
86.4268,0.8483,3.641
86.4270,0.927,3.9768
86.4272,0.9708,4.1626
86.4274,0.9963,4.2741
86.4276,0.971,4.1694
86.4278,0.9392,4.033
86.4280,0.87,3.7411
86.4282,0.82,3.5245
86.4284,0.8514,3.6561
86.4286,0.9113,3.9057
86.4288,0.9305,4.0028
86.4290,0.8179,3.5136
86.4292,0.8783,3.7732
86.4294,0.8595,3.6958
86.4296,0.8213,3.5302
86.4298,0.8084,3.4729
86.4300,0.7715,3.3204
86.4302,0.7506,3.2276
86.4304,0.8007,3.4415
86.4306,0.8668,3.722
86.4308,0.8803,3.7819
86.4310,0.8405,3.6143
86.4312,0.8247,3.5479
86.4314,0.7421,3.194
86.4316,0.7207,3.1035
86.4318,0.7136,3.0711
86.4320,0.7638,3.2828
86.4322,0.823,3.539
86.4324,0.7975,3.4324
86.4326,0.7343,3.1604
86.4328,0.7221,3.1078
86.4330,0.7234,3.1135
86.4332,0.7343,3.1648
86.4334,0.655,2.8258
86.4336,0.6091,2.6277
86.4338,0.6139,2.6435
86.4340,0.7198,3.0965
86.4342,0.7911,3.4003
86.4344,0.7833,3.3731
86.4346,0.6812,2.9332
86.4348,0.6578,2.8338
86.4350,0.6999,3.0165
86.4352,0.7037,3.0288
86.4354,0.7011,3.0203
86.4356,0.7034,3.0273
86.4358,0.7612,3.276
86.4360,0.7454,3.2069
86.4362,0.7337,3.1549
86.4364,0.7011,3.0231
86.4366,0.6398,2.7601
86.4368,0.6411,2.7607
86.4370,0.6672,2.8728
86.4372,0.7095,3.0522
86.4374,0.7586,3.2652
86.4376,0.7508,3.2316
86.4378,0.7356,3.1676
86.4380,0.7067,3.0474
86.4382,0.6096,2.6298
86.4384,0.5674,2.4489
86.4386,0.5589,2.4132
86.4388,0.5572,2.4026
86.4390,0.5701,2.4573
86.4392,0.5808,2.501
86.4394,0.6239,2.6914
86.4396,0.5674,2.4477
86.4398,0.5567,2.4017
86.4400,0.5601,2.4184
86.4402,0.5584,2.4089
86.4404,0.5604,2.4132
86.4406,0.6595,2.841
86.4408,0.6386,2.755
86.4410,0.5579,2.4057
86.4412,0.5518,2.3772
86.4414,0.5511,2.3774
86.4416,0.5514,2.3789
86.4418,0.5507,2.3758
86.4420,0.551,2.378
86.4422,0.5482,2.365
86.4424,0.5861,2.5261
86.4426,0.5916,2.551
86.4428,0.5559,2.397
86.4430,0.5504,2.3743
86.4432,0.5487,2.3681
86.4434,0.5504,2.3743
86.4436,0.5483,2.3655
86.4438,0.5591,2.4087
86.4440,0.6399,2.7594
86.4442,0.5736,2.4689
86.4444,0.6483,2.7904
86.4446,0.7088,3.0491
86.4448,0.7023,3.0226
86.4450,0.6613,2.8461
86.4452,0.717,3.0832
86.4454,0.7643,3.2879
86.4456,0.7169,3.0827
86.4458,0.7411,3.1854
86.4460,0.7829,3.371
86.4462,0.7041,3.029
86.4464,0.7002,3.0125
86.4466,0.7118,3.0591
86.4468,0.8283,3.5518
86.4470,0.8947,3.8438
86.4472,0.8771,3.7645
86.4474,0.8823,3.7902
86.4476,0.8004,3.4416
86.4478,0.8241,3.5371
86.4480,0.8423,3.6153
86.4482,0.8519,3.6599
86.4484,0.8616,3.6999
86.4486,0.8691,3.7387
86.4488,0.6946,2.9924
86.4490,0.6056,2.6103
86.4492,0.6013,2.5917
86.4494,0.6588,2.8379
86.4496,0.6175,2.6615
86.4498,0.593,2.5572
86.4500,0.5921,2.5531
86.4502,0.5951,2.5648
86.4504,0.5936,2.5598
86.4506,0.5657,2.4371
86.4508,0.6023,2.5934
86.4510,0.6056,2.6103
86.4512,0.5654,2.4401
86.4514,0.5313,2.291
86.4516,0.5548,2.3923
86.4518,0.4999,2.1615
86.4520,0.4221,1.8233
86.4522,0.4554,1.9673
86.4524,0.4017,1.7329
86.4526,0.4803,2.0741
86.4528,0.4395,1.8993
86.4530,0.4534,1.9567
86.4532,0.5058,2.1829
86.4534,0.5258,2.2651
86.4536,0.5606,2.4138
86.4538,0.5884,2.5359
86.4540,0.6108,2.6313
86.4542,0.6652,2.8605
86.4544,0.7086,3.0486
86.4546,0.7043,3.0272
86.4548,0.7686,3.3034
86.4550,0.845,3.6215
86.4552,0.9046,3.8806
86.4554,0.8767,3.7595
86.4556,0.8928,3.8248
86.4558,1.0146,4.3447
86.4560,1.0639,4.5536
86.4562,1.0501,4.4924
86.4564,1.05,4.4919
86.4566,1.0824,4.6413
86.4568,1.0162,4.3534
86.4570,0.9736,4.1808
86.4572,0.9076,3.8934
86.4574,0.8976,3.8507
86.4576,0.9194,3.9425
86.4578,1.0043,4.3065
86.4580,0.9206,3.9532
86.4582,0.8994,3.8657
86.4584,0.8994,3.8567
86.4586,0.9455,4.0541
86.4588,0.9355,4.0152
86.4590,0.944,4.0517
86.4592,0.8633,3.7088
86.4594,0.7848,3.3808
86.4596,0.6799,2.9288
86.4598,0.7423,3.1891
86.4600,0.8142,3.4976
86.4602,0.8579,3.6839
86.4604,0.9019,3.8675
86.4606,0.9631,4.1297
86.4608,0.9573,4.1069
86.4610,0.9146,3.9348
86.4612,0.7862,3.3792
86.4614,0.8656,3.7186
86.4616,0.848,3.6429
86.4618,0.8616,3.7033
86.4620,0.8543,3.6685
86.4622,0.8243,3.548
86.4624,0.7444,3.2053
86.4626,0.7247,3.1206
86.4628,0.7532,3.2374
86.4630,0.783,3.3699
86.4632,0.7438,3.2027
86.4634,0.7389,3.1786
86.4636,0.7464,3.2066
86.4638,0.8084,3.4696
86.4640,0.8478,3.6457
86.4642,0.7669,3.2993
86.4644,0.8088,3.4809
86.4646,0.7956,3.4257
86.4648,0.7204,3.1006
86.4650,0.6731,2.8999
86.4652,0.7007,3.0159
86.4654,0.7161,3.0805
86.4656,0.6937,2.9882
86.4658,0.6746,2.9048
86.4660,0.723,3.1119
86.4662,0.7613,3.275
86.4664,0.7154,3.0832
86.4666,0.6008,2.5908
86.4668,0.6118,2.6354
86.4670,0.654,2.8173
86.4672,0.6863,2.9567
86.4674,0.6885,2.966
86.4676,0.6486,2.7914
86.4678,0.6228,2.6879
86.4680,0.5718,2.4657
86.4682,0.5998,2.585
86.4684,0.6287,2.707
86.4686,0.659,2.8376
86.4688,0.6814,2.9301
86.4690,0.7221,3.1078
86.4692,0.7176,3.0944
86.4694,0.6457,2.7842
86.4696,0.6019,2.5955
86.4698,0.6187,2.6679
86.4700,0.5878,2.538
86.4702,0.564,2.4332
86.4704,0.5096,2.1984
86.4706,0.5838,2.5186
86.4708,0.5395,2.3283
86.4710,0.4935,2.1311
86.4712,0.5083,2.1958
86.4714,0.4909,2.1177
86.4716,0.4964,2.1415
86.4718,0.4793,2.0723
86.4720,0.4079,1.7614
86.4722,0.4171,1.8012
86.4724,0.4395,1.8993
86.4726,0.4683,2.0186
86.4728,0.5723,2.4689
86.4730,0.5036,2.1776
86.4732,0.4275,1.8466
86.4734,0.4151,1.7924
86.4736,0.4131,1.7836
86.4738,0.4206,1.8154
86.4740,0.4331,1.8692
86.4742,0.4733,2.0445
86.4744,0.4591,1.9815
86.4746,0.5163,2.2263
86.4748,0.5745,2.4771
86.4750,0.5885,2.5352
86.4752,0.601,2.5889
86.4754,0.5889,2.5368
86.4756,0.5811,2.5044
86.4758,0.5813,2.5019
86.4760,0.6186,2.6636
86.4762,0.5896,2.5434
86.4764,0.5638,2.4299
86.4766,0.5936,2.5551
86.4768,0.6245,2.6914
86.4770,0.5783,2.4936
86.4772,0.5401,2.3276
86.4774,0.5436,2.341
86.4776,0.6174,2.6597
86.4778,0.6637,2.8551
86.4780,0.7164,3.0807
86.4782,0.7036,3.0269
86.4784,0.6748,2.9044
86.4786,0.6904,2.9715
86.4788,0.6502,2.8
86.4790,0.607,2.6148
86.4792,0.5777,2.4899
86.4794,0.5574,2.4037
86.4796,0.5606,2.416
86.4798,0.6077,2.6167
86.4800,0.677,2.9124
86.4802,0.6589,2.8319
86.4804,0.7867,3.3765
86.4806,0.8432,3.6256
86.4808,0.6598,2.8426
86.4810,0.5529,2.384
86.4812,0.5468,2.3587
86.4814,0.5459,2.3551
86.4816,0.5401,2.3255
86.4818,0.5398,2.3255
86.4820,0.5418,2.3354
86.4822,0.5405,2.3286
86.4824,0.5417,2.3359
86.4826,0.5374,2.3173
86.4828,0.6082,2.6187
86.4830,0.6404,2.7615
86.4832,0.5209,2.247
86.4834,0.5205,2.2444
86.4836,0.5459,2.3508
86.4838,0.6333,2.7221
86.4840,0.6303,2.7193
86.4842,0.5324,2.2956
86.4844,0.5197,2.2408
86.4846,0.4964,2.1415
86.4848,0.5259,2.2677
86.4850,0.5474,2.3613
86.4852,0.5189,2.2356
86.4854,0.5266,2.2687
86.4856,0.5867,2.5263
86.4858,0.5753,2.4761
86.4860,0.5445,2.3478
86.4862,0.5344,2.3033
86.4864,0.5878,2.531
86.4866,0.6359,2.7329
86.4868,0.7007,3.0173
86.4870,0.6469,2.7803
86.4872,0.6787,2.9169
86.4874,0.7023,3.0212
86.4876,0.6841,2.9428
86.4878,0.7215,3.0994
86.4880,0.7562,3.2518
86.4882,0.7649,3.2874
86.4884,0.7871,3.3812
86.4886,0.7627,3.2659
86.4888,0.9566,4.0962
86.4890,0.9958,4.27
86.4892,0.9838,4.2167
86.4894,0.9775,4.1875
86.4896,0.9626,4.1315
86.4898,0.8743,3.7562
86.4900,0.8254,3.5378
86.4902,0.9213,3.9452
86.4904,0.9495,4.0735
86.4906,0.904,3.8762
86.4908,0.9218,3.9546
86.4910,0.8632,3.7066
86.4912,0.8672,3.7236
86.4914,0.8751,3.754
86.4916,0.8658,3.7144
86.4918,0.8604,3.693
86.4920,0.8592,3.693
86.4922,0.8132,3.4919
86.4924,0.8729,3.7483
86.4926,0.8583,3.6855
86.4928,0.8698,3.7418
86.4930,0.7499,3.223
86.4932,0.7806,3.3534
86.4934,0.8365,3.5867
86.4936,0.9156,3.9316
86.4938,0.8825,3.7859
86.4940,0.9012,3.8698
86.4942,0.8489,3.6453
86.4944,0.8561,3.6762
86.4946,0.8718,3.7419
86.4948,0.8983,3.852
86.4950,0.8994,3.8585
86.4952,0.8505,3.6554
86.4954,0.8453,3.6315
86.4956,0.8639,3.7114
86.4958,0.8795,3.7713
86.4960,0.9763,4.1882
86.4962,0.9324,3.9999
86.4964,0.929,3.9818
86.4966,0.9506,4.0819
86.4968,0.914,3.9176
86.4970,0.9919,4.2551
86.4972,1.0029,4.3064
86.4974,0.898,3.8577
86.4976,0.8368,3.595
86.4978,0.8725,3.745
86.4980,0.9236,3.9642
86.4982,0.9311,3.9924
86.4984,0.9783,4.193
86.4986,0.9859,4.2274
86.4988,0.9266,3.9808
86.4990,0.8607,3.6975
86.4992,0.8079,3.4692
86.4994,0.8584,3.6877
86.4996,0.8687,3.7372
86.4998,0.8248,3.5468
86.5000,0.863,3.7038
86.5002,0.9107,3.9105
86.5004,0.8596,3.698
86.5006,0.7128,3.0766
86.5008,0.5815,2.5099
86.5010,0.503,2.173
86.5012,0.494,2.1321
86.5014,0.5423,2.3396
86.5016,0.5381,2.3237
86.5018,0.5333,2.3029
86.5020,0.5339,2.3066
86.5022,0.5329,2.2998
86.5024,0.5333,2.3019
86.5026,0.5348,2.307
86.5028,0.5892,2.5383
86.5030,0.5875,2.5358
86.5032,0.5333,2.3019
86.5034,0.5517,2.3777
86.5036,0.668,2.871
86.5038,0.7658,3.2992
86.5040,0.6224,2.6864
86.5042,0.5355,2.3123
86.5044,0.5251,2.2651
86.5046,0.5302,2.2874
86.5048,0.5299,2.2879
86.5050,0.541,2.3339
86.5052,0.5815,2.5099
86.5054,0.5486,2.3654
86.5056,0.5442,2.3479
86.5058,0.5442,2.3479
86.5060,0.5441,2.3452
86.5062,0.5775,2.4854
86.5064,0.6429,2.7697
86.5066,0.6518,2.8028
86.5068,0.7275,3.131
86.5070,0.7019,3.0281
86.5072,0.5707,2.4622
86.5074,0.5271,2.2718
86.5076,0.5712,2.462
86.5078,0.6154,2.6509
86.5080,0.6198,2.6676
86.5082,0.6504,2.8018
86.5084,0.6347,2.7366
86.5086,0.632,2.7253
86.5088,0.5495,2.3706
86.5090,0.5478,2.3623
86.5092,0.5337,2.3034
86.5094,0.5288,2.2812
86.5096,0.5303,2.2858
86.5098,0.5336,2.3019
86.5100,0.5402,2.3292
86.5102,0.6113,2.637
86.5104,0.5583,2.4084
86.5106,0.5379,2.3151
86.5108,0.6343,2.7313
86.5110,0.6603,2.842
86.5112,0.666,2.8649
86.5114,0.6782,2.9189
86.5116,0.641,2.7602
86.5118,0.6422,2.7641
86.5120,0.6582,2.8353
86.5122,0.6174,2.6585
86.5124,0.6597,2.8341
86.5126,0.7331,3.1523
86.5128,0.746,3.208
86.5130,0.8062,3.4636
86.5132,0.8043,3.4554
86.5134,0.7934,3.4069
86.5136,0.7874,3.3875
86.5138,0.7657,3.2926
86.5140,0.7678,3.3013
86.5142,0.6977,3.003
86.5144,0.7405,3.1828
86.5146,0.7558,3.2513
86.5148,0.7405,3.1813
86.5150,0.7751,3.3374
86.5152,0.7082,3.0493
86.5154,0.6522,2.8095
86.5156,0.6146,2.6491
86.5158,0.5921,2.5519
86.5160,0.6247,2.6887
86.5162,0.659,2.8376
86.5164,0.6162,2.657
86.5166,0.5899,2.5402
86.5168,0.6128,2.6425
86.5170,0.5242,2.2626
86.5172,0.4803,2.0712
86.5174,0.5478,2.3623
86.5176,0.56,2.4134
86.5178,0.5056,2.1813
86.5180,0.5042,2.1751
86.5182,0.5025,2.1649
86.5184,0.5781,2.4926
86.5186,0.5607,2.4165
86.5188,0.5819,2.5115
86.5190,0.4624,1.9974
86.5192,0.402,1.7352
86.5194,0.4293,1.8518
86.5196,0.4785,2.0625
86.5198,0.5209,2.246
86.5200,0.5251,2.2641
86.5202,0.5252,2.2656
86.5204,0.542,2.3316
86.5206,0.6632,2.8544
86.5208,0.6871,2.953
86.5210,0.7164,3.0749
86.5212,0.7766,3.3333
86.5214,0.7903,3.3951
86.5216,0.7734,3.324
86.5218,0.814,3.4955
86.5220,0.8435,3.6204
86.5222,0.8437,3.6226
86.5224,0.8414,3.6129
86.5226,0.8324,3.5726
86.5228,0.8456,3.6292
86.5230,0.8288,3.5605
86.5232,0.8434,3.6199
86.5234,0.8613,3.7
86.5236,0.8668,3.7151
86.5238,0.9819,4.2025
86.5240,1.1152,4.7665
86.5242,1.1106,4.7465
86.5244,1.0939,4.6797
86.5246,1.0395,4.451
86.5248,1.0419,4.4675
86.5250,0.9368,4.0283
86.5252,0.8116,3.4852
86.5254,0.8682,3.7264
86.5256,0.9065,3.8942
86.5258,0.8432,3.6256
86.5260,0.7437,3.1962
86.5262,0.783,3.359
86.5264,0.8401,3.6106
86.5266,0.786,3.3828
86.5268,0.7452,3.2044
86.5270,0.7572,3.2544
86.5272,0.7625,3.2771
86.5274,0.8127,3.4914
86.5276,0.8295,3.5619
86.5278,0.8829,3.7875
86.5280,0.8909,3.8291
86.5282,0.8359,3.5959
86.5284,0.7909,3.3993
86.5286,0.7956,3.4225
86.5288,0.7084,3.0461
86.5290,0.7115,3.0638
86.5292,0.7017,3.0215
86.5294,0.7168,3.0851
86.5296,0.7249,3.1187
86.5298,0.7121,3.0635
86.5300,0.7168,3.0836
86.5302,0.7849,3.3782
86.5304,0.6922,2.9807
86.5306,0.6574,2.8296
86.5308,0.6778,2.9187
86.5310,0.6821,2.9414
86.5312,0.644,2.777
86.5314,0.6112,2.6316
86.5316,0.6266,2.702
86.5318,0.6293,2.7134
86.5320,0.6107,2.6283
86.5322,0.6711,2.8858
86.5324,0.7524,3.2353
86.5326,0.7472,3.2206
86.5328,0.6326,2.7278
86.5330,0.5843,2.5195
86.5332,0.6357,2.7375
86.5334,0.6927,2.9786
86.5336,0.7578,3.2555
86.5338,0.7594,3.2744
86.5340,0.5663,2.4442
86.5342,0.5224,2.2527
86.5344,0.5764,2.4842
86.5346,0.6031,2.5995
86.5348,0.6139,2.6472
86.5350,0.6092,2.6246
86.5352,0.6031,2.597
86.5354,0.5663,2.4385
86.5356,0.6173,2.6592
86.5358,0.6284,2.711
86.5360,0.5549,2.3928
86.5362,0.5463,2.3556
86.5364,0.5676,2.4488
86.5366,0.5655,2.4338
86.5368,0.626,2.6932
86.5370,0.6753,2.9052
86.5372,0.6743,2.9051
86.5374,0.657,2.8315
86.5376,0.5745,2.4782
86.5378,0.4614,1.9923
86.5380,0.4501,1.9445
86.5382,0.4514,1.9475
86.5384,0.511,2.2066
86.5386,0.4697,2.028
86.5388,0.4616,1.9933
86.5390,0.4685,2.0228
86.5392,0.4576,1.973
86.5394,0.4561,1.9695
86.5396,0.4594,1.9844
86.5398,0.4586,1.9795
86.5400,0.462,1.9912
86.5402,0.5862,2.5278
86.5404,0.526,2.2724
86.5406,0.4616,1.9915
86.5408,0.4627,1.9952
86.5410,0.5179,2.2362
86.5412,0.4707,2.0317
86.5414,0.4506,1.9448
86.5416,0.4508,1.9476
86.5418,0.4536,1.9596
86.5420,0.4486,1.9351
86.5422,0.4867,2.0986
86.5424,0.4794,2.069
86.5426,0.4514,1.9493
86.5428,0.4511,1.9451
86.5430,0.448,1.9343
86.5432,0.4481,1.9348
86.5434,0.4466,1.9277
86.5436,0.4908,2.1162
86.5438,0.4923,2.1229
86.5440,0.4853,2.0914
86.5442,0.5446,2.3462
86.5444,0.6168,2.6522
86.5446,0.6672,2.8714
86.5448,0.5913,2.5459
86.5450,0.611,2.6299
86.5452,0.6237,2.6883
86.5454,0.5664,2.4402
86.5456,0.5589,2.4076
86.5458,0.5758,2.4805
86.5460,0.5729,2.4692
86.5462,0.5674,2.4432
86.5464,0.6073,2.6127
86.5466,0.7136,3.0654
86.5468,0.7799,3.3503
86.5470,0.7534,3.2349
86.5472,0.8151,3.4985
86.5474,0.7971,3.4245
86.5476,0.702,3.0174
86.5478,0.6851,2.9433
86.5480,0.7384,3.175
86.5482,0.763,3.2822
86.5484,0.666,2.8676
86.5486,0.5929,2.5532
86.5488,0.6457,2.7777
86.5490,0.6877,2.9569
86.5492,0.656,2.8208
86.5494,0.6284,2.7047
86.5496,0.6294,2.7114
86.5498,0.5895,2.5382
86.5500,0.6,2.5824
86.5502,0.6584,2.8311
86.5504,0.6783,2.9235
86.5506,0.5127,2.2118
86.5508,0.4483,1.9359
86.5510,0.4528,1.9523
86.5512,0.5138,2.2165
86.5514,0.4363,1.885
86.5516,0.3918,1.692
86.5518,0.4273,1.8453
86.5520,0.3824,1.6526
86.5522,0.3745,1.6177
86.5524,0.4056,1.7507
86.5526,0.4145,1.789
86.5528,0.4312,1.8601
86.5530,0.4721,2.0346
86.5532,0.5186,2.2341
86.5534,0.5154,2.2212
86.5536,0.5794,2.4925
86.5538,0.7022,3.0165
86.5540,0.7385,3.1755
86.5542,0.7209,3.0968
86.5544,0.7311,3.1377
86.5546,0.7833,3.3605
86.5548,0.8282,3.5512
86.5550,0.9281,3.9777
86.5552,1.0242,4.3796
86.5554,1.0937,4.6743
86.5556,1.1357,4.8564
86.5558,1.1029,4.7137
86.5560,1.1451,4.8895
86.5562,1.1469,4.9064
86.5564,1.0582,4.5437
86.5566,0.8994,3.8567
86.5568,0.9278,3.9729
86.5570,0.9595,4.1123
86.5572,0.9863,4.2274
86.5574,0.9884,4.2302
86.5576,1.0136,4.338
86.5578,0.9889,4.2363
86.5580,1.0154,4.3478
86.5582,1.0777,4.6147
86.5584,1.0432,4.4669
86.5586,1.0362,4.4329
86.5588,1.0559,4.5171
86.5590,1.0813,4.628
86.5592,1.0595,4.5409
86.5594,0.9698,4.1643
86.5596,0.7795,3.3503
86.5598,0.8031,3.447
86.5600,0.8952,3.8387
86.5602,0.9655,4.1419
86.5604,0.9529,4.0841
86.5606,0.9519,4.078
86.5608,0.9524,4.0839
86.5610,0.9845,4.2276
86.5612,0.8981,3.8618
86.5614,0.8276,3.5536
86.5616,0.8646,3.7145
86.5618,0.8073,3.4731
86.5620,0.7897,3.3925
86.5622,0.8209,3.5265
86.5624,0.8333,3.58
86.5626,0.8421,3.621
86.5628,0.7937,3.4095
86.5630,0.8181,3.5179
86.5632,0.7874,3.3875
86.5634,0.7902,3.3946
86.5636,0.8401,3.6072
86.5638,0.851,3.6523
86.5640,0.8553,3.676
86.5642,0.855,3.6767
86.5644,0.8431,3.6184
86.5646,0.852,3.6621
86.5648,0.8403,3.6133
86.5650,0.8169,3.5127
86.5652,0.7317,3.152
86.5654,0.6713,2.8908
86.5656,0.6778,2.9187
86.5658,0.6788,2.9228
86.5660,0.6898,2.9703
86.5662,0.6785,2.9259
86.5664,0.6193,2.6667
86.5666,0.6814,2.9274
86.5668,0.8511,3.6546
86.5670,0.8255,3.5548
86.5672,0.647,2.7925
86.5674,0.5618,2.4223
86.5676,0.608,2.6231
86.5678,0.5788,2.4945
86.5680,0.6076,2.6174
86.5682,0.6368,2.7447
86.5684,0.6343,2.73
86.5686,0.6801,2.9272
86.5688,0.6561,2.8253
86.5690,0.6462,2.7876
86.5692,0.6221,2.6861
86.5694,0.5458,2.3535
86.5696,0.5493,2.3685
86.5698,0.5387,2.3262
86.5700,0.5378,2.3189
86.5702,0.607,2.616
86.5704,0.5465,2.3588
86.5706,0.5283,2.2801
86.5708,0.5283,2.2801
86.5710,0.5142,2.2181
86.5712,0.5114,2.2082
86.5714,0.5165,2.2284
86.5716,0.5669,2.4445
86.5718,0.5323,2.2972
86.5720,0.5127,2.2118
86.5722,0.5113,2.2056
86.5724,0.5276,2.2781
86.5726,0.5279,2.2775
86.5728,0.514,2.2175
86.5730,0.5134,2.216
86.5732,0.5603,2.4127
86.5734,0.5813,2.5054
86.5736,0.5519,2.3788
86.5738,0.5747,2.4758
86.5740,0.6662,2.8686
86.5742,0.6902,2.9705
86.5744,0.6794,2.9254
86.5746,0.6619,2.85
86.5748,0.6562,2.8231
86.5750,0.6952,2.9894
86.5752,0.6952,2.9936
86.5754,0.7019,3.0225
86.5756,0.6401,2.7573
86.5758,0.6076,2.6161
86.5760,0.6113,2.6334
86.5762,0.6425,2.7677
86.5764,0.6751,2.9041
86.5766,0.6883,2.9581
86.5768,0.7287,3.1332
86.5770,0.7357,3.1681
86.5772,0.6928,2.9777
86.5774,0.7842,3.3735
86.5776,0.796,3.423
86.5778,0.7915,3.4018
86.5780,0.7585,3.2601
86.5782,0.7355,3.1626
86.5784,0.7101,3.0548
86.5786,0.7169,3.0827
86.5788,0.7466,3.2076
86.5790,0.7937,3.4143
86.5792,0.7709,3.3163
86.5794,0.7619,3.273
86.5796,0.8047,3.4553
86.5798,0.8309,3.5697
86.5800,0.8174,3.5066
86.5802,0.8399,3.6134
86.5804,0.7741,3.3333
86.5806,0.7381,3.1755
86.5808,0.7331,3.1567
86.5810,0.6854,2.9485
86.5812,0.7445,3.2013
86.5814,0.7037,3.0274
86.5816,0.677,2.911
86.5818,0.6878,2.9588
86.5820,0.666,2.8689
86.5822,0.6737,2.9012
86.5824,0.6937,2.9855
86.5826,0.6428,2.7705
86.5828,0.5535,2.3888
86.5830,0.4843,2.0912
86.5832,0.5271,2.2718
86.5834,0.5719,2.4685
86.5836,0.506,2.1829
86.5838,0.4887,2.1103
86.5840,0.5457,2.3519
86.5842,0.5646,2.4381
86.5844,0.4171,1.8038
86.5846,0.3964,1.7133
86.5848,0.3879,1.6765
86.5850,0.3849,1.6635
86.5852,0.3861,1.6687
86.5854,0.389,1.6796
86.5856,0.397,1.7166
86.5858,0.4004,1.7296
86.5860,0.4185,1.8053
86.5862,0.4748,2.0465
86.5864,0.5546,2.3868
86.5866,0.6664,2.8683
86.5868,0.6711,2.8844
86.5870,0.6975,3.0034
86.5872,0.6456,2.7811
86.5874,0.6417,2.762
86.5876,0.6796,2.9237
86.5878,0.6954,2.989
86.5880,0.7425,3.194
86.5882,0.7034,3.0245
86.5884,0.7896,3.3825
86.5886,0.961,4.1171
86.5888,0.9706,4.1601
86.5890,0.9905,4.2494
86.5892,0.9429,4.0395
86.5894,0.947,4.0608
86.5896,0.916,3.9258
86.5898,0.9314,3.9977
86.5900,0.9151,3.9167
86.5902,0.9965,4.2691
86.5904,1.0381,4.4432
86.5906,1.113,4.759
86.5908,1.1157,4.7753
86.5910,1.108,4.7424
86.5912,1.1243,4.801
86.5914,1.1068,4.7439
86.5916,0.9535,4.0924
86.5918,0.9166,3.9357
86.5920,0.9662,4.143
86.5922,0.9857,4.2268
86.5924,0.9904,4.2469
86.5926,0.9909,4.249
86.5928,0.9661,4.1464
86.5930,0.8871,3.8055
86.5932,0.9289,3.985
86.5934,0.9526,4.0868
86.5936,1.0011,4.2907
86.5938,1.0572,4.5312
86.5940,1.077,4.6117
86.5942,1.114,4.7659
86.5944,1.1035,4.7251
86.5946,1.0847,4.651
86.5948,0.9684,4.1639
86.5950,0.8791,3.7821
86.5952,0.8928,3.8266
86.5954,1.0001,4.2905
86.5956,0.9416,4.0414
86.5958,0.9215,3.9549
86.5960,0.9588,4.1131
86.5962,0.9794,4.2016
86.5964,0.9661,4.1503
86.5966,0.8795,3.7801
86.5968,0.8543,3.6719
86.5970,0.8836,3.7941
86.5972,0.9242,3.9668
86.5974,0.933,4.0025
86.5976,0.9422,4.044
86.5978,0.9091,3.9056
86.5980,0.8812,3.7856
86.5982,0.8945,3.8499
86.5984,0.7615,3.2806
86.5986,0.7199,3.0942
86.5988,0.7811,3.3617
86.5990,0.7813,3.3627
86.5992,0.8251,3.5412
86.5994,0.8892,3.8272
86.5996,0.8305,3.5726
86.5998,0.8372,3.5965
86.6000,0.9131,3.9207
86.6002,0.9932,4.2607
86.6004,1.0071,4.3143
86.6006,1.0277,4.4047
86.6008,0.9943,4.2653
86.6010,1.0119,4.3389
86.6012,1.0357,4.4412
86.6014,1.0125,4.3476
86.6016,0.8905,3.84
86.6018,0.7332,3.1572
86.6020,0.7399,3.1817
86.6022,0.7198,3.0965
86.6024,0.7645,3.2859
86.6026,0.7711,3.3235
86.6028,0.6646,2.8646
86.6030,0.7209,3.1113
86.6032,0.7108,3.055
86.6034,0.8197,3.5279
86.6036,0.7092,3.0625
86.6038,0.5619,2.4273
86.6040,0.4947,2.1392
86.6042,0.43,1.8584
86.6044,0.4631,2.0005
86.6046,0.5315,2.2984
86.6048,0.4614,1.9932
86.6050,0.4892,2.1144
86.6052,0.4734,2.046
86.6054,0.4712,2.0366
86.6056,0.4712,2.0348
86.6058,0.4709,2.0341
86.6060,0.4705,2.0326
86.6062,0.4779,2.0666
86.6064,0.4743,2.0501
86.6066,0.5058,2.1798
86.6068,0.5915,2.5481
86.6070,0.6705,2.8885
86.6072,0.7052,3.0378
86.6074,0.6231,2.6845
86.6076,0.5789,2.5009
86.6078,0.4933,2.133
86.6080,0.4838,2.0891
86.6082,0.482,2.0823
86.6084,0.482,2.0814
86.6086,0.5474,2.3602
86.6088,0.5947,2.5633
86.6090,0.6008,2.5896
86.6092,0.593,2.5572
86.6094,0.5854,2.5241
86.6096,0.5837,2.5227
86.6098,0.4952,2.1383
86.6100,0.4685,2.0228
86.6102,0.4695,2.0284
86.6104,0.4674,2.0182
86.6106,0.5293,2.2779
86.6108,0.6607,2.8422
86.6110,0.7032,3.0296
86.6112,0.7029,3.0252
86.6114,0.7431,3.1966
86.6116,0.7311,3.1479
86.6118,0.6607,2.8488
86.6120,0.6423,2.7659
86.6122,0.6769,2.9132
86.6124,0.6522,2.8095
86.6126,0.6108,2.6276
86.6128,0.7173,3.0857
86.6130,0.7313,3.1446
86.6132,0.7365,3.1653
86.6134,0.8054,3.4664
86.6136,0.7064,3.0472
86.6138,0.5899,2.5414
86.6140,0.6281,2.7044
86.6142,0.657,2.8262
86.6144,0.671,2.8852
86.6146,0.7166,3.0869
86.6148,0.6872,2.959
86.6150,0.7085,3.0495
86.6152,0.6895,2.966
86.6154,0.704,3.0299
86.6156,0.6926,2.9822
86.6158,0.6536,2.8105
86.6160,0.7437,3.1977
86.6162,0.6994,3.0116
86.6164,0.7004,3.0172
86.6166,0.7434,3.1967
86.6168,0.7865,3.3865
86.6170,0.7079,3.0483
86.6172,0.6393,2.7517
86.6174,0.7002,3.0139
86.6176,0.7095,3.0536
86.6178,0.6843,2.9507
86.6180,0.611,2.6311
86.6182,0.6531,2.8163
86.6184,0.5737,2.4751
86.6186,0.5749,2.4792
86.6188,0.6071,2.6104
86.6190,0.7749,3.3292
86.6192,0.7775,3.3431
86.6194,0.6594,2.8458
86.6196,0.5283,2.2801
86.6198,0.5743,2.4731
86.6200,0.6589,2.8371
86.6202,0.623,2.6852
86.6204,0.6353,2.7354
86.6206,0.6588,2.8353
86.6208,0.6914,2.9743
86.6210,0.7239,3.1097
86.6212,0.8265,3.5523
86.6214,0.8417,3.6195
86.6216,0.8096,3.4813
86.6218,0.8742,3.7522
86.6220,0.8913,3.8288
86.6222,0.8482,3.6388
86.6224,0.8837,3.7928
86.6226,0.9157,3.9302
86.6228,0.9295,3.9838
86.6230,0.9661,4.1425
86.6232,0.9947,4.2594
86.6234,1.0459,4.4808
86.6236,1.0384,4.4422
86.6238,1.1002,4.7113
86.6240,1.0766,4.6101
86.6242,1.0748,4.6067
86.6244,1.0094,4.3342
86.6246,0.9452,4.0663
86.6248,0.8097,3.485
86.6250,0.7684,3.3039
86.6252,0.7613,3.2735
86.6254,0.7543,3.2451
86.6256,0.7477,3.2182
86.6258,0.7492,3.2244
86.6260,0.7372,3.1699
86.6262,0.7655,3.2915
86.6264,0.8035,3.4566
86.6266,0.8029,3.4476
86.6268,0.8353,3.5833
86.6270,0.9363,4.0188
86.6272,0.9735,4.1763
86.6274,0.9387,4.0347
86.6276,0.8182,3.52
86.6278,0.8142,3.4976
86.6280,0.8234,3.5373
86.6282,0.8487,3.6443
86.6284,0.8462,3.6318
86.6286,0.8818,3.7846
86.6288,0.8823,3.792
86.6290,0.8708,3.7442
86.6292,0.8719,3.7459
86.6294,0.8012,3.4468
86.6296,0.7526,3.2439
86.6298,0.6913,2.9724
86.6300,0.754,3.2435
86.6302,0.785,3.3787
86.6304,0.7988,3.4349
86.6306,0.8184,3.5189
86.6308,0.8154,3.5044
86.6310,0.8543,3.6753
86.6312,0.8154,3.506
86.6314,0.7559,3.2533
86.6316,0.7073,3.0429
86.6318,0.7541,3.2471
86.6320,0.7752,3.3364
86.6322,0.8037,3.4592
86.6324,0.8035,3.4566
86.6326,0.777,3.3441
86.6328,0.7349,3.1601
86.6330,0.8012,3.4404
86.6332,0.8422,3.6215
86.6334,0.7988,3.4429
86.6336,0.6988,3.0105
86.6338,0.7365,3.1682
86.6340,0.7622,3.2822
86.6342,0.6893,2.971
86.6344,0.6826,2.9421
86.6346,0.6901,2.97
86.6348,0.7125,3.0693
86.6350,0.6897,2.9712
86.6352,0.7008,3.0206
86.6354,0.6315,2.7245
86.6356,0.6065,2.6164
86.6358,0.613,2.6431
86.6360,0.6317,2.7199
86.6362,0.6821,2.9387
86.6364,0.7326,3.1503
86.6366,0.7369,3.1703
86.6368,0.7163,3.0873
86.6370,0.6932,2.9862
86.6372,0.6806,2.936
86.6374,0.5686,2.4529
86.6376,0.5487,2.3681
86.6378,0.5454,2.3531
86.6380,0.5481,2.3633
86.6382,0.5567,2.4017
86.6384,0.5592,2.4125
86.6386,0.5365,2.3164
86.6388,0.5348,2.3081
86.6390,0.5558,2.3953
86.6392,0.5688,2.4562
86.6394,0.613,2.6382
86.6396,0.683,2.9464
86.6398,0.5472,2.3619
86.6400,0.5275,2.2755
86.6402,0.5255,2.2661
86.6404,0.5223,2.2553
86.6406,0.5198,2.2455
86.6408,0.5206,2.246
86.6410,0.5221,2.2511
86.6412,0.523,2.2563
86.6414,0.5213,2.2501
86.6416,0.5193,2.2413
86.6418,0.523,2.2553
86.6420,0.5229,2.2569
86.6422,0.5251,2.2662
86.6424,0.5222,2.2527
86.6426,0.5222,2.2517
86.6428,0.5279,2.2786
86.6430,0.5269,2.2718
86.6432,0.5959,2.5649
86.6434,0.6258,2.6946
86.6436,0.6489,2.7968
86.6438,0.6014,2.5898
86.6440,0.63,2.7126
86.6442,0.7247,3.1191
86.6444,0.6965,2.9964
86.6446,0.6715,2.8926
86.6448,0.6327,2.7258
86.6450,0.7122,3.0611
86.6452,0.7545,3.243
86.6454,0.7295,3.1397
86.6456,0.761,3.2739
86.6458,0.7512,3.2316
86.6460,0.6881,2.9617
86.6462,0.673,2.898
86.6464,0.6918,2.9763
86.6466,0.7616,3.275
86.6468,0.7719,3.3193
86.6470,0.7254,3.1251
86.6472,0.6054,2.6092
86.6474,0.6122,2.6387
86.6476,0.6116,2.6361
86.6478,0.6402,2.7565
86.6480,0.6502,2.8012
86.6482,0.658,2.8335
86.6484,0.6507,2.8059
86.6486,0.5978,2.5779
86.6488,0.5878,2.5309
86.6490,0.6298,2.7159
86.6492,0.5834,2.5123
86.6494,0.5705,2.4611
86.6496,0.5051,2.1802
86.6498,0.493,2.128
86.6500,0.4769,2.0581
86.6502,0.4652,2.0088
86.6504,0.4634,2.002
86.6506,0.4682,2.0199
86.6508,0.4825,2.0824
86.6510,0.4746,2.0492
86.6512,0.4655,2.008
86.6514,0.4651,2.0074
86.6516,0.4695,2.0265
86.6518,0.488,2.1062
86.6520,0.4941,2.1306
86.6522,0.5312,2.2893
86.6524,0.5661,2.4375
86.6526,0.6641,2.8571
86.6528,0.7018,3.0149
86.6530,0.7758,3.3343
86.6532,0.7302,3.1414
86.6534,0.7554,3.2421
86.6536,0.8111,3.4847
86.6538,0.8175,3.5136
86.6540,0.8616,3.6963
86.6542,0.9155,3.92
86.6544,0.9452,4.0492
86.6546,0.9225,3.9577
86.6548,0.8891,3.8141
86.6550,0.9507,4.069
86.6552,1.0099,4.3286
86.6554,1.0102,4.3276
86.6556,1.0156,4.3487
86.6558,1.003,4.3008
86.6560,1.0008,4.2815
86.6562,1.0647,4.5613
86.6564,1.0057,4.3026
86.6566,1.0874,4.6606
86.6568,1.0563,4.5233
86.6570,1.081,4.6225
86.6572,1.0952,4.6852
86.6574,1.0643,4.5657
86.6576,0.9905,4.2454
86.6578,0.998,4.2852
86.6580,0.9316,4.0005
86.6582,0.9322,3.9993
86.6584,0.9857,4.2228
86.6586,1.0075,4.3244
86.6588,0.9447,4.0547
86.6590,0.906,3.8867
86.6592,0.9089,3.9027
86.6594,0.8748,3.7582
86.6596,0.8722,3.7486
86.6598,0.8923,3.8334
86.6600,0.9057,3.8856
86.6602,0.8994,3.8566
86.6604,0.9649,4.145
86.6606,0.878,3.7721
86.6608,0.8489,3.652
86.6610,0.7192,3.0953
86.6612,0.7173,3.0914
86.6614,0.7173,3.0899
86.6616,0.7092,3.0539
86.6618,0.6657,2.8665
86.6620,0.7396,3.1816
86.6622,0.7827,3.3641
86.6624,0.79,3.394
86.6626,0.8219,3.5327
86.6628,0.7349,3.1688
86.6630,0.6475,2.7919
86.6632,0.6167,2.6578
86.6634,0.6116,2.6361
86.6636,0.6264,2.6972
86.6638,0.6887,2.9629
86.6640,0.7547,3.2466
86.6642,0.7243,3.119
86.6644,0.6844,2.9525
86.6646,0.6693,2.878
86.6648,0.7541,3.244
86.6650,0.7128,3.0708
86.6652,0.6303,2.7167
86.6654,0.6709,2.8887
86.6656,0.6868,2.9574
86.6658,0.6507,2.802
86.6660,0.6659,2.8689
86.6662,0.678,2.9251
86.6664,0.5947,2.568
86.6666,0.5327,2.2971
86.6668,0.5617,2.4222
86.6670,0.6004,2.5875
86.6672,0.5966,2.5727
86.6674,0.5439,2.3452
86.6676,0.5712,2.4642
86.6678,0.6116,2.6398
86.6680,0.593,2.556
86.6682,0.6153,2.6509
86.6684,0.6334,2.7264
86.6686,0.6749,2.9076
86.6688,0.6066,2.6156
86.6690,0.5315,2.2951
86.6692,0.5545,2.389
86.6694,0.6489,2.802
86.6696,0.4777,2.0636
86.6698,0.4403,1.9011
86.6700,0.4741,2.0481
86.6702,0.4487,1.9374
86.6704,0.4899,2.1125
86.6706,0.5101,2.2025
86.6708,0.4665,2.0155
86.6710,0.4474,1.9326
86.6712,0.4469,1.9314
86.6714,0.4555,1.9669
86.6716,0.4626,1.9965
86.6718,0.4567,1.9712
86.6720,0.4492,1.9395
86.6722,0.4487,1.9374
86.6724,0.4538,1.9578
86.6726,0.4637,2.0002
86.6728,0.5051,2.1812
86.6730,0.4809,2.0747
86.6732,0.5231,2.2547
86.6734,0.6116,2.6324
86.6736,0.6239,2.6876
86.6738,0.601,2.5889
86.6740,0.5993,2.5817
86.6742,0.6028,2.5942
86.6744,0.6507,2.8007
86.6746,0.6902,2.9718
86.6748,0.6701,2.8843
86.6750,0.6916,2.9753
86.6752,0.7356,3.1646
86.6754,0.6848,2.9527
86.6756,0.5542,2.3908
86.6758,0.4746,2.0473
86.6760,0.4649,2.0063
86.6762,0.4735,2.0427
86.6764,0.5499,2.3689
86.6766,0.6235,2.6823
86.6768,0.6754,2.9056
86.6770,0.6974,3
86.6772,0.6921,2.9773
86.6774,0.6874,2.9558
86.6776,0.6541,2.8177
86.6778,0.6586,2.836
86.6780,0.646,2.7831
86.6782,0.5971,2.57
86.6784,0.668,2.871
86.6786,0.7664,3.2925
86.6788,0.737,3.1678
86.6790,0.7131,3.069
86.6792,0.6235,2.6873
86.6794,0.5567,2.3994
86.6796,0.5504,2.3742
86.6798,0.5452,2.352
86.6800,0.541,2.3317
86.6802,0.5366,2.3126
86.6804,0.5269,2.2718
86.6806,0.5421,2.3342
86.6808,0.5914,2.5476
86.6810,0.5844,2.5164
86.6812,0.636,2.7385
86.6814,0.5976,2.5744
86.6816,0.5956,2.5657
86.6818,0.5941,2.5571
86.6820,0.5826,2.5087
86.6822,0.6207,2.6729
86.6824,0.6239,2.6851
86.6826,0.624,2.6831
86.6828,0.6675,2.8702
86.6830,0.6698,2.8841
86.6832,0.6721,2.8885
86.6834,0.7099,3.0499
86.6836,0.7176,3.0901
86.6838,0.697,2.9929
86.6840,0.7307,3.1449
86.6842,0.6512,2.8027
86.6844,0.6242,2.6891
86.6846,0.6378,2.7449
86.6848,0.664,2.8579
86.6850,0.6255,2.6948
86.6852,0.6111,2.6291
86.6854,0.6421,2.7635
86.6856,0.6423,2.7607
86.6858,0.6723,2.8962
86.6860,0.6303,2.7142
86.6862,0.6693,2.8806
86.6864,0.7121,3.0549
86.6866,0.8297,3.5595
86.6868,0.8593,3.6849
86.6870,0.8821,3.7825
86.6872,0.883,3.7844
86.6874,0.9497,4.0725
86.6876,1.0345,4.4257
86.6878,1.0567,4.5269
86.6880,1.0288,4.4072
86.6882,1.006,4.3036
86.6884,1.0464,4.4827
86.6886,1.0013,4.2956
86.6888,0.8788,3.7752
86.6890,0.8617,3.7003
86.6892,0.8715,3.735
86.6894,0.9808,4.2018
86.6896,1.0314,4.4227
86.6898,1.0063,4.3031
86.6900,1.0782,4.6081
86.6902,1.1637,4.9758
86.6904,1.1563,4.9561
86.6906,1.0554,4.5318
86.6908,0.8978,3.8571
86.6910,0.8549,3.6727
86.6912,0.812,3.4915
86.6914,0.8354,3.5854
86.6916,0.8421,3.6176
86.6918,0.8285,3.561
86.6920,0.8423,3.6152
86.6922,0.871,3.7417
86.6924,0.9072,3.8918
86.6926,0.9622,4.1298
86.6928,0.9056,3.8869
86.6930,0.9358,4.0129
86.6932,1.0334,4.4252
86.6934,1.0813,4.6257
86.6936,1.1035,4.725
86.6938,1.094,4.6823
86.6940,1.1219,4.7996
86.6942,1.1176,4.7856
86.6944,1.1179,4.7799
86.6946,1.1557,4.9489
86.6948,1.061,4.5454
86.6950,1.0946,4.687
86.6952,1.1246,4.8154
86.6954,1.1369,4.866
86.6956,1.176,5.0309
86.6958,1.1307,4.8416
86.6960,1.1256,4.8155
86.6962,1.1537,4.9402
86.6964,1.1296,4.846
86.6966,1.0271,4.4083
86.6968,1.0083,4.3275
86.6970,0.997,4.2771
86.6972,0.9764,4.2003
86.6974,0.8301,3.571
86.6976,0.8577,3.6828
86.6978,0.8872,3.813
86.6980,0.8807,3.7869
86.6982,0.8997,3.8671
86.6984,0.8914,3.8364
86.6986,0.7338,3.1642
86.6988,0.6436,2.7741
86.6990,0.7152,3.0812
86.6992,0.74,3.1881
86.6994,0.7415,3.1943
86.6996,0.7432,3.2
86.6998,0.733,3.1591
86.7000,0.7325,3.1555
86.7002,0.7441,3.2042
86.7004,0.7475,3.2156
86.7006,0.7595,3.2718
86.7008,0.7475,3.2201
86.7010,0.7416,3.1948
86.7012,0.6553,2.8268
86.7014,0.6153,2.6533
86.7016,0.6454,2.7818
86.7018,0.6303,2.718
86.7020,0.6291,2.709
86.7022,0.7086,3.0528
86.7024,0.6547,2.8255
86.7026,0.5609,2.4231
86.7028,0.5338,2.306
86.7030,0.5251,2.2682
86.7032,0.5242,2.2657
86.7034,0.5239,2.261
86.7036,0.5263,2.2713
86.7038,0.5217,2.2537
86.7040,0.523,2.2584
86.7042,0.5267,2.2744
86.7044,0.5297,2.2863
86.7046,0.5292,2.2864
86.7048,0.5242,2.2646
86.7050,0.5242,2.2625
86.7052,0.5271,2.2739
86.7054,0.5483,2.3654
86.7056,0.6203,2.6708
86.7058,0.6939,2.9892
86.7060,0.6324,2.7293
86.7062,0.5454,2.3552
86.7064,0.5302,2.2884
86.7066,0.5301,2.2879
86.7068,0.5809,2.5038
86.7070,0.6954,2.9945
86.7072,0.6531,2.8175
86.7074,0.554,2.3897
86.7076,0.5573,2.4042
86.7078,0.5505,2.3747
86.7080,0.5481,2.3644
86.7082,0.6146,2.6515
86.7084,0.612,2.6376
86.7086,0.6257,2.6941
86.7088,0.6458,2.7821
86.7090,0.6125,2.6422
86.7092,0.551,2.3757
86.7094,0.5928,2.5538
86.7096,0.5975,2.5775
86.7098,0.6078,2.6196
86.7100,0.6498,2.7978
86.7102,0.6687,2.8794
86.7104,0.6954,2.9932
86.7106,0.7561,3.2543
86.7108,0.6633,2.8575
86.7110,0.676,2.9096
86.7112,0.7182,3.0941
86.7114,0.661,2.8477
86.7116,0.6352,2.7392
86.7118,0.6155,2.6551
86.7120,0.6129,2.6381
86.7122,0.6893,2.9655
86.7124,0.699,3.0086
86.7126,0.6622,2.8542
86.7128,0.6368,2.7421
86.7130,0.6836,2.9421
86.7132,0.6981,3.0045
86.7134,0.7536,3.2389
86.7136,0.7773,3.3425
86.7138,0.7607,3.2708
86.7140,0.7514,3.2327
86.7142,0.7583,3.2605
86.7144,0.7635,3.2832
86.7146,0.7444,3.2052
86.7148,0.698,3.0054
86.7150,0.7103,3.0571
86.7152,0.6536,2.817
86.7154,0.6446,2.7718
86.7156,0.7062,3.0368
86.7158,0.7855,3.376
86.7160,0.8505,3.6553
86.7162,0.8163,3.5101
86.7164,0.7849,3.375
86.7166,0.7398,3.19
86.7168,0.6099,2.6313
86.7170,0.6324,2.7192
86.7172,0.7248,3.1225
86.7174,0.5982,2.5818
86.7176,0.5025,2.1709
86.7178,0.4926,2.1279
86.7180,0.4869,2.1016
86.7182,0.4856,2.0959
86.7184,0.5101,2.2004
86.7186,0.5583,2.405
86.7188,0.6536,2.8091
86.7190,0.6797,2.9283
86.7192,0.5816,2.5092
86.7194,0.6004,2.5851
86.7196,0.69,2.9658
86.7198,0.797,3.4255
86.7200,0.8032,3.4539
86.7202,0.8083,3.4691
86.7204,0.8615,3.6958
86.7206,0.9041,3.8766
86.7208,0.9019,3.871
86.7210,0.9167,3.9361
86.7212,0.8999,3.8658
86.7214,0.9131,3.9188
86.7216,0.9485,4.0693
86.7218,0.9728,4.1673
86.7220,0.974,4.1783
86.7222,0.92,3.9469
86.7224,0.9886,4.2351
86.7226,1.0464,4.4827
86.7228,1.0842,4.6445
86.7230,1.0881,4.655
86.7232,1.105,4.7273
86.7234,1.1314,4.8379
86.7236,1.1253,4.832
86.7238,0.9117,3.915
86.7240,0.911,3.9119
86.7242,0.8506,3.6575
86.7244,0.7647,3.293
86.7246,0.7477,3.2182
86.7248,0.7434,3.1966
86.7250,0.7403,3.1862
86.7252,0.6906,2.9753
86.7254,0.695,2.9897
86.7256,0.7664,3.2941
86.7258,0.8337,3.5848
86.7260,0.8452,3.6343
86.7262,0.8372,3.5948
86.7264,0.881,3.785
86.7266,0.8035,3.4565
86.7268,0.7447,3.1993
86.7270,0.8005,3.4436
86.7272,0.8038,3.4548
86.7274,0.7893,3.402
86.7276,0.67,2.8837
86.7278,0.7519,3.2332
86.7280,0.7706,3.3152
86.7282,0.7205,3.101
86.7284,0.7935,3.4105
86.7286,0.7603,3.2723
86.7288,0.7051,3.0378
86.7290,0.7127,3.0717
86.7292,0.7185,3.0894
86.7294,0.7971,3.4244
86.7296,0.7935,3.4185
86.7298,0.7128,3.0694
86.7300,0.6563,2.8275
86.7302,0.6501,2.8033
86.7304,0.611,2.6335
86.7306,0.6662,2.8712
86.7308,0.6616,2.8516
86.7310,0.6806,2.9319
86.7312,0.742,3.1919
86.7314,0.7857,3.3786
86.7316,0.7868,3.388
86.7318,0.7073,3.0485
86.7320,0.6733,2.9004
86.7322,0.7213,3.1061
86.7324,0.6685,2.8757
86.7326,0.6903,2.9723
86.7328,0.7173,3.0856
86.7330,0.8026,3.4481
86.7332,0.8423,3.622
86.7334,0.8464,3.6361
86.7336,0.8448,3.6294
86.7338,0.8464,3.6463
86.7340,0.7536,3.2434
86.7342,0.7286,3.1405
86.7344,0.6494,2.7989
86.7346,0.6418,2.7663
86.7348,0.6525,2.8136
86.7350,0.5971,2.5748
86.7352,0.5836,2.5152
86.7354,0.6924,2.9803
86.7356,0.7707,3.3157
86.7358,0.7571,3.2584
86.7360,0.7157,3.0775
86.7362,0.7475,3.2156
86.7364,0.7645,3.2889
86.7366,0.7411,3.1927
86.7368,0.6366,2.7423
86.7370,0.6463,2.7842
86.7372,0.6315,2.7244
86.7374,0.6706,2.8904
86.7376,0.6645,2.8627
86.7378,0.6432,2.772
86.7380,0.6405,2.7606
86.7382,0.6462,2.7849
86.7384,0.6668,2.8698
86.7386,0.6658,2.867
86.7388,0.7285,3.1327
86.7390,0.7812,3.3637
86.7392,0.7069,3.0427
86.7394,0.7221,3.1005
86.7396,0.8017,3.4472
86.7398,0.8628,3.7015
86.7400,0.9387,4.029
86.7402,0.9375,4.0182
86.7404,0.9773,4.1927
86.7406,1.0015,4.2966
86.7408,1.0109,4.3368
86.7410,1.006,4.3096
86.7412,0.9964,4.2705
86.7414,0.9894,4.2467
86.7416,0.9589,4.1212
86.7418,0.8567,3.6821
86.7420,0.8524,3.6584
86.7422,0.997,4.2791
86.7424,0.983,4.2149
86.7426,1.0002,4.293
86.7428,0.9349,4.0144
86.7430,0.8887,3.8162
86.7432,0.8868,3.8132
86.7434,0.837,3.6009
86.7436,0.785,3.3802
86.7438,0.7197,3.1046
86.7440,0.6545,2.8172
86.7442,0.7994,3.439
86.7444,0.8081,3.4718
86.7446,0.7727,3.327
86.7448,0.7524,3.2368
86.7450,0.8382,3.5994
86.7452,0.9295,3.9912
86.7454,0.9381,4.0245
86.7456,1.036,4.4339
86.7458,1.1109,4.7591
86.7460,1.0989,4.7011
86.7462,1.1663,4.9964
86.7464,1.0686,4.5884
86.7466,0.965,4.1397
86.7468,1.0006,4.2965
86.7470,0.9351,4.0191
86.7472,0.875,3.7575
86.7474,0.8645,3.7122
86.7476,0.9566,4.1076
86.7478,0.9822,4.2197
86.7480,0.9493,4.0743
86.7482,0.9637,4.1379
86.7484,0.9598,4.1234
86.7486,0.9728,4.1732
86.7488,1.0465,4.4791
86.7490,1.1458,4.904
86.7492,1.1537,4.9448
86.7494,1.1117,4.7671
86.7496,1.1456,4.9098
86.7498,1.0928,4.6903
86.7500,0.9923,4.263
86.7502,0.923,3.9634
86.7504,0.9707,4.1567
86.7506,0.9982,4.2982
86.7508,0.8039,3.4634
86.7510,0.7589,3.2616
86.7512,0.9539,4.0848
86.7514,1.127,4.8257
86.7516,1.1159,4.7874
86.7518,1.0806,4.6291
86.7520,1.1285,4.8346
86.7522,1.1277,4.8333
86.7524,1.1398,4.8852
86.7526,1.152,4.9422
86.7528,1.1458,4.9017
86.7530,1.271,5.4321
86.7532,1.2885,5.5095
86.7534,1.2902,5.5167
86.7536,1.3027,5.5705
86.7538,1.3144,5.6229
86.7540,1.3144,5.615
86.7542,1.3687,5.847
86.7544,1.4256,6.0903
86.7546,1.3826,5.9065
86.7548,1.4187,6.0578
86.7550,1.4262,6.0958
86.7552,1.3937,5.9625
86.7554,1.3039,5.5887
86.7556,1.2367,5.2979
86.7558,1.3214,5.6399
86.7560,1.4561,6.2146
86.7562,1.4695,6.2778
86.7564,1.4806,6.322
86.7566,1.4686,6.2678
86.7568,1.5166,6.4791
86.7570,1.4669,6.2724
86.7572,1.3163,5.639
86.7574,1.2729,5.4378
86.7576,1.4137,6.0646
86.7578,1.1503,4.9419
86.7580,1.0874,4.6671
86.7582,1.1398,4.8943
86.7584,1.1551,4.9579
86.7586,1.1609,4.9756
86.7588,1.2098,5.1829
86.7590,1.2814,5.4895
86.7592,1.3096,5.5998
86.7594,1.3762,5.8903
86.7596,1.3586,5.8122
86.7598,1.4075,6.0214
86.7600,1.409,6.0276
86.7602,1.3454,5.78
86.7604,1.1183,4.8111
86.7606,1.0139,4.3577
86.7608,1.0626,4.5691
86.7610,1.012,4.3556
86.7612,0.9946,4.2847
86.7614,0.9319,4.0146
86.7616,0.8486,3.6606
86.7618,0.8073,3.4795
86.7620,0.8438,3.6349
86.7622,0.9649,4.1527
86.7624,0.9657,4.1583
86.7626,0.9183,3.9525
86.7628,1.0139,4.3598
86.7630,1.0584,4.5532
86.7632,0.9918,4.2649
86.7634,0.9852,4.2424
86.7636,0.9832,4.2297
86.7638,1.0429,4.4804
86.7640,1.0519,4.5316
86.7642,0.9906,4.2597
86.7644,1.0876,4.6725
86.7646,1.0863,4.6625
86.7648,1.1234,4.826
86.7650,1.0513,4.529
86.7652,0.83,3.5855
86.7654,0.8018,3.4605
86.7656,0.8501,3.6691
86.7658,0.7959,3.432
86.7660,0.8442,3.637
86.7662,0.8754,3.773
86.7664,0.843,3.6335
86.7666,0.8418,3.6283
86.7668,0.8222,3.5419
86.7670,0.8412,3.6274
86.7672,0.8302,3.5848
86.7674,0.7795,3.3674
86.7676,0.6688,2.8906
86.7678,0.699,3.0198
86.7680,0.7399,3.195
86.7682,0.7628,3.2893
86.7684,0.7616,3.2872
86.7686,0.7754,3.3389
86.7688,0.8802,3.7884
86.7690,0.8908,3.8427
86.7692,0.7832,3.3819
86.7694,0.712,3.0743
86.7696,0.6788,2.9296
86.7698,0.6964,3.0098
86.7700,0.6533,2.8251
86.7702,0.6577,2.8411
86.7704,0.6367,2.7517
86.7706,0.6402,2.7681
86.7708,0.6363,2.7451
86.7710,0.7255,3.1314
86.7712,0.6464,2.7937
86.7714,0.6066,2.6241
86.7716,0.5868,2.5362
86.7718,0.5897,2.5486
86.7720,0.6149,2.655
86.7722,0.7191,3.1092
86.7724,0.6324,2.7306
86.7726,0.6354,2.741
86.7728,0.7006,3.0223
86.7730,0.7373,3.1792
86.7732,0.7625,3.2877
86.7734,0.7627,3.2857
86.7736,0.8177,3.5277
86.7738,0.7938,3.4195
86.7740,0.8339,3.5875
86.7742,0.8452,3.6428
86.7744,0.7939,3.4216
86.7746,0.7753,3.3399
86.7748,0.7902,3.4087
86.7750,0.8103,3.494
86.7752,0.8071,3.4768
86.7754,0.751,3.2396
86.7756,0.6894,2.9742
86.7758,0.7245,3.1253
86.7760,0.7362,3.173
86.7762,0.7415,3.1973
86.7764,0.7573,3.2625
86.7766,0.8409,3.6208
86.7768,0.8599,3.7029
86.7770,0.8531,3.6667
86.7772,0.9828,4.2184
86.7774,0.9906,4.2637
86.7776,0.8712,3.7532
86.7778,0.837,3.606
86.7780,0.7717,3.3306
86.7782,0.7327,3.158
86.7784,0.7279,3.1388
86.7786,0.7361,3.171
86.7788,0.834,3.5931
86.7790,0.7777,3.3518
86.7792,0.7402,3.1886
86.7794,0.7803,3.3601
86.7796,0.8209,3.5346
86.7798,0.8167,3.5182
86.7800,0.8141,3.5106
86.7802,0.8026,3.4609
86.7804,0.7691,3.3131
86.7806,0.7298,3.1486
86.7808,0.7048,3.0405
86.7810,0.6966,3.0011
86.7812,0.7855,3.3823
86.7814,0.8061,3.4711
86.7816,0.8149,3.512
86.7818,0.7978,3.4371
86.7820,0.7884,3.3978
86.7822,0.7539,3.248
86.7824,0.7765,3.3467
86.7826,0.7768,3.3482
86.7828,0.7623,3.2842
86.7830,0.8569,3.6814
86.7832,0.9643,4.1521
86.7834,0.8195,3.5289
86.7836,0.8566,3.685
86.7838,0.8041,3.4736
86.7840,0.6141,2.6519
86.7842,0.6131,2.6435
86.7844,0.6929,2.9906
86.7846,0.7033,3.0328
86.7848,0.747,3.2166
86.7850,0.8164,3.5106
86.7852,0.9709,4.163
86.7854,1.0679,4.5832
86.7856,0.9607,4.1366
86.7858,0.8831,3.8026
86.7860,0.9081,3.9032
86.7862,0.9917,4.2525
86.7864,1.1068,4.746
86.7866,1.1368,4.87
86.7868,1.132,4.8563
86.7870,1.042,4.4679
86.7872,1.074,4.6009
86.7874,1.1206,4.8029
86.7876,1.2277,5.252
86.7878,1.2985,5.5682
86.7880,1.1494,4.9286
86.7882,1.1171,4.7947
86.7884,1.1158,4.7846
86.7886,1.1167,4.7882
86.7888,1.1304,4.8496
86.7890,1.0975,4.7081
86.7892,1.1816,5.0574
86.7894,1.3129,5.622
86.7896,1.3314,5.6957
86.7898,1.3114,5.6127
86.7900,1.2699,5.4326
86.7902,1.2206,5.234
86.7904,1.1098,4.7722
86.7906,0.9993,4.2929
86.7908,1.0266,4.4144
86.7910,0.9868,4.2511
86.7912,0.8888,3.8291
86.7914,0.883,3.802
86.7916,0.8929,3.8485
86.7918,0.8653,3.7279
86.7920,0.8447,3.6373
86.7922,0.9063,3.9009
86.7924,1.0337,4.4366
86.7926,1.0661,4.5776
86.7928,0.9914,4.2608
86.7930,1.0081,4.329
86.7932,1.0312,4.4299
86.7934,1.0205,4.3881
86.7936,1.0129,4.3496
86.7938,1.0428,4.4819
86.7940,0.9953,4.2779
86.7942,0.9898,4.268
86.7944,0.793,3.418
86.7946,0.777,3.3503
86.7948,0.787,3.3937
86.7950,0.7996,3.4496
86.7952,0.7147,3.0848
86.7954,0.7137,3.0802
86.7956,0.7774,3.3508
86.7958,0.8677,3.7313
86.7960,0.9755,4.1948
86.7962,0.9398,4.0411
86.7964,0.9167,3.949
86.7966,0.8527,3.6753
86.7968,0.8533,3.6779
86.7970,0.8593,3.7003
86.7972,0.8221,3.543
86.7974,0.752,3.2443
86.7976,0.7577,3.261
86.7978,0.8298,3.575
86.7980,0.7926,3.4175
86.7982,0.7808,3.37
86.7984,0.7221,3.1178
86.7986,0.6881,2.9658
86.7988,0.8003,3.4511
86.7990,0.6838,2.9568
86.7992,0.552,2.3892
86.7994,0.5057,2.1869
86.7996,0.486,2.1052
86.7998,0.4994,2.1604
86.8000,0.5577,2.4102
86.8002,0.57,2.4648
86.8004,0.5592,2.4181
86.8006,0.5593,2.4186
86.8008,0.5477,2.3661
86.8010,0.5367,2.3195
86.8012,0.5669,2.449
86.8014,0.6183,2.6725
86.8016,0.6107,2.6393
86.8018,0.5861,2.5319
86.8020,0.5838,2.5232
86.8022,0.5858,2.5332
86.8024,0.5662,2.4448
86.8026,0.6569,2.8301
86.8028,0.7571,3.2599
86.8030,0.8399,3.615
86.8032,0.8494,3.6575
86.8034,0.8073,3.4811
86.8036,0.7571,3.2675
86.8038,0.6468,2.794
86.8040,0.621,2.6814
86.8042,0.6939,2.992
86.8044,0.6962,3.0004
86.8046,0.6972,3.0079
86.8048,0.6575,2.8406
86.8050,0.6553,2.8281
86.8052,0.6706,2.8944
86.8054,0.6775,2.9225
86.8056,0.6492,2.7991
86.8058,0.6423,2.7748
86.8060,0.5816,2.5139
86.8062,0.5584,2.4133
86.8064,0.5559,2.4002
86.8066,0.5538,2.3937
86.8068,0.5429,2.3465
86.8070,0.5754,2.4846
86.8072,0.5815,2.5087
86.8074,0.6266,2.7045
86.8076,0.6556,2.8284
86.8078,0.6613,2.8553
86.8080,0.5681,2.4542
86.8082,0.5897,2.5462
86.8084,0.558,2.4096
86.8086,0.5528,2.3846
86.8088,0.6368,2.7433
86.8090,0.7767,3.3399
86.8092,0.8529,3.6673
86.8094,0.7807,3.3648
86.8096,0.6745,2.9109
86.8098,0.6577,2.8332
86.8100,0.7772,3.3404
86.8102,0.8827,3.7957
86.8104,0.8649,3.7172
86.8106,0.8569,3.6814
86.8108,0.8825,3.7964
86.8110,0.8282,3.5677
86.8112,0.7712,3.3224
86.8114,0.7289,3.1357
86.8116,0.7911,3.4066
86.8118,0.7622,3.2852
86.8120,0.7982,3.4274
86.8122,0.8923,3.8334
86.8124,0.9599,4.1239
86.8126,0.8657,3.7294
86.8128,0.737,3.1752
86.8130,0.7481,3.2197
86.8132,0.7471,3.2186
86.8134,0.752,3.2397
86.8136,0.7436,3.1991
86.8138,0.7435,3.2031
86.8140,0.721,3.1074
86.8142,0.7103,3.0586
86.8144,0.6879,2.9703
86.8146,0.6024,2.5999
86.8148,0.6465,2.7891
86.8150,0.6608,2.844
86.8152,0.7095,3.062
86.8154,0.6292,2.7108
86.8156,0.7065,3.0449
86.8158,0.661,2.8556
86.8160,0.4894,2.1144
86.8162,0.4833,2.0899
86.8164,0.4822,2.0852
86.8166,0.4767,2.0595
86.8168,0.5127,2.2149
86.8170,0.5113,2.2097
86.8172,0.4711,2.0351
86.8174,0.4758,2.0496
86.8176,0.6047,2.6098
86.8178,0.6093,2.6287
86.8180,0.6332,2.7329
86.8182,0.5671,2.4478
86.8184,0.5735,2.4763
86.8186,0.5944,2.5629
86.8188,0.643,2.7676
86.8190,0.7045,3.0366
86.8192,0.7309,3.1371
86.8194,0.936,4.019
86.8196,0.8924,3.8303
86.8198,1.0092,4.3255
86.8200,1.0695,4.5819
86.8202,1.1324,4.851
86.8204,1.1007,4.7066
86.8206,1.2125,5.182
86.8208,1.222,5.2328
86.8210,1.1697,5.0014
86.8212,1.2079,5.1722
86.8214,1.1801,5.046
86.8216,1.249,5.3458
86.8218,1.2288,5.2542
86.8220,1.1979,5.132
86.8222,1.144,4.8986
86.8224,1.1954,5.1164
86.8226,1.211,5.188
86.8228,1.2003,5.1447
86.8230,1.1211,4.8072
86.8232,1.0984,4.7101
86.8234,1.0692,4.5846
86.8236,1.029,4.4124
86.8238,1.122,4.8136
86.8240,1.1308,4.8444
86.8242,1.1179,4.7889
86.8244,1.1133,4.7694
86.8246,1.1348,4.8522
86.8248,1.2276,5.2564
86.8250,1.0804,4.6329
86.8252,1.0747,4.6104
86.8254,1.1163,4.7911
86.8256,1.0567,4.5354
86.8258,1.0171,4.3676
86.8260,1.0262,4.4067
86.8262,1.055,4.5218
86.8264,1.0662,4.5739
86.8266,1.0232,4.3938
86.8268,1.0453,4.4886
86.8270,1.0116,4.35
86.8272,0.9162,3.9396
86.8274,0.9662,4.1507
86.8276,0.9399,4.0379
86.8278,0.935,4.0224
86.8280,0.9127,3.9264
86.8282,0.9199,3.9611
86.8284,0.8884,3.8199
86.8286,0.9513,4.083
86.8288,1.0146,4.3568
86.8290,1.0472,4.4947
86.8292,1.0422,4.471
86.8294,1.0501,4.5092
86.8296,1.0115,4.3474
86.8298,1.0104,4.3448
86.8300,0.9242,3.9667
86.8302,0.9055,3.8991
86.8304,0.7721,3.326
86.8306,0.8476,3.6446
86.8308,0.9291,3.9915
86.8310,0.946,4.0679
86.8312,0.9152,3.9391
86.8314,0.8104,3.4929
86.8316,0.7686,3.3141
86.8318,0.8213,3.5301
86.8320,0.9272,3.9851
86.8322,0.8541,3.6827
86.8324,0.7113,3.0641
86.8326,0.7568,3.2574
86.8328,0.8071,3.4768
86.8330,0.8284,3.5655
86.8332,0.8995,3.8733
86.8334,0.9048,3.8906
86.8336,0.9319,4.009
86.8338,0.9417,4.0475
86.8340,0.9912,4.2702
86.8342,0.8462,3.6435
86.8344,0.8264,3.5583
86.8346,0.8614,3.7022
86.8348,1.0175,4.3752
86.8350,0.9747,4.1892
86.8352,0.9929,4.2675
86.8354,0.9968,4.284
86.8356,0.9227,3.9729
86.8358,0.8508,3.6671
86.8360,0.7668,3.3063
86.8362,0.7358,3.1715
86.8364,0.8122,3.4958
86.8366,0.868,3.7375
86.8368,0.8756,3.7705
86.8370,0.8554,3.6833
86.8372,0.8595,3.6991
86.8374,0.8356,3.5981
86.8376,0.8677,3.7399
86.8378,0.8482,3.6489
86.8380,0.8627,3.7131
86.8382,0.8591,3.6907
86.8384,0.99,4.2572
86.8386,0.9567,4.1176
86.8388,0.8721,3.7568
86.8390,0.8385,3.6155
86.8392,0.756,3.2613
86.8394,0.7472,3.2206
86.8396,0.7638,3.2904
86.8398,0.7444,3.2112
86.8400,0.7403,3.1921
86.8402,0.7273,3.1377
86.8404,0.6894,2.977
86.8406,0.6559,2.8294
86.8408,0.6965,3.002
86.8410,0.7314,3.1524
86.8412,0.7302,3.1487
86.8414,0.7231,3.1167
86.8416,0.801,3.4425
86.8418,0.9518,4.0946
86.8420,0.879,3.7815
86.8422,0.8682,3.7351
86.8424,0.8782,3.7796
86.8426,0.8716,3.7512
86.8428,0.8834,3.8023
86.8430,0.8645,3.7156
86.8432,0.9555,4.1048
86.8434,1.0109,4.3428
86.8436,1.04,4.4618
86.8438,1.0458,4.4864
86.8440,1.0193,4.385
86.8442,0.9253,3.9824
86.8444,0.877,3.7692
86.8446,0.9061,3.9017
86.8448,0.8627,3.7044
86.8450,0.9741,4.1847
86.8452,1.0056,4.3242
86.8454,0.9273,3.9912
86.8456,0.8282,3.5644
86.8458,0.8116,3.4981
86.8460,0.7422,3.2018
86.8462,0.7183,3.0975
86.8464,0.6978,3.0105
86.8466,0.6958,2.9975
86.8468,0.7507,3.2371
86.8470,0.7451,3.2083
86.8472,0.7252,3.1342
86.8474,0.6697,2.8876
86.8476,0.7267,3.1337
86.8478,0.6751,2.9108
86.8480,0.6179,2.6679
86.8482,0.6077,2.6227
86.8484,0.6886,2.9692
86.8486,0.7077,3.0486
86.8488,0.7619,3.2806
86.8490,0.739,3.1864
86.8492,0.6655,2.8774
86.8494,0.6031,2.6042
86.8496,0.6168,2.6571
86.8498,0.6405,2.7645
86.8500,0.608,2.6255
86.8502,0.6107,2.6368
86.8504,0.6463,2.7919
86.8506,0.6018,2.5961
86.8508,0.5974,2.5794
86.8510,0.6116,2.6422
86.8512,0.591,2.5543
86.8514,0.5874,2.5341
86.8516,0.6685,2.8824
86.8518,0.6998,3.0187
86.8520,0.7751,3.3358
86.8522,0.8591,3.6873
86.8524,0.9388,4.0332
86.8526,0.9476,4.0652
86.8528,1.0014,4.3021
86.8530,0.9674,4.1539
86.8532,1.0113,4.3383
86.8534,1.1017,4.7195
86.8536,1.1467,4.915
86.8538,1.1246,4.8199
86.8540,1.1345,4.8512
86.8542,1.2742,5.4511
86.8544,1.2704,5.4321
86.8546,1.2482,5.3472
86.8548,1.2081,5.1733
86.8550,1.2483,5.3328
86.8552,1.3041,5.5814
86.8554,1.3062,5.5906
86.8556,1.3173,5.6299
86.8558,1.3664,5.84
86.8560,1.3928,5.9444
86.8562,1.4272,6.1027
86.8564,1.3532,5.8053
86.8566,1.1521,4.9404
86.8568,1.1451,4.9101
86.8570,1.1271,4.8329
86.8572,1.1649,4.9949
86.8574,1.1651,4.9936
86.8576,1.1411,4.9045
86.8578,1.032,4.4376
86.8580,1.0077,4.3329
86.8582,1.0079,4.3219
86.8584,1.1068,4.7505
86.8586,1.056,4.545
86.8588,0.9018,3.8795
86.8590,0.8927,3.8421
86.8592,0.877,3.7797
86.8594,0.8798,3.7816
86.8596,0.9727,4.1824
86.8598,0.9693,4.168
86.8600,0.9234,3.9723
86.8602,0.8762,3.7714
86.8604,0.9163,3.9419
86.8606,0.9224,3.9719
86.8608,0.8498,3.659
86.8610,0.8433,3.6311
86.8612,0.8054,3.4696
86.8614,0.7875,3.3958
86.8616,0.758,3.2625
86.8618,0.8452,3.6394
86.8620,0.8941,3.8429
86.8622,0.9611,4.1406
86.8624,0.8149,3.5104
86.8626,0.8243,3.5529
86.8628,0.8101,3.4897
86.8630,0.7816,3.3689
86.8632,0.8411,3.6219
86.8634,0.871,3.7469
86.8636,0.8838,3.8003
86.8638,0.9452,4.0681
86.8640,0.8965,3.8586
86.8642,0.8632,3.7168
86.8644,0.7994,3.4454
86.8646,0.7709,3.3193
86.8648,0.8043,3.4633
86.8650,0.8276,3.5619
86.8652,0.8638,3.7212
86.8654,0.8194,3.53
86.8656,0.8478,3.6525
86.8658,0.82,3.5293
86.8660,0.8801,3.7844
86.8662,0.8748,3.7722
86.8664,0.7268,3.1385
86.8666,0.6724,2.9008
86.8668,0.6909,2.9777
86.8670,0.7504,3.2385
86.8672,0.732,3.1593
86.8674,0.6926,2.9877
86.8676,0.7472,3.2146
86.8678,0.8719,3.7511
86.8680,0.832,3.5826
86.8682,0.7406,3.1951
86.8684,0.701,3.0239
86.8686,0.7326,3.159
86.8688,0.7471,3.2186
86.8690,0.7446,3.2077
86.8692,0.7482,3.2262
86.8694,0.7733,3.3374
86.8696,0.647,2.795
86.8698,0.5758,2.4885
86.8700,0.6055,2.6146
86.8702,0.6378,2.7513
86.8704,0.6652,2.8724
86.8706,0.6475,2.7945
86.8708,0.6356,2.7433
86.8710,0.6171,2.6623
86.8712,0.6598,2.8491
86.8714,0.6309,2.7256
86.8716,0.6107,2.6368
86.8718,0.6615,2.8537
86.8720,0.6766,2.9162
86.8722,0.7514,3.2402
86.8724,0.7506,3.235
86.8726,0.7572,3.2604
86.8728,0.7757,3.3399
86.8730,0.8274,3.5646
86.8732,0.7942,3.4232
86.8734,0.8115,3.4927
86.8736,0.8053,3.4691
86.8738,0.7363,3.1765
86.8740,0.7071,3.046
86.8742,0.752,3.2337
86.8744,0.7802,3.3564
86.8746,0.8361,3.5968
86.8748,0.8814,3.7936
86.8750,0.8224,3.543
86.8752,0.751,3.2351
86.8754,0.7525,3.2448
86.8756,0.7373,3.1777
86.8758,0.7385,3.1769
86.8760,0.7947,3.4173
86.8762,0.8601,3.6948
86.8764,0.9627,4.1377
86.8766,0.948,4.0724
86.8768,0.9364,4.0229
86.8770,0.9013,3.8792
86.8772,0.7963,3.4351
86.8774,0.7236,3.1173
86.8776,0.7632,3.2878
86.8778,0.7691,3.3162
86.8780,0.7627,3.2872
86.8782,0.7496,3.2324
86.8784,0.7231,3.1124
86.8786,0.7638,3.2919
86.8788,0.7116,3.0685
86.8790,0.7,3.0198
86.8792,0.6977,3.0057
86.8794,0.7957,3.4294
86.8796,0.7077,3.0571
86.8798,0.6314,2.7277
86.8800,0.6195,2.6752
86.8802,0.62,2.6735
86.8804,0.6083,2.6253
86.8806,0.5767,2.4903
86.8808,0.5771,2.4953
86.8810,0.5362,2.3185
86.8812,0.5212,2.2517
86.8814,0.5342,2.3097
86.8816,0.5263,2.2755
86.8818,0.5295,2.2842
86.8820,0.5664,2.4458
86.8822,0.5263,2.2724
86.8824,0.527,2.2776
86.8826,0.5604,2.4166
86.8828,0.6378,2.7564
86.8830,0.5398,2.333
86.8832,0.5235,2.2625
86.8834,0.5554,2.3971
86.8836,0.4806,2.0789
86.8838,0.4195,1.8149
86.8840,0.4114,1.7805
86.8842,0.4089,1.7696
86.8844,0.4156,1.797
86.8846,0.4322,1.8673
86.8848,0.5008,2.1656
86.8850,0.5338,2.3039
86.8852,0.6396,2.7527
86.8854,0.7283,3.1375
86.8856,0.6514,2.809
86.8858,0.6884,2.96
86.8860,0.7583,3.2681
86.8862,0.7376,3.1748
86.8864,0.8013,3.444
86.8866,0.8562,3.6766
86.8868,0.9478,4.0643
86.8870,0.9308,3.995
86.8872,0.9067,3.8916
86.8874,0.9397,4.035
86.8876,0.9719,4.1715
86.8878,0.9663,4.1473
86.8880,0.9531,4.0907
86.8882,0.9833,4.2165
86.8884,1.0697,4.5824
86.8886,1.0905,4.6718
86.8888,1.0826,4.64
86.8890,1.0569,4.5258
86.8892,1.0947,4.6941
86.8894,1.0561,4.5412
86.8896,0.9322,4.0068
86.8898,0.9217,3.9559
86.8900,0.95,4.0812
86.8902,0.9229,3.961
86.8904,0.9822,4.2197
86.8906,0.9295,4.0005
86.8908,0.8261,3.5573
86.8910,0.7071,3.0489
86.8912,0.7318,3.1481
86.8914,0.8396,3.6101
86.8916,0.8529,3.669
86.8918,0.7888,3.3936
86.8920,0.8357,3.5953
86.8922,0.8825,3.7929
86.8924,0.8836,3.7976
86.8926,0.9524,4.0915
86.8928,0.9537,4.099
86.8930,0.92,3.9505
86.8932,0.9222,3.9672
86.8934,0.8768,3.7722
86.8936,0.8388,3.612
86.8938,0.827,3.5576
86.8940,0.8376,3.6069
86.8942,0.8364,3.5967
86.8944,0.8566,3.685
86.8946,0.8342,3.5836
86.8948,0.8565,3.6811
86.8950,0.8515,3.6617
86.8952,0.8563,3.6857
86.8954,0.8531,3.6701
86.8956,0.8386,3.611
86.8958,0.7436,3.2021
86.8960,0.7348,3.1639
86.8962,0.7628,3.2817
86.8964,0.751,3.2351
86.8966,0.7422,3.1989
86.8968,0.6966,3.0039
86.8970,0.633,2.7319
86.8972,0.5912,2.5494
86.8974,0.6312,2.7203
86.8976,0.6559,2.8294
86.8978,0.6481,2.7971
86.8980,0.581,2.509
86.8982,0.5676,2.4487
86.8984,0.6077,2.6251
86.8986,0.5646,2.438
86.8988,0.568,2.4503
86.8990,0.6057,2.612
86.8992,0.6263,2.7054
86.8994,0.5034,2.1755
86.8996,0.479,2.0693
86.8998,0.5057,2.1838
86.9000,0.548,2.3672
86.9002,0.5396,2.332
86.9004,0.538,2.322
86.9006,0.5376,2.3205
86.9008,0.5354,2.3106
86.9010,0.59,2.5431
86.9012,0.6314,2.7226
86.9014,0.5814,2.5105
86.9016,0.5421,2.3418
86.9018,0.5252,2.2666
86.9020,0.5211,2.2491
86.9022,0.5235,2.2615
86.9024,0.5303,2.291
86.9026,0.5288,2.2822
86.9028,0.529,2.2821
86.9030,0.524,2.2604
86.9032,0.5294,2.2858
86.9034,0.531,2.2941
86.9036,0.5283,2.2812
86.9038,0.5242,2.2625
86.9040,0.5248,2.2672
86.9042,0.5324,2.2956
86.9044,0.5892,2.5383
86.9046,0.6179,2.6679
86.9048,0.5472,2.3608
86.9050,0.5284,2.2817
86.9052,0.5551,2.3971
86.9054,0.5492,2.3712
86.9056,0.5285,2.2811
86.9058,0.5257,2.2698
86.9060,0.5251,2.2672
86.9062,0.5273,2.276
86.9064,0.5351,2.3075
86.9066,0.5378,2.321
86.9068,0.5249,2.2646
86.9070,0.5278,2.277
86.9072,0.5313,2.2941
86.9074,0.5366,2.3126
86.9076,0.668,2.8696
86.9078,0.7995,3.4379
86.9080,0.7484,3.2227
86.9082,0.6439,2.7725
86.9084,0.6481,2.7906
86.9086,0.6068,2.6179
86.9088,0.5797,2.4986
86.9090,0.691,2.9727
86.9092,0.75,3.2235
86.9094,0.7438,3.1967
86.9096,0.7815,3.359
86.9098,0.7695,3.3075
86.9100,0.8324,3.5792
86.9102,0.7869,3.3916
86.9104,0.637,2.7444
86.9106,0.6062,2.6128
86.9108,0.6427,2.7661
86.9110,0.7228,3.1021
86.9112,0.7861,3.3802
86.9114,0.7345,3.1599
86.9116,0.6808,2.9316
86.9118,0.7273,3.1304
86.9120,0.7428,3.194
86.9122,0.748,3.2177
86.9124,0.7496,3.2249
86.9126,0.7504,3.2295
86.9128,0.7595,3.2642
86.9130,0.781,3.3554
86.9132,0.7615,3.2729
86.9134,0.7578,3.2585
86.9136,0.7695,3.3121
86.9138,0.7619,3.2714
86.9140,0.8,3.4416
86.9142,0.7543,3.242
86.9144,0.8163,3.5084
86.9146,0.8099,3.4844
86.9148,0.7834,3.3719
86.9150,0.6994,3.0158
86.9152,0.6085,2.6251
86.9154,0.6421,2.7648
86.9156,0.6746,2.9074
86.9158,0.5304,2.2937
86.9160,0.4209,1.8198
86.9162,0.4153,1.7943
86.9164,0.4225,1.8254
86.9166,0.4213,1.8219
86.9168,0.4117,1.7796
86.9170,0.4113,1.7758
86.9172,0.4111,1.7753
86.9174,0.4204,1.8169
86.9176,0.4737,2.0418
86.9178,0.6072,2.6145
86.9180,0.6249,2.6922
86.9182,0.6,2.5884
86.9184,0.5827,2.5104
86.9186,0.6689,2.8791
86.9188,0.6743,2.9037
86.9190,0.6974,3.0014
86.9192,0.7073,3.0414
86.9194,0.7306,3.14
86.9196,0.736,3.1676
86.9198,0.7494,3.2164
86.9200,0.9157,3.921
86.9202,1.025,4.3934
86.9204,0.9996,4.2904
86.9206,0.9065,3.8869
86.9208,0.9083,3.8983
86.9210,0.9375,4.0201
86.9212,0.9584,4.1134
86.9214,0.8972,3.8491
86.9216,0.9014,3.8689
86.9218,0.9457,4.0588
86.9220,0.9416,4.0394
86.9222,0.9146,3.9292
86.9224,0.8765,3.7619
86.9226,0.9038,3.8774
86.9228,0.9038,3.8792
86.9230,0.8778,3.7675
86.9232,0.8985,3.8602
86.9234,0.9125,3.9181
86.9236,0.8938,3.8378
86.9238,0.8364,3.5917
86.9240,0.8387,3.6048
86.9242,0.8908,3.8249
86.9244,0.897,3.8499
86.9246,0.8838,3.7986
86.9248,0.8103,3.4908
86.9250,0.7298,3.1398
86.9252,0.7067,3.0417
86.9254,0.7164,3.0849
86.9256,0.7486,3.2218
86.9258,0.7219,3.1086
86.9260,0.6885,2.9646
86.9262,0.7045,3.0338
86.9264,0.7439,3.2046
86.9266,0.7194,3.1007
86.9268,0.648,2.7914
86.9270,0.693,2.9801
86.9272,0.7894,3.3962
86.9274,0.7613,3.2749
86.9276,0.7245,3.1122
86.9278,0.7609,3.2795
86.9280,0.7162,3.081
86.9282,0.7583,3.2636
86.9284,0.7042,3.0308
86.9286,0.6942,2.9852
86.9288,0.7963,3.424
86.9290,0.7819,3.359
86.9292,0.7782,3.3446
86.9294,0.8063,3.4705
86.9296,0.7704,3.3188
86.9298,0.7132,3.0724
86.9300,0.6915,2.9817
86.9302,0.6134,2.6488
86.9304,0.5188,2.2392
86.9306,0.4787,2.0668
86.9308,0.4893,2.1129
86.9310,0.5384,2.3193
86.9312,0.6077,2.6203
86.9314,0.5862,2.5289
86.9316,0.6165,2.6561
86.9318,0.6751,2.9054
86.9320,0.698,3.004
86.9322,0.7055,3.0379
86.9324,0.6945,2.9904
86.9326,0.6199,2.673
86.9328,0.6004,2.5887
86.9330,0.6022,2.5953
86.9332,0.5685,2.4523
86.9334,0.518,2.2356
86.9336,0.5156,2.2242
86.9338,0.5125,2.2097
86.9340,0.5212,2.2464
86.9342,0.5839,2.5156
86.9344,0.6452,2.7782
86.9346,0.6998,3.0103
86.9348,0.7345,3.1643
86.9350,0.6798,2.9288
86.9352,0.6607,2.8448
86.9354,0.6969,2.9966
86.9356,0.6843,2.9493
86.9358,0.5584,2.41
86.9360,0.5402,2.3292
86.9362,0.5864,2.5299
86.9364,0.5798,2.5003
86.9366,0.5772,2.4889
86.9368,0.5789,2.4962
86.9370,0.5464,2.3593
86.9372,0.47,2.0295
86.9374,0.4617,1.9929
86.9376,0.5045,2.1736
86.9378,0.5971,2.576
86.9380,0.568,2.4469
86.9382,0.5866,2.5316
86.9384,0.4724,2.0408
86.9386,0.4608,1.9897
86.9388,0.5016,2.1637
86.9390,0.4748,2.0502
86.9392,0.4547,1.9642
86.9394,0.4563,1.9696
86.9396,0.4513,1.9506
86.9398,0.45,1.944
86.9400,0.4532,1.9561
86.9402,0.4801,2.0711
86.9404,0.4963,2.1429
86.9406,0.4652,2.007
86.9408,0.4916,2.1188
86.9410,0.5458,2.3535
86.9412,0.5567,2.3983
86.9414,0.571,2.4609
86.9416,0.5784,2.4953
86.9418,0.561,2.4169
86.9420,0.5649,2.4334
86.9422,0.5619,2.4205
86.9424,0.5989,2.5801
86.9426,0.5923,2.5541
86.9428,0.5529,2.3829
86.9430,0.5681,2.4462
86.9432,0.6544,2.8127
86.9434,0.7909,3.396
86.9436,0.8328,3.5729
86.9438,0.8619,3.7026
86.9440,0.7382,3.1744
86.9442,0.6902,2.9677
86.9444,0.7062,3.041
86.9446,0.5882,2.5353
86.9448,0.5277,2.2765
86.9450,0.5259,2.2687
86.9452,0.5085,2.1917
86.9454,0.54,2.3265
86.9456,0.5814,2.5047
86.9458,0.5921,2.5471
86.9460,0.6128,2.6364
86.9462,0.5769,2.4851
86.9464,0.6045,2.6044
86.9466,0.5869,2.5308
86.9468,0.5727,2.4647
86.9470,0.6344,2.7292
86.9472,0.6495,2.7942
86.9474,0.6421,2.7699
86.9476,0.5396,2.3244
86.9478,0.58,2.4962
86.9480,0.6565,2.8281
86.9482,0.6167,2.6578
86.9484,0.5152,2.2247
86.9486,0.414,1.7886
86.9488,0.414,1.7861
86.9490,0.4566,1.9697
86.9492,0.4652,2.0051
86.9494,0.5322,2.294
86.9496,0.4904,2.1156
86.9498,0.5366,2.3147
86.9500,0.5279,2.2764
86.9502,0.5018,2.1657
86.9504,0.4628,1.9985
86.9506,0.3948,1.7041
86.9508,0.3958,1.7091
86.9510,0.4414,1.9014
86.9512,0.573,2.4628
86.9514,0.7109,3.054
86.9516,0.7856,3.3781
86.9518,0.7753,3.3275
86.9520,0.8037,3.4511
86.9522,0.8252,3.5416
86.9524,0.842,3.612
86.9526,0.7867,3.378
86.9528,0.8544,3.6655
86.9530,0.8974,3.846
86.9532,0.8816,3.7858
86.9534,0.8679,3.7214
86.9536,0.9222,3.9469
86.9538,0.9927,4.2467
86.9540,0.9934,4.2537
86.9542,1.0024,4.2942
86.9544,1.0188,4.3605
86.9546,1.067,4.5711
86.9548,0.9786,4.1984
86.9550,0.9031,3.8707
86.9552,0.9608,4.1102
86.9554,1.0507,4.497
86.9556,1.0766,4.61
86.9558,1.0725,4.5883
86.9560,1.1259,4.8165
86.9562,1.1581,4.9476
86.9564,1.1226,4.8117
86.9566,0.9496,4.0796
86.9568,0.8581,3.6849
86.9570,0.8355,3.5859
86.9572,0.8622,3.7024
86.9574,0.9035,3.8759
86.9576,0.8969,3.853
86.9578,0.8235,3.5361
86.9580,0.7934,3.41
86.9582,0.8001,3.4389
86.9584,0.7926,3.4048
86.9586,0.8051,3.4573
86.9588,0.8779,3.7663
86.9590,0.9839,4.2191
86.9592,0.9081,3.9014
86.9594,0.8045,3.4596
86.9596,0.7834,3.3657
86.9598,0.8042,3.458
86.9600,0.7796,3.3492
86.9602,0.7792,3.3523
86.9604,0.773,3.3193
86.9606,0.864,3.7084
86.9608,0.8695,3.7338
86.9610,0.8492,3.648
86.9612,0.839,3.6025
86.9614,0.8007,3.4463
86.9616,0.7143,3.077
86.9618,0.6849,2.9491
86.9620,0.6992,3.0119
86.9622,0.6763,2.9146
86.9624,0.676,2.9123
86.9626,0.7033,3.023
86.9628,0.7643,3.2863
86.9630,0.7692,3.309
86.9632,0.7356,3.1675
86.9634,0.6619,2.8513
86.9636,0.6506,2.8041
86.9638,0.6272,2.707
86.9640,0.5818,2.5074
86.9642,0.633,2.7256
86.9644,0.6723,2.8962
86.9646,0.6,2.5884
86.9648,0.5789,2.495
86.9650,0.6051,2.6082
86.9652,0.651,2.8017
86.9654,0.6816,2.9379
86.9656,0.6327,2.7283
86.9658,0.5917,2.5515
86.9660,0.5435,2.3436
86.9662,0.5381,2.3215
86.9664,0.5292,2.2842
86.9666,0.5212,2.2475
86.9668,0.5259,2.2677
86.9670,0.5398,2.3276
86.9672,0.5337,2.3002
86.9674,0.6222,2.6778
86.9676,0.668,2.8763
86.9678,0.6537,2.8162
86.9680,0.6097,2.629
86.9682,0.5837,2.5145
86.9684,0.5673,2.4472
86.9686,0.533,2.3014
86.9688,0.5769,2.4839
86.9690,0.6604,2.8438
86.9692,0.6207,2.6766
86.9694,0.5307,2.2894
86.9696,0.5237,2.2594
86.9698,0.5326,2.2966
86.9700,0.5297,2.2874
86.9702,0.5242,2.2615
86.9704,0.5266,2.2665
86.9706,0.6826,2.9379
86.9708,0.6408,2.7604
86.9710,0.5908,2.545
86.9712,0.5776,2.4859
86.9714,0.678,2.9197
86.9716,0.6746,2.9034
86.9718,0.6659,2.8662
86.9720,0.664,2.8593
86.9722,0.6818,2.933
86.9724,0.6918,2.9735
86.9726,0.7047,3.0301
86.9728,0.7241,3.1136
86.9730,0.7412,3.1858
86.9732,0.705,3.0344
86.9734,0.691,2.9727
86.9736,0.741,3.1878
86.9738,0.7812,3.3512
86.9740,0.8677,3.7243
86.9742,0.8428,3.6223
86.9744,0.7553,3.2476
86.9746,0.7111,3.0593
86.9748,0.7044,3.029
86.9750,0.7083,3.047
86.9752,0.7472,3.2116
86.9754,0.8545,3.6626
86.9756,0.9488,4.0722
86.9758,0.8849,3.7997
86.9760,0.8396,3.6067
86.9762,0.8207,3.5259
86.9764,0.7988,3.4348
86.9766,0.7254,3.1178
86.9768,0.7856,3.3781
86.9770,0.8113,3.4852
86.9772,0.8521,3.6591
86.9774,0.8713,3.7415
86.9776,0.867,3.7178
86.9778,0.9218,3.9601
86.9780,0.8399,3.61
86.9782,0.7941,3.4179
86.9784,0.7352,3.1601
86.9786,0.7282,3.1355
86.9788,0.6975,3.0075
86.9790,0.5652,2.4384
86.9792,0.5203,2.2413
86.9794,0.5615,2.4257
86.9796,0.441,1.9069
86.9798,0.4189,1.8098
86.9800,0.4181,1.8079
86.9802,0.4135,1.7873
86.9804,0.4222,1.8204
86.9806,0.5706,2.4594
86.9808,0.5972,2.5765
86.9810,0.4765,2.0584
86.9812,0.4354,1.8808
86.9814,0.4657,2.009
86.9816,0.4926,2.1249
86.9818,0.5042,2.1761
86.9820,0.4981,2.1477
86.9822,0.4978,2.1477
86.9824,0.5041,2.1756
86.9826,0.4916,2.1208
86.9828,0.4892,2.1114
86.9830,0.4799,2.071
86.9832,0.4669,2.0161
86.9834,0.4616,1.9896
86.9836,0.5761,2.4843
86.9838,0.5923,2.5493
86.9840,0.6806,2.9251
86.9842,0.7206,3.1001
86.9844,0.7344,3.1579
86.9846,0.7222,3.1068
86.9848,0.6742,2.8991
86.9850,0.7432,3.1985
86.9852,0.7722,3.3142
86.9854,0.8928,3.8301
86.9856,0.8858,3.802
86.9858,0.9141,3.9217
86.9860,0.9258,3.9623
86.9862,1.1374,4.8658
86.9864,1.1316,4.8389
86.9866,1.1194,4.7888
86.9868,1.1278,4.827
86.9870,1.1202,4.7924
86.9872,1.1205,4.7912
86.9874,1.1656,4.984
86.9876,1.1701,4.9988
86.9878,1.2217,5.2191
86.9880,1.247,5.3246
86.9882,1.2994,5.5484
86.9884,1.2524,5.3552
86.9886,1.1328,4.8508
86.9888,1.0869,4.6477
86.9890,1.1438,4.893
86.9892,1.1327,4.8526
86.9894,1.089,4.6673
86.9896,1.1126,4.7641
86.9898,1.1193,4.7928
86.9900,1.0782,4.6189
86.9902,1.0105,4.3312
86.9904,1.0129,4.3496
86.9906,0.9038,3.8774
86.9908,1.005,4.3136
86.9910,1.0071,4.3183
86.9912,0.9849,4.2291
86.9914,0.9197,3.9453
86.9916,0.9471,4.0669
86.9918,0.9532,4.0893
86.9920,0.9807,4.2052
86.9922,1.0314,4.4309
86.9924,0.9241,3.9699
86.9926,0.9267,3.9701
86.9928,0.9849,4.237
86.9930,0.887,3.8125
86.9932,0.8767,3.7664
86.9934,0.8423,3.622
86.9936,0.8578,3.6868
86.9938,0.8356,3.5964
86.9940,0.7683,3.3069
86.9942,0.7838,3.3735
86.9944,0.7911,3.4034
86.9946,0.7942,3.4184
86.9948,0.8062,3.4652
86.9950,0.8537,3.6726
86.9952,0.8152,3.5071
86.9954,0.8049,3.4708
86.9956,0.714,3.0789
86.9958,0.6897,2.9739
86.9960,0.6391,2.7519
86.9962,0.7098,3.0579
86.9964,0.715,3.083
86.9966,0.6507,2.8046
86.9968,0.6411,2.7607
86.9970,0.7523,3.2408
86.9972,0.7328,3.1556
86.9974,0.7113,3.0641
86.9976,0.706,3.0442
86.9978,0.6131,2.646
86.9980,0.5391,2.3278
86.9982,0.5517,2.3799
86.9984,0.5488,2.3697
86.9986,0.5391,2.3288
86.9988,0.5534,2.3849
86.9990,0.5962,2.5754
86.9992,0.4452,1.9259
86.9994,0.4351,1.8824
86.9996,0.4264,1.8419
86.9998,0.4567,1.973
87.0000,0.4839,2.0915
87.0002,0.4831,2.085
87.0004,0.5605,2.4193
87.0006,0.5727,2.4693
87.0008,0.5541,2.3925
87.0010,0.479,2.0693
87.0012,0.4712,2.0366
87.0014,0.4725,2.0414
87.0016,0.4728,2.0405
87.0018,0.4688,2.0244
87.0020,0.4692,2.0278
87.0022,0.4693,2.0264
87.0024,0.4679,2.0221
87.0026,0.4593,1.9862
87.0028,0.4537,1.96
87.0030,0.4514,1.9484
87.0032,0.4528,1.9541
87.0034,0.4559,1.9694
87.0036,0.4607,1.9892
87.0038,0.4567,1.9721
87.0040,0.4559,1.9684
87.0042,0.4559,1.9684
87.0044,0.4577,1.9771
87.0046,0.4592,1.9839
87.0048,0.454,1.9593
87.0050,0.4538,1.9587
87.0052,0.449,1.9398
87.0054,0.4556,1.9674
87.0056,0.4695,2.0275
87.0058,0.4579,1.9791
87.0060,0.4478,1.9329
87.0062,0.4947,2.1332
87.0064,0.5567,2.3961
87.0066,0.6763,2.9133
87.0068,0.5968,2.5708
87.0070,0.5902,2.5389
87.0072,0.6483,2.7929
87.0074,0.6174,2.6609
87.0076,0.6328,2.725
87.0078,0.6759,2.9077
87.0080,0.6878,2.9601
87.0082,0.7263,3.1243
87.0084,0.7187,3.0846
87.0086,0.8619,3.6939
87.0088,0.9428,4.0427
87.0090,0.9012,3.8679
87.0092,0.8977,3.862
87.0094,0.798,3.4296
87.0096,0.7683,3.3054
87.0098,0.6914,2.9798
87.0100,0.6025,2.5956
87.0102,0.6541,2.8125
87.0104,0.6427,2.7661
87.0106,0.6252,2.6957
87.0108,0.6319,2.7184
87.0110,0.7436,3.1976
87.0112,0.7584,3.2626
87.0114,0.7549,3.2461
87.0116,0.7507,3.2235
87.0118,0.7764,3.3384
87.0120,0.7729,3.3219
87.0122,0.7794,3.3482
87.0124,0.7635,3.2863
87.0126,0.685,2.951
87.0128,0.668,2.8736
87.0130,0.6923,2.9811
87.0132,0.6342,2.7333
87.0134,0.6239,2.6863
87.0136,0.6453,2.78
87.0138,0.5905,2.5451
87.0140,0.5424,2.3401
87.0142,0.5622,2.4209
87.0144,0.6368,2.7446
87.0146,0.5657,2.4382
87.0148,0.5892,2.543
87.0150,0.5628,2.4258
87.0152,0.561,2.4214
87.0154,0.4457,1.9253
87.0156,0.4392,1.8982
87.0158,0.4276,1.8463
87.0160,0.4179,1.8043
87.0162,0.4299,1.857
87.0164,0.4376,1.8915
87.0166,0.4542,1.9585
87.0168,0.5776,2.4859
87.0170,0.6059,2.6064
87.0172,0.6167,2.6566
87.0174,0.6322,2.7212
87.0176,0.6446,2.7769
87.0178,0.6779,2.9178
87.0180,0.6692,2.8761
87.0182,0.7309,3.1386
87.0184,0.8129,3.4908
87.0186,0.7674,3.2951
87.0188,0.8898,3.8101
87.0190,1.0485,4.4941
87.0192,1.0155,4.3502
87.0194,0.9904,4.2409
87.0196,0.9917,4.2525
87.0198,0.9598,4.1138
87.0200,1.0168,4.3538
87.0202,0.9715,4.1656
87.0204,0.9621,4.1236
87.0206,1.0406,4.456
87.0208,1.0414,4.4674
87.0210,0.9619,4.1206
87.0212,1.0139,4.3435
87.0214,1.0139,4.3435
87.0216,1.0259,4.399
87.0218,0.9288,3.9788
87.0220,0.9875,4.2384
87.0222,0.9382,4.0269
87.0224,0.9229,3.961
87.0226,0.8946,3.8414
87.0228,0.888,3.8077
87.0230,0.9356,4.0137
87.0232,0.9104,3.913
87.0234,0.8836,3.7958
87.0236,0.8509,3.6557
87.0238,0.8556,3.6775
87.0240,0.8331,3.5806
87.0242,0.8272,3.5504
87.0244,0.8484,3.6449
87.0246,0.8605,3.6969
87.0248,0.8264,3.5501
87.0250,0.8441,3.6263
87.0252,0.8496,3.65
87.0254,0.8604,3.7033
87.0256,0.767,3.2982
87.0258,0.787,3.3827
87.0260,0.8472,3.638
87.0262,0.8824,3.7924
87.0264,0.8331,3.5789
87.0266,0.8614,3.7074
87.0268,0.7572,3.2544
87.0270,0.8499,3.6527
87.0272,0.8482,3.6421
87.0274,0.8614,3.7039
87.0276,0.7685,3.3044
87.0278,0.7529,3.2373
87.0280,0.7947,3.4125
87.0282,0.8649,3.7189
87.0284,0.8482,3.6438
87.0286,0.8589,3.6965
87.0288,0.695,2.9925
87.0290,0.6601,2.8462
87.0292,0.6259,2.6988
87.0294,0.6063,2.6134
87.0296,0.671,2.8892
87.0298,0.6875,2.9632
87.0300,0.7313,3.1504
87.0302,0.6911,2.9773
87.0304,0.6522,2.8095
87.0306,0.6243,2.6921
87.0308,0.6099,2.6301
87.0310,0.6242,2.6916
87.0312,0.6464,2.7834
87.0314,0.6832,2.9432
87.0316,0.6225,2.6844
87.0318,0.6308,2.72
87.0320,0.6725,2.8973
87.0322,0.6412,2.7625
87.0324,0.6617,2.8481
87.0326,0.6917,2.9799
87.0328,0.6019,2.5966
87.0330,0.5863,2.5294
87.0332,0.6207,2.6729
87.0334,0.7429,3.196
87.0336,0.7398,3.1841
87.0338,0.7111,3.0636
87.0340,0.6878,2.9629
87.0342,0.6668,2.8738
87.0344,0.6617,2.8495
87.0346,0.7078,3.052
87.0348,0.6063,2.617
87.0350,0.5616,2.4251
87.0352,0.5627,2.4275
87.0354,0.5727,2.4693
87.0356,0.5599,2.4145
87.0358,0.5583,2.4084
87.0360,0.5609,2.4186
87.0362,0.5657,2.4393
87.0364,0.5641,2.4303
87.0366,0.6748,2.9057
87.0368,0.6749,2.909
87.0370,0.5757,2.4811
87.0372,0.5617,2.4234
87.0374,0.5596,2.4152
87.0376,0.5577,2.4047
87.0378,0.5557,2.3986
87.0380,0.5599,2.4156
87.0382,0.5635,2.43
87.0384,0.5782,2.4896
87.0386,0.5926,2.5551
87.0388,0.5548,2.3934
87.0390,0.5632,2.4262
87.0392,0.6396,2.7539
87.0394,0.7144,3.0733
87.0396,0.7221,3.1077
87.0398,0.6878,2.9601
87.0400,0.7326,3.1517
87.0402,0.7574,3.2569
87.0404,0.6948,2.992
87.0406,0.6778,2.9173
87.0408,0.7078,3.0406
87.0410,0.8173,3.5109
87.0412,0.7833,3.3699
87.0414,0.7875,3.3832
87.0416,0.8458,3.6318
87.0418,0.8176,3.5108
87.0420,0.8051,3.4589
87.0422,0.8282,3.5628
87.0424,0.7457,3.2079
87.0426,0.6905,2.972
87.0428,0.6832,2.9432
87.0430,0.677,2.915
87.0432,0.7549,3.2401
87.0434,0.8223,3.5359
87.0436,0.7164,3.0863
87.0438,0.6587,2.8366
87.0440,0.6486,2.7927
87.0442,0.6513,2.8045
87.0444,0.7103,3.0571
87.0446,0.7295,3.1426
87.0448,0.6559,2.8242
87.0450,0.6309,2.7206
87.0452,0.5444,2.3484
87.0454,0.5854,2.5241
87.0456,0.5482,2.3627
87.0458,0.5378,2.321
87.0460,0.5315,2.293
87.0462,0.5689,2.4533
87.0464,0.5426,2.3395
87.0466,0.5926,2.5527
87.0468,0.6545,2.8198
87.0470,0.6292,2.7121
87.0472,0.5145,2.2226
87.0474,0.4293,1.8552
87.0476,0.4264,1.8411
87.0478,0.5084,2.1922
87.0480,0.5427,2.3389
87.0482,0.5119,2.2113
87.0484,0.4147,1.7909
87.0486,0.485,2.0943
87.0488,0.4387,1.8935
87.0490,0.4561,1.9667
87.0492,0.5386,2.3203
87.0494,0.5651,2.4367
87.0496,0.5649,2.4346
87.0498,0.6337,2.7236
87.0500,0.7319,3.15
87.0502,0.7228,3.1108
87.0504,0.6663,2.8704
87.0506,0.6792,2.9153
87.0508,0.8159,3.5036
87.0510,0.8137,3.5004
87.0512,0.7872,3.3785
87.0514,0.8272,3.5504
87.0516,0.8252,3.5416
87.0518,0.8868,3.7991
87.0520,0.9663,4.1396
87.0522,0.9608,4.1179
87.0524,0.9735,4.1724
87.0526,0.9834,4.2111
87.0528,1.0349,4.4293
87.0530,1.0436,4.4709
87.0532,1.0626,4.55
87.0534,1.1137,4.7553
87.0536,1.2266,5.2351
87.0538,1.2617,5.3977
87.0540,1.1481,4.916
87.0542,1.1135,4.7704
87.0544,1.0761,4.6037
87.0546,1.1424,4.8896
87.0548,1.168,4.9942
87.0550,1.1858,5.0659
87.0552,1.1772,5.0337
87.0554,1.1784,5.0389
87.0556,1.2511,5.3546
87.0558,1.2038,5.1524
87.0560,1.1476,4.9094
87.0562,1.1111,4.7668
87.0564,0.9537,4.0971
87.0566,0.927,3.9785
87.0568,0.9429,4.0489
87.0570,0.8683,3.7304
87.0572,0.9109,3.9132
87.0574,0.917,3.9377
87.0576,0.9182,3.941
87.0578,0.9025,3.8754
87.0580,0.9117,3.9114
87.0582,0.9876,4.2291
87.0584,1.1057,4.7458
87.0586,0.9535,4.0999
87.0588,0.8382,3.6095
87.0590,0.7758,3.3405
87.0592,0.7247,3.122
87.0594,0.7077,3.0458
87.0596,0.7161,3.0819
87.0598,0.733,3.1517
87.0600,0.7649,3.2935
87.0602,0.7444,3.2067
87.0604,0.7626,3.2776
87.0606,0.8379,3.6046
87.0608,0.7241,3.1223
87.0610,0.646,2.787
87.0612,0.6435,2.771
87.0614,0.6725,2.8986
87.0616,0.6772,2.9188
87.0618,0.6936,2.9868
87.0620,0.686,2.9579
87.0622,0.6792,2.9276
87.0624,0.6995,3.0163
87.0626,0.6336,2.7319
87.0628,0.6121,2.6431
87.0630,0.548,2.3672
87.0632,0.5598,2.414
87.0634,0.6267,2.7037
87.0636,0.6126,2.6439
87.0638,0.5523,2.3836
87.0640,0.5454,2.353
87.0642,0.612,2.6389
87.0644,0.6267,2.7012
87.0646,0.574,2.4784
87.0648,0.4854,2.0968
87.0650,0.473,2.0434
87.0652,0.4754,2.0557
87.0654,0.4861,2.1009
87.0656,0.4957,2.1413
87.0658,0.4641,2.006
87.0660,0.4706,2.0321
87.0662,0.5022,2.1683
87.0664,0.4982,2.1472
87.0666,0.5504,2.3764
87.0668,0.4803,2.0769
87.0670,0.4722,2.0398
87.0672,0.4772,2.0616
87.0674,0.462,1.9958
87.0676,0.4614,1.9923
87.0678,0.4629,1.9981
87.0680,0.5223,2.2521
87.0682,0.5787,2.4928
87.0684,0.5679,2.452
87.0686,0.5343,2.3081
87.0688,0.4926,2.1259
87.0690,0.4808,2.0761
87.0692,0.4882,2.1043
87.0694,0.577,2.4856
87.0696,0.5789,2.4939
87.0698,0.5891,2.5366
87.0700,0.6158,2.6542
87.0702,0.6635,2.8546
87.0704,0.6751,2.9095
87.0706,0.6134,2.6438
87.0708,0.6192,2.6687
87.0710,0.618,2.6573
87.0712,0.6711,2.8884
87.0714,0.6441,2.7736
87.0716,0.6725,2.8986
87.0718,0.6233,2.685
87.0720,0.5828,2.5121
87.0722,0.5763,2.4836
87.0724,0.688,2.9584
87.0726,0.7593,3.2652
87.0728,0.7342,3.1569
87.0730,0.7315,3.1426
87.0732,0.7598,3.2703
87.0734,0.7115,3.0595
87.0736,0.7573,3.261
87.0738,0.6848,2.9527
87.0740,0.6038,2.6013
87.0742,0.6222,2.6766
87.0744,0.6754,2.907
87.0746,0.7496,3.2174
87.0748,0.8326,3.5785
87.0750,0.792,3.4038
87.0752,0.7914,3.406
87.0754,0.6989,3.0123
87.0756,0.6469,2.7829
87.0758,0.6844,2.9429
87.0760,0.6831,2.94
87.0762,0.6501,2.7942
87.0764,0.7578,3.2539
87.0766,0.8264,3.5517
87.0768,0.7658,3.293
87.0770,0.7578,3.26
87.0772,0.7373,3.1733
87.0774,0.6749,2.9076
87.0776,0.6382,2.7495
87.0778,0.6259,2.6951
87.0780,0.6212,2.6762
87.0782,0.6114,2.6387
87.0784,0.5548,2.3934
87.0786,0.5302,2.2863
87.0788,0.6102,2.6311
87.0790,0.5513,2.3817
87.0792,0.5008,2.1626
87.0794,0.5155,2.2237
87.0796,0.5081,2.1901
87.0798,0.4963,2.1409
87.0800,0.487,2.1021
87.0802,0.5209,2.247
87.0804,0.505,2.1827
87.0806,0.4205,1.8157
87.0808,0.4141,1.7891
87.0810,0.4162,1.7979
87.0812,0.4133,1.7855
87.0814,0.4135,1.7849
87.0816,0.4113,1.7767
87.0818,0.4206,1.8171
87.0820,0.433,1.8687
87.0822,0.4319,1.864
87.0824,0.4321,1.8668
87.0826,0.4327,1.8677
87.0828,0.5343,2.2985
87.0830,0.6312,2.7191
87.0832,0.5827,2.5127
87.0834,0.5511,2.3751
87.0836,0.5747,2.4746
87.0838,0.6309,2.7168
87.0840,0.6415,2.7648
87.0842,0.615,2.6493
87.0844,0.635,2.7292
87.0846,0.7741,3.3255
87.0848,0.7863,3.3733
87.0850,0.8223,3.5293
87.0852,0.8659,3.7149
87.0854,0.9152,3.9226
87.0856,0.961,4.1209
87.0858,0.8796,3.7753
87.0860,0.9385,4.0167
87.0862,1.0563,4.519
87.0864,1.0629,4.5472
87.0866,1.0982,4.7046
87.0868,1.0744,4.5986
87.0870,1.147,4.9022
87.0872,1.1543,4.9381
87.0874,1.1109,4.7524
87.0876,1.1538,4.9314
87.0878,1.1348,4.8613
87.0880,1.0072,4.3188
87.0882,1.0319,4.4206
87.0884,1.0452,4.4818
87.0886,0.9387,4.0271
87.0888,0.9123,3.9139
87.0890,0.9218,3.9509
87.0892,0.9595,4.1142
87.0894,0.9906,4.2478
87.0896,1.0268,4.4031
87.0898,0.9828,4.2125
87.0900,1.0343,4.435
87.0902,0.9965,4.277
87.0904,0.8905,3.8239
87.0906,0.9331,3.9973
87.0908,1.026,4.4036
87.0910,0.9808,4.2096
87.0912,0.9731,4.1708
87.0914,1.0109,4.3388
87.0916,0.9712,4.1665
87.0918,1.0156,4.3507
87.0920,1.003,4.3008
87.0922,1.006,4.3116
87.0924,1.0542,4.5161
87.0926,1.0686,4.5884
87.0928,0.9005,3.8702
87.0930,0.9068,3.8957
87.0932,0.9232,3.9644
87.0934,0.9557,4.1001
87.0936,0.9203,3.9516
87.0938,0.8673,3.7257
87.0940,0.8752,3.7597
87.0942,0.9446,4.0542
87.0944,0.9692,4.1578
87.0946,0.9921,4.254
87.0948,1.0122,4.3546
87.0950,0.8358,3.5991
87.0952,0.7773,3.3503
87.0954,0.6608,2.8467
87.0956,0.648,2.7953
87.0958,0.5994,2.5846
87.0960,0.6388,2.7521
87.0962,0.6326,2.7278
87.0964,0.7065,3.0435
87.0966,0.7361,3.171
87.0968,0.6773,2.9152
87.0970,0.7206,3.1059
87.0972,0.641,2.7627
87.0974,0.6471,2.7904
87.0976,0.5905,2.5487
87.0978,0.6183,2.6675
87.0980,0.6049,2.6096
87.0982,0.5705,2.4611
87.0984,0.5591,2.4131
87.0986,0.5613,2.4213
87.0988,0.5724,2.4694
87.0990,0.5974,2.5722
87.0992,0.6652,2.8724
87.0994,0.5343,2.306
87.0996,0.6249,2.6935
87.0998,0.6657,2.8692
87.1000,0.5837,2.5192
87.1002,0.5295,2.2832
87.1004,0.5331,2.3008
87.1006,0.5306,2.291
87.1008,0.5278,2.2801
87.1010,0.5254,2.2687
87.1012,0.5231,2.2579
87.1014,0.5205,2.2465
87.1016,0.5195,2.2444
87.1018,0.5292,2.2842
87.1020,0.5269,2.2728
87.1022,0.5355,2.3101
87.1024,0.5399,2.3303
87.1026,0.5386,2.3246
87.1028,0.5399,2.3271
87.1030,0.6198,2.6663
87.1032,0.7292,3.1358
87.1034,0.7786,3.3575
87.1036,0.5843,2.5218
87.1038,0.5434,2.3431
87.1040,0.5297,2.2853
87.1042,0.5569,2.4049
87.1044,0.536,2.3143
87.1046,0.5254,2.2666
87.1048,0.5267,2.2734
87.1050,0.5303,2.2889
87.1052,0.5422,2.338
87.1054,0.5266,2.2729
87.1056,0.5507,2.3747
87.1058,0.6253,2.6938
87.1060,0.6197,2.6695
87.1062,0.652,2.8076
87.1064,0.7515,3.2302
87.1066,0.7363,3.1662
87.1068,0.7313,3.146
87.1070,0.7258,3.1223
87.1072,0.7023,3.0268
87.1074,0.6673,2.8705
87.1076,0.7352,3.163
87.1078,0.7278,3.1325
87.1080,0.7766,3.3379
87.1082,0.8015,3.4467
87.1084,0.743,3.1921
87.1086,0.7661,3.291
87.1088,0.7697,3.3126
87.1090,0.7199,3.1013
87.1092,0.6838,2.9431
87.1094,0.6986,3.0052
87.1096,0.7748,3.3301
87.1098,0.831,3.5685
87.1100,0.8278,3.5563
87.1102,0.7529,3.2403
87.1104,0.6641,2.8585
87.1106,0.7041,3.0331
87.1108,0.7235,3.1154
87.1110,0.7073,3.0428
87.1112,0.718,3.0902
87.1114,0.6824,2.9424
87.1116,0.6444,2.7746
87.1118,0.6839,2.9463
87.1120,0.6059,2.6113
87.1122,0.592,2.5513
87.1124,0.6794,2.9254
87.1126,0.7216,3.1028
87.1128,0.7519,3.2347
87.1130,0.721,3.1031
87.1132,0.7384,3.1764
87.1134,0.7243,3.1161
87.1136,0.7108,3.0606
87.1138,0.6337,2.7337
87.1140,0.5992,2.5847
87.1142,0.562,2.4233
87.1144,0.6068,2.6154
87.1146,0.5662,2.4414
87.1148,0.5535,2.3877
87.1150,0.4773,2.063
87.1152,0.4177,1.8046
87.1154,0.3987,1.7223
87.1156,0.3934,1.7011
87.1158,0.4071,1.7577
87.1160,0.4952,2.1343
87.1162,0.5525,2.3835
87.1164,0.4959,2.1414
87.1166,0.4881,2.1067
87.1168,0.5071,2.1865
87.1170,0.5468,2.3532
87.1172,0.6042,2.6041
87.1174,0.591,2.5484
87.1176,0.6599,2.8378
87.1178,0.7412,3.1873
87.1180,0.7251,3.1177
87.1182,0.7229,3.1055
87.1184,0.7878,3.3858
87.1186,0.7772,3.3404
87.1188,0.8027,3.4454
87.1190,0.8575,3.6789
87.1192,0.9255,3.9724
87.1194,0.9271,3.9716
87.1196,0.9674,4.1442
87.1198,0.9831,4.2115
87.1200,0.9989,4.2833
87.1202,0.9368,4.0189
87.1204,0.9571,4.102
87.1206,0.9936,4.2667
87.1208,0.9575,4.1079
87.1210,0.9511,4.0744
87.1212,0.9942,4.2613
87.1214,0.9788,4.1969
87.1216,0.9541,4.0948
87.1218,0.8758,3.757
87.1220,0.9368,4.0226
87.1222,0.9586,4.1125
87.1224,0.9221,3.9593
87.1226,0.8833,3.7895
87.1228,0.9235,3.9636
87.1230,0.8749,3.7622
87.1232,0.7668,3.3048
87.1234,0.6882,2.9622
87.1236,0.7051,3.0335
87.1238,0.7091,3.0534
87.1240,0.6935,2.9863
87.1242,0.7121,3.0635
87.1244,0.6946,2.9882
87.1246,0.6923,2.9811
87.1248,0.6898,2.9689
87.1250,0.7288,3.1381
87.1252,0.7199,3.0984
87.1254,0.699,3.0142
87.1256,0.6476,2.7898
87.1258,0.6777,2.9154
87.1260,0.7278,3.1296
87.1262,0.7557,3.2542
87.1264,0.6764,2.9125
87.1266,0.6722,2.8944
87.1268,0.6926,2.9835
87.1270,0.6843,2.9465
87.1272,0.7026,3.0199
87.1274,0.8157,3.5059
87.1276,0.8113,3.4933
87.1278,0.6972,3.0051
87.1280,0.591,2.546
87.1282,0.6508,2.8038
87.1284,0.6079,2.6201
87.1286,0.6469,2.7893
87.1288,0.6116,2.6385
87.1290,0.5649,2.4323
87.1292,0.6399,2.7542
87.1294,0.6766,2.9094
87.1296,0.7384,3.1749
87.1298,0.7515,3.2347
87.1300,0.6956,2.9965
87.1302,0.6747,2.9066
87.1304,0.6768,2.9172
87.1306,0.6303,2.7155
87.1308,0.6284,2.7072
87.1310,0.6093,2.6263
87.1312,0.5575,2.4041
87.1314,0.5964,2.5681
87.1316,0.6332,2.7342
87.1318,0.5157,2.2247
87.1320,0.5312,2.2915
87.1322,0.5117,2.2087
87.1324,0.5197,2.2387
87.1326,0.576,2.4803
87.1328,0.6741,2.8999
87.1330,0.6346,2.7379
87.1332,0.5055,2.1828
87.1334,0.5018,2.1657
87.1336,0.58,2.4997
87.1338,0.6524,2.8079
87.1340,0.6463,2.7854
87.1342,0.6032,2.5999
87.1344,0.6155,2.6489
87.1346,0.5418,2.3375
87.1348,0.473,2.0425
87.1350,0.4517,1.9503
87.1352,0.4563,1.9696
87.1354,0.4558,1.9688
87.1356,0.4595,1.9831
87.1358,0.4772,2.0568
87.1360,0.5321,2.2945
87.1362,0.5205,2.2454
87.1364,0.4942,2.1331
87.1366,0.4553,1.9659
87.1368,0.4486,1.9378
87.1370,0.4448,1.9208
87.1372,0.4471,1.9289
87.1374,0.4489,1.9366
87.1376,0.4499,1.9417
87.1378,0.447,1.9292
87.1380,0.4448,1.919
87.1382,0.4458,1.9232
87.1384,0.4639,2.0013
87.1386,0.518,2.2346
87.1388,0.5557,2.3942
87.1390,0.5639,2.4315
87.1392,0.5573,2.4009
87.1394,0.5862,2.5207
87.1396,0.665,2.8607
87.1398,0.5963,2.5676
87.1400,0.5957,2.5686
87.1402,0.5599,2.4134
87.1404,0.5716,2.4589
87.1406,0.6807,2.9242
87.1408,0.7356,3.1616
87.1410,0.7525,3.2313
87.1412,0.6802,2.9263
87.1414,0.679,2.9197
87.1416,0.6408,2.7617
87.1418,0.6143,2.6499
87.1420,0.5525,2.3802
87.1422,0.5513,2.3728
87.1424,0.6861,2.9515
87.1426,0.6192,2.6662
87.1428,0.5532,2.3855
87.1430,0.5488,2.3664
87.1432,0.5507,2.3747
87.1434,0.5519,2.3787
87.1436,0.5408,2.3318
87.1438,0.5352,2.3069
87.1440,0.5222,2.2464
87.1442,0.6044,2.6039
87.1444,0.5646,2.4279
87.1446,0.6229,2.6847
87.1448,0.5296,2.2837
87.1450,0.5337,2.3023
87.1452,0.5075,2.1875
87.1454,0.5031,2.1694
87.1456,0.5078,2.1875
87.1458,0.546,2.3534
87.1460,0.5337,2.3002
87.1462,0.509,2.1927
87.1464,0.5252,2.2645
87.1466,0.5025,2.1678
87.1468,0.4978,2.1497
87.1470,0.4293,1.8535
87.1472,0.3965,1.7106
87.1474,0.406,1.7523
87.1476,0.4115,1.7777
87.1478,0.4024,1.7351
87.1480,0.494,2.1272
87.1482,0.537,2.3157
87.1484,0.4908,2.1191
87.1486,0.494,2.1291
87.1488,0.529,2.28
87.1490,0.4983,2.1467
87.1492,0.5261,2.2666
87.1494,0.6381,2.7439
87.1496,0.6617,2.8442
87.1498,0.6486,2.7875
87.1500,0.7167,3.0831
87.1502,0.7235,3.1081
87.1504,0.796,3.4166
87.1506,0.7982,3.4274
87.1508,0.7981,3.4253
87.1510,0.8321,3.5665
87.1512,0.8355,3.5825
87.1514,0.8596,3.6876
87.1516,0.8598,3.6904
87.1518,0.8643,3.7077
87.1520,0.8566,3.673
87.1522,0.936,4.0097
87.1524,1.0067,4.3067
87.1526,1.0415,4.4554
87.1528,1.065,4.5517
87.1530,1.1261,4.8153
87.1532,1.1322,4.8392
87.1534,1.1391,4.8752
87.1536,1.076,4.6032
87.1538,1.117,4.7719
87.1540,1.168,4.9896
87.1542,1.1352,4.8611
87.1544,1.0547,4.5161
87.1546,0.9988,4.2828
87.1548,0.9838,4.2146
87.1550,0.9848,4.2246
87.1552,0.9155,3.9255
87.1554,0.8764,3.7649
87.1556,0.8349,3.5833
87.1558,0.8924,3.8268
87.1560,0.9655,4.1379
87.1562,0.9607,4.1232
87.1564,0.8945,3.848
87.1566,0.7511,3.2266
87.1568,0.8242,3.5392
87.1570,0.8444,3.6273
87.1572,0.7863,3.3796
87.1574,0.7549,3.2446
87.1576,0.7819,3.3605
87.1578,0.8303,3.5654
87.1580,0.8574,3.6869
87.1582,0.8156,3.5021
87.1584,0.8704,3.7409
87.1586,0.8271,3.5532
87.1588,0.7974,3.4254
87.1590,0.7864,3.3801
87.1592,0.7971,3.4276
87.1594,0.7639,3.2863
87.1596,0.7673,3.3007
87.1598,0.77,3.3095
87.1600,0.7739,3.3276
87.1602,0.793,3.4053
87.1604,0.8346,3.584
87.1606,0.8217,3.5366
87.1608,0.678,2.9197
87.1610,0.6676,2.8748
87.1612,0.6097,2.6303
87.1614,0.5747,2.4792
87.1616,0.5657,2.4382
87.1618,0.5912,2.5459
87.1620,0.6107,2.6283
87.1622,0.6482,2.7911
87.1624,0.6481,2.7945
87.1626,0.6135,2.6444
87.1628,0.6104,2.6321
87.1630,0.5834,2.5147
87.1632,0.5787,2.4951
87.1634,0.5735,2.4729
87.1636,0.6197,2.6707
87.1638,0.6001,2.5817
87.1640,0.6157,2.6537
87.1642,0.571,2.462
87.1644,0.5623,2.4248
87.1646,0.5675,2.4482
87.1648,0.5603,2.4138
87.1650,0.5692,2.4566
87.1652,0.4964,2.1444
87.1654,0.4789,2.0679
87.1656,0.5216,2.248
87.1658,0.5782,2.4919
87.1660,0.5557,2.3975
87.1662,0.5306,2.291
87.1664,0.5229,2.2568
87.1666,0.5121,2.2092
87.1668,0.5093,2.1963
87.1670,0.5122,2.2097
87.1672,0.5254,2.2666
87.1674,0.5141,2.217
87.1676,0.5169,2.2289
87.1678,0.5868,2.5244
87.1680,0.7162,3.0824
87.1682,0.6796,2.9291
87.1684,0.5663,2.4408
87.1686,0.5378,2.3145
87.1688,0.6446,2.7705
87.1690,0.6609,2.8485
87.1692,0.6468,2.7836
87.1694,0.6933,2.9839
87.1696,0.6827,2.9357
87.1698,0.7385,3.1769
87.1700,0.7045,3.0324
87.1702,0.6725,2.8932
87.1704,0.6998,3.0075
87.1706,0.6978,3.0063
87.1708,0.6616,2.8476
87.1710,0.6818,2.9357
87.1712,0.6713,2.8881
87.1714,0.7193,3.0944
87.1716,0.7207,3.1006
87.1718,0.7223,3.1087
87.1720,0.6821,2.9359
87.1722,0.6916,2.9753
87.1724,0.7099,3.0528
87.1726,0.7158,3.078
87.1728,0.7278,3.131
87.1730,0.7369,3.1702
87.1732,0.7301,3.1365
87.1734,0.7827,3.3641
87.1736,0.8077,3.4665
87.1738,0.7864,3.3833
87.1740,0.7422,3.1914
87.1742,0.8033,3.4512
87.1744,0.8337,3.5848
87.1746,0.7518,3.2312
87.1748,0.7695,3.3075
87.1750,0.8225,3.5385
87.1752,0.7441,3.2012
87.1754,0.7346,3.1546
87.1756,0.7804,3.3575
87.1758,0.6532,2.8154
87.1760,0.6144,2.648
87.1762,0.6057,2.6108
87.1764,0.5978,2.5755
87.1766,0.5899,2.5414
87.1768,0.6406,2.756
87.1770,0.7069,3.0427
87.1772,0.6356,2.7331
87.1774,0.6806,2.9319
87.1776,0.6523,2.8126
87.1778,0.609,2.6235
87.1780,0.6171,2.6562
87.1782,0.6279,2.7064
87.1784,0.5739,2.4756
87.1786,0.5267,2.2713
87.1788,0.5632,2.4251
87.1790,0.592,2.5513
87.1792,0.5354,2.3096
87.1794,0.5302,2.2873
87.1796,0.5429,2.3422
87.1798,0.4884,2.1088
87.1800,0.4096,1.7694
87.1802,0.4018,1.7349
87.1804,0.4,1.7256
87.1806,0.4342,1.8765
87.1808,0.3969,1.7153
87.1810,0.4324,1.867
87.1812,0.4074,1.7593
87.1814,0.4028,1.7391
87.1816,0.4831,2.0831
87.1818,0.5508,2.3752
87.1820,0.4942,2.1321
87.1822,0.4845,2.0893
87.1824,0.489,2.1094
87.1826,0.4863,2.098
87.1828,0.5195,2.2382
87.1830,0.5713,2.4579
87.1832,0.6364,2.7431
87.1834,0.5983,2.5763
87.1836,0.6646,2.8579
87.1838,0.7355,3.1582
87.1840,0.7864,3.377
87.1842,0.7918,3.4033
87.1844,0.8068,3.4645
87.1846,0.8493,3.6417
87.1848,0.8717,3.743
87.1850,0.8715,3.7333
87.1852,0.9542,4.0839
87.1854,1.0014,4.2861
87.1856,1.0135,4.34
87.1858,1.0659,4.5622
87.1860,1.0975,4.695
87.1862,1.1005,4.71
87.1864,1.0482,4.4821
87.1866,1.0789,4.6068
87.1868,1.1681,4.9924
87.1870,1.1291,4.8394
87.1872,0.9698,4.1564
87.1874,0.9978,4.2727
87.1876,0.9981,4.2817
87.1878,0.9422,4.0458
87.1880,0.8736,3.7443
87.1882,0.9507,4.0766
87.1884,0.9462,4.059
87.1886,0.959,4.114
87.1888,0.9709,4.1611
87.1890,1.0358,4.4355
87.1892,1.0662,4.5675
87.1894,1.0165,4.3569
87.1896,0.9958,4.262
87.1898,1.077,4.6094
87.1900,1.0381,4.4535
87.1902,0.8946,3.845
87.1904,0.8695,3.7373
87.1906,0.891,3.8206
87.1908,0.9247,3.9725
87.1910,0.8766,3.7589
87.1912,0.9423,4.0406
87.1914,0.8806,3.7864
87.1916,0.8381,3.6039
87.1918,0.8379,3.6029
87.1920,0.8426,3.6196
87.1922,0.8268,3.5521
87.1924,0.8476,3.648
87.1926,0.7777,3.3456
87.1928,0.7819,3.3574
87.1930,0.8179,3.5184
87.1932,0.7429,3.1945
87.1934,0.7987,3.4343
87.1936,0.7954,3.4267
87.1938,0.7085,3.0522
87.1940,0.6632,2.857
87.1942,0.6043,2.607
87.1944,0.6057,2.612
87.1946,0.6074,2.6229
87.1948,0.5593,2.4153
87.1950,0.5143,2.2206
87.1952,0.5369,2.3163
87.1954,0.5857,2.5256
87.1956,0.5876,2.5316
87.1958,0.6307,2.7195
87.1960,0.5541,2.3936
87.1962,0.4892,2.1134
87.1964,0.4742,2.0467
87.1966,0.4843,2.0921
87.1968,0.486,2.0994
87.1970,0.4982,2.1492
87.1972,0.5228,2.2584
87.1974,0.4715,2.0386
87.1976,0.408,1.7635
87.1978,0.4036,1.7435
87.1980,0.4494,1.9396
87.1982,0.4598,1.9846
87.1984,0.4492,1.9395
87.1986,0.5229,2.2558
87.1988,0.5089,2.1973
87.1990,0.4626,1.9965
87.1992,0.4625,1.9969
87.1994,0.4483,1.9358
87.1996,0.4803,2.0712
87.1998,0.5153,2.2232
87.2000,0.4597,1.9841
87.2002,0.451,1.9472
87.2004,0.452,1.9519
87.2006,0.4538,1.9578
87.2008,0.4538,1.9569
87.2010,0.4995,2.1559
87.2012,0.4605,1.9886
87.2014,0.4482,1.9344
87.2016,0.4469,1.9296
87.2018,0.4492,1.9403
87.2020,0.4464,1.9275
87.2022,0.4432,1.9136
87.2024,0.4493,1.94
87.2026,0.4795,2.0666
87.2028,0.5367,2.3131
87.2030,0.4787,2.0649
87.2032,0.4586,1.9785
87.2034,0.4574,1.9743
87.2036,0.4597,1.985
87.2038,0.4669,2.0133
87.2040,0.4796,2.0681
87.2042,0.523,2.2542
87.2044,0.5428,2.3373
87.2046,0.5547,2.3884
87.2048,0.5551,2.3927
87.2050,0.5348,2.3048
87.2052,0.5463,2.3512
87.2054,0.5528,2.3801
87.2056,0.556,2.3952
87.2058,0.5998,2.5849
87.2060,0.5464,2.3539
87.2062,0.5553,2.391
87.2064,0.6224,2.6764
87.2066,0.6577,2.8293
87.2068,0.6974,2.993
87.2070,0.7753,3.3306
87.2072,0.7369,3.1717
87.2074,0.6775,2.9144
87.2076,0.6609,2.8472
87.2078,0.618,2.661
87.2080,0.6891,2.9589
87.2082,0.6988,3.0048
87.2084,0.6992,3.0078
87.2086,0.6105,2.6327
87.2088,0.5975,2.5739
87.2090,0.6303,2.7129
87.2092,0.6243,2.6871
87.2094,0.6677,2.8713
87.2096,0.6846,2.9412
87.2098,0.7381,3.1695
87.2100,0.7514,3.2281
87.2102,0.75,3.222
87.2104,0.7441,3.2042
87.2106,0.7024,3.0203
87.2108,0.7168,3.0807
87.2110,0.6887,2.9629
87.2112,0.6989,3.0081
87.2114,0.6255,2.6935
87.2116,0.5891,2.5366
87.2118,0.6463,2.7829
87.2120,0.5983,2.5763
87.2122,0.6043,2.607
87.2124,0.5146,2.2191
87.2126,0.5143,2.2165
87.2128,0.5316,2.2903
87.2130,0.5464,2.3539
87.2132,0.5628,2.4258
87.2134,0.4723,2.0394
87.2136,0.4107,1.7733
87.2138,0.4188,1.8085
87.2140,0.4158,1.7955
87.2142,0.4111,1.7745
87.2144,0.4939,2.1276
87.2146,0.5646,2.4313
87.2148,0.5035,2.17
87.2150,0.4801,2.0701
87.2152,0.4796,2.0671
87.2154,0.4873,2.1012
87.2156,0.493,2.126
87.2158,0.5266,2.2697
87.2160,0.5622,2.4187
87.2162,0.6147,2.6483
87.2164,0.5791,2.4937
87.2166,0.6814,2.9314
87.2168,0.7107,3.0544
87.2170,0.711,3.0574
87.2172,0.7374,3.1693
87.2174,0.7813,3.3502
87.2176,0.83,3.5539
87.2178,0.9388,4.022
87.2180,0.9572,4.0967
87.2182,0.9791,4.1887
87.2184,1.0151,4.3426
87.2186,1.0428,4.4632
87.2188,1.0965,4.6887
87.2190,1.1276,4.8215
87.2192,1.0664,4.56
87.2194,1.1192,4.7878
87.2196,1.1204,4.7952
87.2198,1.0309,4.4206
87.2200,0.9162,3.9341
87.2202,0.9048,3.8851
87.2204,0.8614,3.6919
87.2206,0.8834,3.797
87.2208,0.7969,3.4202
87.2210,0.8641,3.7072
87.2212,0.8893,3.8116
87.2214,0.8789,3.7704
87.2216,0.8699,3.7318
87.2218,0.8698,3.7331
87.2220,0.8518,3.6661
87.2222,0.7541,3.2425
87.2224,0.7629,3.2776
87.2226,0.7988,3.4332
87.2228,0.8137,3.4971
87.2230,0.8043,3.4569
87.2232,0.8087,3.4727
87.2234,0.8896,3.8162
87.2236,0.9677,4.1516
87.2238,0.8888,3.8149
87.2240,0.8539,3.6703
87.2242,0.8304,3.5693
87.2244,0.8097,3.4817
87.2246,0.8078,3.4702
87.2248,0.843,3.6217
87.2250,0.8349,3.585
87.2252,0.844,3.6241
87.2254,0.8474,3.6419
87.2256,0.7743,3.325
87.2258,0.8255,3.5432
87.2260,0.8164,3.5106
87.2262,0.7671,3.2972
87.2264,0.773,3.324
87.2266,0.7192,3.0996
87.2268,0.693,2.9814
87.2270,0.7348,3.1624
87.2272,0.6921,2.9773
87.2274,0.6343,2.7338
87.2276,0.5987,2.5803
87.2278,0.624,2.6881
87.2280,0.6358,2.7367
87.2282,0.726,3.1277
87.2284,0.646,2.7818
87.2286,0.5981,2.5765
87.2288,0.5873,2.5335
87.2290,0.6006,2.5825
87.2292,0.6724,2.8941
87.2294,0.6848,2.95
87.2296,0.6759,2.9131
87.2298,0.6776,2.919
87.2300,0.6398,2.7537
87.2302,0.6886,2.9624
87.2304,0.7391,3.181
87.2306,0.7149,3.0753
87.2308,0.6911,2.976
87.2310,0.6213,2.6767
87.2312,0.6541,2.8138
87.2314,0.7031,3.0262
87.2316,0.7252,3.1197
87.2318,0.7072,3.0423
87.2320,0.7014,3.0218
87.2322,0.6444,2.7772
87.2324,0.5977,2.5773
87.2326,0.5366,2.3158
87.2328,0.5313,2.293
87.2330,0.5297,2.2842
87.2332,0.541,2.3339
87.2334,0.5433,2.3437
87.2336,0.5522,2.3798
87.2338,0.5486,2.3665
87.2340,0.5402,2.3303
87.2342,0.5385,2.323
87.2344,0.5444,2.3473
87.2346,0.5428,2.3416
87.2348,0.5951,2.5612
87.2350,0.6826,2.9379
87.2352,0.6463,2.7842
87.2354,0.6199,2.673
87.2356,0.5535,2.3855
87.2358,0.5254,2.2666
87.2360,0.5611,2.4208
87.2362,0.5423,2.3396
87.2364,0.5271,2.2728
87.2366,0.5302,2.2873
87.2368,0.5255,2.2661
87.2370,0.5399,2.326
87.2372,0.6125,2.6348
87.2374,0.6349,2.7338
87.2376,0.6386,2.7485
87.2378,0.6363,2.74
87.2380,0.641,2.7563
87.2382,0.714,3.0717
87.2384,0.6821,2.9372
87.2386,0.6571,2.8254
87.2388,0.7282,3.1282
87.2390,0.7261,3.1209
87.2392,0.7197,3.096
87.2394,0.7188,3.0909
87.2396,0.7085,3.0508
87.2398,0.6338,2.7292
87.2400,0.6676,2.8734
87.2402,0.7049,3.0297
87.2404,0.7554,3.2467
87.2406,0.74,3.1822
87.2408,0.6924,2.983
87.2410,0.6198,2.6688
87.2412,0.6029,2.5984
87.2414,0.6797,2.9215
87.2416,0.8162,3.5047
87.2418,0.7493,3.2264
87.2420,0.656,2.8207
87.2422,0.6753,2.9078
87.2424,0.6562,2.8205
87.2426,0.6868,2.9546
87.2428,0.6927,2.9813
87.2430,0.6542,2.8182
87.2432,0.6327,2.7245
87.2434,0.6193,2.6655
87.2436,0.6336,2.7269
87.2438,0.6258,2.6946
87.2440,0.6169,2.6539
87.2442,0.6255,2.6985
87.2444,0.5303,2.29
87.2446,0.4487,1.9383
87.2448,0.5054,2.1813
87.2450,0.4511,1.9477
87.2452,0.3983,1.7207
87.2454,0.3963,1.7111
87.2456,0.3964,1.7109
87.2458,0.3927,1.694
87.2460,0.4174,1.8014
87.2462,0.4597,1.985
87.2464,0.4151,1.7924
87.2466,0.4104,1.7747
87.2468,0.3934,1.6995
87.2470,0.3898,1.6832
87.2472,0.3926,1.6935
87.2474,0.482,2.0755
87.2476,0.5494,2.369
87.2478,0.5081,2.1911
87.2480,0.5494,2.3668
87.2482,0.6658,2.863
87.2484,0.6352,2.7341
87.2486,0.6113,2.637
87.2488,0.5579,2.4012
87.2490,0.6193,2.6667
87.2492,0.6089,2.6181
87.2494,0.6446,2.7718
87.2496,0.6551,2.8211
87.2498,0.6599,2.8364
87.2500,0.7248,3.1152
87.2502,0.7298,3.1369
87.2504,0.7639,3.2771
87.2506,0.829,3.5581
87.2508,0.7873,3.379
87.2510,0.8144,3.4969
87.2512,0.8197,3.5229
87.2514,0.8162,3.5014
87.2516,0.8574,3.6783
87.2518,0.8832,3.7854
87.2520,0.8831,3.7937
87.2522,0.885,3.7931
87.2524,0.9864,4.218
87.2526,1.0434,4.4657
87.2528,1.0187,4.362
87.2530,1.0676,4.5694
87.2532,1.0989,4.6967
87.2534,1.1179,4.7799
87.2536,1.0706,4.5844
87.2538,1.0914,4.6666
87.2540,1.1318,4.8371
87.2542,1.1411,4.8817
87.2544,1.1456,4.8984
87.2546,1.1349,4.8596
87.2548,1.0044,4.307
87.2550,0.9707,4.1644
87.2552,0.9637,4.1264
87.2554,1.0232,4.3816
87.2556,1.04,4.4555
87.2558,1.0271,4.4021
87.2560,1.0796,4.6207
87.2562,1.131,4.8386
87.2564,1.0993,4.7115
87.2566,0.9297,3.9978
87.2568,0.7741,3.3317
87.2570,0.7048,3.032
87.2572,0.7084,3.0489
87.2574,0.6902,2.9732
87.2576,0.6972,3.0023
87.2578,0.7026,3.0241
87.2580,0.7011,3.0174
87.2582,0.6825,2.9361
87.2584,0.7122,3.064
87.2586,0.7279,3.133
87.2588,0.6975,3.0033
87.2590,0.664,2.8606
87.2592,0.7092,3.0497
87.2594,0.8217,3.5267
87.2596,0.8354,3.5904
87.2598,0.8185,3.5275
87.2600,0.6047,2.6025
87.2602,0.678,2.9183
87.2604,0.6549,2.82
87.2606,0.6712,2.8903
87.2608,0.6952,2.9949
87.2610,0.6361,2.7453
87.2612,0.5821,2.5101
87.2614,0.6224,2.6789
87.2616,0.6682,2.8814
87.2618,0.5186,2.2392
87.2620,0.494,2.1341
87.2622,0.4965,2.144
87.2624,0.5422,2.3401
87.2626,0.518,2.2335
87.2628,0.5846,2.5198
87.2630,0.6494,2.795
87.2632,0.6337,2.7324
87.2634,0.5093,2.1973
87.2636,0.57,2.4591
87.2638,0.5345,2.3049
87.2640,0.5211,2.2491
87.2642,0.5087,2.1968
87.2644,0.5004,2.1585
87.2646,0.5165,2.2263
87.2648,0.6083,2.618
87.2650,0.6492,2.8017
87.2652,0.4947,2.1392
87.2654,0.4064,1.7562
87.2656,0.3953,1.7094
87.2658,0.3933,1.7005
87.2660,0.4209,1.8164
87.2662,0.4518,1.9499
87.2664,0.4451,1.9201
87.2666,0.484,2.0911
87.2668,0.4351,1.8771
87.2670,0.4388,1.8949
87.2672,0.4717,2.0368
87.2674,0.4701,2.0301
87.2676,0.4607,1.9873
87.2678,0.4499,1.9435
87.2680,0.4499,1.9417
87.2682,0.5121,2.2072
87.2684,0.6081,2.6162
87.2686,0.6486,2.7914
87.2688,0.6072,2.6145
87.2690,0.5928,2.555
87.2692,0.5944,2.5593
87.2694,0.5954,2.5663
87.2696,0.5988,2.5784
87.2698,0.6545,2.8159
87.2700,0.6331,2.7235
87.2702,0.6693,2.874
87.2704,0.7096,3.0555
87.2706,0.5978,2.5731
87.2708,0.6264,2.6972
87.2710,0.5899,2.5414
87.2712,0.5723,2.4654
87.2714,0.567,2.4427
87.2716,0.6326,2.7227
87.2718,0.7008,3.0108
87.2720,0.7304,3.138
87.2722,0.7524,3.2323
87.2724,0.7915,3.3986
87.2726,0.8079,3.474
87.2728,0.748,3.2132
87.2730,0.7517,3.2307
87.2732,0.7828,3.3662
87.2734,0.7466,3.2016
87.2736,0.8091,3.4759
87.2738,0.7429,3.1931
87.2740,0.7778,3.3461
87.2742,0.7295,3.1368
87.2744,0.6851,2.9474
87.2746,0.6862,2.9534
87.2748,0.6987,3.0015
87.2750,0.7474,3.2106
87.2752,0.7422,3.1885
87.2754,0.7408,3.1897
87.2756,0.601,2.5937
87.2758,0.5084,2.1932
87.2760,0.5563,2.3956
87.2762,0.5524,2.3841
87.2764,0.465,2.0087
87.2766,0.4568,1.9726
87.2768,0.444,1.9172
87.2770,0.4472,1.9285
87.2772,0.4914,2.1187
87.2774,0.5084,2.1942
87.2776,0.501,2.1611
87.2778,0.497,2.143
87.2780,0.5308,2.2888
87.2782,0.5131,2.2134
87.2784,0.5265,2.2671
87.2786,0.5681,2.4474
87.2788,0.5939,2.5608
87.2790,0.5417,2.3359
87.2792,0.5146,2.2191
87.2794,0.495,2.1343
87.2796,0.5086,2.1952
87.2798,0.5097,2.1979
87.2800,0.5316,2.2925
87.2802,0.4591,1.9824
87.2804,0.4416,1.9015
87.2806,0.5561,2.3924
87.2808,0.611,2.6311
87.2810,0.5921,2.5542
87.2812,0.5097,2.1989
87.2814,0.4995,2.1519
87.2816,0.4988,2.1498
87.2818,0.5013,2.1627
87.2820,0.4999,2.1535
87.2822,0.5575,2.3963
87.2824,0.6161,2.654
87.2826,0.5904,2.5434
87.2828,0.6077,2.6178
87.2830,0.5671,2.441
87.2832,0.6382,2.7457
87.2834,0.6761,2.9047
87.2836,0.7393,3.1746
87.2838,0.7403,3.1817
87.2840,0.762,3.275
87.2842,0.7532,3.2329
87.2844,0.8446,3.6182
87.2846,1.008,4.3123
87.2848,1.0279,4.3995
87.2850,0.9782,4.1905
87.2852,0.8897,3.8185
87.2854,0.8367,3.591
87.2856,0.8292,3.5641
87.2858,0.796,3.4245
87.2860,0.7773,3.3394
87.2862,0.7879,3.3832
87.2864,0.7912,3.396
87.2866,0.8302,3.5649
87.2868,0.7942,3.4089
87.2870,0.8025,3.4444
87.2872,0.8059,3.4604
87.2874,0.8398,3.6061
87.2876,0.8969,3.844
87.2878,0.9314,3.992
87.2880,0.9171,3.9308
87.2882,0.8968,3.8453
87.2884,0.9475,4.0552
87.2886,1.0384,4.4462
87.2888,0.9818,4.2098
87.2890,0.9337,4.0074
87.2892,0.9501,4.076
87.2894,0.9102,3.901
87.2896,0.9033,3.8735
87.2898,0.9161,3.9317
87.2900,0.8874,3.8069
87.2902,0.8613,3.6948
87.2904,0.8544,3.674
87.2906,0.8023,3.4449
87.2908,0.8736,3.7513
87.2910,0.8512,3.6533
87.2912,0.8326,3.5785
87.2914,0.8193,3.5181
87.2916,0.87,3.7324
87.2918,0.8639,3.7113
87.2920,0.8499,3.651
87.2922,0.8868,3.8026
87.2924,0.9282,3.98
87.2926,0.9217,3.9577
87.2928,0.8482,3.6455
87.2930,0.7677,3.3013
87.2932,0.7625,3.274
87.2934,0.8039,3.457
87.2936,0.8043,3.4633
87.2938,0.7416,3.1904
87.2940,0.721,3.1031
87.2942,0.6824,2.9342
87.2944,0.802,3.4455
87.2946,0.8139,3.4949
87.2948,0.8463,3.6356
87.2950,0.8429,3.6195
87.2952,0.8905,3.8239
87.2954,0.9195,3.9485
87.2956,0.8216,3.5377
87.2958,0.6621,2.8537
87.2960,0.5597,2.4157
87.2962,0.5623,2.4248
87.2964,0.5759,2.4798
87.2966,0.5953,2.5682
87.2968,0.5987,2.5827
87.2970,0.6117,2.6329
87.2972,0.6447,2.7787
87.2974,0.5906,2.5457
87.2976,0.5879,2.5361
87.2978,0.5709,2.4615
87.2980,0.573,2.4651
87.2982,0.7039,3.0256
87.2984,0.6751,2.9108
87.2986,0.605,2.6077
87.2988,0.6451,2.779
87.2990,0.5885,2.5364
87.2992,0.577,2.4879
87.2994,0.5659,2.4403
87.2996,0.5724,2.4683
87.2998,0.5852,2.5212
87.3000,0.6631,2.8578
87.3002,0.6149,2.6501
87.3004,0.5717,2.4674
87.3006,0.5023,2.1668
87.3008,0.5284,2.2796
87.3010,0.523,2.2531
87.3012,0.5857,2.5245
87.3014,0.6303,2.7117
87.3016,0.697,3.0054
87.3018,0.5585,2.4105
87.3020,0.5309,2.2915
87.3022,0.5319,2.2946
87.3024,0.5319,2.2914
87.3026,0.578,2.4926
87.3028,0.5355,2.3101
87.3030,0.5251,2.2651
87.3032,0.5247,2.2614
87.3034,0.5363,2.3116
87.3036,0.6174,2.6597
87.3038,0.6099,2.6252
87.3040,0.6249,2.6922
87.3042,0.6326,2.724
87.3044,0.6446,2.7743
87.3046,0.6508,2.7999
87.3048,0.6749,2.9049
87.3050,0.7223,3.1087
87.3052,0.7396,3.1801
87.3054,0.7665,3.2946
87.3056,0.7316,3.149
87.3058,0.7159,3.08
87.3060,0.7114,3.0661
87.3062,0.6579,2.8329
87.3064,0.618,2.6598
87.3066,0.6012,2.5887
87.3068,0.6264,2.6959
87.3070,0.6911,2.9718
87.3072,0.7289,3.1328
87.3074,0.7399,3.1787
87.3076,0.7115,3.0623
87.3078,0.7072,3.0451
87.3080,0.6553,2.8177
87.3082,0.7134,3.0734
87.3084,0.6579,2.8316
87.3086,0.7108,3.0549
87.3088,0.7378,3.1694
87.3090,0.7411,3.1883
87.3092,0.6948,2.9892
87.3094,0.7252,3.1182
87.3096,0.7549,3.2431
87.3098,0.7432,3.1985
87.3100,0.7463,3.2105
87.3102,0.7862,3.3822
87.3104,0.7322,3.1487
87.3106,0.7542,3.2415
87.3108,0.7875,3.3848
87.3110,0.785,3.3739
87.3112,0.7211,3.105
87.3114,0.6622,2.8489
87.3116,0.7513,3.2336
87.3118,0.6444,2.7759
87.3120,0.6182,2.662
87.3122,0.6926,2.9808
87.3124,0.7107,3.0544
87.3126,0.7364,3.1667
87.3128,0.7288,3.1381
87.3130,0.6498,2.803
87.3132,0.5627,2.4275
87.3134,0.5548,2.3934
87.3136,0.5313,2.2909
87.3138,0.574,2.4704
87.3140,0.6885,2.9646
87.3142,0.6429,2.7684
87.3144,0.6637,2.8524
87.3146,0.7192,3.091
87.3148,0.7095,3.0564
87.3150,0.6243,2.6921
87.3152,0.6138,2.6442
87.3154,0.6053,2.6075
87.3156,0.5904,2.5434
87.3158,0.586,2.5255
87.3160,0.6203,2.6696
87.3162,0.665,2.8647
87.3164,0.5834,2.5135
87.3166,0.6538,2.8154
87.3168,0.6935,2.9821
87.3170,0.7629,3.2837
87.3172,0.7133,3.0686
87.3174,0.7577,3.2564
87.3176,0.7959,3.4192
87.3178,0.8276,3.547
87.3180,0.9826,4.2075
87.3182,0.9966,4.2736
87.3184,0.9324,3.9998
87.3186,0.9915,4.2455
87.3188,1.0414,4.4549
87.3190,1.0352,4.435
87.3192,1.0289,4.4036
87.3194,1.0362,4.437
87.3196,0.9705,4.1673
87.3198,0.8804,3.7806
87.3200,0.8982,3.8532
87.3202,0.9261,3.9712
87.3204,0.959,4.114
87.3206,0.9327,4.0014
87.3208,0.9415,4.037
87.3210,0.9712,4.1665
87.3212,0.975,4.183
87.3214,0.9761,4.1856
87.3216,0.9087,3.9058
87.3218,0.8596,3.6962
87.3220,0.7902,3.3977
87.3222,0.7286,3.1376
87.3224,0.661,2.8477
87.3226,0.6905,2.9734
87.3228,0.7274,3.1295
87.3230,0.7617,3.277
87.3232,0.7988,3.4332
87.3234,0.824,3.5414
87.3236,0.8507,3.6495
87.3238,0.829,3.5664
87.3240,0.7608,3.2683
87.3242,0.8824,3.7906
87.3244,0.8406,3.6147
87.3246,0.7563,3.2538
87.3248,0.7964,3.4197
87.3250,0.8608,3.6996
87.3252,0.8198,3.5217
87.3254,0.8508,3.6586
87.3256,0.8228,3.5412
87.3258,0.7524,3.2383
87.3260,0.7,3.0156
87.3262,0.6513,2.8111
87.3264,0.5833,2.5176
87.3266,0.5663,2.4419
87.3268,0.5787,2.494
87.3270,0.6152,2.6516
87.3272,0.5999,2.5855
87.3274,0.586,2.5302
87.3276,0.5105,2.2025
87.3278,0.561,2.4191
87.3280,0.602,2.5972
87.3282,0.5671,2.4489
87.3284,0.5127,2.2108
87.3286,0.5596,2.4129
87.3288,0.5801,2.5013
87.3290,0.5831,2.5108
87.3292,0.6122,2.6399
87.3294,0.6074,2.6192
87.3296,0.6168,2.6559
87.3298,0.6328,2.7276
87.3300,0.586,2.5278
87.3302,0.538,2.322
87.3304,0.5797,2.4975
87.3306,0.6737,2.8997
87.3308,0.6716,2.8931
87.3310,0.6439,2.7738
87.3312,0.6292,2.7133
87.3314,0.6869,2.9524
87.3316,0.7403,3.1876
87.3318,0.6655,2.8708
87.3320,0.5862,2.5289
87.3322,0.5946,2.5615
87.3324,0.598,2.5784
87.3326,0.5992,2.5871
87.3328,0.4619,1.9953
87.3330,0.4633,1.9987
87.3332,0.5171,2.232
87.3334,0.4822,2.0833
87.3336,0.4572,1.9741
87.3338,0.4507,1.9444
87.3340,0.4532,1.9571
87.3342,0.4598,1.9864
87.3344,0.4605,1.9859
87.3346,0.5277,2.2765
87.3348,0.5245,2.2604
87.3350,0.5511,2.3795
87.3352,0.4797,2.0715
87.3354,0.4615,1.9909
87.3356,0.4609,1.9902
87.3358,0.458,1.9759
87.3360,0.4998,2.1559
87.3362,0.5325,2.2993
87.3364,0.486,2.0955
87.3366,0.5318,2.2898
87.3368,0.5538,2.3881
87.3370,0.5463,2.3566
87.3372,0.5475,2.3596
87.3374,0.5524,2.3797
87.3376,0.5555,2.3942
87.3378,0.5528,2.3835
87.3380,0.5555,2.3954
87.3382,0.5559,2.3958
87.3384,0.5662,2.4391
87.3386,0.5851,2.5207
87.3388,0.6354,2.7333
87.3390,0.667,2.8655
87.3392,0.758,3.2565
87.3394,0.738,3.1823
87.3396,0.5621,2.4238
87.3398,0.54,2.3287
87.3400,0.555,2.3911
87.3402,0.6206,2.6699
87.3404,0.6563,2.8223
87.3406,0.6676,2.8694
87.3408,0.6614,2.8506
87.3410,0.5536,2.3849
87.3412,0.6415,2.7571
87.3414,0.7086,3.0471
87.3416,0.6498,2.7991
87.3418,0.5777,2.4898
87.3420,0.5707,2.4576
87.3422,0.6014,2.5886
87.3424,0.5902,2.5436
87.3426,0.5715,2.4607
87.3428,0.5622,2.4243
87.3430,0.5379,2.3204
87.3432,0.5391,2.3181
87.3434,0.6483,2.7929
87.3436,0.5748,2.4786
87.3438,0.5234,2.2557
87.3440,0.5005,2.157
87.3442,0.5044,2.1771
87.3444,0.5068,2.1875
87.3446,0.5156,2.2232
87.3448,0.5078,2.1896
87.3450,0.4663,2.0154
87.3452,0.4151,1.7924
87.3454,0.409,1.766
87.3456,0.4004,1.7303
87.3458,0.3977,1.7173
87.3460,0.4072,1.7582
87.3462,0.4309,1.8547
87.3464,0.5271,2.2749
87.3466,0.4091,1.7665
87.3468,0.4627,1.9943
87.3470,0.5685,2.4512
87.3472,0.52,2.2413
87.3474,0.4946,2.1317
87.3476,0.4771,2.0572
87.3478,0.4776,2.0602
87.3480,0.4869,2.0986
87.3482,0.5065,2.1849
87.3484,0.509,2.1947
87.3486,0.5388,2.3181
87.3488,0.6585,2.8276
87.3490,0.7406,3.1847
87.3492,0.7216,3.0999
87.3494,0.6906,2.9684
87.3496,0.7447,3.1948
87.3498,0.8346,3.5806
87.3500,0.826,3.5502
87.3502,0.7747,3.3203
87.3504,0.8635,3.7011
87.3506,0.8935,3.8278
87.3508,0.9744,4.1687
87.3510,1.0418,4.457
87.3512,1.0662,4.559
87.3514,1.1429,4.8871
87.3516,1.1497,4.9163
87.3518,1.0392,4.4498
87.3520,0.9553,4.0943
87.3522,0.8777,3.7653
87.3524,0.9095,3.8961
87.3526,0.971,4.1596
87.3528,0.9656,4.1423
87.3530,0.9456,4.0564
87.3532,0.9264,3.9704
87.3534,0.9481,4.0653
87.3536,0.9695,4.1554
87.3538,0.9503,4.0732
87.3540,0.9809,4.2042
87.3542,0.9631,4.1257
87.3544,0.9344,4.0123
87.3546,0.8498,3.6522
87.3548,0.8424,3.6107
87.3550,0.9132,3.9212
87.3552,0.8186,3.5166
87.3554,0.8266,3.5462
87.3556,0.9312,3.991
87.3558,0.9274,3.9825
87.3560,0.829,3.5647
87.3562,0.7953,3.4151
87.3564,0.8421,3.6159
87.3566,0.8159,3.5036
87.3568,0.7604,3.2698
87.3570,0.7731,3.3229
87.3572,0.7837,3.3698
87.3574,0.8156,3.5054
87.3576,0.7976,3.4281
87.3578,0.8274,3.558
87.3580,0.7866,3.3806
87.3582,0.7951,3.4125
87.3584,0.835,3.5838
87.3586,0.8573,3.6847
87.3588,0.7728,3.326
87.3590,0.7218,3.1125
87.3592,0.6266,2.6982
87.3594,0.6465,2.7852
87.3596,0.6367,2.7403
87.3598,0.6529,2.81
87.3600,0.7055,3.0379
87.3602,0.6513,2.8058
87.3604,0.6532,2.8102
87.3606,0.721,3.1016
87.3608,0.7465,3.213
87.3610,0.6879,2.9593
87.3612,0.7186,3.087
87.3614,0.7487,3.2178
87.3616,0.7381,3.1798
87.3618,0.6392,2.7537
87.3620,0.6559,2.8242
87.3622,0.6143,2.6487
87.3624,0.6097,2.629
87.3626,0.5882,2.5353
87.3628,0.5722,2.4661
87.3630,0.5695,2.4558
87.3632,0.5782,2.4931
87.3634,0.5749,2.4757
87.3636,0.6041,2.6047
87.3638,0.5824,2.51
87.3640,0.5729,2.4715
87.3642,0.5281,2.2738
87.3644,0.6487,2.7932
87.3646,0.5966,2.5751
87.3648,0.524,2.2594
87.3650,0.5354,2.3085
87.3652,0.5265,2.2713
87.3654,0.5228,2.2573
87.3656,0.5212,2.2485
87.3658,0.5348,2.3059
87.3660,0.5343,2.3049
87.3662,0.5228,2.2553
87.3664,0.5193,2.2382
87.3666,0.5218,2.249
87.3668,0.5254,2.2656
87.3670,0.5199,2.2439
87.3672,0.5093,2.1983
87.3674,0.5074,2.188
87.3676,0.5187,2.2377
87.3678,0.5284,2.2785
87.3680,0.5568,2.3999
87.3682,0.549,2.3652
87.3684,0.5812,2.5002
87.3686,0.7036,3.0198
87.3688,0.8289,3.5609
87.3690,0.8206,3.5286
87.3692,0.7669,3.2977
87.3694,0.7527,3.2368
87.3696,0.7434,3.1966
87.3698,0.7649,3.2858
87.3700,0.7959,3.4208
87.3702,0.7619,3.2745
87.3704,0.7819,3.3605
87.3706,0.8084,3.4744
87.3708,0.8077,3.4681
87.3710,0.8219,3.5294
87.3712,0.8731,3.7475
87.3714,0.8842,3.7966
87.3716,0.8176,3.5125
87.3718,0.8398,3.6078
87.3720,0.7959,3.4224
87.3722,0.7598,3.2688
87.3724,0.7647,3.2868
87.3726,0.7791,3.3456
87.3728,0.8194,3.5169
87.3730,0.8798,3.7763
87.3732,0.8994,3.8584
87.3734,0.8312,3.5723
87.3736,0.7718,3.3188
87.3738,0.8068,3.471
87.3740,0.8079,3.4772
87.3742,0.7303,3.1331
87.3744,0.861,3.6972
87.3746,0.7754,3.3343
87.3748,0.7186,3.0956
87.3750,0.6218,2.6775
87.3752,0.6528,2.8134
87.3754,0.6036,2.6039
87.3756,0.5382,2.3209
87.3758,0.5687,2.4477
87.3760,0.6218,2.68
87.3762,0.5928,2.5538
87.3764,0.5983,2.5751
87.3766,0.6302,2.7162
87.3768,0.6127,2.6395
87.3770,0.653,2.8105
87.3772,0.6687,2.8821
87.3774,0.5688,2.455
87.3776,0.55,2.3683
87.3778,0.6914,2.9742
87.3780,0.6866,2.9563
87.3782,0.5772,2.4912
87.3784,0.5131,2.2144
87.3786,0.4785,2.0682
87.3788,0.401,1.7329
87.3790,0.3954,1.7091
87.3792,0.3898,1.6839
87.3794,0.3903,1.6876
87.3796,0.3915,1.6889
87.3798,0.4586,1.9776
87.3800,0.5108,2.2035
87.3802,0.4879,2.1047
87.3804,0.4842,2.0906
87.3806,0.4838,2.0891
87.3808,0.4802,2.0687
87.3810,0.5498,2.3705
87.3812,0.5065,2.1839
87.3814,0.523,2.2542
87.3816,0.5629,2.4285
87.3818,0.5412,2.3317
87.3820,0.6222,2.6803
87.3822,0.582,2.5073
87.3824,0.5976,2.5756
87.3826,0.5821,2.5043
87.3828,0.6733,2.8936
87.3830,0.7369,3.1673
87.3832,0.7061,3.0363
87.3834,0.7423,3.1875
87.3836,0.7929,3.4064
87.3838,0.7954,3.4156
87.3840,0.8412,3.6089
87.3842,0.9121,3.9093
87.3844,0.9264,3.9704
87.3846,0.945,4.0444
87.3848,0.9882,4.2336
87.3850,0.9382,4.0269
87.3852,0.9072,3.8936
87.3854,0.8746,3.7519
87.3856,0.9199,3.9445
87.3858,0.9601,4.1148
87.3860,0.9325,4.0022
87.3862,0.8905,3.8185
87.3864,0.8861,3.7995
87.3866,0.8912,3.827
87.3868,0.8753,3.762
87.3870,0.8331,3.5773
87.3872,0.8693,3.7293
87.3874,0.9011,3.8656
87.3876,0.9631,4.1277
87.3878,1.0087,4.3174
87.3880,1.0057,4.3146
87.3882,0.9682,4.1594
87.3884,0.9235,3.9581
87.3886,0.9007,3.8712
87.3888,0.8257,3.547
87.3890,0.8669,3.7225
87.3892,0.8254,3.5443
87.3894,0.8228,3.533
87.3896,0.7912,3.4071
87.3898,0.7193,3.1002
87.3900,0.7146,3.0771
87.3902,0.7349,3.1599
87.3904,0.8018,3.446
87.3906,0.7904,3.3971
87.3908,0.8114,3.4856
87.3910,0.8603,3.6975
87.3912,0.8566,3.6781
87.3914,0.8731,3.7544
87.3916,0.7636,3.2883
87.3918,0.6431,2.772
87.3920,0.5839,2.5155
87.3922,0.6822,2.9322
87.3924,0.7359,3.1675
87.3926,0.6965,2.9991
87.3928,0.7255,3.127
87.3930,0.6927,2.9812
87.3932,0.7258,3.1208
87.3934,0.7331,3.1551
87.3936,0.7716,3.3177
87.3938,0.7806,3.3564
87.3940,0.6819,2.9361
87.3942,0.6379,2.7467
87.3944,0.6541,2.8242
87.3946,0.5114,2.2061
87.3948,0.4989,2.1533
87.3950,0.5308,2.2899
87.3952,0.5743,2.4753
87.3954,0.5912,2.5494
87.3956,0.5208,2.2469
87.3958,0.5385,2.323
87.3960,0.5304,2.2894
87.3962,0.5036,2.1724
87.3964,0.5018,2.1657
87.3966,0.494,2.133
87.3968,0.5033,2.1724
87.3970,0.4911,2.1206
87.3972,0.5318,2.2898
87.3974,0.6535,2.8125
87.3976,0.6145,2.6521
87.3978,0.4783,2.0671
87.3980,0.406,1.7538
87.3982,0.4391,1.895
87.3984,0.4525,1.9539
87.3986,0.4477,1.9332
87.3988,0.4494,1.9395
87.3990,0.4451,1.9209
87.3992,0.4459,1.9263
87.3994,0.4469,1.9296
87.3996,0.4518,1.9508
87.3998,0.4472,1.9311
87.4000,0.4458,1.9258
87.4002,0.4483,1.934
87.4004,0.4495,1.9392
87.4006,0.4905,2.1141
87.4008,0.5361,2.3105
87.4010,0.4874,2.1016
87.4012,0.4515,1.948
87.4014,0.4527,1.9559
87.4016,0.4538,1.9596
87.4018,0.4894,2.1095
87.4020,0.522,2.2521
87.4022,0.4719,2.035
87.4024,0.5543,2.3879
87.4026,0.5838,2.5127
87.4028,0.5734,2.4723
87.4030,0.5555,2.3953
87.4032,0.5529,2.3817
87.4034,0.5608,2.4169
87.4036,0.5644,2.4313
87.4038,0.6289,2.7067
87.4040,0.6475,2.7815
87.4042,0.7066,3.0383
87.4044,0.7325,3.1467
87.4046,0.7931,3.4105
87.4048,0.691,2.9726
87.4050,0.6123,2.6391
87.4052,0.5328,2.2955
87.4054,0.5634,2.4306
87.4056,0.5301,2.2857
87.4058,0.5308,2.2867
87.4060,0.5316,2.2903
87.4062,0.5674,2.442
87.4064,0.6071,2.6152
87.4066,0.6226,2.6836
87.4068,0.6262,2.6941
87.4070,0.6496,2.7934
87.4072,0.6543,2.8161
87.4074,0.6574,2.8321
87.4076,0.6539,2.8145
87.4078,0.5723,2.4665
87.4080,0.541,2.3295
87.4082,0.6525,2.8057
87.4084,0.6687,2.8807
87.4086,0.63,2.7101
87.4088,0.6741,2.8985
87.4090,0.6488,2.7937
87.4092,0.6294,2.7075
87.4094,0.6401,2.7578
87.4096,0.6156,2.6494
87.4098,0.6077,2.6141
87.4100,0.679,2.921
87.4102,0.6725,2.8959
87.4104,0.6401,2.7514
87.4106,0.6915,2.9705
87.4108,0.6385,2.748
87.4110,0.667,2.8708
87.4112,0.6918,2.9762
87.4114,0.7243,3.1117
87.4116,0.677,2.919
87.4118,0.5252,2.2635
87.4120,0.576,2.4791
87.4122,0.6229,2.6784
87.4124,0.617,2.6556
87.4126,0.5581,2.4033
87.4128,0.5429,2.3399
87.4130,0.4975,2.1461
87.4132,0.4935,2.129
87.4134,0.4934,2.1275
87.4136,0.4925,2.1249
87.4138,0.5099,2.1958
87.4140,0.6198,2.6712
87.4142,0.5255,2.264
87.4144,0.4912,2.1162
87.4146,0.5442,2.3456
87.4148,0.5035,2.1709
87.4150,0.5102,2.1989
87.4152,0.5519,2.3776
87.4154,0.6144,2.6467
87.4156,0.6041,2.6011
87.4158,0.5879,2.5302
87.4160,0.6592,2.8333
87.4162,0.7183,3.0845
87.4164,0.7268,3.1239
87.4166,0.7109,3.0554
87.4168,0.7359,3.1616
87.4170,0.7765,3.3326
87.4172,0.8285,3.551
87.4174,0.8999,3.8532
87.4176,0.9864,4.2199
87.4178,0.9883,4.234
87.4180,0.9738,4.1738
87.4182,0.9496,4.0681
87.4184,0.9129,3.9201
87.4186,0.8869,3.8048
87.4188,0.8964,3.8472
87.4190,0.8445,3.621
87.4192,0.926,3.9669
87.4194,0.9575,4.0982
87.4196,0.9754,4.1825
87.4198,0.9159,3.9275
87.4200,0.9063,3.89
87.4202,0.923,3.9615
87.4204,0.8346,3.5822
87.4206,0.8521,3.6591
87.4208,0.8247,3.5395
87.4210,0.8592,3.6911
87.4212,0.8379,3.5978
87.4214,0.8228,3.5346
87.4216,0.8578,3.6815
87.4218,0.8887,3.8179
87.4220,0.8332,3.576
87.4222,0.8668,3.7167
87.4224,0.9021,3.8665
87.4226,0.9648,4.1392
87.4228,0.8692,3.7322
87.4230,0.8368,3.5932
87.4232,0.8473,3.6402
87.4234,0.7979,3.4311
87.4236,0.7657,3.2909
87.4238,0.794,3.4125
87.4240,0.8103,3.4794
87.4242,0.8133,3.4922
87.4244,0.8421,3.6175
87.4246,0.8746,3.7571
87.4248,0.803,3.4592
87.4250,0.617,2.6568
87.4252,0.656,2.8259
87.4254,0.6272,2.7045
87.4256,0.5734,2.4666
87.4258,0.6243,2.6896
87.4260,0.6471,2.7877
87.4262,0.6611,2.8442
87.4264,0.7068,3.0407
87.4266,0.7351,3.1639
87.4268,0.7051,3.0307
87.4270,0.7472,3.213
87.4272,0.7075,3.0438
87.4274,0.7406,3.1862
87.4276,0.7316,3.1504
87.4278,0.6222,2.6828
87.4280,0.6008,2.5871
87.4282,0.6675,2.8755
87.4284,0.6791,2.9243
87.4286,0.6833,2.9396
87.4288,0.6723,2.8922
87.4290,0.7084,3.046
87.4292,0.7071,3.0417
87.4294,0.7067,3.0444
87.4296,0.6671,2.8686
87.4298,0.7021,3.0248
87.4300,0.632,2.7226
87.4302,0.6624,2.8525
87.4304,0.7096,3.0483
87.4306,0.7965,3.4218
87.4308,0.7695,3.3166
87.4310,0.6819,2.9348
87.4312,0.711,3.063
87.4314,0.6614,2.8465
87.4316,0.7124,3.0635
87.4318,0.6995,3.0162
87.4320,0.5549,2.3938
87.4322,0.5484,2.3637
87.4324,0.591,2.5472
87.4326,0.5467,2.3576
87.4328,0.547,2.3597
87.4330,0.5358,2.3105
87.4332,0.5348,2.3059
87.4334,0.5378,2.3177
87.4336,0.5369,2.3152
87.4338,0.5868,2.5244
87.4340,0.6848,2.9485
87.4342,0.6431,2.7707
87.4344,0.5748,2.4808
87.4346,0.5394,2.326
87.4348,0.5722,2.4683
87.4350,0.5254,2.2645
87.4352,0.5243,2.2598
87.4354,0.529,2.2789
87.4356,0.5897,2.5391
87.4358,0.6364,2.7417
87.4360,0.6536,2.8143
87.4362,0.6526,2.8115
87.4364,0.6449,2.7771
87.4366,0.6434,2.7704
87.4368,0.6439,2.7712
87.4370,0.6472,2.7843
87.4372,0.6477,2.7864
87.4374,0.6483,2.7929
87.4376,0.6708,2.886
87.4378,0.7211,3.1021
87.4380,0.7353,3.1591
87.4382,0.7895,3.3935
87.4384,0.7503,3.2339
87.4386,0.6296,2.711
87.4388,0.6105,2.6277
87.4390,0.6109,2.6305
87.4392,0.6141,2.6444
87.4394,0.613,2.641
87.4396,0.6478,2.7869
87.4398,0.6997,3.0089
87.4400,0.7352,3.1615
87.4402,0.7502,3.2229
87.4404,0.8246,3.5406
87.4406,0.8154,3.5064
87.4408,0.7184,3.0936
87.4410,0.6183,2.6637
87.4412,0.594,2.5589
87.4414,0.6343,2.7299
87.4416,0.6524,2.8065
87.4418,0.635,2.7381
87.4420,0.5953,2.5646
87.4422,0.6139,2.6422
87.4424,0.6214,2.6759
87.4426,0.6206,2.676
87.4428,0.5487,2.3625
87.4430,0.6208,2.6758
87.4432,0.5529,2.3817
87.4434,0.5505,2.3692
87.4436,0.608,2.6218
87.4438,0.587,2.5254
87.4440,0.6457,2.7867
87.4442,0.4392,1.8956
87.4444,0.4433,1.9158
87.4446,0.3951,1.7075
87.4448,0.4109,1.7751
87.4450,0.3819,1.6505
87.4452,0.3734,1.6137
87.4454,0.387,1.6712
87.4456,0.3868,1.6686
87.4458,0.4354,1.8755
87.4460,0.5384,2.3181
87.4462,0.5848,2.5215
87.4464,0.4958,2.1388
87.4466,0.4782,2.0628
87.4468,0.4655,2.008
87.4470,0.4656,2.0085
87.4472,0.469,2.0216
87.4474,0.4718,2.0344
87.4476,0.5161,2.2262
87.4478,0.491,2.1181
87.4480,0.5802,2.4983
87.4482,0.6248,2.6879
87.4484,0.6616,2.8449
87.4486,0.7194,3.0891
87.4488,0.7698,3.3084
87.4490,0.7248,3.1123
87.4492,0.762,3.2719
87.4494,0.7756,3.3321
87.4496,0.8104,3.4799
87.4498,0.7993,3.4288
87.4500,0.8483,3.6375
87.4502,0.8501,3.6469
87.4504,0.8585,3.6812
87.4506,0.9147,3.9168
87.4508,0.974,4.1705
87.4510,1.0038,4.2943
87.4512,1.0777,4.6124
87.4514,1.1102,4.7448
87.4516,1.1405,4.8745
87.4518,1.0865,4.6526
87.4520,1.0114,4.3327
87.4522,0.969,4.1552
87.4524,0.9446,4.056
87.4526,0.938,4.0202
87.4528,0.982,4.2088
87.4530,0.971,4.1596
87.4532,0.9741,4.1729
87.4534,0.9632,4.1223
87.4536,0.9702,4.1623
87.4538,0.9566,4.1018
87.4540,0.9247,3.9687
87.4542,0.872,3.741
87.4544,0.91,3.9059
87.4546,0.9043,3.8776
87.4548,0.9353,4.0108
87.4550,0.9073,3.8923
87.4552,0.9192,3.9395
87.4554,1.0284,4.4138
87.4556,0.8963,3.8503
87.4558,0.8961,3.8462
87.4560,0.9665,4.1406
87.4562,1.0391,4.4472
87.4564,1.079,4.6137
87.4566,1.0327,4.4324
87.4568,0.8547,3.6733
87.4570,0.8062,3.4651
87.4572,0.7916,3.4022
87.4574,0.8216,3.5311
87.4576,0.7942,3.4167
87.4578,0.6589,2.841
87.4580,0.634,2.7289
87.4582,0.6807,2.9296
87.4584,0.672,2.8925
87.4586,0.6784,2.9225
87.4588,0.6514,2.8115
87.4590,0.5342,2.3054
87.4592,0.5021,2.1672
87.4594,0.4931,2.1294
87.4596,0.4858,2.0978
87.4598,0.4935,2.129
87.4600,0.4886,2.1088
87.4602,0.5151,2.2211
87.4604,0.6231,2.6832
87.4606,0.6683,2.8778
87.4608,0.6533,2.812
87.4610,0.6445,2.7789
87.4612,0.5912,2.5494
87.4614,0.5851,2.5207
87.4616,0.5984,2.578
87.4618,0.6578,2.8363
87.4620,0.5327,2.3013
87.4622,0.4215,1.819
87.4624,0.4398,1.9008
87.4626,0.4512,1.9464
87.4628,0.529,2.2832
87.4630,0.4713,2.0333
87.4632,0.4616,1.9933
87.4634,0.4696,2.0289
87.4636,0.5184,2.2335
87.4638,0.628,2.7056
87.4640,0.5464,2.3593
87.4642,0.4616,1.9933
87.4644,0.4719,2.034
87.4646,0.4973,2.1465
87.4648,0.4459,1.9254
87.4650,0.44,1.8992
87.4652,0.446,1.9242
87.4654,0.4496,1.9424
87.4656,0.474,2.0475
87.4658,0.4421,1.908
87.4660,0.4398,1.8973
87.4662,0.4722,2.0388
87.4664,0.4679,2.0183
87.4666,0.462,1.993
87.4668,0.4478,1.9319
87.4670,0.4876,2.1027
87.4672,0.5431,2.3421
87.4674,0.5123,2.2123
87.4676,0.4752,2.0508
87.4678,0.5105,2.1984
87.4680,0.5677,2.4435
87.4682,0.585,2.5213
87.4684,0.5813,2.5041
87.4686,0.6175,2.6552
87.4688,0.6838,2.9376
87.4690,0.7458,3.2098
87.4692,0.6936,2.984
87.4694,0.6601,2.8395
87.4696,0.6236,2.6852
87.4698,0.5693,2.4525
87.4700,0.577,2.4855
87.4702,0.603,2.5928
87.4704,0.6949,2.9855
87.4706,0.7431,3.194
87.4708,0.8006,3.4409
87.4710,0.8175,3.507
87.4712,0.8779,3.768
87.4714,0.852,3.6619
87.4716,0.7521,3.2357
87.4718,0.6684,2.8743
87.4720,0.6385,2.7505
87.4722,0.6953,2.9898
87.4724,0.7121,3.0606
87.4726,0.668,2.8749
87.4728,0.6527,2.8107
87.4730,0.6587,2.8325
87.4732,0.7515,3.2271
87.4734,0.7392,3.1785
87.4736,0.7193,3.0929
87.4738,0.7248,3.1195
87.4740,0.6704,2.8852
87.4742,0.6268,2.7017
87.4744,0.5645,2.4318
87.4746,0.5891,2.5354
87.4748,0.575,2.4796
87.4750,0.5117,2.2056
87.4752,0.5643,2.4308
87.4754,0.5554,2.3937
87.4756,0.5266,2.2707
87.4758,0.5214,2.2485
87.4760,0.5,2.1579
87.4762,0.4993,2.1518
87.4764,0.5119,2.2071
87.4766,0.5254,2.2666
87.4768,0.5021,2.1642
87.4770,0.4633,1.9996
87.4772,0.4116,1.7757
87.4774,0.4123,1.7788
87.4776,0.4159,1.796
87.4778,0.4003,1.7295
87.4780,0.3994,1.7254
87.4782,0.3918,1.6912
87.4784,0.4165,1.7978
87.4786,0.43,1.8574
87.4788,0.4189,1.8048
87.4790,0.5792,2.4942
87.4792,0.5447,2.3488
87.4794,0.492,2.1233
87.4796,0.4818,2.0773
87.4798,0.4785,2.0634
87.4800,0.4831,2.084
87.4802,0.4856,2.0949
87.4804,0.4824,2.0809
87.4806,0.4801,2.0682
87.4808,0.4824,2.079
87.4810,0.4837,2.0866
87.4812,0.4885,2.1063
87.4814,0.4939,2.1266
87.4816,0.5196,2.2397
87.4818,0.6174,2.6559
87.4820,0.5782,2.4896
87.4822,0.5876,2.528
87.4824,0.6901,2.969
87.4826,0.7351,3.1551
87.4828,0.7863,3.378
87.4830,0.7333,3.1459
87.4832,0.8345,3.5817
87.4834,0.7913,3.3949
87.4836,0.8393,3.5905
87.4838,1.0088,4.3199
87.4840,0.9717,4.1568
87.4842,0.9785,4.19
87.4844,0.9704,4.1589
87.4846,0.9732,4.1732
87.4848,0.9345,4.0071
87.4850,0.877,3.7604
87.4852,0.9091,3.8927
87.4854,0.9657,4.137
87.4856,0.9114,3.9097
87.4858,0.9082,3.8927
87.4860,0.8984,3.8506
87.4862,0.92,3.9486
87.4864,0.9064,3.8868
87.4866,0.8853,3.7946
87.4868,0.9066,3.8837
87.4870,0.9389,4.0187
87.4872,0.9869,4.2338
87.4874,0.8772,3.7649
87.4876,0.8785,3.7706
87.4878,0.9244,3.9603
87.4880,0.9748,4.1818
87.4882,0.8712,3.7374
87.4884,0.8881,3.8082
87.4886,0.9106,3.9048
87.4888,0.9562,4.104
87.4890,0.9211,3.9477
87.4892,0.9716,4.1641
87.4894,0.9403,4.0299
87.4896,0.95,4.0735
87.4898,0.9958,4.2679
87.4900,0.9737,4.1694
87.4902,0.9934,4.2616
87.4904,0.8933,3.8303
87.4906,0.9579,4.1074
87.4908,0.9338,4.0115
87.4910,0.8379,3.5961
87.4912,0.8043,3.4552
87.4914,0.7726,3.3208
87.4916,0.79,3.3908
87.4918,0.8976,3.8524
87.4920,0.8635,3.7097
87.4922,0.7834,3.3719
87.4924,0.6909,2.9735
87.4926,0.6907,2.9702
87.4928,0.7499,3.2274
87.4930,0.6891,2.9657
87.4932,0.715,3.0729
87.4934,0.752,3.2367
87.4936,0.7153,3.0802
87.4938,0.7314,3.1391
87.4940,0.8765,3.7636
87.4942,0.8495,3.6494
87.4944,0.8723,3.749
87.4946,0.8397,3.6072
87.4948,0.7778,3.3507
87.4950,0.6316,2.7249
87.4952,0.6031,2.5994
87.4954,0.5894,2.5416
87.4956,0.5665,2.444
87.4958,0.5682,2.4512
87.4960,0.5559,2.3957
87.4962,0.5692,2.4542
87.4964,0.5711,2.4602
87.4966,0.5936,2.555
87.4968,0.6595,2.8396
87.4970,0.5852,2.5282
87.4972,0.5079,2.1921
87.4974,0.497,2.144
87.4976,0.5149,2.219
87.4978,0.5427,2.3411
87.4980,0.5337,2.3001
87.4982,0.5344,2.3022
87.4984,0.5241,2.2619
87.4986,0.5187,2.2397
87.4988,0.5212,2.2485
87.4990,0.522,2.2511
87.4992,0.5236,2.2588
87.4994,0.5274,2.2764
87.4996,0.5252,2.2635
87.4998,0.5242,2.2593
87.5000,0.5301,2.2868
87.5002,0.5332,2.3002
87.5004,0.5288,2.28
87.5006,0.5226,2.2547
87.5008,0.5202,2.2443
87.5010,0.5268,2.2717
87.5012,0.5274,2.2743
87.5014,0.5242,2.2583
87.5016,0.5741,2.4709
87.5018,0.6254,2.6917
87.5020,0.6605,2.8442
87.5022,0.6545,2.8184
87.5024,0.6925,2.9766
87.5026,0.7371,3.1683
87.5028,0.7175,3.0895
87.5030,0.6773,2.9125
87.5032,0.7316,3.1416
87.5034,0.8345,3.5817
87.5036,0.8508,3.6585
87.5038,0.7575,3.2559
87.5040,0.7407,3.1911
87.5042,0.633,2.7255
87.5044,0.6114,2.6326
87.5046,0.6083,2.6191
87.5048,0.6536,2.8117
87.5050,0.6246,2.6894
87.5052,0.6134,2.6438
87.5054,0.6071,2.6176
87.5056,0.5988,2.5796
87.5058,0.5973,2.5698
87.5060,0.6597,2.8393
87.5062,0.7041,3.0274
87.5064,0.7318,3.1451
87.5066,0.7224,3.1078
87.5068,0.7375,3.1713
87.5070,0.7726,3.3239
87.5072,0.7267,3.1292
87.5074,0.6524,2.8104
87.5076,0.6274,2.7005
87.5078,0.679,2.921
87.5080,0.6785,2.919
87.5082,0.6754,2.9056
87.5084,0.6734,2.8981
87.5086,0.6931,2.9791
87.5088,0.7142,3.0727
87.5090,0.7073,3.0456
87.5092,0.7202,3.097
87.5094,0.7047,3.0314
87.5096,0.6699,2.8805
87.5098,0.6446,2.7678
87.5100,0.7821,3.3568
87.5102,0.8455,3.6358
87.5104,0.7514,3.2326
87.5106,0.7344,3.152
87.5108,0.7819,3.362
87.5110,0.793,3.4068
87.5112,0.7887,3.3883
87.5114,0.7695,3.3105
87.5116,0.6886,2.9623
87.5118,0.7225,3.1054
87.5120,0.7449,3.2092
87.5122,0.6556,2.8205
87.5124,0.6836,2.9406
87.5126,0.7015,3.0222
87.5128,0.6556,2.8205
87.5130,0.6569,2.8288
87.5132,0.6665,2.8687
87.5134,0.7464,3.2109
87.5136,0.7289,3.1356
87.5138,0.7146,3.0757
87.5140,0.6512,2.8118
87.5142,0.5102,2.2019
87.5144,0.4939,2.1296
87.5146,0.5205,2.2433
87.5148,0.6259,2.6888
87.5150,0.7581,3.263
87.5152,0.6927,2.9826
87.5154,0.6372,2.741
87.5156,0.709,3.0457
87.5158,0.7509,3.2275
87.5160,0.7122,3.0611
87.5162,0.7542,3.2399
87.5164,0.8253,3.5437
87.5166,0.8531,3.6581
87.5168,0.9858,4.2233
87.5170,1.0109,4.3326
87.5172,0.9925,4.252
87.5174,0.9826,4.2133
87.5176,0.9825,4.2128
87.5178,0.9767,4.1842
87.5180,0.9864,4.2298
87.5182,0.9392,4.0272
87.5184,0.9657,4.1389
87.5186,0.9904,4.2448
87.5188,0.9555,4.0933
87.5190,0.9407,4.032
87.5192,0.9829,4.2149
87.5194,0.9566,4.0998
87.5196,0.9533,4.0993
87.5198,0.8264,3.55
87.5200,0.8906,3.819
87.5202,0.9359,4.0152
87.5204,0.8305,3.5714
87.5206,0.7983,3.4311
87.5208,0.7997,3.4373
87.5210,0.7518,3.2371
87.5212,0.6803,2.9308
87.5214,0.7513,3.2321
87.5216,0.7375,3.1742
87.5218,0.7139,3.0726
87.5220,0.7719,3.3162
87.5222,0.8823,3.7853
87.5224,0.8814,3.7829
87.5226,0.8266,3.5577
87.5228,0.7116,3.0656
87.5230,0.699,3.0086
87.5232,0.7485,3.2157
87.5234,0.7668,3.2986
87.5236,0.7225,3.1068
87.5238,0.7447,3.2067
87.5240,0.6826,2.9324
87.5242,0.7496,3.2279
87.5244,0.716,3.0876
87.5246,0.6302,2.7174
87.5248,0.5869,2.5308
87.5250,0.5866,2.5292
87.5252,0.5994,2.5833
87.5254,0.5754,2.4788
87.5256,0.6169,2.6551
87.5258,0.6827,2.937
87.5260,0.6647,2.8663
87.5262,0.5867,2.5297
87.5264,0.5711,2.4625
87.5266,0.568,2.4525
87.5268,0.4908,2.1171
87.5270,0.5406,2.3323
87.5272,0.5235,2.2562
87.5274,0.5832,2.5112
87.5276,0.6577,2.8319
87.5278,0.6092,2.6294
87.5280,0.5526,2.3829
87.5282,0.6073,2.615
87.5284,0.6728,2.8969
87.5286,0.6561,2.8265
87.5288,0.6236,2.6877
87.5290,0.5923,2.5517
87.5292,0.6508,2.8024
87.5294,0.6348,2.732
87.5296,0.6135,2.6443
87.5298,0.6097,2.6278
87.5300,0.6071,2.6164
87.5302,0.5592,2.4091
87.5304,0.6023,2.5945
87.5306,0.6278,2.7058
87.5308,0.6134,2.6389
87.5310,0.6791,2.9297
87.5312,0.5771,2.4907
87.5314,0.5655,2.436
87.5316,0.5996,2.5832
87.5318,0.6111,2.6352
87.5320,0.5459,2.3561
87.5322,0.4675,2.0177
87.5324,0.4545,1.9618
87.5326,0.4569,1.9722
87.5328,0.4585,1.9798
87.5330,0.4578,1.9776
87.5332,0.4497,1.9429
87.5334,0.4929,2.1264
87.5336,0.491,2.1181
87.5338,0.4506,1.9456
87.5340,0.4503,1.9437
87.5342,0.4461,1.9256
87.5344,0.4475,1.9304
87.5346,0.5036,2.1724
87.5348,0.5668,2.4405
87.5350,0.5967,2.5708
87.5352,0.5988,2.5796
87.5354,0.5851,2.5195
87.5356,0.6132,2.6415
87.5358,0.5701,2.4561
87.5360,0.5645,2.4307
87.5362,0.5614,2.4206
87.5364,0.588,2.5331
87.5366,0.702,3.0173
87.5368,0.7792,3.346
87.5370,0.7952,3.4177
87.5372,0.7577,3.2579
87.5374,0.694,2.9869
87.5376,0.586,2.5255
87.5378,0.5327,2.2981
87.5380,0.531,2.292
87.5382,0.5289,2.2805
87.5384,0.5229,2.2536
87.5386,0.5225,2.2531
87.5388,0.5134,2.2149
87.5390,0.5086,2.1921
87.5392,0.5433,2.3382
87.5394,0.5945,2.5574
87.5396,0.5941,2.5606
87.5398,0.5791,2.4925
87.5400,0.7001,3.0118
87.5402,0.6903,2.9723
87.5404,0.5575,2.4008
87.5406,0.5943,2.5569
87.5408,0.5991,2.5799
87.5410,0.5875,2.5334
87.5412,0.5312,2.2935
87.5414,0.496,2.1379
87.5416,0.5121,2.2051
87.5418,0.572,2.4644
87.5420,0.5571,2.3998
87.5422,0.5708,2.4558
87.5424,0.6078,2.6183
87.5426,0.5368,2.3147
87.5428,0.5295,2.2842
87.5430,0.4677,2.0206
87.5432,0.3983,1.7191
87.5434,0.397,1.7134
87.5436,0.4719,2.0368
87.5438,0.4171,1.7995
87.5440,0.399,1.7238
87.5442,0.393,1.6979
87.5444,0.4098,1.7704
87.5446,0.4038,1.7437
87.5448,0.4507,1.9398
87.5450,0.6142,2.6486
87.5452,0.5332,2.2959
87.5454,0.5858,2.5238
87.5456,0.5133,2.2133
87.5458,0.4797,2.0695
87.5460,0.4794,2.066
87.5462,0.4649,2.0044
87.5464,0.4565,1.9683
87.5466,0.4634,2.0001
87.5468,0.4724,2.037
87.5470,0.4911,2.1167
87.5472,0.4993,2.1518
87.5474,0.5614,2.4161
87.5476,0.6049,2.6035
87.5478,0.6228,2.6754
87.5480,0.6586,2.832
87.5482,0.6772,2.9092
87.5484,0.7537,3.2349
87.5486,0.7843,3.3661
87.5488,0.8358,3.589
87.5490,0.8162,3.4981
87.5492,0.8493,3.645
87.5494,0.8327,3.5723
87.5496,0.8505,3.6484
87.5498,0.8435,3.6152
87.5500,0.8804,3.777
87.5502,0.9305,3.9827
87.5504,1.0531,4.503
87.5506,1.0558,4.5148
87.5508,1.0749,4.592
87.5510,1.1062,4.7301
87.5512,1.1106,4.7491
87.5514,1.1462,4.9014
87.5516,1.1138,4.7713
87.5518,0.9976,4.2716
87.5520,0.9939,4.2577
87.5522,1.0345,4.4235
87.5524,1.1277,4.8196
87.5526,1.1052,4.7282
87.5528,1.1081,4.7405
87.5530,1.1064,4.7289
87.5532,1.0903,4.6706
87.5534,1.0597,4.5418
87.5536,0.9869,4.2318
87.5538,0.9204,3.9465
87.5540,0.8636,3.7085
87.5542,0.8204,3.5259
87.5544,0.8224,3.533
87.5546,0.8053,3.461
87.5548,0.8437,3.6264
87.5550,0.835,3.5821
87.5552,0.9015,3.8712
87.5554,0.8436,3.6242
87.5556,0.7977,3.4237
87.5558,0.8983,3.8537
87.5560,0.9501,4.0816
87.5562,0.8514,3.6577
87.5564,0.8576,3.6776
87.5566,0.9141,3.9252
87.5568,0.8406,3.613
87.5570,0.7571,3.2568
87.5572,0.6808,2.9301
87.5574,0.6523,2.8086
87.5576,0.6687,2.8794
87.5578,0.6953,2.994
87.5580,0.6722,2.8957
87.5582,0.6794,2.9239
87.5584,0.7071,3.046
87.5586,0.627,2.7034
87.5588,0.582,2.5072
87.5590,0.5886,2.5357
87.5592,0.6253,2.6962
87.5594,0.5801,2.5001
87.5596,0.5753,2.4806
87.5598,0.6416,2.7588
87.5600,0.7169,3.0855
87.5602,0.7081,3.0535
87.5604,0.589,2.5384
87.5606,0.5658,2.4398
87.5608,0.5719,2.4661
87.5610,0.6077,2.619
87.5612,0.6747,2.9025
87.5614,0.6541,2.8177
87.5616,0.5922,2.5535
87.5618,0.5794,2.4947
87.5620,0.5892,2.5406
87.5622,0.5652,2.4372
87.5624,0.6097,2.6253
87.5626,0.6206,2.6748
87.5628,0.5895,2.541
87.5630,0.5669,2.4422
87.5632,0.6381,2.7451
87.5634,0.6406,2.7585
87.5636,0.6023,2.5933
87.5638,0.6282,2.7099
87.5640,0.5641,2.437
87.5642,0.5291,2.2837
87.5644,0.5244,2.2604
87.5646,0.5403,2.3318
87.5648,0.5178,2.2319
87.5650,0.5345,2.3048
87.5652,0.5639,2.4304
87.5654,0.5475,2.3629
87.5656,0.5289,2.2816
87.5658,0.5214,2.2485
87.5660,0.5119,2.2081
87.5662,0.5273,2.2706
87.5664,0.683,2.9353
87.5666,0.7126,3.0683
87.5668,0.5737,2.4727
87.5670,0.5663,2.4373
87.5672,0.6348,2.732
87.5674,0.6633,2.8561
87.5676,0.69,2.9713
87.5678,0.6746,2.902
87.5680,0.6591,2.8354
87.5682,0.6618,2.8473
87.5684,0.7224,3.1034
87.5686,0.7337,3.1548
87.5688,0.6636,2.8577
87.5690,0.673,2.8966
87.5692,0.7758,3.3264
87.5694,0.8606,3.6922
87.5696,0.871,3.7381
87.5698,0.8437,3.623
87.5700,0.7435,3.1971
87.5702,0.7401,3.1811
87.5704,0.8044,3.4606
87.5706,0.7847,3.3728
87.5708,0.7927,3.4053
87.5710,0.7813,3.3595
87.5712,0.7973,3.4301
87.5714,0.7309,3.1415
87.5716,0.7592,3.2692
87.5718,0.6821,2.9372
87.5720,0.6543,2.8135
87.5722,0.7502,3.2199
87.5724,0.9078,3.8925
87.5726,0.9552,4.0942
87.5728,0.952,4.0746
87.5730,0.9862,4.2287
87.5732,0.9604,4.1201
87.5734,0.8894,3.8156
87.5736,0.8333,3.5866
87.5738,0.7557,3.2527
87.5740,0.7398,3.1811
87.5742,0.7404,3.1851
87.5744,0.6833,2.9423
87.5746,0.6795,2.9245
87.5748,0.7294,3.1377
87.5750,0.721,3.103
87.5752,0.6827,2.9411
87.5754,0.6955,2.9936
87.5756,0.7501,3.2239
87.5758,0.8152,3.5005
87.5760,0.8297,3.5661
87.5762,0.7346,3.1633
87.5764,0.6813,2.9322
87.5766,0.6816,2.9337
87.5768,0.6696,2.8862
87.5770,0.6285,2.7089
87.5772,0.6272,2.702
87.5774,0.5686,2.4517
87.5776,0.53,2.2873
87.5778,0.5535,2.3843
87.5780,0.5779,2.492
87.5782,0.5115,2.2066
87.5784,0.5092,2.1968
87.5786,0.5626,2.4281
87.5788,0.5211,2.248
87.5790,0.4984,2.1522
87.5792,0.4979,2.1501
87.5794,0.4868,2.101
87.5796,0.5286,2.2763
87.5798,0.5328,2.2997
87.5800,0.4789,2.0659
87.5802,0.5115,2.2056
87.5804,0.5682,2.4501
87.5806,0.5858,2.5249
87.5808,0.5869,2.5296
87.5810,0.6053,2.6074
87.5812,0.631,2.716
87.5814,0.6686,2.8762
87.5816,0.6904,2.9714
87.5818,0.671,2.8878
87.5820,0.6767,2.9072
87.5822,0.7665,3.2945
87.5824,0.8142,3.498
87.5826,0.8477,3.6315
87.5828,0.8982,3.855
87.5830,0.8523,3.6579
87.5832,0.8678,3.723
87.5834,0.9494,4.0614
87.5836,1.0723,4.585
87.5838,1.1225,4.8043
87.5840,1.1073,4.7369
87.5842,1.1224,4.7971
87.5844,1.1091,4.7535
87.5846,0.9766,4.1896
87.5848,0.9662,4.1467
87.5850,0.9158,3.9269
87.5852,0.9455,4.0544
87.5854,0.965,4.1397
87.5856,0.9642,4.1347
87.5858,0.9803,4.2055
87.5860,0.959,4.112
87.5862,0.9681,4.1511
87.5864,0.9508,4.0809
87.5866,0.9464,4.0524
87.5868,1.0593,4.536
87.5870,1.1094,4.7506
87.5872,1.1244,4.808
87.5874,1.1341,4.8518
87.5876,1.1072,4.7431
87.5878,1.096,4.6953
87.5880,1.0925,4.6826
87.5882,1.1079,4.7506
87.5884,1.0337,4.4344
87.5886,0.9718,4.1709
87.5888,0.9241,3.9643
87.5890,0.9626,4.1332
87.5892,0.8942,3.838
87.5894,0.92,3.9486
87.5896,0.9262,3.9772
87.5898,0.9411,4.0448
87.5900,0.9255,3.976
87.5902,0.8228,3.5428
87.5904,0.7318,3.1509
87.5906,0.7657,3.294
87.5908,0.7704,3.3125
87.5910,0.7543,3.245
87.5912,0.7569,3.2609
87.5914,0.7499,3.2274
87.5916,0.7575,3.2604
87.5918,0.7584,3.264
87.5920,0.7407,3.1911
87.5922,0.6963,2.9981
87.5924,0.6907,2.9716
87.5926,0.6977,3.0071
87.5928,0.727,3.1288
87.5930,0.7746,3.3337
87.5932,0.7997,3.4373
87.5934,0.7822,3.3698
87.5936,0.7423,3.1993
87.5938,0.6804,2.934
87.5940,0.6254,2.6942
87.5942,0.6519,2.811
87.5944,0.6791,2.9256
87.5946,0.7675,3.3002
87.5948,0.7954,3.4219
87.5950,0.8002,3.4425
87.5952,0.7801,3.3559
87.5954,0.7791,3.3533
87.5956,0.7502,3.2274
87.5958,0.7334,3.1581
87.5960,0.6952,2.9948
87.5962,0.7007,3.013
87.5964,0.8521,3.6625
87.5966,0.8903,3.8246
87.5968,0.8668,3.7219
87.5970,0.7467,3.2214
87.5972,0.5989,2.5849
87.5974,0.5573,2.4031
87.5976,0.6304,2.7222
87.5978,0.5694,2.4553
87.5980,0.6177,2.6673
87.5982,0.5713,2.4636
87.5984,0.5963,2.5723
87.5986,0.5315,2.2972
87.5988,0.4854,2.0967
87.5990,0.4771,2.06
87.5992,0.4798,2.0739
87.5994,0.4798,2.072
87.5996,0.5296,2.2858
87.5998,0.5565,2.4006
87.6000,0.5529,2.3861
87.6002,0.5247,2.2656
87.6004,0.5493,2.3695
87.6006,0.5265,2.2702
87.6008,0.5855,2.5246
87.6010,0.6109,2.6366
87.6012,0.5784,2.4964
87.6014,0.5579,2.4068
87.6016,0.5689,2.4544
87.6018,0.5845,2.5216
87.6020,0.5688,2.4527
87.6022,0.564,2.4275
87.6024,0.6115,2.638
87.6026,0.5779,2.4955
87.6028,0.5815,2.504
87.6030,0.6687,2.8753
87.6032,0.8018,3.4476
87.6034,0.7876,3.3852
87.6036,0.755,3.2481
87.6038,0.7383,3.1778
87.6040,0.7055,3.0379
87.6042,0.6033,2.6052
87.6044,0.5542,2.3907
87.6046,0.6043,2.6021
87.6048,0.6334,2.7314
87.6050,0.5631,2.4279
87.6052,0.5518,2.3826
87.6054,0.5505,2.3758
87.6056,0.5711,2.4614
87.6058,0.63,2.7139
87.6060,0.6604,2.8424
87.6062,0.6959,2.9952
87.6064,0.7204,3.1019
87.6066,0.6762,2.9092
87.6068,0.64,2.7611
87.6070,0.5422,2.3358
87.6072,0.6286,2.7044
87.6074,0.6921,2.9814
87.6076,0.6198,2.6712
87.6078,0.6099,2.6276
87.6080,0.6086,2.6231
87.6082,0.6183,2.6613
87.6084,0.655,2.8231
87.6086,0.5994,2.5833
87.6088,0.6057,2.6059
87.6090,0.7055,3.0322
87.6092,0.7297,3.1421
87.6094,0.7124,3.065
87.6096,0.7314,3.1479
87.6098,0.7562,3.2532
87.6100,0.7395,3.1815
87.6102,0.72,3.096
87.6104,0.7346,3.1589
87.6106,0.7182,3.0955
87.6108,0.6435,2.7696
87.6110,0.673,2.8979
87.6112,0.7108,3.0577
87.6114,0.7302,3.1428
87.6116,0.7684,3.2966
87.6118,0.9381,4.0188
87.6120,0.9544,4.0944
87.6122,0.8856,3.8116
87.6124,0.7355,3.1625
87.6126,0.8054,3.4631
87.6128,0.7688,3.3043
87.6130,0.7856,3.3765
87.6132,0.834,3.5763
87.6134,0.9367,4.0183
87.6136,0.8518,3.666
87.6138,0.7571,3.2523
87.6140,0.8356,3.593
87.6142,0.7514,3.2326
87.6144,0.7437,3.2011
87.6146,0.7726,3.3193
87.6148,0.8301,3.5643
87.6150,0.8387,3.6081
87.6152,0.7717,3.3105
87.6154,0.8874,3.814
87.6156,0.8592,3.6929
87.6158,0.8832,3.7924
87.6160,0.8929,3.827
87.6162,0.9891,4.2292
87.6164,1.1826,5.052
87.6166,1.2007,5.1461
87.6168,1.0263,4.403
87.6170,1.0032,4.3017
87.6172,1.0653,4.5595
87.6174,1.1618,4.9773
87.6176,1.0937,4.6877
87.6178,1.0399,4.4528
87.6180,1.0974,4.7037
87.6182,1.0289,4.4097
87.6184,1.0124,4.3494
87.6186,0.9102,3.9119
87.6188,0.9039,3.8779
87.6190,0.9563,4.0969
87.6192,1.012,4.3413
87.6194,0.9639,4.135
87.6196,1.032,4.4251
87.6198,1.0563,4.538
87.6200,0.9696,4.1597
87.6202,0.9609,4.126
87.6204,0.9576,4.1121
87.6206,0.9537,4.0951
87.6208,0.8864,3.8063
87.6210,0.9473,4.0641
87.6212,0.9971,4.2755
87.6214,1.0524,4.5125
87.6216,1.0916,4.6676
87.6218,1.1737,5.0211
87.6220,1.1695,5.0078
87.6222,1.1281,4.8442
87.6224,0.9912,4.2523
87.6226,1.0347,4.4328
87.6228,1.0875,4.6675
87.6230,1.005,4.3235
87.6232,0.8774,3.7694
87.6234,0.9174,3.9446
87.6236,0.8817,3.7933
87.6238,0.8594,3.6922
87.6240,0.8452,3.6343
87.6242,0.8075,3.4691
87.6244,0.9106,3.9158
87.6246,0.8606,3.7025
87.6248,0.874,3.758
87.6250,0.866,3.7205
87.6252,0.9039,3.8833
87.6254,0.865,3.7193
87.6256,0.831,3.5784
87.6258,0.8068,3.4757
87.6260,0.7912,3.4054
87.6262,0.7846,3.3833
87.6264,0.7562,3.2547
87.6266,0.8385,3.6054
87.6268,0.8014,3.4461
87.6270,0.816,3.5073
87.6272,0.8563,3.6822
87.6274,0.8741,3.755
87.6276,0.9151,3.9367
87.6278,0.8586,3.6869
87.6280,0.9674,4.1558
87.6282,0.9805,4.2046
87.6284,0.968,4.1603
87.6286,0.877,3.7726
87.6288,0.7989,3.4448
87.6290,0.6443,2.7784
87.6292,0.6457,2.7841
87.6294,0.7319,3.15
87.6296,0.82,3.5211
87.6298,0.9252,3.9781
87.6300,0.7988,3.4411
87.6302,0.6948,2.9975
87.6304,0.6401,2.7616
87.6306,0.6358,2.7455
87.6308,0.6496,2.8012
87.6310,0.7506,3.235
87.6312,0.732,3.1563
87.6314,0.6949,2.9952
87.6316,0.6735,2.9054
87.6318,0.6419,2.7706
87.6320,0.5771,2.493
87.6322,0.559,2.4125
87.6324,0.5578,2.4051
87.6326,0.6507,2.8071
87.6328,0.6369,2.7489
87.6330,0.5658,2.442
87.6332,0.5577,2.4068
87.6334,0.5562,2.3973
87.6336,0.6084,2.6233
87.6338,0.6477,2.7955
87.6340,0.6096,2.6285
87.6342,0.6399,2.7606
87.6344,0.5985,2.5833
87.6346,0.63,2.7164
87.6348,0.6138,2.6466
87.6350,0.6411,2.7606
87.6352,0.7617,3.2769
87.6354,0.8254,3.5525
87.6356,0.7746,3.3321
87.6358,0.8015,3.4482
87.6360,0.7976,3.4328
87.6362,0.7429,3.2019
87.6364,0.6833,2.941
87.6366,0.7146,3.08
87.6368,0.6651,2.8679
87.6370,0.6578,2.8337
87.6372,0.6651,2.8692
87.6374,0.6539,2.8211
87.6376,0.6506,2.8027
87.6378,0.6573,2.829
87.6380,0.6577,2.8358
87.6382,0.6683,2.8805
87.6384,0.6656,2.8673
87.6386,0.7023,3.0197
87.6388,0.7858,3.3759
87.6390,0.8226,3.5406
87.6392,0.7823,3.3656
87.6394,0.7882,3.3956
87.6396,0.6552,2.8241
87.6398,0.6767,2.9152
87.6400,0.7136,3.0729
87.6402,0.6997,3.0144
87.6404,0.7269,3.1288
87.6406,0.7415,3.1897
87.6408,0.7779,3.3512
87.6410,0.6931,2.9874
87.6412,0.6019,2.5977
87.6414,0.4924,2.1273
87.6416,0.4959,2.1423
87.6418,0.5464,2.3603
87.6420,0.5357,2.3121
87.6422,0.5252,2.2666
87.6424,0.4999,2.1594
87.6426,0.4784,2.0667
87.6428,0.4894,2.1143
87.6430,0.4994,2.1563
87.6432,0.4795,2.0704
87.6434,0.4773,2.062
87.6436,0.4783,2.0642
87.6438,0.575,2.4784
87.6440,0.6279,2.7025
87.6442,0.6777,2.918
87.6444,0.6225,2.678
87.6446,0.6561,2.8264
87.6448,0.6184,2.6667
87.6450,0.6184,2.6679
87.6452,0.6073,2.6186
87.6454,0.6027,2.599
87.6456,0.6274,2.7055
87.6458,0.6273,2.7037
87.6460,0.6374,2.7433
87.6462,0.6796,2.9263
87.6464,0.7365,3.1656
87.6466,0.7761,3.3434
87.6468,0.6927,2.9853
87.6470,0.6747,2.9051
87.6472,0.704,3.026
87.6474,0.7816,3.3578
87.6476,0.8316,3.5693
87.6478,0.8597,3.7
87.6480,0.6983,3.004
87.6482,0.7942,3.4071
87.6484,0.9083,3.8986
87.6486,0.9353,4.0125
87.6488,0.9926,4.2505
87.6490,1.0158,4.3557
87.6492,1.0026,4.2871
87.6494,1.1521,4.9218
87.6496,1.2539,5.3591
87.6498,1.2206,5.2265
87.6500,1.117,4.7784
87.6502,1.1683,5.0026
87.6504,1.1519,4.9323
87.6506,1.1463,4.9064
87.6508,1.1563,4.9351
87.6510,1.275,5.4493
87.6512,1.1622,4.9811
87.6514,1.0663,4.5678
87.6516,1.1079,4.7483
87.6518,1.1022,4.7241
87.6520,1.1013,4.72
87.6522,1.0029,4.3047
87.6524,0.9822,4.2176
87.6526,0.8995,3.8695
87.6528,0.8279,3.5649
87.6530,0.8238,3.5424
87.6532,0.8972,3.8508
87.6534,0.9941,4.2646
87.6536,0.9911,4.2557
87.6538,0.9453,4.0552
87.6540,1.022,4.3865
87.6542,1.0266,4.3978
87.6544,1.044,4.4848
87.6546,0.9651,4.142
87.6548,1.0088,4.3299
87.6550,0.9414,4.0425
87.6552,0.9287,3.9861
87.6554,0.9476,4.0669
87.6556,0.9766,4.1953
87.6558,0.9641,4.1456
87.6560,0.9036,3.8889
87.6562,0.8492,3.6551
87.6564,0.7635,3.2877
87.6566,0.7941,3.4162
87.6568,0.773,3.3346
87.6570,0.6275,2.7097
87.6572,0.5644,2.4369
87.6574,0.5596,2.4173
87.6576,0.5442,2.3521
87.6578,0.5319,2.2955
87.6580,0.5863,2.527
87.6582,0.661,2.8502
87.6584,0.6663,2.873
87.6586,0.6879,2.9605
87.6588,0.7236,3.1187
87.6590,0.6725,2.9025
87.6592,0.6524,2.8143
87.6594,0.67,2.885
87.6596,0.7441,3.2026
87.6598,0.7367,3.1779
87.6600,0.581,2.5135
87.6602,0.4517,1.9521
87.6604,0.4692,2.0249
87.6606,0.5551,2.4015
87.6608,0.494,2.136
87.6610,0.4928,2.1278
87.6612,0.502,2.1697
87.6614,0.4893,2.1148
87.6616,0.4881,2.1086
87.6618,0.4887,2.1122
87.6620,0.4893,2.1128
87.6622,0.5041,2.1755
87.6624,0.5411,2.3386
87.6626,0.4867,2.1024
87.6628,0.4858,2.0997
87.6630,0.4891,2.1137
87.6632,0.4895,2.1148
87.6634,0.4827,2.0853
87.6636,0.4921,2.1247
87.6638,0.5217,2.2526
87.6640,0.4756,2.0557
87.6642,0.4885,2.1092
87.6644,0.5033,2.1754
87.6646,0.5452,2.353
87.6648,0.5389,2.3272
87.6650,0.4742,2.0476
87.6652,0.4674,2.0171
87.6654,0.4677,2.0196
87.6656,0.4815,2.0801
87.6658,0.5031,2.1724
87.6660,0.5123,2.2102
87.6662,0.5778,2.4891
87.6664,0.7122,3.0653
87.6666,0.7309,3.1414
87.6668,0.7327,3.1521
87.6670,0.7389,3.1804
87.6672,0.7483,3.2161
87.6674,0.7552,3.2475
87.6676,0.7519,3.2376
87.6678,0.7497,3.2238
87.6680,0.8049,3.4545
87.6682,0.9055,3.8845
87.6684,0.9219,3.9605
87.6686,0.9052,3.8834
87.6688,0.9147,3.9296
87.6690,0.8287,3.5685
87.6692,0.7593,3.2651
87.6694,0.7781,3.346
87.6696,0.8341,3.5818
87.6698,0.8949,3.841
87.6700,0.8954,3.8413
87.6702,0.8545,3.671
87.6704,0.8329,3.5766
87.6706,0.9549,4.0983
87.6708,0.9417,4.0473
87.6710,0.7725,3.3187
87.6712,0.8892,3.8145
87.6714,0.9334,4.0062
87.6716,0.9097,3.9007
87.6718,0.9491,4.0755
87.6720,0.9521,4.0865
87.6722,0.9412,4.0453
87.6724,0.8153,3.5075
87.6726,0.7097,3.0587
87.6728,0.658,2.8373
87.6730,0.6683,2.8778
87.6732,0.6731,2.8997
87.6734,0.6624,2.8525
87.6736,0.763,3.2841
87.6738,0.7229,3.1141
87.6740,0.712,3.0643
87.6742,0.7156,3.0826
87.6744,0.6971,2.9989
87.6746,0.7443,3.2036
87.6748,0.7323,3.1549
87.6750,0.6991,3.0132
87.6752,0.6521,2.8107
87.6754,0.6296,2.711
87.6756,0.6973,3.0041
87.6758,0.6838,2.9457
87.6760,0.7042,3.0321
87.6762,0.6958,2.9946
87.6764,0.7105,3.0566
87.6766,0.7356,3.1659
87.6768,0.7003,3.0156
87.6770,0.722,3.1076
87.6772,0.7412,3.1917
87.6774,0.6841,2.9473
87.6776,0.6803,2.9307
87.6778,0.6736,2.9032
87.6780,0.6733,2.9008
87.6782,0.6692,2.88
87.6784,0.6699,2.8858
87.6786,0.691,2.9767
87.6788,0.6901,2.9731
87.6790,0.6876,2.9595
87.6792,0.6834,2.9428
87.6794,0.6933,2.9865
87.6796,0.6863,2.9552
87.6798,0.6936,2.9867
87.6800,0.696,2.9942
87.6802,0.7332,3.1541
87.6804,0.7574,3.2568
87.6806,0.7783,3.3465
87.6808,0.7624,3.2815
87.6810,0.8074,3.4686
87.6812,0.8297,3.5594
87.6814,0.9593,4.1116
87.6816,0.9779,4.1951
87.6818,0.9374,4.0213
87.6820,0.9485,4.0672
87.6822,0.9635,4.1257
87.6824,1.0967,4.6851
87.6826,1.2075,5.1608
87.6828,1.1935,5.1056
87.6830,1.1948,5.1089
87.6832,1.1846,5.0724
87.6834,1.179,5.0436
87.6836,1.2107,5.1844
87.6838,1.1378,4.8699
87.6840,1.1823,5.0579
87.6842,1.1733,5.0242
87.6844,1.0636,4.5629
87.6846,1.0038,4.3002
87.6848,1.1007,4.7219
87.6850,1.0682,4.5739
87.6852,1.1473,4.9151
87.6854,1.161,4.9759
87.6856,1.1025,4.7252
87.6858,1.0505,4.5005
87.6860,1.0604,4.549
87.6862,1.0044,4.3068
87.6864,1.1163,4.7776
87.6866,1.2013,5.1438
87.6868,1.1419,4.8897
87.6870,1.1353,4.8614
87.6872,1.1286,4.8349
87.6874,1.0968,4.7054
87.6876,1.108,4.7488
87.6878,1.1619,4.9777
87.6880,1.1315,4.845
87.6882,1.1278,4.8336
87.6884,1.145,4.9053
87.6886,1.1881,5.0873
87.6888,1.1623,4.9793
87.6890,1.1071,4.7629
87.6892,0.9382,4.0361
87.6894,0.8919,3.8388
87.6896,0.8215,3.5343
87.6898,0.8028,3.457
87.6900,0.8111,3.4926
87.6902,0.8039,3.4568
87.6904,0.8853,3.8051
87.6906,0.9099,3.9144
87.6908,0.8904,3.8321
87.6910,0.8548,3.6806
87.6912,0.8289,3.5641
87.6914,0.8913,3.8309
87.6916,0.9008,3.8698
87.6918,0.9423,4.0424
87.6920,0.9886,4.2429
87.6922,0.9802,4.2128
87.6924,0.9507,4.0841
87.6926,0.949,4.0769
87.6928,0.9563,4.1102
87.6930,0.8929,3.8447
87.6932,0.7456,3.2167
87.6934,0.6284,2.7134
87.6936,0.6153,2.6582
87.6938,0.6361,2.744
87.6940,0.6901,2.9772
87.6942,0.678,2.9291
87.6944,0.617,2.663
87.6946,0.6052,2.6134
87.6948,0.6194,2.6733
87.6950,0.65,2.804
87.6952,0.6843,2.9519
87.6954,0.688,2.9665
87.6956,0.6733,2.9075
87.6958,0.6033,2.6064
87.6960,0.5865,2.5339
87.6962,0.5995,2.5874
87.6964,0.6046,2.6121
87.6966,0.5861,2.5283
87.6968,0.5142,2.2246
87.6970,0.5358,2.3137
87.6972,0.57,2.4601
87.6974,0.5604,2.4209
87.6976,0.554,2.3935
87.6978,0.5527,2.3856
87.6980,0.5536,2.3881
87.6982,0.5641,2.4314
87.6984,0.6994,3.0129
87.6986,0.7181,3.1021
87.6988,0.5825,2.5151
87.6990,0.5656,2.441
87.6992,0.6199,2.6717
87.6994,0.6765,2.9156
87.6996,0.7037,3.0329
87.6998,0.69,2.974
87.7000,0.6817,2.9369
87.7002,0.6838,2.9485
87.7004,0.6771,2.9195
87.7006,0.6814,2.9381
87.7008,0.701,3.0145
87.7010,0.8506,3.654
87.7012,0.9062,3.9002
87.7014,0.8067,3.4703
87.7016,0.8061,3.471
87.7018,0.7862,3.3884
87.7020,0.6973,3.0055
87.7022,0.6707,2.8934
87.7024,0.7076,3.0499
87.7026,0.6941,2.9915
87.7028,0.6578,2.8349
87.7030,0.6584,2.8375
87.7032,0.6636,2.8576
87.7034,0.7031,3.0303
87.7036,0.6634,2.8645
87.7038,0.6537,2.8187
87.7040,0.6684,2.8796
87.7042,0.676,2.9108
87.7044,0.6762,2.9145
87.7046,0.6868,2.9586
87.7048,0.7142,3.0712
87.7050,0.8016,3.4422
87.7052,0.8751,3.7666
87.7054,0.8369,3.602
87.7056,0.7454,3.2142
87.7058,0.6621,2.8536
87.7060,0.702,3.0242
87.7062,0.7196,3.0958
87.7064,0.7575,3.2619
87.7066,0.796,3.4276
87.7068,0.7718,3.3248
87.7070,0.7434,3.1965
87.7072,0.7408,3.1931
87.7074,0.6567,2.8303
87.7076,0.648,2.7944
87.7078,0.6864,2.9571
87.7080,0.7255,3.1226
87.7082,0.7568,3.2557
87.7084,0.7673,3.3057
87.7086,0.7301,3.1451
87.7088,0.7221,3.1124
87.7090,0.6644,2.866
87.7092,0.5879,2.5384
87.7094,0.612,2.6351
87.7096,0.7237,3.1105
87.7098,0.7677,3.3073
87.7100,0.6837,2.9493
87.7102,0.659,2.8401
87.7104,0.6739,2.9034
87.7106,0.6139,2.6495
87.7108,0.6116,2.6384
87.7110,0.6165,2.6535
87.7112,0.6457,2.7815
87.7114,0.6419,2.7655
87.7116,0.6772,2.92
87.7118,0.6705,2.8911
87.7120,0.6395,2.7577
87.7122,0.6098,2.6319
87.7124,0.5671,2.4465
87.7126,0.6016,2.5931
87.7128,0.6289,2.7117
87.7130,0.5725,2.471
87.7132,0.6121,2.6417
87.7134,0.5784,2.494
87.7136,0.6506,2.8039
87.7138,0.6121,2.6405
87.7140,0.5882,2.5341
87.7142,0.6862,2.9519
87.7144,0.7321,3.148
87.7146,0.749,3.2252
87.7148,0.7498,3.2258
87.7150,0.826,3.5501
87.7152,0.8242,3.544
87.7154,0.7914,3.4048
87.7156,0.8141,3.4958
87.7158,0.8839,3.7937
87.7160,0.9432,4.0465
87.7162,0.99,4.2471
87.7164,0.972,4.1719
87.7166,0.9739,4.1821
87.7168,0.9742,4.1831
87.7170,0.9435,4.0475
87.7172,0.9513,4.0791
87.7174,1.0013,4.2914
87.7176,0.9724,4.1754
87.7178,0.9213,3.9616
87.7180,0.8863,3.8075
87.7182,0.8876,3.8149
87.7184,0.8826,3.7951
87.7186,0.885,3.8001
87.7188,0.9019,3.869
87.7190,0.9201,3.9509
87.7192,0.9124,3.9179
87.7194,0.8988,3.8593
87.7196,0.899,3.8621
87.7198,0.9018,3.8811
87.7200,0.843,3.6232
87.7202,0.897,3.8515
87.7204,0.8485,3.6554
87.7206,0.7218,3.1123
87.7208,0.696,2.9956
87.7210,0.7724,3.3212
87.7212,0.8721,3.7554
87.7214,0.7783,3.3527
87.7216,0.6494,2.8014
87.7218,0.6222,2.684
87.7220,0.6495,2.798
87.7222,0.6844,2.951
87.7224,0.544,2.3489
87.7226,0.5014,2.1641
87.7228,0.5967,2.5731
87.7230,0.6558,2.8254
87.7232,0.7207,3.1005
87.7234,0.7134,3.0747
87.7236,0.6791,2.9229
87.7238,0.7022,3.0225
87.7240,0.6645,2.8665
87.7242,0.544,2.3511
87.7244,0.503,2.1728
87.7246,0.4996,2.1563
87.7248,0.4978,2.1486
87.7250,0.5652,2.436
87.7252,0.6852,2.9492
87.7254,0.6835,2.9433
87.7256,0.6997,3.0088
87.7258,0.7648,3.2949
87.7260,0.6918,2.9845
87.7262,0.6548,2.822
87.7264,0.6231,2.6869
87.7266,0.6194,2.6708
87.7268,0.6651,2.8651
87.7270,0.6949,2.991
87.7272,0.6877,2.9655
87.7274,0.5885,2.541
87.7276,0.5476,2.3644
87.7278,0.544,2.3456
87.7280,0.5965,2.5697
87.7282,0.6506,2.8052
87.7284,0.6546,2.8215
87.7286,0.6074,2.6216
87.7288,0.5576,2.4057
87.7290,0.5748,2.4785
87.7292,0.591,2.5447
87.7294,0.7154,3.0821
87.7296,0.5921,2.5577
87.7298,0.4774,2.0625
87.7300,0.4742,2.0457
87.7302,0.4768,2.058
87.7304,0.4702,2.0296
87.7306,0.5146,2.221
87.7308,0.5425,2.3394
87.7310,0.5598,2.4139
87.7312,0.5636,2.4315
87.7314,0.5598,2.4128
87.7316,0.5524,2.384
87.7318,0.4666,2.015
87.7320,0.5255,2.2671
87.7322,0.5621,2.4248
87.7324,0.5723,2.4688
87.7326,0.5537,2.3886
87.7328,0.5533,2.3871
87.7330,0.5599,2.4144
87.7332,0.5527,2.3845
87.7334,0.5574,2.4024
87.7336,0.5798,2.4979
87.7338,0.6394,2.752
87.7340,0.6831,2.9385
87.7342,0.6821,2.9358
87.7344,0.7172,3.087
87.7346,0.7075,3.0466
87.7348,0.6369,2.7425
87.7350,0.6767,2.9112
87.7352,0.6566,2.8285
87.7354,0.5847,2.5226
87.7356,0.5415,2.3348
87.7358,0.5373,2.3178
87.7360,0.5337,2.3022
87.7362,0.5307,2.2893
87.7364,0.5333,2.2996
87.7366,0.5363,2.3115
87.7368,0.5597,2.4122
87.7370,0.6223,2.682
87.7372,0.5442,2.3478
87.7374,0.5175,2.2314
87.7376,0.5568,2.401
87.7378,0.5898,2.5419
87.7380,0.5948,2.5613
87.7382,0.6124,2.6347
87.7384,0.6879,2.9619
87.7386,0.6293,2.71
87.7388,0.5728,2.4709
87.7390,0.5204,2.2459
87.7392,0.5327,2.296
87.7394,0.5255,2.266
87.7396,0.5153,2.2231
87.7398,0.5126,2.2112
87.7400,0.5448,2.3493
87.7402,0.54,2.3275
87.7404,0.5781,2.493
87.7406,0.5425,2.3394
87.7408,0.5074,2.189
87.7410,0.5341,2.3064
87.7412,0.4399,1.9004
87.7414,0.3927,1.6955
87.7416,0.3903,1.6852
87.7418,0.4031,1.7406
87.7420,0.4193,1.8105
87.7422,0.3966,1.711
87.7424,0.4834,2.0836
87.7426,0.4911,2.1186
87.7428,0.4861,2.0979
87.7430,0.488,2.1032
87.7432,0.519,2.2371
87.7434,0.4807,2.0736
87.7436,0.4846,2.0887
87.7438,0.5118,2.2071
87.7440,0.4954,2.1362
87.7442,0.5018,2.1616
87.7444,0.5363,2.3147
87.7446,0.4806,2.0731
87.7448,0.4798,2.069
87.7450,0.5146,2.2159
87.7452,0.5436,2.3419
87.7454,0.5796,2.4934
87.7456,0.6715,2.889
87.7458,0.6514,2.8023
87.7460,0.6168,2.6558
87.7462,0.6151,2.6473
87.7464,0.6445,2.7711
87.7466,0.6754,2.9015
87.7468,0.7673,3.2965
87.7470,0.7748,3.3238
87.7472,0.7821,3.3599
87.7474,0.7703,3.3063
87.7476,0.8331,3.5738
87.7478,0.8543,3.67
87.7480,0.8432,3.6209
87.7482,0.8466,3.6336
87.7484,0.8284,3.5454
87.7486,0.9647,4.1289
87.7488,1.0207,4.3706
87.7490,1.0103,4.328
87.7492,0.9938,4.2576
87.7494,0.997,4.269
87.7496,1.029,4.4101
87.7498,1.027,4.3978
87.7500,1.0774,4.6048
87.7502,1.1463,4.8995
87.7504,1.1201,4.7917
87.7506,1.1332,4.8454
87.7508,1.1515,4.9284
87.7510,1.1104,4.7569
87.7512,0.993,4.256
87.7514,0.9609,4.1221
87.7516,0.8803,3.7747
87.7518,0.8967,3.8487
87.7520,0.904,3.8801
87.7522,0.8998,3.8603
87.7524,0.9008,3.868
87.7526,0.8961,3.8497
87.7528,0.9121,3.9128
87.7530,0.9226,3.9543
87.7532,0.8703,3.739
87.7534,0.795,3.4171
87.7536,0.8275,3.5568
87.7538,0.8316,3.5693
87.7540,0.878,3.7719
87.7542,0.8895,3.8214
87.7544,0.8792,3.7753
87.7546,0.8355,3.5874
87.7548,0.8139,3.498
87.7550,0.8233,3.5387
87.7552,0.7757,3.345
87.7554,0.6287,2.7074
87.7556,0.7202,3.097
87.7558,0.7311,3.1468
87.7560,0.7471,3.214
87.7562,0.7339,3.1587
87.7564,0.6873,2.9579
87.7566,0.697,2.997
87.7568,0.7328,3.1526
87.7570,0.7277,3.1319
87.7572,0.7193,3.0972
87.7574,0.6941,2.9901
87.7576,0.714,3.0745
87.7578,0.7281,3.131
87.7580,0.754,3.2439
87.7582,0.668,2.8789
87.7584,0.5963,2.5699
87.7586,0.6416,2.7678
87.7588,0.5849,2.5208
87.7590,0.562,2.4232
87.7592,0.5564,2.4005
87.7594,0.5701,2.4572
87.7596,0.5758,2.4815
87.7598,0.5807,2.5027
87.7600,0.6334,2.7262
87.7602,0.6441,2.7773
87.7604,0.5183,2.2381
87.7606,0.4977,2.1501
87.7608,0.5186,2.236
87.7610,0.5435,2.3436
87.7612,0.5652,2.4304
87.7614,0.7326,3.1501
87.7616,0.7554,3.2511
87.7618,0.6132,2.6452
87.7620,0.5359,2.3131
87.7622,0.5244,2.2645
87.7624,0.5194,2.2407
87.7626,0.5192,2.2386
87.7628,0.5272,2.2733
87.7630,0.5447,2.3476
87.7632,0.5389,2.325
87.7634,0.5148,2.22
87.7636,0.5317,2.2918
87.7638,0.5496,2.3699
87.7640,0.5316,2.2934
87.7642,0.5177,2.2334
87.7644,0.514,2.2143
87.7646,0.6099,2.6251
87.7648,0.7022,3.0253
87.7650,0.621,2.6763
87.7652,0.5905,2.5427
87.7654,0.6423,2.767
87.7656,0.6586,2.8346
87.7658,0.6599,2.8403
87.7660,0.6769,2.9109
87.7662,0.7532,3.2388
87.7664,0.7494,3.2238
87.7666,0.6888,2.9619
87.7668,0.7114,3.0574
87.7670,0.7786,3.3465
87.7672,0.7964,3.4228
87.7674,0.7455,3.2087
87.7676,0.726,3.1232
87.7678,0.7483,3.2131
87.7680,0.8044,3.4541
87.7682,0.7943,3.414
87.7684,0.7855,3.3774
87.7686,0.7578,3.2644
87.7688,0.6985,3.0023
87.7690,0.7531,3.2367
87.7692,0.7582,3.2574
87.7694,0.8411,3.6099
87.7696,0.9105,3.9024
87.7698,0.9399,4.0283
87.7700,0.9504,4.0736
87.7702,0.897,3.8551
87.7704,0.8118,3.4941
87.7706,0.7302,3.1398
87.7708,0.767,3.2934
87.7710,0.8172,3.5157
87.7712,0.792,3.401
87.7714,0.8178,3.5166
87.7716,0.7353,3.1649
87.7718,0.6992,3.0138
87.7720,0.6224,2.6825
87.7722,0.5927,2.552
87.7724,0.6479,2.7887
87.7726,0.672,2.8938
87.7728,0.7066,3.0396
87.7730,0.7322,3.15
87.7732,0.7105,3.0566
87.7734,0.6781,2.916
87.7736,0.7097,3.0587
87.7738,0.6116,2.636
87.7740,0.5901,2.5447
87.7742,0.5889,2.5383
87.7744,0.6162,2.6556
87.7746,0.5433,2.3458
87.7748,0.4859,2.0983
87.7750,0.4957,2.1393
87.7752,0.4945,2.1351
87.7754,0.5009,2.158
87.7756,0.6231,2.6831
87.7758,0.6186,2.661
87.7760,0.6343,2.7324
87.7762,0.6039,2.6041
87.7764,0.5634,2.4283
87.7766,0.5592,2.4124
87.7768,0.5072,2.1889
87.7770,0.503,2.1718
87.7772,0.5017,2.1611
87.7774,0.5567,2.4015
87.7776,0.5013,2.1646
87.7778,0.5135,2.2133
87.7780,0.5499,2.3721
87.7782,0.4892,2.1103
87.7784,0.4809,2.0756
87.7786,0.4802,2.0735
87.7788,0.4813,2.0762
87.7790,0.4839,2.0866
87.7792,0.4849,2.0917
87.7794,0.5024,2.1662
87.7796,0.5369,2.3119
87.7798,0.5913,2.5451
87.7800,0.6338,2.7303
87.7802,0.5835,2.5116
87.7804,0.5973,2.5697
87.7806,0.6997,3.0074
87.7808,0.761,3.2753
87.7810,0.7136,3.0672
87.7812,0.7406,3.1817
87.7814,0.7936,3.4093
87.7816,0.7946,3.4087
87.7818,0.9353,4.0069
87.7820,0.9805,4.2025
87.7822,0.9778,4.1907
87.7824,0.9719,4.1597
87.7826,0.9845,4.2175
87.7828,0.9682,4.1535
87.7830,0.9623,4.1264
87.7832,0.9044,3.8762
87.7834,0.949,4.0674
87.7836,0.995,4.2687
87.7838,0.9563,4.1006
87.7840,0.9434,4.0413
87.7842,0.9755,4.179
87.7844,0.9718,4.165
87.7846,0.9703,4.1608
87.7848,1.0103,4.3259
87.7850,1.0446,4.4728
87.7852,1.0712,4.5825
87.7854,1.0675,4.5751
87.7856,1.0588,4.536
87.7858,1.0487,4.4907
87.7860,1.0653,4.5616
87.7862,0.9943,4.2596
87.7864,1.0101,4.3355
87.7866,0.9187,3.9447
87.7868,0.8731,3.7508
87.7870,0.8257,3.549
87.7872,0.8724,3.7442
87.7874,0.9013,3.8719
87.7876,0.8219,3.5358
87.7878,0.7678,3.3032
87.7880,0.7865,3.3852
87.7882,0.7754,3.331
87.7884,0.7838,3.3734
87.7886,0.7645,3.2918
87.7888,0.7353,3.159
87.7890,0.8027,3.4469
87.7892,0.8049,3.461
87.7894,0.782,3.3625
87.7896,0.7983,3.4326
87.7898,0.8039,3.4585
87.7900,0.7438,3.203
87.7902,0.7278,3.1353
87.7904,0.6464,2.7846
87.7906,0.6802,2.9275
87.7908,0.6739,2.8966
87.7910,0.7724,3.3228
87.7912,0.7678,3.3078
87.7914,0.715,3.0743
87.7916,0.7922,3.4063
87.7918,0.7965,3.4249
87.7920,0.7673,3.3042
87.7922,0.6876,2.9664
87.7924,0.563,2.4312
87.7926,0.5367,2.3141
87.7928,0.6028,2.5983
87.7930,0.629,2.716
87.7932,0.5347,2.3069
87.7934,0.5321,2.2966
87.7936,0.5359,2.3131
87.7938,0.5276,2.2759
87.7940,0.5352,2.3079
87.7942,0.5425,2.3394
87.7944,0.6367,2.7402
87.7946,0.6832,2.9445
87.7948,0.6123,2.6415
87.7950,0.5515,2.3782
87.7952,0.5617,2.421
87.7954,0.5783,2.4935
87.7956,0.5097,2.2008
87.7958,0.4683,2.0222
87.7960,0.4623,1.9963
87.7962,0.5003,2.1614
87.7964,0.4803,2.0721
87.7966,0.5054,2.1822
87.7968,0.4603,1.9875
87.7970,0.4544,1.9631
87.7972,0.4532,1.9552
87.7974,0.4927,2.1263
87.7976,0.4553,1.9649
87.7978,0.4555,1.9686
87.7980,0.4523,1.9556
87.7982,0.4845,2.0882
87.7984,0.5386,2.3213
87.7986,0.557,2.402
87.7988,0.5576,2.4035
87.7990,0.5435,2.3436
87.7992,0.5548,2.3911
87.7994,0.5564,2.3972
87.7996,0.5575,2.4029
87.7998,0.5859,2.5254
87.8000,0.5746,2.4786
87.8002,0.573,2.4685
87.8004,0.6488,2.7871
87.8006,0.7839,3.3676
87.8008,0.7532,3.2373
87.8010,0.7723,3.3161
87.8012,0.7783,3.3527
87.8014,0.5955,2.5668
87.8016,0.5903,2.5452
87.8018,0.5591,2.4119
87.8020,0.5246,2.2629
87.8022,0.5314,2.2903
87.8024,0.531,2.2909
87.8026,0.5612,2.419
87.8028,0.5401,2.3291
87.8030,0.5243,2.2608
87.8032,0.5454,2.3518
87.8034,0.5437,2.3446
87.8036,0.5431,2.3431
87.8038,0.5268,2.2706
87.8040,0.5238,2.2567
87.8042,0.5784,2.4894
87.8044,0.6121,2.6319
87.8046,0.7116,3.0542
87.8048,0.7612,3.2794
87.8050,0.6163,2.6561
87.8052,0.5797,2.4962
87.8054,0.6026,2.5972
87.8056,0.6022,2.5945
87.8058,0.6102,2.6261
87.8060,0.6742,2.8963
87.8062,0.6761,2.91
87.8064,0.6471,2.7851
87.8066,0.6666,2.8705
87.8068,0.6211,2.6768
87.8070,0.5911,2.5453
87.8072,0.6374,2.7445
87.8074,0.6507,2.8019
87.8076,0.6307,2.7156
87.8078,0.623,2.6764
87.8080,0.6869,2.9578
87.8082,0.6413,2.7629
87.8084,0.615,2.6468
87.8086,0.6463,2.7789
87.8088,0.7092,3.0495
87.8090,0.726,3.1246
87.8092,0.5558,2.3968
87.8094,0.4964,2.1404
87.8096,0.5165,2.2252
87.8098,0.5965,2.5673
87.8100,0.672,2.8938
87.8102,0.6284,2.7046
87.8104,0.5923,2.5552
87.8106,0.5091,2.1962
87.8108,0.5054,2.1781
87.8110,0.5017,2.1621
87.8112,0.5159,2.2205
87.8114,0.5832,2.5089
87.8116,0.6247,2.6898
87.8118,0.6413,2.7642
87.8120,0.5792,2.4942
87.8122,0.6004,2.5891
87.8124,0.5184,2.2365
87.8126,0.5138,2.2143
87.8128,0.5519,2.3787
87.8130,0.5819,2.5055
87.8132,0.6265,2.6976
87.8134,0.5792,2.4953
87.8136,0.6338,2.7253
87.8138,0.7133,3.0628
87.8140,0.7538,3.2368
87.8142,0.8261,3.544
87.8144,0.8569,3.6744
87.8146,0.875,3.7521
87.8148,0.8717,3.7412
87.8150,0.8719,3.7404
87.8152,0.9148,3.9191
87.8154,0.9613,4.1165
87.8156,0.9762,4.1801
87.8158,0.98,4.2024
87.8160,0.9723,4.1651
87.8162,0.977,4.1857
87.8164,0.9684,4.1564
87.8166,0.923,3.9559
87.8168,0.9737,4.1713
87.8170,0.984,4.2233
87.8172,0.8991,3.8554
87.8174,0.8822,3.79
87.8176,0.8223,3.5324
87.8178,0.8068,3.4644
87.8180,0.8098,3.4821
87.8182,0.8187,3.5186
87.8184,0.8334,3.5787
87.8186,0.8305,3.5647
87.8188,0.8551,3.6667
87.8190,0.8821,3.7895
87.8192,0.8221,3.5336
87.8194,0.7926,3.41
87.8196,0.773,3.3207
87.8198,0.7948,3.4161
87.8200,0.8087,3.4758
87.8202,0.8117,3.4855
87.8204,0.8616,3.6979
87.8206,0.8507,3.6562
87.8208,0.791,3.3996
87.8210,0.8151,3.5097
87.8212,0.7305,3.1428
87.8214,0.7141,3.0678
87.8216,0.757,3.2598
87.8218,0.6309,2.7192
87.8220,0.618,2.6609
87.8222,0.6437,2.7719
87.8224,0.7111,3.0606
87.8226,0.6789,2.9245
87.8228,0.6454,2.7804
87.8230,0.6292,2.7107
87.8232,0.5946,2.5626
87.8234,0.5972,2.574
87.8236,0.5823,2.5099
87.8238,0.5696,2.4529
87.8240,0.6346,2.7327
87.8242,0.7182,3.0896
87.8244,0.7202,3.0984
87.8246,0.7162,3.0794
87.8248,0.7527,3.2382
87.8250,0.7099,3.0555
87.8252,0.6784,2.9198
87.8254,0.7253,3.1157
87.8256,0.7765,3.3403
87.8258,0.7452,3.2072
87.8260,0.7339,3.1572
87.8262,0.7256,3.1187
87.8264,0.7507,3.2264
87.8266,0.7027,3.0245
87.8268,0.6696,2.8821
87.8270,0.6796,2.9263
87.8272,0.6777,2.9194
87.8274,0.6925,2.9765
87.8276,0.7599,3.2676
87.8278,0.7112,3.0612
87.8280,0.7151,3.0777
87.8282,0.6832,2.9418
87.8284,0.6196,2.6681
87.8286,0.6333,2.7295
87.8288,0.6344,2.7342
87.8290,0.6591,2.8393
87.8292,0.6703,2.8812
87.8294,0.7328,3.157
87.8296,0.6292,2.7145
87.8298,0.5708,2.4603
87.8300,0.5574,2.4013
87.8302,0.5567,2.4004
87.8304,0.5587,2.4059
87.8306,0.6748,2.9029
87.8308,0.7056,3.0369
87.8310,0.6706,2.8849
87.8312,0.6675,2.8741
87.8314,0.6682,2.8799
87.8316,0.5924,2.5521
87.8318,0.5671,2.4454
87.8320,0.5729,2.4714
87.8322,0.5662,2.4424
87.8324,0.5965,2.5625
87.8326,0.7358,3.1625
87.8328,0.7977,3.4284
87.8330,0.6962,2.9967
87.8332,0.6238,2.6862
87.8334,0.6236,2.6877
87.8336,0.6183,2.6662
87.8338,0.6329,2.7204
87.8340,0.7666,3.2919
87.8342,0.756,3.2521
87.8344,0.658,2.8347
87.8346,0.6202,2.672
87.8348,0.6122,2.6349
87.8350,0.6106,2.6294
87.8352,0.6165,2.6572
87.8354,0.6142,2.6474
87.8356,0.6079,2.6188
87.8358,0.6105,2.6289
87.8360,0.6132,2.6427
87.8362,0.6163,2.6537
87.8364,0.6216,2.6739
87.8366,0.658,2.8386
87.8368,0.5608,2.4191
87.8370,0.5754,2.4765
87.8372,0.7317,3.145
87.8374,0.7515,3.2345
87.8376,0.6943,2.9856
87.8378,0.6924,2.9788
87.8380,0.6657,2.8664
87.8382,0.5877,2.5332
87.8384,0.5427,2.3421
87.8386,0.5307,2.2861
87.8388,0.6132,2.639
87.8390,0.6315,2.723
87.8392,0.5837,2.5144
87.8394,0.6177,2.6586
87.8396,0.602,2.5935
87.8398,0.5834,2.5122
87.8400,0.6494,2.7936
87.8402,0.6827,2.9411
87.8404,0.6241,2.6897
87.8406,0.6168,2.6545
87.8408,0.6406,2.7598
87.8410,0.6025,2.5955
87.8412,0.6085,2.6189
87.8414,0.6826,2.9365
87.8416,0.6425,2.768
87.8418,0.5833,2.5152
87.8420,0.5941,2.5605
87.8422,0.5899,2.5413
87.8424,0.6075,2.6148
87.8426,0.6296,2.7173
87.8428,0.5313,2.2887
87.8430,0.5633,2.4289
87.8432,0.4933,2.1299
87.8434,0.4765,2.0574
87.8436,0.4719,2.0359
87.8438,0.4708,2.0312
87.8440,0.478,2.0632
87.8442,0.4882,2.1052
87.8444,0.5152,2.2226
87.8446,0.5097,2.1978
87.8448,0.5568,2.3954
87.8450,0.5989,2.5776
87.8452,0.6063,2.612
87.8454,0.6094,2.6279
87.8456,0.6042,2.5991
87.8458,0.6063,2.6108
87.8460,0.5888,2.5378
87.8462,0.5973,2.5709
87.8464,0.6068,2.6129
87.8466,0.5905,2.5391
87.8468,0.6864,2.9461
87.8470,0.8176,3.5107
87.8472,0.8375,3.5945
87.8474,0.8783,3.7712
87.8476,0.8637,3.7037
87.8478,0.9629,4.1135
87.8480,1.1352,4.8473
87.8482,1.1577,4.9458
87.8484,1.1529,4.9277
87.8486,1.1579,4.9579
87.8488,1.0669,4.5725
87.8490,0.9904,4.2427
87.8492,0.9657,4.1407
87.8494,0.9338,3.9984
87.8496,0.9792,4.1988
87.8498,0.9866,4.2268
87.8500,1.0613,4.5383
87.8502,1.1207,4.7965
87.8504,1.1182,4.7813
87.8506,1.1573,4.9461
87.8508,1.1689,5.0005
87.8510,1.0957,4.692
87.8512,1.0722,4.5892
87.8514,1.0559,4.5321
87.8516,0.9438,4.0528
87.8518,0.898,3.8544
87.8520,0.8913,3.822
87.8522,0.9491,4.0755
87.8524,0.8791,3.7748
87.8526,0.8689,3.7276
87.8528,0.9363,4.0167
87.8530,0.9717,4.1723
87.8532,0.8989,3.858
87.8534,0.9452,4.0585
87.8536,0.9028,3.8768
87.8538,0.8358,3.5957
87.8540,0.7237,3.1105
87.8542,0.7713,3.3181
87.8544,0.7401,3.1885
87.8546,0.6539,2.8184
87.8548,0.6233,2.6879
87.8550,0.638,2.7497
87.8552,0.6488,2.7936
87.8554,0.7084,3.0488
87.8556,0.7563,3.2522
87.8558,0.7661,3.2975
87.8560,0.6594,2.8409
87.8562,0.6693,2.8846
87.8564,0.6394,2.7572
87.8566,0.6172,2.6615
87.8568,0.5952,2.5664
87.8570,0.6468,2.7866
87.8572,0.7057,3.036
87.8574,0.7353,3.1634
87.8576,0.6698,2.8906
87.8578,0.4965,2.1449
87.8580,0.4861,2.0988
87.8582,0.4897,2.1144
87.8584,0.5013,2.1636
87.8586,0.5044,2.177
87.8588,0.5087,2.1957
87.8590,0.5465,2.3554
87.8592,0.5522,2.3802
87.8594,0.5627,2.4297
87.8596,0.5003,2.1634
87.8598,0.4473,1.9316
87.8600,0.4565,1.9719
87.8602,0.4553,1.9667
87.8604,0.465,2.0049
87.8606,0.5265,2.2649
87.8608,0.6038,2.6036
87.8610,0.4833,2.0879
87.8612,0.4662,2.0148
87.8614,0.463,2.0004
87.8616,0.4563,1.9695
87.8618,0.4562,1.9699
87.8620,0.4586,1.9794
87.8622,0.4905,2.116
87.8624,0.4421,1.9088
87.8626,0.4349,1.8778
87.8628,0.4592,1.9829
87.8630,0.4608,1.9905
87.8632,0.4634,2.001
87.8634,0.4439,1.9157
87.8636,0.4325,1.8683
87.8638,0.4326,1.8688
87.8640,0.4455,1.923
87.8642,0.4644,2.0023
87.8644,0.5383,2.3203
87.8646,0.5921,2.5482
87.8648,0.6371,2.741
87.8650,0.6659,2.8661
87.8652,0.6622,2.8514
87.8654,0.6692,2.8787
87.8656,0.6797,2.9241
87.8658,0.6424,2.7675
87.8660,0.6087,2.6175
87.8662,0.7084,3.0417
87.8664,0.7703,3.3125
87.8666,0.7293,3.1376
87.8668,0.735,3.156
87.8670,0.767,3.298
87.8672,0.7791,3.3439
87.8674,0.8269,3.5542
87.8676,0.7615,3.2682
87.8678,0.7632,3.2785
87.8680,0.7985,3.432
87.8682,0.7504,3.2329
87.8684,0.6361,2.7389
87.8686,0.6272,2.6994
87.8688,0.6495,2.7954
87.8690,0.6883,2.9626
87.8692,0.6584,2.8336
87.8694,0.6574,2.8308
87.8696,0.6799,2.9265
87.8698,0.7175,3.088
87.8700,0.6736,2.8978
87.8702,0.6869,2.9605
87.8704,0.5911,2.5441
87.8706,0.6666,2.8679
87.8708,0.6837,2.9411
87.8710,0.6668,2.8657
87.8712,0.678,2.9182
87.8714,0.6909,2.9734
87.8716,0.6775,2.9189
87.8718,0.5985,2.5797
87.8720,0.5551,2.3937
87.8722,0.5524,2.3796
87.8724,0.5749,2.4779
87.8726,0.5193,2.2412
87.8728,0.5201,2.2427
87.8730,0.5156,2.2231
87.8732,0.5075,2.1895
87.8734,0.5078,2.1946
87.8736,0.4151,1.7932
87.8738,0.4246,1.8298
87.8740,0.491,2.1181
87.8742,0.4975,2.146
87.8744,0.497,2.143
87.8746,0.5092,2.1937
87.8748,0.559,2.4091
87.8750,0.5656,2.4387
87.8752,0.5476,2.3579
87.8754,0.5582,2.406
87.8756,0.5542,2.3885
87.8758,0.5548,2.3888
87.8760,0.554,2.3868
87.8762,0.5526,2.3817
87.8764,0.5475,2.3573
87.8766,0.5567,2.3982
87.8768,0.5608,2.418
87.8770,0.537,2.3178
87.8772,0.4949,2.1332
87.8774,0.4993,2.1518
87.8776,0.5654,2.4348
87.8778,0.6164,2.6542
87.8780,0.5413,2.3353
87.8782,0.4911,2.1186
87.8784,0.4839,2.0895
87.8786,0.48,2.0696
87.8788,0.4832,2.0825
87.8790,0.5024,2.1652
87.8792,0.5309,2.2882
87.8794,0.5476,2.3589
87.8796,0.5978,2.573
87.8798,0.6081,2.6186
87.8800,0.5837,2.5144
87.8802,0.6132,2.6354
87.8804,0.7016,3.0171
87.8806,0.7145,3.0694
87.8808,0.7236,3.1042
87.8810,0.8026,3.4431
87.8812,0.8671,3.7164
87.8814,0.867,3.7159
87.8816,0.9229,3.9572
87.8818,0.9528,4.0876
87.8820,0.9809,4.2021
87.8822,0.9976,4.2715
87.8824,0.9715,4.1601
87.8826,0.949,4.0636
87.8828,0.9865,4.2282
87.8830,0.9019,3.8672
87.8832,0.8809,3.779
87.8834,0.9103,3.905
87.8836,0.9125,3.913
87.8838,0.919,3.9352
87.8840,0.9384,4.0278
87.8842,0.8779,3.7644
87.8844,0.853,3.6626
87.8846,0.8149,3.4978
87.8848,0.8611,3.6959
87.8850,0.941,4.033
87.8852,0.9338,4.0021
87.8854,0.9115,3.9065
87.8856,0.9597,4.1131
87.8858,0.9515,4.0858
87.8860,0.7952,3.4128
87.8862,0.8615,3.7009
87.8864,0.8624,3.7067
87.8866,0.8419,3.6169
87.8868,0.8075,3.4691
87.8870,0.8208,3.5263
87.8872,0.8303,3.5686
87.8874,0.8394,3.6078
87.8876,0.9056,3.8886
87.8878,0.8605,3.7002
87.8880,0.7369,3.1716
87.8882,0.7379,3.1713
87.8884,0.7599,3.2692
87.8886,0.7353,3.1649
87.8888,0.7341,3.1583
87.8890,0.7904,3.3938
87.8892,0.8991,3.8536
87.8894,0.9199,3.9535
87.8896,0.7871,3.391
87.8898,0.6651,2.8612
87.8900,0.7118,3.0637
87.8902,0.6945,2.9889
87.8904,0.7076,3.0443
87.8906,0.7561,3.2526
87.8908,0.7683,3.3053
87.8910,0.7827,3.3703
87.8912,0.7219,3.1056
87.8914,0.7197,3.0935
87.8916,0.7412,3.1887
87.8918,0.7064,3.0419
87.8920,0.6807,2.9282
87.8922,0.6767,2.9112
87.8924,0.6822,2.9363
87.8926,0.6706,2.8889
87.8928,0.6687,2.8793
87.8930,0.6527,2.8093
87.8932,0.6574,2.8281
87.8934,0.6265,2.7013
87.8936,0.6094,2.623
87.8938,0.6508,2.8024
87.8940,0.6091,2.6251
87.8942,0.5785,2.4968
87.8944,0.5652,2.4383
87.8946,0.5696,2.4551
87.8948,0.6102,2.6261
87.8950,0.6406,2.7611
87.8952,0.4915,2.1202
87.8954,0.5136,2.2148
87.8956,0.5413,2.3353
87.8958,0.5347,2.3048
87.8960,0.5331,2.2986
87.8962,0.5322,2.296
87.8964,0.5327,2.2981
87.8966,0.5326,2.2954
87.8968,0.6419,2.7616
87.8970,0.6763,2.9123
87.8972,0.6427,2.7686
87.8974,0.6482,2.7897
87.8976,0.7074,3.0446
87.8978,0.681,2.9325
87.8980,0.6416,2.7626
87.8982,0.6317,2.719
87.8984,0.638,2.7471
87.8986,0.6803,2.9239
87.8988,0.7881,3.3872
87.8990,0.7538,3.2413
87.8992,0.6847,2.9512
87.8994,0.6217,2.6782
87.8996,0.6171,2.6585
87.8998,0.616,2.6551
87.9000,0.6245,2.6856
87.9002,0.7623,3.2779
87.9004,0.6988,3.0089
87.9006,0.6271,2.7014
87.9008,0.6307,2.7156
87.9010,0.6297,2.714
87.9012,0.6302,2.7148
87.9014,0.6295,2.7092
87.9016,0.6298,2.7108
87.9018,0.7088,3.0494
87.9020,0.6364,2.7417
87.9022,0.62,2.6697
87.9024,0.629,2.7097
87.9026,0.606,2.6117
87.9028,0.6521,2.8081
87.9030,0.5985,2.5797
87.9032,0.5353,2.3095
87.9034,0.5795,2.4917
87.9036,0.6979,3.0025
87.9038,0.6905,2.9705
87.9040,0.6994,3.0101
87.9042,0.6684,2.8769
87.9044,0.7046,3.0328
87.9046,0.6868,2.9559
87.9048,0.6789,2.9218
87.9050,0.6768,2.909
87.9052,0.7202,3.0955
87.9054,0.7042,3.0307
87.9056,0.7244,3.1208
87.9058,0.6585,2.838
87.9060,0.616,2.6539
87.9062,0.605,2.6052
87.9064,0.6388,2.7507
87.9066,0.6967,2.9945
87.9068,0.7404,3.1836
87.9070,0.6947,2.9899
87.9072,0.6531,2.8109
87.9074,0.6796,2.9208
87.9076,0.7718,3.3187
87.9078,0.8211,3.5355
87.9080,0.6731,2.8944
87.9082,0.7385,3.1724
87.9084,0.7611,3.2758
87.9086,0.6768,2.9171
87.9088,0.6067,2.6136
87.9090,0.6256,2.6977
87.9092,0.5832,2.517
87.9094,0.5087,2.1967
87.9096,0.4845,2.0892
87.9098,0.5176,2.2309
87.9100,0.5722,2.4648
87.9102,0.5792,2.493
87.9104,0.5799,2.4984
87.9106,0.5752,2.4801
87.9108,0.5208,2.2479
87.9110,0.4985,2.1527
87.9112,0.4979,2.1481
87.9114,0.4984,2.1482
87.9116,0.5358,2.3083
87.9118,0.5936,2.5549
87.9120,0.6624,2.8511
87.9122,0.675,2.904
87.9124,0.6859,2.9482
87.9126,0.7536,3.2343
87.9128,0.7874,3.3873
87.9130,0.6958,2.9932
87.9132,0.7081,3.0421
87.9134,0.7386,3.1744
87.9136,0.7285,3.1296
87.9138,0.8052,3.4561
87.9140,0.8424,3.6156
87.9142,0.856,3.6755
87.9144,0.8537,3.664
87.9146,0.8753,3.7583
87.9148,0.8467,3.6324
87.9150,0.8787,3.7698
87.9152,0.8902,3.8191
87.9154,0.9086,3.8997
87.9156,0.9524,4.0837
87.9158,0.9745,4.1768
87.9160,0.9524,4.078
87.9162,0.9918,4.2568
87.9164,0.9285,3.9795
87.9166,0.9631,4.1319
87.9168,0.8791,3.7748
87.9170,0.8262,3.5494
87.9172,0.8514,3.6627
87.9174,0.7681,3.3027
87.9176,0.7491,3.2197
87.9178,0.7581,3.2584
87.9180,0.7709,3.3151
87.9182,0.7363,3.1661
87.9184,0.7387,3.1749
87.9186,0.7807,3.3568
87.9188,0.8097,3.4767
87.9190,0.8706,3.7383
87.9192,0.8279,3.5566
87.9194,0.8295,3.5567
87.9196,0.8811,3.7836
87.9198,0.7819,3.362
87.9200,0.7979,3.4327
87.9202,0.7647,3.2913
87.9204,0.7097,3.0544
87.9206,0.7488,3.2227
87.9208,0.7115,3.0636
87.9210,0.6671,2.8686
87.9212,0.7461,3.2083
87.9214,0.813,3.4993
87.9216,0.6545,2.8236
87.9218,0.5946,2.5614
87.9220,0.5949,2.5677
87.9222,0.5329,2.3034
87.9224,0.4886,2.1087
87.9226,0.4978,2.1496
87.9228,0.4909,2.1186
87.9230,0.5031,2.1693
87.9232,0.5296,2.2868
87.9234,0.5145,2.2184
87.9236,0.5754,2.4834
87.9238,0.5393,2.3222
87.9240,0.654,2.8176
87.9242,0.6055,2.6109
87.9244,0.5971,2.5747
87.9246,0.6037,2.6019
87.9248,0.6088,2.6229
87.9250,0.599,2.5781
87.9252,0.6508,2.805
87.9254,0.6272,2.7019
87.9256,0.6121,2.6381
87.9258,0.6329,2.7267
87.9260,0.6166,2.6552
87.9262,0.6434,2.7704
87.9264,0.6732,2.9003
87.9266,0.6665,2.8687
87.9268,0.6714,2.8912
87.9270,0.6489,2.798
87.9272,0.6124,2.6396
87.9274,0.5972,2.574
87.9276,0.605,2.6052
87.9278,0.5975,2.5726
87.9280,0.6692,2.8827
87.9282,0.6281,2.7098
87.9284,0.4761,2.0587
87.9286,0.415,1.7918
87.9288,0.4644,2.0042
87.9290,0.4629,1.9998
87.9292,0.4533,1.9557
87.9294,0.4612,1.9898
87.9296,0.5144,2.2169
87.9298,0.576,2.4814
87.9300,0.5714,2.4629
87.9302,0.6254,2.6954
87.9304,0.6001,2.5864
87.9306,0.5804,2.5005
87.9308,0.5674,2.443
87.9310,0.612,2.6339
87.9312,0.653,2.8091
87.9314,0.682,2.9352
87.9316,0.6784,2.9225
87.9318,0.6986,3.0056
87.9320,0.7025,3.0235
87.9322,0.6841,2.9432
87.9324,0.688,2.9583
87.9326,0.7158,3.0779
87.9328,0.7173,3.0903
87.9330,0.5834,2.5146
87.9332,0.5374,2.3172
87.9334,0.5341,2.3043
87.9336,0.5345,2.3037
87.9338,0.5435,2.3425
87.9340,0.5327,2.2981
87.9342,0.5311,2.2892
87.9344,0.5297,2.2831
87.9346,0.5304,2.2851
87.9348,0.5293,2.2815
87.9350,0.5303,2.2878
87.9352,0.535,2.3069
87.9354,0.5296,2.2836
87.9356,0.5289,2.2815
87.9358,0.5291,2.2815
87.9360,0.5301,2.2835
87.9362,0.5334,2.2991
87.9364,0.5041,2.1745
87.9366,0.5489,2.3613
87.9368,0.6538,2.8153
87.9370,0.6163,2.6537
87.9372,0.5998,2.5854
87.9374,0.5717,2.4628
87.9376,0.5662,2.4401
87.9378,0.5289,2.2794
87.9380,0.5371,2.3129
87.9382,0.5558,2.3968
87.9384,0.4815,2.0782
87.9386,0.478,2.0632
87.9388,0.4853,2.0928
87.9390,0.466,2.0096
87.9392,0.4555,1.9659
87.9394,0.4589,1.9804
87.9396,0.4565,1.9682
87.9398,0.4867,2.0966
87.9400,0.5569,2.4004
87.9402,0.5156,2.2241
87.9404,0.5183,2.235
87.9406,0.5552,2.3909
87.9408,0.6145,2.6447
87.9410,0.5893,2.5363
87.9412,0.5971,2.5699
87.9414,0.6882,2.9566
87.9416,0.7343,3.1558
87.9418,0.6478,2.7869
87.9420,0.6677,2.8738
87.9422,0.6344,2.7304
87.9424,0.6144,2.6442
87.9426,0.6092,2.622
87.9428,0.619,2.6668
87.9430,0.558,2.405
87.9432,0.4777,2.0578
87.9434,0.4755,2.0504
87.9436,0.4934,2.1265
87.9438,0.5082,2.1926
87.9440,0.5266,2.2675
87.9442,0.5781,2.4895
87.9444,0.605,2.6039
87.9446,0.606,2.6093
87.9448,0.604,2.5986
87.9450,0.6166,2.6515
87.9452,0.6328,2.7224
87.9454,0.6375,2.7438
87.9456,0.679,2.9169
87.9458,0.7383,3.1704
87.9460,0.7527,3.2337
87.9462,0.75,3.2173
87.9464,0.8076,3.4647
87.9466,0.8713,3.7292
87.9468,0.9906,4.2398
87.9470,0.9985,4.2776
87.9472,0.9532,4.0854
87.9474,0.9339,3.9952
87.9476,1.0884,4.6541
87.9478,1.0749,4.6027
87.9480,0.9586,4.1066
87.9482,0.9761,4.1816
87.9484,0.981,4.2007
87.9486,0.9835,4.2134
87.9488,0.9979,4.281
87.9490,0.9363,4.011
87.9492,0.9702,4.1545
87.9494,0.9847,4.2166
87.9496,1.0134,4.3454
87.9498,0.9062,3.8876
87.9500,0.8991,3.8554
87.9502,0.8901,3.8222
87.9504,0.8672,3.7273
87.9506,0.8073,3.4664
87.9508,0.8334,3.5787
87.9510,0.8386,3.5975
87.9512,0.8822,3.7794
87.9514,0.9061,3.887
87.9516,0.9169,3.9333
87.9518,0.9105,3.9115
87.9520,0.7875,3.3783
87.9522,0.8743,3.756
87.9524,0.8255,3.548
87.9526,0.7998,3.4345
87.9528,0.8211,3.5256
87.9530,0.8381,3.6004
87.9532,0.8072,3.4708
87.9534,0.7531,3.2428
87.9536,0.7482,3.2141
87.9538,0.7458,3.2083
87.9540,0.7244,3.115
87.9542,0.7275,3.1342
87.9544,0.6183,2.6649
87.9546,0.6447,2.776
87.9548,0.6615,2.8444
87.9550,0.6772,2.9173
87.9552,0.6609,2.8484
87.9554,0.6172,2.6603
87.9556,0.5704,2.4571
87.9558,0.593,2.5523
87.9560,0.6753,2.9077
87.9562,0.6103,2.6291
87.9564,0.6374,2.7445
87.9566,0.6977,2.9987
87.9568,0.717,3.0874
87.9570,0.6802,2.9275
87.9572,0.7329,3.1546
87.9574,0.6911,2.9758
87.9576,0.5881,2.5335
87.9578,0.5692,2.4508
87.9580,0.6296,2.711
87.9582,0.6518,2.8091
87.9584,0.6353,2.7421
87.9586,0.5421,2.3352
87.9588,0.5997,2.5848
87.9590,0.5948,2.5613
87.9592,0.6206,2.6723
87.9594,0.6097,2.6289
87.9596,0.6028,2.5995
87.9598,0.6323,2.7191
87.9600,0.7474,3.2185
87.9602,0.6769,2.9176
87.9604,0.5912,2.5458
87.9606,0.5738,2.4721
87.9608,0.5774,2.4899
87.9610,0.5678,2.4462
87.9612,0.5976,2.5731
87.9614,0.6401,2.7615
87.9616,0.5417,2.3369
87.9618,0.5381,2.3203
87.9620,0.5355,2.3089
87.9622,0.5514,2.3755
87.9624,0.5475,2.3606
87.9626,0.5297,2.2852
87.9628,0.5192,2.2376
87.9630,0.5627,2.4229
87.9632,0.6549,2.8173
87.9634,0.7273,3.1259
87.9636,0.7446,3.2016
87.9638,0.6983,3.0054
87.9640,0.6614,2.8465
87.9642,0.7126,3.0597
87.9644,0.7857,3.3738
87.9646,0.8004,3.4387
87.9648,0.8265,3.5472
87.9650,0.9111,3.9086
87.9652,0.9119,3.9068
87.9654,0.9551,4.1031
87.9656,0.7928,3.4105
87.9658,0.7249,3.1185
87.9660,0.7293,3.1362
87.9662,0.7419,3.1888
87.9664,0.8468,3.6363
87.9666,0.8741,3.7532
87.9668,0.8094,3.4757
87.9670,0.7995,3.4362
87.9672,0.7389,3.1774
87.9674,0.716,3.0789
87.9676,0.7169,3.0811
87.9678,0.7346,3.1618
87.9680,0.7483,3.2191
87.9682,0.7684,3.3042
87.9684,0.7797,3.348
87.9686,0.7527,3.2412
87.9688,0.6345,2.7334
87.9690,0.6267,2.6986
87.9692,0.6483,2.7915
87.9694,0.6358,2.7429
87.9696,0.6141,2.6407
87.9698,0.7844,3.3681
87.9700,0.738,3.1777
87.9702,0.6821,2.9371
87.9704,0.682,2.9325
87.9706,0.7177,3.089
87.9708,0.6869,2.9578
87.9710,0.6518,2.8052
87.9712,0.6629,2.8532
87.9714,0.6766,2.9134
87.9716,0.6497,2.8003
87.9718,0.5747,2.4768
87.9720,0.5608,2.418
87.9722,0.5528,2.3839
87.9724,0.5555,2.3953
87.9726,0.5489,2.3646
87.9728,0.6154,2.6488
87.9730,0.6968,2.9964
87.9732,0.7055,3.035
87.9734,0.6609,2.8484
87.9736,0.6198,2.6687
87.9738,0.5905,2.5439
87.9740,0.6286,2.7056
87.9742,0.6407,2.7603
87.9744,0.622,2.6785
87.9746,0.6309,2.7179
87.9748,0.6123,2.6366
87.9750,0.6189,2.665
87.9752,0.611,2.6322
87.9754,0.623,2.6851
87.9756,0.569,2.456
87.9758,0.4954,2.1382
87.9760,0.4934,2.1284
87.9762,0.4937,2.127
87.9764,0.5665,2.4417
87.9766,0.5622,2.4253
87.9768,0.4913,2.1187
87.9770,0.4824,2.0799
87.9772,0.4833,2.085
87.9774,0.4868,2.101
87.9776,0.4846,2.0917
87.9778,0.4818,2.0802
87.9780,0.478,2.0613
87.9782,0.4882,2.1062
87.9784,0.5617,2.4188
87.9786,0.641,2.7626
87.9788,0.5785,2.4911
87.9790,0.6253,2.6924
87.9792,0.6238,2.6887
87.9794,0.6206,2.6723
87.9796,0.6725,2.8918
87.9798,0.715,3.0714
87.9800,0.7973,3.4253
87.9802,0.7708,3.3115
87.9804,0.7672,3.2929
87.9806,0.7807,3.3506
87.9808,0.8498,3.6407
87.9810,0.9815,4.2047
87.9812,0.9875,4.2304
87.9814,0.9788,4.1993
87.9816,0.9624,4.1249
87.9818,0.9685,4.1492
87.9820,0.9709,4.1595
87.9822,0.9729,4.1716
87.9824,0.9388,4.0256
87.9826,0.9726,4.1706
87.9828,0.9869,4.2278
87.9830,0.9634,4.131
87.9832,0.9701,4.1598
87.9834,0.9924,4.2494
87.9836,1.0408,4.4548
87.9838,1.0191,4.366
87.9840,1.0533,4.5145
87.9842,1.0411,4.46
87.9844,0.9954,4.2682
87.9846,0.999,4.2857
87.9848,0.9223,3.9602
87.9850,0.8599,3.6924
87.9852,0.844,3.6307
87.9854,0.7797,3.3543
87.9856,0.7677,3.3011
87.9858,0.7701,3.3099
87.9860,0.776,3.3398
87.9862,0.762,3.2749
87.9864,0.8116,3.4898
87.9866,0.7822,3.3588
87.9868,0.8012,3.4434
87.9870,0.8239,3.5396
87.9872,0.8797,3.7774
87.9874,0.926,3.9798
87.9876,0.7311,3.1497
87.9878,0.65,2.8001
87.9880,0.6705,2.8884
87.9882,0.6738,2.8988
87.9884,0.7156,3.0797
87.9886,0.7136,3.0758
87.9888,0.6924,2.9815
87.9890,0.716,3.0789
87.9892,0.7464,3.2109
87.9894,0.769,3.3099
87.9896,0.7212,3.1011
87.9898,0.7162,3.0837
87.9900,0.6519,2.8109
87.9902,0.6331,2.7272
87.9904,0.7122,3.0653
87.9906,0.6587,2.8404
87.9908,0.546,2.3577
87.9910,0.4995,2.1568
87.9912,0.4988,2.1507
87.9914,0.5142,2.2154
87.9916,0.611,2.6322
87.9918,0.6534,2.815
87.9920,0.6538,2.814
87.9922,0.5775,2.4927
87.9924,0.5231,2.2588
87.9926,0.5127,2.2117
87.9928,0.5232,2.2583
87.9930,0.5417,2.3358
87.9932,0.5286,2.2858
87.9934,0.4292,1.8552
87.9936,0.4219,1.8227
87.9938,0.4495,1.9418
87.9940,0.4452,1.9241
87.9942,0.4401,1.8997
87.9944,0.4494,1.9395
87.9946,0.4445,1.9174
87.9948,0.4466,1.9294
87.9950,0.4448,1.9216
87.9952,0.4484,1.9363
87.9954,0.4509,1.948
87.9956,0.4471,1.9324
87.9958,0.4457,1.9235
87.9960,0.4476,1.9326
87.9962,0.45,1.9412
87.9964,0.4973,2.1445
87.9966,0.5343,2.2995
87.9968,0.5804,2.5028
87.9970,0.5539,2.3896
87.9972,0.5603,2.4148
87.9974,0.5621,2.4226
87.9976,0.5606,2.4164
87.9978,0.566,2.4385
87.9980,0.5623,2.4225
87.9982,0.5653,2.4354
87.9984,0.6365,2.7371
87.9986,0.6911,2.9717
87.9988,0.7203,3.0946
87.9990,0.7732,3.3249
87.9992,0.7078,3.0504
87.9994,0.5726,2.4703
87.9996,0.561,2.4157
87.9998,0.6545,2.8171
88.0000,0.6296,2.7135
88.0002,0.532,2.295
88.0004,0.5211,2.2469
88.0006,0.512,2.2086
88.0008,0.5073,2.1884
88.0010,0.5122,2.2096
88.0012,0.5127,2.2076
88.0014,0.5534,2.3876
88.0016,0.5094,2.1957
88.0018,0.5092,2.1937
88.0020,0.5264,2.2686
88.0022,0.5465,2.3565
88.0024,0.5387,2.325
88.0026,0.5018,2.1626
88.0028,0.5122,2.2066
88.0030,0.541,2.3305
88.0032,0.6245,2.6881
88.0034,0.6587,2.8338
88.0036,0.6335,2.7255
88.0038,0.632,2.7226
88.0040,0.617,2.658
88.0042,0.597,2.5706
88.0044,0.5853,2.5217
88.0046,0.5743,2.473
88.0048,0.6508,2.7985
88.0050,0.6695,2.8762
88.0052,0.6536,2.8103
88.0054,0.6803,2.9307
88.0056,0.6198,2.6711
88.0058,0.5946,2.5614
88.0060,0.5797,2.4951
88.0062,0.5987,2.5778
88.0064,0.6238,2.6862
88.0066,0.6701,2.8788
88.0068,0.7566,3.2487
88.0070,0.7322,3.1456
88.0072,0.7097,3.0544
88.0074,0.5928,2.5572
88.0076,0.5096,2.1983
88.0078,0.4991,2.1513
88.0080,0.5015,2.1626
88.0082,0.4995,2.1538
88.0084,0.5063,2.1823
88.0086,0.5087,2.1936
88.0088,0.4971,2.1415
88.0090,0.6279,2.7063
88.0092,0.5345,2.3059
88.0094,0.4989,2.1522
88.0096,0.4949,2.1342
88.0098,0.4958,2.1358
88.0100,0.55,2.3715
88.0102,0.5234,2.2557
88.0104,0.5791,2.4925
88.0106,0.6126,2.6389
88.0108,0.5678,2.4496
88.0110,0.4984,2.1492
88.0112,0.4957,2.1383
88.0114,0.4941,2.1306
88.0116,0.5063,2.1803
88.0118,0.5821,2.5019
88.0120,0.6496,2.792
88.0122,0.743,3.1949
88.0124,0.7626,3.2713
88.0126,0.8436,3.6207
88.0128,0.8025,3.4491
88.0130,0.6998,3.0107
88.0132,0.6982,3.0007
88.0134,0.7458,3.2023
88.0136,0.7492,3.2217
88.0138,0.7221,3.1009
88.0140,0.7694,3.3022
88.0142,0.8184,3.5143
88.0144,0.7925,3.4031
88.0146,0.7786,3.3418
88.0148,0.7611,3.2713
88.0150,0.6852,2.9451
88.0152,0.7715,3.3146
88.0154,0.8019,3.4417
88.0156,0.8042,3.453
88.0158,0.8068,3.4628
88.0160,0.8408,3.6055
88.0162,0.9302,3.9848
88.0164,0.9804,4.202
88.0166,0.8911,3.8192
88.0168,0.9112,3.9055
88.0170,0.934,4.0013
88.0172,0.9055,3.8863
88.0174,0.8436,3.6241
88.0176,0.8224,3.5313
88.0178,0.8125,3.4858
88.0180,0.8625,3.7055
88.0182,0.8118,3.4811
88.0184,0.8438,3.6235
88.0186,0.803,3.4527
88.0188,0.7556,3.2476
88.0190,0.7967,3.4227
88.0192,0.8413,3.611
88.0194,0.8539,3.6684
88.0196,0.795,3.4123
88.0198,0.8085,3.47
88.0200,0.8148,3.5038
88.0202,0.7639,3.2892
88.0204,0.7001,3.0104
88.0206,0.7044,3.0332
88.0208,0.6855,2.9502
88.0210,0.6874,2.9585
88.0212,0.713,3.066
88.0214,0.7596,3.2615
88.0216,0.8061,3.4613
88.0218,0.7411,3.1941
88.0220,0.6627,2.8495
88.0222,0.7452,3.2012
88.0224,0.7349,3.1613
88.0226,0.7363,3.1661
88.0228,0.7552,3.2445
88.0230,0.7568,3.2512
88.0232,0.7573,3.2563
88.0234,0.695,2.9915
88.0236,0.711,3.0601
88.0238,0.6915,2.9746
88.0240,0.6832,2.9404
88.0242,0.7225,3.1097
88.0244,0.7412,3.1828
88.0246,0.8109,3.477
88.0248,0.8783,3.7712
88.0250,0.8112,3.485
88.0252,0.8046,3.4583
88.0254,0.8173,3.5113
88.0256,0.8109,3.49
88.0258,0.6879,2.9619
88.0260,0.681,2.9284
88.0262,0.7443,3.2006
88.0264,0.7453,3.2077
88.0266,0.6274,2.7055
88.0268,0.5392,2.3282
88.0270,0.5369,2.3173
88.0272,0.5505,2.3702
88.0274,0.6178,2.6604
88.0276,0.6518,2.8065
88.0278,0.6592,2.8385
88.0280,0.6558,2.8227
88.0282,0.6277,2.7027
88.0284,0.6865,2.9562
88.0286,0.695,2.9887
88.0288,0.726,3.1217
88.0290,0.7612,3.2748
88.0292,0.7767,3.3367
88.0294,0.8507,3.6494
88.0296,0.8166,3.5099
88.0298,0.8052,3.4609
88.0300,0.8094,3.4822
88.0302,0.7429,3.1959
88.0304,0.6886,2.9664
88.0306,0.6624,2.8538
88.0308,0.6744,2.8973
88.0310,0.8046,3.4567
88.0312,0.8209,3.5301
88.0314,0.7828,3.3645
88.0316,0.7519,3.2361
88.0318,0.732,3.1519
88.0320,0.7247,3.1175
88.0322,0.6789,2.9245
88.0324,0.6272,2.7032
88.0326,0.6357,2.7361
88.0328,0.7356,3.1571
88.0330,0.873,3.7521
88.0332,0.7259,3.1256
88.0334,0.644,2.7768
88.0336,0.6311,2.719
88.0338,0.6319,2.7208
88.0340,0.6272,2.6994
88.0342,0.6602,2.8426
88.0344,0.6146,2.6489
88.0346,0.6117,2.6377
88.0348,0.6269,2.6984
88.0350,0.6277,2.7065
88.0352,0.5528,2.385
88.0354,0.5445,2.3488
88.0356,0.5433,2.3425
88.0358,0.5436,2.343
88.0360,0.5681,2.4427
88.0362,0.6911,2.9745
88.0364,0.6923,2.9796
88.0366,0.6732,2.8962
88.0368,0.6821,2.9371
88.0370,0.6404,2.76
88.0372,0.5584,2.4077
88.0374,0.5428,2.3415
88.0376,0.5423,2.3395
88.0378,0.5422,2.3368
88.0380,0.5413,2.3332
88.0382,0.5522,2.3824
88.0384,0.5515,2.3782
88.0386,0.5413,2.3353
88.0388,0.5423,2.3384
88.0390,0.5505,2.3724
88.0392,0.6207,2.6666
88.0394,0.7415,3.1882
88.0396,0.7207,3.1005
88.0398,0.6913,2.9727
88.0400,0.7118,3.0637
88.0402,0.661,2.8489
88.0404,0.5522,2.3791
88.0406,0.5255,2.2671
88.0408,0.5394,2.3238
88.0410,0.5905,2.5368
88.0412,0.687,2.9597
88.0414,0.594,2.5612
88.0416,0.5828,2.5096
88.0418,0.6314,2.7187
88.0420,0.6009,2.5888
88.0422,0.6006,2.5848
88.0424,0.6525,2.8044
88.0426,0.6888,2.9619
88.0428,0.6924,2.9774
88.0430,0.6943,2.9898
88.0432,0.6471,2.7851
88.0434,0.6241,2.686
88.0436,0.6811,2.9303
88.0438,0.7376,3.1762
88.0440,0.646,2.7817
88.0442,0.6862,2.9547
88.0444,0.6459,2.7773
88.0446,0.671,2.8878
88.0448,0.6572,2.831
88.0450,0.6222,2.6802
88.0452,0.5706,2.457
88.0454,0.6584,2.8336
88.0456,0.6807,2.9282
88.0458,0.6742,2.8963
88.0460,0.7332,3.1483
88.0462,0.8006,3.4376
88.0464,0.7979,3.4231
88.0466,0.8555,3.6751
88.0468,0.8293,3.5628
88.0470,0.8329,3.5733
88.0472,0.8666,3.7195
88.0474,0.845,3.6286
88.0476,0.8977,3.8492
88.0478,0.9344,4.0028
88.0480,0.9712,4.1605
88.0482,0.9907,4.2482
88.0484,0.9672,4.1494
88.0486,0.9655,4.1383
88.0488,0.9707,4.1623
88.0490,0.955,4.095
88.0492,0.9567,4.1041
88.0494,0.9679,4.1486
88.0496,0.9437,4.0523
88.0498,0.8905,3.8255
88.0500,0.9081,3.894
88.0502,0.9627,4.1317
88.0504,0.8544,3.6688
88.0506,0.8314,3.5732
88.0508,0.795,3.4155
88.0510,0.8202,3.5237
88.0512,0.8213,3.5283
88.0514,0.8325,3.5762
88.0516,0.8377,3.6006
88.0518,0.8512,3.6532
88.0520,0.8273,3.5557
88.0522,0.7298,3.1426
88.0524,0.6525,2.8122
88.0526,0.6604,2.8476
88.0528,0.6243,2.6895
88.0530,0.6471,2.7877
88.0532,0.643,2.7714
88.0534,0.6323,2.7229
88.0536,0.6046,2.6036
88.0538,0.6307,2.7169
88.0540,0.6826,2.9406
88.0542,0.6349,2.7375
88.0544,0.6088,2.6241
88.0546,0.6151,2.6485
88.0548,0.6546,2.8202
88.0550,0.6847,2.9457
88.0552,0.7002,3.0123
88.0554,0.6888,2.9715
88.0556,0.5509,2.3756
88.0558,0.6102,2.6261
88.0560,0.6974,2.999
88.0562,0.7344,3.1652
88.0564,0.5991,2.5823
88.0566,0.5931,2.5564
88.0568,0.5596,2.414
88.0570,0.5888,2.539
88.0572,0.5831,2.5142
88.0574,0.5303,2.2899
88.0576,0.4978,2.1496
88.0578,0.4999,2.1554
88.0580,0.5288,2.2821
88.0582,0.5135,2.2153
88.0584,0.5346,2.3032
88.0586,0.5742,2.4748
88.0588,0.5615,2.4222
88.0590,0.5103,2.2004
88.0592,0.5636,2.4282
88.0594,0.631,2.7248
88.0596,0.5224,2.2547
88.0598,0.4892,2.1103
88.0600,0.4797,2.0695
88.0602,0.4771,2.0591
88.0604,0.4802,2.0715
88.0606,0.5476,2.3611
88.0608,0.5049,2.1831
88.0610,0.4097,1.7699
88.0612,0.4065,1.7559
88.0614,0.4199,1.8122
88.0616,0.4692,2.0258
88.0618,0.4479,1.9333
88.0620,0.4346,1.8724
88.0622,0.5213,2.2458
88.0624,0.5428,2.3394
88.0626,0.5574,2.4024
88.0628,0.603,2.5976
88.0630,0.5851,2.5183
88.0632,0.629,2.7072
88.0634,0.673,2.8952
88.0636,0.6756,2.9052
88.0638,0.6814,2.9313
88.0640,0.6759,2.9062
88.0642,0.7142,3.0698
88.0644,0.7082,3.044
88.0646,0.7877,3.3857
88.0648,0.7466,3.2074
88.0650,0.7304,3.1379
88.0652,0.7542,3.2414
88.0654,0.7124,3.062
88.0656,0.7352,3.1614
88.0658,0.7539,3.2464
88.0660,0.6463,2.7815
88.0662,0.6307,2.7156
88.0664,0.6455,2.7784
88.0666,0.6803,2.9239
88.0668,0.7068,3.0421
88.0670,0.668,2.8735
88.0672,0.6876,2.9581
88.0674,0.6283,2.7066
88.0676,0.5795,2.4975
88.0678,0.6019,2.5917
88.0680,0.561,2.4168
88.0682,0.5398,2.3275
88.0684,0.568,2.4479
88.0686,0.5533,2.3871
88.0688,0.4829,2.0844
88.0690,0.5169,2.2257
88.0692,0.6482,2.7845
88.0694,0.7123,3.0715
88.0696,0.6038,2.6024
88.0698,0.5844,2.5164
88.0700,0.6157,2.6486
88.0702,0.6573,2.8303
88.0704,0.6386,2.7472
88.0706,0.612,2.6351
88.0708,0.5996,2.5879
88.0710,0.4869,2.1015
88.0712,0.4749,2.0478
88.0714,0.4734,2.043
88.0716,0.4773,2.0572
88.0718,0.5383,2.317
88.0720,0.5935,2.5568
88.0722,0.561,2.4146
88.0724,0.6399,2.7503
88.0726,0.7397,3.1805
88.0728,0.7532,3.2418
88.0730,0.6397,2.7544
88.0732,0.6314,2.7187
88.0734,0.6181,2.6627
88.0736,0.6162,2.6495
88.0738,0.6751,2.9018
88.0740,0.6573,2.8303
88.0742,0.6369,2.7425
88.0744,0.6362,2.7407
88.0746,0.5917,2.5467
88.0748,0.5883,2.5346
88.0750,0.5798,2.4967
88.0752,0.5981,2.5752
88.0754,0.5743,2.4764
88.0756,0.5174,2.2319
88.0758,0.4856,2.0958
88.0760,0.4831,2.0849
88.0762,0.4807,2.0727
88.0764,0.4806,2.0712
88.0766,0.481,2.0752
88.0768,0.4824,2.0809
88.0770,0.4773,2.0582
88.0772,0.4768,2.0561
88.0774,0.4796,2.069
88.0776,0.4822,2.0784
88.0778,0.5193,2.2381
88.0780,0.5772,2.4854
88.0782,0.5819,2.5055
88.0784,0.6038,2.5988
88.0786,0.6256,2.694
88.0788,0.6168,2.6508
88.0790,0.7021,3.0163
88.0792,0.7555,3.244
88.0794,0.801,3.4461
88.0796,0.7477,3.2135
88.0798,0.7829,3.3619
88.0800,0.7857,3.369
88.0802,0.8938,3.8292
88.0804,0.9817,4.2057
88.0806,0.9621,4.1215
88.0808,0.9677,4.1437
88.0810,0.9661,4.1409
88.0812,0.9628,4.1246
88.0814,0.983,4.2114
88.0816,0.9347,4.0062
88.0818,0.9412,4.0321
88.0820,0.9779,4.1873
88.0822,0.9735,4.1722
88.0824,0.9768,4.1847
88.0826,0.983,4.2153
88.0828,0.9339,4.0045
88.0830,0.9766,4.1856
88.0832,1.0067,4.3065
88.0834,1.0594,4.5322
88.0836,1.0558,4.5168
88.0838,1.0266,4.4101
88.0840,0.8822,3.7917
88.0842,0.8604,3.6911
88.0844,0.9557,4.0981
88.0846,0.8428,3.6273
88.0848,0.6844,2.9442
88.0850,0.6857,2.9499
88.0852,0.6936,2.9811
88.0854,0.7357,3.1664
88.0856,0.7351,3.1594
88.0858,0.8242,3.5374
88.0860,0.8333,3.5815
88.0862,0.7623,3.2795
88.0864,0.797,3.4222
88.0866,0.856,3.672
88.0868,0.8703,3.7407
88.0870,0.8175,3.5151
88.0872,0.7533,3.2408
88.0874,0.7388,3.1798
88.0876,0.7317,3.1435
88.0878,0.7641,3.2857
88.0880,0.7479,3.2161
88.0882,0.7411,3.1867
88.0884,0.7267,3.1219
88.0886,0.7754,3.3341
88.0888,0.7623,3.281
88.0890,0.7567,3.2567
88.0892,0.7163,3.08
88.0894,0.7313,3.1459
88.0896,0.7393,3.1819
88.0898,0.7162,3.078
88.0900,0.7504,3.2254
88.0902,0.7556,3.2506
88.0904,0.72,3.1003
88.0906,0.6796,2.9276
88.0908,0.6458,2.7833
88.0910,0.5758,2.4815
88.0912,0.6146,2.6489
88.0914,0.6067,2.6148
88.0916,0.5904,2.5433
88.0918,0.576,2.4825
88.0920,0.5648,2.4367
88.0922,0.5923,2.5492
88.0924,0.7229,3.1069
88.0926,0.6982,3.0105
88.0928,0.6055,2.6084
88.0930,0.6272,2.7032
88.0932,0.5935,2.5556
88.0934,0.5911,2.5488
88.0936,0.5479,2.3638
88.0938,0.5473,2.3601
88.0940,0.5365,2.3136
88.0942,0.5362,2.3131
88.0944,0.5389,2.325
88.0946,0.5371,2.3172
88.0948,0.5311,2.2914
88.0950,0.5218,2.251
88.0952,0.5231,2.2525
88.0954,0.6096,2.6248
88.0956,0.6373,2.7453
88.0958,0.6286,2.7081
88.0960,0.6328,2.7262
88.0962,0.6334,2.7262
88.0964,0.6322,2.7223
88.0966,0.6388,2.7495
88.0968,0.637,2.743
88.0970,0.6809,2.9306
88.0972,0.6623,2.8519
88.0974,0.7036,3.0281
88.0976,0.6881,2.9602
88.0978,0.6329,2.7254
88.0980,0.6183,2.6637
88.0982,0.6139,2.6446
88.0984,0.6156,2.6531
88.0986,0.6116,2.6335
88.0988,0.6129,2.6405
88.0990,0.6507,2.7993
88.0992,0.7034,3.0304
88.0994,0.6365,2.7397
88.0996,0.6445,2.7724
88.0998,0.7339,3.1499
88.1000,0.829,3.5596
88.1002,0.7539,3.2494
88.1004,0.6367,2.7427
88.1006,0.6218,2.6762
88.1008,0.6524,2.8104
88.1010,0.6385,2.7505
88.1012,0.6437,2.7732
88.1014,0.6214,2.6759
88.1016,0.5743,2.4741
88.1018,0.5594,2.4123
88.1020,0.5417,2.3369
88.1022,0.5557,2.3907
88.1024,0.7008,3.0177
88.1026,0.6118,2.6346
88.1028,0.6512,2.8026
88.1030,0.6849,2.9435
88.1032,0.7485,3.2157
88.1034,0.7847,3.3712
88.1036,0.7739,3.3264
88.1038,0.705,3.0357
88.1040,0.6904,2.9714
88.1042,0.7203,3.0961
88.1044,0.7373,3.1702
88.1046,0.7172,3.0841
88.1048,0.7033,3.0271
88.1050,0.666,2.8666
88.1052,0.662,2.8504
88.1054,0.6482,2.7923
88.1056,0.7096,3.0468
88.1058,0.8173,3.5097
88.1060,0.7749,3.3321
88.1062,0.7248,3.118
88.1064,0.7259,3.1198
88.1066,0.7802,3.3516
88.1068,0.7627,3.2825
88.1070,0.7353,3.1605
88.1072,0.8263,3.5516
88.1074,0.7608,3.2728
88.1076,0.6773,2.9178
88.1078,0.6105,2.6313
88.1080,0.5929,2.5566
88.1082,0.5317,2.2929
88.1084,0.4942,2.1311
88.1086,0.4921,2.1247
88.1088,0.493,2.1289
88.1090,0.4875,2.1031
88.1092,0.4899,2.1134
88.1094,0.4911,2.1196
88.1096,0.4929,2.1254
88.1098,0.5008,2.1575
88.1100,0.5832,2.5077
88.1102,0.6598,2.8464
88.1104,0.5106,2.2019
88.1106,0.5439,2.3429
88.1108,0.5907,2.5473
88.1110,0.6022,2.5969
88.1112,0.5145,2.2174
88.1114,0.5134,2.2128
88.1116,0.5602,2.4132
88.1118,0.599,2.5757
88.1120,0.7223,3.1043
88.1122,0.8092,3.4763
88.1124,0.7751,3.3347
88.1126,0.72,3.0945
88.1128,0.7415,3.1882
88.1130,0.7327,3.1447
88.1132,0.8031,3.4436
88.1134,0.84,3.607
88.1136,0.8051,3.4556
88.1138,0.8786,3.7657
88.1140,0.8887,3.816
88.1142,0.8564,3.6775
88.1144,0.8552,3.6689
88.1146,0.8962,3.8467
88.1148,0.8989,3.8562
88.1150,0.9184,3.9363
88.1152,0.9404,4.0341
88.1154,0.9635,4.1315
88.1156,0.9624,4.1307
88.1158,0.9081,3.8958
88.1160,0.9283,3.9785
88.1162,0.951,4.078
88.1164,0.938,4.0239
88.1166,0.9082,3.9017
88.1168,0.8661,3.721
88.1170,0.8759,3.7592
88.1172,0.895,3.8415
88.1174,0.8992,3.8595
88.1176,0.8966,3.8428
88.1178,0.9013,3.8683
88.1180,0.8775,3.7734
88.1182,0.749,3.2192
88.1184,0.7606,3.2707
88.1186,0.8298,3.5649
88.1188,0.8672,3.7291
88.1190,0.7741,3.3285
88.1192,0.7643,3.2867
88.1194,0.7448,3.2042
88.1196,0.756,3.2536
88.1198,0.7148,3.0809
88.1200,0.6429,2.7683
88.1202,0.705,3.0329
88.1204,0.7341,3.1656
88.1206,0.6182,2.6607
88.1208,0.649,2.7985
88.1210,0.559,2.4125
88.1212,0.5358,2.3105
88.1214,0.6301,2.7131
88.1216,0.6799,2.9306
88.1218,0.5754,2.4834
88.1220,0.5006,2.1595
88.1222,0.5597,2.4122
88.1224,0.6054,2.6091
88.1226,0.5947,2.5619
88.1228,0.62,2.6709
88.1230,0.6158,2.6516
88.1232,0.643,2.7714
88.1234,0.6146,2.6501
88.1236,0.6098,2.627
88.1238,0.6163,2.6561
88.1240,0.6386,2.7497
88.1242,0.6877,2.9614
88.1244,0.6277,2.7015
88.1246,0.6632,2.8555
88.1248,0.64,2.761
88.1250,0.5749,2.4779
88.1252,0.5718,2.4644
88.1254,0.5503,2.3763
88.1256,0.5705,2.4542
88.1258,0.7057,3.0346
88.1260,0.6875,2.959
88.1262,0.6117,2.6377
88.1264,0.5542,2.3885
88.1266,0.5277,2.2785
88.1268,0.4212,1.8204
88.1270,0.4231,1.8262
88.1272,0.4597,1.9849
88.1274,0.4538,1.9605
88.1276,0.4539,1.9574
88.1278,0.4689,2.0239
88.1280,0.4574,1.976
88.1282,0.4489,1.9383
88.1284,0.4545,1.959
88.1286,0.5321,2.2944
88.1288,0.5488,2.3652
88.1290,0.6129,2.6356
88.1292,0.6554,2.8207
88.1294,0.5869,2.5319
88.1296,0.5587,2.4092
88.1298,0.5632,2.4272
88.1300,0.5588,2.4086
88.1302,0.5636,2.4293
88.1304,0.6404,2.7536
88.1306,0.7664,3.2863
88.1308,0.808,3.4695
88.1310,0.7724,3.3182
88.1312,0.7331,3.1551
88.1314,0.6352,2.7391
88.1316,0.5573,2.4019
88.1318,0.5784,2.4905
88.1320,0.6184,2.6617
88.1322,0.666,2.8613
88.1324,0.7639,3.2877
88.1326,0.6574,2.8281
88.1328,0.6564,2.8266
88.1330,0.5841,2.52
88.1332,0.5334,2.3033
88.1334,0.5374,2.3172
88.1336,0.5323,2.2944
88.1338,0.535,2.3058
88.1340,0.5409,2.3333
88.1342,0.5436,2.3441
88.1344,0.5442,2.3445
88.1346,0.544,2.3445
88.1348,0.5244,2.2624
88.1350,0.5331,2.2975
88.1352,0.5942,2.5611
88.1354,0.514,2.2164
88.1356,0.4695,2.0274
88.1358,0.4616,1.9932
88.1360,0.4651,2.0045
88.1362,0.5162,2.2226
88.1364,0.5702,2.4566
88.1366,0.5928,2.5561
88.1368,0.5662,2.4402
88.1370,0.5553,2.3943
88.1372,0.4819,2.0779
88.1374,0.4653,2.0093
88.1376,0.4689,2.023
88.1378,0.4821,2.077
88.1380,0.5334,2.2991
88.1382,0.5107,2.2009
88.1384,0.5099,2.1999
88.1386,0.5394,2.3239
88.1388,0.5816,2.5069
88.1390,0.5539,2.3842
88.1392,0.5796,2.4946
88.1394,0.5941,2.557
88.1396,0.5878,2.5309
88.1398,0.5874,2.527
88.1400,0.6381,2.7477
88.1402,0.6351,2.7335
88.1404,0.6609,2.8379
88.1406,0.7404,3.1822
88.1408,0.6701,2.8815
88.1410,0.6541,2.8151
88.1412,0.6469,2.7841
88.1414,0.6045,2.6031
88.1416,0.5702,2.46
88.1418,0.4892,2.1104
88.1420,0.4713,2.0324
88.1422,0.4824,2.0799
88.1424,0.4915,2.1192
88.1426,0.5018,2.1627
88.1428,0.5113,2.2025
88.1430,0.5617,2.4188
88.1432,0.5999,2.5818
88.1434,0.6056,2.6078
88.1436,0.6186,2.6598
88.1438,0.6325,2.7222
88.1440,0.6258,2.692
88.1442,0.6358,2.7353
88.1444,0.67,2.8797
88.1446,0.6761,2.91
88.1448,0.6877,2.9532
88.1450,0.7629,3.2791
88.1452,0.7885,3.3872
88.1454,0.762,3.2749
88.1456,0.7246,3.1084
88.1458,0.8171,3.5054
88.1460,0.8547,3.6682
88.1462,0.8594,3.687
88.1464,0.8556,3.6757
88.1466,0.7993,3.4288
88.1468,0.8678,3.7196
88.1470,0.968,4.1467
88.1472,0.9567,4.1004
88.1474,0.9054,3.884
88.1476,0.8838,3.7914
88.1478,0.8779,3.7697
88.1480,0.8841,3.7912
88.1482,0.8937,3.8323
88.1484,0.9447,4.0471
88.1486,0.9897,4.2338
88.1488,1.0172,4.3599
88.1490,0.9472,4.0541
88.1492,0.9967,4.272
88.1494,1.0256,4.3979
88.1496,1.01,4.323
88.1498,1.0235,4.3743
88.1500,1.0762,4.6149
88.1502,0.9646,4.1343
88.1504,0.9608,4.1197
88.1506,0.9002,3.8637
88.1508,0.8702,3.7403
88.1510,0.8208,3.5329
88.1512,0.7333,3.1518
88.1514,0.7648,3.2888
88.1516,0.7398,3.184
88.1518,0.7157,3.0774
88.1520,0.7455,3.2013
88.1522,0.7833,3.3651
88.1524,0.7903,3.3981
88.1526,0.7677,3.3027
88.1528,0.6901,2.9676
88.1530,0.6963,2.9967
88.1532,0.7025,3.0235
88.1534,0.6961,2.9976
88.1536,0.6302,2.7149
88.1538,0.655,2.8205
88.1540,0.675,2.9081
88.1542,0.694,2.9869
88.1544,0.6756,2.9093
88.1546,0.6641,2.8611
88.1548,0.6731,2.8985
88.1550,0.6413,2.7578
88.1552,0.6901,2.969
88.1554,0.6921,2.9828
88.1556,0.5965,2.5685
88.1558,0.6399,2.7593
88.1560,0.6015,2.5926
88.1562,0.6363,2.7387
88.1564,0.6773,2.9125
88.1566,0.7339,3.1543
88.1568,0.7114,3.0617
88.1570,0.7315,3.147
88.1572,0.6994,3.0115
88.1574,0.6409,2.7609
88.1576,0.6069,2.611
88.1578,0.6765,2.9116
88.1580,0.6303,2.7167
88.1582,0.6054,2.608
88.1584,0.6164,2.6493
88.1586,0.7286,3.1317
88.1588,0.6698,2.888
88.1590,0.5776,2.4881
88.1592,0.6289,2.7067
88.1594,0.6453,2.7813
88.1596,0.5808,2.5032
88.1598,0.5742,2.4748
88.1600,0.5717,2.4651
88.1602,0.582,2.5084
88.1604,0.5959,2.5672
88.1606,0.6009,2.5925
88.1608,0.5425,2.3416
88.1610,0.4921,2.1208
88.1612,0.5923,2.5481
88.1614,0.6451,2.7776
88.1616,0.6612,2.8434
88.1618,0.7702,3.309
88.1620,0.7863,3.3795
88.1622,0.7106,3.0601
88.1624,0.6717,2.8896
88.1626,0.7259,3.1213
88.1628,0.7502,3.2229
88.1630,0.7852,3.3733
88.1632,0.7687,3.2992
88.1634,0.8124,3.4854
88.1636,0.8146,3.5028
88.1638,0.7648,3.2888
88.1640,0.7563,3.2537
88.1642,0.7606,3.2677
88.1644,0.7647,3.2853
88.1646,0.7867,3.3842
88.1648,0.7222,3.1024
88.1650,0.7809,3.3548
88.1652,0.7976,3.4296
88.1654,0.7449,3.2047
88.1656,0.7413,3.1848
88.1658,0.7923,3.4069
88.1660,0.7963,3.4223
88.1662,0.7437,3.1936
88.1664,0.8295,3.5584
88.1666,0.8056,3.4706
88.1668,0.652,2.8115
88.1670,0.6368,2.742
88.1672,0.6933,2.9852
88.1674,0.6175,2.6626
88.1676,0.5852,2.5224
88.1678,0.571,2.4631
88.1680,0.5519,2.3787
88.1682,0.562,2.4187
88.1684,0.7063,3.0372
88.1686,0.6918,2.9831
88.1688,0.5861,2.5225
88.1690,0.6421,2.7647
88.1692,0.6876,2.9596
88.1694,0.6999,3.008
88.1696,0.7198,3.0979
88.1698,0.6079,2.62
88.1700,0.5663,2.4418
88.1702,0.5674,2.4431
88.1704,0.6373,2.7428
88.1706,0.6002,2.5846
88.1708,0.6526,2.8115
88.1710,0.6051,2.6069
88.1712,0.6041,2.6011
88.1714,0.6861,2.9474
88.1716,0.7471,3.211
88.1718,0.7383,3.1734
88.1720,0.7898,3.3929
88.1722,0.8267,3.5516
88.1724,0.8352,3.5915
88.1726,0.69,2.9713
88.1728,0.5936,2.555
88.1730,0.622,2.6798
88.1732,0.6098,2.6283
88.1734,0.5995,2.5803
88.1736,0.6654,2.8641
88.1738,0.6538,2.818
88.1740,0.6181,2.6627
88.1742,0.5979,2.5759
88.1744,0.5939,2.5572
88.1746,0.5922,2.55
88.1748,0.574,2.4726
88.1750,0.5707,2.4598
88.1752,0.5804,2.5063
88.1754,0.4905,2.1161
88.1756,0.4804,2.0745
88.1758,0.4802,2.0716
88.1760,0.4784,2.0648
88.1762,0.4797,2.0686
88.1764,0.4758,2.0534
88.1766,0.4862,2.0965
88.1768,0.4878,2.1042
88.1770,0.5314,2.2935
88.1772,0.491,2.1181
88.1774,0.5158,2.219
88.1776,0.6433,2.7648
88.1778,0.7923,3.4021
88.1780,0.7712,3.3192
88.1782,0.6869,2.9537
88.1784,0.6898,2.9661
88.1786,0.7128,3.0665
88.1788,0.734,3.1534
88.1790,0.7689,3.3017
88.1792,0.8115,3.4813
88.1794,0.8428,3.6138
88.1796,0.8889,3.8064
88.1798,0.9505,4.0736
88.1800,0.9538,4.0899
88.1802,0.962,4.1249
88.1804,0.9621,4.1216
88.1806,0.9647,4.1348
88.1808,0.9722,4.1666
88.1810,0.9719,4.1714
88.1812,0.9103,3.8978
88.1814,0.9617,4.12
88.1816,1.009,4.3284
88.1818,0.9893,4.2401
88.1820,1.0146,4.3445
88.1822,1.0731,4.5886
88.1824,1.1139,4.7629
88.1826,1.1472,4.9123
88.1828,1.1205,4.7934
88.1830,1.0924,4.6843
88.1832,0.9536,4.0927
88.1834,0.9144,3.9299
88.1836,0.8421,3.6175
88.1838,0.8314,3.57
88.1840,0.816,3.5106
88.1842,0.7626,3.279
88.1844,0.7698,3.3084
88.1846,0.7829,3.3682
88.1848,0.7684,3.3074
88.1850,0.7568,3.2558
88.1852,0.7315,3.1484
88.1854,0.7331,3.1537
88.1856,0.7523,3.2377
88.1858,0.7656,3.2858
88.1860,0.8726,3.7471
88.1862,0.7919,3.4054
88.1864,0.8054,3.4647
88.1866,0.7969,3.4233
88.1868,0.7713,3.3182
88.1870,0.6856,2.9549
88.1872,0.6569,2.8261
88.1874,0.7002,3.0095
88.1876,0.7451,3.2067
88.1878,0.7362,3.1686
88.1880,0.7503,3.2264
88.1882,0.7527,3.2413
88.1884,0.7255,3.1212
88.1886,0.7587,3.2625
88.1888,0.7014,3.0231
88.1890,0.6644,2.8621
88.1892,0.6272,2.7032
88.1894,0.5884,2.5381
88.1896,0.5147,2.2236
88.1898,0.5346,2.3064
88.1900,0.5788,2.4945
88.1902,0.5907,2.5438
88.1904,0.6349,2.7363
88.1906,0.562,2.4244
88.1908,0.6018,2.5937
88.1910,0.6183,2.6675
88.1912,0.6089,2.6266
88.1914,0.5792,2.4988
88.1916,0.5471,2.3624
88.1918,0.4634,2.002
88.1920,0.4238,1.8302
88.1922,0.4362,1.8809
88.1924,0.5467,2.3587
88.1926,0.5729,2.4703
88.1928,0.5541,2.3913
88.1930,0.5647,2.4351
88.1932,0.5292,2.2831
88.1934,0.4631,1.9985
88.1936,0.4579,1.9781
88.1938,0.4565,1.9683
88.1940,0.5316,2.2903
88.1942,0.5635,2.4299
88.1944,0.5648,2.4356
88.1946,0.5648,2.4334
88.1948,0.5644,2.4336
88.1950,0.5637,2.4316
88.1952,0.5643,2.4319
88.1954,0.5692,2.452
88.1956,0.5619,2.4205
88.1958,0.5578,2.404
88.1960,0.5599,2.4133
88.1962,0.6099,2.6264
88.1964,0.6832,2.9377
88.1966,0.717,3.0846
88.1968,0.7332,3.1557
88.1970,0.6338,2.7329
88.1972,0.5416,2.3343
88.1974,0.5373,2.3167
88.1976,0.5348,2.3059
88.1978,0.5288,2.2811
88.1980,0.5298,2.2857
88.1982,0.5327,2.296
88.1984,0.5328,2.2965
88.1986,0.5328,2.2987
88.1988,0.5326,2.2955
88.1990,0.6142,2.6437
88.1992,0.6121,2.6369
88.1994,0.5513,2.3783
88.1996,0.5501,2.3742
88.1998,0.5364,2.312
88.2000,0.5373,2.3156
88.2002,0.5262,2.2692
88.2004,0.5231,2.2536
88.2006,0.5855,2.521
88.2008,0.558,2.4073
88.2010,0.4742,2.0476
88.2012,0.453,1.956
88.2014,0.4607,1.9864
88.2016,0.4912,2.1192
88.2018,0.4941,2.1286
88.2020,0.5702,2.4532
88.2022,0.6707,2.8814
88.2024,0.716,3.0804
88.2026,0.6484,2.7921
88.2028,0.6109,2.6293
88.2030,0.6237,2.687
88.2032,0.619,2.6631
88.2034,0.6782,2.9188
88.2036,0.6544,2.8166
88.2038,0.6583,2.8292
88.2040,0.7099,3.0513
88.2042,0.7083,3.0398
88.2044,0.7593,3.2636
88.2046,0.7592,3.2722
88.2048,0.6122,2.6374
88.2050,0.5831,2.5096
88.2052,0.6479,2.7874
88.2054,0.7254,3.1178
88.2056,0.7147,3.0705
88.2058,0.7068,3.0407
88.2060,0.6433,2.7712
88.2062,0.5961,2.567
88.2064,0.6032,2.5963
88.2066,0.6363,2.7387
88.2068,0.6633,2.8535
88.2070,0.655,2.8231
88.2072,0.527,2.2712
88.2074,0.4916,2.1207
88.2076,0.4896,2.111
88.2078,0.4909,2.1176
88.2080,0.4893,2.1119
88.2082,0.4845,2.0902
88.2084,0.4857,2.0934
88.2086,0.4857,2.0954
88.2088,0.4885,2.1063
88.2090,0.4878,2.1032
88.2092,0.5001,2.1524
88.2094,0.5352,2.309
88.2096,0.49,2.114
88.2098,0.4858,2.0959
88.2100,0.4861,2.0969
88.2102,0.492,2.1193
88.2104,0.529,2.2747
88.2106,0.6453,2.7748
88.2108,0.7043,3.0228
88.2110,0.7726,3.3146
88.2112,0.7773,3.3393
88.2114,0.8102,3.4805
88.2116,0.8099,3.4762
88.2118,0.7973,3.4254
88.2120,0.7928,3.4042
88.2122,0.7712,3.3131
88.2124,0.7422,3.1884
88.2126,0.7789,3.3445
88.2128,0.8104,3.4815
88.2130,0.7881,3.3904
88.2132,0.7783,3.3341
88.2134,0.9376,4.0168
88.2136,0.9112,3.9147
88.2138,0.8158,3.4982
88.2140,0.8118,3.4844
88.2142,0.8261,3.5424
88.2144,0.9275,3.9718
88.2146,0.9623,4.1284
88.2148,0.9032,3.8766
88.2150,0.844,3.624
88.2152,0.825,3.541
88.2154,0.8207,3.5225
88.2156,0.8401,3.6042
88.2158,0.887,3.8071
88.2160,0.9121,3.911
88.2162,0.908,3.8953
88.2164,0.8879,3.816
88.2166,0.7741,3.3254
88.2168,0.8196,3.5179
88.2170,0.8214,3.5322
88.2172,0.7677,3.2981
88.2174,0.7387,3.1735
88.2176,0.7719,3.327
88.2178,0.6848,2.9472
88.2180,0.686,2.9496
88.2182,0.6889,2.9652
88.2184,0.6885,2.9618
88.2186,0.6939,2.9822
88.2188,0.7144,3.0718
88.2190,0.7062,3.0395
88.2192,0.6821,2.9344
88.2194,0.7557,3.2527
88.2196,0.716,3.0804
88.2198,0.6942,2.9865
88.2200,0.6777,2.914
88.2202,0.7223,3.1087
88.2204,0.6806,2.9277
88.2206,0.6969,3.0063
88.2208,0.5658,2.4375
88.2210,0.653,2.8117
88.2212,0.6545,2.8158
88.2214,0.6941,2.9874
88.2216,0.7171,3.0865
88.2218,0.6501,2.7993
88.2220,0.6188,2.6609
88.2222,0.7224,3.1063
88.2224,0.7313,3.1489
88.2226,0.6887,2.9697
88.2228,0.6083,2.6204
88.2230,0.6404,2.7562
88.2232,0.6722,2.8943
88.2234,0.678,2.9142
88.2236,0.7194,3.0934
88.2238,0.7435,3.1985
88.2240,0.6993,3.0096
88.2242,0.6764,2.9165
88.2244,0.5913,2.544
88.2246,0.6965,2.9963
88.2248,0.7105,3.0581
88.2250,0.7078,3.0406
88.2252,0.752,3.2322
88.2254,0.7648,3.2919
88.2256,0.7086,3.0527
88.2258,0.6602,2.8453
88.2260,0.6018,2.5913
88.2262,0.6135,2.6431
88.2264,0.6207,2.6741
88.2266,0.6147,2.6507
88.2268,0.5838,2.515
88.2270,0.5646,2.4323
88.2272,0.6025,2.592
88.2274,0.6454,2.7779
88.2276,0.6559,2.8241
88.2278,0.6646,2.8591
88.2280,0.7216,3.1013
88.2282,0.7627,3.278
88.2284,0.779,3.3512
88.2286,0.7271,3.1235
88.2288,0.8017,3.4375
88.2290,0.9508,4.079
88.2292,0.9465,4.0586
88.2294,0.9235,3.9599
88.2296,0.9518,4.0888
88.2298,0.8243,3.5462
88.2300,0.6871,2.9575
88.2302,0.6336,2.7281
88.2304,0.6283,2.7029
88.2306,0.6852,2.9479
88.2308,0.7403,3.1861
88.2310,0.69,2.9657
88.2312,0.8136,3.4905
88.2314,0.8645,3.7155
88.2316,0.7696,3.311
88.2318,0.6761,2.9073
88.2320,0.6937,2.9873
88.2322,0.6953,2.9912
88.2324,0.7241,3.115
88.2326,0.7176,3.09
88.2328,0.674,2.9007
88.2330,0.6604,2.8464
88.2332,0.565,2.435
88.2334,0.5503,2.3731
88.2336,0.5527,2.3834
88.2338,0.5515,2.3771
88.2340,0.5483,2.3654
88.2342,0.553,2.3867
88.2344,0.5547,2.385
88.2346,0.7087,3.0461
88.2348,0.7434,3.1965
88.2350,0.7505,3.2255
88.2352,0.7477,3.2151
88.2354,0.6875,2.9577
88.2356,0.7039,3.0297
88.2358,0.6963,2.9981
88.2360,0.6035,2.6033
88.2362,0.5565,2.3994
88.2364,0.5493,2.3673
88.2366,0.5515,2.376
88.2368,0.5755,2.4817
88.2370,0.5544,2.3918
88.2372,0.5374,2.3162
88.2374,0.6084,2.616
88.2376,0.6874,2.9585
88.2378,0.7031,3.0191
88.2380,0.7975,3.4323
88.2382,0.7387,3.175
88.2384,0.7241,3.1164
88.2386,0.6254,2.6955
88.2388,0.5508,2.3773
88.2390,0.5412,2.3349
88.2392,0.5337,2.3012
88.2394,0.5372,2.3173
88.2396,0.5312,2.2914
88.2398,0.522,2.249
88.2400,0.5562,2.3951
88.2402,0.5948,2.5625
88.2404,0.5845,2.5204
88.2406,0.5894,2.5393
88.2408,0.5852,2.5224
88.2410,0.5972,2.574
88.2412,0.593,2.5512
88.2414,0.6838,2.9389
88.2416,0.7808,3.3574
88.2418,0.7268,3.1239
88.2420,0.7475,3.2156
88.2422,0.7212,3.1026
88.2424,0.7091,3.0491
88.2426,0.7266,3.1244
88.2428,0.6803,2.9322
88.2430,0.6231,2.6832
88.2432,0.6566,2.8233
88.2434,0.6917,2.9743
88.2436,0.68,2.9252
88.2438,0.6862,2.9547
88.2440,0.6741,2.9039
88.2442,0.5898,2.5361
88.2444,0.7178,3.0867
88.2446,0.723,3.1089
88.2448,0.7621,3.2709
88.2450,0.8238,3.5359
88.2452,0.8128,3.4967
88.2454,0.7687,3.3053
88.2456,0.7844,3.376
88.2458,0.7146,3.0714
88.2460,0.7616,3.2688
88.2462,0.8381,3.5988
88.2464,0.8496,3.6499
88.2466,0.9028,3.8696
88.2468,0.9218,3.9582
88.2470,0.8798,3.7745
88.2472,0.9193,3.9437
88.2474,0.9253,3.9657
88.2476,0.9316,4.0023
88.2478,0.8921,3.8251
88.2480,0.9639,4.1293
88.2482,0.9641,4.1341
88.2484,0.9425,4.0454
88.2486,0.9368,4.0188
88.2488,0.9488,4.0588
88.2490,1.1251,4.8134
88.2492,1.1116,4.7554
88.2494,1.1942,5.0969
88.2496,1.2394,5.2997
88.2498,1.1367,4.874
88.2500,0.9992,4.2868
88.2502,0.9289,3.9904
88.2504,0.9045,3.884
88.2506,0.9349,4.0162
88.2508,0.8351,3.5843
88.2510,0.8981,3.8544
88.2512,0.8491,3.653
88.2514,0.7774,3.3445
88.2516,0.811,3.4808
88.2518,0.8519,3.6682
88.2520,0.7594,3.2656
88.2522,0.7648,3.2904
88.2524,0.7532,3.2403
88.2526,0.7761,3.3388
88.2528,0.772,3.3259
88.2530,0.6069,2.6183
88.2532,0.5796,2.5004
88.2534,0.5978,2.579
88.2536,0.5972,2.574
88.2538,0.5959,2.5719
88.2540,0.5308,2.2909
88.2542,0.5573,2.4042
88.2544,0.5653,2.4343
88.2546,0.6075,2.6185
88.2548,0.6357,2.7361
88.2550,0.6927,2.9854
88.2552,0.6099,2.6288
88.2554,0.6193,2.6691
88.2556,0.6188,2.6658
88.2558,0.6472,2.7856
88.2560,0.7308,3.1439
88.2562,0.7507,3.231
88.2564,0.7254,3.1221
88.2566,0.7183,3.0917
88.2568,0.7259,3.1256
88.2570,0.6494,2.8001
88.2572,0.6285,2.7114
88.2574,0.5925,2.5527
88.2576,0.583,2.5149
88.2578,0.5916,2.545
88.2580,0.7309,3.1385
88.2582,0.7996,3.4431
88.2584,0.6762,2.9146
88.2586,0.6366,2.741
88.2588,0.6429,2.7696
88.2590,0.5813,2.5065
88.2592,0.5683,2.4506
88.2594,0.5676,2.4498
88.2596,0.4774,2.0616
88.2598,0.4718,2.0382
88.2600,0.4964,2.1394
88.2602,0.559,2.4092
88.2604,0.6081,2.6198
88.2606,0.6844,2.9511
88.2608,0.6193,2.6679
88.2610,0.6361,2.7376
88.2612,0.6963,2.9939
88.2614,0.6773,2.9138
88.2616,0.7223,3.1072
88.2618,0.7766,3.3378
88.2620,0.8172,3.5109
88.2622,0.7989,3.4305
88.2624,0.8068,3.4677
88.2626,0.8182,3.515
88.2628,0.8355,3.5892
88.2630,0.8298,3.5633
88.2632,0.8271,3.5564
88.2634,0.8152,3.507
88.2636,0.8134,3.496
88.2638,0.8397,3.6072
88.2640,0.8147,3.5017
88.2642,0.7885,3.3888
88.2644,0.7286,3.1331
88.2646,0.7345,3.1613
88.2648,0.7242,3.1213
88.2650,0.6618,2.8512
88.2652,0.6527,2.8094
88.2654,0.6548,2.8195
88.2656,0.653,2.8117
88.2658,0.6519,2.8084
88.2660,0.6447,2.7748
88.2662,0.615,2.6505
88.2664,0.5972,2.574
88.2666,0.6718,2.8968
88.2668,0.6372,2.7448
88.2670,0.6494,2.7949
88.2672,0.6386,2.7536
88.2674,0.5559,2.3991
88.2676,0.4951,2.1357
88.2678,0.4809,2.0747
88.2680,0.4897,2.1134
88.2682,0.4705,2.0325
88.2684,0.4638,2.0026
88.2686,0.4946,2.1327
88.2688,0.5446,2.345
88.2690,0.587,2.5301
88.2692,0.6014,2.5921
88.2694,0.5766,2.4852
88.2696,0.5688,2.4516
88.2698,0.5301,2.2899
88.2700,0.4776,2.0612
88.2702,0.4939,2.1325
88.2704,0.48,2.0725
88.2706,0.5101,2.1983
88.2708,0.6044,2.6002
88.2710,0.6555,2.8199
88.2712,0.6853,2.9415
88.2714,0.7829,3.3682
88.2716,0.7532,3.2403
88.2718,0.7876,3.3868
88.2720,0.7198,3.0979
88.2722,0.6893,2.9668
88.2724,0.6996,3.0056
88.2726,0.7512,3.2271
88.2728,0.741,3.1833
88.2730,0.7732,3.3265
88.2732,0.7241,3.1164
88.2734,0.7117,3.0562
88.2736,0.7561,3.2542
88.2738,0.6891,2.9657
88.2740,0.6761,2.9087
88.2742,0.6755,2.9047
88.2744,0.6761,2.9087
88.2746,0.6387,2.7541
88.2748,0.5861,2.526
88.2750,0.5948,2.5637
88.2752,0.5982,2.5782
88.2754,0.6109,2.6305
88.2756,0.6172,2.6579
88.2758,0.6026,2.5961
88.2760,0.5937,2.5602
88.2762,0.5692,2.4554
88.2764,0.5119,2.2081
88.2766,0.5105,2.2025
88.2768,0.5242,2.2614
88.2770,0.5518,2.376
88.2772,0.621,2.6726
88.2774,0.6731,2.8971
88.2776,0.6551,2.8184
88.2778,0.6306,2.7127
88.2780,0.6773,2.9125
88.2782,0.7041,3.0303
88.2784,0.6901,2.969
88.2786,0.7099,3.0527
88.2788,0.7412,3.1873
88.2790,0.7662,3.2884
88.2792,0.8252,3.5449
88.2794,0.7857,3.3754
88.2796,0.7905,3.3976
88.2798,0.8029,3.4507
88.2800,0.8483,3.6392
88.2802,0.8813,3.7789
88.2804,0.8868,3.8008
88.2806,0.9476,4.0613
88.2808,0.9692,4.1519
88.2810,0.9765,4.1891
88.2812,0.9388,4.0219
88.2814,1.0013,4.2875
88.2816,1.0582,4.5335
88.2818,1.0457,4.4796
88.2820,1.0132,4.3383
88.2822,1.0579,4.5214
88.2824,1.1528,4.9272
88.2826,1.156,4.9544
88.2828,1.0178,4.3706
88.2830,0.8892,3.8235
88.2832,0.8005,3.4404
88.2834,0.8493,3.6484
88.2836,0.8436,3.6259
88.2838,0.8337,3.5798
88.2840,0.8743,3.756
88.2842,0.7737,3.327
88.2844,0.763,3.2811
88.2846,0.8195,3.5207
88.2848,0.8343,3.5873
88.2850,0.7828,3.3646
88.2852,0.828,3.5556
88.2854,0.8669,3.7172
88.2856,0.8975,3.8573
88.2858,0.8871,3.8094
88.2860,0.9861,4.2302
88.2862,1.0241,4.3892
88.2864,0.9787,4.2027
88.2866,0.881,3.7902
88.2868,0.7616,3.278
88.2870,0.7063,3.0429
88.2872,0.6933,2.9894
88.2874,0.6843,2.9451
88.2876,0.699,3.01
88.2878,0.7266,3.1273
88.2880,0.7521,3.2342
88.2882,0.7862,3.3806
88.2884,0.7756,3.3337
88.2886,0.7794,3.3543
88.2888,0.7282,3.1354
88.2890,0.7377,3.1738
88.2892,0.7252,3.1225
88.2894,0.7079,3.0482
88.2896,0.7237,3.1149
88.2898,0.7152,3.0782
88.2900,0.7145,3.0737
88.2902,0.7047,3.0342
88.2904,0.697,3.0012
88.2906,0.6864,2.9585
88.2908,0.6261,2.7011
88.2910,0.6141,2.6457
88.2912,0.6983,3.0055
88.2914,0.7121,3.0663
88.2916,0.6909,2.9776
88.2918,0.6364,2.7417
88.2920,0.6223,2.6808
88.2922,0.6435,2.7735
88.2924,0.6356,2.7369
88.2926,0.6505,2.8048
88.2928,0.6338,2.7316
88.2930,0.6698,2.884
88.2932,0.6855,2.9516
88.2934,0.6894,2.9687
88.2936,0.6435,2.7709
88.2938,0.6966,2.9997
88.2940,0.6713,2.8921
88.2942,0.6912,2.9778
88.2944,0.715,3.0672
88.2946,0.9022,3.8688
88.2948,0.9321,4.0081
88.2950,0.7838,3.3672
88.2952,0.7924,3.4042
88.2954,0.7923,3.4085
88.2956,0.7398,3.184
88.2958,0.7804,3.3574
88.2960,0.7888,3.3951
88.2962,0.7246,3.1214
88.2964,0.6399,2.7567
88.2966,0.6394,2.7547
88.2968,0.6425,2.7681
88.2970,0.628,2.7056
88.2972,0.6268,2.7017
88.2974,0.619,2.6693
88.2976,0.6144,2.6479
88.2978,0.667,2.8681
88.2980,0.7718,3.3187
88.2982,0.7295,3.1426
88.2984,0.6175,2.6601
88.2986,0.62,2.6722
88.2988,0.6144,2.6492
88.2990,0.6573,2.8329
88.2992,0.6999,3.0108
88.2994,0.6755,2.9088
88.2996,0.6571,2.8319
88.2998,0.5972,2.574
88.3000,0.6471,2.789
88.3002,0.6015,2.5902
88.3004,0.5863,2.5305
88.3006,0.5674,2.4488
88.3008,0.5362,2.3131
88.3010,0.528,2.2759
88.3012,0.6056,2.6066
88.3014,0.7104,3.0619
88.3016,0.6107,2.6319
88.3018,0.5674,2.442
88.3020,0.6648,2.8615
88.3022,0.7713,3.3167
88.3024,0.8123,3.4914
88.3026,0.8331,3.5755
88.3028,0.8304,3.5659
88.3030,0.8544,3.6757
88.3032,0.7555,3.2486
88.3034,0.7389,3.1819
88.3036,0.67,2.8837
88.3038,0.6535,2.8151
88.3040,0.6803,2.9294
88.3042,0.7634,3.2842
88.3044,0.7789,3.346
88.3046,0.8423,3.6152
88.3048,0.8795,3.78
88.3050,0.856,3.6772
88.3052,0.8093,3.4801
88.3054,0.8687,3.7336
88.3056,0.8174,3.5196
88.3058,0.717,3.0846
88.3060,0.7193,3.0915
88.3062,0.728,3.132
88.3064,0.6822,2.9432
88.3066,0.562,2.4255
88.3068,0.5306,2.2899
88.3070,0.5192,2.2407
88.3072,0.5241,2.263
88.3074,0.5224,2.2537
88.3076,0.5122,2.2097
88.3078,0.5484,2.3637
88.3080,0.5892,2.5429
88.3082,0.4999,2.1574
88.3084,0.4864,2.1024
88.3086,0.4831,2.0859
88.3088,0.4863,2.098
88.3090,0.4815,2.0782
88.3092,0.5207,2.2495
88.3094,0.5009,2.1611
88.3096,0.488,2.1052
88.3098,0.4845,2.0912
88.3100,0.4855,2.0963
88.3102,0.5213,2.2469
88.3104,0.594,2.5601
88.3106,0.5631,2.4279
88.3108,0.5502,2.3715
88.3110,0.5783,2.4889
88.3112,0.6753,2.9078
88.3114,0.6922,2.9736
88.3116,0.7785,3.3414
88.3118,0.7963,3.4207
88.3120,0.7886,3.3941
88.3122,0.7807,3.3538
88.3124,0.8123,3.4914
88.3126,0.7901,3.3913
88.3128,0.8568,3.6791
88.3130,0.8314,3.5683
88.3132,0.8774,3.7607
88.3134,0.9478,4.0623
88.3136,0.9769,4.1931
88.3138,0.9364,4.0191
88.3140,0.9368,4.0169
88.3142,0.9639,4.1273
88.3144,1,4.2899
88.3146,0.9099,3.8981
88.3148,0.9622,4.1336
88.3150,0.8558,3.6733
88.3152,0.8894,3.8156
88.3154,0.9028,3.8804
88.3156,0.8323,3.5741
88.3158,0.8702,3.7316
88.3160,0.8991,3.8627
88.3162,0.8037,3.4494
88.3164,0.8451,3.6253
88.3166,0.874,3.7545
88.3168,0.8289,3.5641
88.3170,0.8048,3.4573
88.3172,0.8038,3.4516
88.3174,0.838,3.605
88.3176,0.7441,3.1982
88.3178,0.7744,3.3285
88.3180,0.7814,3.36
88.3182,0.7834,3.3734
88.3184,0.7688,3.3058
88.3186,0.8195,3.5223
88.3188,0.84,3.6071
88.3190,0.9117,3.9277
88.3192,0.6784,2.9198
88.3194,0.6784,2.9239
88.3196,0.6624,2.8538
88.3198,0.6358,2.7455
88.3200,0.5361,2.3126
88.3202,0.6206,2.6723
88.3204,0.6881,2.9644
88.3206,0.674,2.9007
88.3208,0.6502,2.8037
88.3210,0.5786,2.4962
88.3212,0.5675,2.4459
88.3214,0.6129,2.6405
88.3216,0.65,2.8027
88.3218,0.6092,2.6269
88.3220,0.6262,2.6941
88.3222,0.6903,2.9695
88.3224,0.6874,2.964
88.3226,0.6241,2.6898
88.3228,0.6496,2.7947
88.3230,0.6642,2.8603
88.3232,0.6533,2.8172
88.3234,0.6274,2.7043
88.3236,0.5977,2.5737
88.3238,0.6137,2.6424
88.3240,0.5746,2.4787
88.3242,0.5644,2.4336
88.3244,0.5964,2.5692
88.3246,0.6693,2.8806
88.3248,0.676,2.9136
88.3250,0.6453,2.7813
88.3252,0.5983,2.5823
88.3254,0.5358,2.3127
88.3256,0.5599,2.41
88.3258,0.6331,2.7222
88.3260,0.6934,2.9816
88.3262,0.7544,3.253
88.3264,0.5602,2.4177
88.3266,0.4924,2.1243
88.3268,0.5243,2.2609
88.3270,0.5899,2.5413
88.3272,0.5895,2.5421
88.3274,0.5807,2.5016
88.3276,0.5812,2.5013
88.3278,0.6514,2.8011
88.3280,0.6946,2.9937
88.3282,0.5819,2.509
88.3284,0.5589,2.4109
88.3286,0.5963,2.5663
88.3288,0.6694,2.8825
88.3290,0.6624,2.8499
88.3292,0.7066,3.0383
88.3294,0.7123,3.0687
88.3296,0.5824,2.5123
88.3298,0.5476,2.3623
88.3300,0.5463,2.3566
88.3302,0.5428,2.3416
88.3304,0.5411,2.3343
88.3306,0.5433,2.3404
88.3308,0.5437,2.3436
88.3310,0.5898,2.5373
88.3312,0.6969,3.0021
88.3314,0.6441,2.7735
88.3316,0.6464,2.7846
88.3318,0.6459,2.7826
88.3320,0.6232,2.6849
88.3322,0.6175,2.6614
88.3324,0.546,2.3545
88.3326,0.5392,2.3239
88.3328,0.5399,2.327
88.3330,0.5396,2.3233
88.3332,0.6457,2.7751
88.3334,0.7301,3.1452
88.3336,0.6158,2.6529
88.3338,0.569,2.4526
88.3340,0.5723,2.4665
88.3342,0.572,2.4621
88.3344,0.6351,2.7323
88.3346,0.6752,2.9099
88.3348,0.5482,2.3671
88.3350,0.4762,2.0574
88.3352,0.4698,2.0256
88.3354,0.5283,2.2769
88.3356,0.5864,2.5252
88.3358,0.6067,2.61
88.3360,0.6069,2.6159
88.3362,0.5485,2.3675
88.3364,0.4845,2.0902
88.3366,0.5062,2.1848
88.3368,0.4722,2.0369
88.3370,0.5229,2.2515
88.3372,0.5785,2.4934
88.3374,0.6014,2.5909
88.3376,0.603,2.5952
88.3378,0.615,2.6481
88.3380,0.64,2.7572
88.3382,0.6505,2.8022
88.3384,0.6098,2.6271
88.3386,0.5983,2.5763
88.3388,0.6361,2.7364
88.3390,0.6428,2.7704
88.3392,0.5904,2.541
88.3394,0.5866,2.5233
88.3396,0.6348,2.7358
88.3398,0.5698,2.458
88.3400,0.4987,2.1502
88.3402,0.5045,2.1756
88.3404,0.502,2.1657
88.3406,0.496,2.1399
88.3408,0.4825,2.0804
88.3410,0.4749,2.0469
88.3412,0.5412,2.3349
88.3414,0.5153,2.2221
88.3416,0.5186,2.2381
88.3418,0.5137,2.2128
88.3420,0.5663,2.4362
88.3422,0.6083,2.6204
88.3424,0.6116,2.6336
88.3426,0.6144,2.6418
88.3428,0.6611,2.8442
88.3430,0.6326,2.7239
88.3432,0.6491,2.7926
88.3434,0.6845,2.9448
88.3436,0.6603,2.8393
88.3438,0.6125,2.6384
88.3440,0.5832,2.5101
88.3442,0.624,2.683
88.3444,0.6665,2.8634
88.3446,0.7484,3.2182
88.3448,0.7651,3.2837
88.3450,0.7958,3.4171
88.3452,0.7873,3.3805
88.3454,0.7891,3.3882
88.3456,0.8147,3.4952
88.3458,0.8358,3.5857
88.3460,0.8074,3.4622
88.3462,0.907,3.8858
88.3464,1.0036,4.2993
88.3466,1.018,4.3609
88.3468,0.9912,4.2484
88.3470,0.917,3.9339
88.3472,0.9144,3.9226
88.3474,0.9096,3.9002
88.3476,0.8732,3.7462
88.3478,0.909,3.8995
88.3480,0.928,3.9868
88.3482,0.853,3.661
88.3484,0.8332,3.581
88.3486,0.8058,3.4603
88.3488,0.8351,3.5826
88.3490,0.8934,3.8344
88.3492,0.8689,3.7294
88.3494,0.8555,3.6752
88.3496,0.8242,3.544
88.3498,0.7423,3.1919
88.3500,0.7226,3.1073
88.3502,0.7255,3.1197
88.3504,0.7399,3.1831
88.3506,0.7065,3.0434
88.3508,0.6771,2.9128
88.3510,0.7477,3.2166
88.3512,0.7146,3.0728
88.3514,0.7512,3.2286
88.3516,0.8437,3.6213
88.3518,0.8608,3.6927
88.3520,0.8156,3.5053
88.3522,0.7264,3.1233
88.3524,0.7065,3.0392
88.3526,0.7013,3.0184
88.3528,0.6931,2.9875
88.3530,0.6224,2.6788
88.3532,0.6507,2.7993
88.3534,0.6834,2.9415
88.3536,0.669,2.8822
88.3538,0.6342,2.7294
88.3540,0.6212,2.6761
88.3542,0.6295,2.7118
88.3544,0.6472,2.7856
88.3546,0.6411,2.7645
88.3548,0.5759,2.4844
88.3550,0.5641,2.4291
88.3552,0.616,2.6502
88.3554,0.626,2.6993
88.3556,0.5761,2.4819
88.3558,0.6236,2.6877
88.3560,0.6401,2.7578
88.3562,0.5939,2.5596
88.3564,0.5779,2.4908
88.3566,0.6303,2.7141
88.3568,0.6711,2.887
88.3570,0.6702,2.8874
88.3572,0.636,2.7409
88.3574,0.5918,2.552
88.3576,0.5857,2.5233
88.3578,0.6515,2.8016
88.3580,0.728,3.1349
88.3582,0.6511,2.8061
88.3584,0.583,2.5114
88.3586,0.5592,2.4113
88.3588,0.5547,2.3917
88.3590,0.5586,2.4065
88.3592,0.5737,2.4693
88.3594,0.6147,2.6495
88.3596,0.5776,2.4939
88.3598,0.478,2.0632
88.3600,0.5324,2.2891
88.3602,0.6511,2.8035
88.3604,0.6583,2.8331
88.3606,0.6412,2.7598
88.3608,0.624,2.6855
88.3610,0.6407,2.7539
88.3612,0.7409,3.1828
88.3614,0.7706,3.3136
88.3616,0.7175,3.0852
88.3618,0.7279,3.1271
88.3620,0.7642,3.2832
88.3622,0.8032,3.4474
88.3624,0.8445,3.6312
88.3626,0.7497,3.2239
88.3628,0.7331,3.1537
88.3630,0.7318,3.1465
88.3632,0.7441,3.1967
88.3634,0.7999,3.4346
88.3636,0.8043,3.4568
88.3638,0.8118,3.4893
88.3640,0.8008,3.4435
88.3642,0.8033,3.4543
88.3644,0.8135,3.4933
88.3646,0.8174,3.513
88.3648,0.7959,3.4208
88.3650,0.7909,3.3975
88.3652,0.758,3.2564
88.3654,0.734,3.1549
88.3656,0.7597,3.2682
88.3658,0.7496,3.2294
88.3660,0.6521,2.8042
88.3662,0.6797,2.9309
88.3664,0.5796,2.4981
88.3666,0.5778,2.4892
88.3668,0.5676,2.4464
88.3670,0.5881,2.5324
88.3672,0.5821,2.5101
88.3674,0.5682,2.4512
88.3676,0.5634,2.4261
88.3678,0.6856,2.9453
88.3680,0.7569,3.2578
88.3682,0.6338,2.7342
88.3684,0.5632,2.4273
88.3686,0.5596,2.4095
88.3688,0.622,2.6773
88.3690,0.6766,2.9148
88.3692,0.6542,2.8169
88.3694,0.6489,2.7968
88.3696,0.5644,2.4347
88.3698,0.5544,2.3918
88.3700,0.5482,2.3638
88.3702,0.5843,2.5135
88.3704,0.6742,2.8991
88.3706,0.6869,2.9592
88.3708,0.6322,2.7237
88.3710,0.6314,2.7163
88.3712,0.7226,3.1045
88.3714,0.7454,3.2068
88.3716,0.7049,3.0296
88.3718,0.7411,3.1838
88.3720,0.7362,3.1641
88.3722,0.7477,3.2211
88.3724,0.6923,2.9797
88.3726,0.6628,2.8514
88.3728,0.7014,3.0203
88.3730,0.6756,2.9039
88.3732,0.743,3.192
88.3734,0.7013,3.0184
88.3736,0.678,2.9183
88.3738,0.6997,3.0075
88.3740,0.7105,3.061
88.3742,0.564,2.4354
88.3744,0.5366,2.3125
88.3746,0.6059,2.6112
88.3748,0.5666,2.4434
88.3750,0.4899,2.1135
88.3752,0.4866,2.099
88.3754,0.4842,2.0887
88.3756,0.488,2.1072
88.3758,0.4838,2.0881
88.3760,0.4795,2.0685
88.3762,0.48,2.0725
88.3764,0.4845,2.0912
88.3766,0.5187,2.2335
88.3768,0.5917,2.5455
88.3770,0.6268,2.7004
88.3772,0.5906,2.5432
88.3774,0.5933,2.557
88.3776,0.5541,2.388
88.3778,0.581,2.5031
88.3780,0.6274,2.703
88.3782,0.5827,2.5092
88.3784,0.5994,2.5773
88.3786,0.7023,3.0169
88.3788,0.729,3.1332
88.3790,0.7658,3.2899
88.3792,0.7832,3.3614
88.3794,0.815,3.5011
88.3796,0.8055,3.4604
88.3798,0.8362,3.5872
88.3800,0.8418,3.6114
88.3802,0.841,3.6061
88.3804,0.8385,3.597
88.3806,0.9126,3.9149
88.3808,0.9476,4.0613
88.3810,0.9767,4.1803
88.3812,0.99,4.2393
88.3814,1.0055,4.3035
88.3816,1.0889,4.6585
88.3818,1.1145,4.7744
88.3820,1.0574,4.5236
88.3822,1.1067,4.7366
88.3824,1.1015,4.7145
88.3826,1.09,4.6696
88.3828,1.0098,4.332
88.3830,0.9664,4.14
88.3832,1.009,4.3284
88.3834,0.8819,3.7867
88.3836,0.8747,3.7593
88.3838,0.8711,3.7439
88.3840,0.8003,3.4462
88.3842,0.7111,3.0593
88.3844,0.6904,2.9714
88.3846,0.7027,3.0246
88.3848,0.6579,2.8329
88.3850,0.6362,2.742
88.3852,0.6137,2.6411
88.3854,0.6463,2.7841
88.3856,0.6889,2.968
88.3858,0.6698,2.8813
88.3860,0.7831,3.3609
88.3862,0.8298,3.5666
88.3864,0.7978,3.4306
88.3866,0.7995,3.4394
88.3868,0.7537,3.2379
88.3870,0.7801,3.359
88.3872,0.7226,3.1131
88.3874,0.6282,2.7074
88.3876,0.6502,2.7985
88.3878,0.7037,3.0245
88.3880,0.7152,3.0768
88.3882,0.7001,3.0174
88.3884,0.6255,2.6972
88.3886,0.635,2.7355
88.3888,0.6115,2.6355
88.3890,0.5839,2.5178
88.3892,0.5906,2.548
88.3894,0.5931,2.5529
88.3896,0.6541,2.8177
88.3898,0.6089,2.6278
88.3900,0.517,2.2324
88.3902,0.4898,2.1149
88.3904,0.5121,2.2071
88.3906,0.5589,2.412
88.3908,0.5074,2.188
88.3910,0.5728,2.4698
88.3912,0.5307,2.2904
88.3914,0.5005,2.16
88.3916,0.4958,2.1398
88.3918,0.5006,2.1615
88.3920,0.5027,2.1678
88.3922,0.5392,2.3228
88.3924,0.5778,2.4926
88.3926,0.4946,2.1366
88.3928,0.421,1.8186
88.3930,0.4479,1.9307
88.3932,0.5752,2.4801
88.3934,0.5867,2.5297
88.3936,0.6292,2.707
88.3938,0.6688,2.8745
88.3940,0.7301,3.1422
88.3942,0.6545,2.8158
88.3944,0.6819,2.9334
88.3946,0.6987,3.0084
88.3948,0.5937,2.5579
88.3950,0.6238,2.685
88.3952,0.6911,2.9759
88.3954,0.6647,2.8597
88.3956,0.6734,2.8995
88.3958,0.6114,2.6362
88.3960,0.5451,2.3492
88.3962,0.5393,2.3234
88.3964,0.5538,2.387
88.3966,0.5476,2.3601
88.3968,0.5453,2.3525
88.3970,0.5379,2.3193
88.3972,0.544,2.3435
88.3974,0.5538,2.3847
88.3976,0.6225,2.6818
88.3978,0.5897,2.5427
88.3980,0.5511,2.3729
88.3982,0.5619,2.4182
88.3984,0.6314,2.7213
88.3986,0.5753,2.4841
88.3988,0.524,2.2593
88.3990,0.5186,2.2361
88.3992,0.5194,2.2376
88.3994,0.5224,2.2526
88.3996,0.5206,2.2428
88.3998,0.5628,2.4257
88.4000,0.5767,2.4891
88.4002,0.496,2.1409
88.4004,0.4569,1.9731
88.4006,0.4488,1.9388
88.4008,0.449,1.938
88.4010,0.4544,1.9595
88.4012,0.4631,1.9958
88.4014,0.4976,2.1456
88.4016,0.4915,2.1173
88.4018,0.5477,2.3551
88.4020,0.6791,2.9216
88.4022,0.7067,3.043
88.4024,0.6909,2.9693
88.4026,0.693,2.98
88.4028,0.7073,3.0399
88.4030,0.7313,3.1459
88.4032,0.6633,2.8508
88.4034,0.7085,3.0508
88.4036,0.6415,2.7647
88.4038,0.6265,2.6964
88.4040,0.6397,2.7506
88.4042,0.7212,3.0997
88.4044,0.7594,3.2656
88.4046,0.6929,2.9767
88.4048,0.7279,3.1286
88.4050,0.7049,3.0339
88.4052,0.7164,3.0805
88.4054,0.76,3.2652
88.4056,0.7077,3.0471
88.4058,0.6081,2.6198
88.4060,0.6108,2.6312
88.4062,0.5917,2.5479
88.4064,0.6031,2.6006
88.4066,0.5115,2.2066
88.4068,0.4896,2.1119
88.4070,0.4935,2.129
88.4072,0.4899,2.1135
88.4074,0.4933,2.126
88.4076,0.4994,2.1523
88.4078,0.5583,2.4039
88.4080,0.5921,2.5506
88.4082,0.5159,2.2247
88.4084,0.5375,2.3188
88.4086,0.4943,2.1316
88.4088,0.4958,2.1378
88.4090,0.487,2.0991
88.4092,0.4825,2.0814
88.4094,0.4943,2.1277
88.4096,0.5824,2.5065
88.4098,0.5893,2.5387
88.4100,0.5744,2.477
88.4102,0.5062,2.1848
88.4104,0.4978,2.1456
88.4106,0.5301,2.2846
88.4108,0.587,2.5254
88.4110,0.6151,2.6498
88.4112,0.5912,2.5458
88.4114,0.5934,2.5492
88.4116,0.7056,3.0299
88.4118,0.7441,3.1982
88.4120,0.7883,3.3852
88.4122,0.7924,3.3995
88.4124,0.8172,3.5076
88.4126,0.7895,3.3856
88.4128,0.8467,3.6325
88.4130,0.8755,3.7542
88.4132,0.875,3.7504
88.4134,0.8875,3.8092
88.4136,0.8927,3.8241
88.4138,0.9557,4.0943
88.4140,1.0447,4.4608
88.4142,1.1654,4.9787
88.4144,1.1385,4.8658
88.4146,1.1169,4.7735
88.4148,1.1416,4.8791
88.4150,1.0783,4.6214
88.4152,0.9072,3.9008
88.4154,0.7373,3.1688
88.4156,0.8247,3.5362
88.4158,0.8788,3.7716
88.4160,0.8273,3.5492
88.4162,0.8497,3.6471
88.4164,0.8156,3.5085
88.4166,0.7289,3.1385
88.4168,0.713,3.069
88.4170,0.6857,2.9472
88.4172,0.7165,3.0825
88.4174,0.7748,3.3285
88.4176,0.809,3.4769
88.4178,0.7561,3.2497
88.4180,0.7422,3.1899
88.4182,0.7508,3.227
88.4184,0.7672,3.3022
88.4186,0.7723,3.3146
88.4188,0.8194,3.5234
88.4190,0.7385,3.1724
88.4192,0.7857,3.3801
88.4194,0.7363,3.1676
88.4196,0.7363,3.1632
88.4198,0.7749,3.3368
88.4200,0.6868,2.9559
88.4202,0.6937,2.9859
88.4204,0.7086,3.0456
88.4206,0.6989,3.0123
88.4208,0.6333,2.7271
88.4210,0.7039,3.0241
88.4212,0.7678,3.3033
88.4214,0.6717,2.8936
88.4216,0.6651,2.8625
88.4218,0.7328,3.1497
88.4220,0.7624,3.2785
88.4222,0.7373,3.1702
88.4224,0.7114,3.0603
88.4226,0.708,3.0459
88.4228,0.71,3.0532
88.4230,0.7393,3.1775
88.4232,0.738,3.1778
88.4234,0.7309,3.1473
88.4236,0.7309,3.14
88.4238,0.7471,3.2125
88.4240,0.755,3.245
88.4242,0.7423,3.1949
88.4244,0.6922,2.9792
88.4246,0.6794,2.928
88.4248,0.6647,2.8583
88.4250,0.7493,3.2248
88.4252,0.7141,3.075
88.4254,0.6354,2.7371
88.4256,0.6125,2.6384
88.4258,0.6296,2.7085
88.4260,0.6322,2.7275
88.4262,0.5443,2.3483
88.4264,0.5318,2.294
88.4266,0.5325,2.2982
88.4268,0.5334,2.3012
88.4270,0.5417,2.3304
88.4272,0.6785,2.919
88.4274,0.6611,2.8495
88.4276,0.593,2.5595
88.4278,0.5469,2.3592
88.4280,0.5379,2.3193
88.4282,0.5374,2.3162
88.4284,0.5372,2.3173
88.4286,0.5418,2.3375
88.4288,0.5399,2.327
88.4290,0.5366,2.3136
88.4292,0.5268,2.2717
88.4294,0.5229,2.2547
88.4296,0.5243,2.2609
88.4298,0.525,2.2661
88.4300,0.5262,2.2692
88.4302,0.5265,2.2702
88.4304,0.5541,2.3858
88.4306,0.6647,2.861
88.4308,0.674,2.9034
88.4310,0.6077,2.6178
88.4312,0.5512,2.3778
88.4314,0.5282,2.2795
88.4316,0.5332,2.2981
88.4318,0.5897,2.5379
88.4320,0.6128,2.6351
88.4322,0.6265,2.7026
88.4324,0.5381,2.3214
88.4326,0.5328,2.2976
88.4328,0.533,2.297
88.4330,0.54,2.3275
88.4332,0.5999,2.583
88.4334,0.6363,2.7349
88.4336,0.6646,2.8591
88.4338,0.6495,2.7967
88.4340,0.6361,2.7415
88.4342,0.5662,2.4391
88.4344,0.5356,2.3084
88.4346,0.5342,2.3033
88.4348,0.5494,2.3656
88.4350,0.6592,2.8359
88.4352,0.677,2.9109
88.4354,0.6796,2.9223
88.4356,0.6449,2.7745
88.4358,0.6242,2.6891
88.4360,0.5555,2.3942
88.4362,0.5344,2.3054
88.4364,0.5144,2.219
88.4366,0.5019,2.1622
88.4368,0.5518,2.376
88.4370,0.5657,2.4347
88.4372,0.6478,2.7869
88.4374,0.6801,2.9257
88.4376,0.6688,2.8772
88.4378,0.6196,2.6694
88.4380,0.5965,2.5697
88.4382,0.5681,2.4496
88.4384,0.5204,2.2428
88.4386,0.522,2.249
88.4388,0.5448,2.3504
88.4390,0.5107,2.1999
88.4392,0.5168,2.2283
88.4394,0.4946,2.1327
88.4396,0.4929,2.1304
88.4398,0.4045,1.7501
88.4400,0.3556,1.5363
88.4402,0.3519,1.5195
88.4404,0.3549,1.5332
88.4406,0.3646,1.5759
88.4408,0.4013,1.732
88.4410,0.4436,1.9112
88.4412,0.5403,2.3286
88.4414,0.5255,2.2661
88.4416,0.5161,2.2242
88.4418,0.5127,2.2087
88.4420,0.5156,2.218
88.4422,0.5972,2.5693
88.4424,0.603,2.594
88.4426,0.5749,2.4779
88.4428,0.514,2.2175
88.4430,0.5005,2.159
88.4432,0.4939,2.1276
88.4434,0.5234,2.2547
88.4436,0.5849,2.5161
88.4438,0.6597,2.834
88.4440,0.6967,2.9918
88.4442,0.7279,3.1198
88.4444,0.8524,3.6567
88.4446,0.8338,3.5769
88.4448,0.8254,3.5393
88.4450,0.8266,3.5461
88.4452,0.8317,3.5715
88.4454,0.8285,3.5527
88.4456,0.9192,3.9321
88.4458,0.9724,4.1618
88.4460,0.9693,4.1485
88.4462,0.9731,4.1727
88.4464,0.9428,4.0426
88.4466,0.8913,3.8238
88.4468,0.8672,3.7222
88.4470,0.8533,3.6574
88.4472,0.9193,3.9382
88.4474,0.971,4.1596
88.4476,0.9903,4.2363
88.4478,1.0803,4.6237
88.4480,1.0953,4.6878
88.4482,1.0792,4.6148
88.4484,1.0575,4.5346
88.4486,0.9966,4.2655
88.4488,1.0582,4.5272
88.4490,1.0905,4.6651
88.4492,1.0025,4.3027
88.4494,0.8365,3.5938
88.4496,0.8441,3.6262
88.4498,0.826,3.5485
88.4500,0.7701,3.3115
88.4502,0.7978,3.4242
88.4504,0.8623,3.7028
88.4506,0.8424,3.619
88.4508,0.8097,3.4817
88.4510,0.8121,3.492
88.4512,0.77,3.311
88.4514,0.7556,3.2506
88.4516,0.7369,3.1687
88.4518,0.743,3.195
88.4520,0.7313,3.1445
88.4522,0.7084,3.0502
88.4524,0.6493,2.7957
88.4526,0.7036,3.024
88.4528,0.7561,3.2512
88.4530,0.7696,3.3125
88.4532,0.726,3.1218
88.4534,0.768,3.2992
88.4536,0.7774,3.343
88.4538,0.7497,3.2254
88.4540,0.7256,3.1159
88.4542,0.7879,3.3847
88.4544,0.7741,3.3363
88.4546,0.6248,2.6941
88.4548,0.5886,2.5345
88.4550,0.6291,2.7077
88.4552,0.6583,2.8358
88.4554,0.6719,2.8919
88.4556,0.6916,2.9766
88.4558,0.765,3.2848
88.4560,0.8339,3.5825
88.4562,0.8271,3.5597
88.4564,0.7045,3.0309
88.4566,0.7347,3.1594
88.4568,0.6889,2.9611
88.4570,0.7856,3.378
88.4572,0.7127,3.0703
88.4574,0.6186,2.666
88.4576,0.5591,2.4131
88.4578,0.5218,2.2521
88.4580,0.5237,2.2562
88.4582,0.5688,2.4504
88.4584,0.5716,2.4634
88.4586,0.6178,2.6567
88.4588,0.6559,2.8228
88.4590,0.6867,2.9568
88.4592,0.6798,2.9274
88.4594,0.6583,2.8331
88.4596,0.6539,2.8145
88.4598,0.6536,2.813
88.4600,0.6399,2.7542
88.4602,0.6509,2.8003
88.4604,0.6916,2.9738
88.4606,0.7782,3.3414
88.4608,0.8864,3.801
88.4610,0.9321,4.0025
88.4612,0.8669,3.7241
88.4614,0.8316,3.5743
88.4616,0.7774,3.3383
88.4618,0.821,3.5236
88.4620,0.8236,3.5415
88.4622,0.8009,3.444
88.4624,0.8085,3.4797
88.4626,0.7365,3.1672
88.4628,0.7163,3.08
88.4630,0.7192,3.0924
88.4632,0.7635,3.2847
88.4634,0.7466,3.209
88.4636,0.7248,3.1166
88.4638,0.7345,3.1569
88.4640,0.8061,3.463
88.4642,0.8416,3.6171
88.4644,0.7927,3.4164
88.4646,0.6481,2.7918
88.4648,0.6087,2.6212
88.4650,0.6218,2.6825
88.4652,0.5617,2.4188
88.4654,0.6102,2.6335
88.4656,0.5214,2.2474
88.4658,0.5415,2.3381
88.4660,0.4955,2.1398
88.4662,0.4856,2.0968
88.4664,0.4685,2.0228
88.4666,0.4627,1.997
88.4668,0.4608,1.9887
88.4670,0.4628,1.9975
88.4672,0.4644,2.0052
88.4674,0.4679,2.0202
88.4676,0.4645,2.0038
88.4678,0.4882,2.1043
88.4680,0.5442,2.3467
88.4682,0.5897,2.5415
88.4684,0.6219,2.6768
88.4686,0.62,2.6697
88.4688,0.566,2.4385
88.4690,0.5788,2.4933
88.4692,0.6563,2.8262
88.4694,0.6352,2.7366
88.4696,0.5947,2.5608
88.4698,0.5937,2.5555
88.4700,0.6079,2.6164
88.4702,0.6128,2.6388
88.4704,0.5965,2.5674
88.4706,0.6105,2.6302
88.4708,0.653,2.8091
88.4710,0.7037,3.0273
88.4712,0.6229,2.6834
88.4714,0.6015,2.5914
88.4716,0.6277,2.699
88.4718,0.6596,2.8362
88.4720,0.6812,2.929
88.4722,0.6593,2.8457
88.4724,0.5134,2.2159
88.4726,0.4896,2.1119
88.4728,0.4843,2.0901
88.4730,0.4898,2.113
88.4732,0.5363,2.3083
88.4734,0.572,2.4632
88.4736,0.5759,2.4809
88.4738,0.6078,2.6195
88.4740,0.5975,2.5715
88.4742,0.5801,2.5036
88.4744,0.4963,2.1419
88.4746,0.4866,2.098
88.4748,0.4898,2.113
88.4750,0.5231,2.2568
88.4752,0.5615,2.4167
88.4754,0.6321,2.7232
88.4756,0.5214,2.2485
88.4758,0.523,2.2552
88.4760,0.5248,2.264
88.4762,0.4999,2.1544
88.4764,0.4949,2.1352
88.4766,0.4953,2.1368
88.4768,0.5288,2.2758
88.4770,0.5933,2.5522
88.4772,0.5942,2.5599
88.4774,0.5706,2.4593
88.4776,0.6086,2.6183
88.4778,0.7048,3.0291
88.4780,0.7213,3.0973
88.4782,0.7255,3.1168
88.4784,0.7756,3.3352
88.4786,0.734,3.1519
88.4788,0.8176,3.5042
88.4790,0.9427,4.044
88.4792,0.9584,4.1114
88.4794,0.918,3.9325
88.4796,0.9479,4.0571
88.4798,0.9585,4.1061
88.4800,0.9562,4.0926
88.4802,0.9677,4.1534
88.4804,0.9061,3.8871
88.4806,0.9244,3.9658
88.4808,0.969,4.1533
88.4810,0.9678,4.1462
88.4812,0.9419,4.039
88.4814,0.9152,3.9225
88.4816,0.9111,3.9087
88.4818,0.8927,3.8313
88.4820,0.9033,3.8735
88.4822,0.8954,3.8449
88.4824,0.8971,3.8521
88.4826,0.8906,3.819
88.4828,0.893,3.831
88.4830,0.8286,3.5631
88.4832,0.7182,3.0926
88.4834,0.6923,2.9797
88.4836,0.7611,3.2713
88.4838,0.7774,3.3383
88.4840,0.8248,3.5483
88.4842,0.8048,3.4605
88.4844,0.8186,3.5165
88.4846,0.8154,3.4982
88.4848,0.8018,3.4476
88.4850,0.71,3.0546
88.4852,0.7433,3.199
88.4854,0.7098,3.0564
88.4856,0.6689,2.8804
88.4858,0.6514,2.805
88.4860,0.6933,2.981
88.4862,0.741,3.1907
88.4864,0.6382,2.7495
88.4866,0.6132,2.6403
88.4868,0.7002,3.0151
88.4870,0.6391,2.7531
88.4872,0.5785,2.4946
88.4874,0.6252,2.6919
88.4876,0.675,2.9054
88.4878,0.6579,2.8342
88.4880,0.5929,2.5519
88.4882,0.6785,2.9244
88.4884,0.6573,2.8277
88.4886,0.7254,3.1236
88.4888,0.6988,3.0089
88.4890,0.6719,2.8919
88.4892,0.6707,2.8868
88.4894,0.6431,2.7694
88.4896,0.5916,2.5521
88.4898,0.579,2.4955
88.4900,0.6376,2.7444
88.4902,0.69,2.9713
88.4904,0.6669,2.8743
88.4906,0.5995,2.5851
88.4908,0.568,2.4479
88.4910,0.5704,2.4583
88.4912,0.5747,2.4757
88.4914,0.5898,2.542
88.4916,0.6219,2.6805
88.4918,0.5849,2.5185
88.4920,0.624,2.6893
88.4922,0.6537,2.8148
88.4924,0.6669,2.8689
88.4926,0.6449,2.7784
88.4928,0.6742,2.9031
88.4930,0.6716,2.8891
88.4932,0.7073,3.0442
88.4934,0.7224,3.1049
88.4936,0.8068,3.4612
88.4938,0.8888,3.8148
88.4940,0.8754,3.7572
88.4942,0.8659,3.7235
88.4944,0.7741,3.327
88.4946,0.762,3.278
88.4948,0.7698,3.3084
88.4950,0.8229,3.5318
88.4952,0.8664,3.7169
88.4954,0.8919,3.8353
88.4956,0.7243,3.1189
88.4958,0.6314,2.7188
88.4960,0.6712,2.8915
88.4962,0.6416,2.7652
88.4964,0.6479,2.7874
88.4966,0.7029,3.0237
88.4968,0.7039,3.0311
88.4970,0.6296,2.711
88.4972,0.6177,2.6624
88.4974,0.6126,2.6402
88.4976,0.597,2.5718
88.4978,0.6344,2.7279
88.4980,0.7031,3.0261
88.4982,0.6423,2.7709
88.4984,0.569,2.4537
88.4986,0.5705,2.4599
88.4988,0.5586,2.4076
88.4990,0.5664,2.4424
88.4992,0.5599,2.4122
88.4994,0.5537,2.3864
88.4996,0.5536,2.3881
88.4998,0.5895,2.5374
88.5000,0.7043,3.0299
88.5002,0.6334,2.7301
88.5004,0.5568,2.3999
88.5006,0.6174,2.6584
88.5008,0.663,2.8524
88.5010,0.7168,3.0792
88.5012,0.7803,3.3538
88.5014,0.7917,3.3996
88.5016,0.7949,3.4166
88.5018,0.7605,3.2672
88.5020,0.7776,3.3419
88.5022,0.777,3.3378
88.5024,0.8068,3.4725
88.5026,0.731,3.1478
88.5028,0.7232,3.1099
88.5030,0.7648,3.2827
88.5032,0.7888,3.3967
88.5034,0.7192,3.0924
88.5036,0.7712,3.3131
88.5038,0.784,3.3666
88.5040,0.7579,3.2604
88.5042,0.7151,3.0749
88.5044,0.7541,3.2485
88.5046,0.6668,2.8724
88.5048,0.7199,3.0897
88.5050,0.7883,3.3899
88.5052,0.7345,3.1584
88.5054,0.7778,3.343
88.5056,0.7172,3.087
88.5058,0.6449,2.7745
88.5060,0.6617,2.8494
88.5062,0.6078,2.6256
88.5064,0.4928,2.1279
88.5066,0.4864,2.0985
88.5068,0.4828,2.083
88.5070,0.4801,2.073
88.5072,0.4828,2.083
88.5074,0.4808,2.0742
88.5076,0.485,2.0942
88.5078,0.4846,2.0917
88.5080,0.4961,2.1384
88.5082,0.5489,2.3658
88.5084,0.596,2.5677
88.5086,0.6005,2.5868
88.5088,0.5982,2.5758
88.5090,0.5391,2.3266
88.5092,0.5032,2.1729
88.5094,0.4997,2.1549
88.5096,0.5223,2.249
88.5098,0.5561,2.3957
88.5100,0.6152,2.6503
88.5102,0.605,2.6064
88.5104,0.572,2.4644
88.5106,0.6457,2.7776
88.5108,0.7104,3.0562
88.5110,0.7236,3.1129
88.5112,0.7248,3.1137
88.5114,0.7819,3.3605
88.5116,0.8043,3.4536
88.5118,0.9062,3.8804
88.5120,1.01,4.329
88.5122,0.9933,4.2531
88.5124,0.9823,4.2084
88.5126,0.9931,4.2586
88.5128,0.9737,4.1753
88.5130,0.9706,4.16
88.5132,0.9303,3.9873
88.5134,1.0129,4.3312
88.5136,1.1202,4.7901
88.5138,1.1014,4.714
88.5140,1.0733,4.6025
88.5142,0.973,4.1722
88.5144,0.973,4.1683
88.5146,1.013,4.3439
88.5148,1.0142,4.347
88.5150,0.9821,4.2191
88.5152,0.8588,3.6896
88.5154,0.8644,3.7098
88.5156,0.8936,3.8336
88.5158,0.8977,3.8601
88.5160,0.7846,3.3708
88.5162,0.7502,3.2289
88.5164,0.7277,3.1348
88.5166,0.6513,2.8058
88.5168,0.6176,2.6619
88.5170,0.6009,2.5913
88.5172,0.6151,2.6523
88.5174,0.609,2.6235
88.5176,0.6137,2.6448
88.5178,0.6292,2.7108
88.5180,0.7327,3.1492
88.5182,0.7764,3.3368
88.5184,0.764,3.2959
88.5186,0.5719,2.4696
88.5188,0.5223,2.2521
88.5190,0.5935,2.5545
88.5192,0.6517,2.8073
88.5194,0.6702,2.8847
88.5196,0.6856,2.9508
88.5198,0.7387,3.175
88.5200,0.7658,3.2991
88.5202,0.6536,2.8156
88.5204,0.6632,2.8556
88.5206,0.7207,3.1005
88.5208,0.7219,3.1043
88.5210,0.7399,3.186
88.5212,0.6951,2.9929
88.5214,0.683,2.9422
88.5216,0.622,2.6798
88.5218,0.614,2.6464
88.5220,0.6389,2.7513
88.5222,0.6714,2.8912
88.5224,0.6554,2.822
88.5226,0.6529,2.8125
88.5228,0.5976,2.5756
88.5230,0.5928,2.5525
88.5232,0.6437,2.7694
88.5234,0.6404,2.7588
88.5236,0.6117,2.639
88.5238,0.5748,2.4751
88.5240,0.5638,2.4344
88.5242,0.4473,1.9316
88.5244,0.4731,2.0392
88.5246,0.5482,2.3627
88.5248,0.5694,2.4553
88.5250,0.5716,2.4634
88.5252,0.5615,2.42
88.5254,0.6056,2.6126
88.5256,0.5713,2.4624
88.5258,0.5637,2.4305
88.5260,0.5872,2.5295
88.5262,0.5941,2.5606
88.5264,0.6174,2.6559
88.5266,0.6933,2.9824
88.5268,0.6762,2.9078
88.5270,0.7725,3.328
88.5272,0.622,2.6822
88.5274,0.5437,2.3457
88.5276,0.5378,2.3199
88.5278,0.5436,2.3441
88.5280,0.5374,2.3162
88.5282,0.5503,2.3731
88.5284,0.552,2.3814
88.5286,0.5499,2.371
88.5288,0.5471,2.3569
88.5290,0.5519,2.3787
88.5292,0.5472,2.3607
88.5294,0.5838,2.5115
88.5296,0.69,2.9644
88.5298,0.7319,3.1456
88.5300,0.7187,3.0961
88.5302,0.6017,2.5944
88.5304,0.5381,2.3193
88.5306,0.5274,2.2743
88.5308,0.578,2.4879
88.5310,0.5977,2.5773
88.5312,0.4979,2.1471
88.5314,0.5431,2.3431
88.5316,0.527,2.2702
88.5318,0.5638,2.4299
88.5320,0.5587,2.4093
88.5322,0.5747,2.4769
88.5324,0.5655,2.4394
88.5326,0.4814,2.0768
88.5328,0.4788,2.0663
88.5330,0.4738,2.0442
88.5332,0.5005,2.157
88.5334,0.5587,2.407
88.5336,0.5898,2.5396
88.5338,0.5947,2.5608
88.5340,0.619,2.6681
88.5342,0.5969,2.5689
88.5344,0.622,2.6748
88.5346,0.6309,2.718
88.5348,0.6228,2.6829
88.5350,0.5972,2.574
88.5352,0.537,2.3135
88.5354,0.5803,2.4988
88.5356,0.6409,2.7621
88.5358,0.602,2.5923
88.5360,0.59,2.5395
88.5362,0.6102,2.6274
88.5364,0.5912,2.547
88.5366,0.5735,2.4717
88.5368,0.5834,2.5146
88.5370,0.5931,2.5529
88.5372,0.6459,2.7826
88.5374,0.625,2.6927
88.5376,0.6113,2.6296
88.5378,0.6349,2.7338
88.5380,0.5827,2.5092
88.5382,0.5894,2.5381
88.5384,0.5759,2.4832
88.5386,0.5172,2.2293
88.5388,0.5029,2.1683
88.5390,0.4852,2.0923
88.5392,0.4826,2.0819
88.5394,0.4842,2.0887
88.5396,0.494,2.1301
88.5398,0.5178,2.2309
88.5400,0.5066,2.1844
88.5402,0.5328,2.2965
88.5404,0.5979,2.5735
88.5406,0.6481,2.788
88.5408,0.6184,2.6618
88.5410,0.6802,2.9221
88.5412,0.7645,3.2858
88.5414,0.6801,2.9257
88.5416,0.6038,2.6
88.5418,0.6176,2.6557
88.5420,0.6789,2.9192
88.5422,0.6849,2.9449
88.5424,0.7392,3.1815
88.5426,0.6927,2.9771
88.5428,0.6929,2.9795
88.5430,0.663,2.8498
88.5432,0.6955,2.9908
88.5434,0.7038,3.0264
88.5436,0.7798,3.3486
88.5438,0.7939,3.4088
88.5440,0.8204,3.521
88.5442,0.8403,3.6047
88.5444,0.8603,3.6855
88.5446,0.9413,4.0346
88.5448,0.9093,3.8955
88.5450,0.9572,4.1005
88.5452,1.0333,4.4205
88.5454,1.0986,4.6978
88.5456,1.1066,4.7361
88.5458,1.0905,4.663
88.5460,1.0887,4.6531
88.5462,1.1397,4.8686
88.5464,1.0737,4.5998
88.5466,0.9907,4.2463
88.5468,0.9994,4.2873
88.5470,0.9199,3.9463
88.5472,0.8734,3.7484
88.5474,0.8428,3.6206
88.5476,0.8256,3.5469
88.5478,0.7844,3.3744
88.5480,0.6963,2.9939
88.5482,0.723,3.1118
88.5484,0.727,3.1259
88.5486,0.7386,3.1774
88.5488,0.7403,3.1817
88.5490,0.7588,3.2646
88.5492,0.7395,3.1815
88.5494,0.6888,2.9633
88.5496,0.6874,2.9599
88.5498,0.7339,3.1529
88.5500,0.8383,3.5982
88.5502,0.8437,3.6281
88.5504,0.8051,3.4637
88.5506,0.7704,3.3141
88.5508,0.731,3.1449
88.5510,0.6792,2.9234
88.5512,0.6825,2.9374
88.5514,0.7224,3.1063
88.5516,0.7174,3.0918
88.5518,0.6457,2.7789
88.5520,0.6989,3.0095
88.5522,0.7013,3.0156
88.5524,0.7228,3.1151
88.5526,0.6086,2.6195
88.5528,0.6608,2.8426
88.5530,0.6272,2.7045
88.5532,0.6067,2.6136
88.5534,0.6494,2.7975
88.5536,0.6235,2.6872
88.5538,0.5996,2.5856
88.5540,0.5903,2.5405
88.5542,0.6322,2.7224
88.5544,0.6372,2.7436
88.5546,0.6898,2.9688
88.5548,0.6976,2.9996
88.5550,0.7096,3.054
88.5552,0.6489,2.7955
88.5554,0.6539,2.8145
88.5556,0.6822,2.935
88.5558,0.6466,2.7869
88.5560,0.6642,2.8576
88.5562,0.7464,3.2094
88.5564,0.7244,3.1209
88.5566,0.6116,2.6373
88.5568,0.5726,2.4704
88.5570,0.5451,2.3481
88.5572,0.5589,2.4075
88.5574,0.5657,2.437
88.5576,0.5867,2.5274
88.5578,0.5961,2.5682
88.5580,0.6089,2.6217
88.5582,0.6575,2.8353
88.5584,0.616,2.6515
88.5586,0.6542,2.8169
88.5588,0.6604,2.8424
88.5590,0.6484,2.7908
88.5592,0.7357,3.1547
88.5594,0.8608,3.6892
88.5596,0.9136,3.9232
88.5598,0.8427,3.6218
88.5600,0.7668,3.3017
88.5602,0.711,3.0573
88.5604,0.7277,3.129
88.5606,0.7292,3.1372
88.5608,0.7225,3.1068
88.5610,0.7228,3.1079
88.5612,0.7321,3.1495
88.5614,0.7376,3.1733
88.5616,0.7483,3.2177
88.5618,0.7825,3.3599
88.5620,0.7881,3.3841
88.5622,0.8181,3.5194
88.5624,0.7292,3.1357
88.5626,0.7955,3.4129
88.5628,0.8788,3.7716
88.5630,0.8459,3.639
88.5632,0.7835,3.374
88.5634,0.6937,2.9886
88.5636,0.6607,2.85
88.5638,0.5761,2.4796
88.5640,0.635,2.7343
88.5642,0.6458,2.7794
88.5644,0.6991,3.0035
88.5646,0.7942,3.4151
88.5648,0.7744,3.3316
88.5650,0.7659,3.2919
88.5652,0.6957,2.9997
88.5654,0.5704,2.4594
88.5656,0.5607,2.4153
88.5658,0.5608,2.4158
88.5660,0.6434,2.7627
88.5662,0.7864,3.3864
88.5664,0.6409,2.7634
88.5666,0.5565,2.3994
88.5668,0.5518,2.3782
88.5670,0.5814,2.507
88.5672,0.5461,2.3539
88.5674,0.5948,2.5613
88.5676,0.6542,2.813
88.5678,0.7075,3.0424
88.5680,0.7382,3.1729
88.5682,0.7103,3.0571
88.5684,0.6435,2.7722
88.5686,0.6399,2.7567
88.5688,0.6434,2.7717
88.5690,0.6434,2.7691
88.5692,0.6436,2.7663
88.5694,0.7377,3.1708
88.5696,0.8242,3.5391
88.5698,0.7964,3.4276
88.5700,0.6988,3.0061
88.5702,0.7216,3.1056
88.5704,0.7202,3.097
88.5706,0.75,3.2249
88.5708,0.7482,3.2157
88.5710,0.7719,3.3131
88.5712,0.8394,3.6078
88.5714,0.8152,3.5037
88.5716,0.7683,3.3022
88.5718,0.7747,3.3311
88.5720,0.7669,3.2945
88.5722,0.7927,3.4116
88.5724,0.6916,2.9766
88.5726,0.7189,3.0871
88.5728,0.8294,3.5646
88.5730,0.788,3.3899
88.5732,0.7326,3.1516
88.5734,0.6881,2.9644
88.5736,0.6798,2.9247
88.5738,0.691,2.9754
88.5740,0.635,2.7368
88.5742,0.5955,2.5632
88.5744,0.6633,2.8561
88.5746,0.6762,2.9132
88.5748,0.6326,2.7239
88.5750,0.6193,2.6654
88.5752,0.6586,2.8386
88.5754,0.614,2.6476
88.5756,0.5916,2.5486
88.5758,0.588,2.5319
88.5760,0.594,2.5589
88.5762,0.6273,2.7025
88.5764,0.6556,2.8231
88.5766,0.7048,3.0348
88.5768,0.6714,2.8899
88.5770,0.6555,2.8226
88.5772,0.6887,2.9587
88.5774,0.82,3.5194
88.5776,0.8361,3.5901
88.5778,0.8799,3.7767
88.5780,0.8897,3.8202
88.5782,0.858,3.6826
88.5784,0.9176,3.9365
88.5786,0.9307,3.9926
88.5788,0.8853,3.8052
88.5790,0.8401,3.6059
88.5792,0.8568,3.6808
88.5794,0.8774,3.7677
88.5796,0.9224,3.9571
88.5798,0.968,4.1467
88.5800,1.016,4.3629
88.5802,0.9283,3.9804
88.5804,0.9729,4.1717
88.5806,0.9224,3.9571
88.5808,0.9217,3.9558
88.5810,0.9839,4.2131
88.5812,1.1135,4.7636
88.5814,1.125,4.8241
88.5816,1.0303,4.4138
88.5818,1.0443,4.4718
88.5820,1.1201,4.7896
88.5822,1.1753,5.0278
88.5824,1.1267,4.8291
88.5826,1.0879,4.6538
88.5828,1.1293,4.8358
88.5830,1.1176,4.7833
88.5832,1.1474,4.9111
88.5834,1.1207,4.8078
88.5836,1.0145,4.346
88.5838,1.0172,4.3619
88.5840,0.9949,4.2722
88.5842,0.9807,4.211
88.5844,0.9789,4.1993
88.5846,1.0146,4.3465
88.5848,1.0979,4.7057
88.5850,1.0301,4.4107
88.5852,1.1206,4.8006
88.5854,1.0598,4.5487
88.5856,1.0117,4.3443
88.5858,0.9226,3.9655
88.5860,0.8867,3.8162
88.5862,0.8138,3.5057
88.5864,0.7491,3.2168
88.5866,0.9058,3.8951
88.5868,0.826,3.5518
88.5870,0.8182,3.5166
88.5872,0.9049,3.8874
88.5874,0.912,3.9233
88.5876,0.7606,3.283
88.5878,0.5978,2.579
88.5880,0.6635,2.8558
88.5882,0.7116,3.0713
88.5884,0.6066,2.618
88.5886,0.5941,2.563
88.5888,0.5708,2.4672
88.5890,0.5055,2.1838
88.5892,0.5054,2.1812
88.5894,0.5235,2.2625
88.5896,0.5234,2.2588
88.5898,0.5834,2.5146
88.5900,0.6253,2.6975
88.5902,0.6145,2.6546
88.5904,0.6091,2.6264
88.5906,0.6669,2.8703
88.5908,0.7301,3.151
88.5910,0.6184,2.6667
88.5912,0.5978,2.5778
88.5914,0.5981,2.5777
88.5916,0.5993,2.5864
88.5918,0.5577,2.4068
88.5920,0.5093,2.1993
88.5922,0.522,2.2542
88.5924,0.5882,2.5341
88.5926,0.6874,2.9571
88.5928,0.705,3.0372
88.5930,0.7015,3.0208
88.5932,0.6555,2.8252
88.5934,0.6178,2.6629
88.5936,0.6079,2.6249
88.5938,0.5419,2.338
88.5940,0.5909,2.5466
88.5942,0.6126,2.639
88.5944,0.6553,2.8268
88.5946,0.6256,2.6965
88.5948,0.5849,2.5255
88.5950,0.52,2.2464
88.5952,0.4988,2.1528
88.5954,0.4885,2.1102
88.5956,0.4878,2.1071
88.5958,0.4886,2.1097
88.5960,0.534,2.3038
88.5962,0.53,2.2884
88.5964,0.4839,2.0896
88.5966,0.4821,2.0818
88.5968,0.4834,2.0885
88.5970,0.4756,2.0557
88.5972,0.4759,2.053
88.5974,0.5236,2.2567
88.5976,0.5692,2.4542
88.5978,0.5825,2.5105
88.5980,0.6062,2.6128
88.5982,0.5625,2.4253
88.5984,0.5093,2.1983
88.5986,0.5048,2.1776
88.5988,0.4886,2.1088
88.5990,0.4785,2.0653
88.5992,0.4667,2.015
88.5994,0.4756,2.0519
88.5996,0.4921,2.1238
88.5998,0.5226,2.2568
88.6000,0.5115,2.2066
88.6002,0.5536,2.3859
88.6004,0.6107,2.6331
88.6006,0.6314,2.7163
88.6008,0.6863,2.9511
88.6010,0.7099,3.0513
88.6012,0.762,3.2749
88.6014,0.8136,3.497
88.6016,0.7936,3.4126
88.6018,0.7308,3.1424
88.6020,0.6728,2.8983
88.6022,0.6658,2.8683
88.6024,0.7,3.0141
88.6026,0.6934,2.9843
88.6028,0.659,2.8375
88.6030,0.6501,2.7993
88.6032,0.6525,2.8057
88.6034,0.673,2.8953
88.6036,0.709,3.05
88.6038,0.6791,2.9243
88.6040,0.6675,2.8742
88.6042,0.6712,2.8875
88.6044,0.7152,3.0825
88.6046,0.5929,2.5519
88.6048,0.6513,2.8032
88.6050,0.6852,2.9492
88.6052,0.6641,2.8597
88.6054,0.6524,2.8117
88.6056,0.5725,2.4687
88.6058,0.5418,2.3375
88.6060,0.562,2.4221
88.6062,0.6025,2.5956
88.6064,0.6083,2.6191
88.6066,0.618,2.6634
88.6068,0.6153,2.6484
88.6070,0.6127,2.6382
88.6072,0.6593,2.8364
88.6074,0.7048,3.0319
88.6076,0.7274,3.1294
88.6078,0.7074,3.0405
88.6080,0.7301,3.1364
88.6082,0.7627,3.2795
88.6084,0.7273,3.1318
88.6086,0.7093,3.053
88.6088,0.7013,3.0198
88.6090,0.6816,2.9283
88.6092,0.811,3.4792
88.6094,0.8869,3.8066
88.6096,0.8525,3.6572
88.6098,0.9048,3.8851
88.6100,0.8699,3.7335
88.6102,0.8617,3.6985
88.6104,0.8688,3.7306
88.6106,0.8888,3.8113
88.6108,0.9281,3.9818
88.6110,0.8942,3.8362
88.6112,0.916,3.9298
88.6114,0.9265,3.9727
88.6116,0.9672,4.1436
88.6118,1.0183,4.3625
88.6120,1.0376,4.441
88.6122,1.0745,4.6012
88.6124,1.0223,4.3794
88.6126,1.0422,4.4626
88.6128,1.0634,4.5492
88.6130,1.1062,4.739
88.6132,1.1082,4.7433
88.6134,1.108,4.7467
88.6136,1.07,4.5838
88.6138,1.0471,4.4857
88.6140,1.0714,4.59
88.6142,1.0819,4.6325
88.6144,1.0947,4.6875
88.6146,1.0277,4.4149
88.6148,0.8694,3.7367
88.6150,0.8264,3.55
88.6152,0.841,3.6145
88.6154,0.8279,3.5617
88.6156,0.7826,3.3636
88.6158,0.8236,3.5382
88.6160,0.8262,3.5594
88.6162,0.6979,3.0053
88.6164,0.7254,3.1207
88.6166,0.76,3.2697
88.6168,0.7748,3.3363
88.6170,0.7392,3.18
88.6172,0.7659,3.2935
88.6174,0.7774,3.343
88.6176,0.8355,3.5892
88.6178,0.911,3.9064
88.6180,0.9798,4.2074
88.6182,0.9094,3.9124
88.6184,0.8508,3.6551
88.6186,0.9002,3.8619
88.6188,0.9592,4.1169
88.6190,0.9481,4.0671
88.6192,0.9278,3.9876
88.6194,0.8871,3.8076
88.6196,0.9939,4.2616
88.6198,1.038,4.4509
88.6200,1.0298,4.4179
88.6202,1.018,4.3691
88.6204,0.9465,4.0642
88.6206,0.96,4.1224
88.6208,0.9791,4.2082
88.6210,0.8561,3.6863
88.6212,0.7547,3.248
88.6214,0.7894,3.3961
88.6216,0.7789,3.3507
88.6218,0.7646,3.2909
88.6220,0.7672,3.3053
88.6222,0.7656,3.2965
88.6224,0.7905,3.3992
88.6226,0.8451,3.6371
88.6228,0.8422,3.6214
88.6230,0.8604,3.6963
88.6232,0.8664,3.7255
88.6234,0.861,3.7023
88.6236,0.852,3.6654
88.6238,0.8234,3.5404
88.6240,0.8937,3.8431
88.6242,0.91,3.9114
88.6244,0.9051,3.8848
88.6246,0.9284,3.9865
88.6248,0.934,4.0126
88.6250,0.8415,3.62
88.6252,0.7729,3.3249
88.6254,0.7867,3.3858
88.6256,0.8489,3.6502
88.6258,0.9431,4.0479
88.6260,0.9367,4.022
88.6262,0.8947,3.8472
88.6264,0.8767,3.7681
88.6266,0.87,3.7427
88.6268,0.8112,3.49
88.6270,0.8076,3.4745
88.6272,0.7668,3.3032
88.6274,0.7174,3.0918
88.6276,0.7159,3.0842
88.6278,0.7549,3.2475
88.6280,0.7772,3.3466
88.6282,0.7345,3.1643
88.6284,0.7211,3.1093
88.6286,0.7153,3.0845
88.6288,0.7069,3.0455
88.6290,0.717,3.0802
88.6292,0.9341,4.0112
88.6294,0.9424,4.0524
88.6296,0.8524,3.6635
88.6298,0.7924,3.4058
88.6300,0.8111,3.4976
88.6302,0.6565,2.8346
88.6304,0.593,2.5595
88.6306,0.5744,2.4781
88.6308,0.5666,2.4457
88.6310,0.5659,2.4437
88.6312,0.5676,2.4498
88.6314,0.5687,2.4533
88.6316,0.5615,2.4245
88.6318,0.5551,2.396
88.6320,0.5555,2.3964
88.6322,0.5688,2.4493
88.6324,0.7656,3.2935
88.6326,0.8204,3.5374
88.6328,0.6133,2.6482
88.6330,0.5544,2.3929
88.6332,0.5505,2.3769
88.6334,0.5718,2.4645
88.6336,0.6315,2.7244
88.6338,0.658,2.836
88.6340,0.6776,2.9189
88.6342,0.6946,2.9881
88.6344,0.7353,3.1649
88.6346,0.7529,3.2479
88.6348,0.65,2.8028
88.6350,0.6578,2.8324
88.6352,0.7137,3.0716
88.6354,0.7555,3.2472
88.6356,0.8414,3.6162
88.6358,0.7837,3.3761
88.6360,0.7113,3.0627
88.6362,0.7225,3.1083
88.6364,0.7394,3.187
88.6366,0.6812,2.9386
88.6368,0.6501,2.8007
88.6370,0.7306,3.1473
88.6372,0.6791,2.9243
88.6374,0.7322,3.1516
88.6376,0.7613,3.2734
88.6378,0.7912,3.4023
88.6380,0.686,2.9634
88.6382,0.5312,2.2936
88.6384,0.5008,2.1626
88.6386,0.4938,2.134
88.6388,0.5028,2.1689
88.6390,0.582,2.5108
88.6392,0.5246,2.262
88.6394,0.5513,2.3806
88.6396,0.5585,2.4094
88.6398,0.623,2.6852
88.6400,0.6495,2.7994
88.6402,0.6518,2.8066
88.6404,0.7205,3.101
88.6406,0.744,3.2066
88.6408,0.6452,2.7782
88.6410,0.6659,2.8662
88.6412,0.709,3.0557
88.6414,0.6313,2.7234
88.6416,0.5822,2.5118
88.6418,0.5773,2.4906
88.6420,0.5882,2.5353
88.6422,0.605,2.6053
88.6424,0.6261,2.6986
88.6426,0.6301,2.7132
88.6428,0.6954,2.9918
88.6430,0.7698,3.307
88.6432,0.8165,3.5127
88.6434,0.7916,3.4055
88.6436,0.8191,3.517
88.6438,0.8243,3.543
88.6440,0.7657,3.294
88.6442,0.786,3.3765
88.6444,0.883,3.7879
88.6446,0.9086,3.9053
88.6448,0.8644,3.7168
88.6450,0.8794,3.769
88.6452,0.9856,4.2243
88.6454,0.9896,4.2412
88.6456,0.9995,4.2859
88.6458,1.0348,4.4288
88.6460,1.0826,4.64
88.6462,1.0758,4.6129
88.6464,1.0171,4.3676
88.6466,0.926,3.9744
88.6468,0.9641,4.14
88.6470,0.9409,4.0439
88.6472,0.8352,3.5899
88.6474,0.8298,3.5683
88.6476,0.7975,3.4339
88.6478,0.7591,3.2657
88.6480,0.7685,3.3059
88.6482,0.8197,3.5278
88.6484,0.7987,3.4327
88.6486,0.8223,3.5375
88.6488,0.7852,3.3797
88.6490,0.7181,3.095
88.6492,0.6718,2.8942
88.6494,0.6408,2.7642
88.6496,0.6054,2.6116
88.6498,0.6246,2.6944
88.6500,0.639,2.7526
88.6502,0.6354,2.7346
88.6504,0.6849,2.9518
88.6506,0.6637,2.8577
88.6508,0.6864,2.9586
88.6510,0.6309,2.7168
88.6512,0.6717,2.895
88.6514,0.6649,2.8682
88.6516,0.6402,2.7629
88.6518,0.564,2.4309
88.6520,0.6212,2.6774
88.6522,0.6586,2.8387
88.6524,0.6785,2.9231
88.6526,0.6345,2.7348
88.6528,0.5928,2.5561
88.6530,0.6067,2.6173
88.6532,0.6081,2.6223
88.6534,0.6061,2.6123
88.6536,0.6122,2.6375
88.6538,0.6765,2.913
88.6540,0.72,3.1004
88.6542,0.6529,2.8152
88.6544,0.6294,2.7151
88.6546,0.6185,2.6618
88.6548,0.6897,2.9684
88.6550,0.6673,2.8772
88.6552,0.6257,2.6991
88.6554,0.5569,2.4027
88.6556,0.5662,2.4414
88.6558,0.5553,2.3954
88.6560,0.583,2.5149
88.6562,0.5976,2.5756
88.6564,0.5578,2.4074
88.6566,0.548,2.3617
88.6568,0.5947,2.5644
88.6570,0.5705,2.4623
88.6572,0.5585,2.406
88.6574,0.6129,2.6418
88.6576,0.6134,2.6451
88.6578,0.6252,2.6945
88.6580,0.5936,2.561
88.6582,0.5025,2.1698
88.6584,0.4956,2.1398
88.6586,0.5114,2.203
88.6588,0.6139,2.6471
88.6590,0.5754,2.4835
88.6592,0.4906,2.1196
88.6594,0.4447,1.9194
88.6596,0.4926,2.1249
88.6598,0.5387,2.324
88.6600,0.582,2.5061
88.6602,0.6135,2.6456
88.6604,0.6133,2.6446
88.6606,0.6149,2.6488
88.6608,0.6616,2.8489
88.6610,0.6686,2.8816
88.6612,0.5924,2.5558
88.6614,0.5619,2.4228
88.6616,0.5589,2.4087
88.6618,0.5598,2.4128
88.6620,0.6217,2.6758
88.6622,0.6975,3.0033
88.6624,0.6623,2.8507
88.6626,0.6633,2.8575
88.6628,0.6804,2.9286
88.6630,0.7319,3.1471
88.6632,0.7344,3.1609
88.6634,0.6807,2.9283
88.6636,0.7304,3.1438
88.6638,0.6466,2.7831
88.6640,0.6703,2.8915
88.6642,0.5784,2.4964
88.6644,0.5589,2.4109
88.6646,0.5192,2.2387
88.6648,0.543,2.3394
88.6650,0.545,2.3531
88.6652,0.467,2.0147
88.6654,0.5127,2.2077
88.6656,0.5962,2.5718
88.6658,0.4929,2.1304
88.6660,0.4518,1.9508
88.6662,0.4494,1.9396
88.6664,0.4477,1.9332
88.6666,0.445,1.9222
88.6668,0.4492,1.9377
88.6670,0.5161,2.2222
88.6672,0.5794,2.4913
88.6674,0.6348,2.7333
88.6676,0.6023,2.597
88.6678,0.5745,2.477
88.6680,0.6144,2.648
88.6682,0.5766,2.4864
88.6684,0.4874,2.1017
88.6686,0.4737,2.0446
88.6688,0.4674,2.0163
88.6690,0.4741,2.0443
88.6692,0.4843,2.0902
88.6694,0.4704,2.0311
88.6696,0.4583,1.9788
88.6698,0.4465,1.9254
88.6700,0.4693,2.0255
88.6702,0.4644,2.0052
88.6704,0.4572,1.9714
88.6706,0.4651,2.0074
88.6708,0.4387,1.8927
88.6710,0.4563,1.9696
88.6712,0.4938,2.1291
88.6714,0.5012,2.1611
88.6716,0.491,2.1172
88.6718,0.4969,2.1435
88.6720,0.5077,2.1901
88.6722,0.5111,2.202
88.6724,0.5476,2.3601
88.6726,0.5581,2.4045
88.6728,0.5337,2.3002
88.6730,0.5602,2.4133
88.6732,0.5573,2.3964
88.6734,0.6492,2.7927
88.6736,0.6687,2.8741
88.6738,0.6803,2.9227
88.6740,0.6952,2.9879
88.6742,0.7224,3.1049
88.6744,0.6838,2.9417
88.6746,0.6193,2.6679
88.6748,0.6175,2.6577
88.6750,0.6727,2.8897
88.6752,0.7581,3.254
88.6754,0.7824,3.3626
88.6756,0.7144,3.0718
88.6758,0.7542,3.237
88.6760,0.8044,3.4558
88.6762,0.7533,3.2364
88.6764,0.7604,3.2698
88.6766,0.7357,3.1607
88.6768,0.7798,3.3487
88.6770,0.8143,3.4964
88.6772,0.8373,3.5936
88.6774,0.856,3.6705
88.6776,0.9,3.8574
88.6778,0.9705,4.1576
88.6780,0.9869,4.2339
88.6782,0.9718,4.1632
88.6784,0.9435,4.042
88.6786,0.9677,4.14
88.6788,1.0122,4.3303
88.6790,1.0469,4.4827
88.6792,1.0634,4.5514
88.6794,1.0633,4.553
88.6796,1.0824,4.6325
88.6798,1.0855,4.648
88.6800,1.0515,4.4985
88.6802,1.0881,4.6506
88.6804,1.0965,4.6974
88.6806,1.0445,4.4662
88.6808,1.1288,4.8311
88.6810,1.0904,4.6691
88.6812,1.0759,4.6069
88.6814,1.0744,4.5986
88.6816,1.0795,4.6202
88.6818,1.1307,4.8393
88.6820,1.1021,4.7172
88.6822,1.0574,4.5258
88.6824,1.0761,4.608
88.6826,1.1035,4.7317
88.6828,0.9374,4.0289
88.6830,0.8459,3.6357
88.6832,0.8426,3.6179
88.6834,0.867,3.7195
88.6836,0.9327,4.0032
88.6838,0.9634,4.135
88.6840,0.9244,3.9677
88.6842,0.893,3.8365
88.6844,0.8331,3.5789
88.6846,0.8756,3.7565
88.6848,0.9803,4.2036
88.6850,0.9965,4.273
88.6852,0.9984,4.2853
88.6854,0.9718,4.171
88.6856,0.9682,4.1517
88.6858,0.9988,4.2768
88.6860,1.05,4.496
88.6862,1.0346,4.4386
88.6864,0.9308,3.9987
88.6866,0.8705,3.7431
88.6868,0.894,3.8424
88.6870,0.8429,3.6229
88.6872,0.8503,3.6548
88.6874,0.8701,3.7398
88.6876,0.8717,3.7483
88.6878,0.859,3.6902
88.6880,0.88,3.7821
88.6882,0.85,3.6533
88.6884,0.8417,3.6227
88.6886,0.811,3.4858
88.6888,0.8195,3.5256
88.6890,0.7396,3.1875
88.6892,0.6824,2.9383
88.6894,0.733,3.1547
88.6896,0.697,3.0013
88.6898,0.7322,3.153
88.6900,0.731,3.1493
88.6902,0.698,3.0054
88.6904,0.6878,2.9629
88.6906,0.7283,3.1346
88.6908,0.7364,3.1696
88.6910,0.735,3.1664
88.6912,0.7036,3.0311
88.6914,0.6784,2.9239
88.6916,0.6828,2.9403
88.6918,0.739,3.1805
88.6920,0.762,3.2796
88.6922,0.7014,3.0232
88.6924,0.6496,2.8025
88.6926,0.6458,2.7808
88.6928,0.6621,2.855
88.6930,0.6508,2.8064
88.6932,0.6499,2.8009
88.6934,0.6391,2.7544
88.6936,0.6384,2.7513
88.6938,0.6519,2.8058
88.6940,0.7236,3.113
88.6942,0.7248,3.1181
88.6944,0.7343,3.1618
88.6946,0.6803,2.9336
88.6948,0.6408,2.763
88.6950,0.662,2.8426
88.6952,0.8398,3.6044
88.6954,0.8309,3.5813
88.6956,0.6354,2.7384
88.6958,0.6384,2.7539
88.6960,0.5692,2.4554
88.6962,0.5319,2.2956
88.6964,0.5175,2.2366
88.6966,0.5215,2.2527
88.6968,0.5281,2.2791
88.6970,0.514,2.2185
88.6972,0.5104,2.205
88.6974,0.5125,2.2118
88.6976,0.5201,2.2439
88.6978,0.5283,2.2812
88.6980,0.5421,2.3396
88.6982,0.6133,2.6458
88.6984,0.5791,2.4937
88.6986,0.6322,2.7275
88.6988,0.5591,2.4097
88.6990,0.5718,2.468
88.6992,0.5725,2.4676
88.6994,0.6312,2.7165
88.6996,0.7103,3.0571
88.6998,0.6989,3.0109
88.7000,0.6632,2.857
88.7002,0.7138,3.0721
88.7004,0.6959,2.9952
88.7006,0.759,3.2651
88.7008,0.7733,3.3234
88.7010,0.8048,3.459
88.7012,0.7581,3.2631
88.7014,0.7351,3.1684
88.7016,0.6731,2.8945
88.7018,0.814,3.4938
88.7020,0.929,3.9929
88.7022,0.8157,3.5059
88.7024,0.7743,3.3296
88.7026,0.774,3.3265
88.7028,0.7892,3.3983
88.7030,0.6909,2.9805
88.7032,0.6381,2.7503
88.7034,0.6392,2.7511
88.7036,0.6851,2.9529
88.7038,0.581,2.5078
88.7040,0.5306,2.2857
88.7042,0.5721,2.4667
88.7044,0.5723,2.4689
88.7046,0.5614,2.4207
88.7048,0.5599,2.4145
88.7050,0.5843,2.5194
88.7052,0.579,2.4978
88.7054,0.5845,2.5158
88.7056,0.6562,2.8244
88.7058,0.6591,2.8434
88.7060,0.5349,2.3086
88.7062,0.5001,2.1555
88.7064,0.5766,2.4875
88.7066,0.596,2.5689
88.7068,0.5844,2.5211
88.7070,0.5073,2.1885
88.7072,0.495,2.1362
88.7074,0.4952,2.1383
88.7076,0.5,2.158
88.7078,0.4983,2.1497
88.7080,0.5141,2.2129
88.7082,0.6614,2.8453
88.7084,0.7529,3.2358
88.7086,0.7956,3.4193
88.7088,0.7544,3.2425
88.7090,0.7041,3.0331
88.7092,0.6155,2.6502
88.7094,0.6349,2.7363
88.7096,0.5694,2.453
88.7098,0.6838,2.9445
88.7100,0.6942,2.9866
88.7102,0.7143,3.0742
88.7104,0.6964,2.9959
88.7106,0.7762,3.3348
88.7108,0.7911,3.3971
88.7110,0.8683,3.7217
88.7112,0.9327,4.0051
88.7114,0.9521,4.0847
88.7116,0.952,4.0785
88.7118,0.9688,4.1543
88.7120,0.9626,4.1314
88.7122,0.9604,4.1183
88.7124,0.9756,4.1855
88.7126,0.9764,4.1847
88.7128,1.0456,4.4854
88.7130,0.9743,4.1799
88.7132,0.9902,4.2398
88.7134,1.0288,4.4093
88.7136,0.9984,4.2853
88.7138,0.899,3.8622
88.7140,0.8559,3.6751
88.7142,0.8885,3.8169
88.7144,0.828,3.5573
88.7146,0.8352,3.5899
88.7148,0.7905,3.4024
88.7150,0.7663,3.2966
88.7152,0.8243,3.5397
88.7154,0.8067,3.4672
88.7156,0.793,3.4101
88.7158,0.7927,3.4117
88.7160,0.8157,3.5042
88.7162,0.8456,3.6376
88.7164,0.7439,3.2016
88.7166,0.732,3.1476
88.7168,0.7912,3.3928
88.7170,0.8349,3.595
88.7172,0.709,3.0515
88.7174,0.7198,3.0979
88.7176,0.7855,3.3823
88.7178,0.7541,3.2455
88.7180,0.734,3.1549
88.7182,0.7661,3.2956
88.7184,0.8005,3.442
88.7186,0.79,3.4003
88.7188,0.7804,3.3528
88.7190,0.8045,3.4644
88.7192,0.7354,3.1665
88.7194,0.7627,3.2781
88.7196,0.8249,3.5439
88.7198,0.8566,3.6816
88.7200,0.8526,3.6663
88.7202,0.812,3.4899
88.7204,0.7988,3.4348
88.7206,0.7818,3.3694
88.7208,0.6681,2.8808
88.7210,0.6141,2.6445
88.7212,0.6736,2.8979
88.7214,0.7531,3.2384
88.7216,0.7982,3.4322
88.7218,0.8535,3.6614
88.7220,0.9573,4.1145
88.7222,0.8183,3.5221
88.7224,0.8067,3.4704
88.7226,0.7788,3.3518
88.7228,0.7788,3.3471
88.7230,0.7918,3.4049
88.7232,0.7537,3.244
88.7234,0.7483,3.2192
88.7236,0.7577,3.258
88.7238,0.7934,3.4132
88.7240,0.8027,3.4518
88.7242,0.8209,3.533
88.7244,0.7671,3.2956
88.7246,0.865,3.7142
88.7248,0.8927,3.8349
88.7250,0.931,3.9942
88.7252,0.9887,4.2416
88.7254,0.9207,3.961
88.7256,0.7447,3.2097
88.7258,0.6581,2.8379
88.7260,0.6265,2.7002
88.7262,0.617,2.6581
88.7264,0.6181,2.6665
88.7266,0.6205,2.6756
88.7268,0.6275,2.7056
88.7270,0.6203,2.6745
88.7272,0.6188,2.6683
88.7274,0.6192,2.6674
88.7276,0.6195,2.6702
88.7278,0.6149,2.6501
88.7280,0.6259,2.6951
88.7282,0.6459,2.7813
88.7284,0.6981,3.0059
88.7286,0.742,3.1934
88.7288,0.7191,3.1006
88.7290,0.6127,2.6407
88.7292,0.53,2.2873
88.7294,0.4779,2.0637
88.7296,0.4721,2.0393
88.7298,0.4803,2.0741
88.7300,0.5164,2.2299
88.7302,0.462,1.9958
88.7304,0.4675,2.0196
88.7306,0.4652,2.0098
88.7308,0.4751,2.0522
88.7310,0.4764,2.057
88.7312,0.4724,2.0399
88.7314,0.474,2.0466
88.7316,0.4821,2.0809
88.7318,0.5271,2.2707
88.7320,0.5316,2.2967
88.7322,0.4809,2.0757
88.7324,0.5369,2.3141
88.7326,0.5725,2.4699
88.7328,0.5792,2.4966
88.7330,0.574,2.4715
88.7332,0.6321,2.7207
88.7334,0.6426,2.7681
88.7336,0.667,2.8708
88.7338,0.7418,3.1884
88.7340,0.7416,3.1904
88.7342,0.6929,2.9809
88.7344,0.758,3.2641
88.7346,0.6879,2.9593
88.7348,0.6722,2.8944
88.7350,0.5986,2.5834
88.7352,0.5441,2.3484
88.7354,0.5658,2.4398
88.7356,0.5454,2.3519
88.7358,0.5904,2.5458
88.7360,0.6018,2.5889
88.7362,0.6428,2.7679
88.7364,0.6059,2.6101
88.7366,0.6099,2.6301
88.7368,0.5915,2.5516
88.7370,0.5771,2.4861
88.7372,0.6338,2.7292
88.7374,0.6367,2.7428
88.7376,0.6574,2.8296
88.7378,0.694,2.9856
88.7380,0.6928,2.9804
88.7382,0.7031,3.0248
88.7384,0.7493,3.2279
88.7386,0.6421,2.7635
88.7388,0.6098,2.6308
88.7390,0.5566,2.4
88.7392,0.6008,2.5848
88.7394,0.681,2.9312
88.7396,0.6807,2.931
88.7398,0.6212,2.675
88.7400,0.6499,2.7983
88.7402,0.667,2.8722
88.7404,0.6858,2.9532
88.7406,0.6367,2.7441
88.7408,0.5733,2.4707
88.7410,0.5779,2.4909
88.7412,0.5862,2.5254
88.7414,0.6188,2.6622
88.7416,0.7036,3.0311
88.7418,0.6367,2.7454
88.7420,0.6277,2.6991
88.7422,0.7015,3.0153
88.7424,0.7657,3.2879
88.7426,0.8225,3.5352
88.7428,0.7532,3.2419
88.7430,0.6926,2.9794
88.7432,0.6908,2.973
88.7434,0.7459,3.2104
88.7436,0.7018,3.0177
88.7438,0.7125,3.0622
88.7440,0.762,3.2719
88.7442,0.8224,3.5314
88.7444,0.814,3.4921
88.7446,0.9319,3.9941
88.7448,0.9507,4.0785
88.7450,0.9579,4.1132
88.7452,0.9162,3.9341
88.7454,0.8753,3.755
88.7456,0.8487,3.6425
88.7458,0.8174,3.5114
88.7460,0.7543,3.242
88.7462,0.8083,3.4739
88.7464,0.7957,3.4166
88.7466,0.826,3.5452
88.7468,0.8575,3.6874
88.7470,0.817,3.5115
88.7472,0.8322,3.572
88.7474,0.8633,3.7087
88.7476,0.7671,3.2956
88.7478,0.8247,3.5445
88.7480,0.7741,3.3332
88.7482,0.7502,3.2275
88.7484,0.7368,3.1682
88.7486,0.735,3.1576
88.7488,0.792,3.407
88.7490,0.6905,2.972
88.7492,0.701,3.0141
88.7494,0.7045,3.0296
88.7496,0.711,3.0602
88.7498,0.7439,3.1987
88.7500,0.8143,3.4997
88.7502,0.8465,3.6332
88.7504,0.8056,3.4658
88.7506,0.7059,3.0395
88.7508,0.6962,2.9949
88.7510,0.6873,2.9567
88.7512,0.6936,2.991
88.7514,0.6306,2.7152
88.7516,0.711,3.0574
88.7518,0.7723,3.3193
88.7520,0.7718,3.3173
88.7522,0.77,3.3126
88.7524,0.7619,3.279
88.7526,0.724,3.116
88.7528,0.6474,2.794
88.7530,0.5563,2.4001
88.7532,0.5952,2.5641
88.7534,0.6626,2.8518
88.7536,0.6808,2.9288
88.7538,0.7397,3.1836
88.7540,0.7248,3.1181
88.7542,0.7159,3.0785
88.7544,0.7358,3.1671
88.7546,0.7355,3.1655
88.7548,0.7441,3.1997
88.7550,0.7309,3.1459
88.7552,0.6204,2.6763
88.7554,0.5641,2.4337
88.7556,0.567,2.4439
88.7558,0.5764,2.4819
88.7560,0.6104,2.6297
88.7562,0.6361,2.7441
88.7564,0.5894,2.5405
88.7566,0.6351,2.7361
88.7568,0.6333,2.7296
88.7570,0.6366,2.7436
88.7572,0.6471,2.7865
88.7574,0.6562,2.8244
88.7576,0.6596,2.8375
88.7578,0.7704,3.3111
88.7580,0.8138,3.4992
88.7582,0.7794,3.3513
88.7584,0.7968,3.4276
88.7586,0.7635,3.2863
88.7588,0.6668,2.8685
88.7590,0.7163,3.0772
88.7592,0.7945,3.4131
88.7594,0.8011,3.4478
88.7596,0.7352,3.166
88.7598,0.7288,3.1337
88.7600,0.7314,3.148
88.7602,0.7381,3.1754
88.7604,0.7712,3.3178
88.7606,0.7574,3.26
88.7608,0.7265,3.1283
88.7610,0.6966,2.9997
88.7612,0.7054,3.0346
88.7614,0.7268,3.1269
88.7616,0.7295,3.1368
88.7618,0.7855,3.3776
88.7620,0.7213,3.1017
88.7622,0.7499,3.2214
88.7624,0.8137,3.4939
88.7626,0.8159,3.5053
88.7628,0.7693,3.311
88.7630,0.771,3.3167
88.7632,0.776,3.3322
88.7634,0.8418,3.6182
88.7636,0.8129,3.5038
88.7638,0.6181,2.6652
88.7640,0.5542,2.3897
88.7642,0.5562,2.4007
88.7644,0.5535,2.3899
88.7646,0.5498,2.3694
88.7648,0.5788,2.491
88.7650,0.7097,3.0574
88.7652,0.6532,2.818
88.7654,0.5589,2.4121
88.7656,0.5469,2.3581
88.7658,0.5458,2.3535
88.7660,0.5489,2.3669
88.7662,0.6297,2.7116
88.7664,0.6471,2.7865
88.7666,0.6543,2.8161
88.7668,0.7411,3.1853
88.7670,0.7511,3.2296
88.7672,0.7168,3.0807
88.7674,0.6962,3.0004
88.7676,0.6369,2.74
88.7678,0.7198,3.0979
88.7680,0.6867,2.9555
88.7682,0.7227,3.1074
88.7684,0.7748,3.3348
88.7686,0.6964,2.9959
88.7688,0.6929,2.9795
88.7690,0.683,2.934
88.7692,0.7754,3.3327
88.7694,0.7357,3.1739
88.7696,0.6185,2.6668
88.7698,0.5887,2.5362
88.7700,0.6186,2.6673
88.7702,0.5962,2.5706
88.7704,0.5882,2.5365
88.7706,0.5827,2.5139
88.7708,0.5055,2.1818
88.7710,0.4861,2.0989
88.7712,0.4825,2.0843
88.7714,0.4873,2.1031
88.7716,0.5023,2.1668
88.7718,0.5023,2.1668
88.7720,0.5,2.158
88.7722,0.4993,2.1549
88.7724,0.5387,2.3208
88.7726,0.6191,2.6657
88.7728,0.6755,2.9048
88.7730,0.7122,3.0626
88.7732,0.6644,2.8648
88.7734,0.58,2.4997
88.7736,0.5918,2.552
88.7738,0.5038,2.1745
88.7740,0.4764,2.057
88.7742,0.4697,2.0252
88.7744,0.5067,2.1849
88.7746,0.5511,2.3773
88.7748,0.5719,2.4673
88.7750,0.5826,2.511
88.7752,0.583,2.5091
88.7754,0.6161,2.654
88.7756,0.6217,2.6733
88.7758,0.7033,3.0244
88.7760,0.7242,3.1112
88.7762,0.7747,3.3312
88.7764,0.7066,3.0369
88.7766,0.7665,3.2946
88.7768,0.7873,3.3837
88.7770,0.7268,3.124
88.7772,0.7753,3.3291
88.7774,0.85,3.6482
88.7776,0.9001,3.8651
88.7778,0.8343,3.5807
88.7780,0.8894,3.8157
88.7782,0.9501,4.076
88.7784,0.8838,3.7968
88.7786,0.8229,3.5319
88.7788,0.8854,3.7947
88.7790,0.8934,3.8327
88.7792,0.9051,3.8885
88.7794,0.9384,4.0199
88.7796,1.059,4.5324
88.7798,1.0393,4.4483
88.7800,1.037,4.4427
88.7802,1.0321,4.4216
88.7804,1.0348,4.435
88.7806,0.978,4.1939
88.7808,0.9367,4.0184
88.7810,0.9839,4.2191
88.7812,0.9861,4.2263
88.7814,0.9611,4.1233
88.7816,0.9055,3.89
88.7818,0.8249,3.5439
88.7820,0.811,3.489
88.7822,0.7581,3.2691
88.7824,0.6482,2.7911
88.7826,0.7122,3.0654
88.7828,0.6845,2.9448
88.7830,0.717,3.0875
88.7832,0.6773,2.9152
88.7834,0.6754,2.907
88.7836,0.6537,2.8162
88.7838,0.6655,2.8668
88.7840,0.6948,2.9906
88.7842,0.7469,3.213
88.7844,0.777,3.3394
88.7846,0.7908,3.3971
88.7848,0.7675,3.2987
88.7850,0.8475,3.634
88.7852,0.9673,4.1573
88.7854,0.7971,3.4292
88.7856,0.6965,2.9992
88.7858,0.7171,3.0866
88.7860,0.747,3.2151
88.7862,0.6453,2.7826
88.7864,0.5998,2.5861
88.7866,0.5897,2.5415
88.7868,0.6084,2.6221
88.7870,0.6085,2.6214
88.7872,0.6687,2.8767
88.7874,0.7259,3.1271
88.7876,0.6729,2.8975
88.7878,0.6933,2.988
88.7880,0.5983,2.5787
88.7882,0.6475,2.7841
88.7884,0.7488,3.2228
88.7886,0.7388,3.1785
88.7888,0.7633,3.2852
88.7890,0.7418,3.1914
88.7892,0.696,2.9971
88.7894,0.6404,2.7588
88.7896,0.6647,2.8624
88.7898,0.6671,2.8727
88.7900,0.6195,2.6714
88.7902,0.5838,2.5185
88.7904,0.5996,2.5868
88.7906,0.6318,2.7204
88.7908,0.6505,2.8074
88.7910,0.4902,2.1204
88.7912,0.4079,1.7622
88.7914,0.458,1.9768
88.7916,0.4507,1.9471
88.7918,0.4522,1.9533
88.7920,0.4631,2.0014
88.7922,0.4635,2.0016
88.7924,0.4637,2.0012
88.7926,0.4715,2.0339
88.7928,0.521,2.2465
88.7930,0.5532,2.3855
88.7932,0.5051,2.1792
88.7934,0.5193,2.2382
88.7936,0.5532,2.3833
88.7938,0.5633,2.4312
88.7940,0.5525,2.3824
88.7942,0.5543,2.3902
88.7944,0.4779,2.0637
88.7946,0.4699,2.029
88.7948,0.4668,2.0137
88.7950,0.4705,2.0288
88.7952,0.5273,2.2717
88.7954,0.5507,2.3736
88.7956,0.5349,2.3064
88.7958,0.54,2.3308
88.7960,0.5384,2.3203
88.7962,0.5457,2.3519
88.7964,0.5787,2.4963
88.7966,0.4703,2.0306
88.7968,0.4399,1.8996
88.7970,0.4375,1.8884
88.7972,0.4428,1.9111
88.7974,0.4555,1.9669
88.7976,0.4489,1.9384
88.7978,0.4381,1.8909
88.7980,0.4814,2.0778
88.7982,0.4512,1.9464
88.7984,0.4463,1.9261
88.7986,0.4822,2.0804
88.7988,0.4647,2.003
88.7990,0.5501,2.3655
88.7992,0.6122,2.6387
88.7994,0.582,2.5073
88.7996,0.631,2.7173
88.7998,0.5878,2.5321
88.8000,0.6061,2.6075
88.8002,0.6228,2.6754
88.8004,0.6771,2.9101
88.8006,0.7103,3.0543
88.8008,0.6772,2.9201
88.8010,0.5421,2.3374
88.8012,0.5265,2.2702
88.8014,0.5381,2.3182
88.8016,0.5933,2.557
88.8018,0.5609,2.4164
88.8020,0.5523,2.3792
88.8022,0.5442,2.3435
88.8024,0.5922,2.5524
88.8026,0.5405,2.3307
88.8028,0.5011,2.1596
88.8030,0.5362,2.311
88.8032,0.5483,2.3643
88.8034,0.5065,2.1819
88.8036,0.5674,2.4477
88.8038,0.526,2.2661
88.8040,0.5065,2.1819
88.8042,0.541,2.3285
88.8044,0.5454,2.353
88.8046,0.4929,2.1274
88.8048,0.4822,2.0785
88.8050,0.4903,2.1131
88.8052,0.4916,2.1208
88.8054,0.4772,2.0596
88.8056,0.3959,1.708
88.8058,0.4417,1.9029
88.8060,0.5138,2.2175
88.8062,0.4854,2.0939
88.8064,0.494,2.1301
88.8066,0.4927,2.1244
88.8068,0.492,2.1213
88.8070,0.4966,2.1405
88.8072,0.4924,2.1214
88.8074,0.5036,2.1695
88.8076,0.5784,2.4906
88.8078,0.6128,2.6376
88.8080,0.633,2.723
88.8082,0.7011,3.0146
88.8084,0.6469,2.788
88.8086,0.5212,2.2464
88.8088,0.5363,2.3116
88.8090,0.5451,2.346
88.8092,0.5992,2.5788
88.8094,0.5724,2.466
88.8096,0.583,2.5091
88.8098,0.6598,2.8359
88.8100,0.7363,3.1632
88.8102,0.7147,3.0748
88.8104,0.6884,2.9586
88.8106,0.7581,3.254
88.8108,0.7603,3.2647
88.8110,0.7423,3.1845
88.8112,0.8032,3.4491
88.8114,0.817,3.505
88.8116,0.8893,3.8116
88.8118,0.9201,3.9474
88.8120,0.9053,3.8782
88.8122,0.9116,3.9054
88.8124,0.8482,3.6438
88.8126,0.7336,3.1529
88.8128,0.7511,3.2296
88.8130,0.7501,3.2165
88.8132,0.8476,3.6345
88.8134,0.8663,3.7147
88.8136,0.8882,3.8105
88.8138,0.842,3.612
88.8140,0.8333,3.5783
88.8142,0.8185,3.5128
88.8144,0.8517,3.6571
88.8146,0.8327,3.5741
88.8148,0.8469,3.6348
88.8150,0.8927,3.8242
88.8152,0.9143,3.9167
88.8154,0.9115,3.9195
88.8156,0.7482,3.2157
88.8158,0.7344,3.1565
88.8160,0.7968,3.426
88.8162,0.7875,3.3816
88.8164,0.7975,3.4227
88.8166,0.7838,3.3657
88.8168,0.8127,3.4865
88.8170,0.8927,3.8349
88.8172,0.8191,3.517
88.8174,0.8123,3.4866
88.8176,0.8352,3.5882
88.8178,0.8193,3.5197
88.8180,0.794,3.4142
88.8182,0.7318,3.1451
88.8184,0.7554,3.2451
88.8186,0.781,3.3585
88.8188,0.7304,3.1395
88.8190,0.7399,3.1757
88.8192,0.8415,3.6133
88.8194,0.8637,3.7103
88.8196,0.8602,3.6902
88.8198,0.8494,3.649
88.8200,0.7924,3.4059
88.8202,0.7789,3.3445
88.8204,0.786,3.3781
88.8206,0.7759,3.3363
88.8208,0.7728,3.3214
88.8210,0.7619,3.2714
88.8212,0.8102,3.4822
88.8214,0.7814,3.3569
88.8216,0.8343,3.5824
88.8218,0.8181,3.5162
88.8220,0.7807,3.3538
88.8222,0.8483,3.6359
88.8224,0.9747,4.1756
88.8226,0.9826,4.2095
88.8228,0.9691,4.1611
88.8230,0.8533,3.6592
88.8232,0.8969,3.8476
88.8234,0.937,4.0218
88.8236,0.9127,3.9191
88.8238,0.7936,3.4174
88.8240,0.6741,2.904
88.8242,0.6605,2.8443
88.8244,0.6721,2.8925
88.8246,0.7095,3.0493
88.8248,0.8294,3.5679
88.8250,0.7368,3.1712
88.8252,0.6537,2.8214
88.8254,0.5868,2.5315
88.8256,0.5783,2.4913
88.8258,0.6209,2.6734
88.8260,0.6289,2.7067
88.8262,0.6295,2.7118
88.8264,0.6336,2.7281
88.8266,0.6308,2.7175
88.8268,0.6297,2.7141
88.8270,0.6276,2.7036
88.8272,0.6179,2.6617
88.8274,0.64,2.7573
88.8276,0.6447,2.7749
88.8278,0.646,2.7805
88.8280,0.6555,2.82
88.8282,0.696,2.9957
88.8284,0.659,2.8415
88.8286,0.5545,2.3923
88.8288,0.533,2.2992
88.8290,0.5338,2.3028
88.8292,0.5349,2.3054
88.8294,0.5344,2.3054
88.8296,0.5494,2.3668
88.8298,0.5868,2.5315
88.8300,0.5334,2.3034
88.8302,0.5278,2.277
88.8304,0.5267,2.2713
88.8306,0.5265,2.2713
88.8308,0.5279,2.2786
88.8310,0.5414,2.3333
88.8312,0.6089,2.6218
88.8314,0.6152,2.6516
88.8316,0.5396,2.3266
88.8318,0.5254,2.2666
88.8320,0.5307,2.2873
88.8322,0.5287,2.2785
88.8324,0.5511,2.374
88.8326,0.5938,2.5603
88.8328,0.5472,2.3586
88.8330,0.5496,2.3634
88.8332,0.7048,3.0334
88.8334,0.6954,2.9932
88.8336,0.6852,2.9479
88.8338,0.7175,3.0867
88.8340,0.7313,3.146
88.8342,0.6446,2.7782
88.8344,0.5779,2.4886
88.8346,0.6434,2.7653
88.8348,0.7607,3.2663
88.8350,0.731,3.1479
88.8352,0.652,2.8089
88.8354,0.6518,2.8066
88.8356,0.5757,2.4834
88.8358,0.5246,2.2641
88.8360,0.5283,2.2769
88.8362,0.5228,2.2532
88.8364,0.5083,2.1927
88.8366,0.5059,2.1813
88.8368,0.5376,2.3172
88.8370,0.5668,2.4417
88.8372,0.5833,2.5141
88.8374,0.5787,2.4928
88.8376,0.6018,2.5937
88.8378,0.5138,2.2154
88.8380,0.5797,2.4963
88.8382,0.6297,2.7053
88.8384,0.7235,3.1125
88.8386,0.6682,2.8814
88.8388,0.6469,2.7854
88.8390,0.6298,2.7083
88.8392,0.6156,2.6507
88.8394,0.6253,2.69
88.8396,0.6065,2.6102
88.8398,0.5674,2.4454
88.8400,0.5239,2.2599
88.8402,0.5454,2.3465
88.8404,0.6722,2.8917
88.8406,0.693,2.9801
88.8408,0.6808,2.9261
88.8410,0.6753,2.9011
88.8412,0.6939,2.9878
88.8414,0.6366,2.741
88.8416,0.5886,2.5322
88.8418,0.6542,2.8169
88.8420,0.6945,2.9862
88.8422,0.7283,3.1302
88.8424,0.7363,3.1662
88.8426,0.6731,2.8918
88.8428,0.762,3.2689
88.8430,0.8197,3.5196
88.8432,0.8327,3.5757
88.8434,0.8452,3.6276
88.8436,0.82,3.5211
88.8438,0.8186,3.51
88.8440,0.9408,4.0321
88.8442,0.9006,3.8599
88.8444,0.8996,3.8576
88.8446,0.9304,3.9897
88.8448,0.9553,4.0924
88.8450,0.9984,4.2753
88.8452,1.0303,4.4118
88.8454,1.0301,4.4108
88.8456,1.0397,4.4457
88.8458,1.0921,4.6741
88.8460,0.9897,4.2497
88.8462,0.8837,3.7963
88.8464,0.8851,3.8042
88.8466,0.7591,3.2672
88.8468,0.7433,3.1976
88.8470,0.7747,3.3265
88.8472,0.8394,3.5978
88.8474,0.8727,3.7489
88.8476,0.8373,3.597
88.8478,0.8345,3.5834
88.8480,0.8762,3.7626
88.8482,0.8882,3.8194
88.8484,0.7722,3.3219
88.8486,0.7141,3.0722
88.8488,0.7257,3.1188
88.8490,0.7819,3.3637
88.8492,0.751,3.2306
88.8494,0.7692,3.3044
88.8496,0.8153,3.5076
88.8498,0.77,3.3157
88.8500,0.6837,2.9412
88.8502,0.7081,3.0479
88.8504,0.7294,3.1348
88.8506,0.7599,3.2708
88.8508,0.7048,3.032
88.8510,0.7,3.0114
88.8512,0.7565,3.2513
88.8514,0.7647,3.2914
88.8516,0.7117,3.0648
88.8518,0.6798,2.9261
88.8520,0.6825,2.9388
88.8522,0.694,2.9842
88.8524,0.7053,3.0355
88.8526,0.7194,3.0964
88.8528,0.7338,3.1568
88.8530,0.7922,3.408
88.8532,0.7956,3.4145
88.8534,0.8102,3.4838
88.8536,0.745,3.2063
88.8538,0.7035,3.0263
88.8540,0.6616,2.8489
88.8542,0.6688,2.8786
88.8544,0.7284,3.1351
88.8546,0.7227,3.1117
88.8548,0.7334,3.1509
88.8550,0.7911,3.4081
88.8552,0.6954,2.9959
88.8554,0.6116,2.6373
88.8556,0.5956,2.5668
88.8558,0.6312,2.7216
88.8560,0.6033,2.6016
88.8562,0.591,2.5472
88.8564,0.6266,2.6969
88.8566,0.7454,3.2024
88.8568,0.7785,3.3461
88.8570,0.7162,3.0839
88.8572,0.6584,2.8363
88.8574,0.6524,2.8079
88.8576,0.7113,3.0598
88.8578,0.7351,3.1596
88.8580,0.7236,3.1144
88.8582,0.6821,2.9359
88.8584,0.7297,3.1393
88.8586,0.7175,3.0852
88.8588,0.6987,3.0071
88.8590,0.6977,3.003
88.8592,0.7243,3.1117
88.8594,0.787,3.3874
88.8596,0.7615,3.2745
88.8598,0.7965,3.4266
88.8600,0.7242,3.1141
88.8602,0.709,3.0486
88.8604,0.7085,3.0494
88.8606,0.7188,3.0938
88.8608,0.7015,3.0209
88.8610,0.678,2.921
88.8612,0.6522,2.8095
88.8614,0.6313,2.7196
88.8616,0.6083,2.6204
88.8618,0.6073,2.6211
88.8620,0.5081,2.1932
88.8622,0.4758,2.0544
88.8624,0.4748,2.0512
88.8626,0.4872,2.1036
88.8628,0.4858,2.0959
88.8630,0.4948,2.1347
88.8632,0.561,2.4169
88.8634,0.5832,2.516
88.8636,0.4843,2.0892
88.8638,0.4773,2.0592
88.8640,0.4781,2.0642
88.8642,0.4681,2.0222
88.8644,0.4573,1.9737
88.8646,0.458,1.9768
88.8648,0.4898,2.113
88.8650,0.5105,2.2035
88.8652,0.5051,2.1752
88.8654,0.6128,2.6388
88.8656,0.5647,2.4352
88.8658,0.5518,2.3793
88.8660,0.5502,2.3715
88.8662,0.5884,2.5335
88.8664,0.6344,2.7305
88.8666,0.6755,2.9075
88.8668,0.6741,2.9013
88.8670,0.6498,2.7939
88.8672,0.6547,2.819
88.8674,0.6235,2.6898
88.8676,0.5598,2.4151
88.8678,0.5524,2.3797
88.8680,0.5597,2.4112
88.8682,0.5577,2.4047
88.8684,0.5466,2.3571
88.8686,0.5465,2.3566
88.8688,0.5484,2.3627
88.8690,0.5535,2.3855
88.8692,0.5486,2.3643
88.8694,0.5462,2.3561
88.8696,0.5442,2.3468
88.8698,0.5507,2.3725
88.8700,0.598,2.5748
88.8702,0.5975,2.5739
88.8704,0.608,2.6157
88.8706,0.6104,2.6309
88.8708,0.59,2.5431
88.8710,0.6143,2.645
88.8712,0.5946,2.5591
88.8714,0.5898,2.5409
88.8716,0.6355,2.7364
88.8718,0.6674,2.8751
88.8720,0.6237,2.6796
88.8722,0.6866,2.955
88.8724,0.6283,2.7067
88.8726,0.5992,2.5812
88.8728,0.614,2.6452
88.8730,0.5746,2.4684
88.8732,0.7213,3.0989
88.8734,0.7908,3.3939
88.8736,0.806,3.4641
88.8738,0.7327,3.1522
88.8740,0.7195,3.0983
88.8742,0.6301,2.7182
88.8744,0.4962,2.1394
88.8746,0.529,2.2821
88.8748,0.5715,2.4618
88.8750,0.6056,2.6054
88.8752,0.6522,2.8042
88.8754,0.7515,3.2287
88.8756,0.7579,3.259
88.8758,0.693,2.9801
88.8760,0.7442,3.1987
88.8762,0.7809,3.358
88.8764,0.7301,3.1379
88.8766,0.7454,3.1994
88.8768,0.7995,3.4347
88.8770,0.801,3.4361
88.8772,0.9163,3.9254
88.8774,0.9273,3.9782
88.8776,0.8498,3.6539
88.8778,0.7879,3.3832
88.8780,0.7934,3.4068
88.8782,0.8929,3.827
88.8784,0.9647,4.1387
88.8786,0.8554,3.6696
88.8788,0.9217,3.9522
88.8790,0.9285,3.9815
88.8792,0.9176,3.9347
88.8794,0.9556,4.0958
88.8796,0.9639,4.1293
88.8798,0.9694,4.151
88.8800,1.0003,4.2935
88.8802,0.9089,3.8936
88.8804,0.9815,4.2107
88.8806,0.9543,4.0959
88.8808,0.9279,3.979
88.8810,0.9476,4.0633
88.8812,0.9754,4.1767
88.8814,1.0087,4.3295
88.8816,0.9138,3.9183
88.8818,0.9231,3.9584
88.8820,1.0235,4.3867
88.8822,1.0358,4.4417
88.8824,0.9773,4.1888
88.8826,1.0171,4.3574
88.8828,1.0307,4.4154
88.8830,1.0374,4.4463
88.8832,1.0313,4.418
88.8834,0.9958,4.2719
88.8836,0.8814,3.7918
88.8838,0.7674,3.2997
88.8840,0.8059,3.4668
88.8842,0.7959,3.4256
88.8844,0.7556,3.2447
88.8846,0.8575,3.684
88.8848,0.8885,3.8116
88.8850,0.9418,4.0461
88.8852,0.8598,3.6955
88.8854,0.7944,3.4173
88.8856,0.764,3.2853
88.8858,0.8356,3.5914
88.8860,0.7795,3.3534
88.8862,0.7739,3.326
88.8864,0.828,3.5606
88.8866,0.8099,3.486
88.8868,0.8264,3.555
88.8870,0.7908,3.3939
88.8872,0.9091,3.9055
88.8874,0.8373,3.602
88.8876,0.8063,3.4624
88.8878,0.8856,3.801
88.8880,0.7538,3.2475
88.8882,0.6832,2.9446
88.8884,0.6713,2.8935
88.8886,0.6761,2.906
88.8888,0.7596,3.2708
88.8890,0.7349,3.1644
88.8892,0.7077,3.0472
88.8894,0.6946,2.9895
88.8896,0.7123,3.0659
88.8898,0.6884,2.9641
88.8900,0.7671,3.3002
88.8902,0.7523,3.2423
88.8904,0.6573,2.8264
88.8906,0.7548,3.2546
88.8908,0.6144,2.6468
88.8910,0.6237,2.6895
88.8912,0.6018,2.5961
88.8914,0.6017,2.5956
88.8916,0.5857,2.5268
88.8918,0.5808,2.5044
88.8920,0.5856,2.5263
88.8922,0.5944,2.5629
88.8924,0.6146,2.6478
88.8926,0.6482,2.7924
88.8928,0.6565,2.8294
88.8930,0.6592,2.8399
88.8932,0.6975,3.0005
88.8934,0.7885,3.3905
88.8936,0.7861,3.3849
88.8938,0.6416,2.7666
88.8940,0.6134,2.6438
88.8942,0.6195,2.6702
88.8944,0.6271,2.7015
88.8946,0.6923,2.9811
88.8948,0.7032,3.0295
88.8950,0.7005,3.0134
88.8952,0.7569,3.2579
88.8954,0.7068,3.0464
88.8956,0.6234,2.6867
88.8958,0.6102,2.6311
88.8960,0.6071,2.6189
88.8962,0.5896,2.5457
88.8964,0.5488,2.3664
88.8966,0.5333,2.3018
88.8968,0.5339,2.3055
88.8970,0.5168,2.2284
88.8972,0.5745,2.4736
88.8974,0.6192,2.6662
88.8976,0.6228,2.6879
88.8978,0.5981,2.5753
88.8980,0.6912,2.9709
88.8982,0.7231,3.1153
88.8984,0.6815,2.9333
88.8986,0.6741,2.9013
88.8988,0.67,2.8837
88.8990,0.6855,2.9476
88.8992,0.768,3.3023
88.8994,0.8344,3.5846
88.8996,0.8224,3.5397
88.8998,0.7103,3.0642
88.9000,0.594,2.5578
88.9002,0.611,2.636
88.9004,0.583,2.5126
88.9006,0.6239,2.6876
88.9008,0.5526,2.3852
88.9010,0.5258,2.2692
88.9012,0.527,2.2734
88.9014,0.517,2.2304
88.9016,0.5132,2.2159
88.9018,0.5197,2.2428
88.9020,0.5597,2.4123
88.9022,0.5788,2.4968
88.9024,0.5097,2.1999
88.9026,0.5144,2.219
88.9028,0.5338,2.3018
88.9030,0.5037,2.174
88.9032,0.5228,2.2553
88.9034,0.6272,2.6983
88.9036,0.699,3.0086
88.9038,0.633,2.7281
88.9040,0.5856,2.5275
88.9042,0.5128,2.2123
88.9044,0.4803,2.0741
88.9046,0.4737,2.0437
88.9048,0.4828,2.0849
88.9050,0.476,2.0545
88.9052,0.49,2.114
88.9054,0.49,2.1131
88.9056,0.4873,2.1002
88.9058,0.4887,2.1084
88.9060,0.4882,2.1082
88.9062,0.4966,2.1425
88.9064,0.5532,2.3822
88.9066,0.6152,2.6504
88.9068,0.6075,2.6112
88.9070,0.7213,3.1032
88.9072,0.6517,2.8113
88.9074,0.5149,2.2211
88.9076,0.5125,2.2097
88.9078,0.5393,2.3256
88.9080,0.5572,2.4004
88.9082,0.6017,2.5932
88.9084,0.554,2.3853
88.9086,0.5745,2.4724
88.9088,0.6609,2.8445
88.9090,0.6951,2.9916
88.9092,0.685,2.9455
88.9094,0.7207,3.0992
88.9096,0.7514,3.2281
88.9098,0.8089,3.47
88.9100,0.9038,3.872
88.9102,0.9458,4.0518
88.9104,0.9676,4.1472
88.9106,0.9285,3.9759
88.9108,0.9846,4.2162
88.9110,1.0339,4.4293
88.9112,0.989,4.2426
88.9114,0.8838,3.795
88.9116,0.9286,3.9802
88.9118,1.0036,4.2974
88.9120,1.0468,4.4759
88.9122,1.0563,4.5275
88.9124,0.9689,4.1587
88.9126,0.8683,3.7304
88.9128,0.8324,3.5775
88.9130,0.8671,3.72
88.9132,0.9577,4.1045
88.9134,0.9402,4.0314
88.9136,0.9622,4.1221
88.9138,1.0315,4.4252
88.9140,0.993,4.2581
88.9142,0.984,4.2255
88.9144,0.8867,3.8056
88.9146,0.956,4.0973
88.9148,0.9018,3.8741
88.9150,0.7882,3.3926
88.9152,0.7682,3.3033
88.9154,0.7941,3.4115
88.9156,0.8087,3.476
88.9158,0.8182,3.5216
88.9160,0.8048,3.4558
88.9162,0.8924,3.8321
88.9164,0.8078,3.4702
88.9166,0.7524,3.2398
88.9168,0.7048,3.0306
88.9170,0.7836,3.3678
88.9172,0.7926,3.4048
88.9174,0.8279,3.5617
88.9176,0.8023,3.4498
88.9178,0.7707,3.3095
88.9180,0.8498,3.6522
88.9182,0.8653,3.7158
88.9184,0.8663,3.7233
88.9186,0.8119,3.4878
88.9188,0.8569,3.6814
88.9190,0.8756,3.76
88.9192,0.8193,3.5246
88.9194,0.7722,3.3265
88.9196,0.7483,3.2237
88.9198,0.701,3.0169
88.9200,0.695,2.9925
88.9202,0.7346,3.159
88.9204,0.8193,3.5262
88.9206,0.7518,3.2387
88.9208,0.6905,2.9761
88.9210,0.7361,3.1666
88.9212,0.7247,3.1176
88.9214,0.7146,3.08
88.9216,0.6911,2.9732
88.9218,0.6914,2.9798
88.9220,0.6128,2.6437
88.9222,0.6018,2.5949
88.9224,0.6344,2.7279
88.9226,0.7382,3.1759
88.9228,0.7676,3.3023
88.9230,0.7137,3.0716
88.9232,0.6833,2.9438
88.9234,0.678,2.9197
88.9236,0.7604,3.2683
88.9238,0.8302,3.5732
88.9240,0.7114,3.0646
88.9242,0.6669,2.873
88.9244,0.6681,2.8768
88.9246,0.6692,2.8855
88.9248,0.5966,2.5739
88.9250,0.5682,2.449
88.9252,0.5682,2.4524
88.9254,0.5842,2.5201
88.9256,0.6138,2.6454
88.9258,0.6079,2.6201
88.9260,0.6251,2.694
88.9262,0.6349,2.7363
88.9264,0.6173,2.6579
88.9266,0.6092,2.6258
88.9268,0.6188,2.6646
88.9270,0.705,3.0415
88.9272,0.6067,2.6161
88.9274,0.5228,2.2573
88.9276,0.4634,2.002
88.9278,0.4542,1.9621
88.9280,0.455,1.9657
88.9282,0.4551,1.9653
88.9284,0.4553,1.9677
88.9286,0.4546,1.9628
88.9288,0.4536,1.9577
88.9290,0.4553,1.9668
88.9292,0.4551,1.9662
88.9294,0.4544,1.9604
88.9296,0.4611,1.9894
88.9298,0.5155,2.2227
88.9300,0.5134,2.2149
88.9302,0.4585,1.978
88.9304,0.4707,2.0317
88.9306,0.5289,2.2795
88.9308,0.5555,2.3965
88.9310,0.4946,2.1317
88.9312,0.6054,2.6104
88.9314,0.5663,2.4396
88.9316,0.5528,2.3824
88.9318,0.5478,2.3623
88.9320,0.5492,2.368
88.9322,0.5537,2.3843
88.9324,0.6169,2.6551
88.9326,0.6523,2.8061
88.9328,0.686,2.951
88.9330,0.7237,3.1135
88.9332,0.7035,3.0235
88.9334,0.7548,3.2471
88.9336,0.6942,2.9908
88.9338,0.6134,2.6426
88.9340,0.6235,2.6873
88.9342,0.5692,2.452
88.9344,0.5651,2.4333
88.9346,0.5942,2.5588
88.9348,0.6331,2.7248
88.9350,0.6462,2.7798
88.9352,0.6356,2.7369
88.9354,0.6838,2.9431
88.9356,0.6778,2.9186
88.9358,0.6541,2.8177
88.9360,0.6039,2.6018
88.9362,0.5608,2.4181
88.9364,0.5663,2.4396
88.9366,0.6175,2.6577
88.9368,0.5928,2.5526
88.9370,0.5844,2.52
88.9372,0.5698,2.4546
88.9374,0.5968,2.5696
88.9376,0.624,2.6868
88.9378,0.652,2.8089
88.9380,0.6168,2.6546
88.9382,0.6099,2.6276
88.9384,0.6123,2.6367
88.9386,0.6785,2.9163
88.9388,0.7121,3.0606
88.9390,0.7776,3.3435
88.9392,0.7887,3.3915
88.9394,0.7134,3.0677
88.9396,0.6752,2.9073
88.9398,0.6079,2.6176
88.9400,0.6362,2.7344
88.9402,0.7266,3.1186
88.9404,0.7976,3.4296
88.9406,0.736,3.1646
88.9408,0.7157,3.0804
88.9410,0.6565,2.8254
88.9412,0.6498,2.7965
88.9414,0.6986,3.0024
88.9416,0.7105,3.0582
88.9418,0.5963,2.5688
88.9420,0.5989,2.5777
88.9422,0.717,3.0846
88.9424,0.744,3.1977
88.9426,0.7176,3.0843
88.9428,0.7766,3.3363
88.9430,0.8013,3.4424
88.9432,0.7663,3.292
88.9434,0.7745,3.3286
88.9436,0.8237,3.5355
88.9438,0.8809,3.7809
88.9440,0.8448,3.6277
88.9442,0.8614,3.6988
88.9444,0.8456,3.6325
88.9446,0.7667,3.2982
88.9448,0.6964,2.9945
88.9450,0.7424,3.191
88.9452,0.7309,3.1415
88.9454,0.7414,3.1893
88.9456,0.7357,3.1636
88.9458,0.8225,3.527
88.9460,0.8737,3.7501
88.9462,0.8089,3.4797
88.9464,0.7435,3.1971
88.9466,0.7513,3.2291
88.9468,0.7543,3.2435
88.9470,0.8224,3.5314
88.9472,0.8524,3.6602
88.9474,0.845,3.6282
88.9476,0.8627,3.7062
88.9478,0.8018,3.4493
88.9480,0.7527,3.2383
88.9482,0.7181,3.0893
88.9484,0.7002,3.0166
88.9486,0.6273,2.7025
88.9488,0.6228,2.6842
88.9490,0.6516,2.8056
88.9492,0.6862,2.9534
88.9494,0.6815,2.9319
88.9496,0.7316,3.1417
88.9498,0.783,3.3636
88.9500,0.7595,3.2642
88.9502,0.791,3.4045
88.9504,0.689,2.968
88.9506,0.6788,2.9187
88.9508,0.7116,3.0657
88.9510,0.6438,2.772
88.9512,0.6753,2.9051
88.9514,0.7428,3.194
88.9516,0.72,3.0975
88.9518,0.6914,2.9756
88.9520,0.6988,3.0104
88.9522,0.6692,2.8815
88.9524,0.6879,2.962
88.9526,0.667,2.8695
88.9528,0.6761,2.9128
88.9530,0.6145,2.6497
88.9532,0.6099,2.6289
88.9534,0.6008,2.5872
88.9536,0.6454,2.7805
88.9538,0.6567,2.8291
88.9540,0.6791,2.9203
88.9542,0.7673,3.2961
88.9544,0.7687,3.31
88.9546,0.6442,2.7754
88.9548,0.5982,2.5746
88.9550,0.6517,2.8074
88.9552,0.6599,2.843
88.9554,0.6643,2.8576
88.9556,0.6809,2.9266
88.9558,0.7355,3.167
88.9560,0.6661,2.8707
88.9562,0.5914,2.5452
88.9564,0.6119,2.6359
88.9566,0.6057,2.6108
88.9568,0.6222,2.6766
88.9570,0.694,2.9883
88.9572,0.7056,3.0328
88.9574,0.711,3.0588
88.9576,0.6574,2.8256
88.9578,0.6989,3.0053
88.9580,0.7263,3.1243
88.9582,0.7264,3.1234
88.9584,0.7274,3.128
88.9586,0.7301,3.1423
88.9588,0.7414,3.1893
88.9590,0.756,3.2462
88.9592,0.7701,3.3085
88.9594,0.7848,3.3761
88.9596,0.7586,3.2606
88.9598,0.727,3.1289
88.9600,0.646,2.7818
88.9602,0.6992,3.0105
88.9604,0.7392,3.1786
88.9606,0.7336,3.1558
88.9608,0.7048,3.0334
88.9610,0.6725,2.8959
88.9612,0.6517,2.8048
88.9614,0.7011,3.0146
88.9616,0.7593,3.2728
88.9618,0.6139,2.6484
88.9620,0.5704,2.4583
88.9622,0.6055,2.6097
88.9624,0.5662,2.4414
88.9626,0.5505,2.3736
88.9628,0.546,2.3534
88.9630,0.5469,2.3581
88.9632,0.5518,2.3804
88.9634,0.5551,2.3905
88.9636,0.6327,2.7258
88.9638,0.603,2.6001
88.9640,0.5617,2.4222
88.9642,0.5649,2.4312
88.9644,0.6681,2.8755
88.9646,0.6487,2.7945
88.9648,0.6414,2.7617
88.9650,0.6442,2.7754
88.9652,0.6429,2.7684
88.9654,0.6331,2.7273
88.9656,0.635,2.7331
88.9658,0.7025,3.0208
88.9660,0.7492,3.2184
88.9662,0.7693,3.3049
88.9664,0.7505,3.2285
88.9666,0.6947,2.9914
88.9668,0.6583,2.8305
88.9670,0.7049,3.0382
88.9672,0.6277,2.7041
88.9674,0.6746,2.902
88.9676,0.6752,2.9032
88.9678,0.6663,2.8704
88.9680,0.6665,2.8648
88.9682,0.6993,3.0083
88.9684,0.6662,2.8686
88.9686,0.6603,2.8446
88.9688,0.6765,2.9062
88.9690,0.7116,3.0614
88.9692,0.6962,2.9963
88.9694,0.6657,2.8625
88.9696,0.6651,2.8613
88.9698,0.6667,2.8693
88.9700,0.6821,2.9386
88.9702,0.6858,2.9546
88.9704,0.6024,2.5951
88.9706,0.5709,2.4592
88.9708,0.6309,2.7168
88.9710,0.6045,2.6044
88.9712,0.5657,2.4382
88.9714,0.5653,2.4389
88.9716,0.5855,2.5199
88.9718,0.6441,2.7749
88.9720,0.5837,2.5169
88.9722,0.6073,2.6163
88.9724,0.5987,2.5791
88.9726,0.5663,2.4408
88.9728,0.5619,2.4228
88.9730,0.579,2.4955
88.9732,0.5956,2.5645
88.9734,0.6783,2.9166
88.9736,0.6677,2.8766
88.9738,0.5903,2.5418
88.9740,0.5659,2.4415
88.9742,0.5153,2.2222
88.9744,0.545,2.3444
88.9746,0.6181,2.664
88.9748,0.6257,2.6941
88.9750,0.677,2.9137
88.9752,0.7189,3.0857
88.9754,0.7936,3.4095
88.9756,0.7494,3.2194
88.9758,0.7896,3.3888
88.9760,0.8737,3.7501
88.9762,0.8476,3.6396
88.9764,0.7891,3.393
88.9766,0.7525,3.2313
88.9768,0.859,3.685
88.9770,0.9363,4.0112
88.9772,0.9433,4.0391
88.9774,1.0105,4.3251
88.9776,1.0393,4.4462
88.9778,1.0408,4.4586
88.9780,1.0452,4.4776
88.9782,1.0199,4.3713
88.9784,1.033,4.4252
88.9786,1.05,4.5002
88.9788,0.9699,4.1589
88.9790,0.8983,3.8538
88.9792,0.9392,4.0235
88.9794,1.0206,4.3703
88.9796,1.0069,4.3238
88.9798,0.894,3.8388
88.9800,0.9596,4.1089
88.9802,1.089,4.6586
88.9804,1.0755,4.6097
88.9806,0.9589,4.1173
88.9808,0.9174,3.9465
88.9810,0.8332,3.5794
88.9812,0.8222,3.537
88.9814,0.8069,3.4682
88.9816,0.8533,3.666
88.9818,0.8645,3.7052
88.9820,0.873,3.7557
88.9822,0.7422,3.1914
88.9824,0.7772,3.3451
88.9826,0.7459,3.2059
88.9828,0.7502,3.2305
88.9830,0.7216,3.1071
88.9832,0.7428,3.194
88.9834,0.6989,3.0123
88.9836,0.6237,2.6858
88.9838,0.6983,3.0083
88.9840,0.6808,2.9302
88.9842,0.6812,2.9358
88.9844,0.6572,2.8364
88.9846,0.5844,2.5188
88.9848,0.6229,2.6809
88.9850,0.6601,2.8462
88.9852,0.6116,2.6361
88.9854,0.6194,2.6697
88.9856,0.6081,2.6187
88.9858,0.6362,2.7433
88.9860,0.6157,2.6512
88.9862,0.6657,2.8692
88.9864,0.6282,2.7087
88.9866,0.5272,2.2765
88.9868,0.5382,2.3177
88.9870,0.68,2.9307
88.9872,0.5884,2.5358
88.9874,0.5742,2.476
88.9876,0.602,2.596
88.9878,0.589,2.5408
88.9880,0.5056,2.1823
88.9882,0.4941,2.1336
88.9884,0.4816,2.0769
88.9886,0.4928,2.1269
88.9888,0.4932,2.1265
88.9890,0.5225,2.2563
88.9892,0.471,2.0365
88.9894,0.4029,1.7404
88.9896,0.4007,1.7319
88.9898,0.4001,1.7285
88.9900,0.4513,1.947
88.9902,0.5145,2.2165
88.9904,0.5649,2.4346
88.9906,0.5428,2.3416
88.9908,0.4651,2.0083
88.9910,0.4489,1.9384
88.9912,0.4478,1.9355
88.9914,0.4469,1.9296
88.9916,0.4452,1.9215
88.9918,0.4403,1.8994
88.9920,0.4605,1.9877
88.9922,0.5207,2.2444
88.9924,0.5327,2.2971
88.9926,0.4601,1.9875
88.9928,0.449,1.9398
88.9930,0.4492,1.9403
88.9932,0.485,2.0933
88.9934,0.4512,1.9492
88.9936,0.4364,1.8837
88.9938,0.467,2.0138
88.9940,0.5199,2.2387
88.9942,0.5646,2.4313
88.9944,0.5545,2.389
88.9946,0.5613,2.4235
88.9948,0.49,2.1131
88.9950,0.5185,2.2356
88.9952,0.4753,2.0514
88.9954,0.4602,1.9862
88.9956,0.4989,2.1513
88.9958,0.5526,2.3796
88.9960,0.5765,2.4824
88.9962,0.5634,2.4272
88.9964,0.5344,2.3054
88.9966,0.5408,2.3296
88.9968,0.5568,2.401
88.9970,0.5483,2.3643
88.9972,0.4771,2.0591
88.9974,0.4669,2.0142
88.9976,0.5037,2.169
88.9978,0.5909,2.5431
88.9980,0.6006,2.5874
88.9982,0.5735,2.4706
88.9984,0.5676,2.4464
88.9986,0.5653,2.4355
88.9988,0.5893,2.5376
88.9990,0.6066,2.6083
88.9992,0.6345,2.7285
88.9994,0.6747,2.9012
88.9996,0.6995,3.0079
88.9998,0.7061,3.0391
89.0000,0.6005,2.588
89.0002,0.5995,2.5803
89.0004,0.5975,2.5739
89.0006,0.5445,2.3467
89.0008,0.5379,2.315
89.0010,0.6278,2.6996
89.0012,0.671,2.8839
89.0014,0.6418,2.765
89.0016,0.6068,2.6106
89.0018,0.6297,2.7066
89.0020,0.6457,2.7777
89.0022,0.6789,2.9192
89.0024,0.6962,2.999
89.0026,0.5538,2.3881
89.0028,0.4874,2.1007
89.0030,0.4952,2.1353
89.0032,0.4948,2.1347
89.0034,0.4897,2.1144
89.0036,0.3831,1.6542
89.0038,0.4049,1.746
89.0040,0.4828,2.0801
89.0042,0.5201,2.2428
89.0044,0.5078,2.1886
89.0046,0.508,2.1896
89.0048,0.5072,2.186
89.0050,0.536,2.3089
89.0052,0.5519,2.3798
89.0054,0.5145,2.2144
89.0056,0.6068,2.6069
89.0058,0.7137,3.0659
89.0060,0.6857,2.9486
89.0062,0.7171,3.0808
89.0064,0.6796,2.9264
89.0066,0.5266,2.2708
89.0068,0.4568,1.9708
89.0070,0.4511,1.9468
89.0072,0.4508,1.9431
89.0074,0.4674,2.0163
89.0076,0.4549,1.9616
89.0078,0.4806,2.0722
89.0080,0.5043,2.1726
89.0082,0.5583,2.4039
89.0084,0.5773,2.486
89.0086,0.5555,2.3942
89.0088,0.5706,2.4548
89.0090,0.6358,2.7316
89.0092,0.7277,3.1276
89.0094,0.6882,2.9567
89.0096,0.683,2.934
89.0098,0.7367,3.1633
89.0100,0.7886,3.3831
89.0102,0.8125,3.4871
89.0104,0.7921,3.4028
89.0106,0.7578,3.2509
89.0108,0.8492,3.6378
89.0110,0.906,3.883
89.0112,0.9056,3.8833
89.0114,0.9248,3.9656
89.0116,0.8997,3.8563
89.0118,0.8959,3.8363
89.0120,0.9578,4.1089
89.0122,0.848,3.636
89.0124,0.8695,3.7303
89.0126,0.8011,3.4414
89.0128,0.7487,3.2163
89.0130,0.7615,3.2684
89.0132,0.7912,3.3992
89.0134,0.751,3.2231
89.0136,0.8386,3.6043
89.0138,0.7737,3.3193
89.0140,0.8131,3.4848
89.0142,0.9236,3.9567
89.0144,0.9521,4.0847
89.0146,0.8768,3.7582
89.0148,0.8623,3.7029
89.0150,0.8354,3.587
89.0152,0.8168,3.5072
89.0154,0.84,3.6004
89.0156,0.9386,4.0228
89.0158,0.9531,4.0869
89.0160,0.926,3.9689
89.0162,0.8997,3.8617
89.0164,0.8354,3.5904
89.0166,0.7652,3.2889
89.0168,0.7632,3.2771
89.0170,0.8446,3.625
89.0172,0.8465,3.6315
89.0174,0.8303,3.5687
89.0176,0.732,3.1447
89.0178,0.8129,3.4908
89.0180,0.8677,3.7278
89.0182,0.796,3.4198
89.0184,0.7784,3.3456
89.0186,0.7911,3.3986
89.0188,0.8291,3.5619
89.0190,0.785,3.3724
89.0192,0.777,3.341
89.0194,0.7798,3.3471
89.0196,0.8334,3.5788
89.0198,0.8159,3.5053
89.0200,0.8141,3.4975
89.0202,0.8398,3.6078
89.0204,0.7539,3.242
89.0206,0.7438,3.1967
89.0208,0.7524,3.2368
89.0210,0.7171,3.088
89.0212,0.7285,3.1298
89.0214,0.786,3.3765
89.0216,0.8021,3.4444
89.0218,0.8584,3.6756
89.0220,0.9679,4.1463
89.0222,0.9848,4.2187
89.0224,1.0183,4.3605
89.0226,0.9408,4.0377
89.0228,0.8855,3.8058
89.0230,0.8304,3.5659
89.0232,0.8393,3.6007
89.0234,0.8981,3.8545
89.0236,0.9031,3.8834
89.0238,0.7695,3.309
89.0240,0.7412,3.1888
89.0242,0.7372,3.1727
89.0244,0.7379,3.1729
89.0246,0.758,3.2595
89.0248,0.7603,3.2693
89.0250,0.7981,3.4349
89.0252,0.6936,2.9854
89.0254,0.6725,2.8973
89.0256,0.6766,2.9148
89.0258,0.6959,2.9952
89.0260,0.6723,2.8949
89.0262,0.6448,2.7767
89.0264,0.6033,2.6041
89.0266,0.594,2.5589
89.0268,0.635,2.7381
89.0270,0.579,2.4967
89.0272,0.5562,2.3996
89.0274,0.5451,2.3526
89.0276,0.5415,2.3359
89.0278,0.5422,2.3369
89.0280,0.546,2.3545
89.0282,0.5409,2.3334
89.0284,0.5416,2.3354
89.0286,0.5626,2.4225
89.0288,0.6254,2.6955
89.0290,0.5644,2.4359
89.0292,0.5452,2.352
89.0294,0.5426,2.3406
89.0296,0.5424,2.339
89.0298,0.5445,2.3456
89.0300,0.5795,2.4964
89.0302,0.6228,2.6842
89.0304,0.5715,2.4607
89.0306,0.6476,2.7898
89.0308,0.6326,2.724
89.0310,0.6321,2.7245
89.0312,0.6301,2.7157
89.0314,0.6279,2.7039
89.0316,0.6282,2.7036
89.0318,0.6295,2.7093
89.0320,0.6322,2.7199
89.0322,0.6657,2.8652
89.0324,0.7193,3.093
89.0326,0.79,3.394
89.0328,0.7891,3.393
89.0330,0.7415,3.1884
89.0332,0.7039,3.0256
89.0334,0.7832,3.3693
89.0336,0.6944,2.9885
89.0338,0.7162,3.0839
89.0340,0.6941,2.9889
89.0342,0.6475,2.7893
89.0344,0.6307,2.7145
89.0346,0.6346,2.7315
89.0348,0.6476,2.7834
89.0350,0.7429,3.196
89.0352,0.7326,3.1502
89.0354,0.7434,3.1966
89.0356,0.7163,3.0829
89.0358,0.662,2.8518
89.0360,0.6477,2.7904
89.0362,0.646,2.7805
89.0364,0.6483,2.789
89.0366,0.6628,2.8554
89.0368,0.5963,2.5664
89.0370,0.7022,3.0221
89.0372,0.7481,3.2212
89.0374,0.688,2.9625
89.0376,0.6681,2.8755
89.0378,0.6194,2.6697
89.0380,0.6162,2.6557
89.0382,0.6243,2.6846
89.0384,0.6959,2.991
89.0386,0.7316,3.1417
89.0388,0.7759,3.3348
89.0390,0.759,3.2636
89.0392,0.7108,3.0564
89.0394,0.7916,3.4023
89.0396,0.7671,3.2987
89.0398,0.7562,3.2518
89.0400,0.7494,3.2194
89.0402,0.7952,3.4146
89.0404,0.8099,3.4795
89.0406,0.8571,3.6871
89.0408,0.8427,3.6168
89.0410,0.8579,3.6856
89.0412,0.7366,3.1746
89.0414,0.6374,2.7447
89.0416,0.6397,2.7557
89.0418,0.5953,2.5622
89.0420,0.7029,3.0195
89.0422,0.8218,3.5305
89.0424,0.8435,3.6237
89.0426,0.7869,3.3838
89.0428,0.7525,3.2343
89.0430,0.776,3.3384
89.0432,0.792,3.4007
89.0434,0.7968,3.4213
89.0436,0.7519,3.2302
89.0438,0.8507,3.6529
89.0440,0.8938,3.836
89.0442,0.8874,3.8087
89.0444,0.887,3.8054
89.0446,0.8927,3.8331
89.0448,0.8748,3.7547
89.0450,0.9114,3.9153
89.0452,0.8489,3.6452
89.0454,0.8656,3.7185
89.0456,0.9113,3.9111
89.0458,0.8946,3.8414
89.0460,0.8398,3.6095
89.0462,0.8182,3.5151
89.0464,0.8084,3.4728
89.0466,0.8005,3.442
89.0468,0.7465,3.213
89.0470,0.7312,3.1484
89.0472,0.7632,3.2801
89.0474,0.8135,3.4966
89.0476,0.7616,3.2811
89.0478,0.6819,2.9389
89.0480,0.6429,2.7684
89.0482,0.5775,2.4888
89.0484,0.621,2.6739
89.0486,0.6929,2.9837
89.0488,0.7146,3.0786
89.0490,0.6879,2.9565
89.0492,0.73,3.1432
89.0494,0.6598,2.8425
89.0496,0.6107,2.6307
89.0498,0.5842,2.5166
89.0500,0.6199,2.6693
89.0502,0.6054,2.6104
89.0504,0.5764,2.4876
89.0506,0.588,2.5331
89.0508,0.5872,2.5318
89.0510,0.6047,2.6049
89.0512,0.6447,2.78
89.0514,0.5977,2.5762
89.0516,0.5801,2.5002
89.0518,0.5412,2.336
89.0520,0.5093,2.2004
89.0522,0.501,2.1631
89.0524,0.4982,2.1492
89.0526,0.4996,2.1574
89.0528,0.5066,2.1834
89.0530,0.6075,2.6137
89.0532,0.6699,2.8886
89.0534,0.6328,2.7238
89.0536,0.705,3.0373
89.0538,0.6716,2.8891
89.0540,0.7093,3.0516
89.0542,0.6743,2.9064
89.0544,0.5938,2.5579
89.0546,0.6219,2.6743
89.0548,0.6524,2.8118
89.0550,0.5695,2.4593
89.0552,0.553,2.3845
89.0554,0.5435,2.3426
89.0556,0.5697,2.4575
89.0558,0.5761,2.4843
89.0560,0.5278,2.2759
89.0562,0.4789,2.0679
89.0564,0.4706,2.0302
89.0566,0.5583,2.4028
89.0568,0.6283,2.7104
89.0570,0.5487,2.3692
89.0572,0.474,2.0457
89.0574,0.496,2.1379
89.0576,0.5519,2.3787
89.0578,0.574,2.475
89.0580,0.5813,2.5054
89.0582,0.5775,2.4877
89.0584,0.5863,2.5271
89.0586,0.5719,2.4662
89.0588,0.5532,2.3844
89.0590,0.5812,2.5025
89.0592,0.6313,2.7208
89.0594,0.5658,2.4387
89.0596,0.5291,2.2795
89.0598,0.5342,2.3001
89.0600,0.5755,2.4782
89.0602,0.6057,2.612
89.0604,0.5656,2.4388
89.0606,0.5659,2.4369
89.0608,0.5785,2.49
89.0610,0.6099,2.6276
89.0612,0.5541,2.3903
89.0614,0.4675,2.0149
89.0616,0.5207,2.2465
89.0618,0.4651,2.0074
89.0620,0.4622,1.995
89.0622,0.4675,2.0187
89.0624,0.453,1.956
89.0626,0.4487,1.9356
89.0628,0.4531,1.9547
89.0630,0.4592,1.9783
89.0632,0.527,2.2723
89.0634,0.4763,2.0555
89.0636,0.4524,1.9534
89.0638,0.4867,2.0996
89.0640,0.4994,2.1544
89.0642,0.4494,1.9387
89.0644,0.4446,1.9189
89.0646,0.4441,1.9159
89.0648,0.4489,1.9366
89.0650,0.4489,1.9357
89.0652,0.4524,1.9507
89.0654,0.4601,1.9847
89.0656,0.4824,2.078
89.0658,0.5331,2.2955
89.0660,0.6097,2.6217
89.0662,0.6543,2.8161
89.0664,0.5675,2.4437
89.0666,0.5557,2.3942
89.0668,0.5342,2.3033
89.0670,0.5162,2.2258
89.0672,0.4936,2.1286
89.0674,0.5115,2.2046
89.0676,0.5017,2.1562
89.0678,0.5909,2.5455
89.0680,0.5348,2.3059
89.0682,0.5132,2.2139
89.0684,0.4779,2.0589
89.0686,0.4819,2.076
89.0688,0.4939,2.1296
89.0690,0.5233,2.2563
89.0692,0.5175,2.2315
89.0694,0.4942,2.1272
89.0696,0.5348,2.3048
89.0698,0.5016,2.1627
89.0700,0.5185,2.2304
89.0702,0.5715,2.463
89.0704,0.5139,2.2149
89.0706,0.5073,2.1865
89.0708,0.5145,2.2196
89.0710,0.4934,2.1256
89.0712,0.5012,2.1591
89.0714,0.5452,2.3465
89.0716,0.6157,2.6475
89.0718,0.6069,2.6062
89.0720,0.6715,2.8832
89.0722,0.7157,3.0861
89.0724,0.5352,2.3069
89.0726,0.4983,2.1477
89.0728,0.495,2.1343
89.0730,0.5123,2.2041
89.0732,0.6717,2.8856
89.0734,0.6321,2.7207
89.0736,0.5745,2.4736
89.0738,0.5874,2.5294
89.0740,0.5769,2.4851
89.0742,0.5791,2.4914
89.0744,0.6219,2.6756
89.0746,0.6075,2.6149
89.0748,0.5814,2.5024
89.0750,0.5697,2.4495
89.0752,0.6966,2.9913
89.0754,0.756,3.2462
89.0756,0.7667,3.2936
89.0758,0.7394,3.1752
89.0760,0.7795,3.344
89.0762,0.8223,3.5276
89.0764,0.7995,3.4283
89.0766,0.882,3.7767
89.0768,0.9814,4.1984
89.0770,1.0537,4.5056
89.0772,1.0369,4.4359
89.0774,1.0604,4.5344
89.0776,1.068,4.5688
89.0778,1.0386,4.441
89.0780,1.0375,4.4364
89.0782,1.0742,4.5912
89.0784,1.0707,4.5784
89.0786,1.0069,4.3178
89.0788,0.9385,4.0242
89.0790,0.9262,3.9699
89.0792,0.9276,3.9774
89.0794,0.9207,3.9536
89.0796,0.8215,3.524
89.0798,0.886,3.799
89.0800,0.888,3.8077
89.0802,0.8927,3.8278
89.0804,0.9362,4.0107
89.0806,0.9875,4.2325
89.0808,0.9447,4.0453
89.0810,0.9551,4.0976
89.0812,0.906,3.8758
89.0814,1.0505,4.4939
89.0816,1.0593,4.5361
89.0818,0.9838,4.2185
89.0820,0.9556,4.0939
89.0822,1.0126,4.3379
89.0824,0.9896,4.2472
89.0826,0.8535,3.6665
89.0828,0.7788,3.3487
89.0830,0.7849,3.375
89.0832,0.7962,3.4235
89.0834,0.7814,3.3585
89.0836,0.7709,3.3131
89.0838,0.8306,3.5698
89.0840,0.8013,3.444
89.0842,0.7344,3.1609
89.0844,0.6679,2.8758
89.0846,0.6731,2.8972
89.0848,0.7338,3.1524
89.0850,0.7809,3.3627
89.0852,0.7307,3.1434
89.0854,0.7628,3.2801
89.0856,0.7571,3.2539
89.0858,0.7837,3.3636
89.0860,0.8128,3.4902
89.0862,0.7543,3.2435
89.0864,0.7735,3.326
89.0866,0.8221,3.5315
89.0868,0.8042,3.458
89.0870,0.7386,3.1804
89.0872,0.6691,2.8796
89.0874,0.6635,2.8559
89.0876,0.6592,2.8373
89.0878,0.6661,2.8667
89.0880,0.7056,3.0342
89.0882,0.8181,3.5162
89.0884,0.7583,3.2636
89.0886,0.7272,3.1299
89.0888,0.7302,3.1414
89.0890,0.7253,3.1173
89.0892,0.7298,3.1383
89.0894,0.7849,3.3734
89.0896,0.8138,3.4944
89.0898,0.8641,3.7089
89.0900,0.8762,3.7609
89.0902,0.8464,3.6429
89.0904,0.7499,3.2244
89.0906,0.7444,3.2022
89.0908,0.7469,3.213
89.0910,0.7024,3.0231
89.0912,0.6864,2.9558
89.0914,0.665,2.8661
89.0916,0.6553,2.8229
89.0918,0.682,2.9326
89.0920,0.73,3.1403
89.0922,0.6747,2.9079
89.0924,0.6227,2.6799
89.0926,0.629,2.7098
89.0928,0.5861,2.5272
89.0930,0.5723,2.4666
89.0932,0.6283,2.7104
89.0934,0.5826,2.5099
89.0936,0.6392,2.7537
89.0938,0.6008,2.5884
89.0940,0.5554,2.3948
89.0942,0.5394,2.325
89.0944,0.6188,2.6622
89.0946,0.7314,3.148
89.0948,0.6495,2.8007
89.0950,0.5574,2.4036
89.0952,0.5541,2.3903
89.0954,0.553,2.3834
89.0956,0.5848,2.5168
89.0958,0.6384,2.7475
89.0960,0.6544,2.8167
89.0962,0.6602,2.8428
89.0964,0.6646,2.8632
89.0966,0.6575,2.8274
89.0968,0.7868,3.3801
89.0970,0.761,3.2739
89.0972,0.7159,3.0785
89.0974,0.7513,3.2306
89.0976,0.7561,3.2497
89.0978,0.7525,3.2388
89.0980,0.7433,3.1976
89.0982,0.7436,3.1976
89.0984,0.7493,3.2204
89.0986,0.7592,3.2647
89.0988,0.7452,3.2014
89.0990,0.8043,3.4553
89.0992,0.7872,3.3895
89.0994,0.7155,3.0808
89.0996,0.7099,3.0513
89.0998,0.7761,3.3374
89.1000,0.7891,3.3899
89.1002,0.8297,3.5662
89.1004,0.7892,3.3951
89.1006,0.6995,3.0093
89.1008,0.7515,3.2332
89.1010,0.7585,3.2616
89.1012,0.7785,3.343
89.1014,0.8351,3.5877
89.1016,0.8613,3.6983
89.1018,0.8999,3.8604
89.1020,0.8972,3.8581
89.1022,0.7629,3.2806
89.1024,0.7435,3.2016
89.1026,0.6533,2.8146
89.1028,0.6556,2.8218
89.1030,0.6663,2.8664
89.1032,0.6964,2.9959
89.1034,0.7292,3.1431
89.1036,0.6773,2.9179
89.1038,0.606,2.6106
89.1040,0.6071,2.6165
89.1042,0.5843,2.5183
89.1044,0.6077,2.6178
89.1046,0.6388,2.7521
89.1048,0.6122,2.6399
89.1050,0.5873,2.5288
89.1052,0.6193,2.6692
89.1054,0.594,2.5589
89.1056,0.6039,2.603
89.1058,0.5977,2.5785
89.1060,0.5141,2.2201
89.1062,0.4953,2.1388
89.1064,0.4977,2.1471
89.1066,0.5065,2.1839
89.1068,0.5574,2.4025
89.1070,0.5878,2.5344
89.1072,0.5251,2.2672
89.1074,0.5212,2.2485
89.1076,0.5595,2.4102
89.1078,0.6062,2.6128
89.1080,0.584,2.5172
89.1082,0.5968,2.5684
89.1084,0.6888,2.9606
89.1086,0.7047,3.0301
89.1088,0.6882,2.9622
89.1090,0.7067,3.0402
89.1092,0.7541,3.244
89.1094,0.7685,3.3028
89.1096,0.7924,3.4027
89.1098,0.8727,3.7437
89.1100,0.9953,4.2579
89.1102,1.0427,4.4647
89.1104,1.0132,4.3425
89.1106,1.009,4.3245
89.1108,1.0057,4.3086
89.1110,1.0067,4.3127
89.1112,0.9772,4.1903
89.1114,1.0271,4.3959
89.1116,1.086,4.6501
89.1118,1.0553,4.5229
89.1120,0.9645,4.1396
89.1122,0.915,3.9307
89.1124,0.8893,3.8205
89.1126,0.8852,3.8048
89.1128,0.8002,3.441
89.1130,0.7945,3.4162
89.1132,0.7674,3.2982
89.1134,0.7596,3.2677
89.1136,0.78,3.3539
89.1138,0.817,3.5148
89.1140,0.7498,3.2254
89.1142,0.7239,3.1097
89.1144,0.826,3.5535
89.1146,0.7845,3.3734
89.1148,0.75,3.2265
89.1150,0.6969,2.998
89.1152,0.7038,3.0307
89.1154,0.6858,2.956
89.1156,0.6555,2.8226
89.1158,0.6767,2.9126
89.1160,0.7375,3.1758
89.1162,0.7361,3.1666
89.1164,0.7013,3.0184
89.1166,0.7095,3.0535
89.1168,0.733,3.1547
89.1170,0.7675,3.3002
89.1172,0.7531,3.2444
89.1174,0.6982,3.0106
89.1176,0.6272,2.702
89.1178,0.6832,2.9391
89.1180,0.6899,2.9736
89.1182,0.6266,2.6994
89.1184,0.6169,2.6564
89.1186,0.6626,2.8557
89.1188,0.6615,2.8498
89.1190,0.6655,2.8641
89.1192,0.6627,2.8523
89.1194,0.7168,3.0836
89.1196,0.7471,3.2126
89.1198,0.7206,3.0986
89.1200,0.6001,2.5865
89.1202,0.6387,2.7529
89.1204,0.6155,2.6526
89.1206,0.642,2.7643
89.1208,0.6673,2.8786
89.1210,0.5376,2.3183
89.1212,0.5508,2.373
89.1214,0.6004,2.5851
89.1216,0.6941,2.9861
89.1218,0.7113,3.067
89.1220,0.5936,2.5633
89.1222,0.501,2.1621
89.1224,0.4921,2.1258
89.1226,0.5084,2.1922
89.1228,0.5745,2.477
89.1230,0.4963,2.1429
89.1232,0.4165,1.8003
89.1234,0.4093,1.7676
89.1236,0.4952,2.1363
89.1238,0.4626,1.9984
89.1240,0.4487,1.9383
89.1242,0.4523,1.9511
89.1244,0.45,1.9422
89.1246,0.4457,1.9227
89.1248,0.4422,1.9094
89.1250,0.4472,1.9312
89.1252,0.4502,1.9441
89.1254,0.4536,1.9595
89.1256,0.4489,1.9384
89.1258,0.4596,1.9827
89.1260,0.5344,2.3044
89.1262,0.4904,2.1156
89.1264,0.4701,2.0282
89.1266,0.4711,2.0342
89.1268,0.4583,1.9779
89.1270,0.4902,2.1146
89.1272,0.5373,2.3189
89.1274,0.4822,2.0823
89.1276,0.4536,1.955
89.1278,0.4975,2.1441
89.1280,0.505,2.1807
89.1282,0.4519,1.9496
89.1284,0.447,1.9283
89.1286,0.4494,1.9396
89.1288,0.4444,1.9187
89.1290,0.4447,1.9185
89.1292,0.4476,1.9327
89.1294,0.4477,1.9314
89.1296,0.477,2.0557
89.1298,0.4963,2.1409
89.1300,0.4496,1.9388
89.1302,0.4459,1.9228
89.1304,0.4492,1.9386
89.1306,0.4456,1.923
89.1308,0.4446,1.918
89.1310,0.4471,1.9307
89.1312,0.4465,1.9263
89.1314,0.4565,1.9683
89.1316,0.4508,1.9449
89.1318,0.477,2.0548
89.1320,0.5326,2.2955
89.1322,0.5825,2.5082
89.1324,0.5755,2.4805
89.1326,0.602,2.5959
89.1328,0.4724,2.038
89.1330,0.4574,1.9724
89.1332,0.4577,1.9743
89.1334,0.465,2.004
89.1336,0.5121,2.2061
89.1338,0.5298,2.2826
89.1340,0.5675,2.4447
89.1342,0.5891,2.5365
89.1344,0.611,2.6298
89.1346,0.5487,2.3658
89.1348,0.5005,2.157
89.1350,0.5141,2.2128
89.1352,0.5381,2.3193
89.1354,0.5207,2.2433
89.1356,0.5683,2.4449
89.1358,0.6138,2.6417
89.1360,0.664,2.8552
89.1362,0.6821,2.9304
89.1364,0.7104,3.0548
89.1366,0.6276,2.701
89.1368,0.6236,2.6827
89.1370,0.6738,2.9002
89.1372,0.6166,2.654
89.1374,0.6283,2.7041
89.1376,0.6232,2.6774
89.1378,0.7273,3.1216
89.1380,0.746,3.2094
89.1382,0.6629,2.8506
89.1384,0.6976,2.9982
89.1386,0.7392,3.177
89.1388,0.7228,3.1064
89.1390,0.7295,3.1367
89.1392,0.7274,3.1265
89.1394,0.7241,3.1164
89.1396,0.6062,2.6116
89.1398,0.5604,2.4143
89.1400,0.5964,2.5633
89.1402,0.6579,2.8289
89.1404,0.6404,2.7537
89.1406,0.7083,3.0497
89.1408,0.6541,2.8124
89.1410,0.6737,2.893
89.1412,0.7464,3.2079
89.1414,0.7844,3.3682
89.1416,0.7654,3.2914
89.1418,0.6543,2.8187
89.1420,0.634,2.7276
89.1422,0.6979,2.9997
89.1424,0.7846,3.3661
89.1426,0.7761,3.3373
89.1428,0.7593,3.2651
89.1430,0.7195,3.0896
89.1432,0.7477,3.2136
89.1434,0.7443,3.1992
89.1436,0.7629,3.273
89.1438,0.8742,3.7468
89.1440,0.8952,3.8439
89.1442,0.8535,3.663
89.1444,0.8332,3.5727
89.1446,0.8057,3.4534
89.1448,0.877,3.7604
89.1450,0.9068,3.8956
89.1452,0.8114,3.484
89.1454,0.8214,3.524
89.1456,0.8765,3.7583
89.1458,0.9485,4.0711
89.1460,0.872,3.7375
89.1462,0.8795,3.7764
89.1464,0.8361,3.5917
89.1466,0.8201,3.5249
89.1468,0.7959,3.4144
89.1470,0.856,3.6738
89.1472,0.8717,3.7395
89.1474,0.8395,3.6016
89.1476,0.8105,3.482
89.1478,0.8097,3.4752
89.1480,0.8654,3.7162
89.1482,0.8145,3.5006
89.1484,0.7869,3.3774
89.1486,0.8642,3.7128
89.1488,0.825,3.541
89.1490,0.8907,3.8159
89.1492,0.9447,4.0546
89.1494,0.8272,3.5569
89.1496,0.7761,3.3373
89.1498,0.7641,3.2842
89.1500,0.812,3.4898
89.1502,0.7894,3.3929
89.1504,0.7592,3.2661
89.1506,0.7024,3.0202
89.1508,0.7455,3.2058
89.1510,0.7801,3.3496
89.1512,0.8229,3.5384
89.1514,0.7806,3.3579
89.1516,0.7027,3.0274
89.1518,0.7133,3.0686
89.1520,0.7489,3.2173
89.1522,0.7772,3.3373
89.1524,0.7985,3.4289
89.1526,0.8171,3.512
89.1528,0.7812,3.3543
89.1530,0.8377,3.6023
89.1532,0.7375,3.1683
89.1534,0.7446,3.2032
89.1536,0.7174,3.0861
89.1538,0.7364,3.1652
89.1540,0.7635,3.2832
89.1542,0.7033,3.0286
89.1544,0.6732,2.899
89.1546,0.6735,2.8987
89.1548,0.6743,2.9036
89.1550,0.7198,3.0964
89.1552,0.7364,3.1681
89.1554,0.7196,3.0916
89.1556,0.8323,3.5791
89.1558,0.7543,3.2404
89.1560,0.7927,3.41
89.1562,0.7702,3.3136
89.1564,0.7536,3.2389
89.1566,0.7711,3.3141
89.1568,0.7994,3.4373
89.1570,0.7682,3.2987
89.1572,0.8174,3.5065
89.1574,0.8066,3.4683
89.1576,0.8121,3.4871
89.1578,0.809,3.4786
89.1580,0.7506,3.2305
89.1582,0.6753,2.9105
89.1584,0.6252,2.6919
89.1586,0.6242,2.6866
89.1588,0.6855,2.9448
89.1590,0.8062,3.4683
89.1592,0.7537,3.2409
89.1594,0.7448,3.2027
89.1596,0.7905,3.4007
89.1598,0.7412,3.1976
89.1600,0.5806,2.5045
89.1602,0.5463,2.3555
89.1604,0.5429,2.341
89.1606,0.564,2.4298
89.1608,0.5916,2.5509
89.1610,0.5562,2.3995
89.1612,0.5495,2.3706
89.1614,0.5398,2.3287
89.1616,0.5403,2.3296
89.1618,0.5405,2.3307
89.1620,0.5411,2.3322
89.1622,0.6405,2.7567
89.1624,0.6406,2.7611
89.1626,0.539,2.3261
89.1628,0.5256,2.2676
89.1630,0.5273,2.2738
89.1632,0.5246,2.2619
89.1634,0.5244,2.2625
89.1636,0.5244,2.2604
89.1638,0.5265,2.2702
89.1640,0.5313,2.2887
89.1642,0.5925,2.5527
89.1644,0.5695,2.4535
89.1646,0.528,2.278
89.1648,0.5675,2.4447
89.1650,0.6394,2.7508
89.1652,0.6993,3.0096
89.1654,0.6481,2.7893
89.1656,0.6717,2.8882
89.1658,0.6825,2.9428
89.1660,0.58,2.5008
89.1662,0.5699,2.4573
89.1664,0.5512,2.3745
89.1666,0.5476,2.3601
89.1668,0.5405,2.3285
89.1670,0.5874,2.5317
89.1672,0.6361,2.7364
89.1674,0.6488,2.7937
89.1676,0.5551,2.3949
89.1678,0.5182,2.2356
89.1680,0.4949,2.1362
89.1682,0.4831,2.0821
89.1684,0.5393,2.3244
89.1686,0.5656,2.4342
89.1688,0.6652,2.8591
89.1690,0.6602,2.8427
89.1692,0.588,2.5319
89.1694,0.5931,2.5565
89.1696,0.5987,2.5766
89.1698,0.6061,2.6123
89.1700,0.5708,2.4569
89.1702,0.6469,2.7854
89.1704,0.6762,2.9092
89.1706,0.6499,2.7957
89.1708,0.6687,2.8807
89.1710,0.6135,2.6468
89.1712,0.4869,2.1015
89.1714,0.4661,2.0115
89.1716,0.4641,2.0032
89.1718,0.468,2.0188
89.1720,0.4679,2.0183
89.1722,0.4655,2.008
89.1724,0.4983,2.1497
89.1726,0.469,2.0225
89.1728,0.4694,2.026
89.1730,0.4873,2.1041
89.1732,0.4921,2.1218
89.1734,0.5196,2.2386
89.1736,0.5561,2.3934
89.1738,0.6241,2.6873
89.1740,0.6177,2.655
89.1742,0.6732,2.8936
89.1744,0.7566,3.2533
89.1746,0.675,2.9027
89.1748,0.6815,2.9319
89.1750,0.709,3.0486
89.1752,0.7626,3.2745
89.1754,0.7936,3.4046
89.1756,0.8216,3.5146
89.1758,0.9598,4.108
89.1760,1.035,4.4276
89.1762,1.0654,4.5643
89.1764,1.067,4.5646
89.1766,1.0699,4.5748
89.1768,1.0421,4.4579
89.1770,1.0352,4.437
89.1772,1.0097,4.3235
89.1774,1.0395,4.4492
89.1776,1.0621,4.5457
89.1778,1.0459,4.4806
89.1780,1.0341,4.4303
89.1782,1.0098,4.3219
89.1784,0.9723,4.1749
89.1786,0.841,3.6095
89.1788,0.9231,3.9546
89.1790,0.9784,4.1914
89.1792,0.9923,4.255
89.1794,0.978,4.1918
89.1796,1.0022,4.2936
89.1798,1.0018,4.2956
89.1800,0.8917,3.8379
89.1802,0.7682,3.3017
89.1804,0.8284,3.5555
89.1806,0.8349,3.5816
89.1808,0.8568,3.686
89.1810,0.7871,3.3895
89.1812,0.7524,3.2352
89.1814,0.7935,3.4105
89.1816,0.7837,3.3651
89.1818,0.8186,3.5133
89.1820,0.8888,3.813
89.1822,0.8923,3.8369
89.1824,0.7797,3.3543
89.1826,0.7617,3.2754
89.1828,0.7207,3.1005
89.1830,0.7441,3.2011
89.1832,0.7562,3.2532
89.1834,0.725,3.1162
89.1836,0.7694,3.31
89.1838,0.738,3.1792
89.1840,0.7481,3.2181
89.1842,0.7881,3.3857
89.1844,0.8196,3.5212
89.1846,0.8025,3.4539
89.1848,0.7302,3.1428
89.1850,0.7049,3.0339
89.1852,0.7165,3.0811
89.1854,0.8359,3.5946
89.1856,0.7993,3.4384
89.1858,0.691,2.9768
89.1860,0.6883,2.9613
89.1862,0.6948,2.9905
89.1864,0.6951,2.9929
89.1866,0.7066,3.0369
89.1868,0.7839,3.3708
89.1870,0.7665,3.3006
89.1872,0.7543,3.2465
89.1874,0.7328,3.1512
89.1876,0.7063,3.0372
89.1878,0.7882,3.3941
89.1880,0.6542,2.8208
89.1882,0.5773,2.4871
89.1884,0.633,2.7242
89.1886,0.6989,3.0109
89.1888,0.6981,3.0045
89.1890,0.713,3.0704
89.1892,0.6363,2.7412
89.1894,0.6301,2.7144
89.1896,0.6159,2.6522
89.1898,0.5927,2.5556
89.1900,0.5931,2.5588
89.1902,0.6092,2.6245
89.1904,0.6134,2.6426
89.1906,0.6156,2.6543
89.1908,0.5634,2.4306
89.1910,0.5403,2.3307
89.1912,0.5803,2.5012
89.1914,0.5629,2.4296
89.1916,0.4802,2.0735
89.1918,0.4538,1.9605
89.1920,0.45,1.9439
89.1922,0.4547,1.9641
89.1924,0.465,2.0087
89.1926,0.4557,1.9679
89.1928,0.45,1.943
89.1930,0.4521,1.9515
89.1932,0.458,1.9759
89.1934,0.4685,2.0228
89.1936,0.4601,1.9893
89.1938,0.4511,1.9477
89.1940,0.4563,1.9687
89.1942,0.5181,2.2319
89.1944,0.6114,2.6313
89.1946,0.6714,2.8939
89.1948,0.591,2.546
89.1950,0.5553,2.3943
89.1952,0.5923,2.5528
89.1954,0.5937,2.559
89.1956,0.6,2.5835
89.1958,0.5892,2.5382
89.1960,0.633,2.723
89.1962,0.7393,3.1775
89.1964,0.7719,3.3131
89.1966,0.8212,3.5312
89.1968,0.7244,3.118
89.1970,0.7145,3.0694
89.1972,0.7371,3.1712
89.1974,0.7103,3.0585
89.1976,0.6867,2.9582
89.1978,0.6723,2.8922
89.1980,0.7236,3.1115
89.1982,0.7752,3.3301
89.1984,0.7802,3.3517
89.1986,0.7943,3.4173
89.1988,0.7651,3.2914
89.1990,0.708,3.0487
89.1992,0.6352,2.7378
89.1994,0.6157,2.6499
89.1996,0.7256,3.1173
89.1998,0.752,3.2352
89.2000,0.7085,3.0479
89.2002,0.6867,2.9568
89.2004,0.7363,3.1676
89.2006,0.6744,2.9055
89.2008,0.6596,2.8362
89.2010,0.6961,2.999
89.2012,0.6309,2.7167
89.2014,0.616,2.6527
89.2016,0.6435,2.7696
89.2018,0.697,2.9998
89.2020,0.6618,2.8512
89.2022,0.5946,2.5627
89.2024,0.5292,2.2842
89.2026,0.49,2.115
89.2028,0.4802,2.0716
89.2030,0.481,2.0742
89.2032,0.4828,2.0839
89.2034,0.484,2.0891
89.2036,0.4858,2.0969
89.2038,0.4834,2.0865
89.2040,0.481,2.0752
89.2042,0.4843,2.0892
89.2044,0.4838,2.0881
89.2046,0.4973,2.1446
89.2048,0.5988,2.5772
89.2050,0.5506,2.3752
89.2052,0.4845,2.0912
89.2054,0.4818,2.0783
89.2056,0.4981,2.1477
89.2058,0.4894,2.1124
89.2060,0.4885,2.1073
89.2062,0.4864,2.0965
89.2064,0.5018,2.1637
89.2066,0.547,2.3553
89.2068,0.6079,2.6164
89.2070,0.6342,2.7307
89.2072,0.6037,2.6031
89.2074,0.5666,2.4366
89.2076,0.7347,3.1594
89.2078,0.6801,2.9257
89.2080,0.6362,2.7343
89.2082,0.7285,3.1341
89.2084,0.7111,3.0564
89.2086,0.7484,3.2122
89.2088,0.8194,3.5201
89.2090,0.8337,3.5764
89.2092,0.8874,3.8051
89.2094,0.8853,3.7964
89.2096,0.9116,3.9071
89.2098,0.9021,3.8701
89.2100,0.8657,3.7224
89.2102,0.7665,3.2914
89.2104,0.8401,3.6076
89.2106,0.8363,3.5911
89.2108,0.7786,3.3497
89.2110,0.7248,3.1152
89.2112,0.7419,3.1904
89.2114,0.7212,3.0997
89.2116,0.758,3.2594
89.2118,0.785,3.3723
89.2120,0.7538,3.2444
89.2122,0.7295,3.1397
89.2124,0.7231,3.1094
89.2126,0.7278,3.1295
89.2128,0.7471,3.214
89.2130,0.7181,3.0878
89.2132,0.6977,3.0001
89.2134,0.7114,3.0603
89.2136,0.7292,3.1386
89.2138,0.755,3.2435
89.2140,0.788,3.3852
89.2142,0.7869,3.3837
89.2144,0.7711,3.3172
89.2146,0.7061,3.0376
89.2148,0.6682,2.8733
89.2150,0.7487,3.2147
89.2152,0.8151,3.5097
89.2154,0.6995,3.005
89.2156,0.7388,3.1784
89.2158,0.6948,2.9877
89.2160,0.7427,3.192
89.2162,0.7797,3.3528
89.2164,0.7788,3.344
89.2166,0.7567,3.2568
89.2168,0.6928,2.9817
89.2170,0.717,3.086
89.2172,0.7069,3.0412
89.2174,0.7065,3.0377
89.2176,0.7376,3.1674
89.2178,0.8175,3.5103
89.2180,0.872,3.7463
89.2182,0.791,3.4028
89.2184,0.7204,3.1004
89.2186,0.6566,2.8259
89.2188,0.6843,2.9451
89.2190,0.6911,2.9745
89.2192,0.7315,3.144
89.2194,0.8021,3.446
89.2196,0.8121,3.4855
89.2198,0.8579,3.6821
89.2200,0.7825,3.3709
89.2202,0.6747,2.9038
89.2204,0.7205,3.0966
89.2206,0.7707,3.311
89.2208,0.8301,3.5643
89.2210,0.8542,3.6695
89.2212,0.813,3.4928
89.2214,0.7871,3.3863
89.2216,0.7612,3.2703
89.2218,0.8436,3.6242
89.2220,0.7764,3.3476
89.2222,0.5803,2.5012
89.2224,0.5635,2.4299
89.2226,0.564,2.432
89.2228,0.5782,2.493
89.2230,0.5764,2.4853
89.2232,0.578,2.4902
89.2234,0.5376,2.3226
89.2236,0.4886,2.1088
89.2238,0.5304,2.2883
89.2240,0.5336,2.3007
89.2242,0.5286,2.2784
89.2244,0.531,2.2909
89.2246,0.532,2.295
89.2248,0.5302,2.2862
89.2250,0.5388,2.3213
89.2252,0.6017,2.5956
89.2254,0.543,2.3415
89.2256,0.5396,2.3265
89.2258,0.5282,2.2785
89.2260,0.5223,2.2531
89.2262,0.5266,2.2697
89.2264,0.5297,2.2831
89.2266,0.5315,2.293
89.2268,0.5397,2.3292
89.2270,0.5386,2.3213
89.2272,0.5387,2.3229
89.2274,0.5391,2.3256
89.2276,0.5416,2.3353
89.2278,0.5361,2.3105
89.2280,0.5352,2.309
89.2282,0.5384,2.3181
89.2284,0.626,2.6931
89.2286,0.7021,3.0248
89.2288,0.6339,2.7322
89.2290,0.5331,2.3008
89.2292,0.5267,2.2702
89.2294,0.5238,2.2588
89.2296,0.5302,2.2862
89.2298,0.5232,2.2583
89.2300,0.5236,2.2588
89.2302,0.526,2.2671
89.2304,0.5238,2.2578
89.2306,0.5366,2.3136
89.2308,0.5264,2.2697
89.2310,0.53,2.282
89.2312,0.5982,2.5746
89.2314,0.6555,2.8199
89.2316,0.6629,2.8532
89.2318,0.6427,2.7686
89.2320,0.6909,2.9707
89.2322,0.7073,3.0428
89.2324,0.6055,2.6109
89.2326,0.5303,2.2878
89.2328,0.5175,2.2304
89.2330,0.5167,2.2268
89.2332,0.525,2.2629
89.2334,0.5648,2.4356
89.2336,0.5271,2.2728
89.2338,0.5147,2.2175
89.2340,0.5354,2.3074
89.2342,0.5809,2.5003
89.2344,0.6283,2.7066
89.2346,0.5663,2.4373
89.2348,0.6297,2.7103
89.2350,0.626,2.6931
89.2352,0.6425,2.7655
89.2354,0.6288,2.7074
89.2356,0.6554,2.8194
89.2358,0.6497,2.7965
89.2360,0.6628,2.8514
89.2362,0.6957,2.9886
89.2364,0.7798,3.3455
89.2366,0.7831,3.3609
89.2368,0.7893,3.3909
89.2370,0.8054,3.4599
89.2372,0.7972,3.4264
89.2374,0.769,3.3038
89.2376,0.8212,3.5246
89.2378,0.8529,3.6638
89.2380,0.7728,3.3182
89.2382,0.7502,3.2244
89.2384,0.7722,3.3172
89.2386,0.8015,3.4466
89.2388,0.7395,3.1786
89.2390,0.7584,3.261
89.2392,0.7095,3.0535
89.2394,0.6693,2.8793
89.2396,0.6771,2.9114
89.2398,0.7093,3.0515
89.2400,0.668,2.8763
89.2402,0.6639,2.8534
89.2404,0.6749,2.9062
89.2406,0.6526,2.8063
89.2408,0.7218,3.1037
89.2410,0.7194,3.092
89.2412,0.6983,3.0041
89.2414,0.678,2.9156
89.2416,0.7151,3.0749
89.2418,0.7496,3.2234
89.2420,0.7588,3.26
89.2422,0.8214,3.519
89.2424,0.9017,3.8717
89.2426,0.8397,3.6005
89.2428,0.8698,3.7295
89.2430,0.8861,3.8012
89.2432,0.9216,3.9498
89.2434,0.9242,3.9666
89.2436,0.8488,3.6378
89.2438,0.9127,3.9172
89.2440,0.8979,3.8521
89.2442,0.868,3.7288
89.2444,0.8146,3.4995
89.2446,0.7967,3.4244
89.2448,0.8146,3.4979
89.2450,0.882,3.7837
89.2452,0.8895,3.8161
89.2454,0.9181,3.9404
89.2456,0.9148,3.9265
89.2458,0.8168,3.5104
89.2460,0.7483,3.2207
89.2462,0.7411,3.1882
89.2464,0.7331,3.1537
89.2466,0.6773,2.9179
89.2468,0.68,2.9292
89.2470,0.6969,2.9979
89.2472,0.7135,3.0667
89.2474,0.7327,3.1492
89.2476,0.7892,3.3888
89.2478,0.8929,3.8287
89.2480,0.9147,3.9278
89.2482,0.8495,3.6545
89.2484,0.7551,3.2501
89.2486,0.7433,3.1931
89.2488,0.7467,3.217
89.2490,0.6519,2.8058
89.2492,0.6678,2.8744
89.2494,0.6719,2.8933
89.2496,0.6509,2.8068
89.2498,0.6072,2.6133
89.2500,0.6656,2.8646
89.2502,0.6824,2.9341
89.2504,0.7314,3.1435
89.2506,0.791,3.3981
89.2508,0.7467,3.211
89.2510,0.7219,3.1086
89.2512,0.676,2.9095
89.2514,0.6891,2.9657
89.2516,0.731,3.1493
89.2518,0.6532,2.8141
89.2520,0.6507,2.7993
89.2522,0.6995,3.0092
89.2524,0.7266,3.1258
89.2526,0.7265,3.1195
89.2528,0.8141,3.4991
89.2530,0.8153,3.5075
89.2532,0.7109,3.0597
89.2534,0.7118,3.0624
89.2536,0.7278,3.1295
89.2538,0.7403,3.1831
89.2540,0.71,3.0561
89.2542,0.6941,2.9846
89.2544,0.679,2.9265
89.2546,0.596,2.5713
89.2548,0.5264,2.2697
89.2550,0.5802,2.496
89.2552,0.7054,3.0402
89.2554,0.6261,2.6911
89.2556,0.7445,3.2042
89.2558,0.725,3.1177
89.2560,0.741,3.1862
89.2562,0.7244,3.118
89.2564,0.6741,2.9012
89.2566,0.7453,3.2078
89.2568,0.7099,3.0513
89.2570,0.7359,3.169
89.2572,0.655,2.8192
89.2574,0.6957,2.9983
89.2576,0.6085,2.6238
89.2578,0.572,2.4667
89.2580,0.6327,2.727
89.2582,0.6092,2.6269
89.2584,0.5626,2.4258
89.2586,0.5406,2.3334
89.2588,0.5645,2.4318
89.2590,0.6217,2.677
89.2592,0.6339,2.7284
89.2594,0.6734,2.9035
89.2596,0.579,2.4978
89.2598,0.5659,2.4414
89.2600,0.5484,2.3659
89.2602,0.5614,2.4218
89.2604,0.5477,2.3584
89.2606,0.6303,2.7154
89.2608,0.6075,2.6221
89.2610,0.4961,2.1434
89.2612,0.4526,1.9544
89.2614,0.4481,1.9339
89.2616,0.4692,2.024
89.2618,0.5062,2.1859
89.2620,0.455,1.9639
89.2622,0.4467,1.9282
89.2624,0.4451,1.9218
89.2626,0.4482,1.9335
89.2628,0.4471,1.9315
89.2630,0.4473,1.9325
89.2632,0.4482,1.9353
89.2634,0.4464,1.9266
89.2636,0.4457,1.9244
89.2638,0.4445,1.9192
89.2640,0.4457,1.9235
89.2642,0.4455,1.9221
89.2644,0.4577,1.9743
89.2646,0.5099,2.1988
89.2648,0.5543,2.389
89.2650,0.5815,2.5052
89.2652,0.5671,2.4432
89.2654,0.5639,2.4281
89.2656,0.5653,2.4354
89.2658,0.4872,2.1035
89.2660,0.4599,1.9823
89.2662,0.5496,2.3678
89.2664,0.5267,2.2723
89.2666,0.4831,2.085
89.2668,0.4764,2.055
89.2670,0.4881,2.1038
89.2672,0.5107,2.2019
89.2674,0.4961,2.1394
89.2676,0.5009,2.1591
89.2678,0.524,2.2551
89.2680,0.6047,2.6024
89.2682,0.6151,2.6498
89.2684,0.6029,2.5959
89.2686,0.5443,2.3472
89.2688,0.5012,2.1621
89.2690,0.5051,2.1772
89.2692,0.5595,2.409
89.2694,0.5238,2.2588
89.2696,0.4892,2.1104
89.2698,0.4988,2.1478
89.2700,0.5676,2.4441
89.2702,0.618,2.661
89.2704,0.6168,2.6521
89.2706,0.6893,2.9613
89.2708,0.7205,3.0995
89.2710,0.6434,2.7717
89.2712,0.514,2.2164
89.2714,0.4696,2.0242
89.2716,0.4683,2.0213
89.2718,0.4681,2.0193
89.2720,0.4671,2.0143
89.2722,0.4619,1.9924
89.2724,0.465,2.0059
89.2726,0.4665,2.0126
89.2728,0.4676,2.0173
89.2730,0.468,2.017
89.2732,0.486,2.0935
89.2734,0.5356,2.3052
89.2736,0.6006,2.5849
89.2738,0.6399,2.7542
89.2740,0.6818,2.9315
89.2742,0.6526,2.805
89.2744,0.6595,2.8317
89.2746,0.7169,3.0812
89.2748,0.7123,3.063
89.2750,0.6743,2.8955
89.2752,0.7205,3.101
89.2754,0.713,3.0632
89.2756,0.7835,3.3599
89.2758,0.8207,3.5242
89.2760,0.8044,3.4493
89.2762,0.8955,3.8365
89.2764,0.9297,3.981
89.2766,0.9121,3.911
89.2768,0.9146,3.9218
89.2770,0.9165,3.9264
89.2772,0.9266,3.9658
89.2774,0.943,4.0455
89.2776,0.875,3.7504
89.2778,0.9313,3.9895
89.2780,0.9386,4.0228
89.2782,0.9552,4.0942
89.2784,0.9803,4.2016
89.2786,0.9957,4.2674
89.2788,0.9702,4.1487
89.2790,1.0757,4.5999
89.2792,1.0947,4.6787
89.2794,1.1352,4.8519
89.2796,1.1931,5.1018
89.2798,1.1442,4.9132
89.2800,0.907,3.893
89.2802,0.8379,3.5978
89.2804,0.8218,3.5321
89.2806,0.7794,3.3497
89.2808,0.7734,3.3223
89.2810,0.7953,3.4134
89.2812,0.8538,3.6663
89.2814,0.8924,3.8285
89.2816,0.9542,4.0915
89.2818,0.9604,4.1182
89.2820,0.9543,4.0958
89.2822,0.9305,3.9827
89.2824,1.0412,4.4668
89.2826,0.9666,4.1488
89.2828,0.9046,3.8827
89.2830,0.9049,3.8892
89.2832,0.8368,3.6015
89.2834,0.7969,3.4217
89.2836,0.8475,3.6356
89.2838,0.8633,3.7087
89.2840,0.837,3.5975
89.2842,0.8325,3.5829
89.2844,0.7226,3.1131
89.2846,0.7381,3.1739
89.2848,0.7568,3.2573
89.2850,0.8049,3.461
89.2852,0.8085,3.4781
89.2854,0.7812,3.3543
89.2856,0.8469,3.6347
89.2858,0.8066,3.4731
89.2860,0.7038,3.0334
89.2862,0.6725,2.8959
89.2864,0.6994,3.0087
89.2866,0.7015,3.0208
89.2868,0.7189,3.0928
89.2870,0.7168,3.085
89.2872,0.6723,2.8922
89.2874,0.6846,2.9453
89.2876,0.6832,2.9391
89.2878,0.688,2.9666
89.2880,0.6168,2.6595
89.2882,0.6049,2.6035
89.2884,0.7523,3.2302
89.2886,0.8023,3.4513
89.2888,0.7395,3.1815
89.2890,0.7397,3.185
89.2892,0.6603,2.8459
89.2894,0.6519,2.8071
89.2896,0.6648,2.8655
89.2898,0.6407,2.7603
89.2900,0.6391,2.7557
89.2902,0.6394,2.7572
89.2904,0.5909,2.5443
89.2906,0.6401,2.759
89.2908,0.5608,2.4192
89.2910,0.5348,2.3091
89.2912,0.559,2.4114
89.2914,0.5567,2.4016
89.2916,0.5406,2.3258
89.2918,0.7406,3.1832
89.2920,0.7241,3.1193
89.2922,0.6138,2.6478
89.2924,0.5496,2.3711
89.2926,0.524,2.2604
89.2928,0.5189,2.2397
89.2930,0.519,2.2392
89.2932,0.5291,2.2816
89.2934,0.5319,2.2945
89.2936,0.5224,2.2557
89.2938,0.5158,2.2252
89.2940,0.5207,2.2443
89.2942,0.5382,2.3176
89.2944,0.5689,2.4544
89.2946,0.5219,2.2516
89.2948,0.5489,2.3614
89.2950,0.6948,2.985
89.2952,0.7749,3.3399
89.2954,0.6285,2.7089
89.2956,0.5729,2.4657
89.2958,0.6104,2.6284
89.2960,0.6505,2.8009
89.2962,0.6699,2.8832
89.2964,0.681,2.9284
89.2966,0.676,2.9108
89.2968,0.6916,2.9752
89.2970,0.7454,3.2038
89.2972,0.81,3.48
89.2974,0.8333,3.5766
89.2976,0.8416,3.6205
89.2978,0.7957,3.4197
89.2980,0.8007,3.4414
89.2982,0.7792,3.346
89.2984,0.7562,3.2502
89.2986,0.8187,3.5154
89.2988,0.8325,3.5796
89.2990,0.7126,3.064
89.2992,0.7389,3.1804
89.2994,0.7282,3.134
89.2996,0.6928,2.9845
89.2998,0.6069,2.6159
89.3000,0.5776,2.4904
89.3002,0.575,2.4738
89.3004,0.6422,2.7653
89.3006,0.6115,2.6368
89.3008,0.6321,2.7219
89.3010,0.6879,2.9606
89.3012,0.6675,2.8769
89.3014,0.6301,2.7144
89.3016,0.6376,2.7444
89.3018,0.6883,2.9599
89.3020,0.6951,2.9957
89.3022,0.5991,2.5823
89.3024,0.6273,2.7012
89.3026,0.6261,2.6961
89.3028,0.6567,2.8251
89.3030,0.7784,3.344
89.3032,0.8356,3.5863
89.3034,0.7826,3.3667
89.3036,0.7255,3.1241
89.3038,0.6053,2.6135
89.3040,0.4885,2.1073
89.3042,0.4779,2.0637
89.3044,0.5092,2.1978
89.3046,0.5041,2.1755
89.3048,0.4816,2.0797
89.3050,0.5447,2.3466
89.3052,0.5852,2.5247
89.3054,0.4875,2.1041
89.3056,0.4925,2.1258
89.3058,0.4797,2.0724
89.3060,0.4918,2.1218
89.3062,0.524,2.2614
89.3064,0.4779,2.0618
89.3066,0.4984,2.1502
89.3068,0.502,2.1637
89.3070,0.6108,2.63
89.3072,0.6563,2.8262
89.3074,0.613,2.6386
89.3076,0.6146,2.6465
89.3078,0.6242,2.6878
89.3080,0.6633,2.8548
89.3082,0.6453,2.7761
89.3084,0.6788,2.92
89.3086,0.6865,2.9508
89.3088,0.735,3.1575
89.3090,0.7795,3.3471
89.3092,0.8291,3.5635
89.3094,0.8425,3.6179
89.3096,0.8645,3.7069
89.3098,0.9009,3.8614
89.3100,0.9158,3.9269
89.3102,0.9106,3.9085
89.3104,0.8484,3.638
89.3106,0.9493,4.0723
89.3108,0.8963,3.8431
89.3110,0.8802,3.776
89.3112,0.9273,3.9763
89.3114,0.9471,4.0592
89.3116,0.9413,4.0365
89.3118,0.903,3.8792
89.3120,0.8357,3.5902
89.3122,0.8296,3.5656
89.3124,0.8367,3.5926
89.3126,0.8413,3.6127
89.3128,0.9228,3.9549
89.3130,0.9862,4.2268
89.3132,0.8804,3.7823
89.3134,0.7527,3.2368
89.3136,0.7847,3.376
89.3138,0.7728,3.3229
89.3140,0.768,3.3022
89.3142,0.7497,3.2254
89.3144,0.7717,3.3198
89.3146,0.7212,3.1026
89.3148,0.6975,3.0019
89.3150,0.7529,3.2343
89.3152,0.806,3.4624
89.3154,0.843,3.6233
89.3156,0.7469,3.2205
89.3158,0.673,2.8939
89.3160,0.776,3.3321
89.3162,0.8292,3.5624
89.3164,0.8497,3.6505
89.3166,0.8411,3.6083
89.3168,0.9222,3.9597
89.3170,0.8955,3.849
89.3172,0.83,3.5721
89.3174,0.7501,3.2239
89.3176,0.7909,3.4007
89.3178,0.8025,3.4507
89.3180,0.7801,3.3496
89.3182,0.8121,3.4855
89.3184,0.8645,3.7155
89.3186,0.8618,3.7042
89.3188,0.8074,3.4751
89.3190,0.6934,2.9829
89.3192,0.6934,2.9857
89.3194,0.7266,3.1244
89.3196,0.7592,3.2616
89.3198,0.7347,3.1624
89.3200,0.7527,3.2413
89.3202,0.7303,3.1433
89.3204,0.665,2.8687
89.3206,0.6114,2.635
89.3208,0.572,2.4678
89.3210,0.5111,2.2071
89.3212,0.5135,2.2154
89.3214,0.506,2.1828
89.3216,0.5307,2.2862
89.3218,0.6827,2.9425
89.3220,0.6059,2.6137
89.3222,0.5573,2.4053
89.3224,0.5524,2.383
89.3226,0.5473,2.3591
89.3228,0.5479,2.3627
89.3230,0.5639,2.4292
89.3232,0.6153,2.6496
89.3234,0.5922,2.5583
89.3236,0.5072,2.188
89.3238,0.5231,2.2578
89.3240,0.5204,2.2469
89.3242,0.4592,1.9829
89.3244,0.4517,1.9503
89.3246,0.45,1.943
89.3248,0.4501,1.9436
89.3250,0.4502,1.9441
89.3252,0.4514,1.9502
89.3254,0.4557,1.9688
89.3256,0.4643,2.0046
89.3258,0.4497,1.942
89.3260,0.4508,1.9458
89.3262,0.4519,1.9477
89.3264,0.5115,2.2076
89.3266,0.4735,2.0445
89.3268,0.4512,1.9473
89.3270,0.4495,1.9419
89.3272,0.4418,1.9078
89.3274,0.4459,1.9245
89.3276,0.444,1.9163
89.3278,0.4438,1.917
89.3280,0.4655,2.007
89.3282,0.4905,2.117
89.3284,0.4563,1.9687
89.3286,0.4611,1.9903
89.3288,0.4611,1.9912
89.3290,0.459,1.98
89.3292,0.4622,1.994
89.3294,0.4644,2.0042
89.3296,0.4591,1.9805
89.3298,0.4583,1.9742
89.3300,0.5119,2.2081
89.3302,0.459,1.9809
89.3304,0.4495,1.9392
89.3306,0.4535,1.9581
89.3308,0.4434,1.9137
89.3310,0.4453,1.9211
89.3312,0.4655,2.0061
89.3314,0.5267,2.2681
89.3316,0.5619,2.4193
89.3318,0.5856,2.5227
89.3320,0.5609,2.4175
89.3322,0.5418,2.3342
89.3324,0.5253,2.2671
89.3326,0.4441,1.9168
89.3328,0.45,1.9394
89.3330,0.5097,2.1978
89.3332,0.4972,2.143
89.3334,0.5228,2.2542
89.3336,0.5103,2.2004
89.3338,0.4891,2.1069
89.3340,0.5165,2.2231
89.3342,0.5903,2.5405
89.3344,0.6312,2.7178
89.3346,0.631,2.716
89.3348,0.6062,2.6079
89.3350,0.6471,2.7838
89.3352,0.6645,2.856
89.3354,0.7118,3.0595
89.3356,0.6731,2.8971
89.3358,0.6156,2.6457
89.3360,0.6839,2.9408
89.3362,0.7033,3.0243
89.3364,0.6997,3.0089
89.3366,0.6711,2.8843
89.3368,0.6959,2.9938
89.3370,0.6624,2.8459
89.3372,0.6756,2.9079
89.3374,0.5935,2.5556
89.3376,0.6087,2.6188
89.3378,0.6768,2.9104
89.3380,0.626,2.6931
89.3382,0.6399,2.7542
89.3384,0.6466,2.7844
89.3386,0.5861,2.5213
89.3388,0.5695,2.4535
89.3390,0.6038,2.5976
89.3392,0.6554,2.8181
89.3394,0.6614,2.8465
89.3396,0.6304,2.7147
89.3398,0.5864,2.5275
89.3400,0.5761,2.4796
89.3402,0.5698,2.45
89.3404,0.6128,2.64
89.3406,0.6098,2.6295
89.3408,0.5355,2.309
89.3410,0.6007,2.583
89.3412,0.6259,2.6938
89.3414,0.6301,2.7093
89.3416,0.6961,2.9878
89.3418,0.737,3.1677
89.3420,0.7455,3.1999
89.3422,0.8453,3.6229
89.3424,0.9218,3.949
89.3426,1.0056,4.31
89.3428,0.9765,4.1832
89.3430,0.9606,4.1115
89.3432,0.9978,4.2706
89.3434,1.0076,4.3167
89.3436,0.9496,4.0662
89.3438,1.066,4.5541
89.3440,1.1345,4.8579
89.3442,0.9814,4.216
89.3444,0.8383,3.5998
89.3446,0.8292,3.5624
89.3448,0.811,3.4825
89.3450,0.7946,3.4135
89.3452,0.8005,3.4356
89.3454,0.854,3.6656
89.3456,0.8578,3.6833
89.3458,0.8453,3.6246
89.3460,0.8982,3.8532
89.3462,0.8463,3.6389
89.3464,0.7448,3.2042
89.3466,0.677,2.9082
89.3468,0.7694,3.3069
89.3470,0.7843,3.3739
89.3472,0.796,3.4181
89.3474,0.8452,3.6292
89.3476,0.8658,3.7177
89.3478,0.8373,3.5969
89.3480,0.7863,3.378
89.3482,0.7664,3.2925
89.3484,0.796,3.4213
89.3486,0.7919,3.4054
89.3488,0.7723,3.3208
89.3490,0.7725,3.3203
89.3492,0.7734,3.3239
89.3494,0.7441,3.2041
89.3496,0.6802,2.9276
89.3498,0.6662,2.8672
89.3500,0.6731,2.8931
89.3502,0.7472,3.213
89.3504,0.8345,3.5867
89.3506,0.7814,3.3584
89.3508,0.7983,3.4295
89.3510,0.8189,3.5181
89.3512,0.8469,3.6347
89.3514,0.7977,3.4317
89.3516,0.6826,2.9406
89.3518,0.6681,2.8768
89.3520,0.6786,2.9208
89.3522,0.7488,3.2212
89.3524,0.7551,3.2471
89.3526,0.7443,3.1947
89.3528,0.7983,3.4279
89.3530,0.831,3.5767
89.3532,0.7394,3.1854
89.3534,0.6731,2.8958
89.3536,0.722,3.1062
89.3538,0.706,3.0399
89.3540,0.6813,2.9308
89.3542,0.6678,2.8757
89.3544,0.6526,2.8128
89.3546,0.6557,2.8249
89.3548,0.6922,2.9764
89.3550,0.7886,3.3862
89.3552,0.8634,3.7126
89.3554,0.7419,3.1963
89.3556,0.6647,2.861
89.3558,0.7041,3.026
89.3560,0.7692,3.3043
89.3562,0.78,3.3507
89.3564,0.8138,3.4992
89.3566,0.778,3.3471
89.3568,0.7298,3.1397
89.3570,0.7225,3.1097
89.3572,0.69,2.9699
89.3574,0.6714,2.8912
89.3576,0.6063,2.6133
89.3578,0.6096,2.626
89.3580,0.6254,2.693
89.3582,0.6398,2.7549
89.3584,0.6855,2.953
89.3586,0.6906,2.9725
89.3588,0.6688,2.8785
89.3590,0.6493,2.7931
89.3592,0.6951,2.9957
89.3594,0.5996,2.5892
89.3596,0.5494,2.3689
89.3598,0.5453,2.3525
89.3600,0.5452,2.3508
89.3602,0.5754,2.4777
89.3604,0.5665,2.444
89.3606,0.5306,2.2888
89.3608,0.5249,2.2635
89.3610,0.552,2.3792
89.3612,0.5682,2.4512
89.3614,0.5708,2.4592
89.3616,0.6115,2.6368
89.3618,0.5428,2.3394
89.3620,0.5277,2.2764
89.3622,0.5279,2.2764
89.3624,0.526,2.266
89.3626,0.5235,2.2562
89.3628,0.5242,2.2604
89.3630,0.5252,2.2666
89.3632,0.5266,2.2718
89.3634,0.5238,2.2578
89.3636,0.5222,2.2526
89.3638,0.5228,2.2552
89.3640,0.5246,2.263
89.3642,0.5234,2.2547
89.3644,0.5599,2.4122
89.3646,0.6247,2.6874
89.3648,0.7198,3.0921
89.3650,0.7978,3.4322
89.3652,0.7334,3.1567
89.3654,0.6454,2.7818
89.3656,0.5387,2.3218
89.3658,0.5328,2.2955
89.3660,0.5427,2.3378
89.3662,0.568,2.4513
89.3664,0.5207,2.2475
89.3666,0.5126,2.2102
89.3668,0.5662,2.4379
89.3670,0.5788,2.4933
89.3672,0.5656,2.4365
89.3674,0.5862,2.5253
89.3676,0.5772,2.4877
89.3678,0.5726,2.467
89.3680,0.5812,2.5013
89.3682,0.7012,3.0151
89.3684,0.7056,3.0356
89.3686,0.6746,2.9006
89.3688,0.6993,3.0068
89.3690,0.709,3.0486
89.3692,0.6726,2.8937
89.3694,0.6735,2.896
89.3696,0.6741,2.9026
89.3698,0.7005,3.0134
89.3700,0.7087,3.0475
89.3702,0.6809,2.932
89.3704,0.6261,2.6961
89.3706,0.6482,2.7937
89.3708,0.5808,2.5009
89.3710,0.5684,2.45
89.3712,0.5689,2.4521
89.3714,0.5437,2.3457
89.3716,0.4779,2.0618
89.3718,0.4649,2.0063
89.3720,0.4658,2.0095
89.3722,0.4675,2.0158
89.3724,0.4685,2.0209
89.3726,0.4348,1.8747
89.3728,0.4741,2.0424
89.3730,0.5764,2.4864
89.3732,0.5247,2.2624
89.3734,0.5386,2.3192
89.3736,0.5836,2.5105
89.3738,0.6445,2.7751
89.3740,0.634,2.7276
89.3742,0.6483,2.789
89.3744,0.6307,2.7132
89.3746,0.7068,3.0407
89.3748,0.7324,3.1462
89.3750,0.7646,3.2802
89.3752,0.8321,3.5681
89.3754,0.8917,3.8218
89.3756,0.9368,4.0113
89.3758,0.9763,4.1846
89.3760,0.946,4.0565
89.3762,0.9704,4.1628
89.3764,0.9665,4.1406
89.3766,0.997,4.269
89.3768,1.0498,4.4933
89.3770,1.0436,4.4625
89.3772,1.037,4.4405
89.3774,1.0543,4.5123
89.3776,1.111,4.7506
89.3778,1.1356,4.8535
89.3780,1.1345,4.8693
89.3782,0.9849,4.2172
89.3784,1.0117,4.3281
89.3786,1.0755,4.5989
89.3788,1.1244,4.8103
89.3790,1.1215,4.798
89.3792,1.141,4.8834
89.3794,1.1013,4.7179
89.3796,0.967,4.1503
89.3798,0.9102,3.9064
89.3800,0.8596,3.691
89.3802,0.8345,3.5867
89.3804,0.8274,3.5546
89.3806,0.8707,3.7441
89.3808,0.8453,3.6314
89.3810,0.8573,3.6795
89.3812,0.904,3.882
89.3814,0.9057,3.8838
89.3816,0.9437,4.0505
89.3818,0.8158,3.5047
89.3820,0.8529,3.6673
89.3822,0.8075,3.4724
89.3824,0.7627,3.2811
89.3826,0.7237,3.1163
89.3828,0.7478,3.2156
89.3830,0.7435,3.1956
89.3832,0.7139,3.0726
89.3834,0.7146,3.0785
89.3836,0.7403,3.1802
89.3838,0.807,3.4703
89.3840,0.7816,3.3673
89.3842,0.7051,3.0349
89.3844,0.7023,3.0197
89.3846,0.7587,3.2625
89.3848,0.7875,3.3831
89.3850,0.8205,3.5264
89.3852,0.7512,3.2361
89.3854,0.6885,2.9645
89.3856,0.7273,3.1289
89.3858,0.72,3.1018
89.3860,0.6536,2.8169
89.3862,0.6144,2.6479
89.3864,0.6031,2.603
89.3866,0.527,2.2754
89.3868,0.5195,2.2433
89.3870,0.5159,2.2257
89.3872,0.5553,2.3954
89.3874,0.5815,2.5075
89.3876,0.6465,2.7825
89.3878,0.6482,2.7937
89.3880,0.6178,2.6592
89.3882,0.6154,2.6538
89.3884,0.5537,2.3898
89.3886,0.5485,2.3664
89.3888,0.5648,2.4334
89.3890,0.5794,2.4982
89.3892,0.5749,2.4802
89.3894,0.5157,2.2237
89.3896,0.5324,2.2945
89.3898,0.558,2.4073
89.3900,0.4852,2.0972
89.3902,0.4843,2.0892
89.3904,0.564,2.4354
89.3906,0.4897,2.1144
89.3908,0.4571,1.9736
89.3910,0.4499,1.9416
89.3912,0.4469,1.9287
89.3914,0.4411,1.9047
89.3916,0.4464,1.9284
89.3918,0.447,1.931
89.3920,0.4358,1.8828
89.3922,0.435,1.8792
89.3924,0.4332,1.8706
89.3926,0.4438,1.9152
89.3928,0.4411,1.9047
89.3930,0.4308,1.8602
89.3932,0.4318,1.8652
89.3934,0.4338,1.8723
89.3936,0.4461,1.9256
89.3938,0.4574,1.9733
89.3940,0.5059,2.1833
89.3942,0.4778,2.0632
89.3944,0.4382,1.8906
89.3946,0.4488,1.9379
89.3948,0.4879,2.1037
89.3950,0.4677,2.0169
89.3952,0.514,2.2133
89.3954,0.637,2.7431
89.3956,0.6425,2.7668
89.3958,0.628,2.7018
89.3960,0.6151,2.6498
89.3962,0.579,2.4909
89.3964,0.599,2.5794
89.3966,0.5946,2.5615
89.3968,0.5878,2.5297
89.3970,0.6303,2.7129
89.3972,0.6725,2.8932
89.3974,0.7081,3.045
89.3976,0.7347,3.1594
89.3978,0.7636,3.2806
89.3980,0.7441,3.1996
89.3982,0.6885,2.9659
89.3984,0.6037,2.5983
89.3986,0.6012,2.5887
89.3988,0.5937,2.5579
89.3990,0.6372,2.7461
89.3992,0.6089,2.6205
89.3994,0.6463,2.7802
89.3996,0.6547,2.8216
89.3998,0.5672,2.4448
89.4000,0.5318,2.2898
89.4002,0.5814,2.5023
89.4004,0.6735,2.8987
89.4006,0.7041,3.0246
89.4008,0.7711,3.311
89.4010,0.7844,3.3744
89.4012,0.6923,2.9811
89.4014,0.6274,2.7017
89.4016,0.5881,2.5324
89.4018,0.5888,2.5355
89.4020,0.6095,2.6243
89.4022,0.6658,2.8656
89.4024,0.6274,2.7005
89.4026,0.6357,2.7374
89.4028,0.6542,2.8156
89.4030,0.5496,2.37
89.4032,0.4816,2.0778
89.4034,0.4792,2.0684
89.4036,0.4738,2.0432
89.4038,0.4735,2.0436
89.4040,0.4685,2.019
89.4042,0.5324,2.2955
89.4044,0.4966,2.1454
89.4046,0.4647,2.0039
89.4048,0.4732,2.0406
89.4050,0.475,2.0493
89.4052,0.4701,2.0272
89.4054,0.4675,2.0168
89.4056,0.4639,2.0022
89.4058,0.4699,2.0271
89.4060,0.4748,2.0474
89.4062,0.5031,2.1704
89.4064,0.5135,2.2092
89.4066,0.626,2.6943
89.4068,0.6479,2.7861
89.4070,0.6146,2.6453
89.4072,0.6175,2.6577
89.4074,0.6427,2.766
89.4076,0.6895,2.9637
89.4078,0.7509,3.223
89.4080,0.7594,3.2596
89.4082,0.7705,3.3115
89.4084,0.699,3.0058
89.4086,0.722,3.1033
89.4088,0.7761,3.3295
89.4090,0.8198,3.5184
89.4092,0.8198,3.5184
89.4094,0.8987,3.8552
89.4096,0.9349,4.0031
89.4098,0.9566,4.096
89.4100,0.8954,3.836
89.4102,0.9296,3.9917
89.4104,0.8283,3.5583
89.4106,0.8441,3.6212
89.4108,0.8495,3.6443
89.4110,0.8007,3.4382
89.4112,0.7857,3.3754
89.4114,0.7308,3.1439
89.4116,0.6939,2.9808
89.4118,0.7357,3.1635
89.4120,0.7315,3.147
89.4122,0.7363,3.1647
89.4124,0.7822,3.3573
89.4126,0.8298,3.5633
89.4128,0.8331,3.5755
89.4130,0.7653,3.2863
89.4132,0.832,3.5709
89.4134,0.8514,3.6577
89.4136,0.8126,3.4892
89.4138,0.8218,3.5288
89.4140,0.8337,3.5848
89.4142,0.7767,3.3352
89.4144,0.8514,3.656
89.4146,0.8394,3.6011
89.4148,0.8333,3.5799
89.4150,0.809,3.4737
89.4152,0.8883,3.8145
89.4154,0.8756,3.7565
89.4156,0.871,3.7416
89.4158,0.8918,3.8277
89.4160,0.9014,3.8598
89.4162,0.9805,4.2026
89.4164,0.9141,3.9161
89.4166,0.9638,4.1307
89.4168,0.9671,4.147
89.4170,0.9385,4.0241
89.4172,0.9064,3.8977
89.4174,0.7788,3.3471
89.4176,0.7794,3.3465
89.4178,0.8451,3.6321
89.4180,0.8075,3.4724
89.4182,0.791,3.4012
89.4184,0.7975,3.4275
89.4186,0.8214,3.5273
89.4188,0.8328,3.5778
89.4190,0.8142,3.5012
89.4192,0.7467,3.2155
89.4194,0.7411,3.1793
89.4196,0.8869,3.8048
89.4198,0.8924,3.832
89.4200,0.8875,3.8092
89.4202,0.9152,3.9244
89.4204,0.8958,3.85
89.4206,0.7346,3.1633
89.4208,0.6555,2.8213
89.4210,0.7668,3.2863
89.4212,0.9339,4.0158
89.4214,0.7886,3.3972
89.4216,0.7152,3.0797
89.4218,0.6958,2.9933
89.4220,0.7027,3.0232
89.4222,0.6951,2.9915
89.4224,0.6939,2.9905
89.4226,0.6382,2.7495
89.4228,0.6006,2.5885
89.4230,0.5768,2.4885
89.4232,0.578,2.4948
89.4234,0.5815,2.5063
89.4236,0.6236,2.6852
89.4238,0.6453,2.78
89.4240,0.5346,2.3064
89.4242,0.52,2.2412
89.4244,0.6253,2.6925
89.4246,0.699,3.01
89.4248,0.6535,2.819
89.4250,0.5621,2.4249
89.4252,0.5326,2.2966
89.4254,0.5327,2.2981
89.4256,0.5325,2.2971
89.4258,0.5322,2.2939
89.4260,0.5675,2.4481
89.4262,0.5354,2.3085
89.4264,0.5289,2.2805
89.4266,0.5289,2.2816
89.4268,0.5304,2.2904
89.4270,0.526,2.2692
89.4272,0.5291,2.2805
89.4274,0.5321,2.2924
89.4276,0.5513,2.375
89.4278,0.6567,2.8264
89.4280,0.6963,2.9995
89.4282,0.6389,2.7526
89.4284,0.6306,2.719
89.4286,0.558,2.4062
89.4288,0.5261,2.2676
89.4290,0.5238,2.2588
89.4292,0.5271,2.2738
89.4294,0.5259,2.2687
89.4296,0.5279,2.2753
89.4298,0.5509,2.3757
89.4300,0.5473,2.3612
89.4302,0.5346,2.3043
89.4304,0.5366,2.3136
89.4306,0.537,2.3146
89.4308,0.6042,2.5955
89.4310,0.7401,3.1782
89.4312,0.8042,3.4612
89.4314,0.7092,3.0539
89.4316,0.6454,2.7818
89.4318,0.5491,2.369
89.4320,0.5243,2.2598
89.4322,0.5578,2.404
89.4324,0.526,2.2671
89.4326,0.5352,2.3079
89.4328,0.5442,2.3456
89.4330,0.5417,2.3348
89.4332,0.5526,2.3829
89.4334,0.5894,2.5393
89.4336,0.6142,2.645
89.4338,0.5753,2.4818
89.4340,0.5465,2.3554
89.4342,0.5443,2.344
89.4344,0.5977,2.5701
89.4346,0.633,2.7217
89.4348,0.6361,2.7376
89.4350,0.7095,3.045
89.4352,0.8511,3.6527
89.4354,0.835,3.5854
89.4356,0.77,3.3125
89.4358,0.6913,2.97
89.4360,0.7192,3.0938
89.4362,0.679,2.9224
89.4364,0.7512,3.2256
89.4366,0.8075,3.4691
89.4368,0.7581,3.2615
89.4370,0.7544,3.2394
89.4372,0.7784,3.3455
89.4374,0.7425,3.1914
89.4376,0.7158,3.0794
89.4378,0.7278,3.1324
89.4380,0.6601,2.8409
89.4382,0.6802,2.9289
89.4384,0.662,2.8504
89.4386,0.6777,2.9113
89.4388,0.746,3.2049
89.4390,0.7357,3.1591
89.4392,0.7447,3.2052
89.4394,0.7328,3.1497
89.4396,0.7714,3.3141
89.4398,0.7573,3.2518
89.4400,0.7682,3.3048
89.4402,0.6979,3.0025
89.4404,0.6999,3.0066
89.4406,0.7747,3.3296
89.4408,0.7473,3.2165
89.4410,0.7198,3.0964
89.4412,0.7111,3.0621
89.4414,0.6676,2.8667
89.4416,0.8291,3.5552
89.4418,0.9156,3.9314
89.4420,0.855,3.668
89.4422,0.8463,3.6338
89.4424,0.8279,3.5517
89.4426,0.8877,3.8102
89.4428,0.8899,3.823
89.4430,0.855,3.668
89.4432,0.9003,3.8588
89.4434,0.9567,4.1042
89.4436,0.9561,4.0997
89.4438,0.9479,4.0609
89.4440,0.9911,4.2478
89.4442,0.9811,4.2032
89.4444,0.9928,4.255
89.4446,1.019,4.3676
89.4448,0.9989,4.2832
89.4450,1.0031,4.2932
89.4452,1.0256,4.3897
89.4454,1.028,4.4
89.4456,1.0242,4.3979
89.4458,0.8816,3.7963
89.4460,0.7122,3.0653
89.4462,0.6987,3.007
89.4464,0.6969,3.0007
89.4466,0.6915,2.9774
89.4468,0.6809,2.9279
89.4470,0.7477,3.2196
89.4472,0.7196,3.0973
89.4474,0.6919,2.9809
89.4476,0.694,2.9897
89.4478,0.7124,3.0678
89.4480,0.7229,3.1113
89.4482,0.6812,2.9303
89.4484,0.7371,3.1697
89.4486,0.7578,3.2614
89.4488,0.6958,2.996
89.4490,0.6737,2.9024
89.4492,0.6282,2.7099
89.4494,0.59,2.543
89.4496,0.6681,2.8741
89.4498,0.7435,3.1985
89.4500,0.6746,2.9073
89.4502,0.6091,2.6252
89.4504,0.6234,2.6817
89.4506,0.6946,2.9909
89.4508,0.6752,2.9072
89.4510,0.6253,2.6962
89.4512,0.6345,2.7309
89.4514,0.6524,2.8091
89.4516,0.6412,2.7637
89.4518,0.6078,2.6195
89.4520,0.6255,2.696
89.4522,0.5876,2.535
89.4524,0.5858,2.5261
89.4526,0.6015,2.5926
89.4528,0.5952,2.5629
89.4530,0.6621,2.8483
89.4532,0.7351,3.1624
89.4534,0.7217,3.1047
89.4536,0.7434,3.1965
89.4538,0.7447,3.2082
89.4540,0.7242,3.1184
89.4542,0.6768,2.9145
89.4544,0.6184,2.6643
89.4546,0.5911,2.5465
89.4548,0.6611,2.8442
89.4550,0.7353,3.1605
89.4552,0.7439,3.2001
89.4554,0.7067,3.0458
89.4556,0.6184,2.6643
89.4558,0.6568,2.8269
89.4560,0.7278,3.1324
89.4562,0.738,3.1733
89.4564,0.7539,3.2404
89.4566,0.762,3.2765
89.4568,0.6921,2.98
89.4570,0.6828,2.9444
89.4572,0.6188,2.6646
89.4574,0.6641,2.8571
89.4576,0.6665,2.8754
89.4578,0.5917,2.5503
89.4580,0.576,2.4826
89.4582,0.6,2.5835
89.4584,0.5924,2.5557
89.4586,0.6012,2.5911
89.4588,0.6002,2.5894
89.4590,0.605,2.6113
89.4592,0.4989,2.1533
89.4594,0.483,2.0835
89.4596,0.4685,2.0218
89.4598,0.4856,2.0949
89.4600,0.5279,2.2785
89.4602,0.4818,2.0783
89.4604,0.4789,2.0649
89.4606,0.5387,2.324
89.4608,0.5554,2.3959
89.4610,0.515,2.2226
89.4612,0.4633,1.9996
89.4614,0.4603,1.9866
89.4616,0.4438,1.9143
89.4618,0.4402,1.9006
89.4620,0.4444,1.9187
89.4622,0.4433,1.9123
89.4624,0.4487,1.9373
89.4626,0.4446,1.9197
89.4628,0.4459,1.9254
89.4630,0.4475,1.9313
89.4632,0.4446,1.9197
89.4634,0.4458,1.9231
89.4636,0.4463,1.9261
89.4638,0.4903,2.1141
89.4640,0.5455,2.3513
89.4642,0.5838,2.515
89.4644,0.5816,2.5057
89.4646,0.5735,2.474
89.4648,0.4821,2.0808
89.4650,0.4513,1.9469
89.4652,0.4495,1.9383
89.4654,0.4494,1.9404
89.4656,0.4467,1.9273
89.4658,0.4479,1.9324
89.4660,0.5068,2.1834
89.4662,0.5569,2.4004
89.4664,0.5443,2.3461
89.4666,0.5497,2.3661
89.4668,0.5563,2.3967
89.4670,0.5431,2.341
89.4672,0.5499,2.3677
89.4674,0.546,2.3523
89.4676,0.5309,2.2872
89.4678,0.5728,2.4686
89.4680,0.5693,2.4513
89.4682,0.5845,2.5146
89.4684,0.6542,2.8156
89.4686,0.646,2.7844
89.4688,0.5921,2.5459
89.4690,0.6442,2.7702
89.4692,0.6668,2.8738
89.4694,0.5994,2.5785
89.4696,0.6681,2.8701
89.4698,0.6762,2.9119
89.4700,0.6433,2.7686
89.4702,0.6476,2.7833
89.4704,0.6803,2.9267
89.4706,0.667,2.8695
89.4708,0.6602,2.8401
89.4710,0.5994,2.5809
89.4712,0.5708,2.4638
89.4714,0.4912,2.1162
89.4716,0.5061,2.1823
89.4718,0.4596,1.9826
89.4720,0.4716,2.0343
89.4722,0.4791,2.0669
89.4724,0.4857,2.0944
89.4726,0.5026,2.1683
89.4728,0.5525,2.3769
89.4730,0.6554,2.8168
89.4732,0.6423,2.7645
89.4734,0.5997,2.5813
89.4736,0.6248,2.6866
89.4738,0.6517,2.7995
89.4740,0.7067,3.0416
89.4742,0.6765,2.9061
89.4744,0.7381,3.1724
89.4746,0.7475,3.2111
89.4748,0.8753,3.7497
89.4750,0.9502,4.0726
89.4752,0.9025,3.8699
89.4754,0.9001,3.8578
89.4756,0.8877,3.8031
89.4758,0.9272,3.9758
89.4760,0.9329,4.0061
89.4762,0.8725,3.7396
89.4764,0.9488,4.0645
89.4766,0.9659,4.1399
89.4768,0.9752,4.1775
89.4770,1.0116,4.3317
89.4772,1.0261,4.3897
89.4774,1.1075,4.7291
89.4776,1.159,4.9557
89.4778,1.1341,4.8586
89.4780,1.0664,4.562
89.4782,1.0742,4.5846
89.4784,1.1639,4.9744
89.4786,1.1694,5.012
89.4788,1.0231,4.3871
89.4790,0.9436,4.0481
89.4792,0.8924,3.832
89.4794,0.9359,4.0152
89.4796,0.9012,3.8624
89.4798,0.9062,3.8876
89.4800,0.8638,3.7073
89.4802,0.844,3.6274
89.4804,0.8159,3.5085
89.4806,0.8124,3.4903
89.4808,0.7939,3.412
89.4810,0.8264,3.5484
89.4812,0.8397,3.6105
89.4814,0.797,3.427
89.4816,0.7342,3.1568
89.4818,0.7538,3.2414
89.4820,0.7608,3.2743
89.4822,0.7547,3.245
89.4824,0.7603,3.2692
89.4826,0.7653,3.2878
89.4828,0.823,3.5323
89.4830,0.8556,3.6689
89.4832,0.8309,3.5796
89.4834,0.6802,2.9303
89.4836,0.675,2.9054
89.4838,0.7572,3.2513
89.4840,0.8309,3.5712
89.4842,0.8355,3.5925
89.4844,0.7954,3.4171
89.4846,0.7832,3.3646
89.4848,0.7882,3.3909
89.4850,0.7158,3.0823
89.4852,0.6912,2.9778
89.4854,0.7271,3.1308
89.4856,0.7291,3.1425
89.4858,0.6923,2.9755
89.4860,0.7563,3.2552
89.4862,0.7109,3.0611
89.4864,0.6822,2.9363
89.4866,0.734,3.1578
89.4868,0.7512,3.2346
89.4870,0.6895,2.9719
89.4872,0.7369,3.1672
89.4874,0.815,3.5027
89.4876,0.7556,3.2567
89.4878,0.6747,2.9025
89.4880,0.6701,2.8882
89.4882,0.6111,2.634
89.4884,0.605,2.6076
89.4886,0.6243,2.6933
89.4888,0.6025,2.5968
89.4890,0.6015,2.595
89.4892,0.5725,2.4687
89.4894,0.5557,2.3975
89.4896,0.5336,2.3007
89.4898,0.5421,2.3374
89.4900,0.555,2.3944
89.4902,0.5536,2.3893
89.4904,0.5603,2.4126
89.4906,0.6864,2.9544
89.4908,0.6443,2.781
89.4910,0.5493,2.3684
89.4912,0.5916,2.5509
89.4914,0.5392,2.325
89.4916,0.527,2.2733
89.4918,0.5237,2.2604
89.4920,0.5307,2.2893
89.4922,0.5254,2.2666
89.4924,0.5132,2.2138
89.4926,0.5077,2.1911
89.4928,0.511,2.2045
89.4930,0.5336,2.2986
89.4932,0.5609,2.4186
89.4934,0.5176,2.233
89.4936,0.515,2.2216
89.4938,0.5361,2.3105
89.4940,0.6066,2.6168
89.4942,0.55,2.3693
89.4944,0.5658,2.4398
89.4946,0.5652,2.4327
89.4948,0.6309,2.7155
89.4950,0.6599,2.8417
89.4952,0.6634,2.858
89.4954,0.6635,2.8558
89.4956,0.6961,2.9948
89.4958,0.7285,3.1326
89.4960,0.7797,3.3481
89.4962,0.7692,3.3089
89.4964,0.6286,2.7082
89.4966,0.6148,2.65
89.4968,0.6401,2.7565
89.4970,0.6919,2.9767
89.4972,0.7683,3.3007
89.4974,0.7773,3.3425
89.4976,0.7538,3.2414
89.4978,0.7664,3.2971
89.4980,0.725,3.1206
89.4982,0.682,2.9367
89.4984,0.6833,2.9437
89.4986,0.6344,2.7317
89.4988,0.6238,2.69
89.4990,0.5429,2.3421
89.4992,0.5385,2.3208
89.4994,0.5909,2.5431
89.4996,0.6607,2.8461
89.4998,0.6001,2.5864
89.5000,0.6196,2.6694
89.5002,0.5939,2.5572
89.5004,0.5822,2.5106
89.5006,0.6132,2.6415
89.5008,0.5915,2.5469
89.5010,0.5949,2.5606
89.5012,0.6119,2.6359
89.5014,0.6157,2.6536
89.5016,0.6053,2.6038
89.5018,0.6602,2.8401
89.5020,0.6798,2.9287
89.5022,0.6099,2.63
89.5024,0.5657,2.4381
89.5026,0.5639,2.4281
89.5028,0.5696,2.4552
89.5030,0.5704,2.4594
89.5032,0.5708,2.4626
89.5034,0.5626,2.4269
89.5036,0.4939,2.1306
89.5038,0.4771,2.0591
89.5040,0.4706,2.0302
89.5042,0.4803,2.0711
89.5044,0.4717,2.033
89.5046,0.4689,2.023
89.5048,0.473,2.0424
89.5050,0.4699,2.0271
89.5052,0.4729,2.0391
89.5054,0.4694,2.025
89.5056,0.5181,2.2319
89.5058,0.5678,2.4474
89.5060,0.5445,2.3445
89.5062,0.5786,2.4951
89.5064,0.5057,2.1787
89.5066,0.5837,2.511
89.5068,0.5885,2.534
89.5070,0.6014,2.5909
89.5072,0.6326,2.7202
89.5074,0.6861,2.9474
89.5076,0.7096,3.0483
89.5078,0.813,3.488
89.5080,0.8622,3.7006
89.5082,0.8349,3.5832
89.5084,0.8693,3.7275
89.5086,0.8996,3.8593
89.5088,0.8924,3.8249
89.5090,0.9437,4.0449
89.5092,0.9096,3.8984
89.5094,0.9531,4.083
89.5096,0.9861,4.2282
89.5098,0.8918,3.8277
89.5100,0.8513,3.6555
89.5102,0.8521,3.6574
89.5104,0.8743,3.7491
89.5106,0.9187,3.9393
89.5108,0.9084,3.8987
89.5110,0.8642,3.7093
89.5112,0.8288,3.5587
89.5114,0.8226,3.534
89.5116,0.8373,3.5986
89.5118,0.8273,3.5525
89.5120,0.8759,3.7575
89.5122,0.86,3.6913
89.5124,0.8573,3.6761
89.5126,0.9231,3.9583
89.5128,0.9134,3.9167
89.5130,0.9278,3.9765
89.5132,0.9874,4.2339
89.5134,0.9639,4.1331
89.5136,0.9231,3.9657
89.5138,0.8875,3.8074
89.5140,0.9327,4.0032
89.5142,0.9103,3.9051
89.5144,0.8511,3.6595
89.5146,0.7256,3.1231
89.5148,0.731,3.1449
89.5150,0.8037,3.4478
89.5152,0.8463,3.6338
89.5154,0.8356,3.588
89.5156,0.9105,3.9043
89.5158,0.9021,3.8719
89.5160,0.8905,3.8238
89.5162,0.8871,3.8112
89.5164,0.8635,3.708
89.5166,0.8958,3.8465
89.5168,0.8603,3.6923
89.5170,0.8744,3.7548
89.5172,0.9002,3.8637
89.5174,0.9296,3.9898
89.5176,0.8855,3.804
89.5178,0.9048,3.8833
89.5180,0.9417,4.0418
89.5182,0.8476,3.6412
89.5184,0.8591,3.6872
89.5186,0.8422,3.6146
89.5188,0.8793,3.7794
89.5190,0.8375,3.6063
89.5192,0.7139,3.0711
89.5194,0.7357,3.1635
89.5196,0.7881,3.3889
89.5198,0.7804,3.3574
89.5200,0.6995,3.0064
89.5202,0.7499,3.2274
89.5204,0.6768,2.9145
89.5206,0.6291,2.714
89.5208,0.5874,2.534
89.5210,0.5854,2.524
89.5212,0.5961,2.5718
89.5214,0.5825,2.5116
89.5216,0.5886,2.5392
89.5218,0.5297,2.2863
89.5220,0.487,2.104
89.5222,0.4753,2.0523
89.5224,0.5111,2.2071
89.5226,0.4779,2.0646
89.5228,0.478,2.0632
89.5230,0.5418,2.3375
89.5232,0.5434,2.3431
89.5234,0.5596,2.4129
89.5236,0.552,2.3814
89.5238,0.5532,2.3855
89.5240,0.5597,2.4145
89.5242,0.5441,2.3473
89.5244,0.5352,2.309
89.5246,0.5916,2.5486
89.5248,0.5921,2.5506
89.5250,0.5893,2.5399
89.5252,0.6135,2.6431
89.5254,0.5939,2.5608
89.5256,0.5696,2.4552
89.5258,0.6206,2.6723
89.5260,0.603,2.6037
89.5262,0.5428,2.3405
89.5264,0.5743,2.4765
89.5266,0.5683,2.4495
89.5268,0.5525,2.3835
89.5270,0.5665,2.4406
89.5272,0.603,2.6025
89.5274,0.5243,2.2609
89.5276,0.5286,2.2816
89.5278,0.5295,2.2852
89.5280,0.5152,2.2226
89.5282,0.52,2.2402
89.5284,0.5523,2.3813
89.5286,0.5515,2.3793
89.5288,0.5352,2.3069
89.5290,0.5583,2.405
89.5292,0.6178,2.6617
89.5294,0.599,2.5854
89.5296,0.531,2.292
89.5298,0.517,2.2293
89.5300,0.534,2.3006
89.5302,0.6193,2.6666
89.5304,0.6672,2.8705
89.5306,0.7049,3.0325
89.5308,0.6626,2.8517
89.5310,0.6427,2.7673
89.5312,0.6163,2.6587
89.5314,0.5178,2.233
89.5316,0.5342,2.3001
89.5318,0.5878,2.5344
89.5320,0.5206,2.2459
89.5322,0.5415,2.3305
89.5324,0.6223,2.6845
89.5326,0.5952,2.5641
89.5328,0.6249,2.6934
89.5330,0.5729,2.4691
89.5332,0.5476,2.3623
89.5334,0.5253,2.264
89.5336,0.558,2.405
89.5338,0.5801,2.4967
89.5340,0.6205,2.6718
89.5342,0.6125,2.6372
89.5344,0.626,2.6943
89.5346,0.6953,2.9912
89.5348,0.677,2.9096
89.5350,0.7154,3.0793
89.5352,0.6934,2.9788
89.5354,0.7303,3.1374
89.5356,0.766,3.2925
89.5358,0.7439,3.2001
89.5360,0.7477,3.2136
89.5362,0.6913,2.9728
89.5364,0.6945,2.9848
89.5366,0.7061,3.0334
89.5368,0.7538,3.2384
89.5370,0.7304,3.1394
89.5372,0.7253,3.1187
89.5374,0.7267,3.1292
89.5376,0.6853,2.9525
89.5378,0.6907,2.9757
89.5380,0.5688,2.4527
89.5382,0.4881,2.1077
89.5384,0.4893,2.1119
89.5386,0.4615,1.989
89.5388,0.5363,2.3094
89.5390,0.5743,2.4765
89.5392,0.5337,2.3012
89.5394,0.5848,2.5156
89.5396,0.6693,2.8806
89.5398,0.6085,2.619
89.5400,0.6826,2.9379
89.5402,0.7072,3.0408
89.5404,0.6767,2.9099
89.5406,0.6798,2.9233
89.5408,0.7168,3.0821
89.5410,0.7687,3.2992
89.5412,0.8684,3.7291
89.5414,0.8435,3.6186
89.5416,0.87,3.7305
89.5418,0.8765,3.7618
89.5420,0.8497,3.6454
89.5422,0.8618,3.7008
89.5424,0.8425,3.6212
89.5426,0.8793,3.7742
89.5428,0.8897,3.8131
89.5430,0.9343,4.0005
89.5432,0.9756,4.1874
89.5434,0.9242,3.9629
89.5436,0.9807,4.2051
89.5438,0.8994,3.8583
89.5440,0.8295,3.5667
89.5442,0.8204,3.5243
89.5444,0.8886,3.8138
89.5446,0.875,3.7626
89.5448,0.7538,3.2399
89.5450,0.7399,3.1801
89.5452,0.7387,3.1794
89.5454,0.716,3.0847
89.5456,0.6636,2.855
89.5458,0.6934,2.9857
89.5460,0.6953,2.9926
89.5462,0.6954,2.9903
89.5464,0.7319,3.1456
89.5466,0.8093,3.4753
89.5468,0.8636,3.7102
89.5470,0.7953,3.4166
89.5472,0.8021,3.4476
89.5474,0.7415,3.1913
89.5476,0.729,3.1405
89.5478,0.6819,2.9321
89.5480,0.6816,2.9337
89.5482,0.679,2.9238
89.5484,0.7038,3.0236
89.5486,0.7617,3.2754
89.5488,0.7403,3.1861
89.5490,0.7566,3.2548
89.5492,0.7059,3.0366
89.5494,0.7241,3.1135
89.5496,0.7862,3.379
89.5498,0.749,3.2223
89.5500,0.7262,3.1185
89.5502,0.7965,3.4265
89.5504,0.7572,3.2589
89.5506,0.6967,3.0002
89.5508,0.6933,2.9838
89.5510,0.6965,2.9991
89.5512,0.6881,2.963
89.5514,0.68,2.9265
89.5516,0.6869,2.9565
89.5518,0.69,2.9699
89.5520,0.7365,3.1642
89.5522,0.7985,3.4321
89.5524,0.7592,3.2646
89.5526,0.7611,3.2728
89.5528,0.7495,3.2273
89.5530,0.7121,3.0591
89.5532,0.7261,3.1267
89.5534,0.7563,3.2492
89.5536,0.8087,3.4791
89.5538,0.6994,3.0101
89.5540,0.7059,3.038
89.5542,0.7294,3.1362
89.5544,0.7735,3.3244
89.5546,0.7892,3.3935
89.5548,0.7333,3.1576
89.5550,0.6425,2.7681
89.5552,0.6333,2.7283
89.5554,0.6459,2.78
89.5556,0.7147,3.0733
89.5558,0.78,3.3538
89.5560,0.7356,3.166
89.5562,0.6596,2.8428
89.5564,0.6252,2.6919
89.5566,0.6731,2.8944
89.5568,0.793,3.4068
89.5570,0.7813,3.3595
89.5572,0.7493,3.2248
89.5574,0.7315,3.1499
89.5576,0.7096,3.0526
89.5578,0.7085,3.0479
89.5580,0.6523,2.8086
89.5582,0.6669,2.8663
89.5584,0.755,3.2496
89.5586,0.6989,3.0081
89.5588,0.7373,3.1747
89.5590,0.7319,3.1514
89.5592,0.659,2.8402
89.5594,0.5738,2.471
89.5596,0.5989,2.5825
89.5598,0.5676,2.4475
89.5600,0.5538,2.3814
89.5602,0.6936,2.9909
89.5604,0.5761,2.4854
89.5606,0.5316,2.2935
89.5608,0.5327,2.296
89.5610,0.5963,2.5699
89.5612,0.6357,2.7361
89.5614,0.6435,2.7696
89.5616,0.6435,2.7709
89.5618,0.6423,2.7658
89.5620,0.6445,2.7776
89.5622,0.6346,2.7353
89.5624,0.6381,2.7477
89.5626,0.6413,2.7616
89.5628,0.6467,2.7862
89.5630,0.6327,2.7245
89.5632,0.6262,2.6978
89.5634,0.6435,2.7671
89.5636,0.7017,3.0213
89.5638,0.6905,2.9719
89.5640,0.7288,3.1336
89.5642,0.7571,3.2493
89.5644,0.8068,3.4677
89.5646,0.8135,3.4998
89.5648,0.732,3.1534
89.5650,0.6898,2.9688
89.5652,0.6688,2.8799
89.5654,0.6507,2.8045
89.5656,0.6554,2.8247
89.5658,0.6628,2.8527
89.5660,0.6519,2.8071
89.5662,0.6458,2.782
89.5664,0.6852,2.9465
89.5666,0.7453,3.2048
89.5668,0.7614,3.2769
89.5670,0.6822,2.9377
89.5672,0.7201,3.0951
89.5674,0.8057,3.4582
89.5676,0.772,3.3198
89.5678,0.7722,3.3187
89.5680,0.7621,3.277
89.5682,0.7523,3.2362
89.5684,0.6953,2.9926
89.5686,0.7873,3.3821
89.5688,0.7591,3.2641
89.5690,0.7648,3.2873
89.5692,0.7718,3.3187
89.5694,0.7567,3.2492
89.5696,0.7899,3.3934
89.5698,0.7277,3.1319
89.5700,0.7001,3.0118
89.5702,0.7676,3.3038
89.5704,0.7168,3.0807
89.5706,0.8067,3.4639
89.5708,0.7895,3.395
89.5710,0.7664,3.2986
89.5712,0.7487,3.2192
89.5714,0.7423,3.1889
89.5716,0.7551,3.2456
89.5718,0.7859,3.3843
89.5720,0.7537,3.2454
89.5722,0.6928,2.979
89.5724,0.7063,3.033
89.5726,0.7839,3.3692
89.5728,0.7834,3.3656
89.5730,0.7801,3.3527
89.5732,0.7652,3.2827
89.5734,0.906,3.8902
89.5736,0.9254,3.9699
89.5738,0.8972,3.8508
89.5740,0.8598,3.6954
89.5742,0.7834,3.3687
89.5744,0.7521,3.2327
89.5746,0.8355,3.5925
89.5748,0.7795,3.3502
89.5750,0.8789,3.7686
89.5752,1.0052,4.3045
89.5754,1.0526,4.5094
89.5756,1.0692,4.576
89.5758,1.1126,4.7595
89.5760,1.129,4.8275
89.5762,1.1561,4.9526
89.5764,1.0704,4.5854
89.5766,1.1054,4.7309
89.5768,1.1606,4.9675
89.5770,1.1753,5.0301
89.5772,1.1406,4.8773
89.5774,1.1793,5.0429
89.5776,1.1719,5.0251
89.5778,1.0424,4.472
89.5780,0.9526,4.0905
89.5782,0.9681,4.1492
89.5784,1.0464,4.4847
89.5786,1.0754,4.6027
89.5788,1.1105,4.7508
89.5790,1.1476,4.9139
89.5792,1.1224,4.8083
89.5794,1.0889,4.6759
89.5796,1.0195,4.3778
89.5798,0.9186,3.9498
89.5800,0.7796,3.3538
89.5802,0.8193,3.5213
89.5804,0.8634,3.7092
89.5806,0.8526,3.6645
89.5808,0.8544,3.6705
89.5810,0.9267,3.9756
89.5812,1.038,4.4529
89.5814,1.0538,4.5208
89.5816,0.9883,4.2459
89.5818,0.844,3.6325
89.5820,0.8423,3.6202
89.5822,0.8988,3.8611
89.5824,0.9028,3.8823
89.5826,0.8979,3.8593
89.5828,0.9224,3.9589
89.5830,0.9778,4.1986
89.5832,0.9395,4.0419
89.5834,0.8379,3.6045
89.5836,0.8162,3.5144
89.5838,0.7949,3.4198
89.5840,0.7917,3.4122
89.5842,0.7055,3.0463
89.5844,0.6356,2.7419
89.5846,0.6012,2.5899
89.5848,0.6696,2.8862
89.5850,0.6874,2.9654
89.5852,0.6304,2.7184
89.5854,0.6128,2.6437
89.5856,0.6008,2.5931
89.5858,0.6714,2.8953
89.5860,0.6226,2.6848
89.5862,0.6272,2.7045
89.5864,0.6945,2.9931
89.5866,0.6662,2.8658
89.5868,0.7439,3.2046
89.5870,0.7346,3.1618
89.5872,0.7344,3.1682
89.5874,0.6343,2.7363
89.5876,0.6736,2.9032
89.5878,0.6741,2.9066
89.5880,0.6471,2.789
89.5882,0.6374,2.751
89.5884,0.5628,2.4302
89.5886,0.515,2.2247
89.5888,0.5318,2.2972
89.5890,0.5373,2.321
89.5892,0.5593,2.413
89.5894,0.6109,2.6354
89.5896,0.5505,2.3758
89.5898,0.5885,2.5387
89.5900,0.5689,2.4544
89.5902,0.6085,2.6226
89.5904,0.5415,2.3381
89.5906,0.484,2.093
89.5908,0.4814,2.0816
89.5910,0.4677,2.0215
89.5912,0.4661,2.0124
89.5914,0.47,2.0314
89.5916,0.4816,2.0778
89.5918,0.5122,2.2097
89.5920,0.4867,2.0995
89.5922,0.5626,2.4258
89.5924,0.6433,2.7725
89.5926,0.6644,2.8648
89.5928,0.587,2.5336
89.5930,0.5689,2.4544
89.5932,0.5623,2.4248
89.5934,0.5607,2.4198
89.5936,0.5581,2.4078
89.5938,0.5774,2.4876
89.5940,0.5965,2.5721
89.5942,0.6145,2.6497
89.5944,0.6865,2.9549
89.5946,0.6916,2.9766
89.5948,0.6888,2.9647
89.5950,0.712,3.0657
89.5952,0.6848,2.9472
89.5954,0.7092,3.0553
89.5956,0.6952,2.9948
89.5958,0.6846,2.9467
89.5960,0.7168,3.0835
89.5962,0.7493,3.2233
89.5964,0.7636,3.2867
89.5966,0.7407,3.1867
89.5968,0.7446,3.2032
89.5970,0.6993,3.0082
89.5972,0.7401,3.1797
89.5974,0.7969,3.4281
89.5976,0.7911,3.3986
89.5978,0.809,3.4753
89.5980,0.7779,3.345
89.5982,0.7791,3.3486
89.5984,0.8009,3.444
89.5986,0.7898,3.3977
89.5988,0.7602,3.2718
89.5990,0.7021,3.0262
89.5992,0.6737,2.9024
89.5994,0.669,2.8809
89.5996,0.6792,2.9207
89.5998,0.7778,3.3414
89.6000,0.8635,3.7062
89.6002,0.8845,3.7963
89.6004,0.8816,3.7857
89.6006,0.8677,3.7295
89.6008,0.8206,3.5319
89.6010,0.7328,3.1541
89.6012,0.6827,2.9411
89.6014,0.6689,2.8817
89.6016,0.7183,3.0917
89.6018,0.6898,2.9688
89.6020,0.6871,2.9589
89.6022,0.7037,3.0329
89.6024,0.6812,2.933
89.6026,0.6771,2.9128
89.6028,0.729,3.1361
89.6030,0.7363,3.1676
89.6032,0.7548,3.247
89.6034,0.7963,3.4239
89.6036,0.7288,3.1409
89.6038,0.6424,2.7689
89.6040,0.6437,2.7745
89.6042,0.5874,2.5364
89.6044,0.4888,2.1088
89.6046,0.528,2.2769
89.6048,0.5692,2.4508
89.6050,0.5849,2.5243
89.6052,0.5117,2.2097
89.6054,0.4736,2.0469
89.6056,0.4273,1.846
89.6058,0.4712,2.0347
89.6060,0.5325,2.2982
89.6062,0.5077,2.1911
89.6064,0.4905,2.118
89.6066,0.5589,2.4087
89.6068,0.6511,2.8009
89.6070,0.6948,2.9905
89.6072,0.7169,3.084
89.6074,0.7834,3.3703
89.6076,0.7374,3.1722
89.6078,0.8441,3.6229
89.6080,0.9236,3.9622
89.6082,0.8852,3.7994
89.6084,0.913,3.9188
89.6086,0.9038,3.8828
89.6088,0.9202,3.9404
89.6090,0.9947,4.2672
89.6092,0.9632,4.1339
89.6094,0.9638,4.1307
89.6096,1.01,4.323
89.6098,1.0525,4.511
89.6100,0.9853,4.2311
89.6102,0.922,3.9592
89.6104,0.9205,3.9544
89.6106,0.8692,3.7339
89.6108,0.8465,3.6382
89.6110,0.8499,3.6527
89.6112,0.8548,3.6687
89.6114,0.8639,3.7112
89.6116,0.8736,3.7512
89.6118,0.9026,3.874
89.6120,0.9712,4.1664
89.6122,0.8913,3.8328
89.6124,0.7981,3.43
89.6126,0.8563,3.6788
89.6128,0.8862,3.8088
89.6130,0.8018,3.4476
89.6132,0.7856,3.3765
89.6134,0.8205,3.5264
89.6136,0.8698,3.74
89.6138,0.8773,3.7654
89.6140,0.9682,4.1536
89.6142,0.9305,3.9958
89.6144,0.9457,4.0625
89.6146,0.8696,3.7342
89.6148,0.8678,3.7282
89.6150,0.8903,3.8281
89.6152,0.8777,3.7705
89.6154,0.8712,3.7444
89.6156,0.8644,3.7185
89.6158,0.7857,3.3817
89.6160,0.8075,3.4708
89.6162,0.8668,3.7219
89.6164,0.8466,3.6404
89.6166,0.8219,3.531
89.6168,0.8664,3.7238
89.6170,0.8973,3.8549
89.6172,0.9696,4.1578
89.6174,0.9828,4.2143
89.6176,0.9887,4.2435
89.6178,0.9849,4.2251
89.6180,0.9913,4.2588
89.6182,0.9144,3.9244
89.6184,0.8718,3.7522
89.6186,0.7301,3.1495
89.6188,0.6217,2.6795
89.6190,0.6049,2.6047
89.6192,0.6819,2.9334
89.6194,0.7126,3.0669
89.6196,0.7368,3.1741
89.6198,0.7758,3.3342
89.6200,0.8957,3.8459
89.6202,0.9658,4.1452
89.6204,0.971,4.1693
89.6206,0.9091,3.9054
89.6208,0.8144,3.5066
89.6210,0.7453,3.2122
89.6212,0.6666,2.8759
89.6214,0.5966,2.5762
89.6216,0.523,2.2594
89.6218,0.4904,2.1175
89.6220,0.4916,2.1227
89.6222,0.5226,2.2578
89.6224,0.5354,2.3127
89.6226,0.5331,2.3029
89.6228,0.5324,2.2998
89.6230,0.5318,2.2951
89.6232,0.5411,2.3354
89.6234,0.5318,2.2972
89.6236,0.5364,2.3163
89.6238,0.5378,2.322
89.6240,0.515,2.2236
89.6242,0.5145,2.2216
89.6244,0.5165,2.2304
89.6246,0.5412,2.3349
89.6248,0.6038,2.6012
89.6250,0.618,2.6659
89.6252,0.5625,2.4275
89.6254,0.6011,2.5906
89.6256,0.6345,2.7348
89.6258,0.6292,2.7108
89.6260,0.5778,2.4926
89.6262,0.5336,2.3039
89.6264,0.5343,2.3038
89.6266,0.6166,2.654
89.6268,0.6762,2.9132
89.6270,0.5785,2.498
89.6272,0.5225,2.2552
89.6274,0.52,2.2433
89.6276,0.5204,2.2449
89.6278,0.5182,2.2366
89.6280,0.5175,2.2345
89.6282,0.5188,2.2392
89.6284,0.5186,2.2361
89.6286,0.5258,2.2681
89.6288,0.5306,2.2899
89.6290,0.5178,2.233
89.6292,0.5174,2.2319
89.6294,0.5194,2.2407
89.6296,0.5202,2.2464
89.6298,0.5236,2.2588
89.6300,0.5529,2.3817
89.6302,0.6344,2.7304
89.6304,0.7322,3.1501
89.6306,0.7433,3.1975
89.6308,0.6551,2.8223
89.6310,0.5561,2.3957
89.6312,0.6449,2.7771
89.6314,0.6864,2.9558
89.6316,0.6702,2.8847
89.6318,0.6846,2.9439
89.6320,0.7186,3.0913
89.6322,0.7321,3.1539
89.6324,0.6916,2.9752
89.6326,0.6919,2.9726
89.6328,0.7767,3.3383
89.6330,0.8074,3.4719
89.6332,0.7764,3.3368
89.6334,0.8048,3.4525
89.6336,0.8646,3.7212
89.6338,0.7672,3.2976
89.6340,0.7487,3.2162
89.6342,0.7729,3.3203
89.6344,0.7543,3.2465
89.6346,0.7147,3.0762
89.6348,0.7478,3.2186
89.6350,0.7083,3.0469
89.6352,0.6925,2.9835
89.6354,0.6543,2.8174
89.6356,0.699,3.0058
89.6358,0.7254,3.1221
89.6360,0.6889,2.9707
89.6362,0.6334,2.7288
89.6364,0.6328,2.7275
89.6366,0.586,2.5243
89.6368,0.6224,2.6838
89.6370,0.5706,2.4605
89.6372,0.5723,2.4643
89.6374,0.6138,2.6441
89.6376,0.6043,2.6057
89.6378,0.5818,2.5097
89.6380,0.5597,2.41
89.6382,0.616,2.6539
89.6384,0.6723,2.8935
89.6386,0.6826,2.9406
89.6388,0.5568,2.3999
89.6390,0.566,2.4419
89.6392,0.5216,2.249
89.6394,0.5806,2.501
89.6396,0.5899,2.5425
89.6398,0.6234,2.6817
89.6400,0.7108,3.0549
89.6402,0.7855,3.3728
89.6404,0.7511,3.234
89.6406,0.7047,3.0258
89.6408,0.8645,3.7121
89.6410,0.8115,3.4878
89.6412,0.7917,3.4027
89.6414,0.8246,3.5439
89.6416,0.7807,3.3538
89.6418,0.861,3.6954
89.6420,0.8788,3.7769
89.6422,0.8244,3.5352
89.6424,0.937,4.0161
89.6426,1.0108,4.3341
89.6428,0.954,4.0929
89.6430,0.924,3.9638
89.6432,0.9393,4.0277
89.6434,0.9798,4.1976
89.6436,0.9834,4.2228
89.6438,0.8692,3.7322
89.6440,0.852,3.6585
89.6442,0.8395,3.6084
89.6444,0.8346,3.5889
89.6446,0.8271,3.5515
89.6448,0.8554,3.6712
89.6450,0.9061,3.8925
89.6452,0.8512,3.6549
89.6454,0.8689,3.7294
89.6456,0.8807,3.7816
89.6458,0.9301,3.9918
89.6460,0.9554,4.0909
89.6462,0.9874,4.2359
89.6464,0.9171,3.9381
89.6466,0.8714,3.7419
89.6468,0.9066,3.8892
89.6470,0.9256,3.9747
89.6472,0.8471,3.6408
89.6474,0.7586,3.2666
89.6476,0.6948,2.9905
89.6478,0.7795,3.3517
89.6480,0.7582,3.265
89.6482,0.7344,3.1579
89.6484,0.7485,3.2262
89.6486,0.6587,2.8418
89.6488,0.6084,2.6233
89.6490,0.6121,2.6406
89.6492,0.6048,2.6078
89.6494,0.6177,2.6599
89.6496,0.6905,2.9678
89.6498,0.7389,3.1819
89.6500,0.6951,2.9915
89.6502,0.6917,2.9771
89.6504,0.6952,2.9921
89.6506,0.7194,3.0949
89.6508,0.6966,3.0024
89.6510,0.6512,2.8079
89.6512,0.6175,2.6601
89.6514,0.6024,2.5914
89.6516,0.6738,2.9056
89.6518,0.6393,2.7554
89.6520,0.638,2.7485
89.6522,0.6332,2.7291
89.6524,0.6216,2.6802
89.6526,0.6268,2.7017
89.6528,0.6211,2.6756
89.6530,0.6446,2.773
89.6532,0.741,3.1847
89.6534,0.7939,3.4152
89.6536,0.7231,3.1166
89.6538,0.6123,2.6404
89.6540,0.6162,2.6532
89.6542,0.5999,2.5866
89.6544,0.5971,2.5723
89.6546,0.6597,2.842
89.6548,0.6839,2.9436
89.6550,0.744,3.1947
89.6552,0.8288,3.5686
89.6554,0.6569,2.8314
89.6556,0.6322,2.7262
89.6558,0.5888,2.5367
89.6560,0.6469,2.7867
89.6562,0.6413,2.7591
89.6564,0.7693,3.3094
89.6566,0.7332,3.1542
89.6568,0.6382,2.752
89.6570,0.5916,2.5521
89.6572,0.5641,2.4325
89.6574,0.6051,2.6069
89.6576,0.6766,2.9094
89.6578,0.7505,3.227
89.6580,0.7431,3.1985
89.6582,0.7321,3.1525
89.6584,0.6901,2.9759
89.6586,0.5864,2.531
89.6588,0.4881,2.1096
89.6590,0.4548,1.9647
89.6592,0.4554,1.9663
89.6594,0.4581,1.9782
89.6596,0.4521,1.9533
89.6598,0.4508,1.9476
89.6600,0.4525,1.9539
89.6602,0.4535,1.9581
89.6604,0.4625,1.996
89.6606,0.5252,2.2687
89.6608,0.4616,1.9933
89.6610,0.4503,1.9446
89.6612,0.4448,1.9217
89.6614,0.4451,1.9227
89.6616,0.4426,1.9092
89.6618,0.4424,1.9095
89.6620,0.4451,1.9218
89.6622,0.4484,1.9372
89.6624,0.4473,1.9308
89.6626,0.4545,1.9618
89.6628,0.4596,1.9845
89.6630,0.4575,1.9747
89.6632,0.4881,2.1038
89.6634,0.5488,2.3631
89.6636,0.6007,2.5878
89.6638,0.593,2.5559
89.6640,0.5609,2.4175
89.6642,0.5655,2.4371
89.6644,0.5592,2.4102
89.6646,0.5431,2.341
89.6648,0.5363,2.3126
89.6650,0.536,2.311
89.6652,0.528,2.2737
89.6654,0.5607,2.4131
89.6656,0.613,2.641
89.6658,0.591,2.5472
89.6660,0.5815,2.5028
89.6662,0.5869,2.5261
89.6664,0.5985,2.5797
89.6666,0.5782,2.4896
89.6668,0.6633,2.8521
89.6670,0.7265,3.1209
89.6672,0.7324,3.1447
89.6674,0.7695,3.3089
89.6676,0.7205,3.101
89.6678,0.6994,3.0087
89.6680,0.6971,2.9934
89.6682,0.7978,3.4274
89.6684,0.8409,3.6039
89.6686,0.913,3.9188
89.6688,0.8272,3.5503
89.6690,0.794,3.4189
89.6692,0.6295,2.713
89.6694,0.6012,2.5887
89.6696,0.6283,2.7016
89.6698,0.6903,2.9709
89.6700,0.6266,2.6969
89.6702,0.6043,2.6009
89.6704,0.602,2.5947
89.6706,0.602,2.5947
89.6708,0.6224,2.6788
89.6710,0.6061,2.6098
89.6712,0.5764,2.4853
89.6714,0.5195,2.2412
89.6716,0.5145,2.2185
89.6718,0.5177,2.2314
89.6720,0.5336,2.2986
89.6722,0.6031,2.5957
89.6724,0.6681,2.8754
89.6726,0.6119,2.6359
89.6728,0.6241,2.6885
89.6730,0.6698,2.8786
89.6732,0.7201,3.0951
89.6734,0.7941,3.4083
89.6736,0.8187,3.5154
89.6738,0.8278,3.5529
89.6740,0.8433,3.6193
89.6742,0.8524,3.6567
89.6744,0.8808,3.7768
89.6746,0.9582,4.107
89.6748,0.9744,4.1725
89.6750,0.9943,4.2617
89.6752,1.0019,4.2861
89.6754,1.1082,4.7388
89.6756,1.1464,4.8996
89.6758,1.1659,4.9831
89.6760,1.1123,4.7652
89.6762,1.0126,4.3398
89.6764,1.0091,4.3189
89.6766,1.0333,4.4287
89.6768,1.0099,4.3204
89.6770,1.1385,4.8658
89.6772,1.1605,4.967
89.6774,1.1188,4.7884
89.6776,1.1275,4.8281
89.6778,1.0781,4.6101
89.6780,1.0798,4.6281
89.6782,0.9481,4.0709
89.6784,0.9431,4.0423
89.6786,1.0228,4.3835
89.6788,1.0498,4.4933
89.6790,1.0677,4.5762
89.6792,1.0666,4.5716
89.6794,1.0552,4.5207
89.6796,1.0175,4.3568
89.6798,1.0513,4.5037
89.6800,1.0882,4.6641
89.6802,1.0545,4.5281
89.6804,0.8491,3.6547
89.6806,0.8261,3.5473
89.6808,0.9609,4.1164
89.6810,1.0548,4.5123
89.6812,1.0979,4.7057
89.6814,1.055,4.526
89.6816,1.048,4.494
89.6818,1.0557,4.5269
89.6820,0.9873,4.2353
89.6822,0.9669,4.1518
89.6824,0.8948,3.8495
89.6826,0.7827,3.3688
89.6828,0.7997,3.4341
89.6830,0.854,3.6741
89.6832,0.7841,3.375
89.6834,0.7447,3.2082
89.6836,0.7059,3.0394
89.6838,0.7029,3.0223
89.6840,0.8158,3.5079
89.6842,0.7561,3.2572
89.6844,0.6789,2.9287
89.6846,0.6693,2.8819
89.6848,0.7342,3.1583
89.6850,0.7893,3.3956
89.6852,0.8172,3.519
89.6854,0.7364,3.1696
89.6856,0.7445,3.2042
89.6858,0.7816,3.361
89.6860,0.7989,3.4384
89.6862,0.8225,3.5368
89.6864,0.8449,3.6282
89.6866,0.884,3.7978
89.6868,0.874,3.758
89.6870,0.8195,3.5223
89.6872,0.8116,3.4915
89.6874,0.8222,3.5402
89.6876,0.7192,3.1053
89.6878,0.5832,2.5182
89.6880,0.5627,2.4263
89.6882,0.5722,2.4683
89.6884,0.5807,2.5062
89.6886,0.5813,2.503
89.6888,0.647,2.7885
89.6890,0.5761,2.49
89.6892,0.4999,2.1594
89.6894,0.5718,2.4633
89.6896,0.6337,2.7324
89.6898,0.5647,2.4385
89.6900,0.5349,2.3096
89.6902,0.5338,2.3049
89.6904,0.5306,2.2888
89.6906,0.5272,2.2743
89.6908,0.5288,2.2832
89.6910,0.5604,2.4176
89.6912,0.5934,2.5587
89.6914,0.6074,2.6192
89.6916,0.6166,2.6614
89.6918,0.5719,2.465
89.6920,0.5643,2.4353
89.6922,0.5503,2.3742
89.6924,0.5313,2.2919
89.6926,0.5366,2.3136
89.6928,0.6777,2.9167
89.6930,0.7499,3.2274
89.6932,0.6415,2.7673
89.6934,0.5732,2.473
89.6936,0.6103,2.6267
89.6938,0.6602,2.844
89.6940,0.6654,2.8654
89.6942,0.677,2.915
89.6944,0.6888,2.9675
89.6946,0.6933,2.9838
89.6948,0.6706,2.8863
89.6950,0.6826,2.9433
89.6952,0.6264,2.6996
89.6954,0.6212,2.6737
89.6956,0.6481,2.7893
89.6958,0.7017,3.0199
89.6960,0.7217,3.1047
89.6962,0.7339,3.1587
89.6964,0.7478,3.2171
89.6966,0.8313,3.5678
89.6968,0.8886,3.8156
89.6970,0.8636,3.7102
89.6972,0.8572,3.6858
89.6974,0.7744,3.3301
89.6976,0.787,3.3858
89.6978,0.8045,3.4627
89.6980,0.7228,3.1108
89.6982,0.71,3.0561
89.6984,0.7279,3.1329
89.6986,0.7051,3.0349
89.6988,0.6851,2.946
89.6990,0.7266,3.1287
89.6992,0.7347,3.1624
89.6994,0.7717,3.3151
89.6996,0.8294,3.5728
89.6998,0.6699,2.8872
89.7000,0.6171,2.6611
89.7002,0.6133,2.6445
89.7004,0.6073,2.6174
89.7006,0.6178,2.6604
89.7008,0.6917,2.9799
89.7010,0.6887,2.9656
89.7012,0.7134,3.0734
89.7014,0.684,2.9468
89.7016,0.6646,2.8618
89.7018,0.6645,2.8573
89.7020,0.7307,3.1434
89.7022,0.7587,3.2641
89.7024,0.7045,3.0351
89.7026,0.6966,2.9941
89.7028,0.8114,3.4889
89.7030,0.8535,3.6681
89.7032,0.8229,3.5433
89.7034,0.6749,2.9103
89.7036,0.629,2.7097
89.7038,0.6344,2.733
89.7040,0.5535,2.3921
89.7042,0.4876,2.1066
89.7044,0.4777,2.0626
89.7046,0.4764,2.0569
89.7048,0.4768,2.059
89.7050,0.4863,2.097
89.7052,0.5333,2.2986
89.7054,0.5645,2.4307
89.7056,0.6211,2.6769
89.7058,0.5911,2.5489
89.7060,0.6363,2.74
89.7062,0.7104,3.0576
89.7064,0.6515,2.8068
89.7066,0.6894,2.9659
89.7068,0.7156,3.0798
89.7070,0.675,2.9081
89.7072,0.7031,3.0219
89.7074,0.8099,3.4811
89.7076,0.8435,3.622
89.7078,0.8925,3.8308
89.7080,0.9346,4.0077
89.7082,0.9315,3.9924
89.7084,0.9588,4.1096
89.7086,0.9831,4.2154
89.7088,0.9273,3.9782
89.7090,0.9677,4.1496
89.7092,0.9953,4.2678
89.7094,0.9598,4.1137
89.7096,0.956,4.0973
89.7098,1.0257,4.3923
89.7100,1.1007,4.7109
89.7102,1.1068,4.7415
89.7104,1.0392,4.456
89.7106,1.0663,4.5722
89.7108,1.0295,4.4226
89.7110,0.8404,3.6153
89.7112,0.7856,3.378
89.7114,0.8363,3.5944
89.7116,0.8266,3.556
89.7118,0.7741,3.3332
89.7120,0.764,3.2883
89.7122,0.7736,3.3249
89.7124,0.8319,3.5737
89.7126,0.8563,3.6891
89.7128,0.7268,3.1283
89.7130,0.7095,3.0506
89.7132,0.7606,3.2723
89.7134,0.7734,3.3254
89.7136,0.8061,3.463
89.7138,0.8314,3.575
89.7140,0.8111,3.4911
89.7142,0.7413,3.1848
89.7144,0.8248,3.5417
89.7146,0.8316,3.5743
89.7148,0.8511,3.6578
89.7150,0.8144,3.5034
89.7152,0.7271,3.1337
89.7154,0.711,3.0602
89.7156,0.7963,3.4271
89.7158,0.7639,3.2847
89.7160,0.793,3.4068
89.7162,0.8569,3.6814
89.7164,0.859,3.697
89.7166,0.7485,3.2217
89.7168,0.746,3.2153
89.7170,0.7114,3.0603
89.7172,0.7743,3.3296
89.7174,0.7871,3.3879
89.7176,0.7774,3.3399
89.7178,0.8217,3.5316
89.7180,0.7972,3.4264
89.7182,0.8401,3.616
89.7184,0.827,3.5559
89.7186,0.7112,3.0655
89.7188,0.6849,2.9518
89.7190,0.6688,2.8772
89.7192,0.7012,3.0179
89.7194,0.7895,3.3998
89.7196,0.6812,2.9344
89.7198,0.6208,2.6758
89.7200,0.5919,2.556
89.7202,0.5218,2.2552
89.7204,0.5029,2.1714
89.7206,0.5229,2.2536
89.7208,0.5336,2.306
89.7210,0.4155,1.7964
89.7212,0.4152,1.7946
89.7214,0.4595,1.9839
89.7216,0.4819,2.0836
89.7218,0.4614,1.9941
89.7220,0.4538,1.9596
89.7222,0.4565,1.9728
89.7224,0.4519,1.9522
89.7226,0.4568,1.9698
89.7228,0.5292,2.2831
89.7230,0.5051,2.1822
89.7232,0.4661,2.0124
89.7234,0.4605,1.9877
89.7236,0.4619,1.9952
89.7238,0.4617,1.9947
89.7240,0.4608,1.9887
89.7242,0.4638,2.0016
89.7244,0.4622,1.9958
89.7246,0.5033,2.1704
89.7248,0.5072,2.189
89.7250,0.4625,1.9969
89.7252,0.455,1.9666
89.7254,0.4438,1.917
89.7256,0.4441,1.9186
89.7258,0.4439,1.9175
89.7260,0.4485,1.9368
89.7262,0.4511,1.945
89.7264,0.4975,2.1431
89.7266,0.5096,2.1983
89.7268,0.4517,1.9512
89.7270,0.4472,1.932
89.7272,0.45,1.943
89.7274,0.4448,1.9199
89.7276,0.4429,1.9116
89.7278,0.4458,1.924
89.7280,0.4463,1.9252
89.7282,0.4597,1.9831
89.7284,0.4524,1.9516
89.7286,0.4416,1.9059
89.7288,0.4473,1.9325
89.7290,0.4489,1.9384
89.7292,0.45,1.9421
89.7294,0.4446,1.9206
89.7296,0.4404,1.8999
89.7298,0.4882,2.1014
89.7300,0.5422,2.3358
89.7302,0.5882,2.5353
89.7304,0.5755,2.4805
89.7306,0.5457,2.3507
89.7308,0.5754,2.4765
89.7310,0.6385,2.7492
89.7312,0.6193,2.6642
89.7314,0.6045,2.6007
89.7316,0.6292,2.712
89.7318,0.5672,2.4437
89.7320,0.5689,2.4509
89.7322,0.5566,2.4
89.7324,0.5264,2.2686
89.7326,0.5548,2.39
89.7328,0.6069,2.6122
89.7330,0.6123,2.6306
89.7332,0.6912,2.975
89.7334,0.661,2.845
89.7336,0.6586,2.8294
89.7338,0.7429,3.1945
89.7340,0.726,3.1247
89.7342,0.6955,2.9894
89.7344,0.764,3.2837
89.7346,0.7642,3.2847
89.7348,0.7737,3.3239
89.7350,0.6999,3.0136
89.7352,0.5849,2.5208
89.7354,0.5535,2.3854
89.7356,0.5538,2.3836
89.7358,0.6441,2.7684
89.7360,0.7187,3.0875
89.7362,0.7696,3.3064
89.7364,0.8102,3.4821
89.7366,0.8037,3.4446
89.7368,0.875,3.7556
89.7370,0.7616,3.2734
89.7372,0.699,3.0142
89.7374,0.5832,2.5136
89.7376,0.5346,2.3032
89.7378,0.5648,2.4311
89.7380,0.6364,2.7367
89.7382,0.6952,2.9893
89.7384,0.7083,3.0497
89.7386,0.5431,2.3421
89.7388,0.5079,2.188
89.7390,0.546,2.3545
89.7392,0.5167,2.2257
89.7394,0.613,2.6324
89.7396,0.7391,3.1795
89.7398,0.7484,3.2182
89.7400,0.7085,3.0493
89.7402,0.6674,2.867
89.7404,0.7512,3.2301
89.7406,0.6987,3.0098
89.7408,0.6447,2.7696
89.7410,0.7919,3.3927
89.7412,0.8951,3.8362
89.7414,0.9487,4.0621
89.7416,0.9797,4.1951
89.7418,0.9725,4.1643
89.7420,0.9966,4.2735
89.7422,0.94,4.0402
89.7424,0.8518,3.6524
89.7426,0.9473,4.0546
89.7428,0.9772,4.1863
89.7430,0.9816,4.2112
89.7432,0.8796,3.777
89.7434,0.8254,3.5475
89.7436,0.7988,3.4331
89.7438,0.8029,3.4523
89.7440,0.7963,3.4175
89.7442,0.8412,3.6105
89.7444,0.8999,3.8622
89.7446,0.9063,3.8881
89.7448,0.8425,3.6179
89.7450,0.8355,3.5875
89.7452,0.8728,3.7459
89.7454,0.8922,3.8292
89.7456,0.8364,3.5883
89.7458,0.884,3.7978
89.7460,0.8518,3.6626
89.7462,0.811,3.4825
89.7464,0.7996,3.4335
89.7466,0.8142,3.5012
89.7468,0.8007,3.4446
89.7470,0.7726,3.3193
89.7472,0.7984,3.43
89.7474,0.854,3.669
89.7476,0.853,3.6644
89.7478,0.809,3.4721
89.7480,0.8182,3.5166
89.7482,0.7777,3.3471
89.7484,0.7398,3.1826
89.7486,0.7274,3.128
89.7488,0.7403,3.1876
89.7490,0.6825,2.9387
89.7492,0.6916,2.9724
89.7494,0.7533,3.2363
89.7496,0.773,3.3223
89.7498,0.7629,3.2821
89.7500,0.7889,3.3893
89.7502,0.8103,3.4826
89.7504,0.7899,3.3982
89.7506,0.7115,3.0608
89.7508,0.7142,3.0755
89.7510,0.7047,3.03
89.7512,0.7575,3.2559
89.7514,0.8068,3.4725
89.7516,0.7418,3.1898
89.7518,0.7313,3.1503
89.7520,0.6822,2.9377
89.7522,0.6731,2.8998
89.7524,0.6677,2.8739
89.7526,0.6997,3.0047
89.7528,0.8286,3.5615
89.7530,0.7461,3.2129
89.7532,0.6418,2.7676
89.7534,0.571,2.4609
89.7536,0.6449,2.7758
89.7538,0.6647,2.861
89.7540,0.6624,2.8525
89.7542,0.6669,2.8703
89.7544,0.6618,2.8499
89.7546,0.6565,2.8228
89.7548,0.7017,3.0199
89.7550,0.7036,3.0324
89.7552,0.6325,2.726
89.7554,0.6235,2.6847
89.7556,0.6306,2.7152
89.7558,0.6676,2.868
89.7560,0.7738,3.3244
89.7562,0.8039,3.4601
89.7564,0.68,2.9252
89.7566,0.6958,2.9919
89.7568,0.7556,3.2506
89.7570,0.7358,3.1744
89.7572,0.568,2.4502
89.7574,0.541,2.3327
89.7576,0.5454,2.353
89.7578,0.5509,2.3735
89.7580,0.6303,2.7141
89.7582,0.679,2.9251
89.7584,0.6387,2.7528
89.7586,0.6399,2.7567
89.7588,0.59,2.543
89.7590,0.5403,2.3307
89.7592,0.5361,2.3116
89.7594,0.6079,2.6164
89.7596,0.5946,2.565
89.7598,0.533,2.3002
89.7600,0.5271,2.2728
89.7602,0.5252,2.2656
89.7604,0.5223,2.2542
89.7606,0.5241,2.2609
89.7608,0.5264,2.2707
89.7610,0.5241,2.2609
89.7612,0.5253,2.265
89.7614,0.5254,2.2655
89.7616,0.5235,2.2573
89.7618,0.5565,2.3983
89.7620,0.6043,2.6069
89.7622,0.5373,2.3167
89.7624,0.5243,2.2619
89.7626,0.5373,2.3146
89.7628,0.5947,2.5608
89.7630,0.5822,2.5094
89.7632,0.6175,2.6589
89.7634,0.6618,2.8486
89.7636,0.6723,2.8922
89.7638,0.6545,2.8211
89.7640,0.6277,2.704
89.7642,0.6422,2.7627
89.7644,0.6457,2.7789
89.7646,0.6228,2.6816
89.7648,0.6567,2.8264
89.7650,0.671,2.8878
89.7652,0.6718,2.8914
89.7654,0.6873,2.9594
89.7656,0.6772,2.9133
89.7658,0.6927,2.9743
89.7660,0.7867,3.3795
89.7662,0.8072,3.4676
89.7664,0.806,3.4624
89.7666,0.8479,3.641
89.7668,0.8072,3.4741
89.7670,0.711,3.0588
89.7672,0.7452,3.2058
89.7674,0.6574,2.8335
89.7676,0.5701,2.4607
89.7678,0.4939,2.1306
89.7680,0.4812,2.0728
89.7682,0.5338,2.3049
89.7684,0.485,2.0923
89.7686,0.4783,2.0643
89.7688,0.4758,2.0553
89.7690,0.4738,2.0451
89.7692,0.4755,2.0486
89.7694,0.587,2.5242
89.7696,0.6517,2.8073
89.7698,0.5589,2.4109
89.7700,0.5149,2.2252
89.7702,0.4053,1.7507
89.7704,0.3857,1.6655
89.7706,0.3827,1.6503
89.7708,0.4222,1.8238
89.7710,0.3915,1.6912
89.7712,0.3821,1.6492
89.7714,0.3947,1.7036
89.7716,0.3909,1.6878
89.7718,0.4199,1.8131
89.7720,0.4421,1.9071
89.7722,0.4809,2.0708
89.7724,0.5249,2.2645
89.7726,0.4866,2.0971
89.7728,0.5571,2.3953
89.7730,0.6696,2.8808
89.7732,0.6591,2.8354
89.7734,0.6897,2.9642
89.7736,0.7172,3.0841
89.7738,0.7303,3.1374
89.7740,0.8055,3.4523
89.7742,0.9038,3.8665
89.7744,1.0325,4.4127
89.7746,1.1013,4.7091
89.7748,1.1273,4.8136
89.7750,1.1377,4.8695
89.7752,1.07,4.5838
89.7754,1.0361,4.4364
89.7756,1.0178,4.3563
89.7758,1.0674,4.5725
89.7760,1.0358,4.4271
89.7762,1.097,4.6906
89.7764,1.1093,4.7457
89.7766,1.1152,4.7708
89.7768,1.0799,4.6243
89.7770,1.0524,4.5104
89.7772,1.0171,4.3573
89.7774,1.0238,4.3799
89.7776,1.0508,4.5038
89.7778,0.9518,4.0831
89.7780,0.9307,3.9926
89.7782,0.9491,4.068
89.7784,0.9882,4.2395
89.7786,0.9829,4.2149
89.7788,0.9737,4.1772
89.7790,0.8856,3.7992
89.7792,0.9401,4.0276
89.7794,1.0097,4.3235
89.7796,1.0247,4.3958
89.7798,0.9918,4.2489
89.7800,1.0443,4.4781
89.7802,0.9724,4.1696
89.7804,0.928,3.9812
89.7806,0.922,3.9537
89.7808,0.9699,4.1569
89.7810,0.9978,4.2826
89.7812,0.8718,3.7487
89.7814,0.7888,3.3983
89.7816,0.7716,3.3162
89.7818,0.7794,3.3528
89.7820,0.7716,3.3208
89.7822,0.7731,3.3229
89.7824,0.7865,3.3837
89.7826,0.7937,3.4115
89.7828,0.8821,3.7825
89.7830,0.974,4.1821
89.7832,0.9328,4.0056
89.7834,0.9068,3.8975
89.7836,0.7831,3.3703
89.7838,0.71,3.0561
89.7840,0.7271,3.1293
89.7842,0.7228,3.118
89.7844,0.6165,2.6585
89.7846,0.614,2.6476
89.7848,0.6145,2.6509
89.7850,0.6237,2.687
89.7852,0.6517,2.8034
89.7854,0.724,3.1145
89.7856,0.6948,2.9961
89.7858,0.615,2.6493
89.7860,0.6206,2.676
89.7862,0.6055,2.6121
89.7864,0.5669,2.4444
89.7866,0.5635,2.4277
89.7868,0.5789,2.4996
89.7870,0.5183,2.2381
89.7872,0.4629,2.0017
89.7874,0.4253,1.8364
89.7876,0.4321,1.8685
89.7878,0.4381,1.8935
89.7880,0.4568,1.9735
89.7882,0.4627,1.9988
89.7884,0.4473,1.9334
89.7886,0.4412,1.9061
89.7888,0.4494,1.9395
89.7890,0.4515,1.9489
89.7892,0.4527,1.9549
89.7894,0.5194,2.2428
89.7896,0.4655,2.0089
89.7898,0.4483,1.9367
89.7900,0.4496,1.9433
89.7902,0.449,1.9389
89.7904,0.4565,1.9692
89.7906,0.4613,1.9926
89.7908,0.4493,1.9381
89.7910,0.4989,2.1523
89.7912,0.5036,2.1765
89.7914,0.452,1.9518
89.7916,0.4382,1.8932
89.7918,0.4442,1.92
89.7920,0.4452,1.9223
89.7922,0.4366,1.8851
89.7924,0.4361,1.8812
89.7926,0.4848,2.0893
89.7928,0.5573,2.4019
89.7930,0.5402,2.3324
89.7932,0.4729,2.04
89.7934,0.471,2.0289
89.7936,0.5385,2.3208
89.7938,0.6012,2.5911
89.7940,0.5832,2.5136
89.7942,0.5771,2.4861
89.7944,0.5768,2.4816
89.7946,0.6574,2.8269
89.7948,0.6523,2.8099
89.7950,0.5867,2.5274
89.7952,0.6087,2.6224
89.7954,0.6254,2.693
89.7956,0.5706,2.4593
89.7958,0.5529,2.3806
89.7960,0.5672,2.4437
89.7962,0.5747,2.4769
89.7964,0.6078,2.6159
89.7966,0.6621,2.8496
89.7968,0.7124,3.0621
89.7970,0.7452,3.2043
89.7972,0.6827,2.9384
89.7974,0.6196,2.667
89.7976,0.6701,2.8829
89.7978,0.6598,2.8398
89.7980,0.6393,2.7567
89.7982,0.5777,2.4898
89.7984,0.5556,2.3936
89.7986,0.5372,2.3141
89.7988,0.5711,2.4614
89.7990,0.6373,2.7377
89.7992,0.7406,3.1802
89.7994,0.7668,3.294
89.7996,0.7821,3.3646
89.7998,0.7471,3.214
89.8000,0.7042,3.0251
89.8002,0.7365,3.1686
89.8004,0.6624,2.8512
89.8006,0.6477,2.7877
89.8008,0.6628,2.8514
89.8010,0.6626,2.8504
89.8012,0.6092,2.6257
89.8014,0.6184,2.6643
89.8016,0.5965,2.5697
89.8018,0.5698,2.4546
89.8020,0.4989,2.1523
89.8022,0.4762,2.0555
89.8024,0.4712,2.0318
89.8026,0.4952,2.1323
89.8028,0.5874,2.5293
89.8030,0.5828,2.5144
89.8032,0.5174,2.235
89.8034,0.4078,1.7608
89.8036,0.3892,1.6813
89.8038,0.3908,1.6881
89.8040,0.39,1.6842
89.8042,0.3879,1.6741
89.8044,0.388,1.6746
89.8046,0.388,1.6746
89.8048,0.445,1.9213
89.8050,0.4216,1.8212
89.8052,0.4387,1.8926
89.8054,0.4872,2.0996
89.8056,0.5284,2.2742
89.8058,0.5457,2.3518
89.8060,0.5482,2.3605
89.8062,0.588,2.5284
89.8064,0.6988,3.0047
89.8066,0.7126,3.064
89.8068,0.7122,3.0596
89.8070,0.755,3.2481
89.8072,0.7171,3.0836
89.8074,0.7095,3.0435
89.8076,0.7953,3.4118
89.8078,0.8515,3.6531
89.8080,0.8904,3.8162
89.8082,0.9037,3.8732
89.8084,0.9485,4.0635
89.8086,0.9779,4.1854
89.8088,0.9958,4.2659
89.8090,0.9633,4.1248
89.8092,0.9918,4.247
89.8094,1.0016,4.2991
89.8096,0.9025,3.8717
89.8098,0.9543,4.0882
89.8100,0.9369,4.0193
89.8102,0.924,3.9675
89.8104,0.8388,3.6036
89.8106,0.8069,3.4633
89.8108,0.8241,3.5353
89.8110,0.8268,3.5504
89.8112,0.8068,3.4661
89.8114,0.8036,3.4554
89.8116,0.8006,3.4393
89.8118,0.7937,3.4115
89.8120,0.7476,3.2116
89.8122,0.7782,3.3445
89.8124,0.7856,3.3749
89.8126,0.7941,3.4099
89.8128,0.8545,3.6676
89.8130,0.941,4.033
89.8132,0.9404,4.0361
89.8134,0.8624,3.7051
89.8136,0.8811,3.7819
89.8138,0.8984,3.8506
89.8140,0.9327,3.9976
89.8142,0.9092,3.9078
89.8144,0.8593,3.6917
89.8146,0.8665,3.7191
89.8148,0.8901,3.8223
89.8150,0.8603,3.6958
89.8152,0.8362,3.5923
89.8154,0.7889,3.3893
89.8156,0.7802,3.3533
89.8158,0.7714,3.3172
89.8160,0.7936,3.411
89.8162,0.8301,3.5627
89.8164,0.8337,3.5864
89.8166,0.7653,3.2924
89.8168,0.8013,3.4376
89.8170,0.876,3.7615
89.8172,0.8278,3.5529
89.8174,0.8329,3.5767
89.8176,0.881,3.7849
89.8178,0.8616,3.6963
89.8180,0.9423,4.0349
89.8182,1.0058,4.3131
89.8184,0.9576,4.1102
89.8186,0.868,3.7322
89.8188,0.7723,3.3239
89.8190,0.7838,3.3703
89.8192,0.788,3.382
89.8194,0.8455,3.6324
89.8196,0.8362,3.6006
89.8198,0.6941,2.9888
89.8200,0.6217,2.6795
89.8202,0.5566,2.3988
89.8204,0.5599,2.4167
89.8206,0.5617,2.4222
89.8208,0.576,2.4837
89.8210,0.571,2.4654
89.8212,0.4994,2.1573
89.8214,0.4786,2.0658
89.8216,0.4776,2.0602
89.8218,0.5206,2.2459
89.8220,0.5314,2.2925
89.8222,0.5289,2.2805
89.8224,0.525,2.2661
89.8226,0.5503,2.372
89.8228,0.6596,2.8335
89.8230,0.7714,3.3187
89.8232,0.6861,2.9597
89.8234,0.5472,2.3596
89.8236,0.5373,2.3167
89.8238,0.536,2.3132
89.8240,0.5343,2.3049
89.8242,0.5748,2.4774
89.8244,0.5405,2.3318
89.8246,0.534,2.3038
89.8248,0.5385,2.3219
89.8250,0.5357,2.31
89.8252,0.5418,2.3342
89.8254,0.5899,2.5425
89.8256,0.5556,2.3958
89.8258,0.5476,2.3579
89.8260,0.6651,2.8599
89.8262,0.6566,2.8325
89.8264,0.5458,2.3534
89.8266,0.537,2.3146
89.8268,0.5342,2.3033
89.8270,0.532,2.295
89.8272,0.5226,2.2547
89.8274,0.5137,2.2159
89.8276,0.5128,2.2133
89.8278,0.5206,2.2469
89.8280,0.5242,2.2583
89.8282,0.5669,2.4422
89.8284,0.5289,2.2805
89.8286,0.5133,2.2113
89.8288,0.5368,2.3157
89.8290,0.5373,2.3199
89.8292,0.5328,2.2976
89.8294,0.5224,2.2516
89.8296,0.5101,2.2014
89.8298,0.5337,2.298
89.8300,0.6248,2.6879
89.8302,0.71,3.0546
89.8304,0.6527,2.8094
89.8306,0.6349,2.7312
89.8308,0.6357,2.7374
89.8310,0.6309,2.718
89.8312,0.6207,2.6741
89.8314,0.6225,2.6781
89.8316,0.6225,2.6806
89.8318,0.6278,2.702
89.8320,0.6398,2.7524
89.8322,0.6923,2.9728
89.8324,0.7537,3.2439
89.8326,0.6836,2.942
89.8328,0.7248,3.1137
89.8330,0.7899,3.3918
89.8332,0.7636,3.2867
89.8334,0.6682,2.8706
89.8336,0.7674,3.2966
89.8338,0.8039,3.4537
89.8340,0.7999,3.4394
89.8342,0.7844,3.3682
89.8344,0.8178,3.5134
89.8346,0.7844,3.3697
89.8348,0.8091,3.4726
89.8350,0.8241,3.5353
89.8352,0.8253,3.5421
89.8354,0.8725,3.7379
89.8356,0.9885,4.2425
89.8358,0.9046,3.8882
89.8360,0.777,3.3362
89.8362,0.7356,3.1616
89.8364,0.7158,3.0808
89.8366,0.6849,2.9449
89.8368,0.7266,3.1316
89.8370,0.5666,2.4468
89.8372,0.4632,1.9981
89.8374,0.4994,2.1543
89.8376,0.5906,2.5456
89.8378,0.6334,2.7263
89.8380,0.6363,2.7361
89.8382,0.6942,2.9865
89.8384,0.6754,2.9056
89.8386,0.6842,2.9501
89.8388,0.5454,2.3508
89.8390,0.539,2.325
89.8392,0.5334,2.3002
89.8394,0.5857,2.5197
89.8396,0.702,3.0145
89.8398,0.7677,3.2981
89.8400,0.785,3.3692
89.8402,0.794,3.4125
89.8404,0.794,3.4109
89.8406,0.7867,3.3811
89.8408,0.7887,3.3883
89.8410,0.8015,3.4434
89.8412,0.8301,3.561
89.8414,0.8488,3.6429
89.8416,0.8351,3.5876
89.8418,0.8187,3.5121
89.8420,0.8764,3.7631
89.8422,0.8357,3.5935
89.8424,0.8433,3.621
89.8426,0.9092,3.8932
89.8428,0.9808,4.2036
89.8430,1.0355,4.4297
89.8432,1.0773,4.6066
89.8434,1.1313,4.8395
89.8436,1.1338,4.8571
89.8438,1.0828,4.6388
89.8440,1.0385,4.4529
89.8442,0.9713,4.1689
89.8444,0.8955,3.8454
89.8446,0.8698,3.7347
89.8448,0.8346,3.5856
89.8450,0.8194,3.5234
89.8452,0.8316,3.5727
89.8454,0.8344,3.5845
89.8456,0.8687,3.7301
89.8458,0.9006,3.8707
89.8460,0.8116,3.485
89.8462,0.8399,3.6099
89.8464,0.8448,3.6293
89.8466,0.8496,3.6516
89.8468,0.7982,3.4338
89.8470,0.7153,3.0816
89.8472,0.7084,3.0474
89.8474,0.7893,3.3924
89.8476,0.7951,3.4172
89.8478,0.7212,3.1055
89.8480,0.6909,2.9735
89.8482,0.7236,3.1158
89.8484,0.7338,3.1612
89.8486,0.684,2.9441
89.8488,0.7267,3.1307
89.8490,0.6845,2.953
89.8492,0.5501,2.372
89.8494,0.5789,2.4927
89.8496,0.6517,2.8073
89.8498,0.6792,2.9234
89.8500,0.7316,3.1446
89.8502,0.7818,3.3647
89.8504,0.7098,3.0621
89.8506,0.6196,2.6694
89.8508,0.6833,2.9396
89.8510,0.6946,2.9895
89.8512,0.7102,3.0608
89.8514,0.6898,2.9688
89.8516,0.7296,3.1373
89.8518,0.7365,3.1716
89.8520,0.7048,3.0333
89.8522,0.7272,3.1269
89.8524,0.759,3.2651
89.8526,0.6933,2.9894
89.8528,0.5808,2.5056
89.8530,0.5742,2.4771
89.8532,0.5613,2.419
89.8534,0.5949,2.5654
89.8536,0.5999,2.5866
89.8538,0.5988,2.5808
89.8540,0.6001,2.584
89.8542,0.6224,2.6826
89.8544,0.6138,2.6453
89.8546,0.6025,2.598
89.8548,0.5852,2.5247
89.8550,0.5396,2.3298
89.8552,0.5101,2.2014
89.8554,0.5267,2.2702
89.8556,0.5656,2.4399
89.8558,0.589,2.5384
89.8560,0.6272,2.707
89.8562,0.5054,2.1822
89.8564,0.4626,1.9983
89.8566,0.4614,1.9931
89.8568,0.4635,2.0015
89.8570,0.4599,1.9842
89.8572,0.4954,2.1353
89.8574,0.5397,2.3281
89.8576,0.5696,2.4518
89.8578,0.69,2.9726
89.8580,0.6078,2.6244
89.8582,0.4668,2.0155
89.8584,0.4572,1.975
89.8586,0.4586,1.9803
89.8588,0.5225,2.25
89.8590,0.5898,2.5432
89.8592,0.556,2.3963
89.8594,0.5717,2.4651
89.8596,0.5583,2.405
89.8598,0.5771,2.4918
89.8600,0.4722,2.0388
89.8602,0.4664,2.0102
89.8604,0.5021,2.1683
89.8606,0.4538,1.9605
89.8608,0.4499,1.9425
89.8610,0.4461,1.9247
89.8612,0.4451,1.9209
89.8614,0.447,1.9301
89.8616,0.4482,1.9371
89.8618,0.4488,1.9379
89.8620,0.445,1.9195
89.8622,0.4415,1.9063
89.8624,0.4451,1.9218
89.8626,0.4461,1.9238
89.8628,0.4494,1.9369
89.8630,0.477,2.0567
89.8632,0.5162,2.2247
89.8634,0.5639,2.4281
89.8636,0.6144,2.643
89.8638,0.6559,2.8215
89.8640,0.6943,2.9843
89.8642,0.7039,3.0311
89.8644,0.5764,2.4841
89.8646,0.5555,2.3931
89.8648,0.5565,2.3994
89.8650,0.5553,2.3932
89.8652,0.5571,2.4009
89.8654,0.5812,2.5025
89.8656,0.6905,2.9678
89.8658,0.7502,3.2229
89.8660,0.7302,3.1384
89.8662,0.7116,3.0585
89.8664,0.6861,2.9542
89.8666,0.5973,2.5722
89.8668,0.5977,2.5737
89.8670,0.5797,2.4986
89.8672,0.577,2.4855
89.8674,0.5803,2.4977
89.8676,0.5834,2.5134
89.8678,0.5699,2.4539
89.8680,0.5716,2.4634
89.8682,0.5705,2.4577
89.8684,0.5706,2.4547
89.8686,0.6055,2.6085
89.8688,0.5916,2.5509
89.8690,0.6265,2.6914
89.8692,0.6977,3.0015
89.8694,0.5967,2.572
89.8696,0.5514,2.3744
89.8698,0.5442,2.35
89.8700,0.4267,1.8435
89.8702,0.3908,1.6873
89.8704,0.4406,1.9027
89.8706,0.4151,1.794
89.8708,0.4014,1.7326
89.8710,0.4071,1.7577
89.8712,0.3711,1.6024
89.8714,0.3934,1.6987
89.8716,0.4153,1.7918
89.8718,0.4248,1.8326
89.8720,0.4579,1.9745
89.8722,0.5188,2.2361
89.8724,0.5151,2.218
89.8726,0.6003,2.5839
89.8728,0.6475,2.7867
89.8730,0.6529,2.8047
89.8732,0.7071,3.0361
89.8734,0.7554,3.2436
89.8736,0.7617,3.2693
89.8738,0.8604,3.6911
89.8740,0.9073,3.8904
89.8742,0.9604,4.1105
89.8744,1.0057,4.3005
89.8746,0.9879,4.228
89.8748,0.9912,4.2444
89.8750,0.9847,4.2167
89.8752,0.9894,4.2406
89.8754,0.9787,4.1949
89.8756,0.924,3.9564
89.8758,0.9602,4.1057
89.8760,1.0422,4.4626
89.8762,1.0279,4.3994
89.8764,1.0257,4.3943
89.8766,0.9563,4.0969
89.8768,0.9618,4.1244
89.8770,0.9907,4.2404
89.8772,1.0486,4.4819
89.8774,1.1231,4.8069
89.8776,1.0183,4.3604
89.8778,0.984,4.2175
89.8780,0.9893,4.2401
89.8782,0.9868,4.2293
89.8784,0.9632,4.132
89.8786,0.8489,3.6502
89.8788,0.8018,3.4444
89.8790,0.8532,3.6603
89.8792,0.8481,3.6382
89.8794,0.8355,3.5875
89.8796,0.8639,3.713
89.8798,0.8234,3.5355
89.8800,0.8085,3.4781
89.8802,0.7638,3.2796
89.8804,0.837,3.5925
89.8806,0.8549,3.6709
89.8808,0.8165,3.5094
89.8810,0.7909,3.4007
89.8812,0.7676,3.3007
89.8814,0.7801,3.3559
89.8816,0.7214,3.1007
89.8818,0.7453,3.2048
89.8820,0.7517,3.2321
89.8822,0.7743,3.328
89.8824,0.7835,3.3661
89.8826,0.7803,3.3569
89.8828,0.8228,3.5346
89.8830,0.8459,3.634
89.8832,0.8162,3.5062
89.8834,0.8298,3.5649
89.8836,0.823,3.5339
89.8838,0.7975,3.4259
89.8840,0.7771,3.3445
89.8842,0.6989,3.0095
89.8844,0.6821,2.9358
89.8846,0.6752,2.9045
89.8848,0.7318,3.1509
89.8850,0.7041,3.0288
89.8852,0.6987,3
89.8854,0.8102,3.487
89.8856,0.7254,3.1265
89.8858,0.6732,2.903
89.8860,0.6073,2.6174
89.8862,0.611,2.6322
89.8864,0.6395,2.7577
89.8866,0.5464,2.356
89.8868,0.4996,2.1574
89.8870,0.518,2.2335
89.8872,0.5535,2.3865
89.8874,0.5495,2.3706
89.8876,0.5446,2.3504
89.8878,0.529,2.2821
89.8880,0.5292,2.2831
89.8882,0.5324,2.2966
89.8884,0.5338,2.3017
89.8886,0.5798,2.4945
89.8888,0.6828,2.9416
89.8890,0.6346,2.7378
89.8892,0.5569,2.4015
89.8894,0.5357,2.31
89.8896,0.535,2.308
89.8898,0.5296,2.2815
89.8900,0.5337,2.3012
89.8902,0.5635,2.4277
89.8904,0.5431,2.3399
89.8906,0.5626,2.4281
89.8908,0.5195,2.2412
89.8910,0.5212,2.2485
89.8912,0.5515,2.3793
89.8914,0.5363,2.3115
89.8916,0.5363,2.3115
89.8918,0.517,2.2283
89.8920,0.5995,2.5779
89.8922,0.7089,3.0481
89.8924,0.7073,3.0456
89.8926,0.6493,2.7983
89.8928,0.631,2.716
89.8930,0.6569,2.8274
89.8932,0.6664,2.8669
89.8934,0.666,2.8627
89.8936,0.7283,3.1301
89.8938,0.7636,3.2791
89.8940,0.791,3.4028
89.8942,0.7394,3.1795
89.8944,0.7399,3.1846
89.8946,0.6813,2.9336
89.8948,0.6226,2.6811
89.8950,0.6407,2.7552
89.8952,0.7243,3.1131
89.8954,0.7483,3.2147
89.8956,0.7616,3.2764
89.8958,0.7349,3.1599
89.8960,0.6839,2.9449
89.8962,0.7041,3.0303
89.8964,0.7659,3.2965
89.8966,0.726,3.1218
89.8968,0.6849,2.9463
89.8970,0.6593,2.8391
89.8972,0.6568,2.8296
89.8974,0.6593,2.8378
89.8976,0.6647,2.8623
89.8978,0.6893,2.9668
89.8980,0.7353,3.1576
89.8982,0.8014,3.4445
89.8984,0.7669,3.2976
89.8986,0.7561,3.2467
89.8988,0.8151,3.5016
89.8990,0.831,3.5684
89.8992,0.8193,3.5196
89.8994,0.7861,3.3785
89.8996,0.7796,3.3491
89.8998,0.7913,3.3949
89.9000,0.8748,3.7494
89.9002,0.8913,3.8328
89.9004,0.7244,3.1209
89.9006,0.6785,2.919
89.9008,0.6796,2.925
89.9010,0.6241,2.6923
89.9012,0.5843,2.5171
89.9014,0.5554,2.3959
89.9016,0.488,2.1052
89.9018,0.527,2.2691
89.9020,0.5796,2.4969
89.9022,0.5678,2.4508
89.9024,0.4427,1.9132
89.9026,0.4012,1.7339
89.9028,0.3987,1.7222
89.9030,0.3982,1.7202
89.9032,0.4008,1.7316
89.9034,0.4165,1.7986
89.9036,0.4336,1.8712
89.9038,0.4779,2.0618
89.9040,0.4981,2.1516
89.9042,0.4246,1.8341
89.9044,0.4114,1.7755
89.9046,0.4439,1.9149
89.9048,0.4874,2.1016
89.9050,0.5408,2.3306
89.9052,0.5646,2.4335
89.9054,0.5764,2.4784
89.9056,0.6586,2.8347
89.9058,0.6732,2.8963
89.9060,0.7089,3.0466
89.9062,0.7592,3.2585
89.9064,0.8069,3.4666
89.9066,0.791,3.3981
89.9068,0.8314,3.57
89.9070,0.8412,3.6105
89.9072,0.8844,3.7887
89.9074,0.8977,3.8565
89.9076,0.834,3.583
89.9078,0.865,3.709
89.9080,0.9134,3.9185
89.9082,0.9117,3.9095
89.9084,0.9556,4.0919
89.9086,0.9911,4.2439
89.9088,1.0129,4.3393
89.9090,1.0358,4.4374
89.9092,1.0046,4.3079
89.9094,0.9939,4.2537
89.9096,1.0912,4.6748
89.9098,1.0494,4.4913
89.9100,1.0128,4.3409
89.9102,0.9393,4.0258
89.9104,0.9543,4.0939
89.9106,0.896,3.8475
89.9108,0.8718,3.7435
89.9110,0.8793,3.7759
89.9112,0.8305,3.5664
89.9114,0.8296,3.5623
89.9116,0.863,3.7059
89.9118,0.8597,3.6915
89.9120,0.8371,3.598
89.9122,0.8965,3.8495
89.9124,0.9274,3.9787
89.9126,0.9495,4.0714
89.9128,0.9488,4.0683
89.9130,0.9481,4.0671
89.9132,0.9801,4.2025
89.9134,0.9775,4.1956
89.9136,0.9208,3.9541
89.9138,0.9737,4.1792
89.9140,0.9219,3.955
89.9142,0.8912,3.8269
89.9144,0.9088,3.8971
89.9146,0.9769,4.1911
89.9148,0.908,3.9008
89.9150,0.8485,3.6504
89.9152,0.8326,3.5818
89.9154,0.7844,3.3744
89.9156,0.763,3.2841
89.9158,0.744,3.2006
89.9160,0.7712,3.3192
89.9162,0.7226,3.1088
89.9164,0.6994,3.0101
89.9166,0.7003,3.0143
89.9168,0.726,3.1276
89.9170,0.7482,3.2172
89.9172,0.7689,3.3079
89.9174,0.7461,3.2114
89.9176,0.753,3.2408
89.9178,0.6894,2.9701
89.9180,0.6963,3.0023
89.9182,0.6325,2.7285
89.9184,0.6259,2.6963
89.9186,0.6455,2.7887
89.9188,0.5139,2.22
89.9190,0.4955,2.1388
89.9192,0.5069,2.189
89.9194,0.4734,2.0468
89.9196,0.4252,1.8367
89.9198,0.4722,2.0388
89.9200,0.5013,2.1636
89.9202,0.5411,2.3354
89.9204,0.5584,2.4055
89.9206,0.6216,2.6802
89.9208,0.581,2.5066
89.9210,0.5644,2.4336
89.9212,0.5556,2.398
89.9214,0.4881,2.1087
89.9216,0.4489,1.9411
89.9218,0.4463,1.9288
89.9220,0.4494,1.9422
89.9222,0.4543,1.9608
89.9224,0.4585,1.9798
89.9226,0.449,1.9389
89.9228,0.4481,1.9348
89.9230,0.4802,2.0706
89.9232,0.4927,2.1273
89.9234,0.4543,1.9635
89.9236,0.45,1.943
89.9238,0.4511,1.9486
89.9240,0.4505,1.946
89.9242,0.4931,2.1265
89.9244,0.5178,2.234
89.9246,0.4613,1.9917
89.9248,0.4541,1.9606
89.9250,0.4685,2.02
89.9252,0.5367,2.312
89.9254,0.5479,2.3627
89.9256,0.5321,2.2966
89.9258,0.4772,2.0615
89.9260,0.4472,1.9293
89.9262,0.452,1.9518
89.9264,0.4603,1.9866
89.9266,0.4579,1.9763
89.9268,0.455,1.963
89.9270,0.4587,1.9808
89.9272,0.4653,2.0084
89.9274,0.4665,2.0126
89.9276,0.4555,1.9659
89.9278,0.4563,1.9696
89.9280,0.4493,1.939
89.9282,0.4436,1.9129
89.9284,0.4421,1.9071
89.9286,0.437,1.8871
89.9288,0.4441,1.9168
89.9290,0.443,1.9104
89.9292,0.4792,2.0674
89.9294,0.5272,2.2733
89.9296,0.5856,2.5192
89.9298,0.6449,2.7771
89.9300,0.6125,2.6335
89.9302,0.6569,2.8274
89.9304,0.6047,2.6037
89.9306,0.5615,2.42
89.9308,0.6043,2.6033
89.9310,0.5987,2.579
89.9312,0.5713,2.459
89.9314,0.5904,2.5446
89.9316,0.5869,2.5249
89.9318,0.7015,3.0138
89.9320,0.7343,3.1544
89.9322,0.6762,2.9105
89.9324,0.6518,2.8039
89.9326,0.7244,3.1107
89.9328,0.7688,3.3043
89.9330,0.7681,3.3028
89.9332,0.6965,2.9936
89.9334,0.68,2.9279
89.9336,0.6325,2.7209
89.9338,0.6783,2.9166
89.9340,0.6378,2.7436
89.9342,0.6448,2.7753
89.9344,0.6485,2.7913
89.9346,0.5948,2.5613
89.9348,0.5796,2.4946
89.9350,0.6627,2.8509
89.9352,0.6664,2.8709
89.9354,0.6477,2.7916
89.9356,0.5952,2.5629
89.9358,0.5927,2.5556
89.9360,0.5449,2.3487
89.9362,0.5671,2.4421
89.9364,0.5961,2.5694
89.9366,0.4706,2.0302
89.9368,0.4173,1.8
89.9370,0.4242,1.8309
89.9372,0.4282,1.8454
89.9374,0.5121,2.2071
89.9376,0.5409,2.3322
89.9378,0.4975,2.1431
89.9380,0.5035,2.1679
89.9382,0.6119,2.6273
89.9384,0.7226,3.1102
89.9386,0.6337,2.7273
89.9388,0.6502,2.7959
89.9390,0.7255,3.1139
89.9392,0.7225,3.1054
89.9394,0.765,3.2832
89.9396,0.827,3.5493
89.9398,0.8255,3.5398
89.9400,0.9084,3.8933
89.9402,0.8933,3.8303
89.9404,0.8865,3.8033
89.9406,0.9051,3.8812
89.9408,0.9536,4.0851
89.9410,0.9436,4.0462
89.9412,0.894,3.8298
89.9414,0.8851,3.7936
89.9416,0.9262,3.9717
89.9418,0.95,4.0735
89.9420,0.9665,4.1367
89.9422,1.0465,4.4748
89.9424,1.0843,4.6406
89.9426,1.0781,4.6123
89.9428,1.0784,4.609
89.9430,1.0483,4.4972
89.9432,0.8747,3.7558
89.9434,0.8558,3.6767
89.9436,0.8527,3.6616
89.9438,0.8718,3.7417
89.9440,0.8292,3.5657
89.9442,0.7644,3.2868
89.9444,0.724,3.1116
89.9446,0.765,3.2878
89.9448,0.8038,3.45
89.9450,0.8478,3.6456
89.9452,0.809,3.4737
89.9454,0.8256,3.5486
89.9456,0.7825,3.3646
89.9458,0.8093,3.4753
89.9460,0.8196,3.5228
89.9462,0.7767,3.3399
89.9464,0.7937,3.4099
89.9466,0.824,3.5414
89.9468,0.7362,3.1671
89.9470,0.7658,3.2945
89.9472,0.7767,3.3383
89.9474,0.7585,3.2645
89.9476,0.6889,2.9625
89.9478,0.7262,3.1214
89.9480,0.7561,3.2527
89.9482,0.7464,3.2079
89.9484,0.7978,3.4274
89.9486,0.8347,3.5827
89.9488,0.803,3.4512
89.9490,0.7458,3.2098
89.9492,0.6836,2.9406
89.9494,0.6915,2.9747
89.9496,0.7265,3.1209
89.9498,0.8194,3.5283
89.9500,0.7258,3.1208
89.9502,0.7806,3.3564
89.9504,0.7762,3.3378
89.9506,0.802,3.4422
89.9508,0.8214,3.5305
89.9510,0.7309,3.1458
89.9512,0.679,2.9265
89.9514,0.6901,2.969
89.9516,0.7449,3.2032
89.9518,0.7172,3.0913
89.9520,0.5987,2.5826
89.9522,0.5641,2.4314
89.9524,0.5746,2.4764
89.9526,0.589,2.5372
89.9528,0.5905,2.5451
89.9530,0.6372,2.7436
89.9532,0.6919,2.9795
89.9534,0.6523,2.8099
89.9536,0.6508,2.8024
89.9538,0.6509,2.8029
89.9540,0.6285,2.7026
89.9542,0.6904,2.9742
89.9544,0.6495,2.7993
89.9546,0.6531,2.807
89.9548,0.7676,3.3007
89.9550,0.7045,3.0351
89.9552,0.649,2.7921
89.9554,0.709,3.0486
89.9556,0.7477,3.2151
89.9558,0.7377,3.1723
89.9560,0.7002,3.0123
89.9562,0.6601,2.8475
89.9564,0.564,2.4343
89.9566,0.5596,2.4118
89.9568,0.57,2.4556
89.9570,0.567,2.4438
89.9572,0.5541,2.3858
89.9574,0.6132,2.6403
89.9576,0.6338,2.7291
89.9578,0.5969,2.5737
89.9580,0.6502,2.7972
89.9582,0.7124,3.0707
89.9584,0.5879,2.5349
89.9586,0.5507,2.3735
89.9588,0.6057,2.6095
89.9590,0.6108,2.63
89.9592,0.6204,2.6713
89.9594,0.6309,2.7192
89.9596,0.6383,2.7513
89.9598,0.5577,2.4035
89.9600,0.5361,2.3126
89.9602,0.5308,2.2888
89.9604,0.5322,2.2929
89.9606,0.5324,2.2945
89.9608,0.5559,2.3946
89.9610,0.5927,2.5568
89.9612,0.5485,2.362
89.9614,0.6867,2.9541
89.9616,0.6568,2.8309
89.9618,0.6321,2.7206
89.9620,0.6467,2.7823
89.9622,0.6796,2.9236
89.9624,0.732,3.1446
89.9626,0.7565,3.2482
89.9628,0.7702,3.3151
89.9630,0.6784,2.9212
89.9632,0.6572,2.8272
89.9634,0.6615,2.8457
89.9636,0.6648,2.8615
89.9638,0.719,3.0904
89.9640,0.7322,3.1486
89.9642,0.6824,2.9382
89.9644,0.6285,2.7039
89.9646,0.681,2.9312
89.9648,0.6183,2.6625
89.9650,0.6445,2.7712
89.9652,0.7222,3.1038
89.9654,0.7441,3.1982
89.9656,0.6916,2.9738
89.9658,0.6766,2.9107
89.9660,0.6488,2.7949
89.9662,0.6424,2.7676
89.9664,0.6605,2.8442
89.9666,0.6821,2.9344
89.9668,0.7331,3.1522
89.9670,0.7148,3.0738
89.9672,0.6828,2.9389
89.9674,0.6122,2.6386
89.9676,0.6234,2.6842
89.9678,0.6241,2.6898
89.9680,0.5361,2.3169
89.9682,0.426,1.842
89.9684,0.3876,1.6746
89.9686,0.3887,1.6793
89.9688,0.3842,1.6588
89.9690,0.3791,1.6378
89.9692,0.3834,1.658
89.9694,0.3908,1.6904
89.9696,0.3962,1.7098
89.9698,0.4065,1.7551
89.9700,0.3742,1.6181
89.9702,0.3875,1.6741
89.9704,0.4087,1.7641
89.9706,0.4063,1.7546
89.9708,0.4397,1.8959
89.9710,0.5351,2.3074
89.9712,0.5496,2.3656
89.9714,0.6357,2.7386
89.9716,0.6383,2.7475
89.9718,0.6383,2.7462
89.9720,0.6567,2.8198
89.9722,0.7555,3.2411
89.9724,0.7874,3.381
89.9726,0.8283,3.5549
89.9728,0.8883,3.8039
89.9730,1.0156,4.3466
89.9732,1.0205,4.3697
89.9734,0.9811,4.2052
89.9736,0.9675,4.1408
89.9738,0.9843,4.2146
89.9740,1.0038,4.2983
89.9742,1.0242,4.3897
89.9744,0.9934,4.2576
89.9746,1.0355,4.4256
89.9748,1.1543,4.938
89.9750,1.1301,4.8344
89.9752,1.1478,4.9057
89.9754,1.1012,4.713
89.9756,1.0575,4.5241
89.9758,1.132,4.8426
89.9760,1.0971,4.7021
89.9762,0.9936,4.2586
89.9764,0.9602,4.1172
89.9766,1.0244,4.3866
89.9768,1.1028,4.7158
89.9770,1.0988,4.7115
89.9772,0.9741,4.1788
89.9774,1.0347,4.437
89.9776,1.044,4.4724
89.9778,1.0405,4.4533
89.9780,1.0297,4.4195
89.9782,0.9144,3.9244
89.9784,0.884,3.7995
89.9786,0.8195,3.5239
89.9788,0.8562,3.6766
89.9790,0.8335,3.5843
89.9792,0.8111,3.4895
89.9794,0.7977,3.4317
89.9796,0.7216,3.1042
89.9798,0.7025,3.0264
89.9800,0.7071,3.0417
89.9802,0.7662,3.2945
89.9804,0.8048,3.4621
89.9806,0.7333,3.1547
89.9808,0.7446,3.2032
89.9810,0.719,3.089
89.9812,0.8066,3.4666
89.9814,0.7725,3.3218
89.9816,0.7947,3.4188
89.9818,0.7594,3.2717
89.9820,0.6971,3.0017
89.9822,0.722,3.1062
89.9824,0.7051,3.0335
89.9826,0.7779,3.3419
89.9828,0.7949,3.4198
89.9830,0.7713,3.3182
89.9832,0.7659,3.2965
89.9834,0.7699,3.3136
89.9836,0.6768,2.9172
89.9838,0.6205,2.6768
89.9840,0.6093,2.6262
89.9842,0.5797,2.4986
89.9844,0.6512,2.8066
89.9846,0.6405,2.7606
89.9848,0.6567,2.8277
89.9850,0.62,2.6759
89.9852,0.5099,2.2029
89.9854,0.4861,2.1028
89.9856,0.4354,1.879
89.9858,0.4539,1.9601
89.9860,0.4501,1.9436
89.9862,0.5042,2.176
89.9864,0.48,2.0706
89.9866,0.4698,2.0285
89.9868,0.4617,1.9965
89.9870,0.4597,1.9868
89.9872,0.4577,1.9753
89.9874,0.4632,1.9991
89.9876,0.4852,2.0943
89.9878,0.5369,2.3162
89.9880,0.5005,2.161
89.9882,0.4574,1.9751
89.9884,0.4496,1.9442
89.9886,0.4671,2.0171
89.9888,0.5186,2.2361
89.9890,0.5337,2.3055
89.9892,0.456,1.9662
89.9894,0.487,2.104
89.9896,0.4362,1.8818
89.9898,0.4435,1.9151
89.9900,0.4589,1.9823
89.9902,0.4611,1.9893
89.9904,0.4455,1.9248
89.9906,0.431,1.8621
89.9908,0.4304,1.8578
89.9910,0.4538,1.9578
89.9912,0.5153,2.2201
89.9914,0.5202,2.2443
89.9916,0.4706,2.0293
89.9918,0.5153,2.2201
89.9920,0.5701,2.4584
89.9922,0.5818,2.505
89.9924,0.5783,2.4924
89.9926,0.572,2.4632
89.9928,0.6063,2.6109
89.9930,0.629,2.7072
89.9932,0.636,2.7346
89.9934,0.638,2.7497
89.9936,0.564,2.4331
89.9938,0.5433,2.3426
89.9940,0.5496,2.3689
89.9942,0.5625,2.4219
89.9944,0.6389,2.7488
89.9946,0.6535,2.8086
89.9948,0.6953,2.987
89.9950,0.7007,3.013
89.9952,0.7268,3.1254
89.9954,0.7526,3.2393
89.9956,0.6901,2.9676
89.9958,0.696,2.9915
89.9960,0.6726,2.8964
89.9962,0.644,2.7704
89.9964,0.6395,2.7513
89.9966,0.6554,2.8181
89.9968,0.6798,2.9219
89.9970,0.7271,3.1279
89.9972,0.7243,3.1175
89.9974,0.6133,2.6433
89.9976,0.597,2.5694
89.9978,0.6731,2.8971
89.9980,0.6238,2.6838
89.9982,0.6459,2.7774
89.9984,0.6628,2.8541
89.9986,0.6523,2.8047
89.9988,0.6958,2.9919
89.9990,0.6794,2.9239
89.9992,0.6708,2.8873
89.9994,0.6628,2.8501
89.9996,0.6892,2.9635
89.9998,0.6728,2.8956
90.0000,0.6089,2.6229
90.0002,0.5965,2.5697
90.0004,0.556,2.4007
90.0006,0.4592,1.9829
90.0008,0.4741,2.0433
90.0010,0.5236,2.2599
90.0012,0.4244,1.8319
90.0014,0.4695,2.0265
90.0016,0.4065,1.7535
90.0018,0.3875,1.6725
90.0020,0.3903,1.6868
90.0022,0.3924,1.6953
90.0024,0.3909,1.6878
90.0026,0.3903,1.6852
90.0028,0.386,1.6666
90.0030,0.4194,1.8093
90.0032,0.4736,2.045
90.0034,0.4159,1.7968
90.0036,0.3957,1.7077
90.0038,0.4049,1.7476
90.0040,0.4366,1.8833
90.0042,0.4897,2.1095
90.0044,0.5338,2.3007
90.0046,0.4975,2.1441
90.0048,0.5157,2.2226
90.0050,0.5622,2.4186
90.0052,0.6985,2.9967
90.0054,0.7885,3.3888
90.0056,0.7454,3.2068
90.0058,0.7483,3.2117
90.0060,0.8165,3.5029
90.0062,0.8146,3.4995
90.0064,0.7747,3.3249
90.0066,0.7989,3.4209
90.0068,0.9224,3.9534
90.0070,0.9435,4.0438
90.0072,0.9743,4.1778
90.0074,0.8676,3.7237
90.0076,0.9075,3.8951
90.0078,0.8977,3.8547
90.0080,0.8328,3.5695
90.0082,0.838,3.5966
90.0084,0.8279,3.5551
90.0086,0.8236,3.5365
90.0088,0.8556,3.6706
90.0090,0.8778,3.764
90.0092,0.9046,3.8791
90.0094,0.9008,3.8645
90.0096,0.8224,3.5314
90.0098,0.7823,3.361
90.0100,0.8086,3.4722
90.0102,0.8313,3.5695
90.0104,0.8212,3.5262
90.0106,0.8186,3.5165
90.0108,0.8276,3.5519
90.0110,0.8563,3.6805
90.0112,0.7997,3.4261
90.0114,0.9359,4.0114
90.0116,0.911,3.91
90.0118,0.8748,3.7581
90.0120,0.8621,3.7001
90.0122,0.8784,3.7683
90.0124,0.8863,3.8022
90.0126,0.9038,3.8791
90.0128,0.8871,3.8094
90.0130,0.8304,3.5675
90.0132,0.816,3.5008
90.0134,0.8033,3.4543
90.0136,0.7507,3.2265
90.0138,0.8188,3.5159
90.0140,0.8464,3.6343
90.0142,0.8455,3.6274
90.0144,0.8584,3.6841
90.0146,0.928,3.9812
90.0148,0.9597,4.1132
90.0150,0.9647,4.1367
90.0152,0.9683,4.1521
90.0154,0.9915,4.2454
90.0156,1.0178,4.3624
90.0158,0.9247,3.9724
90.0160,0.8496,3.6482
90.0162,0.8511,3.651
90.0164,0.8489,3.6469
90.0166,0.8574,3.6851
90.0168,0.8279,3.56
90.0170,0.7507,3.2265
90.0172,0.7375,3.1772
90.0174,0.6756,2.9066
90.0176,0.7415,3.1868
90.0178,0.7604,3.2698
90.0180,0.7047,3.0385
90.0182,0.6071,2.6188
90.0184,0.5934,2.5575
90.0186,0.6501,2.7993
90.0188,0.6593,2.8378
90.0190,0.6639,2.8574
90.0192,0.6752,2.9072
90.0194,0.6497,2.7991
90.0196,0.665,2.8647
90.0198,0.6154,2.6526
90.0200,0.5857,2.5268
90.0202,0.5827,2.5173
90.0204,0.4978,2.1486
90.0206,0.4807,2.0756
90.0208,0.5017,2.1612
90.0210,0.6634,2.8566
90.0212,0.6442,2.7792
90.0214,0.5678,2.4497
90.0216,0.5604,2.4187
90.0218,0.5764,2.4841
90.0220,0.6264,2.6971
90.0222,0.6342,2.7332
90.0224,0.5562,2.3995
90.0226,0.5313,2.2909
90.0228,0.5307,2.2883
90.0230,0.5351,2.3106
90.0232,0.5372,2.3173
90.0234,0.5343,2.3038
90.0236,0.532,2.2961
90.0238,0.5325,2.296
90.0240,0.5327,2.296
90.0242,0.5845,2.5146
90.0244,0.6812,2.9385
90.0246,0.5518,2.3782
90.0248,0.5282,2.2785
90.0250,0.529,2.2821
90.0252,0.528,2.2769
90.0254,0.528,2.2769
90.0256,0.5274,2.2764
90.0258,0.5254,2.2666
90.0260,0.5253,2.264
90.0262,0.5247,2.2624
90.0264,0.5354,2.3095
90.0266,0.5397,2.3238
90.0268,0.5905,2.5451
90.0270,0.5561,2.3979
90.0272,0.5572,2.4025
90.0274,0.5446,2.3461
90.0276,0.5459,2.3518
90.0278,0.5809,2.5003
90.0280,0.662,2.8491
90.0282,0.6567,2.8264
90.0284,0.649,2.7934
90.0286,0.7011,3.0159
90.0288,0.7429,3.1915
90.0290,0.7658,3.2899
90.0292,0.7947,3.4124
90.0294,0.7889,3.3925
90.0296,0.7439,3.1941
90.0298,0.7993,3.432
90.0300,0.8186,3.5182
90.0302,0.811,3.4857
90.0304,0.7211,3.105
90.0306,0.6159,2.6534
90.0308,0.6264,2.6958
90.0310,0.6931,2.9833
90.0312,0.6254,2.6917
90.0314,0.6449,2.7784
90.0316,0.643,2.7637
90.0318,0.7297,3.1363
90.0320,0.7169,3.084
90.0322,0.7437,3.1966
90.0324,0.7565,3.2482
90.0326,0.7539,3.2389
90.0328,0.7428,3.1955
90.0330,0.7242,3.1155
90.0332,0.731,3.1405
90.0334,0.715,3.0758
90.0336,0.6296,2.7136
90.0338,0.6256,2.6915
90.0340,0.7138,3.0678
90.0342,0.7108,3.0549
90.0344,0.673,2.8966
90.0346,0.6148,2.6475
90.0348,0.5678,2.452
90.0350,0.4927,2.1264
90.0352,0.4892,2.1104
90.0354,0.5573,2.3986
90.0356,0.6214,2.6784
90.0358,0.5506,2.3719
90.0360,0.5947,2.562
90.0362,0.5601,2.415
90.0364,0.5639,2.4349
90.0366,0.4464,1.9275
90.0368,0.4188,1.8068
90.0370,0.4494,1.9404
90.0372,0.4687,2.0219
90.0374,0.4945,2.1282
90.0376,0.656,2.8181
90.0378,0.7658,3.293
90.0380,0.7045,3.0309
90.0382,0.6702,2.8847
90.0384,0.7674,3.2966
90.0386,0.7812,3.3589
90.0388,0.7204,3.099
90.0390,0.7604,3.2667
90.0392,0.8037,3.4446
90.0394,0.8994,3.8529
90.0396,0.9954,4.2663
90.0398,0.9833,4.2164
90.0400,0.9669,4.1421
90.0402,0.9743,4.1739
90.0404,0.975,4.179
90.0406,0.9823,4.2103
90.0408,0.946,4.0546
90.0410,0.9267,3.9719
90.0412,1.0177,4.3558
90.0414,1.0948,4.6836
90.0416,1.0907,4.6727
90.0418,1.0508,4.5017
90.0420,1.0602,4.5354
90.0422,1.0431,4.4646
90.0424,0.9418,4.0479
90.0426,0.8295,3.5617
90.0428,0.8648,3.7136
90.0430,0.8347,3.5877
90.0432,0.8286,3.5631
90.0434,0.8151,3.5032
90.0436,0.8175,3.5119
90.0438,0.8039,3.4601
90.0440,0.768,3.3022
90.0442,0.8515,3.6599
90.0444,0.8248,3.5417
90.0446,0.8404,3.6204
90.0448,0.7172,3.087
90.0450,0.73,3.1359
90.0452,0.8122,3.486
90.0454,0.8592,3.6894
90.0456,0.8147,3.5017
90.0458,0.7762,3.3409
90.0460,0.7266,3.1316
90.0462,0.663,2.8538
90.0464,0.6749,2.9049
90.0466,0.6783,2.922
90.0468,0.668,2.8736
90.0470,0.6887,2.9628
90.0472,0.703,3.0256
90.0474,0.6899,2.9694
90.0476,0.7678,3.3109
90.0478,0.6428,2.7678
90.0480,0.6645,2.86
90.0482,0.6934,2.9829
90.0484,0.7304,3.1452
90.0486,0.6947,2.9886
90.0488,0.7526,3.2393
90.0490,0.7165,3.0882
90.0492,0.6816,2.9378
90.0494,0.6145,2.6472
90.0496,0.6033,2.6004
90.0498,0.6548,2.8182
90.0500,0.7057,3.0389
90.0502,0.6725,2.9013
90.0504,0.5295,2.2874
90.0506,0.5053,2.1777
90.0508,0.5906,2.5468
90.0510,0.5723,2.47
90.0512,0.538,2.322
90.0514,0.5229,2.2536
90.0516,0.585,2.5202
90.0518,0.6565,2.8254
90.0520,0.6262,2.7016
90.0522,0.5646,2.4346
90.0524,0.5717,2.4651
90.0526,0.6153,2.6533
90.0528,0.5848,2.5203
90.0530,0.5443,2.3472
90.0532,0.5345,2.3059
90.0534,0.5481,2.3633
90.0536,0.5566,2.3955
90.0538,0.5954,2.5675
90.0540,0.6125,2.6397
90.0542,0.6441,2.7735
90.0544,0.5831,2.5142
90.0546,0.593,2.5548
90.0548,0.6525,2.8149
90.0550,0.5053,2.1817
90.0552,0.4593,1.9834
90.0554,0.4569,1.9722
90.0556,0.4562,1.9718
90.0558,0.4562,1.9709
90.0560,0.4627,1.997
90.0562,0.4693,2.0255
90.0564,0.4556,1.9655
90.0566,0.4512,1.9482
90.0568,0.458,1.975
90.0570,0.512,2.2066
90.0572,0.464,2.0027
90.0574,0.4575,1.9738
90.0576,0.544,2.3402
90.0578,0.6214,2.6784
90.0580,0.5755,2.4817
90.0582,0.5544,2.3862
90.0584,0.5954,2.5675
90.0586,0.4983,2.1507
90.0588,0.4728,2.0395
90.0590,0.4707,2.0307
90.0592,0.4846,2.0907
90.0594,0.5307,2.2893
90.0596,0.5369,2.3141
90.0598,0.5653,2.4354
90.0600,0.5571,2.3998
90.0602,0.5682,2.4524
90.0604,0.4673,2.0157
90.0606,0.4537,1.9564
90.0608,0.458,1.9731
90.0610,0.5518,2.3793
90.0612,0.5869,2.5308
90.0614,0.5641,2.4303
90.0616,0.5586,2.4043
90.0618,0.616,2.6502
90.0620,0.6609,2.8432
90.0622,0.6654,2.8628
90.0624,0.6548,2.8155
90.0626,0.6553,2.8215
90.0628,0.6454,2.7779
90.0630,0.6512,2.7975
90.0632,0.7421,3.1909
90.0634,0.7102,3.0566
90.0636,0.6303,2.7129
90.0638,0.6241,2.6873
90.0640,0.6415,2.7596
90.0642,0.6455,2.781
90.0644,0.5929,2.5519
90.0646,0.6145,2.6472
90.0648,0.6103,2.6279
90.0650,0.5722,2.4637
90.0652,0.5784,2.4894
90.0654,0.6073,2.6162
90.0656,0.5967,2.5696
90.0658,0.6086,2.6195
90.0660,0.6718,2.8941
90.0662,0.5857,2.5268
90.0664,0.4963,2.1399
90.0666,0.4802,2.0706
90.0668,0.474,2.0456
90.0670,0.4736,2.0431
90.0672,0.5223,2.25
90.0674,0.5008,2.1636
90.0676,0.4049,1.75
90.0678,0.4517,1.9485
90.0680,0.4451,1.92
90.0682,0.4096,1.7677
90.0684,0.3991,1.7227
90.0686,0.4772,2.0567
90.0688,0.4961,2.1404
90.0690,0.4303,1.8564
90.0692,0.4266,1.8421
90.0694,0.405,1.7497
90.0696,0.3948,1.7049
90.0698,0.3974,1.7166
90.0700,0.3941,1.7026
90.0702,0.3873,1.6707
90.0704,0.3994,1.7238
90.0706,0.444,1.9145
90.0708,0.52,2.2371
90.0710,0.6085,2.6202
90.0712,0.5324,2.2913
90.0714,0.6214,2.6685
90.0716,0.784,3.3666
90.0718,0.7831,3.3594
90.0720,0.797,3.4206
90.0722,0.8017,3.4423
90.0724,0.8199,3.514
90.0726,0.8874,3.7998
90.0728,0.9424,4.043
90.0730,0.8482,3.6387
90.0732,0.9021,3.8647
90.0734,0.9658,4.1355
90.0736,0.96,4.1109
90.0738,0.9493,4.059
90.0740,1.1004,4.7055
90.0742,1.1383,4.8698
90.0744,1.0522,4.5036
90.0746,1.0086,4.3209
90.0748,1.0099,4.3225
90.0750,1.0196,4.3681
90.0752,0.9491,4.0718
90.0754,0.8934,3.8308
90.0756,0.9617,4.1162
90.0758,1.0187,4.3681
90.0760,0.955,4.0951
90.0762,0.982,4.2147
90.0764,0.8997,3.8581
90.0766,0.8934,3.8308
90.0768,0.9206,3.953
90.0770,0.9094,3.8942
90.0772,0.9989,4.2812
90.0774,0.9687,4.1517
90.0776,0.9714,4.1655
90.0778,0.9759,4.1826
90.0780,1,4.2819
90.0782,0.9977,4.2801
90.0784,0.8928,3.8318
90.0786,0.9097,3.9007
90.0788,0.9423,4.033
90.0790,0.971,4.1693
90.0792,0.9297,3.9847
90.0794,1.0273,4.401
90.0796,0.9946,4.2687
90.0798,0.837,3.5992
90.0800,0.8329,3.5767
90.0802,0.8843,3.797
90.0804,0.8508,3.6534
90.0806,0.8633,3.7121
90.0808,0.8264,3.5484
90.0810,0.8382,3.6044
90.0812,0.7776,3.345
90.0814,0.76,3.2652
90.0816,0.7844,3.3713
90.0818,0.8199,3.5206
90.0820,0.8319,3.5787
90.0822,0.7786,3.3435
90.0824,0.8084,3.4744
90.0826,0.802,3.4471
90.0828,0.8128,3.4967
90.0830,0.793,3.4052
90.0832,0.8375,3.5946
90.0834,0.8331,3.5839
90.0836,0.7453,3.2093
90.0838,0.6693,2.8833
90.0840,0.6466,2.7869
90.0842,0.6363,2.7438
90.0844,0.6036,2.6014
90.0846,0.5761,2.4819
90.0848,0.5808,2.5044
90.0850,0.5868,2.5291
90.0852,0.647,2.782
90.0854,0.719,3.0976
90.0856,0.6265,2.7039
90.0858,0.5514,2.3788
90.0860,0.5362,2.3121
90.0862,0.5446,2.3504
90.0864,0.5322,2.2961
90.0866,0.5308,2.2899
90.0868,0.5321,2.2977
90.0870,0.5339,2.3054
90.0872,0.5321,2.2956
90.0874,0.5387,2.3208
90.0876,0.6024,2.595
90.0878,0.5945,2.5657
90.0880,0.5645,2.4307
90.0882,0.6325,2.7222
90.0884,0.5913,2.5511
90.0886,0.5503,2.3742
90.0888,0.5782,2.4907
90.0890,0.5888,2.5402
90.0892,0.5364,2.3142
90.0894,0.5464,2.356
90.0896,0.5397,2.326
90.0898,0.5477,2.3628
90.0900,0.5289,2.2805
90.0902,0.5099,2.2019
90.0904,0.5096,2.1993
90.0906,0.5506,2.3708
90.0908,0.5947,2.5632
90.0910,0.5556,2.3969
90.0912,0.5384,2.3203
90.0914,0.5722,2.4626
90.0916,0.6326,2.7214
90.0918,0.6567,2.8264
90.0920,0.6633,2.8561
90.0922,0.6651,2.8612
90.0924,0.7066,3.0369
90.0926,0.7166,3.0859
90.0928,0.6996,3.0112
90.0930,0.7042,3.0265
90.0932,0.6798,2.9274
90.0934,0.6247,2.6924
90.0936,0.6256,2.6928
90.0938,0.6592,2.8359
90.0940,0.7202,3.0985
90.0942,0.7253,3.1187
90.0944,0.7216,3.107
90.0946,0.6555,2.8226
90.0948,0.6435,2.7696
90.0950,0.6523,2.8034
90.0952,0.714,3.0688
90.0954,0.779,3.3466
90.0956,0.8116,3.485
90.0958,0.7875,3.3831
90.0960,0.7713,3.3136
90.0962,0.8057,3.4598
90.0964,0.8481,3.6399
90.0966,0.7677,3.3012
90.0968,0.7175,3.0895
90.0970,0.6732,2.9003
90.0972,0.6681,2.8701
90.0974,0.772,3.3167
90.0976,0.7695,3.3105
90.0978,0.6951,2.9902
90.0980,0.7193,3.0886
90.0982,0.8226,3.5324
90.0984,0.802,3.4487
90.0986,0.7117,3.0647
90.0988,0.6965,2.995
90.0990,0.7463,3.2059
90.0992,0.684,2.9482
90.0994,0.5895,2.5421
90.0996,0.5912,2.5494
90.0998,0.5666,2.4423
90.1000,0.5839,2.5202
90.1002,0.53,2.2841
90.1004,0.6234,2.6854
90.1006,0.6318,2.7229
90.1008,0.5712,2.4653
90.1010,0.4509,1.9481
90.1012,0.3983,1.7207
90.1014,0.3965,1.7129
90.1016,0.3994,1.7262
90.1018,0.3989,1.7249
90.1020,0.3969,1.7145
90.1022,0.4211,1.8174
90.1024,0.4394,1.8984
90.1026,0.3935,1.7008
90.1028,0.3916,1.6925
90.1030,0.3876,1.6746
90.1032,0.3876,1.6738
90.1034,0.3856,1.6642
90.1036,0.4063,1.7538
90.1038,0.4902,2.1126
90.1040,0.6023,2.5909
90.1042,0.6607,2.8421
90.1044,0.6272,2.6982
90.1046,0.6893,2.964
90.1048,0.703,3.0186
90.1050,0.7963,3.4191
90.1052,0.8027,3.4534
90.1054,0.7148,3.071
90.1056,0.8018,3.4396
90.1058,0.8393,3.5973
90.1060,0.8436,3.6208
90.1062,0.8329,3.57
90.1064,0.9636,4.1282
90.1066,1.0007,4.285
90.1068,0.9873,4.2314
90.1070,0.9864,4.2298
90.1072,0.9682,4.1477
90.1074,0.9802,4.1972
90.1076,1.0239,4.3886
90.1078,1.0382,4.4456
90.1080,1.0802,4.6189
90.1082,1.0946,4.6848
90.1084,1.1301,4.8321
90.1086,1.1531,4.9398
90.1088,1.0262,4.3984
90.1090,0.9904,4.2467
90.1092,0.9153,3.9267
90.1094,0.8789,3.7686
90.1096,0.8982,3.8568
90.1098,0.9193,3.94
90.1100,0.9534,4.0941
90.1102,0.8423,3.6253
90.1104,0.7433,3.1945
90.1106,0.7324,3.1491
90.1108,0.7742,3.3275
90.1110,0.857,3.6784
90.1112,0.8594,3.6905
90.1114,0.8296,3.5639
90.1116,0.8591,3.6924
90.1118,0.8196,3.5212
90.1120,0.8147,3.5001
90.1122,0.7976,3.428
90.1124,0.8413,3.6127
90.1126,0.8652,3.7117
90.1128,0.8507,3.6563
90.1130,0.8126,3.494
90.1132,0.7833,3.3729
90.1134,0.7555,3.2486
90.1136,0.7588,3.2615
90.1138,0.7946,3.4135
90.1140,0.7457,3.2063
90.1142,0.6927,2.984
90.1144,0.6779,2.9191
90.1146,0.7547,3.242
90.1148,0.8416,3.6154
90.1150,0.8198,3.5266
90.1152,0.7324,3.152
90.1154,0.7296,3.1373
90.1156,0.7526,3.2362
90.1158,0.7445,3.2042
90.1160,0.7044,3.0374
90.1162,0.6382,2.7508
90.1164,0.6273,2.705
90.1166,0.5783,2.4935
90.1168,0.5994,2.5857
90.1170,0.5464,2.3516
90.1172,0.6539,2.8172
90.1174,0.6021,2.6
90.1176,0.4966,2.1434
90.1178,0.5006,2.1605
90.1180,0.5049,2.1802
90.1182,0.5633,2.4289
90.1184,0.5497,2.3716
90.1186,0.5078,2.1936
90.1188,0.4386,1.8939
90.1190,0.4244,1.8302
90.1192,0.5164,2.2288
90.1194,0.489,2.1103
90.1196,0.5375,2.3188
90.1198,0.5463,2.3544
90.1200,0.5826,2.5122
90.1202,0.5581,2.4078
90.1204,0.5975,2.5703
90.1206,0.6349,2.7388
90.1208,0.4892,2.1114
90.1210,0.4813,2.0762
90.1212,0.5085,2.1967
90.1214,0.4632,2
90.1216,0.4501,1.9436
90.1218,0.4489,1.9393
90.1220,0.45,1.943
90.1222,0.449,1.938
90.1224,0.4477,1.9323
90.1226,0.4478,1.9346
90.1228,0.4491,1.9403
90.1230,0.4479,1.9333
90.1232,0.4472,1.9302
90.1234,0.4463,1.9279
90.1236,0.4471,1.9306
90.1238,0.4481,1.9348
90.1240,0.4499,1.9398
90.1242,0.4949,2.1342
90.1244,0.5253,2.265
90.1246,0.4571,1.9727
90.1248,0.4487,1.9382
90.1250,0.4467,1.93
90.1252,0.4434,1.9128
90.1254,0.4454,1.9216
90.1256,0.446,1.926
90.1258,0.4485,1.935
90.1260,0.4562,1.9681
90.1262,0.4412,1.9052
90.1264,0.4392,1.8964
90.1266,0.447,1.9292
90.1268,0.4473,1.9299
90.1270,0.4477,1.9332
90.1272,0.4426,1.9101
90.1274,0.475,2.0465
90.1276,0.5296,2.2815
90.1278,0.5732,2.4661
90.1280,0.6156,2.6482
90.1282,0.6182,2.6583
90.1284,0.6565,2.8254
90.1286,0.7087,3.0475
90.1288,0.6765,2.9075
90.1290,0.6615,2.8497
90.1292,0.6087,2.6188
90.1294,0.6597,2.838
90.1296,0.6923,2.9728
90.1298,0.7455,3.1999
90.1300,0.7371,3.1742
90.1302,0.6772,2.9147
90.1304,0.6514,2.8063
90.1306,0.5977,2.5737
90.1308,0.6015,2.589
90.1310,0.624,2.683
90.1312,0.6602,2.8374
90.1314,0.6701,2.8829
90.1316,0.6635,2.8585
90.1318,0.6029,2.5947
90.1320,0.6389,2.75
90.1322,0.611,2.6335
90.1324,0.5978,2.573
90.1326,0.6791,2.9148
90.1328,0.7249,3.1171
90.1330,0.663,2.8538
90.1332,0.6459,2.7813
90.1334,0.6229,2.6796
90.1336,0.6684,2.877
90.1338,0.6307,2.7182
90.1340,0.5397,2.3227
90.1342,0.5555,2.3909
90.1344,0.5714,2.4618
90.1346,0.5484,2.3626
90.1348,0.5398,2.3276
90.1350,0.5427,2.3411
90.1352,0.4463,1.9261
90.1354,0.4005,1.7308
90.1356,0.3989,1.7217
90.1358,0.4108,1.7729
90.1360,0.3972,1.7144
90.1362,0.3932,1.6968
90.1364,0.4036,1.7427
90.1366,0.4078,1.76
90.1368,0.4399,1.896
90.1370,0.4854,2.0919
90.1372,0.5405,2.3274
90.1374,0.6079,2.6164
90.1376,0.6521,2.8003
90.1378,0.7241,3.1063
90.1380,0.764,3.2806
90.1382,0.7614,3.2708
90.1384,0.7816,3.3548
90.1386,0.8128,3.4886
90.1388,0.7967,3.4212
90.1390,0.8258,3.5359
90.1392,0.9308,3.9838
90.1394,0.9295,3.9837
90.1396,0.8689,3.7294
90.1398,0.8564,3.6724
90.1400,0.8988,3.8503
90.1402,0.9754,4.1786
90.1404,0.9467,4.0634
90.1406,0.9207,3.937
90.1408,1.065,4.5537
90.1410,1.0846,4.6378
90.1412,1.0991,4.7021
90.1414,1.1068,4.7349
90.1416,1.0898,4.6642
90.1418,1.0112,4.3342
90.1420,0.9442,4.0412
90.1422,1.0031,4.2972
90.1424,0.9254,3.9699
90.1426,0.8488,3.6446
90.1428,0.8377,3.5973
90.1430,0.8459,3.6357
90.1432,0.7594,3.2656
90.1434,0.7127,3.0674
90.1436,0.7152,3.0725
90.1438,0.8025,3.4427
90.1440,0.8341,3.5835
90.1442,0.7808,3.3527
90.1444,0.8406,3.6079
90.1446,0.8519,3.6546
90.1448,0.8939,3.8346
90.1450,0.8511,3.6561
90.1452,0.8146,3.4946
90.1454,0.8521,3.6591
90.1456,0.838,3.6
90.1458,0.7688,3.3058
90.1460,0.819,3.5202
90.1462,0.8493,3.6484
90.1464,0.8431,3.6221
90.1466,0.8279,3.5551
90.1468,0.8404,3.6052
90.1470,0.8592,3.6877
90.1472,0.8394,3.6028
90.1474,0.9098,3.9012
90.1476,0.9689,4.1528
90.1478,0.9298,3.9927
90.1480,0.8984,3.856
90.1482,0.9267,3.9774
90.1484,0.8455,3.6324
90.1486,0.7712,3.3162
90.1488,0.7018,3.0204
90.1490,0.6988,3.0075
90.1492,0.7584,3.258
90.1494,0.7535,3.2474
90.1496,0.6428,2.773
90.1498,0.5732,2.4707
90.1500,0.5548,2.3911
90.1502,0.6126,2.639
90.1504,0.6603,2.8419
90.1506,0.6531,2.8122
90.1508,0.6054,2.6104
90.1510,0.5753,2.4818
90.1512,0.596,2.5665
90.1514,0.6193,2.6654
90.1516,0.6267,2.6961
90.1518,0.6893,2.9668
90.1520,0.7051,3.0349
90.1522,0.6842,2.9418
90.1524,0.7045,3.0365
90.1526,0.6608,2.8466
90.1528,0.6701,2.8842
90.1530,0.7199,3.0941
90.1532,0.7425,3.1914
90.1534,0.7732,3.3203
90.1536,0.8018,3.446
90.1538,0.7644,3.2898
90.1540,0.7051,3.0321
90.1542,0.8278,3.5545
90.1544,0.8978,3.8516
90.1546,0.9146,3.9328
90.1548,0.7965,3.4249
90.1550,0.805,3.4567
90.1552,0.8316,3.5694
90.1554,0.8594,3.6922
90.1556,0.7588,3.2691
90.1558,0.5933,2.5594
90.1560,0.5626,2.4269
90.1562,0.5593,2.4119
90.1564,0.5574,2.4025
90.1566,0.5628,2.4246
90.1568,0.6035,2.5961
90.1570,0.7213,3.1074
90.1572,0.6555,2.8252
90.1574,0.5818,2.505
90.1576,0.6139,2.6483
90.1578,0.5663,2.4418
90.1580,0.5613,2.4179
90.1582,0.6222,2.6741
90.1584,0.7422,3.1944
90.1586,0.6794,2.9253
90.1588,0.5867,2.5309
90.1590,0.5786,2.4951
90.1592,0.5836,2.514
90.1594,0.6286,2.7057
90.1596,0.6618,2.8499
90.1598,0.685,2.9468
90.1600,0.6746,2.902
90.1602,0.697,2.9942
90.1604,0.7499,3.2289
90.1606,0.6812,2.9317
90.1608,0.687,2.9556
90.1610,0.7316,3.146
90.1612,0.7373,3.1702
90.1614,0.7729,3.3187
90.1616,0.8262,3.5445
90.1618,0.8702,3.7368
90.1620,0.8892,3.8128
90.1622,0.9594,4.1141
90.1624,0.9177,3.948
90.1626,0.8003,3.4414
90.1628,0.8207,3.5258
90.1630,0.8238,3.5392
90.1632,0.8219,3.5326
90.1634,0.8482,3.6404
90.1636,0.8713,3.7414
90.1638,0.7748,3.3301
90.1640,0.8174,3.5114
90.1642,0.8417,3.6143
90.1644,0.8912,3.8269
90.1646,0.8317,3.5749
90.1648,0.7856,3.3765
90.1650,0.7928,3.4153
90.1652,0.7025,3.0278
90.1654,0.6612,2.8473
90.1656,0.652,2.8063
90.1658,0.69,2.9754
90.1660,0.5713,2.4647
90.1662,0.5505,2.3758
90.1664,0.5325,2.2971
90.1666,0.5717,2.4605
90.1668,0.7219,3.1129
90.1670,0.6025,2.6004
90.1672,0.5495,2.3706
90.1674,0.5638,2.431
90.1676,0.5571,2.402
90.1678,0.5778,2.4892
90.1680,0.6189,2.6639
90.1682,0.6877,2.9614
90.1684,0.6174,2.6658
90.1686,0.473,2.0443
90.1688,0.475,2.0503
90.1690,0.4834,2.0865
90.1692,0.4677,2.0169
90.1694,0.4941,2.1346
90.1696,0.4707,2.0307
90.1698,0.4826,2.0819
90.1700,0.5868,2.5267
90.1702,0.6048,2.603
90.1704,0.6983,3.0013
90.1706,0.7632,3.2831
90.1708,0.7766,3.3363
90.1710,0.7923,3.4069
90.1712,0.7334,3.1567
90.1714,0.699,3.01
90.1716,0.6846,2.9467
90.1718,0.7395,3.1786
90.1720,0.7794,3.3512
90.1722,0.7446,3.2047
90.1724,0.7791,3.3424
90.1726,0.8374,3.5941
90.1728,0.8289,3.5575
90.1730,0.8457,3.6279
90.1732,0.9138,3.9164
90.1734,0.9905,4.2433
90.1736,1.0397,4.456
90.1738,1.043,4.4641
90.1740,1.0586,4.5329
90.1742,1.0315,4.421
90.1744,1.0488,4.4929
90.1746,1.0361,4.4385
90.1748,1.1051,4.7277
90.1750,1.119,4.7894
90.1752,1.0574,4.5341
90.1754,0.9977,4.2781
90.1756,0.9692,4.1557
90.1758,0.9552,4.0942
90.1760,0.9389,4.0299
90.1762,0.8407,3.6135
90.1764,0.8273,3.5574
90.1766,0.8563,3.6771
90.1768,0.8666,3.7231
90.1770,0.8626,3.7038
90.1772,0.9021,3.8756
90.1774,0.8404,3.6103
90.1776,0.7937,3.4099
90.1778,0.817,3.5131
90.1780,0.8051,3.4605
90.1782,0.8831,3.7954
90.1784,0.8555,3.6786
90.1786,0.8261,3.5457
90.1788,0.8738,3.7575
90.1790,0.8356,3.5947
90.1792,0.8164,3.5105
90.1794,0.8026,3.4528
90.1796,0.8013,3.4456
90.1798,0.7899,3.3997
90.1800,0.7893,3.394
90.1802,0.7945,3.4146
90.1804,0.8148,3.5038
90.1806,0.7997,3.4389
90.1808,0.7989,3.4353
90.1810,0.7644,3.2914
90.1812,0.6955,2.995
90.1814,0.7582,3.2605
90.1816,0.7917,3.4027
90.1818,0.799,3.4326
90.1820,0.8118,3.4909
90.1822,0.7911,3.4033
90.1824,0.7774,3.3507
90.1826,0.6565,2.8306
90.1828,0.599,2.5878
90.1830,0.5261,2.2707
90.1832,0.5766,2.4863
90.1834,0.5975,2.5739
90.1836,0.6129,2.6417
90.1838,0.5663,2.4464
90.1840,0.4914,2.1236
90.1842,0.4857,2.0993
90.1844,0.4995,2.1579
90.1846,0.4958,2.1398
90.1848,0.5262,2.2723
90.1850,0.5001,2.1634
90.1852,0.4107,1.7749
90.1854,0.4087,1.7658
90.1856,0.4131,1.7836
90.1858,0.4497,1.9429
90.1860,0.449,1.9407
90.1862,0.4483,1.9376
90.1864,0.4514,1.9484
90.1866,0.4459,1.9263
90.1868,0.4451,1.9227
90.1870,0.452,1.95
90.1872,0.5043,2.1776
90.1874,0.4686,2.0242
90.1876,0.4496,1.9415
90.1878,0.4451,1.9218
90.1880,0.4465,1.9289
90.1882,0.4481,1.9339
90.1884,0.4953,2.1368
90.1886,0.5187,2.2376
90.1888,0.4718,2.0363
90.1890,0.4803,2.0731
90.1892,0.4808,2.0742
90.1894,0.4818,2.0773
90.1896,0.4979,2.1491
90.1898,0.4517,1.9512
90.1900,0.4467,1.93
90.1902,0.4613,1.9908
90.1904,0.4863,2.098
90.1906,0.4765,2.0556
90.1908,0.5295,2.2821
90.1910,0.5773,2.4848
90.1912,0.582,2.5061
90.1914,0.5946,2.5615
90.1916,0.5855,2.5222
90.1918,0.6147,2.6483
90.1920,0.6119,2.6297
90.1922,0.6612,2.8487
90.1924,0.5898,2.542
90.1926,0.5476,2.3579
90.1928,0.5437,2.3436
90.1930,0.5567,2.3971
90.1932,0.6645,2.8586
90.1934,0.7146,3.0728
90.1936,0.6984,3.0032
90.1938,0.7254,3.125
90.1940,0.6085,2.6214
90.1942,0.576,2.4803
90.1944,0.5716,2.4612
90.1946,0.6017,2.5895
90.1948,0.6505,2.7983
90.1950,0.7391,3.1795
90.1952,0.7338,3.1509
90.1954,0.7553,3.2461
90.1956,0.732,3.1461
90.1958,0.777,3.3347
90.1960,0.8545,3.6779
90.1962,0.6963,3.0009
90.1964,0.624,2.6918
90.1966,0.5637,2.4282
90.1968,0.5918,2.5472
90.1970,0.6138,2.6441
90.1972,0.5753,2.4795
90.1974,0.5804,2.4982
90.1976,0.5836,2.5128
90.1978,0.577,2.4821
90.1980,0.6319,2.7234
90.1982,0.6101,2.6293
90.1984,0.6047,2.6049
90.1986,0.606,2.6069
90.1988,0.6698,2.8813
90.1990,0.661,2.849
90.1992,0.539,2.324
90.1994,0.537,2.3157
90.1996,0.53,2.2862
90.1998,0.5174,2.234
90.2000,0.4665,2.0145
90.2002,0.4879,2.1037
90.2004,0.5086,2.1911
90.2006,0.533,2.2981
90.2008,0.539,2.324
90.2010,0.531,2.292
90.2012,0.4186,1.8082
90.2014,0.4006,1.7321
90.2016,0.3969,1.7145
90.2018,0.3922,1.6927
90.2020,0.3982,1.7194
90.2022,0.4362,1.8826
90.2024,0.437,1.888
90.2026,0.3982,1.7186
90.2028,0.3944,1.7012
90.2030,0.4033,1.7392
90.2032,0.4232,1.8259
90.2034,0.462,1.9902
90.2036,0.5622,2.4186
90.2038,0.6741,2.8985
90.2040,0.7,3.0099
90.2042,0.6517,2.8034
90.2044,0.6722,2.8863
90.2046,0.7602,3.2672
90.2048,0.7183,3.0859
90.2050,0.7423,3.1904
90.2052,0.8285,3.5543
90.2054,0.8731,3.7369
90.2056,0.9891,4.2312
90.2058,1.0019,4.2881
90.2060,0.9549,4.0946
90.2062,0.9017,3.8645
90.2064,0.9488,4.0702
90.2066,0.9093,3.8992
90.2068,0.9302,3.9924
90.2070,0.8999,3.855
90.2072,0.987,4.2244
90.2074,0.9823,4.2103
90.2076,0.9719,4.1617
90.2078,0.9633,4.1248
90.2080,0.9744,4.1764
90.2082,0.9388,4.0369
90.2084,0.7647,3.2944
90.2086,0.6984,3.0004
90.2088,0.7369,3.1628
90.2090,0.7855,3.3791
90.2092,0.7533,3.2348
90.2094,0.7931,3.4073
90.2096,0.8041,3.4526
90.2098,0.8431,3.6221
90.2100,0.8321,3.5697
90.2102,0.8666,3.7162
90.2104,0.9761,4.1856
90.2106,0.9359,4.0189
90.2108,0.8326,3.5701
90.2110,0.8905,3.8185
90.2112,0.9012,3.8678
90.2114,0.9009,3.8686
90.2116,0.8645,3.7086
90.2118,0.9488,4.0683
90.2120,0.9588,4.1096
90.2122,0.914,3.9211
90.2124,0.8572,3.679
90.2126,0.8681,3.7293
90.2128,0.8409,3.614
90.2130,0.8358,3.594
90.2132,0.8073,3.4697
90.2134,0.8427,3.6201
90.2136,0.8027,3.4469
90.2138,0.8065,3.4661
90.2140,0.8094,3.4758
90.2142,0.8478,3.6422
90.2144,0.8061,3.4646
90.2146,0.7577,3.2564
90.2148,0.8005,3.4388
90.2150,0.8249,3.5438
90.2152,0.8248,3.54
90.2154,0.8406,3.6197
90.2156,0.6484,2.7973
90.2158,0.5958,2.5702
90.2160,0.574,2.4738
90.2162,0.5925,2.5527
90.2164,0.6373,2.7466
90.2166,0.5955,2.568
90.2168,0.5252,2.2677
90.2170,0.4899,2.1135
90.2172,0.5422,2.3379
90.2174,0.5361,2.3137
90.2176,0.5328,2.2997
90.2178,0.5379,2.3204
90.2180,0.537,2.3168
90.2182,0.5403,2.3286
90.2184,0.5911,2.5453
90.2186,0.6196,2.6694
90.2188,0.6248,2.6954
90.2190,0.5543,2.3912
90.2192,0.5454,2.353
90.2194,0.5378,2.3177
90.2196,0.5975,2.5691
90.2198,0.714,3.0717
90.2200,0.6784,2.9239
90.2202,0.6294,2.7062
90.2204,0.6274,2.7055
90.2206,0.5491,2.369
90.2208,0.5393,2.3266
90.2210,0.538,2.3198
90.2212,0.5405,2.3307
90.2214,0.5304,2.2873
90.2216,0.5201,2.2407
90.2218,0.5195,2.2381
90.2220,0.522,2.25
90.2222,0.5288,2.2811
90.2224,0.5231,2.2568
90.2226,0.5248,2.263
90.2228,0.537,2.3135
90.2230,0.6135,2.6431
90.2232,0.5741,2.4754
90.2234,0.5272,2.2733
90.2236,0.5244,2.2614
90.2238,0.5241,2.2619
90.2240,0.5247,2.2624
90.2242,0.5279,2.2764
90.2244,0.5236,2.2578
90.2246,0.5219,2.2495
90.2248,0.5235,2.2583
90.2250,0.5252,2.2635
90.2252,0.5327,2.2949
90.2254,0.5511,2.3707
90.2256,0.583,2.5114
90.2258,0.5318,2.2919
90.2260,0.5261,2.2686
90.2262,0.5289,2.2805
90.2264,0.5325,2.2939
90.2266,0.5424,2.3357
90.2268,0.6021,2.594
90.2270,0.5683,2.4461
90.2272,0.5644,2.4313
90.2274,0.5572,2.4003
90.2276,0.5524,2.3786
90.2278,0.5887,2.5326
90.2280,0.6518,2.8
90.2282,0.7779,3.3388
90.2284,0.8307,3.5636
90.2286,0.8461,3.6316
90.2288,0.8409,3.614
90.2290,0.7351,3.1639
90.2292,0.6489,2.7942
90.2294,0.6422,2.7653
90.2296,0.6889,2.9611
90.2298,0.7391,3.178
90.2300,0.702,3.0215
90.2302,0.7026,3.017
90.2304,0.699,3.0044
90.2306,0.6939,2.985
90.2308,0.7485,3.2217
90.2310,0.7048,3.0305
90.2312,0.7377,3.1738
90.2314,0.6882,2.958
90.2316,0.7392,3.177
90.2318,0.7578,3.2599
90.2320,0.6888,2.9633
90.2322,0.616,2.6552
90.2324,0.5584,2.4077
90.2326,0.5542,2.3874
90.2328,0.5784,2.4883
90.2330,0.6699,2.8792
90.2332,0.7403,3.1817
90.2334,0.7398,3.184
90.2336,0.6321,2.7206
90.2338,0.6344,2.7355
90.2340,0.6172,2.6566
90.2342,0.6455,2.7836
90.2344,0.5352,2.3101
90.2346,0.4786,2.0649
90.2348,0.4742,2.0457
90.2350,0.4729,2.041
90.2352,0.4833,2.0841
90.2354,0.48,2.0696
90.2356,0.4969,2.1415
90.2358,0.5117,2.2086
90.2360,0.4712,2.0328
90.2362,0.4862,2.0945
90.2364,0.5177,2.2304
90.2366,0.6162,2.652
90.2368,0.6772,2.9079
90.2370,0.7677,3.2935
90.2372,0.776,3.3352
90.2374,0.6996,3.0098
90.2376,0.6973,2.9986
90.2378,0.735,3.1605
90.2380,0.7253,3.1172
90.2382,0.7301,3.132
90.2384,0.8188,3.5127
90.2386,0.8433,3.6176
90.2388,0.8946,3.8359
90.2390,0.9259,3.9701
90.2392,0.9078,3.8979
90.2394,0.9025,3.8663
90.2396,0.9811,4.2013
90.2398,1,4.2839
90.2400,1.0034,4.3028
90.2402,0.9325,3.9854
90.2404,1.0886,4.6504
90.2406,1.1144,4.7694
90.2408,1.0546,4.516
90.2410,1.0646,4.5501
90.2412,1.063,4.5562
90.2414,0.9757,4.1821
90.2416,0.9629,4.129
90.2418,0.9154,3.9199
90.2420,0.9339,4.0064
90.2422,0.9621,4.1254
90.2424,0.9775,4.1878
90.2426,0.9236,3.9659
90.2428,0.8298,3.5666
90.2430,0.8277,3.5557
90.2432,0.8567,3.6803
90.2434,0.8032,3.4538
90.2436,0.8084,3.476
90.2438,0.8025,3.4491
90.2440,0.7309,3.1458
90.2442,0.7063,3.0415
90.2444,0.7077,3.0415
90.2446,0.7449,3.2077
90.2448,0.6844,2.9456
90.2450,0.7059,3.0366
90.2452,0.7261,3.1223
90.2454,0.7103,3.0613
90.2456,0.6779,2.9205
90.2458,0.6774,2.917
90.2460,0.6789,2.9219
90.2462,0.6434,2.7743
90.2464,0.6062,2.6116
90.2466,0.6602,2.8414
90.2468,0.6783,2.9193
90.2470,0.6966,2.9955
90.2472,0.787,3.3826
90.2474,0.8356,3.593
90.2476,0.6891,2.9699
90.2478,0.6043,2.6033
90.2480,0.6573,2.8277
90.2482,0.7611,3.2668
90.2484,0.769,3.3084
90.2486,0.7075,3.0466
90.2488,0.6768,2.9145
90.2490,0.7025,3.0221
90.2492,0.6376,2.752
90.2494,0.5087,2.1967
90.2496,0.4966,2.1405
90.2498,0.5662,2.4413
90.2500,0.5629,2.4251
90.2502,0.6434,2.773
90.2504,0.5867,2.5297
90.2506,0.566,2.4419
90.2508,0.5866,2.528
90.2510,0.6162,2.6532
90.2512,0.6236,2.6827
90.2514,0.6283,2.7054
90.2516,0.6205,2.673
90.2518,0.5862,2.5265
90.2520,0.5681,2.4507
90.2522,0.5071,2.1895
90.2524,0.5143,2.2185
90.2526,0.54,2.3265
90.2528,0.5535,2.3832
90.2530,0.6511,2.7983
90.2532,0.7652,3.2934
90.2534,0.668,2.8789
90.2536,0.5935,2.558
90.2538,0.6043,2.6069
90.2540,0.5575,2.4052
90.2542,0.4701,2.0281
90.2544,0.4555,1.9678
90.2546,0.4563,1.9696
90.2548,0.4586,1.9785
90.2550,0.4545,1.9627
90.2552,0.4668,2.0146
90.2554,0.4629,1.999
90.2556,0.4539,1.961
90.2558,0.4717,2.0349
90.2560,0.5014,2.1641
90.2562,0.4519,1.9513
90.2564,0.4467,1.9291
90.2566,0.4459,1.9237
90.2568,0.4475,1.9313
90.2570,0.4485,1.9359
90.2572,0.4508,1.9449
90.2574,0.4464,1.9284
90.2576,0.4457,1.9244
90.2578,0.4466,1.9277
90.2580,0.4493,1.9372
90.2582,0.4527,1.9522
90.2584,0.4496,1.9388
90.2586,0.4785,2.0596
90.2588,0.5523,2.3802
90.2590,0.5963,2.5687
90.2592,0.5746,2.4752
90.2594,0.5222,2.2537
90.2596,0.4603,1.9866
90.2598,0.5025,2.1658
90.2600,0.5216,2.2438
90.2602,0.5929,2.5531
90.2604,0.621,2.6701
90.2606,0.6589,2.8304
90.2608,0.7095,3.0535
90.2610,0.673,2.8926
90.2612,0.7515,3.2286
90.2614,0.7582,3.259
90.2616,0.7093,3.0501
90.2618,0.6686,2.8762
90.2620,0.6527,2.8068
90.2622,0.6559,2.8215
90.2624,0.6706,2.8823
90.2626,0.7147,3.0748
90.2628,0.6339,2.7334
90.2630,0.5349,2.3053
90.2632,0.5178,2.2309
90.2634,0.5437,2.3425
90.2636,0.5957,2.5661
90.2638,0.591,2.546
90.2640,0.567,2.4404
90.2642,0.5807,2.5016
90.2644,0.5686,2.446
90.2646,0.5693,2.4513
90.2648,0.5671,2.4432
90.2650,0.5634,2.4238
90.2652,0.6035,2.5985
90.2654,0.5876,2.5292
90.2656,0.6105,2.6314
90.2658,0.5762,2.4836
90.2660,0.5961,2.5646
90.2662,0.6211,2.6794
90.2664,0.5314,2.2914
90.2666,0.4952,2.1382
90.2668,0.3941,1.7002
90.2670,0.3896,1.6821
90.2672,0.3921,1.693
90.2674,0.3834,1.6565
90.2676,0.3783,1.6319
90.2678,0.3856,1.6642
90.2680,0.3999,1.7258
90.2682,0.4131,1.7844
90.2684,0.3725,1.6086
90.2686,0.3843,1.6578
90.2688,0.3938,1.6994
90.2690,0.4062,1.7549
90.2692,0.3809,1.6441
90.2694,0.4116,1.7749
90.2696,0.4169,1.8001
90.2698,0.4635,1.9941
90.2700,0.6134,2.6352
90.2702,0.6485,2.7887
90.2704,0.6664,2.8655
90.2706,0.6794,2.9158
90.2708,0.7437,3.1921
90.2710,0.8194,3.5185
90.2712,0.8,3.4335
90.2714,0.8047,3.4552
90.2716,0.7975,3.4179
90.2718,0.8539,3.6617
90.2720,0.8942,3.829
90.2722,0.9924,4.2535
90.2724,0.9328,3.9925
90.2726,0.9379,4.0197
90.2728,0.9021,3.8701
90.2730,0.9139,3.9151
90.2732,0.947,4.0549
90.2734,0.919,3.939
90.2736,0.9618,4.1071
90.2738,1.1154,4.7696
90.2740,1.0777,4.6103
90.2742,1.0888,4.658
90.2744,1.067,4.5646
90.2746,1.073,4.5902
90.2748,1.0895,4.6697
90.2750,0.9743,4.1739
90.2752,0.9464,4.0543
90.2754,0.9437,4.0524
90.2756,0.8479,3.6427
90.2758,0.8241,3.5402
90.2760,0.8168,3.5072
90.2762,0.8412,3.6055
90.2764,0.9182,3.9372
90.2766,0.9157,3.9264
90.2768,0.9771,4.1838
90.2770,1.0146,4.3445
90.2772,1.0092,4.3234
90.2774,1.0557,4.5185
90.2776,1.0892,4.6551
90.2778,1.1097,4.7583
90.2780,0.9722,4.1705
90.2782,0.8713,3.7379
90.2784,0.9044,3.8799
90.2786,0.8801,3.7843
90.2788,0.7651,3.2899
90.2790,0.8217,3.5283
90.2792,0.8509,3.6522
90.2794,0.8707,3.7389
90.2796,0.8618,3.7008
90.2798,0.8525,3.6606
90.2800,0.8117,3.4888
90.2802,0.7839,3.3708
90.2804,0.7675,3.2986
90.2806,0.7911,3.3954
90.2808,0.8461,3.635
90.2810,0.7958,3.4187
90.2812,0.8121,3.492
90.2814,0.7955,3.416
90.2816,0.8469,3.6449
90.2818,0.7652,3.2904
90.2820,0.7935,3.4105
90.2822,0.7373,3.1776
90.2824,0.6213,2.6791
90.2826,0.6159,2.6546
90.2828,0.6399,2.7516
90.2830,0.7937,3.4051
90.2832,0.8485,3.647
90.2834,0.775,3.342
90.2836,0.6032,2.6035
90.2838,0.5139,2.218
90.2840,0.4997,2.1589
90.2842,0.4851,2.0938
90.2844,0.4744,2.0468
90.2846,0.4766,2.0589
90.2848,0.4759,2.0549
90.2850,0.511,2.2045
90.2852,0.5443,2.3472
90.2854,0.5283,2.2801
90.2856,0.5217,2.2516
90.2858,0.5246,2.263
90.2860,0.5267,2.2702
90.2862,0.5262,2.2681
90.2864,0.5852,2.5188
90.2866,0.684,2.9468
90.2868,0.6502,2.8011
90.2870,0.5794,2.4982
90.2872,0.531,2.292
90.2874,0.5252,2.2656
90.2876,0.5202,2.2454
90.2878,0.5252,2.2624
90.2880,0.5276,2.2738
90.2882,0.5268,2.2728
90.2884,0.5506,2.3752
90.2886,0.5196,2.2407
90.2888,0.5196,2.2407
90.2890,0.547,2.3597
90.2892,0.5342,2.3043
90.2894,0.5297,2.2842
90.2896,0.524,2.2551
90.2898,0.6354,2.732
90.2900,0.7091,3.0491
90.2902,0.6892,2.9676
90.2904,0.6229,2.6834
90.2906,0.6375,2.7426
90.2908,0.6704,2.8826
90.2910,0.6925,2.9793
90.2912,0.7237,3.1076
90.2914,0.7507,3.228
90.2916,0.7488,3.2182
90.2918,0.7484,3.2197
90.2920,0.6772,2.9133
90.2922,0.6767,2.9139
90.2924,0.6581,2.8339
90.2926,0.6849,2.9449
90.2928,0.7166,3.0816
90.2930,0.7141,3.0665
90.2932,0.7869,3.379
90.2934,0.8323,3.5724
90.2936,0.8647,3.7166
90.2938,0.8053,3.461
90.2940,0.7909,3.396
90.2942,0.7935,3.4121
90.2944,0.6945,2.9904
90.2946,0.6754,2.9042
90.2948,0.7312,3.1425
90.2950,0.794,3.4125
90.2952,0.8246,3.5406
90.2954,0.8325,3.5746
90.2956,0.8256,3.5453
90.2958,0.82,3.5227
90.2960,0.7782,3.3445
90.2962,0.7273,3.1275
90.2964,0.7442,3.1972
90.2966,0.7738,3.326
90.2968,0.733,3.1546
90.2970,0.7295,3.1397
90.2972,0.7007,3.0116
90.2974,0.7283,3.1287
90.2976,0.7457,3.2063
90.2978,0.6801,2.927
90.2980,0.6975,3.0047
90.2982,0.6593,2.8391
90.2984,0.6604,2.8424
90.2986,0.6505,2.8048
90.2988,0.5864,2.5263
90.2990,0.5766,2.4886
90.2992,0.4994,2.1533
90.2994,0.5861,2.526
90.2996,0.6029,2.5959
90.2998,0.6587,2.8378
90.3000,0.577,2.4902
90.3002,0.5096,2.1983
90.3004,0.5484,2.3648
90.3006,0.5702,2.4566
90.3008,0.5961,2.5682
90.3010,0.6206,2.6723
90.3012,0.5981,2.5788
90.3014,0.5271,2.2759
90.3016,0.4441,1.9177
90.3018,0.412,1.7806
90.3020,0.4113,1.7775
90.3022,0.4113,1.7766
90.3024,0.4085,1.7647
90.3026,0.4056,1.7523
90.3028,0.4044,1.7471
90.3030,0.4706,2.0227
90.3032,0.662,2.8465
90.3034,0.6827,2.9425
90.3036,0.6087,2.6212
90.3038,0.6598,2.8425
90.3040,0.5939,2.5548
90.3042,0.6509,2.8003
90.3044,0.6689,2.875
90.3046,0.7371,3.1683
90.3048,0.7665,3.2945
90.3050,0.7931,3.4073
90.3052,0.8003,3.4366
90.3054,0.8148,3.4957
90.3056,0.8784,3.77
90.3058,0.8713,3.7397
90.3060,0.8671,3.7217
90.3062,0.8338,3.5769
90.3064,0.8533,3.6625
90.3066,0.8722,3.745
90.3068,0.8612,3.6982
90.3070,0.8399,3.6065
90.3072,0.8178,3.5151
90.3074,0.8183,3.5122
90.3076,0.8774,3.7589
90.3078,0.9206,3.9494
90.3080,0.9292,3.9845
90.3082,0.9719,4.1656
90.3084,0.9174,3.9373
90.3086,0.9165,3.9319
90.3088,0.9587,4.111
90.3090,0.924,3.9656
90.3092,0.8558,3.6767
90.3094,0.8144,3.4985
90.3096,0.823,3.5339
90.3098,0.8671,3.7303
90.3100,0.8121,3.4822
90.3102,0.8964,3.849
90.3104,0.9194,3.9442
90.3106,0.9397,4.0274
90.3108,0.9502,4.0745
90.3110,0.9581,4.1065
90.3112,0.9713,4.165
90.3114,0.9633,4.1286
90.3116,0.9692,4.1596
90.3118,0.9315,3.998
90.3120,0.9229,3.9628
90.3122,0.8087,3.4791
90.3124,0.7518,3.2296
90.3126,0.8008,3.4403
90.3128,0.8537,3.6692
90.3130,0.8195,3.5239
90.3132,0.779,3.3497
90.3134,0.8097,3.48
90.3136,0.8398,3.6094
90.3138,0.8458,3.6301
90.3140,0.8194,3.5218
90.3142,0.7807,3.3569
90.3144,0.7742,3.3275
90.3146,0.8078,3.4734
90.3148,0.7834,3.3734
90.3150,0.7539,3.2404
90.3152,0.7692,3.3105
90.3154,0.7234,3.1177
90.3156,0.6282,2.7061
90.3158,0.605,2.6052
90.3160,0.6537,2.8161
90.3162,0.632,2.7226
90.3164,0.7037,3.0315
90.3166,0.6851,2.9528
90.3168,0.5922,2.5535
90.3170,0.5433,2.3447
90.3172,0.4977,2.1491
90.3174,0.4997,2.1549
90.3176,0.5417,2.3359
90.3178,0.5235,2.2635
90.3180,0.4129,1.7864
90.3182,0.4014,1.7342
90.3184,0.4396,1.8971
90.3186,0.4537,1.96
90.3188,0.4496,1.9415
90.3190,0.4518,1.9499
90.3192,0.4556,1.9655
90.3194,0.4977,2.1471
90.3196,0.5812,2.5036
90.3198,0.668,2.8736
90.3200,0.7008,3.0191
90.3202,0.5571,2.4054
90.3204,0.469,2.0263
90.3206,0.4675,2.0158
90.3208,0.4954,2.1363
90.3210,0.5132,2.2118
90.3212,0.5595,2.4135
90.3214,0.5615,2.4212
90.3216,0.599,2.583
90.3218,0.5777,2.4886
90.3220,0.5807,2.5039
90.3222,0.5119,2.2102
90.3224,0.4625,1.996
90.3226,0.459,1.9809
90.3228,0.4598,1.9855
90.3230,0.4584,1.9802
90.3232,0.4496,1.9406
90.3234,0.4435,1.9151
90.3236,0.4416,1.9068
90.3238,0.4404,1.8999
90.3240,0.4465,1.9271
90.3242,0.4455,1.923
90.3244,0.4477,1.9314
90.3246,0.4457,1.9235
90.3248,0.446,1.926
90.3250,0.4461,1.9265
90.3252,0.4587,1.9818
90.3254,0.4488,1.937
90.3256,0.4676,2.0145
90.3258,0.5355,2.3068
90.3260,0.5463,2.3544
90.3262,0.5732,2.4695
90.3264,0.5493,2.3684
90.3266,0.5556,2.3947
90.3268,0.5581,2.4056
90.3270,0.5822,2.5048
90.3272,0.5965,2.5709
90.3274,0.5523,2.3802
90.3276,0.5561,2.3912
90.3278,0.6067,2.6064
90.3280,0.7246,3.1113
90.3282,0.8092,3.4731
90.3284,0.8838,3.7897
90.3286,0.7892,3.3998
90.3288,0.5966,2.5726
90.3290,0.5567,2.3994
90.3292,0.5214,2.2464
90.3294,0.5429,2.3378
90.3296,0.6077,2.6153
90.3298,0.6597,2.8393
90.3300,0.6253,2.6925
90.3302,0.6129,2.6368
90.3304,0.6342,2.7281
90.3306,0.6686,2.8722
90.3308,0.7204,3.0932
90.3310,0.7594,3.2641
90.3312,0.7308,3.1453
90.3314,0.6963,2.9939
90.3316,0.714,3.0688
90.3318,0.71,3.0532
90.3320,0.7023,3.0239
90.3322,0.5833,2.5164
90.3324,0.4869,2.0986
90.3326,0.4867,2.0985
90.3328,0.5011,2.1606
90.3330,0.502,2.1657
90.3332,0.458,1.9759
90.3334,0.4915,2.1202
90.3336,0.5155,2.2206
90.3338,0.5254,2.2655
90.3340,0.5256,2.2655
90.3342,0.5302,2.2841
90.3344,0.5501,2.372
90.3346,0.4707,2.0335
90.3348,0.4007,1.7295
90.3350,0.4085,1.7639
90.3352,0.3963,1.7119
90.3354,0.391,1.6875
90.3356,0.3964,1.7084
90.3358,0.4499,1.9425
90.3360,0.4403,1.8958
90.3362,0.5909,2.5396
90.3364,0.6555,2.8199
90.3366,0.596,2.5677
90.3368,0.5879,2.529
90.3370,0.6519,2.8032
90.3372,0.6646,2.8565
90.3374,0.7039,3.0227
90.3376,0.7242,3.1126
90.3378,0.7115,3.058
90.3380,0.7339,3.1499
90.3382,0.7843,3.3661
90.3384,0.8075,3.4611
90.3386,0.955,4.0932
90.3388,0.9085,3.8974
90.3390,0.8647,3.7045
90.3392,0.8911,3.8192
90.3394,0.9139,3.9169
90.3396,0.9436,4.0443
90.3398,0.9754,4.1786
90.3400,0.9534,4.0865
90.3402,0.9584,4.1056
90.3404,0.963,4.1237
90.3406,0.9717,4.1646
90.3408,0.966,4.1385
90.3410,0.952,4.0841
90.3412,0.8773,3.7654
90.3414,0.819,3.5202
90.3416,0.8202,3.5221
90.3418,0.8618,3.6956
90.3420,0.8748,3.7494
90.3422,0.9118,3.91
90.3424,0.9246,3.9645
90.3426,0.8605,3.6934
90.3428,0.9018,3.874
90.3430,0.7969,3.4233
90.3432,0.8242,3.5374
90.3434,0.8418,3.6165
90.3436,0.7761,3.3357
90.3438,0.7537,3.2394
90.3440,0.7672,3.2961
90.3442,0.7785,3.346
90.3444,0.7953,3.4198
90.3446,0.7764,3.3383
90.3448,0.7858,3.3759
90.3450,0.8056,3.4593
90.3452,0.814,3.497
90.3454,0.8196,3.5163
90.3456,0.8975,3.8537
90.3458,0.8268,3.5521
90.3460,0.85,3.6515
90.3462,0.8207,3.5258
90.3464,0.7541,3.2439
90.3466,0.7748,3.327
90.3468,0.8334,3.5771
90.3470,0.7766,3.3363
90.3472,0.7837,3.3666
90.3474,0.8212,3.5279
90.3476,0.8116,3.4867
90.3478,0.8208,3.528
90.3480,0.7892,3.3903
90.3482,0.8033,3.4559
90.3484,0.7116,3.0642
90.3486,0.614,2.6439
90.3488,0.6258,2.697
90.3490,0.5714,2.4652
90.3492,0.5629,2.4285
90.3494,0.5994,2.5809
90.3496,0.667,2.8695
90.3498,0.6993,3.0138
90.3500,0.6253,2.695
90.3502,0.6096,2.6224
90.3504,0.6814,2.9314
90.3506,0.7249,3.1229
90.3508,0.6658,2.867
90.3510,0.6559,2.8254
90.3512,0.6339,2.7258
90.3514,0.7184,3.0922
90.3516,0.7306,3.1458
90.3518,0.67,2.8837
90.3520,0.6389,2.75
90.3522,0.6469,2.7854
90.3524,0.6694,2.8825
90.3526,0.6934,2.9829
90.3528,0.7942,3.4136
90.3530,0.7806,3.3548
90.3532,0.743,3.1965
90.3534,0.7358,3.1729
90.3536,0.578,2.4913
90.3538,0.5324,2.2955
90.3540,0.5294,2.2837
90.3542,0.5242,2.2635
90.3544,0.5242,2.2614
90.3546,0.528,2.2759
90.3548,0.5315,2.2919
90.3550,0.5425,2.3406
90.3552,0.527,2.2723
90.3554,0.5253,2.2661
90.3556,0.5289,2.2805
90.3558,0.5273,2.2728
90.3560,0.5327,2.296
90.3562,0.6401,2.7526
90.3564,0.7232,3.1143
90.3566,0.5869,2.5296
90.3568,0.5461,2.3561
90.3570,0.5397,2.326
90.3572,0.5381,2.3193
90.3574,0.5605,2.4114
90.3576,0.6664,2.8735
90.3578,0.5466,2.3581
90.3580,0.5264,2.2718
90.3582,0.5264,2.2697
90.3584,0.5261,2.2665
90.3586,0.5372,2.313
90.3588,0.6071,2.6103
90.3590,0.655,2.8205
90.3592,0.6376,2.7444
90.3594,0.7261,3.1179
90.3596,0.7913,3.4028
90.3598,0.699,3.0086
90.3600,0.665,2.862
90.3602,0.6461,2.7797
90.3604,0.6639,2.8547
90.3606,0.7723,3.3177
90.3608,0.7867,3.3842
90.3610,0.7252,3.1182
90.3612,0.7971,3.4211
90.3614,0.8535,3.663
90.3616,0.8329,3.5817
90.3618,0.7749,3.3306
90.3620,0.7144,3.0761
90.3622,0.6497,2.7926
90.3624,0.7068,3.0464
90.3626,0.6882,2.9566
90.3628,0.7618,3.2744
90.3630,0.758,3.2594
90.3632,0.7196,3.0959
90.3634,0.6642,2.8576
90.3636,0.68,2.9265
90.3638,0.6939,2.985
90.3640,0.7102,3.0552
90.3642,0.7077,3.0457
90.3644,0.6574,2.8308
90.3646,0.5542,2.3885
90.3648,0.5452,2.353
90.3650,0.4664,2.0168
90.3652,0.4029,1.7396
90.3654,0.4012,1.7323
90.3656,0.4011,1.7326
90.3658,0.4048,1.7462
90.3660,0.5381,2.3193
90.3662,0.5699,2.4551
90.3664,0.5243,2.264
90.3666,0.4117,1.7787
90.3668,0.4005,1.73
90.3670,0.3948,1.7065
90.3672,0.3965,1.7137
90.3674,0.4318,1.8635
90.3676,0.453,1.956
90.3678,0.4127,1.7829
90.3680,0.3814,1.6477
90.3682,0.3958,1.7082
90.3684,0.4153,1.7918
90.3686,0.4054,1.7496
90.3688,0.4096,1.7677
90.3690,0.4557,1.9652
90.3692,0.5947,2.5584
90.3694,0.6358,2.7404
90.3696,0.5575,2.4019
90.3698,0.5845,2.5157
90.3700,0.6567,2.8225
90.3702,0.7048,3.0319
90.3704,0.6899,2.9666
90.3706,0.7172,3.0813
90.3708,0.7325,3.1482
90.3710,0.7465,3.2055
90.3712,0.8393,3.5989
90.3714,0.8778,3.7605
90.3716,0.8658,3.7143
90.3718,0.9038,3.8701
90.3720,0.9915,4.2414
90.3722,1.0287,4.4051
90.3724,1.0236,4.3851
90.3726,0.9981,4.2757
90.3728,1.0177,4.3558
90.3730,1.0154,4.344
90.3732,1.0503,4.4975
90.3734,1.079,4.6094
90.3736,1.1379,4.8677
90.3738,1.0822,4.6341
90.3740,1.0716,4.5841
90.3742,1.0942,4.6788
90.3744,1.0879,4.6495
90.3746,1.1194,4.7888
90.3748,1.0759,4.6198
90.3750,0.8815,3.7852
90.3752,0.8556,3.6706
90.3754,0.9477,4.0618
90.3756,1.0718,4.5915
90.3758,1.0385,4.4467
90.3760,1.0204,4.3732
90.3762,0.976,4.185
90.3764,0.9778,4.1869
90.3766,1.029,4.4041
90.3768,0.9735,4.184
90.3770,0.8616,3.7049
90.3772,0.7942,3.4151
90.3774,0.8007,3.4398
90.3776,0.8473,3.6385
90.3778,0.8352,3.5848
90.3780,0.9154,3.9291
90.3782,0.9178,3.9412
90.3784,0.8762,3.7696
90.3786,0.7479,3.2206
90.3788,0.7411,3.1882
90.3790,0.7696,3.311
90.3792,0.7656,3.2904
90.3794,0.7674,3.3012
90.3796,0.7575,3.2634
90.3798,0.7017,3.0199
90.3800,0.7081,3.0478
90.3802,0.7351,3.1624
90.3804,0.7853,3.377
90.3806,0.7252,3.1225
90.3808,0.6666,2.8692
90.3810,0.6298,2.7196
90.3812,0.5267,2.2723
90.3814,0.5425,2.3416
90.3816,0.5128,2.2113
90.3818,0.6102,2.6286
90.3820,0.6374,2.7459
90.3822,0.6705,2.8871
90.3824,0.643,2.7676
90.3826,0.6496,2.7986
90.3828,0.6413,2.7642
90.3830,0.6044,2.6063
90.3832,0.5951,2.5635
90.3834,0.6229,2.6821
90.3836,0.6641,2.8637
90.3838,0.5752,2.4824
90.3840,0.4941,2.1316
90.3842,0.4573,1.9719
90.3844,0.5351,2.3106
90.3846,0.4756,2.0557
90.3848,0.4521,1.9533
90.3850,0.4491,1.9394
90.3852,0.4471,1.9315
90.3854,0.4526,1.9553
90.3856,0.4935,2.127
90.3858,0.5398,2.3287
90.3860,0.539,2.3261
90.3862,0.464,2.0045
90.3864,0.4535,1.9599
90.3866,0.4497,1.942
90.3868,0.4457,1.9262
90.3870,0.4435,1.9133
90.3872,0.4854,2.0948
90.3874,0.449,1.938
90.3876,0.4878,2.1022
90.3878,0.5356,2.3116
90.3880,0.4603,1.9876
90.3882,0.4608,1.9896
90.3884,0.446,1.9251
90.3886,0.4336,1.8721
90.3888,0.4312,1.8618
90.3890,0.433,1.8695
90.3892,0.4442,1.9173
90.3894,0.4689,2.0239
90.3896,0.4603,1.9857
90.3898,0.4822,2.0794
90.3900,0.5433,2.3415
90.3902,0.573,2.4696
90.3904,0.5754,2.4788
90.3906,0.5813,2.5053
90.3908,0.5952,2.5629
90.3910,0.617,2.6556
90.3912,0.6174,2.6584
90.3914,0.6176,2.6569
90.3916,0.6391,2.7518
90.3918,0.6296,2.7136
90.3920,0.5857,2.5233
90.3922,0.5795,2.4952
90.3924,0.6133,2.6384
90.3926,0.6532,2.8101
90.3928,0.6568,2.8256
90.3930,0.6621,2.8457
90.3932,0.6988,3.002
90.3934,0.7085,3.0479
90.3936,0.6783,2.9207
90.3938,0.6729,2.8907
90.3940,0.7827,3.3563
90.3942,0.8737,3.75
90.3944,0.8653,3.7105
90.3946,0.8446,3.6232
90.3948,0.7855,3.3775
90.3950,0.6826,2.9433
90.3952,0.539,2.3218
90.3954,0.5631,2.4234
90.3956,0.6061,2.6123
90.3958,0.5671,2.4432
90.3960,0.5719,2.4639
90.3962,0.5946,2.5615
90.3964,0.5756,2.481
90.3966,0.5701,2.455
90.3968,0.5711,2.4602
90.3970,0.5755,2.4782
90.3972,0.62,2.6697
90.3974,0.5954,2.5627
90.3976,0.5611,2.4196
90.3978,0.5418,2.3342
90.3980,0.5568,2.401
90.3982,0.508,2.1916
90.3984,0.5178,2.235
90.3986,0.4955,2.1408
90.3988,0.4309,1.8607
90.3990,0.3938,1.6994
90.3992,0.3923,1.694
90.3994,0.4002,1.7282
90.3996,0.4226,1.8233
90.3998,0.492,2.1193
90.4000,0.5143,2.2164
90.4002,0.4744,2.0487
90.4004,0.411,1.7756
90.4006,0.4047,1.7473
90.4008,0.4007,1.7295
90.4010,0.4211,1.8157
90.4012,0.5,2.1519
90.4014,0.5585,2.4038
90.4016,0.5736,2.4722
90.4018,0.5198,2.2433
90.4020,0.4477,1.9287
90.4022,0.543,2.3405
90.4024,0.5285,2.28
90.4026,0.5024,2.1663
90.4028,0.5144,2.2149
90.4030,0.5496,2.3645
90.4032,0.6138,2.6392
90.4034,0.6075,2.6185
90.4036,0.5922,2.5511
90.4038,0.6568,2.8177
90.4040,0.7417,3.1849
90.4042,0.7226,3.1073
90.4044,0.7176,3.0814
90.4046,0.8017,3.4343
90.4048,0.885,3.7948
90.4050,0.8429,3.616
90.4052,0.8547,3.6682
90.4054,0.8773,3.7619
90.4056,0.9572,4.0948
90.4058,1.0063,4.3111
90.4060,0.9169,3.9261
90.4062,0.9632,4.1204
90.4064,1.0094,4.3184
90.4066,1.0284,4.4056
90.4068,1.0367,4.439
90.4070,1.0135,4.3379
90.4072,0.9979,4.2751
90.4074,1.0638,4.5507
90.4076,1.0684,4.5772
90.4078,0.9286,3.9857
90.4080,0.794,3.4078
90.4082,0.8424,3.6123
90.4084,0.9285,3.9833
90.4086,0.8622,3.7023
90.4088,0.8202,3.5237
90.4090,0.8391,3.5979
90.4092,0.9256,3.971
90.4094,0.9196,3.9544
90.4096,0.7838,3.3672
90.4098,0.8128,3.4902
90.4100,0.8696,3.7273
90.4102,0.8687,3.7284
90.4104,0.8726,3.7471
90.4106,0.8886,3.812
90.4108,0.8892,3.8128
90.4110,0.8734,3.7432
90.4112,0.9368,4.0188
90.4114,0.927,3.9766
90.4116,0.8803,3.7783
90.4118,0.8696,3.7307
90.4120,0.913,3.9169
90.4122,0.8927,3.8259
90.4124,0.9072,3.8917
90.4126,0.935,4.0092
90.4128,0.9434,4.0527
90.4130,0.9003,3.8642
90.4132,0.8536,3.6669
90.4134,0.8315,3.5738
90.4136,0.799,3.4342
90.4138,0.7868,3.3816
90.4140,0.7568,3.2588
90.4142,0.726,3.1203
90.4144,0.7653,3.2878
90.4146,0.8165,3.5094
90.4148,0.8032,3.4458
90.4150,0.8809,3.7826
90.4152,0.8199,3.5206
90.4154,0.8485,3.6385
90.4156,0.8724,3.7513
90.4158,0.7451,3.2127
90.4160,0.5984,2.5792
90.4162,0.6277,2.704
90.4164,0.652,2.8089
90.4166,0.667,2.8708
90.4168,0.6485,2.7939
90.4170,0.6057,2.6119
90.4172,0.5819,2.5102
90.4174,0.5743,2.473
90.4176,0.6487,2.7944
90.4178,0.667,2.8735
90.4180,0.6698,2.8827
90.4182,0.6688,2.8812
90.4184,0.6138,2.6466
90.4186,0.5923,2.5517
90.4188,0.6701,2.8815
90.4190,0.7618,3.2759
90.4192,0.7126,3.0712
90.4194,0.6443,2.781
90.4196,0.5557,2.3975
90.4198,0.5178,2.2319
90.4200,0.5397,2.3281
90.4202,0.5342,2.3054
90.4204,0.5272,2.2722
90.4206,0.5708,2.4592
90.4208,0.6126,2.639
90.4210,0.6342,2.7332
90.4212,0.6339,2.7309
90.4214,0.6292,2.7095
90.4216,0.6066,2.6168
90.4218,0.5336,2.3028
90.4220,0.5332,2.2981
90.4222,0.6053,2.6002
90.4224,0.7711,3.311
90.4226,0.7547,3.2541
90.4228,0.5879,2.5349
90.4230,0.5506,2.3741
90.4232,0.5469,2.3592
90.4234,0.5467,2.3587
90.4236,0.5458,2.3523
90.4238,0.5404,2.3302
90.4240,0.5434,2.3431
90.4242,0.5399,2.3259
90.4244,0.5379,2.3204
90.4246,0.5633,2.43
90.4248,0.6068,2.6117
90.4250,0.6372,2.7436
90.4252,0.6379,2.7467
90.4254,0.6622,2.8462
90.4256,0.7742,3.3321
90.4258,0.6768,2.9131
90.4260,0.6334,2.7263
90.4262,0.6421,2.7635
90.4264,0.6842,2.9391
90.4266,0.7973,3.4301
90.4268,0.7129,3.0627
90.4270,0.7633,3.2791
90.4272,0.7657,3.294
90.4274,0.7189,3.0928
90.4276,0.7406,3.1862
90.4278,0.7416,3.1903
90.4280,0.7555,3.2471
90.4282,0.7072,3.0437
90.4284,0.6192,2.6686
90.4286,0.6102,2.6274
90.4288,0.6738,2.8948
90.4290,0.7674,3.2997
90.4292,0.6964,2.9986
90.4294,0.6339,2.7322
90.4296,0.658,2.8321
90.4298,0.7138,3.0692
90.4300,0.7273,3.1275
90.4302,0.7256,3.1202
90.4304,0.7054,3.0331
90.4306,0.7201,3.0994
90.4308,0.6603,2.8406
90.4310,0.7246,3.117
90.4312,0.694,2.9855
90.4314,0.7066,3.0369
90.4316,0.7979,3.4295
90.4318,0.7147,3.0776
90.4320,0.6423,2.7619
90.4322,0.6947,2.9886
90.4324,0.6844,2.947
90.4326,0.6812,2.929
90.4328,0.719,3.0948
90.4330,0.6482,2.7885
90.4332,0.6912,2.9764
90.4334,0.6967,2.996
90.4336,0.718,3.0872
90.4338,0.7114,3.0575
90.4340,0.7483,3.2207
90.4342,0.7104,3.0533
90.4344,0.7833,3.3714
90.4346,0.6461,2.7875
90.4348,0.5797,2.4986
90.4350,0.6065,2.6114
90.4352,0.6475,2.7893
90.4354,0.5995,2.5827
90.4356,0.5728,2.4732
90.4358,0.5017,2.1642
90.4360,0.5095,2.1978
90.4362,0.5527,2.3834
90.4364,0.6121,2.6357
90.4366,0.5872,2.5295
90.4368,0.5748,2.4774
90.4370,0.6482,2.7885
90.4372,0.7158,3.0751
90.4374,0.7393,3.1805
90.4376,0.7147,3.0733
90.4378,0.7676,3.2961
90.4380,0.8056,3.4593
90.4382,0.8624,3.6982
90.4384,0.994,4.2582
90.4386,0.9985,4.2777
90.4388,0.9847,4.2167
90.4390,0.9933,4.2551
90.4392,1.0158,4.3496
90.4394,1.1054,4.7287
90.4396,1.1126,4.7617
90.4398,1.0526,4.5051
90.4400,1.0817,4.6277
90.4402,1.1338,4.848
90.4404,1.1462,4.9151
90.4406,0.9973,4.2805
90.4408,0.9573,4.101
90.4410,0.982,4.2107
90.4412,0.9549,4.1003
90.4414,0.9126,3.9131
90.4416,0.9569,4.1014
90.4418,0.9859,4.2257
90.4420,0.9475,4.0646
90.4422,0.9311,3.9928
90.4424,0.8971,3.8521
90.4426,0.887,3.8107
90.4428,0.819,3.5219
90.4430,0.79,3.3971
90.4432,0.7219,3.1071
90.4434,0.7066,3.0439
90.4436,0.696,2.9971
90.4438,0.7387,3.1735
90.4440,0.8355,3.5858
90.4442,0.8544,3.6757
90.4444,0.8032,3.457
90.4446,0.7431,3.1985
90.4448,0.7237,3.1134
90.4450,0.7062,3.0395
90.4452,0.7231,3.1138
90.4454,0.6964,2.9972
90.4456,0.7475,3.2156
90.4458,0.7639,3.2893
90.4460,0.7124,3.0678
90.4462,0.703,3.0228
90.4464,0.7563,3.2507
90.4466,0.7363,3.1735
90.4468,0.6286,2.7094
90.4470,0.6658,2.8656
90.4472,0.7382,3.1803
90.4474,0.6684,2.881
90.4476,0.6166,2.6565
90.4478,0.6657,2.8704
90.4480,0.6147,2.6507
90.4482,0.5802,2.503
90.4484,0.5566,2.4011
90.4486,0.6002,2.5858
90.4488,0.6936,2.9909
90.4490,0.6373,2.7505
90.4492,0.6054,2.6128
90.4494,0.5419,2.3391
90.4496,0.4824,2.0819
90.4498,0.4868,2.102
90.4500,0.502,2.1667
90.4502,0.5072,2.188
90.4504,0.5437,2.3436
90.4506,0.5922,2.5559
90.4508,0.5449,2.352
90.4510,0.5242,2.2625
90.4512,0.5342,2.3043
90.4514,0.5212,2.2464
90.4516,0.5538,2.3881
90.4518,0.599,2.577
90.4520,0.6724,2.8967
90.4522,0.6802,2.9303
90.4524,0.6324,2.7267
90.4526,0.5416,2.3364
90.4528,0.5557,2.3952
90.4530,0.5898,2.542
90.4532,0.587,2.5301
90.4534,0.5837,2.5145
90.4536,0.5854,2.524
90.4538,0.5681,2.4485
90.4540,0.6192,2.6698
90.4542,0.524,2.2625
90.4544,0.4808,2.0761
90.4546,0.4665,2.0136
90.4548,0.4542,1.9612
90.4550,0.4514,1.9474
90.4552,0.4975,2.1461
90.4554,0.4617,1.9929
90.4556,0.446,1.9277
90.4558,0.4506,1.9456
90.4560,0.4487,1.9373
90.4562,0.4512,1.9482
90.4564,0.4484,1.9372
90.4566,0.4815,2.0782
90.4568,0.4651,2.0073
90.4570,0.4491,1.9394
90.4572,0.4526,1.9535
90.4574,0.4484,1.9372
90.4576,0.446,1.926
90.4578,0.447,1.9292
90.4580,0.4782,2.0609
90.4582,0.5632,2.4273
90.4584,0.5746,2.4741
90.4586,0.6073,2.615
90.4588,0.5819,2.5067
90.4590,0.558,2.4062
90.4592,0.5683,2.4484
90.4594,0.5729,2.468
90.4596,0.5977,2.5713
90.4598,0.6493,2.7918
90.4600,0.7767,3.3337
90.4602,0.8055,3.4604
90.4604,0.7423,3.1904
90.4606,0.7278,3.1324
90.4608,0.6802,2.9276
90.4610,0.6766,2.908
90.4612,0.7234,3.1104
90.4614,0.6555,2.8239
90.4616,0.637,2.7418
90.4618,0.6506,2.7988
90.4620,0.6651,2.8639
90.4622,0.6397,2.7544
90.4624,0.6061,2.6086
90.4626,0.591,2.5483
90.4628,0.5687,2.4488
90.4630,0.5897,2.5391
90.4632,0.5912,2.5482
90.4634,0.5975,2.5739
90.4636,0.6031,2.5994
90.4638,0.5437,2.3436
90.4640,0.527,2.2723
90.4642,0.5851,2.5195
90.4644,0.5881,2.5348
90.4646,0.5463,2.3533
90.4648,0.5496,2.3689
90.4650,0.535,2.3037
90.4652,0.5884,2.5323
90.4654,0.6277,2.7015
90.4656,0.5603,2.4205
90.4658,0.418,1.8056
90.4660,0.3855,1.6653
90.4662,0.3717,1.6057
90.4664,0.3718,1.6055
90.4666,0.4326,1.868
90.4668,0.3968,1.7132
90.4670,0.3839,1.657
90.4672,0.3726,1.6098
90.4674,0.3718,1.607
90.4676,0.3728,1.6096
90.4678,0.3881,1.6751
90.4680,0.4292,1.8492
90.4682,0.5273,2.2706
90.4684,0.5139,2.2159
90.4686,0.5195,2.2371
90.4688,0.5687,2.4499
90.4690,0.5425,2.3373
90.4692,0.5423,2.3341
90.4694,0.6055,2.6061
90.4696,0.6372,2.7423
90.4698,0.6074,2.6131
90.4700,0.6097,2.6217
90.4702,0.619,2.6619
90.4704,0.684,2.9386
90.4706,0.7922,3.4
90.4708,0.8333,3.5766
90.4710,0.8599,3.6908
90.4712,0.8652,3.7083
90.4714,0.869,3.7247
90.4716,0.9027,3.8637
90.4718,0.9663,4.1337
90.4720,1.0286,4.4046
90.4722,1.029,4.4061
90.4724,1.041,4.4595
90.4726,0.976,4.1772
90.4728,1.0525,4.5004
90.4730,1.1351,4.8514
90.4732,1.1608,4.968
90.4734,1.0202,4.3707
90.4736,1.012,4.3312
90.4738,1.0093,4.3239
90.4740,1.0015,4.2946
90.4742,0.9265,3.9746
90.4744,0.9078,3.8871
90.4746,0.966,4.1404
90.4748,0.9538,4.088
90.4750,0.8767,3.7699
90.4752,0.8243,3.5396
90.4754,0.8677,3.726
90.4756,0.8207,3.5274
90.4758,0.7765,3.3342
90.4760,0.8178,3.5134
90.4762,0.8106,3.4793
90.4764,0.8581,3.6796
90.4766,0.8977,3.8547
90.4768,0.876,3.7615
90.4770,0.8397,3.6072
90.4772,0.762,3.2749
90.4774,0.7716,3.3146
90.4776,0.8495,3.646
90.4778,0.8482,3.6404
90.4780,0.8488,3.6463
90.4782,0.8382,3.5993
90.4784,0.8264,3.5467
90.4786,0.8544,3.6757
90.4788,0.7828,3.363
90.4790,0.8401,3.6109
90.4792,0.8183,3.5155
90.4794,0.8068,3.4725
90.4796,0.7699,3.3059
90.4798,0.8558,3.675
90.4800,0.8735,3.749
90.4802,0.8379,3.6028
90.4804,0.7342,3.1613
90.4806,0.681,2.9366
90.4808,0.5969,2.5701
90.4810,0.6343,2.7312
90.4812,0.6813,2.9295
90.4814,0.7344,3.1579
90.4816,0.7499,3.2274
90.4818,0.7574,3.2584
90.4820,0.7397,3.1806
90.4822,0.7308,3.1409
90.4824,0.7001,3.0146
90.4826,0.661,2.8476
90.4828,0.6051,2.6094
90.4830,0.5752,2.4778
90.4832,0.6003,2.5887
90.4834,0.5755,2.4828
90.4836,0.5761,2.4842
90.4838,0.5833,2.5153
90.4840,0.5882,2.5341
90.4842,0.5995,2.5851
90.4844,0.5097,2.1998
90.4846,0.4945,2.1331
90.4848,0.5109,2.204
90.4850,0.4946,2.1337
90.4852,0.5812,2.5059
90.4854,0.6344,2.7304
90.4856,0.693,2.9855
90.4858,0.5969,2.5737
90.4860,0.5308,2.2888
90.4862,0.5285,2.28
90.4864,0.5235,2.2583
90.4866,0.523,2.2531
90.4868,0.5655,2.4394
90.4870,0.5266,2.2718
90.4872,0.5196,2.2397
90.4874,0.5324,2.2945
90.4876,0.5309,2.2883
90.4878,0.5419,2.338
90.4880,0.5223,2.2542
90.4882,0.5122,2.2087
90.4884,0.5127,2.2077
90.4886,0.599,2.5782
90.4888,0.6993,3.0082
90.4890,0.6665,2.8687
90.4892,0.5857,2.5233
90.4894,0.6069,2.6147
90.4896,0.6557,2.8223
90.4898,0.6607,2.8434
90.4900,0.6622,2.8515
90.4902,0.7015,3.0208
90.4904,0.7121,3.062
90.4906,0.7193,3.0944
90.4908,0.7086,3.047
90.4910,0.7397,3.1776
90.4912,0.7689,3.3033
90.4914,0.7934,3.4036
90.4916,0.864,3.71
90.4918,0.8616,3.6963
90.4920,0.8707,3.7319
90.4922,0.8535,3.6681
90.4924,0.8296,3.5656
90.4926,0.7397,3.182
90.4928,0.6888,2.9592
90.4930,0.7365,3.1686
90.4932,0.7157,3.0803
90.4934,0.7243,3.1189
90.4936,0.6633,2.8548
90.4938,0.6782,2.9174
90.4940,0.7617,3.2739
90.4942,0.7562,3.2502
90.4944,0.7138,3.0678
90.4946,0.7204,3.1048
90.4948,0.6338,2.7304
90.4950,0.6623,2.8507
90.4952,0.7006,3.0125
90.4954,0.6869,2.962
90.4956,0.6099,2.6276
90.4958,0.5915,2.5469
90.4960,0.633,2.7217
90.4962,0.6651,2.8652
90.4964,0.6574,2.8321
90.4966,0.6485,2.79
90.4968,0.6647,2.8557
90.4970,0.719,3.0933
90.4972,0.6891,2.9644
90.4974,0.7019,3.0182
90.4976,0.7306,3.1443
90.4978,0.6792,2.9248
90.4980,0.6569,2.8261
90.4982,0.6828,2.9375
90.4984,0.7207,3.1005
90.4986,0.7386,3.1774
90.4988,0.7371,3.1683
90.4990,0.7104,3.059
90.4992,0.54,2.3329
90.4994,0.415,1.7935
90.4996,0.4038,1.7453
90.4998,0.4147,1.7892
90.5000,0.5029,2.1673
90.5002,0.5337,2.3033
90.5004,0.478,2.0651
90.5006,0.4157,1.7941
90.5008,0.4102,1.772
90.5010,0.4452,1.9197
90.5012,0.5596,2.4118
90.5014,0.5808,2.5032
90.5016,0.5809,2.5014
90.5018,0.6168,2.6558
90.5020,0.5936,2.5573
90.5022,0.633,2.7217
90.5024,0.6272,2.7032
90.5026,0.5718,2.4622
90.5028,0.6178,2.6629
90.5030,0.5789,2.495
90.5032,0.5955,2.562
90.5034,0.6719,2.8879
90.5036,0.7566,3.2517
90.5038,0.7599,3.2647
90.5040,0.7457,3.2019
90.5042,0.776,3.3321
90.5044,0.8399,3.5981
90.5046,0.9763,4.1827
90.5048,1.0153,4.3516
90.5050,0.9994,4.2813
90.5052,0.9957,4.2654
90.5054,1.0055,4.3015
90.5056,1.0876,4.6485
90.5058,1.1022,4.7132
90.5060,1.065,4.5623
90.5062,1.0327,4.4241
90.5064,1.0749,4.5985
90.5066,1.1133,4.7604
90.5068,1.1072,4.7364
90.5070,1.11,4.7554
90.5072,1.0032,4.3038
90.5074,0.9566,4.1056
90.5076,0.8778,3.7675
90.5078,0.8874,3.8104
90.5080,0.9003,3.8678
90.5082,0.871,3.7381
90.5084,0.8828,3.7891
90.5086,0.8497,3.6454
90.5088,0.9121,3.9201
90.5090,0.7868,3.3848
90.5092,0.7526,3.2332
90.5094,0.8078,3.4734
90.5096,0.8026,3.4496
90.5098,0.8011,3.4429
90.5100,0.8353,3.5886
90.5102,0.8832,3.7906
90.5104,0.8668,3.7201
90.5106,0.8535,3.6664
90.5108,0.8584,3.6858
90.5110,0.9093,3.9101
90.5112,0.7704,3.3156
90.5114,0.7433,3.1931
90.5116,0.8184,3.5193
90.5118,0.741,3.1877
90.5120,0.7718,3.3203
90.5122,0.8029,3.4475
90.5124,0.8465,3.6366
90.5126,0.8439,3.6252
90.5128,0.8387,3.6081
90.5130,0.7079,3.051
90.5132,0.6415,2.7609
90.5134,0.7399,3.1831
90.5136,0.7006,3.0209
90.5138,0.6629,2.8559
90.5140,0.6941,2.986
90.5142,0.6741,2.908
90.5144,0.6169,2.6575
90.5146,0.6668,2.8684
90.5148,0.7157,3.0832
90.5150,0.6477,2.7955
90.5152,0.5491,2.3657
90.5154,0.5985,2.5845
90.5156,0.5097,2.2009
90.5158,0.4713,2.0343
90.5160,0.4843,2.0911
90.5162,0.4794,2.0708
90.5164,0.4774,2.0626
90.5166,0.4858,2.0959
90.5168,0.4872,2.1016
90.5170,0.5036,2.1755
90.5172,0.4975,2.15
90.5174,0.4352,1.8785
90.5176,0.4547,1.9641
90.5178,0.4349,1.8787
90.5180,0.4635,1.9988
90.5182,0.533,2.2981
90.5184,0.5006,2.1625
90.5186,0.4671,2.0171
90.5188,0.4632,2
90.5190,0.4946,2.1366
90.5192,0.4743,2.0481
90.5194,0.45,1.943
90.5196,0.4567,1.9711
90.5198,0.4985,2.1477
90.5200,0.5467,2.3554
90.5202,0.5457,2.354
90.5204,0.5455,2.3535
90.5206,0.4978,2.1496
90.5208,0.4595,1.983
90.5210,0.4578,1.9758
90.5212,0.4599,1.9851
90.5214,0.4981,2.1467
90.5216,0.5496,2.3689
90.5218,0.5778,2.4892
90.5220,0.6241,2.6848
90.5222,0.6298,2.7159
90.5224,0.5337,2.3044
90.5226,0.4693,2.0236
90.5228,0.4587,1.9808
90.5230,0.4575,1.9747
90.5232,0.4629,1.9962
90.5234,0.5158,2.2242
90.5236,0.4867,2.1005
90.5238,0.4786,2.0658
90.5240,0.522,2.2458
90.5242,0.6148,2.65
90.5244,0.5869,2.5284
90.5246,0.5742,2.4725
90.5248,0.5713,2.4601
90.5250,0.5675,2.4447
90.5252,0.5675,2.4459
90.5254,0.5802,2.496
90.5256,0.609,2.6235
90.5258,0.5664,2.4412
90.5260,0.6087,2.6212
90.5262,0.6473,2.7836
90.5264,0.7219,3.0956
90.5266,0.8255,3.5481
90.5268,0.6705,2.8831
90.5270,0.6579,2.8276
90.5272,0.691,2.9726
90.5274,0.6889,2.9694
90.5276,0.5637,2.4305
90.5278,0.5318,2.2929
90.5280,0.5364,2.3077
90.5282,0.631,2.7198
90.5284,0.5637,2.4305
90.5286,0.5481,2.3567
90.5288,0.6506,2.7975
90.5290,0.6948,2.9877
90.5292,0.6816,2.9324
90.5294,0.6819,2.9334
90.5296,0.6844,2.9415
90.5298,0.6987,3.007
90.5300,0.6436,2.7689
90.5302,0.6417,2.7619
90.5304,0.677,2.9109
90.5306,0.6783,2.9207
90.5308,0.6041,2.6011
90.5310,0.6045,2.6068
90.5312,0.5873,2.5276
90.5314,0.5746,2.4764
90.5316,0.4857,2.0934
90.5318,0.4958,2.1388
90.5320,0.4735,2.0417
90.5322,0.5354,2.3052
90.5324,0.5477,2.3639
90.5326,0.5222,2.2516
90.5328,0.5325,2.2939
90.5330,0.4825,2.0824
90.5332,0.4099,1.7693
90.5334,0.4107,1.7716
90.5336,0.4131,1.7819
90.5338,0.444,1.9145
90.5340,0.5905,2.5439
90.5342,0.5405,2.3296
90.5344,0.4997,2.1559
90.5346,0.4953,2.1358
90.5348,0.494,2.1291
90.5350,0.4982,2.1492
90.5352,0.5043,2.1735
90.5354,0.524,2.2562
90.5356,0.5544,2.384
90.5358,0.6153,2.6508
90.5360,0.5788,2.4945
90.5362,0.5718,2.4599
90.5364,0.6648,2.8549
90.5366,0.7308,3.1395
90.5368,0.7618,3.2698
90.5370,0.7813,3.3485
90.5372,0.8216,3.5245
90.5374,0.857,3.6767
90.5376,0.8941,3.8357
90.5378,0.8663,3.7146
90.5380,0.8795,3.7659
90.5382,0.9942,4.2532
90.5384,1.053,4.5004
90.5386,1.0966,4.6847
90.5388,1.1416,4.8768
90.5390,1.1225,4.8043
90.5392,1.0949,4.6841
90.5394,1.0978,4.692
90.5396,1.1338,4.8458
90.5398,1.0868,4.6558
90.5400,0.9286,3.9875
90.5402,0.8412,3.6105
90.5404,0.8446,3.6283
90.5406,0.8508,3.6517
90.5408,0.8823,3.7853
90.5410,0.8476,3.6361
90.5412,0.8654,3.7127
90.5414,0.8713,3.7397
90.5416,0.8799,3.7715
90.5418,0.8961,3.848
90.5420,0.8295,3.5651
90.5422,0.8518,3.6558
90.5424,0.8753,3.7654
90.5426,0.7594,3.2611
90.5428,0.868,3.7201
90.5430,0.9184,3.9401
90.5432,0.8615,3.7009
90.5434,0.8466,3.6388
90.5436,0.8282,3.5544
90.5438,0.8525,3.6623
90.5440,0.8001,3.442
90.5442,0.7816,3.3563
90.5444,0.8152,3.5037
90.5446,0.8244,3.5451
90.5448,0.7495,3.2213
90.5450,0.7867,3.3779
90.5452,0.8247,3.5461
90.5454,0.7888,3.3904
90.5456,0.8017,3.4439
90.5458,0.814,3.5018
90.5460,0.6883,2.964
90.5462,0.5951,2.5647
90.5464,0.5967,2.5696
90.5466,0.6447,2.7787
90.5468,0.6506,2.8027
90.5470,0.6864,2.9516
90.5472,0.7096,3.0526
90.5474,0.7288,3.1351
90.5476,0.7376,3.1718
90.5478,0.7005,3.0106
90.5480,0.7466,3.2134
90.5482,0.7055,3.0364
90.5484,0.6887,2.9642
90.5486,0.6579,2.8329
90.5488,0.6729,2.8947
90.5490,0.6933,2.9852
90.5492,0.6458,2.7794
90.5494,0.7202,3.097
90.5496,0.8054,3.4567
90.5498,0.8428,3.6206
90.5500,0.8054,3.4631
90.5502,0.7678,3.3002
90.5504,0.7635,3.2832
90.5506,0.779,3.3497
90.5508,0.71,3.0561
90.5510,0.6458,2.7794
90.5512,0.7095,3.0478
90.5514,0.7928,3.409
90.5516,0.809,3.4737
90.5518,0.8135,3.4998
90.5520,0.7524,3.2382
90.5522,0.7413,3.1863
90.5524,0.8288,3.5587
90.5526,0.8008,3.4387
90.5528,0.8242,3.5391
90.5530,0.8152,3.507
90.5532,0.7566,3.2533
90.5534,0.8045,3.4563
90.5536,0.7819,3.3683
90.5538,0.6548,2.8208
90.5540,0.6494,2.7962
90.5542,0.656,2.8233
90.5544,0.6488,2.7911
90.5546,0.7042,3.0308
90.5548,0.7303,3.1418
90.5550,0.7306,3.1458
90.5552,0.6618,2.8499
90.5554,0.6556,2.8244
90.5556,0.6478,2.7869
90.5558,0.688,2.9611
90.5560,0.7475,3.2141
90.5562,0.8018,3.4476
90.5564,0.7776,3.3481
90.5566,0.6928,2.9845
90.5568,0.6473,2.79
90.5570,0.6427,2.7647
90.5572,0.6888,2.9606
90.5574,0.7109,3.0568
90.5576,0.7274,3.128
90.5578,0.7256,3.1231
90.5580,0.7235,3.1139
90.5582,0.7216,3.1042
90.5584,0.7297,3.1363
90.5586,0.7728,3.3229
90.5588,0.7689,3.3079
90.5590,0.7726,3.3162
90.5592,0.8339,3.5808
90.5594,0.819,3.517
90.5596,0.7936,3.4126
90.5598,0.794,3.4109
90.5600,0.8267,3.5532
90.5602,0.8121,3.4855
90.5604,0.8477,3.6434
90.5606,0.7759,3.3332
90.5608,0.7616,3.2734
90.5610,0.8154,3.5048
90.5612,0.8385,3.5987
90.5614,0.8309,3.5746
90.5616,0.7874,3.3858
90.5618,0.776,3.3352
90.5620,0.7766,3.3363
90.5622,0.8413,3.6094
90.5624,0.8888,3.813
90.5626,0.9334,4.0081
90.5628,0.8982,3.8586
90.5630,0.8527,3.6616
90.5632,0.8514,3.656
90.5634,0.8683,3.7338
90.5636,0.8473,3.6402
90.5638,0.8377,3.5973
90.5640,0.8377,3.6006
90.5642,0.8002,3.4425
90.5644,0.7776,3.3419
90.5646,0.8037,3.4559
90.5648,0.794,3.4173
90.5650,0.8086,3.4754
90.5652,0.7862,3.3775
90.5654,0.8136,3.5036
90.5656,0.6059,2.6185
90.5658,0.4432,1.9144
90.5660,0.4842,2.0906
90.5662,0.479,2.0712
90.5664,0.4194,1.8144
90.5666,0.4091,1.7689
90.5668,0.4255,1.8391
90.5670,0.4455,1.923
90.5672,0.5384,2.3225
90.5674,0.5496,2.3733
90.5676,0.509,2.1957
90.5678,0.5071,2.1885
90.5680,0.4997,2.1579
90.5682,0.5021,2.1662
90.5684,0.5267,2.2723
90.5686,0.5392,2.3228
90.5688,0.6236,2.6827
90.5690,0.6871,2.9575
90.5692,0.6717,2.8936
90.5694,0.6229,2.6846
90.5696,0.6206,2.6736
90.5698,0.6842,2.9418
90.5700,0.7783,3.3419
90.5702,0.7666,3.2996
90.5704,0.7212,3.1012
90.5706,0.8124,3.4854
90.5708,0.8952,3.8403
90.5710,0.8817,3.7862
90.5712,0.881,3.7831
90.5714,0.8916,3.8267
90.5716,0.947,4.0606
90.5718,1.0046,4.3059
90.5720,1.0437,4.4651
90.5722,1.1265,4.8168
90.5724,1.1229,4.8081
90.5726,1.1256,4.8199
90.5728,1.1333,4.8505
90.5730,1.1121,4.7619
90.5732,1.0952,4.6895
90.5734,1.1061,4.7407
90.5736,1.0698,4.5785
90.5738,1.1229,4.8036
90.5740,1.1697,5.0089
90.5742,1.113,4.7749
90.5744,1.0201,4.3722
90.5746,1.0199,4.3732
90.5748,0.9556,4.1015
90.5750,0.9205,3.9507
90.5752,0.9231,3.9638
90.5754,0.9335,4.0049
90.5756,0.9695,4.1631
90.5758,0.9551,4.1032
90.5760,0.9539,4.0923
90.5762,0.979,4.1959
90.5764,0.9645,4.1415
90.5766,0.9295,3.9893
90.5768,0.9605,4.1206
90.5770,0.9717,4.1704
90.5772,0.9803,4.2075
90.5774,1.0157,4.3552
90.5776,0.9632,4.1358
90.5778,0.912,3.9105
90.5780,0.9502,4.0802
90.5782,0.879,3.7814
90.5784,0.8037,3.4607
90.5786,0.8088,3.4845
90.5788,0.7865,3.3853
90.5790,0.7994,3.4389
90.5792,0.7916,3.4117
90.5794,0.7095,3.0577
90.5796,0.6604,2.8477
90.5798,0.6072,2.6206
90.5800,0.5849,2.5243
90.5802,0.6074,2.6204
90.5804,0.6183,2.6662
90.5806,0.6274,2.7055
90.5808,0.6612,2.85
90.5810,0.6545,2.8237
90.5812,0.6437,2.7694
90.5814,0.7428,3.1969
90.5816,0.7074,3.0489
90.5818,0.7006,3.0181
90.5820,0.7626,3.2867
90.5822,0.6783,2.9247
90.5824,0.6242,2.6916
90.5826,0.6122,2.6435
90.5828,0.5406,2.3334
90.5830,0.5569,2.4026
90.5832,0.5186,2.2381
90.5834,0.5523,2.3858
90.5836,0.5704,2.4594
90.5838,0.6037,2.5995
90.5840,0.6868,2.9601
90.5842,0.6463,2.788
90.5844,0.599,2.5806
90.5846,0.6166,2.6577
90.5848,0.6187,2.6665
90.5850,0.6189,2.6676
90.5852,0.6138,2.6503
90.5854,0.5387,2.3262
90.5856,0.5213,2.249
90.5858,0.5222,2.2537
90.5860,0.5333,2.2997
90.5862,0.6103,2.6279
90.5864,0.678,2.9196
90.5866,0.6538,2.8166
90.5868,0.6487,2.7983
90.5870,0.5958,2.5702
90.5872,0.5783,2.4935
90.5874,0.5684,2.4511
90.5876,0.5551,2.396
90.5878,0.5575,2.4052
90.5880,0.5596,2.4106
90.5882,0.5678,2.4486
90.5884,0.6021,2.5976
90.5886,0.5983,2.5811
90.5888,0.6425,2.7668
90.5890,0.6784,2.9198
90.5892,0.6868,2.9559
90.5894,0.6996,3.0084
90.5896,0.7638,3.2872
90.5898,0.7242,3.1141
90.5900,0.7585,3.2691
90.5902,0.7409,3.1902
90.5904,0.7206,3.0986
90.5906,0.7475,3.2156
90.5908,0.7569,3.2578
90.5910,0.7548,3.244
90.5912,0.7975,3.4243
90.5914,0.8123,3.4946
90.5916,0.7919,3.4054
90.5918,0.8027,3.4485
90.5920,0.8385,3.602
90.5922,0.8533,3.6642
90.5924,0.8943,3.8421
90.5926,0.8453,3.6314
90.5928,0.8168,3.5055
90.5930,0.8544,3.6723
90.5932,0.8382,3.5977
90.5934,0.8982,3.8586
90.5936,0.8172,3.5174
90.5938,0.766,3.294
90.5940,0.7704,3.3156
90.5942,0.7333,3.1576
90.5944,0.671,2.8892
90.5946,0.7135,3.0696
90.5948,0.7205,3.101
90.5950,0.6548,2.8234
90.5952,0.6493,2.7996
90.5954,0.6565,2.8267
90.5956,0.6561,2.8238
90.5958,0.6514,2.8089
90.5960,0.609,2.6271
90.5962,0.5699,2.4573
90.5964,0.5831,2.5119
90.5966,0.6477,2.7916
90.5968,0.6647,2.8636
90.5970,0.623,2.6839
90.5972,0.5957,2.5697
90.5974,0.5226,2.2568
90.5976,0.5168,2.2314
90.5978,0.5194,2.2386
90.5980,0.5538,2.3903
90.5982,0.5333,2.3029
90.5984,0.5315,2.293
90.5986,0.555,2.3921
90.5988,0.5828,2.5155
90.5990,0.5643,2.4308
90.5992,0.5843,2.5206
90.5994,0.5343,2.3049
90.5996,0.529,2.2789
90.5998,0.6099,2.6325
90.6000,0.5056,2.1863
90.6002,0.4529,1.9527
90.6004,0.567,2.4427
90.6006,0.6012,2.5887
90.6008,0.6011,2.5918
90.6010,0.5978,2.5766
90.6012,0.5981,2.5765
90.6014,0.5577,2.4057
90.6016,0.5114,2.2081
90.6018,0.5101,2.2004
90.6020,0.5216,2.2479
90.6022,0.5846,2.5174
90.6024,0.6755,2.902
90.6026,0.8065,3.4645
90.6028,0.7722,3.3187
90.6030,0.7605,3.2672
90.6032,0.8276,3.5519
90.6034,0.8728,3.7494
90.6036,0.8099,3.4778
90.6038,0.8027,3.455
90.6040,0.7648,3.2827
90.6042,0.8702,3.7351
90.6044,0.8424,3.6157
90.6046,0.8497,3.6471
90.6048,0.9349,4.0068
90.6050,1.0676,4.5608
90.6052,1.1899,5.0808
90.6054,1.1921,5.0972
90.6056,1.1539,4.9365
90.6058,1.1211,4.7959
90.6060,1.1401,4.8752
90.6062,1.1466,4.9075
90.6064,1.1496,4.9203
90.6066,1.138,4.8796
90.6068,1.0091,4.3249
90.6070,0.9903,4.2403
90.6072,1.0992,4.7048
90.6074,1.1174,4.7845
90.6076,1.1038,4.7221
90.6078,1.1218,4.8013
90.6080,1.1747,5.0299
90.6082,1.1519,4.9278
90.6084,1.1608,4.975
90.6086,1.0778,4.6194
90.6088,1.0961,4.698
90.6090,1.0127,4.3403
90.6092,1.0039,4.3129
90.6094,0.9537,4.0951
90.6096,0.9435,4.0476
90.6098,0.99,4.2472
90.6100,0.9823,4.2182
90.6102,0.953,4.092
90.6104,0.9248,3.9729
90.6106,0.9009,3.8686
90.6108,0.8903,3.8263
90.6110,0.9049,3.8874
90.6112,0.9386,4.0265
90.6114,0.9557,4.1096
90.6116,0.8344,3.5879
90.6118,0.8632,3.7081
90.6120,0.854,3.6724
90.6122,0.841,3.6196
90.6124,0.7801,3.3559
90.6126,0.7511,3.2386
90.6128,0.6723,2.8975
90.6130,0.6976,3.0038
90.6132,0.708,3.0459
90.6134,0.7199,3.1013
90.6136,0.6951,2.9957
90.6138,0.6915,2.9816
90.6140,0.6543,2.8213
90.6142,0.6726,2.8964
90.6144,0.7542,3.249
90.6146,0.6814,2.9382
90.6148,0.6036,2.6026
90.6150,0.5955,2.568
90.6152,0.5971,2.5771
90.6154,0.6008,2.5931
90.6156,0.6067,2.6149
90.6158,0.62,2.6772
90.6160,0.5153,2.2273
90.6162,0.5061,2.1853
90.6164,0.5065,2.1869
90.6166,0.5342,2.3054
90.6168,0.5903,2.5476
90.6170,0.5601,2.4194
90.6172,0.5303,2.2889
90.6174,0.5327,2.2992
90.6176,0.573,2.4685
90.6178,0.7,3.0183
90.6180,0.5854,2.5264
90.6182,0.5461,2.3561
90.6184,0.5301,2.2889
90.6186,0.5237,2.2625
90.6188,0.5276,2.2791
90.6190,0.5302,2.2883
90.6192,0.5283,2.279
90.6194,0.5278,2.278
90.6196,0.529,2.2842
90.6198,0.5312,2.2914
90.6200,0.5322,2.2939
90.6202,0.6075,2.6173
90.6204,0.6495,2.8019
90.6206,0.5608,2.4192
90.6208,0.5398,2.3265
90.6210,0.6374,2.7446
90.6212,0.6447,2.78
90.6214,0.5994,2.5833
90.6216,0.6595,2.8383
90.6218,0.6675,2.8715
90.6220,0.6646,2.8605
90.6222,0.6289,2.7155
90.6224,0.5471,2.3624
90.6226,0.5379,2.3193
90.6228,0.5417,2.3369
90.6230,0.5411,2.3343
90.6232,0.553,2.3844
90.6234,0.5411,2.3311
90.6236,0.6344,2.7304
90.6238,0.687,2.9625
90.6240,0.6457,2.7815
90.6242,0.6473,2.7849
90.6244,0.7138,3.0735
90.6246,0.667,2.8735
90.6248,0.6449,2.7771
90.6250,0.6771,2.9114
90.6252,0.8192,3.5175
90.6254,0.8618,3.7008
90.6256,0.8469,3.6381
90.6258,0.8075,3.474
90.6260,0.7677,3.3058
90.6262,0.6976,3.0066
90.6264,0.6768,2.9104
90.6266,0.7843,3.3676
90.6268,0.7758,3.3342
90.6270,0.7755,3.3332
90.6272,0.8176,3.5157
90.6274,0.759,3.2651
90.6276,0.7834,3.3657
90.6278,0.8023,3.4465
90.6280,0.7906,3.3966
90.6282,0.8272,3.5553
90.6284,0.803,3.4609
90.6286,0.6772,2.9161
90.6288,0.6494,2.7976
90.6290,0.5681,2.4508
90.6292,0.5692,2.4554
90.6294,0.5952,2.5665
90.6296,0.5336,2.3029
90.6298,0.4958,2.1409
90.6300,0.5321,2.2956
90.6302,0.5442,2.3478
90.6304,0.5512,2.38
90.6306,0.5541,2.3869
90.6308,0.6203,2.6708
90.6310,0.6011,2.5894
90.6312,0.6379,2.7467
90.6314,0.6746,2.9074
90.6316,0.5874,2.5376
90.6318,0.452,1.9537
90.6320,0.4204,1.816
90.6322,0.4173,1.8017
90.6324,0.4183,1.8072
90.6326,0.4217,1.8226
90.6328,0.4544,1.9595
90.6330,0.5436,2.3409
90.6332,0.6078,2.6183
90.6334,0.6117,2.6391
90.6336,0.5417,2.337
90.6338,0.5044,2.1751
90.6340,0.4982,2.1502
90.6342,0.4984,2.1522
90.6344,0.5079,2.1921
90.6346,0.503,2.1689
90.6348,0.5254,2.2635
90.6350,0.5649,2.4346
90.6352,0.6185,2.6643
90.6354,0.632,2.7227
90.6356,0.6037,2.6008
90.6358,0.6267,2.6924
90.6360,0.7339,3.1559
90.6362,0.7796,3.3508
90.6364,0.7964,3.4229
90.6366,0.8114,3.4824
90.6368,0.8486,3.6454
90.6370,0.8466,3.6304
90.6372,0.9122,3.9061
90.6374,1.0083,4.3133
90.6376,1.0162,4.3513
90.6378,1.0427,4.4647
90.6380,1.0628,4.5446
90.6382,1.0938,4.6791
90.6384,1.1302,4.8327
90.6386,1.1645,4.9864
90.6388,1.0224,4.3861
90.6390,0.9545,4.0988
90.6392,0.9256,3.9729
90.6394,0.9228,3.9532
90.6396,0.9997,4.2849
90.6398,0.9801,4.2065
90.6400,0.9894,4.2387
90.6402,1.0066,4.3182
90.6404,0.9408,4.0302
90.6406,1.0385,4.4488
90.6408,1.0866,4.6505
90.6410,1.1125,4.7635
90.6412,1.0728,4.6
90.6414,1.0634,4.5557
90.6416,1.0669,4.5791
90.6418,0.8435,3.6305
90.6420,0.7521,3.2357
90.6422,0.771,3.3198
90.6424,0.724,3.1145
90.6426,0.7115,3.058
90.6428,0.7996,3.44
90.6430,0.8121,3.4937
90.6432,0.8301,3.5677
90.6434,0.8195,3.5207
90.6436,0.9102,3.9029
90.6438,0.9527,4.093
90.6440,0.8249,3.5455
90.6442,0.8143,3.5013
90.6444,0.8418,3.6182
90.6446,0.8738,3.7558
90.6448,0.875,3.7575
90.6450,0.8762,3.7679
90.6452,0.8179,3.5201
90.6454,0.7519,3.2302
90.6456,0.7667,3.2966
90.6458,0.7802,3.358
90.6460,0.7561,3.2573
90.6462,0.7001,3.0161
90.6464,0.6593,2.8418
90.6466,0.6767,2.9167
90.6468,0.6815,2.9319
90.6470,0.6958,3.0017
90.6472,0.6182,2.6645
90.6474,0.6318,2.7267
90.6476,0.5083,2.1947
90.6478,0.5103,2.2045
90.6480,0.5089,2.1953
90.6482,0.581,2.5043
90.6484,0.6167,2.659
90.6486,0.6144,2.6492
90.6488,0.6186,2.6648
90.6490,0.6144,2.6468
90.6492,0.6282,2.7087
90.6494,0.6087,2.6273
90.6496,0.612,2.6352
90.6498,0.6652,2.8658
90.6500,0.6514,2.8077
90.6502,0.6454,2.7805
90.6504,0.6637,2.8564
90.6506,0.7131,3.0704
90.6508,0.6848,2.9568
90.6510,0.5626,2.427
90.6512,0.585,2.5214
90.6514,0.6372,2.7462
90.6516,0.6884,2.9655
90.6518,0.6157,2.6549
90.6520,0.5596,2.4152
90.6522,0.5545,2.3912
90.6524,0.5404,2.3335
90.6526,0.4683,2.0232
90.6528,0.4693,2.0283
90.6530,0.4544,1.9622
90.6532,0.4524,1.9543
90.6534,0.4541,1.9616
90.6536,0.4836,2.0861
90.6538,0.506,2.1838
90.6540,0.4501,1.9436
90.6542,0.4456,1.9239
90.6544,0.4469,1.9296
90.6546,0.4451,1.9227
90.6548,0.4483,1.9367
90.6550,0.4454,1.9225
90.6552,0.4573,1.9747
90.6554,0.4591,1.9806
90.6556,0.492,2.1203
90.6558,0.5422,2.3369
90.6560,0.5569,2.4004
90.6562,0.6176,2.6632
90.6564,0.5683,2.4495
90.6566,0.5619,2.4216
90.6568,0.5625,2.4253
90.6570,0.5689,2.451
90.6572,0.6265,2.7002
90.6574,0.5834,2.5147
90.6576,0.5598,2.4106
90.6578,0.5783,2.4913
90.6580,0.6216,2.6753
90.6582,0.6837,2.9439
90.6584,0.667,2.8668
90.6586,0.7157,3.0789
90.6588,0.6838,2.9486
90.6590,0.538,2.322
90.6592,0.5532,2.3833
90.6594,0.614,2.644
90.6596,0.6405,2.7568
90.6598,0.6742,2.9005
90.6600,0.7248,3.1196
90.6602,0.6789,2.9179
90.6604,0.6882,2.9622
90.6606,0.6162,2.6545
90.6608,0.5891,2.5378
90.6610,0.5821,2.5101
90.6612,0.5741,2.4743
90.6614,0.6035,2.5973
90.6616,0.6526,2.8089
90.6618,0.6833,2.941
90.6620,0.6589,2.8384
90.6622,0.6075,2.6137
90.6624,0.6356,2.7331
90.6626,0.6846,2.9453
90.6628,0.6635,2.8599
90.6630,0.6241,2.6898
90.6632,0.5585,2.4072
90.6634,0.5255,2.265
90.6636,0.5412,2.3317
90.6638,0.5694,2.4565
90.6640,0.5205,2.2465
90.6642,0.5201,2.2428
90.6644,0.5284,2.2785
90.6646,0.5192,2.2397
90.6648,0.5219,2.2506
90.6650,0.5146,2.218
90.6652,0.5345,2.3038
90.6654,0.5809,2.5026
90.6656,0.5571,2.4021
90.6658,0.538,2.3145
90.6660,0.6675,2.8716
90.6662,0.7134,3.0677
90.6664,0.711,3.0588
90.6666,0.641,2.7614
90.6668,0.6029,2.5972
90.6670,0.5964,2.5645
90.6672,0.6492,2.7927
90.6674,0.6922,2.9778
90.6676,0.6489,2.7942
90.6678,0.653,2.8118
90.6680,0.696,2.9916
90.6682,0.7514,3.2281
90.6684,0.7375,3.1669
90.6686,0.7318,3.1437
90.6688,0.7475,3.2111
90.6690,0.793,3.4053
90.6692,0.8147,3.4969
90.6694,0.8553,3.6674
90.6696,0.9195,3.9374
90.6698,1.0369,4.4422
90.6700,0.9915,4.2435
90.6702,1.0236,4.381
90.6704,1.0254,4.3846
90.6706,1.1002,4.7024
90.6708,1.0812,4.6252
90.6710,1.0602,4.5418
90.6712,1.0791,4.6187
90.6714,1.1152,4.7687
90.6716,1.0881,4.655
90.6718,1.0954,4.6906
90.6720,1.076,4.6096
90.6722,1.0487,4.4904
90.6724,1.0619,4.5469
90.6726,1.0885,4.6587
90.6728,1.084,4.6375
90.6730,1.1164,4.7783
90.6732,1.1098,4.75
90.6734,1.1012,4.7175
90.6736,1.1006,4.7061
90.6738,1.1682,4.9999
90.6740,1.0809,4.6307
90.6742,1.1036,4.7233
90.6744,1.1649,4.9809
90.6746,1.1722,5.0192
90.6748,1.0673,4.5764
90.6750,1.0048,4.3085
90.6752,1.0042,4.3039
90.6754,0.9398,4.0355
90.6756,0.897,3.8535
90.6758,0.9322,3.9956
90.6760,0.9795,4.2059
90.6762,0.9069,3.8908
90.6764,0.9463,4.0614
90.6766,1.0014,4.2981
90.6768,0.9867,4.2309
90.6770,0.9792,4.2029
90.6772,0.9367,4.0202
90.6774,0.9446,4.0561
90.6776,0.8995,3.8715
90.6778,0.7717,3.3214
90.6780,0.7657,3.2971
90.6782,0.7206,3.1059
90.6784,0.7416,3.1933
90.6786,0.782,3.3689
90.6788,0.7043,3.0342
90.6790,0.6969,2.998
90.6792,0.7093,3.0587
90.6794,0.6342,2.7333
90.6796,0.7119,3.0667
90.6798,0.7011,3.023
90.6800,0.6748,2.9044
90.6802,0.7265,3.1254
90.6804,0.751,3.2321
90.6806,0.7354,3.1709
90.6808,0.6836,2.9407
90.6810,0.7768,3.3436
90.6812,0.724,3.1174
90.6814,0.7693,3.311
90.6816,0.8125,3.4952
90.6818,0.7686,3.3126
90.6820,0.6598,2.8465
90.6822,0.59,2.5466
90.6824,0.6098,2.6259
90.6826,0.6261,2.7011
90.6828,0.5704,2.4606
90.6830,0.5815,2.5087
90.6832,0.6446,2.7769
90.6834,0.6367,2.7479
90.6836,0.5337,2.3002
90.6838,0.6457,2.7829
90.6840,0.5898,2.5479
90.6842,0.5083,2.1947
90.6844,0.5344,2.3065
90.6846,0.5237,2.2625
90.6848,0.5157,2.2278
90.6850,0.5227,2.2579
90.6852,0.5247,2.2656
90.6854,0.5441,2.3473
90.6856,0.5543,2.3924
90.6858,0.5259,2.2687
90.6860,0.5378,2.3188
90.6862,0.5614,2.4241
90.6864,0.546,2.3556
90.6866,0.5475,2.3629
90.6868,0.5314,2.2936
90.6870,0.5508,2.3741
90.6872,0.6155,2.6502
90.6874,0.6177,2.6625
90.6876,0.583,2.5114
90.6878,0.5944,2.5605
90.6880,0.6508,2.8051
90.6882,0.6536,2.8144
90.6884,0.6562,2.827
90.6886,0.6808,2.9316
90.6888,0.7149,3.0768
90.6890,0.6752,2.9086
90.6892,0.6837,2.9426
90.6894,0.7091,3.052
90.6896,0.6528,2.812
90.6898,0.6459,2.7839
90.6900,0.6508,2.8064
90.6902,0.6661,2.8667
90.6904,0.7855,3.3713
90.6906,0.8577,3.6845
90.6908,0.8181,3.5194
90.6910,0.7584,3.2611
90.6912,0.7903,3.395
90.6914,0.8054,3.4615
90.6916,0.7851,3.3839
90.6918,0.7133,3.07
90.6920,0.7011,3.0132
90.6922,0.7357,3.1651
90.6924,0.7273,3.1275
90.6926,0.7456,3.2029
90.6928,0.8039,3.457
90.6930,0.8282,3.5611
90.6932,0.8157,3.501
90.6934,0.874,3.7563
90.6936,0.8441,3.6213
90.6938,0.9228,3.9624
90.6940,0.8459,3.6324
90.6942,0.7819,3.3637
90.6944,0.741,3.1893
90.6946,0.724,3.1203
90.6948,0.6271,2.699
90.6950,0.6385,2.757
90.6952,0.5563,2.399
90.6954,0.6224,2.6826
90.6956,0.5906,2.5445
90.6958,0.5976,2.5768
90.6960,0.6122,2.6387
90.6962,0.629,2.7123
90.6964,0.6036,2.6003
90.6966,0.6776,2.9149
90.6968,0.7102,3.0595
90.6970,0.6665,2.8688
90.6972,0.6777,2.9181
90.6974,0.6123,2.638
90.6976,0.6141,2.6469
90.6978,0.5476,2.3656
90.6980,0.4759,2.0549
90.6982,0.4766,2.0561
90.6984,0.4761,2.0559
90.6986,0.4775,2.0616
90.6988,0.4725,2.0395
90.6990,0.4888,2.1089
90.6992,0.5867,2.5274
90.6994,0.6904,2.9729
90.6996,0.6067,2.6161
90.6998,0.5752,2.4801
90.7000,0.578,2.4914
90.7002,0.5872,2.5271
90.7004,0.6806,2.9251
90.7006,0.7116,3.0614
90.7008,0.6845,2.9476
90.7010,0.634,2.7391
90.7012,0.5186,2.2371
90.7014,0.5528,2.3824
90.7016,0.5697,2.4564
90.7018,0.6115,2.6344
90.7020,0.6434,2.7705
90.7022,0.7104,3.0534
90.7024,0.7252,3.1095
90.7026,0.8535,3.6631
90.7028,0.861,3.6989
90.7030,0.8539,3.6686
90.7032,0.8319,3.5688
90.7034,0.8885,3.8116
90.7036,0.8927,3.8331
90.7038,0.8547,3.6699
90.7040,0.8332,3.5778
90.7042,0.8381,3.5972
90.7044,0.8372,3.5981
90.7046,0.8252,3.5416
90.7048,0.9387,4.0252
90.7050,0.9429,4.0394
90.7052,0.9868,4.2314
90.7054,0.9629,4.131
90.7056,0.9468,4.0597
90.7058,0.9948,4.2658
90.7060,0.9385,4.0392
90.7062,0.7611,3.2729
90.7064,0.7953,3.4183
90.7066,0.7908,3.3987
90.7068,0.8107,3.4858
90.7070,0.8156,3.5054
90.7072,0.8169,3.5078
90.7074,0.9213,3.9507
90.7076,0.8963,3.854
90.7078,0.8376,3.5985
90.7080,0.8602,3.6936
90.7082,0.8436,3.6243
90.7084,0.8426,3.6179
90.7086,0.8432,3.6205
90.7088,0.8956,3.8473
90.7090,0.8779,3.7716
90.7092,0.8119,3.4894
90.7094,0.8165,3.5111
90.7096,0.7888,3.3936
90.7098,0.785,3.3739
90.7100,0.8134,3.4944
90.7102,0.8514,3.6577
90.7104,0.8791,3.7767
90.7106,0.8535,3.6716
90.7108,0.844,3.6292
90.7110,0.8556,3.6792
90.7112,0.7658,3.2961
90.7114,0.7109,3.0583
90.7116,0.7055,3.0393
90.7118,0.6691,2.8796
90.7120,0.6861,2.957
90.7122,0.6698,2.8894
90.7124,0.6189,2.6701
90.7126,0.6061,2.6123
90.7128,0.5948,2.5649
90.7130,0.5909,2.5479
90.7132,0.5977,2.5738
90.7134,0.6593,2.8378
90.7136,0.6842,2.9501
90.7138,0.6338,2.7304
90.7140,0.6993,3.0083
90.7142,0.6986,3.0122
90.7144,0.5996,2.5844
90.7146,0.6358,2.7392
90.7148,0.6447,2.7813
90.7150,0.5397,2.3293
90.7152,0.5008,2.1636
90.7154,0.5229,2.2579
90.7156,0.4982,2.1502
90.7158,0.5159,2.2278
90.7160,0.4518,1.9536
90.7162,0.424,1.8324
90.7164,0.4182,1.805
90.7166,0.4592,1.9811
90.7168,0.5273,2.2749
90.7170,0.523,2.2584
90.7172,0.4765,2.0584
90.7174,0.4749,2.0527
90.7176,0.4674,2.0163
90.7178,0.5031,2.1734
90.7180,0.4469,1.9305
90.7182,0.4439,1.9158
90.7184,0.4477,1.9323
90.7186,0.4445,1.9175
90.7188,0.4496,1.9424
90.7190,0.4482,1.9362
90.7192,0.4482,1.9344
90.7194,0.4498,1.9402
90.7196,0.4499,1.9417
90.7198,0.4499,1.9408
90.7200,0.4511,1.9468
90.7202,0.4553,1.9631
90.7204,0.5002,2.157
90.7206,0.6017,2.5872
90.7208,0.6987,3.0113
90.7210,0.5548,2.3967
90.7212,0.4685,2.0228
90.7214,0.4745,2.044
90.7216,0.5839,2.5144
90.7218,0.6104,2.6273
90.7220,0.6306,2.7127
90.7222,0.6807,2.9297
90.7224,0.6578,2.8337
90.7226,0.6706,2.889
90.7228,0.5986,2.5786
90.7230,0.5658,2.4387
90.7232,0.6013,2.5868
90.7234,0.7206,3.0972
90.7236,0.7989,3.4289
90.7238,0.7935,3.4089
90.7240,0.7969,3.425
90.7242,0.8282,3.5595
90.7244,0.751,3.2306
90.7246,0.6155,2.6526
90.7248,0.5456,2.3503
90.7250,0.5736,2.4734
90.7252,0.5372,2.3152
90.7254,0.5369,2.3131
90.7256,0.5493,2.3685
90.7258,0.5747,2.4746
90.7260,0.6486,2.7901
90.7262,0.6772,2.9147
90.7264,0.6697,2.8809
90.7266,0.6243,2.6896
90.7268,0.6132,2.6379
90.7270,0.6292,2.7095
90.7272,0.57,2.4568
90.7274,0.5833,2.5141
90.7276,0.6111,2.6316
90.7278,0.6617,2.8481
90.7280,0.6553,2.8216
90.7282,0.6198,2.6675
90.7284,0.6358,2.7367
90.7286,0.621,2.6739
90.7288,0.6689,2.8778
90.7290,0.6717,2.8923
90.7292,0.6366,2.7385
90.7294,0.6764,2.9138
90.7296,0.6239,2.6863
90.7298,0.6105,2.629
90.7300,0.5876,2.5292
90.7302,0.5808,2.5021
90.7304,0.5517,2.3788
90.7306,0.5327,2.2961
90.7308,0.5665,2.4429
90.7310,0.5396,2.3234
90.7312,0.5444,2.3451
90.7314,0.5423,2.3352
90.7316,0.5318,2.294
90.7318,0.4631,2.0014
90.7320,0.4164,1.7973
90.7322,0.5157,2.2227
90.7324,0.5127,2.2108
90.7326,0.4908,2.1181
90.7328,0.4944,2.1327
90.7330,0.4968,2.144
90.7332,0.4957,2.1384
90.7334,0.5219,2.2485
90.7336,0.5269,2.2718
90.7338,0.4939,2.1296
90.7340,0.4926,2.1249
90.7342,0.4963,2.1409
90.7344,0.4946,2.1307
90.7346,0.5742,2.4726
90.7348,0.5723,2.4643
90.7350,0.611,2.6311
90.7352,0.5814,2.5047
90.7354,0.5885,2.5305
90.7356,0.6572,2.8259
90.7358,0.7337,3.1519
90.7360,0.7396,3.1771
90.7362,0.7361,3.1607
90.7364,0.7988,3.4284
90.7366,0.8604,3.6895
90.7368,0.8879,3.8019
90.7370,1.0274,4.3954
90.7372,1.0554,4.5128
90.7374,1.1254,4.8145
90.7376,1.1318,4.8371
90.7378,1.1146,4.7639
90.7380,1.1177,4.7727
90.7382,1.1372,4.8716
90.7384,0.9773,4.1869
90.7386,0.9724,4.1639
90.7388,0.9926,4.2541
90.7390,0.9806,4.2086
90.7392,0.8903,3.8228
90.7394,0.8104,3.48
90.7396,0.8107,3.481
90.7398,0.8159,3.5053
90.7400,0.8156,3.5005
90.7402,0.8839,3.7938
90.7404,0.9024,3.8676
90.7406,0.9375,4.0182
90.7408,0.9254,3.9774
90.7410,0.8279,3.5535
90.7412,0.8006,3.4441
90.7414,0.7663,3.2874
90.7416,0.8312,3.5707
90.7418,0.845,3.6299
90.7420,0.8554,3.673
90.7422,0.8637,3.7068
90.7424,0.8816,3.7875
90.7426,0.8818,3.7828
90.7428,0.8958,3.843
90.7430,0.8838,3.7933
90.7432,0.8388,3.607
90.7434,0.8366,3.5989
90.7436,0.7541,3.2395
90.7438,0.8249,3.5439
90.7440,0.8553,3.6725
90.7442,0.8723,3.7456
90.7444,0.8216,3.5278
90.7446,0.7875,3.3863
90.7448,0.7452,3.2073
90.7450,0.746,3.2124
90.7452,0.7476,3.2206
90.7454,0.6737,2.8997
90.7456,0.6667,2.868
90.7458,0.6522,2.8121
90.7460,0.5952,2.5641
90.7462,0.6505,2.7983
90.7464,0.6468,2.7875
90.7466,0.6224,2.6814
90.7468,0.6896,2.9692
90.7470,0.7163,3.0829
90.7472,0.642,2.7694
90.7474,0.5812,2.5048
90.7476,0.6174,2.6584
90.7478,0.6815,2.9333
90.7480,0.6898,2.9703
90.7482,0.6838,2.9472
90.7484,0.6115,2.6356
90.7486,0.6297,2.7129
90.7488,0.6603,2.8446
90.7490,0.6773,2.9152
90.7492,0.696,2.9916
90.7494,0.7217,3.1047
90.7496,0.7017,3.0242
90.7498,0.6205,2.6743
90.7500,0.6251,2.6902
90.7502,0.6966,2.9983
90.7504,0.7358,3.1671
90.7506,0.7331,3.1552
90.7508,0.6887,2.9643
90.7510,0.6596,2.8402
90.7512,0.6367,2.7428
90.7514,0.6782,2.9229
90.7516,0.5875,2.5334
90.7518,0.5391,2.3267
90.7520,0.5367,2.3142
90.7522,0.591,2.546
90.7524,0.5488,2.3675
90.7526,0.5287,2.2795
90.7528,0.5275,2.2754
90.7530,0.5285,2.2801
90.7532,0.5294,2.2848
90.7534,0.5481,2.3622
90.7536,0.5819,2.5091
90.7538,0.536,2.3132
90.7540,0.531,2.2899
90.7542,0.5295,2.2832
90.7544,0.5278,2.2759
90.7546,0.5298,2.2805
90.7548,0.6242,2.6854
90.7550,0.6773,2.9152
90.7552,0.6982,3.0092
90.7554,0.6358,2.7379
90.7556,0.6291,2.709
90.7558,0.6304,2.7172
90.7560,0.6344,2.7292
90.7562,0.6615,2.8431
90.7564,0.7583,3.259
90.7566,0.7692,3.309
90.7568,0.7412,3.1873
90.7570,0.7024,3.0259
90.7572,0.6411,2.7619
90.7574,0.6408,2.7591
90.7576,0.6282,2.7036
90.7578,0.6331,2.7261
90.7580,0.6257,2.6953
90.7582,0.6264,2.6997
90.7584,0.6152,2.6491
90.7586,0.6174,2.6572
90.7588,0.6703,2.8888
90.7590,0.6158,2.6517
90.7592,0.6481,2.788
90.7594,0.7007,3.0117
90.7596,0.73,3.1403
90.7598,0.7227,3.1117
90.7600,0.7038,3.0222
90.7602,0.7741,3.3348
90.7604,0.6494,2.7937
90.7606,0.6403,2.7583
90.7608,0.6041,2.6035
90.7610,0.5826,2.511
90.7612,0.5833,2.5106
90.7614,0.614,2.6477
90.7616,0.5867,2.5286
90.7618,0.5843,2.5159
90.7620,0.6191,2.6607
90.7622,0.7549,3.2431
90.7624,0.7429,3.199
90.7626,0.6533,2.8107
90.7628,0.7022,3.0164
90.7630,0.7639,3.2894
90.7632,0.6734,2.8955
90.7634,0.7403,3.1817
90.7636,0.7318,3.1481
90.7638,0.6875,2.9591
90.7640,0.6663,2.8691
90.7642,0.5905,2.5487
90.7644,0.4219,1.8211
90.7646,0.4046,1.7469
90.7648,0.4005,1.7301
90.7650,0.4146,1.7895
90.7652,0.4968,2.141
90.7654,0.5297,2.2842
90.7656,0.5602,2.4166
90.7658,0.5104,2.202
90.7660,0.4957,2.1364
90.7662,0.4963,2.1409
90.7664,0.4826,2.0829
90.7666,0.4747,2.0478
90.7668,0.4878,2.1032
90.7670,0.4962,2.1394
90.7672,0.5259,2.2666
90.7674,0.5113,2.2036
90.7676,0.5536,2.3838
90.7678,0.6091,2.6204
90.7680,0.6593,2.8339
90.7682,0.6837,2.9371
90.7684,0.7285,3.137
90.7686,0.7153,3.0731
90.7688,0.8024,3.4455
90.7690,0.79,3.3893
90.7692,0.826,3.5436
90.7694,0.8627,3.7027
90.7696,0.848,3.6377
90.7698,0.8515,3.6566
90.7700,0.8518,3.6576
90.7702,0.8798,3.771
90.7704,0.9095,3.898
90.7706,0.9274,3.9732
90.7708,1.044,4.4641
90.7710,1.103,4.7164
90.7712,1.0953,4.6923
90.7714,1.0975,4.6994
90.7716,1.0994,4.7032
90.7718,1.0846,4.6466
90.7720,1.0616,4.5543
90.7722,0.9688,4.1523
90.7724,0.9952,4.2574
90.7726,1.0502,4.4971
90.7728,1.0218,4.3815
90.7730,0.9706,4.1639
90.7732,0.9369,4.0194
90.7734,0.9494,4.071
90.7736,0.9644,4.1391
90.7738,0.9289,3.9793
90.7740,1.0213,4.3713
90.7742,1.0258,4.3985
90.7744,1.0053,4.3146
90.7746,0.9331,4.0123
90.7748,0.7866,3.3822
90.7750,0.7711,3.3157
90.7752,0.7272,3.1255
90.7754,0.7851,3.3776
90.7756,0.7514,3.2342
90.7758,0.7376,3.1733
90.7760,0.7198,3.0965
90.7762,0.7611,3.2729
90.7764,0.7454,3.2084
90.7766,0.7343,3.1618
90.7768,0.7532,3.2344
90.7770,0.8535,3.6631
90.7772,0.9802,4.1953
90.7774,1.04,4.4722
90.7776,0.7679,3.3125
90.7778,0.6676,2.8788
90.7780,0.6782,2.9188
90.7782,0.6633,2.8575
90.7784,0.6379,2.7505
90.7786,0.5745,2.4759
90.7788,0.5743,2.4765
90.7790,0.5938,2.5567
90.7792,0.6775,2.9198
90.7794,0.6414,2.7655
90.7796,0.5854,2.5253
90.7798,0.586,2.5255
90.7800,0.6358,2.7367
90.7802,0.631,2.7249
90.7804,0.4832,2.0865
90.7806,0.5459,2.3496
90.7808,0.6482,2.7924
90.7810,0.597,2.573
90.7812,0.62,2.671
90.7814,0.6242,2.6891
90.7816,0.6108,2.6325
90.7818,0.6182,2.662
90.7820,0.6504,2.8004
90.7822,0.6101,2.6269
90.7824,0.6469,2.788
90.7826,0.624,2.6918
90.7828,0.5962,2.5682
90.7830,0.6462,2.7862
90.7832,0.554,2.3897
90.7834,0.5856,2.5204
90.7836,0.6171,2.6623
90.7838,0.4934,2.1295
90.7840,0.4969,2.1465
90.7842,0.4457,1.9262
90.7844,0.3896,1.6837
90.7846,0.3873,1.6738
90.7848,0.3869,1.6707
90.7850,0.4258,1.8376
90.7852,0.4508,1.9476
90.7854,0.4478,1.932
90.7856,0.5016,2.1637
90.7858,0.4435,1.9151
90.7860,0.4465,1.929
90.7862,0.4398,1.8982
90.7864,0.431,1.863
90.7866,0.4285,1.8521
90.7868,0.4356,1.8792
90.7870,0.4493,1.9373
90.7872,0.5016,2.1637
90.7874,0.4813,2.0753
90.7876,0.518,2.2315
90.7878,0.5739,2.4722
90.7880,0.6325,2.7222
90.7882,0.6725,2.8959
90.7884,0.6063,2.6109
90.7886,0.5864,2.5264
90.7888,0.5958,2.5655
90.7890,0.5987,2.5767
90.7892,0.6393,2.7491
90.7894,0.6638,2.8556
90.7896,0.6815,2.9306
90.7898,0.7706,3.3136
90.7900,0.7117,3.0591
90.7902,0.7167,3.0831
90.7904,0.7121,3.0578
90.7906,0.8054,3.4519
90.7908,0.8798,3.7745
90.7910,0.8316,3.5761
90.7912,0.7637,3.2837
90.7914,0.7501,3.2225
90.7916,0.7918,3.4001
90.7918,0.7977,3.4302
90.7920,0.7294,3.1348
90.7922,0.7174,3.079
90.7924,0.7923,3.4054
90.7926,0.7936,3.411
90.7928,0.8143,3.4964
90.7930,0.8526,3.6578
90.7932,0.8108,3.4896
90.7934,0.7161,3.079
90.7936,0.726,3.1262
90.7938,0.6085,2.6239
90.7940,0.5127,2.2118
90.7942,0.5024,2.1693
90.7944,0.4953,2.1378
90.7946,0.4918,2.1228
90.7948,0.4947,2.1352
90.7950,0.4951,2.1358
90.7952,0.4978,2.1467
90.7954,0.4862,2.0975
90.7956,0.5261,2.2676
90.7958,0.5085,2.1947
90.7960,0.4769,2.0562
90.7962,0.5228,2.2521
90.7964,0.5269,2.2728
90.7966,0.5146,2.2191
90.7968,0.521,2.2454
90.7970,0.5615,2.4178
90.7972,0.5601,2.4139
90.7974,0.5557,2.3931
90.7976,0.6194,2.6635
90.7978,0.6899,2.9708
90.7980,0.6098,2.6283
90.7982,0.6146,2.6453
90.7984,0.6006,2.5874
90.7986,0.5933,2.5511
90.7988,0.6974,3
90.7990,0.646,2.7805
90.7992,0.606,2.6082
90.7994,0.6188,2.6634
90.7996,0.6042,2.6028
90.7998,0.5836,2.514
90.8000,0.5884,2.5335
90.8002,0.5832,2.5113
90.8004,0.6231,2.6832
90.8006,0.6275,2.6993
90.8008,0.6964,2.9931
90.8010,0.676,2.9082
90.8012,0.6664,2.8696
90.8014,0.6623,2.8454
90.8016,0.7828,3.36
90.8018,0.8393,3.604
90.8020,0.8414,3.6111
90.8022,0.8257,3.5437
90.8024,0.8384,3.5999
90.8026,0.8404,3.6036
90.8028,0.9175,3.9287
90.8030,0.9719,4.1657
90.8032,0.9544,4.0868
90.8034,0.9789,4.1935
90.8036,1.0158,4.3497
90.8038,1.0376,4.4328
90.8040,1.1752,5.025
90.8042,1.1205,4.7979
90.8044,1.0946,4.6805
90.8046,1.1442,4.8882
90.8048,1.1562,4.9463
90.8050,1.0999,4.7074
90.8052,1.0387,4.4519
90.8054,1.0211,4.3703
90.8056,1.0874,4.6519
90.8058,1.1369,4.8637
90.8060,1.1467,4.9127
90.8062,1.0771,4.6121
90.8064,1.0313,4.4139
90.8066,1.0068,4.3152
90.8068,0.9718,4.1671
90.8070,0.9724,4.1736
90.8072,0.9403,4.0319
90.8074,0.9614,4.1185
90.8076,1.0433,4.4694
90.8078,1.0647,4.5571
90.8080,1.0705,4.5838
90.8082,1.0219,4.3779
90.8084,1.0228,4.3836
90.8086,1.0472,4.4821
90.8088,1.058,4.5368
90.8090,1.0147,4.3431
90.8092,1.0812,4.6403
90.8094,0.9598,4.1138
90.8096,0.9713,4.169
90.8098,0.9472,4.0655
90.8100,0.986,4.2238
90.8102,1.0713,4.5853
90.8104,1.0848,4.658
90.8106,0.8987,3.8733
90.8108,0.692,2.9823
90.8110,0.6326,2.724
90.8112,0.7314,3.148
90.8114,0.7703,3.3121
90.8116,0.7723,3.3286
90.8118,0.7381,3.1783
90.8120,0.7803,3.3554
90.8122,0.8062,3.4668
90.8124,0.7852,3.3828
90.8126,0.7977,3.4238
90.8128,0.9248,3.9711
90.8130,0.9043,3.8867
90.8132,0.8284,3.5638
90.8134,0.8404,3.6087
90.8136,0.9343,4.0081
90.8138,0.9435,4.0514
90.8140,0.8614,3.7091
90.8142,0.7824,3.3657
90.8144,0.7628,3.2832
90.8146,0.7212,3.1113
90.8148,0.6155,2.6576
90.8150,0.6004,2.5899
90.8152,0.6068,2.6166
90.8154,0.6157,2.6549
90.8156,0.5999,2.5915
90.8158,0.5519,2.3832
90.8160,0.5328,2.2987
90.8162,0.5163,2.2294
90.8164,0.5534,2.3872
90.8166,0.5858,2.5203
90.8168,0.7849,3.3734
90.8170,0.8204,3.5375
90.8172,0.6481,2.7958
90.8174,0.5658,2.4398
90.8176,0.5555,2.3954
90.8178,0.5659,2.4415
90.8180,0.5652,2.4384
90.8182,0.5655,2.4428
90.8184,0.5627,2.4298
90.8186,0.5602,2.4155
90.8188,0.5641,2.4337
90.8190,0.5605,2.4182
90.8192,0.5661,2.4431
90.8194,0.5526,2.3829
90.8196,0.5457,2.3541
90.8198,0.5523,2.3825
90.8200,0.6234,2.6805
90.8202,0.7664,3.291
90.8204,0.8151,3.5098
90.8206,0.6619,2.8553
90.8208,0.5673,2.446
90.8210,0.5649,2.4346
90.8212,0.6685,2.8757
90.8214,0.7536,3.2434
90.8216,0.7025,3.0264
90.8218,0.689,2.968
90.8220,0.6886,2.9624
90.8222,0.7066,3.0397
90.8224,0.7424,3.194
90.8226,0.7628,3.274
90.8228,0.8563,3.6754
90.8230,0.8814,3.7865
90.8232,0.8044,3.451
90.8234,0.9759,4.1807
90.8236,1.053,4.5215
90.8238,0.8815,3.7835
90.8240,0.9096,3.9076
90.8242,0.8338,3.5837
90.8244,0.8122,3.4974
90.8246,0.729,3.1391
90.8248,0.6944,2.9885
90.8250,0.6912,2.9765
90.8252,0.6716,2.8931
90.8254,0.661,2.8477
90.8256,0.6634,2.8593
90.8258,0.664,2.8566
90.8260,0.759,3.2651
90.8262,0.7885,3.3905
90.8264,0.7868,3.3832
90.8266,0.7902,3.3945
90.8268,0.7924,3.4154
90.8270,0.6215,2.6797
90.8272,0.6053,2.6063
90.8274,0.6748,2.9017
90.8276,0.7504,3.2295
90.8278,0.7077,3.0486
90.8280,0.6767,2.914
90.8282,0.691,2.9754
90.8284,0.6506,2.8054
90.8286,0.6707,2.8909
90.8288,0.6685,2.8744
90.8290,0.7131,3.069
90.8292,0.7101,3.0575
90.8294,0.6854,2.9512
90.8296,0.6754,2.907
90.8298,0.7391,3.1825
90.8300,0.6923,2.9853
90.8302,0.6681,2.8742
90.8304,0.7089,3.0481
90.8306,0.715,3.0758
90.8308,0.7104,3.0591
90.8310,0.6493,2.7997
90.8312,0.6303,2.7167
90.8314,0.6743,2.9064
90.8316,0.6584,2.8324
90.8318,0.7072,3.0494
90.8320,0.6629,2.8586
90.8322,0.5551,2.3949
90.8324,0.5328,2.3008
90.8326,0.532,2.2961
90.8328,0.5409,2.3312
90.8330,0.5998,2.5897
90.8332,0.5301,2.2889
90.8334,0.5195,2.2423
90.8336,0.5201,2.2428
90.8338,0.5186,2.2382
90.8340,0.5231,2.2579
90.8342,0.5218,2.2501
90.8344,0.5326,2.2955
90.8346,0.5652,2.4384
90.8348,0.6161,2.654
90.8350,0.6622,2.8529
90.8352,0.6138,2.6442
90.8354,0.6584,2.8324
90.8356,0.7312,3.1426
90.8358,0.7712,3.3147
90.8360,0.789,3.3925
90.8362,0.8096,3.478
90.8364,0.8662,3.7159
90.8366,0.9308,3.995
90.8368,0.9957,4.2615
90.8370,1.0944,4.6816
90.8372,1.0726,4.5952
90.8374,1.0633,4.5552
90.8376,1.0597,4.5398
90.8378,1.0681,4.5714
90.8380,1.0808,4.6345
90.8382,0.9962,4.2615
90.8384,1.0798,4.6217
90.8386,1.0441,4.473
90.8388,1.0402,4.4539
90.8390,1.0862,4.6554
90.8392,1.052,4.5174
90.8394,0.9818,4.2137
90.8396,0.9625,4.1251
90.8398,0.9681,4.1551
90.8400,0.9273,3.9838
90.8402,0.8938,3.836
90.8404,0.9358,4.0129
90.8406,0.9861,4.2401
90.8408,0.858,3.6895
90.8410,0.8378,3.6007
90.8412,0.8539,3.6703
90.8414,0.878,3.7738
90.8416,0.8627,3.7079
90.8418,0.8607,3.694
90.8420,0.8886,3.8139
90.8422,0.8928,3.8354
90.8424,0.8289,3.5642
90.8426,0.8575,3.6892
90.8428,0.8494,3.649
90.8430,0.8731,3.7545
90.8432,0.883,3.7967
90.8434,0.8581,3.6917
90.8436,0.7785,3.3508
90.8438,0.7432,3.2015
90.8440,0.7138,3.0764
90.8442,0.6754,2.911
90.8444,0.6758,2.9126
90.8446,0.6468,2.7849
90.8448,0.6625,2.8579
90.8450,0.5838,2.5162
90.8452,0.6812,2.9304
90.8454,0.7022,3.0291
90.8456,0.6523,2.8113
90.8458,0.6699,2.8886
90.8460,0.6278,2.7084
90.8462,0.5634,2.4351
90.8464,0.5191,2.2382
90.8466,0.6117,2.6391
90.8468,0.6153,2.6484
90.8470,0.6934,2.9913
90.8472,0.6218,2.6825
90.8474,0.5589,2.4109
90.8476,0.543,2.3438
90.8478,0.5494,2.369
90.8480,0.6276,2.7061
90.8482,0.6043,2.6058
90.8484,0.5727,2.4704
90.8486,0.6177,2.6637
90.8488,0.633,2.7293
90.8490,0.6297,2.7116
90.8492,0.6851,2.9515
90.8494,0.6334,2.7327
90.8496,0.579,2.4978
90.8498,0.5701,2.4573
90.8500,0.5653,2.4355
90.8502,0.6074,2.6204
90.8504,0.5939,2.5608
90.8506,0.5957,2.5674
90.8508,0.6095,2.628
90.8510,0.6373,2.7454
90.8512,0.6669,2.8743
90.8514,0.5544,2.3918
90.8516,0.4857,2.0964
90.8518,0.4833,2.087
90.8520,0.4939,2.1336
90.8522,0.483,2.0864
90.8524,0.4771,2.0601
90.8526,0.4784,2.0667
90.8528,0.4778,2.0641
90.8530,0.4927,2.1244
90.8532,0.5351,2.3107
90.8534,0.477,2.0605
90.8536,0.4761,2.0559
90.8538,0.4766,2.0561
90.8540,0.4754,2.0528
90.8542,0.5435,2.3426
90.8544,0.6072,2.6145
90.8546,0.6209,2.6759
90.8548,0.596,2.5689
90.8550,0.591,2.546
90.8552,0.5924,2.5534
90.8554,0.5897,2.5427
90.8556,0.5936,2.5574
90.8558,0.6345,2.7285
90.8560,0.7855,3.3729
90.8562,0.8253,3.5454
90.8564,0.7905,3.3945
90.8566,0.8369,3.6004
90.8568,0.6903,2.9737
90.8570,0.6059,2.6113
90.8572,0.5858,2.5262
90.8574,0.5831,2.5143
90.8576,0.5848,2.5192
90.8578,0.5808,2.5044
90.8580,0.5766,2.4852
90.8582,0.5915,2.5469
90.8584,0.596,2.5689
90.8586,0.5989,2.5825
90.8588,0.59,2.5431
90.8590,0.593,2.5536
90.8592,0.6392,2.7524
90.8594,0.6896,2.9651
90.8596,0.7246,3.1186
90.8598,0.6219,2.6781
90.8600,0.711,3.0574
90.8602,0.6646,2.8685
90.8604,0.5379,2.3194
90.8606,0.5334,2.2992
90.8608,0.5728,2.4698
90.8610,0.5832,2.5101
90.8612,0.6351,2.7323
90.8614,0.6876,2.9596
90.8616,0.6357,2.7412
90.8618,0.5512,2.3778
90.8620,0.5381,2.3193
90.8622,0.5355,2.3133
90.8624,0.4614,1.9923
90.8626,0.5068,2.1834
90.8628,0.5469,2.3581
90.8630,0.5494,2.3668
90.8632,0.5816,2.5069
90.8634,0.5369,2.3163
90.8636,0.4472,1.933
90.8638,0.4161,1.7982
90.8640,0.4031,1.7406
90.8642,0.4278,1.8473
90.8644,0.4451,1.921
90.8646,0.504,2.171
90.8648,0.5313,2.2899
90.8650,0.5219,2.2516
90.8652,0.5336,2.3018
90.8654,0.5364,2.3121
90.8656,0.53,2.2863
90.8658,0.5145,2.2185
90.8660,0.5115,2.2056
90.8662,0.5598,2.4106
90.8664,0.5661,2.4409
90.8666,0.5297,2.28
90.8668,0.5563,2.3956
90.8670,0.548,2.3606
90.8672,0.6066,2.6108
90.8674,0.651,2.7991
90.8676,0.6698,2.88
90.8678,0.7126,3.0655
90.8680,0.7585,3.2509
90.8682,0.9273,3.9745
90.8684,0.8765,3.7636
90.8686,0.8368,3.5932
90.8688,0.8478,3.6457
90.8690,0.7634,3.2812
90.8692,0.7862,3.376
90.8694,0.8331,3.5706
90.8696,0.9108,3.9018
90.8698,1.0358,4.4313
90.8700,1.0785,4.6075
90.8702,1.1656,4.977
90.8704,1.202,5.1302
90.8706,1.2607,5.383
90.8708,1.2635,5.3953
90.8710,1.2247,5.2392
90.8712,1.036,4.436
90.8714,1.0282,4.4067
90.8716,1.0445,4.4703
90.8718,1.0483,4.4868
90.8720,1.0598,4.5381
90.8722,1.0816,4.6273
90.8724,1.1055,4.7404
90.8726,0.9326,4.0083
90.8728,0.8417,3.6126
90.8730,0.9309,3.9937
90.8732,0.9803,4.2056
90.8734,0.914,3.9248
90.8736,0.9397,4.035
90.8738,0.8891,3.8195
90.8740,0.8168,3.5121
90.8742,0.7908,3.3971
90.8744,0.8436,3.6243
90.8746,0.8448,3.6294
90.8748,0.835,3.5905
90.8750,0.8191,3.5187
90.8752,0.8812,3.782
90.8754,0.8526,3.6629
90.8756,0.8362,3.589
90.8758,0.8797,3.7775
90.8760,0.8746,3.7519
90.8762,0.9079,3.9004
90.8764,0.827,3.5527
90.8766,0.8447,3.6373
90.8768,0.781,3.3616
90.8770,0.7501,3.2285
90.8772,0.7074,3.0462
90.8774,0.7362,3.173
90.8776,0.7102,3.058
90.8778,0.6724,2.8994
90.8780,0.6127,2.642
90.8782,0.6348,2.7333
90.8784,0.676,2.9082
90.8786,0.6597,2.8407
90.8788,0.7129,3.0728
90.8790,0.6722,2.893
90.8792,0.7617,3.2755
90.8794,0.7722,3.3234
90.8796,0.7766,3.3394
90.8798,0.7386,3.1819
90.8800,0.6647,2.8664
90.8802,0.5939,2.5608
90.8804,0.6155,2.6526
90.8806,0.6156,2.6531
90.8808,0.6691,2.8863
90.8810,0.6024,2.5963
90.8812,0.6128,2.6425
90.8814,0.6179,2.6642
90.8816,0.5951,2.566
90.8818,0.6067,2.6137
90.8820,0.6171,2.6574
90.8822,0.6264,2.6997
90.8824,0.6156,2.6507
90.8826,0.7687,3.3039
90.8828,0.7752,3.3425
90.8830,0.6069,2.6184
90.8832,0.5725,2.4699
90.8834,0.5804,2.5006
90.8836,0.6107,2.6344
90.8838,0.5534,2.3883
90.8840,0.5481,2.3633
90.8842,0.5932,2.5577
90.8844,0.5436,2.3442
90.8846,0.5381,2.3215
90.8848,0.5623,2.4248
90.8850,0.5608,2.417
90.8852,0.5663,2.443
90.8854,0.5384,2.3247
90.8856,0.535,2.308
90.8858,0.544,2.3457
90.8860,0.5514,2.3778
90.8862,0.6304,2.7134
90.8864,0.6757,2.9094
90.8866,0.6095,2.6231
90.8868,0.6697,2.8795
90.8870,0.6936,2.9868
90.8872,0.6908,2.9744
90.8874,0.6914,2.9756
90.8876,0.6921,2.9787
90.8878,0.6854,2.9498
90.8880,0.7197,3.0945
90.8882,0.8095,3.471
90.8884,0.8819,3.7921
90.8886,0.8173,3.5158
90.8888,0.7964,3.4229
90.8890,0.8048,3.4574
90.8892,0.8506,3.6507
90.8894,0.8863,3.8076
90.8896,0.8352,3.5915
90.8898,0.8019,3.4418
90.8900,0.8728,3.7424
90.8902,0.9261,3.9749
90.8904,0.8567,3.6821
90.8906,0.8266,3.5528
90.8908,0.7965,3.425
90.8910,0.7939,3.4121
90.8912,0.7933,3.4111
90.8914,0.8101,3.4768
90.8916,0.8295,3.5684
90.8918,0.743,3.1951
90.8920,0.7713,3.3183
90.8922,0.8212,3.5345
90.8924,0.7495,3.2199
90.8926,0.7918,3.4049
90.8928,0.7032,3.0309
90.8930,0.642,2.7668
90.8932,0.5894,2.5417
90.8934,0.5771,2.4907
90.8936,0.5915,2.5516
90.8938,0.5787,2.4951
90.8940,0.551,2.3757
90.8942,0.6067,2.6149
90.8944,0.6302,2.7162
90.8946,0.6008,2.5872
90.8948,0.646,2.7831
90.8950,0.6375,2.7464
90.8952,0.6607,2.8422
90.8954,0.7173,3.0842
90.8956,0.7308,3.1425
90.8958,0.7749,3.3338
90.8960,0.8003,3.4479
90.8962,0.6165,2.6548
90.8964,0.6077,2.6203
90.8966,0.5061,2.1874
90.8968,0.4189,1.8107
90.8970,0.4105,1.7752
90.8972,0.4129,1.7831
90.8974,0.4876,2.1017
90.8976,0.5873,2.5335
90.8978,0.5446,2.3483
90.8980,0.5249,2.2646
90.8982,0.5308,2.2888
90.8984,0.5392,2.3283
90.8986,0.5351,2.3075
90.8988,0.5346,2.3054
90.8990,0.5322,2.2961
90.8992,0.5343,2.3049
90.8994,0.532,2.293
90.8996,0.5289,2.2795
90.8998,0.5276,2.2749
90.9000,0.5257,2.2666
90.9002,0.5245,2.2614
90.9004,0.5234,2.2578
90.9006,0.5422,2.3369
90.9008,0.6411,2.7555
90.9010,0.7294,3.1377
90.9012,0.6848,2.9486
90.9014,0.7575,3.2559
90.9016,0.7595,3.2627
90.9018,0.8027,3.447
90.9020,0.8603,3.6959
90.9022,0.8017,3.444
90.9024,0.8511,3.6511
90.9026,0.9085,3.8957
90.9028,0.9374,4.0252
90.9030,0.8362,3.5906
90.9032,0.8867,3.795
90.9034,1.0392,4.4519
90.9036,1.0482,4.4904
90.9038,1.0519,4.5022
90.9040,1.0682,4.5741
90.9042,1.0536,4.5157
90.9044,0.9638,4.1307
90.9046,0.9224,3.959
90.9048,0.9001,3.8597
90.9050,0.9813,4.2097
90.9052,0.9392,4.0292
90.9054,0.9246,3.9664
90.9056,0.9679,4.154
90.9058,0.9448,4.0477
90.9060,1.0138,4.343
90.9062,1.0361,4.4344
90.9064,1.0867,4.6532
90.9066,1.0566,4.5222
90.9068,1.0854,4.6562
90.9070,1.0081,4.3229
90.9072,0.9772,4.1922
90.9074,0.9301,3.9938
90.9076,0.8982,3.8568
90.9078,0.8899,3.8213
90.9080,0.9121,3.9147
90.9082,0.9328,4.0075
90.9084,0.8831,3.7973
90.9086,0.8463,3.6356
90.9088,0.8434,3.6199
90.9090,0.8844,3.7976
90.9092,0.9235,3.9599
90.9094,1.0298,4.4098
90.9096,1.0099,4.3387
90.9098,0.8866,3.814
90.9100,0.8309,3.5713
90.9102,0.8048,3.4606
90.9104,0.7328,3.16
90.9106,0.6138,2.6466
90.9108,0.6334,2.7302
90.9110,0.6399,2.7593
90.9112,0.6284,2.7059
90.9114,0.7223,3.1145
90.9116,0.6054,2.6129
90.9118,0.5776,2.4928
90.9120,0.5695,2.4558
90.9122,0.5765,2.487
90.9124,0.5658,2.4409
90.9126,0.594,2.5601
90.9128,0.6645,2.864
90.9130,0.6159,2.6559
90.9132,0.6194,2.6697
90.9134,0.6792,2.9303
90.9136,0.6478,2.7909
90.9138,0.6288,2.7113
90.9140,0.5978,2.5743
90.9142,0.648,2.7914
90.9144,0.6105,2.6327
90.9146,0.6115,2.6417
90.9148,0.5063,2.1864
90.9150,0.5004,2.1585
90.9152,0.5367,2.3174
90.9154,0.5276,2.277
90.9156,0.5171,2.232
90.9158,0.5272,2.2712
90.9160,0.5977,2.5785
90.9162,0.5336,2.3039
90.9164,0.5109,2.2061
90.9166,0.495,2.1362
90.9168,0.5022,2.1703
90.9170,0.4591,1.9833
90.9172,0.4462,1.9292
90.9174,0.3996,1.7272
90.9176,0.399,1.7222
90.9178,0.4507,1.9471
90.9180,0.4468,1.93
90.9182,0.4505,1.9469
90.9184,0.4453,1.9247
90.9186,0.4502,1.9432
90.9188,0.459,1.981
90.9190,0.4591,1.9824
90.9192,0.4577,1.9771
90.9194,0.4589,1.9805
90.9196,0.4573,1.9747
90.9198,0.4573,1.9747
90.9200,0.4929,2.1255
90.9202,0.547,2.3586
90.9204,0.5487,2.3648
90.9206,0.5504,2.3731
90.9208,0.5571,2.401
90.9210,0.5474,2.3602
90.9212,0.5736,2.4688
90.9214,0.6694,2.8785
90.9216,0.7456,3.2089
90.9218,0.6408,2.7617
90.9220,0.6119,2.6335
90.9222,0.6941,2.9847
90.9224,0.8015,3.4386
90.9226,0.9216,3.9462
90.9228,0.9868,4.2274
90.9230,0.9599,4.1201
90.9232,0.8827,3.8045
90.9234,0.6644,2.8621
90.9236,0.5987,2.5791
90.9238,0.5987,2.5791
90.9240,0.6215,2.6797
90.9242,0.6719,2.8933
90.9244,0.6355,2.7351
90.9246,0.6343,2.73
90.9248,0.6212,2.6787
90.9250,0.5631,2.4313
90.9252,0.5644,2.4314
90.9254,0.6278,2.7021
90.9256,0.6506,2.7988
90.9258,0.688,2.9584
90.9260,0.7061,3.0419
90.9262,0.6168,2.6559
90.9264,0.6113,2.6345
90.9266,0.5361,2.3116
90.9268,0.5794,2.4971
90.9270,0.598,2.5724
90.9272,0.662,2.8505
90.9274,0.6285,2.7077
90.9276,0.6143,2.6462
90.9278,0.5951,2.5636
90.9280,0.5815,2.5041
90.9282,0.6229,2.6834
90.9284,0.626,2.7019
90.9286,0.5381,2.3204
90.9288,0.5906,2.5409
90.9290,0.6324,2.7217
90.9292,0.6186,2.6636
90.9294,0.6211,2.6782
90.9296,0.5873,2.5312
90.9298,0.6292,2.7083
90.9300,0.63,2.7139
90.9302,0.6193,2.6679
90.9304,0.6532,2.8102
90.9306,0.6845,2.9462
90.9308,0.6272,2.7008
90.9310,0.5864,2.5252
90.9312,0.5878,2.5286
90.9314,0.6468,2.7836
90.9316,0.6161,2.6552
90.9318,0.5748,2.4809
90.9320,0.501,2.1591
90.9322,0.4869,2.0986
90.9324,0.485,2.0923
90.9326,0.4836,2.0861
90.9328,0.4814,2.0749
90.9330,0.4827,2.0806
90.9332,0.4866,2.1
90.9334,0.4826,2.082
90.9336,0.5237,2.2563
90.9338,0.5693,2.4548
90.9340,0.5297,2.2831
90.9342,0.5422,2.3358
90.9344,0.5977,2.5726
90.9346,0.5996,2.582
90.9348,0.5725,2.4676
90.9350,0.6126,2.6341
90.9352,0.7102,3.0538
90.9354,0.7153,3.0745
90.9356,0.7078,3.0421
90.9358,0.7728,3.3183
90.9360,0.7813,3.3533
90.9362,0.8303,3.5571
90.9364,0.935,4.0112
90.9366,0.9179,3.9358
90.9368,0.9747,4.1756
90.9370,0.9464,4.0543
90.9372,0.8999,3.8568
90.9374,0.94,4.0252
90.9376,0.9664,4.144
90.9378,0.909,3.8995
90.9380,0.9169,3.9353
90.9382,0.9074,3.8892
90.9384,0.9536,4.0852
90.9386,0.9526,4.0944
90.9388,0.8194,3.5202
90.9390,0.8224,3.5314
90.9392,0.8189,3.5132
90.9394,0.8397,3.6056
90.9396,0.8406,3.6097
90.9398,0.899,3.855
90.9400,0.9062,3.8913
90.9402,0.7782,3.3446
90.9404,0.7591,3.2641
90.9406,0.7428,3.1985
90.9408,0.6763,2.9106
90.9410,0.7043,3.0313
90.9412,0.7285,3.1312
90.9414,0.7885,3.3873
90.9416,0.9122,3.9152
90.9418,0.836,3.5879
90.9420,0.8665,3.7209
90.9422,0.8364,3.5934
90.9424,0.8083,3.4707
90.9426,0.8081,3.4783
90.9428,0.7182,3.0941
90.9430,0.665,2.8634
90.9432,0.6796,2.9237
90.9434,0.7217,3.1047
90.9436,0.7083,3.0484
90.9438,0.7107,3.0601
90.9440,0.6828,2.939
90.9442,0.6727,2.8978
90.9444,0.6269,2.703
90.9446,0.6004,2.5851
90.9448,0.6987,3.0043
90.9450,0.7068,3.0394
90.9452,0.6861,2.957
90.9454,0.5697,2.4564
90.9456,0.6056,2.6066
90.9458,0.6506,2.8041
90.9460,0.6716,2.8891
90.9462,0.7169,3.0841
90.9464,0.6692,2.8788
90.9466,0.7037,3.0245
90.9468,0.7346,3.1604
90.9470,0.6881,2.9617
90.9472,0.6433,2.7687
90.9474,0.7093,3.0544
90.9476,0.6809,2.9293
90.9478,0.6828,2.9417
90.9480,0.6386,2.7524
90.9482,0.6484,2.7934
90.9484,0.6484,2.7909
90.9486,0.6367,2.7416
90.9488,0.646,2.778
90.9490,0.7354,3.1621
90.9492,0.7644,3.2884
90.9494,0.6866,2.9591
90.9496,0.6103,2.6292
90.9498,0.6773,2.9152
90.9500,0.6826,2.9352
90.9502,0.6668,2.8711
90.9504,0.6321,2.7257
90.9506,0.5638,2.431
90.9508,0.534,2.3049
90.9510,0.5356,2.3106
90.9512,0.5445,2.3478
90.9514,0.5324,2.2956
90.9516,0.5295,2.2821
90.9518,0.5764,2.4865
90.9520,0.5433,2.3426
90.9522,0.5674,2.442
90.9524,0.696,2.9957
90.9526,0.6279,2.7076
90.9528,0.5424,2.339
90.9530,0.5939,2.5584
90.9532,0.6289,2.708
90.9534,0.6314,2.7188
90.9536,0.6325,2.7222
90.9538,0.6334,2.7251
90.9540,0.6789,2.9206
90.9542,0.698,3.0054
90.9544,0.6475,2.7841
90.9546,0.7103,3.0515
90.9548,0.793,3.4132
90.9550,0.6971,3.0046
90.9552,0.6179,2.6605
90.9554,0.6104,2.6285
90.9556,0.6547,2.8164
90.9558,0.7051,3.0392
90.9560,0.6547,2.8216
90.9562,0.6254,2.6943
90.9564,0.6107,2.6295
90.9566,0.6121,2.6369
90.9568,0.6113,2.6345
90.9570,0.6074,2.6156
90.9572,0.6071,2.614
90.9574,0.6199,2.6668
90.9576,0.6896,2.9679
90.9578,0.6864,2.9586
90.9580,0.6171,2.6599
90.9582,0.6095,2.6244
90.9584,0.6332,2.7253
90.9586,0.676,2.9082
90.9588,0.7096,3.0484
90.9590,0.7926,3.408
90.9592,0.764,3.2868
90.9594,0.6447,2.7774
90.9596,0.5677,2.4492
90.9598,0.5607,2.4153
90.9600,0.6111,2.6328
90.9602,0.5691,2.4538
90.9604,0.5544,2.3907
90.9606,0.5563,2.3967
90.9608,0.5483,2.3643
90.9610,0.539,2.3251
90.9612,0.5307,2.2873
90.9614,0.5544,2.3863
90.9616,0.6303,2.7155
90.9618,0.6174,2.6572
90.9620,0.6429,2.7684
90.9622,0.6133,2.6372
90.9624,0.6614,2.8479
90.9626,0.5959,2.5684
90.9628,0.6215,2.6735
90.9630,0.6852,2.9465
90.9632,0.6858,2.9546
90.9634,0.5882,2.5353
90.9636,0.5882,2.5283
90.9638,0.6899,2.9639
90.9640,0.7167,3.0845
90.9642,0.7137,3.0687
90.9644,0.7101,3.0519
90.9646,0.7084,3.0446
90.9648,0.7499,3.2259
90.9650,0.6104,2.6334
90.9652,0.4849,2.0908
90.9654,0.4741,2.0452
90.9656,0.473,2.0415
90.9658,0.4803,2.0741
90.9660,0.5038,2.1725
90.9662,0.5013,2.1597
90.9664,0.5261,2.2676
90.9666,0.5813,2.5042
90.9668,0.6093,2.6238
90.9670,0.6067,2.6101
90.9672,0.6336,2.7256
90.9674,0.6691,2.8769
90.9676,0.7173,3.0842
90.9678,0.7573,3.2549
90.9680,0.7355,3.1582
90.9682,0.7945,3.4099
90.9684,0.8243,3.538
90.9686,0.8526,3.6561
90.9688,0.8572,3.6773
90.9690,0.8574,3.6766
90.9692,0.8918,3.8242
90.9694,0.9687,4.1499
90.9696,1.0186,4.3595
90.9698,1.0048,4.3025
90.9700,0.984,4.2117
90.9702,1.0548,4.5124
90.9704,1.149,4.9132
90.9706,1.1668,4.9868
90.9708,1.0762,4.6149
90.9710,0.9975,4.2772
90.9712,1.018,4.361
90.9714,0.9851,4.2242
90.9716,0.9322,3.9937
90.9718,0.9789,4.1955
90.9720,0.9474,4.066
90.9722,0.9267,3.9757
90.9724,0.9744,4.1765
90.9726,0.9629,4.1291
90.9728,0.9574,4.1054
90.9730,0.9602,4.1192
90.9732,0.934,4.0089
90.9734,0.9338,4.0023
90.9736,0.8928,3.8354
90.9738,0.8146,3.5029
90.9740,0.815,3.5028
90.9742,0.845,3.6316
90.9744,0.8284,3.5605
90.9746,0.7447,3.2023
90.9748,0.7707,3.3157
90.9750,0.7506,3.2275
90.9752,0.747,3.2166
90.9754,0.7132,3.0681
90.9756,0.6886,2.9679
90.9758,0.6954,2.9918
90.9760,0.7012,3.0207
90.9762,0.6448,2.7741
90.9764,0.6887,2.9643
90.9766,0.5993,2.5877
90.9768,0.4493,1.9409
90.9770,0.4942,2.1321
90.9772,0.5587,2.4104
90.9774,0.5698,2.4557
90.9776,0.5992,2.5788
90.9778,0.6313,2.7234
90.9780,0.514,2.2195
90.9782,0.5246,2.2641
90.9784,0.5079,2.1931
90.9786,0.5005,2.16
90.9788,0.5225,2.2511
90.9790,0.5869,2.5261
90.9792,0.6476,2.7872
90.9794,0.6746,2.9061
90.9796,0.6623,2.852
90.9798,0.7048,3.0362
90.9800,0.6138,2.6466
90.9802,0.5508,2.3763
90.9804,0.5155,2.2247
90.9806,0.5099,2.2019
90.9808,0.524,2.2583
90.9810,0.5362,2.3121
90.9812,0.5316,2.2903
90.9814,0.6206,2.6699
90.9816,0.661,2.849
90.9818,0.6403,2.7596
90.9820,0.6236,2.6903
90.9822,0.503,2.1709
90.9824,0.4522,1.9533
90.9826,0.4713,2.0333
90.9828,0.5334,2.296
90.9830,0.5586,2.4077
90.9832,0.5579,2.4046
90.9834,0.573,2.4708
90.9836,0.5628,2.4258
90.9838,0.6206,2.6786
90.9840,0.4727,2.04
90.9842,0.4721,2.0355
90.9844,0.506,2.1828
90.9846,0.4667,2.015
90.9848,0.4541,1.9589
90.9850,0.4366,1.8851
90.9852,0.4354,1.8808
90.9854,0.4349,1.8778
90.9856,0.4446,1.918
90.9858,0.4723,2.0384
90.9860,0.4908,2.1162
90.9862,0.5492,2.3625
90.9864,0.6429,2.7645
90.9866,0.6634,2.854
90.9868,0.6617,2.8455
90.9870,0.6619,2.8487
90.9872,0.6657,2.8652
90.9874,0.7038,3.0293
90.9876,0.7174,3.0847
90.9878,0.6861,2.9488
90.9880,0.7867,3.3764
90.9882,0.8101,3.4833
90.9884,0.7499,3.2169
90.9886,0.8,3.4368
90.9888,0.7556,3.2492
90.9890,0.7331,3.1537
90.9892,0.7433,3.1901
90.9894,0.7703,3.3121
90.9896,0.6608,2.844
90.9898,0.661,2.8424
90.9900,0.7219,3.1086
90.9902,0.7007,3.0145
90.9904,0.6768,2.9145
90.9906,0.6613,2.8448
90.9908,0.7116,3.0586
90.9910,0.7597,3.2682
90.9912,0.6295,2.7144
90.9914,0.5631,2.4257
90.9916,0.5822,2.506
90.9918,0.6372,2.7411
90.9920,0.7032,3.0281
90.9922,0.5494,2.3723
90.9924,0.4484,1.9337
90.9926,0.487,2.0992
90.9928,0.544,2.3468
90.9930,0.4995,2.1529
90.9932,0.5061,2.1803
90.9934,0.5348,2.307
90.9936,0.5071,2.1865
90.9938,0.5011,2.1596
90.9940,0.5416,2.3321
90.9942,0.6085,2.6227
90.9944,0.5376,2.3172
90.9946,0.5096,2.1943
90.9948,0.5304,2.2873
90.9950,0.5123,2.2103
90.9952,0.5115,2.2056
90.9954,0.4846,2.0917
90.9956,0.4134,1.7843
90.9958,0.4111,1.7762
90.9960,0.418,1.8048
90.9962,0.3944,1.7013
90.9964,0.4502,1.9405
90.9966,0.543,2.3405
90.9968,0.5234,2.2557
90.9970,0.4868,2.1001
90.9972,0.488,2.1033
90.9974,0.536,2.3079
90.9976,0.5644,2.4325
90.9978,0.5006,2.1576
90.9980,0.5099,2.1968
90.9982,0.5585,2.4072
90.9984,0.5086,2.1932
90.9986,0.4851,2.0919
90.9988,0.4808,2.0732
90.9990,0.4799,2.0682
90.9992,0.4805,2.0717
90.9994,0.4876,2.1027
90.9996,0.4969,2.1405
90.9998,0.4975,2.1441
91.0000,0.4956,2.1359
91.0002,0.5239,2.2547
91.0004,0.5789,2.4869
91.0006,0.7312,3.1396
91.0008,0.7543,3.2405
91.0010,0.7289,3.1313
91.0012,0.7,3.0086
91.0014,0.7247,3.1118
91.0016,0.7646,3.2802
91.0018,0.795,3.4056
91.0020,0.8711,3.7352
91.0022,0.8607,3.6991
91.0024,0.8175,3.5022
91.0026,1.0002,4.273
91.0028,1.0956,4.6802
91.0030,1.1067,4.73
91.0032,1.0999,4.7008
91.0034,1.127,4.8144
91.0036,1.1262,4.8248
91.0038,1.0097,4.3296
91.0040,0.9242,3.9575
91.0042,0.9548,4.0884
91.0044,0.9962,4.2675
91.0046,0.9512,4.0787
91.0048,0.9044,3.8746
91.0050,0.9668,4.1494
91.0052,0.865,3.7177
91.0054,0.8056,3.4626
91.0056,0.8343,3.5791
91.0058,0.8579,3.6821
91.0060,0.8478,3.6389
91.0062,0.8481,3.6314
91.0064,0.9402,4.0314
91.0066,0.8789,3.7722
91.0068,0.8573,3.6864
91.0070,0.7816,3.3579
91.0072,0.7977,3.4254
91.0074,0.8126,3.4892
91.0076,0.8153,3.5011
91.0078,0.8074,3.4703
91.0080,0.8039,3.4538
91.0082,0.835,3.5838
91.0084,0.9368,4.0207
91.0086,0.8976,3.8525
91.0088,0.8586,3.6852
91.0090,0.8537,3.6675
91.0092,0.8006,3.4425
91.0094,0.7411,3.1883
91.0096,0.7436,3.1976
91.0098,0.7484,3.2198
91.0100,0.7766,3.3363
91.0102,0.7681,3.3059
91.0104,0.6699,2.8779
91.0106,0.8312,3.5674
91.0108,0.8856,3.8028
91.0110,0.8868,3.8115
91.0112,0.8258,3.5492
91.0114,0.8102,3.4822
91.0116,0.8037,3.4559
91.0118,0.812,3.4899
91.0120,0.7683,3.3054
91.0122,0.6857,2.9486
91.0124,0.7212,3.1012
91.0126,0.7864,3.377
91.0128,0.8472,3.6397
91.0130,0.8665,3.7209
91.0132,0.8783,3.7731
91.0134,0.8123,3.4979
91.0136,0.6783,2.9234
91.0138,0.6055,2.611
91.0140,0.5759,2.4821
91.0142,0.6047,2.6049
91.0144,0.6579,2.8369
91.0146,0.5958,2.5703
91.0148,0.5693,2.4548
91.0150,0.5662,2.4368
91.0152,0.6771,2.9128
91.0154,0.742,3.1949
91.0156,0.645,2.7798
91.0158,0.5063,2.1854
91.0160,0.4755,2.0543
91.0162,0.48,2.0744
91.0164,0.4805,2.0736
91.0166,0.5326,2.2955
91.0168,0.5254,2.2677
91.0170,0.5213,2.2501
91.0172,0.5239,2.2589
91.0174,0.5236,2.2589
91.0176,0.5267,2.2723
91.0178,0.5251,2.264
91.0180,0.5229,2.2547
91.0182,0.5282,2.2785
91.0184,0.554,2.3864
91.0186,0.6643,2.859
91.0188,0.6448,2.7792
91.0190,0.5844,2.5141
91.0192,0.6737,2.9011
91.0194,0.6587,2.8379
91.0196,0.6313,2.7196
91.0198,0.6426,2.7669
91.0200,0.6528,2.812
91.0202,0.6535,2.8125
91.0204,0.6541,2.8138
91.0206,0.6604,2.8425
91.0208,0.6693,2.8793
91.0210,0.7042,3.0238
91.0212,0.7784,3.3472
91.0214,0.7502,3.226
91.0216,0.7887,3.3868
91.0218,0.8566,3.6765
91.0220,0.8337,3.5865
91.0222,0.7442,3.2017
91.0224,0.734,3.1549
91.0226,0.7209,3.104
91.0228,0.6483,2.789
91.0230,0.6855,2.9489
91.0232,0.7363,3.1662
91.0234,0.7316,3.1461
91.0236,0.7199,3.0999
91.0238,0.6518,2.8066
91.0240,0.6237,2.6858
91.0242,0.6289,2.7093
91.0244,0.6266,2.6982
91.0246,0.6555,2.8226
91.0248,0.6472,2.7857
91.0250,0.7255,3.1198
91.0252,0.7625,3.2801
91.0254,0.7514,3.2251
91.0256,0.7772,3.342
91.0258,0.735,3.1649
91.0260,0.6728,2.8943
91.0262,0.6814,2.9341
91.0264,0.7074,3.0462
91.0266,0.6923,2.977
91.0268,0.7049,3.0311
91.0270,0.6963,2.9968
91.0272,0.7025,3.0236
91.0274,0.6685,2.8757
91.0276,0.671,2.8879
91.0278,0.6845,2.9517
91.0280,0.6324,2.7255
91.0282,0.5724,2.4694
91.0284,0.54,2.3276
91.0286,0.6635,2.8519
91.0288,0.7227,3.1074
91.0290,0.6964,2.9987
91.0292,0.6608,2.8427
91.0294,0.6538,2.8115
91.0296,0.6632,2.857
91.0298,0.6531,2.8123
91.0300,0.6393,2.7516
91.0302,0.6257,2.6953
91.0304,0.6264,2.6959
91.0306,0.6403,2.757
91.0308,0.6087,2.6273
91.0310,0.5279,2.2775
91.0312,0.5092,2.1968
91.0314,0.5004,2.1595
91.0316,0.5038,2.1755
91.0318,0.5288,2.2779
91.0320,0.5785,2.4946
91.0322,0.5179,2.232
91.0324,0.5321,2.2935
91.0326,0.5216,2.248
91.0328,0.5344,2.3054
91.0330,0.4906,2.1156
91.0332,0.4929,2.1274
91.0334,0.4966,2.1415
91.0336,0.5421,2.3342
91.0338,0.5742,2.4714
91.0340,0.6265,2.6964
91.0342,0.5898,2.5409
91.0344,0.6085,2.6166
91.0346,0.6912,2.9737
91.0348,0.7188,3.0938
91.0350,0.7078,3.0421
91.0352,0.7693,3.3049
91.0354,0.842,3.612
91.0356,0.8429,3.6077
91.0358,0.998,4.2712
91.0360,1.0069,4.3178
91.0362,0.979,4.198
91.0364,0.9791,4.1946
91.0366,0.9741,4.1769
91.0368,0.9605,4.1169
91.0370,0.9615,4.1229
91.0372,0.9246,3.9627
91.0374,0.9617,4.1182
91.0376,0.9991,4.2804
91.0378,0.9603,4.1158
91.0380,0.9518,4.0813
91.0382,0.9906,4.2459
91.0384,0.9549,4.0965
91.0386,0.8954,3.8414
91.0388,0.9071,3.8895
91.0390,0.9604,4.1183
91.0392,0.9135,3.9246
91.0394,0.8326,3.5769
91.0396,0.8345,3.5818
91.0398,0.8866,3.8051
91.0400,0.8446,3.6351
91.0402,0.7066,3.0383
91.0404,0.737,3.1722
91.0406,0.7412,3.1888
91.0408,0.733,3.1561
91.0410,0.7239,3.1111
91.0412,0.8472,3.6363
91.0414,0.8897,3.8221
91.0416,0.8469,3.6365
91.0418,0.8423,3.6203
91.0420,0.8061,3.4663
91.0422,0.7239,3.1169
91.0424,0.595,2.5666
91.0426,0.5656,2.4388
91.0428,0.5673,2.4438
91.0430,0.6438,2.7707
91.0432,0.6884,2.9627
91.0434,0.7337,3.1563
91.0436,0.7561,3.2528
91.0438,0.6728,2.8983
91.0440,0.6061,2.6147
91.0442,0.5561,2.399
91.0444,0.577,2.4891
91.0446,0.5764,2.4842
91.0448,0.6164,2.6543
91.0450,0.6566,2.826
91.0452,0.699,3.0086
91.0454,0.656,2.8207
91.0456,0.6252,2.697
91.0458,0.549,2.3674
91.0460,0.6075,2.6173
91.0462,0.6429,2.7658
91.0464,0.686,2.9551
91.0466,0.6904,2.9742
91.0468,0.6918,2.9763
91.0470,0.7171,3.0851
91.0472,0.652,2.8102
91.0474,0.6272,2.7033
91.0476,0.6617,2.8495
91.0478,0.6376,2.747
91.0480,0.5403,2.3329
91.0482,0.4932,2.1275
91.0484,0.5119,2.2061
91.0486,0.6257,2.6941
91.0488,0.6635,2.8599
91.0490,0.6138,2.6429
91.0492,0.631,2.7223
91.0494,0.5671,2.4455
91.0496,0.5611,2.4197
91.0498,0.5444,2.344
91.0500,0.6179,2.6605
91.0502,0.6023,2.5982
91.0504,0.4782,2.0647
91.0506,0.4761,2.0559
91.0508,0.473,2.0425
91.0510,0.4601,1.9866
91.0512,0.4619,1.9943
91.0514,0.4619,1.9934
91.0516,0.4658,2.0114
91.0518,0.4613,1.9908
91.0520,0.4583,1.977
91.0522,0.5005,2.159
91.0524,0.5399,2.3271
91.0526,0.5699,2.4574
91.0528,0.5758,2.4827
91.0530,0.5605,2.4159
91.0532,0.5625,2.422
91.0534,0.5629,2.4263
91.0536,0.583,2.5091
91.0538,0.633,2.723
91.0540,0.6603,2.8406
91.0542,0.7373,3.1718
91.0544,0.7327,3.1507
91.0546,0.7315,3.1426
91.0548,0.7759,3.3379
91.0550,0.6307,2.712
91.0552,0.6886,2.9651
91.0554,0.5975,2.5763
91.0556,0.5424,2.3379
91.0558,0.5394,2.325
91.0560,0.5312,2.2915
91.0562,0.5354,2.3096
91.0564,0.5273,2.2728
91.0566,0.5297,2.2842
91.0568,0.5294,2.2826
91.0570,0.5292,2.28
91.0572,0.534,2.3007
91.0574,0.5302,2.2873
91.0576,0.5328,2.2966
91.0578,0.5284,2.2785
91.0580,0.5028,2.1669
91.0582,0.6018,2.5889
91.0584,0.6224,2.6801
91.0586,0.6072,2.6158
91.0588,0.5957,2.5638
91.0590,0.5626,2.4225
91.0592,0.5821,2.5043
91.0594,0.621,2.6776
91.0596,0.5511,2.3784
91.0598,0.495,2.1343
91.0600,0.5085,2.1927
91.0602,0.4945,2.1322
91.0604,0.4982,2.1472
91.0606,0.5366,2.3104
91.0608,0.5408,2.3328
91.0610,0.5113,2.2036
91.0612,0.562,2.4177
91.0614,0.5915,2.5481
91.0616,0.5587,2.4071
91.0618,0.6087,2.6176
91.0620,0.6512,2.8001
91.0622,0.6393,2.7516
91.0624,0.524,2.2594
91.0626,0.4649,2.0073
91.0628,0.4212,1.8138
91.0630,0.552,2.3782
91.0632,0.5535,2.3843
91.0634,0.6056,2.6066
91.0636,0.6456,2.7759
91.0638,0.6634,2.8487
91.0640,0.7427,3.1965
91.0642,0.5896,2.5422
91.0644,0.5098,2.1974
91.0646,0.6195,2.6702
91.0648,0.5246,2.263
91.0650,0.5171,2.2278
91.0652,0.546,2.3534
91.0654,0.4924,2.1204
91.0656,0.5192,2.2387
91.0658,0.5031,2.1674
91.0660,0.5507,2.3703
91.0662,0.598,2.576
91.0664,0.6073,2.6151
91.0666,0.6108,2.6288
91.0668,0.615,2.6456
91.0670,0.6249,2.6897
91.0672,0.5974,2.5686
91.0674,0.6316,2.7186
91.0676,0.5951,2.5588
91.0678,0.6097,2.6217
91.0680,0.7158,3.0737
91.0682,0.8134,3.4944
91.0684,0.809,3.4705
91.0686,0.8471,3.6341
91.0688,0.8352,3.5815
91.0690,0.8474,3.6351
91.0692,0.8439,3.6168
91.0694,0.9289,3.9775
91.0696,0.9921,4.25
91.0698,0.9673,4.1418
91.0700,0.968,4.1468
91.0702,0.9731,4.1592
91.0704,1.068,4.5667
91.0706,1.0735,4.5881
91.0708,1.1021,4.7172
91.0710,1.1047,4.7257
91.0712,1.0948,4.6815
91.0714,1.1168,4.7753
91.0716,1.1541,4.9348
91.0718,1.0789,4.6198
91.0720,0.9724,4.1658
91.0722,0.9646,4.1343
91.0724,0.9944,4.2678
91.0726,0.9345,4.0072
91.0728,0.9247,3.9669
91.0730,0.948,4.0667
91.0732,0.9189,3.9367
91.0734,0.9024,3.8785
91.0736,0.7664,3.291
91.0738,0.8139,3.4998
91.0740,0.8212,3.5296
91.0742,0.7995,3.4331
91.0744,0.8957,3.8389
91.0746,0.9436,4.0444
91.0748,0.9131,3.9225
91.0750,0.7905,3.4008
91.0752,0.7303,3.1419
91.0754,0.7332,3.1586
91.0756,0.6596,2.8388
91.0758,0.6917,2.973
91.0760,0.7399,3.1846
91.0762,0.7333,3.1504
91.0764,0.751,3.2291
91.0766,0.7404,3.1837
91.0768,0.7251,3.125
91.0770,0.6669,2.8717
91.0772,0.6915,2.9775
91.0774,0.6649,2.8589
91.0776,0.6952,2.9921
91.0778,0.6753,2.9051
91.0780,0.6968,3.0002
91.0782,0.6998,3.0089
91.0784,0.7324,3.1521
91.0786,0.733,3.1532
91.0788,0.7032,3.0267
91.0790,0.6809,2.9375
91.0792,0.5692,2.4543
91.0794,0.5669,2.4422
91.0796,0.5667,2.4423
91.0798,0.5605,2.4182
91.0800,0.5617,2.4211
91.0802,0.5733,2.4719
91.0804,0.5875,2.5334
91.0806,0.6007,2.5915
91.0808,0.5113,2.2056
91.0810,0.5018,2.1657
91.0812,0.5024,2.1683
91.0814,0.5127,2.2077
91.0816,0.6495,2.7942
91.0818,0.7222,3.1082
91.0820,0.6922,2.9806
91.0822,0.5939,2.5596
91.0824,0.5426,2.3417
91.0826,0.5282,2.2775
91.0828,0.5289,2.2774
91.0830,0.5992,2.58
91.0832,0.6117,2.6354
91.0834,0.6706,2.8863
91.0836,0.6637,2.8604
91.0838,0.568,2.4503
91.0840,0.5468,2.3576
91.0842,0.5601,2.4139
91.0844,0.537,2.3147
91.0846,0.5782,2.4919
91.0848,0.5535,2.3821
91.0850,0.6892,2.9677
91.0852,0.685,2.9441
91.0854,0.7334,3.1582
91.0856,0.6887,2.9643
91.0858,0.718,3.0873
91.0860,0.7392,3.1771
91.0862,0.7414,3.1849
91.0864,0.744,3.2007
91.0866,0.746,3.2065
91.0868,0.7836,3.3631
91.0870,0.8821,3.7843
91.0872,0.9083,3.8983
91.0874,0.8663,3.7181
91.0876,0.862,3.6996
91.0878,0.8193,3.5197
91.0880,0.8162,3.5063
91.0882,0.8156,3.5021
91.0884,0.7951,3.4204
91.0886,0.7138,3.0721
91.0888,0.7096,3.0512
91.0890,0.7506,3.2245
91.0892,0.8006,3.4377
91.0894,0.7957,3.4198
91.0896,0.7903,3.3966
91.0898,0.7742,3.3307
91.0900,0.6963,2.9996
91.0902,0.6253,2.6938
91.0904,0.6404,2.7576
91.0906,0.636,2.7385
91.0908,0.6366,2.7372
91.0910,0.6643,2.8643
91.0912,0.6284,2.7009
91.0914,0.7737,3.3224
91.0916,0.843,3.6267
91.0918,0.7181,3.0907
91.0920,0.6542,2.8196
91.0922,0.6216,2.6777
91.0924,0.5821,2.5066
91.0926,0.5694,2.453
91.0928,0.5719,2.4673
91.0930,0.6061,2.6123
91.0932,0.5993,2.5829
91.0934,0.6078,2.6171
91.0936,0.6722,2.893
91.0938,0.679,2.917
91.0940,0.7143,3.0727
91.0942,0.6921,2.9815
91.0944,0.6201,2.6728
91.0946,0.5544,2.3874
91.0948,0.6483,2.7942
91.0950,0.6004,2.5899
91.0952,0.5019,2.1642
91.0954,0.4873,2.1041
91.0956,0.5283,2.2748
91.0958,0.6113,2.6321
91.0960,0.6201,2.6728
91.0962,0.5535,2.3888
91.0964,0.5031,2.1704
91.0966,0.5001,2.1565
91.0968,0.4972,2.1471
91.0970,0.4998,2.1559
91.0972,0.5016,2.1617
91.0974,0.5378,2.3188
91.0976,0.498,2.1462
91.0978,0.494,2.1321
91.0980,0.5441,2.343
91.0982,0.6462,2.7849
91.0984,0.5192,2.2408
91.0986,0.4838,2.0881
91.0988,0.4837,2.0866
91.0990,0.4825,2.0805
91.0992,0.4867,2.0996
91.0994,0.483,2.0826
91.0996,0.5223,2.2521
91.0998,0.5036,2.1715
91.1000,0.5403,2.3275
91.1002,0.5893,2.5353
91.1004,0.6969,2.998
91.1006,0.7095,3.055
91.1008,0.6498,2.7952
91.1010,0.7231,3.1051
91.1012,0.7543,3.239
91.1014,0.7723,3.3178
91.1016,0.8267,3.545
91.1018,0.8764,3.7596
91.1020,0.8665,3.7105
91.1022,0.9838,4.2166
91.1024,1.027,4.3954
91.1026,0.9972,4.2701
91.1028,0.9715,4.1636
91.1030,0.9782,4.1944
91.1032,0.9728,4.1693
91.1034,0.9613,4.1238
91.1036,0.9388,4.0239
91.1038,1.0077,4.3148
91.1040,1.0099,4.3185
91.1042,1.1146,4.7661
91.1044,1.0942,4.6833
91.1046,1.095,4.6864
91.1048,1.1284,4.8228
91.1050,1.103,4.7186
91.1052,1.1261,4.8153
91.1054,1.1693,5.0092
91.1056,1.0096,4.3311
91.1058,0.8921,3.8288
91.1060,0.935,4.0093
91.1062,1.0048,4.3085
91.1064,0.9139,3.9261
91.1066,0.8272,3.552
91.1068,0.9189,3.9422
91.1070,0.9481,4.0615
91.1072,0.9602,4.1249
91.1074,0.8498,3.6505
91.1076,0.7993,3.4353
91.1078,0.7917,3.4091
91.1080,0.7521,3.2342
91.1082,0.7596,3.2677
91.1084,0.7085,3.048
91.1086,0.7027,3.0274
91.1088,0.6752,2.9059
91.1090,0.6733,2.899
91.1092,0.7237,3.1149
91.1094,0.7212,3.1055
91.1096,0.7033,3.0272
91.1098,0.6712,2.8876
91.1100,0.7077,3.0458
91.1102,0.6932,2.9847
91.1104,0.7066,3.0383
91.1106,0.7083,3.0526
91.1108,0.5958,2.5691
91.1110,0.5759,2.4856
91.1112,0.6155,2.6489
91.1114,0.6834,2.9456
91.1116,0.6189,2.6676
91.1118,0.6101,2.6294
91.1120,0.5607,2.4198
91.1122,0.5472,2.3597
91.1124,0.5951,2.566
91.1126,0.5519,2.3832
91.1128,0.4953,2.1388
91.1130,0.5444,2.3505
91.1132,0.5059,2.1833
91.1134,0.5,2.156
91.1136,0.4948,2.1347
91.1138,0.4908,2.1201
91.1140,0.504,2.1761
91.1142,0.4992,2.1534
91.1144,0.5237,2.2542
91.1146,0.651,2.803
91.1148,0.6282,2.7112
91.1150,0.503,2.1719
91.1152,0.4133,1.7855
91.1154,0.4399,1.8996
91.1156,0.4518,1.9508
91.1158,0.4451,1.921
91.1160,0.4482,1.9371
91.1162,0.4459,1.9264
91.1164,0.444,1.9172
91.1166,0.4446,1.9189
91.1168,0.4462,1.9265
91.1170,0.449,1.9389
91.1172,0.4459,1.9237
91.1174,0.4454,1.9225
91.1176,0.4501,1.9445
91.1178,0.4486,1.9369
91.1180,0.4681,2.0194
91.1182,0.5242,2.2604
91.1184,0.5398,2.3255
91.1186,0.555,2.3922
91.1188,0.5604,2.4154
91.1190,0.5454,2.3519
91.1192,0.5519,2.3798
91.1194,0.5579,2.4023
91.1196,0.5986,2.575
91.1198,0.6156,2.6544
91.1200,0.5715,2.4618
91.1202,0.5647,2.434
91.1204,0.5701,2.455
91.1206,0.6501,2.7968
91.1208,0.6933,2.9783
91.1210,0.7529,3.2343
91.1212,0.8027,3.4598
91.1214,0.605,2.6065
91.1216,0.5602,2.4144
91.1218,0.5824,2.5077
91.1220,0.6809,2.928
91.1222,0.6657,2.8638
91.1224,0.6388,2.7508
91.1226,0.6168,2.6534
91.1228,0.599,2.5818
91.1230,0.5529,2.3829
91.1232,0.5556,2.3925
91.1234,0.639,2.7488
91.1236,0.6695,2.879
91.1238,0.6662,2.8646
91.1240,0.6494,2.8015
91.1242,0.5577,2.4024
91.1244,0.6376,2.738
91.1246,0.7707,3.3126
91.1248,0.7182,3.084
91.1250,0.7402,3.1886
91.1252,0.5998,2.5837
91.1254,0.6108,2.6313
91.1256,0.5978,2.5743
91.1258,0.5845,2.5193
91.1260,0.5821,2.5101
91.1262,0.5977,2.575
91.1264,0.6464,2.7808
91.1266,0.6568,2.8244
91.1268,0.6809,2.9307
91.1270,0.5999,2.5819
91.1272,0.5958,2.5643
91.1274,0.6319,2.7209
91.1276,0.5879,2.5338
91.1278,0.6114,2.6314
91.1280,0.6243,2.6884
91.1282,0.574,2.4738
91.1284,0.5168,2.2263
91.1286,0.5571,2.4021
91.1288,0.5049,2.1782
91.1290,0.4912,2.1182
91.1292,0.491,2.1172
91.1294,0.4969,2.1445
91.1296,0.5304,2.2852
91.1298,0.531,2.2899
91.1300,0.4893,2.109
91.1302,0.4819,2.0779
91.1304,0.4801,2.0701
91.1306,0.4862,2.0985
91.1308,0.483,2.0826
91.1310,0.4916,2.1198
91.1312,0.4972,2.1451
91.1314,0.4957,2.1374
91.1316,0.4941,2.1297
91.1318,0.5116,2.2031
91.1320,0.5633,2.4256
91.1322,0.5223,2.2511
91.1324,0.4976,2.1476
91.1326,0.4964,2.1415
91.1328,0.5034,2.1694
91.1330,0.5451,2.3471
91.1332,0.5815,2.5017
91.1334,0.6179,2.663
91.1336,0.58,2.4962
91.1338,0.6412,2.756
91.1340,0.7037,3.0231
91.1342,0.7135,3.0654
91.1344,0.7698,3.307
91.1346,0.7896,3.3888
91.1348,0.8543,3.6633
91.1350,0.8518,3.6491
91.1352,0.962,4.1173
91.1354,1.0033,4.3003
91.1356,0.9386,4.0191
91.1358,0.9454,4.0559
91.1360,0.9071,3.8931
91.1362,0.8906,3.8155
91.1364,0.953,4.0845
91.1366,0.9265,3.9672
91.1368,0.9675,4.1525
91.1370,0.8677,3.7191
91.1372,0.9018,3.8669
91.1374,0.8692,3.734
91.1376,0.8133,3.4923
91.1378,0.8223,3.5326
91.1380,0.8037,3.4559
91.1382,0.7575,3.2559
91.1384,0.7554,3.2451
91.1386,0.7447,3.2008
91.1388,0.7468,3.2125
91.1390,0.7432,3.1985
91.1392,0.7676,3.2977
91.1394,0.8002,3.4426
91.1396,0.7521,3.2297
91.1398,0.8357,3.5802
91.1400,0.9351,4.0135
91.1402,0.8603,3.6959
91.1404,0.8117,3.484
91.1406,0.8355,3.5942
91.1408,0.7307,3.142
91.1410,0.8056,3.4577
91.1412,0.7994,3.4374
91.1414,0.7309,3.1459
91.1416,0.7171,3.0808
91.1418,0.7221,3.1048
91.1420,0.6917,2.9716
91.1422,0.755,3.2451
91.1424,0.7656,3.292
91.1426,0.6764,2.9111
91.1428,0.6236,2.6878
91.1430,0.5651,2.4322
91.1432,0.6587,2.8339
91.1434,0.7193,3.0973
91.1436,0.6551,2.8198
91.1438,0.6511,2.8009
91.1440,0.6904,2.9729
91.1442,0.6776,2.9149
91.1444,0.7048,3.0362
91.1446,0.6687,2.8754
91.1448,0.7504,3.2235
91.1450,0.7462,3.2114
91.1452,0.6755,2.9048
91.1454,0.7125,3.0622
91.1456,0.7673,3.2946
91.1458,0.8159,3.5069
91.1460,0.784,3.3714
91.1462,0.73,3.1359
91.1464,0.7795,3.344
91.1466,0.8188,3.5144
91.1468,0.8075,3.4773
91.1470,0.6832,2.9446
91.1472,0.5831,2.5131
91.1474,0.5392,2.3261
91.1476,0.5637,2.4283
91.1478,0.6186,2.6636
91.1480,0.6227,2.6774
91.1482,0.6623,2.8534
91.1484,0.6318,2.7191
91.1486,0.6418,2.765
91.1488,0.6255,2.6923
91.1490,0.5981,2.5801
91.1492,0.5376,2.3205
91.1494,0.5349,2.3064
91.1496,0.5337,2.2991
91.1498,0.5524,2.3819
91.1500,0.5822,2.5083
91.1502,0.5434,2.3431
91.1504,0.5336,2.3007
91.1506,0.5336,2.3018
91.1508,0.5381,2.3172
91.1510,0.6556,2.8231
91.1512,0.6585,2.8355
91.1514,0.6222,2.6791
91.1516,0.5826,2.5087
91.1518,0.577,2.4879
91.1520,0.5735,2.4729
91.1522,0.5784,2.4929
91.1524,0.5784,2.4918
91.1526,0.6152,2.6479
91.1528,0.7156,3.077
91.1530,0.7581,3.257
91.1532,0.7356,3.1616
91.1534,0.7153,3.0788
91.1536,0.6864,2.9558
91.1538,0.6225,2.6819
91.1540,0.6134,2.6451
91.1542,0.6356,2.7356
91.1544,0.7183,3.0874
91.1546,0.7187,3.0947
91.1548,0.6447,2.7749
91.1550,0.6711,2.8857
91.1552,0.645,2.7759
91.1554,0.6109,2.6306
91.1556,0.6085,2.6227
91.1558,0.6104,2.6297
91.1560,0.6104,2.6273
91.1562,0.6131,2.6386
91.1564,0.6101,2.6282
91.1566,0.5965,2.5686
91.1568,0.6113,2.6345
91.1570,0.5911,2.5489
91.1572,0.5501,2.371
91.1574,0.5595,2.4091
91.1576,0.6616,2.8463
91.1578,0.7571,3.2524
91.1580,0.7518,3.2297
91.1582,0.7155,3.0822
91.1584,0.5939,2.5584
91.1586,0.5557,2.3942
91.1588,0.5511,2.3762
91.1590,0.549,2.3663
91.1592,0.543,2.3405
91.1594,0.5387,2.323
91.1596,0.5358,2.3106
91.1598,0.5565,2.3962
91.1600,0.6135,2.6431
91.1602,0.5868,2.5291
91.1604,0.5772,2.4866
91.1606,0.6101,2.6269
91.1608,0.5903,2.5418
91.1610,0.6199,2.668
91.1612,0.6675,2.8716
91.1614,0.6697,2.8809
91.1616,0.6417,2.7607
91.1618,0.6942,2.981
91.1620,0.7879,3.3895
91.1622,0.7268,3.1255
91.1624,0.7211,3.1007
91.1626,0.6942,2.9866
91.1628,0.7223,3.1102
91.1630,0.598,2.5748
91.1632,0.5963,2.5664
91.1634,0.6577,2.8319
91.1636,0.6444,2.7759
91.1638,0.6426,2.7656
91.1640,0.6187,2.6666
91.1642,0.5884,2.5323
91.1644,0.6517,2.8048
91.1646,0.5788,2.491
91.1648,0.5932,2.5553
91.1650,0.6072,2.6109
91.1652,0.7132,3.0624
91.1654,0.7296,3.1402
91.1656,0.6846,2.9467
91.1658,0.6856,2.9495
91.1660,0.6801,2.9271
91.1662,0.6965,2.9964
91.1664,0.6653,2.8623
91.1666,0.6791,2.9203
91.1668,0.6992,3.0078
91.1670,0.6948,2.985
91.1672,0.7556,3.2447
91.1674,0.7951,3.4172
91.1676,0.8198,3.5168
91.1678,0.8806,3.7759
91.1680,0.9025,3.8681
91.1682,0.9728,4.1654
91.1684,0.9959,4.2605
91.1686,1.0592,4.5313
91.1688,1.1489,4.915
91.1690,1.1482,4.9119
91.1692,1.0386,4.4473
91.1694,0.9884,4.2401
91.1696,0.9571,4.0962
91.1698,1.0398,4.4441
91.1700,1.0632,4.5568
91.1702,0.9902,4.2398
91.1704,1.0597,4.5376
91.1706,1.0899,4.6583
91.1708,1.1524,4.9276
91.1710,1.1325,4.8425
91.1712,1.0548,4.5208
91.1714,0.9653,4.1413
91.1716,0.9765,4.1852
91.1718,1.0689,4.5729
91.1720,1.0852,4.6448
91.1722,1.0748,4.6109
91.1724,0.9755,4.185
91.1726,0.9372,4.0242
91.1728,0.9274,3.9787
91.1730,0.8456,3.6443
91.1732,0.6954,2.9918
91.1734,0.7743,3.3312
91.1736,0.7917,3.4028
91.1738,0.7734,3.3301
91.1740,0.7422,3.187
91.1742,0.8171,3.5153
91.1744,0.7613,3.2734
91.1746,0.7837,3.3698
91.1748,0.7312,3.1499
91.1750,0.708,3.0473
91.1752,0.7143,3.0713
91.1754,0.7073,3.0457
91.1756,0.6659,2.8675
91.1758,0.6671,2.874
91.1760,0.6908,2.9758
91.1762,0.7284,3.1351
91.1764,0.7229,3.1084
91.1766,0.7773,3.3425
91.1768,0.7436,3.2051
91.1770,0.6315,2.7244
91.1772,0.5897,2.5415
91.1774,0.6428,2.7679
91.1776,0.6613,2.8474
91.1778,0.6508,2.8077
91.1780,0.5924,2.557
91.1782,0.5534,2.3883
91.1784,0.4932,2.1295
91.1786,0.5028,2.1689
91.1788,0.5649,2.4379
91.1790,0.5288,2.2843
91.1792,0.498,2.1512
91.1794,0.4987,2.1533
91.1796,0.4957,2.1413
91.1798,0.492,2.1253
91.1800,0.4956,2.1388
91.1802,0.5048,2.1756
91.1804,0.5079,2.1962
91.1806,0.421,1.8178
91.1808,0.4799,2.071
91.1810,0.4258,1.8402
91.1812,0.4742,2.0458
91.1814,0.5448,2.3482
91.1816,0.5187,2.2387
91.1818,0.4784,2.0639
91.1820,0.532,2.294
91.1822,0.5569,2.3993
91.1824,0.5747,2.4781
91.1826,0.577,2.4891
91.1828,0.545,2.3531
91.1830,0.491,2.1182
91.1832,0.4891,2.1109
91.1834,0.4793,2.0713
91.1836,0.4555,1.9651
91.1838,0.518,2.2325
91.1840,0.5926,2.548
91.1842,0.6673,2.8719
91.1844,0.6885,2.9591
91.1846,0.7499,3.2274
91.1848,0.6144,2.6468
91.1850,0.6399,2.7542
91.1852,0.6777,2.9154
91.1854,0.7054,3.0388
91.1856,0.6102,2.6275
91.1858,0.6065,2.6066
91.1860,0.7147,3.0734
91.1862,0.7663,3.2951
91.1864,0.7396,3.1801
91.1866,0.7227,3.1074
91.1868,0.7372,3.1668
91.1870,0.7825,3.3663
91.1872,0.7159,3.0785
91.1874,0.6843,2.9411
91.1876,0.6984,3.0075
91.1878,0.6763,2.9146
91.1880,0.6209,2.6734
91.1882,0.6097,2.6254
91.1884,0.6104,2.6297
91.1886,0.6394,2.7496
91.1888,0.7108,3.0578
91.1890,0.6565,2.8241
91.1892,0.6435,2.7723
91.1894,0.6303,2.7129
91.1896,0.6586,2.8387
91.1898,0.614,2.6427
91.1900,0.678,2.9156
91.1902,0.7521,3.2372
91.1904,0.6307,2.7208
91.1906,0.4966,2.1415
91.1908,0.551,2.3746
91.1910,0.5958,2.5655
91.1912,0.6108,2.63
91.1914,0.6278,2.7021
91.1916,0.5856,2.5275
91.1918,0.4693,2.0264
91.1920,0.455,1.963
91.1922,0.4669,2.0133
91.1924,0.511,2.2035
91.1926,0.5109,2.202
91.1928,0.5084,2.1922
91.1930,0.5103,2.2015
91.1932,0.5456,2.3535
91.1934,0.5188,2.2361
91.1936,0.52,2.2413
91.1938,0.5804,2.5017
91.1940,0.5281,2.2738
91.1942,0.5327,2.2971
91.1944,0.5277,2.2765
91.1946,0.5445,2.3445
91.1948,0.63,2.7126
91.1950,0.6129,2.6406
91.1952,0.5923,2.5505
91.1954,0.6084,2.6173
91.1956,0.6297,2.7078
91.1958,0.5652,2.4384
91.1960,0.4939,2.1316
91.1962,0.4886,2.1098
91.1964,0.4873,2.1021
91.1966,0.4868,2.0991
91.1968,0.4844,2.0897
91.1970,0.4825,2.0805
91.1972,0.4851,2.0899
91.1974,0.5385,2.3209
91.1976,0.5013,2.1617
91.1978,0.4821,2.0799
91.1980,0.4807,2.0737
91.1982,0.4819,2.0779
91.1984,0.4844,2.0897
91.1986,0.4793,2.0684
91.1988,0.4771,2.0591
91.1990,0.4833,2.0851
91.1992,0.485,2.0894
91.1994,0.5045,2.1716
91.1996,0.5536,2.3838
91.1998,0.5969,2.5713
91.2000,0.5954,2.5639
91.2002,0.5789,2.4915
91.2004,0.6336,2.7205
91.2006,0.7506,3.2215
91.2008,0.7882,3.3815
91.2010,0.7951,3.4109
91.2012,0.8177,3.5114
91.2014,0.7279,3.1316
91.2016,0.7555,3.2441
91.2018,0.845,3.6232
91.2020,0.8911,3.8175
91.2022,0.9096,3.8985
91.2024,0.9144,3.9135
91.2026,0.9993,4.2809
91.2028,0.9752,4.1757
91.2030,0.9691,4.1514
91.2032,0.9487,4.0641
91.2034,1.0103,4.3281
91.2036,1.0114,4.3348
91.2038,0.945,4.0463
91.2040,0.9593,4.1098
91.2042,0.9768,4.1868
91.2044,0.9639,4.1236
91.2046,1.0645,4.5582
91.2048,1.0493,4.4888
91.2050,1.1127,4.7623
91.2052,1.0908,4.6684
91.2054,1.1097,4.7517
91.2056,1.0057,4.3106
91.2058,0.9625,4.1232
91.2060,1.0115,4.3434
91.2062,0.9248,3.9637
91.2064,0.9832,4.2061
91.2066,1.087,4.6525
91.2068,0.9218,3.9546
91.2070,0.8527,3.6583
91.2072,0.9149,3.9247
91.2074,0.9404,4.0399
91.2076,0.8331,3.5823
91.2078,0.7133,3.0729
91.2080,0.6944,2.9885
91.2082,0.6422,2.7666
91.2084,0.6294,2.7113
91.2086,0.673,2.894
91.2088,0.7364,3.1667
91.2090,0.7406,3.1877
91.2092,0.7165,3.0883
91.2094,0.6498,2.7978
91.2096,0.6331,2.7261
91.2098,0.6553,2.8203
91.2100,0.6868,2.9532
91.2102,0.7384,3.1809
91.2104,0.692,2.9754
91.2106,0.7303,3.1433
91.2108,0.7508,3.2271
91.2110,0.7946,3.4199
91.2112,0.7508,3.2241
91.2114,0.8092,3.4748
91.2116,0.8807,3.7799
91.2118,0.9099,3.9018
91.2120,0.8538,3.6715
91.2122,0.78,3.3554
91.2124,0.7964,3.4261
91.2126,0.7557,3.2497
91.2128,0.705,3.0373
91.2130,0.6685,2.8797
91.2132,0.6325,2.7247
91.2134,0.5858,2.5238
91.2136,0.6012,2.5875
91.2138,0.678,2.921
91.2140,0.6426,2.772
91.2142,0.585,2.5214
91.2144,0.5849,2.5185
91.2146,0.6334,2.7289
91.2148,0.5846,2.5222
91.2150,0.5616,2.4228
91.2152,0.5647,2.4329
91.2154,0.5704,2.4595
91.2156,0.5832,2.5125
91.2158,0.6583,2.8345
91.2160,0.6108,2.6337
91.2162,0.494,2.1331
91.2164,0.4816,2.0807
91.2166,0.4947,2.1332
91.2168,0.533,2.2982
91.2170,0.561,2.4146
91.2172,0.6578,2.8337
91.2174,0.6462,2.7836
91.2176,0.6292,2.7095
91.2178,0.6301,2.7132
91.2180,0.6344,2.733
91.2182,0.631,2.7186
91.2184,0.6369,2.7413
91.2186,0.6742,2.8991
91.2188,0.7427,3.1905
91.2190,0.7452,3.2043
91.2192,0.7897,3.3925
91.2194,0.7807,3.3601
91.2196,0.6336,2.7294
91.2198,0.6121,2.6369
91.2200,0.6159,2.6547
91.2202,0.6111,2.634
91.2204,0.6131,2.6411
91.2206,0.6658,2.8657
91.2208,0.702,3.0229
91.2210,0.6447,2.7787
91.2212,0.6149,2.6488
91.2214,0.614,2.644
91.2216,0.6266,2.6957
91.2218,0.7006,3.0139
91.2220,0.6898,2.9689
91.2222,0.7152,3.0783
91.2224,0.7322,3.1487
91.2226,0.7415,3.1898
91.2228,0.6715,2.8913
91.2230,0.6457,2.7803
91.2232,0.665,2.8661
91.2234,0.6103,2.6292
91.2236,0.7239,3.1111
91.2238,0.7978,3.4307
91.2240,0.7751,3.3327
91.2242,0.7562,3.2548
91.2244,0.7412,3.1814
91.2246,0.7852,3.3765
91.2248,0.7117,3.0619
91.2250,0.6882,2.9608
91.2252,0.6866,2.9536
91.2254,0.7291,3.1367
91.2256,0.7422,3.1929
91.2258,0.7278,3.1296
91.2260,0.6966,2.9997
91.2262,0.632,2.7202
91.2264,0.6456,2.7772
91.2266,0.6728,2.8956
91.2268,0.7137,3.0687
91.2270,0.783,3.3667
91.2272,0.7404,3.1837
91.2274,0.7697,3.308
91.2276,0.7826,3.3636
91.2278,0.6921,2.9815
91.2280,0.6028,2.5979
91.2282,0.6133,2.6409
91.2284,0.6306,2.7152
91.2286,0.6224,2.6826
91.2288,0.611,2.6347
91.2290,0.6146,2.6478
91.2292,0.6211,2.6744
91.2294,0.6062,2.6128
91.2296,0.6131,2.6411
91.2298,0.631,2.7122
91.2300,0.7373,3.1718
91.2302,0.7456,3.2059
91.2304,0.7626,3.2821
91.2306,0.6945,2.9849
91.2308,0.7092,3.0539
91.2310,0.6175,2.6614
91.2312,0.601,2.5901
91.2314,0.5982,2.577
91.2316,0.5936,2.5562
91.2318,0.6168,2.6583
91.2320,0.6013,2.5953
91.2322,0.5215,2.2485
91.2324,0.5421,2.3364
91.2326,0.5788,2.4933
91.2328,0.6233,2.685
91.2330,0.6399,2.7517
91.2332,0.7191,3.0919
91.2334,0.6992,3.005
91.2336,0.7325,3.1453
91.2338,0.8049,3.4627
91.2340,0.737,3.1708
91.2342,0.7414,3.1849
91.2344,0.7849,3.3703
91.2346,0.838,3.595
91.2348,0.956,4.0993
91.2350,0.9613,4.1257
91.2352,0.9023,3.8725
91.2354,0.8873,3.8064
91.2356,0.8969,3.8494
91.2358,0.9346,4.0096
91.2360,0.9652,4.1388
91.2362,0.9327,3.9977
91.2364,0.9468,4.0578
91.2366,0.9777,4.1943
91.2368,0.9707,4.1625
91.2370,0.9903,4.2503
91.2372,0.9398,4.028
91.2374,0.9765,4.1852
91.2376,0.9898,4.2462
91.2378,0.9412,4.036
91.2380,0.9041,3.8748
91.2382,0.8923,3.828
91.2384,0.8752,3.765
91.2386,0.7587,3.2656
91.2388,0.7267,3.1264
91.2390,0.7358,3.1641
91.2392,0.6995,3.0135
91.2394,0.7007,3.0103
91.2396,0.7668,3.2956
91.2398,0.7295,3.1426
91.2400,0.6824,2.9396
91.2402,0.7119,3.0624
91.2404,0.786,3.3749
91.2406,0.7951,3.4188
91.2408,0.7822,3.3637
91.2410,0.7573,3.2564
91.2412,0.715,3.0773
91.2414,0.7346,3.1648
91.2416,0.6863,2.9526
91.2418,0.7346,3.1575
91.2420,0.7668,3.2956
91.2422,0.8219,3.5376
91.2424,0.7788,3.344
91.2426,0.8025,3.4508
91.2428,0.7965,3.4314
91.2430,0.7001,3.0119
91.2432,0.7493,3.2219
91.2434,0.7355,3.1655
91.2436,0.7776,3.3435
91.2438,0.8288,3.5654
91.2440,0.7242,3.1199
91.2442,0.6568,2.8322
91.2444,0.6051,2.6058
91.2446,0.6585,2.8342
91.2448,0.6876,2.9624
91.2450,0.6399,2.7581
91.2452,0.6155,2.6539
91.2454,0.6045,2.608
91.2456,0.6133,2.6421
91.2458,0.6325,2.7235
91.2460,0.6616,2.8489
91.2462,0.6061,2.6111
91.2464,0.5538,2.3914
91.2466,0.5346,2.3065
91.2468,0.6057,2.6096
91.2470,0.6542,2.8182
91.2472,0.5864,2.5323
91.2474,0.5368,2.3168
91.2476,0.537,2.3147
91.2478,0.594,2.5578
91.2480,0.6188,2.6659
91.2482,0.578,2.4937
91.2484,0.55,2.3738
91.2486,0.5596,2.414
91.2488,0.5518,2.3793
91.2490,0.5545,2.389
91.2492,0.6289,2.713
91.2494,0.5165,2.2284
91.2496,0.4589,1.9823
91.2498,0.4577,1.9771
91.2500,0.4882,2.1043
91.2502,0.5404,2.3291
91.2504,0.5553,2.3954
91.2506,0.5494,2.369
91.2508,0.5543,2.388
91.2510,0.5652,2.4361
91.2512,0.5584,2.4066
91.2514,0.5572,2.4026
91.2516,0.5643,2.432
91.2518,0.5631,2.4268
91.2520,0.576,2.4803
91.2522,0.6536,2.8144
91.2524,0.68,2.9252
91.2526,0.7507,3.222
91.2528,0.8165,3.5095
91.2530,0.709,3.0586
91.2532,0.5643,2.4354
91.2534,0.5444,2.3462
91.2536,0.5415,2.3359
91.2538,0.5414,2.3354
91.2540,0.5474,2.3602
91.2542,0.5502,2.3726
91.2544,0.524,2.2604
91.2546,0.5237,2.2594
91.2548,0.5282,2.2785
91.2550,0.5333,2.3008
91.2552,0.5252,2.2656
91.2554,0.531,2.2899
91.2556,0.5295,2.2821
91.2558,0.533,2.2982
91.2560,0.5337,2.3023
91.2562,0.5284,2.2775
91.2564,0.5453,2.3492
91.2566,0.5891,2.5354
91.2568,0.6122,2.6362
91.2570,0.6171,2.6611
91.2572,0.5619,2.4183
91.2574,0.5844,2.5176
91.2576,0.5996,2.5844
91.2578,0.57,2.4556
91.2580,0.5649,2.4357
91.2582,0.5333,2.2997
91.2584,0.4959,2.1394
91.2586,0.5113,2.2066
91.2588,0.4968,2.142
91.2590,0.5047,2.1751
91.2592,0.5115,2.2036
91.2594,0.5331,2.2997
91.2596,0.5065,2.1839
91.2598,0.5018,2.1627
91.2600,0.5048,2.1777
91.2602,0.5186,2.2361
91.2604,0.5396,2.3255
91.2606,0.5374,2.313
91.2608,0.6033,2.5992
91.2610,0.5968,2.5696
91.2612,0.596,2.5665
91.2614,0.5352,2.308
91.2616,0.494,2.1291
91.2618,0.4938,2.1281
91.2620,0.5322,2.294
91.2622,0.5468,2.3554
91.2624,0.5915,2.5457
91.2626,0.6239,2.6838
91.2628,0.6516,2.8082
91.2630,0.5472,2.3597
91.2632,0.4963,2.139
91.2634,0.4922,2.1214
91.2636,0.5234,2.2557
91.2638,0.5722,2.4638
91.2640,0.6213,2.673
91.2642,0.6019,2.593
91.2644,0.5892,2.5347
91.2646,0.6469,2.7803
91.2648,0.6965,2.9908
91.2650,0.7206,3.1001
91.2652,0.6326,2.7227
91.2654,0.6586,2.8334
91.2656,0.652,2.8037
91.2658,0.6879,2.9606
91.2660,0.653,2.8092
91.2662,0.6909,2.9722
91.2664,0.6741,2.8986
91.2666,0.7171,3.0808
91.2668,0.7508,3.2256
91.2670,0.7976,3.4217
91.2672,0.8707,3.7302
91.2674,0.9121,3.9056
91.2676,0.9914,4.243
91.2678,1.0008,4.2815
91.2680,1.0729,4.5877
91.2682,1.121,4.7933
91.2684,1.0819,4.6369
91.2686,0.9832,4.216
91.2688,0.9837,4.2141
91.2690,0.9824,4.2104
91.2692,0.9694,4.1549
91.2694,0.937,4.0124
91.2696,0.968,4.1468
91.2698,0.9719,4.1638
91.2700,0.9875,4.2305
91.2702,0.9878,4.2355
91.2704,0.9609,4.1242
91.2706,0.8525,3.6624
91.2708,0.8194,3.5169
91.2710,0.8333,3.5783
91.2712,0.8404,3.6103
91.2714,0.8372,3.5964
91.2716,0.825,3.5444
91.2718,0.8237,3.5404
91.2720,0.8206,3.5254
91.2722,0.814,3.4987
91.2724,0.7951,3.4125
91.2726,0.8257,3.5486
91.2728,0.8276,3.5536
91.2730,0.8167,3.5133
91.2732,0.7988,3.4364
91.2734,0.7771,3.3415
91.2736,0.7577,3.261
91.2738,0.7173,3.0842
91.2740,0.7807,3.3538
91.2742,0.7543,3.2435
91.2744,0.7017,3.0228
91.2746,0.6368,2.7433
91.2748,0.6506,2.8014
91.2750,0.7092,3.0511
91.2752,0.7489,3.2188
91.2754,0.7537,3.2409
91.2756,0.6583,2.8371
91.2758,0.5765,2.4847
91.2760,0.5687,2.4511
91.2762,0.6452,2.7795
91.2764,0.6685,2.8784
91.2766,0.6686,2.8762
91.2768,0.7223,3.1073
91.2770,0.7227,3.1074
91.2772,0.7496,3.2174
91.2774,0.8121,3.4937
91.2776,0.7332,3.1542
91.2778,0.7072,3.0437
91.2780,0.6836,2.9421
91.2782,0.7057,3.0347
91.2784,0.7228,3.1094
91.2786,0.661,2.8503
91.2788,0.5807,2.5004
91.2790,0.5837,2.5145
91.2792,0.5778,2.4892
91.2794,0.63,2.7139
91.2796,0.6167,2.6615
91.2798,0.5002,2.158
91.2800,0.5399,2.3249
91.2802,0.6749,2.9049
91.2804,0.6243,2.6909
91.2806,0.5315,2.293
91.2808,0.5259,2.2687
91.2810,0.526,2.2682
91.2812,0.5234,2.2589
91.2814,0.5207,2.2465
91.2816,0.5251,2.2651
91.2818,0.5294,2.2784
91.2820,0.5572,2.4026
91.2822,0.5483,2.361
91.2824,0.6212,2.6737
91.2826,0.6234,2.6867
91.2828,0.6221,2.6811
91.2830,0.6087,2.62
91.2832,0.6363,2.7387
91.2834,0.6681,2.8742
91.2836,0.7263,3.1243
91.2838,0.756,3.2462
91.2840,0.7298,3.1413
91.2842,0.7193,3.093
91.2844,0.7533,3.2394
91.2846,0.7812,3.3528
91.2848,0.8551,3.672
91.2850,0.841,3.6129
91.2852,0.8272,3.5487
91.2854,0.8795,3.7748
91.2856,0.8488,3.6481
91.2858,0.8012,3.4435
91.2860,0.7952,3.4257
91.2862,0.7084,3.0461
91.2864,0.7157,3.0775
91.2866,0.7156,3.0784
91.2868,0.7459,3.2015
91.2870,0.8686,3.7331
91.2872,0.7689,3.3095
91.2874,0.7278,3.131
91.2876,0.7361,3.1666
91.2878,0.7352,3.163
91.2880,0.7779,3.3482
91.2882,0.6858,2.9532
91.2884,0.6295,2.7106
91.2886,0.6632,2.857
91.2888,0.6038,2.6013
91.2890,0.5623,2.4271
91.2892,0.5557,2.3975
91.2894,0.5737,2.4739
91.2896,0.5698,2.4557
91.2898,0.5703,2.4589
91.2900,0.6067,2.6113
91.2902,0.691,2.9713
91.2904,0.673,2.8966
91.2906,0.6809,2.9307
91.2908,0.6665,2.8701
91.2910,0.628,2.7031
91.2912,0.6187,2.6678
91.2914,0.6187,2.6666
91.2916,0.5902,2.5424
91.2918,0.5833,2.5118
91.2920,0.6191,2.6694
91.2922,0.5882,2.5341
91.2924,0.6093,2.6226
91.2926,0.6735,2.9001
91.2928,0.6434,2.7692
91.2930,0.6638,2.8582
91.2932,0.6069,2.6123
91.2934,0.6833,2.941
91.2936,0.6668,2.8698
91.2938,0.6519,2.8045
91.2940,0.6945,2.9946
91.2942,0.6095,2.6256
91.2944,0.5819,2.5044
91.2946,0.5958,2.5679
91.2948,0.5957,2.5674
91.2950,0.6149,2.6476
91.2952,0.598,2.5772
91.2954,0.5454,2.3519
91.2956,0.509,2.1947
91.2958,0.5451,2.3526
91.2960,0.4881,2.1067
91.2962,0.4824,2.0809
91.2964,0.4838,2.0881
91.2966,0.4812,2.0758
91.2968,0.4818,2.0774
91.2970,0.504,2.171
91.2972,0.5652,2.435
91.2974,0.5784,2.4964
91.2976,0.5051,2.1802
91.2978,0.4927,2.1244
91.2980,0.4856,2.0939
91.2982,0.4849,2.0908
91.2984,0.4869,2.1016
91.2986,0.4922,2.1234
91.2988,0.5004,2.1565
91.2990,0.5456,2.3503
91.2992,0.5653,2.4355
91.2994,0.6201,2.6703
91.2996,0.5939,2.5561
91.2998,0.6976,2.9969
91.3000,0.7885,3.3826
91.3002,0.8336,3.581
91.3004,0.7273,3.1261
91.3006,0.7559,3.2502
91.3008,0.7542,3.24
91.3010,0.7719,3.3131
91.3012,0.8724,3.7392
91.3014,0.9351,4.0079
91.3016,0.9397,4.0275
91.3018,0.9063,3.8846
91.3020,0.9259,3.9702
91.3022,0.9394,4.0227
91.3024,0.9674,4.15
91.3026,0.9249,3.9679
91.3028,0.9584,4.1076
91.3030,0.9671,4.1471
91.3032,0.985,4.2158
91.3034,1.1297,4.8239
91.3036,1.1748,5.0164
91.3038,1.2397,5.2959
91.3040,1.1423,4.896
91.3042,1.0686,4.5714
91.3044,1.139,4.8724
91.3046,1.0418,4.4653
91.3048,0.9831,4.2115
91.3050,0.9881,4.237
91.3052,0.9809,4.2023
91.3054,1.0127,4.3404
91.3056,0.9627,4.13
91.3058,0.9652,4.1485
91.3060,0.8376,3.6019
91.3062,0.7424,3.1954
91.3064,0.7559,3.2487
91.3066,0.7887,3.3899
91.3068,0.7718,3.3203
91.3070,0.729,3.1406
91.3072,0.696,2.9943
91.3074,0.8242,3.5375
91.3076,0.9216,3.9517
91.3078,0.9044,3.8908
91.3080,0.7988,3.43
91.3082,0.8876,3.8133
91.3084,0.8333,3.5833
91.3086,0.6728,2.9023
91.3088,0.5974,2.577
91.3090,0.5935,2.5604
91.3092,0.6078,2.6183
91.3094,0.6047,2.6073
91.3096,0.5222,2.2558
91.3098,0.4915,2.1193
91.3100,0.5504,2.3698
91.3102,0.6361,2.739
91.3104,0.72,3.0961
91.3106,0.6846,2.9508
91.3108,0.6381,2.749
91.3110,0.679,2.9197
91.3112,0.7193,3.0973
91.3114,0.5671,2.4466
91.3116,0.4948,2.1357
91.3118,0.509,2.1958
91.3120,0.5201,2.2449
91.3122,0.5234,2.2578
91.3124,0.591,2.5519
91.3126,0.5424,2.3401
91.3128,0.52,2.2454
91.3130,0.5024,2.1693
91.3132,0.5004,2.1565
91.3134,0.6297,2.7078
91.3136,0.6891,2.9699
91.3138,0.6242,2.6879
91.3140,0.6664,2.8709
91.3142,0.6304,2.7198
91.3144,0.5428,2.3438
91.3146,0.5019,2.1652
91.3148,0.4964,2.1395
91.3150,0.5103,2.2015
91.3152,0.492,2.1263
91.3154,0.4164,1.7998
91.3156,0.4041,1.7456
91.3158,0.4306,1.8575
91.3160,0.473,2.0434
91.3162,0.487,2.0992
91.3164,0.5601,2.4139
91.3166,0.5808,2.4975
91.3168,0.6858,2.956
91.3170,0.5875,2.5334
91.3172,0.5548,2.3911
91.3174,0.556,2.3974
91.3176,0.5707,2.4599
91.3178,0.624,2.6881
91.3180,0.5904,2.5411
91.3182,0.6294,2.7075
91.3184,0.6804,2.93
91.3186,0.6608,2.8427
91.3188,0.7309,3.1444
91.3190,0.6737,2.9065
91.3192,0.5513,2.3784
91.3194,0.54,2.3297
91.3196,0.5384,2.3203
91.3198,0.5423,2.3385
91.3200,0.6066,2.6108
91.3202,0.6216,2.6777
91.3204,0.5676,2.4453
91.3206,0.5524,2.3808
91.3208,0.5502,2.3737
91.3210,0.5369,2.3152
91.3212,0.5374,2.3151
91.3214,0.524,2.2604
91.3216,0.5301,2.2836
91.3218,0.5316,2.2914
91.3220,0.5289,2.2806
91.3222,0.5242,2.2604
91.3224,0.5167,2.2289
91.3226,0.5164,2.2258
91.3228,0.6421,2.7609
91.3230,0.6616,2.8529
91.3232,0.5784,2.4895
91.3234,0.5794,2.4959
91.3236,0.5198,2.2361
91.3238,0.6191,2.6632
91.3240,0.6946,2.9854
91.3242,0.735,3.159
91.3244,0.7486,3.2173
91.3246,0.7328,3.1527
91.3248,0.6992,3.0078
91.3250,0.6729,2.8961
91.3252,0.6212,2.6737
91.3254,0.6462,2.7798
91.3256,0.6786,2.9209
91.3258,0.6201,2.6703
91.3260,0.635,2.7356
91.3262,0.5752,2.4813
91.3264,0.5545,2.389
91.3266,0.5589,2.4087
91.3268,0.5655,2.4326
91.3270,0.6858,2.9464
91.3272,0.7426,3.19
91.3274,0.7993,3.4353
91.3276,0.7597,3.2622
91.3278,0.7298,3.1369
91.3280,0.6722,2.893
91.3282,0.6188,2.6634
91.3284,0.6004,2.5863
91.3286,0.5869,2.5261
91.3288,0.6051,2.6058
91.3290,0.6176,2.6607
91.3292,0.6412,2.7573
91.3294,0.7063,3.0373
91.3296,0.6565,2.8281
91.3298,0.5914,2.5499
91.3300,0.5068,2.1865
91.3302,0.4802,2.0716
91.3304,0.4849,2.0928
91.3306,0.4839,2.0877
91.3308,0.485,2.0923
91.3310,0.4805,2.0727
91.3312,0.4769,2.0571
91.3314,0.4802,2.0707
91.3316,0.4828,2.084
91.3318,0.4867,2.0986
91.3320,0.4837,2.0857
91.3322,0.4944,2.1307
91.3324,0.517,2.2294
91.3326,0.5559,2.3925
91.3328,0.6205,2.6694
91.3330,0.6385,2.7467
91.3332,0.6723,2.8895
91.3334,0.7759,3.3301
91.3336,0.7736,3.3203
91.3338,0.7842,3.3688
91.3340,0.8093,3.4753
91.3342,0.8254,3.5394
91.3344,0.8872,3.8059
91.3346,0.8824,3.7853
91.3348,0.8285,3.5494
91.3350,0.9503,4.0713
91.3352,0.984,4.2156
91.3354,0.959,4.1102
91.3356,0.9722,4.1667
91.3358,0.9903,4.2463
91.3360,0.9634,4.1234
91.3362,0.9968,4.2721
91.3364,0.9252,3.9653
91.3366,0.8868,3.8079
91.3368,0.8167,3.5084
91.3370,0.8187,3.5155
91.3372,0.8699,3.7388
91.3374,0.8526,3.6595
91.3376,0.8334,3.5788
91.3378,0.8294,3.563
91.3380,0.8414,3.6111
91.3382,0.8399,3.6083
91.3384,0.864,3.7066
91.3386,0.8951,3.8434
91.3388,0.8543,3.6667
91.3390,0.8448,3.6294
91.3392,0.7844,3.3745
91.3394,0.7421,3.1909
91.3396,0.7776,3.3389
91.3398,0.825,3.5378
91.3400,0.7472,3.2146
91.3402,0.7186,3.0913
91.3404,0.7095,3.0507
91.3406,0.751,3.2336
91.3408,0.6731,2.8985
91.3410,0.6909,2.9708
91.3412,0.7488,3.2183
91.3414,0.6839,2.9436
91.3416,0.6493,2.7932
91.3418,0.7257,3.1203
91.3420,0.7339,3.1573
91.3422,0.7067,3.0402
91.3424,0.6806,2.9346
91.3426,0.5966,2.5679
91.3428,0.6258,2.6933
91.3430,0.6275,2.7018
91.3432,0.6822,2.9364
91.3434,0.7469,3.2101
91.3436,0.7471,3.2111
91.3438,0.7444,3.2022
91.3440,0.7512,3.2286
91.3442,0.7659,3.2905
91.3444,0.7717,3.3152
91.3446,0.7864,3.3801
91.3448,0.7785,3.3477
91.3450,0.7728,3.3245
91.3452,0.7453,3.2078
91.3454,0.6768,2.9145
91.3456,0.6288,2.71
91.3458,0.6266,2.6982
91.3460,0.633,2.7281
91.3462,0.5887,2.5339
91.3464,0.6681,2.8755
91.3466,0.7562,3.2518
91.3468,0.7362,3.1686
91.3470,0.6406,2.7599
91.3472,0.6219,2.6781
91.3474,0.6421,2.7609
91.3476,0.7049,3.0311
91.3478,0.6727,2.8911
91.3480,0.7085,3.048
91.3482,0.6807,2.931
91.3484,0.6423,2.7697
91.3486,0.5637,2.4305
91.3488,0.5495,2.3684
91.3490,0.5415,2.3359
91.3492,0.5655,2.4326
91.3494,0.6688,2.8799
91.3496,0.659,2.8363
91.3498,0.736,3.1646
91.3500,0.8017,3.4472
91.3502,0.6921,2.9829
91.3504,0.6403,2.757
91.3506,0.6394,2.7522
91.3508,0.6483,2.789
91.3510,0.7083,3.0427
91.3512,0.7647,3.2884
91.3514,0.7554,3.2467
91.3516,0.8033,3.456
91.3518,0.6922,2.9806
91.3520,0.6539,2.8146
91.3522,0.64,2.756
91.3524,0.6241,2.6886
91.3526,0.6195,2.6677
91.3528,0.6205,2.6731
91.3530,0.6228,2.6792
91.3532,0.7601,3.2652
91.3534,0.7958,3.4187
91.3536,0.7302,3.1428
91.3538,0.6298,2.7134
91.3540,0.6236,2.6865
91.3542,0.6242,2.6879
91.3544,0.6261,2.6949
91.3546,0.6263,2.6979
91.3548,0.6239,2.6888
91.3550,0.6211,2.6744
91.3552,0.6167,2.6541
91.3554,0.6195,2.6652
91.3556,0.6573,2.8343
91.3558,0.5528,2.3835
91.3560,0.5411,2.3333
91.3562,0.5409,2.3334
91.3564,0.5792,2.4919
91.3566,0.7073,3.0414
91.3568,0.6989,3.0109
91.3570,0.6593,2.8378
91.3572,0.6852,2.9479
91.3574,0.6977,3.0002
91.3576,0.6836,2.9448
91.3578,0.6103,2.6304
91.3580,0.633,2.7268
91.3582,0.6105,2.629
91.3584,0.6309,2.7193
91.3586,0.6093,2.6238
91.3588,0.6711,2.8817
91.3590,0.7342,3.1628
91.3592,0.635,2.7356
91.3594,0.6161,2.6528
91.3596,0.6204,2.6751
91.3598,0.5769,2.4828
91.3600,0.6798,2.9233
91.3602,0.6952,2.9963
91.3604,0.5254,2.2666
91.3606,0.4921,2.1238
91.3608,0.4924,2.1234
91.3610,0.4918,2.1218
91.3612,0.5272,2.2744
91.3614,0.4974,2.1446
91.3616,0.4885,2.1073
91.3618,0.5011,2.1626
91.3620,0.4981,2.1457
91.3622,0.5579,2.4057
91.3624,0.5119,2.2082
91.3626,0.4857,2.0925
91.3628,0.5195,2.2392
91.3630,0.5709,2.4604
91.3632,0.5798,2.4991
91.3634,0.5717,2.4606
91.3636,0.6122,2.6375
91.3638,0.5992,2.5788
91.3640,0.6013,2.5892
91.3642,0.6182,2.6596
91.3644,0.6263,2.6941
91.3646,0.6771,2.9128
91.3648,0.6863,2.9526
91.3650,0.6597,2.8394
91.3652,0.686,2.951
91.3654,0.7197,3.0931
91.3656,0.6976,3.0024
91.3658,0.6795,2.9204
91.3660,0.7695,3.3075
91.3662,0.7123,3.0631
91.3664,0.7418,3.1869
91.3666,0.7964,3.4197
91.3668,0.8222,3.5271
91.3670,0.8448,3.6294
91.3672,0.826,3.5436
91.3674,0.8966,3.8448
91.3676,0.8997,3.8527
91.3678,0.9959,4.2645
91.3680,1.0543,4.5124
91.3682,1.1039,4.7227
91.3684,1.1097,4.7451
91.3686,1.1113,4.7517
91.3688,1.1319,4.8422
91.3690,1.1195,4.7961
91.3692,0.9587,4.1092
91.3694,0.9656,4.1365
91.3696,0.9922,4.2565
91.3698,0.9627,4.128
91.3700,0.9554,4.0929
91.3702,0.9995,4.2739
91.3704,1.1116,4.7555
91.3706,1.1074,4.7398
91.3708,1.067,4.5647
91.3710,1.1066,4.7317
91.3712,1.1392,4.8735
91.3714,1.1042,4.7325
91.3716,0.9885,4.2386
91.3718,0.993,4.2581
91.3720,0.9303,3.9985
91.3722,0.7929,3.4143
91.3724,0.6981,3.0059
91.3726,0.6988,3.0104
91.3728,0.6758,2.9085
91.3730,0.7169,3.0841
91.3732,0.7043,3.0299
91.3734,0.7468,3.2155
91.3736,0.6821,2.9372
91.3738,0.6657,2.8692
91.3740,0.6753,2.9105
91.3742,0.6321,2.7257
91.3744,0.6122,2.6411
91.3746,0.5602,2.4122
91.3748,0.673,2.898
91.3750,0.6645,2.8613
91.3752,0.6427,2.7699
91.3754,0.6056,2.6139
91.3756,0.5394,2.3272
91.3758,0.5874,2.5305
91.3760,0.6066,2.6132
91.3762,0.6394,2.7509
91.3764,0.6686,2.8762
91.3766,0.6905,2.9734
91.3768,0.6532,2.8141
91.3770,0.5974,2.5746
91.3772,0.5704,2.4629
91.3774,0.5074,2.1911
91.3776,0.4922,2.1253
91.3778,0.4902,2.1155
91.3780,0.4801,2.073
91.3782,0.4866,2.099
91.3784,0.5062,2.1829
91.3786,0.5688,2.4527
91.3788,0.5358,2.3138
91.3790,0.5121,2.2113
91.3792,0.4801,2.073
91.3794,0.4133,1.7855
91.3796,0.4283,1.8494
91.3798,0.451,1.9472
91.3800,0.4457,1.9235
91.3802,0.4468,1.93
91.3804,0.4482,1.9362
91.3806,0.4574,1.9761
91.3808,0.4565,1.9719
91.3810,0.4452,1.9215
91.3812,0.4574,1.9733
91.3814,0.458,1.9778
91.3816,0.4474,1.9299
91.3818,0.4412,1.9035
91.3820,0.4472,1.9294
91.3822,0.4548,1.962
91.3824,0.5011,2.1596
91.3826,0.5586,2.4032
91.3828,0.644,2.7705
91.3830,0.7217,3.1076
91.3832,0.6721,2.8925
91.3834,0.6295,2.7106
91.3836,0.608,2.6182
91.3838,0.6664,2.8696
91.3840,0.6791,2.9216
91.3842,0.6783,2.9207
91.3844,0.681,2.9271
91.3846,0.7969,3.417
91.3848,0.8209,3.5247
91.3850,0.8129,3.4859
91.3852,0.902,3.8733
91.3854,0.8808,3.7822
91.3856,0.8517,3.6588
91.3858,0.8631,3.7025
91.3860,0.9204,3.9447
91.3862,0.8898,3.819
91.3864,0.8616,3.6981
91.3866,0.8143,3.5078
91.3868,0.651,2.8017
91.3870,0.6312,2.714
91.3872,0.6778,2.9214
91.3874,0.645,2.7759
91.3876,0.6537,2.8149
91.3878,0.6315,2.7181
91.3880,0.6623,2.8481
91.3882,0.712,3.0629
91.3884,0.6538,2.8193
91.3886,0.5953,2.5622
91.3888,0.6276,2.7086
91.3890,0.4855,2.0973
91.3892,0.4681,2.0203
91.3894,0.4657,2.0109
91.3896,0.4638,2.0008
91.3898,0.4644,2.0033
91.3900,0.5235,2.2563
91.3902,0.5746,2.473
91.3904,0.5927,2.5509
91.3906,0.6143,2.6475
91.3908,0.5746,2.4776
91.3910,0.5405,2.3318
91.3912,0.5035,2.17
91.3914,0.5049,2.1782
91.3916,0.5331,2.2997
91.3918,0.5085,2.1927
91.3920,0.5111,2.203
91.3922,0.571,2.4598
91.3924,0.5794,2.4971
91.3926,0.5276,2.2759
91.3928,0.5078,2.1906
91.3930,0.5644,2.4291
91.3932,0.5983,2.5763
91.3934,0.6011,2.587
91.3936,0.5893,2.5376
91.3938,0.5534,2.3849
91.3940,0.5687,2.4545
91.3942,0.5022,2.1673
91.3944,0.495,2.1343
91.3946,0.4987,2.1493
91.3948,0.4983,2.1497
91.3950,0.4968,2.142
91.3952,0.498,2.1462
91.3954,0.4993,2.1509
91.3956,0.5213,2.248
91.3958,0.5333,2.3008
91.3960,0.4954,2.1373
91.3962,0.4837,2.0847
91.3964,0.4765,2.0565
91.3966,0.4766,2.0561
91.3968,0.4749,2.0479
91.3970,0.4796,2.069
91.3972,0.4794,2.067
91.3974,0.4825,2.0805
91.3976,0.4793,2.0665
91.3978,0.4812,2.0767
91.3980,0.4797,2.0696
91.3982,0.4805,2.0698
91.3984,0.4936,2.1276
91.3986,0.4987,2.1473
91.3988,0.5264,2.2666
91.3990,0.6231,2.677
91.3992,0.7219,3.1029
91.3994,0.6892,2.9677
91.3996,0.6362,2.7369
91.3998,0.7014,3.0105
91.4000,0.7289,3.1328
91.4002,0.7279,3.1272
91.4004,0.7783,3.3404
91.4006,0.8445,3.6177
91.4008,0.882,3.7873
91.4010,0.8109,3.482
91.4012,0.884,3.7855
91.4014,0.9617,4.1182
91.4016,0.9697,4.154
91.4018,0.9878,4.2316
91.4020,0.9921,4.25
91.4022,0.9818,4.2039
91.4024,0.9898,4.2502
91.4026,0.9001,3.8597
91.4028,0.9366,4.0066
91.4030,1.0116,4.3318
91.4032,0.9939,4.2538
91.4034,1.0414,4.457
91.4036,1.0237,4.3836
91.4038,1.0256,4.3898
91.4040,1.0737,4.5956
91.4042,1.0911,4.6722
91.4044,1.0129,4.3415
91.4046,0.9423,4.0444
91.4048,0.9049,3.8766
91.4050,0.9428,4.0446
91.4052,0.8827,3.7922
91.4054,0.8409,3.6107
91.4056,0.8705,3.7396
91.4058,0.8525,3.6607
91.4060,0.8813,3.7842
91.4062,0.8574,3.6783
91.4064,0.8434,3.6215
91.4066,0.7812,3.3543
91.4068,0.8215,3.5257
91.4070,0.8614,3.7022
91.4072,0.8069,3.4699
91.4074,0.7903,3.3966
91.4076,0.8031,3.4502
91.4078,0.8465,3.6332
91.4080,0.7909,3.4024
91.4082,0.7183,3.0917
91.4084,0.73,3.1389
91.4086,0.7531,3.2384
91.4088,0.74,3.1881
91.4090,0.6698,2.8827
91.4092,0.7233,3.1129
91.4094,0.6655,2.8641
91.4096,0.696,2.9916
91.4098,0.7507,3.2311
91.4100,0.7276,3.13
91.4102,0.7156,3.0799
91.4104,0.677,2.9177
91.4106,0.5892,2.5371
91.4108,0.6591,2.8355
91.4110,0.6934,2.9844
91.4112,0.6816,2.9352
91.4114,0.7092,3.0525
91.4116,0.6617,2.8521
91.4118,0.5903,2.5453
91.4120,0.5772,2.4889
91.4122,0.6222,2.6803
91.4124,0.6169,2.6588
91.4126,0.5687,2.4511
91.4128,0.6002,2.5822
91.4130,0.7114,3.0632
91.4132,0.6372,2.7449
91.4134,0.5908,2.5474
91.4136,0.5748,2.4786
91.4138,0.5861,2.5248
91.4140,0.5416,2.3365
91.4142,0.4862,2.0994
91.4144,0.4897,2.1135
91.4146,0.5218,2.248
91.4148,0.564,2.4309
91.4150,0.5553,2.3954
91.4152,0.5459,2.3551
91.4154,0.5555,2.3931
91.4156,0.6157,2.65
91.4158,0.6592,2.8386
91.4160,0.6454,2.778
91.4162,0.6975,3.0005
91.4164,0.7231,3.1124
91.4166,0.6742,2.9032
91.4168,0.6352,2.7366
91.4170,0.6263,2.6954
91.4172,0.6577,2.8293
91.4174,0.6741,2.8999
91.4176,0.7391,3.1766
91.4178,0.7803,3.3523
91.4180,0.7504,3.2295
91.4182,0.643,2.7715
91.4184,0.6328,2.7288
91.4186,0.6147,2.6483
91.4188,0.6093,2.6251
91.4190,0.6155,2.6514
91.4192,0.6404,2.7563
91.4194,0.7012,3.0123
91.4196,0.774,3.3265
91.4198,0.7661,3.2986
91.4200,0.6426,2.7681
91.4202,0.6167,2.6566
91.4204,0.6657,2.8665
91.4206,0.6914,2.9798
91.4208,0.6236,2.6865
91.4210,0.609,2.6211
91.4212,0.6109,2.6318
91.4214,0.6047,2.6061
91.4216,0.5898,2.542
91.4218,0.6223,2.6796
91.4220,0.6098,2.6296
91.4222,0.5492,2.3691
91.4224,0.5351,2.3085
91.4226,0.53,2.2842
91.4228,0.5575,2.3997
91.4230,0.6863,2.9567
91.4232,0.6734,2.8942
91.4234,0.7567,3.2538
91.4236,0.6741,2.9013
91.4238,0.6662,2.8646
91.4240,0.7403,3.1788
91.4242,0.7906,3.3966
91.4244,0.8122,3.486
91.4246,0.8382,3.5994
91.4248,0.8397,3.6005
91.4250,0.8567,3.677
91.4252,0.811,3.4825
91.4254,0.7953,3.4246
91.4256,0.6983,3.0055
91.4258,0.7397,3.1777
91.4260,0.743,3.1951
91.4262,0.731,3.1376
91.4264,0.8344,3.5829
91.4266,0.8963,3.845
91.4268,0.8917,3.8308
91.4270,0.838,3.5967
91.4272,0.8662,3.7211
91.4274,0.8153,3.5076
91.4276,0.7324,3.1492
91.4278,0.7201,3.0966
91.4280,0.6874,2.9613
91.4282,0.6712,2.8889
91.4284,0.6848,2.9459
91.4286,0.6745,2.9028
91.4288,0.7175,3.0852
91.4290,0.7717,3.3152
91.4292,0.7667,3.3043
91.4294,0.6476,2.7859
91.4296,0.7215,3.1066
91.4298,0.6271,2.7028
91.4300,0.5692,2.4554
91.4302,0.5575,2.4064
91.4304,0.5354,2.3064
91.4306,0.583,2.5149
91.4308,0.5427,2.34
91.4310,0.5281,2.278
91.4312,0.5279,2.2775
91.4314,0.5279,2.2764
91.4316,0.5307,2.2894
91.4318,0.5296,2.2847
91.4320,0.5565,2.395
91.4322,0.6725,2.8919
91.4324,0.7221,3.1048
91.4326,0.7177,3.0906
91.4328,0.6356,2.7331
91.4330,0.7404,3.1793
91.4332,0.7728,3.3198
91.4334,0.8227,3.5374
91.4336,0.7839,3.3693
91.4338,0.7971,3.4212
91.4340,0.8535,3.6631
91.4342,0.9025,3.8663
91.4344,1.0525,4.5047
91.4346,1.0541,4.5156
91.4348,0.9807,4.2013
91.4350,0.9956,4.2669
91.4352,1.0488,4.4909
91.4354,1.0876,4.6486
91.4356,1.1238,4.8146
91.4358,1.0309,4.4185
91.4360,1.0547,4.5161
91.4362,1.0991,4.7044
91.4364,1.1194,4.7866
91.4366,1.1747,5.0206
91.4368,1.2282,5.2492
91.4370,1.1723,5.0127
91.4372,1.1708,5.0089
91.4374,1.1523,4.9294
91.4376,1.1695,5.0079
91.4378,1.1595,4.9718
91.4380,1.0008,4.2976
91.4382,0.9412,4.0398
91.4384,0.9056,3.8906
91.4386,0.87,3.7428
91.4388,0.7489,3.2263
91.4390,0.6743,2.9023
91.4392,0.7059,3.0381
91.4394,0.717,3.0846
91.4396,0.7609,3.2749
91.4398,0.7435,3.1986
91.4400,0.7417,3.1879
91.4402,0.8075,3.4692
91.4404,0.8601,3.7
91.4406,0.8059,3.4604
91.4408,0.8581,3.6866
91.4410,0.786,3.3859
91.4412,0.7219,3.1086
91.4414,0.7428,3.1985
91.4416,0.7096,3.054
91.4418,0.768,3.3008
91.4420,0.8117,3.4921
91.4422,0.7478,3.2187
91.4424,0.7282,3.1384
91.4426,0.7133,3.0715
91.4428,0.764,3.2868
91.4430,0.7439,3.2016
91.4432,0.7508,3.2286
91.4434,0.8017,3.444
91.4436,0.8387,3.6048
91.4438,0.7996,3.4416
91.4440,0.7855,3.3776
91.4442,0.8109,3.4869
91.4444,0.7712,3.3224
91.4446,0.6831,2.9441
91.4448,0.7192,3.0968
91.4450,0.7197,3.0974
91.4452,0.7002,3.018
91.4454,0.656,2.8286
91.4456,0.6175,2.6614
91.4458,0.6008,2.5884
91.4460,0.635,2.7343
91.4462,0.7447,3.2038
91.4464,0.7411,3.1942
91.4466,0.6149,2.6488
91.4468,0.6673,2.8759
91.4470,0.6123,2.6453
91.4472,0.4894,2.1134
91.4474,0.4653,2.0103
91.4476,0.4641,2.006
91.4478,0.453,1.9578
91.4480,0.4478,1.9355
91.4482,0.4531,1.9565
91.4484,0.4643,2.0056
91.4486,0.4599,1.986
91.4488,0.5324,2.2966
91.4490,0.5526,2.3829
91.4492,0.5825,2.514
91.4494,0.5622,2.4266
91.4496,0.5646,2.4324
91.4498,0.6211,2.6769
91.4500,0.5758,2.4839
91.4502,0.5584,2.4089
91.4504,0.5584,2.4055
91.4506,0.5751,2.4785
91.4508,0.6397,2.7545
91.4510,0.6798,2.9274
91.4512,0.6878,2.9574
91.4514,0.7284,3.1307
91.4516,0.6884,2.9682
91.4518,0.5598,2.4151
91.4520,0.5414,2.3343
91.4522,0.5405,2.3318
91.4524,0.5446,2.3483
91.4526,0.6038,2.6025
91.4528,0.5778,2.4915
91.4530,0.6161,2.6577
91.4532,0.5525,2.3824
91.4534,0.5466,2.356
91.4536,0.5356,2.3117
91.4538,0.5328,2.2998
91.4540,0.5312,2.2915
91.4542,0.5292,2.2811
91.4544,0.5281,2.2791
91.4546,0.5291,2.2837
91.4548,0.5295,2.2832
91.4550,0.5114,2.2051
91.4552,0.5222,2.2495
91.4554,0.5894,2.5417
91.4556,0.5267,2.2744
91.4558,0.4793,2.0704
91.4560,0.4757,2.0539
91.4562,0.4764,2.057
91.4564,0.4733,2.0435
91.4566,0.4783,2.0624
91.4568,0.5332,2.296
91.4570,0.5757,2.4788
91.4572,0.605,2.6065
91.4574,0.5788,2.498
91.4576,0.54,2.3276
91.4578,0.6163,2.6538
91.4580,0.5807,2.5062
91.4582,0.5117,2.2056
91.4584,0.5247,2.2604
91.4586,0.5445,2.3456
91.4588,0.5289,2.2795
91.4590,0.5423,2.3374
91.4592,0.5885,2.5352
91.4594,0.5909,2.5396
91.4596,0.6544,2.8206
91.4598,0.6078,2.6159
91.4600,0.6542,2.8156
91.4602,0.6212,2.675
91.4604,0.6195,2.669
91.4606,0.5887,2.5374
91.4608,0.5075,2.1906
91.4610,0.483,2.0855
91.4612,0.4831,2.085
91.4614,0.4724,2.038
91.4616,0.4711,2.0323
91.4618,0.4707,2.0298
91.4620,0.4781,2.0623
91.4622,0.4834,2.0856
91.4624,0.4734,2.0412
91.4626,0.4808,2.0732
91.4628,0.5336,2.2997
91.4630,0.6035,2.5973
91.4632,0.5617,2.4189
91.4634,0.585,2.519
91.4636,0.5892,2.5359
91.4638,0.646,2.7767
91.4640,0.6751,2.9054
91.4642,0.6271,2.7015
91.4644,0.6182,2.6633
91.4646,0.6598,2.8412
91.4648,0.6171,2.6537
91.4650,0.7077,3.0401
91.4652,0.7174,3.0862
91.4654,0.6996,3.0056
91.4656,0.7422,3.19
91.4658,0.7091,3.0491
91.4660,0.6926,2.9808
91.4662,0.7081,3.0408
91.4664,0.84,3.6054
91.4666,0.821,3.5269
91.4668,0.826,3.5469
91.4670,0.8288,3.5538
91.4672,0.8521,3.6574
91.4674,0.8219,3.5294
91.4676,0.8297,3.5612
91.4678,0.8885,3.8116
91.4680,0.8639,3.7061
91.4682,0.9254,3.9645
91.4684,0.98,4.2021
91.4686,0.9345,4.0054
91.4688,0.9138,3.9201
91.4690,0.9044,3.8764
91.4692,0.9316,3.9986
91.4694,0.8926,3.8291
91.4696,0.9031,3.8653
91.4698,1.0253,4.3882
91.4700,1.0488,4.4867
91.4702,1.1195,4.7871
91.4704,1.1208,4.7995
91.4706,1.1025,4.7187
91.4708,1.0861,4.6441
91.4710,1.0688,4.5916
91.4712,0.9349,4.0125
91.4714,0.9236,3.9697
91.4716,0.7987,3.4343
91.4718,0.7701,3.307
91.4720,0.7873,3.3853
91.4722,0.7328,3.1542
91.4724,0.7457,3.2124
91.4726,0.6639,2.8588
91.4728,0.6707,2.8868
91.4730,0.7075,3.0424
91.4732,0.7917,3.3996
91.4734,0.8236,3.5399
91.4736,0.7737,3.327
91.4738,0.7659,3.2981
91.4740,0.7152,3.0826
91.4742,0.6792,2.9221
91.4744,0.6947,2.9914
91.4746,0.6963,2.9982
91.4748,0.6705,2.8898
91.4750,0.6326,2.724
91.4752,0.6575,2.8314
91.4754,0.6561,2.8265
91.4756,0.6839,2.9436
91.4758,0.7412,3.1873
91.4760,0.7095,3.0507
91.4762,0.7421,3.1924
91.4764,0.7393,3.1835
91.4766,0.6891,2.9686
91.4768,0.6809,2.9321
91.4770,0.6709,2.8887
91.4772,0.7113,3.0598
91.4774,0.7362,3.1716
91.4776,0.6715,2.8913
91.4778,0.7025,3.018
91.4780,0.7779,3.342
91.4782,0.7315,3.15
91.4784,0.7181,3.0921
91.4786,0.7308,3.1454
91.4788,0.7328,3.1542
91.4790,0.6331,2.7311
91.4792,0.5802,2.5019
91.4794,0.5928,2.5514
91.4796,0.6621,2.8484
91.4798,0.6755,2.9075
91.4800,0.6475,2.7958
91.4802,0.5091,2.1993
91.4804,0.5078,2.1906
91.4806,0.5867,2.5274
91.4808,0.5922,2.5547
91.4810,0.5354,2.3106
91.4812,0.5327,2.2939
91.4814,0.5657,2.4382
91.4816,0.5203,2.2454
91.4818,0.5374,2.3151
91.4820,0.6397,2.7532
91.4822,0.6802,2.9303
91.4824,0.6458,2.7834
91.4826,0.6301,2.7144
91.4828,0.656,2.8221
91.4830,0.7242,3.1156
91.4832,0.744,3.2007
91.4834,0.6939,2.9851
91.4836,0.7084,3.0446
91.4838,0.8181,3.5129
91.4840,0.8645,3.7139
91.4842,0.8499,3.6493
91.4844,0.7848,3.3729
91.4846,0.7474,3.2106
91.4848,0.7548,3.2441
91.4850,0.803,3.4512
91.4852,0.7728,3.3214
91.4854,0.7626,3.2776
91.4856,0.7856,3.3797
91.4858,0.7798,3.3518
91.4860,0.7983,3.4248
91.4862,0.8643,3.7077
91.4864,0.8421,3.6192
91.4866,0.7248,3.1181
91.4868,0.726,3.1247
91.4870,0.7447,3.1993
91.4872,0.7898,3.3977
91.4874,0.7399,3.1817
91.4876,0.7553,3.2476
91.4878,0.7622,3.2806
91.4880,0.6584,2.835
91.4882,0.6722,2.8984
91.4884,0.5824,2.5123
91.4886,0.553,2.3856
91.4888,0.5471,2.3614
91.4890,0.5493,2.3696
91.4892,0.5502,2.3748
91.4894,0.5715,2.4595
91.4896,0.7083,3.0484
91.4898,0.6104,2.6321
91.4900,0.5688,2.4493
91.4902,0.6599,2.8404
91.4904,0.6798,2.9261
91.4906,0.6677,2.8726
91.4908,0.7363,3.1706
91.4910,0.6661,2.8694
91.4912,0.5784,2.4929
91.4914,0.5457,2.3551
91.4916,0.5462,2.355
91.4918,0.6032,2.5987
91.4920,0.5986,2.5786
91.4922,0.5952,2.5617
91.4924,0.6429,2.7684
91.4926,0.6909,2.9708
91.4928,0.7891,3.3867
91.4930,0.8031,3.4534
91.4932,0.7688,3.2998
91.4934,0.7911,3.405
91.4936,0.7055,3.0379
91.4938,0.6574,2.8335
91.4940,0.6,2.586
91.4942,0.5886,2.5381
91.4944,0.5266,2.2729
91.4946,0.4898,2.113
91.4948,0.4818,2.0784
91.4950,0.4812,2.0787
91.4952,0.4858,2.0979
91.4954,0.4814,2.0778
91.4956,0.4796,2.07
91.4958,0.4819,2.0808
91.4960,0.4797,2.0696
91.4962,0.4932,2.1255
91.4964,0.5482,2.3627
91.4966,0.5856,2.5263
91.4968,0.5138,2.2154
91.4970,0.4948,2.1347
91.4972,0.4938,2.1311
91.4974,0.4929,2.1265
91.4976,0.4891,2.1089
91.4978,0.491,2.1192
91.4980,0.4838,2.0871
91.4982,0.4819,2.0789
91.4984,0.4981,2.1487
91.4986,0.5218,2.2469
91.4988,0.6047,2.6037
91.4990,0.6609,2.8432
91.4992,0.692,2.9754
91.4994,0.6557,2.8236
91.4996,0.6466,2.7792
91.4998,0.7496,3.2219
91.5000,0.7295,3.1353
91.5002,0.8153,3.5043
91.5004,0.7498,3.2224
91.5006,0.7448,3.1983
91.5008,0.8042,3.4516
91.5010,0.8374,3.5924
91.5012,0.908,3.8954
91.5014,0.9216,3.948
91.5016,0.9729,4.1698
91.5018,0.9497,4.0725
91.5020,0.962,4.123
91.5022,0.9849,4.2192
91.5024,0.974,4.1783
91.5026,0.9071,3.8877
91.5028,0.9619,4.1168
91.5030,1.0147,4.3451
91.5032,1.015,4.3441
91.5034,1.0394,4.4529
91.5036,1.0768,4.6089
91.5038,1.1116,4.7533
91.5040,1.1244,4.8149
91.5042,1.1102,4.7493
91.5044,1.0868,4.6558
91.5046,1.0356,4.4344
91.5048,0.99,4.2512
91.5050,0.9002,3.8656
91.5052,0.8881,3.8136
91.5054,0.9006,3.8671
91.5056,0.8405,3.6075
91.5058,0.8527,3.6617
91.5060,0.9224,3.9498
91.5062,1.04,4.4555
91.5064,1.0373,4.4499
91.5066,1.0151,4.3507
91.5068,1.0085,4.3265
91.5070,0.879,3.7797
91.5072,0.8114,3.4889
91.5074,0.833,3.5767
91.5076,0.8723,3.7474
91.5078,0.7966,3.4319
91.5080,0.7189,3.0972
91.5082,0.6593,2.8418
91.5084,0.5958,2.5703
91.5086,0.5779,2.4932
91.5088,0.596,2.5701
91.5090,0.5866,2.5281
91.5092,0.6436,2.7715
91.5094,0.7422,3.1885
91.5096,0.8902,3.8277
91.5098,0.8342,3.5836
91.5100,0.8189,3.5263
91.5102,0.7422,3.1974
91.5104,0.6831,2.94
91.5106,0.6968,3.003
91.5108,0.6372,2.7474
91.5110,0.6271,2.7028
91.5112,0.6218,2.6862
91.5114,0.5176,2.2351
91.5116,0.4939,2.1316
91.5118,0.5578,2.4052
91.5120,0.5947,2.5609
91.5122,0.6039,2.6066
91.5124,0.5297,2.2884
91.5126,0.4975,2.1481
91.5128,0.5218,2.248
91.5130,0.6604,2.8438
91.5132,0.6611,2.8535
91.5134,0.5291,2.2848
91.5136,0.4872,2.1036
91.5138,0.4784,2.0667
91.5140,0.4755,2.0515
91.5142,0.4882,2.1063
91.5144,0.491,2.1192
91.5146,0.5167,2.2278
91.5148,0.5337,2.3045
91.5150,0.4319,1.864
91.5152,0.5102,2.203
91.5154,0.5328,2.2966
91.5156,0.5567,2.3983
91.5158,0.5511,2.3762
91.5160,0.5513,2.3784
91.5162,0.5679,2.4486
91.5164,0.5528,2.3835
91.5166,0.5621,2.4227
91.5168,0.6002,2.5858
91.5170,0.6382,2.7495
91.5172,0.6295,2.7068
91.5174,0.6972,2.9995
91.5176,0.7,3.0114
91.5178,0.7258,3.1237
91.5180,0.6785,2.9258
91.5182,0.592,2.5502
91.5184,0.6145,2.6485
91.5186,0.6368,2.7459
91.5188,0.5422,2.338
91.5190,0.5375,2.3178
91.5192,0.5586,2.4099
91.5194,0.5375,2.3199
91.5196,0.5422,2.338
91.5198,0.5983,2.5799
91.5200,0.5599,2.4156
91.5202,0.534,2.3039
91.5204,0.5203,2.2433
91.5206,0.5193,2.2371
91.5208,0.5205,2.2454
91.5210,0.5321,2.2935
91.5212,0.5771,2.4873
91.5214,0.5868,2.5303
91.5216,0.5873,2.53
91.5218,0.5705,2.4623
91.5220,0.4701,2.0282
91.5222,0.459,1.981
91.5224,0.4482,1.9362
91.5226,0.4446,1.9189
91.5228,0.4471,1.9289
91.5230,0.462,1.9939
91.5232,0.4948,2.1357
91.5234,0.5054,2.1792
91.5236,0.5776,2.4847
91.5238,0.6746,2.9007
91.5240,0.7251,3.1163
91.5242,0.7549,3.2461
91.5244,0.7011,3.016
91.5246,0.7198,3.0979
91.5248,0.7079,3.0482
91.5250,0.6617,2.8495
91.5252,0.6306,2.714
91.5254,0.624,2.6906
91.5256,0.5769,2.4828
91.5258,0.6458,2.7743
91.5260,0.7073,3.0428
91.5262,0.6999,3.0094
91.5264,0.7324,3.1448
91.5266,0.7757,3.3353
91.5268,0.7346,3.159
91.5270,0.7468,3.2095
91.5272,0.7562,3.2487
91.5274,0.6839,2.9436
91.5276,0.6794,2.9186
91.5278,0.7569,3.2533
91.5280,0.7687,3.3054
91.5282,0.7031,3.029
91.5284,0.6201,2.6715
91.5286,0.6153,2.6497
91.5288,0.5903,2.5429
91.5290,0.5844,2.5188
91.5292,0.5765,2.4858
91.5294,0.4948,2.1328
91.5296,0.4844,2.0907
91.5298,0.4821,2.0818
91.5300,0.4806,2.0722
91.5302,0.4825,2.0815
91.5304,0.4809,2.0767
91.5306,0.4832,2.0836
91.5308,0.4828,2.082
91.5310,0.4765,2.0546
91.5312,0.4827,2.0825
91.5314,0.49,2.1121
91.5316,0.5397,2.3239
91.5318,0.6252,2.692
91.5320,0.6192,2.6662
91.5322,0.6213,2.6717
91.5324,0.6292,2.7108
91.5326,0.6155,2.6514
91.5328,0.6078,2.6147
91.5330,0.6891,2.9617
91.5332,0.7141,3.0694
91.5334,0.7567,3.2523
91.5336,0.733,3.1517
91.5338,0.724,3.1087
91.5340,0.7695,3.3044
91.5342,0.7983,3.4295
91.5344,0.8363,3.5828
91.5346,0.9205,3.9452
91.5348,0.8988,3.8522
91.5350,0.9232,3.957
91.5352,0.9502,4.0765
91.5354,0.9374,4.0196
91.5356,0.9146,3.9219
91.5358,0.8502,3.6492
91.5360,0.917,3.934
91.5362,0.9264,3.9704
91.5364,0.9078,3.8926
91.5366,0.8929,3.8342
91.5368,0.8141,3.4975
91.5370,0.8189,3.5165
91.5372,0.8628,3.7032
91.5374,0.8728,3.7459
91.5376,0.8567,3.6735
91.5378,0.9103,3.907
91.5380,0.8435,3.6237
91.5382,0.8439,3.6185
91.5384,0.8644,3.7168
91.5386,0.7481,3.2197
91.5388,0.6809,2.9321
91.5390,0.6586,2.8321
91.5392,0.6828,2.9403
91.5394,0.6946,2.9854
91.5396,0.7283,3.1316
91.5398,0.7627,3.2796
91.5400,0.7326,3.1531
91.5402,0.6929,2.9823
91.5404,0.6655,2.8641
91.5406,0.6905,2.9692
91.5408,0.7191,3.0919
91.5410,0.7139,3.0726
91.5412,0.6472,2.7883
91.5414,0.6501,2.7981
91.5416,0.7284,3.1307
91.5418,0.7517,3.2337
91.5420,0.7252,3.124
91.5422,0.6759,2.9104
91.5424,0.659,2.8363
91.5426,0.6693,2.8793
91.5428,0.7068,3.0436
91.5430,0.6758,2.9099
91.5432,0.708,3.0488
91.5434,0.6655,2.8668
91.5436,0.6578,2.8298
91.5438,0.6894,2.966
91.5440,0.7374,3.1679
91.5442,0.7583,3.259
91.5444,0.7796,3.3461
91.5446,0.7815,3.359
91.5448,0.7553,3.2492
91.5450,0.7521,3.2372
91.5452,0.7511,3.2281
91.5454,0.7321,3.1467
91.5456,0.7404,3.1837
91.5458,0.7404,3.1852
91.5460,0.7379,3.1714
91.5462,0.7381,3.1754
91.5464,0.697,3.0027
91.5466,0.6694,2.8812
91.5468,0.7077,3.0444
91.5470,0.6554,2.8247
91.5472,0.6001,2.5853
91.5474,0.617,2.6581
91.5476,0.5816,2.5081
91.5478,0.5923,2.5529
91.5480,0.5911,2.5465
91.5482,0.6133,2.6409
91.5484,0.6607,2.8475
91.5486,0.6216,2.679
91.5488,0.6037,2.6008
91.5490,0.5963,2.5676
91.5492,0.6494,2.7963
91.5494,0.6885,2.9577
91.5496,0.8002,3.4378
91.5498,0.8149,3.499
91.5500,0.8738,3.7506
91.5502,0.9098,3.9013
91.5504,0.8706,3.7367
91.5506,0.8499,3.6544
91.5508,0.7831,3.3641
91.5510,0.7839,3.3724
91.5512,0.7316,3.1475
91.5514,0.7217,3.1076
91.5516,0.7336,3.1499
91.5518,0.7971,3.4244
91.5520,0.8201,3.5266
91.5522,0.7391,3.1825
91.5524,0.6414,2.763
91.5526,0.6326,2.724
91.5528,0.7711,3.3126
91.5530,0.799,3.439
91.5532,0.6969,2.9993
91.5534,0.6331,2.7261
91.5536,0.6186,2.6661
91.5538,0.5974,2.5734
91.5540,0.6472,2.787
91.5542,0.6091,2.6277
91.5544,0.5499,2.3733
91.5546,0.5433,2.3415
91.5548,0.5438,2.3436
91.5550,0.5459,2.3551
91.5552,0.5452,2.352
91.5554,0.5435,2.3415
91.5556,0.5436,2.3453
91.5558,0.5457,2.3541
91.5560,0.5511,2.3718
91.5562,0.6798,2.9233
91.5564,0.6577,2.8332
91.5566,0.6282,2.7087
91.5568,0.5928,2.5526
91.5570,0.6498,2.7939
91.5572,0.6952,2.9893
91.5574,0.7029,3.0266
91.5576,0.6801,2.9285
91.5578,0.6731,2.8972
91.5580,0.6343,2.735
91.5582,0.5834,2.5147
91.5584,0.5824,2.51
91.5586,0.5683,2.4495
91.5588,0.5687,2.4488
91.5590,0.6375,2.7439
91.5592,0.6798,2.9247
91.5594,0.7325,3.1468
91.5596,0.7996,3.4384
91.5598,0.7089,3.0566
91.5600,0.6086,2.6183
91.5602,0.6663,2.8691
91.5604,0.6075,2.6185
91.5606,0.5932,2.5565
91.5608,0.6119,2.6359
91.5610,0.6632,2.8517
91.5612,0.7321,3.1437
91.5614,0.7517,3.2352
91.5616,0.6782,2.9188
91.5618,0.6831,2.9345
91.5620,0.7603,3.2693
91.5622,0.7146,3.07
91.5624,0.7436,3.2006
91.5626,0.6866,2.9536
91.5628,0.7316,3.1432
91.5630,0.8119,3.4894
91.5632,0.7845,3.375
91.5634,0.7004,3.0171
91.5636,0.6715,2.8886
91.5638,0.6995,3.0107
91.5640,0.7055,3.0337
91.5642,0.7109,3.0555
91.5644,0.8047,3.4585
91.5646,0.7902,3.3961
91.5648,0.794,3.4094
91.5650,0.8294,3.5663
91.5652,0.762,3.2765
91.5654,0.7204,3.1005
91.5656,0.7017,3.02
91.5658,0.7484,3.2168
91.5660,0.7952,3.4146
91.5662,0.843,3.6166
91.5664,0.8987,3.8571
91.5666,0.9264,3.9704
91.5668,0.9909,4.2429
91.5670,0.9969,4.2706
91.5672,0.9962,4.2675
91.5674,1.0283,4.4072
91.5676,1.0061,4.3222
91.5678,0.9111,3.9106
91.5680,0.8831,3.792
91.5682,0.9526,4.083
91.5684,1.0151,4.3466
91.5686,1.0097,4.3276
91.5688,1.0167,4.3574
91.5690,1.1005,4.71
91.5692,1.1355,4.8576
91.5694,1.1182,4.7882
91.5696,1.103,4.7252
91.5698,1.1139,4.763
91.5700,1.1697,4.9991
91.5702,1.1704,5.0139
91.5704,1.1463,4.9106
91.5706,1.1384,4.8722
91.5708,1.1296,4.837
91.5710,1.1174,4.7801
91.5712,1.1202,4.7992
91.5714,1.0021,4.3032
91.5716,0.8698,3.7348
91.5718,0.9051,3.8903
91.5720,0.9065,3.8996
91.5722,0.8512,3.6567
91.5724,0.8605,3.7003
91.5726,0.7548,3.2516
91.5728,0.7255,3.1227
91.5730,0.7589,3.2677
91.5732,0.7475,3.2156
91.5734,0.7211,3.1065
91.5736,0.7478,3.2232
91.5738,0.7207,3.1035
91.5740,0.7239,3.1169
91.5742,0.746,3.2065
91.5744,0.8707,3.7354
91.5746,0.9386,4.0303
91.5748,0.8674,3.7332
91.5750,0.7992,3.4379
91.5752,0.8387,3.6048
91.5754,0.8886,3.8174
91.5756,0.8394,3.6129
91.5758,0.8332,3.5811
91.5760,0.8595,3.6888
91.5762,0.8526,3.6663
91.5764,0.7921,3.4139
91.5766,0.7011,3.0188
91.5768,0.7356,3.1675
91.5770,0.7941,3.4131
91.5772,0.8408,3.6186
91.5774,0.7484,3.2168
91.5776,0.7734,3.3255
91.5778,0.7586,3.2651
91.5780,0.7134,3.0734
91.5782,0.7227,3.1132
91.5784,0.683,2.9436
91.5786,0.7007,3.0215
91.5788,0.6424,2.7702
91.5790,0.6188,2.6659
91.5792,0.6647,2.865
91.5794,0.6914,2.9756
91.5796,0.7607,3.2769
91.5798,0.6764,2.9179
91.5800,0.5532,2.3889
91.5802,0.5055,2.1848
91.5804,0.4954,2.1403
91.5806,0.5023,2.1698
91.5808,0.5023,2.1698
91.5810,0.4278,1.8507
91.5812,0.4177,1.8055
91.5814,0.4114,1.7772
91.5816,0.5417,2.3381
91.5818,0.5815,2.511
91.5820,0.5662,2.4402
91.5822,0.5819,2.5091
91.5824,0.5798,2.5003
91.5826,0.6345,2.7323
91.5828,0.6888,2.9634
91.5830,0.6689,2.8845
91.5832,0.6061,2.6147
91.5834,0.5915,2.5516
91.5836,0.6378,2.7462
91.5838,0.6764,2.9125
91.5840,0.7072,3.0437
91.5842,0.7054,3.0374
91.5844,0.7108,3.0578
91.5846,0.7132,3.0695
91.5848,0.728,3.1306
91.5850,0.7486,3.2263
91.5852,0.6591,2.8394
91.5854,0.6563,2.8289
91.5856,0.6607,2.8435
91.5858,0.721,3.1031
91.5860,0.7703,3.3136
91.5862,0.8155,3.4983
91.5864,0.8785,3.7742
91.5866,0.8578,3.6902
91.5868,0.8429,3.6262
91.5870,0.765,3.2971
91.5872,0.6652,2.8644
91.5874,0.6752,2.9086
91.5876,0.6759,2.9117
91.5878,0.6768,2.9091
91.5880,0.743,3.1995
91.5882,0.7346,3.1648
91.5884,0.6561,2.8278
91.5886,0.5813,2.5077
91.5888,0.58,2.4997
91.5890,0.5978,2.5791
91.5892,0.5096,2.2004
91.5894,0.5622,2.4221
91.5896,0.6348,2.7384
91.5898,0.5047,2.1792
91.5900,0.4808,2.0752
91.5902,0.5212,2.2475
91.5904,0.5876,2.5316
91.5906,0.6251,2.694
91.5908,0.6342,2.7294
91.5910,0.6474,2.7875
91.5912,0.6111,2.634
91.5914,0.5915,2.5493
91.5916,0.571,2.4643
91.5918,0.4964,2.1454
91.5920,0.4814,2.0778
91.5922,0.549,2.3652
91.5924,0.6114,2.6338
91.5926,0.6306,2.7127
91.5928,0.6742,2.9018
91.5930,0.6206,2.6749
91.5932,0.6131,2.6423
91.5934,0.638,2.7498
91.5936,0.6025,2.5956
91.5938,0.5988,2.5796
91.5940,0.6185,2.6606
91.5942,0.6679,2.8758
91.5944,0.6692,2.8815
91.5946,0.6366,2.7436
91.5948,0.6026,2.5973
91.5950,0.6147,2.6495
91.5952,0.6008,2.5896
91.5954,0.5421,2.3385
91.5956,0.4948,2.1357
91.5958,0.495,2.1362
91.5960,0.498,2.1482
91.5962,0.4986,2.1498
91.5964,0.4999,2.1585
91.5966,0.4934,2.1305
91.5968,0.492,2.1223
91.5970,0.4956,2.1398
91.5972,0.4954,2.1393
91.5974,0.4903,2.1161
91.5976,0.4974,2.1446
91.5978,0.4966,2.1425
91.5980,0.5255,2.2629
91.5982,0.6053,2.6051
91.5984,0.6375,2.7477
91.5986,0.6349,2.7338
91.5988,0.6239,2.6863
91.5990,0.6367,2.7428
91.5992,0.6083,2.6192
91.5994,0.6622,2.8476
91.5996,0.74,3.1792
91.5998,0.7452,3.2058
91.6000,0.7343,3.1545
91.6002,0.7663,3.2905
91.6004,0.8128,3.4886
91.6006,0.8307,3.567
91.6008,0.8085,3.4733
91.6010,0.8065,3.4597
91.6012,0.8459,3.6256
91.6014,0.9273,3.9745
91.6016,0.9801,4.2006
91.6018,1.011,4.3332
91.6020,1.0061,4.3101
91.6022,0.9997,4.2809
91.6024,1.0045,4.3055
91.6026,0.9921,4.256
91.6028,0.9463,4.0519
91.6030,1.0104,4.3327
91.6032,1.0361,4.4365
91.6034,1.0832,4.6383
91.6036,1.0732,4.5935
91.6038,1.0695,4.584
91.6040,1.0186,4.3595
91.6042,1.0041,4.3115
91.6044,0.8416,3.6172
91.6046,0.8005,3.4404
91.6048,0.8224,3.5347
91.6050,0.7964,3.4197
91.6052,0.8539,3.6703
91.6054,0.8128,3.4919
91.6056,0.8203,3.5238
91.6058,0.7898,3.3898
91.6060,0.8627,3.7044
91.6062,0.8681,3.7328
91.6064,0.8062,3.4652
91.6066,0.8344,3.5863
91.6068,0.8862,3.8053
91.6070,0.8513,3.6589
91.6072,0.7809,3.358
91.6074,0.7927,3.4006
91.6076,0.9075,3.8952
91.6078,0.8764,3.7684
91.6080,0.8211,3.534
91.6082,0.7734,3.324
91.6084,0.7715,3.3188
91.6086,0.747,3.2136
91.6088,0.7658,3.2961
91.6090,0.7988,3.4316
91.6092,0.8075,3.4708
91.6094,0.8253,3.5471
91.6096,0.8706,3.7402
91.6098,0.871,3.74
91.6100,0.875,3.761
91.6102,0.8336,3.581
91.6104,0.8104,3.4864
91.6106,0.7916,3.4118
91.6108,0.7031,3.0276
91.6110,0.6802,2.9303
91.6112,0.6801,2.9312
91.6114,0.6831,2.9386
91.6116,0.7241,3.1179
91.6118,0.6856,2.9563
91.6120,0.6201,2.6728
91.6122,0.6137,2.6449
91.6124,0.6219,2.683
91.6126,0.6055,2.6061
91.6128,0.7351,3.161
91.6130,0.7378,3.1812
91.6132,0.614,2.6477
91.6134,0.5947,2.5632
91.6136,0.5846,2.5187
91.6138,0.5972,2.5741
91.6140,0.5873,2.5335
91.6142,0.52,2.2465
91.6144,0.4996,2.1564
91.6146,0.4998,2.1539
91.6148,0.6312,2.7191
91.6150,0.6484,2.7934
91.6152,0.6354,2.7359
91.6154,0.6322,2.7225
91.6156,0.6357,2.7387
91.6158,0.636,2.7397
91.6160,0.6603,2.8419
91.6162,0.7227,3.1074
91.6164,0.8466,3.6337
91.6166,0.9073,3.896
91.6168,0.8309,3.573
91.6170,0.7345,3.1614
91.6172,0.6728,2.8997
91.6174,0.6157,2.6549
91.6176,0.6079,2.6201
91.6178,0.6104,2.6309
91.6180,0.6185,2.6643
91.6182,0.6264,2.6984
91.6184,0.6331,2.7273
91.6186,0.6322,2.7225
91.6188,0.6779,2.9205
91.6190,0.6646,2.8632
91.6192,0.6408,2.7617
91.6194,0.7092,3.0511
91.6196,0.8008,3.4436
91.6198,0.7607,3.2693
91.6200,0.7872,3.3927
91.6202,0.6989,3.0081
91.6204,0.7717,3.3198
91.6206,0.7147,3.0791
91.6208,0.6097,2.6303
91.6210,0.5493,2.3685
91.6212,0.5855,2.5246
91.6214,0.5375,2.3178
91.6216,0.5276,2.2759
91.6218,0.5334,2.3013
91.6220,0.5433,2.3437
91.6222,0.5373,2.3189
91.6224,0.5308,2.2888
91.6226,0.5361,2.3105
91.6228,0.6259,2.6976
91.6230,0.6079,2.6128
91.6232,0.712,3.0658
91.6234,0.6312,2.7178
91.6236,0.6715,2.8886
91.6238,0.7209,3.1011
91.6240,0.7406,3.1833
91.6242,0.739,3.179
91.6244,0.7161,3.0833
91.6246,0.7089,3.0481
91.6248,0.7572,3.2514
91.6250,0.8032,3.4539
91.6252,0.7888,3.3904
91.6254,0.8265,3.5456
91.6256,0.888,3.8094
91.6258,0.9314,3.9938
91.6260,0.9759,4.1865
91.6262,0.9298,3.9871
91.6264,0.9388,4.0238
91.6266,0.9427,4.0402
91.6268,0.8863,3.8022
91.6270,0.9145,3.9231
91.6272,0.9353,4.0164
91.6274,0.7967,3.4323
91.6276,0.686,2.9537
91.6278,0.714,3.0688
91.6280,0.7812,3.3574
91.6282,0.7774,3.3445
91.6284,0.716,3.0876
91.6286,0.581,2.5078
91.6288,0.561,2.4225
91.6290,0.5298,2.2836
91.6292,0.619,2.6644
91.6294,0.6295,2.713
91.6296,0.5806,2.5034
91.6298,0.5196,2.2418
91.6300,0.5111,2.2081
91.6302,0.4999,2.1564
91.6304,0.4977,2.1471
91.6306,0.5014,2.1661
91.6308,0.5053,2.1807
91.6310,0.5039,2.174
91.6312,0.5593,2.4119
91.6314,0.5997,2.5885
91.6316,0.5336,2.3018
91.6318,0.5133,2.2143
91.6320,0.5243,2.2609
91.6322,0.5659,2.4414
91.6324,0.5991,2.5787
91.6326,0.7421,3.1924
91.6328,0.7198,3.0964
91.6330,0.7557,3.2466
91.6332,0.7664,3.2925
91.6334,0.7713,3.3151
91.6336,0.7815,3.3589
91.6338,0.8413,3.6161
91.6340,0.7705,3.3146
91.6342,0.7907,3.3923
91.6344,0.9112,3.9074
91.6346,0.8717,3.743
91.6348,0.8893,3.8133
91.6350,0.9055,3.8845
91.6352,0.8921,3.8287
91.6354,0.9335,4.0086
91.6356,0.9165,3.9374
91.6358,0.8898,3.8118
91.6360,0.9808,4.1997
91.6362,1.0255,4.3912
91.6364,1.0526,4.5094
91.6366,1.0513,4.5016
91.6368,1.0507,4.499
91.6370,1.063,4.5562
91.6372,1.0163,4.3598
91.6374,0.8889,3.8224
91.6376,0.7788,3.3486
91.6378,0.806,3.4624
91.6380,0.83,3.5671
91.6382,0.817,3.5147
91.6384,0.81,3.4816
91.6386,0.8335,3.5843
91.6388,0.7806,3.3548
91.6390,0.8264,3.555
91.6392,0.7582,3.2605
91.6394,0.7809,3.3532
91.6396,0.8484,3.6448
91.6398,0.7893,3.3972
91.6400,0.7808,3.359
91.6402,0.764,3.2913
91.6404,0.719,3.0962
91.6406,0.7314,3.1406
91.6408,0.8274,3.5563
91.6410,0.7274,3.1352
91.6412,0.6624,2.8512
91.6414,0.7104,3.0562
91.6416,0.7266,3.1273
91.6418,0.762,3.2826
91.6420,0.6495,2.8032
91.6422,0.5375,2.3188
91.6424,0.5448,2.3482
91.6426,0.6448,2.7753
91.6428,0.6898,2.973
91.6430,0.6472,2.7908
91.6432,0.6083,2.6216
91.6434,0.6617,2.8481
91.6436,0.765,3.2924
91.6438,0.7177,3.0905
91.6440,0.6349,2.7363
91.6442,0.656,2.8233
91.6444,0.7014,3.0203
91.6446,0.7048,3.0362
91.6448,0.719,3.0933
91.6450,0.7349,3.1629
91.6452,0.7238,3.1197
91.6454,0.6021,2.6
91.6456,0.5225,2.2542
91.6458,0.5973,2.5686
91.6460,0.737,3.1677
91.6462,0.7374,3.1737
91.6464,0.7214,3.1094
91.6466,0.6999,3.0136
91.6468,0.7005,3.0162
91.6470,0.6828,2.9416
91.6472,0.6135,2.6443
91.6474,0.5797,2.4986
91.6476,0.5762,2.4813
91.6478,0.6698,2.8827
91.6480,0.6943,2.9912
91.6482,0.6768,2.9185
91.6484,0.6021,2.5976
91.6486,0.5824,2.5111
91.6488,0.5895,2.5398
91.6490,0.6162,2.6545
91.6492,0.6712,2.8889
91.6494,0.7531,3.2323
91.6496,0.8219,3.5342
91.6498,0.7518,3.2311
91.6500,0.812,3.4963
91.6502,0.6761,2.9154
91.6504,0.5676,2.4487
91.6506,0.5515,2.3782
91.6508,0.5512,2.3778
91.6510,0.5503,2.3753
91.6512,0.549,2.3685
91.6514,0.5477,2.3628
91.6516,0.5567,2.4016
91.6518,0.5501,2.3731
91.6520,0.5556,2.3947
91.6522,0.5981,2.5777
91.6524,0.5644,2.4302
91.6526,0.6308,2.7213
91.6528,0.5782,2.493
91.6530,0.5563,2.4
91.6532,0.5352,2.3111
91.6534,0.5476,2.359
91.6536,0.667,2.8735
91.6538,0.5689,2.4555
91.6540,0.492,2.1242
91.6542,0.4826,2.0829
91.6544,0.4826,2.0819
91.6546,0.4848,2.0922
91.6548,0.484,2.0901
91.6550,0.486,2.0974
91.6552,0.4816,2.0797
91.6554,0.4803,2.0731
91.6556,0.4806,2.0731
91.6558,0.5156,2.22
91.6560,0.5605,2.4159
91.6562,0.5716,2.4634
91.6564,0.5737,2.4739
91.6566,0.5701,2.4561
91.6568,0.6742,2.895
91.6570,0.7674,3.2966
91.6572,0.7371,3.1697
91.6574,0.6782,2.9256
91.6576,0.543,2.3426
91.6578,0.5517,2.3755
91.6580,0.6114,2.635
91.6582,0.6129,2.643
91.6584,0.5784,2.4894
91.6586,0.6249,2.6934
91.6588,0.6556,2.8231
91.6590,0.6776,2.9121
91.6592,0.7265,3.1224
91.6594,0.7682,3.3002
91.6596,0.7814,3.3615
91.6598,0.7228,3.1093
91.6600,0.7214,3.1022
91.6602,0.7123,3.0716
91.6604,0.6205,2.6718
91.6606,0.6431,2.7694
91.6608,0.6097,2.6253
91.6610,0.6132,2.6403
91.6612,0.6231,2.6819
91.6614,0.6127,2.6395
91.6616,0.6194,2.6696
91.6618,0.6142,2.6474
91.6620,0.6039,2.6018
91.6622,0.6261,2.6936
91.6624,0.6669,2.8703
91.6626,0.6196,2.6694
91.6628,0.6222,2.6765
91.6630,0.6476,2.7872
91.6632,0.6433,2.7648
91.6634,0.7035,3.0234
91.6636,0.7495,3.2243
91.6638,0.7298,3.1354
91.6640,0.8012,3.4402
91.6642,0.769,3.3053
91.6644,0.7719,3.3162
91.6646,0.7931,3.4073
91.6648,0.7532,3.2343
91.6650,0.827,3.5526
91.6652,0.8138,3.4976
91.6654,0.7178,3.0896
91.6656,0.6586,2.8347
91.6658,0.6773,2.9111
91.6660,0.773,3.3239
91.6662,0.7815,3.3605
91.6664,0.7677,3.2997
91.6666,0.8099,3.4794
91.6668,0.846,3.6243
91.6670,1.0148,4.3455
91.6672,1.0398,4.4523
91.6674,1.031,4.4148
91.6676,1.0431,4.4709
91.6678,1.0205,4.3635
91.6680,1.1203,4.7973
91.6682,1.0424,4.4761
91.6684,0.8814,3.7847
91.6686,0.8796,3.7752
91.6688,0.8747,3.7523
91.6690,0.879,3.7726
91.6692,0.8771,3.7644
91.6694,0.8877,3.8102
91.6696,0.9283,3.9804
91.6698,0.9707,4.1605
91.6700,1.062,4.5452
91.6702,1.0424,4.4699
91.6704,1.0132,4.3404
91.6706,1.0171,4.3594
91.6708,0.9557,4.1001
91.6710,0.8953,3.8534
91.6712,0.7819,3.3636
91.6714,0.8211,3.5274
91.6716,0.8415,3.6183
91.6718,0.8322,3.5769
91.6720,0.8377,3.6023
91.6722,0.8329,3.58
91.6724,0.8383,3.6015
91.6726,0.8846,3.8021
91.6728,0.8627,3.7044
91.6730,0.949,4.0637
91.6732,1.0632,4.5524
91.6734,1.035,4.4442
91.6736,0.9403,4.0356
91.6738,0.9724,4.1677
91.6740,0.9602,4.121
91.6742,0.9329,4.0117
91.6744,0.7839,3.3755
91.6746,0.7529,3.2403
91.6748,0.7403,3.1861
91.6750,0.737,3.1722
91.6752,0.7364,3.1681
91.6754,0.7144,3.0732
91.6756,0.7333,3.1532
91.6758,0.7186,3.0941
91.6760,0.7374,3.1752
91.6762,0.752,3.2367
91.6764,0.7121,3.0663
91.6766,0.6999,3.0136
91.6768,0.6483,2.7929
91.6770,0.6092,2.6233
91.6772,0.6509,2.8055
91.6774,0.5792,2.5
91.6776,0.5961,2.5718
91.6778,0.5987,2.5814
91.6780,0.6057,2.6119
91.6782,0.5332,2.2991
91.6784,0.5978,2.5754
91.6786,0.6435,2.7709
91.6788,0.6583,2.8371
91.6790,0.6849,2.9504
91.6792,0.6941,2.9944
91.6794,0.6158,2.6554
91.6796,0.6145,2.6484
91.6798,0.6639,2.86
91.6800,0.6701,2.8855
91.6802,0.7062,3.0367
91.6804,0.73,3.1446
91.6806,0.6539,2.8185
91.6808,0.7001,3.0132
91.6810,0.6677,2.8806
91.6812,0.5783,2.4947
91.6814,0.6078,2.6183
91.6816,0.5954,2.5663
91.6818,0.5683,2.4506
91.6820,0.5572,2.4037
91.6822,0.5437,2.3457
91.6824,0.5648,2.4345
91.6826,0.6762,2.9105
91.6828,0.6688,2.8799
91.6830,0.6059,2.6125
91.6832,0.5641,2.4337
91.6834,0.5854,2.5252
91.6836,0.6027,2.5966
91.6838,0.6032,2.5999
91.6840,0.6374,2.7472
91.6842,0.6933,2.9824
91.6844,0.7047,3.0314
91.6846,0.7037,3.0287
91.6848,0.726,3.1232
91.6850,0.725,3.122
91.6852,0.6862,2.9506
91.6854,0.7662,3.2884
91.6856,0.8091,3.4791
91.6858,0.8289,3.5625
91.6860,0.8717,3.7447
91.6862,0.8774,3.7694
91.6864,0.8238,3.5425
91.6866,0.7069,3.0469
91.6868,0.6413,2.7629
91.6870,0.6603,2.8419
91.6872,0.6933,2.988
91.6874,0.6668,2.8711
91.6876,0.7027,3.0274
91.6878,0.6069,2.6195
91.6880,0.5439,2.3462
91.6882,0.528,2.2769
91.6884,0.5243,2.2609
91.6886,0.5246,2.263
91.6888,0.5261,2.2729
91.6890,0.5294,2.2847
91.6892,0.5333,2.3007
91.6894,0.5326,2.2976
91.6896,0.5396,2.3276
91.6898,0.5412,2.3349
91.6900,0.5412,2.3327
91.6902,0.605,2.6052
91.6904,0.6624,2.8485
91.6906,0.7314,3.1479
91.6908,0.6951,2.9957
91.6910,0.6091,2.6276
91.6912,0.533,2.2992
91.6914,0.5217,2.2506
91.6916,0.5225,2.2521
91.6918,0.5672,2.446
91.6920,0.5349,2.3064
91.6922,0.5242,2.2614
91.6924,0.5308,2.2899
91.6926,0.534,2.3049
91.6928,0.5319,2.2913
91.6930,0.5457,2.354
91.6932,0.5362,2.3121
91.6934,0.5291,2.2805
91.6936,0.5316,2.2914
91.6938,0.5303,2.2857
91.6940,0.5321,2.2956
91.6942,0.5315,2.2919
91.6944,0.5858,2.5273
91.6946,0.5277,2.2754
91.6948,0.5025,2.1668
91.6950,0.5454,2.3508
91.6952,0.5828,2.5109
91.6954,0.6487,2.7944
91.6956,0.5533,2.3882
91.6958,0.5032,2.1689
91.6960,0.5424,2.339
91.6962,0.5266,2.2718
91.6964,0.522,2.2479
91.6966,0.5989,2.5813
91.6968,0.5586,2.4054
91.6970,0.584,2.5195
91.6972,0.4981,2.1487
91.6974,0.4886,2.1068
91.6976,0.5524,2.3808
91.6978,0.5623,2.4237
91.6980,0.5536,2.3881
91.6982,0.4923,2.1228
91.6984,0.4858,2.0969
91.6986,0.4894,2.1114
91.6988,0.509,2.1937
91.6990,0.5418,2.3342
91.6992,0.5768,2.4827
91.6994,0.6651,2.8572
91.6996,0.746,3.2049
91.6998,0.7873,3.3821
91.7000,0.8132,3.4917
91.7002,0.8557,3.6694
91.7004,0.8633,3.7035
91.7006,0.8499,3.6459
91.7008,0.8376,3.5951
91.7010,0.8495,3.646
91.7012,0.8437,3.623
91.7014,0.825,3.5443
91.7016,0.7636,3.2776
91.7018,0.7918,3.3953
91.7020,0.8946,3.8377
91.7022,0.9224,3.9552
91.7024,0.9524,4.0799
91.7026,0.9451,4.0543
91.7028,0.9439,4.0491
91.7030,0.9289,3.9848
91.7032,0.822,3.5298
91.7034,0.8171,3.5071
91.7036,0.8406,3.6113
91.7038,0.8465,3.6349
91.7040,0.8965,3.8442
91.7042,0.9275,3.9792
91.7044,0.8847,3.7991
91.7046,0.8754,3.7554
91.7048,0.878,3.7667
91.7050,0.8868,3.8096
91.7052,0.8187,3.522
91.7054,0.7779,3.3435
91.7056,0.8051,3.4605
91.7058,0.8588,3.6896
91.7060,0.8376,3.5968
91.7062,0.8062,3.4619
91.7064,0.8428,3.6155
91.7066,0.86,3.6948
91.7068,0.8459,3.634
91.7070,0.82,3.5194
91.7072,0.8708,3.7359
91.7074,0.9076,3.8956
91.7076,0.9005,3.8647
91.7078,0.8666,3.7196
91.7080,0.8262,3.5528
91.7082,0.7937,3.4131
91.7084,0.7725,3.3234
91.7086,0.7243,3.116
91.7088,0.766,3.2925
91.7090,0.8416,3.6154
91.7092,0.8507,3.6512
91.7094,0.8726,3.7488
91.7096,0.8564,3.6776
91.7098,0.8222,3.5336
91.7100,0.7706,3.3197
91.7102,0.6714,2.8926
91.7104,0.7086,3.047
91.7106,0.7571,3.2583
91.7108,0.711,3.0602
91.7110,0.6948,2.9877
91.7112,0.7105,3.0595
91.7114,0.6949,2.9952
91.7116,0.6526,2.8141
91.7118,0.6274,2.7043
91.7120,0.6266,2.6994
91.7122,0.602,2.5935
91.7124,0.6144,2.6455
91.7126,0.6561,2.8291
91.7128,0.5906,2.5444
91.7130,0.5996,2.5832
91.7132,0.5893,2.5435
91.7134,0.6066,2.6131
91.7136,0.6427,2.7725
91.7138,0.5289,2.2826
91.7140,0.5123,2.2123
91.7142,0.5538,2.3847
91.7144,0.6445,2.7738
91.7146,0.6784,2.9185
91.7148,0.7296,3.1431
91.7150,0.6693,2.8833
91.7152,0.6574,2.8321
91.7154,0.6561,2.8251
91.7156,0.6561,2.8238
91.7158,0.6981,3.0017
91.7160,0.7676,3.2976
91.7162,0.8254,3.5442
91.7164,0.7991,3.4315
91.7166,0.863,3.7111
91.7168,0.7472,3.2205
91.7170,0.6421,2.7673
91.7172,0.6338,2.7304
91.7174,0.6372,2.7448
91.7176,0.6328,2.7262
91.7178,0.6319,2.7196
91.7180,0.6453,2.7774
91.7182,0.636,2.7359
91.7184,0.6738,2.9056
91.7186,0.6378,2.7474
91.7188,0.6366,2.7397
91.7190,0.6539,2.8132
91.7192,0.7662,3.2914
91.7194,0.7747,3.3311
91.7196,0.7698,3.3069
91.7198,0.7698,3.3115
91.7200,0.7599,3.2722
91.7202,0.6514,2.8076
91.7204,0.5599,2.4167
91.7206,0.5585,2.406
91.7208,0.6395,2.7577
91.7210,0.5547,2.3928
91.7212,0.4653,2.0093
91.7214,0.485,2.0952
91.7216,0.4667,2.015
91.7218,0.4517,1.9512
91.7220,0.4374,1.8896
91.7222,0.4361,1.8839
91.7224,0.4602,1.9843
91.7226,0.4978,2.1476
91.7228,0.4785,2.0643
91.7230,0.481,2.0771
91.7232,0.4973,2.1446
91.7234,0.568,2.4445
91.7236,0.6389,2.7539
91.7238,0.6063,2.6133
91.7240,0.5928,2.5537
91.7242,0.602,2.5887
91.7244,0.7188,3.0923
91.7246,0.7351,3.161
91.7248,0.732,3.1476
91.7250,0.7749,3.3352
91.7252,0.6445,2.7751
91.7254,0.6441,2.7709
91.7256,0.7216,3.107
91.7258,0.6862,2.9534
91.7260,0.6812,2.9303
91.7262,0.7219,3.1014
91.7264,0.72,3.0989
91.7266,0.7325,3.1511
91.7268,0.7375,3.1698
91.7270,0.7502,3.2304
91.7272,0.6176,2.6582
91.7274,0.6825,2.9346
91.7276,0.7506,3.2245
91.7278,0.7417,3.1864
91.7280,0.7019,3.0252
91.7282,0.5948,2.5637
91.7284,0.5891,2.5377
91.7286,0.5935,2.5592
91.7288,0.5508,2.3784
91.7290,0.4933,2.128
91.7292,0.4831,2.083
91.7294,0.485,2.0913
91.7296,0.4891,2.1089
91.7298,0.4922,2.1243
91.7300,0.4876,2.1037
91.7302,0.5362,2.3099
91.7304,0.5834,2.5146
91.7306,0.5167,2.2278
91.7308,0.5464,2.3527
91.7310,0.602,2.5935
91.7312,0.5394,2.326
91.7314,0.5103,2.1994
91.7316,0.5488,2.3675
91.7318,0.5005,2.159
91.7320,0.4832,2.0845
91.7322,0.4937,2.131
91.7324,0.5302,2.2841
91.7326,0.5879,2.529
91.7328,0.6048,2.6042
91.7330,0.5905,2.5439
91.7332,0.6043,2.5985
91.7334,0.708,3.0416
91.7336,0.7596,3.2677
91.7338,0.7644,3.2852
91.7340,0.7818,3.3537
91.7342,0.8228,3.5329
91.7344,0.8587,3.6839
91.7346,0.85,3.6464
91.7348,0.9367,4.0127
91.7350,0.9796,4.2005
91.7352,0.979,4.1979
91.7354,0.961,4.1189
91.7356,0.9688,4.1484
91.7358,0.9879,4.234
91.7360,1.0233,4.3881
91.7362,0.9614,4.1146
91.7364,1.087,4.6481
91.7366,1.1496,4.9272
91.7368,1.0219,4.3799
91.7370,0.9611,4.1213
91.7372,0.9204,3.9538
91.7374,0.8133,3.4971
91.7376,0.7361,3.1666
91.7378,0.7074,3.0405
91.7380,0.7964,3.4244
91.7382,0.7296,3.1373
91.7384,0.769,3.3053
91.7386,0.8205,3.5313
91.7388,0.7577,3.2594
91.7390,0.7421,3.1924
91.7392,0.6574,2.8308
91.7394,0.6663,2.8677
91.7396,0.6988,3.0061
91.7398,0.752,3.2352
91.7400,0.7536,3.2404
91.7402,0.7592,3.2646
91.7404,0.7984,3.4316
91.7406,0.7789,3.3492
91.7408,0.7166,3.0816
91.7410,0.7246,3.1199
91.7412,0.7035,3.0291
91.7414,0.668,2.8763
91.7416,0.6887,2.9601
91.7418,0.7725,3.3234
91.7420,0.7461,3.2129
91.7422,0.7033,3.0257
91.7424,0.68,2.9279
91.7426,0.6111,2.6352
91.7428,0.594,2.5577
91.7430,0.6669,2.8769
91.7432,0.6267,2.6999
91.7434,0.6724,2.8927
91.7436,0.6411,2.7632
91.7438,0.6304,2.7147
91.7440,0.669,2.8796
91.7442,0.6765,2.9089
91.7444,0.7349,3.1555
91.7446,0.8512,3.6549
91.7448,0.8644,3.715
91.7450,0.8295,3.5617
91.7452,0.8658,3.7143
91.7454,0.8803,3.7783
91.7456,0.853,3.6592
91.7458,0.9124,3.9107
91.7460,0.9019,3.8817
91.7462,0.7391,3.1809
91.7464,0.732,3.1505
91.7466,0.6668,2.8711
91.7468,0.6608,2.8492
91.7470,0.6086,2.6231
91.7472,0.6547,2.8137
91.7474,0.7021,3.0234
91.7476,0.6736,2.8992
91.7478,0.7289,3.1356
91.7480,0.7009,3.021
91.7482,0.6511,2.8035
91.7484,0.6485,2.7939
91.7486,0.6481,2.7918
91.7488,0.6496,2.796
91.7490,0.7309,3.1385
91.7492,0.8699,3.73
91.7494,0.9093,3.9065
91.7496,0.8434,3.6265
91.7498,0.735,3.1693
91.7500,0.6211,2.6756
91.7502,0.6128,2.6388
91.7504,0.6178,2.6617
91.7506,0.6235,2.686
91.7508,0.6255,2.696
91.7510,0.6248,2.6929
91.7512,0.6277,2.7053
91.7514,0.6238,2.69
91.7516,0.6211,2.6731
91.7518,0.6206,2.6736
91.7520,0.6208,2.6746
91.7522,0.6194,2.6684
91.7524,0.6464,2.7794
91.7526,0.763,3.275
91.7528,0.8569,3.6882
91.7530,0.7385,3.1828
91.7532,0.6389,2.7551
91.7534,0.5621,2.4237
91.7536,0.55,2.3715
91.7538,0.5483,2.3643
91.7540,0.5496,2.37
91.7542,0.5476,2.3623
91.7544,0.5491,2.369
91.7546,0.5489,2.3691
91.7548,0.5482,2.3638
91.7550,0.549,2.3674
91.7552,0.555,2.391
91.7554,0.594,2.5613
91.7556,0.5475,2.3596
91.7558,0.6186,2.6635
91.7560,0.6032,2.6023
91.7562,0.5472,2.3607
91.7564,0.5409,2.3333
91.7566,0.5418,2.3364
91.7568,0.5581,2.4044
91.7570,0.6256,2.694
91.7572,0.6742,2.9018
91.7574,0.6788,2.9187
91.7576,0.7195,3.0939
91.7578,0.7054,3.0373
91.7580,0.6499,2.797
91.7582,0.6593,2.8404
91.7584,0.6097,2.6278
91.7586,0.6358,2.7353
91.7588,0.6961,2.9934
91.7590,0.6999,3.0052
91.7592,0.7467,3.214
91.7594,0.7122,3.0696
91.7596,0.667,2.8721
91.7598,0.6634,2.8553
91.7600,0.6654,2.8667
91.7602,0.6948,2.9905
91.7604,0.7153,3.073
91.7606,0.7538,3.2369
91.7608,0.7975,3.4259
91.7610,0.7308,3.1468
91.7612,0.6322,2.7237
91.7614,0.623,2.6851
91.7616,0.5682,2.4501
91.7618,0.5178,2.234
91.7620,0.4989,2.1533
91.7622,0.4958,2.1388
91.7624,0.5279,2.2743
91.7626,0.5934,2.5575
91.7628,0.5782,2.4907
91.7630,0.539,2.325
91.7632,0.5451,2.3503
91.7634,0.594,2.5589
91.7636,0.6171,2.6561
91.7638,0.614,2.6427
91.7640,0.6429,2.7658
91.7642,0.674,2.9048
91.7644,0.6126,2.6402
91.7646,0.6142,2.6474
91.7648,0.6169,2.6538
91.7650,0.6855,2.9489
91.7652,0.7187,3.0932
91.7654,0.679,2.9251
91.7656,0.6253,2.6887
91.7658,0.7236,3.1086
91.7660,0.7635,3.2832
91.7662,0.7829,3.3651
91.7664,0.7591,3.2671
91.7666,0.6979,3.0011
91.7668,0.7176,3.0828
91.7670,0.7477,3.2151
91.7672,0.7606,3.2677
91.7674,0.8092,3.4747
91.7676,0.8461,3.6316
91.7678,0.8976,3.8488
91.7680,0.9871,4.2329
91.7682,0.9561,4.0978
91.7684,0.9634,4.1291
91.7686,0.9819,4.2083
91.7688,0.974,4.1744
91.7690,0.9843,4.2205
91.7692,0.9694,4.1606
91.7694,0.9268,3.9668
91.7696,1.0621,4.5457
91.7698,1.1072,4.7431
91.7700,1.0536,4.5135
91.7702,1.0596,4.5498
91.7704,0.8817,3.788
91.7706,0.8322,3.5719
91.7708,0.873,3.7539
91.7710,0.8373,3.5969
91.7712,0.8672,3.7205
91.7714,0.8646,3.7126
91.7716,0.8774,3.7694
91.7718,0.8508,3.6585
91.7720,0.7495,3.2213
91.7722,0.7512,3.2361
91.7724,0.6629,2.8519
91.7726,0.7114,3.0603
91.7728,0.8041,3.4542
91.7730,0.8416,3.6238
91.7732,0.6611,2.8481
91.7734,0.6198,2.6699
91.7736,0.6122,2.6374
91.7738,0.6129,2.643
91.7740,0.612,2.6364
91.7742,0.6144,2.6479
91.7744,0.6141,2.6481
91.7746,0.5852,2.5224
91.7748,0.6081,2.615
91.7750,0.711,3.0602
91.7752,0.6702,2.8847
91.7754,0.7711,3.3187
91.7756,0.686,2.9551
91.7758,0.6618,2.8512
91.7760,0.6759,2.9144
91.7762,0.5862,2.5265
91.7764,0.5863,2.527
91.7766,0.6403,2.7557
91.7768,0.6792,2.9275
91.7770,0.6026,2.5985
91.7772,0.6231,2.6857
91.7774,0.5813,2.5088
91.7776,0.5236,2.2609
91.7778,0.5081,2.1931
91.7780,0.5339,2.3022
91.7782,0.5339,2.3044
91.7784,0.514,2.2175
91.7786,0.562,2.4244
91.7788,0.5177,2.2345
91.7790,0.528,2.2748
91.7792,0.6816,2.9378
91.7794,0.6451,2.7802
91.7796,0.5728,2.4698
91.7798,0.5095,2.1988
91.7800,0.4924,2.1263
91.7802,0.4725,2.0385
91.7804,0.4783,2.0633
91.7806,0.5303,2.2867
91.7808,0.5687,2.4499
91.7810,0.6283,2.7091
91.7812,0.5565,2.4006
91.7814,0.5192,2.2366
91.7816,0.538,2.3198
91.7818,0.5412,2.3327
91.7820,0.5699,2.4562
91.7822,0.5836,2.5151
91.7824,0.6467,2.7836
91.7826,0.7515,3.2331
91.7828,0.7163,3.0757
91.7830,0.7849,3.3749
91.7832,0.693,2.9855
91.7834,0.6452,2.7756
91.7836,0.6815,2.9305
91.7838,0.6919,2.9781
91.7840,0.7044,3.0304
91.7842,0.6852,2.9506
91.7844,0.6924,2.9816
91.7846,0.6483,2.7916
91.7848,0.6198,2.6675
91.7850,0.6258,2.6958
91.7852,0.6419,2.7629
91.7854,0.6674,2.8697
91.7856,0.6638,2.8569
91.7858,0.7224,3.1049
91.7860,0.7694,3.3038
91.7862,0.8207,3.5242
91.7864,0.7849,3.3812
91.7866,0.587,2.5325
91.7868,0.5396,2.3244
91.7870,0.5996,2.5868
91.7872,0.5061,2.1833
91.7874,0.5216,2.249
91.7876,0.5536,2.3881
91.7878,0.5866,2.528
91.7880,0.6026,2.5937
91.7882,0.6059,2.6112
91.7884,0.5747,2.4792
91.7886,0.4988,2.1518
91.7888,0.4761,2.054
91.7890,0.4717,2.0358
91.7892,0.4686,2.0242
91.7894,0.4688,2.0234
91.7896,0.4748,2.0474
91.7898,0.473,2.0406
91.7900,0.4671,2.0152
91.7902,0.4861,2.094
91.7904,0.5562,2.3951
91.7906,0.6038,2.6
91.7908,0.6137,2.6424
91.7910,0.5577,2.4068
91.7912,0.491,2.1152
91.7914,0.6154,2.6501
91.7916,0.5875,2.5322
91.7918,0.5706,2.4593
91.7920,0.5668,2.4405
91.7922,0.5639,2.4292
91.7924,0.5622,2.4231
91.7926,0.5581,2.4078
91.7928,0.5579,2.4012
91.7930,0.6496,2.7947
91.7932,0.6489,2.7929
91.7934,0.5897,2.5391
91.7936,0.5884,2.5334
91.7938,0.5903,2.5393
91.7940,0.6205,2.6718
91.7942,0.5897,2.5403
91.7944,0.6123,2.6367
91.7946,0.663,2.8524
91.7948,0.632,2.7214
91.7950,0.5993,2.5804
91.7952,0.5933,2.5558
91.7954,0.5819,2.5056
91.7956,0.586,2.5219
91.7958,0.625,2.6914
91.7960,0.6289,2.7117
91.7962,0.5399,2.3259
91.7964,0.5696,2.4529
91.7966,0.5525,2.3824
91.7968,0.5038,2.1705
91.7970,0.4982,2.1452
91.7972,0.5232,2.251
91.7974,0.6171,2.6635
91.7976,0.5172,2.2314
91.7978,0.4958,2.1388
91.7980,0.5009,2.1581
91.7982,0.5412,2.3316
91.7984,0.4977,2.1471
91.7986,0.4868,2.0991
91.7988,0.4876,2.1017
91.7990,0.5054,2.1762
91.7992,0.5449,2.3487
91.7994,0.6067,2.6124
91.7996,0.5925,2.5503
91.7998,0.5791,2.4925
91.8000,0.6319,2.7158
91.8002,0.7041,3.0274
91.8004,0.7106,3.0544
91.8006,0.7152,3.0725
91.8008,0.7946,3.4087
91.8010,0.813,3.4896
91.8012,0.8829,3.7808
91.8014,1.0103,4.324
91.8016,1.0069,4.3137
91.8018,1.0086,4.3168
91.8020,0.9947,4.2613
91.8022,0.9705,4.1595
91.8024,0.9927,4.2545
91.8026,0.9793,4.1955
91.8028,1.0194,4.3589
91.8030,1.1357,4.8585
91.8032,1.1138,4.758
91.8034,1.1406,4.8773
91.8036,1.0831,4.6333
91.8038,1.0539,4.5192
91.8040,0.918,3.9435
91.8042,0.8133,3.4906
91.8044,0.8377,3.5973
91.8046,0.844,3.6257
91.8048,0.8576,3.681
91.8050,0.8831,3.7919
91.8052,0.8449,3.6265
91.8054,0.8566,3.6815
91.8056,0.7958,3.4218
91.8058,0.8208,3.523
91.8060,0.8575,3.6822
91.8062,0.8461,3.635
91.8064,0.8319,3.572
91.8066,0.7937,3.4083
91.8068,0.8188,3.5192
91.8070,0.7997,3.4389
91.8072,0.7916,3.4006
91.8074,0.8554,3.6695
91.8076,0.8505,3.6586
91.8078,0.796,3.4213
91.8080,0.7765,3.3404
91.8082,0.7347,3.1609
91.8084,0.7547,3.2465
91.8086,0.7533,3.2439
91.8088,0.7343,3.1603
91.8090,0.6796,2.9236
91.8092,0.7157,3.0846
91.8094,0.682,2.9353
91.8096,0.679,2.9224
91.8098,0.6753,2.9051
91.8100,0.729,3.139
91.8102,0.7407,3.1896
91.8104,0.7066,3.0397
91.8106,0.6737,2.9024
91.8108,0.6617,2.8521
91.8110,0.6023,2.5945
91.8112,0.617,2.6581
91.8114,0.578,2.4913
91.8116,0.6013,2.5904
91.8118,0.5904,2.5469
91.8120,0.5796,2.5004
91.8122,0.5677,2.4458
91.8124,0.5922,2.5523
91.8126,0.5899,2.5437
91.8128,0.5927,2.5544
91.8130,0.608,2.6193
91.8132,0.6078,2.6207
91.8134,0.5083,2.1957
91.8136,0.4762,2.0574
91.8138,0.5213,2.2448
91.8140,0.6142,2.645
91.8142,0.6241,2.6885
91.8144,0.6308,2.7162
91.8146,0.6296,2.7123
91.8148,0.6339,2.7309
91.8150,0.6337,2.7299
91.8152,0.6356,2.7369
91.8154,0.6502,2.7972
91.8156,0.732,3.1446
91.8158,0.817,3.5115
91.8160,0.7333,3.1547
91.8162,0.6924,2.983
91.8164,0.6241,2.6873
91.8166,0.6343,2.7286
91.8168,0.6671,2.8753
91.8170,0.6193,2.6666
91.8172,0.6122,2.6362
91.8174,0.6098,2.6271
91.8176,0.6137,2.6436
91.8178,0.6246,2.6919
91.8180,0.6246,2.6906
91.8182,0.6089,2.6205
91.8184,0.614,2.6427
91.8186,0.6425,2.7681
91.8188,0.6296,2.7148
91.8190,0.6389,2.75
91.8192,0.7132,3.0666
91.8194,0.6716,2.8904
91.8196,0.6668,2.8738
91.8198,0.5852,2.5235
91.8200,0.5376,2.3172
91.8202,0.5659,2.4403
91.8204,0.5445,2.3499
91.8206,0.5363,2.3115
91.8208,0.5373,2.3178
91.8210,0.5296,2.2847
91.8212,0.5274,2.2733
91.8214,0.5314,2.2914
91.8216,0.5404,2.3291
91.8218,0.5452,2.3498
91.8220,0.5393,2.3234
91.8222,0.5925,2.5503
91.8224,0.713,3.0618
91.8226,0.719,3.0976
91.8228,0.599,2.577
91.8230,0.6355,2.7313
91.8232,0.7267,3.1249
91.8234,0.7514,3.2281
91.8236,0.7959,3.4176
91.8238,0.8062,3.4651
91.8240,0.7919,3.4006
91.8242,0.7617,3.2724
91.8244,0.7752,3.3301
91.8246,0.7624,3.277
91.8248,0.7676,3.2976
91.8250,0.7539,3.2419
91.8252,0.7705,3.3131
91.8254,0.7729,3.3187
91.8256,0.8291,3.5602
91.8258,0.8253,3.5404
91.8260,0.8752,3.7562
91.8262,0.7749,3.3321
91.8264,0.7445,3.2012
91.8266,0.7671,3.2971
91.8268,0.7777,3.3409
91.8270,0.7867,3.3779
91.8272,0.7513,3.2366
91.8274,0.68,2.9224
91.8276,0.7531,3.2338
91.8278,0.8073,3.4649
91.8280,0.7969,3.4249
91.8282,0.821,3.5252
91.8284,0.8201,3.5249
91.8286,0.6867,2.9595
91.8288,0.5483,2.3632
91.8290,0.5496,2.3722
91.8292,0.4961,2.1404
91.8294,0.4908,2.1171
91.8296,0.494,2.1311
91.8298,0.4942,2.1321
91.8300,0.492,2.1203
91.8302,0.5646,2.4335
91.8304,0.5903,2.5417
91.8306,0.5898,2.5408
91.8308,0.5586,2.4088
91.8310,0.4908,2.1171
91.8312,0.4851,2.0938
91.8314,0.4879,2.1057
91.8316,0.4872,2.1006
91.8318,0.5041,2.1765
91.8320,0.5025,2.1668
91.8322,0.524,2.2572
91.8324,0.562,2.4187
91.8326,0.6313,2.7183
91.8328,0.6093,2.625
91.8330,0.5855,2.521
91.8332,0.6647,2.857
91.8334,0.7189,3.0914
91.8336,0.7579,3.2559
91.8338,0.7777,3.3409
91.8340,0.8076,3.4664
91.8342,0.8417,3.6109
91.8344,0.8666,3.7214
91.8346,0.8805,3.774
91.8348,0.971,4.1615
91.8350,0.9665,4.1425
91.8352,0.979,4.1959
91.8354,0.9617,4.1219
91.8356,0.964,4.1317
91.8358,0.9844,4.2132
91.8360,1.0376,4.4452
91.8362,1.085,4.6394
91.8364,1.1349,4.8595
91.8366,1.0582,4.5293
91.8368,1.011,4.3331
91.8370,0.8905,3.8256
91.8372,0.8006,3.4457
91.8374,0.7153,3.0788
91.8376,0.6937,2.9845
91.8378,0.7189,3.0942
91.8380,0.699,3.01
91.8382,0.7228,3.1093
91.8384,0.7258,3.1208
91.8386,0.7386,3.173
91.8388,0.7894,3.3914
91.8390,0.7549,3.246
91.8392,0.7266,3.1244
91.8394,0.7784,3.3502
91.8396,0.7373,3.1688
91.8398,0.731,3.1449
91.8400,0.727,3.1288
91.8402,0.7205,3.0995
91.8404,0.7325,3.1482
91.8406,0.7545,3.2445
91.8408,0.7187,3.0932
91.8410,0.6618,2.8499
91.8412,0.659,2.8375
91.8414,0.628,2.7119
91.8416,0.52,2.2444
91.8418,0.4836,2.0861
91.8420,0.4898,2.109
91.8422,0.5755,2.4782
91.8424,0.6186,2.6623
91.8426,0.7051,3.0363
91.8428,0.6225,2.6831
91.8430,0.6066,2.6156
91.8432,0.5655,2.4371
91.8434,0.6033,2.6004
91.8436,0.6123,2.6379
91.8438,0.6032,2.5975
91.8440,0.6842,2.9418
91.8442,0.7579,3.2589
91.8444,0.733,3.1517
91.8446,0.6977,3.0015
91.8448,0.7171,3.0894
91.8450,0.6816,2.9324
91.8452,0.6765,2.9116
91.8454,0.6742,2.8991
91.8456,0.7544,3.2425
91.8458,0.7304,3.1438
91.8460,0.6779,2.9164
91.8462,0.702,3.0243
91.8464,0.6797,2.9269
91.8466,0.6915,2.9747
91.8468,0.7255,3.1241
91.8470,0.6761,2.91
91.8472,0.6443,2.7797
91.8474,0.4951,2.1387
91.8476,0.482,2.0793
91.8478,0.5542,2.3896
91.8480,0.5405,2.3285
91.8482,0.5791,2.4983
91.8484,0.5638,2.4299
91.8486,0.5837,2.5168
91.8488,0.5463,2.3533
91.8490,0.6138,2.6453
91.8492,0.5231,2.2578
91.8494,0.4577,1.9762
91.8496,0.4543,1.9617
91.8498,0.4503,1.9464
91.8500,0.4438,1.9152
91.8502,0.4473,1.9299
91.8504,0.4506,1.9456
91.8506,0.4521,1.9524
91.8508,0.446,1.926
91.8510,0.444,1.9172
91.8512,0.4466,1.9277
91.8514,0.4515,1.9489
91.8516,0.5044,2.1741
91.8518,0.5127,2.2118
91.8520,0.4532,1.9561
91.8522,0.4604,1.9872
91.8524,0.4601,1.9847
91.8526,0.4674,2.0153
91.8528,0.4682,2.0208
91.8530,0.4581,1.9782
91.8532,0.4566,1.9715
91.8534,0.4578,1.9749
91.8536,0.4586,1.9785
91.8538,0.4512,1.9482
91.8540,0.4414,1.904
91.8542,0.4454,1.9207
91.8544,0.4856,2.0929
91.8546,0.5216,2.2511
91.8548,0.4572,1.9714
91.8550,0.4514,1.9493
91.8552,0.4465,1.9271
91.8554,0.4472,1.9293
91.8556,0.4489,1.9348
91.8558,0.4482,1.9335
91.8560,0.444,1.9145
91.8562,0.4469,1.9269
91.8564,0.447,1.9292
91.8566,0.4485,1.935
91.8568,0.4701,2.0281
91.8570,0.5175,2.2283
91.8572,0.5617,2.4188
91.8574,0.5831,2.5084
91.8576,0.6324,2.7191
91.8578,0.6099,2.6264
91.8580,0.5277,2.2754
91.8582,0.4931,2.1255
91.8584,0.5234,2.2567
91.8586,0.488,2.1042
91.8588,0.5026,2.1663
91.8590,0.5639,2.427
91.8592,0.5796,2.4957
91.8594,0.5378,2.3166
91.8596,0.4943,2.1277
91.8598,0.5007,2.158
91.8600,0.4857,2.0954
91.8602,0.4904,2.1156
91.8604,0.4183,1.8038
91.8606,0.4203,1.8155
91.8608,0.3646,1.5751
91.8610,0.3688,1.5918
91.8612,0.3843,1.6586
91.8614,0.3939,1.7
91.8616,0.3743,1.6164
91.8618,0.4029,1.738
91.8620,0.4081,1.764
91.8622,0.3653,1.5775
91.8624,0.3833,1.6536
91.8626,0.4132,1.7824
91.8628,0.3984,1.7188
91.8630,0.4373,1.8847
91.8632,0.5043,2.1715
91.8634,0.5291,2.2763
91.8636,0.5949,2.5583
91.8638,0.5856,2.5239
91.8640,0.5206,2.2449
91.8642,0.5077,2.186
91.8644,0.5009,2.1581
91.8646,0.5183,2.2309
91.8648,0.5445,2.3467
91.8650,0.5077,2.185
91.8652,0.5846,2.5128
91.8654,0.6213,2.6729
91.8656,0.6208,2.6671
91.8658,0.7013,3.0128
91.8660,0.714,3.0688
91.8662,0.6759,2.9063
91.8664,0.6827,2.9302
91.8666,0.7437,3.1877
91.8668,0.7699,3.3105
91.8670,0.7118,3.0567
91.8672,0.7958,3.4155
91.8674,0.7621,3.2709
91.8676,0.8218,3.5255
91.8678,0.8523,3.6596
91.8680,0.8252,3.5317
91.8682,0.9996,4.2823
91.8684,1.001,4.2845
91.8686,1.0501,4.4902
91.8688,1.0797,4.6125
91.8690,1.1198,4.7881
91.8692,1.1205,4.7934
91.8694,1.0751,4.5952
91.8696,1.0226,4.3748
91.8698,1.0212,4.3707
91.8700,1.0269,4.3974
91.8702,1.0232,4.3753
91.8704,1.0576,4.5288
91.8706,1.0182,4.3599
91.8708,1.0226,4.3748
91.8710,1.0187,4.364
91.8712,0.884,3.7907
91.8714,0.8499,3.651
91.8716,0.8118,3.4861
91.8718,0.7835,3.3661
91.8720,0.7988,3.4267
91.8722,0.905,3.8807
91.8724,0.8948,3.8441
91.8726,0.7669,3.2991
91.8728,0.7141,3.065
91.8730,0.7706,3.3105
91.8732,0.7306,3.1414
91.8734,0.7093,3.0515
91.8736,0.7142,3.0698
91.8738,0.735,3.156
91.8740,0.7965,3.4218
91.8742,0.8176,3.5124
91.8744,0.8053,3.4577
91.8746,0.7894,3.3898
91.8748,0.8226,3.539
91.8750,0.7614,3.2754
91.8752,0.7652,3.2858
91.8754,0.8207,3.5242
91.8756,0.7647,3.2868
91.8758,0.7623,3.278
91.8760,0.7565,3.2527
91.8762,0.7344,3.1564
91.8764,0.7513,3.2306
91.8766,0.7612,3.2703
91.8768,0.8273,3.5508
91.8770,0.7942,3.412
91.8772,0.7627,3.2811
91.8774,0.7379,3.1699
91.8776,0.7475,3.2141
91.8778,0.6883,2.9613
91.8780,0.6834,2.9429
91.8782,0.6803,2.9294
91.8784,0.6987,3.0042
91.8786,0.7933,3.4063
91.8788,0.8138,3.4959
91.8790,0.7638,3.2842
91.8792,0.688,2.9597
91.8794,0.6772,2.916
91.8796,0.6941,2.986
91.8798,0.7501,3.2254
91.8800,0.7523,3.2347
91.8802,0.7496,3.2234
91.8804,0.75,3.2264
91.8806,0.7767,3.3399
91.8808,0.7612,3.2703
91.8810,0.75,3.2249
91.8812,0.7729,3.3218
91.8814,0.796,3.4165
91.8816,0.8726,3.7436
91.8818,0.8591,3.6855
91.8820,0.8981,3.8509
91.8822,0.8379,3.6011
91.8824,0.76,3.2682
91.8826,0.7602,3.2687
91.8828,0.8019,3.4449
91.8830,0.8329,3.5767
91.8832,0.8273,3.5525
91.8834,0.8307,3.5686
91.8836,0.8588,3.6862
91.8838,0.8813,3.7806
91.8840,0.8948,3.8423
91.8842,0.8344,3.5879
91.8844,0.7875,3.3863
91.8846,0.8006,3.4393
91.8848,0.8349,3.5849
91.8850,0.853,3.6644
91.8852,0.8435,3.622
91.8854,0.8979,3.8575
91.8856,0.8696,3.7325
91.8858,0.8795,3.7835
91.8860,0.7779,3.3497
91.8862,0.6889,2.9625
91.8864,0.6947,2.9956
91.8866,0.6295,2.7105
91.8868,0.6274,2.703
91.8870,0.565,2.435
91.8872,0.5597,2.4156
91.8874,0.5684,2.4523
91.8876,0.6154,2.6501
91.8878,0.6453,2.7813
91.8880,0.6707,2.8895
91.8882,0.6659,2.8661
91.8884,0.6189,2.6676
91.8886,0.6556,2.8218
91.8888,0.7066,3.0425
91.8890,0.605,2.6076
91.8892,0.5501,2.3731
91.8894,0.5466,2.3581
91.8896,0.5442,2.3456
91.8898,0.5411,2.3333
91.8900,0.5948,2.5625
91.8902,0.6542,2.8143
91.8904,0.7151,3.0734
91.8906,0.7548,3.2455
91.8908,0.7264,3.1262
91.8910,0.6892,2.9704
91.8912,0.64,2.7572
91.8914,0.6372,2.7448
91.8916,0.6324,2.7254
91.8918,0.6348,2.732
91.8920,0.7103,3.0571
91.8922,0.6951,2.9929
91.8924,0.6429,2.7684
91.8926,0.6406,2.7611
91.8928,0.6344,2.7342
91.8930,0.6315,2.7193
91.8932,0.6451,2.7751
91.8934,0.7071,3.0403
91.8936,0.7343,3.1603
91.8938,0.6889,2.9625
91.8940,0.721,3.103
91.8942,0.7144,3.0746
91.8944,0.6682,2.8813
91.8946,0.6048,2.603
91.8948,0.6855,2.9503
91.8950,0.6194,2.6709
91.8952,0.5919,2.5501
91.8954,0.6469,2.7828
91.8956,0.6737,2.9051
91.8958,0.6103,2.6328
91.8960,0.5506,2.3774
91.8962,0.5008,2.1606
91.8964,0.5152,2.2195
91.8966,0.612,2.6388
91.8968,0.5258,2.2671
91.8970,0.4942,2.1331
91.8972,0.4925,2.1258
91.8974,0.502,2.1667
91.8976,0.5044,2.1761
91.8978,0.5655,2.436
91.8980,0.5543,2.3924
91.8982,0.4756,2.0538
91.8984,0.4756,2.0519
91.8986,0.4783,2.0624
91.8988,0.5077,2.19
91.8990,0.5423,2.3363
91.8992,0.6095,2.6267
91.8994,0.5778,2.4915
91.8996,0.5719,2.465
91.8998,0.6122,2.6337
91.9000,0.7105,3.0553
91.9002,0.7322,3.1457
91.9004,0.7694,3.3023
91.9006,0.7826,3.3604
91.9008,0.8567,3.6752
91.9010,0.8933,3.8374
91.9012,0.82,3.5211
91.9014,0.8764,3.7578
91.9016,0.9572,4.1024
91.9018,0.9621,4.1196
91.9020,0.976,4.185
91.9022,0.9911,4.2478
91.9024,1.0044,4.3009
91.9026,1.0454,4.4785
91.9028,1.0133,4.3409
91.9030,1.022,4.3743
91.9032,1.0656,4.5584
91.9034,1.0826,4.6443
91.9036,0.9531,4.0887
91.9038,0.9299,3.9895
91.9040,0.9106,3.9103
91.9042,0.8834,3.7899
91.9044,0.9122,3.9152
91.9046,0.8925,3.829
91.9048,0.8922,3.831
91.9050,0.8598,3.6903
91.9052,0.8847,3.7991
91.9054,0.8439,3.6303
91.9056,0.6907,2.9757
91.9058,0.6726,2.8991
91.9060,0.6618,2.8486
91.9062,0.6411,2.7632
91.9064,0.6128,2.64
91.9066,0.6255,2.696
91.9068,0.6439,2.7712
91.9070,0.7145,3.0751
91.9072,0.7204,3.0961
91.9074,0.7604,3.2713
91.9076,0.7501,3.2239
91.9078,0.8032,3.457
91.9080,0.7068,3.0407
91.9082,0.7147,3.0733
91.9084,0.7223,3.1087
91.9086,0.7465,3.21
91.9088,0.7928,3.4042
91.9090,0.8002,3.4457
91.9092,0.7117,3.0604
91.9094,0.7048,3.039
91.9096,0.5919,2.5489
91.9098,0.6158,2.6517
91.9100,0.6581,2.8366
91.9102,0.6404,2.7614
91.9104,0.608,2.6157
91.9106,0.694,2.9855
91.9108,0.7153,3.0831
91.9110,0.6067,2.6136
91.9112,0.5961,2.5706
91.9114,0.5133,2.2154
91.9116,0.5617,2.4211
91.9118,0.6544,2.8192
91.9120,0.6158,2.6578
91.9122,0.524,2.2614
91.9124,0.5368,2.3125
91.9126,0.6007,2.5866
91.9128,0.5778,2.4926
91.9130,0.509,2.1978
91.9132,0.4908,2.12
91.9134,0.4906,2.1176
91.9136,0.4973,2.1485
91.9138,0.5042,2.176
91.9140,0.5129,2.2118
91.9142,0.4723,2.0393
91.9144,0.4228,1.8264
91.9146,0.4096,1.7677
91.9148,0.4888,2.1098
91.9150,0.4995,2.1549
91.9152,0.5402,2.3324
91.9154,0.4732,2.0435
91.9156,0.449,1.9398
91.9158,0.4469,1.9305
91.9160,0.4458,1.9249
91.9162,0.445,1.9213
91.9164,0.4453,1.922
91.9166,0.4432,1.9126
91.9168,0.4432,1.9135
91.9170,0.4484,1.9372
91.9172,0.459,1.98
91.9174,0.4512,1.9482
91.9176,0.4452,1.9205
91.9178,0.4885,2.1043
91.9180,0.5903,2.5441
91.9182,0.5328,2.2976
91.9184,0.4613,1.9908
91.9186,0.4581,1.9773
91.9188,0.4555,1.965
91.9190,0.4581,1.9792
91.9192,0.4375,1.8901
91.9194,0.4308,1.8593
91.9196,0.4304,1.8569
91.9198,0.4373,1.8873
91.9200,0.4445,1.9174
91.9202,0.4373,1.8864
91.9204,0.4301,1.8562
91.9206,0.4302,1.8585
91.9208,0.4374,1.8887
91.9210,0.447,1.9283
91.9212,0.4527,1.9513
91.9214,0.5049,2.1771
91.9216,0.476,2.0554
91.9218,0.4388,1.8923
91.9220,0.442,1.9039
91.9222,0.4872,2.1016
91.9224,0.4679,2.0155
91.9226,0.5204,2.2417
91.9228,0.5696,2.454
91.9230,0.5861,2.5213
91.9232,0.6385,2.7467
91.9234,0.6337,2.7248
91.9236,0.6768,2.909
91.9238,0.7288,3.1307
91.9240,0.7413,3.1833
91.9242,0.7418,3.1884
91.9244,0.7363,3.1632
91.9246,0.7677,3.2966
91.9248,0.7331,3.1522
91.9250,0.6518,2.8039
91.9252,0.641,2.7575
91.9254,0.6253,2.695
91.9256,0.5514,2.3766
91.9258,0.5706,2.457
91.9260,0.5922,2.5476
91.9262,0.5808,2.5009
91.9264,0.6278,2.6995
91.9266,0.6826,2.9406
91.9268,0.5619,2.416
91.9270,0.6563,2.8209
91.9272,0.663,2.8511
91.9274,0.6464,2.7846
91.9276,0.5856,2.5227
91.9278,0.587,2.5336
91.9280,0.4441,1.915
91.9282,0.4994,2.1504
91.9284,0.5344,2.3011
91.9286,0.5072,2.188
91.9288,0.4931,2.1274
91.9290,0.5083,2.1936
91.9292,0.403,1.7409
91.9294,0.4137,1.7853
91.9296,0.4645,2.0029
91.9298,0.4728,2.0376
91.9300,0.4828,2.081
91.9302,0.4749,2.0469
91.9304,0.4837,2.0847
91.9306,0.4845,2.0902
91.9308,0.4866,2.099
91.9310,0.4904,2.1136
91.9312,0.4886,2.1058
91.9314,0.4949,2.1322
91.9316,0.5825,2.5046
91.9318,0.7334,3.1449
91.9320,0.7912,3.3991
91.9322,0.7519,3.2286
91.9324,0.7702,3.312
91.9326,0.6693,2.8806
91.9328,0.6669,2.8689
91.9330,0.6636,2.8497
91.9332,0.7431,3.1925
91.9334,0.7146,3.0685
91.9336,0.7538,3.2354
91.9338,0.8097,3.4752
91.9340,0.8579,3.6752
91.9342,0.8922,3.8292
91.9344,0.8982,3.855
91.9346,0.8658,3.716
91.9348,0.8084,3.4679
91.9350,0.8345,3.5767
91.9352,0.9447,4.0509
91.9354,0.8529,3.6656
91.9356,0.7496,3.2219
91.9358,0.7634,3.2765
91.9360,0.8201,3.5199
91.9362,0.8369,3.597
91.9364,0.7645,3.2827
91.9366,0.758,3.2549
91.9368,0.7548,3.2455
91.9370,0.723,3.1089
91.9372,0.734,3.1563
91.9374,0.7687,3.2992
91.9376,0.7641,3.2857
91.9378,0.7484,3.2122
91.9380,0.7915,3.397
91.9382,0.8428,3.6138
91.9384,0.8314,3.565
91.9386,0.8531,3.6615
91.9388,0.8447,3.6221
91.9390,0.8627,3.7095
91.9392,0.7859,3.3796
91.9394,0.7331,3.1507
91.9396,0.747,3.212
91.9398,0.72,3.0931
91.9400,0.7964,3.4181
91.9402,0.7905,3.3976
91.9404,0.791,3.3996
91.9406,0.7753,3.329
91.9408,0.8061,3.4597
91.9410,0.8256,3.5469
91.9412,0.7949,3.4151
91.9414,0.7437,3.1936
91.9416,0.8214,3.5338
91.9418,0.7237,3.1062
91.9420,0.781,3.3569
91.9422,0.7665,3.296
91.9424,0.7724,3.3167
91.9426,0.8262,3.5445
91.9428,0.9104,3.902
91.9430,0.9355,4.0094
91.9432,0.9629,4.1271
91.9434,0.9811,4.2052
91.9436,0.9663,4.1453
91.9438,0.9329,3.9986
91.9440,0.9966,4.2695
91.9442,0.976,4.1948
91.9444,0.8098,3.4741
91.9446,0.838,3.6
91.9448,0.8226,3.5291
91.9450,0.8399,3.6133
91.9452,0.7993,3.4288
91.9454,0.9008,3.8663
91.9456,0.8982,3.8568
91.9458,0.9181,3.933
91.9460,1.009,4.3244
91.9462,0.991,4.2572
91.9464,0.8718,3.7435
91.9466,0.8332,3.5844
91.9468,0.7618,3.2805
91.9470,0.7123,3.0659
91.9472,0.6947,2.99
91.9474,0.6846,2.9467
91.9476,0.694,2.9855
91.9478,0.7364,3.1637
91.9480,0.8128,3.4902
91.9482,0.8587,3.6891
91.9484,0.8654,3.7214
91.9486,0.7738,3.329
91.9488,0.7292,3.1401
91.9490,0.6668,2.8724
91.9492,0.6309,2.7167
91.9494,0.6272,2.7007
91.9496,0.6333,2.7271
91.9498,0.632,2.7239
91.9500,0.6298,2.7159
91.9502,0.6303,2.7141
91.9504,0.6321,2.7232
91.9506,0.6334,2.7301
91.9508,0.6331,2.7273
91.9510,0.6334,2.7288
91.9512,0.6265,2.6976
91.9514,0.6387,2.7477
91.9516,0.7213,3.1031
91.9518,0.7457,3.2078
91.9520,0.7346,3.1663
91.9522,0.603,2.5976
91.9524,0.615,2.6517
91.9526,0.5565,2.4006
91.9528,0.5342,2.3022
91.9530,0.5298,2.2847
91.9532,0.5309,2.2904
91.9534,0.5415,2.3359
91.9536,0.5423,2.3384
91.9538,0.5408,2.3306
91.9540,0.5431,2.341
91.9542,0.5399,2.3292
91.9544,0.543,2.3415
91.9546,0.5878,2.5332
91.9548,0.6086,2.6243
91.9550,0.5289,2.2805
91.9552,0.5224,2.2537
91.9554,0.5208,2.2459
91.9556,0.5627,2.4218
91.9558,0.6346,2.7302
91.9560,0.6243,2.6908
91.9562,0.6021,2.5904
91.9564,0.6607,2.8461
91.9566,0.6755,2.9088
91.9568,0.6687,2.8807
91.9570,0.6011,2.5918
91.9572,0.537,2.3146
91.9574,0.5325,2.2939
91.9576,0.5514,2.3766
91.9578,0.5741,2.4731
91.9580,0.6189,2.6626
91.9582,0.6851,2.9501
91.9584,0.6392,2.7587
91.9586,0.4728,2.0414
91.9588,0.4406,1.9018
91.9590,0.4303,1.8581
91.9592,0.4261,1.84
91.9594,0.4807,2.0717
91.9596,0.5218,2.2521
91.9598,0.4706,2.0302
91.9600,0.479,2.0664
91.9602,0.5033,2.1714
91.9604,0.5194,2.2397
91.9606,0.5045,2.1756
91.9608,0.4764,2.0541
91.9610,0.4994,2.1533
91.9612,0.5081,2.1911
91.9614,0.5086,2.1932
91.9616,0.5161,2.2231
91.9618,0.6003,2.5863
91.9620,0.582,2.5084
91.9622,0.5603,2.4115
91.9624,0.6415,2.7609
91.9626,0.6182,2.6595
91.9628,0.6041,2.6023
91.9630,0.6047,2.6024
91.9632,0.6306,2.7164
91.9634,0.6319,2.7209
91.9636,0.6025,2.592
91.9638,0.6315,2.7168
91.9640,0.6705,2.8804
91.9642,0.7678,3.2986
91.9644,0.7529,3.2343
91.9646,0.7442,3.1987
91.9648,0.7065,3.0448
91.9650,0.5707,2.4587
91.9652,0.5641,2.4291
91.9654,0.6056,2.6102
91.9656,0.5628,2.4257
91.9658,0.5845,2.5134
91.9660,0.7229,3.1026
91.9662,0.8138,3.4943
91.9664,0.835,3.5871
91.9666,0.8319,3.5687
91.9668,0.8449,3.6265
91.9670,0.8423,3.6135
91.9672,0.9174,3.93
91.9674,0.9289,3.983
91.9676,0.9021,3.8665
91.9678,0.9407,4.032
91.9680,0.9133,3.9198
91.9682,0.92,3.9505
91.9684,0.907,3.8858
91.9686,0.9684,4.1468
91.9688,0.9987,4.2762
91.9690,1.002,4.2926
91.9692,1.0057,4.3085
91.9694,1.008,4.3203
91.9696,0.9622,4.1221
91.9698,0.9978,4.2746
91.9700,1.0242,4.3938
91.9702,1.0423,4.4589
91.9704,1.0798,4.6195
91.9706,1.0212,4.383
91.9708,0.9193,3.9474
91.9710,0.8648,3.7171
91.9712,0.8491,3.6462
91.9714,0.8912,3.8287
91.9716,0.7483,3.2207
91.9718,0.7138,3.0721
91.9720,0.7166,3.0844
91.9722,0.715,3.0744
91.9724,0.706,3.0357
91.9726,0.7832,3.3708
91.9728,0.7603,3.2708
91.9730,0.8267,3.5549
91.9732,0.7419,3.1904
91.9734,0.8061,3.4597
91.9736,0.8682,3.7298
91.9738,0.8053,3.4642
91.9740,0.741,3.1907
91.9742,0.7147,3.0776
91.9744,0.7042,3.0308
91.9746,0.7039,3.0326
91.9748,0.6853,2.9511
91.9750,0.6979,3.0011
91.9752,0.7212,3.0983
91.9754,0.7547,3.2465
91.9756,0.7097,3.0545
91.9758,0.726,3.1218
91.9760,0.7615,3.2759
91.9762,0.7784,3.344
91.9764,0.7663,3.2996
91.9766,0.6972,2.9981
91.9768,0.7509,3.229
91.9770,0.7726,3.3223
91.9772,0.7452,3.2087
91.9774,0.6948,2.9905
91.9776,0.6931,2.9861
91.9778,0.6965,2.995
91.9780,0.7966,3.4271
91.9782,0.7322,3.153
91.9784,0.6102,2.6323
91.9786,0.5256,2.2666
91.9788,0.5864,2.5287
91.9790,0.5916,2.5486
91.9792,0.6397,2.7519
91.9794,0.7018,3.0233
91.9796,0.6611,2.8481
91.9798,0.6535,2.8125
91.9800,0.6754,2.9069
91.9802,0.6605,2.8442
91.9804,0.6783,2.9179
91.9806,0.7696,3.3048
91.9808,0.8256,3.5535
91.9810,0.7352,3.1688
91.9812,0.69,2.9657
91.9814,0.7609,3.2749
91.9816,0.7127,3.0703
91.9818,0.6529,2.8112
91.9820,0.6615,2.8457
91.9822,0.7097,3.0531
91.9824,0.7749,3.329
91.9826,0.8183,3.5204
91.9828,0.7565,3.2558
91.9830,0.731,3.1434
91.9832,0.7541,3.2394
91.9834,0.8104,3.4815
91.9836,0.8261,3.5523
91.9838,0.7957,3.4197
91.9840,0.7744,3.3316
91.9842,0.714,3.0774
91.9844,0.6851,2.9515
91.9846,0.6748,2.9043
91.9848,0.6681,2.8768
91.9850,0.6762,2.9132
91.9852,0.6403,2.7557
91.9854,0.6821,2.9344
91.9856,0.7216,3.1042
91.9858,0.7111,3.065
91.9860,0.6789,2.9205
91.9862,0.7363,3.1647
91.9864,0.6809,2.9388
91.9866,0.4982,2.1522
91.9868,0.5208,2.2459
91.9870,0.5796,2.4981
91.9872,0.5314,2.2935
91.9874,0.4815,2.0792
91.9876,0.4788,2.0673
91.9878,0.4753,2.0504
91.9880,0.5003,2.1595
91.9882,0.5601,2.4116
91.9884,0.5918,2.5496
91.9886,0.6175,2.6577
91.9888,0.6389,2.7526
91.9890,0.5894,2.5452
91.9892,0.5175,2.2325
91.9894,0.6049,2.6035
91.9896,0.6593,2.8378
91.9898,0.662,2.8518
91.9900,0.6338,2.7291
91.9902,0.6664,2.8682
91.9904,0.6476,2.7911
91.9906,0.6229,2.6821
91.9908,0.6272,2.7032
91.9910,0.5901,2.5435
91.9912,0.6095,2.6267
91.9914,0.5919,2.5513
91.9916,0.5989,2.5801
91.9918,0.5872,2.5283
91.9920,0.6126,2.6414
91.9922,0.6087,2.6212
91.9924,0.6031,2.5982
91.9926,0.5819,2.509
91.9928,0.5797,2.4997
91.9930,0.5803,2.5
91.9932,0.5664,2.4435
91.9934,0.4947,2.1332
91.9936,0.4929,2.1254
91.9938,0.4946,2.1356
91.9940,0.4947,2.1362
91.9942,0.4948,2.1357
91.9944,0.4918,2.1208
91.9946,0.492,2.1223
91.9948,0.4924,2.1253
91.9950,0.4923,2.1238
91.9952,0.4991,2.1533
91.9954,0.5318,2.2919
91.9956,0.5768,2.4839
91.9958,0.5933,2.5605
91.9960,0.5378,2.3199
91.9962,0.5232,2.2562
91.9964,0.5388,2.3191
91.9966,0.5503,2.3742
91.9968,0.4854,2.0948
91.9970,0.4765,2.0556
91.9972,0.4812,2.0738
91.9974,0.4844,2.0907
91.9976,0.4876,2.1046
91.9978,0.4831,2.083
91.9980,0.5116,2.204
91.9982,0.5579,2.4034
91.9984,0.5822,2.5083
91.9986,0.5825,2.5081
91.9988,0.6213,2.6692
91.9990,0.7442,3.1987
91.9992,0.7248,3.1152
91.9994,0.7153,3.0788
91.9996,0.7147,3.0719
91.9998,0.7767,3.3337
92.0000,0.8142,3.4947
92.0002,0.8797,3.7687
92.0004,0.9837,4.2101
92.0006,0.9772,4.1843
92.0008,0.9368,4.0207
92.0010,0.9099,3.9018
92.0012,0.9698,4.1525
92.0014,1.0078,4.3233
92.0016,0.9006,3.8743
92.0018,0.7773,3.3347
92.0020,0.8628,3.698
92.0022,0.9169,3.9316
92.0024,0.9299,3.9951
92.0026,0.8326,3.5751
92.0028,0.8104,3.4799
92.0030,0.8596,3.6927
92.0032,0.8172,3.5076
92.0034,0.8711,3.7369
92.0036,0.8393,3.604
92.0038,0.8303,3.567
92.0040,0.843,3.6199
92.0042,0.8406,3.6096
92.0044,0.8316,3.5727
92.0046,0.8206,3.5302
92.0048,0.714,3.0688
92.0050,0.7294,3.1362
92.0052,0.7358,3.167
92.0054,0.7271,3.1264
92.0056,0.7481,3.2166
92.0058,0.7042,3.0294
92.0060,0.6982,3.0022
92.0062,0.737,3.1677
92.0064,0.7719,3.3131
92.0066,0.8566,3.6798
92.0068,0.8264,3.5517
92.0070,0.7737,3.3254
92.0072,0.7481,3.2152
92.0074,0.7581,3.2615
92.0076,0.7606,3.2723
92.0078,0.7491,3.2228
92.0080,0.7117,3.0619
92.0082,0.6301,2.7144
92.0084,0.6723,2.8908
92.0086,0.719,3.0904
92.0088,0.7254,3.1221
92.0090,0.7479,3.2176
92.0092,0.7484,3.2182
92.0094,0.6724,2.8967
92.0096,0.5668,2.445
92.0098,0.5795,2.4987
92.0100,0.581,2.5043
92.0102,0.5921,2.5483
92.0104,0.6982,3.005
92.0106,0.6927,2.9826
92.0108,0.6797,2.9255
92.0110,0.7047,3.03
92.0112,0.725,3.1191
92.0114,0.6699,2.8872
92.0116,0.5894,2.5416
92.0118,0.5788,2.4933
92.0120,0.6326,2.7252
92.0122,0.5863,2.5282
92.0124,0.5749,2.4802
92.0126,0.5587,2.4082
92.0128,0.5609,2.4186
92.0130,0.5659,2.4403
92.0132,0.5789,2.4915
92.0134,0.6416,2.7588
92.0136,0.5972,2.5776
92.0138,0.4857,2.0954
92.0140,0.4914,2.1197
92.0142,0.5321,2.2913
92.0144,0.6622,2.8502
92.0146,0.6502,2.8024
92.0148,0.544,2.3446
92.0150,0.5349,2.3042
92.0152,0.5366,2.3147
92.0154,0.5374,2.3194
92.0156,0.5343,2.3038
92.0158,0.5188,2.2371
92.0160,0.5384,2.3225
92.0162,0.5511,2.374
92.0164,0.6041,2.5987
92.0166,0.615,2.6517
92.0168,0.5448,2.3504
92.0170,0.5357,2.3089
92.0172,0.5318,2.2919
92.0174,0.5244,2.2625
92.0176,0.5224,2.2526
92.0178,0.5977,2.5737
92.0180,0.609,2.6222
92.0182,0.5907,2.5438
92.0184,0.6229,2.6834
92.0186,0.6134,2.6438
92.0188,0.5379,2.3182
92.0190,0.5354,2.3063
92.0192,0.6047,2.6085
92.0194,0.5434,2.3431
92.0196,0.5126,2.2102
92.0198,0.5117,2.2076
92.0200,0.5168,2.2273
92.0202,0.5242,2.2583
92.0204,0.5506,2.3708
92.0206,0.6098,2.6271
92.0208,0.5989,2.5825
92.0210,0.58,2.4927
92.0212,0.6857,2.9486
92.0214,0.6717,2.8949
92.0216,0.5497,2.3683
92.0218,0.5629,2.4229
92.0220,0.6322,2.7186
92.0222,0.6542,2.8143
92.0224,0.655,2.8192
92.0226,0.6724,2.8913
92.0228,0.6877,2.9546
92.0230,0.7308,3.1409
92.0232,0.7756,3.3321
92.0234,0.7918,3.3985
92.0236,0.8253,3.5404
92.0238,0.8279,3.5633
92.0240,0.6858,2.9504
92.0242,0.6955,2.988
92.0244,0.7653,3.2894
92.0246,0.7881,3.3825
92.0248,0.8755,3.7577
92.0250,0.8196,3.5261
92.0252,0.6922,2.9792
92.0254,0.6412,2.7611
92.0256,0.631,2.7185
92.0258,0.5712,2.4596
92.0260,0.6337,2.7286
92.0262,0.6336,2.7281
92.0264,0.5964,2.5621
92.0266,0.7189,3.0885
92.0268,0.6883,2.9626
92.0270,0.6372,2.7397
92.0272,0.6953,2.9954
92.0274,0.6283,2.7054
92.0276,0.6465,2.7838
92.0278,0.6707,2.8841
92.0280,0.7112,3.0626
92.0282,0.6116,2.636
92.0284,0.57,2.4533
92.0286,0.5899,2.5402
92.0288,0.6056,2.6102
92.0290,0.602,2.5947
92.0292,0.6292,2.707
92.0294,0.6891,2.9616
92.0296,0.6742,2.9058
92.0298,0.5267,2.2723
92.0300,0.539,2.3218
92.0302,0.6357,2.7348
92.0304,0.6955,2.995
92.0306,0.6773,2.9111
92.0308,0.7339,3.1558
92.0310,0.7532,3.2418
92.0312,0.647,2.7885
92.0314,0.5296,2.2826
92.0316,0.5223,2.249
92.0318,0.5593,2.4096
92.0320,0.5821,2.5089
92.0322,0.5587,2.4082
92.0324,0.5676,2.4441
92.0326,0.636,2.7346
92.0328,0.7272,3.1284
92.0330,0.6958,2.9919
92.0332,0.7395,3.1771
92.0334,0.8002,3.4345
92.0336,0.8415,3.6116
92.0338,0.7965,3.4233
92.0340,0.7417,3.1893
92.0342,0.7671,3.2971
92.0344,0.7877,3.3842
92.0346,0.7837,3.3666
92.0348,0.7903,3.3934
92.0350,0.8527,3.6633
92.0352,0.8707,3.7389
92.0354,0.8598,3.6903
92.0356,0.8343,3.584
92.0358,0.8241,3.5419
92.0360,0.778,3.344
92.0362,0.7184,3.0893
92.0364,0.7545,3.2385
92.0366,0.8519,3.658
92.0368,0.8465,3.6399
92.0370,0.8253,3.5437
92.0372,0.8353,3.587
92.0374,0.8358,3.589
92.0376,0.8334,3.5804
92.0378,0.7984,3.4316
92.0380,0.7651,3.2853
92.0382,0.8441,3.6262
92.0384,0.8123,3.4914
92.0386,0.7634,3.2857
92.0388,0.6687,2.8794
92.0390,0.6939,2.9836
92.0392,0.7759,3.3301
92.0394,0.8403,3.6064
92.0396,0.841,3.6095
92.0398,0.829,3.5613
92.0400,0.819,3.5235
92.0402,0.7827,3.3657
92.0404,0.7716,3.3146
92.0406,0.7571,3.2583
92.0408,0.728,3.1349
92.0410,0.6839,2.9422
92.0412,0.7033,3.0257
92.0414,0.7539,3.2434
92.0416,0.7219,3.1086
92.0418,0.7189,3.0914
92.0420,0.8399,3.6065
92.0422,0.8363,3.5944
92.0424,0.7225,3.1054
92.0426,0.7154,3.0778
92.0428,0.7511,3.231
92.0430,0.7505,3.2285
92.0432,0.667,2.8721
92.0434,0.7147,3.0719
92.0436,0.8218,3.5304
92.0438,0.8037,3.4559
92.0440,0.7864,3.3801
92.0442,0.7475,3.2171
92.0444,0.6812,2.929
92.0446,0.7177,3.0848
92.0448,0.8067,3.4655
92.0450,0.799,3.4342
92.0452,0.7844,3.3713
92.0454,0.8204,3.5275
92.0456,0.8026,3.4512
92.0458,0.823,3.5356
92.0460,0.8825,3.7858
92.0462,0.8668,3.7219
92.0464,0.7961,3.4218
92.0466,0.7652,3.2934
92.0468,0.7665,3.2991
92.0470,0.7572,3.2558
92.0472,0.7683,3.3007
92.0474,0.74,3.1851
92.0476,0.6565,2.828
92.0478,0.666,2.8707
92.0480,0.6073,2.6174
92.0482,0.5893,2.5411
92.0484,0.6129,2.6417
92.0486,0.667,2.8735
92.0488,0.6092,2.6257
92.0490,0.5959,2.566
92.0492,0.6336,2.7268
92.0494,0.6827,2.9398
92.0496,0.6975,3.0019
92.0498,0.6459,2.7851
92.0500,0.5616,2.4228
92.0502,0.5527,2.3845
92.0504,0.5525,2.3835
92.0506,0.543,2.3405
92.0508,0.5608,2.4169
92.0510,0.5694,2.4541
92.0512,0.5704,2.4606
92.0514,0.5261,2.2686
92.0516,0.5484,2.367
92.0518,0.4668,2.0165
92.0520,0.4502,1.945
92.0522,0.4676,2.0163
92.0524,0.5075,2.1905
92.0526,0.4541,1.9606
92.0528,0.4477,1.9332
92.0530,0.4495,1.941
92.0532,0.4529,1.9555
92.0534,0.4494,1.9404
92.0536,0.4461,1.9265
92.0538,0.4441,1.9159
92.0540,0.4455,1.923
92.0542,0.4493,1.9399
92.0544,0.4508,1.9467
92.0546,0.4501,1.9418
92.0548,0.4591,1.9805
92.0550,0.4597,1.985
92.0552,0.4583,1.9797
92.0554,0.4614,1.9913
92.0556,0.4565,1.9692
92.0558,0.4591,1.9805
92.0560,0.5226,2.2526
92.0562,0.5489,2.3636
92.0564,0.5777,2.484
92.0566,0.631,2.7172
92.0568,0.6002,2.5846
92.0570,0.5789,2.4938
92.0572,0.5541,2.3924
92.0574,0.4661,2.0115
92.0576,0.452,1.95
92.0578,0.4314,1.8611
92.0580,0.43,1.854
92.0582,0.4439,1.914
92.0584,0.4447,1.9203
92.0586,0.4327,1.8685
92.0588,0.4272,1.843
92.0590,0.4307,1.858
92.0592,0.4415,1.9054
92.0594,0.4442,1.9155
92.0596,0.472,2.0336
92.0598,0.5044,2.1771
92.0600,0.4375,1.8883
92.0602,0.4298,1.8543
92.0604,0.4863,2.097
92.0606,0.5009,2.1601
92.0608,0.4641,2.0004
92.0610,0.4795,2.0666
92.0612,0.5114,2.204
92.0614,0.5133,2.2102
92.0616,0.5469,2.3548
92.0618,0.5766,2.4805
92.0620,0.6577,2.8319
92.0622,0.6393,2.7478
92.0624,0.6765,2.9102
92.0626,0.6759,2.909
92.0628,0.5682,2.4501
92.0630,0.512,2.2066
92.0632,0.5207,2.2412
92.0634,0.5585,2.4004
92.0636,0.6163,2.6525
92.0638,0.6138,2.638
92.0640,0.7177,3.0833
92.0642,0.7653,3.2909
92.0644,0.6953,2.9912
92.0646,0.6472,2.7831
92.0648,0.6557,2.8197
92.0650,0.653,2.8065
92.0652,0.6924,2.9788
92.0654,0.7151,3.0749
92.0656,0.7448,3.1968
92.0658,0.7701,3.3038
92.0660,0.826,3.5452
92.0662,0.8539,3.6617
92.0664,0.8844,3.7922
92.0666,0.8683,3.7233
92.0668,0.8796,3.7699
92.0670,0.9341,3.9981
92.0672,1.0657,4.5568
92.0674,1.1037,4.726
92.0676,0.963,4.1237
92.0678,0.8994,3.8619
92.0680,0.9207,3.937
92.0682,1.1215,4.7935
92.0684,1.1315,4.8428
92.0686,1.0724,4.5877
92.0688,1.0947,4.6831
92.0690,1.1423,4.8799
92.0692,1.1739,5.0151
92.0694,1.1785,5.0298
92.0696,1.1689,5.0053
92.0698,1.022,4.3804
92.0700,0.9389,4.0318
92.0702,0.8448,3.6243
92.0704,0.8988,3.8575
92.0706,0.859,3.6901
92.0708,0.8246,3.539
92.0710,0.891,3.8241
92.0712,0.8778,3.7727
92.0714,0.8344,3.5829
92.0716,0.8258,3.5491
92.0718,0.7971,3.4259
92.0720,0.7774,3.3383
92.0722,0.8768,3.7563
92.0724,0.9814,4.2082
92.0726,0.9028,3.8786
92.0728,0.8447,3.6322
92.0730,0.8743,3.7491
92.0732,0.9302,3.9924
92.0734,0.8894,3.8227
92.0736,0.7783,3.345
92.0738,0.7774,3.3414
92.0740,0.8,3.4367
92.0742,0.8507,3.658
92.0744,0.8602,3.6935
92.0746,0.8668,3.7149
92.0748,0.8904,3.8179
92.0750,0.9164,3.9313
92.0752,0.9181,3.9367
92.0754,0.913,3.9188
92.0756,0.9377,4.0229
92.0758,0.8921,3.8305
92.0760,0.8746,3.7606
92.0762,0.8783,3.7713
92.0764,0.8786,3.7764
92.0766,0.8291,3.5652
92.0768,0.8182,3.5134
92.0770,0.8754,3.7624
92.0772,0.8086,3.477
92.0774,0.8345,3.5817
92.0776,0.9615,4.1209
92.0778,0.9757,4.1938
92.0780,0.7556,3.2491
92.0782,0.785,3.3754
92.0784,0.7638,3.2872
92.0786,0.7761,3.3357
92.0788,0.8116,3.4867
92.0790,0.8881,3.8171
92.0792,0.8587,3.6925
92.0794,0.8542,3.6695
92.0796,0.8913,3.8221
92.0798,1.0363,4.4354
92.0800,1.1164,4.7871
92.0802,1.025,4.4035
92.0804,0.8494,3.654
92.0806,0.8295,3.5667
92.0808,0.9205,3.947
92.0810,0.9783,4.2026
92.0812,0.8563,3.6788
92.0814,0.8564,3.6793
92.0816,0.9024,3.8748
92.0818,0.9435,4.0495
92.0820,0.9471,4.0649
92.0822,0.9435,4.0514
92.0824,0.9539,4.0943
92.0826,0.9785,4.1978
92.0828,0.996,4.2709
92.0830,1.0193,4.3706
92.0832,0.9921,4.2559
92.0834,0.9419,4.0503
92.0836,0.8379,3.6095
92.0838,0.752,3.2367
92.0840,0.7568,3.2482
92.0842,0.9054,3.8931
92.0844,0.7777,3.3518
92.0846,0.7318,3.1465
92.0848,0.7752,3.3409
92.0850,0.6457,2.7841
92.0852,0.6328,2.7313
92.0854,0.6138,2.6466
92.0856,0.6629,2.8572
92.0858,0.6568,2.8322
92.0860,0.6598,2.8451
92.0862,0.6535,2.8203
92.0864,0.6051,2.6106
92.0866,0.5802,2.503
92.0868,0.5768,2.4896
92.0870,0.5605,2.4204
92.0872,0.5985,2.5761
92.0874,0.7457,3.2093
92.0876,0.7463,3.2104
92.0878,0.6512,2.8079
92.0880,0.5699,2.4596
92.0882,0.5616,2.425
92.0884,0.5656,2.4365
92.0886,0.6958,2.9974
92.0888,0.744,3.2021
92.0890,0.7804,3.3527
92.0892,0.8361,3.5917
92.0894,0.7936,3.4173
92.0896,0.7484,3.2167
92.0898,0.7909,3.4007
92.0900,0.7545,3.252
92.0902,0.7013,3.0226
92.0904,0.7032,3.0252
92.0906,0.7446,3.2032
92.0908,0.7439,3.2016
92.0910,0.7397,3.185
92.0912,0.7393,3.1835
92.0914,0.6833,2.941
92.0916,0.666,2.8707
92.0918,0.6642,2.8642
92.0920,0.665,2.866
92.0922,0.6253,2.6962
92.0924,0.5683,2.4518
92.0926,0.5645,2.4352
92.0928,0.5701,2.4595
92.0930,0.5848,2.5203
92.0932,0.6103,2.6291
92.0934,0.5904,2.5505
92.0936,0.4936,2.1335
92.0938,0.4867,2.1015
92.0940,0.491,2.1191
92.0942,0.4893,2.1148
92.0944,0.4897,2.1124
92.0946,0.5729,2.4691
92.0948,0.5849,2.5231
92.0950,0.5936,2.5633
92.0952,0.5328,2.3008
92.0954,0.5114,2.204
92.0956,0.532,2.2961
92.0958,0.4999,2.1564
92.0960,0.519,2.2392
92.0962,0.5289,2.2837
92.0964,0.4903,2.117
92.0966,0.508,2.1916
92.0968,0.5164,2.2278
92.0970,0.5481,2.3665
92.0972,0.4958,2.1408
92.0974,0.4756,2.0529
92.0976,0.4765,2.0565
92.0978,0.5102,2.2009
92.0980,0.5479,2.3594
92.0982,0.6007,2.5866
92.0984,0.5797,2.5009
92.0986,0.5734,2.4712
92.0988,0.6762,2.9105
92.0990,0.7364,3.1681
92.0992,0.71,3.0561
92.0994,0.732,3.149
92.0996,0.7668,3.2955
92.0998,0.7755,3.3316
92.1000,0.8569,3.6762
92.1002,0.9102,3.9064
92.1004,0.9139,3.9169
92.1006,0.9399,4.0303
92.1008,0.916,3.9371
92.1010,0.8864,3.801
92.1012,0.9022,3.8743
92.1014,0.8394,3.6011
92.1016,0.9235,3.9654
92.1018,0.9869,4.2279
92.1020,1.0379,4.4462
92.1022,1.0086,4.3249
92.1024,1.0289,4.4118
92.1026,1.031,4.4169
92.1028,1.0205,4.3778
92.1030,1.0033,4.3003
92.1032,1.0876,4.6615
92.1034,1.0815,4.6375
92.1036,0.9401,4.0407
92.1038,0.8593,3.6899
92.1040,0.8647,3.7114
92.1042,0.8381,3.6022
92.1044,0.7806,3.3595
92.1046,0.7561,3.2557
92.1048,0.7255,3.1226
92.1050,0.7561,3.2527
92.1052,0.774,3.3296
92.1054,0.79,3.4003
92.1056,0.7424,3.1924
92.1058,0.778,3.3471
92.1060,0.7801,3.3543
92.1062,0.7917,3.4075
92.1064,0.7368,3.1697
92.1066,0.7839,3.3771
92.1068,0.6842,2.9473
92.1070,0.6784,2.9198
92.1072,0.6951,2.9929
92.1074,0.7249,3.1215
92.1076,0.6999,3.0192
92.1078,0.5906,2.5456
92.1080,0.6087,2.6261
92.1082,0.6127,2.6419
92.1084,0.613,2.641
92.1086,0.5833,2.5199
92.1088,0.5054,2.1812
92.1090,0.5682,2.4467
92.1092,0.6333,2.7271
92.1094,0.6797,2.9269
92.1096,0.6929,2.9892
92.1098,0.5313,2.2951
92.1100,0.4953,2.1387
92.1102,0.5501,2.3698
92.1104,0.5925,2.5503
92.1106,0.6529,2.8138
92.1108,0.5997,2.5825
92.1110,0.6698,2.8867
92.1112,0.5797,2.5021
92.1114,0.5748,2.4785
92.1116,0.5917,2.5514
92.1118,0.609,2.6235
92.1120,0.6605,2.8495
92.1122,0.5398,2.3287
92.1124,0.5005,2.159
92.1126,0.5587,2.4082
92.1128,0.5387,2.3251
92.1130,0.4994,2.1573
92.1132,0.4985,2.1507
92.1134,0.546,2.3556
92.1136,0.5107,2.203
92.1138,0.5406,2.3301
92.1140,0.5754,2.4788
92.1142,0.5404,2.3323
92.1144,0.4657,2.0137
92.1146,0.3968,1.7148
92.1148,0.391,1.6899
92.1150,0.4013,1.7344
92.1152,0.4237,1.8288
92.1154,0.4589,1.9813
92.1156,0.4538,1.9596
92.1158,0.4561,1.9667
92.1160,0.4647,2.0049
92.1162,0.4687,2.0247
92.1164,0.4519,1.9513
92.1166,0.4536,1.9568
92.1168,0.4943,2.1336
92.1170,0.4577,1.9762
92.1172,0.4716,2.0334
92.1174,0.5427,2.3411
92.1176,0.4748,2.0493
92.1178,0.4711,2.0332
92.1180,0.444,1.9163
92.1182,0.4387,1.8926
92.1184,0.4334,1.8716
92.1186,0.4368,1.887
92.1188,0.4464,1.9266
92.1190,0.4426,1.9101
92.1192,0.4354,1.8799
92.1194,0.4331,1.8683
92.1196,0.5079,2.1931
92.1198,0.4536,1.9586
92.1200,0.4372,1.8859
92.1202,0.4833,2.085
92.1204,0.5291,2.2794
92.1206,0.5232,2.2573
92.1208,0.492,2.1223
92.1210,0.4653,2.0056
92.1212,0.4982,2.1442
92.1214,0.5623,2.4225
92.1216,0.5798,2.4991
92.1218,0.5725,2.4653
92.1220,0.5662,2.4368
92.1222,0.64,2.7534
92.1224,0.6624,2.8512
92.1226,0.605,2.6004
92.1228,0.664,2.8566
92.1230,0.6628,2.8501
92.1232,0.653,2.8091
92.1234,0.6464,2.7794
92.1236,0.6568,2.8269
92.1238,0.629,2.711
92.1240,0.5291,2.2784
92.1242,0.542,2.3326
92.1244,0.6143,2.645
92.1246,0.6296,2.7111
92.1248,0.576,2.4803
92.1250,0.5958,2.5679
92.1252,0.5614,2.4162
92.1254,0.5908,2.5403
92.1256,0.5759,2.4832
92.1258,0.4891,2.1079
92.1260,0.5298,2.2837
92.1262,0.5012,2.1601
92.1264,0.4976,2.1436
92.1266,0.5388,2.3235
92.1268,0.4936,2.1266
92.1270,0.5294,2.2816
92.1272,0.4964,2.1385
92.1274,0.5942,2.554
92.1276,0.6586,2.8347
92.1278,0.5798,2.498
92.1280,0.5105,2.2025
92.1282,0.491,2.1182
92.1284,0.4935,2.1271
92.1286,0.489,2.1084
92.1288,0.5267,2.2692
92.1290,0.5712,2.4562
92.1292,0.6609,2.8392
92.1294,0.6722,2.8903
92.1296,0.658,2.8295
92.1298,0.6483,2.7864
92.1300,0.6775,2.9103
92.1302,0.7899,3.3903
92.1304,0.7966,3.4239
92.1306,0.6723,2.8936
92.1308,0.6278,2.7046
92.1310,0.5593,2.4063
92.1312,0.6376,2.7431
92.1314,0.638,2.7472
92.1316,0.6288,2.705
92.1318,0.6494,2.7924
92.1320,0.7055,3.0309
92.1322,0.773,3.3178
92.1324,0.783,3.3636
92.1326,0.755,3.2406
92.1328,0.7623,3.2735
92.1330,0.7386,3.1745
92.1332,0.7673,3.2946
92.1334,0.8175,3.5054
92.1336,0.8568,3.6741
92.1338,0.8935,3.8278
92.1340,0.926,3.967
92.1342,0.9207,3.9463
92.1344,0.9119,3.9155
92.1346,0.8631,3.7025
92.1348,0.9244,3.9622
92.1350,0.9159,3.9294
92.1352,0.8159,3.5069
92.1354,0.7586,3.259
92.1356,0.7701,3.3023
92.1358,0.7964,3.4229
92.1360,0.68,2.9279
92.1362,0.6664,2.8683
92.1364,0.6815,2.9333
92.1366,0.6867,2.9555
92.1368,0.6993,3.0041
92.1370,0.7396,3.1757
92.1372,0.7531,3.2369
92.1374,0.7521,3.2372
92.1376,0.6736,2.8965
92.1378,0.7145,3.0681
92.1380,0.7934,3.4037
92.1382,0.8779,3.7716
92.1384,0.8364,3.585
92.1386,0.9066,3.8929
92.1388,0.8374,3.5958
92.1390,0.8199,3.5157
92.1392,0.8298,3.5634
92.1394,0.8086,3.4755
92.1396,0.7942,3.4136
92.1398,0.7511,3.2296
92.1400,0.7597,3.2652
92.1402,0.7958,3.4171
92.1404,0.8372,3.5897
92.1406,0.8812,3.7784
92.1408,0.8439,3.6287
92.1410,0.7912,3.3992
92.1412,0.811,3.4858
92.1414,0.745,3.2033
92.1416,0.7053,3.0326
92.1418,0.7559,3.2487
92.1420,0.7923,3.4038
92.1422,0.7856,3.3734
92.1424,0.7916,3.4039
92.1426,0.7667,3.2982
92.1428,0.7499,3.2259
92.1430,0.7689,3.3018
92.1432,0.8265,3.5473
92.1434,0.8741,3.7516
92.1436,0.8864,3.8011
92.1438,0.9238,3.9652
92.1440,0.8719,3.7493
92.1442,0.8113,3.4868
92.1444,0.8326,3.5735
92.1446,0.8933,3.8339
92.1448,0.9103,3.9088
92.1450,0.7644,3.2884
92.1452,0.6803,2.9295
92.1454,0.7188,3.0895
92.1456,0.7978,3.4307
92.1458,0.7863,3.3828
92.1460,0.7673,3.2946
92.1462,0.818,3.5124
92.1464,0.8267,3.5533
92.1466,0.8325,3.5764
92.1468,0.8468,3.641
92.1470,0.8296,3.559
92.1472,0.8364,3.5917
92.1474,0.8984,3.8543
92.1476,0.9081,3.8996
92.1478,0.8879,3.8108
92.1480,0.9282,3.9818
92.1482,0.9006,3.8635
92.1484,0.8676,3.7325
92.1486,0.7725,3.3234
92.1488,0.7951,3.4172
92.1490,0.7964,3.4245
92.1492,0.7505,3.2315
92.1494,0.6819,2.9389
92.1496,0.6243,2.6921
92.1498,0.6068,2.6106
92.1500,0.6535,2.8086
92.1502,0.753,3.2379
92.1504,0.809,3.477
92.1506,0.8109,3.4885
92.1508,0.636,2.7448
92.1510,0.5374,2.3205
92.1512,0.5334,2.3013
92.1514,0.5298,2.2868
92.1516,0.5337,2.3013
92.1518,0.533,2.2982
92.1520,0.5325,2.2971
92.1522,0.5322,2.2982
92.1524,0.5331,2.2997
92.1526,0.5351,2.3064
92.1528,0.534,2.3028
92.1530,0.5307,2.2894
92.1532,0.533,2.2982
92.1534,0.5499,2.3667
92.1536,0.6145,2.6473
92.1538,0.6004,2.5899
92.1540,0.5444,2.3484
92.1542,0.5357,2.309
92.1544,0.5316,2.2925
92.1546,0.6043,2.6022
92.1548,0.6422,2.7653
92.1550,0.6265,2.6977
92.1552,0.6315,2.7194
92.1554,0.6775,2.9117
92.1556,0.7502,3.226
92.1558,0.7918,3.4017
92.1560,0.7839,3.3709
92.1562,0.7308,3.1483
92.1564,0.6602,2.8414
92.1566,0.6462,2.7811
92.1568,0.6996,3.0112
92.1570,0.6939,2.9878
92.1572,0.6432,2.7694
92.1574,0.6354,2.7359
92.1576,0.6777,2.9168
92.1578,0.6258,2.6946
92.1580,0.6141,2.6457
92.1582,0.6233,2.6862
92.1584,0.6627,2.8549
92.1586,0.6374,2.7459
92.1588,0.621,2.6764
92.1590,0.6374,2.7447
92.1592,0.64,2.7547
92.1594,0.642,2.7643
92.1596,0.6251,2.6915
92.1598,0.6176,2.6607
92.1600,0.6187,2.6616
92.1602,0.6875,2.9605
92.1604,0.6426,2.7669
92.1606,0.7111,3.0565
92.1608,0.7731,3.3183
92.1610,0.799,3.431
92.1612,0.7777,3.3425
92.1614,0.7825,3.3616
92.1616,0.7908,3.3971
92.1618,0.7807,3.3569
92.1620,0.7637,3.2822
92.1622,0.7935,3.4153
92.1624,0.7212,3.0998
92.1626,0.7508,3.2286
92.1628,0.7361,3.1666
92.1630,0.7002,3.0096
92.1632,0.7472,3.2116
92.1634,0.7547,3.2481
92.1636,0.7105,3.061
92.1638,0.6211,2.6769
92.1640,0.5974,2.5746
92.1642,0.6217,2.677
92.1644,0.6828,2.9308
92.1646,0.8159,3.5069
92.1648,0.7361,3.1666
92.1650,0.6857,2.9514
92.1652,0.7237,3.112
92.1654,0.741,3.1863
92.1656,0.7587,3.2626
92.1658,0.7577,3.2564
92.1660,0.7742,3.3198
92.1662,0.874,3.7493
92.1664,0.8396,3.6067
92.1666,0.8483,3.6359
92.1668,0.9548,4.0979
92.1670,0.927,3.9823
92.1672,0.9357,4.0068
92.1674,1.0351,4.4345
92.1676,1.0442,4.4714
92.1678,1.0038,4.2964
92.1680,1.0569,4.5343
92.1682,1.0027,4.3058
92.1684,0.9134,3.9259
92.1686,0.8242,3.5441
92.1688,0.7968,3.4229
92.1690,0.831,3.5652
92.1692,0.8721,3.7428
92.1694,0.8346,3.5856
92.1696,0.7885,3.392
92.1698,0.7421,3.1954
92.1700,0.7706,3.3152
92.1702,0.7774,3.3415
92.1704,0.7809,3.358
92.1706,0.7725,3.3234
92.1708,0.7006,3.0209
92.1710,0.5831,2.5131
92.1712,0.6002,2.5858
92.1714,0.6123,2.6392
92.1716,0.6025,2.598
92.1718,0.6116,2.6361
92.1720,0.6193,2.6692
92.1722,0.6095,2.6244
92.1724,0.6017,2.592
92.1726,0.6102,2.6275
92.1728,0.6348,2.7358
92.1730,0.6285,2.709
92.1732,0.5551,2.3938
92.1734,0.568,2.4491
92.1736,0.5722,2.4672
92.1738,0.5761,2.4831
92.1740,0.5752,2.479
92.1742,0.5471,2.3603
92.1744,0.5724,2.4671
92.1746,0.5944,2.5617
92.1748,0.5912,2.5506
92.1750,0.5231,2.2558
92.1752,0.5733,2.4719
92.1754,0.597,2.5719
92.1756,0.5723,2.47
92.1758,0.508,2.1926
92.1760,0.5116,2.2071
92.1762,0.5028,2.1669
92.1764,0.5366,2.3126
92.1766,0.6153,2.6484
92.1768,0.6394,2.7585
92.1770,0.5591,2.4075
92.1772,0.6016,2.5891
92.1774,0.6544,2.8154
92.1776,0.6081,2.6187
92.1778,0.6434,2.7679
92.1780,0.681,2.938
92.1782,0.5424,2.3401
92.1784,0.5357,2.309
92.1786,0.5687,2.4534
92.1788,0.5349,2.3075
92.1790,0.5246,2.262
92.1792,0.5067,2.1859
92.1794,0.4771,2.0601
92.1796,0.4745,2.0487
92.1798,0.486,2.0955
92.1800,0.5944,2.5581
92.1802,0.5866,2.5269
92.1804,0.5265,2.2744
92.1806,0.4469,1.9278
92.1808,0.5215,2.2433
92.1810,0.5749,2.478
92.1812,0.5669,2.4422
92.1814,0.5874,2.5329
92.1816,0.6023,2.5898
92.1818,0.6579,2.8343
92.1820,0.5992,2.5835
92.1822,0.5725,2.4642
92.1824,0.638,2.7434
92.1826,0.6802,2.9263
92.1828,0.6446,2.7808
92.1830,0.541,2.3317
92.1832,0.5415,2.3338
92.1834,0.5505,2.3725
92.1836,0.5697,2.4564
92.1838,0.5538,2.3848
92.1840,0.5548,2.3911
92.1842,0.5559,2.3936
92.1844,0.5693,2.4537
92.1846,0.6055,2.6073
92.1848,0.6313,2.7171
92.1850,0.6494,2.7989
92.1852,0.5663,2.4453
92.1854,0.4766,2.0571
92.1856,0.4601,1.9847
92.1858,0.4458,1.9241
92.1860,0.4565,1.9692
92.1862,0.4629,1.9971
92.1864,0.464,2.0027
92.1866,0.4561,1.9686
92.1868,0.4604,1.9872
92.1870,0.4615,1.9919
92.1872,0.4643,2.001
92.1874,0.483,2.0816
92.1876,0.5405,2.3286
92.1878,0.5945,2.5574
92.1880,0.6253,2.6938
92.1882,0.5507,2.3769
92.1884,0.4573,1.9719
92.1886,0.49,2.1101
92.1888,0.544,2.3435
92.1890,0.6007,2.5843
92.1892,0.629,2.706
92.1894,0.6042,2.598
92.1896,0.5968,2.5708
92.1898,0.5857,2.5245
92.1900,0.5722,2.4649
92.1902,0.564,2.4287
92.1904,0.5878,2.5333
92.1906,0.5258,2.2682
92.1908,0.4603,1.983
92.1910,0.5228,2.2542
92.1912,0.4772,2.0587
92.1914,0.4565,1.9683
92.1916,0.446,1.926
92.1918,0.4566,1.9679
92.1920,0.4842,2.0877
92.1922,0.4409,1.9002
92.1924,0.4787,2.063
92.1926,0.4863,2.0961
92.1928,0.4772,2.0568
92.1930,0.4821,2.0799
92.1932,0.4958,2.1359
92.1934,0.5097,2.1958
92.1936,0.5357,2.309
92.1938,0.5586,2.4043
92.1940,0.6301,2.7106
92.1942,0.5933,2.5535
92.1944,0.6173,2.6567
92.1946,0.6087,2.6188
92.1948,0.5893,2.5376
92.1950,0.6038,2.6013
92.1952,0.5547,2.3906
92.1954,0.5442,2.3424
92.1956,0.6147,2.6446
92.1958,0.6,2.5824
92.1960,0.6645,2.8547
92.1962,0.7322,3.1428
92.1964,0.7632,3.2756
92.1966,0.7595,3.2657
92.1968,0.6241,2.6898
92.1970,0.5007,2.1591
92.1972,0.4998,2.1519
92.1974,0.5392,2.3207
92.1976,0.5635,2.4255
92.1978,0.5691,2.4504
92.1980,0.5589,2.4065
92.1982,0.6285,2.7014
92.1984,0.6869,2.9524
92.1986,0.697,2.9971
92.1988,0.6836,2.9393
92.1990,0.7306,3.1385
92.1992,0.7174,3.079
92.1994,0.7527,3.2293
92.1996,0.8333,3.5716
92.1998,0.8862,3.7983
92.2000,0.9137,3.9141
92.2002,0.9382,4.0194
92.2004,0.8963,3.8432
92.2006,0.9343,4.0006
92.2008,0.9592,4.1093
92.2010,0.9422,4.0326
92.2012,1.0006,4.2825
92.2014,0.9809,4.2023
92.2016,0.8958,3.8483
92.2018,0.8368,3.5899
92.2020,0.9673,4.136
92.2022,1.031,4.4149
92.2024,0.998,4.2772
92.2026,0.9637,4.1264
92.2028,0.992,4.2476
92.2030,1.0206,4.3723
92.2032,1.0057,4.3106
92.2034,0.9327,4.0014
92.2036,0.9376,4.0225
92.2038,0.9187,3.9394
92.2040,0.8741,3.7516
92.2042,0.8607,3.6974
92.2044,0.7993,3.4369
92.2046,0.7936,3.411
92.2048,0.814,3.4921
92.2050,0.8675,3.7216
92.2052,0.8771,3.7627
92.2054,0.9007,3.864
92.2056,0.8601,3.6897
92.2058,0.8798,3.7675
92.2060,0.9258,3.9715
92.2062,0.8397,3.6106
92.2064,0.7328,3.1498
92.2066,0.7992,3.4316
92.2068,0.8292,3.5608
92.2070,0.811,3.4841
92.2072,0.8121,3.4888
92.2074,0.785,3.3724
92.2076,0.7869,3.379
92.2078,0.7879,3.3879
92.2080,0.7761,3.3343
92.2082,0.8169,3.511
92.2084,0.8351,3.5877
92.2086,0.7697,3.3126
92.2088,0.7239,3.1169
92.2090,0.7185,3.0879
92.2092,0.7631,3.2812
92.2094,0.7815,3.3574
92.2096,0.8285,3.5643
92.2098,0.779,3.3482
92.2100,0.7755,3.3301
92.2102,0.8212,3.5312
92.2104,0.7921,3.4059
92.2106,0.7432,3.1971
92.2108,0.6816,2.9365
92.2110,0.6736,2.9006
92.2112,0.6686,2.8762
92.2114,0.7224,3.1049
92.2116,0.7492,3.2214
92.2118,0.7561,3.2528
92.2120,0.698,3.004
92.2122,0.6585,2.8342
92.2124,0.6627,2.8536
92.2126,0.6622,2.8515
92.2128,0.6474,2.7888
92.2130,0.5848,2.5215
92.2132,0.6062,2.6104
92.2134,0.6717,2.8896
92.2136,0.687,2.9529
92.2138,0.7049,3.0367
92.2140,0.6432,2.7669
92.2142,0.6855,2.9544
92.2144,0.6417,2.7671
92.2146,0.6298,2.7134
92.2148,0.6298,2.7121
92.2150,0.6296,2.7098
92.2152,0.6291,2.7103
92.2154,0.6397,2.7557
92.2156,0.6235,2.686
92.2158,0.6342,2.7282
92.2160,0.6816,2.9365
92.2162,0.6548,2.8195
92.2164,0.6161,2.654
92.2166,0.6591,2.8328
92.2168,0.7247,3.1147
92.2170,0.7072,3.0466
92.2172,0.6203,2.6758
92.2174,0.5448,2.3504
92.2176,0.5303,2.2878
92.2178,0.5302,2.2863
92.2180,0.536,2.3111
92.2182,0.5397,2.326
92.2184,0.5572,2.4026
92.2186,0.5149,2.2221
92.2188,0.5207,2.2475
92.2190,0.5257,2.2677
92.2192,0.5199,2.2418
92.2194,0.5128,2.2144
92.2196,0.5275,2.2702
92.2198,0.6747,2.8998
92.2200,0.7152,3.0726
92.2202,0.7614,3.2785
92.2204,0.6325,2.7235
92.2206,0.6579,2.8277
92.2208,0.7198,3.0979
92.2210,0.7074,3.0462
92.2212,0.6741,2.9013
92.2214,0.6806,2.9251
92.2216,0.7015,3.0181
92.2218,0.7465,3.2085
92.2220,0.7649,3.2889
92.2222,0.7584,3.2611
92.2224,0.7132,3.0695
92.2226,0.6264,2.6972
92.2228,0.6884,2.9627
92.2230,0.7203,3.0928
92.2232,0.7852,3.3734
92.2234,0.7725,3.3188
92.2236,0.7515,3.2347
92.2238,0.6795,2.93
92.2240,0.5888,2.5356
92.2242,0.576,2.4861
92.2244,0.5192,2.2397
92.2246,0.5734,2.4701
92.2248,0.5845,2.5181
92.2250,0.5657,2.4382
92.2252,0.6071,2.6177
92.2254,0.564,2.4276
92.2256,0.6123,2.6343
92.2258,0.6324,2.7255
92.2260,0.6164,2.6592
92.2262,0.5424,2.3379
92.2264,0.5728,2.4652
92.2266,0.6303,2.7167
92.2268,0.6041,2.6023
92.2270,0.6029,2.596
92.2272,0.6013,2.5892
92.2274,0.5984,2.5804
92.2276,0.5314,2.2914
92.2278,0.5709,2.4592
92.2280,0.6539,2.8081
92.2282,0.7445,3.2012
92.2284,0.655,2.8192
92.2286,0.6452,2.7808
92.2288,0.5996,2.5868
92.2290,0.5051,2.1782
92.2292,0.5229,2.2547
92.2294,0.5675,2.4471
92.2296,0.5981,2.5741
92.2298,0.6195,2.669
92.2300,0.5633,2.4256
92.2302,0.5778,2.4881
92.2304,0.5988,2.5784
92.2306,0.57,2.4579
92.2308,0.5568,2.3966
92.2310,0.5891,2.5366
92.2312,0.5562,2.3962
92.2314,0.5718,2.4645
92.2316,0.6301,2.7043
92.2318,0.7773,3.3363
92.2320,0.7422,3.1914
92.2322,0.7032,3.0253
92.2324,0.7303,3.1419
92.2326,0.7127,3.0618
92.2328,0.7982,3.4274
92.2330,0.8201,3.5233
92.2332,0.8288,3.5554
92.2334,0.8301,3.5594
92.2336,0.8364,3.5867
92.2338,0.8713,3.7363
92.2340,0.8981,3.8527
92.2342,0.8854,3.8035
92.2344,0.8489,3.6384
92.2346,0.9261,3.9712
92.2348,0.9241,3.9625
92.2350,0.9008,3.8628
92.2352,0.8284,3.5605
92.2354,0.7954,3.4156
92.2356,0.7959,3.4177
92.2358,0.83,3.5639
92.2360,0.8375,3.5963
92.2362,0.8224,3.5314
92.2364,0.7947,3.4173
92.2366,0.7086,3.0471
92.2368,0.6936,2.9868
92.2370,0.667,2.8735
92.2372,0.7117,3.0591
92.2374,0.7946,3.4088
92.2376,0.8634,3.7041
92.2378,0.8818,3.7881
92.2380,0.825,3.5461
92.2382,0.7856,3.3781
92.2384,0.7496,3.2279
92.2386,0.7063,3.0373
92.2388,0.7339,3.1573
92.2390,0.7297,3.1393
92.2392,0.6996,3.014
92.2394,0.6472,2.787
92.2396,0.689,2.9625
92.2398,0.7298,3.1383
92.2400,0.783,3.373
92.2402,0.7049,3.0325
92.2404,0.7004,3.0115
92.2406,0.7171,3.0837
92.2408,0.744,3.1992
92.2410,0.7778,3.343
92.2412,0.741,3.1833
92.2414,0.7349,3.1615
92.2416,0.7285,3.1341
92.2418,0.7577,3.2595
92.2420,0.7887,3.3868
92.2422,0.8692,3.7322
92.2424,0.8107,3.4842
92.2426,0.7259,3.1257
92.2428,0.6777,2.9181
92.2430,0.6718,2.8888
92.2432,0.714,3.0731
92.2434,0.7199,3.0999
92.2436,0.7146,3.0757
92.2438,0.6806,2.9264
92.2440,0.7414,3.1878
92.2442,0.7809,3.358
92.2444,0.7872,3.3816
92.2446,0.7946,3.4152
92.2448,0.7271,3.1323
92.2450,0.6614,2.8506
92.2452,0.6073,2.6138
92.2454,0.6681,2.8742
92.2456,0.686,2.9538
92.2458,0.6506,2.8054
92.2460,0.5969,2.5725
92.2462,0.591,2.546
92.2464,0.6038,2.6001
92.2466,0.6767,2.9167
92.2468,0.6406,2.7612
92.2470,0.6128,2.6388
92.2472,0.615,2.6506
92.2474,0.5834,2.5182
92.2476,0.5391,2.3224
92.2478,0.6175,2.654
92.2480,0.7101,3.0547
92.2482,0.6579,2.8382
92.2484,0.6007,2.5903
92.2486,0.5887,2.5386
92.2488,0.5675,2.4471
92.2490,0.5716,2.4623
92.2492,0.5936,2.5574
92.2494,0.5914,2.5464
92.2496,0.6151,2.6511
92.2498,0.581,2.5055
92.2500,0.5867,2.5286
92.2502,0.5737,2.4751
92.2504,0.4958,2.1389
92.2506,0.4574,1.9752
92.2508,0.4585,1.9808
92.2510,0.458,1.9768
92.2512,0.4548,1.9629
92.2514,0.4555,1.9678
92.2516,0.4579,1.9782
92.2518,0.4948,2.1318
92.2520,0.4954,2.1393
92.2522,0.4498,1.9438
92.2524,0.4463,1.9261
92.2526,0.449,1.9371
92.2528,0.4459,1.9246
92.2530,0.4471,1.9307
92.2532,0.4475,1.9304
92.2534,0.4454,1.9234
92.2536,0.4488,1.937
92.2538,0.4888,2.1069
92.2540,0.4905,2.1171
92.2542,0.4481,1.9339
92.2544,0.4438,1.9144
92.2546,0.4442,1.9164
92.2548,0.4514,1.9466
92.2550,0.5146,2.2191
92.2552,0.5556,2.3914
92.2554,0.5868,2.5279
92.2556,0.5705,2.46
92.2558,0.5486,2.3632
92.2560,0.5453,2.3492
92.2562,0.5019,2.1663
92.2564,0.4466,1.9277
92.2566,0.474,2.0428
92.2568,0.5324,2.2945
92.2570,0.4867,2.0996
92.2572,0.458,1.9768
92.2574,0.4532,1.9561
92.2576,0.4838,2.0852
92.2578,0.4667,2.0132
92.2580,0.448,1.9325
92.2582,0.4617,1.991
92.2584,0.4522,1.9479
92.2586,0.4952,2.1363
92.2588,0.4927,2.1284
92.2590,0.4379,1.889
92.2592,0.4697,2.0242
92.2594,0.4725,2.0376
92.2596,0.5157,2.2227
92.2598,0.5562,2.3929
92.2600,0.5701,2.4562
92.2602,0.5275,2.2723
92.2604,0.5773,2.4837
92.2606,0.6019,2.5918
92.2608,0.6005,2.5868
92.2610,0.5984,2.5757
92.2612,0.5968,2.566
92.2614,0.6651,2.8573
92.2616,0.7013,3.0156
92.2618,0.6615,2.8471
92.2620,0.6679,2.8718
92.2622,0.7372,3.1654
92.2624,0.7921,3.4012
92.2626,0.7668,3.2971
92.2628,0.7517,3.2277
92.2630,0.7151,3.0778
92.2632,0.5658,2.4364
92.2634,0.5526,2.3796
92.2636,0.589,2.5314
92.2638,0.6789,2.9206
92.2640,0.7521,3.2282
92.2642,0.8354,3.5837
92.2644,0.8637,3.7016
92.2646,0.8809,3.7739
92.2648,0.9138,3.9128
92.2650,0.9836,4.2175
92.2652,0.9185,3.9383
92.2654,0.9171,3.9308
92.2656,0.8945,3.8373
92.2658,0.8637,3.7086
92.2660,0.8483,3.6376
92.2662,0.9101,3.8987
92.2664,0.9125,3.9181
92.2666,0.7856,3.3718
92.2668,0.8181,3.5096
92.2670,0.8289,3.5592
92.2672,0.8476,3.6379
92.2674,0.8626,3.697
92.2676,0.8916,3.8267
92.2678,0.9006,3.8599
92.2680,0.9228,3.9587
92.2682,0.8661,3.7119
92.2684,0.9194,3.9443
92.2686,0.9259,3.9795
92.2688,0.7945,3.4115
92.2690,0.8041,3.4543
92.2692,0.7996,3.4352
92.2694,0.8049,3.453
92.2696,0.8585,3.6864
92.2698,0.8474,3.6334
92.2700,0.8984,3.8615
92.2702,0.8333,3.5766
92.2704,0.8858,3.802
92.2706,0.8374,3.5975
92.2708,0.8228,3.533
92.2710,0.8613,3.7
92.2712,0.8047,3.4585
92.2714,0.8077,3.4681
92.2716,0.8602,3.6936
92.2718,0.829,3.5614
92.2720,0.7921,3.4012
92.2722,0.8229,3.5368
92.2724,0.8134,3.4944
92.2726,0.7652,3.2843
92.2728,0.8277,3.5524
92.2730,0.8591,3.6855
92.2732,0.8893,3.8258
92.2734,0.74,3.1836
92.2736,0.7228,3.1065
92.2738,0.7532,3.2389
92.2740,0.8066,3.4602
92.2742,0.8181,3.5129
92.2744,0.7581,3.26
92.2746,0.7086,3.0471
92.2748,0.744,3.2007
92.2750,0.7289,3.1386
92.2752,0.7074,3.0419
92.2754,0.7595,3.2627
92.2756,0.797,3.4239
92.2758,0.8374,3.5991
92.2760,0.787,3.3811
92.2762,0.8176,3.5108
92.2764,0.8277,3.5607
92.2766,0.7589,3.2646
92.2768,0.7605,3.2734
92.2770,0.7577,3.258
92.2772,0.7682,3.3033
92.2774,0.708,3.0516
92.2776,0.6025,2.5944
92.2778,0.6308,2.72
92.2780,0.5885,2.5375
92.2782,0.6121,2.6369
92.2784,0.6562,2.8244
92.2786,0.6524,2.8079
92.2788,0.6535,2.8165
92.2790,0.6528,2.8094
92.2792,0.6573,2.829
92.2794,0.6578,2.8298
92.2796,0.7191,3.0948
92.2798,0.7282,3.137
92.2800,0.6605,2.843
92.2802,0.6659,2.8649
92.2804,0.7247,3.1176
92.2806,0.7694,3.3054
92.2808,0.7946,3.412
92.2810,0.7815,3.3606
92.2812,0.8031,3.4518
92.2814,0.8198,3.525
92.2816,0.8037,3.4543
92.2818,0.7916,3.4039
92.2820,0.7614,3.2755
92.2822,0.7477,3.2182
92.2824,0.7326,3.1546
92.2826,0.687,2.9557
92.2828,0.7559,3.2487
92.2830,0.8245,3.5451
92.2832,0.7727,3.3255
92.2834,0.6923,2.9797
92.2836,0.6615,2.8524
92.2838,0.5499,2.3722
92.2840,0.5396,2.3277
92.2842,0.5695,2.4547
92.2844,0.5634,2.4283
92.2846,0.5358,2.3116
92.2848,0.5451,2.3515
92.2850,0.5388,2.3235
92.2852,0.5569,2.4027
92.2854,0.5556,2.3936
92.2856,0.5583,2.4072
92.2858,0.5614,2.4196
92.2860,0.6333,2.7309
92.2862,0.5722,2.4695
92.2864,0.5257,2.2666
92.2866,0.5241,2.2588
92.2868,0.578,2.4914
92.2870,0.5398,2.3276
92.2872,0.537,2.3157
92.2874,0.544,2.3446
92.2876,0.5446,2.3483
92.2878,0.5784,2.4918
92.2880,0.6541,2.8151
92.2882,0.6551,2.8211
92.2884,0.6519,2.8071
92.2886,0.6683,2.8792
92.2888,0.6235,2.6835
92.2890,0.6591,2.8381
92.2892,0.6408,2.7578
92.2894,0.697,3.0027
92.2896,0.6585,2.8342
92.2898,0.6821,2.9345
92.2900,0.6629,2.8546
92.2902,0.5898,2.5432
92.2904,0.5645,2.4319
92.2906,0.6227,2.6787
92.2908,0.6361,2.7402
92.2910,0.5712,2.4642
92.2912,0.5597,2.4146
92.2914,0.5669,2.4411
92.2916,0.6017,2.5968
92.2918,0.4843,2.0921
92.2920,0.4587,1.98
92.2922,0.4583,1.977
92.2924,0.4585,1.978
92.2926,0.5408,2.3318
92.2928,0.5752,2.4778
92.2930,0.5699,2.4563
92.2932,0.5674,2.4454
92.2934,0.5757,2.4799
92.2936,0.5788,2.491
92.2938,0.5849,2.5185
92.2940,0.611,2.6286
92.2942,0.7243,3.1132
92.2944,0.7361,3.1681
92.2946,0.6578,2.8298
92.2948,0.6691,2.8823
92.2950,0.5975,2.5775
92.2952,0.4968,2.142
92.2954,0.4685,2.02
92.2956,0.4899,2.1116
92.2958,0.4866,2.1
92.2960,0.4655,2.0099
92.2962,0.4789,2.065
92.2964,0.4964,2.1415
92.2966,0.4824,2.08
92.2968,0.4969,2.1435
92.2970,0.521,2.2454
92.2972,0.5651,2.4311
92.2974,0.5939,2.5572
92.2976,0.5683,2.4495
92.2978,0.5731,2.4691
92.2980,0.6282,2.7036
92.2982,0.6502,2.7947
92.2984,0.6995,3.0107
92.2986,0.6487,2.7906
92.2988,0.696,2.9902
92.2990,0.7518,3.2297
92.2992,0.788,3.3837
92.2994,0.877,3.7604
92.2996,0.9662,4.1372
92.2998,0.9354,4.0127
92.3000,0.8954,3.8378
92.3002,0.9514,4.0778
92.3004,0.9695,4.1515
92.3006,1.0372,4.4432
92.3008,1.0171,4.3574
92.3010,1.0381,4.4452
92.3012,1.0821,4.6293
92.3014,1.0203,4.3687
92.3016,1.0343,4.4267
92.3018,1.0367,4.4411
92.3020,1.0183,4.3666
92.3022,0.9549,4.0908
92.3024,1.0496,4.4945
92.3026,1.0539,4.5172
92.3028,0.9521,4.0847
92.3030,0.9087,3.8967
92.3032,0.9598,4.1138
92.3034,0.9626,4.1314
92.3036,0.8518,3.6542
92.3038,0.8501,3.6521
92.3040,0.8408,3.6119
92.3042,0.9067,3.8934
92.3044,0.8736,3.7478
92.3046,0.8698,3.7348
92.3048,0.8734,3.7503
92.3050,0.8707,3.7424
92.3052,0.7722,3.3234
92.3054,0.7535,3.2399
92.3056,0.7605,3.2719
92.3058,0.7414,3.1923
92.3060,0.7068,3.0422
92.3062,0.7492,3.2199
92.3064,0.7633,3.2791
92.3066,0.7706,3.3152
92.3068,0.8017,3.4504
92.3070,0.749,3.2238
92.3072,0.7139,3.0698
92.3074,0.7099,3.0542
92.3076,0.7441,3.1982
92.3078,0.7808,3.3606
92.3080,0.7426,3.1945
92.3082,0.7068,3.0422
92.3084,0.743,3.1936
92.3086,0.8366,3.5955
92.3088,0.8294,3.5713
92.3090,0.7595,3.2611
92.3092,0.8257,3.5519
92.3094,0.7645,3.2904
92.3096,0.7616,3.2765
92.3098,0.6998,3.0131
92.3100,0.7203,3.1029
92.3102,0.6581,2.8379
92.3104,0.6041,2.6047
92.3106,0.6404,2.7576
92.3108,0.7218,3.1024
92.3110,0.7783,3.3466
92.3112,0.7188,3.0938
92.3114,0.6626,2.8518
92.3116,0.6689,2.8818
92.3118,0.6668,2.8738
92.3120,0.6728,2.8983
92.3122,0.6839,2.9395
92.3124,0.7909,3.3976
92.3126,0.8422,3.6248
92.3128,0.7261,3.1282
92.3130,0.6153,2.6509
92.3132,0.5795,2.4988
92.3134,0.6209,2.6771
92.3136,0.6308,2.7175
92.3138,0.6258,2.6958
92.3140,0.624,2.6881
92.3142,0.6518,2.8066
92.3144,0.6468,2.7836
92.3146,0.6701,2.8869
92.3148,0.6073,2.6199
92.3150,0.5662,2.4425
92.3152,0.5659,2.4426
92.3154,0.5625,2.4208
92.3156,0.6519,2.8084
92.3158,0.6608,2.8519
92.3160,0.5032,2.173
92.3162,0.4669,2.0151
92.3164,0.4675,2.0159
92.3166,0.5375,2.3199
92.3168,0.5514,2.3811
92.3170,0.5035,2.173
92.3172,0.4577,1.9753
92.3174,0.4522,1.9533
92.3176,0.4558,1.9679
92.3178,0.4543,1.9599
92.3180,0.5111,2.2041
92.3182,0.5326,2.2998
92.3184,0.4722,2.0389
92.3186,0.4548,1.9629
92.3188,0.4528,1.9559
92.3190,0.4566,1.9706
92.3192,0.517,2.2284
92.3194,0.5367,2.3163
92.3196,0.5162,2.2237
92.3198,0.6127,2.6358
92.3200,0.7019,3.0224
92.3202,0.6854,2.9525
92.3204,0.6745,2.9015
92.3206,0.6988,3.0076
92.3208,0.6719,2.892
92.3210,0.6766,2.9094
92.3212,0.7075,3.041
92.3214,0.7355,3.1596
92.3216,0.7674,3.2997
92.3218,0.8103,3.4794
92.3220,0.8217,3.5316
92.3222,0.7125,3.065
92.3224,0.6782,2.9188
92.3226,0.6475,2.7893
92.3228,0.6445,2.7738
92.3230,0.6277,2.7028
92.3232,0.6522,2.8069
92.3234,0.697,2.9999
92.3236,0.6622,2.8529
92.3238,0.6592,2.8373
92.3240,0.7019,3.0182
92.3242,0.6986,3.0066
92.3244,0.6637,2.8577
92.3246,0.6162,2.6557
92.3248,0.5916,2.5498
92.3250,0.5908,2.545
92.3252,0.6165,2.6585
92.3254,0.5951,2.5648
92.3256,0.6447,2.7736
92.3258,0.6705,2.8872
92.3260,0.6501,2.7981
92.3262,0.6179,2.6617
92.3264,0.6026,2.5973
92.3266,0.5857,2.5233
92.3268,0.6307,2.7132
92.3270,0.6304,2.7172
92.3272,0.5918,2.5544
92.3274,0.511,2.2046
92.3276,0.4872,2.1007
92.3278,0.4965,2.141
92.3280,0.5074,2.189
92.3282,0.5807,2.4981
92.3284,0.6999,3.0108
92.3286,0.6653,2.8663
92.3288,0.5578,2.4063
92.3290,0.5091,2.1963
92.3292,0.5073,2.1875
92.3294,0.5549,2.3917
92.3296,0.5427,2.3357
92.3298,0.5581,2.4034
92.3300,0.6041,2.6011
92.3302,0.651,2.8017
92.3304,0.7014,3.0133
92.3306,0.7012,3.0151
92.3308,0.668,2.871
92.3310,0.7203,3.0957
92.3312,0.7414,3.1834
92.3314,0.7713,3.3183
92.3316,0.7298,3.1369
92.3318,0.7561,3.2497
92.3320,0.7125,3.0636
92.3322,0.7506,3.223
92.3324,0.8951,3.8327
92.3326,0.9513,4.0792
92.3328,0.9433,4.0391
92.3330,1.0188,4.3605
92.3332,1.0247,4.3898
92.3334,1.0189,4.3631
92.3336,1.0393,4.4524
92.3338,0.9713,4.1651
92.3340,0.888,3.8148
92.3342,0.8453,3.6315
92.3344,0.8325,3.573
92.3346,0.8505,3.6536
92.3348,0.8111,3.483
92.3350,0.8396,3.6051
92.3352,0.852,3.6637
92.3354,0.7579,3.259
92.3356,0.7752,3.3301
92.3358,0.7819,3.3637
92.3360,0.7477,3.2122
92.3362,0.806,3.4657
92.3364,0.7441,3.2027
92.3366,0.7436,3.2006
92.3368,0.6573,2.829
92.3370,0.6768,2.9132
92.3372,0.7144,3.0704
92.3374,0.7583,3.2621
92.3376,0.6776,2.9163
92.3378,0.6982,3.0064
92.3380,0.7475,3.2126
92.3382,0.7849,3.375
92.3384,0.7774,3.3415
92.3386,0.8164,3.5106
92.3388,0.7488,3.2198
92.3390,0.7435,3.1971
92.3392,0.75,3.225
92.3394,0.7767,3.3384
92.3396,0.7644,3.2899
92.3398,0.7492,3.2244
92.3400,0.7541,3.2455
92.3402,0.7545,3.2385
92.3404,0.8707,3.7372
92.3406,0.8549,3.6675
92.3408,0.8312,3.5674
92.3410,0.8707,3.7372
92.3412,0.9288,3.9863
92.3414,0.9153,3.9359
92.3416,0.7362,3.1701
92.3418,0.6519,2.8058
92.3420,0.6942,2.9838
92.3422,0.7771,3.3399
92.3424,0.8312,3.5707
92.3426,0.8086,3.4771
92.3428,0.7617,3.2801
92.3430,0.7211,3.1021
92.3432,0.7557,3.2482
92.3434,0.7966,3.4239
92.3436,0.8218,3.5338
92.3438,0.7567,3.2614
92.3440,0.5965,2.5722
92.3442,0.5802,2.5007
92.3444,0.5912,2.5482
92.3446,0.6605,2.8469
92.3448,0.6381,2.7478
92.3450,0.6301,2.7195
92.3452,0.5328,2.2955
92.3454,0.577,2.4891
92.3456,0.5947,2.5585
92.3458,0.7601,3.2698
92.3460,0.6724,2.9021
92.3462,0.5427,2.3422
92.3464,0.5319,2.2946
92.3466,0.5254,2.2666
92.3468,0.5199,2.2439
92.3470,0.5229,2.2547
92.3472,0.526,2.2682
92.3474,0.5296,2.2847
92.3476,0.5326,2.2998
92.3478,0.5282,2.2796
92.3480,0.5538,2.3859
92.3482,0.6212,2.6737
92.3484,0.6286,2.7082
92.3486,0.5842,2.5189
92.3488,0.5444,2.344
92.3490,0.6195,2.6652
92.3492,0.7083,3.0512
92.3494,0.6375,2.7439
92.3496,0.6436,2.7702
92.3498,0.6599,2.843
92.3500,0.6197,2.6682
92.3502,0.639,2.7514
92.3504,0.641,2.7601
92.3506,0.6724,2.8968
92.3508,0.5734,2.4712
92.3510,0.5334,2.3013
92.3512,0.5283,2.2801
92.3514,0.5277,2.2775
92.3516,0.5251,2.264
92.3518,0.5228,2.2553
92.3520,0.5246,2.263
92.3522,0.5277,2.2743
92.3524,0.5343,2.3028
92.3526,0.5254,2.2677
92.3528,0.5258,2.2671
92.3530,0.5692,2.4532
92.3532,0.5414,2.3354
92.3534,0.5255,2.2671
92.3536,0.5234,2.2578
92.3538,0.5224,2.2527
92.3540,0.5246,2.2599
92.3542,0.5273,2.2749
92.3544,0.5315,2.293
92.3546,0.5631,2.4245
92.3548,0.6701,2.8802
92.3550,0.6808,2.9316
92.3552,0.6643,2.859
92.3554,0.7133,3.0658
92.3556,0.6888,2.9648
92.3558,0.5764,2.4853
92.3560,0.5152,2.2206
92.3562,0.5188,2.2382
92.3564,0.5657,2.4382
92.3566,0.5668,2.4428
92.3568,0.5547,2.3906
92.3570,0.5634,2.4272
92.3572,0.6055,2.6073
92.3574,0.5861,2.5248
92.3576,0.5857,2.5233
92.3578,0.6592,2.836
92.3580,0.6873,2.9622
92.3582,0.6072,2.6158
92.3584,0.6116,2.6336
92.3586,0.5951,2.5624
92.3588,0.6372,2.7411
92.3590,0.6876,2.9596
92.3592,0.602,2.5972
92.3594,0.5345,2.307
92.3596,0.5095,2.1978
92.3598,0.5674,2.4397
92.3600,0.6572,2.8285
92.3602,0.5716,2.4635
92.3604,0.521,2.2465
92.3606,0.5661,2.4341
92.3608,0.7062,3.0354
92.3610,0.7174,3.0876
92.3612,0.6801,2.9285
92.3614,0.6386,2.7498
92.3616,0.597,2.5683
92.3618,0.6439,2.7712
92.3620,0.6753,2.9078
92.3622,0.637,2.7406
92.3624,0.6944,2.9871
92.3626,0.7068,3.0379
92.3628,0.7108,3.0549
92.3630,0.7066,3.0454
92.3632,0.5879,2.5349
92.3634,0.5918,2.5496
92.3636,0.6388,2.7457
92.3638,0.7405,3.1813
92.3640,0.7048,3.0278
92.3642,0.7109,3.0569
92.3644,0.7519,3.2287
92.3646,0.8224,3.5347
92.3648,0.72,3.0975
92.3650,0.7354,3.1576
92.3652,0.7617,3.277
92.3654,0.7104,3.052
92.3656,0.8085,3.4669
92.3658,0.9259,3.9702
92.3660,0.9243,3.9635
92.3662,0.9138,3.9201
92.3664,0.9167,3.9325
92.3666,0.9038,3.8756
92.3668,0.9224,3.9535
92.3670,0.8625,3.7051
92.3672,0.8614,3.6936
92.3674,0.9235,3.9618
92.3676,0.8804,3.7789
92.3678,0.8731,3.7457
92.3680,0.9223,3.9585
92.3682,0.9097,3.9008
92.3684,0.8758,3.7606
92.3686,0.8478,3.6372
92.3688,0.894,3.8334
92.3690,0.882,3.7909
92.3692,0.8393,3.6024
92.3694,0.917,3.934
92.3696,0.8796,3.7735
92.3698,0.8403,3.6082
92.3700,0.8138,3.4944
92.3702,0.793,3.4053
92.3704,0.8062,3.4668
92.3706,0.7641,3.2873
92.3708,0.7361,3.1666
92.3710,0.7101,3.0533
92.3712,0.7368,3.1653
92.3714,0.8193,3.5213
92.3716,0.8197,3.5196
92.3718,0.7932,3.4122
92.3720,0.7639,3.2878
92.3722,0.7125,3.0664
92.3724,0.6641,2.8585
92.3726,0.6655,2.8655
92.3728,0.685,2.9483
92.3730,0.7628,3.2817
92.3732,0.7703,3.3106
92.3734,0.7778,3.3384
92.3736,0.8312,3.5724
92.3738,0.7932,3.4106
92.3740,0.8231,3.5346
92.3742,0.8354,3.5905
92.3744,0.7675,3.3064
92.3746,0.662,2.8479
92.3748,0.715,3.073
92.3750,0.7771,3.3415
92.3752,0.7823,3.3622
92.3754,0.8092,3.4894
92.3756,0.6207,2.6754
92.3758,0.5862,2.5254
92.3760,0.5879,2.535
92.3762,0.5776,2.4882
92.3764,0.5854,2.523
92.3766,0.6386,2.7499
92.3768,0.6975,3.0006
92.3770,0.6908,2.9703
92.3772,0.7549,3.2492
92.3774,0.7348,3.1669
92.3776,0.6562,2.8258
92.3778,0.6536,2.8131
92.3780,0.6526,2.809
92.3782,0.665,2.8648
92.3784,0.663,2.8547
92.3786,0.7439,3.1958
92.3788,0.8366,3.5939
92.3790,0.8498,3.6557
92.3792,0.6734,2.9009
92.3794,0.6379,2.7442
92.3796,0.7108,3.0578
92.3798,0.771,3.3137
92.3800,0.8371,3.5993
92.3802,0.7986,3.4338
92.3804,0.7552,3.2472
92.3806,0.7516,3.2287
92.3808,0.7794,3.3513
92.3810,0.7693,3.3096
92.3812,0.7295,3.1412
92.3814,0.6661,2.8694
92.3816,0.6377,2.7457
92.3818,0.6562,2.8245
92.3820,0.7341,3.152
92.3822,0.7857,3.3834
92.3824,0.6295,2.7119
92.3826,0.6188,2.6659
92.3828,0.6193,2.6667
92.3830,0.6324,2.7255
92.3832,0.5648,2.4386
92.3834,0.4848,2.0952
92.3836,0.4788,2.0664
92.3838,0.4907,2.1157
92.3840,0.5401,2.3298
92.3842,0.4789,2.0679
92.3844,0.4711,2.0333
92.3846,0.473,2.0397
92.3848,0.5191,2.2424
92.3850,0.4788,2.0645
92.3852,0.5242,2.2615
92.3854,0.5162,2.2248
92.3856,0.5958,2.5667
92.3858,0.5951,2.5648
92.3860,0.5506,2.3742
92.3862,0.5486,2.3665
92.3864,0.5487,2.3648
92.3866,0.5536,2.3882
92.3868,0.5518,2.3805
92.3870,0.5488,2.3653
92.3872,0.5472,2.3586
92.3874,0.5727,2.4636
92.3876,0.6242,2.6854
92.3878,0.6964,2.9932
92.3880,0.7748,3.3256
92.3882,0.7885,3.3953
92.3884,0.7197,3.0975
92.3886,0.6408,2.7617
92.3888,0.5799,2.498
92.3890,0.5835,2.5159
92.3892,0.5699,2.454
92.3894,0.6036,2.5979
92.3896,0.6512,2.8015
92.3898,0.671,2.8893
92.3900,0.6885,2.9633
92.3902,0.6572,2.8286
92.3904,0.6452,2.7783
92.3906,0.6428,2.7705
92.3908,0.5998,2.5838
92.3910,0.5993,2.5805
92.3912,0.6085,2.6203
92.3914,0.6396,2.7527
92.3916,0.6517,2.8048
92.3918,0.6426,2.7669
92.3920,0.6516,2.8056
92.3922,0.6384,2.745
92.3924,0.6585,2.8343
92.3926,0.6687,2.8768
92.3928,0.733,3.1489
92.3930,0.7766,3.3364
92.3932,0.7303,3.1405
92.3934,0.6859,2.9547
92.3936,0.6305,2.7185
92.3938,0.5254,2.2656
92.3940,0.5278,2.276
92.3942,0.5265,2.2713
92.3944,0.4914,2.1188
92.3946,0.4933,2.1271
92.3948,0.5128,2.2113
92.3950,0.5279,2.2786
92.3952,0.5076,2.1866
92.3954,0.5381,2.3215
92.3956,0.4868,2.1011
92.3958,0.492,2.1224
92.3960,0.4926,2.123
92.3962,0.5119,2.2052
92.3964,0.5552,2.3883
92.3966,0.657,2.8289
92.3968,0.5849,2.5197
92.3970,0.5753,2.4784
92.3972,0.6771,2.9115
92.3974,0.7444,3.1933
92.3976,0.7709,3.3178
92.3978,0.6695,2.8791
92.3980,0.7416,3.186
92.3982,0.7253,3.1174
92.3984,0.7507,3.2206
92.3986,0.924,3.9602
92.3988,1.0115,4.3333
92.3990,1.0508,4.4976
92.3992,1.0365,4.4319
92.3994,1.0566,4.518
92.3996,1.0457,4.4756
92.3998,1.0857,4.6535
92.4000,1.0444,4.4762
92.4002,0.9682,4.1518
92.4004,0.9103,3.9034
92.4006,0.9305,3.9954
92.4008,0.9008,3.8664
92.4010,0.8908,3.8214
92.4012,0.9094,3.903
92.4014,0.9025,3.8754
92.4016,0.8434,3.625
92.4018,0.7879,3.3848
92.4020,0.8094,3.4786
92.4022,0.8122,3.4894
92.4024,0.7869,3.3823
92.4026,0.7427,3.1951
92.4028,0.7317,3.1505
92.4030,0.661,2.8464
92.4032,0.6848,2.9473
92.4034,0.6962,2.9949
92.4036,0.7121,3.0649
92.4038,0.6887,2.9629
92.4040,0.7224,3.1064
92.4042,0.7451,3.2024
92.4044,0.7353,3.1631
92.4046,0.7957,3.4183
92.4048,0.8343,3.5841
92.4050,0.8097,3.4785
92.4052,0.8044,3.4655
92.4054,0.6835,2.9416
92.4056,0.7356,3.1632
92.4058,0.7329,3.1513
92.4060,0.7096,3.0555
92.4062,0.7007,3.0159
92.4064,0.7291,3.1382
92.4066,0.707,3.0428
92.4068,0.6709,2.8914
92.4070,0.5971,2.5712
92.4072,0.6407,2.7574
92.4074,0.6594,2.8379
92.4076,0.6687,2.8795
92.4078,0.6604,2.8465
92.4080,0.6512,2.8028
92.4082,0.6651,2.8613
92.4084,0.6704,2.884
92.4086,0.6401,2.7586
92.4088,0.651,2.8017
92.4090,0.6776,2.9163
92.4092,0.6091,2.6253
92.4094,0.5915,2.5529
92.4096,0.5814,2.5071
92.4098,0.5775,2.4889
92.4100,0.5765,2.487
92.4102,0.5815,2.5064
92.4104,0.5761,2.4832
92.4106,0.6381,2.7453
92.4108,0.6458,2.7821
92.4110,0.5965,2.5722
92.4112,0.5615,2.4224
92.4114,0.548,2.3628
92.4116,0.5529,2.3818
92.4118,0.6189,2.6664
92.4120,0.5609,2.4187
92.4122,0.5243,2.261
92.4124,0.5246,2.2631
92.4126,0.5234,2.2558
92.4128,0.5263,2.2714
92.4130,0.5204,2.246
92.4132,0.5174,2.23
92.4134,0.5183,2.2341
92.4136,0.5247,2.2615
92.4138,0.5351,2.3075
92.4140,0.535,2.3059
92.4142,0.5216,2.248
92.4144,0.5541,2.3903
92.4146,0.5336,2.2986
92.4148,0.5245,2.2615
92.4150,0.576,2.4804
92.4152,0.6565,2.8255
92.4154,0.6233,2.685
92.4156,0.585,2.5202
92.4158,0.5391,2.3246
92.4160,0.5206,2.2439
92.4162,0.5203,2.2424
92.4164,0.5233,2.2563
92.4166,0.5336,2.3008
92.4168,0.5387,2.3187
92.4170,0.5372,2.3174
92.4172,0.5146,2.2181
92.4174,0.5225,2.2522
92.4176,0.5155,2.2227
92.4178,0.5088,2.1938
92.4180,0.5114,2.2021
92.4182,0.5782,2.4885
92.4184,0.5739,2.4722
92.4186,0.6209,2.6747
92.4188,0.5842,2.5155
92.4190,0.5994,2.5762
92.4192,0.659,2.835
92.4194,0.6663,2.8678
92.4196,0.6627,2.851
92.4198,0.6612,2.8443
92.4200,0.6727,2.8952
92.4202,0.6596,2.8363
92.4204,0.6632,2.8544
92.4206,0.6807,2.9256
92.4208,0.6972,2.9954
92.4210,0.7131,3.0648
92.4212,0.7421,3.194
92.4214,0.7263,3.1215
92.4216,0.6832,2.9406
92.4218,0.6553,2.8216
92.4220,0.6489,2.793
92.4222,0.6098,2.6247
92.4224,0.6212,2.6713
92.4226,0.6601,2.841
92.4228,0.6548,2.8156
92.4230,0.6831,2.9414
92.4232,0.6584,2.8324
92.4234,0.6747,2.9012
92.4236,0.7098,3.0509
92.4238,0.6634,2.8567
92.4240,0.5556,2.3959
92.4242,0.5032,2.171
92.4244,0.5008,2.1606
92.4246,0.4787,2.0649
92.4248,0.4835,2.0847
92.4250,0.5183,2.2362
92.4252,0.5289,2.2774
92.4254,0.6124,2.6368
92.4256,0.5636,2.43
92.4258,0.4952,2.1353
92.4260,0.4863,2.0971
92.4262,0.4922,2.1224
92.4264,0.5462,2.3507
92.4266,0.6203,2.6721
92.4268,0.6076,2.6125
92.4270,0.7156,3.077
92.4272,0.6142,2.6482
92.4274,0.4794,2.069
92.4276,0.4671,2.0153
92.4278,0.4663,2.0126
92.4280,0.4751,2.0475
92.4282,0.529,2.279
92.4284,0.5567,2.3972
92.4286,0.6088,2.6189
92.4288,0.6307,2.7133
92.4290,0.5734,2.4736
92.4292,0.4987,2.1513
92.4294,0.5152,2.2206
92.4296,0.5518,2.3761
92.4298,0.6324,2.7205
92.4300,0.6512,2.7989
92.4302,0.7359,3.1583
92.4304,0.7596,3.2617
92.4306,0.8004,3.4352
92.4308,0.7658,3.2854
92.4310,0.792,3.4007
92.4312,0.7853,3.3735
92.4314,0.7942,3.4105
92.4316,0.763,3.2777
92.4318,0.8194,3.5137
92.4320,0.8992,3.8538
92.4322,0.9139,3.9152
92.4324,0.9035,3.8759
92.4326,0.9082,3.896
92.4328,0.9042,3.879
92.4330,0.8955,3.8433
92.4332,0.8705,3.7327
92.4334,0.8769,3.7635
92.4336,0.8881,3.8066
92.4338,0.9312,3.9948
92.4340,0.8968,3.8507
92.4342,0.8356,3.5881
92.4344,0.8595,3.6889
92.4346,0.8353,3.5883
92.4348,0.8119,3.4894
92.4350,0.7723,3.3163
92.4352,0.8285,3.5495
92.4354,0.9553,4.0943
92.4356,0.9222,3.9617
92.4358,0.7705,3.3132
92.4360,0.7476,3.2177
92.4362,0.6766,2.9135
92.4364,0.6881,2.9576
92.4366,0.7359,3.1598
92.4368,0.7948,3.4147
92.4370,0.8068,3.463
92.4372,0.8446,3.6318
92.4374,0.7898,3.3994
92.4376,0.7257,3.1233
92.4378,0.6866,2.9536
92.4380,0.688,2.9585
92.4382,0.751,3.2261
92.4384,0.7146,3.0729
92.4386,0.6865,2.9504
92.4388,0.7487,3.2164
92.4390,0.783,3.3605
92.4392,0.8572,3.6808
92.4394,0.8694,3.7351
92.4396,0.8249,3.544
92.4398,0.7656,3.289
92.4400,0.7567,3.2539
92.4402,0.7501,3.224
92.4404,0.7939,3.4121
92.4406,0.7729,3.322
92.4408,0.758,3.2611
92.4410,0.7484,3.2183
92.4412,0.7441,3.1968
92.4414,0.7935,3.4074
92.4416,0.8494,3.649
92.4418,0.8119,3.4878
92.4420,0.8609,3.6951
92.4422,0.8951,3.8417
92.4424,0.8815,3.7906
92.4426,0.8375,3.5981
92.4428,0.8295,3.5619
92.4430,0.761,3.277
92.4432,0.6867,2.9555
92.4434,0.7017,3.0172
92.4436,0.6802,2.9331
92.4438,0.5353,2.3112
92.4440,0.5096,2.2004
92.4442,0.5101,2.2005
92.4444,0.5228,2.2542
92.4446,0.5632,2.4262
92.4448,0.6318,2.7166
92.4450,0.7175,3.091
92.4452,0.6266,2.7033
92.4454,0.5627,2.4242
92.4456,0.5977,2.5738
92.4458,0.6583,2.8345
92.4460,0.656,2.8287
92.4462,0.5672,2.4433
92.4464,0.5459,2.354
92.4466,0.5525,2.3814
92.4468,0.5673,2.4449
92.4470,0.5674,2.4443
92.4472,0.5613,2.4236
92.4474,0.5094,2.1974
92.4476,0.5381,2.3194
92.4478,0.5192,2.2408
92.4480,0.4544,1.9623
92.4482,0.4703,2.0278
92.4484,0.5251,2.2609
92.4486,0.5602,2.4167
92.4488,0.5505,2.3748
92.4490,0.5574,2.4048
92.4492,0.5146,2.2212
92.4494,0.4766,2.0581
92.4496,0.473,2.0406
92.4498,0.4743,2.0435
92.4500,0.5321,2.2903
92.4502,0.6107,2.6271
92.4504,0.6656,2.866
92.4506,0.589,2.5373
92.4508,0.5603,2.4194
92.4510,0.47,2.0296
92.4512,0.4908,2.1162
92.4514,0.4685,2.02
92.4516,0.4502,1.9432
92.4518,0.4683,2.0186
92.4520,0.5029,2.1694
92.4522,0.4543,1.9618
92.4524,0.448,1.9334
92.4526,0.45,1.9413
92.4528,0.4448,1.9191
92.4530,0.4452,1.9206
92.4532,0.4487,1.9365
92.4534,0.448,1.9325
92.4536,0.457,1.9695
92.4538,0.4507,1.9444
92.4540,0.483,2.0836
92.4542,0.5368,2.3126
92.4544,0.5808,2.5022
92.4546,0.5797,2.4998
92.4548,0.5423,2.3364
92.4550,0.5383,2.3188
92.4552,0.4968,2.143
92.4554,0.4325,1.8667
92.4556,0.4632,1.9982
92.4558,0.5218,2.247
92.4560,0.5447,2.3489
92.4562,0.486,2.0955
92.4564,0.5462,2.3551
92.4566,0.4965,2.14
92.4568,0.4773,2.0573
92.4570,0.5035,2.169
92.4572,0.5591,2.4087
92.4574,0.5663,2.4397
92.4576,0.5504,2.3721
92.4578,0.5541,2.3859
92.4580,0.5638,2.4266
92.4582,0.576,2.4804
92.4584,0.5959,2.5637
92.4586,0.5832,2.5113
92.4588,0.5271,2.2697
92.4590,0.5661,2.4375
92.4592,0.6118,2.6318
92.4594,0.6176,2.6558
92.4596,0.6574,2.8309
92.4598,0.6149,2.6452
92.4600,0.6161,2.6479
92.4602,0.6697,2.8823
92.4604,0.6339,2.7247
92.4606,0.6789,2.9193
92.4608,0.6686,2.8763
92.4610,0.6046,2.6032
92.4612,0.5682,2.4468
92.4614,0.6347,2.7278
92.4616,0.6606,2.843
92.4618,0.6189,2.6652
92.4620,0.614,2.6428
92.4622,0.5703,2.4533
92.4624,0.5782,2.4896
92.4626,0.5725,2.4642
92.4628,0.6223,2.6772
92.4630,0.6465,2.7775
92.4632,0.7191,3.0906
92.4634,0.6946,2.9882
92.4636,0.5826,2.5064
92.4638,0.6378,2.745
92.4640,0.6373,2.7429
92.4642,0.6712,2.8849
92.4644,0.6767,2.91
92.4646,0.6595,2.8358
92.4648,0.7029,3.0196
92.4650,0.7237,3.1092
92.4652,0.7886,3.38
92.4654,0.9386,4.0173
92.4656,0.9469,4.0565
92.4658,0.9249,3.9662
92.4660,0.91,3.9037
92.4662,0.9044,3.8764
92.4664,0.9122,3.908
92.4666,0.9005,3.8613
92.4668,0.8826,3.7829
92.4670,0.9313,3.9934
92.4672,0.8682,3.7264
92.4674,0.7573,3.255
92.4676,0.7493,3.2219
92.4678,0.7784,3.3425
92.4680,0.773,3.324
92.4682,0.7296,3.1315
92.4684,0.861,3.687
92.4686,0.9619,4.1188
92.4688,0.9162,3.9323
92.4690,0.8444,3.6274
92.4692,0.8271,3.5499
92.4694,0.856,3.674
92.4696,0.8125,3.4904
92.4698,0.82,3.5179
92.4700,0.9019,3.8657
92.4702,0.9197,3.9435
92.4704,0.9079,3.895
92.4706,0.8941,3.8358
92.4708,0.8399,3.6084
92.4710,0.7916,3.4039
92.4712,0.7574,3.2555
92.4714,0.7883,3.3816
92.4716,0.8451,3.6254
92.4718,0.8216,3.5328
92.4720,0.7408,3.1824
92.4722,0.8287,3.5616
92.4724,0.8547,3.6683
92.4726,0.8498,3.6472
92.4728,0.8478,3.639
92.4730,0.8173,3.5159
92.4732,0.6892,2.9678
92.4734,0.6669,2.8677
92.4736,0.7335,3.1553
92.4738,0.756,3.2523
92.4740,0.7983,3.4328
92.4742,0.809,3.4706
92.4744,0.8263,3.5529
92.4746,0.7771,3.3369
92.4748,0.8224,3.5364
92.4750,0.7727,3.3225
92.4752,0.726,3.1219
92.4754,0.7211,3.1065
92.4756,0.6745,2.9056
92.4758,0.6594,2.8366
92.4760,0.6672,2.8687
92.4762,0.7193,3.0973
92.4764,0.6818,2.9344
92.4766,0.6964,2.9946
92.4768,0.6777,2.9236
92.4770,0.5884,2.5382
92.4772,0.5939,2.5573
92.4774,0.6315,2.7194
92.4776,0.6472,2.7883
92.4778,0.6361,2.739
92.4780,0.647,2.7782
92.4782,0.8184,3.5124
92.4784,0.8076,3.4725
92.4786,0.7423,3.198
92.4788,0.6791,2.9217
92.4790,0.7174,3.0848
92.4792,0.7555,3.2503
92.4794,0.7484,3.2168
92.4796,0.7567,3.2509
92.4798,0.7809,3.3549
92.4800,0.8028,3.4471
92.4802,0.8176,3.5125
92.4804,0.7998,3.4454
92.4806,0.6778,2.9187
92.4808,0.6426,2.7682
92.4810,0.6295,2.7131
92.4812,0.6379,2.7455
92.4814,0.6447,2.7736
92.4816,0.6988,3.0049
92.4818,0.7472,3.2162
92.4820,0.7019,3.0211
92.4822,0.6944,2.9872
92.4824,0.7395,3.1811
92.4826,0.7185,3.0966
92.4828,0.5727,2.4716
92.4830,0.5368,2.3158
92.4832,0.536,2.3122
92.4834,0.5368,2.3147
92.4836,0.5391,2.3256
92.4838,0.5335,2.2992
92.4840,0.5336,2.2997
92.4842,0.5325,2.2961
92.4844,0.535,2.3048
92.4846,0.6608,2.8427
92.4848,0.6552,2.8264
92.4850,0.5435,2.3437
92.4852,0.5344,2.3044
92.4854,0.5318,2.2941
92.4856,0.5296,2.2848
92.4858,0.5315,2.292
92.4860,0.5616,2.4195
92.4862,0.5578,2.4052
92.4864,0.5314,2.2925
92.4866,0.5255,2.2672
92.4868,0.5257,2.2656
92.4870,0.5289,2.2785
92.4872,0.6138,2.6418
92.4874,0.6654,2.8637
92.4876,0.6351,2.7336
92.4878,0.6413,2.7599
92.4880,0.6288,2.7088
92.4882,0.5857,2.5233
92.4884,0.6452,2.777
92.4886,0.6808,2.9289
92.4888,0.6529,2.8113
92.4890,0.5981,2.5778
92.4892,0.5776,2.4894
92.4894,0.5761,2.4786
92.4896,0.6903,2.9655
92.4898,0.7143,3.0714
92.4900,0.6469,2.7855
92.4902,0.6375,2.7465
92.4904,0.5928,2.5538
92.4906,0.5899,2.5367
92.4908,0.6716,2.8892
92.4910,0.6838,2.9445
92.4912,0.6835,2.9402
92.4914,0.6779,2.9206
92.4916,0.5746,2.4753
92.4918,0.5302,2.2884
92.4920,0.4953,2.1368
92.4922,0.5245,2.2573
92.4924,0.6064,2.611
92.4926,0.5965,2.5663
92.4928,0.6837,2.9372
92.4930,0.7199,3.1028
92.4932,0.5578,2.4075
92.4934,0.4868,2.1021
92.4936,0.4735,2.0436
92.4938,0.4636,2.0016
92.4940,0.4649,2.0073
92.4942,0.464,2.0009
92.4944,0.463,1.9972
92.4946,0.4656,2.0095
92.4948,0.4658,2.0105
92.4950,0.4631,1.9968
92.4952,0.4638,2.0008
92.4954,0.4698,2.0276
92.4956,0.4691,2.0226
92.4958,0.4743,2.0463
92.4960,0.5049,2.1762
92.4962,0.5766,2.4818
92.4964,0.6028,2.5991
92.4966,0.5354,2.3064
92.4968,0.6031,2.5958
92.4970,0.6495,2.7917
92.4972,0.6761,2.9088
92.4974,0.6691,2.8783
92.4976,0.6929,2.9754
92.4978,0.7727,3.3163
92.4980,0.7871,3.3796
92.4982,0.7047,3.0301
92.4984,0.7747,3.3204
92.4986,0.9669,4.1365
92.4988,1.0149,4.3457
92.4990,0.9851,4.2184
92.4992,0.9892,4.2358
92.4994,1.0237,4.3775
92.4996,1.0344,4.4211
92.4998,1.0264,4.4032
92.5000,0.8992,3.8592
92.5002,0.914,3.9157
92.5004,0.9585,4.1063
92.5006,0.9335,4.0083
92.5008,0.8704,3.7322
92.5010,0.9112,3.9034
92.5012,0.9211,3.946
92.5014,0.9258,3.9698
92.5016,0.976,4.1793
92.5018,1.0799,4.6197
92.5020,1.0588,4.5357
92.5022,1.0312,4.4217
92.5024,1.0139,4.3416
92.5026,1.0735,4.5903
92.5028,1.1131,4.7662
92.5030,1.0582,4.5395
92.5032,0.9772,4.1923
92.5034,0.9582,4.1143
92.5036,0.873,3.7488
92.5038,0.8068,3.471
92.5040,0.7416,3.1919
92.5042,0.7265,3.1225
92.5044,0.7101,3.0548
92.5046,0.7466,3.2106
92.5048,0.8203,3.5206
92.5050,0.8879,3.8091
92.5052,0.8464,3.6345
92.5054,0.7883,3.3879
92.5056,0.77,3.3096
92.5058,0.7873,3.3854
92.5060,0.7247,3.1162
92.5062,0.733,3.1533
92.5064,0.7355,3.17
92.5066,0.6633,2.8549
92.5068,0.712,3.0616
92.5070,0.7679,3.3034
92.5072,0.7881,3.389
92.5074,0.7742,3.3307
92.5076,0.6807,2.9338
92.5078,0.6896,2.9652
92.5080,0.7902,3.3962
92.5082,0.7855,3.3808
92.5084,0.7206,3.1001
92.5086,0.7104,3.0577
92.5088,0.6908,2.9717
92.5090,0.7495,3.2245
92.5092,0.7384,3.1794
92.5094,0.6875,2.9592
92.5096,0.6501,2.8046
92.5098,0.596,2.5713
92.5100,0.6072,2.6146
92.5102,0.6648,2.8611
92.5104,0.7183,3.0875
92.5106,0.7475,3.2142
92.5108,0.7354,3.168
92.5110,0.6157,2.6525
92.5112,0.6296,2.7111
92.5114,0.6942,2.9936
92.5116,0.6116,2.6386
92.5118,0.5939,2.5573
92.5120,0.6341,2.7315
92.5122,0.5977,2.5762
92.5124,0.5992,2.5836
92.5126,0.5255,2.2693
92.5128,0.4982,2.1512
92.5130,0.5161,2.2263
92.5132,0.5396,2.3266
92.5134,0.5784,2.4965
92.5136,0.5128,2.2113
92.5138,0.5014,2.1662
92.5140,0.4488,1.9388
92.5142,0.4494,1.9414
92.5144,0.4392,1.8974
92.5146,0.5056,2.1813
92.5148,0.5183,2.2393
92.5150,0.4775,2.0588
92.5152,0.5204,2.2449
92.5154,0.5126,2.2144
92.5156,0.4464,1.9276
92.5158,0.438,1.8905
92.5160,0.4439,1.9158
92.5162,0.4516,1.9489
92.5164,0.4427,1.9115
92.5166,0.461,1.9907
92.5168,0.4451,1.921
92.5170,0.4664,2.0112
92.5172,0.511,2.2046
92.5174,0.4743,2.0473
92.5176,0.4367,1.8839
92.5178,0.4691,2.0226
92.5180,0.505,2.1787
92.5182,0.4926,2.1269
92.5184,0.504,2.1721
92.5186,0.5559,2.3936
92.5188,0.5729,2.4692
92.5190,0.5743,2.4743
92.5192,0.5731,2.468
92.5194,0.5995,2.5816
92.5196,0.6172,2.6599
92.5198,0.6052,2.6058
92.5200,0.641,2.7564
92.5202,0.6723,2.8909
92.5204,0.7151,3.0793
92.5206,0.6728,2.8943
92.5208,0.6773,2.9126
92.5210,0.6779,2.9179
92.5212,0.665,2.8595
92.5214,0.7125,3.0636
92.5216,0.6529,2.81
92.5218,0.6314,2.7189
92.5220,0.6271,2.7003
92.5222,0.5964,2.5705
92.5224,0.4861,2.097
92.5226,0.4522,1.9506
92.5228,0.4562,1.97
92.5230,0.4537,1.9592
92.5232,0.467,2.0148
92.5234,0.4488,1.9379
92.5236,0.4779,2.0599
92.5238,0.5231,2.2548
92.5240,0.5254,2.2635
92.5242,0.5621,2.4193
92.5244,0.6042,2.5993
92.5246,0.6359,2.7367
92.5248,0.595,2.5631
92.5250,0.582,2.5073
92.5252,0.6061,2.6099
92.5254,0.5773,2.4849
92.5256,0.5885,2.5341
92.5258,0.6367,2.7378
92.5260,0.7188,3.091
92.5262,0.7028,3.0191
92.5264,0.7773,3.3364
92.5266,0.8094,3.4802
92.5268,0.6686,2.8803
92.5270,0.5854,2.5218
92.5272,0.5535,2.3844
92.5274,0.5416,2.3343
92.5276,0.5361,2.3063
92.5278,0.6216,2.6815
92.5280,0.5026,2.1684
92.5282,0.4915,2.1193
92.5284,0.4867,2.0996
92.5286,0.4934,2.1256
92.5288,0.5608,2.4148
92.5290,0.6108,2.6289
92.5292,0.6028,2.5955
92.5294,0.5824,2.5066
92.5296,0.6789,2.9193
92.5298,0.7213,3.1032
92.5300,0.6842,2.942
92.5302,0.6886,2.9624
92.5304,0.6421,2.7648
92.5306,0.6146,2.6466
92.5308,0.6199,2.6668
92.5310,0.6308,2.7138
92.5312,0.6727,2.8938
92.5314,0.7065,3.0379
92.5316,0.7367,3.159
92.5318,0.8464,3.6311
92.5320,0.8824,3.7836
92.5322,0.869,3.7278
92.5324,0.788,3.3853
92.5326,0.7537,3.2395
92.5328,0.7495,3.223
92.5330,0.7512,3.2317
92.5332,0.76,3.2617
92.5334,0.8636,3.7064
92.5336,0.8695,3.7286
92.5338,0.9077,3.8939
92.5340,0.8271,3.5499
92.5342,0.8733,3.7411
92.5344,0.9558,4.0964
92.5346,0.8755,3.7596
92.5348,0.8307,3.567
92.5350,0.8446,3.6284
92.5352,0.82,3.5196
92.5354,0.8282,3.5546
92.5356,0.813,3.4892
92.5358,0.8327,3.5808
92.5360,0.7562,3.2488
92.5362,0.7817,3.3564
92.5364,0.821,3.527
92.5366,0.7957,3.4199
92.5368,0.7711,3.3142
92.5370,0.7813,3.3549
92.5372,0.8349,3.5784
92.5374,0.9215,3.9476
92.5376,0.9331,4.0049
92.5378,0.9216,3.9536
92.5380,0.9753,4.1821
92.5382,0.9184,3.9397
92.5384,0.9632,4.1283
92.5386,0.9626,4.1238
92.5388,0.9715,4.1618
92.5390,0.9455,4.0579
92.5392,0.8966,3.8466
92.5394,0.9455,4.056
92.5396,0.9432,4.0462
92.5398,0.8883,3.8106
92.5400,0.8845,3.7929
92.5402,0.921,3.9455
92.5404,0.9934,4.2598
92.5406,0.9917,4.2565
92.5408,0.8944,3.8422
92.5410,0.8285,3.5611
92.5412,0.8493,3.6417
92.5414,0.9631,4.1277
92.5416,0.9453,4.0592
92.5418,0.8851,3.8043
92.5420,0.85,3.6465
92.5422,0.9278,3.9841
92.5424,0.8965,3.8515
92.5426,0.8943,3.8417
92.5428,0.8203,3.5222
92.5430,0.8781,3.7669
92.5432,0.9194,3.9425
92.5434,0.9239,3.9671
92.5436,0.8353,3.5966
92.5438,0.7644,3.29
92.5440,0.7669,3.2947
92.5442,0.8389,3.6037
92.5444,0.857,3.6832
92.5446,0.8537,3.6642
92.5448,0.8881,3.8083
92.5450,0.9041,3.8767
92.5452,0.9421,4.0435
92.5454,0.9371,4.0293
92.5456,0.8026,3.4514
92.5458,0.7913,3.3992
92.5460,0.814,3.4971
92.5462,0.821,3.5352
92.5464,0.6808,2.933
92.5466,0.6085,2.6276
92.5468,0.5433,2.347
92.5470,0.5381,2.3226
92.5472,0.5338,2.3018
92.5474,0.5788,2.4899
92.5476,0.7483,3.2163
92.5478,0.751,3.2367
92.5480,0.6062,2.6153
92.5482,0.5408,2.334
92.5484,0.5543,2.3891
92.5486,0.6201,2.6716
92.5488,0.6109,2.6343
92.5490,0.5854,2.5253
92.5492,0.5447,2.3478
92.5494,0.5438,2.3458
92.5496,0.5435,2.3448
92.5498,0.5794,2.4948
92.5500,0.6584,2.8364
92.5502,0.6558,2.825
92.5504,0.6553,2.8269
92.5506,0.5747,2.4735
92.5508,0.7116,3.06
92.5510,0.6948,2.9948
92.5512,0.5562,2.4007
92.5514,0.5439,2.3463
92.5516,0.5444,2.3484
92.5518,0.544,2.3469
92.5520,0.5327,2.2982
92.5522,0.563,2.4297
92.5524,0.5263,2.2703
92.5526,0.5524,2.3809
92.5528,0.6138,2.6442
92.5530,0.6483,2.793
92.5532,0.6345,2.7349
92.5534,0.6354,2.7347
92.5536,0.6917,2.9758
92.5538,0.7241,3.1151
92.5540,0.7465,3.2101
92.5542,0.7245,3.1152
92.5544,0.76,3.2617
92.5546,0.7839,3.3741
92.5548,0.6567,2.8291
92.5550,0.6417,2.7684
92.5552,0.6288,2.7088
92.5554,0.6265,2.699
92.5556,0.6378,2.7463
92.5558,0.7254,3.1222
92.5560,0.7002,3.0111
92.5562,0.7133,3.0658
92.5564,0.7222,3.1097
92.5566,0.6842,2.9447
92.5568,0.6869,2.9593
92.5570,0.6666,2.8728
92.5572,0.6565,2.8268
92.5574,0.6818,2.9316
92.5576,0.7431,3.1936
92.5578,0.7633,3.2823
92.5580,0.7853,3.375
92.5582,0.8265,3.549
92.5584,0.8841,3.7908
92.5586,0.9821,4.2095
92.5588,1.0032,4.3059
92.5590,0.903,3.8757
92.5592,0.8791,3.7715
92.5594,0.888,3.8078
92.5596,0.9308,3.9951
92.5598,0.8727,3.7507
92.5600,0.8493,3.6468
92.5602,0.8476,3.643
92.5604,0.8225,3.5353
92.5606,0.9062,3.895
92.5608,0.8565,3.676
92.5610,0.8416,3.6173
92.5612,0.7871,3.3812
92.5614,0.809,3.4722
92.5616,0.9014,3.869
92.5618,0.9038,3.8811
92.5620,0.8662,3.7212
92.5622,0.8524,3.6602
92.5624,0.8293,3.5609
92.5626,0.8188,3.5193
92.5628,0.852,3.657
92.5630,0.8853,3.8013
92.5632,0.8656,3.7151
92.5634,0.91,3.9092
92.5636,0.8434,3.6267
92.5638,0.8018,3.4446
92.5640,0.808,3.4665
92.5642,0.914,3.923
92.5644,0.9168,3.933
92.5646,0.9586,4.1145
92.5648,0.9578,4.1109
92.5650,0.9046,3.8878
92.5652,0.8161,3.5107
92.5654,0.7435,3.2002
92.5656,0.7357,3.1637
92.5658,0.7787,3.3498
92.5660,0.7859,3.3808
92.5662,0.7785,3.354
92.5664,0.726,3.1205
92.5666,0.8276,3.5553
92.5668,0.8349,3.5884
92.5670,0.8841,3.7926
92.5672,0.927,3.9823
92.5674,0.9457,4.0551
92.5676,0.9748,4.182
92.5678,0.9655,4.1419
92.5680,1.0297,4.4135
92.5682,1.073,4.5947
92.5684,1.0651,4.5608
92.5686,1.0904,4.6713
92.5688,1.1173,4.7886
92.5690,1.0465,4.4875
92.5692,0.9399,4.0417
92.5694,0.8748,3.76
92.5696,0.8478,3.6491
92.5698,0.7736,3.3281
92.5700,0.7674,3.2998
92.5702,0.819,3.5231
92.5704,0.8344,3.588
92.5706,0.8474,3.6403
92.5708,0.873,3.7505
92.5710,0.8831,3.7903
92.5712,0.9085,3.9048
92.5714,0.8891,3.8178
92.5716,0.8919,3.8385
92.5718,0.7753,3.3354
92.5720,0.756,3.2568
92.5722,0.7386,3.1819
92.5724,0.7291,3.1426
92.5726,0.7006,3.0182
92.5728,0.7325,3.1556
92.5730,0.7719,3.3163
92.5732,0.7969,3.4282
92.5734,0.7542,3.2446
92.5736,0.7477,3.2212
92.5738,0.7166,3.0855
92.5740,0.7691,3.307
92.5742,0.8307,3.572
92.5744,0.8198,3.5317
92.5746,0.7264,3.1278
92.5748,0.7457,3.2065
92.5750,0.8603,3.7011
92.5752,0.7578,3.2646
92.5754,0.7186,3.0928
92.5756,0.8215,3.529
92.5758,0.8649,3.7172
92.5760,0.8193,3.523
92.5762,0.7851,3.3855
92.5764,0.6583,2.8385
92.5766,0.6259,2.6989
92.5768,0.6324,2.723
92.5770,0.6711,2.8925
92.5772,0.6884,2.9669
92.5774,0.7242,3.1142
92.5776,0.7889,3.3968
92.5778,0.7321,3.157
92.5780,0.6706,2.8891
92.5782,0.6779,2.9165
92.5784,0.7403,3.1847
92.5786,0.7329,3.1586
92.5788,0.75,3.231
92.5790,0.7183,3.0961
92.5792,0.6728,2.897
92.5794,0.7086,3.0571
92.5796,0.6097,2.6254
92.5798,0.6835,2.9389
92.5800,0.7608,3.279
92.5802,0.6122,2.6424
92.5804,0.5759,2.4856
92.5806,0.5748,2.4786
92.5808,0.6833,2.9411
92.5810,0.7381,3.1799
92.5812,0.6475,2.7894
92.5814,0.6489,2.7982
92.5816,0.6363,2.7401
92.5818,0.6547,2.8243
92.5820,0.5588,2.4149
92.5822,0.512,2.2128
92.5824,0.5106,2.2025
92.5826,0.551,2.3813
92.5828,0.499,2.1549
92.5830,0.5056,2.1833
92.5832,0.4942,2.1352
92.5834,0.4975,2.1501
92.5836,0.5134,2.2191
92.5838,0.5038,2.1746
92.5840,0.5939,2.5597
92.5842,0.6012,2.5888
92.5844,0.6324,2.7281
92.5846,0.5887,2.5398
92.5848,0.5779,2.4898
92.5850,0.629,2.7086
92.5852,0.6718,2.8942
92.5854,0.6634,2.8567
92.5856,0.6591,2.8408
92.5858,0.5823,2.5119
92.5860,0.5649,2.4369
92.5862,0.5631,2.4268
92.5864,0.5642,2.4326
92.5866,0.5649,2.4369
92.5868,0.5782,2.492
92.5870,0.6287,2.707
92.5872,0.6645,2.8614
92.5874,0.6885,2.9647
92.5876,0.6866,2.9578
92.5878,0.6679,2.8745
92.5880,0.6815,2.9347
92.5882,0.6799,2.9261
92.5884,0.698,3.0054
92.5886,0.6668,2.8752
92.5888,0.6225,2.6782
92.5890,0.677,2.9164
92.5892,0.6636,2.8586
92.5894,0.6253,2.6963
92.5896,0.5776,2.4894
92.5898,0.5916,2.5475
92.5900,0.6691,2.8823
92.5902,0.6606,2.843
92.5904,0.7112,3.0594
92.5906,0.7451,3.2039
92.5908,0.7989,3.4338
92.5910,0.7941,3.4116
92.5912,0.8206,3.5271
92.5914,0.7525,3.2419
92.5916,0.718,3.0902
92.5918,0.755,3.2452
92.5920,0.8254,3.5444
92.5922,0.8428,3.6207
92.5924,0.8661,3.7172
92.5926,0.895,3.8358
92.5928,0.9294,3.9945
92.5930,0.8451,3.6322
92.5932,0.8109,3.4853
92.5934,0.7947,3.4189
92.5936,0.7921,3.4123
92.5938,0.6625,2.8566
92.5940,0.5826,2.5122
92.5942,0.6139,2.6472
92.5944,0.603,2.5965
92.5946,0.6682,2.8761
92.5948,0.6446,2.7783
92.5950,0.6019,2.5955
92.5952,0.6024,2.5976
92.5954,0.5976,2.5745
92.5956,0.6399,2.7568
92.5958,0.6558,2.8224
92.5960,0.7252,3.1212
92.5962,0.6725,2.892
92.5964,0.7652,3.2874
92.5966,0.796,3.4278
92.5968,0.6833,2.9452
92.5970,0.6826,2.938
92.5972,0.7386,3.179
92.5974,0.7531,3.2369
92.5976,0.8537,3.6659
92.5978,0.8999,3.8533
92.5980,1.0127,4.3365
92.5982,1.0733,4.5936
92.5984,1.0946,4.6915
92.5986,1.0734,4.5984
92.5988,1.0588,4.5378
92.5990,1.0036,4.3014
92.5992,1.092,4.6736
92.5994,1.0805,4.6352
92.5996,0.939,4.0301
92.5998,0.9857,4.2229
92.6000,1.0749,4.6072
92.6002,1.079,4.629
92.6004,0.9988,4.2769
92.6006,1.1066,4.7363
92.6008,1.1077,4.7453
92.6010,1.0681,4.5779
92.6012,1.0241,4.3914
92.6014,1.0469,4.487
92.6016,1.101,4.7231
92.6018,1.0561,4.535
92.6020,0.9252,3.9709
92.6022,0.8952,3.8458
92.6024,0.9082,3.8996
92.6026,0.9478,4.0701
92.6028,0.9821,4.2153
92.6030,0.9829,4.2184
92.6032,0.9543,4.0998
92.6034,0.9543,4.096
92.6036,0.9604,4.1184
92.6038,0.9866,4.2344
92.6040,0.9794,4.2094
92.6042,0.8951,3.8507
92.6044,0.8624,3.7081
92.6046,0.8234,3.5439
92.6048,0.7706,3.3183
92.6050,0.7735,3.3292
92.6052,0.7922,3.4065
92.6054,0.7923,3.4102
92.6056,0.8259,3.553
92.6058,0.7813,3.3674
92.6060,0.7219,3.1087
92.6062,0.7073,3.0485
92.6064,0.7022,3.0249
92.6066,0.7486,3.2233
92.6068,0.7711,3.3173
92.6070,0.7755,3.3348
92.6072,0.8236,3.5449
92.6074,0.8228,3.538
92.6076,0.824,3.5415
92.6078,0.8371,3.5993
92.6080,0.8296,3.569
92.6082,0.8211,3.5308
92.6084,0.8425,3.6192
92.6086,0.8887,3.8216
92.6088,0.764,3.2884
92.6090,0.7016,3.028
92.6092,0.6561,2.8279
92.6094,0.6897,2.9712
92.6096,0.6698,2.8868
92.6098,0.6516,2.8082
92.6100,0.6464,2.7847
92.6102,0.6409,2.7622
92.6104,0.6535,2.81
92.6106,0.8471,3.6443
92.6108,0.826,3.5569
92.6110,0.7488,3.2229
92.6112,0.7494,3.2284
92.6114,0.7397,3.1896
92.6116,0.6621,2.8537
92.6118,0.6439,2.7752
92.6120,0.668,2.8817
92.6122,0.6694,2.8826
92.6124,0.7089,3.0567
92.6126,0.6194,2.6685
92.6128,0.6674,2.8805
92.6130,0.5619,2.4262
92.6132,0.5391,2.3289
92.6134,0.5458,2.3557
92.6136,0.5338,2.3029
92.6138,0.5433,2.3437
92.6140,0.6032,2.6024
92.6142,0.5891,2.5425
92.6144,0.5339,2.3066
92.6146,0.5221,2.2553
92.6148,0.5125,2.2129
92.6150,0.511,2.2056
92.6152,0.5143,2.2196
92.6154,0.5236,2.261
92.6156,0.5188,2.2403
92.6158,0.542,2.3381
92.6160,0.5528,2.3868
92.6162,0.5282,2.2807
92.6164,0.5561,2.4002
92.6166,0.5516,2.3794
92.6168,0.548,2.3639
92.6170,0.6017,2.5921
92.6172,0.6166,2.6623
92.6174,0.557,2.4038
92.6176,0.5681,2.4485
92.6178,0.5903,2.543
92.6180,0.6487,2.7958
92.6182,0.664,2.858
92.6184,0.7679,3.3034
92.6186,0.751,3.2291
92.6188,0.7398,3.1871
92.6190,0.714,3.0775
92.6192,0.6136,2.6456
92.6194,0.5988,2.5797
92.6196,0.6938,2.9888
92.6198,0.6827,2.9371
92.6200,0.6953,2.9913
92.6202,0.7481,3.2138
92.6204,0.8621,3.7054
92.6206,0.8663,3.7234
92.6208,0.8281,3.5574
92.6210,0.8223,3.5326
92.6212,0.8722,3.7434
92.6214,0.8945,3.8499
92.6216,0.6746,2.9115
92.6218,0.5125,2.2098
92.6220,0.6513,2.8033
92.6222,0.6937,2.9855
92.6224,0.7378,3.1724
92.6226,0.7595,3.2688
92.6228,0.7231,3.1139
92.6230,0.7037,3.0316
92.6232,0.7083,3.047
92.6234,0.7883,3.3863
92.6236,0.8835,3.7953
92.6238,0.8743,3.7614
92.6240,0.7669,3.3039
92.6242,0.6544,2.8167
92.6244,0.698,3.0068
92.6246,0.6703,2.8875
92.6248,0.6703,2.8835
92.6250,0.7294,3.1393
92.6252,0.736,3.1691
92.6254,0.7326,3.1547
92.6256,0.6974,3.0043
92.6258,0.5815,2.5099
92.6260,0.4948,2.1348
92.6262,0.4841,2.0902
92.6264,0.4842,2.0897
92.6266,0.4845,2.0922
92.6268,0.4873,2.1032
92.6270,0.4871,2.1031
92.6272,0.4835,2.0876
92.6274,0.4933,2.129
92.6276,0.4845,2.0913
92.6278,0.4889,2.1089
92.6280,0.4954,2.1374
92.6282,0.4664,2.015
92.6284,0.504,2.1711
92.6286,0.6019,2.5931
92.6288,0.6343,2.7313
92.6290,0.6042,2.6065
92.6292,0.5525,2.3792
92.6294,0.6136,2.6444
92.6296,0.5547,2.3896
92.6298,0.6168,2.6559
92.6300,0.6739,2.9003
92.6302,0.7028,3.0219
92.6304,0.7686,3.3034
92.6306,0.7907,3.3982
92.6308,0.8567,3.677
92.6310,0.9065,3.8906
92.6312,0.8335,3.5805
92.6314,0.8269,3.5506
92.6316,0.8502,3.651
92.6318,0.8514,3.6561
92.6320,0.9167,3.9344
92.6322,0.9281,3.9795
92.6324,0.9558,4.0964
92.6326,0.9783,4.193
92.6328,0.946,4.0642
92.6330,0.908,3.8937
92.6332,0.9769,4.1868
92.6334,0.9277,3.9854
92.6336,0.8163,3.5036
92.6338,0.8353,3.5883
92.6340,0.8371,3.5977
92.6342,0.8349,3.5884
92.6344,0.8289,3.561
92.6346,0.861,3.6938
92.6348,0.9343,4.0137
92.6350,0.8574,3.6853
92.6352,0.8588,3.6824
92.6354,0.9391,4.0287
92.6356,0.941,4.0426
92.6358,0.8206,3.5254
92.6360,0.8658,3.7196
92.6362,0.8237,3.5421
92.6364,0.8282,3.5579
92.6366,0.8576,3.6806
92.6368,0.8855,3.8041
92.6370,0.8433,3.6245
92.6372,0.8242,3.5442
92.6374,0.7907,3.3998
92.6376,0.8279,3.5568
92.6378,0.877,3.7658
92.6380,0.8994,3.8621
92.6382,0.938,4.0222
92.6384,0.9984,4.2853
92.6386,0.9108,3.911
92.6388,0.8908,3.825
92.6390,0.9179,3.9413
92.6392,0.9757,4.1856
92.6394,0.9837,4.222
92.6396,0.8922,3.8383
92.6398,0.8271,3.5565
92.6400,0.794,3.4127
92.6402,0.7829,3.3632
92.6404,0.7889,3.4
92.6406,0.6975,3.0048
92.6408,0.6861,2.9543
92.6410,0.6958,2.9975
92.6412,0.7044,3.0305
92.6414,0.7188,3.0938
92.6416,0.7476,3.2177
92.6418,0.7482,3.2188
92.6420,0.7655,3.2869
92.6422,0.8536,3.6688
92.6424,0.8658,3.7231
92.6426,0.8845,3.8
92.6428,0.8336,3.5861
92.6430,0.7601,3.2699
92.6432,0.8145,3.5024
92.6434,0.8029,3.4556
92.6436,0.7307,3.1449
92.6438,0.7211,3.1051
92.6440,0.6909,2.9791
92.6442,0.6307,2.7196
92.6444,0.6139,2.6472
92.6446,0.6405,2.7594
92.6448,0.6841,2.9455
92.6450,0.6776,2.9244
92.6452,0.5794,2.4971
92.6454,0.5946,2.5628
92.6456,0.5759,2.4867
92.6458,0.5251,2.2672
92.6460,0.5795,2.4953
92.6462,0.6764,2.9112
92.6464,0.717,3.0861
92.6466,0.777,3.3379
92.6468,0.8397,3.6124
92.6470,0.742,3.1964
92.6472,0.6559,2.8282
92.6474,0.651,2.8044
92.6476,0.6707,2.8936
92.6478,0.6374,2.7447
92.6480,0.5958,2.5691
92.6482,0.5935,2.5605
92.6484,0.6387,2.7491
92.6486,0.635,2.7433
92.6488,0.5019,2.1693
92.6490,0.4785,2.0673
92.6492,0.4751,2.0504
92.6494,0.5038,2.1736
92.6496,0.5683,2.4507
92.6498,0.6002,2.5871
92.6500,0.6013,2.5917
92.6502,0.5518,2.3827
92.6504,0.4749,2.0518
92.6506,0.474,2.0486
92.6508,0.4731,2.044
92.6510,0.4751,2.0504
92.6512,0.4793,2.0675
92.6514,0.4785,2.0654
92.6516,0.4794,2.07
92.6518,0.4877,2.1047
92.6520,0.4872,2.1046
92.6522,0.4765,2.0566
92.6524,0.504,2.1741
92.6526,0.5476,2.3613
92.6528,0.5971,2.5724
92.6530,0.6012,2.5936
92.6532,0.5874,2.5341
92.6534,0.4821,2.0819
92.6536,0.4722,2.0389
92.6538,0.4729,2.0429
92.6540,0.4893,2.1139
92.6542,0.4719,2.0388
92.6544,0.4597,1.9841
92.6546,0.4902,2.1156
92.6548,0.4784,2.0639
92.6550,0.4619,1.9934
92.6552,0.4598,1.981
92.6554,0.5706,2.4617
92.6556,0.5197,2.2439
92.6558,0.503,2.1699
92.6560,0.4939,2.1316
92.6562,0.4962,2.1415
92.6564,0.5359,2.3074
92.6566,0.6504,2.794
92.6568,0.7243,3.1118
92.6570,0.7514,3.2297
92.6572,0.7446,3.2003
92.6574,0.7833,3.3684
92.6576,0.7692,3.306
92.6578,0.8004,3.4352
92.6580,0.8351,3.5827
92.6582,0.8674,3.7263
92.6584,0.889,3.8066
92.6586,0.9403,4.0357
92.6588,0.8401,3.6072
92.6590,0.8403,3.6082
92.6592,0.9008,3.861
92.6594,1.0152,4.3452
92.6596,1.0602,4.5377
92.6598,1.0578,4.5232
92.6600,1.1336,4.8517
92.6602,1.1389,4.872
92.6604,1.1386,4.8733
92.6606,1.0802,4.6298
92.6608,1.018,4.3611
92.6610,1.0169,4.3585
92.6612,0.9964,4.2726
92.6614,0.9453,4.0536
92.6616,0.9246,3.9702
92.6618,0.853,3.6645
92.6620,0.8277,3.5575
92.6622,0.8566,3.6834
92.6624,0.8145,3.4959
92.6626,0.8911,3.8212
92.6628,0.9531,4.0832
92.6630,1.0399,4.4509
92.6632,1.0691,4.5799
92.6634,1.0356,4.4387
92.6636,1.014,4.3462
92.6638,1.0528,4.5079
92.6640,1.1373,4.8608
92.6642,1.185,5.0695
92.6644,1.1642,4.9756
92.6646,1.2669,5.4097
92.6648,1.3335,5.6939
92.6650,1.1263,4.8227
92.6652,1.1505,4.9241
92.6654,1.105,4.7362
92.6656,1.0856,4.653
92.6658,1.0915,4.6694
92.6660,1.1458,4.9087
92.6662,1.1178,4.7929
92.6664,1.121,4.8001
92.6666,1.2101,5.1695
92.6668,1.2716,5.4348
92.6670,1.3404,5.7209
92.6672,1.3781,5.8871
92.6674,1.3536,5.7718
92.6676,1.3627,5.8243
92.6678,1.2981,5.548
92.6680,1.3277,5.6667
92.6682,1.3735,5.8676
92.6684,1.2955,5.5368
92.6686,1.2811,5.4701
92.6688,1.353,5.7828
92.6690,1.3764,5.8772
92.6692,1.4035,5.9985
92.6694,1.3667,5.8357
92.6696,1.383,5.9026
92.6698,1.4198,6.0654
92.6700,1.3881,5.9329
92.6702,1.3067,5.5902
92.6704,1.2911,5.5209
92.6706,1.3049,5.5851
92.6708,1.3224,5.6653
92.6710,1.2507,5.3481
92.6712,1.2748,5.4614
92.6714,1.242,5.3157
92.6716,1.2565,5.3803
92.6718,1.2722,5.4475
92.6720,1.224,5.2485
92.6722,1.2028,5.1502
92.6724,1.2766,5.464
92.6726,1.2935,5.5389
92.6728,1.235,5.2908
92.6730,1.2132,5.1973
92.6732,1.1564,4.9608
92.6734,1.1089,4.7638
92.6736,1.0781,4.6271
92.6738,1.0969,4.7079
92.6740,1.1332,4.8615
92.6742,1.2014,5.147
92.6744,1.233,5.2796
92.6746,1.2666,5.4259
92.6748,1.2753,5.466
92.6750,1.289,5.5246
92.6752,1.2553,5.3776
92.6754,1.2261,5.2626
92.6756,1.1776,5.0471
92.6758,1.2088,5.1832
92.6760,1.1929,5.1177
92.6762,1.1879,5.1008
92.6764,1.156,4.9546
92.6766,1.2192,5.223
92.6768,1.3228,5.6668
92.6770,1.311,5.6139
92.6772,1.3278,5.6751
92.6774,1.3309,5.7177
92.6776,1.104,4.7426
92.6778,1.0693,4.598
92.6780,1.1306,4.8457
92.6782,1.3148,5.6351
92.6784,1.3409,5.7337
92.6786,1.3642,5.8386
92.6788,1.3224,5.6627
92.6790,1.2994,5.5615
92.6792,1.3202,5.6529
92.6794,1.3168,5.6464
92.6796,1.304,5.581
92.6798,1.3408,5.7358
92.6800,1.3621,5.8271
92.6802,1.3895,5.9469
92.6804,1.3746,5.8832
92.6806,1.3694,5.8584
92.6808,1.3877,5.942
92.6810,1.3953,5.9748
92.6812,1.3939,5.9714
92.6814,1.42,6.0635
92.6816,1.4803,6.3418
92.6818,1.4194,6.0752
92.6820,1.4374,6.1493
92.6822,1.4347,6.1404
92.6824,1.4438,6.1822
92.6826,1.3752,5.8886
92.6828,1.3857,5.9365
92.6830,1.3935,5.9615
92.6832,1.4502,6.2071
92.6834,1.4052,6.0169
92.6836,1.4034,6.0148
92.6838,1.3922,5.9615
92.6840,1.3968,5.9838
92.6842,1.2985,5.5755
92.6844,1.1661,5.0118
92.6846,1.1095,4.773
92.6848,1.1131,4.7796
92.6850,1.167,5.0183
92.6852,1.1175,4.812
92.6854,1.0935,4.7
92.6856,1.127,4.8348
92.6858,1.223,5.2492
92.6860,1.2552,5.3872
92.6862,1.2663,5.4376
92.6864,1.2748,5.4639
92.6866,1.2425,5.3401
92.6868,1.1452,4.9244
92.6870,1.1368,4.8906
92.6872,1.0911,4.6962
92.6874,1.055,4.543
92.6876,1.0429,4.4909
92.6878,1.0299,4.4366
92.6880,1.0856,4.6616
92.6882,1.1815,5.0759
92.6884,1.1754,5.0496
92.6886,1.1752,5.051
92.6888,1.1681,5.0229
92.6890,1.1475,4.9388
92.6892,1.1736,5.0419
92.6894,1.2555,5.3962
92.6896,1.2059,5.1732
92.6898,1.1783,5.0714
92.6900,1.0233,4.4082
92.6902,0.9174,3.9558
92.6904,0.9833,4.2323
92.6906,1.0674,4.5962
92.6908,1.0443,4.4945
92.6910,1.0823,4.6559
92.6912,1.1134,4.79
92.6914,1.0392,4.4811
92.6916,0.9719,4.1949
92.6918,0.868,3.748
92.6920,0.8146,3.5192
92.6922,0.8475,3.6578
92.6924,0.9277,3.9928
92.6926,1.0728,4.613
92.6928,1.0656,4.5927
92.6930,0.9857,4.2505
92.6932,0.9215,3.9734
92.6934,0.842,3.639
92.6936,0.7779,3.3638
92.6938,0.7608,3.2866
92.6940,0.7595,3.2779
92.6942,0.8688,3.7412
92.6944,0.9749,4.204
92.6946,0.8609,3.7157
92.6948,0.8384,3.6134
92.6950,0.939,4.047
92.6952,0.9524,4.0972
92.6954,1.0662,4.5846
92.6956,1.1233,4.8323
92.6958,1.0747,4.6169
92.6960,1.1747,5.0325
92.6962,1.3218,5.6548
92.6964,1.4434,6.198
92.6966,1.171,5.0353
92.6968,1.0835,4.6697
92.6970,0.9839,4.2349
92.6972,1.083,4.6525
92.6974,1.1332,4.8729
92.6976,1.0994,4.7209
92.6978,1.2265,5.2617
92.6980,1.257,5.3924
92.6982,1.2419,5.3325
92.6984,1.247,5.3497
92.6986,1.3232,5.6631
92.6988,1.4138,6.0624
92.6990,1.2367,5.3178
92.6992,1.0447,4.4923
92.6994,1.1444,4.9162
92.6996,1.1594,4.9783
92.6998,1.2137,5.2043
92.7000,1.2844,5.5076
92.7002,1.3488,5.7864
92.7004,1.3029,5.592
92.7006,1.2284,5.2773
92.7008,1.2263,5.2631
92.7010,1.3507,5.7892
92.7012,1.3961,5.9779
92.7014,1.469,6.2813
92.7016,1.533,6.5642
92.7018,1.4947,6.3885
92.7020,1.5028,6.4439
92.7022,1.317,5.6606
92.7024,1.3191,5.6483
92.7026,1.4529,6.2329
92.7028,1.3249,5.6946
92.7030,1.2469,5.3541
92.7032,1.2535,5.3875
92.7034,1.1667,5.0167
92.7036,1.107,4.7688
92.7038,1.0495,4.5214
92.7040,1.0969,4.721
92.7042,1.1584,4.9742
92.7044,1.2149,5.2264
92.7046,1.1429,4.9146
92.7048,1.1963,5.1369
92.7050,1.2625,5.4186
92.7052,1.2549,5.3962
92.7054,1.1812,5.0862
92.7056,1.0872,4.677
92.7058,1.1053,4.7527
92.7060,1.182,5.078
92.7062,1.2673,5.4417
92.7064,1.1927,5.131
92.7066,1.1514,4.9466
92.7068,1.2126,5.219
92.7070,1.2083,5.1908
92.7072,1.2192,5.2401
92.7074,1.2682,5.4534
92.7076,1.218,5.2301
92.7078,1.2439,5.3487
92.7080,1.1627,5.0067
92.7082,1.1221,4.8294
92.7084,1.1813,5.0772
92.7086,1.1878,5.1074
92.7088,1.1867,5.1028
92.7090,1.2101,5.1937
92.7092,1.2568,5.3969
92.7094,1.2896,5.5426
92.7096,1.2266,5.2819
92.7098,1.0863,4.6756
92.7100,1.1284,4.868
92.7102,1.0162,4.3798
92.7104,1.0168,4.3803
92.7106,0.9927,4.2765
92.7108,0.9855,4.2495
92.7110,0.959,4.1448
92.7112,0.8861,3.8262
92.7114,0.8746,3.7747
92.7116,0.8826,3.8059
92.7118,0.9125,3.9401
92.7120,0.901,3.8886
92.7122,0.8753,3.7813
92.7124,0.815,3.5224
92.7126,0.864,3.7257
92.7128,0.9429,4.0659
92.7130,0.9415,4.0691
92.7132,0.8295,3.5851
92.7134,0.7631,3.3026
92.7136,0.6942,3.0019
92.7138,0.7336,3.1749
92.7140,0.7457,3.2244
92.7142,0.7349,3.1821
92.7144,0.6994,3.027
92.7146,0.7621,3.2939
92.7148,0.7934,3.4259
92.7150,0.7709,3.3302
92.7152,0.7843,3.3866
92.7154,0.8409,3.6259
92.7156,0.891,3.8385
92.7158,0.9169,3.9482
92.7160,0.9574,4.1361
92.7162,0.8092,3.4927
92.7164,0.8642,3.728
92.7166,0.9001,3.8795
92.7168,0.9721,4.1857
92.7170,1.0085,4.3427
92.7172,0.966,4.1613
92.7174,0.9915,4.2773
92.7176,0.977,4.2069
92.7178,1.059,4.5537
92.7180,1.1078,4.7658
92.7182,0.9838,4.2422
92.7184,0.9112,3.9307
92.7186,0.9336,4.0219
92.7188,0.9392,4.0443
92.7190,1.064,4.5754
92.7192,1.0922,4.6965
92.7194,1.0892,4.6793
92.7196,1.1143,4.8048
92.7198,0.9098,3.9232
92.7200,0.8699,3.7528
92.7202,0.8909,3.8398
92.7204,0.92,3.9672
92.7206,0.9022,3.8919
92.7208,0.8982,3.8785
92.7210,0.9233,3.9756
92.7212,0.9494,4.0881
92.7214,1.0301,4.4336
92.7216,1.005,4.3297
92.7218,0.9901,4.2632
92.7220,1.0249,4.4155
92.7222,1.0071,4.3385
92.7224,0.9992,4.3004
92.7226,0.9943,4.2773
92.7228,1.0592,4.5526
92.7230,1.1682,5.0117
92.7232,1.2257,5.2704
92.7234,1.0904,4.7019
92.7236,0.9724,4.1912
92.7238,0.9474,4.0813
92.7240,0.9387,4.046
92.7242,0.9369,4.0382
92.7244,0.9315,4.0056
92.7246,1.0082,4.3452
92.7248,0.9475,4.0837
92.7250,0.9703,4.1741
92.7252,1.0368,4.4645
92.7254,0.9872,4.2528
92.7256,0.9928,4.279
92.7258,0.9555,4.1107
92.7260,1.0197,4.3866
92.7262,1.0813,4.6539
92.7264,1.0443,4.4945
92.7266,1.0121,4.3622
92.7268,0.9377,4.0413
92.7270,0.9614,4.1455
92.7272,0.912,3.9289
92.7274,0.9409,4.059
92.7276,0.8465,3.6536
92.7278,0.9058,3.9056
92.7280,0.9438,4.0601
92.7282,0.9761,4.2091
92.7284,0.9071,3.9113
92.7286,0.8778,3.7817
92.7288,0.9488,4.0894
92.7290,0.9782,4.214
92.7292,0.9928,4.2671
92.7294,1.0309,4.4372
92.7296,1.0408,4.4733
92.7298,1.1441,4.9175
92.7300,1.1279,4.8434
92.7302,1.2049,5.1643
92.7304,1.3414,5.7465
92.7306,1.3255,5.6866
92.7308,1.2313,5.2823
92.7310,1.2703,5.4495
92.7312,1.3132,5.6336
92.7314,1.2651,5.4425
92.7316,1.0951,4.7089
92.7318,1.0922,4.6943
92.7320,1.1341,4.8674
92.7322,1.1802,5.0773
92.7324,1.1277,4.8536
92.7326,1.1555,4.9641
92.7328,1.173,5.0346
92.7330,1.2289,5.2794
92.7332,1.2059,5.1757
92.7334,1.1831,5.0921
92.7336,1.0889,4.6821
92.7338,1.1001,4.7416
92.7340,1.0558,4.5461
92.7342,1.055,4.5388
92.7344,1.1348,4.875
92.7346,1.1818,5.0698
92.7348,1.1696,5.0291
92.7350,1.0986,4.7238
92.7352,1.0902,4.6878
92.7354,1.001,4.3122
92.7356,0.9999,4.3075
92.7358,1.0164,4.3727
92.7360,1.0583,4.557
92.7362,1.0164,4.3646
92.7364,1.1651,5.01
92.7366,1.0833,4.6627
92.7368,1.0482,4.5178
92.7370,1.0522,4.5243
92.7372,1.104,4.747
92.7374,1.0464,4.51
92.7376,0.9494,4.0938
92.7378,0.8916,3.8446
92.7380,0.9175,3.9526
92.7382,0.9649,4.1625
92.7384,0.8898,3.8422
92.7386,0.8878,3.8299
92.7388,0.8636,3.7202
92.7390,0.9233,3.983
92.7392,0.9486,4.0902
92.7394,0.9483,4.0816
92.7396,0.9354,4.0315
92.7398,0.9068,3.9139
92.7400,0.8745,3.7725
92.7402,0.8725,3.7624
92.7404,0.8247,3.5611
92.7406,0.8297,3.5795
92.7408,0.9161,3.9446
92.7410,0.9764,4.2043
92.7412,0.9486,4.0902
92.7414,0.93,4.0175
92.7416,0.8247,3.5627
92.7418,0.7854,3.3928
92.7420,0.7462,3.2264
92.7422,0.7103,3.0686
92.7424,0.7194,3.1051
92.7426,0.7867,3.397
92.7428,0.7649,3.3058
92.7430,0.7745,3.3457
92.7432,0.7755,3.3473
92.7434,0.7705,3.3271
92.7436,0.7826,3.3778
92.7438,0.7966,3.4383
92.7440,0.7823,3.3731
92.7442,0.7333,3.168
92.7444,0.7249,3.1376
92.7446,0.6365,2.7546
92.7448,0.6796,2.9332
92.7450,0.7254,3.1382
92.7452,0.6462,2.7966
92.7454,0.6257,2.7054
92.7456,0.6309,2.7282
92.7458,0.6375,2.7529
92.7460,0.721,3.1176
92.7462,0.6446,2.7886
92.7464,0.6493,2.8036
92.7466,0.6938,3.0012
92.7468,0.6282,2.7163
92.7470,0.6275,2.7119
92.7472,0.6387,2.7632
92.7474,0.6218,2.69
92.7476,0.6049,2.6157
92.7478,0.6074,2.6253
92.7480,0.6343,2.7452
92.7482,0.6317,2.73
92.7484,0.6234,2.6955
92.7486,0.5989,2.5909
92.7488,0.6633,2.8642
92.7490,0.6937,2.9938
92.7492,0.6674,2.8831
92.7494,0.6775,2.9253
92.7496,0.6801,2.9408
92.7498,0.632,2.7291
92.7500,0.7064,3.0472
92.7502,0.7471,3.2186
92.7504,0.7685,3.3167
92.7506,0.7077,3.0572
92.7508,0.6347,2.7443
92.7510,0.5905,2.5535
92.7512,0.5849,2.5303
92.7514,0.6013,2.6013
92.7516,0.5926,2.5599
92.7518,0.5847,2.5292
92.7520,0.5923,2.5612
92.7522,0.5892,2.5454
92.7524,0.6994,3.0144
92.7526,0.7614,3.2831
92.7528,0.7821,3.3757
92.7530,0.6962,3.0088
92.7532,0.6068,2.6215
92.7534,0.595,2.5726
92.7536,0.5863,2.5353
92.7538,0.5913,2.5507
92.7540,0.7199,3.1057
92.7542,0.6632,2.8637
92.7544,0.671,2.8946
92.7546,0.7481,3.2302
92.7548,0.6754,2.9138
92.7550,0.6877,2.9679
92.7552,0.6435,2.78
92.7554,0.6205,2.6818
92.7556,0.6119,2.6409
92.7558,0.6574,2.8322
92.7560,0.8253,3.5505
92.7562,0.8775,3.7678
92.7564,0.9,3.8736
92.7566,0.8712,3.7515
92.7568,0.8673,3.7258
92.7570,0.9361,4.0252
92.7572,0.938,4.0316
92.7574,0.963,4.1407
92.7576,0.9518,4.0947
92.7578,0.9435,4.0591
92.7580,0.921,3.9658
92.7582,0.8455,3.6405
92.7584,0.8771,3.7768
92.7586,0.8302,3.5783
92.7588,0.7913,3.404
92.7590,0.8448,3.6379
92.7592,0.8743,3.7597
92.7594,0.9142,3.9327
92.7596,0.8905,3.8418
92.7598,0.777,3.355
92.7600,0.6293,2.7209
92.7602,0.5764,2.49
92.7604,0.5752,2.4836
92.7606,0.5531,2.3917
92.7608,0.5234,2.2642
92.7610,0.5814,2.5094
92.7612,0.7004,3.0158
92.7614,0.7703,3.3214
92.7616,0.7222,3.1198
92.7618,0.6727,2.8978
92.7620,0.7199,3.1028
92.7622,0.7574,3.2615
92.7624,0.8036,3.4587
92.7626,0.8893,3.8224
92.7628,0.9489,4.0747
92.7630,1.0108,4.3363
92.7632,1.1181,4.7945
92.7634,1.1391,4.8799
92.7636,1.1456,4.9099
92.7638,1.1283,4.8404
92.7640,1.1419,4.8894
92.7642,1.2426,5.3232
92.7644,1.2143,5.2044
92.7646,1.1843,5.0735
92.7648,1.1532,4.9474
92.7650,1.1832,5.0618
92.7652,1.2608,5.4013
92.7654,1.1967,5.1312
92.7656,1.167,5.0066
92.7658,1.1916,5.1025
92.7660,1.292,5.5297
92.7662,1.2529,5.3624
92.7664,1.2862,5.5076
92.7666,1.2995,5.5568
92.7668,1.3443,5.748
92.7670,1.2877,5.5266
92.7672,1.0806,4.6465
92.7674,1.024,4.395
92.7676,1.0266,4.4104
92.7678,1.0663,4.5788
92.7680,1.0486,4.5026
92.7682,0.9946,4.2709
92.7684,1.0192,4.3846
92.7686,0.9684,4.1678
92.7688,0.9338,4.0154
92.7690,0.9691,4.1651
92.7692,1.0643,4.57
92.7694,1.0763,4.6215
92.7696,1.0433,4.4882
92.7698,0.8785,3.7812
92.7700,0.906,3.8994
92.7702,0.9152,3.9392
92.7704,0.9694,4.1724
92.7706,0.9601,4.1322
92.7708,0.9233,3.9682
92.7710,0.9567,4.1158
92.7712,0.9257,3.9841
92.7714,0.9372,4.0336
92.7716,0.9607,4.1328
92.7718,0.9576,4.1213
92.7720,0.9095,3.9144
92.7722,0.9176,3.9495
92.7724,0.9357,4.0255
92.7726,0.9,3.879
92.7728,0.7928,3.4186
92.7730,0.7841,3.3809
92.7732,0.7913,3.4135
92.7734,0.7588,3.2748
92.7736,0.7098,3.0651
92.7738,0.7169,3.0899
92.7740,0.7585,3.2692
92.7742,0.7716,3.3333
92.7744,0.6994,3.02
92.7746,0.6914,2.9853
92.7748,0.6743,2.9118
92.7750,0.7086,3.0571
92.7752,0.7765,3.3436
92.7754,0.8401,3.6206
92.7756,0.7938,3.4227
92.7758,0.7697,3.3173
92.7760,0.7681,3.309
92.7762,0.7952,3.4242
92.7764,0.8324,3.5876
92.7766,0.8216,3.5361
92.7768,0.8971,3.8577
92.7770,0.9541,4.1026
92.7772,0.9486,4.0807
92.7774,0.9192,3.9544
92.7776,0.892,3.8426
92.7778,0.8395,3.618
92.7780,0.836,3.5997
92.7782,0.8137,3.5086
92.7784,0.733,3.1621
92.7786,0.6941,2.9917
92.7788,0.7634,3.2919
92.7790,0.7512,3.2392
92.7792,0.8109,3.4951
92.7794,0.8362,3.5991
92.7796,0.8242,3.5541
92.7798,0.7505,3.2406
92.7800,0.6741,2.9121
92.7802,0.6061,2.6196
92.7804,0.5922,2.5619
92.7806,0.5341,2.3093
92.7808,0.5435,2.3513
92.7810,0.5483,2.371
92.7812,0.5275,2.2797
92.7814,0.5667,2.4525
92.7816,0.491,2.1241
92.7818,0.4928,2.1309
92.7820,0.4968,2.15
92.7822,0.4709,2.037
92.7824,0.4859,2.1018
92.7826,0.4885,2.1132
92.7828,0.4963,2.1469
92.7830,0.5066,2.1926
92.7832,0.5097,2.205
92.7834,0.5043,2.1797
92.7836,0.4987,2.1573
92.7838,0.4976,2.1526
92.7840,0.5022,2.1724
92.7842,0.4895,2.1164
92.7844,0.4865,2.1034
92.7846,0.4875,2.11
92.7848,0.4625,2.0016
92.7850,0.4689,2.0277
92.7852,0.4619,1.9953
92.7854,0.5568,2.4033
92.7856,0.5933,2.5606
92.7858,0.5969,2.5738
92.7860,0.6446,2.7808
92.7862,0.652,2.8116
92.7864,0.6266,2.702
92.7866,0.6528,2.816
92.7868,0.6526,2.8181
92.7870,0.5425,2.3434
92.7872,0.5127,2.2149
92.7874,0.4977,2.1542
92.7876,0.4149,1.7922
92.7878,0.5305,2.2916
92.7880,0.5291,2.2869
92.7882,0.5168,2.2346
92.7884,0.5114,2.2102
92.7886,0.5158,2.2274
92.7888,0.5113,2.2087
92.7890,0.5163,2.2294
92.7892,0.6173,2.658
92.7894,0.6755,2.9116
92.7896,0.6689,2.8805
92.7898,0.7468,3.2186
92.7900,0.6965,3.0048
92.7902,0.5925,2.5558
92.7904,0.5661,2.4454
92.7906,0.5372,2.3184
92.7908,0.5526,2.3808
92.7910,0.606,2.6143
92.7912,0.6102,2.6287
92.7914,0.6854,2.9526
92.7916,0.6983,3.0112
92.7918,0.6844,2.9485
92.7920,0.7158,3.0809
92.7922,0.705,3.0415
92.7924,0.5972,2.5789
92.7926,0.5753,2.4853
92.7928,0.4907,2.1216
92.7930,0.4709,2.0341
92.7932,0.4999,2.1605
92.7934,0.4535,1.9599
92.7936,0.4817,2.0779
92.7938,0.5199,2.2481
92.7940,0.4169,1.8019
92.7942,0.4056,1.7524
92.7944,0.4078,1.7633
92.7946,0.4389,1.8967
92.7948,0.4907,2.1167
92.7950,0.5143,2.2206
92.7952,0.4873,2.1061
92.7954,0.507,2.184
92.7956,0.6448,2.7767
92.7958,0.6348,2.7359
92.7960,0.6321,2.7233
92.7962,0.6993,3.0097
92.7964,0.7148,3.0777
92.7966,0.7132,3.0653
92.7968,0.8823,3.7884
92.7970,0.9022,3.8703
92.7972,0.9309,3.9956
92.7974,0.9389,4.0296
92.7976,0.9356,4.0157
92.7978,0.9332,4.0035
92.7980,0.9295,3.9931
92.7982,0.8681,3.7294
92.7984,0.8993,3.8579
92.7986,0.9577,4.1065
92.7988,0.9636,4.1337
92.7990,0.9787,4.1985
92.7992,0.9748,4.1859
92.7994,0.9831,4.2155
92.7996,1.0203,4.3729
92.7998,1.0769,4.6111
92.8000,1.127,4.828
92.8002,1.0873,4.658
92.8004,1.0508,4.5039
92.8006,1.1158,4.7758
92.8008,1.13,4.8386
92.8010,1.0714,4.6025
92.8012,0.9293,3.9884
92.8014,0.9164,3.9388
92.8016,0.8948,3.8479
92.8018,0.8717,3.7501
92.8020,0.7889,3.3905
92.8022,0.7909,3.4008
92.8024,0.7848,3.3777
92.8026,0.81,3.4844
92.8028,0.819,3.5231
92.8030,0.7856,3.3797
92.8032,0.8059,3.4653
92.8034,0.8212,3.5313
92.8036,0.8199,3.5223
92.8038,0.8543,3.6736
92.8040,0.862,3.7083
92.8042,0.8583,3.6889
92.8044,0.873,3.7505
92.8046,0.9077,3.9067
92.8048,0.7661,3.3048
92.8050,0.6904,2.9702
92.8052,0.7307,3.1449
92.8054,0.6819,2.939
92.8056,0.6628,2.8568
92.8058,0.6801,2.9312
92.8060,0.7297,3.1423
92.8062,0.7655,3.2915
92.8064,0.8331,3.5823
92.8066,0.7944,3.4237
92.8068,0.6989,3.0068
92.8070,0.76,3.2739
92.8072,0.6981,3.0074
92.8074,0.6748,2.9098
92.8076,0.6718,2.8956
92.8078,0.7259,3.1257
92.8080,0.6937,2.9882
92.8082,0.6889,2.969
92.8084,0.679,2.9252
92.8086,0.6729,2.8989
92.8088,0.6849,2.9505
92.8090,0.6922,2.982
92.8092,0.761,3.2709
92.8094,0.8469,3.6399
92.8096,0.7632,3.2909
92.8098,0.6384,2.7514
92.8100,0.6988,3.0077
92.8102,0.6934,2.9928
92.8104,0.6398,2.7589
92.8106,0.6386,2.7537
92.8108,0.6149,2.655
92.8110,0.5754,2.4812
92.8112,0.6686,2.8803
92.8114,0.6998,3.0118
92.8116,0.6739,2.9044
92.8118,0.5921,2.5578
92.8120,0.5369,2.3185
92.8122,0.5299,2.2879
92.8124,0.5341,2.3028
92.8126,0.6114,2.6388
92.8128,0.566,2.4449
92.8130,0.5303,2.2879
92.8132,0.5291,2.2827
92.8134,0.5325,2.2993
92.8136,0.5349,2.3075
92.8138,0.5368,2.3158
92.8140,0.5399,2.3303
92.8142,0.5442,2.3479
92.8144,0.5716,2.4658
92.8146,0.5281,2.277
92.8148,0.5368,2.3169
92.8150,0.5716,2.4635
92.8152,0.595,2.5655
92.8154,0.5347,2.3054
92.8156,0.5207,2.2486
92.8158,0.5542,2.3897
92.8160,0.6273,2.7051
92.8162,0.5495,2.3695
92.8164,0.5477,2.3629
92.8166,0.5839,2.5156
92.8168,0.6355,2.7364
92.8170,0.651,2.8031
92.8172,0.6576,2.8328
92.8174,0.649,2.7948
92.8176,0.6695,2.8844
92.8178,0.6567,2.8291
92.8180,0.7004,3.0144
92.8182,0.7078,3.045
92.8184,0.7037,3.033
92.8186,0.6318,2.7204
92.8188,0.641,2.7615
92.8190,0.6235,2.6848
92.8192,0.7362,3.1643
92.8194,0.7644,3.29
92.8196,0.7225,3.1041
92.8198,0.786,3.3813
92.8200,0.7818,3.3585
92.8202,0.8137,3.4988
92.8204,0.7126,3.0741
92.8206,0.556,2.3997
92.8208,0.5342,2.3012
92.8210,0.6432,2.7682
92.8212,0.6492,2.7953
92.8214,0.6778,2.9187
92.8216,0.7116,3.0643
92.8218,0.6775,2.9144
92.8220,0.6734,2.9036
92.8222,0.6962,2.9991
92.8224,0.7008,3.0164
92.8226,0.7133,3.0701
92.8228,0.7086,3.0528
92.8230,0.6628,2.8528
92.8232,0.7101,3.0548
92.8234,0.7217,3.1106
92.8236,0.6148,2.6533
92.8238,0.5971,2.5724
92.8240,0.6381,2.7516
92.8242,0.591,2.5484
92.8244,0.5782,2.4943
92.8246,0.5848,2.5204
92.8248,0.592,2.5502
92.8250,0.5401,2.3319
92.8252,0.4879,2.1077
92.8254,0.4709,2.0323
92.8256,0.4644,2.0052
92.8258,0.4898,2.113
92.8260,0.5657,2.4382
92.8262,0.57,2.458
92.8264,0.5337,2.2981
92.8266,0.5347,2.3097
92.8268,0.4299,1.857
92.8270,0.3932,1.6985
92.8272,0.3938,1.7019
92.8274,0.3959,1.7112
92.8276,0.3927,1.6972
92.8278,0.4083,1.7638
92.8280,0.4476,1.9301
92.8282,0.5097,2.1979
92.8284,0.5282,2.2786
92.8286,0.486,2.0965
92.8288,0.5112,2.199
92.8290,0.6338,2.7305
92.8292,0.6395,2.7509
92.8294,0.6905,2.9679
92.8296,0.7056,3.0343
92.8298,0.7634,3.2797
92.8300,0.7799,3.3487
92.8302,0.8484,3.6364
92.8304,0.9281,3.9795
92.8306,0.9312,3.9966
92.8308,0.8729,3.75
92.8310,0.8553,3.6692
92.8312,0.9052,3.8831
92.8314,0.9109,3.9097
92.8316,0.8524,3.6568
92.8318,0.9314,3.9902
92.8320,0.9877,4.2331
92.8322,0.9723,4.1712
92.8324,0.9722,4.1687
92.8326,0.9771,4.1879
92.8328,0.9898,4.2364
92.8330,1.05,4.4961
92.8332,1.0815,4.6312
92.8334,1.0974,4.6989
92.8336,1.0434,4.4742
92.8338,1.0103,4.3282
92.8340,1.0457,4.4839
92.8342,0.938,4.0222
92.8344,0.9866,4.2344
92.8346,0.8251,3.5527
92.8348,0.7085,3.0495
92.8350,0.7289,3.1372
92.8352,0.7174,3.0877
92.8354,0.6897,2.9712
92.8356,0.6874,2.9586
92.8358,0.6954,2.9904
92.8360,0.7567,3.2539
92.8362,0.747,3.2136
92.8364,0.7676,3.2993
92.8366,0.7938,3.4132
92.8368,0.8061,3.4712
92.8370,0.7549,3.2447
92.8372,0.7847,3.3725
92.8374,0.7856,3.3782
92.8376,0.7735,3.3292
92.8378,0.7603,3.2694
92.8380,0.7757,3.3385
92.8382,0.6952,2.995
92.8384,0.6859,2.956
92.8386,0.6859,2.9533
92.8388,0.6995,3.0094
92.8390,0.7032,3.0268
92.8392,0.7543,3.2421
92.8394,0.8294,3.5614
92.8396,0.7923,3.4102
92.8398,0.7151,3.0764
92.8400,0.7555,3.2487
92.8402,0.8191,3.522
92.8404,0.7508,3.2346
92.8406,0.6928,2.9888
92.8408,0.6068,2.6167
92.8410,0.6,2.5848
92.8412,0.6499,2.7971
92.8414,0.7333,3.1578
92.8416,0.7107,3.063
92.8418,0.6343,2.7364
92.8420,0.6067,2.615
92.8422,0.6313,2.7196
92.8424,0.6078,2.6184
92.8426,0.6631,2.8539
92.8428,0.7187,3.0919
92.8430,0.6681,2.8796
92.8432,0.6094,2.6288
92.8434,0.607,2.616
92.8436,0.6246,2.6882
92.8438,0.659,2.8416
92.8440,0.5867,2.5298
92.8442,0.5795,2.5
92.8444,0.5104,2.203
92.8446,0.488,2.1053
92.8448,0.4904,2.1156
92.8450,0.4978,2.1507
92.8452,0.5046,2.1787
92.8454,0.5277,2.2765
92.8456,0.5088,2.1978
92.8458,0.4542,1.9603
92.8460,0.4933,2.131
92.8462,0.4323,1.8665
92.8464,0.4755,2.0524
92.8466,0.458,1.9787
92.8468,0.4544,1.9632
92.8470,0.456,1.9699
92.8472,0.4548,1.962
92.8474,0.4638,1.9999
92.8476,0.509,2.1978
92.8478,0.4532,1.9571
92.8480,0.4489,1.9367
92.8482,0.4512,1.9456
92.8484,0.4901,2.1141
92.8486,0.4809,2.0757
92.8488,0.4532,1.958
92.8490,0.4554,1.9664
92.8492,0.4561,1.9686
92.8494,0.4536,1.9577
92.8496,0.4558,1.9661
92.8498,0.4819,2.077
92.8500,0.597,2.5719
92.8502,0.5879,2.5338
92.8504,0.5143,2.2186
92.8506,0.4579,1.9745
92.8508,0.5008,2.1636
92.8510,0.4607,1.9883
92.8512,0.4867,2.0957
92.8514,0.5675,2.4448
92.8516,0.5561,2.3958
92.8518,0.5697,2.4541
92.8520,0.5753,2.4773
92.8522,0.5482,2.3661
92.8524,0.4751,2.0485
92.8526,0.5363,2.3095
92.8528,0.5837,2.5134
92.8530,0.6275,2.7031
92.8532,0.5508,2.3763
92.8534,0.453,1.9542
92.8536,0.4613,1.9909
92.8538,0.4615,1.991
92.8540,0.4698,2.0248
92.8542,0.5432,2.3389
92.8544,0.5763,2.4802
92.8546,0.5753,2.4784
92.8548,0.562,2.4188
92.8550,0.5722,2.465
92.8552,0.5703,2.4579
92.8554,0.5746,2.4753
92.8556,0.6193,2.668
92.8558,0.5685,2.4478
92.8560,0.5735,2.4661
92.8562,0.6951,2.9847
92.8564,0.7667,3.2952
92.8566,0.7168,3.0808
92.8568,0.7489,3.2174
92.8570,0.7483,3.2208
92.8572,0.7007,3.0159
92.8574,0.696,2.9916
92.8576,0.761,3.2679
92.8578,0.7705,3.3086
92.8580,0.7777,3.341
92.8582,0.7405,3.1813
92.8584,0.7367,3.1648
92.8586,0.6959,2.9994
92.8588,0.577,2.4879
92.8590,0.5616,2.4184
92.8592,0.6271,2.6978
92.8594,0.6785,2.9177
92.8596,0.6898,2.9662
92.8598,0.6938,2.9874
92.8600,0.5993,2.5829
92.8602,0.5445,2.3467
92.8604,0.5109,2.2031
92.8606,0.5054,2.1793
92.8608,0.5507,2.3747
92.8610,0.5284,2.2764
92.8612,0.5646,2.4313
92.8614,0.6137,2.6425
92.8616,0.6385,2.7468
92.8618,0.6086,2.6196
92.8620,0.5691,2.4515
92.8622,0.5953,2.5647
92.8624,0.6185,2.6594
92.8626,0.7048,3.0292
92.8628,0.7136,3.0669
92.8630,0.7149,3.0754
92.8632,0.7662,3.2839
92.8634,0.9241,3.9663
92.8636,0.8096,3.4797
92.8638,0.7504,3.2236
92.8640,0.791,3.3919
92.8642,0.8596,3.6894
92.8644,0.8429,3.6179
92.8646,0.8167,3.5101
92.8648,0.7984,3.4221
92.8650,0.8935,3.8315
92.8652,0.8964,3.8456
92.8654,0.9365,4.0118
92.8656,0.9721,4.1624
92.8658,0.9755,4.1812
92.8660,0.9878,4.2297
92.8662,0.977,4.1834
92.8664,1.0152,4.3432
92.8666,1.0606,4.5392
92.8668,1.0837,4.6361
92.8670,1.0546,4.5156
92.8672,1.0208,4.379
92.8674,0.9067,3.8953
92.8676,0.7986,3.4322
92.8678,0.746,3.205
92.8680,0.8073,3.4634
92.8682,0.8448,3.6329
92.8684,0.7837,3.3683
92.8686,0.8243,3.5348
92.8688,0.8609,3.6985
92.8690,0.7929,3.4064
92.8692,0.7962,3.4187
92.8694,0.8314,3.5685
92.8696,0.8591,3.6856
92.8698,0.8835,3.7971
92.8700,0.8493,3.6485
92.8702,0.8285,3.5594
92.8704,0.8103,3.4811
92.8706,0.8398,3.6045
92.8708,0.857,3.6746
92.8710,0.8477,3.6401
92.8712,0.854,3.6686
92.8714,0.8465,3.6367
92.8716,0.8475,3.6391
92.8718,0.8384,3.6067
92.8720,0.7833,3.3684
92.8722,0.7911,3.3955
92.8724,0.832,3.5744
92.8726,0.8118,3.4906
92.8728,0.7735,3.3292
92.8730,0.7542,3.2476
92.8732,0.6942,2.988
92.8734,0.7068,3.0394
92.8736,0.7103,3.0544
92.8738,0.6908,2.9758
92.8740,0.673,2.8981
92.8742,0.6964,2.9987
92.8744,0.6902,2.9705
92.8746,0.6791,2.9257
92.8748,0.7038,3.0336
92.8750,0.6281,2.7057
92.8752,0.6127,2.6396
92.8754,0.5989,2.5826
92.8756,0.6628,2.8475
92.8758,0.8175,3.5137
92.8760,0.7878,3.3906
92.8762,0.7676,3.3023
92.8764,0.797,3.4239
92.8766,0.8016,3.4483
92.8768,0.7568,3.259
92.8770,0.6776,2.919
92.8772,0.6783,2.9167
92.8774,0.738,3.1749
92.8776,0.706,3.04
92.8778,0.7157,3.0833
92.8780,0.6903,2.971
92.8782,0.6713,2.8922
92.8784,0.6251,2.6953
92.8786,0.6573,2.8317
92.8788,0.6823,2.9337
92.8790,0.7254,3.1251
92.8792,0.7023,3.0254
92.8794,0.6457,2.7803
92.8796,0.6851,2.9488
92.8798,0.6866,2.9578
92.8800,0.6258,2.7009
92.8802,0.5441,2.3463
92.8804,0.536,2.3133
92.8806,0.5369,2.3163
92.8808,0.5379,2.3183
92.8810,0.5815,2.5064
92.8812,0.5554,2.396
92.8814,0.5462,2.3573
92.8816,0.5315,2.292
92.8818,0.5729,2.4704
92.8820,0.5492,2.3691
92.8822,0.5784,2.4884
92.8824,0.7612,3.276
92.8826,0.6446,2.7808
92.8828,0.538,2.321
92.8830,0.532,2.2962
92.8832,0.5255,2.2682
92.8834,0.5227,2.2527
92.8836,0.5193,2.2403
92.8838,0.5247,2.2636
92.8840,0.5258,2.2672
92.8842,0.5293,2.2811
92.8844,0.5277,2.2765
92.8846,0.5374,2.3195
92.8848,0.5401,2.3298
92.8850,0.5387,2.323
92.8852,0.536,2.3111
92.8854,0.5359,2.3106
92.8856,0.5749,2.4734
92.8858,0.6837,2.9399
92.8860,0.7435,3.1957
92.8862,0.7516,3.2377
92.8864,0.6311,2.7173
92.8866,0.596,2.5678
92.8868,0.5752,2.4767
92.8870,0.6061,2.6099
92.8872,0.6347,2.7303
92.8874,0.6749,2.905
92.8876,0.666,2.8676
92.8878,0.6589,2.8358
92.8880,0.6613,2.8461
92.8882,0.6603,2.842
92.8884,0.6817,2.9366
92.8886,0.6823,2.9337
92.8888,0.7295,3.1339
92.8890,0.838,3.6018
92.8892,0.7814,3.357
92.8894,0.7873,3.3838
92.8896,0.7637,3.2853
92.8898,0.7315,3.1485
92.8900,0.711,3.056
92.8902,0.6996,3.0085
92.8904,0.6663,2.8691
92.8906,0.6296,2.7124
92.8908,0.6273,2.7013
92.8910,0.6777,2.9155
92.8912,0.6522,2.8095
92.8914,0.5661,2.4409
92.8916,0.5893,2.54
92.8918,0.5895,2.5358
92.8920,0.6227,2.6837
92.8922,0.5835,2.5089
92.8924,0.6987,3.0113
92.8926,0.6239,2.6914
92.8928,0.4936,2.1296
92.8930,0.5341,2.3039
92.8932,0.4923,2.1278
92.8934,0.4044,1.748
92.8936,0.4007,1.7303
92.8938,0.4109,1.7735
92.8940,0.4095,1.7673
92.8942,0.4076,1.759
92.8944,0.4171,1.8012
92.8946,0.4689,2.024
92.8948,0.5522,2.382
92.8950,0.5318,2.293
92.8952,0.497,2.1441
92.8954,0.5561,2.3924
92.8956,0.6465,2.7827
92.8958,0.6496,2.7948
92.8960,0.6512,2.7976
92.8962,0.7221,3.1063
92.8964,0.6996,3.0099
92.8966,0.73,3.1345
92.8968,0.8723,3.7352
92.8970,0.9499,4.0731
92.8972,0.9085,3.8939
92.8974,0.9687,4.1461
92.8976,1.0415,4.4597
92.8978,1.0218,4.3734
92.8980,1.0644,4.5599
92.8982,1.0731,4.5909
92.8984,1.1308,4.8377
92.8986,1.0367,4.4433
92.8988,0.967,4.1428
92.8990,0.9657,4.141
92.8992,0.9853,4.2208
92.8994,1.0231,4.3811
92.8996,1.0782,4.6189
92.8998,1.0807,4.6211
92.9000,1.1161,4.7746
92.9002,1.1008,4.7116
92.9004,1.063,4.558
92.9006,0.9736,4.171
92.9008,0.9547,4.0994
92.9010,0.9034,3.8845
92.9012,0.8148,3.5002
92.9014,0.8215,3.5274
92.9016,0.8489,3.6453
92.9018,0.8535,3.6717
92.9020,0.7442,3.2018
92.9022,0.779,3.3498
92.9024,0.7469,3.2161
92.9026,0.7595,3.2673
92.9028,0.7594,3.2683
92.9030,0.7201,3.0981
92.9032,0.7073,3.0457
92.9034,0.6673,2.8746
92.9036,0.6637,2.8525
92.9038,0.7353,3.1616
92.9040,0.7813,3.3612
92.9042,0.7464,3.211
92.9044,0.7325,3.1527
92.9046,0.6425,2.769
92.9048,0.5887,2.5374
92.9050,0.6076,2.6186
92.9052,0.633,2.7231
92.9054,0.7413,3.1859
92.9056,0.8175,3.5088
92.9058,0.8399,3.6168
92.9060,0.7158,3.0809
92.9062,0.7255,3.1198
92.9064,0.7628,3.2787
92.9066,0.7447,3.2008
92.9068,0.7514,3.2342
92.9070,0.7011,3.0189
92.9072,0.724,3.1146
92.9074,0.7161,3.0834
92.9076,0.6646,2.8646
92.9078,0.6201,2.6741
92.9080,0.6079,2.6201
92.9082,0.6396,2.754
92.9084,0.6317,2.7199
92.9086,0.6315,2.7207
92.9088,0.6175,2.6553
92.9090,0.7871,3.3843
92.9092,0.777,3.3457
92.9094,0.6487,2.7945
92.9096,0.6082,2.6224
92.9098,0.6074,2.6193
92.9100,0.5964,2.5729
92.9102,0.5446,2.3473
92.9104,0.6008,2.5896
92.9106,0.5613,2.4236
92.9108,0.4767,2.0614
92.9110,0.429,1.8525
92.9112,0.4474,1.9308
92.9114,0.4848,2.0942
92.9116,0.4934,2.1256
92.9118,0.554,2.3854
92.9120,0.5826,2.5122
92.9122,0.5935,2.5569
92.9124,0.5736,2.4769
92.9126,0.465,2.0097
92.9128,0.4928,2.1289
92.9130,0.4754,2.0519
92.9132,0.4482,1.9344
92.9134,0.444,1.9172
92.9136,0.4506,1.9466
92.9138,0.4486,1.9369
92.9140,0.4475,1.9305
92.9142,0.4448,1.92
92.9144,0.4743,2.0482
92.9146,0.4802,2.0697
92.9148,0.507,2.187
92.9150,0.4812,2.0768
92.9152,0.4776,2.0603
92.9154,0.4754,2.0491
92.9156,0.4758,2.0525
92.9158,0.4723,2.0385
92.9160,0.4801,2.0702
92.9162,0.4863,2.098
92.9164,0.5168,2.2284
92.9166,0.5681,2.4474
92.9168,0.5797,2.4964
92.9170,0.5716,2.4635
92.9172,0.5683,2.4496
92.9174,0.5549,2.3895
92.9176,0.5754,2.4789
92.9178,0.5907,2.541
92.9180,0.6381,2.7465
92.9182,0.603,2.5989
92.9184,0.5451,2.3471
92.9186,0.5914,2.5476
92.9188,0.5835,2.5124
92.9190,0.641,2.7551
92.9192,0.6636,2.8559
92.9194,0.6616,2.845
92.9196,0.726,3.1205
92.9198,0.7094,3.0474
92.9200,0.7276,3.1272
92.9202,0.7062,3.0382
92.9204,0.7072,3.0395
92.9206,0.6468,2.7863
92.9208,0.5673,2.4438
92.9210,0.57,2.4557
92.9212,0.5785,2.4912
92.9214,0.6126,2.6403
92.9216,0.576,2.4838
92.9218,0.598,2.5701
92.9220,0.7071,3.0404
92.9222,0.6993,3.0069
92.9224,0.7553,3.2462
92.9226,0.6823,2.9364
92.9228,0.6,2.5824
92.9230,0.6225,2.6844
92.9232,0.58,2.4974
92.9234,0.5832,2.5113
92.9236,0.5909,2.5444
92.9238,0.6354,2.7385
92.9240,0.5802,2.4984
92.9242,0.5843,2.5136
92.9244,0.5908,2.5462
92.9246,0.5734,2.469
92.9248,0.5919,2.5485
92.9250,0.5769,2.4863
92.9252,0.5779,2.4886
92.9254,0.5695,2.4536
92.9256,0.5519,2.3777
92.9258,0.5118,2.2057
92.9260,0.5502,2.3749
92.9262,0.4608,1.9897
92.9264,0.411,1.7757
92.9266,0.4058,1.7529
92.9268,0.4091,1.7657
92.9270,0.4035,1.7406
92.9272,0.3912,1.6886
92.9274,0.3966,1.7127
92.9276,0.4034,1.7409
92.9278,0.449,1.9363
92.9280,0.5297,2.2811
92.9282,0.5598,2.4151
92.9284,0.5055,2.1808
92.9286,0.505,2.1747
92.9288,0.5843,2.5148
92.9290,0.6446,2.7731
92.9292,0.6338,2.7292
92.9294,0.6148,2.6459
92.9296,0.6505,2.7958
92.9298,0.7103,3.0487
92.9300,0.8119,3.4894
92.9302,0.7919,3.3955
92.9304,0.8576,3.6755
92.9306,0.9157,3.9248
92.9308,0.9314,3.9902
92.9310,0.9519,4.0761
92.9312,0.9837,4.2122
92.9314,1.0181,4.3555
92.9316,1.0955,4.6842
92.9318,1.1041,4.7233
92.9320,1.0356,4.4304
92.9322,1.0608,4.5317
92.9324,1.0953,4.6902
92.9326,0.9872,4.2271
92.9328,0.9589,4.1059
92.9330,0.9953,4.27
92.9332,0.9032,3.8749
92.9334,0.9078,3.8945
92.9336,0.919,3.9423
92.9338,0.876,3.7599
92.9340,0.8379,3.5962
92.9342,0.8694,3.7316
92.9344,0.8643,3.7164
92.9346,0.7899,3.3951
92.9348,0.7783,3.3436
92.9350,0.7723,3.3209
92.9352,0.7642,3.2843
92.9354,0.7893,3.3894
92.9356,0.8082,3.4702
92.9358,0.794,3.4095
92.9360,0.8432,3.6206
92.9362,0.8612,3.6978
92.9364,0.8687,3.7268
92.9366,0.852,3.6587
92.9368,0.8455,3.6287
92.9370,0.8747,3.756
92.9372,0.8484,3.6466
92.9374,0.7903,3.3951
92.9376,0.835,3.5906
92.9378,0.7963,3.4193
92.9380,0.8231,3.5379
92.9382,0.7861,3.3786
92.9384,0.8206,3.5303
92.9386,0.7019,3.0211
92.9388,0.6502,2.7987
92.9390,0.7095,3.0508
92.9392,0.7472,3.2132
92.9394,0.7722,3.3173
92.9396,0.8341,3.5865
92.9398,0.8254,3.5493
92.9400,0.7889,3.3921
92.9402,0.7795,3.3472
92.9404,0.8343,3.5891
92.9406,0.7862,3.3776
92.9408,0.8188,3.521
92.9410,0.7624,3.2827
92.9412,0.7059,3.0353
92.9414,0.7359,3.1642
92.9416,0.6865,2.9531
92.9418,0.703,3.0187
92.9420,0.8054,3.4632
92.9422,0.7621,3.2817
92.9424,0.6836,2.9421
92.9426,0.6907,2.9698
92.9428,0.7471,3.2126
92.9430,0.7913,3.4024
92.9432,0.7571,3.2615
92.9434,0.6031,2.5995
92.9436,0.5636,2.43
92.9438,0.5724,2.4706
92.9440,0.5795,2.5
92.9442,0.5701,2.4573
92.9444,0.5367,2.3153
92.9446,0.5164,2.231
92.9448,0.4742,2.0477
92.9450,0.4796,2.0681
92.9452,0.4832,2.0836
92.9454,0.5336,2.2997
92.9456,0.6137,2.6449
92.9458,0.6187,2.6679
92.9460,0.559,2.4093
92.9462,0.5524,2.3809
92.9464,0.5384,2.3215
92.9466,0.538,2.321
92.9468,0.5398,2.3287
92.9470,0.5414,2.3344
92.9472,0.5396,2.3266
92.9474,0.5249,2.2657
92.9476,0.5241,2.2589
92.9478,0.5675,2.4437
92.9480,0.5547,2.3929
92.9482,0.5295,2.2832
92.9484,0.5263,2.2671
92.9486,0.5616,2.4206
92.9488,0.5468,2.3598
92.9490,0.5404,2.3313
92.9492,0.6001,2.5829
92.9494,0.6393,2.7517
92.9496,0.6188,2.6684
92.9498,0.5598,2.4151
92.9500,0.5552,2.3938
92.9502,0.548,2.3606
92.9504,0.5644,2.4325
92.9506,0.649,2.7935
92.9508,0.6464,2.7847
92.9510,0.6407,2.7574
92.9512,0.6053,2.61
92.9514,0.5459,2.3529
92.9516,0.5433,2.3405
92.9518,0.6058,2.606
92.9520,0.6682,2.8747
92.9522,0.6717,2.887
92.9524,0.7505,3.2286
92.9526,0.729,3.1348
92.9528,0.6915,2.972
92.9530,0.7109,3.0612
92.9532,0.6156,2.6544
92.9534,0.5464,2.3517
92.9536,0.6413,2.7574
92.9538,0.6721,2.8939
92.9540,0.6414,2.763
92.9542,0.6638,2.857
92.9544,0.6379,2.7455
92.9546,0.6849,2.9478
92.9548,0.6618,2.8482
92.9550,0.6562,2.8218
92.9552,0.7536,3.239
92.9554,0.7927,3.407
92.9556,0.7548,3.2441
92.9558,0.7277,3.1262
92.9560,0.7518,3.2433
92.9562,0.566,2.4392
92.9564,0.5889,2.5332
92.9566,0.6742,2.9032
92.9568,0.6314,2.7164
92.9570,0.6685,2.8744
92.9572,0.6862,2.9535
92.9574,0.6829,2.9404
92.9576,0.6984,3.0047
92.9578,0.6844,2.9444
92.9580,0.6839,2.9409
92.9582,0.7044,3.0277
92.9584,0.6753,2.9052
92.9586,0.6787,2.9155
92.9588,0.7737,3.324
92.9590,0.7586,3.2637
92.9592,0.6932,2.9834
92.9594,0.6946,2.991
92.9596,0.6329,2.7213
92.9598,0.6645,2.8614
92.9600,0.6656,2.862
92.9602,0.6386,2.7511
92.9604,0.5718,2.4646
92.9606,0.6206,2.6699
92.9608,0.7399,3.1802
92.9610,0.7465,3.216
92.9612,0.5719,2.4639
92.9614,0.5654,2.4333
92.9616,0.6927,2.98
92.9618,0.6709,2.8874
92.9620,0.6349,2.7339
92.9622,0.6008,2.5872
92.9624,0.6688,2.88
92.9626,0.6404,2.7551
92.9628,0.6788,2.9201
92.9630,0.6396,2.7527
92.9632,0.7206,3.0901
92.9634,0.9269,3.9763
92.9636,0.9038,3.8757
92.9638,0.8867,3.8039
92.9640,0.9035,3.8778
92.9642,0.8939,3.8312
92.9644,0.9399,4.0286
92.9646,0.9718,4.1691
92.9648,0.9228,3.9514
92.9650,0.9747,4.1756
92.9652,0.9923,4.2591
92.9654,0.952,4.0843
92.9656,0.9425,4.0412
92.9658,0.9544,4.0946
92.9660,0.9144,3.9209
92.9662,0.9083,3.8965
92.9664,0.8784,3.7667
92.9666,0.8908,3.8232
92.9668,0.8887,3.8198
92.9670,0.8598,3.6921
92.9672,0.8392,3.6036
92.9674,0.8386,3.6027
92.9676,0.8345,3.5902
92.9678,0.7458,3.2055
92.9680,0.7893,3.3894
92.9682,0.8566,3.68
92.9684,0.8294,3.5697
92.9686,0.7143,3.0728
92.9688,0.7116,3.0615
92.9690,0.7492,3.2214
92.9692,0.7463,3.209
92.9694,0.7451,3.1979
92.9696,0.8553,3.6692
92.9698,0.8962,3.8571
92.9700,0.7312,3.1485
92.9702,0.7164,3.0807
92.9704,0.759,3.2622
92.9706,0.7678,3.3013
92.9708,0.8152,3.5071
92.9710,0.7857,3.3755
92.9712,0.7986,3.4354
92.9714,0.7501,3.2315
92.9716,0.7132,3.0653
92.9718,0.7414,3.1923
92.9720,0.7327,3.1522
92.9722,0.7446,3.2063
92.9724,0.6957,2.9942
92.9726,0.7186,3.0914
92.9728,0.6978,3.0049
92.9730,0.6796,2.9278
92.9732,0.6892,2.9664
92.9734,0.7777,3.3426
92.9736,0.7549,3.2492
92.9738,0.7112,3.0637
92.9740,0.6731,2.8986
92.9742,0.6868,2.9588
92.9744,0.6041,2.6036
92.9746,0.6004,2.5876
92.9748,0.6131,2.6448
92.9750,0.5986,2.5822
92.9752,0.564,2.4321
92.9754,0.5693,2.4514
92.9756,0.6303,2.7155
92.9758,0.6264,2.6972
92.9760,0.6562,2.8258
92.9762,0.6899,2.9667
92.9764,0.7259,3.1272
92.9766,0.6956,2.9965
92.9768,0.6731,2.8986
92.9770,0.6536,2.8157
92.9772,0.6656,2.8674
92.9774,0.658,2.8309
92.9776,0.7108,3.0578
92.9778,0.7172,3.0895
92.9780,0.6429,2.7723
92.9782,0.6029,2.5972
92.9784,0.6097,2.6279
92.9786,0.6285,2.7115
92.9788,0.6086,2.6208
92.9790,0.6415,2.7597
92.9792,0.6427,2.7661
92.9794,0.6923,2.9798
92.9796,0.7043,3.0328
92.9798,0.6269,2.7068
92.9800,0.4819,2.0828
92.9802,0.4543,1.9627
92.9804,0.4502,1.9432
92.9806,0.4519,1.9523
92.9808,0.4494,1.9405
92.9810,0.4747,2.0479
92.9812,0.4592,1.9839
92.9814,0.4474,1.9326
92.9816,0.4477,1.9342
92.9818,0.4638,1.9999
92.9820,0.4899,2.1155
92.9822,0.4578,1.9759
92.9824,0.5078,2.1927
92.9826,0.4519,1.9514
92.9828,0.4438,1.9162
92.9830,0.447,1.9302
92.9832,0.4432,1.9118
92.9834,0.4424,1.9105
92.9836,0.4468,1.9291
92.9838,0.4469,1.9288
92.9840,0.4472,1.9294
92.9842,0.4439,1.9167
92.9844,0.4454,1.9234
92.9846,0.4476,1.931
92.9848,0.4493,1.9373
92.9850,0.4476,1.9328
92.9852,0.4442,1.9191
92.9854,0.4606,1.9859
92.9856,0.5138,2.2144
92.9858,0.5241,2.2589
92.9860,0.5741,2.4721
92.9862,0.594,2.5554
92.9864,0.5725,2.4677
92.9866,0.5576,2.4031
92.9868,0.5791,2.4961
92.9870,0.5494,2.369
92.9872,0.5704,2.4561
92.9874,0.5746,2.4788
92.9876,0.5148,2.2196
92.9878,0.509,2.1938
92.9880,0.5059,2.1803
92.9882,0.4957,2.1364
92.9884,0.4845,2.0903
92.9886,0.4992,2.1514
92.9888,0.6065,2.6091
92.9890,0.698,2.9985
92.9892,0.6984,3.0033
92.9894,0.6445,2.7777
92.9896,0.5782,2.4885
92.9898,0.5982,2.5735
92.9900,0.6126,2.6366
92.9902,0.5817,2.5058
92.9904,0.6434,2.7667
92.9906,0.6916,2.9712
92.9908,0.7586,3.2621
92.9910,0.7091,3.0492
92.9912,0.6311,2.7186
92.9914,0.5983,2.574
92.9916,0.5947,2.5645
92.9918,0.4983,2.1498
92.9920,0.5492,2.3647
92.9922,0.5773,2.486
92.9924,0.599,2.5819
92.9926,0.5482,2.3628
92.9928,0.586,2.5197
92.9930,0.6312,2.7166
92.9932,0.6118,2.6367
92.9934,0.4803,2.0741
92.9936,0.3957,1.7086
92.9938,0.4245,1.8337
92.9940,0.3922,1.6943
92.9942,0.3791,1.6364
92.9944,0.4253,1.8331
92.9946,0.4893,2.11
92.9948,0.4996,2.1535
92.9950,0.5423,2.3385
92.9952,0.4873,2.0983
92.9954,0.5486,2.3654
92.9956,0.5342,2.3012
92.9958,0.6005,2.5821
92.9960,0.6721,2.8899
92.9962,0.6597,2.8355
92.9964,0.7454,3.201
92.9966,0.8255,3.5399
92.9968,0.8627,3.6941
92.9970,0.9655,4.1361
92.9972,0.9047,3.8793
92.9974,0.9315,3.987
92.9976,1.0377,4.437
92.9978,1.0789,4.6112
92.9980,1.1144,4.7629
92.9982,1.0986,4.7041
92.9984,1.0453,4.4698
92.9986,1.0883,4.6512
92.9988,1.1693,4.9976
92.9990,1.1432,4.8905
92.9992,1.015,4.3482
92.9994,0.9741,4.1731
92.9996,1.022,4.3658
92.9998,1.0969,4.6947
93.0000,1.0898,4.6644
93.0002,1.0849,4.6499
93.0004,1.0402,4.4478
93.0006,1.1125,4.7614
93.0008,1.0801,4.6293
93.0010,1.0013,4.2937
93.0012,0.8703,3.7422
93.0014,0.7626,3.2761
93.0016,0.8773,3.7638
93.0018,0.9242,3.9631
93.0020,0.9318,3.9955
93.0022,0.9791,4.1947
93.0024,1.0192,4.3581
93.0026,1.1038,4.72
93.0028,1.1026,4.7259
93.0030,0.9585,4.114
93.0032,0.8977,3.8566
93.0034,0.8531,3.6684
93.0036,0.7512,3.2317
93.0038,0.8031,3.4486
93.0040,0.8325,3.5748
93.0042,0.862,3.7014
93.0044,0.8594,3.6952
93.0046,0.7922,3.4049
93.0048,0.817,3.51
93.0050,0.8538,3.6698
93.0052,0.8643,3.7129
93.0054,0.8052,3.459
93.0056,0.8332,3.5762
93.0058,0.8228,3.5363
93.0060,0.7931,3.4117
93.0062,0.7477,3.2212
93.0064,0.6893,2.9655
93.0066,0.7139,3.0741
93.0068,0.7257,3.1233
93.0070,0.6919,2.9791
93.0072,0.6859,2.9533
93.0074,0.6854,2.954
93.0076,0.6847,2.9495
93.0078,0.6884,2.9641
93.0080,0.6928,2.9819
93.0082,0.7074,3.0505
93.0084,0.5992,2.5848
93.0086,0.5787,2.4952
93.0088,0.6037,2.5984
93.0090,0.6884,2.9628
93.0092,0.6797,2.9283
93.0094,0.646,2.7832
93.0096,0.6425,2.7715
93.0098,0.5856,2.524
93.0100,0.6203,2.6734
93.0102,0.5926,2.554
93.0104,0.6276,2.7036
93.0106,0.6247,2.6912
93.0108,0.5915,2.5481
93.0110,0.5477,2.3629
93.0112,0.5377,2.3194
93.0114,0.5895,2.5382
93.0116,0.6188,2.6647
93.0118,0.6044,2.6076
93.0120,0.5413,2.3317
93.0122,0.6413,2.7587
93.0124,0.6538,2.8194
93.0126,0.5887,2.5374
93.0128,0.6157,2.6549
93.0130,0.6118,2.6367
93.0132,0.613,2.6406
93.0134,0.6098,2.6296
93.0136,0.5308,2.29
93.0138,0.5282,2.2765
93.0140,0.52,2.2434
93.0142,0.5223,2.2532
93.0144,0.512,2.2087
93.0146,0.5173,2.2315
93.0148,0.5246,2.2641
93.0150,0.5179,2.2341
93.0152,0.5151,2.2212
93.0154,0.5817,2.5011
93.0156,0.6934,2.9844
93.0158,0.6071,2.6104
93.0160,0.6213,2.6805
93.0162,0.5512,2.3768
93.0164,0.6029,2.596
93.0166,0.6724,2.8928
93.0168,0.6721,2.8912
93.0170,0.709,3.0515
93.0172,0.6902,2.9691
93.0174,0.7038,3.0251
93.0176,0.6928,2.9819
93.0178,0.6761,2.9128
93.0180,0.6765,2.9103
93.0182,0.7278,3.1311
93.0184,0.6649,2.8656
93.0186,0.6242,2.6892
93.0188,0.6299,2.7109
93.0190,0.6326,2.7228
93.0192,0.6487,2.7919
93.0194,0.6775,2.9185
93.0196,0.6578,2.8285
93.0198,0.7331,3.1538
93.0200,0.717,3.0847
93.0202,0.7664,3.2911
93.0204,0.7998,3.4342
93.0206,0.8086,3.4755
93.0208,0.7759,3.3395
93.0210,0.7411,3.1869
93.0212,0.7365,3.1668
93.0214,0.7538,3.237
93.0216,0.8694,3.7281
93.0218,0.9251,3.9685
93.0220,0.8342,3.5836
93.0222,0.7974,3.4271
93.0224,0.7507,3.2296
93.0226,0.6838,2.9432
93.0228,0.7047,3.0344
93.0230,0.7235,3.114
93.0232,0.6815,2.932
93.0234,0.6354,2.7385
93.0236,0.6223,2.6784
93.0238,0.6811,2.934
93.0240,0.6044,2.6039
93.0242,0.5779,2.4921
93.0244,0.5869,2.5297
93.0246,0.5547,2.394
93.0248,0.4746,2.0492
93.0250,0.4668,2.0137
93.0252,0.4683,2.0214
93.0254,0.4721,2.0384
93.0256,0.5088,2.1917
93.0258,0.5939,2.562
93.0260,0.4827,2.0854
93.0262,0.4366,1.8877
93.0264,0.3883,1.678
93.0266,0.3921,1.693
93.0268,0.3874,1.6736
93.0270,0.3974,1.7158
93.0272,0.4,1.728
93.0274,0.403,1.7402
93.0276,0.4056,1.7515
93.0278,0.4132,1.7842
93.0280,0.4468,1.9273
93.0282,0.4995,2.1529
93.0284,0.535,2.307
93.0286,0.5004,2.1586
93.0288,0.5035,2.171
93.0290,0.5556,2.3881
93.0292,0.633,2.7256
93.0294,0.5963,2.5676
93.0296,0.6385,2.7442
93.0298,0.7596,3.2617
93.0300,0.8048,3.4606
93.0302,0.7956,3.4114
93.0304,0.8667,3.718
93.0306,0.861,3.6938
93.0308,0.8903,3.814
93.0310,0.9655,4.1342
93.0312,1.0267,4.3986
93.0314,1.0084,4.324
93.0316,0.9235,3.96
93.0318,0.9338,3.9967
93.0320,0.9963,4.2701
93.0322,0.9837,4.2142
93.0324,0.9933,4.2553
93.0326,0.9928,4.2492
93.0328,1.0839,4.6371
93.0330,1.1058,4.7349
93.0332,1.0794,4.6154
93.0334,1.1174,4.7802
93.0336,1.0478,4.4953
93.0338,0.9277,3.9799
93.0340,0.9026,3.8723
93.0342,0.896,3.8458
93.0344,0.8826,3.79
93.0346,0.8465,3.6418
93.0348,0.7908,3.394
93.0350,0.8672,3.7218
93.0352,0.8377,3.6053
93.0354,0.7058,3.0362
93.0356,0.7101,3.0562
93.0358,0.7556,3.2402
93.0360,0.8751,3.7575
93.0362,0.8339,3.5809
93.0364,0.8452,3.6327
93.0366,0.8456,3.6292
93.0368,0.8742,3.7592
93.0370,0.7315,3.1485
93.0372,0.7031,3.0276
93.0374,0.7056,3.0357
93.0376,0.7163,3.0816
93.0378,0.7241,3.1166
93.0380,0.6958,2.9948
93.0382,0.7239,3.1112
93.0384,0.7613,3.275
93.0386,0.7101,3.0562
93.0388,0.7365,3.1697
93.0390,0.7627,3.2827
93.0392,0.7337,3.1564
93.0394,0.7796,3.3524
93.0396,0.8079,3.4741
93.0398,0.7693,3.3096
93.0400,0.7614,3.2755
93.0402,0.764,3.2853
93.0404,0.7544,3.2441
93.0406,0.8392,3.612
93.0408,0.7555,3.2487
93.0410,0.7504,3.2296
93.0412,0.7471,3.2126
93.0414,0.8401,3.6106
93.0416,0.8149,3.504
93.0418,0.771,3.3214
93.0420,0.6199,2.6706
93.0422,0.6878,2.9657
93.0424,0.6255,2.6948
93.0426,0.6089,2.6255
93.0428,0.6115,2.6381
93.0430,0.5613,2.4191
93.0432,0.5873,2.5336
93.0434,0.5197,2.2429
93.0436,0.467,2.0194
93.0438,0.4059,1.7558
93.0440,0.4031,1.7407
93.0442,0.447,1.9293
93.0444,0.4481,1.9357
93.0446,0.4442,1.9191
93.0448,0.4475,1.9331
93.0450,0.4465,1.9272
93.0452,0.4471,1.9307
93.0454,0.4458,1.9259
93.0456,0.4451,1.9228
93.0458,0.4535,1.9581
93.0460,0.4615,1.9919
93.0462,0.4495,1.941
93.0464,0.4453,1.9229
93.0466,0.4764,2.0532
93.0468,0.5218,2.2501
93.0470,0.4674,2.0191
93.0472,0.45,1.9431
93.0474,0.4872,2.1017
93.0476,0.5049,2.1792
93.0478,0.4705,2.0298
93.0480,0.4674,2.0182
93.0482,0.4667,2.0151
93.0484,0.4651,2.0074
93.0486,0.4915,2.1173
93.0488,0.4996,2.1545
93.0490,0.4624,1.9964
93.0492,0.4468,1.93
93.0494,0.4399,1.8987
93.0496,0.4402,1.8989
93.0498,0.4432,1.9118
93.0500,0.4477,1.9342
93.0502,0.4459,1.9237
93.0504,0.4446,1.9171
93.0506,0.4471,1.9289
93.0508,0.4842,2.0858
93.0510,0.5393,2.3278
93.0512,0.4674,2.0173
93.0514,0.4691,2.0226
93.0516,0.5306,2.2857
93.0518,0.5484,2.3627
93.0520,0.5396,2.3256
93.0522,0.5385,2.3241
93.0524,0.4658,2.0068
93.0526,0.5225,2.2511
93.0528,0.583,2.5091
93.0530,0.6076,2.6137
93.0532,0.6558,2.8211
93.0534,0.6857,2.9542
93.0536,0.5782,2.4908
93.0538,0.5763,2.4802
93.0540,0.5721,2.4633
93.0542,0.5502,2.3716
93.0544,0.5564,2.3968
93.0546,0.5767,2.4835
93.0548,0.6192,2.6625
93.0550,0.6241,2.6824
93.0552,0.7005,3.0079
93.0554,0.7422,3.1871
93.0556,0.7558,3.2513
93.0558,0.6819,2.9308
93.0560,0.6925,2.9803
93.0562,0.632,2.7177
93.0564,0.6757,2.9054
93.0566,0.6655,2.8629
93.0568,0.6493,2.7932
93.0570,0.6348,2.7295
93.0572,0.6835,2.9389
93.0574,0.7042,3.0295
93.0576,0.6977,3.0002
93.0578,0.701,3.0141
93.0580,0.6982,3.0051
93.0582,0.6154,2.6509
93.0584,0.5895,2.5394
93.0586,0.5781,2.4891
93.0588,0.6439,2.7687
93.0590,0.6703,2.8822
93.0592,0.6103,2.6317
93.0594,0.5315,2.2909
93.0596,0.6088,2.6189
93.0598,0.7091,3.0464
93.0600,0.6938,2.9901
93.0602,0.5537,2.3865
93.0604,0.5881,2.5301
93.0606,0.6863,2.9499
93.0608,0.6813,2.9296
93.0610,0.6423,2.7646
93.0612,0.621,2.6752
93.0614,0.6043,2.6034
93.0616,0.5734,2.4678
93.0618,0.5908,2.5439
93.0620,0.5429,2.3368
93.0622,0.6142,2.6396
93.0624,0.751,3.2276
93.0626,0.7432,3.1927
93.0628,0.7851,3.3729
93.0630,0.7836,3.3647
93.0632,0.8185,3.508
93.0634,0.9068,3.8903
93.0636,0.8453,3.6231
93.0638,0.8911,3.8176
93.0640,0.9407,4.0279
93.0642,0.9561,4.1018
93.0644,0.9108,3.9073
93.0646,0.8958,3.8412
93.0648,0.9154,3.925
93.0650,0.8904,3.8252
93.0652,0.8413,3.6039
93.0654,0.9368,4.0096
93.0656,0.9901,4.2434
93.0658,0.9384,4.0238
93.0660,1.0007,4.2771
93.0662,1.0696,4.5755
93.0664,1.0655,4.5645
93.0666,1.0002,4.2891
93.0668,0.9686,4.1475
93.0670,0.9594,4.1156
93.0672,0.9062,3.8896
93.0674,0.9127,3.9137
93.0676,0.9353,4.016
93.0678,0.8476,3.643
93.0680,0.8206,3.5271
93.0682,0.7781,3.3394
93.0684,0.8782,3.7674
93.0686,0.8811,3.785
93.0688,0.8251,3.5445
93.0690,0.8414,3.6112
93.0692,0.9179,3.934
93.0694,0.9588,4.1112
93.0696,0.9112,3.9143
93.0698,0.8311,3.5653
93.0700,0.8425,3.6192
93.0702,0.7824,3.3642
93.0704,0.7254,3.1222
93.0706,0.7251,3.1207
93.0708,0.7586,3.2591
93.0710,0.7939,3.4121
93.0712,0.7673,3.2962
93.0714,0.764,3.2823
93.0716,0.7817,3.3611
93.0718,0.7644,3.2838
93.0720,0.7911,3.3971
93.0722,0.7904,3.4004
93.0724,0.771,3.3168
93.0726,0.8054,3.46
93.0728,0.7855,3.3776
93.0730,0.8026,3.4482
93.0732,0.8235,3.5378
93.0734,0.8353,3.5899
93.0736,0.7794,3.3545
93.0738,0.6948,2.9934
93.0740,0.6703,2.8848
93.0742,0.717,3.0861
93.0744,0.7113,3.0613
93.0746,0.6765,2.9144
93.0748,0.6678,2.8767
93.0750,0.656,2.8234
93.0752,0.6583,2.8359
93.0754,0.6712,2.889
93.0756,0.7592,3.2647
93.0758,0.7938,3.4069
93.0760,0.8038,3.4694
93.0762,0.6008,2.5884
93.0764,0.6716,2.8892
93.0766,0.6974,3.0043
93.0768,0.6701,2.8883
93.0770,0.6574,2.8309
93.0772,0.6934,2.9844
93.0774,0.6963,2.9996
93.0776,0.6707,2.8896
93.0778,0.6278,2.7034
93.0780,0.6291,2.7116
93.0782,0.6586,2.8374
93.0784,0.6712,2.889
93.0786,0.6724,2.8968
93.0788,0.7168,3.0836
93.0790,0.7809,3.3612
93.0792,0.6964,2.9973
93.0794,0.7012,3.0208
93.0796,0.6506,2.8054
93.0798,0.557,2.4038
93.0800,0.5363,2.3137
93.0802,0.5325,2.2983
93.0804,0.5355,2.3112
93.0806,0.5452,2.3509
93.0808,0.5386,2.3225
93.0810,0.5482,2.3639
93.0812,0.5366,2.3148
93.0814,0.533,2.2961
93.0816,0.6103,2.6317
93.0818,0.5577,2.4047
93.0820,0.5423,2.3342
93.0822,0.691,2.9714
93.0824,0.6981,3.0115
93.0826,0.5571,2.4021
93.0828,0.5324,2.2956
93.0830,0.5321,2.2956
93.0832,0.5291,2.2806
93.0834,0.53,2.2863
93.0836,0.5379,2.3183
93.0838,0.5736,2.4746
93.0840,0.53,2.2863
93.0842,0.5247,2.2646
93.0844,0.5243,2.261
93.0846,0.5231,2.2548
93.0848,0.5242,2.2584
93.0850,0.526,2.2682
93.0852,0.5233,2.2574
93.0854,0.5433,2.3416
93.0856,0.6086,2.6208
93.0858,0.594,2.559
93.0860,0.6421,2.7648
93.0862,0.6715,2.89
93.0864,0.6468,2.7824
93.0866,0.6458,2.7808
93.0868,0.6395,2.7535
93.0870,0.6325,2.7223
93.0872,0.627,2.6973
93.0874,0.6542,2.817
93.0876,0.6417,2.7646
93.0878,0.6945,2.9863
93.0880,0.7049,3.0283
93.0882,0.7546,3.2446
93.0884,0.752,3.2323
93.0886,0.7739,3.323
93.0888,0.8067,3.4657
93.0890,0.7994,3.4358
93.0892,0.7713,3.3153
93.0894,0.7362,3.1657
93.0896,0.7373,3.1718
93.0898,0.6993,3.0055
93.0900,0.7246,3.1186
93.0902,0.6044,2.6088
93.0904,0.5019,2.1673
93.0906,0.4799,2.0701
93.0908,0.4784,2.0629
93.0910,0.5007,2.1601
93.0912,0.4907,2.1176
93.0914,0.4929,2.1255
93.0916,0.514,2.2124
93.0918,0.6066,2.6084
93.0920,0.7393,3.1732
93.0922,0.7857,3.3818
93.0924,0.6512,2.8067
93.0926,0.6094,2.6263
93.0928,0.505,2.1818
93.0930,0.409,1.7677
93.0932,0.4134,1.7827
93.0934,0.4766,2.0552
93.0936,0.5089,2.1953
93.0938,0.5578,2.4063
93.0940,0.5281,2.2759
93.0942,0.5089,2.1953
93.0944,0.4501,1.9436
93.0946,0.4418,1.9061
93.0948,0.4865,2.0976
93.0950,0.5022,2.1633
93.0952,0.5195,2.2424
93.0954,0.4962,2.1405
93.0956,0.5628,2.4191
93.0958,0.662,2.8492
93.0960,0.6667,2.8694
93.0962,0.6746,2.8953
93.0964,0.7687,3.3008
93.0966,0.7669,3.2885
93.0968,0.8881,3.803
93.0970,0.9615,4.123
93.0972,0.9631,4.1297
93.0974,0.9836,4.2097
93.0976,0.9982,4.2783
93.0978,0.9759,4.1808
93.0980,0.9832,4.2082
93.0982,0.9613,4.1162
93.0984,1.0222,4.3688
93.0986,1.1365,4.8595
93.0988,1.1471,4.9074
93.0990,1.1145,4.7657
93.0992,1.1071,4.7339
93.0994,1.1348,4.85
93.0996,1.119,4.7914
93.0998,0.9754,4.1826
93.1000,0.9727,4.1669
93.1002,1.01,4.3226
93.1004,1.0555,4.524
93.1006,0.9586,4.1126
93.1008,0.9395,4.0303
93.1010,0.9717,4.1628
93.1012,0.9606,4.1227
93.1014,0.8543,3.6736
93.1016,0.7929,3.4096
93.1018,0.8179,3.5103
93.1020,0.8597,3.6933
93.1022,0.8737,3.7519
93.1024,0.8384,3.6
93.1026,0.8016,3.4435
93.1028,0.8379,3.5996
93.1030,0.8612,3.6995
93.1032,0.864,3.7084
93.1034,0.9211,3.9608
93.1036,0.7999,3.4427
93.1038,0.751,3.2276
93.1040,0.8095,3.4775
93.1042,0.8145,3.504
93.1044,0.7953,3.4183
93.1046,0.8004,3.4368
93.1048,0.8504,3.6549
93.1050,0.8195,3.5241
93.1052,0.8173,3.5175
93.1054,0.7401,3.1852
93.1056,0.7112,3.0594
93.1058,0.7531,3.2384
93.1060,0.7947,3.4237
93.1062,0.6681,2.8796
93.1064,0.6275,2.7019
93.1066,0.7178,3.0892
93.1068,0.7299,3.1457
93.1070,0.6172,2.6587
93.1072,0.6505,2.8036
93.1074,0.6269,2.7018
93.1076,0.616,2.6547
93.1078,0.6472,2.7922
93.1080,0.598,2.5796
93.1082,0.5803,2.5024
93.1084,0.5871,2.5314
93.1086,0.6043,2.6046
93.1088,0.6319,2.721
93.1090,0.6838,2.9418
93.1092,0.6326,2.7316
93.1094,0.4801,2.0731
93.1096,0.5001,2.1575
93.1098,0.5566,2.4045
93.1100,0.4729,2.0429
93.1102,0.4487,1.9383
93.1104,0.4404,1.9026
93.1106,0.4424,1.9114
93.1108,0.4438,1.9162
93.1110,0.4615,1.9919
93.1112,0.4504,1.9456
93.1114,0.4535,1.9608
93.1116,0.4528,1.9559
93.1118,0.4538,1.9588
93.1120,0.4537,1.9601
93.1122,0.4727,2.04
93.1124,0.5496,2.3657
93.1126,0.6865,2.9545
93.1128,0.5855,2.5223
93.1130,0.5597,2.4157
93.1132,0.4755,2.0534
93.1134,0.4556,1.9674
93.1136,0.4564,1.9706
93.1138,0.492,2.1224
93.1140,0.5489,2.3648
93.1142,0.6079,2.6177
93.1144,0.5766,2.4864
93.1146,0.5938,2.5615
93.1148,0.5012,2.1622
93.1150,0.4606,1.9887
93.1152,0.4488,1.9379
93.1154,0.4814,2.0739
93.1156,0.5372,2.3163
93.1158,0.4677,2.0188
93.1160,0.4763,2.0527
93.1162,0.5483,2.3622
93.1164,0.5678,2.4459
93.1166,0.5944,2.5617
93.1168,0.5938,2.558
93.1170,0.6436,2.769
93.1172,0.6662,2.8673
93.1174,0.6267,2.6975
93.1176,0.6425,2.7651
93.1178,0.6799,2.9248
93.1180,0.7068,3.0436
93.1182,0.5758,2.4816
93.1184,0.5648,2.4341
93.1186,0.5839,2.5168
93.1188,0.5989,2.5766
93.1190,0.6435,2.7685
93.1192,0.6506,2.8015
93.1194,0.649,2.7935
93.1196,0.6459,2.7775
93.1198,0.6612,2.8469
93.1200,0.6689,2.8792
93.1202,0.6478,2.7909
93.1204,0.5771,2.4873
93.1206,0.5436,2.342
93.1208,0.582,2.505
93.1210,0.6077,2.6167
93.1212,0.5919,2.5473
93.1214,0.7434,3.1967
93.1216,0.7459,3.2061
93.1218,0.7401,3.1749
93.1220,0.8047,3.4522
93.1222,0.8682,3.723
93.1224,0.8654,3.7142
93.1226,0.7693,3.3081
93.1228,0.7093,3.0526
93.1230,0.7125,3.0623
93.1232,0.7366,3.1718
93.1234,0.6064,2.6171
93.1236,0.4946,2.1338
93.1238,0.4813,2.0764
93.1240,0.4895,2.1106
93.1242,0.5137,2.2181
93.1244,0.4772,2.0588
93.1246,0.4771,2.0583
93.1248,0.473,2.0416
93.1250,0.5,2.1571
93.1252,0.5549,2.3917
93.1254,0.5263,2.2735
93.1256,0.4133,1.7839
93.1258,0.413,1.7815
93.1260,0.3982,1.7187
93.1262,0.3977,1.7182
93.1264,0.4002,1.7291
93.1266,0.3994,1.7255
93.1268,0.3976,1.7169
93.1270,0.4326,1.8663
93.1272,0.4345,1.8764
93.1274,0.4026,1.7386
93.1276,0.4024,1.736
93.1278,0.4445,1.9149
93.1280,0.5268,2.2724
93.1282,0.5389,2.3203
93.1284,0.5679,2.4476
93.1286,0.5375,2.3125
93.1288,0.6326,2.7228
93.1290,0.6296,2.7112
93.1292,0.6475,2.7842
93.1294,0.6475,2.7817
93.1296,0.7069,3.0395
93.1298,0.7338,3.1525
93.1300,0.8217,3.5203
93.1302,0.9256,3.967
93.1304,0.895,3.8395
93.1306,0.863,3.7004
93.1308,0.9034,3.8719
93.1310,0.8913,3.8182
93.1312,0.9578,4.1014
93.1314,0.9601,4.1169
93.1316,0.9557,4.0921
93.1318,1.0108,4.3324
93.1320,0.9732,4.1652
93.1322,1.0209,4.3715
93.1324,1.0505,4.4983
93.1326,1.0198,4.3668
93.1328,0.9657,4.143
93.1330,0.9166,3.9321
93.1332,0.9571,4.0945
93.1334,1.0408,4.4588
93.1336,0.9402,4.0391
93.1338,0.8411,3.6102
93.1340,0.8666,3.721
93.1342,0.8728,3.7426
93.1344,0.8807,3.78
93.1346,0.8293,3.5626
93.1348,0.8463,3.6374
93.1350,0.794,3.4127
93.1352,0.7819,3.356
93.1354,0.8613,3.6949
93.1356,0.9101,3.9007
93.1358,0.9206,3.9496
93.1360,0.8914,3.8258
93.1362,0.8997,3.8596
93.1364,0.9437,4.0483
93.1366,0.9232,3.9622
93.1368,0.8788,3.7718
93.1370,0.8512,3.6551
93.1372,0.8684,3.7305
93.1374,0.8595,3.689
93.1376,0.848,3.6446
93.1378,0.8416,3.614
93.1380,0.8645,3.7106
93.1382,0.8455,3.627
93.1384,0.84,3.6084
93.1386,0.8384,3.6001
93.1388,0.8525,3.6608
93.1390,0.8981,3.8493
93.1392,0.9675,4.1507
93.1394,0.9764,4.1946
93.1396,0.9117,3.9165
93.1398,0.8477,3.6368
93.1400,0.9114,3.91
93.1402,0.9173,3.937
93.1404,0.8453,3.6333
93.1406,0.7576,3.2667
93.1408,0.6517,2.8062
93.1410,0.7009,3.0165
93.1412,0.7118,3.0606
93.1414,0.7435,3.1958
93.1416,0.8123,3.4878
93.1418,0.8647,3.7076
93.1420,0.978,4.1994
93.1422,0.8081,3.4811
93.1424,0.6595,2.8437
93.1426,0.6577,2.8333
93.1428,0.6517,2.8101
93.1430,0.56,2.4179
93.1432,0.4908,2.1182
93.1434,0.4878,2.1053
93.1436,0.4951,2.1358
93.1438,0.5438,2.348
93.1440,0.5355,2.3112
93.1442,0.5329,2.2988
93.1444,0.5679,2.4487
93.1446,0.5645,2.4365
93.1448,0.5339,2.3056
93.1450,0.5317,2.2926
93.1452,0.5783,2.4902
93.1454,0.6061,2.6136
93.1456,0.5433,2.3449
93.1458,0.5426,2.3407
93.1460,0.526,2.2693
93.1462,0.5276,2.275
93.1464,0.5282,2.2786
93.1466,0.5296,2.2848
93.1468,0.5464,2.3551
93.1470,0.56,2.4135
93.1472,0.5313,2.291
93.1474,0.5332,2.3025
93.1476,0.5302,2.2885
93.1478,0.5252,2.2646
93.1480,0.5254,2.2678
93.1482,0.5793,2.4955
93.1484,0.5776,2.486
93.1486,0.6138,2.6418
93.1488,0.5825,2.5129
93.1490,0.5408,2.3329
93.1492,0.5801,2.5003
93.1494,0.5578,2.4053
93.1496,0.5397,2.3283
93.1498,0.5366,2.3138
93.1500,0.5351,2.3065
93.1502,0.5365,2.3122
93.1504,0.5324,2.2957
93.1506,0.5387,2.3241
93.1508,0.5384,2.3226
93.1510,0.5222,2.2528
93.1512,0.5206,2.245
93.1514,0.524,2.2584
93.1516,0.5275,2.2734
93.1518,0.5416,2.3322
93.1520,0.6238,2.6822
93.1522,0.7346,3.1556
93.1524,0.7754,3.3313
93.1526,0.7625,3.2741
93.1528,0.757,3.2565
93.1530,0.7134,3.0721
93.1532,0.6546,2.8134
93.1534,0.6832,2.9352
93.1536,0.7433,3.1932
93.1538,0.742,3.1891
93.1540,0.7679,3.2973
93.1542,0.8341,3.5748
93.1544,0.8774,3.7709
93.1546,0.8006,3.4379
93.1548,0.8322,3.5733
93.1550,0.7873,3.3823
93.1552,0.7607,3.271
93.1554,0.7337,3.1594
93.1556,0.7137,3.0674
93.1558,0.6751,2.9082
93.1560,0.6386,2.7499
93.1562,0.6561,2.8214
93.1564,0.6693,2.8781
93.1566,0.6769,2.9106
93.1568,0.7105,3.0564
93.1570,0.689,2.9668
93.1572,0.6819,2.9309
93.1574,0.7621,3.2756
93.1576,0.6896,2.9735
93.1578,0.63,2.714
93.1580,0.6563,2.8232
93.1582,0.688,2.9599
93.1584,0.6859,2.9547
93.1586,0.594,2.5626
93.1588,0.5445,2.3479
93.1590,0.5461,2.3557
93.1592,0.5389,2.3225
93.1594,0.5724,2.4661
93.1596,0.556,2.3975
93.1598,0.5817,2.5082
93.1600,0.561,2.417
93.1602,0.5167,2.2321
93.1604,0.4209,1.819
93.1606,0.4046,1.7477
93.1608,0.4161,1.7983
93.1610,0.3932,1.6985
93.1612,0.4067,1.7562
93.1614,0.4531,1.9539
93.1616,0.5196,2.2393
93.1618,0.5156,2.2222
93.1620,0.5602,2.41
93.1622,0.6456,2.7773
93.1624,0.6329,2.7251
93.1626,0.6608,2.8415
93.1628,0.6898,2.9663
93.1630,0.7476,3.2148
93.1632,0.7256,3.1184
93.1634,0.7503,3.2231
93.1636,0.7983,3.4249
93.1638,0.8584,3.6843
93.1640,0.8292,3.5604
93.1642,0.8385,3.6006
93.1644,0.8185,3.5129
93.1646,0.8464,3.6278
93.1648,0.8909,3.8291
93.1650,0.7601,3.2669
93.1652,0.8036,3.4459
93.1654,0.8915,3.8228
93.1656,0.9135,3.9151
93.1658,0.9308,3.9933
93.1660,0.9515,4.078
93.1662,0.9764,4.1829
93.1664,0.9198,3.9478
93.1666,0.9226,3.956
93.1668,0.9129,3.9198
93.1670,0.8425,3.6159
93.1672,0.8299,3.5652
93.1674,0.8211,3.5292
93.1676,0.8188,3.5178
93.1678,0.8169,3.5112
93.1680,0.7853,3.3751
93.1682,0.8305,3.5661
93.1684,0.8569,3.6759
93.1686,0.9184,3.9416
93.1688,0.9041,3.8786
93.1690,0.9404,4.0363
93.1692,0.9061,3.8873
93.1694,0.9715,4.1657
93.1696,0.9547,4.0976
93.1698,0.8422,3.6165
93.1700,0.8154,3.5012
93.1702,0.8236,3.5433
93.1704,0.7215,3.1081
93.1706,0.6967,2.997
93.1708,0.7251,3.1207
93.1710,0.7402,3.1813
93.1712,0.8093,3.4766
93.1714,0.7952,3.4211
93.1716,0.6857,2.9542
93.1718,0.6694,2.8813
93.1720,0.7048,3.0293
93.1722,0.7769,3.339
93.1724,0.7907,3.3999
93.1726,0.8107,3.486
93.1728,0.7451,3.2054
93.1730,0.7101,3.0534
93.1732,0.7872,3.3865
93.1734,0.7004,3.013
93.1736,0.7178,3.0907
93.1738,0.6959,2.9953
93.1740,0.713,3.0672
93.1742,0.7,3.0171
93.1744,0.6247,2.6913
93.1746,0.5926,2.5564
93.1748,0.6089,2.6231
93.1750,0.6482,2.7912
93.1752,0.6637,2.8565
93.1754,0.6995,3.0164
93.1756,0.5697,2.4599
93.1758,0.4941,2.1307
93.1760,0.5451,2.3505
93.1762,0.5669,2.4423
93.1764,0.5789,2.4951
93.1766,0.5757,2.4823
93.1768,0.5873,2.5325
93.1770,0.5934,2.5576
93.1772,0.6215,2.6748
93.1774,0.6596,2.8442
93.1776,0.5759,2.4845
93.1778,0.5402,2.3282
93.1780,0.5396,2.3278
93.1782,0.5435,2.3448
93.1784,0.5927,2.551
93.1786,0.7084,3.049
93.1788,0.6766,2.9136
93.1790,0.6639,2.8602
93.1792,0.6185,2.6681
93.1794,0.5796,2.4924
93.1796,0.654,2.8186
93.1798,0.5417,2.3392
93.1800,0.4891,2.109
93.1802,0.5152,2.2227
93.1804,0.472,2.0379
93.1806,0.4709,2.0332
93.1808,0.4757,2.052
93.1810,0.4639,2.0014
93.1812,0.4612,1.9904
93.1814,0.4518,1.9491
93.1816,0.4999,2.1555
93.1818,0.4645,2.0067
93.1820,0.4468,1.931
93.1822,0.4439,1.9167
93.1824,0.4488,1.9371
93.1826,0.4463,1.9271
93.1828,0.4421,1.9081
93.1830,0.4432,1.9119
93.1832,0.4577,1.9745
93.1834,0.5124,2.2114
93.1836,0.48,2.0726
93.1838,0.4494,1.9379
93.1840,0.4453,1.923
93.1842,0.4493,1.9409
93.1844,0.4491,1.9381
93.1846,0.4493,1.9382
93.1848,0.4462,1.9257
93.1850,0.4808,2.0733
93.1852,0.4584,1.9785
93.1854,0.4506,1.9466
93.1856,0.4559,1.9676
93.1858,0.5096,2.1944
93.1860,0.5857,2.5187
93.1862,0.6661,2.8628
93.1864,0.6841,2.9415
93.1866,0.6499,2.7946
93.1868,0.6438,2.7696
93.1870,0.5708,2.46
93.1872,0.5657,2.436
93.1874,0.5929,2.552
93.1876,0.5898,2.541
93.1878,0.6031,2.5959
93.1880,0.6595,2.8345
93.1882,0.665,2.8595
93.1884,0.6946,2.9869
93.1886,0.7378,3.174
93.1888,0.6527,2.8103
93.1890,0.6057,2.6055
93.1892,0.7095,3.0508
93.1894,0.7393,3.1792
93.1896,0.7296,3.136
93.1898,0.6495,2.7956
93.1900,0.6027,2.5962
93.1902,0.5904,2.5459
93.1904,0.52,2.2414
93.1906,0.5023,2.1659
93.1908,0.5065,2.186
93.1910,0.4944,2.1327
93.1912,0.4892,2.1085
93.1914,0.4862,2.0956
93.1916,0.4853,2.0905
93.1918,0.5839,2.5133
93.1920,0.6098,2.6309
93.1922,0.4315,1.8634
93.1924,0.4336,1.8696
93.1926,0.5402,2.3282
93.1928,0.5172,2.231
93.1930,0.425,1.8349
93.1932,0.3927,1.6957
93.1934,0.395,1.7031
93.1936,0.4559,1.9658
93.1938,0.4754,2.0501
93.1940,0.4733,2.0408
93.1942,0.522,2.2475
93.1944,0.5463,2.3534
93.1946,0.5615,2.4224
93.1948,0.5006,2.1556
93.1950,0.5438,2.3393
93.1952,0.641,2.7564
93.1954,0.6559,2.823
93.1956,0.6005,2.5809
93.1958,0.6837,2.9413
93.1960,0.7085,3.0439
93.1962,0.7655,3.2839
93.1964,0.781,3.355
93.1966,0.7608,3.2624
93.1968,0.8998,3.8511
93.1970,0.9528,4.0779
93.1972,0.9473,4.0543
93.1974,0.9871,4.2267
93.1976,0.9826,4.2155
93.1978,0.935,4.002
93.1980,0.9638,4.1271
93.1982,0.9235,3.9601
93.1984,0.9384,4.0182
93.1986,1.0051,4.2997
93.1988,1.0097,4.3217
93.1990,1.0401,4.4494
93.1992,1.0964,4.6862
93.1994,1.101,4.71
93.1996,1.0442,4.4648
93.1998,1.0348,4.4269
93.2000,1.0475,4.4896
93.2002,0.9334,4.006
93.2004,0.883,3.7863
93.2006,0.917,3.9341
93.2008,0.9326,4.001
93.2010,0.9295,3.9839
93.2012,0.9075,3.8948
93.2014,0.8672,3.7184
93.2016,0.9325,3.9986
93.2018,0.9537,4.0935
93.2020,0.8244,3.5415
93.2022,0.7819,3.3607
93.2024,0.8025,3.4477
93.2026,0.8353,3.5883
93.2028,0.7741,3.3272
93.2030,0.7782,3.3463
93.2032,0.7909,3.3977
93.2034,0.8173,3.5143
93.2036,0.7892,3.3921
93.2038,0.8112,3.4864
93.2040,0.7693,3.3081
93.2042,0.7631,3.2813
93.2044,0.7878,3.3828
93.2046,0.8268,3.5551
93.2048,0.7757,3.3339
93.2050,0.7697,3.3096
93.2052,0.7308,3.147
93.2054,0.6746,2.9075
93.2056,0.6716,2.8906
93.2058,0.6927,2.9772
93.2060,0.7223,3.106
93.2062,0.7272,3.1271
93.2064,0.7136,3.0712
93.2066,0.6917,2.9731
93.2068,0.7416,3.189
93.2070,0.7558,3.2544
93.2072,0.678,2.9179
93.2074,0.6664,2.8684
93.2076,0.6837,2.9413
93.2078,0.6874,2.9601
93.2080,0.6917,2.9731
93.2082,0.7691,3.3071
93.2084,0.7634,3.2813
93.2086,0.7985,3.4398
93.2088,0.6709,2.8902
93.2090,0.6474,2.7863
93.2092,0.6597,2.8395
93.2094,0.6952,2.9922
93.2096,0.6796,2.9238
93.2098,0.667,2.8723
93.2100,0.665,2.8675
93.2102,0.6057,2.6116
93.2104,0.5847,2.5187
93.2106,0.5909,2.5456
93.2108,0.6116,2.635
93.2110,0.5892,2.5407
93.2112,0.5269,2.2729
93.2114,0.5053,2.1808
93.2116,0.5082,2.1922
93.2118,0.6284,2.701
93.2120,0.7679,3.305
93.2122,0.6194,2.6723
93.2124,0.5369,2.3142
93.2126,0.538,2.321
93.2128,0.5301,2.2858
93.2130,0.5712,2.4598
93.2132,0.6333,2.7272
93.2134,0.631,2.7181
93.2136,0.6115,2.6369
93.2138,0.5627,2.4231
93.2140,0.5588,2.4094
93.2142,0.5557,2.3926
93.2144,0.6188,2.6623
93.2146,0.6606,2.8431
93.2148,0.6577,2.832
93.2150,0.6371,2.7419
93.2152,0.7471,3.2112
93.2154,0.7218,3.114
93.2156,0.5919,2.5533
93.2158,0.5458,2.3514
93.2160,0.5949,2.5615
93.2162,0.6468,2.7837
93.2164,0.6592,2.8374
93.2166,0.6636,2.8573
93.2168,0.6541,2.8139
93.2170,0.6474,2.785
93.2172,0.663,2.8521
93.2174,0.6962,2.9964
93.2176,0.6676,2.8735
93.2178,0.6208,2.6705
93.2180,0.6262,2.6962
93.2182,0.6569,2.8271
93.2184,0.6854,2.9444
93.2186,0.7669,3.2947
93.2188,0.737,3.1733
93.2190,0.6928,2.9736
93.2192,0.8135,3.4897
93.2194,0.871,3.7349
93.2196,0.8453,3.6333
93.2198,0.8097,3.4786
93.2200,0.8756,3.7562
93.2202,0.9154,3.9269
93.2204,0.8637,3.7121
93.2206,0.7306,3.1445
93.2208,0.7197,3.0889
93.2210,0.8808,3.777
93.2212,0.9495,4.066
93.2214,0.983,4.2171
93.2216,0.9793,4.1972
93.2218,1.0175,4.353
93.2220,1.0398,4.4609
93.2222,0.8072,3.4823
93.2224,0.5579,2.4069
93.2226,0.5175,2.2295
93.2228,0.5643,2.4309
93.2230,0.6065,2.6164
93.2232,0.5802,2.502
93.2234,0.5787,2.4918
93.2236,0.5916,2.5499
93.2238,0.5786,2.4924
93.2240,0.5987,2.5756
93.2242,0.6416,2.7603
93.2244,0.6216,2.6766
93.2246,0.6101,2.6331
93.2248,0.5289,2.2828
93.2250,0.5384,2.3204
93.2252,0.6333,2.7234
93.2254,0.6945,2.9891
93.2256,0.6169,2.6614
93.2258,0.4608,1.9897
93.2260,0.3923,1.6949
93.2262,0.3909,1.6887
93.2264,0.3911,1.6905
93.2266,0.3905,1.6879
93.2268,0.3844,1.6615
93.2270,0.3875,1.6734
93.2272,0.388,1.677
93.2274,0.3908,1.6874
93.2276,0.398,1.7184
93.2278,0.3983,1.7192
93.2280,0.419,1.8074
93.2282,0.471,2.0309
93.2284,0.5256,2.2651
93.2286,0.5708,2.4531
93.2288,0.6543,2.8176
93.2290,0.6224,2.679
93.2292,0.6596,2.8363
93.2294,0.6756,2.9049
93.2296,0.6943,2.9826
93.2298,0.7762,3.3328
93.2300,0.8453,3.6333
93.2302,0.7563,3.2458
93.2304,0.8417,3.6111
93.2306,0.8566,3.6732
93.2308,0.8644,3.7083
93.2310,0.8426,3.6198
93.2312,0.8403,3.6083
93.2314,0.8493,3.6503
93.2316,0.8523,3.6666
93.2318,0.8229,3.5287
93.2320,0.9379,4.0161
93.2322,1.0031,4.2935
93.2324,0.985,4.2199
93.2326,0.9949,4.26
93.2328,0.9745,4.1786
93.2330,0.9587,4.1126
93.2332,0.9043,3.8778
93.2334,0.9218,3.9547
93.2336,0.8955,3.8416
93.2338,0.884,3.7904
93.2340,0.8958,3.8431
93.2342,0.957,4.1016
93.2344,0.9838,4.2207
93.2346,0.9238,3.9685
93.2348,0.8957,3.839
93.2350,1.0143,4.3392
93.2352,1.0989,4.7013
93.2354,1.1264,4.821
93.2356,1.0711,4.5909
93.2358,1.0416,4.4603
93.2360,1.0383,4.4542
93.2362,0.9499,4.077
93.2364,0.948,4.0669
93.2366,0.9129,3.9198
93.2368,0.8539,3.6665
93.2370,0.8296,3.5691
93.2372,0.7714,3.3184
93.2374,0.8009,3.4437
93.2376,0.782,3.3643
93.2378,0.7893,3.3958
93.2380,0.7892,3.3905
93.2382,0.7753,3.3339
93.2384,0.7506,3.2292
93.2386,0.735,3.1592
93.2388,0.738,3.1809
93.2390,0.6289,2.7131
93.2392,0.6024,2.5928
93.2394,0.6649,2.8617
93.2396,0.7475,3.2157
93.2398,0.774,3.3282
93.2400,0.7597,3.2653
93.2402,0.7726,3.322
93.2404,0.8067,3.4657
93.2406,0.8054,3.4665
93.2408,0.7437,3.1992
93.2410,0.7667,3.2998
93.2412,0.709,3.0516
93.2414,0.6657,2.8706
93.2416,0.6288,2.7101
93.2418,0.661,2.8452
93.2420,0.7175,3.0911
93.2422,0.7122,3.0698
93.2424,0.6221,2.6812
93.2426,0.5971,2.5808
93.2428,0.4239,1.8311
93.2430,0.4007,1.7312
93.2432,0.4067,1.7587
93.2434,0.4121,1.7795
93.2436,0.4625,1.997
93.2438,0.4559,1.9685
93.2440,0.4516,1.9508
93.2442,0.4616,1.9924
93.2444,0.4968,2.1451
93.2446,0.4543,1.9618
93.2448,0.447,1.932
93.2450,0.4468,1.9274
93.2452,0.5543,2.3847
93.2454,0.6674,2.8765
93.2456,0.6162,2.6546
93.2458,0.5766,2.4853
93.2460,0.5506,2.3742
93.2462,0.5474,2.3614
93.2464,0.5558,2.3954
93.2466,0.5824,2.5089
93.2468,0.5517,2.3789
93.2470,0.5521,2.3805
93.2472,0.5542,2.3909
93.2474,0.553,2.3835
93.2476,0.5529,2.3852
93.2478,0.551,2.3725
93.2480,0.6082,2.62
93.2482,0.5606,2.416
93.2484,0.6082,2.6188
93.2486,0.5702,2.4574
93.2488,0.5504,2.3732
93.2490,0.5669,2.4457
93.2492,0.5609,2.4176
93.2494,0.5597,2.4147
93.2496,0.573,2.4686
93.2498,0.6205,2.6744
93.2500,0.5059,2.1824
93.2502,0.4612,1.9922
93.2504,0.4642,2.0015
93.2506,0.4738,2.0438
93.2508,0.469,2.024
93.2510,0.4698,2.0276
93.2512,0.4667,2.0133
93.2514,0.4685,2.021
93.2516,0.5089,2.1923
93.2518,0.5458,2.3557
93.2520,0.5066,2.1825
93.2522,0.5487,2.3616
93.2524,0.582,2.5074
93.2526,0.6188,2.6635
93.2528,0.6726,2.8866
93.2530,0.7814,3.357
93.2532,0.7193,3.0931
93.2534,0.7064,3.0374
93.2536,0.6732,2.9
93.2538,0.5751,2.4774
93.2540,0.583,2.5092
93.2542,0.6612,2.843
93.2544,0.753,3.238
93.2546,0.7377,3.1705
93.2548,0.7075,3.0449
93.2550,0.6744,2.9024
93.2552,0.6834,2.937
93.2554,0.7482,3.2159
93.2556,0.7242,3.1186
93.2558,0.6215,2.6773
93.2560,0.595,2.5632
93.2562,0.5899,2.5415
93.2564,0.6134,2.6378
93.2566,0.6712,2.8836
93.2568,0.7465,3.2086
93.2570,0.7813,3.3581
93.2572,0.6979,3.0036
93.2574,0.686,2.9511
93.2576,0.6618,2.8443
93.2578,0.66,2.8445
93.2580,0.5734,2.4679
93.2582,0.6251,2.6903
93.2584,0.579,2.4933
93.2586,0.5662,2.4415
93.2588,0.5037,2.1711
93.2590,0.5504,2.3743
93.2592,0.5386,2.3204
93.2594,0.532,2.2973
93.2596,0.4128,1.7835
93.2598,0.3928,1.6962
93.2600,0.4485,1.9355
93.2602,0.4061,1.7528
93.2604,0.4024,1.7368
93.2606,0.3944,1.7029
93.2608,0.4046,1.7461
93.2610,0.4157,1.7942
93.2612,0.4359,1.8803
93.2614,0.4885,2.1045
93.2616,0.564,2.4276
93.2618,0.591,2.5426
93.2620,0.6476,2.7848
93.2622,0.6542,2.8157
93.2624,0.666,2.865
93.2626,0.6584,2.8351
93.2628,0.6678,2.8687
93.2630,0.7621,3.2726
93.2632,0.781,3.3534
93.2634,0.8126,3.4812
93.2636,0.929,3.9856
93.2638,0.9035,3.8742
93.2640,0.9283,3.9788
93.2642,0.9636,4.1318
93.2644,0.9368,4.0134
93.2646,0.9277,3.9781
93.2648,0.8919,3.8208
93.2650,0.9631,4.124
93.2652,0.9675,4.1526
93.2654,0.9446,4.0411
93.2656,1.0783,4.6131
93.2658,1.1024,4.7162
93.2660,1.0763,4.613
93.2662,0.9871,4.2267
93.2664,0.9485,4.067
93.2666,0.9352,4.0137
93.2668,0.862,3.7015
93.2670,0.8326,3.5753
93.2672,0.825,3.544
93.2674,0.82,3.5246
93.2676,0.8125,3.4937
93.2678,0.7798,3.353
93.2680,0.744,3.1978
93.2682,0.7788,3.3442
93.2684,0.8382,3.5957
93.2686,0.8655,3.7147
93.2688,0.9034,3.8791
93.2690,0.8468,3.6378
93.2692,0.7958,3.4173
93.2694,0.8047,3.457
93.2696,0.787,3.3823
93.2698,0.7965,3.4235
93.2700,0.7969,3.4267
93.2702,0.7661,3.2942
93.2704,0.7326,3.1533
93.2706,0.7034,3.0259
93.2708,0.7396,3.1773
93.2710,0.7666,3.2932
93.2712,0.8094,3.4755
93.2714,0.7807,3.3586
93.2716,0.7075,3.0435
93.2718,0.7051,3.0303
93.2720,0.7814,3.3586
93.2722,0.8555,3.6754
93.2724,0.767,3.3014
93.2726,0.689,2.9668
93.2728,0.704,3.0271
93.2730,0.7451,3.2039
93.2732,0.7736,3.3236
93.2734,0.7817,3.3612
93.2736,0.7937,3.4112
93.2738,0.841,3.6097
93.2740,0.8602,3.6955
93.2742,0.847,3.6388
93.2744,0.8202,3.5234
93.2746,0.7758,3.3375
93.2748,0.8,3.4369
93.2750,0.8124,3.4964
93.2752,0.7458,3.21
93.2754,0.6778,2.9201
93.2756,0.6228,2.6855
93.2758,0.6034,2.6005
93.2760,0.6132,2.6417
93.2762,0.6239,2.6889
93.2764,0.6468,2.7837
93.2766,0.7034,3.0245
93.2768,0.7541,3.2426
93.2770,0.7525,3.2404
93.2772,0.6983,3.0057
93.2774,0.66,2.8418
93.2776,0.6495,2.7982
93.2778,0.6509,2.7987
93.2780,0.742,3.1861
93.2782,0.8293,3.5609
93.2784,0.828,3.5569
93.2786,0.8299,3.5685
93.2788,0.7806,3.3566
93.2790,0.7027,3.0256
93.2792,0.6829,2.9391
93.2794,0.6977,2.9989
93.2796,0.7483,3.2224
93.2798,0.6941,2.989
93.2800,0.5986,2.5823
93.2802,0.5601,2.4173
93.2804,0.5584,2.4067
93.2806,0.5657,2.4405
93.2808,0.5642,2.4327
93.2810,0.5718,2.4646
93.2812,0.5747,2.4736
93.2814,0.6738,2.8972
93.2816,0.665,2.8688
93.2818,0.5504,2.3743
93.2820,0.5363,2.3138
93.2822,0.5391,2.3257
93.2824,0.5324,2.2967
93.2826,0.5306,2.2879
93.2828,0.5215,2.2476
93.2830,0.5204,2.245
93.2832,0.5224,2.2548
93.2834,0.5229,2.2569
93.2836,0.5206,2.245
93.2838,0.5268,2.2735
93.2840,0.5246,2.2631
93.2842,0.5268,2.2714
93.2844,0.5357,2.3058
93.2846,0.6052,2.6071
93.2848,0.6114,2.6364
93.2850,0.5591,2.4076
93.2852,0.6386,2.7435
93.2854,0.7179,3.0883
93.2856,0.7282,3.1312
93.2858,0.7563,3.2489
93.2860,0.7675,3.2973
93.2862,0.784,3.3757
93.2864,0.6943,2.9881
93.2866,0.684,2.9437
93.2868,0.742,3.1891
93.2870,0.7871,3.3844
93.2872,0.7591,3.2627
93.2874,0.7423,3.1906
93.2876,0.7239,3.1141
93.2878,0.6621,2.8471
93.2880,0.7307,3.1377
93.2882,0.8338,3.5822
93.2884,0.7704,3.3174
93.2886,0.6857,2.9515
93.2888,0.6993,3.0112
93.2890,0.6299,2.7135
93.2892,0.5902,2.5449
93.2894,0.5831,2.512
93.2896,0.5841,2.5138
93.2898,0.6013,2.5954
93.2900,0.5016,2.1638
93.2902,0.5421,2.3386
93.2904,0.5125,2.2129
93.2906,0.4694,2.0242
93.2908,0.5384,2.3247
93.2910,0.4509,1.945
93.2912,0.4247,1.8322
93.2914,0.5232,2.2538
93.2916,0.5813,2.5066
93.2918,0.475,2.0518
93.2920,0.4036,1.7436
93.2922,0.3867,1.669
93.2924,0.3831,1.655
93.2926,0.3811,1.6454
93.2928,0.3928,1.6962
93.2930,0.4229,1.8253
93.2932,0.4785,2.0645
93.2934,0.5398,2.3288
93.2936,0.5031,2.1675
93.2938,0.4913,2.1213
93.2940,0.4132,1.785
93.2942,0.4106,1.7712
93.2944,0.4578,1.9731
93.2946,0.5226,2.247
93.2948,0.7148,3.0735
93.2950,0.7022,3.0222
93.2952,0.6592,2.8348
93.2954,0.7113,3.0571
93.2956,0.7553,3.2447
93.2958,0.8089,3.4718
93.2960,0.8105,3.4768
93.2962,0.8554,3.668
93.2964,0.9094,3.8976
93.2966,0.9123,3.9099
93.2968,0.8878,3.8122
93.2970,0.8539,3.6648
93.2972,0.8441,3.6231
93.2974,0.8372,3.5966
93.2976,0.8583,3.6855
93.2978,0.8672,3.7167
93.2980,0.9386,4.0192
93.2982,0.9651,4.1346
93.2984,1.0144,4.3458
93.2986,1.0653,4.5572
93.2988,1.1094,4.7482
93.2990,1.1029,4.7204
93.2992,1.0723,4.5896
93.2994,1.0596,4.5288
93.2996,1.1416,4.8862
93.2998,1.0156,4.355
93.3000,0.9748,4.1801
93.3002,1.0324,4.4207
93.3004,1.0987,4.7069
93.3006,0.9852,4.2283
93.3008,0.9197,3.9473
93.3010,0.8938,3.8361
93.3012,0.939,4.0245
93.3014,1.0439,4.47
93.3016,1.0522,4.5076
93.3018,1.0011,4.2967
93.3020,0.9181,3.9388
93.3022,0.8953,3.8554
93.3024,0.7,3.0143
93.3026,0.7126,3.0671
93.3028,0.7302,3.1429
93.3030,0.7012,3.0222
93.3032,0.675,2.9077
93.3034,0.6998,3.0118
93.3036,0.7254,3.115
93.3038,0.8306,3.5666
93.3040,0.8233,3.5385
93.3042,0.7994,3.4391
93.3044,0.742,3.1905
93.3046,0.6955,2.9961
93.3048,0.7107,3.0574
93.3050,0.7223,3.1103
93.3052,0.6915,2.979
93.3054,0.7021,3.0202
93.3056,0.748,3.2148
93.3058,0.7377,3.172
93.3060,0.7384,3.1795
93.3062,0.7017,3.0215
93.3064,0.7422,3.1901
93.3066,0.7706,3.3138
93.3068,0.7429,3.1991
93.3070,0.7372,3.1729
93.3072,0.6847,2.9509
93.3074,0.6618,2.8496
93.3076,0.6421,2.7662
93.3078,0.6204,2.6752
93.3080,0.6107,2.6345
93.3082,0.5845,2.5217
93.3084,0.5905,2.5452
93.3086,0.5812,2.5084
93.3088,0.5196,2.2414
93.3090,0.4903,2.1181
93.3092,0.4762,2.056
93.3094,0.4771,2.0592
93.3096,0.4837,2.0877
93.3098,0.4952,2.1383
93.3100,0.5032,2.173
93.3102,0.5001,2.1586
93.3104,0.4616,1.9952
93.3106,0.4016,1.7348
93.3108,0.4127,1.7796
93.3110,0.4579,1.9773
93.3112,0.4501,1.9428
93.3114,0.5185,2.2357
93.3116,0.5602,2.4178
93.3118,0.504,2.1772
93.3120,0.4608,1.9897
93.3122,0.4594,1.9835
93.3124,0.4642,2.0024
93.3126,0.4817,2.0779
93.3128,0.4952,2.1364
93.3130,0.4597,1.9869
93.3132,0.4703,2.0259
93.3134,0.5845,2.5206
93.3136,0.5841,2.5185
93.3138,0.535,2.3081
93.3140,0.4644,2.0044
93.3142,0.4488,1.9362
93.3144,0.4429,1.9099
93.3146,0.4738,2.0419
93.3148,0.5661,2.4409
93.3150,0.5728,2.4676
93.3152,0.5682,2.448
93.3154,0.6336,2.7244
93.3156,0.7294,3.1335
93.3158,0.7668,3.2988
93.3160,0.6533,2.8129
93.3162,0.6385,2.7481
93.3164,0.6274,2.7014
93.3166,0.6386,2.7486
93.3168,0.6191,2.6645
93.3170,0.6134,2.6427
93.3172,0.5591,2.4098
93.3174,0.5874,2.5306
93.3176,0.5745,2.4737
93.3178,0.6071,2.6129
93.3180,0.6287,2.7046
93.3182,0.691,2.9728
93.3184,0.6793,2.9236
93.3186,0.6818,2.9303
93.3188,0.7582,3.2601
93.3190,0.7251,3.1164
93.3192,0.6844,2.9403
93.3194,0.6848,2.946
93.3196,0.6923,2.9757
93.3198,0.784,3.3694
93.3200,0.7415,3.19
93.3202,0.7307,3.1406
93.3204,0.7782,3.3447
93.3206,0.7287,3.1362
93.3208,0.6025,2.5981
93.3210,0.539,2.3219
93.3212,0.591,2.5438
93.3214,0.5881,2.5384
93.3216,0.5338,2.3029
93.3218,0.5716,2.4602
93.3220,0.5781,2.4915
93.3222,0.5808,2.5022
93.3224,0.5781,2.4903
93.3226,0.5853,2.5202
93.3228,0.5806,2.5023
93.3230,0.5933,2.5583
93.3232,0.5702,2.4551
93.3234,0.6018,2.5926
93.3236,0.5895,2.5394
93.3238,0.567,2.4462
93.3240,0.5232,2.2538
93.3242,0.5962,2.5683
93.3244,0.5262,2.2688
93.3246,0.5321,2.2946
93.3248,0.5091,2.1954
93.3250,0.5398,2.3277
93.3252,0.489,2.1124
93.3254,0.4006,1.7298
93.3256,0.3956,1.7081
93.3258,0.3975,1.7156
93.3260,0.3981,1.719
93.3262,0.3959,1.7112
93.3264,0.3959,1.7112
93.3266,0.3975,1.7156
93.3268,0.4301,1.8546
93.3270,0.4446,1.919
93.3272,0.4578,1.9741
93.3274,0.4568,1.9708
93.3276,0.4378,1.8877
93.3278,0.4881,2.1039
93.3280,0.5627,2.4287
93.3282,0.4993,2.1549
93.3284,0.5166,2.2233
93.3286,0.6681,2.8703
93.3288,0.7235,3.1082
93.3290,0.7716,3.3133
93.3292,0.7778,3.3369
93.3294,0.8127,3.4834
93.3296,0.8853,3.7996
93.3298,0.8216,3.528
93.3300,0.8824,3.782
93.3302,0.9788,4.1893
93.3304,0.9716,4.1604
93.3306,0.9552,4.092
93.3308,0.9746,4.1733
93.3310,0.9825,4.2052
93.3312,0.9751,4.1792
93.3314,0.9762,4.1838
93.3316,1.0311,4.4068
93.3318,1.1027,4.7194
93.3320,0.9853,4.2249
93.3322,0.9564,4.0971
93.3324,0.9639,4.1295
93.3326,0.9364,4.0188
93.3328,0.8595,3.6907
93.3330,0.8274,3.5527
93.3332,0.8402,3.6044
93.3334,0.8805,3.779
93.3336,0.8759,3.756
93.3338,0.9376,4.0184
93.3340,0.8752,3.7564
93.3342,0.8133,3.4941
93.3344,0.7967,3.4257
93.3346,0.7843,3.3678
93.3348,0.8692,3.7289
93.3350,0.9048,3.8817
93.3352,0.8702,3.7365
93.3354,0.8751,3.7506
93.3356,0.9565,4.1015
93.3358,0.9277,3.9855
93.3360,0.8088,3.4777
93.3362,0.8196,3.5192
93.3364,0.8847,3.7917
93.3366,0.922,3.9571
93.3368,0.7824,3.3643
93.3370,0.7684,3.3024
93.3372,0.8423,3.6204
93.3374,0.8228,3.5315
93.3376,0.8021,3.4472
93.3378,0.7709,3.3148
93.3380,0.8169,3.5112
93.3382,0.8352,3.5878
93.3384,0.7748,3.3334
93.3386,0.7712,3.3117
93.3388,0.8191,3.5188
93.3390,0.8287,3.5633
93.3392,0.8209,3.5298
93.3394,0.797,3.4272
93.3396,0.8035,3.4599
93.3398,0.6913,2.9738
93.3400,0.7121,3.0622
93.3402,0.7703,3.3091
93.3404,0.8197,3.523
93.3406,0.7992,3.4333
93.3408,0.8224,3.5332
93.3410,0.7581,3.2627
93.3412,0.7154,3.0789
93.3414,0.7447,3.2113
93.3416,0.5909,2.5468
93.3418,0.5814,2.5048
93.3420,0.669,2.8806
93.3422,0.6564,2.8263
93.3424,0.6777,2.9182
93.3426,0.6416,2.7667
93.3428,0.603,2.5978
93.3430,0.5973,2.573
93.3432,0.5951,2.5649
93.3434,0.5901,2.5432
93.3436,0.5873,2.5301
93.3438,0.6266,2.7021
93.3440,0.61,2.6326
93.3442,0.5353,2.3081
93.3444,0.5696,2.4548
93.3446,0.6281,2.7045
93.3448,0.6567,2.8253
93.3450,0.6329,2.7277
93.3452,0.5855,2.5235
93.3454,0.5658,2.4376
93.3456,0.6498,2.8031
93.3458,0.5738,2.474
93.3460,0.5604,2.4166
93.3462,0.5554,2.396
93.3464,0.5555,2.3954
93.3466,0.56,2.4135
93.3468,0.5625,2.4254
93.3470,0.5603,2.4161
93.3472,0.5558,2.3965
93.3474,0.5648,2.4353
93.3476,0.5798,2.4976
93.3478,0.6194,2.6661
93.3480,0.6302,2.7176
93.3482,0.5571,2.4022
93.3484,0.5497,2.369
93.3486,0.5528,2.3824
93.3488,0.5554,2.3938
93.3490,0.5555,2.3966
93.3492,0.5497,2.3712
93.3494,0.5491,2.3664
93.3496,0.5704,2.4584
93.3498,0.586,2.5233
93.3500,0.6027,2.5974
93.3502,0.5447,2.3489
93.3504,0.5608,2.4171
93.3506,0.6084,2.6174
93.3508,0.6714,2.8882
93.3510,0.6282,2.7025
93.3512,0.7455,3.204
93.3514,0.7856,3.3782
93.3516,0.7246,3.1143
93.3518,0.7256,3.1184
93.3520,0.7434,3.1938
93.3522,0.7975,3.4245
93.3524,0.8602,3.692
93.3526,0.8619,3.6958
93.3528,0.9005,3.8632
93.3530,0.9572,4.1084
93.3532,0.9354,4.0054
93.3534,0.9943,4.2634
93.3536,0.9374,4.0253
93.3538,0.8193,3.5264
93.3540,0.7209,3.0998
93.3542,0.7084,3.0462
93.3544,0.7438,3.1908
93.3546,0.8764,3.758
93.3548,0.9367,4.0185
93.3550,0.9203,3.9536
93.3552,0.8404,3.6071
93.3554,0.8517,3.6589
93.3556,0.8241,3.5404
93.3558,0.827,3.5578
93.3560,0.7968,3.4214
93.3562,0.8459,3.6325
93.3564,0.8229,3.5336
93.3566,0.7609,3.2766
93.3568,0.662,2.8533
93.3570,0.6962,2.9964
93.3572,0.7393,3.1807
93.3574,0.7337,3.1506
93.3576,0.8033,3.454
93.3578,0.7917,3.4045
93.3580,0.7401,3.1838
93.3582,0.7136,3.0741
93.3584,0.6525,2.8137
93.3586,0.5728,2.471
93.3588,0.5142,2.2202
93.3590,0.4764,2.0571
93.3592,0.4875,2.1042
93.3594,0.5016,2.1638
93.3596,0.4612,1.9904
93.3598,0.5236,2.2579
93.3600,0.5163,2.2284
93.3602,0.4857,2.0974
93.3604,0.4896,2.1121
93.3606,0.5096,2.2005
93.3608,0.5009,2.1627
93.3610,0.5746,2.4754
93.3612,0.6855,2.9436
93.3614,0.7296,3.1403
93.3616,0.6475,2.7881
93.3618,0.6112,2.6329
93.3620,0.6071,2.6129
93.3622,0.7325,3.1498
93.3624,0.8102,3.4807
93.3626,0.8277,3.5526
93.3628,0.7899,3.4015
93.3630,0.6969,2.9981
93.3632,0.6855,2.9491
93.3634,0.6943,2.9798
93.3636,0.8157,3.4962
93.3638,1.032,4.4171
93.3640,1.0909,4.6713
93.3642,1.0507,4.5014
93.3644,1.0103,4.3303
93.3646,1.0005,4.2862
93.3648,1.0426,4.4644
93.3650,1.0584,4.5364
93.3652,1.0033,4.3
93.3654,1.0475,4.4875
93.3656,1.0629,4.5533
93.3658,1.0157,4.3534
93.3660,1.038,4.447
93.3662,1.0684,4.5748
93.3664,1.046,4.4829
93.3666,0.9324,4.0056
93.3668,0.9016,3.8714
93.3670,0.9581,4.1062
93.3672,0.9789,4.2015
93.3674,0.9289,3.9906
93.3676,0.8535,3.6666
93.3678,0.8651,3.7149
93.3680,0.8888,3.8181
93.3682,0.8808,3.7876
93.3684,0.8059,3.4637
93.3686,0.8221,3.53
93.3688,0.86,3.6979
93.3690,0.7932,3.4123
93.3692,0.7892,3.3937
93.3694,0.8028,3.4503
93.3696,0.7742,3.3323
93.3698,0.7497,3.228
93.3700,0.7738,3.3287
93.3702,0.759,3.2653
93.3704,0.7071,3.0433
93.3706,0.7198,3.0966
93.3708,0.7795,3.3504
93.3710,0.883,3.7916
93.3712,0.8823,3.792
93.3714,0.7934,3.4213
93.3716,0.6973,3.0024
93.3718,0.6958,2.9948
93.3720,0.7024,3.019
93.3722,0.7739,3.3277
93.3724,0.7703,3.3122
93.3726,0.8185,3.5228
93.3728,0.7916,3.4008
93.3730,0.766,3.3028
93.3732,0.6576,2.8302
93.3734,0.7416,3.192
93.3736,0.7375,3.1729
93.3738,0.7185,3.0924
93.3740,0.6301,2.7183
93.3742,0.6202,2.6729
93.3744,0.6766,2.9177
93.3746,0.6013,2.5942
93.3748,0.5669,2.448
93.3750,0.5727,2.4659
93.3752,0.6529,2.8127
93.3754,0.68,2.9253
93.3756,0.7185,3.0938
93.3758,0.694,2.994
93.3760,0.6045,2.604
93.3762,0.6545,2.8168
93.3764,0.6667,2.8721
93.3766,0.6868,2.9575
93.3768,0.7055,3.0352
93.3770,0.7006,3.0211
93.3772,0.604,2.6055
93.3774,0.5717,2.4618
93.3776,0.6621,2.8524
93.3778,0.7022,3.0292
93.3780,0.62,2.6749
93.3782,0.5991,2.5819
93.3784,0.6007,2.5904
93.3786,0.6206,2.6725
93.3788,0.6477,2.7905
93.3790,0.6028,2.6028
93.3792,0.495,2.1383
93.3794,0.4807,2.0767
93.3796,0.482,2.0804
93.3798,0.4939,2.1327
93.3800,0.4819,2.0818
93.3802,0.4751,2.0523
93.3804,0.4787,2.065
93.3806,0.4815,2.0803
93.3808,0.4831,2.087
93.3810,0.509,2.1959
93.3812,0.5078,2.1927
93.3814,0.4694,2.028
93.3816,0.4704,2.0312
93.3818,0.4715,2.0349
93.3820,0.469,2.025
93.3822,0.4698,2.0267
93.3824,0.4839,2.0887
93.3826,0.486,2.0965
93.3828,0.4844,2.0917
93.3830,0.478,2.0647
93.3832,0.4775,2.0608
93.3834,0.4817,2.0779
93.3836,0.4831,2.0841
93.3838,0.4817,2.0769
93.3840,0.4746,2.0474
93.3842,0.4697,2.0262
93.3844,0.5226,2.2533
93.3846,0.5639,2.4305
93.3848,0.5928,2.5527
93.3850,0.6155,2.6527
93.3852,0.6068,2.6131
93.3854,0.6626,2.8492
93.3856,0.7156,3.0728
93.3858,0.7087,3.05
93.3860,0.6818,2.9303
93.3862,0.7497,3.2235
93.3864,0.7736,3.3267
93.3866,0.7793,3.3462
93.3868,0.8179,3.5104
93.3870,0.7945,3.4164
93.3872,0.6963,2.9969
93.3874,0.6451,2.7791
93.3876,0.6603,2.8421
93.3878,0.691,2.9714
93.3880,0.6753,2.9093
93.3882,0.6253,2.6951
93.3884,0.6269,2.6968
93.3886,0.6808,2.9276
93.3888,0.6825,2.9375
93.3890,0.6287,2.7083
93.3892,0.627,2.7023
93.3894,0.6351,2.7337
93.3896,0.6259,2.6989
93.3898,0.5356,2.3118
93.3900,0.5059,2.1824
93.3902,0.5485,2.3682
93.3904,0.4433,1.9142
93.3906,0.4157,1.7951
93.3908,0.4124,1.7806
93.3910,0.4053,1.7492
93.3912,0.4676,2.0202
93.3914,0.4204,1.8161
93.3916,0.4078,1.7601
93.3918,0.4064,1.7563
93.3920,0.3973,1.7161
93.3922,0.3986,1.7202
93.3924,0.4176,1.8
93.3926,0.4572,1.9742
93.3928,0.408,1.7636
93.3930,0.4185,1.8078
93.3932,0.4344,1.8741
93.3934,0.4781,2.0605
93.3936,0.5292,2.2828
93.3938,0.5151,2.2202
93.3940,0.5403,2.3255
93.3942,0.5592,2.4092
93.3944,0.5579,2.4036
93.3946,0.5873,2.5313
93.3948,0.5681,2.4406
93.3950,0.7384,3.1692
93.3952,0.8395,3.5996
93.3954,0.8583,3.6821
93.3956,0.8263,3.548
93.3958,0.7957,3.412
93.3960,0.9431,4.0345
93.3962,1.0328,4.4243
93.3964,1.0181,4.3515
93.3966,1.1108,4.7476
93.3968,1.1148,4.7623
93.3970,1.1838,5.055
93.3972,1.2012,5.1317
93.3974,1.2069,5.1509
93.3976,1.277,5.4554
93.3978,1.2148,5.192
93.3980,1.1817,5.0482
93.3982,1.185,5.0601
93.3984,1.1836,5.0564
93.3986,1.1756,5.022
93.3988,1.2072,5.1645
93.3990,1.1384,4.8701
93.3992,1.1531,4.9239
93.3994,1.2124,5.1817
93.3996,1.1698,5.0068
93.3998,1.1286,4.8258
93.4000,1.166,4.9811
93.4002,1.1962,5.1197
93.4004,1.0716,4.5908
93.4006,1.0034,4.3085
93.4008,0.9338,4.0136
93.4010,0.8892,3.8201
93.4012,0.8787,3.7731
93.4014,0.8555,3.6737
93.4016,0.8359,3.5909
93.4018,0.8414,3.6197
93.4020,0.8908,3.8233
93.4022,0.9677,4.1532
93.4024,0.9745,4.1747
93.4026,0.9509,4.0906
93.4028,0.8114,3.4826
93.4030,0.8937,3.8356
93.4032,0.925,3.9662
93.4034,0.9061,3.8928
93.4036,0.8355,3.5927
93.4038,0.8143,3.5047
93.4040,0.8385,3.6022
93.4042,0.886,3.8062
93.4044,0.839,3.6043
93.4046,0.86,3.6962
93.4048,0.8758,3.7695
93.4050,0.8317,3.5812
93.4052,0.7471,3.2157
93.4054,0.7632,3.2864
93.4056,0.7368,3.1743
93.4058,0.722,3.1073
93.4060,0.7499,3.2261
93.4062,0.7682,3.3035
93.4064,0.8031,3.4519
93.4066,0.8371,3.6028
93.4068,0.8052,3.4671
93.4070,0.7363,3.1722
93.4072,0.7075,3.0449
93.4074,0.77,3.3189
93.4076,0.6229,2.686
93.4078,0.5933,2.5571
93.4080,0.601,2.5902
93.4082,0.6431,2.7729
93.4084,0.67,2.8812
93.4086,0.7943,3.4169
93.4088,0.7684,3.3055
93.4090,0.7205,3.104
93.4092,0.6199,2.6731
93.4094,0.6184,2.6639
93.4096,0.6006,2.5947
93.4098,0.524,2.2637
93.4100,0.5145,2.2207
93.4102,0.5186,2.2403
93.4104,0.5296,2.2859
93.4106,0.6106,2.6242
93.4108,0.8007,3.4496
93.4110,0.6438,2.7773
93.4112,0.5728,2.4676
93.4114,0.5967,2.5728
93.4116,0.597,2.5779
93.4118,0.55,2.375
93.4120,0.5422,2.337
93.4122,0.591,2.5497
93.4124,0.5477,2.3629
93.4126,0.5732,2.4714
93.4128,0.5702,2.4574
93.4130,0.5814,2.5083
93.4132,0.5654,2.4378
93.4134,0.5493,2.3686
93.4136,0.5953,2.5659
93.4138,0.7009,3.0151
93.4140,0.7585,3.2662
93.4142,0.6764,2.9153
93.4144,0.5925,2.5523
93.4146,0.6395,2.7535
93.4148,0.6917,2.9773
93.4150,0.6988,3.0063
93.4152,0.711,3.0575
93.4154,0.7775,3.3432
93.4156,0.7812,3.3591
93.4158,0.7581,3.2581
93.4160,0.7553,3.2463
93.4162,0.7955,3.4253
93.4164,0.6759,2.9119
93.4166,0.6523,2.8114
93.4168,0.6576,2.8276
93.4170,0.7144,3.0705
93.4172,0.78,3.3555
93.4174,0.7808,3.3592
93.4176,0.7777,3.3426
93.4178,0.7765,3.3359
93.4180,0.7893,3.3942
93.4182,0.7762,3.3375
93.4184,0.7974,3.424
93.4186,0.8575,3.6802
93.4188,0.9367,4.0185
93.4190,0.9029,3.8825
93.4192,0.778,3.3452
93.4194,0.7816,3.3638
93.4196,0.6953,2.9955
93.4198,0.6682,2.8801
93.4200,0.6628,2.8542
93.4202,0.6672,2.8728
93.4204,0.6829,2.9391
93.4206,0.6959,2.9953
93.4208,0.6784,2.9213
93.4210,0.7085,3.0524
93.4212,0.732,3.1463
93.4214,0.7587,3.2637
93.4216,0.6768,2.9168
93.4218,0.6238,2.6909
93.4220,0.6343,2.7313
93.4222,0.6374,2.7448
93.4224,0.6223,2.6834
93.4226,0.6481,2.7907
93.4228,0.7319,3.1472
93.4230,0.7324,3.1551
93.4232,0.6722,2.8985
93.4234,0.6112,2.6366
93.4236,0.5565,2.3996
93.4238,0.566,2.4427
93.4240,0.5016,2.1668
93.4242,0.4305,1.8596
93.4244,0.4232,1.8289
93.4246,0.403,1.7418
93.4248,0.4019,1.7387
93.4250,0.4026,1.7394
93.4252,0.4085,1.764
93.4254,0.4085,1.7656
93.4256,0.407,1.7597
93.4258,0.4091,1.765
93.4260,0.4699,2.0253
93.4262,0.513,2.2139
93.4264,0.503,2.173
93.4266,0.4313,1.8624
93.4268,0.4148,1.7926
93.4270,0.4338,1.8724
93.4272,0.4904,2.1147
93.4274,0.5661,2.4375
93.4276,0.5717,2.463
93.4278,0.5458,2.347
93.4280,0.7519,3.2303
93.4282,0.8499,3.6478
93.4284,0.901,3.867
93.4286,0.8894,3.8135
93.4288,0.9379,4.018
93.4290,0.9456,4.0528
93.4292,0.9461,4.0511
93.4294,1.0503,4.4993
93.4296,1.0551,4.522
93.4298,1.0554,4.5172
93.4300,1.0886,4.6594
93.4302,1.0683,4.5764
93.4304,1.071,4.5839
93.4306,1.0238,4.392
93.4308,0.9193,3.9366
93.4310,1.0924,4.6796
93.4312,1.1018,4.718
93.4314,1.0854,4.6412
93.4316,1.1347,4.8542
93.4318,1.135,4.8534
93.4320,1.1141,4.7682
93.4322,0.986,4.2339
93.4324,0.8812,3.7839
93.4326,0.9521,4.0863
93.4328,0.9635,4.1332
93.4330,0.9191,3.9539
93.4332,0.8288,3.5622
93.4334,0.8178,3.5099
93.4336,0.8789,3.7706
93.4338,0.8824,3.7855
93.4340,0.9456,4.0585
93.4342,0.9615,4.1346
93.4344,0.8215,3.534
93.4346,0.81,3.4813
93.4348,0.9159,3.9272
93.4350,1.0019,4.2923
93.4352,1.0253,4.3925
93.4354,1.0028,4.2999
93.4356,0.9721,4.1741
93.4358,0.9559,4.1027
93.4360,0.8897,3.8293
93.4362,0.8184,3.519
93.4364,0.825,3.5424
93.4366,0.8601,3.7001
93.4368,0.7893,3.3942
93.4370,0.8536,3.6637
93.4372,0.9153,3.9338
93.4374,0.8433,3.6279
93.4376,0.8133,3.4989
93.4378,0.8636,3.7099
93.4380,0.835,3.5906
93.4382,0.827,3.5528
93.4384,0.7944,3.4159
93.4386,0.8167,3.5101
93.4388,0.8678,3.7383
93.4390,0.7088,3.052
93.4392,0.6944,2.9914
93.4394,0.7346,3.163
93.4396,0.7603,3.274
93.4398,0.6977,3.0017
93.4400,0.7169,3.0899
93.4402,0.6636,2.8626
93.4404,0.6443,2.7755
93.4406,0.6753,2.912
93.4408,0.6166,2.6599
93.4410,0.6027,2.6011
93.4412,0.5628,2.4292
93.4414,0.5333,2.3009
93.4416,0.5362,2.3111
93.4418,0.58,2.5044
93.4420,0.5133,2.2196
93.4422,0.486,2.0995
93.4424,0.4525,1.9558
93.4426,0.4782,2.0658
93.4428,0.4763,2.0575
93.4430,0.4838,2.0892
93.4432,0.4878,2.1043
93.4434,0.4865,2.1025
93.4436,0.4809,2.0787
93.4438,0.4817,2.0798
93.4440,0.4839,2.0906
93.4442,0.4905,2.1182
93.4444,0.4988,2.1539
93.4446,0.5228,2.2553
93.4448,0.5222,2.2538
93.4450,0.4727,2.042
93.4452,0.4722,2.0408
93.4454,0.4712,2.0357
93.4456,0.4769,2.0601
93.4458,0.4738,2.0457
93.4460,0.4735,2.0456
93.4462,0.4696,2.0275
93.4464,0.4905,2.1142
93.4466,0.5469,2.3582
93.4468,0.4946,2.1358
93.4470,0.4776,2.0632
93.4472,0.473,2.0426
93.4474,0.4674,2.0182
93.4476,0.4702,2.0283
93.4478,0.4697,2.029
93.4480,0.4739,2.0462
93.4482,0.4715,2.0349
93.4484,0.5071,2.1866
93.4486,0.5501,2.3733
93.4488,0.4855,2.0974
93.4490,0.4805,2.0737
93.4492,0.5212,2.2465
93.4494,0.5634,2.4284
93.4496,0.5217,2.2528
93.4498,0.4778,2.0604
93.4500,0.478,2.0609
93.4502,0.5223,2.2522
93.4504,0.5637,2.4284
93.4506,0.5798,2.4987
93.4508,0.5806,2.5023
93.4510,0.5793,2.4955
93.4512,0.5865,2.5253
93.4514,0.6066,2.6096
93.4516,0.6736,2.8926
93.4518,0.7596,3.2663
93.4520,0.7212,3.1013
93.4522,0.7485,3.2124
93.4524,0.8283,3.5568
93.4526,0.801,3.4394
93.4528,0.8383,3.5995
93.4530,0.8256,3.5466
93.4532,0.6956,2.9966
93.4534,0.6414,2.7592
93.4536,0.7408,3.1824
93.4538,0.725,3.1202
93.4540,0.6802,2.9291
93.4542,0.6913,2.9766
93.4544,0.7037,3.0247
93.4546,0.7559,3.2488
93.4548,0.806,3.4643
93.4550,0.7462,3.2071
93.4552,0.7548,3.2457
93.4554,0.8173,3.5143
93.4556,0.7602,3.2659
93.4558,0.8524,3.6637
93.4560,0.7734,3.3272
93.4562,0.7384,3.1736
93.4564,0.7485,3.2184
93.4566,0.7022,3.0208
93.4568,0.6033,2.6024
93.4570,0.5648,2.4341
93.4572,0.5857,2.5222
93.4574,0.6203,2.6734
93.4576,0.5775,2.4878
93.4578,0.5711,2.4604
93.4580,0.5813,2.5066
93.4582,0.5102,2.2031
93.4584,0.427,1.8437
93.4586,0.448,1.9335
93.4588,0.4648,2.0087
93.4590,0.4196,1.8116
93.4592,0.4255,1.8392
93.4594,0.4122,1.7776
93.4596,0.4555,1.9688
93.4598,0.422,1.822
93.4600,0.4241,1.8296
93.4602,0.4618,1.9911
93.4604,0.5128,2.2114
93.4606,0.5646,2.4347
93.4608,0.5769,2.4829
93.4610,0.6794,2.9228
93.4612,0.7169,3.0813
93.4614,0.7416,3.186
93.4616,0.7727,3.321
93.4618,0.784,3.3632
93.4620,0.8428,3.614
93.4622,0.9033,3.8714
93.4624,1.0054,4.3012
93.4626,1.0848,4.6408
93.4628,1.0404,4.4551
93.4630,0.9835,4.2113
93.4632,1.0223,4.3756
93.4634,1.0611,4.5392
93.4636,1.0738,4.6
93.4638,1.0308,4.4182
93.4640,1.066,4.5517
93.4642,1.2052,5.1582
93.4644,1.069,4.5816
93.4646,1.0233,4.3838
93.4648,1.036,4.432
93.4650,1.0842,4.6491
93.4652,0.9902,4.2499
93.4654,0.9602,4.1116
93.4656,1.091,4.6675
93.4658,1.0926,4.6763
93.4660,1.023,4.3909
93.4662,0.8642,3.709
93.4664,0.827,3.5511
93.4666,0.8293,3.5642
93.4668,0.8265,3.5507
93.4670,0.8959,3.8454
93.4672,0.9099,3.9033
93.4674,0.889,3.8156
93.4676,0.91,3.9056
93.4678,0.9306,3.9886
93.4680,1.0445,4.4705
93.4682,1.1036,4.7235
93.4684,1.0247,4.4043
93.4686,0.8469,3.6383
93.4688,0.8425,3.6209
93.4690,0.8058,3.4681
93.4692,0.7383,3.1746
93.4694,0.7674,3.2998
93.4696,0.8226,3.5321
93.4698,0.848,3.6446
93.4700,0.8451,3.6356
93.4702,0.7757,3.337
93.4704,0.7374,3.1724
93.4706,0.7239,3.1141
93.4708,0.7552,3.2503
93.4710,0.7516,3.2318
93.4712,0.7657,3.2957
93.4714,0.7728,3.3261
93.4716,0.7335,3.1598
93.4718,0.7179,3.0883
93.4720,0.7656,3.2952
93.4722,0.7095,3.0522
93.4724,0.7549,3.2477
93.4726,0.7281,3.1293
93.4728,0.7334,3.1578
93.4730,0.682,2.9409
93.4732,0.6233,2.6851
93.4734,0.6758,2.9073
93.4736,0.7535,3.2446
93.4738,0.7151,3.0808
93.4740,0.6566,2.8339
93.4742,0.5214,2.2502
93.4744,0.5504,2.3721
93.4746,0.6115,2.6345
93.4748,0.6541,2.8165
93.4750,0.6602,2.8442
93.4752,0.6823,2.9392
93.4754,0.692,2.9811
93.4756,0.6625,2.8513
93.4758,0.7027,3.0214
93.4760,0.7097,3.0561
93.4762,0.6587,2.8401
93.4764,0.665,2.8635
93.4766,0.6926,2.9823
93.4768,0.6691,2.8851
93.4770,0.6495,2.7982
93.4772,0.6961,2.9958
93.4774,0.6957,2.9971
93.4776,0.6473,2.7897
93.4778,0.6723,2.8964
93.4780,0.6883,2.9651
93.4782,0.6503,2.8
93.4784,0.6505,2.8023
93.4786,0.6487,2.7933
93.4788,0.7033,3.0226
93.4790,0.6557,2.8285
93.4792,0.5423,2.3418
93.4794,0.5357,2.3112
93.4796,0.5628,2.4281
93.4798,0.5602,2.4156
93.4800,0.6169,2.6589
93.4802,0.5795,2.4989
93.4804,0.5312,2.2915
93.4806,0.5245,2.2605
93.4808,0.5292,2.2828
93.4810,0.5268,2.2735
93.4812,0.5245,2.2636
93.4814,0.5266,2.2719
93.4816,0.5268,2.2745
93.4818,0.5301,2.2869
93.4820,0.5253,2.2651
93.4822,0.5232,2.2558
93.4824,0.5244,2.261
93.4826,0.5421,2.3386
93.4828,0.5646,2.437
93.4830,0.5299,2.2848
93.4832,0.5886,2.5346
93.4834,0.6536,2.8145
93.4836,0.6482,2.7925
93.4838,0.65,2.7964
93.4840,0.6521,2.8091
93.4842,0.6474,2.7863
93.4844,0.6413,2.7613
93.4846,0.6722,2.8931
93.4848,0.7259,3.12
93.4850,0.7928,3.406
93.4852,0.8075,3.4688
93.4854,0.7543,3.2436
93.4856,0.7557,3.2448
93.4858,0.8161,3.5092
93.4860,0.7163,3.0859
93.4862,0.6552,2.8212
93.4864,0.6801,2.9272
93.4866,0.6748,2.9059
93.4868,0.6582,2.8354
93.4870,0.6962,2.9908
93.4872,0.7593,3.2648
93.4874,0.7041,3.029
93.4876,0.7363,3.1707
93.4878,0.6718,2.8929
93.4880,0.6447,2.7775
93.4882,0.6417,2.7672
93.4884,0.6567,2.8279
93.4886,0.65,2.8003
93.4888,0.5962,2.5671
93.4890,0.5814,2.5071
93.4892,0.5319,2.2947
93.4894,0.5222,2.2548
93.4896,0.4935,2.1321
93.4898,0.4699,2.0263
93.4900,0.5344,2.3023
93.4902,0.5425,2.3402
93.4904,0.4934,2.1286
93.4906,0.4931,2.128
93.4908,0.4645,2.0039
93.4910,0.4722,2.0389
93.4912,0.4458,1.9241
93.4914,0.4505,1.947
93.4916,0.3946,1.7032
93.4918,0.4331,1.8727
93.4920,0.3808,1.6459
93.4922,0.3736,1.6133
93.4924,0.3921,1.6923
93.4926,0.4036,1.742
93.4928,0.4355,1.8796
93.4930,0.4541,1.9635
93.4932,0.3993,1.7249
93.4934,0.4722,2.0342
93.4936,0.5649,2.4313
93.4938,0.7464,3.2066
93.4940,0.768,3.2994
93.4942,0.7172,3.0838
93.4944,0.7346,3.1556
93.4946,0.7961,3.4135
93.4948,0.8793,3.7739
93.4950,0.8423,3.612
93.4952,0.8555,3.672
93.4954,0.8639,3.7063
93.4956,0.8672,3.7184
93.4958,0.9097,3.8973
93.4960,0.9792,4.1947
93.4962,0.9615,4.1192
93.4964,0.9874,4.2341
93.4966,0.9692,4.154
93.4968,0.9729,4.168
93.4970,1.0119,4.3329
93.4972,1.003,4.2909
93.4974,1.0783,4.6109
93.4976,1.1093,4.7499
93.4978,1.0871,4.6549
93.4980,1.0653,4.5593
93.4982,1.0467,4.4839
93.4984,1.0509,4.5019
93.4986,1.0346,4.43
93.4988,1.0113,4.3284
93.4990,1.0343,4.431
93.4992,1.041,4.4619
93.4994,1.036,4.4444
93.4996,0.9224,3.961
93.4998,0.9063,3.8879
93.5000,1.0167,4.3575
93.5002,0.9873,4.2376
93.5004,0.8935,3.8315
93.5006,0.8923,3.8317
93.5008,0.8914,3.833
93.5010,0.8192,3.5177
93.5012,0.8684,3.727
93.5014,0.9253,3.9733
93.5016,0.9025,3.8773
93.5018,0.8131,3.4898
93.5020,0.9057,3.8853
93.5022,0.9485,4.0651
93.5024,0.9631,4.1471
93.5026,0.7453,3.2094
93.5028,0.7329,3.1558
93.5030,0.7223,3.106
93.5032,0.7645,3.289
93.5034,0.7583,3.2637
93.5036,0.7318,3.1496
93.5038,0.7188,3.0925
93.5040,0.7119,3.0654
93.5042,0.7423,3.198
93.5044,0.724,3.1146
93.5046,0.745,3.2079
93.5048,0.6852,2.953
93.5050,0.6795,2.9219
93.5052,0.7822,3.3617
93.5054,0.8527,3.6596
93.5056,0.938,4.0279
93.5058,0.9054,3.8969
93.5060,0.7367,3.1737
93.5062,0.6109,2.6368
93.5064,0.5915,2.5506
93.5066,0.636,2.7424
93.5068,0.6097,2.6279
93.5070,0.5923,2.553
93.5072,0.6061,2.6148
93.5074,0.5355,2.3123
93.5076,0.5074,2.1891
93.5078,0.5398,2.332
93.5080,0.4961,2.143
93.5082,0.4953,2.1369
93.5084,0.4938,2.1311
93.5086,0.4825,2.0854
93.5088,0.4983,2.1518
93.5090,0.5024,2.1704
93.5092,0.4914,2.1188
93.5094,0.4919,2.1248
93.5096,0.4113,1.7776
93.5098,0.4085,1.7656
93.5100,0.4651,2.0065
93.5102,0.5782,2.4932
93.5104,0.5056,2.1834
93.5106,0.4845,2.0903
93.5108,0.4929,2.1305
93.5110,0.4495,1.9411
93.5112,0.4428,1.9121
93.5114,0.4425,1.9114
93.5116,0.4479,1.9347
93.5118,0.453,1.9525
93.5120,0.4751,2.0514
93.5122,0.4735,2.0418
93.5124,0.5392,2.3251
93.5126,0.5214,2.2502
93.5128,0.4652,2.0089
93.5130,0.4698,2.0295
93.5132,0.4913,2.1193
93.5134,0.4987,2.1514
93.5136,0.507,2.186
93.5138,0.5298,2.2853
93.5140,0.5148,2.2196
93.5142,0.6054,2.6057
93.5144,0.6546,2.8199
93.5146,0.681,2.9267
93.5148,0.7139,3.0727
93.5150,0.6322,2.7246
93.5152,0.5983,2.5776
93.5154,0.5926,2.5505
93.5156,0.589,2.535
93.5158,0.6481,2.7946
93.5160,0.5863,2.5295
93.5162,0.5474,2.3592
93.5164,0.6018,2.5902
93.5166,0.6578,2.8299
93.5168,0.6945,2.9864
93.5170,0.6887,2.9644
93.5172,0.6776,2.915
93.5174,0.6914,2.9757
93.5176,0.672,2.8935
93.5178,0.6609,2.842
93.5180,0.6859,2.9492
93.5182,0.7527,3.2364
93.5184,0.7931,3.4023
93.5186,0.8464,3.6295
93.5188,0.8323,3.5721
93.5190,0.7895,3.3931
93.5192,0.7959,3.4162
93.5194,0.8633,3.7141
93.5196,0.6777,2.921
93.5198,0.5813,2.5054
93.5200,0.5849,2.5186
93.5202,0.6161,2.6541
93.5204,0.5549,2.3929
93.5206,0.533,2.2993
93.5208,0.5275,2.2755
93.5210,0.5215,2.2507
93.5212,0.5025,2.1659
93.5214,0.5373,2.3158
93.5216,0.5806,2.5023
93.5218,0.5693,2.4538
93.5220,0.5716,2.4613
93.5222,0.5528,2.3802
93.5224,0.6034,2.5981
93.5226,0.5929,2.5556
93.5228,0.5302,2.2842
93.5230,0.621,2.6703
93.5232,0.6581,2.8336
93.5234,0.5823,2.5107
93.5236,0.5194,2.2409
93.5238,0.52,2.2424
93.5240,0.4734,2.0432
93.5242,0.4145,1.7916
93.5244,0.4103,1.7726
93.5246,0.4067,1.7554
93.5248,0.4648,2.0059
93.5250,0.4342,1.8757
93.5252,0.4004,1.7288
93.5254,0.3996,1.7257
93.5256,0.3989,1.7226
93.5258,0.3928,1.6978
93.5260,0.3818,1.6493
93.5262,0.3825,1.6517
93.5264,0.3897,1.6827
93.5266,0.4094,1.7668
93.5268,0.4668,2.0147
93.5270,0.4859,2.0902
93.5272,0.6428,2.7616
93.5274,0.7175,3.0854
93.5276,0.6886,2.9583
93.5278,0.7079,3.0413
93.5280,0.7778,3.3431
93.5282,0.7674,3.2952
93.5284,0.7832,3.3648
93.5286,0.7728,3.3169
93.5288,0.8028,3.4487
93.5290,0.7663,3.2906
93.5292,0.8192,3.5144
93.5294,0.8903,3.8141
93.5296,0.9371,4.0182
93.5298,0.9317,3.9894
93.5300,0.971,4.1579
93.5302,1.0027,4.2934
93.5304,1.0109,4.3268
93.5306,1.0275,4.3935
93.5308,1.136,4.8575
93.5310,1.1317,4.8391
93.5312,1.1018,4.7158
93.5314,1.0675,4.5733
93.5316,0.9548,4.0981
93.5318,0.8764,3.7563
93.5320,0.9006,3.8637
93.5322,0.8813,3.7844
93.5324,0.8329,3.5764
93.5326,0.8336,3.5795
93.5328,0.815,3.4996
93.5330,0.8335,3.5789
93.5332,0.8796,3.7701
93.5334,0.8904,3.8217
93.5336,0.839,3.5976
93.5338,0.9437,4.054
93.5340,0.8872,3.8043
93.5342,0.929,3.9856
93.5344,0.9541,4.095
93.5346,0.9182,3.9375
93.5348,0.937,4.0139
93.5350,0.9617,4.1274
93.5352,0.9072,3.8938
93.5354,0.9684,4.1466
93.5356,1.0294,4.4161
93.5358,0.9262,3.9844
93.5360,0.8123,3.4862
93.5362,0.854,3.6653
93.5364,0.8602,3.6972
93.5366,0.867,3.7214
93.5368,0.9155,3.9275
93.5370,0.9298,3.9868
93.5372,1.0025,4.2989
93.5374,0.989,4.2507
93.5376,0.8033,3.4508
93.5378,0.8184,3.5157
93.5380,0.8998,3.8601
93.5382,0.9281,3.9778
93.5384,0.9473,4.0638
93.5386,0.9662,4.1489
93.5388,0.9362,4.0164
93.5390,0.9107,3.9105
93.5392,0.9108,3.9165
93.5394,0.8256,3.5466
93.5396,0.7811,3.3602
93.5398,0.7994,3.4343
93.5400,0.8844,3.7978
93.5402,0.8666,3.7314
93.5404,0.7178,3.0921
93.5406,0.6524,2.808
93.5408,0.7365,3.1727
93.5410,0.6826,2.9367
93.5412,0.7127,3.0647
93.5414,0.7232,3.111
93.5416,0.742,3.195
93.5418,0.7105,3.0606
93.5420,0.6567,2.8318
93.5422,0.5913,2.5519
93.5424,0.5879,2.5339
93.5426,0.6284,2.7073
93.5428,0.5914,2.55
93.5430,0.6053,2.6076
93.5432,0.6142,2.6434
93.5434,0.6573,2.8344
93.5436,0.63,2.7153
93.5438,0.6523,2.8088
93.5440,0.6066,2.6169
93.5442,0.5714,2.466
93.5444,0.5698,2.4558
93.5446,0.576,2.4827
93.5448,0.5869,2.5321
93.5450,0.5865,2.5288
93.5452,0.6114,2.6388
93.5454,0.5118,2.2088
93.5456,0.5591,2.4098
93.5458,0.6193,2.6693
93.5460,0.5983,2.5776
93.5462,0.6387,2.7517
93.5464,0.6323,2.7238
93.5466,0.6595,2.8371
93.5468,0.7193,3.0974
93.5470,0.6922,2.9835
93.5472,0.6319,2.7197
93.5474,0.6281,2.7057
93.5476,0.6313,2.7184
93.5478,0.6384,2.7514
93.5480,0.6359,2.738
93.5482,0.6606,2.8404
93.5484,0.7103,3.0558
93.5486,0.7721,3.3184
93.5488,0.8024,3.452
93.5490,0.6959,2.9939
93.5492,0.6902,2.9733
93.5494,0.6449,2.7755
93.5496,0.7034,3.0231
93.5498,0.7228,3.1095
93.5500,0.7426,3.1916
93.5502,0.7866,3.3792
93.5504,0.8118,3.489
93.5506,0.7622,3.2807
93.5508,0.7229,3.11
93.5510,0.7251,3.1178
93.5512,0.7407,3.1834
93.5514,0.8206,3.5222
93.5516,0.9251,3.9668
93.5518,0.8971,3.8559
93.5520,0.8584,3.6878
93.5522,0.9019,3.8711
93.5524,0.8361,3.597
93.5526,0.7642,3.2859
93.5528,0.7651,3.2931
93.5530,0.7256,3.1199
93.5532,0.7465,3.2101
93.5534,0.8042,3.4581
93.5536,0.7864,3.3782
93.5538,0.8239,3.5361
93.5540,0.8916,3.8287
93.5542,0.8962,3.8446
93.5544,0.9232,3.9604
93.5546,0.9579,4.1076
93.5548,0.9498,4.0765
93.5550,0.9459,4.0562
93.5552,0.9962,4.2717
93.5554,0.9959,4.2726
93.5556,0.9826,4.2116
93.5558,0.9754,4.1808
93.5560,0.9778,4.1989
93.5562,0.8811,3.7886
93.5564,0.8246,3.5507
93.5566,0.779,3.3467
93.5568,0.8163,3.5167
93.5570,0.7457,3.2095
93.5572,0.7929,3.4033
93.5574,0.8723,3.7545
93.5576,0.7699,3.3138
93.5578,0.7034,3.0273
93.5580,0.7087,3.0529
93.5582,0.6816,2.9348
93.5584,0.6624,2.8548
93.5586,0.6754,2.9125
93.5588,0.6086,2.6221
93.5590,0.6505,2.801
93.5592,0.6528,2.8148
93.5594,0.5584,2.409
93.5596,0.5663,2.4442
93.5598,0.5481,2.3645
93.5600,0.542,2.3424
93.5602,0.5206,2.2471
93.5604,0.5823,2.5073
93.5606,0.6819,2.9363
93.5608,0.6268,2.7013
93.5610,0.6214,2.6731
93.5612,0.7161,3.0792
93.5614,0.7652,3.2952
93.5616,0.7452,3.203
93.5618,0.8372,3.5999
93.5620,0.8144,3.4987
93.5622,0.7921,3.4029
93.5624,0.8383,3.5912
93.5626,0.9408,4.0379
93.5628,0.9308,3.9933
93.5630,0.9549,4.0986
93.5632,0.9293,3.9866
93.5634,0.956,4.1013
93.5636,1.0029,4.3045
93.5638,0.9915,4.2417
93.5640,1.1197,4.7878
93.5642,1.1288,4.8358
93.5644,1.0918,4.6836
93.5646,1.0272,4.4028
93.5648,1.0302,4.4156
93.5650,1.0602,4.5377
93.5652,1.1067,4.7435
93.5654,0.9956,4.2731
93.5656,0.936,4.0192
93.5658,0.985,4.2258
93.5660,1.0018,4.2978
93.5662,1.0036,4.3075
93.5664,1.0117,4.342
93.5666,0.9537,4.0973
93.5668,0.8576,3.6841
93.5670,0.8645,3.7158
93.5672,0.9067,3.8972
93.5674,0.8499,3.6597
93.5676,0.7993,3.4386
93.5678,0.824,3.5416
93.5680,0.8738,3.7537
93.5682,0.9172,3.9402
93.5684,0.8974,3.857
93.5686,0.8923,3.83
93.5688,0.9191,3.9576
93.5690,0.7533,3.2496
93.5692,0.6686,2.8803
93.5694,0.7013,3.0186
93.5696,0.7525,3.2419
93.5698,0.733,3.1533
93.5700,0.8073,3.4732
93.5702,0.7587,3.2668
93.5704,0.7723,3.3225
93.5706,0.7982,3.4355
93.5708,0.7772,3.3468
93.5710,0.7256,3.1257
93.5712,0.778,3.3437
93.5714,0.8377,3.602
93.5716,0.7588,3.2673
93.5718,0.7747,3.3344
93.5720,0.7973,3.4314
93.5722,0.7813,3.3628
93.5724,0.7415,3.1944
93.5726,0.7372,3.1714
93.5728,0.7631,3.2874
93.5730,0.7196,3.1013
93.5732,0.6534,2.8147
93.5734,0.6427,2.7726
93.5736,0.5371,2.3201
93.5738,0.5215,2.2528
93.5740,0.5476,2.3624
93.5742,0.6107,2.6308
93.5744,0.6826,2.9421
93.5746,0.6837,2.9427
93.5748,0.707,3.0499
93.5750,0.6356,2.7434
93.5752,0.6066,2.6145
93.5754,0.6602,2.8468
93.5756,0.648,2.7941
93.5758,0.6634,2.8608
93.5760,0.6663,2.8705
93.5762,0.6877,2.9652
93.5764,0.6336,2.7308
93.5766,0.6506,2.8016
93.5768,0.7138,3.0737
93.5770,0.7139,3.0785
93.5772,0.6654,2.8664
93.5774,0.717,3.0862
93.5776,0.6835,2.9471
93.5778,0.5944,2.5653
93.5780,0.579,2.4979
93.5782,0.5821,2.5114
93.5784,0.5799,2.5004
93.5786,0.6607,2.8449
93.5788,0.6771,2.9184
93.5790,0.6714,2.8936
93.5792,0.6073,2.62
93.5794,0.577,2.4868
93.5796,0.5734,2.4725
93.5798,0.633,2.7269
93.5800,0.6185,2.6669
93.5802,0.5696,2.4594
93.5804,0.5642,2.4338
93.5806,0.5646,2.4359
93.5808,0.563,2.4298
93.5810,0.5602,2.4167
93.5812,0.563,2.4286
93.5814,0.5638,2.43
93.5816,0.5657,2.4383
93.5818,0.618,2.6648
93.5820,0.6102,2.6324
93.5822,0.5904,2.5435
93.5824,0.6125,2.6374
93.5826,0.6482,2.7899
93.5828,0.6931,2.9843
93.5830,0.6742,2.8992
93.5832,0.7501,3.2286
93.5834,0.751,3.2337
93.5836,0.7541,3.2441
93.5838,0.7651,3.2916
93.5840,0.7534,3.2425
93.5842,0.7416,3.192
93.5844,0.7028,3.0191
93.5846,0.7763,3.3302
93.5848,0.8964,3.8457
93.5850,0.9513,4.0794
93.5852,1.0179,4.3688
93.5854,0.9265,3.9803
93.5856,0.8382,3.6057
93.5858,0.7066,3.0469
93.5860,0.6306,2.7166
93.5862,0.6836,2.9435
93.5864,0.7053,3.037
93.5866,0.7483,3.2224
93.5868,0.7625,3.2787
93.5870,0.7681,3.3014
93.5872,0.731,3.1475
93.5874,0.7005,3.0163
93.5876,0.6968,2.9948
93.5878,0.7488,3.2229
93.5880,0.7063,3.0397
93.5882,0.6901,2.9714
93.5884,0.7085,3.0509
93.5886,0.7105,3.0564
93.5888,0.7545,3.2487
93.5890,0.6371,2.7432
93.5892,0.6818,2.9385
93.5894,0.6368,2.7473
93.5896,0.5299,2.2901
93.5898,0.4035,1.7455
93.5900,0.4162,1.7996
93.5902,0.4273,1.8461
93.5904,0.4353,1.8812
93.5906,0.4294,1.855
93.5908,0.409,1.7685
93.5910,0.4017,1.7353
93.5912,0.416,1.7961
93.5914,0.4453,1.9212
93.5916,0.4968,2.1431
93.5918,0.5268,2.2714
93.5920,0.5309,2.2884
93.5922,0.5342,2.3055
93.5924,0.5132,2.215
93.5926,0.4703,2.0325
93.5928,0.41,1.771
93.5930,0.3967,1.7135
93.5932,0.4477,1.9306
93.5934,0.6046,2.5997
93.5936,0.6783,2.9195
93.5938,0.6885,2.9647
93.5940,0.6933,2.9798
93.5942,0.7602,3.2628
93.5944,0.8336,3.5828
93.5946,0.8001,3.4374
93.5948,0.782,3.3612
93.5950,0.8143,3.4982
93.5952,0.8611,3.6956
93.5954,0.8416,3.6106
93.5956,0.9421,4.0398
93.5958,0.9957,4.2676
93.5960,1.0135,4.3356
93.5962,1.037,4.4361
93.5964,1.0234,4.3843
93.5966,1.0304,4.4141
93.5968,1.027,4.4038
93.5970,1.0175,4.353
93.5972,1.1126,4.762
93.5974,1.0759,4.6071
93.5976,1.0499,4.4978
93.5978,1.0772,4.6106
93.5980,1.085,4.6461
93.5982,1.0762,4.6125
93.5984,1.0482,4.5011
93.5986,0.97,4.1576
93.5988,1.0082,4.3311
93.5990,0.8944,3.8405
93.5992,0.918,3.9364
93.5994,0.9732,4.1749
93.5996,0.9838,4.2207
93.5998,1.0064,4.3133
93.6000,1.0078,4.3195
93.6002,1.0492,4.4968
93.6004,1.0817,4.6318
93.6006,1.0505,4.5151
93.6008,0.8175,3.517
93.6010,0.8257,3.5504
93.6012,0.8223,3.5393
93.6014,0.8124,3.4997
93.6016,0.7823,3.3622
93.6018,0.7988,3.4333
93.6020,0.7988,3.4365
93.6022,0.7962,3.4268
93.6024,0.7988,3.4333
93.6026,0.8427,3.6236
93.6028,0.8222,3.5322
93.6030,0.8464,3.6396
93.6032,0.8275,3.5582
93.6034,0.8227,3.5359
93.6036,0.8493,3.6554
93.6038,0.7724,3.3184
93.6040,0.8169,3.5177
93.6042,0.7536,3.2451
93.6044,0.7844,3.3746
93.6046,0.8353,3.5883
93.6048,0.8283,3.5634
93.6050,0.7964,3.431
93.6052,0.7057,3.0371
93.6054,0.7222,3.1112
93.6056,0.6915,2.9804
93.6058,0.6445,2.7804
93.6060,0.6545,2.8233
93.6062,0.6205,2.6744
93.6064,0.68,2.9253
93.6066,0.7667,3.2968
93.6068,0.7678,3.3106
93.6070,0.6304,2.7168
93.6072,0.6281,2.7057
93.6074,0.6422,2.7706
93.6076,0.5958,2.5692
93.6078,0.5886,2.5393
93.6080,0.5792,2.4973
93.6082,0.5974,2.5759
93.6084,0.5955,2.5688
93.6086,0.6414,2.7656
93.6088,0.5818,2.5087
93.6090,0.5447,2.3511
93.6092,0.5037,2.1771
93.6094,0.5076,2.1896
93.6096,0.5335,2.2971
93.6098,0.6657,2.8693
93.6100,0.6281,2.7095
93.6102,0.5345,2.305
93.6104,0.5286,2.2812
93.6106,0.5292,2.2849
93.6108,0.5447,2.3522
93.6110,0.5276,2.2771
93.6112,0.5281,2.2802
93.6114,0.5384,2.3226
93.6116,0.5317,2.2947
93.6118,0.517,2.2315
93.6120,0.5266,2.2698
93.6122,0.5571,2.4066
93.6124,0.5132,2.216
93.6126,0.5065,2.186
93.6128,0.5333,2.2966
93.6130,0.6693,2.8808
93.6132,0.7218,3.1111
93.6134,0.5866,2.5282
93.6136,0.5739,2.4711
93.6138,0.6392,2.7538
93.6140,0.6517,2.8062
93.6142,0.6541,2.8165
93.6144,0.6682,2.8788
93.6146,0.7184,3.0875
93.6148,0.7776,3.339
93.6150,0.7867,3.386
93.6152,0.7078,3.0478
93.6154,0.6664,2.867
93.6156,0.7221,3.1078
93.6158,0.7613,3.2736
93.6160,0.7573,3.2581
93.6162,0.7729,3.322
93.6164,0.8144,3.502
93.6166,0.7935,3.4107
93.6168,0.7589,3.2663
93.6170,0.7346,3.1615
93.6172,0.7481,3.2153
93.6174,0.7756,3.338
93.6176,0.7391,3.1782
93.6178,0.7891,3.3916
93.6180,0.822,3.5344
93.6182,0.8294,3.5648
93.6184,0.8354,3.5922
93.6186,0.8003,3.4395
93.6188,0.8277,3.5575
93.6190,0.8841,3.7927
93.6192,0.9378,4.0231
93.6194,0.9031,3.8745
93.6196,0.9566,4.0982
93.6198,0.9772,4.1963
93.6200,0.7281,3.1352
93.6202,0.7229,3.1086
93.6204,0.748,3.2209
93.6206,0.6866,2.9593
93.6208,0.6805,2.9275
93.6210,0.7119,3.0697
93.6212,0.5353,2.3092
93.6214,0.5019,2.1664
93.6216,0.5343,2.3072
93.6218,0.5495,2.374
93.6220,0.5561,2.3981
93.6222,0.5961,2.5714
93.6224,0.5414,2.3366
93.6226,0.55,2.3684
93.6228,0.5976,2.583
93.6230,0.426,1.8405
93.6232,0.4178,1.8047
93.6234,0.4083,1.7663
93.6236,0.4079,1.7655
93.6238,0.403,1.7418
93.6240,0.4029,1.7405
93.6242,0.4015,1.7359
93.6244,0.3985,1.7221
93.6246,0.4416,1.9069
93.6248,0.4164,1.7982
93.6250,0.4067,1.7579
93.6252,0.4166,1.8004
93.6254,0.4167,1.8001
93.6256,0.4184,1.8048
93.6258,0.4746,2.0484
93.6260,0.4408,1.8998
93.6262,0.5576,2.4009
93.6264,0.6006,2.5839
93.6266,0.6772,2.9108
93.6268,0.79,3.3968
93.6270,0.7073,3.0472
93.6272,0.6414,2.7606
93.6274,0.7278,3.1327
93.6276,0.7528,3.234
93.6278,0.7739,3.3262
93.6280,0.7336,3.1501
93.6282,0.8379,3.5897
93.6284,0.9616,4.1212
93.6286,1.0056,4.3118
93.6288,0.9895,4.2449
93.6290,0.9259,3.9686
93.6292,0.9245,3.9643
93.6294,0.9681,4.1495
93.6296,1.002,4.2964
93.6298,1.0026,4.2829
93.6300,1.096,4.693
93.6302,1.0526,4.5113
93.6304,1.0605,4.541
93.6306,1.1267,4.8176
93.6308,1.1366,4.8716
93.6310,1.0129,4.3412
93.6312,0.9817,4.2056
93.6314,0.9791,4.1982
93.6316,0.9785,4.1976
93.6318,0.9758,4.1824
93.6320,0.9854,4.2294
93.6322,0.9434,4.0549
93.6324,0.8172,3.5155
93.6326,0.7536,3.2391
93.6328,0.7781,3.3427
93.6330,0.7968,3.4262
93.6332,0.7852,3.3809
93.6334,0.7542,3.2447
93.6336,0.7877,3.3823
93.6338,0.8446,3.632
93.6340,0.8162,3.5114
93.6342,0.7762,3.3375
93.6344,0.8131,3.4947
93.6346,0.8466,3.6351
93.6348,0.8958,3.8485
93.6350,0.7991,3.4408
93.6352,0.7497,3.2281
93.6354,0.7779,3.3463
93.6356,0.7928,3.4045
93.6358,0.7969,3.4252
93.6360,0.7755,3.3376
93.6362,0.7681,3.3015
93.6364,0.8365,3.5936
93.6366,0.8707,3.7421
93.6368,0.8219,3.534
93.6370,0.8192,3.5177
93.6372,0.8581,3.6846
93.6374,0.8397,3.6108
93.6376,0.8329,3.5798
93.6378,0.8442,3.6265
93.6380,0.8612,3.6997
93.6382,0.8794,3.785
93.6384,0.7834,3.3716
93.6386,0.7572,3.2576
93.6388,0.7617,3.2767
93.6390,0.7643,3.2896
93.6392,0.7534,3.2411
93.6394,0.737,3.1778
93.6396,0.6504,2.8058
93.6398,0.5307,2.2927
93.6400,0.4986,2.1529
93.6402,0.4917,2.1234
93.6404,0.4911,2.1208
93.6406,0.5404,2.3303
93.6408,0.507,2.1891
93.6410,0.5005,2.1622
93.6412,0.5018,2.1659
93.6414,0.4888,2.1104
93.6416,0.4949,2.1378
93.6418,0.5064,2.1855
93.6420,0.5077,2.1882
93.6422,0.5319,2.2968
93.6424,0.4644,2.0072
93.6426,0.4694,2.0224
93.6428,0.5925,2.5524
93.6430,0.5989,2.5839
93.6432,0.4982,2.1523
93.6434,0.4504,1.9474
93.6436,0.4455,1.9235
93.6438,0.4479,1.9348
93.6440,0.4515,1.9485
93.6442,0.4463,1.928
93.6444,0.4421,1.909
93.6446,0.4444,1.918
93.6448,0.4637,2.0022
93.6450,0.517,2.2316
93.6452,0.5005,2.1622
93.6454,0.4509,1.9468
93.6456,0.4582,1.9784
93.6458,0.4623,1.9969
93.6460,0.4631,1.9996
93.6462,0.4579,1.9764
93.6464,0.4585,1.979
93.6466,0.4583,1.9798
93.6468,0.4593,1.984
93.6470,0.4575,1.9744
93.6472,0.4547,1.9625
93.6474,0.4378,1.8912
93.6476,0.4338,1.8733
93.6478,0.437,1.885
93.6480,0.4465,1.9273
93.6482,0.4718,2.0384
93.6484,0.4668,2.0147
93.6486,0.4696,2.0248
93.6488,0.5412,2.3345
93.6490,0.5799,2.4958
93.6492,0.6403,2.7534
93.6494,0.6838,2.946
93.6496,0.5871,2.5303
93.6498,0.55,2.3706
93.6500,0.5518,2.3773
93.6502,0.5469,2.3572
93.6504,0.5401,2.3277
93.6506,0.5476,2.3581
93.6508,0.5892,2.5337
93.6510,0.7101,3.0492
93.6512,0.7587,3.2592
93.6514,0.8024,3.4473
93.6516,0.789,3.3943
93.6518,0.6618,2.8523
93.6520,0.5491,2.3676
93.6522,0.532,2.2952
93.6524,0.5457,2.3487
93.6526,0.6135,2.6391
93.6528,0.6685,2.8772
93.6530,0.6337,2.7237
93.6532,0.636,2.7437
93.6534,0.5687,2.4501
93.6536,0.6129,2.6377
93.6538,0.6302,2.7138
93.6540,0.654,2.8148
93.6542,0.6919,2.9751
93.6544,0.7227,3.1047
93.6546,0.7826,3.3607
93.6548,0.8078,3.4737
93.6550,0.749,3.2205
93.6552,0.6838,2.9405
93.6554,0.7059,3.0382
93.6556,0.6828,2.9386
93.6558,0.621,2.6741
93.6560,0.6183,2.6597
93.6562,0.6466,2.7828
93.6564,0.6445,2.7714
93.6566,0.691,2.9728
93.6568,0.6986,3.0067
93.6570,0.691,2.9728
93.6572,0.7005,3.0136
93.6574,0.6896,2.9694
93.6576,0.572,2.4675
93.6578,0.5275,2.2745
93.6580,0.5211,2.2461
93.6582,0.5421,2.3376
93.6584,0.5167,2.228
93.6586,0.5248,2.2642
93.6588,0.5286,2.277
93.6590,0.5456,2.3515
93.6592,0.5434,2.3389
93.6594,0.6822,2.9292
93.6596,0.7376,3.17
93.6598,0.6922,2.9794
93.6600,0.6962,2.9922
93.6602,0.7331,3.1554
93.6604,0.6867,2.9529
93.6606,0.7296,3.1331
93.6608,0.7803,3.3504
93.6610,0.8211,3.5243
93.6612,0.8324,3.5727
93.6614,0.8294,3.5582
93.6616,0.8781,3.7688
93.6618,0.888,3.8115
93.6620,0.9424,4.0371
93.6622,1.0006,4.2848
93.6624,1.033,4.4213
93.6626,1.011,4.3289
93.6628,1.0089,4.3182
93.6630,1.0385,4.4429
93.6632,1.0994,4.7034
93.6634,1.0949,4.6861
93.6636,1.1023,4.7224
93.6638,1.0917,4.6701
93.6640,1.0738,4.598
93.6642,1.0435,4.4597
93.6644,1.1298,4.8287
93.6646,1.1106,4.7645
93.6648,0.9935,4.2599
93.6650,0.9774,4.1871
93.6652,0.9926,4.2523
93.6654,1.0185,4.3653
93.6656,1.0162,4.3596
93.6658,0.9305,3.9937
93.6660,0.8966,3.8463
93.6662,0.9181,3.9444
93.6664,0.8239,3.5411
93.6666,0.7921,3.4045
93.6668,0.8,3.4402
93.6670,0.8222,3.5306
93.6672,0.8426,3.6165
93.6674,0.8869,3.8046
93.6676,0.9008,3.8679
93.6678,0.898,3.8578
93.6680,0.8752,3.7564
93.6682,0.9548,4.0924
93.6684,0.9616,4.1289
93.6686,0.9376,4.0259
93.6688,0.8914,3.8259
93.6690,0.8823,3.7886
93.6692,0.8755,3.7592
93.6694,0.8773,3.7705
93.6696,0.8797,3.7772
93.6698,0.9575,4.1037
93.6700,0.9908,4.2466
93.6702,0.967,4.1482
93.6704,0.995,4.2646
93.6706,1.0372,4.4476
93.6708,1.0009,4.2978
93.6710,0.9348,4.016
93.6712,0.8858,3.807
93.6714,0.8785,3.7774
93.6716,0.824,3.5433
93.6718,0.7356,3.1677
93.6720,0.6786,2.9206
93.6722,0.7103,3.0616
93.6724,0.7057,3.04
93.6726,0.6932,2.9877
93.6728,0.657,2.8329
93.6730,0.5995,2.584
93.6732,0.5838,2.5187
93.6734,0.6064,2.6135
93.6736,0.6617,2.8491
93.6738,0.6868,2.9562
93.6740,0.6832,2.9448
93.6742,0.6811,2.9355
93.6744,0.6858,2.9515
93.6746,0.7299,3.1414
93.6748,0.7097,3.0562
93.6750,0.6985,3.0118
93.6752,0.6679,2.8773
93.6754,0.6509,2.8039
93.6756,0.5956,2.5718
93.6758,0.5428,2.3385
93.6760,0.7083,3.0471
93.6762,0.6996,3.0137
93.6764,0.648,2.7941
93.6766,0.6136,2.6457
93.6768,0.6172,2.6625
93.6770,0.551,2.3769
93.6772,0.5415,2.3382
93.6774,0.5349,2.3108
93.6776,0.5349,2.3098
93.6778,0.5292,2.2839
93.6780,0.5254,2.2689
93.6782,0.5358,2.3134
93.6784,0.523,2.2564
93.6786,0.5244,2.2611
93.6788,0.5262,2.2699
93.6790,0.5331,2.302
93.6792,0.5415,2.3339
93.6794,0.6127,2.6421
93.6796,0.5733,2.4732
93.6798,0.5621,2.4262
93.6800,0.5312,2.2937
93.6802,0.5248,2.2631
93.6804,0.522,2.2518
93.6806,0.5256,2.2683
93.6808,0.5278,2.2771
93.6810,0.5287,2.2797
93.6812,0.5874,2.5318
93.6814,0.6133,2.6459
93.6816,0.5374,2.3153
93.6818,0.5708,2.4577
93.6820,0.6058,2.6109
93.6822,0.6051,2.609
93.6824,0.5578,2.4064
93.6826,0.5871,2.528
93.6828,0.7023,3.0227
93.6830,0.6819,2.9405
93.6832,0.5971,2.5737
93.6834,0.5979,2.5756
93.6836,0.5955,2.5629
93.6838,0.6683,2.8775
93.6840,0.6656,2.8661
93.6842,0.7078,3.0451
93.6844,0.7714,3.3154
93.6846,0.7439,3.1988
93.6848,0.7342,3.1586
93.6850,0.7156,3.0757
93.6852,0.7005,3.0164
93.6854,0.623,2.6828
93.6856,0.6262,2.6975
93.6858,0.6986,3.0053
93.6860,0.7738,3.3257
93.6862,0.749,3.225
93.6864,0.6374,2.7461
93.6866,0.624,2.6907
93.6868,0.619,2.6653
93.6870,0.6142,2.6459
93.6872,0.5999,2.5856
93.6874,0.6346,2.7312
93.6876,0.6755,2.9071
93.6878,0.6678,2.8781
93.6880,0.6125,2.6386
93.6882,0.6201,2.6699
93.6884,0.6073,2.6164
93.6886,0.576,2.4851
93.6888,0.578,2.4922
93.6890,0.584,2.5169
93.6892,0.6022,2.5906
93.6894,0.6842,2.9503
93.6896,0.6113,2.631
93.6898,0.6746,2.8981
93.6900,0.7499,3.2321
93.6902,0.6106,2.6304
93.6904,0.6265,2.6966
93.6906,0.6226,2.6833
93.6908,0.6081,2.6207
93.6910,0.6472,2.7866
93.6912,0.5643,2.4344
93.6914,0.5087,2.1923
93.6916,0.5416,2.3366
93.6918,0.4872,2.1037
93.6920,0.4752,2.0538
93.6922,0.4529,1.9556
93.6924,0.4489,1.9376
93.6926,0.5112,2.2021
93.6928,0.6258,2.6935
93.6930,0.6812,2.9319
93.6932,0.6651,2.8614
93.6934,0.7205,3.094
93.6936,0.7853,3.3736
93.6938,0.7768,3.3339
93.6940,0.8233,3.5352
93.6942,0.8315,3.5703
93.6944,0.8274,3.5544
93.6946,0.8564,3.6722
93.6948,0.878,3.7665
93.6950,0.8623,3.6991
93.6952,0.9378,4.0195
93.6954,0.9841,4.2139
93.6956,1.0183,4.3643
93.6958,1.0074,4.3175
93.6960,0.9918,4.2507
93.6962,0.9842,4.2164
93.6964,1.0125,4.3315
93.6966,1.059,4.5306
93.6968,1.0939,4.682
93.6970,1.1165,4.7763
93.6972,1.1453,4.8994
93.6974,1.1418,4.8914
93.6976,1.0316,4.4255
93.6978,0.9673,4.1478
93.6980,0.9876,4.2308
93.6982,0.9917,4.2482
93.6984,1.0393,4.4501
93.6986,1.1089,4.7528
93.6988,1.0375,4.4445
93.6990,0.9975,4.2814
93.6992,0.9782,4.1907
93.6994,1.05,4.5005
93.6996,0.992,4.2518
93.6998,1.0153,4.3515
93.7000,0.9612,4.1312
93.7002,0.8625,3.7105
93.7004,0.8026,3.451
93.7006,0.7996,3.4349
93.7008,0.8183,3.512
93.7010,0.8665,3.7241
93.7012,0.7866,3.3824
93.7014,0.8047,3.457
93.7016,0.8693,3.7417
93.7018,0.7798,3.3624
93.7020,0.676,2.9084
93.7022,0.7494,3.2241
93.7024,0.7752,3.3334
93.7026,0.7679,3.305
93.7028,0.7421,3.1956
93.7030,0.7006,3.0169
93.7032,0.7294,3.1452
93.7034,0.691,2.9742
93.7036,0.7389,3.1801
93.7038,0.7498,3.2301
93.7040,0.6931,2.9858
93.7042,0.6987,3.0045
93.7044,0.7663,3.2953
93.7046,0.7542,3.2522
93.7048,0.616,2.661
93.7050,0.5325,2.2973
93.7052,0.5768,2.4882
93.7054,0.5565,2.4052
93.7056,0.4895,2.1126
93.7058,0.5102,2.2
93.7060,0.5674,2.4478
93.7062,0.5481,2.3667
93.7064,0.4876,2.1062
93.7066,0.4814,2.0788
93.7068,0.4968,2.1461
93.7070,0.5003,2.1601
93.7072,0.5075,2.1882
93.7074,0.5595,2.4126
93.7076,0.5263,2.2756
93.7078,0.4265,1.8434
93.7080,0.4216,1.8213
93.7082,0.4666,2.0156
93.7084,0.4611,1.9936
93.7086,0.447,1.932
93.7088,0.4481,1.9349
93.7090,0.4519,1.9524
93.7092,0.472,2.037
93.7094,0.5365,2.3144
93.7096,0.4963,2.1421
93.7098,0.4569,1.9709
93.7100,0.5112,2.2072
93.7102,0.466,2.013
93.7104,0.4446,1.9208
93.7106,0.4404,1.9035
93.7108,0.4441,1.9178
93.7110,0.4483,1.935
93.7112,0.4667,2.0161
93.7114,0.4525,1.955
93.7116,0.437,1.8868
93.7118,0.4579,1.9783
93.7120,0.4551,1.964
93.7122,0.4493,1.9401
93.7124,0.4386,1.8949
93.7126,0.4322,1.866
93.7128,0.4434,1.9138
93.7130,0.4637,2.0004
93.7132,0.4597,1.9824
93.7134,0.4883,2.1054
93.7136,0.5477,2.3608
93.7138,0.5736,2.4724
93.7140,0.5746,2.4754
93.7142,0.5806,2.5012
93.7144,0.6494,2.7951
93.7146,0.6886,2.9612
93.7148,0.7311,3.1408
93.7150,0.7016,3.0196
93.7152,0.7057,3.0344
93.7154,0.7621,3.2757
93.7156,0.7799,3.3489
93.7158,0.7376,3.1745
93.7160,0.6956,2.9924
93.7162,0.7162,3.0826
93.7164,0.6692,2.8776
93.7166,0.693,2.9811
93.7168,0.7632,3.2742
93.7170,0.8451,3.629
93.7172,0.8422,3.62
93.7174,0.7973,3.4283
93.7176,0.7633,3.2763
93.7178,0.8456,3.6293
93.7180,0.8765,3.7586
93.7182,0.8557,3.6743
93.7184,0.7978,3.4351
93.7186,0.6252,2.6971
93.7188,0.5407,2.3314
93.7190,0.518,2.2337
93.7192,0.5654,2.4322
93.7194,0.6527,2.8104
93.7196,0.5617,2.4207
93.7198,0.5789,2.4952
93.7200,0.5956,2.5634
93.7202,0.6251,2.6954
93.7204,0.5573,2.4066
93.7206,0.5193,2.2393
93.7208,0.5141,2.2156
93.7210,0.5458,2.3503
93.7212,0.5807,2.5041
93.7214,0.5703,2.4534
93.7216,0.6293,2.7135
93.7218,0.5211,2.2481
93.7220,0.5048,2.1768
93.7222,0.5039,2.1777
93.7224,0.4274,1.8479
93.7226,0.3907,1.6877
93.7228,0.3884,1.6771
93.7230,0.3952,1.7066
93.7232,0.4021,1.7353
93.7234,0.388,1.6755
93.7236,0.3898,1.6833
93.7238,0.3914,1.6908
93.7240,0.3932,1.6993
93.7242,0.3885,1.6776
93.7244,0.3867,1.6698
93.7246,0.4283,1.8478
93.7248,0.4848,2.0904
93.7250,0.4925,2.1245
93.7252,0.4142,1.7875
93.7254,0.4023,1.7379
93.7256,0.4063,1.7526
93.7258,0.4973,2.1422
93.7260,0.5174,2.2311
93.7262,0.4879,2.1029
93.7264,0.5211,2.245
93.7266,0.5695,2.4509
93.7268,0.6139,2.6424
93.7270,0.612,2.6353
93.7272,0.6012,2.5877
93.7274,0.7499,3.2201
93.7276,0.7955,3.4126
93.7278,0.8364,3.5847
93.7280,0.8711,3.7372
93.7282,0.8469,3.6299
93.7284,0.903,3.8614
93.7286,1.0158,4.3495
93.7288,0.9842,4.2184
93.7290,0.9747,4.1739
93.7292,0.9803,4.1936
93.7294,1.0004,4.2797
93.7296,1.1064,4.7288
93.7298,1.0863,4.6492
93.7300,1.0402,4.4459
93.7302,1.1279,4.8273
93.7304,1.124,4.8064
93.7306,1.0407,4.4687
93.7308,0.8299,3.5619
93.7310,0.8106,3.4807
93.7312,0.847,3.6389
93.7314,0.8058,3.4601
93.7316,0.8602,3.6921
93.7318,0.8546,3.673
93.7320,0.8102,3.484
93.7322,0.8109,3.4838
93.7324,0.843,3.6129
93.7326,0.9401,4.0292
93.7328,0.9295,3.9914
93.7330,0.8563,3.6803
93.7332,0.887,3.8051
93.7334,0.9367,4.0205
93.7336,0.8888,3.8128
93.7338,0.9859,4.2196
93.7340,1.0931,4.6784
93.7342,1.0245,4.3931
93.7344,0.9737,4.1731
93.7346,0.9962,4.2697
93.7348,1.0436,4.4707
93.7350,1.0563,4.5336
93.7352,0.8918,3.8292
93.7354,0.8607,3.6959
93.7356,0.8842,3.7986
93.7358,0.8607,3.6959
93.7360,0.8629,3.7017
93.7362,0.9051,3.8828
93.7364,0.9654,4.1415
93.7366,0.9889,4.2424
93.7368,0.9773,4.1905
93.7370,1.0026,4.295
93.7372,0.9791,4.2041
93.7374,0.8842,3.8039
93.7376,0.8255,3.5462
93.7378,0.8081,3.4795
93.7380,0.7287,3.1377
93.7382,0.6741,2.9082
93.7384,0.6318,2.7193
93.7386,0.7181,3.0866
93.7388,0.7853,3.3736
93.7390,0.8195,3.522
93.7392,0.8774,3.771
93.7394,0.8349,3.5902
93.7396,0.7627,3.2874
93.7398,0.6065,2.6164
93.7400,0.5655,2.4339
93.7402,0.597,2.5732
93.7404,0.5742,2.4761
93.7406,0.5829,2.5134
93.7408,0.5852,2.5279
93.7410,0.5054,2.1824
93.7412,0.4819,2.0799
93.7414,0.4836,2.0882
93.7416,0.5217,2.2518
93.7418,0.5419,2.3376
93.7420,0.5323,2.2962
93.7422,0.5493,2.3642
93.7424,0.6984,3.0043
93.7426,0.6799,2.9317
93.7428,0.6043,2.6071
93.7430,0.548,2.3629
93.7432,0.5338,2.303
93.7434,0.535,2.3092
93.7436,0.5352,2.3087
93.7438,0.5329,2.2967
93.7440,0.5322,2.2936
93.7442,0.5343,2.3061
93.7444,0.5349,2.3087
93.7446,0.534,2.3014
93.7448,0.5678,2.4482
93.7450,0.5342,2.3056
93.7452,0.5288,2.2812
93.7454,0.5392,2.3198
93.7456,0.6626,2.8532
93.7458,0.6385,2.7546
93.7460,0.5565,2.4019
93.7462,0.534,2.3024
93.7464,0.5626,2.4249
93.7466,0.5529,2.3852
93.7468,0.5275,2.2734
93.7470,0.5362,2.3133
93.7472,0.5392,2.3252
93.7474,0.5388,2.3231
93.7476,0.5422,2.337
93.7478,0.5847,2.5188
93.7480,0.6354,2.7373
93.7482,0.6464,2.7835
93.7484,0.641,2.7603
93.7486,0.6394,2.7544
93.7488,0.633,2.7257
93.7490,0.6278,2.7022
93.7492,0.6289,2.7094
93.7494,0.6396,2.7541
93.7496,0.7135,3.065
93.7498,0.8253,3.544
93.7500,0.8138,3.4946
93.7502,0.7723,3.3241
93.7504,0.643,2.7698
93.7506,0.6444,2.7696
93.7508,0.7337,3.158
93.7510,0.7261,3.1249
93.7512,0.7265,3.1255
93.7514,0.7282,3.1298
93.7516,0.6784,2.9228
93.7518,0.6256,2.6962
93.7520,0.6023,2.5911
93.7522,0.6987,3.0003
93.7524,0.7498,3.2301
93.7526,0.7013,3.02
93.7528,0.6752,2.9075
93.7530,0.6587,2.8336
93.7532,0.7347,3.1591
93.7534,0.7362,3.1688
93.7536,0.6663,2.8666
93.7538,0.6302,2.7138
93.7540,0.6464,2.781
93.7542,0.7165,3.0851
93.7544,0.7003,3.0126
93.7546,0.6918,2.9759
93.7548,0.7361,3.1639
93.7550,0.7161,3.0778
93.7552,0.7285,3.1323
93.7554,0.7512,3.2288
93.7556,0.8309,3.5677
93.7558,0.8468,3.6412
93.7560,0.7451,3.204
93.7562,0.7714,3.3169
93.7564,0.6765,2.9077
93.7566,0.731,3.1432
93.7568,0.7106,3.0569
93.7570,0.7442,3.2029
93.7572,0.7008,3.0174
93.7574,0.6641,2.8634
93.7576,0.603,2.6002
93.7578,0.53,2.2885
93.7580,0.45,1.9405
93.7582,0.4787,2.065
93.7584,0.4401,1.8993
93.7586,0.5043,2.1737
93.7588,0.6007,2.5856
93.7590,0.684,2.9451
93.7592,0.5883,2.5366
93.7594,0.5613,2.4192
93.7596,0.6036,2.598
93.7598,0.6451,2.7804
93.7600,0.6144,2.6469
93.7602,0.6196,2.6642
93.7604,0.7396,3.1759
93.7606,0.798,3.4298
93.7608,0.7533,3.2345
93.7610,0.8214,3.5237
93.7612,0.903,3.8776
93.7614,0.8226,3.5289
93.7616,0.8719,3.7351
93.7618,0.963,4.1197
93.7620,1.0532,4.5097
93.7622,1.0469,4.4871
93.7624,1.0607,4.5378
93.7626,1.0771,4.6102
93.7628,1.0553,4.521
93.7630,1.0648,4.5509
93.7632,1.1749,5.0214
93.7634,1.0959,4.699
93.7636,0.9744,4.1782
93.7638,0.9942,4.263
93.7640,0.9726,4.1685
93.7642,0.9882,4.2373
93.7644,0.9771,4.1939
93.7646,0.919,3.9369
93.7648,0.9607,4.1253
93.7650,0.8713,3.7447
93.7652,0.8244,3.5432
93.7654,0.8707,3.7351
93.7656,0.8851,3.7986
93.7658,0.8998,3.8655
93.7660,0.8354,3.5939
93.7662,0.7259,3.1244
93.7664,0.6984,3.0085
93.7666,0.6988,3.0092
93.7668,0.7187,3.0963
93.7670,0.7132,3.0711
93.7672,0.7196,3.0985
93.7674,0.7419,3.1916
93.7676,0.7413,3.1905
93.7678,0.7246,3.1173
93.7680,0.7338,3.1585
93.7682,0.7407,3.1864
93.7684,0.7255,3.1238
93.7686,0.7058,3.0391
93.7688,0.7647,3.2865
93.7690,0.7723,3.321
93.7692,0.7223,3.106
93.7694,0.7449,3.2104
93.7696,0.6629,2.8529
93.7698,0.7275,3.1297
93.7700,0.6966,3.0049
93.7702,0.6437,2.7691
93.7704,0.7364,3.1737
93.7706,0.5808,2.5057
93.7708,0.5358,2.308
93.7710,0.6189,2.6685
93.7712,0.6155,2.6528
93.7714,0.6281,2.7058
93.7716,0.6398,2.7577
93.7718,0.6103,2.6306
93.7720,0.6607,2.8463
93.7722,0.6247,2.6951
93.7724,0.5826,2.51
93.7726,0.592,2.5539
93.7728,0.5293,2.2854
93.7730,0.5187,2.2368
93.7732,0.5968,2.5745
93.7734,0.5491,2.3676
93.7736,0.5362,2.3133
93.7738,0.5894,2.5401
93.7740,0.6329,2.7252
93.7742,0.642,2.7644
93.7744,0.6816,2.9348
93.7746,0.7144,3.0734
93.7748,0.7305,3.1455
93.7750,0.6593,2.8454
93.7752,0.5555,2.3955
93.7754,0.6469,2.7804
93.7756,0.748,3.2224
93.7758,0.6522,2.8083
93.7760,0.6295,2.7133
93.7762,0.5501,2.3733
93.7764,0.5356,2.3118
93.7766,0.5317,2.2937
93.7768,0.6037,2.6033
93.7770,0.6147,2.6467
93.7772,0.6747,2.9027
93.7774,0.6826,2.9381
93.7776,0.6722,2.8932
93.7778,0.662,2.8493
93.7780,0.6842,2.9462
93.7782,0.7144,3.0792
93.7784,0.6281,2.7033
93.7786,0.6204,2.6765
93.7788,0.5837,2.5158
93.7790,0.5939,2.5609
93.7792,0.5638,2.4312
93.7794,0.5477,2.363
93.7796,0.5527,2.3831
93.7798,0.5301,2.2869
93.7800,0.472,2.037
93.7802,0.4987,2.1544
93.7804,0.454,1.9603
93.7806,0.5001,2.1566
93.7808,0.5414,2.3345
93.7810,0.5481,2.3634
93.7812,0.5548,2.3935
93.7814,0.5446,2.3484
93.7816,0.5497,2.3702
93.7818,0.5753,2.4785
93.7820,0.6028,2.598
93.7822,0.5686,2.4507
93.7824,0.5632,2.4263
93.7826,0.5581,2.4052
93.7828,0.6137,2.6389
93.7830,0.7508,3.2252
93.7832,0.75,3.2266
93.7834,0.7107,3.056
93.7836,0.7298,3.1395
93.7838,0.6499,2.7998
93.7840,0.657,2.829
93.7842,0.6657,2.8627
93.7844,0.647,2.7874
93.7846,0.6052,2.6095
93.7848,0.5462,2.3541
93.7850,0.5522,2.3788
93.7852,0.628,2.7053
93.7854,0.6504,2.798
93.7856,0.6344,2.7357
93.7858,0.5325,2.2973
93.7860,0.5202,2.2419
93.7862,0.5073,2.1887
93.7864,0.5277,2.2766
93.7866,0.5688,2.4517
93.7868,0.5275,2.2756
93.7870,0.5246,2.2642
93.7872,0.5173,2.2306
93.7874,0.5212,2.2466
93.7876,0.539,2.3209
93.7878,0.5284,2.2776
93.7880,0.536,2.3123
93.7882,0.5422,2.3348
93.7884,0.6535,2.8088
93.7886,0.6696,2.8818
93.7888,0.6245,2.6878
93.7890,0.6239,2.6902
93.7892,0.5216,2.2471
93.7894,0.503,2.173
93.7896,0.4051,1.7498
93.7898,0.395,1.7055
93.7900,0.3982,1.7195
93.7902,0.4459,1.9238
93.7904,0.459,1.9839
93.7906,0.3836,1.6563
93.7908,0.4004,1.7272
93.7910,0.4235,1.8279
93.7912,0.4,1.7241
93.7914,0.4778,2.0595
93.7916,0.5461,2.3557
93.7918,0.4903,2.1132
93.7920,0.4879,2.1048
93.7922,0.5228,2.2543
93.7924,0.5379,2.3141
93.7926,0.6216,2.6704
93.7928,0.7452,3.1956
93.7930,0.8167,3.5086
93.7932,0.7883,3.3849
93.7934,0.8032,3.4471
93.7936,0.818,3.511
93.7938,0.8503,3.6477
93.7940,0.8759,3.7543
93.7942,0.8771,3.7647
93.7944,0.863,3.6988
93.7946,0.8896,3.8182
93.7948,0.8611,3.694
93.7950,0.8517,3.6556
93.7952,0.8592,3.6875
93.7954,0.9093,3.8899
93.7956,1.0566,4.5161
93.7958,1.1196,4.7896
93.7960,1.0986,4.6999
93.7962,1.1382,4.8646
93.7964,1.1172,4.7771
93.7966,1.0738,4.6001
93.7968,0.9893,4.2459
93.7970,0.934,3.9974
93.7972,0.9865,4.2242
93.7974,0.983,4.2171
93.7976,0.9288,3.9791
93.7978,0.9787,4.1947
93.7980,0.9363,4.0221
93.7982,0.8846,3.8019
93.7984,0.7924,3.4008
93.7986,0.8629,3.7052
93.7988,0.8494,3.6492
93.7990,0.8304,3.5689
93.7992,0.8383,3.6013
93.7994,0.8127,3.4932
93.7996,0.8065,3.468
93.7998,0.7846,3.3752
93.8000,0.7731,3.3195
93.8002,0.858,3.684
93.8004,0.8409,3.6126
93.8006,0.8413,3.6091
93.8008,0.849,3.6454
93.8010,0.8327,3.5754
93.8012,0.8365,3.5952
93.8014,0.8337,3.58
93.8016,0.822,3.5345
93.8018,0.7859,3.3793
93.8020,0.7885,3.3891
93.8022,0.7504,3.2267
93.8024,0.763,3.2793
93.8026,0.7753,3.3293
93.8028,0.8281,3.5608
93.8030,0.7536,3.2451
93.8032,0.7412,3.187
93.8034,0.7633,3.2839
93.8036,0.6922,2.9835
93.8038,0.6467,2.7833
93.8040,0.6396,2.7567
93.8042,0.5811,2.5056
93.8044,0.579,2.4968
93.8046,0.5735,2.4708
93.8048,0.6266,2.6958
93.8050,0.7069,3.0452
93.8052,0.6597,2.8422
93.8054,0.6564,2.8251
93.8056,0.6648,2.8625
93.8058,0.6382,2.753
93.8060,0.5744,2.479
93.8062,0.5765,2.4825
93.8064,0.6228,2.6843
93.8066,0.6148,2.6521
93.8068,0.5733,2.472
93.8070,0.5505,2.3738
93.8072,0.5685,2.4502
93.8074,0.5691,2.4562
93.8076,0.5781,2.4962
93.8078,0.5119,2.2093
93.8080,0.5025,2.167
93.8082,0.5518,2.3806
93.8084,0.5451,2.3461
93.8086,0.6823,2.9338
93.8088,0.6715,2.8914
93.8090,0.5867,2.5311
93.8092,0.548,2.3629
93.8094,0.5302,2.2864
93.8096,0.519,2.2388
93.8098,0.523,2.2564
93.8100,0.527,2.2714
93.8102,0.5617,2.4207
93.8104,0.5296,2.2859
93.8106,0.5284,2.2765
93.8108,0.5811,2.5033
93.8110,0.5572,2.4016
93.8112,0.539,2.3252
93.8114,0.5186,2.2383
93.8116,0.5151,2.2192
93.8118,0.6579,2.8252
93.8120,0.748,3.2224
93.8122,0.5979,2.578
93.8124,0.5515,2.3768
93.8126,0.6029,2.5937
93.8128,0.6727,2.8939
93.8130,0.6896,2.9708
93.8132,0.6792,2.9231
93.8134,0.6734,2.897
93.8136,0.6722,2.8932
93.8138,0.7244,3.1134
93.8140,0.7518,3.2329
93.8142,0.7481,3.2169
93.8144,0.7285,3.1352
93.8146,0.7305,3.1411
93.8148,0.7408,3.184
93.8150,0.7654,3.2881
93.8152,0.8335,3.5807
93.8154,0.7976,3.4219
93.8156,0.8581,3.6846
93.8158,0.837,3.5956
93.8160,0.7873,3.3855
93.8162,0.7494,3.2196
93.8164,0.7957,3.42
93.8166,0.769,3.3081
93.8168,0.7478,3.2109
93.8170,0.8147,3.4949
93.8172,0.911,3.9116
93.8174,0.8548,3.6707
93.8176,0.8594,3.6851
93.8178,0.9324,4.0001
93.8180,0.9795,4.2003
93.8182,0.9684,4.1466
93.8184,0.9512,4.0846
93.8186,0.8643,3.7131
93.8188,0.8267,3.548
93.8190,0.8149,3.5106
93.8192,0.6448,2.7802
93.8194,0.6052,2.6059
93.8196,0.6304,2.7169
93.8198,0.6222,2.683
93.8200,0.58,2.4998
93.8202,0.5704,2.455
93.8204,0.6107,2.6297
93.8206,0.6192,2.6688
93.8208,0.6307,2.7184
93.8210,0.6004,2.5841
93.8212,0.6418,2.766
93.8214,0.6394,2.7518
93.8216,0.6847,2.9428
93.8218,0.7102,3.054
93.8220,0.7179,3.0855
93.8222,0.6769,2.9215
93.8224,0.5094,2.1995
93.8226,0.4789,2.0661
93.8228,0.4873,2.1032
93.8230,0.5413,2.334
93.8232,0.5397,2.3272
93.8234,0.5065,2.1881
93.8236,0.4079,1.7623
93.8238,0.4037,1.7449
93.8240,0.4043,1.7459
93.8242,0.4053,1.7517
93.8244,0.4039,1.743
93.8246,0.481,2.0729
93.8248,0.5131,2.2135
93.8250,0.5338,2.2966
93.8252,0.642,2.7657
93.8254,0.5968,2.5745
93.8256,0.5187,2.2368
93.8258,0.5241,2.26
93.8260,0.5547,2.3885
93.8262,0.6191,2.6658
93.8264,0.5861,2.5215
93.8266,0.6329,2.7252
93.8268,0.6382,2.7466
93.8270,0.7142,3.0653
93.8272,0.7854,3.3741
93.8274,0.7896,3.3953
93.8276,0.8202,3.5219
93.8278,0.8857,3.7994
93.8280,0.8892,3.8167
93.8282,0.8648,3.7117
93.8284,0.8686,3.7264
93.8286,0.8614,3.6973
93.8288,0.8934,3.8311
93.8290,0.9601,4.1151
93.8292,1.0063,4.3149
93.8294,0.9604,4.118
93.8296,0.9624,4.1248
93.8298,0.9878,4.2397
93.8300,0.846,3.6309
93.8302,0.8085,3.4735
93.8304,0.8217,3.5318
93.8306,0.8209,3.5249
93.8308,0.8409,3.6076
93.8310,0.9075,3.8967
93.8312,0.8449,3.6279
93.8314,0.822,3.5296
93.8316,0.845,3.6267
93.8318,0.8654,3.716
93.8320,0.8249,3.5452
93.8322,0.7883,3.3928
93.8324,0.7117,3.0559
93.8326,0.836,3.5915
93.8328,0.8388,3.6017
93.8330,0.8327,3.5771
93.8332,0.8304,3.5689
93.8334,0.8366,3.5907
93.8336,0.8833,3.7945
93.8338,0.86,3.6997
93.8340,0.7919,3.4003
93.8342,0.8165,3.5075
93.8344,0.893,3.8326
93.8346,0.8991,3.8553
93.8348,0.9136,3.9248
93.8350,0.8859,3.804
93.8352,0.9095,3.9054
93.8354,0.8228,3.5348
93.8356,0.8598,3.6969
93.8358,0.8258,3.551
93.8360,0.8178,3.5116
93.8362,0.8017,3.4442
93.8364,0.8386,3.6012
93.8366,0.8563,3.682
93.8368,0.7629,3.2864
93.8370,0.6936,2.9837
93.8372,0.7268,3.1266
93.8374,0.7414,3.188
93.8376,0.6945,2.9934
93.8378,0.6081,2.6171
93.8380,0.6226,2.682
93.8382,0.6185,2.6669
93.8384,0.6136,2.6457
93.8386,0.5657,2.4428
93.8388,0.4979,2.1478
93.8390,0.5084,2.1923
93.8392,0.5441,2.3485
93.8394,0.5004,2.1596
93.8396,0.4925,2.1255
93.8398,0.4998,2.1571
93.8400,0.487,2.1036
93.8402,0.5456,2.3515
93.8404,0.6368,2.7435
93.8406,0.6346,2.7312
93.8408,0.6659,2.8672
93.8410,0.6701,2.8853
93.8412,0.6596,2.8417
93.8414,0.594,2.5603
93.8416,0.5841,2.5174
93.8418,0.6316,2.7182
93.8420,0.6461,2.7859
93.8422,0.4939,2.1317
93.8424,0.4638,2.0018
93.8426,0.5145,2.2197
93.8428,0.5317,2.2905
93.8430,0.601,2.589
93.8432,0.5831,2.5144
93.8434,0.5928,2.5575
93.8436,0.5016,2.1668
93.8438,0.4492,1.9396
93.8440,0.4457,1.9245
93.8442,0.4426,1.9093
93.8444,0.4465,1.9273
93.8446,0.4485,1.9365
93.8448,0.4479,1.9348
93.8450,0.4501,1.9446
93.8452,0.4447,1.9204
93.8454,0.447,1.9293
93.8456,0.448,1.9353
93.8458,0.4469,1.9288
93.8460,0.4753,2.0477
93.8462,0.5246,2.261
93.8464,0.5263,2.2714
93.8466,0.4613,1.9909
93.8468,0.4673,2.014
93.8470,0.5354,2.3097
93.8472,0.5453,2.3515
93.8474,0.5462,2.353
93.8476,0.5557,2.3938
93.8478,0.5473,2.3576
93.8480,0.5576,2.4032
93.8482,0.5629,2.4237
93.8484,0.5613,2.4192
93.8486,0.5692,2.4533
93.8488,0.563,2.4242
93.8490,0.5714,2.458
93.8492,0.6573,2.8253
93.8494,0.7575,3.2571
93.8496,0.6951,2.9834
93.8498,0.8173,3.516
93.8500,0.6577,2.836
93.8502,0.5711,2.4581
93.8504,0.6203,2.671
93.8506,0.6607,2.845
93.8508,0.6642,2.8573
93.8510,0.6467,2.7833
93.8512,0.6836,2.9409
93.8514,0.633,2.7257
93.8516,0.659,2.8325
93.8518,0.6844,2.9486
93.8520,0.5898,2.5434
93.8522,0.5588,2.4072
93.8524,0.6052,2.6047
93.8526,0.6444,2.7735
93.8528,0.649,2.7944
93.8530,0.6419,2.7601
93.8532,0.6414,2.7593
93.8534,0.6675,2.8744
93.8536,0.6642,2.856
93.8538,0.6961,2.9945
93.8540,0.6185,2.662
93.8542,0.6413,2.7575
93.8544,0.6812,2.9319
93.8546,0.6157,2.6514
93.8548,0.5957,2.5675
93.8550,0.5975,2.5741
93.8552,0.6686,2.8737
93.8554,0.7233,3.1131
93.8556,0.6171,2.6595
93.8558,0.548,2.3629
93.8560,0.5235,2.2564
93.8562,0.5617,2.4174
93.8564,0.609,2.6224
93.8566,0.6256,2.6912
93.8568,0.6528,2.8109
93.8570,0.5342,2.3045
93.8572,0.5455,2.3531
93.8574,0.515,2.2176
93.8576,0.5641,2.4277
93.8578,0.5693,2.455
93.8580,0.4975,2.1472
93.8582,0.4883,2.1064
93.8584,0.5015,2.1623
93.8586,0.5057,2.1814
93.8588,0.5111,2.2037
93.8590,0.5391,2.3225
93.8592,0.5793,2.4932
93.8594,0.6353,2.7304
93.8596,0.731,3.1446
93.8598,0.7125,3.0638
93.8600,0.7108,3.0523
93.8602,0.75,3.2266
93.8604,0.7245,3.111
93.8606,0.8327,3.5704
93.8608,0.8631,3.7027
93.8610,0.8539,3.6614
93.8612,0.8921,3.8201
93.8614,0.9351,4.0076
93.8616,0.9092,3.8966
93.8618,0.9632,4.1284
93.8620,0.953,4.0828
93.8622,0.9674,4.1445
93.8624,0.9737,4.1712
93.8626,0.9918,4.2468
93.8628,0.9887,4.2413
93.8630,0.8359,3.591
93.8632,0.7972,3.4262
93.8634,0.8205,3.525
93.8636,0.774,3.3236
93.8638,0.8057,3.4596
93.8640,0.8367,3.5912
93.8642,0.8497,3.6485
93.8644,0.8301,3.5629
93.8646,0.8178,3.5116
93.8648,0.8301,3.5663
93.8650,0.8135,3.4995
93.8652,0.769,3.302
93.8654,0.7837,3.3685
93.8656,0.78,3.3525
93.8658,0.7716,3.3149
93.8660,0.771,3.3123
93.8662,0.7866,3.3824
93.8664,0.839,3.6061
93.8666,0.7823,3.3638
93.8668,0.7862,3.3761
93.8670,0.7884,3.387
93.8672,0.8015,3.4447
93.8674,0.7205,3.0954
93.8676,0.7822,3.3633
93.8678,0.839,3.5993
93.8680,0.8371,3.5978
93.8682,0.8099,3.4776
93.8684,0.8179,3.5153
93.8686,0.7775,3.3432
93.8688,0.7734,3.3226
93.8690,0.7075,3.0421
93.8692,0.7536,3.2436
93.8694,0.7577,3.2612
93.8696,0.6847,2.9469
93.8698,0.6242,2.6893
93.8700,0.5862,2.5255
93.8702,0.6161,2.6529
93.8704,0.6436,2.766
93.8706,0.6886,2.968
93.8708,0.5687,2.4524
93.8710,0.5661,2.441
93.8712,0.6226,2.6795
93.8714,0.6427,2.7662
93.8716,0.6112,2.633
93.8718,0.5981,2.5743
93.8720,0.7153,3.077
93.8722,0.6747,2.9054
93.8724,0.6234,2.6869
93.8726,0.6241,2.6887
93.8728,0.6666,2.8716
93.8730,0.6665,2.8671
93.8732,0.7181,3.0866
93.8734,0.7649,3.2891
93.8736,0.7781,3.3474
93.8738,0.6981,3.0033
93.8740,0.6936,2.9865
93.8742,0.6841,2.9457
93.8744,0.7467,3.2062
93.8746,0.8443,3.622
93.8748,0.9047,3.8812
93.8750,0.9373,4.023
93.8752,0.8071,3.477
93.8754,0.672,2.8908
93.8756,0.6708,2.8883
93.8758,0.6914,2.9772
93.8760,0.7234,3.1136
93.8762,0.7099,3.0538
93.8764,0.6705,2.8873
93.8766,0.6788,2.9189
93.8768,0.7237,3.1132
93.8770,0.7229,3.1101
93.8772,0.6837,2.9469
93.8774,0.5518,2.3817
93.8776,0.5378,2.3179
93.8778,0.6042,2.5982
93.8780,0.7662,3.2932
93.8782,0.7144,3.0806
93.8784,0.5897,2.5429
93.8786,0.5527,2.3809
93.8788,0.5465,2.3567
93.8790,0.5437,2.3443
93.8792,0.5684,2.4508
93.8794,0.5614,2.4219
93.8796,0.5644,2.4304
93.8798,0.6295,2.7095
93.8800,0.641,2.7603
93.8802,0.6354,2.7373
93.8804,0.6336,2.7283
93.8806,0.638,2.7461
93.8808,0.6413,2.7626
93.8810,0.6416,2.7616
93.8812,0.7091,3.0465
93.8814,0.7931,3.4039
93.8816,0.8325,3.5799
93.8818,0.7299,3.14
93.8820,0.7073,3.0444
93.8822,0.6903,2.9739
93.8824,0.6191,2.6683
93.8826,0.6102,2.6288
93.8828,0.6075,2.6169
93.8830,0.613,2.6407
93.8832,0.6741,2.9015
93.8834,0.7089,3.0469
93.8836,0.7396,3.1803
93.8838,0.7551,3.2438
93.8840,0.7756,3.3396
93.8842,0.6557,2.8233
93.8844,0.7153,3.0742
93.8846,0.7618,3.2726
93.8848,0.7237,3.1161
93.8850,0.6317,2.7226
93.8852,0.6253,2.6914
93.8854,0.6372,2.7463
93.8856,0.5525,2.3815
93.8858,0.5434,2.3444
93.8860,0.5398,2.3278
93.8862,0.538,2.32
93.8864,0.5349,2.3033
93.8866,0.5784,2.4942
93.8868,0.5529,2.383
93.8870,0.6217,2.6797
93.8872,0.6115,2.6357
93.8874,0.6025,2.5958
93.8876,0.5644,2.4315
93.8878,0.6362,2.7396
93.8880,0.6241,2.6887
93.8882,0.5973,2.573
93.8884,0.6197,2.6684
93.8886,0.6731,2.8968
93.8888,0.69,2.9751
93.8890,0.5621,2.4228
93.8892,0.5625,2.4255
93.8894,0.4933,2.1301
93.8896,0.4192,1.8101
93.8898,0.4218,1.8224
93.8900,0.4049,1.7485
93.8902,0.4138,1.7852
93.8904,0.4711,2.0305
93.8906,0.5067,2.1871
93.8908,0.4786,2.0655
93.8910,0.5036,2.1696
93.8912,0.5717,2.4653
93.8914,0.547,2.3566
93.8916,0.5557,2.396
93.8918,0.5266,2.2688
93.8920,0.5956,2.561
93.8922,0.6725,2.8929
93.8924,0.6565,2.8256
93.8926,0.6787,2.9197
93.8928,0.7023,3.0185
93.8930,0.7482,3.2099
93.8932,0.8227,3.5294
93.8934,0.8691,3.7267
93.8936,0.8705,3.7364
93.8938,0.8541,3.6642
93.8940,0.9092,3.9003
93.8942,0.8755,3.7592
93.8944,0.8662,3.7178
93.8946,0.8727,3.7439
93.8948,0.8885,3.8065
93.8950,1.009,4.3146
93.8952,1.1095,4.7443
93.8954,1.1245,4.8084
93.8956,1.095,4.6888
93.8958,1.1144,4.7631
93.8960,1.1772,5.0359
93.8962,1.0721,4.5929
93.8964,0.9508,4.075
93.8966,0.9759,4.1829
93.8968,0.9722,4.1728
93.8970,0.9111,3.9067
93.8972,0.9387,4.0249
93.8974,0.9608,4.1258
93.8976,0.8867,3.8094
93.8978,0.8621,3.6986
93.8980,0.9184,3.9362
93.8982,0.9353,4.0124
93.8984,0.9045,3.882
93.8986,0.9023,3.8746
93.8988,0.9422,4.0441
93.8990,0.9285,3.9812
93.8992,0.9273,3.9872
93.8994,0.8018,3.4511
93.8996,0.755,3.2418
93.8998,0.7955,3.419
93.9000,0.8552,3.6756
93.9002,0.8386,3.6045
93.9004,0.8336,3.5812
93.9006,0.8315,3.5752
93.9008,0.7639,3.285
93.9010,0.7492,3.22
93.9012,0.7514,3.2323
93.9014,0.7043,3.0301
93.9016,0.7593,3.2709
93.9018,0.7136,3.0741
93.9020,0.7136,3.067
93.9022,0.7765,3.3391
93.9024,0.7898,3.3963
93.9026,0.7463,3.2151
93.9028,0.6204,2.6727
93.9030,0.5976,2.5782
93.9032,0.5238,2.2627
93.9034,0.5423,2.3397
93.9036,0.6011,2.5932
93.9038,0.5733,2.4709
93.9040,0.5835,2.516
93.9042,0.6374,2.7461
93.9044,0.6796,2.9252
93.9046,0.6701,2.8866
93.9048,0.6244,2.6948
93.9050,0.5326,2.2978
93.9052,0.5406,2.3341
93.9054,0.5061,2.1855
93.9056,0.4969,2.1466
93.9058,0.484,2.0887
93.9060,0.4816,2.0784
93.9062,0.4959,2.1395
93.9064,0.4985,2.1504
93.9066,0.5487,2.3682
93.9068,0.5075,2.1922
93.9070,0.419,1.8091
93.9072,0.4688,2.0264
93.9074,0.4241,1.8314
93.9076,0.4619,1.9908
93.9078,0.5298,2.2854
93.9080,0.4744,2.0483
93.9082,0.4489,1.9385
93.9084,0.454,1.9603
93.9086,0.4516,1.9508
93.9088,0.457,1.9732
93.9090,0.46,1.9825
93.9092,0.4983,2.1528
93.9094,0.4726,2.0377
93.9096,0.5325,2.2941
93.9098,0.5688,2.4529
93.9100,0.5342,2.3056
93.9102,0.476,2.0536
93.9104,0.4417,1.9083
93.9106,0.432,1.8655
93.9108,0.4318,1.8636
93.9110,0.4416,1.9043
93.9112,0.4636,2.0008
93.9114,0.4584,1.9767
93.9116,0.4983,2.1469
93.9118,0.5924,2.5519
93.9120,0.5871,2.5303
93.9122,0.5811,2.5056
93.9124,0.6078,2.6148
93.9126,0.6597,2.8382
93.9128,0.6703,2.8836
93.9130,0.6605,2.8453
93.9132,0.5788,2.4923
93.9134,0.5672,2.4434
93.9136,0.5706,2.4595
93.9138,0.5699,2.4564
93.9140,0.5736,2.4713
93.9142,0.6081,2.6134
93.9144,0.7041,3.0263
93.9146,0.7075,3.0449
93.9148,0.6897,2.9617
93.9150,0.835,3.5807
93.9152,0.8503,3.6562
93.9154,0.7373,3.1646
93.9156,0.791,3.4031
93.9158,0.7173,3.0873
93.9160,0.6783,2.9209
93.9162,0.6493,2.792
93.9164,0.7258,3.1152
93.9166,0.8039,3.455
93.9168,0.803,3.4498
93.9170,0.768,3.304
93.9172,0.7294,3.1365
93.9174,0.7455,3.2056
93.9176,0.8295,3.557
93.9178,0.8783,3.7716
93.9180,0.748,3.2179
93.9182,0.6677,2.8709
93.9184,0.7173,3.0873
93.9186,0.6759,2.9119
93.9188,0.6837,2.9414
93.9190,0.663,2.8535
93.9192,0.5965,2.5723
93.9194,0.5264,2.2677
93.9196,0.5543,2.3881
93.9198,0.5746,2.4766
93.9200,0.5696,2.4514
93.9202,0.5913,2.5496
93.9204,0.5504,2.3733
93.9206,0.5165,2.2269
93.9208,0.5313,2.2879
93.9210,0.5983,2.5777
93.9212,0.542,2.3381
93.9214,0.4241,1.8314
93.9216,0.4054,1.7522
93.9218,0.4005,1.7293
93.9220,0.4432,1.9128
93.9222,0.4065,1.756
93.9224,0.4013,1.7322
93.9226,0.4585,1.9799
93.9228,0.4055,1.7511
93.9230,0.3988,1.7213
93.9232,0.3988,1.7197
93.9234,0.4649,2.0037
93.9236,0.5473,2.3598
93.9238,0.5022,2.1654
93.9240,0.4829,2.0812
93.9242,0.4853,2.0915
93.9244,0.4854,2.093
93.9246,0.4897,2.1116
93.9248,0.4858,2.0936
93.9250,0.5003,2.1541
93.9252,0.5347,2.3023
93.9254,0.585,2.518
93.9256,0.6096,2.6226
93.9258,0.6065,2.6116
93.9260,0.598,2.5713
93.9262,0.7123,3.0613
93.9264,0.7402,3.1814
93.9266,0.7203,3.0915
93.9268,0.7657,3.2866
93.9270,0.7858,3.3741
93.9272,0.8366,3.5857
93.9274,0.9481,4.0599
93.9276,0.9541,4.0855
93.9278,0.9726,4.1646
93.9280,0.9716,4.1586
93.9282,0.9807,4.1995
93.9284,0.9544,4.0904
93.9286,0.9719,4.1693
93.9288,0.9287,3.9804
93.9290,0.9605,4.1147
93.9292,0.9982,4.2765
93.9294,0.9932,4.2569
93.9296,0.9116,3.9124
93.9298,0.8448,3.6206
93.9300,0.8932,3.8372
93.9302,0.8559,3.6787
93.9304,0.8052,3.4559
93.9306,0.8259,3.5466
93.9308,0.8139,3.4983
93.9310,0.8094,3.4755
93.9312,0.8552,3.6637
93.9314,0.949,4.0673
93.9316,0.9311,3.9925
93.9318,0.8666,3.7211
93.9320,0.8757,3.7585
93.9322,0.9066,3.8858
93.9324,0.9546,4.0971
93.9326,0.8933,3.8342
93.9328,0.9106,3.8992
93.9330,0.9618,4.1261
93.9332,0.93,3.9954
93.9334,0.8504,3.6465
93.9336,0.9342,4.0097
93.9338,0.9291,3.9875
93.9340,0.8655,3.7182
93.9342,0.7955,3.4174
93.9344,0.8263,3.5481
93.9346,0.8408,3.6138
93.9348,0.8408,3.6104
93.9350,0.8424,3.6154
93.9352,0.8476,3.6415
93.9354,0.8655,3.7165
93.9356,0.8312,3.5692
93.9358,0.7919,3.4051
93.9360,0.8291,3.5566
93.9362,0.8956,3.8368
93.9364,0.8839,3.7953
93.9366,0.8192,3.521
93.9368,0.8463,3.6358
93.9370,0.8607,3.6959
93.9372,0.7715,3.3221
93.9374,0.6912,2.9692
93.9376,0.7424,3.1951
93.9378,0.7183,3.0943
93.9380,0.6678,2.8741
93.9382,0.6992,3.0121
93.9384,0.6509,2.8065
93.9386,0.5786,2.4936
93.9388,0.5745,2.476
93.9390,0.5861,2.525
93.9392,0.6527,2.8117
93.9394,0.6168,2.6609
93.9396,0.5199,2.245
93.9398,0.4971,2.1447
93.9400,0.5993,2.5818
93.9402,0.61,2.629
93.9404,0.5569,2.4012
93.9406,0.5534,2.3873
93.9408,0.6065,2.6104
93.9410,0.6938,2.9903
93.9412,0.6286,2.7116
93.9414,0.5606,2.4183
93.9416,0.535,2.3092
93.9418,0.5299,2.2859
93.9420,0.5352,2.3076
93.9422,0.5631,2.4292
93.9424,0.5308,2.289
93.9426,0.5265,2.2714
93.9428,0.5288,2.2812
93.9430,0.5288,2.2791
93.9432,0.5266,2.273
93.9434,0.527,2.2745
93.9436,0.5246,2.2631
93.9438,0.525,2.2605
93.9440,0.5824,2.5078
93.9442,0.6163,2.6552
93.9444,0.5523,2.3804
93.9446,0.5274,2.275
93.9448,0.5252,2.2657
93.9450,0.5264,2.2688
93.9452,0.5256,2.2662
93.9454,0.5238,2.2585
93.9456,0.5394,2.3235
93.9458,0.6085,2.6204
93.9460,0.635,2.7332
93.9462,0.6466,2.7828
93.9464,0.6286,2.7066
93.9466,0.6292,2.7079
93.9468,0.6903,2.9698
93.9470,0.6799,2.9262
93.9472,0.6605,2.8373
93.9474,0.7731,3.3149
93.9476,0.9113,3.9132
93.9478,0.8107,3.4893
93.9480,0.7264,3.1279
93.9482,0.6601,2.8424
93.9484,0.6186,2.665
93.9486,0.6174,2.6598
93.9488,0.6214,2.6756
93.9490,0.6541,2.814
93.9492,0.6275,2.7007
93.9494,0.6409,2.7572
93.9496,0.7247,3.1178
93.9498,0.756,3.2464
93.9500,0.8023,3.4483
93.9502,0.745,3.2065
93.9504,0.6389,2.7536
93.9506,0.6495,2.7918
93.9508,0.7621,3.2727
93.9510,0.7545,3.2472
93.9512,0.6431,2.7729
93.9514,0.6304,2.7143
93.9516,0.6739,2.9031
93.9518,0.6352,2.7325
93.9520,0.6245,2.6865
93.9522,0.6504,2.7993
93.9524,0.6942,2.9876
93.9526,0.6864,2.9541
93.9528,0.6966,2.9966
93.9530,0.626,2.6983
93.9532,0.5692,2.4522
93.9534,0.5816,2.5077
93.9536,0.6178,2.6601
93.9538,0.6825,2.9349
93.9540,0.7151,3.0722
93.9542,0.7087,3.0487
93.9544,0.6871,2.9613
93.9546,0.5636,2.429
93.9548,0.5528,2.3847
93.9550,0.5398,2.3288
93.9552,0.5873,2.5313
93.9554,0.6348,2.7309
93.9556,0.6029,2.6021
93.9558,0.4384,1.8938
93.9560,0.4222,1.8231
93.9562,0.4305,1.8579
93.9564,0.4976,2.1448
93.9566,0.596,2.5662
93.9568,0.6178,2.6564
93.9570,0.7113,3.0558
93.9572,0.7368,3.1655
93.9574,0.6819,2.9405
93.9576,0.5281,2.2781
93.9578,0.4944,2.1328
93.9580,0.4882,2.1069
93.9582,0.5009,2.1607
93.9584,0.5338,2.2998
93.9586,0.5874,2.5295
93.9588,0.5952,2.5654
93.9590,0.6318,2.7142
93.9592,0.7538,3.2366
93.9594,0.7444,3.2039
93.9596,0.7299,3.1327
93.9598,0.7972,3.4214
93.9600,0.8101,3.4786
93.9602,0.831,3.5649
93.9604,0.8564,3.6705
93.9606,0.9345,4.0051
93.9608,0.9487,4.0681
93.9610,0.9096,3.9005
93.9612,0.8976,3.8509
93.9614,0.9295,3.9859
93.9616,0.9409,4.0347
93.9618,0.9321,3.9929
93.9620,0.9996,4.2821
93.9622,0.9785,4.1917
93.9624,0.9602,4.1175
93.9626,0.9522,4.0811
93.9628,1.0024,4.2965
93.9630,0.994,4.2605
93.9632,0.9485,4.0652
93.9634,0.957,4.1055
93.9636,0.9071,3.8915
93.9638,0.9365,4.0213
93.9640,0.8792,3.7769
93.9642,0.8384,3.5984
93.9644,0.9004,3.8645
93.9646,0.8945,3.85
93.9648,0.706,3.0359
93.9650,0.7033,3.0269
93.9652,0.7023,3.0213
93.9654,0.6892,2.9665
93.9656,0.7037,3.0275
93.9658,0.744,3.2009
93.9660,0.7213,3.1014
93.9662,0.7258,3.1239
93.9664,0.7064,3.0375
93.9666,0.7282,3.1298
93.9668,0.7653,3.2906
93.9670,0.75,3.2251
93.9672,0.7758,3.3329
93.9674,0.8281,3.5575
93.9676,0.7878,3.386
93.9678,0.8132,3.5018
93.9680,0.7527,3.2395
93.9682,0.7078,3.0437
93.9684,0.7142,3.0781
93.9686,0.6143,2.6464
93.9688,0.6491,2.7923
93.9690,0.6859,2.9548
93.9692,0.6324,2.7307
93.9694,0.5555,2.3955
93.9696,0.57,2.4558
93.9698,0.5897,2.5405
93.9700,0.6497,2.7988
93.9702,0.6276,2.7037
93.9704,0.6428,2.7668
93.9706,0.7088,3.0478
93.9708,0.7663,3.2968
93.9710,0.734,3.1619
93.9712,0.6805,2.9261
93.9714,0.7288,3.1353
93.9716,0.6722,2.8972
93.9718,0.6175,2.6603
93.9720,0.6003,2.5872
93.9722,0.5696,2.4537
93.9724,0.5872,2.532
93.9726,0.6141,2.6429
93.9728,0.7008,3.016
93.9730,0.6485,2.7962
93.9732,0.583,2.5127
93.9734,0.6192,2.6638
93.9736,0.694,2.9844
93.9738,0.7532,3.2416
93.9740,0.7304,3.1464
93.9742,0.6148,2.6485
93.9744,0.572,2.4652
93.9746,0.5907,2.547
93.9748,0.5889,2.5381
93.9750,0.6185,2.662
93.9752,0.6384,2.7477
93.9754,0.7049,3.0299
93.9756,0.7976,3.4282
93.9758,0.7954,3.4232
93.9760,0.6213,2.6826
93.9762,0.4998,2.1571
93.9764,0.4862,2.0966
93.9766,0.4907,2.1158
93.9768,0.5512,2.3769
93.9770,0.6239,2.6877
93.9772,0.6242,2.6905
93.9774,0.5955,2.5665
93.9776,0.6057,2.6092
93.9778,0.5733,2.4732
93.9780,0.4872,2.1017
93.9782,0.4772,2.0598
93.9784,0.4769,2.0582
93.9786,0.5033,2.168
93.9788,0.568,2.447
93.9790,0.5862,2.5267
93.9792,0.5814,2.506
93.9794,0.5814,2.5037
93.9796,0.6494,2.7964
93.9798,0.6173,2.6568
93.9800,0.6155,2.6491
93.9802,0.695,2.9885
93.9804,0.7615,3.2731
93.9806,0.7493,3.2206
93.9808,0.7813,3.3566
93.9810,0.8142,3.4961
93.9812,0.8215,3.5275
93.9814,0.8234,3.5391
93.9816,0.6964,2.9961
93.9818,0.6949,2.988
93.9820,0.7039,3.028
93.9822,0.6928,2.9834
93.9824,0.7157,3.0805
93.9826,0.7209,3.0955
93.9828,0.7835,3.3674
93.9830,0.7768,3.3386
93.9832,0.7757,3.3339
93.9834,0.745,3.202
93.9836,0.7114,3.0591
93.9838,0.7558,3.2514
93.9840,0.7174,3.0878
93.9842,0.6534,2.8148
93.9844,0.6378,2.7489
93.9846,0.6075,2.6121
93.9848,0.6413,2.7601
93.9850,0.6565,2.8243
93.9852,0.7163,3.0846
93.9854,0.6053,2.6089
93.9856,0.6215,2.6761
93.9858,0.6549,2.8228
93.9860,0.5775,2.4878
93.9862,0.5687,2.4501
93.9864,0.6142,2.6434
93.9866,0.6446,2.7771
93.9868,0.6382,2.7441
93.9870,0.6619,2.8488
93.9872,0.6805,2.9343
93.9874,0.6218,2.6777
93.9876,0.6075,2.6157
93.9878,0.5782,2.4909
93.9880,0.5784,2.4954
93.9882,0.4758,2.0545
93.9884,0.4194,1.8112
93.9886,0.4403,1.9004
93.9888,0.4475,1.9323
93.9890,0.4801,2.0722
93.9892,0.4629,1.9958
93.9894,0.5304,2.2827
93.9896,0.6527,2.8104
93.9898,0.5949,2.5639
93.9900,0.5579,2.4036
93.9902,0.5447,2.3468
93.9904,0.5641,2.4299
93.9906,0.6325,2.7224
93.9908,0.6777,2.9142
93.9910,0.6808,2.9344
93.9912,0.596,2.5662
93.9914,0.6356,2.7358
93.9916,0.6154,2.6498
93.9918,0.6432,2.767
93.9920,0.6611,2.8465
93.9922,0.6495,2.7957
93.9924,0.7,3.0045
93.9926,0.7964,3.4183
93.9928,0.8125,3.4889
93.9930,0.8576,3.6808
93.9932,0.8689,3.7257
93.9934,0.8901,3.8185
93.9936,0.8984,3.845
93.9938,1.0032,4.2955
93.9940,1.0123,4.3406
93.9942,0.9761,4.1756
93.9944,1.0694,4.579
93.9946,1.0857,4.6466
93.9948,1.0927,4.6747
93.9950,1.1369,4.8567
93.9952,1.152,4.9373
93.9954,1.0086,4.3267
93.9956,0.9653,4.1372
93.9958,1.001,4.2803
93.9960,1.1601,4.9607
93.9962,1.111,4.7571
93.9964,1.0381,4.4429
93.9966,1.0532,4.516
93.9968,1.0041,4.3077
93.9970,0.9769,4.1948
93.9972,0.9181,3.9444
93.9974,0.8589,3.6882
93.9976,0.8787,3.7714
93.9978,0.8962,3.8519
93.9980,0.8578,3.6801
93.9982,0.8904,3.8236
93.9984,0.8362,3.5909
93.9986,0.872,3.746
93.9988,0.816,3.5104
93.9990,0.771,3.3169
93.9992,0.7783,3.3453
93.9994,0.7924,3.404
93.9996,0.83,3.5641
93.9998,0.8758,3.766
94.0000,0.8532,3.6652
94.0002,0.8791,3.7782
94.0004,0.8693,3.7347
94.0006,0.8815,3.792
94.0008,0.8263,3.5481
94.0010,0.8518,3.6629
94.0012,0.7554,3.2529
94.0014,0.7725,3.3247
94.0016,0.7576,3.2622
94.0018,0.69,2.971
94.0020,0.6641,2.8581
94.0022,0.6841,2.9498
94.0024,0.6384,2.7489
94.0026,0.6728,2.8985
94.0028,0.6132,2.6417
94.0030,0.591,2.5462
94.0032,0.6681,2.8797
94.0034,0.6775,2.92
94.0036,0.6697,2.881
94.0038,0.7337,3.158
94.0040,0.7479,3.2174
94.0042,0.707,3.0415
94.0044,0.7057,3.04
94.0046,0.6679,2.8773
94.0048,0.6946,2.9897
94.0050,0.6561,2.8306
94.0052,0.5837,2.5182
94.0054,0.5813,2.5055
94.0056,0.6037,2.6046
94.0058,0.5497,2.3735
94.0060,0.5105,2.2052
94.0062,0.4997,2.1605
94.0064,0.4927,2.1265
94.0066,0.5463,2.3568
94.0068,0.5444,2.3496
94.0070,0.5835,2.5113
94.0072,0.707,3.0415
94.0074,0.6545,2.8221
94.0076,0.5388,2.3231
94.0078,0.5283,2.2802
94.0080,0.5221,2.2533
94.0082,0.5138,2.2166
94.0084,0.5218,2.2512
94.0086,0.5228,2.2564
94.0088,0.5221,2.2523
94.0090,0.5202,2.243
94.0092,0.5511,2.3764
94.0094,0.5163,2.2274
94.0096,0.5359,2.3118
94.0098,0.5663,2.4432
94.0100,0.5497,2.3691
94.0102,0.5477,2.3619
94.0104,0.565,2.4341
94.0106,0.6247,2.6888
94.0108,0.6343,2.7352
94.0110,0.5795,2.4954
94.0112,0.6093,2.6223
94.0114,0.6611,2.8479
94.0116,0.6746,2.9049
94.0118,0.6681,2.8743
94.0120,0.6716,2.8906
94.0122,0.6593,2.8361
94.0124,0.7121,3.0651
94.0126,0.6755,2.9071
94.0128,0.6637,2.8592
94.0130,0.6516,2.807
94.0132,0.6635,2.8529
94.0134,0.7433,3.1933
94.0136,0.7831,3.3612
94.0138,0.8451,3.629
94.0140,0.8511,3.6615
94.0142,0.7629,3.2742
94.0144,0.7996,3.4349
94.0146,0.7794,3.353
94.0148,0.7567,3.257
94.0150,0.712,3.0631
94.0152,0.7028,3.0234
94.0154,0.7024,3.0219
94.0156,0.7308,3.1383
94.0158,0.775,3.3308
94.0160,0.8133,3.4893
94.0162,0.8681,3.7261
94.0164,0.8882,3.8191
94.0166,0.7835,3.3674
94.0168,0.7889,3.389
94.0170,0.825,3.5408
94.0172,0.8425,3.6193
94.0174,0.7776,3.3453
94.0176,0.6969,2.9995
94.0178,0.701,3.0199
94.0180,0.6823,2.9379
94.0182,0.6305,2.7174
94.0184,0.5904,2.5436
94.0186,0.6175,2.6616
94.0188,0.5876,2.5288
94.0190,0.6382,2.7466
94.0192,0.6677,2.8789
94.0194,0.5968,2.5745
94.0196,0.566,2.4416
94.0198,0.5852,2.5209
94.0200,0.5842,2.5179
94.0202,0.5871,2.5315
94.0204,0.5716,2.4636
94.0206,0.578,2.4922
94.0208,0.5329,2.2967
94.0210,0.5228,2.2543
94.0212,0.5794,2.4961
94.0214,0.5864,2.5319
94.0216,0.4639,2.0042
94.0218,0.4181,1.8063
94.0220,0.4012,1.7333
94.0222,0.3967,1.7152
94.0224,0.4136,1.7833
94.0226,0.4837,2.0838
94.0228,0.5246,2.2642
94.0230,0.4964,2.1436
94.0232,0.4934,2.1277
94.0234,0.5397,2.3272
94.0236,0.5089,2.1933
94.0238,0.5563,2.4008
94.0240,0.4958,2.138
94.0242,0.4828,2.0816
94.0244,0.4862,2.0976
94.0246,0.4861,2.0971
94.0248,0.5102,2.2
94.0250,0.5435,2.3416
94.0252,0.6066,2.6121
94.0254,0.5822,2.5091
94.0256,0.5717,2.4641
94.0258,0.6539,2.8103
94.0260,0.715,3.0732
94.0262,0.7317,3.1463
94.0264,0.7377,3.1706
94.0266,0.7785,3.3442
94.0268,0.8243,3.5361
94.0270,0.9203,3.9444
94.0272,0.9654,4.1377
94.0274,0.9545,4.089
94.0276,0.9678,4.1441
94.0278,0.9835,4.2172
94.0280,0.9589,4.1118
94.0282,0.9526,4.0846
94.0284,0.9342,4.0097
94.0286,0.9349,4.009
94.0288,0.9632,4.1246
94.0290,0.9839,4.2168
94.0292,0.9416,4.0359
94.0294,0.9419,4.0369
94.0296,0.9785,4.1976
94.0298,0.967,4.1482
94.0300,0.9286,3.9855
94.0302,0.8596,3.6895
94.0304,0.855,3.6678
94.0306,0.9098,3.9047
94.0308,0.9162,3.9306
94.0310,0.8662,3.7196
94.0312,0.8886,3.8159
94.0314,0.9497,4.0722
94.0316,0.9066,3.8913
94.0318,0.8639,3.7115
94.0320,0.8293,3.5643
94.0322,0.827,3.5496
94.0324,0.8615,3.7029
94.0326,0.8232,3.5397
94.0328,0.8084,3.4762
94.0330,0.8181,3.5147
94.0332,0.8793,3.7722
94.0334,0.9113,3.9114
94.0336,0.8764,3.7651
94.0338,0.8599,3.6957
94.0340,0.798,3.4282
94.0342,0.8249,3.5452
94.0344,0.8409,3.6143
94.0346,0.861,3.7004
94.0348,0.7992,3.4381
94.0350,0.6974,3.0058
94.0352,0.6695,2.8827
94.0354,0.6898,2.9663
94.0356,0.7456,3.209
94.0358,0.7371,3.1768
94.0360,0.6656,2.8675
94.0362,0.6431,2.7704
94.0364,0.571,2.4656
94.0366,0.506,2.185
94.0368,0.5163,2.2274
94.0370,0.532,2.292
94.0372,0.6109,2.6319
94.0374,0.6553,2.8217
94.0376,0.725,3.1217
94.0378,0.5834,2.5178
94.0380,0.5599,2.4152
94.0382,0.572,2.4675
94.0384,0.5577,2.4059
94.0386,0.5143,2.2197
94.0388,0.4955,2.1404
94.0390,0.4914,2.1208
94.0392,0.477,2.0578
94.0394,0.524,2.2626
94.0396,0.4935,2.1321
94.0398,0.4939,2.1307
94.0400,0.4696,2.0285
94.0402,0.3992,1.7244
94.0404,0.4004,1.7296
94.0406,0.4112,1.7763
94.0408,0.4425,1.9106
94.0410,0.4774,2.0622
94.0412,0.4559,1.9667
94.0414,0.456,1.9682
94.0416,0.4955,2.1364
94.0418,0.5477,2.3597
94.0420,0.5395,2.3262
94.0422,0.4646,2.0045
94.0424,0.4477,1.9342
94.0426,0.447,1.9302
94.0428,0.4486,1.937
94.0430,0.4486,1.9379
94.0432,0.4473,1.9313
94.0434,0.451,1.9455
94.0436,0.4986,2.1499
94.0438,0.4635,2.0003
94.0440,0.4486,1.9352
94.0442,0.4468,1.9274
94.0444,0.4468,1.9292
94.0446,0.4473,1.9313
94.0448,0.4488,1.9362
94.0450,0.4531,1.953
94.0452,0.5043,2.1747
94.0454,0.5362,2.3112
94.0456,0.5518,2.3761
94.0458,0.5871,2.5268
94.0460,0.57,2.4569
94.0462,0.5552,2.3928
94.0464,0.5523,2.3793
94.0466,0.5696,2.4514
94.0468,0.623,2.6841
94.0470,0.5778,2.4894
94.0472,0.5711,2.457
94.0474,0.6922,2.9725
94.0476,0.7645,3.286
94.0478,0.7293,3.1374
94.0480,0.7241,3.1109
94.0482,0.7395,3.1842
94.0484,0.5822,2.5079
94.0486,0.5572,2.4005
94.0488,0.5637,2.4306
94.0490,0.532,2.2941
94.0492,0.54,2.324
94.0494,0.5774,2.4827
94.0496,0.6427,2.765
94.0498,0.659,2.8377
94.0500,0.6571,2.8295
94.0502,0.6306,2.7116
94.0504,0.6631,2.8513
94.0506,0.675,2.9024
94.0508,0.6272,2.7009
94.0510,0.571,2.4599
94.0512,0.5835,2.5125
94.0514,0.6467,2.7794
94.0516,0.6413,2.7613
94.0518,0.6073,2.6152
94.0520,0.6326,2.7229
94.0522,0.637,2.7427
94.0524,0.6401,2.7523
94.0526,0.6512,2.8042
94.0528,0.6318,2.7205
94.0530,0.6567,2.824
94.0532,0.6692,2.8843
94.0534,0.5148,2.2207
94.0536,0.5081,2.1846
94.0538,0.644,2.7706
94.0540,0.6613,2.8449
94.0542,0.6955,2.9892
94.0544,0.6781,2.9185
94.0546,0.6155,2.6516
94.0548,0.576,2.4839
94.0550,0.5383,2.3189
94.0552,0.5702,2.4586
94.0554,0.4518,1.9519
94.0556,0.4081,1.7595
94.0558,0.4684,2.0149
94.0560,0.5798,2.4907
94.0562,0.6137,2.6426
94.0564,0.5545,2.3919
94.0566,0.5023,2.1649
94.0568,0.5149,2.2161
94.0570,0.5449,2.3495
94.0572,0.5182,2.2326
94.0574,0.5711,2.457
94.0576,0.5993,2.5794
94.0578,0.6058,2.6073
94.0580,0.6042,2.6018
94.0582,0.6605,2.8413
94.0584,0.6175,2.6579
94.0586,0.6179,2.6594
94.0588,0.5804,2.499
94.0590,0.6013,2.587
94.0592,0.6549,2.815
94.0594,0.697,2.9945
94.0596,0.716,3.0801
94.0598,0.7302,3.1371
94.0600,0.7719,3.3097
94.0602,0.8263,3.5432
94.0604,0.9173,3.9279
94.0606,1.0041,4.2976
94.0608,1.0058,4.3028
94.0610,1.0048,4.3027
94.0612,0.9914,4.2472
94.0614,0.9795,4.1964
94.0616,0.9998,4.2812
94.0618,0.9438,4.0452
94.0620,0.9581,4.1044
94.0622,0.986,4.2103
94.0624,1.0959,4.699
94.0626,0.9208,3.9483
94.0628,0.8922,3.8277
94.0630,0.9011,3.8658
94.0632,0.9063,3.8934
94.0634,0.825,3.5408
94.0636,0.8322,3.57
94.0638,0.9199,3.9466
94.0640,0.8719,3.7385
94.0642,0.8839,3.7935
94.0644,0.8627,3.7081
94.0646,0.8168,3.5091
94.0648,0.7723,3.3226
94.0650,0.7629,3.2742
94.0652,0.8147,3.4982
94.0654,0.7994,3.4328
94.0656,0.7876,3.3818
94.0658,0.815,3.4965
94.0660,0.9026,3.8702
94.0662,0.961,4.1244
94.0664,0.8913,3.8254
94.0666,0.8552,3.6688
94.0668,0.8456,3.6327
94.0670,0.8436,3.6256
94.0672,0.8009,3.439
94.0674,0.8643,3.7096
94.0676,0.89,3.8233
94.0678,0.8944,3.8406
94.0680,0.8442,3.6265
94.0682,0.736,3.1707
94.0684,0.6684,2.8794
94.0686,0.6073,2.6164
94.0688,0.591,2.5438
94.0690,0.6665,2.8724
94.0692,0.649,2.7931
94.0694,0.6871,2.9558
94.0696,0.7342,3.1571
94.0698,0.7408,3.1869
94.0700,0.746,3.2076
94.0702,0.7745,3.3241
94.0704,0.8126,3.4943
94.0706,0.7331,3.1568
94.0708,0.7183,3.0928
94.0710,0.7358,3.1638
94.0712,0.6766,2.9137
94.0714,0.6179,2.6619
94.0716,0.6203,2.6722
94.0718,0.6313,2.7185
94.0720,0.5894,2.5378
94.0722,0.6275,2.7032
94.0724,0.607,2.6173
94.0726,0.5913,2.5484
94.0728,0.5974,2.5736
94.0730,0.5974,2.5747
94.0732,0.5852,2.522
94.0734,0.6153,2.6481
94.0736,0.6171,2.6558
94.0738,0.6209,2.6736
94.0740,0.6607,2.8437
94.0742,0.7451,3.2025
94.0744,0.7949,3.4164
94.0746,0.7247,3.1221
94.0748,0.6518,2.8081
94.0750,0.6325,2.7211
94.0752,0.6601,2.8411
94.0754,0.6555,2.8254
94.0756,0.5603,2.4184
94.0758,0.5541,2.386
94.0760,0.6066,2.6121
94.0762,0.6091,2.6242
94.0764,0.5968,2.571
94.0766,0.5482,2.3618
94.0768,0.6372,2.7425
94.0770,0.7012,3.0223
94.0772,0.6034,2.5982
94.0774,0.6105,2.6286
94.0776,0.6205,2.672
94.0778,0.6311,2.72
94.0780,0.575,2.4758
94.0782,0.6464,2.781
94.0784,0.7017,3.0202
94.0786,0.6524,2.8094
94.0788,0.632,2.7228
94.0790,0.6328,2.7272
94.0792,0.631,2.7157
94.0794,0.6344,2.7306
94.0796,0.6856,2.9441
94.0798,0.7879,3.3865
94.0800,0.7274,3.1262
94.0802,0.7159,3.0811
94.0804,0.6762,2.9156
94.0806,0.634,2.7311
94.0808,0.6228,2.6806
94.0810,0.6199,2.6682
94.0812,0.6301,2.7133
94.0814,0.6319,2.7211
94.0816,0.6282,2.7038
94.0818,0.6271,2.7004
94.0820,0.6443,2.7717
94.0822,0.675,2.9091
94.0824,0.6236,2.6842
94.0826,0.66,2.8392
94.0828,0.6996,3.0067
94.0830,0.7264,3.1221
94.0832,0.7265,3.1226
94.0834,0.7148,3.075
94.0836,0.724,3.1118
94.0838,0.6958,2.9949
94.0840,0.6392,2.7538
94.0842,0.635,2.737
94.0844,0.5995,2.5816
94.0846,0.5998,2.5863
94.0848,0.5753,2.4797
94.0850,0.5744,2.4744
94.0852,0.6124,2.6381
94.0854,0.5876,2.5335
94.0856,0.5989,2.5779
94.0858,0.6583,2.8307
94.0860,0.6581,2.8336
94.0862,0.6207,2.6713
94.0864,0.6216,2.6729
94.0866,0.6505,2.8011
94.0868,0.6175,2.6616
94.0870,0.5461,2.3546
94.0872,0.5054,2.1834
94.0874,0.4166,1.7996
94.0876,0.4064,1.7539
94.0878,0.3969,1.7154
94.0880,0.3925,1.6947
94.0882,0.3967,1.712
94.0884,0.45,1.9396
94.0886,0.5058,2.185
94.0888,0.4383,1.8907
94.0890,0.5406,2.3309
94.0892,0.532,2.2941
94.0894,0.4986,2.1509
94.0896,0.4889,2.11
94.0898,0.4752,2.05
94.0900,0.469,2.0231
94.0902,0.4757,2.0521
94.0904,0.4822,2.0791
94.0906,0.5147,2.2181
94.0908,0.5047,2.1753
94.0910,0.5485,2.3628
94.0912,0.6095,2.6209
94.0914,0.6635,2.8529
94.0916,0.684,2.9383
94.0918,0.7046,3.0283
94.0920,0.7994,3.4344
94.0922,0.7734,3.318
94.0924,0.8285,3.5557
94.0926,0.8503,3.646
94.0928,0.8529,3.6573
94.0930,0.8512,3.6501
94.0932,0.8613,3.6916
94.0934,0.8946,3.838
94.0936,0.898,3.8488
94.0938,1.0282,4.3967
94.0940,1.1159,4.7737
94.0942,1.1038,4.7197
94.0944,1.0849,4.637
94.0946,1.1034,4.7182
94.0948,1.1077,4.7411
94.0950,1.0793,4.6216
94.0952,1.0611,4.5393
94.0954,1.0912,4.6659
94.0956,1.09,4.6607
94.0958,1.1168,4.7778
94.0960,1.1084,4.7397
94.0962,1.1024,4.7119
94.0964,1.0936,4.6849
94.0966,1.0491,4.4964
94.0968,1.0138,4.3453
94.0970,1.0286,4.4003
94.0972,1.0917,4.6723
94.0974,1.1059,4.7356
94.0976,1.0323,4.4244
94.0978,1.042,4.4598
94.0980,1.0906,4.6742
94.0982,0.9902,4.246
94.0984,0.9552,4.1054
94.0986,0.8101,3.4867
94.0988,0.713,3.0687
94.0990,0.6916,2.9727
94.0992,0.7741,3.3272
94.0994,0.809,3.4821
94.0996,0.7466,3.2177
94.0998,0.6812,2.9346
94.1000,0.7299,3.14
94.1002,0.7707,3.3123
94.1004,0.7543,3.2482
94.1006,0.7111,3.0576
94.1008,0.7547,3.2498
94.1010,0.6876,2.962
94.1012,0.7337,3.155
94.1014,0.786,3.3845
94.1016,0.6792,2.9259
94.1018,0.6304,2.7181
94.1020,0.6235,2.6849
94.1022,0.6168,2.6572
94.1024,0.6174,2.6623
94.1026,0.6012,2.5901
94.1028,0.6719,2.8903
94.1030,0.7085,3.0467
94.1032,0.7446,3.2034
94.1034,0.7511,3.2343
94.1036,0.683,2.9451
94.1038,0.5832,2.5161
94.1040,0.5067,2.1871
94.1042,0.49,2.1156
94.1044,0.49,2.1156
94.1046,0.4964,2.1426
94.1048,0.464,2.0056
94.1050,0.4,1.7297
94.1052,0.3997,1.7273
94.1054,0.4481,1.9331
94.1056,0.5059,2.1845
94.1058,0.4552,1.9636
94.1060,0.4443,1.9192
94.1062,0.4477,1.9342
94.1064,0.4494,1.9388
94.1066,0.4754,2.0501
94.1068,0.5413,2.3318
94.1070,0.6126,2.6453
94.1072,0.4824,2.0811
94.1074,0.4584,1.9785
94.1076,0.4516,1.949
94.1078,0.4498,1.9421
94.1080,0.4509,1.9477
94.1082,0.4529,1.9547
94.1084,0.457,1.9705
94.1086,0.5118,2.2088
94.1088,0.477,2.0597
94.1090,0.447,1.9285
94.1092,0.4617,1.9934
94.1094,0.4515,1.9485
94.1096,0.4475,1.9323
94.1098,0.4379,1.8926
94.1100,0.4377,1.8907
94.1102,0.4419,1.9044
94.1104,0.4703,2.0298
94.1106,0.4674,2.0173
94.1108,0.5567,2.394
94.1110,0.6342,2.7271
94.1112,0.6436,2.7686
94.1114,0.6709,2.8875
94.1116,0.6731,2.8955
94.1118,0.6939,2.9852
94.1120,0.7078,3.0437
94.1122,0.747,3.2123
94.1124,0.7089,3.044
94.1126,0.7773,3.3375
94.1128,0.7918,3.3982
94.1130,0.7886,3.3896
94.1132,0.7318,3.1453
94.1134,0.7642,3.2814
94.1136,0.7498,3.2271
94.1138,0.6528,2.8083
94.1140,0.7103,3.0573
94.1142,0.6719,2.889
94.1144,0.6864,2.95
94.1146,0.6808,2.9317
94.1148,0.638,2.7461
94.1150,0.6759,2.9092
94.1152,0.6739,2.9018
94.1154,0.5836,2.5153
94.1156,0.5547,2.3908
94.1158,0.6072,2.6147
94.1160,0.6374,2.7423
94.1162,0.6647,2.8607
94.1164,0.684,2.9451
94.1166,0.6835,2.9376
94.1168,0.6878,2.963
94.1170,0.5964,2.5718
94.1172,0.5506,2.3732
94.1174,0.5235,2.2553
94.1176,0.5504,2.3689
94.1178,0.5527,2.3842
94.1180,0.5234,2.2569
94.1182,0.5726,2.469
94.1184,0.5686,2.4473
94.1186,0.6343,2.7289
94.1188,0.6047,2.6063
94.1190,0.5401,2.3288
94.1192,0.5166,2.2265
94.1194,0.5251,2.2632
94.1196,0.5117,2.2053
94.1198,0.5366,2.3117
94.1200,0.5876,2.5289
94.1202,0.602,2.5968
94.1204,0.4553,1.9669
94.1206,0.4031,1.7416
94.1208,0.4011,1.7304
94.1210,0.4097,1.7709
94.1212,0.4256,1.8384
94.1214,0.4199,1.8133
94.1216,0.4283,1.8444
94.1218,0.541,2.3341
94.1220,0.5362,2.3112
94.1222,0.5403,2.3299
94.1224,0.5043,2.1727
94.1226,0.5149,2.2172
94.1228,0.5762,2.4833
94.1230,0.5232,2.2549
94.1232,0.4924,2.124
94.1234,0.485,2.0934
94.1236,0.4847,2.09
94.1238,0.4898,2.1112
94.1240,0.4914,2.1179
94.1242,0.5354,2.3055
94.1244,0.5641,2.43
94.1246,0.5654,2.4334
94.1248,0.6121,2.6371
94.1250,0.5769,2.483
94.1252,0.5898,2.5375
94.1254,0.6873,2.9528
94.1256,0.7431,3.1923
94.1258,0.7092,3.0465
94.1260,0.7494,3.2151
94.1262,0.801,3.4379
94.1264,0.8238,3.5324
94.1266,0.954,4.0889
94.1268,0.9443,4.0435
94.1270,0.9483,4.0605
94.1272,0.9648,4.1332
94.1274,0.9756,4.1756
94.1276,0.9655,4.1344
94.1278,0.9546,4.0915
94.1280,0.948,4.0613
94.1282,0.9541,4.0856
94.1284,0.9727,4.1652
94.1286,0.9852,4.2225
94.1288,0.9703,4.1569
94.1290,0.8955,3.8453
94.1292,0.8114,3.4843
94.1294,0.8046,3.455
94.1296,0.7985,3.4303
94.1298,0.8192,3.5194
94.1300,0.8333,3.5697
94.1302,0.883,3.7917
94.1304,0.8236,3.5363
94.1306,0.8571,3.6754
94.1308,0.9274,3.973
94.1310,0.9249,3.9714
94.1312,0.9228,3.959
94.1314,0.9225,3.9556
94.1316,0.9055,3.8826
94.1318,0.9225,3.9538
94.1320,0.9597,4.1169
94.1322,0.9285,3.9813
94.1324,0.9418,4.0384
94.1326,0.9113,3.9132
94.1328,0.9013,3.8664
94.1330,0.9546,4.0896
94.1332,0.9772,4.1959
94.1334,0.8768,3.7597
94.1336,0.9385,4.0207
94.1338,0.9552,4.0979
94.1340,0.916,3.9315
94.1342,0.8708,3.7375
94.1344,0.8757,3.7586
94.1346,0.8736,3.7528
94.1348,0.8588,3.6894
94.1350,0.884,3.7941
94.1352,0.9147,3.9277
94.1354,0.823,3.5387
94.1356,0.7192,3.097
94.1358,0.6335,2.7316
94.1360,0.5874,2.5319
94.1362,0.6261,2.6921
94.1364,0.7329,3.1529
94.1366,0.6774,2.9182
94.1368,0.6861,2.9504
94.1370,0.7436,3.1959
94.1372,0.7354,3.1638
94.1374,0.7084,3.0477
94.1376,0.7377,3.175
94.1378,0.7255,3.1195
94.1380,0.77,3.3154
94.1382,0.6894,2.9684
94.1384,0.665,2.8636
94.1386,0.6574,2.8319
94.1388,0.5948,2.5622
94.1390,0.649,2.797
94.1392,0.6226,2.6846
94.1394,0.569,2.4534
94.1396,0.5833,2.5115
94.1398,0.651,2.8032
94.1400,0.6434,2.772
94.1402,0.5909,2.5469
94.1404,0.5313,2.2943
94.1406,0.4774,2.0622
94.1408,0.4859,2.0961
94.1410,0.5311,2.2911
94.1412,0.5257,2.2678
94.1414,0.5229,2.258
94.1416,0.5259,2.2668
94.1418,0.5389,2.3226
94.1420,0.5374,2.3164
94.1422,0.5389,2.3247
94.1424,0.5361,2.3118
94.1426,0.5374,2.3175
94.1428,0.5377,2.3196
94.1430,0.5687,2.4513
94.1432,0.6599,2.8375
94.1434,0.6474,2.7903
94.1436,0.5395,2.3273
94.1438,0.5305,2.2885
94.1440,0.54,2.3251
94.1442,0.6228,2.6831
94.1444,0.6378,2.7439
94.1446,0.7081,3.0476
94.1448,0.6776,2.9165
94.1450,0.664,2.855
94.1452,0.6798,2.9271
94.1454,0.6349,2.734
94.1456,0.6406,2.757
94.1458,0.6951,2.9863
94.1460,0.7975,3.431
94.1462,0.7268,3.1266
94.1464,0.7077,3.0432
94.1466,0.6958,2.9963
94.1468,0.6229,2.6836
94.1470,0.6105,2.6275
94.1472,0.6107,2.6309
94.1474,0.6099,2.6285
94.1476,0.6092,2.6254
94.1478,0.6087,2.6209
94.1480,0.6094,2.6253
94.1482,0.6444,2.7761
94.1484,0.6077,2.6205
94.1486,0.6059,2.6091
94.1488,0.6311,2.7162
94.1490,0.7033,3.0213
94.1492,0.8189,3.5163
94.1494,0.8007,3.4428
94.1496,0.7411,3.1865
94.1498,0.7647,3.2805
94.1500,0.7498,3.2227
94.1502,0.7406,3.1919
94.1504,0.6225,2.6816
94.1506,0.6319,2.7198
94.1508,0.6667,2.8695
94.1510,0.666,2.8678
94.1512,0.6668,2.87
94.1514,0.6841,2.943
94.1516,0.6607,2.8424
94.1518,0.6702,2.8845
94.1520,0.6986,3.0054
94.1522,0.697,3.0029
94.1524,0.6094,2.6277
94.1526,0.6288,2.7052
94.1528,0.7536,3.2331
94.1530,0.8105,3.4802
94.1532,0.8304,3.5674
94.1534,0.8383,3.603
94.1536,0.7493,3.2251
94.1538,0.5892,2.5408
94.1540,0.5193,2.2415
94.1542,0.5193,2.2404
94.1544,0.5329,2.2935
94.1546,0.657,2.8251
94.1548,0.7312,3.1457
94.1550,0.7329,3.1515
94.1552,0.6979,3.0065
94.1554,0.6301,2.7146
94.1556,0.6553,2.8244
94.1558,0.6075,2.6158
94.1560,0.6006,2.5887
94.1562,0.6288,2.7064
94.1564,0.7165,3.078
94.1566,0.767,3.2979
94.1568,0.6292,2.7143
94.1570,0.5029,2.1696
94.1572,0.4897,2.1146
94.1574,0.4901,2.1142
94.1576,0.5077,2.1892
94.1578,0.5771,2.4851
94.1580,0.6527,2.8052
94.1582,0.6767,2.9124
94.1584,0.7111,3.0534
94.1586,0.789,3.3928
94.1588,0.7527,3.235
94.1590,0.8095,3.4777
94.1592,0.8378,3.5993
94.1594,0.8003,3.4348
94.1596,0.833,3.577
94.1598,0.8682,3.7296
94.1600,0.7857,3.3752
94.1602,0.8172,3.5074
94.1604,0.9161,3.932
94.1606,0.9184,3.9363
94.1608,0.9558,4.0966
94.1610,0.9666,4.1429
94.1612,0.9826,4.2112
94.1614,0.9656,4.1349
94.1616,0.9805,4.2084
94.1618,0.9159,3.9255
94.1620,0.9592,4.111
94.1622,1.0083,4.3238
94.1624,0.9768,4.1885
94.1626,0.9847,4.2264
94.1628,0.9093,3.9009
94.1630,0.9034,3.8775
94.1632,0.8992,3.8594
94.1634,0.8598,3.6901
94.1636,0.8927,3.837
94.1638,0.8397,3.6059
94.1640,0.8626,3.7042
94.1642,0.8491,3.6511
94.1644,0.7667,3.2999
94.1646,0.7158,3.082
94.1648,0.686,2.9457
94.1650,0.8111,3.4909
94.1652,0.7571,3.2587
94.1654,0.7273,3.1301
94.1656,0.6939,2.9853
94.1658,0.7158,3.0806
94.1660,0.7101,3.0578
94.1662,0.68,2.9254
94.1664,0.7347,3.1577
94.1666,0.766,3.2968
94.1668,0.7087,3.053
94.1670,0.6439,2.7792
94.1672,0.6211,2.6734
94.1674,0.6541,2.8193
94.1676,0.6175,2.6579
94.1678,0.6484,2.788
94.1680,0.7162,3.0841
94.1682,0.6984,3.0044
94.1684,0.7654,3.2989
94.1686,0.5924,2.5555
94.1688,0.568,2.4493
94.1690,0.5843,2.5185
94.1692,0.5755,2.4802
94.1694,0.6244,2.6911
94.1696,0.6883,2.9569
94.1698,0.7185,3.0939
94.1700,0.6177,2.6658
94.1702,0.5256,2.2684
94.1704,0.5215,2.2476
94.1706,0.5856,2.5241
94.1708,0.6175,2.6616
94.1710,0.599,2.5815
94.1712,0.5697,2.4566
94.1714,0.5316,2.2932
94.1716,0.5247,2.2648
94.1718,0.5246,2.2632
94.1720,0.4984,2.1529
94.1722,0.5069,2.1876
94.1724,0.5139,2.2151
94.1726,0.5348,2.3072
94.1728,0.5585,2.4085
94.1730,0.5552,2.3918
94.1732,0.5969,2.5727
94.1734,0.5967,2.5729
94.1736,0.598,2.5738
94.1738,0.6428,2.7668
94.1740,0.6493,2.7986
94.1742,0.5674,2.4479
94.1744,0.5516,2.3752
94.1746,0.5842,2.5179
94.1748,0.5517,2.3779
94.1750,0.6123,2.6364
94.1752,0.5864,2.5308
94.1754,0.4618,1.9958
94.1756,0.4499,1.9427
94.1758,0.4559,1.9686
94.1760,0.4553,1.9651
94.1762,0.4535,1.9582
94.1764,0.4641,2.0019
94.1766,0.5603,2.4129
94.1768,0.5924,2.5543
94.1770,0.5229,2.2591
94.1772,0.4645,2.0031
94.1774,0.5349,2.3055
94.1776,0.5595,2.4126
94.1778,0.5533,2.3846
94.1780,0.5988,2.5762
94.1782,0.6544,2.815
94.1784,0.6467,2.7846
94.1786,0.645,2.7774
94.1788,0.6715,2.8928
94.1790,0.5761,2.4816
94.1792,0.5656,2.4367
94.1794,0.6274,2.6965
94.1796,0.756,3.2465
94.1798,0.7538,3.2397
94.1800,0.7257,3.1205
94.1802,0.7316,3.1458
94.1804,0.7227,3.112
94.1806,0.6131,2.6413
94.1808,0.5504,2.3733
94.1810,0.536,2.3102
94.1812,0.5322,2.2936
94.1814,0.5335,2.2983
94.1816,0.5401,2.3278
94.1818,0.5354,2.3076
94.1820,0.5384,2.3216
94.1822,0.5379,2.3185
94.1824,0.6068,2.6127
94.1826,0.6499,2.7947
94.1828,0.6757,2.9069
94.1830,0.6928,2.9793
94.1832,0.68,2.9254
94.1834,0.5994,2.5836
94.1836,0.6069,2.6144
94.1838,0.5581,2.4053
94.1840,0.5533,2.3868
94.1842,0.4882,2.1079
94.1844,0.444,1.9147
94.1846,0.4829,2.0793
94.1848,0.5353,2.3082
94.1850,0.5027,2.1675
94.1852,0.5202,2.242
94.1854,0.5358,2.3102
94.1856,0.5039,2.1717
94.1858,0.5371,2.3127
94.1860,0.5913,2.5484
94.1862,0.552,2.3778
94.1864,0.5987,2.5805
94.1866,0.5325,2.2952
94.1868,0.5117,2.2073
94.1870,0.5096,2.1955
94.1872,0.5135,2.2171
94.1874,0.4019,1.7364
94.1876,0.4094,1.7693
94.1878,0.3986,1.7187
94.1880,0.4679,2.0166
94.1882,0.5234,2.2528
94.1884,0.5308,2.289
94.1886,0.5129,2.2115
94.1888,0.5107,2.2011
94.1890,0.507,2.1861
94.1892,0.4932,2.1277
94.1894,0.4741,2.0445
94.1896,0.4838,2.0834
94.1898,0.5452,2.3489
94.1900,0.5599,2.4142
94.1902,0.5029,2.1665
94.1904,0.5157,2.2218
94.1906,0.5817,2.5048
94.1908,0.6288,2.7027
94.1910,0.6613,2.8423
94.1912,0.6998,3.0036
94.1914,0.8341,3.5766
94.1916,0.8003,3.4348
94.1918,0.7919,3.4004
94.1920,0.8233,3.5353
94.1922,0.8466,3.6318
94.1924,0.8549,3.6673
94.1926,0.8694,3.7313
94.1928,0.8558,3.668
94.1930,0.9273,3.9762
94.1932,0.8901,3.815
94.1934,1.0124,4.323
94.1936,1.1273,4.818
94.1938,1.1211,4.7981
94.1940,1.096,4.6865
94.1942,1.1251,4.8043
94.1944,1.1488,4.9167
94.1946,1.0227,4.3855
94.1948,0.974,4.1767
94.1950,0.9606,4.1191
94.1952,0.9713,4.161
94.1954,1.001,4.2904
94.1956,0.9594,4.1159
94.1958,0.9189,3.9365
94.1960,0.9284,3.9827
94.1962,0.9346,4.0075
94.1964,0.9195,3.9446
94.1966,0.9028,3.8749
94.1968,0.9405,4.0233
94.1970,1.0764,4.6072
94.1972,1.0764,4.6094
94.1974,1.0507,4.499
94.1976,1.0406,4.4517
94.1978,1.0161,4.3633
94.1980,0.9113,3.9114
94.1982,0.9381,4.0318
94.1984,0.8402,3.6079
94.1986,0.8936,3.8353
94.1988,0.9306,3.9961
94.1990,0.8921,3.8273
94.1992,0.9152,3.9316
94.1994,0.8436,3.6206
94.1996,0.907,3.8929
94.1998,0.9281,3.9853
94.2000,0.8659,3.725
94.2002,0.7052,3.0352
94.2004,0.7116,3.0611
94.2006,0.7381,3.1736
94.2008,0.7569,3.2516
94.2010,0.755,3.2509
94.2012,0.7104,3.0602
94.2014,0.649,2.7983
94.2016,0.5925,2.5536
94.2018,0.6012,2.5937
94.2020,0.5758,2.4818
94.2022,0.5811,2.5045
94.2024,0.5727,2.4695
94.2026,0.6445,2.7728
94.2028,0.7554,3.2484
94.2030,0.739,3.1822
94.2032,0.7463,3.2062
94.2034,0.8372,3.5984
94.2036,0.8003,3.4381
94.2038,0.8076,3.4711
94.2040,0.8357,3.59
94.2042,0.8083,3.4823
94.2044,0.674,2.9037
94.2046,0.6346,2.7401
94.2048,0.5055,2.183
94.2050,0.4996,2.1571
94.2052,0.525,2.2658
94.2054,0.5057,2.1815
94.2056,0.5382,2.3206
94.2058,0.5473,2.3599
94.2060,0.6041,2.6001
94.2062,0.7033,3.0283
94.2064,0.6262,2.7038
94.2066,0.5294,2.2839
94.2068,0.5246,2.2642
94.2070,0.5222,2.2539
94.2072,0.5192,2.2399
94.2074,0.5196,2.2383
94.2076,0.5636,2.4302
94.2078,0.5274,2.2761
94.2080,0.5217,2.2518
94.2082,0.5394,2.3257
94.2084,0.5297,2.2839
94.2086,0.539,2.3242
94.2088,0.5223,2.2534
94.2090,0.5137,2.2161
94.2092,0.5095,2.197
94.2094,0.5177,2.2321
94.2096,0.5265,2.2715
94.2098,0.5554,2.3928
94.2100,0.6133,2.6398
94.2102,0.6659,2.8672
94.2104,0.6949,2.9894
94.2106,0.7281,3.1294
94.2108,0.7413,3.1861
94.2110,0.7403,3.1834
94.2112,0.7427,3.1967
94.2114,0.7762,3.3361
94.2116,0.809,3.4757
94.2118,0.8376,3.5999
94.2120,0.8528,3.6552
94.2122,0.9493,4.067
94.2124,0.9475,4.0631
94.2126,0.9007,3.862
94.2128,0.9126,3.9134
94.2130,0.9493,4.0784
94.2132,0.8568,3.6858
94.2134,0.7469,3.2103
94.2136,0.7969,3.4268
94.2138,0.8084,3.4747
94.2140,0.7581,3.2613
94.2142,0.663,2.8535
94.2144,0.7098,3.0534
94.2146,0.7437,3.1979
94.2148,0.7556,3.2489
94.2150,0.8041,3.4529
94.2152,0.9055,3.8844
94.2154,0.9184,3.9418
94.2156,0.8685,3.7329
94.2158,0.7737,3.3283
94.2160,0.7521,3.231
94.2162,0.7923,3.4083
94.2164,0.7768,3.3417
94.2166,0.7601,3.2716
94.2168,0.6863,2.9536
94.2170,0.633,2.727
94.2172,0.6434,2.772
94.2174,0.6238,2.6885
94.2176,0.5988,2.5834
94.2178,0.5908,2.5452
94.2180,0.6312,2.718
94.2182,0.6564,2.8278
94.2184,0.6571,2.8295
94.2186,0.6578,2.834
94.2188,0.5951,2.5674
94.2190,0.5241,2.258
94.2192,0.5759,2.4834
94.2194,0.6339,2.7281
94.2196,0.7041,3.0291
94.2198,0.6481,2.7999
94.2200,0.4746,2.0494
94.2202,0.4452,1.9234
94.2204,0.4022,1.7382
94.2206,0.3985,1.7222
94.2208,0.4003,1.7291
94.2210,0.4295,1.853
94.2212,0.5382,2.3238
94.2214,0.5077,2.1913
94.2216,0.5051,2.1779
94.2218,0.518,2.2337
94.2220,0.4876,2.1053
94.2222,0.4817,2.079
94.2224,0.4856,2.096
94.2226,0.4894,2.1121
94.2228,0.5386,2.3172
94.2230,0.6375,2.7487
94.2232,0.5377,2.3206
94.2234,0.4958,2.139
94.2236,0.4922,2.1225
94.2238,0.4985,2.1514
94.2240,0.4931,2.1271
94.2242,0.5087,2.1934
94.2244,0.544,2.3437
94.2246,0.5982,2.576
94.2248,0.6012,2.5913
94.2250,0.5811,2.5033
94.2252,0.6041,2.5977
94.2254,0.7009,3.0124
94.2256,0.7617,3.2737
94.2258,0.7294,3.1365
94.2260,0.7466,3.2043
94.2262,0.8363,3.5909
94.2264,0.8576,3.6791
94.2266,0.925,3.9608
94.2268,0.9755,4.1731
94.2270,0.9929,4.2495
94.2272,0.9827,4.2098
94.2274,1.0023,4.294
94.2276,0.9896,4.2396
94.2278,0.9787,4.1968
94.2280,0.9304,3.9895
94.2282,0.9674,4.1445
94.2284,0.9932,4.257
94.2286,0.9908,4.2467
94.2288,0.9623,4.1263
94.2290,0.9588,4.1095
94.2292,0.9975,4.2815
94.2294,0.9485,4.0691
94.2296,0.9075,3.895
94.2298,0.9303,3.9909
94.2300,0.9339,4.0082
94.2302,0.8852,3.7992
94.2304,0.9017,3.8703
94.2306,0.9155,3.9294
94.2308,0.9327,4.003
94.2310,0.921,3.9568
94.2312,0.8516,3.6551
94.2314,0.8732,3.7495
94.2316,0.8449,3.6314
94.2318,0.8353,3.5868
94.2320,0.8931,3.835
94.2322,0.9228,3.9627
94.2324,0.9119,3.914
94.2326,0.9439,4.0533
94.2328,0.8815,3.7833
94.2330,0.9475,4.0669
94.2332,0.9097,3.9115
94.2334,0.7574,3.2597
94.2336,0.7078,3.048
94.2338,0.6713,2.8918
94.2340,0.6831,2.9443
94.2342,0.6948,2.9889
94.2344,0.7671,3.3015
94.2346,0.7317,3.1507
94.2348,0.7324,3.1523
94.2350,0.764,3.2865
94.2352,0.7568,3.2556
94.2354,0.728,3.1362
94.2356,0.6175,2.6629
94.2358,0.6704,2.8882
94.2360,0.7177,3.0932
94.2362,0.594,2.5639
94.2364,0.5377,2.3206
94.2366,0.4964,2.1436
94.2368,0.5065,2.183
94.2370,0.5677,2.4466
94.2372,0.5624,2.4261
94.2374,0.5573,2.4055
94.2376,0.5413,2.3373
94.2378,0.5093,2.196
94.2380,0.5103,2.2006
94.2382,0.5734,2.4714
94.2384,0.6035,2.6036
94.2386,0.5443,2.3469
94.2388,0.5536,2.3884
94.2390,0.5361,2.3128
94.2392,0.552,2.3811
94.2394,0.5687,2.4513
94.2396,0.575,2.477
94.2398,0.6075,2.6206
94.2400,0.5258,2.2684
94.2402,0.453,1.9571
94.2404,0.4485,1.9374
94.2406,0.4504,1.9439
94.2408,0.4456,1.9241
94.2410,0.4864,2.0982
94.2412,0.5336,2.303
94.2414,0.4714,2.0354
94.2416,0.4513,1.948
94.2418,0.4449,1.9192
94.2420,0.4437,1.9158
94.2422,0.4451,1.9229
94.2424,0.4476,1.9329
94.2426,0.4482,1.9355
94.2428,0.4454,1.923
94.2430,0.4462,1.9249
94.2432,0.4605,1.9855
94.2434,0.502,2.1614
94.2436,0.5497,2.3702
94.2438,0.5623,2.4234
94.2440,0.5571,2.4
94.2442,0.5554,2.395
94.2444,0.5687,2.4524
94.2446,0.5709,2.4583
94.2448,0.5744,2.4744
94.2450,0.559,2.4072
94.2452,0.6016,2.5893
94.2454,0.634,2.7274
94.2456,0.751,3.2278
94.2458,0.7872,3.3851
94.2460,0.7552,3.2398
94.2462,0.8011,3.4401
94.2464,0.7604,3.2787
94.2466,0.5666,2.4442
94.2468,0.5614,2.4198
94.2470,0.5329,2.2967
94.2472,0.5323,2.2942
94.2474,0.5514,2.3785
94.2476,0.5419,2.3366
94.2478,0.5347,2.3056
94.2480,0.5231,2.2554
94.2482,0.5267,2.2688
94.2484,0.5225,2.2539
94.2486,0.5277,2.2735
94.2488,0.5659,2.4355
94.2490,0.6166,2.6526
94.2492,0.6991,3.0089
94.2494,0.6852,2.9476
94.2496,0.6945,2.9893
94.2498,0.6364,2.7428
94.2500,0.5488,2.3666
94.2502,0.5338,2.2998
94.2504,0.5319,2.2915
94.2506,0.5324,2.2936
94.2508,0.5877,2.5294
94.2510,0.655,2.8176
94.2512,0.6494,2.7926
94.2514,0.6992,3.008
94.2516,0.7129,3.0625
94.2518,0.6954,2.9915
94.2520,0.657,2.829
94.2522,0.5982,2.5808
94.2524,0.5015,2.1623
94.2526,0.5451,2.3462
94.2528,0.612,2.6366
94.2530,0.553,2.3825
94.2532,0.5677,2.4466
94.2534,0.5476,2.3581
94.2536,0.5798,2.5011
94.2538,0.4534,1.9559
94.2540,0.4437,1.9122
94.2542,0.5487,2.3661
94.2544,0.5219,2.2502
94.2546,0.5061,2.1815
94.2548,0.5109,2.2022
94.2550,0.4978,2.1453
94.2552,0.487,2.0998
94.2554,0.5147,2.2182
94.2556,0.5121,2.2063
94.2558,0.5421,2.3365
94.2560,0.4908,2.1173
94.2562,0.4868,2.0983
94.2564,0.5,2.1531
94.2566,0.554,2.3866
94.2568,0.5573,2.4011
94.2570,0.5823,2.5062
94.2572,0.6329,2.7202
94.2574,0.6006,2.5875
94.2576,0.554,2.3855
94.2578,0.6012,2.5889
94.2580,0.5984,2.5765
94.2582,0.5717,2.4608
94.2584,0.5945,2.5541
94.2586,0.7189,3.0897
94.2588,0.7256,3.1186
94.2590,0.7083,3.0429
94.2592,0.7788,3.3443
94.2594,0.8384,3.5985
94.2596,0.865,3.7007
94.2598,0.9966,4.2694
94.2600,0.9647,4.1327
94.2602,0.9792,4.191
94.2604,0.9751,4.1716
94.2606,0.9788,4.1934
94.2608,0.9661,4.1408
94.2610,0.9722,4.1709
94.2612,0.9234,3.956
94.2614,0.9664,4.1419
94.2616,0.973,4.1682
94.2618,0.9809,4.1982
94.2620,0.9796,4.1984
94.2622,0.9248,3.9654
94.2624,0.9207,3.9497
94.2626,0.8867,3.8059
94.2628,0.8833,3.7857
94.2630,0.9347,4.008
94.2632,0.8921,3.8273
94.2634,0.8498,3.6457
94.2636,0.846,3.6326
94.2638,0.8508,3.6515
94.2640,0.8768,3.7702
94.2642,0.7667,3.2938
94.2644,0.7845,3.3701
94.2646,0.8016,3.4405
94.2648,0.8345,3.5882
94.2650,0.7691,3.3057
94.2652,0.7842,3.3675
94.2654,0.7975,3.4198
94.2656,0.8903,3.8267
94.2658,0.8612,3.698
94.2660,0.8209,3.5267
94.2662,0.7865,3.3788
94.2664,0.7449,3.2075
94.2666,0.7233,3.1073
94.2668,0.7451,3.2041
94.2670,0.7105,3.0622
94.2672,0.6515,2.8053
94.2674,0.6515,2.804
94.2676,0.6806,2.928
94.2678,0.695,2.9899
94.2680,0.7469,3.2148
94.2682,0.6894,2.9643
94.2684,0.6976,2.9999
94.2686,0.7317,3.1507
94.2688,0.6849,2.9493
94.2690,0.6527,2.8104
94.2692,0.677,2.9112
94.2694,0.7307,3.1437
94.2696,0.7649,3.2907
94.2698,0.6931,2.9817
94.2700,0.7034,3.0176
94.2702,0.8602,3.6922
94.2704,0.8432,3.6225
94.2706,0.8203,3.5274
94.2708,0.7812,3.3577
94.2710,0.8353,3.5868
94.2712,0.8612,3.6946
94.2714,0.8331,3.5825
94.2716,0.7098,3.0534
94.2718,0.6797,2.928
94.2720,0.6647,2.8647
94.2722,0.6515,2.8053
94.2724,0.6529,2.8115
94.2726,0.699,3.0042
94.2728,0.7807,3.3556
94.2730,0.7523,3.235
94.2732,0.6829,2.9433
94.2734,0.5699,2.4587
94.2736,0.5413,2.3351
94.2738,0.5509,2.3754
94.2740,0.555,2.3929
94.2742,0.5367,2.3144
94.2744,0.551,2.3748
94.2746,0.5508,2.3738
94.2748,0.5547,2.393
94.2750,0.553,2.3836
94.2752,0.5636,2.4291
94.2754,0.555,2.3941
94.2756,0.5484,2.3656
94.2758,0.5662,2.4382
94.2760,0.6583,2.8294
94.2762,0.7506,3.2353
94.2764,0.5811,2.501
94.2766,0.6139,2.6412
94.2768,0.7018,3.0207
94.2770,0.7092,3.0522
94.2772,0.6708,2.8871
94.2774,0.6426,2.7671
94.2776,0.6444,2.7748
94.2778,0.6486,2.7929
94.2780,0.6641,2.8555
94.2782,0.7186,3.0858
94.2784,0.7909,3.3947
94.2786,0.866,3.7203
94.2788,0.8198,3.522
94.2790,0.7968,3.4199
94.2792,0.8565,3.6728
94.2794,0.878,3.7719
94.2796,0.7884,3.3918
94.2798,0.7194,3.0975
94.2800,0.6289,2.7095
94.2802,0.6129,2.6427
94.2804,0.609,2.6249
94.2806,0.6098,2.6268
94.2808,0.6083,2.6206
94.2810,0.612,2.6342
94.2812,0.6083,2.6194
94.2814,0.606,2.6108
94.2816,0.609,2.6237
94.2818,0.6131,2.64
94.2820,0.6217,2.6785
94.2822,0.6336,2.7271
94.2824,0.641,2.7591
94.2826,0.7168,3.0795
94.2828,0.7617,3.2737
94.2830,0.7481,3.217
94.2832,0.7213,3.1043
94.2834,0.7106,3.0655
94.2836,0.5591,2.4122
94.2838,0.5355,2.3092
94.2840,0.6244,2.6898
94.2842,0.6159,2.6532
94.2844,0.6159,2.6495
94.2846,0.6472,2.788
94.2848,0.6076,2.6175
94.2850,0.6127,2.636
94.2852,0.6797,2.9266
94.2854,0.7068,3.0433
94.2856,0.6829,2.9433
94.2858,0.5999,2.5856
94.2860,0.5886,2.5394
94.2862,0.5402,2.3326
94.2864,0.4617,1.9934
94.2866,0.4073,1.7613
94.2868,0.4031,1.7416
94.2870,0.4516,1.9509
94.2872,0.4187,1.8047
94.2874,0.5318,2.2932
94.2876,0.51,2.2011
94.2878,0.4789,2.067
94.2880,0.4766,2.0563
94.2882,0.484,2.0869
94.2884,0.4903,2.1162
94.2886,0.4898,2.1132
94.2888,0.5384,2.3216
94.2890,0.4847,2.0909
94.2892,0.4716,2.0355
94.2894,0.4802,2.0718
94.2896,0.5117,2.2053
94.2898,0.504,2.1722
94.2900,0.5308,2.288
94.2902,0.6044,2.5999
94.2904,0.6596,2.8417
94.2906,0.6234,2.6807
94.2908,0.6683,2.8749
94.2910,0.703,3.0203
94.2912,0.7701,3.3036
94.2914,0.7943,3.4123
94.2916,0.7785,3.3443
94.2918,0.8191,3.5157
94.2920,0.8468,3.6328
94.2922,0.8521,3.6572
94.2924,0.8617,3.6949
94.2926,0.887,3.8034
94.2928,0.9509,4.066
94.2930,1.0592,4.5269
94.2932,1.1097,4.7471
94.2934,1.125,4.8106
94.2936,1.145,4.8916
94.2938,1.1178,4.7887
94.2940,0.9931,4.2565
94.2942,0.9957,4.2658
94.2944,0.9683,4.152
94.2946,0.9674,4.1465
94.2948,0.9892,4.2415
94.2950,0.9715,4.164
94.2952,0.9901,4.2397
94.2954,0.9987,4.2826
94.2956,0.9308,3.9948
94.2958,0.8909,3.8239
94.2960,0.9022,3.8669
94.2962,0.9408,4.0343
94.2964,0.9874,4.2338
94.2966,0.9532,4.0891
94.2968,0.8947,3.8417
94.2970,0.8387,3.6029
94.2972,0.8402,3.6096
94.2974,0.8152,3.5036
94.2976,0.78,3.351
94.2978,0.775,3.334
94.2980,0.7689,3.3062
94.2982,0.7731,3.3258
94.2984,0.7271,3.1296
94.2986,0.7077,3.046
94.2988,0.7678,3.3
94.2990,0.8209,3.5267
94.2992,0.8168,3.5108
94.2994,0.7447,3.205
94.2996,0.7294,3.1438
94.2998,0.6449,2.782
94.3000,0.6036,2.598
94.3002,0.668,2.8752
94.3004,0.669,2.8793
94.3006,0.6817,2.9422
94.3008,0.5313,2.2932
94.3010,0.4948,2.1364
94.3012,0.5201,2.2425
94.3014,0.6179,2.6607
94.3016,0.642,2.7709
94.3018,0.5384,2.3248
94.3020,0.5088,2.1918
94.3022,0.5894,2.539
94.3024,0.6184,2.6652
94.3026,0.6204,2.674
94.3028,0.5956,2.5659
94.3030,0.5908,2.5476
94.3032,0.584,2.5169
94.3034,0.627,2.7012
94.3036,0.5967,2.5741
94.3038,0.5178,2.2347
94.3040,0.502,2.1674
94.3042,0.5021,2.1649
94.3044,0.5657,2.4361
94.3046,0.6069,2.6181
94.3048,0.5849,2.5234
94.3050,0.5275,2.2756
94.3052,0.4873,2.1023
94.3054,0.4925,2.1265
94.3056,0.494,2.1323
94.3058,0.4843,2.0884
94.3060,0.4413,1.9072
94.3062,0.3981,1.7214
94.3064,0.4484,1.9333
94.3066,0.5052,2.1814
94.3068,0.4378,1.8878
94.3070,0.5078,2.1918
94.3072,0.4907,2.1178
94.3074,0.4462,1.9267
94.3076,0.4368,1.8845
94.3078,0.4675,2.0179
94.3080,0.4595,1.9841
94.3082,0.4641,2.0038
94.3084,0.4419,1.9071
94.3086,0.4318,1.8654
94.3088,0.431,1.8592
94.3090,0.4346,1.8747
94.3092,0.4467,1.926
94.3094,0.4743,2.045
94.3096,0.4986,2.1499
94.3098,0.5585,2.4051
94.3100,0.645,2.7761
94.3102,0.665,2.861
94.3104,0.6629,2.8503
94.3106,0.6653,2.862
94.3108,0.6681,2.8704
94.3110,0.7027,3.0229
94.3112,0.6864,2.9542
94.3114,0.7072,3.0355
94.3116,0.7959,3.4206
94.3118,0.7432,3.1988
94.3120,0.7253,3.1146
94.3122,0.7721,3.317
94.3124,0.7453,3.2046
94.3126,0.7363,3.1644
94.3128,0.7413,3.1876
94.3130,0.7629,3.2773
94.3132,0.7624,3.2829
94.3134,0.6101,2.6284
94.3136,0.5456,2.3515
94.3138,0.5389,2.3237
94.3140,0.539,2.3231
94.3142,0.5498,2.3685
94.3144,0.5643,2.4299
94.3146,0.5613,2.4181
94.3148,0.5494,2.3703
94.3150,0.553,2.3825
94.3152,0.5809,2.5011
94.3154,0.5969,2.5727
94.3156,0.6491,2.7885
94.3158,0.7919,3.4036
94.3160,0.6857,2.9511
94.3162,0.6035,2.6024
94.3164,0.5124,2.2125
94.3166,0.5,2.1551
94.3168,0.6083,2.6194
94.3170,0.5957,2.5699
94.3172,0.4985,2.1504
94.3174,0.5183,2.2327
94.3176,0.5434,2.3411
94.3178,0.5361,2.3086
94.3180,0.6088,2.6227
94.3182,0.5728,2.4711
94.3184,0.5119,2.2063
94.3186,0.5404,2.3304
94.3188,0.5108,2.2027
94.3190,0.5234,2.2528
94.3192,0.575,2.4747
94.3194,0.5927,2.5511
94.3196,0.6329,2.724
94.3198,0.6419,2.7627
94.3200,0.6209,2.6761
94.3202,0.5183,2.2327
94.3204,0.55,2.3707
94.3206,0.5862,2.522
94.3208,0.5896,2.5377
94.3210,0.5585,2.4073
94.3212,0.501,2.1593
94.3214,0.497,2.1422
94.3216,0.4949,2.1349
94.3218,0.4898,2.1122
94.3220,0.4902,2.1128
94.3222,0.4906,2.1153
94.3224,0.4922,2.1225
94.3226,0.4901,2.1122
94.3228,0.4883,2.1035
94.3230,0.4934,2.1247
94.3232,0.554,2.3888
94.3234,0.4966,2.1401
94.3236,0.4837,2.0849
94.3238,0.4847,2.09
94.3240,0.5133,2.2115
94.3242,0.5547,2.3864
94.3244,0.6327,2.7229
94.3246,0.6121,2.6359
94.3248,0.5945,2.5576
94.3250,0.6949,2.988
94.3252,0.7509,3.2228
94.3254,0.7757,3.3293
94.3256,0.8324,3.5761
94.3258,0.775,3.3278
94.3260,0.713,3.0602
94.3262,0.8023,3.4372
94.3264,0.9098,3.892
94.3266,0.9696,4.1557
94.3268,0.9522,4.0812
94.3270,0.9755,4.177
94.3272,0.9425,4.0377
94.3274,0.8643,3.7131
94.3276,0.7546,3.2373
94.3278,0.8426,3.6115
94.3280,0.9148,3.9209
94.3282,0.9393,4.0276
94.3284,0.9586,4.1065
94.3286,0.9366,4.0107
94.3288,0.9492,4.0627
94.3290,0.983,4.2133
94.3292,0.9708,4.1609
94.3294,1.0113,4.3225
94.3296,1.0827,4.6317
94.3298,1.0443,4.4697
94.3300,1.0633,4.5507
94.3302,1.0707,4.5847
94.3304,1.0702,4.5869
94.3306,0.9067,3.8895
94.3308,0.878,3.7666
94.3310,0.8692,3.7343
94.3312,0.8048,3.4608
94.3314,0.7716,3.3149
94.3316,0.7805,3.3515
94.3318,0.8081,3.4715
94.3320,0.863,3.7057
94.3322,0.864,3.7081
94.3324,0.8823,3.7904
94.3326,0.8222,3.5373
94.3328,0.7674,3.3076
94.3330,0.6406,2.757
94.3332,0.649,2.7957
94.3334,0.6529,2.8102
94.3336,0.6528,2.8096
94.3338,0.6066,2.6146
94.3340,0.5931,2.5538
94.3342,0.6836,2.9382
94.3344,0.7505,3.2258
94.3346,0.7719,3.3206
94.3348,0.7029,3.0282
94.3350,0.6829,2.9365
94.3352,0.7382,3.1727
94.3354,0.7459,3.2101
94.3356,0.7263,3.1217
94.3358,0.7589,3.2603
94.3360,0.8078,3.4721
94.3362,0.7694,3.3082
94.3364,0.7963,3.4179
94.3366,0.8351,3.5874
94.3368,0.7845,3.3685
94.3370,0.8201,3.5214
94.3372,0.857,3.6817
94.3374,0.8391,3.6066
94.3376,0.7406,3.1904
94.3378,0.6729,2.899
94.3380,0.6762,2.9103
94.3382,0.7011,3.0162
94.3384,0.6745,2.9058
94.3386,0.6132,2.6381
94.3388,0.6846,2.9437
94.3390,0.7661,3.2912
94.3392,0.8399,3.6114
94.3394,0.8355,3.5912
94.3396,0.7726,3.3299
94.3398,0.584,2.5192
94.3400,0.5526,2.3837
94.3402,0.5566,2.3991
94.3404,0.5636,2.4291
94.3406,0.569,2.4534
94.3408,0.6168,2.6548
94.3410,0.6226,2.6846
94.3412,0.5189,2.2404
94.3414,0.4886,2.108
94.3416,0.5203,2.2425
94.3418,0.5371,2.3159
94.3420,0.5329,2.2957
94.3422,0.6324,2.7194
94.3424,0.7092,3.0536
94.3426,0.6205,2.6745
94.3428,0.5854,2.5219
94.3430,0.6295,2.7108
94.3432,0.6246,2.6896
94.3434,0.6369,2.741
94.3436,0.6335,2.7278
94.3438,0.6723,2.8938
94.3440,0.6462,2.7813
94.3442,0.6413,2.7627
94.3444,0.6704,2.8828
94.3446,0.7596,3.2649
94.3448,0.7696,3.3077
94.3450,0.7071,3.0463
94.3452,0.639,2.7503
94.3454,0.6334,2.7273
94.3456,0.6866,2.9511
94.3458,0.7929,3.4093
94.3460,0.6815,2.9357
94.3462,0.6257,2.6955
94.3464,0.6185,2.667
94.3466,0.6041,2.6013
94.3468,0.6027,2.5939
94.3470,0.6402,2.758
94.3472,0.6178,2.6589
94.3474,0.6701,2.8813
94.3476,0.716,3.0831
94.3478,0.6563,2.8259
94.3480,0.621,2.6754
94.3482,0.6144,2.647
94.3484,0.586,2.5222
94.3486,0.6737,2.8968
94.3488,0.6887,2.9612
94.3490,0.7487,3.218
94.3492,0.7311,3.1408
94.3494,0.7641,3.2886
94.3496,0.7062,3.0407
94.3498,0.647,2.7836
94.3500,0.6689,2.8775
94.3502,0.6705,2.8874
94.3504,0.669,2.878
94.3506,0.6787,2.9198
94.3508,0.6863,2.9536
94.3510,0.706,3.0402
94.3512,0.7189,3.094
94.3514,0.6488,2.7952
94.3516,0.6239,2.6865
94.3518,0.643,2.7673
94.3520,0.6924,2.9772
94.3522,0.7006,3.0128
94.3524,0.7548,3.2443
94.3526,0.7634,3.2824
94.3528,0.7051,3.0361
94.3530,0.6586,2.8357
94.3532,0.6599,2.8454
94.3534,0.5451,2.3506
94.3536,0.546,2.352
94.3538,0.6068,2.6115
94.3540,0.6526,2.8073
94.3542,0.7045,3.0307
94.3544,0.6937,2.9884
94.3546,0.6072,2.6184
94.3548,0.5939,2.5586
94.3550,0.6056,2.6075
94.3552,0.601,2.5903
94.3554,0.5901,2.5445
94.3556,0.5659,2.4389
94.3558,0.5878,2.5358
94.3560,0.5166,2.2296
94.3562,0.4954,2.1389
94.3564,0.4931,2.1271
94.3566,0.4835,2.0858
94.3568,0.4784,2.064
94.3570,0.4854,2.094
94.3572,0.485,2.0905
94.3574,0.5455,2.3456
94.3576,0.6879,2.9581
94.3578,0.7009,3.0222
94.3580,0.597,2.572
94.3582,0.5843,2.515
94.3584,0.6613,2.8397
94.3586,0.7622,3.2773
94.3588,0.7252,3.1141
94.3590,0.7907,3.3937
94.3592,0.8424,3.6172
94.3594,0.8483,3.6458
94.3596,0.7947,3.4154
94.3598,0.76,3.268
94.3600,0.7552,3.2444
94.3602,0.8574,3.673
94.3604,0.9413,4.0344
94.3606,0.9026,3.8684
94.3608,0.912,3.909
94.3610,0.9712,4.1624
94.3612,0.9902,4.2501
94.3614,0.9369,4.0229
94.3616,0.8184,3.5109
94.3618,0.8742,3.7536
94.3620,0.8406,3.6111
94.3622,0.8279,3.5532
94.3624,0.8682,3.7227
94.3626,0.9021,3.8736
94.3628,0.8924,3.8265
94.3630,0.9455,4.0562
94.3632,0.8914,3.826
94.3634,0.904,3.88
94.3636,0.8851,3.7969
94.3638,0.8893,3.8167
94.3640,0.8925,3.8342
94.3642,0.8882,3.8121
94.3644,0.915,3.9274
94.3646,0.8511,3.6582
94.3648,0.8263,3.5515
94.3650,0.8537,3.6639
94.3652,0.8908,3.8216
94.3654,0.9329,4.0022
94.3656,0.9113,3.9151
94.3658,0.883,3.7935
94.3660,0.8465,3.6364
94.3662,0.8471,3.6373
94.3664,0.8483,3.6458
94.3666,0.7761,3.3418
94.3668,0.642,2.7696
94.3670,0.5937,2.5564
94.3672,0.6853,2.9481
94.3674,0.7016,3.0211
94.3676,0.7048,3.0336
94.3678,0.5619,2.4263
94.3680,0.5135,2.214
94.3682,0.516,2.2259
94.3684,0.5701,2.4604
94.3686,0.5843,2.5173
94.3688,0.6433,2.7702
94.3690,0.6768,2.9088
94.3692,0.7432,3.2003
94.3694,0.6689,2.8815
94.3696,0.6403,2.7611
94.3698,0.6341,2.7304
94.3700,0.6928,2.9793
94.3702,0.6817,2.9395
94.3704,0.5919,2.5558
94.3706,0.5193,2.2394
94.3708,0.5364,2.3128
94.3710,0.5422,2.3381
94.3712,0.5175,2.2316
94.3714,0.5673,2.4439
94.3716,0.5787,2.4942
94.3718,0.603,2.5955
94.3720,0.6183,2.6672
94.3722,0.5504,2.3766
94.3724,0.5346,2.305
94.3726,0.5344,2.3045
94.3728,0.5565,2.3997
94.3730,0.5879,2.534
94.3732,0.5719,2.4647
94.3734,0.601,2.5903
94.3736,0.5966,2.5712
94.3738,0.595,2.5692
94.3740,0.4801,2.0703
94.3742,0.5294,2.2828
94.3744,0.4721,2.0385
94.3746,0.457,1.9733
94.3748,0.4535,1.9564
94.3750,0.462,1.9941
94.3752,0.4723,2.0395
94.3754,0.4677,2.0193
94.3756,0.4645,2.0022
94.3758,0.5203,2.2435
94.3760,0.5919,2.551
94.3762,0.587,2.5298
94.3764,0.572,2.4629
94.3766,0.5725,2.4662
94.3768,0.5687,2.4513
94.3770,0.5614,2.4209
94.3772,0.5675,2.4472
94.3774,0.6102,2.6252
94.3776,0.7457,3.1992
94.3778,0.8283,3.5536
94.3780,0.8959,3.8486
94.3782,0.8084,3.4731
94.3784,0.7439,3.2004
94.3786,0.7035,3.0237
94.3788,0.7565,3.2546
94.3790,0.7664,3.2907
94.3792,0.8159,3.505
94.3794,0.7221,3.1094
94.3796,0.6329,2.7252
94.3798,0.6305,2.7124
94.3800,0.6369,2.741
94.3802,0.6249,2.6931
94.3804,0.6388,2.7505
94.3806,0.6439,2.774
94.3808,0.5701,2.4592
94.3810,0.5324,2.2947
94.3812,0.5342,2.3024
94.3814,0.5344,2.3035
94.3816,0.5334,2.3009
94.3818,0.5389,2.3226
94.3820,0.5821,2.5063
94.3822,0.5897,2.5417
94.3824,0.5925,2.5536
94.3826,0.5686,2.4496
94.3828,0.5528,2.3814
94.3830,0.5957,2.5687
94.3832,0.5149,2.2203
94.3834,0.4991,2.149
94.3836,0.5356,2.3118
94.3838,0.5073,2.1897
94.3840,0.5031,2.1696
94.3842,0.5093,2.1939
94.3844,0.5468,2.3545
94.3846,0.606,2.6108
94.3848,0.5613,2.4204
94.3850,0.5066,2.1836
94.3852,0.5147,2.2192
94.3854,0.5233,2.2575
94.3856,0.5048,2.1788
94.3858,0.4392,1.8957
94.3860,0.4106,1.7729
94.3862,0.4112,1.7755
94.3864,0.4187,1.8072
94.3866,0.5035,2.1671
94.3868,0.5601,2.4152
94.3870,0.4925,2.1255
94.3872,0.5125,2.2109
94.3874,0.4804,2.0733
94.3876,0.4733,2.0399
94.3878,0.4996,2.1541
94.3880,0.547,2.3555
94.3882,0.6175,2.6567
94.3884,0.5697,2.4566
94.3886,0.4828,2.0826
94.3888,0.4784,2.064
94.3890,0.4826,2.0802
94.3892,0.5137,2.2141
94.3894,0.506,2.181
94.3896,0.5565,2.3963
94.3898,0.5958,2.5645
94.3900,0.604,2.5984
94.3902,0.6117,2.6351
94.3904,0.6467,2.782
94.3906,0.6816,2.9281
94.3908,0.7534,3.2351
94.3910,0.74,3.1789
94.3912,0.736,3.156
94.3914,0.8041,3.4513
94.3916,0.7875,3.3798
94.3918,0.7948,3.4096
94.3920,0.8883,3.8091
94.3922,0.9158,3.925
94.3924,0.9166,3.9249
94.3926,1.0095,4.3208
94.3928,1.0588,4.5254
94.3930,1.0953,4.6812
94.3932,1.096,4.6821
94.3934,1.1407,4.8754
94.3936,1.1995,5.129
94.3938,1.1047,4.7327
94.3940,0.9523,4.0817
94.3942,0.9872,4.2254
94.3944,1.0561,4.5157
94.3946,1.132,4.8403
94.3948,1.1123,4.7562
94.3950,1.0954,4.6861
94.3952,1.1029,4.7184
94.3954,1.1446,4.8918
94.3956,1.1569,4.9493
94.3958,1.0498,4.5038
94.3960,0.9418,4.0403
94.3962,0.9318,3.992
94.3964,0.9684,4.1564
94.3966,0.8864,3.8079
94.3968,0.8462,3.6404
94.3970,0.7606,3.2691
94.3972,0.7885,3.386
94.3974,0.829,3.5545
94.3976,0.8815,3.7833
94.3978,0.8039,3.4551
94.3980,0.8286,3.558
94.3982,0.9003,3.8659
94.3984,0.863,3.7126
94.3986,0.7503,3.2247
94.3988,0.8331,3.5775
94.3990,0.8761,3.7584
94.3992,0.8466,3.6403
94.3994,0.7216,3.1131
94.3996,0.5919,2.5546
94.3998,0.5662,2.4427
94.4000,0.6243,2.6868
94.4002,0.6349,2.7353
94.4004,0.6658,2.8681
94.4006,0.6533,2.8117
94.4008,0.6237,2.6855
94.4010,0.5614,2.422
94.4012,0.5518,2.3806
94.4014,0.5841,2.5186
94.4016,0.5771,2.4886
94.4018,0.6198,2.6677
94.4020,0.7245,3.1168
94.4022,0.6967,3.0013
94.4024,0.5955,2.5665
94.4026,0.5699,2.4564
94.4028,0.6175,2.6604
94.4030,0.6053,2.6101
94.4032,0.568,2.4504
94.4034,0.5666,2.442
94.4036,0.5942,2.5585
94.4038,0.6154,2.6499
94.4040,0.6455,2.7833
94.4042,0.5799,2.5017
94.4044,0.5692,2.4533
94.4046,0.575,2.4805
94.4048,0.5708,2.4612
94.4050,0.5695,2.4521
94.4052,0.6442,2.7699
94.4054,0.7146,3.074
94.4056,0.7111,3.0619
94.4058,0.6705,2.8874
94.4060,0.5951,2.5662
94.4062,0.5659,2.44
94.4064,0.5698,2.4559
94.4066,0.5809,2.5023
94.4068,0.5975,2.5705
94.4070,0.5987,2.5841
94.4072,0.4729,2.0393
94.4074,0.4753,2.0506
94.4076,0.4937,2.1297
94.4078,0.5378,2.3169
94.4080,0.5308,2.288
94.4082,0.5833,2.5138
94.4084,0.6177,2.6572
94.4086,0.6905,2.9703
94.4088,0.7148,3.0722
94.4090,0.7337,3.1565
94.4092,0.6703,2.8796
94.4094,0.7113,3.0601
94.4096,0.7418,3.1911
94.4098,0.7466,3.2103
94.4100,0.7405,3.184
94.4102,0.7588,3.2598
94.4104,0.8467,3.6323
94.4106,0.9242,3.9628
94.4108,0.8867,3.8077
94.4110,0.8114,3.4876
94.4112,0.7542,3.2463
94.4114,0.7033,3.0269
94.4116,0.7056,3.0339
94.4118,0.7331,3.1481
94.4120,0.8387,3.5995
94.4122,0.8478,3.6454
94.4124,0.771,3.3124
94.4126,0.8027,3.4532
94.4128,0.7544,3.2438
94.4130,0.7914,3.4063
94.4132,0.686,2.9554
94.4134,0.6229,2.6824
94.4136,0.6214,2.6769
94.4138,0.6223,2.681
94.4140,0.6366,2.7425
94.4142,0.6259,2.6928
94.4144,0.6662,2.8728
94.4146,0.5698,2.4593
94.4148,0.5497,2.3691
94.4150,0.6133,2.6349
94.4152,0.7774,3.3381
94.4154,0.8101,3.4819
94.4156,0.7912,3.4036
94.4158,0.705,3.0384
94.4160,0.5764,2.4855
94.4162,0.5532,2.3863
94.4164,0.5541,2.3904
94.4166,0.5533,2.3857
94.4168,0.5577,2.4048
94.4170,0.5639,2.4317
94.4172,0.587,2.5287
94.4174,0.5747,2.4737
94.4176,0.6174,2.6586
94.4178,0.6548,2.825
94.4180,0.5717,2.4631
94.4182,0.5867,2.5276
94.4184,0.6439,2.774
94.4186,0.6293,2.7123
94.4188,0.586,2.5222
94.4190,0.5904,2.546
94.4192,0.5159,2.2254
94.4194,0.5382,2.3206
94.4196,0.6237,2.683
94.4198,0.6744,2.9039
94.4200,0.674,2.8997
94.4202,0.7026,3.0196
94.4204,0.7141,3.0734
94.4206,0.6737,2.9008
94.4208,0.6455,2.7769
94.4210,0.7164,3.0818
94.4212,0.636,2.7412
94.4214,0.5963,2.5713
94.4216,0.5505,2.3749
94.4218,0.4912,2.1198
94.4220,0.4901,2.1122
94.4222,0.5358,2.3081
94.4224,0.5259,2.2689
94.4226,0.4859,2.0971
94.4228,0.4816,2.0765
94.4230,0.4824,2.083
94.4232,0.4811,2.0754
94.4234,0.4837,2.0858
94.4236,0.4943,2.1313
94.4238,0.5255,2.2637
94.4240,0.5879,2.5304
94.4242,0.6227,2.6814
94.4244,0.5761,2.4816
94.4246,0.5829,2.5088
94.4248,0.6873,2.9555
94.4250,0.71,3.0516
94.4252,0.703,3.0231
94.4254,0.7456,3.2031
94.4256,0.7863,3.3731
94.4258,0.8309,3.5694
94.4260,0.8694,3.7261
94.4262,1.008,4.3162
94.4264,1.0088,4.3198
94.4266,0.9942,4.2611
94.4268,0.9787,4.1928
94.4270,1.0226,4.3788
94.4272,0.9826,4.2073
94.4274,0.9686,4.1536
94.4276,0.9429,4.0449
94.4278,0.9767,4.1841
94.4280,0.9965,4.2689
94.4282,0.9531,4.0867
94.4284,0.9545,4.0929
94.4286,0.9925,4.246
94.4288,1.005,4.3053
94.4290,0.979,4.1939
94.4292,1.0604,4.5427
94.4294,1.0854,4.6479
94.4296,1.0545,4.5112
94.4298,1.1292,4.8308
94.4300,1.1377,4.874
94.4302,0.99,4.253
94.4304,0.7859,3.3872
94.4306,0.684,2.9479
94.4308,0.7038,3.029
94.4310,0.7051,3.0333
94.4312,0.7062,3.0421
94.4314,0.7138,3.0695
94.4316,0.7457,3.2066
94.4318,0.7668,3.2943
94.4320,0.7701,3.3144
94.4322,0.7528,3.2386
94.4324,0.7822,3.3634
94.4326,0.7521,3.2355
94.4328,0.7096,3.0529
94.4330,0.7095,3.0566
94.4332,0.6626,2.8493
94.4334,0.7264,3.1222
94.4336,0.7656,3.2953
94.4338,0.7244,3.1178
94.4340,0.6819,2.9351
94.4342,0.7003,3.014
94.4344,0.7474,3.2154
94.4346,0.7509,3.2303
94.4348,0.7487,3.227
94.4350,0.622,2.6783
94.4352,0.6466,2.7815
94.4354,0.6815,2.9384
94.4356,0.6018,2.5963
94.4358,0.6397,2.7585
94.4360,0.5903,2.5467
94.4362,0.53,2.2843
94.4364,0.6027,2.5939
94.4366,0.6836,2.9464
94.4368,0.6125,2.6411
94.4370,0.5831,2.5133
94.4372,0.5573,2.4066
94.4374,0.5126,2.2135
94.4376,0.4998,2.1571
94.4378,0.5015,2.1613
94.4380,0.5714,2.4638
94.4382,0.5479,2.3635
94.4384,0.525,2.2595
94.4386,0.6274,2.7015
94.4388,0.6012,2.5937
94.4390,0.4981,2.1509
94.4392,0.4651,2.0085
94.4394,0.5177,2.2332
94.4396,0.5482,2.3629
94.4398,0.5443,2.348
94.4400,0.5498,2.3707
94.4402,0.5496,2.3686
94.4404,0.5579,2.4048
94.4406,0.5638,2.4323
94.4408,0.5582,2.4069
94.4410,0.5011,2.1628
94.4412,0.4474,1.9309
94.4414,0.4493,1.9401
94.4416,0.4492,1.9378
94.4418,0.4741,2.0445
94.4420,0.5348,2.3061
94.4422,0.547,2.3588
94.4424,0.5523,2.3794
94.4426,0.5589,2.41
94.4428,0.5482,2.3629
94.4430,0.5504,2.3711
94.4432,0.5506,2.3743
94.4434,0.556,2.3965
94.4436,0.56,2.4135
94.4438,0.5701,2.4592
94.4440,0.5617,2.4208
94.4442,0.5985,2.5747
94.4444,0.6623,2.8464
94.4446,0.7066,3.0371
94.4448,0.7098,3.052
94.4450,0.6883,2.961
94.4452,0.5924,2.5531
94.4454,0.547,2.3588
94.4456,0.5479,2.3592
94.4458,0.6534,2.8161
94.4460,0.5607,2.4166
94.4462,0.5773,2.4868
94.4464,0.5438,2.3449
94.4466,0.5419,2.3355
94.4468,0.5573,2.4011
94.4470,0.5492,2.3681
94.4472,0.5526,2.3826
94.4474,0.5382,2.3206
94.4476,0.5331,2.2978
94.4478,0.5198,2.2415
94.4480,0.5235,2.2543
94.4482,0.5709,2.4594
94.4484,0.5994,2.5776
94.4486,0.7027,3.0173
94.4488,0.7962,3.4285
94.4490,0.63,2.7128
94.4492,0.6433,2.7689
94.4494,0.6262,2.6976
94.4496,0.5866,2.5271
94.4498,0.5838,2.5141
94.4500,0.5874,2.5295
94.4502,0.5967,2.5669
94.4504,0.6445,2.7779
94.4506,0.5269,2.273
94.4508,0.5045,2.1763
94.4510,0.5313,2.289
94.4512,0.5949,2.5568
94.4514,0.6452,2.7771
94.4516,0.6522,2.8032
94.4518,0.6908,2.9788
94.4520,0.5352,2.3076
94.4522,0.5267,2.2678
94.4524,0.6348,2.7297
94.4526,0.7473,3.2074
94.4528,0.799,3.4356
94.4530,0.6709,2.8876
94.4532,0.6907,2.9617
94.4534,0.822,3.5329
94.4536,0.7697,3.3098
94.4538,0.6851,2.9526
94.4540,0.6442,2.7738
94.4542,0.6301,2.7108
94.4544,0.6556,2.8241
94.4546,0.5588,2.4106
94.4548,0.5003,2.1572
94.4550,0.4957,2.1365
94.4552,0.4952,2.1364
94.4554,0.4978,2.1473
94.4556,0.5016,2.1629
94.4558,0.5308,2.2848
94.4560,0.5677,2.4466
94.4562,0.509,2.1929
94.4564,0.5096,2.1985
94.4566,0.5046,2.1758
94.4568,0.5228,2.2512
94.4570,0.5672,2.4412
94.4572,0.6017,2.5898
94.4574,0.6404,2.7591
94.4576,0.5958,2.5633
94.4578,0.6746,2.8982
94.4580,0.7679,3.2959
94.4582,0.7835,3.3628
94.4584,0.801,3.4379
94.4586,0.8427,3.612
94.4588,0.8785,3.7704
94.4590,0.8969,3.8425
94.4592,0.9553,4.0927
94.4594,0.9591,4.1086
94.4596,0.9798,4.1955
94.4598,0.9745,4.1749
94.4600,0.972,4.166
94.4602,0.9565,4.0959
94.4604,0.9868,4.2312
94.4606,0.9297,3.9865
94.4608,0.9686,4.1516
94.4610,0.9845,4.2175
94.4612,0.9619,4.1305
94.4614,0.8473,3.64
94.4616,0.8262,3.5444
94.4618,0.8899,3.8157
94.4620,0.8648,3.7187
94.4622,0.8002,3.4359
94.4624,0.8184,3.5126
94.4626,0.8331,3.5775
94.4628,0.8514,3.6592
94.4630,0.8261,3.5422
94.4632,0.896,3.8491
94.4634,0.8343,3.591
94.4636,0.7449,3.2015
94.4638,0.7834,3.367
94.4640,0.7697,3.3051
94.4642,0.7863,3.3778
94.4644,0.7857,3.3768
94.4646,0.8046,3.4598
94.4648,0.7706,3.3118
94.4650,0.7649,3.2907
94.4652,0.7842,3.3722
94.4654,0.786,3.3815
94.4656,0.7232,3.1097
94.4658,0.7285,3.1382
94.4660,0.6611,2.8439
94.4662,0.7221,3.1036
94.4664,0.7493,3.2236
94.4666,0.758,3.2592
94.4668,0.7653,3.2922
94.4670,0.6912,2.9762
94.4672,0.7076,3.0398
94.4674,0.7718,3.317
94.4676,0.7702,3.3134
94.4678,0.7186,3.0901
94.4680,0.7099,3.0567
94.4682,0.6917,2.9769
94.4684,0.7439,3.2034
94.4686,0.705,3.0342
94.4688,0.6554,2.8249
94.4690,0.5991,2.5808
94.4692,0.6518,2.8042
94.4694,0.6737,2.9021
94.4696,0.6207,2.6751
94.4698,0.6089,2.622
94.4700,0.6141,2.6479
94.4702,0.5909,2.5469
94.4704,0.5907,2.5435
94.4706,0.5731,2.4722
94.4708,0.5687,2.4535
94.4710,0.5667,2.4414
94.4712,0.589,2.5351
94.4714,0.6234,2.6845
94.4716,0.671,2.8894
94.4718,0.6693,2.8809
94.4720,0.6538,2.8138
94.4722,0.6848,2.9502
94.4724,0.642,2.7632
94.4726,0.6994,3.0076
94.4728,0.7481,3.2125
94.4730,0.6674,2.8739
94.4732,0.6788,2.9244
94.4734,0.598,2.5774
94.4736,0.5532,2.3863
94.4738,0.5366,2.3128
94.4740,0.5353,2.3082
94.4742,0.5344,2.3056
94.4744,0.5348,2.3061
94.4746,0.5512,2.3714
94.4748,0.6938,2.9862
94.4750,0.6876,2.9621
94.4752,0.6406,2.757
94.4754,0.6369,2.741
94.4756,0.6357,2.7371
94.4758,0.646,2.7802
94.4760,0.6902,2.9707
94.4762,0.677,2.9071
94.4764,0.7666,3.2964
94.4766,0.7683,3.3051
94.4768,0.7286,3.1329
94.4770,0.7285,3.1339
94.4772,0.6758,2.9114
94.4774,0.6352,2.7351
94.4776,0.642,2.7593
94.4778,0.7159,3.0768
94.4780,0.7581,3.2567
94.4782,0.8173,3.5145
94.4784,0.7279,3.1342
94.4786,0.6382,2.7467
94.4788,0.6287,2.7072
94.4790,0.6761,2.9098
94.4792,0.6877,2.9585
94.4794,0.7132,3.0655
94.4796,0.7088,3.0521
94.4798,0.6652,2.8668
94.4800,0.6205,2.6733
94.4802,0.6198,2.6665
94.4804,0.6383,2.7536
94.4806,0.5505,2.3749
94.4808,0.5418,2.335
94.4810,0.5422,2.3371
94.4812,0.5516,2.3763
94.4814,0.6812,2.9292
94.4816,0.7575,3.2572
94.4818,0.718,3.0918
94.4820,0.663,2.8535
94.4822,0.6516,2.8071
94.4824,0.5792,2.4974
94.4826,0.535,2.3071
94.4828,0.5198,2.2394
94.4830,0.5617,2.4197
94.4832,0.5945,2.5624
94.4834,0.5789,2.494
94.4836,0.5912,2.5456
94.4838,0.6119,2.6373
94.4840,0.5841,2.5163
94.4842,0.5885,2.533
94.4844,0.6508,2.8022
94.4846,0.6632,2.8519
94.4848,0.7472,3.2113
94.4850,0.6981,3.0075
94.4852,0.6185,2.6645
94.4854,0.6339,2.7281
94.4856,0.6541,2.8179
94.4858,0.5419,2.3377
94.4860,0.5096,2.1965
94.4862,0.5457,2.3542
94.4864,0.5373,2.3191
94.4866,0.4933,2.1262
94.4868,0.4968,2.1422
94.4870,0.5048,2.1788
94.4872,0.5089,2.1944
94.4874,0.4996,2.1541
94.4876,0.4847,2.0909
94.4878,0.4795,2.0696
94.4880,0.4813,2.0755
94.4882,0.48,2.0717
94.4884,0.5186,2.2363
94.4886,0.5776,2.4872
94.4888,0.5728,2.4666
94.4890,0.5956,2.5623
94.4892,0.6752,2.9062
94.4894,0.6102,2.6277
94.4896,0.6141,2.6442
94.4898,0.6581,2.8297
94.4900,0.7119,3.0612
94.4902,0.7855,3.3715
94.4904,0.8146,3.4977
94.4906,0.7592,3.2614
94.4908,0.7637,3.2809
94.4910,0.7831,3.3628
94.4912,0.8035,3.4487
94.4914,0.8317,3.573
94.4916,0.8221,3.5285
94.4918,0.8581,3.6795
94.4920,0.9184,3.9344
94.4922,1.0083,4.3117
94.4924,1.1149,4.7653
94.4926,1.119,4.7827
94.4928,1.1239,4.8104
94.4930,1.0923,4.6749
94.4932,1.1278,4.8178
94.4934,1.1726,5.0141
94.4936,1.0226,4.3829
94.4938,0.9876,4.2328
94.4940,0.9869,4.2297
94.4942,0.9713,4.1629
94.4944,0.9065,3.8945
94.4946,0.8481,3.6453
94.4948,0.8197,3.5231
94.4950,0.7804,3.3557
94.4952,0.7571,3.2541
94.4954,0.8054,3.4586
94.4956,0.8128,3.4933
94.4958,0.8218,3.5319
94.4960,0.8556,3.6721
94.4962,0.8879,3.8128
94.4964,0.8501,3.6518
94.4966,0.8005,3.4375
94.4968,0.8378,3.5926
94.4970,0.9086,3.905
94.4972,0.8572,3.6845
94.4974,0.7846,3.38
94.4976,0.6978,3.0018
94.4978,0.7658,3.2912
94.4980,0.7923,3.4115
94.4982,0.6852,2.9504
94.4984,0.6546,2.8148
94.4986,0.7028,3.0235
94.4988,0.6982,3.0136
94.4990,0.5811,2.5033
94.4992,0.657,2.8264
94.4994,0.7334,3.1565
94.4996,0.7058,3.0378
94.4998,0.724,3.1148
94.5000,0.6596,2.8417
94.5002,0.6041,2.6025
94.5004,0.603,2.6003
94.5006,0.5683,2.4503
94.5008,0.5791,2.4969
94.5010,0.5968,2.5686
94.5012,0.6564,2.8225
94.5014,0.6915,2.9805
94.5016,0.6195,2.6687
94.5018,0.5898,2.5422
94.5020,0.5871,2.5315
94.5022,0.5799,2.5028
94.5024,0.5883,2.5367
94.5026,0.5948,2.5646
94.5028,0.589,2.5363
94.5030,0.6279,2.7073
94.5032,0.5148,2.2218
94.5034,0.496,2.1386
94.5036,0.4955,2.1385
94.5038,0.4942,2.1338
94.5040,0.5029,2.1726
94.5042,0.4308,1.8612
94.5044,0.4218,1.819
94.5046,0.5571,2.4034
94.5048,0.5228,2.2565
94.5050,0.4727,2.0401
94.5052,0.4559,1.9668
94.5054,0.4446,1.9208
94.5056,0.4418,1.9093
94.5058,0.4451,1.922
94.5060,0.4487,1.9339
94.5062,0.5107,2.2022
94.5064,0.4848,2.0934
94.5066,0.4547,1.9625
94.5068,0.4687,2.0221
94.5070,0.4735,2.0447
94.5072,0.4751,2.0495
94.5074,0.46,1.9853
94.5076,0.4451,1.922
94.5078,0.4695,2.0252
94.5080,0.5316,2.2911
94.5082,0.6002,2.5831
94.5084,0.6765,2.9118
94.5086,0.6847,2.9469
94.5088,0.6713,2.8864
94.5090,0.6728,2.8918
94.5092,0.6727,2.8953
94.5094,0.6711,2.8886
94.5096,0.7066,3.0386
94.5098,0.7337,3.1477
94.5100,0.8342,3.5805
94.5102,0.8258,3.5478
94.5104,0.7998,3.4328
94.5106,0.8605,3.6949
94.5108,0.8044,3.4636
94.5110,0.6647,2.8594
94.5112,0.7696,3.3031
94.5114,0.8309,3.5744
94.5116,0.6851,2.9471
94.5118,0.6792,2.9178
94.5120,0.7323,3.1489
94.5122,0.7119,3.0627
94.5124,0.6939,2.9894
94.5126,0.5624,2.4239
94.5128,0.5341,2.303
94.5130,0.5341,2.3041
94.5132,0.5316,2.2921
94.5134,0.5432,2.3412
94.5136,0.5225,2.2528
94.5138,0.5111,2.2006
94.5140,0.5722,2.4663
94.5142,0.5289,2.285
94.5144,0.4842,2.0879
94.5146,0.5497,2.3669
94.5148,0.597,2.5709
94.5150,0.6114,2.6316
94.5152,0.5991,2.5796
94.5154,0.5267,2.272
94.5156,0.4653,2.0062
94.5158,0.4451,1.9211
94.5160,0.4903,2.1133
94.5162,0.5433,2.3428
94.5164,0.5016,2.1639
94.5166,0.4999,2.1536
94.5168,0.5505,2.3727
94.5170,0.5237,2.258
94.5172,0.5356,2.3065
94.5174,0.5964,2.5707
94.5176,0.5589,2.4067
94.5178,0.6216,2.6755
94.5180,0.6663,2.868
94.5182,0.6914,2.9731
94.5184,0.7022,3.0251
94.5186,0.549,2.3671
94.5188,0.5153,2.2218
94.5190,0.4964,2.1396
94.5192,0.5027,2.1665
94.5194,0.5744,2.4733
94.5196,0.6339,2.7268
94.5198,0.6244,2.6873
94.5200,0.6035,2.5999
94.5202,0.5653,2.4374
94.5204,0.5385,2.3221
94.5206,0.4912,2.1169
94.5208,0.4883,2.1035
94.5210,0.4868,2.1012
94.5212,0.4874,2.1028
94.5214,0.4856,2.0941
94.5216,0.483,2.0817
94.5218,0.4842,2.0879
94.5220,0.4921,2.1191
94.5222,0.4883,2.1045
94.5224,0.4829,2.0832
94.5226,0.4878,2.1034
94.5228,0.4873,2.0994
94.5230,0.5229,2.2518
94.5232,0.5738,2.4707
94.5234,0.5994,2.5776
94.5236,0.6056,2.6063
94.5238,0.5804,2.4968
94.5240,0.6641,2.8528
94.5242,0.7304,3.1348
94.5244,0.7909,3.3931
94.5246,0.846,3.6326
94.5248,0.7957,3.4153
94.5250,0.8286,3.5497
94.5252,0.8896,3.8147
94.5254,0.8637,3.7054
94.5256,0.8521,3.6538
94.5258,0.9044,3.8725
94.5260,0.9734,4.1683
94.5262,0.9945,4.2606
94.5264,0.955,4.093
94.5266,0.971,4.16
94.5268,0.9845,4.2175
94.5270,0.9577,4.1049
94.5272,0.8959,3.8432
94.5274,0.8788,3.7684
94.5276,0.9185,3.9386
94.5278,0.966,4.1461
94.5280,0.9206,3.9511
94.5282,0.843,3.6164
94.5284,0.8385,3.5973
94.5286,0.8894,3.8155
94.5288,0.8933,3.8289
94.5290,0.9108,3.9075
94.5292,0.9314,3.9937
94.5294,0.9895,4.2351
94.5296,0.9869,4.2278
94.5298,0.9883,4.2339
94.5300,0.9844,4.217
94.5302,0.9567,4.1021
94.5304,0.9535,4.0945
94.5306,0.8808,3.7855
94.5308,0.8373,3.5972
94.5310,0.8617,3.6949
94.5312,0.8558,3.6783
94.5314,0.767,3.2979
94.5316,0.7809,3.3562
94.5318,0.7637,3.2794
94.5320,0.8207,3.5256
94.5322,0.8697,3.7346
94.5324,0.9142,3.9238
94.5326,0.8306,3.5667
94.5328,0.8399,3.6114
94.5330,0.8092,3.4713
94.5332,0.8694,3.7313
94.5334,0.8558,3.6766
94.5336,0.8463,3.6376
94.5338,0.8702,3.7349
94.5340,0.8264,3.5537
94.5342,0.699,3.0083
94.5344,0.7033,3.0269
94.5346,0.7424,3.1863
94.5348,0.8102,3.4824
94.5350,0.7918,3.4062
94.5352,0.7782,3.3495
94.5354,0.7286,3.1329
94.5356,0.7361,3.1669
94.5358,0.724,3.1191
94.5360,0.6663,2.8693
94.5362,0.6578,2.8326
94.5364,0.6246,2.6934
94.5366,0.5813,2.5079
94.5368,0.618,2.6612
94.5370,0.6786,2.9193
94.5372,0.6416,2.7681
94.5374,0.5878,2.5346
94.5376,0.5936,2.5559
94.5378,0.6365,2.7395
94.5380,0.6854,2.95
94.5382,0.6873,2.9624
94.5384,0.5985,2.5818
94.5386,0.5699,2.4587
94.5388,0.5653,2.4374
94.5390,0.5704,2.4585
94.5392,0.5668,2.4441
94.5394,0.5709,2.4606
94.5396,0.6234,2.6795
94.5398,0.7012,3.0168
94.5400,0.7293,3.1418
94.5402,0.6721,2.8927
94.5404,0.6677,2.8736
94.5406,0.7158,3.0777
94.5408,0.7315,3.1467
94.5410,0.7192,3.0941
94.5412,0.7353,3.1633
94.5414,0.7411,3.1836
94.5416,0.739,3.1807
94.5418,0.6665,2.8698
94.5420,0.6552,2.8226
94.5422,0.6619,2.8475
94.5424,0.6834,2.9372
94.5426,0.7648,3.2871
94.5428,0.783,3.367
94.5430,0.7684,3.301
94.5432,0.7498,3.2257
94.5434,0.7584,3.2598
94.5436,0.8142,3.4978
94.5438,0.7873,3.3871
94.5440,0.7828,3.366
94.5442,0.761,3.2752
94.5444,0.7052,3.0324
94.5446,0.7168,3.0852
94.5448,0.768,3.301
94.5450,0.8105,3.4867
94.5452,0.7211,3.1038
94.5454,0.7125,3.0652
94.5456,0.7245,3.1154
94.5458,0.7223,3.1075
94.5460,0.7429,3.1943
94.5462,0.8162,3.5033
94.5464,0.8736,3.7493
94.5466,0.8775,3.7645
94.5468,0.8746,3.7557
94.5470,0.8873,3.8103
94.5472,0.8457,3.635
94.5474,0.8138,3.493
94.5476,0.8854,3.7949
94.5478,0.913,3.9186
94.5480,0.9004,3.8664
94.5482,0.8513,3.6536
94.5484,0.8849,3.7982
94.5486,0.9298,3.9851
94.5488,0.9143,3.9243
94.5490,0.8301,3.5647
94.5492,0.8896,3.8218
94.5494,0.8251,3.5414
94.5496,0.8469,3.6452
94.5498,0.7673,3.3056
94.5500,0.7119,3.0655
94.5502,0.7062,3.0407
94.5504,0.6793,2.9278
94.5506,0.6768,2.9142
94.5508,0.6642,2.8573
94.5510,0.6768,2.9115
94.5512,0.7461,3.2112
94.5514,0.7556,3.2504
94.5516,0.7769,3.3376
94.5518,0.7992,3.4334
94.5520,0.7786,3.3526
94.5522,0.6753,2.9094
94.5524,0.6707,2.8892
94.5526,0.6958,2.9949
94.5528,0.6978,3.0046
94.5530,0.6443,2.7794
94.5532,0.5962,2.572
94.5534,0.5895,2.5383
94.5536,0.6604,2.8435
94.5538,0.6899,2.9705
94.5540,0.6797,2.9266
94.5542,0.6914,2.9731
94.5544,0.7081,3.0504
94.5546,0.6673,2.8748
94.5548,0.6632,2.8559
94.5550,0.703,3.0259
94.5552,0.7339,3.16
94.5554,0.6974,3.003
94.5556,0.7393,3.1788
94.5558,0.7293,3.1375
94.5560,0.6996,3.0137
94.5562,0.6641,2.8582
94.5564,0.6753,2.9067
94.5566,0.7012,3.0182
94.5568,0.7222,3.107
94.5570,0.7602,3.266
94.5572,0.7578,3.2618
94.5574,0.768,3.2995
94.5576,0.8051,3.4587
94.5578,0.8454,3.6301
94.5580,0.9351,4.0152
94.5582,0.8877,3.8065
94.5584,0.9316,3.9965
94.5586,0.9449,4.0574
94.5588,0.8743,3.7559
94.5590,0.7996,3.4382
94.5592,0.7872,3.3851
94.5594,0.8042,3.455
94.5596,0.8407,3.615
94.5598,0.855,3.673
94.5600,0.8965,3.8494
94.5602,0.8796,3.775
94.5604,0.874,3.7531
94.5606,0.9149,3.9287
94.5608,0.9166,3.9304
94.5610,0.9369,4.0229
94.5612,0.9126,3.9171
94.5614,0.8685,3.7381
94.5616,0.7554,3.2439
94.5618,0.8379,3.6015
94.5620,0.816,3.5072
94.5622,0.8036,3.4557
94.5624,0.8005,3.4439
94.5626,0.7785,3.3474
94.5628,0.8203,3.5241
94.5630,0.8914,3.8242
94.5632,0.9212,3.9499
94.5634,0.9381,4.0262
94.5636,0.9266,3.9786
94.5638,0.9203,3.95
94.5640,0.9383,4.031
94.5642,0.889,3.8175
94.5644,0.9473,4.0564
94.5646,1.0864,4.652
94.5648,1.07,4.5859
94.5650,1.0431,4.4708
94.5652,1.0487,4.4949
94.5654,1.043,4.4765
94.5656,0.9618,4.1377
94.5658,0.8195,3.527
94.5660,0.781,3.3629
94.5662,0.7462,3.2132
94.5664,0.7607,3.2772
94.5666,0.76,3.2726
94.5668,0.7584,3.2659
94.5670,0.7724,3.3227
94.5672,0.8053,3.4645
94.5674,0.8406,3.6128
94.5676,0.8654,3.716
94.5678,0.8927,3.8334
94.5680,0.8725,3.7482
94.5682,0.9064,3.894
94.5684,0.9131,3.9191
94.5686,0.9044,3.8852
94.5688,0.8884,3.8113
94.5690,1.0094,4.3284
94.5692,1.0279,4.4076
94.5694,1.0254,4.407
94.5696,0.9472,4.0653
94.5698,0.9629,4.1308
94.5700,0.9716,4.1761
94.5702,0.892,3.8375
94.5704,0.872,3.7496
94.5706,0.8849,3.8053
94.5708,0.8188,3.5256
94.5710,0.7727,3.3257
94.5712,0.8124,3.4933
94.5714,0.8256,3.55
94.5716,0.7945,3.4244
94.5718,0.7491,3.2241
94.5720,0.7823,3.367
94.5722,0.8403,3.6101
94.5724,0.9262,3.9827
94.5726,0.8873,3.812
94.5728,0.9107,3.9107
94.5730,0.8469,3.6503
94.5732,0.7074,3.0473
94.5734,0.7059,3.0355
94.5736,0.8278,3.5544
94.5738,0.8878,3.8141
94.5740,0.908,3.9006
94.5742,0.9043,3.8847
94.5744,0.8893,3.8221
94.5746,0.8899,3.8282
94.5748,0.8757,3.7656
94.5750,0.8749,3.7602
94.5752,0.8873,3.8085
94.5754,0.892,3.8428
94.5756,0.7793,3.3557
94.5758,0.7783,3.35
94.5760,0.7649,3.2937
94.5762,0.7794,3.3546
94.5764,0.7851,3.3758
94.5766,0.7855,3.3825
94.5768,0.7424,3.2011
94.5770,0.6857,2.9565
94.5772,0.6707,2.8879
94.5774,0.756,3.254
94.5776,0.763,3.2885
94.5778,0.6948,2.9972
94.5780,0.6347,2.7368
94.5782,0.7066,3.0414
94.5784,0.8011,3.4497
94.5786,0.7742,3.3397
94.5788,0.6707,2.8906
94.5790,0.6602,2.8443
94.5792,0.6504,2.8032
94.5794,0.658,2.8358
94.5796,0.731,3.1491
94.5798,0.7259,3.1259
94.5800,0.7581,3.2643
94.5802,0.7394,3.1867
94.5804,0.7146,3.0812
94.5806,0.6403,2.7585
94.5808,0.6592,2.8423
94.5810,0.6305,2.7212
94.5812,0.6397,2.7572
94.5814,0.6479,2.7976
94.5816,0.5809,2.507
94.5818,0.5821,2.511
94.5820,0.5523,2.386
94.5822,0.4855,2.0975
94.5824,0.4793,2.0696
94.5826,0.4768,2.0606
94.5828,0.4864,2.1011
94.5830,0.4897,2.1175
94.5832,0.4703,2.0326
94.5834,0.4721,2.0394
94.5836,0.4746,2.0513
94.5838,0.4757,2.055
94.5840,0.4749,2.0504
94.5842,0.5353,2.3092
94.5844,0.5388,2.3275
94.5846,0.5402,2.3272
94.5848,0.6662,2.8701
94.5850,0.6624,2.8589
94.5852,0.596,2.5698
94.5854,0.5888,2.5376
94.5856,0.5885,2.5377
94.5858,0.584,2.5181
94.5860,0.5845,2.5201
94.5862,0.5936,2.5571
94.5864,0.6318,2.7244
94.5866,0.6535,2.8154
94.5868,0.655,2.8202
94.5870,0.6493,2.8012
94.5872,0.5809,2.507
94.5874,0.568,2.4459
94.5876,0.6387,2.75
94.5878,0.6235,2.69
94.5880,0.593,2.5592
94.5882,0.6291,2.7087
94.5884,0.6883,2.9624
94.5886,0.7008,3.0175
94.5888,0.6847,2.9456
94.5890,0.7514,3.2309
94.5892,0.766,3.2999
94.5894,0.7262,3.1241
94.5896,0.76,3.2665
94.5898,0.7696,3.3108
94.5900,0.7718,3.3232
94.5902,0.7715,3.3144
94.5904,0.9034,3.872
94.5906,0.9737,4.1752
94.5908,0.9846,4.2219
94.5910,1.0329,4.4312
94.5912,1.0026,4.3011
94.5914,0.927,3.977
94.5916,1.045,4.4748
94.5918,1.1444,4.8936
94.5920,1.1416,4.8813
94.5922,1.1291,4.828
94.5924,1.0798,4.6345
94.5926,1.0085,4.3263
94.5928,0.9932,4.2629
94.5930,0.9555,4.1027
94.5932,0.9875,4.2343
94.5934,1.0015,4.2944
94.5936,0.9925,4.2599
94.5938,0.9817,4.2135
94.5940,0.991,4.2512
94.5942,1.0149,4.352
94.5944,1.0452,4.4879
94.5946,0.9993,4.2832
94.5948,1.0284,4.4035
94.5950,1.1324,4.8469
94.5952,1.147,4.9227
94.5954,0.9846,4.2338
94.5956,0.8619,3.7063
94.5958,0.8381,3.6087
94.5960,0.7885,3.3955
94.5962,0.8056,3.4655
94.5964,0.8107,3.4861
94.5966,0.7779,3.3511
94.5968,0.7108,3.0594
94.5970,0.7686,3.3128
94.5972,0.7517,3.2369
94.5974,0.7857,3.3815
94.5976,0.772,3.3196
94.5978,0.8285,3.5591
94.5980,0.8731,3.756
94.5982,0.7851,3.382
94.5984,0.7821,3.3644
94.5986,0.8053,3.4629
94.5988,0.7713,3.3242
94.5990,0.6962,3.0007
94.5992,0.6905,2.9745
94.5994,0.7207,3.1046
94.5996,0.7432,3.2003
94.5998,0.6956,2.9953
94.6000,0.7256,3.1229
94.6002,0.755,3.2509
94.6004,0.7816,3.3639
94.6006,0.7785,3.349
94.6008,0.7835,3.3722
94.6010,0.8327,3.5771
94.6012,0.8873,3.8156
94.6014,0.818,3.5192
94.6016,0.7954,3.4201
94.6018,0.8567,3.6819
94.6020,0.8086,3.4833
94.6022,0.7415,3.1945
94.6024,0.6991,3.0103
94.6026,0.6499,2.8038
94.6028,0.6004,2.5901
94.6030,0.5993,2.5843
94.6032,0.584,2.5192
94.6034,0.6054,2.6118
94.6036,0.6059,2.6163
94.6038,0.6151,2.6464
94.6040,0.7396,3.1877
94.6042,0.6444,2.7838
94.6044,0.5099,2.2016
94.6046,0.5185,2.2399
94.6048,0.5072,2.1912
94.6050,0.5039,2.1757
94.6052,0.5083,2.1949
94.6054,0.5187,2.2409
94.6056,0.5126,2.2145
94.6058,0.504,2.1762
94.6060,0.5043,2.1778
94.6062,0.5114,2.2093
94.6064,0.5177,2.2342
94.6066,0.5118,2.2078
94.6068,0.5256,2.2684
94.6070,0.5882,2.5338
94.6072,0.7305,3.1397
94.6074,0.806,3.4628
94.6076,0.7854,3.3836
94.6078,0.6737,2.9008
94.6080,0.7152,3.0752
94.6082,0.766,3.2938
94.6084,0.806,3.466
94.6086,0.8215,3.5391
94.6088,0.7291,3.1393
94.6090,0.7102,3.0583
94.6092,0.7382,3.1727
94.6094,0.8889,3.8116
94.6096,0.9335,4.0048
94.6098,0.9068,3.8991
94.6100,0.8511,3.6582
94.6102,0.8331,3.5825
94.6104,0.8385,3.6041
94.6106,0.8555,3.6767
94.6108,0.9107,3.907
94.6110,1.0067,4.3266
94.6112,0.9058,3.8877
94.6114,0.9268,3.9778
94.6116,0.9597,4.1208
94.6118,0.9658,4.1393
94.6120,0.9733,4.1853
94.6122,0.8426,3.625
94.6124,0.7653,3.2938
94.6126,0.7486,3.2205
94.6128,0.7538,3.2442
94.6130,0.7431,3.1998
94.6132,0.7385,3.1757
94.6134,0.7779,3.3542
94.6136,0.6773,2.9203
94.6138,0.7653,3.2892
94.6140,0.8508,3.6532
94.6142,0.8473,3.6383
94.6144,0.9081,3.8993
94.6146,0.8495,3.6544
94.6148,0.7908,3.3989
94.6150,0.8574,3.6901
94.6152,0.7364,3.1738
94.6154,0.6987,3.0101
94.6156,0.6948,2.9931
94.6158,0.6908,2.9774
94.6160,0.7149,3.0827
94.6162,0.5988,2.5846
94.6164,0.565,2.4398
94.6166,0.5544,2.3937
94.6168,0.5551,2.3879
94.6170,0.7941,3.416
94.6172,0.8272,3.5534
94.6174,0.9273,3.9836
94.6176,0.8772,3.777
94.6178,0.7277,3.1322
94.6180,0.7622,3.2803
94.6182,0.7617,3.2722
94.6184,0.821,3.5288
94.6186,0.8441,3.6278
94.6188,0.831,3.5766
94.6190,0.7918,3.4046
94.6192,0.7913,3.401
94.6194,0.7967,3.4306
94.6196,0.7372,3.1715
94.6198,0.7818,3.3603
94.6200,0.8433,3.6196
94.6202,0.9159,3.9346
94.6204,0.8644,3.7206
94.6206,0.6836,2.9437
94.6208,0.6799,2.9304
94.6210,0.6727,2.8967
94.6212,0.6927,2.9843
94.6214,0.7,3.0172
94.6216,0.6987,3.0073
94.6218,0.7138,3.0752
94.6220,0.6729,2.9004
94.6222,0.6571,2.8309
94.6224,0.6548,2.8224
94.6226,0.7008,3.0161
94.6228,0.7357,3.1648
94.6230,0.7908,3.4021
94.6232,0.7756,3.3304
94.6234,0.9035,3.8816
94.6236,0.938,4.0219
94.6238,0.979,4.2037
94.6240,0.8956,3.8494
94.6242,0.9598,4.1213
94.6244,1.0654,4.5664
94.6246,1.0412,4.4563
94.6248,1.1826,5.0519
94.6250,1.312,5.5994
94.6252,1.3194,5.6338
94.6254,1.3274,5.6681
94.6256,1.3291,5.6886
94.6258,1.2479,5.3461
94.6260,1.1952,5.1225
94.6262,1.1213,4.8036
94.6264,1.1768,5.0297
94.6266,1.2213,5.2272
94.6268,1.1853,5.0756
94.6270,1.182,5.0612
94.6272,1.1581,4.9683
94.6274,1.1543,4.9403
94.6276,1.1799,5.0548
94.6278,1.2,5.1286
94.6280,1.3182,5.6392
94.6282,1.2919,5.5191
94.6284,1.3271,5.6772
94.6286,1.252,5.3636
94.6288,1.1191,4.8011
94.6290,1.0495,4.5085
94.6292,1.0005,4.2903
94.6294,1.1286,4.8372
94.6296,1.0499,4.519
94.6298,0.7979,3.4421
94.6300,0.7052,3.0394
94.6302,0.7879,3.3897
94.6304,0.8924,3.839
94.6306,0.9132,3.927
94.6308,0.9381,4.0262
94.6310,0.9898,4.2559
94.6312,0.9232,3.9735
94.6314,0.7536,3.2527
94.6316,0.7191,3.0951
94.6318,0.802,3.4581
94.6320,0.7565,3.2576
94.6322,0.7938,3.4166
94.6324,0.7846,3.3768
94.6326,0.7503,3.2367
94.6328,0.6734,2.9038
94.6330,0.7548,3.2504
94.6332,0.7866,3.3903
94.6334,0.7955,3.4222
94.6336,0.908,3.8988
94.6338,0.981,4.2144
94.6340,0.9044,3.8942
94.6342,0.8375,3.6061
94.6344,0.8112,3.493
94.6346,0.7842,3.3784
94.6348,0.7672,3.3097
94.6350,0.709,3.0616
94.6352,0.5885,2.5413
94.6354,0.5594,2.4132
94.6356,0.6468,2.7942
94.6358,0.5522,2.3877
94.6360,0.543,2.3467
94.6362,0.5469,2.3638
94.6364,0.546,2.3564
94.6366,0.6157,2.66
94.6368,0.6387,2.7564
94.6370,0.6972,3.0048
94.6372,0.6927,2.9898
94.6374,0.5973,2.5791
94.6376,0.5564,2.4025
94.6378,0.5502,2.3745
94.6380,0.6257,2.7018
94.6382,0.593,2.5604
94.6384,0.5886,2.543
94.6386,0.5419,2.3442
94.6388,0.497,2.1462
94.6390,0.5372,2.3196
94.6392,0.5198,2.2456
94.6394,0.5376,2.3191
94.6396,0.6056,2.6124
94.6398,0.6708,2.8897
94.6400,0.7339,3.1615
94.6402,0.7134,3.0689
94.6404,0.8174,3.515
94.6406,0.8086,3.4881
94.6408,0.643,2.7699
94.6410,0.6516,2.8123
94.6412,0.6202,2.6742
94.6414,0.6964,2.9961
94.6416,0.7863,3.3856
94.6418,0.7235,3.117
94.6420,0.7297,3.1448
94.6422,0.7,3.0144
94.6424,0.7087,3.053
94.6426,0.7104,3.0588
94.6428,0.7371,3.1769
94.6430,0.7086,3.0553
94.6432,0.7144,3.0806
94.6434,0.689,2.9683
94.6436,0.7575,3.2572
94.6438,0.8381,3.607
94.6440,0.7335,3.1643
94.6442,0.6222,2.6818
94.6444,0.5913,2.552
94.6446,0.5734,2.4749
94.6448,0.5752,2.4803
94.6450,0.5812,2.512
94.6452,0.5371,2.3202
94.6454,0.5591,2.411
94.6456,0.5984,2.5849
94.6458,0.4842,2.0937
94.6460,0.4766,2.0601
94.6462,0.4878,2.1073
94.6464,0.4793,2.0724
94.6466,0.4729,2.045
94.6468,0.4707,2.0332
94.6470,0.4733,2.0427
94.6472,0.5207,2.243
94.6474,0.6235,2.6887
94.6476,0.66,2.8393
94.6478,0.7153,3.0771
94.6480,0.7697,3.3144
94.6482,0.7419,3.1961
94.6484,0.665,2.865
94.6486,0.698,3.0056
94.6488,0.7122,3.0665
94.6490,0.7057,3.0373
94.6492,0.6771,2.9171
94.6494,0.6574,2.8306
94.6496,0.6424,2.7686
94.6498,0.6243,2.6906
94.6500,0.6498,2.8032
94.6502,0.6293,2.7085
94.6504,0.6909,2.9696
94.6506,0.7936,3.4044
94.6508,0.8588,3.6946
94.6510,0.7805,3.3609
94.6512,0.7744,3.3299
94.6514,0.7734,3.3304
94.6516,0.7184,3.0934
94.6518,0.7194,3.0918
94.6520,0.8008,3.4353
94.6522,0.9076,3.8973
94.6524,0.8917,3.8306
94.6526,0.8507,3.6612
94.6528,0.7334,3.1565
94.6530,0.7833,3.3712
94.6532,0.7823,3.3639
94.6534,0.7883,3.3881
94.6536,0.7919,3.4052
94.6538,0.8027,3.4596
94.6540,0.6798,2.9299
94.6542,0.6569,2.8311
94.6544,0.6559,2.827
94.6546,0.6557,2.826
94.6548,0.6444,2.7774
94.6550,0.6457,2.7805
94.6552,0.6595,2.8412
94.6554,0.6492,2.7968
94.6556,0.6631,2.858
94.6558,0.6583,2.8334
94.6560,0.7082,3.0509
94.6562,0.7431,3.1968
94.6564,0.8108,3.4866
94.6566,0.8059,3.4639
94.6568,0.8468,3.6345
94.6570,0.9071,3.8952
94.6572,0.9164,3.9275
94.6574,0.9744,4.1802
94.6576,0.9631,4.1357
94.6578,0.9551,4.0993
94.6580,0.9911,4.2576
94.6582,0.8794,3.7763
94.6584,0.9979,4.275
94.6586,1.0912,4.6725
94.6588,1.091,4.6693
94.6590,1.1534,4.9321
94.6592,1.2261,5.2403
94.6594,1.276,5.4561
94.6596,1.2868,5.5048
94.6598,1.1858,5.0681
94.6600,1.2594,5.3778
94.6602,1.2881,5.513
94.6604,1.1456,4.9102
94.6606,1.0723,4.5978
94.6608,1.1041,4.728
94.6610,1.1501,4.9246
94.6612,1.2,5.1406
94.6614,1.1401,4.8797
94.6616,1.1666,4.9955
94.6618,1.1597,4.968
94.6620,1.1097,4.756
94.6622,1.0866,4.6595
94.6624,1.1251,4.8223
94.6626,1.1262,4.8224
94.6628,1.0356,4.4467
94.6630,0.9371,4.0277
94.6632,0.9219,3.9659
94.6634,0.8883,3.8197
94.6636,0.8968,3.8563
94.6638,0.8907,3.8282
94.6640,0.9132,3.9288
94.6642,0.8665,3.7276
94.6644,0.8156,3.5073
94.6646,0.8648,3.7204
94.6648,0.892,3.8321
94.6650,0.8722,3.7541
94.6652,0.8012,3.4502
94.6654,0.8186,3.5234
94.6656,0.8118,3.4956
94.6658,0.7469,3.2193
94.6660,0.7395,3.1872
94.6662,0.7168,3.0881
94.6664,0.6967,3.0013
94.6666,0.7595,3.272
94.6668,0.7477,3.2239
94.6670,0.7351,3.1666
94.6672,0.7775,3.3402
94.6674,0.8312,3.5793
94.6676,0.7842,3.3769
94.6678,0.778,3.3531
94.6680,0.7234,3.118
94.6682,0.7316,3.1517
94.6684,0.743,3.2022
94.6686,0.8166,3.5163
94.6688,0.8046,3.4663
94.6690,0.815,3.503
94.6692,0.8396,3.6104
94.6694,0.8276,3.5638
94.6696,0.7401,3.1913
94.6698,0.6903,2.9726
94.6700,0.7301,3.144
94.6702,0.8704,3.7411
94.6704,0.9475,4.0763
94.6706,0.7381,3.1869
94.6708,0.6008,2.5941
94.6710,0.6181,2.6617
94.6712,0.76,3.268
94.6714,0.8053,3.4629
94.6716,0.8522,3.6696
94.6718,0.8484,3.6463
94.6720,0.8487,3.6564
94.6722,0.7098,3.0633
94.6724,0.6354,2.7424
94.6726,0.5827,2.5136
94.6728,0.5653,2.4408
94.6730,0.6102,2.6338
94.6732,0.6672,2.8756
94.6734,0.7111,3.0633
94.6736,0.745,3.211
94.6738,0.707,3.0486
94.6740,0.6799,2.929
94.6742,0.6815,2.9371
94.6744,0.6843,2.9509
94.6746,0.7517,3.2324
94.6748,0.8532,3.6703
94.6750,0.8721,3.7519
94.6752,0.8586,3.6936
94.6754,0.7783,3.3562
94.6756,0.6791,2.9281
94.6758,0.6642,2.864
94.6760,0.669,2.8833
94.6762,0.6623,2.8584
94.6764,0.6611,2.8519
94.6766,0.6588,2.8407
94.6768,0.6695,2.8841
94.6770,0.672,2.8976
94.6772,0.6652,2.8681
94.6774,0.6687,2.8836
94.6776,0.6638,2.8598
94.6778,0.664,2.8603
94.6780,0.6701,2.8893
94.6782,0.6623,2.857
94.6784,0.6496,2.7983
94.6786,0.7474,3.2109
94.6788,0.8414,3.6215
94.6790,0.7829,3.3712
94.6792,0.6455,2.7859
94.6794,0.5889,2.544
94.6796,0.5846,2.5242
94.6798,0.5886,2.5382
94.6800,0.6586,2.8371
94.6802,0.7201,3.1006
94.6804,0.7712,3.3206
94.6806,0.7203,3.0988
94.6808,0.7962,3.4269
94.6810,0.7515,3.2434
94.6812,0.6141,2.6454
94.6814,0.6392,2.7577
94.6816,0.5809,2.5081
94.6818,0.5741,2.4768
94.6820,0.5749,2.4799
94.6822,0.5728,2.4711
94.6824,0.5886,2.5371
94.6826,0.6042,2.6079
94.6828,0.5596,2.4165
94.6830,0.5467,2.3595
94.6832,0.5906,2.5442
94.6834,0.6364,2.7428
94.6836,0.6159,2.6569
94.6838,0.6204,2.6703
94.6840,0.7282,3.1357
94.6842,0.7197,3.0962
94.6844,0.7388,3.1767
94.6846,0.7998,3.4424
94.6848,0.7807,3.3619
94.6850,0.7578,3.2587
94.6852,0.8035,3.4616
94.6854,0.6909,2.9751
94.6856,0.6976,3.0055
94.6858,0.6512,2.8068
94.6860,0.6105,2.636
94.6862,0.5353,2.3103
94.6864,0.5131,2.2156
94.6866,0.5082,2.1954
94.6868,0.5088,2.199
94.6870,0.5166,2.2296
94.6872,0.5202,2.244
94.6874,0.5552,2.3962
94.6876,0.5476,2.3614
94.6878,0.606,2.612
94.6880,0.6487,2.7973
94.6882,0.6479,2.7911
94.6884,0.6777,2.9211
94.6886,0.6753,2.904
94.6888,0.7208,3.1037
94.6890,0.7135,3.0679
94.6892,0.7468,3.2188
94.6894,0.6327,2.7229
94.6896,0.7183,3.0929
94.6898,0.7702,3.3134
94.6900,0.7869,3.3788
94.6902,0.8367,3.5963
94.6904,0.8638,3.7059
94.6906,0.8746,3.7557
94.6908,0.8784,3.7717
94.6910,0.9093,3.9009
94.6912,0.9567,4.1002
94.6914,0.966,4.1442
94.6916,0.937,4.0197
94.6918,0.9243,3.9707
94.6920,0.9135,3.9207
94.6922,0.9102,3.905
94.6924,0.9244,3.9675
94.6926,0.91,3.9003
94.6928,1.0558,4.5274
94.6930,1.0378,4.4523
94.6932,0.9549,4.0925
94.6934,0.989,4.237
94.6936,0.989,4.241
94.6938,0.9998,4.2912
94.6940,0.9515,4.0915
94.6942,0.8975,3.854
94.6944,0.9582,4.1107
94.6946,0.9559,4.101
94.6948,0.9555,4.1046
94.6950,0.9882,4.2374
94.6952,0.9781,4.1961
94.6954,0.9341,4.0186
94.6956,0.8224,3.5427
94.6958,0.7509,3.2333
94.6960,0.711,3.0614
94.6962,0.7144,3.0792
94.6964,0.6877,2.964
94.6966,0.6848,2.9488
94.6968,0.6967,3.0013
94.6970,0.7114,3.0634
94.6972,0.7432,3.2018
94.6974,0.7395,3.1902
94.6976,0.7313,3.1492
94.6978,0.7372,3.1774
94.6980,0.6735,2.903
94.6982,0.6717,2.8966
94.6984,0.6504,2.7993
94.6986,0.714,3.0771
94.6988,0.7258,3.1254
94.6990,0.7526,3.2405
94.6992,0.7201,3.1006
94.6994,0.6662,2.8728
94.6996,0.6798,2.9285
94.6998,0.6782,2.9204
94.7000,0.6975,3.0008
94.7002,0.789,3.3975
94.7004,0.748,3.2254
94.7006,0.6716,2.8947
94.7008,0.6649,2.8671
94.7010,0.5958,2.5728
94.7012,0.5419,2.3388
94.7014,0.5691,2.4551
94.7016,0.5412,2.3335
94.7018,0.6105,2.6311
94.7020,0.5915,2.553
94.7022,0.5511,2.3808
94.7024,0.5359,2.3118
94.7026,0.5975,2.5777
94.7028,0.5542,2.3932
94.7030,0.5247,2.2669
94.7032,0.5173,2.2306
94.7034,0.5849,2.5222
94.7036,0.5344,2.3077
94.7038,0.5041,2.1778
94.7040,0.5145,2.2228
94.7042,0.5257,2.2689
94.7044,0.5274,2.2751
94.7046,0.5213,2.2518
94.7048,0.4704,2.0312
94.7050,0.4637,2.0013
94.7052,0.4583,1.9789
94.7054,0.4735,2.0457
94.7056,0.476,2.0575
94.7058,0.4789,2.068
94.7060,0.4921,2.123
94.7062,0.5259,2.2699
94.7064,0.5541,2.3893
94.7066,0.5746,2.4766
94.7068,0.5782,2.4933
94.7070,0.5838,2.5152
94.7072,0.6207,2.6726
94.7074,0.6293,2.7123
94.7076,0.6888,2.9659
94.7078,0.7154,3.0791
94.7080,0.7116,3.0597
94.7082,0.7116,3.064
94.7084,0.709,3.0503
94.7086,0.7083,3.0444
94.7088,0.7649,3.2876
94.7090,0.828,3.5554
94.7092,0.8682,3.7279
94.7094,0.8232,3.5397
94.7096,0.7201,3.0992
94.7098,0.7375,3.174
94.7100,0.703,3.0217
94.7102,0.7132,3.0712
94.7104,0.7294,3.1394
94.7106,0.7154,3.0805
94.7108,0.6937,2.9884
94.7110,0.6774,2.9168
94.7112,0.7118,3.065
94.7114,0.6756,2.9091
94.7116,0.6033,2.6001
94.7118,0.5821,2.5086
94.7120,0.5874,2.5319
94.7122,0.6008,2.5917
94.7124,0.5916,2.5524
94.7126,0.5563,2.3953
94.7128,0.662,2.856
94.7130,0.568,2.4527
94.7132,0.4949,2.1349
94.7134,0.4909,2.1198
94.7136,0.4892,2.1106
94.7138,0.5398,2.3267
94.7140,0.5986,2.58
94.7142,0.6431,2.7717
94.7144,0.6292,2.7105
94.7146,0.5972,2.5726
94.7148,0.5962,2.572
94.7150,0.5426,2.3397
94.7152,0.4945,2.1333
94.7154,0.4884,2.1089
94.7156,0.4769,2.0583
94.7158,0.477,2.0597
94.7160,0.4648,2.0069
94.7162,0.4823,2.0806
94.7164,0.5506,2.3732
94.7166,0.5421,2.3365
94.7168,0.5295,2.2812
94.7170,0.5969,2.5715
94.7172,0.6086,2.6204
94.7174,0.6247,2.6914
94.7176,0.6269,2.6994
94.7178,0.6816,2.9308
94.7180,0.709,3.0489
94.7182,0.7039,3.0295
94.7184,0.6981,3.0019
94.7186,0.711,3.0571
94.7188,0.6976,3.0027
94.7190,0.6896,2.9681
94.7192,0.7485,3.217
94.7194,0.7864,3.3846
94.7196,0.7028,3.0263
94.7198,0.6908,2.9733
94.7200,0.6335,2.7291
94.7202,0.5511,2.3742
94.7204,0.5894,2.5378
94.7206,0.6323,2.7227
94.7208,0.6559,2.8257
94.7210,0.6264,2.7011
94.7212,0.536,2.3091
94.7214,0.5714,2.4638
94.7216,0.536,2.3102
94.7218,0.5335,2.3004
94.7220,0.5497,2.3713
94.7222,0.5573,2.3999
94.7224,0.6161,2.648
94.7226,0.7795,3.3443
94.7228,0.826,3.5549
94.7230,0.7403,3.182
94.7232,0.7245,3.1125
94.7234,0.7646,3.2845
94.7236,0.775,3.3325
94.7238,0.7744,3.3252
94.7240,0.854,3.6654
94.7242,0.9033,3.8715
94.7244,0.9857,4.2226
94.7246,1.0292,4.405
94.7248,0.9859,4.2237
94.7250,0.971,4.16
94.7252,1.014,4.3439
94.7254,1.052,4.5025
94.7256,1.0802,4.6231
94.7258,1.0198,4.3711
94.7260,1.0294,4.406
94.7262,1.0799,4.6286
94.7264,1.0136,4.3504
94.7266,0.8907,3.8229
94.7268,0.9002,3.8636
94.7270,0.9478,4.0698
94.7272,0.8973,3.8512
94.7274,0.8636,3.7049
94.7276,0.9075,3.8931
94.7278,0.9244,3.9638
94.7280,0.9606,4.1153
94.7282,1.0133,4.3509
94.7284,0.9471,4.0648
94.7286,0.9393,4.0295
94.7288,0.855,3.6815
94.7290,0.7396,3.1803
94.7292,0.8116,3.4865
94.7294,0.8467,3.6323
94.7296,0.8889,3.8205
94.7298,0.8725,3.7464
94.7300,0.9255,3.974
94.7302,0.935,4.0147
94.7304,0.91,3.9076
94.7306,0.8812,3.784
94.7308,0.8527,3.6615
94.7310,0.8454,3.6385
94.7312,0.7331,3.1525
94.7314,0.7575,3.2557
94.7316,0.7929,3.4125
94.7318,0.8337,3.5784
94.7320,0.9312,3.9969
94.7322,0.8903,3.8231
94.7324,0.8648,3.7152
94.7326,0.84,3.6102
94.7328,0.8462,3.6353
94.7330,0.8517,3.6573
94.7332,0.9025,3.877
94.7334,0.9035,3.8834
94.7336,0.8841,3.7946
94.7338,0.9197,3.9475
94.7340,0.9004,3.8736
94.7342,0.7688,3.3133
94.7344,0.6359,2.7407
94.7346,0.6008,2.5893
94.7348,0.628,2.7091
94.7350,0.5785,2.4966
94.7352,0.5721,2.468
94.7354,0.5697,2.4577
94.7356,0.5557,2.3961
94.7358,0.5729,2.4728
94.7360,0.6034,2.6031
94.7362,0.5892,2.5432
94.7364,0.5981,2.5767
94.7366,0.665,2.865
94.7368,0.5912,2.5527
94.7370,0.5047,2.1793
94.7372,0.4909,2.1178
94.7374,0.494,2.1313
94.7376,0.4842,2.0898
94.7378,0.4772,2.0627
94.7380,0.4743,2.0488
94.7382,0.4734,2.0432
94.7384,0.5012,2.1633
94.7386,0.5348,2.3093
94.7388,0.5582,2.4036
94.7390,0.6586,2.8318
94.7392,0.7445,3.197
94.7394,0.6968,3.0032
94.7396,0.5964,2.5707
94.7398,0.6776,2.9165
94.7400,0.7297,3.1405
94.7402,0.664,2.8616
94.7404,0.6426,2.7696
94.7406,0.6488,2.7952
94.7408,0.6763,2.9067
94.7410,0.7505,3.2303
94.7412,0.7293,3.1404
94.7414,0.7068,3.0419
94.7416,0.718,3.089
94.7418,0.718,3.0904
94.7420,0.7259,3.1274
94.7422,0.6427,2.7676
94.7424,0.6197,2.6697
94.7426,0.6166,2.6563
94.7428,0.6448,2.7776
94.7430,0.6594,2.8394
94.7432,0.702,3.0227
94.7434,0.6547,2.8205
94.7436,0.6304,2.7169
94.7438,0.6175,2.6604
94.7440,0.615,2.6495
94.7442,0.6068,2.6163
94.7444,0.606,2.6096
94.7446,0.6481,2.7895
94.7448,0.6523,2.8115
94.7450,0.6102,2.6325
94.7452,0.5756,2.483
94.7454,0.535,2.306
94.7456,0.5425,2.3413
94.7458,0.5449,2.3495
94.7460,0.536,2.3113
94.7462,0.5326,2.2978
94.7464,0.5689,2.4507
94.7466,0.6255,2.697
94.7468,0.5827,2.5089
94.7470,0.6428,2.7668
94.7472,0.7078,3.0437
94.7474,0.766,3.2907
94.7476,0.7677,3.301
94.7478,0.7671,3.303
94.7480,0.7076,3.0469
94.7482,0.7289,3.1359
94.7484,0.7131,3.0678
94.7486,0.7174,3.0864
94.7488,0.7491,3.2241
94.7490,0.6534,2.8122
94.7492,0.622,2.677
94.7494,0.6811,2.9342
94.7496,0.6613,2.8489
94.7498,0.7101,3.0492
94.7500,0.8107,3.4829
94.7502,0.8176,3.5073
94.7504,0.8498,3.6457
94.7506,0.8671,3.7215
94.7508,0.8701,3.7361
94.7510,0.8622,3.6987
94.7512,0.9082,3.9035
94.7514,0.7913,3.4057
94.7516,0.7694,3.3036
94.7518,0.8369,3.5952
94.7520,0.804,3.4572
94.7522,0.8002,3.4375
94.7524,0.7768,3.3448
94.7526,0.6452,2.7849
94.7528,0.5533,2.3868
94.7530,0.5662,2.4427
94.7532,0.5067,2.1861
94.7534,0.502,2.1664
94.7536,0.5043,2.1788
94.7538,0.5067,2.1861
94.7540,0.5042,2.1732
94.7542,0.4997,2.1556
94.7544,0.5046,2.1788
94.7546,0.5076,2.1897
94.7548,0.5245,2.2595
94.7550,0.5932,2.5567
94.7552,0.5332,2.3004
94.7554,0.5107,2.2032
94.7556,0.5376,2.3158
94.7558,0.6322,2.7171
94.7560,0.7217,3.1006
94.7562,0.7497,3.2282
94.7564,0.7238,3.1094
94.7566,0.8054,3.4586
94.7568,0.8436,3.6156
94.7570,0.9368,4.0168
94.7572,0.935,4.0091
94.7574,0.9146,3.929
94.7576,0.843,3.6164
94.7578,0.9135,3.9134
94.7580,0.9654,4.1397
94.7582,0.9496,4.0756
94.7584,0.9014,3.8669
94.7586,0.9119,3.9104
94.7588,0.9412,4.0377
94.7590,0.9719,4.1674
94.7592,0.9623,4.1302
94.7594,0.9185,3.9386
94.7596,0.96,4.1165
94.7598,0.9878,4.2358
94.7600,0.966,4.1442
94.7602,0.9251,3.9595
94.7604,1.08,4.6248
94.7606,1.0941,4.6892
94.7608,1.025,4.3911
94.7610,1.0821,4.6313
94.7612,1.0924,4.682
94.7614,0.9684,4.1603
94.7616,0.9029,3.879
94.7618,0.8839,3.79
94.7620,0.912,3.9182
94.7622,0.8772,3.7753
94.7624,0.7829,3.3681
94.7626,0.7441,3.2009
94.7628,0.7005,3.0165
94.7630,0.7225,3.1081
94.7632,0.7896,3.3906
94.7634,0.8107,3.4877
94.7636,0.7297,3.1419
94.7638,0.7203,3.106
94.7640,0.6584,2.8379
94.7642,0.6699,2.8835
94.7644,0.6966,3.0008
94.7646,0.6689,2.8828
94.7648,0.6488,2.7939
94.7650,0.6512,2.8055
94.7652,0.6514,2.8061
94.7654,0.6939,2.9881
94.7656,0.7003,3.0196
94.7658,0.5991,2.5808
94.7660,0.6289,2.7095
94.7662,0.6542,2.8185
94.7664,0.677,2.9125
94.7666,0.7081,3.049
94.7668,0.6785,2.9215
94.7670,0.7112,3.0638
94.7672,0.701,3.0227
94.7674,0.6504,2.8006
94.7676,0.6825,2.939
94.7678,0.6945,2.9906
94.7680,0.6753,2.9121
94.7682,0.5992,2.5825
94.7684,0.6366,2.7438
94.7686,0.6424,2.7725
94.7688,0.5703,2.4603
94.7690,0.5656,2.4401
94.7692,0.5749,2.4811
94.7694,0.5606,2.4195
94.7696,0.5473,2.3599
94.7698,0.6378,2.7451
94.7700,0.6488,2.7952
94.7702,0.6124,2.6455
94.7704,0.4913,2.1223
94.7706,0.4715,2.0359
94.7708,0.476,2.0556
94.7710,0.4729,2.0421
94.7712,0.4713,2.0358
94.7714,0.4672,2.0154
94.7716,0.4701,2.0297
94.7718,0.466,2.0121
94.7720,0.4725,2.0419
94.7722,0.5139,2.2171
94.7724,0.5641,2.4322
94.7726,0.5722,2.4663
94.7728,0.5733,2.4721
94.7730,0.5756,2.4807
94.7732,0.6387,2.7487
94.7734,0.6089,2.6244
94.7736,0.5643,2.4333
94.7738,0.5594,2.4132
94.7740,0.553,2.3825
94.7742,0.5966,2.5676
94.7744,0.7192,3.0941
94.7746,0.7256,3.12
94.7748,0.73,3.1376
94.7750,0.6846,2.9519
94.7752,0.5533,2.3868
94.7754,0.54,2.3305
94.7756,0.5385,2.3221
94.7758,0.5425,2.3392
94.7760,0.5365,2.3133
94.7762,0.5341,2.303
94.7764,0.5347,2.3034
94.7766,0.5975,2.5753
94.7768,0.5691,2.454
94.7770,0.547,2.3588
94.7772,0.5281,2.2782
94.7774,0.5293,2.2834
94.7776,0.5329,2.2967
94.7778,0.5335,2.3015
94.7780,0.5289,2.2818
94.7782,0.5153,2.2218
94.7784,0.5178,2.2306
94.7786,0.589,2.541
94.7788,0.512,2.2109
94.7790,0.4805,2.0719
94.7792,0.5346,2.3029
94.7794,0.5964,2.5683
94.7796,0.6251,2.6942
94.7798,0.5816,2.5054
94.7800,0.5829,2.5134
94.7802,0.5287,2.2787
94.7804,0.5872,2.5273
94.7806,0.6168,2.6561
94.7808,0.5874,2.5319
94.7810,0.6273,2.701
94.7812,0.6315,2.719
94.7814,0.6101,2.6271
94.7816,0.5793,2.4979
94.7818,0.5558,2.3977
94.7820,0.5204,2.244
94.7822,0.5211,2.2451
94.7824,0.5608,2.4194
94.7826,0.5124,2.2104
94.7828,0.5073,2.1867
94.7830,0.5383,2.3157
94.7832,0.657,2.8264
94.7834,0.6074,2.614
94.7836,0.5884,2.5349
94.7838,0.5907,2.5447
94.7840,0.5895,2.5383
94.7842,0.6,2.585
94.7844,0.5659,2.4411
94.7846,0.4967,2.1427
94.7848,0.4913,2.1164
94.7850,0.5106,2.2027
94.7852,0.472,2.0361
94.7854,0.4846,2.0904
94.7856,0.5015,2.1633
94.7858,0.4908,2.1173
94.7860,0.4838,2.0883
94.7862,0.4738,2.0448
94.7864,0.4708,2.03
94.7866,0.4818,2.0747
94.7868,0.5514,2.3741
94.7870,0.5812,2.5062
94.7872,0.5373,2.3137
94.7874,0.5823,2.5073
94.7876,0.604,2.602
94.7878,0.6059,2.6079
94.7880,0.6033,2.5953
94.7882,0.628,2.7053
94.7884,0.6053,2.6077
94.7886,0.6249,2.6894
94.7888,0.6454,2.7777
94.7890,0.678,2.9167
94.7892,0.6762,2.9116
94.7894,0.6668,2.8647
94.7896,0.6799,2.9249
94.7898,0.6872,2.9523
94.7900,0.79,3.389
94.7902,0.7889,3.3891
94.7904,0.7915,3.3989
94.7906,0.8319,3.5691
94.7908,0.8624,3.6997
94.7910,0.8696,3.7306
94.7912,0.8245,3.5339
94.7914,0.9248,3.958
94.7916,1.0129,4.3352
94.7918,1.0158,4.3516
94.7920,0.9603,4.1195
94.7922,0.8959,3.8415
94.7924,0.9099,3.9034
94.7926,0.9457,4.061
94.7928,0.9185,3.935
94.7930,0.9645,4.1298
94.7932,0.9754,4.1785
94.7934,0.9505,4.0721
94.7936,1.0416,4.4537
94.7938,1.0605,4.5474
94.7940,0.9401,4.0368
94.7942,0.9528,4.0857
94.7944,0.9653,4.1334
94.7946,0.9718,4.1708
94.7948,0.8516,3.6551
94.7950,0.9144,3.9193
94.7952,0.9166,3.9377
94.7954,0.802,3.4485
94.7956,0.7718,3.3247
94.7958,0.6629,2.8517
94.7960,0.6857,2.9497
94.7962,0.6885,2.9634
94.7964,0.7095,3.0523
94.7966,0.7345,3.1611
94.7968,0.7057,3.0387
94.7970,0.7279,3.1313
94.7972,0.754,3.2422
94.7974,0.7765,3.3407
94.7976,0.7214,3.1034
94.7978,0.7231,3.1077
94.7980,0.7425,3.1957
94.7982,0.6928,2.9834
94.7984,0.6762,2.9089
94.7986,0.7379,3.1776
94.7988,0.6088,2.6239
94.7990,0.6293,2.7098
94.7992,0.6843,2.9454
94.7994,0.7245,3.1154
94.7996,0.6908,2.9733
94.7998,0.7113,3.0601
94.8000,0.717,3.0829
94.8002,0.7202,3.0968
94.8004,0.7165,3.0837
94.8006,0.7502,3.2287
94.8008,0.7388,3.1782
94.8010,0.6829,2.9392
94.8012,0.6758,2.9074
94.8014,0.6546,2.8187
94.8016,0.6325,2.7262
94.8018,0.6281,2.7058
94.8020,0.6069,2.6156
94.8022,0.5901,2.5433
94.8024,0.5779,2.4917
94.8026,0.5691,2.4551
94.8028,0.5661,2.4399
94.8030,0.5916,2.5453
94.8032,0.7032,3.0236
94.8034,0.6962,2.9979
94.8036,0.6581,2.8363
94.8038,0.633,2.727
94.8040,0.5735,2.4708
94.8042,0.5672,2.4457
94.8044,0.578,2.4899
94.8046,0.5562,2.3959
94.8048,0.5211,2.2482
94.8050,0.4775,2.0618
94.8052,0.4806,2.0733
94.8054,0.5467,2.3551
94.8056,0.6265,2.6979
94.8058,0.6652,2.8655
94.8060,0.6294,2.709
94.8062,0.6249,2.6869
94.8064,0.6735,2.8976
94.8066,0.7196,3.0986
94.8068,0.6763,2.9108
94.8070,0.6557,2.822
94.8072,0.6831,2.9375
94.8074,0.7357,3.1619
94.8076,0.7415,3.1886
94.8078,0.7454,3.2051
94.8080,0.6847,2.9442
94.8082,0.6864,2.9514
94.8084,0.7492,3.2186
94.8086,0.759,3.2654
94.8088,0.7395,3.1813
94.8090,0.7293,3.1345
94.8092,0.7201,3.0977
94.8094,0.7466,3.2088
94.8096,0.787,3.3793
94.8098,0.815,3.4982
94.8100,0.86,3.6929
94.8102,0.8397,3.6059
94.8104,0.8131,3.4915
94.8106,0.8036,3.4589
94.8108,0.7515,3.2284
94.8110,0.7638,3.286
94.8112,0.7473,3.2133
94.8114,0.7438,3.2014
94.8116,0.6432,2.7684
94.8118,0.6364,2.7415
94.8120,0.6439,2.774
94.8122,0.6704,2.8882
94.8124,0.602,2.5956
94.8126,0.5503,2.3717
94.8128,0.5473,2.3599
94.8130,0.5836,2.5084
94.8132,0.7261,3.1221
94.8134,0.6902,2.9734
94.8136,0.6964,2.9947
94.8138,0.7467,3.2078
94.8140,0.7786,3.3479
94.8142,0.7384,3.1796
94.8144,0.6906,2.975
94.8146,0.5981,2.5767
94.8148,0.5565,2.3997
94.8150,0.5499,2.3723
94.8152,0.5498,2.3718
94.8154,0.5491,2.3665
94.8156,0.5502,2.3734
94.8158,0.5458,2.3547
94.8160,0.5648,2.432
94.8162,0.605,2.6001
94.8164,0.7655,3.2871
94.8166,0.7449,3.206
94.8168,0.6487,2.7947
94.8170,0.6044,2.6024
94.8172,0.6174,2.6623
94.8174,0.5876,2.5324
94.8176,0.5848,2.5194
94.8178,0.5821,2.5063
94.8180,0.6105,2.6287
94.8182,0.6065,2.6116
94.8184,0.5884,2.5349
94.8186,0.591,2.5486
94.8188,0.5902,2.545
94.8190,0.592,2.5504
94.8192,0.5858,2.5258
94.8194,0.51,2.2011
94.8196,0.4859,2.0961
94.8198,0.5347,2.2991
94.8200,0.6056,2.6087
94.8202,0.5882,2.535
94.8204,0.553,2.3869
94.8206,0.4968,2.1412
94.8208,0.5576,2.4032
94.8210,0.5245,2.2627
94.8212,0.5252,2.2626
94.8214,0.586,2.5222
94.8216,0.6343,2.7289
94.8218,0.6425,2.7678
94.8220,0.6493,2.7973
94.8222,0.6361,2.7379
94.8224,0.5964,2.5683
94.8226,0.5731,2.4687
94.8228,0.6064,2.6123
94.8230,0.6024,2.5917
94.8232,0.6484,2.7867
94.8234,0.7634,3.2794
94.8236,0.7908,3.3974
94.8238,0.8179,3.5089
94.8240,0.8198,3.5237
94.8242,0.7986,3.4276
94.8244,0.8406,3.6078
94.8246,0.7509,3.2258
94.8248,0.8003,3.4348
94.8250,0.8869,3.8047
94.8252,0.9094,3.8977
94.8254,0.9618,4.1204
94.8256,1.0052,4.3064
94.8258,0.9901,4.2416
94.8260,0.9822,4.2038
94.8262,0.9661,4.1447
94.8264,0.9134,3.9183
94.8266,0.9196,3.9433
94.8268,0.933,4.0027
94.8270,0.9505,4.0759
94.8272,0.9294,3.9873
94.8274,0.9182,3.9353
94.8276,0.9007,3.8674
94.8278,0.8919,3.8263
94.8280,0.9251,3.9651
94.8282,0.9339,4.0044
94.8284,0.9162,3.9325
94.8286,0.9172,3.9385
94.8288,0.9426,4.0363
94.8290,1.001,4.2884
94.8292,0.9523,4.0836
94.8294,0.9834,4.2148
94.8296,1.013,4.3438
94.8298,1.0129,4.3433
94.8300,0.9579,4.1149
94.8302,0.8111,3.4877
94.8304,0.8165,3.506
94.8306,0.8805,3.7809
94.8308,0.8638,3.7093
94.8310,0.8083,3.479
94.8312,0.7715,3.3221
94.8314,0.7385,3.1772
94.8316,0.697,3.0015
94.8318,0.7114,3.0663
94.8320,0.6485,2.7924
94.8322,0.6668,2.87
94.8324,0.7388,3.1782
94.8326,0.7141,3.0762
94.8328,0.6396,2.7567
94.8330,0.6148,2.6522
94.8332,0.6107,2.6322
94.8334,0.6478,2.788
94.8336,0.6679,2.8787
94.8338,0.6425,2.7665
94.8340,0.6797,2.9225
94.8342,0.6644,2.8637
94.8344,0.5949,2.5663
94.8346,0.5833,2.5196
94.8348,0.5011,2.1638
94.8350,0.4864,2.0991
94.8352,0.4858,2.0975
94.8354,0.4808,2.0763
94.8356,0.474,2.0458
94.8358,0.4858,2.0975
94.8360,0.4874,2.1038
94.8362,0.4963,2.1431
94.8364,0.5,2.1601
94.8366,0.4449,1.9218
94.8368,0.4095,1.769
94.8370,0.4105,1.7732
94.8372,0.4445,1.9194
94.8374,0.4492,1.9387
94.8376,0.4469,1.928
94.8378,0.4493,1.9383
94.8380,0.4461,1.927
94.8382,0.4448,1.9213
94.8384,0.4454,1.923
94.8386,0.4506,1.944
94.8388,0.5002,2.1557
94.8390,0.5424,2.3365
94.8392,0.5864,2.5272
94.8394,0.5585,2.4062
94.8396,0.589,2.5339
94.8398,0.675,2.9051
94.8400,0.6727,2.898
94.8402,0.6445,2.7766
94.8404,0.5973,2.5731
94.8406,0.5767,2.4842
94.8408,0.6556,2.8202
94.8410,0.7228,3.1067
94.8412,0.7593,3.2604
94.8414,0.8309,3.5694
94.8416,0.7996,3.4398
94.8418,0.6985,3.0035
94.8420,0.6829,2.9419
94.8422,0.5988,2.5786
94.8424,0.598,2.575
94.8426,0.5656,2.4344
94.8428,0.6016,2.5905
94.8430,0.6024,2.5953
94.8432,0.5968,2.5746
94.8434,0.5617,2.4219
94.8436,0.5713,2.461
94.8438,0.5633,2.428
94.8440,0.5335,2.2993
94.8442,0.5758,2.4783
94.8444,0.6087,2.6246
94.8446,0.5117,2.2073
94.8448,0.5042,2.1732
94.8450,0.5277,2.2756
94.8452,0.5637,2.4296
94.8454,0.5408,2.333
94.8456,0.472,2.0361
94.8458,0.456,1.9682
94.8460,0.4489,1.9386
94.8462,0.4467,1.9269
94.8464,0.4543,1.96
94.8466,0.4642,2.0015
94.8468,0.5004,2.1597
94.8470,0.4918,2.1185
94.8472,0.5822,2.5022
94.8474,0.6686,2.8738
94.8476,0.6992,3.008
94.8478,0.6791,2.92
94.8480,0.6619,2.8502
94.8482,0.6961,2.9932
94.8484,0.6997,3.0086
94.8486,0.653,2.8107
94.8488,0.6642,2.86
94.8490,0.627,2.7012
94.8492,0.5841,2.5151
94.8494,0.5999,2.5796
94.8496,0.6888,2.9603
94.8498,0.7454,3.2066
94.8500,0.6918,2.9774
94.8502,0.6455,2.7795
94.8504,0.5986,2.5776
94.8506,0.5891,2.538
94.8508,0.591,2.5462
94.8510,0.6249,2.6894
94.8512,0.6315,2.7165
94.8514,0.6789,2.9167
94.8516,0.7156,3.0829
94.8518,0.5894,2.5413
94.8520,0.5196,2.2404
94.8522,0.5053,2.1779
94.8524,0.506,2.182
94.8526,0.5065,2.1841
94.8528,0.5362,2.3123
94.8530,0.5215,2.2487
94.8532,0.4926,2.1251
94.8534,0.4918,2.1214
94.8536,0.4876,2.0994
94.8538,0.5426,2.3408
94.8540,0.4972,2.1437
94.8542,0.5005,2.1542
94.8544,0.5454,2.3516
94.8546,0.4806,2.0714
94.8548,0.4832,2.0847
94.8550,0.4836,2.0853
94.8552,0.5267,2.2678
94.8554,0.5831,2.5121
94.8556,0.6178,2.6589
94.8558,0.6311,2.715
94.8560,0.628,2.7028
94.8562,0.6259,2.6928
94.8564,0.7003,3.0084
94.8566,0.7131,3.065
94.8568,0.7444,3.198
94.8570,0.7576,3.2562
94.8572,0.7295,3.1356
94.8574,0.7595,3.2553
94.8576,0.9094,3.8941
94.8578,0.9324,3.9945
94.8580,0.927,3.9733
94.8582,0.9028,3.8731
94.8584,0.9228,3.9571
94.8586,0.9538,4.0879
94.8588,0.9146,3.9217
94.8590,0.8809,3.7789
94.8592,0.9135,3.9097
94.8594,1.0011,4.2849
94.8596,0.9744,4.1704
94.8598,0.9779,4.1892
94.8600,0.9315,3.996
94.8602,0.9057,3.8909
94.8604,0.8261,3.5505
94.8606,0.7957,3.4137
94.8608,0.8547,3.6634
94.8610,0.9238,3.9613
94.8612,0.9043,3.8811
94.8614,0.8444,3.6276
94.8616,0.8146,3.4977
94.8618,0.8269,3.5557
94.8620,0.6753,2.9053
94.8622,0.6966,2.9966
94.8624,0.7122,3.0594
94.8626,0.7527,3.2365
94.8628,0.7027,3.0215
94.8630,0.7177,3.0874
94.8632,0.7234,3.1151
94.8634,0.7008,3.0161
94.8636,0.7,3.0116
94.8638,0.7168,3.0852
94.8640,0.699,3.0083
94.8642,0.7214,3.1049
94.8644,0.6783,2.9182
94.8646,0.6858,2.9502
94.8648,0.7119,3.0698
94.8650,0.6071,2.6142
94.8652,0.6533,2.8143
94.8654,0.589,2.5386
94.8656,0.5626,2.4249
94.8658,0.6017,2.5886
94.8660,0.704,3.0244
94.8662,0.6422,2.7642
94.8664,0.6783,2.9169
94.8666,0.6896,2.9681
94.8668,0.6713,2.8878
94.8670,0.6246,2.6909
94.8672,0.5991,2.5808
94.8674,0.5842,2.5168
94.8676,0.5804,2.5002
94.8678,0.59,2.5392
94.8680,0.6516,2.8058
94.8682,0.6733,2.8979
94.8684,0.6577,2.8295
94.8686,0.6397,2.7585
94.8688,0.5456,2.3526
94.8690,0.5338,2.2998
94.8692,0.5432,2.3401
94.8694,0.6516,2.8045
94.8696,0.7395,3.1769
94.8698,0.7503,3.2262
94.8700,0.7096,3.0543
94.8702,0.7,3.0116
94.8704,0.734,3.1546
94.8706,0.687,2.954
94.8708,0.6388,2.7531
94.8710,0.5914,2.549
94.8712,0.5782,2.4898
94.8714,0.6485,2.7911
94.8716,0.6964,2.9961
94.8718,0.6583,2.836
94.8720,0.5909,2.5433
94.8722,0.5878,2.5323
94.8724,0.5942,2.5608
94.8726,0.6424,2.7609
94.8728,0.7493,3.2221
94.8730,0.6828,2.94
94.8732,0.6725,2.8943
94.8734,0.657,2.8238
94.8736,0.6753,2.908
94.8738,0.65,2.7978
94.8740,0.6522,2.8058
94.8742,0.6685,2.8786
94.8744,0.6502,2.8009
94.8746,0.6454,2.7789
94.8748,0.6553,2.8179
94.8750,0.6616,2.846
94.8752,0.6437,2.7743
94.8754,0.5752,2.478
94.8756,0.5657,2.4372
94.8758,0.5988,2.5738
94.8760,0.746,3.2077
94.8762,0.7279,3.1371
94.8764,0.6263,2.6943
94.8766,0.6221,2.6788
94.8768,0.6113,2.6311
94.8770,0.5962,2.5672
94.8772,0.6563,2.8259
94.8774,0.581,2.5028
94.8776,0.5457,2.3531
94.8778,0.5436,2.3438
94.8780,0.5421,2.3355
94.8782,0.5444,2.3474
94.8784,0.5485,2.3628
94.8786,0.5444,2.3453
94.8788,0.547,2.3566
94.8790,0.5494,2.367
94.8792,0.5683,2.4481
94.8794,0.6502,2.7983
94.8796,0.683,2.937
94.8798,0.6635,2.8569
94.8800,0.6283,2.7056
94.8802,0.6578,2.8274
94.8804,0.6954,2.9901
94.8806,0.7078,3.0423
94.8808,0.7255,3.1195
94.8810,0.7135,3.0708
94.8812,0.6644,2.8597
94.8814,0.6588,2.8341
94.8816,0.6129,2.6415
94.8818,0.56,2.4147
94.8820,0.5629,2.4237
94.8822,0.6027,2.5891
94.8824,0.6787,2.9198
94.8826,0.7401,3.178
94.8828,0.7377,3.1765
94.8830,0.6526,2.8099
94.8832,0.646,2.7776
94.8834,0.6346,2.7312
94.8836,0.6744,2.8985
94.8838,0.713,3.0687
94.8840,0.6367,2.7405
94.8842,0.6775,2.916
94.8844,0.6558,2.8239
94.8846,0.6339,2.7268
94.8848,0.6255,2.6945
94.8850,0.6337,2.7276
94.8852,0.6451,2.7753
94.8854,0.6707,2.8825
94.8856,0.6791,2.9267
94.8858,0.554,2.3866
94.8860,0.5479,2.3613
94.8862,0.5503,2.3706
94.8864,0.5705,2.4579
94.8866,0.5427,2.337
94.8868,0.5934,2.553
94.8870,0.6382,2.7467
94.8872,0.6083,2.6194
94.8874,0.6084,2.6211
94.8876,0.5968,2.571
94.8878,0.6024,2.5965
94.8880,0.6065,2.6116
94.8882,0.6385,2.7457
94.8884,0.6789,2.9154
94.8886,0.7093,3.0513
94.8888,0.6857,2.9497
94.8890,0.7343,3.1547
94.8892,0.7876,3.385
94.8894,0.8142,3.4929
94.8896,0.8246,3.5443
94.8898,0.8001,3.4354
94.8900,0.8389,3.5972
94.8902,0.8668,3.717
94.8904,0.8596,3.6879
94.8906,0.8533,3.664
94.8908,0.8526,3.6609
94.8910,0.852,3.6567
94.8912,0.8779,3.7626
94.8914,0.9391,4.0271
94.8916,0.9284,3.9808
94.8918,0.969,4.1532
94.8920,0.9845,4.2175
94.8922,0.9692,4.1561
94.8924,0.9978,4.2765
94.8926,0.9634,4.1271
94.8928,0.9853,4.2211
94.8930,1.0296,4.4045
94.8932,1.1079,4.735
94.8934,1.1374,4.8679
94.8936,1.0852,4.6425
94.8938,1.1211,4.7981
94.8940,1.1471,4.9049
94.8942,1.0364,4.442
94.8944,0.9817,4.2116
94.8946,0.9272,3.9794
94.8948,0.892,3.8268
94.8950,0.7998,3.444
94.8952,0.7195,3.0995
94.8954,0.7191,3.0951
94.8956,0.6743,2.9115
94.8958,0.5515,2.378
94.8960,0.6307,2.7134
94.8962,0.6527,2.8131
94.8964,0.6106,2.6304
94.8966,0.6153,2.6481
94.8968,0.6564,2.8238
94.8970,0.7086,3.0511
94.8972,0.613,2.6408
94.8974,0.6265,2.6991
94.8976,0.6216,2.6755
94.8978,0.6906,2.9736
94.8980,0.6137,2.6451
94.8982,0.6227,2.6838
94.8984,0.6586,2.8331
94.8986,0.6703,2.8837
94.8988,0.7126,3.0658
94.8990,0.7485,3.223
94.8992,0.6257,2.6943
94.8994,0.6419,2.7588
94.8996,0.7373,3.172
94.8998,0.718,3.0904
94.9000,0.695,2.9927
94.9002,0.645,2.7774
94.9004,0.6354,2.7386
94.9006,0.5504,2.3755
94.9008,0.5137,2.213
94.9010,0.6015,2.5924
94.9012,0.5952,2.5703
94.9014,0.5412,2.3292
94.9016,0.6193,2.6719
94.9018,0.5975,2.5729
94.9020,0.5895,2.5419
94.9022,0.5408,2.3341
94.9024,0.5127,2.212
94.9026,0.5781,2.4893
94.9028,0.5946,2.5665
94.9030,0.5039,2.1727
94.9032,0.5072,2.1882
94.9034,0.4629,2.0005
94.9036,0.4084,1.766
94.9038,0.3994,1.7239
94.9040,0.4416,1.9087
94.9042,0.4549,1.9635
94.9044,0.4684,2.0224
94.9046,0.4349,1.8745
94.9048,0.5316,2.29
94.9050,0.5801,2.4969
94.9052,0.5974,2.576
94.9054,0.566,2.4405
94.9056,0.5931,2.5538
94.9058,0.5713,2.4633
94.9060,0.5548,2.3902
94.9062,0.5566,2.3968
94.9064,0.5876,2.5324
94.9066,0.5914,2.5454
94.9068,0.6358,2.7338
94.9070,0.6666,2.8663
94.9072,0.7233,3.1117
94.9074,0.7346,3.1572
94.9076,0.7118,3.0621
94.9078,0.6559,2.8218
94.9080,0.7108,3.0566
94.9082,0.7538,3.2427
94.9084,0.7041,3.0277
94.9086,0.6931,2.9803
94.9088,0.712,3.0603
94.9090,0.7737,3.3252
94.9092,0.7859,3.3762
94.9094,0.8174,3.5101
94.9096,0.7376,3.1745
94.9098,0.6653,2.8633
94.9100,0.6643,2.8579
94.9102,0.646,2.7828
94.9104,0.6559,2.8244
94.9106,0.6528,2.8083
94.9108,0.672,2.8949
94.9110,0.6462,2.7774
94.9112,0.7334,3.1535
94.9114,0.6219,2.6815
94.9116,0.4901,2.1142
94.9118,0.4709,2.0324
94.9120,0.5065,2.183
94.9122,0.5233,2.2575
94.9124,0.4824,2.083
94.9126,0.4768,2.0577
94.9128,0.4749,2.0476
94.9130,0.477,2.0569
94.9132,0.4734,2.0423
94.9134,0.5107,2.2001
94.9136,0.5648,2.4308
94.9138,0.6407,2.7588
94.9140,0.6373,2.7431
94.9142,0.6032,2.5984
94.9144,0.5421,2.3387
94.9146,0.4705,2.0308
94.9148,0.4594,1.9818
94.9150,0.4535,1.9564
94.9152,0.4759,2.0522
94.9154,0.5421,2.3365
94.9156,0.5703,2.4546
94.9158,0.6312,2.7142
94.9160,0.6798,2.9244
94.9162,0.6764,2.9113
94.9164,0.6192,2.6627
94.9166,0.6472,2.7841
94.9168,0.6601,2.8438
94.9170,0.6155,2.6491
94.9172,0.6432,2.7671
94.9174,0.6851,2.9499
94.9176,0.6074,2.614
94.9178,0.594,2.5591
94.9180,0.5886,2.5359
94.9182,0.5509,2.3743
94.9184,0.4927,2.1276
94.9186,0.4849,2.0929
94.9188,0.4828,2.0817
94.9190,0.4806,2.0724
94.9192,0.4861,2.0971
94.9194,0.4924,2.123
94.9196,0.4853,2.0925
94.9198,0.4864,2.0962
94.9200,0.5355,2.306
94.9202,0.6209,2.6699
94.9204,0.6628,2.8551
94.9206,0.6003,2.5884
94.9208,0.5262,2.2678
94.9210,0.4999,2.1546
94.9212,0.5022,2.1624
94.9214,0.5862,2.522
94.9216,0.6466,2.7802
94.9218,0.637,2.739
94.9220,0.647,2.781
94.9222,0.7304,3.1333
94.9224,0.8147,3.4999
94.9226,0.7672,3.2989
94.9228,0.6899,2.965
94.9230,0.6889,2.9622
94.9232,0.7087,3.0445
94.9234,0.7188,3.0849
94.9236,0.7674,3.2969
94.9238,0.7913,3.3963
94.9240,0.8382,3.5958
94.9242,0.8555,3.6716
94.9244,0.7954,3.4153
94.9246,0.7857,3.3752
94.9248,0.8012,3.439
94.9250,0.8052,3.4527
94.9252,0.8297,3.5626
94.9254,0.8053,3.4581
94.9256,0.8348,3.5847
94.9258,0.8254,3.5424
94.9260,0.8546,3.6629
94.9262,0.8944,3.8353
94.9264,0.8766,3.7587
94.9266,0.8662,3.7127
94.9268,0.8746,3.7487
94.9270,0.9058,3.8859
94.9272,0.9461,4.0512
94.9274,0.9836,4.2178
94.9276,0.9323,3.9978
94.9278,0.8888,3.8076
94.9280,0.9296,3.9822
94.9282,0.933,4.0027
94.9284,0.9219,3.9586
94.9286,0.8736,3.7545
94.9288,0.8113,3.4854
94.9290,0.763,3.2794
94.9292,0.7743,3.3278
94.9294,0.7725,3.3216
94.9296,0.7233,3.1102
94.9298,0.6854,2.9487
94.9300,0.7096,3.0543
94.9302,0.7093,3.0471
94.9304,0.7764,3.3386
94.9306,0.7656,3.2907
94.9308,0.7977,3.4251
94.9310,0.8159,3.5034
94.9312,0.7824,3.3629
94.9314,0.7351,3.1637
94.9316,0.7562,3.2576
94.9318,0.7102,3.0526
94.9320,0.7208,3.098
94.9322,0.7569,3.2561
94.9324,0.6586,2.8318
94.9326,0.6943,2.9882
94.9328,0.6598,2.8409
94.9330,0.6827,2.9368
94.9332,0.7006,3.017
94.9334,0.6761,2.9111
94.9336,0.7017,3.016
94.9338,0.7526,3.236
94.9340,0.7461,3.2082
94.9342,0.7502,3.2242
94.9344,0.7456,3.2046
94.9346,0.714,3.0729
94.9348,0.6602,2.8456
94.9350,0.6698,2.8843
94.9352,0.6563,2.8259
94.9354,0.5825,2.5119
94.9356,0.5734,2.4703
94.9358,0.6376,2.7428
94.9360,0.7377,3.1706
94.9362,0.669,2.8807
94.9364,0.5907,2.547
94.9366,0.5708,2.4623
94.9368,0.5637,2.4296
94.9370,0.5686,2.4496
94.9372,0.5758,2.4795
94.9374,0.603,2.6027
94.9376,0.4884,2.1079
94.9378,0.4814,2.075
94.9380,0.5491,2.3643
94.9382,0.6299,2.7136
94.9384,0.6369,2.741
94.9386,0.6343,2.7327
94.9388,0.6352,2.7351
94.9390,0.6379,2.7444
94.9392,0.6762,2.9076
94.9394,0.7237,3.1118
94.9396,0.6795,2.9247
94.9398,0.6544,2.815
94.9400,0.7132,3.0683
94.9402,0.7505,3.2243
94.9404,0.8351,3.5841
94.9406,0.8245,3.552
94.9408,0.6564,2.8251
94.9410,0.6376,2.7441
94.9412,0.6324,2.7194
94.9414,0.6636,2.8561
94.9416,0.7197,3.0976
94.9418,0.7358,3.1624
94.9420,0.7381,3.1736
94.9422,0.704,3.0328
94.9424,0.6336,2.7271
94.9426,0.7833,3.3586
94.9428,0.8821,3.7911
94.9430,0.7283,3.1377
94.9432,0.6419,2.7653
94.9434,0.6238,2.6872
94.9436,0.6137,2.6426
94.9438,0.6142,2.6435
94.9440,0.6114,2.634
94.9442,0.6214,2.6707
94.9444,0.7038,3.0318
94.9446,0.5918,2.5529
94.9448,0.5349,2.3066
94.9450,0.5372,2.3153
94.9452,0.5472,2.3604
94.9454,0.5407,2.3314
94.9456,0.5355,2.307
94.9458,0.5526,2.3782
94.9460,0.7029,3.0226
94.9462,0.6811,2.926
94.9464,0.6839,2.9461
94.9466,0.648,2.7916
94.9468,0.6672,2.8702
94.9470,0.7096,3.0472
94.9472,0.7788,3.3443
94.9474,0.7724,3.3165
94.9476,0.7935,3.415
94.9478,0.6938,2.9862
94.9480,0.6834,2.9372
94.9482,0.6975,2.9994
94.9484,0.7389,3.1773
94.9486,0.7095,3.0523
94.9488,0.6725,2.8943
94.9490,0.6397,2.7521
94.9492,0.7096,3.0458
94.9494,0.8299,3.5686
94.9496,0.7353,3.1647
94.9498,0.7487,3.2195
94.9500,0.76,3.2634
94.9502,0.7504,3.2328
94.9504,0.6167,2.6592
94.9506,0.5849,2.5199
94.9508,0.6114,2.6316
94.9510,0.625,2.6899
94.9512,0.6203,2.6723
94.9514,0.6056,2.6099
94.9516,0.5982,2.5796
94.9518,0.592,2.5492
94.9520,0.5846,2.5218
94.9522,0.5016,2.1649
94.9524,0.4952,2.1345
94.9526,0.5594,2.4065
94.9528,0.6487,2.796
94.9530,0.549,2.3704
94.9532,0.5005,2.1602
94.9534,0.4981,2.1489
94.9536,0.4957,2.1385
94.9538,0.4931,2.1281
94.9540,0.4969,2.1437
94.9542,0.4958,2.138
94.9544,0.5053,2.1769
94.9546,0.5994,2.5836
94.9548,0.5949,2.5628
94.9550,0.5849,2.521
94.9552,0.5733,2.4732
94.9554,0.5187,2.2347
94.9556,0.5538,2.3856
94.9558,0.6358,2.7338
94.9560,0.6813,2.9311
94.9562,0.5979,2.5733
94.9564,0.6051,2.6006
94.9566,0.7241,3.1138
94.9568,0.7191,3.0936
94.9570,0.6949,2.9894
94.9572,0.6928,2.9793
94.9574,0.7346,3.1513
94.9576,0.8552,3.6637
94.9578,0.8244,3.5465
94.9580,0.7028,3.0221
94.9582,0.7566,3.2521
94.9584,0.7622,3.2742
94.9586,0.7947,3.4107
94.9588,0.8315,3.567
94.9590,0.8267,3.5481
94.9592,0.826,3.5433
94.9594,0.8629,3.7001
94.9596,0.8707,3.737
94.9598,0.9363,4.0129
94.9600,0.9535,4.0792
94.9602,0.9981,4.28
94.9604,0.9521,4.0807
94.9606,0.9642,4.1307
94.9608,0.9697,4.1562
94.9610,0.9436,4.0423
94.9612,0.9497,4.0761
94.9614,0.8032,3.4617
94.9616,0.6192,2.6651
94.9618,0.656,2.8262
94.9620,0.6378,2.7451
94.9622,0.7038,3.0304
94.9624,0.6156,2.6509
94.9626,0.5997,2.587
94.9628,0.5526,2.3826
94.9630,0.5684,2.4497
94.9632,0.5267,2.272
94.9634,0.5786,2.4913
94.9636,0.6568,2.8267
94.9638,0.6644,2.8597
94.9640,0.6582,2.8289
94.9642,0.7011,3.0162
94.9644,0.6509,2.8027
94.9646,0.6931,2.9844
94.9648,0.6497,2.7988
94.9650,0.5999,2.582
94.9652,0.643,2.7686
94.9654,0.6663,2.8653
94.9656,0.7092,3.048
94.9658,0.7448,3.1995
94.9660,0.746,3.2092
94.9662,0.7068,3.0433
94.9664,0.5816,2.5077
94.9666,0.5944,2.5583
94.9668,0.6533,2.8117
94.9670,0.6774,2.9168
94.9672,0.6902,2.9652
94.9674,0.7017,3.0188
94.9676,0.6948,2.9917
94.9678,0.6486,2.7942
94.9680,0.6027,2.5975
94.9682,0.6304,2.7144
94.9684,0.6842,2.9435
94.9686,0.6425,2.7691
94.9688,0.5805,2.5008
94.9690,0.5982,2.5772
94.9692,0.6071,2.6142
94.9694,0.6016,2.5929
94.9696,0.6229,2.6836
94.9698,0.6131,2.6388
94.9700,0.6359,2.742
94.9702,0.5565,2.3997
94.9704,0.5859,2.5205
94.9706,0.6539,2.8117
94.9708,0.6481,2.7908
94.9710,0.6214,2.6782
94.9712,0.5613,2.4237
94.9714,0.497,2.1442
94.9716,0.5023,2.164
94.9718,0.5247,2.2637
94.9720,0.4982,2.1504
94.9722,0.492,2.1215
94.9724,0.5213,2.2435
94.9726,0.6221,2.6775
94.9728,0.641,2.7629
94.9730,0.5962,2.566
94.9732,0.656,2.8236
94.9734,0.6163,2.6528
94.9736,0.6276,2.705
94.9738,0.6052,2.6048
94.9740,0.606,2.6084
94.9742,0.6643,2.8605
94.9744,0.592,2.5551
94.9746,0.4498,1.9404
94.9748,0.4795,2.0725
94.9750,0.4322,1.8643
94.9752,0.4643,2.0021
94.9754,0.4587,1.9805
94.9756,0.4583,1.978
94.9758,0.4739,2.0415
94.9760,0.5509,2.3743
94.9762,0.4954,2.138
94.9764,0.4701,2.0288
94.9766,0.46,1.9834
94.9768,0.5029,2.1665
94.9770,0.5289,2.2818
94.9772,0.4415,1.9047
94.9774,0.4344,1.8733
94.9776,0.434,1.873
94.9778,0.4335,1.8718
94.9780,0.4318,1.8628
94.9782,0.4372,1.8878
94.9784,0.4347,1.8769
94.9786,0.4329,1.8683
94.9788,0.4336,1.8697
94.9790,0.4316,1.8626
94.9792,0.4343,1.8737
94.9794,0.4349,1.8762
94.9796,0.4352,1.8773
94.9798,0.436,1.8835
94.9800,0.4376,1.8885
94.9802,0.49,2.1107
94.9804,0.5456,2.3461
94.9806,0.6295,2.707
94.9808,0.6663,2.8666
94.9810,0.6725,2.8929
94.9812,0.6132,2.6393
94.9814,0.5293,2.2834
94.9816,0.4673,2.015
94.9818,0.4597,1.9815
94.9820,0.4776,2.0585
94.9822,0.522,2.2497
94.9824,0.5605,2.4122
94.9826,0.5725,2.4616
94.9828,0.6064,2.6099
94.9830,0.5791,2.4911
94.9832,0.5485,2.3639
94.9834,0.5234,2.2549
94.9836,0.5275,2.2767
94.9838,0.459,1.9793
94.9840,0.4583,1.9753
94.9842,0.4632,1.9965
94.9844,0.4939,2.1298
94.9846,0.4545,1.9606
94.9848,0.4834,2.0833
94.9850,0.5031,2.1706
94.9852,0.4571,1.9729
94.9854,0.4407,1.9028
94.9856,0.4205,1.8133
94.9858,0.415,1.7904
94.9860,0.4147,1.7888
94.9862,0.4786,2.0617
94.9864,0.5025,2.163
94.9866,0.5438,2.3394
94.9868,0.5806,2.5001
94.9870,0.6063,2.6082
94.9872,0.6197,2.666
94.9874,0.5919,2.5498
94.9876,0.5181,2.2311
94.9878,0.546,2.3465
94.9880,0.6269,2.6944
94.9882,0.6663,2.8666
94.9884,0.5707,2.4584
94.9886,0.494,2.1283
94.9888,0.5046,2.1738
94.9890,0.536,2.307
94.9892,0.5809,2.4953
94.9894,0.6905,2.9593
94.9896,0.8197,3.5133
94.9898,0.8194,3.5134
94.9900,0.8192,3.5145
94.9902,0.8327,3.5721
94.9904,0.8254,3.5424
94.9906,0.8221,3.5269
94.9908,0.822,3.5231
94.9910,0.8498,3.6406
94.9912,0.8677,3.7171
94.9914,0.9308,3.9855
94.9916,0.938,4.0182
94.9918,0.9435,4.0399
94.9920,0.9592,4.111
94.9922,0.9593,4.1058
94.9924,1.0412,4.4459
94.9926,1.1021,4.7104
94.9928,1.0695,4.5689
94.9930,1.0809,4.624
94.9932,1.0679,4.5622
94.9934,1.1059,4.729
94.9936,1.1039,4.7269
94.9938,1.0398,4.4543
94.9940,0.9238,3.9613
94.9942,0.904,3.8728
94.9944,0.9775,4.1838
94.9946,1.0344,4.4333
94.9948,0.9356,4.0098
94.9950,0.8917,3.8235
94.9952,0.8773,3.767
94.9954,0.8377,3.5937
94.9956,0.9099,3.9034
94.9958,0.8784,3.7646
94.9960,0.9345,4.0089
94.9962,0.9031,3.8759
94.9964,0.9188,3.9397
94.9966,0.9257,3.9676
94.9968,0.9953,4.2637
94.9970,1.0328,4.4348
94.9972,0.8521,3.6606
94.9974,0.819,3.5135
94.9976,0.8718,3.7398
94.9978,0.8855,3.8061
94.9980,0.7572,3.2592
94.9982,0.7203,3.0973
94.9984,0.757,3.2521
94.9986,0.8069,3.4664
94.9988,0.8275,3.5533
94.9990,0.7901,3.3974
94.9992,0.781,3.3551
94.9994,0.8303,3.5668
94.9996,0.8154,3.5062
94.9998,0.7925,3.4062
95.0000,0.8176,3.5155
95.0002,0.7917,3.401
95.0004,0.8052,3.4624
95.0006,0.7578,3.2572
95.0008,0.7701,3.3098
95.0010,0.73,3.1406
95.0012,0.6895,2.9676
95.0014,0.7245,3.1183
95.0016,0.7051,3.0347
95.0018,0.6821,2.9342
95.0020,0.7298,3.1351
95.0022,0.7692,3.3077
95.0024,0.7299,3.1357
95.0026,0.8069,3.4664
95.0028,0.8162,3.5098
95.0030,0.7677,3.3041
95.0032,0.7046,3.0354
95.0034,0.6823,2.9366
95.0036,0.6794,2.9215
95.0038,0.7197,3.1005
95.0040,0.6375,2.7461
95.0042,0.6069,2.6132
95.0044,0.6933,2.9827
95.0046,0.7268,3.1281
95.0048,0.696,2.9913
95.0050,0.7871,3.383
95.0052,0.7683,3.3036
95.0054,0.749,3.2191
95.0056,0.7227,3.1076
95.0058,0.7465,3.2068
95.0060,0.8525,3.6604
95.0062,0.9432,4.0408
95.0064,0.9667,4.1511
95.0066,0.8647,3.7164
95.0068,0.8207,3.524
95.0070,0.8216,3.5281
95.0072,0.851,3.6594
95.0074,0.8238,3.5407
95.0076,0.8595,3.6908
95.0078,0.831,3.5699
95.0080,0.8619,3.7046
95.0082,0.8391,3.6033
95.0084,0.8306,3.57
95.0086,0.7944,3.4128
95.0088,0.7984,3.4346
95.0090,0.8164,3.5071
95.0092,0.9186,3.9373
95.0094,0.9792,4.1988
95.0096,0.9595,4.1164
95.0098,0.9114,3.9156
95.0100,0.8252,3.5469
95.0102,0.7227,3.1134
95.0104,0.6602,2.8456
95.0106,0.6433,2.7753
95.0108,0.6151,2.6451
95.0110,0.7304,3.145
95.0112,0.6684,2.8848
95.0114,0.5627,2.4266
95.0116,0.5575,2.4027
95.0118,0.5769,2.4876
95.0120,0.5551,2.3957
95.0122,0.5462,2.3585
95.0124,0.5473,2.3566
95.0126,0.6891,2.9702
95.0128,0.5952,2.5667
95.0130,0.5413,2.3362
95.0132,0.5384,2.3238
95.0134,0.5473,2.3577
95.0136,0.6138,2.6431
95.0138,0.6888,2.9645
95.0140,0.7185,3.0925
95.0142,0.7423,3.1976
95.0144,0.6351,2.7383
95.0146,0.5635,2.4308
95.0148,0.5565,2.4008
95.0150,0.5891,2.5344
95.0152,0.6985,3.0091
95.0154,0.6451,2.7792
95.0156,0.6318,2.7244
95.0158,0.65,2.7952
95.0160,0.7866,3.3793
95.0162,0.7638,3.283
95.0164,0.767,3.2979
95.0166,0.7417,3.1906
95.0168,0.7601,3.2731
95.0170,0.7126,3.0643
95.0172,0.7274,3.1321
95.0174,0.6605,2.8466
95.0176,0.6889,2.9664
95.0178,0.6963,2.9984
95.0180,0.618,2.6649
95.0182,0.598,2.5786
95.0184,0.5925,2.556
95.0186,0.5109,2.2052
95.0188,0.4924,2.127
95.0190,0.4908,2.1183
95.0192,0.5454,2.3505
95.0194,0.5695,2.4567
95.0196,0.4956,2.139
95.0198,0.4878,2.1063
95.0200,0.4878,2.1034
95.0202,0.4888,2.1105
95.0204,0.4892,2.1135
95.0206,0.4872,2.1018
95.0208,0.4884,2.106
95.0210,0.5527,2.3809
95.0212,0.6841,2.943
95.0214,0.677,2.9112
95.0216,0.6334,2.7298
95.0218,0.5479,2.3646
95.0220,0.4951,2.1359
95.0222,0.5168,2.2275
95.0224,0.5603,2.4162
95.0226,0.6123,2.6352
95.0228,0.6962,2.9937
95.0230,0.7625,3.2758
95.0232,0.7648,3.2856
95.0234,0.7576,3.2577
95.0236,0.7604,3.2711
95.0238,0.7225,3.1037
95.0240,0.7871,3.3798
95.0242,0.878,3.7701
95.0244,0.869,3.7315
95.0246,0.8701,3.7292
95.0248,0.9039,3.8777
95.0250,0.9069,3.8906
95.0252,0.9326,3.9951
95.0254,0.9583,4.1055
95.0256,0.9836,4.2159
95.0258,0.9874,4.2338
95.0260,0.9677,4.1475
95.0262,1.001,4.2844
95.0264,1.0731,4.5907
95.0266,1.0898,4.662
95.0268,1.1183,4.7841
95.0270,1.1358,4.8612
95.0272,1.1154,4.774
95.0274,1.1119,4.7591
95.0276,1.0764,4.618
95.0278,0.9015,3.871
95.0280,0.8751,3.756
95.0282,0.9156,3.9281
95.0284,0.8838,3.8037
95.0286,0.7364,3.1738
95.0288,0.6641,2.8608
95.0290,0.6467,2.7898
95.0292,0.6054,2.6082
95.0294,0.6864,2.9569
95.0296,0.6324,2.7244
95.0298,0.6189,2.6673
95.0300,0.6222,2.6768
95.0302,0.7243,3.1143
95.0304,0.7846,3.3753
95.0306,0.7358,3.1683
95.0308,0.6894,2.9671
95.0310,0.7213,3.1058
95.0312,0.7442,3.1999
95.0314,0.7027,3.0272
95.0316,0.6156,2.6509
95.0318,0.6816,2.9294
95.0320,0.7593,3.2664
95.0322,0.7323,3.1562
95.0324,0.6372,2.7438
95.0326,0.6414,2.7619
95.0328,0.6611,2.8426
95.0330,0.6883,2.9652
95.0332,0.6156,2.6595
95.0334,0.509,2.1959
95.0336,0.5579,2.407
95.0338,0.5671,2.4452
95.0340,0.6136,2.6433
95.0342,0.5835,2.516
95.0344,0.507,2.1882
95.0346,0.5099,2.1985
95.0348,0.5679,2.4465
95.0350,0.575,2.4816
95.0352,0.58,2.501
95.0354,0.5713,2.4644
95.0356,0.5656,2.4367
95.0358,0.6297,2.71
95.0360,0.611,2.6344
95.0362,0.5944,2.5607
95.0364,0.601,2.5903
95.0366,0.5793,2.4968
95.0368,0.5343,2.3072
95.0370,0.4956,2.138
95.0372,0.5371,2.3159
95.0374,0.5496,2.3675
95.0376,0.5894,2.5437
95.0378,0.5047,2.1773
95.0380,0.4794,2.0691
95.0382,0.4926,2.1251
95.0384,0.5271,2.274
95.0386,0.501,2.1653
95.0388,0.4178,1.8056
95.0390,0.4001,1.7262
95.0392,0.5141,2.2136
95.0394,0.5763,2.485
95.0396,0.4988,2.155
95.0398,0.4479,1.933
95.0400,0.4419,1.9062
95.0402,0.4511,1.9488
95.0404,0.4498,1.9431
95.0406,0.442,1.9068
95.0408,0.4738,2.0448
95.0410,0.468,2.0181
95.0412,0.537,2.3122
95.0414,0.5806,2.5001
95.0416,0.5595,2.4104
95.0418,0.542,2.3371
95.0420,0.4934,2.1307
95.0422,0.4529,1.9547
95.0424,0.4507,1.9445
95.0426,0.4967,2.1397
95.0428,0.5776,2.4884
95.0430,0.5662,2.4404
95.0432,0.5533,2.3824
95.0434,0.5588,2.4073
95.0436,0.5614,2.4209
95.0438,0.5526,2.3793
95.0440,0.5463,2.3557
95.0442,0.4991,2.153
95.0444,0.4516,1.95
95.0446,0.4487,1.9357
95.0448,0.4449,1.9183
95.0450,0.456,1.9664
95.0452,0.4581,1.9761
95.0454,0.4466,1.9273
95.0456,0.4854,2.094
95.0458,0.4516,1.9472
95.0460,0.4548,1.963
95.0462,0.4715,2.035
95.0464,0.4631,1.996
95.0466,0.4948,2.1304
95.0468,0.5726,2.4644
95.0470,0.658,2.8305
95.0472,0.6388,2.7518
95.0474,0.6099,2.6237
95.0476,0.7,3.0102
95.0478,0.6919,2.9751
95.0480,0.6646,2.8602
95.0482,0.6265,2.6979
95.0484,0.5811,2.5022
95.0486,0.5557,2.3949
95.0488,0.5355,2.307
95.0490,0.5817,2.5048
95.0492,0.5716,2.4637
95.0494,0.5496,2.3642
95.0496,0.5597,2.4103
95.0498,0.546,2.3531
95.0500,0.5541,2.386
95.0502,0.5428,2.3375
95.0504,0.531,2.2885
95.0506,0.5671,2.444
95.0508,0.6129,2.6378
95.0510,0.5709,2.4606
95.0512,0.4916,2.1209
95.0514,0.5273,2.2725
95.0516,0.4904,2.1128
95.0518,0.4848,2.0895
95.0520,0.509,2.1919
95.0522,0.5783,2.4915
95.0524,0.5599,2.4097
95.0526,0.6047,2.6087
95.0528,0.5045,2.1753
95.0530,0.4962,2.1406
95.0532,0.4114,1.7757
95.0534,0.3817,1.6473
95.0536,0.3768,1.6269
95.0538,0.3784,1.6349
95.0540,0.3811,1.6425
95.0542,0.48,2.0679
95.0544,0.5265,2.2704
95.0546,0.5108,2.2006
95.0548,0.5073,2.1856
95.0550,0.5079,2.1892
95.0552,0.5103,2.1986
95.0554,0.5132,2.211
95.0556,0.5467,2.3562
95.0558,0.5656,2.4367
95.0560,0.5987,2.5733
95.0562,0.6774,2.9114
95.0564,0.6683,2.8709
95.0566,0.7078,3.0409
95.0568,0.784,3.3617
95.0570,0.8307,3.5623
95.0572,0.8219,3.5291
95.0574,0.7078,3.0395
95.0576,0.7833,3.3602
95.0578,0.8329,3.5748
95.0580,0.807,3.4604
95.0582,0.8095,3.4712
95.0584,0.8387,3.5928
95.0586,0.8835,3.7885
95.0588,0.8655,3.7148
95.0590,0.855,3.6644
95.0592,0.9269,3.9672
95.0594,0.9559,4.0933
95.0596,0.9787,4.1889
95.0598,1.0701,4.5736
95.0600,1.101,4.7058
95.0602,1.0755,4.5988
95.0604,1.0669,4.5704
95.0606,1.0181,4.3674
95.0608,0.9206,3.9474
95.0610,0.8666,3.7212
95.0612,0.8642,3.704
95.0614,0.8654,3.7178
95.0616,0.7977,3.4235
95.0618,0.8653,3.7103
95.0620,0.871,3.7385
95.0622,0.8316,3.5708
95.0624,0.8309,3.5678
95.0626,0.8483,3.6458
95.0628,0.7715,3.3144
95.0630,0.7488,3.2171
95.0632,0.8076,3.4679
95.0634,0.813,3.4992
95.0636,0.7044,3.0273
95.0638,0.7269,3.1271
95.0640,0.7482,3.2145
95.0642,0.7303,3.1431
95.0644,0.6976,2.9985
95.0646,0.7624,3.2768
95.0648,0.7028,3.0221
95.0650,0.753,3.2411
95.0652,0.7582,3.2588
95.0654,0.793,3.4066
95.0656,0.7918,3.4031
95.0658,0.7463,3.2107
95.0660,0.7435,3.1968
95.0662,0.7358,3.1594
95.0664,0.7842,3.3706
95.0666,0.7604,3.265
95.0668,0.8099,3.4793
95.0670,0.7948,3.4144
95.0672,0.8113,3.4838
95.0674,0.862,3.6982
95.0676,0.8644,3.7067
95.0678,0.8743,3.7559
95.0680,0.8336,3.5763
95.0682,0.9174,3.934
95.0684,0.9538,4.0898
95.0686,0.9537,4.0874
95.0688,0.9492,4.0684
95.0690,0.9543,4.0861
95.0692,0.9907,4.2482
95.0694,0.8986,3.8587
95.0696,0.8456,3.6362
95.0698,0.8026,3.4494
95.0700,0.7973,3.4268
95.0702,0.8086,3.4752
95.0704,0.7813,3.3598
95.0706,0.7654,3.2851
95.0708,0.8592,3.6858
95.0710,0.8987,3.8556
95.0712,0.9528,4.0857
95.0714,0.9412,4.0415
95.0716,0.8802,3.7759
95.0718,0.8767,3.7644
95.0720,0.8672,3.7238
95.0722,0.8848,3.7941
95.0724,0.9365,4.012
95.0726,1.0455,4.4748
95.0728,1.0171,4.3694
95.0730,0.8821,3.7911
95.0732,0.8575,3.6838
95.0734,0.7861,3.3836
95.0736,0.7678,3.3031
95.0738,0.7677,3.2995
95.0740,0.7664,3.2938
95.0742,0.7655,3.2948
95.0744,0.7794,3.3484
95.0746,0.8653,3.7155
95.0748,0.855,3.673
95.0750,0.8171,3.5183
95.0752,0.7238,3.1137
95.0754,0.7285,3.1324
95.0756,0.722,3.106
95.0758,0.8093,3.4734
95.0760,0.863,3.7109
95.0762,0.7888,3.3949
95.0764,0.7472,3.2158
95.0766,0.7039,3.0323
95.0768,0.6895,2.9703
95.0770,0.6568,2.8319
95.0772,0.6119,2.6349
95.0774,0.6466,2.7893
95.0776,0.5566,2.4013
95.0778,0.5559,2.3949
95.0780,0.5891,2.5427
95.0782,0.5571,2.4045
95.0784,0.5509,2.3754
95.0786,0.5502,2.3734
95.0788,0.5526,2.3837
95.0790,0.556,2.3943
95.0792,0.6967,3.0013
95.0794,0.6083,2.6255
95.0796,0.5534,2.3884
95.0798,0.5491,2.3687
95.0800,0.5511,2.3764
95.0802,0.5765,2.4791
95.0804,0.6781,2.9172
95.0806,0.6852,2.949
95.0808,0.695,2.9927
95.0810,0.6751,2.907
95.0812,0.6388,2.7518
95.0814,0.6677,2.875
95.0816,0.6843,2.9481
95.0818,0.6494,2.7965
95.0820,0.6336,2.7296
95.0822,0.6343,2.7327
95.0824,0.6574,2.8266
95.0826,0.717,3.0829
95.0828,0.7194,3.0961
95.0830,0.7417,3.1891
95.0832,0.7993,3.4355
95.0834,0.7843,3.3774
95.0836,0.6487,2.796
95.0838,0.6327,2.7255
95.0840,0.6452,2.7758
95.0842,0.6877,2.9626
95.0844,0.6719,2.8944
95.0846,0.6976,3.0013
95.0848,0.7359,3.1702
95.0850,0.6014,2.5931
95.0852,0.5689,2.4541
95.0854,0.5542,2.391
95.0856,0.5445,2.348
95.0858,0.5395,2.3284
95.0860,0.5374,2.3196
95.0862,0.5777,2.4889
95.0864,0.607,2.6137
95.0866,0.6396,2.7529
95.0868,0.6667,2.8722
95.0870,0.6151,2.6476
95.0872,0.651,2.798
95.0874,0.6945,2.9893
95.0876,0.7143,3.073
95.0878,0.764,3.2835
95.0880,0.7516,3.2349
95.0882,0.7286,3.1315
95.0884,0.7624,3.2814
95.0886,0.7003,3.0182
95.0888,0.6251,2.6867
95.0890,0.7255,3.1166
95.0892,0.7961,3.4216
95.0894,0.8177,3.5144
95.0896,0.8353,3.5851
95.0898,0.9262,3.9641
95.0900,1.0039,4.3047
95.0902,0.9581,4.1121
95.0904,0.839,3.6044
95.0906,0.8507,3.651
95.0908,0.8641,3.7138
95.0910,0.8577,3.6831
95.0912,0.9027,3.8726
95.0914,0.9559,4.0991
95.0916,0.9496,4.068
95.0918,0.9768,4.1846
95.0920,0.9894,4.2405
95.0922,0.973,4.1701
95.0924,0.9658,4.1451
95.0926,0.9775,4.1916
95.0928,0.9388,4.0218
95.0930,1.0394,4.4486
95.0932,1.0884,4.6607
95.0934,1.0968,4.6966
95.0936,1.089,4.6698
95.0938,1.0169,4.3623
95.0940,0.9026,3.8847
95.0942,0.7971,3.4321
95.0944,0.7584,3.2598
95.0946,0.8038,3.453
95.0948,0.8357,3.59
95.0950,0.7947,3.4218
95.0952,0.7353,3.1633
95.0954,0.7388,3.1782
95.0956,0.7712,3.3221
95.0958,0.6955,2.9962
95.0960,0.7,3.013
95.0962,0.7143,3.0716
95.0964,0.7653,3.2892
95.0966,0.8288,3.559
95.0968,0.8152,3.5068
95.0970,0.7397,3.1853
95.0972,0.7018,3.0306
95.0974,0.6396,2.7567
95.0976,0.6486,2.7955
95.0978,0.6252,2.6972
95.0980,0.5945,2.5636
95.0982,0.6,2.585
95.0984,0.5914,2.5501
95.0986,0.5751,2.481
95.0988,0.5785,2.4955
95.0990,0.5916,2.5512
95.0992,0.5903,2.5443
95.0994,0.6083,2.623
95.0996,0.6246,2.6909
95.0998,0.6292,2.7105
95.1000,0.5997,2.5858
95.1002,0.6482,2.7952
95.1004,0.6142,2.6472
95.1006,0.5838,2.5211
95.1008,0.4982,2.1494
95.1010,0.5294,2.2871
95.1012,0.5113,2.2058
95.1014,0.5516,2.3785
95.1016,0.5896,2.5447
95.1018,0.5208,2.2498
95.1020,0.4985,2.1504
95.1022,0.5508,2.3738
95.1024,0.5986,2.58
95.1026,0.6563,2.8299
95.1028,0.5951,2.5662
95.1030,0.5332,2.2983
95.1032,0.5404,2.3293
95.1034,0.5711,2.4628
95.1036,0.5788,2.497
95.1038,0.5096,2.1975
95.1040,0.5379,2.3217
95.1042,0.5171,2.2306
95.1044,0.5196,2.2435
95.1046,0.4787,2.067
95.1048,0.4931,2.1252
95.1050,0.5542,2.3876
95.1052,0.5883,2.5379
95.1054,0.5991,2.582
95.1056,0.6623,2.8504
95.1058,0.6644,2.8597
95.1060,0.7086,3.0482
95.1062,0.7761,3.3371
95.1064,0.7119,3.0641
95.1066,0.6143,2.644
95.1068,0.6195,2.6699
95.1070,0.616,2.6524
95.1072,0.6535,2.8141
95.1074,0.7005,3.0123
95.1076,0.7209,3.1057
95.1078,0.6843,2.944
95.1080,0.6889,2.9664
95.1082,0.6232,2.6809
95.1084,0.6854,2.9514
95.1086,0.662,2.852
95.1088,0.6485,2.7937
95.1090,0.6857,2.9483
95.1092,0.6901,2.9729
95.1094,0.662,2.8534
95.1096,0.6496,2.797
95.1098,0.6192,2.6676
95.1100,0.5364,2.316
95.1102,0.4813,2.0784
95.1104,0.4727,2.0401
95.1106,0.4662,2.0131
95.1108,0.4713,2.033
95.1110,0.5328,2.3005
95.1112,0.4858,2.0946
95.1114,0.4762,2.0542
95.1116,0.4624,1.9947
95.1118,0.462,1.9941
95.1120,0.465,2.007
95.1122,0.4672,2.0163
95.1124,0.4617,1.9934
95.1126,0.4594,1.9818
95.1128,0.4633,1.9998
95.1130,0.4626,1.9976
95.1132,0.4654,2.0067
95.1134,0.4635,2.0003
95.1136,0.4769,2.0563
95.1138,0.5329,2.2946
95.1140,0.577,2.4835
95.1142,0.6135,2.6416
95.1144,0.637,2.7441
95.1146,0.5725,2.4662
95.1148,0.5708,2.4555
95.1150,0.6044,2.6048
95.1152,0.5668,2.4396
95.1154,0.6048,2.6032
95.1156,0.6213,2.6789
95.1158,0.5723,2.4656
95.1160,0.5656,2.4367
95.1162,0.568,2.447
95.1164,0.5635,2.4275
95.1166,0.5608,2.4172
95.1168,0.5607,2.4156
95.1170,0.5616,2.4181
95.1172,0.5493,2.3687
95.1174,0.5449,2.3485
95.1176,0.5993,2.5807
95.1178,0.5727,2.4684
95.1180,0.5563,2.3965
95.1182,0.6099,2.6237
95.1184,0.6411,2.7591
95.1186,0.5959,2.5669
95.1188,0.5908,2.5441
95.1190,0.6176,2.6592
95.1192,0.6065,2.6105
95.1194,0.6466,2.7803
95.1196,0.6761,2.9098
95.1198,0.6998,3.0064
95.1200,0.7141,3.0706
95.1202,0.6281,2.7059
95.1204,0.633,2.7233
95.1206,0.6224,2.6823
95.1208,0.5327,2.2947
95.1210,0.5462,2.3552
95.1212,0.501,2.1613
95.1214,0.4858,2.0937
95.1216,0.4805,2.0719
95.1218,0.521,2.2446
95.1220,0.5935,2.5519
95.1222,0.6635,2.853
95.1224,0.7093,3.0471
95.1226,0.7945,3.415
95.1228,0.7358,3.1624
95.1230,0.7168,3.081
95.1232,0.7543,3.2448
95.1234,0.7396,3.176
95.1236,0.7377,3.1692
95.1238,0.7538,3.2428
95.1240,0.7499,3.2188
95.1242,0.8276,3.5523
95.1244,0.8351,3.5825
95.1246,0.9151,3.9183
95.1248,0.9964,4.2684
95.1250,0.9242,3.9573
95.1252,0.943,4.0474
95.1254,0.8942,3.8361
95.1256,0.923,3.9522
95.1258,0.9843,4.2126
95.1260,0.984,4.2214
95.1262,0.9533,4.0821
95.1264,0.9573,4.099
95.1266,0.9862,4.2228
95.1268,0.9584,4.1094
95.1270,0.9285,3.9851
95.1272,0.9375,4.0237
95.1274,0.9099,3.9071
95.1276,0.8684,3.7238
95.1278,0.9508,4.0732
95.1280,0.9635,4.1335
95.1282,0.9019,3.8708
95.1284,0.9287,3.9806
95.1286,0.9932,4.2571
95.1288,0.9871,4.2387
95.1290,0.8075,3.4771
95.1292,0.6975,2.9994
95.1294,0.7118,3.0594
95.1296,0.7539,3.2403
95.1298,0.7039,3.0267
95.1300,0.6974,3.0031
95.1302,0.7063,3.0385
95.1304,0.7718,3.3155
95.1306,0.8212,3.5245
95.1308,0.879,3.7725
95.1310,0.8639,3.706
95.1312,0.8601,3.6935
95.1314,0.8125,3.4907
95.1316,0.807,3.4734
95.1318,0.7609,3.2732
95.1320,0.7329,3.153
95.1322,0.7043,3.0297
95.1324,0.7385,3.1772
95.1326,0.7322,3.147
95.1328,0.785,3.369
95.1330,0.8659,3.7182
95.1332,0.8804,3.777
95.1334,0.8982,3.8567
95.1336,0.8838,3.7931
95.1338,0.8887,3.8124
95.1340,0.8726,3.747
95.1342,0.8689,3.7345
95.1344,0.7562,3.2546
95.1346,0.6893,2.9694
95.1348,0.6581,2.839
95.1350,0.5896,2.5424
95.1352,0.5783,2.4915
95.1354,0.6702,2.8832
95.1356,0.7427,3.1968
95.1358,0.675,2.9079
95.1360,0.5905,2.5449
95.1362,0.6028,2.5981
95.1364,0.6063,2.6143
95.1366,0.5929,2.5552
95.1368,0.5951,2.5638
95.1370,0.5747,2.4783
95.1372,0.6086,2.6229
95.1374,0.6056,2.6088
95.1376,0.6178,2.659
95.1378,0.6376,2.7454
95.1380,0.6625,2.8542
95.1382,0.652,2.81
95.1384,0.6489,2.7927
95.1386,0.7099,3.0483
95.1388,0.7945,3.4134
95.1390,0.8551,3.6701
95.1392,0.8786,3.7798
95.1394,0.6935,2.9861
95.1396,0.6194,2.6694
95.1398,0.6152,2.6526
95.1400,0.6132,2.6418
95.1402,0.6075,2.6158
95.1404,0.6069,2.6157
95.1406,0.6112,2.6331
95.1408,0.6153,2.6519
95.1410,0.62,2.667
95.1412,0.6226,2.6809
95.1414,0.6148,2.6498
95.1416,0.6328,2.7248
95.1418,0.6658,2.8641
95.1420,0.6967,2.9986
95.1422,0.7541,3.2398
95.1424,0.7979,3.4326
95.1426,0.7342,3.1616
95.1428,0.6135,2.6453
95.1430,0.5509,2.3765
95.1432,0.5761,2.4817
95.1434,0.6311,2.7163
95.1436,0.6643,2.8606
95.1438,0.6626,2.8533
95.1440,0.6401,2.7588
95.1442,0.5493,2.3687
95.1444,0.5402,2.3305
95.1446,0.5411,2.3341
95.1448,0.5466,2.3579
95.1450,0.5409,2.3325
95.1452,0.5341,2.3041
95.1454,0.5323,2.291
95.1456,0.6731,2.8956
95.1458,0.6376,2.7442
95.1460,0.6045,2.6053
95.1462,0.592,2.5504
95.1464,0.6553,2.8205
95.1466,0.6993,3.01
95.1468,0.7179,3.0842
95.1470,0.7748,3.3268
95.1472,0.8533,3.6675
95.1474,0.8369,3.5919
95.1476,0.8442,3.6216
95.1478,0.8471,3.6458
95.1480,0.7202,3.0998
95.1482,0.7093,3.05
95.1484,0.7195,3.0938
95.1486,0.764,3.2851
95.1488,0.786,3.3721
95.1490,0.8471,3.639
95.1492,0.8401,3.6142
95.1494,0.7845,3.3717
95.1496,0.7599,3.2675
95.1498,0.7802,3.3531
95.1500,0.8302,3.5697
95.1502,0.7722,3.3207
95.1504,0.7696,3.3062
95.1506,0.7937,3.4145
95.1508,0.78,3.3511
95.1510,0.7502,3.2333
95.1512,0.6148,2.6535
95.1514,0.536,2.3145
95.1516,0.4903,2.1153
95.1518,0.4863,2.0967
95.1520,0.4848,2.0934
95.1522,0.5228,2.2534
95.1524,0.5781,2.4928
95.1526,0.5211,2.2503
95.1528,0.4873,2.1043
95.1530,0.4867,2.1007
95.1532,0.4812,2.0769
95.1534,0.4805,2.0748
95.1536,0.4994,2.1536
95.1538,0.5515,2.3758
95.1540,0.593,2.5498
95.1542,0.5867,2.5324
95.1544,0.4916,2.121
95.1546,0.4885,2.1095
95.1548,0.4829,2.0842
95.1550,0.4812,2.075
95.1552,0.4849,2.093
95.1554,0.4846,2.0904
95.1556,0.5112,2.2043
95.1558,0.5554,2.3917
95.1560,0.6216,2.6755
95.1562,0.6078,2.6186
95.1564,0.587,2.5287
95.1566,0.6652,2.8629
95.1568,0.7137,3.0662
95.1570,0.7284,3.1319
95.1572,0.7394,3.1749
95.1574,0.8393,3.5971
95.1576,0.8492,3.6432
95.1578,0.9229,3.9591
95.1580,0.9611,4.1193
95.1582,0.9666,4.141
95.1584,0.9242,3.9629
95.1586,0.9272,3.9739
95.1588,0.9585,4.1061
95.1590,0.9762,4.1841
95.1592,0.9597,4.1151
95.1594,1.0078,4.3152
95.1596,1.04,4.4492
95.1598,1.0636,4.563
95.1600,1.0042,4.3038
95.1602,1.0072,4.3106
95.1604,0.9495,4.079
95.1606,0.8347,3.591
95.1608,0.7802,3.3516
95.1610,0.8015,3.4449
95.1612,0.8242,3.539
95.1614,0.8365,3.592
95.1616,0.8309,3.5678
95.1618,0.8395,3.6049
95.1620,0.8842,3.797
95.1622,0.8394,3.6077
95.1624,0.8003,3.4365
95.1626,0.83,3.5692
95.1628,0.7647,3.2928
95.1630,0.6859,2.9563
95.1632,0.6626,2.8507
95.1634,0.723,3.1102
95.1636,0.7507,3.2278
95.1638,0.71,3.0559
95.1640,0.7378,3.1727
95.1642,0.7715,3.316
95.1644,0.7788,3.3584
95.1646,0.6453,2.7785
95.1648,0.6619,2.8516
95.1650,0.6088,2.6227
95.1652,0.6644,2.8611
95.1654,0.6457,2.7805
95.1656,0.6883,2.9625
95.1658,0.7071,3.0477
95.1660,0.637,2.7416
95.1662,0.6612,2.8498
95.1664,0.6153,2.6519
95.1666,0.6342,2.7297
95.1668,0.6697,2.8825
95.1670,0.723,3.1102
95.1672,0.7525,3.2371
95.1674,0.7497,3.2222
95.1676,0.7697,3.3098
95.1678,0.7668,3.3036
95.1680,0.626,2.7004
95.1682,0.5936,2.5559
95.1684,0.6149,2.6503
95.1686,0.5835,2.5161
95.1688,0.6003,2.5884
95.1690,0.6006,2.5936
95.1692,0.5411,2.3319
95.1694,0.5935,2.5554
95.1696,0.6224,2.6811
95.1698,0.6435,2.7733
95.1700,0.6477,2.7875
95.1702,0.6827,2.9341
95.1704,0.7297,3.1434
95.1706,0.6547,2.8219
95.1708,0.6323,2.7214
95.1710,0.663,2.8576
95.1712,0.652,2.8061
95.1714,0.6782,2.9178
95.1716,0.7087,3.0488
95.1718,0.6635,2.8623
95.1720,0.5653,2.4375
95.1722,0.6087,2.6222
95.1724,0.6612,2.8419
95.1726,0.733,3.1535
95.1728,0.7215,3.1054
95.1730,0.7076,3.0484
95.1732,0.6341,2.7292
95.1734,0.6315,2.7191
95.1736,0.6014,2.5943
95.1738,0.5396,2.329
95.1740,0.5336,2.301
95.1742,0.5301,2.2849
95.1744,0.5301,2.287
95.1746,0.5359,2.3129
95.1748,0.5307,2.2885
95.1750,0.5343,2.3019
95.1752,0.5276,2.2762
95.1754,0.5327,2.2947
95.1756,0.5716,2.4637
95.1758,0.6101,2.6296
95.1760,0.5688,2.4513
95.1762,0.5399,2.33
95.1764,0.505,2.1774
95.1766,0.5734,2.4692
95.1768,0.5577,2.4049
95.1770,0.5298,2.2834
95.1772,0.5626,2.4272
95.1774,0.5179,2.2353
95.1776,0.4931,2.1272
95.1778,0.5424,2.3365
95.1780,0.555,2.3941
95.1782,0.4787,2.0651
95.1784,0.4613,1.991
95.1786,0.4614,1.9906
95.1788,0.4612,1.9896
95.1790,0.4683,2.0201
95.1792,0.4615,1.9911
95.1794,0.5263,2.2705
95.1796,0.4864,2.0972
95.1798,0.4657,2.0102
95.1800,0.4642,2.0025
95.1802,0.4922,2.1206
95.1804,0.5496,2.3642
95.1806,0.6327,2.7243
95.1808,0.6189,2.6624
95.1810,0.6638,2.8559
95.1812,0.6694,2.8849
95.1814,0.5745,2.4773
95.1816,0.5181,2.2322
95.1818,0.5454,2.3505
95.1820,0.5908,2.5405
95.1822,0.6947,2.9843
95.1824,0.7149,3.077
95.1826,0.6327,2.7268
95.1828,0.5929,2.5528
95.1830,0.598,2.5762
95.1832,0.5924,2.5496
95.1834,0.6165,2.6509
95.1836,0.6925,2.9791
95.1838,0.7202,3.0983
95.1840,0.6887,2.9599
95.1842,0.6601,2.8438
95.1844,0.6099,2.6274
95.1846,0.633,2.722
95.1848,0.636,2.7387
95.1850,0.5924,2.552
95.1852,0.6012,2.5914
95.1854,0.5119,2.2063
95.1856,0.4894,2.1102
95.1858,0.4998,2.1541
95.1860,0.5141,2.2177
95.1862,0.524,2.2554
95.1864,0.6111,2.6289
95.1866,0.6184,2.6628
95.1868,0.6555,2.8184
95.1870,0.6905,2.9676
95.1872,0.6701,2.88
95.1874,0.6563,2.8273
95.1876,0.62,2.6683
95.1878,0.6727,2.8913
95.1880,0.6792,2.9246
95.1882,0.5888,2.5365
95.1884,0.5702,2.4575
95.1886,0.5707,2.4562
95.1888,0.6119,2.6337
95.1890,0.5725,2.4673
95.1892,0.6068,2.6103
95.1894,0.698,2.9987
95.1896,0.7665,3.2867
95.1898,0.8416,3.612
95.1900,0.8321,3.5746
95.1902,0.8039,3.4504
95.1904,0.7533,3.2392
95.1906,0.7129,3.0626
95.1908,0.7511,3.2254
95.1910,0.8344,3.5828
95.1912,0.8605,3.6881
95.1914,0.9623,4.1225
95.1916,0.9046,3.8827
95.1918,0.8256,3.5435
95.1920,0.842,3.6107
95.1922,0.8918,3.8187
95.1924,0.9526,4.0866
95.1926,0.9356,4.0173
95.1928,0.8635,3.701
95.1930,0.9426,4.0402
95.1932,0.9353,4.0163
95.1934,0.8172,3.5075
95.1936,0.7881,3.3824
95.1938,0.8443,3.6272
95.1940,0.8371,3.5979
95.1942,0.8115,3.4876
95.1944,0.7856,3.3732
95.1946,0.8076,3.4679
95.1948,0.8206,3.5219
95.1950,0.8673,3.7226
95.1952,0.82,3.521
95.1954,0.8021,3.4458
95.1956,0.8422,3.6213
95.1958,0.7402,3.183
95.1960,0.6938,2.9848
95.1962,0.69,2.9697
95.1964,0.6907,2.9728
95.1966,0.7038,3.0248
95.1968,0.7156,3.0773
95.1970,0.7073,3.044
95.1972,0.7097,3.0543
95.1974,0.7232,3.1069
95.1976,0.748,3.218
95.1978,0.7294,3.1366
95.1980,0.7008,3.0161
95.1982,0.6746,2.9023
95.1984,0.6662,2.8662
95.1986,0.6666,2.8691
95.1988,0.6996,3.0138
95.1990,0.6562,2.8255
95.1992,0.6544,2.819
95.1994,0.6246,2.6897
95.1996,0.6909,2.9697
95.1998,0.7484,3.2195
95.2000,0.6291,2.7075
95.2002,0.6455,2.7795
95.2004,0.6372,2.7426
95.2006,0.6653,2.862
95.2008,0.7264,3.1266
95.2010,0.698,3.0029
95.2012,0.7167,3.0862
95.2014,0.6075,2.617
95.2016,0.5848,2.5206
95.2018,0.5781,2.4916
95.2020,0.6432,2.7684
95.2022,0.7323,3.146
95.2024,0.751,3.2309
95.2026,0.6748,2.9109
95.2028,0.5301,2.287
95.2030,0.5041,2.1748
95.2032,0.5225,2.2518
95.2034,0.6075,2.6158
95.2036,0.6474,2.7891
95.2038,0.6379,2.747
95.2040,0.6289,2.7083
95.2042,0.6914,2.9704
95.2044,0.7679,3.3006
95.2046,0.7881,3.384
95.2048,0.8095,3.4778
95.2050,0.8399,3.6064
95.2052,0.9241,3.9642
95.2054,0.9513,4.081
95.2056,0.8703,3.7355
95.2058,0.8321,3.578
95.2060,0.7126,3.0701
95.2062,0.6606,2.8406
95.2064,0.7064,3.039
95.2066,0.7294,3.1395
95.2068,0.7251,3.118
95.2070,0.7354,3.1624
95.2072,0.7402,3.183
95.2074,0.7357,3.1634
95.2076,0.7557,3.248
95.2078,0.7604,3.2681
95.2080,0.7535,3.2417
95.2082,0.7332,3.1511
95.2084,0.7202,3.1012
95.2086,0.7232,3.1083
95.2088,0.7979,3.431
95.2090,0.7509,3.2304
95.2092,0.7032,3.0265
95.2094,0.7178,3.0866
95.2096,0.6983,3.0053
95.2098,0.6799,2.925
95.2100,0.7624,3.2784
95.2102,0.7695,3.3165
95.2104,0.6148,2.651
95.2106,0.5618,2.4213
95.2108,0.5551,2.3935
95.2110,0.566,2.4394
95.2112,0.5618,2.4202
95.2114,0.5539,2.3872
95.2116,0.5564,2.3992
95.2118,0.5569,2.4013
95.2120,0.5576,2.401
95.2122,0.6659,2.862
95.2124,0.656,2.8289
95.2126,0.5534,2.3874
95.2128,0.5442,2.3465
95.2130,0.5445,2.3458
95.2132,0.543,2.3424
95.2134,0.5395,2.3252
95.2136,0.6033,2.5965
95.2138,0.6767,2.9124
95.2140,0.678,2.9181
95.2142,0.7384,3.1753
95.2144,0.788,3.3914
95.2146,0.6706,2.8847
95.2148,0.6763,2.9109
95.2150,0.6353,2.7369
95.2152,0.626,2.6966
95.2154,0.7017,3.0161
95.2156,0.7888,3.3934
95.2158,0.7082,3.0467
95.2160,0.7026,3.0225
95.2162,0.6758,2.9088
95.2164,0.6631,2.8567
95.2166,0.6726,2.8935
95.2168,0.7403,3.1791
95.2170,0.7817,3.3614
95.2172,0.7038,3.0276
95.2174,0.7049,3.0295
95.2176,0.754,3.2393
95.2178,0.6871,2.9587
95.2180,0.5761,2.4852
95.2182,0.5134,2.2125
95.2184,0.5488,2.3688
95.2186,0.5066,2.1846
95.2188,0.5406,2.3288
95.2190,0.5383,2.3233
95.2192,0.4867,2.1007
95.2194,0.4852,2.0921
95.2196,0.4891,2.1101
95.2198,0.495,2.1355
95.2200,0.5548,2.3903
95.2202,0.609,2.6213
95.2204,0.6714,2.8924
95.2206,0.6167,2.6581
95.2208,0.5801,2.5004
95.2210,0.5216,2.2513
95.2212,0.486,2.0967
95.2214,0.4806,2.0724
95.2216,0.4875,2.1038
95.2218,0.49,2.1147
95.2220,0.4931,2.1262
95.2222,0.4956,2.137
95.2224,0.5223,2.2513
95.2226,0.5678,2.4449
95.2228,0.6388,2.7455
95.2230,0.6926,2.9755
95.2232,0.7887,3.3897
95.2234,0.7645,3.2856
95.2236,0.766,3.2862
95.2238,0.8232,3.5349
95.2240,0.8242,3.5406
95.2242,0.8224,3.528
95.2244,0.8793,3.7723
95.2246,0.8731,3.7456
95.2248,0.8829,3.7895
95.2250,0.8609,3.6948
95.2252,0.8368,3.593
95.2254,0.829,3.5612
95.2256,0.8281,3.5543
95.2258,0.8953,3.8372
95.2260,0.9466,4.0552
95.2262,0.987,4.2284
95.2264,0.9677,4.1495
95.2266,0.9333,4.0076
95.2268,0.8701,3.7379
95.2270,0.855,3.6713
95.2272,0.8411,3.6032
95.2274,1.0242,4.3876
95.2276,0.9913,4.2548
95.2278,0.8563,3.677
95.2280,0.8657,3.7171
95.2282,0.9171,3.9362
95.2284,0.8985,3.8564
95.2286,0.8654,3.7213
95.2288,0.8217,3.5249
95.2290,0.9257,3.9714
95.2292,0.9116,3.9107
95.2294,0.866,3.717
95.2296,0.8995,3.8587
95.2298,0.9447,4.0546
95.2300,0.8862,3.807
95.2302,0.7812,3.3593
95.2304,0.7671,3.2985
95.2306,0.8363,3.591
95.2308,0.8645,3.7172
95.2310,0.8311,3.5738
95.2312,0.828,3.5621
95.2314,0.7731,3.3243
95.2316,0.7862,3.3852
95.2318,0.7029,3.0297
95.2320,0.6197,2.6697
95.2322,0.6273,2.6985
95.2324,0.6793,2.9251
95.2326,0.6915,2.9778
95.2328,0.6535,2.8167
95.2330,0.6702,2.8845
95.2332,0.7305,3.15
95.2334,0.5536,2.3873
95.2336,0.5264,2.2731
95.2338,0.5231,2.2586
95.2340,0.4668,2.0167
95.2342,0.4455,1.9218
95.2344,0.5252,2.2648
95.2346,0.5652,2.4369
95.2348,0.5783,2.4927
95.2350,0.5969,2.574
95.2352,0.5514,2.3797
95.2354,0.4964,2.1427
95.2356,0.4934,2.1268
95.2358,0.5457,2.3521
95.2360,0.6018,2.594
95.2362,0.5926,2.5554
95.2364,0.5882,2.5327
95.2366,0.622,2.6833
95.2368,0.5458,2.3559
95.2370,0.4919,2.123
95.2372,0.484,2.0879
95.2374,0.4999,2.1527
95.2376,0.5811,2.5046
95.2378,0.5831,2.5157
95.2380,0.5169,2.2322
95.2382,0.4821,2.0796
95.2384,0.4963,2.1392
95.2386,0.5419,2.3345
95.2388,0.6638,2.8598
95.2390,0.6138,2.6481
95.2392,0.4516,1.95
95.2394,0.4195,1.8121
95.2396,0.4171,1.8017
95.2398,0.4583,1.979
95.2400,0.4547,1.9616
95.2402,0.4895,2.1126
95.2404,0.4598,1.9852
95.2406,0.4715,2.0341
95.2408,0.4877,2.1039
95.2410,0.448,1.9336
95.2412,0.4377,1.8899
95.2414,0.4312,1.8611
95.2416,0.4421,1.9082
95.2418,0.4481,1.9359
95.2420,0.4392,1.8967
95.2422,0.4359,1.8822
95.2424,0.4358,1.8808
95.2426,0.4644,2.0008
95.2428,0.5264,2.2678
95.2430,0.5407,2.3304
95.2432,0.5389,2.3237
95.2434,0.5287,2.2755
95.2436,0.5478,2.362
95.2438,0.5181,2.2374
95.2440,0.4484,1.9342
95.2442,0.4409,1.9021
95.2444,0.4656,2.0078
95.2446,0.5203,2.2404
95.2448,0.5492,2.366
95.2450,0.5324,2.2937
95.2452,0.5352,2.3066
95.2454,0.5485,2.364
95.2456,0.5454,2.3484
95.2458,0.5586,2.404
95.2460,0.5953,2.5632
95.2462,0.6029,2.5938
95.2464,0.6138,2.642
95.2466,0.6389,2.7511
95.2468,0.5931,2.5527
95.2470,0.6312,2.7193
95.2472,0.6036,2.6005
95.2474,0.5996,2.577
95.2476,0.6839,2.9379
95.2478,0.7234,3.1093
95.2480,0.7327,3.1534
95.2482,0.6774,2.9114
95.2484,0.6897,2.9645
95.2486,0.749,3.2191
95.2488,0.7883,3.3882
95.2490,0.7329,3.1501
95.2492,0.7005,3.0109
95.2494,0.6941,2.9831
95.2496,0.6929,2.9793
95.2498,0.7081,3.042
95.2500,0.7664,3.2954
95.2502,0.7348,3.1568
95.2504,0.6688,2.8783
95.2506,0.6287,2.7022
95.2508,0.7376,3.1702
95.2510,0.6513,2.8056
95.2512,0.5319,2.2895
95.2514,0.6054,2.6095
95.2516,0.5185,2.2368
95.2518,0.5413,2.3308
95.2520,0.6255,2.6945
95.2522,0.5759,2.4823
95.2524,0.5448,2.348
95.2526,0.5476,2.3593
95.2528,0.5234,2.257
95.2530,0.527,2.2725
95.2532,0.5373,2.3159
95.2534,0.5787,2.4919
95.2536,0.5821,2.5075
95.2538,0.5461,2.3547
95.2540,0.5259,2.2668
95.2542,0.5196,2.2384
95.2544,0.513,2.21
95.2546,0.5419,2.3323
95.2548,0.6058,2.6086
95.2550,0.664,2.855
95.2552,0.7032,3.0251
95.2554,0.5923,2.5526
95.2556,0.5373,2.3159
95.2558,0.5602,2.4113
95.2560,0.6123,2.6316
95.2562,0.6571,2.8283
95.2564,0.617,2.6554
95.2566,0.6166,2.6489
95.2568,0.7282,3.1285
95.2570,0.7987,3.4234
95.2572,0.89,3.8217
95.2574,0.7631,3.2754
95.2576,0.8243,3.5346
95.2578,0.8936,3.8318
95.2580,0.8955,3.8328
95.2582,1.0178,4.3563
95.2584,1.0302,4.4092
95.2586,1.0572,4.5225
95.2588,1.0636,4.5481
95.2590,1.0665,4.569
95.2592,1.0078,4.3092
95.2594,1.0941,4.6784
95.2596,1.1211,4.7848
95.2598,1.1754,5.0213
95.2600,1.24,5.2949
95.2602,1.2411,5.307
95.2604,1.0973,4.6988
95.2606,1.054,4.5134
95.2608,1.019,4.3696
95.2610,0.9625,4.1293
95.2612,0.9345,4.0108
95.2614,0.8956,3.8405
95.2616,0.9494,4.0746
95.2618,0.9051,3.8865
95.2620,0.8705,3.736
95.2622,0.8465,3.6364
95.2624,0.8327,3.5789
95.2626,0.7811,3.3541
95.2628,0.8617,3.6984
95.2630,0.9149,3.9288
95.2632,0.8882,3.8157
95.2634,0.8152,3.5036
95.2636,0.8164,3.5071
95.2638,0.8104,3.4798
95.2640,0.8786,3.7745
95.2642,0.9248,3.9691
95.2644,0.9333,4.002
95.2646,0.9304,3.9915
95.2648,0.9332,4.0052
95.2650,0.9413,4.0383
95.2652,0.9351,4.0134
95.2654,0.846,3.6327
95.2656,0.892,3.8322
95.2658,0.8853,3.8034
95.2660,0.8775,3.7699
95.2662,0.8336,3.5847
95.2664,0.8199,3.5254
95.2666,0.8107,3.4829
95.2668,0.8105,3.4819
95.2670,0.8381,3.6004
95.2672,0.8908,3.8271
95.2674,0.8767,3.7628
95.2676,0.8772,3.7771
95.2678,0.7766,3.3392
95.2680,0.8206,3.5219
95.2682,0.8713,3.7448
95.2684,0.8394,3.6044
95.2686,0.8888,3.8165
95.2688,0.9147,3.9223
95.2690,0.9371,4.0259
95.2692,0.9134,3.9221
95.2694,0.913,3.9224
95.2696,0.8459,3.6356
95.2698,0.7881,3.3871
95.2700,0.822,3.5379
95.2702,0.7822,3.365
95.2704,0.7775,3.3465
95.2706,0.7824,3.3676
95.2708,0.7968,3.4248
95.2710,0.8612,3.6981
95.2712,0.8482,3.6454
95.2714,0.8431,3.6254
95.2716,0.8227,3.5361
95.2718,0.8208,3.5295
95.2720,0.8278,3.5594
95.2722,0.8805,3.7863
95.2724,0.7923,3.4084
95.2726,0.7622,3.2743
95.2728,0.9079,3.8966
95.2730,0.9392,4.029
95.2732,0.8515,3.6649
95.2734,0.7884,3.3903
95.2736,0.8097,3.4783
95.2738,0.8424,3.6274
95.2740,0.7293,3.1404
95.2742,0.7025,3.0248
95.2744,0.708,3.0471
95.2746,0.7126,3.0672
95.2748,0.7092,3.0551
95.2750,0.7077,3.0475
95.2752,0.6974,3.0031
95.2754,0.7335,3.1512
95.2756,0.8875,3.8126
95.2758,0.9012,3.875
95.2760,0.7648,3.2948
95.2762,0.6041,2.6038
95.2764,0.6297,2.7114
95.2766,0.711,3.0629
95.2768,0.6427,2.7741
95.2770,0.5593,2.4161
95.2772,0.5396,2.3279
95.2774,0.537,2.3165
95.2776,0.5397,2.3284
95.2778,0.543,2.3424
95.2780,0.5448,2.3501
95.2782,0.5408,2.3352
95.2784,0.5542,2.3943
95.2786,0.5564,2.3992
95.2788,0.6509,2.8014
95.2790,0.6484,2.7984
95.2792,0.5563,2.402
95.2794,0.5508,2.3727
95.2796,0.5949,2.5664
95.2798,0.5552,2.3974
95.2800,0.5494,2.3725
95.2802,0.5403,2.3288
95.2804,0.612,2.6342
95.2806,0.7504,3.2223
95.2808,0.854,3.6706
95.2810,0.7814,3.3645
95.2812,0.6626,2.8533
95.2814,0.6876,2.9607
95.2816,0.6412,2.7635
95.2818,0.6636,2.8601
95.2820,0.6491,2.7937
95.2822,0.7103,3.0569
95.2824,0.7264,3.128
95.2826,0.6833,2.9408
95.2828,0.6883,2.9611
95.2830,0.7534,3.2442
95.2832,0.6881,2.9656
95.2834,0.6226,2.6859
95.2836,0.558,2.4082
95.2838,0.5548,2.3936
95.2840,0.5437,2.3444
95.2842,0.5534,2.3841
95.2844,0.6171,2.6608
95.2846,0.6182,2.6605
95.2848,0.7044,3.033
95.2850,0.6979,3.0079
95.2852,0.6248,2.6939
95.2854,0.6294,2.7078
95.2856,0.7228,3.1126
95.2858,0.6496,2.7971
95.2860,0.6264,2.7012
95.2862,0.621,2.6729
95.2864,0.6833,2.9394
95.2866,0.7466,3.2088
95.2868,0.7835,3.3738
95.2870,0.6754,2.9108
95.2872,0.6081,2.6196
95.2874,0.6041,2.6014
95.2876,0.6059,2.6115
95.2878,0.6046,2.6059
95.2880,0.6077,2.6169
95.2882,0.6477,2.7888
95.2884,0.652,2.81
95.2886,0.6029,2.5986
95.2888,0.5966,2.5712
95.2890,0.6047,2.6052
95.2892,0.6478,2.788
95.2894,0.7682,3.297
95.2896,0.8381,3.6004
95.2898,0.8436,3.6275
95.2900,0.8251,3.5464
95.2902,0.7859,3.3779
95.2904,0.8267,3.5531
95.2906,0.804,3.4557
95.2908,0.8104,3.4781
95.2910,0.8537,3.6639
95.2912,0.7568,3.2557
95.2914,0.7378,3.1727
95.2916,0.8158,3.5078
95.2918,0.8115,3.4876
95.2920,0.814,3.4936
95.2922,0.8815,3.7833
95.2924,0.8982,3.8567
95.2926,0.8521,3.6538
95.2928,0.8721,3.7484
95.2930,0.8462,3.6337
95.2932,0.917,3.9357
95.2934,0.9266,3.9787
95.2936,0.8864,3.8062
95.2938,0.8375,3.5961
95.2940,0.8297,3.5676
95.2942,0.8401,3.6075
95.2944,0.8601,3.6917
95.2946,0.8724,3.7442
95.2948,0.8853,3.8034
95.2950,0.9116,3.9162
95.2952,0.9018,3.8721
95.2954,0.8615,3.6991
95.2956,0.826,3.5484
95.2958,0.754,3.2498
95.2960,0.6767,2.9124
95.2962,0.7615,3.2803
95.2964,0.7237,3.1147
95.2966,0.7093,3.0514
95.2968,0.7478,3.2215
95.2970,0.7057,3.0373
95.2972,0.6809,2.9305
95.2974,0.6689,2.8815
95.2976,0.6781,2.9227
95.2978,0.6397,2.756
95.2980,0.6547,2.8245
95.2982,0.5683,2.4493
95.2984,0.6274,2.7028
95.2986,0.6098,2.6269
95.2988,0.6369,2.7462
95.2990,0.5853,2.525
95.2992,0.5389,2.3259
95.2994,0.5594,2.4144
95.2996,0.5315,2.2938
95.2998,0.5485,2.3618
95.3000,0.6424,2.7687
95.3002,0.6361,2.7431
95.3004,0.5951,2.565
95.3006,0.5963,2.5702
95.3008,0.5572,2.4017
95.3010,0.59,2.544
95.3012,0.5852,2.5268
95.3014,0.5134,2.2156
95.3016,0.5229,2.257
95.3018,0.525,2.2658
95.3020,0.5024,2.1675
95.3022,0.5636,2.4302
95.3024,0.5666,2.4432
95.3026,0.5117,2.2084
95.3028,0.5264,2.2678
95.3030,0.6116,2.6358
95.3032,0.6111,2.6325
95.3034,0.5989,2.5834
95.3036,0.5595,2.4115
95.3038,0.5723,2.468
95.3040,0.5637,2.4274
95.3042,0.5905,2.5413
95.3044,0.6623,2.8518
95.3046,0.6698,2.8803
95.3048,0.7118,3.0594
95.3050,0.7507,3.2324
95.3052,0.7065,3.0381
95.3054,0.7153,3.0786
95.3056,0.7344,3.1607
95.3058,0.674,2.9051
95.3060,0.59,2.5416
95.3062,0.6238,2.6885
95.3064,0.6479,2.7885
95.3066,0.6505,2.7999
95.3068,0.657,2.8278
95.3070,0.6596,2.8378
95.3072,0.671,2.8882
95.3074,0.6653,2.866
95.3076,0.6397,2.7547
95.3078,0.6858,2.9516
95.3080,0.6888,2.9687
95.3082,0.6203,2.6723
95.3084,0.6176,2.6592
95.3086,0.6318,2.7181
95.3088,0.6763,2.9068
95.3090,0.686,2.9568
95.3092,0.6098,2.6293
95.3094,0.6376,2.7454
95.3096,0.6775,2.916
95.3098,0.6652,2.8669
95.3100,0.5933,2.5596
95.3102,0.5071,2.1887
95.3104,0.4771,2.0584
95.3106,0.4734,2.0433
95.3108,0.5032,2.1716
95.3110,0.5022,2.1685
95.3112,0.4745,2.0479
95.3114,0.4713,2.034
95.3116,0.4761,2.0547
95.3118,0.4729,2.0403
95.3120,0.4708,2.031
95.3122,0.4725,2.0382
95.3124,0.5286,2.2803
95.3126,0.4845,2.0919
95.3128,0.4725,2.0401
95.3130,0.469,2.0223
95.3132,0.4701,2.0279
95.3134,0.4834,2.0824
95.3136,0.6321,2.7154
95.3138,0.6939,2.984
95.3140,0.678,2.9181
95.3142,0.6537,2.812
95.3144,0.6474,2.7878
95.3146,0.6201,2.6725
95.3148,0.5837,2.5159
95.3150,0.5893,2.5373
95.3152,0.5895,2.5396
95.3154,0.59,2.5416
95.3156,0.5913,2.5461
95.3158,0.6245,2.6891
95.3160,0.5915,2.5495
95.3162,0.6006,2.5864
95.3164,0.67,2.8848
95.3166,0.6197,2.666
95.3168,0.6387,2.7475
95.3170,0.6634,2.8564
95.3172,0.6283,2.7069
95.3174,0.596,2.5675
95.3176,0.6159,2.6544
95.3178,0.5328,2.2995
95.3180,0.4841,2.0903
95.3182,0.4813,2.0765
95.3184,0.4888,2.1085
95.3186,0.4859,2.0961
95.3188,0.4907,2.1168
95.3190,0.509,2.1919
95.3192,0.5264,2.2678
95.3194,0.5939,2.5575
95.3196,0.5777,2.4901
95.3198,0.5098,2.1981
95.3200,0.5678,2.4461
95.3202,0.5336,2.302
95.3204,0.4918,2.1205
95.3206,0.4958,2.1381
95.3208,0.5295,2.2813
95.3210,0.492,2.1225
95.3212,0.4797,2.0692
95.3214,0.4821,2.0786
95.3216,0.4863,2.0948
95.3218,0.4843,2.0894
95.3220,0.4966,2.1392
95.3222,0.5446,2.3431
95.3224,0.6602,2.8377
95.3226,0.7159,3.0769
95.3228,0.7128,3.0663
95.3230,0.6902,2.9652
95.3232,0.7403,3.1805
95.3234,0.7961,3.4153
95.3236,0.845,3.6269
95.3238,0.8306,3.5618
95.3240,0.7809,3.3515
95.3242,0.8276,3.5473
95.3244,0.8581,3.6847
95.3246,0.8447,3.6237
95.3248,0.8912,3.8179
95.3250,0.9344,4.0047
95.3252,0.9663,4.1376
95.3254,1.0301,4.4107
95.3256,0.9707,4.1585
95.3258,0.9621,4.1215
95.3260,1.0269,4.3974
95.3262,1.0489,4.485
95.3264,1.0648,4.5618
95.3266,1.0286,4.4004
95.3268,1.0704,4.5768
95.3270,1.0742,4.604
95.3272,0.9425,4.0472
95.3274,0.8878,3.8071
95.3276,0.9159,3.9329
95.3278,0.8642,3.7127
95.3280,0.8575,3.6821
95.3282,0.8317,3.5714
95.3284,0.8046,3.4567
95.3286,0.8167,3.512
95.3288,0.7603,3.2691
95.3290,0.8196,3.5211
95.3292,0.8345,3.5833
95.3294,0.8157,3.5073
95.3296,0.8046,3.4534
95.3298,0.8854,3.7986
95.3300,0.8834,3.7933
95.3302,0.8834,3.7916
95.3304,0.8719,3.7439
95.3306,0.8684,3.729
95.3308,0.8711,3.7438
95.3310,0.7695,3.3119
95.3312,0.6555,2.8211
95.3314,0.6605,2.8441
95.3316,0.6897,2.97
95.3318,0.7122,3.0638
95.3320,0.7332,3.154
95.3322,0.7165,3.0881
95.3324,0.6394,2.7557
95.3326,0.6086,2.6229
95.3328,0.5667,2.4448
95.3330,0.5725,2.4685
95.3332,0.5684,2.4486
95.3334,0.5773,2.4857
95.3336,0.5761,2.4828
95.3338,0.5799,2.4982
95.3340,0.6551,2.8195
95.3342,0.708,3.0457
95.3344,0.7322,3.1499
95.3346,0.6803,2.9293
95.3348,0.6611,2.848
95.3350,0.6996,3.0082
95.3352,0.7478,3.2155
95.3354,0.7214,3.1064
95.3356,0.6836,2.9451
95.3358,0.6618,2.8511
95.3360,0.488,2.1064
95.3362,0.4851,2.0925
95.3364,0.4961,2.1381
95.3366,0.54,2.3284
95.3368,0.5341,2.3041
95.3370,0.5333,2.2983
95.3372,0.5396,2.3257
95.3374,0.5351,2.3082
95.3376,0.5268,2.2725
95.3378,0.5313,2.2922
95.3380,0.5331,2.2957
95.3382,0.6619,2.8463
95.3384,0.7098,3.0534
95.3386,0.6077,2.6193
95.3388,0.5488,2.3666
95.3390,0.5505,2.3739
95.3392,0.5494,2.3692
95.3394,0.5437,2.3433
95.3396,0.5389,2.3237
95.3398,0.5384,2.3227
95.3400,0.566,2.4372
95.3402,0.636,2.7387
95.3404,0.6467,2.7886
95.3406,0.5449,2.3474
95.3408,0.5859,2.5241
95.3410,0.5498,2.3708
95.3412,0.5329,2.2979
95.3414,0.5655,2.4294
95.3416,0.7658,3.2882
95.3418,0.69,2.9725
95.3420,0.6011,2.5897
95.3422,0.5458,2.3537
95.3424,0.5514,2.3786
95.3426,0.528,2.2767
95.3428,0.5189,2.2353
95.3430,0.5656,2.4368
95.3432,0.6364,2.739
95.3434,0.6173,2.6606
95.3436,0.5466,2.3568
95.3438,0.5301,2.286
95.3440,0.5367,2.3144
95.3442,0.5346,2.303
95.3444,0.5861,2.5216
95.3446,0.6337,2.7264
95.3448,0.716,3.0745
95.3450,0.7896,3.3923
95.3452,0.7026,3.0281
95.3454,0.5546,2.3903
95.3456,0.5833,2.5127
95.3458,0.6409,2.7599
95.3460,0.6509,2.8014
95.3462,0.651,2.8007
95.3464,0.6643,2.8566
95.3466,0.7266,3.1198
95.3468,0.7664,3.2954
95.3470,0.7591,3.2609
95.3472,0.7762,3.3377
95.3474,0.6563,2.826
95.3476,0.6676,2.8732
95.3478,0.6637,2.8593
95.3480,0.583,2.5093
95.3482,0.659,2.8352
95.3484,0.6188,2.6668
95.3486,0.567,2.4413
95.3488,0.6087,2.621
95.3490,0.6495,2.7991
95.3492,0.6231,2.6805
95.3494,0.6748,2.9001
95.3496,0.6871,2.9573
95.3498,0.6692,2.8831
95.3500,0.5911,2.5451
95.3502,0.6155,2.6492
95.3504,0.6348,2.7374
95.3506,0.5512,2.377
95.3508,0.5474,2.3626
95.3510,0.4217,1.8219
95.3512,0.3817,1.6496
95.3514,0.3818,1.6494
95.3516,0.3828,1.652
95.3518,0.3916,1.6887
95.3520,0.4659,2.0116
95.3522,0.488,2.1035
95.3524,0.5198,2.2415
95.3526,0.4833,2.0848
95.3528,0.4884,2.106
95.3530,0.4878,2.1015
95.3532,0.4877,2.1029
95.3534,0.4889,2.1091
95.3536,0.4901,2.1142
95.3538,0.4999,2.1527
95.3540,0.5524,2.3777
95.3542,0.58,2.4953
95.3544,0.6679,2.8707
95.3546,0.7293,3.1404
95.3548,0.5375,2.3164
95.3550,0.5106,2.2007
95.3552,0.554,2.3866
95.3554,0.5853,2.5191
95.3556,0.5911,2.5475
95.3558,0.5569,2.3979
95.3560,0.5842,2.5122
95.3562,0.6788,2.919
95.3564,0.6984,3.0016
95.3566,0.7002,3.008
95.3568,0.6863,2.9482
95.3570,0.7257,3.1177
95.3572,0.7899,3.3901
95.3574,0.8187,3.512
95.3576,0.8321,3.5713
95.3578,0.8341,3.5784
95.3580,0.8684,3.722
95.3582,0.8567,3.6734
95.3584,0.8773,3.7601
95.3586,0.8782,3.7677
95.3588,0.8898,3.8171
95.3590,0.9163,3.9216
95.3592,0.9303,3.9891
95.3594,0.8895,3.8125
95.3596,0.897,3.8426
95.3598,0.9346,4.0076
95.3600,0.9432,4.0465
95.3602,0.9095,3.902
95.3604,0.8954,3.8466
95.3606,0.8221,3.5319
95.3608,0.7862,3.3789
95.3610,0.7462,3.2043
95.3612,0.788,3.3819
95.3614,0.7932,3.4141
95.3616,0.6403,2.7573
95.3618,0.6167,2.6568
95.3620,0.6309,2.7178
95.3622,0.654,2.8136
95.3624,0.6901,2.9633
95.3626,0.7684,3.3042
95.3628,0.7872,3.3788
95.3630,0.8485,3.6401
95.3632,0.8369,3.5936
95.3634,0.799,3.4356
95.3636,0.836,3.5883
95.3638,0.8774,3.7729
95.3640,0.7534,3.2382
95.3642,0.7239,3.1129
95.3644,0.7321,3.1494
95.3646,0.7447,3.1961
95.3648,0.8037,3.4558
95.3650,0.8079,3.4738
95.3652,0.7763,3.3397
95.3654,0.7546,3.2373
95.3656,0.8471,3.6356
95.3658,0.76,3.262
95.3660,0.8611,3.6993
95.3662,0.8618,3.7007
95.3664,0.8637,3.7106
95.3666,0.8213,3.5299
95.3668,0.8386,3.6008
95.3670,0.8773,3.7688
95.3672,0.8464,3.6325
95.3674,0.8171,3.5053
95.3676,0.8889,3.8099
95.3678,0.9777,4.1883
95.3680,0.961,4.1323
95.3682,0.7487,3.2241
95.3684,0.6439,2.7754
95.3686,0.6407,2.7601
95.3688,0.6093,2.6236
95.3690,0.6113,2.6336
95.3692,0.6125,2.6387
95.3694,0.6179,2.6608
95.3696,0.6094,2.6253
95.3698,0.6269,2.7007
95.3700,0.6866,2.9539
95.3702,0.7164,3.0761
95.3704,0.8085,3.4731
95.3706,0.795,3.4218
95.3708,0.686,2.9527
95.3710,0.6773,2.9123
95.3712,0.7324,3.1495
95.3714,0.7438,3.1999
95.3716,0.7436,3.1959
95.3718,0.7968,3.4216
95.3720,0.8218,3.5303
95.3722,0.8075,3.4739
95.3724,0.6999,3.0125
95.3726,0.6441,2.7772
95.3728,0.6286,2.7092
95.3730,0.6286,2.708
95.3732,0.628,2.7054
95.3734,0.6319,2.7237
95.3736,0.6249,2.6919
95.3738,0.6266,2.6992
95.3740,0.6249,2.6894
95.3742,0.6426,2.7671
95.3744,0.6385,2.7496
95.3746,0.6529,2.8154
95.3748,0.5595,2.4138
95.3750,0.5297,2.2818
95.3752,0.5949,2.5592
95.3754,0.6207,2.6764
95.3756,0.5582,2.4081
95.3758,0.4994,2.1566
95.3760,0.4595,1.9823
95.3762,0.4534,1.9596
95.3764,0.4514,1.9499
95.3766,0.4566,1.9717
95.3768,0.4554,1.9656
95.3770,0.4539,1.9607
95.3772,0.4526,1.9541
95.3774,0.4551,1.9632
95.3776,0.457,1.9715
95.3778,0.5016,2.1639
95.3780,0.5154,2.2275
95.3782,0.4523,1.9531
95.3784,0.4497,1.9408
95.3786,0.4558,1.9672
95.3788,0.4973,2.1453
95.3790,0.4889,2.1091
95.3792,0.5252,2.2595
95.3794,0.6379,2.747
95.3796,0.6515,2.8053
95.3798,0.6772,2.9118
95.3800,0.7043,3.0283
95.3802,0.6666,2.8677
95.3804,0.6896,2.9681
95.3806,0.6237,2.6843
95.3808,0.6172,2.6552
95.3810,0.6029,2.5986
95.3812,0.5517,2.3779
95.3814,0.5534,2.3852
95.3816,0.5575,2.4039
95.3818,0.555,2.3908
95.3820,0.5601,2.4141
95.3822,0.5545,2.3887
95.3824,0.5564,2.3981
95.3826,0.5947,2.5606
95.3828,0.5951,2.5626
95.3830,0.6622,2.8526
95.3832,0.6393,2.7514
95.3834,0.631,2.7145
95.3836,0.6405,2.7591
95.3838,0.6174,2.6574
95.3840,0.6334,2.7274
95.3842,0.5905,2.5425
95.3844,0.5959,2.5646
95.3846,0.6696,2.8833
95.3848,0.6843,2.9454
95.3850,0.6634,2.8525
95.3852,0.7058,3.0336
95.3854,0.7372,3.1701
95.3856,0.7189,3.0883
95.3858,0.7779,3.3387
95.3860,0.7599,3.263
95.3862,0.7449,3.2061
95.3864,0.6454,2.7777
95.3866,0.6056,2.61
95.3868,0.5885,2.5354
95.3870,0.5833,2.5127
95.3872,0.5954,2.5637
95.3874,0.5909,2.5434
95.3876,0.5829,2.51
95.3878,0.6107,2.6285
95.3880,0.6732,2.8961
95.3882,0.6528,2.8097
95.3884,0.6376,2.7454
95.3886,0.6793,2.9224
95.3888,0.6774,2.9114
95.3890,0.7255,3.1196
95.3892,0.7274,3.122
95.3894,0.8227,3.5312
95.3896,0.8438,3.6251
95.3898,0.8299,3.5604
95.3900,0.8756,3.7529
95.3902,0.8661,3.7157
95.3904,0.9255,3.9611
95.3906,1.0427,4.4605
95.3908,1.0898,4.6599
95.3910,1.0946,4.6804
95.3912,1.1484,4.9175
95.3914,1.0961,4.6915
95.3916,1.0624,4.543
95.3918,1.0217,4.385
95.3920,0.8874,3.8086
95.3922,0.8938,3.8328
95.3924,0.9073,3.8958
95.3926,0.8443,3.6289
95.3928,0.8491,3.6427
95.3930,0.8516,3.6569
95.3932,0.8098,3.4804
95.3934,0.7382,3.1742
95.3936,0.7513,3.2304
95.3938,0.7449,3.2001
95.3940,0.7785,3.3475
95.3942,0.7409,3.189
95.3944,0.7288,3.134
95.3946,0.7685,3.3031
95.3948,0.7887,3.3929
95.3950,0.7395,3.1814
95.3952,0.7455,3.2072
95.3954,0.7159,3.0812
95.3956,0.68,2.9255
95.3958,0.6989,3.0079
95.3960,0.7128,3.0692
95.3962,0.6936,2.9838
95.3964,0.6784,2.9196
95.3966,0.6875,2.9589
95.3968,0.6965,2.9976
95.3970,0.6863,2.9564
95.3972,0.6287,2.7085
95.3974,0.6519,2.8069
95.3976,0.6502,2.7983
95.3978,0.7129,3.0683
95.3980,0.7279,3.1357
95.3982,0.6608,2.8456
95.3984,0.6791,2.92
95.3986,0.7061,3.0389
95.3988,0.6712,2.89
95.3990,0.6462,2.7839
95.3992,0.673,2.8951
95.3994,0.7403,3.1894
95.3996,0.6364,2.7415
95.3998,0.6248,2.6902
95.4000,0.5957,2.5664
95.4002,0.5908,2.5452
95.4004,0.6119,2.6386
95.4006,0.5877,2.5318
95.4008,0.6473,2.7873
95.4010,0.6686,2.8778
95.4012,0.6545,2.8182
95.4014,0.6489,2.7953
95.4016,0.613,2.642
95.4018,0.6198,2.669
95.4020,0.6373,2.7431
95.4022,0.6509,2.804
95.4024,0.6574,2.8306
95.4026,0.6971,2.9946
95.4028,0.7663,3.2995
95.4030,0.6755,2.91
95.4032,0.6761,2.9058
95.4034,0.7887,3.385
95.4036,0.8039,3.4568
95.4038,0.7058,3.0406
95.4040,0.6255,2.6933
95.4042,0.6316,2.7158
95.4044,0.7485,3.2186
95.4046,0.7787,3.3469
95.4048,0.8231,3.5343
95.4050,0.813,3.496
95.4052,0.7878,3.3814
95.4054,0.8528,3.6603
95.4056,0.8169,3.5141
95.4058,0.7444,3.201
95.4060,0.7412,3.1827
95.4062,0.8059,3.4672
95.4064,0.7589,3.2604
95.4066,0.7634,3.281
95.4068,0.787,3.3794
95.4070,0.8431,3.6305
95.4072,0.7273,3.1317
95.4074,0.6885,2.9649
95.4076,0.6552,2.8174
95.4078,0.7403,3.182
95.4080,0.807,3.4718
95.4082,0.7317,3.1508
95.4084,0.6546,2.8174
95.4086,0.6569,2.8259
95.4088,0.6996,3.0124
95.4090,0.6876,2.9594
95.4092,0.6513,2.8082
95.4094,0.5581,2.4053
95.4096,0.5569,2.399
95.4098,0.5727,2.4661
95.4100,0.5757,2.4824
95.4102,0.5612,2.4199
95.4104,0.5636,2.4302
95.4106,0.562,2.4235
95.4108,0.5839,2.5153
95.4110,0.689,2.9656
95.4112,0.7276,3.1318
95.4114,0.6057,2.6117
95.4116,0.5484,2.3635
95.4118,0.5488,2.3677
95.4120,0.5464,2.3574
95.4122,0.5526,2.3804
95.4124,0.6379,2.7444
95.4126,0.6791,2.9254
95.4128,0.6691,2.8772
95.4130,0.7352,3.1569
95.4132,0.7645,3.2856
95.4134,0.7722,3.3207
95.4136,0.7816,3.364
95.4138,0.6776,2.9179
95.4140,0.6282,2.7077
95.4142,0.6275,2.7008
95.4144,0.6638,2.8559
95.4146,0.6722,2.8947
95.4148,0.6845,2.9446
95.4150,0.6822,2.9334
95.4152,0.7039,3.0282
95.4154,0.6769,2.9134
95.4156,0.7161,3.0779
95.4158,0.7852,3.3763
95.4160,0.76,3.2711
95.4162,0.6661,2.8697
95.4164,0.6008,2.5917
95.4166,0.5817,2.506
95.4168,0.5941,2.5592
95.4170,0.5974,2.5737
95.4172,0.6118,2.6381
95.4174,0.5574,2.4056
95.4176,0.4902,2.1157
95.4178,0.4863,2.0987
95.4180,0.4852,2.094
95.4182,0.4936,2.1263
95.4184,0.5799,2.4959
95.4186,0.6447,2.7811
95.4188,0.5186,2.2374
95.4190,0.4847,2.09
95.4192,0.4827,2.0822
95.4194,0.4855,2.0956
95.4196,0.4847,2.0919
95.4198,0.5011,2.1618
95.4200,0.5102,2.2001
95.4202,0.4994,2.1566
95.4204,0.495,2.1374
95.4206,0.4964,2.1417
95.4208,0.496,2.1366
95.4210,0.5375,2.3186
95.4212,0.5107,2.2032
95.4214,0.543,2.3402
95.4216,0.5499,2.3691
95.4218,0.5517,2.3746
95.4220,0.6098,2.6269
95.4222,0.5845,2.5202
95.4224,0.574,2.4729
95.4226,0.6501,2.7952
95.4228,0.7654,3.2867
95.4230,0.7797,3.3448
95.4232,0.8009,3.4391
95.4234,0.8497,3.6453
95.4236,0.8528,3.6672
95.4238,0.758,3.2548
95.4240,0.8104,3.4781
95.4242,0.9203,3.9446
95.4244,0.964,4.1297
95.4246,0.9069,3.8888
95.4248,0.9556,4.0919
95.4250,1.0352,4.4328
95.4252,1.0483,4.4909
95.4254,1.0212,4.3748
95.4256,1.0034,4.2947
95.4258,1.0257,4.3881
95.4260,1.061,4.5432
95.4262,1.0581,4.5372
95.4264,0.9338,4.0003
95.4266,0.9253,3.9694
95.4268,0.8755,3.7594
95.4270,0.8454,3.6301
95.4272,0.8857,3.7996
95.4274,0.9235,3.9579
95.4276,1.0109,4.3306
95.4278,1.0494,4.4913
95.4280,1.0434,4.4677
95.4282,0.9846,4.222
95.4284,0.9838,4.2263
95.4286,0.935,4.011
95.4288,0.8743,3.763
95.4290,0.748,3.2195
95.4292,0.7204,3.0965
95.4294,0.7772,3.3418
95.4296,0.7453,3.2061
95.4298,0.7254,3.1205
95.4300,0.7185,3.094
95.4302,0.7547,3.2484
95.4304,0.7432,3.1974
95.4306,0.7285,3.1354
95.4308,0.7204,3.1008
95.4310,0.7244,3.1193
95.4312,0.7375,3.1697
95.4314,0.7387,3.1807
95.4316,0.7129,3.0711
95.4318,0.6742,2.9016
95.4320,0.7291,3.135
95.4322,0.7435,3.2014
95.4324,0.6671,2.8751
95.4326,0.6173,2.6582
95.4328,0.6436,2.7712
95.4330,0.6661,2.8723
95.4332,0.6141,2.6479
95.4334,0.5961,2.5692
95.4336,0.6161,2.653
95.4338,0.6248,2.6952
95.4340,0.5202,2.2441
95.4342,0.4998,2.1581
95.4344,0.487,2.1018
95.4346,0.4839,2.0873
95.4348,0.5053,2.1799
95.4350,0.5688,2.4536
95.4352,0.583,2.5128
95.4354,0.5599,2.4164
95.4356,0.4958,2.1411
95.4358,0.4822,2.0811
95.4360,0.4735,2.0429
95.4362,0.4835,2.0877
95.4364,0.4901,2.1142
95.4366,0.5152,2.2234
95.4368,0.5038,2.1762
95.4370,0.4295,1.8556
95.4372,0.4003,1.7308
95.4374,0.4054,1.7515
95.4376,0.455,1.9636
95.4378,0.4493,1.9402
95.4380,0.4421,1.9091
95.4382,0.444,1.9174
95.4384,0.4467,1.9288
95.4386,0.451,1.9483
95.4388,0.4463,1.9272
95.4390,0.4372,1.8879
95.4392,0.4367,1.8849
95.4394,0.4385,1.8936
95.4396,0.4444,1.9189
95.4398,0.459,1.983
95.4400,0.4545,1.9588
95.4402,0.4854,2.0941
95.4404,0.4581,1.978
95.4406,0.4702,2.0293
95.4408,0.4689,2.0217
95.4410,0.4843,2.0884
95.4412,0.5305,2.2865
95.4414,0.5533,2.3824
95.4416,0.5666,2.4398
95.4418,0.5306,2.2912
95.4420,0.4468,1.9302
95.4422,0.4358,1.8808
95.4424,0.4422,1.9078
95.4426,0.4574,1.9739
95.4428,0.4498,1.9413
95.4430,0.4445,1.9159
95.4432,0.4913,2.1175
95.4434,0.5315,2.2895
95.4436,0.5696,2.4549
95.4438,0.5394,2.3247
95.4440,0.5417,2.3345
95.4442,0.5234,2.257
95.4444,0.4605,1.9865
95.4446,0.4522,1.9499
95.4448,0.4928,2.1252
95.4450,0.4673,2.0122
95.4452,0.5108,2.1986
95.4454,0.5991,2.5773
95.4456,0.6553,2.8179
95.4458,0.6551,2.8182
95.4460,0.6835,2.9377
95.4462,0.7023,3.0144
95.4464,0.777,3.3397
95.4466,0.7563,3.2491
95.4468,0.701,3.0116
95.4470,0.6948,2.9876
95.4472,0.6424,2.7687
95.4474,0.5461,2.3536
95.4476,0.545,2.3446
95.4478,0.6167,2.6556
95.4480,0.56,2.4114
95.4482,0.5877,2.5318
95.4484,0.5845,2.5179
95.4486,0.5692,2.4488
95.4488,0.5815,2.5084
95.4490,0.4879,2.1059
95.4492,0.4753,2.0506
95.4494,0.4897,2.1098
95.4496,0.5004,2.1587
95.4498,0.5068,2.1821
95.4500,0.5668,2.4419
95.4502,0.5124,2.2084
95.4504,0.492,2.1206
95.4506,0.5515,2.3703
95.4508,0.6394,2.7532
95.4510,0.5458,2.3537
95.4512,0.5131,2.2136
95.4514,0.5166,2.2224
95.4516,0.631,2.7145
95.4518,0.6361,2.738
95.4520,0.5556,2.3967
95.4522,0.4961,2.1381
95.4524,0.4944,2.1329
95.4526,0.4886,2.1071
95.4528,0.4975,2.1423
95.4530,0.5773,2.4811
95.4532,0.657,2.8265
95.4534,0.6642,2.8534
95.4536,0.7076,3.0413
95.4538,0.6418,2.7597
95.4540,0.5443,2.3481
95.4542,0.4588,1.9792
95.4544,0.4569,1.97
95.4546,0.454,1.9576
95.4548,0.4631,1.996
95.4550,0.4964,2.1387
95.4552,0.5217,2.2456
95.4554,0.5843,2.5162
95.4556,0.5614,2.4175
95.4558,0.5553,2.3934
95.4560,0.5769,2.483
95.4562,0.6706,2.8821
95.4564,0.7085,3.0449
95.4566,0.6811,2.9261
95.4568,0.7234,3.1065
95.4570,0.7556,3.2429
95.4572,0.8183,3.5138
95.4574,0.7961,3.4169
95.4576,0.7842,3.3707
95.4578,0.772,3.3104
95.4580,0.8829,3.7842
95.4582,0.9031,3.876
95.4584,0.8435,3.6185
95.4586,0.8004,3.4322
95.4588,0.8322,3.5685
95.4590,0.8642,3.7092
95.4592,0.8681,3.7292
95.4594,0.8015,3.4401
95.4596,0.7833,3.3634
95.4598,0.7556,3.2429
95.4600,0.8009,3.4407
95.4602,0.7495,3.2212
95.4604,0.7475,3.21
95.4606,0.7878,3.383
95.4608,0.7568,3.2526
95.4610,0.7652,3.2841
95.4612,0.8172,3.5091
95.4614,0.7725,3.3186
95.4616,0.7635,3.2784
95.4618,0.8195,3.5189
95.4620,0.8105,3.4803
95.4622,0.7875,3.3846
95.4624,0.8139,3.4947
95.4626,0.8769,3.7603
95.4628,0.8767,3.7645
95.4630,0.8405,3.6073
95.4632,0.8659,3.7147
95.4634,0.8643,3.7063
95.4636,0.8619,3.6977
95.4638,0.8748,3.7545
95.4640,0.8021,3.4491
95.4642,0.7794,3.3454
95.4644,0.8214,3.5255
95.4646,0.7854,3.3695
95.4648,0.8444,3.6209
95.4650,0.8568,3.6773
95.4652,0.8551,3.6667
95.4654,0.8818,3.7796
95.4656,0.951,4.0761
95.4658,0.9044,3.8835
95.4660,0.831,3.57
95.4662,0.8424,3.6122
95.4664,0.8905,3.8166
95.4666,0.9335,4.0011
95.4668,0.9044,3.8871
95.4670,0.8244,3.5433
95.4672,0.8323,3.5723
95.4674,0.8172,3.5124
95.4676,0.7883,3.3866
95.4678,0.8339,3.5757
95.4680,0.9082,3.8945
95.4682,0.8847,3.7972
95.4684,0.8882,3.8157
95.4686,0.8823,3.7887
95.4688,0.8544,3.6722
95.4690,0.8637,3.7089
95.4692,0.9131,3.9156
95.4694,0.8767,3.7698
95.4696,0.6895,2.9676
95.4698,0.6686,2.8792
95.4700,0.6658,2.8681
95.4702,0.6632,2.8533
95.4704,0.6786,2.918
95.4706,0.7315,3.1468
95.4708,0.7581,3.2598
95.4710,0.7615,3.2712
95.4712,0.7549,3.2489
95.4714,0.6883,2.9652
95.4716,0.6469,2.7857
95.4718,0.6449,2.7756
95.4720,0.6993,3.0086
95.4722,0.7316,3.1444
95.4724,0.699,3.0112
95.4726,0.634,2.7299
95.4728,0.631,2.7183
95.4730,0.6242,2.6901
95.4732,0.6304,2.7157
95.4734,0.63,2.7154
95.4736,0.6224,2.6811
95.4738,0.6563,2.822
95.4740,0.713,3.0688
95.4742,0.6754,2.904
95.4744,0.6913,2.9768
95.4746,0.6286,2.708
95.4748,0.6325,2.7275
95.4750,0.5563,2.3987
95.4752,0.5713,2.4622
95.4754,0.6184,2.6678
95.4756,0.5479,2.3625
95.4758,0.5277,2.2777
95.4760,0.5238,2.2596
95.4762,0.5265,2.2715
95.4764,0.5275,2.2756
95.4766,0.5294,2.2839
95.4768,0.5283,2.2793
95.4770,0.5237,2.2591
95.4772,0.5244,2.2611
95.4774,0.5251,2.2653
95.4776,0.5307,2.2907
95.4778,0.5268,2.2715
95.4780,0.5246,2.2622
95.4782,0.5247,2.2637
95.4784,0.5244,2.2622
95.4786,0.5243,2.2606
95.4788,0.5323,2.2931
95.4790,0.5927,2.5535
95.4792,0.5944,2.5619
95.4794,0.5286,2.2771
95.4796,0.5714,2.4593
95.4798,0.6414,2.7607
95.4800,0.6726,2.8949
95.4802,0.6517,2.8064
95.4804,0.6297,2.7126
95.4806,0.5969,2.5728
95.4808,0.5425,2.3349
95.4810,0.6058,2.6086
95.4812,0.5921,2.5521
95.4814,0.5355,2.3092
95.4816,0.5329,2.2979
95.4818,0.5299,2.2849
95.4820,0.5198,2.2425
95.4822,0.5358,2.3103
95.4824,0.5883,2.5344
95.4826,0.6065,2.6117
95.4828,0.5622,2.4206
95.4830,0.5704,2.454
95.4832,0.5951,2.5662
95.4834,0.5799,2.5005
95.4836,0.5768,2.4813
95.4838,0.609,2.6238
95.4840,0.6135,2.6404
95.4842,0.6569,2.8299
95.4844,0.6521,2.804
95.4846,0.5882,2.5327
95.4848,0.5965,2.5695
95.4850,0.64,2.7532
95.4852,0.728,3.1304
95.4854,0.7184,3.0891
95.4856,0.6503,2.8015
95.4858,0.5989,2.5775
95.4860,0.6084,2.6175
95.4862,0.6301,2.7122
95.4864,0.6438,2.7697
95.4866,0.6685,2.8787
95.4868,0.6557,2.8221
95.4870,0.6859,2.9467
95.4872,0.7357,3.1663
95.4874,0.6423,2.7643
95.4876,0.6242,2.6839
95.4878,0.6513,2.803
95.4880,0.6305,2.7162
95.4882,0.5986,2.5788
95.4884,0.6197,2.666
95.4886,0.7004,3.0104
95.4888,0.7161,3.0822
95.4890,0.6586,2.8318
95.4892,0.752,3.2305
95.4894,0.7977,3.4284
95.4896,0.7934,3.4082
95.4898,0.8021,3.4458
95.4900,0.8068,3.4611
95.4902,0.8251,3.5381
95.4904,0.9254,3.9699
95.4906,0.8863,3.8022
95.4908,0.9021,3.8665
95.4910,0.9515,4.0801
95.4912,0.9536,4.0869
95.4914,1.0429,4.4615
95.4916,1.0684,4.5772
95.4918,0.9917,4.2464
95.4920,1.059,4.5302
95.4922,1.1063,4.7395
95.4924,0.9551,4.0974
95.4926,0.8775,3.7716
95.4928,0.8046,3.4599
95.4930,0.791,3.4011
95.4932,0.7884,3.3855
95.4934,0.8382,3.5925
95.4936,0.8976,3.8559
95.4938,0.8489,3.6484
95.4940,0.8597,3.6862
95.4942,0.8991,3.8608
95.4944,0.8619,3.7012
95.4946,0.9007,3.8693
95.4948,0.8466,3.6302
95.4950,0.8823,3.7869
95.4952,0.8655,3.7114
95.4954,0.9558,4.1005
95.4956,0.8896,3.8255
95.4958,0.7882,3.3908
95.4960,0.7646,3.2892
95.4962,0.7686,3.3083
95.4964,0.7011,3.0177
95.4966,0.7086,3.0511
95.4968,0.7149,3.0742
95.4970,0.7606,3.2706
95.4972,0.7724,3.3212
95.4974,0.7503,3.2323
95.4976,0.7332,3.1555
95.4978,0.6939,2.9881
95.4980,0.676,2.9107
95.4982,0.6557,2.8234
95.4984,0.6685,2.8773
95.4986,0.6677,2.8737
95.4988,0.7035,3.0252
95.4990,0.7526,3.2376
95.4992,0.7093,3.05
95.4994,0.7142,3.0725
95.4996,0.7457,3.2082
95.4998,0.7938,3.4182
95.5000,0.7339,3.1601
95.5002,0.6944,2.9888
95.5004,0.6798,2.9245
95.5006,0.6852,2.9504
95.5008,0.683,2.9452
95.5010,0.6453,2.7798
95.5012,0.6288,2.704
95.5014,0.7287,3.1349
95.5016,0.708,3.0471
95.5018,0.724,3.1134
95.5020,0.7439,3.199
95.5022,0.7389,3.1803
95.5024,0.6849,2.9521
95.5026,0.6867,2.9585
95.5028,0.701,3.0144
95.5030,0.7869,3.3804
95.5032,0.8203,3.5241
95.5034,0.8214,3.5271
95.5036,0.792,3.4073
95.5038,0.7144,3.0778
95.5040,0.6863,2.9482
95.5042,0.767,3.3072
95.5044,0.6568,2.828
95.5046,0.6508,2.8022
95.5048,0.6674,2.8713
95.5050,0.7238,3.1123
95.5052,0.7348,3.1613
95.5054,0.7308,3.1437
95.5056,0.7388,3.1783
95.5058,0.7508,3.2284
95.5060,0.793,3.4099
95.5062,0.8369,3.5969
95.5064,0.8719,3.7457
95.5066,0.8621,3.7
95.5068,0.891,3.8276
95.5070,0.8405,3.6107
95.5072,0.8019,3.4496
95.5074,0.7345,3.1612
95.5076,0.6926,2.981
95.5078,0.6414,2.7658
95.5080,0.5488,2.3666
95.5082,0.5482,2.364
95.5084,0.545,2.3512
95.5086,0.5729,2.4694
95.5088,0.6238,2.6861
95.5090,0.6102,2.6326
95.5092,0.566,2.4417
95.5094,0.5881,2.5334
95.5096,0.6558,2.8252
95.5098,0.5839,2.5188
95.5100,0.5211,2.2503
95.5102,0.4629,2.0005
95.5104,0.4562,1.9724
95.5106,0.4551,1.9641
95.5108,0.4546,1.9629
95.5110,0.451,1.9483
95.5112,0.4651,2.0085
95.5114,0.4708,2.0319
95.5116,0.4657,2.0092
95.5118,0.5366,2.3117
95.5120,0.6327,2.7268
95.5122,0.578,2.4923
95.5124,0.5659,2.44
95.5126,0.5626,2.4261
95.5128,0.6174,2.6587
95.5130,0.6563,2.8247
95.5132,0.6748,2.9028
95.5134,0.686,2.9513
95.5136,0.663,2.8549
95.5138,0.6094,2.6277
95.5140,0.563,2.4276
95.5142,0.5853,2.5226
95.5144,0.6325,2.7288
95.5146,0.5756,2.4819
95.5148,0.5499,2.3713
95.5150,0.5425,2.3392
95.5152,0.5223,2.2524
95.5154,0.5449,2.3485
95.5156,0.5901,2.5445
95.5158,0.5896,2.5424
95.5160,0.587,2.5287
95.5162,0.5855,2.5213
95.5164,0.6161,2.6555
95.5166,0.5905,2.5449
95.5168,0.5831,2.511
95.5170,0.5984,2.5766
95.5172,0.6442,2.7725
95.5174,0.6689,2.8815
95.5176,0.624,2.6883
95.5178,0.6012,2.5866
95.5180,0.6829,2.9379
95.5182,0.6468,2.7904
95.5184,0.511,2.2053
95.5186,0.4892,2.1096
95.5188,0.4841,2.0913
95.5190,0.488,2.1054
95.5192,0.4836,2.0853
95.5194,0.4957,2.1386
95.5196,0.4904,2.1158
95.5198,0.5028,2.1651
95.5200,0.5378,2.3191
95.5202,0.4875,2.1038
95.5204,0.4806,2.0734
95.5206,0.4803,2.0709
95.5208,0.4833,2.0857
95.5210,0.4869,2.1003
95.5212,0.5058,2.18
95.5214,0.5382,2.3174
95.5216,0.6048,2.6033
95.5218,0.6433,2.7689
95.5220,0.5969,2.5692
95.5222,0.6123,2.6328
95.5224,0.7194,3.0918
95.5226,0.7383,3.1733
95.5228,0.7185,3.0882
95.5230,0.7382,3.1713
95.5232,0.8059,3.4575
95.5234,0.8476,3.6309
95.5236,0.9633,4.1286
95.5238,0.9432,4.0484
95.5240,0.9064,3.8831
95.5242,0.945,4.0523
95.5244,0.9531,4.083
95.5246,1.0193,4.3645
95.5248,1.0254,4.3866
95.5250,1.0305,4.4087
95.5252,1.0321,4.4174
95.5254,1.0397,4.4518
95.5256,1.0659,4.5685
95.5258,1.0263,4.3989
95.5260,0.9986,4.2722
95.5262,1.0172,4.3578
95.5264,0.9209,3.9564
95.5266,0.8573,3.6794
95.5268,0.872,3.7409
95.5270,0.9466,4.0533
95.5272,1.0483,4.493
95.5274,1.0304,4.4205
95.5276,0.9052,3.8816
95.5278,0.9509,4.0813
95.5280,0.9073,3.894
95.5282,0.8919,3.8335
95.5284,0.8147,3.4999
95.5286,0.8453,3.6296
95.5288,0.8364,3.5932
95.5290,0.7961,3.4201
95.5292,0.793,3.4067
95.5294,0.8113,3.4888
95.5296,0.8185,3.5148
95.5298,0.9351,4.0097
95.5300,0.998,4.2776
95.5302,0.9287,3.988
95.5304,0.8744,3.7582
95.5306,0.8708,3.7393
95.5308,0.8732,3.7461
95.5310,0.8841,3.7982
95.5312,0.7557,3.2525
95.5314,0.7507,3.2308
95.5316,0.8314,3.5666
95.5318,0.919,3.9444
95.5320,0.8918,3.8258
95.5322,0.8895,3.8196
95.5324,0.885,3.8
95.5326,0.8848,3.7995
95.5328,0.896,3.8456
95.5330,0.9003,3.8696
95.5332,0.8908,3.8324
95.5334,0.7763,3.3397
95.5336,0.7438,3.197
95.5338,0.8261,3.5489
95.5340,0.8889,3.817
95.5342,0.9045,3.8822
95.5344,0.903,3.8773
95.5346,0.8569,3.6864
95.5348,0.8287,3.5635
95.5350,0.8136,3.492
95.5352,0.8701,3.7414
95.5354,0.8474,3.6423
95.5356,0.81,3.4847
95.5358,0.7297,3.142
95.5360,0.7257,3.125
95.5362,0.7696,3.3078
95.5364,0.7948,3.4176
95.5366,0.7634,3.2825
95.5368,0.7438,3.1999
95.5370,0.7198,3.0968
95.5372,0.7938,3.4119
95.5374,0.7866,3.3825
95.5376,0.7514,3.2309
95.5378,0.7567,3.2627
95.5380,0.66,2.8433
95.5382,0.6877,2.9613
95.5384,0.7038,3.0305
95.5386,0.7225,3.1096
95.5388,0.7099,3.0554
95.5390,0.7218,3.1036
95.5392,0.7754,3.3387
95.5394,0.7501,3.2328
95.5396,0.6459,2.7824
95.5398,0.6457,2.7793
95.5400,0.7236,3.1157
95.5402,0.7104,3.056
95.5404,0.738,3.1688
95.5406,0.8631,3.7046
95.5408,0.9418,4.0479
95.5410,0.8412,3.6138
95.5412,0.8634,3.7125
95.5414,0.844,3.629
95.5416,0.8281,3.5576
95.5418,0.8316,3.5709
95.5420,0.863,3.7093
95.5422,0.8037,3.4638
95.5424,0.7315,3.1512
95.5426,0.7164,3.0818
95.5428,0.7437,3.2009
95.5430,0.7613,3.2783
95.5432,0.7471,3.2124
95.5434,0.715,3.0747
95.5436,0.7719,3.3253
95.5438,0.7309,3.1355
95.5440,0.9172,3.9349
95.5442,0.9793,4.2014
95.5444,0.9887,4.2514
95.5446,0.826,3.5517
95.5448,0.7985,3.4368
95.5450,0.7374,3.175
95.5452,0.7243,3.1173
95.5454,0.7242,3.1182
95.5456,0.7375,3.1741
95.5458,0.779,3.348
95.5460,0.8101,3.4868
95.5462,0.792,3.4057
95.5464,0.7521,3.2385
95.5466,0.7479,3.2175
95.5468,0.8112,3.4866
95.5470,0.8741,3.7514
95.5472,0.9205,3.9469
95.5474,0.9838,4.2243
95.5476,0.9612,4.1314
95.5478,0.8504,3.6551
95.5480,0.8025,3.4538
95.5482,0.7902,3.3964
95.5484,0.794,3.414
95.5486,0.7521,3.2385
95.5488,0.7445,3.2045
95.5490,0.7803,3.3552
95.5492,0.7979,3.4326
95.5494,0.8031,3.4548
95.5496,0.7842,3.3707
95.5498,0.8115,3.486
95.5500,0.8016,3.4534
95.5502,0.686,2.9582
95.5504,0.6677,2.8737
95.5506,0.7814,3.3567
95.5508,0.8498,3.6509
95.5510,0.8787,3.775
95.5512,0.8436,3.6241
95.5514,0.8321,3.5796
95.5516,0.8224,3.5395
95.5518,0.7597,3.2665
95.5520,0.7641,3.2902
95.5522,0.7505,3.2303
95.5524,0.7582,3.2618
95.5526,0.8068,3.4675
95.5528,0.8045,3.4545
95.5530,0.8412,3.6171
95.5532,0.8437,3.6297
95.5534,0.8244,3.5483
95.5536,0.8064,3.4692
95.5538,0.7877,3.3856
95.5540,0.8173,3.5145
95.5542,0.8184,3.5241
95.5544,0.7306,3.1461
95.5546,0.7528,3.2401
95.5548,0.8037,3.4541
95.5550,0.9013,3.8719
95.5552,0.887,3.8123
95.5554,0.8268,3.5536
95.5556,0.8846,3.802
95.5558,0.8729,3.7463
95.5560,0.9054,3.8948
95.5562,0.7521,3.234
95.5564,0.8205,3.5296
95.5566,0.8491,3.6512
95.5568,0.867,3.7245
95.5570,0.8986,3.8569
95.5572,0.9075,3.8932
95.5574,0.9269,3.9803
95.5576,0.9217,3.9576
95.5578,0.9239,3.9655
95.5580,0.9342,4.0154
95.5582,0.9027,3.8835
95.5584,0.8862,3.807
95.5586,0.8864,3.8115
95.5588,0.8817,3.7861
95.5590,0.925,3.9702
95.5592,0.9197,3.9494
95.5594,0.91,3.9095
95.5596,0.9152,3.9335
95.5598,0.8706,3.7504
95.5600,0.7724,3.3212
95.5602,0.8447,3.6321
95.5604,0.8887,3.8213
95.5606,0.851,3.6645
95.5608,0.7093,3.057
95.5610,0.674,2.9078
95.5612,0.6873,2.9625
95.5614,0.7023,3.0257
95.5616,0.7049,3.0337
95.5618,0.7381,3.1767
95.5620,0.8005,3.4439
95.5622,0.8514,3.6593
95.5624,0.8544,3.6739
95.5626,0.8152,3.5101
95.5628,0.766,3.3
95.5630,0.7534,3.2427
95.5632,0.7984,3.4315
95.5634,0.8238,3.5473
95.5636,0.7834,3.3702
95.5638,0.8053,3.4598
95.5640,0.873,3.7486
95.5642,0.9181,3.9495
95.5644,0.8201,3.5297
95.5646,0.7738,3.332
95.5648,0.7857,3.3831
95.5650,0.7351,3.1608
95.5652,0.8071,3.4691
95.5654,0.8446,3.635
95.5656,0.7975,3.4311
95.5658,0.8449,3.6348
95.5660,0.8521,3.6658
95.5662,0.8605,3.7002
95.5664,0.8255,3.5595
95.5666,0.7363,3.1689
95.5668,0.8033,3.4542
95.5670,0.8593,3.6916
95.5672,0.9038,3.8845
95.5674,0.8977,3.86
95.5676,0.8917,3.8324
95.5678,0.9077,3.8979
95.5680,0.9099,3.9126
95.5682,0.7931,3.4215
95.5684,0.6184,2.6678
95.5686,0.6064,2.6148
95.5688,0.6261,2.6996
95.5690,0.6885,2.9676
95.5692,0.7352,3.1672
95.5694,0.7335,3.1556
95.5696,0.7806,3.3568
95.5698,0.7997,3.4451
95.5700,0.7555,3.256
95.5702,0.6936,2.9852
95.5704,0.732,3.1518
95.5706,0.7378,3.183
95.5708,0.6736,2.9044
95.5710,0.6672,2.8756
95.5712,0.6861,2.9559
95.5714,0.7537,3.2453
95.5716,0.7613,3.2783
95.5718,0.6876,2.9649
95.5720,0.6292,2.7105
95.5722,0.6593,2.8442
95.5724,0.6485,2.7976
95.5726,0.6445,2.778
95.5728,0.6593,2.8428
95.5730,0.6605,2.8454
95.5732,0.7209,3.1029
95.5734,0.7317,3.1522
95.5736,0.6725,2.8984
95.5738,0.6894,2.9713
95.5740,0.6972,3.0048
95.5742,0.7173,3.0888
95.5744,0.6734,2.9066
95.5746,0.5716,2.4694
95.5748,0.4981,2.1519
95.5750,0.4872,2.1047
95.5752,0.4982,2.1514
95.5754,0.5117,2.2115
95.5756,0.4829,2.0871
95.5758,0.4818,2.0814
95.5760,0.4801,2.0742
95.5762,0.4798,2.0726
95.5764,0.4787,2.067
95.5766,0.4787,2.068
95.5768,0.4804,2.0743
95.5770,0.5347,2.3077
95.5772,0.5333,2.3047
95.5774,0.4839,2.0893
95.5776,0.4781,2.0635
95.5778,0.54,2.3294
95.5780,0.625,2.695
95.5782,0.583,2.5128
95.5784,0.5638,2.4324
95.5786,0.5619,2.423
95.5788,0.562,2.4235
95.5790,0.5722,2.4663
95.5792,0.6324,2.7245
95.5794,0.6592,2.8371
95.5796,0.6908,2.9747
95.5798,0.6836,2.9437
95.5800,0.6999,3.0153
95.5802,0.6708,2.8885
95.5804,0.6418,2.7674
95.5806,0.5998,2.5864
95.5808,0.5954,2.5661
95.5810,0.592,2.5528
95.5812,0.5821,2.511
95.5814,0.5774,2.4908
95.5816,0.5852,2.521
95.5818,0.596,2.5686
95.5820,0.6346,2.7325
95.5822,0.6895,2.9663
95.5824,0.7093,3.0556
95.5826,0.6709,2.889
95.5828,0.6168,2.6623
95.5830,0.5896,2.5389
95.5832,0.6544,2.819
95.5834,0.6171,2.6596
95.5836,0.6298,2.7106
95.5838,0.6797,2.9267
95.5840,0.7371,3.1725
95.5842,0.7419,3.1932
95.5844,0.7209,3.0956
95.5846,0.8609,3.6931
95.5848,0.8673,3.7296
95.5850,0.7817,3.3583
95.5852,0.8015,3.4449
95.5854,0.7907,3.4001
95.5856,0.7973,3.4268
95.5858,0.8399,3.6048
95.5860,0.8311,3.5755
95.5862,0.7567,3.2536
95.5864,0.7213,3.1073
95.5866,0.6215,2.68
95.5868,0.5739,2.477
95.5870,0.5076,2.1918
95.5872,0.4972,2.1467
95.5874,0.4996,2.1551
95.5876,0.4986,2.153
95.5878,0.5125,2.211
95.5880,0.5472,2.3572
95.5882,0.6008,2.5857
95.5884,0.6209,2.6749
95.5886,0.5895,2.5419
95.5888,0.6059,2.6091
95.5890,0.7156,3.0787
95.5892,0.76,3.265
95.5894,0.7629,3.282
95.5896,0.7474,3.2124
95.5898,0.7925,3.403
95.5900,0.8112,3.4834
95.5902,0.8527,3.6581
95.5904,0.949,4.075
95.5906,0.9254,3.9717
95.5908,0.9089,3.8994
95.5910,0.8995,3.8623
95.5912,0.9101,3.9064
95.5914,0.9085,3.901
95.5916,0.8782,3.7765
95.5918,0.8679,3.7304
95.5920,0.9007,3.8639
95.5922,0.9279,3.9844
95.5924,0.9012,3.8714
95.5926,0.8522,3.6595
95.5928,0.8437,3.628
95.5930,0.7906,3.3996
95.5932,0.7363,3.1689
95.5934,0.7651,3.2913
95.5936,0.7863,3.3747
95.5938,0.9014,3.8724
95.5940,0.8488,3.6496
95.5942,0.8142,3.5011
95.5944,0.8127,3.4944
95.5946,0.7917,3.4042
95.5948,0.8237,3.5468
95.5950,0.7576,3.2638
95.5952,0.7198,3.0996
95.5954,0.722,3.1061
95.5956,0.792,3.3994
95.5958,0.9196,3.9452
95.5960,0.857,3.6869
95.5962,0.7248,3.1223
95.5964,0.6995,3.0119
95.5966,0.6995,3.0105
95.5968,0.6997,3.0157
95.5970,0.6417,2.7643
95.5972,0.7015,3.015
95.5974,0.7768,3.3418
95.5976,0.7623,3.2794
95.5978,0.7599,3.2736
95.5980,0.6715,2.8929
95.5982,0.6698,2.8884
95.5984,0.6059,2.614
95.5986,0.5933,2.5585
95.5988,0.5824,2.5114
95.5990,0.5818,2.51
95.5992,0.6201,2.67
95.5994,0.6652,2.8629
95.5996,0.6761,2.9098
95.5998,0.7159,3.0826
95.6000,0.6923,2.9864
95.6002,0.6275,2.7033
95.6004,0.6792,2.9205
95.6006,0.7292,3.1414
95.6008,0.6871,2.9601
95.6010,0.6756,2.9078
95.6012,0.6249,2.6944
95.6014,0.5677,2.4489
95.6016,0.5689,2.4518
95.6018,0.5805,2.5043
95.6020,0.6263,2.6994
95.6022,0.5593,2.4127
95.6024,0.4934,2.1287
95.6026,0.5199,2.2431
95.6028,0.5299,2.2849
95.6030,0.5337,2.3025
95.6032,0.5292,2.285
95.6034,0.5234,2.2591
95.6036,0.5733,2.4687
95.6038,0.6286,2.7092
95.6040,0.6474,2.7891
95.6042,0.6224,2.6786
95.6044,0.6924,2.98
95.6046,0.6762,2.9103
95.6048,0.7188,3.095
95.6050,0.6945,2.9907
95.6052,0.6821,2.9329
95.6054,0.7395,3.1814
95.6056,0.7745,3.3289
95.6058,0.8131,3.4981
95.6060,0.7664,3.2985
95.6062,0.7268,3.1223
95.6064,0.8009,3.4471
95.6066,0.7627,3.2748
95.6068,0.8569,3.6796
95.6070,0.9237,3.959
95.6072,0.9598,4.1213
95.6074,0.8414,3.6131
95.6076,0.8535,3.6651
95.6078,0.8795,3.7746
95.6080,0.8637,3.7158
95.6082,0.811,3.484
95.6084,0.8032,3.4537
95.6086,0.7653,3.2953
95.6088,0.6387,2.7577
95.6090,0.5346,2.3083
95.6092,0.5387,2.3227
95.6094,0.5216,2.2493
95.6096,0.5214,2.2524
95.6098,0.5216,2.2513
95.6100,0.5225,2.255
95.6102,0.5384,2.3206
95.6104,0.6088,2.6276
95.6106,0.5582,2.4081
95.6108,0.5219,2.2503
95.6110,0.5288,2.2813
95.6112,0.5731,2.4734
95.6114,0.5268,2.2736
95.6116,0.5187,2.2379
95.6118,0.5177,2.2343
95.6120,0.51,2.2001
95.6122,0.5473,2.3588
95.6124,0.5871,2.528
95.6126,0.6401,2.7576
95.6128,0.6056,2.6112
95.6130,0.6142,2.6447
95.6132,0.6379,2.747
95.6134,0.6897,2.9687
95.6136,0.6985,3.0077
95.6138,0.6818,2.9373
95.6140,0.6457,2.778
95.6142,0.6897,2.9673
95.6144,0.6472,2.7867
95.6146,0.6128,2.6422
95.6148,0.5907,2.5447
95.6150,0.6532,2.8126
95.6152,0.6134,2.6436
95.6154,0.6376,2.7479
95.6156,0.531,2.2938
95.6158,0.4114,1.7765
95.6160,0.3958,1.7092
95.6162,0.3941,1.7035
95.6164,0.3944,1.7053
95.6166,0.3973,1.7138
95.6168,0.4808,2.0734
95.6170,0.5119,2.2083
95.6172,0.5125,2.2099
95.6174,0.5072,2.1861
95.6176,0.5109,2.2032
95.6178,0.5081,2.1918
95.6180,0.5445,2.348
95.6182,0.5341,2.303
95.6184,0.5047,2.1753
95.6186,0.519,2.2358
95.6188,0.5868,2.5258
95.6190,0.6437,2.7691
95.6192,0.6547,2.814
95.6194,0.7186,3.0916
95.6196,0.6123,2.6426
95.6198,0.5109,2.2063
95.6200,0.5117,2.2022
95.6202,0.5957,2.5687
95.6204,0.4985,2.1494
95.6206,0.4868,2.1012
95.6208,0.4867,2.0968
95.6210,0.5677,2.4444
95.6212,0.6221,2.6813
95.6214,0.5969,2.5691
95.6216,0.6492,2.7903
95.6218,0.7047,3.0359
95.6220,0.6089,2.6208
95.6222,0.6696,2.8765
95.6224,0.7194,3.0889
95.6226,0.7162,3.0769
95.6228,0.7106,3.0584
95.6230,0.6866,2.9538
95.6232,0.7678,3.2969
95.6234,0.8192,3.5145
95.6236,0.8394,3.6077
95.6238,0.8288,3.5573
95.6240,0.9092,3.8931
95.6242,0.9242,3.9646
95.6244,0.9155,3.9239
95.6246,0.9726,4.1705
95.6248,0.9619,4.1267
95.6250,0.871,3.742
95.6252,0.8231,3.5343
95.6254,0.8463,3.6274
95.6256,0.9384,4.024
95.6258,0.9395,4.0267
95.6260,0.9358,4.0108
95.6262,0.9424,4.0372
95.6264,1.0461,4.4815
95.6266,1.0624,4.5493
95.6268,1.0575,4.5261
95.6270,1.0127,4.3342
95.6272,0.9942,4.2631
95.6274,0.9538,4.0879
95.6276,0.9963,4.2703
95.6278,0.9995,4.2837
95.6280,1.0149,4.3541
95.6282,0.974,4.1767
95.6284,0.9371,4.0202
95.6286,0.9201,3.9435
95.6288,1.0189,4.3568
95.6290,1.1236,4.8044
95.6292,1.1057,4.7346
95.6294,1.0942,4.6853
95.6296,1.1496,4.9203
95.6298,1.1281,4.8261
95.6300,1.0564,4.5321
95.6302,0.9454,4.0595
95.6304,0.8796,3.7768
95.6306,0.837,3.5957
95.6308,0.8426,3.6199
95.6310,0.8846,3.8002
95.6312,0.8907,3.8247
95.6314,0.8406,3.6162
95.6316,0.7635,3.286
95.6318,0.7313,3.1462
95.6320,0.7172,3.0854
95.6322,0.7216,3.1073
95.6324,0.7413,3.1905
95.6326,0.7463,3.2107
95.6328,0.78,3.3588
95.6330,0.6775,2.92
95.6332,0.6409,2.7586
95.6334,0.7442,3.2014
95.6336,0.7831,3.366
95.6338,0.8111,3.4844
95.6340,0.8358,3.5989
95.6342,0.71,3.0572
95.6344,0.6931,2.9817
95.6346,0.713,3.0716
95.6348,0.703,3.0245
95.6350,0.6943,2.9896
95.6352,0.6928,2.9876
95.6354,0.641,2.7591
95.6356,0.6822,2.9375
95.6358,0.6553,2.8244
95.6360,0.6584,2.8352
95.6362,0.6619,2.8502
95.6364,0.6027,2.5963
95.6366,0.6622,2.8552
95.6368,0.6203,2.676
95.6370,0.5897,2.5429
95.6372,0.5877,2.5341
95.6374,0.6181,2.663
95.6376,0.7003,3.0112
95.6378,0.7162,3.087
95.6380,0.6012,2.5913
95.6382,0.5833,2.5138
95.6384,0.5963,2.5713
95.6386,0.5916,2.55
95.6388,0.6088,2.6227
95.6390,0.5722,2.4697
95.6392,0.5204,2.2461
95.6394,0.5081,2.1938
95.6396,0.4993,2.154
95.6398,0.553,2.3803
95.6400,0.5827,2.5147
95.6402,0.4774,2.0632
95.6404,0.4476,1.9329
95.6406,0.442,1.9103
95.6408,0.4314,1.8656
95.6410,0.4313,1.8624
95.6412,0.4358,1.8807
95.6414,0.4418,1.9075
95.6416,0.4428,1.913
95.6418,0.4314,1.863
95.6420,0.4318,1.8654
95.6422,0.4371,1.8891
95.6424,0.4452,1.9243
95.6426,0.4475,1.9315
95.6428,0.4691,2.0227
95.6430,0.5256,2.2694
95.6432,0.4874,2.1038
95.6434,0.4605,1.9855
95.6436,0.4963,2.1431
95.6438,0.4795,2.0696
95.6440,0.5326,2.2936
95.6442,0.6416,2.7591
95.6444,0.6823,2.938
95.6446,0.6529,2.8128
95.6448,0.6508,2.7983
95.6450,0.653,2.812
95.6452,0.6634,2.8564
95.6454,0.647,2.7862
95.6456,0.637,2.739
95.6458,0.7128,3.0648
95.6460,0.7456,3.2091
95.6462,0.7315,3.1424
95.6464,0.7475,3.2129
95.6466,0.7508,3.2313
95.6468,0.6576,2.8316
95.6470,0.6047,2.6027
95.6472,0.6246,2.6909
95.6474,0.6063,2.6143
95.6476,0.5672,2.4434
95.6478,0.6153,2.6493
95.6480,0.5894,2.5402
95.6482,0.5484,2.3634
95.6484,0.5457,2.3488
95.6486,0.6299,2.7111
95.6488,0.6896,2.9681
95.6490,0.702,3.0255
95.6492,0.5678,2.446
95.6494,0.5478,2.3608
95.6496,0.5479,2.3613
95.6498,0.5564,2.3992
95.6500,0.5478,2.3586
95.6502,0.5444,2.3464
95.6504,0.5497,2.3713
95.6506,0.5335,2.3015
95.6508,0.5422,2.336
95.6510,0.584,2.5169
95.6512,0.5885,2.5366
95.6514,0.5853,2.5226
95.6516,0.5807,2.4983
95.6518,0.6089,2.6208
95.6520,0.6606,2.8432
95.6522,0.6762,2.9116
95.6524,0.648,2.7877
95.6526,0.6546,2.8187
95.6528,0.6752,2.9035
95.6530,0.7098,3.052
95.6532,0.7521,3.234
95.6534,0.6536,2.8159
95.6536,0.6056,2.6063
95.6538,0.6708,2.8884
95.6540,0.6804,2.9284
95.6542,0.7117,3.0602
95.6544,0.739,3.1748
95.6546,0.7544,3.2423
95.6548,0.719,3.0945
95.6550,0.6726,2.8935
95.6552,0.7315,3.1394
95.6554,0.8345,3.5849
95.6556,0.8227,3.5377
95.6558,0.7369,3.1641
95.6560,0.7941,3.4081
95.6562,0.8192,3.5211
95.6564,0.8231,3.5277
95.6566,0.904,3.8764
95.6568,0.895,3.8432
95.6570,0.8774,3.7658
95.6572,0.9118,3.9098
95.6574,0.913,3.9186
95.6576,0.917,3.9338
95.6578,0.8933,3.8342
95.6580,0.8885,3.8172
95.6582,0.8281,3.5592
95.6584,0.8136,3.4936
95.6586,0.8584,3.6862
95.6588,0.8596,3.693
95.6590,0.8414,3.6114
95.6592,0.8697,3.7311
95.6594,0.8454,3.6301
95.6596,0.8527,3.6598
95.6598,0.8826,3.7861
95.6600,0.9062,3.8893
95.6602,0.837,3.5957
95.6604,0.8644,3.7085
95.6606,0.9833,4.2065
95.6608,1.0471,4.4919
95.6610,0.9245,3.968
95.6612,0.9511,4.0766
95.6614,0.9148,3.9318
95.6616,0.8132,3.4969
95.6618,0.8158,3.5061
95.6620,0.7846,3.3706
95.6622,0.7977,3.4267
95.6624,0.8156,3.5073
95.6626,0.8089,3.4735
95.6628,0.8135,3.4947
95.6630,0.819,3.5233
95.6632,0.7758,3.3407
95.6634,0.7704,3.3113
95.6636,0.8918,3.824
95.6638,0.8999,3.8661
95.6640,0.8903,3.8196
95.6642,0.913,3.915
95.6644,0.9546,4.0877
95.6646,1.0088,4.3258
95.6648,0.9448,4.0607
95.6650,0.8617,3.7035
95.6652,0.8529,3.6625
95.6654,0.874,3.7496
95.6656,0.9448,4.055
95.6658,0.9764,4.1889
95.6660,0.9781,4.1942
95.6662,0.9186,3.9465
95.6664,0.8492,3.6499
95.6666,0.8539,3.6683
95.6668,0.8867,3.8077
95.6670,0.905,3.886
95.6672,0.8718,3.7468
95.6674,0.864,3.7116
95.6676,0.9216,3.9557
95.6678,0.9414,4.0406
95.6680,0.8884,3.822
95.6682,0.7853,3.3799
95.6684,0.7664,3.2984
95.6686,0.7725,3.3216
95.6688,0.7762,3.3361
95.6690,0.7806,3.3551
95.6692,0.7903,3.4
95.6694,0.82,3.5242
95.6696,0.91,3.9094
95.6698,0.8698,3.7351
95.6700,0.9537,4.095
95.6702,0.9679,4.1543
95.6704,0.9293,3.9849
95.6706,0.949,4.073
95.6708,0.8748,3.7632
95.6710,0.799,3.442
95.6712,0.7852,3.3779
95.6714,0.7918,3.4046
95.6716,0.7589,3.2709
95.6718,0.6767,2.9151
95.6720,0.6954,2.9943
95.6722,0.6875,2.9616
95.6724,0.7289,3.1374
95.6726,0.733,3.1622
95.6728,0.63,2.7141
95.6730,0.6596,2.8417
95.6732,0.6626,2.8573
95.6734,0.6357,2.7422
95.6736,0.6063,2.613
95.6738,0.669,2.882
95.6740,0.6185,2.6633
95.6742,0.6357,2.7384
95.6744,0.6809,2.9345
95.6746,0.6636,2.8601
95.6748,0.6729,2.899
95.6750,0.6486,2.7968
95.6752,0.5785,2.4966
95.6754,0.5635,2.4285
95.6756,0.6503,2.8001
95.6758,0.6831,2.9457
95.6760,0.6734,2.8998
95.6762,0.7172,3.0882
95.6764,0.7015,3.0192
95.6766,0.7466,3.2132
95.6768,0.7095,3.0609
95.6770,0.5964,2.5719
95.6772,0.5715,2.4632
95.6774,0.6168,2.6585
95.6776,0.6553,2.8244
95.6778,0.6384,2.7541
95.6780,0.5647,2.4348
95.6782,0.5553,2.3956
95.6784,0.5696,2.456
95.6786,0.5773,2.4868
95.6788,0.6295,2.712
95.6790,0.6394,2.7582
95.6792,0.6243,2.6918
95.6794,0.6557,2.8247
95.6796,0.6298,2.7169
95.6798,0.6666,2.8663
95.6800,0.7662,3.3055
95.6802,0.5589,2.4111
95.6804,0.5269,2.2741
95.6806,0.525,2.2658
95.6808,0.5202,2.2451
95.6810,0.5166,2.2296
95.6812,0.5203,2.2435
95.6814,0.5629,2.4282
95.6816,0.5214,2.2503
95.6818,0.5232,2.257
95.6820,0.5276,2.2751
95.6822,0.5295,2.2844
95.6824,0.5336,2.3041
95.6826,0.5234,2.258
95.6828,0.5341,2.3008
95.6830,0.5898,2.5422
95.6832,0.6071,2.6154
95.6834,0.6355,2.7379
95.6836,0.6205,2.677
95.6838,0.589,2.5363
95.6840,0.6304,2.7119
95.6842,0.6861,2.9531
95.6844,0.7158,3.0792
95.6846,0.7827,3.3639
95.6848,0.7936,3.4092
95.6850,0.801,3.4427
95.6852,0.7805,3.3546
95.6854,0.7983,3.4325
95.6856,0.823,3.5354
95.6858,0.7983,3.4373
95.6860,0.6922,2.9767
95.6862,0.7294,3.1365
95.6864,0.7521,3.2325
95.6866,0.7393,3.1862
95.6868,0.6702,2.8831
95.6870,0.6928,2.9834
95.6872,0.6782,2.9177
95.6874,0.7317,3.1492
95.6876,0.724,3.1177
95.6878,0.6908,2.9663
95.6880,0.7623,3.2793
95.6882,0.7658,3.2912
95.6884,0.7607,3.2711
95.6886,0.7397,3.1779
95.6888,0.8023,3.4468
95.6890,0.8581,3.6881
95.6892,0.7975,3.4262
95.6894,0.798,3.4362
95.6896,0.6776,2.9165
95.6898,0.707,3.0373
95.6900,0.8018,3.4464
95.6902,0.764,3.2865
95.6904,0.7859,3.3747
95.6906,0.8601,3.6917
95.6908,0.9143,3.9279
95.6910,0.8833,3.7928
95.6912,0.8261,3.5505
95.6914,0.8329,3.5698
95.6916,0.9963,4.2783
95.6918,0.876,3.7631
95.6920,0.8346,3.5854
95.6922,0.858,3.6876
95.6924,0.8843,3.7956
95.6926,0.9526,4.0828
95.6928,0.9839,4.2228
95.6930,0.9526,4.0808
95.6932,1.0234,4.3844
95.6934,1.0178,4.3623
95.6936,1.0645,4.5559
95.6938,1.1518,4.9364
95.6940,1.0134,4.3494
95.6942,0.9862,4.2286
95.6944,1.0187,4.3619
95.6946,1.0564,4.5236
95.6948,1.0428,4.4776
95.6950,0.9637,4.1363
95.6952,0.9627,4.1336
95.6954,0.9371,4.024
95.6956,0.9749,4.1803
95.6958,1.027,4.4081
95.6960,0.9423,4.048
95.6962,0.9037,3.8803
95.6964,0.8941,3.8391
95.6966,0.9073,3.8976
95.6968,0.8678,3.7315
95.6970,0.8216,3.5363
95.6972,0.7965,3.4263
95.6974,0.7684,3.3087
95.6976,0.7306,3.1475
95.6978,0.7166,3.0871
95.6980,0.712,3.0675
95.6982,0.6649,2.8684
95.6984,0.6646,2.8616
95.6986,0.718,3.0918
95.6988,0.7418,3.1941
95.6990,0.7647,3.2927
95.6992,0.717,3.0858
95.6994,0.6866,2.9593
95.6996,0.6442,2.7738
95.6998,0.6866,2.9593
95.7000,0.7235,3.1156
95.7002,0.7347,3.1695
95.7004,0.6098,2.6305
95.7006,0.6294,2.709
95.7008,0.7135,3.0779
95.7010,0.6133,2.6448
95.7012,0.6077,2.6217
95.7014,0.5962,2.572
95.7016,0.5979,2.5781
95.7018,0.6737,2.9035
95.7020,0.6444,2.7774
95.7022,0.6716,2.8947
95.7024,0.6581,2.8389
95.7026,0.6024,2.5965
95.7028,0.6005,2.5906
95.7030,0.5871,2.5327
95.7032,0.6463,2.7844
95.7034,0.7168,3.0809
95.7036,0.7821,3.3691
95.7038,0.6767,2.9178
95.7040,0.672,2.8922
95.7042,0.7223,3.109
95.7044,0.699,3.0097
95.7046,0.7086,3.0482
95.7048,0.8183,3.5202
95.7050,0.7925,3.4109
95.7052,0.7167,3.0833
95.7054,0.7116,3.064
95.7056,0.7108,3.0637
95.7058,0.6297,2.7138
95.7060,0.6328,2.726
95.7062,0.6833,2.9435
95.7064,0.7377,3.1721
95.7066,0.7629,3.2865
95.7068,0.717,3.0872
95.7070,0.6841,2.9471
95.7072,0.6125,2.6411
95.7074,0.5577,2.4048
95.7076,0.5569,2.4035
95.7078,0.5745,2.4761
95.7080,0.6367,2.7481
95.7082,0.5692,2.4545
95.7084,0.5226,2.2596
95.7086,0.4492,1.9414
95.7088,0.4445,1.9203
95.7090,0.4325,1.8676
95.7092,0.4305,1.8605
95.7094,0.4331,1.8728
95.7096,0.4341,1.8761
95.7098,0.4311,1.8631
95.7100,0.431,1.8626
95.7102,0.4319,1.8659
95.7104,0.4734,2.0423
95.7106,0.5239,2.2611
95.7108,0.5192,2.242
95.7110,0.4461,1.927
95.7112,0.4323,1.8675
95.7114,0.4313,1.8642
95.7116,0.4332,1.8716
95.7118,0.4316,1.8643
95.7120,0.4277,1.8469
95.7122,0.4605,1.9864
95.7124,0.5149,2.2203
95.7126,0.5401,2.3278
95.7128,0.557,2.4006
95.7130,0.5674,2.4456
95.7132,0.5888,2.5399
95.7134,0.5629,2.4282
95.7136,0.5334,2.3009
95.7138,0.4637,2.0023
95.7140,0.4554,1.9665
95.7142,0.4605,1.9864
95.7144,0.4613,1.9919
95.7146,0.4599,1.9866
95.7148,0.4584,1.9813
95.7150,0.4563,1.9701
95.7152,0.4578,1.976
95.7154,0.4587,1.9796
95.7156,0.4572,1.9743
95.7158,0.4425,1.9088
95.7160,0.4384,1.8912
95.7162,0.4677,2.0175
95.7164,0.5348,2.305
95.7166,0.5952,2.5607
95.7168,0.64,2.7544
95.7170,0.6396,2.7567
95.7172,0.5876,2.5336
95.7174,0.5821,2.5052
95.7176,0.6036,2.5993
95.7178,0.6089,2.6232
95.7180,0.5878,2.5299
95.7182,0.6028,2.5968
95.7184,0.6056,2.6087
95.7186,0.6129,2.639
95.7188,0.6117,2.6326
95.7190,0.6646,2.8562
95.7192,0.7847,3.3695
95.7194,0.8149,3.5058
95.7196,0.6497,2.7975
95.7198,0.6713,2.8864
95.7200,0.6987,3.0087
95.7202,0.5846,2.5195
95.7204,0.5692,2.4533
95.7206,0.5626,2.4249
95.7208,0.4661,2.0089
95.7210,0.4889,2.1081
95.7212,0.5202,2.2409
95.7214,0.6108,2.629
95.7216,0.5775,2.489
95.7218,0.5512,2.3758
95.7220,0.595,2.5609
95.7222,0.6873,2.9528
95.7224,0.7329,3.1529
95.7226,0.6779,2.9162
95.7228,0.686,2.9485
95.7230,0.7227,3.1048
95.7232,0.7716,3.3134
95.7234,0.7998,3.436
95.7236,0.7655,3.2948
95.7238,0.7147,3.066
95.7240,0.8371,3.5878
95.7242,0.9008,3.8589
95.7244,0.9528,4.0781
95.7246,0.9942,4.2591
95.7248,1.0267,4.3942
95.7250,0.9975,4.2735
95.7252,1.0089,4.3283
95.7254,0.9168,3.9259
95.7256,0.9676,4.1393
95.7258,1.0502,4.5011
95.7260,0.9239,3.9618
95.7262,0.8785,3.7651
95.7264,0.9639,4.1234
95.7266,1.0718,4.5872
95.7268,1.044,4.4765
95.7270,0.9502,4.0706
95.7272,0.9762,4.1801
95.7274,0.9827,4.2137
95.7276,0.9493,4.0746
95.7278,0.9158,3.9268
95.7280,0.9481,4.0656
95.7282,0.9278,3.9819
95.7284,0.8631,3.7063
95.7286,0.912,3.9127
95.7288,0.911,3.9081
95.7290,0.8613,3.7037
95.7292,0.7774,3.3428
95.7294,0.7863,3.3809
95.7296,0.7822,3.3634
95.7298,0.7965,3.4232
95.7300,0.8303,3.5652
95.7302,0.8838,3.7948
95.7304,0.8939,3.8368
95.7306,0.8786,3.7727
95.7308,0.8303,3.5652
95.7310,0.8472,3.6412
95.7312,0.8539,3.6717
95.7314,0.8772,3.7612
95.7316,0.8939,3.8475
95.7318,0.7554,3.2514
95.7320,0.7486,3.219
95.7322,0.8021,3.4474
95.7324,0.784,3.3727
95.7326,0.7652,3.2948
95.7328,0.7486,3.222
95.7330,0.7558,3.2469
95.7332,0.8092,3.4762
95.7334,0.84,3.6086
95.7336,0.8136,3.4969
95.7338,0.7807,3.3541
95.7340,0.8008,3.4465
95.7342,0.7649,3.2907
95.7344,0.7817,3.3598
95.7346,0.799,3.4404
95.7348,0.714,3.0757
95.7350,0.6926,2.9824
95.7352,0.7188,3.0906
95.7354,0.7929,3.4061
95.7356,0.7724,3.3257
95.7358,0.6848,2.9502
95.7360,0.6744,2.9052
95.7362,0.671,2.8935
95.7364,0.6813,2.9311
95.7366,0.8086,3.4704
95.7368,0.8372,3.6034
95.7370,0.7022,3.0293
95.7372,0.6084,2.6223
95.7374,0.6288,2.7089
95.7376,0.6419,2.7665
95.7378,0.6339,2.7319
95.7380,0.6288,2.7089
95.7382,0.6244,2.6898
95.7384,0.6355,2.7379
95.7386,0.6578,2.834
95.7388,0.6553,2.8231
95.7390,0.6324,2.7282
95.7392,0.5936,2.5571
95.7394,0.6196,2.6741
95.7396,0.547,2.3599
95.7398,0.6434,2.7655
95.7400,0.7265,3.1285
95.7402,0.6383,2.7498
95.7404,0.6274,2.7027
95.7406,0.6191,2.6721
95.7408,0.5455,2.3532
95.7410,0.5249,2.2642
95.7412,0.5288,2.2802
95.7414,0.5302,2.2875
95.7416,0.5659,2.4423
95.7418,0.5189,2.2373
95.7420,0.5205,2.2456
95.7422,0.5499,2.3723
95.7424,0.5478,2.3619
95.7426,0.537,2.3186
95.7428,0.5255,2.2679
95.7430,0.5324,2.2925
95.7432,0.624,2.6883
95.7434,0.5569,2.4001
95.7436,0.5467,2.3573
95.7438,0.5619,2.4218
95.7440,0.6488,2.7939
95.7442,0.6853,2.9481
95.7444,0.714,3.07
95.7446,0.7191,3.0965
95.7448,0.6737,2.8994
95.7450,0.6894,2.9671
95.7452,0.7345,3.1567
95.7454,0.7944,3.416
95.7456,0.7612,3.2747
95.7458,0.7863,3.3746
95.7460,0.8513,3.6553
95.7462,0.8124,3.4966
95.7464,0.79,3.3906
95.7466,0.8955,3.8435
95.7468,0.8786,3.7692
95.7470,0.9252,3.9711
95.7472,0.851,3.6577
95.7474,0.7855,3.3778
95.7476,0.7286,3.1373
95.7478,0.675,2.9092
95.7480,0.6738,2.9
95.7482,0.7153,3.0757
95.7484,0.7184,3.0934
95.7486,0.6385,2.7521
95.7488,0.5883,2.5355
95.7490,0.5768,2.4871
95.7492,0.5913,2.5473
95.7494,0.6493,2.7947
95.7496,0.6881,2.9641
95.7498,0.613,2.642
95.7500,0.5717,2.4665
95.7502,0.5259,2.2689
95.7504,0.5273,2.2746
95.7506,0.5285,2.2808
95.7508,0.5271,2.274
95.7510,0.5446,2.3463
95.7512,0.6125,2.6375
95.7514,0.656,2.8249
95.7516,0.6665,2.8658
95.7518,0.752,3.232
95.7520,0.7794,3.3515
95.7522,0.6952,2.9965
95.7524,0.6155,2.6528
95.7526,0.6387,2.7513
95.7528,0.6329,2.7265
95.7530,0.627,2.6949
95.7532,0.767,3.2948
95.7534,0.823,3.5371
95.7536,0.7625,3.2834
95.7538,0.6427,2.7663
95.7540,0.618,2.6686
95.7542,0.5275,2.2756
95.7544,0.5647,2.4337
95.7546,0.554,2.3866
95.7548,0.6155,2.6528
95.7550,0.5781,2.4916
95.7552,0.589,2.5386
95.7554,0.5806,2.5001
95.7556,0.6948,2.9903
95.7558,0.7234,3.1107
95.7560,0.7135,3.0694
95.7562,0.7376,3.1686
95.7564,0.7936,3.406
95.7566,0.7822,3.3618
95.7568,0.6993,3.0043
95.7570,0.89,3.8127
95.7572,1.0136,4.3443
95.7574,0.9931,4.2545
95.7576,0.9911,4.2457
95.7578,1.0461,4.4753
95.7580,0.9845,4.2254
95.7582,0.8942,3.8396
95.7584,0.861,3.6987
95.7586,0.8415,3.6136
95.7588,0.8281,3.5576
95.7590,0.8159,3.5034
95.7592,0.868,3.7256
95.7594,0.8979,3.8502
95.7596,0.8895,3.8195
95.7598,0.8341,3.5833
95.7600,0.8138,3.4963
95.7602,0.8947,3.8363
95.7604,0.9345,4.0108
95.7606,0.8914,3.8313
95.7608,0.8395,3.6065
95.7610,0.8415,3.6153
95.7612,0.8327,3.5788
95.7614,0.8082,3.4753
95.7616,0.8394,3.6026
95.7618,0.862,3.7068
95.7620,0.7677,3.3071
95.7622,0.7208,3.1008
95.7624,0.7907,3.3984
95.7626,0.7815,3.3634
95.7628,0.7261,3.1235
95.7630,0.7563,3.252
95.7632,0.7346,3.1587
95.7634,0.7273,3.1301
95.7636,0.7696,3.3185
95.7638,0.6799,2.9249
95.7640,0.7716,3.3134
95.7642,0.8638,3.7111
95.7644,0.8758,3.7591
95.7646,0.8688,3.7322
95.7648,0.8062,3.4649
95.7650,0.8138,3.5011
95.7652,0.8134,3.4975
95.7654,0.7801,3.3531
95.7656,0.8167,3.507
95.7658,0.8538,3.6729
95.7660,0.7817,3.3613
95.7662,0.7823,3.3639
95.7664,0.812,3.4885
95.7666,0.8233,3.5403
95.7668,0.7896,3.3985
95.7670,0.7919,3.4052
95.7672,0.831,3.5699
95.7674,0.8345,3.5799
95.7676,0.9353,4.0125
95.7678,0.9643,4.1447
95.7680,0.7783,3.35
95.7682,0.7502,3.2302
95.7684,0.7572,3.2622
95.7686,0.6497,2.8001
95.7688,0.5999,2.588
95.7690,0.5964,2.5719
95.7692,0.6041,2.6062
95.7694,0.5408,2.3341
95.7696,0.5172,2.2321
95.7698,0.6099,2.6273
95.7700,0.6415,2.765
95.7702,0.6335,2.7354
95.7704,0.5577,2.406
95.7706,0.5391,2.3269
95.7708,0.538,2.3211
95.7710,0.5353,2.3092
95.7712,0.5348,2.3061
95.7714,0.5288,2.2813
95.7716,0.5396,2.3289
95.7718,0.5491,2.3698
95.7720,0.5493,2.3697
95.7722,0.5366,2.3171
95.7724,0.4916,2.1219
95.7726,0.5297,2.2849
95.7728,0.5484,2.3656
95.7730,0.5283,2.2824
95.7732,0.4631,2.0006
95.7734,0.4546,1.9629
95.7736,0.4618,1.994
95.7738,0.4519,1.9524
95.7740,0.4452,1.9234
95.7742,0.4468,1.9301
95.7744,0.4472,1.9299
95.7746,0.4535,1.9591
95.7748,0.4484,1.9351
95.7750,0.4521,1.9538
95.7752,0.4637,2.0032
95.7754,0.4626,1.9976
95.7756,0.4597,1.9842
95.7758,0.4549,1.9626
95.7760,0.4974,2.1448
95.7762,0.546,2.3564
95.7764,0.4858,2.0956
95.7766,0.4613,1.9919
95.7768,0.479,2.0685
95.7770,0.4868,2.1022
95.7772,0.4501,1.9419
95.7774,0.4884,2.104
95.7776,0.541,2.3341
95.7778,0.4808,2.0753
95.7780,0.45,1.9414
95.7782,0.4474,1.93
95.7784,0.4474,1.9309
95.7786,0.4611,1.9909
95.7788,0.4488,1.9362
95.7790,0.4848,2.0905
95.7792,0.5352,2.3076
95.7794,0.5716,2.4614
95.7796,0.5764,2.482
95.7798,0.543,2.3391
95.7800,0.5511,2.3753
95.7802,0.5249,2.2653
95.7804,0.4561,1.9696
95.7806,0.4397,1.8987
95.7808,0.4334,1.8704
95.7810,0.4201,1.8129
95.7812,0.466,2.0102
95.7814,0.4976,2.1458
95.7816,0.5139,2.2161
95.7818,0.5169,2.229
95.7820,0.4901,2.1113
95.7822,0.5619,2.4229
95.7824,0.5123,2.2089
95.7826,0.5065,2.181
95.7828,0.5594,2.4098
95.7830,0.5648,2.4331
95.7832,0.5493,2.3643
95.7834,0.5541,2.3882
95.7836,0.5133,2.2125
95.7838,0.5166,2.2244
95.7840,0.5687,2.449
95.7842,0.599,2.5779
95.7844,0.6662,2.8635
95.7846,0.6946,2.9842
95.7848,0.6672,2.8702
95.7850,0.6685,2.8719
95.7852,0.7328,3.1495
95.7854,0.7967,3.4226
95.7856,0.7918,3.4031
95.7858,0.697,3.0001
95.7860,0.6783,2.9209
95.7862,0.6253,2.6902
95.7864,0.6415,2.7573
95.7866,0.6582,2.8329
95.7868,0.6642,2.856
95.7870,0.715,3.0732
95.7872,0.69,2.971
95.7874,0.6574,2.8293
95.7876,0.6649,2.8578
95.7878,0.6997,3.0114
95.7880,0.6617,2.8478
95.7882,0.6643,2.8592
95.7884,0.6309,2.7139
95.7886,0.6217,2.6735
95.7888,0.6913,2.9753
95.7890,0.6444,2.7709
95.7892,0.7259,3.1187
95.7894,0.7365,3.164
95.7896,0.7482,3.216
95.7898,0.7526,3.23
95.7900,0.7783,3.336
95.7902,0.8961,3.8461
95.7904,0.8843,3.7956
95.7906,0.8343,3.5777
95.7908,0.8667,3.7182
95.7910,0.8787,3.7732
95.7912,0.8341,3.5733
95.7914,0.9022,3.8723
95.7916,0.8527,3.658
95.7918,0.8665,3.7155
95.7920,0.88,3.7789
95.7922,0.8893,3.8167
95.7924,0.8726,3.7469
95.7926,0.8373,3.5922
95.7928,0.8257,3.5489
95.7930,0.7493,3.2236
95.7932,0.7148,3.0722
95.7934,0.7901,3.3927
95.7936,0.8252,3.5452
95.7938,0.8201,3.5214
95.7940,0.8177,3.5078
95.7942,0.8335,3.5807
95.7944,0.8092,3.4794
95.7946,0.7479,3.2129
95.7948,0.77,3.3046
95.7950,0.8497,3.6435
95.7952,0.9401,4.0349
95.7954,0.8979,3.8538
95.7956,0.854,3.6637
95.7958,0.8631,3.7045
95.7960,0.866,3.7238
95.7962,0.7785,3.3443
95.7964,0.8035,3.4504
95.7966,0.7962,3.4237
95.7968,0.7682,3.3046
95.7970,0.7972,3.4215
95.7972,0.8553,3.6728
95.7974,0.8519,3.6596
95.7976,0.8433,3.6196
95.7978,0.8461,3.6348
95.7980,0.7866,3.3793
95.7982,0.8258,3.5511
95.7984,0.7863,3.3825
95.7986,0.7269,3.1271
95.7988,0.7034,3.0288
95.7990,0.6873,2.9569
95.7992,0.7268,3.1223
95.7994,0.7559,3.249
95.7996,0.7604,3.2665
95.7998,0.8208,3.5294
95.8000,0.8263,3.5515
95.8002,0.7734,3.3273
95.8004,0.7402,3.1888
95.8006,0.6743,2.902
95.8008,0.7041,3.0249
95.8010,0.7888,3.3917
95.8012,0.7918,3.4046
95.8014,0.7415,3.1886
95.8016,0.7917,3.4025
95.8018,0.8517,3.6522
95.8020,0.8808,3.7855
95.8022,0.7749,3.3319
95.8024,0.7427,3.1952
95.8026,0.742,3.1907
95.8028,0.736,3.1693
95.8030,0.7607,3.2681
95.8032,0.8782,3.7711
95.8034,0.8291,3.5683
95.8036,0.7102,3.0597
95.8038,0.6763,2.9108
95.8040,0.7595,3.2644
95.8042,0.8122,3.4874
95.8044,0.8096,3.4798
95.8046,0.8111,3.4893
95.8048,0.7855,3.3747
95.8050,0.819,3.5184
95.8052,0.8143,3.5
95.8054,0.7885,3.3923
95.8056,0.7709,3.3134
95.8058,0.7642,3.2876
95.8060,0.6707,2.8906
95.8062,0.6896,2.9681
95.8064,0.7881,3.3871
95.8066,0.833,3.582
95.8068,0.7677,3.3056
95.8070,0.72,3.1001
95.8072,0.7126,3.0658
95.8074,0.6576,2.8342
95.8076,0.6515,2.8066
95.8078,0.6559,2.8231
95.8080,0.6628,2.8591
95.8082,0.5641,2.4345
95.8084,0.555,2.3918
95.8086,0.5669,2.4458
95.8088,0.5548,2.3924
95.8090,0.5504,2.3722
95.8092,0.5541,2.3904
95.8094,0.5526,2.3848
95.8096,0.5539,2.3839
95.8098,0.6894,2.9629
95.8100,0.7485,3.2245
95.8102,0.6436,2.7738
95.8104,0.63,2.7141
95.8106,0.6292,2.7105
95.8108,0.6281,2.7071
95.8110,0.6262,2.7001
95.8112,0.6269,2.7007
95.8114,0.6286,2.7092
95.8116,0.6263,2.6993
95.8118,0.625,2.6937
95.8120,0.6239,2.6865
95.8122,0.6277,2.7018
95.8124,0.6881,2.9614
95.8126,0.7348,3.1612
95.8128,0.7566,3.2521
95.8130,0.7899,3.3917
95.8132,0.8608,3.7068
95.8134,0.687,2.9595
95.8136,0.6474,2.7903
95.8138,0.6351,2.7345
95.8140,0.63,2.7141
95.8142,0.6337,2.7289
95.8144,0.6232,2.6847
95.8146,0.6157,2.6539
95.8148,0.604,2.6008
95.8150,0.6396,2.7516
95.8152,0.6962,2.9965
95.8154,0.6763,2.9095
95.8156,0.6775,2.916
95.8158,0.7052,3.0352
95.8160,0.7238,3.1137
95.8162,0.6882,2.9633
95.8164,0.6893,2.9679
95.8166,0.69,2.9655
95.8168,0.7517,3.2339
95.8170,0.7077,3.046
95.8172,0.6847,2.9456
95.8174,0.6799,2.9276
95.8176,0.6702,2.8885
95.8178,0.693,2.9853
95.8180,0.7039,3.0253
95.8182,0.6991,3.0103
95.8184,0.6113,2.6347
95.8186,0.6078,2.6234
95.8188,0.5126,2.2135
95.8190,0.4669,2.0162
95.8192,0.4698,2.0296
95.8194,0.4707,2.0332
95.8196,0.4671,2.0158
95.8198,0.4674,2.0174
95.8200,0.4681,2.0214
95.8202,0.4703,2.0298
95.8204,0.4732,2.0413
95.8206,0.4739,2.0453
95.8208,0.4691,2.0246
95.8210,0.5053,2.1789
95.8212,0.528,2.2777
95.8214,0.5562,2.3959
95.8216,0.6316,2.7196
95.8218,0.6024,2.5953
95.8220,0.5897,2.5429
95.8222,0.5738,2.4741
95.8224,0.6092,2.6218
95.8226,0.644,2.7707
95.8228,0.656,2.8236
95.8230,0.6839,2.9433
95.8232,0.7039,3.0225
95.8234,0.8635,3.7009
95.8236,0.9585,4.1118
95.8238,0.9149,3.9214
95.8240,0.9141,3.9196
95.8242,0.9092,3.9022
95.8244,0.8827,3.7884
95.8246,0.8955,3.8363
95.8248,0.9588,4.1056
95.8250,1.0311,4.4153
95.8252,1.0312,4.4158
95.8254,1.0508,4.4974
95.8256,1.0296,4.4127
95.8258,0.9412,4.0377
95.8260,0.9712,4.1644
95.8262,0.9516,4.0844
95.8264,0.9384,4.0202
95.8266,1.0142,4.3469
95.8268,0.9656,4.1388
95.8270,0.9471,4.0629
95.8272,0.9688,4.1502
95.8274,1.0059,4.3135
95.8276,1.0034,4.3027
95.8278,0.9926,4.2564
95.8280,0.9961,4.2773
95.8282,0.8998,3.8656
95.8284,0.849,3.6489
95.8286,0.7833,3.3665
95.8288,0.7869,3.3835
95.8290,0.777,3.3459
95.8292,0.7672,3.302
95.8294,0.742,3.1936
95.8296,0.7161,3.0822
95.8298,0.74,3.1863
95.8300,0.637,2.7479
95.8302,0.5539,2.3883
95.8304,0.5789,2.4952
95.8306,0.5871,2.5315
95.8308,0.6419,2.7691
95.8310,0.6098,2.6268
95.8312,0.6544,2.8177
95.8314,0.6115,2.6407
95.8316,0.5448,2.349
95.8318,0.5914,2.5501
95.8320,0.6418,2.7647
95.8322,0.6053,2.6113
95.8324,0.6034,2.6006
95.8326,0.6474,2.7877
95.8328,0.6581,2.835
95.8330,0.6538,2.8151
95.8332,0.6478,2.7932
95.8334,0.5975,2.5729
95.8336,0.6559,2.8257
95.8338,0.6361,2.7417
95.8340,0.6184,2.6677
95.8342,0.5365,2.3144
95.8344,0.5367,2.3154
95.8346,0.5636,2.4313
95.8348,0.5142,2.2192
95.8350,0.4982,2.1494
95.8352,0.4898,2.1141
95.8354,0.4942,2.1338
95.8356,0.5069,2.1876
95.8358,0.504,2.1732
95.8360,0.542,2.3382
95.8362,0.5196,2.2435
95.8364,0.5312,2.2884
95.8366,0.5571,2.4034
95.8368,0.4675,2.0179
95.8370,0.4766,2.0563
95.8372,0.4681,2.0205
95.8374,0.4678,2.0199
95.8376,0.4641,2.0038
95.8378,0.4566,1.9699
95.8380,0.4475,1.9315
95.8382,0.4699,2.0254
95.8384,0.5362,2.3091
95.8386,0.5186,2.2394
95.8388,0.4295,1.8547
95.8390,0.4308,1.8604
95.8392,0.4335,1.8709
95.8394,0.4338,1.8751
95.8396,0.4341,1.8735
95.8398,0.4292,1.8523
95.8400,0.4314,1.863
95.8402,0.4336,1.8714
95.8404,0.4331,1.8685
95.8406,0.4338,1.8725
95.8408,0.4506,1.9458
95.8410,0.438,1.8923
95.8412,0.4341,1.8744
95.8414,0.446,1.9238
95.8416,0.4391,1.8952
95.8418,0.433,1.8697
95.8420,0.4238,1.8273
95.8422,0.43,1.8542
95.8424,0.4239,1.8303
95.8426,0.4186,1.8084
95.8428,0.4166,1.7988
95.8430,0.4189,1.8069
95.8432,0.4656,2.0077
95.8434,0.545,2.3489
95.8436,0.5155,2.2228
95.8438,0.4854,2.0901
95.8440,0.5595,2.407
95.8442,0.6512,2.799
95.8444,0.6961,2.996
95.8446,0.6333,2.7243
95.8448,0.6422,2.7668
95.8450,0.5948,2.5575
95.8452,0.6421,2.7637
95.8454,0.5783,2.4915
95.8456,0.5669,2.4413
95.8458,0.6004,2.5829
95.8460,0.6758,2.902
95.8462,0.7706,3.3118
95.8464,0.7863,3.3778
95.8466,0.7835,3.3628
95.8468,0.7449,3.203
95.8470,0.6768,2.9129
95.8472,0.6448,2.7764
95.8474,0.5603,2.4129
95.8476,0.5481,2.3613
95.8478,0.5756,2.4784
95.8480,0.6384,2.7477
95.8482,0.6563,2.822
95.8484,0.6744,2.8972
95.8486,0.7188,3.0921
95.8488,0.6339,2.7306
95.8490,0.6101,2.621
95.8492,0.649,2.7931
95.8494,0.6191,2.6671
95.8496,0.5343,2.304
95.8498,0.534,2.3003
95.8500,0.5866,2.5271
95.8502,0.5788,2.4912
95.8504,0.608,2.6154
95.8506,0.6917,2.9713
95.8508,0.7726,3.3191
95.8510,0.7628,3.2768
95.8512,0.7457,3.2022
95.8514,0.7933,3.4066
95.8516,0.7238,3.121
95.8518,0.5101,2.1996
95.8520,0.4819,2.0781
95.8522,0.4733,2.0418
95.8524,0.4713,2.032
95.8526,0.4722,2.0371
95.8528,0.4774,2.0584
95.8530,0.5039,2.1707
95.8532,0.5539,2.3883
95.8534,0.4954,2.136
95.8536,0.4812,2.075
95.8538,0.4692,2.0214
95.8540,0.4727,2.0373
95.8542,0.4696,2.0257
95.8544,0.472,2.0361
95.8546,0.5027,2.1625
95.8548,0.6071,2.613
95.8550,0.6618,2.8457
95.8552,0.6944,2.9873
95.8554,0.6541,2.8127
95.8556,0.6905,2.9676
95.8558,0.6653,2.8607
95.8560,0.6705,2.8833
95.8562,0.7017,3.0132
95.8564,0.7679,3.2944
95.8566,0.8029,3.4558
95.8568,0.6799,2.9168
95.8570,0.8312,3.5626
95.8572,0.8842,3.7898
95.8574,0.8852,3.7939
95.8576,0.9022,3.8669
95.8578,0.8912,3.8285
95.8580,0.7746,3.3294
95.8582,0.777,3.3366
95.8584,0.793,3.4003
95.8586,0.9005,3.8579
95.8588,0.933,3.999
95.8590,0.9439,4.0495
95.8592,0.8731,3.749
95.8594,0.7829,3.3665
95.8596,0.7358,3.1609
95.8598,0.8313,3.5698
95.8600,0.8138,3.4914
95.8602,0.8254,3.5441
95.8604,0.8245,3.5405
95.8606,0.8264,3.5437
95.8608,0.8786,3.7656
95.8610,0.8948,3.8386
95.8612,0.9064,3.8885
95.8614,0.8757,3.7551
95.8616,0.9308,3.9874
95.8618,0.9598,4.1174
95.8620,0.8623,3.7044
95.8622,0.8319,3.5674
95.8624,0.9219,3.9493
95.8626,0.9263,3.9776
95.8628,0.8696,3.7358
95.8630,0.8755,3.7523
95.8632,0.9565,4.0997
95.8634,0.987,4.2382
95.8636,0.814,3.5
95.8638,0.7884,3.3823
95.8640,0.8804,3.7822
95.8642,0.8706,3.7399
95.8644,0.8604,3.6961
95.8646,0.8158,3.5061
95.8648,0.7569,3.2516
95.8650,0.7811,3.3525
95.8652,0.8105,3.4851
95.8654,0.8403,3.6101
95.8656,0.8377,3.5988
95.8658,0.8028,3.4505
95.8660,0.7891,3.3886
95.8662,0.8433,3.6196
95.8664,0.8306,3.5651
95.8666,0.9186,3.9391
95.8668,0.9097,3.906
95.8670,0.8304,3.5707
95.8672,0.8207,3.5273
95.8674,0.825,3.5409
95.8676,0.8805,3.7809
95.8678,0.8569,3.6812
95.8680,0.7866,3.3809
95.8682,0.7685,3.3046
95.8684,0.8027,3.4419
95.8686,0.9091,3.9035
95.8688,0.8975,3.8522
95.8690,0.8659,3.7198
95.8692,0.8038,3.4498
95.8694,0.8785,3.7634
95.8696,0.9473,4.0734
95.8698,0.7574,3.2627
95.8700,0.6689,2.8801
95.8702,0.6674,2.8753
95.8704,0.6795,2.9247
95.8706,0.7215,3.1054
95.8708,0.6786,2.9206
95.8710,0.6628,2.8578
95.8712,0.6076,2.6199
95.8714,0.5986,2.5824
95.8716,0.5894,2.5425
95.8718,0.6046,2.6046
95.8720,0.5728,2.4723
95.8722,0.5294,2.2849
95.8724,0.5279,2.2771
95.8726,0.5246,2.2632
95.8728,0.5687,2.4513
95.8730,0.6177,2.6671
95.8732,0.5496,2.3708
95.8734,0.5426,2.3397
95.8736,0.5288,2.2813
95.8738,0.5264,2.272
95.8740,0.5277,2.2766
95.8742,0.5299,2.2838
95.8744,0.5805,2.4984
95.8746,0.6234,2.6845
95.8748,0.5904,2.5472
95.8750,0.5383,2.3232
95.8752,0.531,2.2927
95.8754,0.5252,2.2658
95.8756,0.5241,2.2601
95.8758,0.5219,2.2492
95.8760,0.5243,2.2606
95.8762,0.5732,2.4681
95.8764,0.6135,2.6453
95.8766,0.5533,2.3868
95.8768,0.5413,2.3351
95.8770,0.5413,2.3351
95.8772,0.5383,2.3211
95.8774,0.5365,2.3133
95.8776,0.5312,2.2916
95.8778,0.5299,2.2838
95.8780,0.535,2.3071
95.8782,0.5403,2.3299
95.8784,0.5733,2.4732
95.8786,0.5463,2.3514
95.8788,0.6655,2.8617
95.8790,0.7057,3.0387
95.8792,0.6829,2.9392
95.8794,0.6865,2.9519
95.8796,0.6999,3.0139
95.8798,0.5783,2.4949
95.8800,0.531,2.2906
95.8802,0.5302,2.2864
95.8804,0.5172,2.2311
95.8806,0.5385,2.3189
95.8808,0.5854,2.5231
95.8810,0.5463,2.3524
95.8812,0.5798,2.4965
95.8814,0.6153,2.6555
95.8816,0.4605,1.9883
95.8818,0.438,1.8914
95.8820,0.4925,2.1236
95.8822,0.5313,2.29
95.8824,0.5354,2.3087
95.8826,0.5179,2.2342
95.8828,0.5269,2.2688
95.8830,0.5916,2.5429
95.8832,0.6877,2.9585
95.8834,0.6544,2.8177
95.8836,0.6375,2.7423
95.8838,0.6686,2.8778
95.8840,0.6192,2.6676
95.8842,0.6592,2.8357
95.8844,0.7182,3.0852
95.8846,0.7378,3.1667
95.8848,0.7983,3.4293
95.8850,0.7638,3.2845
95.8852,0.7378,3.1741
95.8854,0.7051,3.0347
95.8856,0.6871,2.9545
95.8858,0.669,2.8793
95.8860,0.6858,2.9475
95.8862,0.721,3.0975
95.8864,0.7402,3.1829
95.8866,0.7334,3.1535
95.8868,0.7114,3.0634
95.8870,0.7058,3.0392
95.8872,0.6422,2.7629
95.8874,0.6545,2.8129
95.8876,0.6881,2.9614
95.8878,0.6681,2.8744
95.8880,0.7046,3.0284
95.8882,0.6972,2.9992
95.8884,0.6996,3.0109
95.8886,0.7142,3.0667
95.8888,0.8078,3.4657
95.8890,0.8496,3.643
95.8892,0.9124,3.9161
95.8894,0.8354,3.5856
95.8896,0.8328,3.5743
95.8898,0.8935,3.833
95.8900,0.8694,3.733
95.8902,0.8214,3.5271
95.8904,0.8683,3.7232
95.8906,0.9346,4.0038
95.8908,0.9631,4.1261
95.8910,1.0067,4.3125
95.8912,0.969,4.157
95.8914,0.9388,4.0255
95.8916,0.9899,4.2466
95.8918,0.9344,4.0121
95.8920,0.9327,3.9974
95.8922,0.9658,4.1431
95.8924,0.9381,4.0262
95.8926,0.9028,3.8677
95.8928,0.9917,4.2523
95.8930,0.9662,4.1452
95.8932,0.9625,4.1312
95.8934,0.9357,4.0103
95.8936,0.9315,3.9979
95.8938,0.8999,3.8643
95.8940,0.9052,3.8834
95.8942,0.9136,3.9212
95.8944,0.9019,3.8654
95.8946,0.9979,4.277
95.8948,1.0195,4.3818
95.8950,0.8678,3.7229
95.8952,0.8786,3.7727
95.8954,0.8033,3.4525
95.8956,0.7995,3.4408
95.8958,0.748,3.2179
95.8960,0.7652,3.2886
95.8962,0.8143,3.4983
95.8964,0.784,3.3664
95.8966,0.8143,3.4983
95.8968,0.8437,3.6245
95.8970,0.8521,3.664
95.8972,0.7948,3.4112
95.8974,0.83,3.5691
95.8976,0.8011,3.4401
95.8978,0.8507,3.6612
95.8980,0.8159,3.5083
95.8982,0.8096,3.4798
95.8984,0.805,3.4614
95.8986,0.8562,3.673
95.8988,0.9114,3.9119
95.8990,0.8638,3.7163
95.8992,0.78,3.3604
95.8994,0.7654,3.2866
95.8996,0.8743,3.7541
95.8998,0.9065,3.8981
95.9000,0.8095,3.4777
95.9002,0.8004,3.4418
95.9004,0.7851,3.3805
95.9006,0.7048,3.035
95.9008,0.6861,2.9559
95.9010,0.6966,2.9966
95.9012,0.7447,3.208
95.9014,0.687,2.9595
95.9016,0.6774,2.9141
95.9018,0.7105,3.0579
95.9020,0.6948,2.9958
95.9022,0.607,2.6198
95.9024,0.5787,2.4953
95.9026,0.6142,2.6472
95.9028,0.6701,2.8853
95.9030,0.7505,3.2273
95.9032,0.7715,3.319
95.9034,0.7165,3.0823
95.9036,0.7274,3.1307
95.9038,0.7584,3.2598
95.9040,0.7795,3.3552
95.9042,0.7769,3.3454
95.9044,0.7617,3.2767
95.9046,0.7869,3.3804
95.9048,0.8339,3.5906
95.9050,0.7316,3.1473
95.9052,0.7967,3.4226
95.9054,0.7504,3.2343
95.9056,0.6608,2.8482
95.9058,0.6294,2.7128
95.9060,0.6027,2.6024
95.9062,0.5338,2.3052
95.9064,0.5727,2.4672
95.9066,0.6229,2.6824
95.9068,0.6451,2.7805
95.9070,0.631,2.7208
95.9072,0.5903,2.5467
95.9074,0.5458,2.3558
95.9076,0.522,2.2539
95.9078,0.4731,2.0436
95.9080,0.4822,2.0791
95.9082,0.5431,2.3418
95.9084,0.591,2.551
95.9086,0.5701,2.4581
95.9088,0.5853,2.5214
95.9090,0.5662,2.4427
95.9092,0.5509,2.3798
95.9094,0.5052,2.1804
95.9096,0.5052,2.1814
95.9098,0.4509,1.9468
95.9100,0.4497,1.9426
95.9102,0.4478,1.9325
95.9104,0.447,1.9294
95.9106,0.445,1.9224
95.9108,0.4479,1.9348
95.9110,0.4487,1.9384
95.9112,0.4637,2.0004
95.9114,0.5156,2.2264
95.9116,0.4817,2.0809
95.9118,0.4486,1.9361
95.9120,0.448,1.9344
95.9122,0.4624,1.9956
95.9124,0.5108,2.2027
95.9126,0.5597,2.4103
95.9128,0.5807,2.503
95.9130,0.5639,2.434
95.9132,0.5468,2.3578
95.9134,0.539,2.3242
95.9136,0.4888,2.1095
95.9138,0.4819,2.079
95.9140,0.4854,2.094
95.9142,0.4825,2.0806
95.9144,0.481,2.0749
95.9146,0.5123,2.2099
95.9148,0.4919,2.122
95.9150,0.4926,2.1231
95.9152,0.5679,2.4443
95.9154,0.6577,2.8308
95.9156,0.6428,2.7668
95.9158,0.6003,2.5872
95.9160,0.592,2.5504
95.9162,0.6016,2.5941
95.9164,0.5286,2.2813
95.9166,0.4865,2.0997
95.9168,0.4903,2.1152
95.9170,0.5159,2.2213
95.9172,0.5925,2.5501
95.9174,0.6186,2.6626
95.9176,0.6824,2.9303
95.9178,0.7279,3.1313
95.9180,0.6281,2.7084
95.9182,0.5902,2.5438
95.9184,0.5427,2.3424
95.9186,0.4789,2.067
95.9188,0.4746,2.0475
95.9190,0.4726,2.0387
95.9192,0.4764,2.0533
95.9194,0.5255,2.2647
95.9196,0.5434,2.3422
95.9198,0.5852,2.5186
95.9200,0.6269,2.6932
95.9202,0.7027,3.0229
95.9204,0.6866,2.9538
95.9206,0.6157,2.6551
95.9208,0.4722,2.0362
95.9210,0.4861,2.0962
95.9212,0.5231,2.2533
95.9214,0.5473,2.3566
95.9216,0.6115,2.6358
95.9218,0.6017,2.5886
95.9220,0.6398,2.7514
95.9222,0.6295,2.707
95.9224,0.6806,2.9267
95.9226,0.7021,3.0147
95.9228,0.7417,3.1832
95.9230,0.7876,3.3819
95.9232,0.8973,3.8458
95.9234,0.9493,4.0708
95.9236,0.9556,4.0899
95.9238,1.0417,4.4584
95.9240,1.0438,4.4655
95.9242,1.0481,4.484
95.9244,1.0521,4.4988
95.9246,1.0908,4.6688
95.9248,1.1051,4.7276
95.9250,1.1001,4.7127
95.9252,0.9622,4.1239
95.9254,0.9182,3.9408
95.9256,0.9061,3.8852
95.9258,0.9034,3.8757
95.9260,0.9038,3.879
95.9262,0.932,3.9999
95.9264,0.917,3.9338
95.9266,0.8985,3.8546
95.9268,0.9122,3.9096
95.9270,0.9689,4.1526
95.9272,0.9291,3.9857
95.9274,0.8775,3.7716
95.9276,0.8395,3.6082
95.9278,0.8525,3.657
95.9280,0.8607,3.6977
95.9282,0.8596,3.6896
95.9284,0.8656,3.7119
95.9286,0.9111,3.9068
95.9288,0.8953,3.8443
95.9290,0.8869,3.81
95.9292,0.9128,3.9158
95.9294,0.8906,3.8188
95.9296,0.9111,3.9104
95.9298,0.8972,3.8507
95.9300,0.9316,3.9947
95.9302,0.9365,4.0176
95.9304,0.9244,3.9657
95.9306,0.9616,4.1271
95.9308,0.9441,4.0538
95.9310,0.9088,3.9024
95.9312,0.883,3.7935
95.9314,0.8794,3.7745
95.9316,0.9345,4.0033
95.9318,0.998,4.2855
95.9320,0.8821,3.7894
95.9322,0.8429,3.6226
95.9324,0.7462,3.2132
95.9326,0.6771,2.9144
95.9328,0.7176,3.0883
95.9330,0.7075,3.0436
95.9332,0.7528,3.2401
95.9334,0.7077,3.0474
95.9336,0.6697,2.8824
95.9338,0.671,2.8935
95.9340,0.6848,2.9488
95.9342,0.7439,3.1989
95.9344,0.7459,3.2087
95.9346,0.7198,3.101
95.9348,0.6822,2.9361
95.9350,0.6917,2.9769
95.9352,0.7203,3.1031
95.9354,0.6837,2.9414
95.9356,0.7208,3.1052
95.9358,0.6783,2.9236
95.9360,0.6861,2.949
95.9362,0.8192,3.5194
95.9364,0.7734,3.3273
95.9366,0.6719,2.8944
95.9368,0.6624,2.8549
95.9370,0.6509,2.8066
95.9372,0.5834,2.5155
95.9374,0.5765,2.4872
95.9376,0.5907,2.547
95.9378,0.6064,2.6136
95.9380,0.6323,2.7239
95.9382,0.6108,2.6327
95.9384,0.6451,2.7792
95.9386,0.5713,2.4644
95.9388,0.5402,2.3326
95.9390,0.5395,2.3273
95.9392,0.5388,2.3231
95.9394,0.5674,2.4456
95.9396,0.616,2.6549
95.9398,0.6165,2.6557
95.9400,0.6198,2.6714
95.9402,0.5585,2.4085
95.9404,0.5728,2.4666
95.9406,0.653,2.8159
95.9408,0.6331,2.7288
95.9410,0.5633,2.428
95.9412,0.5751,2.481
95.9414,0.531,2.2917
95.9416,0.5223,2.2513
95.9418,0.5774,2.4885
95.9420,0.5883,2.539
95.9422,0.5751,2.481
95.9424,0.548,2.3641
95.9426,0.5292,2.2786
95.9428,0.6425,2.7653
95.9430,0.6752,2.9129
95.9432,0.5761,2.4828
95.9434,0.5415,2.3329
95.9436,0.5812,2.5027
95.9438,0.6677,2.8736
95.9440,0.7008,3.0189
95.9442,0.6709,2.8889
95.9444,0.656,2.8249
95.9446,0.654,2.8135
95.9448,0.6618,2.8484
95.9450,0.6708,2.8884
95.9452,0.6883,2.9597
95.9454,0.718,3.0947
95.9456,0.653,2.812
95.9458,0.7074,3.0416
95.9460,0.7539,3.2417
95.9462,0.759,3.2654
95.9464,0.711,3.06
95.9466,0.6466,2.7828
95.9468,0.6987,3.0017
95.9470,0.8155,3.5018
95.9472,0.8122,3.4939
95.9474,0.7829,3.3618
95.9476,0.8155,3.5051
95.9478,0.8075,3.4706
95.9480,0.7493,3.2236
95.9482,0.6758,2.9074
95.9484,0.6675,2.8758
95.9486,0.6587,2.8376
95.9488,0.65,2.7978
95.9490,0.7016,3.0155
95.9492,0.7259,3.1259
95.9494,0.7235,3.1127
95.9496,0.7504,3.2223
95.9498,0.7516,3.2349
95.9500,0.724,3.1119
95.9502,0.8108,3.4882
95.9504,0.7159,3.0768
95.9506,0.7973,3.4204
95.9508,0.8867,3.8112
95.9510,0.7714,3.3201
95.9512,0.6709,2.8876
95.9514,0.7045,3.0307
95.9516,0.7158,3.0792
95.9518,0.7482,3.2175
95.9520,0.7841,3.3779
95.9522,0.634,2.7337
95.9524,0.6021,2.5937
95.9526,0.6291,2.7112
95.9528,0.577,2.4881
95.9530,0.5618,2.4258
95.9532,0.4684,2.0224
95.9534,0.4623,1.9951
95.9536,0.4559,1.9677
95.9538,0.4571,1.9765
95.9540,0.4269,1.8441
95.9542,0.4579,1.9747
95.9544,0.5083,2.1908
95.9546,0.572,2.4675
95.9548,0.5442,2.3464
95.9550,0.5035,2.1721
95.9552,0.4915,2.1204
95.9554,0.5731,2.471
95.9556,0.6324,2.7219
95.9558,0.6743,2.902
95.9560,0.6373,2.7443
95.9562,0.7076,3.0427
95.9564,0.7566,3.2521
95.9566,0.7811,3.3447
95.9568,0.9448,4.055
95.9570,0.9011,3.8677
95.9572,0.9051,3.881
95.9574,0.9023,3.871
95.9576,0.9095,3.9019
95.9578,0.893,3.8309
95.9580,0.8909,3.8204
95.9582,0.9233,3.9592
95.9584,0.9275,3.979
95.9586,0.9014,3.8759
95.9588,0.8263,3.5498
95.9590,0.8242,3.5389
95.9592,0.8635,3.7061
95.9594,0.9391,4.0289
95.9596,0.9268,3.9797
95.9598,0.8415,3.6153
95.9600,0.8598,3.6918
95.9602,0.8377,3.6004
95.9604,0.8233,3.537
95.9606,0.8624,3.7014
95.9608,0.8855,3.799
95.9610,0.8754,3.7623
95.9612,0.7401,3.1839
95.9614,0.7637,3.284
95.9616,0.7954,3.4137
95.9618,0.8484,3.6514
95.9620,0.8299,3.5669
95.9622,0.8319,3.574
95.9624,0.836,3.5916
95.9626,0.7739,3.3263
95.9628,0.8011,3.4449
95.9630,0.8044,3.4572
95.9632,0.8088,3.4811
95.9634,0.6692,2.8844
95.9636,0.7102,3.054
95.9638,0.8438,3.62
95.9640,0.9003,3.8659
95.9642,0.8767,3.7644
95.9644,0.8303,3.5702
95.9646,0.7963,3.4258
95.9648,0.7765,3.3423
95.9650,0.7287,3.1349
95.9652,0.7761,3.3386
95.9654,0.7252,3.1228
95.9656,0.6686,2.8778
95.9658,0.6705,2.886
95.9660,0.7107,3.0589
95.9662,0.7328,3.151
95.9664,0.7817,3.3613
95.9666,0.83,3.5691
95.9668,0.8142,3.4994
95.9670,0.8218,3.5335
95.9672,0.8048,3.4592
95.9674,0.8196,3.5259
95.9676,0.7178,3.0851
95.9678,0.7447,3.205
95.9680,0.6927,2.9829
95.9682,0.7578,3.2572
95.9684,0.7674,3.3046
95.9686,0.6197,2.6759
95.9688,0.5277,2.2787
95.9690,0.522,2.2528
95.9692,0.5421,2.3365
95.9694,0.6264,2.6923
95.9696,0.7138,3.0795
95.9698,0.5861,2.5309
95.9700,0.5601,2.4152
95.9702,0.5497,2.3702
95.9704,0.5434,2.3444
95.9706,0.5437,2.3443
95.9708,0.5938,2.5569
95.9710,0.6349,2.7353
95.9712,0.5756,2.4865
95.9714,0.5096,2.1995
95.9716,0.5456,2.3526
95.9718,0.5065,2.1871
95.9720,0.4614,1.9906
95.9722,0.504,2.1742
95.9724,0.4668,2.0166
95.9726,0.4479,1.9339
95.9728,0.4478,1.9343
95.9730,0.4486,1.9361
95.9732,0.4573,1.9748
95.9734,0.4585,1.9809
95.9736,0.4495,1.9412
95.9738,0.4487,1.9357
95.9740,0.4458,1.9224
95.9742,0.4491,1.9373
95.9744,0.4489,1.9386
95.9746,0.4521,1.952
95.9748,0.5042,2.1742
95.9750,0.5101,2.2026
95.9752,0.4576,1.9758
95.9754,0.4491,1.94
95.9756,0.4452,1.9234
95.9758,0.4638,2
95.9760,0.5067,2.1841
95.9762,0.5148,2.2197
95.9764,0.4819,2.079
95.9766,0.4463,1.9272
95.9768,0.4529,1.9556
95.9770,0.4476,1.9311
95.9772,0.4472,1.9308
95.9774,0.4432,1.9128
95.9776,0.4418,1.9066
95.9778,0.4442,1.9152
95.9780,0.4492,1.9378
95.9782,0.4545,1.9606
95.9784,0.4649,2.0084
95.9786,0.4625,1.9961
95.9788,0.4608,1.988
95.9790,0.4802,2.0708
95.9792,0.5364,2.3096
95.9794,0.5783,2.4891
95.9796,0.5912,2.5456
95.9798,0.5597,2.4103
95.9800,0.5472,2.3593
95.9802,0.5313,2.2922
95.9804,0.4978,2.1453
95.9806,0.4756,2.0516
95.9808,0.4812,2.075
95.9810,0.5601,2.4107
95.9812,0.5698,2.4571
95.9814,0.503,2.1691
95.9816,0.492,2.1215
95.9818,0.5648,2.4308
95.9820,0.6039,2.6015
95.9822,0.6264,2.6961
95.9824,0.647,2.7862
95.9826,0.5838,2.5129
95.9828,0.5904,2.5425
95.9830,0.6322,2.7171
95.9832,0.6912,2.9707
95.9834,0.6655,2.8644
95.9836,0.6449,2.7717
95.9838,0.773,3.3191
95.9840,0.7504,3.2208
95.9842,0.7321,3.1479
95.9844,0.6811,2.9274
95.9846,0.7239,3.1099
95.9848,0.7072,3.0425
95.9850,0.6473,2.7846
95.9852,0.6265,2.6991
95.9854,0.5708,2.4589
95.9856,0.5496,2.3664
95.9858,0.5585,2.4085
95.9860,0.5733,2.4652
95.9862,0.6422,2.7655
95.9864,0.5762,2.481
95.9866,0.5855,2.5213
95.9868,0.5631,2.4247
95.9870,0.602,2.5908
95.9872,0.6587,2.8297
95.9874,0.7172,3.0868
95.9876,0.6243,2.6893
95.9878,0.6005,2.5834
95.9880,0.6,2.5802
95.9882,0.6622,2.8446
95.9884,0.6669,2.8705
95.9886,0.6644,2.8597
95.9888,0.6669,2.8665
95.9890,0.6698,2.8843
95.9892,0.6439,2.7689
95.9894,0.7228,3.1038
95.9896,0.7809,3.353
95.9898,0.7204,3.1007
95.9900,0.6793,2.9128
95.9902,0.8936,3.8281
95.9904,0.8582,3.6886
95.9906,0.7653,3.2876
95.9908,0.8023,3.4452
95.9910,0.8335,3.5774
95.9912,0.8257,3.5423
95.9914,0.8677,3.7224
95.9916,0.8843,3.7921
95.9918,0.8727,3.7475
95.9920,0.8395,3.5998
95.9922,0.8887,3.8106
95.9924,0.933,3.9952
95.9926,0.949,4.0673
95.9928,0.9046,3.8808
95.9930,0.8237,3.5352
95.9932,0.8185,3.5131
95.9934,0.8286,3.558
95.9936,0.8162,3.5049
95.9938,0.8136,3.4952
95.9940,0.8104,3.4797
95.9942,0.8242,3.5389
95.9944,0.7978,3.4288
95.9946,0.7443,3.199
95.9948,0.7837,3.367
95.9950,0.8267,3.5481
95.9952,0.8719,3.7421
95.9954,0.8557,3.6726
95.9956,0.879,3.769
95.9958,0.8716,3.7428
95.9960,0.804,3.454
95.9962,0.7744,3.3268
95.9964,0.7897,3.3943
95.9966,0.7797,3.3541
95.9968,0.7472,3.2128
95.9970,0.7667,3.2938
95.9972,0.7873,3.3808
95.9974,0.806,3.4596
95.9976,0.8419,3.6151
95.9978,0.8325,3.5766
95.9980,0.7381,3.1766
95.9982,0.7568,3.2526
95.9984,0.7732,3.3216
95.9986,0.7644,3.2871
95.9988,0.767,3.2964
95.9990,0.8237,3.5336
95.9992,0.8491,3.646
95.9994,0.8286,3.5547
95.9996,0.8853,3.8051
95.9998,0.8323,3.5739
96.0000,0.8738,3.7538
96.0002,0.8208,3.5278
96.0004,0.8184,3.5158
96.0006,0.8198,3.5187
96.0008,0.8283,3.5669
96.0010,0.6625,2.8541
96.0012,0.633,2.7283
96.0014,0.5856,2.5241
96.0016,0.6094,2.6204
96.0018,0.7214,3.1077
96.0020,0.6587,2.8376
96.0022,0.6384,2.7477
96.0024,0.6331,2.725
96.0026,0.6695,2.876
96.0028,0.8218,3.527
96.0030,0.8153,3.5057
96.0032,0.6882,2.966
96.0034,0.6578,2.83
96.0036,0.7045,3.0293
96.0038,0.7432,3.1958
96.0040,0.7604,3.2695
96.0042,0.7671,3.2969
96.0044,0.771,3.3201
96.0046,0.7238,3.1181
96.0048,0.6821,2.9342
96.0050,0.683,2.9383
96.0052,0.7074,3.0445
96.0054,0.7177,3.0874
96.0056,0.6711,2.89
96.0058,0.619,2.6666
96.0060,0.6503,2.7975
96.0062,0.7631,3.2799
96.0064,0.7524,3.243
96.0066,0.6534,2.8135
96.0068,0.6625,2.8528
96.0070,0.6801,2.9232
96.0072,0.7586,3.2603
96.0074,0.8255,3.5429
96.0076,0.9126,3.9171
96.0078,0.8611,3.7061
96.0080,0.7243,3.1216
96.0082,0.6349,2.7378
96.0084,0.571,2.4588
96.0086,0.6253,2.6915
96.0088,0.6691,2.8772
96.0090,0.7006,3.017
96.0092,0.6799,2.9236
96.0094,0.7472,3.2188
96.0096,0.6911,2.9812
96.0098,0.5593,2.4127
96.0100,0.5434,2.3444
96.0102,0.5458,2.3558
96.0104,0.5407,2.3325
96.0106,0.5371,2.3159
96.0108,0.5285,2.2776
96.0110,0.5264,2.2709
96.0112,0.5304,2.288
96.0114,0.5276,2.274
96.0116,0.5263,2.2694
96.0118,0.5643,2.4322
96.0120,0.565,2.4375
96.0122,0.5196,2.2404
96.0124,0.5394,2.3247
96.0126,0.607,2.6101
96.0128,0.6948,2.9875
96.0130,0.7329,3.1529
96.0132,0.68,2.9322
96.0134,0.5852,2.5209
96.0136,0.5999,2.5844
96.0138,0.5938,2.5581
96.0140,0.5838,2.5164
96.0142,0.5945,2.5612
96.0144,0.6185,2.6633
96.0146,0.6123,2.6377
96.0148,0.6293,2.7123
96.0150,0.6237,2.6855
96.0152,0.6571,2.8295
96.0154,0.6054,2.6094
96.0156,0.5633,2.428
96.0158,0.5656,2.4356
96.0160,0.5769,2.4841
96.0162,0.664,2.8576
96.0164,0.6702,2.8845
96.0166,0.6825,2.9335
96.0168,0.7417,3.1861
96.0170,0.774,3.3252
96.0172,0.7364,3.1664
96.0174,0.6678,2.8782
96.0176,0.5335,2.3004
96.0178,0.5403,2.3309
96.0180,0.4766,2.0563
96.0182,0.4775,2.0608
96.0184,0.4726,2.0387
96.0186,0.4665,2.0123
96.0188,0.4716,2.0336
96.0190,0.4692,2.0233
96.0192,0.4819,2.079
96.0194,0.477,2.0578
96.0196,0.4783,2.0635
96.0198,0.4771,2.0593
96.0200,0.4804,2.0733
96.0202,0.4806,2.0733
96.0204,0.45,1.9414
96.0206,0.4691,2.0218
96.0208,0.5386,2.3237
96.0210,0.4455,1.9218
96.0212,0.4348,1.8757
96.0214,0.4786,2.0636
96.0216,0.5358,2.3124
96.0218,0.5014,2.1608
96.0220,0.5454,2.3483
96.0222,0.6583,2.8321
96.0224,0.7027,3.0201
96.0226,0.7173,3.083
96.0228,0.7279,3.1254
96.0230,0.7816,3.3514
96.0232,0.8558,3.6748
96.0234,0.7739,3.3247
96.0236,0.8348,3.5781
96.0238,0.9269,3.9709
96.0240,0.9364,4.0059
96.0242,1.0348,4.425
96.0244,1.0667,4.5678
96.0246,1.0531,4.5113
96.0248,1.0449,4.468
96.0250,1.0528,4.5061
96.0252,1.0516,4.5052
96.0254,0.995,4.2707
96.0256,0.8602,3.6939
96.0258,0.8979,3.8502
96.0260,0.9431,4.0422
96.0262,0.9597,4.1112
96.0264,0.9697,4.1582
96.0266,0.9473,4.062
96.0268,0.9292,3.9863
96.0270,0.9168,3.9296
96.0272,0.9522,4.0831
96.0274,0.936,4.0174
96.0276,0.8649,3.714
96.0278,0.9302,3.9941
96.0280,0.8857,3.7995
96.0282,0.8945,3.8376
96.0284,0.8743,3.7559
96.0286,0.8555,3.6716
96.0288,0.8509,3.6554
96.0290,0.8473,3.64
96.0292,0.8329,3.5748
96.0294,0.9073,3.8957
96.0296,0.8987,3.8592
96.0298,0.9021,3.8682
96.0300,0.9234,3.9579
96.0302,0.9425,4.0509
96.0304,0.8254,3.5474
96.0306,0.7881,3.3887
96.0308,0.7749,3.3335
96.0310,0.7819,3.3639
96.0312,0.8036,3.4525
96.0314,0.7839,3.3706
96.0316,0.7505,3.2303
96.0318,0.7006,3.017
96.0320,0.7057,3.033
96.0322,0.7646,3.2891
96.0324,0.7388,3.1797
96.0326,0.7348,3.1627
96.0328,0.716,3.0802
96.0330,0.7221,3.1051
96.0332,0.6908,2.9774
96.0334,0.6173,2.6581
96.0336,0.6841,2.9443
96.0338,0.684,2.9466
96.0340,0.6842,2.9462
96.0342,0.6335,2.7304
96.0344,0.5874,2.5331
96.0346,0.596,2.5686
96.0348,0.5976,2.577
96.0350,0.5984,2.5801
96.0352,0.544,2.3492
96.0354,0.5083,2.1949
96.0356,0.5102,2.2021
96.0358,0.5129,2.2135
96.0360,0.5729,2.4648
96.0362,0.7107,3.0618
96.0364,0.6011,2.592
96.0366,0.5534,2.3873
96.0368,0.548,2.363
96.0370,0.5464,2.3551
96.0372,0.5653,2.4374
96.0374,0.5645,2.4343
96.0376,0.5666,2.4442
96.0378,0.5094,2.1985
96.0380,0.5227,2.2539
96.0382,0.5484,2.3678
96.0384,0.4679,2.0204
96.0386,0.4491,1.9382
96.0388,0.4491,1.9382
96.0390,0.4521,1.9529
96.0392,0.4512,1.9493
96.0394,0.4517,1.9505
96.0396,0.4641,2.0038
96.0398,0.4576,1.9758
96.0400,0.4596,1.9837
96.0402,0.4648,2.0032
96.0404,0.5042,2.1732
96.0406,0.5002,2.1597
96.0408,0.4619,1.9954
96.0410,0.4698,2.0258
96.0412,0.476,2.0546
96.0414,0.43,1.8576
96.0416,0.4452,1.9216
96.0418,0.4632,1.9983
96.0420,0.5184,2.2332
96.0422,0.5226,2.2533
96.0424,0.5322,2.2947
96.0426,0.5096,2.1985
96.0428,0.4994,2.1516
96.0430,0.5304,2.288
96.0432,0.4861,2.0981
96.0434,0.4687,2.0202
96.0436,0.5256,2.2631
96.0438,0.5817,2.5059
96.0440,0.5775,2.4878
96.0442,0.5793,2.4956
96.0444,0.5765,2.4814
96.0446,0.5723,2.4668
96.0448,0.6024,2.5929
96.0450,0.6293,2.7072
96.0452,0.6436,2.7686
96.0454,0.6172,2.6576
96.0456,0.5468,2.3545
96.0458,0.5765,2.4814
96.0460,0.6412,2.7583
96.0462,0.6786,2.9193
96.0464,0.6819,2.9351
96.0466,0.6728,2.8931
96.0468,0.6674,2.8739
96.0470,0.5806,2.499
96.0472,0.6044,2.5987
96.0474,0.6196,2.6679
96.0476,0.6486,2.7903
96.0478,0.6753,2.9107
96.0480,0.5926,2.5529
96.0482,0.5921,2.5497
96.0484,0.6003,2.5848
96.0486,0.5795,2.4955
96.0488,0.5757,2.4778
96.0490,0.6056,2.6051
96.0492,0.5957,2.5652
96.0494,0.6394,2.7493
96.0496,0.6889,2.9636
96.0498,0.6625,2.8475
96.0500,0.7038,3.0276
96.0502,0.6681,2.8757
96.0504,0.6812,2.9252
96.0506,0.6993,3.0057
96.0508,0.6824,2.9385
96.0510,0.6624,2.8523
96.0512,0.6834,2.9399
96.0514,0.6063,2.6143
96.0516,0.4909,2.1188
96.0518,0.478,2.061
96.0520,0.4762,2.0523
96.0522,0.524,2.2575
96.0524,0.4988,2.152
96.0526,0.5512,2.3714
96.0528,0.6437,2.7743
96.0530,0.5142,2.2182
96.0532,0.49,2.1137
96.0534,0.4824,2.0801
96.0536,0.472,2.0333
96.0538,0.5035,2.1742
96.0540,0.4036,1.7428
96.0542,0.4,1.7273
96.0544,0.4095,1.7666
96.0546,0.4566,1.969
96.0548,0.4922,2.1206
96.0550,0.5842,2.5144
96.0552,0.6249,2.6894
96.0554,0.5678,2.4426
96.0556,0.6015,2.5888
96.0558,0.6347,2.7317
96.0560,0.6529,2.8049
96.0562,0.7166,3.0814
96.0564,0.7231,3.1049
96.0566,0.7883,3.3771
96.0568,0.9197,3.9401
96.0570,0.9016,3.8679
96.0572,0.8323,3.5723
96.0574,0.8307,3.5656
96.0576,0.8361,3.5854
96.0578,0.8761,3.7584
96.0580,0.9025,3.8733
96.0582,0.8624,3.6928
96.0584,0.928,3.9793
96.0586,0.9375,4.018
96.0588,0.9284,3.9789
96.0590,0.9501,4.0758
96.0592,0.913,3.9113
96.0594,0.9796,4.2023
96.0596,0.8752,3.76
96.0598,0.8112,3.4801
96.0600,0.8698,3.7264
96.0602,0.9531,4.0829
96.0604,0.8941,3.8373
96.0606,0.8274,3.5528
96.0608,0.8313,3.5715
96.0610,0.8463,3.6392
96.0612,0.7596,3.2634
96.0614,0.7879,3.3803
96.0616,0.8567,3.6733
96.0618,0.8496,3.6481
96.0620,0.8509,3.6537
96.0622,0.8491,3.6443
96.0624,0.8555,3.675
96.0626,0.8118,3.4875
96.0628,0.8108,3.485
96.0630,0.8806,3.7779
96.0632,0.8608,3.6948
96.0634,0.8155,3.5018
96.0636,0.8298,3.5631
96.0638,0.8662,3.7214
96.0640,0.8721,3.7449
96.0642,0.8361,3.5904
96.0644,0.8431,3.6169
96.0646,0.8339,3.5823
96.0648,0.749,3.2221
96.0650,0.7406,3.1815
96.0652,0.7949,3.4149
96.0654,0.8257,3.5456
96.0656,0.83,3.5675
96.0658,0.7999,3.4413
96.0660,0.8112,3.4817
96.0662,0.8692,3.7343
96.0664,0.8136,3.4985
96.0666,0.7768,3.3386
96.0668,0.7884,3.3886
96.0670,0.7854,3.3789
96.0672,0.7738,3.3304
96.0674,0.7328,3.148
96.0676,0.778,3.3469
96.0678,0.7438,3.1969
96.0680,0.7716,3.3134
96.0682,0.7939,3.4171
96.0684,0.7066,3.0442
96.0686,0.6779,2.9216
96.0688,0.6821,2.9342
96.0690,0.7378,3.1711
96.0692,0.7618,3.2712
96.0694,0.8242,3.5373
96.0696,0.8649,3.714
96.0698,0.8186,3.5267
96.0700,0.6562,2.8267
96.0702,0.6456,2.78
96.0704,0.6565,2.8283
96.0706,0.6557,2.826
96.0708,0.6566,2.8314
96.0710,0.6023,2.5948
96.0712,0.6263,2.6981
96.0714,0.5761,2.4851
96.0716,0.5424,2.3397
96.0718,0.5292,2.2828
96.0720,0.5252,2.2658
96.0722,0.5234,2.258
96.0724,0.5214,2.2492
96.0726,0.5434,2.3401
96.0728,0.6841,2.9402
96.0730,0.7363,3.1689
96.0732,0.6157,2.6551
96.0734,0.5464,2.3573
96.0736,0.541,2.3341
96.0738,0.5368,2.3149
96.0740,0.5365,2.3144
96.0742,0.5342,2.3024
96.0744,0.5716,2.4648
96.0746,0.5428,2.3418
96.0748,0.5362,2.3123
96.0750,0.5366,2.3138
96.0752,0.5361,2.315
96.0754,0.5705,2.459
96.0756,0.5966,2.5724
96.0758,0.5391,2.3236
96.0760,0.6171,2.6534
96.0762,0.6551,2.8247
96.0764,0.5373,2.3169
96.0766,0.5281,2.2782
96.0768,0.5262,2.2699
96.0770,0.5251,2.2642
96.0772,0.5229,2.2549
96.0774,0.5229,2.2559
96.0776,0.5255,2.2668
96.0778,0.5245,2.2616
96.0780,0.5225,2.2507
96.0782,0.5372,2.3186
96.0784,0.5271,2.274
96.0786,0.5301,2.288
96.0788,0.5244,2.2621
96.0790,0.5244,2.259
96.0792,0.5848,2.517
96.0794,0.6738,2.8959
96.0796,0.7403,3.1849
96.0798,0.663,2.8535
96.0800,0.6574,2.8293
96.0802,0.6189,2.6698
96.0804,0.5406,2.332
96.0806,0.5237,2.258
96.0808,0.5538,2.3867
96.0810,0.5275,2.2735
96.0812,0.557,2.3995
96.0814,0.6002,2.5855
96.0816,0.5966,2.57
96.0818,0.6022,2.5955
96.0820,0.5969,2.5703
96.0822,0.5741,2.4768
96.0824,0.4889,2.11
96.0826,0.4871,2.0983
96.0828,0.5849,2.5187
96.0830,0.6209,2.6674
96.0832,0.6998,3.012
96.0834,0.6614,2.8442
96.0836,0.6846,2.945
96.0838,0.6894,2.9657
96.0840,0.689,2.9614
96.0842,0.7216,3.1016
96.0844,0.7912,3.3957
96.0846,0.8003,3.4381
96.0848,0.7547,3.2438
96.0850,0.7583,3.2608
96.0852,0.7759,3.335
96.0854,0.75,3.2282
96.0856,0.6717,2.8925
96.0858,0.6578,2.8313
96.0860,0.6107,2.6297
96.0862,0.6201,2.6688
96.0864,0.6804,2.9297
96.0866,0.5942,2.5597
96.0868,0.5672,2.4423
96.0870,0.6256,2.695
96.0872,0.6327,2.7242
96.0874,0.6174,2.6586
96.0876,0.5901,2.5433
96.0878,0.5563,2.3953
96.0880,0.6372,2.7413
96.0882,0.6191,2.6708
96.0884,0.503,2.1701
96.0886,0.5294,2.2818
96.0888,0.6016,2.5893
96.0890,0.6458,2.7784
96.0892,0.7122,3.0594
96.0894,0.7654,3.2851
96.0896,0.8007,3.4364
96.0898,0.8426,3.6098
96.0900,0.94,4.0363
96.0902,0.8738,3.7486
96.0904,0.8966,3.8445
96.0906,0.9213,3.9523
96.0908,0.9179,3.9379
96.0910,0.912,3.909
96.0912,0.8992,3.8594
96.0914,0.884,3.7923
96.0916,0.9134,3.9147
96.0918,0.9474,4.0644
96.0920,0.9417,4.0379
96.0922,0.9551,4.0935
96.0924,0.9868,4.2273
96.0926,0.9408,4.0343
96.0928,0.8943,3.833
96.0930,0.9603,4.1233
96.0932,0.9275,3.9809
96.0934,0.9107,3.907
96.0936,0.9049,3.8818
96.0938,0.8926,3.8329
96.0940,0.8629,3.7035
96.0942,0.8335,3.5841
96.0944,0.7889,3.3875
96.0946,0.7739,3.3309
96.0948,0.7378,3.177
96.0950,0.6915,2.975
96.0952,0.6902,2.9693
96.0954,0.725,3.1174
96.0956,0.7937,3.4097
96.0958,0.8218,3.527
96.0960,0.8219,3.5324
96.0962,0.765,3.2912
96.0964,0.7245,3.1226
96.0966,0.6593,2.8388
96.0968,0.6667,2.8695
96.0970,0.6836,2.9437
96.0972,0.6806,2.9307
96.0974,0.6301,2.7134
96.0976,0.6174,2.6574
96.0978,0.6744,2.9025
96.0980,0.7207,3.1046
96.0982,0.6151,2.6513
96.0984,0.6008,2.5893
96.0986,0.6274,2.699
96.0988,0.6731,2.8982
96.0990,0.6342,2.7297
96.0992,0.664,2.8616
96.0994,0.5926,2.5529
96.0996,0.6475,2.7882
96.0998,0.662,2.8467
96.1000,0.7411,3.1836
96.1002,0.7999,3.4413
96.1004,0.7011,3.012
96.1006,0.7807,3.3572
96.1008,0.7426,3.1977
96.1010,0.6905,2.9703
96.1012,0.7086,3.0496
96.1014,0.7575,3.2587
96.1016,0.7138,3.0709
96.1018,0.6933,2.9883
96.1020,0.5451,2.3506
96.1022,0.5657,2.4384
96.1024,0.6229,2.6861
96.1026,0.5825,2.5095
96.1028,0.5757,2.4789
96.1030,0.6827,2.9354
96.1032,0.7281,3.1308
96.1034,0.6967,2.9985
96.1036,0.6932,2.985
96.1038,0.6418,2.7609
96.1040,0.6617,2.8505
96.1042,0.6446,2.7771
96.1044,0.66,2.838
96.1046,0.6908,2.9788
96.1048,0.5536,2.3884
96.1050,0.5341,2.3051
96.1052,0.5391,2.3236
96.1054,0.602,2.5944
96.1056,0.5876,2.5348
96.1058,0.56,2.4169
96.1060,0.5583,2.4074
96.1062,0.551,2.3748
96.1064,0.5581,2.4064
96.1066,0.5485,2.365
96.1068,0.6104,2.6257
96.1070,0.6163,2.6589
96.1072,0.4913,2.1223
96.1074,0.4563,1.972
96.1076,0.4618,1.9921
96.1078,0.5512,2.3736
96.1080,0.6425,2.7691
96.1082,0.5818,2.5088
96.1084,0.5113,2.2047
96.1086,0.5064,2.1846
96.1088,0.4837,2.0887
96.1090,0.4555,1.9652
96.1092,0.4994,2.1536
96.1094,0.5385,2.3221
96.1096,0.5446,2.3496
96.1098,0.5486,2.3644
96.1100,0.5506,2.371
96.1102,0.5469,2.3572
96.1104,0.5764,2.4855
96.1106,0.5638,2.4278
96.1108,0.5797,2.4995
96.1110,0.5126,2.2145
96.1112,0.4627,1.9972
96.1114,0.4589,1.9797
96.1116,0.4613,1.991
96.1118,0.4578,1.975
96.1120,0.4551,1.9622
96.1122,0.4927,2.1236
96.1124,0.5433,2.3417
96.1126,0.5791,2.4946
96.1128,0.5696,2.4549
96.1130,0.562,2.4235
96.1132,0.5226,2.2554
96.1134,0.4878,2.1044
96.1136,0.4928,2.1251
96.1138,0.4786,2.0636
96.1140,0.4802,2.0689
96.1142,0.5552,2.3895
96.1144,0.5933,2.556
96.1146,0.58,2.4975
96.1148,0.5763,2.4815
96.1150,0.5879,2.5281
96.1152,0.6186,2.6626
96.1154,0.6701,2.884
96.1156,0.7003,3.0084
96.1158,0.7629,3.2804
96.1160,0.7497,3.2207
96.1162,0.7305,3.1382
96.1164,0.7065,3.0451
96.1166,0.5408,2.3319
96.1168,0.4786,2.0636
96.1170,0.4722,2.0381
96.1172,0.4764,2.0552
96.1174,0.4858,2.0956
96.1176,0.4796,2.0702
96.1178,0.4715,2.035
96.1180,0.4702,2.0283
96.1182,0.4751,2.0457
96.1184,0.5384,2.3227
96.1186,0.4808,2.0744
96.1188,0.4597,1.9833
96.1190,0.4631,1.9987
96.1192,0.4636,1.9999
96.1194,0.4282,1.8481
96.1196,0.472,2.0342
96.1198,0.5379,2.3195
96.1200,0.4396,1.8964
96.1202,0.4073,1.7573
96.1204,0.4325,1.8659
96.1206,0.4593,1.9794
96.1208,0.515,2.2177
96.1210,0.5398,2.3267
96.1212,0.4972,2.1437
96.1214,0.5119,2.2012
96.1216,0.6647,2.8594
96.1218,0.6648,2.8559
96.1220,0.7015,3.0178
96.1222,0.6869,2.9507
96.1224,0.7423,3.1872
96.1226,0.7734,3.3196
96.1228,0.8233,3.5287
96.1230,0.9026,3.8684
96.1232,0.9346,4.0038
96.1234,0.9309,3.986
96.1236,0.9312,3.9894
96.1238,0.9077,3.8887
96.1240,0.9063,3.8862
96.1242,0.8445,3.6214
96.1244,0.8854,3.8003
96.1246,0.8698,3.7316
96.1248,0.8978,3.8461
96.1250,0.9013,3.8628
96.1252,0.9046,3.8717
96.1254,0.9417,4.0398
96.1256,0.8938,3.8345
96.1258,0.8895,3.816
96.1260,0.902,3.8677
96.1262,0.9207,3.9479
96.1264,0.9079,3.8892
96.1266,0.9561,4.0938
96.1268,0.9845,4.2175
96.1270,0.9454,4.0519
96.1272,0.9105,3.9096
96.1274,0.8788,3.772
96.1276,0.8849,3.7947
96.1278,0.9091,3.8962
96.1280,0.8996,3.861
96.1282,0.8469,3.6351
96.1284,0.8189,3.513
96.1286,0.8869,3.8064
96.1288,0.8682,3.7261
96.1290,0.8366,3.5925
96.1292,0.8595,3.6891
96.1294,0.8802,3.7829
96.1296,0.8086,3.472
96.1298,0.8026,3.4462
96.1300,0.8355,3.5862
96.1302,0.8466,3.6335
96.1304,0.8739,3.7491
96.1306,0.8295,3.5687
96.1308,0.7713,3.318
96.1310,0.7592,3.2629
96.1312,0.8137,3.4925
96.1314,0.8283,3.5586
96.1316,0.777,3.335
96.1318,0.8365,3.5903
96.1320,0.8463,3.6392
96.1322,0.784,3.3727
96.1324,0.7429,3.1943
96.1326,0.7738,3.3242
96.1328,0.7694,3.3067
96.1330,0.8042,3.455
96.1332,0.7925,3.4109
96.1334,0.7036,3.0299
96.1336,0.6813,2.9338
96.1338,0.6811,2.9314
96.1340,0.7372,3.1671
96.1342,0.7619,3.2747
96.1344,0.7298,3.141
96.1346,0.6667,2.8682
96.1348,0.6774,2.9141
96.1350,0.6774,2.9182
96.1352,0.6797,2.9266
96.1354,0.6999,3.0097
96.1356,0.6738,2.9067
96.1358,0.5773,2.488
96.1360,0.5919,2.5498
96.1362,0.6027,2.5951
96.1364,0.6462,2.7838
96.1366,0.5936,2.5571
96.1368,0.6142,2.6472
96.1370,0.6299,2.7161
96.1372,0.5966,2.5724
96.1374,0.5466,2.3579
96.1376,0.5244,2.2621
96.1378,0.5185,2.2378
96.1380,0.5268,2.2714
96.1382,0.5283,2.2782
96.1384,0.5336,2.2988
96.1386,0.5878,2.5323
96.1388,0.6238,2.6897
96.1390,0.5594,2.4143
96.1392,0.5288,2.2802
96.1394,0.5235,2.2585
96.1396,0.5217,2.2508
96.1398,0.5269,2.2677
96.1400,0.569,2.4546
96.1402,0.525,2.2658
96.1404,0.5261,2.2683
96.1406,0.5455,2.3521
96.1408,0.5426,2.3397
96.1410,0.5655,2.4373
96.1412,0.5636,2.4291
96.1414,0.5276,2.2729
96.1416,0.5221,2.2523
96.1418,0.5743,2.4716
96.1420,0.6816,2.9349
96.1422,0.669,2.8766
96.1424,0.7112,3.0581
96.1426,0.7249,3.1184
96.1428,0.7342,3.1557
96.1430,0.7217,3.1064
96.1432,0.6823,2.9312
96.1434,0.7178,3.0879
96.1436,0.6787,2.9211
96.1438,0.69,2.9696
96.1440,0.7123,3.0656
96.1442,0.6431,2.7678
96.1444,0.6214,2.6744
96.1446,0.6251,2.6904
96.1448,0.6462,2.78
96.1450,0.6786,2.9152
96.1452,0.7718,3.3124
96.1454,0.8451,3.6273
96.1456,0.8383,3.6013
96.1458,0.7842,3.3706
96.1460,0.7403,3.1879
96.1462,0.5998,2.5851
96.1464,0.555,2.3918
96.1466,0.5497,2.3691
96.1468,0.568,2.447
96.1470,0.6287,2.7084
96.1472,0.6137,2.6414
96.1474,0.6426,2.7645
96.1476,0.6734,2.8998
96.1478,0.7039,3.0239
96.1480,0.717,3.0829
96.1482,0.6803,2.9319
96.1484,0.6078,2.6173
96.1486,0.6613,2.8463
96.1488,0.6635,2.8569
96.1490,0.6714,2.887
96.1492,0.7528,3.2386
96.1494,0.7318,3.1439
96.1496,0.7618,3.2651
96.1498,0.8174,3.5133
96.1500,0.6936,2.9879
96.1502,0.61,2.6315
96.1504,0.5787,2.493
96.1506,0.5794,2.4973
96.1508,0.587,2.5298
96.1510,0.5347,2.3056
96.1512,0.496,2.1386
96.1514,0.485,2.0905
96.1516,0.4855,2.0945
96.1518,0.5227,2.2518
96.1520,0.5795,2.5001
96.1522,0.5199,2.243
96.1524,0.491,2.1174
96.1526,0.4928,2.1261
96.1528,0.4898,2.1151
96.1530,0.457,1.9705
96.1532,0.5273,2.2746
96.1534,0.4494,1.9397
96.1536,0.5261,2.2694
96.1538,0.5683,2.4503
96.1540,0.5214,2.2482
96.1542,0.5219,2.2471
96.1544,0.5337,2.3025
96.1546,0.4894,2.1091
96.1548,0.5174,2.229
96.1550,0.6147,2.6431
96.1552,0.6954,2.9887
96.1554,0.7466,3.2103
96.1556,0.7259,3.1201
96.1558,0.7957,3.4137
96.1560,0.7909,3.401
96.1562,0.727,3.1189
96.1564,0.8519,3.6493
96.1566,0.9011,3.8659
96.1568,0.8799,3.7748
96.1570,0.9089,3.8975
96.1572,0.9258,3.9663
96.1574,0.9734,4.1761
96.1576,0.9013,3.8646
96.1578,0.9082,3.889
96.1580,0.9442,4.0487
96.1582,0.9008,3.8625
96.1584,0.8978,3.8515
96.1586,0.9268,3.9741
96.1588,0.958,4.102
96.1590,0.9722,4.167
96.1592,0.9351,4.0152
96.1594,0.8635,3.7061
96.1596,0.8838,3.7931
96.1598,0.893,3.8345
96.1600,0.8278,3.5577
96.1602,0.8107,3.4829
96.1604,0.8725,3.7429
96.1606,0.8772,3.7718
96.1608,0.7166,3.0842
96.1610,0.7275,3.1297
96.1612,0.7144,3.0735
96.1614,0.7267,3.1232
96.1616,0.8026,3.4446
96.1618,0.8595,3.6908
96.1620,0.8709,3.7415
96.1622,0.8274,3.5545
96.1624,0.7598,3.2655
96.1626,0.7842,3.369
96.1628,0.8222,3.529
96.1630,0.7789,3.3541
96.1632,0.7068,3.0433
96.1634,0.7107,3.0575
96.1636,0.7331,3.1496
96.1638,0.749,3.2206
96.1640,0.778,3.3438
96.1642,0.7731,3.3242
96.1644,0.7698,3.3072
96.1646,0.8297,3.5643
96.1648,0.8222,3.5405
96.1650,0.7168,3.0852
96.1652,0.6816,2.9335
96.1654,0.6729,2.895
96.1656,0.6939,2.9867
96.1658,0.7245,3.1125
96.1660,0.7949,3.418
96.1662,0.8008,3.4401
96.1664,0.8346,3.5837
96.1666,0.8456,3.6328
96.1668,0.802,3.4517
96.1670,0.7383,3.1717
96.1672,0.7752,3.3319
96.1674,0.757,3.2566
96.1676,0.6949,2.9922
96.1678,0.672,2.8976
96.1680,0.6245,2.6928
96.1682,0.5603,2.4173
96.1684,0.5595,2.407
96.1686,0.7512,3.2379
96.1688,0.6222,2.6818
96.1690,0.589,2.5339
96.1692,0.6434,2.7681
96.1694,0.6774,2.9168
96.1696,0.6568,2.8319
96.1698,0.612,2.6378
96.1700,0.5957,2.5652
96.1702,0.6089,2.6244
96.1704,0.602,2.5968
96.1706,0.5542,2.3898
96.1708,0.4746,2.0503
96.1710,0.4609,1.9913
96.1712,0.4667,2.0152
96.1714,0.4629,1.9996
96.1716,0.4567,1.9731
96.1718,0.4617,1.9925
96.1720,0.4606,1.9879
96.1722,0.4638,2.0009
96.1724,0.4713,2.0339
96.1726,0.4582,1.9784
96.1728,0.4493,1.9392
96.1730,0.4454,1.9239
96.1732,0.4473,1.9313
96.1734,0.4444,1.918
96.1736,0.4442,1.917
96.1738,0.4696,2.0248
96.1740,0.5341,2.3008
96.1742,0.5503,2.3739
96.1744,0.4671,2.0139
96.1746,0.4565,1.9712
96.1748,0.4581,1.9761
96.1750,0.5155,2.2218
96.1752,0.5064,2.1866
96.1754,0.4558,1.9681
96.1756,0.4517,1.9487
96.1758,0.4515,1.9476
96.1760,0.4529,1.9529
96.1762,0.4813,2.0755
96.1764,0.4775,2.0618
96.1766,0.4467,1.9296
96.1768,0.4454,1.923
96.1770,0.4476,1.9329
96.1772,0.4518,1.9501
96.1774,0.4558,1.9663
96.1776,0.4407,1.902
96.1778,0.4425,1.9088
96.1780,0.4458,1.9233
96.1782,0.448,1.9326
96.1784,0.4557,1.9657
96.1786,0.5075,2.1872
96.1788,0.5579,2.4014
96.1790,0.5801,2.4992
96.1792,0.556,2.3954
96.1794,0.5344,2.3024
96.1796,0.5297,2.2828
96.1798,0.5066,2.1846
96.1800,0.5028,2.166
96.1802,0.5518,2.3762
96.1804,0.5376,2.3158
96.1806,0.5723,2.4622
96.1808,0.6232,2.6797
96.1810,0.6095,2.6233
96.1812,0.597,2.5661
96.1814,0.6382,2.7441
96.1816,0.6601,2.8411
96.1818,0.6059,2.6054
96.1820,0.6562,2.8189
96.1822,0.7309,3.1398
96.1824,0.7216,3.1044
96.1826,0.6686,2.8724
96.1828,0.7267,3.1218
96.1830,0.7053,3.0315
96.1832,0.6811,2.9301
96.1834,0.6914,2.9717
96.1836,0.7313,3.1404
96.1838,0.7451,3.2011
96.1840,0.7586,3.2588
96.1842,0.7298,3.1366
96.1844,0.6384,2.7503
96.1846,0.5596,2.4109
96.1848,0.5653,2.434
96.1850,0.5797,2.4937
96.1852,0.6424,2.766
96.1854,0.6151,2.6513
96.1856,0.5647,2.4314
96.1858,0.5963,2.5666
96.1860,0.6341,2.7304
96.1862,0.5909,2.5433
96.1864,0.578,2.4934
96.1866,0.4278,1.8474
96.1868,0.395,1.7056
96.1870,0.3945,1.7035
96.1872,0.4157,1.7943
96.1874,0.4674,2.0155
96.1876,0.516,2.2208
96.1878,0.5238,2.2564
96.1880,0.516,2.2218
96.1882,0.6142,2.6373
96.1884,0.6931,2.9775
96.1886,0.7576,3.2562
96.1888,0.7656,3.2876
96.1890,0.7752,3.3319
96.1892,0.7508,3.2238
96.1894,0.8161,3.4995
96.1896,0.8113,3.4822
96.1898,0.767,3.2948
96.1900,0.7753,3.3324
96.1902,0.8195,3.5106
96.1904,0.9203,3.9427
96.1906,0.9521,4.0788
96.1908,1.0398,4.4439
96.1910,1.0928,4.6748
96.1912,1.0711,4.5777
96.1914,1.1404,4.8762
96.1916,1.12,4.7957
96.1918,1.0245,4.3911
96.1920,0.943,4.0435
96.1922,0.9233,3.9574
96.1924,0.9257,3.9713
96.1926,0.9468,4.0543
96.1928,0.9405,4.0365
96.1930,0.8385,3.6024
96.1932,0.8018,3.448
96.1934,0.7927,3.404
96.1936,0.8142,3.4946
96.1938,0.8114,3.4795
96.1940,0.8682,3.7227
96.1942,0.9055,3.888
96.1944,0.8531,3.6596
96.1946,0.8154,3.5079
96.1948,0.7696,3.3046
96.1950,0.8628,3.6995
96.1952,0.9137,3.9181
96.1954,0.9147,3.9313
96.1956,0.8244,3.5399
96.1958,0.7924,3.4041
96.1960,0.7806,3.3551
96.1962,0.7709,3.3165
96.1964,0.7716,3.3165
96.1966,0.7956,3.4132
96.1968,0.8725,3.7447
96.1970,0.7938,3.415
96.1972,0.777,3.3366
96.1974,0.8372,3.5967
96.1976,0.7975,3.4278
96.1978,0.7795,3.352
96.1980,0.7768,3.3448
96.1982,0.6895,2.9662
96.1984,0.7069,3.0382
96.1986,0.6978,3.0018
96.1988,0.7333,3.153
96.1990,0.7642,3.2845
96.1992,0.7445,3.2015
96.1994,0.7646,3.283
96.1996,0.8232,3.5348
96.1998,0.7685,3.3061
96.2000,0.6702,2.8845
96.2002,0.6606,2.8419
96.2004,0.6566,2.8235
96.2006,0.6544,2.8177
96.2008,0.6596,2.8391
96.2010,0.6569,2.8285
96.2012,0.6544,2.8164
96.2014,0.6659,2.8672
96.2016,0.6894,2.9643
96.2018,0.7387,3.1747
96.2020,0.7355,3.1672
96.2022,0.6396,2.7529
96.2024,0.6777,2.9156
96.2026,0.7619,3.2778
96.2028,0.7231,3.1121
96.2030,0.6626,2.852
96.2032,0.6582,2.8355
96.2034,0.6481,2.7869
96.2036,0.6942,2.9849
96.2038,0.7131,3.0678
96.2040,0.6921,2.9817
96.2042,0.6588,2.8381
96.2044,0.6173,2.6606
96.2046,0.6395,2.7524
96.2048,0.697,3.0015
96.2050,0.7288,3.131
96.2052,0.7793,3.3495
96.2054,0.7011,3.0176
96.2056,0.6708,2.8911
96.2058,0.5785,2.4943
96.2060,0.5383,2.3222
96.2062,0.5331,2.2988
96.2064,0.574,2.474
96.2066,0.5337,2.3014
96.2068,0.5302,2.2875
96.2070,0.5356,2.3086
96.2072,0.5997,2.581
96.2074,0.5939,2.561
96.2076,0.5332,2.3004
96.2078,0.5336,2.3009
96.2080,0.6141,2.6429
96.2082,0.6497,2.7936
96.2084,0.6815,2.9357
96.2086,0.5726,2.4701
96.2088,0.5331,2.2978
96.2090,0.532,2.2942
96.2092,0.5522,2.3811
96.2094,0.6017,2.5922
96.2096,0.6129,2.6378
96.2098,0.6503,2.7988
96.2100,0.6969,3.001
96.2102,0.6428,2.7694
96.2104,0.5518,2.3795
96.2106,0.5298,2.2854
96.2108,0.5297,2.2839
96.2110,0.5312,2.2884
96.2112,0.5312,2.2895
96.2114,0.5295,2.2823
96.2116,0.6249,2.6856
96.2118,0.6889,2.9622
96.2120,0.6841,2.9402
96.2122,0.6771,2.9144
96.2124,0.6497,2.7988
96.2126,0.6261,2.6996
96.2128,0.5576,2.4043
96.2130,0.54,2.3251
96.2132,0.6093,2.6247
96.2134,0.5991,2.5784
96.2136,0.6359,2.7356
96.2138,0.6661,2.8656
96.2140,0.6735,2.8976
96.2142,0.6632,2.8559
96.2144,0.6723,2.8938
96.2146,0.6914,2.9717
96.2148,0.7594,3.2593
96.2150,0.7797,3.3479
96.2152,0.78,3.351
96.2154,0.7672,3.2989
96.2156,0.7312,3.1486
96.2158,0.6669,2.8705
96.2160,0.6548,2.8184
96.2162,0.6298,2.7118
96.2164,0.6186,2.6663
96.2166,0.5717,2.4653
96.2168,0.4952,2.1355
96.2170,0.4981,2.1479
96.2172,0.5621,2.4251
96.2174,0.4979,2.1508
96.2176,0.4527,1.9528
96.2178,0.4481,1.9331
96.2180,0.4489,1.9386
96.2182,0.4463,1.9272
96.2184,0.4226,1.8221
96.2186,0.4576,1.974
96.2188,0.4856,2.0931
96.2190,0.5118,2.2058
96.2192,0.4621,1.9974
96.2194,0.3933,1.6991
96.2196,0.4251,1.8355
96.2198,0.3993,1.725
96.2200,0.3825,1.6525
96.2202,0.4215,1.8183
96.2204,0.4584,1.9749
96.2206,0.5299,2.2849
96.2208,0.5004,2.1597
96.2210,0.4697,2.0253
96.2212,0.5275,2.2714
96.2214,0.6214,2.6732
96.2216,0.6704,2.8842
96.2218,0.6877,2.9571
96.2220,0.6922,2.9739
96.2222,0.7165,3.0794
96.2224,0.7804,3.351
96.2226,0.8231,3.531
96.2228,0.8419,3.6151
96.2230,0.8082,3.4704
96.2232,0.819,3.5168
96.2234,0.8005,3.4343
96.2236,0.9225,3.9427
96.2238,1.1368,4.8608
96.2240,1.1023,4.7136
96.2242,1.1173,4.7777
96.2244,1.1478,4.908
96.2246,1.1432,4.8885
96.2248,1.0356,4.4425
96.2250,0.8956,3.8422
96.2252,0.9384,4.0221
96.2254,0.9901,4.2496
96.2256,0.9504,4.0735
96.2258,0.9483,4.0643
96.2260,0.9816,4.2032
96.2262,1.0288,4.4014
96.2264,1.117,4.7717
96.2266,1.0875,4.6609
96.2268,0.979,4.2037
96.2270,0.9248,3.9691
96.2272,0.8889,3.817
96.2274,0.8317,3.578
96.2276,0.7653,3.2892
96.2278,0.7406,3.1845
96.2280,0.7176,3.0898
96.2282,0.6725,2.8916
96.2284,0.7535,3.2371
96.2286,0.8007,3.4428
96.2288,0.7829,3.3696
96.2290,0.7515,3.2299
96.2292,0.7186,3.0916
96.2294,0.7122,3.0623
96.2296,0.7601,3.264
96.2298,0.8047,3.4555
96.2300,0.8941,3.8373
96.2302,0.8919,3.8388
96.2304,0.7449,3.203
96.2306,0.7819,3.3624
96.2308,0.7895,3.3948
96.2310,0.746,3.2062
96.2312,0.7538,3.2412
96.2314,0.7562,3.2545
96.2316,0.7456,3.2076
96.2318,0.7679,3.299
96.2320,0.7983,3.4357
96.2322,0.7143,3.0758
96.2324,0.7347,3.1563
96.2326,0.7389,3.1817
96.2328,0.6903,2.9712
96.2330,0.7216,3.1016
96.2332,0.7345,3.1596
96.2334,0.7481,3.2199
96.2336,0.7058,3.0378
96.2338,0.6803,2.9306
96.2340,0.6062,2.6125
96.2342,0.64,2.7557
96.2344,0.6474,2.789
96.2346,0.6138,2.6407
96.2348,0.6592,2.8436
96.2350,0.5827,2.5112
96.2352,0.622,2.6783
96.2354,0.6936,2.9851
96.2356,0.7122,3.0665
96.2358,0.63,2.7204
96.2360,0.5148,2.2228
96.2362,0.4302,1.8604
96.2364,0.4103,1.7718
96.2366,0.4968,2.1452
96.2368,0.4687,2.024
96.2370,0.4588,1.9829
96.2372,0.448,1.9362
96.2374,0.447,1.9294
96.2376,0.4504,1.9448
96.2378,0.4515,1.9494
96.2380,0.4819,2.0761
96.2382,0.5217,2.2518
96.2384,0.4545,1.9624
96.2386,0.4475,1.9315
96.2388,0.451,1.9465
96.2390,0.4466,1.9291
96.2392,0.4394,1.8971
96.2394,0.4456,1.9232
96.2396,0.4499,1.9427
96.2398,0.4831,2.0842
96.2400,0.4432,1.9128
96.2402,0.4495,1.9376
96.2404,0.5193,2.2415
96.2406,0.4891,2.113
96.2408,0.4482,1.9355
96.2410,0.4314,1.8621
96.2412,0.4305,1.8588
96.2414,0.4374,1.8897
96.2416,0.4475,1.9306
96.2418,0.4786,2.0626
96.2420,0.4743,2.044
96.2422,0.5157,2.2228
96.2424,0.5744,2.4756
96.2426,0.5868,2.5258
96.2428,0.5952,2.5619
96.2430,0.5925,2.5501
96.2432,0.6283,2.7044
96.2434,0.6143,2.6452
96.2436,0.6035,2.5999
96.2438,0.5795,2.4955
96.2440,0.5542,2.3898
96.2442,0.5373,2.3159
96.2444,0.5758,2.4818
96.2446,0.6094,2.6216
96.2448,0.6635,2.8516
96.2450,0.6836,2.9368
96.2452,0.7124,3.0633
96.2454,0.73,3.1376
96.2456,0.7659,3.2948
96.2458,0.5872,2.532
96.2460,0.4749,2.0476
96.2462,0.5318,2.2889
96.2464,0.6038,2.6022
96.2466,0.5719,2.459
96.2468,0.5974,2.5712
96.2470,0.5576,2.4043
96.2472,0.5466,2.3579
96.2474,0.5389,2.3215
96.2476,0.5695,2.4498
96.2478,0.6131,2.64
96.2480,0.6264,2.6936
96.2482,0.7559,3.2429
96.2484,0.8294,3.5599
96.2486,0.7835,3.3628
96.2488,0.7521,3.24
96.2490,0.5964,2.5719
96.2492,0.5945,2.5576
96.2494,0.6467,2.782
96.2496,0.6686,2.8738
96.2498,0.6997,3.0114
96.2500,0.6354,2.7323
96.2502,0.6782,2.9136
96.2504,0.745,3.2006
96.2506,0.6335,2.7304
96.2508,0.5352,2.3108
96.2510,0.482,2.0786
96.2512,0.4789,2.0642
96.2514,0.5788,2.4901
96.2516,0.6009,2.591
96.2518,0.4952,2.1335
96.2520,0.494,2.1303
96.2522,0.466,2.0102
96.2524,0.5285,2.2808
96.2526,0.4653,2.008
96.2528,0.4127,1.7822
96.2530,0.406,1.7524
96.2532,0.4479,1.9321
96.2534,0.4337,1.8711
96.2536,0.4522,1.948
96.2538,0.4874,2.1009
96.2540,0.5308,2.289
96.2542,0.5,2.1561
96.2544,0.5138,2.2115
96.2546,0.6321,2.7166
96.2548,0.6618,2.847
96.2550,0.6458,2.7771
96.2552,0.6768,2.9129
96.2554,0.6559,2.8178
96.2556,0.7492,3.2111
96.2558,0.8745,3.7517
96.2560,0.8883,3.8091
96.2562,0.8552,3.6654
96.2564,0.8614,3.6939
96.2566,0.8419,3.6134
96.2568,0.8742,3.7431
96.2570,0.942,4.0375
96.2572,0.8755,3.7523
96.2574,0.8885,3.8119
96.2576,0.9276,3.9777
96.2578,0.9131,3.91
96.2580,0.9658,4.1374
96.2582,0.9746,4.1734
96.2584,0.9854,4.2157
96.2586,1.004,4.3012
96.2588,1.0351,4.4322
96.2590,0.9975,4.2775
96.2592,0.9652,4.1367
96.2594,0.9774,4.1833
96.2596,0.9656,4.1407
96.2598,0.8896,3.8218
96.2600,0.7949,3.4196
96.2602,0.7339,3.1541
96.2604,0.7716,3.3149
96.2606,0.8298,3.5664
96.2608,0.7857,3.3768
96.2610,0.7698,3.3057
96.2612,0.8225,3.535
96.2614,0.827,3.548
96.2616,0.8137,3.4925
96.2618,0.8226,3.5322
96.2620,0.8059,3.4623
96.2622,0.8559,3.6754
96.2624,0.8611,3.6958
96.2626,0.8847,3.7972
96.2628,0.8882,3.8139
96.2630,0.8908,3.8199
96.2632,0.8948,3.8386
96.2634,0.9049,3.8818
96.2636,0.9296,3.9897
96.2638,0.9346,4.015
96.2640,0.8581,3.6829
96.2642,0.8389,3.6039
96.2644,0.8449,3.6297
96.2646,0.8534,3.6628
96.2648,0.8671,3.7267
96.2650,0.8588,3.6877
96.2652,0.846,3.6343
96.2654,0.815,3.503
96.2656,0.8212,3.5277
96.2658,0.7869,3.3788
96.2660,0.8022,3.4479
96.2662,0.7927,3.4072
96.2664,0.809,3.4821
96.2666,0.7072,3.0454
96.2668,0.702,3.0212
96.2670,0.7168,3.0867
96.2672,0.7003,3.0112
96.2674,0.7095,3.0552
96.2676,0.7126,3.0643
96.2678,0.7907,3.3984
96.2680,0.7845,3.3748
96.2682,0.7474,3.2169
96.2684,0.6974,3.003
96.2686,0.7146,3.0754
96.2688,0.6353,2.7356
96.2690,0.616,2.6574
96.2692,0.548,2.3652
96.2694,0.5406,2.3298
96.2696,0.605,2.6049
96.2698,0.6457,2.7818
96.2700,0.6522,2.8123
96.2702,0.6211,2.6796
96.2704,0.5546,2.3903
96.2706,0.5978,2.5787
96.2708,0.5391,2.3236
96.2710,0.5343,2.3008
96.2712,0.6571,2.8282
96.2714,0.6926,2.9851
96.2716,0.6275,2.7058
96.2718,0.5528,2.3836
96.2720,0.5262,2.2699
96.2722,0.5367,2.3154
96.2724,0.5428,2.3418
96.2726,0.5425,2.3403
96.2728,0.5366,2.3128
96.2730,0.537,2.3165
96.2732,0.5466,2.3568
96.2734,0.5856,2.5241
96.2736,0.5444,2.3485
96.2738,0.5355,2.3113
96.2740,0.5222,2.2528
96.2742,0.5215,2.2497
96.2744,0.5406,2.3287
96.2746,0.6331,2.7237
96.2748,0.6891,2.9729
96.2750,0.56,2.4158
96.2752,0.5366,2.3138
96.2754,0.5319,2.2947
96.2756,0.5338,2.3009
96.2758,0.532,2.2931
96.2760,0.5318,2.2921
96.2762,0.5797,2.4983
96.2764,0.5383,2.32
96.2766,0.5428,2.3407
96.2768,0.5362,2.3134
96.2770,0.5556,2.3955
96.2772,0.531,2.2906
96.2774,0.5247,2.2627
96.2776,0.5276,2.274
96.2778,0.5747,2.4714
96.2780,0.6557,2.8247
96.2782,0.6592,2.8383
96.2784,0.6717,2.8899
96.2786,0.6744,2.9052
96.2788,0.6263,2.6993
96.2790,0.5484,2.3634
96.2792,0.6024,2.5905
96.2794,0.6094,2.6216
96.2796,0.6328,2.7209
96.2798,0.6544,2.8164
96.2800,0.6548,2.821
96.2802,0.6715,2.8888
96.2804,0.6864,2.9528
96.2806,0.6833,2.938
96.2808,0.7119,3.0641
96.2810,0.6803,2.9251
96.2812,0.8283,3.5536
96.2814,0.8315,3.577
96.2816,0.7857,3.3689
96.2818,0.8698,3.7316
96.2820,0.8515,3.6597
96.2822,0.7584,3.2613
96.2824,0.7606,3.2645
96.2826,0.8237,3.5352
96.2828,0.8194,3.5183
96.2830,0.7728,3.3263
96.2832,0.6391,2.7547
96.2834,0.6391,2.7534
96.2836,0.5933,2.5572
96.2838,0.5639,2.4295
96.2840,0.5585,2.4073
96.2842,0.5715,2.4609
96.2844,0.6063,2.6082
96.2846,0.6541,2.814
96.2848,0.6564,2.8278
96.2850,0.6542,2.8198
96.2852,0.5853,2.5226
96.2854,0.5199,2.2451
96.2856,0.4123,1.7793
96.2858,0.4016,1.7348
96.2860,0.4265,1.8409
96.2862,0.4446,1.9199
96.2864,0.4296,1.8543
96.2866,0.4816,2.0784
96.2868,0.4831,2.0813
96.2870,0.5677,2.4444
96.2872,0.6111,2.63
96.2874,0.6041,2.6025
96.2876,0.607,2.6089
96.2878,0.7034,3.0246
96.2880,0.7385,3.1742
96.2882,0.7469,3.2103
96.2884,0.7568,3.2541
96.2886,0.7347,3.1577
96.2888,0.7488,3.2111
96.2890,0.8848,3.7941
96.2892,0.9371,4.0127
96.2894,0.9996,4.2822
96.2896,1.0197,4.3624
96.2898,1.0869,4.6475
96.2900,1.1253,4.8093
96.2902,1.1435,4.901
96.2904,0.9583,4.1055
96.2906,0.9424,4.0372
96.2908,0.9284,3.9845
96.2910,0.8421,3.6178
96.2912,0.8215,3.5259
96.2914,0.8941,3.8302
96.2916,0.9727,4.171
96.2918,0.9403,4.0379
96.2920,0.8661,3.7157
96.2922,0.8927,3.8263
96.2924,0.9013,3.8682
96.2926,0.8995,3.8623
96.2928,0.8959,3.8432
96.2930,0.902,3.8713
96.2932,0.9035,3.878
96.2934,0.8371,3.5945
96.2936,0.8465,3.633
96.2938,0.8846,3.7931
96.2940,0.9226,3.9524
96.2942,0.927,3.9826
96.2944,0.863,3.7092
96.2946,0.8225,3.5366
96.2948,0.8373,3.5972
96.2950,0.8176,3.5122
96.2952,0.7925,3.4125
96.2954,0.718,3.0861
96.2956,0.7379,3.1761
96.2958,0.7126,3.0658
96.2960,0.7813,3.3598
96.2962,0.7773,3.3407
96.2964,0.7779,3.3448
96.2966,0.7698,3.318
96.2968,0.6304,2.7169
96.2970,0.6214,2.6732
96.2972,0.6655,2.8644
96.2974,0.6958,2.9991
96.2976,0.7052,3.0338
96.2978,0.7227,3.1076
96.2980,0.7277,3.1351
96.2982,0.6951,2.9932
96.2984,0.6809,2.9291
96.2986,0.6652,2.8628
96.2988,0.6502,2.8009
96.2990,0.6502,2.8048
96.2992,0.5892,2.5397
96.2994,0.604,2.6008
96.2996,0.6008,2.5917
96.2998,0.5707,2.4607
96.3000,0.5988,2.5786
96.3002,0.6099,2.6273
96.3004,0.6094,2.6277
96.3006,0.5725,2.4696
96.3008,0.4985,2.1514
96.3010,0.4898,2.1132
96.3012,0.5085,2.1918
96.3014,0.5859,2.5264
96.3016,0.59,2.5416
96.3018,0.5926,2.5506
96.3020,0.634,2.7299
96.3022,0.6534,2.8175
96.3024,0.5895,2.5419
96.3026,0.5853,2.5214
96.3028,0.5909,2.5469
96.3030,0.5897,2.5417
96.3032,0.6115,2.6333
96.3034,0.6464,2.7875
96.3036,0.5739,2.4735
96.3038,0.55,2.3707
96.3040,0.5517,2.3812
96.3042,0.5607,2.4155
96.3044,0.5831,2.5133
96.3046,0.5896,2.5424
96.3048,0.5907,2.5447
96.3050,0.6371,2.7433
96.3052,0.6023,2.5912
96.3054,0.6083,2.6255
96.3056,0.484,2.0898
96.3058,0.4633,2.0007
96.3060,0.4618,1.994
96.3062,0.4686,2.0216
96.3064,0.5169,2.229
96.3066,0.5337,2.3025
96.3068,0.45,1.9423
96.3070,0.4472,1.9308
96.3072,0.4464,1.9259
96.3074,0.4931,2.1252
96.3076,0.5439,2.3443
96.3078,0.6048,2.6044
96.3080,0.5701,2.4592
96.3082,0.4665,2.0132
96.3084,0.5076,2.1887
96.3086,0.5358,2.307
96.3088,0.5557,2.3938
96.3090,0.5402,2.3326
96.3092,0.4667,2.0152
96.3094,0.4594,1.9818
96.3096,0.4578,1.976
96.3098,0.4656,2.0077
96.3100,0.5271,2.2709
96.3102,0.5455,2.351
96.3104,0.5743,2.4739
96.3106,0.5619,2.4207
96.3108,0.5735,2.4674
96.3110,0.6539,2.8169
96.3112,0.5502,2.3712
96.3114,0.5763,2.4827
96.3116,0.5987,2.5769
96.3118,0.58,2.4987
96.3120,0.5257,2.2668
96.3122,0.5151,2.2213
96.3124,0.5566,2.398
96.3126,0.5914,2.5478
96.3128,0.5946,2.5617
96.3130,0.5958,2.5657
96.3132,0.6108,2.6302
96.3134,0.5946,2.5593
96.3136,0.5984,2.5741
96.3138,0.6478,2.7867
96.3140,0.6737,2.8968
96.3142,0.6811,2.9219
96.3144,0.7932,3.4092
96.3146,0.7378,3.1726
96.3148,0.7207,3.096
96.3150,0.8134,3.4942
96.3152,0.7623,3.2763
96.3154,0.711,3.0571
96.3156,0.7099,3.0539
96.3158,0.7228,3.1096
96.3160,0.6379,2.7508
96.3162,0.4994,2.1545
96.3164,0.4939,2.1278
96.3166,0.5684,2.4497
96.3168,0.4946,2.1319
96.3170,0.479,2.0666
96.3172,0.474,2.0449
96.3174,0.471,2.032
96.3176,0.5348,2.3039
96.3178,0.5569,2.4012
96.3180,0.5091,2.1965
96.3182,0.5066,2.1846
96.3184,0.4702,2.0302
96.3186,0.3871,1.6737
96.3188,0.3776,1.6312
96.3190,0.3844,1.6592
96.3192,0.425,1.8342
96.3194,0.3885,1.6784
96.3196,0.3771,1.6292
96.3198,0.4031,1.74
96.3200,0.4374,1.8862
96.3202,0.4901,2.1122
96.3204,0.5295,2.2844
96.3206,0.4781,2.0606
96.3208,0.4794,2.0672
96.3210,0.5615,2.418
96.3212,0.6619,2.8449
96.3214,0.6979,3.0009
96.3216,0.6786,2.9165
96.3218,0.7607,3.265
96.3220,0.8126,3.4846
96.3222,0.825,3.5326
96.3224,0.969,4.1532
96.3226,0.9459,4.0502
96.3228,0.9539,4.0846
96.3230,1.0216,4.3727
96.3232,1.0382,4.4372
96.3234,1.1055,4.7203
96.3236,1.1157,4.775
96.3238,1.069,4.5668
96.3240,1.1402,4.8711
96.3242,1.1783,5.0382
96.3244,1.1498,4.9282
96.3246,1.0069,4.3136
96.3248,0.9571,4.1023
96.3250,0.9856,4.2182
96.3252,1.037,4.4363
96.3254,1.0673,4.5682
96.3256,1.0544,4.5107
96.3258,1.073,4.5945
96.3260,1.0473,4.4909
96.3262,0.9373,4.0156
96.3264,0.972,4.1718
96.3266,0.9057,3.8891
96.3268,0.839,3.6011
96.3270,0.8725,3.7447
96.3272,0.8767,3.7644
96.3274,0.932,4.0055
96.3276,0.8164,3.5071
96.3278,0.7966,3.4253
96.3280,0.8238,3.5357
96.3282,0.8701,3.7292
96.3284,0.9447,4.0469
96.3286,0.9798,4.2112
96.3288,0.8792,3.7788
96.3290,0.8243,3.546
96.3292,0.7962,3.4189
96.3294,0.8236,3.5396
96.3296,0.7654,3.2927
96.3298,0.7521,3.234
96.3300,0.7715,3.316
96.3302,0.8007,3.438
96.3304,0.7888,3.3949
96.3306,0.7864,3.3767
96.3308,0.8364,3.5931
96.3310,0.8188,3.5207
96.3312,0.8667,3.7182
96.3314,0.9068,3.8919
96.3316,0.8948,3.8404
96.3318,0.914,3.9209
96.3320,0.9698,4.1626
96.3322,0.8435,3.6319
96.3324,0.6824,2.9371
96.3326,0.6889,2.9664
96.3328,0.6732,2.8974
96.3330,0.6831,2.9416
96.3332,0.6901,2.9715
96.3334,0.7274,3.1292
96.3336,0.7106,3.0584
96.3338,0.6774,2.9195
96.3340,0.6873,2.9569
96.3342,0.7854,3.3742
96.3344,0.7783,3.3469
96.3346,0.781,3.3614
96.3348,0.7381,3.1781
96.3350,0.6801,2.93
96.3352,0.5885,2.5413
96.3354,0.4852,2.0959
96.3356,0.476,2.0537
96.3358,0.4835,2.0867
96.3360,0.5331,2.2999
96.3362,0.5416,2.3377
96.3364,0.5308,2.289
96.3366,0.5524,2.3821
96.3368,0.5433,2.345
96.3370,0.529,2.2823
96.3372,0.5293,2.2802
96.3374,0.5991,2.5808
96.3376,0.6195,2.6711
96.3378,0.5699,2.4564
96.3380,0.5955,2.5653
96.3382,0.5551,2.3935
96.3384,0.5244,2.2642
96.3386,0.5211,2.2513
96.3388,0.5239,2.2601
96.3390,0.5263,2.2694
96.3392,0.5433,2.3395
96.3394,0.5855,2.5236
96.3396,0.5202,2.2451
96.3398,0.5364,2.3117
96.3400,0.5467,2.3573
96.3402,0.5324,2.2989
96.3404,0.5208,2.2466
96.3406,0.5298,2.2801
96.3408,0.6719,2.8904
96.3410,0.6608,2.8482
96.3412,0.5596,2.412
96.3414,0.5554,2.3917
96.3416,0.6129,2.639
96.3418,0.6484,2.7906
96.3420,0.6544,2.8177
96.3422,0.6673,2.8721
96.3424,0.7117,3.0616
96.3426,0.7126,3.0658
96.3428,0.6732,2.8947
96.3430,0.711,3.0557
96.3432,0.7491,3.2241
96.3434,0.6758,2.9101
96.3436,0.6323,2.7227
96.3438,0.6433,2.7702
96.3440,0.6907,2.9672
96.3442,0.7909,3.3979
96.3444,0.7759,3.3366
96.3446,0.7742,3.3242
96.3448,0.7915,3.4004
96.3450,0.8264,3.552
96.3452,0.8322,3.5751
96.3454,0.8016,3.4453
96.3456,0.8062,3.4633
96.3458,0.8793,3.774
96.3460,0.8942,3.836
96.3462,0.8242,3.5455
96.3464,0.658,2.8345
96.3466,0.6316,2.7196
96.3468,0.6723,2.8924
96.3470,0.748,3.212
96.3472,0.8297,3.5643
96.3474,0.7855,3.3747
96.3476,0.7895,3.3964
96.3478,0.7611,3.2711
96.3480,0.7204,3.1007
96.3482,0.704,3.0314
96.3484,0.6722,2.8919
96.3486,0.7559,3.2505
96.3488,0.7437,3.2038
96.3490,0.6695,2.88
96.3492,0.6674,2.8699
96.3494,0.6991,3.0103
96.3496,0.6908,2.9705
96.3498,0.7262,3.127
96.3500,0.6541,2.8166
96.3502,0.6516,2.8071
96.3504,0.5968,2.571
96.3506,0.637,2.7441
96.3508,0.6068,2.6151
96.3510,0.546,2.3553
96.3512,0.4655,2.0128
96.3514,0.3968,1.7157
96.3516,0.3937,1.7022
96.3518,0.3907,1.6885
96.3520,0.3874,1.6753
96.3522,0.3873,1.6755
96.3524,0.3824,1.6527
96.3526,0.3854,1.6649
96.3528,0.3956,1.7082
96.3530,0.415,1.7904
96.3532,0.4878,2.1005
96.3534,0.5599,2.4142
96.3536,0.5514,2.3785
96.3538,0.5014,2.1628
96.3540,0.5214,2.244
96.3542,0.645,2.7787
96.3544,0.6442,2.7725
96.3546,0.6235,2.6837
96.3548,0.6277,2.7005
96.3550,0.6917,2.9727
96.3552,0.7601,3.267
96.3554,0.7831,3.3628
96.3556,0.8697,3.7276
96.3558,0.9174,3.9322
96.3560,0.9754,4.1785
96.3562,0.9871,4.2288
96.3564,0.9791,4.1924
96.3566,0.9872,4.2352
96.3568,0.9144,3.9248
96.3570,0.9645,4.1298
96.3572,1.0013,4.2934
96.3574,0.9582,4.1088
96.3576,0.9829,4.2089
96.3578,1.0194,4.3649
96.3580,1.1053,4.7309
96.3582,1.1058,4.7351
96.3584,1.0595,4.5348
96.3586,1.0904,4.6667
96.3588,1.0757,4.6084
96.3590,0.9947,4.2651
96.3592,0.8965,3.8476
96.3594,0.875,3.752
96.3596,0.8911,3.8298
96.3598,0.7865,3.3882
96.3600,0.7005,3.0165
96.3602,0.7098,3.0534
96.3604,0.6935,2.986
96.3606,0.6857,2.9483
96.3608,0.7365,3.164
96.3610,0.8023,3.4436
96.3612,0.8716,3.7515
96.3614,0.7701,3.3098
96.3616,0.8264,3.5504
96.3618,0.8179,3.5121
96.3620,0.8057,3.4693
96.3622,0.7288,3.1339
96.3624,0.7682,3.3031
96.3626,0.7771,3.3386
96.3628,0.7883,3.3913
96.3630,0.7584,3.2659
96.3632,0.724,3.1133
96.3634,0.7709,3.3134
96.3636,0.804,3.4588
96.3638,0.7771,3.3417
96.3640,0.7839,3.3675
96.3642,0.798,3.4346
96.3644,0.7435,3.1968
96.3646,0.8515,3.6529
96.3648,0.9719,4.1694
96.3650,0.9272,3.9812
96.3652,0.8748,3.7545
96.3654,0.8926,3.8294
96.3656,0.9383,4.0291
96.3658,0.9333,4.0093
96.3660,0.9501,4.0815
96.3662,0.8111,3.4958
96.3664,0.6298,2.7169
96.3666,0.5883,2.539
96.3668,0.5749,2.4822
96.3670,0.5308,2.288
96.3672,0.5945,2.5612
96.3674,0.6117,2.6387
96.3676,0.5589,2.4111
96.3678,0.5492,2.3703
96.3680,0.5456,2.3548
96.3682,0.5511,2.3786
96.3684,0.541,2.3341
96.3686,0.5283,2.2782
96.3688,0.5914,2.5478
96.3690,0.6789,2.9262
96.3692,0.5856,2.53
96.3694,0.4786,2.0674
96.3696,0.4549,1.9663
96.3698,0.4561,1.9696
96.3700,0.4578,1.976
96.3702,0.497,2.1432
96.3704,0.5335,2.2993
96.3706,0.5486,2.3666
96.3708,0.5476,2.3625
96.3710,0.5621,2.424
96.3712,0.5599,2.4142
96.3714,0.5473,2.361
96.3716,0.5516,2.3774
96.3718,0.5595,2.4104
96.3720,0.5755,2.4814
96.3722,0.5126,2.2115
96.3724,0.5105,2.2042
96.3726,0.4639,2.0014
96.3728,0.4561,1.9705
96.3730,0.456,1.97
96.3732,0.4498,1.9422
96.3734,0.4636,2.0008
96.3736,0.4698,2.0277
96.3738,0.4994,2.1526
96.3740,0.5782,2.4921
96.3742,0.5186,2.2384
96.3744,0.4589,1.9825
96.3746,0.4573,1.9748
96.3748,0.4575,1.9753
96.3750,0.4565,1.9712
96.3752,0.4444,1.9189
96.3754,0.4671,2.0139
96.3756,0.5151,2.2233
96.3758,0.4599,1.9838
96.3760,0.4625,1.9961
96.3762,0.4542,1.9613
96.3764,0.4463,1.9272
96.3766,0.4487,1.9357
96.3768,0.4521,1.9484
96.3770,0.5008,2.1612
96.3772,0.4981,2.1489
96.3774,0.4843,2.0884
96.3776,0.5143,2.2146
96.3778,0.5732,2.4681
96.3780,0.5903,2.5431
96.3782,0.6294,2.7078
96.3784,0.6033,2.6013
96.3786,0.5434,2.3411
96.3788,0.624,2.6845
96.3790,0.6349,2.7315
96.3792,0.605,2.6049
96.3794,0.5848,2.5158
96.3796,0.6274,2.704
96.3798,0.5906,2.5442
96.3800,0.5992,2.5778
96.3802,0.6389,2.7485
96.3804,0.6491,2.7936
96.3806,0.6568,2.8227
96.3808,0.7473,3.2119
96.3810,0.7069,3.0382
96.3812,0.751,3.2293
96.3814,0.7553,3.2509
96.3816,0.6858,2.9475
96.3818,0.6879,2.9581
96.3820,0.7211,3.1009
96.3822,0.7204,3.0993
96.3824,0.6857,2.9469
96.3826,0.697,3.0029
96.3828,0.6041,2.6049
96.3830,0.553,2.3825
96.3832,0.5572,2.4005
96.3834,0.596,2.5662
96.3836,0.6696,2.8792
96.3838,0.7052,3.031
96.3840,0.6721,2.8941
96.3842,0.6336,2.7309
96.3844,0.5848,2.5147
96.3846,0.6498,2.7993
96.3848,0.5496,2.3741
96.3850,0.4238,1.8315
96.3852,0.4013,1.733
96.3854,0.4057,1.7484
96.3856,0.4456,1.9241
96.3858,0.4198,1.8127
96.3860,0.4428,1.9095
96.3862,0.4891,2.1091
96.3864,0.5025,2.166
96.3866,0.5352,2.3098
96.3868,0.5334,2.2945
96.3870,0.6415,2.7599
96.3872,0.6295,2.7095
96.3874,0.6306,2.7142
96.3876,0.6542,2.8106
96.3878,0.7126,3.0658
96.3880,0.7161,3.075
96.3882,0.8329,3.5698
96.3884,0.9242,3.9609
96.3886,0.9336,4.0016
96.3888,0.9708,4.1589
96.3890,1.0025,4.2885
96.3892,1.0541,4.5117
96.3894,1.0517,4.5057
96.3896,0.9931,4.2525
96.3898,1.0146,4.3464
96.3900,1.0294,4.4081
96.3902,1.0474,4.4767
96.3904,1.0569,4.5278
96.3906,0.9866,4.2287
96.3908,0.9583,4.1074
96.3910,0.9685,4.153
96.3912,0.9224,3.9532
96.3914,0.9389,4.026
96.3916,0.9254,3.9661
96.3918,0.9477,4.0693
96.3920,0.889,3.8139
96.3922,0.87,3.7339
96.3924,0.8577,3.6848
96.3926,0.7967,3.4274
96.3928,0.7562,3.25
96.3930,0.7818,3.3603
96.3932,0.7806,3.3598
96.3934,0.7691,3.301
96.3936,0.8463,3.6325
96.3938,0.8108,3.485
96.3940,0.8017,3.4458
96.3942,0.786,3.3736
96.3944,0.8641,3.7104
96.3946,0.8924,3.8301
96.3948,0.8955,3.8453
96.3950,0.7917,3.4041
96.3952,0.7936,3.4076
96.3954,0.8287,3.5585
96.3956,0.8429,3.626
96.3958,0.7943,3.4171
96.3960,0.7848,3.3685
96.3962,0.8516,3.6619
96.3964,0.7767,3.3412
96.3966,0.7996,3.4366
96.3968,0.7883,3.385
96.3970,0.7456,3.2106
96.3972,0.7373,3.172
96.3974,0.7542,3.2417
96.3976,0.7638,3.2876
96.3978,0.717,3.0858
96.3980,0.6859,2.9521
96.3982,0.6737,2.9008
96.3984,0.693,2.9825
96.3986,0.7068,3.0405
96.3988,0.7032,3.0292
96.3990,0.6999,3.0139
96.3992,0.6954,2.9943
96.3994,0.6729,2.8977
96.3996,0.6667,2.8722
96.3998,0.6502,2.7983
96.4000,0.7075,3.0407
96.4002,0.7744,3.333
96.4004,0.7205,3.107
96.4006,0.5931,2.5586
96.4008,0.5744,2.4733
96.4010,0.6782,2.9191
96.4012,0.6679,2.876
96.4014,0.657,2.8264
96.4016,0.6541,2.8166
96.4018,0.6951,2.9946
96.4020,0.6837,2.9428
96.4022,0.6962,2.9965
96.4024,0.6652,2.8668
96.4026,0.6014,2.5906
96.4028,0.608,2.6191
96.4030,0.6247,2.6914
96.4032,0.678,2.9167
96.4034,0.7373,3.1705
96.4036,0.8002,3.4423
96.4038,0.7442,3.2059
96.4040,0.6572,2.8327
96.4042,0.6714,2.8896
96.4044,0.6744,2.8999
96.4046,0.6336,2.7334
96.4048,0.553,2.3858
96.4050,0.5511,2.3753
96.4052,0.5511,2.3786
96.4054,0.541,2.3341
96.4056,0.5833,2.515
96.4058,0.5344,2.3035
96.4060,0.5354,2.3108
96.4062,0.5347,2.3066
96.4064,0.5404,2.3304
96.4066,0.5968,2.5639
96.4068,0.7204,3.0964
96.4070,0.6768,2.9196
96.4072,0.542,2.3404
96.4074,0.529,2.2813
96.4076,0.5286,2.2781
96.4078,0.5289,2.2808
96.4080,0.5297,2.2849
96.4082,0.5344,2.3035
96.4084,0.6057,2.6092
96.4086,0.6347,2.7343
96.4088,0.6052,2.612
96.4090,0.5458,2.3526
96.4092,0.5723,2.4679
96.4094,0.5371,2.3159
96.4096,0.5493,2.3665
96.4098,0.6144,2.647
96.4100,0.6589,2.8307
96.4102,0.7367,3.1694
96.4104,0.6584,2.8339
96.4106,0.7118,3.0664
96.4108,0.6803,2.9265
96.4110,0.6955,2.9906
96.4112,0.6879,2.9581
96.4114,0.7074,3.0431
96.4116,0.6672,2.8729
96.4118,0.6231,2.6829
96.4120,0.6515,2.8014
96.4122,0.6852,2.9517
96.4124,0.6635,2.8582
96.4126,0.6608,2.8403
96.4128,0.7234,3.1093
96.4130,0.771,3.3154
96.4132,0.7354,3.1579
96.4134,0.7642,3.2845
96.4136,0.7493,3.2221
96.4138,0.7017,3.0216
96.4140,0.6771,2.9144
96.4142,0.6571,2.8295
96.4144,0.6144,2.6445
96.4146,0.6378,2.7502
96.4148,0.5957,2.5664
96.4150,0.5944,2.5583
96.4152,0.5605,2.419
96.4154,0.5025,2.169
96.4156,0.5312,2.2895
96.4158,0.5196,2.2435
96.4160,0.4781,2.0625
96.4162,0.4818,2.0785
96.4164,0.4829,2.0832
96.4166,0.484,2.0869
96.4168,0.5276,2.2761
96.4170,0.4873,2.1052
96.4172,0.4244,1.8333
96.4174,0.392,1.6934
96.4176,0.3879,1.6773
96.4178,0.3866,1.6709
96.4180,0.386,1.6667
96.4182,0.3956,1.7074
96.4184,0.4228,1.8265
96.4186,0.3742,1.616
96.4188,0.3884,1.6755
96.4190,0.4114,1.7749
96.4192,0.4678,2.018
96.4194,0.4942,2.1318
96.4196,0.5091,2.1934
96.4198,0.5171,2.2296
96.4200,0.491,2.1154
96.4202,0.5916,2.5429
96.4204,0.6817,2.9313
96.4206,0.6759,2.9093
96.4208,0.7034,3.0246
96.4210,0.7204,3.0964
96.4212,0.7562,3.247
96.4214,0.8297,3.5576
96.4216,0.9065,3.8854
96.4218,0.9658,4.1316
96.4220,1.0224,4.3716
96.4222,1.0696,4.5801
96.4224,1.0675,4.5666
96.4226,1.0761,4.6035
96.4228,1.0442,4.4775
96.4230,0.9268,3.9741
96.4232,0.9598,4.1098
96.4234,0.9806,4.1991
96.4236,0.983,4.2153
96.4238,1.0115,4.327
96.4240,1.1317,4.8415
96.4242,1.0832,4.6359
96.4244,1.0318,4.4225
96.4246,1.0316,4.4132
96.4248,1.1371,4.8623
96.4250,1.1221,4.8072
96.4252,0.9959,4.2703
96.4254,0.9316,4.0003
96.4256,0.9077,3.896
96.4258,0.9168,3.9369
96.4260,0.8363,3.5926
96.4262,0.8149,3.4993
96.4264,0.8498,3.6491
96.4266,0.866,3.7186
96.4268,0.8897,3.8206
96.4270,0.915,3.9219
96.4272,0.9439,4.0495
96.4274,0.9396,4.0329
96.4276,0.9401,4.0274
96.4278,0.9739,4.1781
96.4280,0.9756,4.1834
96.4282,0.8954,3.8483
96.4284,0.7989,3.4367
96.4286,0.7855,3.3778
96.4288,0.8173,3.5112
96.4290,0.8369,3.5918
96.4292,0.8649,3.7157
96.4294,0.8593,3.6915
96.4296,0.8262,3.5493
96.4298,0.8607,3.696
96.4300,0.8624,3.7066
96.4302,0.7789,3.3541
96.4304,0.7456,3.2061
96.4306,0.8062,3.4665
96.4308,0.821,3.5321
96.4310,0.7678,3.3031
96.4312,0.6819,2.9405
96.4314,0.6057,2.6129
96.4316,0.5958,2.5693
96.4318,0.6145,2.6499
96.4320,0.6294,2.7128
96.4322,0.6009,2.5898
96.4324,0.5993,2.5819
96.4326,0.588,2.5345
96.4328,0.5936,2.5583
96.4330,0.5865,2.5278
96.4332,0.6346,2.7325
96.4334,0.6948,2.9931
96.4336,0.6516,2.811
96.4338,0.5043,2.1798
96.4340,0.4799,2.0683
96.4342,0.5705,2.4625
96.4344,0.4939,2.1327
96.4346,0.4675,2.0188
96.4348,0.4657,2.0111
96.4350,0.462,1.9969
96.4352,0.4656,2.0115
96.4354,0.4689,2.0236
96.4356,0.4765,2.0577
96.4358,0.4778,2.0614
96.4360,0.4955,2.1405
96.4362,0.4501,1.9437
96.4364,0.4482,1.9355
96.4366,0.4504,1.9475
96.4368,0.4414,1.9059
96.4370,0.4442,1.9179
96.4372,0.4552,1.9664
96.4374,0.5085,2.1918
96.4376,0.5118,2.2078
96.4378,0.4522,1.9525
96.4380,0.4457,1.9228
96.4382,0.4902,2.1167
96.4384,0.4907,2.1148
96.4386,0.4828,2.0855
96.4388,0.4543,1.9628
96.4390,0.4503,1.9425
96.4392,0.4595,1.9832
96.4394,0.4581,1.9761
96.4396,0.5081,2.1918
96.4398,0.4637,2.0004
96.4400,0.4548,1.9621
96.4402,0.5196,2.2415
96.4404,0.556,2.3987
96.4406,0.4657,2.0101
96.4408,0.4816,2.0765
96.4410,0.5526,2.3793
96.4412,0.572,2.4629
96.4414,0.5943,2.5578
96.4416,0.5898,2.5399
96.4418,0.5852,2.5221
96.4420,0.6045,2.6065
96.4422,0.6039,2.5991
96.4424,0.6074,2.614
96.4426,0.6178,2.6639
96.4428,0.55,2.3718
96.4430,0.5452,2.3489
96.4432,0.5587,2.4023
96.4434,0.6395,2.7549
96.4436,0.5809,2.5046
96.4438,0.5897,2.5394
96.4440,0.6529,2.8036
96.4442,0.743,3.1918
96.4444,0.775,3.3278
96.4446,0.7753,3.3309
96.4448,0.695,2.9955
96.4450,0.5781,2.4893
96.4452,0.6502,2.7983
96.4454,0.6299,2.7123
96.4456,0.618,2.6625
96.4458,0.6372,2.7387
96.4460,0.7234,3.1093
96.4462,0.6737,2.8994
96.4464,0.6727,2.894
96.4466,0.6565,2.8243
96.4468,0.6642,2.8573
96.4470,0.6704,2.8855
96.4472,0.7182,3.0852
96.4474,0.7449,3.2045
96.4476,0.7201,3.0977
96.4478,0.6679,2.8747
96.4480,0.5847,2.5177
96.4482,0.566,2.4417
96.4484,0.4943,2.1323
96.4486,0.4722,2.0362
96.4488,0.5061,2.1815
96.4490,0.5762,2.481
96.4492,0.5855,2.5236
96.4494,0.5058,2.182
96.4496,0.4554,1.9629
96.4498,0.5151,2.2213
96.4500,0.5611,2.4182
96.4502,0.5279,2.2761
96.4504,0.5316,2.2889
96.4506,0.5662,2.4404
96.4508,0.4927,2.1236
96.4510,0.4913,2.1184
96.4512,0.5033,2.1701
96.4514,0.4964,2.1396
96.4516,0.5165,2.228
96.4518,0.4823,2.0825
96.4520,0.4053,1.7493
96.4522,0.3957,1.7087
96.4524,0.397,1.7152
96.4526,0.4084,1.7619
96.4528,0.4539,1.9562
96.4530,0.509,2.1919
96.4532,0.5149,2.2192
96.4534,0.5277,2.2714
96.4536,0.6416,2.7617
96.4538,0.6264,2.6949
96.4540,0.662,2.8494
96.4542,0.6353,2.7318
96.4544,0.6779,2.9134
96.4546,0.7346,3.1543
96.4548,0.7259,3.1158
96.4550,0.7969,3.4188
96.4552,0.9014,3.8597
96.4554,0.9763,4.1806
96.4556,1.0254,4.3886
96.4558,1.0187,4.3598
96.4560,0.9959,4.2603
96.4562,1.0292,4.405
96.4564,0.943,4.0398
96.4566,0.884,3.7958
96.4568,0.8234,3.5391
96.4570,0.7991,3.4297
96.4572,0.8114,3.4827
96.4574,0.8323,3.5739
96.4576,0.8081,3.4667
96.4578,0.8345,3.5799
96.4580,0.9124,3.9142
96.4582,0.8574,3.6798
96.4584,0.8294,3.5616
96.4586,0.8178,3.5084
96.4588,0.8701,3.7361
96.4590,0.8225,3.5301
96.4592,0.8123,3.4912
96.4594,0.7414,3.1866
96.4596,0.7634,3.2824
96.4598,0.784,3.3633
96.4600,0.8523,3.6633
96.4602,0.7945,3.4149
96.4604,0.8274,3.5528
96.4606,0.8174,3.5084
96.4608,0.8606,3.6903
96.4610,0.9026,3.8721
96.4612,0.8883,3.8108
96.4614,0.9228,3.959
96.4616,0.9052,3.887
96.4618,0.877,3.7607
96.4620,0.8939,3.835
96.4622,0.9333,4.0037
96.4624,0.914,3.9173
96.4626,0.9739,4.1723
96.4628,1.0003,4.2913
96.4630,0.9083,3.9004
96.4632,0.878,3.7719
96.4634,0.8664,3.7236
96.4636,0.7891,3.3917
96.4638,0.831,3.5649
96.4640,0.8703,3.7319
96.4642,0.9128,3.9158
96.4644,0.8996,3.861
96.4646,0.9143,3.9243
96.4648,0.8684,3.7393
96.4650,0.7225,3.1081
96.4652,0.766,3.2907
96.4654,0.7944,3.4144
96.4656,0.8074,3.4684
96.4658,0.8365,3.5953
96.4660,0.8281,3.5576
96.4662,0.8375,3.6028
96.4664,0.846,3.6377
96.4666,0.828,3.5554
96.4668,0.8644,3.7085
96.4670,0.7933,3.4209
96.4672,0.6048,2.6068
96.4674,0.5711,2.465
96.4676,0.5576,2.4054
96.4678,0.5683,2.4503
96.4680,0.5871,2.528
96.4682,0.6556,2.8241
96.4684,0.6548,2.8224
96.4686,0.5641,2.4345
96.4688,0.5067,2.1831
96.4690,0.5818,2.5076
96.4692,0.5883,2.5367
96.4694,0.5571,2.4034
96.4696,0.5448,2.3512
96.4698,0.5437,2.3433
96.4700,0.6782,2.9136
96.4702,0.7915,3.4052
96.4704,0.7312,3.1486
96.4706,0.6595,2.8386
96.4708,0.6044,2.6048
96.4710,0.5376,2.3201
96.4712,0.5299,2.2881
96.4714,0.533,2.2994
96.4716,0.5354,2.3097
96.4718,0.5261,2.2694
96.4720,0.5298,2.2844
96.4722,0.5307,2.2896
96.4724,0.5307,2.2896
96.4726,0.5294,2.2839
96.4728,0.5283,2.2792
96.4730,0.5293,2.2844
96.4732,0.5364,2.3117
96.4734,0.6102,2.6313
96.4736,0.5491,2.3687
96.4738,0.5226,2.2523
96.4740,0.5226,2.2533
96.4742,0.5231,2.2544
96.4744,0.5311,2.2911
96.4746,0.525,2.2626
96.4748,0.5344,2.3056
96.4750,0.5376,2.3191
96.4752,0.5359,2.3107
96.4754,0.5403,2.3288
96.4756,0.5434,2.3444
96.4758,0.5283,2.2782
96.4760,0.5349,2.3066
96.4762,0.5342,2.3035
96.4764,0.5554,2.3939
96.4766,0.6149,2.6478
96.4768,0.6702,2.8858
96.4770,0.6334,2.7248
96.4772,0.6735,2.8989
96.4774,0.672,2.8895
96.4776,0.7188,3.0935
96.4778,0.6635,2.8569
96.4780,0.6339,2.7268
96.4782,0.6799,2.9249
96.4784,0.7348,3.1612
96.4786,0.7281,3.1338
96.4788,0.6505,2.7985
96.4790,0.6975,2.9952
96.4792,0.8197,3.5231
96.4794,0.8003,3.4445
96.4796,0.7264,3.1236
96.4798,0.7223,3.1032
96.4800,0.7478,3.2139
96.4802,0.7783,3.3407
96.4804,0.8471,3.6373
96.4806,0.7576,3.2637
96.4808,0.6317,2.7176
96.4810,0.6825,2.9308
96.4812,0.7709,3.3165
96.4814,0.7239,3.1142
96.4816,0.7273,3.1258
96.4818,0.7475,3.2159
96.4820,0.7028,3.0206
96.4822,0.7081,3.0476
96.4824,0.6716,2.8907
96.4826,0.6617,2.8492
96.4828,0.643,2.7699
96.4830,0.6819,2.9392
96.4832,0.6259,2.694
96.4834,0.7056,3.0325
96.4836,0.6849,2.9507
96.4838,0.5824,2.5102
96.4840,0.585,2.5192
96.4842,0.6159,2.6507
96.4844,0.5902,2.5461
96.4846,0.4523,1.9558
96.4848,0.3951,1.7085
96.4850,0.4067,1.7563
96.4852,0.4096,1.7695
96.4854,0.4174,1.8024
96.4856,0.4233,1.8286
96.4858,0.4113,1.776
96.4860,0.4478,1.9298
96.4862,0.4957,2.1375
96.4864,0.539,2.3263
96.4866,0.5527,2.3754
96.4868,0.7247,3.1193
96.4870,0.6559,2.8231
96.4872,0.6623,2.8478
96.4874,0.6643,2.8579
96.4876,0.6363,2.7333
96.4878,0.7216,3.0987
96.4880,0.7919,3.4052
96.4882,0.7821,3.3519
96.4884,0.9244,3.9583
96.4886,0.955,4.0949
96.4888,0.9177,3.9387
96.4890,0.9079,3.8892
96.4892,0.9424,4.041
96.4894,0.9302,3.9866
96.4896,0.9387,4.0325
96.4898,0.8354,3.5873
96.4900,0.8838,3.786
96.4902,0.9637,4.1306
96.4904,0.9722,4.169
96.4906,0.9336,4.0053
96.4908,0.9268,3.9723
96.4910,0.9739,4.1742
96.4912,1.0111,4.3336
96.4914,0.9557,4.0961
96.4916,1.0387,4.4435
96.4918,1.116,4.7721
96.4920,1.1341,4.8541
96.4922,1.0946,4.6847
96.4924,1.0463,4.4826
96.4926,0.9377,4.0303
96.4928,0.7888,3.3933
96.4930,0.771,3.3139
96.4932,0.7858,3.3741
96.4934,0.8454,3.6301
96.4936,0.822,3.5346
96.4938,0.7819,3.3639
96.4940,0.724,3.1148
96.4942,0.7793,3.3479
96.4944,0.8081,3.4748
96.4946,0.8136,3.4969
96.4948,0.8365,3.5953
96.4950,0.7943,3.4155
96.4952,0.7375,3.1711
96.4954,0.7828,3.366
96.4956,0.7847,3.3742
96.4958,0.787,3.3824
96.4960,0.8232,3.5414
96.4962,0.7569,3.2576
96.4964,0.7388,3.1797
96.4966,0.7047,3.0345
96.4968,0.7246,3.1159
96.4970,0.6875,2.9602
96.4972,0.6806,2.9294
96.4974,0.7123,3.0656
96.4976,0.771,3.3185
96.4978,0.7825,3.3649
96.4980,0.7222,3.1099
96.4982,0.7457,3.2052
96.4984,0.7532,3.2401
96.4986,0.6648,2.8639
96.4988,0.6041,2.6062
96.4990,0.6173,2.6618
96.4992,0.5912,2.5515
96.4994,0.5275,2.2756
96.4996,0.5082,2.1943
96.4998,0.5209,2.2461
96.5000,0.5481,2.3635
96.5002,0.5273,2.2746
96.5004,0.5515,2.3769
96.5006,0.6117,2.6351
96.5008,0.6006,2.5912
96.5010,0.5759,2.4834
96.5012,0.5739,2.4735
96.5014,0.5689,2.4518
96.5016,0.5909,2.5445
96.5018,0.6168,2.6561
96.5020,0.6377,2.7472
96.5022,0.5945,2.5636
96.5024,0.5376,2.3191
96.5026,0.5366,2.316
96.5028,0.5516,2.3807
96.5030,0.5838,2.5129
96.5032,0.5943,2.5614
96.5034,0.5597,2.4136
96.5036,0.5823,2.5085
96.5038,0.6311,2.7162
96.5040,0.6412,2.7673
96.5042,0.5144,2.2223
96.5044,0.4537,1.9575
96.5046,0.4648,2.0051
96.5048,0.4493,1.9383
96.5050,0.4507,1.9463
96.5052,0.4914,2.1179
96.5054,0.5246,2.2642
96.5056,0.4667,2.0143
96.5058,0.4631,1.9997
96.5060,0.463,1.9991
96.5062,0.4627,1.9944
96.5064,0.524,2.2606
96.5066,0.4828,2.0836
96.5068,0.4903,2.1133
96.5070,0.516,2.227
96.5072,0.4585,1.98
96.5074,0.4428,1.9122
96.5076,0.4445,1.9176
96.5078,0.4424,1.911
96.5080,0.4487,1.9384
96.5082,0.4495,1.9385
96.5084,0.4481,1.9331
96.5086,0.4638,2
96.5088,0.5177,2.2311
96.5090,0.5089,2.1944
96.5092,0.5149,2.2213
96.5094,0.5434,2.3433
96.5096,0.5425,2.337
96.5098,0.5595,2.4126
96.5100,0.4864,2.0982
96.5102,0.466,2.0093
96.5104,0.5462,2.3487
96.5106,0.6402,2.7542
96.5108,0.6617,2.8439
96.5110,0.7365,3.1669
96.5112,0.7414,3.1866
96.5114,0.6582,2.8342
96.5116,0.5898,2.5422
96.5118,0.5847,2.5188
96.5120,0.5979,2.5709
96.5122,0.6744,2.8999
96.5124,0.6743,2.9007
96.5126,0.655,2.8189
96.5128,0.6562,2.8228
96.5130,0.7286,3.1285
96.5132,0.8047,3.4539
96.5134,0.7619,3.2732
96.5136,0.6851,2.9471
96.5138,0.6078,2.6185
96.5140,0.5684,2.4497
96.5142,0.5715,2.4632
96.5144,0.5804,2.5002
96.5146,0.5564,2.4003
96.5148,0.4942,2.1318
96.5150,0.4722,2.0362
96.5152,0.481,2.0749
96.5154,0.5197,2.2409
96.5156,0.4813,2.0755
96.5158,0.4778,2.0614
96.5160,0.5358,2.3113
96.5162,0.4835,2.0867
96.5164,0.4642,1.9988
96.5166,0.5556,2.3922
96.5168,0.488,2.1064
96.5170,0.4276,1.8447
96.5172,0.418,1.8058
96.5174,0.3696,1.5965
96.5176,0.3649,1.5749
96.5178,0.3724,1.609
96.5180,0.3808,1.6445
96.5182,0.38,1.6401
96.5184,0.369,1.5939
96.5186,0.3674,1.5865
96.5188,0.3824,1.6504
96.5190,0.4284,1.8457
96.5192,0.5031,2.1686
96.5194,0.486,2.0947
96.5196,0.5204,2.244
96.5198,0.5234,2.2528
96.5200,0.6207,2.6664
96.5202,0.6629,2.8503
96.5204,0.6737,2.8954
96.5206,0.701,3.0087
96.5208,0.7453,3.2001
96.5210,0.7834,3.3591
96.5212,0.8782,3.7624
96.5214,0.9128,3.9085
96.5216,0.9896,4.2376
96.5218,1.0008,4.2814
96.5220,1.0685,4.5605
96.5222,1.1428,4.8842
96.5224,1.1058,4.7351
96.5226,1.0085,4.3182
96.5228,0.9858,4.2271
96.5230,0.8985,3.8564
96.5232,0.9108,3.9021
96.5234,0.9698,4.1529
96.5236,0.9834,4.2109
96.5238,0.9702,4.1564
96.5240,0.9749,4.1803
96.5242,0.9686,4.1497
96.5244,1.0019,4.288
96.5246,0.9922,4.2484
96.5248,0.9492,4.0684
96.5250,0.9308,3.9874
96.5252,0.9974,4.263
96.5254,1.1148,4.7625
96.5256,1.1371,4.8623
96.5258,1.0918,4.6707
96.5260,1.0961,4.6979
96.5262,1.0128,4.3387
96.5264,1.029,4.4081
96.5266,0.9573,4.1047
96.5268,1.0039,4.2987
96.5270,1.0633,4.5529
96.5272,1.0708,4.5788
96.5274,1.1386,4.8685
96.5276,1.1368,4.8654
96.5278,1.1027,4.7196
96.5280,1.1127,4.7622
96.5282,1.0514,4.5083
96.5284,0.9278,3.9912
96.5286,0.7891,3.3901
96.5288,0.7997,3.4403
96.5290,0.7848,3.3732
96.5292,0.8191,3.5189
96.5294,0.8096,3.4782
96.5296,0.8118,3.4859
96.5298,0.8319,3.5774
96.5300,0.7626,3.2839
96.5302,0.7113,3.0629
96.5304,0.7044,3.0358
96.5306,0.6244,2.6911
96.5308,0.61,2.6266
96.5310,0.6823,2.9339
96.5312,0.7102,3.0569
96.5314,0.7137,3.069
96.5316,0.7178,3.0879
96.5318,0.7305,3.1455
96.5320,0.7413,3.1861
96.5322,0.7992,3.4382
96.5324,0.7365,3.1728
96.5326,0.6237,2.6867
96.5328,0.6672,2.8743
96.5330,0.6587,2.8336
96.5332,0.6833,2.9462
96.5334,0.5803,2.5032
96.5336,0.6138,2.6456
96.5338,0.5883,2.5355
96.5340,0.5921,2.5521
96.5342,0.653,2.8081
96.5344,0.7399,3.1858
96.5346,0.7249,3.114
96.5348,0.7497,3.2237
96.5350,0.7421,3.1941
96.5352,0.7701,3.3129
96.5354,0.7544,3.2438
96.5356,0.7906,3.3979
96.5358,0.8395,3.6065
96.5360,0.8173,3.5096
96.5362,0.8032,3.4488
96.5364,0.8413,3.6159
96.5366,0.7831,3.3675
96.5368,0.7108,3.0623
96.5370,0.6758,2.9114
96.5372,0.6663,2.8653
96.5374,0.6955,2.992
96.5376,0.7327,3.1534
96.5378,0.7696,3.3046
96.5380,0.8186,3.5169
96.5382,0.7298,3.1439
96.5384,0.6799,2.9304
96.5386,0.6371,2.7459
96.5388,0.6347,2.7343
96.5390,0.6636,2.8574
96.5392,0.66,2.838
96.5394,0.7319,3.1517
96.5396,0.7132,3.0669
96.5398,0.83,3.5658
96.5400,0.804,3.4605
96.5402,0.7956,3.4227
96.5404,0.7666,3.2979
96.5406,0.7948,3.4144
96.5408,0.8455,3.6373
96.5410,0.7646,3.2845
96.5412,0.7955,3.4159
96.5414,0.8905,3.8219
96.5416,0.9148,3.9282
96.5418,0.8943,3.8366
96.5420,0.9335,4.0066
96.5422,0.9314,3.9974
96.5424,0.9395,4.0305
96.5426,0.9529,4.0843
96.5428,1.0146,4.3485
96.5430,1.0154,4.346
96.5432,1.0931,4.6829
96.5434,1.0601,4.5522
96.5436,0.8962,3.8537
96.5438,0.8448,3.6258
96.5440,0.8867,3.8041
96.5442,0.9213,3.9541
96.5444,0.9286,3.9893
96.5446,0.9383,4.0347
96.5448,0.829,3.5678
96.5450,0.7993,3.4387
96.5452,0.8337,3.5784
96.5454,0.8901,3.8203
96.5456,0.9363,4.0147
96.5458,0.9647,4.1424
96.5460,0.8726,3.7539
96.5462,0.7818,3.3681
96.5464,0.7566,3.2505
96.5466,0.9282,3.9803
96.5468,1.0523,4.504
96.5470,1.1146,4.7749
96.5472,1.0026,4.3071
96.5474,0.808,3.4791
96.5476,0.7797,3.3572
96.5478,0.7768,3.3402
96.5480,0.8167,3.5184
96.5482,0.8089,3.4751
96.5484,0.8018,3.448
96.5486,0.809,3.4805
96.5488,0.7966,3.4269
96.5490,0.7815,3.3619
96.5492,0.7743,3.334
96.5494,0.7974,3.4321
96.5496,0.7821,3.3644
96.5498,0.7895,3.3964
96.5500,0.8334,3.5802
96.5502,0.9501,4.0758
96.5504,0.943,4.0473
96.5506,0.9245,3.968
96.5508,0.9214,3.9602
96.5510,0.8694,3.7348
96.5512,0.9266,3.9786
96.5514,0.9834,4.2207
96.5516,0.9574,4.111
96.5518,0.9143,3.9243
96.5520,0.8402,3.6146
96.5522,0.7798,3.3578
96.5524,0.8096,3.4815
96.5526,0.871,3.749
96.5528,0.8805,3.7844
96.5530,0.9573,4.1009
96.5532,1.0303,4.422
96.5534,0.9937,4.263
96.5536,1.0226,4.3768
96.5538,1.0827,4.6469
96.5540,1.0216,4.389
96.5542,0.9763,4.1884
96.5544,1.0172,4.3638
96.5546,1.0175,4.3669
96.5548,1.0032,4.3057
96.5550,1.048,4.4877
96.5552,1.1055,4.7314
96.5554,1.1376,4.8826
96.5556,1.0502,4.5074
96.5558,1.0485,4.496
96.5560,1.0499,4.5064
96.5562,1.0151,4.3485
96.5564,1.0293,4.4137
96.5566,1.0703,4.5981
96.5568,1.0013,4.2974
96.5570,1.0046,4.3118
96.5572,1.0386,4.4637
96.5574,0.9508,4.0788
96.5576,0.9915,4.2537
96.5578,0.9803,4.2132
96.5580,0.9378,4.0252
96.5582,0.9702,4.168
96.5584,0.9209,3.96
96.5586,0.868,3.7395
96.5588,0.818,3.5208
96.5590,0.8116,3.493
96.5592,0.8077,3.4797
96.5594,0.7535,3.2462
96.5596,0.7298,3.1381
96.5598,0.8619,3.7063
96.5600,0.8917,3.8288
96.5602,0.9258,3.9774
96.5604,0.9356,4.0247
96.5606,0.9537,4.095
96.5608,1.0546,4.5222
96.5610,1.0484,4.4934
96.5612,1.1184,4.8002
96.5614,1.0816,4.6444
96.5616,1.032,4.4416
96.5618,0.9541,4.0933
96.5620,1.0499,4.5043
96.5622,1.0414,4.4719
96.5624,0.9745,4.1885
96.5626,0.9495,4.0751
96.5628,1.0374,4.4503
96.5630,1.095,4.6977
96.5632,1.0425,4.4786
96.5634,0.9529,4.0995
96.5636,0.9369,4.0304
96.5638,0.9176,3.9474
96.5640,0.8375,3.6078
96.5642,0.7571,3.2602
96.5644,0.8078,3.4786
96.5646,0.8357,3.595
96.5648,0.8606,3.7006
96.5650,0.9118,3.9244
96.5652,0.9144,3.934
96.5654,0.8581,3.6949
96.5656,0.7594,3.2776
96.5658,0.7126,3.0729
96.5660,0.7219,3.1127
96.5662,0.7315,3.1555
96.5664,0.7642,3.2937
96.5666,0.7403,3.1864
96.5668,0.7122,3.0765
96.5670,0.6329,2.7316
96.5672,0.607,2.621
96.5674,0.5591,2.4166
96.5676,0.5524,2.3876
96.5678,0.5545,2.3986
96.5680,0.5331,2.3052
96.5682,0.568,2.4539
96.5684,0.5539,2.3927
96.5686,0.5488,2.371
96.5688,0.5894,2.5425
96.5690,0.6036,2.6077
96.5692,0.482,2.0853
96.5694,0.4663,2.0146
96.5696,0.6094,2.6228
96.5698,0.7926,3.4178
96.5700,0.6148,2.6571
96.5702,0.5271,2.2772
96.5704,0.5572,2.4061
96.5706,0.5249,2.2695
96.5708,0.557,2.4006
96.5710,0.7096,3.0543
96.5712,0.7078,3.0508
96.5714,0.7253,3.1262
96.5716,0.7263,3.1289
96.5718,0.7141,3.0762
96.5720,0.7345,3.167
96.5722,0.7095,3.0623
96.5724,0.6269,2.7057
96.5726,0.611,2.6356
96.5728,0.6102,2.635
96.5730,0.6098,2.6317
96.5732,0.6154,2.6535
96.5734,0.6656,2.8689
96.5736,0.6619,2.8502
96.5738,0.6656,2.8715
96.5740,0.6159,2.6569
96.5742,0.6117,2.6387
96.5744,0.6058,2.6134
96.5746,0.6072,2.6196
96.5748,0.6142,2.6496
96.5750,0.6083,2.6243
96.5752,0.6145,2.6499
96.5754,0.611,2.6332
96.5756,0.607,2.6161
96.5758,0.6095,2.6306
96.5760,0.6089,2.6268
96.5762,0.608,2.6215
96.5764,0.6173,2.6594
96.5766,0.6602,2.8482
96.5768,0.6294,2.7128
96.5770,0.6858,2.9502
96.5772,0.7931,3.4103
96.5774,0.8012,3.4438
96.5776,0.8562,3.6764
96.5778,0.8685,3.7381
96.5780,0.7909,3.4042
96.5782,0.7473,3.2148
96.5784,0.7971,3.4241
96.5786,0.8439,3.6306
96.5788,0.8312,3.5693
96.5790,0.8858,3.8018
96.5792,0.9443,4.0492
96.5794,1.0492,4.4949
96.5796,1.0711,4.5948
96.5798,0.9387,4.0306
96.5800,0.9123,3.9174
96.5802,0.9015,3.871
96.5804,0.873,3.745
96.5806,0.9206,3.9603
96.5808,0.8357,3.5967
96.5810,0.7791,3.3515
96.5812,0.8029,3.4526
96.5814,0.7989,3.4399
96.5816,0.7631,3.2829
96.5818,0.7833,3.368
96.5820,0.8459,3.6372
96.5822,0.8743,3.7576
96.5824,0.8598,3.7022
96.5826,0.7867,3.3846
96.5828,0.8324,3.5794
96.5830,0.7611,3.2787
96.5832,0.7216,3.103
96.5834,0.8204,3.5295
96.5836,0.8274,3.5594
96.5838,0.7956,3.4259
96.5840,0.6997,3.0184
96.5842,0.6044,2.612
96.5844,0.5353,2.3103
96.5846,0.574,2.474
96.5848,0.6016,2.5965
96.5850,0.5486,2.3666
96.5852,0.5928,2.5575
96.5854,0.612,2.6366
96.5856,0.6461,2.7885
96.5858,0.5426,2.3462
96.5860,0.5082,2.1954
96.5862,0.5432,2.3412
96.5864,0.662,2.852
96.5866,0.7084,3.0491
96.5868,0.7135,3.0751
96.5870,0.7345,3.1567
96.5872,0.8466,3.6403
96.5874,0.8174,3.5133
96.5876,0.9053,3.8857
96.5878,0.996,4.2708
96.5880,0.9508,4.0788
96.5882,0.9449,4.0518
96.5884,1.0465,4.4894
96.5886,1.0534,4.5192
96.5888,1.0757,4.6063
96.5890,1.1077,4.7456
96.5892,1.0808,4.63
96.5894,1.1133,4.7737
96.5896,0.988,4.2462
96.5898,0.8685,3.7277
96.5900,0.9803,4.2074
96.5902,0.9854,4.2315
96.5904,0.9154,3.9308
96.5906,0.9278,3.9819
96.5908,0.949,4.0787
96.5910,0.8989,3.8597
96.5912,0.8913,3.829
96.5914,0.8755,3.7575
96.5916,0.9758,4.1903
96.5918,0.9895,4.247
96.5920,1.0011,4.2949
96.5922,0.9992,4.2867
96.5924,0.9985,4.2876
96.5926,1.022,4.3824
96.5928,0.9537,4.0988
96.5930,0.89,3.8269
96.5932,0.8704,3.7429
96.5934,0.866,3.7221
96.5936,0.9131,3.9283
96.5938,0.8743,3.7576
96.5940,0.8664,3.7219
96.5942,0.8823,3.7957
96.5944,0.8429,3.626
96.5946,0.8679,3.7303
96.5948,0.8688,3.7391
96.5950,0.7333,3.1618
96.5952,0.7378,3.177
96.5954,0.8039,3.4583
96.5956,0.8087,3.4806
96.5958,0.8243,3.5444
96.5960,0.8631,3.7132
96.5962,0.7744,3.3361
96.5964,0.7822,3.3665
96.5966,0.824,3.5433
96.5968,0.8999,3.8661
96.5970,0.9097,3.9151
96.5972,0.8389,3.6073
96.5974,0.8221,3.5367
96.5976,0.8179,3.517
96.5978,0.826,3.5565
96.5980,0.8122,3.4988
96.5982,0.7599,3.2736
96.5984,0.7306,3.1504
96.5986,0.7082,3.0538
96.5988,0.7076,3.0483
96.5990,0.7411,3.1895
96.5992,0.7668,3.3051
96.5994,0.7137,3.0761
96.5996,0.7096,3.0543
96.5998,0.7833,3.379
96.6000,0.6586,2.8371
96.6002,0.6912,2.9831
96.6004,0.6081,2.622
96.6006,0.6727,2.8994
96.6008,0.7088,3.0521
96.6010,0.718,3.0947
96.6012,0.6976,3.0096
96.6014,0.715,3.0775
96.6016,0.7444,3.2069
96.6018,0.7411,3.1925
96.6020,0.746,3.2122
96.6022,0.6728,2.8999
96.6024,0.6559,2.8257
96.6026,0.7506,3.2338
96.6028,0.7783,3.3531
96.6030,0.775,3.3371
96.6032,0.7679,3.3082
96.6034,0.7418,3.1956
96.6036,0.7259,3.1288
96.6038,0.6816,2.9376
96.6040,0.6602,2.8496
96.6042,0.5801,2.5027
96.6044,0.557,2.4073
96.6046,0.5785,2.4966
96.6048,0.5866,2.5341
96.6050,0.5564,2.4014
96.6052,0.5687,2.457
96.6054,0.5613,2.4248
96.6056,0.5487,2.3672
96.6058,0.5494,2.3714
96.6060,0.5492,2.3725
96.6062,0.5516,2.3774
96.6064,0.6668,2.8714
96.6066,0.7262,3.1313
96.6068,0.6181,2.6692
96.6070,0.5648,2.4365
96.6072,0.5613,2.4215
96.6074,0.5535,2.3901
96.6076,0.5545,2.3931
96.6078,0.5556,2.3989
96.6080,0.557,2.4029
96.6082,0.5577,2.406
96.6084,0.5533,2.389
96.6086,0.5461,2.3558
96.6088,0.542,2.3393
96.6090,0.5408,2.3352
96.6092,0.54,2.3305
96.6094,0.6114,2.634
96.6096,0.6409,2.7598
96.6098,0.6851,2.9512
96.6100,0.6578,2.8353
96.6102,0.6409,2.7637
96.6104,0.6213,2.6789
96.6106,0.6574,2.8293
96.6108,0.7172,3.0839
96.6110,0.7433,3.2008
96.6112,0.7538,3.2412
96.6114,0.8203,3.5274
96.6116,0.7914,3.4078
96.6118,0.7297,3.1405
96.6120,0.7406,3.18
96.6122,0.8397,3.6092
96.6124,0.7984,3.4362
96.6126,0.753,3.2411
96.6128,0.7726,3.3268
96.6130,0.7592,3.2644
96.6132,0.822,3.5346
96.6134,0.8268,3.5486
96.6136,0.8835,3.7938
96.6138,0.8339,3.5857
96.6140,0.7461,3.2157
96.6142,0.6499,2.8012
96.6144,0.6497,2.7976
96.6146,0.7206,3.0984
96.6148,0.7973,3.4348
96.6150,0.6349,2.7404
96.6152,0.5813,2.5079
96.6154,0.505,2.1824
96.6156,0.4326,1.8716
96.6158,0.4294,1.8568
96.6160,0.4269,1.8442
96.6162,0.5008,2.1633
96.6164,0.4532,1.9576
96.6166,0.4193,1.8115
96.6168,0.4273,1.8466
96.6170,0.4367,1.8875
96.6172,0.4263,1.8424
96.6174,0.4205,1.8184
96.6176,0.4305,1.8614
96.6178,0.465,2.0089
96.6180,0.4313,1.8642
96.6182,0.4107,1.7751
96.6184,0.4338,1.8751
96.6186,0.4389,1.8951
96.6188,0.4334,1.8722
96.6190,0.4243,1.8328
96.6192,0.4508,1.9455
96.6194,0.5227,2.2529
96.6196,0.6191,2.6659
96.6198,0.6956,2.9967
96.6200,0.7184,3.0906
96.6202,0.732,3.1416
96.6204,0.8406,3.6112
96.6206,0.8691,3.7286
96.6208,0.9374,4.0176
96.6210,0.9793,4.1974
96.6212,0.964,4.1317
96.6214,1.0356,4.4343
96.6216,1.1006,4.7104
96.6218,1.0803,4.6237
96.6220,1.0621,4.5457
96.6222,1.085,4.6437
96.6224,1.0708,4.5874
96.6226,1.0608,4.5464
96.6228,1.0166,4.3552
96.6230,1.0572,4.5289
96.6232,1.0729,4.5833
96.6234,1.1809,5.0543
96.6236,1.1153,4.7713
96.6238,1.1123,4.7585
96.6240,1.134,4.8514
96.6242,1.1282,4.8307
96.6244,1.1401,4.8821
96.6246,1.0976,4.7042
96.6248,1.0291,4.4087
96.6250,1.0929,4.6776
96.6252,1.051,4.5111
96.6254,0.9549,4.0964
96.6256,0.9636,4.1378
96.6258,0.9088,3.9025
96.6260,0.9128,3.9286
96.6262,0.7942,3.4166
96.6264,0.7826,3.3634
96.6266,0.8203,3.5225
96.6268,0.891,3.8294
96.6270,0.8772,3.7701
96.6272,0.835,3.592
96.6274,0.8119,3.4962
96.6276,0.796,3.4243
96.6278,0.8035,3.4552
96.6280,0.7824,3.3692
96.6282,0.7371,3.1725
96.6284,0.751,3.2309
96.6286,0.76,3.2681
96.6288,0.794,3.4203
96.6290,0.6903,2.9754
96.6292,0.6718,2.8953
96.6294,0.6379,2.7495
96.6296,0.6504,2.8007
96.6298,0.7183,3.0915
96.6300,0.7844,3.3727
96.6302,0.7817,3.3661
96.6304,0.7112,3.0639
96.6306,0.7395,3.1829
96.6308,0.7659,3.2964
96.6310,0.7689,3.3047
96.6312,0.801,3.4476
96.6314,0.7115,3.0607
96.6316,0.7571,3.2587
96.6318,0.8001,3.4355
96.6320,0.8605,3.7002
96.6322,0.8601,3.6969
96.6324,0.8772,3.7701
96.6326,0.8878,3.8159
96.6328,0.8181,3.5176
96.6330,0.7754,3.3418
96.6332,0.6562,2.8281
96.6334,0.63,2.7179
96.6336,0.626,2.6978
96.6338,0.6879,2.9609
96.6340,0.7328,3.1598
96.6342,0.6764,2.9168
96.6344,0.5897,2.5441
96.6346,0.5714,2.4638
96.6348,0.6006,2.59
96.6350,0.5899,2.547
96.6352,0.5523,2.3838
96.6354,0.5388,2.3275
96.6356,0.4986,2.156
96.6358,0.4592,1.9863
96.6360,0.4355,1.878
96.6362,0.5546,2.3948
96.6364,0.4925,2.1285
96.6366,0.4704,2.0322
96.6368,0.4752,2.0529
96.6370,0.4713,2.0377
96.6372,0.5005,2.1612
96.6374,0.5395,2.3285
96.6376,0.5286,2.2814
96.6378,0.4847,2.0939
96.6380,0.4795,2.0706
96.6382,0.4934,2.1317
96.6384,0.4876,2.1044
96.6386,0.4932,2.1277
96.6388,0.4961,2.1441
96.6390,0.4776,2.0652
96.6392,0.4662,2.0132
96.6394,0.466,2.0121
96.6396,0.4825,2.0845
96.6398,0.4819,2.081
96.6400,0.496,2.1376
96.6402,0.564,2.4284
96.6404,0.6354,2.7374
96.6406,0.6134,2.6424
96.6408,0.6135,2.6429
96.6410,0.6244,2.6886
96.6412,0.714,3.0701
96.6414,0.7627,3.2794
96.6416,0.7103,3.0583
96.6418,0.6417,2.7668
96.6420,0.5914,2.5502
96.6422,0.58,2.5022
96.6424,0.5782,2.4933
96.6426,0.6399,2.7565
96.6428,0.6186,2.6638
96.6430,0.6423,2.7669
96.6432,0.6461,2.7821
96.6434,0.6756,2.9118
96.6436,0.623,2.6824
96.6438,0.6629,2.8544
96.6440,0.7049,3.0323
96.6442,0.7323,3.1504
96.6444,0.7358,3.1624
96.6446,0.7509,3.2274
96.6448,0.7874,3.3825
96.6450,0.8233,3.5387
96.6452,0.8201,3.5215
96.6454,0.8585,3.6828
96.6456,0.8806,3.7833
96.6458,0.8701,3.7449
96.6460,0.7333,3.1516
96.6462,0.7601,3.2655
96.6464,0.7703,3.3124
96.6466,0.7702,3.3119
96.6468,0.7857,3.3831
96.6470,0.7147,3.076
96.6472,0.6575,2.8338
96.6474,0.605,2.6074
96.6476,0.6062,2.6114
96.6478,0.6307,2.716
96.6480,0.6534,2.8123
96.6482,0.6394,2.7532
96.6484,0.5948,2.5682
96.6486,0.5375,2.3207
96.6488,0.5252,2.2669
96.6490,0.5316,2.29
96.6492,0.5756,2.4808
96.6494,0.5795,2.5002
96.6496,0.5752,2.4792
96.6498,0.5641,2.4278
96.6500,0.6778,2.9157
96.6502,0.6743,2.9021
96.6504,0.745,3.2096
96.6506,0.6853,2.9551
96.6508,0.5632,2.4298
96.6510,0.5389,2.3248
96.6512,0.5358,2.3113
96.6514,0.5448,2.3469
96.6516,0.5983,2.5737
96.6518,0.6376,2.748
96.6520,0.6142,2.6447
96.6522,0.6322,2.7222
96.6524,0.6197,2.6673
96.6526,0.6583,2.8374
96.6528,0.6165,2.6521
96.6530,0.7287,3.1364
96.6532,0.6577,2.8295
96.6534,0.6908,2.9733
96.6536,0.699,3.0056
96.6538,0.7808,3.3541
96.6540,0.8256,3.5452
96.6542,0.8366,3.5892
96.6544,0.8655,3.7149
96.6546,0.8892,3.8163
96.6548,0.9319,3.9921
96.6550,0.9809,4.21
96.6552,0.917,3.9375
96.6554,0.9586,4.1143
96.6556,0.9581,4.1122
96.6558,0.9468,4.0582
96.6560,0.9757,4.184
96.6562,0.9147,3.9241
96.6564,0.9599,4.1123
96.6566,1.0066,4.3141
96.6568,0.9718,4.167
96.6570,0.9465,4.0604
96.6572,0.9931,4.2605
96.6574,0.9876,4.2329
96.6576,0.9934,4.2596
96.6578,0.9807,4.207
96.6580,0.9978,4.2766
96.6582,1.0166,4.3613
96.6584,0.976,4.1928
96.6586,0.8744,3.7547
96.6588,0.8744,3.7547
96.6590,0.8531,3.6648
96.6592,0.825,3.5508
96.6594,0.7622,3.2743
96.6596,0.8416,3.6153
96.6598,0.8822,3.79
96.6600,0.9077,3.9015
96.6602,0.9055,3.8827
96.6604,0.9859,4.2257
96.6606,0.9867,4.2268
96.6608,0.9772,4.1921
96.6610,0.9902,4.2442
96.6612,1.0473,4.493
96.6614,0.9798,4.2073
96.6616,0.9519,4.0817
96.6618,1.0038,4.3083
96.6620,0.9739,4.1782
96.6622,0.9869,4.2318
96.6624,0.9811,4.2091
96.6626,0.9868,4.2313
96.6628,1.0213,4.3875
96.6630,0.8954,3.8484
96.6632,0.8846,3.7967
96.6634,0.9676,4.149
96.6636,1.0169,4.3583
96.6638,1.0063,4.3191
96.6640,1.0058,4.315
96.6642,1.0371,4.4472
96.6644,0.9558,4.1082
96.6646,0.8723,3.749
96.6648,0.8766,3.7693
96.6650,0.8713,3.7431
96.6652,0.8763,3.7665
96.6654,0.8755,3.7646
96.6656,0.891,3.8258
96.6658,0.9611,4.127
96.6660,0.9464,4.0675
96.6662,0.9307,3.9962
96.6664,0.978,4.1957
96.6666,0.9748,4.1896
96.6668,0.8956,3.8495
96.6670,0.8398,3.6076
96.6672,0.8401,3.6175
96.6674,0.8094,3.4886
96.6676,0.7761,3.3418
96.6678,0.6782,2.9259
96.6680,0.5879,2.5364
96.6682,0.5514,2.383
96.6684,0.4913,2.1224
96.6686,0.4886,2.111
96.6688,0.492,2.1274
96.6690,0.4907,2.1198
96.6692,0.5267,2.2741
96.6694,0.5505,2.3772
96.6696,0.5932,2.5615
96.6698,0.5637,2.4341
96.6700,0.5426,2.343
96.6702,0.5315,2.2927
96.6704,0.584,2.5181
96.6706,0.6394,2.757
96.6708,0.6841,2.9485
96.6710,0.6447,2.7798
96.6712,0.5637,2.4341
96.6714,0.5346,2.3083
96.6716,0.5377,2.3185
96.6718,0.5977,2.5771
96.6720,0.6331,2.7301
96.6722,0.6345,2.7358
96.6724,0.649,2.7971
96.6726,0.6435,2.7746
96.6728,0.6498,2.8046
96.6730,0.6153,2.6506
96.6732,0.6252,2.6973
96.6734,0.5569,2.4035
96.6736,0.5341,2.3041
96.6738,0.5351,2.3114
96.6740,0.5445,2.3513
96.6742,0.5514,2.3808
96.6744,0.5269,2.2731
96.6746,0.5276,2.2772
96.6748,0.5294,2.2839
96.6750,0.5738,2.4753
96.6752,0.5457,2.3543
96.6754,0.5261,2.2694
96.6756,0.5256,2.2695
96.6758,0.5252,2.269
96.6760,0.5259,2.2679
96.6762,0.5938,2.5534
96.6764,0.6859,2.9549
96.6766,0.6523,2.8116
96.6768,0.6413,2.7614
96.6770,0.6342,2.7297
96.6772,0.6845,2.9446
96.6774,0.7336,3.1561
96.6776,0.7471,3.2154
96.6778,0.777,3.3397
96.6780,0.7564,3.2541
96.6782,0.7077,3.0447
96.6784,0.7233,3.1132
96.6786,0.76,3.265
96.6788,0.8431,3.622
96.6790,0.876,3.7719
96.6792,0.6854,2.9542
96.6794,0.6601,2.8412
96.6796,0.6912,2.9749
96.6798,0.7088,3.055
96.6800,0.6261,2.6971
96.6802,0.6728,2.8972
96.6804,0.7338,3.1566
96.6806,0.769,3.3067
96.6808,0.8326,3.58
96.6810,0.8341,3.5851
96.6812,0.8053,3.4614
96.6814,0.8128,3.4933
96.6816,0.8103,3.4841
96.6818,0.7804,3.3573
96.6820,0.7112,3.0582
96.6822,0.7459,3.2042
96.6824,0.7998,3.4441
96.6826,0.7606,3.2706
96.6828,0.7712,3.3191
96.6830,0.7533,3.2422
96.6832,0.7453,3.2046
96.6834,0.7571,3.2587
96.6836,0.6745,2.9085
96.6838,0.6218,2.681
96.6840,0.6003,2.5896
96.6842,0.5286,2.2814
96.6844,0.4768,2.0587
96.6846,0.4703,2.0317
96.6848,0.4733,2.0437
96.6850,0.4978,2.1454
96.6852,0.5273,2.2746
96.6854,0.5359,2.3129
96.6856,0.4747,2.0528
96.6858,0.4324,1.8671
96.6860,0.4692,2.0252
96.6862,0.5099,2.1986
96.6864,0.5363,2.3134
96.6866,0.5616,2.4214
96.6868,0.55,2.3685
96.6870,0.676,2.9066
96.6872,0.7639,3.2861
96.6874,0.7773,3.3423
96.6876,0.7892,3.3886
96.6878,0.8516,3.6535
96.6880,0.8911,3.8281
96.6882,0.8432,3.6225
96.6884,0.7962,3.419
96.6886,0.8305,3.5646
96.6888,0.8232,3.5382
96.6890,0.7709,3.3104
96.6892,0.8847,3.7972
96.6894,0.9271,3.9771
96.6896,0.9107,3.9089
96.6898,0.9081,3.8958
96.6900,0.9426,4.0402
96.6902,0.9599,4.1199
96.6904,0.922,3.961
96.6906,0.9025,3.8716
96.6908,0.9569,4.0994
96.6910,0.9774,4.199
96.6912,0.9239,3.9655
96.6914,0.9118,3.9081
96.6916,0.9488,4.0683
96.6918,0.9384,4.0297
96.6920,0.8994,3.8672
96.6922,0.8378,3.5994
96.6924,0.8754,3.7588
96.6926,0.9536,4.0908
96.6928,0.9795,4.2019
96.6930,0.904,3.8873
96.6932,0.8954,3.8413
96.6934,0.9543,4.0938
96.6936,0.9224,3.9589
96.6938,0.9074,3.8981
96.6940,0.9163,3.9326
96.6942,0.9211,3.9606
96.6944,0.7977,3.43
96.6946,0.7989,3.4399
96.6948,0.7485,3.2201
96.6950,0.7423,3.1932
96.6952,0.7671,3.3031
96.6954,0.7383,3.1821
96.6956,0.711,3.06
96.6958,0.7045,3.035
96.6960,0.6646,2.8616
96.6962,0.7671,3.3
96.6964,0.7726,3.3253
96.6966,0.7823,3.3655
96.6968,0.7866,3.392
96.6970,0.6337,2.734
96.6972,0.6038,2.6022
96.6974,0.6618,2.8511
96.6976,0.708,3.0485
96.6978,0.6974,3.0017
96.6980,0.6893,2.968
96.6982,0.6713,2.8892
96.6984,0.6959,2.9978
96.6986,0.6737,2.9062
96.6988,0.6301,2.7147
96.6990,0.6767,2.9165
96.6992,0.652,2.8113
96.6994,0.5683,2.4527
96.6996,0.5957,2.5664
96.6998,0.6652,2.8695
96.7000,0.5197,2.2441
96.7002,0.5303,2.2886
96.7004,0.5937,2.5588
96.7006,0.6078,2.6222
96.7008,0.5604,2.4196
96.7010,0.557,2.4007
96.7012,0.6418,2.7648
96.7014,0.6107,2.6334
96.7016,0.586,2.5281
96.7018,0.5142,2.2223
96.7020,0.4828,2.0846
96.7022,0.5187,2.2368
96.7024,0.5637,2.4319
96.7026,0.5568,2.4008
96.7028,0.6051,2.6079
96.7030,0.6203,2.6698
96.7032,0.6439,2.7754
96.7034,0.6395,2.7575
96.7036,0.5992,2.5886
96.7038,0.4793,2.0696
96.7040,0.4566,1.9727
96.7042,0.4523,1.9549
96.7044,0.4539,1.9598
96.7046,0.4547,1.9635
96.7048,0.4602,1.9873
96.7050,0.4709,2.0315
96.7052,0.4596,1.9828
96.7054,0.5146,2.2229
96.7056,0.4569,1.9719
96.7058,0.4474,1.931
96.7060,0.4467,1.927
96.7062,0.4464,1.9277
96.7064,0.4456,1.925
96.7066,0.4514,1.9471
96.7068,0.5059,2.1805
96.7070,0.506,2.1851
96.7072,0.4498,1.9431
96.7074,0.4425,1.9098
96.7076,0.4454,1.9222
96.7078,0.4466,1.9274
96.7080,0.4493,1.9411
96.7082,0.445,1.9206
96.7084,0.4503,1.9425
96.7086,0.4639,2.0024
96.7088,0.463,2.0001
96.7090,0.4586,1.9782
96.7092,0.4571,1.9729
96.7094,0.4727,2.0383
96.7096,0.5424,2.3376
96.7098,0.572,2.4641
96.7100,0.5803,2.4986
96.7102,0.5518,2.3773
96.7104,0.56,2.4102
96.7106,0.6112,2.6306
96.7108,0.6385,2.7483
96.7110,0.6947,2.987
96.7112,0.7437,3.1979
96.7114,0.7246,3.1145
96.7116,0.7154,3.072
96.7118,0.7447,3.2006
96.7120,0.7324,3.1509
96.7122,0.7137,3.069
96.7124,0.724,3.1134
96.7126,0.6945,2.9921
96.7128,0.6617,2.8505
96.7130,0.5933,2.5561
96.7132,0.5546,2.3881
96.7134,0.6264,2.6962
96.7136,0.6156,2.6509
96.7138,0.5827,2.5113
96.7140,0.5975,2.5754
96.7142,0.5745,2.4761
96.7144,0.5775,2.4867
96.7146,0.5767,2.4831
96.7148,0.6292,2.7093
96.7150,0.6123,2.6365
96.7152,0.575,2.4747
96.7154,0.566,2.4394
96.7156,0.5408,2.3309
96.7158,0.5929,2.5552
96.7160,0.525,2.2658
96.7162,0.5159,2.2255
96.7164,0.496,2.1396
96.7166,0.444,1.9174
96.7168,0.3997,1.7242
96.7170,0.4222,1.8214
96.7172,0.4584,1.9777
96.7174,0.5128,2.213
96.7176,0.5586,2.4029
96.7178,0.6172,2.6601
96.7180,0.5715,2.4609
96.7182,0.5173,2.2337
96.7184,0.4012,1.7325
96.7186,0.4069,1.7569
96.7188,0.4047,1.7475
96.7190,0.3919,1.6913
96.7192,0.4057,1.7501
96.7194,0.4506,1.9422
96.7196,0.5291,2.2781
96.7198,0.6014,2.5919
96.7200,0.5214,2.243
96.7202,0.6593,2.827
96.7204,0.8146,3.4962
96.7206,0.8109,3.4802
96.7208,0.8157,3.4959
96.7210,0.869,3.7281
96.7212,0.8835,3.7903
96.7214,0.9051,3.8739
96.7216,1.0224,4.3758
96.7218,0.9931,4.2506
96.7220,0.9778,4.1888
96.7222,0.9783,4.1928
96.7224,0.9513,4.0791
96.7226,0.9022,3.8688
96.7228,0.8965,3.8441
96.7230,0.9207,3.9461
96.7232,0.936,4.0119
96.7234,0.9676,4.1374
96.7236,1.0817,4.6234
96.7238,1.1397,4.8686
96.7240,1.166,4.9907
96.7242,1.0633,4.5615
96.7244,0.9046,3.8791
96.7246,0.9476,4.0594
96.7248,1.0109,4.3306
96.7250,0.9635,4.1315
96.7252,0.9358,4.0165
96.7254,0.9496,4.0757
96.7256,0.9492,4.0665
96.7258,0.9852,4.2285
96.7260,0.9068,3.8847
96.7262,1.0683,4.5745
96.7264,1.0603,4.5465
96.7266,0.9654,4.1436
96.7268,0.889,3.8122
96.7270,0.9189,3.9421
96.7272,0.9492,4.0779
96.7274,0.873,3.7503
96.7276,0.8629,3.7036
96.7278,0.9176,3.9364
96.7280,0.885,3.8054
96.7282,0.785,3.3753
96.7284,0.7767,3.3382
96.7286,0.8315,3.5737
96.7288,0.8459,3.6356
96.7290,0.863,3.7075
96.7292,0.8688,3.734
96.7294,0.8159,3.5051
96.7296,0.8314,3.5699
96.7298,0.8501,3.6536
96.7300,0.8245,3.5537
96.7302,0.7091,3.0546
96.7304,0.6971,2.9974
96.7306,0.7616,3.2763
96.7308,0.7685,3.3093
96.7310,0.7037,3.0257
96.7312,0.7204,3.0979
96.7314,0.7418,3.1971
96.7316,0.7136,3.0728
96.7318,0.7293,3.1404
96.7320,0.7378,3.1727
96.7322,0.7862,3.3852
96.7324,0.6828,2.9401
96.7326,0.661,2.8408
96.7328,0.7341,3.1611
96.7330,0.6794,2.9297
96.7332,0.5971,2.5745
96.7334,0.5677,2.4501
96.7336,0.5656,2.4401
96.7338,0.5697,2.4555
96.7340,0.5732,2.4716
96.7342,0.5524,2.3821
96.7344,0.4867,2.1017
96.7346,0.4812,2.0788
96.7348,0.5011,2.1608
96.7350,0.5484,2.3657
96.7352,0.5281,2.2793
96.7354,0.5274,2.2762
96.7356,0.5282,2.2787
96.7358,0.5293,2.2834
96.7360,0.5562,2.3948
96.7362,0.6808,2.9286
96.7364,0.6925,2.9847
96.7366,0.5536,2.3884
96.7368,0.5588,2.4107
96.7370,0.5475,2.362
96.7372,0.5262,2.2678
96.7374,0.5334,2.2999
96.7376,0.5295,2.2834
96.7378,0.5653,2.4375
96.7380,0.5197,2.2431
96.7382,0.518,2.2348
96.7384,0.5405,2.3315
96.7386,0.5462,2.3574
96.7388,0.5383,2.32
96.7390,0.539,2.3231
96.7392,0.5263,2.2684
96.7394,0.5851,2.5181
96.7396,0.6039,2.6028
96.7398,0.5732,2.4693
96.7400,0.6207,2.6726
96.7402,0.6382,2.7493
96.7404,0.658,2.8345
96.7406,0.6646,2.8616
96.7408,0.6508,2.7983
96.7410,0.6443,2.7731
96.7412,0.659,2.8339
96.7414,0.7128,3.0663
96.7416,0.7038,3.0276
96.7418,0.7141,3.0734
96.7420,0.6347,2.7356
96.7422,0.63,2.7142
96.7424,0.633,2.7207
96.7426,0.7202,3.1012
96.7428,0.6923,2.9754
96.7430,0.7731,3.3212
96.7432,0.7686,3.3037
96.7434,0.7483,3.219
96.7436,0.7415,3.1901
96.7438,0.7412,3.1856
96.7440,0.7877,3.3824
96.7442,0.8245,3.5372
96.7444,0.8384,3.5952
96.7446,0.8616,3.6962
96.7448,0.8368,3.593
96.7450,0.834,3.5895
96.7452,0.7206,3.1027
96.7454,0.6257,2.6956
96.7456,0.5995,2.5836
96.7458,0.6108,2.6315
96.7460,0.6467,2.7808
96.7462,0.7113,3.0601
96.7464,0.7298,3.1381
96.7466,0.7413,3.1906
96.7468,0.7177,3.086
96.7470,0.7405,3.1855
96.7472,0.7321,3.1494
96.7474,0.7556,3.246
96.7476,0.7513,3.2334
96.7478,0.6738,2.9
96.7480,0.6578,2.834
96.7482,0.5944,2.5655
96.7484,0.5166,2.2286
96.7486,0.5333,2.2994
96.7488,0.4869,2.1042
96.7490,0.4027,1.7411
96.7492,0.4274,1.8454
96.7494,0.4259,1.8383
96.7496,0.4374,1.8906
96.7498,0.4818,2.0766
96.7500,0.5628,2.4255
96.7502,0.5679,2.4454
96.7504,0.6839,2.942
96.7506,0.699,3.0112
96.7508,0.5953,2.5643
96.7510,0.5757,2.4836
96.7512,0.5153,2.2218
96.7514,0.5455,2.3532
96.7516,0.5046,2.1758
96.7518,0.569,2.4535
96.7520,0.4919,2.124
96.7522,0.4167,1.7993
96.7524,0.4189,1.807
96.7526,0.5119,2.2053
96.7528,0.5706,2.4568
96.7530,0.6132,2.6406
96.7532,0.676,2.908
96.7534,0.6811,2.9301
96.7536,0.7291,3.1336
96.7538,0.7688,3.3057
96.7540,0.7251,3.1122
96.7542,0.8338,3.5802
96.7544,0.8264,3.5471
96.7546,0.8836,3.782
96.7548,0.9869,4.2278
96.7550,0.9843,4.2205
96.7552,0.9603,4.1157
96.7554,0.969,4.1532
96.7556,0.9729,4.1716
96.7558,0.9664,4.1439
96.7560,0.9372,4.017
96.7562,0.9363,4.0129
96.7564,0.9489,4.0707
96.7566,1.001,4.2845
96.7568,1.0732,4.5999
96.7570,1.0388,4.4503
96.7572,1.0647,4.557
96.7574,1.0791,4.6121
96.7576,1.1413,4.8804
96.7578,1.0852,4.6556
96.7580,0.9209,3.9564
96.7582,0.8338,3.5835
96.7584,0.8161,3.5045
96.7586,0.8961,3.8443
96.7588,0.9251,3.9744
96.7590,0.7606,3.2767
96.7592,0.6673,2.8695
96.7594,0.7962,3.4158
96.7596,0.8986,3.8569
96.7598,0.907,3.8948
96.7600,0.8659,3.7147
96.7602,0.8964,3.8472
96.7604,0.9357,4.016
96.7606,0.9799,4.2
96.7608,0.9974,4.279
96.7610,0.9064,3.8958
96.7612,0.8659,3.7234
96.7614,0.8175,3.5118
96.7616,0.8261,3.5522
96.7618,0.8399,3.6132
96.7620,0.789,3.3913
96.7622,0.8535,3.6651
96.7624,0.8158,3.5078
96.7626,0.8081,3.4732
96.7628,0.8509,3.6572
96.7630,0.8478,3.6387
96.7632,0.8636,3.7118
96.7634,0.8824,3.7892
96.7636,0.925,3.9646
96.7638,0.9717,4.1684
96.7640,0.9034,3.8793
96.7642,0.7953,3.426
96.7644,0.7304,3.1436
96.7646,0.7692,3.3093
96.7648,0.7643,3.2882
96.7650,0.721,3.1048
96.7652,0.7025,3.0248
96.7654,0.7059,3.0412
96.7656,0.6197,2.6759
96.7658,0.5095,2.2011
96.7660,0.5292,2.2818
96.7662,0.6388,2.7557
96.7664,0.586,2.5316
96.7666,0.4558,1.9708
96.7668,0.4367,1.8867
96.7670,0.4436,1.918
96.7672,0.4391,1.8979
96.7674,0.4524,1.9536
96.7676,0.4498,1.944
96.7678,0.4508,1.9491
96.7680,0.4504,1.9457
96.7682,0.4466,1.9282
96.7684,0.4439,1.9177
96.7686,0.4463,1.9272
96.7688,0.4485,1.9356
96.7690,0.4473,1.9314
96.7692,0.448,1.9345
96.7694,0.481,2.074
96.7696,0.5449,2.3507
96.7698,0.544,2.3503
96.7700,0.4972,2.1458
96.7702,0.5211,2.2493
96.7704,0.4751,2.0505
96.7706,0.4623,1.9961
96.7708,0.4635,2.0013
96.7710,0.4607,1.9893
96.7712,0.4828,2.0827
96.7714,0.5317,2.2927
96.7716,0.5439,2.3465
96.7718,0.5353,2.3093
96.7720,0.5187,2.24
96.7722,0.4583,1.9762
96.7724,0.5117,2.2033
96.7726,0.5258,2.2663
96.7728,0.561,2.4166
96.7730,0.5859,2.5276
96.7732,0.5487,2.3628
96.7734,0.5674,2.4456
96.7736,0.5588,2.4051
96.7738,0.5672,2.4491
96.7740,0.4643,2.0049
96.7742,0.4574,1.9712
96.7744,0.4885,2.1075
96.7746,0.4532,1.9576
96.7748,0.4563,1.9711
96.7750,0.4541,1.9609
96.7752,0.4409,1.9039
96.7754,0.448,1.9336
96.7756,0.4486,1.9353
96.7758,0.4602,1.9836
96.7760,0.527,2.2715
96.7762,0.554,2.3889
96.7764,0.5526,2.3804
96.7766,0.5473,2.3588
96.7768,0.5533,2.3846
96.7770,0.5895,2.5384
96.7772,0.6194,2.662
96.7774,0.676,2.9093
96.7776,0.6646,2.8603
96.7778,0.6668,2.8701
96.7780,0.6566,2.8275
96.7782,0.6631,2.8514
96.7784,0.7328,3.1466
96.7786,0.7604,3.2681
96.7788,0.6772,2.9104
96.7790,0.7159,3.0797
96.7792,0.6797,2.928
96.7794,0.5733,2.4687
96.7796,0.5665,2.4358
96.7798,0.5968,2.5746
96.7800,0.5807,2.5007
96.7802,0.6623,2.8478
96.7804,0.6956,2.9926
96.7806,0.6811,2.9288
96.7808,0.6955,2.9893
96.7810,0.7014,3.0159
96.7812,0.6956,2.9926
96.7814,0.7213,3.103
96.7816,0.7263,3.1217
96.7818,0.7047,3.0318
96.7820,0.7209,3.1029
96.7822,0.662,2.8481
96.7824,0.5816,2.5066
96.7826,0.5065,2.1821
96.7828,0.5294,2.2829
96.7830,0.5622,2.4206
96.7832,0.6313,2.7224
96.7834,0.5401,2.3267
96.7836,0.5318,2.2943
96.7838,0.4916,2.116
96.7840,0.5406,2.332
96.7842,0.4594,1.9846
96.7844,0.4454,1.9213
96.7846,0.4201,1.813
96.7848,0.4044,1.7468
96.7850,0.4051,1.7499
96.7852,0.394,1.7015
96.7854,0.3964,1.711
96.7856,0.4034,1.741
96.7858,0.4082,1.7609
96.7860,0.4458,1.9225
96.7862,0.4879,2.104
96.7864,0.5445,2.3447
96.7866,0.6009,2.5874
96.7868,0.6602,2.8377
96.7870,0.7317,3.1405
96.7872,0.7847,3.368
96.7874,0.839,3.6062
96.7876,0.7378,3.1653
96.7878,0.7898,3.3865
96.7880,0.8485,3.6435
96.7882,0.8002,3.4376
96.7884,0.8346,3.5754
96.7886,0.9402,4.0318
96.7888,0.9142,3.9202
96.7890,0.9149,3.9196
96.7892,0.9236,3.9548
96.7894,0.9703,4.1531
96.7896,1.0319,4.4226
96.7898,1.0156,4.3527
96.7900,1.0028,4.2881
96.7902,1.0843,4.6363
96.7904,1.1228,4.8009
96.7906,1.1541,4.937
96.7908,1.1007,4.7198
96.7910,0.9244,3.9713
96.7912,0.8418,3.6164
96.7914,0.8311,3.5672
96.7916,0.888,3.8076
96.7918,0.8788,3.7738
96.7920,0.8788,3.7685
96.7922,0.9054,3.884
96.7924,0.8685,3.7243
96.7926,0.9231,3.9564
96.7928,0.9374,4.0307
96.7930,0.8317,3.5664
96.7932,0.9202,3.9441
96.7934,0.9448,4.0551
96.7936,0.8905,3.8237
96.7938,0.8693,3.7326
96.7940,0.8765,3.7617
96.7942,0.846,3.6361
96.7944,0.8321,3.5763
96.7946,0.8021,3.4491
96.7948,0.7922,3.4031
96.7950,0.791,3.3995
96.7952,0.7471,3.2079
96.7954,0.8345,3.5833
96.7956,0.8505,3.6506
96.7958,0.8358,3.5923
96.7960,0.8179,3.5155
96.7962,0.8346,3.5921
96.7964,0.7326,3.1515
96.7966,0.7339,3.1542
96.7968,0.7503,3.2308
96.7970,0.6885,2.9607
96.7972,0.7625,3.2789
96.7974,0.757,3.2537
96.7976,0.7646,3.2877
96.7978,0.7754,3.3356
96.7980,0.7802,3.3531
96.7982,0.7443,3.2035
96.7984,0.7097,3.0487
96.7986,0.7609,3.2793
96.7988,0.6294,2.7141
96.7990,0.5672,2.4457
96.7992,0.554,2.3866
96.7994,0.6867,2.9558
96.7996,0.736,3.1635
96.7998,0.672,2.8963
96.8000,0.5968,2.5723
96.8002,0.663,2.8549
96.8004,0.69,2.9725
96.8006,0.6262,2.6976
96.8008,0.6206,2.6758
96.8010,0.6764,2.9127
96.8012,0.7039,3.0282
96.8014,0.7095,3.0581
96.8016,0.6447,2.7772
96.8018,0.6132,2.6418
96.8020,0.6089,2.6232
96.8022,0.6282,2.7064
96.8024,0.6521,2.8079
96.8026,0.7074,3.0445
96.8028,0.7261,3.1221
96.8030,0.7263,3.1261
96.8032,0.7039,3.0338
96.8034,0.5788,2.4971
96.8036,0.5327,2.2979
96.8038,0.5301,2.287
96.8040,0.5267,2.2741
96.8042,0.5246,2.2632
96.8044,0.5289,2.2808
96.8046,0.5536,2.384
96.8048,0.6287,2.7047
96.8050,0.6557,2.826
96.8052,0.5395,2.3263
96.8054,0.5427,2.3435
96.8056,0.5426,2.3397
96.8058,0.5541,2.3894
96.8060,0.6076,2.6115
96.8062,0.7525,3.2371
96.8064,0.716,3.086
96.8066,0.5712,2.4628
96.8068,0.5496,2.3686
96.8070,0.5446,2.3496
96.8072,0.5334,2.2999
96.8074,0.5728,2.4689
96.8076,0.5433,2.3439
96.8078,0.5316,2.2932
96.8080,0.5385,2.3222
96.8082,0.5333,2.2983
96.8084,0.5261,2.2684
96.8086,0.5298,2.2855
96.8088,0.5294,2.285
96.8090,0.5315,2.2906
96.8092,0.6039,2.5979
96.8094,0.7115,3.0607
96.8096,0.7097,3.0543
96.8098,0.6533,2.8105
96.8100,0.6403,2.7573
96.8102,0.6401,2.7524
96.8104,0.6444,2.7736
96.8106,0.6622,2.8486
96.8108,0.7089,3.047
96.8110,0.7344,3.1562
96.8112,0.7486,3.2161
96.8114,0.8175,3.5085
96.8116,0.8459,3.6339
96.8118,0.8145,3.5005
96.8120,0.7904,3.3985
96.8122,0.7037,3.0285
96.8124,0.6656,2.8689
96.8126,0.6697,2.8785
96.8128,0.7468,3.2099
96.8130,0.7207,3.0989
96.8132,0.7124,3.0648
96.8134,0.7261,3.1236
96.8136,0.7409,3.1861
96.8138,0.767,3.298
96.8140,0.736,3.1635
96.8142,0.732,3.1489
96.8144,0.7261,3.1279
96.8146,0.6438,2.7723
96.8148,0.6126,2.6331
96.8150,0.6577,2.8335
96.8152,0.5686,2.4531
96.8154,0.4521,1.953
96.8156,0.4042,1.7471
96.8158,0.4015,1.7344
96.8160,0.4771,2.0565
96.8162,0.5475,2.3609
96.8164,0.4653,2.0099
96.8166,0.4005,1.7302
96.8168,0.399,1.7227
96.8170,0.4032,1.7416
96.8172,0.3919,1.6945
96.8174,0.4178,1.8031
96.8176,0.4637,2.0023
96.8178,0.384,1.6595
96.8180,0.3708,1.6017
96.8182,0.3684,1.5921
96.8184,0.3788,1.6349
96.8186,0.3886,1.6782
96.8188,0.381,1.645
96.8190,0.3775,1.6308
96.8192,0.38,1.6409
96.8194,0.4415,1.9038
96.8196,0.5401,2.3235
96.8198,0.6509,2.7962
96.8200,0.7011,3.0149
96.8202,0.6686,2.8738
96.8204,0.7552,3.2414
96.8206,0.8378,3.596
96.8208,0.8501,3.6502
96.8210,0.8244,3.5367
96.8212,0.8754,3.7536
96.8214,0.8932,3.8338
96.8216,0.8916,3.8141
96.8218,0.9881,4.233
96.8220,0.9213,3.9505
96.8222,0.9269,3.9747
96.8224,0.9671,4.145
96.8226,0.9641,4.1302
96.8228,0.9591,4.1106
96.8230,0.9444,4.0517
96.8232,0.9376,4.0111
96.8234,1.0425,4.4579
96.8236,1.0674,4.5747
96.8238,1.0044,4.3028
96.8240,1.029,4.402
96.8242,1.0843,4.6363
96.8244,1.1331,4.845
96.8246,1.1485,4.9157
96.8248,1.028,4.4082
96.8250,0.9406,4.0333
96.8252,0.9528,4.0915
96.8254,0.9031,3.8742
96.8256,0.8887,3.8142
96.8258,0.95,4.0734
96.8260,0.9412,4.0415
96.8262,0.8384,3.5969
96.8264,0.9165,3.9355
96.8266,0.8654,3.7178
96.8268,0.8561,3.6777
96.8270,0.8529,3.6609
96.8272,0.9202,3.9514
96.8274,0.907,3.8912
96.8276,0.9289,3.9885
96.8278,0.841,3.6111
96.8280,0.8333,3.5815
96.8282,0.8581,3.6847
96.8284,0.8377,3.6055
96.8286,0.7365,3.167
96.8288,0.7696,3.3109
96.8290,0.7968,3.4248
96.8292,0.8106,3.484
96.8294,0.7635,3.2845
96.8296,0.7448,3.2056
96.8298,0.7414,3.1896
96.8300,0.7621,3.2799
96.8302,0.7137,3.0705
96.8304,0.7558,3.25
96.8306,0.7785,3.349
96.8308,0.7473,3.2164
96.8310,0.6628,2.8565
96.8312,0.611,2.632
96.8314,0.6303,2.719
96.8316,0.6607,2.8464
96.8318,0.6581,2.8377
96.8320,0.5773,2.4869
96.8322,0.6226,2.6821
96.8324,0.6026,2.5983
96.8326,0.6142,2.6447
96.8328,0.6519,2.8082
96.8330,0.6066,2.6159
96.8332,0.5871,2.5374
96.8334,0.4532,1.9558
96.8336,0.5047,2.1763
96.8338,0.5265,2.2736
96.8340,0.5542,2.391
96.8342,0.5616,2.4192
96.8344,0.5977,2.5783
96.8346,0.5342,2.3067
96.8348,0.4737,2.0443
96.8350,0.4721,2.0404
96.8352,0.4759,2.0542
96.8354,0.4992,2.1556
96.8356,0.4734,2.0433
96.8358,0.4667,2.0152
96.8360,0.5129,2.2136
96.8362,0.4875,2.1058
96.8364,0.4611,1.9881
96.8366,0.5027,2.1706
96.8368,0.4532,1.9585
96.8370,0.4408,1.9034
96.8372,0.439,1.8965
96.8374,0.4464,1.9277
96.8376,0.454,1.9576
96.8378,0.5027,2.1686
96.8380,0.441,1.9044
96.8382,0.4337,1.8746
96.8384,0.4377,1.8899
96.8386,0.446,1.9248
96.8388,0.4379,1.8927
96.8390,0.43,1.8568
96.8392,0.4355,1.8797
96.8394,0.4356,1.8811
96.8396,0.4439,1.9133
96.8398,0.4866,2.0992
96.8400,0.4627,1.9963
96.8402,0.5124,2.2094
96.8404,0.5768,2.4825
96.8406,0.6394,2.7519
96.8408,0.618,2.6625
96.8410,0.5926,2.5518
96.8412,0.6153,2.6482
96.8414,0.6498,2.7955
96.8416,0.6643,2.8579
96.8418,0.67,2.8822
96.8420,0.6497,2.795
96.8422,0.6762,2.909
96.8424,0.6391,2.7521
96.8426,0.6388,2.748
96.8428,0.6644,2.8584
96.8430,0.6637,2.8553
96.8432,0.655,2.819
96.8434,0.6076,2.6212
96.8436,0.5726,2.4656
96.8438,0.5973,2.5707
96.8440,0.6865,2.9479
96.8442,0.7907,3.3937
96.8444,0.8298,3.5615
96.8446,0.8104,3.4765
96.8448,0.8399,3.6098
96.8450,0.7552,3.2489
96.8452,0.6744,2.9039
96.8454,0.6336,2.7309
96.8456,0.587,2.5275
96.8458,0.6337,2.7264
96.8460,0.6688,2.8797
96.8462,0.5855,2.526
96.8464,0.5493,2.3687
96.8466,0.555,2.3886
96.8468,0.6123,2.6328
96.8470,0.6413,2.7627
96.8472,0.6057,2.6105
96.8474,0.5864,2.5249
96.8476,0.5829,2.5111
96.8478,0.5966,2.57
96.8480,0.5589,2.4089
96.8482,0.5288,2.2792
96.8484,0.4975,2.1483
96.8486,0.4057,1.7525
96.8488,0.3936,1.701
96.8490,0.3889,1.68
96.8492,0.3931,1.6942
96.8494,0.4841,2.0874
96.8496,0.4438,1.9154
96.8498,0.4028,1.7401
96.8500,0.394,1.7015
96.8502,0.3886,1.6782
96.8504,0.3915,1.6906
96.8506,0.3969,1.7131
96.8508,0.4413,1.9046
96.8510,0.4049,1.7478
96.8512,0.4073,1.7573
96.8514,0.4093,1.7656
96.8516,0.404,1.7436
96.8518,0.4102,1.7705
96.8520,0.4466,1.922
96.8522,0.5283,2.274
96.8524,0.5872,2.5321
96.8526,0.4931,2.1262
96.8528,0.4788,2.0608
96.8530,0.5893,2.5338
96.8532,0.6165,2.6546
96.8534,0.6002,2.5807
96.8536,0.6666,2.8611
96.8538,0.7444,3.1995
96.8540,0.7732,3.3171
96.8542,0.8533,3.6624
96.8544,0.8345,3.5766
96.8546,0.8503,3.6461
96.8548,0.8663,3.7128
96.8550,0.9372,4.0114
96.8552,1.0066,4.3081
96.8554,0.9859,4.2237
96.8556,0.9702,4.1584
96.8558,0.9238,3.9576
96.8560,0.9229,3.9554
96.8562,0.9176,3.9364
96.8564,0.8872,3.8027
96.8566,0.9154,3.9198
96.8568,0.923,3.9559
96.8570,0.9376,4.0223
96.8572,0.9554,4.0947
96.8574,0.9677,4.1418
96.8576,0.9509,4.0775
96.8578,0.8738,3.7504
96.8580,0.846,3.631
96.8582,0.8517,3.6557
96.8584,0.8286,3.5531
96.8586,0.8756,3.7616
96.8588,0.8222,3.5324
96.8590,0.838,3.5932
96.8592,0.9044,3.878
96.8594,0.9271,3.9789
96.8596,0.8555,3.6682
96.8598,0.8523,3.6566
96.8600,0.8845,3.798
96.8602,0.8643,3.7115
96.8604,0.8822,3.7847
96.8606,0.8979,3.8557
96.8608,0.89,3.8199
96.8610,0.8787,3.768
96.8612,0.9093,3.8955
96.8614,0.9515,4.0782
96.8616,0.9225,3.9649
96.8618,0.8311,3.5722
96.8620,0.8538,3.6628
96.8622,0.8678,3.7247
96.8624,0.8763,3.763
96.8626,0.8757,3.7569
96.8628,0.8472,3.6378
96.8630,0.8103,3.4825
96.8632,0.7713,3.3196
96.8634,0.7521,3.231
96.8636,0.7663,3.2949
96.8638,0.7159,3.0783
96.8640,0.7642,3.2876
96.8642,0.7201,3.0992
96.8644,0.7482,3.2175
96.8646,0.773,3.3237
96.8648,0.7626,3.2839
96.8650,0.6661,2.8696
96.8652,0.6377,2.7484
96.8654,0.6455,2.7795
96.8656,0.6223,2.681
96.8658,0.6516,2.8032
96.8660,0.6324,2.7257
96.8662,0.5767,2.4854
96.8664,0.605,2.6098
96.8666,0.5701,2.4581
96.8668,0.5645,2.4321
96.8670,0.6089,2.6256
96.8672,0.591,2.545
96.8674,0.5951,2.5626
96.8676,0.5725,2.4684
96.8678,0.578,2.4922
96.8680,0.5821,2.511
96.8682,0.5711,2.4628
96.8684,0.5679,2.4477
96.8686,0.5849,2.5246
96.8688,0.501,2.1623
96.8690,0.4963,2.1351
96.8692,0.6455,2.7795
96.8694,0.6226,2.6783
96.8696,0.6628,2.8578
96.8698,0.5548,2.3924
96.8700,0.5229,2.258
96.8702,0.5223,2.2523
96.8704,0.5247,2.2627
96.8706,0.5288,2.2813
96.8708,0.525,2.2637
96.8710,0.5259,2.2668
96.8712,0.5408,2.3319
96.8714,0.5451,2.3538
96.8716,0.5446,2.3485
96.8718,0.5408,2.3298
96.8720,0.6044,2.6048
96.8722,0.6281,2.7033
96.8724,0.648,2.7877
96.8726,0.6346,2.735
96.8728,0.557,2.4029
96.8730,0.5374,2.3175
96.8732,0.5422,2.3349
96.8734,0.603,2.5955
96.8736,0.6402,2.7542
96.8738,0.6572,2.8274
96.8740,0.6455,2.7782
96.8742,0.595,2.5645
96.8744,0.5394,2.3257
96.8746,0.5474,2.3615
96.8748,0.5366,2.3138
96.8750,0.5261,2.2673
96.8752,0.534,2.3014
96.8754,0.6027,2.5915
96.8756,0.7119,3.0598
96.8758,0.7363,3.1659
96.8760,0.6604,2.8408
96.8762,0.6383,2.7446
96.8764,0.6821,2.9383
96.8766,0.6351,2.7358
96.8768,0.6318,2.7168
96.8770,0.6974,2.9975
96.8772,0.7797,3.3448
96.8774,0.8354,3.5856
96.8776,0.827,3.5529
96.8778,0.7954,3.4137
96.8780,0.7879,3.3881
96.8782,0.6786,2.922
96.8784,0.6241,2.6913
96.8786,0.6121,2.6384
96.8788,0.6063,2.6094
96.8790,0.6199,2.6658
96.8792,0.6891,2.966
96.8794,0.694,2.9816
96.8796,0.7514,3.2309
96.8798,0.6891,2.966
96.8800,0.6932,2.9822
96.8802,0.7217,3.1021
96.8804,0.6996,3.0081
96.8806,0.7129,3.0654
96.8808,0.7492,3.2156
96.8810,0.8156,3.5007
96.8812,0.7757,3.3387
96.8814,0.703,3.0245
96.8816,0.6805,2.933
96.8818,0.5329,2.2989
96.8820,0.4907,2.1168
96.8822,0.5076,2.1887
96.8824,0.5867,2.5253
96.8826,0.6108,2.629
96.8828,0.621,2.6716
96.8830,0.6788,2.923
96.8832,0.6913,2.9753
96.8834,0.6673,2.8761
96.8836,0.5409,2.3314
96.8838,0.5426,2.3408
96.8840,0.5368,2.3138
96.8842,0.6136,2.6458
96.8844,0.4708,2.0328
96.8846,0.4241,1.8314
96.8848,0.4084,1.7652
96.8850,0.4023,1.738
96.8852,0.4028,1.7384
96.8854,0.4058,1.7514
96.8856,0.4102,1.7697
96.8858,0.5191,2.2332
96.8860,0.6354,2.7297
96.8862,0.6942,2.9822
96.8864,0.7851,3.3758
96.8866,0.7233,3.1102
96.8868,0.6967,2.9971
96.8870,0.7087,3.0487
96.8872,0.7294,3.1336
96.8874,0.7565,3.247
96.8876,0.7774,3.3397
96.8878,0.7973,3.422
96.8880,0.9002,3.8618
96.8882,0.9483,4.0643
96.8884,0.9557,4.0961
96.8886,0.8956,3.844
96.8888,0.883,3.7882
96.8890,0.9167,3.9254
96.8892,0.9597,4.1131
96.8894,0.9525,4.0765
96.8896,1.0848,4.641
96.8898,1.1238,4.8032
96.8900,1.1255,4.8149
96.8902,1.1201,4.7918
96.8904,1.0956,4.6871
96.8906,1.0357,4.4431
96.8908,0.8752,3.7583
96.8910,0.8469,3.6401
96.8912,0.8463,3.6359
96.8914,0.854,3.6671
96.8916,0.8806,3.7779
96.8918,0.8966,3.8463
96.8920,0.9294,3.9817
96.8922,0.9212,3.9647
96.8924,0.7502,3.2242
96.8926,0.7626,3.2824
96.8928,0.7195,3.0995
96.8930,0.7053,3.0371
96.8932,0.6887,2.964
96.8934,0.7208,3.0965
96.8936,0.7646,3.2861
96.8938,0.7604,3.2665
96.8940,0.8123,3.4912
96.8942,0.8685,3.7364
96.8944,0.7843,3.3742
96.8946,0.6833,2.9407
96.8948,0.6921,2.9775
96.8950,0.7572,3.2577
96.8952,0.6973,3.0011
96.8954,0.6576,2.8277
96.8956,0.7108,3.0566
96.8958,0.7042,3.0325
96.8960,0.7172,3.0882
96.8962,0.7014,3.0173
96.8964,0.696,2.9954
96.8966,0.6863,2.9536
96.8968,0.6825,2.9363
96.8970,0.7323,3.1489
96.8972,0.7084,3.0548
96.8974,0.6454,2.7802
96.8976,0.6949,2.9894
96.8978,0.6594,2.8407
96.8980,0.6127,2.6422
96.8982,0.5743,2.4762
96.8984,0.5803,2.5021
96.8986,0.6132,2.643
96.8988,0.581,2.5075
96.8990,0.5213,2.2477
96.8992,0.5713,2.4644
96.8994,0.5497,2.3691
96.8996,0.5907,2.5482
96.8998,0.5866,2.5271
96.9000,0.659,2.8352
96.9002,0.6761,2.9125
96.9004,0.659,2.8391
96.9006,0.6322,2.7234
96.9008,0.6002,2.5879
96.9010,0.6204,2.6703
96.9012,0.6854,2.9514
96.9014,0.615,2.6508
96.9016,0.6014,2.5894
96.9018,0.6618,2.855
96.9020,0.5822,2.5092
96.9022,0.5728,2.4688
96.9024,0.5322,2.2968
96.9026,0.5326,2.2946
96.9028,0.6401,2.7562
96.9030,0.6054,2.6094
96.9032,0.6119,2.6386
96.9034,0.5311,2.2932
96.9036,0.4552,1.9646
96.9038,0.4506,1.9449
96.9040,0.4509,1.9468
96.9042,0.453,1.9571
96.9044,0.4894,2.1101
96.9046,0.4991,2.153
96.9048,0.4509,1.9477
96.9050,0.4452,1.9216
96.9052,0.4485,1.9347
96.9054,0.4476,1.932
96.9056,0.4476,1.9329
96.9058,0.4485,1.9374
96.9060,0.4512,1.9484
96.9062,0.4979,2.1448
96.9064,0.5151,2.2244
96.9066,0.4549,1.9654
96.9068,0.4469,1.9271
96.9070,0.4461,1.9244
96.9072,0.4469,1.9289
96.9074,0.4494,1.9406
96.9076,0.4484,1.936
96.9078,0.4458,1.9251
96.9080,0.4431,1.9132
96.9082,0.4449,1.9201
96.9084,0.4469,1.928
96.9086,0.4876,2.1014
96.9088,0.5605,2.4156
96.9090,0.5601,2.4141
96.9092,0.5514,2.3752
96.9094,0.5475,2.3576
96.9096,0.5661,2.441
96.9098,0.5573,2.4033
96.9100,0.5509,2.3732
96.9102,0.5602,2.4123
96.9104,0.5542,2.3876
96.9106,0.6044,2.6024
96.9108,0.647,2.7797
96.9110,0.7375,3.1681
96.9112,0.8092,3.4746
96.9114,0.7929,3.4045
96.9116,0.7926,3.4098
96.9118,0.6698,2.8829
96.9120,0.6204,2.6678
96.9122,0.634,2.7286
96.9124,0.6409,2.7586
96.9126,0.6515,2.8027
96.9128,0.6578,2.8313
96.9130,0.6241,2.6876
96.9132,0.5553,2.3945
96.9134,0.5444,2.3474
96.9136,0.5186,2.2342
96.9138,0.5672,2.4389
96.9140,0.6623,2.8491
96.9142,0.6207,2.6689
96.9144,0.6432,2.7684
96.9146,0.597,2.572
96.9148,0.5564,2.3947
96.9150,0.5779,2.4894
96.9152,0.5466,2.3579
96.9154,0.5137,2.213
96.9156,0.5072,2.1841
96.9158,0.5813,2.4986
96.9160,0.6854,2.9555
96.9162,0.5287,2.2787
96.9164,0.5892,2.5326
96.9166,0.6703,2.8877
96.9168,0.6127,2.6397
96.9170,0.5897,2.537
96.9172,0.6552,2.8134
96.9174,0.7233,3.1131
96.9176,0.6336,2.7309
96.9178,0.5394,2.3236
96.9180,0.507,2.1871
96.9182,0.5117,2.2063
96.9184,0.5173,2.2285
96.9186,0.4999,2.1566
96.9188,0.4216,1.8171
96.9190,0.4829,2.0774
96.9192,0.5671,2.4429
96.9194,0.5916,2.5464
96.9196,0.6044,2.5987
96.9198,0.6462,2.78
96.9200,0.674,2.8997
96.9202,0.7018,3.0137
96.9204,0.7534,3.2381
96.9206,0.7171,3.082
96.9208,0.7388,3.1679
96.9210,0.8317,3.5664
96.9212,0.8677,3.7241
96.9214,0.8519,3.6579
96.9216,0.8402,3.6046
96.9218,0.8593,3.6812
96.9220,0.986,4.2202
96.9222,0.979,4.1919
96.9224,0.9786,4.1904
96.9226,0.946,4.0526
96.9228,0.9418,4.0308
96.9230,1.07,4.5752
96.9232,1.1105,4.7463
96.9234,1.0882,4.6488
96.9236,1.1008,4.7092
96.9238,1.0794,4.6136
96.9240,1.1561,4.941
96.9242,1.123,4.8153
96.9244,0.9517,4.0792
96.9246,0.965,4.1343
96.9248,0.9569,4.1032
96.9250,0.9387,4.0213
96.9252,0.9595,4.1126
96.9254,0.9966,4.2714
96.9256,0.9888,4.232
96.9258,1.0519,4.5083
96.9260,0.9593,4.1173
96.9262,0.9197,3.9511
96.9264,0.8555,3.6716
96.9266,0.8787,3.7662
96.9268,0.9558,4.0928
96.9270,0.9996,4.2822
96.9272,1.0291,4.4086
96.9274,1.1124,4.7589
96.9276,1.0661,4.5759
96.9278,0.8985,3.86
96.9280,0.8993,3.8582
96.9282,0.9091,3.8998
96.9284,0.9468,4.0619
96.9286,0.9131,3.9191
96.9288,0.8447,3.6337
96.9290,0.7788,3.3505
96.9292,0.7907,3.4
96.9294,0.7578,3.2587
96.9296,0.773,3.3221
96.9298,0.8045,3.4577
96.9300,0.839,3.6078
96.9302,0.7782,3.3448
96.9304,0.8192,3.5244
96.9306,0.7961,3.42
96.9308,0.8221,3.5335
96.9310,0.7984,3.4314
96.9312,0.7834,3.3701
96.9314,0.7334,3.1609
96.9316,0.6269,2.7019
96.9318,0.6349,2.734
96.9320,0.646,2.7854
96.9322,0.6036,2.6005
96.9324,0.6992,3.0094
96.9326,0.7263,3.1217
96.9328,0.7245,3.1183
96.9330,0.6469,2.7844
96.9332,0.6325,2.7275
96.9334,0.6162,2.6584
96.9336,0.5859,2.5252
96.9338,0.5757,2.4836
96.9340,0.5721,2.468
96.9342,0.566,2.4394
96.9344,0.5774,2.4885
96.9346,0.6081,2.6208
96.9348,0.6087,2.6209
96.9350,0.6274,2.709
96.9352,0.5108,2.2057
96.9354,0.5365,2.3144
96.9356,0.5455,2.3477
96.9358,0.6753,2.9094
96.9360,0.6364,2.7428
96.9362,0.6048,2.6105
96.9364,0.5412,2.3346
96.9366,0.5337,2.3014
96.9368,0.5434,2.3455
96.9370,0.5402,2.3304
96.9372,0.5289,2.2818
96.9374,0.5295,2.2833
96.9376,0.5319,2.2937
96.9378,0.5466,2.3568
96.9380,0.5159,2.2244
96.9382,0.5358,2.3102
96.9384,0.5436,2.3449
96.9386,0.5311,2.2911
96.9388,0.528,2.2787
96.9390,0.5401,2.3278
96.9392,0.646,2.7789
96.9394,0.7124,3.0676
96.9396,0.5994,2.5848
96.9398,0.581,2.5028
96.9400,0.6404,2.7591
96.9402,0.6539,2.8156
96.9404,0.6535,2.8141
96.9406,0.6524,2.8094
96.9408,0.6806,2.9307
96.9410,0.6773,2.9122
96.9412,0.7126,3.0672
96.9414,0.7255,3.1195
96.9416,0.7618,3.2727
96.9418,0.8069,3.4648
96.9420,0.8022,3.4495
96.9422,0.7166,3.0842
96.9424,0.7256,3.12
96.9426,0.7397,3.1838
96.9428,0.6741,2.9015
96.9430,0.6604,2.8422
96.9432,0.6681,2.8757
96.9434,0.7414,3.1866
96.9436,0.751,3.2278
96.9438,0.7455,3.2056
96.9440,0.7601,3.2716
96.9442,0.7293,3.1345
96.9444,0.7883,3.3834
96.9446,0.8287,3.5601
96.9448,0.8376,3.5949
96.9450,0.8754,3.7588
96.9452,0.8612,3.7015
96.9454,0.7566,3.2566
96.9456,0.7491,3.2166
96.9458,0.8866,3.8036
96.9460,0.8478,3.6404
96.9462,0.8489,3.645
96.9464,0.8575,3.6769
96.9466,0.9179,3.9397
96.9468,0.7902,3.4043
96.9470,0.6605,2.8466
96.9472,0.6433,2.7702
96.9474,0.65,2.7991
96.9476,0.638,2.7513
96.9478,0.6045,2.6029
96.9480,0.6568,2.8254
96.9482,0.6765,2.9159
96.9484,0.5559,2.4026
96.9486,0.4981,2.1518
96.9488,0.504,2.1752
96.9490,0.537,2.3143
96.9492,0.604,2.6068
96.9494,0.5135,2.2171
96.9496,0.4557,1.9685
96.9498,0.3973,1.7186
96.9500,0.3922,1.696
96.9502,0.3941,1.7043
96.9504,0.3913,1.6911
96.9506,0.3906,1.688
96.9508,0.3874,1.6745
96.9510,0.3919,1.6921
96.9512,0.3889,1.6792
96.9514,0.3897,1.6828
96.9516,0.3894,1.6812
96.9518,0.4234,1.8266
96.9520,0.4814,2.0789
96.9522,0.4208,1.8169
96.9524,0.4858,2.0936
96.9526,0.5873,2.529
96.9528,0.6201,2.6675
96.9530,0.674,2.8983
96.9532,0.6885,2.9634
96.9534,0.6619,2.8515
96.9536,0.6359,2.7331
96.9538,0.739,3.1748
96.9540,0.7264,3.1222
96.9542,0.7388,3.1738
96.9544,0.808,3.4694
96.9546,0.8158,3.5012
96.9548,0.8387,3.5979
96.9550,0.9297,3.9865
96.9552,0.9641,4.134
96.9554,0.9555,4.0951
96.9556,0.9484,4.0629
96.9558,0.9565,4.1055
96.9560,0.8919,3.8263
96.9562,0.8697,3.7311
96.9564,0.845,3.6251
96.9566,0.9025,3.8751
96.9568,0.868,3.7256
96.9570,0.8574,3.6815
96.9572,0.9052,3.8816
96.9574,0.9483,4.0624
96.9576,0.922,3.9572
96.9578,0.8532,3.6618
96.9580,0.9136,3.9212
96.9582,0.926,3.9705
96.9584,0.9225,3.9574
96.9586,0.9136,3.9212
96.9588,0.9156,3.9245
96.9590,0.975,4.1789
96.9592,0.9284,3.9882
96.9594,0.846,3.6292
96.9596,0.896,3.8509
96.9598,0.8535,3.6651
96.9600,0.8607,3.6977
96.9602,0.8167,3.5086
96.9604,0.8206,3.5251
96.9606,0.8153,3.5041
96.9608,0.8039,3.4583
96.9610,0.8152,3.5036
96.9612,0.83,3.5658
96.9614,0.8107,3.4861
96.9616,0.7611,3.2742
96.9618,0.7491,3.2196
96.9620,0.8345,3.5832
96.9622,0.8342,3.5872
96.9624,0.724,3.1177
96.9626,0.6928,2.982
96.9628,0.7215,3.1083
96.9630,0.6991,3.0089
96.9632,0.7028,3.0249
96.9634,0.6899,2.9664
96.9636,0.7572,3.2531
96.9638,0.8154,3.5046
96.9640,0.8065,3.4632
96.9642,0.802,3.4517
96.9644,0.7223,3.1119
96.9646,0.6902,2.9734
96.9648,0.6795,2.9261
96.9650,0.6605,2.8427
96.9652,0.7038,3.0276
96.9654,0.7208,3.1052
96.9656,0.6452,2.7758
96.9658,0.7183,3.0957
96.9660,0.6089,2.6244
96.9662,0.5884,2.536
96.9664,0.631,2.717
96.9666,0.6889,2.9719
96.9668,0.5475,2.3631
96.9670,0.4949,2.1339
96.9672,0.5472,2.3593
96.9674,0.5804,2.5037
96.9676,0.5488,2.3688
96.9678,0.5034,2.1716
96.9680,0.4904,2.1177
96.9682,0.4958,2.141
96.9684,0.5054,2.1804
96.9686,0.5263,2.2694
96.9688,0.497,2.1472
96.9690,0.4675,2.0179
96.9692,0.4593,1.9849
96.9694,0.4154,1.7944
96.9696,0.4295,1.8538
96.9698,0.4944,2.1348
96.9700,0.4655,2.01
96.9702,0.4545,1.9606
96.9704,0.4577,1.9764
96.9706,0.4804,2.0704
96.9708,0.4904,2.1167
96.9710,0.4495,1.9412
96.9712,0.4491,1.9391
96.9714,0.4534,1.9586
96.9716,0.4825,2.0835
96.9718,0.4515,1.9476
96.9720,0.4495,1.9394
96.9722,0.4721,2.0366
96.9724,0.5069,2.1836
96.9726,0.5601,2.4107
96.9728,0.625,2.6899
96.9730,0.6617,2.8478
96.9732,0.6908,2.9733
96.9734,0.6642,2.86
96.9736,0.5999,2.5844
96.9738,0.6064,2.6123
96.9740,0.5966,2.5688
96.9742,0.6235,2.6812
96.9744,0.6446,2.7784
96.9746,0.6038,2.601
96.9748,0.5889,2.5346
96.9750,0.6346,2.7287
96.9752,0.6629,2.8557
96.9754,0.5997,2.5846
96.9756,0.5722,2.4663
96.9758,0.5591,2.4088
96.9760,0.5653,2.4363
96.9762,0.5895,2.5395
96.9764,0.5714,2.4626
96.9766,0.6252,2.6897
96.9768,0.7207,3.096
96.9770,0.7336,3.1516
96.9772,0.7827,3.3655
96.9774,0.707,3.0429
96.9776,0.6743,2.898
96.9778,0.6956,2.9939
96.9780,0.6702,2.8885
96.9782,0.6195,2.6687
96.9784,0.5462,2.3541
96.9786,0.5281,2.275
96.9788,0.5325,2.2973
96.9790,0.5302,2.2864
96.9792,0.5312,2.2874
96.9794,0.5607,2.4178
96.9796,0.5607,2.4178
96.9798,0.6264,2.6961
96.9800,0.6576,2.8277
96.9802,0.6463,2.7792
96.9804,0.6313,2.7185
96.9806,0.6304,2.7119
96.9808,0.7042,3.024
96.9810,0.7678,3.3015
96.9812,0.7076,3.0441
96.9814,0.6843,2.9454
96.9816,0.6275,2.7033
96.9818,0.5847,2.52
96.9820,0.6059,2.6079
96.9822,0.6648,2.8626
96.9824,0.6442,2.7725
96.9826,0.6424,2.7647
96.9828,0.6494,2.7991
96.9830,0.5409,2.3335
96.9832,0.5217,2.2497
96.9834,0.5285,2.2776
96.9836,0.5063,2.183
96.9838,0.5347,2.3045
96.9840,0.5831,2.5121
96.9842,0.5874,2.5342
96.9844,0.4392,1.8957
96.9846,0.4196,1.8117
96.9848,0.3995,1.7268
96.9850,0.3892,1.6784
96.9852,0.4139,1.7874
96.9854,0.3961,1.7102
96.9856,0.4808,2.0676
96.9858,0.605,2.6061
96.9860,0.532,2.2921
96.9862,0.5626,2.4227
96.9864,0.5845,2.5155
96.9866,0.5845,2.519
96.9868,0.5777,2.4866
96.9870,0.6559,2.8178
96.9872,0.7131,3.0664
96.9874,0.7071,3.042
96.9876,0.7378,3.1652
96.9878,0.805,3.4549
96.9880,0.8297,3.5576
96.9882,0.9514,4.0795
96.9884,0.9089,3.8975
96.9886,0.9028,3.8713
96.9888,0.8998,3.8566
96.9890,0.9582,4.1012
96.9892,0.9985,4.2816
96.9894,0.8906,3.817
96.9896,0.8897,3.8152
96.9898,0.9312,3.9913
96.9900,0.9823,4.2082
96.9902,0.9656,4.1349
96.9904,0.9842,4.2165
96.9906,0.8915,3.8265
96.9908,0.8159,3.5018
96.9910,0.8466,3.6386
96.9912,0.8129,3.4905
96.9914,0.8409,3.606
96.9916,0.8885,3.8154
96.9918,0.8855,3.8061
96.9920,0.8212,3.5244
96.9922,0.9034,3.8738
96.9924,0.904,3.8836
96.9926,0.805,3.463
96.9928,0.7967,3.4226
96.9930,0.8538,3.6661
96.9932,0.8677,3.7224
96.9934,0.8816,3.7785
96.9936,0.9224,3.9606
96.9938,0.831,3.5699
96.9940,0.8044,3.454
96.9942,0.8196,3.5177
96.9944,0.8674,3.7213
96.9946,0.9117,3.913
96.9948,0.8529,3.6693
96.9950,0.7632,3.2789
96.9952,0.8128,3.4933
96.9954,0.7605,3.2685
96.9956,0.8183,3.5137
96.9958,0.852,3.6567
96.9960,0.8836,3.7978
96.9962,0.7589,3.2618
96.9964,0.7713,3.3149
96.9966,0.8069,3.4664
96.9968,0.7707,3.3139
96.9970,0.7762,3.3392
96.9972,0.801,3.4475
96.9974,0.7321,3.1493
96.9976,0.6911,2.9757
96.9978,0.6685,2.8786
96.9980,0.6822,2.9375
96.9982,0.7128,3.0663
96.9984,0.6854,2.9473
96.9986,0.693,2.9825
96.9988,0.7081,3.0462
96.9990,0.7373,3.172
96.9992,0.7408,3.1914
96.9994,0.6126,2.638
96.9996,0.6217,2.676
96.9998,0.6737,2.8994
97.0000,0.697,2.9987
97.0002,0.7304,3.1406
97.0004,0.6942,2.9877
97.0006,0.6794,2.9283
97.0008,0.6557,2.826
97.0010,0.6072,2.6172
97.0012,0.5927,2.5535
97.0014,0.6263,2.6956
97.0016,0.6412,2.7634
97.0018,0.5854,2.5255
97.0020,0.584,2.5122
97.0022,0.7486,3.2175
97.0024,0.7721,3.3216
97.0026,0.7232,3.114
97.0028,0.6697,2.8851
97.0030,0.6371,2.7433
97.0032,0.6401,2.7562
97.0034,0.6746,2.9036
97.0036,0.6861,2.9559
97.0038,0.5752,2.4803
97.0040,0.5475,2.3631
97.0042,0.5491,2.3687
97.0044,0.5888,2.5376
97.0046,0.5571,2.4011
97.0048,0.5478,2.363
97.0050,0.5713,2.4621
97.0052,0.5663,2.4421
97.0054,0.5534,2.3862
97.0056,0.6875,2.9533
97.0058,0.7382,3.1771
97.0060,0.6074,2.6177
97.0062,0.545,2.35
97.0064,0.5338,2.303
97.0066,0.5317,2.2905
97.0068,0.535,2.306
97.0070,0.5374,2.3175
97.0072,0.5377,2.3206
97.0074,0.5317,2.2937
97.0076,0.5338,2.2998
97.0078,0.5698,2.4536
97.0080,0.6439,2.7715
97.0082,0.6666,2.8677
97.0084,0.6371,2.7433
97.0086,0.6379,2.7469
97.0088,0.6881,2.9586
97.0090,0.7129,3.0682
97.0092,0.7164,3.0803
97.0094,0.7311,3.1452
97.0096,0.7243,3.11
97.0098,0.7908,3.3942
97.0100,0.8255,3.5429
97.0102,0.8752,3.7548
97.0104,0.8105,3.4851
97.0106,0.7208,3.0994
97.0108,0.7409,3.1875
97.0110,0.7503,3.2277
97.0112,0.7179,3.087
97.0114,0.6737,2.9008
97.0116,0.624,2.6895
97.0118,0.6289,2.712
97.0120,0.7522,3.2345
97.0122,0.6968,3.0018
97.0124,0.6154,2.6499
97.0126,0.61,2.6278
97.0128,0.6671,2.8671
97.0130,0.7164,3.0803
97.0132,0.719,3.0974
97.0134,0.6424,2.766
97.0136,0.6392,2.7513
97.0138,0.6075,2.6182
97.0140,0.5801,2.5004
97.0142,0.6075,2.6194
97.0144,0.5348,2.3072
97.0146,0.5075,2.1851
97.0148,0.5602,2.4146
97.0150,0.5931,2.5538
97.0152,0.6834,2.9358
97.0154,0.7622,3.2788
97.0156,0.6316,2.7234
97.0158,0.5205,2.2466
97.0160,0.5088,2.1929
97.0162,0.5061,2.1835
97.0164,0.5109,2.2042
97.0166,0.4948,2.1344
97.0168,0.4826,2.087
97.0170,0.3971,1.7157
97.0172,0.3877,1.6732
97.0174,0.3997,1.7266
97.0176,0.4222,1.8231
97.0178,0.438,1.8923
97.0180,0.3872,1.6719
97.0182,0.3753,1.6199
97.0184,0.4462,1.924
97.0186,0.5478,2.3619
97.0188,0.5187,2.2378
97.0190,0.5396,2.3235
97.0192,0.6161,2.6493
97.0194,0.6821,2.9315
97.0196,0.7074,3.0445
97.0198,0.6141,2.6442
97.0200,0.6018,2.5867
97.0202,0.6598,2.8356
97.0204,0.7232,3.1097
97.0206,0.8056,3.4607
97.0208,0.8249,3.5371
97.0210,0.8432,3.6174
97.0212,0.8624,3.6997
97.0214,0.8535,3.6617
97.0216,0.8477,3.6381
97.0218,0.8712,3.7373
97.0220,0.8833,3.7875
97.0222,0.8953,3.8389
97.0224,0.9322,3.9898
97.0226,1.0973,4.6943
97.0228,1.1092,4.7407
97.0230,1.0985,4.6972
97.0232,1.0902,4.6597
97.0234,1.1315,4.8405
97.0236,1.1245,4.8152
97.0238,1.076,4.6051
97.0240,1.0962,4.6875
97.0242,1.1789,5.0431
97.0244,1.0556,4.52
97.0246,0.9913,4.2507
97.0248,1.0157,4.349
97.0250,1.0948,4.6835
97.0252,1.1118,4.7542
97.0254,1.1404,4.8785
97.0256,1.119,4.7916
97.0258,1.0978,4.6964
97.0260,1.1333,4.8505
97.0262,1.0621,4.5584
97.0264,0.9672,4.1513
97.0266,0.8866,3.8125
97.0268,0.7805,3.3609
97.0270,0.6889,2.9678
97.0272,0.6907,2.9714
97.0274,0.7156,3.0772
97.0276,0.7864,3.3814
97.0278,0.8529,3.6727
97.0280,0.7468,3.2143
97.0282,0.7319,3.1488
97.0284,0.7873,3.3871
97.0286,0.8003,3.4413
97.0288,0.7908,3.3974
97.0290,0.8104,3.4829
97.0292,0.7341,3.1625
97.0294,0.7325,3.1514
97.0296,0.7623,3.2793
97.0298,0.7658,3.2928
97.0300,0.7897,3.3975
97.0302,0.7727,3.3273
97.0304,0.6734,2.8998
97.0306,0.6358,2.7427
97.0308,0.5649,2.437
97.0310,0.5812,2.5062
97.0312,0.5818,2.5088
97.0314,0.6022,2.5979
97.0316,0.5859,2.5252
97.0318,0.5898,2.5399
97.0320,0.6752,2.9048
97.0322,0.6834,2.9413
97.0324,0.7245,3.1168
97.0326,0.6771,2.9198
97.0328,0.6101,2.6296
97.0330,0.6586,2.8371
97.0332,0.622,2.6807
97.0334,0.5807,2.5053
97.0336,0.5476,2.3625
97.0338,0.5251,2.2653
97.0340,0.486,2.1005
97.0342,0.4355,1.8814
97.0344,0.4533,1.9581
97.0346,0.5087,2.1944
97.0348,0.5541,2.3893
97.0350,0.5699,2.4553
97.0352,0.6006,2.5839
97.0354,0.6859,2.9576
97.0356,0.5679,2.4488
97.0358,0.5793,2.4991
97.0360,0.5262,2.2689
97.0362,0.549,2.3682
97.0364,0.5227,2.2591
97.0366,0.4506,1.9467
97.0368,0.4546,1.9638
97.0370,0.4473,1.9322
97.0372,0.4395,1.8968
97.0374,0.4392,1.8966
97.0376,0.4434,1.9139
97.0378,0.4671,2.0158
97.0380,0.4976,2.1508
97.0382,0.4396,1.8991
97.0384,0.4334,1.8704
97.0386,0.4707,2.0285
97.0388,0.5271,2.274
97.0390,0.5099,2.2006
97.0392,0.4636,1.9999
97.0394,0.4979,2.1468
97.0396,0.56,2.4147
97.0398,0.5759,2.4823
97.0400,0.5751,2.4775
97.0402,0.5715,2.4643
97.0404,0.5903,2.5431
97.0406,0.5871,2.5268
97.0408,0.6337,2.7289
97.0410,0.6446,2.772
97.0412,0.7247,3.1164
97.0414,0.6738,2.9013
97.0416,0.6449,2.7782
97.0418,0.6522,2.8058
97.0420,0.6843,2.9413
97.0422,0.7069,3.0424
97.0424,0.677,2.9125
97.0426,0.6885,2.9566
97.0428,0.7482,3.219
97.0430,0.7246,3.1173
97.0432,0.7328,3.1466
97.0434,0.7983,3.4309
97.0436,0.7847,3.3711
97.0438,0.814,3.4968
97.0440,0.7637,3.284
97.0442,0.7048,3.0322
97.0444,0.6655,2.8683
97.0446,0.5789,2.4964
97.0448,0.5426,2.3386
97.0450,0.5526,2.3782
97.0452,0.624,2.6858
97.0454,0.6414,2.7606
97.0456,0.6115,2.6333
97.0458,0.5825,2.5084
97.0460,0.5919,2.5475
97.0462,0.643,2.7712
97.0464,0.6033,2.5989
97.0466,0.6032,2.5972
97.0468,0.6002,2.5879
97.0470,0.5583,2.4052
97.0472,0.5155,2.2228
97.0474,0.5498,2.3707
97.0476,0.5344,2.3045
97.0478,0.5089,2.1954
97.0480,0.4533,1.9599
97.0482,0.3928,1.6978
97.0484,0.3903,1.6861
97.0486,0.39,1.6846
97.0488,0.4,1.7273
97.0490,0.4031,1.7408
97.0492,0.3902,1.6849
97.0494,0.3928,1.697
97.0496,0.3922,1.6952
97.0498,0.3939,1.7025
97.0500,0.3892,1.6807
97.0502,0.3865,1.6696
97.0504,0.4048,1.7464
97.0506,0.4364,1.8842
97.0508,0.3976,1.717
97.0510,0.391,1.6869
97.0512,0.4525,1.9496
97.0514,0.5189,2.2352
97.0516,0.5508,2.3716
97.0518,0.538,2.32
97.0520,0.4922,2.1215
97.0522,0.5129,2.2104
97.0524,0.5491,2.3632
97.0526,0.6104,2.6233
97.0528,0.6082,2.6201
97.0530,0.6148,2.6448
97.0532,0.7029,3.0169
97.0534,0.7843,3.3648
97.0536,0.813,3.4878
97.0538,0.8547,3.6651
97.0540,0.8661,3.7139
97.0542,0.8644,3.705
97.0544,0.9288,3.9754
97.0546,1.0187,4.3578
97.0548,1.0177,4.3557
97.0550,1.0021,4.293
97.0552,1.0119,4.3331
97.0554,1.0227,4.3773
97.0556,1.0599,4.5279
97.0558,1.0671,4.565
97.0560,1.0841,4.6379
97.0562,1.0992,4.7003
97.0564,1.0742,4.5932
97.0566,1.1167,4.7819
97.0568,1.0587,4.5355
97.0570,0.935,4.0053
97.0572,0.919,3.9444
97.0574,0.8445,3.6248
97.0576,0.8791,3.7712
97.0578,0.9204,3.9505
97.0580,0.8768,3.7615
97.0582,0.866,3.7203
97.0584,0.8459,3.6304
97.0586,0.8811,3.78
97.0588,0.8375,3.6011
97.0590,0.783,3.3654
97.0592,0.8395,3.6031
97.0594,0.8763,3.7576
97.0596,0.8852,3.801
97.0598,0.89,3.8163
97.0600,0.9455,4.0505
97.0602,0.9714,4.1576
97.0604,0.986,4.2242
97.0606,0.9635,4.1334
97.0608,0.951,4.0856
97.0610,0.8545,3.6777
97.0612,0.7074,3.0416
97.0614,0.7539,3.2402
97.0616,0.8198,3.522
97.0618,0.836,3.5899
97.0620,0.8445,3.6281
97.0622,0.8427,3.6221
97.0624,0.8764,3.7617
97.0626,0.8493,3.6453
97.0628,0.943,4.0416
97.0630,0.9998,4.2872
97.0632,0.9272,3.9812
97.0634,0.8858,3.8018
97.0636,0.8487,3.6496
97.0638,0.7846,3.3753
97.0640,0.7839,3.3706
97.0642,0.766,3.2923
97.0644,0.7606,3.2706
97.0646,0.7596,3.268
97.0648,0.7378,3.1726
97.0650,0.7311,3.1467
97.0652,0.6551,2.8208
97.0654,0.678,2.918
97.0656,0.6915,2.9819
97.0658,0.6145,2.6499
97.0660,0.597,2.5744
97.0662,0.58,2.4987
97.0664,0.6145,2.6499
97.0666,0.5928,2.554
97.0668,0.6002,2.5855
97.0670,0.6162,2.6609
97.0672,0.5078,2.1938
97.0674,0.4939,2.1308
97.0676,0.4951,2.1369
97.0678,0.5174,2.2301
97.0680,0.5609,2.4177
97.0682,0.6414,2.7555
97.0684,0.7894,3.3959
97.0686,0.6922,2.9864
97.0688,0.5596,2.4131
97.0690,0.544,2.3492
97.0692,0.532,2.2963
97.0694,0.5328,2.2973
97.0696,0.5334,2.3009
97.0698,0.536,2.3123
97.0700,0.5307,2.2885
97.0702,0.531,2.2906
97.0704,0.5368,2.317
97.0706,0.5448,2.3468
97.0708,0.5602,2.4179
97.0710,0.5281,2.2771
97.0712,0.5275,2.2756
97.0714,0.5285,2.2808
97.0716,0.5485,2.3606
97.0718,0.5901,2.5433
97.0720,0.5316,2.2921
97.0722,0.529,2.2844
97.0724,0.535,2.3093
97.0726,0.5335,2.3004
97.0728,0.5295,2.2844
97.0730,0.5314,2.2905
97.0732,0.5993,2.5771
97.0734,0.7349,3.1588
97.0736,0.6994,3.0146
97.0738,0.5695,2.4521
97.0740,0.63,2.7116
97.0742,0.6607,2.8424
97.0744,0.722,3.106
97.0746,0.7361,3.1654
97.0748,0.7443,3.199
97.0750,0.7378,3.1711
97.0752,0.7401,3.1809
97.0754,0.6943,2.9868
97.0756,0.6693,2.8782
97.0758,0.7665,3.2943
97.0760,0.7912,3.3973
97.0762,0.7979,3.423
97.0764,0.8069,3.4712
97.0766,0.6786,2.9233
97.0768,0.6503,2.7936
97.0770,0.7237,3.1132
97.0772,0.7526,3.236
97.0774,0.77,3.3093
97.0776,0.7176,3.0898
97.0778,0.6563,2.8286
97.0780,0.6111,2.6313
97.0782,0.6098,2.6219
97.0784,0.7123,3.0599
97.0786,0.7565,3.2561
97.0788,0.7232,3.1126
97.0790,0.6839,2.9406
97.0792,0.7402,3.1829
97.0794,0.7631,3.2829
97.0796,0.7018,3.0151
97.0798,0.7173,3.083
97.0800,0.7345,3.1552
97.0802,0.7437,3.1964
97.0804,0.7532,3.2386
97.0806,0.7847,3.3742
97.0808,0.783,3.3701
97.0810,0.6516,2.8084
97.0812,0.5936,2.5571
97.0814,0.5962,2.5696
97.0816,0.6041,2.5989
97.0818,0.6791,2.9254
97.0820,0.6616,2.8513
97.0822,0.6054,2.6082
97.0824,0.5955,2.5665
97.0826,0.5551,2.3924
97.0828,0.5467,2.3606
97.0830,0.4385,1.8944
97.0832,0.4365,1.883
97.0834,0.4274,1.8454
97.0836,0.4262,1.8427
97.0838,0.4406,1.9032
97.0840,0.4391,1.8961
97.0842,0.4475,1.9306
97.0844,0.483,2.0846
97.0846,0.4855,2.0916
97.0848,0.5755,2.4802
97.0850,0.5573,2.4022
97.0852,0.587,2.531
97.0854,0.5322,2.2926
97.0856,0.5302,2.2875
97.0858,0.5618,2.4191
97.0860,0.6148,2.6473
97.0862,0.5827,2.5112
97.0864,0.5705,2.4579
97.0866,0.6311,2.7124
97.0868,0.7101,3.0521
97.0870,0.7164,3.0803
97.0872,0.716,3.0759
97.0874,0.7685,3.3046
97.0876,0.799,3.4292
97.0878,0.8851,3.7916
97.0880,0.9586,4.1085
97.0882,0.976,4.181
97.0884,0.9636,4.1262
97.0886,0.9744,4.1782
97.0888,0.9718,4.163
97.0890,0.974,4.1728
97.0892,0.9684,4.1545
97.0894,0.9242,3.9646
97.0896,0.9317,3.9933
97.0898,0.9489,4.0687
97.0900,0.9653,4.1372
97.0902,0.9716,4.1722
97.0904,0.8574,3.6815
97.0906,0.8534,3.6628
97.0908,0.8858,3.8036
97.0910,0.9255,3.9685
97.0912,0.9178,3.9374
97.0914,0.9067,3.8914
97.0916,0.8965,3.8458
97.0918,0.9402,4.0298
97.0920,0.9695,4.1591
97.0922,0.9101,3.9172
97.0924,0.775,3.3278
97.0926,0.8166,3.513
97.0928,0.7791,3.35
97.0930,0.7712,3.316
97.0932,0.8179,3.5056
97.0934,0.9034,3.8829
97.0936,0.8238,3.544
97.0938,0.7929,3.4077
97.0940,0.7679,3.3036
97.0942,0.7337,3.158
97.0944,0.7391,3.1798
97.0946,0.7255,3.1224
97.0948,0.6843,2.944
97.0950,0.7369,3.17
97.0952,0.7726,3.3206
97.0954,0.8099,3.4825
97.0956,0.7496,3.2261
97.0958,0.7155,3.081
97.0960,0.6926,2.9796
97.0962,0.6799,2.9304
97.0964,0.6137,2.6451
97.0966,0.6133,2.6423
97.0968,0.6059,2.6139
97.0970,0.5852,2.5244
97.0972,0.5747,2.4783
97.0974,0.5573,2.4066
97.0976,0.4991,2.154
97.0978,0.5456,2.3515
97.0980,0.5695,2.4544
97.0982,0.5667,2.4425
97.0984,0.5745,2.4761
97.0986,0.5884,2.5372
97.0988,0.6178,2.6627
97.0990,0.5867,2.5311
97.0992,0.549,2.3682
97.0994,0.5396,2.3278
97.0996,0.5161,2.2265
97.0998,0.5402,2.3283
97.1000,0.5785,2.4943
97.1002,0.5782,2.4909
97.1004,0.6564,2.8291
97.1006,0.6161,2.6579
97.1008,0.5585,2.4062
97.1010,0.5659,2.4377
97.1012,0.5902,2.5414
97.1014,0.6189,2.6636
97.1016,0.6865,2.9533
97.1018,0.6797,2.9266
97.1020,0.6325,2.7262
97.1022,0.5934,2.5613
97.1024,0.5677,2.4444
97.1026,0.5654,2.4425
97.1028,0.4617,1.9925
97.1030,0.4494,1.9397
97.1032,0.4464,1.9277
97.1034,0.4448,1.9195
97.1036,0.4445,1.9203
97.1038,0.4546,1.9629
97.1040,0.4509,1.9459
97.1042,0.4492,1.9396
97.1044,0.4462,1.9258
97.1046,0.4545,1.9606
97.1048,0.4645,2.0031
97.1050,0.4605,1.9864
97.1052,0.4585,1.98
97.1054,0.4621,1.9946
97.1056,0.4596,1.9828
97.1058,0.4623,1.996
97.1060,0.456,1.9682
97.1062,0.4781,2.0596
97.1064,0.5316,2.2943
97.1066,0.4725,2.04
97.1068,0.4506,1.9431
97.1070,0.4962,2.1416
97.1072,0.4847,2.0919
97.1074,0.5329,2.2989
97.1076,0.5482,2.3618
97.1078,0.5491,2.3665
97.1080,0.553,2.3836
97.1082,0.5469,2.3561
97.1084,0.5903,2.5396
97.1086,0.5908,2.544
97.1088,0.5713,2.4598
97.1090,0.6271,2.7005
97.1092,0.5896,2.54
97.1094,0.5569,2.399
97.1096,0.5775,2.4855
97.1098,0.6385,2.7457
97.1100,0.6667,2.8615
97.1102,0.7508,3.2238
97.1104,0.7484,3.2195
97.1106,0.6642,2.86
97.1108,0.6518,2.8081
97.1110,0.6293,2.7072
97.1112,0.6094,2.6228
97.1114,0.6041,2.6037
97.1116,0.5437,2.3443
97.1118,0.5302,2.2833
97.1120,0.5276,2.274
97.1122,0.5359,2.3107
97.1124,0.5335,2.3015
97.1126,0.5311,2.2879
97.1128,0.528,2.2756
97.1130,0.5247,2.2616
97.1132,0.5243,2.2616
97.1134,0.5199,2.2388
97.1136,0.6342,2.7296
97.1138,0.6165,2.6581
97.1140,0.5308,2.289
97.1142,0.5049,2.1773
97.1144,0.5137,2.213
97.1146,0.5373,2.3158
97.1148,0.5418,2.3317
97.1150,0.5505,2.3727
97.1152,0.5211,2.2419
97.1154,0.6476,2.7848
97.1156,0.7137,3.0675
97.1158,0.7283,3.1347
97.1160,0.5924,2.5542
97.1162,0.5196,2.2383
97.1164,0.5528,2.3792
97.1166,0.5564,2.3991
97.1168,0.4736,2.0433
97.1170,0.4151,1.7942
97.1172,0.3985,1.7213
97.1174,0.395,1.7047
97.1176,0.4381,1.8875
97.1178,0.5328,2.2973
97.1180,0.5257,2.2657
97.1182,0.4925,2.1225
97.1184,0.5054,2.1773
97.1186,0.5313,2.2879
97.1188,0.5818,2.5029
97.1190,0.68,2.9186
97.1192,0.7988,3.4318
97.1194,0.8186,3.5152
97.1196,0.7397,3.1778
97.1198,0.7199,3.09
97.1200,0.7829,3.3586
97.1202,0.808,3.4693
97.1204,0.8056,3.4574
97.1206,0.8425,3.6159
97.1208,0.8458,3.632
97.1210,0.8521,3.6537
97.1212,0.9093,3.8881
97.1214,1.0234,4.3803
97.1216,1.0393,4.4439
97.1218,1.0942,4.6787
97.1220,1.065,4.5541
97.1222,1.0986,4.7021
97.1224,1.1153,4.7689
97.1226,1.1111,4.7554
97.1228,1.0749,4.5961
97.1230,1.0872,4.6489
97.1232,1.0733,4.5916
97.1234,1.0811,4.6314
97.1236,0.9797,4.2027
97.1238,0.9478,4.0659
97.1240,0.9285,3.9794
97.1242,0.9131,3.9099
97.1244,0.9691,4.1517
97.1246,0.9932,4.249
97.1248,1.1135,4.7635
97.1250,1.0792,4.6211
97.1252,1.0887,4.6616
97.1254,1.0813,4.6325
97.1256,0.9473,4.0676
97.1258,0.8378,3.6009
97.1260,0.8022,3.4462
97.1262,0.809,3.4756
97.1264,0.8469,3.6384
97.1266,0.8734,3.7575
97.1268,0.8028,3.4488
97.1270,0.8123,3.4862
97.1272,0.7982,3.4324
97.1274,0.7731,3.3241
97.1276,0.787,3.3824
97.1278,0.7868,3.3834
97.1280,0.7367,3.1664
97.1282,0.8111,3.486
97.1284,0.8508,3.6532
97.1286,0.8584,3.6861
97.1288,0.8394,3.6126
97.1290,0.7006,3.0141
97.1292,0.7934,3.407
97.1294,0.7876,3.3865
97.1296,0.774,3.3283
97.1298,0.7618,3.2772
97.1300,0.6915,2.9777
97.1302,0.6723,2.8964
97.1304,0.6438,2.7748
97.1306,0.5752,2.4826
97.1308,0.5504,2.3733
97.1310,0.572,2.4629
97.1312,0.5965,2.5723
97.1314,0.6552,2.8173
97.1316,0.738,3.178
97.1318,0.6684,2.878
97.1320,0.6684,2.8807
97.1322,0.6166,2.6574
97.1324,0.5699,2.4575
97.1326,0.5685,2.4502
97.1328,0.6236,2.6892
97.1330,0.588,2.5368
97.1332,0.5691,2.4528
97.1334,0.5816,2.5042
97.1336,0.6422,2.7655
97.1338,0.6795,2.9247
97.1340,0.6308,2.7202
97.1342,0.5801,2.5003
97.1344,0.5641,2.4322
97.1346,0.5885,2.5353
97.1348,0.6882,2.9577
97.1350,0.7144,3.0792
97.1352,0.6332,2.728
97.1354,0.6264,2.6986
97.1356,0.6023,2.5947
97.1358,0.5822,2.5114
97.1360,0.538,2.3189
97.1362,0.5558,2.3965
97.1364,0.5754,2.4813
97.1366,0.5462,2.3573
97.1368,0.5202,2.243
97.1370,0.5346,2.3029
97.1372,0.5841,2.5162
97.1374,0.5488,2.3654
97.1376,0.5347,2.3034
97.1378,0.5371,2.3159
97.1380,0.5509,2.3687
97.1382,0.7076,3.0469
97.1384,0.6492,2.798
97.1386,0.5915,2.5494
97.1388,0.5993,2.5782
97.1390,0.656,2.8235
97.1392,0.6678,2.8701
97.1394,0.7028,3.022
97.1396,0.7021,3.0203
97.1398,0.709,3.0545
97.1400,0.6826,2.9354
97.1402,0.7041,3.0248
97.1404,0.6937,2.987
97.1406,0.6457,2.7817
97.1408,0.6437,2.7678
97.1410,0.6643,2.8578
97.1412,0.6649,2.8631
97.1414,0.6878,2.9534
97.1416,0.7868,3.3803
97.1418,0.8383,3.6013
97.1420,0.8215,3.5275
97.1422,0.7981,3.4271
97.1424,0.8343,3.5826
97.1426,0.8487,3.6444
97.1428,0.8121,3.4857
97.1430,0.7831,3.369
97.1432,0.7457,3.2066
97.1434,0.7848,3.3747
97.1436,0.7632,3.2773
97.1438,0.7486,3.2175
97.1440,0.7672,3.2958
97.1442,0.8099,3.4824
97.1444,0.7663,3.2968
97.1446,0.7159,3.0811
97.1448,0.7594,3.2654
97.1450,0.7567,3.254
97.1452,0.7328,3.1538
97.1454,0.6895,2.9689
97.1456,0.6318,2.7218
97.1458,0.6454,2.7737
97.1460,0.7058,3.0419
97.1462,0.6121,2.642
97.1464,0.5221,2.2523
97.1466,0.4813,2.0774
97.1468,0.4637,2.0022
97.1470,0.4766,2.0562
97.1472,0.5495,2.3685
97.1474,0.5423,2.3375
97.1476,0.5095,2.1969
97.1478,0.5398,2.3288
97.1480,0.5606,2.4161
97.1482,0.5939,2.5574
97.1484,0.633,2.7244
97.1486,0.659,2.8404
97.1488,0.5599,2.4152
97.1490,0.5112,2.2052
97.1492,0.5131,2.2125
97.1494,0.524,2.2637
97.1496,0.4341,1.8752
97.1498,0.4,1.7281
97.1500,0.3908,1.6882
97.1502,0.3967,1.7144
97.1504,0.3999,1.7268
97.1506,0.3997,1.7265
97.1508,0.4323,1.8631
97.1510,0.5434,2.3444
97.1512,0.5033,2.1721
97.1514,0.5302,2.2875
97.1516,0.5331,2.2999
97.1518,0.4955,2.1374
97.1520,0.509,2.1928
97.1522,0.5573,2.3988
97.1524,0.5877,2.5282
97.1526,0.6313,2.7185
97.1528,0.6374,2.7423
97.1530,0.6807,2.9258
97.1532,0.7246,3.1173
97.1534,0.7262,3.1254
97.1536,0.7245,3.1124
97.1538,0.7624,3.2722
97.1540,0.777,3.338
97.1542,0.8456,3.6226
97.1544,0.9962,4.2678
97.1546,0.9962,4.2717
97.1548,0.9384,4.022
97.1550,0.96,4.1145
97.1552,0.9671,4.1449
97.1554,1.0173,4.3582
97.1556,1.0088,4.3177
97.1558,1.0546,4.5095
97.1560,1.1117,4.7513
97.1562,1.1286,4.8258
97.1564,1.0954,4.6926
97.1566,1.0298,4.4116
97.1568,1.065,4.5562
97.1570,1.0985,4.7081
97.1572,0.9589,4.1118
97.1574,0.9517,4.081
97.1576,0.9138,3.924
97.1578,0.8988,3.8578
97.1580,0.9111,3.9067
97.1582,0.9584,4.1117
97.1584,0.908,3.8915
97.1586,0.9556,4.1032
97.1588,0.8903,3.8231
97.1590,0.8962,3.8483
97.1592,0.8635,3.706
97.1594,0.8825,3.7896
97.1596,0.8924,3.8336
97.1598,0.8697,3.738
97.1600,0.8746,3.7521
97.1602,0.937,4.0159
97.1604,0.9506,4.0764
97.1606,0.9294,3.9909
97.1608,0.877,3.7677
97.1610,0.8071,3.469
97.1612,0.869,3.7349
97.1614,0.8475,3.6426
97.1616,0.8196,3.5226
97.1618,0.7738,3.3257
97.1620,0.8367,3.5912
97.1622,0.8797,3.7772
97.1624,0.9017,3.8756
97.1626,0.819,3.5183
97.1628,0.8649,3.7122
97.1630,0.9128,3.923
97.1632,0.8679,3.7285
97.1634,0.8847,3.7953
97.1636,0.93,3.9972
97.1638,0.8817,3.793
97.1640,0.7609,3.2766
97.1642,0.73,3.1478
97.1644,0.71,3.0558
97.1646,0.7132,3.0726
97.1648,0.6774,2.9154
97.1650,0.7168,3.0895
97.1652,0.6494,2.8016
97.1654,0.5718,2.4681
97.1656,0.5308,2.2922
97.1658,0.5228,2.2575
97.1660,0.5341,2.3061
97.1662,0.5355,2.3091
97.1664,0.5603,2.4184
97.1666,0.5645,2.4309
97.1668,0.6069,2.6156
97.1670,0.5826,2.5147
97.1672,0.594,2.5603
97.1674,0.6187,2.668
97.1676,0.5903,2.5478
97.1678,0.5208,2.2487
97.1680,0.485,2.0934
97.1682,0.4763,2.0556
97.1684,0.4838,2.0882
97.1686,0.4956,2.1409
97.1688,0.486,2.0975
97.1690,0.4787,2.0679
97.1692,0.48,2.0736
97.1694,0.4836,2.0891
97.1696,0.4935,2.1272
97.1698,0.5308,2.2911
97.1700,0.4766,2.0581
97.1702,0.4741,2.0463
97.1704,0.4748,2.0475
97.1706,0.4771,2.0612
97.1708,0.4703,2.0316
97.1710,0.4656,2.0105
97.1712,0.4693,2.0265
97.1714,0.471,2.0338
97.1716,0.4728,2.0406
97.1718,0.4672,2.0126
97.1720,0.5238,2.2574
97.1722,0.5193,2.2425
97.1724,0.4786,2.0655
97.1726,0.477,2.0587
97.1728,0.4728,2.0425
97.1730,0.4712,2.0339
97.1732,0.5089,2.1964
97.1734,0.524,2.2543
97.1736,0.637,2.7402
97.1738,0.7162,3.0754
97.1740,0.859,3.687
97.1742,0.8201,3.5263
97.1744,0.7373,3.172
97.1746,0.6649,2.8631
97.1748,0.6493,2.7959
97.1750,0.6493,2.7933
97.1752,0.6609,2.8407
97.1754,0.7671,3.2922
97.1756,0.8675,3.7183
97.1758,0.9154,3.9288
97.1760,0.9166,3.9303
97.1762,0.9221,3.9577
97.1764,0.847,3.644
97.1766,0.76,3.271
97.1768,0.7425,3.1882
97.1770,0.7762,3.3375
97.1772,0.7659,3.2947
97.1774,0.7749,3.335
97.1776,0.7204,3.0992
97.1778,0.6789,2.9262
97.1780,0.6528,2.8135
97.1782,0.6277,2.703
97.1784,0.6289,2.7056
97.1786,0.6757,2.9068
97.1788,0.7636,3.2788
97.1790,0.8574,3.6832
97.1792,0.8127,3.4948
97.1794,0.7181,3.0909
97.1796,0.6985,3.0048
97.1798,0.746,3.2091
97.1800,0.7313,3.1447
97.1802,0.7264,3.1236
97.1804,0.7395,3.1753
97.1806,0.7964,3.4215
97.1808,0.7595,3.2674
97.1810,0.7207,3.1046
97.1812,0.65,2.8016
97.1814,0.6203,2.666
97.1816,0.738,3.181
97.1818,0.5848,2.5228
97.1820,0.4891,2.11
97.1822,0.5287,2.2828
97.1824,0.4999,2.1576
97.1826,0.4995,2.156
97.1828,0.4774,2.0612
97.1830,0.4582,1.9793
97.1832,0.4572,1.9743
97.1834,0.4545,1.9596
97.1836,0.516,2.2238
97.1838,0.5726,2.4701
97.1840,0.5497,2.368
97.1842,0.6055,2.6087
97.1844,0.5665,2.4448
97.1846,0.5075,2.1902
97.1848,0.5011,2.1628
97.1850,0.4853,2.0925
97.1852,0.4882,2.1059
97.1854,0.5005,2.1602
97.1856,0.5264,2.2688
97.1858,0.5747,2.4736
97.1860,0.632,2.7241
97.1862,0.5904,2.5448
97.1864,0.5958,2.5621
97.1866,0.7024,3.0204
97.1868,0.7225,3.1066
97.1870,0.7186,3.0886
97.1872,0.7552,3.2458
97.1874,0.8057,3.4596
97.1876,0.8222,3.524
97.1878,0.9678,4.1479
97.1880,0.967,4.1424
97.1882,0.9827,4.2077
97.1884,1.0052,4.3023
97.1886,1.0855,4.6439
97.1888,1.1083,4.7414
97.1890,1.1056,4.7296
97.1892,1.0948,4.6856
97.1894,1.1152,4.7706
97.1896,1.0707,4.5846
97.1898,0.9902,4.25
97.1900,0.8758,3.759
97.1902,0.8693,3.7312
97.1904,0.8445,3.6281
97.1906,0.802,3.45
97.1908,0.7942,3.4149
97.1910,0.8233,3.5352
97.1912,0.8467,3.634
97.1914,0.8553,3.6761
97.1916,0.8416,3.6157
97.1918,0.8378,3.6026
97.1920,0.8082,3.4752
97.1922,0.7589,3.2572
97.1924,0.8409,3.6126
97.1926,0.8404,3.6139
97.1928,0.8047,3.4587
97.1930,0.7678,3.2968
97.1932,0.8928,3.8285
97.1934,0.9328,4.0053
97.1936,0.8994,3.8622
97.1938,0.8601,3.695
97.1940,0.8732,3.7529
97.1942,0.892,3.8303
97.1944,0.8518,3.6629
97.1946,0.7844,3.3716
97.1948,0.8183,3.5169
97.1950,0.8527,3.6597
97.1952,0.8938,3.8416
97.1954,0.8643,3.7148
97.1956,0.8653,3.7155
97.1958,0.8593,3.6897
97.1960,0.8557,3.6845
97.1962,0.7185,3.0967
97.1964,0.6512,2.8042
97.1966,0.6268,2.7014
97.1968,0.6566,2.83
97.1970,0.6558,2.8251
97.1972,0.622,2.6807
97.1974,0.689,2.9641
97.1976,0.7849,3.3768
97.1978,0.7386,3.1791
97.1980,0.7593,3.2633
97.1982,0.8668,3.7274
97.1984,0.8353,3.5901
97.1986,0.804,3.4604
97.1988,0.712,3.0731
97.1990,0.5814,2.506
97.1992,0.5916,2.5499
97.1994,0.5927,2.5546
97.1996,0.6457,2.7817
97.1998,0.6895,2.973
97.2000,0.6346,2.735
97.2002,0.6421,2.7675
97.2004,0.6432,2.7709
97.2006,0.6756,2.9063
97.2008,0.7253,3.1189
97.2010,0.6697,2.8877
97.2012,0.6109,2.6331
97.2014,0.6738,2.8972
97.2016,0.774,3.3283
97.2018,0.8084,3.4795
97.2020,0.7716,3.3226
97.2022,0.766,3.2937
97.2024,0.7681,3.3045
97.2026,0.7331,3.1598
97.2028,0.6012,2.5937
97.2030,0.5444,2.3496
97.2032,0.5403,2.3341
97.2034,0.5432,2.3422
97.2036,0.5553,2.3945
97.2038,0.5418,2.3371
97.2040,0.5396,2.33
97.2042,0.5404,2.3314
97.2044,0.5404,2.3303
97.2046,0.5536,2.3839
97.2048,0.6853,2.9522
97.2050,0.6832,2.9461
97.2052,0.5503,2.3738
97.2054,0.5284,2.2808
97.2056,0.5251,2.2652
97.2058,0.5408,2.3308
97.2060,0.5561,2.3992
97.2062,0.5347,2.3055
97.2064,0.5431,2.3417
97.2066,0.5674,2.4455
97.2068,0.631,2.7195
97.2070,0.6485,2.7936
97.2072,0.649,2.7944
97.2074,0.6487,2.7946
97.2076,0.6509,2.8013
97.2078,0.6509,2.8039
97.2080,0.6626,2.8479
97.2082,0.7683,3.2989
97.2084,0.8572,3.6878
97.2086,0.7864,3.3845
97.2088,0.7215,3.1024
97.2090,0.7154,3.0804
97.2092,0.671,2.8921
97.2094,0.6177,2.6584
97.2096,0.6145,2.6474
97.2098,0.6174,2.6623
97.2100,0.6234,2.6869
97.2102,0.6894,2.9656
97.2104,0.7621,3.2742
97.2106,0.778,3.3468
97.2108,0.7287,3.1348
97.2110,0.6673,2.8747
97.2112,0.6107,2.6284
97.2114,0.6693,2.8795
97.2116,0.747,3.2123
97.2118,0.7713,3.321
97.2120,0.6714,2.8909
97.2122,0.6126,2.6379
97.2124,0.6083,2.623
97.2126,0.5771,2.4874
97.2128,0.575,2.4793
97.2130,0.5832,2.5114
97.2132,0.6569,2.8271
97.2134,0.6722,2.8959
97.2136,0.6607,2.8437
97.2138,0.7003,3.0168
97.2140,0.6566,2.8261
97.2142,0.6625,2.8527
97.2144,0.635,2.7332
97.2146,0.6504,2.8019
97.2148,0.6667,2.8748
97.2150,0.5265,2.2746
97.2152,0.418,1.8066
97.2154,0.4286,1.8496
97.2156,0.4901,2.1132
97.2158,0.518,2.2337
97.2160,0.5557,2.396
97.2162,0.5416,2.3355
97.2164,0.5372,2.3196
97.2166,0.4265,1.8426
97.2168,0.4134,1.7853
97.2170,0.4205,1.815
97.2172,0.473,2.0369
97.2174,0.566,2.4405
97.2176,0.5108,2.2037
97.2178,0.4901,2.1132
97.2180,0.4904,2.1147
97.2182,0.5206,2.245
97.2184,0.5326,2.2978
97.2186,0.5018,2.1639
97.2188,0.5199,2.2398
97.2190,0.5988,2.5809
97.2192,0.5992,2.5801
97.2194,0.6296,2.7125
97.2196,0.5961,2.5679
97.2198,0.5993,2.5806
97.2200,0.609,2.6237
97.2202,0.6121,2.6371
97.2204,0.5973,2.5695
97.2206,0.6679,2.872
97.2208,0.7714,3.3123
97.2210,0.8364,3.588
97.2212,0.8544,3.6686
97.2214,0.8409,3.6092
97.2216,0.8942,3.8342
97.2218,0.9258,3.9644
97.2220,0.9938,4.2575
97.2222,1.059,4.5263
97.2224,1.1087,4.7385
97.2226,1.1166,4.7723
97.2228,1.1166,4.779
97.2230,1.0319,4.4229
97.2232,0.9876,4.2367
97.2234,1.0056,4.3038
97.2236,1.0607,4.5378
97.2238,1.0891,4.6593
97.2240,1.0389,4.4506
97.2242,1.0213,4.371
97.2244,1.0744,4.5941
97.2246,1.1239,4.8103
97.2248,1.0953,4.6964
97.2250,0.9526,4.0922
97.2252,0.8791,3.7764
97.2254,0.934,4.0011
97.2256,1.0178,4.3602
97.2258,1.0251,4.3957
97.2260,1.0322,4.4219
97.2262,1.0947,4.6895
97.2264,1.0917,4.6767
97.2266,1.0741,4.6038
97.2268,1.0331,4.4301
97.2270,0.9793,4.2012
97.2272,0.963,4.1428
97.2274,0.7954,3.4216
97.2276,0.7785,3.3473
97.2278,0.7678,3.303
97.2280,0.7692,3.3092
97.2282,0.7388,3.1796
97.2284,0.7492,3.223
97.2286,0.73,3.1405
97.2288,0.7262,3.1254
97.2290,0.6991,3.0102
97.2292,0.7257,3.1219
97.2294,0.7919,3.4098
97.2296,0.7173,3.0858
97.2298,0.6838,2.9501
97.2300,0.5968,2.5769
97.2302,0.5123,2.2109
97.2304,0.533,2.2983
97.2306,0.5751,2.4821
97.2308,0.6131,2.6449
97.2310,0.623,2.6841
97.2312,0.6623,2.8504
97.2314,0.6904,2.9703
97.2316,0.7255,3.1252
97.2318,0.6525,2.8099
97.2320,0.619,2.6665
97.2322,0.629,2.7124
97.2324,0.5509,2.3786
97.2326,0.501,2.1632
97.2328,0.5013,2.1628
97.2330,0.5233,2.2595
97.2332,0.4841,2.0912
97.2334,0.4218,1.8215
97.2336,0.4316,1.8635
97.2338,0.4858,2.0965
97.2340,0.5166,2.2285
97.2342,0.4951,2.1389
97.2344,0.469,2.0259
97.2346,0.5114,2.2011
97.2348,0.6764,2.914
97.2350,0.6325,2.7312
97.2352,0.488,2.1073
97.2354,0.4546,1.961
97.2356,0.4498,1.9421
97.2358,0.4473,1.9304
97.2360,0.4937,2.1297
97.2362,0.5365,2.3144
97.2364,0.5704,2.4596
97.2366,0.5503,2.3716
97.2368,0.5824,2.509
97.2370,0.5872,2.5308
97.2372,0.5866,2.5318
97.2374,0.4941,2.1327
97.2376,0.4591,1.9825
97.2378,0.4491,1.9399
97.2380,0.4518,1.9519
97.2382,0.4623,1.9942
97.2384,0.4801,2.0703
97.2386,0.5172,2.2321
97.2388,0.5023,2.1649
97.2390,0.5596,2.4119
97.2392,0.5805,2.5019
97.2394,0.6053,2.6064
97.2396,0.5962,2.5684
97.2398,0.6335,2.724
97.2400,0.681,2.9295
97.2402,0.6831,2.9374
97.2404,0.7149,3.0726
97.2406,0.7234,3.1136
97.2408,0.6529,2.8101
97.2410,0.6313,2.721
97.2412,0.6443,2.7742
97.2414,0.6944,2.9859
97.2416,0.7258,3.1195
97.2418,0.7551,3.2408
97.2420,0.7975,3.4261
97.2422,0.803,3.4547
97.2424,0.7644,3.2885
97.2426,0.6618,2.8536
97.2428,0.5554,2.3961
97.2430,0.5469,2.3594
97.2432,0.5489,2.366
97.2434,0.5518,2.3773
97.2436,0.6234,2.6832
97.2438,0.6581,2.8297
97.2440,0.7401,3.1823
97.2442,0.7051,3.0388
97.2444,0.5723,2.4679
97.2446,0.538,2.3168
97.2448,0.6675,2.8717
97.2450,0.7183,3.0871
97.2452,0.7249,3.1198
97.2454,0.6055,2.6075
97.2456,0.5657,2.4372
97.2458,0.5916,2.5464
97.2460,0.6077,2.6204
97.2462,0.5648,2.433
97.2464,0.5752,2.4791
97.2466,0.5408,2.3319
97.2468,0.5949,2.5627
97.2470,0.5513,2.3774
97.2472,0.5224,2.2528
97.2474,0.525,2.2605
97.2476,0.5075,2.1922
97.2478,0.4126,1.7825
97.2480,0.4455,1.9199
97.2482,0.4961,2.143
97.2484,0.4212,1.8189
97.2486,0.431,1.8591
97.2488,0.4202,1.8159
97.2490,0.3871,1.6721
97.2492,0.3867,1.6706
97.2494,0.3937,1.6983
97.2496,0.4364,1.885
97.2498,0.3965,1.7131
97.2500,0.3896,1.6822
97.2502,0.392,1.6942
97.2504,0.4236,1.8259
97.2506,0.5199,2.2398
97.2508,0.5298,2.2843
97.2510,0.4884,2.1069
97.2512,0.4843,2.0893
97.2514,0.4884,2.104
97.2516,0.5359,2.3053
97.2518,0.5487,2.3671
97.2520,0.4915,2.1194
97.2522,0.5001,2.1536
97.2524,0.5349,2.3044
97.2526,0.5878,2.5287
97.2528,0.6383,2.7446
97.2530,0.6942,2.9835
97.2532,0.7123,3.0613
97.2534,0.7338,3.1526
97.2536,0.7768,3.337
97.2538,0.785,3.3679
97.2540,0.8438,3.6149
97.2542,0.8683,3.7214
97.2544,0.8424,3.6121
97.2546,0.9455,4.0505
97.2548,0.9915,4.2438
97.2550,1.0128,4.3346
97.2552,1.0445,4.4664
97.2554,1.1238,4.8076
97.2556,1.1065,4.7337
97.2558,1.0925,4.6737
97.2560,1.0779,4.609
97.2562,1.1385,4.8821
97.2564,0.9155,3.9275
97.2566,0.8681,3.7261
97.2568,0.8605,3.6931
97.2570,0.8227,3.531
97.2572,0.8598,3.6866
97.2574,0.8452,3.6278
97.2576,0.8763,3.7611
97.2578,0.9054,3.8861
97.2580,0.9455,4.0505
97.2582,0.9864,4.2276
97.2584,0.9069,3.8869
97.2586,0.9142,3.9219
97.2588,0.9111,3.9121
97.2590,0.8696,3.734
97.2592,0.888,3.8133
97.2594,0.8504,3.6499
97.2596,0.9451,4.0527
97.2598,0.9672,4.1434
97.2600,0.9546,4.0895
97.2602,0.9926,4.2523
97.2604,1.0047,4.3042
97.2606,1.0551,4.52
97.2608,1.0476,4.4923
97.2610,0.9305,3.9974
97.2612,0.8425,3.6227
97.2614,0.828,3.547
97.2616,0.9538,4.0897
97.2618,0.9499,4.0752
97.2620,0.9665,4.1481
97.2622,0.9424,4.0446
97.2624,0.9347,4.0098
97.2626,0.962,4.1348
97.2628,0.8463,3.6426
97.2630,0.7744,3.3283
97.2632,0.7841,3.37
97.2634,0.7818,3.3602
97.2636,0.7874,3.3907
97.2638,0.7668,3.3004
97.2640,0.7701,3.3128
97.2642,0.7668,3.3004
97.2644,0.7566,3.255
97.2646,0.7523,3.2349
97.2648,0.7195,3.098
97.2650,0.669,2.8806
97.2652,0.6663,2.8732
97.2654,0.6841,2.9443
97.2656,0.7306,3.1402
97.2658,0.7532,3.2416
97.2660,0.6638,2.8597
97.2662,0.6665,2.8671
97.2664,0.7101,3.0549
97.2666,0.71,3.0629
97.2668,0.5855,2.5271
97.2670,0.5677,2.4477
97.2672,0.5717,2.463
97.2674,0.5934,2.5577
97.2676,0.5896,2.5459
97.2678,0.4931,2.1271
97.2680,0.5366,2.3127
97.2682,0.5692,2.4578
97.2684,0.5334,2.2988
97.2686,0.5603,2.4184
97.2688,0.5359,2.3128
97.2690,0.5286,2.2792
97.2692,0.5615,2.4213
97.2694,0.5294,2.2849
97.2696,0.5223,2.2533
97.2698,0.5242,2.2605
97.2700,0.5239,2.259
97.2702,0.5313,2.2932
97.2704,0.5288,2.2812
97.2706,0.5263,2.2704
97.2708,0.5259,2.2688
97.2710,0.527,2.2745
97.2712,0.5311,2.2879
97.2714,0.6091,2.623
97.2716,0.5597,2.4136
97.2718,0.5274,2.2761
97.2720,0.5263,2.2714
97.2722,0.5253,2.2662
97.2724,0.5265,2.2704
97.2726,0.5248,2.2652
97.2728,0.518,2.2347
97.2730,0.5377,2.3141
97.2732,0.6335,2.724
97.2734,0.6843,2.9453
97.2736,0.6487,2.792
97.2738,0.629,2.7124
97.2740,0.643,2.7634
97.2742,0.743,3.1977
97.2744,0.6458,2.781
97.2746,0.6446,2.7758
97.2748,0.7252,3.1155
97.2750,0.8108,3.4801
97.2752,0.8625,3.7002
97.2754,0.8821,3.7911
97.2756,0.79,3.3968
97.2758,0.679,2.9253
97.2760,0.6425,2.7652
97.2762,0.7021,3.0231
97.2764,0.6907,2.9685
97.2766,0.7057,3.0372
97.2768,0.665,2.8636
97.2770,0.6966,2.998
97.2772,0.7352,3.1597
97.2774,0.7542,3.2387
97.2776,0.7288,3.1397
97.2778,0.6422,2.7667
97.2780,0.7304,3.1333
97.2782,0.8487,3.6461
97.2784,0.8011,3.4512
97.2786,0.6672,2.8742
97.2788,0.6843,2.9426
97.2790,0.6843,2.944
97.2792,0.6862,2.9536
97.2794,0.7047,3.0317
97.2796,0.6608,2.8442
97.2798,0.6179,2.6606
97.2800,0.6216,2.6779
97.2802,0.6191,2.6708
97.2804,0.6257,2.693
97.2806,0.6928,2.9806
97.2808,0.7034,3.026
97.2810,0.6752,2.9088
97.2812,0.6769,2.9079
97.2814,0.7552,3.2473
97.2816,0.7493,3.2206
97.2818,0.8124,3.4949
97.2820,0.6673,2.8774
97.2822,0.5971,2.5749
97.2824,0.6011,2.5944
97.2826,0.5378,2.3168
97.2828,0.5866,2.5282
97.2830,0.5269,2.2677
97.2832,0.5979,2.5756
97.2834,0.5612,2.422
97.2836,0.4915,2.1214
97.2838,0.5162,2.2269
97.2840,0.4977,2.1473
97.2842,0.5153,2.2218
97.2844,0.533,2.2993
97.2846,0.5133,2.2114
97.2848,0.5501,2.3733
97.2850,0.4932,2.1276
97.2852,0.4988,2.1509
97.2854,0.5487,2.366
97.2856,0.5657,2.4394
97.2858,0.5471,2.356
97.2860,0.5986,2.5775
97.2862,0.5991,2.582
97.2864,0.5726,2.4666
97.2866,0.6199,2.6669
97.2868,0.704,3.0243
97.2870,0.7578,3.2602
97.2872,0.7222,3.1055
97.2874,0.7425,3.1882
97.2876,0.7888,3.3854
97.2878,0.8329,3.5714
97.2880,0.9436,4.0404
97.2882,1.009,4.3207
97.2884,0.9803,4.2034
97.2886,0.9702,4.1602
97.2888,0.9841,4.2178
97.2890,0.987,4.2282
97.2892,0.9661,4.1446
97.2894,0.9191,3.9375
97.2896,0.9741,4.1732
97.2898,0.9632,4.1284
97.2900,0.9518,4.0853
97.2902,0.9451,4.0527
97.2904,0.9691,4.1536
97.2906,0.9303,3.9964
97.2908,0.8651,3.7167
97.2910,0.8524,3.6587
97.2912,0.8503,3.6511
97.2914,0.8427,3.622
97.2916,0.8259,3.5499
97.2918,0.8269,3.5507
97.2920,0.8165,3.5108
97.2922,0.8097,3.4835
97.2924,0.7581,3.2582
97.2926,0.7696,3.3061
97.2928,0.7985,3.4303
97.2930,0.7904,3.3989
97.2932,0.8003,3.438
97.2934,0.8714,3.74
97.2936,0.8614,3.7007
97.2938,0.8635,3.706
97.2940,0.8289,3.5661
97.2942,0.7897,3.3911
97.2944,0.8287,3.5568
97.2946,0.7527,3.2395
97.2948,0.6981,3.0019
97.2950,0.8038,3.4545
97.2952,0.8166,3.5097
97.2954,0.7918,3.403
97.2956,0.7655,3.2947
97.2958,0.7289,3.1373
97.2960,0.7137,3.0675
97.2962,0.7502,3.2362
97.2964,0.5957,2.5675
97.2966,0.6479,2.7871
97.2968,0.6876,2.9606
97.2970,0.6752,2.9075
97.2972,0.7125,3.0666
97.2974,0.6954,2.9914
97.2976,0.6798,2.9298
97.2978,0.6192,2.6713
97.2980,0.5578,2.4075
97.2982,0.5451,2.3505
97.2984,0.5645,2.4354
97.2986,0.5423,2.3375
97.2988,0.5882,2.535
97.2990,0.6338,2.7281
97.2992,0.6643,2.8645
97.2994,0.5627,2.4276
97.2996,0.5913,2.5484
97.2998,0.6299,2.7135
97.3000,0.6325,2.7262
97.3002,0.647,2.7887
97.3004,0.595,2.5668
97.3006,0.5013,2.1628
97.3008,0.5102,2.2021
97.3010,0.4923,2.125
97.3012,0.4866,2.0962
97.3014,0.5748,2.4753
97.3016,0.5878,2.5334
97.3018,0.5908,2.5463
97.3020,0.6017,2.5921
97.3022,0.5744,2.4767
97.3024,0.5588,2.4095
97.3026,0.5545,2.3897
97.3028,0.5832,2.5138
97.3030,0.6318,2.7243
97.3032,0.5675,2.4495
97.3034,0.4736,2.0461
97.3036,0.494,2.1312
97.3038,0.4977,2.1503
97.3040,0.4573,1.9729
97.3042,0.4537,1.9592
97.3044,0.4567,1.9722
97.3046,0.4561,1.9687
97.3048,0.454,1.9612
97.3050,0.456,1.97
97.3052,0.4546,1.961
97.3054,0.4548,1.963
97.3056,0.4561,1.9678
97.3058,0.5101,2.2005
97.3060,0.4575,1.9744
97.3062,0.4602,1.9844
97.3064,0.5292,2.2807
97.3066,0.5901,2.5397
97.3068,0.6193,2.6706
97.3070,0.5636,2.4313
97.3072,0.5408,2.3297
97.3074,0.5522,2.3788
97.3076,0.5535,2.3856
97.3078,0.5512,2.3747
97.3080,0.5795,2.4931
97.3082,0.6359,2.7394
97.3084,0.5925,2.5536
97.3086,0.5961,2.5667
97.3088,0.6421,2.7624
97.3090,0.6818,2.9304
97.3092,0.7287,3.1334
97.3094,0.712,3.0645
97.3096,0.5787,2.4953
97.3098,0.5332,2.2993
97.3100,0.5621,2.4217
97.3102,0.6229,2.6811
97.3104,0.6404,2.7564
97.3106,0.6358,2.7363
97.3108,0.6536,2.8106
97.3110,0.6452,2.7771
97.3112,0.6341,2.7291
97.3114,0.6281,2.7083
97.3116,0.5591,2.4088
97.3118,0.5328,2.2973
97.3120,0.5284,2.2786
97.3122,0.5278,2.2761
97.3124,0.5264,2.2709
97.3126,0.5093,2.1939
97.3128,0.5481,2.359
97.3130,0.6021,2.5925
97.3132,0.6089,2.6244
97.3134,0.531,2.2852
97.3136,0.5431,2.3428
97.3138,0.5024,2.1674
97.3140,0.4988,2.1509
97.3142,0.5045,2.1732
97.3144,0.5144,2.214
97.3146,0.5444,2.3463
97.3148,0.531,2.2895
97.3150,0.5208,2.2403
97.3152,0.6464,2.781
97.3154,0.6588,2.838
97.3156,0.5971,2.5773
97.3158,0.4605,1.9864
97.3160,0.4288,1.8507
97.3162,0.4057,1.7484
97.3164,0.448,1.9317
97.3166,0.4759,2.0531
97.3168,0.5551,2.3912
97.3170,0.6181,2.658
97.3172,0.6476,2.7861
97.3174,0.597,2.5708
97.3176,0.5924,2.5519
97.3178,0.5316,2.2931
97.3180,0.4787,2.0641
97.3182,0.4934,2.1257
97.3184,0.5304,2.288
97.3186,0.5186,2.2362
97.3188,0.548,2.3574
97.3190,0.63,2.709
97.3192,0.6763,2.9094
97.3194,0.7175,3.084
97.3196,0.7051,3.029
97.3198,0.7184,3.0833
97.3200,0.7722,3.3159
97.3202,0.7696,3.3015
97.3204,0.8294,3.5615
97.3206,0.8123,3.483
97.3208,0.8439,3.6221
97.3210,0.8347,3.5808
97.3212,0.905,3.8714
97.3214,0.9933,4.2475
97.3216,1.0122,4.3341
97.3218,1.0172,4.3515
97.3220,1.101,4.7057
97.3222,1.1161,4.777
97.3224,1.0747,4.5978
97.3226,1.098,4.6951
97.3228,1.095,4.6801
97.3230,1.1213,4.8035
97.3232,0.9851,4.2239
97.3234,0.9816,4.2031
97.3236,1.011,4.333
97.3238,0.9752,4.1779
97.3240,1.0029,4.2985
97.3242,0.9655,4.1401
97.3244,0.8896,3.8182
97.3246,0.8621,3.7021
97.3248,0.8391,3.5999
97.3250,0.8896,3.8182
97.3252,0.9229,3.9631
97.3254,0.8408,3.6087
97.3256,0.7984,3.4345
97.3258,0.7467,3.2077
97.3260,0.8073,3.4651
97.3262,0.8316,3.5758
97.3264,0.7775,3.3448
97.3266,0.7596,3.2664
97.3268,0.7824,3.3628
97.3270,0.7873,3.3808
97.3272,0.7824,3.3644
97.3274,0.7704,3.3128
97.3276,0.7848,3.3715
97.3278,0.7949,3.418
97.3280,0.7667,3.2999
97.3282,0.7632,3.2803
97.3284,0.8004,3.4369
97.3286,0.8089,3.4767
97.3288,0.8208,3.5277
97.3290,0.771,3.32
97.3292,0.6602,2.8416
97.3294,0.6888,2.9644
97.3296,0.7237,3.1161
97.3298,0.7031,3.0278
97.3300,0.6733,2.9005
97.3302,0.6264,2.6998
97.3304,0.6488,2.7913
97.3306,0.6422,2.7693
97.3308,0.5576,2.4054
97.3310,0.5575,2.4026
97.3312,0.5802,2.4985
97.3314,0.676,2.9084
97.3316,0.7265,3.1241
97.3318,0.7228,3.1124
97.3320,0.6252,2.6909
97.3322,0.6599,2.8414
97.3324,0.6522,2.8122
97.3326,0.5786,2.4948
97.3328,0.6114,2.6315
97.3330,0.6597,2.8435
97.3332,0.5949,2.5663
97.3334,0.5879,2.5316
97.3336,0.6373,2.7443
97.3338,0.625,2.6949
97.3340,0.5807,2.5017
97.3342,0.5871,2.528
97.3344,0.5924,2.5542
97.3346,0.6516,2.8031
97.3348,0.7364,3.1693
97.3350,0.6292,2.7117
97.3352,0.5811,2.5079
97.3354,0.5034,2.1706
97.3356,0.5461,2.3514
97.3358,0.5766,2.4888
97.3360,0.5039,2.1747
97.3362,0.5644,2.4326
97.3364,0.5426,2.3375
97.3366,0.5641,2.4299
97.3368,0.5829,2.5087
97.3370,0.6144,2.6444
97.3372,0.6674,2.8739
97.3374,0.637,2.7415
97.3376,0.6418,2.7621
97.3378,0.6322,2.7208
97.3380,0.6955,2.9947
97.3382,0.6343,2.7327
97.3384,0.5698,2.4559
97.3386,0.5696,2.4514
97.3388,0.6348,2.7296
97.3390,0.6644,2.861
97.3392,0.6645,2.8588
97.3394,0.6758,2.9046
97.3396,0.7491,3.218
97.3398,0.7975,3.4261
97.3400,0.8343,3.5826
97.3402,0.8249,3.5452
97.3404,0.7301,3.1381
97.3406,0.7377,3.1706
97.3408,0.7221,3.1079
97.3410,0.752,3.2319
97.3412,0.7577,3.2536
97.3414,0.8075,3.464
97.3416,0.8704,3.7341
97.3418,0.8758,3.7573
97.3420,0.8854,3.8055
97.3422,0.7846,3.3736
97.3424,0.7,3.0171
97.3426,0.624,2.6907
97.3428,0.6157,2.6501
97.3430,0.6162,2.6534
97.3432,0.6179,2.6631
97.3434,0.6271,2.7017
97.3436,0.653,2.808
97.3438,0.6994,3.0076
97.3440,0.7359,3.1643
97.3442,0.7449,3.203
97.3444,0.7434,3.2027
97.3446,0.7138,3.068
97.3448,0.7551,3.2498
97.3450,0.7244,3.1119
97.3452,0.7553,3.2478
97.3454,0.6705,2.8846
97.3456,0.6746,2.9022
97.3458,0.6166,2.6599
97.3460,0.5549,2.3929
97.3462,0.5696,2.4526
97.3464,0.597,2.5732
97.3466,0.5943,2.5637
97.3468,0.5242,2.2647
97.3470,0.454,1.9594
97.3472,0.4926,2.1221
97.3474,0.5414,2.3345
97.3476,0.501,2.1622
97.3478,0.5027,2.1695
97.3480,0.5293,2.2823
97.3482,0.5045,2.1742
97.3484,0.5121,2.2083
97.3486,0.5125,2.2088
97.3488,0.5732,2.4669
97.3490,0.6222,2.6767
97.3492,0.6545,2.8155
97.3494,0.6728,2.8998
97.3496,0.5589,2.4089
97.3498,0.5392,2.3252
97.3500,0.5323,2.2962
97.3502,0.5324,2.2946
97.3504,0.5094,2.1974
97.3506,0.4964,2.1376
97.3508,0.5494,2.3713
97.3510,0.4968,2.1441
97.3512,0.5039,2.1706
97.3514,0.6046,2.6033
97.3516,0.5932,2.559
97.3518,0.4952,2.1364
97.3520,0.4889,2.108
97.3522,0.4876,2.1023
97.3524,0.5124,2.2083
97.3526,0.5506,2.3699
97.3528,0.6112,2.633
97.3530,0.5895,2.5406
97.3532,0.5739,2.4712
97.3534,0.6546,2.8147
97.3536,0.7221,3.1036
97.3538,0.7362,3.1644
97.3540,0.7177,3.0831
97.3542,0.7559,3.2489
97.3544,0.8143,3.4934
97.3546,0.8481,3.6401
97.3548,0.9172,3.9292
97.3550,0.9889,4.2344
97.3552,0.9781,4.1882
97.3554,0.9806,4.2029
97.3556,0.967,4.1424
97.3558,0.9853,4.2171
97.3560,1.0005,4.2842
97.3562,1.0387,4.4454
97.3564,1.0933,4.6751
97.3566,1.0864,4.6454
97.3568,1.1015,4.7078
97.3570,1.1343,4.8482
97.3572,1.1389,4.8699
97.3574,1.1195,4.7958
97.3576,0.9837,4.2222
97.3578,0.9255,3.9684
97.3580,0.9697,4.1581
97.3582,0.9767,4.1801
97.3584,1.0143,4.3433
97.3586,1.0643,4.551
97.3588,1.1041,4.7301
97.3590,1.0216,4.3807
97.3592,0.9558,4.0946
97.3594,1.0644,4.5537
97.3596,1.1107,4.7606
97.3598,1.0221,4.3889
97.3600,0.8699,3.7355
97.3602,0.8575,3.682
97.3604,0.8638,3.7093
97.3606,0.8902,3.8261
97.3608,0.8692,3.7342
97.3610,0.859,3.687
97.3612,0.9273,3.9798
97.3614,0.9095,3.9073
97.3616,0.8341,3.5799
97.3618,0.8792,3.7787
97.3620,0.8213,3.5331
97.3622,0.7985,3.4366
97.3624,0.7488,3.223
97.3626,0.7174,3.0878
97.3628,0.6873,2.9582
97.3630,0.7377,3.175
97.3632,0.7473,3.2133
97.3634,0.7727,3.3226
97.3636,0.7251,3.1295
97.3638,0.6151,2.6512
97.3640,0.663,2.8588
97.3642,0.5997,2.5846
97.3644,0.5756,2.4807
97.3646,0.6148,2.6521
97.3648,0.5384,2.3237
97.3650,0.5077,2.1902
97.3652,0.5573,2.4077
97.3654,0.5034,2.1746
97.3656,0.4914,2.1218
97.3658,0.4862,2.1005
97.3660,0.4884,2.1089
97.3662,0.4969,2.1446
97.3664,0.4999,2.1546
97.3666,0.5534,2.3862
97.3668,0.52,2.2476
97.3670,0.4667,2.0198
97.3672,0.4087,1.7662
97.3674,0.4238,1.8298
97.3676,0.4518,1.9528
97.3678,0.4467,1.9296
97.3680,0.4439,1.915
97.3682,0.4547,1.9634
97.3684,0.4581,1.9788
97.3686,0.4445,1.9185
97.3688,0.4501,1.9455
97.3690,0.4606,1.9897
97.3692,0.4624,1.9965
97.3694,0.4577,1.9754
97.3696,0.456,1.9682
97.3698,0.46,1.9862
97.3700,0.4585,1.9799
97.3702,0.4607,1.9893
97.3704,0.4581,1.9779
97.3706,0.4511,1.9469
97.3708,0.4697,2.0262
97.3710,0.521,2.2487
97.3712,0.4817,2.0799
97.3714,0.4537,1.9601
97.3716,0.4474,1.9309
97.3718,0.45,1.9414
97.3720,0.4473,1.9313
97.3722,0.451,1.9473
97.3724,0.4712,2.032
97.3726,0.53,2.2854
97.3728,0.5441,2.3431
97.3730,0.5798,2.4976
97.3732,0.5645,2.4331
97.3734,0.5588,2.4072
97.3736,0.5618,2.4179
97.3738,0.6272,2.6997
97.3740,0.5874,2.5318
97.3742,0.5663,2.4398
97.3744,0.6254,2.6882
97.3746,0.7431,3.1893
97.3748,0.7582,3.2587
97.3750,0.7328,3.1524
97.3752,0.6648,2.8599
97.3754,0.6448,2.775
97.3756,0.6716,2.8906
97.3758,0.6439,2.774
97.3760,0.5545,2.3897
97.3762,0.5374,2.3163
97.3764,0.5377,2.3163
97.3766,0.5445,2.3414
97.3768,0.6781,2.9158
97.3770,0.6745,2.903
97.3772,0.6678,2.8714
97.3774,0.6507,2.8008
97.3776,0.6617,2.8465
97.3778,0.7179,3.0898
97.3780,0.6521,2.8052
97.3782,0.6466,2.7828
97.3784,0.6151,2.6475
97.3786,0.5937,2.5564
97.3788,0.6284,2.7048
97.3790,0.6898,2.9649
97.3792,0.7263,3.1274
97.3794,0.6408,2.7567
97.3796,0.6776,2.9164
97.3798,0.6703,2.8809
97.3800,0.6892,2.961
97.3802,0.6932,2.9794
97.3804,0.666,2.869
97.3806,0.6053,2.6089
97.3808,0.5987,2.578
97.3810,0.5563,2.3953
97.3812,0.57,2.4581
97.3814,0.5144,2.2161
97.3816,0.5395,2.3251
97.3818,0.5105,2.198
97.3820,0.5601,2.4151
97.3822,0.5402,2.3293
97.3824,0.5161,2.2295
97.3826,0.4172,1.8005
97.3828,0.4024,1.7376
97.3830,0.4101,1.7683
97.3832,0.5143,2.2145
97.3834,0.5477,2.363
97.3836,0.4901,2.1132
97.3838,0.4898,2.1102
97.3840,0.5275,2.2713
97.3842,0.5638,2.4323
97.3844,0.4964,2.1406
97.3846,0.4873,2.1003
97.3848,0.523,2.2543
97.3850,0.5578,2.4053
97.3852,0.5019,2.1634
97.3854,0.4871,2.0983
97.3856,0.5141,2.2135
97.3858,0.5572,2.3983
97.3860,0.6132,2.6393
97.3862,0.582,2.5051
97.3864,0.5732,2.4669
97.3866,0.6572,2.8261
97.3868,0.7113,3.0529
97.3870,0.7643,3.2819
97.3872,0.794,3.408
97.3874,0.8186,3.5135
97.3876,0.8183,3.5087
97.3878,0.8524,3.6552
97.3880,0.9072,3.892
97.3882,0.8611,3.6837
97.3884,1.048,4.4813
97.3886,1.101,4.7035
97.3888,1.1113,4.7476
97.3890,1.1336,4.8451
97.3892,1.1256,4.8175
97.3894,1.0303,4.4157
97.3896,0.916,3.9314
97.3898,0.8594,3.6868
97.3900,0.9229,3.9576
97.3902,0.9048,3.8781
97.3904,0.9084,3.8935
97.3906,0.921,3.9512
97.3908,0.88,3.7805
97.3910,0.8186,3.5103
97.3912,0.8592,3.6892
97.3914,0.8409,3.6126
97.3916,0.8187,3.5157
97.3918,0.8205,3.5218
97.3920,0.8119,3.4847
97.3922,0.8528,3.6619
97.3924,0.8942,3.8378
97.3926,0.921,3.9549
97.3928,0.7657,3.2912
97.3930,0.7762,3.3329
97.3932,0.8322,3.5733
97.3934,0.8776,3.7667
97.3936,0.8715,3.7387
97.3938,0.8714,3.7435
97.3940,0.8174,3.5116
97.3942,0.8282,3.558
97.3944,0.8415,3.6118
97.3946,0.8484,3.6429
97.3948,0.8117,3.4885
97.3950,0.7951,3.4174
97.3952,0.8193,3.5215
97.3954,0.8093,3.4799
97.3956,0.752,3.2334
97.3958,0.785,3.3757
97.3960,0.742,3.1951
97.3962,0.6493,2.7972
97.3964,0.6151,2.65
97.3966,0.5925,2.5536
97.3968,0.6361,2.7404
97.3970,0.6199,2.6719
97.3972,0.5914,2.5465
97.3974,0.6343,2.7301
97.3976,0.6482,2.7913
97.3978,0.6637,2.8566
97.3980,0.6692,2.8803
97.3982,0.6533,2.8156
97.3984,0.5838,2.5152
97.3986,0.6308,2.7164
97.3988,0.6776,2.9178
97.3990,0.6841,2.9443
97.3992,0.6981,3.0033
97.3994,0.7264,3.1221
97.3996,0.7378,3.1726
97.3998,0.7265,3.127
97.4000,0.7159,3.0825
97.4002,0.7119,3.0626
97.4004,0.7343,3.1576
97.4006,0.7002,3.0149
97.4008,0.672,2.8908
97.4010,0.6732,2.8973
97.4012,0.6388,2.7556
97.4014,0.5873,2.5313
97.4016,0.6256,2.6974
97.4018,0.6342,2.7296
97.4020,0.6894,2.9656
97.4022,0.6847,2.9496
97.4024,0.6305,2.7161
97.4026,0.6211,2.6758
97.4028,0.6571,2.8308
97.4030,0.5873,2.5313
97.4032,0.5497,2.3713
97.4034,0.5396,2.3289
97.4036,0.5326,2.2967
97.4038,0.5348,2.306
97.4040,0.5364,2.3128
97.4042,0.5353,2.307
97.4044,0.6421,2.7611
97.4046,0.6696,2.8832
97.4048,0.5801,2.5015
97.4050,0.5384,2.3205
97.4052,0.5726,2.4701
97.4054,0.5318,2.2942
97.4056,0.5385,2.3199
97.4058,0.6238,2.6835
97.4060,0.6583,2.8347
97.4062,0.6402,2.7554
97.4064,0.6379,2.7456
97.4066,0.6383,2.751
97.4068,0.6424,2.7673
97.4070,0.6536,2.8119
97.4072,0.7042,3.0282
97.4074,0.7136,3.0641
97.4076,0.7491,3.218
97.4078,0.7505,3.2242
97.4080,0.7573,3.2611
97.4082,0.6456,2.7786
97.4084,0.619,2.6665
97.4086,0.6118,2.638
97.4088,0.6076,2.6162
97.4090,0.6035,2.5975
97.4092,0.6125,2.6374
97.4094,0.6099,2.6261
97.4096,0.6222,2.6792
97.4098,0.6234,2.6856
97.4100,0.6203,2.671
97.4102,0.665,2.8622
97.4104,0.7174,3.082
97.4106,0.7461,3.2111
97.4108,0.7304,3.1406
97.4110,0.7299,3.1356
97.4112,0.7509,3.2303
97.4114,0.6667,2.8695
97.4116,0.6638,2.8597
97.4118,0.619,2.669
97.4120,0.5382,2.3194
97.4122,0.5245,2.2637
97.4124,0.5419,2.3355
97.4126,0.5876,2.53
97.4128,0.5793,2.4967
97.4130,0.5762,2.4833
97.4132,0.603,2.599
97.4134,0.6091,2.6254
97.4136,0.5738,2.4706
97.4138,0.5794,2.4972
97.4140,0.6256,2.6924
97.4142,0.6599,2.8387
97.4144,0.6498,2.7967
97.4146,0.6138,2.6431
97.4148,0.5855,2.5259
97.4150,0.5256,2.2641
97.4152,0.5482,2.3618
97.4154,0.5793,2.499
97.4156,0.4759,2.0522
97.4158,0.5567,2.3973
97.4160,0.5541,2.3882
97.4162,0.504,2.1742
97.4164,0.5402,2.3304
97.4166,0.5332,2.2993
97.4168,0.5107,2.2021
97.4170,0.5115,2.2057
97.4172,0.5944,2.5594
97.4174,0.5925,2.5512
97.4176,0.569,2.45
97.4178,0.6021,2.5889
97.4180,0.6705,2.886
97.4182,0.6161,2.6529
97.4184,0.6095,2.6269
97.4186,0.6059,2.6102
97.4188,0.6223,2.6785
97.4190,0.6445,2.7714
97.4192,0.6567,2.8266
97.4194,0.6443,2.7742
97.4196,0.6344,2.7281
97.4198,0.7008,3.0146
97.4200,0.7125,3.0623
97.4202,0.7907,3.392
97.4204,0.866,3.7116
97.4206,0.8894,3.819
97.4208,0.8678,3.7245
97.4210,0.8641,3.7051
97.4212,0.901,3.8635
97.4214,0.9057,3.8872
97.4216,0.9154,3.9252
97.4218,0.9727,4.1671
97.4220,0.9735,4.1726
97.4222,0.9601,4.1151
97.4224,0.9582,4.103
97.4226,1.0042,4.2982
97.4228,0.9677,4.1494
97.4230,0.9678,4.146
97.4232,0.9943,4.2615
97.4234,0.9474,4.0625
97.4236,0.9436,4.0498
97.4238,0.9148,3.9244
97.4240,0.913,3.9131
97.4242,0.8944,3.8334
97.4244,0.9281,3.9778
97.4246,0.9358,4.0182
97.4248,0.8776,3.772
97.4250,0.8229,3.5337
97.4252,0.8691,3.7302
97.4254,0.8948,3.8385
97.4256,0.9333,4.0074
97.4258,0.8831,3.7922
97.4260,0.8431,3.6185
97.4262,0.8552,3.6739
97.4264,0.8946,3.8434
97.4266,0.9052,3.8833
97.4268,0.9279,3.9842
97.4270,0.8488,3.6466
97.4272,0.8029,3.4477
97.4274,0.8169,3.5145
97.4276,0.7852,3.3746
97.4278,0.7948,3.4238
97.4280,0.6795,2.9247
97.4282,0.7247,3.1207
97.4284,0.7472,3.2143
97.4286,0.6832,2.9393
97.4288,0.6704,2.8868
97.4290,0.7005,3.0192
97.4292,0.6053,2.6125
97.4294,0.5226,2.2564
97.4296,0.4964,2.1436
97.4298,0.5197,2.243
97.4300,0.5347,2.3066
97.4302,0.4988,2.1539
97.4304,0.4525,1.9541
97.4306,0.5194,2.2399
97.4308,0.5772,2.4879
97.4310,0.5934,2.5553
97.4312,0.6462,2.7838
97.4314,0.6292,2.7142
97.4316,0.5263,2.2714
97.4318,0.5045,2.1742
97.4320,0.5488,2.3676
97.4322,0.4993,2.156
97.4324,0.4935,2.1301
97.4326,0.5245,2.2595
97.4328,0.6162,2.6559
97.4330,0.6319,2.7249
97.4332,0.5537,2.3888
97.4334,0.5078,2.1907
97.4336,0.4834,2.0871
97.4338,0.4721,2.0385
97.4340,0.4882,2.1049
97.4342,0.4888,2.1075
97.4344,0.4834,2.0871
97.4346,0.5124,2.2094
97.4348,0.5766,2.4842
97.4350,0.5699,2.4575
97.4352,0.5043,2.1767
97.4354,0.4944,2.1338
97.4356,0.4975,2.1462
97.4358,0.4969,2.1417
97.4360,0.5047,2.1773
97.4362,0.5142,2.2161
97.4364,0.5789,2.4952
97.4366,0.5282,2.2776
97.4368,0.4961,2.143
97.4370,0.4242,1.8327
97.4372,0.422,1.8203
97.4374,0.5045,2.1772
97.4376,0.4891,2.11
97.4378,0.5401,2.3266
97.4380,0.5979,2.5768
97.4382,0.5894,2.5401
97.4384,0.6111,2.6312
97.4386,0.5891,2.5367
97.4388,0.5951,2.5602
97.4390,0.6181,2.6592
97.4392,0.6522,2.8096
97.4394,0.5912,2.5467
97.4396,0.572,2.464
97.4398,0.5806,2.5047
97.4400,0.5654,2.4368
97.4402,0.5684,2.4474
97.4404,0.5775,2.4866
97.4406,0.6209,2.6711
97.4408,0.6548,2.8144
97.4410,0.7093,3.047
97.4412,0.7674,3.2968
97.4414,0.7597,3.2639
97.4416,0.8033,3.4557
97.4418,0.7102,3.054
97.4420,0.7013,3.0172
97.4422,0.6612,2.8457
97.4424,0.6061,2.61
97.4426,0.6177,2.6621
97.4428,0.6246,2.6871
97.4430,0.6823,2.9338
97.4432,0.6991,3.0102
97.4434,0.6421,2.7649
97.4436,0.6629,2.8516
97.4438,0.7058,3.0321
97.4440,0.7205,3.094
97.4442,0.781,3.355
97.4444,0.7777,3.3411
97.4446,0.7336,3.1589
97.4448,0.6041,2.6049
97.4450,0.5778,2.4905
97.4452,0.5649,2.4381
97.4454,0.4769,2.0582
97.4456,0.4704,2.0293
97.4458,0.4717,2.036
97.4460,0.4905,2.1133
97.4462,0.5218,2.2512
97.4464,0.4661,2.0116
97.4466,0.4621,1.9936
97.4468,0.4638,2.0009
97.4470,0.4635,1.9993
97.4472,0.4637,2.0013
97.4474,0.4615,1.9892
97.4476,0.5005,2.1542
97.4478,0.532,2.2952
97.4480,0.4644,2.0053
97.4482,0.4535,1.9564
97.4484,0.4796,2.0672
97.4486,0.5126,2.2114
97.4488,0.4981,2.1488
97.4490,0.4971,2.1427
97.4492,0.5131,2.2104
97.4494,0.5786,2.4913
97.4496,0.5636,2.4279
97.4498,0.6118,2.6319
97.4500,0.6729,2.8976
97.4502,0.6125,2.635
97.4504,0.6288,2.7064
97.4506,0.6148,2.6485
97.4508,0.6024,2.594
97.4510,0.6165,2.6495
97.4512,0.6698,2.8815
97.4514,0.6207,2.67
97.4516,0.5975,2.5777
97.4518,0.5082,2.1913
97.4520,0.4969,2.1397
97.4522,0.5326,2.2946
97.4524,0.5602,2.4134
97.4526,0.5696,2.4503
97.4528,0.6181,2.6617
97.4530,0.5794,2.4926
97.4532,0.6565,2.8282
97.4534,0.6702,2.8791
97.4536,0.751,3.2263
97.4538,0.7196,3.0927
97.4540,0.7442,3.1954
97.4542,0.7997,3.4306
97.4544,0.8442,3.6198
97.4546,0.9442,4.0391
97.4548,1.013,4.3397
97.4550,0.9611,4.123
97.4552,0.9021,3.8681
97.4554,0.9017,3.8648
97.4556,0.9198,3.9405
97.4558,0.9577,4.1048
97.4560,0.9762,4.1781
97.4562,0.9801,4.1989
97.4564,0.9743,4.1699
97.4566,1.0421,4.4624
97.4568,1.0306,4.4111
97.4570,1.0528,4.5165
97.4572,0.9364,4.0152
97.4574,0.9547,4.0957
97.4576,0.9179,3.9323
97.4578,1.0131,4.3361
97.4580,1.0286,4.4085
97.4582,0.9318,3.9938
97.4584,0.924,3.9641
97.4586,0.9116,3.9142
97.4588,0.8515,3.6545
97.4590,0.7961,3.42
97.4592,0.8,3.4338
97.4594,0.8601,3.695
97.4596,0.8825,3.7878
97.4598,0.8833,3.7892
97.4600,0.8937,3.8393
97.4602,0.8458,3.6303
97.4604,0.9108,3.9056
97.4606,0.9145,3.9234
97.4608,0.9715,4.1619
97.4610,1.0128,4.3326
97.4612,1.0366,4.4471
97.4614,0.9998,4.2872
97.4616,0.9448,4.0587
97.4618,0.8211,3.5293
97.4620,0.7782,3.3448
97.4622,0.7695,3.3071
97.4624,0.8229,3.5386
97.4626,0.7615,3.2762
97.4628,0.7368,3.1729
97.4630,0.7331,3.1524
97.4632,0.7517,3.2324
97.4634,0.7022,3.0264
97.4636,0.6519,2.806
97.4638,0.6566,2.8261
97.4640,0.6727,2.8926
97.4642,0.778,3.3406
97.4644,0.8963,3.8488
97.4646,0.8857,3.8048
97.4648,0.8486,3.649
97.4650,0.8649,3.7156
97.4652,0.8738,3.7485
97.4654,0.8821,3.7893
97.4656,0.8478,3.6522
97.4658,0.6891,2.9674
97.4660,0.6618,2.8496
97.4662,0.6794,2.9255
97.4664,0.6782,2.9204
97.4666,0.6113,2.6359
97.4668,0.6083,2.6218
97.4670,0.6154,2.6535
97.4672,0.583,2.5151
97.4674,0.5723,2.469
97.4676,0.5901,2.5397
97.4678,0.7247,3.1149
97.4680,0.6973,3.0039
97.4682,0.616,2.6524
97.4684,0.6226,2.6845
97.4686,0.5601,2.4163
97.4688,0.4925,2.1275
97.4690,0.4811,2.0783
97.4692,0.5138,2.2156
97.4694,0.5294,2.2849
97.4696,0.5227,2.2559
97.4698,0.5258,2.2673
97.4700,0.5278,2.2761
97.4702,0.529,2.2802
97.4704,0.5184,2.2352
97.4706,0.5247,2.2637
97.4708,0.5419,2.3376
97.4710,0.5816,2.5019
97.4712,0.6945,2.9892
97.4714,0.6896,2.9708
97.4716,0.5843,2.5184
97.4718,0.5451,2.3505
97.4720,0.5603,2.4139
97.4722,0.6147,2.6479
97.4724,0.6294,2.7102
97.4726,0.6326,2.7229
97.4728,0.6957,2.993
97.4730,0.7168,3.0866
97.4732,0.6666,2.8689
97.4734,0.6247,2.6913
97.4736,0.6343,2.7314
97.4738,0.6913,2.9711
97.4740,0.749,3.225
97.4742,0.7132,3.0669
97.4744,0.7707,3.3138
97.4746,0.68,2.9281
97.4748,0.6132,2.6405
97.4750,0.6076,2.6162
97.4752,0.6023,2.5947
97.4754,0.6029,2.5973
97.4756,0.6383,2.7484
97.4758,0.6336,2.7296
97.4760,0.6145,2.6462
97.4762,0.6127,2.6384
97.4764,0.688,2.9544
97.4766,0.7838,3.3705
97.4768,0.6997,3.01
97.4770,0.7151,3.0765
97.4772,0.7508,3.2312
97.4774,0.7478,3.2109
97.4776,0.7984,3.4313
97.4778,0.807,3.4701
97.4780,0.7444,3.2039
97.4782,0.7145,3.0725
97.4784,0.6765,2.9145
97.4786,0.6651,2.8641
97.4788,0.6711,2.8886
97.4790,0.6687,2.8782
97.4792,0.674,2.9009
97.4794,0.6877,2.9598
97.4796,0.6975,3.0007
97.4798,0.6872,2.9563
97.4800,0.6732,2.8987
97.4802,0.6615,2.8459
97.4804,0.7455,3.2041
97.4806,0.7951,3.419
97.4808,0.7457,3.2036
97.4810,0.8017,3.4458
97.4812,0.8611,3.6957
97.4814,0.8534,3.6594
97.4816,0.8889,3.8169
97.4818,0.8072,3.4727
97.4820,0.7028,3.0262
97.4822,0.6877,2.9625
97.4824,0.6632,2.8571
97.4826,0.6205,2.6757
97.4828,0.591,2.545
97.4830,0.6207,2.6725
97.4832,0.6035,2.5999
97.4834,0.5741,2.4756
97.4836,0.4928,2.127
97.4838,0.4865,2.1016
97.4840,0.4823,2.0825
97.4842,0.4873,2.1003
97.4844,0.58,2.4986
97.4846,0.5784,2.4966
97.4848,0.4925,2.1235
97.4850,0.489,2.1085
97.4852,0.4867,2.1006
97.4854,0.4846,2.0904
97.4856,0.5194,2.2388
97.4858,0.5619,2.4229
97.4860,0.5781,2.4904
97.4862,0.601,2.589
97.4864,0.5806,2.4966
97.4866,0.6577,2.8281
97.4868,0.7313,3.1447
97.4870,0.7371,3.1709
97.4872,0.7201,3.0934
97.4874,0.765,3.2911
97.4876,0.7832,3.3633
97.4878,0.8108,3.4801
97.4880,0.8896,3.8093
97.4882,0.9781,4.1941
97.4884,0.9169,3.93
97.4886,0.9434,4.0493
97.4888,0.9425,4.0452
97.4890,0.9595,4.1144
97.4892,0.9511,4.0784
97.4894,0.9486,4.0695
97.4896,0.9551,4.0935
97.4898,0.981,4.2045
97.4900,0.9672,4.1434
97.4902,0.9741,4.1732
97.4904,0.9974,4.2789
97.4906,0.9739,4.1742
97.4908,0.957,4.1036
97.4910,0.9363,4.0259
97.4912,0.7967,3.4273
97.4914,0.7645,3.2875
97.4916,0.7617,3.2736
97.4918,0.7593,3.2648
97.4920,0.7547,3.2453
97.4922,0.7438,3.2028
97.4924,0.6755,2.9058
97.4926,0.7581,3.2567
97.4928,0.8041,3.4529
97.4930,0.8189,3.5195
97.4932,0.8288,3.5639
97.4934,0.7992,3.4334
97.4936,0.8189,3.5195
97.4938,0.8328,3.5792
97.4940,0.869,3.7332
97.4942,0.7722,3.319
97.4944,0.7655,3.2932
97.4946,0.7221,3.1108
97.4948,0.6892,2.9665
97.4950,0.6621,2.8538
97.4952,0.6349,2.7352
97.4954,0.6849,2.952
97.4956,0.6617,2.8531
97.4958,0.6264,2.6973
97.4960,0.6148,2.6521
97.4962,0.5594,2.4109
97.4964,0.6141,2.6441
97.4966,0.7127,3.0705
97.4968,0.701,3.0241
97.4970,0.5724,2.4673
97.4972,0.537,2.3196
97.4974,0.4998,2.1561
97.4976,0.5677,2.4443
97.4978,0.6292,2.7079
97.4980,0.7233,3.1116
97.4982,0.718,3.0903
97.4984,0.6759,2.9106
97.4986,0.7359,3.1672
97.4988,0.7278,3.1356
97.4990,0.647,2.7874
97.4992,0.6132,2.6442
97.4994,0.6398,2.7564
97.4996,0.6679,2.8733
97.4998,0.6789,2.9248
97.5000,0.6201,2.6749
97.5002,0.5168,2.2326
97.5004,0.4908,2.1182
97.5006,0.5072,2.1881
97.5008,0.5178,2.2326
97.5010,0.634,2.726
97.5012,0.709,3.0516
97.5014,0.6388,2.7518
97.5016,0.5662,2.4404
97.5018,0.5292,2.2849
97.5020,0.5069,2.1886
97.5022,0.4682,2.0209
97.5024,0.4559,1.9676
97.5026,0.4577,1.9772
97.5028,0.4601,1.9858
97.5030,0.4492,1.9378
97.5032,0.4971,2.1437
97.5034,0.5266,2.2751
97.5036,0.4636,2.0026
97.5038,0.4513,1.948
97.5040,0.4518,1.9501
97.5042,0.4509,1.9477
97.5044,0.447,1.9293
97.5046,0.4973,2.1472
97.5048,0.4859,2.0961
97.5050,0.456,1.9672
97.5052,0.4578,1.975
97.5054,0.5404,2.3303
97.5056,0.5578,2.4031
97.5058,0.58,2.4986
97.5060,0.5571,2.4
97.5062,0.5531,2.3851
97.5064,0.553,2.3835
97.5066,0.5534,2.3829
97.5068,0.5603,2.4139
97.5070,0.6148,2.646
97.5072,0.6852,2.9462
97.5074,0.7091,3.0493
97.5076,0.7145,3.074
97.5078,0.7163,3.0817
97.5080,0.6523,2.8114
97.5082,0.5597,2.4125
97.5084,0.5401,2.3299
97.5086,0.5431,2.3374
97.5088,0.5834,2.5154
97.5090,0.5358,2.3112
97.5092,0.5287,2.2807
97.5094,0.5302,2.2843
97.5096,0.5312,2.2905
97.5098,0.5388,2.3231
97.5100,0.5289,2.2796
97.5102,0.5323,2.2909
97.5104,0.598,2.5749
97.5106,0.6402,2.7554
97.5108,0.6656,2.8622
97.5110,0.6469,2.7856
97.5112,0.6223,2.6748
97.5114,0.7085,3.0552
97.5116,0.5244,2.2611
97.5118,0.4864,2.0962
97.5120,0.4842,2.0888
97.5122,0.4824,2.082
97.5124,0.4704,2.0284
97.5126,0.4717,2.035
97.5128,0.4561,1.9678
97.5130,0.4938,2.1272
97.5132,0.5512,2.3758
97.5134,0.497,2.1432
97.5136,0.4983,2.1479
97.5138,0.5353,2.307
97.5140,0.5053,2.1788
97.5142,0.5066,2.1845
97.5144,0.5531,2.3818
97.5146,0.6205,2.6708
97.5148,0.5505,2.3738
97.5150,0.5029,2.1685
97.5152,0.5012,2.1593
97.5154,0.4971,2.1457
97.5156,0.4408,1.9042
97.5158,0.4082,1.7609
97.5160,0.5208,2.2414
97.5162,0.5573,2.4021
97.5164,0.4895,2.1106
97.5166,0.5103,2.1965
97.5168,0.6117,2.6289
97.5170,0.6225,2.6803
97.5172,0.5524,2.3832
97.5174,0.5095,2.1949
97.5176,0.5342,2.3024
97.5178,0.498,2.1463
97.5180,0.5284,2.2755
97.5182,0.5856,2.5218
97.5184,0.5836,2.5095
97.5186,0.6141,2.6417
97.5188,0.6778,2.9161
97.5190,0.6662,2.8621
97.5192,0.6927,2.9759
97.5194,0.7545,3.2382
97.5196,0.8066,3.4637
97.5198,0.8137,3.4908
97.5200,0.8167,3.5004
97.5202,0.861,3.69
97.5204,0.853,3.6612
97.5206,0.8281,3.5592
97.5208,0.8189,3.5129
97.5210,0.8584,3.6775
97.5212,0.9382,4.0248
97.5214,0.8997,3.8524
97.5216,0.942,4.0337
97.5218,0.9884,4.2245
97.5220,1.1189,4.7798
97.5222,1.1179,4.7802
97.5224,1.1245,4.8084
97.5226,1.1467,4.901
97.5228,1.1249,4.8122
97.5230,1.0313,4.4162
97.5232,0.9654,4.1415
97.5234,0.9342,4.0003
97.5236,1.001,4.2823
97.5238,1.0703,4.5809
97.5240,1.1052,4.7281
97.5242,1.0756,4.5992
97.5244,1.106,4.7317
97.5246,1.1052,4.7325
97.5248,1.0734,4.59
97.5250,1.1206,4.7937
97.5252,1.0763,4.6131
97.5254,0.9797,4.2047
97.5256,0.8841,3.7981
97.5258,0.8282,3.558
97.5260,0.8121,3.4922
97.5262,0.7928,3.4108
97.5264,0.742,3.1891
97.5266,0.7765,3.3375
97.5268,0.7919,3.4051
97.5270,0.7775,3.3432
97.5272,0.7661,3.2927
97.5274,0.7907,3.3936
97.5276,0.886,3.7957
97.5278,0.9433,4.0507
97.5280,0.8919,3.8333
97.5282,0.8397,3.6091
97.5284,0.7823,3.3685
97.5286,0.6765,2.9131
97.5288,0.7139,3.0714
97.5290,0.7243,3.1143
97.5292,0.7365,3.1713
97.5294,0.6892,2.9679
97.5296,0.671,2.8867
97.5298,0.6825,2.9362
97.5300,0.7015,3.0177
97.5302,0.7367,3.1694
97.5304,0.7418,3.1911
97.5306,0.7528,3.237
97.5308,0.7487,3.2195
97.5310,0.7527,3.2395
97.5312,0.7311,3.1481
97.5314,0.7342,3.16
97.5316,0.7167,3.0847
97.5318,0.7404,3.1869
97.5320,0.7566,3.2565
97.5322,0.74,3.1833
97.5324,0.6927,2.9842
97.5326,0.581,2.5063
97.5328,0.5746,2.48
97.5330,0.586,2.5256
97.5332,0.5982,2.576
97.5334,0.5855,2.5283
97.5336,0.4911,2.1208
97.5338,0.4826,2.0821
97.5340,0.5379,2.3184
97.5342,0.6281,2.6995
97.5344,0.7901,3.3989
97.5346,0.7006,3.0183
97.5348,0.663,2.8574
97.5350,0.6382,2.7492
97.5352,0.6329,2.7265
97.5354,0.6277,2.7055
97.5356,0.6268,2.7001
97.5358,0.63,2.7128
97.5360,0.6299,2.7123
97.5362,0.6475,2.7882
97.5364,0.6555,2.8254
97.5366,0.6307,2.7197
97.5368,0.6541,2.8166
97.5370,0.6573,2.8279
97.5372,0.6994,3.0076
97.5374,0.7595,3.2644
97.5376,0.8177,3.5143
97.5378,0.8264,3.5519
97.5380,0.7747,3.3314
97.5382,0.7611,3.2741
97.5384,0.7273,3.1286
97.5386,0.7376,3.1715
97.5388,0.7404,3.1824
97.5390,0.7424,3.1921
97.5392,0.7491,3.218
97.5394,0.8044,3.4555
97.5396,0.8211,3.5276
97.5398,0.8216,3.5297
97.5400,0.8361,3.592
97.5402,0.8511,3.6564
97.5404,0.8675,3.72
97.5406,0.9032,3.8745
97.5408,0.8765,3.7586
97.5410,0.9466,4.0589
97.5412,0.9735,4.1804
97.5414,0.9167,3.9345
97.5416,0.9428,4.0448
97.5418,0.9702,4.1524
97.5420,1.0387,4.4517
97.5422,1.0582,4.5397
97.5424,0.9576,4.11
97.5426,0.8755,3.7575
97.5428,0.8674,3.7299
97.5430,0.8734,3.7522
97.5432,0.8904,3.8236
97.5434,0.8978,3.8532
97.5436,0.9285,3.9849
97.5438,0.9367,4.0205
97.5440,0.9303,3.9889
97.5442,0.9632,4.1323
97.5444,0.9955,4.2687
97.5446,1.022,4.3823
97.5448,1.0034,4.2986
97.5450,1.0405,4.4594
97.5452,1.0186,4.3699
97.5454,1.0094,4.3303
97.5456,1.0183,4.3684
97.5458,0.9059,3.8973
97.5460,0.7673,3.3025
97.5462,0.7686,3.3128
97.5464,0.7454,3.205
97.5466,0.8219,3.5307
97.5468,0.837,3.6023
97.5470,0.7781,3.3458
97.5472,0.8014,3.4506
97.5474,0.679,2.9253
97.5476,0.6943,2.9882
97.5478,0.7884,3.3933
97.5480,0.7434,3.2027
97.5482,0.6745,2.9084
97.5484,0.6174,2.6648
97.5486,0.5404,2.3336
97.5488,0.4684,2.0252
97.5490,0.4269,1.8441
97.5492,0.5027,2.1705
97.5494,0.5221,2.2554
97.5496,0.5559,2.3993
97.5498,0.5212,2.2497
97.5500,0.5057,2.1814
97.5502,0.5021,2.1669
97.5504,0.5019,2.1674
97.5506,0.512,2.2098
97.5508,0.5786,2.4913
97.5510,0.6589,2.8425
97.5512,0.6248,2.6931
97.5514,0.6451,2.7804
97.5516,0.5944,2.5642
97.5518,0.5188,2.2393
97.5520,0.5078,2.1917
97.5522,0.5129,2.2135
97.5524,0.5305,2.2885
97.5526,0.5603,2.4162
97.5528,0.6184,2.6627
97.5530,0.6329,2.729
97.5532,0.6084,2.6235
97.5534,0.6396,2.7503
97.5536,0.721,3.1018
97.5538,0.7496,3.2246
97.5540,0.7491,3.2195
97.5542,0.7751,3.3298
97.5544,0.8033,3.4509
97.5546,0.8919,3.8262
97.5548,0.981,4.2025
97.5550,0.9829,4.2166
97.5552,0.9919,4.2532
97.5554,0.978,4.1916
97.5556,0.9668,4.1438
97.5558,0.9847,4.2263
97.5560,0.9587,4.1166
97.5562,0.9472,4.0633
97.5564,0.9756,4.1833
97.5566,0.9776,4.1901
97.5568,1.0008,4.2813
97.5570,1.1207,4.792
97.5572,1.1558,4.9492
97.5574,1.128,4.83
97.5576,1.1077,4.7411
97.5578,1.1186,4.7855
97.5580,1.2071,5.1665
97.5582,1.1516,4.9404
97.5584,0.9887,4.2393
97.5586,0.9723,4.1772
97.5588,0.9545,4.1004
97.5590,0.9655,4.144
97.5592,1.0203,4.3751
97.5594,1.0353,4.4435
97.5596,0.9797,4.2027
97.5598,1.0333,4.4224
97.5600,1.0797,4.6253
97.5602,1.0047,4.3243
97.5604,0.8485,3.6519
97.5606,0.8434,3.6234
97.5608,0.8943,3.8401
97.5610,0.937,4.0252
97.5612,0.9204,3.9597
97.5614,0.7536,3.2481
97.5616,0.6581,2.8376
97.5618,0.6462,2.7877
97.5620,0.6915,2.9777
97.5622,0.7505,3.2302
97.5624,0.7252,3.1242
97.5626,0.713,3.0715
97.5628,0.6655,2.8656
97.5630,0.7076,3.0469
97.5632,0.7253,3.1233
97.5634,0.7758,3.3344
97.5636,0.8096,3.4895
97.5638,0.7269,3.1314
97.5640,0.7644,3.2916
97.5642,0.7761,3.3401
97.5644,0.7822,3.3633
97.5646,0.7973,3.4251
97.5648,0.8565,3.6813
97.5650,0.8912,3.8356
97.5652,0.7973,3.4251
97.5654,0.8259,3.5581
97.5656,0.7484,3.2254
97.5658,0.7312,3.1471
97.5660,0.7715,3.3221
97.5662,0.7861,3.3866
97.5664,0.6865,2.9587
97.5666,0.6466,2.7879
97.5668,0.6407,2.7652
97.5670,0.6165,2.6581
97.5672,0.6181,2.6617
97.5674,0.6476,2.7913
97.5676,0.7021,3.0203
97.5678,0.7859,3.3856
97.5680,0.6577,2.8347
97.5682,0.6052,2.6095
97.5684,0.633,2.7282
97.5686,0.6504,2.8058
97.5688,0.6113,2.6371
97.5690,0.6114,2.6389
97.5692,0.5421,2.3419
97.5694,0.5137,2.2181
97.5696,0.5133,2.2155
97.5698,0.5571,2.4011
97.5700,0.6129,2.6475
97.5702,0.5656,2.4412
97.5704,0.563,2.4287
97.5706,0.5638,2.4345
97.5708,0.5683,2.4514
97.5710,0.6284,2.7086
97.5712,0.6304,2.7169
97.5714,0.5745,2.4783
97.5716,0.5716,2.4648
97.5718,0.6408,2.7593
97.5720,0.6681,2.8783
97.5722,0.6716,2.8947
97.5724,0.6642,2.86
97.5726,0.6756,2.909
97.5728,0.6765,2.9131
97.5730,0.6775,2.9173
97.5732,0.6904,2.9772
97.5734,0.6728,2.8971
97.5736,0.6914,2.9744
97.5738,0.7957,3.4152
97.5740,0.9213,3.9559
97.5742,0.8795,3.775
97.5744,0.8606,3.7005
97.5746,0.8275,3.5599
97.5748,0.7834,3.3732
97.5750,0.7039,3.0323
97.5752,0.6513,2.8073
97.5754,0.6442,2.7776
97.5756,0.6448,2.7776
97.5758,0.6575,2.8324
97.5760,0.6961,2.9973
97.5762,0.7575,3.2541
97.5764,0.8481,3.6452
97.5766,0.7803,3.3566
97.5768,0.7621,3.2848
97.5770,0.6975,2.9993
97.5772,0.7832,3.3648
97.5774,0.8466,3.6334
97.5776,0.8974,3.8534
97.5778,0.884,3.8011
97.5780,0.8202,3.5317
97.5782,0.7039,3.0323
97.5784,0.6877,2.9612
97.5786,0.7649,3.2937
97.5788,0.7118,3.0607
97.5790,0.749,3.2235
97.5792,0.7107,3.0589
97.5794,0.7047,3.0331
97.5796,0.7039,3.0337
97.5798,0.676,2.9124
97.5800,0.6545,2.8207
97.5802,0.6439,2.7778
97.5804,0.5741,2.4779
97.5806,0.5607,2.4155
97.5808,0.6272,2.6997
97.5810,0.7047,3.0345
97.5812,0.6307,2.7222
97.5814,0.541,2.3383
97.5816,0.5447,2.3479
97.5818,0.6337,2.7301
97.5820,0.6703,2.8876
97.5822,0.6512,2.8068
97.5824,0.6633,2.8524
97.5826,0.7512,3.2318
97.5828,0.6602,2.8456
97.5830,0.6373,2.7456
97.5832,0.6398,2.7577
97.5834,0.6564,2.8343
97.5836,0.5551,2.3956
97.5838,0.5212,2.2497
97.5840,0.5187,2.2388
97.5842,0.5153,2.2228
97.5844,0.5055,2.1829
97.5846,0.5024,2.1705
97.5848,0.5506,2.371
97.5850,0.6403,2.7636
97.5852,0.5214,2.2513
97.5854,0.5015,2.1633
97.5856,0.5013,2.1628
97.5858,0.5156,2.2233
97.5860,0.5553,2.3911
97.5862,0.6155,2.6528
97.5864,0.6286,2.7053
97.5866,0.7155,3.0795
97.5868,0.7119,3.064
97.5870,0.7203,3.1002
97.5872,0.7344,3.1552
97.5874,0.7873,3.3808
97.5876,0.8084,3.473
97.5878,0.8424,3.6188
97.5880,0.8873,3.8066
97.5882,0.9143,3.926
97.5884,0.8752,3.7564
97.5886,0.9375,4.0235
97.5888,0.9587,4.1108
97.5890,0.9697,4.1581
97.5892,0.91,3.9057
97.5894,0.9228,3.9626
97.5896,0.9229,3.9631
97.5898,0.8882,3.8174
97.5900,0.8566,3.6767
97.5902,0.944,4.0481
97.5904,0.9707,4.1661
97.5906,0.9251,3.9687
97.5908,0.9275,3.9808
97.5910,0.9099,3.9088
97.5912,0.9304,3.9969
97.5914,0.9169,3.9429
97.5916,0.8091,3.4777
97.5918,0.8731,3.7489
97.5920,0.8815,3.7867
97.5922,0.8312,3.5709
97.5924,0.827,3.5529
97.5926,0.8358,3.5921
97.5928,0.8546,3.6799
97.5930,0.7895,3.3948
97.5932,0.8112,3.4849
97.5934,0.8299,3.5619
97.5936,0.9325,4.0006
97.5938,0.9251,3.9705
97.5940,0.9023,3.8764
97.5942,0.9087,3.9
97.5944,0.9394,4.0412
97.5946,0.8143,3.5015
97.5948,0.8264,3.5552
97.5950,0.7862,3.3824
97.5952,0.7198,3.101
97.5954,0.6916,2.9727
97.5956,0.7719,3.3205
97.5958,0.7791,3.353
97.5960,0.7491,3.224
97.5962,0.7202,3.104
97.5964,0.6292,2.7167
97.5966,0.6154,2.6523
97.5968,0.6114,2.634
97.5970,0.6512,2.8068
97.5972,0.6663,2.8706
97.5974,0.6799,2.9262
97.5976,0.7367,3.1694
97.5978,0.759,3.2669
97.5980,0.7521,3.2414
97.5982,0.6731,2.8955
97.5984,0.7263,3.1245
97.5986,0.6969,3.0009
97.5988,0.6729,2.9003
97.5990,0.6507,2.8034
97.5992,0.6635,2.8608
97.5994,0.6462,2.7877
97.5996,0.6301,2.7171
97.5998,0.5969,2.5727
97.6000,0.5806,2.5047
97.6002,0.5716,2.4659
97.6004,0.6039,2.6014
97.6006,0.5999,2.588
97.6008,0.616,2.6536
97.6010,0.6901,2.9715
97.6012,0.7313,3.1476
97.6014,0.7395,3.1857
97.6016,0.6668,2.874
97.6018,0.6042,2.603
97.6020,0.6024,2.5989
97.6022,0.6082,2.6213
97.6024,0.6246,2.6896
97.6026,0.6837,2.9469
97.6028,0.6855,2.9546
97.6030,0.6671,2.871
97.6032,0.6972,3.0019
97.6034,0.5995,2.5852
97.6036,0.5441,2.3485
97.6038,0.5426,2.3418
97.6040,0.5434,2.3454
97.6042,0.6025,2.5946
97.6044,0.6786,2.9287
97.6046,0.5552,2.3962
97.6048,0.5317,2.2905
97.6050,0.6335,2.7278
97.6052,0.6613,2.8462
97.6054,0.6663,2.8719
97.6056,0.6286,2.7104
97.6058,0.631,2.7182
97.6060,0.6305,2.7161
97.6062,0.6317,2.7188
97.6064,0.6957,2.9916
97.6066,0.7683,3.2989
97.6068,0.8316,3.5724
97.6070,0.728,3.1405
97.6072,0.6135,2.644
97.6074,0.6031,2.5971
97.6076,0.6856,2.9496
97.6078,0.7677,3.2963
97.6080,0.7824,3.3644
97.6082,0.7444,3.2039
97.6084,0.6894,2.9684
97.6086,0.6227,2.685
97.6088,0.6205,2.677
97.6090,0.6221,2.6787
97.6092,0.6632,2.8558
97.6094,0.6138,2.6431
97.6096,0.6147,2.6504
97.6098,0.6118,2.6368
97.6100,0.6103,2.6306
97.6102,0.6093,2.6235
97.6104,0.637,2.7427
97.6106,0.6921,2.9816
97.6108,0.6581,2.8297
97.6110,0.756,3.2494
97.6112,0.7906,3.3994
97.6114,0.7547,3.2453
97.6116,0.7414,3.1895
97.6118,0.6584,2.8378
97.6120,0.6031,2.6008
97.6122,0.5957,2.5651
97.6124,0.6584,2.8339
97.6126,0.6737,2.9034
97.6128,0.6295,2.7145
97.6130,0.612,2.6366
97.6132,0.6117,2.6326
97.6134,0.6126,2.6392
97.6136,0.623,2.6841
97.6138,0.6476,2.7874
97.6140,0.6252,2.6934
97.6142,0.5812,2.512
97.6144,0.438,1.8923
97.6146,0.4227,1.8251
97.6148,0.4118,1.7772
97.6150,0.4241,1.8314
97.6152,0.4497,1.9416
97.6154,0.4888,2.1075
97.6156,0.5572,2.4038
97.6158,0.5402,2.3315
97.6160,0.5085,2.1959
97.6162,0.497,2.1412
97.6164,0.5753,2.4808
97.6166,0.53,2.2864
97.6168,0.5107,2.2021
97.6170,0.5064,2.1835
97.6172,0.5112,2.2052
97.6174,0.5654,2.4345
97.6176,0.6302,2.7088
97.6178,0.6699,2.8861
97.6180,0.6221,2.6787
97.6182,0.6215,2.6737
97.6184,0.6262,2.6975
97.6186,0.6584,2.8325
97.6188,0.6445,2.7766
97.6190,0.6656,2.8661
97.6192,0.672,2.8908
97.6194,0.7384,3.1692
97.6196,0.7567,3.254
97.6198,0.6878,2.9575
97.6200,0.7258,3.1195
97.6202,0.8135,3.493
97.6204,0.846,3.6326
97.6206,0.869,3.7279
97.6208,0.8897,3.8152
97.6210,0.9375,4.0085
97.6212,1.0803,4.6149
97.6214,1.1375,4.8661
97.6216,1.1631,4.9782
97.6218,1.0991,4.7019
97.6220,1.1148,4.7691
97.6222,1.0906,4.6742
97.6224,0.9774,4.1949
97.6226,0.9452,4.0513
97.6228,0.9867,4.2252
97.6230,0.9968,4.2743
97.6232,0.9847,4.2224
97.6234,1.0118,4.3366
97.6236,0.9818,4.212
97.6238,0.9692,4.156
97.6240,0.9662,4.1393
97.6242,1.0146,4.3484
97.6244,1.0078,4.3196
97.6246,1.0194,4.3649
97.6248,1.0128,4.3386
97.6250,1.0508,4.5015
97.6252,1.092,4.6738
97.6254,1.109,4.7578
97.6256,1.0388,4.4563
97.6258,0.9705,4.1578
97.6260,1.0171,4.3551
97.6262,1.0171,4.3673
97.6264,0.9518,4.0891
97.6266,0.8803,3.7798
97.6268,0.8729,3.7502
97.6270,0.8752,3.7582
97.6272,0.9104,3.9018
97.6274,1.0039,4.3006
97.6276,0.9673,4.1575
97.6278,0.8421,3.6211
97.6280,0.8508,3.6617
97.6282,0.8062,3.4697
97.6284,0.7464,3.2127
97.6286,0.6826,2.9463
97.6288,0.5898,2.5445
97.6290,0.6268,2.6989
97.6292,0.6251,2.6991
97.6294,0.5089,2.1994
97.6296,0.4969,2.1456
97.6298,0.5477,2.3619
97.6300,0.5825,2.513
97.6302,0.5956,2.5706
97.6304,0.5379,2.3216
97.6306,0.5242,2.2626
97.6308,0.5816,2.5054
97.6310,0.6037,2.5997
97.6312,0.6525,2.8125
97.6314,0.6759,2.9133
97.6316,0.6686,2.8791
97.6318,0.6171,2.6607
97.6320,0.5854,2.5231
97.6322,0.5831,2.5191
97.6324,0.4991,2.153
97.6326,0.5234,2.2611
97.6328,0.5025,2.17
97.6330,0.5023,2.1679
97.6332,0.5298,2.2864
97.6334,0.5649,2.4347
97.6336,0.6475,2.7882
97.6338,0.6335,2.7316
97.6340,0.6601,2.8398
97.6342,0.7225,3.1109
97.6344,0.6284,2.7086
97.6346,0.6066,2.6194
97.6348,0.5262,2.272
97.6350,0.4846,2.0923
97.6352,0.4867,2.0997
97.6354,0.4895,2.1106
97.6356,0.5541,2.3904
97.6358,0.544,2.3491
97.6360,0.418,1.8058
97.6362,0.4024,1.7392
97.6364,0.4175,1.8037
97.6366,0.4735,2.0447
97.6368,0.4651,2.0084
97.6370,0.4431,1.914
97.6372,0.4441,1.9151
97.6374,0.5455,2.3499
97.6376,0.5372,2.3164
97.6378,0.5047,2.1722
97.6380,0.6283,2.7093
97.6382,0.6299,2.711
97.6384,0.6874,2.9615
97.6386,0.5961,2.5703
97.6388,0.5816,2.5077
97.6390,0.5842,2.5167
97.6392,0.6024,2.5892
97.6394,0.6766,2.915
97.6396,0.6579,2.8318
97.6398,0.7305,3.1396
97.6400,0.7139,3.0699
97.6402,0.7149,3.0712
97.6404,0.8376,3.5915
97.6406,0.9221,3.9577
97.6408,0.8377,3.5987
97.6410,0.7924,3.4008
97.6412,0.8746,3.7556
97.6414,0.8997,3.865
97.6416,0.8482,3.6423
97.6418,0.8123,3.4976
97.6420,0.6986,3.0081
97.6422,0.6618,2.8457
97.6424,0.6649,2.8604
97.6426,0.6822,2.9388
97.6428,0.6511,2.8063
97.6430,0.6346,2.7312
97.6432,0.6722,2.8945
97.6434,0.6705,2.8846
97.6436,0.7028,3.0234
97.6438,0.7633,3.2824
97.6440,0.7788,3.3458
97.6442,0.8173,3.5095
97.6444,0.781,3.3613
97.6446,0.6828,2.9373
97.6448,0.7945,3.4133
97.6450,0.8213,3.5314
97.6452,0.686,2.9539
97.6454,0.6527,2.8117
97.6456,0.6548,2.8184
97.6458,0.6352,2.7375
97.6460,0.5648,2.4364
97.6462,0.5529,2.3863
97.6464,0.5559,2.397
97.6466,0.554,2.3888
97.6468,0.5533,2.3857
97.6470,0.5446,2.3474
97.6472,0.5426,2.3386
97.6474,0.5239,2.26
97.6476,0.536,2.3123
97.6478,0.5909,2.548
97.6480,0.5955,2.5665
97.6482,0.6355,2.7353
97.6484,0.6359,2.7406
97.6486,0.6211,2.6709
97.6488,0.7467,3.2092
97.6490,0.725,3.1188
97.6492,0.7934,3.4102
97.6494,0.782,3.3597
97.6496,0.8088,3.4713
97.6498,0.8011,3.448
97.6500,0.7263,3.126
97.6502,0.6981,3.0019
97.6504,0.7018,3.0207
97.6506,0.6976,2.9998
97.6508,0.6934,2.9818
97.6510,0.7043,3.0315
97.6512,0.6999,3.0096
97.6514,0.7707,3.3138
97.6516,0.7271,3.1296
97.6518,0.7016,3.021
97.6520,0.696,2.9926
97.6522,0.7034,3.026
97.6524,0.7262,3.1196
97.6526,0.7632,3.2788
97.6528,0.7744,3.3267
97.6530,0.7903,3.4
97.6532,0.7811,3.354
97.6534,0.8635,3.7043
97.6536,0.9056,3.8848
97.6538,0.9106,3.9083
97.6540,0.8872,3.8097
97.6542,0.8879,3.8092
97.6544,0.9462,4.0517
97.6546,1.0679,4.5685
97.6548,1.1584,4.9558
97.6550,1.1442,4.8971
97.6552,1.0449,4.4742
97.6554,1.0051,4.3058
97.6556,1.0251,4.3875
97.6558,1.1421,4.8906
97.6560,1.0765,4.6184
97.6562,1.0216,4.3746
97.6564,1.0806,4.6294
97.6566,1.0903,4.6666
97.6568,1.1016,4.7193
97.6570,1.0396,4.4516
97.6572,1.0383,4.4418
97.6574,1.1138,4.765
97.6576,1.1138,4.765
97.6578,1.1088,4.7412
97.6580,1.1135,4.7657
97.6582,1.1305,4.8431
97.6584,0.9993,4.2871
97.6586,0.9671,4.1468
97.6588,1.0709,4.5856
97.6590,1.1353,4.8636
97.6592,1.0947,4.6786
97.6594,1.1775,5.0445
97.6596,1.1228,4.8057
97.6598,1.1345,4.8623
97.6600,1.07,4.5837
97.6602,1.0959,4.6946
97.6604,1.0791,4.6292
97.6606,1.086,4.6503
97.6608,1.1179,4.7847
97.6610,1.1323,4.8485
97.6612,1.107,4.7446
97.6614,1.0596,4.5501
97.6616,0.9288,3.9939
97.6618,0.8175,3.522
97.6620,0.7904,3.4005
97.6622,0.8687,3.7373
97.6624,0.8265,3.5541
97.6626,0.8324,3.5794
97.6628,0.7946,3.4217
97.6630,0.7383,3.1761
97.6632,0.8075,3.4721
97.6634,0.8626,3.7128
97.6636,0.8392,3.6088
97.6638,0.8229,3.5337
97.6640,0.9083,3.8967
97.6642,0.9407,4.0374
97.6644,0.9111,3.9121
97.6646,0.8877,3.8171
97.6648,0.8762,3.7711
97.6650,0.7889,3.3969
97.6652,0.7388,3.1811
97.6654,0.7988,3.4382
97.6656,0.8462,3.6387
97.6658,0.8281,3.5592
97.6660,0.8927,3.8352
97.6662,0.9145,3.9326
97.6664,0.9093,3.9099
97.6666,0.913,3.9222
97.6668,0.9004,3.8753
97.6670,0.7798,3.3593
97.6672,0.7348,3.1626
97.6674,0.7651,3.2932
97.6676,0.8026,3.4542
97.6678,0.8857,3.8118
97.6680,0.8371,3.6028
97.6682,0.8015,3.4447
97.6684,0.8812,3.7892
97.6686,0.7874,3.3955
97.6688,0.6448,2.784
97.6690,0.5876,2.5347
97.6692,0.5782,2.4967
97.6694,0.6004,2.5901
97.6696,0.6119,2.641
97.6698,0.627,2.7074
97.6700,0.5822,2.5126
97.6702,0.5648,2.4364
97.6704,0.5819,2.5116
97.6706,0.6239,2.684
97.6708,0.7482,3.2204
97.6710,0.7154,3.0876
97.6712,0.6515,2.8117
97.6714,0.5998,2.5875
97.6716,0.6151,2.6537
97.6718,0.6421,2.7688
97.6720,0.645,2.7799
97.6722,0.6402,2.758
97.6724,0.6541,2.8218
97.6726,0.6488,2.7978
97.6728,0.6661,2.8669
97.6730,0.7673,3.2994
97.6732,0.8337,3.5884
97.6734,0.762,3.2859
97.6736,0.6579,2.8344
97.6738,0.6587,2.8388
97.6740,0.7378,3.1711
97.6742,0.8703,3.7475
97.6744,0.7564,3.26
97.6746,0.6531,2.8164
97.6748,0.6265,2.7053
97.6750,0.6138,2.6468
97.6752,0.6141,2.6478
97.6754,0.6171,2.662
97.6756,0.6223,2.6847
97.6758,0.6064,2.6147
97.6760,0.596,2.5697
97.6762,0.5974,2.5771
97.6764,0.6058,2.6146
97.6766,0.6124,2.6418
97.6768,0.5858,2.5246
97.6770,0.6561,2.8227
97.6772,0.7108,3.058
97.6774,0.8137,3.4973
97.6776,0.8472,3.6428
97.6778,0.8807,3.7854
97.6780,0.821,3.532
97.6782,0.7908,3.4036
97.6784,0.7891,3.3964
97.6786,0.7607,3.2741
97.6788,0.7076,3.0454
97.6790,0.7782,3.3463
97.6792,0.8635,3.7077
97.6794,0.928,3.9847
97.6796,0.9279,3.9861
97.6798,0.9259,3.9704
97.6800,0.9853,4.2269
97.6802,0.9458,4.0634
97.6804,0.8799,3.7765
97.6806,0.8821,3.7893
97.6808,0.9853,4.223
97.6810,1.0977,4.7023
97.6812,1.109,4.7489
97.6814,1.1218,4.8078
97.6816,1.0594,4.5448
97.6818,0.9576,4.11
97.6820,0.9763,4.1864
97.6822,1.0183,4.3704
97.6824,1.0249,4.4028
97.6826,0.9574,4.1109
97.6828,0.9203,3.9518
97.6830,0.9201,3.9489
97.6832,1.0098,4.3278
97.6834,1.0691,4.5801
97.6836,1.1027,4.7261
97.6838,1.0518,4.5124
97.6840,1.0996,4.7062
97.6842,1.2599,5.3873
97.6844,1.272,5.4442
97.6846,1.2293,5.2615
97.6848,1.2256,5.2406
97.6850,1.248,5.339
97.6852,1.2306,5.2696
97.6854,1.1956,5.122
97.6856,1.1656,4.9889
97.6858,1.1978,5.1289
97.6860,1.2021,5.1474
97.6862,1.1959,5.1159
97.6864,1.2185,5.2128
97.6866,1.216,5.1972
97.6868,1.3067,5.5899
97.6870,1.3427,5.7389
97.6872,1.3273,5.6754
97.6874,1.3002,5.557
97.6876,1.3431,5.7351
97.6878,1.4039,5.9975
97.6880,1.3846,5.9122
97.6882,1.3798,5.9
97.6884,1.3652,5.8375
97.6886,1.3605,5.812
97.6888,1.4004,5.9882
97.6890,1.3685,5.8491
97.6892,1.3462,5.7591
97.6894,1.3119,5.6203
97.6896,1.254,5.3722
97.6898,1.2395,5.3051
97.6900,1.382,5.9203
97.6902,1.2613,5.401
97.6904,1.2418,5.3173
97.6906,1.2499,5.3347
97.6908,1.552,6.6146
97.6910,1.6143,6.8739
97.6912,1.6742,7.142
97.6914,1.5659,6.6801
97.6916,1.6013,6.8278
97.6918,1.6033,6.8301
97.6920,1.6353,6.9665
97.6922,1.6978,7.236
97.6924,1.7072,7.2759
97.6926,1.6966,7.2207
97.6928,1.7582,7.4971
97.6930,1.6536,7.0541
97.6932,1.5464,6.6029
97.6934,1.5432,6.5865
97.6936,1.5817,6.7413
97.6938,1.6375,6.9888
97.6940,1.57,6.7132
97.6942,1.4993,6.4142
97.6944,1.4172,6.0572
97.6946,1.4949,6.3833
97.6948,1.4882,6.3695
97.6950,1.3986,6.0001
97.6952,1.2755,5.4692
97.6954,1.3272,5.6802
97.6956,1.4519,6.214
97.6958,1.4105,6.0454
97.6960,1.3212,5.6599
97.6962,1.3755,5.8926
97.6964,1.3798,5.9166
97.6966,1.3215,5.6773
97.6968,1.209,5.1916
97.6970,1.152,4.9558
97.6972,1.1027,4.7371
97.6974,1.1676,5.0228
97.6976,1.0938,4.7012
97.6978,1.124,4.8311
97.6980,1.2086,5.1944
97.6982,1.2726,5.4594
97.6984,1.3032,5.588
97.6986,1.3063,5.6014
97.6988,1.3317,5.7024
97.6990,1.4022,6.0071
97.6992,1.3892,5.9511
97.6994,1.3715,5.8811
97.6996,1.3834,5.9348
97.6998,1.3627,5.8403
97.7000,1.364,5.8514
97.7002,1.2975,5.5639
97.7004,1.275,5.4646
97.7006,1.3188,5.6575
97.7008,1.269,5.4567
97.7010,1.1857,5.0984
97.7012,1.1718,5.0362
97.7014,1.2083,5.1958
97.7016,1.1956,5.1412
97.7018,1.1202,4.8146
97.7020,1.102,4.7319
97.7022,1.1474,4.9385
97.7024,1.0806,4.6553
97.7026,1.0048,4.3309
97.7028,1.0827,4.6555
97.7030,1.1352,4.8767
97.7032,1.1251,4.8492
97.7034,0.9943,4.2854
97.7036,0.9938,4.2833
97.7038,1.0092,4.3454
97.7040,1.015,4.3728
97.7042,0.9895,4.2667
97.7044,0.9203,3.9702
97.7046,0.9108,3.9257
97.7048,0.9082,3.9216
97.7050,0.8896,3.8324
97.7052,0.9721,4.1976
97.7054,0.9066,3.9094
97.7056,0.9246,3.9888
97.7058,0.9211,3.9812
97.7060,0.8655,3.7286
97.7062,0.9213,3.9743
97.7064,0.8731,3.7699
97.7066,0.8263,3.5679
97.7068,0.8376,3.62
97.7070,0.771,3.3323
97.7072,0.7781,3.352
97.7074,0.9301,4.0145
97.7076,0.8141,3.5233
97.7078,0.6772,2.9298
97.7080,0.6925,2.9915
97.7082,0.7205,3.1142
97.7084,0.7153,3.0928
97.7086,0.7121,3.0807
97.7088,0.7011,3.0302
97.7090,0.7328,3.1656
97.7092,0.7088,3.0648
97.7094,0.6956,3.0078
97.7096,0.6921,2.9886
97.7098,0.7229,3.126
97.7100,0.7061,3.0548
97.7102,0.6868,2.9658
97.7104,0.7751,3.3453
97.7106,0.8331,3.5941
97.7108,0.8625,3.7191
97.7110,0.8024,3.4649
97.7112,0.751,3.2443
97.7114,0.7021,3.0343
97.7116,0.7022,3.0335
97.7118,0.7229,3.1245
97.7120,0.7011,3.0316
97.7122,0.6992,3.0219
97.7124,0.7053,3.0469
97.7126,0.7257,3.1335
97.7128,0.7384,3.1914
97.7130,0.7017,3.0342
97.7132,0.6865,2.9642
97.7134,0.7202,3.1112
97.7136,0.7034,3.04
97.7138,0.7006,3.0281
97.7140,0.6951,3.0015
97.7142,0.7107,3.0674
97.7144,0.7296,3.1521
97.7146,0.7233,3.1188
97.7148,0.7617,3.2873
97.7150,0.7268,3.1382
97.7152,0.7288,3.1499
97.7154,0.7364,3.1811
97.7156,0.7317,3.158
97.7158,0.7378,3.1858
97.7160,0.7265,3.1401
97.7162,0.6925,2.986
97.7164,0.7424,3.2055
97.7166,0.7085,3.0623
97.7168,0.6849,2.9616
97.7170,0.6717,2.9005
97.7172,0.6916,2.9893
97.7174,0.7012,3.0265
97.7176,0.7558,3.262
97.7178,0.7306,3.1518
97.7180,0.7517,3.2384
97.7182,0.8644,3.7205
97.7184,0.9171,3.9471
97.7186,0.9174,3.9523
97.7188,0.8565,3.6847
97.7190,0.943,4.0529
97.7192,0.978,4.2014
97.7194,1.0424,4.4801
97.7196,1.0258,4.4049
97.7198,1.0443,4.4863
97.7200,1.0889,4.6757
97.7202,1.1613,4.9844
97.7204,1.1641,4.9962
97.7206,1.1641,4.9869
97.7208,1.2237,5.2471
97.7210,1.2287,5.2638
97.7212,1.2551,5.3693
97.7214,1.3342,5.7185
97.7216,1.2626,5.4168
97.7218,1.2492,5.3516
97.7220,1.2508,5.3583
97.7222,1.2242,5.2492
97.7224,1.2294,5.2718
97.7226,1.2695,5.4359
97.7228,1.2474,5.3464
97.7230,1.307,5.594
97.7232,1.4022,6.0043
97.7234,1.3581,5.8154
97.7236,1.3101,5.6074
97.7238,1.3634,5.827
97.7240,1.4429,6.1639
97.7242,1.489,6.3731
97.7244,1.419,6.079
97.7246,1.333,5.724
97.7248,1.2472,5.3379
97.7250,1.3393,5.7374
97.7252,1.3171,5.6529
97.7254,1.2149,5.2144
97.7256,1.2251,5.2557
97.7258,1.2519,5.373
97.7260,1.2944,5.5505
97.7262,1.2236,5.2613
97.7264,1.0719,4.6155
97.7266,0.9879,4.2521
97.7268,1.0659,4.5833
97.7270,1.1072,4.7611
97.7272,1.1064,4.7575
97.7274,1.1016,4.7369
97.7276,1.0726,4.6078
97.7278,1.1238,4.8323
97.7280,1.0697,4.5933
97.7282,1.1004,4.7318
97.7284,0.9806,4.2284
97.7286,0.9382,4.0416
97.7288,0.9813,4.2237
97.7290,0.9839,4.2385
97.7292,0.959,4.1277
97.7294,0.9896,4.2613
97.7296,0.9761,4.201
97.7298,1.0252,4.4105
97.7300,0.9803,4.223
97.7302,0.945,4.0787
97.7304,0.8704,3.7498
97.7306,1.0282,4.4234
97.7308,0.9967,4.2897
97.7310,0.9698,4.178
97.7312,0.945,4.0749
97.7314,0.8871,3.8269
97.7316,0.8851,3.811
97.7318,0.989,4.2626
97.7320,0.9469,4.0756
97.7322,0.9313,4.0159
97.7324,0.8601,3.7105
97.7326,0.8789,3.79
97.7328,0.8769,3.7812
97.7330,0.8496,3.665
97.7332,0.895,3.8593
97.7334,0.9371,4.0351
97.7336,0.939,4.0434
97.7338,0.9155,3.9349
97.7340,1.062,4.5646
97.7342,1.0841,4.6681
97.7344,0.9865,4.2459
97.7346,0.9955,4.2866
97.7348,1.0072,4.3231
97.7350,1.0872,4.6772
97.7352,1.0617,4.5652
97.7354,1.048,4.5064
97.7356,1.0403,4.4755
97.7358,0.9821,4.2248
97.7360,0.9574,4.1262
97.7362,0.9328,4.024
97.7364,0.9261,3.9895
97.7366,0.9252,3.9859
97.7368,0.9233,3.9776
97.7370,0.9233,3.9813
97.7372,0.9251,3.9798
97.7374,0.9949,4.282
97.7376,1.0449,4.493
97.7378,1.0736,4.6163
97.7380,1.1054,4.7446
97.7382,1.1539,4.9548
97.7384,1.1715,5.0305
97.7386,1.1861,5.0909
97.7388,1.2231,5.2446
97.7390,1.2708,5.4441
97.7392,1.3752,5.8943
97.7394,1.3631,5.8397
97.7396,1.3138,5.639
97.7398,1.2757,5.4754
97.7400,1.229,5.2697
97.7402,1.2673,5.4292
97.7404,1.2656,5.4347
97.7406,1.2649,5.4265
97.7408,1.2912,5.5314
97.7410,1.2997,5.5731
97.7412,1.2391,5.3159
97.7414,1.2725,5.4564
97.7416,1.2738,5.4697
97.7418,1.2167,5.2197
97.7420,1.2828,5.5057
97.7422,1.2281,5.2858
97.7424,1.0448,4.503
97.7426,0.994,4.2804
97.7428,1.0066,4.3366
97.7430,0.9023,3.8926
97.7432,0.8896,3.8378
97.7434,0.9051,3.9027
97.7436,0.9216,3.9704
97.7438,0.9787,4.2104
97.7440,1.0643,4.5787
97.7442,1.0588,4.5613
97.7444,0.9594,4.1427
97.7446,0.8167,3.5298
97.7448,0.785,3.3914
97.7450,0.8115,3.5043
97.7452,0.833,3.5919
97.7454,0.9035,3.8978
97.7456,0.8907,3.8371
97.7458,0.9463,4.0768
97.7460,1.0026,4.317
97.7462,0.9498,4.0975
97.7464,0.8329,3.5948
97.7466,0.748,3.2388
97.7468,0.6168,2.6708
97.7470,0.5908,2.5593
97.7472,0.6268,2.7039
97.7474,0.8124,3.5063
97.7476,0.7928,3.4203
97.7478,0.7777,3.3551
97.7480,0.7972,3.4358
97.7482,0.8932,3.8515
97.7484,0.85,3.6722
97.7486,0.7528,3.2506
97.7488,0.7382,3.1889
97.7490,0.7455,3.219
97.7492,0.7633,3.2946
97.7494,0.7741,3.3427
97.7496,0.7762,3.3515
97.7498,0.805,3.4774
97.7500,0.7745,3.3474
97.7502,0.7665,3.3111
97.7504,0.7918,3.4093
97.7506,0.8801,3.7934
97.7508,0.8225,3.5514
97.7510,0.7696,3.323
97.7512,0.7709,3.3287
97.7514,0.8276,3.572
97.7516,0.8281,3.5724
97.7518,0.8249,3.5551
97.7520,0.8088,3.494
97.7522,0.7233,3.1203
97.7524,0.7358,3.1741
97.7526,0.7761,3.3479
97.7528,0.8118,3.5053
97.7530,0.7838,3.38
97.7532,0.8517,3.6709
97.7534,0.8184,3.5256
97.7536,0.9175,3.951
97.7538,0.9571,4.1175
97.7540,0.9836,4.2335
97.7542,0.9727,4.1826
97.7544,1.0098,4.344
97.7546,1.0004,4.3057
97.7548,0.989,4.2567
97.7550,0.9533,4.101
97.7552,0.9656,4.1561
97.7554,0.9738,4.1912
97.7556,0.9707,4.1758
97.7558,0.9653,4.1507
97.7560,0.9735,4.194
97.7562,0.9205,3.9639
97.7564,0.9552,4.1093
97.7566,1.0263,4.4111
97.7568,1.0945,4.6999
97.7570,1.0728,4.6046
97.7572,1.1203,4.8129
97.7574,1.0198,4.3893
97.7576,0.9866,4.2464
97.7578,1.0064,4.3275
97.7580,0.9866,4.2444
97.7582,1.0432,4.4775
97.7584,1.1527,4.9473
97.7586,1.1796,5.0603
97.7588,1.2056,5.1695
97.7590,1.2405,5.3241
97.7592,1.2363,5.3036
97.7594,1.2287,5.2786
97.7596,1.034,4.4482
97.7598,1.0334,4.4373
97.7600,1.0879,4.6738
97.7602,1.0738,4.6194
97.7604,1.0572,4.5483
97.7606,1.0494,4.5147
97.7608,0.9725,4.1894
97.7610,0.883,3.8111
97.7612,0.8488,3.6551
97.7614,0.854,3.6807
97.7616,0.839,3.6212
97.7618,0.7454,3.2229
97.7620,0.6247,2.7013
97.7622,0.6474,2.8019
97.7624,0.6626,2.8638
97.7626,0.6118,2.6429
97.7628,0.6486,2.8045
97.7630,0.6227,2.69
97.7632,0.6295,2.7233
97.7634,0.6235,2.6949
97.7636,0.6476,2.7978
97.7638,0.6644,2.8703
97.7640,0.6903,2.9863
97.7642,0.6047,2.6172
97.7644,0.5888,2.5446
97.7646,0.6597,2.8448
97.7648,0.7709,3.3303
97.7650,0.6978,3.0101
97.7652,0.7785,3.3598
97.7654,0.7076,3.0582
97.7656,0.6547,2.8296
97.7658,0.6683,2.8829
97.7660,0.719,3.1045
97.7662,0.6361,2.7506
97.7664,0.5684,2.4588
97.7666,0.5997,2.5954
97.7668,0.5997,2.593
97.7670,0.5825,2.52
97.7672,0.5695,2.4566
97.7674,0.6699,2.8995
97.7676,0.515,2.229
97.7678,0.497,2.1481
97.7680,0.5403,2.3396
97.7682,0.5435,2.3514
97.7684,0.535,2.3135
97.7686,0.5377,2.326
97.7688,0.5441,2.354
97.7690,0.5329,2.3042
97.7692,0.5254,2.271
97.7694,0.5382,2.3259
97.7696,0.5458,2.3613
97.7698,0.545,2.3576
97.7700,0.5356,2.3161
97.7702,0.5272,2.2798
97.7704,0.5366,2.3202
97.7706,0.5441,2.354
97.7708,0.6179,2.6668
97.7710,0.676,2.9165
97.7712,0.6534,2.8161
97.7714,0.6957,3.0013
97.7716,0.699,3.0153
97.7718,0.6673,2.8787
97.7720,0.6542,2.8263
97.7722,0.7285,3.1323
97.7724,0.8854,3.809
97.7726,0.8566,3.6835
97.7728,0.9078,3.911
97.7730,0.7428,3.2061
97.7732,0.6504,2.8032
97.7734,0.672,2.8975
97.7736,0.6708,2.8964
97.7738,0.6525,2.8177
97.7740,0.6377,2.7497
97.7742,0.6522,2.8148
97.7744,0.6431,2.7755
97.7746,0.632,2.7266
97.7748,0.6479,2.7962
97.7750,0.6573,2.8332
97.7752,0.7159,3.0825
97.7754,0.7555,3.2579
97.7756,0.7211,3.1081
97.7758,0.7202,3.1068
97.7760,0.7073,3.0487
97.7762,0.697,3.0084
97.7764,0.6302,2.7189
97.7766,0.6203,2.6759
97.7768,0.6173,2.663
97.7770,0.7145,3.074
97.7772,0.7518,3.2434
97.7774,0.7076,3.0525
97.7776,0.5861,2.5297
97.7778,0.6049,2.6109
97.7780,0.6525,2.8151
97.7782,0.6464,2.7887
97.7784,0.6504,2.8045
97.7786,0.7389,3.1801
97.7788,0.8058,3.4714
97.7790,0.7256,3.1258
97.7792,0.7135,3.0764
97.7794,0.6764,2.918
97.7796,0.6732,2.9
97.7798,0.6961,2.9987
97.7800,0.7232,3.1169
97.7802,0.762,3.2874
97.7804,0.6262,2.7
97.7806,0.6913,2.9808
97.7808,0.6958,3.0004
97.7810,0.7033,3.0297
97.7812,0.7404,3.1898
97.7814,0.682,2.9437
97.7816,0.581,2.5109
97.7818,0.5475,2.3652
97.7820,0.5459,2.3585
97.7822,0.5462,2.3573
97.7824,0.5577,2.4048
97.7826,0.6034,2.6078
97.7828,0.5522,2.3843
97.7830,0.5471,2.3626
97.7832,0.5465,2.3611
97.7834,0.5479,2.3668
97.7836,0.5447,2.3522
97.7838,0.5427,2.3423
97.7840,0.5459,2.3552
97.7842,0.5495,2.3718
97.7844,0.5459,2.3574
97.7846,0.5392,2.3263
97.7848,0.5408,2.3362
97.7850,0.544,2.3502
97.7852,0.5697,2.4576
97.7854,0.5708,2.4623
97.7856,0.5884,2.5336
97.7858,0.6487,2.7959
97.7860,0.6561,2.828
97.7862,0.6507,2.8008
97.7864,0.7184,3.0962
97.7866,0.6963,2.9983
97.7868,0.8014,3.4442
97.7870,0.8816,3.7837
97.7872,0.9289,3.987
97.7874,0.9487,4.0719
97.7876,0.9924,4.2493
97.7878,1.0644,4.5622
97.7880,1.0698,4.5853
97.7882,1.0644,4.5622
97.7884,1.0493,4.4995
97.7886,0.984,4.2252
97.7888,0.9743,4.1796
97.7890,0.9488,4.0724
97.7892,0.9269,3.9764
97.7894,1.0176,4.3673
97.7896,0.9831,4.2177
97.7898,0.9697,4.16
97.7900,0.9942,4.271
97.7902,0.9763,4.1942
97.7904,0.9547,4.0938
97.7906,0.9574,4.109
97.7908,0.972,4.1737
97.7910,0.9545,4.0947
97.7912,1.0161,4.3632
97.7914,1.0174,4.3689
97.7916,1.0062,4.3184
97.7918,0.987,4.2361
97.7920,0.9861,4.2424
97.7922,0.8493,3.6521
97.7924,0.8967,3.8557
97.7926,0.9039,3.8813
97.7928,0.9655,4.144
97.7930,1.0494,4.5084
97.7932,0.949,4.073
97.7934,0.8974,3.8606
97.7936,0.8211,3.5276
97.7938,0.8827,3.7972
97.7940,0.821,3.5337
97.7942,0.8282,3.568
97.7944,0.6954,3.0012
97.7946,0.6278,2.7098
97.7948,0.6356,2.7396
97.7950,0.7054,3.0376
97.7952,0.7475,3.2188
97.7954,0.7499,3.2306
97.7956,0.727,3.1349
97.7958,0.6542,2.821
97.7960,0.6335,2.7328
97.7962,0.6427,2.7765
97.7964,0.5824,2.5136
97.7966,0.6005,2.5906
97.7968,0.603,2.6039
97.7970,0.5921,2.5532
97.7972,0.6552,2.8212
97.7974,0.749,3.228
97.7976,0.7066,3.0484
97.7978,0.6563,2.8285
97.7980,0.7137,3.0746
97.7982,0.6877,2.9625
97.7984,0.683,2.9451
97.7986,0.6805,2.9315
97.7988,0.7213,3.1014
97.7990,0.7699,3.3169
97.7992,0.7631,3.2844
97.7994,0.8293,3.5693
97.7996,0.8139,3.5016
97.7998,0.7805,3.3624
97.8000,0.7529,3.2375
97.8002,0.7966,3.4204
97.8004,0.8484,3.6446
97.8006,0.8565,3.6847
97.8008,0.81,3.4878
97.8010,0.7253,3.1262
97.8012,0.6456,2.7851
97.8014,0.6063,2.6154
97.8016,0.6222,2.6792
97.8018,0.6832,2.942
97.8020,0.7023,3.0241
97.8022,0.7196,3.1028
97.8024,0.681,2.935
97.8026,0.6962,2.9992
97.8028,0.6699,2.8928
97.8030,0.5752,2.4826
97.8032,0.5715,2.4654
97.8034,0.5668,2.4464
97.8036,0.5889,2.5322
97.8038,0.7943,3.409
97.8040,0.8446,3.637
97.8042,0.7052,3.0408
97.8044,0.6952,2.9965
97.8046,0.7167,3.0875
97.8048,0.7166,3.087
97.8050,0.7043,3.0343
97.8052,0.7407,3.1834
97.8054,0.8746,3.7609
97.8056,0.8414,3.618
97.8058,0.8141,3.5037
97.8060,0.8446,3.6235
97.8062,1.0189,4.375
97.8064,0.8958,3.8521
97.8066,0.7955,3.4269
97.8068,0.7479,3.2189
97.8070,0.7949,3.4132
97.8072,0.8366,3.5974
97.8074,0.8138,3.506
97.8076,0.7536,3.2466
97.8078,0.7215,3.1053
97.8080,0.6944,2.9915
97.8082,0.69,2.9737
97.8084,0.6952,2.9965
97.8086,0.6907,2.9754
97.8088,0.6915,2.9763
97.8090,0.6849,2.9548
97.8092,0.6883,2.9637
97.8094,0.7467,3.2152
97.8096,0.6838,2.9515
97.8098,0.6023,2.5983
97.8100,0.5904,2.546
97.8102,0.6058,2.6085
97.8104,0.7758,3.3313
97.8106,0.9337,4.0076
97.8108,0.9263,3.9775
97.8110,0.9216,3.963
97.8112,0.8362,3.6059
97.8114,0.6563,2.8311
97.8116,0.5816,2.5077
97.8118,0.592,2.5515
97.8120,0.6896,2.9749
97.8122,0.6149,2.6527
97.8124,0.5812,2.5073
97.8126,0.6133,2.6472
97.8128,0.6335,2.7316
97.8130,0.5877,2.5329
97.8132,0.5834,2.5166
97.8134,0.5886,2.5394
97.8136,0.6131,2.6388
97.8138,0.7587,3.2668
97.8140,0.7214,3.1048
97.8142,0.7503,3.2352
97.8144,0.6396,2.7554
97.8146,0.6633,2.8563
97.8148,0.7227,3.1134
97.8150,0.6902,2.9706
97.8152,0.733,3.1505
97.8154,0.8281,3.5625
97.8156,0.787,3.3855
97.8158,0.774,3.3267
97.8160,0.7773,3.3437
97.8162,0.7975,3.4293
97.8164,0.7738,3.3303
97.8166,0.7573,3.2627
97.8168,0.6948,2.993
97.8170,0.6486,2.798
97.8172,0.6184,2.6677
97.8174,0.6373,2.7494
97.8176,0.6343,2.7327
97.8178,0.6672,2.8729
97.8180,0.7093,3.0527
97.8182,0.7091,3.0507
97.8184,0.6956,2.9966
97.8186,0.7012,3.0181
97.8188,0.7244,3.1177
97.8190,0.7699,3.3123
97.8192,0.8238,3.539
97.8194,0.8779,3.766
97.8196,0.9469,4.0623
97.8198,0.8956,3.8493
97.8200,0.8135,3.4963
97.8202,0.8704,3.7428
97.8204,0.8704,3.7393
97.8206,0.8789,3.7724
97.8208,0.9502,4.0743
97.8210,1.0065,4.3079
97.8212,1.0599,4.5448
97.8214,1.0646,4.5563
97.8216,1.1264,4.8346
97.8218,1.004,4.3112
97.8220,0.9683,4.1539
97.8222,1.0323,4.4244
97.8224,1.0768,4.6173
97.8226,1.0692,4.5763
97.8228,1.122,4.8044
97.8230,1.1106,4.76
97.8232,1.0108,4.3426
97.8234,0.984,4.2213
97.8236,1.0184,4.3648
97.8238,1.0411,4.4661
97.8240,0.9732,4.1789
97.8242,0.9855,4.2279
97.8244,0.9484,4.0723
97.8246,0.974,4.1786
97.8248,1.0219,4.3859
97.8250,1.046,4.4851
97.8252,1.0526,4.5155
97.8254,0.9992,4.2906
97.8256,0.9039,3.8921
97.8258,0.7765,3.3469
97.8260,0.778,3.3406
97.8262,0.9378,4.0232
97.8264,1.0205,4.3863
97.8266,0.8707,3.7491
97.8268,0.7872,3.3897
97.8270,0.7842,3.3721
97.8272,0.8488,3.6483
97.8274,0.8578,3.6904
97.8276,0.7988,3.4334
97.8278,0.8494,3.6577
97.8280,0.7847,3.3851
97.8282,0.6729,2.9003
97.8284,0.7256,3.1243
97.8286,0.7657,3.2973
97.8288,0.7933,3.4113
97.8290,0.8401,3.6141
97.8292,0.8113,3.4919
97.8294,0.7673,3.3025
97.8296,0.792,3.4104
97.8298,0.7551,3.2574
97.8300,0.6296,2.7188
97.8302,0.5541,2.3893
97.8304,0.7078,3.0465
97.8306,0.7771,3.3448
97.8308,0.7087,3.0572
97.8310,0.6454,2.7841
97.8312,0.697,3.0056
97.8314,0.6545,2.8247
97.8316,0.5665,2.4482
97.8318,0.553,2.3891
97.8320,0.563,2.4332
97.8322,0.4588,1.9828
97.8324,0.478,2.0677
97.8326,0.439,1.8982
97.8328,0.447,1.932
97.8330,0.5154,2.2274
97.8332,0.497,2.1471
97.8334,0.4772,2.0636
97.8336,0.4998,2.1561
97.8338,0.629,2.7112
97.8340,0.5638,2.4345
97.8342,0.4814,2.0798
97.8344,0.4714,2.0382
97.8346,0.4596,1.9864
97.8348,0.4541,1.9617
97.8350,0.4617,1.9953
97.8352,0.476,2.0565
97.8354,0.4685,2.0229
97.8356,0.4578,1.9787
97.8358,0.453,1.9579
97.8360,0.4584,1.9785
97.8362,0.4748,2.0532
97.8364,0.5022,2.1694
97.8366,0.4963,2.1421
97.8368,0.4692,2.0251
97.8370,0.4934,2.1286
97.8372,0.5674,2.4478
97.8374,0.6225,2.6803
97.8376,0.6065,2.6152
97.8378,0.6097,2.6255
97.8380,0.7245,3.1168
97.8382,0.7527,3.2395
97.8384,0.7396,3.1832
97.8386,0.7348,3.1641
97.8388,0.6847,2.9496
97.8390,0.6645,2.8615
97.8392,0.7373,3.1661
97.8394,0.8809,3.7824
97.8396,0.8884,3.8148
97.8398,0.9035,3.8851
97.8400,0.8161,3.5044
97.8402,0.9033,3.8733
97.8404,0.9746,4.1792
97.8406,0.983,4.2152
97.8408,0.941,4.0333
97.8410,1.0152,4.3509
97.8412,1.0149,4.354
97.8414,1.046,4.4872
97.8416,0.952,4.0877
97.8418,0.896,3.8491
97.8420,0.8306,3.5667
97.8422,0.8443,3.6287
97.8424,0.8693,3.7347
97.8426,0.836,3.5948
97.8428,0.8155,3.5034
97.8430,0.8613,3.7002
97.8432,0.8973,3.8619
97.8434,0.7259,3.1317
97.8436,0.6554,2.8196
97.8438,0.7553,3.2448
97.8440,0.8168,3.5107
97.8442,0.7884,3.3933
97.8444,0.6662,2.8781
97.8446,0.5784,2.4954
97.8448,0.544,2.3448
97.8450,0.6089,2.6219
97.8452,0.7274,3.135
97.8454,0.6024,2.5989
97.8456,0.5412,2.3356
97.8458,0.5403,2.3309
97.8460,0.4837,2.0906
97.8462,0.425,1.8384
97.8464,0.4222,1.8239
97.8466,0.4722,2.0418
97.8468,0.4253,1.8365
97.8470,0.4923,2.123
97.8472,0.5418,2.3393
97.8474,0.4444,1.9206
97.8476,0.4675,2.0169
97.8478,0.5718,2.4647
97.8480,0.584,2.5204
97.8482,0.5376,2.3201
97.8484,0.535,2.3081
97.8486,0.5301,2.288
97.8488,0.5185,2.2368
97.8490,0.5212,2.2487
97.8492,0.5196,2.2414
97.8494,0.5256,2.2683
97.8496,0.5204,2.2471
97.8498,0.5441,2.3442
97.8500,0.596,2.5685
97.8502,0.5469,2.3615
97.8504,0.5286,2.2813
97.8506,0.5246,2.2621
97.8508,0.5573,2.4032
97.8510,0.5386,2.3237
97.8512,0.5262,2.2709
97.8514,0.5294,2.2828
97.8516,0.5222,2.2549
97.8518,0.5181,2.2352
97.8520,0.5262,2.2688
97.8522,0.527,2.2714
97.8524,0.5697,2.4531
97.8526,0.6222,2.6792
97.8528,0.631,2.7169
97.8530,0.6233,2.6839
97.8532,0.6603,2.8395
97.8534,0.7283,3.1333
97.8536,0.7324,3.1464
97.8538,0.8093,3.475
97.8540,0.7951,3.419
97.8542,0.7961,3.42
97.8544,0.8476,3.6415
97.8546,0.8596,3.6861
97.8548,0.9589,4.1003
97.8550,1.078,4.6202
97.8552,1.039,4.4532
97.8554,1.0041,4.2976
97.8556,1.008,4.3161
97.8558,1.0383,4.4439
97.8560,1.0707,4.5889
97.8562,1.0089,4.3262
97.8564,1.0214,4.3715
97.8566,1.1083,4.7458
97.8568,1.0282,4.4131
97.8570,0.897,3.8537
97.8572,0.8891,3.8161
97.8574,0.9336,4.0071
97.8576,0.9322,4.0046
97.8578,0.8841,3.7963
97.8580,0.9317,3.9951
97.8582,0.9446,4.0544
97.8584,0.9252,3.9692
97.8586,0.9999,4.2877
97.8588,0.9732,4.1789
97.8590,0.901,3.8671
97.8592,0.8586,3.6883
97.8594,0.9039,3.8831
97.8596,0.911,3.9062
97.8598,0.9385,4.0301
97.8600,0.897,3.8519
97.8602,0.9166,3.9322
97.8604,0.9126,3.917
97.8606,0.8886,3.8159
97.8608,0.8968,3.8545
97.8610,0.8976,3.8599
97.8612,0.8455,3.6356
97.8614,0.7571,3.2646
97.8616,0.674,2.9023
97.8618,0.6914,2.973
97.8620,0.7433,3.1963
97.8622,0.8064,3.4707
97.8624,0.8529,3.6658
97.8626,0.8009,3.4486
97.8628,0.7282,3.1328
97.8630,0.7888,3.3964
97.8632,0.753,3.238
97.8634,0.7847,3.3757
97.8636,0.7704,3.3143
97.8638,0.7765,3.3438
97.8640,0.6856,2.9592
97.8642,0.6021,2.5973
97.8644,0.5916,2.5511
97.8646,0.6268,2.7039
97.8648,0.5964,2.5718
97.8650,0.5927,2.5546
97.8652,0.6425,2.7691
97.8654,0.6274,2.7039
97.8656,0.7109,3.0599
97.8658,0.7747,3.3298
97.8660,0.7552,3.2534
97.8662,0.7063,3.0412
97.8664,0.7023,3.0256
97.8666,0.6787,2.9211
97.8668,0.7581,3.2612
97.8670,0.744,3.2083
97.8672,0.6157,2.655
97.8674,0.613,2.6444
97.8676,0.6053,2.6089
97.8678,0.6258,2.696
97.8680,0.6284,2.7124
97.8682,0.5323,2.2984
97.8684,0.5153,2.2238
97.8686,0.5144,2.2192
97.8688,0.5651,2.4402
97.8690,0.5537,2.39
97.8692,0.5475,2.3619
97.8694,0.5482,2.365
97.8696,0.5501,2.3744
97.8698,0.5527,2.3853
97.8700,0.591,2.5426
97.8702,0.7379,3.1731
97.8704,0.7142,3.0767
97.8706,0.675,2.9078
97.8708,0.6696,2.8845
97.8710,0.6729,2.8963
97.8712,0.6703,2.8863
97.8714,0.6766,2.9123
97.8716,0.7278,3.121
97.8718,0.8572,3.6827
97.8720,0.7961,3.4231
97.8722,0.7797,3.3587
97.8724,0.707,3.0457
97.8726,0.6866,2.9551
97.8728,0.6903,2.9739
97.8730,0.6701,2.8853
97.8732,0.7282,3.1298
97.8734,0.8131,3.4931
97.8736,0.8619,3.7097
97.8738,0.7148,3.0821
97.8740,0.6631,2.8553
97.8742,0.659,2.8364
97.8744,0.6554,2.8262
97.8746,0.6585,2.837
97.8748,0.6571,2.8295
97.8750,0.6619,2.8488
97.8752,0.7126,3.0714
97.8754,0.654,2.8187
97.8756,0.6319,2.716
97.8758,0.7027,3.0271
97.8760,0.6593,2.8441
97.8762,0.573,2.471
97.8764,0.5512,2.378
97.8766,0.5486,2.3644
97.8768,0.6631,2.85
97.8770,0.8162,3.5016
97.8772,0.8815,3.7903
97.8774,0.7847,3.3757
97.8776,0.7469,3.2073
97.8778,0.8051,3.4618
97.8780,0.7584,3.2628
97.8782,0.7318,3.1468
97.8784,0.7289,3.1359
97.8786,0.7493,3.2206
97.8788,0.7697,3.3128
97.8790,0.7299,3.1414
97.8792,0.7515,3.2283
97.8794,0.7852,3.3809
97.8796,0.748,3.2164
97.8798,0.7407,3.1864
97.8800,0.737,3.1675
97.8802,0.8062,3.4697
97.8804,0.7449,3.203
97.8806,0.755,3.2448
97.8808,0.7906,3.3994
97.8810,0.8161,3.5076
97.8812,0.8378,3.5975
97.8814,0.8192,3.5227
97.8816,0.7539,3.2447
97.8818,0.7926,3.4114
97.8820,0.7133,3.0745
97.8822,0.6624,2.8522
97.8824,0.6229,2.6873
97.8826,0.5349,2.3098
97.8828,0.5242,2.2605
97.8830,0.5208,2.2455
97.8832,0.5238,2.2616
97.8834,0.5356,2.3097
97.8836,0.5882,2.5338
97.8838,0.6028,2.6016
97.8840,0.5307,2.2906
97.8842,0.5245,2.2626
97.8844,0.5185,2.2378
97.8846,0.5218,2.2502
97.8848,0.5248,2.2631
97.8850,0.5206,2.2461
97.8852,0.544,2.3459
97.8854,0.5943,2.5613
97.8856,0.609,2.6249
97.8858,0.6174,2.6598
97.8860,0.6466,2.7841
97.8862,0.6302,2.71
97.8864,0.6908,2.976
97.8866,0.6792,2.9191
97.8868,0.8011,3.4384
97.8870,0.8825,3.7896
97.8872,0.8693,3.7364
97.8874,0.8536,3.657
97.8876,0.9717,4.163
97.8878,1.0142,4.3489
97.8880,0.9884,4.2363
97.8882,1.0176,4.3592
97.8884,0.9902,4.248
97.8886,0.9594,4.1177
97.8888,0.956,4.1071
97.8890,0.9312,3.9875
97.8892,1.0301,4.4131
97.8894,1.0953,4.6899
97.8896,1.0564,4.5277
97.8898,1.0494,4.4937
97.8900,1.0547,4.5205
97.8902,1.0706,4.5884
97.8904,1.0114,4.3411
97.8906,1.01,4.3289
97.8908,1.0358,4.4373
97.8910,1.0594,4.5342
97.8912,1.146,4.9094
97.8914,1.1431,4.8879
97.8916,1.0857,4.664
97.8918,0.9373,4.0287
97.8920,0.8452,3.6362
97.8922,0.7758,3.3344
97.8924,0.8196,3.5226
97.8926,0.8083,3.4757
97.8928,0.782,3.3691
97.8930,0.7184,3.0905
97.8932,0.7673,3.3025
97.8934,0.74,3.1892
97.8936,0.7262,3.1269
97.8938,0.7669,3.2978
97.8940,0.787,3.3855
97.8942,0.6888,2.9713
97.8944,0.6197,2.6721
97.8946,0.6448,2.7776
97.8948,0.6483,2.7931
97.8950,0.7103,3.0587
97.8952,0.7579,3.2607
97.8954,0.7683,3.3081
97.8956,0.6982,3.0066
97.8958,0.7187,3.0963
97.8960,0.6731,2.9009
97.8962,0.6378,2.7489
97.8964,0.6157,2.6563
97.8966,0.6133,2.6447
97.8968,0.6517,2.8076
97.8970,0.6641,2.8621
97.8972,0.6027,2.6023
97.8974,0.5531,2.3851
97.8976,0.6398,2.7526
97.8978,0.6903,2.978
97.8980,0.579,2.4991
97.8982,0.5557,2.3971
97.8984,0.5513,2.3785
97.8986,0.5491,2.3709
97.8988,0.5477,2.3619
97.8990,0.5446,2.3495
97.8992,0.5421,2.3387
97.8994,0.5853,2.5202
97.8996,0.6561,2.8254
97.8998,0.6371,2.7458
97.9000,0.6347,2.7367
97.9002,0.6372,2.7463
97.9004,0.616,2.6549
97.9006,0.5914,2.5465
97.9008,0.6913,2.9739
97.9010,0.7326,3.1504
97.9012,0.725,3.1203
97.9014,0.7082,3.0509
97.9016,0.6709,2.8956
97.9018,0.6133,2.641
97.9020,0.6388,2.7492
97.9022,0.6094,2.6301
97.9024,0.5088,2.1969
97.9026,0.4896,2.1131
97.9028,0.4898,2.1131
97.9030,0.4905,2.1172
97.9032,0.5481,2.3645
97.9034,0.5939,2.5586
97.9036,0.6229,2.6836
97.9038,0.61,2.6266
97.9040,0.6563,2.8272
97.9042,0.6065,2.614
97.9044,0.5934,2.5589
97.9046,0.5981,2.5778
97.9048,0.6376,2.7453
97.9050,0.7208,3.1037
97.9052,0.7127,3.0634
97.9054,0.7678,3.3015
97.9056,0.7488,3.223
97.9058,0.6575,2.831
97.9060,0.6419,2.7652
97.9062,0.622,2.6832
97.9064,0.5886,2.5394
97.9066,0.5835,2.516
97.9068,0.5769,2.4864
97.9070,0.576,2.4816
97.9072,0.6221,2.6775
97.9074,0.6818,2.9331
97.9076,0.663,2.8601
97.9078,0.587,2.5286
97.9080,0.579,2.498
97.9082,0.5786,2.4948
97.9084,0.5787,2.4953
97.9086,0.5804,2.5014
97.9088,0.5782,2.4909
97.9090,0.5579,2.4058
97.9092,0.5503,2.3727
97.9094,0.5829,2.5122
97.9096,0.6242,2.6905
97.9098,0.5528,2.3869
97.9100,0.4913,2.1203
97.9102,0.5144,2.2181
97.9104,0.5675,2.4449
97.9106,0.6135,2.6415
97.9108,0.6215,2.6761
97.9110,0.5903,2.5454
97.9112,0.5757,2.4824
97.9114,0.5666,2.4442
97.9116,0.5426,2.3418
97.9118,0.527,2.2745
97.9120,0.5259,2.2678
97.9122,0.5799,2.4993
97.9124,0.5607,2.4166
97.9126,0.5474,2.356
97.9128,0.6144,2.6469
97.9130,0.5992,2.5825
97.9132,0.5667,2.439
97.9134,0.5871,2.5315
97.9136,0.603,2.599
97.9138,0.5784,2.4919
97.9140,0.6348,2.7309
97.9142,0.6022,2.5978
97.9144,0.5317,2.2937
97.9146,0.5271,2.2729
97.9148,0.5337,2.3003
97.9150,0.5716,2.4648
97.9152,0.527,2.2703
97.9154,0.5259,2.2657
97.9156,0.5364,2.3117
97.9158,0.5379,2.3195
97.9160,0.5401,2.3256
97.9162,0.5871,2.5291
97.9164,0.5253,2.2652
97.9166,0.509,2.1959
97.9168,0.5121,2.2083
97.9170,0.5202,2.2388
97.9172,0.5522,2.3799
97.9174,0.5441,2.3442
97.9176,0.6306,2.7091
97.9178,0.7506,3.2277
97.9180,0.7052,3.0337
97.9182,0.6715,2.8901
97.9184,0.6597,2.8395
97.9186,0.662,2.848
97.9188,0.6787,2.917
97.9190,0.7455,3.2026
97.9192,0.7409,3.183
97.9194,0.7539,3.2401
97.9196,0.736,3.1589
97.9198,0.8298,3.5647
97.9200,0.8461,3.6314
97.9202,0.8961,3.8424
97.9204,0.9081,3.8975
97.9206,0.872,3.7408
97.9208,0.9162,3.9251
97.9210,0.9327,3.9955
97.9212,0.9721,4.1684
97.9214,1.0092,4.3232
97.9216,1.0637,4.5527
97.9218,1.0655,4.5583
97.9220,1.0676,4.5713
97.9222,1.0496,4.4922
97.9224,1.0936,4.6783
97.9226,1.0691,4.5779
97.9228,1.0518,4.5082
97.9230,1.0425,4.464
97.9232,0.9969,4.2768
97.9234,0.9733,4.1716
97.9236,0.9681,4.1495
97.9238,0.9496,4.0755
97.9240,0.8861,3.8033
97.9242,0.9018,3.8725
97.9244,0.848,3.643
97.9246,0.883,3.7899
97.9248,0.888,3.8097
97.9250,0.897,3.8501
97.9252,0.8932,3.8372
97.9254,0.8836,3.7925
97.9256,0.9451,4.0622
97.9258,0.821,3.5337
97.9260,0.759,3.2638
97.9262,0.7374,3.1725
97.9264,0.7829,3.3664
97.9266,0.7524,3.2385
97.9268,0.6932,2.9821
97.9270,0.6963,2.9969
97.9272,0.7597,3.2623
97.9274,0.7938,3.4133
97.9276,0.7524,3.24
97.9278,0.7943,3.417
97.9280,0.7709,3.3195
97.9282,0.6805,2.9275
97.9284,0.7356,3.1677
97.9286,0.7512,3.2303
97.9288,0.7522,3.2329
97.9290,0.7536,3.2481
97.9292,0.7055,3.0353
97.9294,0.7239,3.1142
97.9296,0.7431,3.1982
97.9298,0.7449,3.2074
97.9300,0.6991,3.0088
97.9302,0.7268,3.128
97.9304,0.7319,3.1502
97.9306,0.6707,2.8919
97.9308,0.591,2.5497
97.9310,0.5648,2.4364
97.9312,0.5635,2.4296
97.9314,0.5817,2.507
97.9316,0.6168,2.6597
97.9318,0.5909,2.548
97.9320,0.574,2.4751
97.9322,0.5757,2.4835
97.9324,0.5698,2.4582
97.9326,0.5703,2.4602
97.9328,0.5723,2.4679
97.9330,0.5853,2.5237
97.9332,0.5768,2.487
97.9334,0.5927,2.551
97.9336,0.6649,2.8657
97.9338,0.5649,2.4358
97.9340,0.5416,2.3388
97.9342,0.5318,2.2963
97.9344,0.5239,2.26
97.9346,0.5601,2.414
97.9348,0.5614,2.4208
97.9350,0.5371,2.3159
97.9352,0.5626,2.426
97.9354,0.5179,2.2342
97.9356,0.5262,2.2688
97.9358,0.5447,2.3511
97.9360,0.5404,2.3303
97.9362,0.5284,2.2786
97.9364,0.5362,2.3122
97.9366,0.6201,2.6675
97.9368,0.7492,3.2155
97.9370,0.7944,3.4143
97.9372,0.7099,3.0581
97.9374,0.6575,2.831
97.9376,0.6993,3.0056
97.9378,0.7522,3.2329
97.9380,0.7964,3.4263
97.9382,0.7709,3.3102
97.9384,0.8415,3.6101
97.9386,0.8577,3.6847
97.9388,0.8286,3.5596
97.9390,0.8251,3.5446
97.9392,0.8245,3.542
97.9394,0.7789,3.3478
97.9396,0.7838,3.3721
97.9398,0.7234,3.1121
97.9400,0.7539,3.2341
97.9402,0.8755,3.7592
97.9404,0.8753,3.7622
97.9406,0.81,3.4797
97.9408,0.8066,3.4685
97.9410,0.7578,3.2617
97.9412,0.7431,3.1952
97.9414,0.7782,3.3479
97.9416,0.7324,3.1523
97.9418,0.7403,3.1834
97.9420,0.7408,3.1899
97.9422,0.6731,2.9009
97.9424,0.6302,2.7201
97.9426,0.5549,2.3929
97.9428,0.5511,2.3764
97.9430,0.5518,2.3817
97.9432,0.5543,2.3881
97.9434,0.6482,2.7874
97.9436,0.7274,3.1306
97.9438,0.6927,2.9815
97.9440,0.6814,2.9343
97.9442,0.6601,2.845
97.9444,0.6276,2.7062
97.9446,0.5685,2.4513
97.9448,0.5951,2.5614
97.9450,0.6516,2.807
97.9452,0.5985,2.5794
97.9454,0.589,2.5374
97.9456,0.6238,2.6884
97.9458,0.593,2.5556
97.9460,0.6398,2.7539
97.9462,0.6961,2.9959
97.9464,0.6849,2.9506
97.9466,0.6102,2.6288
97.9468,0.6792,2.9245
97.9470,0.69,2.9696
97.9472,0.666,2.8664
97.9474,0.6294,2.7115
97.9476,0.6163,2.6589
97.9478,0.5318,2.2952
97.9480,0.5153,2.2207
97.9482,0.5337,2.3025
97.9484,0.4925,2.1235
97.9486,0.4995,2.156
97.9488,0.4999,2.1586
97.9490,0.4975,2.1482
97.9492,0.4959,2.1395
97.9494,0.4923,2.1269
97.9496,0.4937,2.1307
97.9498,0.4961,2.14
97.9500,0.4922,2.1235
97.9502,0.4961,2.138
97.9504,0.5397,2.3262
97.9506,0.5199,2.245
97.9508,0.4842,2.0907
97.9510,0.4871,2.1022
97.9512,0.4846,2.0904
97.9514,0.487,2.1017
97.9516,0.4824,2.082
97.9518,0.4831,2.0822
97.9520,0.4892,2.1105
97.9522,0.5039,2.1726
97.9524,0.5449,2.3462
97.9526,0.5692,2.4522
97.9528,0.6196,2.6691
97.9530,0.6015,2.5875
97.9532,0.7084,3.0476
97.9534,0.7317,3.1404
97.9536,0.7924,3.4008
97.9538,0.7842,3.3658
97.9540,0.8211,3.5276
97.9542,0.8298,3.563
97.9544,0.8835,3.7902
97.9546,0.8727,3.7491
97.9548,0.8109,3.4822
97.9550,0.8779,3.7643
97.9552,0.9148,3.919
97.9554,0.9373,4.0212
97.9556,0.9003,3.864
97.9558,0.8964,3.8475
97.9560,0.8908,3.8216
97.9562,0.8783,3.7698
97.9564,0.8431,3.6236
97.9566,0.8693,3.7277
97.9568,0.9565,4.0977
97.9570,1.008,4.312
97.9572,1.0738,4.5894
97.9574,1.1394,4.8765
97.9576,1.1045,4.7228
97.9578,1.1242,4.8091
97.9580,1.127,4.8192
97.9582,1.1503,4.9232
97.9584,1.0088,4.3237
97.9586,0.9924,4.2533
97.9588,1.0051,4.3158
97.9590,0.9425,4.0452
97.9592,0.8763,3.7646
97.9594,0.79,3.4016
97.9596,0.7498,3.2226
97.9598,0.7849,3.3752
97.9600,0.7508,3.2237
97.9602,0.8257,3.5505
97.9604,0.798,3.4314
97.9606,0.8114,3.4826
97.9608,0.856,3.6827
97.9610,0.7421,3.1956
97.9612,0.7132,3.0683
97.9614,0.7385,3.1742
97.9616,0.8177,3.5176
97.9618,0.7793,3.3541
97.9620,0.7732,3.3277
97.9622,0.765,3.2896
97.9624,0.7584,3.2628
97.9626,0.7285,3.1382
97.9628,0.6705,2.8873
97.9630,0.7232,3.1096
97.9632,0.7335,3.1569
97.9634,0.7077,3.0446
97.9636,0.7444,3.2069
97.9638,0.688,2.9627
97.9640,0.7065,3.0394
97.9642,0.6615,2.8526
97.9644,0.5885,2.5365
97.9646,0.6117,2.6326
97.9648,0.6481,2.796
97.9650,0.5313,2.2942
97.9652,0.5307,2.2863
97.9654,0.6438,2.7773
97.9656,0.5253,2.2694
97.9658,0.4925,2.1245
97.9660,0.5428,2.3418
97.9662,0.5015,2.1663
97.9664,0.4919,2.1229
97.9666,0.4841,2.0883
97.9668,0.5503,2.3738
97.9670,0.5361,2.3149
97.9672,0.5158,2.2254
97.9674,0.5102,2.2011
97.9676,0.5336,2.3041
97.9678,0.475,2.0518
97.9680,0.413,1.784
97.9682,0.407,1.7581
97.9684,0.4372,1.8887
97.9686,0.4595,1.9841
97.9688,0.4908,2.1182
97.9690,0.4913,2.1223
97.9692,0.4667,2.0161
97.9694,0.4585,1.979
97.9696,0.4751,2.0476
97.9698,0.5697,2.4542
97.9700,0.6305,2.7161
97.9702,0.6028,2.6004
97.9704,0.5693,2.455
97.9706,0.5559,2.3959
97.9708,0.554,2.3888
97.9710,0.5527,2.3831
97.9712,0.559,2.4105
97.9714,0.5625,2.4199
97.9716,0.6103,2.6269
97.9718,0.679,2.9213
97.9720,0.7149,3.0769
97.9722,0.7231,3.112
97.9724,0.6555,2.8254
97.9726,0.566,2.4416
97.9728,0.5489,2.3638
97.9730,0.5758,2.4806
97.9732,0.5373,2.3158
97.9734,0.5955,2.5629
97.9736,0.6336,2.727
97.9738,0.6341,2.7304
97.9740,0.6205,2.6732
97.9742,0.6127,2.6409
97.9744,0.5844,2.5166
97.9746,0.6125,2.635
97.9748,0.6474,2.7851
97.9750,0.6581,2.8349
97.9752,0.6137,2.6426
97.9754,0.6241,2.6838
97.9756,0.7091,3.0564
97.9758,0.5493,2.3686
97.9760,0.5329,2.2956
97.9762,0.5794,2.4972
97.9764,0.5348,2.305
97.9766,0.5234,2.2548
97.9768,0.5204,2.243
97.9770,0.5975,2.5729
97.9772,0.6292,2.7092
97.9774,0.6461,2.7807
97.9776,0.6891,2.966
97.9778,0.6994,3.0118
97.9780,0.6316,2.7195
97.9782,0.5953,2.5636
97.9784,0.6029,2.5949
97.9786,0.6191,2.6646
97.9788,0.6438,2.7709
97.9790,0.6729,2.899
97.9792,0.5806,2.5012
97.9794,0.5777,2.4865
97.9796,0.6524,2.8107
97.9798,0.604,2.6008
97.9800,0.6113,2.6274
97.9802,0.6624,2.8496
97.9804,0.6904,2.9647
97.9806,0.7871,3.3797
97.9808,0.8136,3.4984
97.9810,0.7296,3.136
97.9812,0.7318,3.1438
97.9814,0.7532,3.2401
97.9816,0.6365,2.742
97.9818,0.5921,2.5508
97.9820,0.6414,2.7593
97.9822,0.6936,2.9837
97.9824,0.675,2.9064
97.9826,0.6655,2.863
97.9828,0.7024,3.0204
97.9830,0.6994,3.009
97.9832,0.6247,2.6951
97.9834,0.4997,2.1555
97.9836,0.4861,2.0981
97.9838,0.4866,2.1001
97.9840,0.4861,2.0981
97.9842,0.4855,2.0945
97.9844,0.4822,2.0791
97.9846,0.4801,2.0703
97.9848,0.4832,2.0827
97.9850,0.5079,2.1882
97.9852,0.5702,2.4597
97.9854,0.5124,2.2073
97.9856,0.5539,2.3849
97.9858,0.6027,2.5987
97.9860,0.5723,2.4644
97.9862,0.622,2.6757
97.9864,0.6352,2.7299
97.9866,0.7292,3.1325
97.9868,0.7685,3.3046
97.9870,0.7231,3.1106
97.9872,0.7295,3.1341
97.9874,0.7594,3.2654
97.9876,0.7527,3.2335
97.9878,0.844,3.6193
97.9880,0.9136,3.9138
97.9882,0.9361,4.0123
97.9884,0.9035,3.8725
97.9886,0.9243,3.9614
97.9888,0.96,4.1222
97.9890,0.9054,3.8825
97.9892,0.945,4.0522
97.9894,0.9307,3.9929
97.9896,0.953,4.0866
97.9898,0.9377,4.0171
97.9900,0.9305,3.9881
97.9902,0.9552,4.0921
97.9904,0.9431,4.0458
97.9906,0.9122,3.9168
97.9908,0.8866,3.8053
97.9910,0.8978,3.8514
97.9912,0.8829,3.7911
97.9914,0.8291,3.5633
97.9916,0.8526,3.6575
97.9918,0.946,4.0639
97.9920,0.8765,3.7674
97.9922,0.8244,3.5432
97.9924,0.7558,3.2484
97.9926,0.7305,3.1426
97.9928,0.7487,3.2195
97.9930,0.7425,3.1941
97.9932,0.6969,2.9995
97.9934,0.7005,3.0122
97.9936,0.6914,2.9744
97.9938,0.6931,2.9816
97.9940,0.7135,3.0665
97.9942,0.7046,3.0311
97.9944,0.6432,2.7683
97.9946,0.6788,2.9216
97.9948,0.6879,2.9608
97.9950,0.7061,3.0393
97.9952,0.6714,2.8882
97.9954,0.6735,2.8962
97.9956,0.7292,3.1427
97.9958,0.6302,2.7138
97.9960,0.6454,2.775
97.9962,0.6725,2.8983
97.9964,0.5861,2.5238
97.9966,0.701,3.0213
97.9968,0.6245,2.6878
97.9970,0.6528,2.8096
97.9972,0.6539,2.8142
97.9974,0.6739,2.9004
97.9976,0.7047,3.026
97.9978,0.7481,3.2169
97.9980,0.755,3.2463
97.9982,0.7533,3.2406
97.9984,0.7424,3.1921
97.9986,0.7233,3.1116
97.9988,0.6802,2.9305
97.9990,0.6596,2.8417
97.9992,0.6573,2.8305
97.9994,0.5759,2.4811
97.9996,0.5603,2.4151
97.9998,0.6198,2.6689
98.0000,0.6804,2.9269
98.0002,0.7221,3.105
98.0004,0.7975,3.4277
98.0006,0.7752,3.335
98.0008,0.7275,3.1282
98.0010,0.7251,3.115
98.0012,0.7709,3.3118
98.0014,0.8207,3.5256
98.0016,0.8097,3.4868
98.0018,0.6878,2.9603
98.0020,0.6931,2.983
98.0022,0.6986,3.0123
98.0024,0.5847,2.5211
98.0026,0.5956,2.5634
98.0028,0.6974,3.0016
98.0030,0.6836,2.9409
98.0032,0.7148,3.0764
98.0034,0.6964,2.9988
98.0036,0.6425,2.7678
98.0038,0.6347,2.7329
98.0040,0.6384,2.7477
98.0042,0.6564,2.8238
98.0044,0.7213,3.1
98.0046,0.7585,3.2633
98.0048,0.7685,3.3015
98.0050,0.7419,3.1975
98.0052,0.6254,2.6944
98.0054,0.6184,2.6627
98.0056,0.6362,2.7371
98.0058,0.6621,2.8512
98.0060,0.6174,2.6623
98.0062,0.6149,2.6502
98.0064,0.6343,2.7288
98.0066,0.6988,3.0092
98.0068,0.6376,2.7453
98.0070,0.6257,2.6942
98.0072,0.6178,2.6614
98.0074,0.6127,2.6409
98.0076,0.6102,2.6288
98.0078,0.6145,2.6474
98.0080,0.6112,2.6342
98.0082,0.6105,2.6299
98.0084,0.609,2.6249
98.0086,0.5944,2.5606
98.0088,0.6263,2.6943
98.0090,0.6641,2.8608
98.0092,0.6432,2.767
98.0094,0.6251,2.6954
98.0096,0.5656,2.4389
98.0098,0.6102,2.6276
98.0100,0.6226,2.6833
98.0102,0.606,2.6083
98.0104,0.6638,2.8557
98.0106,0.6925,2.9804
98.0108,0.6576,2.8289
98.0110,0.6879,2.9622
98.0112,0.6262,2.7013
98.0114,0.5545,2.3919
98.0116,0.547,2.3577
98.0118,0.5668,2.4396
98.0120,0.596,2.5697
98.0122,0.5576,2.4032
98.0124,0.5692,2.4522
98.0126,0.5829,2.5075
98.0128,0.6294,2.7178
98.0130,0.5047,2.1753
98.0132,0.609,2.6237
98.0134,0.6173,2.6568
98.0136,0.663,2.8574
98.0138,0.6174,2.6611
98.0140,0.5922,2.5502
98.0142,0.6138,2.6443
98.0144,0.6173,2.6581
98.0146,0.6163,2.6539
98.0148,0.6501,2.7982
98.0150,0.6986,3.0095
98.0152,0.6392,2.7526
98.0154,0.6244,2.6898
98.0156,0.6154,2.651
98.0158,0.61,2.6253
98.0160,0.6563,2.8246
98.0162,0.5986,2.5799
98.0164,0.5456,2.3558
98.0166,0.4859,2.0961
98.0168,0.5004,2.1556
98.0170,0.497,2.1432
98.0172,0.5126,2.2094
98.0174,0.5763,2.4815
98.0176,0.6047,2.6039
98.0178,0.6084,2.6211
98.0180,0.6097,2.6268
98.0182,0.6223,2.6798
98.0184,0.6119,2.6336
98.0186,0.6079,2.6178
98.0188,0.6415,2.7585
98.0190,0.6711,2.8912
98.0192,0.5739,2.4677
98.0194,0.6798,2.923
98.0196,0.701,3.0157
98.0198,0.7627,3.2783
98.0200,0.791,3.3983
98.0202,0.7729,3.319
98.0204,0.7806,3.3535
98.0206,0.7872,3.3803
98.0208,0.8202,3.5186
98.0210,0.8963,3.847
98.0212,0.8751,3.7559
98.0214,0.8511,3.653
98.0216,0.85,3.6501
98.0218,0.8443,3.6254
98.0220,0.8641,3.7069
98.0222,0.8702,3.7279
98.0224,0.9894,4.2405
98.0226,0.9775,4.1837
98.0228,0.9909,4.2511
98.0230,0.9533,4.0858
98.0232,0.9698,4.1547
98.0234,0.9659,4.1339
98.0236,1.077,4.6075
98.0238,1.1057,4.7301
98.0240,1.0517,4.5119
98.0242,0.9195,3.9482
98.0244,0.8919,3.8298
98.0246,0.8937,3.8339
98.0248,0.9145,3.9289
98.0250,0.8665,3.7171
98.0252,0.9058,3.8859
98.0254,0.8891,3.8197
98.0256,0.8309,3.5727
98.0258,0.786,3.3783
98.0260,0.8141,3.4989
98.0262,0.8112,3.4914
98.0264,0.6979,3.005
98.0266,0.6305,2.7161
98.0268,0.6456,2.7812
98.0270,0.6691,2.8798
98.0272,0.6714,2.8909
98.0274,0.7461,3.2066
98.0276,0.8173,3.5144
98.0278,0.7404,3.1898
98.0280,0.6522,2.8109
98.0282,0.643,2.7698
98.0284,0.6545,2.8168
98.0286,0.615,2.6519
98.0288,0.5956,2.5682
98.0290,0.6167,2.6555
98.0292,0.6415,2.7624
98.0294,0.624,2.6895
98.0296,0.6607,2.8397
98.0298,0.7781,3.3458
98.0300,0.6931,2.9872
98.0302,0.5547,2.3963
98.0304,0.4926,2.125
98.0306,0.5512,2.3758
98.0308,0.5777,2.4923
98.0310,0.5921,2.552
98.0312,0.5826,2.5135
98.0314,0.4929,2.1266
98.0316,0.4849,2.0939
98.0318,0.5003,2.1571
98.0320,0.5662,2.4438
98.0322,0.5105,2.2031
98.0324,0.4911,2.1198
98.0326,0.4946,2.1358
98.0328,0.5366,2.3127
98.0330,0.5744,2.4755
98.0332,0.5753,2.4808
98.0334,0.5446,2.3463
98.0336,0.5173,2.2337
98.0338,0.4937,2.1326
98.0340,0.5089,2.1933
98.0342,0.5601,2.414
98.0344,0.6083,2.6218
98.0346,0.5992,2.5837
98.0348,0.5151,2.2212
98.0350,0.4998,2.1571
98.0352,0.4938,2.1312
98.0354,0.5102,2.2011
98.0356,0.5126,2.2114
98.0358,0.5155,2.2218
98.0360,0.5161,2.2233
98.0362,0.5813,2.509
98.0364,0.5109,2.2011
98.0366,0.5326,2.2946
98.0368,0.5789,2.4952
98.0370,0.5668,2.4418
98.0372,0.5687,2.449
98.0374,0.6439,2.7727
98.0376,0.6638,2.8571
98.0378,0.6525,2.8086
98.0380,0.6414,2.758
98.0382,0.7071,3.042
98.0384,0.6835,2.939
98.0386,0.7344,3.1537
98.0388,0.7872,3.3803
98.0390,0.7751,3.3345
98.0392,0.7203,3.0987
98.0394,0.6854,2.9459
98.0396,0.7045,3.032
98.0398,0.7201,3.0934
98.0400,0.7865,3.385
98.0402,0.6633,2.855
98.0404,0.6329,2.7227
98.0406,0.6693,2.8835
98.0408,0.6558,2.8212
98.0410,0.715,3.076
98.0412,0.6753,2.9039
98.0414,0.7214,3.1019
98.0416,0.7211,3.1023
98.0418,0.6956,2.9883
98.0420,0.741,3.185
98.0422,0.7165,3.0851
98.0424,0.6332,2.7267
98.0426,0.6142,2.6459
98.0428,0.5672,2.4456
98.0430,0.5672,2.4456
98.0432,0.5566,2.3968
98.0434,0.5654,2.4322
98.0436,0.622,2.677
98.0438,0.6629,2.8529
98.0440,0.6916,2.9727
98.0442,0.6876,2.9606
98.0444,0.6003,2.5908
98.0446,0.4938,2.1302
98.0448,0.4781,2.0624
98.0450,0.4723,2.0376
98.0452,0.4717,2.0369
98.0454,0.4724,2.0372
98.0456,0.4739,2.0453
98.0458,0.4738,2.0448
98.0460,0.4778,2.0614
98.0462,0.5158,2.2223
98.0464,0.5248,2.2631
98.0466,0.5438,2.3416
98.0468,0.6186,2.6637
98.0470,0.5687,2.4501
98.0472,0.5431,2.3417
98.0474,0.5352,2.3076
98.0476,0.5361,2.3096
98.0478,0.576,2.4804
98.0480,0.598,2.5761
98.0482,0.5963,2.5701
98.0484,0.5989,2.5767
98.0486,0.625,2.6899
98.0488,0.5971,2.5725
98.0490,0.6083,2.6181
98.0492,0.6639,2.8563
98.0494,0.6457,2.7779
98.0496,0.6174,2.6586
98.0498,0.6265,2.6978
98.0500,0.6286,2.7028
98.0502,0.7169,3.0843
98.0504,0.638,2.7461
98.0506,0.5932,2.5602
98.0508,0.5094,2.1964
98.0510,0.4928,2.1261
98.0512,0.4923,2.124
98.0514,0.494,2.1312
98.0516,0.491,2.1173
98.0518,0.4854,2.094
98.0520,0.4908,2.1173
98.0522,0.4927,2.1226
98.0524,0.5284,2.2765
98.0526,0.6364,2.7351
98.0528,0.7183,3.0899
98.0530,0.6837,2.94
98.0532,0.7033,3.0241
98.0534,0.7187,3.0877
98.0536,0.7165,3.0765
98.0538,0.7647,3.2819
98.0540,0.812,3.4868
98.0542,0.83,3.5624
98.0544,0.8529,3.6624
98.0546,0.792,3.4024
98.0548,0.8385,3.5956
98.0550,0.8996,3.8537
98.0552,0.9258,3.9625
98.0554,0.9632,4.1246
98.0556,0.9857,4.2226
98.0558,0.9839,4.2188
98.0560,0.9493,4.0726
98.0562,0.9275,3.9716
98.0564,0.9788,4.1952
98.0566,0.9988,4.2771
98.0568,0.996,4.2667
98.0570,0.9389,4.0241
98.0572,0.9891,4.2355
98.0574,1.0497,4.4927
98.0576,1.0343,4.429
98.0578,1.0643,4.5595
98.0580,0.9939,4.26
98.0582,0.9484,4.0685
98.0584,0.9427,4.0424
98.0586,0.9174,3.9394
98.0588,0.8958,3.8432
98.0590,0.886,3.8063
98.0592,0.8522,3.6559
98.0594,0.8884,3.8166
98.0596,0.8723,3.7389
98.0598,0.9401,4.0292
98.0600,0.9298,3.9943
98.0602,0.8362,3.5925
98.0604,0.8773,3.7687
98.0606,0.8689,3.7257
98.0608,0.9757,4.1702
98.0610,1.1125,4.7638
98.0612,1.0395,4.4594
98.0614,0.9257,3.9713
98.0616,0.8993,3.8581
98.0618,0.9472,4.0671
98.0620,0.8998,3.8709
98.0622,0.7551,3.2468
98.0624,0.7752,3.335
98.0626,0.7553,3.2493
98.0628,0.7527,3.2365
98.0630,0.7535,3.2416
98.0632,0.7511,3.2343
98.0634,0.7373,3.1734
98.0636,0.7135,3.0665
98.0638,0.7566,3.2596
98.0640,0.6985,3.0062
98.0642,0.7445,3.1984
98.0644,0.7894,3.3927
98.0646,0.7476,3.2193
98.0648,0.6841,2.9457
98.0650,0.7308,3.1456
98.0652,0.7487,3.2285
98.0654,0.609,2.6261
98.0656,0.5864,2.5295
98.0658,0.6065,2.614
98.0660,0.6316,2.7195
98.0662,0.6065,2.614
98.0664,0.6415,2.7611
98.0666,0.7245,3.1197
98.0668,0.6686,2.8831
98.0670,0.6,2.5861
98.0672,0.5829,2.511
98.0674,0.588,2.5368
98.0676,0.5601,2.4185
98.0678,0.5,2.1581
98.0680,0.4928,2.1241
98.0682,0.5286,2.2792
98.0684,0.5608,2.4194
98.0686,0.545,2.35
98.0688,0.5469,2.3605
98.0690,0.5629,2.4237
98.0692,0.6697,2.8824
98.0694,0.6483,2.7905
98.0696,0.6449,2.7768
98.0698,0.651,2.8045
98.0700,0.6563,2.8259
98.0702,0.6577,2.8321
98.0704,0.6836,2.9409
98.0706,0.7249,3.1198
98.0708,0.7228,3.1067
98.0710,0.7751,3.3298
98.0712,0.8028,3.4488
98.0714,0.8264,3.5552
98.0716,0.7073,3.0487
98.0718,0.6323,2.7239
98.0720,0.6494,2.7977
98.0722,0.6202,2.6729
98.0724,0.6137,2.645
98.0726,0.6076,2.6175
98.0728,0.6045,2.6016
98.0730,0.6187,2.6643
98.0732,0.6934,2.9845
98.0734,0.6849,2.9493
98.0736,0.6169,2.659
98.0738,0.6053,2.6089
98.0740,0.6046,2.607
98.0742,0.5999,2.5844
98.0744,0.601,2.5866
98.0746,0.6085,2.6228
98.0748,0.6076,2.6199
98.0750,0.5886,2.537
98.0752,0.6461,2.7846
98.0754,0.5631,2.4292
98.0756,0.5433,2.3438
98.0758,0.5341,2.3019
98.0760,0.5293,2.2833
98.0762,0.527,2.2735
98.0764,0.5631,2.4236
98.0766,0.6984,3.0001
98.0768,0.7446,3.2049
98.0770,0.6737,2.9021
98.0772,0.706,3.0345
98.0774,0.7587,3.2592
98.0776,0.7776,3.3391
98.0778,0.8166,3.5146
98.0780,0.7358,3.1653
98.0782,0.7457,3.2066
98.0784,0.7383,3.1761
98.0786,0.693,2.9839
98.0788,0.6196,2.6679
98.0790,0.6162,2.6559
98.0792,0.6448,2.775
98.0794,0.7154,3.0776
98.0796,0.7008,3.016
98.0798,0.7151,3.0737
98.0800,0.7398,3.1813
98.0802,0.7004,3.0145
98.0804,0.6954,2.99
98.0806,0.8048,3.4527
98.0808,0.8584,3.6895
98.0810,0.7557,3.2479
98.0812,0.7657,3.2927
98.0814,0.722,3.1074
98.0816,0.6663,2.8706
98.0818,0.6119,2.6361
98.0820,0.6136,2.6457
98.0822,0.6184,2.6615
98.0824,0.6593,2.8375
98.0826,0.6054,2.6082
98.0828,0.6214,2.6781
98.0830,0.6262,2.6963
98.0832,0.6138,2.6455
98.0834,0.5632,2.432
98.0836,0.4919,2.1229
98.0838,0.4884,2.1069
98.0840,0.4817,2.078
98.0842,0.4825,2.0825
98.0844,0.4838,2.0873
98.0846,0.4834,2.0842
98.0848,0.4846,2.0913
98.0850,0.4837,2.0887
98.0852,0.4871,2.1003
98.0854,0.4861,2.0971
98.0856,0.5147,2.2181
98.0858,0.6338,2.7281
98.0860,0.6618,2.8457
98.0862,0.6632,2.8571
98.0864,0.6166,2.6562
98.0866,0.6483,2.7853
98.0868,0.7755,3.3314
98.0870,0.7823,3.367
98.0872,0.7109,3.0571
98.0874,0.7516,3.2303
98.0876,0.79,3.3905
98.0878,0.7856,3.3751
98.0880,0.8003,3.4364
98.0882,0.8546,3.6628
98.0884,0.9083,3.8967
98.0886,0.9124,3.9142
98.0888,0.9437,4.0409
98.0890,0.9674,4.1445
98.0892,0.9806,4.2049
98.0894,0.931,3.9883
98.0896,0.9846,4.2219
98.0898,0.9709,4.1652
98.0900,0.9625,4.1253
98.0902,0.9696,4.1576
98.0904,0.9384,4.0258
98.0906,0.8936,3.8352
98.0908,0.9144,3.9284
98.0910,0.8782,3.7676
98.0912,0.9161,3.9246
98.0914,0.9913,4.2546
98.0916,0.9051,3.8882
98.0918,0.847,3.6372
98.0920,0.8623,3.7026
98.0922,0.85,3.6535
98.0924,0.7114,3.0648
98.0926,0.621,2.6766
98.0928,0.6103,2.6306
98.0930,0.6064,2.6123
98.0932,0.6406,2.757
98.0934,0.7077,3.046
98.0936,0.6588,2.838
98.0938,0.619,2.6678
98.0940,0.5931,2.555
98.0942,0.6275,2.7045
98.0944,0.6314,2.7203
98.0946,0.6341,2.7342
98.0948,0.5606,2.4161
98.0950,0.5921,2.5532
98.0952,0.6027,2.5939
98.0954,0.6618,2.8523
98.0956,0.5687,2.4501
98.0958,0.6017,2.5921
98.0960,0.6067,2.6175
98.0962,0.5858,2.5223
98.0964,0.6649,2.8604
98.0966,0.707,3.0457
98.0968,0.6516,2.8057
98.0970,0.6579,2.8318
98.0972,0.6263,2.6993
98.0974,0.5872,2.5343
98.0976,0.5232,2.2569
98.0978,0.5173,2.2326
98.0980,0.5084,2.1923
98.0982,0.5702,2.4586
98.0984,0.5361,2.3096
98.0986,0.5915,2.5482
98.0988,0.6799,2.9235
98.0990,0.6884,2.9615
98.0992,0.6554,2.8223
98.0994,0.6581,2.8363
98.0996,0.6023,2.5899
98.0998,0.7222,3.1026
98.1000,0.7264,3.1265
98.1002,0.6637,2.8539
98.1004,0.7099,3.0553
98.1006,0.6248,2.6931
98.1008,0.6067,2.6138
98.1010,0.6569,2.8298
98.1012,0.6498,2.7993
98.1014,0.581,2.5051
98.1016,0.5655,2.4418
98.1018,0.5228,2.2533
98.1020,0.5398,2.3267
98.1022,0.5806,2.5012
98.1024,0.5873,2.5313
98.1026,0.5801,2.5026
98.1028,0.5247,2.2637
98.1030,0.5434,2.3389
98.1032,0.7331,3.1495
98.1034,0.7394,3.1837
98.1036,0.6483,2.7931
98.1038,0.6678,2.8714
98.1040,0.6729,2.8963
98.1042,0.6751,2.9042
98.1044,0.6698,2.8829
98.1046,0.703,3.0244
98.1048,0.7081,3.0503
98.1050,0.5656,2.4367
98.1052,0.5373,2.3158
98.1054,0.5402,2.3282
98.1056,0.5341,2.3008
98.1058,0.5361,2.3128
98.1060,0.536,2.3112
98.1062,0.5364,2.3117
98.1064,0.5338,2.303
98.1066,0.5332,2.3004
98.1068,0.5378,2.3157
98.1070,0.5913,2.5437
98.1072,0.6714,2.8936
98.1074,0.5643,2.4321
98.1076,0.5331,2.2999
98.1078,0.5329,2.2999
98.1080,0.5338,2.3008
98.1082,0.5317,2.2926
98.1084,0.5052,2.1783
98.1086,0.527,2.2682
98.1088,0.5818,2.5087
98.1090,0.482,2.0805
98.1092,0.4633,2.0007
98.1094,0.4654,2.0095
98.1096,0.4685,2.021
98.1098,0.4629,1.9967
98.1100,0.4588,1.9801
98.1102,0.4684,2.0205
98.1104,0.5215,2.2466
98.1106,0.57,2.4524
98.1108,0.6066,2.6097
98.1110,0.5891,2.5367
98.1112,0.5732,2.4715
98.1114,0.5849,2.5198
98.1116,0.5522,2.3777
98.1118,0.5517,2.3756
98.1120,0.5884,2.536
98.1122,0.5091,2.1954
98.1124,0.4702,2.0264
98.1126,0.5326,2.2946
98.1128,0.5174,2.2321
98.1130,0.5216,2.246
98.1132,0.609,2.6237
98.1134,0.5477,2.3586
98.1136,0.5435,2.3416
98.1138,0.5368,2.3138
98.1140,0.526,2.2672
98.1142,0.5673,2.4405
98.1144,0.5985,2.577
98.1146,0.5841,2.5162
98.1148,0.5774,2.4873
98.1150,0.5938,2.5569
98.1152,0.5852,2.5209
98.1154,0.5866,2.5259
98.1156,0.5888,2.5316
98.1158,0.6408,2.7554
98.1160,0.6251,2.6941
98.1162,0.5848,2.5181
98.1164,0.5838,2.5128
98.1166,0.6195,2.6661
98.1168,0.6066,2.6133
98.1170,0.601,2.5842
98.1172,0.7263,3.1216
98.1174,0.6439,2.7701
98.1176,0.6171,2.6533
98.1178,0.6563,2.8259
98.1180,0.6362,2.7396
98.1182,0.6733,2.8938
98.1184,0.6859,2.9493
98.1186,0.6849,2.9452
98.1188,0.6999,3.0096
98.1190,0.6601,2.8371
98.1192,0.7063,3.0313
98.1194,0.8032,3.4487
98.1196,0.8274,3.5511
98.1198,0.827,3.5496
98.1200,0.8265,3.5458
98.1202,0.8318,3.5668
98.1204,0.8558,3.6714
98.1206,0.8642,3.7056
98.1208,0.844,3.6243
98.1210,0.7892,3.389
98.1212,0.8498,3.6388
98.1214,0.9866,4.2286
98.1216,1.0041,4.2997
98.1218,1.006,4.3059
98.1220,0.9798,4.1935
98.1222,1.0116,4.3335
98.1224,1.0069,4.3135
98.1226,0.9788,4.1952
98.1228,0.9348,4.0066
98.1230,0.9795,4.2003
98.1232,0.9439,4.0438
98.1234,0.9675,4.145
98.1236,0.9508,4.075
98.1238,0.9274,3.9803
98.1240,0.942,4.0393
98.1242,0.9345,4.0051
98.1244,0.8879,3.8145
98.1246,0.8356,3.5916
98.1248,0.8297,3.5659
98.1250,0.7837,3.3669
98.1252,0.7783,3.3406
98.1254,0.8117,3.4902
98.1256,0.7263,3.1289
98.1258,0.7151,3.0722
98.1260,0.7691,3.3056
98.1262,0.7967,3.4225
98.1264,0.8394,3.6059
98.1266,0.8163,3.507
98.1268,0.7553,3.2478
98.1270,0.7073,3.043
98.1272,0.7383,3.1761
98.1274,0.733,3.1563
98.1276,0.6892,2.9651
98.1278,0.6956,2.9938
98.1280,0.6446,2.7771
98.1282,0.6517,2.8063
98.1284,0.6647,2.8594
98.1286,0.7054,3.0319
98.1288,0.7298,3.1438
98.1290,0.6894,2.9711
98.1292,0.6463,2.7856
98.1294,0.6069,2.6107
98.1296,0.7216,3.1029
98.1298,0.7167,3.0804
98.1300,0.7059,3.041
98.1302,0.6637,2.8579
98.1304,0.707,3.04
98.1306,0.7371,3.1754
98.1308,0.681,2.9336
98.1310,0.6621,2.8512
98.1312,0.6675,2.8731
98.1314,0.6781,2.9185
98.1316,0.6823,2.9338
98.1318,0.681,2.9377
98.1320,0.5156,2.2254
98.1322,0.491,2.1212
98.1324,0.4958,2.139
98.1326,0.5368,2.3127
98.1328,0.5888,2.5352
98.1330,0.6113,2.6359
98.1332,0.5324,2.2968
98.1334,0.5232,2.2559
98.1336,0.523,2.2554
98.1338,0.5245,2.2626
98.1340,0.5212,2.2497
98.1342,0.5312,2.2895
98.1344,0.5476,2.3614
98.1346,0.5447,2.3511
98.1348,0.5156,2.2243
98.1350,0.5244,2.259
98.1352,0.5404,2.3271
98.1354,0.6257,2.693
98.1356,0.7039,3.028
98.1358,0.6927,2.9828
98.1360,0.6359,2.7368
98.1362,0.6939,2.9852
98.1364,0.688,2.9613
98.1366,0.6687,2.8796
98.1368,0.6499,2.7959
98.1370,0.6937,2.9814
98.1372,0.7391,3.1782
98.1374,0.7795,3.3473
98.1376,0.8563,3.6751
98.1378,0.85,3.6518
98.1380,0.7752,3.3334
98.1382,0.7486,3.2145
98.1384,0.8024,3.4457
98.1386,0.7896,3.3906
98.1388,0.784,3.3711
98.1390,0.7698,3.3087
98.1392,0.8552,3.6705
98.1394,0.8601,3.6916
98.1396,0.8701,3.7326
98.1398,0.8662,3.723
98.1400,0.6819,2.935
98.1402,0.6211,2.6771
98.1404,0.6102,2.63
98.1406,0.6113,2.6335
98.1408,0.6107,2.6297
98.1410,0.6198,2.6702
98.1412,0.6195,2.6686
98.1414,0.6236,2.6817
98.1416,0.6828,2.9373
98.1418,0.7442,3.2029
98.1420,0.6762,2.917
98.1422,0.5816,2.5065
98.1424,0.5678,2.4482
98.1426,0.5757,2.4789
98.1428,0.6969,2.9953
98.1430,0.7849,3.3736
98.1432,0.7448,3.1995
98.1434,0.7448,3.2039
98.1436,0.7424,3.1966
98.1438,0.7018,3.0193
98.1440,0.715,3.076
98.1442,0.6872,2.9591
98.1444,0.7006,3.0155
98.1446,0.6656,2.8688
98.1448,0.6094,2.6264
98.1450,0.6022,2.5906
98.1452,0.6316,2.7182
98.1454,0.6114,2.6352
98.1456,0.5903,2.5466
98.1458,0.5892,2.5396
98.1460,0.6055,2.6038
98.1462,0.725,3.1159
98.1464,0.8047,3.4603
98.1466,0.6927,2.9856
98.1468,0.6075,2.6194
98.1470,0.6021,2.5937
98.1472,0.6111,2.6312
98.1474,0.5962,2.5732
98.1476,0.5106,2.2016
98.1478,0.5444,2.3463
98.1480,0.5364,2.3117
98.1482,0.4945,2.1353
98.1484,0.4919,2.1229
98.1486,0.4957,2.1385
98.1488,0.4928,2.1241
98.1490,0.529,2.2833
98.1492,0.4958,2.139
98.1494,0.5033,2.165
98.1496,0.6427,2.7662
98.1498,0.6229,2.6861
98.1500,0.5099,2.1985
98.1502,0.4941,2.1308
98.1504,0.4876,2.1033
98.1506,0.4879,2.1048
98.1508,0.4862,2.0976
98.1510,0.4825,2.0816
98.1512,0.4921,2.1239
98.1514,0.4888,2.1085
98.1516,0.5048,2.1758
98.1518,0.5221,2.2481
98.1520,0.5834,2.5119
98.1522,0.632,2.7216
98.1524,0.5909,2.5445
98.1526,0.6286,2.7066
98.1528,0.646,2.7763
98.1530,0.7721,3.3185
98.1532,0.7288,3.131
98.1534,0.7505,3.2182
98.1536,0.828,3.5537
98.1538,0.8162,3.5081
98.1540,0.8078,3.4656
98.1542,0.8595,3.6873
98.1544,0.891,3.819
98.1546,0.9125,3.9128
98.1548,0.9388,4.0236
98.1550,0.9646,4.1302
98.1552,0.9813,4.2041
98.1554,0.9791,4.1943
98.1556,0.9801,4.2028
98.1558,0.9607,4.1176
98.1560,0.9793,4.2032
98.1562,0.9261,3.9691
98.1564,0.9839,4.2129
98.1566,1.0479,4.485
98.1568,1.1215,4.8046
98.1570,1.1002,4.7065
98.1572,1.0987,4.7004
98.1574,1.0941,4.6826
98.1576,1.1066,4.7453
98.1578,0.977,4.1856
98.1580,1.0036,4.3016
98.1582,0.9719,4.1751
98.1584,0.8085,3.4784
98.1586,0.7883,3.3928
98.1588,0.7545,3.2442
98.1590,0.7667,3.2983
98.1592,0.7181,3.0894
98.1594,0.7064,3.0375
98.1596,0.7585,3.2602
98.1598,0.7601,3.2715
98.1600,0.6921,2.9789
98.1602,0.7456,3.2076
98.1604,0.8027,3.4483
98.1606,0.8428,3.6209
98.1608,0.8138,3.4962
98.1610,0.7822,3.3649
98.1612,0.6993,3.0126
98.1614,0.6101,2.6295
98.1616,0.6457,2.7817
98.1618,0.7055,3.0381
98.1620,0.6826,2.9395
98.1622,0.6516,2.8096
98.1624,0.5844,2.5178
98.1626,0.6571,2.8295
98.1628,0.6356,2.7396
98.1630,0.5943,2.5625
98.1632,0.5843,2.5219
98.1634,0.5933,2.5584
98.1636,0.6136,2.6408
98.1638,0.6726,2.8948
98.1640,0.6607,2.8489
98.1642,0.6075,2.6169
98.1644,0.5855,2.5224
98.1646,0.6017,2.5921
98.1648,0.657,2.8316
98.1650,0.6456,2.7799
98.1652,0.6897,2.9713
98.1654,0.5325,2.2983
98.1656,0.4882,2.1078
98.1658,0.4884,2.1079
98.1660,0.4957,2.1375
98.1662,0.5081,2.1918
98.1664,0.5052,2.1803
98.1666,0.5209,2.244
98.1668,0.5763,2.4861
98.1670,0.5606,2.4172
98.1672,0.538,2.3211
98.1674,0.4613,1.9919
98.1676,0.4585,1.9809
98.1678,0.4537,1.9601
98.1680,0.4572,1.9715
98.1682,0.5495,2.3685
98.1684,0.5585,2.4095
98.1686,0.5491,2.3665
98.1688,0.5535,2.3867
98.1690,0.5518,2.3806
98.1692,0.5465,2.3567
98.1694,0.5548,2.3913
98.1696,0.5555,2.3944
98.1698,0.5541,2.3882
98.1700,0.5581,2.4052
98.1702,0.5564,2.398
98.1704,0.5648,2.433
98.1706,0.5711,2.4581
98.1708,0.6209,2.6711
98.1710,0.6884,2.9615
98.1712,0.7322,3.1439
98.1714,0.7892,3.3985
98.1716,0.6466,2.7866
98.1718,0.557,2.4017
98.1720,0.5527,2.3842
98.1722,0.5902,2.5437
98.1724,0.5626,2.4249
98.1726,0.547,2.3566
98.1728,0.5838,2.5128
98.1730,0.7047,3.0302
98.1732,0.6897,2.9727
98.1734,0.578,2.4887
98.1736,0.6177,2.6621
98.1738,0.5331,2.2999
98.1740,0.5198,2.2414
98.1742,0.5253,2.2652
98.1744,0.5242,2.2584
98.1746,0.5245,2.2584
98.1748,0.5149,2.2202
98.1750,0.4977,2.1473
98.1752,0.5668,2.4441
98.1754,0.5246,2.2631
98.1756,0.4596,1.9828
98.1758,0.4476,1.9328
98.1760,0.4475,1.9323
98.1762,0.4551,1.9613
98.1764,0.4637,1.9985
98.1766,0.5033,2.1721
98.1768,0.4968,2.1411
98.1770,0.581,2.5005
98.1772,0.6065,2.6128
98.1774,0.6082,2.6152
98.1776,0.6933,2.9799
98.1778,0.6581,2.8284
98.1780,0.6831,2.9333
98.1782,0.7205,3.0969
98.1784,0.69,2.9696
98.1786,0.6842,2.9448
98.1788,0.6426,2.7657
98.1790,0.589,2.5362
98.1792,0.6024,2.5928
98.1794,0.666,2.8624
98.1796,0.6883,2.9596
98.1798,0.7356,3.1618
98.1800,0.7064,3.0431
98.1802,0.607,2.6161
98.1804,0.5884,2.5336
98.1806,0.5994,2.5811
98.1808,0.5983,2.5789
98.1810,0.582,2.5051
98.1812,0.5889,2.5333
98.1814,0.633,2.7206
98.1816,0.6854,2.9486
98.1818,0.6378,2.7464
98.1820,0.574,2.4763
98.1822,0.5118,2.2088
98.1824,0.5041,2.1737
98.1826,0.5015,2.1633
98.1828,0.5078,2.1856
98.1830,0.5778,2.4882
98.1832,0.585,2.518
98.1834,0.6278,2.701
98.1836,0.6665,2.8684
98.1838,0.6354,2.7386
98.1840,0.5129,2.2114
98.1842,0.4883,2.1074
98.1844,0.4814,2.076
98.1846,0.4873,2.0993
98.1848,0.4867,2.0987
98.1850,0.4944,2.1298
98.1852,0.5819,2.5058
98.1854,0.5879,2.5316
98.1856,0.5927,2.5534
98.1858,0.5712,2.4598
98.1860,0.6069,2.6107
98.1862,0.6228,2.6806
98.1864,0.6046,2.6021
98.1866,0.6557,2.8154
98.1868,0.7433,3.1933
98.1870,0.7427,3.1907
98.1872,0.7849,3.3673
98.1874,0.8412,3.6069
98.1876,0.8747,3.7544
98.1878,0.8407,3.6032
98.1880,0.8963,3.8381
98.1882,0.9524,4.0764
98.1884,0.9618,4.1184
98.1886,0.9762,4.182
98.1888,0.963,4.1235
98.1890,0.9576,4.1023
98.1892,1.0182,4.3679
98.1894,0.9274,3.9692
98.1896,0.9791,4.1865
98.1898,1.0253,4.3885
98.1900,1.0108,4.3345
98.1902,0.9592,4.1129
98.1904,0.9439,4.0494
98.1906,0.9641,4.1339
98.1908,0.9686,4.1515
98.1910,0.8937,3.8339
98.1912,0.8428,3.6192
98.1914,0.8103,3.4845
98.1916,0.7864,3.3767
98.1918,0.8115,3.488
98.1920,0.7526,3.2375
98.1922,0.7247,3.1207
98.1924,0.6656,2.8622
98.1926,0.718,3.086
98.1928,0.7517,3.2339
98.1930,0.7004,3.0159
98.1932,0.6883,2.9596
98.1934,0.7473,3.2103
98.1936,0.8502,3.6523
98.1938,0.8277,3.5593
98.1940,0.7693,3.3051
98.1942,0.7608,3.2716
98.1944,0.7438,3.1998
98.1946,0.706,3.0416
98.1948,0.6294,2.709
98.1950,0.6448,2.7776
98.1952,0.7067,3.039
98.1954,0.7757,3.3324
98.1956,0.7678,3.2999
98.1958,0.7332,3.153
98.1960,0.729,3.1364
98.1962,0.7052,3.0351
98.1964,0.734,3.1575
98.1966,0.7072,3.0439
98.1968,0.68,2.924
98.1970,0.7278,3.1298
98.1972,0.7639,3.285
98.1974,0.7027,3.0215
98.1976,0.7148,3.0693
98.1978,0.7451,3.204
98.1980,0.7288,3.1353
98.1982,0.7334,3.1593
98.1984,0.6766,2.9109
98.1986,0.7301,3.141
98.1988,0.6942,2.9932
98.1990,0.5801,2.4992
98.1992,0.5818,2.5041
98.1994,0.6796,2.9238
98.1996,0.7572,3.2576
98.1998,0.7669,3.2994
98.2000,0.7341,3.1639
98.2002,0.657,2.8316
98.2004,0.573,2.471
98.2006,0.5394,2.3268
98.2008,0.5352,2.3087
98.2010,0.5388,2.3231
98.2012,0.5376,2.3169
98.2014,0.5347,2.3045
98.2016,0.5535,2.3834
98.2018,0.6811,2.93
98.2020,0.7198,3.0981
98.2022,0.6587,2.8336
98.2024,0.649,2.7944
98.2026,0.6603,2.8395
98.2028,0.7431,3.1893
98.2030,0.782,3.3644
98.2032,0.7027,3.0257
98.2034,0.6994,3.0034
98.2036,0.8243,3.541
98.2038,0.8263,3.5531
98.2040,0.7936,3.4091
98.2042,0.7904,3.3957
98.2044,0.7864,3.3829
98.2046,0.7356,3.1662
98.2048,0.6807,2.9339
98.2050,0.6186,2.6637
98.2052,0.6097,2.6268
98.2054,0.6177,2.6621
98.2056,0.6161,2.6541
98.2058,0.6111,2.63
98.2060,0.6228,2.6781
98.2062,0.7008,3.0146
98.2064,0.7031,3.0278
98.2066,0.6343,2.7314
98.2068,0.6175,2.6616
98.2070,0.6106,2.6304
98.2072,0.6114,2.634
98.2074,0.5973,2.5718
98.2076,0.6576,2.8329
98.2078,0.5796,2.4983
98.2080,0.5444,2.3463
98.2082,0.5438,2.3459
98.2084,0.5443,2.348
98.2086,0.5449,2.3495
98.2088,0.5416,2.3366
98.2090,0.5427,2.3402
98.2092,0.5439,2.3432
98.2094,0.5718,2.4612
98.2096,0.6293,2.7122
98.2098,0.5607,2.4188
98.2100,0.6073,2.614
98.2102,0.7058,3.0321
98.2104,0.7837,3.3685
98.2106,0.7498,3.2286
98.2108,0.6876,2.9565
98.2110,0.68,2.9268
98.2112,0.6066,2.6133
98.2114,0.6304,2.7156
98.2116,0.6095,2.6257
98.2118,0.5985,2.5782
98.2120,0.5874,2.5318
98.2122,0.621,2.6766
98.2124,0.6236,2.6817
98.2126,0.684,2.9397
98.2128,0.7824,3.3565
98.2130,0.8607,3.7011
98.2132,0.7656,3.2922
98.2134,0.7526,3.236
98.2136,0.6495,2.8022
98.2138,0.5117,2.2083
98.2140,0.5111,2.2037
98.2142,0.5302,2.2853
98.2144,0.494,2.1312
98.2146,0.4959,2.1395
98.2148,0.4998,2.1571
98.2150,0.4723,2.0385
98.2152,0.4934,2.1286
98.2154,0.4974,2.1467
98.2156,0.4931,2.1271
98.2158,0.481,2.0748
98.2160,0.4758,2.0517
98.2162,0.5548,2.3868
98.2164,0.6407,2.7588
98.2166,0.5546,2.3925
98.2168,0.5143,2.2176
98.2170,0.5706,2.4561
98.2172,0.6088,2.6214
98.2174,0.6089,2.6207
98.2176,0.6115,2.6345
98.2178,0.6075,2.6145
98.2180,0.6079,2.6154
98.2182,0.6313,2.721
98.2184,0.6262,2.6963
98.2186,0.6643,2.8578
98.2188,0.6711,2.8859
98.2190,0.6963,2.9983
98.2192,0.5864,2.5225
98.2194,0.6341,2.7291
98.2196,0.6111,2.6276
98.2198,0.7112,3.0552
98.2200,0.8044,3.4523
98.2202,0.7846,3.3689
98.2204,0.8301,3.5613
98.2206,0.8619,3.6959
98.2208,0.856,3.6724
98.2210,0.8117,3.4869
98.2212,0.8196,3.516
98.2214,0.8678,3.7245
98.2216,0.8096,3.4798
98.2218,0.8396,3.6002
98.2220,0.9588,4.1056
98.2222,0.9851,4.218
98.2224,0.9717,4.163
98.2226,0.995,4.2606
98.2228,1.0082,4.3151
98.2230,1.0369,4.444
98.2232,1.0161,4.351
98.2234,1.0859,4.6433
98.2236,1.0668,4.5703
98.2238,1.0327,4.4219
98.2240,1.0435,4.466
98.2242,1.0313,4.4121
98.2244,1.0667,4.5741
98.2246,0.9535,4.0944
98.2248,0.8667,3.7251
98.2250,0.7868,3.3819
98.2252,0.729,3.1378
98.2254,0.7282,3.1328
98.2256,0.7247,3.1164
98.2258,0.7246,3.1158
98.2260,0.738,3.1721
98.2262,0.8062,3.4664
98.2264,0.813,3.4942
98.2266,0.7954,3.4185
98.2268,0.7937,3.4081
98.2270,0.8497,3.6502
98.2272,0.841,3.6098
98.2274,0.8711,3.7477
98.2276,0.7503,3.2322
98.2278,0.6958,2.9963
98.2280,0.6956,2.9911
98.2282,0.7081,3.0475
98.2284,0.701,3.0199
98.2286,0.6528,2.8096
98.2288,0.6866,2.951
98.2290,0.7558,3.2514
98.2292,0.7583,3.2607
98.2294,0.7655,3.2901
98.2296,0.7341,3.1595
98.2298,0.7377,3.172
98.2300,0.7624,3.2783
98.2302,0.7824,3.3565
98.2304,0.8518,3.6578
98.2306,0.8305,3.5695
98.2308,0.8216,3.5363
98.2310,0.7233,3.1145
98.2312,0.6559,2.827
98.2314,0.6126,2.6404
98.2316,0.6142,2.6483
98.2318,0.5914,2.5489
98.2320,0.5825,2.5107
98.2322,0.596,2.5662
98.2324,0.646,2.7815
98.2326,0.6344,2.7357
98.2328,0.6882,2.9605
98.2330,0.7539,3.2416
98.2332,0.6579,2.8384
98.2334,0.5371,2.3191
98.2336,0.5029,2.1685
98.2338,0.5022,2.1674
98.2340,0.5398,2.3288
98.2342,0.5649,2.4369
98.2344,0.5524,2.3865
98.2346,0.4389,1.8968
98.2348,0.4431,1.9096
98.2350,0.5561,2.397
98.2352,0.5635,2.4262
98.2354,0.5873,2.5302
98.2356,0.5572,2.4027
98.2358,0.548,2.364
98.2360,0.5605,2.4111
98.2362,0.6763,2.9094
98.2364,0.6364,2.7427
98.2366,0.5897,2.5429
98.2368,0.566,2.4371
98.2370,0.6268,2.6964
98.2372,0.6741,2.9001
98.2374,0.6993,3.0126
98.2376,0.6986,3.0026
98.2378,0.7824,3.3644
98.2380,0.7678,3.303
98.2382,0.7534,3.2411
98.2384,0.7457,3.2066
98.2386,0.7149,3.0755
98.2388,0.6455,2.7807
98.2390,0.6247,2.6913
98.2392,0.6225,2.6815
98.2394,0.6553,2.8191
98.2396,0.7689,3.3046
98.2398,0.75,3.2266
98.2400,0.7131,3.0692
98.2402,0.6504,2.8019
98.2404,0.6497,2.7949
98.2406,0.7416,3.192
98.2408,0.6849,2.952
98.2410,0.562,2.4257
98.2412,0.5342,2.3045
98.2414,0.513,2.2119
98.2416,0.5422,2.3381
98.2418,0.5939,2.5609
98.2420,0.5077,2.1902
98.2422,0.4686,2.0216
98.2424,0.4747,2.0479
98.2426,0.529,2.2812
98.2428,0.5605,2.4144
98.2430,0.5585,2.4084
98.2432,0.5705,2.4613
98.2434,0.5088,2.1918
98.2436,0.5401,2.3277
98.2438,0.597,2.5696
98.2440,0.6362,2.7384
98.2442,0.6768,2.9128
98.2444,0.6871,2.9558
98.2446,0.6808,2.9344
98.2448,0.6012,2.5901
98.2450,0.5389,2.3236
98.2452,0.4814,2.0769
98.2454,0.4577,1.9736
98.2456,0.5162,2.2259
98.2458,0.6127,2.6384
98.2460,0.6023,2.5935
98.2462,0.6202,2.6729
98.2464,0.6178,2.6614
98.2466,0.6036,2.5992
98.2468,0.6245,2.6915
98.2470,0.59,2.5403
98.2472,0.6035,2.5951
98.2474,0.6571,2.8269
98.2476,0.638,2.7487
98.2478,0.6101,2.6259
98.2480,0.6283,2.7068
98.2482,0.5932,2.5555
98.2484,0.5882,2.5338
98.2486,0.5572,2.4038
98.2488,0.4894,2.1111
98.2490,0.4834,2.0842
98.2492,0.4858,2.0965
98.2494,0.4859,2.098
98.2496,0.484,2.0868
98.2498,0.5343,2.304
98.2500,0.4994,2.1545
98.2502,0.4831,2.0851
98.2504,0.4861,2.0971
98.2506,0.4923,2.122
98.2508,0.5671,2.4417
98.2510,0.5951,2.5661
98.2512,0.5065,2.185
98.2514,0.4922,2.1215
98.2516,0.5748,2.4753
98.2518,0.5937,2.5552
98.2520,0.5867,2.5252
98.2522,0.5353,2.3081
98.2524,0.519,2.2368
98.2526,0.5608,2.4115
98.2528,0.6438,2.7683
98.2530,0.7157,3.0791
98.2532,0.6868,2.952
98.2534,0.6994,3.0048
98.2536,0.7325,3.1484
98.2538,0.7611,3.2695
98.2540,0.7831,3.3565
98.2542,0.8612,3.6962
98.2544,0.8557,3.676
98.2546,0.8142,3.4896
98.2548,0.8756,3.7545
98.2550,0.8882,3.8049
98.2552,0.9252,3.9692
98.2554,0.8937,3.8339
98.2556,0.8803,3.7728
98.2558,0.9207,3.9497
98.2560,0.8877,3.8135
98.2562,0.886,3.7974
98.2564,0.9785,4.1859
98.2566,1.0246,4.3834
98.2568,0.9782,4.1946
98.2570,0.8936,3.8298
98.2572,0.9335,4.0047
98.2574,0.9333,4.0037
98.2576,0.9275,3.9771
98.2578,0.8963,3.8416
98.2580,0.9186,3.9409
98.2582,0.907,3.8965
98.2584,0.8057,3.4612
98.2586,0.7725,3.3231
98.2588,0.7521,3.2339
98.2590,0.734,3.1619
98.2592,0.6838,2.9433
98.2594,0.7106,3.0555
98.2596,0.7703,3.3077
98.2598,0.8637,3.7105
98.2600,0.8448,3.6274
98.2602,0.8367,3.5929
98.2604,0.8027,3.4467
98.2606,0.8052,3.4607
98.2608,0.7914,3.4046
98.2610,0.7815,3.3571
98.2612,0.802,3.4404
98.2614,0.8056,3.4607
98.2616,0.834,3.5877
98.2618,0.7535,3.2401
98.2620,0.788,3.3839
98.2622,0.8261,3.5504
98.2624,0.8228,3.5365
98.2626,0.8014,3.4378
98.2628,0.8884,3.8131
98.2630,0.8745,3.7534
98.2632,0.8641,3.7103
98.2634,0.8269,3.5606
98.2636,0.694,2.9857
98.2638,0.7561,3.2575
98.2640,0.7017,3.0244
98.2642,0.6755,2.9044
98.2644,0.7185,3.091
98.2646,0.6928,2.9806
98.2648,0.7362,3.1644
98.2650,0.7343,3.162
98.2652,0.6546,2.8239
98.2654,0.5828,2.514
98.2656,0.6087,2.6245
98.2658,0.5738,2.4718
98.2660,0.6334,2.7247
98.2662,0.7205,3.1026
98.2664,0.6854,2.9486
98.2666,0.6289,2.7119
98.2668,0.5789,2.4952
98.2670,0.6076,2.6199
98.2672,0.5735,2.4719
98.2674,0.5709,2.4628
98.2676,0.5594,2.412
98.2678,0.5647,2.4325
98.2680,0.5724,2.4661
98.2682,0.626,2.6945
98.2684,0.6446,2.7784
98.2686,0.5804,2.5048
98.2688,0.5681,2.4498
98.2690,0.5704,2.4585
98.2692,0.5708,2.4612
98.2694,0.6041,2.6025
98.2696,0.6666,2.8649
98.2698,0.7659,3.2886
98.2700,0.8127,3.4899
98.2702,0.857,3.6799
98.2704,0.8144,3.5037
98.2706,0.7087,3.0501
98.2708,0.7047,3.0345
98.2710,0.7644,3.287
98.2712,0.7198,3.0981
98.2714,0.6952,2.9853
98.2716,0.7582,3.2632
98.2718,0.6611,2.8492
98.2720,0.632,2.7254
98.2722,0.6247,2.6913
98.2724,0.6145,2.6462
98.2726,0.6143,2.6415
98.2728,0.7367,3.1679
98.2730,0.706,3.0416
98.2732,0.6181,2.6617
98.2734,0.6153,2.6505
98.2736,0.6522,2.8135
98.2738,0.5753,2.4831
98.2740,0.5462,2.3541
98.2742,0.5547,2.3897
98.2744,0.5534,2.3862
98.2746,0.5459,2.3541
98.2748,0.547,2.3555
98.2750,0.6215,2.6737
98.2752,0.6307,2.7197
98.2754,0.5942,2.5632
98.2756,0.5495,2.3707
98.2758,0.5227,2.2517
98.2760,0.5469,2.3561
98.2762,0.6193,2.6693
98.2764,0.5704,2.4562
98.2766,0.576,2.4816
98.2768,0.5802,2.4985
98.2770,0.6575,2.831
98.2772,0.6877,2.9598
98.2774,0.7454,3.2035
98.2776,0.7765,3.336
98.2778,0.7908,3.3941
98.2780,0.8338,3.5839
98.2782,0.7567,3.2525
98.2784,0.7401,3.1853
98.2786,0.674,2.9023
98.2788,0.6931,2.9788
98.2790,0.7392,3.1787
98.2792,0.7255,3.1209
98.2794,0.7844,3.3684
98.2796,0.8518,3.6578
98.2798,0.8311,3.5687
98.2800,0.8275,3.5533
98.2802,0.8005,3.4406
98.2804,0.7752,3.3381
98.2806,0.6608,2.8468
98.2808,0.6473,2.7846
98.2810,0.6567,2.8266
98.2812,0.678,2.9193
98.2814,0.6666,2.8676
98.2816,0.6418,2.766
98.2818,0.5651,2.4391
98.2820,0.5493,2.3686
98.2822,0.5456,2.3526
98.2824,0.5403,2.3298
98.2826,0.554,2.3854
98.2828,0.6796,2.9211
98.2830,0.6867,2.9556
98.2832,0.6144,2.6469
98.2834,0.6088,2.6251
98.2836,0.6218,2.6777
98.2838,0.6409,2.7598
98.2840,0.6253,2.6914
98.2842,0.6695,2.8773
98.2844,0.7487,3.2165
98.2846,0.7791,3.3515
98.2848,0.6892,2.9651
98.2850,0.7099,3.0524
98.2852,0.7028,3.0248
98.2854,0.6979,3.0036
98.2856,0.7088,3.0492
98.2858,0.6418,2.766
98.2860,0.5795,2.4943
98.2862,0.6609,2.8473
98.2864,0.6079,2.6178
98.2866,0.609,2.62
98.2868,0.6958,2.9921
98.2870,0.7436,3.1988
98.2872,0.7356,3.1662
98.2874,0.7246,3.1129
98.2876,0.778,3.3406
98.2878,0.799,3.4259
98.2880,0.9214,3.9491
98.2882,0.9914,4.2492
98.2884,0.986,4.228
98.2886,0.9697,4.1562
98.2888,0.9689,4.1526
98.2890,0.9723,4.1694
98.2892,0.9739,4.1761
98.2894,0.9445,4.0501
98.2896,0.9554,4.095
98.2898,1.0086,4.3146
98.2900,1.1128,4.7693
98.2902,1.0305,4.4188
98.2904,1.0213,4.3731
98.2906,1.0287,4.4028
98.2908,1.1176,4.7831
98.2910,1.0418,4.4713
98.2912,0.8645,3.7124
98.2914,0.848,3.6413
98.2916,0.9147,3.9349
98.2918,0.7816,3.3623
98.2920,0.7391,3.1797
98.2922,0.7232,3.114
98.2924,0.7162,3.0826
98.2926,0.7521,3.2324
98.2928,0.8009,3.4502
98.2930,0.6539,2.8208
98.2932,0.5961,2.5703
98.2934,0.613,2.6395
98.2936,0.6637,2.8566
98.2938,0.7147,3.0788
98.2940,0.6636,2.856
98.2942,0.7173,3.0873
98.2944,0.7181,3.0923
98.2946,0.6879,2.9677
98.2948,0.5699,2.4598
98.2950,0.5886,2.537
98.2952,0.6197,2.6672
98.2954,0.6874,2.9615
98.2956,0.6264,2.7023
98.2958,0.5843,2.5161
98.2960,0.6493,2.7946
98.2962,0.6537,2.8216
98.2964,0.5308,2.2911
98.2966,0.5123,2.2109
98.2968,0.504,2.1732
98.2970,0.6287,2.7046
98.2972,0.7546,3.2417
98.2974,0.7522,3.2374
98.2976,0.7,3.0129
98.2978,0.7099,3.0567
98.2980,0.6431,2.7704
98.2982,0.6621,2.8538
98.2984,0.6431,2.7704
98.2986,0.63,2.7115
98.2988,0.6535,2.8127
98.2990,0.6404,2.7628
98.2992,0.5768,2.4859
98.2994,0.5834,2.5154
98.2996,0.57,2.4581
98.2998,0.5741,2.4745
98.3000,0.6046,2.6033
98.3002,0.659,2.8391
98.3004,0.6762,2.9102
98.3006,0.6631,2.8553
98.3008,0.5999,2.5868
98.3010,0.553,2.3879
98.3012,0.4639,2.0023
98.3014,0.5202,2.2409
98.3016,0.595,2.5632
98.3018,0.6626,2.8559
98.3020,0.6153,2.653
98.3022,0.562,2.4223
98.3024,0.5587,2.4078
98.3026,0.5952,2.5631
98.3028,0.6554,2.8223
98.3030,0.6517,2.8063
98.3032,0.6455,2.7794
98.3034,0.6966,2.9994
98.3036,0.7359,3.1599
98.3038,0.7416,3.1876
98.3040,0.7326,3.1504
98.3042,0.6981,3.0075
98.3044,0.6501,2.7995
98.3046,0.6661,2.8695
98.3048,0.6571,2.8295
98.3050,0.6512,2.8055
98.3052,0.6475,2.7869
98.3054,0.6659,2.8672
98.3056,0.5989,2.5815
98.3058,0.5531,2.3851
98.3060,0.5699,2.4564
98.3062,0.6011,2.592
98.3064,0.5933,2.556
98.3066,0.6341,2.7329
98.3068,0.5632,2.4286
98.3070,0.5154,2.2223
98.3072,0.4992,2.1525
98.3074,0.5123,2.2099
98.3076,0.5407,2.3292
98.3078,0.5811,2.5045
98.3080,0.5316,2.2963
98.3082,0.4668,2.0147
98.3084,0.4649,2.0065
98.3086,0.4601,1.9858
98.3088,0.4594,1.9836
98.3090,0.4625,1.9943
98.3092,0.46,1.9825
98.3094,0.4656,2.0077
98.3096,0.4666,2.0137
98.3098,0.463,2
98.3100,0.4623,1.9951
98.3102,0.4663,2.0108
98.3104,0.5133,2.2125
98.3106,0.5553,2.3933
98.3108,0.5868,2.5257
98.3110,0.5906,2.5429
98.3112,0.5759,2.4834
98.3114,0.5186,2.2362
98.3116,0.5111,2.2057
98.3118,0.4735,2.038
98.3120,0.6137,2.6414
98.3122,0.6648,2.8665
98.3124,0.5488,2.3632
98.3126,0.5854,2.5219
98.3128,0.5882,2.5314
98.3130,0.6416,2.7616
98.3132,0.5977,2.5751
98.3134,0.6004,2.5865
98.3136,0.6077,2.6168
98.3138,0.5846,2.5183
98.3140,0.6185,2.6608
98.3142,0.6913,2.9711
98.3144,0.6843,2.9453
98.3146,0.6193,2.6644
98.3148,0.6472,2.7892
98.3150,0.6137,2.6426
98.3152,0.5807,2.5029
98.3154,0.5132,2.2119
98.3156,0.5491,2.3687
98.3158,0.5018,2.1628
98.3160,0.4879,2.1019
98.3162,0.4919,2.1209
98.3164,0.5064,2.1845
98.3166,0.5486,2.3633
98.3168,0.5657,2.4338
98.3170,0.5957,2.5651
98.3172,0.6095,2.6245
98.3174,0.6113,2.6298
98.3176,0.6139,2.6412
98.3178,0.6593,2.8361
98.3180,0.6727,2.8912
98.3182,0.6862,2.955
98.3184,0.643,2.7698
98.3186,0.6024,2.5952
98.3188,0.5649,2.4324
98.3190,0.5816,2.503
98.3192,0.6266,2.6958
98.3194,0.687,2.9498
98.3196,0.8189,3.5162
98.3198,0.7955,3.4174
98.3200,0.7774,3.3411
98.3202,0.7969,3.422
98.3204,0.834,3.5811
98.3206,0.8256,3.5434
98.3208,0.8065,3.4632
98.3210,0.8257,3.5422
98.3212,0.8596,3.6878
98.3214,0.836,3.5948
98.3216,0.7244,3.1163
98.3218,0.6885,2.962
98.3220,0.7073,3.0388
98.3222,0.7919,3.3972
98.3224,0.8322,3.5667
98.3226,0.8825,3.7861
98.3228,0.8614,3.6955
98.3230,0.895,3.8396
98.3232,0.9126,3.9079
98.3234,1.0108,4.3244
98.3236,1.0739,4.5963
98.3238,1.0366,4.445
98.3240,0.964,4.1296
98.3242,0.9033,3.8841
98.3244,0.7472,3.2113
98.3246,0.7258,3.1195
98.3248,0.7129,3.0682
98.3250,0.7253,3.1204
98.3252,0.7414,3.1851
98.3254,0.7619,3.2747
98.3256,0.7524,3.234
98.3258,0.7644,3.287
98.3260,0.7449,3.2
98.3262,0.7979,3.4309
98.3264,0.7861,3.3803
98.3266,0.7876,3.3818
98.3268,0.8424,3.6171
98.3270,0.8082,3.4768
98.3272,0.757,3.2535
98.3274,0.741,3.185
98.3276,0.7352,3.1627
98.3278,0.6793,2.9264
98.3280,0.7042,3.0282
98.3282,0.7551,3.2483
98.3284,0.7174,3.0863
98.3286,0.6906,2.9694
98.3288,0.742,3.1891
98.3290,0.7161,3.0792
98.3292,0.6829,2.9405
98.3294,0.6575,2.831
98.3296,0.6762,2.9089
98.3298,0.6666,2.8716
98.3300,0.5986,2.5835
98.3302,0.5582,2.4035
98.3304,0.6366,2.7412
98.3306,0.6567,2.8253
98.3308,0.7232,3.1082
98.3310,0.6531,2.8138
98.3312,0.5955,2.5641
98.3314,0.6732,2.8973
98.3316,0.7277,3.1322
98.3318,0.6746,2.9008
98.3320,0.7166,3.0856
98.3322,0.641,2.7629
98.3324,0.5847,2.52
98.3326,0.5844,2.5178
98.3328,0.6625,2.8501
98.3330,0.6969,3.0023
98.3332,0.5994,2.5835
98.3334,0.5636,2.4301
98.3336,0.5605,2.4156
98.3338,0.5513,2.3774
98.3340,0.5483,2.3634
98.3342,0.5909,2.5457
98.3344,0.5736,2.4736
98.3346,0.5835,2.516
98.3348,0.5967,2.5693
98.3350,0.5977,2.5751
98.3352,0.6083,2.6218
98.3354,0.6202,2.668
98.3356,0.644,2.7706
98.3358,0.6485,2.7897
98.3360,0.727,3.1261
98.3362,0.8328,3.5709
98.3364,0.9619,4.1285
98.3366,0.8105,3.4834
98.3368,0.7187,3.0906
98.3370,0.7292,3.1354
98.3372,0.73,3.139
98.3374,0.7366,3.1659
98.3376,0.7566,3.249
98.3378,0.7823,3.3638
98.3380,0.7593,3.2633
98.3382,0.8062,3.4632
98.3384,0.7644,3.2916
98.3386,0.7016,3.0182
98.3388,0.6976,3.004
98.3390,0.7222,3.1055
98.3392,0.7791,3.3452
98.3394,0.8282,3.553
98.3396,0.8886,3.8159
98.3398,0.8615,3.7064
98.3400,0.7241,3.1138
98.3402,0.7257,3.1234
98.3404,0.6729,2.8963
98.3406,0.6439,2.7753
98.3408,0.5666,2.4442
98.3410,0.5543,2.3914
98.3412,0.5513,2.3752
98.3414,0.5543,2.3892
98.3416,0.5626,2.4249
98.3418,0.5533,2.3857
98.3420,0.5517,2.3789
98.3422,0.5535,2.3856
98.3424,0.5555,2.3933
98.3426,0.6216,2.6742
98.3428,0.7305,3.144
98.3430,0.6663,2.8719
98.3432,0.5762,2.481
98.3434,0.6402,2.7592
98.3436,0.6141,2.6417
98.3438,0.6342,2.7309
98.3440,0.6804,2.9269
98.3442,0.691,2.9742
98.3444,0.6558,2.8251
98.3446,0.6298,2.7118
98.3448,0.6384,2.7451
98.3450,0.6642,2.8586
98.3452,0.6696,2.8805
98.3454,0.6768,2.9128
98.3456,0.6494,2.7964
98.3458,0.6454,2.7815
98.3460,0.706,3.0317
98.3462,0.8071,3.4706
98.3464,0.694,2.9871
98.3466,0.6912,2.9747
98.3468,0.6831,2.9374
98.3470,0.6683,2.8748
98.3472,0.6635,2.8542
98.3474,0.6872,2.9591
98.3476,0.6657,2.8667
98.3478,0.6795,2.9192
98.3480,0.7414,3.1895
98.3482,0.7192,3.0955
98.3484,0.6801,2.9259
98.3486,0.6588,2.8328
98.3488,0.7041,3.0319
98.3490,0.671,2.8907
98.3492,0.6701,2.8839
98.3494,0.6775,2.9146
98.3496,0.6391,2.7559
98.3498,0.5683,2.4503
98.3500,0.5724,2.4661
98.3502,0.6525,2.8086
98.3504,0.6386,2.7487
98.3506,0.6012,2.5949
98.3508,0.5017,2.1643
98.3510,0.4935,2.1272
98.3512,0.5439,2.3442
98.3514,0.5891,2.5403
98.3516,0.5284,2.2797
98.3518,0.4916,2.1199
98.3520,0.4932,2.1276
98.3522,0.4885,2.1074
98.3524,0.5153,2.2218
98.3526,0.566,2.4371
98.3528,0.6698,2.8748
98.3530,0.7448,3.2039
98.3532,0.6855,2.9505
98.3534,0.689,2.9627
98.3536,0.7088,3.0492
98.3538,0.7136,3.067
98.3540,0.7931,3.4087
98.3542,0.7969,3.422
98.3544,0.8093,3.4718
98.3546,0.8556,3.6737
98.3548,0.8727,3.7456
98.3550,0.9087,3.8946
98.3552,0.9131,3.9154
98.3554,0.9192,3.9416
98.3556,0.9096,3.9023
98.3558,0.9062,3.882
98.3560,0.9458,4.0558
98.3562,0.9237,3.9625
98.3564,0.9768,4.1865
98.3566,0.9948,4.2636
98.3568,0.9975,4.2734
98.3570,1.0313,4.4162
98.3572,1.013,4.3376
98.3574,1.0354,4.4399
98.3576,0.9642,4.1364
98.3578,0.8908,3.8216
98.3580,0.9349,4.0053
98.3582,1.0401,4.4516
98.3584,1.0876,4.6592
98.3586,1.0017,4.3114
98.3588,0.7713,3.318
98.3590,0.7523,3.2334
98.3592,0.9322,3.9953
98.3594,0.9565,4.1054
98.3596,0.8474,3.6387
98.3598,0.8565,3.6762
98.3600,0.8928,3.8339
98.3602,0.8437,3.6278
98.3604,0.8035,3.4551
98.3606,0.7997,3.4338
98.3608,0.7978,3.4288
98.3610,0.7695,3.3087
98.3612,0.7743,3.3308
98.3614,0.7179,3.087
98.3616,0.7362,3.1688
98.3618,0.7662,3.2963
98.3620,0.796,3.4226
98.3622,0.7479,3.2203
98.3624,0.6723,2.8978
98.3626,0.6641,2.8555
98.3628,0.7311,3.1481
98.3630,0.729,3.1349
98.3632,0.8432,3.6224
98.3634,0.8403,3.6117
98.3636,0.8232,3.5463
98.3638,0.7115,3.0611
98.3640,0.6425,2.7678
98.3642,0.5915,2.5506
98.3644,0.5927,2.5581
98.3646,0.5902,2.5449
98.3648,0.5995,2.5852
98.3650,0.5842,2.5179
98.3652,0.5607,2.42
98.3654,0.5582,2.408
98.3656,0.5955,2.5629
98.3658,0.6635,2.8569
98.3660,0.6584,2.8378
98.3662,0.633,2.7333
98.3664,0.5168,2.2295
98.3666,0.5169,2.2321
98.3668,0.46,1.9889
98.3670,0.4058,1.7529
98.3672,0.4045,1.7464
98.3674,0.4697,2.0272
98.3676,0.541,2.3329
98.3678,0.5512,2.3769
98.3680,0.5597,2.4147
98.3682,0.5492,2.3681
98.3684,0.5494,2.3702
98.3686,0.5504,2.3722
98.3688,0.554,2.3888
98.3690,0.5581,2.4064
98.3692,0.5522,2.3799
98.3694,0.5611,2.4159
98.3696,0.6269,2.6981
98.3698,0.7612,3.2731
98.3700,0.7494,3.2226
98.3702,0.7233,3.1131
98.3704,0.6859,2.9548
98.3706,0.6233,2.6864
98.3708,0.5721,2.468
98.3710,0.5433,2.3428
98.3712,0.5612,2.4187
98.3714,0.5577,2.4037
98.3716,0.5487,2.3671
98.3718,0.5533,2.3868
98.3720,0.5371,2.3148
98.3722,0.5376,2.3158
98.3724,0.6059,2.6114
98.3726,0.5964,2.5694
98.3728,0.5483,2.3645
98.3730,0.5553,2.3945
98.3732,0.6022,2.5954
98.3734,0.5582,2.4069
98.3736,0.5013,2.1628
98.3738,0.5362,2.3101
98.3740,0.5633,2.4291
98.3742,0.4585,1.9781
98.3744,0.4463,1.928
98.3746,0.4511,1.9478
98.3748,0.4651,2.0084
98.3750,0.453,1.9552
98.3752,0.4602,1.9881
98.3754,0.4624,1.9965
98.3756,0.4664,2.0123
98.3758,0.4736,2.0423
98.3760,0.5096,2.1985
98.3762,0.4956,2.136
98.3764,0.5828,2.5094
98.3766,0.6355,2.734
98.3768,0.6752,2.9075
98.3770,0.6196,2.6691
98.3772,0.6028,2.5896
98.3774,0.7173,3.0815
98.3776,0.7659,3.2947
98.3778,0.6777,2.9169
98.3780,0.6443,2.7704
98.3782,0.7198,3.0967
98.3784,0.7054,3.0347
98.3786,0.6852,2.9476
98.3788,0.665,2.8636
98.3790,0.6458,2.7797
98.3792,0.6228,2.6818
98.3794,0.6235,2.6824
98.3796,0.6704,2.8841
98.3798,0.6685,2.8799
98.3800,0.6468,2.7825
98.3802,0.7037,3.0233
98.3804,0.7154,3.0761
98.3806,0.6945,2.9892
98.3808,0.6256,2.6912
98.3810,0.6207,2.6738
98.3812,0.6113,2.6347
98.3814,0.594,2.5555
98.3816,0.6163,2.6527
98.3818,0.6264,2.6986
98.3820,0.6409,2.7623
98.3822,0.5229,2.2538
98.3824,0.5117,2.2042
98.3826,0.5734,2.4737
98.3828,0.528,2.2755
98.3830,0.5826,2.5077
98.3832,0.6483,2.7892
98.3834,0.6547,2.8244
98.3836,0.518,2.2326
98.3838,0.501,2.1592
98.3840,0.5494,2.3669
98.3842,0.58,2.4963
98.3844,0.6066,2.6121
98.3846,0.6151,2.6488
98.3848,0.5901,2.5432
98.3850,0.5862,2.5255
98.3852,0.5842,2.5167
98.3854,0.5938,2.5569
98.3856,0.5901,2.5409
98.3858,0.6365,2.7381
98.3860,0.6614,2.8454
98.3862,0.6054,2.6082
98.3864,0.6367,2.7341
98.3866,0.7805,3.353
98.3868,0.7884,3.3901
98.3870,0.7293,3.133
98.3872,0.7324,3.1435
98.3874,0.7565,3.2484
98.3876,0.7921,3.3982
98.3878,0.8723,3.7423
98.3880,0.9052,3.8851
98.3882,0.9068,3.8882
98.3884,0.9057,3.8835
98.3886,0.918,3.9383
98.3888,0.8994,3.8568
98.3890,0.9497,4.0665
98.3892,0.9111,3.9085
98.3894,0.8859,3.7952
98.3896,0.9899,4.2445
98.3898,0.9434,4.0512
98.3900,0.8999,3.8553
98.3902,0.9101,3.9044
98.3904,0.8818,3.7865
98.3906,0.8413,3.6158
98.3908,0.8062,3.4648
98.3910,0.8262,3.5509
98.3912,0.7811,3.3602
98.3914,0.7312,3.1427
98.3916,0.7999,3.4364
98.3918,0.7849,3.3752
98.3920,0.7302,3.1415
98.3922,0.6794,2.9228
98.3924,0.7267,3.1231
98.3926,0.754,3.2422
98.3928,0.7275,3.1311
98.3930,0.6874,2.9601
98.3932,0.6907,2.9699
98.3934,0.7332,3.1486
98.3936,0.7717,3.3185
98.3938,0.7084,3.0462
98.3940,0.7162,3.0812
98.3942,0.7064,3.0417
98.3944,0.6786,2.9233
98.3946,0.6207,2.67
98.3948,0.6738,2.9013
98.3950,0.7008,3.016
98.3952,0.6758,2.906
98.3954,0.6748,2.9019
98.3956,0.7255,3.1281
98.3958,0.6036,2.598
98.3960,0.6292,2.7104
98.3962,0.6601,2.8424
98.3964,0.6865,2.9519
98.3966,0.6914,2.9758
98.3968,0.7101,3.052
98.3970,0.731,3.1402
98.3972,0.7496,3.2201
98.3974,0.7999,3.4412
98.3976,0.7476,3.2178
98.3978,0.7276,3.1258
98.3980,0.8132,3.492
98.3982,0.8746,3.7539
98.3984,0.8696,3.7375
98.3986,0.7084,3.0505
98.3988,0.6633,2.8563
98.3990,0.6669,2.8732
98.3992,0.6597,2.8395
98.3994,0.6512,2.8016
98.3996,0.6585,2.8383
98.3998,0.6523,2.8088
98.4000,0.6837,2.9414
98.4002,0.7376,3.173
98.4004,0.669,2.8739
98.4006,0.7461,3.2051
98.4008,0.7835,3.3674
98.4010,0.7601,3.27
98.4012,0.7389,3.1801
98.4014,0.7029,3.0225
98.4016,0.6962,2.995
98.4018,0.6982,3.0066
98.4020,0.7215,3.0981
98.4022,0.855,3.6643
98.4024,0.9452,4.0551
98.4026,0.9217,3.9617
98.4028,0.8623,3.7009
98.4030,0.8439,3.6238
98.4032,0.8719,3.742
98.4034,0.8875,3.8072
98.4036,0.8951,3.8437
98.4038,0.8018,3.4479
98.4040,0.7311,3.1437
98.4042,0.7362,3.1747
98.4044,0.6582,2.8315
98.4046,0.7047,3.0317
98.4048,0.7294,3.1365
98.4050,0.7221,3.1093
98.4052,0.656,2.8275
98.4054,0.6218,2.6777
98.4056,0.7209,3.097
98.4058,0.7958,3.4269
98.4060,0.6802,2.9291
98.4062,0.6637,2.8632
98.4064,0.5624,2.4238
98.4066,0.5583,2.4074
98.4068,0.5794,2.4972
98.4070,0.6348,2.7373
98.4072,0.5666,2.4431
98.4074,0.5539,2.3916
98.4076,0.5413,2.335
98.4078,0.5412,2.3334
98.4080,0.5398,2.3267
98.4082,0.5416,2.3333
98.4084,0.5385,2.3231
98.4086,0.5456,2.3537
98.4088,0.5498,2.3696
98.4090,0.6515,2.8013
98.4092,0.7356,3.1677
98.4094,0.6541,2.8192
98.4096,0.5624,2.4238
98.4098,0.5579,2.4047
98.4100,0.5716,2.4579
98.4102,0.666,2.8664
98.4104,0.6903,2.9711
98.4106,0.6601,2.8437
98.4108,0.5619,2.4218
98.4110,0.557,2.4006
98.4112,0.6305,2.7111
98.4114,0.6876,2.9606
98.4116,0.6331,2.7275
98.4118,0.6283,2.7068
98.4120,0.6319,2.7211
98.4122,0.6654,2.8638
98.4124,0.7093,3.0541
98.4126,0.6577,2.8308
98.4128,0.6645,2.8588
98.4130,0.645,2.7799
98.4132,0.5958,2.5656
98.4134,0.5591,2.4121
98.4136,0.5531,2.3851
98.4138,0.6021,2.5937
98.4140,0.5804,2.5025
98.4142,0.5457,2.3553
98.4144,0.5494,2.3702
98.4146,0.5497,2.3669
98.4148,0.5443,2.3458
98.4150,0.5509,2.3709
98.4152,0.6025,2.597
98.4154,0.601,2.5915
98.4156,0.5892,2.5396
98.4158,0.6141,2.6417
98.4160,0.6482,2.7887
98.4162,0.6561,2.824
98.4164,0.7006,3.0113
98.4166,0.7755,3.3298
98.4168,0.7853,3.3767
98.4170,0.752,3.2364
98.4172,0.6842,2.9475
98.4174,0.677,2.9125
98.4176,0.7009,3.0137
98.4178,0.6914,2.9758
98.4180,0.615,2.6507
98.4182,0.5888,2.5364
98.4184,0.5994,2.5811
98.4186,0.5883,2.5343
98.4188,0.6482,2.7887
98.4190,0.6859,2.9507
98.4192,0.7025,3.0196
98.4194,0.7211,3.1052
98.4196,0.6601,2.8384
98.4198,0.7421,3.1911
98.4200,0.7136,3.067
98.4202,0.7768,3.337
98.4204,0.8058,3.4617
98.4206,0.8075,3.4673
98.4208,0.853,3.6595
98.4210,0.8723,3.7441
98.4212,0.9202,3.9421
98.4214,0.9674,4.1503
98.4216,0.8645,3.7106
98.4218,0.8668,3.7204
98.4220,0.9064,3.8884
98.4222,0.9054,3.8825
98.4224,0.9343,4.0064
98.4226,0.9053,3.882
98.4228,0.9552,4.0959
98.4230,0.9819,4.2106
98.4232,0.9819,4.2086
98.4234,0.9943,4.2695
98.4236,0.8607,3.6959
98.4238,0.8171,3.5101
98.4240,0.8192,3.521
98.4242,0.8084,3.473
98.4244,0.8148,3.5019
98.4246,0.7919,3.4067
98.4248,0.7914,3.3999
98.4250,0.8106,3.4823
98.4252,0.844,3.6243
98.4254,0.8604,3.6978
98.4256,0.8337,3.585
98.4258,0.815,3.4981
98.4260,0.8333,3.5796
98.4262,0.7919,3.4035
98.4264,0.7617,3.2752
98.4266,0.778,3.3422
98.4268,0.8487,3.6478
98.4270,0.7897,3.3958
98.4272,0.713,3.0701
98.4274,0.7451,3.204
98.4276,0.7728,3.3216
98.4278,0.7523,3.2395
98.4280,0.6886,2.968
98.4282,0.6581,2.8349
98.4284,0.6632,2.8545
98.4286,0.6775,2.9186
98.4288,0.6915,2.9763
98.4290,0.6795,2.9301
98.4292,0.5762,2.4844
98.4294,0.584,2.5169
98.4296,0.6409,2.7598
98.4298,0.6414,2.767
98.4300,0.6029,2.5985
98.4302,0.606,2.6132
98.4304,0.535,2.3092
98.4306,0.4886,2.1089
98.4308,0.5245,2.2595
98.4310,0.5599,2.4141
98.4312,0.581,2.4993
98.4314,0.6671,2.8737
98.4316,0.6145,2.6523
98.4318,0.5744,2.4732
98.4320,0.5811,2.5068
98.4322,0.5977,2.5739
98.4324,0.656,2.8301
98.4326,0.5076,2.1907
98.4328,0.4988,2.1509
98.4330,0.4976,2.1497
98.4332,0.4997,2.1555
98.4334,0.5234,2.259
98.4336,0.4627,1.9971
98.4338,0.4783,2.0616
98.4340,0.5519,2.3811
98.4342,0.5551,2.3912
98.4344,0.5721,2.4668
98.4346,0.5488,2.3654
98.4348,0.5671,2.444
98.4350,0.5738,2.4752
98.4352,0.5754,2.4813
98.4354,0.5671,2.4429
98.4356,0.5642,2.4305
98.4358,0.5846,2.5159
98.4360,0.6085,2.6204
98.4362,0.6137,2.6438
98.4364,0.6112,2.6305
98.4366,0.699,3.0027
98.4368,0.7753,3.3339
98.4370,0.7825,3.3602
98.4372,0.8261,3.5421
98.4374,0.8702,3.7331
98.4376,0.8967,3.8486
98.4378,0.8443,3.6287
98.4380,0.7906,3.3963
98.4382,0.8022,3.4478
98.4384,0.7749,3.3288
98.4386,0.7625,3.2803
98.4388,0.7059,3.0396
98.4390,0.731,3.1446
98.4392,0.7151,3.0751
98.4394,0.6909,2.9696
98.4396,0.7469,3.2102
98.4398,0.7755,3.3391
98.4400,0.6588,2.8407
98.4402,0.5925,2.5524
98.4404,0.5919,2.5498
98.4406,0.5953,2.566
98.4408,0.6091,2.6242
98.4410,0.6434,2.7719
98.4412,0.5479,2.3657
98.4414,0.4907,2.1187
98.4416,0.4903,2.1162
98.4418,0.4941,2.1327
98.4420,0.4945,2.1353
98.4422,0.4903,2.1152
98.4424,0.4898,2.1131
98.4426,0.4938,2.1302
98.4428,0.4947,2.1333
98.4430,0.4971,2.1437
98.4432,0.4935,2.1292
98.4434,0.5211,2.2408
98.4436,0.7197,3.0933
98.4438,0.7252,3.1213
98.4440,0.7741,3.3179
98.4442,0.8584,3.693
98.4444,0.6978,3.0003
98.4446,0.7168,3.0852
98.4448,0.6967,2.9985
98.4450,0.6443,2.7755
98.4452,0.6596,2.8364
98.4454,0.7482,3.2144
98.4456,0.7948,3.4111
98.4458,0.8151,3.4986
98.4460,0.8366,3.589
98.4462,0.8981,3.8511
98.4464,0.8377,3.6021
98.4466,0.7474,3.2138
98.4468,0.778,3.3422
98.4470,0.7396,3.1818
98.4472,0.7273,3.1272
98.4474,0.7214,3.1005
98.4476,0.7644,3.284
98.4478,0.7493,3.2221
98.4480,0.7163,3.0817
98.4482,0.718,3.0889
98.4484,0.6766,2.9123
98.4486,0.6149,2.6502
98.4488,0.5776,2.4895
98.4490,0.5736,2.4701
98.4492,0.5878,2.5322
98.4494,0.58,2.4975
98.4496,0.5674,2.4467
98.4498,0.575,2.4804
98.4500,0.5962,2.5684
98.4502,0.5912,2.5491
98.4504,0.6007,2.5856
98.4506,0.6765,2.9104
98.4508,0.7249,3.1125
98.4510,0.7361,3.1698
98.4512,0.6151,2.6525
98.4514,0.6016,2.5916
98.4516,0.568,2.447
98.4518,0.5741,2.4745
98.4520,0.5903,2.5431
98.4522,0.5798,2.4965
98.4524,0.6187,2.663
98.4526,0.6849,2.9479
98.4528,0.6746,2.9022
98.4530,0.6665,2.8684
98.4532,0.7498,3.2241
98.4534,0.7966,3.4188
98.4536,0.8468,3.6328
98.4538,0.8752,3.7564
98.4540,0.869,3.7262
98.4542,0.9123,3.9063
98.4544,0.9387,4.0324
98.4546,0.8048,3.4608
98.4548,0.7894,3.3927
98.4550,0.8097,3.4771
98.4552,0.8512,3.6535
98.4554,0.8349,3.5835
98.4556,0.838,3.5952
98.4558,0.8493,3.6487
98.4560,0.7878,3.3828
98.4562,0.8153,3.5073
98.4564,0.8287,3.5468
98.4566,1.0481,4.4902
98.4568,0.9871,4.2327
98.4570,0.9285,3.9849
98.4572,0.8407,3.6015
98.4574,1.0282,4.3926
98.4576,1.1583,4.9553
98.4578,1.1213,4.8103
98.4580,0.9354,4.0129
98.4582,0.9303,3.9908
98.4584,0.9937,4.257
98.4586,0.9829,4.2166
98.4588,0.8691,3.7337
98.4590,0.8347,3.5892
98.4592,0.8319,3.5723
98.4594,0.8481,3.6452
98.4596,0.85,3.6518
98.4598,0.803,3.4595
98.4600,0.6878,2.9617
98.4602,0.6683,2.8802
98.4604,0.6367,2.743
98.4606,0.686,2.9539
98.4608,0.6898,2.9718
98.4610,0.7464,3.2127
98.4612,0.7533,3.2436
98.4614,0.6914,2.9785
98.4616,0.7022,3.025
98.4618,0.629,2.7087
98.4620,0.6272,2.7034
98.4622,0.6649,2.8644
98.4624,0.6454,2.7802
98.4626,0.6109,2.6331
98.4628,0.6366,2.7412
98.4630,0.6444,2.776
98.4632,0.6386,2.7538
98.4634,0.6081,2.6195
98.4636,0.6553,2.8152
98.4638,0.7808,3.3545
98.4640,0.751,3.2398
98.4642,0.5992,2.5801
98.4644,0.6786,2.9178
98.4646,0.7665,3.2958
98.4648,0.7378,3.177
98.4650,0.7041,3.0333
98.4652,0.6336,2.7258
98.4654,0.7035,3.0237
98.4656,0.7553,3.2524
98.4658,0.752,3.2319
98.4660,0.798,3.4282
98.4662,0.8009,3.447
98.4664,0.7584,3.2658
98.4666,0.7096,3.05
98.4668,0.7543,3.2422
98.4670,0.6828,2.9454
98.4672,0.5974,2.5747
98.4674,0.6053,2.6089
98.4676,0.5909,2.548
98.4678,0.6325,2.7274
98.4680,0.6118,2.6294
98.4682,0.695,2.994
98.4684,0.6422,2.7693
98.4686,0.5644,2.4326
98.4688,0.5769,2.4875
98.4690,0.5603,2.4184
98.4692,0.5757,2.4812
98.4694,0.6071,2.6166
98.4696,0.5836,2.513
98.4698,0.6355,2.7378
98.4700,0.662,2.8454
98.4702,0.6686,2.8804
98.4704,0.641,2.7616
98.4706,0.6969,3.0023
98.4708,0.6445,2.774
98.4710,0.6708,2.891
98.4712,0.6229,2.6836
98.4714,0.6088,2.6226
98.4716,0.5955,2.5641
98.4718,0.5903,2.5466
98.4720,0.5796,2.5006
98.4722,0.6186,2.6637
98.4724,0.6734,2.8984
98.4726,0.6342,2.7385
98.4728,0.532,2.2973
98.4730,0.5001,2.1576
98.4732,0.542,2.336
98.4734,0.5483,2.3645
98.4736,0.5493,2.3675
98.4738,0.5792,2.4962
98.4740,0.5985,2.5818
98.4742,0.5422,2.3381
98.4744,0.5388,2.3242
98.4746,0.5488,2.3643
98.4748,0.5879,2.5339
98.4750,0.5459,2.3541
98.4752,0.537,2.3153
98.4754,0.5433,2.3384
98.4756,0.6318,2.7205
98.4758,0.592,2.5503
98.4760,0.5908,2.5463
98.4762,0.569,2.4511
98.4764,0.6288,2.7026
98.4766,0.6986,3.0053
98.4768,0.7075,3.0393
98.4770,0.7962,3.4173
98.4772,0.8463,3.6358
98.4774,0.7952,3.4211
98.4776,0.7583,3.2607
98.4778,0.7496,3.2201
98.4780,0.8107,3.4796
98.4782,0.8321,3.5728
98.4784,0.8294,3.5632
98.4786,0.8149,3.4992
98.4788,0.8683,3.7231
98.4790,0.8574,3.6866
98.4792,0.7701,3.3113
98.4794,0.7511,3.2298
98.4796,0.6889,2.9636
98.4798,0.6593,2.8348
98.4800,0.7916,3.4009
98.4802,0.7856,3.3767
98.4804,0.7408,3.1899
98.4806,0.6663,2.8706
98.4808,0.6701,2.8853
98.4810,0.68,2.9254
98.4812,0.6973,2.9969
98.4814,0.6806,2.9361
98.4816,0.5653,2.4385
98.4818,0.5607,2.4144
98.4820,0.5883,2.5355
98.4822,0.6582,2.8315
98.4824,0.7117,3.0644
98.4826,0.5727,2.4717
98.4828,0.4946,2.1348
98.4830,0.492,2.1224
98.4832,0.4882,2.1049
98.4834,0.484,2.0858
98.4836,0.5517,2.3789
98.4838,0.5993,2.5782
98.4840,0.6798,2.9216
98.4842,0.7232,3.1111
98.4844,0.7048,3.035
98.4846,0.6449,2.7768
98.4848,0.6804,2.9256
98.4850,0.6743,2.902
98.4852,0.6921,2.9747
98.4854,0.7607,3.271
98.4856,0.7747,3.3267
98.4858,0.8243,3.541
98.4860,0.8127,3.4916
98.4862,0.8051,3.457
98.4864,0.8123,3.4846
98.4866,0.868,3.7204
98.4868,0.9307,3.9929
98.4870,0.9247,3.9671
98.4872,0.9331,4.0013
98.4874,0.9192,3.949
98.4876,0.7925,3.4029
98.4878,0.8711,3.7337
98.4880,0.9199,3.9392
98.4882,0.9864,4.2276
98.4884,0.9692,4.1541
98.4886,0.9739,4.18
98.4888,0.9419,4.0426
98.4890,0.9083,3.8985
98.4892,0.845,3.6318
98.4894,0.8392,3.602
98.4896,0.9161,3.9319
98.4898,0.8527,3.6665
98.4900,0.8195,3.522
98.4902,0.8148,3.5003
98.4904,0.8125,3.4922
98.4906,0.7963,3.4242
98.4908,0.8186,3.5184
98.4910,0.8287,3.5601
98.4912,0.8112,3.4849
98.4914,0.8605,3.6949
98.4916,0.8731,3.7472
98.4918,0.8534,3.6645
98.4920,0.8853,3.805
98.4922,0.8464,3.638
98.4924,0.7746,3.3339
98.4926,0.6967,2.9999
98.4928,0.7004,3.0131
98.4930,0.6936,2.9851
98.4932,0.7227,3.109
98.4934,0.7364,3.1723
98.4936,0.6967,3.0013
98.4938,0.6801,2.9273
98.4940,0.7196,3.0956
98.4942,0.7606,3.269
98.4944,0.8021,3.4489
98.4946,0.755,3.2433
98.4948,0.8764,3.7633
98.4950,0.9315,3.9941
98.4952,0.9142,3.9347
98.4954,0.7852,3.3762
98.4956,0.8202,3.5251
98.4958,0.8148,3.4954
98.4960,0.8526,3.666
98.4962,0.78,3.354
98.4964,0.7529,3.239
98.4966,0.8057,3.466
98.4968,0.7834,3.3685
98.4970,0.8329,3.5798
98.4972,0.8654,3.7125
98.4974,0.9419,4.0407
98.4976,0.9265,3.9786
98.4978,0.9044,3.8887
98.4980,0.7974,3.432
98.4982,0.7539,3.2462
98.4984,0.7414,3.1925
98.4986,0.7403,3.1863
98.4988,0.7934,3.4023
98.4990,0.8912,3.8285
98.4992,0.8063,3.4766
98.4994,0.6478,2.7931
98.4996,0.6238,2.6909
98.4998,0.6349,2.7378
98.5000,0.6338,2.7293
98.5002,0.6504,2.798
98.5004,0.7064,3.0361
98.5006,0.7753,3.3339
98.5008,0.7743,3.3293
98.5010,0.7864,3.3845
98.5012,0.7408,3.1914
98.5014,0.7106,3.0598
98.5016,0.7108,3.0565
98.5018,0.8133,3.4909
98.5020,0.9141,3.925
98.5022,0.8818,3.7883
98.5024,0.8336,3.5862
98.5026,0.793,3.4145
98.5028,0.7587,3.2653
98.5030,0.6981,3.0089
98.5032,0.6894,2.9684
98.5034,0.6894,2.9698
98.5036,0.686,2.9526
98.5038,0.6884,2.9615
98.5040,0.7906,3.3947
98.5042,0.8855,3.8078
98.5044,0.8151,3.5084
98.5046,0.7407,3.1909
98.5048,0.7076,3.0454
98.5050,0.7213,3.0985
98.5052,0.7442,3.2043
98.5054,0.7577,3.2566
98.5056,0.7867,3.3861
98.5058,0.7572,3.2606
98.5060,0.7403,3.1878
98.5062,0.7443,3.2034
98.5064,0.6789,2.9289
98.5066,0.5639,2.4294
98.5068,0.6783,2.925
98.5070,0.6021,2.6009
98.5072,0.5376,2.319
98.5074,0.5145,2.2217
98.5076,0.4933,2.1311
98.5078,0.4914,2.1238
98.5080,0.491,2.1203
98.5082,0.4843,2.0893
98.5084,0.5271,2.274
98.5086,0.5685,2.4536
98.5088,0.5013,2.1628
98.5090,0.49,2.1146
98.5092,0.4796,2.072
98.5094,0.473,2.0435
98.5096,0.4741,2.0473
98.5098,0.4728,2.0416
98.5100,0.4781,2.0653
98.5102,0.5054,2.1784
98.5104,0.5847,2.5153
98.5106,0.6597,2.8422
98.5108,0.6448,2.775
98.5110,0.7217,3.1092
98.5112,0.6434,2.7745
98.5114,0.5916,2.5523
98.5116,0.5855,2.5248
98.5118,0.5816,2.5089
98.5120,0.5728,2.4677
98.5122,0.6077,2.6168
98.5124,0.6384,2.7515
98.5126,0.6274,2.7039
98.5128,0.6299,2.7123
98.5130,0.6547,2.8231
98.5132,0.6336,2.7308
98.5134,0.6272,2.7022
98.5136,0.6613,2.8449
98.5138,0.6559,2.8243
98.5140,0.6668,2.87
98.5142,0.7135,3.0679
98.5144,0.759,3.2638
98.5146,0.7133,3.0745
98.5148,0.635,2.7408
98.5150,0.5366,2.3138
98.5152,0.5572,2.4005
98.5154,0.5831,2.5167
98.5156,0.5287,2.2786
98.5158,0.5319,2.2915
98.5160,0.5609,2.4199
98.5162,0.556,2.3964
98.5164,0.6221,2.6775
98.5166,0.6581,2.8336
98.5168,0.6834,2.9398
98.5170,0.7114,3.0634
98.5172,0.7105,3.0593
98.5174,0.7286,3.1299
98.5176,0.7697,3.3097
98.5178,0.7213,3.1072
98.5180,0.6314,2.7215
98.5182,0.6124,2.6393
98.5184,0.6192,2.6663
98.5186,0.6642,2.8533
98.5188,0.7747,3.3314
98.5190,0.7265,3.127
98.5192,0.7011,3.0148
98.5194,0.715,3.076
98.5196,0.7261,3.1235
98.5198,0.7907,3.3984
98.5200,0.8505,3.6504
98.5202,0.8835,3.7884
98.5204,0.9104,3.9018
98.5206,0.9406,4.0313
98.5208,0.9367,4.0186
98.5210,0.9569,4.1031
98.5212,1.0167,4.3536
98.5214,1.0424,4.4697
98.5216,1.0203,4.371
98.5218,1.0634,4.5533
98.5220,1.0678,4.5723
98.5222,1.0654,4.5642
98.5224,1.0957,4.6897
98.5226,1.0979,4.7012
98.5228,1.1347,4.8565
98.5230,1.1182,4.7902
98.5232,1.0267,4.3982
98.5234,1.0396,4.4558
98.5236,0.996,4.2667
98.5238,1.0023,4.294
98.5240,1.0544,4.5317
98.5242,0.8813,3.788
98.5244,0.863,3.7091
98.5246,0.8205,3.53
98.5248,0.8087,3.4773
98.5250,0.7964,3.4215
98.5252,0.8316,3.5758
98.5254,0.8407,3.6133
98.5256,0.8498,3.6609
98.5258,0.7238,3.1151
98.5260,0.7588,3.2643
98.5262,0.7788,3.3458
98.5264,0.8419,3.6184
98.5266,0.841,3.6098
98.5268,0.9822,4.2155
98.5270,0.8511,3.6615
98.5272,0.7359,3.1717
98.5274,0.7288,3.1383
98.5276,0.7438,3.2013
98.5278,0.7409,3.1919
98.5280,0.6888,2.9644
98.5282,0.7292,3.1383
98.5284,0.7162,3.0783
98.5286,0.7783,3.3499
98.5288,0.7408,3.1899
98.5290,0.7424,3.1921
98.5292,0.7662,3.3024
98.5294,0.6711,2.8912
98.5296,0.6922,2.9794
98.5298,0.6835,2.9431
98.5300,0.6951,2.9959
98.5302,0.6325,2.7262
98.5304,0.5993,2.5866
98.5306,0.5993,2.5866
98.5308,0.5921,2.552
98.5310,0.6018,2.5951
98.5312,0.5999,2.5868
98.5314,0.5937,2.5587
98.5316,0.5897,2.5429
98.5318,0.5906,2.5465
98.5320,0.5974,2.5759
98.5322,0.6358,2.7363
98.5324,0.7373,3.172
98.5326,0.788,3.3917
98.5328,0.7836,3.3711
98.5330,0.7117,3.063
98.5332,0.7081,3.0433
98.5334,0.7632,3.2819
98.5336,0.7885,3.3859
98.5338,0.8569,3.688
98.5340,0.8255,3.5462
98.5342,0.9052,3.8833
98.5344,0.9255,3.9739
98.5346,0.8715,3.7457
98.5348,0.7993,3.4387
98.5350,0.7992,3.4381
98.5352,0.7605,3.273
98.5354,0.7287,3.1348
98.5356,0.7914,3.403
98.5358,0.8139,3.5016
98.5360,0.798,3.4266
98.5362,0.7776,3.35
98.5364,0.7253,3.1175
98.5366,0.8157,3.511
98.5368,0.7678,3.3045
98.5370,0.8111,3.4876
98.5372,0.8409,3.616
98.5374,0.8542,3.6681
98.5376,0.8829,3.7982
98.5378,0.8264,3.5486
98.5380,0.9289,3.9796
98.5382,0.9729,4.17
98.5384,0.9879,4.2422
98.5386,1.0415,4.4661
98.5388,1.0538,4.5143
98.5390,1.062,4.5476
98.5392,1.0981,4.7022
98.5394,1.1403,4.8829
98.5396,1.0371,4.4554
98.5398,0.9166,3.9395
98.5400,0.9017,3.8756
98.5402,0.9006,3.8728
98.5404,0.8186,3.5266
98.5406,0.7838,3.3752
98.5408,0.746,3.2091
98.5410,0.7852,3.3825
98.5412,0.7049,3.0369
98.5414,0.6645,2.8695
98.5416,0.586,2.5292
98.5418,0.5766,2.4865
98.5420,0.5782,2.4874
98.5422,0.7575,3.2586
98.5424,0.8118,3.4972
98.5426,0.6501,2.8047
98.5428,0.5818,2.5122
98.5430,0.5756,2.4853
98.5432,0.5711,2.4627
98.5434,0.5695,2.4566
98.5436,0.6329,2.7277
98.5438,0.7081,3.0461
98.5440,0.7312,3.1471
98.5442,0.7,3.0199
98.5444,0.5925,2.5571
98.5446,0.6061,2.6113
98.5448,0.694,2.9927
98.5450,0.649,2.7996
98.5452,0.5874,2.5342
98.5454,0.6215,2.6737
98.5456,0.8175,3.5236
98.5458,0.6582,2.8341
98.5460,0.6865,2.9532
98.5462,0.7361,3.1727
98.5464,0.7133,3.0745
98.5466,0.6648,2.8692
98.5468,0.5823,2.5096
98.5470,0.5744,2.479
98.5472,0.5695,2.4566
98.5474,0.59,2.5451
98.5476,0.6035,2.5987
98.5478,0.5858,2.5293
98.5480,0.5142,2.2202
98.5482,0.5775,2.4936
98.5484,0.5581,2.4075
98.5486,0.5583,2.4051
98.5488,0.6663,2.8679
98.5490,0.7169,3.0886
98.5492,0.636,2.7386
98.5494,0.6534,2.8161
98.5496,0.6497,2.7975
98.5498,0.6656,2.8661
98.5500,0.6559,2.8256
98.5502,0.698,3.0056
98.5504,0.6479,2.7936
98.5506,0.5485,2.3672
98.5508,0.5352,2.3087
98.5510,0.5489,2.3671
98.5512,0.5415,2.3382
98.5514,0.53,2.2896
98.5516,0.544,2.3437
98.5518,0.6039,2.5978
98.5520,0.6777,2.9197
98.5522,0.6589,2.8372
98.5524,0.6858,2.9515
98.5526,0.7617,3.2675
98.5528,0.8946,3.8488
98.5530,0.7617,3.2767
98.5532,0.745,3.2035
98.5534,0.7561,3.2484
98.5536,0.8018,3.4511
98.5538,0.7921,3.4061
98.5540,0.8213,3.5265
98.5542,0.8889,3.8133
98.5544,0.9102,3.9049
98.5546,0.9865,4.2321
98.5548,0.9695,4.159
98.5550,0.9491,4.0716
98.5552,0.9587,4.1146
98.5554,0.9552,4.094
98.5556,1.0184,4.3608
98.5558,1.0229,4.3864
98.5560,0.9909,4.2471
98.5562,1.0051,4.3178
98.5564,0.8728,3.7514
98.5566,0.8502,3.6523
98.5568,0.8842,3.7986
98.5570,0.9157,3.9267
98.5572,0.966,4.1422
98.5574,0.9954,4.2642
98.5576,1.0521,4.5092
98.5578,1.0604,4.5489
98.5580,1.0529,4.5149
98.5582,1.0762,4.6082
98.5584,1.052,4.5066
98.5586,1.0348,4.4373
98.5588,1.0604,4.5447
98.5590,1.0261,4.3957
98.5592,1.0514,4.5125
98.5594,0.9592,4.1225
98.5596,0.8605,3.7035
98.5598,0.7702,3.3149
98.5600,0.8072,3.4711
98.5602,0.8201,3.5246
98.5604,0.8141,3.5005
98.5606,0.803,3.4498
98.5608,0.8985,3.8599
98.5610,0.9544,4.0923
98.5612,0.9955,4.2746
98.5614,0.8888,3.8253
98.5616,0.8096,3.4814
98.5618,0.8265,3.5508
98.5620,0.8474,3.6438
98.5622,0.8572,3.693
98.5624,0.7412,3.1914
98.5626,0.7378,3.1814
98.5628,0.6325,2.73
98.5630,0.6349,2.7352
98.5632,0.7403,3.1834
98.5634,0.7981,3.4367
98.5636,0.7063,3.0426
98.5638,0.7111,3.0633
98.5640,0.7673,3.3009
98.5642,0.7868,3.385
98.5644,0.7838,3.3768
98.5646,0.7473,3.2178
98.5648,0.7674,3.2999
98.5650,0.765,3.2972
98.5652,0.6705,2.8913
98.5654,0.6549,2.8189
98.5656,0.7186,3.0944
98.5658,0.766,3.2999
98.5660,0.7397,3.1838
98.5662,0.762,3.2737
98.5664,0.8136,3.5066
98.5666,0.7366,3.1718
98.5668,0.7886,3.3928
98.5670,0.7358,3.1682
98.5672,0.6512,2.8094
98.5674,0.6072,2.6208
98.5676,0.6046,2.607
98.5678,0.6082,2.6213
98.5680,0.6087,2.6258
98.5682,0.6288,2.7064
98.5684,0.7398,3.1828
98.5686,0.7872,3.385
98.5688,0.8359,3.5943
98.5690,0.9135,3.9206
98.5692,0.8614,3.7059
98.5694,0.7419,3.196
98.5696,0.6774,2.9181
98.5698,0.679,2.924
98.5700,0.6741,2.9028
98.5702,0.6823,2.9406
98.5704,0.6756,2.909
98.5706,0.6702,2.8911
98.5708,0.6039,2.6051
98.5710,0.5993,2.5854
98.5712,0.6079,2.6214
98.5714,0.6414,2.7644
98.5716,0.6334,2.7285
98.5718,0.6368,2.746
98.5720,0.6332,2.7305
98.5722,0.6545,2.8181
98.5724,0.7782,3.3494
98.5726,0.7409,3.1904
98.5728,0.6382,2.7556
98.5730,0.5579,2.4081
98.5732,0.5859,2.5216
98.5734,0.6895,2.9703
98.5736,0.6849,2.9561
98.5738,0.5975,2.58
98.5740,0.5144,2.2223
98.5742,0.4934,2.1316
98.5744,0.5216,2.2492
98.5746,0.592,2.5539
98.5748,0.5987,2.5804
98.5750,0.6138,2.6443
98.5752,0.5482,2.3672
98.5754,0.4796,2.074
98.5756,0.485,2.0924
98.5758,0.5952,2.5619
98.5760,0.6792,2.9286
98.5762,0.6168,2.6597
98.5764,0.597,2.572
98.5766,0.6099,2.6273
98.5768,0.6248,2.6918
98.5770,0.6926,2.9796
98.5772,0.7744,3.3298
98.5774,0.7986,3.434
98.5776,0.7945,3.418
98.5778,0.7538,3.2426
98.5780,0.7021,3.0259
98.5782,0.6482,2.79
98.5784,0.6457,2.7817
98.5786,0.6491,2.7962
98.5788,0.7112,3.0581
98.5790,0.7713,3.318
98.5792,0.7625,3.2833
98.5794,0.7193,3.0946
98.5796,0.7538,3.2457
98.5798,0.7094,3.0546
98.5800,0.6805,2.9288
98.5802,0.7165,3.0836
98.5804,0.751,3.2353
98.5806,0.63,2.7166
98.5808,0.5645,2.4343
98.5810,0.5739,2.4735
98.5812,0.5656,2.4401
98.5814,0.5593,2.4126
98.5816,0.5557,2.3971
98.5818,0.5543,2.3936
98.5820,0.5407,2.3346
98.5822,0.554,2.3899
98.5824,0.6088,2.6202
98.5826,0.6358,2.7414
98.5828,0.6093,2.6259
98.5830,0.6079,2.6166
98.5832,0.6218,2.6789
98.5834,0.6299,2.7123
98.5836,0.6684,2.8807
98.5838,0.6772,2.9149
98.5840,0.6625,2.8541
98.5842,0.6234,2.6869
98.5844,0.6112,2.6342
98.5846,0.6644,2.8557
98.5848,0.7347,3.1606
98.5850,0.6844,2.9472
98.5852,0.6957,2.9985
98.5854,0.5583,2.4085
98.5856,0.5306,2.2869
98.5858,0.5762,2.4833
98.5860,0.6391,2.7482
98.5862,0.7898,3.3916
98.5864,0.7743,3.3293
98.5866,0.7472,3.2113
98.5868,0.7902,3.3979
98.5870,0.805,3.4597
98.5872,0.843,3.6197
98.5874,0.8466,3.6368
98.5876,0.7981,3.4303
98.5878,0.7817,3.3628
98.5880,0.7795,3.3473
98.5882,0.8604,3.6909
98.5884,0.8937,3.8393
98.5886,0.8576,3.6859
98.5888,0.8546,3.6679
98.5890,0.913,3.9167
98.5892,0.9443,4.0491
98.5894,0.9812,4.2094
98.5896,0.8852,3.7992
98.5898,0.9117,3.9129
98.5900,0.9069,3.8959
98.5902,0.8028,3.4552
98.5904,0.7667,3.2999
98.5906,0.7581,3.2597
98.5908,0.728,3.1346
98.5910,0.6386,2.7513
98.5912,0.6705,2.8833
98.5914,0.7553,3.2433
98.5916,0.834,3.5861
98.5918,0.8323,3.5805
98.5920,0.8438,3.6216
98.5922,0.9011,3.8676
98.5924,0.8659,3.7215
98.5926,0.8114,3.481
98.5928,0.8803,3.7763
98.5930,0.9274,3.9859
98.5932,0.8503,3.6579
98.5934,0.7918,3.4046
98.5936,0.7907,3.3968
98.5938,0.7868,3.3866
98.5940,0.7079,3.0442
98.5942,0.7614,3.2757
98.5944,0.7415,3.19
98.5946,0.7508,3.2327
98.5948,0.7171,3.0891
98.5950,0.6999,3.0138
98.5952,0.6769,2.912
98.5954,0.7384,3.1751
98.5956,0.7431,3.1982
98.5958,0.6735,2.9029
98.5960,0.5995,2.584
98.5962,0.6071,2.6166
98.5964,0.6163,2.6564
98.5966,0.6366,2.7412
98.5968,0.7343,3.1561
98.5970,0.8338,3.5772
98.5972,0.9071,3.897
98.5974,0.8681,3.7278
98.5976,0.8902,3.8208
98.5978,0.894,3.8426
98.5980,0.8686,3.7299
98.5982,0.868,3.7342
98.5984,0.725,3.1275
98.5986,0.6093,2.6259
98.5988,0.6847,2.9455
98.5990,0.7016,3.0239
98.5992,0.6103,2.6318
98.5994,0.6061,2.6125
98.5996,0.6318,2.7193
98.5998,0.7353,3.1661
98.6000,0.6714,2.8936
98.6002,0.6197,2.6709
98.6004,0.6302,2.7151
98.6006,0.6437,2.7717
98.6008,0.6452,2.781
98.6010,0.6472,2.7892
98.6012,0.6479,2.7884
98.6014,0.7385,3.1771
98.6016,0.7541,3.2472
98.6018,0.7207,3.1003
98.6020,0.7727,3.3195
98.6022,0.8554,3.6715
98.6024,0.8545,3.676
98.6026,0.7384,3.1825
98.6028,0.6928,2.9861
98.6030,0.6996,3.0109
98.6032,0.7343,3.1605
98.6034,0.7304,3.142
98.6036,0.751,3.2293
98.6038,0.7474,3.2153
98.6040,0.7137,3.0746
98.6042,0.6244,2.6935
98.6044,0.6189,2.6697
98.6046,0.6175,2.6616
98.6048,0.6347,2.7317
98.6050,0.706,3.0416
98.6052,0.6842,2.9434
98.6054,0.7444,3.1994
98.6056,0.7764,3.3463
98.6058,0.6183,2.6659
98.6060,0.5673,2.4473
98.6062,0.5497,2.3735
98.6064,0.5855,2.5224
98.6066,0.6276,2.705
98.6068,0.6247,2.6901
98.6070,0.6501,2.8021
98.6072,0.6135,2.6452
98.6074,0.5518,2.3773
98.6076,0.5922,2.5561
98.6078,0.5528,2.3858
98.6080,0.5463,2.3568
98.6082,0.5413,2.335
98.6084,0.5428,2.3429
98.6086,0.5464,2.354
98.6088,0.6225,2.679
98.6090,0.6053,2.6101
98.6092,0.5524,2.3832
98.6094,0.556,2.3976
98.6096,0.6245,2.6903
98.6098,0.6236,2.6842
98.6100,0.6536,2.8184
98.6102,0.6518,2.8068
98.6104,0.6777,2.9142
98.6106,0.7581,3.2551
98.6108,0.8041,3.4529
98.6110,0.837,3.5956
98.6112,0.8546,3.6799
98.6114,0.7335,3.1584
98.6116,0.6886,2.9625
98.6118,0.6824,2.9343
98.6120,0.7264,3.1236
98.6122,0.7463,3.2092
98.6124,0.7054,3.0362
98.6126,0.6849,2.9493
98.6128,0.6331,2.7313
98.6130,0.5816,2.5077
98.6132,0.5752,2.4803
98.6134,0.5722,2.4685
98.6136,0.5756,2.4818
98.6138,0.6054,2.607
98.6140,0.5784,2.4919
98.6142,0.5927,2.5545
98.6144,0.5994,2.5846
98.6146,0.5866,2.5305
98.6148,0.6103,2.6305
98.6150,0.5818,2.5075
98.6152,0.5807,2.5005
98.6154,0.5928,2.5526
98.6156,0.6788,2.9256
98.6158,0.6224,2.6839
98.6160,0.6391,2.7494
98.6162,0.7395,3.1782
98.6164,0.7601,3.2699
98.6166,0.7019,3.0183
98.6168,0.6963,2.994
98.6170,0.7138,3.0707
98.6172,0.7329,3.1528
98.6174,0.7845,3.3704
98.6176,0.7897,3.3988
98.6178,0.7193,3.1002
98.6180,0.6166,2.6586
98.6182,0.5893,2.5388
98.6184,0.6162,2.6521
98.6186,0.668,2.875
98.6188,0.6689,2.8778
98.6190,0.716,3.0786
98.6192,0.7678,3.3013
98.6194,0.7824,3.3627
98.6196,0.7893,3.3894
98.6198,0.8582,3.6832
98.6200,0.8555,3.6736
98.6202,0.7994,3.4342
98.6204,0.8457,3.6314
98.6206,0.8588,3.6858
98.6208,0.8969,3.853
98.6210,0.8724,3.7549
98.6212,0.7688,3.3029
98.6214,0.8602,3.6868
98.6216,0.9749,4.1767
98.6218,0.9976,4.2698
98.6220,1.0654,4.564
98.6222,1.0806,4.6292
98.6224,1.1198,4.7949
98.6226,1.0796,4.6208
98.6228,1.0271,4.4083
98.6230,0.935,4.0168
98.6232,0.8052,3.4686
98.6234,0.6682,2.8747
98.6236,0.7265,3.1269
98.6238,0.7755,3.3317
98.6240,0.8645,3.714
98.6242,0.8367,3.5995
98.6244,0.7871,3.3875
98.6246,0.7425,3.1925
98.6248,0.7598,3.2643
98.6250,0.8421,3.621
98.6252,0.838,3.5984
98.6254,0.8426,3.6214
98.6256,0.8064,3.4657
98.6258,0.8564,3.6824
98.6260,0.8137,3.4972
98.6262,0.816,3.507
98.6264,0.8438,3.6248
98.6266,0.858,3.6913
98.6268,0.8227,3.5391
98.6270,0.8336,3.5844
98.6272,0.8142,3.4976
98.6274,0.8636,3.7133
98.6276,0.7805,3.3575
98.6278,0.7251,3.1236
98.6280,0.6889,2.9703
98.6282,0.5851,2.5254
98.6284,0.5809,2.5027
98.6286,0.6946,2.9882
98.6288,0.7614,3.2816
98.6290,0.6929,2.981
98.6292,0.7207,3.1035
98.6294,0.7251,3.1221
98.6296,0.6314,2.7227
98.6298,0.6001,2.5853
98.6300,0.6299,2.7172
98.6302,0.61,2.6301
98.6304,0.6522,2.8095
98.6306,0.6748,2.9085
98.6308,0.5812,2.5095
98.6310,0.5107,2.2061
98.6312,0.5018,2.1638
98.6314,0.5438,2.3469
98.6316,0.5108,2.2077
98.6318,0.5164,2.2268
98.6320,0.6392,2.7563
98.6322,0.5672,2.449
98.6324,0.4938,2.1321
98.6326,0.4889,2.1109
98.6328,0.5138,2.2165
98.6330,0.5656,2.4366
98.6332,0.5705,2.4612
98.6334,0.5363,2.3159
98.6336,0.5207,2.2465
98.6338,0.5487,2.367
98.6340,0.5559,2.397
98.6342,0.5588,2.4082
98.6344,0.5728,2.4699
98.6346,0.5478,2.3623
98.6348,0.5514,2.3778
98.6350,0.5881,2.5313
98.6352,0.636,2.736
98.6354,0.6855,2.9545
98.6356,0.7008,3.0164
98.6358,0.7361,3.1667
98.6360,0.6998,3.0118
98.6362,0.6689,2.8818
98.6364,0.6468,2.7876
98.6366,0.6471,2.7852
98.6368,0.65,2.8002
98.6370,0.6656,2.866
98.6372,0.6914,2.9743
98.6374,0.7042,3.0281
98.6376,0.7172,3.0837
98.6378,0.7582,3.2601
98.6380,0.7259,3.1286
98.6382,0.6288,2.7113
98.6384,0.6198,2.6676
98.6386,0.7006,3.0154
98.6388,0.7339,3.1574
98.6390,0.7318,3.1467
98.6392,0.714,3.0718
98.6394,0.7345,3.1629
98.6396,0.7143,3.0714
98.6398,0.744,3.1992
98.6400,0.7845,3.3798
98.6402,0.6688,2.884
98.6404,0.5838,2.5163
98.6406,0.5807,2.5017
98.6408,0.5895,2.5417
98.6410,0.5225,2.2553
98.6412,0.4808,2.0752
98.6414,0.4658,2.0115
98.6416,0.465,2.0069
98.6418,0.4622,1.9959
98.6420,0.4615,1.9937
98.6422,0.4691,2.0245
98.6424,0.4671,2.0153
98.6426,0.4682,2.0218
98.6428,0.4642,2.0033
98.6430,0.464,2.0028
98.6432,0.4658,2.0105
98.6434,0.4926,2.122
98.6436,0.6453,2.7788
98.6438,0.6805,2.9273
98.6440,0.6856,2.9481
98.6442,0.6697,2.8836
98.6444,0.6154,2.6534
98.6446,0.5543,2.3869
98.6448,0.6145,2.6449
98.6450,0.633,2.7281
98.6452,0.5987,2.5803
98.6454,0.607,2.6111
98.6456,0.6572,2.8246
98.6458,0.7041,3.0304
98.6460,0.6514,2.8064
98.6462,0.6046,2.5996
98.6464,0.6683,2.8739
98.6466,0.6904,2.9702
98.6468,0.6836,2.9421
98.6470,0.7213,3.1018
98.6472,0.7489,3.2174
98.6474,0.7572,3.2499
98.6476,0.7669,3.2947
98.6478,0.7434,3.1981
98.6480,0.7271,3.1265
98.6482,0.7079,3.0483
98.6484,0.6108,2.6338
98.6486,0.6018,2.5914
98.6488,0.6189,2.6652
98.6490,0.614,2.6428
98.6492,0.6231,2.682
98.6494,0.6387,2.7491
98.6496,0.7457,3.1975
98.6498,0.795,3.4216
98.6500,0.6542,2.8144
98.6502,0.6793,2.9263
98.6504,0.6339,2.7323
98.6506,0.6193,2.6643
98.6508,0.6321,2.7245
98.6510,0.6082,2.6212
98.6512,0.6172,2.6562
98.6514,0.6098,2.626
98.6516,0.6106,2.6303
98.6518,0.5994,2.5834
98.6520,0.5995,2.5827
98.6522,0.5847,2.5175
98.6524,0.6359,2.7355
98.6526,0.715,3.0716
98.6528,0.7326,3.1517
98.6530,0.693,2.9801
98.6532,0.7193,3.0873
98.6534,0.8229,3.5336
98.6536,0.8355,3.5876
98.6538,0.8278,3.5547
98.6540,0.8639,3.7079
98.6542,0.8851,3.7937
98.6544,0.9085,3.8957
98.6546,0.9602,4.1135
98.6548,0.9743,4.1799
98.6550,0.9311,3.9943
98.6552,0.9453,4.0498
98.6554,1.0146,4.3426
98.6556,1.0721,4.5906
98.6558,1.0749,4.6029
98.6560,1.0253,4.3863
98.6562,1.0607,4.5418
98.6564,1.0856,4.6486
98.6566,1.0759,4.6049
98.6568,1.0797,4.6213
98.6570,1.0696,4.5841
98.6572,1.0355,4.4361
98.6574,1.053,4.5111
98.6576,1.0073,4.3113
98.6578,1.0783,4.6216
98.6580,1.0312,4.4279
98.6582,0.901,3.8687
98.6584,0.8708,3.7407
98.6586,0.8788,3.7735
98.6588,0.8931,3.833
98.6590,0.8547,3.67
98.6592,0.8164,3.5123
98.6594,0.8474,3.6403
98.6596,0.8984,3.8579
98.6598,0.8757,3.7601
98.6600,0.8987,3.859
98.6602,0.9029,3.877
98.6604,0.9104,3.9094
98.6606,0.9013,3.8631
98.6608,0.9725,4.1761
98.6610,0.9154,3.9287
98.6612,0.8981,3.86
98.6614,0.8113,3.4917
98.6616,0.7947,3.4157
98.6618,0.8229,3.5369
98.6620,0.841,3.6147
98.6622,0.7806,3.3596
98.6624,0.7315,3.15
98.6626,0.7802,3.3518
98.6628,0.9098,3.905
98.6630,0.8993,3.8669
98.6632,0.8066,3.47
98.6634,0.7622,3.2822
98.6636,0.7585,3.2662
98.6638,0.7164,3.0821
98.6640,0.7132,3.071
98.6642,0.6789,2.9247
98.6644,0.688,2.9653
98.6646,0.6722,2.8958
98.6648,0.6825,2.9402
98.6650,0.6173,2.6604
98.6652,0.6324,2.723
98.6654,0.702,3.0216
98.6656,0.7001,3.0147
98.6658,0.6686,2.8843
98.6660,0.6002,2.5895
98.6662,0.5748,2.4798
98.6664,0.5782,2.4908
98.6666,0.6312,2.7204
98.6668,0.6371,2.747
98.6670,0.6254,2.6931
98.6672,0.6511,2.8062
98.6674,0.6481,2.7945
98.6676,0.586,2.5279
98.6678,0.5405,2.3362
98.6680,0.4848,2.0942
98.6682,0.4855,2.0964
98.6684,0.5279,2.2744
98.6686,0.6239,2.6914
98.6688,0.5505,2.3759
98.6690,0.5243,2.262
98.6692,0.5248,2.2641
98.6694,0.5261,2.2708
98.6696,0.5283,2.2791
98.6698,0.5331,2.2966
98.6700,0.5752,2.4802
98.6702,0.5436,2.3453
98.6704,0.5422,2.3391
98.6706,0.5747,2.4758
98.6708,0.6102,2.6324
98.6710,0.5465,2.3566
98.6712,0.5395,2.3283
98.6714,0.5401,2.3298
98.6716,0.5401,2.3298
98.6718,0.5379,2.3194
98.6720,0.5185,2.2377
98.6722,0.5169,2.2279
98.6724,0.5227,2.2558
98.6726,0.5293,2.2843
98.6728,0.5209,2.246
98.6730,0.5234,2.2568
98.6732,0.5532,2.3867
98.6734,0.5585,2.4072
98.6736,0.6102,2.6275
98.6738,0.6272,2.7033
98.6740,0.5588,2.4094
98.6742,0.5438,2.3447
98.6744,0.5381,2.3226
98.6746,0.5254,2.2677
98.6748,0.5276,2.2749
98.6750,0.521,2.2465
98.6752,0.5313,2.292
98.6754,0.5323,2.2951
98.6756,0.5324,2.2935
98.6758,0.5506,2.3731
98.6760,0.601,2.5889
98.6762,0.6469,2.7855
98.6764,0.6704,2.884
98.6766,0.6785,2.9218
98.6768,0.6553,2.8164
98.6770,0.7459,3.206
98.6772,0.7815,3.3575
98.6774,0.7684,3.2978
98.6776,0.8162,3.508
98.6778,0.7429,3.1991
98.6780,0.6713,2.8908
98.6782,0.6261,2.6974
98.6784,0.617,2.6557
98.6786,0.6788,2.9215
98.6788,0.6749,2.905
98.6790,0.6476,2.7847
98.6792,0.7139,3.0727
98.6794,0.6728,2.8957
98.6796,0.6722,2.8931
98.6798,0.6735,2.8961
98.6800,0.7342,3.1584
98.6802,0.749,3.2209
98.6804,0.7621,3.2786
98.6806,0.6643,2.8577
98.6808,0.6692,2.8789
98.6810,0.6701,2.8883
98.6812,0.6054,2.6141
98.6814,0.5046,2.1787
98.6816,0.4727,2.04
98.6818,0.4835,2.0856
98.6820,0.5331,2.3008
98.6822,0.4765,2.0566
98.6824,0.4831,2.085
98.6826,0.5115,2.2046
98.6828,0.5801,2.5014
98.6830,0.5172,2.23
98.6832,0.4917,2.1213
98.6834,0.4807,2.0737
98.6836,0.4942,2.1302
98.6838,0.5511,2.373
98.6840,0.5161,2.2263
98.6842,0.4942,2.1322
98.6844,0.4883,2.1063
98.6846,0.5043,2.1716
98.6848,0.6056,2.603
98.6850,0.7138,3.0722
98.6852,0.6707,2.8869
98.6854,0.6597,2.8381
98.6856,0.7006,3.0154
98.6858,0.6516,2.803
98.6860,0.6589,2.8398
98.6862,0.5916,2.551
98.6864,0.5565,2.3962
98.6866,0.6441,2.7698
98.6868,0.6554,2.8182
98.6870,0.6895,2.966
98.6872,0.7176,3.0844
98.6874,0.7389,3.1756
98.6876,0.7743,3.3266
98.6878,0.8281,3.554
98.6880,0.8621,3.7037
98.6882,0.7903,3.3998
98.6884,0.7178,3.0849
98.6886,0.7771,3.3384
98.6888,0.7995,3.43
98.6890,0.8401,3.6038
98.6892,0.8733,3.7516
98.6894,0.8419,3.6132
98.6896,0.863,3.7021
98.6898,0.9076,3.8916
98.6900,0.9182,3.9392
98.6902,0.8783,3.7697
98.6904,0.8433,3.6177
98.6906,0.8697,3.7309
98.6908,0.8868,3.8098
98.6910,0.8455,3.6337
98.6912,0.7969,3.425
98.6914,0.7571,3.2554
98.6916,0.716,3.0786
98.6918,0.7577,3.2565
98.6920,0.8134,3.4961
98.6922,0.7672,3.2988
98.6924,0.7626,3.2776
98.6926,0.8144,3.497
98.6928,0.8202,3.525
98.6930,0.804,3.457
98.6932,0.8002,3.4347
98.6934,0.9086,3.8981
98.6936,0.9353,4.0123
98.6938,0.915,3.9235
98.6940,0.916,3.9294
98.6942,0.9144,3.9246
98.6944,0.9474,4.068
98.6946,0.7942,3.4153
98.6948,0.7652,3.289
98.6950,0.7867,3.3796
98.6952,0.7458,3.2115
98.6954,0.6576,2.8288
98.6956,0.738,3.1749
98.6958,0.7399,3.1876
98.6960,0.6885,2.9619
98.6962,0.7359,3.1598
98.6964,0.8365,3.5984
98.6966,0.7463,3.215
98.6968,0.6649,2.859
98.6970,0.7148,3.0749
98.6972,0.7283,3.1346
98.6974,0.7374,3.1753
98.6976,0.6604,2.8425
98.6978,0.7013,3.0143
98.6980,0.7571,3.2554
98.6982,0.7595,3.2642
98.6984,0.7549,3.2416
98.6986,0.8064,3.4641
98.6988,0.8344,3.5847
98.6990,0.8392,3.6103
98.6992,0.7554,3.2482
98.6994,0.7568,3.2544
98.6996,0.763,3.2853
98.6998,0.6926,2.9808
98.7000,0.6809,2.9308
98.7002,0.6885,2.9619
98.7004,0.6935,2.9863
98.7006,0.774,3.3281
98.7008,0.8084,3.4729
98.7010,0.8309,3.5664
98.7012,0.8381,3.5973
98.7014,0.8805,3.7807
98.7016,0.8371,3.5977
98.7018,0.8005,3.4421
98.7020,0.7695,3.3121
98.7022,0.6837,2.9454
98.7024,0.6236,2.6891
98.7026,0.614,2.6465
98.7028,0.6142,2.6445
98.7030,0.6183,2.6651
98.7032,0.617,2.6594
98.7034,0.6144,2.6456
98.7036,0.6235,2.6861
98.7038,0.6251,2.694
98.7040,0.6217,2.6796
98.7042,0.62,2.6698
98.7044,0.6194,2.6673
98.7046,0.6181,2.6665
98.7048,0.6022,2.5929
98.7050,0.6541,2.8152
98.7052,0.6452,2.7796
98.7054,0.5802,2.5031
98.7056,0.5765,2.4801
98.7058,0.7582,3.2616
98.7060,0.7013,3.0213
98.7062,0.5522,2.3831
98.7064,0.5072,2.1901
98.7066,0.4783,2.0653
98.7068,0.4574,1.9743
98.7070,0.4704,2.0302
98.7072,0.5381,2.3204
98.7074,0.5951,2.566
98.7076,0.5777,2.4911
98.7078,0.5824,2.5112
98.7080,0.5727,2.4682
98.7082,0.5143,2.2186
98.7084,0.463,2
98.7086,0.4633,2.0015
98.7088,0.4574,1.9752
98.7090,0.4578,1.9777
98.7092,0.4626,1.9993
98.7094,0.4616,1.9924
98.7096,0.4601,1.9857
98.7098,0.4705,2.0298
98.7100,0.5615,2.419
98.7102,0.5805,2.4983
98.7104,0.6442,2.7728
98.7106,0.7234,3.1135
98.7108,0.7041,3.0318
98.7110,0.6805,2.9273
98.7112,0.6707,2.8882
98.7114,0.5977,2.5774
98.7116,0.5634,2.4295
98.7118,0.5514,2.3767
98.7120,0.5504,2.3732
98.7122,0.5362,2.3122
98.7124,0.5673,2.4449
98.7126,0.6043,2.6034
98.7128,0.5878,2.531
98.7130,0.6055,2.611
98.7132,0.5799,2.4969
98.7134,0.6253,2.6926
98.7136,0.5999,2.5843
98.7138,0.5915,2.5493
98.7140,0.6134,2.6427
98.7142,0.6404,2.7589
98.7144,0.6167,2.6566
98.7146,0.5893,2.5353
98.7148,0.6271,2.6991
98.7150,0.5898,2.5409
98.7152,0.5884,2.5382
98.7154,0.524,2.2573
98.7156,0.527,2.2745
98.7158,0.5229,2.2527
98.7160,0.6363,2.7375
98.7162,0.6355,2.7364
98.7164,0.6194,2.6648
98.7166,0.6542,2.8144
98.7168,0.6546,2.8198
98.7170,0.6344,2.7305
98.7172,0.6422,2.7628
98.7174,0.6583,2.8372
98.7176,0.5851,2.5231
98.7178,0.558,2.404
98.7180,0.5643,2.4309
98.7182,0.603,2.5953
98.7184,0.6658,2.8617
98.7186,0.6711,2.8884
98.7188,0.6164,2.6568
98.7190,0.6407,2.7548
98.7192,0.7031,3.0206
98.7194,0.7843,3.3725
98.7196,0.7283,3.1317
98.7198,0.6851,2.9461
98.7200,0.7255,3.114
98.7202,0.7532,3.2359
98.7204,0.7602,3.2673
98.7206,0.8041,3.4543
98.7208,0.8414,3.6112
98.7210,0.857,3.6746
98.7212,0.8928,3.8302
98.7214,0.8795,3.7731
98.7216,0.8618,3.7004
98.7218,0.8107,3.4794
98.7220,0.8434,3.6267
98.7222,0.7909,3.404
98.7224,0.6946,2.9896
98.7226,0.6783,2.9221
98.7228,0.6427,2.7636
98.7230,0.7107,3.0602
98.7232,0.6634,2.8528
98.7234,0.7042,3.0323
98.7236,0.654,2.8199
98.7238,0.5781,2.488
98.7240,0.6672,2.8714
98.7242,0.7348,3.1595
98.7244,0.7273,3.1276
98.7246,0.7241,3.1137
98.7248,0.719,3.09
98.7250,0.758,3.2596
98.7252,0.7215,3.1023
98.7254,0.7148,3.0734
98.7256,0.7384,3.1735
98.7258,0.7684,3.2978
98.7260,0.796,3.4198
98.7262,0.773,3.324
98.7264,0.7604,3.2638
98.7266,0.8377,3.5986
98.7268,0.8466,3.6372
98.7270,0.8458,3.6336
98.7272,0.8248,3.5402
98.7274,0.8367,3.5945
98.7276,0.8266,3.5479
98.7278,0.8554,3.6782
98.7280,0.7694,3.3101
98.7282,0.6809,2.928
98.7284,0.7174,3.0905
98.7286,0.7236,3.113
98.7288,0.6999,3.0123
98.7290,0.6727,2.8952
98.7292,0.7095,3.0493
98.7294,0.7544,3.2486
98.7296,0.6189,2.6689
98.7298,0.5673,2.4461
98.7300,0.5962,2.5707
98.7302,0.596,2.5678
98.7304,0.5836,2.5164
98.7306,0.5408,2.3307
98.7308,0.6035,2.5986
98.7310,0.6506,2.7989
98.7312,0.6769,2.9119
98.7314,0.7205,3.1025
98.7316,0.6925,2.9803
98.7318,0.6528,2.8134
98.7320,0.5878,2.5321
98.7322,0.6584,2.8324
98.7324,0.6584,2.8364
98.7326,0.5817,2.5046
98.7328,0.5651,2.4356
98.7330,0.6006,2.5862
98.7332,0.6977,3.003
98.7334,0.6399,2.7594
98.7336,0.5576,2.4031
98.7338,0.5905,2.5452
98.7340,0.5755,2.4794
98.7342,0.5778,2.4904
98.7344,0.5597,2.4113
98.7346,0.5434,2.3432
98.7348,0.5492,2.368
98.7350,0.5869,2.5285
98.7352,0.6475,2.7855
98.7354,0.68,2.9294
98.7356,0.613,2.6406
98.7358,0.6351,2.7298
98.7360,0.676,2.9069
98.7362,0.6775,2.9131
98.7364,0.6895,2.9674
98.7366,0.6481,2.792
98.7368,0.6555,2.82
98.7370,0.6583,2.8319
98.7372,0.6898,2.969
98.7374,0.6962,2.9949
98.7376,0.6963,2.994
98.7378,0.6219,2.6769
98.7380,0.6186,2.6624
98.7382,0.6632,2.8504
98.7384,0.7824,3.3642
98.7386,0.7535,3.2385
98.7388,0.7281,3.1321
98.7390,0.7223,3.1045
98.7392,0.7655,3.2854
98.7394,0.7596,3.2693
98.7396,0.7022,3.0207
98.7398,0.6614,2.8506
98.7400,0.5562,2.3996
98.7402,0.5434,2.3443
98.7404,0.5508,2.3741
98.7406,0.5528,2.3813
98.7408,0.5472,2.3575
98.7410,0.5438,2.3447
98.7412,0.5531,2.384
98.7414,0.629,2.706
98.7416,0.7321,3.1482
98.7418,0.723,3.1148
98.7420,0.6097,2.6279
98.7422,0.5436,2.3431
98.7424,0.5428,2.3417
98.7426,0.5366,2.3126
98.7428,0.5338,2.2997
98.7430,0.547,2.3576
98.7432,0.555,2.3933
98.7434,0.5574,2.3981
98.7436,0.6474,2.7863
98.7438,0.6546,2.8198
98.7440,0.6337,2.7287
98.7442,0.589,2.5373
98.7444,0.5519,2.3777
98.7446,0.5729,2.4704
98.7448,0.5644,2.4291
98.7450,0.7055,3.0295
98.7452,0.7415,3.1958
98.7454,0.648,2.7875
98.7456,0.6747,2.9012
98.7458,0.6757,2.9054
98.7460,0.6454,2.7754
98.7462,0.676,2.9069
98.7464,0.6903,2.9696
98.7466,0.6512,2.8093
98.7468,0.5536,2.386
98.7470,0.5454,2.3509
98.7472,0.5107,2.2041
98.7474,0.4646,2.0044
98.7476,0.4543,1.9599
98.7478,0.4516,1.9498
98.7480,0.4734,2.0422
98.7482,0.5583,2.4039
98.7484,0.6178,2.6588
98.7486,0.6206,2.6724
98.7488,0.6132,2.6416
98.7490,0.5797,2.4987
98.7492,0.5378,2.3167
98.7494,0.5494,2.369
98.7496,0.503,2.1689
98.7498,0.4959,2.1384
98.7500,0.4893,2.11
98.7502,0.4887,2.1084
98.7504,0.5474,2.3537
98.7506,0.7211,3.1022
98.7508,0.6761,2.9115
98.7510,0.6609,2.8393
98.7512,0.724,3.1117
98.7514,0.6661,2.8641
98.7516,0.6861,2.9488
98.7518,0.7205,3.1011
98.7520,0.7006,3.014
98.7522,0.6309,2.7168
98.7524,0.5616,2.4173
98.7526,0.6419,2.7612
98.7528,0.6216,2.6766
98.7530,0.5698,2.4535
98.7532,0.6448,2.7703
98.7534,0.7806,3.3487
98.7536,0.8023,3.445
98.7538,0.8267,3.55
98.7540,0.8221,3.5332
98.7542,0.6944,2.9844
98.7544,0.7474,3.2032
98.7546,0.9164,3.9278
98.7548,0.876,3.7599
98.7550,0.8777,3.7654
98.7552,0.911,3.9029
98.7554,0.9049,3.8821
98.7556,0.8754,3.7556
98.7558,0.8766,3.759
98.7560,0.9114,3.9008
98.7562,1.0042,4.298
98.7564,1.061,4.5412
98.7566,1.0805,4.6244
98.7568,1.0342,4.4284
98.7570,1.0255,4.3873
98.7572,1.0591,4.5352
98.7574,0.9952,4.2655
98.7576,0.9691,4.1515
98.7578,0.986,4.2239
98.7580,1.0023,4.2978
98.7582,1.0065,4.3098
98.7584,1.0453,4.474
98.7586,0.9746,4.1907
98.7588,0.7573,3.2565
98.7590,0.7209,3.0997
98.7592,0.754,3.2435
98.7594,0.7523,3.2333
98.7596,0.7941,3.4148
98.7598,0.7811,3.357
98.7600,0.7998,3.439
98.7602,0.8066,3.4635
98.7604,0.8324,3.5726
98.7606,0.8428,3.6207
98.7608,0.8052,3.4654
98.7610,0.7175,3.0867
98.7612,0.7065,3.0365
98.7614,0.7942,3.4153
98.7616,0.8411,3.6118
98.7618,0.8561,3.6762
98.7620,0.8646,3.7145
98.7622,0.8234,3.5389
98.7624,0.8052,3.4622
98.7626,0.7986,3.4322
98.7628,0.7933,3.408
98.7630,0.8207,3.5292
98.7632,0.7707,3.3142
98.7634,0.7625,3.2786
98.7636,0.7174,3.0891
98.7638,0.6843,2.948
98.7640,0.6914,2.977
98.7642,0.6211,2.677
98.7644,0.645,2.7785
98.7646,0.6757,2.9121
98.7648,0.6217,2.6771
98.7650,0.65,2.7963
98.7652,0.6818,2.9344
98.7654,0.7458,3.207
98.7656,0.7234,3.1135
98.7658,0.6699,2.886
98.7660,0.6761,2.9101
98.7662,0.7315,3.1456
98.7664,0.7583,3.2591
98.7666,0.7517,3.2368
98.7668,0.6883,2.9622
98.7670,0.6963,2.9954
98.7672,0.7649,3.2844
98.7674,0.8122,3.4942
98.7676,0.7632,3.2863
98.7678,0.7672,3.2926
98.7680,0.8426,3.6214
98.7682,0.7982,3.4323
98.7684,0.7811,3.357
98.7686,0.7604,3.2744
98.7688,0.6681,2.8796
98.7690,0.7161,3.0791
98.7692,0.812,3.4883
98.7694,0.7881,3.389
98.7696,0.7577,3.2611
98.7698,0.7595,3.2658
98.7700,0.7741,3.3271
98.7702,0.7121,3.0678
98.7704,0.6422,2.7679
98.7706,0.6275,2.7044
98.7708,0.6124,2.6405
98.7710,0.6055,2.6122
98.7712,0.6278,2.7034
98.7714,0.6415,2.7635
98.7716,0.6266,2.702
98.7718,0.6025,2.5945
98.7720,0.6913,2.9738
98.7722,0.6773,2.9193
98.7724,0.5501,2.3754
98.7726,0.4868,2.103
98.7728,0.4785,2.0654
98.7730,0.4835,2.0847
98.7732,0.5198,2.2455
98.7734,0.4741,2.0462
98.7736,0.47,2.0277
98.7738,0.5187,2.2398
98.7740,0.4836,2.0871
98.7742,0.4854,2.0968
98.7744,0.4622,1.9968
98.7746,0.4596,1.9836
98.7748,0.4688,2.0225
98.7750,0.5422,2.3348
98.7752,0.6447,2.7762
98.7754,0.5866,2.5305
98.7756,0.5155,2.2206
98.7758,0.5674,2.4443
98.7760,0.6188,2.6659
98.7762,0.6576,2.8262
98.7764,0.6956,2.9951
98.7766,0.6771,2.9143
98.7768,0.7059,3.0353
98.7770,0.7537,3.2395
98.7772,0.7812,3.3559
98.7774,0.7706,3.3122
98.7776,0.819,3.5182
98.7778,0.8216,3.5361
98.7780,0.667,2.8749
98.7782,0.5654,2.4378
98.7784,0.5514,2.3767
98.7786,0.5466,2.3571
98.7788,0.5512,2.3768
98.7790,0.5989,2.5826
98.7792,0.5956,2.5633
98.7794,0.6427,2.77
98.7796,0.5957,2.5698
98.7798,0.6082,2.6175
98.7800,0.6209,2.6722
98.7802,0.6428,2.7628
98.7804,0.736,3.1662
98.7806,0.6903,2.9752
98.7808,0.6008,2.5884
98.7810,0.5917,2.548
98.7812,0.5779,2.4932
98.7814,0.5042,2.1761
98.7816,0.4916,2.1208
98.7818,0.4933,2.1241
98.7820,0.5754,2.4766
98.7822,0.6151,2.6499
98.7824,0.5969,2.575
98.7826,0.5076,2.1896
98.7828,0.4984,2.1493
98.7830,0.4959,2.1414
98.7832,0.4941,2.1327
98.7834,0.4939,2.1306
98.7836,0.4897,2.1115
98.7838,0.5187,2.2346
98.7840,0.5681,2.4497
98.7842,0.4783,2.0643
98.7844,0.4688,2.0244
98.7846,0.4627,1.9961
98.7848,0.4689,2.0249
98.7850,0.4671,2.0153
98.7852,0.4727,2.0381
98.7854,0.491,2.1163
98.7856,0.517,2.2284
98.7858,0.5413,2.3328
98.7860,0.6132,2.638
98.7862,0.65,2.7963
98.7864,0.6972,2.9954
98.7866,0.7853,3.3719
98.7868,0.7754,3.3312
98.7870,0.7664,3.2926
98.7872,0.7877,3.3806
98.7874,0.8362,3.5907
98.7876,0.8538,3.663
98.7878,0.907,3.8927
98.7880,0.871,3.7365
98.7882,0.9823,4.206
98.7884,0.9919,4.2471
98.7886,0.951,4.0739
98.7888,0.9833,4.2087
98.7890,1.0632,4.5526
98.7892,1.0839,4.6349
98.7894,1.102,4.7168
98.7896,1.057,4.5259
98.7898,1.052,4.5049
98.7900,1.0184,4.3626
98.7902,0.9639,4.1313
98.7904,0.9241,3.9663
98.7906,0.8823,3.7867
98.7908,0.8909,3.8255
98.7910,0.8739,3.7576
98.7912,0.7826,3.3653
98.7914,0.7291,3.1353
98.7916,0.73,3.1418
98.7918,0.6905,2.9693
98.7920,0.7392,3.1712
98.7922,0.8698,3.7331
98.7924,0.8431,3.6268
98.7926,0.7552,3.2472
98.7928,0.7785,3.3477
98.7930,0.7481,3.2198
98.7932,0.6892,2.965
98.7934,0.7692,3.3014
98.7936,0.8809,3.781
98.7938,0.8405,3.6193
98.7940,0.7496,3.2265
98.7942,0.7204,3.0991
98.7944,0.7354,3.1636
98.7946,0.689,2.9695
98.7948,0.663,2.8494
98.7950,0.8193,3.5198
98.7952,0.7815,3.3591
98.7954,0.748,3.2252
98.7956,0.6478,2.7883
98.7958,0.7231,3.1095
98.7960,0.7317,3.1491
98.7962,0.6983,3.0042
98.7964,0.7042,3.0267
98.7966,0.7608,3.2714
98.7968,0.7199,3.0956
98.7970,0.726,3.1263
98.7972,0.7086,3.0457
98.7974,0.8086,3.4707
98.7976,0.8576,3.6824
98.7978,0.8058,3.468
98.7980,0.754,3.242
98.7982,0.7567,3.2524
98.7984,0.7466,3.2121
98.7986,0.7546,3.2446
98.7988,0.8417,3.6144
98.7990,0.8637,3.7138
98.7992,0.7607,3.2755
98.7994,0.723,3.109
98.7996,0.7368,3.1713
98.7998,0.6868,2.9588
98.8000,0.6109,2.6355
98.8002,0.5712,2.4643
98.8004,0.5694,2.4554
98.8006,0.5781,2.4938
98.8008,0.5711,2.4638
98.8010,0.5948,2.559
98.8012,0.6637,2.8551
98.8014,0.6718,2.8929
98.8016,0.6734,2.9009
98.8018,0.5971,2.576
98.8020,0.5442,2.3479
98.8022,0.5415,2.3327
98.8024,0.5965,2.5758
98.8026,0.5448,2.3494
98.8028,0.5361,2.3116
98.8030,0.539,2.3251
98.8032,0.5372,2.3174
98.8034,0.5396,2.3266
98.8036,0.5373,2.3168
98.8038,0.5372,2.3184
98.8040,0.5327,2.2993
98.8042,0.5205,2.2455
98.8044,0.5239,2.2589
98.8046,0.5237,2.2584
98.8048,0.542,2.3326
98.8050,0.6707,2.8882
98.8052,0.6463,2.7868
98.8054,0.5664,2.4436
98.8056,0.5366,2.3159
98.8058,0.5367,2.3121
98.8060,0.5996,2.5809
98.8062,0.6277,2.7041
98.8064,0.6372,2.7449
98.8066,0.5987,2.5791
98.8068,0.5691,2.455
98.8070,0.5339,2.3013
98.8072,0.5323,2.2972
98.8074,0.5649,2.4323
98.8076,0.6096,2.6237
98.8078,0.6317,2.7199
98.8080,0.6415,2.7623
98.8082,0.6297,2.7117
98.8084,0.5687,2.4534
98.8086,0.5285,2.2801
98.8088,0.5245,2.2615
98.8090,0.5234,2.2558
98.8092,0.542,2.3337
98.8094,0.5603,2.4172
98.8096,0.5272,2.2734
98.8098,0.5526,2.3797
98.8100,0.6252,2.6908
98.8102,0.6741,2.9013
98.8104,0.6773,2.9153
98.8106,0.6342,2.7346
98.8108,0.5427,2.339
98.8110,0.5309,2.2883
98.8112,0.5332,2.2971
98.8114,0.603,2.5953
98.8116,0.5836,2.5152
98.8118,0.5356,2.3106
98.8120,0.5289,2.2817
98.8122,0.5536,2.3827
98.8124,0.5745,2.4782
98.8126,0.5154,2.2212
98.8128,0.5683,2.4462
98.8130,0.6325,2.7197
98.8132,0.665,2.8608
98.8134,0.592,2.549
98.8136,0.6124,2.6392
98.8138,0.5644,2.4325
98.8140,0.5102,2.1979
98.8142,0.5734,2.469
98.8144,0.5758,2.4839
98.8146,0.5101,2.1964
98.8148,0.5735,2.4672
98.8150,0.6278,2.7047
98.8152,0.6006,2.5886
98.8154,0.5927,2.5545
98.8156,0.6146,2.6454
98.8158,0.6212,2.6738
98.8160,0.6542,2.8183
98.8162,0.6197,2.6683
98.8164,0.5992,2.5788
98.8166,0.6136,2.642
98.8168,0.6321,2.7169
98.8170,0.6996,3.0113
98.8172,0.6594,2.8379
98.8174,0.648,2.7863
98.8176,0.696,2.9944
98.8178,0.6525,2.8085
98.8180,0.6538,2.8102
98.8182,0.656,2.8221
98.8184,0.6568,2.827
98.8186,0.6712,2.8876
98.8188,0.6633,2.8549
98.8190,0.6863,2.9512
98.8192,0.6989,3.0068
98.8194,0.648,2.7901
98.8196,0.6636,2.8533
98.8198,0.7277,3.1248
98.8200,0.7618,3.2679
98.8202,0.8041,3.4527
98.8204,0.7651,3.2915
98.8206,0.6966,2.997
98.8208,0.7222,3.1011
98.8210,0.818,3.5092
98.8212,0.8783,3.7627
98.8214,0.9178,3.939
98.8216,0.8745,3.7532
98.8218,0.8865,3.8011
98.8220,0.898,3.8523
98.8222,0.8843,3.7936
98.8224,0.8926,3.8291
98.8226,0.9052,3.8831
98.8228,0.9495,4.0697
98.8230,0.9173,3.9314
98.8232,0.9143,3.9241
98.8234,0.8331,3.5773
98.8236,0.8207,3.5276
98.8238,0.804,3.4522
98.8240,0.8041,3.4511
98.8242,0.7937,3.4095
98.8244,0.7588,3.2611
98.8246,0.7564,3.2508
98.8248,0.7807,3.357
98.8250,0.7612,3.2745
98.8252,0.7634,3.2858
98.8254,0.7006,3.0112
98.8256,0.7264,3.1205
98.8258,0.799,3.4295
98.8260,0.8684,3.7287
98.8262,0.804,3.4554
98.8264,0.7789,3.3477
98.8266,0.7931,3.4101
98.8268,0.7535,3.246
98.8270,0.6833,2.9397
98.8272,0.7046,3.0296
98.8274,0.7006,3.0126
98.8276,0.7132,3.0682
98.8278,0.6893,2.9655
98.8280,0.7681,3.3013
98.8282,0.8166,3.5079
98.8284,0.8056,3.4643
98.8286,0.742,3.1949
98.8288,0.6793,2.9222
98.8290,0.7068,3.038
98.8292,0.7434,3.1996
98.8294,0.6824,2.9397
98.8296,0.6235,2.6861
98.8298,0.6389,2.7509
98.8300,0.6749,2.9063
98.8302,0.6932,2.9792
98.8304,0.7514,3.2312
98.8306,0.7136,3.0726
98.8308,0.6773,2.9166
98.8310,0.62,2.6686
98.8312,0.662,2.8506
98.8314,0.6794,2.9268
98.8316,0.6252,2.6945
98.8318,0.6037,2.6008
98.8320,0.6528,2.8134
98.8322,0.602,2.5936
98.8324,0.5812,2.5049
98.8326,0.5869,2.5297
98.8328,0.6037,2.602
98.8330,0.6524,2.8092
98.8332,0.6836,2.9449
98.8334,0.7161,3.0777
98.8336,0.768,3.2993
98.8338,0.7981,3.4302
98.8340,0.7618,3.274
98.8342,0.7953,3.4151
98.8344,0.7601,3.2729
98.8346,0.6615,2.8472
98.8348,0.7144,3.0719
98.8350,0.7713,3.3153
98.8352,0.7276,3.1272
98.8354,0.7312,3.1441
98.8356,0.77,3.3096
98.8358,0.7893,3.391
98.8360,0.7959,3.4225
98.8362,0.8007,3.4447
98.8364,0.7919,3.4065
98.8366,0.7317,3.1461
98.8368,0.7492,3.2184
98.8370,0.8031,3.4534
98.8372,0.803,3.4497
98.8374,0.7902,3.4009
98.8376,0.7122,3.0612
98.8378,0.7386,3.1834
98.8380,0.629,2.7111
98.8382,0.6779,2.9152
98.8384,0.7291,3.1368
98.8386,0.654,2.8199
98.8388,0.5645,2.4353
98.8390,0.5549,2.3906
98.8392,0.5588,2.406
98.8394,0.6265,2.699
98.8396,0.6236,2.6891
98.8398,0.5811,2.5044
98.8400,0.592,2.5478
98.8402,0.6466,2.7819
98.8404,0.6451,2.7803
98.8406,0.5538,2.3904
98.8408,0.4758,2.0544
98.8410,0.4699,2.0281
98.8412,0.4719,2.0379
98.8414,0.4639,2.0032
98.8416,0.4645,2.0048
98.8418,0.4667,2.0132
98.8420,0.4681,2.0213
98.8422,0.4665,2.0118
98.8424,0.5558,2.392
98.8426,0.6218,2.6776
98.8428,0.5742,2.4772
98.8430,0.567,2.4462
98.8432,0.5628,2.4236
98.8434,0.6284,2.701
98.8436,0.7201,3.0966
98.8438,0.7173,3.0857
98.8440,0.6878,2.9602
98.8442,0.6555,2.82
98.8444,0.6561,2.8253
98.8446,0.5972,2.5765
98.8448,0.5586,2.4066
98.8450,0.6102,2.6299
98.8452,0.5748,2.4786
98.8454,0.5529,2.384
98.8456,0.5493,2.3685
98.8458,0.5511,2.3741
98.8460,0.5549,2.3917
98.8462,0.5536,2.3871
98.8464,0.5511,2.3763
98.8466,0.5507,2.3725
98.8468,0.5608,2.4159
98.8470,0.6164,2.6531
98.8472,0.6472,2.7845
98.8474,0.6458,2.7783
98.8476,0.6341,2.7328
98.8478,0.5689,2.4522
98.8480,0.5504,2.371
98.8482,0.6025,2.5945
98.8484,0.6272,2.6996
98.8486,0.6704,2.8867
98.8488,0.6549,2.8175
98.8490,0.6675,2.8703
98.8492,0.6704,2.884
98.8494,0.6607,2.8449
98.8496,0.6289,2.7118
98.8498,0.5916,2.5475
98.8500,0.6408,2.7566
98.8502,0.6496,2.7974
98.8504,0.6522,2.803
98.8506,0.698,2.9985
98.8508,0.7106,3.0582
98.8510,0.6327,2.7271
98.8512,0.583,2.5138
98.8514,0.5023,2.1668
98.8516,0.4821,2.0799
98.8518,0.4826,2.082
98.8520,0.4919,2.1189
98.8522,0.5267,2.2692
98.8524,0.5685,2.4467
98.8526,0.6131,2.6423
98.8528,0.5893,2.54
98.8530,0.6251,2.6853
98.8532,0.7773,3.3426
98.8534,0.7483,3.2193
98.8536,0.7283,3.1259
98.8538,0.8469,3.6348
98.8540,0.8632,3.6979
98.8542,0.8697,3.7361
98.8544,0.8014,3.443
98.8546,0.7969,3.4234
98.8548,0.8228,3.5314
98.8550,0.8594,3.6832
98.8552,0.9065,3.8906
98.8554,0.876,3.7634
98.8556,0.7951,3.4205
98.8558,0.7459,3.2045
98.8560,0.8263,3.5463
98.8562,0.8767,3.7647
98.8564,0.8818,3.7793
98.8566,0.9024,3.8695
98.8568,0.9278,3.9711
98.8570,0.9999,4.2855
98.8572,0.932,4.004
98.8574,0.8002,3.4363
98.8576,0.8174,3.5115
98.8578,0.8447,3.6273
98.8580,0.8915,3.8192
98.8582,0.9778,4.189
98.8584,1.0053,4.2986
98.8586,1.0602,4.5419
98.8588,0.9794,4.2035
98.8590,0.9349,4.0107
98.8592,0.8919,3.8332
98.8594,0.7814,3.357
98.8596,0.8139,3.5015
98.8598,0.7886,3.3847
98.8600,0.8668,3.7203
98.8602,0.8604,3.6947
98.8604,0.8007,3.4447
98.8606,0.7899,3.3951
98.8608,0.7993,3.4337
98.8610,0.8231,3.5445
98.8612,0.6504,2.8005
98.8614,0.6903,2.9696
98.8616,0.7535,3.2355
98.8618,0.7703,3.3137
98.8620,0.8152,3.5071
98.8622,0.7658,3.2961
98.8624,0.7094,3.0531
98.8626,0.7321,3.1482
98.8628,0.7819,3.3669
98.8630,0.719,3.09
98.8632,0.715,3.0816
98.8634,0.6591,2.8382
98.8636,0.6897,2.9657
98.8638,0.7134,3.0706
98.8640,0.6651,2.864
98.8642,0.6701,2.8857
98.8644,0.7271,3.1265
98.8646,0.7591,3.2642
98.8648,0.7108,3.0593
98.8650,0.6737,2.9025
98.8652,0.6265,2.7015
98.8654,0.5697,2.4564
98.8656,0.5802,2.5007
98.8658,0.6428,2.7718
98.8660,0.591,2.5461
98.8662,0.6182,2.6658
98.8664,0.5782,2.4908
98.8666,0.6357,2.7388
98.8668,0.629,2.7098
98.8670,0.5869,2.5332
98.8672,0.5716,2.4647
98.8674,0.5784,2.4918
98.8676,0.6275,2.7019
98.8678,0.6201,2.6753
98.8680,0.5664,2.4402
98.8682,0.5861,2.5249
98.8684,0.6016,2.5903
98.8686,0.6078,2.6233
98.8688,0.5371,2.3179
98.8690,0.5237,2.2584
98.8692,0.5239,2.2599
98.8694,0.524,2.2605
98.8696,0.5223,2.2532
98.8698,0.5266,2.2718
98.8700,0.5402,2.3292
98.8702,0.5278,2.276
98.8704,0.5267,2.2734
98.8706,0.5264,2.2708
98.8708,0.5339,2.3002
98.8710,0.6019,2.5919
98.8712,0.5833,2.5177
98.8714,0.5281,2.277
98.8716,0.5285,2.278
98.8718,0.5296,2.2837
98.8720,0.5258,2.2693
98.8722,0.5175,2.2305
98.8724,0.5192,2.2398
98.8726,0.5254,2.2656
98.8728,0.5638,2.4299
98.8730,0.5251,2.2641
98.8732,0.5281,2.277
98.8734,0.5528,2.3835
98.8736,0.561,2.4169
98.8738,0.5977,2.575
98.8740,0.6353,2.7367
98.8742,0.6122,2.6387
98.8744,0.5722,2.4627
98.8746,0.6263,2.6979
98.8748,0.5561,2.398
98.8750,0.5727,2.4682
98.8752,0.5904,2.5423
98.8754,0.6263,2.6929
98.8756,0.6986,3.008
98.8758,0.653,2.8092
98.8760,0.677,2.9124
98.8762,0.6567,2.8226
98.8764,0.696,2.9916
98.8766,0.7357,3.1607
98.8768,0.7631,3.2782
98.8770,0.7606,3.2704
98.8772,0.741,3.1878
98.8774,0.715,3.0788
98.8776,0.6356,2.7331
98.8778,0.6954,2.9904
98.8780,0.7248,3.1196
98.8782,0.6651,2.86
98.8784,0.6487,2.7919
98.8786,0.6293,2.7134
98.8788,0.6436,2.7716
98.8790,0.6584,2.8377
98.8792,0.5405,2.3308
98.8794,0.5273,2.2728
98.8796,0.5934,2.5552
98.8798,0.5939,2.5585
98.8800,0.6229,2.681
98.8802,0.5857,2.5245
98.8804,0.5272,2.2744
98.8806,0.5548,2.3901
98.8808,0.592,2.549
98.8810,0.5525,2.3758
98.8812,0.6481,2.7907
98.8814,0.5923,2.5518
98.8816,0.5766,2.4818
98.8818,0.5809,2.5027
98.8820,0.5951,2.5648
98.8822,0.5915,2.5481
98.8824,0.5731,2.4714
98.8826,0.5076,2.1896
98.8828,0.4962,2.1385
98.8830,0.499,2.1509
98.8832,0.582,2.505
98.8834,0.6662,2.8646
98.8836,0.7128,3.0666
98.8838,0.6829,2.939
98.8840,0.7028,3.0233
98.8842,0.5735,2.4741
98.8844,0.5312,2.2883
98.8846,0.5669,2.4456
98.8848,0.5004,2.1576
98.8850,0.4959,2.1365
98.8852,0.5271,2.2739
98.8854,0.5418,2.3365
98.8856,0.557,2.3971
98.8858,0.6218,2.6751
98.8860,0.6532,2.8102
98.8862,0.6574,2.8283
98.8864,0.6869,2.9552
98.8866,0.6981,2.999
98.8868,0.751,3.2246
98.8870,0.7588,3.2611
98.8872,0.7706,3.3122
98.8874,0.7837,3.3652
98.8876,0.8349,3.5817
98.8878,0.873,3.7435
98.8880,0.8464,3.6328
98.8882,0.8371,3.5893
98.8884,0.8805,3.7719
98.8886,0.9103,3.9089
98.8888,0.8625,3.6948
98.8890,1.0184,4.3586
98.8892,1.0192,4.3683
98.8894,0.905,3.8844
98.8896,0.8618,3.69
98.8898,0.9615,4.1153
98.8900,1.0108,4.3303
98.8902,1.0299,4.4202
98.8904,0.8982,3.8515
98.8906,0.9041,3.8785
98.8908,0.8667,3.7163
98.8910,0.8429,3.6212
98.8912,0.8199,3.5207
98.8914,0.8544,3.6724
98.8916,0.8145,3.5008
98.8918,0.7646,3.2895
98.8920,0.801,3.4393
98.8922,0.8661,3.7137
98.8924,0.8523,3.6563
98.8926,0.8833,3.7931
98.8928,0.913,3.9129
98.8930,0.9572,4.0987
98.8932,0.9817,4.2153
98.8934,0.8865,3.81
98.8936,0.8348,3.5829
98.8938,0.8697,3.7326
98.8940,0.8883,3.8159
98.8942,0.8151,3.5083
98.8944,0.7284,3.1293
98.8946,0.7787,3.3451
98.8948,0.8239,3.5426
98.8950,0.7458,3.21
98.8952,0.7305,3.141
98.8954,0.7953,3.4199
98.8956,0.769,3.3111
98.8958,0.7074,3.042
98.8960,0.7687,3.3008
98.8962,0.7781,3.3457
98.8964,0.7285,3.1342
98.8966,0.7606,3.2734
98.8968,0.7571,3.257
98.8970,0.7615,3.276
98.8972,0.7116,3.0629
98.8974,0.6746,2.9048
98.8976,0.6755,2.9062
98.8978,0.7355,3.1612
98.8980,0.763,3.2807
98.8982,0.7579,3.2606
98.8984,0.7654,3.291
98.8986,0.7402,3.1901
98.8988,0.6132,2.6429
98.8990,0.5956,2.5657
98.8992,0.5948,2.5626
98.8994,0.6231,2.6833
98.8996,0.7151,3.0764
98.8998,0.7622,3.2746
98.9000,0.8144,3.5019
98.9002,0.7554,3.2497
98.9004,0.7441,3.2012
98.9006,0.7138,3.0736
98.9008,0.6594,2.8379
98.9010,0.6666,2.8662
98.9012,0.7766,3.3379
98.9014,0.8204,3.5211
98.9016,0.885,3.8091
98.9018,0.7549,3.2492
98.9020,0.7371,3.1723
98.9022,0.6843,2.9493
98.9024,0.6112,2.6329
98.9026,0.6278,2.7059
98.9028,0.6252,2.6933
98.9030,0.6222,2.6804
98.9032,0.6305,2.7198
98.9034,0.6267,2.705
98.9036,0.5909,2.5456
98.9038,0.5842,2.5178
98.9040,0.5809,2.5073
98.9042,0.5472,2.3575
98.9044,0.6741,2.8973
98.9046,0.7064,3.0444
98.9048,0.5595,2.4169
98.9050,0.4879,2.1077
98.9052,0.4681,2.0194
98.9054,0.4818,2.0774
98.9056,0.4988,2.1548
98.9058,0.4582,1.9783
98.9060,0.4523,1.9529
98.9062,0.457,1.9713
98.9064,0.4568,1.9726
98.9066,0.4606,1.9896
98.9068,0.4904,2.1147
98.9070,0.5571,2.3999
98.9072,0.6026,2.5962
98.9074,0.5769,2.4886
98.9076,0.5267,2.2745
98.9078,0.4683,2.0205
98.9080,0.4669,2.0152
98.9082,0.4784,2.0649
98.9084,0.4865,2.0966
98.9086,0.5926,2.5528
98.9088,0.6359,2.7329
98.9090,0.6525,2.8071
98.9092,0.6568,2.827
98.9094,0.6441,2.7736
98.9096,0.6666,2.8702
98.9098,0.6598,2.8413
98.9100,0.6571,2.8294
98.9102,0.6532,2.8116
98.9104,0.6794,2.9227
98.9106,0.6644,2.8609
98.9108,0.6525,2.8098
98.9110,0.6458,2.7783
98.9112,0.6097,2.6279
98.9114,0.5541,2.3903
98.9116,0.5651,2.4345
98.9118,0.6139,2.6423
98.9120,0.5974,2.5735
98.9122,0.5504,2.3732
98.9124,0.5481,2.3633
98.9126,0.5453,2.3482
98.9128,0.5827,2.5116
98.9130,0.5342,2.3034
98.9132,0.5305,2.2884
98.9134,0.5391,2.3246
98.9136,0.579,2.4944
98.9138,0.5966,2.568
98.9140,0.6371,2.7432
98.9142,0.6072,2.6158
98.9144,0.6054,2.6032
98.9146,0.692,2.9741
98.9148,0.7278,3.1326
98.9150,0.6369,2.7439
98.9152,0.6628,2.8475
98.9154,0.7759,3.3333
98.9156,0.7175,3.0882
98.9158,0.6701,2.883
98.9160,0.6891,2.9672
98.9162,0.6094,2.6251
98.9164,0.605,2.6065
98.9166,0.6071,2.6153
98.9168,0.5907,2.5445
98.9170,0.5899,2.5414
98.9172,0.5799,2.4957
98.9174,0.6457,2.7777
98.9176,0.6511,2.8023
98.9178,0.5884,2.5347
98.9180,0.566,2.437
98.9182,0.5678,2.447
98.9184,0.5718,2.4657
98.9186,0.5675,2.4448
98.9188,0.57,2.4545
98.9190,0.6558,2.8211
98.9192,0.7188,3.0895
98.9194,0.7694,3.3039
98.9196,0.7471,3.2097
98.9198,0.7571,3.2539
98.9200,0.8217,3.5268
98.9202,0.8067,3.4657
98.9204,0.7803,3.3555
98.9206,0.7349,3.1586
98.9208,0.7688,3.2983
98.9210,0.8389,3.5987
98.9212,0.8838,3.7916
98.9214,0.8764,3.7685
98.9216,0.7507,3.2281
98.9218,0.7324,3.1448
98.9220,0.7771,3.3431
98.9222,0.7235,3.114
98.9224,0.6717,2.8897
98.9226,0.7148,3.0749
98.9228,0.7125,3.0636
98.9230,0.739,3.1791
98.9232,0.7279,3.1331
98.9234,0.7207,3.0992
98.9236,0.7249,3.1173
98.9238,0.726,3.1175
98.9240,0.7713,3.3122
98.9242,0.8588,3.6824
98.9244,0.9052,3.8831
98.9246,0.939,4.0263
98.9248,0.9417,4.0306
98.9250,1.0065,4.3098
98.9252,0.9946,4.2689
98.9254,0.8977,3.8441
98.9256,0.9801,4.1988
98.9258,0.9296,3.9899
98.9260,0.8044,3.4607
98.9262,0.7336,3.1588
98.9264,0.6953,2.9927
98.9266,0.6948,2.9879
98.9268,0.6831,2.9428
98.9270,0.7017,3.0158
98.9272,0.7693,3.3065
98.9274,0.7535,3.2415
98.9276,0.702,3.0244
98.9278,0.6754,2.903
98.9280,0.7459,3.2105
98.9282,0.706,3.04
98.9284,0.7065,3.0365
98.9286,0.7502,3.2231
98.9288,0.6945,2.9891
98.9290,0.6595,2.8384
98.9292,0.704,3.027
98.9294,0.7296,3.1403
98.9296,0.6891,2.9659
98.9298,0.7078,3.0478
98.9300,0.6879,2.9579
98.9302,0.7059,3.0395
98.9304,0.6295,2.7119
98.9306,0.6041,2.6024
98.9308,0.5746,2.4776
98.9310,0.5914,2.5476
98.9312,0.6713,2.8881
98.9314,0.6784,2.9199
98.9316,0.6743,2.9051
98.9318,0.6312,2.7179
98.9320,0.6672,2.8754
98.9322,0.5942,2.56
98.9324,0.5722,2.4661
98.9326,0.6252,2.6933
98.9328,0.6356,2.7395
98.9330,0.5777,2.4899
98.9332,0.5613,2.4213
98.9334,0.5694,2.4542
98.9336,0.5904,2.5435
98.9338,0.5891,2.539
98.9340,0.5936,2.5598
98.9342,0.5374,2.3173
98.9344,0.6327,2.7208
98.9346,0.7522,3.2358
98.9348,0.6872,2.9631
98.9350,0.5729,2.4704
98.9352,0.5869,2.5262
98.9354,0.6502,2.7973
98.9356,0.6627,2.851
98.9358,0.6643,2.8617
98.9360,0.6616,2.849
98.9362,0.6797,2.9242
98.9364,0.689,2.9667
98.9366,0.6998,3.0132
98.9368,0.6585,2.8343
98.9370,0.6183,2.6614
98.9372,0.6133,2.6434
98.9374,0.6209,2.6722
98.9376,0.6433,2.7649
98.9378,0.7337,3.1534
98.9380,0.7987,3.4312
98.9382,0.7772,3.3436
98.9384,0.7112,3.058
98.9386,0.6935,2.9836
98.9388,0.6222,2.6841
98.9390,0.5462,2.3562
98.9392,0.5348,2.307
98.9394,0.5341,2.3018
98.9396,0.5351,2.3075
98.9398,0.5421,2.3375
98.9400,0.548,2.3628
98.9402,0.5326,2.2956
98.9404,0.5354,2.3085
98.9406,0.5353,2.3069
98.9408,0.5354,2.3096
98.9410,0.5785,2.49
98.9412,0.6843,2.9493
98.9414,0.5655,2.4372
98.9416,0.5366,2.3148
98.9418,0.5423,2.3396
98.9420,0.5284,2.2754
98.9422,0.5704,2.4584
98.9424,0.539,2.3262
98.9426,0.5269,2.2708
98.9428,0.5339,2.3023
98.9430,0.5249,2.2646
98.9432,0.5349,2.3033
98.9434,0.6042,2.5993
98.9436,0.6567,2.8239
98.9438,0.6573,2.8278
98.9440,0.6441,2.7723
98.9442,0.7145,3.071
98.9444,0.7271,3.1338
98.9446,0.5711,2.4615
98.9448,0.6071,2.6153
98.9450,0.5758,2.4828
98.9452,0.5373,2.3168
98.9454,0.5287,2.2785
98.9456,0.5291,2.2806
98.9458,0.5157,2.2227
98.9460,0.5579,2.4046
98.9462,0.5572,2.4004
98.9464,0.5833,2.5142
98.9466,0.5942,2.5612
98.9468,0.6092,2.627
98.9470,0.5149,2.2191
98.9472,0.5155,2.2196
98.9474,0.6131,2.6387
98.9476,0.6815,2.9333
98.9478,0.7158,3.0795
98.9480,0.7142,3.0737
98.9482,0.6341,2.7315
98.9484,0.5954,2.5664
98.9486,0.5936,2.5551
98.9488,0.6265,2.6952
98.9490,0.6125,2.6373
98.9492,0.6172,2.6575
98.9494,0.6257,2.6891
98.9496,0.7465,3.2056
98.9498,0.7706,3.3122
98.9500,0.7113,3.0613
98.9502,0.6201,2.6691
98.9504,0.5687,2.4534
98.9506,0.4892,2.1105
98.9508,0.4773,2.0583
98.9510,0.4742,2.0449
98.9512,0.479,2.0636
98.9514,0.5938,2.558
98.9516,0.5725,2.4665
98.9518,0.565,2.4317
98.9520,0.5854,2.5171
98.9522,0.616,2.6498
98.9524,0.6579,2.8317
98.9526,0.6965,2.9979
98.9528,0.6542,2.8131
98.9530,0.682,2.9259
98.9532,0.7796,3.3539
98.9534,0.7076,3.0397
98.9536,0.7348,3.1551
98.9538,0.756,3.2463
98.9540,0.7468,3.2066
98.9542,0.7837,3.3652
98.9544,0.8433,3.6177
98.9546,0.9082,3.8887
98.9548,0.9655,4.138
98.9550,0.9345,4.0073
98.9552,0.8999,3.8533
98.9554,0.9877,4.2311
98.9556,0.9865,4.224
98.9558,1.0208,4.3729
98.9560,0.9903,4.2404
98.9562,1.0085,4.3205
98.9564,0.9998,4.279
98.9566,1.0468,4.4823
98.9568,1.0192,4.3642
98.9570,0.9444,4.0495
98.9572,0.8958,3.8466
98.9574,0.8716,3.7426
98.9576,0.92,3.9451
98.9578,1.0037,4.2939
98.9580,1.0363,4.4397
98.9582,1.0013,4.2877
98.9584,1.0254,4.395
98.9586,1.007,4.3179
98.9588,0.9333,4.0059
98.9590,0.8469,3.6416
98.9592,0.7728,3.323
98.9594,0.7631,3.2827
98.9596,0.6914,2.9757
98.9598,0.7121,3.0649
98.9600,0.7532,3.2374
98.9602,0.8301,3.5645
98.9604,0.8458,3.6353
98.9606,0.8247,3.5446
98.9608,0.8577,3.6794
98.9610,0.8272,3.5571
98.9612,0.8133,3.4924
98.9614,0.8489,3.647
98.9616,0.8186,3.5134
98.9618,0.8456,3.6343
98.9620,0.7835,3.3704
98.9622,0.7749,3.3323
98.9624,0.8163,3.5069
98.9626,0.8311,3.5702
98.9628,0.8155,3.5098
98.9630,0.768,3.3008
98.9632,0.7631,3.2766
98.9634,0.7986,3.4386
98.9636,0.7071,3.0447
98.9638,0.6937,2.9841
98.9640,0.7498,3.221
98.9642,0.7969,3.4282
98.9644,0.776,3.3385
98.9646,0.7662,3.2962
98.9648,0.7121,3.0649
98.9650,0.6439,2.7739
98.9652,0.6246,2.6932
98.9654,0.6139,2.6447
98.9656,0.6249,2.6923
98.9658,0.5754,2.4824
98.9660,0.5395,2.3261
98.9662,0.5493,2.3685
98.9664,0.5201,2.2439
98.9666,0.5375,2.3189
98.9668,0.5616,2.4206
98.9670,0.5589,2.4121
98.9672,0.561,2.4203
98.9674,0.5655,2.436
98.9676,0.6483,2.7839
98.9678,0.8325,3.5748
98.9680,0.8613,3.7018
98.9682,0.7008,3.022
98.9684,0.5721,2.4656
98.9686,0.56,2.4168
98.9688,0.5725,2.4688
98.9690,0.6183,2.6639
98.9692,0.6506,2.8002
98.9694,0.6448,2.778
98.9696,0.654,2.8173
98.9698,0.6591,2.8395
98.9700,0.6679,2.8758
98.9702,0.6703,2.8835
98.9704,0.6839,2.945
98.9706,0.5807,2.5063
98.9708,0.5174,2.232
98.9710,0.5438,2.348
98.9712,0.4753,2.0533
98.9714,0.4481,1.9339
98.9716,0.4498,1.943
98.9718,0.4525,1.9558
98.9720,0.448,1.9352
98.9722,0.4456,1.9222
98.9724,0.4495,1.9401
98.9726,0.4865,2.1015
98.9728,0.4506,1.9439
98.9730,0.5091,2.1943
98.9732,0.5078,2.1917
98.9734,0.5124,2.2103
98.9736,0.4978,2.1497
98.9738,0.4561,1.9695
98.9740,0.4418,1.9079
98.9742,0.4393,1.897
98.9744,0.4552,1.9626
98.9746,0.4568,1.9717
98.9748,0.4576,1.9739
98.9750,0.4837,2.0847
98.9752,0.553,2.3812
98.9754,0.5873,2.5289
98.9756,0.6197,2.6695
98.9758,0.6319,2.7172
98.9760,0.6874,2.96
98.9762,0.6178,2.6613
98.9764,0.6078,2.6184
98.9766,0.5998,2.5838
98.9768,0.5628,2.4236
98.9770,0.6441,2.771
98.9772,0.7577,3.2595
98.9774,0.6856,2.9509
98.9776,0.657,2.8249
98.9778,0.6614,2.8493
98.9780,0.6026,2.5986
98.9782,0.5758,2.4782
98.9784,0.5838,2.5139
98.9786,0.632,2.7227
98.9788,0.6157,2.6488
98.9790,0.6375,2.7439
98.9792,0.6098,2.6247
98.9794,0.6432,2.7721
98.9796,0.5731,2.4714
98.9798,0.5,2.155
98.9800,0.5082,2.1922
98.9802,0.5011,2.1607
98.9804,0.5326,2.2956
98.9806,0.5609,2.4131
98.9808,0.6818,2.933
98.9810,0.6965,2.9951
98.9812,0.6389,2.7522
98.9814,0.5417,2.3349
98.9816,0.5083,2.1927
98.9818,0.5005,2.1581
98.9820,0.4951,2.1358
98.9822,0.4947,2.1352
98.9824,0.4924,2.1244
98.9826,0.4927,2.1225
98.9828,0.5577,2.4002
98.9830,0.6163,2.6538
98.9832,0.5923,2.547
98.9834,0.657,2.8262
98.9836,0.6324,2.7293
98.9838,0.5006,2.1616
98.9840,0.4661,2.0116
98.9842,0.4633,1.9978
98.9844,0.4689,2.023
98.9846,0.4677,2.0188
98.9848,0.4713,2.0306
98.9850,0.4825,2.0805
98.9852,0.4841,2.0872
98.9854,0.5101,2.1984
98.9856,0.5312,2.2873
98.9858,0.5926,2.5516
98.9860,0.5983,2.5752
98.9862,0.6544,2.8141
98.9864,0.6975,2.995
98.9866,0.7174,3.0833
98.9868,0.7247,3.1148
98.9870,0.694,2.9829
98.9872,0.7084,3.0461
98.9874,0.757,3.2519
98.9876,0.7837,3.3699
98.9878,0.6976,2.9913
98.9880,0.8347,3.579
98.9882,0.8805,3.7737
98.9884,0.9146,3.9183
98.9886,0.885,3.8003
98.9888,0.8529,3.6606
98.9890,0.8883,3.8071
98.9892,0.8855,3.8006
98.9894,0.8374,3.5908
98.9896,0.8788,3.7647
98.9898,0.9573,4.1012
98.9900,0.9172,3.9309
98.9902,0.9085,3.8976
98.9904,0.9078,3.9017
98.9906,0.8422,3.6165
98.9908,0.8271,3.5499
98.9910,0.8311,3.5669
98.9912,0.7796,3.3508
98.9914,0.7609,3.2704
98.9916,0.7793,3.3415
98.9918,0.8719,3.7354
98.9920,0.8913,3.827
98.9922,0.8035,3.4566
98.9924,0.7474,3.2107
98.9926,0.81,3.478
98.9928,0.8106,3.4789
98.9930,0.796,3.423
98.9932,0.7754,3.3297
98.9934,0.8522,3.6541
98.9936,0.9258,3.9661
98.9938,0.9532,4.1009
98.9940,0.7917,3.4029
98.9942,0.7838,3.3673
98.9944,0.8347,3.584
98.9946,0.7606,3.2643
98.9948,0.8114,3.4825
98.9950,0.8428,3.6224
98.9952,0.854,3.6669
98.9954,0.8795,3.7713
98.9956,0.8958,3.843
98.9958,0.9079,3.8968
98.9960,0.9323,3.9938
98.9962,1.0025,4.2948
98.9964,1.0194,4.3693
98.9966,0.9937,4.2687
98.9968,0.9178,3.9353
98.9970,0.939,4.0263
98.9972,0.8669,3.7277
98.9974,0.7966,3.4208
98.9976,0.8356,3.5881
98.9978,0.8198,3.5218
98.9980,0.7782,3.3477
98.9982,0.756,3.2538
98.9984,0.7517,3.2307
98.9986,0.7935,3.4106
98.9988,0.8282,3.5562
98.9990,0.8443,3.6252
98.9992,0.8552,3.6669
98.9994,0.9219,3.9588
98.9996,0.8994,3.8639
98.9998,0.8604,3.6964
99.0000,0.8839,3.7956
99.0002,0.8984,3.8507
99.0004,0.9104,3.9131
99.0006,0.8258,3.5542
99.0008,0.6934,2.983
99.0010,0.7139,3.067
99.0012,0.8676,3.7291
99.0014,0.833,3.5818
99.0016,0.7502,3.2291
99.0018,0.7092,3.0554
99.0020,0.707,3.0428
99.0022,0.709,3.0501
99.0024,0.7115,3.0595
99.0026,0.7088,3.0505
99.0028,0.7065,3.0421
99.0030,0.694,2.9884
99.0032,0.7259,3.1243
99.0034,0.7156,3.0813
99.0036,0.6797,2.927
99.0038,0.6291,2.7091
99.0040,0.682,2.9381
99.0042,0.6036,2.5991
99.0044,0.6992,3.0078
99.0046,0.7193,3.1017
99.0048,0.6052,2.6094
99.0050,0.565,2.4351
99.0052,0.5506,2.3764
99.0054,0.5573,2.4043
99.0056,0.5655,2.4383
99.0058,0.5667,2.4446
99.0060,0.561,2.4181
99.0062,0.61,2.6253
99.0064,0.6494,2.8015
99.0066,0.5725,2.47
99.0068,0.5646,2.4347
99.0070,0.5626,2.427
99.0072,0.5547,2.3907
99.0074,0.551,2.3724
99.0076,0.6301,2.712
99.0078,0.707,3.0385
99.0080,0.7131,3.0733
99.0082,0.6837,2.9426
99.0084,0.73,3.1404
99.0086,0.648,2.7901
99.0088,0.6439,2.7726
99.0090,0.7014,3.0162
99.0092,0.7339,3.1545
99.0094,0.7548,3.2472
99.0096,0.7399,3.1862
99.0098,0.6685,2.8784
99.0100,0.6734,2.8983
99.0102,0.7263,3.1229
99.0104,0.7693,3.3065
99.0106,0.7867,3.3828
99.0108,0.6969,3.0008
99.0110,0.7344,3.158
99.0112,0.7777,3.3519
99.0114,0.6476,2.7899
99.0116,0.6229,2.6847
99.0118,0.6201,2.6728
99.0120,0.6331,2.7249
99.0122,0.6645,2.8601
99.0124,0.6683,2.8766
99.0126,0.6915,2.9748
99.0128,0.7233,3.1144
99.0130,0.7172,3.0837
99.0132,0.763,3.2822
99.0134,0.7247,3.1177
99.0136,0.7366,3.1688
99.0138,0.6919,2.9791
99.0140,0.627,2.6998
99.0142,0.5944,2.5582
99.0144,0.6755,2.9129
99.0146,0.5802,2.5031
99.0148,0.5273,2.276
99.0150,0.5146,2.2201
99.0152,0.5835,2.5135
99.0154,0.6511,2.8023
99.0156,0.667,2.8696
99.0158,0.6359,2.738
99.0160,0.6572,2.8299
99.0162,0.6685,2.8784
99.0164,0.7157,3.079
99.0166,0.6862,2.9576
99.0168,0.599,2.5807
99.0170,0.5806,2.5023
99.0172,0.5831,2.5108
99.0174,0.5929,2.5532
99.0176,0.6331,2.7261
99.0178,0.6838,2.9445
99.0180,0.6351,2.7336
99.0182,0.6217,2.6783
99.0184,0.649,2.7961
99.0186,0.6716,2.8892
99.0188,0.6583,2.8385
99.0190,0.5782,2.4896
99.0192,0.642,2.7618
99.0194,0.6667,2.8747
99.0196,0.6204,2.6726
99.0198,0.688,2.9571
99.0200,0.7776,3.3436
99.0202,0.7463,3.209
99.0204,0.7354,3.1607
99.0206,0.7106,3.0582
99.0208,0.7201,3.0938
99.0210,0.8552,3.6721
99.0212,0.8476,3.643
99.0214,0.7505,3.2256
99.0216,0.7759,3.3333
99.0218,0.7814,3.3585
99.0220,0.7507,3.2266
99.0222,0.7283,3.1332
99.0224,0.7102,3.0567
99.0226,0.7303,3.1448
99.0228,0.7925,3.4028
99.0230,0.8252,3.5466
99.0232,0.8273,3.5493
99.0234,0.8728,3.7443
99.0236,0.8614,3.704
99.0238,0.7193,3.093
99.0240,0.7372,3.1684
99.0242,0.7769,3.3374
99.0244,0.8347,3.5807
99.0246,0.8815,3.7853
99.0248,0.826,3.5486
99.0250,0.789,3.3894
99.0252,0.7848,3.3714
99.0254,0.7878,3.3874
99.0256,0.7724,3.3214
99.0258,0.7833,3.3699
99.0260,0.8137,3.4939
99.0262,0.8661,3.7189
99.0264,0.8386,3.5993
99.0266,0.8492,3.6514
99.0268,0.8085,3.4766
99.0270,0.801,3.4441
99.0272,0.6835,2.9471
99.0274,0.5794,2.5018
99.0276,0.5255,2.264
99.0278,0.6301,2.7132
99.0280,0.6555,2.824
99.0282,0.6615,2.8472
99.0284,0.6771,2.9115
99.0286,0.6682,2.8787
99.0288,0.6197,2.6745
99.0290,0.5879,2.5338
99.0292,0.5859,2.525
99.0294,0.5902,2.5425
99.0296,0.647,2.786
99.0298,0.6743,2.9037
99.0300,0.6833,2.9425
99.0302,0.682,2.9395
99.0304,0.636,2.7385
99.0306,0.6059,2.6126
99.0308,0.5951,2.5648
99.0310,0.5739,2.4757
99.0312,0.5423,2.3374
99.0314,0.5989,2.579
99.0316,0.6269,2.7005
99.0318,0.6314,2.7214
99.0320,0.6193,2.6667
99.0322,0.6243,2.6897
99.0324,0.6446,2.777
99.0326,0.6144,2.6505
99.0328,0.5017,2.1643
99.0330,0.4921,2.1248
99.0332,0.4704,2.0311
99.0334,0.4068,1.7567
99.0336,0.4182,1.8059
99.0338,0.5014,2.1622
99.0340,0.5608,2.4125
99.0342,0.653,2.8184
99.0344,0.4989,2.1534
99.0346,0.4723,2.0404
99.0348,0.4705,2.0269
99.0350,0.5408,2.3286
99.0352,0.5771,2.4862
99.0354,0.5819,2.508
99.0356,0.5819,2.508
99.0358,0.6282,2.7062
99.0360,0.6296,2.7111
99.0362,0.6445,2.7765
99.0364,0.5874,2.5306
99.0366,0.5688,2.4505
99.0368,0.5481,2.3633
99.0370,0.5919,2.5521
99.0372,0.6059,2.6089
99.0374,0.5988,2.5773
99.0376,0.6724,2.8928
99.0378,0.6898,2.969
99.0380,0.6065,2.6115
99.0382,0.5909,2.5503
99.0384,0.4883,2.1063
99.0386,0.4627,1.998
99.0388,0.4556,1.9684
99.0390,0.4542,1.9603
99.0392,0.4554,1.9628
99.0394,0.4689,2.024
99.0396,0.4547,1.9624
99.0398,0.4462,1.9248
99.0400,0.4462,1.9257
99.0402,0.4464,1.9276
99.0404,0.4487,1.9383
99.0406,0.4463,1.9271
99.0408,0.4435,1.9143
99.0410,0.4507,1.9444
99.0412,0.4959,2.1394
99.0414,0.4877,2.1037
99.0416,0.4465,1.9245
99.0418,0.446,1.9251
99.0420,0.4469,1.9296
99.0422,0.4484,1.9337
99.0424,0.4507,1.9453
99.0426,0.4463,1.928
99.0428,0.4446,1.918
99.0430,0.474,2.0419
99.0432,0.5255,2.264
99.0434,0.5752,2.4756
99.0436,0.5838,2.5127
99.0438,0.5853,2.5189
99.0440,0.6168,2.6596
99.0442,0.5482,2.3661
99.0444,0.461,1.988
99.0446,0.4511,1.9451
99.0448,0.5229,2.2527
99.0450,0.5303,2.2868
99.0452,0.4872,2.0987
99.0454,0.5165,2.2274
99.0456,0.4914,2.1198
99.0458,0.5118,2.2026
99.0460,0.5772,2.4855
99.0462,0.562,2.4233
99.0464,0.5102,2.1989
99.0466,0.4897,2.1096
99.0468,0.497,2.1401
99.0470,0.5487,2.3626
99.0472,0.5604,2.411
99.0474,0.5649,2.4335
99.0476,0.5363,2.3137
99.0478,0.4946,2.1318
99.0480,0.5139,2.2108
99.0482,0.5913,2.5436
99.0484,0.6024,2.5927
99.0486,0.6689,2.8711
99.0488,0.723,3.1105
99.0490,0.6624,2.8481
99.0492,0.7164,3.0749
99.0494,0.7031,3.0276
99.0496,0.5749,2.4769
99.0498,0.5577,2.3991
99.0500,0.5881,2.5337
99.0502,0.5797,2.494
99.0504,0.567,2.4382
99.0506,0.5911,2.5454
99.0508,0.5246,2.2631
99.0510,0.4741,2.0443
99.0512,0.4687,2.0211
99.0514,0.4715,2.033
99.0516,0.4717,2.0321
99.0518,0.4968,2.1391
99.0520,0.5495,2.3641
99.0522,0.6195,2.669
99.0524,0.5432,2.3411
99.0526,0.5753,2.475
99.0528,0.6746,2.8967
99.0530,0.7271,3.1251
99.0532,0.7148,3.072
99.0534,0.7223,3.1016
99.0536,0.7664,3.2865
99.0538,0.8186,3.515
99.0540,0.7896,3.3936
99.0542,0.7742,3.3199
99.0544,0.7952,3.413
99.0546,0.7749,3.3292
99.0548,0.7752,3.3271
99.0550,0.8053,3.4514
99.0552,0.8763,3.7539
99.0554,0.8957,3.8336
99.0556,0.9498,4.0764
99.0558,0.8112,3.4847
99.0560,0.8543,3.6599
99.0562,0.9603,4.1102
99.0564,0.9441,4.0503
99.0566,0.8577,3.6777
99.0568,0.8452,3.626
99.0570,0.8374,3.5908
99.0572,0.855,3.6698
99.0574,0.8437,3.6209
99.0576,0.8526,3.6544
99.0578,0.882,3.7803
99.0580,0.9321,3.9933
99.0582,0.951,4.072
99.0584,0.9219,3.9552
99.0586,0.8892,3.8147
99.0588,0.9138,3.9165
99.0590,0.9237,3.9592
99.0592,0.9778,4.189
99.0594,0.9937,4.2528
99.0596,0.9564,4.0971
99.0598,0.9538,4.0882
99.0600,0.9395,4.0265
99.0602,0.9428,4.0409
99.0604,0.9749,4.1845
99.0606,0.9106,3.9063
99.0608,0.9168,3.9312
99.0610,0.9061,3.8873
99.0612,0.8992,3.8538
99.0614,0.9727,4.1669
99.0616,0.9065,3.8906
99.0618,0.8448,3.6295
99.0620,0.805,3.4633
99.0622,0.7273,3.129
99.0624,0.7006,3.0126
99.0626,0.6861,2.9557
99.0628,0.6608,2.8388
99.0630,0.7375,3.1714
99.0632,0.7584,3.2596
99.0634,0.7793,3.3493
99.0636,0.7596,3.2678
99.0638,0.7377,3.1734
99.0640,0.7191,3.092
99.0642,0.7518,3.2313
99.0644,0.8077,3.4682
99.0646,0.8254,3.546
99.0648,0.7624,3.2781
99.0650,0.7658,3.2931
99.0652,0.7357,3.1666
99.0654,0.6797,2.927
99.0656,0.6693,2.882
99.0658,0.674,2.8995
99.0660,0.7303,3.139
99.0662,0.7426,3.1916
99.0664,0.695,2.9884
99.0666,0.6853,2.9439
99.0668,0.7745,3.3333
99.0670,0.7002,3.0125
99.0672,0.7173,3.0828
99.0674,0.8072,3.4645
99.0676,0.821,3.5303
99.0678,0.7525,3.2358
99.0680,0.7221,3.1078
99.0682,0.6644,2.8582
99.0684,0.6459,2.7827
99.0686,0.6478,2.7909
99.0688,0.6416,2.7628
99.0690,0.6365,2.7406
99.0692,0.6638,2.853
99.0694,0.7448,3.1999
99.0696,0.7907,3.3998
99.0698,0.7417,3.1909
99.0700,0.6741,2.9067
99.0702,0.5883,2.5365
99.0704,0.5488,2.3632
99.0706,0.6648,2.8611
99.0708,0.6411,2.7658
99.0710,0.5422,2.3369
99.0712,0.5374,2.3184
99.0714,0.5263,2.2703
99.0716,0.5259,2.2677
99.0718,0.5351,2.3075
99.0720,0.5778,2.4916
99.0722,0.5464,2.3572
99.0724,0.5201,2.2439
99.0726,0.5143,2.2186
99.0728,0.5134,2.2129
99.0730,0.5213,2.247
99.0732,0.5179,2.2351
99.0734,0.5126,2.2103
99.0736,0.527,2.2702
99.0738,0.6056,2.6115
99.0740,0.5658,2.4342
99.0742,0.605,2.6089
99.0744,0.5523,2.3792
99.0746,0.6136,2.6395
99.0748,0.6735,2.8974
99.0750,0.6735,2.8988
99.0752,0.67,2.8851
99.0754,0.6637,2.8565
99.0756,0.6964,2.9946
99.0758,0.6957,2.9915
99.0760,0.6935,2.985
99.0762,0.6673,2.8733
99.0764,0.6866,2.9482
99.0766,0.8046,3.4532
99.0768,0.8333,3.5767
99.0770,0.9106,3.9045
99.0772,0.9124,3.9104
99.0774,0.866,3.7184
99.0776,0.8797,3.7688
99.0778,0.9821,4.2153
99.0780,0.9206,3.9513
99.0782,0.8963,3.8469
99.0784,0.851,3.6609
99.0786,0.7269,3.1299
99.0788,0.6634,2.8554
99.0790,0.6734,2.8942
99.0792,0.7255,3.1242
99.0794,0.6324,2.7243
99.0796,0.6247,2.6912
99.0798,0.6133,2.6397
99.0800,0.6258,2.6959
99.0802,0.6507,2.8033
99.0804,0.6555,2.82
99.0806,0.6797,2.9229
99.0808,0.6621,2.8511
99.0810,0.6384,2.7476
99.0812,0.6586,2.8335
99.0814,0.6429,2.7685
99.0816,0.6669,2.8731
99.0818,0.6484,2.7883
99.0820,0.7564,3.2493
99.0822,0.8321,3.5699
99.0824,0.8845,3.7982
99.0826,0.7639,3.2848
99.0828,0.6722,2.8985
99.0830,0.5705,2.4612
99.0832,0.5264,2.2719
99.0834,0.5163,2.2274
99.0836,0.5288,2.2769
99.0838,0.5989,2.5826
99.0840,0.573,2.4686
99.0842,0.6059,2.6126
99.0844,0.5381,2.3194
99.0846,0.5566,2.3989
99.0848,0.5996,2.5845
99.0850,0.6264,2.6972
99.0852,0.6637,2.8551
99.0854,0.7085,3.048
99.0856,0.6466,2.7845
99.0858,0.6896,2.9638
99.0860,0.7554,3.2452
99.0862,0.8042,3.4532
99.0864,0.8639,3.7097
99.0866,0.8718,3.7384
99.0868,0.9604,4.1126
99.0870,1.0018,4.2917
99.0872,0.969,4.1549
99.0874,0.9435,4.0383
99.0876,1.1037,4.7173
99.0878,1.1937,5.1041
99.0880,1.1911,5.0957
99.0882,1.1926,5.0947
99.0884,1.2094,5.1616
99.0886,1.2596,5.3785
99.0888,1.1778,5.0458
99.0890,0.964,4.1299
99.0892,1.0263,4.3986
99.0894,1.0155,4.3604
99.0896,0.9344,4.0087
99.0898,0.9324,4.0018
99.0900,0.9234,3.9632
99.0902,0.9301,3.9901
99.0904,0.9178,3.9427
99.0906,0.8951,3.8364
99.0908,0.9953,4.27
99.0910,1.0154,4.3538
99.0912,1.0126,4.338
99.0914,1.0239,4.3924
99.0916,0.92,3.9524
99.0918,0.8749,3.7605
99.0920,0.8156,3.5038
99.0922,0.8871,3.8037
99.0924,0.9861,4.2264
99.0926,0.9941,4.2748
99.0928,0.8332,3.5812
99.0930,0.82,3.5212
99.0932,0.8386,3.6044
99.0934,0.82,3.5278
99.0936,0.7676,3.3008
99.0938,0.8017,3.4424
99.0940,0.8384,3.6084
99.0942,0.8243,3.5447
99.0944,0.7899,3.403
99.0946,0.68,2.9266
99.0948,0.7103,3.0572
99.0950,0.7317,3.1461
99.0952,0.7871,3.3828
99.0954,0.7922,3.4065
99.0956,0.7935,3.4154
99.0958,0.7874,3.3906
99.0960,0.7419,3.1944
99.0962,0.7311,3.145
99.0964,0.7644,3.2884
99.0966,0.764,3.2884
99.0968,0.7564,3.2539
99.0970,0.7719,3.3178
99.0972,0.8499,3.6528
99.0974,0.839,3.6076
99.0976,0.7633,3.2868
99.0978,0.7079,3.0483
99.0980,0.7523,3.2393
99.0982,0.723,3.1148
99.0984,0.6368,2.7472
99.0986,0.5993,2.5865
99.0988,0.592,2.5538
99.0990,0.6158,2.6518
99.0992,0.6874,2.9655
99.0994,0.5867,2.5345
99.0996,0.5121,2.2113
99.0998,0.5156,2.2232
99.1000,0.5616,2.424
99.1002,0.5598,2.414
99.1004,0.6198,2.6738
99.1006,0.5771,2.4896
99.1008,0.5517,2.3789
99.1010,0.5534,2.3872
99.1012,0.5566,2.4023
99.1014,0.5513,2.3795
99.1016,0.55,2.3727
99.1018,0.5512,2.379
99.1020,0.5426,2.3406
99.1022,0.5608,2.4181
99.1024,0.5662,2.4414
99.1026,0.5658,2.441
99.1028,0.5379,2.3226
99.1030,0.5072,2.187
99.1032,0.5428,2.3438
99.1034,0.4772,2.0616
99.1036,0.4505,1.9452
99.1038,0.4523,1.9548
99.1040,0.4507,1.948
99.1042,0.4618,1.9939
99.1044,0.4945,2.1352
99.1046,0.4737,2.0475
99.1048,0.4495,1.941
99.1050,0.4522,1.9524
99.1052,0.4494,1.9414
99.1054,0.4579,1.9773
99.1056,0.5119,2.2103
99.1058,0.4877,2.1047
99.1060,0.4501,1.9445
99.1062,0.4504,1.9474
99.1064,0.4417,1.9065
99.1066,0.4496,1.9416
99.1068,0.4614,1.9914
99.1070,0.4592,1.9811
99.1072,0.4614,1.9914
99.1074,0.5056,2.1823
99.1076,0.495,2.1373
99.1078,0.4633,1.9987
99.1080,0.4966,2.1415
99.1082,0.5717,2.4629
99.1084,0.6227,2.6812
99.1086,0.6445,2.77
99.1088,0.7032,3.0282
99.1090,0.5911,2.5513
99.1092,0.4818,2.0784
99.1094,0.4535,1.9572
99.1096,0.5022,2.1633
99.1098,0.5999,2.5831
99.1100,0.6698,2.8801
99.1102,0.6667,2.8667
99.1104,0.7242,3.1113
99.1106,0.7013,3.0185
99.1108,0.6555,2.824
99.1110,0.563,2.4252
99.1112,0.5263,2.2724
99.1114,0.4773,2.0602
99.1116,0.492,2.1214
99.1118,0.4977,2.1462
99.1120,0.4905,2.1132
99.1122,0.5716,2.4635
99.1124,0.5284,2.2786
99.1126,0.5683,2.4462
99.1128,0.6318,2.7217
99.1130,0.5706,2.4605
99.1132,0.547,2.3565
99.1134,0.5149,2.2222
99.1136,0.493,2.127
99.1138,0.5083,2.1897
99.1140,0.5161,2.2232
99.1142,0.542,2.3359
99.1144,0.592,2.5514
99.1146,0.6327,2.7182
99.1148,0.7053,3.0313
99.1150,0.6764,2.9098
99.1152,0.6737,2.8998
99.1154,0.6661,2.8681
99.1156,0.6016,2.5903
99.1158,0.6019,2.5895
99.1160,0.6558,2.8211
99.1162,0.664,2.862
99.1164,0.6103,2.6268
99.1166,0.61,2.6253
99.1168,0.6239,2.6876
99.1170,0.5897,2.5416
99.1172,0.5655,2.436
99.1174,0.5784,2.4918
99.1176,0.606,2.6106
99.1178,0.6339,2.7297
99.1180,0.6313,2.7121
99.1182,0.6859,2.9506
99.1184,0.6323,2.72
99.1186,0.6416,2.7641
99.1188,0.549,2.3686
99.1190,0.5459,2.3508
99.1192,0.599,2.5759
99.1194,0.6739,2.9003
99.1196,0.6474,2.7863
99.1198,0.6657,2.8599
99.1200,0.7068,3.0366
99.1202,0.7213,3.096
99.1204,0.8802,3.7726
99.1206,0.9528,4.0836
99.1208,0.9229,3.9556
99.1210,0.9155,3.9219
99.1212,0.9062,3.8896
99.1214,0.9025,3.8664
99.1216,0.9243,3.9618
99.1218,0.8625,3.6966
99.1220,0.892,3.8266
99.1222,0.9318,3.9973
99.1224,0.8771,3.7645
99.1226,0.7946,3.4152
99.1228,0.7414,3.1864
99.1230,0.7411,3.1839
99.1232,0.7701,3.3086
99.1234,0.7749,3.3292
99.1236,0.8206,3.5254
99.1238,0.8324,3.5709
99.1240,0.9067,3.8898
99.1242,0.8513,3.659
99.1244,0.8143,3.4997
99.1246,0.81,3.4812
99.1248,0.7574,3.2524
99.1250,0.7844,3.3699
99.1252,0.8315,3.5756
99.1254,0.7886,3.3895
99.1256,0.7638,3.2813
99.1258,0.8399,3.6033
99.1260,0.9317,3.995
99.1262,0.8596,3.6963
99.1264,0.7778,3.3415
99.1266,0.8594,3.6884
99.1268,0.8826,3.79
99.1270,0.8399,3.6134
99.1272,0.7861,3.3771
99.1274,0.8463,3.6323
99.1276,0.8625,3.7
99.1278,0.8612,3.7013
99.1280,0.8285,3.5611
99.1282,0.8374,3.5992
99.1284,0.8043,3.4554
99.1286,0.7984,3.4317
99.1288,0.8307,3.5687
99.1290,0.855,3.6698
99.1292,0.8476,3.6413
99.1294,0.842,3.6188
99.1296,0.8054,3.4616
99.1298,0.777,3.3426
99.1300,0.7525,3.2374
99.1302,0.7504,3.2296
99.1304,0.6869,2.9593
99.1306,0.6598,2.8413
99.1308,0.6637,2.8578
99.1310,0.6663,2.8691
99.1312,0.671,2.8893
99.1314,0.6712,2.889
99.1316,0.6782,2.9203
99.1318,0.6842,2.9474
99.1320,0.7295,3.1427
99.1322,0.6478,2.7896
99.1324,0.6261,2.6962
99.1326,0.6574,2.8296
99.1328,0.652,2.8077
99.1330,0.6415,2.7623
99.1332,0.6245,2.6927
99.1334,0.6492,2.794
99.1336,0.716,3.0843
99.1338,0.6625,2.8513
99.1340,0.6546,2.8159
99.1342,0.676,2.9069
99.1344,0.7442,3.2018
99.1346,0.7542,3.2446
99.1348,0.7493,3.2219
99.1350,0.7572,3.256
99.1352,0.7761,3.3359
99.1354,0.8584,3.686
99.1356,0.8489,3.6504
99.1358,0.7354,3.1651
99.1360,0.642,2.7682
99.1362,0.609,2.6236
99.1364,0.6079,2.6201
99.1366,0.6198,2.6713
99.1368,0.6542,2.8157
99.1370,0.7096,3.0527
99.1372,0.7145,3.071
99.1374,0.7384,3.1765
99.1376,0.7082,3.0479
99.1378,0.6869,2.9566
99.1380,0.6112,2.6365
99.1382,0.5517,2.38
99.1384,0.5448,2.3494
99.1386,0.5433,2.3427
99.1388,0.5642,2.4292
99.1390,0.6802,2.9331
99.1392,0.5633,2.429
99.1394,0.5332,2.2992
99.1396,0.5309,2.2894
99.1398,0.5368,2.3158
99.1400,0.5404,2.327
99.1402,0.6146,2.6454
99.1404,0.6266,2.7033
99.1406,0.5395,2.3272
99.1408,0.5275,2.2734
99.1410,0.5263,2.2714
99.1412,0.5247,2.2646
99.1414,0.5276,2.2749
99.1416,0.526,2.2693
99.1418,0.5277,2.2776
99.1420,0.5267,2.2713
99.1422,0.5236,2.2568
99.1424,0.5167,2.2279
99.1426,0.5182,2.2336
99.1428,0.5719,2.4639
99.1430,0.641,2.7576
99.1432,0.701,3.0169
99.1434,0.667,2.8709
99.1436,0.6357,2.7413
99.1438,0.5872,2.5307
99.1440,0.6323,2.7238
99.1442,0.5814,2.5036
99.1444,0.5701,2.4573
99.1446,0.5656,2.4366
99.1448,0.5899,2.5438
99.1450,0.5998,2.5862
99.1452,0.5694,2.4531
99.1454,0.6174,2.6572
99.1456,0.6236,2.6853
99.1458,0.5986,2.5798
99.1460,0.5209,2.2481
99.1462,0.4489,1.9385
99.1464,0.4694,2.0261
99.1466,0.4863,2.0961
99.1468,0.5337,2.3002
99.1470,0.4922,2.1224
99.1472,0.4975,2.1462
99.1474,0.5026,2.1684
99.1476,0.5084,2.1922
99.1478,0.5013,2.1607
99.1480,0.5065,2.1829
99.1482,0.5369,2.3142
99.1484,0.6149,2.6415
99.1486,0.7169,3.0798
99.1488,0.7416,3.1904
99.1490,0.6664,2.8697
99.1492,0.6221,2.6786
99.1494,0.568,2.4492
99.1496,0.4903,2.1171
99.1498,0.46,1.9833
99.1500,0.5106,2.2005
99.1502,0.5402,2.3271
99.1504,0.5444,2.3462
99.1506,0.5929,2.5532
99.1508,0.6079,2.6165
99.1510,0.5703,2.4544
99.1512,0.5703,2.4579
99.1514,0.5701,2.4551
99.1516,0.607,2.6124
99.1518,0.6239,2.6826
99.1520,0.5982,2.5783
99.1522,0.5562,2.3985
99.1524,0.588,2.5285
99.1526,0.6444,2.7695
99.1528,0.6981,3.0018
99.1530,0.6701,2.8843
99.1532,0.665,2.8595
99.1534,0.7013,3.0143
99.1536,0.7186,3.0871
99.1538,0.8564,3.6687
99.1540,0.974,4.1745
99.1542,0.9403,4.0282
99.1544,0.9363,4.0113
99.1546,0.9291,3.9823
99.1548,0.9332,3.9998
99.1550,0.9237,3.961
99.1552,0.9155,3.9292
99.1554,0.9534,4.0804
99.1556,1.0343,4.4206
99.1558,1.0608,4.5381
99.1560,1.0323,4.4263
99.1562,0.9745,4.1766
99.1564,0.9806,4.2008
99.1566,1.0191,4.3677
99.1568,1.0264,4.3909
99.1570,1.0712,4.587
99.1572,0.9941,4.2648
99.1574,0.9381,4.0227
99.1576,0.9302,3.9907
99.1578,0.87,3.7359
99.1580,0.8504,3.6532
99.1582,0.8498,3.6472
99.1584,0.8806,3.7777
99.1586,0.9246,3.9646
99.1588,1.0266,4.394
99.1590,1.0853,4.6449
99.1592,1.071,4.5903
99.1594,1.0805,4.6265
99.1596,1.0842,4.6468
99.1598,1.0095,4.3347
99.1600,0.8688,3.7238
99.1602,0.9371,4.0237
99.1604,0.8517,3.6657
99.1606,0.7267,3.125
99.1608,0.797,3.4224
99.1610,0.8498,3.654
99.1612,0.7729,3.3266
99.1614,0.7805,3.3544
99.1616,0.8116,3.4884
99.1618,0.8059,3.4669
99.1620,0.7747,3.3343
99.1622,0.6616,2.8503
99.1624,0.624,2.6894
99.1626,0.6594,2.8418
99.1628,0.6731,2.8972
99.1630,0.6861,2.9557
99.1632,0.7197,3.0989
99.1634,0.7317,3.1447
99.1636,0.7658,3.29
99.1638,0.7392,3.1875
99.1640,0.646,2.7845
99.1642,0.6644,2.8609
99.1644,0.6824,2.9397
99.1646,0.6267,2.7038
99.1648,0.601,2.5914
99.1650,0.5932,2.5566
99.1652,0.6031,2.5995
99.1654,0.6011,2.5883
99.1656,0.6189,2.6677
99.1658,0.5809,2.5062
99.1660,0.5706,2.4617
99.1662,0.5194,2.2429
99.1664,0.514,2.2186
99.1666,0.5536,2.3849
99.1668,0.7145,3.0667
99.1670,0.7481,3.2228
99.1672,0.5795,2.4988
99.1674,0.5697,2.4564
99.1676,0.5796,2.4993
99.1678,0.5799,2.4992
99.1680,0.5771,2.4885
99.1682,0.5608,2.4181
99.1684,0.5886,2.5346
99.1686,0.6649,2.859
99.1688,0.7178,3.0892
99.1690,0.6574,2.8375
99.1692,0.5475,2.3629
99.1694,0.6168,2.6596
99.1696,0.5149,2.2242
99.1698,0.4619,1.9944
99.1700,0.5067,2.185
99.1702,0.5379,2.3172
99.1704,0.5427,2.3412
99.1706,0.5514,2.3767
99.1708,0.5596,2.413
99.1710,0.5499,2.3722
99.1712,0.5522,2.3809
99.1714,0.5656,2.4377
99.1716,0.5104,2.2041
99.1718,0.4624,1.9946
99.1720,0.4749,2.048
99.1722,0.4721,2.0355
99.1724,0.5277,2.2776
99.1726,0.4841,2.0892
99.1728,0.4583,1.9798
99.1730,0.4458,1.925
99.1732,0.4303,1.8573
99.1734,0.4342,1.8739
99.1736,0.4849,2.0909
99.1738,0.5091,2.1973
99.1740,0.4577,1.9744
99.1742,0.4839,2.0858
99.1744,0.55,2.3694
99.1746,0.5857,2.5245
99.1748,0.5838,2.5163
99.1750,0.5747,2.4758
99.1752,0.6001,2.5841
99.1754,0.5883,2.5342
99.1756,0.5819,2.508
99.1758,0.5725,2.4665
99.1760,0.5921,2.5484
99.1762,0.7079,3.0455
99.1764,0.705,3.0331
99.1766,0.6747,2.9012
99.1768,0.6736,2.8993
99.1770,0.6025,2.5969
99.1772,0.5639,2.426
99.1774,0.632,2.7202
99.1776,0.607,2.6148
99.1778,0.5863,2.5248
99.1780,0.6136,2.6469
99.1782,0.53,2.2832
99.1784,0.5451,2.3482
99.1786,0.5425,2.339
99.1788,0.5414,2.3322
99.1790,0.5654,2.4367
99.1792,0.5379,2.3162
99.1794,0.6236,2.6853
99.1796,0.6717,2.891
99.1798,0.6766,2.9135
99.1800,0.5516,2.3783
99.1802,0.5453,2.3514
99.1804,0.5177,2.2325
99.1806,0.5008,2.1606
99.1808,0.4865,2.0976
99.1810,0.4948,2.1348
99.1812,0.5336,2.2986
99.1814,0.6047,2.6025
99.1816,0.5992,2.5788
99.1818,0.6433,2.7687
99.1820,0.6522,2.8056
99.1822,0.6389,2.7509
99.1824,0.5866,2.527
99.1826,0.5938,2.5591
99.1828,0.5507,2.3758
99.1830,0.4749,2.0499
99.1832,0.4632,1.9982
99.1834,0.465,2.005
99.1836,0.467,2.0138
99.1838,0.4707,2.0308
99.1840,0.4751,2.0494
99.1842,0.4655,2.008
99.1844,0.4719,2.0369
99.1846,0.4722,2.037
99.1848,0.4839,2.0867
99.1850,0.513,2.2088
99.1852,0.5621,2.4205
99.1854,0.5823,2.5084
99.1856,0.5458,2.3492
99.1858,0.6113,2.626
99.1860,0.7041,3.0276
99.1862,0.664,2.854
99.1864,0.6895,2.9646
99.1866,0.7164,3.0792
99.1868,0.7445,3.1954
99.1870,0.8182,3.5135
99.1872,0.7866,3.376
99.1874,0.7627,3.2736
99.1876,0.7827,3.358
99.1878,0.8161,3.5026
99.1880,0.8636,3.7012
99.1882,0.9192,3.936
99.1884,0.9441,4.0465
99.1886,0.8968,3.8453
99.1888,0.9146,3.9183
99.1890,0.9591,4.1069
99.1892,0.9046,3.8715
99.1894,0.8993,3.8651
99.1896,0.8174,3.5132
99.1898,0.8831,3.7867
99.1900,0.888,3.8043
99.1902,0.904,3.8762
99.1904,0.8884,3.8111
99.1906,0.8883,3.8053
99.1908,0.905,3.8808
99.1910,0.9275,3.977
99.1912,0.9752,4.1758
99.1914,1.0241,4.3832
99.1916,1.0218,4.3796
99.1918,0.9776,4.188
99.1920,0.8963,3.8487
99.1922,0.8019,3.4467
99.1924,0.7766,3.3379
99.1926,0.8281,3.5524
99.1928,0.8959,3.8382
99.1930,0.9138,3.922
99.1932,0.8505,3.652
99.1934,0.8717,3.7327
99.1936,0.9389,4.0296
99.1938,0.8393,3.6075
99.1940,0.8046,3.458
99.1942,0.8229,3.5303
99.1944,0.8837,3.7911
99.1946,0.8613,3.6966
99.1948,0.886,3.7973
99.1950,0.9016,3.8695
99.1952,0.9083,3.902
99.1954,0.8582,3.6884
99.1956,0.8481,3.64
99.1958,0.8789,3.7723
99.1960,0.8199,3.5273
99.1962,0.7694,3.307
99.1964,0.8303,3.5655
99.1966,0.8443,3.6252
99.1968,0.8476,3.6413
99.1970,0.8579,3.6856
99.1972,0.8604,3.6878
99.1974,0.9505,4.0757
99.1976,0.9809,4.2082
99.1978,0.9651,4.1346
99.1980,0.9655,4.138
99.1982,0.9643,4.1445
99.1984,0.8089,3.483
99.1986,0.7126,3.0656
99.1988,0.7271,3.1295
99.1990,0.7008,3.0192
99.1992,0.6877,2.961
99.1994,0.6883,2.9581
99.1996,0.7276,3.1286
99.1998,0.741,3.1878
99.2000,0.7585,3.2662
99.2002,0.7594,3.2698
99.2004,0.7531,3.2414
99.2006,0.6886,2.9652
99.2008,0.6736,2.8979
99.2010,0.6681,2.8809
99.2012,0.5863,2.5283
99.2014,0.5705,2.4577
99.2016,0.5851,2.5231
99.2018,0.6148,2.6496
99.2020,0.6475,2.7894
99.2022,0.6223,2.6834
99.2024,0.5916,2.551
99.2026,0.6152,2.6553
99.2028,0.5448,2.3505
99.2030,0.5277,2.2765
99.2032,0.5258,2.2661
99.2034,0.5854,2.523
99.2036,0.6076,2.6222
99.2038,0.541,2.3339
99.2040,0.5399,2.3282
99.2042,0.5263,2.2692
99.2044,0.5288,2.2812
99.2046,0.5299,2.2837
99.2048,0.5306,2.2889
99.2050,0.5272,2.2755
99.2052,0.5282,2.2807
99.2054,0.5279,2.2765
99.2056,0.5296,2.2858
99.2058,0.5277,2.2754
99.2060,0.5327,2.2961
99.2062,0.5927,2.5533
99.2064,0.594,2.5566
99.2066,0.6728,2.8997
99.2068,0.5736,2.4758
99.2070,0.5257,2.2667
99.2072,0.5243,2.262
99.2074,0.5245,2.2615
99.2076,0.5311,2.2878
99.2078,0.5281,2.2781
99.2080,0.536,2.3122
99.2082,0.5453,2.3525
99.2084,0.5438,2.3426
99.2086,0.6071,2.6116
99.2088,0.719,3.0929
99.2090,0.6784,2.924
99.2092,0.5812,2.5049
99.2094,0.6287,2.7045
99.2096,0.6825,2.9361
99.2098,0.6972,3.001
99.2100,0.7166,3.0797
99.2102,0.7518,3.2313
99.2104,0.6988,3.0091
99.2106,0.6543,2.8188
99.2108,0.6254,2.6956
99.2110,0.5354,2.3085
99.2112,0.5255,2.264
99.2114,0.526,2.2651
99.2116,0.566,2.4415
99.2118,0.5185,2.2377
99.2120,0.5068,2.1855
99.2122,0.5276,2.2749
99.2124,0.5548,2.389
99.2126,0.623,2.6815
99.2128,0.6477,2.7878
99.2130,0.6813,2.935
99.2132,0.5797,2.501
99.2134,0.5341,2.3018
99.2136,0.6363,2.7413
99.2138,0.6345,2.7298
99.2140,0.6693,2.8767
99.2142,0.7049,3.0312
99.2144,0.7516,3.2317
99.2146,0.7301,3.1365
99.2148,0.785,3.374
99.2150,0.7913,3.3992
99.2152,0.7685,3.306
99.2154,0.7211,3.0993
99.2156,0.7669,3.2931
99.2158,0.7946,3.4121
99.2160,0.844,3.6242
99.2162,0.7716,3.3178
99.2164,0.6703,2.8808
99.2166,0.7471,3.2126
99.2168,0.7584,3.2626
99.2170,0.7113,3.0613
99.2172,0.6553,2.8203
99.2174,0.6444,2.7747
99.2176,0.6568,2.8297
99.2178,0.6598,2.8426
99.2180,0.5893,2.5365
99.2182,0.6488,2.7925
99.2184,0.7174,3.0848
99.2186,0.7289,3.1357
99.2188,0.6928,2.986
99.2190,0.6012,2.5852
99.2192,0.6939,2.9851
99.2194,0.6524,2.8079
99.2196,0.6573,2.8252
99.2198,0.7194,3.0921
99.2200,0.786,3.375
99.2202,0.8526,3.6595
99.2204,0.8523,3.658
99.2206,0.8812,3.7803
99.2208,0.9166,3.9302
99.2210,0.9131,3.9153
99.2212,0.9018,3.8651
99.2214,0.9176,3.9385
99.2216,0.8739,3.7559
99.2218,0.8618,3.6969
99.2220,0.907,3.8927
99.2222,0.8745,3.7532
99.2224,0.8558,3.6781
99.2226,0.8361,3.5919
99.2228,0.8391,3.6048
99.2230,0.8447,3.6239
99.2232,0.9046,3.8788
99.2234,0.8966,3.8484
99.2236,0.9295,3.9838
99.2238,0.966,4.1459
99.2240,0.8492,3.6463
99.2242,0.882,3.7874
99.2244,0.8863,3.8112
99.2246,0.7444,3.2082
99.2248,0.6723,2.895
99.2250,0.6987,3.0057
99.2252,0.7339,3.1559
99.2254,0.7032,3.0253
99.2256,0.7043,3.0286
99.2258,0.7589,3.2586
99.2260,0.8496,3.6433
99.2262,0.9088,3.9113
99.2264,0.7844,3.373
99.2266,0.7583,3.2606
99.2268,0.7207,3.1021
99.2270,0.6468,2.7837
99.2272,0.7106,3.0568
99.2274,0.7554,3.2512
99.2276,0.7662,3.2946
99.2278,0.7658,3.2931
99.2280,0.7216,3.1072
99.2282,0.6946,2.9882
99.2284,0.7144,3.0747
99.2286,0.7548,3.2426
99.2288,0.7917,3.4029
99.2290,0.7796,3.3524
99.2292,0.7863,3.3828
99.2294,0.7915,3.4082
99.2296,0.6982,3.0093
99.2298,0.6348,2.7333
99.2300,0.7005,3.0149
99.2302,0.7308,3.1425
99.2304,0.7261,3.1224
99.2306,0.7276,3.1286
99.2308,0.7228,3.1123
99.2310,0.6737,2.9025
99.2312,0.7035,3.032
99.2314,0.6288,2.7075
99.2316,0.6291,2.7129
99.2318,0.5875,2.5334
99.2320,0.5891,2.5378
99.2322,0.6169,2.6577
99.2324,0.6215,2.6773
99.2326,0.6049,2.6108
99.2328,0.5161,2.2274
99.2330,0.5002,2.157
99.2332,0.5898,2.5421
99.2334,0.5962,2.5707
99.2336,0.5848,2.5204
99.2338,0.5685,2.4478
99.2340,0.6006,2.5862
99.2342,0.657,2.8289
99.2344,0.6638,2.857
99.2346,0.6741,2.9027
99.2348,0.6802,2.929
99.2350,0.6863,2.9499
99.2352,0.716,3.0829
99.2354,0.6603,2.8433
99.2356,0.6624,2.8534
99.2358,0.65,2.8002
99.2360,0.6644,2.8595
99.2362,0.6817,2.9407
99.2364,0.5553,2.3944
99.2366,0.5784,2.4918
99.2368,0.6331,2.7261
99.2370,0.6308,2.715
99.2372,0.636,2.7398
99.2374,0.6058,2.6108
99.2376,0.5989,2.5802
99.2378,0.6429,2.7736
99.2380,0.551,2.3802
99.2382,0.4733,2.0407
99.2384,0.5188,2.2393
99.2386,0.4729,2.0411
99.2388,0.4713,2.0343
99.2390,0.46,1.9861
99.2392,0.4615,1.9928
99.2394,0.4606,1.9896
99.2396,0.4588,1.9791
99.2398,0.493,2.126
99.2400,0.5077,2.1911
99.2402,0.4911,2.1187
99.2404,0.5285,2.2812
99.2406,0.4802,2.0707
99.2408,0.4457,1.9254
99.2410,0.4466,1.9295
99.2412,0.4488,1.9361
99.2414,0.4505,1.9434
99.2416,0.4478,1.9338
99.2418,0.4445,1.9193
99.2420,0.4446,1.9189
99.2422,0.4472,1.9294
99.2424,0.4475,1.9322
99.2426,0.462,1.993
99.2428,0.5133,2.2124
99.2430,0.5606,2.416
99.2432,0.5842,2.5178
99.2434,0.5727,2.4682
99.2436,0.5459,2.3519
99.2438,0.5524,2.3809
99.2440,0.4841,2.0892
99.2442,0.4451,1.9192
99.2444,0.4866,2.0981
99.2446,0.4915,2.1213
99.2448,0.4813,2.0773
99.2450,0.4782,2.0619
99.2452,0.4836,2.0832
99.2454,0.5149,2.2212
99.2456,0.5107,2.201
99.2458,0.5472,2.3564
99.2460,0.604,2.597
99.2462,0.6012,2.5888
99.2464,0.6104,2.6273
99.2466,0.6516,2.803
99.2468,0.6198,2.6688
99.2470,0.5723,2.4678
99.2472,0.5122,2.2077
99.2474,0.5361,2.3074
99.2476,0.6026,2.5914
99.2478,0.6607,2.8396
99.2480,0.6881,2.959
99.2482,0.72,3.0961
99.2484,0.7325,3.1483
99.2486,0.661,2.8451
99.2488,0.5986,2.5786
99.2490,0.5624,2.4226
99.2492,0.5102,2.1979
99.2494,0.5397,2.325
99.2496,0.6133,2.6385
99.2498,0.6698,2.8814
99.2500,0.604,2.6055
99.2502,0.5053,2.1798
99.2504,0.4914,2.1178
99.2506,0.5502,2.3694
99.2508,0.5246,2.2589
99.2510,0.5138,2.2134
99.2512,0.5459,2.3529
99.2514,0.5475,2.3575
99.2516,0.6291,2.704
99.2518,0.6736,2.8966
99.2520,0.713,3.0657
99.2522,0.7398,3.1753
99.2524,0.7745,3.3287
99.2526,0.7139,3.0713
99.2528,0.6435,2.7672
99.2530,0.6709,2.882
99.2532,0.7335,3.1509
99.2534,0.7969,3.4218
99.2536,0.7824,3.3611
99.2538,0.7146,3.0715
99.2540,0.7933,3.4064
99.2542,0.8342,3.5803
99.2544,0.8066,3.4587
99.2546,0.8863,3.8006
99.2548,0.9042,3.879
99.2550,0.9096,3.8967
99.2552,0.9626,4.1257
99.2554,0.9622,4.1184
99.2556,1.0148,4.3411
99.2558,0.9476,4.0671
99.2560,0.8549,3.6693
99.2562,0.8889,3.8096
99.2564,0.9646,4.1306
99.2566,0.9723,4.1673
99.2568,0.9684,4.1465
99.2570,1.0429,4.4554
99.2572,1.1122,4.7537
99.2574,1.1512,4.9249
99.2576,1.1355,4.8599
99.2578,1.1214,4.7927
99.2580,1.0961,4.7064
99.2582,0.8754,3.7643
99.2584,0.8068,3.4613
99.2586,0.9149,3.9157
99.2588,0.9815,4.203
99.2590,0.9625,4.1271
99.2592,0.9809,4.2063
99.2594,1.0379,4.4443
99.2596,1.0281,4.4022
99.2598,1.003,4.3069
99.2600,0.8474,3.642
99.2602,0.8108,3.4848
99.2604,0.799,3.4311
99.2606,0.805,3.4633
99.2608,0.7777,3.3441
99.2610,0.8068,3.4678
99.2612,0.8419,3.6132
99.2614,0.849,3.6475
99.2616,0.841,3.6113
99.2618,0.7907,3.4046
99.2620,0.6884,2.9614
99.2622,0.7272,3.1242
99.2624,0.8115,3.4879
99.2626,0.8532,3.6672
99.2628,0.7716,3.3209
99.2630,0.7301,3.1409
99.2632,0.7642,3.2843
99.2634,0.8038,3.4517
99.2636,0.8384,3.5983
99.2638,0.8568,3.6793
99.2640,0.8152,3.5055
99.2642,0.8023,3.4498
99.2644,0.7625,3.2802
99.2646,0.7005,3.0149
99.2648,0.6879,2.9566
99.2650,0.7341,3.1594
99.2652,0.6769,2.9173
99.2654,0.6939,2.9851
99.2656,0.7339,3.1603
99.2658,0.6824,2.9383
99.2660,0.676,2.9123
99.2662,0.6806,2.9292
99.2664,0.7537,3.2365
99.2666,0.8302,3.5666
99.2668,0.8158,3.5065
99.2670,0.7688,3.3075
99.2672,0.6836,2.9462
99.2674,0.6694,2.8839
99.2676,0.6896,2.9665
99.2678,0.6939,2.9907
99.2680,0.6666,2.8728
99.2682,0.6061,2.6099
99.2684,0.5873,2.5359
99.2686,0.5592,2.4103
99.2688,0.5893,2.5436
99.2690,0.5371,2.3147
99.2692,0.6306,2.7153
99.2694,0.686,2.9566
99.2696,0.6193,2.6705
99.2698,0.6378,2.7412
99.2700,0.7145,3.0767
99.2702,0.6546,2.8225
99.2704,0.5887,2.5374
99.2706,0.6144,2.6456
99.2708,0.6672,2.8768
99.2710,0.643,2.7703
99.2712,0.6321,2.722
99.2714,0.6881,2.9604
99.2716,0.6993,3.0139
99.2718,0.5447,2.3489
99.2720,0.5239,2.262
99.2722,0.5277,2.2776
99.2724,0.5361,2.3127
99.2726,0.5291,2.2848
99.2728,0.5205,2.2455
99.2730,0.5695,2.4502
99.2732,0.6821,2.9346
99.2734,0.6749,2.9077
99.2736,0.5909,2.5467
99.2738,0.5554,2.3938
99.2740,0.6116,2.6337
99.2742,0.6637,2.8591
99.2744,0.6724,2.8928
99.2746,0.6783,2.9208
99.2748,0.6717,2.8924
99.2750,0.7083,3.0442
99.2752,0.7235,3.1111
99.2754,0.7299,3.1399
99.2756,0.6942,2.9922
99.2758,0.6239,2.6876
99.2760,0.6266,2.6982
99.2762,0.635,2.7318
99.2764,0.7327,3.1478
99.2766,0.8104,3.4833
99.2768,0.7564,3.2539
99.2770,0.7751,3.3297
99.2772,0.7618,3.2771
99.2774,0.7022,3.0263
99.2776,0.5942,2.5588
99.2778,0.609,2.626
99.2780,0.5785,2.4947
99.2782,0.6024,2.5964
99.2784,0.5395,2.3304
99.2786,0.4706,2.034
99.2788,0.4974,2.1456
99.2790,0.5565,2.3995
99.2792,0.5619,2.4228
99.2794,0.5663,2.4397
99.2796,0.5682,2.4479
99.2798,0.597,2.5707
99.2800,0.6857,2.95
99.2802,0.6928,2.9791
99.2804,0.6818,2.9371
99.2806,0.65,2.7989
99.2808,0.6935,2.978
99.2810,0.7709,3.3132
99.2812,0.7874,3.3875
99.2814,0.7348,3.1581
99.2816,0.7156,3.0799
99.2818,0.6636,2.8533
99.2820,0.6872,2.9562
99.2822,0.6947,2.9943
99.2824,0.5843,2.5183
99.2826,0.5727,2.4693
99.2828,0.5397,2.3293
99.2830,0.4889,2.107
99.2832,0.5442,2.3479
99.2834,0.557,2.4038
99.2836,0.4916,2.1198
99.2838,0.4818,2.0803
99.2840,0.4727,2.04
99.2842,0.4662,2.0121
99.2844,0.4697,2.028
99.2846,0.4655,2.009
99.2848,0.4429,1.909
99.2850,0.5279,2.2744
99.2852,0.5951,2.5613
99.2854,0.5898,2.5433
99.2856,0.5074,2.1881
99.2858,0.552,2.376
99.2860,0.6818,2.933
99.2862,0.6707,2.8842
99.2864,0.6951,2.9889
99.2866,0.7367,3.1663
99.2868,0.7874,3.3796
99.2870,0.7789,3.354
99.2872,0.6378,2.7424
99.2874,0.7477,3.2122
99.2876,0.8224,3.5348
99.2878,0.819,3.5133
99.2880,0.8965,3.8479
99.2882,0.9064,3.8883
99.2884,0.9209,3.945
99.2886,0.9528,4.0874
99.2888,0.8283,3.5534
99.2890,0.8839,3.7939
99.2892,0.8789,3.774
99.2894,0.9095,3.9017
99.2896,0.946,4.0548
99.2898,0.9038,3.8793
99.2900,0.8384,3.6017
99.2902,0.8414,3.6145
99.2904,0.8103,3.4795
99.2906,0.8837,3.7911
99.2908,0.9218,3.9528
99.2910,0.9589,4.1117
99.2912,0.9721,4.1663
99.2914,0.9478,4.0606
99.2916,0.9591,4.1146
99.2918,0.9131,3.9207
99.2920,0.9558,4.0945
99.2922,0.9772,4.1942
99.2924,0.8964,3.851
99.2926,0.8597,3.6899
99.2928,0.8572,3.6842
99.2930,0.7797,3.3498
99.2932,0.8468,3.6411
99.2934,0.8353,3.5866
99.2936,0.8536,3.6705
99.2938,0.755,3.2497
99.2940,0.7106,3.0582
99.2942,0.7462,3.21
99.2944,0.7857,3.3755
99.2946,0.7854,3.3771
99.2948,0.7327,3.1493
99.2950,0.7462,3.2115
99.2952,0.7612,3.2745
99.2954,0.7476,3.2162
99.2956,0.6917,2.9758
99.2958,0.7148,3.0777
99.2960,0.7118,3.062
99.2962,0.7441,3.2027
99.2964,0.6805,2.9301
99.2966,0.7282,3.1356
99.2968,0.7529,3.2389
99.2970,0.7566,3.2519
99.2972,0.7664,3.2957
99.2974,0.7362,3.1731
99.2976,0.6282,2.7075
99.2978,0.6188,2.6647
99.2980,0.6137,2.6437
99.2982,0.6513,2.8085
99.2984,0.6035,2.6034
99.2986,0.5926,2.554
99.2988,0.5981,2.5789
99.2990,0.592,2.5526
99.2992,0.61,2.6253
99.2994,0.6763,2.9106
99.2996,0.688,2.9571
99.2998,0.7104,3.0549
99.3000,0.7104,3.0591
99.3002,0.6748,2.9112
99.3004,0.5803,2.5024
99.3006,0.5652,2.435
99.3008,0.5559,2.3992
99.3010,0.5651,2.4356
99.3012,0.5829,2.5086
99.3014,0.6402,2.7617
99.3016,0.5655,2.4417
99.3018,0.4976,2.1467
99.3020,0.5277,2.2765
99.3022,0.5237,2.2636
99.3024,0.4558,1.9671
99.3026,0.4519,1.9514
99.3028,0.446,1.9269
99.3030,0.4468,1.9291
99.3032,0.4505,1.9452
99.3034,0.4489,1.9376
99.3036,0.4582,1.9783
99.3038,0.4566,1.9716
99.3040,0.4477,1.9324
99.3042,0.4487,1.9374
99.3044,0.4458,1.9259
99.3046,0.4494,1.9396
99.3048,0.4454,1.9225
99.3050,0.4462,1.9248
99.3052,0.4498,1.9421
99.3054,0.4468,1.93
99.3056,0.4531,1.9548
99.3058,0.4992,2.1534
99.3060,0.511,2.2066
99.3062,0.4848,2.0913
99.3064,0.4963,2.141
99.3066,0.4514,1.9466
99.3068,0.4439,1.9149
99.3070,0.4451,1.921
99.3072,0.4454,1.9234
99.3074,0.4451,1.921
99.3076,0.4493,1.9382
99.3078,0.4447,1.9186
99.3080,0.4435,1.9134
99.3082,0.457,1.9695
99.3084,0.5036,2.1705
99.3086,0.5179,2.2341
99.3088,0.462,1.993
99.3090,0.4493,1.9409
99.3092,0.4482,1.9327
99.3094,0.5072,2.184
99.3096,0.6221,2.6736
99.3098,0.6707,2.8869
99.3100,0.5919,2.5461
99.3102,0.6088,2.6189
99.3104,0.6073,2.6188
99.3106,0.5482,2.3661
99.3108,0.4922,2.1195
99.3110,0.5554,2.3915
99.3112,0.5548,2.3879
99.3114,0.6463,2.7816
99.3116,0.6118,2.633
99.3118,0.6103,2.6317
99.3120,0.5426,2.3374
99.3122,0.6121,2.6345
99.3124,0.5923,2.5518
99.3126,0.5855,2.5211
99.3128,0.6373,2.7416
99.3130,0.6245,2.6877
99.3132,0.595,2.5619
99.3134,0.6108,2.6264
99.3136,0.6291,2.704
99.3138,0.6588,2.834
99.3140,0.6235,2.6811
99.3142,0.7217,3.1048
99.3144,0.6989,3.0068
99.3146,0.6682,2.8734
99.3148,0.6707,2.8842
99.3150,0.67,2.8798
99.3152,0.6731,2.8972
99.3154,0.6637,2.8538
99.3156,0.6407,2.7625
99.3158,0.6035,2.601
99.3160,0.6053,2.6051
99.3162,0.5769,2.4851
99.3164,0.5823,2.506
99.3166,0.6078,2.6172
99.3168,0.5586,2.4055
99.3170,0.5938,2.5568
99.3172,0.6132,2.6404
99.3174,0.5655,2.4349
99.3176,0.5767,2.4846
99.3178,0.571,2.461
99.3180,0.5261,2.2656
99.3182,0.5472,2.3564
99.3184,0.5875,2.5276
99.3186,0.6536,2.8118
99.3188,0.6241,2.6849
99.3190,0.6562,2.8271
99.3192,0.6469,2.7829
99.3194,0.674,2.8995
99.3196,0.6362,2.7395
99.3198,0.6645,2.8574
99.3200,0.7531,3.2324
99.3202,0.7934,3.4085
99.3204,0.7835,3.3579
99.3206,0.9084,3.8952
99.3208,0.921,3.9492
99.3210,0.9157,3.9229
99.3212,0.9222,3.9543
99.3214,0.941,4.0313
99.3216,0.9435,4.044
99.3218,0.8957,3.8461
99.3220,0.8095,3.4727
99.3222,0.8827,3.7905
99.3224,0.8652,3.7136
99.3226,0.8119,3.4829
99.3228,0.8769,3.7582
99.3230,0.9164,3.9278
99.3232,0.9348,4.0083
99.3234,0.8946,3.8397
99.3236,0.8356,3.5865
99.3238,0.8315,3.5706
99.3240,0.8483,3.641
99.3242,0.8455,3.6253
99.3244,0.849,3.6441
99.3246,0.8263,3.5463
99.3248,0.805,3.4585
99.3250,0.7432,3.1956
99.3252,0.7678,3.2998
99.3254,0.7783,3.342
99.3256,0.7862,3.3807
99.3258,0.7619,3.2745
99.3260,0.7868,3.377
99.3262,0.8471,3.6325
99.3264,0.8909,3.8166
99.3266,1.001,4.2921
99.3268,0.9114,3.9117
99.3270,0.901,3.8633
99.3272,0.8761,3.7587
99.3274,0.8672,3.7218
99.3276,0.8718,3.7419
99.3278,0.8941,3.834
99.3280,0.838,3.6001
99.3282,0.8024,3.4487
99.3284,0.8386,3.5993
99.3286,0.8854,3.8018
99.3288,0.8589,3.688
99.3290,0.7939,3.4137
99.3292,0.7836,3.3694
99.3294,0.7592,3.2602
99.3296,0.7758,3.3328
99.3298,0.8294,3.568
99.3300,0.7875,3.3848
99.3302,0.8396,3.5984
99.3304,0.9806,4.2028
99.3306,0.9943,4.2614
99.3308,0.9402,4.0315
99.3310,0.9416,4.0433
99.3312,0.8981,3.8636
99.3314,0.7375,3.1744
99.3316,0.6901,2.97
99.3318,0.7221,3.1107
99.3320,0.7088,3.0477
99.3322,0.7603,3.2678
99.3324,0.7704,3.3158
99.3326,0.6664,2.8723
99.3328,0.6417,2.7646
99.3330,0.6523,2.8009
99.3332,0.8654,3.7176
99.3334,0.8124,3.4996
99.3336,0.6724,2.8955
99.3338,0.6625,2.8513
99.3340,0.7142,3.0737
99.3342,0.7537,3.2425
99.3344,0.7628,3.2771
99.3346,0.7694,3.3101
99.3348,0.757,3.261
99.3350,0.7095,3.055
99.3352,0.6769,2.9119
99.3354,0.6923,2.9798
99.3356,0.6919,2.9736
99.3358,0.7468,3.2096
99.3360,0.7872,3.3927
99.3362,0.6493,2.7984
99.3364,0.6615,2.8445
99.3366,0.7793,3.3524
99.3368,0.8008,3.442
99.3370,0.7571,3.2585
99.3372,0.6817,2.9339
99.3374,0.659,2.835
99.3376,0.6898,2.9759
99.3378,0.5866,2.5317
99.3380,0.5471,2.3592
99.3382,0.5445,2.3489
99.3384,0.544,2.3469
99.3386,0.5561,2.3991
99.3388,0.5582,2.4034
99.3390,0.5848,2.5227
99.3392,0.5447,2.3489
99.3394,0.5657,2.4382
99.3396,0.5735,2.4684
99.3398,0.717,3.0861
99.3400,0.7185,3.0995
99.3402,0.5582,2.4068
99.3404,0.5498,2.3706
99.3406,0.5508,2.3763
99.3408,0.5446,2.3494
99.3410,0.5438,2.3447
99.3412,0.5476,2.3624
99.3414,0.5444,2.3495
99.3416,0.5456,2.3525
99.3418,0.543,2.3384
99.3420,0.5783,2.4936
99.3422,0.5369,2.3131
99.3424,0.5707,2.4611
99.3426,0.5339,2.3013
99.3428,0.6012,2.5888
99.3430,0.6718,2.8902
99.3432,0.7371,3.1723
99.3434,0.7383,3.1774
99.3436,0.6482,2.7899
99.3438,0.6154,2.6534
99.3440,0.5615,2.4201
99.3442,0.5913,2.5483
99.3444,0.5748,2.4775
99.3446,0.5643,2.4354
99.3448,0.562,2.4211
99.3450,0.5953,2.5623
99.3452,0.6338,2.7279
99.3454,0.6606,2.8483
99.3456,0.5373,2.3179
99.3458,0.5034,2.1715
99.3460,0.5032,2.171
99.3462,0.5112,2.2061
99.3464,0.5318,2.2909
99.3466,0.6252,2.6933
99.3468,0.6588,2.83
99.3470,0.7628,3.2756
99.3472,0.7589,3.2632
99.3474,0.757,3.2549
99.3476,0.7553,3.2477
99.3478,0.733,3.1562
99.3480,0.5607,2.4188
99.3482,0.4895,2.1135
99.3484,0.4761,2.055
99.3486,0.4911,2.1178
99.3488,0.4845,2.0893
99.3490,0.5217,2.2517
99.3492,0.4957,2.1394
99.3494,0.4766,2.0561
99.3496,0.5174,2.231
99.3498,0.554,2.3865
99.3500,0.5543,2.3902
99.3502,0.5644,2.4314
99.3504,0.5927,2.5521
99.3506,0.5594,2.4097
99.3508,0.5709,2.4616
99.3510,0.4914,2.1198
99.3512,0.4272,1.8439
99.3514,0.4483,1.935
99.3516,0.477,2.0548
99.3518,0.5354,2.3043
99.3520,0.633,2.7231
99.3522,0.6971,2.9976
99.3524,0.7001,3.0147
99.3526,0.6343,2.7262
99.3528,0.6805,2.9287
99.3530,0.644,2.7705
99.3532,0.7125,3.0651
99.3534,0.7656,3.289
99.3536,0.7561,3.2438
99.3538,0.8953,3.8374
99.3540,0.9481,4.0635
99.3542,0.9289,3.9813
99.3544,0.9337,4.0037
99.3546,0.9047,3.8847
99.3548,0.8868,3.8009
99.3550,0.9103,3.9071
99.3552,0.8893,3.817
99.3554,0.9036,3.8728
99.3556,0.9331,4.0011
99.3558,0.891,3.8207
99.3560,0.9288,3.9771
99.3562,0.9877,4.2331
99.3564,0.968,4.1508
99.3566,0.9783,4.1969
99.3568,0.9838,4.2108
99.3570,1.0591,4.5309
99.3572,1.0522,4.5033
99.3574,1.0433,4.4674
99.3576,1.0655,4.5645
99.3578,1.0187,4.3642
99.3580,0.9903,4.2523
99.3582,0.8902,3.8206
99.3584,0.9526,4.0811
99.3586,1.0059,4.3132
99.3588,0.9356,4.0269
99.3590,0.7398,3.1812
99.3592,0.741,3.1938
99.3594,0.7043,3.0342
99.3596,0.7098,3.0509
99.3598,0.8011,3.4399
99.3600,0.8432,3.629
99.3602,0.7875,3.3848
99.3604,0.7487,3.2193
99.3606,0.7323,3.1502
99.3608,0.7565,3.2559
99.3610,0.7552,3.2457
99.3612,0.7514,3.2312
99.3614,0.764,3.2853
99.3616,0.7489,3.2249
99.3618,0.6941,2.9848
99.3620,0.7536,3.239
99.3622,0.7668,3.2987
99.3624,0.7693,3.305
99.3626,0.8151,3.505
99.3628,0.7444,3.2067
99.3630,0.7096,3.0484
99.3632,0.8143,3.5014
99.3634,0.7559,3.2533
99.3636,0.7131,3.0733
99.3638,0.6393,2.7568
99.3640,0.6115,2.6332
99.3642,0.6606,2.847
99.3644,0.6085,2.6251
99.3646,0.595,2.5619
99.3648,0.6432,2.7721
99.3650,0.6031,2.6007
99.3652,0.5926,2.5528
99.3654,0.5875,2.5334
99.3656,0.5922,2.5548
99.3658,0.5946,2.5639
99.3660,0.6022,2.5929
99.3662,0.6675,2.8743
99.3664,0.6814,2.9383
99.3666,0.5567,2.4028
99.3668,0.5011,2.1617
99.3670,0.523,2.2584
99.3672,0.5549,2.395
99.3674,0.5632,2.4274
99.3676,0.566,2.4404
99.3678,0.557,2.4038
99.3680,0.5004,2.1586
99.3682,0.5294,2.2827
99.3684,0.5372,2.3174
99.3686,0.4579,1.9782
99.3688,0.449,1.939
99.3690,0.4685,2.021
99.3692,0.5218,2.2532
99.3694,0.4848,2.0923
99.3696,0.5297,2.2842
99.3698,0.4951,2.1348
99.3700,0.5059,2.1824
99.3702,0.5536,2.3871
99.3704,0.5477,2.3607
99.3706,0.5499,2.3733
99.3708,0.5018,2.1668
99.3710,0.4735,2.0408
99.3712,0.5112,2.2051
99.3714,0.4671,2.0143
99.3716,0.5155,2.2206
99.3718,0.5837,2.5146
99.3720,0.5778,2.4869
99.3722,0.6079,2.6226
99.3724,0.5585,2.4083
99.3726,0.5796,2.5005
99.3728,0.4695,2.0266
99.3730,0.4423,1.9109
99.3732,0.4622,1.9959
99.3734,0.4634,1.9974
99.3736,0.5258,2.263
99.3738,0.6122,2.6363
99.3740,0.5839,2.5179
99.3742,0.5751,2.4797
99.3744,0.5807,2.5028
99.3746,0.5919,2.5497
99.3748,0.5865,2.5253
99.3750,0.5807,2.5005
99.3752,0.5904,2.54
99.3754,0.646,2.7819
99.3756,0.5844,2.5177
99.3758,0.5368,2.3137
99.3760,0.5954,2.5652
99.3762,0.6133,2.6385
99.3764,0.6863,2.9471
99.3766,0.7417,3.1894
99.3768,0.6717,2.8924
99.3770,0.6848,2.9418
99.3772,0.7462,3.2115
99.3774,0.6313,2.7196
99.3776,0.6076,2.6161
99.3778,0.642,2.763
99.3780,0.7213,3.1004
99.3782,0.7433,3.1962
99.3784,0.6753,2.9065
99.3786,0.5947,2.5609
99.3788,0.5811,2.5032
99.3790,0.608,2.6194
99.3792,0.5878,2.5298
99.3794,0.5897,2.538
99.3796,0.6561,2.82
99.3798,0.6789,2.9274
99.3800,0.5273,2.2718
99.3802,0.5987,2.5731
99.3804,0.7477,3.2167
99.3806,0.7305,3.1366
99.3808,0.7855,3.3745
99.3810,0.7902,3.3946
99.3812,0.8457,3.628
99.3814,0.8928,3.8319
99.3816,0.802,3.4488
99.3818,0.6868,2.9588
99.3820,0.6036,2.6027
99.3822,0.5169,2.2289
99.3824,0.4942,2.1322
99.3826,0.5194,2.2398
99.3828,0.5919,2.5461
99.3830,0.6341,2.7328
99.3832,0.4992,2.1524
99.3834,0.4869,2.1006
99.3836,0.4751,2.0485
99.3838,0.5082,2.1912
99.3840,0.5662,2.4437
99.3842,0.4805,2.0717
99.3844,0.4475,1.9313
99.3846,0.4389,1.8932
99.3848,0.4972,2.1441
99.3850,0.5179,2.2299
99.3852,0.5794,2.4983
99.3854,0.5126,2.2103
99.3856,0.4861,2.0951
99.3858,0.5588,2.4038
99.3860,0.676,2.9123
99.3862,0.6934,2.9789
99.3864,0.7441,3.1953
99.3866,0.7526,3.2349
99.3868,0.7331,3.1494
99.3870,0.7456,3.2089
99.3872,0.6577,2.8293
99.3874,0.7134,3.0635
99.3876,0.8224,3.5332
99.3878,0.8366,3.5872
99.3880,0.8927,3.8261
99.3882,0.9223,3.9549
99.3884,0.9247,3.9633
99.3886,0.9383,4.0176
99.3888,0.9233,3.959
99.3890,0.8988,3.8577
99.3892,0.8374,3.5975
99.3894,0.8164,3.5025
99.3896,0.87,3.7324
99.3898,0.8824,3.7872
99.3900,0.8851,3.7955
99.3902,0.8982,3.8497
99.3904,0.855,3.6716
99.3906,0.8127,3.4898
99.3908,0.8115,3.4846
99.3910,0.8257,3.5438
99.3912,0.8333,3.575
99.3914,0.8865,3.8011
99.3916,0.912,3.9143
99.3918,0.876,3.7634
99.3920,0.8584,3.686
99.3922,0.8309,3.5647
99.3924,0.9109,3.9115
99.3926,0.8983,3.8556
99.3928,0.9034,3.8772
99.3930,0.8423,3.617
99.3932,0.8488,3.6448
99.3934,0.8178,3.5114
99.3936,0.8122,3.4877
99.3938,0.8775,3.7678
99.3940,0.8787,3.7765
99.3942,0.7603,3.2678
99.3944,0.7751,3.3281
99.3946,0.8265,3.549
99.3948,0.8869,3.8014
99.3950,0.9789,4.1956
99.3952,0.9543,4.094
99.3954,0.9649,4.1393
99.3956,0.9483,4.0683
99.3958,0.9053,3.8873
99.3960,0.8736,3.7566
99.3962,0.7785,3.3462
99.3964,0.7975,3.426
99.3966,0.806,3.4642
99.3968,0.809,3.4787
99.3970,0.8426,3.6247
99.3972,0.7911,3.4035
99.3974,0.7788,3.3441
99.3976,0.856,3.6791
99.3978,0.8054,3.4632
99.3980,0.8018,3.4462
99.3982,0.8276,3.5536
99.3984,0.8609,3.6968
99.3986,0.868,3.7289
99.3988,0.8062,3.4701
99.3990,0.7604,3.2729
99.3992,0.7427,3.1951
99.3994,0.718,3.0874
99.3996,0.7596,3.2693
99.3998,0.7302,3.1473
99.4000,0.6709,2.8901
99.4002,0.6501,2.8007
99.4004,0.6595,2.8384
99.4006,0.6753,2.9079
99.4008,0.6811,2.9326
99.4010,0.7137,3.0688
99.4012,0.6983,3.0084
99.4014,0.5942,2.566
99.4016,0.5076,2.1916
99.4018,0.4971,2.1436
99.4020,0.5484,2.366
99.4022,0.5476,2.3624
99.4024,0.5392,2.3262
99.4026,0.5389,2.3235
99.4028,0.571,2.461
99.4030,0.6288,2.71
99.4032,0.593,2.5584
99.4034,0.5409,2.3356
99.4036,0.5258,2.2682
99.4038,0.5259,2.2677
99.4040,0.527,2.2755
99.4042,0.527,2.2734
99.4044,0.5254,2.2656
99.4046,0.5259,2.2687
99.4048,0.5282,2.2796
99.4050,0.5287,2.2817
99.4052,0.5279,2.2775
99.4054,0.5266,2.2708
99.4056,0.559,2.4104
99.4058,0.5789,2.4939
99.4060,0.5862,2.5231
99.4062,0.633,2.7243
99.4064,0.6639,2.8641
99.4066,0.5409,2.3345
99.4068,0.5306,2.2889
99.4070,0.529,2.2811
99.4072,0.5246,2.2631
99.4074,0.5245,2.2615
99.4076,0.5222,2.2506
99.4078,0.5241,2.261
99.4080,0.5249,2.2646
99.4082,0.5264,2.2698
99.4084,0.5387,2.3252
99.4086,0.5228,2.2553
99.4088,0.5194,2.2398
99.4090,0.5243,2.261
99.4092,0.5277,2.2733
99.4094,0.5908,2.5427
99.4096,0.6761,2.9061
99.4098,0.7008,3.0178
99.4100,0.6853,2.9493
99.4102,0.7089,3.051
99.4104,0.6478,2.7909
99.4106,0.596,2.5702
99.4108,0.6049,2.6084
99.4110,0.5505,2.3737
99.4112,0.5288,2.278
99.4114,0.5644,2.4291
99.4116,0.636,2.7372
99.4118,0.6664,2.867
99.4120,0.655,2.8219
99.4122,0.6432,2.7708
99.4124,0.6293,2.7096
99.4126,0.6319,2.7197
99.4128,0.6317,2.7149
99.4130,0.7303,3.1375
99.4132,0.8085,3.4685
99.4134,0.8371,3.5977
99.4136,0.8112,3.4815
99.4138,0.8944,3.8297
99.4140,0.9481,4.0692
99.4142,0.8898,3.8191
99.4144,0.8789,3.7687
99.4146,0.8703,3.7335
99.4148,0.8344,3.5863
99.4150,0.7627,3.2781
99.4152,0.7865,3.377
99.4154,0.8277,3.5542
99.4156,0.8207,3.5259
99.4158,0.8332,3.5745
99.4160,0.848,3.6395
99.4162,0.7844,3.3777
99.4164,0.6245,2.6964
99.4166,0.5052,2.1772
99.4168,0.6026,2.5962
99.4170,0.6399,2.7555
99.4172,0.706,3.0386
99.4174,0.6317,2.7225
99.4176,0.5808,2.4987
99.4178,0.6827,2.9399
99.4180,0.6568,2.8297
99.4182,0.5493,2.3696
99.4184,0.5814,2.5048
99.4186,0.6318,2.7204
99.4188,0.6565,2.8229
99.4190,0.7285,3.1313
99.4192,0.7241,3.1166
99.4194,0.7072,3.0381
99.4196,0.7552,3.2472
99.4198,0.7257,3.1204
99.4200,0.7634,3.2828
99.4202,0.7861,3.3755
99.4204,0.8221,3.53
99.4206,0.7958,3.4204
99.4208,0.7773,3.3348
99.4210,0.8565,3.6743
99.4212,0.8887,3.8145
99.4214,0.9239,3.9615
99.4216,0.9745,4.1746
99.4218,1.0541,4.5094
99.4220,1.0842,4.6446
99.4222,1.018,4.359
99.4224,1.0281,4.3981
99.4226,1.0646,4.5652
99.4228,0.9831,4.2195
99.4230,0.9381,4.0265
99.4232,0.9139,3.9225
99.4234,0.9208,3.9445
99.4236,0.9499,4.0807
99.4238,0.8489,3.647
99.4240,0.861,3.6956
99.4242,0.88,3.7769
99.4244,0.8213,3.5351
99.4246,0.7535,3.243
99.4248,0.7355,3.1626
99.4250,0.7276,3.133
99.4252,0.659,2.839
99.4254,0.6837,2.9413
99.4256,0.7067,3.0403
99.4258,0.7054,3.0375
99.4260,0.7318,3.151
99.4262,0.7172,3.0866
99.4264,0.7512,3.2317
99.4266,0.7928,3.4075
99.4268,0.8213,3.5334
99.4270,0.7517,3.2322
99.4272,0.7119,3.0611
99.4274,0.721,3.1046
99.4276,0.7234,3.112
99.4278,0.7624,3.2766
99.4280,0.7661,3.2941
99.4282,0.7847,3.3725
99.4284,0.8161,3.5091
99.4286,0.7472,3.2147
99.4288,0.7116,3.0586
99.4290,0.7817,3.358
99.4292,0.8271,3.5615
99.4294,0.7011,3.0189
99.4296,0.7194,3.0935
99.4298,0.7771,3.3431
99.4300,0.7483,3.2223
99.4302,0.7061,3.0391
99.4304,0.6897,2.9671
99.4306,0.6998,3.0132
99.4308,0.7104,3.0549
99.4310,0.7927,3.4133
99.4312,0.6472,2.7909
99.4314,0.6173,2.6592
99.4316,0.6832,2.9419
99.4318,0.695,2.9911
99.4320,0.6972,2.9982
99.4322,0.7271,3.1338
99.4324,0.6083,2.6265
99.4326,0.5981,2.5754
99.4328,0.6309,2.7244
99.4330,0.5609,2.4198
99.4332,0.5821,2.5079
99.4334,0.6512,2.8028
99.4336,0.6832,2.9392
99.4338,0.7335,3.1539
99.4340,0.7243,3.1234
99.4342,0.6118,2.6379
99.4344,0.6082,2.6212
99.4346,0.6167,2.6579
99.4348,0.6242,2.6917
99.4350,0.6211,2.6795
99.4352,0.5436,2.3442
99.4354,0.5353,2.308
99.4356,0.5393,2.3245
99.4358,0.5897,2.5439
99.4360,0.5729,2.4692
99.4362,0.6078,2.6184
99.4364,0.5909,2.5491
99.4366,0.5633,2.429
99.4368,0.6092,2.6246
99.4370,0.6419,2.7612
99.4372,0.6385,2.7557
99.4374,0.508,2.1947
99.4376,0.4582,1.9783
99.4378,0.4597,1.985
99.4380,0.4695,2.0256
99.4382,0.4531,1.9575
99.4384,0.4785,2.0644
99.4386,0.4914,2.1217
99.4388,0.4582,1.9774
99.4390,0.4839,2.0887
99.4392,0.5078,2.1927
99.4394,0.4498,1.9403
99.4396,0.4469,1.9305
99.4398,0.4498,1.9412
99.4400,0.45,1.9431
99.4402,0.4412,1.9044
99.4404,0.4433,1.9123
99.4406,0.4477,1.9324
99.4408,0.4988,2.1518
99.4410,0.5042,2.1781
99.4412,0.4512,1.9474
99.4414,0.4492,1.9377
99.4416,0.4618,1.9929
99.4418,0.4645,2.0058
99.4420,0.4607,1.9873
99.4422,0.4613,1.9881
99.4424,0.5331,2.2976
99.4426,0.5838,2.5151
99.4428,0.6097,2.623
99.4430,0.6086,2.6232
99.4432,0.5426,2.3406
99.4434,0.4994,2.1544
99.4436,0.4472,1.9294
99.4438,0.4764,2.0532
99.4440,0.5277,2.2765
99.4442,0.479,2.0646
99.4444,0.5139,2.2129
99.4446,0.5528,2.3824
99.4448,0.5496,2.3701
99.4450,0.5747,2.4735
99.4452,0.6019,2.5919
99.4454,0.5795,2.4942
99.4456,0.5989,2.5766
99.4458,0.6531,2.811
99.4460,0.6487,2.7945
99.4462,0.6482,2.7899
99.4464,0.694,2.9829
99.4466,0.7005,3.0149
99.4468,0.659,2.8363
99.4470,0.6502,2.796
99.4472,0.6562,2.8245
99.4474,0.6199,2.6693
99.4476,0.5651,2.4379
99.4478,0.5028,2.1709
99.4480,0.4851,2.0938
99.4482,0.4658,2.0096
99.4484,0.4646,2.0044
99.4486,0.4671,2.0153
99.4488,0.4676,2.0174
99.4490,0.4676,2.0174
99.4492,0.4872,2.0987
99.4494,0.5363,2.3105
99.4496,0.5326,2.2977
99.4498,0.4795,2.0676
99.4500,0.4741,2.0453
99.4502,0.4354,1.8782
99.4504,0.4713,2.0277
99.4506,0.5946,2.5604
99.4508,0.5954,2.564
99.4510,0.5348,2.307
99.4512,0.4929,2.1245
99.4514,0.5106,2.2005
99.4516,0.5157,2.2237
99.4518,0.5405,2.3264
99.4520,0.6318,2.7154
99.4522,0.679,2.9171
99.4524,0.7458,3.204
99.4526,0.7574,3.2509
99.4528,0.8144,3.4986
99.4530,0.7029,3.0182
99.4532,0.7837,3.3589
99.4534,0.9353,4.0048
99.4536,0.9595,4.1104
99.4538,0.9306,3.9848
99.4540,0.9267,3.9683
99.4542,0.9338,4.0024
99.4544,0.9199,3.9427
99.4546,0.9104,3.9058
99.4548,0.9409,4.0289
99.4550,0.9743,4.178
99.4552,0.9012,3.8608
99.4554,0.9152,3.9245
99.4556,0.888,3.806
99.4558,0.9014,3.8708
99.4560,0.857,3.6781
99.4562,0.918,3.9327
99.4564,0.9353,4.0141
99.4566,0.8303,3.5655
99.4568,0.8642,3.7055
99.4570,0.9028,3.8692
99.4572,0.9574,4.1017
99.4574,0.9331,4.0086
99.4576,0.8488,3.6431
99.4578,0.8668,3.7203
99.4580,0.8571,3.6769
99.4582,0.8808,3.7787
99.4584,0.9114,3.9117
99.4586,0.8841,3.7944
99.4588,0.9044,3.8764
99.4590,0.8944,3.8422
99.4592,0.8205,3.5282
99.4594,0.7952,3.4162
99.4596,0.7849,3.3766
99.4598,0.7183,3.0889
99.4600,0.771,3.3137
99.4602,0.7785,3.3415
99.4604,0.8407,3.6081
99.4606,0.8463,3.6357
99.4608,0.8389,3.6037
99.4610,0.8302,3.5683
99.4612,0.7325,3.1541
99.4614,0.6901,2.9672
99.4616,0.7451,3.2009
99.4618,0.8038,3.4453
99.4620,0.854,3.6755
99.4622,0.7095,3.0536
99.4624,0.6845,2.9449
99.4626,0.7305,3.141
99.4628,0.7715,3.3173
99.4630,0.7668,3.2957
99.4632,0.7968,3.4245
99.4634,0.7863,3.3812
99.4636,0.7495,3.2275
99.4638,0.6811,2.9326
99.4640,0.7142,3.0737
99.4642,0.6859,2.9519
99.4644,0.7241,3.1137
99.4646,0.7728,3.3214
99.4648,0.7553,3.2477
99.4650,0.7148,3.0763
99.4652,0.6728,2.8984
99.4654,0.6751,2.9041
99.4656,0.7288,3.1338
99.4658,0.7192,3.0954
99.4660,0.6749,2.909
99.4662,0.6269,2.698
99.4664,0.6363,2.7413
99.4666,0.5999,2.5855
99.4668,0.6068,2.6167
99.4670,0.6061,2.6124
99.4672,0.5821,2.5113
99.4674,0.5318,2.2952
99.4676,0.5323,2.2972
99.4678,0.5402,2.3292
99.4680,0.5273,2.2739
99.4682,0.5276,2.276
99.4684,0.5276,2.276
99.4686,0.5299,2.2848
99.4688,0.5549,2.3906
99.4690,0.6181,2.6641
99.4692,0.6247,2.6912
99.4694,0.6634,2.8554
99.4696,0.6606,2.8444
99.4698,0.6054,2.6105
99.4700,0.5395,2.3229
99.4702,0.6104,2.6273
99.4704,0.6661,2.8721
99.4706,0.5648,2.4352
99.4708,0.5381,2.3204
99.4710,0.5568,2.3989
99.4712,0.6195,2.6678
99.4714,0.6277,2.7004
99.4716,0.6558,2.8237
99.4718,0.6507,2.802
99.4720,0.65,2.7976
99.4722,0.6173,2.6604
99.4724,0.579,2.4944
99.4726,0.5638,2.4288
99.4728,0.618,2.6611
99.4730,0.6589,2.8345
99.4732,0.6588,2.834
99.4734,0.6558,2.8224
99.4736,0.6676,2.8708
99.4738,0.6899,2.9695
99.4740,0.664,2.8593
99.4742,0.6697,2.8782
99.4744,0.7303,3.1405
99.4746,0.6784,2.9213
99.4748,0.6224,2.6814
99.4750,0.6221,2.6774
99.4752,0.6397,2.752
99.4754,0.7315,3.1442
99.4756,0.7916,3.4008
99.4758,0.7974,3.4271
99.4760,0.7672,3.2957
99.4762,0.7522,3.2328
99.4764,0.7144,3.079
99.4766,0.5836,2.5176
99.4768,0.5444,2.3473
99.4770,0.5567,2.3983
99.4772,0.6395,2.7548
99.4774,0.6462,2.7811
99.4776,0.6488,2.7873
99.4778,0.6843,2.9452
99.4780,0.6747,2.9026
99.4782,0.6636,2.8599
99.4784,0.6114,2.6339
99.4786,0.5962,2.5707
99.4788,0.5805,2.5018
99.4790,0.6035,2.5962
99.4792,0.6645,2.8574
99.4794,0.7138,3.0693
99.4796,0.7126,3.0656
99.4798,0.6922,2.9793
99.4800,0.6815,2.9293
99.4802,0.7013,3.0185
99.4804,0.6632,2.8597
99.4806,0.5809,2.505
99.4808,0.5031,2.1695
99.4810,0.4863,2.0971
99.4812,0.5349,2.3086
99.4814,0.482,2.0794
99.4816,0.4718,2.0373
99.4818,0.4793,2.0685
99.4820,0.5351,2.3075
99.4822,0.5052,2.1793
99.4824,0.4823,2.0795
99.4826,0.4902,2.1146
99.4828,0.4821,2.0809
99.4830,0.4847,2.0908
99.4832,0.4794,2.068
99.4834,0.4589,1.9787
99.4836,0.4865,2.0966
99.4838,0.5619,2.4273
99.4840,0.4423,1.9091
99.4842,0.4475,1.9296
99.4844,0.5134,2.2129
99.4846,0.5248,2.2641
99.4848,0.4885,2.1064
99.4850,0.4987,2.1473
99.4852,0.6143,2.6414
99.4854,0.7288,3.1352
99.4856,0.7434,3.1981
99.4858,0.6644,2.8542
99.4860,0.7312,3.1426
99.4862,0.7746,3.3276
99.4864,0.7699,3.2998
99.4866,0.8567,3.6702
99.4868,0.9125,3.9145
99.4870,0.8957,3.8407
99.4872,0.9375,4.0202
99.4874,0.926,3.9689
99.4876,0.9066,3.8857
99.4878,0.9276,3.9663
99.4880,1.0284,4.4058
99.4882,0.9649,4.1412
99.4884,0.9061,3.8891
99.4886,0.8867,3.8039
99.4888,0.8865,3.8029
99.4890,0.8975,3.8466
99.4892,0.8752,3.7545
99.4894,0.8752,3.7528
99.4896,0.8932,3.8353
99.4898,0.8995,3.8608
99.4900,0.9438,4.0469
99.4902,0.9523,4.0872
99.4904,0.909,3.9051
99.4906,0.8275,3.5564
99.4908,0.7812,3.3544
99.4910,0.8631,3.706
99.4912,0.8496,3.6467
99.4914,0.8339,3.5809
99.4916,0.8612,3.6978
99.4918,0.8877,3.808
99.4920,0.8847,3.7952
99.4922,0.8966,3.8502
99.4924,0.8366,3.5939
99.4926,0.8062,3.462
99.4928,0.8277,3.5591
99.4930,0.7392,3.1831
99.4932,0.7193,3.093
99.4934,0.7584,3.2566
99.4936,0.7842,3.3704
99.4938,0.7729,3.3235
99.4940,0.7719,3.3209
99.4942,0.751,3.2246
99.4944,0.8347,3.589
99.4946,0.804,3.4538
99.4948,0.8342,3.5836
99.4950,0.8433,3.6228
99.4952,0.8416,3.6206
99.4954,0.7318,3.1496
99.4956,0.6791,2.9244
99.4958,0.6691,2.881
99.4960,0.7223,3.1059
99.4962,0.7874,3.389
99.4964,0.7307,3.1479
99.4966,0.7053,3.0384
99.4968,0.7037,3.0274
99.4970,0.7001,3.0091
99.4972,0.7567,3.2524
99.4974,0.7419,3.1959
99.4976,0.6534,2.816
99.4978,0.6089,2.6255
99.4980,0.5999,2.5879
99.4982,0.6007,2.5891
99.4984,0.6441,2.7685
99.4986,0.7579,3.2575
99.4988,0.7483,3.2223
99.4990,0.6078,2.6208
99.4992,0.5269,2.2729
99.4994,0.5179,2.2351
99.4996,0.5139,2.2191
99.4998,0.5219,2.2517
99.5000,0.521,2.2496
99.5002,0.4573,1.9747
99.5004,0.4988,2.1518
99.5006,0.4982,2.1512
99.5008,0.4523,1.9529
99.5010,0.4496,1.9434
99.5012,0.4737,2.0466
99.5014,0.4724,2.0399
99.5016,0.4689,2.0221
99.5018,0.5307,2.2894
99.5020,0.4778,2.0623
99.5022,0.4694,2.0261
99.5024,0.474,2.0448
99.5026,0.46,1.9852
99.5028,0.4616,1.9943
99.5030,0.4608,1.9888
99.5032,0.4626,1.9956
99.5034,0.4567,1.9721
99.5036,0.456,1.969
99.5038,0.4486,1.9351
99.5040,0.4442,1.9174
99.5042,0.462,1.993
99.5044,0.5103,2.2015
99.5046,0.4727,2.041
99.5048,0.4791,2.067
99.5050,0.5426,2.3374
99.5052,0.515,2.2206
99.5054,0.4899,2.1136
99.5056,0.4781,2.0633
99.5058,0.4501,1.9418
99.5060,0.4466,1.9295
99.5062,0.4487,1.9374
99.5064,0.4444,1.9188
99.5066,0.4422,1.9086
99.5068,0.4456,1.9222
99.5070,0.446,1.926
99.5072,0.4518,1.95
99.5074,0.4566,1.9698
99.5076,0.4452,1.9206
99.5078,0.4453,1.9202
99.5080,0.4462,1.9248
99.5082,0.45,1.9422
99.5084,0.4573,1.971
99.5086,0.5053,2.1767
99.5088,0.5568,2.3966
99.5090,0.5856,2.5217
99.5092,0.5709,2.4582
99.5094,0.5496,2.3668
99.5096,0.5309,2.2894
99.5098,0.4724,2.0343
99.5100,0.5553,2.391
99.5102,0.6068,2.6143
99.5104,0.6247,2.6887
99.5106,0.5887,2.5339
99.5108,0.5896,2.5363
99.5110,0.6052,2.607
99.5112,0.5831,2.5073
99.5114,0.6252,2.6908
99.5116,0.6564,2.825
99.5118,0.6754,2.9057
99.5120,0.6769,2.9051
99.5122,0.8103,3.4763
99.5124,0.7693,3.305
99.5126,0.7422,3.1871
99.5128,0.7867,3.3765
99.5130,0.7845,3.3704
99.5132,0.7552,3.2442
99.5134,0.7227,3.1104
99.5136,0.6809,2.9335
99.5138,0.617,2.6545
99.5140,0.5892,2.536
99.5142,0.6378,2.7463
99.5144,0.609,2.6223
99.5146,0.627,2.6998
99.5148,0.5885,2.5329
99.5150,0.5927,2.5509
99.5152,0.6336,2.7307
99.5154,0.5663,2.4363
99.5156,0.6525,2.8019
99.5158,0.7029,3.0224
99.5160,0.6591,2.8329
99.5162,0.671,2.8852
99.5164,0.7103,3.0515
99.5166,0.7102,3.0524
99.5168,0.6706,2.8877
99.5170,0.6436,2.7716
99.5172,0.5928,2.5515
99.5174,0.6094,2.619
99.5176,0.679,2.9225
99.5178,0.5908,2.5462
99.5180,0.4981,2.1438
99.5182,0.5913,2.5459
99.5184,0.6014,2.5886
99.5186,0.6892,2.9622
99.5188,0.7109,3.0555
99.5190,0.6603,2.842
99.5192,0.6354,2.7321
99.5194,0.7751,3.3204
99.5196,0.8854,3.7965
99.5198,0.8559,3.6717
99.5200,0.8403,3.6032
99.5202,0.9095,3.8998
99.5204,0.9017,3.8664
99.5206,0.9025,3.8718
99.5208,0.9073,3.8906
99.5210,0.9372,4.0167
99.5212,0.9306,3.9848
99.5214,0.935,4.0094
99.5216,0.9351,4.0099
99.5218,0.9209,3.9468
99.5220,0.9098,3.905
99.5222,0.9121,3.9112
99.5224,0.9344,4.0031
99.5226,0.9365,4.0118
99.5228,0.9778,4.1949
99.5230,0.9198,3.9477
99.5232,0.8952,3.8405
99.5234,0.9299,3.9835
99.5236,0.9633,4.1326
99.5238,0.8981,3.8528
99.5240,0.8554,3.6714
99.5242,0.8668,3.722
99.5244,0.8305,3.571
99.5246,0.7879,3.3801
99.5248,0.8987,3.8536
99.5250,0.9241,3.9626
99.5252,0.9836,4.2215
99.5254,0.9162,3.925
99.5256,0.9959,4.2586
99.5258,1.0589,4.5362
99.5260,0.9986,4.2839
99.5262,0.9272,3.9741
99.5264,0.9663,4.1436
99.5266,0.9597,4.121
99.5268,0.8637,3.7121
99.5270,0.8417,3.6161
99.5272,0.852,3.657
99.5274,0.8602,3.6954
99.5276,0.8432,3.6273
99.5278,0.8221,3.5332
99.5280,0.7988,3.4269
99.5282,0.8549,3.6762
99.5284,0.7909,3.3993
99.5286,0.8091,3.4808
99.5288,0.7718,3.3158
99.5290,0.8152,3.5039
99.5292,0.7948,3.421
99.5294,0.7486,3.2203
99.5296,0.754,3.242
99.5298,0.8182,3.5151
99.5300,0.8213,3.5302
99.5302,0.8437,3.6226
99.5304,0.8547,3.6734
99.5306,0.8425,3.6209
99.5308,0.866,3.7184
99.5310,0.8632,3.7083
99.5312,0.8638,3.716
99.5314,0.8311,3.5686
99.5316,0.8471,3.6359
99.5318,0.8249,3.5489
99.5320,0.7947,3.4142
99.5322,0.8711,3.7475
99.5324,0.7709,3.3209
99.5326,0.7719,3.3147
99.5328,0.8785,3.7742
99.5330,0.8146,3.5013
99.5332,0.7845,3.3719
99.5334,0.8307,3.567
99.5336,0.9246,3.9702
99.5338,0.9029,3.8734
99.5340,0.9204,3.954
99.5342,0.9076,3.8989
99.5344,0.874,3.7529
99.5346,0.8769,3.767
99.5348,0.8966,3.8502
99.5350,0.9078,3.8945
99.5352,0.9405,4.0368
99.5354,0.9173,3.9388
99.5356,0.9055,3.8901
99.5358,0.8651,3.7217
99.5360,0.7839,3.3709
99.5362,0.7982,3.4323
99.5364,0.8586,3.6887
99.5366,0.809,3.4755
99.5368,0.8152,3.512
99.5370,0.6945,2.9919
99.5372,0.67,2.8892
99.5374,0.6652,2.8658
99.5376,0.6826,2.9435
99.5378,0.5807,2.5051
99.5380,0.5525,2.3836
99.5382,0.5927,2.5557
99.5384,0.6162,2.6607
99.5386,0.5504,2.3765
99.5388,0.5423,2.3418
99.5390,0.5494,2.369
99.5392,0.6143,2.6438
99.5394,0.6646,2.8646
99.5396,0.6077,2.6227
99.5398,0.5514,2.3789
99.5400,0.5498,2.3717
99.5402,0.543,2.3449
99.5404,0.5405,2.3329
99.5406,0.5441,2.3474
99.5408,0.5439,2.3463
99.5410,0.5481,2.3644
99.5412,0.5427,2.3412
99.5414,0.5416,2.3343
99.5416,0.6218,2.6776
99.5418,0.7133,3.0658
99.5420,0.7703,3.3137
99.5422,0.7321,3.157
99.5424,0.6363,2.7451
99.5426,0.565,2.4374
99.5428,0.5504,2.3743
99.5430,0.5511,2.3752
99.5432,0.6032,2.5988
99.5434,0.7077,3.0459
99.5436,0.7215,3.1052
99.5438,0.7006,3.0182
99.5440,0.6929,2.9796
99.5442,0.713,3.0671
99.5444,0.6861,2.953
99.5446,0.686,2.9511
99.5448,0.7271,3.1295
99.5450,0.7091,3.0478
99.5452,0.7986,3.4338
99.5454,0.816,3.5102
99.5456,0.7615,3.2745
99.5458,0.7389,3.183
99.5460,0.6752,2.9087
99.5462,0.5975,2.5752
99.5464,0.5892,2.5442
99.5466,0.5216,2.2543
99.5468,0.4795,2.0686
99.5470,0.4881,2.1078
99.5472,0.4946,2.1367
99.5474,0.4821,2.0828
99.5476,0.4797,2.0706
99.5478,0.4776,2.0603
99.5480,0.4823,2.0814
99.5482,0.483,2.0845
99.5484,0.4808,2.0762
99.5486,0.4817,2.0788
99.5488,0.4658,2.0115
99.5490,0.4561,1.9686
99.5492,0.5066,2.1845
99.5494,0.5381,2.3183
99.5496,0.5745,2.4794
99.5498,0.494,2.1341
99.5500,0.4228,1.8256
99.5502,0.4086,1.7637
99.5504,0.4769,2.0572
99.5506,0.5596,2.4096
99.5508,0.6248,2.6917
99.5510,0.5604,2.4155
99.5512,0.5379,2.3205
99.5514,0.5811,2.4986
99.5516,0.7414,3.182
99.5518,0.8217,3.5284
99.5520,0.7952,3.4162
99.5522,0.8161,3.5075
99.5524,0.8338,3.5754
99.5526,0.8554,3.6731
99.5528,0.8674,3.7211
99.5530,0.8705,3.731
99.5532,0.9404,4.0325
99.5534,0.9325,3.9948
99.5536,1.0305,4.4145
99.5538,1.0295,4.4104
99.5540,1.0203,4.3688
99.5542,0.974,4.1726
99.5544,1.0385,4.4406
99.5546,1.1254,4.8191
99.5548,1.115,4.7722
99.5550,1.1115,4.7551
99.5552,1.0975,4.7104
99.5554,0.9536,4.0948
99.5556,0.8946,3.8397
99.5558,0.842,3.6137
99.5560,0.8802,3.7797
99.5562,0.8975,3.8502
99.5564,0.9523,4.0853
99.5566,0.9676,4.1511
99.5568,0.9977,4.2763
99.5570,1.0291,4.4068
99.5572,1.0929,4.6799
99.5574,1.0892,4.6597
99.5576,1.1313,4.851
99.5578,1.0152,4.3554
99.5580,1.0571,4.5264
99.5582,1.1311,4.8364
99.5584,1.1301,4.8414
99.5586,1.0706,4.5887
99.5588,0.9472,4.0713
99.5590,0.8306,3.5665
99.5592,0.8405,3.6193
99.5594,0.7486,3.2218
99.5596,0.7639,3.2848
99.5598,0.8403,3.6099
99.5600,0.8239,3.536
99.5602,0.8646,3.7197
99.5604,0.7471,3.2156
99.5606,0.8014,3.4462
99.5608,0.795,3.4247
99.5610,0.6683,2.8833
99.5612,0.6745,2.9042
99.5614,0.6917,2.9786
99.5616,0.6874,2.9628
99.5618,0.7061,3.0377
99.5620,0.712,3.0673
99.5622,0.6807,2.9365
99.5624,0.6079,2.6226
99.5626,0.6035,2.601
99.5628,0.6247,2.6937
99.5630,0.65,2.8002
99.5632,0.6932,2.9834
99.5634,0.7124,3.066
99.5636,0.7651,3.2885
99.5638,0.8324,3.5792
99.5640,0.7938,3.4116
99.5642,0.7763,3.3441
99.5644,0.7333,3.1578
99.5646,0.7311,3.1421
99.5648,0.7392,3.1875
99.5650,0.6128,2.6413
99.5652,0.6543,2.8188
99.5654,0.6492,2.7979
99.5656,0.6375,2.7529
99.5658,0.517,2.2346
99.5660,0.4838,2.0891
99.5662,0.5048,2.1817
99.5664,0.4861,2.1019
99.5666,0.4668,2.0175
99.5668,0.4707,2.0327
99.5670,0.4674,2.0191
99.5672,0.4592,1.9839
99.5674,0.4621,1.9973
99.5676,0.462,1.9958
99.5678,0.5032,2.173
99.5680,0.4632,1.9991
99.5682,0.4625,1.9979
99.5684,0.4908,2.1201
99.5686,0.4998,2.156
99.5688,0.4963,2.142
99.5690,0.4836,2.0881
99.5692,0.4853,2.0953
99.5694,0.4935,2.1311
99.5696,0.5002,2.159
99.5698,0.5176,2.2331
99.5700,0.5453,2.3482
99.5702,0.5982,2.5723
99.5704,0.7469,3.2116
99.5706,0.7783,3.3498
99.5708,0.6709,2.8941
99.5710,0.4901,2.117
99.5712,0.4717,2.0359
99.5714,0.5508,2.3774
99.5716,0.5157,2.2217
99.5718,0.5809,2.5027
99.5720,0.6151,2.6499
99.5722,0.6338,2.7267
99.5724,0.697,2.9985
99.5726,0.698,3.0026
99.5728,0.7335,3.1568
99.5730,0.6693,2.882
99.5732,0.6114,2.6351
99.5734,0.6112,2.6341
99.5736,0.6172,2.6562
99.5738,0.6447,2.7749
99.5740,0.6531,2.8084
99.5742,0.7193,3.0945
99.5744,0.6506,2.8054
99.5746,0.5788,2.4934
99.5748,0.611,2.6299
99.5750,0.6636,2.8573
99.5752,0.663,2.8534
99.5754,0.7384,3.1706
99.5756,0.8034,3.4496
99.5758,0.7444,3.2008
99.5760,0.6472,2.7909
99.5762,0.5784,2.4942
99.5764,0.5853,2.5236
99.5766,0.5811,2.5032
99.5768,0.5837,2.5169
99.5770,0.5685,2.4535
99.5772,0.5451,2.3493
99.5774,0.5857,2.5198
99.5776,0.6155,2.6515
99.5778,0.5977,2.5762
99.5780,0.5957,2.5686
99.5782,0.5968,2.5673
99.5784,0.6598,2.8386
99.5786,0.6748,2.9044
99.5788,0.6863,2.9499
99.5790,0.7273,3.1261
99.5792,0.7146,3.0772
99.5794,0.6472,2.7896
99.5796,0.656,2.826
99.5798,0.595,2.5596
99.5800,0.5993,2.5829
99.5802,0.5889,2.5391
99.5804,0.5917,2.5492
99.5806,0.5837,2.5111
99.5808,0.6296,2.7124
99.5810,0.5493,2.3696
99.5812,0.5019,2.1633
99.5814,0.5668,2.444
99.5816,0.5621,2.4238
99.5818,0.4999,2.1555
99.5820,0.4865,2.0995
99.5822,0.4686,2.0215
99.5824,0.5577,2.4014
99.5826,0.5661,2.4409
99.5828,0.5678,2.447
99.5830,0.5114,2.2082
99.5832,0.4365,1.8855
99.5834,0.4355,1.8805
99.5836,0.4724,2.0362
99.5838,0.5155,2.2206
99.5840,0.5625,2.4243
99.5842,0.5296,2.2816
99.5844,0.5456,2.3503
99.5846,0.6421,2.7623
99.5848,0.7019,3.0197
99.5850,0.6982,2.9995
99.5852,0.7488,3.2199
99.5854,0.7146,3.0715
99.5856,0.8046,3.4484
99.5858,0.8965,3.8497
99.5860,0.8385,3.6005
99.5862,0.8723,3.7439
99.5864,0.8481,3.6417
99.5866,0.865,3.7091
99.5868,0.9312,3.9873
99.5870,0.9739,4.1701
99.5872,0.9931,4.2542
99.5874,1.0181,4.3596
99.5876,1.0085,4.3306
99.5878,0.8713,3.7451
99.5880,0.8384,3.6
99.5882,0.8337,3.5832
99.5884,0.8445,3.6262
99.5886,0.8089,3.4701
99.5888,0.8325,3.5698
99.5890,0.9101,3.9024
99.5892,0.8802,3.7814
99.5894,0.7643,3.2864
99.5896,0.7573,3.258
99.5898,0.7542,3.2431
99.5900,0.7131,3.0676
99.5902,0.6886,2.961
99.5904,0.7847,3.3693
99.5906,0.8234,3.534
99.5908,0.8679,3.7266
99.5910,0.8793,3.7791
99.5912,0.849,3.6475
99.5914,0.8252,3.5466
99.5916,0.8004,3.432
99.5918,0.9002,3.8657
99.5920,0.8766,3.7625
99.5922,0.8923,3.8335
99.5924,0.8345,3.5802
99.5926,0.8926,3.8273
99.5928,0.9541,4.0911
99.5930,0.9972,4.2742
99.5932,0.9536,4.091
99.5934,0.9025,3.8718
99.5936,0.8939,3.833
99.5938,0.9179,3.9432
99.5940,0.8812,3.7891
99.5942,0.8096,3.478
99.5944,0.8337,3.5882
99.5946,0.7675,3.2988
99.5948,0.8152,3.5055
99.5950,0.7827,3.3642
99.5952,0.8032,3.4491
99.5954,0.8458,3.637
99.5956,0.82,3.5245
99.5958,0.8421,3.6176
99.5960,0.8544,3.6638
99.5962,0.9155,3.931
99.5964,0.7995,3.438
99.5966,0.7753,3.3338
99.5968,0.8297,3.5679
99.5970,0.7795,3.3519
99.5972,0.7673,3.3023
99.5974,0.7737,3.3302
99.5976,0.8089,3.4733
99.5978,0.802,3.4456
99.5980,0.8438,3.6282
99.5982,0.854,3.6686
99.5984,0.8368,3.5966
99.5986,0.7986,3.4338
99.5988,0.786,3.3876
99.5990,0.6661,2.8708
99.5992,0.6517,2.8075
99.5994,0.6469,2.7907
99.5996,0.5916,2.5522
99.5998,0.5987,2.5791
99.6000,0.5656,2.44
99.6002,0.5023,2.1699
99.6004,0.5,2.159
99.6006,0.4978,2.1487
99.6008,0.5317,2.2936
99.6010,0.5272,2.2765
99.6012,0.5368,2.3115
99.6014,0.6795,2.9246
99.6016,0.6083,2.6229
99.6018,0.5453,2.3525
99.6020,0.5308,2.291
99.6022,0.5175,2.2346
99.6024,0.5216,2.2512
99.6026,0.5205,2.2444
99.6028,0.5644,2.4337
99.6030,0.53,2.2863
99.6032,0.5199,2.2429
99.6034,0.5465,2.3555
99.6036,0.5821,2.5125
99.6038,0.5484,2.366
99.6040,0.5408,2.3318
99.6042,0.5403,2.3308
99.6044,0.5399,2.3293
99.6046,0.5952,2.5594
99.6048,0.6901,2.9741
99.6050,0.5538,2.3882
99.6052,0.5207,2.2455
99.6054,0.5173,2.2315
99.6056,0.5172,2.232
99.6058,0.526,2.2661
99.6060,0.5925,2.5511
99.6062,0.6115,2.6381
99.6064,0.5342,2.3044
99.6066,0.5199,2.2408
99.6068,0.5307,2.2873
99.6070,0.5263,2.2692
99.6072,0.5192,2.2408
99.6074,0.5183,2.2372
99.6076,0.5193,2.2413
99.6078,0.5205,2.2423
99.6080,0.5687,2.4454
99.6082,0.7065,3.0365
99.6084,0.7908,3.4019
99.6086,0.7219,3.1029
99.6088,0.7237,3.1136
99.6090,0.7006,3.0168
99.6092,0.6685,2.8784
99.6094,0.6899,2.9681
99.6096,0.6438,2.7708
99.6098,0.6205,2.6694
99.6100,0.6776,2.9136
99.6102,0.7055,3.0351
99.6104,0.698,3.0013
99.6106,0.7456,3.2059
99.6108,0.6964,2.9946
99.6110,0.7616,3.2766
99.6112,0.7603,3.2663
99.6114,0.7782,3.3431
99.6116,0.7941,3.4116
99.6118,0.7911,3.3971
99.6120,0.7886,3.3879
99.6122,0.7854,3.3771
99.6124,0.7644,3.2869
99.6126,0.7801,3.3513
99.6128,0.8223,3.5293
99.6130,0.8351,3.5878
99.6132,0.8001,3.4341
99.6134,0.8576,3.6824
99.6136,0.8269,3.5555
99.6138,0.7904,3.3988
99.6140,0.7851,3.3729
99.6142,0.7761,3.3328
99.6144,0.7438,3.2042
99.6146,0.608,2.6219
99.6148,0.5572,2.406
99.6150,0.5022,2.1673
99.6152,0.4855,2.0964
99.6154,0.4868,2.1011
99.6156,0.5366,2.3116
99.6158,0.5814,2.5059
99.6160,0.5781,2.4914
99.6162,0.5749,2.4792
99.6164,0.5182,2.2336
99.6166,0.5417,2.3359
99.6168,0.6174,2.6597
99.6170,0.6498,2.7979
99.6172,0.617,2.6582
99.6174,0.5838,2.5198
99.6176,0.5354,2.3075
99.6178,0.6053,2.6051
99.6180,0.6854,2.943
99.6182,0.762,3.2751
99.6184,0.7907,3.3982
99.6186,0.7788,3.3534
99.6188,0.6695,2.8777
99.6190,0.7921,3.4012
99.6192,0.8772,3.7668
99.6194,0.8657,3.7139
99.6196,0.8682,3.7247
99.6198,0.9241,3.9607
99.6200,0.9704,4.1591
99.6202,0.961,4.1209
99.6204,0.9673,4.1496
99.6206,0.9817,4.2054
99.6208,0.9833,4.2126
99.6210,0.9862,4.225
99.6212,0.9837,4.222
99.6214,0.9086,3.8999
99.6216,0.9008,3.8682
99.6218,0.8928,3.8302
99.6220,0.9202,3.9474
99.6222,0.9902,4.2439
99.6224,0.9927,4.2547
99.6226,0.9362,4.0239
99.6228,0.8228,3.5347
99.6230,0.8711,3.7405
99.6232,0.8128,3.5001
99.6234,0.744,3.2007
99.6236,0.7886,3.3879
99.6238,0.7897,3.3957
99.6240,0.7897,3.3988
99.6242,0.7754,3.3328
99.6244,0.8336,3.5761
99.6246,0.8679,3.7353
99.6248,0.8007,3.4415
99.6250,0.8607,3.694
99.6252,0.8832,3.7925
99.6254,0.8742,3.7592
99.6256,0.7946,3.4168
99.6258,0.8094,3.477
99.6260,0.8444,3.6257
99.6262,0.8544,3.6741
99.6264,0.8439,3.627
99.6266,0.8217,3.5317
99.6268,0.7457,3.2109
99.6270,0.7094,3.0545
99.6272,0.7361,3.1637
99.6274,0.765,3.291
99.6276,0.791,3.4045
99.6278,0.7586,3.2652
99.6280,0.7118,3.0648
99.6282,0.7305,3.1483
99.6284,0.6805,2.9314
99.6286,0.6219,2.6831
99.6288,0.5812,2.506
99.6290,0.5914,2.5464
99.6292,0.6312,2.7191
99.6294,0.6524,2.8132
99.6296,0.607,2.6184
99.6298,0.6032,2.6012
99.6300,0.5957,2.5674
99.6302,0.614,2.6477
99.6304,0.6266,2.6995
99.6306,0.6838,2.9459
99.6308,0.6803,2.9309
99.6310,0.6483,2.7878
99.6312,0.7462,3.2175
99.6314,0.6002,2.5895
99.6316,0.5916,2.5498
99.6318,0.6385,2.7506
99.6320,0.6347,2.7354
99.6322,0.6499,2.7997
99.6324,0.6594,2.8379
99.6326,0.6339,2.731
99.6328,0.6096,2.6286
99.6330,0.6019,2.5943
99.6332,0.6137,2.6449
99.6334,0.5883,2.5365
99.6336,0.5678,2.4481
99.6338,0.561,2.4192
99.6340,0.5725,2.47
99.6342,0.5823,2.5084
99.6344,0.6398,2.755
99.6346,0.6307,2.7183
99.6348,0.5648,2.4363
99.6350,0.5405,2.3329
99.6352,0.5436,2.3453
99.6354,0.5596,2.4107
99.6356,0.6058,2.6108
99.6358,0.5718,2.4634
99.6360,0.5885,2.5388
99.6362,0.5618,2.4234
99.6364,0.6255,2.6936
99.6366,0.6866,2.9536
99.6368,0.6691,2.8783
99.6370,0.7101,3.059
99.6372,0.6213,2.6792
99.6374,0.5553,2.3933
99.6376,0.5525,2.3836
99.6378,0.5534,2.3861
99.6380,0.532,2.2973
99.6382,0.456,1.9699
99.6384,0.4448,1.9217
99.6386,0.4444,1.9197
99.6388,0.4433,1.9141
99.6390,0.4435,1.9152
99.6392,0.4453,1.9211
99.6394,0.4462,1.9257
99.6396,0.4477,1.9342
99.6398,0.4442,1.92
99.6400,0.445,1.9214
99.6402,0.4456,1.9231
99.6404,0.4459,1.9255
99.6406,0.4462,1.9265
99.6408,0.4452,1.9224
99.6410,0.4456,1.9222
99.6412,0.4444,1.9161
99.6414,0.4842,2.0887
99.6416,0.5474,2.3591
99.6418,0.583,2.5126
99.6420,0.5721,2.4645
99.6422,0.5472,2.3586
99.6424,0.5689,2.4499
99.6426,0.6119,2.6335
99.6428,0.5853,2.5236
99.6430,0.5121,2.2093
99.6432,0.5368,2.3169
99.6434,0.4977,2.1472
99.6436,0.4909,2.1167
99.6438,0.4909,2.1177
99.6440,0.5004,2.1596
99.6442,0.5113,2.2026
99.6444,0.5707,2.4554
99.6446,0.6536,2.8118
99.6448,0.6781,2.9184
99.6450,0.6681,2.8729
99.6452,0.6734,2.9009
99.6454,0.5981,2.5754
99.6456,0.5981,2.5754
99.6458,0.5636,2.43
99.6460,0.5772,2.4832
99.6462,0.6428,2.7641
99.6464,0.6679,2.8745
99.6466,0.679,2.9239
99.6468,0.6883,2.9609
99.6470,0.6694,2.8785
99.6472,0.6814,2.9328
99.6474,0.6801,2.9244
99.6476,0.6871,2.953
99.6478,0.6959,2.9953
99.6480,0.6489,2.7917
99.6482,0.6553,2.8203
99.6484,0.5908,2.5474
99.6486,0.5571,2.401
99.6488,0.5668,2.4429
99.6490,0.5267,2.2692
99.6492,0.548,2.3628
99.6494,0.5126,2.2083
99.6496,0.5237,2.2594
99.6498,0.5282,2.2775
99.6500,0.5399,2.3249
99.6502,0.5884,2.5335
99.6504,0.6173,2.6555
99.6506,0.6662,2.8673
99.6508,0.6331,2.7236
99.6510,0.6321,2.7157
99.6512,0.7541,3.2335
99.6514,0.8688,3.729
99.6516,0.8336,3.5794
99.6518,0.7639,3.2802
99.6520,0.8132,3.4919
99.6522,0.8462,3.6284
99.6524,0.9233,3.9516
99.6526,1.0173,4.358
99.6528,1.001,4.2841
99.6530,1.0326,4.4176
99.6532,1.0849,4.639
99.6534,1.1079,4.7419
99.6536,1.1138,4.7648
99.6538,1.1047,4.7258
99.6540,1.0556,4.5139
99.6542,1.1125,4.7547
99.6544,1.126,4.8149
99.6546,1.149,4.9156
99.6548,1.0669,4.5707
99.6550,1.0032,4.2999
99.6552,0.9978,4.2768
99.6554,0.9875,4.2306
99.6556,1.0041,4.2995
99.6558,1.0249,4.397
99.6560,0.9529,4.0879
99.6562,0.9471,4.0613
99.6564,0.9586,4.1106
99.6566,0.9705,4.1635
99.6568,0.9342,4.0039
99.6570,0.935,4.0094
99.6572,0.9215,3.9586
99.6574,0.8959,3.8489
99.6576,0.8901,3.8237
99.6578,0.8826,3.79
99.6580,0.9054,3.8878
99.6582,0.9266,3.9715
99.6584,0.9794,4.1996
99.6586,0.9687,4.1538
99.6588,0.9855,4.2278
99.6590,0.9655,4.14
99.6592,0.9237,3.9684
99.6594,0.8678,3.7296
99.6596,0.8666,3.7227
99.6598,0.8356,3.5898
99.6600,0.8199,3.5273
99.6602,0.8139,3.495
99.6604,0.9349,4.0051
99.6606,0.9962,4.2736
99.6608,0.9929,4.2597
99.6610,0.969,4.151
99.6612,1.0098,4.3282
99.6614,0.9871,4.2384
99.6616,0.8775,3.7731
99.6618,0.7883,3.3879
99.6620,0.7606,3.2704
99.6622,0.7745,3.3333
99.6624,0.7803,3.3586
99.6626,0.7899,3.3967
99.6628,0.7841,3.3746
99.6630,0.7568,3.2574
99.6632,0.7839,3.3694
99.6634,0.8179,3.5119
99.6636,0.8482,3.6473
99.6638,0.8481,3.6434
99.6640,0.8687,3.7337
99.6642,0.8519,3.6633
99.6644,0.8844,3.7977
99.6646,0.8872,3.8131
99.6648,0.8103,3.4827
99.6650,0.8277,3.5575
99.6652,0.7929,3.4175
99.6654,0.6975,3.0062
99.6656,0.6814,2.9356
99.6658,0.6953,2.9955
99.6660,0.6917,2.9814
99.6662,0.6879,2.9621
99.6664,0.682,2.9395
99.6666,0.5998,2.5886
99.6668,0.5819,2.5068
99.6670,0.6555,2.8227
99.6672,0.6524,2.8145
99.6674,0.5867,2.5333
99.6676,0.5727,2.4682
99.6678,0.6588,2.8366
99.6680,0.6887,2.9684
99.6682,0.6528,2.8147
99.6684,0.5819,2.5103
99.6686,0.5771,2.4896
99.6688,0.5775,2.4946
99.6690,0.4825,2.0834
99.6692,0.4849,2.0938
99.6694,0.5279,2.2775
99.6696,0.5662,2.4403
99.6698,0.5258,2.2693
99.6700,0.5276,2.277
99.6702,0.5237,2.2636
99.6704,0.5152,2.2248
99.6706,0.5168,2.2294
99.6708,0.6023,2.5946
99.6710,0.6886,2.961
99.6712,0.76,3.2693
99.6714,0.6938,2.9901
99.6716,0.5942,2.56
99.6718,0.6504,2.8018
99.6720,0.6673,2.8746
99.6722,0.663,2.8573
99.6724,0.6596,2.8415
99.6726,0.6881,2.9576
99.6728,0.7442,3.2033
99.6730,0.719,3.0958
99.6732,0.6831,2.9428
99.6734,0.6814,2.9356
99.6736,0.7019,3.0211
99.6738,0.6707,2.8909
99.6740,0.7025,3.0223
99.6742,0.7905,3.3945
99.6744,0.8278,3.5596
99.6746,0.786,3.3813
99.6748,0.7748,3.3302
99.6750,0.7848,3.3761
99.6752,0.7471,3.2141
99.6754,0.7862,3.3807
99.6756,0.7785,3.3462
99.6758,0.7633,3.2838
99.6760,0.7456,3.2059
99.6762,0.7944,3.4142
99.6764,0.7968,3.4293
99.6766,0.6878,2.9657
99.6768,0.6411,2.7633
99.6770,0.6766,2.9108
99.6772,0.747,3.2121
99.6774,0.7909,3.3945
99.6776,0.8685,3.7257
99.6778,0.8854,3.8071
99.6780,0.7442,3.2077
99.6782,0.6407,2.7586
99.6784,0.664,2.862
99.6786,0.602,2.6008
99.6788,0.5391,2.3256
99.6790,0.5306,2.2889
99.6792,0.5306,2.29
99.6794,0.5344,2.3055
99.6796,0.5309,2.2894
99.6798,0.5259,2.2687
99.6800,0.5158,2.2274
99.6802,0.5261,2.2687
99.6804,0.6071,2.6141
99.6806,0.6259,2.6989
99.6808,0.589,2.5397
99.6810,0.6325,2.7235
99.6812,0.6591,2.8329
99.6814,0.7314,3.1466
99.6816,0.7052,3.035
99.6818,0.6751,2.9163
99.6820,0.5209,2.2481
99.6822,0.517,2.2325
99.6824,0.5094,2.1994
99.6826,0.5024,2.1724
99.6828,0.4247,1.8356
99.6830,0.4049,1.7484
99.6832,0.4355,1.8787
99.6834,0.4862,2.0995
99.6836,0.4965,2.142
99.6838,0.5374,2.3195
99.6840,0.5076,2.1886
99.6842,0.5718,2.4611
99.6844,0.6607,2.8422
99.6846,0.7267,3.1265
99.6848,0.7163,3.0816
99.6850,0.7176,3.0844
99.6852,0.7389,3.1726
99.6854,0.8764,3.7597
99.6856,0.8766,3.759
99.6858,0.9248,3.962
99.6860,0.9799,4.2017
99.6862,0.9784,4.1916
99.6864,1.0124,4.339
99.6866,0.9457,4.057
99.6868,0.9625,4.129
99.6870,1.0068,4.3153
99.6872,0.9905,4.2415
99.6874,0.9727,4.1747
99.6876,0.8994,3.8603
99.6878,0.9043,3.8814
99.6880,0.8772,3.7721
99.6882,0.779,3.3498
99.6884,0.809,3.4803
99.6886,0.8091,3.476
99.6888,0.8162,3.5064
99.6890,0.8178,3.5147
99.6892,0.8103,3.4811
99.6894,0.8344,3.5863
99.6896,0.8387,3.6066
99.6898,0.8402,3.6077
99.6900,0.8627,3.7114
99.6902,0.7931,3.4085
99.6904,0.8224,3.5315
99.6906,0.8748,3.7548
99.6908,0.8896,3.8181
99.6910,0.9345,4.0148
99.6912,0.8877,3.8134
99.6914,0.8644,3.71
99.6916,0.8884,3.8147
99.6918,0.8984,3.8669
99.6920,0.7989,3.4354
99.6922,0.8265,3.549
99.6924,0.8447,3.6273
99.6926,0.8652,3.7153
99.6928,0.8351,3.5928
99.6930,0.7766,3.3426
99.6932,0.7837,3.3668
99.6934,0.8429,3.6246
99.6936,0.8209,3.533
99.6938,0.7832,3.3694
99.6940,0.7686,3.3065
99.6942,0.7736,3.3266
99.6944,0.836,3.5964
99.6946,0.8294,3.5647
99.6948,0.8282,3.5562
99.6950,0.903,3.8829
99.6952,0.8459,3.6358
99.6954,0.7821,3.3632
99.6956,0.8296,3.5674
99.6958,0.779,3.3498
99.6960,0.8355,3.591
99.6962,0.8844,3.7959
99.6964,0.8783,3.782
99.6966,0.6903,2.9793
99.6968,0.576,2.4861
99.6970,0.5429,2.34
99.6972,0.6229,2.681
99.6974,0.75,3.2355
99.6976,0.6444,2.7798
99.6978,0.5742,2.4772
99.6980,0.5125,2.2149
99.6982,0.5014,2.1632
99.6984,0.577,2.4856
99.6986,0.6199,2.6755
99.6988,0.5618,2.4223
99.6990,0.5237,2.2615
99.6992,0.5302,2.2895
99.6994,0.5453,2.3525
99.6996,0.5209,2.2512
99.6998,0.4555,1.9688
99.7000,0.4518,1.9518
99.7002,0.4498,1.943
99.7004,0.4484,1.9373
99.7006,0.4512,1.9501
99.7008,0.4484,1.9364
99.7010,0.4518,1.9509
99.7012,0.4627,1.9998
99.7014,0.4494,1.9423
99.7016,0.4474,1.9317
99.7018,0.4492,1.9404
99.7020,0.4499,1.9444
99.7022,0.4506,1.9439
99.7024,0.4972,2.1451
99.7026,0.4651,2.0093
99.7028,0.4549,1.9653
99.7030,0.4462,1.9257
99.7032,0.4433,1.9132
99.7034,0.4464,1.9285
99.7036,0.4481,1.9348
99.7038,0.4489,1.9367
99.7040,0.5164,2.2268
99.7042,0.5055,2.1818
99.7044,0.5038,2.1746
99.7046,0.4841,2.0892
99.7048,0.4598,1.9865
99.7050,0.4538,1.9588
99.7052,0.45,1.944
99.7054,0.4505,1.9434
99.7056,0.4578,1.9749
99.7058,0.4849,2.0909
99.7060,0.4771,2.0601
99.7062,0.4416,1.9078
99.7064,0.4487,1.9365
99.7066,0.4633,1.9987
99.7068,0.4561,1.9695
99.7070,0.4736,2.0423
99.7072,0.5241,2.2578
99.7074,0.53,2.2853
99.7076,0.5294,2.2816
99.7078,0.5604,2.4144
99.7080,0.5729,2.4681
99.7082,0.617,2.6582
99.7084,0.5893,2.54
99.7086,0.5508,2.3719
99.7088,0.6002,2.5847
99.7090,0.6255,2.6948
99.7092,0.576,2.4815
99.7094,0.5875,2.5311
99.7096,0.5907,2.5433
99.7098,0.5765,2.4836
99.7100,0.5766,2.4841
99.7102,0.623,2.6828
99.7104,0.652,2.8025
99.7106,0.7482,3.2113
99.7108,0.8059,3.4621
99.7110,0.7974,3.4287
99.7112,0.6707,2.8909
99.7114,0.5957,2.5674
99.7116,0.5885,2.5341
99.7118,0.5934,2.5564
99.7120,0.592,2.5502
99.7122,0.6236,2.6853
99.7124,0.6568,2.827
99.7126,0.6779,2.9152
99.7128,0.7146,3.0715
99.7130,0.6859,2.9574
99.7132,0.5939,2.5597
99.7134,0.5795,2.4953
99.7136,0.6098,2.6247
99.7138,0.6236,2.6878
99.7140,0.5656,2.4354
99.7142,0.6116,2.6276
99.7144,0.7324,3.1536
99.7146,0.6463,2.7868
99.7148,0.5616,2.4195
99.7150,0.541,2.3307
99.7152,0.5513,2.374
99.7154,0.6597,2.8368
99.7156,0.6734,2.8996
99.7158,0.5948,2.559
99.7160,0.6054,2.6056
99.7162,0.5847,2.521
99.7164,0.5228,2.2532
99.7166,0.543,2.3384
99.7168,0.5683,2.4507
99.7170,0.5343,2.3007
99.7172,0.6472,2.7793
99.7174,0.7519,3.2303
99.7176,0.7116,3.06
99.7178,0.6863,2.9512
99.7180,0.7555,3.2442
99.7182,0.8187,3.5123
99.7184,0.916,3.9221
99.7186,0.9775,4.1894
99.7188,1.0572,4.5206
99.7190,1.0601,4.535
99.7192,1.0625,4.5453
99.7194,1.1196,4.7917
99.7196,1.0326,4.4237
99.7198,1.0089,4.3281
99.7200,0.9236,3.9624
99.7202,0.8913,3.8217
99.7204,0.9727,4.165
99.7206,0.9658,4.1396
99.7208,1.0193,4.3667
99.7210,1.0297,4.4135
99.7212,1.0083,4.3154
99.7214,1.0416,4.4519
99.7216,1.1048,4.7219
99.7218,1.1416,4.8907
99.7220,1.0139,4.3477
99.7222,0.9361,4.014
99.7224,0.9431,4.0457
99.7226,0.905,3.8899
99.7228,0.8675,3.7216
99.7230,0.9204,3.9503
99.7232,0.9023,3.8726
99.7234,0.8938,3.8379
99.7236,0.9125,3.909
99.7238,0.991,4.2435
99.7240,1.0674,4.5727
99.7242,1.0218,4.3816
99.7244,1.0344,4.4294
99.7246,1.0554,4.5192
99.7248,1.032,4.4356
99.7250,0.8381,3.5973
99.7252,0.8685,3.731
99.7254,0.916,3.9331
99.7256,0.9086,3.8981
99.7258,0.9637,4.1342
99.7260,0.9994,4.2855
99.7262,0.9305,3.9954
99.7264,0.9024,3.8731
99.7266,0.8883,3.8159
99.7268,0.9145,3.9306
99.7270,0.8907,3.8262
99.7272,0.8788,3.7753
99.7274,0.8848,3.8045
99.7276,0.8064,3.469
99.7278,0.7962,3.4235
99.7280,0.7649,3.2874
99.7282,0.7923,3.4102
99.7284,0.7699,3.3137
99.7286,0.7465,3.2131
99.7288,0.7466,3.2121
99.7290,0.7571,3.257
99.7292,0.7907,3.3998
99.7294,0.8083,3.474
99.7296,0.7735,3.3323
99.7298,0.6879,2.9662
99.7300,0.661,2.8464
99.7302,0.7935,3.409
99.7304,0.8544,3.6775
99.7306,0.8008,3.4388
99.7308,0.8637,3.7155
99.7310,0.7862,3.3823
99.7312,0.7518,3.2328
99.7314,0.7547,3.2482
99.7316,0.7524,3.2398
99.7318,0.7342,3.1599
99.7320,0.7097,3.0546
99.7322,0.7142,3.0723
99.7324,0.7883,3.3895
99.7326,0.8094,3.4819
99.7328,0.7239,3.117
99.7330,0.6802,2.9263
99.7332,0.7283,3.1361
99.7334,0.7036,3.0297
99.7336,0.7758,3.339
99.7338,0.7802,3.3518
99.7340,0.8272,3.5571
99.7342,0.7917,3.4076
99.7344,0.758,3.2671
99.7346,0.6185,2.6705
99.7348,0.5464,2.3572
99.7350,0.5434,2.3454
99.7352,0.5464,2.3572
99.7354,0.5892,2.543
99.7356,0.5553,2.3955
99.7358,0.5582,2.4079
99.7360,0.546,2.3567
99.7362,0.5628,2.4247
99.7364,0.5823,2.5107
99.7366,0.5368,2.3169
99.7368,0.5496,2.3712
99.7370,0.6023,2.5982
99.7372,0.5447,2.3489
99.7374,0.6,2.5896
99.7376,0.55,2.3738
99.7378,0.5252,2.2667
99.7380,0.5233,2.2574
99.7382,0.5249,2.2667
99.7384,0.5249,2.2667
99.7386,0.5235,2.2605
99.7388,0.5243,2.2631
99.7390,0.5225,2.2532
99.7392,0.5249,2.2646
99.7394,0.5255,2.2682
99.7396,0.5251,2.2662
99.7398,0.5241,2.262
99.7400,0.5248,2.2641
99.7402,0.561,2.4192
99.7404,0.6142,2.6495
99.7406,0.5644,2.4314
99.7408,0.6052,2.6058
99.7410,0.6333,2.7272
99.7412,0.6859,2.9492
99.7414,0.7399,3.1847
99.7416,0.6682,2.8814
99.7418,0.5805,2.5041
99.7420,0.5638,2.4311
99.7422,0.5683,2.4496
99.7424,0.562,2.4222
99.7426,0.5687,2.4511
99.7428,0.5984,2.5769
99.7430,0.6814,2.9315
99.7432,0.6638,2.857
99.7434,0.6773,2.918
99.7436,0.6716,2.8919
99.7438,0.6705,2.8859
99.7440,0.6748,2.9031
99.7442,0.676,2.9083
99.7444,0.6478,2.7896
99.7446,0.6622,2.8489
99.7448,0.7429,3.1976
99.7450,0.658,2.8335
99.7452,0.6223,2.6834
99.7454,0.5987,2.5815
99.7456,0.5988,2.5797
99.7458,0.6031,2.6031
99.7460,0.512,2.2087
99.7462,0.4972,2.1421
99.7464,0.5534,2.3872
99.7466,0.5188,2.2382
99.7468,0.4998,2.155
99.7470,0.5941,2.5643
99.7472,0.5215,2.2506
99.7474,0.5383,2.3199
99.7476,0.5393,2.3267
99.7478,0.4776,2.0603
99.7480,0.4736,2.0442
99.7482,0.5121,2.2072
99.7484,0.5098,2.2004
99.7486,0.4305,1.8613
99.7488,0.3728,1.6112
99.7490,0.3747,1.6187
99.7492,0.382,1.6495
99.7494,0.4084,1.7643
99.7496,0.4432,1.9118
99.7498,0.4954,2.1354
99.7500,0.5691,2.4504
99.7502,0.612,2.6328
99.7504,0.6484,2.7935
99.7506,0.6683,2.8779
99.7508,0.6824,2.9329
99.7510,0.7457,3.199
99.7512,0.8006,3.4346
99.7514,0.8133,3.4924
99.7516,0.839,3.6026
99.7518,0.8112,3.4831
99.7520,0.8556,3.6656
99.7522,0.9753,4.1782
99.7524,0.9955,4.2705
99.7526,0.9582,4.1028
99.7528,0.9664,4.1383
99.7530,0.9746,4.1751
99.7532,0.9809,4.2043
99.7534,0.9901,4.2454
99.7536,0.9737,4.1676
99.7538,1.0734,4.592
99.7540,1.091,4.6695
99.7542,1.0916,4.6656
99.7544,1.0937,4.683
99.7546,1.0857,4.6513
99.7548,1.0325,4.4294
99.7550,0.9862,4.2289
99.7552,1.0463,4.4739
99.7554,1.1601,4.9651
99.7556,1.0601,4.5477
99.7558,0.9427,4.046
99.7560,0.9164,3.9333
99.7562,0.9295,3.9857
99.7564,0.9636,4.1356
99.7566,0.917,3.9377
99.7568,0.8871,3.809
99.7570,0.9112,3.9143
99.7572,0.8797,3.7829
99.7574,0.8444,3.624
99.7576,0.9427,4.0404
99.7578,0.9596,4.1167
99.7580,0.9504,4.0809
99.7582,0.9308,3.9988
99.7584,0.8999,3.8623
99.7586,0.8706,3.742
99.7588,0.7615,3.2791
99.7590,0.7341,3.155
99.7592,0.7531,3.2384
99.7594,0.7628,3.2848
99.7596,0.7522,3.2358
99.7598,0.8061,3.4663
99.7600,0.7666,3.3023
99.7602,0.771,3.3122
99.7604,0.847,3.6421
99.7606,0.8029,3.4492
99.7608,0.7851,3.3777
99.7610,0.7275,3.131
99.7612,0.7176,3.0944
99.7614,0.6321,2.7258
99.7616,0.5992,2.5836
99.7618,0.5952,2.5677
99.7620,0.6263,2.6967
99.7622,0.6179,2.6643
99.7624,0.5984,2.5817
99.7626,0.5898,2.5433
99.7628,0.5878,2.5345
99.7630,0.5969,2.575
99.7632,0.5893,2.54
99.7634,0.6622,2.8516
99.7636,0.7085,3.0537
99.7638,0.5953,2.5694
99.7640,0.4873,2.1051
99.7642,0.468,2.0189
99.7644,0.5464,2.3594
99.7646,0.4978,2.1507
99.7648,0.4536,1.9596
99.7650,0.4812,2.0768
99.7652,0.5315,2.2941
99.7654,0.4815,2.0812
99.7656,0.4682,2.0218
99.7658,0.4707,2.0336
99.7660,0.4607,1.9892
99.7662,0.4601,1.9875
99.7664,0.4618,1.9957
99.7666,0.4627,1.9989
99.7668,0.4582,1.9783
99.7670,0.4501,1.9454
99.7672,0.4411,1.9057
99.7674,0.4438,1.9162
99.7676,0.4447,1.9203
99.7678,0.4477,1.9324
99.7680,0.4512,1.9492
99.7682,0.5131,2.2144
99.7684,0.5016,2.1647
99.7686,0.4474,1.9326
99.7688,0.4357,1.8806
99.7690,0.4695,2.0247
99.7692,0.4781,2.0614
99.7694,0.4602,1.9862
99.7696,0.4399,1.8996
99.7698,0.4344,1.8749
99.7700,0.4411,1.9048
99.7702,0.45,1.9431
99.7704,0.4765,2.0537
99.7706,0.517,2.2294
99.7708,0.512,2.2026
99.7710,0.6336,2.7244
99.7712,0.6618,2.8469
99.7714,0.668,2.875
99.7716,0.6722,2.8971
99.7718,0.6381,2.7478
99.7720,0.6625,2.8513
99.7722,0.6522,2.8082
99.7724,0.6295,2.7081
99.7726,0.6615,2.8445
99.7728,0.6709,2.8847
99.7730,0.6498,2.7953
99.7732,0.6962,2.9935
99.7734,0.7162,3.0825
99.7736,0.656,2.8247
99.7738,0.6229,2.6822
99.7740,0.6537,2.8136
99.7742,0.6748,2.9004
99.7744,0.7106,3.0525
99.7746,0.6797,2.9256
99.7748,0.6302,2.7175
99.7750,0.5785,2.4912
99.7752,0.6704,2.884
99.7754,0.6713,2.8908
99.7756,0.6511,2.8036
99.7758,0.6819,2.9335
99.7760,0.6799,2.9234
99.7762,0.6739,2.9003
99.7764,0.6945,2.9849
99.7766,0.7351,3.1596
99.7768,0.7209,3.1041
99.7770,0.6682,2.8761
99.7772,0.6713,2.8908
99.7774,0.5994,2.581
99.7776,0.5903,2.5406
99.7778,0.5753,2.4796
99.7780,0.5724,2.4672
99.7782,0.597,2.5707
99.7784,0.6031,2.6019
99.7786,0.4843,2.0912
99.7788,0.4755,2.0524
99.7790,0.4776,2.0593
99.7792,0.4705,2.0307
99.7794,0.4729,2.0401
99.7796,0.4701,2.0273
99.7798,0.5104,2.202
99.7800,0.5143,2.2186
99.7802,0.4968,2.143
99.7804,0.4228,1.8264
99.7806,0.4229,1.8261
99.7808,0.4474,1.9308
99.7810,0.3927,1.6941
99.7812,0.3916,1.6918
99.7814,0.3924,1.6946
99.7816,0.3863,1.6674
99.7818,0.3861,1.6687
99.7820,0.3897,1.6827
99.7822,0.3962,1.7106
99.7824,0.3974,1.7142
99.7826,0.409,1.7644
99.7828,0.4522,1.9488
99.7830,0.5201,2.2398
99.7832,0.5227,2.2527
99.7834,0.5422,2.3337
99.7836,0.6464,2.7808
99.7838,0.6006,2.5838
99.7840,0.6259,2.6901
99.7842,0.6487,2.7906
99.7844,0.6502,2.796
99.7846,0.6874,2.9545
99.7848,0.7636,3.2756
99.7850,0.907,3.88
99.7852,0.9694,4.155
99.7854,0.9686,4.1514
99.7856,0.9389,4.0183
99.7858,0.9526,4.0811
99.7860,0.9387,4.0215
99.7862,0.9711,4.1564
99.7864,0.9646,4.1306
99.7866,0.9682,4.1498
99.7868,0.9825,4.209
99.7870,1.0149,4.3376
99.7872,1.0668,4.5616
99.7874,1.0791,4.6166
99.7876,1.0964,4.6861
99.7878,1.1245,4.8127
99.7880,1.0193,4.3708
99.7882,1.0012,4.2952
99.7884,0.938,4.0185
99.7886,0.9441,4.0522
99.7888,0.8498,3.6489
99.7890,0.8115,3.483
99.7892,0.8097,3.4802
99.7894,0.758,3.2611
99.7896,0.7681,3.2983
99.7898,0.8514,3.6527
99.7900,0.8825,3.7895
99.7902,0.8106,3.4805
99.7904,0.8348,3.5845
99.7906,0.8405,3.6042
99.7908,0.9317,3.9894
99.7910,0.9553,4.0924
99.7912,0.9526,4.0868
99.7914,0.9649,4.1393
99.7916,0.9046,3.8842
99.7918,0.833,3.5785
99.7920,0.855,3.6716
99.7922,0.8428,3.619
99.7924,0.839,3.6026
99.7926,0.8407,3.6114
99.7928,0.8438,3.6248
99.7930,0.8428,3.619
99.7932,0.8486,3.6437
99.7934,0.8654,3.7158
99.7936,0.8496,3.6501
99.7938,0.8044,3.4575
99.7940,0.765,3.291
99.7942,0.7614,3.274
99.7944,0.8025,3.4492
99.7946,0.8345,3.5868
99.7948,0.8378,3.6008
99.7950,0.8432,3.6189
99.7952,0.8234,3.5406
99.7954,0.7755,3.3348
99.7956,0.7764,3.3369
99.7958,0.7753,3.3323
99.7960,0.7751,3.3359
99.7962,0.7179,3.0926
99.7964,0.6899,2.9695
99.7966,0.7308,3.1381
99.7968,0.7837,3.3699
99.7970,0.7264,3.1293
99.7972,0.6167,2.6579
99.7974,0.5651,2.4413
99.7976,0.4901,2.117
99.7978,0.4801,2.0721
99.7980,0.5216,2.248
99.7982,0.5366,2.3159
99.7984,0.5324,2.2945
99.7986,0.582,2.5085
99.7988,0.5355,2.3091
99.7990,0.5285,2.2801
99.7992,0.5305,2.2884
99.7994,0.5302,2.2884
99.7996,0.5248,2.2662
99.7998,0.5273,2.2728
99.8000,0.6008,2.5872
99.8002,0.5866,2.5293
99.8004,0.5386,2.3236
99.8006,0.5389,2.3235
99.8008,0.5279,2.2754
99.8010,0.5296,2.2848
99.8012,0.5269,2.2729
99.8014,0.5329,2.2966
99.8016,0.5872,2.5307
99.8018,0.6131,2.6436
99.8020,0.5439,2.3452
99.8022,0.5269,2.2708
99.8024,0.5289,2.2796
99.8026,0.526,2.2682
99.8028,0.5277,2.2776
99.8030,0.5271,2.2729
99.8032,0.535,2.3038
99.8034,0.6407,2.7561
99.8036,0.6935,2.9891
99.8038,0.5631,2.4257
99.8040,0.5291,2.2795
99.8042,0.568,2.4503
99.8044,0.5377,2.3216
99.8046,0.524,2.2605
99.8048,0.5225,2.2532
99.8050,0.5241,2.2599
99.8052,0.5236,2.2589
99.8054,0.5381,2.3183
99.8056,0.5447,2.3456
99.8058,0.6162,2.6533
99.8060,0.6344,2.7331
99.8062,0.5592,2.4114
99.8064,0.5465,2.3566
99.8066,0.5848,2.5157
99.8068,0.6213,2.6792
99.8070,0.5505,2.3737
99.8072,0.5604,2.411
99.8074,0.6748,2.9004
99.8076,0.7317,3.1461
99.8078,0.7321,3.1453
99.8080,0.7877,3.3885
99.8082,0.6914,2.9743
99.8084,0.6787,2.9223
99.8086,0.6568,2.8231
99.8088,0.6764,2.9071
99.8090,0.7253,3.1145
99.8092,0.7966,3.4256
99.8094,0.7633,3.2792
99.8096,0.7516,3.2317
99.8098,0.7169,3.0813
99.8100,0.7923,3.3991
99.8102,0.8037,3.456
99.8104,0.705,3.0345
99.8106,0.6952,2.9894
99.8108,0.7107,3.0602
99.8110,0.6487,2.7919
99.8112,0.6646,2.8606
99.8114,0.6787,2.921
99.8116,0.6678,2.874
99.8118,0.6333,2.7272
99.8120,0.6055,2.6086
99.8122,0.5957,2.5686
99.8124,0.6007,2.5867
99.8126,0.6313,2.7158
99.8128,0.6729,2.8975
99.8130,0.6873,2.9609
99.8132,0.6516,2.8017
99.8134,0.6925,2.9775
99.8136,0.7475,3.2142
99.8138,0.704,3.0299
99.8140,0.606,2.6131
99.8142,0.5447,2.3434
99.8144,0.62,2.6723
99.8146,0.5478,2.3634
99.8148,0.5016,2.1647
99.8150,0.5134,2.2129
99.8152,0.5369,2.3163
99.8154,0.4486,1.9351
99.8156,0.4182,1.8051
99.8158,0.413,1.7806
99.8160,0.4974,2.1466
99.8162,0.4916,2.1188
99.8164,0.5395,2.325
99.8166,0.5294,2.2806
99.8168,0.5941,2.5559
99.8170,0.6561,2.8213
99.8172,0.6457,2.7752
99.8174,0.6859,2.9492
99.8176,0.708,3.0446
99.8178,0.7501,3.2255
99.8180,0.7277,3.1248
99.8182,0.7668,3.2941
99.8184,0.8188,3.5111
99.8186,0.85,3.6499
99.8188,0.867,3.7196
99.8190,0.8751,3.754
99.8192,0.8752,3.7528
99.8194,0.9158,3.9289
99.8196,0.9037,3.8788
99.8198,0.8971,3.8451
99.8200,0.9487,4.068
99.8202,0.9116,3.9091
99.8204,0.879,3.7675
99.8206,0.8775,3.7696
99.8208,0.8263,3.548
99.8210,0.8962,3.8392
99.8212,0.9556,4.0997
99.8214,0.9203,3.948
99.8216,0.8965,3.8461
99.8218,0.9044,3.8819
99.8220,0.8866,3.8034
99.8222,0.8813,3.779
99.8224,0.8844,3.7977
99.8226,0.8711,3.7405
99.8228,0.8578,3.68
99.8230,0.879,3.7728
99.8232,0.8583,3.6855
99.8234,0.8621,3.7054
99.8236,0.8429,3.6162
99.8238,0.9101,3.9024
99.8240,0.8711,3.7405
99.8242,0.8676,3.7291
99.8244,0.8703,3.7317
99.8246,0.8915,3.8299
99.8248,0.8169,3.5127
99.8250,0.6992,3.0106
99.8252,0.6471,2.7852
99.8254,0.679,2.9239
99.8256,0.7023,3.024
99.8258,0.7466,3.2061
99.8260,0.8209,3.5232
99.8262,0.8314,3.5734
99.8264,0.7282,3.1341
99.8266,0.7053,3.0327
99.8268,0.7542,3.2431
99.8270,0.7614,3.2755
99.8272,0.7428,3.1956
99.8274,0.7441,3.2027
99.8276,0.6908,2.9717
99.8278,0.6891,2.9672
99.8280,0.6775,2.9199
99.8282,0.6157,2.6476
99.8284,0.6691,2.881
99.8286,0.5958,2.5703
99.8288,0.5957,2.5662
99.8290,0.6537,2.8175
99.8292,0.6118,2.6354
99.8294,0.5889,2.5391
99.8296,0.6109,2.6306
99.8298,0.5903,2.5418
99.8300,0.6422,2.7641
99.8302,0.6082,2.6224
99.8304,0.544,2.349
99.8306,0.5488,2.3653
99.8308,0.6134,2.6439
99.8310,0.5874,2.5329
99.8312,0.5947,2.5609
99.8314,0.6697,2.8796
99.8316,0.7415,3.1884
99.8318,0.7017,3.0243
99.8320,0.6031,2.5995
99.8322,0.6187,2.6666
99.8324,0.5891,2.539
99.8326,0.6022,2.5929
99.8328,0.668,2.8737
99.8330,0.6934,2.9817
99.8332,0.7494,3.2209
99.8334,0.8156,3.5005
99.8336,0.7903,3.403
99.8338,0.7107,3.0559
99.8340,0.7707,3.3158
99.8342,0.7716,3.3209
99.8344,0.7174,3.0862
99.8346,0.7592,3.2586
99.8348,0.8053,3.4579
99.8350,0.7228,3.1167
99.8352,0.5231,2.2568
99.8354,0.5591,2.412
99.8356,0.5849,2.5209
99.8358,0.5704,2.4561
99.8360,0.5524,2.3831
99.8362,0.5084,2.1942
99.8364,0.5067,2.184
99.8366,0.5536,2.3871
99.8368,0.5613,2.4236
99.8370,0.4942,2.1342
99.8372,0.4621,1.9954
99.8374,0.4616,1.9933
99.8376,0.4558,1.9671
99.8378,0.4559,1.9657
99.8380,0.455,1.9639
99.8382,0.446,1.9242
99.8384,0.446,1.9251
99.8386,0.4418,1.9088
99.8388,0.4481,1.9348
99.8390,0.4703,2.0269
99.8392,0.4883,2.1083
99.8394,0.4532,1.9571
99.8396,0.4476,1.9319
99.8398,0.447,1.9284
99.8400,0.4481,1.933
99.8402,0.4489,1.9376
99.8404,0.4574,1.9752
99.8406,0.526,2.2661
99.8408,0.5847,2.514
99.8410,0.658,2.8322
99.8412,0.6806,2.9306
99.8414,0.6339,2.7259
99.8416,0.6568,2.8231
99.8418,0.7158,3.0838
99.8420,0.6126,2.6378
99.8422,0.5866,2.527
99.8424,0.6089,2.6243
99.8426,0.596,2.5618
99.8428,0.6939,2.9823
99.8430,0.7302,3.14
99.8432,0.7353,3.1557
99.8434,0.8264,3.5468
99.8436,0.7884,3.3916
99.8438,0.6974,3.0029
99.8440,0.6061,2.6099
99.8442,0.5814,2.5082
99.8444,0.5149,2.2212
99.8446,0.4872,2.0997
99.8448,0.4922,2.1224
99.8450,0.5484,2.3649
99.8452,0.4916,2.1198
99.8454,0.4881,2.1058
99.8456,0.4896,2.112
99.8458,0.4805,2.0737
99.8460,0.4797,2.0706
99.8462,0.5055,2.1788
99.8464,0.4989,2.1514
99.8466,0.5628,2.4247
99.8468,0.5333,2.3019
99.8470,0.4206,1.8171
99.8472,0.409,1.766
99.8474,0.4115,1.7769
99.8476,0.4053,1.7508
99.8478,0.4004,1.7288
99.8480,0.403,1.7402
99.8482,0.3971,1.7124
99.8484,0.4254,1.8361
99.8486,0.3773,1.6294
99.8488,0.3803,1.6423
99.8490,0.4182,1.8051
99.8492,0.4765,2.0547
99.8494,0.4683,2.0223
99.8496,0.4613,1.989
99.8498,0.5201,2.2418
99.8500,0.5472,2.3564
99.8502,0.6243,2.6847
99.8504,0.653,2.8079
99.8506,0.6637,2.8498
99.8508,0.755,3.2421
99.8510,0.7428,3.1911
99.8512,0.7849,3.3672
99.8514,0.8825,3.7806
99.8516,0.8862,3.8001
99.8518,0.8785,3.7654
99.8520,0.9275,3.9696
99.8522,0.9698,4.1565
99.8524,0.9865,4.224
99.8526,0.9843,4.2148
99.8528,0.9536,4.0833
99.8530,0.9937,4.2528
99.8532,1.0178,4.3601
99.8534,0.861,3.7025
99.8536,0.7946,3.4089
99.8538,0.9681,4.1396
99.8540,1.1022,4.7107
99.8542,1.0898,4.6666
99.8544,1.024,4.3868
99.8546,0.9996,4.2805
99.8548,1.0446,4.4751
99.8550,0.9763,4.1882
99.8552,0.9224,3.9517
99.8554,0.9806,4.2087
99.8556,0.8849,3.8015
99.8558,0.8154,3.5011
99.8560,0.8156,3.4989
99.8562,0.883,3.7933
99.8564,0.8643,3.706
99.8566,0.8843,3.7936
99.8568,0.9044,3.8819
99.8570,0.9281,3.9795
99.8572,0.9823,4.21
99.8574,0.9513,4.0812
99.8576,0.9266,3.9715
99.8578,0.9773,4.1889
99.8580,0.9644,4.1334
99.8582,0.9576,4.1137
99.8584,0.8258,3.5509
99.8586,0.8037,3.4544
99.8588,0.8108,3.4832
99.8590,0.8205,3.5233
99.8592,0.8409,3.6108
99.8594,0.8018,3.4446
99.8596,0.7869,3.3807
99.8598,0.7933,3.4127
99.8600,0.8073,3.4699
99.8602,0.8548,3.6774
99.8604,0.7253,3.1232
99.8606,0.6571,2.8307
99.8608,0.6643,2.8604
99.8610,0.6734,2.8956
99.8612,0.736,3.1647
99.8614,0.7602,3.2734
99.8616,0.6789,2.9247
99.8618,0.6921,2.9774
99.8620,0.7512,3.2287
99.8622,0.7519,3.2303
99.8624,0.7837,3.3683
99.8626,0.8089,3.4749
99.8628,0.8348,3.5879
99.8630,0.761,3.277
99.8632,0.6871,2.9612
99.8634,0.6602,2.8428
99.8636,0.6579,2.833
99.8638,0.6254,2.6968
99.8640,0.5766,2.4876
99.8642,0.5619,2.4228
99.8644,0.5574,2.4026
99.8646,0.5723,2.4689
99.8648,0.5847,2.5199
99.8650,0.6058,2.6145
99.8652,0.5096,2.1994
99.8654,0.4813,2.0792
99.8656,0.4812,2.0787
99.8658,0.4814,2.0768
99.8660,0.51,2.1969
99.8662,0.6264,2.6997
99.8664,0.607,2.6196
99.8666,0.547,2.3587
99.8668,0.5407,2.3324
99.8670,0.5395,2.3272
99.8672,0.5303,2.2879
99.8674,0.5324,2.2945
99.8676,0.5825,2.5106
99.8678,0.5769,2.4874
99.8680,0.5505,2.3748
99.8682,0.5302,2.2874
99.8684,0.5373,2.3179
99.8686,0.538,2.3188
99.8688,0.5356,2.3074
99.8690,0.5655,2.4372
99.8692,0.5218,2.2491
99.8694,0.5499,2.3711
99.8696,0.5327,2.2961
99.8698,0.5566,2.3989
99.8700,0.5934,2.5564
99.8702,0.6345,2.731
99.8704,0.6559,2.8229
99.8706,0.6531,2.8136
99.8708,0.656,2.8234
99.8710,0.6835,2.9348
99.8712,0.7937,3.4095
99.8714,0.8026,3.4498
99.8716,0.7656,3.2921
99.8718,0.732,3.1506
99.8720,0.6408,2.7604
99.8722,0.6319,2.721
99.8724,0.679,2.9171
99.8726,0.7411,3.1809
99.8728,0.779,3.3482
99.8730,0.7695,3.3106
99.8732,0.7818,3.3585
99.8734,0.7728,3.3214
99.8736,0.7501,3.224
99.8738,0.7544,3.2441
99.8740,0.7261,3.1195
99.8742,0.7524,3.2398
99.8744,0.666,2.8649
99.8746,0.6608,2.8414
99.8748,0.7518,3.2298
99.8750,0.8109,3.4886
99.8752,0.7355,3.1626
99.8754,0.7596,3.2648
99.8756,0.7411,3.1869
99.8758,0.7395,3.1782
99.8760,0.7741,3.324
99.8762,0.7836,3.3725
99.8764,0.6942,2.9936
99.8766,0.6185,2.6656
99.8768,0.6222,2.6766
99.8770,0.6855,2.9476
99.8772,0.6854,2.9526
99.8774,0.6076,2.6186
99.8776,0.5875,2.5311
99.8778,0.6022,2.5941
99.8780,0.5935,2.5581
99.8782,0.5842,2.5166
99.8784,0.6555,2.824
99.8786,0.6408,2.7592
99.8788,0.694,2.9842
99.8790,0.6956,2.9937
99.8792,0.6436,2.7677
99.8794,0.671,2.892
99.8796,0.4958,2.1419
99.8798,0.4174,1.8031
99.8800,0.4119,1.7768
99.8802,0.459,1.9829
99.8804,0.3981,1.7197
99.8806,0.3905,1.6871
99.8808,0.3903,1.6868
99.8810,0.3839,1.6586
99.8812,0.3884,1.6785
99.8814,0.39,1.6858
99.8816,0.3896,1.6829
99.8818,0.3957,1.7086
99.8820,0.3975,1.7155
99.8822,0.4205,1.8141
99.8824,0.4753,2.0495
99.8826,0.5447,2.3456
99.8828,0.6116,2.63
99.8830,0.6302,2.7162
99.8832,0.6296,2.7074
99.8834,0.7137,3.0659
99.8836,0.7277,3.1277
99.8838,0.7486,3.2158
99.8840,0.7357,3.1593
99.8842,0.7837,3.3636
99.8844,0.8167,3.5117
99.8846,0.7223,3.1016
99.8848,0.8278,3.5481
99.8850,0.9138,3.9202
99.8852,0.9293,3.9847
99.8854,0.9664,4.1363
99.8856,0.9877,4.2331
99.8858,0.9921,4.2501
99.8860,0.9853,4.2208
99.8862,0.9857,4.2288
99.8864,0.9962,4.2616
99.8866,1.0903,4.6665
99.8868,1.0367,4.4391
99.8870,1.0182,4.356
99.8872,1.0592,4.5357
99.8874,1.0179,4.3626
99.8876,0.9208,3.9482
99.8878,0.9032,3.8785
99.8880,0.8983,3.8556
99.8882,0.8947,3.8402
99.8884,0.8841,3.7926
99.8886,0.8839,3.7956
99.8888,0.8652,3.7136
99.8890,0.8875,3.8075
99.8892,0.8602,3.6954
99.8894,0.7711,3.3204
99.8896,0.7249,3.1187
99.8898,0.7729,3.3235
99.8900,0.7769,3.339
99.8902,0.7914,3.3982
99.8904,0.856,3.674
99.8906,0.8986,3.8584
99.8908,0.8392,3.6036
99.8910,0.86,3.6961
99.8912,0.8185,3.5162
99.8914,0.8705,3.738
99.8916,0.8594,3.6918
99.8918,0.8163,3.5118
99.8920,0.7494,3.2239
99.8922,0.7553,3.2477
99.8924,0.7856,3.3782
99.8926,0.7578,3.2616
99.8928,0.7031,3.0276
99.8930,0.7303,3.1419
99.8932,0.7291,3.1339
99.8934,0.7674,3.2982
99.8936,0.7785,3.3477
99.8938,0.7927,3.4117
99.8940,0.7277,3.1335
99.8942,0.6981,3.0018
99.8944,0.7866,3.3807
99.8946,0.8488,3.6482
99.8948,0.807,3.4715
99.8950,0.7456,3.203
99.8952,0.7613,3.2765
99.8954,0.75,3.2295
99.8956,0.7061,3.0391
99.8958,0.7096,3.0541
99.8960,0.7337,3.1608
99.8962,0.6953,2.9969
99.8964,0.5796,2.504
99.8966,0.4721,2.0412
99.8968,0.4148,1.7917
99.8970,0.4107,1.7758
99.8972,0.4411,1.9057
99.8974,0.4643,2.0047
99.8976,0.4585,1.9799
99.8978,0.459,1.9838
99.8980,0.4576,1.9766
99.8982,0.4568,1.9726
99.8984,0.456,1.969
99.8986,0.4468,1.9291
99.8988,0.4438,1.9171
99.8990,0.4441,1.9186
99.8992,0.4528,1.955
99.8994,0.5032,2.171
99.8996,0.5321,2.2956
99.8998,0.4743,2.0492
99.9000,0.4552,1.9654
99.9002,0.447,1.9284
99.9004,0.4513,1.947
99.9006,0.4884,2.1078
99.9008,0.488,2.1092
99.9010,0.4492,1.9395
99.9012,0.4489,1.9385
99.9014,0.4478,1.9338
99.9016,0.4484,1.9373
99.9018,0.4495,1.9392
99.9020,0.4463,1.9253
99.9022,0.445,1.9196
99.9024,0.447,1.9293
99.9026,0.4454,1.9243
99.9028,0.4452,1.9215
99.9030,0.4441,1.916
99.9032,0.4436,1.9139
99.9034,0.4495,1.9392
99.9036,0.4958,2.1359
99.9038,0.5378,2.3178
99.9040,0.4719,2.0369
99.9042,0.4463,1.9262
99.9044,0.4451,1.9201
99.9046,0.4469,1.9288
99.9048,0.459,1.9819
99.9050,0.4513,1.9479
99.9052,0.4444,1.917
99.9054,0.4512,1.9474
99.9056,0.4458,1.9241
99.9058,0.4447,1.9177
99.9060,0.4368,1.8862
99.9062,0.4377,1.8898
99.9064,0.4679,2.0165
99.9066,0.5374,2.3152
99.9068,0.597,2.5671
99.9070,0.6661,2.8654
99.9072,0.661,2.8425
99.9074,0.7055,3.0351
99.9076,0.6748,2.9004
99.9078,0.6564,2.8263
99.9080,0.5902,2.5425
99.9082,0.5794,2.4937
99.9084,0.6195,2.6653
99.9086,0.6632,2.8504
99.9088,0.7344,3.1551
99.9090,0.7655,3.2839
99.9092,0.7701,3.3116
99.9094,0.6698,2.8855
99.9096,0.6284,2.7047
99.9098,0.6613,2.8435
99.9100,0.6657,2.8626
99.9102,0.7377,3.1719
99.9104,0.7445,3.2043
99.9106,0.6101,2.6245
99.9108,0.5966,2.5692
99.9110,0.5992,2.5788
99.9112,0.6362,2.7383
99.9114,0.6484,2.7896
99.9116,0.6743,2.9024
99.9118,0.6556,2.8193
99.9120,0.6381,2.744
99.9122,0.6278,2.7047
99.9124,0.6144,2.6419
99.9126,0.6948,2.9851
99.9128,0.7115,3.0595
99.9130,0.6421,2.7661
99.9132,0.6131,2.6387
99.9134,0.6758,2.9032
99.9136,0.726,3.1219
99.9138,0.7024,3.0203
99.9140,0.6835,2.943
99.9142,0.5896,2.5411
99.9144,0.4874,2.1037
99.9146,0.4059,1.7526
99.9148,0.4085,1.7656
99.9150,0.3983,1.7208
99.9152,0.4,1.7264
99.9154,0.4122,1.7775
99.9156,0.4606,1.9859
99.9158,0.4921,2.118
99.9160,0.614,2.6428
99.9162,0.6409,2.7597
99.9164,0.6028,2.5931
99.9166,0.6386,2.7473
99.9168,0.6434,2.7654
99.9170,0.709,3.0473
99.9172,0.7508,3.2211
99.9174,0.8217,3.5235
99.9176,0.771,3.3106
99.9178,0.7829,3.36
99.9180,0.8687,3.7233
99.9182,0.9181,3.9332
99.9184,0.9095,3.8998
99.9186,0.9375,4.0127
99.9188,1.0024,4.2943
99.9190,0.9925,4.2497
99.9192,0.9471,4.0537
99.9194,1.0034,4.2944
99.9196,1.039,4.451
99.9198,1.0061,4.3102
99.9200,1.0107,4.3277
99.9202,1.0309,4.4124
99.9204,1.0421,4.4581
99.9206,0.9706,4.1659
99.9208,0.8487,3.6443
99.9210,0.8263,3.548
99.9212,0.8267,3.5517
99.9214,0.816,3.507
99.9216,0.8156,3.5038
99.9218,0.8094,3.4754
99.9220,0.8146,3.498
99.9222,0.7969,3.4282
99.9224,0.7799,3.3518
99.9226,0.7899,3.3951
99.9228,0.826,3.547
99.9230,0.8833,3.786
99.9232,0.956,4.0955
99.9234,0.9312,3.9948
99.9236,0.8494,3.6507
99.9238,0.8155,3.5065
99.9240,0.7942,3.4153
99.9242,0.7781,3.3457
99.9244,0.7672,3.3018
99.9246,0.7127,3.0647
99.9248,0.7453,3.2019
99.9250,0.7553,3.2477
99.9252,0.7567,3.2509
99.9254,0.8242,3.5425
99.9256,0.8184,3.5156
99.9258,0.8254,3.5427
99.9260,0.8433,3.6245
99.9262,0.838,3.6001
99.9264,0.8341,3.5814
99.9266,0.82,3.5261
99.9268,0.7293,3.1402
99.9270,0.6849,2.9464
99.9272,0.7763,3.3348
99.9274,0.8237,3.5421
99.9276,0.8008,3.4404
99.9278,0.816,3.5102
99.9280,0.7191,3.0978
99.9282,0.6814,2.9328
99.9284,0.7122,3.0598
99.9286,0.7073,3.0443
99.9288,0.701,3.0184
99.9290,0.6998,3.0118
99.9292,0.7393,3.1806
99.9294,0.686,2.9593
99.9296,0.538,2.3188
99.9298,0.605,2.6077
99.9300,0.6407,2.7574
99.9302,0.6536,2.8131
99.9304,0.6542,2.817
99.9306,0.6559,2.8268
99.9308,0.6781,2.9184
99.9310,0.6502,2.7987
99.9312,0.6817,2.9339
99.9314,0.7192,3.0925
99.9316,0.7227,3.1104
99.9318,0.7186,3.0942
99.9320,0.6606,2.8444
99.9322,0.6386,2.7473
99.9324,0.7586,3.2621
99.9326,0.7953,3.4215
99.9328,0.7077,3.0416
99.9330,0.7608,3.2699
99.9332,0.7873,3.3869
99.9334,0.7401,3.1822
99.9336,0.7219,3.1087
99.9338,0.63,2.7165
99.9340,0.5423,2.3385
99.9342,0.5373,2.319
99.9344,0.5359,2.3117
99.9346,0.5502,2.3716
99.9348,0.5413,2.3339
99.9350,0.535,2.3081
99.9352,0.5362,2.3122
99.9354,0.5379,2.3205
99.9356,0.5411,2.329
99.9358,0.6772,2.9148
99.9360,0.6825,2.9388
99.9362,0.5874,2.5329
99.9364,0.557,2.3994
99.9366,0.6095,2.6256
99.9368,0.5767,2.4892
99.9370,0.5343,2.306
99.9372,0.5324,2.2956
99.9374,0.5423,2.3374
99.9376,0.5408,2.3318
99.9378,0.5349,2.3086
99.9380,0.5342,2.3044
99.9382,0.5389,2.3225
99.9384,0.5379,2.3194
99.9386,0.5391,2.3256
99.9388,0.5344,2.3044
99.9390,0.5609,2.4131
99.9392,0.6752,2.9114
99.9394,0.5854,2.5206
99.9396,0.6513,2.8007
99.9398,0.6905,2.9707
99.9400,0.6814,2.9315
99.9402,0.7249,3.1187
99.9404,0.7397,3.1822
99.9406,0.7239,3.1126
99.9408,0.7078,3.045
99.9410,0.7257,3.1247
99.9412,0.6996,3.0085
99.9414,0.7308,3.1425
99.9416,0.7372,3.1699
99.9418,0.7456,3.2015
99.9420,0.8215,3.5323
99.9422,0.7444,3.1993
99.9424,0.7363,3.1677
99.9426,0.7077,3.043
99.9428,0.7295,3.1383
99.9430,0.6687,2.8768
99.9432,0.6751,2.9041
99.9434,0.7098,3.0566
99.9436,0.6624,2.8521
99.9438,0.6608,2.8454
99.9440,0.6362,2.7434
99.9442,0.6024,2.5988
99.9444,0.5287,2.2796
99.9446,0.4921,2.1248
99.9448,0.4761,2.056
99.9450,0.4568,1.9699
99.9452,0.4795,2.0666
99.9454,0.5175,2.2367
99.9456,0.4236,1.8258
99.9458,0.5514,2.3767
99.9460,0.5452,2.3553
99.9462,0.4199,1.814
99.9464,0.3965,1.7138
99.9466,0.4102,1.7696
99.9468,0.4271,1.8417
99.9470,0.4999,2.1585
99.9472,0.4342,1.8765
99.9474,0.3993,1.7249
99.9476,0.4185,1.8061
99.9478,0.4219,1.8228
99.9480,0.4109,1.7743
99.9482,0.4176,1.8025
99.9484,0.4038,1.7438
99.9486,0.4108,1.7722
99.9488,0.46,1.9824
99.9490,0.5309,2.2841
99.9492,0.6693,2.8861
99.9494,0.5526,2.3819
99.9496,0.5379,2.3119
99.9498,0.7008,3.0108
99.9500,0.7865,3.3723
99.9502,0.8584,3.6791
99.9504,0.883,3.7862
99.9506,0.8803,3.7767
99.9508,0.9179,3.934
99.9510,0.9642,4.1304
99.9512,0.9945,4.2584
99.9514,1.0698,4.5766
99.9516,1.0959,4.684
99.9518,1.0943,4.679
99.9520,1.1064,4.7264
99.9522,1.1374,4.8613
99.9524,1.1279,4.8276
99.9526,1.1263,4.8182
99.9528,1.0693,4.5724
99.9530,1.0952,4.6853
99.9532,1.0896,4.6612
99.9534,1.1083,4.739
99.9536,1.139,4.8703
99.9538,1.0934,4.6929
99.9540,0.9246,3.9683
99.9542,0.9307,3.9927
99.9544,0.9245,3.9678
99.9546,0.921,3.951
99.9548,0.8831,3.7903
99.9550,0.8658,3.7144
99.9552,0.9433,4.0448
99.9554,0.9487,4.0737
99.9556,0.955,4.0971
99.9558,0.9949,4.26
99.9560,1.0716,4.5843
99.9562,1.1052,4.7345
99.9564,1.0668,4.5787
99.9566,0.877,3.7675
99.9568,0.9056,3.8906
99.9570,0.8592,3.6896
99.9572,0.9102,3.9084
99.9574,0.8086,3.4788
99.9576,0.786,3.3828
99.9578,0.7897,3.3957
99.9580,0.7637,3.2884
99.9582,0.6951,2.9931
99.9584,0.6844,2.9485
99.9586,0.7127,3.0661
99.9588,0.7725,3.322
99.9590,0.7847,3.3725
99.9592,0.8127,3.4963
99.9594,0.7723,3.3225
99.9596,0.7475,3.2142
99.9598,0.7197,3.1018
99.9600,0.6558,2.8263
99.9602,0.703,3.0271
99.9604,0.6877,2.961
99.9606,0.6994,3.0116
99.9608,0.7191,3.092
99.9610,0.7769,3.3374
99.9612,0.8218,3.5306
99.9614,0.7787,3.3545
99.9616,0.6951,2.9944
99.9618,0.7054,3.0346
99.9620,0.7613,3.2781
99.9622,0.7017,3.0257
99.9624,0.6499,2.801
99.9626,0.6164,2.663
99.9628,0.4488,1.9406
99.9630,0.4048,1.7504
99.9632,0.4154,1.7935
99.9634,0.456,1.9726
99.9636,0.4481,1.9375
99.9638,0.4445,1.9193
99.9640,0.447,1.9311
99.9642,0.4468,1.93
99.9644,0.4506,1.9448
99.9646,0.4586,1.9804
99.9648,0.4446,1.9198
99.9650,0.4453,1.9247
99.9652,0.4506,1.9457
99.9654,0.4468,1.9291
99.9656,0.4464,1.9276
99.9658,0.4465,1.9299
99.9660,0.449,1.9399
99.9662,0.4537,1.9592
99.9664,0.4478,1.9338
99.9666,0.4454,1.9225
99.9668,0.4781,2.0633
99.9670,0.4951,2.1388
99.9672,0.5308,2.2868
99.9674,0.5215,2.2496
99.9676,0.4712,2.0348
99.9678,0.4783,2.0615
99.9680,0.4869,2.1016
99.9682,0.4845,2.0922
99.9684,0.4571,1.9727
99.9686,0.442,1.9084
99.9688,0.4478,1.9329
99.9690,0.4535,1.9572
99.9692,0.4763,2.0546
99.9694,0.4553,1.965
99.9696,0.4778,2.0585
99.9698,0.6008,2.5872
99.9700,0.6002,2.581
99.9702,0.6748,2.9058
99.9704,0.621,2.6752
99.9706,0.6038,2.5989
99.9708,0.6229,2.681
99.9710,0.6318,2.7192
99.9712,0.6535,2.8126
99.9714,0.61,2.6265
99.9716,0.5699,2.4517
99.9718,0.641,2.7628
99.9720,0.6164,2.6568
99.9722,0.5809,2.5027
99.9724,0.5886,2.5346
99.9726,0.6387,2.7478
99.9728,0.6747,2.9039
99.9730,0.6442,2.7716
99.9732,0.6914,2.9729
99.9734,0.7308,3.1425
99.9736,0.7619,3.273
99.9738,0.774,3.3266
99.9740,0.7338,3.1584
99.9742,0.7367,3.1634
99.9744,0.783,3.3637
99.9746,0.7568,3.2484
99.9748,0.7399,3.1847
99.9750,0.6825,2.9361
99.9752,0.7302,3.1385
99.9754,0.7471,3.2126
99.9756,0.7279,3.1302
99.9758,0.7284,3.1351
99.9760,0.6245,2.6889
99.9762,0.596,2.5678
99.9764,0.5917,2.5504
99.9766,0.5701,2.4551
99.9768,0.5651,2.4356
99.9770,0.5183,2.2382
99.9772,0.4734,2.0422
99.9774,0.5116,2.2041
99.9776,0.5462,2.3551
99.9778,0.4993,2.1529
99.9780,0.4745,2.0468
99.9782,0.4501,1.9409
99.9784,0.5102,2.1989
99.9786,0.4758,2.0563
99.9788,0.4506,1.9439
99.9790,0.4884,2.1078
99.9792,0.4139,1.7864
99.9794,0.4138,1.7876
99.9796,0.3905,1.6863
99.9798,0.3833,1.6552
99.9800,0.3883,1.6757
99.9802,0.4546,1.961
99.9804,0.5071,2.1855
99.9806,0.4763,2.0575
99.9808,0.3977,1.7182
99.9810,0.3977,1.7174
99.9812,0.3974,1.715
99.9814,0.3938,1.6995
99.9816,0.3906,1.686
99.9818,0.4176,1.8008
99.9820,0.4704,2.0283
99.9822,0.5757,2.4754
99.9824,0.6621,2.8497
99.9826,0.6146,2.6429
99.9828,0.6697,2.8809
99.9830,0.6917,2.9744
99.9832,0.705,3.0274
99.9834,0.7498,3.215
99.9836,0.8414,3.6112
99.9838,0.8466,3.6355
99.9840,0.7795,3.3487
99.9842,0.8108,3.4783
99.9844,0.8607,3.6871
99.9846,0.8871,3.8037
99.9848,0.8854,3.7947
99.9850,0.9168,3.9239
99.9852,0.9667,4.1374
99.9854,0.9838,4.2147
99.9856,0.9369,4.0157
99.9858,0.9813,4.2
99.9860,1.0624,4.5448
99.9862,1.0613,4.5402
99.9864,1.0682,4.5784
99.9866,0.9453,4.0536
99.9868,0.9472,4.0599
99.9870,0.9678,4.1536
99.9872,0.8697,3.7361
99.9874,0.812,3.4851
99.9876,0.8255,3.5399
99.9878,0.8722,3.7452
99.9880,0.8445,3.6262
99.9882,0.8356,3.5881
99.9884,0.838,3.5968
99.9886,0.7827,3.3642
99.9888,0.8531,3.6599
99.9890,0.9445,4.05
99.9892,0.9452,4.0531
99.9894,0.9032,3.8713
99.9896,0.9062,3.8878
99.9898,0.9055,3.8865
99.9900,0.8904,3.827
99.9902,0.8781,3.7669
99.9904,0.9036,3.8765
99.9906,0.8963,3.8415
99.9908,0.9197,3.9472
99.9910,0.8896,3.8198
99.9912,0.865,3.7126
99.9914,0.8592,3.693
99.9916,0.8483,3.6461
99.9918,0.798,3.4297
99.9920,0.7832,3.3647
99.9922,0.8224,3.5332
99.9924,0.8447,3.6256
99.9926,0.8167,3.5101
99.9928,0.7646,3.2895
99.9930,0.7759,3.3317
99.9932,0.8215,3.529
99.9934,0.8377,3.6002
99.9936,0.847,3.6371
99.9938,0.8477,3.6435
99.9940,0.7851,3.3761
99.9942,0.8024,3.4471
99.9944,0.7867,3.3844
99.9946,0.7548,3.2487
99.9948,0.7464,3.2066
99.9950,0.8169,3.5144
99.9952,0.7398,3.1856
99.9954,0.7048,3.0292
99.9956,0.7532,3.2465
99.9958,0.5994,2.5834
99.9960,0.5784,2.4953
99.9962,0.5751,2.4797
99.9964,0.5848,2.5216
99.9966,0.5458,2.359
99.9968,0.4813,2.0782
99.9970,0.4835,2.0885
99.9972,0.4837,2.0857
99.9974,0.5333,2.2997
99.9976,0.5299,2.2848
99.9978,0.563,2.4275
99.9980,0.5486,2.3676
99.9982,0.5401,2.3287
99.9984,0.5416,2.3354
99.9986,0.5362,2.3122
99.9988,0.5688,2.4482
99.9990,0.6819,2.9335
99.9992,0.7231,3.1168
99.9994,0.5956,2.5681
99.9996,0.5422,2.3391
99.9998,0.5819,2.5103
100.0000,0.5474,2.3602
100.0002,0.5338,2.3029
100.0004,0.5313,2.292
100.0006,0.5433,2.3416
100.0008,0.6164,2.6581
100.0010,0.5712,2.462
100.0012,0.5457,2.353
100.0014,0.5444,2.3462
100.0016,0.57,2.458
100.0018,0.5348,2.3049
100.0020,0.5351,2.3032
100.0022,0.66,2.8391
100.0024,0.6868,2.9588
100.0026,0.5691,2.4515
100.0028,0.5278,2.276
100.0030,0.5266,2.2708
100.0032,0.5277,2.2765
100.0034,0.5237,2.2573
100.0036,0.5234,2.2579
100.0038,0.5213,2.2501
100.0040,0.5249,2.2636
100.0042,0.5272,2.2723
100.0044,0.5339,2.3013
100.0046,0.5211,2.247
100.0048,0.5231,2.2568
100.0050,0.5263,2.2682
100.0052,0.5267,2.2703
100.0054,0.5368,2.3104
100.0056,0.6558,2.8171
100.0058,0.7492,3.2244
100.0060,0.6707,2.8882
100.0062,0.6468,2.7824
100.0064,0.6401,2.7535
100.0066,0.7301,3.138
100.0068,0.7684,3.3039
100.0070,0.7421,3.1895
100.0072,0.7553,3.2492
100.0074,0.6827,2.9385
100.0076,0.7204,3.0919
100.0078,0.789,3.3863
100.0080,0.8535,3.6683
100.0082,0.7812,3.3575
100.0084,0.7327,3.1552
100.0086,0.6631,2.8552
100.0088,0.6922,2.9737
100.0090,0.7385,3.1755
100.0092,0.6935,2.985
100.0094,0.6841,2.9428
100.0096,0.6588,2.834
100.0098,0.6791,2.9217
100.0100,0.6748,2.9044
100.0102,0.6682,2.8761
100.0104,0.7143,3.0728
100.0106,0.7378,3.1695
100.0108,0.7499,3.223
100.0110,0.7639,3.2864
100.0112,0.7243,3.1161
100.0114,0.6789,2.9166
100.0116,0.7234,3.112
100.0118,0.6682,2.8747
100.0120,0.719,3.09
100.0122,0.7565,3.2498
100.0124,0.6788,2.9256
100.0126,0.5901,2.5419
100.0128,0.6058,2.6048
100.0130,0.6681,2.8782
100.0132,0.6601,2.841
100.0134,0.7234,3.1062
100.0136,0.8193,3.5181
100.0138,0.8297,3.5646
100.0140,0.6972,3.001
100.0142,0.677,2.9137
100.0144,0.6036,2.6088
100.0146,0.4148,1.7926
100.0148,0.4049,1.7493
100.0150,0.403,1.741
100.0152,0.4282,1.8497
100.0154,0.4701,2.0273
100.0156,0.5107,2.201
100.0158,0.535,2.3081
100.0160,0.5049,2.1772
100.0162,0.5683,2.4416
100.0164,0.7035,3.0236
100.0166,0.7442,3.2018
100.0168,0.7197,3.0903
100.0170,0.7687,3.3008
100.0172,0.7932,3.4027
100.0174,0.8709,3.7308
100.0176,0.9326,3.9916
100.0178,0.9866,4.2265
100.0180,0.9735,4.1744
100.0182,0.9522,4.0829
100.0184,0.9516,4.0765
100.0186,0.974,4.1726
100.0188,0.9797,4.2011
100.0190,0.9616,4.1235
100.0192,0.9739,4.1623
100.0194,1.1194,4.7889
100.0196,1.1097,4.7585
100.0198,1.013,4.3395
100.0200,1.0349,4.4294
100.0202,1.069,4.5837
100.0204,0.912,3.9125
100.0206,0.9128,3.9215
100.0208,0.8903,3.8211
100.0210,0.9142,3.9236
100.0212,0.9731,4.1729
100.0214,0.9537,4.0934
100.0216,0.9017,3.8682
100.0218,0.9339,4.0047
100.0220,0.8879,3.8108
100.0222,0.8482,3.6439
100.0224,0.8413,3.614
100.0226,0.7986,3.4354
100.0228,0.7186,3.0914
100.0230,0.7018,3.0192
100.0232,0.7012,3.018
100.0234,0.6869,2.9552
100.0236,0.7327,3.1478
100.0238,0.7877,3.3838
100.0240,0.7736,3.3312
100.0242,0.7685,3.306
100.0244,0.7621,3.2817
100.0246,0.7187,3.0905
100.0248,0.7694,3.3101
100.0250,0.7313,3.1504
100.0252,0.6823,2.9378
100.0254,0.6954,2.9904
100.0256,0.7155,3.0808
100.0258,0.6959,2.9981
100.0260,0.7071,3.0419
100.0262,0.7496,3.2235
100.0264,0.7264,3.1249
100.0266,0.6868,2.9588
100.0268,0.6826,2.938
100.0270,0.7466,3.2121
100.0272,0.685,2.9524
100.0274,0.5879,2.5362
100.0276,0.5698,2.4592
100.0278,0.5909,2.5456
100.0280,0.6711,2.8884
100.0282,0.7095,3.0536
100.0284,0.6921,2.9857
100.0286,0.5824,2.5089
100.0288,0.5794,2.4994
100.0290,0.5113,2.2056
100.0292,0.5341,2.3039
100.0294,0.5113,2.2046
100.0296,0.5633,2.429
100.0298,0.5814,2.5082
100.0300,0.5661,2.442
100.0302,0.5367,2.3132
100.0304,0.5411,2.3323
100.0306,0.5968,2.5733
100.0308,0.626,2.6969
100.0310,0.6327,2.7284
100.0312,0.5898,2.5409
100.0314,0.6279,2.7039
100.0316,0.6558,2.8224
100.0318,0.6511,2.8049
100.0320,0.6195,2.6665
100.0322,0.7056,3.0357
100.0324,0.6911,2.9774
100.0326,0.6375,2.7452
100.0328,0.6266,2.702
100.0330,0.5964,2.5693
100.0332,0.638,2.7511
100.0334,0.5618,2.42
100.0336,0.5548,2.3923
100.0338,0.5403,2.3308
100.0340,0.5486,2.3665
100.0342,0.5681,2.4508
100.0344,0.5667,2.4435
100.0346,0.5496,2.3712
100.0348,0.4788,2.0674
100.0350,0.4496,1.9416
100.0352,0.4452,1.9224
100.0354,0.4466,1.9268
100.0356,0.4474,1.9317
100.0358,0.4462,1.9265
100.0360,0.4526,1.9527
100.0362,0.5022,2.1663
100.0364,0.5118,2.2098
100.0366,0.4522,1.9533
100.0368,0.4498,1.9412
100.0370,0.4518,1.95
100.0372,0.4499,1.9426
100.0374,0.4451,1.9219
100.0376,0.4448,1.92
100.0378,0.4463,1.9262
100.0380,0.4476,1.9337
100.0382,0.4486,1.936
100.0384,0.4831,2.0831
100.0386,0.4861,2.096
100.0388,0.5296,2.2827
100.0390,0.576,2.4827
100.0392,0.5842,2.5178
100.0394,0.57,2.4557
100.0396,0.5813,2.5054
100.0398,0.6306,2.7153
100.0400,0.5843,2.516
100.0402,0.5701,2.4562
100.0404,0.5682,2.4491
100.0406,0.5963,2.564
100.0408,0.6384,2.7463
100.0410,0.6988,3.0063
100.0412,0.7001,3.0091
100.0414,0.7325,3.1454
100.0416,0.7529,3.2359
100.0418,0.6853,2.9493
100.0420,0.616,2.6523
100.0422,0.6584,2.8337
100.0424,0.6725,2.892
100.0426,0.6681,2.8782
100.0428,0.6288,2.7063
100.0430,0.6458,2.7796
100.0432,0.6152,2.6516
100.0434,0.5687,2.45
100.0436,0.5963,2.5652
100.0438,0.5789,2.4939
100.0440,0.5727,2.4682
100.0442,0.5743,2.4754
100.0444,0.5747,2.4758
100.0446,0.5555,2.3954
100.0448,0.5017,2.1633
100.0450,0.5097,2.1999
100.0452,0.4056,1.7507
100.0454,0.3895,1.6816
100.0456,0.3929,1.6974
100.0458,0.3959,1.7104
100.0460,0.398,1.7176
100.0462,0.3932,1.6977
100.0464,0.4228,1.823
100.0466,0.4507,1.9462
100.0468,0.4104,1.7731
100.0470,0.3856,1.6635
100.0472,0.398,1.7168
100.0474,0.3962,1.7106
100.0476,0.3928,1.6977
100.0478,0.3971,1.7148
100.0480,0.3824,1.6503
100.0482,0.3759,1.6224
100.0484,0.4379,1.8882
100.0486,0.4736,2.0413
100.0488,0.524,2.2531
100.0490,0.6002,2.5871
100.0492,0.5297,2.2758
100.0494,0.723,3.1003
100.0496,0.8303,3.5622
100.0498,0.8324,3.5692
100.0500,0.8483,3.641
100.0502,0.8332,3.5712
100.0504,0.8773,3.7585
100.0506,0.9092,3.8988
100.0508,0.8886,3.8122
100.0510,0.8489,3.6402
100.0512,0.8431,3.6184
100.0514,0.8817,3.7788
100.0516,0.9592,4.1075
100.0518,0.9807,4.2033
100.0520,0.9881,4.2272
100.0522,1.0138,4.3431
100.0524,0.9898,4.2324
100.0526,1.0714,4.5832
100.0528,1.0854,4.6454
100.0530,1.0709,4.579
100.0532,1.0769,4.6068
100.0534,1.0371,4.4469
100.0536,0.9269,3.9744
100.0538,0.9028,3.8729
100.0540,0.9118,3.906
100.0542,0.9692,4.154
100.0544,0.9536,4.091
100.0546,0.8706,3.7385
100.0548,0.8269,3.5506
100.0550,0.8285,3.5561
100.0552,0.8324,3.5709
100.0554,0.868,3.7237
100.0556,0.952,4.0862
100.0558,0.8706,3.7437
100.0560,0.7469,3.2101
100.0562,0.7811,3.357
100.0564,0.81,3.4747
100.0566,0.9079,3.8913
100.0568,0.9101,3.9061
100.0570,0.8824,3.7889
100.0572,0.8405,3.6126
100.0574,0.8144,3.497
100.0576,0.7868,3.3817
100.0578,0.7895,3.3947
100.0580,0.7836,3.3663
100.0582,0.757,3.2534
100.0584,0.7663,3.2951
100.0586,0.8174,3.5115
100.0588,0.8489,3.6436
100.0590,0.866,3.7201
100.0592,0.8589,3.6932
100.0594,0.7695,3.3106
100.0596,0.6995,3.008
100.0598,0.6908,2.9731
100.0600,0.6935,2.9863
100.0602,0.6878,2.9588
100.0604,0.7537,3.241
100.0606,0.815,3.5012
100.0608,0.7891,3.3931
100.0610,0.7814,3.3601
100.0612,0.7766,3.3395
100.0614,0.7776,3.3405
100.0616,0.758,3.2626
100.0618,0.6885,2.9605
100.0620,0.7478,3.2187
100.0622,0.719,3.0987
100.0624,0.6067,2.6162
100.0626,0.5209,2.2481
100.0628,0.4808,2.0762
100.0630,0.4797,2.0696
100.0632,0.5144,2.217
100.0634,0.5315,2.2941
100.0636,0.5271,2.276
100.0638,0.5269,2.2739
100.0640,0.5335,2.3003
100.0642,0.5345,2.306
100.0644,0.5241,2.261
100.0646,0.5264,2.2698
100.0648,0.5257,2.2667
100.0650,0.5291,2.2838
100.0652,0.5448,2.3505
100.0654,0.6002,2.5774
100.0656,0.7131,3.0748
100.0658,0.56,2.4145
100.0660,0.5754,2.4801
100.0662,0.5397,2.3272
100.0664,0.5225,2.2543
100.0666,0.5301,2.2868
100.0668,0.5518,2.3783
100.0670,0.5499,2.3744
100.0672,0.5193,2.2403
100.0674,0.5336,2.2997
100.0676,0.5507,2.3747
100.0678,0.5469,2.3582
100.0680,0.5291,2.2795
100.0682,0.521,2.2475
100.0684,0.5199,2.2387
100.0686,0.6007,2.5867
100.0688,0.6038,2.5989
100.0690,0.608,2.6219
100.0692,0.5614,2.4162
100.0694,0.6627,2.8483
100.0696,0.7103,3.0544
100.0698,0.6829,2.939
100.0700,0.6808,2.9289
100.0702,0.6868,2.9533
100.0704,0.7415,3.1914
100.0706,0.7271,3.1222
100.0708,0.7399,3.1862
100.0710,0.6357,2.7388
100.0712,0.6125,2.6385
100.0714,0.6383,2.7432
100.0716,0.7073,3.0401
100.0718,0.7555,3.2457
100.0720,0.81,3.4796
100.0722,0.8186,3.515
100.0724,0.8084,3.468
100.0726,0.8091,3.476
100.0728,0.7242,3.1156
100.0730,0.6746,2.9021
100.0732,0.7359,3.1598
100.0734,0.7783,3.342
100.0736,0.7519,3.2348
100.0738,0.7386,3.1746
100.0740,0.7749,3.3307
100.0742,0.7471,3.2141
100.0744,0.7379,3.1715
100.0746,0.7981,3.4254
100.0748,0.7614,3.2755
100.0750,0.6886,2.9624
100.0752,0.7305,3.1424
100.0754,0.7692,3.3044
100.0756,0.7878,3.3811
100.0758,0.8126,3.4974
100.0760,0.7329,3.1513
100.0762,0.7044,3.0305
100.0764,0.6801,2.9258
100.0766,0.6788,2.9215
100.0768,0.6785,2.9191
100.0770,0.6908,2.9772
100.0772,0.5987,2.5815
100.0774,0.5835,2.5159
100.0776,0.5386,2.3225
100.0778,0.5211,2.2491
100.0780,0.4682,2.0218
100.0782,0.4014,1.7342
100.0784,0.3977,1.7174
100.0786,0.5083,2.1907
100.0788,0.5297,2.2885
100.0790,0.452,1.9537
100.0792,0.4169,1.8019
100.0794,0.4213,1.8185
100.0796,0.4236,1.8301
100.0798,0.407,1.7564
100.0800,0.4043,1.745
100.0802,0.4014,1.735
100.0804,0.4026,1.741
100.0806,0.4028,1.7407
100.0808,0.4023,1.737
100.0810,0.4029,1.7404
100.0812,0.3884,1.677
100.0814,0.3878,1.6728
100.0816,0.3923,1.6925
100.0818,0.4399,1.8926
100.0820,0.5827,2.5081
100.0822,0.6871,2.9516
100.0824,0.696,2.993
100.0826,0.7142,3.0709
100.0828,0.7172,3.0852
100.0830,0.713,3.0629
100.0832,0.7742,3.3245
100.0834,0.7646,3.2803
100.0836,0.8083,3.4691
100.0838,0.8478,3.6373
100.0840,0.8969,3.8441
100.0842,0.9309,3.9882
100.0844,0.9604,4.1145
100.0846,0.9733,4.1714
100.0848,0.9706,4.1582
100.0850,0.9748,4.1762
100.0852,0.9727,4.1689
100.0854,0.9967,4.2736
100.0856,0.9595,4.1123
100.0858,1.0583,4.5231
100.0860,1.121,4.7956
100.0862,1.0824,4.6326
100.0864,1.1049,4.7202
100.0866,1.1367,4.8605
100.0868,1.0211,4.3846
100.0870,0.8783,3.775
100.0872,0.8301,3.5628
100.0874,0.869,3.7278
100.0876,0.851,3.6591
100.0878,0.771,3.3137
100.0880,0.7532,3.2389
100.0882,0.7339,3.1603
100.0884,0.7287,3.1362
100.0886,0.747,3.2106
100.0888,0.7701,3.3132
100.0890,0.7315,3.1427
100.0892,0.7682,3.3003
100.0894,0.7666,3.2916
100.0896,0.8227,3.5309
100.0898,0.8751,3.7593
100.0900,0.8584,3.6877
100.0902,0.8628,3.705
100.0904,0.8484,3.6432
100.0906,0.8552,3.6721
100.0908,0.7996,3.4417
100.0910,0.7314,3.1436
100.0912,0.748,3.2148
100.0914,0.7108,3.0564
100.0916,0.7577,3.258
100.0918,0.7713,3.3153
100.0920,0.8237,3.5355
100.0922,0.8555,3.6753
100.0924,0.8374,3.5942
100.0926,0.8759,3.7611
100.0928,0.7981,3.4302
100.0930,0.8157,3.5043
100.0932,0.8704,3.7392
100.0934,0.8883,3.8124
100.0936,0.8771,3.7663
100.0938,0.8314,3.5718
100.0940,0.8194,3.5219
100.0942,0.7884,3.3869
100.0944,0.7977,3.427
100.0946,0.7987,3.4328
100.0948,0.7339,3.1633
100.0950,0.6363,2.7401
100.0952,0.6946,2.9854
100.0954,0.7385,3.1814
100.0956,0.688,2.964
100.0958,0.6215,2.6773
100.0960,0.6397,2.7532
100.0962,0.6114,2.64
100.0964,0.4939,2.1336
100.0966,0.4861,2.0999
100.0968,0.4945,2.1342
100.0970,0.5168,2.2294
100.0972,0.4952,2.1373
100.0974,0.5064,2.1854
100.0976,0.501,2.1602
100.0978,0.5682,2.4479
100.0980,0.6273,2.7076
100.0982,0.4938,2.1321
100.0984,0.4574,1.9743
100.0986,0.5277,2.2765
100.0988,0.5312,2.2926
100.0990,0.4694,2.0251
100.0992,0.4769,2.0591
100.0994,0.4516,1.9507
100.0996,0.4718,2.0336
100.0998,0.5109,2.2072
100.1000,0.4681,2.0222
100.1002,0.4616,1.9924
100.1004,0.4584,1.9775
100.1006,0.4603,1.9876
100.1008,0.4596,1.9845
100.1010,0.4618,1.992
100.1012,0.4565,1.9692
100.1014,0.4518,1.9518
100.1016,0.4459,1.9264
100.1018,0.4438,1.9162
100.1020,0.4453,1.9229
100.1022,0.4776,2.0603
100.1024,0.5224,2.2537
100.1026,0.4972,2.1461
100.1028,0.5173,2.2305
100.1030,0.4847,2.0918
100.1032,0.4465,1.9281
100.1034,0.442,1.9093
100.1036,0.4468,1.9291
100.1038,0.445,1.9196
100.1040,0.4535,1.9563
100.1042,0.4537,1.9592
100.1044,0.442,1.9075
100.1046,0.4439,1.9158
100.1048,0.4464,1.9267
100.1050,0.4579,1.9745
100.1052,0.5098,2.1974
100.1054,0.563,2.4241
100.1056,0.6287,2.7083
100.1058,0.5707,2.4576
100.1060,0.5457,2.3519
100.1062,0.5484,2.3605
100.1064,0.6043,2.601
100.1066,0.6302,2.7112
100.1068,0.6758,2.9072
100.1070,0.6856,2.9509
100.1072,0.6751,2.9014
100.1074,0.6915,2.9762
100.1076,0.6777,2.9155
100.1078,0.6813,2.9241
100.1080,0.7666,3.29
100.1082,0.738,3.1794
100.1084,0.5736,2.4689
100.1086,0.6457,2.7803
100.1088,0.5719,2.4582
100.1090,0.6481,2.7894
100.1092,0.6463,2.7829
100.1094,0.6357,2.7375
100.1096,0.5963,2.5664
100.1098,0.618,2.6586
100.1100,0.6788,2.9174
100.1102,0.66,2.8418
100.1104,0.6054,2.6105
100.1106,0.6138,2.643
100.1108,0.6727,2.8938
100.1110,0.6474,2.7824
100.1112,0.6956,2.9909
100.1114,0.6474,2.7837
100.1116,0.6414,2.7605
100.1118,0.6559,2.8268
100.1120,0.5532,2.3834
100.1122,0.5337,2.297
100.1124,0.6239,2.6864
100.1126,0.5916,2.5487
100.1128,0.5707,2.4611
100.1130,0.5017,2.1622
100.1132,0.5314,2.2893
100.1134,0.5525,2.3836
100.1136,0.5083,2.1907
100.1138,0.5781,2.488
100.1140,0.6126,2.6342
100.1142,0.6468,2.7824
100.1144,0.6512,2.8002
100.1146,0.6373,2.7442
100.1148,0.5186,2.2393
100.1150,0.4543,1.9599
100.1152,0.4839,2.0858
100.1154,0.5567,2.3983
100.1156,0.6215,2.6723
100.1158,0.7095,3.0508
100.1160,0.6976,2.9983
100.1162,0.7457,3.1975
100.1164,0.7867,3.3796
100.1166,0.802,3.444
100.1168,0.8121,3.4889
100.1170,0.8118,3.4824
100.1172,0.8207,3.521
100.1174,0.8284,3.5539
100.1176,0.8626,3.6971
100.1178,0.877,3.764
100.1180,0.8306,3.5649
100.1182,0.8747,3.7507
100.1184,0.9026,3.876
100.1186,0.8589,3.6829
100.1188,0.9692,4.1404
100.1190,1.1674,4.9848
100.1192,1.1246,4.8087
100.1194,1.1218,4.7969
100.1196,1.1694,4.9982
100.1198,1.1546,4.9392
100.1200,1.0781,4.6206
100.1202,0.9349,4.0145
100.1204,0.853,3.6594
100.1206,0.8471,3.6376
100.1208,0.8404,3.6087
100.1210,0.8337,3.5816
100.1212,0.8287,3.5566
100.1214,0.8324,3.5742
100.1216,0.8357,3.587
100.1218,0.8682,3.7299
100.1220,0.7969,3.4234
100.1222,0.7952,3.413
100.1224,0.8211,3.5242
100.1226,0.8975,3.8502
100.1228,0.9603,4.1159
100.1230,0.9103,3.9125
100.1232,0.8121,3.4905
100.1234,0.8138,3.4977
100.1236,0.7748,3.3302
100.1238,0.7847,3.3772
100.1240,0.703,3.0229
100.1242,0.7417,3.188
100.1244,0.7807,3.3601
100.1246,0.7684,3.307
100.1248,0.7379,3.1729
100.1250,0.7516,3.2317
100.1252,0.7197,3.1003
100.1254,0.6795,2.9246
100.1256,0.7383,3.1774
100.1258,0.7029,3.0266
100.1260,0.6713,2.8922
100.1262,0.6937,2.9841
100.1264,0.7639,3.2848
100.1266,0.7764,3.3353
100.1268,0.7847,3.3709
100.1270,0.8146,3.498
100.1272,0.8188,3.5177
100.1274,0.8012,3.442
100.1276,0.7842,3.3798
100.1278,0.6366,2.7462
100.1280,0.5953,2.5647
100.1282,0.6478,2.787
100.1284,0.7288,3.1352
100.1286,0.6879,2.9634
100.1288,0.5959,2.5696
100.1290,0.5881,2.5372
100.1292,0.607,2.6136
100.1294,0.6664,2.8683
100.1296,0.674,2.9008
100.1298,0.689,2.9681
100.1300,0.6602,2.8454
100.1302,0.6096,2.6225
100.1304,0.6577,2.8293
100.1306,0.6644,2.8622
100.1308,0.6219,2.6793
100.1310,0.6239,2.6889
100.1312,0.6306,2.7165
100.1314,0.6422,2.7654
100.1316,0.6874,2.9545
100.1318,0.763,3.2792
100.1320,0.7887,3.39
100.1322,0.7528,3.2399
100.1324,0.6764,2.9139
100.1326,0.6682,2.8761
100.1328,0.6601,2.8423
100.1330,0.607,2.6172
100.1332,0.549,2.3664
100.1334,0.588,2.5343
100.1336,0.5544,2.3896
100.1338,0.5835,2.5135
100.1340,0.6395,2.7522
100.1342,0.6669,2.8704
100.1344,0.6548,2.8248
100.1346,0.5724,2.4694
100.1348,0.5474,2.3591
100.1350,0.6425,2.7612
100.1352,0.7329,3.1557
100.1354,0.5891,2.539
100.1356,0.5312,2.2915
100.1358,0.5311,2.2921
100.1360,0.5254,2.2667
100.1362,0.5243,2.261
100.1364,0.5253,2.2662
100.1366,0.5277,2.2754
100.1368,0.5273,2.275
100.1370,0.5233,2.2574
100.1372,0.5257,2.2677
100.1374,0.5259,2.2677
100.1376,0.5227,2.2537
100.1378,0.5265,2.2724
100.1380,0.5349,2.3043
100.1382,0.6246,2.6845
100.1384,0.711,3.0589
100.1386,0.7053,3.0355
100.1388,0.6565,2.8255
100.1390,0.6445,2.7739
100.1392,0.6408,2.7604
100.1394,0.6359,2.7405
100.1396,0.6534,2.8081
100.1398,0.7483,3.2148
100.1400,0.7895,3.3899
100.1402,0.8028,3.4471
100.1404,0.8231,3.5379
100.1406,0.7767,3.3353
100.1408,0.7977,3.4254
100.1410,0.847,3.6404
100.1412,0.7838,3.3736
100.1414,0.6415,2.7635
100.1416,0.6471,2.7801
100.1418,0.7821,3.3632
100.1420,0.7059,3.0381
100.1422,0.66,2.8431
100.1424,0.6508,2.8025
100.1426,0.6909,2.9695
100.1428,0.7181,3.0936
100.1430,0.6596,2.8389
100.1432,0.7032,3.0239
100.1434,0.7195,3.0955
100.1436,0.6772,2.9134
100.1438,0.6606,2.8444
100.1440,0.6293,2.7083
100.1442,0.6001,2.5877
100.1444,0.5249,2.2636
100.1446,0.511,2.2077
100.1448,0.4144,1.7893
100.1450,0.4898,2.1101
100.1452,0.5758,2.4805
100.1454,0.5222,2.2569
100.1456,0.4006,1.7314
100.1458,0.3917,1.6931
100.1460,0.3806,1.6449
100.1462,0.382,1.6526
100.1464,0.3865,1.6672
100.1466,0.423,1.8258
100.1468,0.3799,1.6418
100.1470,0.3797,1.6405
100.1472,0.3868,1.6695
100.1474,0.399,1.7231
100.1476,0.3926,1.6967
100.1478,0.373,1.6115
100.1480,0.3751,1.6203
100.1482,0.3868,1.6695
100.1484,0.4472,1.9276
100.1486,0.5594,2.4041
100.1488,0.7227,3.106
100.1490,0.6721,2.8899
100.1492,0.6683,2.8739
100.1494,0.7535,3.2355
100.1496,0.8132,3.4886
100.1498,0.8275,3.5531
100.1500,0.8543,3.665
100.1502,0.8746,3.7502
100.1504,0.8805,3.7772
100.1506,0.8862,3.7948
100.1508,0.9953,4.266
100.1510,0.935,4.0094
100.1512,0.9531,4.0851
100.1514,0.9763,4.1784
100.1516,0.9902,4.2399
100.1518,1.0152,4.3472
100.1520,1.0024,4.2943
100.1522,1.0287,4.3965
100.1524,1.1252,4.8136
100.1526,1.0859,4.6475
100.1528,1.103,4.7164
100.1530,1.1632,4.9715
100.1532,1.0847,4.6467
100.1534,0.9872,4.2291
100.1536,0.9863,4.2196
100.1538,1.0697,4.5782
100.1540,1.0755,4.6055
100.1542,1.0729,4.5921
100.1544,1.065,4.5561
100.1546,1.0746,4.6035
100.1548,1.068,4.571
100.1550,1.0795,4.6289
100.1552,0.9248,3.9712
100.1554,0.8782,3.7692
100.1556,0.9211,3.9516
100.1558,0.9115,3.9122
100.1560,0.8531,3.6616
100.1562,0.8787,3.7695
100.1564,0.9302,3.9962
100.1566,0.8261,3.5491
100.1568,0.8005,3.4437
100.1570,0.7463,3.2105
100.1572,0.7859,3.3808
100.1574,0.7421,3.1925
100.1576,0.7472,3.2147
100.1578,0.736,3.1691
100.1580,0.7246,3.1186
100.1582,0.691,2.9755
100.1584,0.6932,2.9848
100.1586,0.6837,2.9426
100.1588,0.7463,3.2105
100.1590,0.7482,3.2218
100.1592,0.716,3.0786
100.1594,0.7778,3.3431
100.1596,0.7615,3.2837
100.1598,0.6195,2.669
100.1600,0.5957,2.5686
100.1602,0.6041,2.6036
100.1604,0.691,2.9727
100.1606,0.7705,3.3163
100.1608,0.7318,3.1584
100.1610,0.5872,2.5319
100.1612,0.5574,2.4037
100.1614,0.5115,2.2097
100.1616,0.5344,2.3055
100.1618,0.5986,2.5798
100.1620,0.6167,2.6579
100.1622,0.5689,2.4579
100.1624,0.4956,2.1408
100.1626,0.4773,2.0602
100.1628,0.5162,2.2268
100.1630,0.5182,2.2367
100.1632,0.5016,2.1657
100.1634,0.4934,2.1335
100.1636,0.4174,1.804
100.1638,0.4472,1.9294
100.1640,0.4873,2.1012
100.1642,0.533,2.3025
100.1644,0.446,1.926
100.1646,0.4311,1.8604
100.1648,0.4351,1.8789
100.1650,0.4312,1.8627
100.1652,0.4284,1.8508
100.1654,0.4543,1.9599
100.1656,0.5096,2.1984
100.1658,0.5181,2.2372
100.1660,0.4518,1.95
100.1662,0.4424,1.9096
100.1664,0.4482,1.9353
100.1666,0.4496,1.9416
100.1668,0.4825,2.0834
100.1670,0.4406,1.9018
100.1672,0.4375,1.8901
100.1674,0.4673,2.0177
100.1676,0.4578,1.9759
100.1678,0.4506,1.9448
100.1680,0.4342,1.8739
100.1682,0.4345,1.8763
100.1684,0.4424,1.9105
100.1686,0.45,1.9413
100.1688,0.4731,2.0411
100.1690,0.4668,2.0137
100.1692,0.5272,2.2734
100.1694,0.5848,2.518
100.1696,0.6333,2.7259
100.1698,0.5772,2.4878
100.1700,0.5633,2.4268
100.1702,0.5639,2.4282
100.1704,0.6007,2.5867
100.1706,0.5969,2.5714
100.1708,0.6248,2.693
100.1710,0.6175,2.6578
100.1712,0.6477,2.7865
100.1714,0.655,2.8193
100.1716,0.629,2.7086
100.1718,0.627,2.6998
100.1720,0.5745,2.4748
100.1722,0.567,2.4428
100.1724,0.5704,2.4595
100.1726,0.5585,2.4072
100.1728,0.5666,2.4373
100.1730,0.6658,2.8591
100.1732,0.7664,3.2895
100.1734,0.7953,3.4104
100.1736,0.8868,3.8062
100.1738,0.785,3.3771
100.1740,0.7082,3.0394
100.1742,0.8176,3.5125
100.1744,0.7899,3.3983
100.1746,0.6911,2.9705
100.1748,0.6718,2.8902
100.1750,0.6773,2.9126
100.1752,0.7029,3.0196
100.1754,0.6863,2.9512
100.1756,0.6678,2.8727
100.1758,0.7025,3.0208
100.1760,0.6874,2.9628
100.1762,0.5813,2.5019
100.1764,0.592,2.5514
100.1766,0.566,2.437
100.1768,0.5948,2.5614
100.1770,0.5749,2.478
100.1772,0.5643,2.4343
100.1774,0.5065,2.1839
100.1776,0.5182,2.2346
100.1778,0.5067,2.188
100.1780,0.4194,1.8119
100.1782,0.4073,1.7572
100.1784,0.4878,2.1033
100.1786,0.4375,1.8893
100.1788,0.4083,1.7646
100.1790,0.397,1.7143
100.1792,0.3898,1.6832
100.1794,0.3964,1.7117
100.1796,0.4016,1.7323
100.1798,0.4321,1.8651
100.1800,0.3898,1.6832
100.1802,0.3875,1.6741
100.1804,0.3903,1.6845
100.1806,0.3933,1.6959
100.1808,0.4459,1.9237
100.1810,0.4767,2.0595
100.1812,0.415,1.7911
100.1814,0.414,1.7861
100.1816,0.4219,1.8203
100.1818,0.4856,2.0901
100.1820,0.5921,2.5448
100.1822,0.7098,3.0466
100.1824,0.7315,3.1427
100.1826,0.7001,3.0119
100.1828,0.7143,3.0699
100.1830,0.7573,3.2504
100.1832,0.7657,3.2849
100.1834,0.8469,3.6348
100.1836,0.8182,3.5118
100.1838,0.7994,3.4311
100.1840,0.8213,3.5236
100.1842,0.8728,3.739
100.1844,0.9342,4.0095
100.1846,0.8453,3.6298
100.1848,0.8241,3.5387
100.1850,0.8336,3.5761
100.1852,0.8745,3.7497
100.1854,0.8552,3.6686
100.1856,0.865,3.7056
100.1858,0.9391,4.0287
100.1860,0.9235,3.9545
100.1862,0.9456,4.0546
100.1864,0.9106,3.8972
100.1866,1.014,4.3421
100.1868,0.9546,4.0913
100.1870,0.9108,3.9055
100.1872,0.9258,3.9716
100.1874,0.9345,4.011
100.1876,0.8589,3.6863
100.1878,0.8187,3.5155
100.1880,0.861,3.6921
100.1882,0.91,3.9037
100.1884,0.8872,3.8024
100.1886,0.8984,3.8543
100.1888,0.8263,3.5496
100.1890,0.8213,3.5269
100.1892,0.8574,3.675
100.1894,0.9249,3.9643
100.1896,0.9702,4.16
100.1898,0.9615,4.1211
100.1900,0.9447,4.051
100.1902,0.8968,3.8489
100.1904,0.8983,3.861
100.1906,0.8375,3.6014
100.1908,0.8204,3.5228
100.1910,0.8433,3.6177
100.1912,0.8448,3.6312
100.1914,0.7664,3.2972
100.1916,0.705,3.0317
100.1918,0.7399,3.1802
100.1920,0.7668,3.2972
100.1922,0.7626,3.2746
100.1924,0.8251,3.5428
100.1926,0.8518,3.6577
100.1928,0.8126,3.4909
100.1930,0.8282,3.5579
100.1932,0.823,3.5374
100.1934,0.8237,3.5388
100.1936,0.7769,3.3405
100.1938,0.7507,3.2296
100.1940,0.7431,3.1981
100.1942,0.7048,3.0335
100.1944,0.7115,3.0609
100.1946,0.7275,3.1295
100.1948,0.7288,3.1352
100.1950,0.7487,3.2223
100.1952,0.723,3.1134
100.1954,0.6995,3.0094
100.1956,0.6923,2.9812
100.1958,0.695,2.9911
100.1960,0.701,3.0169
100.1962,0.7133,3.0673
100.1964,0.707,3.0456
100.1966,0.6628,2.8568
100.1968,0.6157,2.6562
100.1970,0.5734,2.4713
100.1972,0.5646,2.437
100.1974,0.5598,2.414
100.1976,0.57,2.4557
100.1978,0.5742,2.4738
100.1980,0.6032,2.6036
100.1982,0.539,2.323
100.1984,0.6186,2.6686
100.1986,0.5423,2.3385
100.1988,0.5869,2.5297
100.1990,0.5886,2.5393
100.1992,0.5303,2.2868
100.1994,0.5233,2.2563
100.1996,0.5263,2.2692
100.1998,0.53,2.2863
100.2000,0.5275,2.2776
100.2002,0.5243,2.2631
100.2004,0.5205,2.2434
100.2006,0.5245,2.2615
100.2008,0.526,2.2682
100.2010,0.5266,2.2697
100.2012,0.5874,2.5306
100.2014,0.5634,2.4273
100.2016,0.6023,2.5934
100.2018,0.5998,2.5874
100.2020,0.5403,2.3297
100.2022,0.5392,2.3262
100.2024,0.5371,2.3169
100.2026,0.5402,2.3281
100.2028,0.5379,2.3183
100.2030,0.5325,2.2951
100.2032,0.5224,2.2506
100.2034,0.5218,2.2501
100.2036,0.532,2.2919
100.2038,0.6278,2.7021
100.2040,0.6829,2.9418
100.2042,0.5687,2.45
100.2044,0.5417,2.3327
100.2046,0.6398,2.7538
100.2048,0.6722,2.8904
100.2050,0.7073,3.0429
100.2052,0.6475,2.7894
100.2054,0.6349,2.7364
100.2056,0.6312,2.7179
100.2058,0.6359,2.7355
100.2060,0.6273,2.7013
100.2062,0.6651,2.86
100.2064,0.707,3.0357
100.2066,0.7959,3.4129
100.2068,0.8573,3.6779
100.2070,0.8757,3.7654
100.2072,0.7944,3.4174
100.2074,0.6818,2.9357
100.2076,0.61,2.6277
100.2078,0.603,2.5965
100.2080,0.6029,2.596
100.2082,0.6095,2.6244
100.2084,0.6736,2.8966
100.2086,0.7839,3.3662
100.2088,0.7739,3.3276
100.2090,0.6855,2.9504
100.2092,0.7065,3.0393
100.2094,0.7199,3.0942
100.2096,0.7139,3.0684
100.2098,0.6911,2.9746
100.2100,0.7031,3.0234
100.2102,0.7676,3.2977
100.2104,0.7947,3.4126
100.2106,0.7922,3.4065
100.2108,0.773,3.3271
100.2110,0.6621,2.8511
100.2112,0.5992,2.5776
100.2114,0.6517,2.8035
100.2116,0.7088,3.0505
100.2118,0.726,3.1219
100.2120,0.7122,3.064
100.2122,0.6627,2.8576
100.2124,0.6258,2.6921
100.2126,0.7037,3.0288
100.2128,0.5895,2.5429
100.2130,0.4508,1.9467
100.2132,0.4119,1.7785
100.2134,0.4797,2.0696
100.2136,0.5264,2.2698
100.2138,0.5145,2.2186
100.2140,0.4878,2.1062
100.2142,0.4381,1.8927
100.2144,0.4121,1.7803
100.2146,0.4142,1.7858
100.2148,0.518,2.2346
100.2150,0.5227,2.2516
100.2152,0.616,2.6511
100.2154,0.6764,2.9098
100.2156,0.7085,3.0495
100.2158,0.6966,2.99
100.2160,0.7769,3.3421
100.2162,0.7168,3.0836
100.2164,0.7241,3.1151
100.2166,0.7142,3.0666
100.2168,0.7651,3.2839
100.2170,0.8022,3.4461
100.2172,0.8632,3.6979
100.2174,0.9909,4.243
100.2176,0.9578,4.1051
100.2178,0.8934,3.8292
100.2180,0.9006,3.86
100.2182,0.9188,3.9381
100.2184,0.9567,4.0967
100.2186,0.9833,4.2146
100.2188,1.0102,4.3277
100.2190,1.0284,4.4058
100.2192,1.0458,4.4782
100.2194,1.0493,4.4847
100.2196,1.0784,4.6135
100.2198,1.0405,4.4597
100.2200,0.9773,4.1948
100.2202,0.8953,3.8463
100.2204,0.8776,3.7648
100.2206,0.8694,3.7351
100.2208,0.8422,3.6181
100.2210,0.8276,3.552
100.2212,0.8737,3.7536
100.2214,0.851,3.6489
100.2216,0.9034,3.879
100.2218,0.8844,3.803
100.2220,0.8223,3.5376
100.2222,0.7957,3.4183
100.2224,0.7966,3.424
100.2226,0.8306,3.5632
100.2228,0.9023,3.869
100.2230,0.9258,3.9753
100.2232,0.8359,3.5959
100.2234,0.8112,3.4847
100.2236,0.8443,3.6303
100.2238,0.7361,3.1696
100.2240,0.6871,2.9571
100.2242,0.7466,3.2136
100.2244,0.7102,3.0538
100.2246,0.7366,3.1688
100.2248,0.7869,3.3823
100.2250,0.7819,3.3637
100.2252,0.7053,3.0398
100.2254,0.6315,2.7219
100.2256,0.618,2.6635
100.2258,0.5975,2.574
100.2260,0.5796,2.5016
100.2262,0.5848,2.5227
100.2264,0.6139,2.6435
100.2266,0.7543,3.2391
100.2268,0.8396,3.6102
100.2270,0.7585,3.2616
100.2272,0.7584,3.2687
100.2274,0.609,2.626
100.2276,0.5143,2.2186
100.2278,0.4952,2.1393
100.2280,0.4861,2.099
100.2282,0.514,2.2144
100.2284,0.6619,2.8514
100.2286,0.6554,2.8235
100.2288,0.6544,2.8259
100.2290,0.5425,2.338
100.2292,0.5814,2.5036
100.2294,0.6048,2.6079
100.2296,0.6066,2.6144
100.2298,0.617,2.6569
100.2300,0.6347,2.7354
100.2302,0.5781,2.4938
100.2304,0.5735,2.4707
100.2306,0.5791,2.4973
100.2308,0.5435,2.3448
100.2310,0.5332,2.3003
100.2312,0.5444,2.3462
100.2314,0.5781,2.4914
100.2316,0.6311,2.7224
100.2318,0.5848,2.5204
100.2320,0.5589,2.411
100.2322,0.567,2.445
100.2324,0.5824,2.5089
100.2326,0.6124,2.6417
100.2328,0.4995,2.1579
100.2330,0.4745,2.0487
100.2332,0.4722,2.0389
100.2334,0.4976,2.1447
100.2336,0.5759,2.4833
100.2338,0.5636,2.43
100.2340,0.5285,2.2822
100.2342,0.4844,2.0869
100.2344,0.5047,2.1802
100.2346,0.4643,2.0057
100.2348,0.4908,2.1152
100.2350,0.5959,2.5673
100.2352,0.5583,2.4073
100.2354,0.5482,2.365
100.2356,0.5514,2.3789
100.2358,0.5504,2.3699
100.2360,0.6092,2.6209
100.2362,0.6597,2.8447
100.2364,0.5183,2.2393
100.2366,0.4618,1.9939
100.2368,0.4546,1.961
100.2370,0.4507,1.9462
100.2372,0.4519,1.9505
100.2374,0.4514,1.9475
100.2376,0.4648,2.0031
100.2378,0.5343,2.3028
100.2380,0.5535,2.3855
100.2382,0.5572,2.3993
100.2384,0.6198,2.6688
100.2386,0.568,2.448
100.2388,0.5672,2.4433
100.2390,0.5554,2.3927
100.2392,0.5568,2.4
100.2394,0.554,2.3865
100.2396,0.5614,2.4162
100.2398,0.6331,2.7223
100.2400,0.7161,3.0791
100.2402,0.7853,3.3719
100.2404,0.7959,3.4193
100.2406,0.7012,3.018
100.2408,0.5968,2.5733
100.2410,0.5336,2.3008
100.2412,0.5294,2.2827
100.2414,0.5212,2.2465
100.2416,0.5813,2.5019
100.2418,0.6073,2.6188
100.2420,0.5763,2.4825
100.2422,0.5847,2.5175
100.2424,0.6024,2.5939
100.2426,0.5865,2.5253
100.2428,0.5833,2.5107
100.2430,0.6339,2.7285
100.2432,0.6421,2.7661
100.2434,0.6122,2.6363
100.2436,0.6175,2.6578
100.2438,0.5944,2.5617
100.2440,0.5707,2.4576
100.2442,0.6154,2.6485
100.2444,0.5831,2.5155
100.2446,0.4416,1.9086
100.2448,0.4,1.728
100.2450,0.4278,1.8456
100.2452,0.449,1.939
100.2454,0.3947,1.7052
100.2456,0.3897,1.6827
100.2458,0.3896,1.6822
100.2460,0.3865,1.6687
100.2462,0.3848,1.6615
100.2464,0.4251,1.8346
100.2466,0.3929,1.6974
100.2468,0.3763,1.6247
100.2470,0.3924,1.6954
100.2472,0.3865,1.6695
100.2474,0.4102,1.7696
100.2476,0.3972,1.7153
100.2478,0.3749,1.6175
100.2480,0.4254,1.8353
100.2482,0.41,1.7694
100.2484,0.4797,2.0686
100.2486,0.5988,2.5761
100.2488,0.6077,2.613
100.2490,0.6596,2.8363
100.2492,0.7059,3.0296
100.2494,0.8182,3.5086
100.2496,0.8373,3.5887
100.2498,0.8805,3.7754
100.2500,0.9022,3.8649
100.2502,0.8902,3.8171
100.2504,0.8935,3.8332
100.2506,0.9011,3.8602
100.2508,0.9596,4.109
100.2510,0.9466,4.0554
100.2512,0.9478,4.0549
100.2514,0.983,4.2072
100.2516,0.9862,4.225
100.2518,1.0133,4.335
100.2520,1.0251,4.3852
100.2522,1.0636,4.5435
100.2524,1.1335,4.8399
100.2526,1.1514,4.9144
100.2528,1.1712,5.0035
100.2530,1.172,5.0183
100.2532,1.0277,4.4068
100.2534,0.935,4.0056
100.2536,0.9332,4.0016
100.2538,0.8983,3.8538
100.2540,0.9315,3.9889
100.2542,0.9869,4.228
100.2544,0.9621,4.1236
100.2546,0.9952,4.2695
100.2548,0.9122,3.9153
100.2550,0.8392,3.6069
100.2552,0.8243,3.543
100.2554,0.8452,3.6276
100.2556,0.8697,3.7291
100.2558,0.9064,3.8883
100.2560,0.8958,3.8448
100.2562,0.8838,3.7898
100.2564,0.9062,3.8878
100.2566,0.8831,3.7938
100.2568,0.8351,3.5827
100.2570,0.8507,3.6547
100.2572,0.7827,3.3626
100.2574,0.7873,3.3869
100.2576,0.7542,3.2446
100.2578,0.761,3.2709
100.2580,0.7826,3.3637
100.2582,0.7935,3.4154
100.2584,0.7415,3.1899
100.2586,0.7808,3.3528
100.2588,0.7956,3.4194
100.2590,0.767,3.2967
100.2592,0.7896,3.392
100.2594,0.8132,3.4935
100.2596,0.7645,3.2905
100.2598,0.7594,3.2637
100.2600,0.807,3.4667
100.2602,0.7907,3.3982
100.2604,0.7874,3.3906
100.2606,0.6588,2.8353
100.2608,0.6594,2.8431
100.2610,0.6237,2.6908
100.2612,0.5825,2.5117
100.2614,0.5784,2.493
100.2616,0.662,2.8492
100.2618,0.6838,2.9473
100.2620,0.5784,2.493
100.2622,0.6026,2.5938
100.2624,0.6403,2.7584
100.2626,0.6442,2.7793
100.2628,0.596,2.5713
100.2630,0.5279,2.2786
100.2632,0.4993,2.1519
100.2634,0.5552,2.395
100.2636,0.5519,2.3788
100.2638,0.5555,2.3965
100.2640,0.5436,2.3464
100.2642,0.56,2.4157
100.2644,0.5429,2.3422
100.2646,0.5454,2.3498
100.2648,0.6543,2.8136
100.2650,0.7773,3.3457
100.2652,0.6713,2.8908
100.2654,0.6271,2.7041
100.2656,0.5543,2.3913
100.2658,0.5161,2.2263
100.2660,0.514,2.2175
100.2662,0.5156,2.2232
100.2664,0.5288,2.2822
100.2666,0.5127,2.2118
100.2668,0.5096,2.1964
100.2670,0.5146,2.2201
100.2672,0.5275,2.2755
100.2674,0.5204,2.2449
100.2676,0.5118,2.2087
100.2678,0.5108,2.2036
100.2680,0.5723,2.4609
100.2682,0.7374,3.165
100.2684,0.792,3.4102
100.2686,0.5757,2.4788
100.2688,0.6025,2.592
100.2690,0.6576,2.8301
100.2692,0.661,2.8464
100.2694,0.6561,2.8239
100.2696,0.6559,2.8229
100.2698,0.6436,2.7703
100.2700,0.6601,2.8383
100.2702,0.715,3.0788
100.2704,0.6239,2.6876
100.2706,0.6145,2.6412
100.2708,0.6929,2.981
100.2710,0.7114,3.0633
100.2712,0.6669,2.8677
100.2714,0.707,3.0385
100.2716,0.7062,3.0411
100.2718,0.6398,2.755
100.2720,0.6367,2.7403
100.2722,0.6421,2.7623
100.2724,0.6975,2.9992
100.2726,0.7378,3.1695
100.2728,0.7574,3.257
100.2730,0.7269,3.1212
100.2732,0.7871,3.3796
100.2734,0.8295,3.5602
100.2736,0.8586,3.6836
100.2738,0.8915,3.8192
100.2740,0.9463,4.0596
100.2742,0.8962,3.8517
100.2744,0.7984,3.4301
100.2746,0.7941,3.4068
100.2748,0.8895,3.8193
100.2750,0.8297,3.5629
100.2752,0.7927,3.4086
100.2754,0.7152,3.0798
100.2756,0.7132,3.0696
100.2758,0.7136,3.0697
100.2760,0.7259,3.1228
100.2762,0.7212,3.1027
100.2764,0.6932,2.9834
100.2766,0.6642,2.8559
100.2768,0.713,3.0671
100.2770,0.6701,2.8897
100.2772,0.5996,2.5857
100.2774,0.5927,2.5545
100.2776,0.5796,2.4982
100.2778,0.5664,2.4425
100.2780,0.6072,2.6146
100.2782,0.6927,2.9786
100.2784,0.6678,2.8807
100.2786,0.4775,2.0636
100.2788,0.3959,1.7112
100.2790,0.39,1.685
100.2792,0.3941,1.7018
100.2794,0.3936,1.7013
100.2796,0.388,1.677
100.2798,0.3866,1.6692
100.2800,0.391,1.6884
100.2802,0.3915,1.6897
100.2804,0.3921,1.6938
100.2806,0.3871,1.6728
100.2808,0.3899,1.6837
100.2810,0.4381,1.891
100.2812,0.4283,1.8468
100.2814,0.5517,2.3744
100.2816,0.6785,2.915
100.2818,0.6851,2.9488
100.2820,0.6116,2.6288
100.2822,0.6609,2.8485
100.2824,0.594,2.5578
100.2826,0.6678,2.87
100.2828,0.7173,3.0785
100.2830,0.7722,3.3189
100.2832,0.7324,3.1463
100.2834,0.792,3.396
100.2836,0.8644,3.71
100.2838,0.8182,3.5102
100.2840,0.8802,3.7797
100.2842,0.8494,3.6473
100.2844,0.8471,3.6308
100.2846,0.892,3.8248
100.2848,0.9456,4.0546
100.2850,0.9505,4.07
100.2852,0.9572,4.1064
100.2854,0.948,4.0668
100.2856,0.9673,4.1457
100.2858,0.9302,3.9962
100.2860,0.9131,3.9207
100.2862,0.8638,3.704
100.2864,0.9115,3.9104
100.2866,0.9154,3.925
100.2868,0.9156,3.9279
100.2870,0.8971,3.8559
100.2872,0.8465,3.6367
100.2874,0.8439,3.6237
100.2876,0.8776,3.7719
100.2878,0.8128,3.4936
100.2880,0.8422,3.6097
100.2882,0.9299,3.9873
100.2884,0.9,3.861
100.2886,0.9218,3.9546
100.2888,0.9125,3.9145
100.2890,0.9534,4.0899
100.2892,0.9525,4.0844
100.2894,0.9241,3.9644
100.2896,0.8601,3.6966
100.2898,0.8311,3.5686
100.2900,0.8777,3.7654
100.2902,0.8899,3.8214
100.2904,0.958,4.1119
100.2906,0.8899,3.8249
100.2908,0.8276,3.5503
100.2910,0.842,3.6205
100.2912,0.7957,3.4215
100.2914,0.8178,3.518
100.2916,0.7213,3.1032
100.2918,0.7958,3.4236
100.2920,0.782,3.3643
100.2922,0.8036,3.4539
100.2924,0.805,3.4601
100.2926,0.8535,3.6683
100.2928,0.8363,3.5896
100.2930,0.8722,3.7522
100.2932,0.8475,3.6459
100.2934,0.7773,3.3441
100.2936,0.7146,3.0772
100.2938,0.6698,2.8841
100.2940,0.6946,2.9882
100.2942,0.6892,2.9719
100.2944,0.5878,2.5357
100.2946,0.4994,2.1574
100.2948,0.5189,2.2387
100.2950,0.5725,2.4677
100.2952,0.6008,2.5944
100.2954,0.5089,2.1973
100.2956,0.4993,2.1539
100.2958,0.5329,2.2987
100.2960,0.4936,2.1306
100.2962,0.5008,2.1626
100.2964,0.4928,2.126
100.2966,0.5116,2.2092
100.2968,0.503,2.172
100.2970,0.4978,2.1487
100.2972,0.5353,2.3059
100.2974,0.5713,2.4648
100.2976,0.5251,2.2683
100.2978,0.4564,1.9696
100.2980,0.4637,2.0012
100.2982,0.5133,2.2185
100.2984,0.4717,2.0368
100.2986,0.4607,1.9901
100.2988,0.4463,1.928
100.2990,0.4481,1.9348
100.2992,0.4493,1.9391
100.2994,0.4468,1.9273
100.2996,0.4456,1.924
100.2998,0.4492,1.9386
100.3000,0.452,1.9519
100.3002,0.45,1.9431
100.3004,0.4464,1.9276
100.3006,0.4452,1.9215
100.3008,0.444,1.9172
100.3010,0.4523,1.952
100.3012,0.4935,2.1261
100.3014,0.5289,2.2817
100.3016,0.4588,1.9809
100.3018,0.4468,1.93
100.3020,0.4459,1.9246
100.3022,0.4457,1.9227
100.3024,0.4436,1.9139
100.3026,0.4448,1.92
100.3028,0.4594,1.9826
100.3030,0.4597,1.9814
100.3032,0.4627,1.9961
100.3034,0.4695,2.0247
100.3036,0.5151,2.2222
100.3038,0.5681,2.4463
100.3040,0.6295,2.7081
100.3042,0.6097,2.6267
100.3044,0.5672,2.4433
100.3046,0.5556,2.3937
100.3048,0.5519,2.3766
100.3050,0.5553,2.391
100.3052,0.5576,2.4031
100.3054,0.5499,2.3689
100.3056,0.6005,2.5833
100.3058,0.6952,2.9894
100.3060,0.7195,3.0897
100.3062,0.7688,3.2998
100.3064,0.7996,3.4353
100.3066,0.7096,3.0498
100.3068,0.6675,2.873
100.3070,0.6233,2.6863
100.3072,0.5524,2.3831
100.3074,0.5264,2.2698
100.3076,0.5215,2.2475
100.3078,0.5538,2.3837
100.3080,0.6047,2.6038
100.3082,0.6146,2.6466
100.3084,0.5881,2.5337
100.3086,0.5728,2.4676
100.3088,0.5857,2.521
100.3090,0.6315,2.7194
100.3092,0.6271,2.7003
100.3094,0.6598,2.8399
100.3096,0.6516,2.803
100.3098,0.6619,2.8434
100.3100,0.7283,3.1317
100.3102,0.7002,3.0167
100.3104,0.6405,2.7581
100.3106,0.6248,2.6905
100.3108,0.6207,2.6742
100.3110,0.5887,2.5351
100.3112,0.6331,2.7223
100.3114,0.6721,2.8912
100.3116,0.6096,2.6261
100.3118,0.5735,2.4741
100.3120,0.5401,2.3276
100.3122,0.5535,2.3877
100.3124,0.4369,1.8867
100.3126,0.4026,1.7394
100.3128,0.4068,1.7559
100.3130,0.4204,1.8127
100.3132,0.4264,1.8403
100.3134,0.4295,1.8529
100.3136,0.4177,1.8005
100.3138,0.4984,2.1453
100.3140,0.6037,2.6032
100.3142,0.5489,2.3648
100.3144,0.5552,2.3894
100.3146,0.5475,2.3619
100.3148,0.5245,2.2594
100.3150,0.5602,2.4088
100.3152,0.6381,2.7427
100.3154,0.7608,3.2699
100.3156,0.7676,3.3008
100.3158,0.7472,3.2072
100.3160,0.829,3.5598
100.3162,0.8206,3.5172
100.3164,0.819,3.5133
100.3166,0.8006,3.4362
100.3168,0.9218,3.9454
100.3170,1.0071,4.3103
100.3172,0.969,4.1529
100.3174,0.9018,3.8651
100.3176,0.9231,3.9585
100.3178,0.9391,4.0193
100.3180,0.9426,4.0436
100.3182,0.8673,3.7275
100.3184,0.8345,3.5802
100.3186,0.9064,3.8901
100.3188,0.9198,3.9441
100.3190,0.9669,4.1442
100.3192,0.8938,3.8379
100.3194,0.811,3.481
100.3196,0.816,3.5037
100.3198,0.8301,3.5661
100.3200,0.8269,3.5522
100.3202,0.8592,3.6844
100.3204,0.8987,3.8572
100.3206,0.8297,3.5646
100.3208,0.816,3.5037
100.3210,0.8632,3.7031
100.3212,0.8299,3.5634
100.3214,0.7791,3.3456
100.3216,0.8343,3.5858
100.3218,0.8156,3.5038
100.3220,0.7783,3.3389
100.3222,0.8505,3.652
100.3224,0.8616,3.6999
100.3226,0.8456,3.6326
100.3228,0.8399,3.6084
100.3230,0.8379,3.5979
100.3232,0.8547,3.6734
100.3234,0.7902,3.4009
100.3236,0.727,3.1246
100.3238,0.7877,3.3806
100.3240,0.8728,3.7443
100.3242,0.8661,3.7172
100.3244,0.8586,3.687
100.3246,0.7932,3.409
100.3248,0.7721,3.3261
100.3250,0.6996,3.0113
100.3252,0.6706,2.8864
100.3254,0.7016,3.0195
100.3256,0.7438,3.1937
100.3258,0.7781,3.3394
100.3260,0.8216,3.5312
100.3262,0.7988,3.4365
100.3264,0.7192,3.0954
100.3266,0.6963,2.9954
100.3268,0.7538,3.243
100.3270,0.6807,2.9311
100.3272,0.6011,2.5895
100.3274,0.5534,2.3861
100.3276,0.5634,2.4306
100.3278,0.553,2.3834
100.3280,0.5824,2.51
100.3282,0.5709,2.4627
100.3284,0.5941,2.5583
100.3286,0.6683,2.8752
100.3288,0.692,2.9755
100.3290,0.6947,2.9887
100.3292,0.7156,3.0756
100.3294,0.7405,3.1858
100.3296,0.7217,3.1033
100.3298,0.7326,3.1561
100.3300,0.6263,2.6979
100.3302,0.6104,2.6285
100.3304,0.6183,2.6626
100.3306,0.6706,2.8877
100.3308,0.699,3.0031
100.3310,0.7329,3.1484
100.3312,0.7655,3.2946
100.3314,0.7404,3.1867
100.3316,0.7351,3.1655
100.3318,0.6457,2.7829
100.3320,0.5537,2.3899
100.3322,0.5312,2.2894
100.3324,0.5325,2.2961
100.3326,0.53,2.2853
100.3328,0.5433,2.3427
100.3330,0.5582,2.4079
100.3332,0.545,2.3488
100.3334,0.5433,2.3405
100.3336,0.582,2.5038
100.3338,0.6809,2.9321
100.3340,0.7132,3.0625
100.3342,0.7783,3.3467
100.3344,0.7047,3.04
100.3346,0.577,2.4879
100.3348,0.5439,2.3452
100.3350,0.5815,2.5053
100.3352,0.6325,2.721
100.3354,0.6626,2.8518
100.3356,0.6373,2.7467
100.3358,0.5613,2.418
100.3360,0.6058,2.612
100.3362,0.545,2.3499
100.3364,0.5427,2.3368
100.3366,0.6246,2.6907
100.3368,0.6564,2.8276
100.3370,0.6332,2.7254
100.3372,0.6294,2.7076
100.3374,0.6741,2.8973
100.3376,0.7538,3.2415
100.3378,0.7775,3.3431
100.3380,0.774,3.3297
100.3382,0.7325,3.1439
100.3384,0.8437,3.6209
100.3386,0.8507,3.6547
100.3388,0.8102,3.4822
100.3390,0.7241,3.1151
100.3392,0.7096,3.0513
100.3394,0.739,3.1791
100.3396,0.708,3.0474
100.3398,0.6976,3.0039
100.3400,0.62,2.6686
100.3402,0.6091,2.6229
100.3404,0.624,2.6856
100.3406,0.6777,2.9141
100.3408,0.7272,3.1285
100.3410,0.6673,2.8733
100.3412,0.677,2.9192
100.3414,0.6549,2.8201
100.3416,0.6674,2.8684
100.3418,0.7222,3.1011
100.3420,0.7889,3.3952
100.3422,0.6808,2.9316
100.3424,0.6433,2.77
100.3426,0.6407,2.7574
100.3428,0.6847,2.9522
100.3430,0.621,2.6765
100.3432,0.5447,2.3521
100.3434,0.4249,1.8358
100.3436,0.4294,1.8549
100.3438,0.424,1.8291
100.3440,0.4956,2.1369
100.3442,0.4956,2.1399
100.3444,0.4414,1.9058
100.3446,0.4305,1.8613
100.3448,0.3884,1.6785
100.3450,0.3742,1.6166
100.3452,0.3748,1.6207
100.3454,0.3823,1.6506
100.3456,0.3965,1.7122
100.3458,0.3839,1.6578
100.3460,0.4132,1.7817
100.3462,0.4482,1.9362
100.3464,0.39,1.6842
100.3466,0.3938,1.7019
100.3468,0.3849,1.6635
100.3470,0.3814,1.6462
100.3472,0.4731,2.0383
100.3474,0.5573,2.3987
100.3476,0.5573,2.3998
100.3478,0.5464,2.355
100.3480,0.5459,2.3519
100.3482,0.6419,2.76
100.3484,0.6879,2.9566
100.3486,0.6776,2.915
100.3488,0.6948,2.9809
100.3490,0.7478,3.2128
100.3492,0.7636,3.2787
100.3494,0.8299,3.5584
100.3496,0.8685,3.7275
100.3498,0.8339,3.5793
100.3500,0.827,3.5478
100.3502,0.86,3.6875
100.3504,0.8745,3.748
100.3506,1.0308,4.4037
100.3508,1.1657,4.9799
100.3510,1.1402,4.8708
100.3512,1.1887,5.083
100.3514,1.1375,4.8687
100.3516,1.0868,4.6516
100.3518,1.0891,4.6592
100.3520,1.0594,4.5277
100.3522,1.1501,4.9202
100.3524,1.0987,4.7046
100.3526,0.9871,4.2384
100.3528,0.9281,3.9721
100.3530,1.0679,4.5705
100.3532,1.0655,4.5624
100.3534,1.085,4.6439
100.3536,1.0837,4.6339
100.3538,1.0893,4.6624
100.3540,1.0951,4.6892
100.3542,1.0905,4.6631
100.3544,1.1643,4.9831
100.3546,1.1228,4.8078
100.3548,1.1396,4.8728
100.3550,1.0694,4.5814
100.3552,1.0493,4.4951
100.3554,1.079,4.6182
100.3556,1.0927,4.6898
100.3558,0.9777,4.1983
100.3560,0.9243,3.9728
100.3562,0.8122,3.4894
100.3564,0.7791,3.3519
100.3566,0.7501,3.227
100.3568,0.7681,3.3044
100.3570,0.7711,3.3189
100.3572,0.7939,3.4153
100.3574,0.8389,3.6054
100.3576,0.8505,3.6503
100.3578,0.8886,3.8157
100.3580,0.9017,3.8772
100.3582,0.8374,3.6009
100.3584,0.7903,3.3983
100.3586,0.7954,3.4268
100.3588,0.7294,3.1378
100.3590,0.761,3.277
100.3592,0.7067,3.0417
100.3594,0.7047,3.0344
100.3596,0.6909,2.9777
100.3598,0.6408,2.7617
100.3600,0.5306,2.2921
100.3602,0.5583,2.4039
100.3604,0.6428,2.7692
100.3606,0.6128,2.6438
100.3608,0.5841,2.5173
100.3610,0.5848,2.5204
100.3612,0.6459,2.7827
100.3614,0.6823,2.9392
100.3616,0.668,2.875
100.3618,0.7618,3.2756
100.3620,0.7937,3.4175
100.3622,0.7363,3.1677
100.3624,0.6921,2.9815
100.3626,0.6602,2.8441
100.3628,0.6267,2.7025
100.3630,0.5698,2.4592
100.3632,0.5932,2.5577
100.3634,0.5833,2.5188
100.3636,0.5474,2.3591
100.3638,0.5821,2.5125
100.3640,0.598,2.5784
100.3642,0.5969,2.5714
100.3644,0.5687,2.4534
100.3646,0.5218,2.2522
100.3648,0.5142,2.2201
100.3650,0.529,2.2822
100.3652,0.5175,2.2336
100.3654,0.5083,2.1927
100.3656,0.5267,2.2682
100.3658,0.5845,2.5217
100.3660,0.532,2.2962
100.3662,0.5086,2.1963
100.3664,0.5044,2.1782
100.3666,0.5096,2.1994
100.3668,0.5225,2.2543
100.3670,0.5619,2.4228
100.3672,0.5849,2.5221
100.3674,0.5982,2.5759
100.3676,0.615,2.6482
100.3678,0.6627,2.851
100.3680,0.6794,2.9281
100.3682,0.6496,2.8
100.3684,0.6317,2.7174
100.3686,0.6914,2.9743
100.3688,0.7041,3.0304
100.3690,0.7413,3.1903
100.3692,0.7375,3.1699
100.3694,0.7767,3.3384
100.3696,0.748,3.2178
100.3698,0.7371,3.1752
100.3700,0.6477,2.7891
100.3702,0.6699,2.8846
100.3704,0.6342,2.732
100.3706,0.6168,2.6596
100.3708,0.6223,2.6784
100.3710,0.6588,2.8313
100.3712,0.7263,3.1229
100.3714,0.7454,3.2039
100.3716,0.7941,3.4163
100.3718,0.7339,3.1589
100.3720,0.6751,2.9055
100.3722,0.6682,2.8761
100.3724,0.641,2.7615
100.3726,0.6432,2.7746
100.3728,0.5556,2.3948
100.3730,0.5524,2.3842
100.3732,0.5536,2.3882
100.3734,0.5958,2.562
100.3736,0.7094,3.0517
100.3738,0.727,3.1246
100.3740,0.7841,3.3777
100.3742,0.5922,2.5512
100.3744,0.5445,2.3478
100.3746,0.5435,2.3437
100.3748,0.5227,2.2558
100.3750,0.5743,2.4731
100.3752,0.6185,2.6644
100.3754,0.6164,2.6556
100.3756,0.5848,2.5204
100.3758,0.6489,2.7943
100.3760,0.6734,2.8983
100.3762,0.5951,2.5672
100.3764,0.551,2.3758
100.3766,0.5801,2.5026
100.3768,0.5264,2.2698
100.3770,0.5279,2.2786
100.3772,0.5223,2.2511
100.3774,0.5126,2.2103
100.3776,0.4975,2.1442
100.3778,0.5044,2.1762
100.3780,0.5122,2.2098
100.3782,0.5138,2.2155
100.3784,0.4683,2.0233
100.3786,0.3954,1.7099
100.3788,0.3922,1.6936
100.3790,0.3898,1.684
100.3792,0.3932,1.6977
100.3794,0.4251,1.8329
100.3796,0.4367,1.8856
100.3798,0.4531,1.952
100.3800,0.5525,2.3847
100.3802,0.5042,2.1761
100.3804,0.4879,2.1048
100.3806,0.5066,2.1824
100.3808,0.549,2.3653
100.3810,0.6151,2.6462
100.3812,0.6658,2.8657
100.3814,0.6717,2.8843
100.3816,0.7463,3.2075
100.3818,0.7618,3.274
100.3820,0.8148,3.5002
100.3822,0.7932,3.4059
100.3824,0.7725,3.3204
100.3826,0.773,3.3178
100.3828,0.8236,3.5334
100.3830,0.8785,3.7654
100.3832,0.9753,4.1782
100.3834,0.9654,4.1356
100.3836,0.982,4.207
100.3838,1.0109,4.3288
100.3840,0.9638,4.1328
100.3842,0.9326,3.9991
100.3844,0.9367,4.0222
100.3846,0.8487,3.6443
100.3848,0.8257,3.5471
100.3850,0.8317,3.5712
100.3852,0.8716,3.7409
100.3854,0.8747,3.7542
100.3856,0.8588,3.6824
100.3858,0.9275,3.9807
100.3860,0.9278,3.9841
100.3862,0.9058,3.8912
100.3864,0.7854,3.3771
100.3866,0.7694,3.307
100.3868,0.807,3.4635
100.3870,0.8247,3.5446
100.3872,0.7769,3.3359
100.3874,0.8386,3.596
100.3876,0.8965,3.8443
100.3878,0.8849,3.7998
100.3880,0.8802,3.7797
100.3882,0.899,3.8587
100.3884,0.8748,3.7565
100.3886,0.8842,3.7949
100.3888,0.9273,3.9709
100.3890,0.9415,4.039
100.3892,0.8708,3.7494
100.3894,0.7308,3.1469
100.3896,0.7457,3.2065
100.3898,0.7644,3.2869
100.3900,0.851,3.6574
100.3902,0.8323,3.5754
100.3904,0.7703,3.3106
100.3906,0.7975,3.4292
100.3908,0.8102,3.479
100.3910,0.8747,3.7525
100.3912,0.9191,3.9428
100.3914,0.9295,3.9913
100.3916,0.9243,3.9636
100.3918,0.9335,4.0083
100.3920,0.9293,3.9847
100.3922,0.927,3.9842
100.3924,0.7895,3.3947
100.3926,0.7552,3.2487
100.3928,0.7595,3.2688
100.3930,0.7618,3.2756
100.3932,0.7279,3.136
100.3934,0.6939,2.9907
100.3936,0.6215,2.6798
100.3938,0.5857,2.5233
100.3940,0.654,2.8186
100.3942,0.6481,2.7958
100.3944,0.5954,2.5664
100.3946,0.5874,2.5329
100.3948,0.5675,2.4482
100.3950,0.5678,2.4481
100.3952,0.5657,2.4382
100.3954,0.5766,2.4852
100.3956,0.5982,2.5807
100.3958,0.6023,2.5934
100.3960,0.6413,2.7638
100.3962,0.5968,2.5697
100.3964,0.6429,2.7633
100.3966,0.7758,3.3359
100.3968,0.6722,2.8998
100.3970,0.5505,2.3748
100.3972,0.5355,2.3123
100.3974,0.5257,2.2688
100.3976,0.5279,2.2786
100.3978,0.5252,2.2646
100.3980,0.5255,2.2682
100.3982,0.5241,2.261
100.3984,0.5234,2.2579
100.3986,0.5251,2.2641
100.3988,0.5255,2.2672
100.3990,0.5295,2.2843
100.3992,0.5283,2.277
100.3994,0.5251,2.2672
100.3996,0.5272,2.2744
100.3998,0.5402,2.3271
100.4000,0.597,2.5695
100.4002,0.5788,2.4957
100.4004,0.5323,2.2951
100.4006,0.5306,2.2889
100.4008,0.5284,2.2807
100.4010,0.5271,2.2739
100.4012,0.5255,2.2672
100.4014,0.5251,2.2651
100.4016,0.5299,2.2858
100.4018,0.5283,2.278
100.4020,0.5341,2.2996
100.4022,0.5867,2.5251
100.4024,0.6622,2.8503
100.4026,0.6452,2.7808
100.4028,0.6365,2.7406
100.4030,0.6371,2.7393
100.4032,0.6812,2.9332
100.4034,0.6432,2.7695
100.4036,0.6618,2.8482
100.4038,0.7228,3.1036
100.4040,0.7765,3.3359
100.4042,0.7944,3.419
100.4044,0.7469,3.2116
100.4046,0.7788,3.3519
100.4048,0.6601,2.841
100.4050,0.6517,2.8048
100.4052,0.6903,2.9696
100.4054,0.7237,3.1092
100.4056,0.7384,3.1735
100.4058,0.7824,3.3627
100.4060,0.7576,3.2651
100.4062,0.6348,2.7333
100.4064,0.6139,2.6398
100.4066,0.7552,3.2472
100.4068,0.6903,2.971
100.4070,0.6448,2.778
100.4072,0.6034,2.5969
100.4074,0.6687,2.8781
100.4076,0.6594,2.8431
100.4078,0.6088,2.6237
100.4080,0.6209,2.6759
100.4082,0.605,2.6053
100.4084,0.6127,2.6383
100.4086,0.6686,2.8776
100.4088,0.6927,2.98
100.4090,0.6796,2.9264
100.4092,0.6741,2.9027
100.4094,0.5989,2.579
100.4096,0.6211,2.6732
100.4098,0.7199,3.0913
100.4100,0.8032,3.4475
100.4102,0.8369,3.5938
100.4104,0.7913,3.4008
100.4106,0.8205,3.5216
100.4108,0.8315,3.569
100.4110,0.8031,3.4566
100.4112,0.6433,2.7726
100.4114,0.6046,2.6008
100.4116,0.6983,3.0042
100.4118,0.7401,3.1763
100.4120,0.7917,3.406
100.4122,0.6862,2.9548
100.4124,0.6522,2.8082
100.4126,0.6403,2.7597
100.4128,0.5877,2.5328
100.4130,0.5646,2.4358
100.4132,0.4936,2.1306
100.4134,0.5037,2.17
100.4136,0.612,2.6316
100.4138,0.6433,2.7726
100.4140,0.5841,2.5138
100.4142,0.661,2.8491
100.4144,0.613,2.6406
100.4146,0.5909,2.5444
100.4148,0.6411,2.7569
100.4150,0.7552,3.2427
100.4152,0.7833,3.3605
100.4154,0.8335,3.5789
100.4156,0.8555,3.6753
100.4158,0.8182,3.5168
100.4160,0.8483,3.641
100.4162,0.9006,3.8618
100.4164,0.8832,3.7908
100.4166,0.8559,3.6752
100.4168,0.8031,3.4486
100.4170,0.855,3.6681
100.4172,0.9487,4.068
100.4174,0.9634,4.1293
100.4176,0.988,4.2366
100.4178,0.9728,4.1655
100.4180,0.9981,4.2778
100.4182,0.9735,4.1763
100.4184,0.8866,3.807
100.4186,0.8678,3.7227
100.4188,0.9049,3.8857
100.4190,0.948,4.0725
100.4192,0.8403,3.6082
100.4194,0.8145,3.4992
100.4196,0.8034,3.4561
100.4198,0.8108,3.4816
100.4200,0.8379,3.5979
100.4202,0.8693,3.7346
100.4204,0.8895,3.8211
100.4206,0.8365,3.5917
100.4208,0.8191,3.5204
100.4210,0.8288,3.5605
100.4212,0.8395,3.6029
100.4214,0.845,3.6317
100.4216,0.8184,3.5156
100.4218,0.868,3.7289
100.4220,0.8276,3.5636
100.4222,0.7277,3.132
100.4224,0.7319,3.1516
100.4226,0.7096,3.0555
100.4228,0.7014,3.0176
100.4230,0.6831,2.936
100.4232,0.7684,3.3039
100.4234,0.7746,3.3354
100.4236,0.7194,3.0993
100.4238,0.6681,2.8769
100.4240,0.7199,3.097
100.4242,0.729,3.1377
100.4244,0.711,3.0589
100.4246,0.7052,3.0364
100.4248,0.6752,2.9114
100.4250,0.5803,2.5071
100.4252,0.5089,2.1953
100.4254,0.5512,2.3779
100.4256,0.602,2.5924
100.4258,0.6595,2.8423
100.4260,0.61,2.6289
100.4262,0.6048,2.6115
100.4264,0.5167,2.2258
100.4266,0.5749,2.4803
100.4268,0.5758,2.4839
100.4270,0.5842,2.5178
100.4272,0.5779,2.4944
100.4274,0.5146,2.2212
100.4276,0.5082,2.1912
100.4278,0.5062,2.1829
100.4280,0.555,2.3911
100.4282,0.5602,2.4167
100.4284,0.5241,2.2641
100.4286,0.51,2.201
100.4288,0.4773,2.0583
100.4290,0.4848,2.0933
100.4292,0.4862,2.0995
100.4294,0.5047,2.1742
100.4296,0.5634,2.4273
100.4298,0.5831,2.5143
100.4300,0.5637,2.4306
100.4302,0.579,2.4944
100.4304,0.5927,2.5545
100.4306,0.5407,2.3324
100.4308,0.5337,2.3002
100.4310,0.5775,2.4866
100.4312,0.5802,2.5007
100.4314,0.5625,2.4254
100.4316,0.5448,2.3483
100.4318,0.6005,2.5833
100.4320,0.696,2.9944
100.4322,0.6472,2.7948
100.4324,0.4821,2.0819
100.4326,0.4614,1.9905
100.4328,0.4627,1.9952
100.4330,0.464,2.0018
100.4332,0.4621,1.9945
100.4334,0.4658,2.0105
100.4336,0.4962,2.1385
100.4338,0.6005,2.5881
100.4340,0.5597,2.4146
100.4342,0.5288,2.2801
100.4344,0.4849,2.088
100.4346,0.5152,2.2248
100.4348,0.4848,2.0884
100.4350,0.5555,2.3932
100.4352,0.5972,2.5717
100.4354,0.6501,2.7968
100.4356,0.6778,2.9201
100.4358,0.5685,2.449
100.4360,0.5525,2.3825
100.4362,0.5484,2.3638
100.4364,0.5555,2.3921
100.4366,0.585,2.5179
100.4368,0.6343,2.73
100.4370,0.6066,2.612
100.4372,0.6216,2.6778
100.4374,0.6494,2.7937
100.4376,0.7142,3.0709
100.4378,0.7164,3.0821
100.4380,0.6608,2.8467
100.4382,0.5518,2.3761
100.4384,0.556,2.3952
100.4386,0.6004,2.5876
100.4388,0.6136,2.6407
100.4390,0.6283,2.7017
100.4392,0.6462,2.7798
100.4394,0.6558,2.8237
100.4396,0.6415,2.761
100.4398,0.6228,2.683
100.4400,0.5624,2.4249
100.4402,0.5329,2.2966
100.4404,0.5339,2.3023
100.4406,0.5312,2.2926
100.4408,0.5218,2.2501
100.4410,0.5239,2.2568
100.4412,0.5098,2.2004
100.4414,0.4826,2.0791
100.4416,0.5501,2.3666
100.4418,0.6265,2.6977
100.4420,0.5574,2.4059
100.4422,0.5103,2.1995
100.4424,0.5568,2.3977
100.4426,0.5423,2.3374
100.4428,0.5283,2.2759
100.4430,0.6095,2.6244
100.4432,0.5622,2.4187
100.4434,0.6145,2.6498
100.4436,0.5242,2.2605
100.4438,0.5145,2.2186
100.4440,0.4877,2.1057
100.4442,0.4247,1.8313
100.4444,0.4615,1.9928
100.4446,0.4561,1.9686
100.4448,0.4546,1.9628
100.4450,0.3959,1.7096
100.4452,0.4041,1.7456
100.4454,0.4083,1.7638
100.4456,0.4168,1.7989
100.4458,0.4084,1.761
100.4460,0.47,2.0249
100.4462,0.5281,2.2759
100.4464,0.4801,2.0683
100.4466,0.4874,2.1008
100.4468,0.5164,2.2227
100.4470,0.5958,2.5667
100.4472,0.5723,2.4621
100.4474,0.6407,2.7522
100.4476,0.7239,3.1126
100.4478,0.6901,2.9645
100.4480,0.6823,2.9323
100.4482,0.7416,3.1845
100.4484,0.7962,3.4124
100.4486,0.8595,3.6906
100.4488,0.8065,3.4598
100.4490,0.8499,3.646
100.4492,0.8652,3.7136
100.4494,0.8633,3.7019
100.4496,0.8925,3.8215
100.4498,0.9403,4.0226
100.4500,0.9989,4.2734
100.4502,1.0185,4.3591
100.4504,1.0648,4.555
100.4506,1.1194,4.78
100.4508,1.1335,4.8489
100.4510,1.0236,4.3811
100.4512,1.0455,4.4683
100.4514,1.1007,4.7111
100.4516,1.0845,4.6375
100.4518,1.099,4.6951
100.4520,1.1589,4.9554
100.4522,1.1443,4.9134
100.4524,0.8698,3.7366
100.4526,0.8096,3.4764
100.4528,0.8432,3.6172
100.4530,0.8429,3.6212
100.4532,0.8246,3.5457
100.4534,0.8402,3.6043
100.4536,0.9011,3.8657
100.4538,0.8825,3.793
100.4540,0.7618,3.2756
100.4542,0.8053,3.4563
100.4544,0.8682,3.7282
100.4546,0.8212,3.5264
100.4548,0.8188,3.521
100.4550,0.8043,3.457
100.4552,0.8282,3.5529
100.4554,0.8622,3.7007
100.4556,0.8542,3.6679
100.4558,0.8692,3.7358
100.4560,0.8037,3.4528
100.4562,0.7661,3.2941
100.4564,0.7916,3.4071
100.4566,0.7802,3.3534
100.4568,0.7675,3.3018
100.4570,0.7987,3.436
100.4572,0.7604,3.2684
100.4574,0.7739,3.3245
100.4576,0.7963,3.424
100.4578,0.7884,3.39
100.4580,0.7745,3.3287
100.4582,0.7371,3.1738
100.4584,0.6707,2.8856
100.4586,0.667,2.8762
100.4588,0.6008,2.586
100.4590,0.6466,2.7883
100.4592,0.5787,2.4952
100.4594,0.5874,2.5329
100.4596,0.5902,2.5436
100.4598,0.6205,2.6719
100.4600,0.6728,2.8943
100.4602,0.7313,3.1446
100.4604,0.7433,3.1932
100.4606,0.7462,3.21
100.4608,0.6777,2.9182
100.4610,0.6582,2.8353
100.4612,0.6586,2.8387
100.4614,0.6552,2.8198
100.4616,0.6649,2.8643
100.4618,0.6036,2.6051
100.4620,0.4978,2.1477
100.4622,0.4841,2.0892
100.4624,0.4815,2.0783
100.4626,0.5229,2.2527
100.4628,0.5954,2.57
100.4630,0.5417,2.3338
100.4632,0.6049,2.6072
100.4634,0.5859,2.5274
100.4636,0.5351,2.3064
100.4638,0.5648,2.433
100.4640,0.6189,2.6701
100.4642,0.5426,2.3396
100.4644,0.5389,2.3225
100.4646,0.5626,2.4259
100.4648,0.586,2.5279
100.4650,0.5446,2.3483
100.4652,0.5429,2.3389
100.4654,0.5432,2.3432
100.4656,0.5544,2.3907
100.4658,0.5359,2.3117
100.4660,0.5269,2.2718
100.4662,0.5125,2.2088
100.4664,0.5305,2.2852
100.4666,0.6032,2.6036
100.4668,0.5543,2.388
100.4670,0.5505,2.3704
100.4672,0.609,2.6223
100.4674,0.6425,2.7651
100.4676,0.6536,2.8118
100.4678,0.6542,2.8157
100.4680,0.6705,2.8872
100.4682,0.6749,2.9023
100.4684,0.7566,3.2504
100.4686,0.8181,3.513
100.4688,0.7903,3.3967
100.4690,0.7213,3.0989
100.4692,0.7143,3.0728
100.4694,0.7188,3.0895
100.4696,0.7357,3.1651
100.4698,0.7085,3.048
100.4700,0.7279,3.1302
100.4702,0.6969,2.9994
100.4704,0.7079,3.0455
100.4706,0.741,3.1834
100.4708,0.7321,3.1467
100.4710,0.7809,3.3565
100.4712,0.8077,3.473
100.4714,0.8282,3.5562
100.4716,0.7717,3.3183
100.4718,0.7566,3.2549
100.4720,0.7417,3.1865
100.4722,0.7531,3.2354
100.4724,0.7601,3.2714
100.4726,0.6717,2.8924
100.4728,0.6278,2.7034
100.4730,0.6215,2.6748
100.4732,0.7332,3.1543
100.4734,0.7452,3.2044
100.4736,0.701,3.0169
100.4738,0.6758,2.9086
100.4740,0.6899,2.9681
100.4742,0.723,3.1105
100.4744,0.6969,3.0022
100.4746,0.6643,2.8643
100.4748,0.6169,2.6564
100.4750,0.6439,2.7713
100.4752,0.658,2.8335
100.4754,0.6203,2.6746
100.4756,0.5413,2.3339
100.4758,0.5597,2.4135
100.4760,0.545,2.3521
100.4762,0.5211,2.2491
100.4764,0.5197,2.2398
100.4766,0.5775,2.4889
100.4768,0.5941,2.5619
100.4770,0.5631,2.4291
100.4772,0.4996,2.1565
100.4774,0.4185,1.8078
100.4776,0.4006,1.7314
100.4778,0.4029,1.7404
100.4780,0.4007,1.7303
100.4782,0.4329,1.8708
100.4784,0.3994,1.7262
100.4786,0.398,1.7192
100.4788,0.3972,1.7153
100.4790,0.3981,1.7181
100.4792,0.4785,2.0616
100.4794,0.5459,2.354
100.4796,0.5004,2.1566
100.4798,0.5379,2.3194
100.4800,0.5158,2.2263
100.4802,0.4843,2.0893
100.4804,0.4886,2.1059
100.4806,0.5179,2.232
100.4808,0.5597,2.4101
100.4810,0.6176,2.6608
100.4812,0.5755,2.4794
100.4814,0.5775,2.4866
100.4816,0.6813,2.9296
100.4818,0.732,3.1433
100.4820,0.7874,3.3843
100.4822,0.7741,3.324
100.4824,0.8251,3.5412
100.4826,0.8636,3.7047
100.4828,0.856,3.6774
100.4830,0.8981,3.8492
100.4832,0.9691,4.1496
100.4834,1.0103,4.3262
100.4836,1.03,4.4083
100.4838,1.0921,4.6654
100.4840,1.1072,4.7322
100.4842,1.1107,4.7537
100.4844,1.0685,4.5709
100.4846,1.136,4.8643
100.4848,1.0498,4.4993
100.4850,0.9764,4.1867
100.4852,0.9752,4.1758
100.4854,1.0107,4.3277
100.4856,0.9785,4.194
100.4858,0.9746,4.1771
100.4860,0.9345,4.0073
100.4862,0.9524,4.0896
100.4864,0.8778,3.7659
100.4866,0.9381,4.0246
100.4868,0.909,3.9051
100.4870,0.8056,3.4594
100.4872,0.8076,3.4741
100.4874,0.7684,3.3054
100.4876,0.7948,3.4147
100.4878,0.8501,3.6538
100.4880,0.8287,3.5583
100.4882,0.8118,3.4857
100.4884,0.8699,3.7389
100.4886,0.8289,3.5643
100.4888,0.852,3.6587
100.4890,0.9185,3.9421
100.4892,0.8823,3.7884
100.4894,0.8981,3.8564
100.4896,0.8204,3.5293
100.4898,0.7384,3.175
100.4900,0.8179,3.5119
100.4902,0.858,3.6827
100.4904,0.871,3.7418
100.4906,0.8555,3.677
100.4908,0.8417,3.6195
100.4910,0.7944,3.4142
100.4912,0.815,3.5012
100.4914,0.8145,3.504
100.4916,0.7733,3.3266
100.4918,0.7404,3.1823
100.4920,0.7448,3.2118
100.4922,0.6237,2.6908
100.4924,0.6088,2.6201
100.4926,0.6329,2.7289
100.4928,0.6002,2.5919
100.4930,0.5204,2.2429
100.4932,0.6258,2.6946
100.4934,0.5782,2.4954
100.4936,0.5062,2.1859
100.4938,0.4903,2.1181
100.4940,0.4873,2.1022
100.4942,0.5154,2.2222
100.4944,0.5911,2.5466
100.4946,0.6689,2.8805
100.4948,0.5618,2.4257
100.4950,0.4375,1.8893
100.4952,0.4616,1.9943
100.4954,0.4281,1.8518
100.4956,0.433,1.867
100.4958,0.5462,2.3529
100.4960,0.5773,2.4883
100.4962,0.5899,2.5438
100.4964,0.595,2.5655
100.4966,0.5672,2.4444
100.4968,0.5536,2.3882
100.4970,0.4897,2.1145
100.4972,0.4574,1.9761
100.4974,0.4565,1.9702
100.4976,0.4548,1.962
100.4978,0.4899,2.1136
100.4980,0.5283,2.2823
100.4982,0.4608,1.9869
100.4984,0.5049,2.1792
100.4986,0.4656,2.0104
100.4988,0.4518,1.9518
100.4990,0.4496,1.9407
100.4992,0.4451,1.9228
100.4994,0.4475,1.9331
100.4996,0.4492,1.9395
100.4998,0.4477,1.9324
100.5000,0.4476,1.9328
100.5002,0.4447,1.9203
100.5004,0.4454,1.9234
100.5006,0.4472,1.9303
100.5008,0.4495,1.9401
100.5010,0.4469,1.9305
100.5012,0.441,1.9052
100.5014,0.443,1.9113
100.5016,0.446,1.9234
100.5018,0.4758,2.0497
100.5020,0.5596,2.4119
100.5022,0.5594,2.4108
100.5024,0.541,2.3318
100.5026,0.5512,2.3768
100.5028,0.5499,2.3711
100.5030,0.5754,2.4778
100.5032,0.6181,2.6616
100.5034,0.5897,2.5392
100.5036,0.5803,2.5013
100.5038,0.5638,2.4288
100.5040,0.5663,2.4385
100.5042,0.6106,2.6291
100.5044,0.6378,2.7412
100.5046,0.7218,3.1024
100.5048,0.7797,3.3545
100.5050,0.6253,2.6926
100.5052,0.6233,2.6813
100.5054,0.6585,2.8316
100.5056,0.674,2.8981
100.5058,0.6693,2.878
100.5060,0.6186,2.6686
100.5062,0.541,2.3328
100.5064,0.5724,2.4603
100.5066,0.6646,2.8632
100.5068,0.6186,2.6612
100.5070,0.6356,2.7344
100.5072,0.6314,2.7151
100.5074,0.6689,2.8725
100.5076,0.6944,2.9886
100.5078,0.6686,2.8763
100.5080,0.7029,3.021
100.5082,0.7404,3.1838
100.5084,0.6976,2.9983
100.5086,0.639,2.754
100.5088,0.5387,2.3219
100.5090,0.5404,2.3303
100.5092,0.5101,2.2005
100.5094,0.505,2.1787
100.5096,0.5053,2.1798
100.5098,0.5013,2.1597
100.5100,0.5452,2.3488
100.5102,0.5579,2.4024
100.5104,0.6283,2.7017
100.5106,0.6306,2.7191
100.5108,0.5281,2.2749
100.5110,0.6108,2.6264
100.5112,0.6703,2.8822
100.5114,0.6682,2.8787
100.5116,0.6058,2.6084
100.5118,0.6164,2.6507
100.5120,0.6471,2.7852
100.5122,0.5799,2.4969
100.5124,0.5889,2.5321
100.5126,0.6664,2.867
100.5128,0.6276,2.7061
100.5130,0.5127,2.2118
100.5132,0.4891,2.108
100.5134,0.4917,2.1184
100.5136,0.5013,2.1617
100.5138,0.5144,2.217
100.5140,0.5483,2.36
100.5142,0.5791,2.4903
100.5144,0.693,2.9787
100.5146,0.7269,3.1241
100.5148,0.7819,3.359
100.5150,0.773,3.3194
100.5152,0.8014,3.4366
100.5154,0.8443,3.6235
100.5156,0.7937,3.4063
100.5158,0.8427,3.6151
100.5160,0.8625,3.7
100.5162,0.8881,3.803
100.5164,0.9795,4.1923
100.5166,1.006,4.3077
100.5168,1.0028,4.2918
100.5170,1.0314,4.4124
100.5172,1.065,4.5561
100.5174,1.0921,4.672
100.5176,1.1119,4.7588
100.5178,1.0899,4.6606
100.5180,1.0582,4.531
100.5182,0.9992,4.2824
100.5184,0.9702,4.1561
100.5186,0.9603,4.114
100.5188,0.9758,4.1861
100.5190,0.9648,4.133
100.5192,0.9631,4.1277
100.5194,0.9356,4.0138
100.5196,0.9257,3.9693
100.5198,0.976,4.1793
100.5200,0.9658,4.1396
100.5202,0.9667,4.1451
100.5204,0.9646,4.1364
100.5206,0.9104,3.9112
100.5208,0.894,3.8353
100.5210,0.944,4.046
100.5212,0.9166,3.9338
100.5214,0.9272,3.9778
100.5216,0.8751,3.7593
100.5218,0.868,3.7272
100.5220,0.8794,3.7761
100.5222,0.8682,3.7299
100.5224,0.883,3.7915
100.5226,0.9357,4.0181
100.5228,0.9084,3.897
100.5230,0.8616,3.6981
100.5232,0.8547,3.6717
100.5234,0.8805,3.7789
100.5236,0.9156,3.9316
100.5238,0.9343,4.0063
100.5240,0.9767,4.1922
100.5242,0.9395,4.0321
100.5244,0.9443,4.0489
100.5246,0.8717,3.7501
100.5248,0.7711,3.3142
100.5250,0.8962,3.8589
100.5252,0.7367,3.1693
100.5254,0.7435,3.1927
100.5256,0.8398,3.6062
100.5258,0.8995,3.8662
100.5260,0.8743,3.7562
100.5262,0.7881,3.389
100.5264,0.7962,3.4203
100.5266,0.8813,3.7966
100.5268,0.7889,3.3952
100.5270,0.7643,3.2925
100.5272,0.7754,3.3328
100.5274,0.8381,3.6006
100.5276,0.8549,3.6693
100.5278,0.8337,3.5782
100.5280,0.8821,3.7932
100.5282,0.7972,3.4282
100.5284,0.7709,3.3209
100.5286,0.7628,3.2848
100.5288,0.7441,3.1998
100.5290,0.7616,3.275
100.5292,0.757,3.2549
100.5294,0.7711,3.3235
100.5296,0.6808,2.9302
100.5298,0.7432,3.1956
100.5300,0.7577,3.2656
100.5302,0.6879,2.9621
100.5304,0.7239,3.1155
100.5306,0.7264,3.1235
100.5308,0.7403,3.1862
100.5310,0.7644,3.2838
100.5312,0.8453,3.6298
100.5314,0.871,3.7418
100.5316,0.8801,3.7862
100.5318,0.8109,3.4869
100.5320,0.8025,3.4492
100.5322,0.7851,3.3808
100.5324,0.7104,3.0648
100.5326,0.6079,2.6189
100.5328,0.6654,2.8637
100.5330,0.7482,3.2158
100.5332,0.905,3.8935
100.5334,0.757,3.2655
100.5336,0.5913,2.5495
100.5338,0.5793,2.4966
100.5340,0.5844,2.52
100.5342,0.5925,2.5546
100.5344,0.5682,2.4513
100.5346,0.5384,2.3204
100.5348,0.5948,2.565
100.5350,0.6529,2.81
100.5352,0.7007,3.0173
100.5354,0.6607,2.8462
100.5356,0.6674,2.8751
100.5358,0.6746,2.9048
100.5360,0.726,3.1219
100.5362,0.7741,3.3333
100.5364,0.8026,3.4498
100.5366,0.8239,3.5377
100.5368,0.9043,3.8795
100.5370,0.9402,4.0371
100.5372,0.9108,3.9146
100.5374,0.8297,3.5679
100.5376,0.7863,3.3844
100.5378,0.7751,3.3328
100.5380,0.7779,3.3545
100.5382,0.6493,2.7984
100.5384,0.6361,2.739
100.5386,0.7032,3.0239
100.5388,0.7562,3.2533
100.5390,0.7494,3.2254
100.5392,0.7529,3.2434
100.5394,0.6746,2.9075
100.5396,0.638,2.7486
100.5398,0.7496,3.2265
100.5400,0.7265,3.1298
100.5402,0.6398,2.7576
100.5404,0.636,2.7423
100.5406,0.6192,2.6675
100.5408,0.6775,2.9199
100.5410,0.6082,2.6236
100.5412,0.5688,2.4539
100.5414,0.5857,2.5269
100.5416,0.6073,2.6151
100.5418,0.6342,2.7371
100.5420,0.5121,2.2113
100.5422,0.4818,2.0794
100.5424,0.4839,2.0906
100.5426,0.4848,2.0962
100.5428,0.4856,2.0979
100.5430,0.4947,2.1333
100.5432,0.5626,2.4304
100.5434,0.5042,2.1781
100.5436,0.4794,2.07
100.5438,0.4799,2.072
100.5440,0.4748,2.0493
100.5442,0.4745,2.0478
100.5444,0.477,2.0606
100.5446,0.4766,2.059
100.5448,0.4799,2.0692
100.5450,0.5085,2.1958
100.5452,0.4637,2.0031
100.5454,0.474,2.0438
100.5456,0.5645,2.4308
100.5458,0.6377,2.7496
100.5460,0.5778,2.4927
100.5462,0.5875,2.5299
100.5464,0.6444,2.7721
100.5466,0.7266,3.1245
100.5468,0.7662,3.2992
100.5470,0.6642,2.8585
100.5472,0.7,3.0086
100.5474,0.75,3.222
100.5476,0.7866,3.3791
100.5478,0.8102,3.4838
100.5480,0.8134,3.4945
100.5482,0.8285,3.5578
100.5484,0.8725,3.7467
100.5486,0.8885,3.817
100.5488,0.842,3.6121
100.5490,0.8811,3.7798
100.5492,0.8871,3.8072
100.5494,0.9194,3.9462
100.5496,0.9217,3.9523
100.5498,0.9661,4.1387
100.5500,1.0272,4.4006
100.5502,1.0964,4.6861
100.5504,1.1393,4.8741
100.5506,1.1278,4.8248
100.5508,1.1891,5.0965
100.5510,1.0519,4.5086
100.5512,1.0104,4.3328
100.5514,0.9598,4.1254
100.5516,0.8595,3.6889
100.5518,0.9477,4.062
100.5520,0.994,4.2643
100.5522,0.9126,3.9242
100.5524,0.8438,3.6248
100.5526,0.8751,3.761
100.5528,0.826,3.5519
100.5530,0.8283,3.56
100.5532,0.9052,3.885
100.5534,0.971,4.1675
100.5536,0.8977,3.8584
100.5538,0.8637,3.7103
100.5540,0.8559,3.682
100.5542,0.8496,3.6535
100.5544,0.8649,3.7172
100.5546,0.8482,3.6507
100.5548,0.7637,3.2823
100.5550,0.7934,3.4101
100.5552,0.8541,3.6691
100.5554,0.8692,3.7323
100.5556,0.861,3.7007
100.5558,0.8823,3.7902
100.5560,0.9314,3.9995
100.5562,0.912,3.9125
100.5564,0.9192,3.9452
100.5566,0.9278,3.9822
100.5568,0.9042,3.8863
100.5570,0.8594,3.6918
100.5572,0.8767,3.7665
100.5574,0.8926,3.8345
100.5576,0.895,3.8466
100.5578,0.8528,3.6686
100.5580,0.7817,3.3611
100.5582,0.7116,3.0714
100.5584,0.6386,2.7524
100.5586,0.6766,2.9149
100.5588,0.6869,2.9579
100.5590,0.6993,3.0111
100.5592,0.7192,3.0954
100.5594,0.7327,3.1596
100.5596,0.6241,2.6899
100.5598,0.6348,2.7346
100.5600,0.6181,2.6678
100.5602,0.5695,2.457
100.5604,0.6016,2.5975
100.5606,0.5528,2.3879
100.5608,0.4929,2.1285
100.5610,0.5006,2.1636
100.5612,0.4926,2.1279
100.5614,0.4854,2.0939
100.5616,0.4989,2.1534
100.5618,0.5059,2.1854
100.5620,0.5279,2.2818
100.5622,0.5165,2.2284
100.5624,0.5193,2.2434
100.5626,0.432,1.8689
100.5628,0.4231,1.828
100.5630,0.4884,2.1049
100.5632,0.55,2.3749
100.5634,0.5072,2.1921
100.5636,0.4686,2.0262
100.5638,0.4785,2.0673
100.5640,0.4951,2.1378
100.5642,0.4936,2.1316
100.5644,0.491,2.1192
100.5646,0.4984,2.1533
100.5648,0.4796,2.071
100.5650,0.4772,2.0587
100.5652,0.4845,2.0913
100.5654,0.5237,2.2594
100.5656,0.5658,2.4376
100.5658,0.6222,2.6829
100.5660,0.6096,2.6286
100.5662,0.5436,2.3453
100.5664,0.514,2.2165
100.5666,0.5731,2.4691
100.5668,0.5622,2.4255
100.5670,0.5282,2.2754
100.5672,0.5917,2.548
100.5674,0.6221,2.6811
100.5676,0.611,2.6323
100.5678,0.6097,2.6254
100.5680,0.6459,2.7814
100.5682,0.6904,2.9674
100.5684,0.7149,3.074
100.5686,0.7329,3.1542
100.5688,0.6667,2.8707
100.5690,0.6697,2.8849
100.5692,0.6695,2.8804
100.5694,0.706,3.0386
100.5696,0.6878,2.9602
100.5698,0.6811,2.9286
100.5700,0.7799,3.3425
100.5702,0.9019,3.8747
100.5704,0.8056,3.4659
100.5706,0.7343,3.1575
100.5708,0.7782,3.3462
100.5710,0.7597,3.2668
100.5712,0.7241,3.1166
100.5714,0.6727,2.9019
100.5716,0.5591,2.412
100.5718,0.5546,2.389
100.5720,0.6121,2.637
100.5722,0.6425,2.7664
100.5724,0.6709,2.8888
100.5726,0.6644,2.8622
100.5728,0.6368,2.7409
100.5730,0.6477,2.7904
100.5732,0.6152,2.6516
100.5734,0.5472,2.3608
100.5736,0.5366,2.3159
100.5738,0.51,2.202
100.5740,0.5167,2.2248
100.5742,0.5981,2.5789
100.5744,0.6187,2.6642
100.5746,0.6754,2.9124
100.5748,0.5632,2.4274
100.5750,0.5769,2.4851
100.5752,0.5873,2.5324
100.5754,0.5639,2.4327
100.5756,0.5656,2.4377
100.5758,0.6341,2.729
100.5760,0.6475,2.7907
100.5762,0.5687,2.4489
100.5764,0.6482,2.7912
100.5766,0.6825,2.9402
100.5768,0.6314,2.7202
100.5770,0.5712,2.462
100.5772,0.5675,2.4482
100.5774,0.5323,2.294
100.5776,0.5556,2.3948
100.5778,0.5477,2.3651
100.5780,0.4391,1.8969
100.5782,0.4263,1.8372
100.5784,0.4926,2.1269
100.5786,0.4246,1.8317
100.5788,0.4914,2.1168
100.5790,0.556,2.3975
100.5792,0.5094,2.1963
100.5794,0.504,2.1731
100.5796,0.5047,2.1772
100.5798,0.5077,2.1891
100.5800,0.5435,2.3426
100.5802,0.5526,2.3808
100.5804,0.5747,2.4793
100.5806,0.5518,2.3794
100.5808,0.5526,2.3808
100.5810,0.6138,2.6442
100.5812,0.5875,2.5287
100.5814,0.624,2.6806
100.5816,0.7174,3.0848
100.5818,0.7419,3.19
100.5820,0.7201,3.0938
100.5822,0.7778,3.3431
100.5824,0.7986,3.4306
100.5826,0.8759,3.7489
100.5828,0.9946,4.2609
100.5830,0.9914,4.2451
100.5832,1.014,4.3401
100.5834,1.0221,4.3806
100.5836,0.9941,4.2608
100.5838,0.9844,4.2153
100.5840,1.0095,4.3307
100.5842,0.9631,4.1277
100.5844,0.9916,4.2481
100.5846,0.9773,4.1889
100.5848,0.9896,4.2393
100.5850,0.9698,4.1604
100.5852,0.8907,3.8298
100.5854,0.8307,3.567
100.5856,0.8212,3.528
100.5858,0.8367,3.5945
100.5860,0.845,3.6266
100.5862,0.8849,3.7909
100.5864,0.9511,4.0764
100.5866,0.9549,4.0966
100.5868,0.9529,4.0898
100.5870,0.9658,4.1434
100.5872,0.9046,3.8824
100.5874,0.9174,3.9356
100.5876,0.9444,4.0476
100.5878,0.9588,4.1092
100.5880,0.9513,4.0831
100.5882,0.9631,4.1354
100.5884,0.9475,4.0647
100.5886,0.961,4.1229
100.5888,0.9573,4.1012
100.5890,0.9854,4.2273
100.5892,0.957,4.1073
100.5894,0.9074,3.8929
100.5896,0.8771,3.7663
100.5898,0.9037,3.8842
100.5900,0.9259,3.9684
100.5902,1.0001,4.2845
100.5904,0.9983,4.2828
100.5906,0.9669,4.1481
100.5908,0.9561,4.1056
100.5910,0.8943,3.8489
100.5912,0.7746,3.3307
100.5914,0.7709,3.3178
100.5916,0.7719,3.3256
100.5918,0.6612,2.8496
100.5920,0.6523,2.8087
100.5922,0.6398,2.7576
100.5924,0.5837,2.5181
100.5926,0.5848,2.5239
100.5928,0.6253,2.6913
100.5930,0.7329,3.1513
100.5932,0.7624,3.2827
100.5934,0.6827,2.9453
100.5936,0.596,2.5713
100.5938,0.5749,2.478
100.5940,0.5801,2.5014
100.5942,0.5827,2.5128
100.5944,0.5848,2.5192
100.5946,0.6463,2.7842
100.5948,0.6212,2.6775
100.5950,0.6258,2.6984
100.5952,0.63,2.714
100.5954,0.6182,2.6633
100.5956,0.6342,2.7308
100.5958,0.6598,2.8373
100.5960,0.7541,3.2426
100.5962,0.8513,3.6556
100.5964,0.902,3.8806
100.5966,0.7234,3.1135
100.5968,0.6934,2.9886
100.5970,0.6064,2.6146
100.5972,0.5895,2.5405
100.5974,0.6043,2.6058
100.5976,0.601,2.5914
100.5978,0.5573,2.4065
100.5980,0.5059,2.1844
100.5982,0.5005,2.1601
100.5984,0.5221,2.2532
100.5986,0.5183,2.2351
100.5988,0.5127,2.2108
100.5990,0.5187,2.2377
100.5992,0.521,2.2486
100.5994,0.5284,2.2775
100.5996,0.6476,2.7873
100.5998,0.6251,2.6965
100.6000,0.5728,2.4733
100.6002,0.5408,2.3318
100.6004,0.5287,2.2785
100.6006,0.5287,2.2796
100.6008,0.5279,2.2754
100.6010,0.5594,2.4131
100.6012,0.574,2.4727
100.6014,0.6221,2.6799
100.6016,0.6755,2.9062
100.6018,0.7279,3.1302
100.6020,0.7175,3.0867
100.6022,0.6421,2.7661
100.6024,0.6293,2.7121
100.6026,0.6616,2.8437
100.6028,0.7379,3.17
100.6030,0.8959,3.8507
100.6032,0.805,3.4633
100.6034,0.6983,3.0084
100.6036,0.612,2.6365
100.6038,0.5988,2.5808
100.6040,0.5956,2.5669
100.6042,0.5989,2.579
100.6044,0.6031,2.5982
100.6046,0.5982,2.5783
100.6048,0.5984,2.5805
100.6050,0.6173,2.658
100.6052,0.6761,2.9074
100.6054,0.7089,3.051
100.6056,0.7188,3.0924
100.6058,0.6977,2.9988
100.6060,0.6819,2.9322
100.6062,0.7318,3.1452
100.6064,0.7576,3.2575
100.6066,0.7384,3.1765
100.6068,0.7068,3.0338
100.6070,0.821,3.527
100.6072,0.797,3.4271
100.6074,0.748,3.2163
100.6076,0.741,3.1849
100.6078,0.7323,3.1516
100.6080,0.727,3.1275
100.6082,0.7237,3.115
100.6084,0.7559,3.2533
100.6086,0.7148,3.0734
100.6088,0.7401,3.1837
100.6090,0.7484,3.2138
100.6092,0.8656,3.7134
100.6094,0.8708,3.739
100.6096,0.8038,3.4549
100.6098,0.7559,3.2488
100.6100,0.7313,3.1446
100.6102,0.7758,3.3328
100.6104,0.8175,3.5153
100.6106,0.7228,3.1152
100.6108,0.6445,2.7739
100.6110,0.6375,2.7465
100.6112,0.6198,2.67
100.6114,0.6568,2.8283
100.6116,0.6597,2.8434
100.6118,0.5681,2.452
100.6120,0.4915,2.1213
100.6122,0.4855,2.0954
100.6124,0.4877,2.1057
100.6126,0.4851,2.0948
100.6128,0.4824,2.0819
100.6130,0.4853,2.0944
100.6132,0.4879,2.1067
100.6134,0.486,2.0984
100.6136,0.5023,2.1658
100.6138,0.5383,2.3199
100.6140,0.5994,2.5798
100.6142,0.6634,2.8541
100.6144,0.7108,3.0593
100.6146,0.6976,2.9997
100.6148,0.7144,3.0705
100.6150,0.8019,3.4419
100.6152,0.8166,3.5079
100.6154,0.8353,3.5849
100.6156,0.8666,3.7192
100.6158,0.855,3.6681
100.6160,0.9249,3.968
100.6162,0.9982,4.2763
100.6164,1.0161,4.3468
100.6166,1.1118,4.7561
100.6168,1.1133,4.7605
100.6170,1.1013,4.7115
100.6172,1.0992,4.7066
100.6174,1.0776,4.6121
100.6176,1.1643,4.9761
100.6178,1.1371,4.8712
100.6180,0.9832,4.2141
100.6182,0.9904,4.2469
100.6184,0.9785,4.1999
100.6186,0.9162,3.9323
100.6188,0.9083,3.9056
100.6190,0.8766,3.766
100.6192,0.9098,3.9032
100.6194,0.909,3.9051
100.6196,0.8872,3.8095
100.6198,0.897,3.8536
100.6200,0.869,3.7365
100.6202,0.8369,3.5988
100.6204,0.8089,3.4749
100.6206,0.8136,3.5032
100.6208,0.7276,3.1315
100.6210,0.7752,3.3317
100.6212,0.833,3.5768
100.6214,0.8722,3.7452
100.6216,0.8243,3.5447
100.6218,0.7835,3.3736
100.6220,0.7555,3.2487
100.6222,0.7981,3.4366
100.6224,0.7344,3.1639
100.6226,0.6733,2.8991
100.6228,0.6747,2.9026
100.6230,0.7192,3.0968
100.6232,0.7265,3.1269
100.6234,0.7952,3.4178
100.6236,0.8541,3.6777
100.6238,0.7218,3.1169
100.6240,0.5486,2.3698
100.6242,0.5059,2.1834
100.6244,0.5329,2.2977
100.6246,0.618,2.6623
100.6248,0.6319,2.7235
100.6250,0.5946,2.5628
100.6252,0.5958,2.5703
100.6254,0.582,2.512
100.6256,0.5439,2.3452
100.6258,0.5489,2.3692
100.6260,0.4912,2.1202
100.6262,0.4928,2.126
100.6264,0.5703,2.4579
100.6266,0.6248,2.693
100.6268,0.616,2.6547
100.6270,0.5745,2.4805
100.6272,0.5701,2.4608
100.6274,0.5648,2.4352
100.6276,0.6086,2.6208
100.6278,0.6271,2.7016
100.6280,0.6535,2.8139
100.6282,0.6699,2.8873
100.6284,0.633,2.7269
100.6286,0.6329,2.7264
100.6288,0.6155,2.6564
100.6290,0.5478,2.3645
100.6292,0.5197,2.2418
100.6294,0.5258,2.2682
100.6296,0.5149,2.2191
100.6298,0.5758,2.4839
100.6300,0.5589,2.4088
100.6302,0.6303,2.7142
100.6304,0.66,2.8418
100.6306,0.7142,3.0751
100.6308,0.6464,2.786
100.6310,0.5643,2.4343
100.6312,0.592,2.5514
100.6314,0.5678,2.4515
100.6316,0.4748,2.0531
100.6318,0.4482,1.9353
100.6320,0.4489,1.9376
100.6322,0.449,1.9399
100.6324,0.4501,1.9436
100.6326,0.4465,1.9272
100.6328,0.4474,1.9317
100.6330,0.4495,1.9419
100.6332,0.4465,1.9272
100.6334,0.4469,1.927
100.6336,0.4727,2.04
100.6338,0.5255,2.2693
100.6340,0.4823,2.0824
100.6342,0.4697,2.0252
100.6344,0.5305,2.2873
100.6346,0.5451,2.3493
100.6348,0.5564,2.3979
100.6350,0.5793,2.4943
100.6352,0.6073,2.6139
100.6354,0.7085,3.0495
100.6356,0.6757,2.9094
100.6358,0.5854,2.523
100.6360,0.5815,2.5053
100.6362,0.6175,2.6602
100.6364,0.5734,2.4678
100.6366,0.6146,2.6441
100.6368,0.6586,2.8321
100.6370,0.6809,2.9308
100.6372,0.6895,2.966
100.6374,0.7062,3.0326
100.6376,0.7712,3.3147
100.6378,0.7765,3.3405
100.6380,0.7148,3.0792
100.6382,0.6459,2.7788
100.6384,0.6381,2.7465
100.6386,0.6662,2.866
100.6388,0.7055,3.0351
100.6390,0.6917,2.98
100.6392,0.6023,2.5922
100.6394,0.6025,2.5969
100.6396,0.5426,2.3396
100.6398,0.5408,2.3307
100.6400,0.5305,2.2873
100.6402,0.5463,2.3567
100.6404,0.5505,2.3748
100.6406,0.5227,2.2506
100.6408,0.5777,2.4899
100.6410,0.5487,2.3637
100.6412,0.5972,2.5694
100.6414,0.6448,2.7793
100.6416,0.5787,2.4929
100.6418,0.5284,2.2807
100.6420,0.5016,2.1637
100.6422,0.5169,2.2258
100.6424,0.5622,2.4244
100.6426,0.5255,2.2661
100.6428,0.5656,2.4354
100.6430,0.6031,2.5958
100.6432,0.6205,2.6719
100.6434,0.6347,2.7316
100.6436,0.6167,2.6554
100.6438,0.5717,2.4629
100.6440,0.5903,2.5418
100.6442,0.565,2.434
100.6444,0.516,2.2248
100.6446,0.5038,2.1726
100.6448,0.5347,2.3033
100.6450,0.5911,2.543
100.6452,0.6149,2.6476
100.6454,0.6056,2.6091
100.6456,0.5883,2.533
100.6458,0.5981,2.5754
100.6460,0.5934,2.5564
100.6462,0.6044,2.6003
100.6464,0.6367,2.7378
100.6466,0.6451,2.7752
100.6468,0.6872,2.9549
100.6470,0.7344,3.1536
100.6472,0.8,3.4352
100.6474,0.8319,3.5705
100.6476,0.8318,3.5733
100.6478,0.8071,3.4608
100.6480,0.8468,3.6293
100.6482,0.9102,3.9029
100.6484,0.902,3.8662
100.6486,0.8826,3.7847
100.6488,0.9082,3.8996
100.6490,0.874,3.7494
100.6492,0.8944,3.8369
100.6494,0.898,3.8487
100.6496,0.9775,4.1796
100.6498,1.0782,4.6039
100.6500,1.1504,4.919
100.6502,1.1184,4.7888
100.6504,1.0737,4.5999
100.6506,1.0712,4.5849
100.6508,1.0923,4.6708
100.6510,1.0633,4.5467
100.6512,1.1007,4.7111
100.6514,1.0989,4.7012
100.6516,1.0863,4.6474
100.6518,1.1182,4.7883
100.6520,1.098,4.6993
100.6522,1.0747,4.5976
100.6524,1.1303,4.8379
100.6526,1.0763,4.6107
100.6528,1.0185,4.3652
100.6530,1.0175,4.3631
100.6532,1.0225,4.3826
100.6534,1.0186,4.3718
100.6536,0.9817,4.2113
100.6538,0.9781,4.1979
100.6540,0.8831,3.792
100.6542,0.9324,4.0018
100.6544,0.936,4.0172
100.6546,0.9068,3.894
100.6548,0.8678,3.7279
100.6550,0.8931,3.8348
100.6552,0.8977,3.853
100.6554,0.9148,3.9243
100.6556,0.921,3.9474
100.6558,0.9455,4.0579
100.6560,0.9387,4.0309
100.6562,0.9366,4.0273
100.6564,0.845,3.63
100.6566,0.8741,3.7552
100.6568,0.9055,3.8847
100.6570,0.9272,3.9834
100.6572,0.7896,3.3967
100.6574,0.8119,3.4894
100.6576,0.8845,3.8017
100.6578,0.8963,3.8469
100.6580,0.9073,3.8979
100.6582,0.8857,3.8069
100.6584,0.9211,3.9552
100.6586,0.9685,4.1528
100.6588,0.9291,3.9972
100.6590,0.7938,3.4148
100.6592,0.7947,3.4205
100.6594,0.7854,3.3818
100.6596,0.7736,3.325
100.6598,0.8323,3.5754
100.6600,0.8724,3.7532
100.6602,0.8178,3.5147
100.6604,0.8511,3.6529
100.6606,0.8742,3.7609
100.6608,0.7154,3.0875
100.6610,0.5899,2.545
100.6612,0.6504,2.8057
100.6614,0.6145,2.651
100.6616,0.5766,2.4864
100.6618,0.5781,2.4949
100.6620,0.5826,2.5134
100.6622,0.5916,2.551
100.6624,0.5951,2.566
100.6626,0.6499,2.801
100.6628,0.6434,2.777
100.6630,0.5133,2.2185
100.6632,0.4766,2.0609
100.6634,0.4926,2.1249
100.6636,0.5181,2.2372
100.6638,0.5071,2.1896
100.6640,0.516,2.2258
100.6642,0.5237,2.2615
100.6644,0.5155,2.2258
100.6646,0.5083,2.1947
100.6648,0.5086,2.1963
100.6650,0.5177,2.2356
100.6652,0.5241,2.261
100.6654,0.5167,2.2289
100.6656,0.5097,2.1999
100.6658,0.5118,2.2098
100.6660,0.5301,2.2868
100.6662,0.53,2.2863
100.6664,0.5603,2.4206
100.6666,0.5402,2.3271
100.6668,0.6085,2.6203
100.6670,0.6487,2.7958
100.6672,0.6546,2.8172
100.6674,0.666,2.8623
100.6676,0.7355,3.1656
100.6678,0.7544,3.2441
100.6680,0.7579,3.2606
100.6682,0.7448,3.2058
100.6684,0.7604,3.2684
100.6686,0.8207,3.5243
100.6688,0.8502,3.6476
100.6690,0.8684,3.7287
100.6692,0.921,3.9474
100.6694,1.0278,4.4032
100.6696,1.02,4.3759
100.6698,1.0103,4.3322
100.6700,1.0114,4.3328
100.6702,0.9331,4.0086
100.6704,0.8169,3.5127
100.6706,0.7911,3.405
100.6708,0.7438,3.2056
100.6710,0.6566,2.8326
100.6712,0.6218,2.6788
100.6714,0.6639,2.8615
100.6716,0.6591,2.8368
100.6718,0.7265,3.1225
100.6720,0.7471,3.2141
100.6722,0.7484,3.2258
100.6724,0.6338,2.7318
100.6726,0.6983,3.0014
100.6728,0.7968,3.4245
100.6730,0.7917,3.4139
100.6732,0.6366,2.7424
100.6734,0.6446,2.7744
100.6736,0.6138,2.6491
100.6738,0.5417,2.337
100.6740,0.5342,2.3034
100.6742,0.5243,2.262
100.6744,0.5519,2.3788
100.6746,0.6711,2.8911
100.6748,0.6837,2.9467
100.6750,0.6148,2.6496
100.6752,0.6091,2.6253
100.6754,0.5645,2.433
100.6756,0.5871,2.5326
100.6758,0.6572,2.8273
100.6760,0.7721,3.3199
100.6762,0.7471,3.2171
100.6764,0.7068,3.0465
100.6766,0.5806,2.5069
100.6768,0.5531,2.3828
100.6770,0.5511,2.3774
100.6772,0.5017,2.1643
100.6774,0.5333,2.3029
100.6776,0.5197,2.2429
100.6778,0.5405,2.3329
100.6780,0.4953,2.1368
100.6782,0.5576,2.4042
100.6784,0.5438,2.3458
100.6786,0.5145,2.2196
100.6788,0.5174,2.232
100.6790,0.5164,2.2279
100.6792,0.5138,2.2155
100.6794,0.5124,2.2123
100.6796,0.5407,2.3302
100.6798,0.5718,2.4669
100.6800,0.5074,2.1891
100.6802,0.5175,2.2284
100.6804,0.5784,2.4895
100.6806,0.6224,2.6827
100.6808,0.6035,2.6022
100.6810,0.597,2.5695
100.6812,0.6927,2.9786
100.6814,0.7625,3.2786
100.6816,0.7727,3.3209
100.6818,0.7932,3.4059
100.6820,0.8407,3.6064
100.6822,0.8777,3.7671
100.6824,0.8966,3.8448
100.6826,1.0136,4.3441
100.6828,1.0166,4.3509
100.6830,1.089,4.6565
100.6832,1.1265,4.8215
100.6834,1.0947,4.6855
100.6836,1.1098,4.7501
100.6838,1.1285,4.8369
100.6840,1.0716,4.5864
100.6842,1.0127,4.3446
100.6844,0.9499,4.0769
100.6846,0.9397,4.0257
100.6848,0.9892,4.2418
100.6850,0.9634,4.137
100.6852,0.9046,3.8878
100.6854,0.8579,3.6856
100.6856,0.8547,3.6666
100.6858,0.8952,3.844
100.6860,0.8966,3.8466
100.6862,0.9224,3.9646
100.6864,0.886,3.7991
100.6866,0.9307,3.9927
100.6868,0.929,3.9874
100.6870,0.9254,3.9719
100.6872,0.9678,4.1536
100.6874,0.9697,4.1521
100.6876,1.0556,4.5224
100.6878,0.9914,4.251
100.6880,1.0309,4.4104
100.6882,1.0911,4.6766
100.6884,0.9367,4.0297
100.6886,0.7916,3.4055
100.6888,0.8568,3.681
100.6890,0.9136,3.9228
100.6892,0.908,3.9009
100.6894,0.8812,3.7856
100.6896,0.885,3.8003
100.6898,0.9054,3.8842
100.6900,0.9669,4.1597
100.6902,0.8102,3.4903
100.6904,0.6958,2.9948
100.6906,0.7391,3.1825
100.6908,0.8266,3.5528
100.6910,0.7803,3.3617
100.6912,0.699,3.0143
100.6914,0.6102,2.6324
100.6916,0.5826,2.5134
100.6918,0.596,2.5702
100.6920,0.6409,2.7635
100.6922,0.614,2.6477
100.6924,0.5865,2.5335
100.6926,0.5154,2.2253
100.6928,0.5067,2.186
100.6930,0.5727,2.4693
100.6932,0.5851,2.5243
100.6934,0.5811,2.5102
100.6936,0.502,2.1688
100.6938,0.4838,2.0891
100.6940,0.4929,2.1285
100.6942,0.4982,2.1512
100.6944,0.4996,2.1575
100.6946,0.4746,2.0492
100.6948,0.4252,1.8385
100.6950,0.4106,1.7761
100.6952,0.4118,1.7796
100.6954,0.4853,2.0924
100.6956,0.5654,2.4367
100.6958,0.5889,2.5403
100.6960,0.5444,2.3495
100.6962,0.4803,2.0731
100.6964,0.4596,1.9864
100.6966,0.4474,1.9335
100.6968,0.4568,1.9735
100.6970,0.5049,2.1782
100.6972,0.5416,2.3376
100.6974,0.538,2.321
100.6976,0.5505,2.3737
100.6978,0.5615,2.4224
100.6980,0.559,2.4093
100.6982,0.5734,2.4713
100.6984,0.5764,2.4888
100.6986,0.4977,2.1502
100.6988,0.4643,2.0047
100.6990,0.4614,1.9932
100.6992,0.4615,1.9937
100.6994,0.4588,1.98
100.6996,0.4531,1.9566
100.6998,0.4463,1.9271
100.7000,0.5073,2.1855
100.7002,0.5073,2.1906
100.7004,0.488,2.1053
100.7006,0.5541,2.3881
100.7008,0.5713,2.4625
100.7010,0.5601,2.415
100.7012,0.5686,2.4506
100.7014,0.5939,2.5561
100.7016,0.6161,2.6553
100.7018,0.5916,2.551
100.7020,0.5903,2.543
100.7022,0.6425,2.7638
100.7024,0.697,2.9985
100.7026,0.7395,3.1767
100.7028,0.803,3.4545
100.7030,0.6603,2.8486
100.7032,0.5309,2.2905
100.7034,0.505,2.1777
100.7036,0.5059,2.1824
100.7038,0.513,2.2149
100.7040,0.516,2.2258
100.7042,0.5067,2.186
100.7044,0.5019,2.1653
100.7046,0.5017,2.1622
100.7048,0.5493,2.3652
100.7050,0.5932,2.5542
100.7052,0.608,2.6182
100.7054,0.6185,2.6644
100.7056,0.6356,2.7382
100.7058,0.6327,2.7246
100.7060,0.6351,2.7324
100.7062,0.6857,2.9487
100.7064,0.6748,2.9085
100.7066,0.626,2.6969
100.7068,0.6223,2.6796
100.7070,0.6173,2.6567
100.7072,0.6247,2.6912
100.7074,0.6337,2.7274
100.7076,0.7142,3.0737
100.7078,0.6729,2.8948
100.7080,0.6776,2.9123
100.7082,0.6757,2.9094
100.7084,0.6119,2.636
100.7086,0.609,2.6236
100.7088,0.5582,2.4057
100.7090,0.5865,2.5241
100.7092,0.6656,2.8647
100.7094,0.6542,2.8183
100.7096,0.5742,2.4738
100.7098,0.5401,2.3265
100.7100,0.5493,2.3674
100.7102,0.5377,2.3184
100.7104,0.4886,2.1108
100.7106,0.4271,1.8451
100.7108,0.4042,1.7445
100.7110,0.4501,1.9391
100.7112,0.5381,2.3215
100.7114,0.4976,2.1447
100.7116,0.5566,2.4001
100.7118,0.5112,2.2031
100.7120,0.4939,2.1296
100.7122,0.4924,2.1254
100.7124,0.4884,2.1068
100.7126,0.4981,2.1448
100.7128,0.5444,2.3473
100.7130,0.489,2.1084
100.7132,0.4869,2.1006
100.7134,0.4889,2.106
100.7136,0.5145,2.2186
100.7138,0.5585,2.4061
100.7140,0.6236,2.6841
100.7142,0.6706,2.8824
100.7144,0.7162,3.0811
100.7146,0.6976,2.9983
100.7148,0.7508,3.2226
100.7150,0.7717,3.3153
100.7152,0.8173,3.5094
100.7154,0.7907,3.3998
100.7156,0.7649,3.2813
100.7158,0.9212,3.9392
100.7160,0.9523,4.0815
100.7162,0.9405,4.0274
100.7164,1.0225,4.3765
100.7166,1.0276,4.3981
100.7168,1.0315,4.415
100.7170,1.1173,4.7842
100.7172,1.104,4.7183
100.7174,1.0993,4.7093
100.7176,0.9893,4.2383
100.7178,0.9965,4.2691
100.7180,0.9835,4.2151
100.7182,0.9616,4.1197
100.7184,0.9867,4.227
100.7186,0.9556,4.1016
100.7188,0.8735,3.7543
100.7190,0.8128,3.4936
100.7192,0.8194,3.5219
100.7194,0.7724,3.323
100.7196,0.7548,3.2441
100.7198,0.7567,3.2554
100.7200,0.746,3.2095
100.7202,0.7044,3.0319
100.7204,0.78,3.3524
100.7206,0.7909,3.3977
100.7208,0.7965,3.4203
100.7210,0.8386,3.601
100.7212,0.9124,3.9104
100.7214,0.9231,3.9677
100.7216,0.8161,3.5075
100.7218,0.8289,3.5626
100.7220,0.7932,3.4075
100.7222,0.7904,3.394
100.7224,0.8291,3.5653
100.7226,0.78,3.3524
100.7228,0.8243,3.5381
100.7230,0.8596,3.6911
100.7232,0.8486,3.6488
100.7234,0.7663,3.2967
100.7236,0.7427,3.1936
100.7238,0.7426,3.1931
100.7240,0.727,3.126
100.7242,0.7143,3.0757
100.7244,0.6745,2.9056
100.7246,0.6673,2.8706
100.7248,0.6969,3.0022
100.7250,0.6401,2.7599
100.7252,0.6148,2.6496
100.7254,0.5905,2.5428
100.7256,0.6444,2.7721
100.7258,0.7323,3.1502
100.7260,0.7173,3.09
100.7262,0.608,2.6231
100.7264,0.5656,2.4411
100.7266,0.5747,2.4747
100.7268,0.6471,2.7852
100.7270,0.6766,2.9135
100.7272,0.6915,2.9762
100.7274,0.6547,2.8177
100.7276,0.6628,2.8542
100.7278,0.6542,2.8196
100.7280,0.6173,2.6617
100.7282,0.6215,2.6785
100.7284,0.6235,2.6848
100.7286,0.6627,2.855
100.7288,0.6715,2.89
100.7290,0.7204,3.0948
100.7292,0.7995,3.438
100.7294,0.7276,3.1315
100.7296,0.6719,2.8947
100.7298,0.6427,2.7726
100.7300,0.5667,2.4457
100.7302,0.544,2.3469
100.7304,0.5365,2.31
100.7306,0.5821,2.5113
100.7308,0.5458,2.3546
100.7310,0.5439,2.3442
100.7312,0.5566,2.4001
100.7314,0.5493,2.3696
100.7316,0.5432,2.3411
100.7318,0.5998,2.5862
100.7320,0.5524,2.382
100.7322,0.5392,2.3208
100.7324,0.6716,2.8892
100.7326,0.7128,3.0666
100.7328,0.6862,2.9548
100.7330,0.6233,2.6838
100.7332,0.6632,2.8597
100.7334,0.5649,2.4357
100.7336,0.5847,2.5175
100.7338,0.6344,2.7331
100.7340,0.5946,2.5628
100.7342,0.5932,2.5554
100.7344,0.5879,2.5315
100.7346,0.5947,2.5633
100.7348,0.5932,2.5566
100.7350,0.6002,2.5859
100.7352,0.6881,2.9562
100.7354,0.7728,3.323
100.7356,0.7393,3.1762
100.7358,0.8283,3.5551
100.7360,0.8219,3.5294
100.7362,0.8187,3.5172
100.7364,0.821,3.5335
100.7366,0.664,2.8593
100.7368,0.6201,2.6716
100.7370,0.6211,2.6732
100.7372,0.6764,2.9098
100.7374,0.6715,2.8887
100.7376,0.6766,2.9108
100.7378,0.6934,2.9858
100.7380,0.6332,2.7266
100.7382,0.6645,2.8574
100.7384,0.7078,3.0435
100.7386,0.748,3.2163
100.7388,0.7516,3.2347
100.7390,0.7158,3.0795
100.7392,0.7278,3.1326
100.7394,0.6331,2.7287
100.7396,0.5917,2.5515
100.7398,0.6193,2.6667
100.7400,0.6267,2.7
100.7402,0.5999,2.5843
100.7404,0.6254,2.6893
100.7406,0.6862,2.9521
100.7408,0.6869,2.9607
100.7410,0.6074,2.6156
100.7412,0.6002,2.5883
100.7414,0.5692,2.4566
100.7416,0.479,2.0684
100.7418,0.4933,2.1261
100.7420,0.5663,2.4419
100.7422,0.5315,2.2909
100.7424,0.589,2.5408
100.7426,0.5112,2.2072
100.7428,0.4885,2.1093
100.7430,0.4924,2.1225
100.7432,0.5308,2.29
100.7434,0.4741,2.0453
100.7436,0.5098,2.2004
100.7438,0.4764,2.0561
100.7440,0.4628,1.9967
100.7442,0.4571,1.9691
100.7444,0.5383,2.3199
100.7446,0.5477,2.3618
100.7448,0.5577,2.4036
100.7450,0.5595,2.4102
100.7452,0.5534,2.3861
100.7454,0.5495,2.3706
100.7456,0.5592,2.4081
100.7458,0.5646,2.4313
100.7460,0.5817,2.5058
100.7462,0.5841,2.5173
100.7464,0.5975,2.5704
100.7466,0.662,2.8479
100.7468,0.6957,2.9915
100.7470,0.7273,3.1261
100.7472,0.7585,3.254
100.7474,0.805,3.4585
100.7476,0.7721,3.3168
100.7478,0.8016,3.4403
100.7480,0.8934,3.8363
100.7482,0.8421,3.6126
100.7484,0.8925,3.8322
100.7486,0.8419,3.6132
100.7488,0.8874,3.7946
100.7490,1.0889,4.6538
100.7492,1.1176,4.7857
100.7494,0.998,4.2813
100.7496,0.9795,4.1942
100.7498,0.995,4.2585
100.7500,0.9721,4.1682
100.7502,0.9727,4.1669
100.7504,1.0746,4.5949
100.7506,1.0838,4.6388
100.7508,1.0914,4.6689
100.7510,1.0958,4.6857
100.7512,1.1378,4.8697
100.7514,1.139,4.8748
100.7516,1.0552,4.5224
100.7518,0.9862,4.2269
100.7520,0.9796,4.1967
100.7522,0.9802,4.1973
100.7524,0.9928,4.2572
100.7526,1.0053,4.3086
100.7528,1.0662,4.5676
100.7530,1.0126,4.338
100.7532,1.0144,4.3518
100.7534,0.9825,4.2149
100.7536,0.9636,4.1279
100.7538,0.9672,4.153
100.7540,0.8612,3.7116
100.7542,0.7022,3.0221
100.7544,0.6998,3.0118
100.7546,0.7031,3.0276
100.7548,0.6927,2.9855
100.7550,0.6916,2.9753
100.7552,0.7303,3.1434
100.7554,0.7065,3.0435
100.7556,0.6564,2.8276
100.7558,0.7265,3.124
100.7560,0.7914,3.3997
100.7562,0.857,3.6781
100.7564,0.8493,3.657
100.7566,0.6701,2.887
100.7568,0.6278,2.7084
100.7570,0.5851,2.5231
100.7572,0.6482,2.7899
100.7574,0.7422,3.1915
100.7576,0.7216,3.1086
100.7578,0.6663,2.8705
100.7580,0.6758,2.9113
100.7582,0.6709,2.8901
100.7584,0.6462,2.7837
100.7586,0.6189,2.6739
100.7588,0.5098,2.2015
100.7590,0.5566,2.3989
100.7592,0.6139,2.6447
100.7594,0.6427,2.7751
100.7596,0.5391,2.3267
100.7598,0.5338,2.2997
100.7600,0.6174,2.6634
100.7602,0.594,2.5614
100.7604,0.5865,2.5311
100.7606,0.5447,2.35
100.7608,0.5142,2.2181
100.7610,0.5257,2.2688
100.7612,0.5077,2.1932
100.7614,0.4763,2.0555
100.7616,0.4807,2.0757
100.7618,0.4869,2.1016
100.7620,0.4993,2.1539
100.7622,0.5134,2.2139
100.7624,0.5369,2.3174
100.7626,0.5104,2.2051
100.7628,0.4386,1.8948
100.7630,0.4465,1.9263
100.7632,0.4574,1.9734
100.7634,0.4916,2.1228
100.7636,0.4677,2.0207
100.7638,0.4453,1.922
100.7640,0.4481,1.9348
100.7642,0.4752,2.0528
100.7644,0.4435,1.916
100.7646,0.4323,1.8656
100.7648,0.4713,2.0343
100.7650,0.4586,1.9804
100.7652,0.4516,1.9507
100.7654,0.4445,1.9193
100.7656,0.4329,1.8699
100.7658,0.4464,1.9267
100.7660,0.4642,2.0042
100.7662,0.4596,1.9845
100.7664,0.4742,2.0439
100.7666,0.5386,2.3193
100.7668,0.5765,2.4824
100.7670,0.6351,2.7362
100.7672,0.6392,2.7499
100.7674,0.658,2.8296
100.7676,0.6679,2.8745
100.7678,0.6885,2.9619
100.7680,0.7261,3.1224
100.7682,0.7047,3.0287
100.7684,0.7098,3.0537
100.7686,0.7061,3.0349
100.7688,0.7881,3.3811
100.7690,0.8495,3.6479
100.7692,0.8371,3.5926
100.7694,0.8687,3.732
100.7696,0.7903,3.3951
100.7698,0.7348,3.1581
100.7700,0.724,3.1189
100.7702,0.6604,2.8399
100.7704,0.7255,3.1169
100.7706,0.7206,3.1001
100.7708,0.624,2.6919
100.7710,0.557,2.4005
100.7712,0.6014,2.591
100.7714,0.548,2.3595
100.7716,0.6188,2.6647
100.7718,0.6661,2.8668
100.7720,0.6725,2.8946
100.7722,0.6327,2.7208
100.7724,0.6827,2.9371
100.7726,0.6921,2.9843
100.7728,0.6116,2.63
100.7730,0.6586,2.84
100.7732,0.4977,2.1492
100.7734,0.4713,2.0324
100.7736,0.5161,2.2263
100.7738,0.4475,1.9305
100.7740,0.4573,1.9729
100.7742,0.5059,2.1824
100.7744,0.4942,2.1332
100.7746,0.4921,2.1229
100.7748,0.4999,2.1535
100.7750,0.5384,2.3225
100.7752,0.5092,2.1958
100.7754,0.521,2.2434
100.7756,0.5994,2.5798
100.7758,0.606,2.6119
100.7760,0.5637,2.4272
100.7762,0.6278,2.7009
100.7764,0.6648,2.8624
100.7766,0.6019,2.5967
100.7768,0.5498,2.3695
100.7770,0.5035,2.174
100.7772,0.4068,1.7583
100.7774,0.4433,1.9106
100.7776,0.5534,2.3817
100.7778,0.6024,2.5976
100.7780,0.5849,2.5209
100.7782,0.5856,2.5217
100.7784,0.5893,2.5365
100.7786,0.5835,2.5112
100.7788,0.6073,2.6163
100.7790,0.5765,2.4859
100.7792,0.5032,2.17
100.7794,0.5249,2.2604
100.7796,0.5843,2.5195
100.7798,0.5201,2.2429
100.7800,0.507,2.185
100.7802,0.5685,2.4467
100.7804,0.5829,2.5075
100.7806,0.6106,2.6291
100.7808,0.6059,2.6041
100.7810,0.6747,2.9026
100.7812,0.6896,2.9652
100.7814,0.7411,3.1839
100.7816,0.8014,3.4382
100.7818,0.8362,3.5857
100.7820,0.8397,3.6056
100.7822,0.8507,3.6462
100.7824,0.968,4.1488
100.7826,1.0066,4.3042
100.7828,1.0986,4.6953
100.7830,1.0976,4.6956
100.7832,1.0849,4.6434
100.7834,1.1112,4.7469
100.7836,1.1369,4.8547
100.7838,1.1446,4.9081
100.7840,0.9365,4.0174
100.7842,0.935,4.0094
100.7844,0.9301,3.9901
100.7846,0.9101,3.9042
100.7848,0.9143,3.9204
100.7850,0.8951,3.8399
100.7852,0.8457,3.6348
100.7854,0.7964,3.4182
100.7856,0.8782,3.7709
100.7858,0.8962,3.8481
100.7860,0.8547,3.6717
100.7862,0.8302,3.5617
100.7864,0.8859,3.7986
100.7866,0.9112,3.9107
100.7868,0.8654,3.7124
100.7870,0.9309,3.99
100.7872,0.9749,4.1825
100.7874,0.9645,4.1397
100.7876,0.9658,4.1396
100.7878,1.0068,4.3032
100.7880,1.1375,4.8596
100.7882,1.1644,4.9906
100.7884,0.9875,4.2425
100.7886,0.8867,3.8075
100.7888,0.932,3.9946
100.7890,0.9371,4.0256
100.7892,0.8955,3.8415
100.7894,0.9384,4.0294
100.7896,0.8428,3.6207
100.7898,0.7803,3.3555
100.7900,0.7863,3.3812
100.7902,0.8156,3.5103
100.7904,0.7511,3.2297
100.7906,0.788,3.3885
100.7908,0.7969,3.4266
100.7910,0.7796,3.3539
100.7912,0.7633,3.2823
100.7914,0.6823,2.9433
100.7916,0.5554,2.3949
100.7918,0.596,2.5678
100.7920,0.664,2.8593
100.7922,0.7249,3.1231
100.7924,0.6789,2.9206
100.7926,0.7235,3.1111
100.7928,0.7295,3.1427
100.7930,0.677,2.9137
100.7932,0.7037,3.033
100.7934,0.7046,3.0338
100.7936,0.7499,3.2275
100.7938,0.7169,3.0842
100.7940,0.6588,2.8379
100.7942,0.657,2.8328
100.7944,0.6028,2.5955
100.7946,0.6264,2.701
100.7948,0.6558,2.8224
100.7950,0.7294,3.1378
100.7952,0.7341,3.1579
100.7954,0.7218,3.1053
100.7956,0.7347,3.1605
100.7958,0.7303,3.1478
100.7960,0.6263,2.6967
100.7962,0.6579,2.8317
100.7964,0.66,2.8471
100.7966,0.5704,2.4641
100.7968,0.4932,2.1285
100.7970,0.4879,2.1048
100.7972,0.5345,2.3071
100.7974,0.5606,2.416
100.7976,0.6058,2.6084
100.7978,0.6295,2.7131
100.7980,0.6338,2.7356
100.7982,0.5484,2.366
100.7984,0.5257,2.2709
100.7986,0.5236,2.26
100.7988,0.6071,2.6104
100.7990,0.7076,3.0482
100.7992,0.5835,2.517
100.7994,0.5377,2.3194
100.7996,0.5498,2.3706
100.7998,0.571,2.4598
100.8000,0.6341,2.7328
100.8002,0.638,2.7498
100.8004,0.6383,2.7483
100.8006,0.642,2.7643
100.8008,0.6498,2.7992
100.8010,0.6572,2.8299
100.8012,0.6444,2.7721
100.8014,0.7156,3.0756
100.8016,0.8225,3.537
100.8018,0.7948,3.4179
100.8020,0.6905,2.9693
100.8022,0.7149,3.0768
100.8024,0.6608,2.8467
100.8026,0.6263,2.6992
100.8028,0.607,2.616
100.8030,0.6034,2.5993
100.8032,0.6035,2.601
100.8034,0.6042,2.6041
100.8036,0.6079,2.6177
100.8038,0.6476,2.7886
100.8040,0.6385,2.7468
100.8042,0.6962,2.9949
100.8044,0.7028,3.0275
100.8046,0.6319,2.721
100.8048,0.6782,2.9189
100.8050,0.7138,3.0679
100.8052,0.7377,3.1749
100.8054,0.721,3.1002
100.8056,0.7706,3.3106
100.8058,0.7931,3.4133
100.8060,0.6664,2.875
100.8062,0.5934,2.5552
100.8064,0.6524,2.8079
100.8066,0.6711,2.8911
100.8068,0.6717,2.8924
100.8070,0.6751,2.9014
100.8072,0.6942,2.9839
100.8074,0.7088,3.0477
100.8076,0.7337,3.1564
100.8078,0.6946,2.9952
100.8080,0.6121,2.637
100.8082,0.6728,2.8943
100.8084,0.7185,3.0909
100.8086,0.7088,3.0505
100.8088,0.716,3.0772
100.8090,0.7414,3.1879
100.8092,0.6854,2.9499
100.8094,0.673,2.8994
100.8096,0.6849,2.9478
100.8098,0.7054,3.0318
100.8100,0.6919,2.9833
100.8102,0.5627,2.4275
100.8104,0.5254,2.2646
100.8106,0.5811,2.5044
100.8108,0.5447,2.3489
100.8110,0.5167,2.2289
100.8112,0.5029,2.1704
100.8114,0.4951,2.1378
100.8116,0.5132,2.2108
100.8118,0.5537,2.3899
100.8120,0.4877,2.1057
100.8122,0.4829,2.084
100.8124,0.4805,2.0727
100.8126,0.4841,2.0892
100.8128,0.4817,2.0769
100.8130,0.4866,2.1001
100.8132,0.4856,2.0979
100.8134,0.495,2.1343
100.8136,0.5242,2.2584
100.8138,0.5782,2.4885
100.8140,0.6606,2.8417
100.8142,0.7279,3.1287
100.8144,0.7409,3.1873
100.8146,0.7054,3.0375
100.8148,0.7125,3.0665
100.8150,0.7282,3.1312
100.8152,0.7181,3.085
100.8154,0.7927,3.4022
100.8156,0.8571,3.6769
100.8158,0.8881,3.8066
100.8160,0.9196,3.943
100.8162,0.9041,3.8767
100.8164,0.9067,3.8898
100.8166,0.9439,4.0474
100.8168,0.9386,4.0248
100.8170,0.9261,3.9769
100.8172,0.8501,3.6521
100.8174,0.8632,3.7031
100.8176,0.903,3.8703
100.8178,0.9444,4.0514
100.8180,0.9779,4.1954
100.8182,0.9688,4.1544
100.8184,0.9612,4.1214
100.8186,0.9725,4.1722
100.8188,0.9414,4.0404
100.8190,0.9291,3.9842
100.8192,0.9751,4.1791
100.8194,0.9897,4.2418
100.8196,0.977,4.1932
100.8198,0.9249,3.9736
100.8200,0.8253,3.5488
100.8202,0.7222,3.104
100.8204,0.767,3.2998
100.8206,0.727,3.1275
100.8208,0.7261,3.1224
100.8210,0.7192,3.0968
100.8212,0.7166,3.0855
100.8214,0.7526,3.2379
100.8216,0.7187,3.0933
100.8218,0.7013,3.0157
100.8220,0.7507,3.2296
100.8222,0.7446,3.2003
100.8224,0.7327,3.1566
100.8226,0.6542,2.8196
100.8228,0.6404,2.7576
100.8230,0.6574,2.8349
100.8232,0.6294,2.7114
100.8234,0.6379,2.7506
100.8236,0.6061,2.6075
100.8238,0.6203,2.6771
100.8240,0.5224,2.2506
100.8242,0.6124,2.6343
100.8244,0.6662,2.874
100.8246,0.547,2.3609
100.8248,0.5065,2.187
100.8250,0.5193,2.2393
100.8252,0.5879,2.5338
100.8254,0.6513,2.8033
100.8256,0.6283,2.7105
100.8258,0.524,2.2605
100.8260,0.539,2.3251
100.8262,0.5771,2.4896
100.8264,0.6119,2.636
100.8266,0.671,2.8866
100.8268,0.6916,2.9767
100.8270,0.6523,2.81
100.8272,0.6432,2.7669
100.8274,0.6526,2.809
100.8276,0.6102,2.6324
100.8278,0.602,2.5972
100.8280,0.5385,2.322
100.8282,0.4901,2.1141
100.8284,0.4842,2.0897
100.8286,0.495,2.1333
100.8288,0.5824,2.5054
100.8290,0.627,2.7048
100.8292,0.517,2.2325
100.8294,0.4813,2.0773
100.8296,0.4919,2.1228
100.8298,0.5299,2.2869
100.8300,0.5655,2.4372
100.8302,0.5978,2.5755
100.8304,0.604,2.5994
100.8306,0.6689,2.8818
100.8308,0.5621,2.425
100.8310,0.4942,2.1332
100.8312,0.4737,2.0447
100.8314,0.4715,2.0358
100.8316,0.4705,2.0316
100.8318,0.4654,2.0085
100.8320,0.5138,2.2103
100.8322,0.6345,2.7374
100.8324,0.5064,2.1844
100.8326,0.4715,2.033
100.8328,0.4722,2.037
100.8330,0.4917,2.1203
100.8332,0.5648,2.433
100.8334,0.5878,2.5321
100.8336,0.5664,2.4402
100.8338,0.5619,2.4194
100.8340,0.5597,2.4124
100.8342,0.5666,2.4396
100.8344,0.624,2.6844
100.8346,0.6212,2.6738
100.8348,0.6276,2.6986
100.8350,0.7499,3.226
100.8352,0.7442,3.1988
100.8354,0.7199,3.097
100.8356,0.7,3.0142
100.8358,0.6163,2.6563
100.8360,0.5535,2.3855
100.8362,0.5375,2.3178
100.8364,0.5585,2.4072
100.8366,0.6181,2.6603
100.8368,0.6715,2.8873
100.8370,0.6698,2.8828
100.8372,0.6241,2.6899
100.8374,0.5537,2.3865
100.8376,0.545,2.3488
100.8378,0.5413,2.335
100.8380,0.5542,2.3864
100.8382,0.6632,2.8504
100.8384,0.7146,3.0672
100.8386,0.7921,3.4044
100.8388,0.7529,3.2389
100.8390,0.7216,3.0985
100.8392,0.7167,3.0889
100.8394,0.5489,2.3692
100.8396,0.4821,2.079
100.8398,0.4813,2.0773
100.8400,0.4749,2.0489
100.8402,0.485,2.0914
100.8404,0.4831,2.0831
100.8406,0.5275,2.2755
100.8408,0.4928,2.125
100.8410,0.5212,2.2454
100.8412,0.5297,2.2853
100.8414,0.5094,2.1974
100.8416,0.5102,2.1989
100.8418,0.5266,2.2708
100.8420,0.5175,2.2315
100.8422,0.4957,2.1364
100.8424,0.4964,2.1415
100.8426,0.5082,2.1902
100.8428,0.5365,2.3121
100.8430,0.5393,2.3245
100.8432,0.5242,2.2594
100.8434,0.542,2.3381
100.8436,0.5026,2.1654
100.8438,0.5553,2.3899
100.8440,0.5697,2.4575
100.8442,0.4843,2.0883
100.8444,0.5088,2.1897
100.8446,0.5775,2.4877
100.8448,0.5619,2.4239
100.8450,0.516,2.2227
100.8452,0.5255,2.263
100.8454,0.616,2.6486
100.8456,0.6915,2.9734
100.8458,0.7037,3.0246
100.8460,0.6759,2.9064
100.8462,0.6809,2.9267
100.8464,0.5969,2.5702
100.8466,0.6181,2.6566
100.8468,0.666,2.8663
100.8470,0.6919,2.9736
100.8472,0.7174,3.0833
100.8474,0.6728,2.8903
100.8476,0.7134,3.0635
100.8478,0.7191,3.0906
100.8480,0.762,3.2735
100.8482,0.7969,3.4186
100.8484,0.849,3.639
100.8486,0.9421,4.0322
100.8488,0.9873,4.2256
100.8490,1.0667,4.5611
100.8492,1.0384,4.4401
100.8494,1.0666,4.567
100.8496,1.0472,4.4864
100.8498,1.0211,4.3704
100.8500,1.0536,4.5073
100.8502,1.0634,4.5515
100.8504,1.0435,4.4663
100.8506,1.0995,4.7038
100.8508,1.0754,4.605
100.8510,1.0264,4.3991
100.8512,1.0482,4.4863
100.8514,1.054,4.511
100.8516,1.0824,4.6348
100.8518,1.0508,4.5081
100.8520,0.9441,4.0503
100.8522,0.9464,4.0525
100.8524,1.0425,4.4575
100.8526,1.1618,4.9723
100.8528,1.1118,4.7628
100.8530,1.0482,4.4884
100.8532,1.0252,4.396
100.8534,0.959,4.1103
100.8536,0.9694,4.1686
100.8538,0.8175,3.5186
100.8540,0.7916,3.4023
100.8542,0.7775,3.3415
100.8544,0.7885,3.3858
100.8546,0.8507,3.6564
100.8548,0.8049,3.4596
100.8550,0.7669,3.2947
100.8552,0.8278,3.553
100.8554,0.8752,3.7651
100.8556,0.7988,3.4381
100.8558,0.7386,3.176
100.8560,0.7466,3.2106
100.8562,0.7583,3.2636
100.8564,0.7454,3.2069
100.8566,0.7303,3.1405
100.8568,0.7126,3.0642
100.8570,0.7061,3.0434
100.8572,0.6926,2.9822
100.8574,0.7207,3.1035
100.8576,0.6628,2.8555
100.8578,0.6598,2.8426
100.8580,0.6817,2.9325
100.8582,0.741,3.1864
100.8584,0.756,3.2523
100.8586,0.7513,3.2307
100.8588,0.7471,3.2171
100.8590,0.7131,3.0648
100.8592,0.8058,3.4648
100.8594,0.7548,3.2472
100.8596,0.7373,3.1718
100.8598,0.6982,3.0093
100.8600,0.6348,2.7359
100.8602,0.6132,2.6441
100.8604,0.6065,2.6115
100.8606,0.659,2.8416
100.8608,0.5934,2.5576
100.8610,0.5887,2.5374
100.8612,0.5766,2.4852
100.8614,0.5886,2.5381
100.8616,0.6252,2.6895
100.8618,0.7403,3.1847
100.8620,0.6506,2.8093
100.8622,0.4896,2.115
100.8624,0.4707,2.0317
100.8626,0.4772,2.0578
100.8628,0.5151,2.2201
100.8630,0.5271,2.276
100.8632,0.5385,2.322
100.8634,0.5445,2.3511
100.8636,0.5132,2.2149
100.8638,0.5299,2.2837
100.8640,0.545,2.3521
100.8642,0.5363,2.3127
100.8644,0.5975,2.5752
100.8646,0.5604,2.4132
100.8648,0.6435,2.771
100.8650,0.7137,3.0717
100.8652,0.6392,2.7563
100.8654,0.5445,2.3478
100.8656,0.5801,2.4979
100.8658,0.6523,2.8074
100.8660,0.6522,2.8069
100.8662,0.652,2.8077
100.8664,0.65,2.7989
100.8666,0.6546,2.8185
100.8668,0.6486,2.7914
100.8670,0.6609,2.8446
100.8672,0.6863,2.9485
100.8674,0.7871,3.3828
100.8676,0.7312,3.1441
100.8678,0.7173,3.0857
100.8680,0.7188,3.091
100.8682,0.7704,3.3111
100.8684,0.8649,3.7138
100.8686,0.8898,3.8191
100.8688,0.8363,3.5962
100.8690,0.7516,3.2272
100.8692,0.7875,3.3833
100.8694,0.7526,3.2394
100.8696,0.6981,3.0032
100.8698,0.699,3.0101
100.8700,0.7136,3.0726
100.8702,0.724,3.1131
100.8704,0.746,3.2035
100.8706,0.762,3.2751
100.8708,0.776,3.3369
100.8710,0.7796,3.3524
100.8712,0.7626,3.2776
100.8714,0.7841,3.3683
100.8716,0.7999,3.4411
100.8718,0.7496,3.2265
100.8720,0.6887,2.9698
100.8722,0.562,2.4222
100.8724,0.5442,2.3446
100.8726,0.5758,2.4793
100.8728,0.5692,2.4543
100.8730,0.5453,2.3525
100.8732,0.5363,2.3116
100.8734,0.5312,2.2926
100.8736,0.5193,2.2393
100.8738,0.5725,2.4665
100.8740,0.6148,2.6471
100.8742,0.6216,2.6778
100.8744,0.5886,2.5346
100.8746,0.6639,2.8601
100.8748,0.6594,2.8379
100.8750,0.6773,2.9126
100.8752,0.7223,3.1074
100.8754,0.701,3.0184
100.8756,0.707,3.0371
100.8758,0.7267,3.1308
100.8760,0.5518,2.3794
100.8762,0.5429,2.3389
100.8764,0.6253,2.6913
100.8766,0.6598,2.8465
100.8768,0.5347,2.3086
100.8770,0.4956,2.1379
100.8772,0.5002,2.158
100.8774,0.4972,2.1421
100.8776,0.5486,2.3632
100.8778,0.5901,2.5419
100.8780,0.5999,2.5819
100.8782,0.6654,2.8663
100.8784,0.6341,2.7315
100.8786,0.6728,2.8916
100.8788,0.6511,2.8062
100.8790,0.5177,2.2336
100.8792,0.4963,2.142
100.8794,0.5498,2.3695
100.8796,0.5462,2.3529
100.8798,0.5891,2.5378
100.8800,0.6077,2.6167
100.8802,0.5975,2.5752
100.8804,0.6267,2.6925
100.8806,0.72,3.0932
100.8808,0.7253,3.1188
100.8810,0.7246,3.1128
100.8812,0.7811,3.3539
100.8814,0.7648,3.2884
100.8816,0.7989,3.4274
100.8818,0.8844,3.7906
100.8820,0.9252,3.969
100.8822,0.9108,3.9073
100.8824,0.921,3.9455
100.8826,0.9645,4.1358
100.8828,0.9512,4.0845
100.8830,0.8836,3.7941
100.8832,0.8688,3.729
100.8834,0.8966,3.8448
100.8836,0.9035,3.8741
100.8838,0.9547,4.088
100.8840,0.9657,4.1429
100.8842,0.9616,4.1254
100.8844,0.9757,4.1817
100.8846,0.9554,4.0987
100.8848,0.9595,4.1104
100.8850,1.0145,4.3502
100.8852,0.9887,4.2377
100.8854,1.01,4.3267
100.8856,1.0547,4.5098
100.8858,1.1685,4.9964
100.8860,1.1082,4.7607
100.8862,0.8929,3.836
100.8864,0.88,3.7804
100.8866,0.8064,3.469
100.8868,0.7246,3.1201
100.8870,0.7066,3.0398
100.8872,0.7219,3.1073
100.8874,0.7054,3.036
100.8876,0.6989,3.0096
100.8878,0.7053,3.0327
100.8880,0.7645,3.2844
100.8882,0.7983,3.4344
100.8884,0.6477,2.7917
100.8886,0.6005,2.5845
100.8888,0.6999,3.0109
100.8890,0.7032,3.031
100.8892,0.612,2.6353
100.8894,0.6847,2.9481
100.8896,0.6697,2.8849
100.8898,0.6523,2.8113
100.8900,0.5956,2.5681
100.8902,0.5201,2.245
100.8904,0.4848,2.0903
100.8906,0.5368,2.3147
100.8908,0.6191,2.6645
100.8910,0.688,2.9612
100.8912,0.6886,2.9679
100.8914,0.7176,3.0872
100.8916,0.7554,3.2512
100.8918,0.6462,2.7798
100.8920,0.6595,2.8397
100.8922,0.6347,2.7354
100.8924,0.6764,2.9098
100.8926,0.6831,2.9401
100.8928,0.6416,2.7705
100.8930,0.5121,2.2113
100.8932,0.5022,2.1653
100.8934,0.5091,2.1963
100.8936,0.5142,2.217
100.8938,0.5862,2.5289
100.8940,0.5395,2.3294
100.8942,0.5133,2.2134
100.8944,0.4987,2.1513
100.8946,0.5362,2.3154
100.8948,0.5037,2.171
100.8950,0.5952,2.5653
100.8952,0.5615,2.4213
100.8954,0.5002,2.159
100.8956,0.4898,2.114
100.8958,0.485,2.0953
100.8960,0.4994,2.1534
100.8962,0.5942,2.5553
100.8964,0.6974,3.0001
100.8966,0.6759,2.9158
100.8968,0.5154,2.2263
100.8970,0.4185,1.8086
100.8972,0.4059,1.7534
100.8974,0.4405,1.9013
100.8976,0.5041,2.1746
100.8978,0.5604,2.4166
100.8980,0.561,2.4169
100.8982,0.5562,2.3929
100.8984,0.5986,2.5786
100.8986,0.5573,2.4009
100.8988,0.5818,2.5075
100.8990,0.5622,2.4244
100.8992,0.538,2.3199
100.8994,0.5664,2.4402
100.8996,0.5706,2.4583
100.8998,0.5807,2.5028
100.9000,0.5889,2.5391
100.9002,0.5697,2.4541
100.9004,0.5929,2.5532
100.9006,0.6361,2.739
100.9008,0.6913,2.9765
100.9010,0.6851,2.9502
100.9012,0.6966,2.9942
100.9014,0.7293,3.1373
100.9016,0.6597,2.8421
100.9018,0.5808,2.5033
100.9020,0.5312,2.2894
100.9022,0.5269,2.2729
100.9024,0.5378,2.32
100.9026,0.5535,2.3833
100.9028,0.6008,2.5884
100.9030,0.5722,2.4673
100.9032,0.5247,2.2604
100.9034,0.5264,2.2677
100.9036,0.5302,2.2852
100.9038,0.5444,2.3473
100.9040,0.5881,2.5337
100.9042,0.6209,2.6722
100.9044,0.6554,2.8169
100.9046,0.7096,3.0498
100.9048,0.7442,3.1973
100.9050,0.6498,2.8005
100.9052,0.5812,2.5037
100.9054,0.5823,2.5072
100.9056,0.6229,2.676
100.9058,0.7231,3.1153
100.9060,0.6122,2.6338
100.9062,0.616,2.6523
100.9064,0.597,2.5707
100.9066,0.6166,2.6536
100.9068,0.6417,2.7633
100.9070,0.5866,2.5223
100.9072,0.6183,2.6639
100.9074,0.5626,2.4259
100.9076,0.5489,2.3626
100.9078,0.5911,2.5466
100.9080,0.5508,2.3741
100.9082,0.5693,2.4514
100.9084,0.5919,2.5497
100.9086,0.5592,2.4081
100.9088,0.5501,2.3743
100.9090,0.5005,2.1581
100.9092,0.5433,2.3394
100.9094,0.589,2.5361
100.9096,0.6008,2.5884
100.9098,0.6068,2.6094
100.9100,0.6819,2.9308
100.9102,0.6284,2.706
100.9104,0.5996,2.5797
100.9106,0.6658,2.8631
100.9108,0.659,2.8376
100.9110,0.6128,2.6413
100.9112,0.5915,2.547
100.9114,0.5954,2.564
100.9116,0.598,2.5736
100.9118,0.5847,2.5199
100.9120,0.4915,2.1203
100.9122,0.4821,2.079
100.9124,0.5024,2.1643
100.9126,0.5418,2.3343
100.9128,0.6035,2.5962
100.9130,0.661,2.8411
100.9132,0.7065,3.0365
100.9134,0.6956,2.9896
100.9136,0.71,3.0486
100.9138,0.7492,3.2229
100.9140,0.7176,3.0844
100.9142,0.7283,3.1244
100.9144,0.8712,3.7323
100.9146,0.9419,4.033
100.9148,0.9656,4.1385
100.9150,0.939,4.0226
100.9152,0.9425,4.0375
100.9154,0.9833,4.2146
100.9156,0.9651,4.1384
100.9158,0.9295,3.9764
100.9160,0.9869,4.228
100.9162,0.9734,4.17
100.9164,0.9839,4.2152
100.9166,0.9841,4.2177
100.9168,0.8947,3.8456
100.9170,0.8104,3.4833
100.9172,0.7963,3.4209
100.9174,0.8362,3.589
100.9176,0.8873,3.8083
100.9178,0.8877,3.8063
100.9180,0.9026,3.8669
100.9182,0.9091,3.9001
100.9184,0.8341,3.5831
100.9186,0.8263,3.5513
100.9188,0.776,3.3338
100.9190,0.7851,3.3714
100.9192,0.8541,3.6691
100.9194,0.8011,3.4447
100.9196,0.7824,3.3564
100.9198,0.8042,3.4565
100.9200,0.7881,3.389
100.9202,0.8018,3.4478
100.9204,0.7766,3.3348
100.9206,0.8291,3.5637
100.9208,0.8321,3.5732
100.9210,0.8306,3.5732
100.9212,0.6859,2.9506
100.9214,0.6664,2.8697
100.9216,0.6814,2.9287
100.9218,0.6856,2.955
100.9220,0.6564,2.8276
100.9222,0.6829,2.939
100.9224,0.7022,3.0235
100.9226,0.6705,2.8885
100.9228,0.6805,2.9273
100.9230,0.7072,3.0438
100.9232,0.6291,2.7103
100.9234,0.6091,2.6241
100.9236,0.6421,2.7648
100.9238,0.6459,2.7814
100.9240,0.6829,2.9349
100.9242,0.7283,3.1332
100.9244,0.7213,3.1061
100.9246,0.7035,3.0236
100.9248,0.7837,3.3652
100.9250,0.844,3.6225
100.9252,0.8668,3.7237
100.9254,0.8348,3.5879
100.9256,0.7826,3.3668
100.9258,0.667,2.8749
100.9260,0.5987,2.5815
100.9262,0.5805,2.5006
100.9264,0.5824,2.5112
100.9266,0.5724,2.4683
100.9268,0.5811,2.5044
100.9270,0.6012,2.5924
100.9272,0.6072,2.6146
100.9274,0.6616,2.8464
100.9276,0.7046,3.0282
100.9278,0.7326,3.1547
100.9280,0.6338,2.7292
100.9282,0.6331,2.7261
100.9284,0.6758,2.9113
100.9286,0.6518,2.8067
100.9288,0.6965,2.9992
100.9290,0.6633,2.8523
100.9292,0.6699,2.8873
100.9294,0.5681,2.452
100.9296,0.5516,2.3783
100.9298,0.5501,2.371
100.9300,0.5384,2.3225
100.9302,0.543,2.3427
100.9304,0.5427,2.3401
100.9306,0.5554,2.3915
100.9308,0.6385,2.743
100.9310,0.6901,2.9727
100.9312,0.5648,2.4363
100.9314,0.5576,2.402
100.9316,0.6338,2.7292
100.9318,0.6401,2.7573
100.9320,0.6583,2.8332
100.9322,0.6502,2.7987
100.9324,0.6377,2.7457
100.9326,0.6366,2.7411
100.9328,0.6392,2.7525
100.9330,0.6377,2.7419
100.9332,0.6875,2.9578
100.9334,0.758,3.255
100.9336,0.8291,3.562
100.9338,0.7814,3.3585
100.9340,0.7251,3.1178
100.9342,0.7524,3.2323
100.9344,0.7463,3.2105
100.9346,0.7227,3.106
100.9348,0.7517,3.2352
100.9350,0.6476,2.7886
100.9352,0.6898,2.969
100.9354,0.6833,2.9438
100.9356,0.6237,2.6871
100.9358,0.616,2.6511
100.9360,0.6166,2.6536
100.9362,0.6486,2.7914
100.9364,0.6968,2.9989
100.9366,0.7012,3.0194
100.9368,0.641,2.7589
100.9370,0.6502,2.796
100.9372,0.7148,3.0706
100.9374,0.8012,3.4388
100.9376,0.8385,3.6022
100.9378,0.7705,3.3101
100.9380,0.7935,3.4106
100.9382,0.7181,3.0965
100.9384,0.5505,2.3737
100.9386,0.5247,2.2615
100.9388,0.5764,2.4819
100.9390,0.633,2.7281
100.9392,0.5932,2.5566
100.9394,0.6085,2.6215
100.9396,0.6026,2.595
100.9398,0.5863,2.5271
100.9400,0.5802,2.4996
100.9402,0.657,2.8249
100.9404,0.6664,2.8697
100.9406,0.5972,2.5741
100.9408,0.5739,2.4722
100.9410,0.632,2.7177
100.9412,0.6448,2.7845
100.9414,0.4674,2.0201
100.9416,0.4306,1.8592
100.9418,0.4223,1.8235
100.9420,0.444,1.9155
100.9422,0.5385,2.3231
100.9424,0.532,2.2941
100.9426,0.4993,2.1529
100.9428,0.489,2.1094
100.9430,0.4901,2.1151
100.9432,0.5064,2.1834
100.9434,0.5149,2.2222
100.9436,0.4797,2.0706
100.9438,0.4739,2.0442
100.9440,0.4741,2.0434
100.9442,0.5566,2.3989
100.9444,0.5544,2.3907
100.9446,0.506,2.1809
100.9448,0.5113,2.2036
100.9450,0.5969,2.5678
100.9452,0.6514,2.8025
100.9454,0.6984,3.0089
100.9456,0.6035,2.5974
100.9458,0.6056,2.6043
100.9460,0.7137,3.0659
100.9462,0.7511,3.2282
100.9464,0.7408,3.1853
100.9466,0.7102,3.0538
100.9468,0.7909,3.3961
100.9470,0.8181,3.5097
100.9472,0.8349,3.5834
100.9474,0.829,3.5598
100.9476,0.8229,3.5319
100.9478,0.8179,3.5103
100.9480,0.8723,3.7387
100.9482,0.9951,4.263
100.9484,0.9909,4.243
100.9486,0.9925,4.2517
100.9488,0.9868,4.2275
100.9490,0.9993,4.277
100.9492,1.0088,4.3135
100.9494,1.0624,4.549
100.9496,1.0841,4.6419
100.9498,1.0869,4.6521
100.9500,1.1018,4.7135
100.9502,1.1004,4.7074
100.9504,1.0895,4.6651
100.9506,1.1102,4.7472
100.9508,1.1588,4.9595
100.9510,1.0475,4.4833
100.9512,1.0615,4.5412
100.9514,1.1293,4.8355
100.9516,1.002,4.2988
100.9518,0.9508,4.0753
100.9520,0.979,4.1981
100.9522,1.0279,4.4037
100.9524,1.0589,4.5384
100.9526,1.0164,4.3585
100.9528,0.9787,4.2004
100.9530,0.9392,4.0292
100.9532,0.9555,4.1087
100.9534,0.7915,3.4034
100.9536,0.7901,3.4004
100.9538,0.7283,3.1346
100.9540,0.7013,3.0213
100.9542,0.6757,2.9067
100.9544,0.7347,3.162
100.9546,0.7441,3.2027
100.9548,0.6821,2.9346
100.9550,0.7064,3.043
100.9552,0.692,2.9782
100.9554,0.7121,3.0692
100.9556,0.696,3
100.9558,0.674,2.9076
100.9560,0.6308,2.715
100.9562,0.693,2.987
100.9564,0.6608,2.848
100.9566,0.6813,2.9323
100.9568,0.6928,2.9791
100.9570,0.6811,2.9395
100.9572,0.5441,2.3474
100.9574,0.5666,2.4441
100.9576,0.5706,2.4617
100.9578,0.5693,2.4526
100.9580,0.5682,2.4491
100.9582,0.5803,2.5047
100.9584,0.5952,2.5642
100.9586,0.6384,2.7514
100.9588,0.5513,2.3806
100.9590,0.493,2.13
100.9592,0.4824,2.0829
100.9594,0.4856,2.0959
100.9596,0.4898,2.114
100.9598,0.4832,2.0846
100.9600,0.5046,2.1747
100.9602,0.5646,2.4358
100.9604,0.4794,2.0728
100.9606,0.4038,1.7446
100.9608,0.4,1.7256
100.9610,0.4861,2.098
100.9612,0.463,1.999
100.9614,0.4601,1.9866
100.9616,0.4727,2.041
100.9618,0.4609,1.9893
100.9620,0.4784,2.0649
100.9622,0.4691,2.0264
100.9624,0.446,1.926
100.9626,0.4381,1.8936
100.9628,0.4301,1.8589
100.9630,0.4387,1.8936
100.9632,0.4424,1.9087
100.9634,0.4872,2.1017
100.9636,0.5269,2.2718
100.9638,0.4939,2.1306
100.9640,0.4506,1.9457
100.9642,0.4638,2.0027
100.9644,0.4743,2.0463
100.9646,0.5564,2.3946
100.9648,0.6408,2.7579
100.9650,0.6663,2.8691
100.9652,0.6944,2.983
100.9654,0.7422,3.1915
100.9656,0.7224,3.1079
100.9658,0.7181,3.0879
100.9660,0.7326,3.1503
100.9662,0.7431,3.1921
100.9664,0.8044,3.4527
100.9666,0.8421,3.6159
100.9668,0.7954,3.4188
100.9670,0.7911,3.4003
100.9672,0.7498,3.2225
100.9674,0.7281,3.1336
100.9676,0.6909,2.9736
100.9678,0.7004,3.013
100.9680,0.6981,3.0018
100.9682,0.6784,2.9213
100.9684,0.6645,2.8627
100.9686,0.5695,2.4536
100.9688,0.5383,2.3199
100.9690,0.5377,2.3184
100.9692,0.5347,2.3065
100.9694,0.5513,2.3773
100.9696,0.5474,2.3591
100.9698,0.5339,2.3013
100.9700,0.5342,2.3023
100.9702,0.5681,2.4451
100.9704,0.6519,2.8046
100.9706,0.6891,2.9645
100.9708,0.6748,2.9058
100.9710,0.5818,2.5075
100.9712,0.5861,2.5272
100.9714,0.5619,2.4228
100.9716,0.4831,2.0841
100.9718,0.4484,1.9346
100.9720,0.4733,2.0407
100.9722,0.521,2.2455
100.9724,0.5142,2.215
100.9726,0.5083,2.1927
100.9728,0.5056,2.1793
100.9730,0.5368,2.3147
100.9732,0.5094,2.1943
100.9734,0.5354,2.3032
100.9736,0.5853,2.5189
100.9738,0.6104,2.631
100.9740,0.5429,2.3422
100.9742,0.5337,2.3013
100.9744,0.5387,2.3209
100.9746,0.5272,2.2734
100.9748,0.5206,2.2439
100.9750,0.5,2.156
100.9752,0.5156,2.2191
100.9754,0.5669,2.4411
100.9756,0.5308,2.2857
100.9758,0.536,2.3111
100.9760,0.5,2.157
100.9762,0.4932,2.1275
100.9764,0.508,2.1876
100.9766,0.5815,2.5041
100.9768,0.6098,2.6272
100.9770,0.554,2.3865
100.9772,0.5525,2.3814
100.9774,0.4974,2.1436
100.9776,0.4885,2.1074
100.9778,0.5006,2.1576
100.9780,0.549,2.3642
100.9782,0.5794,2.4937
100.9784,0.5712,2.4608
100.9786,0.5843,2.5148
100.9788,0.5935,2.5557
100.9790,0.6182,2.6596
100.9792,0.6524,2.8014
100.9794,0.8222,3.5288
100.9796,0.7703,3.3152
100.9798,0.6811,2.9299
100.9800,0.7125,3.0594
100.9802,0.7494,3.2165
100.9804,0.768,3.2978
100.9806,0.8254,3.5411
100.9808,0.8076,3.4677
100.9810,0.7404,3.1793
100.9812,0.8468,3.6293
100.9814,0.9494,4.0673
100.9816,0.9825,4.209
100.9818,0.9801,4.1968
100.9820,0.9873,4.2296
100.9822,0.9975,4.2712
100.9824,0.9855,4.2199
100.9826,0.9487,4.0699
100.9828,0.92,3.9451
100.9830,0.9375,4.022
100.9832,0.876,3.7617
100.9834,0.8167,3.5019
100.9836,0.8636,3.7098
100.9838,0.8343,3.5775
100.9840,0.8712,3.7376
100.9842,0.8549,3.671
100.9844,0.8638,3.7109
100.9846,0.8721,3.7429
100.9848,0.9179,3.934
100.9850,0.9272,3.9778
100.9852,0.916,3.9276
100.9854,0.9163,3.931
100.9856,0.8986,3.8566
100.9858,0.8679,3.7249
100.9860,0.9012,3.8644
100.9862,0.9231,3.9585
100.9864,0.8952,3.8405
100.9866,0.9104,3.9076
100.9868,0.8927,3.8314
100.9870,0.9396,4.027
100.9872,0.9626,4.1276
100.9874,0.9604,4.1222
100.9876,0.9215,3.9605
100.9878,0.8199,3.5256
100.9880,0.745,3.2078
100.9882,0.6742,2.9032
100.9884,0.6603,2.842
100.9886,0.7231,3.1081
100.9888,0.7739,3.3276
100.9890,0.7666,3.2962
100.9892,0.7672,3.2988
100.9894,0.7695,3.3075
100.9896,0.7627,3.2812
100.9898,0.7423,3.1935
100.9900,0.7405,3.1739
100.9902,0.8838,3.7951
100.9904,0.8708,3.7407
100.9906,0.8693,3.7276
100.9908,0.9544,4.0946
100.9910,0.9278,3.9822
100.9912,0.8698,3.7366
100.9914,0.8598,3.6921
100.9916,0.7974,3.4271
100.9918,0.7751,3.3328
100.9920,0.7542,3.2491
100.9922,0.7097,3.0617
100.9924,0.5474,2.3613
100.9926,0.5193,2.2393
100.9928,0.6101,2.6306
100.9930,0.6289,2.7093
100.9932,0.6634,2.8541
100.9934,0.7054,3.0332
100.9936,0.7494,3.2254
100.9938,0.7614,3.271
100.9940,0.8008,3.4484
100.9942,0.7049,3.034
100.9944,0.7023,3.0296
100.9946,0.5566,2.4023
100.9948,0.5107,2.2031
100.9950,0.5091,2.1984
100.9952,0.5106,2.2036
100.9954,0.5418,2.3354
100.9956,0.5683,2.4496
100.9958,0.5923,2.5529
100.9960,0.5929,2.5555
100.9962,0.5586,2.4077
100.9964,0.5791,2.4949
100.9966,0.6519,2.8046
100.9968,0.6766,2.9162
100.9970,0.5993,2.5853
100.9972,0.6092,2.6246
100.9974,0.6523,2.8126
100.9976,0.5779,2.4886
100.9978,0.7011,3.0147
100.9980,0.7602,3.2704
100.9982,0.762,3.272
100.9984,0.8248,3.5418
100.9986,0.7925,3.4107
100.9988,0.7558,3.2528
100.9990,0.7514,3.2312
100.9992,0.7776,3.3358
100.9994,0.9413,4.038
100.9996,0.9359,4.0223
100.9998,0.8445,3.6246
101.0000,0.8383,3.6028
101.0002,0.782,3.3643
101.0004,0.7663,3.2951
101.0006,0.8476,3.6413
101.0008,0.845,3.6317
101.0010,0.7529,3.2344
101.0012,0.7923,3.4086
101.0014,0.7422,3.193
101.0016,0.7122,3.0655
101.0018,0.7288,3.1367
101.0020,0.7544,3.2426
101.0022,0.7512,3.2302
101.0024,0.7363,3.1677
101.0026,0.7438,3.2012
101.0028,0.7143,3.0757
101.0030,0.6983,3.0028
101.0032,0.7341,3.1564
101.0034,0.7365,3.1682
101.0036,0.6995,3.0108
101.0038,0.727,3.1246
101.0040,0.8305,3.5643
101.0042,0.88,3.7734
101.0044,0.9089,3.9082
101.0046,0.8181,3.5179
101.0048,0.782,3.3627
101.0050,0.7782,3.3462
101.0052,0.7796,3.3539
101.0054,0.8024,3.4503
101.0056,0.7869,3.3807
101.0058,0.7981,3.4334
101.0060,0.8074,3.4704
101.0062,0.7927,3.4086
101.0064,0.729,3.1363
101.0066,0.7296,3.1403
101.0068,0.6544,2.8233
101.0070,0.5829,2.511
101.0072,0.6707,2.8869
101.0074,0.6685,2.8798
101.0076,0.607,2.6136
101.0078,0.65,2.7976
101.0080,0.6633,2.8589
101.0082,0.6109,2.6343
101.0084,0.6644,2.8569
101.0086,0.7608,3.276
101.0088,0.695,2.9939
101.0090,0.6568,2.8283
101.0092,0.642,2.7656
101.0094,0.6205,2.6769
101.0096,0.5252,2.2667
101.0098,0.5067,2.187
101.0100,0.5052,2.1793
101.0102,0.5014,2.1652
101.0104,0.5018,2.1668
101.0106,0.4983,2.1498
101.0108,0.5022,2.1663
101.0110,0.5094,2.1994
101.0112,0.4992,2.1524
101.0114,0.5456,2.3525
101.0116,0.5873,2.5348
101.0118,0.5529,2.3862
101.0120,0.5236,2.2579
101.0122,0.5265,2.2703
101.0124,0.538,2.3199
101.0126,0.5843,2.5148
101.0128,0.6367,2.7403
101.0130,0.5957,2.5662
101.0132,0.6091,2.6204
101.0134,0.701,3.0169
101.0136,0.7041,3.029
101.0138,0.7143,3.0714
101.0140,0.7802,3.3518
101.0142,0.7981,3.4238
101.0144,0.8594,3.6832
101.0146,0.9567,4.0948
101.0148,0.9851,4.2243
101.0150,0.9697,4.1599
101.0152,0.9769,4.1849
101.0154,0.9745,4.1766
101.0156,0.9541,4.0911
101.0158,0.9578,4.1109
101.0160,0.9335,3.9989
101.0162,0.9622,4.1203
101.0164,1.0005,4.2881
101.0166,0.9679,4.156
101.0168,0.9469,4.0622
101.0170,0.9684,4.1484
101.0172,1.007,4.3179
101.0174,0.9922,4.2586
101.0176,0.9342,3.9964
101.0178,1.0886,4.6615
101.0180,1.0992,4.7132
101.0182,0.9986,4.2839
101.0184,0.9742,4.1794
101.0186,0.9577,4.1123
101.0188,0.9239,3.9671
101.0190,0.846,3.6363
101.0192,0.7586,3.2637
101.0194,0.7172,3.0881
101.0196,0.698,3.0096
101.0198,0.6755,2.9089
101.0200,0.7389,3.1741
101.0202,0.8415,3.6184
101.0204,0.8037,3.4592
101.0206,0.7219,3.1073
101.0208,0.7173,3.0843
101.0210,0.7964,3.4246
101.0212,0.7809,3.3705
101.0214,0.6193,2.6705
101.0216,0.6313,2.7234
101.0218,0.5867,2.5275
101.0220,0.6032,2.6012
101.0222,0.5795,2.5
101.0224,0.5795,2.5
101.0226,0.6157,2.6513
101.0228,0.6579,2.8369
101.0230,0.6314,2.7239
101.0232,0.609,2.6236
101.0234,0.6651,2.8626
101.0236,0.7341,3.1653
101.0238,0.6215,2.6773
101.0240,0.6065,2.6115
101.0242,0.6868,2.9533
101.0244,0.7344,3.1624
101.0246,0.6383,2.7509
101.0248,0.6523,2.8113
101.0250,0.6378,2.7475
101.0252,0.6793,2.9263
101.0254,0.6836,2.9476
101.0256,0.6248,2.6917
101.0258,0.6066,2.6157
101.0260,0.5637,2.4351
101.0262,0.5428,2.3417
101.0264,0.5183,2.2382
101.0266,0.4908,2.1191
101.0268,0.5386,2.3236
101.0270,0.5086,2.1943
101.0272,0.5502,2.3727
101.0274,0.58,2.4997
101.0276,0.6193,2.6643
101.0278,0.6329,2.7314
101.0280,0.5408,2.334
101.0282,0.532,2.293
101.0284,0.5724,2.466
101.0286,0.5658,2.4376
101.0288,0.5814,2.5071
101.0290,0.5723,2.4643
101.0292,0.6047,2.605
101.0294,0.6255,2.6986
101.0296,0.5348,2.3102
101.0298,0.459,1.9819
101.0300,0.4546,1.9628
101.0302,0.4561,1.9695
101.0304,0.4536,1.9577
101.0306,0.4592,1.9811
101.0308,0.4549,1.9607
101.0310,0.5312,2.2904
101.0312,0.5476,2.3613
101.0314,0.5691,2.455
101.0316,0.564,2.4299
101.0318,0.5555,2.3943
101.0320,0.5529,2.3851
101.0322,0.5688,2.4517
101.0324,0.5692,2.4521
101.0326,0.5727,2.4659
101.0328,0.5971,2.57
101.0330,0.6607,2.8435
101.0332,0.6869,2.9579
101.0334,0.7048,3.0306
101.0336,0.7261,3.1224
101.0338,0.7255,3.1184
101.0340,0.6855,2.9531
101.0342,0.5682,2.4502
101.0344,0.5483,2.3633
101.0346,0.5407,2.3302
101.0348,0.5387,2.3219
101.0350,0.5929,2.5579
101.0352,0.5361,2.3106
101.0354,0.5282,2.2775
101.0356,0.5289,2.2827
101.0358,0.5302,2.2842
101.0360,0.5359,2.3117
101.0362,0.5343,2.3028
101.0364,0.579,2.4921
101.0366,0.6176,2.6632
101.0368,0.5873,2.5289
101.0370,0.6715,2.886
101.0372,0.7138,3.0693
101.0374,0.6795,2.9232
101.0376,0.7024,3.026
101.0378,0.6212,2.6762
101.0380,0.5765,2.4847
101.0382,0.5698,2.4569
101.0384,0.543,2.3416
101.0386,0.4971,2.1426
101.0388,0.5548,2.3901
101.0390,0.5711,2.4638
101.0392,0.5155,2.2196
101.0394,0.5877,2.5328
101.0396,0.5219,2.2517
101.0398,0.511,2.2046
101.0400,0.5289,2.2774
101.0402,0.554,2.3876
101.0404,0.5164,2.2268
101.0406,0.5174,2.231
101.0408,0.5002,2.156
101.0410,0.5249,2.2604
101.0412,0.5862,2.5278
101.0414,0.5428,2.3362
101.0416,0.6357,2.7349
101.0418,0.677,2.9137
101.0420,0.6855,2.9517
101.0422,0.6553,2.8243
101.0424,0.5438,2.3436
101.0426,0.4992,2.1534
101.0428,0.5158,2.2253
101.0430,0.524,2.2594
101.0432,0.5177,2.2325
101.0434,0.4984,2.1493
101.0436,0.489,2.1094
101.0438,0.501,2.1581
101.0440,0.559,2.4115
101.0442,0.5097,2.1979
101.0444,0.4929,2.1245
101.0446,0.51,2.1969
101.0448,0.6004,2.5852
101.0450,0.6124,2.6356
101.0452,0.6109,2.6306
101.0454,0.6252,2.6908
101.0456,0.6185,2.6582
101.0458,0.6766,2.9054
101.0460,0.7658,3.287
101.0462,0.798,3.4265
101.0464,0.7499,3.229
101.0466,0.6889,2.9621
101.0468,0.7078,3.0407
101.0470,0.767,3.2936
101.0472,0.7982,3.4307
101.0474,0.7706,3.3091
101.0476,0.7824,3.3564
101.0478,0.8254,3.5411
101.0480,0.8751,3.754
101.0482,0.8746,3.7485
101.0484,0.9737,4.1676
101.0486,1.1176,4.7768
101.0488,1.1428,4.8821
101.0490,1.1254,4.8123
101.0492,1.1212,4.7989
101.0494,1.1071,4.7383
101.0496,1.098,4.6971
101.0498,1.0931,4.6739
101.0500,1.1378,4.8742
101.0502,1.0372,4.4433
101.0504,0.9648,4.1349
101.0506,0.969,4.151
101.0508,1.0637,4.5547
101.0510,1.1113,4.7563
101.0512,1.1109,4.757
101.0514,1.0788,4.615
101.0516,1.0994,4.7055
101.0518,1.0857,4.6556
101.0520,0.9336,4.0088
101.0522,0.8469,3.6399
101.0524,0.8289,3.561
101.0526,0.8199,3.5256
101.0528,0.7778,3.3446
101.0530,0.7916,3.4008
101.0532,0.8084,3.4713
101.0534,0.8065,3.4695
101.0536,0.762,3.2751
101.0538,0.8354,3.5905
101.0540,0.8514,3.6595
101.0542,0.8142,3.5009
101.0544,0.7612,3.2775
101.0546,0.71,3.0542
101.0548,0.7199,3.097
101.0550,0.6854,2.9553
101.0552,0.623,2.6828
101.0554,0.7037,3.026
101.0556,0.7402,3.1842
101.0558,0.7598,3.2673
101.0560,0.7369,3.1732
101.0562,0.6838,2.9459
101.0564,0.6674,2.8738
101.0566,0.6573,2.8291
101.0568,0.6987,3.0043
101.0570,0.7649,3.292
101.0572,0.7355,3.1685
101.0574,0.7536,3.236
101.0576,0.8735,3.7508
101.0578,0.865,3.7177
101.0580,0.801,3.4425
101.0582,0.8199,3.524
101.0584,0.8011,3.4495
101.0586,0.643,2.7741
101.0588,0.5838,2.5163
101.0590,0.5838,2.5174
101.0592,0.5909,2.5479
101.0594,0.5983,2.5788
101.0596,0.5712,2.4654
101.0598,0.504,2.1741
101.0600,0.5439,2.3452
101.0602,0.5432,2.3389
101.0604,0.6727,2.8965
101.0606,0.6313,2.7234
101.0608,0.5357,2.3112
101.0610,0.5297,2.2864
101.0612,0.5195,2.2434
101.0614,0.5193,2.2393
101.0616,0.5283,2.2759
101.0618,0.5658,2.4433
101.0620,0.516,2.2258
101.0622,0.5235,2.2563
101.0624,0.5487,2.367
101.0626,0.5541,2.3903
101.0628,0.5398,2.3277
101.0630,0.5225,2.2522
101.0632,0.5224,2.2527
101.0634,0.5331,2.2987
101.0636,0.5402,2.3292
101.0638,0.6104,2.6298
101.0640,0.6495,2.7969
101.0642,0.6519,2.8033
101.0644,0.7174,3.0848
101.0646,0.832,3.576
101.0648,0.7676,3.2993
101.0650,0.745,3.2049
101.0652,0.7425,3.194
101.0654,0.7817,3.3549
101.0656,0.847,3.6404
101.0658,0.8435,3.6187
101.0660,0.8793,3.7738
101.0662,0.8889,3.8221
101.0664,0.7548,3.2441
101.0666,0.7736,3.3235
101.0668,0.8667,3.7215
101.0670,0.9088,3.904
101.0672,0.8463,3.6357
101.0674,0.7709,3.3147
101.0676,0.7937,3.4143
101.0678,0.8035,3.4518
101.0680,0.7667,3.2998
101.0682,0.6542,2.8183
101.0684,0.6483,2.7943
101.0686,0.6476,2.7899
101.0688,0.6404,2.7576
101.0690,0.6504,2.8044
101.0692,0.6356,2.7344
101.0694,0.6773,2.918
101.0696,0.5856,2.524
101.0698,0.5707,2.4599
101.0700,0.6405,2.7543
101.0702,0.8148,3.5018
101.0704,0.7806,3.3596
101.0706,0.7104,3.0577
101.0708,0.7066,3.0454
101.0710,0.6132,2.6429
101.0712,0.5826,2.5088
101.0714,0.6201,2.6728
101.0716,0.5903,2.5442
101.0718,0.5867,2.5298
101.0720,0.5831,2.5131
101.0722,0.6154,2.6497
101.0724,0.6144,2.6468
101.0726,0.6005,2.5857
101.0728,0.6012,2.5924
101.0730,0.6028,2.5955
101.0732,0.5632,2.4296
101.0734,0.5704,2.4561
101.0736,0.6724,2.8982
101.0738,0.6229,2.681
101.0740,0.6487,2.7945
101.0742,0.5936,2.5563
101.0744,0.6205,2.6731
101.0746,0.6124,2.6392
101.0748,0.6209,2.6735
101.0750,0.6014,2.5958
101.0752,0.5156,2.2263
101.0754,0.5032,2.17
101.0756,0.4962,2.1395
101.0758,0.5018,2.1648
101.0760,0.5103,2.1995
101.0762,0.5333,2.3008
101.0764,0.4993,2.1549
101.0766,0.514,2.2155
101.0768,0.5975,2.574
101.0770,0.6413,2.7638
101.0772,0.6137,2.6462
101.0774,0.5191,2.2382
101.0776,0.5302,2.2863
101.0778,0.5319,2.2904
101.0780,0.5289,2.2806
101.0782,0.5681,2.4474
101.0784,0.5907,2.5457
101.0786,0.6094,2.6239
101.0788,0.6911,2.9663
101.0790,0.8193,3.5198
101.0792,0.7995,3.4348
101.0794,0.7711,3.3158
101.0796,0.7041,3.0261
101.0798,0.7472,3.2147
101.0800,0.7246,3.1157
101.0802,0.7682,3.3034
101.0804,0.7446,3.1988
101.0806,0.8077,3.4601
101.0808,0.9548,4.0885
101.0810,0.9777,4.1924
101.0812,0.9335,4.0027
101.0814,0.9049,3.8803
101.0816,0.8728,3.7478
101.0818,0.8751,3.7575
101.0820,0.9242,3.9631
101.0822,0.8989,3.8528
101.0824,0.9698,4.1565
101.0826,0.9553,4.0982
101.0828,0.8903,3.8176
101.0830,0.9166,3.9357
101.0832,0.8994,3.8603
101.0834,0.9513,4.0774
101.0836,0.9922,4.2566
101.0838,0.9139,3.9225
101.0840,0.912,3.9106
101.0842,0.9758,4.1783
101.0844,1.0272,4.4006
101.0846,1.0308,4.4243
101.0848,0.9532,4.0894
101.0850,1.0287,4.4109
101.0852,0.9405,4.0368
101.0854,0.9055,3.8883
101.0856,0.8853,3.7942
101.0858,0.9643,4.1387
101.0860,1.0018,4.2977
101.0862,0.9249,3.9754
101.0864,0.8223,3.5425
101.0866,0.7717,3.323
101.0868,0.7267,3.1235
101.0870,0.7704,3.3111
101.0872,0.7942,3.4137
101.0874,0.7422,3.196
101.0876,0.6573,2.8317
101.0878,0.6624,2.8561
101.0880,0.6615,2.8485
101.0882,0.6847,2.944
101.0884,0.736,3.1676
101.0886,0.7108,3.0564
101.0888,0.7163,3.0844
101.0890,0.7258,3.1223
101.0892,0.7413,3.1889
101.0894,0.7645,3.2889
101.0896,0.714,3.0789
101.0898,0.6442,2.7754
101.0900,0.6205,2.6756
101.0902,0.5866,2.5317
101.0904,0.5904,2.5423
101.0906,0.612,2.6377
101.0908,0.582,2.5108
101.0910,0.5454,2.3563
101.0912,0.4927,2.1264
101.0914,0.4928,2.1279
101.0916,0.5586,2.41
101.0918,0.5753,2.483
101.0920,0.5025,2.1679
101.0922,0.4869,2.1036
101.0924,0.4725,2.0395
101.0926,0.4899,2.1136
101.0928,0.5001,2.1595
101.0930,0.5013,2.1627
101.0932,0.5622,2.4221
101.0934,0.5124,2.2154
101.0936,0.4189,1.8107
101.0938,0.4246,1.8342
101.0940,0.4207,1.8151
101.0942,0.4625,1.996
101.0944,0.4502,1.946
101.0946,0.4428,1.9138
101.0948,0.4445,1.9184
101.0950,0.4399,1.9005
101.0952,0.4427,1.9124
101.0954,0.4462,1.9265
101.0956,0.4487,1.9356
101.0958,0.4469,1.9288
101.0960,0.4505,1.9443
101.0962,0.4999,2.1545
101.0964,0.5737,2.4728
101.0966,0.5833,2.513
101.0968,0.6606,2.843
101.0970,0.6815,2.932
101.0972,0.6535,2.8139
101.0974,0.5983,2.5776
101.0976,0.5663,2.4385
101.0978,0.5687,2.4511
101.0980,0.561,2.4158
101.0982,0.6448,2.7754
101.0984,0.701,3.0127
101.0986,0.7788,3.3425
101.0988,0.85,3.6499
101.0990,0.7921,3.3949
101.0992,0.915,3.929
101.0994,0.7514,3.2327
101.0996,0.6842,2.9447
101.0998,0.7295,3.1325
101.1000,0.8564,3.6738
101.1002,0.8875,3.8075
101.1004,0.8464,3.6446
101.1006,0.6558,2.825
101.1008,0.6259,2.6976
101.1010,0.556,2.3975
101.1012,0.5131,2.2144
101.1014,0.5124,2.2103
101.1016,0.511,2.2046
101.1018,0.5058,2.1808
101.1020,0.4996,2.1545
101.1022,0.4898,2.113
101.1024,0.5076,2.1876
101.1026,0.5336,2.3019
101.1028,0.5745,2.4759
101.1030,0.5531,2.3851
101.1032,0.5318,2.292
101.1034,0.5706,2.4605
101.1036,0.6371,2.7419
101.1038,0.6178,2.6625
101.1040,0.5739,2.4699
101.1042,0.6053,2.6027
101.1044,0.6601,2.8436
101.1046,0.6285,2.7078
101.1048,0.6144,2.648
101.1050,0.5803,2.4978
101.1052,0.6657,2.8652
101.1054,0.673,2.8994
101.1056,0.6442,2.7716
101.1058,0.6783,2.9181
101.1060,0.6637,2.8565
101.1062,0.6363,2.7388
101.1064,0.6429,2.771
101.1066,0.5989,2.5778
101.1068,0.6275,2.6993
101.1070,0.6895,2.966
101.1072,0.6754,2.9084
101.1074,0.6489,2.7904
101.1076,0.6408,2.7604
101.1078,0.59,2.5419
101.1080,0.5984,2.5781
101.1082,0.644,2.7679
101.1084,0.6838,2.9404
101.1086,0.6964,2.9959
101.1088,0.6384,2.7539
101.1090,0.5038,2.1735
101.1092,0.4868,2.101
101.1094,0.4868,2.102
101.1096,0.4832,2.0846
101.1098,0.4814,2.0749
101.1100,0.4838,2.0871
101.1102,0.4838,2.0871
101.1104,0.483,2.0835
101.1106,0.4821,2.0799
101.1108,0.4831,2.085
101.1110,0.4894,2.1105
101.1112,0.486,2.0965
101.1114,0.4953,2.1348
101.1116,0.5292,2.28
101.1118,0.5832,2.5101
101.1120,0.6056,2.6066
101.1122,0.5755,2.4771
101.1124,0.5928,2.549
101.1126,0.7097,3.0503
101.1128,0.7369,3.1658
101.1130,0.764,3.2807
101.1132,0.7963,3.4208
101.1134,0.7669,3.2977
101.1136,0.7318,3.1378
101.1138,0.8812,3.7696
101.1140,0.99,4.2413
101.1142,0.9543,4.094
101.1144,0.9351,4.0098
101.1146,0.9217,3.9541
101.1148,0.9116,3.9054
101.1150,0.9104,3.9075
101.1152,0.8462,3.6266
101.1154,0.9107,3.9067
101.1156,0.8644,3.7047
101.1158,0.8918,3.8313
101.1160,0.8314,3.5701
101.1162,0.8607,3.694
101.1164,0.8268,3.5455
101.1166,0.9141,3.9198
101.1168,0.927,3.973
101.1170,0.9264,3.9741
101.1172,0.8483,3.6443
101.1174,0.8355,3.5909
101.1176,0.8237,3.5371
101.1178,0.8886,3.8121
101.1180,0.8741,3.7498
101.1182,0.8321,3.5715
101.1184,0.8581,3.6814
101.1186,0.8845,3.7981
101.1188,0.8325,3.5813
101.1190,0.7675,3.3018
101.1192,0.7767,3.3399
101.1194,0.7236,3.113
101.1196,0.7384,3.1764
101.1198,0.7454,3.2084
101.1200,0.717,3.086
101.1202,0.6977,2.9988
101.1204,0.7159,3.0857
101.1206,0.6234,2.6842
101.1208,0.6622,2.8515
101.1210,0.701,3.0127
101.1212,0.7539,3.245
101.1214,0.6846,2.9453
101.1216,0.7284,3.1336
101.1218,0.7218,3.1052
101.1220,0.7338,3.1568
101.1222,0.694,2.9897
101.1224,0.6284,2.7084
101.1226,0.6304,2.7122
101.1228,0.6813,2.9323
101.1230,0.6947,2.9873
101.1232,0.6974,3
101.1234,0.7483,3.2192
101.1236,0.7102,3.0552
101.1238,0.761,3.2754
101.1240,0.72,3.0975
101.1242,0.6994,3.013
101.1244,0.6644,2.8621
101.1246,0.6773,2.9125
101.1248,0.7462,3.21
101.1250,0.7161,3.0819
101.1252,0.6837,2.9439
101.1254,0.6575,2.834
101.1256,0.6677,2.8739
101.1258,0.6639,2.8548
101.1260,0.7229,3.1099
101.1262,0.7566,3.2533
101.1264,0.7667,3.2997
101.1266,0.7025,3.0152
101.1268,0.8047,3.4568
101.1270,0.8309,3.5763
101.1272,0.7548,3.2411
101.1274,0.7864,3.3833
101.1276,0.7139,3.0755
101.1278,0.5888,2.5379
101.1280,0.5782,2.4908
101.1282,0.6093,2.6263
101.1284,0.6095,2.628
101.1286,0.5367,2.3163
101.1288,0.4856,2.0968
101.1290,0.486,2.0974
101.1292,0.5282,2.269
101.1294,0.7334,3.1538
101.1296,0.7187,3.0933
101.1298,0.6507,2.802
101.1300,0.646,2.7818
101.1302,0.6332,2.7291
101.1304,0.6306,2.7165
101.1306,0.631,2.7173
101.1308,0.6352,2.7341
101.1310,0.633,2.7256
101.1312,0.6418,2.7638
101.1314,0.6609,2.8419
101.1316,0.7252,3.1168
101.1318,0.7464,3.2155
101.1320,0.6956,2.9937
101.1322,0.7126,3.0641
101.1324,0.6697,2.8822
101.1326,0.6806,2.9251
101.1328,0.778,3.3425
101.1330,0.8001,3.4421
101.1332,0.6813,2.9363
101.1334,0.6319,2.7209
101.1336,0.6302,2.7149
101.1338,0.6193,2.6692
101.1340,0.6249,2.6922
101.1342,0.6247,2.6887
101.1344,0.6234,2.6855
101.1346,0.6129,2.6393
101.1348,0.6053,2.6075
101.1350,0.6111,2.634
101.1352,0.6561,2.8252
101.1354,0.6278,2.7046
101.1356,0.6171,2.6599
101.1358,0.6258,2.6921
101.1360,0.7694,3.3008
101.1362,0.8428,3.6139
101.1364,0.8101,3.4849
101.1366,0.6998,3.0103
101.1368,0.7277,3.1349
101.1370,0.6366,2.7423
101.1372,0.5649,2.4357
101.1374,0.5593,2.4108
101.1376,0.5608,2.4159
101.1378,0.6008,2.5848
101.1380,0.664,2.8566
101.1382,0.7135,3.0697
101.1384,0.6957,2.9956
101.1386,0.6604,2.8464
101.1388,0.601,2.5877
101.1390,0.6038,2.6061
101.1392,0.5494,2.3635
101.1394,0.7155,3.0808
101.1396,0.5627,2.4275
101.1398,0.4755,2.0505
101.1400,0.5478,2.3623
101.1402,0.5947,2.5632
101.1404,0.5769,2.4839
101.1406,0.5992,2.5812
101.1408,0.5869,2.5273
101.1410,0.6246,2.6894
101.1412,0.5975,2.5727
101.1414,0.6072,2.6133
101.1416,0.6047,2.6013
101.1418,0.6459,2.7813
101.1420,0.6695,2.8857
101.1422,0.6195,2.6665
101.1424,0.6051,2.6058
101.1426,0.6409,2.7558
101.1428,0.6734,2.8982
101.1430,0.6457,2.779
101.1432,0.6223,2.6796
101.1434,0.6826,2.9338
101.1436,0.7494,3.2269
101.1438,0.6408,2.7578
101.1440,0.6318,2.7204
101.1442,0.6319,2.7196
101.1444,0.6651,2.8613
101.1446,0.699,3.0044
101.1448,0.681,2.9299
101.1450,0.6807,2.9229
101.1452,0.7292,3.1387
101.1454,0.7235,3.111
101.1456,0.7533,3.2394
101.1458,0.731,3.1406
101.1460,0.7679,3.2972
101.1462,0.8227,3.5325
101.1464,0.8398,3.6044
101.1466,0.8408,3.6035
101.1468,0.9493,4.0686
101.1470,1.0027,4.2978
101.1472,0.9989,4.2813
101.1474,0.9327,3.9977
101.1476,0.9521,4.0809
101.1478,0.974,4.1705
101.1480,0.9638,4.1327
101.1482,0.9397,4.0293
101.1484,0.9861,4.2303
101.1486,0.9772,4.1883
101.1488,0.9577,4.1084
101.1490,0.9875,4.2345
101.1492,0.9776,4.1879
101.1494,0.9113,3.913
101.1496,0.8095,3.4839
101.1498,0.7881,3.3905
101.1500,0.8098,3.479
101.1502,0.8087,3.4776
101.1504,0.8105,3.4837
101.1506,0.8526,3.6595
101.1508,0.8828,3.7874
101.1510,0.8741,3.7586
101.1512,0.8111,3.4847
101.1514,0.856,3.6756
101.1516,0.9361,4.0158
101.1518,0.9296,3.9973
101.1520,0.7914,3.4013
101.1522,0.7826,3.3636
101.1524,0.7646,3.2909
101.1526,0.6864,2.9572
101.1528,0.6784,2.9212
101.1530,0.7191,3.0919
101.1532,0.7454,3.2098
101.1534,0.6652,2.8631
101.1536,0.6826,2.9379
101.1538,0.7682,3.3049
101.1540,0.7403,3.1862
101.1542,0.694,2.9842
101.1544,0.7071,3.0489
101.1546,0.5757,2.4857
101.1548,0.5295,2.2821
101.1550,0.6191,2.6657
101.1552,0.6674,2.8764
101.1554,0.5993,2.5877
101.1556,0.5498,2.3694
101.1558,0.6382,2.7444
101.1560,0.7358,3.17
101.1562,0.5887,2.5433
101.1564,0.5404,2.3324
101.1566,0.5878,2.5321
101.1568,0.57,2.4591
101.1570,0.5645,2.4353
101.1572,0.534,2.3039
101.1574,0.5201,2.2449
101.1576,0.5012,2.1631
101.1578,0.5062,2.1829
101.1580,0.5284,2.2796
101.1582,0.5598,2.414
101.1584,0.6092,2.6245
101.1586,0.6408,2.7617
101.1588,0.5562,2.3996
101.1590,0.5096,2.2024
101.1592,0.5007,2.1531
101.1594,0.65,2.8067
101.1596,0.4848,2.0932
101.1598,0.4492,1.9395
101.1600,0.4439,1.9176
101.1602,0.4385,1.8934
101.1604,0.4399,1.8996
101.1606,0.4462,1.9265
101.1608,0.4535,1.9563
101.1610,0.4752,2.0518
101.1612,0.4362,1.8844
101.1614,0.451,1.9454
101.1616,0.4689,2.0249
101.1618,0.451,1.9472
101.1620,0.4466,1.9268
101.1622,0.431,1.8613
101.1624,0.4658,2.0096
101.1626,0.529,2.2779
101.1628,0.6033,2.5992
101.1630,0.5783,2.4901
101.1632,0.6448,2.7767
101.1634,0.6795,2.9232
101.1636,0.6743,2.8996
101.1638,0.6792,2.9235
101.1640,0.6713,2.8854
101.1642,0.7012,3.0151
101.1644,0.6984,2.9991
101.1646,0.7709,3.3131
101.1648,0.7649,3.292
101.1650,0.7358,3.1641
101.1652,0.7438,3.1952
101.1654,0.7264,3.1219
101.1656,0.7153,3.0788
101.1658,0.6809,2.9293
101.1660,0.6643,2.8616
101.1662,0.6292,2.7058
101.1664,0.7328,3.1483
101.1666,0.734,3.1608
101.1668,0.6676,2.8748
101.1670,0.6556,2.8205
101.1672,0.6971,3.0018
101.1674,0.5942,2.5612
101.1676,0.543,2.3427
101.1678,0.5463,2.3555
101.1680,0.551,2.3746
101.1682,0.5418,2.3364
101.1684,0.5602,2.4144
101.1686,0.5903,2.5418
101.1688,0.6101,2.6282
101.1690,0.5915,2.5434
101.1692,0.6766,2.9135
101.1694,0.6247,2.6899
101.1696,0.5971,2.5724
101.1698,0.6171,2.6611
101.1700,0.5462,2.3528
101.1702,0.5434,2.3431
101.1704,0.5045,2.1726
101.1706,0.5504,2.372
101.1708,0.5071,2.1875
101.1710,0.5247,2.2625
101.1712,0.5122,2.2087
101.1714,0.514,2.2134
101.1716,0.5699,2.4551
101.1718,0.5815,2.5052
101.1720,0.5352,2.3058
101.1722,0.5634,2.4261
101.1724,0.6066,2.6132
101.1726,0.5254,2.2698
101.1728,0.4253,1.8373
101.1730,0.4677,2.0141
101.1732,0.5475,2.3607
101.1734,0.5087,2.1937
101.1736,0.5053,2.1787
101.1738,0.5059,2.1813
101.1740,0.5152,2.2175
101.1742,0.5579,2.4035
101.1744,0.5032,2.1689
101.1746,0.4977,2.1462
101.1748,0.496,2.1399
101.1750,0.4862,2.0975
101.1752,0.4777,2.0598
101.1754,0.4791,2.067
101.1756,0.4806,2.0703
101.1758,0.5251,2.263
101.1760,0.4868,2.0972
101.1762,0.4974,2.1446
101.1764,0.5036,2.1715
101.1766,0.5236,2.2557
101.1768,0.5917,2.5468
101.1770,0.637,2.7418
101.1772,0.6079,2.6176
101.1774,0.5688,2.4527
101.1776,0.5167,2.2247
101.1778,0.5592,2.4069
101.1780,0.5898,2.5385
101.1782,0.6487,2.7906
101.1784,0.7312,3.1426
101.1786,0.7655,3.2853
101.1788,0.791,3.395
101.1790,0.8282,3.5528
101.1792,0.7988,3.4268
101.1794,0.7583,3.2469
101.1796,0.8803,3.7748
101.1798,0.8712,3.7375
101.1800,0.9765,4.1774
101.1802,1.1053,4.7173
101.1804,1.176,5.0262
101.1806,1.073,4.6011
101.1808,0.9095,3.8998
101.1810,0.8935,3.8296
101.1812,0.9222,3.9524
101.1814,0.9146,3.9219
101.1816,0.9416,4.0357
101.1818,0.9776,4.1859
101.1820,0.994,4.2543
101.1822,0.9855,4.2238
101.1824,0.9037,3.8769
101.1826,0.9246,3.9664
101.1828,0.8894,3.821
101.1830,0.8218,3.5272
101.1832,0.9096,3.8985
101.1834,0.9343,4.0025
101.1836,0.9427,4.0365
101.1838,0.9446,4.0485
101.1840,0.9505,4.0718
101.1842,1.0141,4.3425
101.1844,0.9304,4.0009
101.1846,0.8095,3.4775
101.1848,0.8128,3.4886
101.1850,0.8101,3.4816
101.1852,0.7512,3.2316
101.1854,0.7373,3.1674
101.1856,0.7833,3.3652
101.1858,0.7881,3.3842
101.1860,0.7664,3.2956
101.1862,0.7894,3.393
101.1864,0.7888,3.3889
101.1866,0.7784,3.3534
101.1868,0.6483,2.7916
101.1870,0.6999,3.0067
101.1872,0.735,3.1605
101.1874,0.7596,3.2632
101.1876,0.8673,3.7223
101.1878,0.9104,3.9057
101.1880,0.8737,3.7535
101.1882,0.8213,3.5284
101.1884,0.8539,3.6634
101.1886,0.8898,3.8172
101.1888,0.8736,3.7583
101.1890,0.7674,3.3013
101.1892,0.7492,3.2229
101.1894,0.7394,3.1811
101.1896,0.7512,3.2331
101.1898,0.7578,3.2554
101.1900,0.7572,3.2589
101.1902,0.673,2.902
101.1904,0.5787,2.4928
101.1906,0.6105,2.6327
101.1908,0.5801,2.5025
101.1910,0.5751,2.4808
101.1912,0.5688,2.4505
101.1914,0.635,2.7343
101.1916,0.659,2.8389
101.1918,0.6644,2.8595
101.1920,0.6572,2.8325
101.1922,0.5868,2.5279
101.1924,0.6472,2.7857
101.1926,0.7131,3.0662
101.1928,0.717,3.0903
101.1930,0.5867,2.5333
101.1932,0.4866,2.099
101.1934,0.4794,2.0709
101.1936,0.4867,2.0966
101.1938,0.5489,2.3647
101.1940,0.5388,2.3256
101.1942,0.5338,2.3028
101.1944,0.536,2.31
101.1946,0.5333,2.3008
101.1948,0.5373,2.3178
101.1950,0.533,2.2971
101.1952,0.5313,2.2909
101.1954,0.5261,2.2697
101.1956,0.5639,2.427
101.1958,0.6655,2.8641
101.1960,0.728,3.1292
101.1962,0.7158,3.0809
101.1964,0.6423,2.7671
101.1966,0.6435,2.7697
101.1968,0.6728,2.8929
101.1970,0.7043,3.0342
101.1972,0.7011,3.0174
101.1974,0.703,3.0214
101.1976,0.8159,3.5036
101.1978,0.8314,3.5717
101.1980,0.7657,3.294
101.1982,0.7507,3.2296
101.1984,0.6757,2.9107
101.1986,0.6367,2.7416
101.1988,0.6651,2.8586
101.1990,0.8033,3.4512
101.1992,0.8314,3.5701
101.1994,0.8245,3.5468
101.1996,0.7376,3.1748
101.1998,0.7103,3.0557
101.2000,0.7059,3.0338
101.2002,0.6728,2.897
101.2004,0.6261,2.6961
101.2006,0.6751,2.9095
101.2008,0.6179,2.6642
101.2010,0.608,2.6206
101.2012,0.608,2.6182
101.2014,0.6445,2.7764
101.2016,0.5933,2.5594
101.2018,0.5345,2.3049
101.2020,0.5253,2.264
101.2022,0.5326,2.2955
101.2024,0.6233,2.685
101.2026,0.6629,2.8493
101.2028,0.7174,3.0862
101.2030,0.6951,2.9916
101.2032,0.7065,3.0307
101.2034,0.8018,3.4461
101.2036,0.7026,3.0255
101.2038,0.6912,2.9737
101.2040,0.7209,3.0997
101.2042,0.7367,3.1663
101.2044,0.732,3.1506
101.2046,0.7029,3.0251
101.2048,0.6986,3.0052
101.2050,0.6957,2.9928
101.2052,0.6965,2.9978
101.2054,0.6408,2.7565
101.2056,0.6611,2.8469
101.2058,0.6832,2.9419
101.2060,0.6276,2.7023
101.2062,0.6531,2.8071
101.2064,0.7097,3.0531
101.2066,0.7209,3.104
101.2068,0.6766,2.9067
101.2070,0.7505,3.2255
101.2072,0.7236,3.113
101.2074,0.7465,3.2145
101.2076,0.6481,2.7906
101.2078,0.6044,2.6075
101.2080,0.518,2.2356
101.2082,0.4911,2.1177
101.2084,0.49,2.1131
101.2086,0.4892,2.1114
101.2088,0.4962,2.1414
101.2090,0.5144,2.218
101.2092,0.527,2.2734
101.2094,0.5087,2.1968
101.2096,0.4836,2.0861
101.2098,0.483,2.0845
101.2100,0.4794,2.068
101.2102,0.4846,2.0908
101.2104,0.4842,2.0897
101.2106,0.5292,2.2842
101.2108,0.4869,2.1006
101.2110,0.506,2.1828
101.2112,0.546,2.3501
101.2114,0.6069,2.6135
101.2116,0.5947,2.562
101.2118,0.5712,2.4597
101.2120,0.6247,2.6862
101.2122,0.7091,3.0477
101.2124,0.7725,3.3188
101.2126,0.7647,3.2884
101.2128,0.7324,3.1448
101.2130,0.7741,3.3255
101.2132,0.7952,3.4098
101.2134,0.9079,3.8876
101.2136,0.9996,4.2844
101.2138,0.9832,4.2179
101.2140,0.9536,4.0852
101.2142,0.9744,4.1765
101.2144,0.991,4.2474
101.2146,0.9867,4.225
101.2148,0.9578,4.1051
101.2150,0.9433,4.041
101.2152,0.9953,4.2699
101.2154,0.9523,4.0871
101.2156,0.9107,3.9067
101.2158,0.8651,3.7113
101.2160,0.8717,3.7396
101.2162,0.9491,4.0681
101.2164,0.9011,3.8674
101.2166,0.8316,3.5711
101.2168,0.8492,3.6463
101.2170,0.864,3.7101
101.2172,0.927,3.9748
101.2174,0.9215,3.9567
101.2176,0.8625,3.7051
101.2178,0.8173,3.5158
101.2180,0.7837,3.362
101.2182,0.8257,3.547
101.2184,0.825,3.5494
101.2186,0.7626,3.2821
101.2188,0.7204,3.0991
101.2190,0.7258,3.1252
101.2192,0.7119,3.0624
101.2194,0.7152,3.0726
101.2196,0.8065,3.4662
101.2198,0.7825,3.3694
101.2200,0.6954,2.9945
101.2202,0.6318,2.7217
101.2204,0.6531,2.8123
101.2206,0.6857,2.9527
101.2208,0.6633,2.8548
101.2210,0.7032,3.0253
101.2212,0.6965,2.9992
101.2214,0.597,2.5719
101.2216,0.6173,2.6616
101.2218,0.6269,2.7005
101.2220,0.6751,2.9054
101.2222,0.6914,2.9756
101.2224,0.69,2.9699
101.2226,0.6915,2.9803
101.2228,0.6224,2.6814
101.2230,0.6517,2.8061
101.2232,0.6758,2.9112
101.2234,0.6228,2.6854
101.2236,0.5569,2.4027
101.2238,0.5223,2.2521
101.2240,0.5933,2.5582
101.2242,0.5741,2.4743
101.2244,0.6032,2.5975
101.2246,0.6205,2.6743
101.2248,0.5758,2.4839
101.2250,0.5705,2.46
101.2252,0.5906,2.5468
101.2254,0.5742,2.4714
101.2256,0.6981,3.0031
101.2258,0.7239,3.1212
101.2260,0.5517,2.3788
101.2262,0.5041,2.1715
101.2264,0.5499,2.3722
101.2266,0.5132,2.218
101.2268,0.4595,1.9831
101.2270,0.4651,2.0083
101.2272,0.4605,1.9877
101.2274,0.5149,2.2211
101.2276,0.479,2.0684
101.2278,0.4604,1.9881
101.2280,0.4516,1.9489
101.2282,0.4536,1.9577
101.2284,0.4551,1.9644
101.2286,0.5127,2.2118
101.2288,0.5409,2.3323
101.2290,0.552,2.3782
101.2292,0.5815,2.5064
101.2294,0.6036,2.5966
101.2296,0.5959,2.5696
101.2298,0.5586,2.4099
101.2300,0.5578,2.4041
101.2302,0.5589,2.4087
101.2304,0.567,2.4427
101.2306,0.6168,2.6546
101.2308,0.6855,2.9517
101.2310,0.6711,2.879
101.2312,0.823,3.534
101.2314,0.7239,3.1184
101.2316,0.5755,2.4817
101.2318,0.5807,2.5016
101.2320,0.5941,2.5559
101.2322,0.6369,2.7439
101.2324,0.5953,2.567
101.2326,0.5638,2.4276
101.2328,0.5581,2.4056
101.2330,0.5434,2.341
101.2332,0.5504,2.372
101.2334,0.5451,2.3515
101.2336,0.5289,2.2806
101.2338,0.5283,2.2769
101.2340,0.5297,2.2842
101.2342,0.5441,2.3462
101.2344,0.545,2.3499
101.2346,0.5418,2.3342
101.2348,0.5287,2.2795
101.2350,0.5269,2.2697
101.2352,0.59,2.5443
101.2354,0.5204,2.2449
101.2356,0.5016,2.1617
101.2358,0.5481,2.3589
101.2360,0.5814,2.5035
101.2362,0.5963,2.5664
101.2364,0.5767,2.4846
101.2366,0.5681,2.4485
101.2368,0.5426,2.3417
101.2370,0.5159,2.2227
101.2372,0.5749,2.478
101.2374,0.5705,2.4554
101.2376,0.5566,2.4
101.2378,0.5047,2.1731
101.2380,0.5504,2.3709
101.2382,0.5149,2.218
101.2384,0.567,2.4416
101.2386,0.5808,2.5021
101.2388,0.5766,2.484
101.2390,0.5255,2.2671
101.2392,0.5205,2.2413
101.2394,0.6513,2.798
101.2396,0.7637,3.2761
101.2398,0.7827,3.3704
101.2400,0.6385,2.7493
101.2402,0.6275,2.7018
101.2404,0.5896,2.5386
101.2406,0.5846,2.5163
101.2408,0.5858,2.5215
101.2410,0.5562,2.3973
101.2412,0.4958,2.1389
101.2414,0.486,2.0955
101.2416,0.4821,2.0789
101.2418,0.4801,2.0701
101.2420,0.5298,2.2837
101.2422,0.54,2.3297
101.2424,0.5067,2.1839
101.2426,0.4989,2.1503
101.2428,0.5619,2.4205
101.2430,0.606,2.6082
101.2432,0.6242,2.6854
101.2434,0.6284,2.7059
101.2436,0.6367,2.739
101.2438,0.6553,2.819
101.2440,0.6382,2.7457
101.2442,0.6418,2.7561
101.2444,0.7434,3.1907
101.2446,0.7969,3.4234
101.2448,0.7002,3.011
101.2450,0.7203,3.0928
101.2452,0.7761,3.3296
101.2454,0.8116,3.4802
101.2456,0.8756,3.7565
101.2458,0.8584,3.6842
101.2460,0.8848,3.7974
101.2462,0.8574,3.6749
101.2464,0.8918,3.8206
101.2466,0.9135,3.9136
101.2468,0.9875,4.2305
101.2470,0.9973,4.2726
101.2472,0.9869,4.224
101.2474,0.9968,4.2661
101.2476,0.9868,4.2274
101.2478,0.9328,3.9982
101.2480,0.9326,4.0027
101.2482,0.8914,3.8221
101.2484,0.9605,4.1169
101.2486,0.9765,4.1891
101.2488,0.915,3.9253
101.2490,0.9097,3.8972
101.2492,0.953,4.0864
101.2494,0.8756,3.76
101.2496,0.8609,3.6933
101.2498,0.8452,3.6276
101.2500,0.826,3.5485
101.2502,0.8234,3.5372
101.2504,0.8074,3.4638
101.2506,0.8836,3.7905
101.2508,0.9227,3.9563
101.2510,0.9199,3.9555
101.2512,0.7433,3.1946
101.2514,0.7699,3.3121
101.2516,0.7555,3.2472
101.2518,0.7935,3.4089
101.2520,0.8414,3.6145
101.2522,0.7683,3.3038
101.2524,0.7254,3.1207
101.2526,0.729,3.1362
101.2528,0.6954,2.989
101.2530,0.7032,3.0281
101.2532,0.691,2.9754
101.2534,0.6651,2.8599
101.2536,0.7219,3.1043
101.2538,0.7484,3.2183
101.2540,0.7504,3.2265
101.2542,0.7345,3.1629
101.2544,0.6457,2.7816
101.2546,0.6387,2.7554
101.2548,0.5899,2.5437
101.2550,0.5898,2.542
101.2552,0.6229,2.6822
101.2554,0.6626,2.8531
101.2556,0.656,2.8247
101.2558,0.6653,2.865
101.2560,0.6126,2.6366
101.2562,0.6044,2.6051
101.2564,0.5715,2.4653
101.2566,0.5595,2.4135
101.2568,0.5652,2.4338
101.2570,0.6122,2.635
101.2572,0.6029,2.596
101.2574,0.6673,2.8719
101.2576,0.6355,2.7402
101.2578,0.5551,2.3938
101.2580,0.5843,2.5194
101.2582,0.5905,2.5451
101.2584,0.584,2.5137
101.2586,0.6514,2.8051
101.2588,0.6504,2.8043
101.2590,0.5103,2.1994
101.2592,0.5469,2.3581
101.2594,0.5541,2.388
101.2596,0.6081,2.6187
101.2598,0.6761,2.9128
101.2600,0.5815,2.5075
101.2602,0.5314,2.2925
101.2604,0.5204,2.2428
101.2606,0.5169,2.2299
101.2608,0.5183,2.2351
101.2610,0.5312,2.2904
101.2612,0.5278,2.2759
101.2614,0.5234,2.2568
101.2616,0.5718,2.4634
101.2618,0.636,2.7346
101.2620,0.7155,3.0736
101.2622,0.7199,3.0984
101.2624,0.6557,2.8223
101.2626,0.6502,2.7973
101.2628,0.7096,3.0498
101.2630,0.7548,3.2441
101.2632,0.7617,3.2694
101.2634,0.7855,3.376
101.2636,0.7674,3.2967
101.2638,0.7893,3.3893
101.2640,0.8209,3.5231
101.2642,0.7878,3.3842
101.2644,0.792,3.4038
101.2646,0.7806,3.3596
101.2648,0.7159,3.08
101.2650,0.7133,3.07
101.2652,0.7482,3.2142
101.2654,0.8002,3.4362
101.2656,0.7977,3.4254
101.2658,0.7668,3.3002
101.2660,0.7258,3.1252
101.2662,0.7093,3.0516
101.2664,0.7453,3.2078
101.2666,0.6713,2.8908
101.2668,0.6194,2.6672
101.2670,0.6188,2.6646
101.2672,0.6143,2.6438
101.2674,0.6322,2.7225
101.2676,0.6661,2.8694
101.2678,0.5957,2.5674
101.2680,0.5526,2.3829
101.2682,0.579,2.4955
101.2684,0.5754,2.4754
101.2686,0.6861,2.9515
101.2688,0.6631,2.8551
101.2690,0.656,2.8234
101.2692,0.7339,3.1529
101.2694,0.7488,3.2213
101.2696,0.6978,3.0063
101.2698,0.6657,2.8665
101.2700,0.6025,2.598
101.2702,0.5451,2.3515
101.2704,0.5288,2.2801
101.2706,0.5706,2.4548
101.2708,0.6086,2.622
101.2710,0.5783,2.4924
101.2712,0.5827,2.5116
101.2714,0.6079,2.6189
101.2716,0.5891,2.5366
101.2718,0.6427,2.7635
101.2720,0.7203,3.0971
101.2722,0.7012,3.0165
101.2724,0.6904,2.9673
101.2726,0.7382,3.1744
101.2728,0.7743,3.3296
101.2730,0.7439,3.1987
101.2732,0.7013,3.0198
101.2734,0.5888,2.5391
101.2736,0.4978,2.1477
101.2738,0.4923,2.1229
101.2740,0.4926,2.1249
101.2742,0.494,2.1311
101.2744,0.4903,2.1141
101.2746,0.524,2.2573
101.2748,0.5511,2.3773
101.2750,0.5071,2.1875
101.2752,0.5403,2.3275
101.2754,0.5464,2.3561
101.2756,0.4948,2.1347
101.2758,0.4912,2.1163
101.2760,0.4935,2.129
101.2762,0.4956,2.1378
101.2764,0.4863,2.1
101.2766,0.4772,2.0587
101.2768,0.479,2.0655
101.2770,0.4799,2.0691
101.2772,0.4987,2.1503
101.2774,0.5632,2.4217
101.2776,0.6488,2.7898
101.2778,0.697,2.9957
101.2780,0.6749,2.9063
101.2782,0.5969,2.5701
101.2784,0.6816,2.9297
101.2786,0.7409,3.1784
101.2788,0.7933,3.4047
101.2790,0.8077,3.4665
101.2792,0.8362,3.5873
101.2794,0.8414,3.6094
101.2796,0.8664,3.7152
101.2798,0.8843,3.7936
101.2800,0.9164,3.9296
101.2802,0.8718,3.7436
101.2804,0.8237,3.5355
101.2806,0.8581,3.6763
101.2808,0.8915,3.8209
101.2810,0.9212,3.9465
101.2812,0.9458,4.0556
101.2814,0.9397,4.0387
101.2816,0.8734,3.7468
101.2818,0.897,3.8517
101.2820,0.8602,3.6902
101.2822,0.9129,3.911
101.2824,0.9399,4.0266
101.2826,0.9439,4.0454
101.2828,0.9705,4.1615
101.2830,0.9734,4.1699
101.2832,0.9956,4.2649
101.2834,0.9962,4.2695
101.2836,0.984,4.2156
101.2838,1.0023,4.2897
101.2840,1.0183,4.3625
101.2842,0.999,4.2818
101.2844,0.9575,4.1174
101.2846,0.8324,3.5742
101.2848,0.8689,3.7277
101.2850,0.8765,3.7654
101.2852,0.8306,3.5648
101.2854,0.9015,3.8731
101.2856,0.8542,3.6696
101.2858,0.8464,3.6344
101.2860,0.9103,3.907
101.2862,0.9442,4.0451
101.2864,0.986,4.2317
101.2866,0.8952,3.8511
101.2868,0.7496,3.2249
101.2870,0.7641,3.2873
101.2872,0.7649,3.2935
101.2874,0.7406,3.1877
101.2876,0.7643,3.2848
101.2878,0.7812,3.3637
101.2880,0.7525,3.2358
101.2882,0.7798,3.3549
101.2884,0.7259,3.1213
101.2886,0.751,3.2276
101.2888,0.7416,3.1963
101.2890,0.5765,2.487
101.2892,0.5681,2.4474
101.2894,0.6237,2.692
101.2896,0.5219,2.2527
101.2898,0.5621,2.4249
101.2900,0.5428,2.3405
101.2902,0.5242,2.2604
101.2904,0.4954,2.1403
101.2906,0.4879,2.1067
101.2908,0.5055,2.1808
101.2910,0.5023,2.1688
101.2912,0.5233,2.2615
101.2914,0.4474,1.9326
101.2916,0.4132,1.785
101.2918,0.4397,1.8942
101.2920,0.6306,2.7165
101.2922,0.597,2.5778
101.2924,0.4887,2.1123
101.2926,0.4506,1.9448
101.2928,0.45,1.944
101.2930,0.4488,1.937
101.2932,0.4528,1.9541
101.2934,0.4447,1.9185
101.2936,0.4396,1.8972
101.2938,0.4489,1.9375
101.2940,0.449,1.9398
101.2942,0.4457,1.9253
101.2944,0.4453,1.922
101.2946,0.4906,2.1147
101.2948,0.5769,2.4839
101.2950,0.5814,2.5047
101.2952,0.5662,2.4402
101.2954,0.5645,2.4319
101.2956,0.5729,2.4669
101.2958,0.5795,2.4964
101.2960,0.5693,2.456
101.2962,0.5605,2.4159
101.2964,0.5531,2.3828
101.2966,0.55,2.3683
101.2968,0.5802,2.4995
101.2970,0.6472,2.7844
101.2972,0.7206,3.0943
101.2974,0.8059,3.4604
101.2976,0.7673,3.3023
101.2978,0.6548,2.8234
101.2980,0.5617,2.4222
101.2982,0.5484,2.3638
101.2984,0.5807,2.4993
101.2986,0.6699,2.8806
101.2988,0.6837,2.9426
101.2990,0.6629,2.8573
101.2992,0.6517,2.8048
101.2994,0.5899,2.5426
101.2996,0.5375,2.3178
101.2998,0.5399,2.3281
101.3000,0.586,2.522
101.3002,0.626,2.6956
101.3004,0.547,2.3586
101.3006,0.5144,2.219
101.3008,0.5164,2.2278
101.3010,0.495,2.1352
101.3012,0.5011,2.1596
101.3014,0.5291,2.2816
101.3016,0.5701,2.4573
101.3018,0.556,2.3963
101.3020,0.5472,2.3575
101.3022,0.5664,2.439
101.3024,0.6056,2.6042
101.3026,0.6736,2.8992
101.3028,0.6816,2.9338
101.3030,0.6709,2.886
101.3032,0.6832,2.9391
101.3034,0.6376,2.7431
101.3036,0.6381,2.7426
101.3038,0.7024,3.0217
101.3040,0.6385,2.7506
101.3042,0.6085,2.6227
101.3044,0.6308,2.7112
101.3046,0.6971,3.0018
101.3048,0.6213,2.6767
101.3050,0.6084,2.6173
101.3052,0.6622,2.8489
101.3054,0.6644,2.8608
101.3056,0.6239,2.6863
101.3058,0.5935,2.5569
101.3060,0.6065,2.6127
101.3062,0.5953,2.5622
101.3064,0.6442,2.7728
101.3066,0.6584,2.8363
101.3068,0.5258,2.2682
101.3070,0.4926,2.1249
101.3072,0.5028,2.1679
101.3074,0.493,2.126
101.3076,0.4898,2.113
101.3078,0.4938,2.1301
101.3080,0.4948,2.1337
101.3082,0.4935,2.1271
101.3084,0.4899,2.1096
101.3086,0.5397,2.3239
101.3088,0.5504,2.372
101.3090,0.4888,2.1089
101.3092,0.4869,2.1006
101.3094,0.4872,2.1016
101.3096,0.4923,2.1229
101.3098,0.4975,2.1421
101.3100,0.5797,2.4963
101.3102,0.5494,2.3679
101.3104,0.5043,2.1726
101.3106,0.5474,2.3569
101.3108,0.5771,2.4838
101.3110,0.6488,2.7911
101.3112,0.7259,3.1155
101.3114,0.7396,3.1801
101.3116,0.7047,3.0287
101.3118,0.7206,3.0972
101.3120,0.7263,3.1185
101.3122,0.776,3.3353
101.3124,0.7924,3.4027
101.3126,0.8795,3.766
101.3128,1.0033,4.2943
101.3130,0.9584,4.1095
101.3132,0.8944,3.835
101.3134,0.9081,3.8941
101.3136,0.9193,3.9364
101.3138,0.9475,4.0609
101.3140,0.9436,4.0482
101.3142,0.9187,3.9338
101.3144,0.9827,4.2061
101.3146,1.0065,4.3097
101.3148,0.9693,4.1505
101.3150,0.9693,4.1602
101.3152,0.845,3.6299
101.3154,0.8634,3.7023
101.3156,0.8882,3.8123
101.3158,0.8866,3.8051
101.3160,0.8756,3.7583
101.3162,0.8848,3.7921
101.3164,0.8977,3.8512
101.3166,0.8655,3.7145
101.3168,0.8523,3.6596
101.3170,0.8338,3.5854
101.3172,0.8048,3.459
101.3174,0.8343,3.5824
101.3176,0.8007,3.4415
101.3178,0.7694,3.3023
101.3180,0.8372,3.5931
101.3182,0.8367,3.591
101.3184,0.8695,3.7303
101.3186,0.9053,3.8854
101.3188,0.9356,4.0137
101.3190,0.8878,3.8156
101.3192,0.7868,3.388
101.3194,0.6935,2.9835
101.3196,0.7465,3.2115
101.3198,0.6968,2.9974
101.3200,0.662,2.8492
101.3202,0.6602,2.8428
101.3204,0.6932,2.9806
101.3206,0.7303,3.1433
101.3208,0.6864,2.9544
101.3210,0.6621,2.8497
101.3212,0.6731,2.8972
101.3214,0.6795,2.9245
101.3216,0.6645,2.8613
101.3218,0.6597,2.8446
101.3220,0.5959,2.5708
101.3222,0.5758,2.4816
101.3224,0.5922,2.5524
101.3226,0.6302,2.7137
101.3228,0.647,2.7834
101.3230,0.6752,2.9059
101.3232,0.6775,2.9171
101.3234,0.7105,3.0539
101.3236,0.7695,3.3105
101.3238,0.714,3.0731
101.3240,0.7004,3.0157
101.3242,0.6635,2.8559
101.3244,0.6688,2.8799
101.3246,0.677,2.9123
101.3248,0.7188,3.0895
101.3250,0.7536,3.2404
101.3252,0.6978,3.0105
101.3254,0.5211,2.2491
101.3256,0.4884,2.1078
101.3258,0.5116,2.2041
101.3260,0.5424,2.339
101.3262,0.5358,2.3084
101.3264,0.5392,2.324
101.3266,0.5361,2.3105
101.3268,0.5374,2.3194
101.3270,0.5197,2.2418
101.3272,0.5173,2.2284
101.3274,0.5508,2.3719
101.3276,0.6133,2.6409
101.3278,0.6357,2.7362
101.3280,0.685,2.9455
101.3282,0.7161,3.0819
101.3284,0.6526,2.8102
101.3286,0.6746,2.9061
101.3288,0.6447,2.7761
101.3290,0.6571,2.8228
101.3292,0.7469,3.2101
101.3294,0.7581,3.257
101.3296,0.721,3.1002
101.3298,0.7092,3.0539
101.3300,0.634,2.7327
101.3302,0.6273,2.6988
101.3304,0.6878,2.9601
101.3306,0.6283,2.7054
101.3308,0.6206,2.6736
101.3310,0.6171,2.6574
101.3312,0.6478,2.787
101.3314,0.7037,3.0245
101.3316,0.7476,3.2132
101.3318,0.7146,3.0786
101.3320,0.6229,2.6847
101.3322,0.608,2.6206
101.3324,0.6096,2.6261
101.3326,0.6143,2.645
101.3328,0.6119,2.6347
101.3330,0.5894,2.537
101.3332,0.643,2.7676
101.3334,0.6095,2.6292
101.3336,0.5534,2.3872
101.3338,0.5402,2.327
101.3340,0.5366,2.3126
101.3342,0.5397,2.326
101.3344,0.545,2.3477
101.3346,0.6072,2.6133
101.3348,0.6141,2.6469
101.3350,0.6093,2.6238
101.3352,0.668,2.8736
101.3354,0.6999,3.0094
101.3356,0.6825,2.9388
101.3358,0.6547,2.8164
101.3360,0.6173,2.6592
101.3362,0.5596,2.4118
101.3364,0.5566,2.3989
101.3366,0.5469,2.3559
101.3368,0.5715,2.4641
101.3370,0.6117,2.6342
101.3372,0.6129,2.6393
101.3374,0.5956,2.5645
101.3376,0.5965,2.5686
101.3378,0.6183,2.6613
101.3380,0.6494,2.7911
101.3382,0.7228,3.1123
101.3384,0.6858,2.9519
101.3386,0.7402,3.1753
101.3388,0.7976,3.4312
101.3390,0.7149,3.0753
101.3392,0.711,3.0574
101.3394,0.6909,2.9735
101.3396,0.6649,2.8602
101.3398,0.6742,2.9032
101.3400,0.621,2.6752
101.3402,0.6177,2.6612
101.3404,0.6384,2.745
101.3406,0.6464,2.786
101.3408,0.5745,2.4782
101.3410,0.4927,2.1264
101.3412,0.4801,2.0701
101.3414,0.488,2.1033
101.3416,0.5332,2.2992
101.3418,0.5351,2.3096
101.3420,0.5348,2.3048
101.3422,0.6113,2.6333
101.3424,0.6101,2.6269
101.3426,0.6165,2.6511
101.3428,0.6465,2.7839
101.3430,0.6265,2.6964
101.3432,0.6194,2.6672
101.3434,0.5972,2.5717
101.3436,0.6321,2.7207
101.3438,0.6463,2.7777
101.3440,0.7336,3.1543
101.3442,0.7241,3.1121
101.3444,0.7675,3.2941
101.3446,0.8007,3.4399
101.3448,0.8095,3.4775
101.3450,0.8444,3.624
101.3452,0.8569,3.6797
101.3454,0.8686,3.7262
101.3456,0.8791,3.7697
101.3458,0.9092,3.9006
101.3460,0.8573,3.6813
101.3462,0.8529,3.6605
101.3464,0.897,3.8499
101.3466,0.9176,3.9347
101.3468,0.9313,3.9896
101.3470,0.9808,4.2037
101.3472,0.9493,4.0648
101.3474,0.9507,4.0785
101.3476,0.9212,3.952
101.3478,0.906,3.8903
101.3480,0.8454,3.6303
101.3482,0.8103,3.4859
101.3484,0.753,3.2379
101.3486,0.7755,3.3363
101.3488,0.7186,3.0884
101.3490,0.7376,3.1719
101.3492,0.736,3.1661
101.3494,0.7599,3.2662
101.3496,0.831,3.5685
101.3498,0.8505,3.6451
101.3500,0.8852,3.8012
101.3502,0.8119,3.4878
101.3504,0.8316,3.5744
101.3506,0.823,3.5373
101.3508,0.8381,3.6022
101.3510,0.8096,3.4812
101.3512,0.8086,3.4755
101.3514,0.7951,3.4156
101.3516,0.826,3.5518
101.3518,0.7478,3.2157
101.3520,0.7584,3.2595
101.3522,0.7842,3.3688
101.3524,0.7924,3.4091
101.3526,0.6978,3.0035
101.3528,0.7358,3.17
101.3530,0.6995,3.0079
101.3532,0.7127,3.0646
101.3534,0.7372,3.1683
101.3536,0.7422,3.1959
101.3538,0.6252,2.6957
101.3540,0.5423,2.3406
101.3542,0.5084,2.1922
101.3544,0.5839,2.5144
101.3546,0.6671,2.8687
101.3548,0.7097,3.0602
101.3550,0.5941,2.563
101.3552,0.5392,2.3272
101.3554,0.504,2.174
101.3556,0.4894,2.1124
101.3558,0.5005,2.162
101.3560,0.5012,2.1631
101.3562,0.5339,2.3002
101.3564,0.6095,2.6268
101.3566,0.5686,2.4528
101.3568,0.5022,2.1663
101.3570,0.482,2.0803
101.3572,0.5018,2.1637
101.3574,0.5476,2.359
101.3576,0.628,2.7006
101.3578,0.6454,2.7818
101.3580,0.4934,2.1315
101.3582,0.423,1.8274
101.3584,0.4205,1.8132
101.3586,0.4885,2.1073
101.3588,0.5186,2.2361
101.3590,0.5719,2.465
101.3592,0.5733,2.4684
101.3594,0.6007,2.5891
101.3596,0.5655,2.4371
101.3598,0.5843,2.5183
101.3600,0.5291,2.2827
101.3602,0.5259,2.2624
101.3604,0.6213,2.6792
101.3606,0.551,2.3746
101.3608,0.5429,2.34
101.3610,0.5502,2.3715
101.3612,0.5769,2.4862
101.3614,0.5658,2.4376
101.3616,0.601,2.5865
101.3618,0.6551,2.8184
101.3620,0.6689,2.8778
101.3622,0.6657,2.8625
101.3624,0.6885,2.9618
101.3626,0.6798,2.9233
101.3628,0.706,3.0357
101.3630,0.7759,3.3348
101.3632,0.7728,3.3214
101.3634,0.7067,3.0402
101.3636,0.6753,2.9038
101.3638,0.7195,3.0911
101.3640,0.7346,3.159
101.3642,0.759,3.2591
101.3644,0.8579,3.6821
101.3646,0.7896,3.4014
101.3648,0.631,2.7186
101.3650,0.6271,2.7003
101.3652,0.647,2.7821
101.3654,0.6625,2.8512
101.3656,0.6487,2.7906
101.3658,0.6493,2.7958
101.3660,0.6434,2.7705
101.3662,0.6553,2.8177
101.3664,0.7127,3.0717
101.3666,0.5896,2.5422
101.3668,0.5787,2.4917
101.3670,0.5664,2.4435
101.3672,0.4781,2.0633
101.3674,0.4826,2.082
101.3676,0.5504,2.3753
101.3678,0.5162,2.2268
101.3680,0.5161,2.2253
101.3682,0.5694,2.453
101.3684,0.6025,2.5944
101.3686,0.6018,2.5925
101.3688,0.6152,2.6491
101.3690,0.6152,2.6516
101.3692,0.5089,2.1963
101.3694,0.4712,2.0347
101.3696,0.4587,1.979
101.3698,0.506,2.1808
101.3700,0.5225,2.2511
101.3702,0.5051,2.1772
101.3704,0.5803,2.5012
101.3706,0.5346,2.3043
101.3708,0.5075,2.1855
101.3710,0.5857,2.521
101.3712,0.6633,2.8548
101.3714,0.6522,2.8069
101.3716,0.6121,2.6333
101.3718,0.6304,2.716
101.3720,0.5945,2.5574
101.3722,0.5922,2.5476
101.3724,0.5929,2.5531
101.3726,0.5665,2.4441
101.3728,0.5004,2.1605
101.3730,0.4916,2.1198
101.3732,0.4903,2.1131
101.3734,0.5312,2.2893
101.3736,0.5261,2.2697
101.3738,0.4898,2.111
101.3740,0.4844,2.0878
101.3742,0.4814,2.0768
101.3744,0.4821,2.0799
101.3746,0.4785,2.0634
101.3748,0.4839,2.0886
101.3750,0.4812,2.0748
101.3752,0.485,2.0904
101.3754,0.4948,2.1337
101.3756,0.4963,2.1399
101.3758,0.4915,2.1183
101.3760,0.5,2.155
101.3762,0.5137,2.2149
101.3764,0.5131,2.2113
101.3766,0.5555,2.3887
101.3768,0.6675,2.8649
101.3770,0.798,3.4264
101.3772,0.7964,3.4149
101.3774,0.7813,3.3564
101.3776,0.7821,3.3584
101.3778,0.815,3.5028
101.3780,0.7193,3.0901
101.3782,0.7567,3.2523
101.3784,0.7759,3.3301
101.3786,0.7845,3.3656
101.3788,0.864,3.7015
101.3790,0.8935,3.826
101.3792,0.9368,4.0114
101.3794,0.9818,4.2078
101.3796,0.9981,4.2697
101.3798,1.0161,4.3548
101.3800,0.9782,4.1905
101.3802,0.9622,4.1241
101.3804,0.9303,3.9837
101.3806,0.9641,4.1265
101.3808,0.9852,4.2267
101.3810,0.9071,3.8949
101.3812,0.8032,3.4523
101.3814,0.782,3.3564
101.3816,0.8239,3.536
101.3818,0.8231,3.5312
101.3820,0.8954,3.8414
101.3822,0.9244,3.9622
101.3824,0.9601,4.1187
101.3826,0.9519,4.0799
101.3828,0.9668,4.1475
101.3830,0.9307,3.9889
101.3832,0.9031,3.8725
101.3834,0.9023,3.8725
101.3836,0.8495,3.6529
101.3838,0.8084,3.4744
101.3840,0.8405,3.6092
101.3842,0.8619,3.7008
101.3844,0.8537,3.6607
101.3846,0.936,4.0153
101.3848,0.9211,3.9515
101.3850,0.9225,3.9503
101.3852,0.9893,4.2442
101.3854,0.9569,4.1129
101.3856,0.8346,3.5856
101.3858,0.7914,3.4013
101.3860,0.793,3.4085
101.3862,0.8191,3.5203
101.3864,0.8436,3.6226
101.3866,0.8008,3.4468
101.3868,0.7025,3.0236
101.3870,0.6879,2.9579
101.3872,0.7879,3.3847
101.3874,0.8429,3.6245
101.3876,0.7488,3.2213
101.3878,0.7071,3.046
101.3880,0.6753,2.9065
101.3882,0.6655,2.8628
101.3884,0.7272,3.1314
101.3886,0.6432,2.7746
101.3888,0.5822,2.5072
101.3890,0.6367,2.7441
101.3892,0.5804,2.5041
101.3894,0.5743,2.4765
101.3896,0.5747,2.4769
101.3898,0.5631,2.4245
101.3900,0.5785,2.4912
101.3902,0.5802,2.5019
101.3904,0.5881,2.536
101.3906,0.6222,2.6778
101.3908,0.6637,2.8591
101.3910,0.597,2.5766
101.3912,0.5224,2.2537
101.3914,0.5295,2.2842
101.3916,0.5243,2.262
101.3918,0.5282,2.2785
101.3920,0.5223,2.2532
101.3922,0.5205,2.2465
101.3924,0.5236,2.2599
101.3926,0.5252,2.2645
101.3928,0.5258,2.2682
101.3930,0.5418,2.3353
101.3932,0.6038,2.6013
101.3934,0.6167,2.6566
101.3936,0.5796,2.4981
101.3938,0.6418,2.7625
101.3940,0.6845,2.9489
101.3942,0.5838,2.5162
101.3944,0.5591,2.4109
101.3946,0.5555,2.3954
101.3948,0.5658,2.4364
101.3950,0.6211,2.672
101.3952,0.6818,2.9357
101.3954,0.668,2.8723
101.3956,0.7428,3.1896
101.3958,0.7987,3.4359
101.3960,0.7508,3.2301
101.3962,0.7103,3.0586
101.3964,0.6363,2.7387
101.3966,0.6301,2.7144
101.3968,0.6655,2.8615
101.3970,0.7521,3.2327
101.3972,0.789,3.3925
101.3974,0.7286,3.1332
101.3976,0.6759,2.9104
101.3978,0.6176,2.6582
101.3980,0.6139,2.6435
101.3982,0.6434,2.7692
101.3984,0.6966,2.9997
101.3986,0.6868,2.9587
101.3988,0.6827,2.9371
101.3990,0.6959,2.9952
101.3992,0.6169,2.6539
101.3994,0.6205,2.6731
101.3996,0.5668,2.444
101.3998,0.5488,2.3675
101.4000,0.5392,2.3272
101.4002,0.5385,2.3219
101.4004,0.6349,2.73
101.4006,0.7382,3.1759
101.4008,0.6969,2.9993
101.4010,0.6796,2.9264
101.4012,0.6459,2.7774
101.4014,0.671,2.8865
101.4016,0.6628,2.8554
101.4018,0.6667,2.8693
101.4020,0.7097,3.0503
101.4022,0.7866,3.3806
101.4024,0.7486,3.2173
101.4026,0.7131,3.0662
101.4028,0.7613,3.2749
101.4030,0.7059,3.0366
101.4032,0.6631,2.8538
101.4034,0.6662,2.8699
101.4036,0.7026,3.0185
101.4038,0.841,3.6062
101.4040,0.8784,3.7736
101.4042,0.8396,3.6051
101.4044,0.8095,3.4742
101.4046,0.7651,3.2915
101.4048,0.7429,3.1931
101.4050,0.7999,3.4378
101.4052,0.7983,3.4295
101.4054,0.7496,3.2249
101.4056,0.6957,2.9886
101.4058,0.7378,3.1679
101.4060,0.7854,3.3771
101.4062,0.6852,2.952
101.4064,0.5965,2.571
101.4066,0.5864,2.5276
101.4068,0.5882,2.5365
101.4070,0.6235,2.681
101.4072,0.7145,3.0766
101.4074,0.5822,2.5095
101.4076,0.5627,2.423
101.4078,0.5614,2.4207
101.4080,0.5584,2.4078
101.4082,0.5613,2.4179
101.4084,0.5646,2.4324
101.4086,0.5613,2.4202
101.4088,0.561,2.418
101.4090,0.5677,2.4435
101.4092,0.6097,2.6254
101.4094,0.5904,2.5434
101.4096,0.6355,2.7339
101.4098,0.6627,2.8549
101.4100,0.6563,2.8249
101.4102,0.5977,2.575
101.4104,0.6071,2.614
101.4106,0.6957,2.9872
101.4108,0.8236,3.5382
101.4110,0.7566,3.2503
101.4112,0.7472,3.2146
101.4114,0.7374,3.1693
101.4116,0.7897,3.394
101.4118,0.8041,3.4591
101.4120,0.7146,3.0686
101.4122,0.8374,3.5924
101.4124,0.9048,3.8815
101.4126,0.9235,3.9581
101.4128,0.9579,4.0998
101.4130,0.9804,4.2022
101.4132,0.9715,4.1656
101.4134,0.9934,4.2597
101.4136,0.9174,3.9319
101.4138,0.955,4.099
101.4140,0.9695,4.1535
101.4142,1.052,4.4985
101.4144,1.0975,4.6972
101.4146,1.1067,4.7411
101.4148,1.0539,4.5172
101.4150,1.0313,4.4263
101.4152,1.017,4.3589
101.4154,0.9742,4.1794
101.4156,0.8641,3.7106
101.4158,0.8724,3.7479
101.4160,0.8643,3.7163
101.4162,0.785,3.3818
101.4164,0.6765,2.9143
101.4166,0.6078,2.622
101.4168,0.6086,2.622
101.4170,0.6382,2.7457
101.4172,0.7129,3.0671
101.4174,0.7368,3.1712
101.4176,0.7227,3.1146
101.4178,0.7045,3.0338
101.4180,0.6496,2.7999
101.4182,0.6033,2.6016
101.4184,0.6303,2.7167
101.4186,0.674,2.8981
101.4188,0.6965,3.0006
101.4190,0.5852,2.5201
101.4192,0.6782,2.9216
101.4194,0.6526,2.8141
101.4196,0.6309,2.7231
101.4198,0.5167,2.2299
101.4200,0.4855,2.0963
101.4202,0.4764,2.056
101.4204,0.5369,2.3131
101.4206,0.6162,2.6545
101.4208,0.6171,2.6623
101.4210,0.5501,2.3743
101.4212,0.5528,2.3813
101.4214,0.6355,2.7326
101.4216,0.7429,3.196
101.4218,0.756,3.2553
101.4220,0.6366,2.741
101.4222,0.6773,2.9112
101.4224,0.7617,3.2816
101.4226,0.6598,2.8412
101.4228,0.6857,2.95
101.4230,0.686,2.9538
101.4232,0.6668,2.8658
101.4234,0.6987,3.0085
101.4236,0.68,2.9239
101.4238,0.743,3.1965
101.4240,0.6607,2.8461
101.4242,0.6104,2.6309
101.4244,0.6448,2.7792
101.4246,0.6059,2.6149
101.4248,0.5081,2.1932
101.4250,0.4807,2.0756
101.4252,0.4836,2.0861
101.4254,0.4933,2.127
101.4256,0.5013,2.1627
101.4258,0.533,2.3003
101.4260,0.5593,2.4119
101.4262,0.6039,2.6006
101.4264,0.5902,2.546
101.4266,0.5494,2.3679
101.4268,0.579,2.4967
101.4270,0.5837,2.5122
101.4272,0.6816,2.9311
101.4274,0.7066,3.0468
101.4276,0.5917,2.5503
101.4278,0.6041,2.5975
101.4280,0.7285,3.1327
101.4282,0.755,3.2466
101.4284,0.7433,3.1931
101.4286,0.7469,3.216
101.4288,0.6237,2.6883
101.4290,0.5505,2.3725
101.4292,0.5472,2.3586
101.4294,0.5996,2.5856
101.4296,0.5458,2.3524
101.4298,0.5418,2.3353
101.4300,0.5394,2.3272
101.4302,0.5336,2.2997
101.4304,0.6033,2.5932
101.4306,0.6851,2.9488
101.4308,0.6063,2.6121
101.4310,0.6026,2.5961
101.4312,0.6198,2.6688
101.4314,0.5838,2.5174
101.4316,0.523,2.2573
101.4318,0.498,2.1482
101.4320,0.5231,2.2558
101.4322,0.5424,2.3347
101.4324,0.5856,2.5263
101.4326,0.4999,2.1595
101.4328,0.4683,2.0204
101.4330,0.4626,1.9956
101.4332,0.4578,1.9767
101.4334,0.4603,1.9876
101.4336,0.4633,2.0005
101.4338,0.4631,1.9967
101.4340,0.4617,1.992
101.4342,0.4745,2.0468
101.4344,0.5294,2.2826
101.4346,0.5668,2.4406
101.4348,0.5947,2.5632
101.4350,0.5869,2.532
101.4352,0.5759,2.4775
101.4354,0.6249,2.691
101.4356,0.5203,2.2433
101.4358,0.4824,2.0809
101.4360,0.4824,2.0819
101.4362,0.4824,2.0809
101.4364,0.5029,2.1694
101.4366,0.4881,2.1058
101.4368,0.5231,2.2526
101.4370,0.6059,2.6077
101.4372,0.6137,2.64
101.4374,0.6227,2.6762
101.4376,0.6831,2.9359
101.4378,0.7055,3.0379
101.4380,0.6609,2.8445
101.4382,0.6213,2.6742
101.4384,0.618,2.661
101.4386,0.6007,2.5867
101.4388,0.6668,2.8645
101.4390,0.6869,2.9551
101.4392,0.6628,2.8475
101.4394,0.7277,3.1247
101.4396,0.7585,3.2616
101.4398,0.697,3.0027
101.4400,0.6025,2.5956
101.4402,0.5816,2.5034
101.4404,0.5882,2.5318
101.4406,0.59,2.5395
101.4408,0.5326,2.2966
101.4410,0.5087,2.1927
101.4412,0.6033,2.5944
101.4414,0.6435,2.7697
101.4416,0.6161,2.6528
101.4418,0.6121,2.6345
101.4420,0.6066,2.6095
101.4422,0.6563,2.8249
101.4424,0.6381,2.7414
101.4426,0.658,2.8308
101.4428,0.6848,2.9459
101.4430,0.7174,3.0833
101.4432,0.6771,2.9128
101.4434,0.677,2.9123
101.4436,0.6839,2.9422
101.4438,0.7039,3.0242
101.4440,0.6939,2.9795
101.4442,0.7709,3.31
101.4444,0.7687,3.3039
101.4446,0.753,3.2379
101.4448,0.8007,3.4366
101.4450,0.8586,3.6835
101.4452,0.8665,3.7157
101.4454,0.9453,4.044
101.4456,1.0692,4.5654
101.4458,1.1662,4.9819
101.4460,1.1512,4.9248
101.4462,1.1197,4.7921
101.4464,1.1072,4.7321
101.4466,1.1478,4.9058
101.4468,1.1126,4.7707
101.4470,0.9862,4.2268
101.4472,0.9882,4.2297
101.4474,0.9845,4.2157
101.4476,1.0051,4.308
101.4478,0.9555,4.0972
101.4480,0.9525,4.0863
101.4482,0.9965,4.2691
101.4484,1.0198,4.3667
101.4486,1.0024,4.3062
101.4488,0.8824,3.7836
101.4490,0.8634,3.711
101.4492,0.7751,3.3343
101.4494,0.7464,3.208
101.4496,0.7752,3.3332
101.4498,0.6954,2.9959
101.4500,0.665,2.8634
101.4502,0.6974,2.9972
101.4504,0.7565,3.2498
101.4506,0.7394,3.184
101.4508,0.7264,3.1248
101.4510,0.7668,3.2987
101.4512,0.7466,3.209
101.4514,0.8129,3.4859
101.4516,0.9306,4.0014
101.4518,0.778,3.3441
101.4520,0.7004,3.0199
101.4522,0.6442,2.7728
101.4524,0.7138,3.0693
101.4526,0.7489,3.2233
101.4528,0.741,3.1907
101.4530,0.7069,3.0413
101.4532,0.7417,3.1894
101.4534,0.6894,2.9687
101.4536,0.6975,2.9991
101.4538,0.7457,3.2109
101.4540,0.6868,2.9587
101.4542,0.6771,2.9128
101.4544,0.7381,3.1769
101.4546,0.6918,2.9832
101.4548,0.6113,2.6321
101.4550,0.6378,2.7475
101.4552,0.6297,2.7141
101.4554,0.6059,2.6125
101.4556,0.578,2.4914
101.4558,0.5777,2.4922
101.4560,0.5858,2.5273
101.4562,0.5635,2.4289
101.4564,0.5733,2.4707
101.4566,0.5966,2.5727
101.4568,0.6013,2.5868
101.4570,0.6716,2.8891
101.4572,0.6759,2.9144
101.4574,0.5429,2.3454
101.4576,0.5038,2.1725
101.4578,0.5643,2.4297
101.4580,0.6169,2.6588
101.4582,0.5798,2.5003
101.4584,0.5284,2.2796
101.4586,0.5275,2.2723
101.4588,0.5643,2.432
101.4590,0.5448,2.3482
101.4592,0.6045,2.6056
101.4594,0.6404,2.7563
101.4596,0.728,3.1292
101.4598,0.7573,3.2594
101.4600,0.6411,2.7594
101.4602,0.626,2.6931
101.4604,0.6891,2.9617
101.4606,0.7157,3.0818
101.4608,0.6724,2.8968
101.4610,0.6539,2.8146
101.4612,0.6908,2.9716
101.4614,0.782,3.3595
101.4616,0.8179,3.5086
101.4618,0.8511,3.6528
101.4620,0.797,3.4255
101.4622,0.7346,3.1604
101.4624,0.7385,3.1769
101.4626,0.7689,3.3033
101.4628,0.781,3.3569
101.4630,0.7921,3.4091
101.4632,0.7459,3.2074
101.4634,0.7356,3.1646
101.4636,0.726,3.116
101.4638,0.8581,3.6883
101.4640,0.797,3.4319
101.4642,0.7145,3.0709
101.4644,0.7765,3.3373
101.4646,0.7734,3.3209
101.4648,0.7864,3.3786
101.4650,0.7834,3.3688
101.4652,0.7379,3.1803
101.4654,0.6356,2.7382
101.4656,0.6517,2.8087
101.4658,0.6237,2.6908
101.4660,0.5615,2.4212
101.4662,0.5504,2.372
101.4664,0.5477,2.3617
101.4666,0.5524,2.3808
101.4668,0.5679,2.4463
101.4670,0.6393,2.7504
101.4672,0.7263,3.1272
101.4674,0.634,2.7353
101.4676,0.5851,2.5184
101.4678,0.6529,2.8113
101.4680,0.6944,2.9871
101.4682,0.6912,2.9751
101.4684,0.6229,2.6847
101.4686,0.5349,2.3064
101.4688,0.5493,2.3685
101.4690,0.6044,2.6051
101.4692,0.5954,2.5663
101.4694,0.5858,2.5238
101.4696,0.63,2.7114
101.4698,0.6392,2.7537
101.4700,0.6327,2.7233
101.4702,0.6807,2.9256
101.4704,0.7638,3.2812
101.4706,0.7791,3.3518
101.4708,0.7053,3.0355
101.4710,0.7348,3.1624
101.4712,0.682,2.9326
101.4714,0.6758,2.9085
101.4716,0.6843,2.9424
101.4718,0.7372,3.1727
101.4720,0.6135,2.6431
101.4722,0.5707,2.4599
101.4724,0.5855,2.5234
101.4726,0.5963,2.5664
101.4728,0.6161,2.6565
101.4730,0.5029,2.1694
101.4732,0.4884,2.1068
101.4734,0.4879,2.1047
101.4736,0.4887,2.1093
101.4738,0.5168,2.2253
101.4740,0.5994,2.5834
101.4742,0.5373,2.3178
101.4744,0.4839,2.0896
101.4746,0.4802,2.0745
101.4748,0.4813,2.0763
101.4750,0.4803,2.0721
101.4752,0.4806,2.0722
101.4754,0.4826,2.082
101.4756,0.4812,2.0767
101.4758,0.4897,2.1125
101.4760,0.4975,2.1441
101.4762,0.5367,2.311
101.4764,0.6084,2.6185
101.4766,0.6634,2.854
101.4768,0.7524,3.2277
101.4770,0.7824,3.3673
101.4772,0.6444,2.7694
101.4774,0.6842,2.9433
101.4776,0.7321,3.1437
101.4778,0.7921,3.4028
101.4780,0.7686,3.3003
101.4782,0.8272,3.5454
101.4784,0.9584,4.1057
101.4786,0.9989,4.2733
101.4788,1.0469,4.4827
101.4790,0.9506,4.0761
101.4792,0.9465,4.0586
101.4794,0.9789,4.1935
101.4796,0.9464,4.0562
101.4798,0.937,4.0143
101.4800,0.9738,4.17
101.4802,0.9607,4.1174
101.4804,0.9667,4.145
101.4806,1.0081,4.3148
101.4808,1.0867,4.651
101.4810,1.1173,4.7841
101.4812,1.068,4.5731
101.4814,0.9797,4.1991
101.4816,1.0132,4.3425
101.4818,1.0312,4.4196
101.4820,0.9543,4.094
101.4822,0.9387,4.0346
101.4824,0.9087,3.8985
101.4826,0.9038,3.881
101.4828,0.8566,3.6765
101.4830,0.8512,3.6601
101.4832,0.787,3.389
101.4834,0.7237,3.1164
101.4836,0.7086,3.0499
101.4838,0.7637,3.2853
101.4840,0.8145,3.5007
101.4842,0.7893,3.3925
101.4844,0.7804,3.3528
101.4846,0.8087,3.476
101.4848,0.8122,3.4974
101.4850,0.7022,3.0235
101.4852,0.6601,2.8462
101.4854,0.6511,2.8048
101.4856,0.6974,3.0014
101.4858,0.7156,3.077
101.4860,0.7445,3.2057
101.4862,0.7272,3.1241
101.4864,0.7362,3.1745
101.4866,0.5597,2.4146
101.4868,0.5754,2.4835
101.4870,0.6236,2.6865
101.4872,0.7212,3.1041
101.4874,0.6517,2.8113
101.4876,0.5852,2.5247
101.4878,0.595,2.5666
101.4880,0.5789,2.495
101.4882,0.6038,2.6001
101.4884,0.5922,2.5571
101.4886,0.5126,2.2133
101.4888,0.5,2.157
101.4890,0.531,2.2899
101.4892,0.5893,2.54
101.4894,0.6186,2.6685
101.4896,0.5544,2.3907
101.4898,0.5326,2.2955
101.4900,0.5125,2.2128
101.4902,0.5065,2.1829
101.4904,0.6735,2.9001
101.4906,0.595,2.5666
101.4908,0.5229,2.2558
101.4910,0.5078,2.1916
101.4912,0.5132,2.2128
101.4914,0.5171,2.2299
101.4916,0.5103,2.2025
101.4918,0.5483,2.3665
101.4920,0.4478,1.9338
101.4922,0.4141,1.7891
101.4924,0.4698,2.0257
101.4926,0.5595,2.4102
101.4928,0.5785,2.4923
101.4930,0.5544,2.3896
101.4932,0.5538,2.3892
101.4934,0.5531,2.3839
101.4936,0.5586,2.4088
101.4938,0.5513,2.3773
101.4940,0.5544,2.3885
101.4942,0.567,2.4416
101.4944,0.6209,2.6709
101.4946,0.6878,2.9574
101.4948,0.7109,3.0597
101.4950,0.7168,3.0864
101.4952,0.645,2.7823
101.4954,0.552,2.3804
101.4956,0.5613,2.419
101.4958,0.5592,2.4125
101.4960,0.5246,2.2609
101.4962,0.5376,2.3183
101.4964,0.5405,2.3307
101.4966,0.5446,2.3461
101.4968,0.5354,2.3096
101.4970,0.534,2.3028
101.4972,0.5438,2.3425
101.4974,0.5429,2.34
101.4976,0.5676,2.4453
101.4978,0.6152,2.6491
101.4980,0.6795,2.9191
101.4982,0.7227,3.1103
101.4984,0.6356,2.7407
101.4986,0.5492,2.3636
101.4988,0.6366,2.7461
101.4990,0.4932,2.1275
101.4992,0.4688,2.0206
101.4994,0.5198,2.2402
101.4996,0.5498,2.3694
101.4998,0.545,2.3477
101.5000,0.5566,2.3967
101.5002,0.5677,2.447
101.5004,0.5674,2.442
101.5006,0.6095,2.6244
101.5008,0.594,2.553
101.5010,0.6731,2.8958
101.5012,0.6131,2.6386
101.5014,0.6411,2.7594
101.5016,0.6103,2.628
101.5018,0.6033,2.598
101.5020,0.6653,2.8596
101.5022,0.7484,3.2153
101.5024,0.7669,3.2961
101.5026,0.7474,3.2211
101.5028,0.5959,2.5696
101.5030,0.5483,2.3589
101.5032,0.6404,2.755
101.5034,0.6674,2.8711
101.5036,0.7439,3.1972
101.5038,0.7429,3.196
101.5040,0.6995,3.0051
101.5042,0.7444,3.1992
101.5044,0.7663,3.292
101.5046,0.7444,3.1978
101.5048,0.7301,3.1379
101.5050,0.758,3.2595
101.5052,0.7635,3.2786
101.5054,0.7607,3.2693
101.5056,0.7182,3.0926
101.5058,0.633,2.7256
101.5060,0.5957,2.565
101.5062,0.5852,2.5201
101.5064,0.582,2.5061
101.5066,0.5868,2.5291
101.5068,0.5902,2.5436
101.5070,0.5537,2.3887
101.5072,0.4982,2.1482
101.5074,0.4939,2.1296
101.5076,0.497,2.144
101.5078,0.4927,2.1235
101.5080,0.4947,2.1332
101.5082,0.4904,2.1156
101.5084,0.4897,2.1125
101.5086,0.4934,2.1275
101.5088,0.4939,2.1296
101.5090,0.53,2.2831
101.5092,0.599,2.5782
101.5094,0.5896,2.5363
101.5096,0.6289,2.7042
101.5098,0.6722,2.8903
101.5100,0.7577,3.258
101.5102,0.6998,3.0103
101.5104,0.6884,2.9586
101.5106,0.7222,3.1025
101.5108,0.7764,3.3384
101.5110,0.7599,3.2632
101.5112,0.806,3.4545
101.5114,0.8641,3.7054
101.5116,0.8914,3.8257
101.5118,0.9089,3.8954
101.5120,0.9228,3.9587
101.5122,0.9336,3.9994
101.5124,0.9645,4.1319
101.5126,0.9499,4.0711
101.5128,0.9758,4.1782
101.5130,0.99,4.2413
101.5132,0.9289,3.9849
101.5134,0.9536,4.0833
101.5136,0.9953,4.2639
101.5138,0.9659,4.1419
101.5140,0.9649,4.1354
101.5142,0.9477,4.06
101.5144,0.9414,4.0347
101.5146,0.9681,4.1512
101.5148,0.9694,4.1549
101.5150,0.9485,4.0712
101.5152,0.8376,3.6002
101.5154,0.7621,3.2786
101.5156,0.7501,3.224
101.5158,0.7397,3.1821
101.5160,0.7217,3.1076
101.5162,0.6751,2.9068
101.5164,0.6571,2.8267
101.5166,0.6894,2.966
101.5168,0.7155,3.0779
101.5170,0.7006,3.0139
101.5172,0.6934,2.983
101.5174,0.7218,3.1038
101.5176,0.7762,3.3332
101.5178,0.82,3.5228
101.5180,0.8649,3.712
101.5182,0.848,3.6445
101.5184,0.7773,3.3441
101.5186,0.6765,2.9143
101.5188,0.6692,2.8815
101.5190,0.6914,2.9742
101.5192,0.7414,3.1849
101.5194,0.7815,3.3559
101.5196,0.7524,3.2383
101.5198,0.7319,3.15
101.5200,0.7199,3.0984
101.5202,0.6803,2.9268
101.5204,0.6794,2.9267
101.5206,0.6568,2.827
101.5208,0.6715,2.8886
101.5210,0.6694,2.8812
101.5212,0.6916,2.9766
101.5214,0.734,3.1579
101.5216,0.7175,3.0867
101.5218,0.6932,2.9847
101.5220,0.6856,2.9522
101.5222,0.689,2.9639
101.5224,0.694,2.9856
101.5226,0.6709,2.886
101.5228,0.6465,2.7865
101.5230,0.6494,2.7976
101.5232,0.6543,2.8161
101.5234,0.6984,3.0019
101.5236,0.7748,3.3286
101.5238,0.8186,3.5182
101.5240,0.7974,3.4238
101.5242,0.8101,3.48
101.5244,0.7976,3.4296
101.5246,0.8019,3.4434
101.5248,0.8145,3.5007
101.5250,0.7706,3.3198
101.5252,0.6806,2.9278
101.5254,0.721,3.0944
101.5256,0.8579,3.6821
101.5258,0.8984,3.8561
101.5260,0.8953,3.8427
101.5262,0.8747,3.7594
101.5264,0.8626,3.7056
101.5266,0.8828,3.7874
101.5268,0.9135,3.9227
101.5270,0.8755,3.7648
101.5272,0.7695,3.3059
101.5274,0.8247,3.5346
101.5276,0.9417,4.0418
101.5278,0.9567,4.1023
101.5280,0.9722,4.1667
101.5282,0.9912,4.2504
101.5284,0.9735,4.1841
101.5286,0.7952,3.4209
101.5288,0.7036,3.0268
101.5290,0.7286,3.1346
101.5292,0.751,3.2321
101.5294,0.7316,3.149
101.5296,0.7204,3.1019
101.5298,0.7239,3.1126
101.5300,0.777,3.3394
101.5302,0.8092,3.4797
101.5304,0.8132,3.4902
101.5306,0.9097,3.9008
101.5308,0.9887,4.2475
101.5310,0.9024,3.8785
101.5312,0.849,3.6457
101.5314,0.8798,3.7798
101.5316,0.8851,3.8007
101.5318,0.8664,3.7204
101.5320,0.8433,3.6244
101.5322,0.794,3.4174
101.5324,0.7388,3.177
101.5326,0.7886,3.3894
101.5328,0.7519,3.2332
101.5330,0.7507,3.2281
101.5332,0.7459,3.2104
101.5334,0.7768,3.3327
101.5336,0.9476,4.0746
101.5338,0.8104,3.4832
101.5340,0.7376,3.1763
101.5342,0.7224,3.1122
101.5344,0.7056,3.037
101.5346,0.7165,3.084
101.5348,0.7163,3.0887
101.5350,0.6065,2.6151
101.5352,0.5688,2.4539
101.5354,0.5649,2.4368
101.5356,0.5745,2.4793
101.5358,0.5689,2.4544
101.5360,0.5634,2.4295
101.5362,0.5946,2.5591
101.5364,0.6718,2.8928
101.5366,0.6517,2.8022
101.5368,0.7635,3.2832
101.5370,0.7705,3.3193
101.5372,0.6725,2.8959
101.5374,0.6705,2.8898
101.5376,0.6827,2.9398
101.5378,0.7095,3.0564
101.5380,0.6951,2.9902
101.5382,0.7446,3.1988
101.5384,0.8021,3.4492
101.5386,0.6833,2.9479
101.5388,0.5872,2.5318
101.5390,0.5905,2.544
101.5392,0.5956,2.5657
101.5394,0.6346,2.7353
101.5396,0.6617,2.8495
101.5398,0.6617,2.8495
101.5400,0.6789,2.9165
101.5402,0.7807,3.3554
101.5404,0.7519,3.2392
101.5406,0.6429,2.7684
101.5408,0.7014,3.019
101.5410,0.7259,3.1257
101.5412,0.7134,3.0706
101.5414,0.677,2.9123
101.5416,0.7384,3.1764
101.5418,0.751,3.2291
101.5420,0.7761,3.3405
101.5422,0.7314,3.1465
101.5424,0.802,3.4423
101.5426,0.8659,3.7183
101.5428,0.8592,3.6912
101.5430,0.8218,3.5289
101.5432,0.8972,3.8473
101.5434,0.938,4.0259
101.5436,0.8772,3.7667
101.5438,0.9078,3.898
101.5440,0.9159,3.9367
101.5442,0.8127,3.4962
101.5444,0.7165,3.0854
101.5446,0.7,3.0142
101.5448,0.6875,2.9618
101.5450,0.7017,3.0172
101.5452,0.7555,3.2532
101.5454,0.7434,3.2011
101.5456,0.7555,3.2487
101.5458,0.8044,3.4558
101.5460,0.852,3.6586
101.5462,0.8962,3.8499
101.5464,0.8727,3.7472
101.5466,0.8729,3.7464
101.5468,0.9537,4.0933
101.5470,1.0228,4.3775
101.5472,1.1268,4.8184
101.5474,1.1296,4.837
101.5476,1.1246,4.8131
101.5478,1.164,4.975
101.5480,1.2067,5.1719
101.5482,0.9942,4.2692
101.5484,0.8923,3.837
101.5486,0.8603,3.6993
101.5488,0.8508,3.6535
101.5490,0.9025,3.8772
101.5492,0.9325,4.0022
101.5494,0.9308,3.9987
101.5496,0.9206,3.9568
101.5498,0.89,3.8272
101.5500,0.8822,3.7919
101.5502,0.8858,3.8056
101.5504,0.8578,3.6868
101.5506,0.8483,3.6477
101.5508,0.8796,3.7805
101.5510,0.8593,3.7038
101.5512,0.6786,2.925
101.5514,0.7063,3.0458
101.5516,0.6635,2.8612
101.5518,0.6689,2.8818
101.5520,0.7107,3.0587
101.5522,0.7368,3.1712
101.5524,0.749,3.2223
101.5526,0.7482,3.2217
101.5528,0.7492,3.2258
101.5530,0.7423,3.1994
101.5532,0.7939,3.4105
101.5534,0.7749,3.3384
101.5536,0.6701,2.8896
101.5538,0.6797,2.9296
101.5540,0.6995,3.0107
101.5542,0.7289,3.1313
101.5544,0.8294,3.5613
101.5546,0.8403,3.6149
101.5548,0.7842,3.3782
101.5550,0.7436,3.2021
101.5552,0.7629,3.2852
101.5554,0.7258,3.1266
101.5556,0.6903,2.9737
101.5558,0.6986,3.0052
101.5560,0.7376,3.1792
101.5562,0.72,3.0989
101.5564,0.7537,3.2455
101.5566,0.7469,3.2175
101.5568,0.738,3.1808
101.5570,0.6807,2.9351
101.5572,0.7108,3.0621
101.5574,0.6646,2.8672
101.5576,0.6207,2.6754
101.5578,0.6428,2.7705
101.5580,0.6797,2.9255
101.5582,0.7477,3.2182
101.5584,0.753,3.2394
101.5586,0.7748,3.3317
101.5588,0.7548,3.2456
101.5590,0.732,3.1506
101.5592,0.7235,3.1139
101.5594,0.7472,3.2176
101.5596,0.7851,3.3745
101.5598,0.8631,3.7129
101.5600,0.8458,3.6318
101.5602,0.8334,3.5838
101.5604,0.7875,3.3832
101.5606,0.8984,3.8543
101.5608,0.9424,4.0449
101.5610,0.9276,3.9867
101.5612,0.8487,3.6544
101.5614,0.7718,3.3203
101.5616,0.8297,3.5645
101.5618,0.8436,3.6243
101.5620,0.8328,3.5812
101.5622,0.7891,3.3962
101.5624,0.7257,3.1232
101.5626,0.7204,3.1034
101.5628,0.7241,3.1194
101.5630,0.7736,3.325
101.5632,0.8577,3.6845
101.5634,0.8605,3.702
101.5636,0.7682,3.3095
101.5638,0.7284,3.1365
101.5640,0.7402,3.1886
101.5642,0.7494,3.2224
101.5644,0.8096,3.4844
101.5646,0.7716,3.3286
101.5648,0.6334,2.7302
101.5650,0.6342,2.732
101.5652,0.6848,2.9527
101.5654,0.6538,2.8206
101.5656,0.5693,2.4605
101.5658,0.4758,2.0572
101.5660,0.4651,2.0102
101.5662,0.4687,2.0238
101.5664,0.4641,2.006
101.5666,0.4632,2.0019
101.5668,0.4644,2.0052
101.5670,0.4626,1.9965
101.5672,0.5001,2.1595
101.5674,0.5545,2.3923
101.5676,0.5998,2.5861
101.5678,0.6062,2.6153
101.5680,0.5842,2.5201
101.5682,0.5874,2.5329
101.5684,0.5551,2.396
101.5686,0.5002,2.16
101.5688,0.5454,2.353
101.5690,0.5729,2.4703
101.5692,0.6143,2.6475
101.5694,0.6167,2.6615
101.5696,0.5663,2.4453
101.5698,0.5519,2.3809
101.5700,0.5508,2.3763
101.5702,0.5464,2.3572
101.5704,0.5687,2.4511
101.5706,0.606,2.6106
101.5708,0.6107,2.6332
101.5710,0.6117,2.6378
101.5712,0.6134,2.6426
101.5714,0.6261,2.6986
101.5716,0.6079,2.6213
101.5718,0.6506,2.7988
101.5720,0.6965,2.995
101.5722,0.6728,2.8997
101.5724,0.6355,2.7402
101.5726,0.6137,2.6449
101.5728,0.6057,2.612
101.5730,0.6188,2.6683
101.5732,0.6056,2.6103
101.5734,0.5566,2.4022
101.5736,0.4994,2.1544
101.5738,0.5014,2.1642
101.5740,0.4964,2.1424
101.5742,0.497,2.145
101.5744,0.4986,2.1528
101.5746,0.5002,2.158
101.5748,0.5586,2.4043
101.5750,0.6529,2.8152
101.5752,0.6028,2.5979
101.5754,0.5972,2.5753
101.5756,0.5432,2.3432
101.5758,0.5382,2.322
101.5760,0.5772,2.4866
101.5762,0.6737,2.8984
101.5764,0.7279,3.133
101.5766,0.6995,3.0107
101.5768,0.7092,3.0468
101.5770,0.735,3.1605
101.5772,0.7995,3.4363
101.5774,0.8092,3.4732
101.5776,0.8673,3.724
101.5778,0.8656,3.7185
101.5780,0.8707,3.7354
101.5782,0.9097,3.9008
101.5784,0.9501,4.0684
101.5786,1.0225,4.3805
101.5788,1.0176,4.3574
101.5790,1.0273,4.4031
101.5792,1.0073,4.3193
101.5794,0.9947,4.2633
101.5796,1.0013,4.2916
101.5798,1.0393,4.442
101.5800,1.1982,5.1258
101.5802,1.1491,4.9183
101.5804,1.105,4.7339
101.5806,1.0923,4.6751
101.5808,1.1575,4.952
101.5810,1.1519,4.9325
101.5812,1.0219,4.382
101.5814,0.889,3.8243
101.5816,0.7906,3.3982
101.5818,0.7753,3.3322
101.5820,0.8321,3.5815
101.5822,0.789,3.3925
101.5824,0.7463,3.2135
101.5826,0.7125,3.0622
101.5828,0.8193,3.5213
101.5830,0.8405,3.6109
101.5832,0.8574,3.6852
101.5834,0.8556,3.6775
101.5836,0.8264,3.5567
101.5838,0.7989,3.4369
101.5840,0.8007,3.4382
101.5842,0.8647,3.7166
101.5844,0.8474,3.6402
101.5846,0.858,3.6912
101.5848,0.7344,3.1638
101.5850,0.7499,3.2274
101.5852,0.7706,3.3198
101.5854,0.7556,3.2522
101.5856,0.7367,3.1722
101.5858,0.7402,3.1871
101.5860,0.7099,3.0556
101.5862,0.7251,3.1177
101.5864,0.7721,3.3214
101.5866,0.7896,3.3967
101.5868,0.7873,3.3837
101.5870,0.8167,3.51
101.5872,0.8035,3.4565
101.5874,0.7559,3.2502
101.5876,0.8358,3.5908
101.5878,0.9102,3.9101
101.5880,0.9075,3.8988
101.5882,0.802,3.4567
101.5884,0.703,3.0327
101.5886,0.5542,2.393
101.5888,0.5319,2.2935
101.5890,0.6104,2.6334
101.5892,0.618,2.6622
101.5894,0.6827,2.933
101.5896,0.8042,3.4644
101.5898,0.6663,2.8731
101.5900,0.6137,2.6461
101.5902,0.5875,2.5346
101.5904,0.6028,2.5991
101.5906,0.5936,2.5598
101.5908,0.6033,2.6004
101.5910,0.5976,2.5744
101.5912,0.6322,2.7225
101.5914,0.7114,3.0618
101.5916,0.6836,2.9462
101.5918,0.63,2.7126
101.5920,0.6525,2.8097
101.5922,0.659,2.8415
101.5924,0.6346,2.7315
101.5926,0.6874,2.9558
101.5928,0.6914,2.9811
101.5930,0.6759,2.9131
101.5932,0.6445,2.7764
101.5934,0.635,2.7369
101.5936,0.6729,2.8961
101.5938,0.742,3.1904
101.5940,0.7367,3.1677
101.5942,0.7888,3.3889
101.5944,0.7561,3.2603
101.5946,0.6145,2.6497
101.5948,0.6216,2.6802
101.5950,0.6249,2.6935
101.5952,0.6186,2.6685
101.5954,0.6212,2.6787
101.5956,0.6114,2.6351
101.5958,0.6023,2.591
101.5960,0.688,2.957
101.5962,0.7722,3.3234
101.5964,0.7261,3.1282
101.5966,0.6286,2.707
101.5968,0.6575,2.834
101.5970,0.6134,2.6451
101.5972,0.6012,2.5899
101.5974,0.602,2.5948
101.5976,0.635,2.7343
101.5978,0.6936,2.9882
101.5980,0.6977,3.003
101.5982,0.6888,2.9689
101.5984,0.6601,2.8449
101.5986,0.5942,2.5635
101.5988,0.5508,2.3752
101.5990,0.5589,2.4076
101.5992,0.6451,2.7764
101.5994,0.7233,3.1114
101.5996,0.7475,3.2096
101.5998,0.8014,3.4494
101.6000,0.6969,3.0007
101.6002,0.729,3.1318
101.6004,0.8032,3.4555
101.6006,0.7844,3.3745
101.6008,0.7261,3.1238
101.6010,0.7127,3.066
101.6012,0.7337,3.1578
101.6014,0.7266,3.1273
101.6016,0.7167,3.0902
101.6018,0.6334,2.7289
101.6020,0.7061,3.0377
101.6022,0.7248,3.1167
101.6024,0.7521,3.2327
101.6026,0.8147,3.5001
101.6028,0.8211,3.5274
101.6030,0.8225,3.532
101.6032,0.8481,3.6484
101.6034,0.7914,3.4044
101.6036,0.7361,3.1696
101.6038,0.6975,3.0019
101.6040,0.7014,3.0176
101.6042,0.7385,3.1784
101.6044,0.7116,3.0642
101.6046,0.668,2.883
101.6048,0.533,2.3024
101.6050,0.4951,2.1387
101.6052,0.4948,2.1357
101.6054,0.4963,2.1429
101.6056,0.4956,2.1388
101.6058,0.4957,2.1393
101.6060,0.4956,2.1388
101.6062,0.4966,2.1435
101.6064,0.4987,2.1543
101.6066,0.4996,2.1554
101.6068,0.546,2.3523
101.6070,0.5698,2.458
101.6072,0.5069,2.189
101.6074,0.4993,2.1549
101.6076,0.4999,2.1575
101.6078,0.539,2.3218
101.6080,0.6084,2.6234
101.6082,0.6195,2.6702
101.6084,0.6123,2.6404
101.6086,0.556,2.3974
101.6088,0.5524,2.3808
101.6090,0.5935,2.5569
101.6092,0.6402,2.7578
101.6094,0.6049,2.6047
101.6096,0.614,2.6452
101.6098,0.6469,2.7867
101.6100,0.7048,3.0264
101.6102,0.8053,3.461
101.6104,0.781,3.3569
101.6106,0.7897,3.3909
101.6108,0.8069,3.4618
101.6110,0.8393,3.6057
101.6112,0.8091,3.4775
101.6114,0.826,3.5485
101.6116,0.8579,3.6821
101.6118,0.8555,3.6718
101.6120,0.8488,3.6447
101.6122,0.8627,3.7027
101.6124,0.8409,3.6107
101.6126,0.8619,3.6974
101.6128,0.9152,3.9263
101.6130,0.927,3.9767
101.6132,0.9513,4.0773
101.6134,1.0302,4.4072
101.6136,1.0964,4.6947
101.6138,1.0719,4.5964
101.6140,0.9682,4.1536
101.6142,0.9556,4.0977
101.6144,0.9514,4.0854
101.6146,0.8713,3.7432
101.6148,0.833,3.5851
101.6150,0.8025,3.4412
101.6152,0.9446,4.0447
101.6154,1.0115,4.3393
101.6156,0.9167,3.9343
101.6158,0.9308,4.0006
101.6160,0.7944,3.4189
101.6162,0.7569,3.2579
101.6164,0.7568,3.2574
101.6166,0.7432,3.1911
101.6168,0.8011,3.4446
101.6170,0.7623,3.2796
101.6172,0.7657,3.2925
101.6174,0.7578,3.2645
101.6176,0.7069,3.0427
101.6178,0.7075,3.0481
101.6180,0.6198,2.6601
101.6182,0.8024,3.4519
101.6184,0.773,3.3255
101.6186,0.7272,3.1299
101.6188,0.7012,3.0193
101.6190,0.7355,3.1596
101.6192,0.9041,3.8839
101.6194,0.8904,3.8216
101.6196,0.893,3.8311
101.6198,0.8614,3.7039
101.6200,0.7987,3.4375
101.6202,0.7036,3.0282
101.6204,0.7243,3.1161
101.6206,0.7703,3.3136
101.6208,0.7784,3.3472
101.6210,0.7484,3.2257
101.6212,0.6104,2.6309
101.6214,0.6519,2.811
101.6216,0.6394,2.7534
101.6218,0.6686,2.8762
101.6220,0.7248,3.1167
101.6222,0.7611,3.2729
101.6224,0.8043,3.4569
101.6226,0.8601,3.6983
101.6228,0.8265,3.5556
101.6230,0.8282,3.5562
101.6232,0.8651,3.7165
101.6234,0.7675,3.3079
101.6236,0.608,2.6267
101.6238,0.5171,2.2309
101.6240,0.5621,2.4238
101.6242,0.596,2.5665
101.6244,0.667,2.8735
101.6246,0.6832,2.9432
101.6248,0.6788,2.9173
101.6250,0.7259,3.1257
101.6252,0.6982,3.0036
101.6254,0.7075,3.0481
101.6256,0.6773,2.9166
101.6258,0.7848,3.3698
101.6260,0.8005,3.4404
101.6262,0.7741,3.3301
101.6264,0.773,3.3286
101.6266,0.7229,3.1113
101.6268,0.6772,2.9147
101.6270,0.6741,2.904
101.6272,0.7414,3.1893
101.6274,0.7902,3.404
101.6276,0.6536,2.8183
101.6278,0.6254,2.698
101.6280,0.6089,2.623
101.6282,0.6167,2.6578
101.6284,0.632,2.724
101.6286,0.6259,2.6976
101.6288,0.6131,2.6423
101.6290,0.6133,2.6433
101.6292,0.6652,2.8671
101.6294,0.6896,2.9692
101.6296,0.6792,2.9289
101.6298,0.5791,2.4972
101.6300,0.5566,2.3978
101.6302,0.6198,2.6762
101.6304,0.5217,2.2527
101.6306,0.4894,2.1115
101.6308,0.4984,2.1502
101.6310,0.5538,2.3892
101.6312,0.5422,2.3401
101.6314,0.4921,2.1228
101.6316,0.4873,2.1031
101.6318,0.4855,2.0963
101.6320,0.4876,2.1056
101.6322,0.4882,2.1082
101.6324,0.49,2.116
101.6326,0.4867,2.0996
101.6328,0.5288,2.2801
101.6330,0.5787,2.4975
101.6332,0.5139,2.217
101.6334,0.5649,2.4323
101.6336,0.6324,2.7242
101.6338,0.6674,2.8737
101.6340,0.635,2.7343
101.6342,0.6161,2.6589
101.6344,0.5242,2.2604
101.6346,0.602,2.5935
101.6348,0.5988,2.5772
101.6350,0.6778,2.9132
101.6352,0.7627,3.2811
101.6354,0.68,2.9279
101.6356,0.6399,2.7568
101.6358,0.6231,2.6832
101.6360,0.63,2.7139
101.6362,0.6325,2.7235
101.6364,0.6645,2.8587
101.6366,0.6623,2.8507
101.6368,0.645,2.7759
101.6370,0.6988,3.0048
101.6372,0.7393,3.1776
101.6374,0.7727,3.327
101.6376,0.7048,3.0334
101.6378,0.7062,3.0354
101.6380,0.7521,3.2297
101.6382,0.8267,3.5533
101.6384,0.7682,3.3018
101.6386,0.7385,3.1784
101.6388,0.7496,3.2234
101.6390,0.7899,3.3982
101.6392,0.7837,3.3683
101.6394,0.8158,3.5015
101.6396,0.897,3.8481
101.6398,0.9238,3.9633
101.6400,0.897,3.8481
101.6402,0.8917,3.8219
101.6404,0.8876,3.8097
101.6406,0.8583,3.6871
101.6408,0.864,3.7101
101.6410,0.9506,4.0685
101.6412,1.055,4.5218
101.6414,1.0432,4.4772
101.6416,0.9096,3.9057
101.6418,0.8755,3.763
101.6420,0.8495,3.6461
101.6422,0.8785,3.7759
101.6424,0.8971,3.8468
101.6426,0.9667,4.145
101.6428,0.9227,3.9637
101.6430,0.8942,3.8327
101.6432,0.9952,4.2694
101.6434,0.9798,4.1957
101.6436,1.0103,4.3322
101.6438,1.0032,4.3018
101.6440,0.983,4.2149
101.6442,1.075,4.5969
101.6444,1.1765,5.033
101.6446,1.0911,4.6809
101.6448,0.9584,4.1172
101.6450,0.9366,4.0216
101.6452,0.9673,4.1495
101.6454,0.9809,4.214
101.6456,0.923,3.9616
101.6458,0.9652,4.1388
101.6460,0.9652,4.1408
101.6462,0.9366,4.0197
101.6464,0.9357,4.0161
101.6466,1.0602,4.5376
101.6468,1.1856,5.072
101.6470,1.2404,5.3138
101.6472,1.0968,4.6985
101.6474,1.1043,4.7198
101.6476,1.1669,5.006
101.6478,1.0071,4.3223
101.6480,1.0071,4.3183
101.6482,1.0679,4.5747
101.6484,1.1254,4.8257
101.6486,1.0483,4.4931
101.6488,1.0542,4.5182
101.6490,1.0675,4.5795
101.6492,1.0646,4.5693
101.6494,0.9876,4.2409
101.6496,0.944,4.0554
101.6498,0.9113,3.9075
101.6500,1.0531,4.5178
101.6502,1.0683,4.5831
101.6504,1.0646,4.5608
101.6506,1.1005,4.7188
101.6508,1.0525,4.5279
101.6510,0.8454,3.6371
101.6512,0.8372,3.6048
101.6514,0.8213,3.5317
101.6516,0.8218,3.5354
101.6518,0.7691,3.31
101.6520,0.7493,3.2249
101.6522,0.7956,3.4225
101.6524,0.8301,3.5727
101.6526,0.7864,3.388
101.6528,0.8167,3.5198
101.6530,0.7932,3.4137
101.6532,0.8141,3.5041
101.6534,0.8185,3.5226
101.6536,0.7951,3.4188
101.6538,0.8049,3.4627
101.6540,0.8139,3.5095
101.6542,0.7147,3.0805
101.6544,0.7278,3.131
101.6546,0.7837,3.3777
101.6548,0.7426,3.1975
101.6550,0.7733,3.325
101.6552,0.8314,3.5817
101.6554,0.7367,3.1722
101.6556,0.7312,3.1484
101.6558,0.7478,3.2232
101.6560,0.7019,3.0252
101.6562,0.6945,2.996
101.6564,0.6444,2.7823
101.6566,0.5959,2.572
101.6568,0.5885,2.5375
101.6570,0.6097,2.629
101.6572,0.6186,2.6673
101.6574,0.738,3.1764
101.6576,0.7862,3.3838
101.6578,0.7007,3.0215
101.6580,0.6516,2.8095
101.6582,0.684,2.9469
101.6584,0.706,3.0357
101.6586,0.8024,3.4535
101.6588,0.9066,3.8892
101.6590,0.9869,4.2438
101.6592,0.8509,3.6608
101.6594,0.7982,3.4354
101.6596,0.8073,3.4682
101.6598,0.8571,3.6871
101.6600,0.8156,3.5086
101.6602,0.8059,3.4668
101.6604,0.7983,3.4343
101.6606,0.7748,3.3363
101.6608,0.7749,3.3369
101.6610,0.7801,3.3575
101.6612,0.8169,3.5127
101.6614,0.8416,3.6206
101.6616,0.7788,3.3534
101.6618,0.7566,3.2594
101.6620,0.759,3.2682
101.6622,0.8447,3.634
101.6624,0.7751,3.3389
101.6626,0.7193,3.0987
101.6628,0.7414,3.1938
101.6630,0.7119,3.0653
101.6632,0.7361,3.1681
101.6634,0.7676,3.3023
101.6636,0.7601,3.2713
101.6638,0.7151,3.0849
101.6640,0.6016,2.5975
101.6642,0.59,2.5454
101.6644,0.5924,2.5558
101.6646,0.5812,2.5072
101.6648,0.5834,2.517
101.6650,0.5815,2.511
101.6652,0.6161,2.6601
101.6654,0.6366,2.741
101.6656,0.7725,3.3296
101.6658,0.6764,2.9192
101.6660,0.59,2.5466
101.6662,0.5844,2.5223
101.6664,0.5875,2.531
101.6666,0.6615,2.8471
101.6668,0.7307,3.1478
101.6670,0.7399,3.1891
101.6672,0.6773,2.922
101.6674,0.5897,2.5451
101.6676,0.6116,2.6385
101.6678,0.6056,2.609
101.6680,0.6959,2.9966
101.6682,0.6866,2.9563
101.6684,0.6837,2.9467
101.6686,0.6826,2.9393
101.6688,0.777,3.3394
101.6690,0.8277,3.5657
101.6692,0.6982,3.0092
101.6694,0.6848,2.9486
101.6696,0.7277,3.1305
101.6698,0.7676,3.3023
101.6700,0.7388,3.18
101.6702,0.7273,3.1304
101.6704,0.755,3.2542
101.6706,0.7143,3.0742
101.6708,0.7524,3.2353
101.6710,0.7918,3.4112
101.6712,0.7345,3.1643
101.6714,0.7143,3.0756
101.6716,0.7083,3.0512
101.6718,0.74,3.1881
101.6720,0.7451,3.2053
101.6722,0.8453,3.6349
101.6724,0.781,3.3694
101.6726,0.5789,2.5008
101.6728,0.5338,2.305
101.6730,0.5291,2.2837
101.6732,0.5315,2.2919
101.6734,0.5728,2.4721
101.6736,0.5456,2.3568
101.6738,0.5361,2.3137
101.6740,0.5957,2.565
101.6742,0.6542,2.8209
101.6744,0.6213,2.6829
101.6746,0.5381,2.3215
101.6748,0.5334,2.3024
101.6750,0.5346,2.3054
101.6752,0.5668,2.4428
101.6754,0.6356,2.7407
101.6756,0.6529,2.8073
101.6758,0.7447,3.2008
101.6760,0.7869,3.3916
101.6762,0.7043,3.0271
101.6764,0.8037,3.4559
101.6766,0.7824,3.3595
101.6768,0.8316,3.5727
101.6770,0.8626,3.7039
101.6772,0.9291,3.9804
101.6774,1.099,4.7038
101.6776,1.1037,4.7305
101.6778,1.0755,4.6076
101.6780,1.0716,4.5863
101.6782,1.0872,4.6552
101.6784,1.0802,4.6254
101.6786,1.1032,4.7306
101.6788,1.1282,4.8263
101.6790,1.2102,5.1675
101.6792,1.2972,5.5392
101.6794,1.2324,5.2671
101.6796,1.2264,5.2415
101.6798,1.2699,5.4402
101.6800,1.1259,4.8368
101.6802,0.9706,4.1678
101.6804,0.9966,4.2716
101.6806,1.1194,4.8
101.6808,1.0649,4.5618
101.6810,1.0298,4.4222
101.6812,0.9821,4.2133
101.6814,1.0545,4.5219
101.6816,1.0113,4.3525
101.6818,0.8161,3.5107
101.6820,0.8056,3.469
101.6822,0.8007,3.4479
101.6824,0.7729,3.3296
101.6826,0.7589,3.2601
101.6828,0.8842,3.8019
101.6830,0.8002,3.4474
101.6832,0.7453,3.2123
101.6834,0.7277,3.132
101.6836,0.8162,3.5047
101.6838,0.9133,3.9254
101.6840,0.814,3.5068
101.6842,0.7795,3.3534
101.6844,0.8157,3.5091
101.6846,0.7568,3.2649
101.6848,0.632,2.729
101.6850,0.617,2.6606
101.6852,0.6361,2.7415
101.6854,0.6852,2.9561
101.6856,0.6547,2.8229
101.6858,0.6373,2.7467
101.6860,0.6815,2.9456
101.6862,0.564,2.4377
101.6864,0.5864,2.5287
101.6866,0.6334,2.7314
101.6868,0.6368,2.7459
101.6870,0.6699,2.8926
101.6872,0.5938,2.5615
101.6874,0.601,2.5949
101.6876,0.5367,2.3185
101.6878,0.524,2.2625
101.6880,0.5673,2.4506
101.6882,0.5346,2.3086
101.6884,0.5248,2.2672
101.6886,0.5102,2.2009
101.6888,0.6109,2.6306
101.6890,0.6873,2.9636
101.6892,0.6128,2.6449
101.6894,0.573,2.4766
101.6896,0.4763,2.0584
101.6898,0.4423,1.9117
101.6900,0.4415,1.909
101.6902,0.4626,1.9965
101.6904,0.506,2.1828
101.6906,0.5707,2.4622
101.6908,0.5948,2.5673
101.6910,0.5785,2.4981
101.6912,0.5759,2.4844
101.6914,0.5862,2.5277
101.6916,0.5869,2.5308
101.6918,0.5906,2.548
101.6920,0.5951,2.5636
101.6922,0.5912,2.5471
101.6924,0.597,2.5719
101.6926,0.6435,2.771
101.6928,0.7249,3.1201
101.6930,0.7212,3.1012
101.6932,0.8411,3.6202
101.6934,0.7453,3.2138
101.6936,0.6181,2.6615
101.6938,0.6547,2.8203
101.6940,0.6713,2.8961
101.6942,0.6067,2.6149
101.6944,0.6031,2.6018
101.6946,0.5816,2.5104
101.6948,0.5935,2.5581
101.6950,0.6102,2.6299
101.6952,0.5902,2.5424
101.6954,0.5996,2.5832
101.6956,0.6882,2.9636
101.6958,0.6761,2.9128
101.6960,0.6143,2.6475
101.6962,0.6381,2.7478
101.6964,0.701,3.0197
101.6966,0.6475,2.7906
101.6968,0.5704,2.4595
101.6970,0.578,2.4891
101.6972,0.6369,2.7477
101.6974,0.5096,2.2014
101.6976,0.4818,2.0812
101.6978,0.4916,2.1218
101.6980,0.497,2.145
101.6982,0.5125,2.2118
101.6984,0.5661,2.442
101.6986,0.5791,2.4961
101.6988,0.5844,2.5188
101.6990,0.6024,2.5975
101.6992,0.5706,2.4594
101.6994,0.5846,2.521
101.6996,0.603,2.5965
101.6998,0.6923,2.9797
101.7000,0.7433,3.1991
101.7002,0.7661,3.2895
101.7004,0.8085,3.4749
101.7006,0.7525,3.2403
101.7008,0.7278,3.1267
101.7010,0.762,3.278
101.7012,0.7918,3.4065
101.7014,0.7633,3.2852
101.7016,0.6798,2.9274
101.7018,0.6361,2.7364
101.7020,0.6691,2.881
101.7022,0.6814,2.9301
101.7024,0.7661,3.2925
101.7026,0.7813,3.3642
101.7028,0.7409,3.1843
101.7030,0.7974,3.427
101.7032,0.7079,3.0497
101.7034,0.621,2.6764
101.7036,0.6211,2.6744
101.7038,0.7039,3.0242
101.7040,0.7754,3.3389
101.7042,0.7404,3.1778
101.7044,0.8675,3.7302
101.7046,0.7767,3.3415
101.7048,0.7569,3.2518
101.7050,0.802,3.4487
101.7052,0.744,3.2036
101.7054,0.6831,2.9414
101.7056,0.6645,2.8613
101.7058,0.629,2.7135
101.7060,0.5412,2.3349
101.7062,0.5289,2.2816
101.7064,0.5336,2.3007
101.7066,0.5692,2.4543
101.7068,0.5319,2.2946
101.7070,0.5298,2.2847
101.7072,0.6096,2.6249
101.7074,0.626,2.6969
101.7076,0.6084,2.6246
101.7078,0.5422,2.3391
101.7080,0.5322,2.2982
101.7082,0.5322,2.294
101.7084,0.5308,2.2878
101.7086,0.5585,2.406
101.7088,0.6084,2.6197
101.7090,0.6499,2.797
101.7092,0.6566,2.8286
101.7094,0.7032,3.0253
101.7096,0.7197,3.0931
101.7098,0.7354,3.1591
101.7100,0.7743,3.3281
101.7102,0.8289,3.5609
101.7104,0.7857,3.3739
101.7106,0.7884,3.3805
101.7108,0.9894,4.2308
101.7110,1.0864,4.6586
101.7112,1.0044,4.305
101.7114,0.9695,4.1593
101.7116,0.9067,3.8934
101.7118,0.8929,3.8342
101.7120,0.8767,3.7629
101.7122,0.8969,3.8476
101.7124,0.9493,4.0781
101.7126,0.8704,3.7409
101.7128,0.8186,3.5166
101.7130,0.8168,3.5121
101.7132,0.8117,3.4921
101.7134,0.7399,3.1846
101.7136,0.7375,3.1743
101.7138,0.7493,3.2234
101.7140,0.7976,3.4296
101.7142,0.9059,3.8862
101.7144,0.9398,4.0298
101.7146,0.9839,4.225
101.7148,0.858,3.6878
101.7150,0.8021,3.4524
101.7152,0.7501,3.2255
101.7154,0.7734,3.3255
101.7156,0.8254,3.5509
101.7158,0.8262,3.5512
101.7160,0.7844,3.3761
101.7162,0.7585,3.2631
101.7164,0.809,3.4722
101.7166,0.8776,3.7753
101.7168,0.7477,3.2152
101.7170,0.7572,3.2589
101.7172,0.812,3.4899
101.7174,0.8182,3.5216
101.7176,0.7078,3.0477
101.7178,0.7254,3.1193
101.7180,0.7873,3.3885
101.7182,0.7308,3.1454
101.7184,0.7181,3.0907
101.7186,0.7068,3.0436
101.7188,0.7711,3.3172
101.7190,0.7663,3.2935
101.7192,0.7752,3.3363
101.7194,0.7719,3.3209
101.7196,0.7995,3.4347
101.7198,0.8295,3.5618
101.7200,0.8336,3.581
101.7202,0.8402,3.611
101.7204,0.8366,3.5989
101.7206,0.7725,3.3296
101.7208,0.6722,2.893
101.7210,0.7071,3.0432
101.7212,0.698,3.0096
101.7214,0.588,2.5355
101.7216,0.5658,2.4387
101.7218,0.6328,2.7276
101.7220,0.7119,3.061
101.7222,0.789,3.3941
101.7224,0.7289,3.1357
101.7226,0.7027,3.026
101.7228,0.6147,2.652
101.7230,0.5724,2.4683
101.7232,0.5965,2.5734
101.7234,0.6263,2.6966
101.7236,0.6918,2.9749
101.7238,0.7928,3.4059
101.7240,0.7934,3.41
101.7242,0.8135,3.5047
101.7244,0.655,2.8232
101.7246,0.6182,2.6658
101.7248,0.6146,2.649
101.7250,0.6664,2.8656
101.7252,0.8087,3.4711
101.7254,0.9198,3.9477
101.7256,0.8849,3.8068
101.7258,0.7459,3.2119
101.7260,0.69,2.9713
101.7262,0.696,2.9943
101.7264,0.7011,3.0188
101.7266,0.7038,3.0321
101.7268,0.6874,2.9641
101.7270,0.6157,2.6537
101.7272,0.6138,2.6454
101.7274,0.6144,2.6455
101.7276,0.6518,2.8066
101.7278,0.6617,2.8508
101.7280,0.6641,2.8624
101.7282,0.6663,2.8704
101.7284,0.6653,2.865
101.7286,0.6852,2.9507
101.7288,0.6887,2.967
101.7290,0.7059,3.0366
101.7292,0.6968,2.9974
101.7294,0.6466,2.7883
101.7296,0.6044,2.6051
101.7298,0.5986,2.5822
101.7300,0.5862,2.5277
101.7302,0.5832,2.5171
101.7304,0.5806,2.5034
101.7306,0.5831,2.5143
101.7308,0.58,2.4985
101.7310,0.5844,2.52
101.7312,0.58,2.502
101.7314,0.5736,2.4734
101.7316,0.5683,2.4507
101.7318,0.5846,2.5187
101.7320,0.6585,2.8355
101.7322,0.6033,2.6004
101.7324,0.5687,2.4511
101.7326,0.5735,2.4729
101.7328,0.5716,2.4658
101.7330,0.5947,2.5597
101.7332,0.674,2.9008
101.7334,0.727,3.1303
101.7336,0.7833,3.3652
101.7338,0.7538,3.2415
101.7340,0.6707,2.8895
101.7342,0.7054,3.0374
101.7344,0.7062,3.0396
101.7346,0.697,2.9999
101.7348,0.6929,2.9823
101.7350,0.6905,2.9748
101.7352,0.7414,3.1819
101.7354,0.8096,3.4877
101.7356,0.685,2.9483
101.7358,0.6906,2.9753
101.7360,0.6761,2.9114
101.7362,0.6752,2.9086
101.7364,0.6948,2.9906
101.7366,0.7602,3.2718
101.7368,0.7039,3.0298
101.7370,0.6757,2.9107
101.7372,0.6605,2.8456
101.7374,0.6599,2.8404
101.7376,0.6674,2.8724
101.7378,0.6735,2.8987
101.7380,0.6745,2.9042
101.7382,0.6832,2.9419
101.7384,0.7143,3.0699
101.7386,0.8157,3.5059
101.7388,0.7638,3.2858
101.7390,0.6886,2.9651
101.7392,0.6483,2.7864
101.7394,0.7295,3.1383
101.7396,0.7554,3.2451
101.7398,0.7988,3.43
101.7400,0.8457,3.6347
101.7402,0.8068,3.4677
101.7404,0.7542,3.2445
101.7406,0.6808,2.9302
101.7408,0.7285,3.137
101.7410,0.6625,2.8512
101.7412,0.7351,3.1596
101.7414,0.8066,3.4699
101.7416,0.7168,3.0864
101.7418,0.7203,3.0957
101.7420,0.8225,3.5336
101.7422,0.7631,3.2857
101.7424,0.7212,3.1055
101.7426,0.7677,3.3028
101.7428,0.7446,3.2032
101.7430,0.7645,3.2843
101.7432,0.8398,3.6027
101.7434,0.8935,3.835
101.7436,0.928,3.9813
101.7438,0.9231,3.9528
101.7440,1.0199,4.3672
101.7442,1.0933,4.6901
101.7444,1.0535,4.5088
101.7446,1.0512,4.5054
101.7448,1.0391,4.4535
101.7450,1.0525,4.5089
101.7452,1.0035,4.3089
101.7454,0.926,3.9596
101.7456,1.1199,4.7976
101.7458,1.1259,4.821
101.7460,1.1143,4.7757
101.7462,1.0732,4.5978
101.7464,1.0414,4.4653
101.7466,1.0942,4.6855
101.7468,1.0215,4.3861
101.7470,0.9711,4.164
101.7472,1.021,4.3759
101.7474,0.9941,4.2707
101.7476,0.8559,3.6836
101.7478,0.7999,3.4394
101.7480,0.7804,3.3606
101.7482,0.7321,3.154
101.7484,0.7224,3.1093
101.7486,0.733,3.1576
101.7488,0.7837,3.3745
101.7490,0.7625,3.2832
101.7492,0.6611,2.8495
101.7494,0.6563,2.8289
101.7496,0.6294,2.7088
101.7498,0.6827,2.9453
101.7500,0.6177,2.6625
101.7502,0.6291,2.7141
101.7504,0.6233,2.6862
101.7506,0.5998,2.5861
101.7508,0.5275,2.2775
101.7510,0.5621,2.4238
101.7512,0.6531,2.8123
101.7514,0.6842,2.9446
101.7516,0.7343,3.1618
101.7518,0.7481,3.2227
101.7520,0.7054,3.0416
101.7522,0.6289,2.713
101.7524,0.6163,2.6562
101.7526,0.6511,2.81
101.7528,0.6125,2.6385
101.7530,0.6476,2.7885
101.7532,0.6372,2.7462
101.7534,0.594,2.5613
101.7536,0.6151,2.6523
101.7538,0.6283,2.7092
101.7540,0.618,2.6635
101.7542,0.6086,2.6256
101.7544,0.578,2.4937
101.7546,0.5804,2.5064
101.7548,0.5328,2.2976
101.7550,0.6215,2.6747
101.7552,0.6791,2.9243
101.7554,0.6267,2.7062
101.7556,0.5119,2.2092
101.7558,0.564,2.4366
101.7560,0.4956,2.1388
101.7562,0.4888,2.1108
101.7564,0.4999,2.1565
101.7566,0.5734,2.4747
101.7568,0.5436,2.3463
101.7570,0.508,2.1947
101.7572,0.4876,2.1066
101.7574,0.4947,2.1342
101.7576,0.5007,2.1611
101.7578,0.4972,2.1441
101.7580,0.5906,2.5409
101.7582,0.692,2.9782
101.7584,0.7218,3.1038
101.7586,0.7816,3.3595
101.7588,0.8213,3.5317
101.7590,0.7566,3.2533
101.7592,0.7813,3.3595
101.7594,0.7894,3.3977
101.7596,0.7218,3.1038
101.7598,0.7224,3.1049
101.7600,0.7637,3.2822
101.7602,0.8218,3.5289
101.7604,0.8882,3.8123
101.7606,0.9295,3.9838
101.7608,0.9536,4.0966
101.7610,0.8561,3.6881
101.7612,0.641,2.7601
101.7614,0.6611,2.8456
101.7616,0.6941,2.9903
101.7618,0.6801,2.9257
101.7620,0.7081,3.0549
101.7622,0.5953,2.5706
101.7624,0.5712,2.4608
101.7626,0.6197,2.6695
101.7628,0.5429,2.3422
101.7630,0.4758,2.0553
101.7632,0.4675,2.0196
101.7634,0.4721,2.0383
101.7636,0.4723,2.0403
101.7638,0.4818,2.0803
101.7640,0.4788,2.0673
101.7642,0.4697,2.0252
101.7644,0.5307,2.2905
101.7646,0.498,2.1492
101.7648,0.4735,2.0436
101.7650,0.4664,2.014
101.7652,0.4652,2.0088
101.7654,0.4677,2.0197
101.7656,0.4674,2.0172
101.7658,0.4689,2.0258
101.7660,0.4639,2.0031
101.7662,0.4906,2.1147
101.7664,0.5617,2.4211
101.7666,0.6087,2.6213
101.7668,0.664,2.8553
101.7670,0.6393,2.7555
101.7672,0.5827,2.5104
101.7674,0.6248,2.6917
101.7676,0.561,2.4191
101.7678,0.5526,2.3829
101.7680,0.5459,2.3529
101.7682,0.5482,2.3616
101.7684,0.5502,2.3715
101.7686,0.5559,2.3958
101.7688,0.5596,2.4118
101.7690,0.5538,2.3892
101.7692,0.5456,2.3524
101.7694,0.547,2.3576
101.7696,0.5466,2.3571
101.7698,0.5543,2.3891
101.7700,0.5474,2.3602
101.7702,0.5566,2.3978
101.7704,0.5622,2.4221
101.7706,0.5596,2.4118
101.7708,0.5968,2.5696
101.7710,0.6369,2.7451
101.7712,0.5747,2.4758
101.7714,0.561,2.4169
101.7716,0.5571,2.3987
101.7718,0.5583,2.4039
101.7720,0.5417,2.3359
101.7722,0.5626,2.4247
101.7724,0.5348,2.3048
101.7726,0.5569,2.3982
101.7728,0.6095,2.6268
101.7730,0.5941,2.5571
101.7732,0.6375,2.7401
101.7734,0.6918,2.9735
101.7736,0.7056,3.0342
101.7738,0.7187,3.0918
101.7740,0.7221,3.1063
101.7742,0.6964,2.9973
101.7744,0.6531,2.811
101.7746,0.6647,2.8571
101.7748,0.7138,3.0693
101.7750,0.6528,2.8081
101.7752,0.6596,2.8388
101.7754,0.6649,2.8616
101.7756,0.6344,2.733
101.7758,0.6026,2.5961
101.7760,0.6237,2.6845
101.7762,0.7227,3.1031
101.7764,0.7725,3.3188
101.7766,0.7891,3.3899
101.7768,0.8059,3.462
101.7770,0.8358,3.5874
101.7772,0.827,3.5593
101.7774,0.7295,3.1368
101.7776,0.8186,3.51
101.7778,0.887,3.8072
101.7780,0.8868,3.8044
101.7782,0.9267,3.972
101.7784,0.9802,4.1972
101.7786,1.0072,4.3087
101.7788,1.0849,4.6455
101.7790,1.0406,4.456
101.7792,1.0836,4.6333
101.7794,1.1169,4.7848
101.7796,1.0215,4.3718
101.7798,1.0149,4.3537
101.7800,0.8701,3.7381
101.7802,0.7846,3.3755
101.7804,0.7749,3.3338
101.7806,0.794,3.411
101.7808,0.8104,3.4816
101.7810,0.7994,3.4342
101.7812,0.8239,3.5393
101.7814,0.8338,3.582
101.7816,0.8505,3.6485
101.7818,0.897,3.8553
101.7820,0.8357,3.5903
101.7822,0.8153,3.4994
101.7824,0.8405,3.6075
101.7826,0.8652,3.7152
101.7828,0.8458,3.6335
101.7830,0.8235,3.541
101.7832,0.7911,3.3971
101.7834,0.8596,3.6962
101.7836,0.817,3.5115
101.7838,0.8266,3.5511
101.7840,0.8344,3.5879
101.7842,0.7119,3.0667
101.7844,0.6671,2.8727
101.7846,0.6784,2.9212
101.7848,0.6989,3.0067
101.7850,0.7559,3.2487
101.7852,0.7942,3.4168
101.7854,0.7477,3.2182
101.7856,0.7819,3.359
101.7858,0.8553,3.6742
101.7860,0.8692,3.7305
101.7862,0.8637,3.7086
101.7864,0.8153,3.5108
101.7866,0.7053,3.0383
101.7868,0.6814,2.9341
101.7870,0.6657,2.8665
101.7872,0.6288,2.7125
101.7874,0.5792,2.4977
101.7876,0.5818,2.5063
101.7878,0.6167,2.6578
101.7880,0.5866,2.5316
101.7882,0.5791,2.4937
101.7884,0.6993,3.0069
101.7886,0.6922,2.9834
101.7888,0.6915,2.9747
101.7890,0.7074,3.0433
101.7892,0.7167,3.0888
101.7894,0.6414,2.7617
101.7896,0.6832,2.9419
101.7898,0.6614,2.8506
101.7900,0.6592,2.8399
101.7902,0.6513,2.8045
101.7904,0.6487,2.7932
101.7906,0.6519,2.8084
101.7908,0.651,2.803
101.7910,0.6857,2.9514
101.7912,0.7101,3.0604
101.7914,0.703,3.0243
101.7916,0.8049,3.4563
101.7918,0.8464,3.6327
101.7920,0.8177,3.5114
101.7922,0.7828,3.3725
101.7924,0.6486,2.794
101.7926,0.6303,2.718
101.7928,0.621,2.6752
101.7930,0.6137,2.6449
101.7932,0.615,2.6493
101.7934,0.6296,2.7136
101.7936,0.6278,2.7034
101.7938,0.6235,2.686
101.7940,0.6234,2.6867
101.7942,0.614,2.6452
101.7944,0.6121,2.6394
101.7946,0.6135,2.6431
101.7948,0.6935,2.9807
101.7950,0.7796,3.3523
101.7952,0.7043,3.0356
101.7954,0.6375,2.7439
101.7956,0.7227,3.1103
101.7958,0.6596,2.8428
101.7960,0.6038,2.6037
101.7962,0.5771,2.4873
101.7964,0.5743,2.4777
101.7966,0.561,2.4203
101.7968,0.5468,2.3565
101.7970,0.565,2.4339
101.7972,0.5743,2.4765
101.7974,0.5483,2.3654
101.7976,0.5405,2.3307
101.7978,0.5376,2.3194
101.7980,0.5453,2.3503
101.7982,0.6563,2.8184
101.7984,0.7917,3.3996
101.7986,0.7647,3.2914
101.7988,0.6695,2.883
101.7990,0.6808,2.9316
101.7992,0.6818,2.9357
101.7994,0.6846,2.9453
101.7996,0.7159,3.08
101.7998,0.7363,3.1662
101.8000,0.7743,3.3281
101.8002,0.8301,3.5594
101.8004,0.8623,3.7046
101.8006,0.7911,3.3971
101.8008,0.7958,3.4203
101.8010,0.8222,3.537
101.8012,0.7765,3.3405
101.8014,0.795,3.4119
101.8016,0.8685,3.7326
101.8018,0.7932,3.4122
101.8020,0.7628,3.2817
101.8022,0.7145,3.0709
101.8024,0.808,3.4729
101.8026,0.8385,3.6021
101.8028,0.8712,3.7445
101.8030,0.767,3.3012
101.8032,0.7284,3.1322
101.8034,0.7798,3.3455
101.8036,0.8957,3.8424
101.8038,0.9099,3.9073
101.8040,0.8284,3.5688
101.8042,0.7014,3.0218
101.8044,0.6831,2.94
101.8046,0.682,2.934
101.8048,0.7324,3.1536
101.8050,0.7098,3.0593
101.8052,0.5954,2.5663
101.8054,0.5807,2.5004
101.8056,0.6352,2.7366
101.8058,0.5878,2.5356
101.8060,0.5812,2.506
101.8062,0.6543,2.8148
101.8064,0.6729,2.8988
101.8066,0.5831,2.5166
101.8068,0.5079,2.1911
101.8070,0.5005,2.156
101.8072,0.5505,2.3747
101.8074,0.5031,2.1734
101.8076,0.4936,2.1325
101.8078,0.4948,2.1357
101.8080,0.5071,2.1855
101.8082,0.6139,2.6447
101.8084,0.5996,2.5796
101.8086,0.6304,2.716
101.8088,0.5885,2.5375
101.8090,0.5984,2.5745
101.8092,0.6664,2.8696
101.8094,0.6942,2.988
101.8096,0.7155,3.0793
101.8098,0.7267,3.122
101.8100,0.7734,3.324
101.8102,0.8073,3.4633
101.8104,0.9689,4.1548
101.8106,0.9701,4.156
101.8108,1.0164,4.3564
101.8110,1.0198,4.3728
101.8112,0.9966,4.2716
101.8114,1.003,4.2968
101.8116,0.9879,4.236
101.8118,0.976,4.1793
101.8120,1.0927,4.6745
101.8122,1.1485,4.9181
101.8124,1.1083,4.7456
101.8126,1.0181,4.3656
101.8128,0.9526,4.0849
101.8130,0.9307,3.9964
101.8132,0.8715,3.7472
101.8134,0.7682,3.3003
101.8136,0.8286,3.5615
101.8138,0.8194,3.5251
101.8140,0.8071,3.4688
101.8142,0.814,3.497
101.8144,0.8078,3.4751
101.8146,0.742,3.1919
101.8148,0.7245,3.1151
101.8150,0.8242,3.5392
101.8152,0.8035,3.4629
101.8154,0.665,2.8674
101.8156,0.6447,2.7787
101.8158,0.6468,2.7849
101.8160,0.6517,2.8035
101.8162,0.7543,3.245
101.8164,0.7452,3.2088
101.8166,0.7043,3.0342
101.8168,0.673,2.8993
101.8170,0.6288,2.715
101.8172,0.5613,2.4202
101.8174,0.6345,2.7323
101.8176,0.6631,2.8551
101.8178,0.7038,3.0293
101.8180,0.65,2.7989
101.8182,0.6508,2.8038
101.8184,0.6392,2.7562
101.8186,0.6448,2.778
101.8188,0.6832,2.9391
101.8190,0.668,2.8803
101.8192,0.6134,2.6438
101.8194,0.6097,2.6278
101.8196,0.6095,2.6244
101.8198,0.5995,2.5827
101.8200,0.6258,2.6946
101.8202,0.6956,2.9937
101.8204,0.7063,3.0429
101.8206,0.7113,3.0584
101.8208,0.7251,3.1221
101.8210,0.6197,2.6695
101.8212,0.5974,2.5758
101.8214,0.6243,2.6896
101.8216,0.6225,2.6819
101.8218,0.6492,2.7978
101.8220,0.6209,2.6771
101.8222,0.6149,2.6501
101.8224,0.6013,2.5917
101.8226,0.6024,2.5963
101.8228,0.6276,2.7023
101.8230,0.6586,2.836
101.8232,0.6095,2.6292
101.8234,0.5848,2.5227
101.8236,0.6007,2.5915
101.8238,0.5356,2.3117
101.8240,0.5107,2.204
101.8242,0.5206,2.2449
101.8244,0.6096,2.6212
101.8246,0.7109,3.054
101.8248,0.7942,3.412
101.8250,0.7771,3.3461
101.8252,0.7306,3.1444
101.8254,0.7056,3.0413
101.8256,0.5687,2.4545
101.8258,0.5363,2.3137
101.8260,0.5313,2.2909
101.8262,0.5301,2.2868
101.8264,0.5294,2.2848
101.8266,0.5372,2.3163
101.8268,0.5342,2.3044
101.8270,0.532,2.2972
101.8272,0.5306,2.2878
101.8274,0.5373,2.3146
101.8276,0.5899,2.5414
101.8278,0.5797,2.4998
101.8280,0.5504,2.372
101.8282,0.5885,2.5375
101.8284,0.5475,2.3607
101.8286,0.596,2.5677
101.8288,0.5367,2.3153
101.8290,0.5266,2.275
101.8292,0.4779,2.0637
101.8294,0.4679,2.0174
101.8296,0.4668,2.0137
101.8298,0.4584,1.9784
101.8300,0.4844,2.0897
101.8302,0.4783,2.0653
101.8304,0.4661,2.0115
101.8306,0.4822,2.0804
101.8308,0.4773,2.0583
101.8310,0.488,2.1052
101.8312,0.4976,2.1466
101.8314,0.4992,2.1524
101.8316,0.4924,2.1254
101.8318,0.482,2.0794
101.8320,0.5245,2.2593
101.8322,0.567,2.4461
101.8324,0.4896,2.1139
101.8326,0.4815,2.0773
101.8328,0.52,2.2402
101.8330,0.5857,2.521
101.8332,0.6068,2.613
101.8334,0.6463,2.7803
101.8336,0.683,2.9395
101.8338,0.6266,2.6994
101.8340,0.5673,2.4449
101.8342,0.5572,2.4026
101.8344,0.5903,2.5418
101.8346,0.5916,2.5474
101.8348,0.549,2.3674
101.8350,0.54,2.3265
101.8352,0.576,2.4826
101.8354,0.53,2.2852
101.8356,0.5604,2.4143
101.8358,0.6249,2.6897
101.8360,0.6039,2.6018
101.8362,0.6045,2.6032
101.8364,0.612,2.6328
101.8366,0.6041,2.5999
101.8368,0.5936,2.5562
101.8370,0.5798,2.498
101.8372,0.6349,2.7325
101.8374,0.658,2.8335
101.8376,0.6081,2.6199
101.8378,0.5854,2.5229
101.8380,0.5918,2.5473
101.8382,0.6761,2.906
101.8384,0.6716,2.8918
101.8386,0.6212,2.6774
101.8388,0.5938,2.5555
101.8390,0.6809,2.928
101.8392,0.7089,3.051
101.8394,0.6332,2.7266
101.8396,0.6777,2.9168
101.8398,0.6357,2.7362
101.8400,0.6277,2.7003
101.8402,0.665,2.8621
101.8404,0.6891,2.9617
101.8406,0.6903,2.9668
101.8408,0.7032,3.0295
101.8410,0.6222,2.6766
101.8412,0.6646,2.8565
101.8414,0.6957,2.9872
101.8416,0.7623,3.2765
101.8418,0.7161,3.0819
101.8420,0.7263,3.1171
101.8422,0.8294,3.5596
101.8424,0.8183,3.5156
101.8426,0.8068,3.4661
101.8428,0.8201,3.5184
101.8430,0.8526,3.6578
101.8432,0.8405,3.6041
101.8434,0.8486,3.6403
101.8436,0.8729,3.7464
101.8438,0.8109,3.4901
101.8440,0.7132,3.0624
101.8442,0.8495,3.641
101.8444,0.8537,3.6658
101.8446,0.8416,3.6088
101.8448,0.9108,3.9036
101.8450,0.9808,4.2037
101.8452,0.9827,4.2139
101.8454,0.9596,4.1166
101.8456,0.9072,3.8918
101.8458,0.8844,3.7941
101.8460,0.9254,3.97
101.8462,0.8339,3.5842
101.8464,0.7342,3.1569
101.8466,0.7206,3.1001
101.8468,0.7182,3.0912
101.8470,0.7156,3.077
101.8472,0.7446,3.2032
101.8474,0.7302,3.1399
101.8476,0.7345,3.1584
101.8478,0.7735,3.3245
101.8480,0.8241,3.5386
101.8482,0.8761,3.7586
101.8484,0.8246,3.5489
101.8486,0.7245,3.1166
101.8488,0.7285,3.1356
101.8490,0.7452,3.1984
101.8492,0.8628,3.7118
101.8494,0.7121,3.0635
101.8496,0.7086,3.0485
101.8498,0.7791,3.3471
101.8500,0.8089,3.4797
101.8502,0.7477,3.2137
101.8504,0.7723,3.3239
101.8506,0.674,2.9062
101.8508,0.5857,2.521
101.8510,0.6402,2.7565
101.8512,0.6458,2.7795
101.8514,0.6959,2.9924
101.8516,0.7133,3.0686
101.8518,0.7523,3.2393
101.8520,0.6517,2.8048
101.8522,0.6619,2.846
101.8524,0.7146,3.0757
101.8526,0.6785,2.9217
101.8528,0.6798,2.9233
101.8530,0.6908,2.973
101.8532,0.6447,2.7787
101.8534,0.587,2.5313
101.8536,0.5849,2.522
101.8538,0.5897,2.5403
101.8540,0.601,2.5901
101.8542,0.5788,2.4922
101.8544,0.5676,2.4453
101.8546,0.6333,2.7271
101.8548,0.6448,2.7792
101.8550,0.5827,2.5116
101.8552,0.5745,2.4782
101.8554,0.4966,2.1415
101.8556,0.5366,2.3094
101.8558,0.6428,2.7679
101.8560,0.6399,2.7555
101.8562,0.6374,2.7459
101.8564,0.6303,2.7129
101.8566,0.6367,2.7428
101.8568,0.6438,2.772
101.8570,0.6442,2.7741
101.8572,0.6724,2.8873
101.8574,0.7668,3.2971
101.8576,0.7742,3.326
101.8578,0.8641,3.7106
101.8580,0.8447,3.634
101.8582,0.6748,2.9057
101.8584,0.6529,2.8113
101.8586,0.7125,3.0622
101.8588,0.7354,3.1591
101.8590,0.7573,3.2564
101.8592,0.7476,3.2132
101.8594,0.7445,3.1998
101.8596,0.7634,3.2842
101.8598,0.755,3.2481
101.8600,0.7755,3.3317
101.8602,0.8006,3.4393
101.8604,0.7779,3.3435
101.8606,0.7827,3.361
101.8608,0.798,3.4264
101.8610,0.8325,3.578
101.8612,0.8444,3.6273
101.8614,0.7927,3.4101
101.8616,0.7583,3.2605
101.8618,0.7338,3.1598
101.8620,0.6978,2.9993
101.8622,0.7285,3.1356
101.8624,0.6211,2.6794
101.8626,0.5715,2.4664
101.8628,0.5687,2.4522
101.8630,0.5587,2.4071
101.8632,0.5664,2.4424
101.8634,0.5571,2.4032
101.8636,0.5544,2.3885
101.8638,0.5578,2.4041
101.8640,0.5571,2.4021
101.8642,0.5658,2.4319
101.8644,0.7609,3.2719
101.8646,0.792,3.4118
101.8648,0.6101,2.6294
101.8650,0.5614,2.4218
101.8652,0.556,2.3985
101.8654,0.5563,2.399
101.8656,0.5557,2.3919
101.8658,0.6433,2.7687
101.8660,0.6857,2.9486
101.8662,0.7797,3.3497
101.8664,0.7846,3.3802
101.8666,0.6628,2.8554
101.8668,0.6296,2.7086
101.8670,0.6938,2.9845
101.8672,0.6763,2.9106
101.8674,0.6705,2.8845
101.8676,0.7282,3.134
101.8678,0.7586,3.2606
101.8680,0.8447,3.6255
101.8682,0.8333,3.5783
101.8684,0.7715,3.3157
101.8686,0.7164,3.0849
101.8688,0.7041,3.0289
101.8690,0.7535,3.2399
101.8692,0.7057,3.0404
101.8694,0.6926,2.9835
101.8696,0.6398,2.7563
101.8698,0.6051,2.607
101.8700,0.5946,2.5603
101.8702,0.632,2.724
101.8704,0.5751,2.4785
101.8706,0.5826,2.5099
101.8708,0.5722,2.4649
101.8710,0.678,2.9156
101.8712,0.6832,2.9446
101.8714,0.6081,2.6211
101.8716,0.6116,2.6312
101.8718,0.5343,2.3038
101.8720,0.5791,2.4961
101.8722,0.5858,2.5238
101.8724,0.5999,2.5855
101.8726,0.596,2.5689
101.8728,0.5665,2.4429
101.8730,0.5054,2.1823
101.8732,0.481,2.0772
101.8734,0.4769,2.0571
101.8736,0.48,2.0687
101.8738,0.4869,2.1006
101.8740,0.4887,2.1103
101.8742,0.5249,2.2635
101.8744,0.526,2.2671
101.8746,0.5693,2.4514
101.8748,0.6266,2.6994
101.8750,0.5936,2.5562
101.8752,0.5965,2.5638
101.8754,0.7276,3.1285
101.8756,0.748,3.2132
101.8758,0.8084,3.4712
101.8760,0.8343,3.5857
101.8762,0.7314,3.148
101.8764,0.6986,3.001
101.8766,0.809,3.4705
101.8768,0.9008,3.861
101.8770,0.9035,3.8759
101.8772,0.8851,3.7989
101.8774,0.9083,3.8946
101.8776,0.9466,4.0592
101.8778,0.9924,4.2556
101.8780,0.9464,4.0581
101.8782,0.9355,4.0132
101.8784,0.8995,3.8553
101.8786,0.9224,3.9535
101.8788,0.9266,3.9751
101.8790,0.9005,3.8666
101.8792,0.8856,3.7992
101.8794,0.8849,3.7979
101.8796,0.8791,3.7715
101.8798,0.9207,3.9518
101.8800,0.9423,4.035
101.8802,1.0005,4.29
101.8804,0.9248,3.9693
101.8806,0.9421,4.0415
101.8808,0.9748,4.1819
101.8810,0.9397,4.0293
101.8812,0.9322,4.0012
101.8814,0.915,3.9362
101.8816,0.7824,3.3657
101.8818,0.7703,3.3075
101.8820,0.8217,3.5333
101.8822,0.827,3.5543
101.8824,0.821,3.5302
101.8826,0.7327,3.1551
101.8828,0.6451,2.7803
101.8830,0.6451,2.779
101.8832,0.5858,2.5262
101.8834,0.5559,2.3958
101.8836,0.5713,2.4647
101.8838,0.5866,2.5281
101.8840,0.6364,2.7405
101.8842,0.6514,2.8051
101.8844,0.6593,2.8405
101.8846,0.6759,2.909
101.8848,0.7131,3.0676
101.8850,0.7119,3.0624
101.8852,0.6691,2.8836
101.8854,0.6367,2.7428
101.8856,0.7252,3.124
101.8858,0.6177,2.6625
101.8860,0.633,2.7281
101.8862,0.6185,2.6606
101.8864,0.6652,2.8618
101.8866,0.6381,2.7503
101.8868,0.5778,2.4927
101.8870,0.5637,2.435
101.8872,0.5181,2.2361
101.8874,0.5134,2.2139
101.8876,0.6102,2.625
101.8878,0.6978,3.0021
101.8880,0.6387,2.7529
101.8882,0.6016,2.5927
101.8884,0.5987,2.5815
101.8886,0.5372,2.3163
101.8888,0.57,2.4602
101.8890,0.5153,2.2232
101.8892,0.5032,2.1699
101.8894,0.5105,2.2045
101.8896,0.5012,2.1621
101.8898,0.5134,2.2159
101.8900,0.5198,2.2434
101.8902,0.5019,2.1683
101.8904,0.4253,1.8373
101.8906,0.5379,2.315
101.8908,0.6364,2.7456
101.8910,0.4852,2.0943
101.8912,0.4591,1.9824
101.8914,0.461,1.9898
101.8916,0.4644,2.0052
101.8918,0.4554,1.9655
101.8920,0.4542,1.9585
101.8922,0.5144,2.2201
101.8924,0.4638,2.0035
101.8926,0.4607,1.9901
101.8928,0.4698,2.0266
101.8930,0.4559,1.9666
101.8932,0.4459,1.9246
101.8934,0.445,1.9195
101.8936,0.4446,1.9198
101.8938,0.4459,1.9273
101.8940,0.4699,2.0281
101.8942,0.4514,1.9475
101.8944,0.4496,1.9406
101.8946,0.4595,1.984
101.8948,0.4487,1.9356
101.8950,0.4486,1.9351
101.8952,0.4427,1.9106
101.8954,0.4458,1.9267
101.8956,0.44,1.9001
101.8958,0.4658,2.0086
101.8960,0.5156,2.2222
101.8962,0.5265,2.2723
101.8964,0.4587,1.98
101.8966,0.4374,1.887
101.8968,0.4316,1.8621
101.8970,0.432,1.8654
101.8972,0.4547,1.9615
101.8974,0.5152,2.2175
101.8976,0.5769,2.4862
101.8978,0.6075,2.6161
101.8980,0.621,2.6677
101.8982,0.6424,2.7638
101.8984,0.5948,2.5614
101.8986,0.6183,2.6576
101.8988,0.7087,3.0462
101.8990,0.7384,3.1735
101.8992,0.7899,3.3888
101.8994,0.8201,3.5217
101.8996,0.7309,3.1459
101.8998,0.656,2.8247
101.9000,0.6397,2.7545
101.9002,0.5946,2.558
101.9004,0.6378,2.7462
101.9006,0.5905,2.5428
101.9008,0.6342,2.7294
101.9010,0.6179,2.6605
101.9012,0.6158,2.6517
101.9014,0.6071,2.614
101.9016,0.5752,2.4767
101.9018,0.5924,2.551
101.9020,0.6159,2.6473
101.9022,0.6862,2.9548
101.9024,0.5567,2.4016
101.9026,0.4995,2.1529
101.9028,0.5062,2.1818
101.9030,0.5157,2.2247
101.9032,0.504,2.174
101.9034,0.4959,2.1364
101.9036,0.5542,2.3852
101.9038,0.5285,2.279
101.9040,0.5195,2.2434
101.9042,0.5029,2.1684
101.9044,0.4875,2.1012
101.9046,0.4862,2.1004
101.9048,0.4005,1.7293
101.9050,0.448,1.9316
101.9052,0.4757,2.0491
101.9054,0.4813,2.0734
101.9056,0.4825,2.0815
101.9058,0.4908,2.1171
101.9060,0.4982,2.1452
101.9062,0.5572,2.4004
101.9064,0.565,2.4362
101.9066,0.5129,2.2118
101.9068,0.4986,2.1468
101.9070,0.5771,2.4803
101.9072,0.6854,2.9443
101.9074,0.7103,3.0543
101.9076,0.7051,3.0335
101.9078,0.7097,3.046
101.9080,0.7909,3.3992
101.9082,0.6996,3.0098
101.9084,0.678,2.9115
101.9086,0.751,3.2261
101.9088,0.7,3.0058
101.9090,0.7355,3.164
101.9092,0.7213,3.0989
101.9094,0.776,3.3291
101.9096,0.8175,3.5087
101.9098,0.8495,3.6427
101.9100,0.8229,3.5351
101.9102,0.6879,2.9579
101.9104,0.7044,3.0234
101.9106,0.85,3.6431
101.9108,0.8989,3.8527
101.9110,0.9204,3.941
101.9112,0.9509,4.0758
101.9114,0.9785,4.1881
101.9116,1.0598,4.536
101.9118,0.9771,4.1917
101.9120,0.883,3.7826
101.9122,0.9277,3.9724
101.9124,0.9921,4.25
101.9126,0.9551,4.1033
101.9128,0.7995,3.4347
101.9130,0.7856,3.3718
101.9132,0.8187,3.522
101.9134,0.6755,2.9048
101.9136,0.6752,2.9073
101.9138,0.6827,2.9357
101.9140,0.7639,3.2817
101.9142,0.7975,3.4275
101.9144,0.7432,3.1941
101.9146,0.7312,3.144
101.9148,0.6972,3.0009
101.9150,0.7158,3.0737
101.9152,0.7611,3.2714
101.9154,0.7185,3.0908
101.9156,0.7421,3.188
101.9158,0.8179,3.5119
101.9160,0.7822,3.3574
101.9162,0.7836,3.3646
101.9164,0.8014,3.4381
101.9166,0.8284,3.5588
101.9168,0.7773,3.3394
101.9170,0.7857,3.3802
101.9172,0.7257,3.1188
101.9174,0.7556,3.2447
101.9176,0.8032,3.4507
101.9178,0.8399,3.6066
101.9180,0.8511,3.6494
101.9182,0.9207,3.9499
101.9184,0.8599,3.6909
101.9186,0.8345,3.5834
101.9188,0.8607,3.694
101.9190,0.882,3.7856
101.9192,0.87,3.7289
101.9194,0.9825,4.209
101.9196,0.9619,4.1283
101.9198,0.8236,3.5415
101.9200,0.7735,3.3229
101.9202,0.8212,3.5263
101.9204,0.84,3.6088
101.9206,0.9048,3.8815
101.9208,0.9638,4.1307
101.9210,0.8951,3.8399
101.9212,0.8886,3.8103
101.9214,0.9075,3.8952
101.9216,0.8898,3.8261
101.9218,0.7782,3.343
101.9220,0.7736,3.325
101.9222,0.852,3.6569
101.9224,0.9246,3.9719
101.9226,0.8538,3.668
101.9228,0.867,3.716
101.9230,0.9586,4.1125
101.9232,0.9911,4.2479
101.9234,0.9843,4.2226
101.9236,0.9927,4.2526
101.9238,1.0047,4.312
101.9240,0.8056,3.4658
101.9242,0.7438,3.2011
101.9244,0.7364,3.1696
101.9246,0.7622,3.2776
101.9248,0.8152,3.5054
101.9250,0.7766,3.3394
101.9252,0.7537,3.2409
101.9254,0.8295,3.5635
101.9256,0.8945,3.8444
101.9258,0.7559,3.2502
101.9260,0.7265,3.1268
101.9262,0.7247,3.1205
101.9264,0.7671,3.3033
101.9266,0.7421,3.1924
101.9268,0.734,3.1564
101.9270,0.7962,3.4203
101.9272,0.8212,3.5329
101.9274,0.77,3.3157
101.9276,0.6763,2.9119
101.9278,0.6668,2.8738
101.9280,0.5964,2.574
101.9282,0.5613,2.4202
101.9284,0.5926,2.5539
101.9286,0.5601,2.4139
101.9288,0.5519,2.3821
101.9290,0.5456,2.3535
101.9292,0.5457,2.3541
101.9294,0.5504,2.3742
101.9296,0.5457,2.3541
101.9298,0.5405,2.3329
101.9300,0.5439,2.3485
101.9302,0.5511,2.374
101.9304,0.6258,2.6958
101.9306,0.5679,2.4497
101.9308,0.5356,2.3106
101.9310,0.5354,2.3085
101.9312,0.5435,2.3436
101.9314,0.5471,2.3614
101.9316,0.5423,2.3406
101.9318,0.5482,2.3572
101.9320,0.7354,3.1606
101.9322,0.8134,3.4928
101.9324,0.7918,3.4001
101.9326,0.8392,3.6018
101.9328,0.8674,3.728
101.9330,0.7402,3.1886
101.9332,0.651,2.8069
101.9334,0.653,2.8092
101.9336,0.6673,2.8732
101.9338,0.6213,2.6767
101.9340,0.614,2.6452
101.9342,0.6209,2.6759
101.9344,0.6237,2.687
101.9346,0.6169,2.6588
101.9348,0.6188,2.6683
101.9350,0.6185,2.6643
101.9352,0.6236,2.6878
101.9354,0.631,2.7186
101.9356,0.6444,2.7746
101.9358,0.6282,2.7036
101.9360,0.6887,2.9629
101.9362,0.7318,3.1524
101.9364,0.6809,2.9321
101.9366,0.6634,2.858
101.9368,0.6265,2.7014
101.9370,0.5927,2.5556
101.9372,0.5938,2.5579
101.9374,0.655,2.8206
101.9376,0.6097,2.6254
101.9378,0.7408,3.1838
101.9380,0.7941,3.4099
101.9382,0.811,3.4874
101.9384,0.7429,3.1975
101.9386,0.7481,3.2152
101.9388,0.738,3.1734
101.9390,0.6908,2.9772
101.9392,0.6074,2.618
101.9394,0.6607,2.8448
101.9396,0.6424,2.7663
101.9398,0.6385,2.7493
101.9400,0.6797,2.9269
101.9402,0.7119,3.0624
101.9404,0.7198,3.0965
101.9406,0.7005,3.012
101.9408,0.7531,3.2338
101.9410,0.8247,3.5478
101.9412,0.7874,3.3874
101.9414,0.7644,3.2838
101.9416,0.7932,3.409
101.9418,0.8205,3.5265
101.9420,0.8465,3.6315
101.9422,0.8797,3.7775
101.9424,0.8653,3.7209
101.9426,0.8725,3.7501
101.9428,0.8152,3.5005
101.9430,0.9002,3.8584
101.9432,0.9822,4.2079
101.9434,0.9838,4.2146
101.9436,0.9884,4.2341
101.9438,1.0151,4.3466
101.9440,1.0345,4.434
101.9442,1.0156,4.3588
101.9444,0.962,4.1288
101.9446,0.9562,4.1003
101.9448,0.9813,4.2058
101.9450,1.0193,4.3687
101.9452,0.9981,4.2797
101.9454,0.9707,4.1664
101.9456,0.8526,3.668
101.9458,0.8036,3.4602
101.9460,0.7682,3.3018
101.9462,0.8125,3.4903
101.9464,0.8442,3.6302
101.9466,0.838,3.6068
101.9468,0.779,3.3482
101.9470,0.7992,3.4395
101.9472,0.7681,3.3043
101.9474,0.7731,3.3307
101.9476,0.7192,3.0982
101.9478,0.6355,2.7389
101.9480,0.6235,2.6873
101.9482,0.6104,2.6297
101.9484,0.6674,2.8724
101.9486,0.6664,2.8723
101.9488,0.6513,2.8072
101.9490,0.6743,2.905
101.9492,0.6856,2.9522
101.9494,0.68,2.9293
101.9496,0.6779,2.9232
101.9498,0.6092,2.627
101.9500,0.636,2.7397
101.9502,0.6655,2.8641
101.9504,0.687,2.9598
101.9506,0.6818,2.9384
101.9508,0.6435,2.7748
101.9510,0.5996,2.582
101.9512,0.6729,2.8988
101.9514,0.6852,2.9534
101.9516,0.6078,2.6183
101.9518,0.6001,2.5853
101.9520,0.6355,2.7402
101.9522,0.6423,2.7684
101.9524,0.6464,2.7834
101.9526,0.6747,2.9025
101.9528,0.6605,2.8469
101.9530,0.5688,2.4527
101.9532,0.5424,2.339
101.9534,0.562,2.421
101.9536,0.6669,2.8757
101.9538,0.5767,2.4857
101.9540,0.6116,2.6349
101.9542,0.659,2.8336
101.9544,0.7018,3.0233
101.9546,0.652,2.8089
101.9548,0.658,2.8348
101.9550,0.5882,2.5377
101.9552,0.4911,2.1207
101.9554,0.4825,2.0843
101.9556,0.5109,2.201
101.9558,0.659,2.835
101.9560,0.6663,2.8691
101.9562,0.6137,2.6449
101.9564,0.6054,2.6056
101.9566,0.7022,3.0192
101.9568,0.7351,3.1654
101.9570,0.6686,2.8842
101.9572,0.5224,2.2537
101.9574,0.5924,2.5534
101.9576,0.6512,2.8027
101.9578,0.6617,2.8508
101.9580,0.6574,2.8309
101.9582,0.6768,2.9132
101.9584,0.7073,3.0428
101.9586,0.6905,2.9706
101.9588,0.6893,2.9682
101.9590,0.7221,3.1092
101.9592,0.7331,3.1508
101.9594,0.7521,3.2327
101.9596,0.7538,3.24
101.9598,0.7631,3.2842
101.9600,0.6387,2.7529
101.9602,0.6649,2.8655
101.9604,0.6192,2.6674
101.9606,0.6436,2.7715
101.9608,0.6406,2.7624
101.9610,0.5857,2.5233
101.9612,0.5911,2.5465
101.9614,0.5782,2.4919
101.9616,0.605,2.6113
101.9618,0.5633,2.429
101.9620,0.5439,2.3463
101.9622,0.5034,2.1725
101.9624,0.4869,2.1016
101.9626,0.5203,2.2465
101.9628,0.4836,2.0861
101.9630,0.4813,2.0772
101.9632,0.5061,2.1813
101.9634,0.5337,2.3045
101.9636,0.4809,2.0767
101.9638,0.4723,2.0365
101.9640,0.4952,2.1383
101.9642,0.4604,1.9872
101.9644,0.5017,2.1612
101.9646,0.5239,2.2589
101.9648,0.5322,2.2897
101.9650,0.6614,2.8426
101.9652,0.7048,3.032
101.9654,0.6986,3.0066
101.9656,0.686,2.9524
101.9658,0.6703,2.8848
101.9660,0.6609,2.8458
101.9662,0.587,2.5313
101.9664,0.5692,2.4543
101.9666,0.5584,2.4033
101.9668,0.6022,2.5917
101.9670,0.6454,2.7818
101.9672,0.5794,2.4982
101.9674,0.5526,2.3807
101.9676,0.549,2.3685
101.9678,0.5428,2.3416
101.9680,0.5399,2.3271
101.9682,0.5215,2.2454
101.9684,0.5689,2.4498
101.9686,0.6447,2.7761
101.9688,0.648,2.7914
101.9690,0.598,2.5748
101.9692,0.5914,2.5488
101.9694,0.6161,2.6528
101.9696,0.6328,2.7238
101.9698,0.5894,2.5381
101.9700,0.6458,2.7756
101.9702,0.6306,2.7165
101.9704,0.6174,2.6572
101.9706,0.6807,2.9229
101.9708,0.7447,3.2038
101.9710,0.652,2.8089
101.9712,0.5613,2.4202
101.9714,0.4964,2.1415
101.9716,0.4948,2.1347
101.9718,0.5307,2.2851
101.9720,0.5828,2.5132
101.9722,0.5108,2.2045
101.9724,0.5162,2.2237
101.9726,0.5445,2.3467
101.9728,0.4999,2.1565
101.9730,0.4952,2.1343
101.9732,0.5248,2.264
101.9734,0.5125,2.2087
101.9736,0.5566,2.3967
101.9738,0.6152,2.6504
101.9740,0.6075,2.6161
101.9742,0.5691,2.4526
101.9744,0.6055,2.6001
101.9746,0.6978,3.0021
101.9748,0.7126,3.0641
101.9750,0.7035,3.0221
101.9752,0.7586,3.256
101.9754,0.8031,3.4485
101.9756,0.8563,3.672
101.9758,0.9444,4.0437
101.9760,0.9569,4.0995
101.9762,0.9744,4.1745
101.9764,0.9922,4.2525
101.9766,0.9646,4.1286
101.9768,0.9916,4.25
101.9770,0.9097,3.9099
101.9772,0.8408,3.6035
101.9774,0.9272,3.9777
101.9776,0.8918,3.8278
101.9778,0.9017,3.8664
101.9780,0.9253,3.9695
101.9782,0.9153,3.9268
101.9784,0.9197,3.9453
101.9786,0.9051,3.8867
101.9788,0.8782,3.7691
101.9790,0.9008,3.8682
101.9792,0.8483,3.641
101.9794,0.8193,3.5181
101.9796,0.8267,3.5467
101.9798,0.8685,3.7274
101.9800,0.909,3.9104
101.9802,0.8061,3.4582
101.9804,0.8815,3.7835
101.9806,0.8909,3.8272
101.9808,0.8354,3.5854
101.9810,0.8345,3.5801
101.9812,0.8369,3.6004
101.9814,0.7177,3.0891
101.9816,0.7158,3.0766
101.9818,0.7766,3.3379
101.9820,0.8215,3.5273
101.9822,0.8521,3.6591
101.9824,0.8007,3.4415
101.9826,0.7709,3.3131
101.9828,0.7989,3.4369
101.9830,0.7778,3.3446
101.9832,0.8117,3.4856
101.9834,0.8201,3.5249
101.9836,0.8343,3.5807
101.9838,0.8712,3.7392
101.9840,0.8592,3.6861
101.9842,0.9103,3.9052
101.9844,0.8635,3.7167
101.9846,0.7591,3.2641
101.9848,0.7807,3.3601
101.9850,0.6446,2.7795
101.9852,0.6414,2.7617
101.9854,0.6406,2.7624
101.9856,0.5832,2.5125
101.9858,0.5928,2.5561
101.9860,0.5954,2.5663
101.9862,0.5746,2.4753
101.9864,0.633,2.7268
101.9866,0.6581,2.8353
101.9868,0.6646,2.8592
101.9870,0.5739,2.4733
101.9872,0.5727,2.4693
101.9874,0.565,2.4362
101.9876,0.565,2.4373
101.9878,0.565,2.4351
101.9880,0.5595,2.4124
101.9882,0.5623,2.4248
101.9884,0.5891,2.5366
101.9886,0.699,3.0072
101.9888,0.7104,3.0591
101.9890,0.655,2.8192
101.9892,0.6529,2.8126
101.9894,0.6554,2.8208
101.9896,0.7152,3.0769
101.9898,0.7254,3.1193
101.9900,0.7432,3.1956
101.9902,0.7464,3.214
101.9904,0.6537,2.8175
101.9906,0.5856,2.5216
101.9908,0.6131,2.6435
101.9910,0.6108,2.6349
101.9912,0.6068,2.6154
101.9914,0.6045,2.6044
101.9916,0.6145,2.646
101.9918,0.6241,2.6898
101.9920,0.6098,2.6283
101.9922,0.6203,2.6708
101.9924,0.6139,2.6447
101.9926,0.6331,2.7248
101.9928,0.6959,2.9883
101.9930,0.7592,3.2647
101.9932,0.7035,3.032
101.9934,0.5933,2.5594
101.9936,0.5836,2.5163
101.9938,0.559,2.4092
101.9940,0.5464,2.3572
101.9942,0.541,2.336
101.9944,0.5446,2.3494
101.9946,0.5381,2.3204
101.9948,0.5287,2.2806
101.9950,0.5376,2.3172
101.9952,0.5825,2.5117
101.9954,0.5474,2.3602
101.9956,0.5354,2.3074
101.9958,0.5292,2.2821
101.9960,0.5291,2.2816
101.9962,0.632,2.7202
101.9964,0.6792,2.9235
101.9966,0.6138,2.6442
101.9968,0.5892,2.5359
101.9970,0.6517,2.8022
101.9972,0.6898,2.9675
101.9974,0.6908,2.9703
101.9976,0.7435,3.1956
101.9978,0.82,3.5211
101.9980,0.8527,3.6583
101.9982,0.8705,3.7344
101.9984,0.8487,3.6442
101.9986,0.8476,3.6396
101.9988,0.823,3.5373
101.9990,0.7721,3.3152
101.9992,0.8198,3.5217
101.9994,0.8282,3.5562
101.9996,0.8917,3.8272
101.9998,0.84,3.6105
102.0000,0.7844,3.3714
102.0002,0.8138,3.4944
102.0004,0.8233,3.535
102.0006,0.8286,3.5582
102.0008,0.8297,3.5678
102.0010,0.7263,3.1301
102.0012,0.6382,2.7508
102.0014,0.6315,2.7206
102.0016,0.6318,2.7179
102.0018,0.7195,3.0969
102.0020,0.6897,2.967
102.0022,0.7104,3.0562
102.0024,0.7279,3.1345
102.0026,0.6692,2.8855
102.0028,0.6212,2.675
102.0030,0.6261,2.6949
102.0032,0.6645,2.86
102.0034,0.7206,3.0986
102.0036,0.7197,3.096
102.0038,0.7272,3.127
102.0040,0.6971,3.0046
102.0042,0.6209,2.6771
102.0044,0.6343,2.7338
102.0046,0.5115,2.2097
102.0048,0.5023,2.1688
102.0050,0.4884,2.1088
102.0052,0.5151,2.2191
102.0054,0.5433,2.3437
102.0056,0.5153,2.2222
102.0058,0.5084,2.1952
102.0060,0.4927,2.1274
102.0062,0.4904,2.1166
102.0064,0.4872,2.1016
102.0066,0.5478,2.3612
102.0068,0.5792,2.4966
102.0070,0.6314,2.7163
102.0072,0.6557,2.8263
102.0074,0.6285,2.7065
102.0076,0.6569,2.8249
102.0078,0.7085,3.0494
102.0080,0.7054,3.0318
102.0082,0.7638,3.2797
102.0084,0.7875,3.3785
102.0086,0.8361,3.5801
102.0088,0.9551,4.0899
102.0090,0.9997,4.2869
102.0092,0.9869,4.228
102.0094,0.9876,4.235
102.0096,0.9802,4.1972
102.0098,0.989,4.2387
102.0100,0.9639,4.1332
102.0102,0.9736,4.1729
102.0104,1.0232,4.3856
102.0106,1.0014,4.2921
102.0108,1.0284,4.4016
102.0110,1.0469,4.4869
102.0112,1.0382,4.4457
102.0114,1.0243,4.3964
102.0116,0.9017,3.8682
102.0118,0.8969,3.8512
102.0120,0.8027,3.455
102.0122,0.7508,3.2316
102.0124,0.7668,3.2956
102.0126,0.7694,3.3085
102.0128,0.7487,3.2253
102.0130,0.6507,2.802
102.0132,0.6373,2.7454
102.0134,0.631,2.7198
102.0136,0.6249,2.6922
102.0138,0.6458,2.7808
102.0140,0.7249,3.1201
102.0142,0.7185,3.0922
102.0144,0.696,2.9971
102.0146,0.6495,2.8007
102.0148,0.6261,2.6974
102.0150,0.6147,2.6483
102.0152,0.6089,2.6254
102.0154,0.5813,2.5065
102.0156,0.5713,2.4602
102.0158,0.5868,2.5315
102.0160,0.5987,2.5791
102.0162,0.6939,2.9837
102.0164,0.7354,3.1665
102.0166,0.6462,2.7849
102.0168,0.5779,2.492
102.0170,0.5639,2.4327
102.0172,0.5767,2.4892
102.0174,0.537,2.3168
102.0176,0.5203,2.2444
102.0178,0.5438,2.3447
102.0180,0.5918,2.5508
102.0182,0.6313,2.7183
102.0184,0.6478,2.7857
102.0186,0.6977,3.003
102.0188,0.7316,3.1461
102.0190,0.7119,3.0667
102.0192,0.5992,2.5835
102.0194,0.5891,2.5378
102.0196,0.6441,2.771
102.0198,0.67,2.8851
102.0200,0.6536,2.8144
102.0202,0.6608,2.8453
102.0204,0.6492,2.7953
102.0206,0.637,2.7444
102.0208,0.6631,2.8538
102.0210,0.6366,2.7436
102.0212,0.5909,2.5479
102.0214,0.5808,2.5044
102.0216,0.5986,2.575
102.0218,0.7017,3.0144
102.0220,0.7974,3.4286
102.0222,0.7476,3.2147
102.0224,0.7819,3.359
102.0226,0.7318,3.1554
102.0228,0.5488,2.3686
102.0230,0.5228,2.2553
102.0232,0.5664,2.4379
102.0234,0.6246,2.6919
102.0236,0.5632,2.4307
102.0238,0.5428,2.3427
102.0240,0.5572,2.4015
102.0242,0.5445,2.3467
102.0244,0.5398,2.3276
102.0246,0.5478,2.3634
102.0248,0.5346,2.3043
102.0250,0.5241,2.2599
102.0252,0.5334,2.3013
102.0254,0.5337,2.3034
102.0256,0.5084,2.1942
102.0258,0.5315,2.2888
102.0260,0.5722,2.4695
102.0262,0.4794,2.0699
102.0264,0.4882,2.1053
102.0266,0.5062,2.1849
102.0268,0.4797,2.0705
102.0270,0.4675,2.0187
102.0272,0.4729,2.0401
102.0274,0.4998,2.1579
102.0276,0.4697,2.028
102.0278,0.4638,2.0008
102.0280,0.4656,2.0085
102.0282,0.4644,2.0043
102.0284,0.4655,2.0089
102.0286,0.4667,2.0132
102.0288,0.4647,2.0058
102.0290,0.4664,2.0121
102.0292,0.53,2.2842
102.0294,0.5842,2.5178
102.0296,0.5526,2.3841
102.0298,0.4749,2.0508
102.0300,0.4695,2.0256
102.0302,0.4685,2.0191
102.0304,0.47,2.0277
102.0306,0.4737,2.0418
102.0308,0.5301,2.2815
102.0310,0.6016,2.5927
102.0312,0.5856,2.5216
102.0314,0.6447,2.7736
102.0316,0.6915,2.9734
102.0318,0.7035,3.0235
102.0320,0.7111,3.0593
102.0322,0.6161,2.6552
102.0324,0.565,2.4362
102.0326,0.5591,2.4075
102.0328,0.5579,2.4046
102.0330,0.5641,2.4326
102.0332,0.5703,2.4555
102.0334,0.6432,2.7694
102.0336,0.5933,2.5547
102.0338,0.5537,2.3854
102.0340,0.5489,2.3669
102.0342,0.5635,2.4266
102.0344,0.6097,2.6242
102.0346,0.5947,2.5609
102.0348,0.5746,2.4741
102.0350,0.5716,2.4612
102.0352,0.6011,2.5882
102.0354,0.5893,2.5388
102.0356,0.595,2.5571
102.0358,0.6563,2.8249
102.0360,0.6135,2.6419
102.0362,0.6135,2.6419
102.0364,0.6362,2.7369
102.0366,0.629,2.7035
102.0368,0.6788,2.9201
102.0370,0.6994,3.006
102.0372,0.7382,3.1759
102.0374,0.653,2.8105
102.0376,0.6116,2.6312
102.0378,0.6663,2.8678
102.0380,0.6397,2.7493
102.0382,0.6635,2.8559
102.0384,0.6935,2.9807
102.0386,0.7488,3.2213
102.0388,0.6974,3.0014
102.0390,0.6279,2.7039
102.0392,0.642,2.7643
102.0394,0.632,2.7189
102.0396,0.6763,2.9079
102.0398,0.6622,2.8449
102.0400,0.7332,3.144
102.0402,0.8417,3.6126
102.0404,0.8458,3.6335
102.0406,0.8403,3.6132
102.0408,0.8382,3.596
102.0410,0.8688,3.7255
102.0412,0.8547,3.6682
102.0414,0.8253,3.5405
102.0416,0.8308,3.5642
102.0418,0.8246,3.5374
102.0420,0.8833,3.7859
102.0422,0.9342,4.0057
102.0424,0.9441,4.0484
102.0426,0.958,4.1022
102.0428,0.9536,4.0947
102.0430,0.867,3.7178
102.0432,0.895,3.8358
102.0434,0.9078,3.8962
102.0436,0.8013,3.4424
102.0438,0.8253,3.5421
102.0440,0.8699,3.7371
102.0442,0.8099,3.4779
102.0444,0.8333,3.5783
102.0446,0.8185,3.5161
102.0448,0.7656,3.2905
102.0450,0.698,3.0012
102.0452,0.7603,3.2663
102.0454,0.828,3.5523
102.0456,0.8284,3.5622
102.0458,0.7409,3.1858
102.0460,0.7412,3.1858
102.0462,0.7466,3.206
102.0464,0.762,3.2796
102.0466,0.668,2.8723
102.0468,0.6905,2.9734
102.0470,0.7085,3.0466
102.0472,0.7456,3.2074
102.0474,0.697,2.9999
102.0476,0.7259,3.1228
102.0478,0.708,3.0445
102.0480,0.6831,2.9386
102.0482,0.7101,3.0533
102.0484,0.7826,3.3652
102.0486,0.7568,3.2559
102.0488,0.7488,3.2198
102.0490,0.7224,3.1093
102.0492,0.6699,2.8806
102.0494,0.7218,3.1009
102.0496,0.7466,3.2135
102.0498,0.6753,2.9078
102.0500,0.6538,2.8154
102.0502,0.7005,3.0106
102.0504,0.693,2.9842
102.0506,0.6567,2.8265
102.0508,0.6709,2.886
102.0510,0.6638,2.8596
102.0512,0.5843,2.5159
102.0514,0.5885,2.5328
102.0516,0.6592,2.8413
102.0518,0.6055,2.6097
102.0520,0.6204,2.6701
102.0522,0.6599,2.8444
102.0524,0.5856,2.5228
102.0526,0.6192,2.6649
102.0528,0.6863,2.9567
102.0530,0.6002,2.5846
102.0532,0.5936,2.5562
102.0534,0.5984,2.5781
102.0536,0.6231,2.687
102.0538,0.5796,2.4993
102.0540,0.5764,2.483
102.0542,0.6063,2.6073
102.0544,0.6466,2.7883
102.0546,0.514,2.2175
102.0548,0.4683,2.0214
102.0550,0.4794,2.068
102.0552,0.5273,2.2749
102.0554,0.5108,2.2025
102.0556,0.5062,2.1829
102.0558,0.5098,2.1994
102.0560,0.529,2.2811
102.0562,0.5289,2.2785
102.0564,0.5574,2.4047
102.0566,0.5466,2.3538
102.0568,0.6161,2.6515
102.0570,0.6505,2.7996
102.0572,0.6516,2.8043
102.0574,0.6542,2.8156
102.0576,0.6615,2.8458
102.0578,0.7217,3.1004
102.0580,0.7193,3.093
102.0582,0.6976,3.001
102.0584,0.6528,2.812
102.0586,0.6111,2.6316
102.0588,0.6119,2.6347
102.0590,0.6303,2.7104
102.0592,0.7138,3.0664
102.0594,0.7715,3.3157
102.0596,0.7357,3.1621
102.0598,0.7192,3.0939
102.0600,0.6655,2.8641
102.0602,0.6733,2.895
102.0604,0.7342,3.1613
102.0606,0.6595,2.8383
102.0608,0.6374,2.7408
102.0610,0.6613,2.8461
102.0612,0.7398,3.1811
102.0614,0.7197,3.0931
102.0616,0.6815,2.9374
102.0618,0.5671,2.4455
102.0620,0.5524,2.3819
102.0622,0.5416,2.3343
102.0624,0.5339,2.3012
102.0626,0.5613,2.4202
102.0628,0.5406,2.3291
102.0630,0.543,2.3405
102.0632,0.5646,2.4346
102.0634,0.5547,2.3917
102.0636,0.5906,2.5445
102.0638,0.5617,2.4177
102.0640,0.5976,2.5756
102.0642,0.555,2.3922
102.0644,0.5855,2.5199
102.0646,0.6384,2.745
102.0648,0.6845,2.9435
102.0650,0.6628,2.8541
102.0652,0.6464,2.7834
102.0654,0.5999,2.5855
102.0656,0.5278,2.277
102.0658,0.5203,2.2433
102.0660,0.5303,2.2847
102.0662,0.5983,2.5739
102.0664,0.65,2.7976
102.0666,0.6309,2.718
102.0668,0.5572,2.4037
102.0670,0.524,2.2615
102.0672,0.4911,2.1197
102.0674,0.4986,2.1478
102.0676,0.5627,2.4219
102.0678,0.5846,2.521
102.0680,0.5326,2.2977
102.0682,0.5068,2.1844
102.0684,0.5089,2.1953
102.0686,0.4942,2.1321
102.0688,0.5019,2.1632
102.0690,0.471,2.0356
102.0692,0.3868,1.671
102.0694,0.3845,1.6612
102.0696,0.3797,1.6389
102.0698,0.4737,2.0418
102.0700,0.509,2.1947
102.0702,0.4923,2.1229
102.0704,0.4885,2.1063
102.0706,0.4729,2.0391
102.0708,0.4875,2.1032
102.0710,0.4849,2.0908
102.0712,0.488,2.1023
102.0714,0.5036,2.1715
102.0716,0.5123,2.2051
102.0718,0.5686,2.446
102.0720,0.6234,2.6818
102.0722,0.6748,2.9017
102.0724,0.6782,2.9188
102.0726,0.6545,2.8159
102.0728,0.6319,2.7234
102.0730,0.5163,2.2242
102.0732,0.5464,2.3539
102.0734,0.556,2.3919
102.0736,0.5981,2.5729
102.0738,0.6339,2.7309
102.0740,0.5843,2.5136
102.0742,0.6549,2.8148
102.0744,0.6869,2.951
102.0746,0.7029,3.0209
102.0748,0.6958,2.9877
102.0750,0.7581,3.2555
102.0752,0.7719,3.3147
102.0754,0.8488,3.6379
102.0756,0.9502,4.0708
102.0758,0.9193,3.9419
102.0760,0.923,3.9579
102.0762,0.9386,4.0134
102.0764,1.0697,4.5738
102.0766,1.0718,4.5852
102.0768,1.0355,4.4339
102.0770,1.0707,4.5849
102.0772,1.0249,4.3887
102.0774,0.9975,4.2712
102.0776,1.0204,4.3692
102.0778,1.0301,4.4046
102.0780,1.0802,4.6211
102.0782,1.0483,4.4868
102.0784,1.0201,4.3723
102.0786,0.999,4.2818
102.0788,0.9735,4.1724
102.0790,0.9773,4.1869
102.0792,1.0544,4.5087
102.0794,1.0626,4.55
102.0796,1.0682,4.5698
102.0798,1.039,4.455
102.0800,0.9575,4.1059
102.0802,0.9615,4.1325
102.0804,0.8049,3.4611
102.0806,0.7816,3.3595
102.0808,0.8032,3.4458
102.0810,0.8816,3.7823
102.0812,0.8903,3.8175
102.0814,0.9093,3.9011
102.0816,0.8988,3.854
102.0818,0.894,3.8388
102.0820,0.8794,3.7778
102.0822,0.8602,3.6953
102.0824,0.8453,3.6298
102.0826,0.8639,3.7148
102.0828,0.8404,3.6103
102.0830,0.8291,3.5702
102.0832,0.7085,3.0522
102.0834,0.6854,2.9484
102.0836,0.7411,3.1868
102.0838,0.7683,3.3085
102.0840,0.703,3.0243
102.0842,0.7156,3.0756
102.0844,0.7306,3.1458
102.0846,0.6987,3.0085
102.0848,0.7035,3.0263
102.0850,0.755,3.2466
102.0852,0.7653,3.2955
102.0854,0.6926,2.9808
102.0856,0.7131,3.0647
102.0858,0.7361,3.1681
102.0860,0.6833,2.941
102.0862,0.6795,2.9259
102.0864,0.69,2.9727
102.0866,0.6798,2.9274
102.0868,0.6705,2.8858
102.0870,0.6715,2.8913
102.0872,0.6751,2.9041
102.0874,0.7191,3.0934
102.0876,0.6963,2.9954
102.0878,0.6611,2.8469
102.0880,0.6912,2.9737
102.0882,0.7862,3.3822
102.0884,0.8024,3.4487
102.0886,0.7989,3.4369
102.0888,0.6874,2.9627
102.0890,0.6327,2.7258
102.0892,0.6819,2.9294
102.0894,0.7874,3.3921
102.0896,0.6687,2.8834
102.0898,0.6278,2.7046
102.0900,0.6568,2.827
102.0902,0.6539,2.8172
102.0904,0.6223,2.6833
102.0906,0.6174,2.6584
102.0908,0.6204,2.6701
102.0910,0.6265,2.6964
102.0912,0.6263,2.7004
102.0914,0.6316,2.7224
102.0916,0.6213,2.6767
102.0918,0.6018,2.5937
102.0920,0.6173,2.6567
102.0922,0.6544,2.8193
102.0924,0.5831,2.5154
102.0926,0.5351,2.3085
102.0928,0.4975,2.1451
102.0930,0.6041,2.6023
102.0932,0.6313,2.7221
102.0934,0.543,2.3427
102.0936,0.4876,2.1037
102.0938,0.5434,2.3431
102.0940,0.5363,2.3137
102.0942,0.4676,2.0192
102.0944,0.4535,1.959
102.0946,0.451,1.9472
102.0948,0.4523,1.952
102.0950,0.5138,2.2165
102.0952,0.5251,2.2651
102.0954,0.4546,1.9628
102.0956,0.4343,1.8761
102.0958,0.433,1.8696
102.0960,0.4454,1.9216
102.0962,0.4655,2.0089
102.0964,0.4763,2.0574
102.0966,0.4969,2.1415
102.0968,0.5697,2.4552
102.0970,0.6078,2.6171
102.0972,0.6622,2.8489
102.0974,0.7086,3.0457
102.0976,0.681,2.9299
102.0978,0.7158,3.078
102.0980,0.7743,3.325
102.0982,0.8079,3.4708
102.0984,0.8026,3.4513
102.0986,0.7884,3.3868
102.0988,0.7629,3.2822
102.0990,0.6629,2.8546
102.0992,0.6441,2.771
102.0994,0.7487,3.2148
102.0996,0.7828,3.3694
102.0998,0.7098,3.0551
102.1000,0.7095,3.0507
102.1002,0.7718,3.3203
102.1004,0.7177,3.0891
102.1006,0.7084,3.0475
102.1008,0.7071,3.0432
102.1010,0.6844,2.9402
102.1012,0.7779,3.3451
102.1014,0.6575,2.834
102.1016,0.6692,2.8815
102.1018,0.6483,2.7916
102.1020,0.6284,2.7072
102.1022,0.6121,2.6369
102.1024,0.6194,2.6672
102.1026,0.601,2.5877
102.1028,0.5995,2.5815
102.1030,0.6257,2.6978
102.1032,0.5289,2.2837
102.1034,0.4926,2.1259
102.1036,0.4923,2.1229
102.1038,0.548,2.3606
102.1040,0.5228,2.2553
102.1042,0.4948,2.1357
102.1044,0.4928,2.1259
102.1046,0.492,2.1233
102.1048,0.4899,2.1135
102.1050,0.5125,2.2087
102.1052,0.562,2.4199
102.1054,0.5346,2.3065
102.1056,0.4833,2.0851
102.1058,0.4801,2.0692
102.1060,0.4855,2.0944
102.1062,0.5063,2.1844
102.1064,0.5207,2.2444
102.1066,0.5608,2.4147
102.1068,0.6165,2.6561
102.1070,0.5825,2.5105
102.1072,0.5791,2.4914
102.1074,0.6688,2.8759
102.1076,0.7134,3.0691
102.1078,0.7192,3.0925
102.1080,0.7331,3.1508
102.1082,0.7747,3.3296
102.1084,0.831,3.5635
102.1086,0.9519,4.0799
102.1088,0.9604,4.1144
102.1090,0.9662,4.141
102.1092,0.9288,3.9807
102.1094,0.9294,3.9833
102.1096,0.9802,4.2031
102.1098,0.9589,4.1116
102.1100,0.8988,3.8486
102.1102,1.0145,4.3441
102.1104,1.0097,4.3276
102.1106,0.9181,3.9368
102.1108,0.8454,3.6303
102.1110,0.8189,3.5181
102.1112,0.8792,3.7755
102.1114,0.8655,3.7163
102.1116,0.826,3.5452
102.1118,0.841,3.6112
102.1120,0.8015,3.4467
102.1122,0.7759,3.3301
102.1124,0.8629,3.7037
102.1126,0.7917,3.4075
102.1128,0.7337,3.1592
102.1130,0.6727,2.8951
102.1132,0.6657,2.8638
102.1134,0.7217,3.1062
102.1136,0.7306,3.1429
102.1138,0.6918,2.9735
102.1140,0.755,3.2451
102.1142,0.7866,3.3838
102.1144,0.7674,3.3013
102.1146,0.7673,3.2977
102.1148,0.7611,3.2744
102.1150,0.7457,3.2064
102.1152,0.7533,3.2454
102.1154,0.6344,2.7317
102.1156,0.6507,2.7994
102.1158,0.712,3.0629
102.1160,0.7866,3.3806
102.1162,0.7792,3.3492
102.1164,0.7418,3.1958
102.1166,0.6839,2.9436
102.1168,0.6858,2.9505
102.1170,0.6808,2.9316
102.1172,0.6807,2.931
102.1174,0.6938,2.9845
102.1176,0.745,3.2018
102.1178,0.7692,3.3075
102.1180,0.7498,3.2254
102.1182,0.7356,3.1646
102.1184,0.7302,3.1399
102.1186,0.7652,3.2904
102.1188,0.749,3.2178
102.1190,0.7469,3.2101
102.1192,0.7482,3.2217
102.1194,0.7968,3.4197
102.1196,0.8604,3.6912
102.1198,0.9114,3.9116
102.1200,0.9198,3.9458
102.1202,0.9032,3.8803
102.1204,0.784,3.3698
102.1206,0.732,3.1506
102.1208,0.7134,3.0649
102.1210,0.8279,3.5601
102.1212,0.8113,3.49
102.1214,0.6965,2.9992
102.1216,0.6635,2.8585
102.1218,0.6523,2.8087
102.1220,0.6518,2.8053
102.1222,0.7241,3.1165
102.1224,0.7499,3.2274
102.1226,0.7239,3.114
102.1228,0.6999,3.0122
102.1230,0.6828,2.9431
102.1232,0.6286,2.7082
102.1234,0.626,2.6981
102.1236,0.615,2.6506
102.1238,0.6231,2.682
102.1240,0.6673,2.8745
102.1242,0.6338,2.7304
102.1244,0.628,2.7056
102.1246,0.6271,2.6965
102.1248,0.6699,2.8886
102.1250,0.5733,2.4707
102.1252,0.5563,2.4001
102.1254,0.5809,2.5026
102.1256,0.6307,2.7208
102.1258,0.5537,2.3865
102.1260,0.5565,2.3995
102.1262,0.5441,2.3462
102.1264,0.5765,2.487
102.1266,0.5578,2.4052
102.1268,0.5507,2.3736
102.1270,0.548,2.3639
102.1272,0.5448,2.3515
102.1274,0.5448,2.3493
102.1276,0.5447,2.3477
102.1278,0.5456,2.3524
102.1280,0.5464,2.3561
102.1282,0.5436,2.3453
102.1284,0.5448,2.3504
102.1286,0.5457,2.3508
102.1288,0.6227,2.6762
102.1290,0.7557,3.2497
102.1292,0.7881,3.3889
102.1294,0.6957,2.9942
102.1296,0.6062,2.6128
102.1298,0.5728,2.4618
102.1300,0.6589,2.8384
102.1302,0.6436,2.7715
102.1304,0.677,2.9137
102.1306,0.6399,2.7517
102.1308,0.712,3.0615
102.1310,0.7771,3.3399
102.1312,0.7778,3.343
102.1314,0.7675,3.3018
102.1316,0.6712,2.8903
102.1318,0.6402,2.7578
102.1320,0.6398,2.7511
102.1322,0.7834,3.361
102.1324,0.856,3.6842
102.1326,0.6773,2.9179
102.1328,0.6381,2.749
102.1330,0.6514,2.8038
102.1332,0.6568,2.827
102.1334,0.6713,2.8908
102.1336,0.6444,2.7772
102.1338,0.5556,2.397
102.1340,0.5604,2.4154
102.1342,0.6051,2.6046
102.1344,0.6284,2.7084
102.1346,0.599,2.5806
102.1348,0.6077,2.6154
102.1350,0.6201,2.6728
102.1352,0.5897,2.5439
102.1354,0.6222,2.6741
102.1356,0.7296,3.1359
102.1358,0.7963,3.424
102.1360,0.7541,3.2425
102.1362,0.697,2.9971
102.1364,0.7047,3.0301
102.1366,0.7213,3.1046
102.1368,0.6759,2.909
102.1370,0.6904,2.9701
102.1372,0.6904,2.9742
102.1374,0.6182,2.662
102.1376,0.6333,2.7271
102.1378,0.6827,2.9425
102.1380,0.6061,2.6111
102.1382,0.5824,2.5077
102.1384,0.5861,2.526
102.1386,0.6114,2.6363
102.1388,0.6103,2.6267
102.1390,0.6468,2.7836
102.1392,0.6597,2.8367
102.1394,0.7266,3.1244
102.1396,0.7038,3.0236
102.1398,0.7382,3.1715
102.1400,0.774,3.3265
102.1402,0.7645,3.2919
102.1404,0.664,2.8566
102.1406,0.7381,3.1754
102.1408,0.7567,3.2493
102.1410,0.8179,3.5086
102.1412,0.8343,3.5791
102.1414,0.855,3.6715
102.1416,0.8603,3.689
102.1418,0.9646,4.1382
102.1420,0.971,4.1616
102.1422,0.9468,4.0578
102.1424,0.9509,4.0796
102.1426,0.947,4.055
102.1428,1.0133,4.343
102.1430,0.9825,4.2129
102.1432,0.9589,4.1097
102.1434,0.9737,4.1734
102.1436,0.9959,4.2685
102.1438,1.0277,4.4006
102.1440,1.0738,4.5982
102.1442,0.9694,4.1627
102.1444,0.8801,3.7791
102.1446,0.8899,3.8231
102.1448,0.889,3.819
102.1450,0.8484,3.6432
102.1452,0.8632,3.7117
102.1454,0.8224,3.5298
102.1456,0.8602,3.6953
102.1458,0.7821,3.3694
102.1460,0.6489,2.7994
102.1462,0.5824,2.51
102.1464,0.6024,2.5987
102.1466,0.605,2.6065
102.1468,0.6471,2.7891
102.1470,0.6123,2.638
102.1472,0.6189,2.6676
102.1474,0.6315,2.7206
102.1476,0.6834,2.9388
102.1478,0.7647,3.293
102.1480,0.7266,3.1288
102.1482,0.6763,2.9146
102.1484,0.5801,2.5013
102.1486,0.5769,2.4851
102.1488,0.649,2.7921
102.1490,0.7258,3.1252
102.1492,0.6691,2.8823
102.1494,0.5784,2.4929
102.1496,0.5845,2.5193
102.1498,0.5838,2.5185
102.1500,0.5668,2.444
102.1502,0.5868,2.5291
102.1504,0.5679,2.4475
102.1506,0.6113,2.6382
102.1508,0.5357,2.31
102.1510,0.5085,2.1937
102.1512,0.5218,2.2511
102.1514,0.5319,2.2956
102.1516,0.5583,2.4084
102.1518,0.594,2.5589
102.1520,0.6508,2.7999
102.1522,0.7249,3.1216
102.1524,0.6513,2.8045
102.1526,0.5356,2.3095
102.1528,0.5109,2.2051
102.1530,0.5133,2.2154
102.1532,0.5098,2.1994
102.1534,0.5119,2.2123
102.1536,0.4287,1.8526
102.1538,0.3995,1.7275
102.1540,0.4245,1.8294
102.1542,0.5489,2.3691
102.1544,0.4729,2.042
102.1546,0.4403,1.902
102.1548,0.4291,1.8547
102.1550,0.4272,1.8447
102.1552,0.4283,1.8502
102.1554,0.4423,1.9099
102.1556,0.4704,2.0302
102.1558,0.4526,1.9536
102.1560,0.4689,2.0221
102.1562,0.5326,2.2945
102.1564,0.5591,2.4097
102.1566,0.5646,2.4346
102.1568,0.5677,2.447
102.1570,0.562,2.421
102.1572,0.5713,2.4579
102.1574,0.6156,2.6507
102.1576,0.5894,2.5393
102.1578,0.5765,2.4824
102.1580,0.631,2.716
102.1582,0.6099,2.6289
102.1584,0.5693,2.4537
102.1586,0.5683,2.4495
102.1588,0.559,2.407
102.1590,0.5644,2.4302
102.1592,0.6241,2.6836
102.1594,0.6923,2.9756
102.1596,0.7168,3.0821
102.1598,0.6994,3.013
102.1600,0.6231,2.6832
102.1602,0.6113,2.6321
102.1604,0.6286,2.7082
102.1606,0.5306,2.2889
102.1608,0.502,2.1648
102.1610,0.5577,2.4035
102.1612,0.5516,2.3761
102.1614,0.55,2.3694
102.1616,0.5947,2.5632
102.1618,0.6255,2.691
102.1620,0.6482,2.7911
102.1622,0.5483,2.3665
102.1624,0.4647,2.0049
102.1626,0.4568,1.9698
102.1628,0.4593,1.9816
102.1630,0.4665,2.0145
102.1632,0.4498,1.942
102.1634,0.453,1.9524
102.1636,0.5096,2.1984
102.1638,0.456,1.9662
102.1640,0.4958,2.1379
102.1642,0.5573,2.4009
102.1644,0.5617,2.4189
102.1646,0.5916,2.5474
102.1648,0.5759,2.4844
102.1650,0.5391,2.3234
102.1652,0.6047,2.6049
102.1654,0.526,2.2671
102.1656,0.551,2.3757
102.1658,0.5129,2.2108
102.1660,0.5123,2.2082
102.1662,0.5155,2.2237
102.1664,0.476,2.0545
102.1666,0.4838,2.0862
102.1668,0.4789,2.064
102.1670,0.4862,2.0965
102.1672,0.5147,2.2185
102.1674,0.5093,2.1943
102.1676,0.5372,2.3152
102.1678,0.4922,2.1204
102.1680,0.4524,1.9534
102.1682,0.3827,1.6542
102.1684,0.3784,1.6347
102.1686,0.3751,1.6195
102.1688,0.3942,1.7008
102.1690,0.461,1.9861
102.1692,0.512,2.2067
102.1694,0.485,2.0894
102.1696,0.4935,2.1271
102.1698,0.4965,2.141
102.1700,0.4934,2.1265
102.1702,0.5001,2.1545
102.1704,0.5644,2.4268
102.1706,0.6712,2.8835
102.1708,0.6737,2.8957
102.1710,0.6417,2.7594
102.1712,0.6501,2.7994
102.1714,0.594,2.5625
102.1716,0.4878,2.1042
102.1718,0.4671,2.0134
102.1720,0.4868,2.0981
102.1722,0.492,2.1203
102.1724,0.5025,2.1648
102.1726,0.5345,2.3017
102.1728,0.5577,2.4002
102.1730,0.5977,2.5726
102.1732,0.5598,2.4106
102.1734,0.5916,2.5439
102.1736,0.7117,3.0591
102.1738,0.7137,3.063
102.1740,0.747,3.2031
102.1742,0.79,3.3908
102.1744,0.7812,3.3559
102.1746,0.7567,3.2508
102.1748,0.7289,3.1357
102.1750,0.6874,2.9531
102.1752,0.7507,3.2235
102.1754,0.7981,3.4237
102.1756,0.7745,3.3255
102.1758,0.7533,3.2304
102.1760,0.8173,3.506
102.1762,0.8059,3.4572
102.1764,0.896,3.8368
102.1766,0.9481,4.0672
102.1768,0.8712,3.734
102.1770,0.8492,3.6395
102.1772,0.9663,4.1415
102.1774,0.9288,3.9825
102.1776,0.8761,3.7533
102.1778,0.9381,4.0133
102.1780,1.0045,4.3015
102.1782,0.9906,4.2518
102.1784,0.85,3.6516
102.1786,0.7711,3.3049
102.1788,0.8929,3.8235
102.1790,0.9131,3.917
102.1792,0.917,3.9285
102.1794,1.0067,4.3107
102.1796,1.0212,4.3708
102.1798,1.0822,4.6342
102.1800,1.0137,4.3506
102.1802,0.9197,3.938
102.1804,0.9611,4.1175
102.1806,0.959,4.1102
102.1808,0.974,4.1725
102.1810,0.9788,4.195
102.1812,0.9926,4.2541
102.1814,1.008,4.3204
102.1816,0.9629,4.1272
102.1818,0.9372,4.0148
102.1820,0.9115,3.9103
102.1822,0.8745,3.7531
102.1824,0.8488,3.6447
102.1826,0.8699,3.7353
102.1828,0.9015,3.864
102.1830,0.9402,4.0427
102.1832,0.8069,3.465
102.1834,0.7814,3.3569
102.1836,0.7495,3.2229
102.1838,0.6816,2.9338
102.1840,0.6933,2.9797
102.1842,0.7553,3.2492
102.1844,0.7611,3.2699
102.1846,0.8013,3.4456
102.1848,0.7418,3.1944
102.1850,0.7471,3.2081
102.1852,0.8348,3.5828
102.1854,0.8523,3.6562
102.1856,0.8652,3.717
102.1858,0.7893,3.3957
102.1860,0.7704,3.3172
102.1862,0.6966,2.9983
102.1864,0.6982,3.0064
102.1866,0.6948,2.9906
102.1868,0.6583,2.8332
102.1870,0.6602,2.8414
102.1872,0.6668,2.8698
102.1874,0.6679,2.8758
102.1876,0.6622,2.8515
102.1878,0.6705,2.8872
102.1880,0.6735,2.9001
102.1882,0.7031,3.0234
102.1884,0.6857,2.95
102.1886,0.6415,2.7635
102.1888,0.5851,2.5242
102.1890,0.5905,2.5451
102.1892,0.632,2.724
102.1894,0.6282,2.7049
102.1896,0.6302,2.7149
102.1898,0.6307,2.7157
102.1900,0.6297,2.7104
102.1902,0.6307,2.7157
102.1904,0.6351,2.7361
102.1906,0.6344,2.7343
102.1908,0.6375,2.7452
102.1910,0.6652,2.8631
102.1912,0.6733,2.9004
102.1914,0.6296,2.7136
102.1916,0.6181,2.6566
102.1918,0.7258,3.1223
102.1920,0.6824,2.9396
102.1922,0.6387,2.7516
102.1924,0.6133,2.6433
102.1926,0.5426,2.3384
102.1928,0.5366,2.3147
102.1930,0.5354,2.3096
102.1932,0.5356,2.3085
102.1934,0.5468,2.3554
102.1936,0.5538,2.387
102.1938,0.5297,2.2863
102.1940,0.5206,2.248
102.1942,0.5275,2.2754
102.1944,0.5195,2.2413
102.1946,0.514,2.2144
102.1948,0.5723,2.4643
102.1950,0.6565,2.8228
102.1952,0.714,3.0717
102.1954,0.6856,2.9536
102.1956,0.5795,2.4964
102.1958,0.5845,2.517
102.1960,0.6906,2.9725
102.1962,0.6806,2.9264
102.1964,0.6952,2.9907
102.1966,0.6688,2.8746
102.1968,0.7044,3.0304
102.1970,0.6908,2.9716
102.1972,0.7364,3.1682
102.1974,0.7617,3.2755
102.1976,0.7591,3.2626
102.1978,0.6878,2.9615
102.1980,0.6379,2.7467
102.1982,0.6791,2.9175
102.1984,0.7902,3.3914
102.1986,0.7958,3.4235
102.1988,0.6743,2.905
102.1990,0.6489,2.7916
102.1992,0.6686,2.8749
102.1994,0.7,3.0114
102.1996,0.6998,3.0117
102.1998,0.6348,2.7358
102.2000,0.5572,2.4004
102.2002,0.5972,2.5717
102.2004,0.6054,2.6068
102.2006,0.6008,2.5908
102.2008,0.5946,2.5651
102.2010,0.5602,2.4144
102.2012,0.5809,2.505
102.2014,0.6025,2.5932
102.2016,0.6128,2.6425
102.2018,0.5609,2.4164
102.2020,0.5661,2.4397
102.2022,0.5703,2.4612
102.2024,0.4996,2.1554
102.2026,0.4878,2.1042
102.2028,0.4869,2.1016
102.2030,0.4947,2.1342
102.2032,0.4929,2.1255
102.2034,0.5018,2.1637
102.2036,0.5476,2.3568
102.2038,0.6459,2.7787
102.2040,0.6809,2.9321
102.2042,0.6989,3.0025
102.2044,0.7439,3.1957
102.2046,0.7205,3.1025
102.2048,0.6487,2.7919
102.2050,0.6354,2.7359
102.2052,0.599,2.583
102.2054,0.4916,2.1227
102.2056,0.4769,2.0581
102.2058,0.484,2.0872
102.2060,0.514,2.2154
102.2062,0.5602,2.4122
102.2064,0.5974,2.5758
102.2066,0.5593,2.4097
102.2068,0.5573,2.3975
102.2070,0.6159,2.6473
102.2072,0.7116,3.0614
102.2074,0.6896,2.9637
102.2076,0.7294,3.1348
102.2078,0.7671,3.2972
102.2080,0.7749,3.3276
102.2082,0.7621,3.2755
102.2084,0.755,3.2406
102.2086,0.8224,3.5314
102.2088,0.7674,3.3013
102.2090,0.6938,2.9832
102.2092,0.7126,3.0598
102.2094,0.8411,3.6101
102.2096,0.8917,3.8219
102.2098,0.9042,3.8771
102.2100,0.8946,3.8324
102.2102,0.9589,4.1078
102.2104,0.9249,3.9605
102.2106,0.9388,4.0351
102.2108,0.8315,3.5689
102.2110,0.8794,3.7742
102.2112,0.8509,3.6557
102.2114,0.8087,3.4744
102.2116,0.8054,3.4599
102.2118,0.7607,3.2708
102.2120,0.7406,3.1818
102.2122,0.7553,3.2492
102.2124,0.7665,3.293
102.2126,0.7791,3.3471
102.2128,0.8397,3.6073
102.2130,0.8186,3.5166
102.2132,0.811,3.4809
102.2134,0.8206,3.5204
102.2136,0.8616,3.7032
102.2138,0.785,3.3755
102.2140,0.8466,3.6337
102.2142,0.8709,3.7412
102.2144,0.8024,3.4487
102.2146,0.7626,3.2791
102.2148,0.6922,2.9765
102.2150,0.7057,3.0361
102.2152,0.6959,2.9924
102.2154,0.745,3.2018
102.2156,0.7468,3.211
102.2158,0.7922,3.4064
102.2160,0.7574,3.2569
102.2162,0.7746,3.326
102.2164,0.8003,3.4367
102.2166,0.8027,3.4518
102.2168,0.7977,3.4318
102.2170,0.7547,3.2481
102.2172,0.6824,2.9383
102.2174,0.7274,3.1309
102.2176,0.7452,3.2014
102.2178,0.7683,3.3038
102.2180,0.7274,3.1251
102.2182,0.7517,3.2307
102.2184,0.7887,3.3868
102.2186,0.7963,3.424
102.2188,0.7795,3.3502
102.2190,0.7711,3.3142
102.2192,0.773,3.3224
102.2194,0.8108,3.4847
102.2196,0.7971,3.4276
102.2198,0.8098,3.4822
102.2200,0.7644,3.2853
102.2202,0.7565,3.2558
102.2204,0.7779,3.3451
102.2206,0.8021,3.446
102.2208,0.8056,3.4594
102.2210,0.8005,3.4388
102.2212,0.7604,3.2744
102.2214,0.7129,3.0685
102.2216,0.7251,3.1163
102.2218,0.8085,3.4766
102.2220,0.8373,3.6037
102.2222,0.7374,3.1752
102.2224,0.673,2.898
102.2226,0.5583,2.4084
102.2228,0.531,2.2888
102.2230,0.5663,2.4419
102.2232,0.5598,2.4162
102.2234,0.5593,2.4141
102.2236,0.5593,2.413
102.2238,0.548,2.3617
102.2240,0.5617,2.4211
102.2242,0.6138,2.6466
102.2244,0.5718,2.4657
102.2246,0.548,2.3628
102.2248,0.5129,2.2118
102.2250,0.5986,2.5822
102.2252,0.5659,2.4415
102.2254,0.4904,2.1166
102.2256,0.4763,2.0574
102.2258,0.4597,1.985
102.2260,0.4591,1.9806
102.2262,0.4616,1.9915
102.2264,0.4924,2.1244
102.2266,0.5378,2.321
102.2268,0.4794,2.0699
102.2270,0.4559,1.9694
102.2272,0.4468,1.9309
102.2274,0.445,1.9204
102.2276,0.4415,1.9063
102.2278,0.4459,1.9246
102.2280,0.4468,1.9282
102.2282,0.4504,1.9455
102.2284,0.4454,1.9243
102.2286,0.4484,1.9363
102.2288,0.447,1.9292
102.2290,0.4481,1.9339
102.2292,0.4813,2.0772
102.2294,0.4917,2.1233
102.2296,0.4466,1.9268
102.2298,0.4405,1.9022
102.2300,0.4438,1.9144
102.2302,0.4489,1.9384
102.2304,0.4604,1.9863
102.2306,0.5167,2.2268
102.2308,0.5534,2.3816
102.2310,0.5884,2.5335
102.2312,0.5631,2.4268
102.2314,0.5647,2.4363
102.2316,0.4813,2.0734
102.2318,0.5328,2.2987
102.2320,0.4605,1.9859
102.2322,0.4789,2.0659
102.2324,0.4561,1.9677
102.2326,0.4364,1.8828
102.2328,0.4544,1.9595
102.2330,0.461,1.9889
102.2332,0.4551,1.9635
102.2334,0.4532,1.9552
102.2336,0.4227,1.8233
102.2338,0.4375,1.8866
102.2340,0.5047,2.1761
102.2342,0.4903,2.1141
102.2344,0.4721,2.0364
102.2346,0.4993,2.1539
102.2348,0.4808,2.0732
102.2350,0.4875,2.1003
102.2352,0.5792,2.4896
102.2354,0.7017,3.0158
102.2356,0.6554,2.8182
102.2358,0.6528,2.8081
102.2360,0.6283,2.7067
102.2362,0.6446,2.7705
102.2364,0.6924,2.9761
102.2366,0.6922,2.9765
102.2368,0.671,2.8839
102.2370,0.7223,3.1059
102.2372,0.7173,3.0856
102.2374,0.6777,2.9141
102.2376,0.6742,2.8978
102.2378,0.6826,2.9352
102.2380,0.7026,3.0171
102.2382,0.7478,3.2142
102.2384,0.6939,2.9823
102.2386,0.6788,2.9214
102.2388,0.6325,2.721
102.2390,0.6215,2.676
102.2392,0.6099,2.6276
102.2394,0.6217,2.672
102.2396,0.732,3.1403
102.2398,0.7801,3.3544
102.2400,0.7386,3.1715
102.2402,0.7804,3.3497
102.2404,0.7668,3.2895
102.2406,0.8277,3.5557
102.2408,0.7791,3.3487
102.2410,0.7857,3.3739
102.2412,0.7959,3.4161
102.2414,0.7986,3.4274
102.2416,0.837,3.5859
102.2418,0.946,4.049
102.2420,0.9649,4.1296
102.2422,0.9902,4.2418
102.2424,1.0333,4.4267
102.2426,1.0439,4.472
102.2428,0.9567,4.1043
102.2430,0.9187,3.9412
102.2432,0.8366,3.5955
102.2434,0.7418,3.1869
102.2436,0.7593,3.2606
102.2438,0.8276,3.5536
102.2440,0.8445,3.6245
102.2442,0.8541,3.6639
102.2444,0.8927,3.8278
102.2446,0.8896,3.8215
102.2448,0.8432,3.6188
102.2450,0.865,3.7108
102.2452,0.847,3.6404
102.2454,0.8416,3.6121
102.2456,0.8659,3.7201
102.2458,0.846,3.6312
102.2460,0.8489,3.6486
102.2462,0.7721,3.3167
102.2464,0.7978,3.4259
102.2466,0.8243,3.5413
102.2468,0.8735,3.749
102.2470,0.8872,3.8077
102.2472,0.8626,3.7022
102.2474,0.8279,3.5535
102.2476,0.8428,3.6223
102.2478,0.809,3.4754
102.2480,0.8156,3.5054
102.2482,0.7904,3.3955
102.2484,0.7391,3.178
102.2486,0.743,3.1965
102.2488,0.7673,3.2992
102.2490,0.7742,3.3245
102.2492,0.8161,3.509
102.2494,0.7663,3.2905
102.2496,0.7706,3.3121
102.2498,0.7667,3.2951
102.2500,0.8061,3.4614
102.2502,0.8156,3.5086
102.2504,0.7632,3.2801
102.2506,0.8035,3.4501
102.2508,0.826,3.5502
102.2510,0.8053,3.4626
102.2512,0.7599,3.2678
102.2514,0.7502,3.2275
102.2516,0.756,3.2523
102.2518,0.805,3.4616
102.2520,0.8074,3.4735
102.2522,0.758,3.261
102.2524,0.7462,3.21
102.2526,0.6813,2.9336
102.2528,0.6804,2.93
102.2530,0.7093,3.0473
102.2532,0.8085,3.4749
102.2534,0.841,3.6112
102.2536,0.9027,3.8746
102.2538,0.8542,3.6747
102.2540,0.7187,3.0918
102.2542,0.7018,3.0191
102.2544,0.7084,3.0461
102.2546,0.7446,3.2077
102.2548,0.7007,3.0173
102.2550,0.6962,2.9921
102.2552,0.7452,3.2088
102.2554,0.7159,3.08
102.2556,0.7779,3.342
102.2558,0.8249,3.5439
102.2560,0.8388,3.6053
102.2562,0.84,3.6088
102.2564,0.8404,3.6137
102.2566,0.8547,3.6682
102.2568,0.9101,3.9078
102.2570,0.8957,3.8442
102.2572,0.882,3.7873
102.2574,0.8292,3.5674
102.2576,0.7663,3.2951
102.2578,0.7595,3.2672
102.2580,0.8259,3.548
102.2582,0.8392,3.6069
102.2584,0.8024,3.4503
102.2586,0.7538,3.243
102.2588,0.7476,3.2191
102.2590,0.6905,2.972
102.2592,0.6749,2.9049
102.2594,0.6848,2.95
102.2596,0.632,2.7277
102.2598,0.5587,2.4082
102.2600,0.6441,2.7749
102.2602,0.6177,2.6637
102.2604,0.5626,2.427
102.2606,0.5433,2.3459
102.2608,0.5462,2.3572
102.2610,0.5601,2.4128
102.2612,0.6267,2.7
102.2614,0.7053,3.0369
102.2616,0.7173,3.0885
102.2618,0.6697,2.8835
102.2620,0.6396,2.7501
102.2622,0.7429,3.199
102.2624,0.6772,2.9161
102.2626,0.659,2.8389
102.2628,0.6531,2.8136
102.2630,0.6543,2.8201
102.2632,0.6505,2.8022
102.2634,0.6565,2.8267
102.2636,0.6742,2.9018
102.2638,0.7222,3.1053
102.2640,0.7876,3.3806
102.2642,0.8774,3.773
102.2644,0.8055,3.4669
102.2646,0.7916,3.396
102.2648,0.928,3.9813
102.2650,0.8683,3.7373
102.2652,0.7921,3.4028
102.2654,0.8309,3.573
102.2656,0.7719,3.3162
102.2658,0.8457,3.6347
102.2660,0.8414,3.6162
102.2662,0.7851,3.3776
102.2664,0.6936,2.991
102.2666,0.6203,2.6745
102.2668,0.6135,2.6444
102.2670,0.6123,2.638
102.2672,0.6135,2.6456
102.2674,0.6095,2.628
102.2676,0.6454,2.7831
102.2678,0.6147,2.6495
102.2680,0.6099,2.6252
102.2682,0.7095,3.0507
102.2684,0.7228,3.1094
102.2686,0.6891,2.9658
102.2688,0.6442,2.7805
102.2690,0.5423,2.3396
102.2692,0.5339,2.3023
102.2694,0.5277,2.2743
102.2696,0.5617,2.4245
102.2698,0.5295,2.2832
102.2700,0.5745,2.4759
102.2702,0.59,2.5443
102.2704,0.5501,2.3732
102.2706,0.5153,2.2222
102.2708,0.5284,2.2796
102.2710,0.536,2.3132
102.2712,0.5209,2.247
102.2714,0.5379,2.3172
102.2716,0.5754,2.4789
102.2718,0.5836,2.5163
102.2720,0.5965,2.5722
102.2722,0.6051,2.6058
102.2724,0.6535,2.8125
102.2726,0.6573,2.8317
102.2728,0.7005,3.0148
102.2730,0.7278,3.1296
102.2732,0.7257,3.1174
102.2734,0.7797,3.3497
102.2736,0.8457,3.6296
102.2738,0.9105,3.908
102.2740,0.8651,3.7113
102.2742,0.8765,3.7654
102.2744,0.8272,3.5504
102.2746,0.9259,3.9665
102.2748,1.0368,4.4354
102.2750,1.0914,4.671
102.2752,1.1286,4.8216
102.2754,1.1954,5.1093
102.2756,1.1856,5.072
102.2758,1.1946,5.1081
102.2760,1.176,5.0333
102.2762,1.1673,4.9935
102.2764,1.1605,4.9625
102.2766,1.143,4.8876
102.2768,1.1924,5.1012
102.2770,1.1405,4.8791
102.2772,1.1265,4.8326
102.2774,1.0721,4.5927
102.2776,1.0589,4.5319
102.2778,1.1042,4.7325
102.2780,1.0354,4.4458
102.2782,0.9203,3.9534
102.2784,0.9412,4.036
102.2786,1.0265,4.3975
102.2788,1.0938,4.6966
102.2790,0.9241,3.9736
102.2792,0.8262,3.5496
102.2794,0.9342,4.0076
102.2796,0.962,4.1307
102.2798,0.9007,3.8694
102.2800,0.8241,3.5469
102.2802,0.8432,3.6256
102.2804,0.8381,3.6089
102.2806,0.7562,3.2533
102.2808,0.8615,3.7062
102.2810,0.8512,3.6601
102.2812,0.778,3.3487
102.2814,0.7121,3.0663
102.2816,0.7087,3.0519
102.2818,0.7349,3.1659
102.2820,0.6881,2.9672
102.2822,0.6709,2.8914
102.2824,0.6469,2.7906
102.2826,0.6898,2.9675
102.2828,0.7715,3.3219
102.2830,0.7271,3.1338
102.2832,0.6514,2.8051
102.2834,0.705,3.0373
102.2836,0.6977,3.0085
102.2838,0.6713,2.8935
102.2840,0.6513,2.8072
102.2842,0.6044,2.6087
102.2844,0.5279,2.2817
102.2846,0.5159,2.2227
102.2848,0.6724,2.8927
102.2850,0.7198,3.1051
102.2852,0.5892,2.543
102.2854,0.5627,2.4241
102.2856,0.6352,2.743
102.2858,0.5416,2.3397
102.2860,0.4972,2.1461
102.2862,0.5439,2.3463
102.2864,0.5089,2.1973
102.2866,0.5073,2.1926
102.2868,0.4951,2.1387
102.2870,0.4998,2.1559
102.2872,0.5054,2.1833
102.2874,0.5059,2.1833
102.2876,0.509,2.1988
102.2878,0.4255,1.8392
102.2880,0.4209,1.8139
102.2882,0.6161,2.6552
102.2884,0.6071,2.6201
102.2886,0.467,2.0194
102.2888,0.4432,1.9153
102.2890,0.4779,2.0637
102.2892,0.4646,2.0062
102.2894,0.4579,1.9772
102.2896,0.4486,1.9387
102.2898,0.4428,1.9129
102.2900,0.445,1.9213
102.2902,0.444,1.919
102.2904,0.4423,1.9126
102.2906,0.4327,1.8685
102.2908,0.4416,1.9077
102.2910,0.4441,1.9195
102.2912,0.4373,1.8891
102.2914,0.4331,1.8701
102.2916,0.4318,1.8644
102.2918,0.4432,1.9145
102.2920,0.4442,1.9182
102.2922,0.4361,1.883
102.2924,0.4318,1.8652
102.2926,0.433,1.8704
102.2928,0.4605,1.9886
102.2930,0.5125,2.2118
102.2932,0.4638,2.0026
102.2934,0.437,1.8872
102.2936,0.4351,1.8789
102.2938,0.4446,1.9189
102.2940,0.446,1.9269
102.2942,0.4372,1.8886
102.2944,0.4325,1.8666
102.2946,0.4346,1.8759
102.2948,0.5035,2.17
102.2950,0.5463,2.3544
102.2952,0.5296,2.2847
102.2954,0.5024,2.1643
102.2956,0.5679,2.4475
102.2958,0.5885,2.5364
102.2960,0.5923,2.5482
102.2962,0.6234,2.6855
102.2964,0.6074,2.6156
102.2966,0.64,2.7522
102.2968,0.6628,2.8554
102.2970,0.6206,2.6711
102.2972,0.6572,2.8272
102.2974,0.7039,3.0228
102.2976,0.7737,3.3255
102.2978,0.7465,3.213
102.2980,0.6712,2.8876
102.2982,0.6945,2.9904
102.2984,0.6369,2.7426
102.2986,0.6468,2.7849
102.2988,0.5923,2.5529
102.2990,0.5593,2.413
102.2992,0.5563,2.3967
102.2994,0.5604,2.4154
102.2996,0.5439,2.3441
102.2998,0.536,2.3111
102.3000,0.5316,2.2893
102.3002,0.5939,2.5561
102.3004,0.6132,2.6416
102.3006,0.6288,2.7075
102.3008,0.6553,2.8203
102.3010,0.5951,2.5648
102.3012,0.5292,2.28
102.3014,0.5687,2.45
102.3016,0.5656,2.4354
102.3018,0.6005,2.5844
102.3020,0.6005,2.588
102.3022,0.5839,2.5156
102.3024,0.6017,2.5908
102.3026,0.5629,2.4274
102.3028,0.5089,2.1942
102.3030,0.5682,2.4467
102.3032,0.6149,2.6464
102.3034,0.6113,2.6284
102.3036,0.6442,2.7715
102.3038,0.6525,2.8084
102.3040,0.6533,2.8172
102.3042,0.5266,2.2729
102.3044,0.4769,2.0581
102.3046,0.4718,2.0345
102.3048,0.4795,2.0676
102.3050,0.4918,2.1208
102.3052,0.5463,2.3534
102.3054,0.5421,2.3331
102.3056,0.5356,2.3095
102.3058,0.5004,2.1565
102.3060,0.5296,2.2826
102.3062,0.5814,2.5035
102.3064,0.5718,2.4611
102.3066,0.5754,2.4777
102.3068,0.6543,2.8109
102.3070,0.7344,3.155
102.3072,0.7073,3.0386
102.3074,0.7312,3.1426
102.3076,0.679,2.9238
102.3078,0.6601,2.8356
102.3080,0.801,3.4329
102.3082,0.8932,3.8281
102.3084,0.8824,3.7836
102.3086,0.9084,3.8933
102.3088,0.8924,3.825
102.3090,0.8831,3.7955
102.3092,0.7685,3.3044
102.3094,0.6963,2.9912
102.3096,0.7261,3.1195
102.3098,0.7436,3.1976
102.3100,0.7533,3.2349
102.3102,0.7597,3.2637
102.3104,0.7268,3.124
102.3106,0.7622,3.2776
102.3108,0.741,3.1878
102.3110,0.7102,3.0467
102.3112,0.7903,3.395
102.3114,0.7645,3.2828
102.3116,0.812,3.4834
102.3118,0.8935,3.8296
102.3120,0.8878,3.8103
102.3122,0.8342,3.5819
102.3124,0.7695,3.3105
102.3126,0.7879,3.3832
102.3128,0.8683,3.7269
102.3130,0.8924,3.8285
102.3132,0.8899,3.8124
102.3134,0.8683,3.7286
102.3136,0.8412,3.614
102.3138,0.7976,3.4281
102.3140,0.762,3.2719
102.3142,0.8117,3.4872
102.3144,0.7851,3.3729
102.3146,0.7822,3.359
102.3148,0.7764,3.3322
102.3150,0.8321,3.5715
102.3152,0.852,3.6535
102.3154,0.8819,3.7833
102.3156,0.8902,3.8223
102.3158,0.8665,3.7174
102.3160,0.8966,3.8483
102.3162,0.9069,3.8908
102.3164,0.938,4.0203
102.3166,0.9506,4.0799
102.3168,0.8935,3.8385
102.3170,0.8676,3.7255
102.3172,0.8496,3.6432
102.3174,0.9421,4.0396
102.3176,0.9221,3.9611
102.3178,0.8584,3.6859
102.3180,0.8561,3.6761
102.3182,0.8453,3.6332
102.3184,0.7724,3.3214
102.3186,0.783,3.3636
102.3188,0.8333,3.5766
102.3190,0.8346,3.5873
102.3192,0.8045,3.4579
102.3194,0.7737,3.327
102.3196,0.7992,3.4332
102.3198,0.8169,3.5127
102.3200,0.8264,3.5534
102.3202,0.7845,3.3797
102.3204,0.6855,2.9489
102.3206,0.6677,2.8739
102.3208,0.6664,2.8696
102.3210,0.6583,2.8371
102.3212,0.7029,3.0251
102.3214,0.7664,3.2925
102.3216,0.7697,3.3126
102.3218,0.7057,3.0375
102.3220,0.7543,3.2435
102.3222,0.8108,3.4864
102.3224,0.6976,3.0052
102.3226,0.6392,2.7524
102.3228,0.6331,2.7261
102.3230,0.6278,2.7059
102.3232,0.6336,2.7307
102.3234,0.6595,2.8357
102.3236,0.6821,2.9359
102.3238,0.6403,2.7596
102.3240,0.5933,2.557
102.3242,0.6206,2.6761
102.3244,0.554,2.3842
102.3246,0.6801,2.9244
102.3248,0.7873,3.3932
102.3250,0.6667,2.872
102.3252,0.6002,2.587
102.3254,0.5336,2.3029
102.3256,0.5457,2.3519
102.3258,0.567,2.4461
102.3260,0.5312,2.2904
102.3262,0.5279,2.2775
102.3264,0.5276,2.277
102.3266,0.532,2.2951
102.3268,0.5409,2.3334
102.3270,0.5427,2.3389
102.3272,0.5349,2.3064
102.3274,0.5358,2.3116
102.3276,0.5391,2.3245
102.3278,0.5525,2.3802
102.3280,0.612,2.6376
102.3282,0.583,2.5126
102.3284,0.5724,2.4694
102.3286,0.5603,2.4149
102.3288,0.6,2.5884
102.3290,0.5346,2.3043
102.3292,0.5251,2.263
102.3294,0.523,2.2563
102.3296,0.531,2.2899
102.3298,0.5251,2.264
102.3300,0.5344,2.3054
102.3302,0.5607,2.4153
102.3304,0.6212,2.6725
102.3306,0.6639,2.8561
102.3308,0.6526,2.8102
102.3310,0.6446,2.7705
102.3312,0.7435,3.1971
102.3314,0.6468,2.7888
102.3316,0.54,2.3297
102.3318,0.5282,2.2785
102.3320,0.526,2.2682
102.3322,0.5175,2.2315
102.3324,0.5187,2.2366
102.3326,0.5487,2.3648
102.3328,0.5688,2.4505
102.3330,0.5567,2.4016
102.3332,0.4936,2.1305
102.3334,0.494,2.1321
102.3336,0.5219,2.2516
102.3338,0.491,2.1172
102.3340,0.4795,2.0685
102.3342,0.5367,2.312
102.3344,0.6146,2.6416
102.3346,0.6851,2.946
102.3348,0.7484,3.2198
102.3350,0.6649,2.8629
102.3352,0.5989,2.5801
102.3354,0.6051,2.6058
102.3356,0.6613,2.8448
102.3358,0.6893,2.9655
102.3360,0.667,2.8668
102.3362,0.7011,3.0146
102.3364,0.6816,2.9338
102.3366,0.6524,2.8118
102.3368,0.5837,2.5134
102.3370,0.6146,2.6466
102.3372,0.6294,2.7088
102.3374,0.6899,2.9667
102.3376,0.6903,2.971
102.3378,0.6017,2.5932
102.3380,0.5692,2.452
102.3382,0.5674,2.4465
102.3384,0.5728,2.4664
102.3386,0.5862,2.523
102.3388,0.6615,2.8471
102.3390,0.6387,2.7503
102.3392,0.6445,2.77
102.3394,0.7075,3.041
102.3396,0.7056,3.0328
102.3398,0.6795,2.9218
102.3400,0.6796,2.9237
102.3402,0.7343,3.1589
102.3404,0.7499,3.2259
102.3406,0.6974,2.9986
102.3408,0.6849,2.9477
102.3410,0.6559,2.8215
102.3412,0.7613,3.2643
102.3414,0.8936,3.8301
102.3416,0.9284,3.9791
102.3418,0.925,3.9703
102.3420,0.8972,3.8491
102.3422,0.9029,3.8733
102.3424,0.8517,3.6571
102.3426,0.8056,3.4626
102.3428,0.785,3.3708
102.3430,0.8478,3.6406
102.3432,0.8176,3.5125
102.3434,0.7995,3.4347
102.3436,0.8286,3.5582
102.3438,0.8617,3.6951
102.3440,0.9029,3.8751
102.3442,0.8848,3.7974
102.3444,0.8637,3.7068
102.3446,0.8828,3.7909
102.3448,0.8598,3.6921
102.3450,0.8852,3.7995
102.3452,0.9232,3.9552
102.3454,0.9851,4.2222
102.3456,0.892,3.839
102.3458,0.7471,3.2111
102.3460,0.8039,3.4521
102.3462,0.8247,3.5445
102.3464,0.7834,3.3672
102.3466,0.8396,3.6084
102.3468,0.7903,3.3966
102.3470,0.78,3.3523
102.3472,0.782,3.3595
102.3474,0.8073,3.4682
102.3476,0.7616,3.275
102.3478,0.7531,3.2384
102.3480,0.7412,3.1903
102.3482,0.7598,3.2642
102.3484,0.7962,3.4235
102.3486,0.7778,3.3477
102.3488,0.7103,3.0557
102.3490,0.6665,2.8715
102.3492,0.6795,2.9245
102.3494,0.7254,3.1222
102.3496,0.6887,2.9643
102.3498,0.7083,3.0498
102.3500,0.7087,3.0519
102.3502,0.681,2.934
102.3504,0.6049,2.6059
102.3506,0.5942,2.5588
102.3508,0.5936,2.5574
102.3510,0.6376,2.747
102.3512,0.6734,2.9009
102.3514,0.6721,2.8925
102.3516,0.6777,2.9181
102.3518,0.6189,2.6676
102.3520,0.5839,2.5191
102.3522,0.5928,2.5526
102.3524,0.6862,2.9466
102.3526,0.8002,3.441
102.3528,0.7753,3.3384
102.3530,0.6898,2.9703
102.3532,0.6831,2.9373
102.3534,0.7507,3.2266
102.3536,0.7404,3.1882
102.3538,0.6706,2.8836
102.3540,0.7138,3.0707
102.3542,0.7498,3.2269
102.3544,0.7362,3.1642
102.3546,0.7882,3.3894
102.3548,0.7567,3.2584
102.3550,0.6826,2.9366
102.3552,0.7392,3.1756
102.3554,0.7855,3.3729
102.3556,0.8181,3.5162
102.3558,0.801,3.4473
102.3560,0.7685,3.3074
102.3562,0.7102,3.0538
102.3564,0.7268,3.124
102.3566,0.6896,2.9692
102.3568,0.6468,2.7888
102.3570,0.6259,2.6913
102.3572,0.668,2.879
102.3574,0.6363,2.7426
102.3576,0.6572,2.8298
102.3578,0.7186,3.0899
102.3580,0.7246,3.1171
102.3582,0.6432,2.7707
102.3584,0.5501,2.3732
102.3586,0.4916,2.1227
102.3588,0.4748,2.0502
102.3590,0.4989,2.1523
102.3592,0.4914,2.1217
102.3594,0.4692,2.0259
102.3596,0.4727,2.0409
102.3598,0.5041,2.1735
102.3600,0.5241,2.2609
102.3602,0.4716,2.0353
102.3604,0.5092,2.1948
102.3606,0.5661,2.4397
102.3608,0.5856,2.5204
102.3610,0.6429,2.7684
102.3612,0.6194,2.6697
102.3614,0.6016,2.5903
102.3616,0.6047,2.6073
102.3618,0.5595,2.4124
102.3620,0.5709,2.457
102.3622,0.6162,2.6545
102.3624,0.6489,2.7942
102.3626,0.6445,2.7738
102.3628,0.6533,2.8146
102.3630,0.6592,2.8399
102.3632,0.6405,2.7568
102.3634,0.6796,2.921
102.3636,0.6984,3.0061
102.3638,0.6557,2.821
102.3640,0.683,2.9395
102.3642,0.6739,2.8976
102.3644,0.7283,3.1389
102.3646,0.6045,2.6068
102.3648,0.5688,2.4527
102.3650,0.562,2.4222
102.3652,0.5548,2.3923
102.3654,0.5556,2.3925
102.3656,0.5628,2.4269
102.3658,0.5565,2.4006
102.3660,0.5563,2.3956
102.3662,0.6068,2.6166
102.3664,0.553,2.3845
102.3666,0.5488,2.3664
102.3668,0.5524,2.3808
102.3670,0.548,2.3606
102.3672,0.5531,2.385
102.3674,0.5703,2.4601
102.3676,0.6086,2.622
102.3678,0.6284,2.7059
102.3680,0.6177,2.66
102.3682,0.6536,2.8144
102.3684,0.6111,2.6316
102.3686,0.602,2.5899
102.3688,0.6227,2.6836
102.3690,0.5848,2.5192
102.3692,0.6205,2.6694
102.3694,0.6316,2.7237
102.3696,0.6164,2.6543
102.3698,0.6209,2.6709
102.3700,0.6432,2.7682
102.3702,0.5993,2.5793
102.3704,0.5885,2.5352
102.3706,0.5387,2.3251
102.3708,0.4898,2.113
102.3710,0.4788,2.0645
102.3712,0.4767,2.0566
102.3714,0.4784,2.0639
102.3716,0.4854,2.0939
102.3718,0.4933,2.128
102.3720,0.4862,2.0965
102.3722,0.5149,2.218
102.3724,0.5601,2.4094
102.3726,0.6448,2.778
102.3728,0.5882,2.5341
102.3730,0.5998,2.5789
102.3732,0.7167,3.0788
102.3734,0.7614,3.2739
102.3736,0.7143,3.0713
102.3738,0.7255,3.1169
102.3740,0.7345,3.1584
102.3742,0.7507,3.2251
102.3744,0.8682,3.7229
102.3746,0.9125,3.9108
102.3748,0.9316,3.9949
102.3750,0.9259,3.9665
102.3752,0.9249,3.9605
102.3754,0.996,4.265
102.3756,1.0563,4.5233
102.3758,1.0027,4.2978
102.3760,0.9653,4.1394
102.3762,1.0041,4.3014
102.3764,1.0416,4.4622
102.3766,0.9999,4.2774
102.3768,1.0337,4.4221
102.3770,1.0319,4.4288
102.3772,0.9243,3.9691
102.3774,0.8832,3.7872
102.3776,0.9181,3.9368
102.3778,0.9284,3.9866
102.3780,0.9037,3.8769
102.3782,0.9039,3.8834
102.3784,0.8337,3.5798
102.3786,0.8325,3.578
102.3788,0.8207,3.5242
102.3790,0.8553,3.6725
102.3792,0.8673,3.7275
102.3794,0.8641,3.7123
102.3796,0.8095,3.4742
102.3798,0.8387,3.6015
102.3800,0.8507,3.6563
102.3802,0.7641,3.2904
102.3804,0.6964,2.9959
102.3806,0.78,3.3507
102.3808,0.8306,3.5665
102.3810,0.8613,3.7034
102.3812,0.7647,3.293
102.3814,0.6808,2.9275
102.3816,0.7257,3.1188
102.3818,0.7466,3.215
102.3820,0.6891,2.9672
102.3822,0.7153,3.0788
102.3824,0.7253,3.1202
102.3826,0.6873,2.9581
102.3828,0.6695,2.883
102.3830,0.7074,3.0419
102.3832,0.7236,3.1144
102.3834,0.6822,2.9364
102.3836,0.6918,2.9832
102.3838,0.6156,2.6544
102.3840,0.5831,2.5131
102.3842,0.6195,2.6665
102.3844,0.697,3.004
102.3846,0.6673,2.8732
102.3848,0.6206,2.6749
102.3850,0.5737,2.4751
102.3852,0.5727,2.4681
102.3854,0.5656,2.4377
102.3856,0.565,2.4373
102.3858,0.571,2.4609
102.3860,0.5733,2.4696
102.3862,0.6171,2.6574
102.3864,0.5856,2.5298
102.3866,0.4854,2.0948
102.3868,0.4753,2.0514
102.3870,0.4881,2.1048
102.3872,0.5345,2.3059
102.3874,0.551,2.3746
102.3876,0.5397,2.3271
102.3878,0.5356,2.3095
102.3880,0.5342,2.3033
102.3882,0.5366,2.3126
102.3884,0.54,2.3308
102.3886,0.5381,2.3215
102.3888,0.532,2.2951
102.3890,0.5324,2.2956
102.3892,0.5233,2.2563
102.3894,0.5693,2.4525
102.3896,0.5958,2.5691
102.3898,0.5361,2.3127
102.3900,0.5265,2.2702
102.3902,0.5309,2.2883
102.3904,0.5294,2.2837
102.3906,0.5269,2.2718
102.3908,0.5752,2.4767
102.3910,0.608,2.6182
102.3912,0.5427,2.34
102.3914,0.5297,2.2842
102.3916,0.5243,2.262
102.3918,0.5239,2.2578
102.3920,0.5288,2.2811
102.3922,0.5277,2.2765
102.3924,0.5441,2.3441
102.3926,0.5436,2.3442
102.3928,0.5131,2.2134
102.3930,0.5263,2.2692
102.3932,0.5396,2.3266
102.3934,0.5481,2.36
102.3936,0.5933,2.557
102.3938,0.5245,2.2625
102.3940,0.5179,2.232
102.3942,0.5302,2.2841
102.3944,0.58,2.4985
102.3946,0.5775,2.4865
102.3948,0.6025,2.592
102.3950,0.6374,2.7396
102.3952,0.6888,2.9661
102.3954,0.6574,2.8309
102.3956,0.6637,2.8551
102.3958,0.6587,2.8339
102.3960,0.651,2.7991
102.3962,0.6858,2.9491
102.3964,0.7087,3.0476
102.3966,0.6763,2.9133
102.3968,0.6116,2.6336
102.3970,0.6192,2.6662
102.3972,0.6374,2.7434
102.3974,0.714,3.066
102.3976,0.7736,3.3203
102.3978,0.7662,3.293
102.3980,0.7481,3.2167
102.3982,0.7427,3.192
102.3984,0.7204,3.1005
102.3986,0.6579,2.8316
102.3988,0.6673,2.8692
102.3990,0.6836,2.9407
102.3992,0.7027,3.0246
102.3994,0.5869,2.532
102.3996,0.5693,2.4514
102.3998,0.5557,2.3953
102.4000,0.5014,2.1612
102.4002,0.5219,2.2495
102.4004,0.6087,2.6225
102.4006,0.6217,2.677
102.4008,0.5942,2.5623
102.4010,0.5087,2.1958
102.4012,0.4888,2.1069
102.4014,0.4909,2.1157
102.4016,0.4851,2.0948
102.4018,0.4918,2.1218
102.4020,0.5326,2.2913
102.4022,0.6673,2.8705
102.4024,0.6933,2.9825
102.4026,0.6658,2.863
102.4028,0.6635,2.8559
102.4030,0.5747,2.4792
102.4032,0.4892,2.1094
102.4034,0.532,2.2887
102.4036,0.6006,2.5861
102.4038,0.5797,2.4986
102.4040,0.5611,2.4163
102.4042,0.5934,2.5552
102.4044,0.5964,2.5681
102.4046,0.5978,2.5779
102.4048,0.5077,2.1901
102.4050,0.4888,2.1059
102.4052,0.5287,2.2774
102.4054,0.555,2.3911
102.4056,0.6071,2.6165
102.4058,0.5667,2.4434
102.4060,0.5557,2.3919
102.4062,0.6201,2.6678
102.4064,0.6788,2.9173
102.4066,0.6322,2.7225
102.4068,0.6074,2.6168
102.4070,0.6339,2.7271
102.4072,0.7393,3.1672
102.4074,0.9013,3.8666
102.4076,0.8809,3.7792
102.4078,0.8956,3.8365
102.4080,0.9324,3.9924
102.4082,0.9385,4.0223
102.4084,0.9253,3.9658
102.4086,0.8885,3.8116
102.4088,0.9216,3.9517
102.4090,0.9068,3.8866
102.4092,0.9068,3.8903
102.4094,0.8641,3.7054
102.4096,0.821,3.5253
102.4098,0.8607,3.6974
102.4100,0.82,3.5244
102.4102,0.8301,3.5627
102.4104,0.8362,3.5856
102.4106,0.896,3.8404
102.4108,0.9497,4.0725
102.4110,0.9725,4.1624
102.4112,1.0173,4.3559
102.4114,1.0073,4.3173
102.4116,1.0011,4.2906
102.4118,0.9615,4.1191
102.4120,0.9217,3.9614
102.4122,0.8351,3.5843
102.4124,0.8803,3.7801
102.4126,0.8069,3.4666
102.4128,0.7388,3.18
102.4130,0.7416,3.1904
102.4132,0.7731,3.3214
102.4134,0.7796,3.3554
102.4136,0.7622,3.2745
102.4138,0.7888,3.3952
102.4140,0.7022,3.0178
102.4142,0.7792,3.3461
102.4144,0.7813,3.358
102.4146,0.7705,3.3116
102.4148,0.8165,3.5111
102.4150,0.778,3.3472
102.4152,0.7483,3.2133
102.4154,0.8174,3.5049
102.4156,0.8721,3.7428
102.4158,0.8517,3.6588
102.4160,0.8909,3.8201
102.4162,0.9481,4.0653
102.4164,0.9134,3.924
102.4166,0.8051,3.4653
102.4168,0.7631,3.2827
102.4170,0.7595,3.2627
102.4172,0.8161,3.5041
102.4174,0.853,3.6644
102.4176,0.8381,3.5972
102.4178,0.9006,3.8635
102.4180,0.8818,3.7881
102.4182,0.8822,3.7901
102.4184,0.8959,3.8488
102.4186,0.8613,3.7
102.4188,0.8023,3.4514
102.4190,0.7556,3.2507
102.4192,0.743,3.198
102.4194,0.734,3.1608
102.4196,0.7227,3.1161
102.4198,0.6183,2.6663
102.4200,0.5838,2.5197
102.4202,0.5368,2.3136
102.4204,0.6164,2.6481
102.4206,0.7905,3.4008
102.4208,0.7559,3.2532
102.4210,0.6456,2.7849
102.4212,0.5663,2.443
102.4214,0.5583,2.4072
102.4216,0.5547,2.3917
102.4218,0.5741,2.4755
102.4220,0.6164,2.6555
102.4222,0.647,2.7847
102.4224,0.6539,2.8146
102.4226,0.6677,2.8739
102.4228,0.6717,2.8963
102.4230,0.5917,2.5503
102.4232,0.6157,2.6537
102.4234,0.586,2.5278
102.4236,0.5279,2.2817
102.4238,0.4559,1.9684
102.4240,0.4495,1.941
102.4242,0.452,1.9519
102.4244,0.4635,2.0016
102.4246,0.4514,1.9502
102.4248,0.4482,1.9353
102.4250,0.485,2.0923
102.4252,0.5333,2.3018
102.4254,0.4722,2.0389
102.4256,0.4487,1.9383
102.4258,0.4457,1.9235
102.4260,0.4492,1.9377
102.4262,0.4537,1.96
102.4264,0.4472,1.9321
102.4266,0.4498,1.9393
102.4268,0.5023,2.1648
102.4270,0.5139,2.2159
102.4272,0.5181,2.233
102.4274,0.5149,2.2211
102.4276,0.4999,2.1585
102.4278,0.4584,1.9793
102.4280,0.4633,1.9996
102.4282,0.4639,2.0013
102.4284,0.4602,1.9862
102.4286,0.4561,1.9695
102.4288,0.4597,1.9832
102.4290,0.4592,1.982
102.4292,0.4593,1.9825
102.4294,0.4701,2.0282
102.4296,0.4499,1.9408
102.4298,0.4854,2.091
102.4300,0.585,2.5202
102.4302,0.6156,2.6531
102.4304,0.578,2.4914
102.4306,0.5428,2.3384
102.4308,0.5516,2.3772
102.4310,0.5111,2.2071
102.4312,0.4471,1.9289
102.4314,0.44,1.8992
102.4316,0.4278,1.8481
102.4318,0.4228,1.8239
102.4320,0.4604,1.9835
102.4322,0.5324,2.2966
102.4324,0.4687,2.022
102.4326,0.4694,2.0223
102.4328,0.5213,2.2459
102.4330,0.5161,2.2263
102.4332,0.4954,2.1363
102.4334,0.5236,2.2568
102.4336,0.5372,2.3141
102.4338,0.5926,2.5492
102.4340,0.6109,2.6293
102.4342,0.6185,2.6643
102.4344,0.6002,2.5822
102.4346,0.6271,2.6952
102.4348,0.6806,2.9251
102.4350,0.6986,3.0052
102.4352,0.6374,2.7472
102.4354,0.6173,2.6554
102.4356,0.6649,2.8616
102.4358,0.6644,2.8542
102.4360,0.7379,3.1729
102.4362,0.692,2.974
102.4364,0.6815,2.9278
102.4366,0.7321,3.1481
102.4368,0.6729,2.8934
102.4370,0.7282,3.1311
102.4372,0.7189,3.0871
102.4374,0.7802,3.3502
102.4376,0.8186,3.5166
102.4378,0.7006,3.0139
102.4380,0.6459,2.7774
102.4382,0.6234,2.6855
102.4384,0.5664,2.4424
102.4386,0.5406,2.3302
102.4388,0.5572,2.3948
102.4390,0.688,2.9598
102.4392,0.6846,2.9412
102.4394,0.7476,3.2102
102.4396,0.7667,3.2951
102.4398,0.7364,3.1623
102.4400,0.7604,3.2698
102.4402,0.7204,3.0976
102.4404,0.7441,3.1952
102.4406,0.7724,3.3198
102.4408,0.7864,3.3738
102.4410,0.8501,3.6436
102.4412,0.9547,4.0936
102.4414,0.8541,3.6605
102.4416,0.9421,4.0264
102.4418,1.0759,4.6048
102.4420,1.0508,4.5059
102.4422,0.9261,3.9675
102.4424,0.9238,3.9559
102.4426,0.9942,4.2533
102.4428,1.0336,4.4236
102.4430,1.0438,4.4652
102.4432,1.0397,4.4519
102.4434,0.9963,4.274
102.4436,0.9655,4.1379
102.4438,0.994,4.2642
102.4440,0.9043,3.8795
102.4442,0.8631,3.7042
102.4444,0.8394,3.6096
102.4446,0.7954,3.4172
102.4448,0.8264,3.5517
102.4450,0.8121,3.4855
102.4452,0.8716,3.7408
102.4454,0.8615,3.6993
102.4456,0.8448,3.6277
102.4458,0.8463,3.6339
102.4460,0.784,3.373
102.4462,0.7698,3.3085
102.4464,0.8386,3.6009
102.4466,0.8734,3.7503
102.4468,0.8338,3.5804
102.4470,0.8656,3.7133
102.4472,0.9343,4.0081
102.4474,0.8314,3.5734
102.4476,0.7752,3.3332
102.4478,0.7768,3.3405
102.4480,0.7857,3.377
102.4482,0.8562,3.6818
102.4484,0.789,3.3878
102.4486,0.8429,3.6212
102.4488,0.8608,3.6979
102.4490,0.8346,3.5856
102.4492,0.7721,3.3214
102.4494,0.7156,3.0784
102.4496,0.7254,3.1236
102.4498,0.6903,2.971
102.4500,0.7229,3.1084
102.4502,0.7681,3.3013
102.4504,0.796,3.4214
102.4506,0.7436,3.2021
102.4508,0.6747,2.9052
102.4510,0.6685,2.881
102.4512,0.6568,2.8296
102.4514,0.676,2.9068
102.4516,0.7403,3.1832
102.4518,0.7892,3.3888
102.4520,0.832,3.5743
102.4522,0.8095,3.4775
102.4524,0.8385,3.6021
102.4526,0.837,3.5976
102.4528,0.7718,3.3203
102.4530,0.7452,3.2043
102.4532,0.7963,3.4192
102.4534,0.7898,3.3961
102.4536,0.7741,3.3224
102.4538,0.8404,3.6137
102.4540,0.855,3.6749
102.4542,0.8083,3.4739
102.4544,0.7957,3.4198
102.4546,0.8352,3.5915
102.4548,0.8219,3.531
102.4550,0.8233,3.5383
102.4552,0.79,3.3972
102.4554,0.838,3.595
102.4556,0.9138,3.9219
102.4558,0.8951,3.8488
102.4560,0.8027,3.4502
102.4562,0.801,3.4489
102.4564,0.6623,2.8547
102.4566,0.644,2.7731
102.4568,0.642,2.7617
102.4570,0.7675,3.2987
102.4572,0.8168,3.5154
102.4574,0.7499,3.2259
102.4576,0.7555,3.2532
102.4578,0.736,3.172
102.4580,0.6646,2.8605
102.4582,0.6716,2.8905
102.4584,0.6344,2.7356
102.4586,0.5728,2.4698
102.4588,0.6087,2.6286
102.4590,0.5737,2.4739
102.4592,0.5785,2.4958
102.4594,0.5661,2.442
102.4596,0.5658,2.4398
102.4598,0.5651,2.4356
102.4600,0.5567,2.3972
102.4602,0.6403,2.7545
102.4604,0.7622,3.2776
102.4606,0.7563,3.2553
102.4608,0.743,3.1965
102.4610,0.7355,3.1655
102.4612,0.7198,3.0994
102.4614,0.6549,2.8227
102.4616,0.642,2.7681
102.4618,0.6393,2.7529
102.4620,0.6439,2.77
102.4622,0.6988,3.009
102.4624,0.7422,3.1929
102.4626,0.751,3.2306
102.4628,0.7171,3.088
102.4630,0.7168,3.0836
102.4632,0.751,3.2291
102.4634,0.7735,3.3229
102.4636,0.8535,3.6665
102.4638,0.792,3.4133
102.4640,0.6507,2.802
102.4642,0.6519,2.811
102.4644,0.6363,2.7413
102.4646,0.6343,2.7338
102.4648,0.6326,2.7253
102.4650,0.6358,2.7392
102.4652,0.6342,2.7307
102.4654,0.632,2.7227
102.4656,0.6728,2.8983
102.4658,0.6656,2.8673
102.4660,0.6553,2.8203
102.4662,0.6745,2.9042
102.4664,0.6525,2.8097
102.4666,0.624,2.6868
102.4668,0.6468,2.7836
102.4670,0.732,3.1506
102.4672,0.7547,3.2481
102.4674,0.6687,2.8767
102.4676,0.6526,2.8141
102.4678,0.6163,2.6538
102.4680,0.6578,2.8311
102.4682,0.6538,2.8154
102.4684,0.6852,2.9534
102.4686,0.6518,2.8105
102.4688,0.6504,2.7991
102.4690,0.6695,2.883
102.4692,0.6746,2.9047
102.4694,0.6107,2.6307
102.4696,0.5783,2.4971
102.4698,0.5084,2.1942
102.4700,0.499,2.1538
102.4702,0.5134,2.2149
102.4704,0.5782,2.4965
102.4706,0.5004,2.1605
102.4708,0.4733,2.0435
102.4710,0.4689,2.0249
102.4712,0.4752,2.0518
102.4714,0.4675,2.0168
102.4716,0.4838,2.0842
102.4718,0.5496,2.37
102.4720,0.5735,2.4706
102.4722,0.6279,2.7076
102.4724,0.6019,2.5954
102.4726,0.533,2.296
102.4728,0.579,2.4944
102.4730,0.6505,2.8022
102.4732,0.6307,2.7157
102.4734,0.6599,2.8364
102.4736,0.6978,3.0007
102.4738,0.7617,3.2755
102.4740,0.798,3.4296
102.4742,0.7774,3.3399
102.4744,0.8276,3.5519
102.4746,0.9415,4.037
102.4748,0.9399,4.0247
102.4750,1.0193,4.3626
102.4752,1.0351,4.4345
102.4754,1.0344,4.4314
102.4756,1.0247,4.3939
102.4758,0.9643,4.1309
102.4760,1.0326,4.4257
102.4762,1.0062,4.3127
102.4764,1.03,4.4062
102.4766,1.0704,4.5898
102.4768,0.9012,3.8733
102.4770,0.8483,3.6477
102.4772,0.8703,3.7282
102.4774,0.9976,4.2757
102.4776,1.022,4.3846
102.4778,0.9791,4.1946
102.4780,1.0175,4.3589
102.4782,1.0479,4.4957
102.4784,0.9688,4.1601
102.4786,0.8392,3.6153
102.4788,0.683,2.9422
102.4790,0.746,3.2109
102.4792,0.7452,3.2058
102.4794,0.7144,3.0761
102.4796,0.7267,3.1278
102.4798,0.7409,3.1887
102.4800,0.7266,3.1288
102.4802,0.7519,3.2377
102.4804,0.7493,3.2219
102.4806,0.8,3.4384
102.4808,0.8211,3.5307
102.4810,0.7676,3.3008
102.4812,0.7298,3.1471
102.4814,0.6255,2.6973
102.4816,0.6321,2.7232
102.4818,0.6531,2.8175
102.4820,0.5894,2.5417
102.4822,0.6158,2.653
102.4824,0.627,2.6997
102.4826,0.6614,2.8479
102.4828,0.6857,2.9541
102.4830,0.6816,2.9338
102.4832,0.6905,2.9734
102.4834,0.7138,3.0764
102.4836,0.6099,2.6276
102.4838,0.6607,2.8461
102.4840,0.7228,3.1108
102.4842,0.647,2.7898
102.4844,0.5369,2.3163
102.4846,0.5927,2.5568
102.4848,0.5475,2.364
102.4850,0.5316,2.2935
102.4852,0.5188,2.2403
102.4854,0.4932,2.1304
102.4856,0.4814,2.0787
102.4858,0.4906,2.1186
102.4860,0.4915,2.1222
102.4862,0.489,2.1143
102.4864,0.4211,1.82
102.4866,0.4362,1.8809
102.4868,0.5571,2.4054
102.4870,0.4909,2.1177
102.4872,0.4676,2.0182
102.4874,0.4578,1.9767
102.4876,0.4475,1.9331
102.4878,0.4481,1.9339
102.4880,0.4498,1.9411
102.4882,0.4958,2.1399
102.4884,0.4918,2.1228
102.4886,0.4649,2.0073
102.4888,0.4665,2.0145
102.4890,0.4737,2.0456
102.4892,0.4604,1.9863
102.4894,0.4802,2.0707
102.4896,0.5186,2.2382
102.4898,0.4704,2.0292
102.4900,0.459,1.9828
102.4902,0.4554,1.9664
102.4904,0.4989,2.1533
102.4906,0.4506,1.9439
102.4908,0.444,1.9154
102.4910,0.4469,1.9296
102.4912,0.4414,1.904
102.4914,0.48,2.0696
102.4916,0.4571,1.9736
102.4918,0.4432,1.9145
102.4920,0.4577,1.9744
102.4922,0.4486,1.9351
102.4924,0.4556,1.9665
102.4926,0.4517,1.9503
102.4928,0.4358,1.8802
102.4930,0.4303,1.8556
102.4932,0.4526,1.9527
102.4934,0.531,2.2878
102.4936,0.5615,2.4212
102.4938,0.484,2.0882
102.4940,0.4513,1.947
102.4942,0.4903,2.1121
102.4944,0.5613,2.4157
102.4946,0.5724,2.4648
102.4948,0.5788,2.491
102.4950,0.589,2.5361
102.4952,0.6156,2.6507
102.4954,0.6186,2.6648
102.4956,0.6,2.5812
102.4958,0.6095,2.628
102.4960,0.5555,2.392
102.4962,0.6165,2.6548
102.4964,0.603,2.5929
102.4966,0.6727,2.8924
102.4968,0.739,3.1775
102.4970,0.691,2.9685
102.4972,0.7192,3.0939
102.4974,0.6723,2.8922
102.4976,0.6862,2.9479
102.4978,0.7201,3.0951
102.4980,0.7261,3.1209
102.4982,0.7128,3.0651
102.4984,0.6812,2.929
102.4986,0.6525,2.8097
102.4988,0.5819,2.5079
102.4990,0.54,2.3265
102.4992,0.565,2.4339
102.4994,0.5763,2.4813
102.4996,0.5851,2.5207
102.4998,0.6186,2.6636
102.5000,0.6453,2.7736
102.5002,0.7357,3.1607
102.5004,0.6628,2.8554
102.5006,0.5628,2.4258
102.5008,0.5798,2.498
102.5010,0.5855,2.5211
102.5012,0.6261,2.6936
102.5014,0.6843,2.9438
102.5016,0.6773,2.9152
102.5018,0.6471,2.7852
102.5020,0.6523,2.8087
102.5022,0.6126,2.6378
102.5024,0.5813,2.5042
102.5026,0.5652,2.4372
102.5028,0.5556,2.3936
102.5030,0.5487,2.3604
102.5032,0.5809,2.5003
102.5034,0.6441,2.7684
102.5036,0.7171,3.088
102.5038,0.6055,2.611
102.5040,0.4881,2.1048
102.5042,0.4675,2.0177
102.5044,0.4733,2.0416
102.5046,0.4695,2.0247
102.5048,0.4818,2.0764
102.5050,0.5047,2.1741
102.5052,0.5429,2.3346
102.5054,0.6398,2.7537
102.5056,0.6438,2.7733
102.5058,0.6116,2.63
102.5060,0.6643,2.855
102.5062,0.6671,2.8687
102.5064,0.6888,2.962
102.5066,0.7111,3.0522
102.5068,0.7815,3.3559
102.5070,0.8078,3.4702
102.5072,0.7553,3.2401
102.5074,0.8412,3.6123
102.5076,0.8194,3.5169
102.5078,0.8561,3.6727
102.5080,0.893,3.8258
102.5082,0.9037,3.8715
102.5084,0.8898,3.8208
102.5086,0.8321,3.5765
102.5088,0.7846,3.3677
102.5090,0.8603,3.6872
102.5092,0.8945,3.8373
102.5094,0.7974,3.427
102.5096,0.8035,3.4485
102.5098,0.8716,3.739
102.5100,0.937,4.0105
102.5102,0.9547,4.0974
102.5104,0.9176,3.9311
102.5106,1.0056,4.3081
102.5108,1.0188,4.3585
102.5110,0.9965,4.271
102.5112,0.9541,4.0872
102.5114,0.9665,4.1522
102.5116,0.8669,3.7294
102.5118,0.7456,3.2044
102.5120,0.7674,3.2982
102.5122,0.8279,3.5535
102.5124,0.8794,3.7742
102.5126,0.8809,3.7756
102.5128,0.9155,3.931
102.5130,0.8656,3.7168
102.5132,0.8586,3.6886
102.5134,0.882,3.7856
102.5136,0.9481,4.0596
102.5138,1.005,4.3055
102.5140,0.9628,4.1363
102.5142,0.8548,3.6722
102.5144,0.8573,3.6778
102.5146,0.8699,3.7353
102.5148,0.8851,3.7972
102.5150,0.9719,4.1676
102.5152,0.9951,4.2669
102.5154,0.9785,4.1959
102.5156,0.9876,4.233
102.5158,0.9622,4.1241
102.5160,0.9527,4.0854
102.5162,0.9873,4.2334
102.5164,0.9995,4.2879
102.5166,0.9177,3.9463
102.5168,0.8511,3.6562
102.5170,0.8659,3.7183
102.5172,0.9066,3.8874
102.5174,0.9735,4.1763
102.5176,0.9824,4.2143
102.5178,0.9834,4.219
102.5180,1.0017,4.2951
102.5182,0.9545,4.1026
102.5184,0.8354,3.5937
102.5186,0.7617,3.2755
102.5188,0.7569,3.2564
102.5190,0.7795,3.3518
102.5192,0.8121,3.492
102.5194,0.8191,3.5269
102.5196,0.7695,3.309
102.5198,0.7735,3.326
102.5200,0.8183,3.5172
102.5202,0.849,3.6491
102.5204,0.8405,3.6092
102.5206,0.8452,3.6343
102.5208,0.814,3.5068
102.5210,0.774,3.3281
102.5212,0.7948,3.4194
102.5214,0.8007,3.4431
102.5216,0.847,3.6353
102.5218,0.9048,3.8779
102.5220,0.9839,4.221
102.5222,0.9759,4.1885
102.5224,0.9267,3.9831
102.5226,0.8825,3.7911
102.5228,0.8719,3.7493
102.5230,0.8119,3.491
102.5232,0.8531,3.6667
102.5234,0.8892,3.8182
102.5236,0.8914,3.8275
102.5238,0.8597,3.6933
102.5240,0.8442,3.6319
102.5242,0.868,3.7306
102.5244,0.8855,3.8023
102.5246,0.8213,3.5367
102.5248,0.7382,3.1833
102.5250,0.697,2.9985
102.5252,0.73,3.1432
102.5254,0.7181,3.0936
102.5256,0.6655,2.8681
102.5258,0.661,2.853
102.5260,0.5581,2.409
102.5262,0.5501,2.3754
102.5264,0.5466,2.3593
102.5266,0.5879,2.5314
102.5268,0.7097,3.0574
102.5270,0.6295,2.7156
102.5272,0.5556,2.3992
102.5274,0.5474,2.3602
102.5276,0.5681,2.4485
102.5278,0.6119,2.6432
102.5280,0.553,2.3867
102.5282,0.5445,2.3489
102.5284,0.5751,2.4796
102.5286,0.6131,2.6435
102.5288,0.5935,2.5604
102.5290,0.5561,2.399
102.5292,0.5482,2.3649
102.5294,0.584,2.5184
102.5296,0.6699,2.8832
102.5298,0.6982,3.005
102.5300,0.7055,3.0379
102.5302,0.6577,2.8359
102.5304,0.5748,2.4797
102.5306,0.5641,2.4303
102.5308,0.6129,2.6455
102.5310,0.5492,2.3723
102.5312,0.5635,2.43
102.5314,0.5421,2.3396
102.5316,0.5429,2.34
102.5318,0.5608,2.4192
102.5320,0.546,2.3556
102.5322,0.5436,2.3442
102.5324,0.54,2.3308
102.5326,0.5988,2.5808
102.5328,0.6333,2.7271
102.5330,0.6325,2.7247
102.5332,0.6446,2.7769
102.5334,0.7271,3.1236
102.5336,0.7066,3.0482
102.5338,0.5932,2.5565
102.5340,0.6402,2.7565
102.5342,0.6753,2.9078
102.5344,0.679,2.9238
102.5346,0.6713,2.8881
102.5348,0.7286,3.1303
102.5350,0.8333,3.5783
102.5352,0.7478,3.2247
102.5354,0.6351,2.7348
102.5356,0.695,2.9911
102.5358,0.7151,3.0792
102.5360,0.7068,3.0365
102.5362,0.7352,3.166
102.5364,0.6814,2.9314
102.5366,0.7162,3.0781
102.5368,0.7483,3.2207
102.5370,0.7427,3.2024
102.5372,0.6218,2.6813
102.5374,0.5914,2.5476
102.5376,0.6394,2.7547
102.5378,0.6583,2.8358
102.5380,0.6405,2.7581
102.5382,0.6273,2.705
102.5384,0.6013,2.5905
102.5386,0.6045,2.6044
102.5388,0.5916,2.5498
102.5390,0.6212,2.6762
102.5392,0.6633,2.8522
102.5394,0.7599,3.2647
102.5396,0.7882,3.3894
102.5398,0.8141,3.4992
102.5400,0.8199,3.519
102.5402,0.8661,3.7119
102.5404,0.948,4.0667
102.5406,0.9554,4.0967
102.5408,0.9358,4.0148
102.5410,0.9635,4.1259
102.5412,1.0545,4.5177
102.5414,1.0418,4.4632
102.5416,1.065,4.5581
102.5418,1.062,4.5474
102.5420,1.0685,4.5815
102.5422,1.0587,4.5441
102.5424,0.9259,3.9795
102.5426,0.8416,3.6155
102.5428,0.9042,3.8771
102.5430,0.9451,4.0525
102.5432,0.9802,4.2051
102.5434,0.9494,4.0748
102.5436,0.9773,4.1869
102.5438,1.0862,4.6554
102.5440,1.076,4.6075
102.5442,1.074,4.6009
102.5444,1.0633,4.5573
102.5446,1.0706,4.5908
102.5448,1.0012,4.2931
102.5450,0.9644,4.1507
102.5452,0.8339,3.5859
102.5454,0.8212,3.5345
102.5456,0.7245,3.1195
102.5458,0.7174,3.0905
102.5460,0.7257,3.1232
102.5462,0.7563,3.2493
102.5464,0.8014,3.4494
102.5466,0.8361,3.5968
102.5468,0.8181,3.5211
102.5470,0.7424,3.1954
102.5472,0.7575,3.2635
102.5474,0.7268,3.1313
102.5476,0.7339,3.1588
102.5478,0.6947,2.9928
102.5480,0.7562,3.2533
102.5482,0.7886,3.391
102.5484,0.8001,3.4405
102.5486,0.8091,3.4856
102.5488,0.69,2.9727
102.5490,0.7004,3.0115
102.5492,0.7664,3.2956
102.5494,0.7861,3.3817
102.5496,0.7614,3.28
102.5498,0.7712,3.3162
102.5500,0.8333,3.5833
102.5502,0.7825,3.3725
102.5504,0.7284,3.1365
102.5506,0.7271,3.1294
102.5508,0.7414,3.1923
102.5510,0.6836,2.9434
102.5512,0.6752,2.9113
102.5514,0.6302,2.7175
102.5516,0.6144,2.6504
102.5518,0.6081,2.6235
102.5520,0.6155,2.6514
102.5522,0.6568,2.8283
102.5524,0.7089,3.051
102.5526,0.7603,3.2723
102.5528,0.6707,2.8922
102.5530,0.6104,2.6346
102.5532,0.6207,2.6766
102.5534,0.6434,2.773
102.5536,0.6197,2.672
102.5538,0.5826,2.5122
102.5540,0.631,2.7173
102.5542,0.6766,2.9121
102.5544,0.6927,2.9813
102.5546,0.7075,3.0481
102.5548,0.6935,2.9891
102.5550,0.6969,3.0035
102.5552,0.6492,2.7991
102.5554,0.5856,2.5263
102.5556,0.5766,2.4864
102.5558,0.6109,2.6354
102.5560,0.5807,2.5051
102.5562,0.5803,2.5012
102.5564,0.6572,2.8285
102.5566,0.7123,3.0659
102.5568,0.7324,3.1521
102.5570,0.6502,2.8051
102.5572,0.5665,2.4429
102.5574,0.5686,2.4506
102.5576,0.6131,2.6435
102.5578,0.608,2.623
102.5580,0.6102,2.6323
102.5582,0.6294,2.7164
102.5584,0.5067,2.1859
102.5586,0.5858,2.5297
102.5588,0.5056,2.1843
102.5590,0.5123,2.2113
102.5592,0.4866,2.1
102.5594,0.4632,1.9991
102.5596,0.4864,2.0995
102.5598,0.5375,2.3221
102.5600,0.4956,2.1408
102.5602,0.4733,2.0445
102.5604,0.4778,2.0632
102.5606,0.4731,2.0439
102.5608,0.4899,2.1135
102.5610,0.5471,2.357
102.5612,0.6306,2.7152
102.5614,0.6018,2.5961
102.5616,0.551,2.3768
102.5618,0.5308,2.292
102.5620,0.4671,2.0171
102.5622,0.4634,2.002
102.5624,0.4673,2.0167
102.5626,0.4891,2.1079
102.5628,0.5731,2.4679
102.5630,0.6084,2.6185
102.5632,0.6474,2.7875
102.5634,0.6828,2.9417
102.5636,0.6615,2.8511
102.5638,0.585,2.5179
102.5640,0.6327,2.7245
102.5642,0.629,2.7135
102.5644,0.4995,2.1539
102.5646,0.5375,2.3178
102.5648,0.5013,2.1637
102.5650,0.4971,2.1426
102.5652,0.5361,2.3127
102.5654,0.5001,2.1575
102.5656,0.5306,2.2857
102.5658,0.6315,2.7168
102.5660,0.6519,2.8071
102.5662,0.6258,2.6983
102.5664,0.6083,2.6192
102.5666,0.6234,2.6855
102.5668,0.6093,2.6263
102.5670,0.6096,2.6261
102.5672,0.5888,2.5391
102.5674,0.5751,2.4727
102.5676,0.6682,2.876
102.5678,0.711,3.0574
102.5680,0.7158,3.0823
102.5682,0.6206,2.6749
102.5684,0.5946,2.5663
102.5686,0.5869,2.5273
102.5688,0.6017,2.5968
102.5690,0.5071,2.1834
102.5692,0.5489,2.3658
102.5694,0.5132,2.2139
102.5696,0.5037,2.173
102.5698,0.544,2.3468
102.5700,0.535,2.3102
102.5702,0.4878,2.1042
102.5704,0.4854,2.0929
102.5706,0.4892,2.1104
102.5708,0.4839,2.0886
102.5710,0.4848,2.0903
102.5712,0.4932,2.1255
102.5714,0.5363,2.3126
102.5716,0.5836,2.5163
102.5718,0.5657,2.4359
102.5720,0.5621,2.4249
102.5722,0.5097,2.1989
102.5724,0.5351,2.3021
102.5726,0.6634,2.8514
102.5728,0.6587,2.8326
102.5730,0.6818,2.9316
102.5732,0.7014,3.0161
102.5734,0.7261,3.1195
102.5736,0.7764,3.3337
102.5738,0.7783,3.3389
102.5740,0.8432,3.6154
102.5742,0.9328,3.9963
102.5744,0.9557,4.0982
102.5746,0.9567,4.1023
102.5748,0.9446,4.0485
102.5750,0.9569,4.1015
102.5752,0.9669,4.1538
102.5754,0.9228,3.9458
102.5756,1.1027,4.722
102.5758,1.0687,4.574
102.5760,1.0562,4.5249
102.5762,0.996,4.269
102.5764,1.0452,4.4755
102.5766,1.1387,4.8714
102.5768,1.0862,4.6598
102.5770,0.9798,4.1977
102.5772,1.0077,4.3188
102.5774,0.939,4.0263
102.5776,0.9298,3.9853
102.5778,0.9832,4.212
102.5780,0.9975,4.2772
102.5782,0.9927,4.2625
102.5784,0.8929,3.8324
102.5786,0.8903,3.8175
102.5788,0.9495,4.0715
102.5790,0.9662,4.1468
102.5792,0.9234,3.9686
102.5794,0.8209,3.5297
102.5796,0.8351,3.5894
102.5798,0.8422,3.6164
102.5800,0.8704,3.7374
102.5802,0.8453,3.6349
102.5804,0.8083,3.4739
102.5806,0.778,3.3456
102.5808,0.7704,3.3095
102.5810,0.8472,3.6397
102.5812,0.8783,3.7731
102.5814,0.8694,3.735
102.5816,0.8286,3.5715
102.5818,0.6974,3.0028
102.5820,0.7039,3.027
102.5822,0.7668,3.2987
102.5824,0.8295,3.5651
102.5826,0.8446,3.6318
102.5828,0.7915,3.4049
102.5830,0.7496,3.2264
102.5832,0.8,3.44
102.5834,0.7946,3.4168
102.5836,0.7523,3.2348
102.5838,0.7351,3.1669
102.5840,0.6832,2.9419
102.5842,0.6802,2.929
102.5844,0.6819,2.9376
102.5846,0.7253,3.1231
102.5848,0.7065,3.042
102.5850,0.6868,2.956
102.5852,0.7174,3.0905
102.5854,0.6898,2.9703
102.5856,0.6897,2.9684
102.5858,0.6935,2.9849
102.5860,0.7403,3.1906
102.5862,0.7239,3.1169
102.5864,0.7391,3.178
102.5866,0.7808,3.3606
102.5868,0.7223,3.1087
102.5870,0.6993,3.0097
102.5872,0.6846,2.9494
102.5874,0.6972,3.0023
102.5876,0.7024,3.0231
102.5878,0.7001,3.0175
102.5880,0.645,2.7785
102.5882,0.6899,2.9736
102.5884,0.6115,2.6344
102.5886,0.608,2.623
102.5888,0.5518,2.3804
102.5890,0.5573,2.4053
102.5892,0.541,2.335
102.5894,0.5522,2.3842
102.5896,0.5322,2.2951
102.5898,0.6192,2.6662
102.5900,0.6716,2.8972
102.5902,0.5688,2.4539
102.5904,0.5399,2.3292
102.5906,0.5381,2.3225
102.5908,0.5354,2.3096
102.5910,0.5328,2.2987
102.5912,0.5549,2.3939
102.5914,0.5561,2.4002
102.5916,0.5394,2.325
102.5918,0.5592,2.4136
102.5920,0.5255,2.2682
102.5922,0.5281,2.277
102.5924,0.5283,2.279
102.5926,0.5146,2.2211
102.5928,0.5127,2.2139
102.5930,0.5183,2.234
102.5932,0.5992,2.58
102.5934,0.5826,2.5122
102.5936,0.5522,2.3809
102.5938,0.543,2.3394
102.5940,0.6072,2.6158
102.5942,0.6682,2.876
102.5944,0.6863,2.9553
102.5946,0.6428,2.7679
102.5948,0.6633,2.8575
102.5950,0.6625,2.8486
102.5952,0.7089,3.0495
102.5954,0.6789,2.9206
102.5956,0.7087,3.0504
102.5958,0.6628,2.8554
102.5960,0.698,3.0068
102.5962,0.6888,2.9634
102.5964,0.6739,2.9003
102.5966,0.7056,3.0384
102.5968,0.6977,3.0071
102.5970,0.5689,2.451
102.5972,0.5441,2.3473
102.5974,0.5368,2.3126
102.5976,0.5809,2.505
102.5978,0.5854,2.5241
102.5980,0.5916,2.5486
102.5982,0.6704,2.884
102.5984,0.6442,2.7754
102.5986,0.608,2.6182
102.5988,0.6791,2.9203
102.5990,0.7188,3.0923
102.5992,0.6369,2.7477
102.5994,0.5372,2.3141
102.5996,0.5536,2.3893
102.5998,0.5241,2.2599
102.6000,0.6018,2.5913
102.6002,0.6372,2.7398
102.6004,0.7049,3.0297
102.6006,0.7369,3.1688
102.6008,0.7039,3.0284
102.6010,0.7575,3.2544
102.6012,0.9061,3.8872
102.6014,0.8217,3.5382
102.6016,0.6791,2.9257
102.6018,0.6101,2.6269
102.6020,0.6033,2.598
102.6022,0.6228,2.6804
102.6024,0.6896,2.9692
102.6026,0.6903,2.9737
102.6028,0.5966,2.5679
102.6030,0.665,2.8621
102.6032,0.6748,2.9044
102.6034,0.6352,2.7366
102.6036,0.6071,2.6128
102.6038,0.6314,2.7214
102.6040,0.5819,2.5091
102.6042,0.5842,2.5143
102.6044,0.6484,2.7896
102.6046,0.662,2.8558
102.6048,0.5541,2.3858
102.6050,0.6168,2.6521
102.6052,0.6589,2.8384
102.6054,0.5639,2.4282
102.6056,0.6107,2.6283
102.6058,0.6453,2.78
102.6060,0.6511,2.8022
102.6062,0.7168,3.0807
102.6064,0.7512,3.2286
102.6066,0.6948,2.9906
102.6068,0.69,2.9672
102.6070,0.7669,3.2977
102.6072,0.8026,3.4449
102.6074,0.8518,3.6593
102.6076,0.8471,3.6409
102.6078,0.8158,3.5015
102.6080,0.8623,3.7012
102.6082,0.8918,3.8295
102.6084,0.876,3.7546
102.6086,0.9357,4.0161
102.6088,0.9128,3.916
102.6090,0.9387,4.0327
102.6092,0.861,3.6972
102.6094,0.8807,3.7764
102.6096,0.9248,3.9619
102.6098,0.9393,4.0315
102.6100,0.8307,3.567
102.6102,0.8346,3.584
102.6104,0.83,3.5655
102.6106,0.8212,3.5296
102.6108,0.8121,3.4888
102.6110,0.8199,3.519
102.6112,0.8428,3.6173
102.6114,0.8152,3.5005
102.6116,0.8544,3.6672
102.6118,0.8676,3.7273
102.6120,0.8572,3.6842
102.6122,0.8749,3.7534
102.6124,0.9372,4.0242
102.6126,0.8619,3.7008
102.6128,0.7867,3.3843
102.6130,0.7715,3.3173
102.6132,0.7886,3.3862
102.6134,0.8356,3.5948
102.6136,0.7881,3.3889
102.6138,0.8078,3.4686
102.6140,0.8725,3.7449
102.6142,0.9102,3.9083
102.6144,0.9061,3.8836
102.6146,0.9637,4.1302
102.6148,0.9837,4.2161
102.6150,0.9795,4.2059
102.6152,0.9167,3.9361
102.6154,0.911,3.9119
102.6156,0.8637,3.7155
102.6158,0.7416,3.1904
102.6160,0.7631,3.2873
102.6162,0.7192,3.0939
102.6164,0.739,3.1805
102.6166,0.6886,2.9665
102.6168,0.7095,3.0521
102.6170,0.7893,3.3988
102.6172,0.7006,3.0139
102.6174,0.6722,2.8984
102.6176,0.615,2.6506
102.6178,0.6289,2.7055
102.6180,0.6692,2.8828
102.6182,0.6475,2.7906
102.6184,0.6803,2.9295
102.6186,0.6668,2.8751
102.6188,0.5977,2.5773
102.6190,0.5868,2.5291
102.6192,0.5939,2.5608
102.6194,0.5962,2.5694
102.6196,0.6448,2.778
102.6198,0.6376,2.7482
102.6200,0.5812,2.5095
102.6202,0.5114,2.2071
102.6204,0.5151,2.2232
102.6206,0.5209,2.2439
102.6208,0.5872,2.5318
102.6210,0.5927,2.5533
102.6212,0.6051,2.6094
102.6214,0.6557,2.8223
102.6216,0.6584,2.8363
102.6218,0.5888,2.5426
102.6220,0.4898,2.1169
102.6222,0.454,1.9602
102.6224,0.4488,1.9379
102.6226,0.4578,1.974
102.6228,0.508,2.1916
102.6230,0.5462,2.3561
102.6232,0.5433,2.3426
102.6234,0.5639,2.4315
102.6236,0.5627,2.4275
102.6238,0.5492,2.3691
102.6240,0.5589,2.4065
102.6242,0.5673,2.446
102.6244,0.5075,2.1916
102.6246,0.4613,1.9908
102.6248,0.5102,2.2009
102.6250,0.5116,2.2092
102.6252,0.4538,1.9596
102.6254,0.4508,1.9476
102.6256,0.4447,1.9203
102.6258,0.4563,1.9687
102.6260,0.5057,2.1828
102.6262,0.4614,1.9913
102.6264,0.4494,1.9396
102.6266,0.4462,1.9274
102.6268,0.446,1.926
102.6270,0.4481,1.9357
102.6272,0.447,1.9292
102.6274,0.4466,1.9286
102.6276,0.4423,1.9099
102.6278,0.4438,1.9144
102.6280,0.4458,1.9223
102.6282,0.445,1.9195
102.6284,0.4587,1.9818
102.6286,0.452,1.9519
102.6288,0.445,1.9195
102.6290,0.4508,1.944
102.6292,0.4728,2.0367
102.6294,0.5338,2.2986
102.6296,0.6314,2.7188
102.6298,0.6189,2.6639
102.6300,0.5921,2.553
102.6302,0.5029,2.1714
102.6304,0.4605,1.9877
102.6306,0.4575,1.9748
102.6308,0.4634,2.0001
102.6310,0.4649,2.0063
102.6312,0.4896,2.112
102.6314,0.4613,1.9908
102.6316,0.433,1.8661
102.6318,0.5572,2.3992
102.6320,0.6339,2.7309
102.6322,0.5481,2.3622
102.6324,0.4876,2.1037
102.6326,0.4681,2.0194
102.6328,0.5306,2.2846
102.6330,0.5857,2.521
102.6332,0.598,2.5724
102.6334,0.6513,2.7993
102.6336,0.715,3.0715
102.6338,0.7519,3.2317
102.6340,0.7948,3.413
102.6342,0.7567,3.2569
102.6344,0.6158,2.6493
102.6346,0.6659,2.8622
102.6348,0.7535,3.2324
102.6350,0.7456,3.2014
102.6352,0.729,3.1347
102.6354,0.7327,3.1493
102.6356,0.7463,3.209
102.6358,0.6873,2.9526
102.6360,0.729,3.1318
102.6362,0.8183,3.5139
102.6364,0.8095,3.4677
102.6366,0.937,4.0143
102.6368,0.943,4.0418
102.6370,0.9501,4.076
102.6372,0.9071,3.8913
102.6374,0.9296,3.9843
102.6376,0.9378,4.0192
102.6378,0.8422,3.6214
102.6380,0.7502,3.223
102.6382,0.7682,3.3003
102.6384,0.7662,3.2915
102.6386,0.7881,3.3826
102.6388,0.8328,3.5779
102.6390,0.8283,3.5517
102.6392,0.8804,3.7753
102.6394,0.9336,3.9994
102.6396,0.9646,4.1266
102.6398,1.0852,4.6383
102.6400,1.1493,4.9143
102.6402,1.1189,4.7935
102.6404,1.0175,4.3589
102.6406,1.012,4.3333
102.6408,1.0201,4.3702
102.6410,1.0414,4.4653
102.6412,0.9279,3.9752
102.6414,0.9965,4.2631
102.6416,1.1291,4.8326
102.6418,1.0933,4.6858
102.6420,1.0499,4.4892
102.6422,1.103,4.7142
102.6424,1.1355,4.8598
102.6426,1.1473,4.9061
102.6428,1.2343,5.2679
102.6430,1.2169,5.201
102.6432,1.1892,5.0921
102.6434,1.1271,4.8194
102.6436,1.1866,5.0713
102.6438,1.2107,5.1816
102.6440,1.0788,4.6257
102.6442,1.0053,4.3146
102.6444,0.9497,4.0782
102.6446,0.9417,4.04
102.6448,0.935,4.0149
102.6450,0.9387,4.029
102.6452,0.9599,4.1181
102.6454,0.9294,3.9851
102.6456,0.9649,4.1412
102.6458,0.9908,4.2484
102.6460,1.0222,4.3831
102.6462,1.0033,4.3064
102.6464,0.9339,4.0121
102.6466,0.9242,3.9686
102.6468,0.9465,4.0586
102.6470,0.9677,4.1535
102.6472,0.9343,4.0118
102.6474,0.9309,4.0011
102.6476,0.9037,3.8841
102.6478,0.8891,3.8195
102.6480,0.8685,3.7344
102.6482,0.8544,3.674
102.6484,0.8457,3.6313
102.6486,0.902,3.8751
102.6488,0.8568,3.6843
102.6490,0.8404,3.6154
102.6492,0.8478,3.644
102.6494,0.8622,3.7058
102.6496,0.8682,3.7299
102.6498,0.8951,3.8434
102.6500,0.9025,3.8754
102.6502,0.8551,3.6771
102.6504,0.8547,3.6699
102.6506,0.9928,4.2551
102.6508,1.0843,4.6451
102.6510,1.0977,4.7026
102.6512,1.0572,4.5374
102.6514,0.9575,4.1136
102.6516,0.9241,3.968
102.6518,0.9262,3.9755
102.6520,0.9538,4.0957
102.6522,0.9384,4.0349
102.6524,0.918,3.9455
102.6526,0.9409,4.042
102.6528,0.9463,4.0652
102.6530,0.8911,3.8211
102.6532,0.9898,4.2502
102.6534,0.9796,4.2103
102.6536,0.9495,4.0734
102.6538,0.9855,4.2297
102.6540,1.0092,4.3336
102.6542,0.9375,4.0388
102.6544,0.7247,3.1249
102.6546,0.6447,2.78
102.6548,0.6511,2.81
102.6550,0.6207,2.6791
102.6552,0.6284,2.7097
102.6554,0.6505,2.8035
102.6556,0.6804,2.9368
102.6558,0.6655,2.8681
102.6560,0.6975,3.0047
102.6562,0.6839,2.9505
102.6564,0.7122,3.0697
102.6566,0.6619,2.8553
102.6568,0.6029,2.6008
102.6570,0.6737,2.9051
102.6572,0.6944,2.9899
102.6574,0.7412,3.1918
102.6576,0.7445,3.2042
102.6578,0.8103,3.4794
102.6580,0.9072,3.8991
102.6582,0.9043,3.8994
102.6584,0.6556,2.8297
102.6586,0.5912,2.553
102.6588,0.5857,2.5292
102.6590,0.5743,2.4765
102.6592,0.6107,2.6356
102.6594,0.592,2.5525
102.6596,0.6789,2.9247
102.6598,0.649,2.7986
102.6600,0.6275,2.7093
102.6602,0.5918,2.5556
102.6604,0.5986,2.5798
102.6606,0.6,2.5872
102.6608,0.611,2.6372
102.6610,0.5929,2.5578
102.6612,0.6036,2.6015
102.6614,0.6104,2.6285
102.6616,0.6776,2.9203
102.6618,0.6716,2.8958
102.6620,0.6163,2.6538
102.6622,0.7151,3.0778
102.6624,0.7476,3.2161
102.6626,0.8114,3.4857
102.6628,0.8114,3.4971
102.6630,0.7031,3.029
102.6632,0.6966,3.0067
102.6634,0.6059,2.6149
102.6636,0.5858,2.5297
102.6638,0.5826,2.5134
102.6640,0.5742,2.4772
102.6642,0.5807,2.5062
102.6644,0.5751,2.4796
102.6646,0.62,2.6685
102.6648,0.6875,2.9618
102.6650,0.6742,2.9059
102.6652,0.6836,2.9475
102.6654,0.6795,2.9259
102.6656,0.6812,2.9345
102.6658,0.6986,3.0052
102.6660,0.7077,3.0444
102.6662,0.7674,3.2982
102.6664,0.8003,3.4447
102.6666,0.7566,3.2533
102.6668,0.7942,3.42
102.6670,0.7258,3.1252
102.6672,0.7225,3.1112
102.6674,0.7096,3.054
102.6676,0.6912,2.9779
102.6678,0.7177,3.092
102.6680,0.7138,3.0735
102.6682,0.7075,3.0481
102.6684,0.7322,3.1487
102.6686,0.7548,3.2501
102.6688,0.7179,3.0911
102.6690,0.7206,3.0986
102.6692,0.79,3.3972
102.6694,0.7279,3.1345
102.6696,0.7084,3.056
102.6698,0.6116,2.6398
102.6700,0.6122,2.6387
102.6702,0.6639,2.8654
102.6704,0.5544,2.394
102.6706,0.5435,2.3458
102.6708,0.5656,2.4354
102.6710,0.6646,2.8632
102.6712,0.6195,2.6702
102.6714,0.6165,2.6585
102.6716,0.6645,2.8613
102.6718,0.7012,3.0207
102.6720,0.7403,3.1802
102.6722,0.8201,3.5217
102.6724,0.844,3.6258
102.6726,0.8324,3.5725
102.6728,0.8778,3.7675
102.6730,1.0099,4.3286
102.6732,1.1074,4.7398
102.6734,1.1197,4.7921
102.6736,1.0899,4.667
102.6738,1.0761,4.6123
102.6740,1.0759,4.6112
102.6742,1.0742,4.5998
102.6744,1.0903,4.6773
102.6746,1.0224,4.3861
102.6748,1.0767,4.6127
102.6750,1.1002,4.7112
102.6752,1.1199,4.7909
102.6754,1.1617,4.9769
102.6756,1.0526,4.5179
102.6758,1.0143,4.3471
102.6760,1.05,4.5002
102.6762,1.097,4.6973
102.6764,1.1439,4.9003
102.6766,1.1021,4.7282
102.6768,1.0533,4.5125
102.6770,1.0723,4.5937
102.6772,1.0816,4.6381
102.6774,1.0307,4.4319
102.6776,0.888,3.8166
102.6778,0.9242,3.9704
102.6780,0.961,4.1247
102.6782,1.0075,4.3244
102.6784,1.0314,4.4206
102.6786,1.0529,4.5273
102.6788,0.8882,3.8194
102.6790,0.9201,3.9566
102.6792,0.9471,4.0631
102.6794,1.0092,4.3336
102.6796,0.9424,4.0544
102.6798,0.8303,3.5737
102.6800,0.803,3.4528
102.6802,0.8548,3.6739
102.6804,0.8703,3.7438
102.6806,0.8669,3.7294
102.6808,0.8279,3.57
102.6810,0.7539,3.2435
102.6812,0.8363,3.5962
102.6814,0.8375,3.5997
102.6816,0.8893,3.8258
102.6818,0.8634,3.7144
102.6820,0.7417,3.1968
102.6822,0.7054,3.0388
102.6824,0.8159,3.5085
102.6826,0.8724,3.7531
102.6828,0.8501,3.6572
102.6830,0.7824,3.372
102.6832,0.6778,2.9241
102.6834,0.6565,2.8307
102.6836,0.6619,2.85
102.6838,0.7235,3.1154
102.6840,0.7368,3.1771
102.6842,0.6882,2.9663
102.6844,0.7307,3.1434
102.6846,0.8055,3.4621
102.6848,0.8316,3.5777
102.6850,0.8544,3.6774
102.6852,0.8556,3.6775
102.6854,0.8707,3.7459
102.6856,0.8778,3.7711
102.6858,0.9388,4.0332
102.6860,0.9298,3.9872
102.6862,1.02,4.3738
102.6864,1.0508,4.508
102.6866,1.0637,4.5652
102.6868,1.0548,4.5229
102.6870,1.0524,4.5147
102.6872,1.0225,4.3948
102.6874,0.9452,4.0643
102.6876,0.9453,4.0573
102.6878,0.9732,4.183
102.6880,0.9595,4.1199
102.6882,0.939,4.0356
102.6884,0.959,4.1217
102.6886,0.9569,4.111
102.6888,0.949,4.0827
102.6890,0.9102,3.9138
102.6892,0.8759,3.7646
102.6894,0.9073,3.8996
102.6896,0.968,4.1545
102.6898,1.0109,4.3408
102.6900,1.008,4.3325
102.6902,0.9656,4.152
102.6904,0.8171,3.5235
102.6906,0.6912,2.9834
102.6908,0.6408,2.7668
102.6910,0.636,2.7448
102.6912,0.6543,2.8214
102.6914,0.6952,2.9991
102.6916,0.6792,2.9303
102.6918,0.6357,2.7425
102.6920,0.5987,2.5851
102.6922,0.6402,2.7578
102.6924,0.7442,3.2091
102.6926,0.6891,2.9699
102.6928,0.6717,2.8977
102.6930,0.6628,2.8568
102.6932,0.7579,3.2605
102.6934,0.8035,3.4613
102.6936,0.7701,3.3177
102.6938,0.7995,3.4395
102.6940,0.827,3.556
102.6942,0.8657,3.7173
102.6944,0.8962,3.8535
102.6946,0.8517,3.6622
102.6948,0.8927,3.8367
102.6950,0.9476,4.0727
102.6952,0.9402,4.037
102.6954,0.9432,4.0499
102.6956,0.9905,4.2454
102.6958,1.0934,4.6885
102.6960,1.1428,4.898
102.6962,1.1308,4.8489
102.6964,1.0807,4.6426
102.6966,1.0247,4.3918
102.6968,1.1128,4.7651
102.6970,1.1122,4.767
102.6972,1.1261,4.8311
102.6974,1.1103,4.7632
102.6976,1.0784,4.6199
102.6978,1.153,4.9394
102.6980,1.1837,5.0756
102.6982,1.1399,4.8925
102.6984,1.0598,4.5466
102.6986,1.0633,4.5615
102.6988,1.0679,4.5832
102.6990,1.0858,4.6539
102.6992,1.146,4.9233
102.6994,0.9453,4.0686
102.6996,0.8676,3.7342
102.6998,0.8669,3.7155
102.7000,1.1596,4.9676
102.7002,1.2663,5.4223
102.7004,1.2947,5.5388
102.7006,1.3678,5.8435
102.7008,1.3908,5.9413
102.7010,1.4174,6.0493
102.7012,1.4013,5.9892
102.7014,1.3687,5.8553
102.7016,1.3677,5.8539
102.7018,1.3414,5.7356
102.7020,1.2933,5.5378
102.7022,1.2868,5.5152
102.7024,1.2684,5.4315
102.7026,1.2915,5.5301
102.7028,1.2633,5.417
102.7030,1.1753,5.0467
102.7032,1.138,4.8888
102.7034,1.0005,4.306
102.7036,0.9175,3.9489
102.7038,0.8324,3.5842
102.7040,0.8593,3.6952
102.7042,0.9325,4.0134
102.7044,0.9006,3.8743
102.7046,0.9278,3.997
102.7048,0.8487,3.6595
102.7050,0.8795,3.7783
102.7052,0.9747,4.1892
102.7054,1.0426,4.4746
102.7056,1.1327,4.8571
102.7058,1.1526,4.9425
102.7060,1.1579,4.9767
102.7062,1.0855,4.6697
102.7064,1.0364,4.4422
102.7066,1.2066,5.169
102.7068,1.1938,5.1236
102.7070,1.1331,4.8564
102.7072,1.2009,5.1448
102.7074,1.318,5.6462
102.7076,1.2406,5.3223
102.7078,1.1018,4.7311
102.7080,1.1386,4.8823
102.7082,1.1943,5.1214
102.7084,1.1494,4.9355
102.7086,1.0771,4.6336
102.7088,1.0282,4.4149
102.7090,1.0386,4.4577
102.7092,1.1131,4.7817
102.7094,1.0485,4.5067
102.7096,1.0732,4.6128
102.7098,1.0837,4.6533
102.7100,1.0228,4.402
102.7102,0.97,4.1711
102.7104,1.0085,4.3285
102.7106,1.0756,4.6317
102.7108,0.9645,4.1512
102.7110,0.9355,4.0244
102.7112,0.9681,4.1647
102.7114,0.9656,4.1558
102.7116,0.9861,4.2362
102.7118,1.1211,4.8117
102.7120,1.165,5.0047
102.7122,1.1831,5.0825
102.7124,1.0902,4.6833
102.7126,1.0688,4.5895
102.7128,1.1111,4.769
102.7130,1.1603,4.98
102.7132,1.0736,4.6187
102.7134,0.9966,4.2875
102.7136,0.9872,4.2448
102.7138,0.9888,4.2579
102.7140,0.9855,4.2415
102.7142,1.0017,4.3072
102.7144,0.9716,4.1797
102.7146,0.9608,4.1352
102.7148,0.9334,4.0231
102.7150,0.8808,3.798
102.7152,0.8695,3.746
102.7154,0.9177,3.9499
102.7156,0.9502,4.0917
102.7158,0.9529,4.0992
102.7160,0.9442,4.0659
102.7162,0.9354,4.0295
102.7164,0.9102,3.9211
102.7166,0.9362,4.0294
102.7168,0.9338,4.0284
102.7170,0.79,3.4051
102.7172,0.8133,3.5053
102.7174,0.8947,3.8508
102.7176,0.9495,4.0905
102.7178,0.9322,4.0124
102.7180,0.8634,3.7248
102.7182,0.8023,3.461
102.7184,0.8023,3.4578
102.7186,0.8972,3.8599
102.7188,0.9036,3.8963
102.7190,0.7686,3.3172
102.7192,0.7261,3.134
102.7194,0.7902,3.4072
102.7196,0.8129,3.5054
102.7198,0.7878,3.4015
102.7200,0.7041,3.0416
102.7202,0.68,2.9388
102.7204,0.6257,2.7041
102.7206,0.6175,2.6701
102.7208,0.6282,2.7175
102.7210,0.6511,2.81
102.7212,0.7436,3.2095
102.7214,0.6697,2.8969
102.7216,0.6334,2.739
102.7218,0.7327,3.1551
102.7220,0.8468,3.6495
102.7222,0.788,3.3963
102.7224,0.8189,3.5312
102.7226,0.8038,3.4677
102.7228,0.7265,3.1428
102.7230,0.6512,2.8131
102.7232,0.635,2.7432
102.7234,0.6264,2.7072
102.7236,0.6132,2.6514
102.7238,0.621,2.6826
102.7240,0.6191,2.6706
102.7242,0.6661,2.8774
102.7244,0.6609,2.8577
102.7246,0.6242,2.6978
102.7248,0.6313,2.7234
102.7250,0.6837,2.9453
102.7252,0.7894,3.4056
102.7254,0.6593,2.8497
102.7256,0.5951,2.5731
102.7258,0.6162,2.6631
102.7260,0.6163,2.6624
102.7262,0.6193,2.6729
102.7264,0.6134,2.6512
102.7266,0.6179,2.6691
102.7268,0.617,2.6643
102.7270,0.6167,2.664
102.7272,0.6332,2.7317
102.7274,0.701,3.0253
102.7276,0.6878,2.967
102.7278,0.6826,2.9448
102.7280,0.6839,2.9518
102.7282,0.6659,2.8729
102.7284,0.7456,3.2119
102.7286,0.7361,3.1725
102.7288,0.7446,3.2092
102.7290,0.7587,3.2778
102.7292,0.6414,2.7694
102.7294,0.6141,2.6531
102.7296,0.6121,2.6443
102.7298,0.6116,2.6398
102.7300,0.6328,2.7314
102.7302,0.5957,2.5674
102.7304,0.791,3.4013
102.7306,0.8681,3.738
102.7308,0.7922,3.416
102.7310,0.7998,3.4437
102.7312,0.7846,3.3787
102.7314,0.7843,3.3787
102.7316,0.7881,3.3968
102.7318,0.7956,3.4241
102.7320,0.8421,3.6159
102.7322,0.9897,4.2437
102.7324,1.1312,4.8527
102.7326,1.1411,4.8954
102.7328,1.0408,4.4711
102.7330,1.0055,4.3136
102.7332,1.0738,4.6004
102.7334,1.1428,4.898
102.7336,1.0884,4.6712
102.7338,1.046,4.4896
102.7340,1.0572,4.5459
102.7342,0.9827,4.2316
102.7344,0.8349,3.5917
102.7346,0.826,3.5601
102.7348,0.8463,3.6424
102.7350,0.8321,3.5831
102.7352,0.8276,3.5569
102.7354,0.8633,3.7208
102.7356,0.7195,3.1098
102.7358,0.6313,2.7284
102.7360,0.5504,2.3808
102.7362,0.5144,2.2252
102.7364,0.4932,2.1324
102.7366,0.4879,2.1096
102.7368,0.4914,2.1256
102.7370,0.5382,2.3263
102.7372,0.5864,2.5334
102.7374,0.5993,2.5877
102.7376,0.5796,2.5039
102.7378,0.6457,2.7867
102.7380,0.6355,2.7377
102.7382,0.7266,3.1244
102.7384,0.8482,3.6421
102.7386,0.9236,3.9715
102.7388,0.9408,4.0471
102.7390,0.889,3.8261
102.7392,0.8985,3.862
102.7394,0.9121,3.922
102.7396,0.8852,3.803
102.7398,0.9592,4.1151
102.7400,0.9983,4.2847
102.7402,1.0282,4.4129
102.7404,1.0339,4.4397
102.7406,1.0373,4.452
102.7408,1.036,4.4443
102.7410,1.006,4.3197
102.7412,1.061,4.5496
102.7414,1.0951,4.6935
102.7416,1.1176,4.7923
102.7418,1.1555,4.9548
102.7420,1.1224,4.8129
102.7422,1.0965,4.704
102.7424,1.0507,4.5096
102.7426,1.0665,4.584
102.7428,1.0258,4.4005
102.7430,1.0309,4.4309
102.7432,0.9199,3.9555
102.7434,0.9543,4.0978
102.7436,1.027,4.4077
102.7438,1.037,4.4551
102.7440,1.0041,4.3155
102.7442,0.9512,4.0882
102.7444,0.9526,4.0944
102.7446,0.8869,3.8226
102.7448,0.8547,3.6785
102.7450,0.905,3.888
102.7452,0.9709,4.1785
102.7454,0.8761,3.7726
102.7456,0.8162,3.5194
102.7458,0.7171,3.0923
102.7460,0.7394,3.1899
102.7462,0.7426,3.2019
102.7464,0.7182,3.0955
102.7466,0.7788,3.3565
102.7468,0.7884,3.3963
102.7470,0.795,3.4215
102.7472,0.8592,3.6947
102.7474,0.8379,3.6096
102.7476,0.7794,3.356
102.7478,0.847,3.6471
102.7480,0.856,3.6876
102.7482,0.7814,3.3632
102.7484,0.8192,3.5257
102.7486,0.8589,3.688
102.7488,0.9261,3.9842
102.7490,0.94,4.0384
102.7492,0.9515,4.0974
102.7494,0.8569,3.6883
102.7496,0.8338,3.597
102.7498,0.7579,3.2651
102.7500,0.7948,3.4241
102.7502,0.7816,3.3658
102.7504,0.844,3.6376
102.7506,0.7493,3.2309
102.7508,0.6887,2.9725
102.7510,0.6957,3.0053
102.7512,0.6814,2.9396
102.7514,0.6809,2.9362
102.7516,0.6611,2.8508
102.7518,0.7674,3.3028
102.7520,0.8831,3.8061
102.7522,0.7616,3.2811
102.7524,0.7175,3.091
102.7526,0.8157,3.5108
102.7528,0.8766,3.7694
102.7530,0.8782,3.7779
102.7532,0.8755,3.7665
102.7534,0.9114,3.9244
102.7536,0.8059,3.4733
102.7538,0.7442,3.2091
102.7540,0.7065,3.0477
102.7542,0.7252,3.124
102.7544,0.7881,3.3905
102.7546,0.9116,3.9218
102.7548,0.8277,3.564
102.7550,0.7767,3.3461
102.7552,0.7797,3.3528
102.7554,0.8444,3.6358
102.7556,0.8125,3.5033
102.7558,0.7105,3.0624
102.7560,0.7213,3.1147
102.7562,0.6897,2.9767
102.7564,0.6828,2.9458
102.7566,0.6978,3.0091
102.7568,0.6968,3.0058
102.7570,0.6683,2.8805
102.7572,0.6752,2.914
102.7574,0.6246,2.6994
102.7576,0.5909,2.5526
102.7578,0.5868,2.5338
102.7580,0.5759,2.4879
102.7582,0.5706,2.4639
102.7584,0.6083,2.6216
102.7586,0.6845,2.9489
102.7588,0.6837,2.9467
102.7590,0.6952,3.0005
102.7592,0.6866,2.9591
102.7594,0.7011,3.0216
102.7596,0.6831,2.9523
102.7598,0.5665,2.4475
102.7600,0.5548,2.3956
102.7602,0.5532,2.3877
102.7604,0.5551,2.396
102.7606,0.5742,2.4772
102.7608,0.6247,2.6962
102.7610,0.6212,2.6812
102.7612,0.6215,2.681
102.7614,0.6212,2.6799
102.7616,0.6071,2.614
102.7618,0.7356,3.1646
102.7620,0.7507,3.2341
102.7622,0.7302,3.1399
102.7624,0.7631,3.2949
102.7626,0.6059,2.6161
102.7628,0.6363,2.7451
102.7630,0.6149,2.6537
102.7632,0.6339,2.7297
102.7634,0.7705,3.3131
102.7636,0.8553,3.6759
102.7638,0.8227,3.5341
102.7640,0.8695,3.7477
102.7642,0.7345,3.1673
102.7644,0.7011,3.0244
102.7646,0.6109,2.6354
102.7648,0.634,2.7264
102.7650,0.8051,3.4637
102.7652,0.7874,3.3905
102.7654,0.7839,3.3756
102.7656,0.7102,3.0637
102.7658,0.6307,2.7233
102.7660,0.5904,2.5482
102.7662,0.5916,2.5545
102.7664,0.599,2.583
102.7666,0.6508,2.8038
102.7668,0.6239,2.6913
102.7670,0.6051,2.6118
102.7672,0.6099,2.6325
102.7674,0.5968,2.5756
102.7676,0.5806,2.5069
102.7678,0.5602,2.4178
102.7680,0.5706,2.4616
102.7682,0.5946,2.5663
102.7684,0.5958,2.5703
102.7686,0.5727,2.467
102.7688,0.6326,2.7291
102.7690,0.5193,2.2444
102.7692,0.4781,2.0671
102.7694,0.4601,1.9866
102.7696,0.5237,2.2583
102.7698,0.6207,2.6766
102.7700,0.6418,2.7676
102.7702,0.6259,2.6976
102.7704,0.646,2.787
102.7706,0.6316,2.7224
102.7708,0.6697,2.8822
102.7710,0.7676,3.3069
102.7712,0.7447,3.2023
102.7714,0.8777,3.7653
102.7716,0.9515,4.0802
102.7718,0.9628,4.1343
102.7720,1.0404,4.4591
102.7722,1.0677,4.5784
102.7724,1.0421,4.4642
102.7726,1.0616,4.5522
102.7728,1.0782,4.6145
102.7730,1.1638,4.9716
102.7732,1.199,5.1318
102.7734,1.179,5.0485
102.7736,1.1643,4.9737
102.7738,1.2915,5.512
102.7740,1.3657,5.837
102.7742,1.2761,5.4567
102.7744,1.2388,5.2923
102.7746,1.2776,5.4603
102.7748,1.2706,5.4331
102.7750,1.2596,5.396
102.7752,1.1396,4.8796
102.7754,1.2087,5.171
102.7756,1.2924,5.5239
102.7758,1.3626,5.8264
102.7760,1.3222,5.6457
102.7762,1.3455,5.7509
102.7764,1.2891,5.5147
102.7766,1.2423,5.3196
102.7768,1.2512,5.3551
102.7770,1.2826,5.4895
102.7772,1.24,5.3148
102.7774,1.1216,4.8115
102.7776,1.0616,4.5543
102.7778,1.0521,4.5137
102.7780,1.0916,4.6829
102.7782,1.0375,4.4489
102.7784,1.1096,4.7468
102.7786,1.1081,4.7606
102.7788,0.9442,4.0602
102.7790,0.9067,3.9006
102.7792,0.9447,4.0604
102.7794,0.9337,4.013
102.7796,0.9294,4.0018
102.7798,0.8992,3.8699
102.7800,0.9482,4.0677
102.7802,1.0683,4.5896
102.7804,0.9396,4.0401
102.7806,0.9369,4.0269
102.7808,0.9921,4.2659
102.7810,1.0029,4.3103
102.7812,0.9621,4.137
102.7814,0.9128,3.9288
102.7816,1.0785,4.6226
102.7818,1.0849,4.6541
102.7820,1.0358,4.4458
102.7822,1.0691,4.5841
102.7824,1.0728,4.6022
102.7826,1.0067,4.3248
102.7828,0.9782,4.2042
102.7830,0.9909,4.2548
102.7832,1.0155,4.3583
102.7834,1.0533,4.5315
102.7836,0.9718,4.1827
102.7838,0.9025,3.879
102.7840,0.9191,3.9611
102.7842,0.8146,3.5094
102.7844,0.8029,3.4571
102.7846,0.8007,3.4479
102.7848,0.8629,3.7124
102.7850,0.8938,3.8449
102.7852,0.8531,3.6701
102.7854,0.8826,3.8005
102.7856,0.9103,3.9198
102.7858,0.8911,3.8336
102.7860,0.8398,3.6162
102.7862,0.8344,3.5929
102.7864,0.8327,3.5874
102.7866,0.7758,3.3467
102.7868,0.7752,3.3363
102.7870,0.8384,3.615
102.7872,0.7625,3.2877
102.7874,0.7561,3.2588
102.7876,0.8033,3.4576
102.7878,0.8191,3.5219
102.7880,0.8621,3.7088
102.7882,0.9109,3.915
102.7884,0.9579,4.1228
102.7886,0.8646,3.723
102.7888,0.8348,3.5978
102.7890,0.855,3.6817
102.7892,0.8451,3.6355
102.7894,0.8639,3.7148
102.7896,0.8374,3.6042
102.7898,0.8378,3.6057
102.7900,0.8941,3.8501
102.7902,0.8452,3.6377
102.7904,0.8569,3.6951
102.7906,0.7867,3.3937
102.7908,0.7228,3.1166
102.7910,0.6954,3.0015
102.7912,0.6408,2.7668
102.7914,0.6809,2.9348
102.7916,0.7355,3.1655
102.7918,0.7896,3.4014
102.7920,0.788,3.3947
102.7922,0.8538,3.6697
102.7924,0.9855,4.2317
102.7926,0.9587,4.1207
102.7928,0.8972,3.8599
102.7930,0.886,3.8079
102.7932,0.9324,4.011
102.7934,0.9583,4.1148
102.7936,0.944,4.063
102.7938,0.8441,3.6364
102.7940,0.842,3.6238
102.7942,0.923,3.9708
102.7944,0.8725,3.7571
102.7946,0.8858,3.8073
102.7948,1.0061,4.3242
102.7950,0.939,4.0413
102.7952,0.9318,4.0103
102.7954,0.9012,3.8751
102.7956,0.8309,3.5746
102.7958,0.8928,3.8426
102.7960,0.8262,3.5628
102.7962,0.7873,3.3916
102.7964,0.846,3.6362
102.7966,0.9265,3.9876
102.7968,0.8509,3.6642
102.7970,0.782,3.372
102.7972,0.7084,3.0531
102.7974,0.7019,3.0266
102.7976,0.7308,3.1498
102.7978,0.7568,3.2543
102.7980,0.892,3.8354
102.7982,0.9717,4.1783
102.7984,1.0134,4.3496
102.7986,0.9868,4.2353
102.7988,0.9834,4.2249
102.7990,0.9362,4.0219
102.7992,0.9206,3.9642
102.7994,0.8593,3.7038
102.7996,0.7995,3.4459
102.7998,0.7219,3.1144
102.8000,0.7145,3.0809
102.8002,0.7235,3.1211
102.8004,0.6958,3.0003
102.8006,0.6972,3.0079
102.8008,0.709,3.06
102.8010,0.7122,3.074
102.8012,0.6523,2.8165
102.8014,0.6909,2.9777
102.8016,0.7234,3.1148
102.8018,0.7634,3.2888
102.8020,0.74,3.194
102.8022,0.6972,3.0051
102.8024,0.6885,2.9701
102.8026,0.7012,3.0249
102.8028,0.7254,3.1294
102.8030,0.7372,3.1727
102.8032,0.8213,3.535
102.8034,0.8182,3.52
102.8036,0.829,3.5697
102.8038,0.8213,3.535
102.8040,0.8351,3.5977
102.8042,0.7796,3.3601
102.8044,0.7529,3.2403
102.8046,0.8789,3.7775
102.8048,0.9286,3.995
102.8050,0.8585,3.695
102.8052,0.8747,3.7612
102.8054,0.8496,3.6517
102.8056,0.9117,3.9168
102.8058,0.933,4.0136
102.8060,0.9195,3.9558
102.8062,0.9183,3.9452
102.8064,0.9304,4.0009
102.8066,0.9127,3.921
102.8068,0.9649,4.1508
102.8070,0.9509,4.0758
102.8072,1.1361,4.8715
102.8074,1.1282,4.8376
102.8076,1.1597,4.9751
102.8078,1.0905,4.6805
102.8080,1.0282,4.4129
102.8082,1.0026,4.3113
102.8084,0.9187,3.9504
102.8086,0.9694,4.1549
102.8088,1.0597,4.5482
102.8090,1.0255,4.4077
102.8092,0.9506,4.0818
102.8094,1.0123,4.349
102.8096,1.022,4.3846
102.8098,1.0563,4.5402
102.8100,0.9732,4.1772
102.8102,1.0379,4.4483
102.8104,1.1179,4.7956
102.8106,1.1447,4.9177
102.8108,1.0874,4.6693
102.8110,1.0482,4.4883
102.8112,1.0683,4.581
102.8114,1.0929,4.6886
102.8116,1.1153,4.7826
102.8118,1.1535,4.9553
102.8120,1.0729,4.6005
102.8122,1.0834,4.648
102.8124,1.0964,4.7057
102.8126,1.1079,4.7529
102.8128,1.0716,4.6013
102.8130,1.084,4.6505
102.8132,1.1165,4.7944
102.8134,1.0622,4.5612
102.8136,1.09,4.6763
102.8138,1.1589,4.9669
102.8140,1.2224,5.2417
102.8142,1.0932,4.694
102.8144,1.0231,4.3995
102.8146,1.056,4.5323
102.8148,1.1013,4.7422
102.8150,0.936,4.0265
102.8152,0.9188,3.9509
102.8154,0.9977,4.2882
102.8156,1.018,4.3732
102.8158,0.9959,4.2824
102.8160,0.9838,4.2323
102.8162,0.9802,4.2129
102.8164,0.9969,4.2846
102.8166,1.0157,4.3675
102.8168,0.9204,3.9631
102.8170,0.8789,3.788
102.8172,0.8472,3.6533
102.8174,0.8122,3.4974
102.8176,0.839,3.6159
102.8178,0.849,3.661
102.8180,0.8315,3.5872
102.8182,0.7394,3.1885
102.8184,0.7495,3.2334
102.8186,0.7607,3.28
102.8188,0.7786,3.3575
102.8190,0.7229,3.1186
102.8192,0.7164,3.0964
102.8194,0.6673,2.8839
102.8196,0.6428,2.7769
102.8198,0.6328,2.7326
102.8200,0.6306,2.7215
102.8202,0.6379,2.7531
102.8204,0.6587,2.8471
102.8206,0.637,2.7508
102.8208,0.6385,2.757
102.8210,0.6358,2.7468
102.8212,0.6508,2.8129
102.8214,0.6813,2.9363
102.8216,0.7294,3.145
102.8218,0.6211,2.6831
102.8220,0.5828,2.5179
102.8222,0.6376,2.7533
102.8224,0.6721,2.8979
102.8226,0.7303,3.1477
102.8228,0.798,3.4408
102.8230,0.7625,3.2832
102.8232,0.7749,3.3462
102.8234,0.6586,2.8453
102.8236,0.6578,2.8364
102.8238,0.7027,3.0331
102.8240,0.6609,2.8525
102.8242,0.6538,2.8245
102.8244,0.6237,2.692
102.8246,0.6199,2.6767
102.8248,0.6438,2.7797
102.8250,0.6355,2.7415
102.8252,0.6264,2.7022
102.8254,0.6322,2.73
102.8256,0.6398,2.7614
102.8258,0.6499,2.8035
102.8260,0.6261,2.7036
102.8262,0.6224,2.6863
102.8264,0.6484,2.7999
102.8266,0.6379,2.7505
102.8268,0.6333,2.7322
102.8270,0.6411,2.7658
102.8272,0.6742,2.9086
102.8274,0.6574,2.8401
102.8276,0.629,2.7173
102.8278,0.6511,2.8061
102.8280,0.7554,3.2512
102.8282,0.8325,3.583
102.8284,0.7617,3.2862
102.8286,0.5936,2.5633
102.8288,0.6415,2.7648
102.8290,0.7002,3.0194
102.8292,0.6488,2.8002
102.8294,0.677,2.9191
102.8296,0.6858,2.9574
102.8298,0.6227,2.6886
102.8300,0.5948,2.5685
102.8302,0.5658,2.4455
102.8304,0.517,2.2346
102.8306,0.4972,2.1491
102.8308,0.5031,2.1744
102.8310,0.7047,3.0371
102.8312,0.7086,3.0542
102.8314,0.7259,3.1271
102.8316,0.7133,3.0743
102.8318,0.7213,3.1046
102.8320,0.7941,3.421
102.8322,0.8103,3.4892
102.8324,0.7984,3.4349
102.8326,0.8433,3.6278
102.8328,0.7508,3.2346
102.8330,0.6936,2.9868
102.8332,0.7716,3.3286
102.8334,0.6361,2.7453
102.8336,0.6336,2.7357
102.8338,0.6146,2.6552
102.8340,0.6237,2.6895
102.8342,0.701,3.0211
102.8344,0.6801,2.9353
102.8346,0.5548,2.3934
102.8348,0.5519,2.3821
102.8350,0.5357,2.3154
102.8352,0.535,2.3091
102.8354,0.5719,2.4708
102.8356,0.4769,2.0638
102.8358,0.4128,1.7859
102.8360,0.4165,1.8011
102.8362,0.4185,1.8086
102.8364,0.4862,2.1004
102.8366,0.5129,2.2139
102.8368,0.5098,2.2004
102.8370,0.5572,2.4015
102.8372,0.6186,2.671
102.8374,0.591,2.5448
102.8376,0.6914,2.977
102.8378,0.7225,3.1141
102.8380,0.6957,2.997
102.8382,0.69,2.9672
102.8384,0.7821,3.3631
102.8386,0.7932,3.4153
102.8388,0.7669,3.3007
102.8390,0.8081,3.4734
102.8392,0.8205,3.5265
102.8394,0.8789,3.7757
102.8396,0.9159,3.933
102.8398,0.9026,3.8759
102.8400,0.9334,4.0045
102.8402,0.8994,3.8692
102.8404,0.8498,3.6522
102.8406,0.8951,3.8452
102.8408,0.8921,3.8324
102.8410,0.8659,3.7235
102.8412,0.8352,3.5899
102.8414,0.8533,3.6694
102.8416,0.8605,3.7003
102.8418,0.8352,3.5966
102.8420,0.7711,3.3219
102.8422,0.7645,3.2873
102.8424,0.8079,3.4724
102.8426,0.8827,3.7886
102.8428,0.9792,4.2029
102.8430,0.9227,3.96
102.8432,0.9167,3.9398
102.8434,0.912,3.9179
102.8436,0.9706,4.1697
102.8438,0.9009,3.8687
102.8440,0.8471,3.646
102.8442,0.8222,3.5353
102.8444,0.8584,3.691
102.8446,0.7755,3.3363
102.8448,0.7747,3.3343
102.8450,0.7939,3.4153
102.8452,0.7899,3.403
102.8454,0.714,3.0731
102.8456,0.7456,3.2074
102.8458,0.7719,3.3193
102.8460,0.8156,3.5086
102.8462,0.8223,3.5391
102.8464,0.7984,3.4396
102.8466,0.7083,3.0498
102.8468,0.6935,2.9891
102.8470,0.6797,2.9296
102.8472,0.6906,2.978
102.8474,0.7092,3.0525
102.8476,0.7939,3.4137
102.8478,0.8405,3.6142
102.8480,0.8792,3.7772
102.8482,0.9114,3.9153
102.8484,0.9667,4.1528
102.8486,0.9227,3.96
102.8488,0.9071,3.8949
102.8490,0.8858,3.8144
102.8492,0.7285,3.1414
102.8494,0.6633,2.8615
102.8496,0.6646,2.8645
102.8498,0.6743,2.9037
102.8500,0.6735,2.9041
102.8502,0.6761,2.9128
102.8504,0.6743,2.9064
102.8506,0.6736,2.906
102.8508,0.6954,2.9918
102.8510,0.7623,3.2857
102.8512,0.6814,2.9355
102.8514,0.7393,3.1806
102.8516,0.7397,3.1865
102.8518,0.6661,2.8734
102.8520,0.6536,2.8196
102.8522,0.6662,2.8712
102.8524,0.6735,2.8987
102.8526,0.7266,3.1288
102.8528,0.7338,3.1656
102.8530,0.6581,2.8379
102.8532,0.6255,2.696
102.8534,0.6433,2.77
102.8536,0.701,3.0211
102.8538,0.6881,2.963
102.8540,0.7104,3.0577
102.8542,0.6936,2.9882
102.8544,0.6897,2.9739
102.8546,0.6831,2.9455
102.8548,0.6155,2.6576
102.8550,0.5409,2.3344
102.8552,0.5374,2.3205
102.8554,0.5362,2.3143
102.8556,0.5356,2.3106
102.8558,0.561,2.418
102.8560,0.6446,2.7782
102.8562,0.6265,2.7027
102.8564,0.5459,2.3562
102.8566,0.5374,2.3194
102.8568,0.5837,2.5204
102.8570,0.5501,2.3732
102.8572,0.5876,2.5316
102.8574,0.5989,2.5861
102.8576,0.5344,2.3076
102.8578,0.5285,2.2822
102.8580,0.5279,2.2796
102.8582,0.5236,2.261
102.8584,0.5237,2.2604
102.8586,0.5223,2.2553
102.8588,0.524,2.2604
102.8590,0.5269,2.2739
102.8592,0.5237,2.2615
102.8594,0.5243,2.2641
102.8596,0.5267,2.2755
102.8598,0.5245,2.2635
102.8600,0.5264,2.2708
102.8602,0.5247,2.2635
102.8604,0.5275,2.2754
102.8606,0.6008,2.5848
102.8608,0.6916,2.978
102.8610,0.6815,2.936
102.8612,0.6634,2.858
102.8614,0.6249,2.6947
102.8616,0.6102,2.6311
102.8618,0.6176,2.6607
102.8620,0.6456,2.7811
102.8622,0.592,2.5502
102.8624,0.5725,2.4665
102.8626,0.585,2.5225
102.8628,0.5911,2.5465
102.8630,0.6439,2.7725
102.8632,0.6536,2.8144
102.8634,0.658,2.8348
102.8636,0.7065,3.0392
102.8638,0.751,3.2261
102.8640,0.7728,3.326
102.8642,0.6742,2.9045
102.8644,0.6466,2.787
102.8646,0.679,2.9197
102.8648,0.7475,3.2186
102.8650,0.6692,2.8815
102.8652,0.6507,2.8033
102.8654,0.6704,2.8853
102.8656,0.7102,3.0524
102.8658,0.7067,3.0402
102.8660,0.6864,2.9544
102.8662,0.7586,3.2666
102.8664,0.6486,2.7953
102.8666,0.5601,2.4161
102.8668,0.5649,2.4334
102.8670,0.6081,2.6211
102.8672,0.6129,2.6381
102.8674,0.5945,2.561
102.8676,0.6066,2.618
102.8678,0.499,2.1558
102.8680,0.4813,2.0772
102.8682,0.4908,2.1171
102.8684,0.5099,2.1979
102.8686,0.5709,2.4604
102.8688,0.5249,2.2688
102.8690,0.4061,1.7544
102.8692,0.4012,1.7316
102.8694,0.456,1.969
102.8696,0.4957,2.1393
102.8698,0.5489,2.3669
102.8700,0.5024,2.1683
102.8702,0.5061,2.1834
102.8704,0.5476,2.3579
102.8706,0.6394,2.7509
102.8708,0.6523,2.8061
102.8710,0.6333,2.7271
102.8712,0.6632,2.8517
102.8714,0.7983,3.4248
102.8716,0.9097,3.9026
102.8718,0.8855,3.7987
102.8720,0.9231,3.9565
102.8722,0.9464,4.0581
102.8724,0.9352,4.0122
102.8726,0.9506,4.0685
102.8728,1.02,4.3718
102.8730,1.0218,4.3754
102.8732,1.1195,4.7871
102.8734,1.134,4.8469
102.8736,1.1424,4.8873
102.8738,1.1355,4.8576
102.8740,1.1543,4.9381
102.8742,1.1343,4.8615
102.8744,1.0417,4.469
102.8746,1.0057,4.3086
102.8748,1.033,4.4252
102.8750,1.0637,4.5503
102.8752,1.102,4.7255
102.8754,0.9836,4.2195
102.8756,0.9779,4.1973
102.8758,0.906,3.8957
102.8760,0.83,3.5639
102.8762,0.9107,3.9067
102.8764,0.9411,4.0374
102.8766,0.9235,3.9673
102.8768,0.8879,3.8143
102.8770,0.8966,3.8501
102.8772,0.9092,3.9006
102.8774,0.8936,3.8462
102.8776,0.7999,3.4378
102.8778,0.8452,3.6411
102.8780,0.7295,3.1412
102.8782,0.6665,2.8715
102.8784,0.6569,2.8288
102.8786,0.6965,2.9964
102.8788,0.7468,3.217
102.8790,0.712,3.0686
102.8792,0.6881,2.963
102.8794,0.7223,3.1059
102.8796,0.7209,3.1083
102.8798,0.651,2.8043
102.8800,0.6914,2.9798
102.8802,0.6301,2.7119
102.8804,0.7074,3.049
102.8806,0.6621,2.8537
102.8808,0.6903,2.971
102.8810,0.667,2.8735
102.8812,0.6073,2.6199
102.8814,0.6231,2.6832
102.8816,0.6976,3.001
102.8818,0.7126,3.0655
102.8820,0.6507,2.8046
102.8822,0.6005,2.588
102.8824,0.6516,2.8056
102.8826,0.702,3.0215
102.8828,0.7454,3.2069
102.8830,0.7486,3.2203
102.8832,0.7333,3.1577
102.8834,0.6387,2.7516
102.8836,0.6391,2.7557
102.8838,0.6421,2.7674
102.8840,0.6314,2.7214
102.8842,0.6143,2.6487
102.8844,0.676,2.9082
102.8846,0.718,3.0916
102.8848,0.6308,2.7213
102.8850,0.5592,2.4114
102.8852,0.5581,2.4078
102.8854,0.4872,2.1045
102.8856,0.5087,2.1958
102.8858,0.5742,2.4737
102.8860,0.6134,2.6426
102.8862,0.5236,2.2641
102.8864,0.4001,1.7301
102.8866,0.4149,1.7922
102.8868,0.4227,1.8242
102.8870,0.4609,1.9911
102.8872,0.476,2.0554
102.8874,0.5306,2.291
102.8876,0.4745,2.0496
102.8878,0.4334,1.8725
102.8880,0.4198,1.8134
102.8882,0.4158,1.7955
102.8884,0.4167,1.8
102.8886,0.4295,1.8554
102.8888,0.4331,1.8709
102.8890,0.4207,1.8167
102.8892,0.4537,1.9591
102.8894,0.4788,2.0664
102.8896,0.5282,2.2775
102.8898,0.5063,2.1854
102.8900,0.4694,2.0251
102.8902,0.4601,1.9856
102.8904,0.4601,1.9856
102.8906,0.4622,1.9959
102.8908,0.4777,2.0598
102.8910,0.499,2.1528
102.8912,0.5195,2.2413
102.8914,0.5703,2.4555
102.8916,0.6152,2.6491
102.8918,0.6185,2.6631
102.8920,0.6194,2.666
102.8922,0.6147,2.6446
102.8924,0.6797,2.9228
102.8926,0.7115,3.0623
102.8928,0.671,2.8865
102.8930,0.6932,2.9806
102.8932,0.7356,3.1602
102.8934,0.7984,3.4301
102.8936,0.7809,3.358
102.8938,0.6809,2.9266
102.8940,0.7213,3.1017
102.8942,0.7935,3.4121
102.8944,0.7915,3.4002
102.8946,0.8102,3.4789
102.8948,0.7844,3.3729
102.8950,0.7463,3.2045
102.8952,0.7745,3.3363
102.8954,0.6228,2.6804
102.8956,0.6402,2.7578
102.8958,0.6257,2.6903
102.8960,0.698,3.0068
102.8962,0.6175,2.6614
102.8964,0.6056,2.609
102.8966,0.6037,2.5996
102.8968,0.6078,2.6159
102.8970,0.705,3.0302
102.8972,0.7687,3.3054
102.8974,0.7688,3.3074
102.8976,0.7066,3.0426
102.8978,0.618,2.661
102.8980,0.6292,2.7095
102.8982,0.6587,2.8352
102.8984,0.6447,2.7761
102.8986,0.6264,2.6984
102.8988,0.6629,2.8533
102.8990,0.702,3.0201
102.8992,0.6995,3.0051
102.8994,0.7685,3.2998
102.8996,0.7864,3.3817
102.8998,0.7189,3.0914
102.9000,0.7091,3.052
102.9002,0.6758,2.9045
102.9004,0.7855,3.3713
102.9006,0.8439,3.627
102.9008,0.7655,3.2945
102.9010,0.7163,3.0829
102.9012,0.63,2.7152
102.9014,0.5325,2.2961
102.9016,0.5551,2.3949
102.9018,0.5435,2.3436
102.9020,0.5481,2.3611
102.9022,0.5343,2.306
102.9024,0.5282,2.2764
102.9026,0.5705,2.4554
102.9028,0.597,2.5683
102.9030,0.6921,2.9759
102.9032,0.6988,3.0034
102.9034,0.7487,3.2148
102.9036,0.8218,3.5272
102.9038,0.8754,3.7573
102.9040,0.8792,3.7772
102.9042,0.8695,3.7338
102.9044,0.9009,3.8633
102.9046,0.9197,3.9435
102.9048,0.9062,3.8805
102.9050,1.008,4.3164
102.9052,1.0278,4.4031
102.9054,1.0191,4.3656
102.9056,1.0421,4.4559
102.9058,1.1667,4.9909
102.9060,1.1448,4.8976
102.9062,1.133,4.8491
102.9064,1.0864,4.6521
102.9066,1.0279,4.4098
102.9068,0.9571,4.1077
102.9070,0.9493,4.0762
102.9072,0.9032,3.8785
102.9074,0.9629,4.1291
102.9076,0.9603,4.1158
102.9078,0.9035,3.8777
102.9080,0.9256,3.9729
102.9082,0.938,4.0221
102.9084,1.0168,4.3559
102.9086,0.9903,4.2483
102.9088,0.9018,3.8723
102.9090,0.909,3.9014
102.9092,0.9232,3.9663
102.9094,0.8524,3.655
102.9096,0.8941,3.8375
102.9098,0.8902,3.8295
102.9100,0.8061,3.4646
102.9102,0.8521,3.654
102.9104,0.9215,3.9604
102.9106,0.8404,3.6137
102.9108,0.7989,3.4321
102.9110,0.8236,3.5366
102.9112,0.8874,3.8123
102.9114,0.897,3.8571
102.9116,0.8423,3.6203
102.9118,0.8691,3.7352
102.9120,0.8709,3.7412
102.9122,0.8661,3.7206
102.9124,0.8789,3.7775
102.9126,0.8386,3.6043
102.9128,0.8149,3.5088
102.9130,0.7663,3.3012
102.9132,0.796,3.4214
102.9134,0.8104,3.4864
102.9136,0.8047,3.4568
102.9138,0.8103,3.4875
102.9140,0.7773,3.341
102.9142,0.8372,3.5964
102.9144,0.8309,3.5746
102.9146,0.7614,3.2755
102.9148,0.7545,3.2506
102.9150,0.6803,2.9295
102.9152,0.7201,3.1009
102.9154,0.6737,2.9011
102.9156,0.6649,2.8642
102.9158,0.6827,2.9398
102.9160,0.6743,2.9064
102.9162,0.674,2.9075
102.9164,0.6733,2.9004
102.9166,0.677,2.9137
102.9168,0.7138,3.075
102.9170,0.674,2.9048
102.9172,0.6493,2.7984
102.9174,0.6057,2.6108
102.9176,0.6759,2.9144
102.9178,0.6399,2.7606
102.9180,0.5923,2.5529
102.9182,0.6188,2.6721
102.9184,0.5457,2.3562
102.9186,0.5281,2.2791
102.9188,0.5267,2.2723
102.9190,0.5242,2.2646
102.9192,0.5265,2.2734
102.9194,0.5291,2.2858
102.9196,0.527,2.2755
102.9198,0.5271,2.2728
102.9200,0.5266,2.2739
102.9202,0.5394,2.3261
102.9204,0.6063,2.6121
102.9206,0.5977,2.5773
102.9208,0.5499,2.37
102.9210,0.5398,2.3298
102.9212,0.5304,2.2905
102.9214,0.5458,2.3546
102.9216,0.6345,2.7297
102.9218,0.7005,3.0162
102.9220,0.5906,2.5504
102.9222,0.5332,2.2992
102.9224,0.5785,2.4935
102.9226,0.5742,2.4772
102.9228,0.5917,2.5503
102.9230,0.6348,2.7333
102.9232,0.6325,2.7247
102.9234,0.6447,2.7813
102.9236,0.6133,2.6433
102.9238,0.6249,2.6947
102.9240,0.5526,2.3841
102.9242,0.5448,2.3504
102.9244,0.5903,2.5465
102.9246,0.5687,2.4534
102.9248,0.539,2.3251
102.9250,0.5339,2.3055
102.9252,0.5224,2.2537
102.9254,0.5207,2.2465
102.9256,0.5203,2.2444
102.9258,0.5348,2.3048
102.9260,0.5275,2.2744
102.9262,0.5248,2.2651
102.9264,0.5259,2.2687
102.9266,0.5255,2.2671
102.9268,0.5279,2.2775
102.9270,0.5675,2.4425
102.9272,0.6459,2.7813
102.9274,0.6427,2.7661
102.9276,0.6776,2.9149
102.9278,0.7024,3.0259
102.9280,0.6414,2.7668
102.9282,0.5369,2.3131
102.9284,0.6093,2.6263
102.9286,0.6162,2.6533
102.9288,0.6623,2.8481
102.9290,0.7056,3.0398
102.9292,0.6364,2.7418
102.9294,0.6728,2.897
102.9296,0.6892,2.9649
102.9298,0.6935,2.9849
102.9300,0.7306,3.14
102.9302,0.8111,3.483
102.9304,0.8533,3.6609
102.9306,0.8677,3.7243
102.9308,0.8003,3.4431
102.9310,0.6995,3.0121
102.9312,0.701,3.0127
102.9314,0.7682,3.2941
102.9316,0.8627,3.7044
102.9318,0.8836,3.7993
102.9320,0.7904,3.3987
102.9322,0.7381,3.171
102.9324,0.7452,3.2073
102.9326,0.6481,2.7893
102.9328,0.7068,3.045
102.9330,0.6687,2.8794
102.9332,0.6519,2.8071
102.9334,0.6575,2.8314
102.9336,0.721,3.0959
102.9338,0.798,3.4296
102.9340,0.6892,2.9649
102.9342,0.6988,3.0104
102.9344,0.6303,2.718
102.9346,0.6074,2.618
102.9348,0.5241,2.263
102.9350,0.4152,1.7946
102.9352,0.4073,1.7612
102.9354,0.3952,1.7065
102.9356,0.4,1.7288
102.9358,0.4213,1.8202
102.9360,0.4566,1.9697
102.9362,0.4893,2.1109
102.9364,0.5486,2.3676
102.9366,0.4995,2.1549
102.9368,0.5237,2.2552
102.9370,0.6056,2.6054
102.9372,0.6761,2.9101
102.9374,0.6639,2.8574
102.9376,0.6498,2.7926
102.9378,0.708,3.0445
102.9380,0.7641,3.2873
102.9382,0.8286,3.5516
102.9384,0.9352,4.0122
102.9386,0.9197,3.9472
102.9388,0.9098,3.8977
102.9390,0.9529,4.084
102.9392,0.9677,4.1477
102.9394,0.9792,4.201
102.9396,0.9458,4.0593
102.9398,0.9331,3.9973
102.9400,0.9922,4.2525
102.9402,0.9549,4.0908
102.9404,0.9638,4.1327
102.9406,0.9855,4.2179
102.9408,1.0736,4.5993
102.9410,1.0351,4.4345
102.9412,1.0462,4.4838
102.9414,1.0523,4.4995
102.9416,1.117,4.7808
102.9418,1.0218,4.3815
102.9420,0.9756,4.1894
102.9422,0.8725,3.7467
102.9424,0.83,3.5705
102.9426,0.7242,3.1214
102.9428,0.6882,2.9594
102.9430,0.801,3.4441
102.9432,0.782,3.3595
102.9434,0.7789,3.3508
102.9436,0.7842,3.3703
102.9438,0.8295,3.5668
102.9440,0.7414,3.1878
102.9442,0.7489,3.2218
102.9444,0.8316,3.5761
102.9446,0.8043,3.4569
102.9448,0.7896,3.3998
102.9450,0.7185,3.0922
102.9452,0.7272,3.1255
102.9454,0.7585,3.2661
102.9456,0.686,2.9538
102.9458,0.6886,2.9665
102.9460,0.6893,2.9668
102.9462,0.7047,3.0343
102.9464,0.6995,3.0093
102.9466,0.7686,3.3049
102.9468,0.6832,2.9405
102.9470,0.674,2.8994
102.9472,0.7079,3.0511
102.9474,0.6554,2.8247
102.9476,0.6699,2.8846
102.9478,0.6754,2.907
102.9480,0.7222,3.1068
102.9482,0.7476,3.2176
102.9484,0.6929,2.9865
102.9486,0.6014,2.591
102.9488,0.6224,2.6814
102.9490,0.6469,2.788
102.9492,0.6171,2.6599
102.9494,0.6181,2.6628
102.9496,0.6185,2.668
102.9498,0.5977,2.5762
102.9500,0.5869,2.5296
102.9502,0.5981,2.5753
102.9504,0.6759,2.9104
102.9506,0.7327,3.1551
102.9508,0.7138,3.0764
102.9510,0.5827,2.5139
102.9512,0.5598,2.4128
102.9514,0.6051,2.6094
102.9516,0.5729,2.4703
102.9518,0.5798,2.4991
102.9520,0.5854,2.5229
102.9522,0.5972,2.5717
102.9524,0.6358,2.7392
102.9526,0.6316,2.7275
102.9528,0.5439,2.3463
102.9530,0.5332,2.2981
102.9532,0.5424,2.3401
102.9534,0.5655,2.4371
102.9536,0.6255,2.691
102.9538,0.6538,2.8167
102.9540,0.6044,2.6075
102.9542,0.5746,2.4787
102.9544,0.6199,2.6742
102.9546,0.5295,2.2842
102.9548,0.545,2.3509
102.9550,0.4775,2.0607
102.9552,0.4617,1.9938
102.9554,0.461,1.9916
102.9556,0.4935,2.129
102.9558,0.4998,2.1579
102.9560,0.4498,1.9438
102.9562,0.4458,1.9258
102.9564,0.4524,1.9534
102.9566,0.4563,1.9687
102.9568,0.531,2.2909
102.9570,0.4799,2.0701
102.9572,0.4551,1.9644
102.9574,0.4567,1.9712
102.9576,0.4563,1.9714
102.9578,0.4558,1.967
102.9580,0.4518,1.9499
102.9582,0.4909,2.1167
102.9584,0.4751,2.0494
102.9586,0.4487,1.9365
102.9588,0.4458,1.9241
102.9590,0.4462,1.9256
102.9592,0.449,1.9389
102.9594,0.4469,1.9296
102.9596,0.4483,1.934
102.9598,0.4482,1.9344
102.9600,0.4459,1.9255
102.9602,0.4464,1.9275
102.9604,0.4481,1.933
102.9606,0.4878,2.1003
102.9608,0.5529,2.3807
102.9610,0.5887,2.5362
102.9612,0.5852,2.5236
102.9614,0.5549,2.3883
102.9616,0.605,2.604
102.9618,0.6472,2.7896
102.9620,0.57,2.4556
102.9622,0.574,2.4692
102.9624,0.6163,2.6526
102.9626,0.6415,2.7609
102.9628,0.6626,2.8518
102.9630,0.6466,2.7831
102.9632,0.5924,2.5534
102.9634,0.5858,2.5226
102.9636,0.6158,2.6493
102.9638,0.6586,2.8281
102.9640,0.7209,3.0982
102.9642,0.7378,3.1709
102.9644,0.7438,3.1952
102.9646,0.7175,3.0809
102.9648,0.7635,3.2802
102.9650,0.7655,3.2915
102.9652,0.7045,3.0281
102.9654,0.6406,2.7586
102.9656,0.5909,2.5443
102.9658,0.6057,2.6059
102.9660,0.6386,2.7485
102.9662,0.5469,2.3581
102.9664,0.4809,2.0738
102.9666,0.4745,2.0477
102.9668,0.4735,2.0389
102.9670,0.5884,2.5358
102.9672,0.496,2.1389
102.9674,0.4754,2.0519
102.9676,0.4693,2.0217
102.9678,0.5048,2.1797
102.9680,0.3976,1.7184
102.9682,0.3927,1.694
102.9684,0.4551,1.9626
102.9686,0.4339,1.8737
102.9688,0.3787,1.6358
102.9690,0.3857,1.6633
102.9692,0.4155,1.7915
102.9694,0.4478,1.9302
102.9696,0.4909,2.1167
102.9698,0.5301,2.2868
102.9700,0.4789,2.065
102.9702,0.4899,2.1096
102.9704,0.6102,2.625
102.9706,0.6794,2.9199
102.9708,0.7134,3.0634
102.9710,0.7447,3.1963
102.9712,0.8056,3.4594
102.9714,0.8152,3.4989
102.9716,0.8531,3.6649
102.9718,0.8319,3.5688
102.9720,0.8469,3.6297
102.9722,0.9289,3.9793
102.9724,1.0042,4.2899
102.9726,1.1169,4.7736
102.9728,1.099,4.6994
102.9730,1.1182,4.7815
102.9732,1.0999,4.6986
102.9734,1.1345,4.8489
102.9736,1.1647,4.9851
102.9738,1.0204,4.3754
102.9740,0.9414,4.0309
102.9742,1.0364,4.4297
102.9744,1.1181,4.781
102.9746,1.1109,4.7524
102.9748,1.1095,4.7529
102.9750,1.0249,4.3949
102.9752,0.9436,4.0444
102.9754,0.9021,3.8738
102.9756,0.867,3.7212
102.9758,0.9063,3.89
102.9760,0.8816,3.7787
102.9762,0.9699,4.155
102.9764,1.0029,4.3003
102.9766,0.9462,4.0552
102.9768,0.9599,4.1181
102.9770,0.9584,4.1076
102.9772,0.9496,4.0701
102.9774,0.9948,4.2638
102.9776,1.0644,4.564
102.9778,1.0084,4.3239
102.9780,0.9379,4.0216
102.9782,0.9448,4.0533
102.9784,0.9581,4.1123
102.9786,0.9128,3.916
102.9788,0.8922,3.8347
102.9790,0.8414,3.6145
102.9792,0.8362,3.5906
102.9794,0.8538,3.6629
102.9796,0.8857,3.8015
102.9798,0.8505,3.657
102.9800,0.7814,3.3569
102.9802,0.8462,3.6334
102.9804,0.8764,3.7684
102.9806,0.7535,3.2429
102.9808,0.7143,3.0742
102.9810,0.7236,3.1144
102.9812,0.7138,3.0707
102.9814,0.7171,3.0866
102.9816,0.7144,3.0747
102.9818,0.7222,3.1068
102.9820,0.809,3.4754
102.9822,0.8619,3.6974
102.9824,0.8962,3.8535
102.9826,0.8447,3.6306
102.9828,0.8134,3.4961
102.9830,0.7874,3.389
102.9832,0.7448,3.2028
102.9834,0.852,3.6603
102.9836,0.9095,3.9034
102.9838,0.9277,3.9798
102.9840,0.9929,4.2636
102.9842,0.9081,3.9032
102.9844,0.7939,3.4121
102.9846,0.7526,3.2468
102.9848,0.6005,2.5916
102.9850,0.5742,2.476
102.9852,0.5746,2.4787
102.9854,0.5567,2.4028
102.9856,0.5602,2.4166
102.9858,0.5447,2.3499
102.9860,0.5374,2.3194
102.9862,0.5314,2.2936
102.9864,0.5363,2.3158
102.9866,0.5476,2.3579
102.9868,0.6855,2.9531
102.9870,0.6113,2.6394
102.9872,0.537,2.3179
102.9874,0.5296,2.2858
102.9876,0.5272,2.2744
102.9878,0.5253,2.2661
102.9880,0.5412,2.3338
102.9882,0.5494,2.3701
102.9884,0.5498,2.3716
102.9886,0.6087,2.6273
102.9888,0.5493,2.3696
102.9890,0.533,2.2992
102.9892,0.5409,2.3344
102.9894,0.5218,2.2522
102.9896,0.5429,2.3389
102.9898,0.5699,2.4597
102.9900,0.5659,2.4392
102.9902,0.6171,2.6611
102.9904,0.5655,2.4371
102.9906,0.5409,2.3323
102.9908,0.573,2.4685
102.9910,0.6384,2.7488
102.9912,0.6535,2.8125
102.9914,0.6529,2.8126
102.9916,0.6519,2.8071
102.9918,0.6891,2.9658
102.9920,0.7498,3.2194
102.9922,0.747,3.2121
102.9924,0.7225,3.1127
102.9926,0.6409,2.7596
102.9928,0.6253,2.6925
102.9930,0.6385,2.748
102.9932,0.6645,2.8574
102.9934,0.7709,3.3147
102.9936,0.7597,3.2682
102.9938,0.7334,3.1538
102.9940,0.7405,3.1842
102.9942,0.7677,3.3013
102.9944,0.7066,3.0397
102.9946,0.7188,3.0895
102.9948,0.7448,3.2058
102.9950,0.7099,3.0584
102.9952,0.6665,2.8715
102.9954,0.6748,2.9044
102.9956,0.6921,2.9746
102.9958,0.7147,3.0762
102.9960,0.6996,3.0084
102.9962,0.7592,3.2631
102.9964,0.7451,3.2038
102.9966,0.8182,3.52
102.9968,0.7274,3.1309
102.9970,0.6715,2.8886
102.9972,0.729,3.1347
102.9974,0.724,3.116
102.9976,0.6832,2.9391
102.9978,0.7309,3.1488
102.9980,0.647,2.7898
102.9982,0.5917,2.5491
102.9984,0.5561,2.3979
102.9986,0.5498,2.3738
102.9988,0.4878,2.1052
102.9990,0.4814,2.0768
102.9992,0.4821,2.0789
102.9994,0.4857,2.0974
102.9996,0.5116,2.2092
102.9998,0.5344,2.3044
103.0000,0.5631,2.4257
103.0002,0.5861,2.5295
103.0004,0.4599,1.9879
103.0006,0.3947,1.7052
103.0008,0.3891,1.6801
103.0010,0.3917,1.6922
103.0012,0.3929,1.6974
103.0014,0.3927,1.698
103.0016,0.3902,1.6863
103.0018,0.424,1.8299
103.0020,0.4863,2.097
103.0022,0.5098,2.1994
103.0024,0.5177,2.2356
103.0026,0.5105,2.1984
103.0028,0.5994,2.5834
103.0030,0.5224,2.2506
103.0032,0.5394,2.325
103.0034,0.587,2.5302
103.0036,0.5984,2.5733
103.0038,0.7001,3.0105
103.0040,0.7049,3.0311
103.0042,0.7481,3.2137
103.0044,0.7881,3.3858
103.0046,0.817,3.5132
103.0048,0.7675,3.291
103.0050,0.9101,3.8987
103.0052,0.9952,4.2594
103.0054,1.012,4.3333
103.0056,1.0186,4.3595
103.0058,1.0146,4.3466
103.0060,0.9921,4.2461
103.0062,0.9767,4.1863
103.0064,0.9521,4.0771
103.0066,0.9815,4.2107
103.0068,0.8849,3.7997
103.0070,0.885,3.7949
103.0072,0.9905,4.2454
103.0074,0.9936,4.2567
103.0076,0.9625,4.1309
103.0078,0.8893,3.8187
103.0080,0.8976,3.8525
103.0082,0.9204,3.9521
103.0084,0.9174,3.9355
103.0086,0.9267,3.9757
103.0088,0.9228,3.9587
103.0090,0.933,3.9968
103.0092,0.939,4.0281
103.0094,0.8622,3.7058
103.0096,0.8561,3.6778
103.0098,0.8362,3.594
103.0100,0.7929,3.408
103.0102,0.8984,3.8525
103.0104,0.9989,4.2853
103.0106,0.9047,3.8846
103.0108,0.8593,3.69
103.0110,0.8983,3.8556
103.0112,0.9072,3.8991
103.0114,0.8596,3.6928
103.0116,0.8089,3.4749
103.0118,0.8459,3.634
103.0120,0.7896,3.3919
103.0122,0.7884,3.3884
103.0124,0.78,3.3523
103.0126,0.783,3.3652
103.0128,0.8548,3.6739
103.0130,0.8762,3.7591
103.0132,0.9271,3.9772
103.0134,0.8972,3.8509
103.0136,0.9159,3.9294
103.0138,0.9561,4.1112
103.0140,0.8077,3.4746
103.0142,0.744,3.2007
103.0144,0.7707,3.3111
103.0146,0.8188,3.5258
103.0148,0.7194,3.0964
103.0150,0.7308,3.1439
103.0152,0.7718,3.3203
103.0154,0.7839,3.3693
103.0156,0.7478,3.2202
103.0158,0.705,3.0373
103.0160,0.7081,3.0507
103.0162,0.7271,3.1308
103.0164,0.7123,3.0645
103.0166,0.7086,3.0584
103.0168,0.5674,2.4454
103.0170,0.561,2.4225
103.0172,0.5122,2.2097
103.0174,0.5523,2.3858
103.0176,0.4809,2.0767
103.0178,0.4572,1.976
103.0180,0.454,1.9611
103.0182,0.4554,1.9664
103.0184,0.4553,1.9677
103.0186,0.4563,1.9705
103.0188,0.5175,2.2335
103.0190,0.4619,1.9953
103.0192,0.4542,1.963
103.0194,0.451,1.9472
103.0196,0.4496,1.9415
103.0198,0.451,1.949
103.0200,0.4489,1.9402
103.0202,0.4537,1.9582
103.0204,0.4632,1.9991
103.0206,0.4498,1.9429
103.0208,0.4496,1.9424
103.0210,0.4505,1.9469
103.0212,0.4523,1.9538
103.0214,0.4528,1.9541
103.0216,0.4813,2.0763
103.0218,0.5004,2.1605
103.0220,0.4712,2.0338
103.0222,0.5257,2.2635
103.0224,0.598,2.576
103.0226,0.5488,2.3664
103.0228,0.5334,2.3045
103.0230,0.4669,2.0161
103.0232,0.4687,2.0201
103.0234,0.4964,2.1444
103.0236,0.4639,2.0013
103.0238,0.5316,2.2914
103.0240,0.546,2.3501
103.0242,0.5816,2.5092
103.0244,0.5839,2.5214
103.0246,0.485,2.0923
103.0248,0.4677,2.0188
103.0250,0.4739,2.0433
103.0252,0.517,2.2273
103.0254,0.5212,2.2496
103.0256,0.473,2.0425
103.0258,0.4662,2.0102
103.0260,0.47,2.0286
103.0262,0.4701,2.0291
103.0264,0.4822,2.0795
103.0266,0.5385,2.3198
103.0268,0.5496,2.3678
103.0270,0.5982,2.5758
103.0272,0.6387,2.7491
103.0274,0.648,2.7888
103.0276,0.6529,2.8073
103.0278,0.6288,2.7087
103.0280,0.6339,2.7309
103.0282,0.6236,2.6865
103.0284,0.5778,2.4846
103.0286,0.6073,2.6163
103.0288,0.5944,2.5605
103.0290,0.5995,2.5767
103.0292,0.6862,2.9479
103.0294,0.7255,3.1198
103.0296,0.7223,3.103
103.0298,0.7501,3.227
103.0300,0.7091,3.0506
103.0302,0.6849,2.9477
103.0304,0.6617,2.8468
103.0306,0.6662,2.8646
103.0308,0.6789,2.9206
103.0310,0.6764,2.9097
103.0312,0.6794,2.9226
103.0314,0.6861,2.9502
103.0316,0.7185,3.0908
103.0318,0.7083,3.0512
103.0320,0.5944,2.5605
103.0322,0.5699,2.454
103.0324,0.5536,2.386
103.0326,0.5531,2.3872
103.0328,0.5296,2.2805
103.0330,0.5807,2.5028
103.0332,0.5899,2.5437
103.0334,0.5343,2.3038
103.0336,0.5283,2.2759
103.0338,0.5233,2.2563
103.0340,0.4984,2.1483
103.0342,0.5356,2.3085
103.0344,0.5874,2.5329
103.0346,0.5013,2.1647
103.0348,0.42,1.8128
103.0350,0.4551,1.9644
103.0352,0.4763,2.0555
103.0354,0.4523,1.9502
103.0356,0.4569,1.9685
103.0358,0.5117,2.2066
103.0360,0.5427,2.3422
103.0362,0.5062,2.1818
103.0364,0.5698,2.4512
103.0366,0.6662,2.8699
103.0368,0.6489,2.7916
103.0370,0.6851,2.9419
103.0372,0.7638,3.2812
103.0374,0.7495,3.2184
103.0376,0.7168,3.0807
103.0378,0.6482,2.7846
103.0380,0.8361,3.5818
103.0382,0.9625,4.1251
103.0384,0.9673,4.1399
103.0386,0.9916,4.248
103.0388,0.9718,4.1594
103.0390,0.9934,4.2577
103.0392,0.9791,4.1985
103.0394,0.9363,4.0112
103.0396,0.9754,4.1825
103.0398,0.9458,4.0612
103.0400,0.8412,3.6089
103.0402,0.8191,3.5187
103.0404,0.8087,3.4727
103.0406,0.8321,3.5715
103.0408,0.8189,3.5165
103.0410,0.7965,3.4218
103.0412,0.8262,3.5512
103.0414,0.82,3.5211
103.0416,0.8231,3.5312
103.0418,0.8249,3.5422
103.0420,0.8644,3.7099
103.0422,0.8958,3.8465
103.0424,0.859,3.6885
103.0426,0.8319,3.5754
103.0428,0.806,3.4593
103.0430,0.9147,3.9206
103.0432,0.9716,4.1603
103.0434,1.0433,4.4736
103.0436,1.012,4.3292
103.0438,1.0503,4.4976
103.0440,1.044,4.4704
103.0442,1.0092,4.3356
103.0444,0.8635,3.7063
103.0446,0.8109,3.4853
103.0448,0.8322,3.5737
103.0450,0.9203,3.9497
103.0452,0.9149,3.9266
103.0454,0.8687,3.7354
103.0456,0.8301,3.5644
103.0458,0.8894,3.8228
103.0460,0.829,3.5581
103.0462,0.8337,3.5848
103.0464,0.8103,3.4811
103.0466,0.8122,3.4909
103.0468,0.7999,3.4394
103.0470,0.8203,3.5271
103.0472,0.8096,3.4828
103.0474,0.7372,3.1713
103.0476,0.7254,3.1236
103.0478,0.7579,3.2575
103.0480,0.8119,3.4926
103.0482,0.7387,3.178
103.0484,0.7321,3.1511
103.0486,0.7333,3.1562
103.0488,0.774,3.3312
103.0490,0.7161,3.079
103.0492,0.7306,3.1414
103.0494,0.7978,3.4275
103.0496,0.784,3.3714
103.0498,0.6668,2.8765
103.0500,0.5891,2.5354
103.0502,0.7235,3.111
103.0504,0.7616,3.2765
103.0506,0.7022,3.0235
103.0508,0.6942,2.988
103.0510,0.6882,2.9608
103.0512,0.712,3.0615
103.0514,0.7388,3.1785
103.0516,0.7257,3.1218
103.0518,0.7429,3.196
103.0520,0.7494,3.2269
103.0522,0.6927,2.9841
103.0524,0.6584,2.8324
103.0526,0.7408,3.1823
103.0528,0.8651,3.7113
103.0530,0.9362,4.0144
103.0532,0.9053,3.8872
103.0534,0.8342,3.5869
103.0536,0.7541,3.253
103.0538,0.5862,2.5277
103.0540,0.5415,2.337
103.0542,0.5385,2.3219
103.0544,0.5516,2.3783
103.0546,0.5348,2.3048
103.0548,0.5423,2.3385
103.0550,0.5615,2.4235
103.0552,0.5507,2.3747
103.0554,0.5938,2.5591
103.0556,0.5922,2.5536
103.0558,0.5655,2.4383
103.0560,0.5939,2.5525
103.0562,0.7083,3.0484
103.0564,0.6343,2.7363
103.0566,0.5434,2.3464
103.0568,0.5251,2.2651
103.0570,0.52,2.2434
103.0572,0.5199,2.2439
103.0574,0.5281,2.2801
103.0576,0.5247,2.2625
103.0578,0.529,2.2811
103.0580,0.5237,2.2594
103.0582,0.5252,2.2656
103.0584,0.5265,2.2702
103.0586,0.526,2.2682
103.0588,0.5863,2.5247
103.0590,0.6126,2.6427
103.0592,0.5358,2.3095
103.0594,0.6133,2.6372
103.0596,0.6706,2.8877
103.0598,0.603,2.5977
103.0600,0.6474,2.7849
103.0602,0.6679,2.8758
103.0604,0.6553,2.8229
103.0606,0.6663,2.8651
103.0608,0.7307,3.1449
103.0610,0.6417,2.762
103.0612,0.6627,2.8509
103.0614,0.6822,2.9378
103.0616,0.68,2.9279
103.0618,0.6699,2.8819
103.0620,0.7092,3.0511
103.0622,0.7392,3.18
103.0624,0.783,3.3636
103.0626,0.7849,3.3687
103.0628,0.8057,3.4615
103.0630,0.8017,3.4472
103.0632,0.711,3.0602
103.0634,0.6898,2.9675
103.0636,0.7099,3.0542
103.0638,0.6364,2.7405
103.0640,0.6206,2.6736
103.0642,0.6572,2.8285
103.0644,0.6478,2.7922
103.0646,0.5958,2.5691
103.0648,0.5908,2.5497
103.0650,0.5243,2.2609
103.0652,0.5211,2.248
103.0654,0.533,2.2992
103.0656,0.5375,2.3189
103.0658,0.497,2.1421
103.0660,0.6051,2.6106
103.0662,0.5331,2.3019
103.0664,0.4236,1.8317
103.0666,0.3975,1.7187
103.0668,0.3836,1.657
103.0670,0.3758,1.6241
103.0672,0.3764,1.6274
103.0674,0.3873,1.6731
103.0676,0.4127,1.7804
103.0678,0.3912,1.6902
103.0680,0.3765,1.6272
103.0682,0.4022,1.7357
103.0684,0.4277,1.8468
103.0686,0.454,1.9583
103.0688,0.532,2.2887
103.0690,0.5894,2.5428
103.0692,0.515,2.2196
103.0694,0.5595,2.4023
103.0696,0.6948,2.9906
103.0698,0.6746,2.8993
103.0700,0.7321,3.1467
103.0702,0.7777,3.3378
103.0704,0.8203,3.5205
103.0706,0.8628,3.698
103.0708,0.9488,4.0646
103.0710,0.9893,4.2323
103.0712,1.0006,4.2825
103.0714,1.0355,4.4319
103.0716,1.0422,4.4564
103.0718,1.1127,4.7601
103.0720,1.1125,4.7658
103.0722,1.0426,4.46
103.0724,1.1175,4.7806
103.0726,1.1244,4.8081
103.0728,1.1348,4.8568
103.0730,1.1236,4.8023
103.0732,1.1128,4.7651
103.0734,1.0445,4.4808
103.0736,1.0075,4.3183
103.0738,1.0002,4.283
103.0740,0.9794,4.2034
103.0742,0.8863,3.8059
103.0744,0.8453,3.6281
103.0746,0.9091,3.8964
103.0748,1.0307,4.4175
103.0750,1.0378,4.4541
103.0752,0.9099,3.9036
103.0754,0.9097,3.899
103.0756,0.9866,4.2304
103.0758,0.9519,4.0932
103.0760,0.8374,3.6025
103.0762,0.8223,3.5309
103.0764,0.8741,3.7568
103.0766,0.8127,3.4979
103.0768,0.797,3.4223
103.0770,0.8788,3.7787
103.0772,0.7487,3.2238
103.0774,0.6862,2.9562
103.0776,0.7049,3.0325
103.0778,0.7634,3.2812
103.0780,0.8257,3.5519
103.0782,0.8063,3.4705
103.0784,0.7027,3.0288
103.0786,0.6366,2.7423
103.0788,0.6861,2.9543
103.0790,0.6849,2.9436
103.0792,0.7767,3.3384
103.0794,0.783,3.3699
103.0796,0.7771,3.3415
103.0798,0.825,3.551
103.0800,0.7156,3.0799
103.0802,0.653,2.8131
103.0804,0.6528,2.8134
103.0806,0.6312,2.7229
103.0808,0.6016,2.5927
103.0810,0.6761,2.9141
103.0812,0.65,2.8041
103.0814,0.6056,2.6103
103.0816,0.6192,2.6674
103.0818,0.6953,2.994
103.0820,0.7067,3.0402
103.0822,0.7063,3.0401
103.0824,0.7223,3.1059
103.0826,0.8,3.44
103.0828,0.7236,3.1217
103.0830,0.5565,2.3995
103.0832,0.5728,2.4698
103.0834,0.5652,2.4384
103.0836,0.5858,2.525
103.0838,0.6007,2.5843
103.0840,0.6927,2.9868
103.0842,0.5544,2.3951
103.0844,0.4637,2.0058
103.0846,0.4113,1.7767
103.0848,0.4161,1.7982
103.0850,0.4282,1.8488
103.0852,0.4602,1.9862
103.0854,0.4633,1.9996
103.0856,0.4704,2.0292
103.0858,0.5438,2.3447
103.0860,0.487,2.1011
103.0862,0.4566,1.9734
103.0864,0.4587,1.9818
103.0866,0.4591,1.9824
103.0868,0.4525,1.9539
103.0870,0.4457,1.9253
103.0872,0.443,1.9113
103.0874,0.4801,2.0692
103.0876,0.5346,2.3086
103.0878,0.4476,1.9336
103.0880,0.4459,1.9246
103.0882,0.4587,1.9809
103.0884,0.4595,1.984
103.0886,0.4489,1.9384
103.0888,0.4362,1.8835
103.0890,0.432,1.8646
103.0892,0.4797,2.0686
103.0894,0.5171,2.2309
103.0896,0.4836,2.0871
103.0898,0.4682,2.019
103.0900,0.537,2.3147
103.0902,0.576,2.4826
103.0904,0.5727,2.4681
103.0906,0.5861,2.5237
103.0908,0.5999,2.5831
103.0910,0.5867,2.5227
103.0912,0.6316,2.7173
103.0914,0.6458,2.7847
103.0916,0.5575,2.4041
103.0918,0.539,2.3229
103.0920,0.543,2.3394
103.0922,0.5776,2.4882
103.0924,0.6116,2.63
103.0926,0.6336,2.7243
103.0928,0.6465,2.7826
103.0930,0.6423,2.7645
103.0932,0.7049,3.0297
103.0934,0.7327,3.1507
103.0936,0.7296,3.1417
103.0938,0.6048,2.6054
103.0940,0.5735,2.4706
103.0942,0.5722,2.4661
103.0944,0.5748,2.4763
103.0946,0.5809,2.5026
103.0948,0.6049,2.6011
103.0950,0.6646,2.8579
103.0952,0.7137,3.0702
103.0954,0.7652,3.2843
103.0956,0.7815,3.359
103.0958,0.6951,2.986
103.0960,0.7559,3.2502
103.0962,0.7315,3.1485
103.0964,0.6502,2.7999
103.0966,0.5917,2.5503
103.0968,0.5836,2.514
103.0970,0.603,2.5977
103.0972,0.5705,2.4566
103.0974,0.5914,2.544
103.0976,0.6207,2.6716
103.0978,0.6083,2.6204
103.0980,0.5977,2.5738
103.0982,0.6096,2.6261
103.0984,0.5706,2.4594
103.0986,0.543,2.3438
103.0988,0.4554,1.9636
103.0990,0.5028,2.1659
103.0992,0.5269,2.2728
103.0994,0.448,1.9361
103.0996,0.4035,1.7438
103.0998,0.3876,1.6731
103.1000,0.3912,1.6894
103.1002,0.3934,1.6987
103.1004,0.3911,1.6889
103.1006,0.3879,1.6741
103.1008,0.3878,1.6751
103.1010,0.4374,1.887
103.1012,0.4272,1.8464
103.1014,0.3999,1.7267
103.1016,0.4131,1.782
103.1018,0.4562,1.9663
103.1020,0.537,2.3125
103.1022,0.626,2.6881
103.1024,0.7541,3.2365
103.1026,0.7814,3.3569
103.1028,0.7297,3.1393
103.1030,0.6574,2.8269
103.1032,0.7159,3.0757
103.1034,0.7789,3.3414
103.1036,0.8264,3.5501
103.1038,0.7739,3.3229
103.1040,0.794,3.4047
103.1042,0.8378,3.594
103.1044,0.8635,3.6994
103.1046,0.9629,4.1233
103.1048,1.0066,4.3122
103.1050,0.9671,4.1432
103.1052,0.9914,4.243
103.1054,1.0301,4.4108
103.1056,1.0025,4.2927
103.1058,1.0149,4.3517
103.1060,0.9444,4.0437
103.1062,1,4.2859
103.1064,0.9614,4.1205
103.1066,0.9551,4.0918
103.1068,0.9822,4.2079
103.1070,0.977,4.1912
103.1072,0.8782,3.7726
103.1074,0.8174,3.5098
103.1076,0.8188,3.5193
103.1078,0.821,3.5269
103.1080,0.8222,3.5304
103.1082,0.8194,3.5169
103.1084,0.8162,3.5063
103.1086,0.8067,3.4656
103.1088,0.818,3.5124
103.1090,0.7634,3.2812
103.1092,0.7839,3.3662
103.1094,0.8579,3.6838
103.1096,0.8427,3.6201
103.1098,0.8451,3.6287
103.1100,0.8663,3.7216
103.1102,0.8077,3.4681
103.1104,0.7946,3.4152
103.1106,0.7856,3.3765
103.1108,0.8844,3.7923
103.1110,0.9896,4.2393
103.1112,0.9687,4.1615
103.1114,0.8518,3.6576
103.1116,0.8441,3.6229
103.1118,0.8349,3.5867
103.1120,0.8254,3.546
103.1122,0.836,3.593
103.1124,0.8458,3.6301
103.1126,0.8404,3.6087
103.1128,0.8761,3.7621
103.1130,0.8956,3.8419
103.1132,0.8928,3.8283
103.1134,0.9173,3.9387
103.1136,0.8525,3.659
103.1138,0.9061,3.8872
103.1140,0.9971,4.2756
103.1142,0.9662,4.1488
103.1144,0.8675,3.7233
103.1146,0.8393,3.6057
103.1148,0.8116,3.4883
103.1150,0.7986,3.4322
103.1152,0.8306,3.5681
103.1154,0.7976,3.4312
103.1156,0.7239,3.1169
103.1158,0.7187,3.0947
103.1160,0.7414,3.1893
103.1162,0.7102,3.0623
103.1164,0.5308,2.292
103.1166,0.49,2.115
103.1168,0.488,2.1062
103.1170,0.5195,2.2413
103.1172,0.5416,2.3386
103.1174,0.5236,2.2599
103.1176,0.5191,2.2382
103.1178,0.5215,2.2496
103.1180,0.5249,2.2656
103.1182,0.5239,2.2599
103.1184,0.5291,2.2848
103.1186,0.5264,2.2708
103.1188,0.5263,2.2703
103.1190,0.5354,2.3117
103.1192,0.5279,2.2786
103.1194,0.5423,2.3363
103.1196,0.6079,2.6201
103.1198,0.5477,2.3607
103.1200,0.5297,2.2842
103.1202,0.5285,2.2811
103.1204,0.5649,2.4346
103.1206,0.5475,2.3607
103.1208,0.5267,2.2713
103.1210,0.5255,2.2671
103.1212,0.5269,2.2718
103.1214,0.5314,2.2914
103.1216,0.5284,2.2764
103.1218,0.5306,2.2868
103.1220,0.5466,2.3549
103.1222,0.6452,2.7731
103.1224,0.7539,3.242
103.1226,0.7093,3.053
103.1228,0.6331,2.7299
103.1230,0.5417,2.3359
103.1232,0.536,2.3079
103.1234,0.5773,2.4883
103.1236,0.5614,2.4173
103.1238,0.6181,2.6628
103.1240,0.6223,2.6796
103.1242,0.6656,2.866
103.1244,0.6514,2.8038
103.1246,0.6538,2.8141
103.1248,0.6453,2.7787
103.1250,0.6234,2.6867
103.1252,0.545,2.3509
103.1254,0.5426,2.3395
103.1256,0.6146,2.6441
103.1258,0.6657,2.8678
103.1260,0.6129,2.643
103.1262,0.5844,2.5141
103.1264,0.6798,2.9193
103.1266,0.7416,3.1859
103.1268,0.7518,3.2327
103.1270,0.7676,3.3023
103.1272,0.6798,2.9261
103.1274,0.662,2.8492
103.1276,0.6514,2.8077
103.1278,0.6331,2.7235
103.1280,0.6851,2.9419
103.1282,0.7774,3.343
103.1284,0.7453,3.2034
103.1286,0.7469,3.2116
103.1288,0.7515,3.2302
103.1290,0.8035,3.4533
103.1292,0.7808,3.359
103.1294,0.6592,2.8413
103.1296,0.5906,2.5457
103.1298,0.609,2.6223
103.1300,0.6077,2.6166
103.1302,0.6201,2.6691
103.1304,0.6301,2.7119
103.1306,0.6779,2.9178
103.1308,0.6938,2.9901
103.1310,0.6101,2.6269
103.1312,0.5777,2.4887
103.1314,0.5723,2.4666
103.1316,0.5719,2.465
103.1318,0.5625,2.422
103.1320,0.6188,2.6671
103.1322,0.5963,2.5664
103.1324,0.6814,2.9301
103.1326,0.6191,2.6719
103.1328,0.4822,2.0804
103.1330,0.4788,2.0645
103.1332,0.4899,2.1125
103.1334,0.5183,2.2351
103.1336,0.5364,2.3131
103.1338,0.5711,2.4614
103.1340,0.5258,2.2682
103.1342,0.5036,2.1725
103.1344,0.5499,2.3678
103.1346,0.5456,2.3524
103.1348,0.5068,2.1885
103.1350,0.4598,1.9837
103.1352,0.4971,2.1436
103.1354,0.5188,2.2371
103.1356,0.5906,2.5409
103.1358,0.6878,2.9601
103.1360,0.6216,2.6728
103.1362,0.7252,3.1197
103.1364,0.6757,2.9039
103.1366,0.6614,2.8466
103.1368,0.6583,2.8319
103.1370,0.7412,3.1814
103.1372,0.9051,3.874
103.1374,1.0167,4.3554
103.1376,0.9879,4.234
103.1378,0.9423,4.0425
103.1380,0.8928,3.8283
103.1382,0.917,3.9285
103.1384,0.9651,4.1325
103.1386,0.9402,4.0314
103.1388,0.9387,4.0233
103.1390,0.9625,4.1212
103.1392,1.0167,4.3533
103.1394,1.045,4.4724
103.1396,1.0477,4.4863
103.1398,1.044,4.4683
103.1400,1.0903,4.6686
103.1402,1.061,4.5412
103.1404,1.0656,4.5734
103.1406,0.8661,3.7154
103.1408,0.8508,3.6535
103.1410,0.8239,3.5409
103.1412,0.8237,3.5404
103.1414,0.82,3.5228
103.1416,0.7736,3.3281
103.1418,0.7631,3.2812
103.1420,0.7872,3.3848
103.1422,0.7984,3.4253
103.1424,0.8695,3.7338
103.1426,0.9042,3.8826
103.1428,0.8762,3.7626
103.1430,0.8414,3.6145
103.1432,0.8197,3.5212
103.1434,0.8328,3.5762
103.1436,0.885,3.802
103.1438,0.827,3.556
103.1440,0.7707,3.3142
103.1442,0.778,3.3441
103.1444,0.7844,3.3698
103.1446,0.7886,3.3926
103.1448,0.7254,3.1193
103.1450,0.7229,3.1113
103.1452,0.7665,3.2961
103.1454,0.7707,3.3142
103.1456,0.818,3.5157
103.1458,0.7399,3.1831
103.1460,0.743,3.1995
103.1462,0.7336,3.1587
103.1464,0.7476,3.2132
103.1466,0.7766,3.3425
103.1468,0.7116,3.0642
103.1470,0.696,2.9985
103.1472,0.6241,2.6873
103.1474,0.6556,2.8218
103.1476,0.6619,2.8539
103.1478,0.6151,2.6523
103.1480,0.6024,2.5963
103.1482,0.5976,2.5768
103.1484,0.606,2.6118
103.1486,0.6219,2.6743
103.1488,0.7635,3.2802
103.1490,0.8189,3.5198
103.1492,0.6916,2.9877
103.1494,0.4665,2.0136
103.1496,0.5099,2.1979
103.1498,0.5807,2.5039
103.1500,0.5828,2.5132
103.1502,0.5757,2.4811
103.1504,0.5725,2.4653
103.1506,0.6032,2.5975
103.1508,0.6212,2.6762
103.1510,0.6466,2.7857
103.1512,0.6771,2.9155
103.1514,0.7126,3.0726
103.1516,0.5665,2.4429
103.1518,0.5355,2.3112
103.1520,0.5565,2.395
103.1522,0.6843,2.9411
103.1524,0.7892,3.3936
103.1526,0.6646,2.8658
103.1528,0.554,2.3886
103.1530,0.5659,2.4415
103.1532,0.5526,2.3829
103.1534,0.5476,2.3623
103.1536,0.5574,2.4003
103.1538,0.632,2.7227
103.1540,0.5598,2.4151
103.1542,0.4784,2.0658
103.1544,0.4653,2.0103
103.1546,0.4595,1.984
103.1548,0.4562,1.97
103.1550,0.4544,1.9622
103.1552,0.4534,1.9576
103.1554,0.4477,1.9314
103.1556,0.4541,1.9607
103.1558,0.4542,1.9612
103.1560,0.4603,1.9839
103.1562,0.5355,2.3037
103.1564,0.6061,2.6111
103.1566,0.5403,2.3329
103.1568,0.4675,2.0177
103.1570,0.4592,1.982
103.1572,0.4577,1.9744
103.1574,0.4553,1.964
103.1576,0.4555,1.9651
103.1578,0.4512,1.9473
103.1580,0.4442,1.9173
103.1582,0.4456,1.923
103.1584,0.4391,1.896
103.1586,0.4448,1.9208
103.1588,0.445,1.9204
103.1590,0.4501,1.9409
103.1592,0.4565,1.9674
103.1594,0.4975,2.1421
103.1596,0.5894,2.5393
103.1598,0.6706,2.8836
103.1600,0.714,3.0731
103.1602,0.6644,2.8568
103.1604,0.6456,2.7798
103.1606,0.5995,2.5851
103.1608,0.5386,2.3192
103.1610,0.5761,2.4808
103.1612,0.5998,2.5813
103.1614,0.5856,2.5228
103.1616,0.6603,2.8393
103.1618,0.6549,2.8174
103.1620,0.6757,2.9053
103.1622,0.6819,2.9294
103.1624,0.7123,3.0645
103.1626,0.7078,3.0421
103.1628,0.6551,2.8198
103.1630,0.5874,2.5329
103.1632,0.5956,2.5645
103.1634,0.5764,2.4807
103.1636,0.6078,2.6171
103.1638,0.6381,2.7426
103.1640,0.6614,2.8426
103.1642,0.6846,2.9481
103.1644,0.5966,2.5667
103.1646,0.6291,2.7141
103.1648,0.5228,2.2553
103.1650,0.4776,2.0602
103.1652,0.4494,1.9378
103.1654,0.5127,2.2118
103.1656,0.4662,2.013
103.1658,0.3992,1.722
103.1660,0.4035,1.743
103.1662,0.4686,2.0205
103.1664,0.5465,2.3588
103.1666,0.4348,1.8765
103.1668,0.4132,1.7825
103.1670,0.4017,1.7344
103.1672,0.3984,1.7212
103.1674,0.387,1.6689
103.1676,0.4046,1.7452
103.1678,0.3995,1.7251
103.1680,0.4061,1.7528
103.1682,0.4524,1.9489
103.1684,0.517,2.2263
103.1686,0.5568,2.3966
103.1688,0.6595,2.837
103.1690,0.6351,2.7285
103.1692,0.6936,2.9785
103.1694,0.7245,3.1093
103.1696,0.7869,3.3759
103.1698,0.8388,3.5986
103.1700,0.9116,3.9072
103.1702,0.8885,3.808
103.1704,0.9254,3.957
103.1706,1.0966,4.6892
103.1708,1.1133,4.756
103.1710,1.0934,4.6688
103.1712,1.1436,4.8833
103.1714,1.152,4.9307
103.1716,1.0339,4.4314
103.1718,0.9691,4.1572
103.1720,0.939,4.0187
103.1722,1.0017,4.2851
103.1724,1.0641,4.5524
103.1726,1.0697,4.576
103.1728,1.0899,4.6648
103.1730,1.0579,4.5278
103.1732,1.0569,4.5301
103.1734,0.945,4.0576
103.1736,0.8574,3.6801
103.1738,0.8315,3.5689
103.1740,0.8366,3.5955
103.1742,0.8175,3.5136
103.1744,0.8123,3.4914
103.1746,0.8153,3.5043
103.1748,0.8084,3.4744
103.1750,0.8015,3.4419
103.1752,0.8683,3.7286
103.1754,0.8791,3.7697
103.1756,0.9091,3.9
103.1758,0.911,3.9065
103.1760,0.9578,4.1089
103.1762,0.9995,4.2839
103.1764,0.9724,4.1716
103.1766,0.9611,4.1233
103.1768,0.9215,3.9567
103.1770,0.8205,3.5265
103.1772,0.74,3.1851
103.1774,0.7369,3.1673
103.1776,0.7911,3.4018
103.1778,0.7761,3.3405
103.1780,0.7567,3.2553
103.1782,0.7496,3.2219
103.1784,0.7643,3.2848
103.1786,0.8368,3.5966
103.1788,0.7915,3.4049
103.1790,0.6953,2.9954
103.1792,0.6993,3.0139
103.1794,0.6705,2.8831
103.1796,0.7394,3.1796
103.1798,0.7543,3.2435
103.1800,0.7924,3.4043
103.1802,0.8379,3.5962
103.1804,0.8495,3.6495
103.1806,0.847,3.6438
103.1808,0.7409,3.1932
103.1810,0.6653,2.865
103.1812,0.6709,2.8887
103.1814,0.6906,2.9725
103.1816,0.7024,3.0231
103.1818,0.7363,3.1691
103.1820,0.6809,2.9348
103.1822,0.6011,2.5918
103.1824,0.5531,2.385
103.1826,0.6185,2.668
103.1828,0.5915,2.5505
103.1830,0.5447,2.3499
103.1832,0.5284,2.2806
103.1834,0.5291,2.2816
103.1836,0.5325,2.295
103.1838,0.5844,2.5176
103.1840,0.6233,2.6862
103.1842,0.6345,2.7348
103.1844,0.5982,2.5806
103.1846,0.5343,2.307
103.1848,0.5314,2.2925
103.1850,0.5284,2.2753
103.1852,0.63,2.7089
103.1854,0.6802,2.9303
103.1856,0.5657,2.4416
103.1858,0.5285,2.2811
103.1860,0.5342,2.3033
103.1862,0.5253,2.264
103.1864,0.5635,2.4277
103.1866,0.6222,2.6816
103.1868,0.5993,2.5829
103.1870,0.5428,2.3395
103.1872,0.5393,2.3266
103.1874,0.561,2.4203
103.1876,0.5611,2.4208
103.1878,0.5555,2.3942
103.1880,0.5426,2.3395
103.1882,0.5298,2.2815
103.1884,0.6068,2.6118
103.1886,0.727,3.1231
103.1888,0.7203,3.1072
103.1890,0.5573,2.4053
103.1892,0.5577,2.4013
103.1894,0.6366,2.7423
103.1896,0.6487,2.7932
103.1898,0.6553,2.819
103.1900,0.6592,2.8347
103.1902,0.7187,3.0918
103.1904,0.6962,2.9949
103.1906,0.7,3.0142
103.1908,0.6379,2.7493
103.1910,0.6087,2.6225
103.1912,0.6126,2.6353
103.1914,0.6472,2.7857
103.1916,0.6579,2.8303
103.1918,0.7091,3.0449
103.1920,0.7607,3.2663
103.1922,0.7694,3.31
103.1924,0.737,3.1708
103.1926,0.7221,3.1048
103.1928,0.7386,3.1745
103.1930,0.7386,3.176
103.1932,0.7254,3.1207
103.1934,0.715,3.0744
103.1936,0.7141,3.0737
103.1938,0.6765,2.9103
103.1940,0.7462,3.2114
103.1942,0.7538,3.24
103.1944,0.7535,3.2384
103.1946,0.7493,3.2249
103.1948,0.7134,3.0748
103.1950,0.6295,2.7068
103.1952,0.7358,3.1612
103.1954,0.7363,3.1691
103.1956,0.7039,3.0312
103.1958,0.7109,3.0555
103.1960,0.7693,3.3034
103.1962,0.8068,3.4661
103.1964,0.8297,3.5678
103.1966,0.7501,3.2225
103.1968,0.7448,3.2043
103.1970,0.6836,2.9407
103.1972,0.6706,2.8877
103.1974,0.6737,2.9024
103.1976,0.6785,2.919
103.1978,0.6778,2.9159
103.1980,0.6628,2.8568
103.1982,0.5474,2.3591
103.1984,0.6041,2.5999
103.1986,0.6669,2.8743
103.1988,0.5429,2.3443
103.1990,0.5101,2.2025
103.1992,0.4938,2.1301
103.1994,0.4903,2.117
103.1996,0.4927,2.1264
103.1998,0.4886,2.1078
103.2000,0.4863,2.099
103.2002,0.501,2.1601
103.2004,0.5531,2.3883
103.2006,0.5063,2.1854
103.2008,0.4977,2.1462
103.2010,0.5037,2.174
103.2012,0.5083,2.1916
103.2014,0.5492,2.3636
103.2016,0.5833,2.5106
103.2018,0.6759,2.9036
103.2020,0.7856,3.3749
103.2022,0.7783,3.3451
103.2024,0.7574,3.2584
103.2026,0.7282,3.1311
103.2028,0.7802,3.3486
103.2030,0.8221,3.5282
103.2032,0.8551,3.6703
103.2034,0.8616,3.6963
103.2036,0.886,3.7972
103.2038,0.9536,4.0833
103.2040,1.0444,4.4761
103.2042,1.0517,4.5011
103.2044,1.0881,4.6506
103.2046,1.1119,4.7565
103.2048,1.111,4.7529
103.2050,1.1238,4.8101
103.2052,1.0959,4.6861
103.2054,1.1339,4.8622
103.2056,1.0387,4.4519
103.2058,0.9984,4.2833
103.2060,1.0308,4.4098
103.2062,1.1035,4.7228
103.2064,1.1109,4.7546
103.2066,1.0584,4.5299
103.2068,1.0933,4.677
103.2070,1.1017,4.7306
103.2072,0.9388,4.0314
103.2074,0.9302,3.9906
103.2076,0.9434,4.0528
103.2078,0.8833,3.8001
103.2080,0.7822,3.3668
103.2082,0.6875,2.9591
103.2084,0.7458,3.2084
103.2086,0.8249,3.5455
103.2088,0.83,3.5722
103.2090,0.7543,3.239
103.2092,0.852,3.6637
103.2094,0.7914,3.406
103.2096,0.7446,3.2062
103.2098,0.7156,3.077
103.2100,0.7778,3.343
103.2102,0.906,3.8903
103.2104,0.9006,3.8725
103.2106,0.8031,3.4534
103.2108,0.7725,3.325
103.2110,0.7668,3.2941
103.2112,0.8358,3.5941
103.2114,0.8221,3.5315
103.2116,0.8507,3.6529
103.2118,0.8699,3.7371
103.2120,0.8754,3.766
103.2122,0.7966,3.4207
103.2124,0.8761,3.7639
103.2126,0.9021,3.8738
103.2128,0.9159,3.9294
103.2130,0.9716,4.17
103.2132,0.9408,4.0453
103.2134,0.8237,3.5437
103.2136,0.696,3.0013
103.2138,0.6651,2.8586
103.2140,0.8188,3.5209
103.2142,0.7561,3.2588
103.2144,0.6689,2.8818
103.2146,0.7103,3.0557
103.2148,0.7549,3.2491
103.2150,0.773,3.3317
103.2152,0.6547,2.8229
103.2154,0.5507,2.378
103.2156,0.4858,2.0998
103.2158,0.4916,2.1237
103.2160,0.4944,2.1327
103.2162,0.5007,2.1581
103.2164,0.4986,2.1567
103.2166,0.4115,1.7802
103.2168,0.4058,1.7528
103.2170,0.4802,2.0755
103.2172,0.4722,2.0407
103.2174,0.4673,2.0176
103.2176,0.458,1.9768
103.2178,0.4603,1.9876
103.2180,0.4589,1.9823
103.2182,0.458,1.9778
103.2184,0.4569,1.974
103.2186,0.4574,1.9779
103.2188,0.4481,1.9348
103.2190,0.4584,1.9784
103.2192,0.4475,1.9313
103.2194,0.4466,1.9277
103.2196,0.4671,2.0152
103.2198,0.5137,2.217
103.2200,0.4629,1.9999
103.2202,0.45,1.9449
103.2204,0.4493,1.94
103.2206,0.4578,1.974
103.2208,0.5081,2.1932
103.2210,0.5073,2.1916
103.2212,0.4502,1.9432
103.2214,0.4475,1.9322
103.2216,0.4492,1.9395
103.2218,0.4717,2.0349
103.2220,0.5216,2.2532
103.2222,0.468,2.0217
103.2224,0.4516,1.9489
103.2226,0.4982,2.1462
103.2228,0.5958,2.5655
103.2230,0.5928,2.5561
103.2232,0.5471,2.357
103.2234,0.5354,2.3096
103.2236,0.4683,2.0214
103.2238,0.4605,1.9886
103.2240,0.4706,2.0321
103.2242,0.4741,2.0443
103.2244,0.531,2.2888
103.2246,0.5428,2.3395
103.2248,0.5801,2.4979
103.2250,0.5797,2.4975
103.2252,0.5234,2.2578
103.2254,0.461,1.9879
103.2256,0.533,2.2992
103.2258,0.5617,2.4222
103.2260,0.6063,2.6097
103.2262,0.6397,2.7506
103.2264,0.671,2.8879
103.2266,0.6944,2.9885
103.2268,0.6778,2.9159
103.2270,0.6364,2.7393
103.2272,0.6484,2.7909
103.2274,0.718,3.0887
103.2276,0.7368,3.1682
103.2278,0.7297,3.1364
103.2280,0.6975,3.0005
103.2282,0.6228,2.6842
103.2284,0.5864,2.5252
103.2286,0.6103,2.6292
103.2288,0.6063,2.6134
103.2290,0.5856,2.5228
103.2292,0.6255,2.6923
103.2294,0.6567,2.8225
103.2296,0.6855,2.9489
103.2298,0.7343,3.1545
103.2300,0.7824,3.361
103.2302,0.739,3.1775
103.2304,0.7151,3.0778
103.2306,0.7002,3.0124
103.2308,0.6665,2.8688
103.2310,0.646,2.7818
103.2312,0.5818,2.5086
103.2314,0.5511,2.3751
103.2316,0.5854,2.5206
103.2318,0.62,2.6661
103.2320,0.6848,2.95
103.2322,0.6465,2.7865
103.2324,0.6006,2.5922
103.2326,0.45,1.9431
103.2328,0.418,1.8023
103.2330,0.4598,1.9846
103.2332,0.4162,1.7971
103.2334,0.3945,1.7041
103.2336,0.3938,1.701
103.2338,0.4046,1.7469
103.2340,0.4073,1.7604
103.2342,0.4035,1.7422
103.2344,0.4243,1.8323
103.2346,0.4296,1.8525
103.2348,0.4565,1.9683
103.2350,0.5032,2.1669
103.2352,0.5869,2.5238
103.2354,0.6495,2.7968
103.2356,0.6104,2.6297
103.2358,0.656,2.8247
103.2360,0.6699,2.8806
103.2362,0.69,2.9672
103.2364,0.6954,2.989
103.2366,0.7807,3.346
103.2368,0.8658,3.7092
103.2370,0.8795,3.7783
103.2372,0.7945,3.4083
103.2374,0.9157,3.921
103.2376,0.9896,4.2333
103.2378,1.0068,4.3112
103.2380,0.9386,4.0285
103.2382,0.8302,3.5649
103.2384,0.8294,3.558
103.2386,0.8792,3.7755
103.2388,0.7812,3.3543
103.2390,0.815,3.5011
103.2392,0.7994,3.4342
103.2394,0.7956,3.4129
103.2396,0.8056,3.4594
103.2398,0.808,3.4697
103.2400,0.8055,3.4572
103.2402,0.8304,3.5709
103.2404,0.7848,3.3651
103.2406,0.9095,3.8998
103.2408,0.955,4.0951
103.2410,0.9423,4.0369
103.2412,0.9735,4.1782
103.2414,0.8683,3.7304
103.2416,0.824,3.5414
103.2418,0.7571,3.2554
103.2420,0.7697,3.3095
103.2422,0.7821,3.36
103.2424,0.8376,3.5968
103.2426,0.8387,3.5981
103.2428,0.8458,3.6301
103.2430,0.8686,3.7297
103.2432,0.8086,3.4803
103.2434,0.7796,3.3508
103.2436,0.8819,3.7798
103.2438,0.9438,4.0487
103.2440,0.9047,3.8828
103.2442,0.8446,3.6267
103.2444,0.84,3.6054
103.2446,0.8406,3.6063
103.2448,0.8459,3.6357
103.2450,0.8073,3.4698
103.2452,0.8418,3.6081
103.2454,0.8773,3.7725
103.2456,0.7694,3.3069
103.2458,0.8179,3.5119
103.2460,0.812,3.4948
103.2462,0.6976,3.0024
103.2464,0.6886,2.9665
103.2466,0.6951,2.9902
103.2468,0.7502,3.2275
103.2470,0.7404,3.1882
103.2472,0.6758,2.9099
103.2474,0.6668,2.8711
103.2476,0.7364,3.1652
103.2478,0.786,3.3733
103.2480,0.8218,3.5387
103.2482,0.7105,3.0624
103.2484,0.6559,2.8229
103.2486,0.6517,2.81
103.2488,0.6029,2.5996
103.2490,0.5868,2.5279
103.2492,0.5941,2.5571
103.2494,0.6665,2.8701
103.2496,0.695,2.9953
103.2498,0.6421,2.7635
103.2500,0.6731,2.8958
103.2502,0.7327,3.1478
103.2504,0.841,3.6146
103.2506,0.8117,3.4872
103.2508,0.7628,3.2817
103.2510,0.7611,3.2729
103.2512,0.8062,3.4684
103.2514,0.715,3.0801
103.2516,0.6802,2.929
103.2518,0.685,2.9455
103.2520,0.7198,3.0965
103.2522,0.6665,2.8715
103.2524,0.6699,2.8819
103.2526,0.6749,2.9103
103.2528,0.5617,2.4245
103.2530,0.5334,2.3024
103.2532,0.5267,2.2723
103.2534,0.5282,2.2775
103.2536,0.5306,2.2889
103.2538,0.5306,2.2878
103.2540,0.5441,2.3451
103.2542,0.5309,2.2915
103.2544,0.526,2.2703
103.2546,0.5291,2.2848
103.2548,0.5278,2.277
103.2550,0.5338,2.2986
103.2552,0.6155,2.6539
103.2554,0.5553,2.3943
103.2556,0.5276,2.2749
103.2558,0.5296,2.2847
103.2560,0.5592,2.408
103.2562,0.5954,2.5687
103.2564,0.5314,2.2936
103.2566,0.5243,2.262
103.2568,0.5231,2.2558
103.2570,0.5229,2.2547
103.2572,0.5231,2.2558
103.2574,0.5222,2.2516
103.2576,0.5282,2.2775
103.2578,0.5404,2.3302
103.2580,0.5543,2.3869
103.2582,0.6162,2.657
103.2584,0.5643,2.4342
103.2586,0.5406,2.3302
103.2588,0.5643,2.4286
103.2590,0.6411,2.7607
103.2592,0.6428,2.7653
103.2594,0.6854,2.9471
103.2596,0.7234,3.112
103.2598,0.7458,3.2084
103.2600,0.7452,3.2028
103.2602,0.7339,3.1559
103.2604,0.72,3.0975
103.2606,0.7246,3.1128
103.2608,0.7372,3.1683
103.2610,0.7038,3.0279
103.2612,0.684,2.9414
103.2614,0.695,2.9911
103.2616,0.6929,2.9851
103.2618,0.6608,2.844
103.2620,0.6444,2.7759
103.2622,0.6685,2.877
103.2624,0.6541,2.8138
103.2626,0.6652,2.8591
103.2628,0.7141,3.0708
103.2630,0.7304,3.1453
103.2632,0.6483,2.7916
103.2634,0.6302,2.7099
103.2636,0.7212,3.1027
103.2638,0.7177,3.0877
103.2640,0.6549,2.82
103.2642,0.5928,2.5538
103.2644,0.5536,2.3904
103.2646,0.4844,2.0878
103.2648,0.5573,2.4031
103.2650,0.5212,2.2454
103.2652,0.5848,2.5192
103.2654,0.5729,2.4703
103.2656,0.5276,2.2781
103.2658,0.4135,1.7857
103.2660,0.3975,1.7163
103.2662,0.4199,1.8106
103.2664,0.4342,1.8765
103.2666,0.3905,1.6886
103.2668,0.4143,1.7904
103.2670,0.3861,1.6679
103.2672,0.3709,1.6029
103.2674,0.4006,1.7306
103.2676,0.4162,1.7954
103.2678,0.408,1.7602
103.2680,0.4122,1.78
103.2682,0.4394,1.894
103.2684,0.5398,2.3255
103.2686,0.5972,2.5705
103.2688,0.68,2.9266
103.2690,0.6295,2.7081
103.2692,0.6707,2.8842
103.2694,0.7471,3.2066
103.2696,0.8374,3.5924
103.2698,0.8355,3.5842
103.2700,0.8313,3.5679
103.2702,0.8905,3.8203
103.2704,0.8978,3.8517
103.2706,0.898,3.8468
103.2708,0.9621,4.1178
103.2710,0.9756,4.1777
103.2712,0.9719,4.1638
103.2714,0.9818,4.2078
103.2716,0.9737,4.1715
103.2718,0.9831,4.2135
103.2720,0.9709,4.1669
103.2722,0.9577,4.0988
103.2724,1.1219,4.7996
103.2726,1.0891,4.6569
103.2728,1.0946,4.6827
103.2730,1.0729,4.5963
103.2732,1.0426,4.46
103.2734,1.139,4.877
103.2736,1.0298,4.416
103.2738,0.9265,3.9709
103.2740,0.9716,4.1622
103.2742,0.9966,4.2716
103.2744,0.9828,4.2164
103.2746,0.9561,4.1017
103.2748,0.9063,3.8955
103.2750,0.7951,3.4204
103.2752,0.7846,3.374
103.2754,0.8031,3.4485
103.2756,0.8,3.4352
103.2758,0.7933,3.4111
103.2760,0.737,3.1722
103.2762,0.7259,3.1257
103.2764,0.7067,3.0417
103.2766,0.6969,2.9966
103.2768,0.7086,3.0499
103.2770,0.7159,3.0828
103.2772,0.7194,3.0949
103.2774,0.6652,2.8644
103.2776,0.7005,3.0148
103.2778,0.7067,3.0417
103.2780,0.7103,3.0557
103.2782,0.7312,3.1484
103.2784,0.7029,3.0209
103.2786,0.7851,3.3729
103.2788,0.7559,3.2517
103.2790,0.7316,3.1461
103.2792,0.7356,3.1646
103.2794,0.7653,3.294
103.2796,0.682,2.9394
103.2798,0.6007,2.5915
103.2800,0.6014,2.591
103.2802,0.6573,2.829
103.2804,0.6819,2.9348
103.2806,0.6766,2.9135
103.2808,0.7031,3.0276
103.2810,0.6879,2.9634
103.2812,0.617,2.6594
103.2814,0.6077,2.6215
103.2816,0.6023,2.5946
103.2818,0.6442,2.7767
103.2820,0.5827,2.5127
103.2822,0.5488,2.3686
103.2824,0.5013,2.1637
103.2826,0.4976,2.1466
103.2828,0.4893,2.1119
103.2830,0.4902,2.1165
103.2832,0.5206,2.2449
103.2834,0.581,2.5043
103.2836,0.5516,2.3772
103.2838,0.5363,2.3169
103.2840,0.4806,2.0741
103.2842,0.4465,1.9281
103.2844,0.4095,1.7673
103.2846,0.486,2.0965
103.2848,0.5393,2.3256
103.2850,0.5456,2.3524
103.2852,0.5432,2.3421
103.2854,0.5475,2.3596
103.2856,0.5549,2.3939
103.2858,0.5496,2.3678
103.2860,0.5514,2.3756
103.2862,0.5511,2.3751
103.2864,0.5722,2.4684
103.2866,0.5384,2.3225
103.2868,0.4803,2.0741
103.2870,0.437,1.8872
103.2872,0.4468,1.9282
103.2874,0.4562,1.9682
103.2876,0.462,1.9949
103.2878,0.4488,1.9388
103.2880,0.4338,1.8741
103.2882,0.4399,1.8987
103.2884,0.451,1.9454
103.2886,0.4633,1.9987
103.2888,0.5369,2.312
103.2890,0.597,2.5695
103.2892,0.5892,2.5383
103.2894,0.583,2.5114
103.2896,0.587,2.529
103.2898,0.583,2.5137
103.2900,0.5693,2.4537
103.2902,0.5854,2.5206
103.2904,0.5975,2.5727
103.2906,0.6181,2.6615
103.2908,0.626,2.6981
103.2910,0.5429,2.34
103.2912,0.5362,2.31
103.2914,0.5438,2.3425
103.2916,0.6008,2.5896
103.2918,0.5851,2.5172
103.2920,0.687,2.9502
103.2922,0.7218,3.1024
103.2924,0.7037,3.0245
103.2926,0.7093,3.0516
103.2928,0.6511,2.8009
103.2930,0.667,2.8668
103.2932,0.6775,2.9144
103.2934,0.6964,2.9987
103.2936,0.6915,2.972
103.2938,0.7301,3.1379
103.2940,0.7364,3.1682
103.2942,0.7155,3.0765
103.2944,0.6587,2.8352
103.2946,0.5986,2.5798
103.2948,0.5271,2.2718
103.2950,0.5205,2.2433
103.2952,0.5081,2.1901
103.2954,0.5203,2.2423
103.2956,0.5609,2.4141
103.2958,0.578,2.4891
103.2960,0.5675,2.4425
103.2962,0.5703,2.4567
103.2964,0.5813,2.5042
103.2966,0.5896,2.5398
103.2968,0.5665,2.4384
103.2970,0.6075,2.6125
103.2972,0.6542,2.8169
103.2974,0.6131,2.6337
103.2976,0.6687,2.8754
103.2978,0.6978,3.0063
103.2980,0.6135,2.648
103.2982,0.4502,1.9432
103.2984,0.4147,1.7909
103.2986,0.4145,1.7898
103.2988,0.4438,1.9126
103.2990,0.4908,2.1142
103.2992,0.4954,2.1373
103.2994,0.4498,1.9438
103.2996,0.4056,1.7523
103.2998,0.4005,1.7276
103.3000,0.3887,1.6793
103.3002,0.3842,1.6604
103.3004,0.386,1.6674
103.3006,0.3896,1.6806
103.3008,0.3924,1.6938
103.3010,0.3934,1.6987
103.3012,0.4086,1.7628
103.3014,0.4453,1.9202
103.3016,0.4988,2.1488
103.3018,0.5608,2.4136
103.3020,0.6544,2.814
103.3022,0.6356,2.7356
103.3024,0.6307,2.7094
103.3026,0.7616,3.2658
103.3028,0.8223,3.526
103.3030,0.8061,3.4646
103.3032,0.7884,3.3836
103.3034,0.8024,3.4438
103.3036,0.8521,3.6506
103.3038,0.8511,3.6528
103.3040,0.8071,3.4575
103.3042,0.941,4.0293
103.3044,0.9753,4.1762
103.3046,0.9982,4.2683
103.3048,1.0151,4.3446
103.3050,1.0591,4.5224
103.3052,1.1842,5.0635
103.3054,1.0583,4.5336
103.3056,0.9261,3.9657
103.3058,0.9886,4.2253
103.3060,1.0885,4.6565
103.3062,1.083,4.6437
103.3064,0.9744,4.1745
103.3066,0.9337,4.0018
103.3068,0.8944,3.8386
103.3070,0.7734,3.327
103.3072,0.7203,3.0957
103.3074,0.7682,3.3003
103.3076,0.7622,3.273
103.3078,0.7537,3.2409
103.3080,0.755,3.2451
103.3082,0.8079,3.4675
103.3084,0.827,3.551
103.3086,0.7828,3.3631
103.3088,0.817,3.5066
103.3090,0.878,3.7633
103.3092,0.934,4.007
103.3094,0.9831,4.2135
103.3096,1.0044,4.307
103.3098,0.9051,3.8849
103.3100,0.883,3.7897
103.3102,0.8982,3.8479
103.3104,0.9573,4.1011
103.3106,0.9567,4.1062
103.3108,0.8872,3.8095
103.3110,0.8746,3.7554
103.3112,0.8803,3.7801
103.3114,0.8494,3.6473
103.3116,0.8149,3.5039
103.3118,0.834,3.5797
103.3120,0.8767,3.7664
103.3122,0.7903,3.3982
103.3124,0.7934,3.4053
103.3126,0.8934,3.8291
103.3128,0.9958,4.27
103.3130,0.9542,4.0973
103.3132,0.8007,3.4431
103.3134,0.7577,3.2549
103.3136,0.7968,3.4213
103.3138,0.8544,3.6689
103.3140,0.8309,3.5746
103.3142,0.7788,3.3518
103.3144,0.7367,3.1707
103.3146,0.685,2.9483
103.3148,0.7186,3.0928
103.3150,0.7158,3.0852
103.3152,0.5956,2.568
103.3154,0.624,2.6893
103.3156,0.6435,2.7723
103.3158,0.5992,2.5835
103.3160,0.5713,2.4647
103.3162,0.5635,2.43
103.3164,0.5628,2.4269
103.3166,0.571,2.4598
103.3168,0.5745,2.4759
103.3170,0.5936,2.5633
103.3172,0.5068,2.1875
103.3174,0.4833,2.088
103.3176,0.4837,2.0886
103.3178,0.4824,2.079
103.3180,0.6391,2.7455
103.3182,0.7748,3.3332
103.3184,0.7083,3.054
103.3186,0.5813,2.5065
103.3188,0.5471,2.3592
103.3190,0.5757,2.4845
103.3192,0.5699,2.4585
103.3194,0.5474,2.3602
103.3196,0.5398,2.3287
103.3198,0.5366,2.3147
103.3200,0.5382,2.3198
103.3202,0.5278,2.2759
103.3204,0.5265,2.2723
103.3206,0.5243,2.263
103.3208,0.5257,2.2666
103.3210,0.526,2.2682
103.3212,0.5345,2.3027
103.3214,0.6179,2.658
103.3216,0.6517,2.8048
103.3218,0.6095,2.6231
103.3220,0.5826,2.5122
103.3222,0.5372,2.3163
103.3224,0.5313,2.2899
103.3226,0.5265,2.2713
103.3228,0.5283,2.279
103.3230,0.5452,2.3476
103.3232,0.6042,2.6004
103.3234,0.6215,2.676
103.3236,0.6297,2.7116
103.3238,0.6318,2.7217
103.3240,0.5742,2.4772
103.3242,0.5412,2.3338
103.3244,0.5386,2.3214
103.3246,0.5941,2.5595
103.3248,0.6297,2.7078
103.3250,0.7072,3.0409
103.3252,0.7271,3.1265
103.3254,0.7246,3.1186
103.3256,0.6803,2.9254
103.3258,0.7312,3.144
103.3260,0.7303,3.1389
103.3262,0.7567,3.2538
103.3264,0.7472,3.2086
103.3266,0.7879,3.3816
103.3268,0.7626,3.276
103.3270,0.7186,3.0942
103.3272,0.6358,2.7405
103.3274,0.6126,2.6378
103.3276,0.6086,2.6207
103.3278,0.673,2.8953
103.3280,0.6862,2.952
103.3282,0.6492,2.794
103.3284,0.6429,2.7658
103.3286,0.6882,2.9581
103.3288,0.7492,3.2229
103.3290,0.7231,3.108
103.3292,0.7531,3.2384
103.3294,0.7529,3.2388
103.3296,0.6897,2.9656
103.3298,0.6885,2.9618
103.3300,0.7277,3.1262
103.3302,0.7385,3.1784
103.3304,0.7013,3.0198
103.3306,0.6852,2.9493
103.3308,0.6921,2.9787
103.3310,0.6863,2.9512
103.3312,0.7578,3.263
103.3314,0.6659,2.8582
103.3316,0.7972,3.4233
103.3318,0.8551,3.6703
103.3320,0.8788,3.7822
103.3322,0.731,3.145
103.3324,0.7081,3.0436
103.3326,0.7574,3.26
103.3328,0.7197,3.0945
103.3330,0.7583,3.259
103.3332,0.7227,3.1074
103.3334,0.6789,2.9192
103.3336,0.689,2.9694
103.3338,0.6147,2.6557
103.3340,0.4438,1.9162
103.3342,0.4402,1.8989
103.3344,0.5024,2.1633
103.3346,0.559,2.407
103.3348,0.5391,2.3267
103.3350,0.5035,2.17
103.3352,0.6155,2.6452
103.3354,0.7219,3.1058
103.3356,0.7128,3.068
103.3358,0.7161,3.0748
103.3360,0.7625,3.2771
103.3362,0.729,3.1289
103.3364,0.8354,3.577
103.3366,0.9298,3.9872
103.3368,0.9104,3.9075
103.3370,0.902,3.8715
103.3372,0.8999,3.8586
103.3374,0.9319,3.9978
103.3376,0.8908,3.8196
103.3378,0.8753,3.7532
103.3380,0.9173,3.935
103.3382,0.9147,3.9206
103.3384,0.9494,4.0729
103.3386,1.002,4.2947
103.3388,0.977,4.1873
103.3390,0.9574,4.1073
103.3392,0.944,4.0478
103.3394,0.9303,3.9874
103.3396,0.911,3.9083
103.3398,0.9146,3.9255
103.3400,0.9169,3.9316
103.3402,0.9207,3.9499
103.3404,0.884,3.7978
103.3406,0.8801,3.7844
103.3408,0.7867,3.3906
103.3410,0.688,2.9584
103.3412,0.7725,3.3188
103.3414,0.8348,3.5828
103.3416,0.8322,3.5803
103.3418,0.7627,3.2811
103.3420,0.7941,3.4115
103.3422,0.7673,3.3038
103.3424,0.7006,3.0111
103.3426,0.797,3.4239
103.3428,0.7652,3.2904
103.3430,0.7192,3.0968
103.3432,0.6921,2.9801
103.3434,0.7201,3.0995
103.3436,0.6946,2.9895
103.3438,0.7126,3.0641
103.3440,0.6392,2.7511
103.3442,0.6482,2.7911
103.3444,0.6836,2.9448
103.3446,0.6828,2.9417
103.3448,0.6921,2.9773
103.3450,0.7454,3.2054
103.3452,0.7276,3.1329
103.3454,0.7358,3.1641
103.3456,0.7633,3.2868
103.3458,0.645,2.7772
103.3460,0.6213,2.6755
103.3462,0.6428,2.7679
103.3464,0.6593,2.8391
103.3466,0.6803,2.9268
103.3468,0.7083,3.0484
103.3470,0.6894,2.9701
103.3472,0.63,2.7177
103.3474,0.5905,2.544
103.3476,0.5944,2.5605
103.3478,0.5569,2.4049
103.3480,0.5152,2.2227
103.3482,0.5677,2.4458
103.3484,0.6169,2.6576
103.3486,0.6555,2.8226
103.3488,0.6906,2.9725
103.3490,0.6709,2.8874
103.3492,0.6722,2.8917
103.3494,0.6767,2.9181
103.3496,0.5964,2.5729
103.3498,0.5802,2.5007
103.3500,0.5863,2.5271
103.3502,0.6079,2.6189
103.3504,0.6264,2.6997
103.3506,0.6182,2.6596
103.3508,0.6731,2.8999
103.3510,0.6187,2.6728
103.3512,0.455,1.9666
103.3514,0.4492,1.9377
103.3516,0.5192,2.2387
103.3518,0.5403,2.3308
103.3520,0.551,2.3779
103.3522,0.4745,2.0487
103.3524,0.435,1.8775
103.3526,0.4339,1.8728
103.3528,0.4411,1.9048
103.3530,0.4438,1.917
103.3532,0.4316,1.863
103.3534,0.4303,1.8582
103.3536,0.4331,1.8701
103.3538,0.434,1.8742
103.3540,0.4302,1.8585
103.3542,0.432,1.8646
103.3544,0.432,1.8654
103.3546,0.4345,1.8763
103.3548,0.4345,1.8763
103.3550,0.4309,1.8608
103.3552,0.4315,1.8616
103.3554,0.4309,1.8616
103.3556,0.4333,1.872
103.3558,0.435,1.8792
103.3560,0.4318,1.8627
103.3562,0.4307,1.8597
103.3564,0.4306,1.8601
103.3566,0.4336,1.8713
103.3568,0.435,1.8775
103.3570,0.4297,1.8564
103.3572,0.4279,1.8478
103.3574,0.4429,1.909
103.3576,0.4986,2.1478
103.3578,0.5532,2.3855
103.3580,0.5549,2.3883
103.3582,0.5568,2.3966
103.3584,0.5863,2.5247
103.3586,0.6285,2.7077
103.3588,0.5807,2.5004
103.3590,0.5677,2.4447
103.3592,0.6201,2.6678
103.3594,0.6641,2.8531
103.3596,0.6836,2.9393
103.3598,0.6868,2.9519
103.3600,0.726,3.1233
103.3602,0.7236,3.1101
103.3604,0.7233,3.1085
103.3606,0.6798,2.9233
103.3608,0.6651,2.8666
103.3610,0.5488,2.3631
103.3612,0.5313,2.2899
103.3614,0.5328,2.2976
103.3616,0.5276,2.2738
103.3618,0.5234,2.2557
103.3620,0.5474,2.358
103.3622,0.5784,2.4918
103.3624,0.5783,2.489
103.3626,0.5765,2.4812
103.3628,0.579,2.4932
103.3630,0.586,2.522
103.3632,0.6277,2.6991
103.3634,0.6661,2.8707
103.3636,0.5842,2.5166
103.3638,0.6193,2.6642
103.3640,0.624,2.6818
103.3642,0.658,2.8321
103.3644,0.6339,2.7271
103.3646,0.6271,2.7003
103.3648,0.5218,2.249
103.3650,0.5405,2.3286
103.3652,0.5349,2.3043
103.3654,0.5057,2.1788
103.3656,0.5519,2.3765
103.3658,0.5471,2.3592
103.3660,0.4844,2.0917
103.3662,0.4089,1.763
103.3664,0.4126,1.7799
103.3666,0.4085,1.7648
103.3668,0.3933,1.699
103.3670,0.3876,1.6731
103.3672,0.4175,1.7994
103.3674,0.4746,2.0473
103.3676,0.5306,2.2846
103.3678,0.5544,2.3874
103.3680,0.5828,2.5016
103.3682,0.7261,3.1165
103.3684,0.8103,3.4794
103.3686,0.8161,3.5009
103.3688,0.8505,3.6451
103.3690,0.8881,3.8065
103.3692,0.8898,3.8137
103.3694,0.9632,4.1166
103.3696,1.0282,4.4005
103.3698,0.9951,4.2589
103.3700,0.9905,4.2414
103.3702,0.9929,4.2556
103.3704,0.9711,4.164
103.3706,0.9502,4.0727
103.3708,0.9355,4.002
103.3710,1.0137,4.3385
103.3712,1.0477,4.48
103.3714,1.1326,4.8453
103.3716,1.129,4.8276
103.3718,1.1122,4.7603
103.3720,1.0844,4.6391
103.3722,1.0556,4.5265
103.3724,0.8838,3.7844
103.3726,0.9577,4.1084
103.3728,0.9553,4.0962
103.3730,0.9318,3.9973
103.3732,0.8556,3.6706
103.3734,0.9013,3.8648
103.3736,0.9502,4.0765
103.3738,0.902,3.8697
103.3740,0.9068,3.8848
103.3742,0.9814,4.2063
103.3744,0.996,4.265
103.3746,0.9927,4.2546
103.3748,0.9989,4.2853
103.3750,0.9453,4.0573
103.3752,0.8932,3.8334
103.3754,0.8942,3.8345
103.3756,0.9241,3.968
103.3758,0.8201,3.5217
103.3760,0.8595,3.6957
103.3762,0.7704,3.3141
103.3764,0.7848,3.3761
103.3766,0.7751,3.3281
103.3768,0.8291,3.5669
103.3770,0.7614,3.2755
103.3772,0.7571,3.2569
103.3774,0.7904,3.3971
103.3776,0.8398,3.6111
103.3778,0.7837,3.3683
103.3780,0.7812,3.3575
103.3782,0.834,3.5847
103.3784,0.7862,3.3822
103.3786,0.7686,3.3018
103.3788,0.8044,3.4574
103.3790,0.8508,3.6586
103.3792,0.79,3.3956
103.3794,0.7682,3.3033
103.3796,0.8117,3.4889
103.3798,0.8344,3.5846
103.3800,0.7972,3.4297
103.3802,0.7542,3.2415
103.3804,0.8266,3.5495
103.3806,0.8657,3.719
103.3808,0.8063,3.477
103.3810,0.5999,2.5867
103.3812,0.5602,2.4166
103.3814,0.5625,2.4265
103.3816,0.57,2.4568
103.3818,0.5393,2.3277
103.3820,0.4827,2.0844
103.3822,0.482,2.0794
103.3824,0.4912,2.1202
103.3826,0.5607,2.4176
103.3828,0.5513,2.3795
103.3830,0.5647,2.434
103.3832,0.611,2.6347
103.3834,0.5992,2.5835
103.3836,0.5733,2.473
103.3838,0.6258,2.6921
103.3840,0.6845,2.9517
103.3842,0.5556,2.3981
103.3844,0.5549,2.3917
103.3846,0.6065,2.6114
103.3848,0.6125,2.6385
103.3850,0.6259,2.6976
103.3852,0.5992,2.5823
103.3854,0.5366,2.3147
103.3856,0.545,2.3488
103.3858,0.5441,2.3473
103.3860,0.5161,2.2273
103.3862,0.5344,2.3054
103.3864,0.5418,2.3353
103.3866,0.5316,2.2925
103.3868,0.5249,2.2656
103.3870,0.5144,2.2139
103.3872,0.6054,2.6068
103.3874,0.582,2.5108
103.3876,0.551,2.3768
103.3878,0.5403,2.3265
103.3880,0.6171,2.6562
103.3882,0.6493,2.7958
103.3884,0.6524,2.8092
103.3886,0.6482,2.7911
103.3888,0.6667,2.868
103.3890,0.6945,2.989
103.3892,0.7008,3.0136
103.3894,0.7233,3.1114
103.3896,0.7351,3.161
103.3898,0.7235,3.1139
103.3900,0.6647,2.861
103.3902,0.7157,3.0746
103.3904,0.798,3.428
103.3906,0.8446,3.6284
103.3908,0.8135,3.4982
103.3910,0.7852,3.3734
103.3912,0.7917,3.4044
103.3914,0.7035,3.0305
103.3916,0.6729,2.8961
103.3918,0.7218,3.1009
103.3920,0.7839,3.3693
103.3922,0.8346,3.5806
103.3924,0.848,3.6445
103.3926,0.8417,3.6143
103.3928,0.8545,3.666
103.3930,0.9157,3.9302
103.3932,0.9189,3.9441
103.3934,0.8496,3.6483
103.3936,0.8128,3.4902
103.3938,0.8839,3.792
103.3940,0.9145,3.9342
103.3942,0.7798,3.3533
103.3944,0.7608,3.2698
103.3946,0.7933,3.4095
103.3948,0.7894,3.3946
103.3950,0.7563,3.2523
103.3952,0.7137,3.0716
103.3954,0.6906,2.9767
103.3956,0.6816,2.9352
103.3958,0.7098,3.0522
103.3960,0.7223,3.1102
103.3962,0.6528,2.8173
103.3964,0.5308,2.292
103.3966,0.4583,1.9797
103.3968,0.402,1.7376
103.3970,0.4013,1.7313
103.3972,0.5261,2.2718
103.3974,0.4885,2.1112
103.3976,0.4125,1.7827
103.3978,0.4065,1.7568
103.3980,0.3923,1.6964
103.3982,0.3945,1.7049
103.3984,0.3947,1.7044
103.3986,0.401,1.7313
103.3988,0.3959,1.7119
103.3990,0.4415,1.9081
103.3992,0.4228,1.8264
103.3994,0.4095,1.7689
103.3996,0.4675,2.0168
103.3998,0.4767,2.0576
103.4000,0.414,1.7869
103.4002,0.4149,1.7914
103.4004,0.4508,1.9467
103.4006,0.4972,2.1441
103.4008,0.5328,2.2934
103.4010,0.6647,2.8584
103.4012,0.7114,3.0604
103.4014,0.6699,2.8779
103.4016,0.7348,3.1551
103.4018,0.7839,3.363
103.4020,0.8351,3.581
103.4022,0.8302,3.5649
103.4024,0.8514,3.6526
103.4026,0.9107,3.9049
103.4028,0.8697,3.7308
103.4030,0.8465,3.6349
103.4032,0.8403,3.6082
103.4034,0.8366,3.5922
103.4036,0.8378,3.594
103.4038,0.8392,3.6018
103.4040,0.8789,3.7687
103.4042,0.9864,4.222
103.4044,1.1,4.7057
103.4046,1.0777,4.6082
103.4048,1.1099,4.7417
103.4050,1.1441,4.8945
103.4052,1.1608,4.9728
103.4054,0.9945,4.2723
103.4056,0.8886,3.8139
103.4058,0.9292,3.9883
103.4060,0.9006,3.8617
103.4062,0.9229,3.9555
103.4064,0.9567,4.1062
103.4066,0.8494,3.6541
103.4068,0.7438,3.2026
103.4070,0.6952,2.9893
103.4072,0.8037,3.4479
103.4074,0.896,3.8494
103.4076,0.8063,3.4673
103.4078,0.779,3.3482
103.4080,0.8266,3.5478
103.4082,0.9399,4.0304
103.4084,0.9652,4.1427
103.4086,0.8948,3.8442
103.4088,0.8611,3.7029
103.4090,0.8567,3.6787
103.4092,0.8891,3.8141
103.4094,0.9024,3.8749
103.4096,0.8806,3.7794
103.4098,0.8506,3.6541
103.4100,0.8123,3.4931
103.4102,0.8175,3.5103
103.4104,0.8667,3.7249
103.4106,0.8049,3.4627
103.4108,0.7849,3.375
103.4110,0.7947,3.4125
103.4112,0.8321,3.5781
103.4114,0.8242,3.5458
103.4116,0.7908,3.4018
103.4118,0.7456,3.2104
103.4120,0.7771,3.3477
103.4122,0.715,3.0758
103.4124,0.741,3.1818
103.4126,0.832,3.5726
103.4128,0.827,3.556
103.4130,0.7418,3.1973
103.4132,0.618,2.6622
103.4134,0.5953,2.5682
103.4136,0.6059,2.6101
103.4138,0.6785,2.9258
103.4140,0.5544,2.3918
103.4142,0.4838,2.0881
103.4144,0.4881,2.1077
103.4146,0.4902,2.1165
103.4148,0.4998,2.1579
103.4150,0.4851,2.0957
103.4152,0.4098,1.7721
103.4154,0.4032,1.7436
103.4156,0.3966,1.7143
103.4158,0.4481,1.9348
103.4160,0.4512,1.9492
103.4162,0.4468,1.9282
103.4164,0.4499,1.9435
103.4166,0.4458,1.9258
103.4168,0.4454,1.9252
103.4170,0.4453,1.9256
103.4172,0.4486,1.9378
103.4174,0.4659,2.0091
103.4176,0.5151,2.2211
103.4178,0.4833,2.087
103.4180,0.4495,1.9401
103.4182,0.4506,1.9457
103.4184,0.4514,1.9511
103.4186,0.4484,1.9354
103.4188,0.4498,1.942
103.4190,0.4498,1.942
103.4192,0.4623,1.9946
103.4194,0.4639,2.0031
103.4196,0.4643,2.0038
103.4198,0.5096,2.1953
103.4200,0.5387,2.3251
103.4202,0.4746,2.0492
103.4204,0.4837,2.0847
103.4206,0.5658,2.4409
103.4208,0.5055,2.1828
103.4210,0.4486,1.9369
103.4212,0.4442,1.9173
103.4214,0.4444,1.9187
103.4216,0.4447,1.9185
103.4218,0.4384,1.892
103.4220,0.4486,1.9369
103.4222,0.4495,1.941
103.4224,0.4599,1.9842
103.4226,0.4525,1.953
103.4228,0.4446,1.9207
103.4230,0.4668,2.0109
103.4232,0.518,2.2304
103.4234,0.5873,2.53
103.4236,0.6054,2.6056
103.4238,0.6233,2.6825
103.4240,0.621,2.6727
103.4242,0.5837,2.5145
103.4244,0.5719,2.4639
103.4246,0.5677,2.4413
103.4248,0.6224,2.6751
103.4250,0.6598,2.8372
103.4252,0.661,2.8411
103.4254,0.774,3.3234
103.4256,0.8065,3.4613
103.4258,0.8102,3.4757
103.4260,0.8131,3.4962
103.4262,0.7286,3.1303
103.4264,0.721,3.1002
103.4266,0.6468,2.7836
103.4268,0.6133,2.6372
103.4270,0.6525,2.8097
103.4272,0.599,2.5806
103.4274,0.6025,2.5968
103.4276,0.6044,2.599
103.4278,0.6537,2.8123
103.4280,0.67,2.8811
103.4282,0.6749,2.9022
103.4284,0.6874,2.9558
103.4286,0.7439,3.1957
103.4288,0.7511,3.2311
103.4290,0.6765,2.913
103.4292,0.6404,2.755
103.4294,0.664,2.854
103.4296,0.6788,2.9255
103.4298,0.5193,2.2403
103.4300,0.5012,2.1571
103.4302,0.584,2.5172
103.4304,0.5518,2.3793
103.4306,0.5782,2.4884
103.4308,0.5918,2.5496
103.4310,0.5297,2.2863
103.4312,0.5029,2.1684
103.4314,0.5364,2.3099
103.4316,0.5384,2.3182
103.4318,0.5468,2.3598
103.4320,0.4501,1.9445
103.4322,0.4043,1.7466
103.4324,0.4056,1.7499
103.4326,0.4022,1.7365
103.4328,0.396,1.7101
103.4330,0.3956,1.7064
103.4332,0.4052,1.7494
103.4334,0.4131,1.782
103.4336,0.483,2.0816
103.4338,0.5478,2.3612
103.4340,0.5775,2.4853
103.4342,0.659,2.8323
103.4344,0.7087,3.049
103.4346,0.6563,2.8223
103.4348,0.7217,3.1004
103.4350,0.7105,3.0511
103.4352,0.755,3.2391
103.4354,0.7998,3.4341
103.4356,0.8393,3.5973
103.4358,0.9797,4.1952
103.4360,0.9953,4.2639
103.4362,0.9432,4.0442
103.4364,0.9011,3.862
103.4366,0.8908,3.816
103.4368,0.8954,3.836
103.4370,0.9338,4.006
103.4372,0.9087,3.8967
103.4374,0.9404,4.023
103.4376,1.0099,4.3205
103.4378,0.9921,4.256
103.4380,0.868,3.7253
103.4382,0.8396,3.6017
103.4384,0.8384,3.5999
103.4386,0.8291,3.5603
103.4388,0.8454,3.6286
103.4390,0.8282,3.5528
103.4392,0.8277,3.5524
103.4394,0.8284,3.5572
103.4396,0.8508,3.6484
103.4398,0.8956,3.8419
103.4400,0.8541,3.6657
103.4402,0.8526,3.6612
103.4404,0.8716,3.7408
103.4406,0.9115,3.9103
103.4408,0.8688,3.7359
103.4410,0.7832,3.3631
103.4412,0.7861,3.3754
103.4414,0.7777,3.3425
103.4416,0.7674,3.3013
103.4418,0.7504,3.2265
103.4420,0.8035,3.4517
103.4422,0.7946,3.4152
103.4424,0.7601,3.2683
103.4426,0.7604,3.2653
103.4428,0.8352,3.5815
103.4430,0.8568,3.6792
103.4432,0.8326,3.5769
103.4434,0.8869,3.8102
103.4436,0.8185,3.5177
103.4438,0.7759,3.3348
103.4440,0.7647,3.2884
103.4442,0.7625,3.2786
103.4444,0.7089,3.0467
103.4446,0.7344,3.1594
103.4448,0.7114,3.0632
103.4450,0.7251,3.1163
103.4452,0.7911,3.3971
103.4454,0.8221,3.5315
103.4456,0.8506,3.6541
103.4458,0.8057,3.4599
103.4460,0.7736,3.3265
103.4462,0.6779,2.9192
103.4464,0.6528,2.8134
103.4466,0.648,2.7901
103.4468,0.6544,2.814
103.4470,0.7307,3.1434
103.4472,0.6854,2.9512
103.4474,0.628,2.7082
103.4476,0.5789,2.495
103.4478,0.583,2.5149
103.4480,0.6077,2.6178
103.4482,0.6637,2.8564
103.4484,0.6759,2.9104
103.4486,0.6848,2.95
103.4488,0.6887,2.9656
103.4490,0.6573,2.833
103.4492,0.5821,2.5078
103.4494,0.5637,2.4294
103.4496,0.6188,2.6646
103.4498,0.6954,2.9918
103.4500,0.6951,2.9916
103.4502,0.7282,3.1311
103.4504,0.8055,3.4588
103.4506,0.8233,3.5383
103.4508,0.7512,3.2316
103.4510,0.6494,2.7976
103.4512,0.5787,2.4975
103.4514,0.5373,2.3189
103.4516,0.5233,2.2573
103.4518,0.5242,2.2615
103.4520,0.5271,2.2728
103.4522,0.5316,2.2925
103.4524,0.5391,2.3224
103.4526,0.5356,2.3095
103.4528,0.5282,2.2785
103.4530,0.5306,2.2889
103.4532,0.5304,2.2873
103.4534,0.529,2.28
103.4536,0.6211,2.672
103.4538,0.7033,3.0244
103.4540,0.7108,3.0592
103.4542,0.6406,2.7612
103.4544,0.5625,2.4265
103.4546,0.5273,2.2739
103.4548,0.5242,2.2615
103.4550,0.5263,2.2703
103.4552,0.5283,2.279
103.4554,0.5271,2.2728
103.4556,0.524,2.2583
103.4558,0.5252,2.2645
103.4560,0.523,2.2552
103.4562,0.5265,2.2702
103.4564,0.5247,2.2635
103.4566,0.5354,2.3074
103.4568,0.6107,2.6271
103.4570,0.6922,2.9737
103.4572,0.7222,3.1025
103.4574,0.7279,3.133
103.4576,0.6513,2.8019
103.4578,0.6382,2.7483
103.4580,0.6295,2.7081
103.4582,0.6736,2.8979
103.4584,0.7265,3.1225
103.4586,0.8,3.4336
103.4588,0.8152,3.5022
103.4590,0.7698,3.3085
103.4592,0.7324,3.155
103.4594,0.6412,2.7612
103.4596,0.6224,2.6814
103.4598,0.6225,2.6794
103.4600,0.6827,2.9385
103.4602,0.6866,2.9508
103.4604,0.7566,3.2503
103.4606,0.7816,3.3595
103.4608,0.7776,3.3435
103.4610,0.6809,2.9307
103.4612,0.6669,2.8717
103.4614,0.681,2.9326
103.4616,0.648,2.7901
103.4618,0.6354,2.7371
103.4620,0.6494,2.7963
103.4622,0.6468,2.781
103.4624,0.6818,2.9316
103.4626,0.6798,2.9233
103.4628,0.6884,2.9696
103.4630,0.5486,2.3665
103.4632,0.5278,2.2749
103.4634,0.5245,2.2604
103.4636,0.5573,2.4053
103.4638,0.4946,2.1317
103.4640,0.5147,2.2196
103.4642,0.5496,2.37
103.4644,0.5249,2.2656
103.4646,0.4788,2.0683
103.4648,0.4008,1.7308
103.4650,0.4348,1.8791
103.4652,0.3934,1.6995
103.4654,0.398,1.7168
103.4656,0.462,1.993
103.4658,0.4921,2.1209
103.4660,0.4977,2.1462
103.4662,0.4846,2.0898
103.4664,0.5239,2.2578
103.4666,0.514,2.2154
103.4668,0.5054,2.1813
103.4670,0.4679,2.0155
103.4672,0.5851,2.5172
103.4674,0.6864,2.949
103.4676,0.7442,3.1957
103.4678,0.7388,3.1741
103.4680,0.7639,3.2802
103.4682,0.8187,3.5122
103.4684,0.8622,3.7024
103.4686,0.8116,3.4835
103.4688,0.8598,3.6886
103.4690,0.8779,3.7663
103.4692,0.8921,3.827
103.4694,0.8693,3.7293
103.4696,0.8416,3.6138
103.4698,0.8332,3.5794
103.4700,0.8295,3.5618
103.4702,0.8474,3.6334
103.4704,0.8933,3.8304
103.4706,0.9029,3.8697
103.4708,0.9716,4.1583
103.4710,1.0069,4.3178
103.4712,0.9792,4.201
103.4714,0.9664,4.1421
103.4716,1.0258,4.3862
103.4718,1.1265,4.8236
103.4720,1.008,4.3244
103.4722,0.8567,3.6753
103.4724,0.8788,3.7681
103.4726,0.9013,3.872
103.4728,0.8679,3.7283
103.4730,0.8402,3.606
103.4732,0.9054,3.8787
103.4734,1.0146,4.3426
103.4736,1.0622,4.5484
103.4738,1.0436,4.4751
103.4740,0.9695,4.1574
103.4742,0.9382,4.0288
103.4744,0.8679,3.7283
103.4746,0.8091,3.4743
103.4748,0.8706,3.7384
103.4750,0.8367,3.5927
103.4752,0.8218,3.5305
103.4754,0.8241,3.5436
103.4756,0.8182,3.5183
103.4758,0.8086,3.4771
103.4760,0.7951,3.4188
103.4762,0.7613,3.2765
103.4764,0.7452,3.2073
103.4766,0.7078,3.0463
103.4768,0.6906,2.9739
103.4770,0.7011,3.0132
103.4772,0.7697,3.3126
103.4774,0.6899,2.9749
103.4776,0.6002,2.5858
103.4778,0.6056,2.609
103.4780,0.6126,2.6415
103.4782,0.6096,2.6285
103.4784,0.5463,2.3544
103.4786,0.5664,2.4379
103.4788,0.6598,2.8425
103.4790,0.6922,2.9792
103.4792,0.7083,3.0484
103.4794,0.6815,2.9401
103.4796,0.5236,2.2589
103.4798,0.5004,2.1605
103.4800,0.5087,2.1937
103.4802,0.6183,2.6589
103.4804,0.7284,3.138
103.4806,0.6207,2.6766
103.4808,0.6174,2.6621
103.4810,0.6114,2.6314
103.4812,0.6375,2.7464
103.4814,0.5734,2.4735
103.4816,0.511,2.2056
103.4818,0.5481,2.3622
103.4820,0.5772,2.4889
103.4822,0.5242,2.2604
103.4824,0.5101,2.2025
103.4826,0.4878,2.1062
103.4828,0.4864,2.0995
103.4830,0.512,2.2067
103.4832,0.5622,2.4221
103.4834,0.6035,2.601
103.4836,0.6007,2.5867
103.4838,0.5483,2.3643
103.4840,0.5089,2.1963
103.4842,0.4683,2.0232
103.4844,0.5221,2.249
103.4846,0.5638,2.4344
103.4848,0.4657,2.0109
103.4850,0.4896,2.11
103.4852,0.5567,2.3983
103.4854,0.5675,2.4437
103.4856,0.5671,2.4455
103.4858,0.5734,2.4735
103.4860,0.5619,2.4194
103.4862,0.5585,2.4116
103.4864,0.4523,1.9538
103.4866,0.4388,1.8949
103.4868,0.4426,1.9092
103.4870,0.4815,2.0764
103.4872,0.5245,2.2646
103.4874,0.4615,1.9909
103.4876,0.4746,2.0473
103.4878,0.5428,2.3395
103.4880,0.571,2.4586
103.4882,0.5728,2.4687
103.4884,0.5737,2.4728
103.4886,0.5721,2.4633
103.4888,0.5902,2.5401
103.4890,0.6162,2.6545
103.4892,0.6092,2.6221
103.4894,0.6283,2.7029
103.4896,0.7079,3.044
103.4898,0.6988,3.0034
103.4900,0.6735,2.9001
103.4902,0.6085,2.6202
103.4904,0.6237,2.6833
103.4906,0.6682,2.8747
103.4908,0.6614,2.8439
103.4910,0.7079,3.0426
103.4912,0.738,3.1719
103.4914,0.7414,3.1878
103.4916,0.7818,3.3569
103.4918,0.8506,3.6456
103.4920,0.918,3.9363
103.4922,0.9006,3.8599
103.4924,0.9595,4.118
103.4926,0.8493,3.6502
103.4928,0.8127,3.4897
103.4930,0.8529,3.6605
103.4932,0.8486,3.6437
103.4934,0.842,3.6137
103.4936,0.8352,3.5915
103.4938,0.7475,3.2141
103.4940,0.6942,2.988
103.4942,0.6294,2.7151
103.4944,0.5488,2.3653
103.4946,0.592,2.5513
103.4948,0.539,2.3229
103.4950,0.5263,2.2703
103.4952,0.5092,2.1968
103.4954,0.5306,2.2846
103.4956,0.5517,2.3777
103.4958,0.5562,2.3951
103.4960,0.6068,2.6179
103.4962,0.5167,2.2278
103.4964,0.5355,2.3079
103.4966,0.5153,2.2232
103.4968,0.5447,2.3477
103.4970,0.6069,2.6123
103.4972,0.6081,2.6211
103.4974,0.5544,2.3907
103.4976,0.5175,2.2304
103.4978,0.5017,2.1632
103.4980,0.5,2.158
103.4982,0.5049,2.1782
103.4984,0.5119,2.2072
103.4986,0.5001,2.1555
103.4988,0.4513,1.9497
103.4990,0.4062,1.7549
103.4992,0.3975,1.7179
103.4994,0.3936,1.7005
103.4996,0.3921,1.6938
103.4998,0.3928,1.6961
103.5000,0.426,1.8387
103.5002,0.42,1.8111
103.5004,0.4879,2.0979
103.5006,0.6279,2.6988
103.5008,0.685,2.9455
103.5010,0.6675,2.8769
103.5012,0.6143,2.6389
103.5014,0.7416,3.1829
103.5016,0.7798,3.3533
103.5018,0.7307,3.139
103.5020,0.7616,3.2689
103.5022,0.795,3.4119
103.5024,0.8199,3.5157
103.5026,0.9387,4.0215
103.5028,0.9964,4.2665
103.5030,0.9766,4.1818
103.5032,0.976,4.1793
103.5034,0.9694,4.1549
103.5036,0.9669,4.1383
103.5038,1.0051,4.306
103.5040,0.9944,4.2578
103.5042,1.0758,4.6021
103.5044,1.0603,4.5423
103.5046,1.0438,4.4673
103.5048,1.0673,4.5721
103.5050,0.9856,4.2125
103.5052,1.1119,4.7565
103.5054,1.0908,4.6684
103.5056,1.0651,4.5671
103.5058,0.9848,4.2167
103.5060,0.9866,4.2363
103.5062,0.8782,3.7726
103.5064,0.8424,3.6208
103.5066,0.8415,3.6133
103.5068,0.8373,3.5953
103.5070,0.7927,3.4117
103.5072,0.8111,3.483
103.5074,0.883,3.7861
103.5076,0.9195,3.9411
103.5078,0.9342,4.0057
103.5080,0.9659,4.1419
103.5082,1.0024,4.2922
103.5084,1.0291,4.4047
103.5086,1.0697,4.5824
103.5088,1.1066,4.7384
103.5090,1.0736,4.595
103.5092,1.0792,4.63
103.5094,0.9578,4.1089
103.5096,0.9609,4.1203
103.5098,0.9766,4.1857
103.5100,1.0025,4.3008
103.5102,0.946,4.066
103.5104,0.8697,3.7343
103.5106,0.9825,4.2109
103.5108,1.0215,4.3759
103.5110,1.0205,4.3759
103.5112,1.0168,4.3579
103.5114,1.0217,4.3769
103.5116,1.0632,4.5589
103.5118,1.0243,4.4026
103.5120,0.8993,3.8597
103.5122,0.89,3.8254
103.5124,0.83,3.5738
103.5126,0.7768,3.3451
103.5128,0.7433,3.1991
103.5130,0.8077,3.473
103.5132,0.8087,3.4695
103.5134,0.9798,4.2016
103.5136,1.0161,4.3548
103.5138,1.0139,4.3456
103.5140,1.0161,4.3548
103.5142,1.0481,4.492
103.5144,1.0801,4.6314
103.5146,1.0963,4.7052
103.5148,0.9271,3.9846
103.5150,0.8572,3.6893
103.5152,0.8597,3.7002
103.5154,0.8324,3.5742
103.5156,0.8331,3.5856
103.5158,0.8167,3.5116
103.5160,0.8249,3.5455
103.5162,0.8423,3.6236
103.5164,0.6903,2.9765
103.5166,0.6569,2.8301
103.5168,0.7554,3.2527
103.5170,0.7532,3.2479
103.5172,0.6273,2.7063
103.5174,0.5897,2.5439
103.5176,0.5917,2.5539
103.5178,0.5956,2.5704
103.5180,0.5812,2.5095
103.5182,0.5085,2.1968
103.5184,0.5013,2.1657
103.5186,0.4992,2.1553
103.5188,0.548,2.3617
103.5190,0.6333,2.7334
103.5192,0.5602,2.42
103.5194,0.5366,2.3169
103.5196,0.5357,2.3122
103.5198,0.5394,2.3272
103.5200,0.617,2.6569
103.5202,0.714,3.0731
103.5204,0.6838,2.9472
103.5206,0.5917,2.5527
103.5208,0.5703,2.4601
103.5210,0.5734,2.4747
103.5212,0.5609,2.4197
103.5214,0.5677,2.4458
103.5216,0.6346,2.7353
103.5218,0.6553,2.8281
103.5220,0.5794,2.4982
103.5222,0.5671,2.4432
103.5224,0.5765,2.487
103.5226,0.533,2.3003
103.5228,0.5468,2.3587
103.5230,0.6097,2.6278
103.5232,0.6152,2.6479
103.5234,0.7163,3.0829
103.5236,0.735,3.1605
103.5238,0.7327,3.1507
103.5240,0.7454,3.2069
103.5242,0.7393,3.1865
103.5244,0.6699,2.8859
103.5246,0.6924,2.9761
103.5248,0.8743,3.7561
103.5250,0.9108,3.9091
103.5252,0.8946,3.8396
103.5254,0.899,3.8622
103.5256,0.8677,3.7295
103.5258,0.8217,3.5333
103.5260,0.7824,3.372
103.5262,0.6336,2.7269
103.5264,0.7183,3.0903
103.5266,0.8126,3.4957
103.5268,0.7536,3.2404
103.5270,0.7207,3.102
103.5272,0.7109,3.0569
103.5274,0.7531,3.2414
103.5276,0.753,3.2409
103.5278,0.7814,3.3632
103.5280,0.7536,3.2419
103.5282,0.7404,3.1882
103.5284,0.7033,3.0272
103.5286,0.791,3.3997
103.5288,0.8049,3.4627
103.5290,0.741,3.1893
103.5292,0.7768,3.342
103.5294,0.7904,3.4003
103.5296,0.7652,3.2904
103.5298,0.8199,3.5239
103.5300,0.8399,3.6083
103.5302,0.815,3.4995
103.5304,0.8553,3.6794
103.5306,0.8116,3.49
103.5308,0.8358,3.5908
103.5310,0.8545,3.6711
103.5312,0.8493,3.6485
103.5314,0.7944,3.4173
103.5316,0.7243,3.1219
103.5318,0.6411,2.7619
103.5320,0.5947,2.5656
103.5322,0.5579,2.409
103.5324,0.5215,2.2516
103.5326,0.5038,2.1735
103.5328,0.5197,2.2428
103.5330,0.514,2.2165
103.5332,0.6153,2.6472
103.5334,0.7125,3.0664
103.5336,0.7279,3.1316
103.5338,0.7418,3.1899
103.5340,0.8063,3.4657
103.5342,0.8236,3.5399
103.5344,0.8629,3.7055
103.5346,0.8736,3.746
103.5348,0.9158,3.9289
103.5350,0.8982,3.8514
103.5352,0.9749,4.1883
103.5354,0.8537,3.6624
103.5356,1.0241,4.3933
103.5358,1.0476,4.4795
103.5360,1.2147,5.1893
103.5362,1.2072,5.1547
103.5364,1.2295,5.2523
103.5366,1.2591,5.3738
103.5368,1.2705,5.4224
103.5370,1.2742,5.4485
103.5372,1.311,5.6007
103.5374,1.3063,5.5807
103.5376,1.3226,5.6318
103.5378,1.452,6.1972
103.5380,1.2675,5.4299
103.5382,1.1814,5.0517
103.5384,1.243,5.3202
103.5386,1.1892,5.0969
103.5388,1.1236,4.8135
103.5390,1.1138,4.7736
103.5392,1.1078,4.7435
103.5394,1.1593,4.962
103.5396,1.2237,5.2376
103.5398,1.2286,5.2635
103.5400,1.114,4.7791
103.5402,1.1029,4.7313
103.5404,1.0884,4.6625
103.5406,1.1433,4.8863
103.5408,1.2291,5.268
103.5410,1.1144,4.7807
103.5412,1.0921,4.6872
103.5414,1.0671,4.5865
103.5416,1.0243,4.3985
103.5418,1.0021,4.3052
103.5420,0.9728,4.1771
103.5422,0.9366,4.0253
103.5424,0.9105,3.9099
103.5426,0.865,3.7211
103.5428,0.8755,3.7665
103.5430,0.8954,3.845
103.5432,0.9482,4.081
103.5434,0.8474,3.647
103.5436,0.8345,3.5868
103.5438,0.8767,3.7717
103.5440,0.8896,3.8269
103.5442,0.8647,3.7218
103.5444,0.8549,3.6744
103.5446,0.9601,4.1206
103.5448,1.0363,4.45
103.5450,0.986,4.2357
103.5452,0.993,4.272
103.5454,0.8743,3.7614
103.5456,0.8362,3.6057
103.5458,0.7963,3.4272
103.5460,0.8595,3.6991
103.5462,0.8102,3.4919
103.5464,0.7518,3.2417
103.5466,0.7504,3.231
103.5468,0.7487,3.2253
103.5470,0.7935,3.4169
103.5472,0.8694,3.7385
103.5474,0.9098,3.9122
103.5476,0.8599,3.7064
103.5478,0.7538,3.255
103.5480,0.693,2.9884
103.5482,0.6944,2.9927
103.5484,0.6755,2.9142
103.5486,0.6771,2.925
103.5488,0.63,2.7189
103.5490,0.5946,2.571
103.5492,0.5167,2.2351
103.5494,0.5059,2.1854
103.5496,0.6179,2.6642
103.5498,0.5792,2.5047
103.5500,0.4959,2.1443
103.5502,0.4904,2.1215
103.5504,0.4952,2.1402
103.5506,0.4933,2.132
103.5508,0.4948,2.1407
103.5510,0.505,2.1827
103.5512,0.5059,2.1843
103.5514,0.5084,2.1962
103.5516,0.5508,2.3807
103.5518,0.5215,2.2527
103.5520,0.5048,2.1807
103.5522,0.5355,2.3154
103.5524,0.5474,2.3668
103.5526,0.5048,2.1817
103.5528,0.4857,2.0993
103.5530,0.4842,2.0935
103.5532,0.4858,2.0998
103.5534,0.4912,2.1212
103.5536,0.4904,2.1195
103.5538,0.4918,2.1267
103.5540,0.4873,2.106
103.5542,0.4894,2.1144
103.5544,0.4926,2.1288
103.5546,0.4954,2.1393
103.5548,0.5484,2.3681
103.5550,0.4965,2.1459
103.5552,0.4893,2.1129
103.5554,0.4888,2.1108
103.5556,0.4939,2.1326
103.5558,0.5452,2.3531
103.5560,0.5801,2.5025
103.5562,0.6127,2.642
103.5564,0.606,2.6142
103.5566,0.5968,2.5732
103.5568,0.6255,2.6973
103.5570,0.6111,2.634
103.5572,0.6079,2.6213
103.5574,0.6031,2.6042
103.5576,0.6043,2.6058
103.5578,0.6587,2.8326
103.5580,0.7555,3.2502
103.5582,0.7872,3.3864
103.5584,0.8061,3.4598
103.5586,0.8566,3.6833
103.5588,0.78,3.3585
103.5590,0.6857,2.9541
103.5592,0.643,2.7728
103.5594,0.6394,2.7573
103.5596,0.6337,2.7286
103.5598,0.6595,2.841
103.5600,0.6518,2.8105
103.5602,0.6348,2.7346
103.5604,0.6337,2.7312
103.5606,0.6399,2.7593
103.5608,0.6318,2.7254
103.5610,0.5945,2.5646
103.5612,0.5577,2.4058
103.5614,0.5472,2.363
103.5616,0.5843,2.5183
103.5618,0.5807,2.5051
103.5620,0.5516,2.3783
103.5622,0.5717,2.4674
103.5624,0.5735,2.4763
103.5626,0.5716,2.4623
103.5628,0.6211,2.6757
103.5630,0.5827,2.5185
103.5632,0.4417,1.91
103.5634,0.4266,1.8438
103.5636,0.4364,1.8846
103.5638,0.4228,1.8255
103.5640,0.4842,2.0887
103.5642,0.5574,2.4059
103.5644,0.5307,2.2936
103.5646,0.4685,2.0228
103.5648,0.4854,2.0958
103.5650,0.4299,1.857
103.5652,0.4502,1.9423
103.5654,0.5403,2.3308
103.5656,0.5703,2.4612
103.5658,0.5468,2.3565
103.5660,0.5828,2.5132
103.5662,0.6219,2.6768
103.5664,0.6908,2.9661
103.5666,0.7418,3.1929
103.5668,0.6676,2.8708
103.5670,0.7303,3.1389
103.5672,0.7568,3.2498
103.5674,0.8223,3.5359
103.5676,0.7951,3.4188
103.5678,0.8023,3.4449
103.5680,0.8671,3.72
103.5682,0.8975,3.8484
103.5684,0.938,4.0221
103.5686,0.9445,4.0556
103.5688,0.9303,3.9911
103.5690,0.9267,3.9757
103.5692,0.9731,4.1767
103.5694,0.9622,4.1241
103.5696,0.9497,4.0706
103.5698,0.9639,4.1351
103.5700,0.9885,4.2327
103.5702,1.0446,4.4667
103.5704,1.2009,5.1328
103.5706,1.2565,5.3676
103.5708,1.2453,5.3125
103.5710,1.2809,5.4823
103.5712,1.1027,4.733
103.5714,0.9374,4.0271
103.5716,0.9138,3.9219
103.5718,0.8957,3.846
103.5720,0.8837,3.7981
103.5722,0.8366,3.5955
103.5724,0.8803,3.7748
103.5726,0.9459,4.0674
103.5728,0.846,3.6346
103.5730,0.8783,3.7679
103.5732,0.9039,3.887
103.5734,0.8652,3.7152
103.5736,0.9235,3.9599
103.5738,1.0091,4.323
103.5740,1.1279,4.8388
103.5742,1.0097,4.3316
103.5744,0.9225,3.9595
103.5746,0.9508,4.081
103.5748,0.8562,3.6766
103.5750,0.8916,3.8356
103.5752,0.8662,3.7228
103.5754,0.8906,3.828
103.5756,0.844,3.6241
103.5758,0.8993,3.8633
103.5760,0.8554,3.6799
103.5762,0.7868,3.3895
103.5764,0.7393,3.1835
103.5766,0.7719,3.3209
103.5768,0.7854,3.3786
103.5770,0.7349,3.1673
103.5772,0.6932,2.9847
103.5774,0.7224,3.1093
103.5776,0.7198,3.095
103.5778,0.8096,3.4796
103.5780,0.908,3.8991
103.5782,0.9338,4.0135
103.5784,0.8098,3.492
103.5786,0.6507,2.8085
103.5788,0.6173,2.6641
103.5790,0.6451,2.7764
103.5792,0.7237,3.1149
103.5794,0.7167,3.0874
103.5796,0.7279,3.1345
103.5798,0.7867,3.3843
103.5800,0.764,3.2899
103.5802,0.752,3.2397
103.5804,0.7523,3.2363
103.5806,0.7675,3.3033
103.5808,0.743,3.198
103.5810,0.7662,3.3007
103.5812,0.7364,3.1755
103.5814,0.645,2.7823
103.5816,0.6382,2.7534
103.5818,0.6278,2.7084
103.5820,0.6239,2.6888
103.5822,0.6294,2.7126
103.5824,0.6376,2.7508
103.5826,0.592,2.5549
103.5828,0.5952,2.5629
103.5830,0.7328,3.1556
103.5832,0.7127,3.0732
103.5834,0.6587,2.8445
103.5836,0.5846,2.5222
103.5838,0.5494,2.3701
103.5840,0.5892,2.5383
103.5842,0.6372,2.7449
103.5844,0.6394,2.7585
103.5846,0.554,2.3908
103.5848,0.5474,2.3624
103.5850,0.6199,2.673
103.5852,0.623,2.6839
103.5854,0.6577,2.8319
103.5856,0.6697,2.8849
103.5858,0.6456,2.7862
103.5860,0.5869,2.5285
103.5862,0.6691,2.881
103.5864,0.6445,2.7816
103.5866,0.5669,2.4467
103.5868,0.567,2.4439
103.5870,0.6099,2.6264
103.5872,0.681,2.9312
103.5874,0.6965,2.9992
103.5876,0.7089,3.051
103.5878,0.7054,3.036
103.5880,0.68,2.9279
103.5882,0.7139,3.0726
103.5884,0.7603,3.2739
103.5886,0.7541,3.247
103.5888,0.6763,2.9133
103.5890,0.68,2.9293
103.5892,0.6716,2.8918
103.5894,0.6712,2.8889
103.5896,0.7246,3.12
103.5898,0.7322,3.1545
103.5900,0.7481,3.2167
103.5902,0.7685,3.3028
103.5904,0.7856,3.3734
103.5906,0.8262,3.5512
103.5908,0.7988,3.4348
103.5910,0.7988,3.4364
103.5912,0.8091,3.4727
103.5914,0.9165,3.9301
103.5916,0.9577,4.1065
103.5918,0.9655,4.1418
103.5920,0.9668,4.1475
103.5922,0.9818,4.2078
103.5924,0.9683,4.1619
103.5926,0.8239,3.5393
103.5928,0.859,3.6936
103.5930,0.8694,3.7385
103.5932,0.8303,3.5687
103.5934,0.8115,3.4878
103.5936,0.843,3.6267
103.5938,0.748,3.2207
103.5940,0.729,3.1318
103.5942,0.7932,3.4106
103.5944,0.8316,3.5827
103.5946,0.7621,3.277
103.5948,0.7699,3.3121
103.5950,0.7382,3.1789
103.5952,0.7746,3.3353
103.5954,0.6954,2.9959
103.5956,0.626,2.7006
103.5958,0.5639,2.4372
103.5960,0.4923,2.1239
103.5962,0.5801,2.5013
103.5964,0.5679,2.4532
103.5966,0.5464,2.3582
103.5968,0.5352,2.3122
103.5970,0.5393,2.3255
103.5972,0.5963,2.5735
103.5974,0.5276,2.2833
103.5976,0.436,1.8851
103.5978,0.4117,1.7795
103.5980,0.4116,1.779
103.5982,0.4157,1.7966
103.5984,0.417,1.8023
103.5986,0.412,1.7797
103.5988,0.4288,1.8531
103.5990,0.4127,1.7837
103.5992,0.4706,2.0302
103.5994,0.5973,2.5745
103.5996,0.5553,2.3943
103.5998,0.5779,2.4885
103.6000,0.7033,3.0215
103.6002,0.8051,3.4605
103.6004,0.7376,3.1718
103.6006,0.7411,3.1867
103.6008,0.781,3.3584
103.6010,0.8206,3.5253
103.6012,0.8379,3.5944
103.6014,0.8895,3.8144
103.6016,0.8707,3.7458
103.6018,0.7567,3.2507
103.6020,0.854,3.6639
103.6022,0.8924,3.8285
103.6024,0.9011,3.8673
103.6026,0.9707,4.1585
103.6028,1.049,4.4898
103.6030,1.0988,4.6961
103.6032,1.2325,5.2724
103.6034,1.1467,4.9034
103.6036,1.1816,5.0455
103.6038,1.2297,5.2557
103.6040,1.2003,5.147
103.6042,1.0662,4.5717
103.6044,1.0387,4.4519
103.6046,1.0127,4.3363
103.6048,1.0202,4.3788
103.6050,1.0468,4.4847
103.6052,1.0815,4.6331
103.6054,1.1392,4.8711
103.6056,1.1998,5.1401
103.6058,1.0069,4.3217
103.6060,0.9499,4.0768
103.6062,1.0267,4.4005
103.6064,1.055,4.5196
103.6066,1.0733,4.6004
103.6068,0.9949,4.2742
103.6070,0.9025,3.8771
103.6072,0.9413,4.0402
103.6074,1.0394,4.457
103.6076,1.0157,4.3552
103.6078,0.9392,4.0404
103.6080,0.8231,3.5361
103.6082,0.8909,3.8289
103.6084,0.9247,3.9687
103.6086,0.9937,4.2691
103.6088,0.8662,3.728
103.6090,0.8278,3.5612
103.6092,0.8717,3.743
103.6094,0.8672,3.7361
103.6096,0.7699,3.3136
103.6098,0.8515,3.6616
103.6100,0.8994,3.8637
103.6102,0.877,3.7709
103.6104,0.8586,3.6903
103.6106,0.8658,3.7195
103.6108,0.8636,3.7154
103.6110,0.7988,3.4395
103.6112,0.7861,3.3848
103.6114,0.7654,3.3021
103.6116,0.6573,2.8356
103.6118,0.6499,2.8035
103.6120,0.6369,2.7502
103.6122,0.5461,2.3583
103.6124,0.5602,2.4188
103.6126,0.5718,2.4656
103.6128,0.6666,2.8692
103.6130,0.6905,2.9816
103.6132,0.5753,2.4852
103.6134,0.5531,2.3883
103.6136,0.585,2.5237
103.6138,0.6153,2.6533
103.6140,0.587,2.5348
103.6142,0.4942,2.1351
103.6144,0.4824,2.0857
103.6146,0.4773,2.0649
103.6148,0.4788,2.0692
103.6150,0.5386,2.3224
103.6152,0.559,2.4159
103.6154,0.4658,2.0142
103.6156,0.4571,1.9754
103.6158,0.5073,2.1885
103.6160,0.5608,2.4203
103.6162,0.5117,2.2097
103.6164,0.4882,2.1111
103.6166,0.4732,2.0454
103.6168,0.4735,2.0455
103.6170,0.4737,2.0455
103.6172,0.4756,2.0538
103.6174,0.4708,2.0341
103.6176,0.4692,2.0278
103.6178,0.4717,2.0367
103.6180,0.4738,2.047
103.6182,0.4738,2.0489
103.6184,0.4693,2.0255
103.6186,0.4695,2.0284
103.6188,0.4711,2.036
103.6190,0.4711,2.0342
103.6192,0.4722,2.0369
103.6194,0.469,2.0254
103.6196,0.4687,2.0247
103.6198,0.4724,2.0399
103.6200,0.4729,2.0429
103.6202,0.4743,2.0491
103.6204,0.4646,2.0053
103.6206,0.4789,2.0659
103.6208,0.5378,2.3177
103.6210,0.6095,2.6292
103.6212,0.5273,2.2749
103.6214,0.4924,2.1263
103.6216,0.4796,2.068
103.6218,0.5634,2.4294
103.6220,0.608,2.6193
103.6222,0.6445,2.7764
103.6224,0.6035,2.5997
103.6226,0.6271,2.7027
103.6228,0.6493,2.7944
103.6230,0.6957,2.9927
103.6232,0.6324,2.7242
103.6234,0.6049,2.6083
103.6236,0.6448,2.7727
103.6238,0.7885,3.3794
103.6240,0.9403,4.0337
103.6242,0.9359,4.0189
103.6244,0.828,3.5556
103.6246,0.7764,3.3368
103.6248,0.713,3.0675
103.6250,0.7204,3.1004
103.6252,0.719,3.0948
103.6254,0.691,2.9726
103.6256,0.7008,3.0149
103.6258,0.7282,3.134
103.6260,0.6596,2.8348
103.6262,0.715,3.0744
103.6264,0.737,3.1722
103.6266,0.7501,3.2254
103.6268,0.7586,3.259
103.6270,0.7707,3.3126
103.6272,0.7537,3.2454
103.6274,0.6875,2.959
103.6276,0.7078,3.0463
103.6278,0.699,3.0072
103.6280,0.679,2.9238
103.6282,0.6844,2.9456
103.6284,0.7434,3.1995
103.6286,0.6693,2.8833
103.6288,0.6333,2.7308
103.6290,0.6271,2.7002
103.6292,0.7007,3.0144
103.6294,0.7087,3.0504
103.6296,0.669,2.8796
103.6298,0.6809,2.932
103.6300,0.6722,2.897
103.6302,0.6418,2.7663
103.6304,0.6716,2.8904
103.6306,0.6899,2.968
103.6308,0.6449,2.781
103.6310,0.5748,2.4774
103.6312,0.5921,2.5518
103.6314,0.5607,2.4164
103.6316,0.5485,2.3664
103.6318,0.5481,2.3633
103.6320,0.5626,2.4247
103.6322,0.5664,2.4378
103.6324,0.6443,2.7681
103.6326,0.7457,3.2048
103.6328,0.7514,3.2296
103.6330,0.7461,3.2054
103.6332,0.8332,3.5777
103.6334,0.8562,3.6714
103.6336,0.8989,3.858
103.6338,0.861,3.6972
103.6340,0.8596,3.691
103.6342,0.8813,3.7824
103.6344,0.8622,3.6989
103.6346,0.9038,3.8773
103.6348,0.9495,4.0771
103.6350,0.9345,4.0015
103.6352,1.0804,4.6242
103.6354,1.1075,4.7424
103.6356,1.0959,4.6926
103.6358,1.0436,4.4708
103.6360,1.0533,4.5124
103.6362,1.0706,4.5864
103.6364,1.0662,4.5759
103.6366,0.8949,3.8446
103.6368,0.887,3.8089
103.6370,0.9017,3.8663
103.6372,0.9218,3.9563
103.6374,0.9207,3.948
103.6376,0.9415,4.0407
103.6378,0.9609,4.1241
103.6380,0.954,4.0967
103.6382,0.8826,3.7898
103.6384,0.9323,4.0016
103.6386,0.9804,4.206
103.6388,0.9982,4.2782
103.6390,0.988,4.2424
103.6392,0.9526,4.0829
103.6394,0.9845,4.2314
103.6396,0.8501,3.6605
103.6398,0.7789,3.3492
103.6400,0.7762,3.3409
103.6402,0.7772,3.3435
103.6404,0.756,3.2507
103.6406,0.7747,3.3327
103.6408,0.8254,3.5492
103.6410,0.8651,3.7181
103.6412,0.8901,3.8205
103.6414,0.9644,4.141
103.6416,0.9355,4.0113
103.6418,0.9481,4.0709
103.6420,0.9242,3.9648
103.6422,0.919,3.95
103.6424,0.8855,3.8057
103.6426,0.9002,3.8655
103.6428,0.9117,3.9131
103.6430,0.9761,4.1875
103.6432,1.0103,4.3341
103.6434,0.9621,4.1254
103.6436,1.0082,4.3153
103.6438,1.0898,4.6751
103.6440,0.9826,4.2231
103.6442,0.9,3.8699
103.6444,0.8689,3.7381
103.6446,0.8496,3.6516
103.6448,0.8448,3.631
103.6450,0.9031,3.8779
103.6452,0.9015,3.873
103.6454,0.9123,3.9175
103.6456,0.9388,4.0313
103.6458,0.9291,3.9933
103.6460,0.9159,3.9348
103.6462,0.8879,3.8125
103.6464,0.8779,3.775
103.6466,0.8126,3.4957
103.6468,0.81,3.4848
103.6470,0.8169,3.5126
103.6472,0.8401,3.616
103.6474,0.8041,3.4687
103.6476,0.679,2.9238
103.6478,0.6809,2.9334
103.6480,0.7518,3.2356
103.6482,0.7853,3.3801
103.6484,0.7254,3.1265
103.6486,0.7078,3.0519
103.6488,0.72,3.1003
103.6490,0.7951,3.4156
103.6492,0.8467,3.646
103.6494,0.7882,3.3957
103.6496,0.7577,3.2624
103.6498,0.694,2.9897
103.6500,0.7147,3.0805
103.6502,0.7207,3.1063
103.6504,0.6393,2.758
103.6506,0.6186,2.6697
103.6508,0.6587,2.8378
103.6510,0.6875,2.9632
103.6512,0.6394,2.7547
103.6514,0.6788,2.9227
103.6516,0.6774,2.9184
103.6518,0.6276,2.7073
103.6520,0.5415,2.3392
103.6522,0.5423,2.3417
103.6524,0.594,2.5601
103.6526,0.6144,2.6516
103.6528,0.5487,2.3691
103.6530,0.5406,2.3344
103.6532,0.5421,2.3385
103.6534,0.5369,2.3184
103.6536,0.5385,2.324
103.6538,0.6051,2.6094
103.6540,0.6342,2.7345
103.6542,0.5927,2.5603
103.6544,0.5349,2.3053
103.6546,0.5601,2.4172
103.6548,0.5355,2.309
103.6550,0.5981,2.5741
103.6552,0.6617,2.8521
103.6554,0.6508,2.805
103.6556,0.6452,2.7795
103.6558,0.7073,3.047
103.6560,0.663,2.8551
103.6562,0.6425,2.7694
103.6564,0.6387,2.7541
103.6566,0.6381,2.7503
103.6568,0.6801,2.9257
103.6570,0.7503,3.2309
103.6572,0.7394,3.1795
103.6574,0.8254,3.5442
103.6576,0.876,3.7633
103.6578,0.8154,3.508
103.6580,0.7485,3.2232
103.6582,0.7202,3.1028
103.6584,0.6759,2.9144
103.6586,0.6202,2.6757
103.6588,0.6158,2.6566
103.6590,0.6388,2.747
103.6592,0.7672,3.3053
103.6594,0.6535,2.8177
103.6596,0.6207,2.6741
103.6598,0.613,2.6435
103.6600,0.6213,2.6754
103.6602,0.735,3.1663
103.6604,0.6506,2.8066
103.6606,0.579,2.4966
103.6608,0.5875,2.5334
103.6610,0.5837,2.5203
103.6612,0.5413,2.3354
103.6614,0.5455,2.3535
103.6616,0.5123,2.2112
103.6618,0.5464,2.356
103.6620,0.6134,2.6463
103.6622,0.6133,2.6421
103.6624,0.6141,2.6469
103.6626,0.6097,2.6278
103.6628,0.6051,2.6106
103.6630,0.4674,2.02
103.6632,0.4186,1.8091
103.6634,0.4119,1.78
103.6636,0.4121,1.7803
103.6638,0.412,1.7797
103.6640,0.4499,1.9398
103.6642,0.5449,2.3498
103.6644,0.4682,2.0217
103.6646,0.5108,2.2025
103.6648,0.5398,2.3287
103.6650,0.4502,1.9468
103.6652,0.4122,1.7824
103.6654,0.4414,1.9031
103.6656,0.5782,2.4907
103.6658,0.6008,2.5907
103.6660,0.5809,2.5014
103.6662,0.6361,2.7376
103.6664,0.6544,2.8153
103.6666,0.7017,3.0157
103.6668,0.7423,3.1934
103.6670,0.7321,3.1481
103.6672,0.7873,3.3821
103.6674,0.8232,3.5333
103.6676,0.8186,3.5182
103.6678,0.7852,3.3733
103.6680,0.8223,3.5276
103.6682,0.8374,3.5991
103.6684,0.7921,3.3995
103.6686,0.8632,3.7081
103.6688,0.8901,3.8205
103.6690,0.9279,3.9807
103.6692,0.8991,3.8591
103.6694,0.9133,3.918
103.6696,0.9702,4.1545
103.6698,0.9862,4.2327
103.6700,0.9262,3.9735
103.6702,0.9742,4.1773
103.6704,0.9676,4.1471
103.6706,0.9626,4.1294
103.6708,0.9704,4.1628
103.6710,0.9845,4.2137
103.6712,1.0382,4.4456
103.6714,1.0241,4.383
103.6716,1.1093,4.7523
103.6718,1.128,4.8302
103.6720,1.1122,4.7602
103.6722,1.1138,4.7691
103.6724,1.1338,4.8503
103.6726,1.116,4.7789
103.6728,1.0117,4.3484
103.6730,0.843,3.6199
103.6732,0.8682,3.728
103.6734,0.9905,4.2473
103.6736,0.9943,4.2657
103.6738,0.9925,4.258
103.6740,0.9888,4.244
103.6742,0.953,4.092
103.6744,0.8424,3.6241
103.6746,0.7724,3.3244
103.6748,0.7855,3.3838
103.6750,0.7304,3.1452
103.6752,0.6876,2.9596
103.6754,0.7208,3.1025
103.6756,0.7527,3.2368
103.6758,0.7626,3.2836
103.6760,0.7084,3.0502
103.6762,0.7644,3.2883
103.6764,0.7828,3.3677
103.6766,0.7585,3.2706
103.6768,0.6789,2.9232
103.6770,0.7343,3.1559
103.6772,0.7813,3.3642
103.6774,0.7201,3.0994
103.6776,0.7388,3.1873
103.6778,0.5802,2.503
103.6780,0.6128,2.6449
103.6782,0.5984,2.5828
103.6784,0.5355,2.3111
103.6786,0.5014,2.1641
103.6788,0.5202,2.2464
103.6790,0.5333,2.2986
103.6792,0.5761,2.4854
103.6794,0.5706,2.4639
103.6796,0.5672,2.4494
103.6798,0.505,2.1807
103.6800,0.4869,2.1044
103.6802,0.5057,2.1818
103.6804,0.5626,2.4247
103.6806,0.5701,2.4584
103.6808,0.5814,2.5093
103.6810,0.5216,2.2511
103.6812,0.5083,2.1936
103.6814,0.5055,2.1827
103.6816,0.491,2.1201
103.6818,0.4909,2.1206
103.6820,0.4143,1.7904
103.6822,0.4527,1.9559
103.6824,0.4354,1.8807
103.6826,0.4117,1.7787
103.6828,0.4868,2.101
103.6830,0.5152,2.2257
103.6832,0.4668,2.0146
103.6834,0.4553,1.9658
103.6836,0.4567,1.9729
103.6838,0.4605,1.9895
103.6840,0.4639,1.9985
103.6842,0.4947,2.1342
103.6844,0.5325,2.296
103.6846,0.5731,2.4702
103.6848,0.558,2.4062
103.6850,0.568,2.4513
103.6852,0.4981,2.1516
103.6854,0.4446,1.9197
103.6856,0.4467,1.9291
103.6858,0.4561,1.9658
103.6860,0.5708,2.4581
103.6862,0.6298,2.7096
103.6864,0.6212,2.6761
103.6866,0.6388,2.7495
103.6868,0.667,2.8695
103.6870,0.6852,2.9492
103.6872,0.631,2.7198
103.6874,0.5737,2.4727
103.6876,0.5762,2.4824
103.6878,0.5861,2.5248
103.6880,0.5991,2.5799
103.6882,0.6395,2.7539
103.6884,0.6298,2.7146
103.6886,0.6291,2.709
103.6888,0.6298,2.7108
103.6890,0.6378,2.7449
103.6892,0.6497,2.7991
103.6894,0.6561,2.8212
103.6896,0.6681,2.8768
103.6898,0.6734,2.8968
103.6900,0.7924,3.4011
103.6902,0.8264,3.55
103.6904,0.7816,3.3594
103.6906,0.7852,3.3749
103.6908,0.7563,3.2537
103.6910,0.6607,2.8434
103.6912,0.6692,2.8801
103.6914,0.6806,2.9291
103.6916,0.6505,2.8009
103.6918,0.6037,2.6056
103.6920,0.5458,2.3523
103.6922,0.5381,2.3182
103.6924,0.535,2.3069
103.6926,0.5403,2.3286
103.6928,0.5421,2.3363
103.6930,0.5818,2.5074
103.6932,0.5706,2.4616
103.6934,0.5402,2.3302
103.6936,0.5272,2.2733
103.6938,0.555,2.391
103.6940,0.6272,2.702
103.6942,0.5632,2.4284
103.6944,0.5138,2.2154
103.6946,0.5384,2.3235
103.6948,0.5087,2.1967
103.6950,0.4993,2.1528
103.6952,0.499,2.1528
103.6954,0.5068,2.1864
103.6956,0.5241,2.2599
103.6958,0.5023,2.1658
103.6960,0.4988,2.1498
103.6962,0.5115,2.2035
103.6964,0.5424,2.339
103.6966,0.5156,2.2262
103.6968,0.4266,1.8429
103.6970,0.3916,1.6901
103.6972,0.3923,1.6956
103.6974,0.3864,1.6686
103.6976,0.3868,1.6686
103.6978,0.3892,1.6805
103.6980,0.3902,1.6855
103.6982,0.4062,1.7541
103.6984,0.4455,1.9239
103.6986,0.4122,1.7767
103.6988,0.5207,2.2433
103.6990,0.5224,2.2526
103.6992,0.492,2.1203
103.6994,0.4888,2.1069
103.6996,0.5105,2.2004
103.6998,0.5493,2.364
103.7000,0.6134,2.6389
103.7002,0.5935,2.5568
103.7004,0.5724,2.4659
103.7006,0.6362,2.7343
103.7008,0.7073,3.0385
103.7010,0.7471,3.2095
103.7012,0.7256,3.1173
103.7014,0.7562,3.2457
103.7016,0.8117,3.4839
103.7018,0.8371,3.5964
103.7020,0.8524,3.6516
103.7022,0.9292,3.979
103.7024,0.9225,3.952
103.7026,0.9377,4.0192
103.7028,0.9454,4.0483
103.7030,0.8972,3.8508
103.7032,0.8561,3.6726
103.7034,0.8695,3.7337
103.7036,0.8265,3.5456
103.7038,0.8258,3.5441
103.7040,0.8802,3.7725
103.7042,0.9454,4.0483
103.7044,0.9327,3.9994
103.7046,0.9458,4.0498
103.7048,1.0031,4.2972
103.7050,0.9386,4.0246
103.7052,0.9226,3.9581
103.7054,0.8684,3.7273
103.7056,0.8298,3.56
103.7058,0.8455,3.624
103.7060,0.8985,3.8511
103.7062,0.9311,3.9946
103.7064,0.8747,3.7576
103.7066,0.8566,3.673
103.7068,0.8639,3.7112
103.7070,0.8242,3.5391
103.7072,0.847,3.6318
103.7074,0.8764,3.7578
103.7076,0.8987,3.8552
103.7078,0.9262,3.9772
103.7080,0.8429,3.6194
103.7082,0.888,3.8094
103.7084,0.9235,3.9599
103.7086,0.8862,3.8035
103.7088,0.8574,3.6783
103.7090,0.9574,4.1015
103.7092,1.0055,4.3075
103.7094,0.8748,3.7599
103.7096,0.8495,3.646
103.7098,0.9136,3.9177
103.7100,0.9753,4.18
103.7102,0.9882,4.2335
103.7104,1.0032,4.3017
103.7106,0.96,4.1167
103.7108,0.9243,3.9708
103.7110,0.8814,3.7935
103.7112,0.7746,3.3337
103.7114,0.6556,2.827
103.7116,0.6303,2.7154
103.7118,0.6813,2.9308
103.7120,0.7096,3.0497
103.7122,0.7814,3.3615
103.7124,0.7949,3.4119
103.7126,0.9002,3.8673
103.7128,0.8469,3.6449
103.7130,0.6798,2.9314
103.7132,0.635,2.733
103.7134,0.6806,2.9291
103.7136,0.6722,2.8916
103.7138,0.7134,3.0705
103.7140,0.6529,2.8164
103.7142,0.5863,2.5305
103.7144,0.584,2.5172
103.7146,0.6158,2.6492
103.7148,0.6612,2.8513
103.7150,0.5846,2.5209
103.7152,0.5648,2.4356
103.7154,0.5701,2.4515
103.7156,0.7196,3.0973
103.7158,0.6994,3.0157
103.7160,0.6095,2.6255
103.7162,0.6164,2.6604
103.7164,0.5156,2.2262
103.7166,0.5129,2.2148
103.7168,0.487,2.1011
103.7170,0.4947,2.1332
103.7172,0.5333,2.3007
103.7174,0.526,2.2692
103.7176,0.5259,2.2687
103.7178,0.5279,2.2785
103.7180,0.5266,2.2707
103.7182,0.5238,2.2578
103.7184,0.5266,2.2697
103.7186,0.5258,2.2681
103.7188,0.553,2.3822
103.7190,0.6639,2.8574
103.7192,0.7015,3.0236
103.7194,0.5942,2.5635
103.7196,0.5332,2.2991
103.7198,0.5276,2.2748
103.7200,0.5264,2.2707
103.7202,0.5235,2.2583
103.7204,0.5193,2.2381
103.7206,0.5249,2.2624
103.7208,0.528,2.2769
103.7210,0.5387,2.324
103.7212,0.5822,2.5059
103.7214,0.6164,2.6543
103.7216,0.6198,2.6699
103.7218,0.6466,2.7831
103.7220,0.6519,2.8084
103.7222,0.6822,2.9295
103.7224,0.7942,3.4104
103.7226,0.7696,3.311
103.7228,0.7371,3.1697
103.7230,0.7326,3.1457
103.7232,0.8412,3.6088
103.7234,0.8614,3.7039
103.7236,0.7428,3.194
103.7238,0.7268,3.1254
103.7240,0.7415,3.1883
103.7242,0.7316,3.1475
103.7244,0.7831,3.3672
103.7246,0.7955,3.4176
103.7248,0.8085,3.4765
103.7250,0.6681,2.8781
103.7252,0.6277,2.7053
103.7254,0.6316,2.7122
103.7256,0.7869,3.3837
103.7258,0.7634,3.2842
103.7260,0.753,3.2408
103.7262,0.7397,3.1776
103.7264,0.7711,3.3156
103.7266,0.7513,3.2276
103.7268,0.7785,3.3492
103.7270,0.6789,2.9178
103.7272,0.7,3.0127
103.7274,0.7319,3.147
103.7276,0.733,3.1546
103.7278,0.6927,2.9798
103.7280,0.7368,3.1697
103.7282,0.7156,3.0784
103.7284,0.6852,2.952
103.7286,0.6368,2.7382
103.7288,0.731,3.142
103.7290,0.7236,3.1216
103.7292,0.5713,2.4647
103.7294,0.5711,2.4602
103.7296,0.5963,2.5675
103.7298,0.623,2.6814
103.7300,0.7037,3.0259
103.7302,0.729,3.1376
103.7304,0.6984,3.0046
103.7306,0.694,2.9855
103.7308,0.6931,2.9819
103.7310,0.7507,3.234
103.7312,0.6217,2.6819
103.7314,0.537,2.3168
103.7316,0.5012,2.1621
103.7318,0.5559,2.398
103.7320,0.5116,2.2051
103.7322,0.5519,2.3809
103.7324,0.5128,2.2164
103.7326,0.4936,2.1305
103.7328,0.5126,2.2112
103.7330,0.556,2.394
103.7332,0.6086,2.6231
103.7334,0.5922,2.5535
103.7336,0.5954,2.5639
103.7338,0.6658,2.8576
103.7340,0.7519,3.2301
103.7342,0.7571,3.2553
103.7344,0.7279,3.13
103.7346,0.7795,3.3408
103.7348,0.8942,3.8326
103.7350,0.9386,4.0284
103.7352,0.8876,3.8061
103.7354,0.9135,3.9135
103.7356,0.9493,4.0666
103.7358,0.9647,4.1386
103.7360,0.9409,4.0438
103.7362,0.8439,3.6168
103.7364,0.929,3.9872
103.7366,0.9108,3.909
103.7368,0.905,3.8771
103.7370,0.9338,4.0059
103.7372,0.8768,3.7634
103.7374,0.8778,3.7675
103.7376,0.876,3.7598
103.7378,0.9198,3.9458
103.7380,0.984,4.2175
103.7382,0.971,4.1634
103.7384,0.9121,3.9128
103.7386,0.8957,3.8459
103.7388,0.92,3.9431
103.7390,0.9747,4.1794
103.7392,0.9458,4.0536
103.7394,0.947,4.0682
103.7396,0.8666,3.7179
103.7398,0.8556,3.6774
103.7400,0.8415,3.6116
103.7402,0.8758,3.764
103.7404,0.7711,3.3203
103.7406,0.6961,3.0004
103.7408,0.6776,2.9162
103.7410,0.7126,3.0655
103.7412,0.7093,3.0558
103.7414,0.6755,2.9101
103.7416,0.6766,2.9121
103.7418,0.6764,2.9124
103.7420,0.6915,2.9788
103.7422,0.7175,3.0866
103.7424,0.7367,3.1721
103.7426,0.6837,2.9453
103.7428,0.6747,2.9025
103.7430,0.72,3.0989
103.7432,0.6991,3.0091
103.7434,0.7085,3.0493
103.7436,0.7331,3.1522
103.7438,0.7758,3.342
103.7440,0.6627,2.8522
103.7442,0.6964,2.9958
103.7444,0.6935,2.9876
103.7446,0.6188,2.6683
103.7448,0.6204,2.6738
103.7450,0.6166,2.659
103.7452,0.5702,2.4635
103.7454,0.5247,2.2603
103.7456,0.7087,3.0532
103.7458,0.6533,2.8185
103.7460,0.562,2.4221
103.7462,0.5692,2.4542
103.7464,0.5924,2.5534
103.7466,0.6219,2.6792
103.7468,0.666,2.8653
103.7470,0.6583,2.8371
103.7472,0.6382,2.7482
103.7474,0.697,2.997
103.7476,0.7506,3.229
103.7478,0.6698,2.888
103.7480,0.6081,2.6186
103.7482,0.6276,2.7023
103.7484,0.5652,2.4394
103.7486,0.5103,2.2045
103.7488,0.5539,2.3853
103.7490,0.577,2.4913
103.7492,0.4663,2.0153
103.7494,0.4629,1.9971
103.7496,0.5322,2.2929
103.7498,0.6093,2.6238
103.7500,0.6072,2.6206
103.7502,0.5204,2.2428
103.7504,0.5533,2.3871
103.7506,0.5499,2.3699
103.7508,0.5543,2.3924
103.7510,0.4809,2.0776
103.7512,0.4573,1.9746
103.7514,0.4686,2.0214
103.7516,0.5469,2.3581
103.7518,0.5102,2.204
103.7520,0.4536,1.9604
103.7522,0.4496,1.9424
103.7524,0.4471,1.9297
103.7526,0.4477,1.9341
103.7528,0.4461,1.9265
103.7530,0.4472,1.9311
103.7532,0.446,1.9251
103.7534,0.45,1.9412
103.7536,0.4483,1.9349
103.7538,0.4581,1.9782
103.7540,0.464,2.0036
103.7542,0.4589,1.9804
103.7544,0.494,2.1301
103.7546,0.5415,2.3316
103.7548,0.5939,2.5596
103.7550,0.5658,2.4386
103.7552,0.6013,2.5904
103.7554,0.6029,2.5995
103.7556,0.5602,2.4143
103.7558,0.5549,2.3905
103.7560,0.5647,2.434
103.7562,0.5586,2.4076
103.7564,0.5767,2.4822
103.7566,0.6375,2.7413
103.7568,0.6816,2.9351
103.7570,0.6948,2.9822
103.7572,0.7762,3.3409
103.7574,0.6526,2.8115
103.7576,0.6232,2.6824
103.7578,0.6433,2.7648
103.7580,0.652,2.8076
103.7582,0.6349,2.7338
103.7584,0.6306,2.7152
103.7586,0.6063,2.6133
103.7588,0.5845,2.5169
103.7590,0.6176,2.6619
103.7592,0.5478,2.3622
103.7594,0.5337,2.3001
103.7596,0.5312,2.2904
103.7598,0.5283,2.2758
103.7600,0.5295,2.2821
103.7602,0.5302,2.2862
103.7604,0.5354,2.3085
103.7606,0.533,2.297
103.7608,0.5138,2.2164
103.7610,0.5292,2.2831
103.7612,0.5752,2.4778
103.7614,0.539,2.324
103.7616,0.4545,1.9591
103.7618,0.5402,2.3281
103.7620,0.5186,2.2371
103.7622,0.4897,2.1105
103.7624,0.5009,2.1571
103.7626,0.5399,2.3303
103.7628,0.5147,2.2195
103.7630,0.5036,2.1704
103.7632,0.5027,2.1628
103.7634,0.6165,2.6511
103.7636,0.5858,2.5249
103.7638,0.5455,2.3469
103.7640,0.6141,2.6395
103.7642,0.5982,2.5818
103.7644,0.4397,1.8976
103.7646,0.4254,1.8361
103.7648,0.4457,1.9199
103.7650,0.5332,2.2949
103.7652,0.6186,2.6611
103.7654,0.6758,2.9098
103.7656,0.614,2.6439
103.7658,0.5687,2.451
103.7660,0.5119,2.2061
103.7662,0.5517,2.3755
103.7664,0.6524,2.8026
103.7666,0.7265,3.1209
103.7668,0.6915,2.9733
103.7670,0.6832,2.9377
103.7672,0.7463,3.2059
103.7674,0.7991,3.4267
103.7676,0.8389,3.5991
103.7678,0.8569,3.6762
103.7680,0.8465,3.6349
103.7682,0.8493,3.6433
103.7684,0.8657,3.7103
103.7686,0.8909,3.8218
103.7688,0.8599,3.6891
103.7690,0.8923,3.8262
103.7692,0.8847,3.7902
103.7694,1.0016,4.2851
103.7696,1.1112,4.7494
103.7698,1.1015,4.7057
103.7700,1.1096,4.7445
103.7702,1.0885,4.6542
103.7704,1.0953,4.6835
103.7706,1.1178,4.791
103.7708,0.9386,4.0265
103.7710,0.9376,4.0149
103.7712,0.9789,4.1974
103.7714,0.9087,3.8984
103.7716,0.9271,3.9716
103.7718,0.9747,4.1774
103.7720,0.9704,4.1628
103.7722,0.9369,4.0193
103.7724,0.9005,3.8665
103.7726,0.8561,3.676
103.7728,0.8186,3.5149
103.7730,0.8175,3.5103
103.7732,0.8142,3.4964
103.7734,0.8385,3.6054
103.7736,0.8124,3.4886
103.7738,0.8433,3.6243
103.7740,0.803,3.448
103.7742,0.8195,3.5174
103.7744,0.8858,3.8055
103.7746,0.8181,3.5145
103.7748,0.8447,3.6238
103.7750,0.8633,3.7087
103.7752,0.838,3.5983
103.7754,0.8319,3.5704
103.7756,0.8647,3.7183
103.7758,0.7979,3.4295
103.7760,0.7923,3.4069
103.7762,0.7163,3.0772
103.7764,0.8243,3.5429
103.7766,0.8638,3.7107
103.7768,0.8647,3.7114
103.7770,0.8485,3.647
103.7772,0.7393,3.1835
103.7774,0.6722,2.8943
103.7776,0.6122,2.6399
103.7778,0.5773,2.4882
103.7780,0.5681,2.4496
103.7782,0.5887,2.5362
103.7784,0.6237,2.6882
103.7786,0.6496,2.7986
103.7788,0.6505,2.8022
103.7790,0.6536,2.8169
103.7792,0.5953,2.567
103.7794,0.5663,2.4418
103.7796,0.5632,2.4261
103.7798,0.6205,2.673
103.7800,0.6489,2.7981
103.7802,0.584,2.5184
103.7804,0.5614,2.4206
103.7806,0.5616,2.4206
103.7808,0.5708,2.4603
103.7810,0.5888,2.539
103.7812,0.519,2.2402
103.7814,0.4827,2.0805
103.7816,0.5041,2.1755
103.7818,0.4868,2.103
103.7820,0.5044,2.171
103.7822,0.675,2.9027
103.7824,0.6592,2.8438
103.7826,0.539,2.3229
103.7828,0.5319,2.2924
103.7830,0.523,2.2542
103.7832,0.5189,2.2387
103.7834,0.5214,2.2516
103.7836,0.5315,2.2908
103.7838,0.5505,2.3725
103.7840,0.5175,2.2335
103.7842,0.5252,2.2635
103.7844,0.5696,2.4529
103.7846,0.5864,2.5263
103.7848,0.5634,2.4317
103.7850,0.5433,2.3437
103.7852,0.5702,2.4566
103.7854,0.6538,2.8114
103.7856,0.7612,3.2703
103.7858,0.7529,3.2433
103.7860,0.5836,2.5128
103.7862,0.6009,2.5852
103.7864,0.6596,2.8388
103.7866,0.6593,2.8391
103.7868,0.6587,2.8378
103.7870,0.6675,2.8702
103.7872,0.7041,3.0303
103.7874,0.6706,2.8836
103.7876,0.7403,3.1831
103.7878,0.7176,3.09
103.7880,0.6449,2.7771
103.7882,0.6379,2.7454
103.7884,0.64,2.7572
103.7886,0.6382,2.7469
103.7888,0.6871,2.9534
103.7890,0.7503,3.2189
103.7892,0.8292,3.5591
103.7894,0.8295,3.5634
103.7896,0.7772,3.3373
103.7898,0.7812,3.3558
103.7900,0.7987,3.4326
103.7902,0.7931,3.4089
103.7904,0.7681,3.3043
103.7906,0.6996,3.0112
103.7908,0.7092,3.0468
103.7910,0.7838,3.3656
103.7912,0.8214,3.5273
103.7914,0.8121,3.4855
103.7916,0.7877,3.3873
103.7918,0.7725,3.3203
103.7920,0.8008,3.4419
103.7922,0.7262,3.1257
103.7924,0.6151,2.6486
103.7926,0.603,2.5976
103.7928,0.5782,2.4907
103.7930,0.6309,2.7155
103.7932,0.6603,2.8445
103.7934,0.5975,2.5763
103.7936,0.5922,2.5523
103.7938,0.6242,2.6878
103.7940,0.5973,2.5734
103.7942,0.5916,2.5486
103.7944,0.6003,2.5827
103.7946,0.6411,2.7593
103.7948,0.632,2.7226
103.7950,0.6189,2.6651
103.7952,0.6571,2.824
103.7954,0.7556,3.2431
103.7956,0.7453,3.2122
103.7958,0.5842,2.5224
103.7960,0.4562,1.9709
103.7962,0.3989,1.7257
103.7964,0.3965,1.7145
103.7966,0.3953,1.7077
103.7968,0.3978,1.7194
103.7970,0.4309,1.8607
103.7972,0.4168,1.8005
103.7974,0.4044,1.7447
103.7976,0.4557,1.9688
103.7978,0.4298,1.8535
103.7980,0.5087,2.1947
103.7982,0.4903,2.116
103.7984,0.4878,2.1032
103.7986,0.5412,2.3295
103.7988,0.5747,2.478
103.7990,0.4815,2.0773
103.7992,0.4832,2.0835
103.7994,0.5139,2.2149
103.7996,0.5489,2.3625
103.7998,0.6069,2.6159
103.8000,0.5726,2.4658
103.8002,0.571,2.4574
103.8004,0.6595,2.8317
103.8006,0.7545,3.2445
103.8008,0.7092,3.051
103.8010,0.6936,2.9798
103.8012,0.7632,3.2725
103.8014,0.8819,3.7867
103.8016,0.841,3.6145
103.8018,0.815,3.4962
103.8020,0.8448,3.6226
103.8022,0.8778,3.764
103.8024,0.9055,3.8791
103.8026,0.9763,4.1807
103.8028,0.9975,4.2711
103.8030,0.9899,4.2447
103.8032,0.969,4.1513
103.8034,0.9833,4.2223
103.8036,0.8503,3.6496
103.8038,0.8341,3.5802
103.8040,0.8171,3.5136
103.8042,0.7525,3.2327
103.8044,0.8111,3.4878
103.8046,0.7665,3.2945
103.8048,0.7489,3.2218
103.8050,0.6954,2.9903
103.8052,0.7433,3.1901
103.8054,0.7869,3.3821
103.8056,0.8461,3.6299
103.8058,0.872,3.7428
103.8060,0.8236,3.5349
103.8062,0.837,3.5975
103.8064,0.8265,3.5522
103.8066,0.8339,3.5808
103.8068,0.8404,3.6069
103.8070,0.8561,3.6795
103.8072,0.8629,3.7019
103.8074,0.9238,3.9632
103.8076,0.9491,4.068
103.8078,0.9205,3.9544
103.8080,0.8403,3.6114
103.8082,0.8503,3.6479
103.8084,0.9104,3.9056
103.8086,0.8592,3.6911
103.8088,0.7783,3.3481
103.8090,0.7951,3.414
103.8092,0.878,3.7703
103.8094,0.8905,3.8167
103.8096,0.9475,4.0627
103.8098,0.8874,3.8157
103.8100,0.8027,3.4437
103.8102,0.8327,3.5773
103.8104,0.7975,3.4259
103.8106,0.8421,3.6192
103.8108,0.8484,3.6448
103.8110,0.8008,3.4435
103.8112,0.7421,3.1909
103.8114,0.7489,3.2218
103.8116,0.761,3.2708
103.8118,0.7893,3.394
103.8120,0.7431,3.2044
103.8122,0.6254,2.6967
103.8124,0.5453,2.3514
103.8126,0.5698,2.458
103.8128,0.5752,2.4801
103.8130,0.5899,2.5425
103.8132,0.5996,2.5856
103.8134,0.5814,2.5093
103.8136,0.5043,2.1745
103.8138,0.5483,2.3654
103.8140,0.5802,2.5018
103.8142,0.5872,2.5295
103.8144,0.6135,2.6406
103.8146,0.6735,2.904
103.8148,0.6023,2.5981
103.8150,0.5327,2.2971
103.8152,0.559,2.4092
103.8154,0.5413,2.3343
103.8156,0.6174,2.6633
103.8158,0.5572,2.4048
103.8160,0.5187,2.2376
103.8162,0.5013,2.1636
103.8164,0.4852,2.0953
103.8166,0.4765,2.0546
103.8168,0.4862,2.0974
103.8170,0.4964,2.1424
103.8172,0.5213,2.249
103.8174,0.4605,1.9868
103.8176,0.4686,2.0242
103.8178,0.4117,1.7795
103.8180,0.3972,1.716
103.8182,0.4517,1.9485
103.8184,0.4838,2.0871
103.8186,0.5284,2.2764
103.8188,0.522,2.2542
103.8190,0.4517,1.9512
103.8192,0.4472,1.932
103.8194,0.4464,1.9284
103.8196,0.4438,1.9161
103.8198,0.444,1.9154
103.8200,0.4469,1.9287
103.8202,0.4465,1.9262
103.8204,0.4833,2.0831
103.8206,0.5403,2.3286
103.8208,0.5776,2.4881
103.8210,0.5958,2.5666
103.8212,0.5765,2.4846
103.8214,0.5565,2.3994
103.8216,0.5726,2.4681
103.8218,0.5856,2.5216
103.8220,0.626,2.6968
103.8222,0.5906,2.5409
103.8224,0.626,2.6918
103.8226,0.6756,2.9093
103.8228,0.6634,2.854
103.8230,0.7152,3.074
103.8232,0.6589,2.8397
103.8234,0.5483,2.3654
103.8236,0.5231,2.2547
103.8238,0.5657,2.4359
103.8240,0.6089,2.6181
103.8242,0.6485,2.7913
103.8244,0.6519,2.8071
103.8246,0.6398,2.7549
103.8248,0.6395,2.7501
103.8250,0.6644,2.8581
103.8252,0.6702,2.8807
103.8254,0.7505,3.224
103.8256,0.7429,3.193
103.8258,0.7283,3.1316
103.8260,0.6746,2.9047
103.8262,0.6653,2.8636
103.8264,0.6569,2.8261
103.8266,0.6482,2.7885
103.8268,0.6921,2.9717
103.8270,0.7056,3.0313
103.8272,0.7513,3.2336
103.8274,0.682,2.9339
103.8276,0.7208,3.0982
103.8278,0.779,3.345
103.8280,0.746,3.2094
103.8282,0.6939,2.9822
103.8284,0.7266,3.1244
103.8286,0.68,2.9238
103.8288,0.7207,3.0991
103.8290,0.7338,3.1538
103.8292,0.735,3.1649
103.8294,0.6343,2.735
103.8296,0.5885,2.5351
103.8298,0.5601,2.415
103.8300,0.5101,2.1994
103.8302,0.5222,2.2495
103.8304,0.5449,2.3455
103.8306,0.627,2.6997
103.8308,0.6764,2.907
103.8310,0.7482,3.2202
103.8312,0.6379,2.7492
103.8314,0.5969,2.5713
103.8316,0.5982,2.5746
103.8318,0.6102,2.6298
103.8320,0.5503,2.3709
103.8322,0.52,2.2444
103.8324,0.503,2.1689
103.8326,0.5284,2.2774
103.8328,0.5725,2.4653
103.8330,0.6144,2.6479
103.8332,0.5816,2.5057
103.8334,0.5837,2.5098
103.8336,0.6925,2.9779
103.8338,0.7374,3.1663
103.8340,0.7738,3.3244
103.8342,0.78,3.3491
103.8344,0.8431,3.6188
103.8346,0.8529,3.6587
103.8348,0.8407,3.6085
103.8350,0.8169,3.5077
103.8352,0.8558,3.6699
103.8354,0.8792,3.7631
103.8356,1.0594,4.528
103.8358,1.1248,4.8073
103.8360,1.1196,4.7943
103.8362,1.0544,4.515
103.8364,1.0363,4.4395
103.8366,1.0087,4.3173
103.8368,1.0693,4.5765
103.8370,1.0534,4.5151
103.8372,0.9702,4.1662
103.8374,0.9157,3.9301
103.8376,0.8929,3.8305
103.8378,0.9092,3.895
103.8380,0.9464,4.0656
103.8382,0.8436,3.6242
103.8384,0.8443,3.629
103.8386,0.8241,3.5369
103.8388,0.8796,3.7787
103.8390,0.8517,3.6621
103.8392,0.8163,3.5067
103.8394,0.8194,3.5185
103.8396,0.8755,3.7594
103.8398,0.8786,3.7746
103.8400,0.7735,3.3244
103.8402,0.7723,3.3208
103.8404,0.7988,3.4331
103.8406,0.9046,3.8864
103.8408,0.8298,3.5633
103.8410,0.8596,3.6893
103.8412,0.8469,3.6381
103.8414,0.82,3.5276
103.8416,0.7985,3.4305
103.8418,0.8448,3.6344
103.8420,0.7943,3.4173
103.8422,0.7765,3.3388
103.8424,0.7863,3.3764
103.8426,0.8696,3.736
103.8428,0.861,3.6972
103.8430,0.8483,3.646
103.8432,0.788,3.3883
103.8434,0.7431,3.2
103.8436,0.6747,2.9092
103.8438,0.6446,2.7769
103.8440,0.6587,2.8339
103.8442,0.6764,2.9151
103.8444,0.6289,2.7142
103.8446,0.5717,2.464
103.8448,0.5562,2.3984
103.8450,0.6225,2.6806
103.8452,0.7379,3.1743
103.8454,0.6975,3.0047
103.8456,0.606,2.613
103.8458,0.6319,2.7196
103.8460,0.7368,3.1711
103.8462,0.7364,3.1652
103.8464,0.7681,3.3012
103.8466,0.8253,3.547
103.8468,0.8317,3.5782
103.8470,0.7104,3.059
103.8472,0.6482,2.7924
103.8474,0.6663,2.8677
103.8476,0.7603,3.2692
103.8478,0.7718,3.3172
103.8480,0.8091,3.471
103.8482,0.881,3.7849
103.8484,0.8385,3.6071
103.8486,0.8576,3.6845
103.8488,0.8355,3.5908
103.8490,0.7582,3.2635
103.8492,0.6846,2.9467
103.8494,0.6672,2.8798
103.8496,0.5472,2.3596
103.8498,0.535,2.309
103.8500,0.5314,2.2946
103.8502,0.5367,2.3141
103.8504,0.5465,2.3576
103.8506,0.532,2.2961
103.8508,0.5319,2.2945
103.8510,0.532,2.2961
103.8512,0.5342,2.3033
103.8514,0.5554,2.3937
103.8516,0.6178,2.6654
103.8518,0.5574,2.4047
103.8520,0.5282,2.2774
103.8522,0.5283,2.279
103.8524,0.5242,2.2625
103.8526,0.5241,2.2588
103.8528,0.5295,2.281
103.8530,0.591,2.546
103.8532,0.566,2.4408
103.8534,0.5731,2.4702
103.8536,0.6177,2.6612
103.8538,0.6107,2.6295
103.8540,0.6283,2.7054
103.8542,0.6284,2.7084
103.8544,0.6274,2.7017
103.8546,0.6366,2.7423
103.8548,0.6393,2.749
103.8550,0.7032,3.0266
103.8552,0.7741,3.327
103.8554,0.8087,3.4759
103.8556,0.7431,3.1955
103.8558,0.7773,3.3409
103.8560,0.8001,3.4436
103.8562,0.677,2.9163
103.8564,0.6262,2.7003
103.8566,0.6249,2.6934
103.8568,0.6169,2.6563
103.8570,0.6722,2.8916
103.8572,0.7129,3.0656
103.8574,0.7386,3.1744
103.8576,0.7471,3.2125
103.8578,0.7011,3.0202
103.8580,0.6318,2.7191
103.8582,0.6937,2.9831
103.8584,0.7654,3.2929
103.8586,0.6946,2.995
103.8588,0.6135,2.6443
103.8590,0.5894,2.5381
103.8592,0.6103,2.6279
103.8594,0.6223,2.682
103.8596,0.6144,2.6455
103.8598,0.6358,2.7417
103.8600,0.5864,2.5299
103.8602,0.6043,2.6033
103.8604,0.6156,2.6519
103.8606,0.5964,2.5692
103.8608,0.6514,2.805
103.8610,0.6471,2.7864
103.8612,0.6442,2.7727
103.8614,0.6354,2.7396
103.8616,0.5591,2.4142
103.8618,0.5135,2.2164
103.8620,0.4545,1.9636
103.8622,0.4045,1.7492
103.8624,0.3962,1.7114
103.8626,0.3918,1.6912
103.8628,0.3948,1.7049
103.8630,0.4364,1.8854
103.8632,0.4414,1.9049
103.8634,0.4653,2.0074
103.8636,0.4121,1.7803
103.8638,0.4236,1.8274
103.8640,0.5212,2.2495
103.8642,0.4855,2.0943
103.8644,0.4764,2.056
103.8646,0.4752,2.0499
103.8648,0.4885,2.1063
103.8650,0.4878,2.1022
103.8652,0.531,2.2898
103.8654,0.5217,2.2464
103.8656,0.6095,2.6182
103.8658,0.7214,3.1007
103.8660,0.7702,3.3059
103.8662,0.8457,3.6313
103.8664,0.7453,3.2063
103.8666,0.7193,3.09
103.8668,0.8234,3.5322
103.8670,0.8505,3.6518
103.8672,0.8398,3.6043
103.8674,0.8451,3.627
103.8676,0.8391,3.5979
103.8678,0.8276,3.5502
103.8680,0.8741,3.7445
103.8682,0.9766,4.1857
103.8684,0.985,4.2216
103.8686,1.0314,4.4123
103.8688,1.1025,4.712
103.8690,1.1229,4.8014
103.8692,1.1159,4.7739
103.8694,1.1189,4.7912
103.8696,1.0921,4.6718
103.8698,1.1164,4.7804
103.8700,1.019,4.3655
103.8702,0.9863,4.2273
103.8704,0.9702,4.1623
103.8706,0.9154,3.9254
103.8708,0.9633,4.1286
103.8710,1.0048,4.3104
103.8712,1.0256,4.3958
103.8714,1.048,4.4877
103.8716,1.0771,4.6098
103.8718,1.0998,4.7029
103.8720,1.1085,4.7443
103.8722,1.063,4.5604
103.8724,0.8979,3.8611
103.8726,0.7559,3.2532
103.8728,0.8128,3.4967
103.8730,0.814,3.4953
103.8732,0.8027,3.455
103.8734,0.7439,3.2001
103.8736,0.7687,3.3069
103.8738,0.7273,3.1318
103.8740,0.7289,3.1342
103.8742,0.7713,3.3198
103.8744,0.758,3.264
103.8746,0.7062,3.0381
103.8748,0.7351,3.161
103.8750,0.7654,3.296
103.8752,0.7693,3.3064
103.8754,0.7943,3.4125
103.8756,0.8246,3.5439
103.8758,0.814,3.5067
103.8760,0.7277,3.1348
103.8762,0.6883,2.9626
103.8764,0.7092,3.0553
103.8766,0.7122,3.0639
103.8768,0.7163,3.0843
103.8770,0.6918,2.9804
103.8772,0.6477,2.7942
103.8774,0.517,2.2324
103.8776,0.5385,2.324
103.8778,0.5867,2.5286
103.8780,0.6303,2.7141
103.8782,0.6452,2.7833
103.8784,0.5879,2.5349
103.8786,0.5768,2.4862
103.8788,0.58,2.5019
103.8790,0.5324,2.2998
103.8792,0.5091,2.1983
103.8794,0.5107,2.204
103.8796,0.5051,2.1792
103.8798,0.4679,2.023
103.8800,0.4113,1.7775
103.8802,0.4497,1.9402
103.8804,0.4712,2.0347
103.8806,0.4693,2.0273
103.8808,0.452,1.9536
103.8810,0.4518,1.9526
103.8812,0.4514,1.9511
103.8814,0.4692,2.024
103.8816,0.5089,2.1952
103.8818,0.455,1.9657
103.8820,0.4509,1.9481
103.8822,0.4485,1.9377
103.8824,0.4414,1.9058
103.8826,0.4412,1.907
103.8828,0.4454,1.9243
103.8830,0.4494,1.9413
103.8832,0.4795,2.0685
103.8834,0.4469,1.9296
103.8836,0.4349,1.8769
103.8838,0.4668,2.0127
103.8840,0.4774,2.0616
103.8842,0.4538,1.9614
103.8844,0.4374,1.8887
103.8846,0.4348,1.8764
103.8848,0.4689,2.0239
103.8850,0.5318,2.2908
103.8852,0.5732,2.4695
103.8854,0.5943,2.5569
103.8856,0.649,2.7947
103.8858,0.5909,2.5443
103.8860,0.5945,2.5598
103.8862,0.5923,2.5517
103.8864,0.6069,2.6122
103.8866,0.6671,2.87
103.8868,0.679,2.9197
103.8870,0.6736,2.8965
103.8872,0.7123,3.063
103.8874,0.7261,3.1223
103.8876,0.743,3.192
103.8878,0.7728,3.329
103.8880,0.6603,2.8432
103.8882,0.6767,2.9072
103.8884,0.765,3.2863
103.8886,0.7553,3.2476
103.8888,0.7337,3.1533
103.8890,0.7658,3.2884
103.8892,0.7701,3.3131
103.8894,0.7428,3.1925
103.8896,0.7901,3.4008
103.8898,0.6991,3.0091
103.8900,0.6358,2.7404
103.8902,0.6409,2.7583
103.8904,0.6391,2.7493
103.8906,0.6924,2.9733
103.8908,0.6797,2.9269
103.8910,0.6344,2.7317
103.8912,0.6657,2.8664
103.8914,0.681,2.9312
103.8916,0.6177,2.6624
103.8918,0.5762,2.4813
103.8920,0.5849,2.5185
103.8922,0.5949,2.5618
103.8924,0.5796,2.4992
103.8926,0.5083,2.1926
103.8928,0.5298,2.2847
103.8930,0.5272,2.2754
103.8932,0.5015,2.1617
103.8934,0.4995,2.1539
103.8936,0.502,2.1637
103.8938,0.5054,2.1802
103.8940,0.4667,2.0141
103.8942,0.393,1.6979
103.8944,0.3852,1.6642
103.8946,0.3898,1.6839
103.8948,0.388,1.6761
103.8950,0.3948,1.7049
103.8952,0.4021,1.7373
103.8954,0.3897,1.6818
103.8956,0.4025,1.7372
103.8958,0.4013,1.732
103.8960,0.4003,1.7295
103.8962,0.3971,1.7155
103.8964,0.4218,1.8188
103.8966,0.479,2.0635
103.8968,0.5002,2.155
103.8970,0.5309,2.2883
103.8972,0.5369,2.3109
103.8974,0.5803,2.5
103.8976,0.5231,2.2536
103.8978,0.492,2.1213
103.8980,0.494,2.1301
103.8982,0.4878,2.1032
103.8984,0.4965,2.1399
103.8986,0.4925,2.1229
103.8988,0.5167,2.2257
103.8990,0.603,2.5964
103.8992,0.5969,2.5677
103.8994,0.6061,2.6111
103.8996,0.5756,2.4799
103.8998,0.6137,2.635
103.9000,0.7099,3.047
103.9002,0.766,3.294
103.9004,0.7212,3.0997
103.9006,0.737,3.1633
103.9008,0.7796,3.346
103.9010,0.8097,3.4703
103.9012,0.9104,3.8965
103.9014,1.003,4.2987
103.9016,0.9412,4.0359
103.9018,0.9231,3.9583
103.9020,0.915,3.9215
103.9022,0.9064,3.8814
103.9024,0.9487,4.0583
103.9026,0.956,4.0973
103.9028,0.9417,4.0436
103.9030,0.8496,3.638
103.9032,0.9398,4.0298
103.9034,0.891,3.8241
103.9036,0.8875,3.8056
103.9038,0.8493,3.6467
103.9040,0.8172,3.5125
103.9042,0.7876,3.3852
103.9044,0.8153,3.4994
103.9046,0.8413,3.6127
103.9048,0.7951,3.4172
103.9050,0.7767,3.3399
103.9052,0.7562,3.2487
103.9054,0.832,3.5659
103.9056,0.8666,3.7214
103.9058,0.8593,3.6899
103.9060,0.9098,3.9031
103.9062,0.9238,3.9595
103.9064,0.8928,3.8318
103.9066,0.9182,3.9354
103.9068,0.9688,4.1484
103.9070,0.9815,4.2048
103.9072,0.9652,4.1388
103.9074,0.9524,4.0838
103.9076,0.9265,3.9727
103.9078,0.937,4.0236
103.9080,0.8773,3.7637
103.9082,0.9144,3.9153
103.9084,1.0004,4.2899
103.9086,0.9963,4.266
103.9088,1.0334,4.4313
103.9090,0.9579,4.1093
103.9092,0.8851,3.8059
103.9094,0.7891,3.3946
103.9096,0.7645,3.2858
103.9098,0.7549,3.2445
103.9100,0.7406,3.1921
103.9102,0.6165,2.6609
103.9104,0.5711,2.4602
103.9106,0.6168,2.6583
103.9108,0.6466,2.7869
103.9110,0.7003,3.0101
103.9112,0.7105,3.0581
103.9114,0.7035,3.0277
103.9116,0.7111,3.0635
103.9118,0.6627,2.8522
103.9120,0.6491,2.7965
103.9122,0.6463,2.7867
103.9124,0.6201,2.6703
103.9126,0.611,2.6335
103.9128,0.586,2.5255
103.9130,0.5744,2.4758
103.9132,0.5639,2.4315
103.9134,0.5752,2.4801
103.9136,0.5764,2.483
103.9138,0.593,2.5548
103.9140,0.5627,2.4286
103.9142,0.4942,2.1301
103.9144,0.6457,2.7764
103.9146,0.7048,3.0348
103.9148,0.6195,2.6689
103.9150,0.5491,2.3679
103.9152,0.5291,2.2847
103.9154,0.5264,2.2718
103.9156,0.5297,2.2842
103.9158,0.541,2.3327
103.9160,0.5384,2.3203
103.9162,0.5372,2.3162
103.9164,0.5375,2.3178
103.9166,0.5464,2.3527
103.9168,0.5918,2.5508
103.9170,0.5424,2.34
103.9172,0.5374,2.3194
103.9174,0.5343,2.3038
103.9176,0.5363,2.3062
103.9178,0.7073,3.0385
103.9180,0.7693,3.3064
103.9182,0.6421,2.7673
103.9184,0.5478,2.3622
103.9186,0.5447,2.3477
103.9188,0.5413,2.3365
103.9190,0.5372,2.3173
103.9192,0.5461,2.3517
103.9194,0.6219,2.6768
103.9196,0.6328,2.7275
103.9198,0.5802,2.4995
103.9200,0.5675,2.4447
103.9202,0.558,2.4039
103.9204,0.5681,2.4473
103.9206,0.6054,2.6104
103.9208,0.5808,2.4974
103.9210,0.7231,3.1051
103.9212,0.8623,3.6942
103.9214,0.9205,3.9433
103.9216,0.8975,3.8591
103.9218,0.7381,3.1812
103.9220,0.6129,2.643
103.9222,0.6012,2.5899
103.9224,0.6049,2.6059
103.9226,0.6079,2.62
103.9228,0.6059,2.6112
103.9230,0.6002,2.5858
103.9232,0.6061,2.6062
103.9234,0.6702,2.8807
103.9236,0.72,3.096
103.9238,0.7284,3.1365
103.9240,0.7018,3.0162
103.9242,0.6857,2.9458
103.9244,0.7582,3.2544
103.9246,0.761,3.2769
103.9248,0.649,2.7934
103.9250,0.6707,2.8855
103.9252,0.6931,2.9777
103.9254,0.7548,3.2501
103.9256,0.6828,2.9403
103.9258,0.6856,2.9453
103.9260,0.7297,3.1378
103.9262,0.7195,3.0954
103.9264,0.7057,3.0361
103.9266,0.6819,2.9307
103.9268,0.7164,3.0791
103.9270,0.7706,3.3151
103.9272,0.7614,3.2693
103.9274,0.8531,3.6632
103.9276,0.8375,3.5929
103.9278,0.8687,3.7336
103.9280,0.7892,3.3919
103.9282,0.7975,3.4227
103.9284,0.8612,3.6999
103.9286,0.8542,3.6695
103.9288,0.7784,3.3518
103.9290,0.6309,2.718
103.9292,0.6386,2.7498
103.9294,0.6657,2.8718
103.9296,0.5452,2.3508
103.9298,0.5322,2.2939
103.9300,0.5906,2.5444
103.9302,0.6307,2.7157
103.9304,0.5724,2.4682
103.9306,0.5613,2.4212
103.9308,0.5647,2.434
103.9310,0.5677,2.4469
103.9312,0.565,2.4362
103.9314,0.5639,2.4315
103.9316,0.5652,2.4372
103.9318,0.5641,2.4325
103.9320,0.5777,2.4875
103.9322,0.636,2.7371
103.9324,0.6894,2.9618
103.9326,0.7217,3.1061
103.9328,0.7141,3.0736
103.9330,0.6593,2.8338
103.9332,0.7147,3.0719
103.9334,0.716,3.079
103.9336,0.7547,3.242
103.9338,0.7807,3.3506
103.9340,0.8377,3.5906
103.9342,0.9439,4.0454
103.9344,1.0015,4.2905
103.9346,1.0147,4.347
103.9348,1.0229,4.3779
103.9350,1.1004,4.7055
103.9352,1.1084,4.7438
103.9354,1.073,4.6031
103.9356,1.0097,4.3235
103.9358,1.0753,4.6
103.9360,1.1166,4.7703
103.9362,1.1844,5.0668
103.9364,1.1037,4.737
103.9366,0.9711,4.162
103.9368,1.0008,4.2915
103.9370,0.9678,4.152
103.9372,0.9646,4.1362
103.9374,0.9365,4.0215
103.9376,0.8754,3.7572
103.9378,0.8626,3.7073
103.9380,0.8186,3.5149
103.9382,0.8563,3.6805
103.9384,0.8224,3.5396
103.9386,0.7487,3.2207
103.9388,0.7321,3.1525
103.9390,0.7086,3.0499
103.9392,0.7106,3.0572
103.9394,0.7555,3.2471
103.9396,0.8262,3.5545
103.9398,0.7946,3.4167
103.9400,0.784,3.3729
103.9402,0.7449,3.2032
103.9404,0.7773,3.3425
103.9406,0.6897,2.9711
103.9408,0.6767,2.9126
103.9410,0.7495,3.2228
103.9412,0.7934,3.41
103.9414,0.7849,3.3765
103.9416,0.7839,3.3724
103.9418,0.7282,3.1398
103.9420,0.5583,2.4072
103.9422,0.5722,2.466
103.9424,0.5812,2.5059
103.9426,0.6295,2.7118
103.9428,0.6755,2.9142
103.9430,0.623,2.6826
103.9432,0.624,2.6918
103.9434,0.5358,2.3148
103.9436,0.5007,2.16
103.9438,0.4952,2.1353
103.9440,0.5465,2.3533
103.9442,0.6418,2.765
103.9444,0.5854,2.5264
103.9446,0.5213,2.2532
103.9448,0.4939,2.1296
103.9450,0.5599,2.4122
103.9452,0.6079,2.6188
103.9454,0.6553,2.8241
103.9456,0.6557,2.8197
103.9458,0.6984,3.0046
103.9460,0.6465,2.789
103.9462,0.6134,2.645
103.9464,0.6472,2.7869
103.9466,0.6356,2.7369
103.9468,0.6407,2.7578
103.9470,0.6897,2.9697
103.9472,0.6778,2.9186
103.9474,0.6249,2.6922
103.9476,0.7248,3.1195
103.9478,0.6737,2.9051
103.9480,0.5746,2.4752
103.9482,0.5894,2.5428
103.9484,0.5493,2.3684
103.9486,0.6026,2.5973
103.9488,0.5556,2.398
103.9490,0.4641,2.0041
103.9492,0.4559,1.9693
103.9494,0.4577,1.9762
103.9496,0.5041,2.1745
103.9498,0.4767,2.0594
103.9500,0.4494,1.9413
103.9502,0.45,1.9421
103.9504,0.4495,1.9392
103.9506,0.4515,1.9489
103.9508,0.4494,1.9404
103.9510,0.4483,1.9358
103.9512,0.4514,1.9493
103.9514,0.4494,1.9395
103.9516,0.4514,1.9493
103.9518,0.4864,2.0995
103.9520,0.4597,1.9841
103.9522,0.4531,1.9556
103.9524,0.4985,2.1487
103.9526,0.5429,2.3399
103.9528,0.5519,2.3776
103.9530,0.5559,2.3969
103.9532,0.5447,2.3488
103.9534,0.5514,2.3766
103.9536,0.5551,2.3938
103.9538,0.5509,2.3746
103.9540,0.5568,2.3977
103.9542,0.5519,2.3765
103.9544,0.5566,2.3966
103.9546,0.6042,2.6016
103.9548,0.666,2.8667
103.9550,0.6713,2.8867
103.9552,0.7335,3.1499
103.9554,0.7563,3.2583
103.9556,0.5744,2.4747
103.9558,0.5532,2.3844
103.9560,0.5475,2.3596
103.9562,0.5535,2.3843
103.9564,0.5782,2.4884
103.9566,0.6391,2.7518
103.9568,0.6636,2.8563
103.9570,0.6754,2.9029
103.9572,0.7066,3.0425
103.9574,0.6388,2.747
103.9576,0.6904,2.9742
103.9578,0.6079,2.6212
103.9580,0.5702,2.4566
103.9582,0.5746,2.4741
103.9584,0.5696,2.4552
103.9586,0.5695,2.4547
103.9588,0.5696,2.4552
103.9590,0.5577,2.4013
103.9592,0.5801,2.5001
103.9594,0.5584,2.4066
103.9596,0.5374,2.3151
103.9598,0.5595,2.4146
103.9600,0.512,2.2076
103.9602,0.5268,2.2739
103.9604,0.4387,1.8961
103.9606,0.4024,1.7367
103.9608,0.3978,1.7178
103.9610,0.3887,1.6793
103.9612,0.3938,1.6994
103.9614,0.4001,1.7269
103.9616,0.3991,1.7243
103.9618,0.392,1.6893
103.9620,0.4622,1.9949
103.9622,0.4044,1.7463
103.9624,0.429,1.8507
103.9626,0.3962,1.709
103.9628,0.3921,1.6906
103.9630,0.5057,2.1767
103.9632,0.5681,2.4496
103.9634,0.5024,2.1653
103.9636,0.481,2.0742
103.9638,0.4746,2.0473
103.9640,0.4713,2.0324
103.9642,0.4814,2.0748
103.9644,0.4897,2.1095
103.9646,0.5092,2.1937
103.9648,0.5164,2.2247
103.9650,0.5613,2.4134
103.9652,0.627,2.6959
103.9654,0.6707,2.8828
103.9656,0.7156,3.0755
103.9658,0.7553,3.2415
103.9660,0.7823,3.3547
103.9662,0.8614,3.6918
103.9664,0.8993,3.856
103.9666,0.8616,3.6963
103.9668,0.8535,3.6613
103.9670,0.8389,3.5957
103.9672,0.8635,3.7011
103.9674,0.8894,3.8121
103.9676,0.8805,3.7793
103.9678,0.8533,3.6642
103.9680,0.7874,3.3842
103.9682,0.7647,3.2868
103.9684,0.8286,3.5565
103.9686,0.8811,3.7748
103.9688,0.9552,4.0923
103.9690,0.9756,4.1757
103.9692,1.0057,4.3105
103.9694,0.9427,4.0402
103.9696,0.9898,4.2402
103.9698,1.0205,4.3717
103.9700,0.9841,4.2239
103.9702,0.8158,3.5031
103.9704,0.8268,3.5504
103.9706,0.8484,3.638
103.9708,0.8421,3.6091
103.9710,0.8668,3.7184
103.9712,0.8206,3.5253
103.9714,0.8279,3.5551
103.9716,0.8535,3.663
103.9718,0.8261,3.5473
103.9720,0.8282,3.5544
103.9722,0.9151,3.9275
103.9724,0.8618,3.699
103.9726,0.8292,3.5591
103.9728,0.8851,3.8006
103.9730,0.8791,3.7767
103.9732,0.8273,3.5508
103.9734,0.8192,3.5158
103.9736,0.8663,3.7146
103.9738,0.8574,3.6783
103.9740,0.8838,3.7985
103.9742,0.8316,3.5727
103.9744,0.8283,3.5599
103.9746,0.8386,3.6026
103.9748,0.822,3.5364
103.9750,0.7226,3.1045
103.9752,0.7642,3.2847
103.9754,0.7548,3.2485
103.9756,0.6689,2.8817
103.9758,0.599,2.5806
103.9760,0.5973,2.5769
103.9762,0.5957,2.5661
103.9764,0.5869,2.5284
103.9766,0.6049,2.6047
103.9768,0.6095,2.6267
103.9770,0.6073,2.6187
103.9772,0.5825,2.5093
103.9774,0.6294,2.71
103.9776,0.6483,2.7916
103.9778,0.6556,2.8244
103.9780,0.6704,2.8879
103.9782,0.6369,2.7413
103.9784,0.6177,2.6599
103.9786,0.5653,2.4366
103.9788,0.577,2.489
103.9790,0.5592,2.4113
103.9792,0.572,2.4644
103.9794,0.5935,2.5556
103.9796,0.6397,2.7557
103.9798,0.6598,2.8359
103.9800,0.7279,3.1286
103.9802,0.6843,2.9424
103.9804,0.682,2.9326
103.9806,0.7332,3.1527
103.9808,0.7422,3.1914
103.9810,0.7455,3.2088
103.9812,0.6774,2.9157
103.9814,0.6678,2.8784
103.9816,0.5657,2.4393
103.9818,0.5193,2.2412
103.9820,0.4953,2.1368
103.9822,0.547,2.3597
103.9824,0.5476,2.3612
103.9826,0.5327,2.2971
103.9828,0.5455,2.3513
103.9830,0.5803,2.5023
103.9832,0.5345,2.3027
103.9834,0.5212,2.2485
103.9836,0.515,2.2206
103.9838,0.5266,2.2686
103.9840,0.6572,2.8311
103.9842,0.5999,2.5842
103.9844,0.5577,2.4046
103.9846,0.5735,2.4694
103.9848,0.6412,2.7586
103.9850,0.6622,2.8515
103.9852,0.6542,2.8143
103.9854,0.6771,2.9114
103.9856,0.7436,3.1961
103.9858,0.7755,3.3316
103.9860,0.8323,3.5741
103.9862,0.8258,3.5441
103.9864,0.8214,3.5256
103.9866,0.8187,3.5154
103.9868,0.8347,3.5811
103.9870,0.928,3.9757
103.9872,0.9718,4.1632
103.9874,1.0138,4.3409
103.9876,1.0876,4.6528
103.9878,1.0629,4.5578
103.9880,0.9098,3.9049
103.9882,0.8598,3.6903
103.9884,0.8846,3.7986
103.9886,0.8395,3.6117
103.9888,0.7869,3.3821
103.9890,0.763,3.2811
103.9892,0.755,3.245
103.9894,0.8072,3.4708
103.9896,0.7917,3.3964
103.9898,0.8791,3.7714
103.9900,0.8458,3.6351
103.9902,0.7907,3.4018
103.9904,0.6982,2.9994
103.9906,0.8756,3.7512
103.9908,0.9604,4.124
103.9910,0.8799,3.7855
103.9912,0.7035,3.0305
103.9914,0.6013,2.5892
103.9916,0.6543,2.8187
103.9918,0.5921,2.5542
103.9920,0.5481,2.3633
103.9922,0.5461,2.3539
103.9924,0.5416,2.3375
103.9926,0.5313,2.293
103.9928,0.5297,2.2842
103.9930,0.5427,2.3378
103.9932,0.5854,2.5229
103.9934,0.599,2.5818
103.9936,0.6025,2.5968
103.9938,0.5575,2.4041
103.9940,0.5077,2.1911
103.9942,0.5023,2.1688
103.9944,0.5099,2.1999
103.9946,0.5176,2.2309
103.9948,0.5338,2.3028
103.9950,0.5155,2.2237
103.9952,0.5657,2.4381
103.9954,0.6255,2.691
103.9956,0.6818,2.9411
103.9958,0.4861,2.0998
103.9960,0.4869,2.0996
103.9962,0.5322,2.2971
103.9964,0.4934,2.1275
103.9966,0.491,2.1191
103.9968,0.5066,2.1854
103.9970,0.5083,2.1916
103.9972,0.502,2.1657
103.9974,0.5047,2.1781
103.9976,0.544,2.3468
103.9978,0.5196,2.2407
103.9980,0.5018,2.1657
103.9982,0.5037,2.171
103.9984,0.5596,2.4106
103.9986,0.5619,2.4182
103.9988,0.6062,2.6128
103.9990,0.5815,2.504
103.9992,0.6364,2.7405
103.9994,0.6465,2.78
103.9996,0.753,3.2378
103.9998,0.7289,3.1312
104.0000,0.7905,3.3897
104.0002,0.8363,3.5894
104.0004,0.8222,3.5271
104.0006,0.9265,3.9727
104.0008,0.9822,4.2059
104.0010,0.9888,4.2381
104.0012,0.9747,4.1774
104.0014,0.9587,4.1072
104.0016,0.9674,4.1442
104.0018,0.96,4.1167
104.0020,0.9194,3.9405
104.0022,1.015,4.3542
104.0024,0.9677,4.1476
104.0026,0.9482,4.0658
104.0028,0.9847,4.2226
104.0030,0.9483,4.0701
104.0032,0.8823,3.787
104.0034,0.8867,3.8038
104.0036,0.8776,3.7664
104.0038,0.8952,3.8403
104.0040,0.9183,3.9377
104.0042,0.9614,4.1204
104.0044,0.9043,3.8776
104.0046,0.9261,3.9693
104.0048,0.922,3.9574
104.0050,0.8343,3.5873
104.0052,0.8304,3.5675
104.0054,0.8567,3.6735
104.0056,0.9352,4.0121
104.0058,0.943,4.0474
104.0060,0.9519,4.0817
104.0062,0.9642,4.1327
104.0064,0.9313,4.0063
104.0066,0.8092,3.478
104.0068,0.8658,3.7177
104.0070,0.8629,3.7088
104.0072,0.8538,3.6663
104.0074,0.8827,3.7939
104.0076,0.8344,3.5812
104.0078,0.8905,3.822
104.0080,0.8579,3.6923
104.0082,0.7453,3.2078
104.0084,0.7547,3.245
104.0086,0.7696,3.3171
104.0088,0.6548,2.8221
104.0090,0.6758,2.9071
104.0092,0.7096,3.0512
104.0094,0.7207,3.102
104.0096,0.7092,3.0524
104.0098,0.7533,3.2439
104.0100,0.7674,3.3027
104.0102,0.7319,3.1514
104.0104,0.6449,2.7797
104.0106,0.6126,2.639
104.0108,0.6692,2.8801
104.0110,0.7123,3.0701
104.0112,0.5807,2.5074
104.0114,0.4965,2.1429
104.0116,0.5302,2.2873
104.0118,0.5069,2.191
104.0120,0.4813,2.0782
104.0122,0.5006,2.1605
104.0124,0.4846,2.0907
104.0126,0.4964,2.1404
104.0128,0.5159,2.2278
104.0130,0.4875,2.1051
104.0132,0.4884,2.1087
104.0134,0.4978,2.1506
104.0136,0.4243,1.8348
104.0138,0.3979,1.7183
104.0140,0.402,1.7368
104.0142,0.3978,1.7186
104.0144,0.4563,1.9705
104.0146,0.4557,1.967
104.0148,0.4448,1.9208
104.0150,0.4476,1.9345
104.0152,0.4454,1.9243
104.0154,0.4502,1.9441
104.0156,0.4451,1.92
104.0158,0.4579,1.9754
104.0160,0.53,2.2852
104.0162,0.5406,2.3334
104.0164,0.4704,2.0311
104.0166,0.4543,1.9626
104.0168,0.4519,1.9522
104.0170,0.4529,1.9555
104.0172,0.4664,2.0121
104.0174,0.4658,2.0104
104.0176,0.4615,1.9927
104.0178,0.469,2.0235
104.0180,0.5615,2.4189
104.0182,0.5801,2.5001
104.0184,0.5121,2.2092
104.0186,0.5089,2.1952
104.0188,0.5413,2.3354
104.0190,0.5458,2.3502
104.0192,0.5764,2.4841
104.0194,0.5643,2.4319
104.0196,0.5549,2.3894
104.0198,0.5512,2.3745
104.0200,0.5593,2.4074
104.0202,0.6151,2.6473
104.0204,0.6342,2.7281
104.0206,0.702,3.0145
104.0208,0.8277,3.559
104.0210,0.75,3.2219
104.0212,0.7328,3.1512
104.0214,0.7095,3.0549
104.0216,0.5869,2.5284
104.0218,0.5357,2.31
104.0220,0.5363,2.3137
104.0222,0.5366,2.3125
104.0224,0.5301,2.2836
104.0226,0.5277,2.2764
104.0228,0.5262,2.2671
104.0230,0.5753,2.476
104.0232,0.6264,2.6971
104.0234,0.6598,2.8359
104.0236,0.7236,3.1086
104.0238,0.7038,3.0306
104.0240,0.6211,2.6794
104.0242,0.5374,2.3172
104.0244,0.5536,2.3793
104.0246,0.6678,2.8731
104.0248,0.6194,2.6696
104.0250,0.5688,2.4481
104.0252,0.6071,2.6128
104.0254,0.6363,2.7412
104.0256,0.6488,2.7924
104.0258,0.6905,2.9678
104.0260,0.6412,2.7598
104.0262,0.6374,2.7395
104.0264,0.6881,2.9644
104.0266,0.6129,2.6381
104.0268,0.6159,2.6497
104.0270,0.6684,2.8743
104.0272,0.7218,3.1066
104.0274,0.637,2.7405
104.0276,0.6382,2.7469
104.0278,0.6274,2.6955
104.0280,0.6652,2.8684
104.0282,0.5364,2.3142
104.0284,0.5086,2.1921
104.0286,0.5255,2.2629
104.0288,0.5423,2.3374
104.0290,0.6111,2.6315
104.0292,0.6569,2.8274
104.0294,0.6199,2.6705
104.0296,0.5144,2.219
104.0298,0.4958,2.1388
104.0300,0.4966,2.1405
104.0302,0.514,2.2164
104.0304,0.5641,2.4325
104.0306,0.4973,2.1446
104.0308,0.4852,2.0933
104.0310,0.4828,2.082
104.0312,0.489,2.1074
104.0314,0.4884,2.1058
104.0316,0.5168,2.2283
104.0318,0.5581,2.4011
104.0320,0.6151,2.6498
104.0322,0.5786,2.4928
104.0324,0.5725,2.4619
104.0326,0.6676,2.8694
104.0328,0.7199,3.0926
104.0330,0.7577,3.2503
104.0332,0.8248,3.5351
104.0334,0.8592,3.6894
104.0336,0.8602,3.6935
104.0338,0.8702,3.7281
104.0340,0.9313,3.9858
104.0342,1.0379,4.4337
104.0344,1.0972,4.6939
104.0346,1.093,4.6737
104.0348,1.1052,4.7216
104.0350,1.1303,4.8309
104.0352,1.1076,4.7496
104.0354,0.9327,3.9976
104.0356,0.9769,4.1813
104.0358,0.9903,4.2482
104.0360,0.8641,3.7123
104.0362,0.8531,3.6598
104.0364,0.8844,3.794
104.0366,0.8982,3.855
104.0368,0.9093,3.9028
104.0370,0.8626,3.6987
104.0372,0.8773,3.7672
104.0374,0.8542,3.6661
104.0376,0.8445,3.6227
104.0378,0.8321,3.5747
104.0380,0.85,3.6464
104.0382,0.9026,3.8776
104.0384,0.7921,3.4027
104.0386,0.787,3.3826
104.0388,0.7877,3.3857
104.0390,0.7834,3.3656
104.0392,0.7942,3.4088
104.0394,0.8996,3.8665
104.0396,0.8822,3.79
104.0398,0.8307,3.5669
104.0400,0.8421,3.6192
104.0402,0.8274,3.553
104.0404,0.8488,3.6429
104.0406,0.8442,3.6284
104.0408,0.7723,3.3193
104.0410,0.8253,3.547
104.0412,0.7999,3.4378
104.0414,0.7788,3.3486
104.0416,0.7228,3.1064
104.0418,0.7587,3.261
104.0420,0.744,3.2081
104.0422,0.5844,2.5187
104.0424,0.5895,2.5421
104.0426,0.6111,2.6303
104.0428,0.6795,2.9272
104.0430,0.6645,2.8626
104.0432,0.6508,2.8024
104.0434,0.6602,2.8374
104.0436,0.7093,3.053
104.0438,0.717,3.0846
104.0440,0.7406,3.1862
104.0442,0.7371,3.1771
104.0444,0.663,2.8564
104.0446,0.6355,2.7376
104.0448,0.6716,2.8917
104.0450,0.685,2.9455
104.0452,0.6941,2.9888
104.0454,0.6556,2.8218
104.0456,0.6656,2.8633
104.0458,0.7072,3.0451
104.0460,0.7496,3.2294
104.0462,0.6615,2.851
104.0464,0.6132,2.6415
104.0466,0.6204,2.6688
104.0468,0.6664,2.8682
104.0470,0.7563,3.2507
104.0472,0.7973,3.427
104.0474,0.7481,3.2181
104.0476,0.7418,3.1913
104.0478,0.7337,3.1592
104.0480,0.6945,2.989
104.0482,0.6313,2.7221
104.0484,0.5954,2.5675
104.0486,0.5611,2.4207
104.0488,0.5533,2.3849
104.0490,0.5557,2.3963
104.0492,0.5551,2.3971
104.0494,0.5417,2.3369
104.0496,0.539,2.324
104.0498,0.5408,2.3317
104.0500,0.5415,2.3348
104.0502,0.5445,2.3434
104.0504,0.712,3.0586
104.0506,0.6513,2.8071
104.0508,0.5376,2.3193
104.0510,0.5318,2.2951
104.0512,0.527,2.2723
104.0514,0.5243,2.2609
104.0516,0.5469,2.3559
104.0518,0.6205,2.673
104.0520,0.6472,2.7856
104.0522,0.6425,2.7668
104.0524,0.6373,2.7454
104.0526,0.6374,2.7459
104.0528,0.6406,2.7598
104.0530,0.6369,2.7413
104.0532,0.6411,2.7593
104.0534,0.6961,2.9906
104.0536,0.773,3.3193
104.0538,0.8225,3.5335
104.0540,0.7959,3.4224
104.0542,0.7138,3.0763
104.0544,0.621,2.6739
104.0546,0.6133,2.6421
104.0548,0.6132,2.6428
104.0550,0.6056,2.6102
104.0552,0.6069,2.6135
104.0554,0.6084,2.6209
104.0556,0.6162,2.6532
104.0558,0.6069,2.6147
104.0560,0.6101,2.6281
104.0562,0.6537,2.8135
104.0564,0.6943,2.9843
104.0566,0.7254,3.1207
104.0568,0.693,2.9828
104.0570,0.7509,3.223
104.0572,0.8001,3.4372
104.0574,0.7753,3.343
104.0576,0.6278,2.7046
104.0578,0.6104,2.6272
104.0580,0.6312,2.7203
104.0582,0.6114,2.6326
104.0584,0.6475,2.788
104.0586,0.6515,2.8016
104.0588,0.696,2.9929
104.0590,0.6886,2.9664
104.0592,0.613,2.6398
104.0594,0.5838,2.5162
104.0596,0.6056,2.6066
104.0598,0.6158,2.6566
104.0600,0.5002,2.157
104.0602,0.514,2.2144
104.0604,0.6007,2.5854
104.0606,0.627,2.7009
104.0608,0.586,2.5313
104.0610,0.447,1.9301
104.0612,0.4175,1.8044
104.0614,0.4129,1.7839
104.0616,0.4109,1.7743
104.0618,0.4264,1.8393
104.0620,0.4349,1.8752
104.0622,0.5413,2.3321
104.0624,0.5887,2.5326
104.0626,0.5802,2.5007
104.0628,0.4967,2.143
104.0630,0.485,2.0923
104.0632,0.4696,2.027
104.0634,0.4584,1.9774
104.0636,0.4597,1.9841
104.0638,0.4674,2.0172
104.0640,0.4888,2.1088
104.0642,0.4789,2.0659
104.0644,0.5035,2.1689
104.0646,0.568,2.4479
104.0648,0.5989,2.5789
104.0650,0.6345,2.7271
104.0652,0.6628,2.8474
104.0654,0.7171,3.0851
104.0656,0.6858,2.9491
104.0658,0.6929,2.9767
104.0660,0.7711,3.3095
104.0662,0.821,3.5268
104.0664,0.8172,3.5076
104.0666,0.8519,3.6546
104.0668,0.8524,3.6567
104.0670,0.8598,3.6851
104.0672,0.9451,4.0448
104.0674,1.0398,4.4461
104.0676,1.097,4.6884
104.0678,1.1248,4.8118
104.0680,1.1346,4.8539
104.0682,1.1193,4.7838
104.0684,1.1129,4.7611
104.0686,1.1168,4.7775
104.0688,1.1055,4.727
104.0690,1.0868,4.6558
104.0692,1.04,4.4554
104.0694,0.9841,4.218
104.0696,1.0639,4.5513
104.0698,1.1217,4.7985
104.0700,1.0985,4.6995
104.0702,1.0907,4.664
104.0704,1.131,4.8385
104.0706,1.1283,4.838
104.0708,1.0126,4.3419
104.0710,0.9485,4.0673
104.0712,0.9768,4.1867
104.0714,1.0228,4.3835
104.0716,1.0046,4.3079
104.0718,0.9437,4.0467
104.0720,0.9765,4.1891
104.0722,0.8948,3.8513
104.0724,0.7443,3.2066
104.0726,0.7138,3.0678
104.0728,0.7816,3.361
104.0730,0.8112,3.4851
104.0732,0.7296,3.1373
104.0734,0.831,3.5684
104.0736,0.8658,3.7247
104.0738,0.758,3.2625
104.0740,0.7599,3.2677
104.0742,0.7421,3.1909
104.0744,0.7403,3.1831
104.0746,0.7535,3.2414
104.0748,0.6802,2.9344
104.0750,0.5855,2.5269
104.0752,0.5963,2.5675
104.0754,0.6796,2.9263
104.0756,0.6505,2.8035
104.0758,0.6531,2.8122
104.0760,0.7008,3.0149
104.0762,0.6786,2.9249
104.0764,0.643,2.7727
104.0766,0.615,2.6481
104.0768,0.7072,3.0437
104.0770,0.6551,2.8289
104.0772,0.5063,2.1854
104.0774,0.5321,2.2966
104.0776,0.5453,2.3535
104.0778,0.5119,2.2081
104.0780,0.509,2.1967
104.0782,0.4935,2.131
104.0784,0.5011,2.1636
104.0786,0.5053,2.1807
104.0788,0.5093,2.1973
104.0790,0.5366,2.3179
104.0792,0.4314,1.8628
104.0794,0.4165,1.8003
104.0796,0.4079,1.7629
104.0798,0.4749,2.046
104.0800,0.5759,2.4832
104.0802,0.5336,2.305
104.0804,0.4586,1.9803
104.0806,0.5081,2.1931
104.0808,0.4571,1.9727
104.0810,0.4438,1.9152
104.0812,0.4435,1.916
104.0814,0.444,1.9154
104.0816,0.4844,2.0916
104.0818,0.4447,1.922
104.0820,0.4453,1.9237
104.0822,0.4602,1.988
104.0824,0.4502,1.9423
104.0826,0.4616,1.9942
104.0828,0.4428,1.9129
104.0830,0.4345,1.8754
104.0832,0.4332,1.8697
104.0834,0.4343,1.8752
104.0836,0.4475,1.9322
104.0838,0.4722,2.0398
104.0840,0.4556,1.9665
104.0842,0.4813,2.0753
104.0844,0.5469,2.3581
104.0846,0.5825,2.5058
104.0848,0.6412,2.7573
104.0850,0.6544,2.8153
104.0852,0.6608,2.8453
104.0854,0.6665,2.8687
104.0856,0.6804,2.9259
104.0858,0.7029,3.0209
104.0860,0.7284,3.1292
104.0862,0.7716,3.3131
104.0864,0.8024,3.4422
104.0866,0.8196,3.5212
104.0868,0.7525,3.2357
104.0870,0.7616,3.278
104.0872,0.7074,3.0405
104.0874,0.7115,3.0608
104.0876,0.7364,3.1652
104.0878,0.7971,3.4243
104.0880,0.753,3.2333
104.0882,0.7668,3.2909
104.0884,0.812,3.4914
104.0886,0.7175,3.0909
104.0888,0.6532,2.8088
104.0890,0.6927,2.9785
104.0892,0.6865,2.9577
104.0894,0.6549,2.8187
104.0896,0.6688,2.8759
104.0898,0.6915,2.9733
104.0900,0.7153,3.0802
104.0902,0.6354,2.7384
104.0904,0.5692,2.4554
104.0906,0.5195,2.2412
104.0908,0.5056,2.1802
104.0910,0.4948,2.1347
104.0912,0.4951,2.1367
104.0914,0.4964,2.1414
104.0916,0.5015,2.1617
104.0918,0.5265,2.2702
104.0920,0.5428,2.3394
104.0922,0.5434,2.3453
104.0924,0.5072,2.1849
104.0926,0.6008,2.5859
104.0928,0.6362,2.742
104.0930,0.5419,2.338
104.0932,0.4959,2.1384
104.0934,0.5081,2.1911
104.0936,0.5149,2.22
104.0938,0.5267,2.2723
104.0940,0.4599,1.9879
104.0942,0.4014,1.7334
104.0944,0.3988,1.7204
104.0946,0.4211,1.8191
104.0948,0.4466,1.9241
104.0950,0.5524,2.3808
104.0952,0.5031,2.1704
104.0954,0.4858,2.0959
104.0956,0.4825,2.0824
104.0958,0.4836,2.0851
104.0960,0.4875,2.1022
104.0962,0.487,2.1001
104.0964,0.4832,2.0826
104.0966,0.4809,2.0737
104.0968,0.4801,2.0711
104.0970,0.4813,2.0753
104.0972,0.4879,2.1027
104.0974,0.5279,2.2753
104.0976,0.5819,2.5067
104.0978,0.564,2.4264
104.0980,0.5924,2.5474
104.0982,0.6237,2.6845
104.0984,0.5959,2.566
104.0986,0.625,2.6864
104.0988,0.738,3.1704
104.0990,0.7603,3.2662
104.0992,0.7999,3.4346
104.0994,0.8276,3.5502
104.0996,0.8523,3.6545
104.0998,0.8256,3.5436
104.1000,0.8343,3.5773
104.1002,0.8714,3.735
104.1004,0.8977,3.8547
104.1006,0.8406,3.6079
104.1008,0.8063,3.4575
104.1010,0.8915,3.8172
104.1012,0.9136,3.9177
104.1014,0.8576,3.6759
104.1016,0.9471,4.0573
104.1018,0.9784,4.1875
104.1020,1.0114,4.3367
104.1022,0.9412,4.0397
104.1024,0.9141,3.9179
104.1026,0.965,4.132
104.1028,0.963,4.1276
104.1030,0.9597,4.1132
104.1032,1.0186,4.3594
104.1034,1.0491,4.4945
104.1036,1.0303,4.4118
104.1038,1.0936,4.6741
104.1040,1.1387,4.8668
104.1042,1.0887,4.6618
104.1044,1.0506,4.4901
104.1046,1.1302,4.8394
104.1048,1.0494,4.5039
104.1050,0.8616,3.7049
104.1052,0.8535,3.6596
104.1054,0.9295,3.9856
104.1056,0.9473,4.0622
104.1058,0.9609,4.1183
104.1060,0.9374,4.0195
104.1062,0.9393,4.0315
104.1064,1.0519,4.5063
104.1066,1.028,4.4041
104.1068,0.9611,4.1271
104.1070,0.8523,3.6613
104.1072,0.7978,3.429
104.1074,0.8298,3.5633
104.1076,0.8503,3.6581
104.1078,0.7342,3.1583
104.1080,0.7451,3.2067
104.1082,0.7579,3.2574
104.1084,0.7742,3.329
104.1086,0.7626,3.2821
104.1088,0.6648,2.8655
104.1090,0.5589,2.4098
104.1092,0.5777,2.4886
104.1094,0.5989,2.5801
104.1096,0.6361,2.7402
104.1098,0.6881,2.9657
104.1100,0.6635,2.8558
104.1102,0.7077,3.0443
104.1104,0.7262,3.1272
104.1106,0.6818,2.9356
104.1108,0.6632,2.8543
104.1110,0.696,2.9957
104.1112,0.6919,2.9809
104.1114,0.6487,2.797
104.1116,0.5804,2.5028
104.1118,0.5861,2.5248
104.1120,0.6315,2.7218
104.1122,0.5795,2.4976
104.1124,0.5707,2.461
104.1126,0.5601,2.4172
104.1128,0.6166,2.6528
104.1130,0.7174,3.0861
104.1132,0.6922,2.9805
104.1134,0.678,2.925
104.1136,0.5301,2.2889
104.1138,0.4772,2.0615
104.1140,0.4791,2.0688
104.1142,0.4767,2.0556
104.1144,0.5264,2.2728
104.1146,0.5277,2.2785
104.1148,0.5255,2.2671
104.1150,0.5277,2.2764
104.1152,0.5247,2.2624
104.1154,0.5188,2.2361
104.1156,0.5188,2.2371
104.1158,0.5232,2.2562
104.1160,0.5264,2.2697
104.1162,0.5936,2.5573
104.1164,0.6687,2.8794
104.1166,0.6318,2.7241
104.1168,0.5507,2.3757
104.1170,0.534,2.3028
104.1172,0.5634,2.4272
104.1174,0.6334,2.7276
104.1176,0.6375,2.7451
104.1178,0.6845,2.9475
104.1180,0.6617,2.8481
104.1182,0.6507,2.798
104.1184,0.6786,2.9195
104.1186,0.6565,2.8254
104.1188,0.6642,2.8589
104.1190,0.6994,3.0073
104.1192,0.7678,3.3033
104.1194,0.7359,3.1616
104.1196,0.7807,3.3569
104.1198,0.7839,3.3724
104.1200,0.7214,3.1036
104.1202,0.6898,2.9716
104.1204,0.6309,2.7167
104.1206,0.6336,2.7293
104.1208,0.6109,2.6317
104.1210,0.6073,2.615
104.1212,0.6061,2.6123
104.1214,0.6048,2.6078
104.1216,0.6033,2.6016
104.1218,0.6033,2.5968
104.1220,0.6108,2.6288
104.1222,0.6785,2.919
104.1224,0.7141,3.0722
104.1226,0.7333,3.1532
104.1228,0.7467,3.2125
104.1230,0.7776,3.3373
104.1232,0.8178,3.5183
104.1234,0.6776,2.9149
104.1236,0.7247,3.1161
104.1238,0.7144,3.0746
104.1240,0.6772,2.9147
104.1242,0.6819,2.9334
104.1244,0.681,2.9312
104.1246,0.6981,3.0045
104.1248,0.7159,3.0799
104.1250,0.7156,3.0784
104.1252,0.6458,2.7794
104.1254,0.6035,2.5973
104.1256,0.6442,2.7727
104.1258,0.6581,2.8339
104.1260,0.6638,2.8555
104.1262,0.7032,3.028
104.1264,0.6742,2.9018
104.1266,0.6807,2.9296
104.1268,0.6403,2.7583
104.1270,0.6006,2.5861
104.1272,0.6381,2.7464
104.1274,0.6746,2.9087
104.1276,0.5746,2.4764
104.1278,0.6153,2.6496
104.1280,0.6489,2.7942
104.1282,0.6205,2.673
104.1284,0.6243,2.6896
104.1286,0.6196,2.6682
104.1288,0.5728,2.472
104.1290,0.5036,2.1724
104.1292,0.5015,2.1647
104.1294,0.4955,2.1378
104.1296,0.4935,2.129
104.1298,0.489,2.1084
104.1300,0.5459,2.3539
104.1302,0.5684,2.4489
104.1304,0.5332,2.2991
104.1306,0.5381,2.3193
104.1308,0.5175,2.2335
104.1310,0.5337,2.3001
104.1312,0.5804,2.4994
104.1314,0.6129,2.6417
104.1316,0.5738,2.4721
104.1318,0.5898,2.5349
104.1320,0.6989,3.0039
104.1322,0.7365,3.1657
104.1324,0.7642,3.2893
104.1326,0.7184,3.0864
104.1328,0.7839,3.3661
104.1330,0.8158,3.5014
104.1332,0.8327,3.5723
104.1334,0.953,4.0768
104.1336,1.0694,4.5727
104.1338,1.0287,4.4071
104.1340,1.0199,4.3671
104.1342,1.0503,4.4975
104.1344,1.0918,4.673
104.1346,1.1259,4.8164
104.1348,1.0934,4.6818
104.1350,1.0124,4.3393
104.1352,0.9647,4.1406
104.1354,0.9658,4.1394
104.1356,0.9916,4.2499
104.1358,0.9807,4.2051
104.1360,0.9815,4.2126
104.1362,0.9416,4.0413
104.1364,0.918,3.9399
104.1366,0.8993,3.8578
104.1368,0.8919,3.8353
104.1370,0.7657,3.2909
104.1372,0.7421,3.1938
104.1374,0.7392,3.1829
104.1376,0.7322,3.1515
104.1378,0.6831,2.9413
104.1380,0.6783,2.922
104.1382,0.7108,3.0577
104.1384,0.7359,3.166
104.1386,0.7905,3.4007
104.1388,0.8122,3.4876
104.1390,0.8748,3.7564
104.1392,0.8313,3.5761
104.1394,0.7535,3.2414
104.1396,0.7409,3.1857
104.1398,0.684,2.9509
104.1400,0.6071,2.614
104.1402,0.6481,2.7957
104.1404,0.5953,2.5646
104.1406,0.6688,2.8785
104.1408,0.6605,2.8482
104.1410,0.6345,2.7322
104.1412,0.6802,2.9303
104.1414,0.6225,2.6806
104.1416,0.6539,2.8158
104.1418,0.706,3.0456
104.1420,0.5975,2.5739
104.1422,0.5579,2.4079
104.1424,0.4892,2.1114
104.1426,0.5571,2.3987
104.1428,0.6628,2.8488
104.1430,0.6592,2.8399
104.1432,0.6156,2.6531
104.1434,0.6387,2.7503
104.1436,0.702,3.0173
104.1438,0.7547,3.2495
104.1440,0.7075,3.0452
104.1442,0.711,3.0545
104.1444,0.7807,3.3522
104.1446,0.8001,3.4388
104.1448,0.7924,3.4106
104.1450,0.7386,3.1818
104.1452,0.6928,2.9817
104.1454,0.6981,3.0086
104.1456,0.6206,2.676
104.1458,0.5977,2.5749
104.1460,0.6491,2.7965
104.1462,0.6163,2.6562
104.1464,0.5713,2.4601
104.1466,0.636,2.7409
104.1468,0.6454,2.7818
104.1470,0.6485,2.7939
104.1472,0.6313,2.7183
104.1474,0.6789,2.9246
104.1476,0.6573,2.8329
104.1478,0.6008,2.5883
104.1480,0.5559,2.3991
104.1482,0.4861,2.0998
104.1484,0.4708,2.0322
104.1486,0.4694,2.0269
104.1488,0.4653,2.0112
104.1490,0.471,2.0318
104.1492,0.4892,2.1084
104.1494,0.5526,2.3829
104.1496,0.5357,2.3121
104.1498,0.4689,2.0239
104.1500,0.4533,1.9575
104.1502,0.4604,1.9872
104.1504,0.5566,2.3988
104.1506,0.6133,2.6396
104.1508,0.6125,2.6397
104.1510,0.5639,2.4315
104.1512,0.5559,2.3946
104.1514,0.5573,2.4008
104.1516,0.5559,2.3946
104.1518,0.5614,2.4195
104.1520,0.5855,2.5222
104.1522,0.6421,2.7622
104.1524,0.6752,2.9059
104.1526,0.6641,2.8558
104.1528,0.7187,3.0918
104.1530,0.6958,3.0002
104.1532,0.5641,2.4303
104.1534,0.5334,2.3012
104.1536,0.533,2.2981
104.1538,0.5345,2.3048
104.1540,0.5326,2.2966
104.1542,0.5261,2.2697
104.1544,0.5301,2.2857
104.1546,0.5303,2.2867
104.1548,0.5358,2.3116
104.1550,0.5314,2.2925
104.1552,0.5361,2.3094
104.1554,0.6235,2.686
104.1556,0.6527,2.8068
104.1558,0.6943,2.9857
104.1560,0.7381,3.1709
104.1562,0.68,2.9292
104.1564,0.5381,2.3171
104.1566,0.6348,2.7358
104.1568,0.5045,2.1776
104.1570,0.4416,1.905
104.1572,0.4866,2.099
104.1574,0.4875,2.1031
104.1576,0.5015,2.1617
104.1578,0.5772,2.4843
104.1580,0.6333,2.7283
104.1582,0.5825,2.5093
104.1584,0.5652,2.4349
104.1586,0.5704,2.4606
104.1588,0.5222,2.2484
104.1590,0.5533,2.3849
104.1592,0.5312,2.2904
104.1594,0.5355,2.3058
104.1596,0.5291,2.2826
104.1598,0.505,2.1797
104.1600,0.3988,1.7212
104.1602,0.4053,1.7483
104.1604,0.461,1.9888
104.1606,0.5469,2.3548
104.1608,0.5834,2.5123
104.1610,0.5271,2.2738
104.1612,0.4613,1.9899
104.1614,0.4644,2.0024
104.1616,0.4692,2.0231
104.1618,0.4622,1.9949
104.1620,0.4585,1.9789
104.1622,0.455,1.9621
104.1624,0.4615,1.99
104.1626,0.4696,2.0232
104.1628,0.503,2.1699
104.1630,0.4773,2.0563
104.1632,0.5286,2.2763
104.1634,0.5831,2.5107
104.1636,0.6188,2.6596
104.1638,0.6863,2.9511
104.1640,0.6717,2.8909
104.1642,0.691,2.9657
104.1644,0.7671,3.2971
104.1646,0.7055,3.0336
104.1648,0.7237,3.1062
104.1650,0.8304,3.5659
104.1652,0.8121,3.4838
104.1654,0.876,3.758
104.1656,0.8786,3.7711
104.1658,0.8019,3.4449
104.1660,0.776,3.3275
104.1662,0.9472,4.0427
104.1664,1.2203,5.206
104.1666,1.2861,5.4812
104.1668,1.3133,5.6024
104.1670,1.3054,5.5713
104.1672,1.2606,5.3779
104.1674,1.229,5.2527
104.1676,1.1516,4.9129
104.1678,1.2538,5.3512
104.1680,1.2311,5.2643
104.1682,1.132,4.8449
104.1684,1.0841,4.6401
104.1686,1.0555,4.5175
104.1688,1.1018,4.7156
104.1690,1.1333,4.8414
104.1692,1.2454,5.3154
104.1694,1.2414,5.3084
104.1696,1.1801,5.0483
104.1698,1.175,5.0221
104.1700,1.0952,4.6939
104.1702,1.0405,4.4616
104.1704,0.9683,4.1618
104.1706,0.8786,3.7693
104.1708,0.9548,4.1017
104.1710,0.9009,3.8686
104.1712,0.8867,3.8109
104.1714,0.874,3.751
104.1716,0.9554,4.0966
104.1718,1.0099,4.3326
104.1720,0.9802,4.203
104.1722,1.0454,4.4702
104.1724,1.1695,4.9961
104.1726,1.2254,5.2446
104.1728,1.0763,4.6218
104.1730,0.9417,4.0474
104.1732,0.8524,3.6669
104.1734,0.7382,3.1758
104.1736,0.729,3.139
104.1738,0.71,3.0518
104.1740,0.7622,3.279
104.1742,0.7865,3.3821
104.1744,0.8182,3.5183
104.1746,0.8331,3.5822
104.1748,0.8338,3.5836
104.1750,0.8389,3.6091
104.1752,0.7909,3.4007
104.1754,0.8213,3.53
104.1756,0.8579,3.6821
104.1758,0.9195,3.9484
104.1760,0.967,4.1561
104.1762,0.9478,4.0642
104.1764,0.9876,4.2369
104.1766,0.9505,4.0831
104.1768,0.9096,3.9075
104.1770,0.8533,3.6676
104.1772,0.769,3.31
104.1774,0.7514,3.2386
104.1776,0.6827,2.9452
104.1778,0.6425,2.7681
104.1780,0.6642,2.8603
104.1782,0.6877,2.9614
104.1784,0.6783,2.9207
104.1786,0.7111,3.0678
104.1788,0.5844,2.5211
104.1790,0.6256,2.694
104.1792,0.7183,3.0974
104.1794,0.6508,2.8037
104.1796,0.627,2.7034
104.1798,0.6111,2.6364
104.1800,0.5976,2.5756
104.1802,0.5954,2.5687
104.1804,0.6023,2.5981
104.1806,0.6134,2.6426
104.1808,0.6704,2.8893
104.1810,0.6059,2.6137
104.1812,0.5978,2.5766
104.1814,0.6378,2.75
104.1816,0.6292,2.712
104.1818,0.6337,2.7337
104.1820,0.5906,2.5456
104.1822,0.5967,2.5708
104.1824,0.7302,3.1428
104.1826,0.7885,3.3904
104.1828,0.7252,3.124
104.1830,0.6646,2.8618
104.1832,0.7271,3.1235
104.1834,0.8267,3.5516
104.1836,0.797,3.4334
104.1838,0.7204,3.1004
104.1840,0.7023,3.0239
104.1842,0.7168,3.0878
104.1844,0.7093,3.0544
104.1846,0.7037,3.0315
104.1848,0.6912,2.9792
104.1850,0.6766,2.9134
104.1852,0.7222,3.1038
104.1854,0.8346,3.5839
104.1856,0.8669,3.7259
104.1858,0.8542,3.6678
104.1860,0.8591,3.6889
104.1862,0.8658,3.7212
104.1864,0.8439,3.632
104.1866,0.7611,3.2713
104.1868,0.8036,3.4554
104.1870,0.7735,3.3229
104.1872,0.8158,3.5145
104.1874,0.7665,3.2945
104.1876,0.8422,3.6214
104.1878,0.8236,3.5448
104.1880,0.7055,3.0393
104.1882,0.65,2.7975
104.1884,0.725,3.1191
104.1886,0.769,3.3084
104.1888,0.8232,3.5366
104.1890,0.8385,3.6087
104.1892,0.7277,3.1363
104.1894,0.6632,2.8596
104.1896,0.5833,2.5164
104.1898,0.5529,2.3861
104.1900,0.5387,2.324
104.1902,0.5724,2.4671
104.1904,0.5965,2.5745
104.1906,0.5882,2.5376
104.1908,0.606,2.613
104.1910,0.6109,2.6329
104.1912,0.6029,2.5983
104.1914,0.6017,2.5907
104.1916,0.675,2.9094
104.1918,0.6734,2.8981
104.1920,0.7097,3.0559
104.1922,0.7447,3.2037
104.1924,0.7575,3.2574
104.1926,0.6764,2.9192
104.1928,0.5029,2.1724
104.1930,0.4753,2.0532
104.1932,0.4892,2.1114
104.1934,0.5053,2.1787
104.1936,0.5804,2.5005
104.1938,0.5821,2.5136
104.1940,0.4908,2.1191
104.1942,0.4873,2.105
104.1944,0.4872,2.1016
104.1946,0.4881,2.1047
104.1948,0.485,2.0952
104.1950,0.4863,2.1009
104.1952,0.4845,2.0921
104.1954,0.491,2.1172
104.1956,0.572,2.4644
104.1958,0.6566,2.8325
104.1960,0.531,2.2909
104.1962,0.4892,2.1123
104.1964,0.4833,2.087
104.1966,0.4875,2.1041
104.1968,0.4831,2.0859
104.1970,0.5014,2.1631
104.1972,0.5402,2.3291
104.1974,0.5931,2.5541
104.1976,0.6047,2.6073
104.1978,0.5797,2.4986
104.1980,0.6075,2.6112
104.1982,0.715,3.0729
104.1984,0.7464,3.2109
104.1986,0.7978,3.4274
104.1988,0.8355,3.5875
104.1990,0.8186,3.5182
104.1992,0.837,3.5908
104.1994,0.9042,3.8807
104.1996,0.8615,3.6958
104.1998,0.8978,3.857
104.2000,0.8497,3.6488
104.2002,0.8518,3.6575
104.2004,0.8605,3.6985
104.2006,0.8495,3.6494
104.2008,0.8355,3.5858
104.2010,0.8597,3.6932
104.2012,0.8156,3.502
104.2014,0.8108,3.4782
104.2016,0.9436,4.0481
104.2018,0.9638,4.1326
104.2020,0.953,4.0882
104.2022,0.9478,4.0661
104.2024,0.9363,4.0149
104.2026,0.9175,3.9415
104.2028,0.8358,3.5907
104.2030,0.8153,3.4994
104.2032,0.8901,3.8223
104.2034,0.9639,4.1331
104.2036,0.9791,4.2062
104.2038,0.8401,3.6076
104.2040,0.8933,3.8356
104.2042,0.9439,4.0473
104.2044,1.0152,4.3511
104.2046,0.9759,4.1884
104.2048,0.9689,4.1547
104.2050,0.9566,4.1037
104.2052,0.9421,4.0471
104.2054,0.8724,3.7426
104.2056,0.9008,3.8681
104.2058,0.8413,3.6144
104.2060,0.8547,3.6801
104.2062,0.7645,3.2903
104.2064,0.7634,3.2857
104.2066,0.7013,3.017
104.2068,0.7271,3.1279
104.2070,0.7748,3.3347
104.2072,0.7832,3.3693
104.2074,0.7545,3.249
104.2076,0.7473,3.2165
104.2078,0.7445,3.2012
104.2080,0.7142,3.0813
104.2082,0.6445,2.7764
104.2084,0.7343,3.1603
104.2086,0.7164,3.082
104.2088,0.7477,3.2226
104.2090,0.6614,2.8505
104.2092,0.6198,2.6761
104.2094,0.5334,2.3044
104.2096,0.531,2.293
104.2098,0.5184,2.2376
104.2100,0.5099,2.2029
104.2102,0.5409,2.3311
104.2104,0.5936,2.5573
104.2106,0.6368,2.7407
104.2108,0.7009,3.014
104.2110,0.7136,3.0787
104.2112,0.6518,2.8092
104.2114,0.6633,2.8574
104.2116,0.6168,2.6583
104.2118,0.596,2.5677
104.2120,0.6612,2.8487
104.2122,0.6374,2.7484
104.2124,0.5367,2.3174
104.2126,0.5035,2.178
104.2128,0.4207,1.8201
104.2130,0.4119,1.7776
104.2132,0.4535,1.9581
104.2134,0.4499,1.9434
104.2136,0.4423,1.9108
104.2138,0.443,1.9139
104.2140,0.4467,1.9282
104.2142,0.4464,1.9284
104.2144,0.4488,1.9388
104.2146,0.4436,1.9156
104.2148,0.4469,1.9305
104.2150,0.4477,1.9332
104.2152,0.4483,1.9367
104.2154,0.4515,1.9489
104.2156,0.4862,2.0965
104.2158,0.4978,2.1496
104.2160,0.4637,2.0021
104.2162,0.5123,2.2102
104.2164,0.5418,2.3353
104.2166,0.549,2.3674
104.2168,0.5519,2.3809
104.2170,0.5454,2.353
104.2172,0.5568,2.401
104.2174,0.5597,2.4123
104.2176,0.5595,2.4101
104.2178,0.5555,2.3942
104.2180,0.5849,2.5208
104.2182,0.5716,2.4634
104.2184,0.6403,2.7506
104.2186,0.8349,3.5799
104.2188,0.8805,3.7776
104.2190,0.8381,3.6038
104.2192,0.7437,3.1996
104.2194,0.6351,2.7373
104.2196,0.5566,2.4011
104.2198,0.5463,2.3566
104.2200,0.5523,2.3791
104.2202,0.5531,2.385
104.2204,0.5478,2.3633
104.2206,0.5343,2.3027
104.2208,0.5647,2.4329
104.2210,0.6135,2.6431
104.2212,0.5741,2.4766
104.2214,0.556,2.3963
104.2216,0.608,2.6169
104.2218,0.6479,2.7861
104.2220,0.7166,3.083
104.2222,0.72,3.0989
104.2224,0.6852,2.9492
104.2226,0.624,2.688
104.2228,0.5993,2.5804
104.2230,0.6479,2.79
104.2232,0.6313,2.7195
104.2234,0.6132,2.6403
104.2236,0.6069,2.611
104.2238,0.635,2.7343
104.2240,0.6089,2.6205
104.2242,0.6771,2.9155
104.2244,0.6765,2.9089
104.2246,0.6849,2.9518
104.2248,0.6038,2.6
104.2250,0.6288,2.7087
104.2252,0.6086,2.6183
104.2254,0.6555,2.8173
104.2256,0.7367,3.1691
104.2258,0.6895,2.9637
104.2260,0.6206,2.6748
104.2262,0.5441,2.3473
104.2264,0.521,2.2433
104.2266,0.573,2.4662
104.2268,0.6597,2.838
104.2270,0.6731,2.8971
104.2272,0.6682,2.8746
104.2274,0.6304,2.7159
104.2276,0.5928,2.5537
104.2278,0.6103,2.6291
104.2280,0.6047,2.6024
104.2282,0.6032,2.5999
104.2284,0.6081,2.6186
104.2286,0.6049,2.6035
104.2288,0.6334,2.725
104.2290,0.6441,2.7774
104.2292,0.5252,2.2645
104.2294,0.5079,2.1911
104.2296,0.5017,2.1632
104.2298,0.5037,2.173
104.2300,0.5042,2.174
104.2302,0.5406,2.328
104.2304,0.5752,2.4766
104.2306,0.6165,2.6548
104.2308,0.5917,2.5479
104.2310,0.6419,2.7565
104.2312,0.7199,3.0955
104.2314,0.7234,3.1104
104.2316,0.7077,3.0415
104.2318,0.7436,3.1946
104.2320,0.8085,3.4716
104.2322,0.8409,3.6056
104.2324,0.9669,4.144
104.2326,0.9079,3.8948
104.2328,0.8803,3.773
104.2330,0.9507,4.0785
104.2332,0.9241,3.9624
104.2334,0.908,3.8899
104.2336,0.9668,4.1474
104.2338,0.8892,3.8146
104.2340,0.9099,3.8981
104.2342,0.9612,4.1199
104.2344,0.9981,4.2776
104.2346,0.9771,4.1897
104.2348,0.8963,3.8485
104.2350,0.8282,3.5594
104.2352,0.8044,3.4541
104.2354,0.8134,3.4911
104.2356,0.8681,3.7258
104.2358,0.8647,3.7114
104.2360,0.8451,3.6304
104.2362,0.8303,3.567
104.2364,0.8262,3.5445
104.2366,0.8178,3.5167
104.2368,0.7518,3.2296
104.2370,0.7712,3.3131
104.2372,0.7867,3.3795
104.2374,0.7881,3.3857
104.2376,0.8365,3.5955
104.2378,0.7877,3.3857
104.2380,0.7853,3.3707
104.2382,0.8213,3.53
104.2384,0.8466,3.6303
104.2386,0.9652,4.1407
104.2388,0.8783,3.7678
104.2390,0.8434,3.6316
104.2392,0.7397,3.1835
104.2394,0.7479,3.2176
104.2396,0.7271,3.125
104.2398,0.7511,3.231
104.2400,0.726,3.1232
104.2402,0.7112,3.0569
104.2404,0.7581,3.26
104.2406,0.7581,3.263
104.2408,0.7176,3.0914
104.2410,0.6722,2.897
104.2412,0.6466,2.7857
104.2414,0.5981,2.5777
104.2416,0.6055,2.6109
104.2418,0.5845,2.5134
104.2420,0.7208,3.1025
104.2422,0.6804,2.9327
104.2424,0.6374,2.7446
104.2426,0.6428,2.7691
104.2428,0.6465,2.7838
104.2430,0.6861,2.9528
104.2432,0.6711,2.8897
104.2434,0.6068,2.6154
104.2436,0.6041,2.5987
104.2438,0.662,2.8491
104.2440,0.679,2.921
104.2442,0.6342,2.7345
104.2444,0.5796,2.5004
104.2446,0.5471,2.358
104.2448,0.5382,2.3219
104.2450,0.5424,2.3379
104.2452,0.6138,2.6392
104.2454,0.7118,3.0624
104.2456,0.727,3.1303
104.2458,0.7318,3.1436
104.2460,0.8416,3.6137
104.2462,0.8237,3.5387
104.2464,0.8552,3.669
104.2466,0.8945,3.8408
104.2468,0.7935,3.4121
104.2470,0.7053,3.0396
104.2472,0.5832,2.5159
104.2474,0.5737,2.4705
104.2476,0.6212,2.6774
104.2478,0.6327,2.7257
104.2480,0.6401,2.7552
104.2482,0.638,2.7459
104.2484,0.6219,2.6768
104.2486,0.6443,2.772
104.2488,0.6583,2.8397
104.2490,0.5566,2.4011
104.2492,0.5507,2.3724
104.2494,0.6306,2.7152
104.2496,0.6446,2.7743
104.2498,0.6421,2.7647
104.2500,0.6425,2.7668
104.2502,0.6482,2.7898
104.2504,0.6466,2.7831
104.2506,0.6515,2.8068
104.2508,0.6976,2.9982
104.2510,0.8093,3.4785
104.2512,0.7638,3.2842
104.2514,0.7145,3.0723
104.2516,0.7134,3.0677
104.2518,0.684,2.9413
104.2520,0.7732,3.3249
104.2522,0.7297,3.1421
104.2524,0.6354,2.7384
104.2526,0.6196,2.6707
104.2528,0.6087,2.6249
104.2530,0.6083,2.6204
104.2532,0.6079,2.6164
104.2534,0.6109,2.6305
104.2536,0.6128,2.64
104.2538,0.6087,2.6236
104.2540,0.6103,2.6304
104.2542,0.6081,2.6198
104.2544,0.611,2.631
104.2546,0.6072,2.6145
104.2548,0.6958,2.9877
104.2550,0.7676,3.2992
104.2552,0.819,3.5202
104.2554,0.7946,3.4151
104.2556,0.7427,3.192
104.2558,0.7632,3.2862
104.2560,0.6607,2.8448
104.2562,0.6457,2.7815
104.2564,0.5717,2.4662
104.2566,0.5473,2.3612
104.2568,0.5408,2.3306
104.2570,0.5394,2.326
104.2572,0.5418,2.3364
104.2574,0.6137,2.6424
104.2576,0.6321,2.7219
104.2578,0.5905,2.5451
104.2580,0.6005,2.5868
104.2582,0.5904,2.5434
104.2584,0.6208,2.6709
104.2586,0.6674,2.8723
104.2588,0.7063,3.0401
104.2590,0.677,2.915
104.2592,0.6078,2.6195
104.2594,0.5954,2.5687
104.2596,0.5538,2.3825
104.2598,0.64,2.7534
104.2600,0.6406,2.7573
104.2602,0.6133,2.647
104.2604,0.5071,2.1885
104.2606,0.5119,2.2061
104.2608,0.552,2.377
104.2610,0.6042,2.6064
104.2612,0.5555,2.3964
104.2614,0.5012,2.1631
104.2616,0.4809,2.0747
104.2618,0.5565,2.4006
104.2620,0.5044,2.1751
104.2622,0.5025,2.1698
104.2624,0.5053,2.1797
104.2626,0.5577,2.4013
104.2628,0.5972,2.5716
104.2630,0.6081,2.6198
104.2632,0.6126,2.639
104.2634,0.6381,2.7464
104.2636,0.661,2.841
104.2638,0.7385,3.1754
104.2640,0.7559,3.2502
104.2642,0.7651,3.2853
104.2644,0.7936,3.4078
104.2646,0.7873,3.3805
104.2648,0.7764,3.3337
104.2650,0.7967,3.4212
104.2652,0.8542,3.6661
104.2654,0.885,3.793
104.2656,0.9755,4.1752
104.2658,1.0437,4.4693
104.2660,0.9855,4.2217
104.2662,0.9833,4.2144
104.2664,0.978,4.1957
104.2666,0.9052,3.8871
104.2668,0.8429,3.6194
104.2670,0.8511,3.6527
104.2672,0.9614,4.1223
104.2674,0.9533,4.086
104.2676,1.0096,4.325
104.2678,0.9937,4.2591
104.2680,1.0056,4.304
104.2682,1.0323,4.4308
104.2684,0.9249,3.9679
104.2686,0.9424,4.0449
104.2688,0.8602,3.6987
104.2690,0.8208,3.523
104.2692,0.8699,3.7335
104.2694,0.8788,3.7716
104.2696,0.8921,3.8305
104.2698,0.8325,3.5746
104.2700,0.854,3.6673
104.2702,0.8847,3.7991
104.2704,0.8873,3.8099
104.2706,0.8604,3.6894
104.2708,0.9666,4.1449
104.2710,0.9403,4.0412
104.2712,0.8771,3.7661
104.2714,0.8724,3.7478
104.2716,0.8386,3.6093
104.2718,0.6964,2.9958
104.2720,0.7345,3.1569
104.2722,0.764,3.2867
104.2724,0.69,2.9713
104.2726,0.68,2.9238
104.2728,0.7265,3.1282
104.2730,0.715,3.0786
104.2732,0.7273,3.1304
104.2734,0.741,3.1877
104.2736,0.7063,3.0415
104.2738,0.6499,2.797
104.2740,0.614,2.6525
104.2742,0.491,2.1211
104.2744,0.5035,2.1709
104.2746,0.5638,2.431
104.2748,0.5749,2.4802
104.2750,0.585,2.5237
104.2752,0.5782,2.4942
104.2754,0.5017,2.1652
104.2756,0.4902,2.1145
104.2758,0.5044,2.1801
104.2760,0.4842,2.0906
104.2762,0.5319,2.2945
104.2764,0.5291,2.2805
104.2766,0.6277,2.7015
104.2768,0.7256,3.1231
104.2770,0.6718,2.8928
104.2772,0.6385,2.7544
104.2774,0.5225,2.2542
104.2776,0.496,2.1428
104.2778,0.4836,2.089
104.2780,0.4959,2.1403
104.2782,0.5361,2.3083
104.2784,0.6503,2.8043
104.2786,0.5935,2.5604
104.2788,0.5156,2.2231
104.2790,0.5073,2.1865
104.2792,0.5393,2.3255
104.2794,0.5598,2.4139
104.2796,0.5783,2.4947
104.2798,0.5356,2.3116
104.2800,0.4794,2.0689
104.2802,0.4544,1.9613
104.2804,0.468,2.0207
104.2806,0.4777,2.0607
104.2808,0.4735,2.0417
104.2810,0.4989,2.1523
104.2812,0.4828,2.082
104.2814,0.5282,2.2806
104.2816,0.4694,2.0279
104.2818,0.4659,2.01
104.2820,0.4876,2.1007
104.2822,0.5526,2.3796
104.2824,0.6372,2.7423
104.2826,0.5963,2.5687
104.2828,0.5719,2.465
104.2830,0.5732,2.4741
104.2832,0.5758,2.4804
104.2834,0.5718,2.4622
104.2836,0.6267,2.6987
104.2838,0.6609,2.8418
104.2840,0.7632,3.2831
104.2842,0.6804,2.9245
104.2844,0.7288,3.1322
104.2846,0.7917,3.4059
104.2848,0.743,3.1965
104.2850,0.6489,2.7955
104.2852,0.6345,2.7322
104.2854,0.6497,2.7965
104.2856,0.6326,2.7239
104.2858,0.6294,2.7088
104.2860,0.6777,2.9113
104.2862,0.7109,3.0611
104.2864,0.6767,2.9153
104.2866,0.6189,2.6651
104.2868,0.6183,2.6613
104.2870,0.6375,2.7438
104.2872,0.6647,2.8583
104.2874,0.7313,3.1459
104.2876,0.7375,3.1654
104.2878,0.7864,3.3785
104.2880,0.7603,3.2723
104.2882,0.7605,3.2642
104.2884,0.7952,3.4177
104.2886,0.765,3.2939
104.2888,0.6716,2.8931
104.2890,0.5933,2.5546
104.2892,0.5949,2.5642
104.2894,0.5722,2.4706
104.2896,0.4837,2.0866
104.2898,0.4815,2.0773
104.2900,0.4768,2.06
104.2902,0.464,2.0036
104.2904,0.4815,2.0744
104.2906,0.5568,2.401
104.2908,0.5226,2.2547
104.2910,0.5206,2.2459
104.2912,0.5475,2.3585
104.2914,0.5362,2.311
104.2916,0.5637,2.4305
104.2918,0.5688,2.4516
104.2920,0.5658,2.4375
104.2922,0.5419,2.338
104.2924,0.5273,2.2738
104.2926,0.532,2.2887
104.2928,0.6413,2.7604
104.2930,0.6085,2.6226
104.2932,0.5801,2.5036
104.2934,0.5067,2.1849
104.2936,0.4939,2.1296
104.2938,0.4933,2.128
104.2940,0.5042,2.171
104.2942,0.5471,2.3591
104.2944,0.4893,2.1109
104.2946,0.4852,2.0914
104.2948,0.4844,2.0897
104.2950,0.483,2.0844
104.2952,0.4826,2.081
104.2954,0.4819,2.0788
104.2956,0.4832,2.0845
104.2958,0.4843,2.0892
104.2960,0.4814,2.0739
104.2962,0.4857,2.0954
104.2964,0.4899,2.1135
104.2966,0.5129,2.2087
104.2968,0.5565,2.3939
104.2970,0.6282,2.7048
104.2972,0.5897,2.5403
104.2974,0.5755,2.4747
104.2976,0.6487,2.7879
104.2978,0.7186,3.0869
104.2980,0.753,3.2348
104.2982,0.7964,3.4181
104.2984,0.8223,3.5259
104.2986,0.8487,3.6407
104.2988,0.8778,3.7657
104.2990,0.8693,3.7257
104.2992,0.9403,4.0262
104.2994,0.9772,4.1863
104.2996,0.9724,4.1657
104.2998,1.0046,4.3079
104.3000,0.9226,3.9563
104.3002,0.9112,3.9038
104.3004,0.9151,3.9294
104.3006,0.8677,3.719
104.3008,0.9634,4.1233
104.3010,0.9695,4.1573
104.3012,0.9058,3.8861
104.3014,0.9124,3.9107
104.3016,0.9599,4.1142
104.3018,0.9213,3.9561
104.3020,0.8183,3.5155
104.3022,0.8188,3.5127
104.3024,0.8995,3.8534
104.3026,0.9027,3.8709
104.3028,0.8738,3.7522
104.3030,0.8964,3.8437
104.3032,0.9648,4.1334
104.3034,0.9596,4.1108
104.3036,1.0091,4.3189
104.3038,1.0706,4.5821
104.3040,1.0412,4.4585
104.3042,0.9177,3.9407
104.3044,0.9046,3.8827
104.3046,0.9126,3.9185
104.3048,0.8994,3.8637
104.3050,0.9002,3.8601
104.3052,0.9248,3.9674
104.3054,0.8785,3.7741
104.3056,0.7867,3.3827
104.3058,0.7917,3.4043
104.3060,0.7955,3.424
104.3062,0.7253,3.1172
104.3064,0.7712,3.3146
104.3066,0.7864,3.3785
104.3068,0.7731,3.3229
104.3070,0.7766,3.3425
104.3072,0.7129,3.0699
104.3074,0.6892,2.969
104.3076,0.6958,2.9946
104.3078,0.7301,3.1379
104.3080,0.7337,3.1562
104.3082,0.7242,3.1155
104.3084,0.7851,3.3697
104.3086,0.8778,3.7675
104.3088,0.8811,3.7836
104.3090,0.8886,3.8138
104.3092,0.8729,3.7499
104.3094,0.791,3.406
104.3096,0.6809,2.9334
104.3098,0.6753,2.9105
104.3100,0.6344,2.7342
104.3102,0.5797,2.4997
104.3104,0.6032,2.5999
104.3106,0.6059,2.6112
104.3108,0.644,2.7717
104.3110,0.6959,2.9952
104.3112,0.7526,3.2317
104.3114,0.8141,3.4991
104.3116,0.725,3.1235
104.3118,0.6725,2.8972
104.3120,0.6605,2.8442
104.3122,0.608,2.6266
104.3124,0.5102,2.204
104.3126,0.4731,2.042
104.3128,0.4782,2.0647
104.3130,0.472,2.0383
104.3132,0.5147,2.2206
104.3134,0.5307,2.2872
104.3136,0.5252,2.2656
104.3138,0.5268,2.2749
104.3140,0.5236,2.2578
104.3142,0.5226,2.2547
104.3144,0.5238,2.2609
104.3146,0.5652,2.4361
104.3148,0.6169,2.6575
104.3150,0.5784,2.4917
104.3152,0.6026,2.5949
104.3154,0.623,2.6851
104.3156,0.6325,2.7247
104.3158,0.6399,2.7567
104.3160,0.6312,2.719
104.3162,0.6362,2.7407
104.3164,0.6392,2.7523
104.3166,0.6398,2.7524
104.3168,0.693,2.98
104.3170,0.7808,3.3527
104.3172,0.827,3.5576
104.3174,0.7286,3.1331
104.3176,0.6971,3.0031
104.3178,0.6466,2.7831
104.3180,0.6994,3.0101
104.3182,0.6595,2.8409
104.3184,0.6151,2.6498
104.3186,0.6066,2.6131
104.3188,0.6036,2.599
104.3190,0.6024,2.5963
104.3192,0.6032,2.5975
104.3194,0.6694,2.8811
104.3196,0.7274,3.1251
104.3198,0.7491,3.2258
104.3200,0.6324,2.7217
104.3202,0.6248,2.6916
104.3204,0.6306,2.7177
104.3206,0.627,2.7022
104.3208,0.6142,2.6413
104.3210,0.7037,3.0273
104.3212,0.7126,3.0598
104.3214,0.7849,3.3749
104.3216,0.8106,3.4842
104.3218,0.7236,3.1187
104.3220,0.6018,2.5925
104.3222,0.6706,2.889
104.3224,0.6693,2.8833
104.3226,0.6762,2.9105
104.3228,0.683,2.9353
104.3230,0.7347,3.1609
104.3232,0.7289,3.1342
104.3234,0.7337,3.1562
104.3236,0.696,2.9929
104.3238,0.724,3.1188
104.3240,0.6449,2.7797
104.3242,0.6519,2.8045
104.3244,0.7096,3.0512
104.3246,0.6871,2.9589
104.3248,0.6388,2.7534
104.3250,0.5917,2.5455
104.3252,0.6688,2.8759
104.3254,0.6911,2.9745
104.3256,0.7045,3.0323
104.3258,0.7654,3.2853
104.3260,0.8712,3.7409
104.3262,0.8682,3.7298
104.3264,0.8463,3.6355
104.3266,0.8224,3.5297
104.3268,0.8406,3.613
104.3270,0.7345,3.1628
104.3272,0.73,3.1388
104.3274,0.7616,3.2749
104.3276,0.7086,3.0484
104.3278,0.6494,2.7962
104.3280,0.6886,2.9623
104.3282,0.6678,2.8811
104.3284,0.5015,2.1667
104.3286,0.4906,2.1185
104.3288,0.4838,2.089
104.3290,0.4765,2.0575
104.3292,0.4803,2.0731
104.3294,0.485,2.0923
104.3296,0.4903,2.116
104.3298,0.5226,2.2536
104.3300,0.5603,2.4137
104.3302,0.6258,2.697
104.3304,0.5919,2.5501
104.3306,0.597,2.5706
104.3308,0.6877,2.9587
104.3310,0.7387,3.175
104.3312,0.7398,3.1796
104.3314,0.7713,3.3151
104.3316,0.8067,3.4623
104.3318,0.8837,3.7909
104.3320,0.8822,3.7812
104.3322,0.9454,4.0539
104.3324,0.9657,4.1428
104.3326,0.9323,3.9998
104.3328,0.9037,3.8768
104.3330,0.9144,3.9208
104.3332,0.9573,4.1029
104.3334,0.9876,4.2349
104.3336,0.9178,3.9375
104.3338,0.954,4.091
104.3340,0.9695,4.1553
104.3342,0.9473,4.0622
104.3344,0.9635,4.1296
104.3346,0.9825,4.2128
104.3348,0.9724,4.1696
104.3350,0.9759,4.1865
104.3352,0.9781,4.1943
104.3354,1.0237,4.3856
104.3356,1.0539,4.5087
104.3358,1.0578,4.5293
104.3360,1.0816,4.6445
104.3362,0.9272,3.9851
104.3364,0.8062,3.4699
104.3366,0.7014,3.0231
104.3368,0.702,3.0229
104.3370,0.6983,3.0055
104.3372,0.7136,3.0701
104.3374,0.7724,3.3198
104.3376,0.7361,3.168
104.3378,0.6789,2.9232
104.3380,0.7532,3.2373
104.3382,0.7771,3.3414
104.3384,0.7168,3.085
104.3386,0.667,2.8775
104.3388,0.5657,2.4404
104.3390,0.6189,2.6663
104.3392,0.6521,2.8055
104.3394,0.6555,2.8226
104.3396,0.6252,2.6932
104.3398,0.6509,2.8068
104.3400,0.6085,2.6214
104.3402,0.6319,2.7209
104.3404,0.6689,2.8857
104.3406,0.553,2.3867
104.3408,0.5075,2.1895
104.3410,0.5286,2.2763
104.3412,0.6544,2.8205
104.3414,0.6375,2.7489
104.3416,0.631,2.7172
104.3418,0.6513,2.8045
104.3420,0.6008,2.5919
104.3422,0.5858,2.5261
104.3424,0.5973,2.5745
104.3426,0.5979,2.5747
104.3428,0.6659,2.8688
104.3430,0.6617,2.8494
104.3432,0.6089,2.6266
104.3434,0.5572,2.4025
104.3436,0.5589,2.4098
104.3438,0.5753,2.4806
104.3440,0.5622,2.422
104.3442,0.6062,2.6092
104.3444,0.6702,2.8901
104.3446,0.6242,2.6953
104.3448,0.529,2.281
104.3450,0.5818,2.5062
104.3452,0.5856,2.5274
104.3454,0.4815,2.0802
104.3456,0.4502,1.9432
104.3458,0.4584,1.9793
104.3460,0.5063,2.1843
104.3462,0.5821,2.5066
104.3464,0.6332,2.7291
104.3466,0.572,2.4689
104.3468,0.483,2.0864
104.3470,0.4557,1.967
104.3472,0.4544,1.9604
104.3474,0.4557,1.9661
104.3476,0.5127,2.2097
104.3478,0.5485,2.3642
104.3480,0.611,2.6347
104.3482,0.6037,2.6007
104.3484,0.6031,2.5945
104.3486,0.6816,2.9337
104.3488,0.6931,2.9833
104.3490,0.7049,3.0282
104.3492,0.7644,3.2822
104.3494,0.8139,3.4997
104.3496,0.7889,3.3909
104.3498,0.8075,3.4708
104.3500,0.7669,3.2976
104.3502,0.7353,3.1605
104.3504,0.7975,3.4275
104.3506,0.7248,3.1224
104.3508,0.6122,2.6337
104.3510,0.6604,2.849
104.3512,0.5591,2.4108
104.3514,0.5627,2.4252
104.3516,0.5813,2.5065
104.3518,0.5553,2.3943
104.3520,0.5571,2.4009
104.3522,0.5306,2.2867
104.3524,0.5304,2.2883
104.3526,0.5331,2.2976
104.3528,0.5918,2.5484
104.3530,0.5833,2.5164
104.3532,0.5216,2.25
104.3534,0.5196,2.2407
104.3536,0.4941,2.1306
104.3538,0.5186,2.235
104.3540,0.5881,2.5289
104.3542,0.6266,2.7006
104.3544,0.577,2.4879
104.3546,0.5978,2.5742
104.3548,0.5915,2.548
104.3550,0.5719,2.465
104.3552,0.5634,2.4306
104.3554,0.5018,2.1647
104.3556,0.4553,1.9658
104.3558,0.4533,1.9575
104.3560,0.4403,1.8993
104.3562,0.462,1.992
104.3564,0.5164,2.2288
104.3566,0.5024,2.1673
104.3568,0.494,2.1301
104.3570,0.4969,2.1425
104.3572,0.5307,2.2872
104.3574,0.5067,2.1849
104.3576,0.4993,2.1528
104.3578,0.5577,2.4024
104.3580,0.5795,2.4964
104.3582,0.5518,2.3793
104.3584,0.5449,2.3498
104.3586,0.5677,2.4424
104.3588,0.5947,2.5596
104.3590,0.625,2.6889
104.3592,0.5909,2.5478
104.3594,0.4854,2.0929
104.3596,0.4888,2.1098
104.3598,0.4939,2.1306
104.3600,0.5026,2.1683
104.3602,0.4856,2.0949
104.3604,0.53,2.2852
104.3606,0.5024,2.1673
104.3608,0.4876,2.1017
104.3610,0.4951,2.1337
104.3612,0.5237,2.2593
104.3614,0.5104,2.2009
104.3616,0.5599,2.41
104.3618,0.6087,2.6188
104.3620,0.6313,2.7157
104.3622,0.6788,2.9187
104.3624,0.6693,2.8806
104.3626,0.6453,2.7709
104.3628,0.713,3.0618
104.3630,0.747,3.209
104.3632,0.8225,3.5335
104.3634,0.7463,3.2089
104.3636,0.6963,2.9925
104.3638,0.7586,3.259
104.3640,0.8049,3.4514
104.3642,0.8405,3.6041
104.3644,0.8497,3.6437
104.3646,0.8579,3.6838
104.3648,0.8762,3.7538
104.3650,0.9605,4.1168
104.3652,0.9653,4.1412
104.3654,0.9212,3.9464
104.3656,0.9515,4.0706
104.3658,0.9785,4.19
104.3660,0.9621,4.1235
104.3662,0.9771,4.1897
104.3664,0.966,4.1385
104.3666,0.9846,4.2162
104.3668,0.9839,4.217
104.3670,0.9943,4.2597
104.3672,0.9747,4.1755
104.3674,0.9218,3.9508
104.3676,0.9394,4.032
104.3678,0.9082,3.8982
104.3680,0.9013,3.8683
104.3682,0.9108,3.909
104.3684,0.9265,3.9764
104.3686,0.8888,3.8166
104.3688,0.8289,3.5575
104.3690,0.8274,3.5497
104.3692,0.8399,3.6099
104.3694,0.7473,3.2151
104.3696,0.784,3.3698
104.3698,0.8297,3.5578
104.3700,0.9171,3.9381
104.3702,0.8755,3.7594
104.3704,0.8568,3.6723
104.3706,0.9079,3.8985
104.3708,0.847,3.642
104.3710,0.8622,3.7092
104.3712,0.7767,3.3368
104.3714,0.8404,3.6103
104.3716,0.7952,3.4177
104.3718,0.7664,3.2955
104.3720,0.7716,3.3131
104.3722,0.8485,3.6436
104.3724,0.8111,3.4895
104.3726,0.7331,3.1507
104.3728,0.738,3.1778
104.3730,0.691,2.9781
104.3732,0.616,2.6552
104.3734,0.6085,2.6214
104.3736,0.582,2.5072
104.3738,0.5797,2.4997
104.3740,0.5772,2.4866
104.3742,0.6717,2.8896
104.3744,0.7104,3.0576
104.3746,0.6713,2.888
104.3748,0.6764,2.9138
104.3750,0.5784,2.4941
104.3752,0.6063,2.6145
104.3754,0.5786,2.4928
104.3756,0.6109,2.6293
104.3758,0.6597,2.8406
104.3760,0.6477,2.7942
104.3762,0.577,2.4867
104.3764,0.5778,2.4915
104.3766,0.5706,2.4605
104.3768,0.5767,2.4857
104.3770,0.5839,2.519
104.3772,0.5202,2.2443
104.3774,0.4995,2.1549
104.3776,0.565,2.4384
104.3778,0.5319,2.2945
104.3780,0.5339,2.3033
104.3782,0.527,2.2723
104.3784,0.523,2.2562
104.3786,0.5213,2.248
104.3788,0.5241,2.2609
104.3790,0.5333,2.2975
104.3792,0.5622,2.4265
104.3794,0.5116,2.2081
104.3796,0.518,2.2335
104.3798,0.5417,2.3337
104.3800,0.5378,2.3188
104.3802,0.5399,2.3292
104.3804,0.5232,2.2562
104.3806,0.5163,2.2262
104.3808,0.5561,2.3957
104.3810,0.6238,2.685
104.3812,0.6699,2.8792
104.3814,0.7019,3.0196
104.3816,0.717,3.0817
104.3818,0.7544,3.241
104.3820,0.7535,3.2383
104.3822,0.7566,3.2517
104.3824,0.7445,3.2012
104.3826,0.7565,3.2543
104.3828,0.7776,3.3388
104.3830,0.869,3.7247
104.3832,0.9153,3.9285
104.3834,0.8404,3.6086
104.3836,0.8539,3.6651
104.3838,0.8833,3.7911
104.3840,0.8194,3.5234
104.3842,0.7892,3.3935
104.3844,0.7699,3.3105
104.3846,0.722,3.1033
104.3848,0.7123,3.063
104.3850,0.7642,3.2847
104.3852,0.7662,3.296
104.3854,0.7217,3.1032
104.3856,0.7441,3.1996
104.3858,0.7542,3.246
104.3860,0.6499,2.8009
104.3862,0.6285,2.7051
104.3864,0.6889,2.9625
104.3866,0.7106,3.0572
104.3868,0.7236,3.1115
104.3870,0.7514,3.2371
104.3872,0.5963,2.5675
104.3874,0.6688,2.8745
104.3876,0.7814,3.36
104.3878,0.7741,3.3254
104.3880,0.7995,3.4346
104.3882,0.7419,3.1948
104.3884,0.6551,2.8236
104.3886,0.6286,2.7069
104.3888,0.6146,2.649
104.3890,0.5905,2.5463
104.3892,0.5906,2.5444
104.3894,0.5864,2.524
104.3896,0.6186,2.6635
104.3898,0.5888,2.5355
104.3900,0.5845,2.5181
104.3902,0.617,2.6568
104.3904,0.6416,2.764
104.3906,0.6037,2.6031
104.3908,0.633,2.7255
104.3910,0.6824,2.9368
104.3912,0.6424,2.7624
104.3914,0.6802,2.9289
104.3916,0.6622,2.8528
104.3918,0.5806,2.5045
104.3920,0.5032,2.1709
104.3922,0.4991,2.1553
104.3924,0.4958,2.1388
104.3926,0.4891,2.1099
104.3928,0.4833,2.0841
104.3930,0.5235,2.2562
104.3932,0.5639,2.4304
104.3934,0.5156,2.219
104.3936,0.5924,2.5557
104.3938,0.5139,2.218
104.3940,0.4931,2.1245
104.3942,0.6141,2.642
104.3944,0.59,2.5454
104.3946,0.4875,2.1041
104.3948,0.4807,2.0737
104.3950,0.4779,2.0627
104.3952,0.4821,2.0779
104.3954,0.479,2.0655
104.3956,0.4845,2.0902
104.3958,0.4858,2.0969
104.3960,0.4931,2.1274
104.3962,0.5309,2.2861
104.3964,0.5892,2.5371
104.3966,0.6113,2.6333
104.3968,0.5748,2.4751
104.3970,0.5886,2.5309
104.3972,0.6994,3.0045
104.3974,0.7308,3.1409
104.3976,0.7676,3.2945
104.3978,0.8395,3.6
104.3980,0.8585,3.6829
104.3982,0.8662,3.7176
104.3984,0.8543,3.6615
104.3986,0.8828,3.782
104.3988,0.9713,4.165
104.3990,0.9786,4.1944
104.3992,0.979,4.1901
104.3994,0.9834,4.211
104.3996,0.9882,4.2355
104.3998,0.9767,4.1881
104.4000,0.9116,3.9071
104.4002,0.9726,4.1687
104.4004,0.9505,4.0755
104.4006,0.9556,4.0957
104.4008,0.9975,4.2751
104.4010,1.0055,4.3075
104.4012,0.9827,4.2079
104.4014,1.0032,4.2977
104.4016,1.0063,4.3111
104.4018,1.0502,4.4928
104.4020,1.1079,4.7373
104.4022,1.1371,4.8647
104.4024,1.1027,4.7152
104.4026,1.1427,4.8951
104.4028,1.0337,4.4365
104.4030,0.8924,3.8285
104.4032,0.9057,3.8892
104.4034,0.9214,3.9511
104.4036,0.9347,4.0213
104.4038,0.7993,3.4352
104.4040,0.8344,3.5829
104.4042,0.8186,3.5231
104.4044,0.7002,3.0123
104.4046,0.7491,3.2228
104.4048,0.747,3.212
104.4050,0.7176,3.0929
104.4052,0.6771,2.9168
104.4054,0.6379,2.7479
104.4056,0.594,2.5577
104.4058,0.6128,2.64
104.4060,0.683,2.934
104.4062,0.7446,3.2047
104.4064,0.724,3.1246
104.4066,0.5454,2.3552
104.4068,0.5286,2.2806
104.4070,0.5598,2.415
104.4072,0.5951,2.5647
104.4074,0.6567,2.8264
104.4076,0.6652,2.8644
104.4078,0.7111,3.0593
104.4080,0.7327,3.1521
104.4082,0.7476,3.2176
104.4084,0.7471,3.2155
104.4086,0.664,2.8592
104.4088,0.631,2.7223
104.4090,0.5967,2.572
104.4092,0.5975,2.5763
104.4094,0.5312,2.2904
104.4096,0.5187,2.2397
104.4098,0.4928,2.1298
104.4100,0.4192,1.8125
104.4102,0.4111,1.7769
104.4104,0.4122,1.78
104.4106,0.5362,2.311
104.4108,0.6301,2.7131
104.4110,0.5657,2.4415
104.4112,0.4838,2.0881
104.4114,0.4638,2.0026
104.4116,0.4584,1.9784
104.4118,0.4584,1.9811
104.4120,0.4601,1.9874
104.4122,0.4584,1.9784
104.4124,0.4565,1.9692
104.4126,0.4569,1.9731
104.4128,0.4508,1.9458
104.4130,0.4464,1.9248
104.4132,0.4434,1.9154
104.4134,0.4417,1.9073
104.4136,0.4917,2.1193
104.4138,0.5651,2.4367
104.4140,0.5616,2.4228
104.4142,0.5397,2.326
104.4144,0.543,2.3415
104.4146,0.5554,2.3948
104.4148,0.552,2.3781
104.4150,0.5514,2.3777
104.4152,0.5655,2.4371
104.4154,0.6181,2.6627
104.4156,0.5677,2.4469
104.4158,0.5595,2.4124
104.4160,0.5917,2.5503
104.4162,0.5719,2.4627
104.4164,0.5556,2.3914
104.4166,0.631,2.7147
104.4168,0.6967,2.9974
104.4170,0.7241,3.1121
104.4172,0.7169,3.084
104.4174,0.6828,2.9416
104.4176,0.5826,2.5122
104.4178,0.5219,2.2505
104.4180,0.5105,2.2004
104.4182,0.5053,2.1777
104.4184,0.5037,2.173
104.4186,0.5115,2.2076
104.4188,0.5126,2.2112
104.4190,0.5097,2.1968
104.4192,0.5039,2.173
104.4194,0.5013,2.1616
104.4196,0.517,2.2304
104.4198,0.5055,2.1787
104.4200,0.5014,2.1601
104.4202,0.5087,2.1927
104.4204,0.5717,2.4628
104.4206,0.5862,2.523
104.4208,0.6186,2.6623
104.4210,0.6067,2.6124
104.4212,0.6364,2.7328
104.4214,0.6923,2.9769
104.4216,0.712,3.0643
104.4218,0.6531,2.8135
104.4220,0.5595,2.4135
104.4222,0.5419,2.3358
104.4224,0.5783,2.4901
104.4226,0.6457,2.7776
104.4228,0.6109,2.6281
104.4230,0.6562,2.8243
104.4232,0.6825,2.9333
104.4234,0.7204,3.099
104.4236,0.7228,3.1093
104.4238,0.7127,3.0631
104.4240,0.6994,3.0101
104.4242,0.6633,2.8601
104.4244,0.5443,2.345
104.4246,0.5554,2.3937
104.4248,0.5759,2.4809
104.4250,0.6059,2.6052
104.4252,0.6487,2.7918
104.4254,0.6427,2.7673
104.4256,0.6035,2.5985
104.4258,0.5995,2.5815
104.4260,0.5996,2.582
104.4262,0.6505,2.7931
104.4264,0.7409,3.1842
104.4266,0.6321,2.7232
104.4268,0.5767,2.4857
104.4270,0.5018,2.1637
104.4272,0.4891,2.1099
104.4274,0.4878,2.1032
104.4276,0.4921,2.1198
104.4278,0.537,2.3135
104.4280,0.5705,2.4577
104.4282,0.5762,2.4824
104.4284,0.5741,2.472
104.4286,0.6121,2.6357
104.4288,0.5975,2.5739
104.4290,0.608,2.6181
104.4292,0.5767,2.4822
104.4294,0.5909,2.5419
104.4296,0.6163,2.6537
104.4298,0.5777,2.484
104.4300,0.6392,2.746
104.4302,0.7127,3.0646
104.4304,0.7277,3.1261
104.4306,0.7668,3.2894
104.4308,0.8238,3.531
104.4310,0.8618,3.6956
104.4312,0.9213,3.9469
104.4314,0.9622,4.124
104.4316,0.9543,4.0843
104.4318,0.9835,4.2155
104.4320,0.994,4.2602
104.4322,0.967,4.1407
104.4324,0.9865,4.2263
104.4326,0.9717,4.1646
104.4328,0.9479,4.0609
104.4330,0.9705,4.1575
104.4332,0.9875,4.2383
104.4334,0.9267,3.9774
104.4336,0.8362,3.5906
104.4338,0.8418,3.6165
104.4340,0.8731,3.7474
104.4342,0.8085,3.4668
104.4344,0.8606,3.6939
104.4346,0.8431,3.6171
104.4348,0.8507,3.6546
104.4350,0.8266,3.5527
104.4352,0.8288,3.557
104.4354,0.8586,3.6834
104.4356,0.8552,3.6793
104.4358,0.7653,3.2848
104.4360,0.8127,3.4913
104.4362,0.7873,3.3852
104.4364,0.7959,3.4176
104.4366,0.8365,3.5938
104.4368,0.8339,3.5791
104.4370,0.8235,3.5377
104.4372,0.7909,3.4007
104.4374,0.7515,3.2316
104.4376,0.727,3.1303
104.4378,0.6725,2.8959
104.4380,0.6578,2.8337
104.4382,0.6457,2.7776
104.4384,0.7344,3.1593
104.4386,0.7835,3.3693
104.4388,0.7579,3.2574
104.4390,0.7449,3.2032
104.4392,0.7018,3.0233
104.4394,0.6789,2.9246
104.4396,0.6635,2.8572
104.4398,0.6483,2.7942
104.4400,0.609,2.6247
104.4402,0.6368,2.742
104.4404,0.6489,2.7942
104.4406,0.6018,2.5925
104.4408,0.6304,2.7159
104.4410,0.6586,2.8347
104.4412,0.7098,3.0564
104.4414,0.6566,2.8272
104.4416,0.6904,2.9742
104.4418,0.6271,2.6989
104.4420,0.6461,2.781
104.4422,0.6816,2.9297
104.4424,0.7981,3.43
104.4426,0.823,3.5372
104.4428,0.7342,3.1657
104.4430,0.588,2.5366
104.4432,0.5584,2.4088
104.4434,0.5437,2.3403
104.4436,0.6105,2.6302
104.4438,0.6153,2.6471
104.4440,0.6273,2.7037
104.4442,0.5641,2.4325
104.4444,0.6098,2.6234
104.4446,0.6633,2.8561
104.4448,0.6538,2.8166
104.4450,0.6609,2.8445
104.4452,0.6489,2.7955
104.4454,0.6301,2.7106
104.4456,0.6848,2.9499
104.4458,0.6042,2.6064
104.4460,0.5452,2.3476
104.4462,0.627,2.7009
104.4464,0.6568,2.8296
104.4466,0.6373,2.7454
104.4468,0.668,2.8736
104.4470,0.7254,3.1178
104.4472,0.7117,3.0619
104.4474,0.6748,2.903
104.4476,0.7003,3.0143
104.4478,0.6846,2.9439
104.4480,0.728,3.132
104.4482,0.7217,3.1061
104.4484,0.6833,2.941
104.4486,0.7484,3.2137
104.4488,0.7503,3.2249
104.4490,0.6862,2.9506
104.4492,0.6789,2.9219
104.4494,0.6325,2.7272
104.4496,0.6223,2.6808
104.4498,0.6186,2.6635
104.4500,0.6158,2.6492
104.4502,0.7141,3.0679
104.4504,0.7905,3.3976
104.4506,0.7273,3.1333
104.4508,0.6302,2.7136
104.4510,0.613,2.641
104.4512,0.6146,2.6477
104.4514,0.6225,2.6818
104.4516,0.6236,2.6865
104.4518,0.6188,2.6658
104.4520,0.6211,2.6731
104.4522,0.6272,2.7007
104.4524,0.6032,2.5999
104.4526,0.6624,2.8565
104.4528,0.5949,2.5642
104.4530,0.5506,2.3752
104.4532,0.5417,2.3369
104.4534,0.5585,2.4038
104.4536,0.6837,2.9357
104.4538,0.8382,3.5977
104.4540,0.8477,3.6417
104.4542,0.7579,3.262
104.4544,0.6226,2.6861
104.4546,0.5485,2.3664
104.4548,0.5423,2.3384
104.4550,0.5402,2.3281
104.4552,0.5352,2.3069
104.4554,0.533,2.2992
104.4556,0.5272,2.2733
104.4558,0.5586,2.4065
104.4560,0.581,2.5031
104.4562,0.5771,2.4872
104.4564,0.583,2.5125
104.4566,0.612,2.6339
104.4568,0.6256,2.6915
104.4570,0.6621,2.8523
104.4572,0.6425,2.7629
104.4574,0.6788,2.9214
104.4576,0.6943,2.9829
104.4578,0.7549,3.2475
104.4580,0.6933,2.9838
104.4582,0.7214,3.1065
104.4584,0.6584,2.8363
104.4586,0.5668,2.4462
104.4588,0.4867,2.0995
104.4590,0.4976,2.1466
104.4592,0.5054,2.1762
104.4594,0.5485,2.3664
104.4596,0.4959,2.1403
104.4598,0.4735,2.0426
104.4600,0.4753,2.0485
104.4602,0.5421,2.3374
104.4604,0.5265,2.2691
104.4606,0.5078,2.1885
104.4608,0.4935,2.126
104.4610,0.5425,2.3373
104.4612,0.6135,2.6394
104.4614,0.6587,2.8352
104.4616,0.6254,2.6917
104.4618,0.6194,2.6672
104.4620,0.6437,2.7733
104.4622,0.6172,2.6566
104.4624,0.6786,2.9168
104.4626,0.7647,3.2837
104.4628,0.7828,3.3615
104.4630,0.7801,3.3574
104.4632,0.7056,3.0299
104.4634,0.7603,3.2677
104.4636,0.7905,3.3944
104.4638,0.8497,3.6437
104.4640,0.864,3.7031
104.4642,0.9292,3.979
104.4644,1.003,4.3007
104.4646,0.9664,4.1439
104.4648,0.9281,3.978
104.4650,0.9797,4.1971
104.4652,0.974,4.1744
104.4654,0.9634,4.1272
104.4656,0.9596,4.1088
104.4658,0.9745,4.1769
104.4660,0.9795,4.2
104.4662,0.9801,4.1986
104.4664,0.9802,4.2011
104.4666,0.9696,4.1539
104.4668,0.9652,4.1349
104.4670,0.9481,4.0652
104.4672,0.9357,4.016
104.4674,0.9174,3.9336
104.4676,0.9357,4.0142
104.4678,0.9133,3.9235
104.4680,0.9044,3.8817
104.4682,0.9315,3.9924
104.4684,0.9442,4.0507
104.4686,0.8656,3.715
104.4688,0.8889,3.8189
104.4690,0.8849,3.7961
104.4692,0.8929,3.8359
104.4694,0.8464,3.636
104.4696,0.8082,3.4674
104.4698,0.8588,3.6999
104.4700,0.6671,2.874
104.4702,0.6386,2.751
104.4704,0.6375,2.7438
104.4706,0.6894,2.9687
104.4708,0.627,2.7022
104.4710,0.6387,2.7503
104.4712,0.6698,2.8813
104.4714,0.675,2.9067
104.4716,0.6851,2.9473
104.4718,0.6814,2.9368
104.4720,0.5963,2.5711
104.4722,0.6171,2.6561
104.4724,0.6584,2.8363
104.4726,0.6331,2.7235
104.4728,0.6785,2.9217
104.4730,0.6982,3.0022
104.4732,0.7042,3.0336
104.4734,0.6126,2.6426
104.4736,0.5916,2.5509
104.4738,0.6258,2.6958
104.4740,0.6521,2.8107
104.4742,0.6047,2.6061
104.4744,0.5884,2.537
104.4746,0.5732,2.4707
104.4748,0.5288,2.28
104.4750,0.5153,2.2252
104.4752,0.5096,2.2014
104.4754,0.4512,1.9491
104.4756,0.4356,1.8827
104.4758,0.4078,1.7632
104.4760,0.4015,1.7339
104.4762,0.4671,2.0161
104.4764,0.4632,2.0009
104.4766,0.4928,2.1249
104.4768,0.5348,2.3091
104.4770,0.4657,2.0118
104.4772,0.4485,1.9368
104.4774,0.441,1.9051
104.4776,0.4397,1.8976
104.4778,0.5054,2.1822
104.4780,0.4656,2.0094
104.4782,0.4502,1.9441
104.4784,0.4432,1.9135
104.4786,0.4376,1.8906
104.4788,0.4355,1.8795
104.4790,0.4906,2.1176
104.4792,0.4977,2.1501
104.4794,0.4464,1.9257
104.4796,0.4326,1.8688
104.4798,0.4322,1.8647
104.4800,0.4843,2.0872
104.4802,0.5464,2.3549
104.4804,0.577,2.4879
104.4806,0.5569,2.4015
104.4808,0.5592,2.4091
104.4810,0.5909,2.5431
104.4812,0.6554,2.8207
104.4814,0.6615,2.8457
104.4816,0.6641,2.8558
104.4818,0.6755,2.9047
104.4820,0.6928,2.9804
104.4822,0.6953,2.9884
104.4824,0.7139,3.0683
104.4826,0.7922,3.4
104.4828,0.8404,3.6069
104.4830,0.7991,3.4315
104.4832,0.8117,3.4839
104.4834,0.8776,3.7612
104.4836,0.8892,3.8146
104.4838,0.8641,3.7071
104.4840,0.8677,3.726
104.4842,0.8286,3.5615
104.4844,0.8013,3.4408
104.4846,0.8329,3.575
104.4848,0.813,3.4912
104.4850,0.7753,3.3321
104.4852,0.7868,3.38
104.4854,0.8157,3.5042
104.4856,0.7882,3.3878
104.4858,0.7476,3.2191
104.4860,0.5542,2.3874
104.4862,0.5553,2.3909
104.4864,0.6662,2.8618
104.4866,0.6979,3.0095
104.4868,0.5657,2.4381
104.4870,0.6077,2.6153
104.4872,0.6366,2.7461
104.4874,0.5286,2.2816
104.4876,0.5044,2.173
104.4878,0.5575,2.3985
104.4880,0.6204,2.675
104.4882,0.5177,2.2325
104.4884,0.5442,2.3456
104.4886,0.5621,2.4271
104.4888,0.5099,2.1968
104.4890,0.6073,2.6174
104.4892,0.5422,2.3379
104.4894,0.5695,2.4547
104.4896,0.53,2.2852
104.4898,0.5063,2.1854
104.4900,0.5085,2.1937
104.4902,0.5156,2.2211
104.4904,0.5382,2.3198
104.4906,0.5562,2.4006
104.4908,0.4923,2.1228
104.4910,0.4822,2.0785
104.4912,0.4914,2.1197
104.4914,0.4834,2.0856
104.4916,0.4891,2.1089
104.4918,0.5005,2.158
104.4920,0.5008,2.1606
104.4922,0.4985,2.1487
104.4924,0.5284,2.2742
104.4926,0.5752,2.4755
104.4928,0.6219,2.6792
104.4930,0.6014,2.5885
104.4932,0.5983,2.5751
104.4934,0.5843,2.5147
104.4936,0.5788,2.4921
104.4938,0.582,2.5084
104.4940,0.6089,2.6193
104.4942,0.6605,2.839
104.4944,0.6741,2.9039
104.4946,0.6123,2.6379
104.4948,0.5975,2.5715
104.4950,0.5967,2.5696
104.4952,0.6518,2.8026
104.4954,0.7247,3.1118
104.4956,0.7774,3.3445
104.4958,0.6943,2.9885
104.4960,0.6711,2.883
104.4962,0.7365,3.1583
104.4964,0.8058,3.4555
104.4966,0.829,3.5597
104.4968,0.8246,3.5373
104.4970,0.8568,3.6774
104.4972,0.8564,3.6776
104.4974,0.8412,3.6055
104.4976,0.9169,3.9261
104.4978,1.0064,4.3096
104.4980,1.0147,4.3511
104.4982,0.9117,3.9113
104.4984,0.8907,3.8177
104.4986,0.9085,3.8974
104.4988,0.9265,3.9746
104.4990,0.9183,3.9341
104.4992,0.959,4.1101
104.4994,0.9682,4.1497
104.4996,0.9765,4.1851
104.4998,0.9813,4.2037
104.5000,1.0066,4.3141
104.5002,1.0533,4.5082
104.5004,1.0749,4.6028
104.5006,1.0581,4.5266
104.5008,1.1304,4.8359
104.5010,1.12,4.7891
104.5012,1.1008,4.7136
104.5014,1.0709,4.5879
104.5016,1.0795,4.6201
104.5018,1.0094,4.3305
104.5020,0.9332,4.0034
104.5022,0.9412,4.0359
104.5024,0.863,3.7076
104.5026,0.824,3.5381
104.5028,0.867,3.7246
104.5030,0.8776,3.77
104.5032,0.8808,3.7821
104.5034,0.8856,3.7974
104.5036,1.0049,4.311
104.5038,0.9875,4.2364
104.5040,0.8871,3.8112
104.5042,0.7868,3.3832
104.5044,0.8074,3.4686
104.5046,0.8618,3.7042
104.5048,0.8768,3.7634
104.5050,0.9187,3.9411
104.5052,0.9224,3.9608
104.5054,0.8966,3.8519
104.5056,0.8825,3.8017
104.5058,0.7194,3.0992
104.5060,0.6889,2.9652
104.5062,0.7294,3.1391
104.5064,0.7582,3.2635
104.5066,0.768,3.3007
104.5068,0.7989,3.4321
104.5070,0.8385,3.597
104.5072,0.9905,4.2453
104.5074,1.0441,4.475
104.5076,1.0289,4.4138
104.5078,0.993,4.26
104.5080,0.97,4.1593
104.5082,0.9707,4.1624
104.5084,0.9267,3.9867
104.5086,0.8658,3.7212
104.5088,0.86,3.6879
104.5090,0.9544,4.0906
104.5092,0.9576,4.114
104.5094,0.9014,3.8689
104.5096,0.9683,4.1463
104.5098,1.0606,4.548
104.5100,1.0031,4.2992
104.5102,1.007,4.3222
104.5104,0.9296,3.9972
104.5106,0.827,3.5592
104.5108,0.7646,3.2924
104.5110,0.7542,3.2505
104.5112,0.7312,3.1498
104.5114,0.7138,3.0735
104.5116,0.6857,2.954
104.5118,0.6977,3.0043
104.5120,0.7024,3.0244
104.5122,0.694,2.9911
104.5124,0.6928,2.9845
104.5126,0.697,3.0026
104.5128,0.7182,3.0883
104.5130,0.7761,3.3404
104.5132,0.7628,3.2862
104.5134,0.7175,3.0924
104.5136,0.672,2.9019
104.5138,0.6144,2.6492
104.5140,0.6168,2.657
104.5142,0.7087,3.0546
104.5144,0.7265,3.1253
104.5146,0.7774,3.343
104.5148,0.7759,3.3394
104.5150,0.7736,3.328
104.5152,0.758,3.2579
104.5154,0.8327,3.579
104.5156,0.8489,3.6519
104.5158,0.8421,3.6158
104.5160,0.8688,3.7306
104.5162,0.9055,3.8845
104.5164,0.9979,4.2771
104.5166,0.9677,4.1592
104.5168,0.8503,3.6598
104.5170,0.771,3.3182
104.5172,0.7569,3.2578
104.5174,0.7617,3.2815
104.5176,0.7553,3.2521
104.5178,0.7574,3.2569
104.5180,0.7744,3.3301
104.5182,0.7738,3.3306
104.5184,0.8387,3.6115
104.5186,0.7542,3.2429
104.5188,0.7905,3.4023
104.5190,0.7524,3.2412
104.5192,0.7108,3.062
104.5194,0.7632,3.2816
104.5196,0.7669,3.3022
104.5198,0.7255,3.1212
104.5200,0.7761,3.3404
104.5202,0.7809,3.361
104.5204,0.7497,3.2269
104.5206,0.737,3.1751
104.5208,0.7123,3.0659
104.5210,0.7448,3.2027
104.5212,0.7551,3.2501
104.5214,0.7588,3.2691
104.5216,0.7598,3.2702
104.5218,0.7627,3.2811
104.5220,0.7898,3.4008
104.5222,0.7585,3.2615
104.5224,0.8558,3.675
104.5226,0.8958,3.8429
104.5228,0.9395,4.0325
104.5230,0.9287,3.9899
104.5232,0.9406,4.0353
104.5234,0.9969,4.2785
104.5236,0.978,4.2055
104.5238,0.8248,3.5499
104.5240,0.766,3.2894
104.5242,0.8873,3.8135
104.5244,0.8469,3.6415
104.5246,0.7569,3.2639
104.5248,0.6535,2.8164
104.5250,0.6957,2.9955
104.5252,0.7547,3.248
104.5254,0.7295,3.1411
104.5256,0.71,3.0617
104.5258,0.6437,2.7733
104.5260,0.6943,2.9871
104.5262,0.7682,3.3094
104.5264,0.6889,2.9707
104.5266,0.6346,2.7378
104.5268,0.6171,2.6573
104.5270,0.6704,2.8879
104.5272,0.6545,2.8197
104.5274,0.682,2.938
104.5276,0.6897,2.9711
104.5278,0.6778,2.9172
104.5280,0.6876,2.9637
104.5282,0.6695,2.887
104.5284,0.6736,2.9019
104.5286,0.7019,3.0196
104.5288,0.7375,3.1772
104.5290,0.733,3.1546
104.5292,0.7417,3.1893
104.5294,0.8134,3.496
104.5296,0.8535,3.6681
104.5298,0.868,3.7288
104.5300,0.8298,3.5666
104.5302,0.8561,3.6778
104.5304,0.8959,3.847
104.5306,0.8566,3.6815
104.5308,0.8879,3.8072
104.5310,0.9843,4.2245
104.5312,0.9859,4.2336
104.5314,0.979,4.1999
104.5316,0.9852,4.2246
104.5318,0.9891,4.245
104.5320,0.9592,4.115
104.5322,0.9609,4.126
104.5324,0.9707,4.1644
104.5326,0.99,4.2472
104.5328,1.0159,4.3583
104.5330,1.0377,4.4519
104.5332,1.0634,4.5556
104.5334,1.1114,4.7633
104.5336,1.0892,4.6704
104.5338,1.0003,4.2874
104.5340,1.0407,4.4648
104.5342,1.0398,4.4606
104.5344,1.0543,4.5229
104.5346,1.0742,4.6126
104.5348,0.9409,4.0476
104.5350,0.7921,3.4106
104.5352,0.7303,3.1462
104.5354,0.7764,3.3399
104.5356,0.7825,3.3693
104.5358,0.7594,3.2717
104.5360,0.7387,3.1809
104.5362,0.7202,3.1042
104.5364,0.7097,3.0545
104.5366,0.7357,3.1694
104.5368,0.6873,2.9635
104.5370,0.6905,2.9747
104.5372,0.7007,3.0228
104.5374,0.6134,2.6487
104.5376,0.6513,2.8097
104.5378,0.6352,2.7378
104.5380,0.6491,2.7978
104.5382,0.6875,2.9659
104.5384,0.6296,2.7161
104.5386,0.625,2.6952
104.5388,0.5978,2.5826
104.5390,0.5318,2.2961
104.5392,0.5966,2.5774
104.5394,0.5532,2.3888
104.5396,0.5784,2.4929
104.5398,0.6659,2.8675
104.5400,0.7289,3.1371
104.5402,0.7539,3.2479
104.5404,0.7303,3.1418
104.5406,0.7657,3.2955
104.5408,0.8021,3.4492
104.5410,0.8314,3.575
104.5412,0.8317,3.5798
104.5414,0.7682,3.3079
104.5416,0.706,3.0399
104.5418,0.7151,3.0835
104.5420,0.7047,3.0371
104.5422,0.7364,3.1681
104.5424,0.7853,3.3833
104.5426,0.8008,3.4499
104.5428,0.7624,3.2816
104.5430,0.7515,3.2331
104.5432,0.7828,3.3677
104.5434,0.759,3.2636
104.5436,0.7659,3.3011
104.5438,0.713,3.0732
104.5440,0.7214,3.108
104.5442,0.7051,3.0405
104.5444,0.6503,2.803
104.5446,0.6458,2.7846
104.5448,0.6072,2.6206
104.5450,0.5333,2.3007
104.5452,0.5322,2.2971
104.5454,0.5592,2.4147
104.5456,0.6085,2.6214
104.5458,0.7501,3.2269
104.5460,0.7465,3.2114
104.5462,0.7398,3.1826
104.5464,0.7639,3.2878
104.5466,0.747,3.2195
104.5468,0.679,2.9265
104.5470,0.6711,2.8924
104.5472,0.6653,2.8689
104.5474,0.6798,2.9274
104.5476,0.7332,3.1557
104.5478,0.7672,3.2976
104.5480,0.8411,3.6117
104.5482,0.8828,3.7997
104.5484,0.6891,2.9699
104.5486,0.649,2.7973
104.5488,0.7001,3.0146
104.5490,0.7507,3.2295
104.5492,0.8068,3.4741
104.5494,0.7627,3.2811
104.5496,0.791,3.4044
104.5498,0.7078,3.0491
104.5500,0.6463,2.7841
104.5502,0.6364,2.7443
104.5504,0.634,2.7352
104.5506,0.6346,2.7353
104.5508,0.629,2.7122
104.5510,0.6298,2.7159
104.5512,0.641,2.7627
104.5514,0.6447,2.7761
104.5516,0.5619,2.4261
104.5518,0.5622,2.4231
104.5520,0.6202,2.6745
104.5522,0.6258,2.6958
104.5524,0.6807,2.9323
104.5526,0.6497,2.7991
104.5528,0.6494,2.7975
104.5530,0.6378,2.7513
104.5532,0.5469,2.3625
104.5534,0.5075,2.1926
104.5536,0.4987,2.1542
104.5538,0.4881,2.1087
104.5540,0.4887,2.1112
104.5542,0.4862,2.0965
104.5544,0.5595,2.4135
104.5546,0.5713,2.467
104.5548,0.5063,2.1854
104.5550,0.4918,2.1247
104.5552,0.4908,2.1171
104.5554,0.547,2.3619
104.5556,0.4918,2.1257
104.5558,0.4874,2.1036
104.5560,0.5746,2.4741
104.5562,0.6033,2.6004
104.5564,0.5547,2.3917
104.5566,0.5838,2.5162
104.5568,0.6089,2.6254
104.5570,0.6023,2.5933
104.5572,0.6442,2.7766
104.5574,0.6196,2.6707
104.5576,0.6267,2.7012
104.5578,0.6223,2.6808
104.5580,0.6302,2.7149
104.5582,0.6074,2.6167
104.5584,0.5999,2.5842
104.5586,0.5969,2.5725
104.5588,0.6292,2.7095
104.5590,0.6834,2.9401
104.5592,0.7178,3.0939
104.5594,0.6383,2.7526
104.5596,0.6326,2.7227
104.5598,0.6916,2.9766
104.5600,0.6611,2.8508
104.5602,0.625,2.6939
104.5604,0.6243,2.6896
104.5606,0.6437,2.772
104.5608,0.6599,2.8403
104.5610,0.6865,2.9563
104.5612,0.6327,2.7257
104.5614,0.5868,2.5267
104.5616,0.6392,2.7523
104.5618,0.6051,2.6094
104.5620,0.6315,2.7193
104.5622,0.7535,3.2338
104.5624,0.8599,3.6891
104.5626,0.8939,3.8364
104.5628,0.8877,3.8084
104.5630,0.8791,3.7731
104.5632,0.8826,3.7881
104.5634,0.9285,3.987
104.5636,0.8858,3.802
104.5638,0.8729,3.7411
104.5640,0.9624,4.1289
104.5642,0.9494,4.069
104.5644,0.9325,4.0003
104.5646,0.9176,3.9383
104.5648,0.9039,3.8815
104.5650,0.8236,3.5415
104.5652,0.8166,3.5116
104.5654,0.8094,3.4774
104.5656,0.909,3.8958
104.5658,0.9008,3.8681
104.5660,0.8666,3.7196
104.5662,0.927,3.9748
104.5664,0.9524,4.0876
104.5666,0.8984,3.856
104.5668,0.9355,4.0187
104.5670,0.9186,3.9369
104.5672,0.9967,4.274
104.5674,0.9477,4.0675
104.5676,0.8784,3.7665
104.5678,0.9692,4.1557
104.5680,0.9843,4.2245
104.5682,0.8861,3.8101
104.5684,0.7639,3.2908
104.5686,0.6759,2.909
104.5688,0.7774,3.3461
104.5690,0.7922,3.4016
104.5692,0.8552,3.6707
104.5694,0.8837,3.7927
104.5696,0.9502,4.0821
104.5698,0.8984,3.865
104.5700,0.8222,3.5336
104.5702,0.8005,3.4388
104.5704,0.7265,3.1297
104.5706,0.6687,2.8794
104.5708,0.7461,3.2144
104.5710,0.7,3.0169
104.5712,0.6535,2.8177
104.5714,0.5761,2.4854
104.5716,0.5729,2.4703
104.5718,0.5756,2.4822
104.5720,0.5981,2.5765
104.5722,0.6618,2.8486
104.5724,0.7242,3.1184
104.5726,0.6513,2.8084
104.5728,0.5893,2.5435
104.5730,0.5935,2.5592
104.5732,0.6472,2.7869
104.5734,0.7029,3.0237
104.5736,0.7449,3.2077
104.5738,0.6405,2.7632
104.5740,0.5858,2.5261
104.5742,0.6247,2.6899
104.5744,0.6614,2.8505
104.5746,0.6779,2.9218
104.5748,0.6677,2.8739
104.5750,0.6752,2.9099
104.5752,0.6722,2.893
104.5754,0.7331,3.1522
104.5756,0.7714,3.3187
104.5758,0.7518,3.2356
104.5760,0.8166,3.5067
104.5762,0.8654,3.7197
104.5764,0.8157,3.5074
104.5766,0.8166,3.5181
104.5768,0.6615,2.8537
104.5770,0.5267,2.2744
104.5772,0.5279,2.2785
104.5774,0.5211,2.2501
104.5776,0.5095,2.1978
104.5778,0.5614,2.4195
104.5780,0.5683,2.4518
104.5782,0.5601,2.4138
104.5784,0.6748,2.907
104.5786,0.6964,2.9903
104.5788,0.7939,3.412
104.5790,0.7682,3.3094
104.5792,0.6695,2.887
104.5794,0.6607,2.8434
104.5796,0.714,3.0745
104.5798,0.7321,3.1481
104.5800,0.7966,3.4255
104.5802,0.7681,3.3043
104.5804,0.7241,3.1164
104.5806,0.728,3.1335
104.5808,0.7324,3.152
104.5810,0.7178,3.091
104.5812,0.7342,3.1598
104.5814,0.7644,3.2883
104.5816,0.7466,3.209
104.5818,0.7881,3.3873
104.5820,0.7947,3.4156
104.5822,0.8421,3.6175
104.5824,0.8497,3.6505
104.5826,0.8614,3.7004
104.5828,0.8682,3.735
104.5830,0.7795,3.3533
104.5832,0.7538,3.2384
104.5834,0.8164,3.5024
104.5836,0.8144,3.5018
104.5838,0.7514,3.2311
104.5840,0.7337,3.1607
104.5842,0.6518,2.8118
104.5844,0.5635,2.4311
104.5846,0.5836,2.514
104.5848,0.5875,2.5345
104.5850,0.5604,2.412
104.5852,0.7442,3.2016
104.5854,0.7404,3.1881
104.5856,0.6892,2.9649
104.5858,0.6784,2.9225
104.5860,0.7211,3.1035
104.5862,0.6989,3.0109
104.5864,0.6005,2.588
104.5866,0.6087,2.62
104.5868,0.6445,2.7789
104.5870,0.6166,2.6577
104.5872,0.6719,2.8919
104.5874,0.6934,2.9871
104.5876,0.6899,2.9735
104.5878,0.6308,2.7175
104.5880,0.6075,2.6173
104.5882,0.6238,2.6825
104.5884,0.7756,3.3383
104.5886,0.7337,3.1592
104.5888,0.7314,3.1479
104.5890,0.7853,3.377
104.5892,0.7491,3.2258
104.5894,0.7018,3.0219
104.5896,0.7204,3.1004
104.5898,0.6505,2.8061
104.5900,0.524,2.2604
104.5902,0.5062,2.1848
104.5904,0.5047,2.1791
104.5906,0.5121,2.2122
104.5908,0.505,2.1787
104.5910,0.5037,2.172
104.5912,0.5066,2.1874
104.5914,0.5049,2.1791
104.5916,0.5737,2.4705
104.5918,0.6719,2.8946
104.5920,0.6188,2.6671
104.5922,0.6051,2.6106
104.5924,0.5839,2.5167
104.5926,0.5561,2.399
104.5928,0.5103,2.2004
104.5930,0.5055,2.1807
104.5932,0.5113,2.2066
104.5934,0.5101,2.2014
104.5936,0.515,2.2216
104.5938,0.5226,2.2536
104.5940,0.5514,2.3766
104.5942,0.5816,2.5069
104.5944,0.6255,2.6947
104.5946,0.6423,2.7619
104.5948,0.7547,3.242
104.5950,0.7849,3.3765
104.5952,0.7387,3.1779
104.5954,0.7128,3.0651
104.5956,0.7699,3.3151
104.5958,0.7409,3.1857
104.5960,0.7603,3.2616
104.5962,0.8485,3.6419
104.5964,0.937,4.0123
104.5966,1.0139,4.3435
104.5968,0.979,4.1999
104.5970,0.9627,4.1299
104.5972,0.9608,4.1178
104.5974,1.0062,4.3126
104.5976,0.9381,4.0282
104.5978,0.9067,3.8933
104.5980,0.891,3.8241
104.5982,0.9006,3.8635
104.5984,0.9521,4.0827
104.5986,0.9653,4.1412
104.5988,0.9297,3.9922
104.5990,0.8916,3.8284
104.5992,0.9292,3.9845
104.5994,0.9876,4.231
104.5996,1.0224,4.382
104.5998,1.0133,4.3449
104.6000,1.0188,4.3665
104.6002,1.0377,4.4457
104.6004,0.9642,4.1482
104.6006,0.799,3.4374
104.6008,0.7984,3.4316
104.6010,0.7915,3.4017
104.6012,0.7931,3.4089
104.6014,0.7942,3.412
104.6016,0.9141,3.9289
104.6018,0.9074,3.9018
104.6020,0.8162,3.5079
104.6022,0.8622,3.704
104.6024,0.8692,3.7339
104.6026,0.8364,3.5916
104.6028,0.8231,3.5378
104.6030,0.8097,3.4833
104.6032,0.8327,3.5856
104.6034,0.7816,3.361
104.6036,0.7939,3.4136
104.6038,0.774,3.3373
104.6040,0.6374,2.7484
104.6042,0.6407,2.7591
104.6044,0.6969,2.9979
104.6046,0.7442,3.2046
104.6048,0.7042,3.0294
104.6050,0.7306,3.1458
104.6052,0.7499,3.2214
104.6054,0.887,3.8053
104.6056,0.9177,3.9462
104.6058,0.8133,3.5036
104.6060,0.6831,2.9454
104.6062,0.6379,2.7505
104.6064,0.6051,2.6081
104.6066,0.612,2.64
104.6068,0.5976,2.5768
104.6070,0.6212,2.6786
104.6072,0.5862,2.5277
104.6074,0.605,2.6076
104.6076,0.635,2.7368
104.6078,0.5939,2.5619
104.6080,0.5109,2.2071
104.6082,0.532,2.2929
104.6084,0.6493,2.797
104.6086,0.6578,2.8376
104.6088,0.5398,2.3319
104.6090,0.4894,2.1144
104.6092,0.4844,2.0897
104.6094,0.4965,2.1419
104.6096,0.4945,2.1361
104.6098,0.5328,2.2997
104.6100,0.4868,2.1049
104.6102,0.4083,1.7645
104.6104,0.4069,1.758
104.6106,0.4038,1.7445
104.6108,0.4476,1.9336
104.6110,0.4553,1.9649
104.6112,0.4975,2.1471
104.6114,0.555,2.391
104.6116,0.6229,2.6834
104.6118,0.5921,2.5542
104.6120,0.5579,2.4056
104.6122,0.5531,2.385
104.6124,0.5646,2.4346
104.6126,0.5723,2.4677
104.6128,0.5676,2.4464
104.6130,0.5722,2.466
104.6132,0.5878,2.532
104.6134,0.6434,2.773
104.6136,0.6777,2.914
104.6138,0.7815,3.3558
104.6140,0.758,3.2701
104.6142,0.565,2.4373
104.6144,0.5378,2.3188
104.6146,0.5385,2.323
104.6148,0.5463,2.3522
104.6150,0.7039,3.0255
104.6152,0.7005,3.019
104.6154,0.5894,2.5428
104.6156,0.5409,2.3311
104.6158,0.549,2.3663
104.6160,0.5716,2.4623
104.6162,0.5942,2.5635
104.6164,0.5541,2.3891
104.6166,0.536,2.3121
104.6168,0.534,2.3038
104.6170,0.5306,2.2878
104.6172,0.5695,2.4535
104.6174,0.5431,2.3431
104.6176,0.5103,2.2004
104.6178,0.5699,2.4585
104.6180,0.4924,2.1273
104.6182,0.4531,1.9574
104.6184,0.4596,1.9817
104.6186,0.5301,2.2846
104.6188,0.5694,2.4541
104.6190,0.6331,2.7222
104.6192,0.6955,2.9922
104.6194,0.6447,2.7761
104.6196,0.599,2.5806
104.6198,0.5961,2.5682
104.6200,0.6364,2.7354
104.6202,0.7069,3.044
104.6204,0.664,2.8592
104.6206,0.6641,2.8611
104.6208,0.5966,2.5703
104.6210,0.5597,2.41
104.6212,0.5609,2.4175
104.6214,0.5867,2.5297
104.6216,0.5678,2.4452
104.6218,0.6748,2.9003
104.6220,0.7657,3.2894
104.6222,0.7668,3.2971
104.6224,0.7491,3.2168
104.6226,0.7485,3.2157
104.6228,0.6644,2.8608
104.6230,0.6231,2.6832
104.6232,0.6091,2.624
104.6234,0.5987,2.5778
104.6236,0.6054,2.6068
104.6238,0.6125,2.6348
104.6240,0.6306,2.7177
104.6242,0.5984,2.5768
104.6244,0.6102,2.625
104.6246,0.6961,2.9934
104.6248,0.6774,2.9184
104.6250,0.631,2.7185
104.6252,0.6612,2.8407
104.6254,0.7654,3.2883
104.6256,0.7921,3.4059
104.6258,0.7166,3.0787
104.6260,0.7189,3.0899
104.6262,0.7041,3.0317
104.6264,0.6639,2.8574
104.6266,0.624,2.688
104.6268,0.6102,2.6274
104.6270,0.6231,2.6844
104.6272,0.6226,2.6774
104.6274,0.712,3.0572
104.6276,0.7568,3.2467
104.6278,0.812,3.4898
104.6280,0.7778,3.3398
104.6282,0.8515,3.6565
104.6284,0.8248,3.5433
104.6286,0.8411,3.6066
104.6288,0.8901,3.8187
104.6290,0.8756,3.7582
104.6292,0.8689,3.7277
104.6294,0.8879,3.8089
104.6296,0.8961,3.8462
104.6298,0.9256,3.971
104.6300,0.9502,4.0726
104.6302,0.965,4.1377
104.6304,0.9531,4.0868
104.6306,0.9205,3.9452
104.6308,0.9278,3.9784
104.6310,0.9309,3.9954
104.6312,0.952,4.0784
104.6314,1.0058,4.3131
104.6316,0.9948,4.2658
104.6318,1.0051,4.306
104.6320,1.0068,4.3111
104.6322,1.053,4.5067
104.6324,1.0946,4.6891
104.6326,1.0346,4.4323
104.6328,1.1013,4.7135
104.6330,1.1169,4.7824
104.6332,1.0363,4.4478
104.6334,0.9537,4.097
104.6336,0.8994,3.8601
104.6338,0.9114,3.9152
104.6340,0.8072,3.4789
104.6342,0.734,3.1578
104.6344,0.8316,3.5743
104.6346,0.8725,3.7483
104.6348,0.8937,3.8377
104.6350,0.9027,3.8709
104.6352,0.9899,4.2387
104.6354,1.1034,4.7294
104.6356,1.0591,4.5392
104.6358,1.0169,4.3624
104.6360,0.9931,4.2586
104.6362,0.9112,3.9165
104.6364,0.7789,3.3507
104.6366,0.7621,3.2785
104.6368,0.7639,3.2893
104.6370,0.7115,3.0608
104.6372,0.77,3.3125
104.6374,0.7738,3.3306
104.6376,0.7756,3.3352
104.6378,0.7917,3.4043
104.6380,0.7732,3.3249
104.6382,0.7756,3.3368
104.6384,0.8276,3.5552
104.6386,0.8807,3.7851
104.6388,0.8863,3.8058
104.6390,0.9359,4.0208
104.6392,0.8864,3.8045
104.6394,0.935,4.0111
104.6396,0.9591,4.1164
104.6398,0.9072,3.9026
104.6400,0.8067,3.4688
104.6402,0.7777,3.3487
104.6404,0.7529,3.2448
104.6406,0.7115,3.0622
104.6408,0.7686,3.3033
104.6410,0.8086,3.477
104.6412,0.7999,3.4394
104.6414,0.7961,3.4234
104.6416,0.8111,3.4878
104.6418,0.8023,3.4545
104.6420,0.6883,2.9695
104.6422,0.6137,2.6424
104.6424,0.7015,3.018
104.6426,0.7132,3.0737
104.6428,0.6508,2.8037
104.6430,0.628,2.7068
104.6432,0.6297,2.7128
104.6434,0.6646,2.8605
104.6436,0.7475,3.223
104.6438,0.6692,2.8801
104.6440,0.7441,3.2026
104.6442,0.7425,3.1959
104.6444,0.7072,3.0479
104.6446,0.6566,2.8285
104.6448,0.7126,3.0683
104.6450,0.6683,2.8832
104.6452,0.6452,2.7833
104.6454,0.6768,2.9118
104.6456,0.7145,3.0751
104.6458,0.7461,3.2084
104.6460,0.8177,3.5146
104.6462,0.8066,3.4699
104.6464,0.8103,3.4891
104.6466,0.7267,3.1336
104.6468,0.6294,2.7125
104.6470,0.6228,2.6841
104.6472,0.6791,2.9243
104.6474,0.7069,3.044
104.6476,0.7068,3.0393
104.6478,0.7382,3.1773
104.6480,0.7959,3.4176
104.6482,0.8549,3.676
104.6484,0.7146,3.0828
104.6486,0.6642,2.8629
104.6488,0.6395,2.7552
104.6490,0.6134,2.6426
104.6492,0.6146,2.6514
104.6494,0.612,2.64
104.6496,0.5943,2.5616
104.6498,0.6318,2.7279
104.6500,0.5523,2.3825
104.6502,0.547,2.3608
104.6504,0.5394,2.3282
104.6506,0.5381,2.3225
104.6508,0.5433,2.3437
104.6510,0.5452,2.3508
104.6512,0.614,2.6427
104.6514,0.7098,3.0593
104.6516,0.6666,2.8732
104.6518,0.6819,2.9361
104.6520,0.666,2.8693
104.6522,0.6566,2.8311
104.6524,0.581,2.5054
104.6526,0.553,2.3844
104.6528,0.5626,2.4281
104.6530,0.5574,2.4058
104.6532,0.5507,2.3757
104.6534,0.584,2.516
104.6536,0.6284,2.7071
104.6538,0.5967,2.572
104.6540,0.6238,2.6888
104.6542,0.6205,2.673
104.6544,0.6096,2.6236
104.6546,0.7248,3.1123
104.6548,0.841,3.6129
104.6550,0.8234,3.5454
104.6552,0.7494,3.2238
104.6554,0.7554,3.2511
104.6556,0.718,3.0887
104.6558,0.6487,2.7957
104.6560,0.5963,2.5699
104.6562,0.6453,2.78
104.6564,0.5917,2.5514
104.6566,0.58,2.5019
104.6568,0.582,2.5096
104.6570,0.5864,2.5287
104.6572,0.5738,2.4756
104.6574,0.5729,2.4691
104.6576,0.5613,2.419
104.6578,0.6205,2.6743
104.6580,0.6556,2.8296
104.6582,0.5738,2.4744
104.6584,0.5837,2.5133
104.6586,0.6632,2.8543
104.6588,0.7386,3.1789
104.6590,0.7027,3.0232
104.6592,0.7015,3.0194
104.6594,0.6911,2.9787
104.6596,0.6753,2.9051
104.6598,0.6706,2.8876
104.6600,0.6336,2.7281
104.6602,0.6538,2.8153
104.6604,0.7017,3.0185
104.6606,0.7261,3.1194
104.6608,0.7301,3.1466
104.6610,0.602,2.5935
104.6612,0.6762,2.9078
104.6614,0.7716,3.3162
104.6616,0.7241,3.1164
104.6618,0.7208,3.1011
104.6620,0.7553,3.2506
104.6622,0.7174,3.0832
104.6624,0.8154,3.4966
104.6626,0.9332,4.0034
104.6628,0.9578,4.1069
104.6630,0.9695,4.1573
104.6632,0.97,4.1555
104.6634,0.9984,4.2752
104.6636,1.0129,4.3414
104.6638,0.9692,4.1577
104.6640,0.9445,4.0479
104.6642,0.9835,4.2155
104.6644,0.9847,4.2245
104.6646,0.9618,4.1263
104.6648,0.9778,4.1869
104.6650,1.0778,4.6108
104.6652,1.1097,4.7472
104.6654,1.1034,4.7249
104.6656,1.1122,4.7602
104.6658,1.1129,4.7677
104.6660,1.1123,4.7585
104.6662,1.1449,4.8957
104.6664,1.1486,4.9162
104.6666,1.1128,4.765
104.6668,1.0471,4.4941
104.6670,0.9256,3.9802
104.6672,0.8451,3.6371
104.6674,0.7435,3.2015
104.6676,0.6922,2.9833
104.6678,0.7224,3.1092
104.6680,0.7561,3.2527
104.6682,0.7812,3.3558
104.6684,0.8042,3.4612
104.6686,0.6807,2.9364
104.6688,0.6433,2.7712
104.6690,0.6607,2.85
104.6692,0.5722,2.4672
104.6694,0.6634,2.8593
104.6696,0.6726,2.8977
104.6698,0.6382,2.752
104.6700,0.6079,2.6261
104.6702,0.5286,2.2795
104.6704,0.5725,2.4687
104.6706,0.5784,2.4964
104.6708,0.5802,2.5041
104.6710,0.6021,2.5952
104.6712,0.636,2.7384
104.6714,0.6312,2.7178
104.6716,0.6604,2.8437
104.6718,0.673,2.8979
104.6720,0.6812,2.9344
104.6722,0.6465,2.789
104.6724,0.5995,2.5839
104.6726,0.6663,2.877
104.6728,0.5357,2.3121
104.6730,0.5093,2.1983
104.6732,0.5144,2.219
104.6734,0.5315,2.2919
104.6736,0.5873,2.5323
104.6738,0.6027,2.6026
104.6740,0.5213,2.2511
104.6742,0.5045,2.1796
104.6744,0.5115,2.2056
104.6746,0.6065,2.6138
104.6748,0.6246,2.6894
104.6750,0.6489,2.7994
104.6752,0.511,2.2086
104.6754,0.4222,1.8255
104.6756,0.4435,1.916
104.6758,0.452,1.9546
104.6760,0.4354,1.8799
104.6762,0.472,2.0374
104.6764,0.5264,2.2707
104.6766,0.4856,2.0987
104.6768,0.4565,1.9701
104.6770,0.4808,2.0742
104.6772,0.5156,2.2262
104.6774,0.5824,2.5123
104.6776,0.5596,2.4118
104.6778,0.6453,2.7774
104.6780,0.7247,3.1161
104.6782,0.7023,3.0267
104.6784,0.5886,2.5392
104.6786,0.6091,2.6228
104.6788,0.6648,2.8588
104.6790,0.6722,2.8957
104.6792,0.6662,2.8712
104.6794,0.6647,2.8623
104.6796,0.7102,3.0537
104.6798,0.7489,3.2173
104.6800,0.762,3.281
104.6802,0.6917,2.9785
104.6804,0.6906,2.9752
104.6806,0.6855,2.9516
104.6808,0.6461,2.7836
104.6810,0.6206,2.6736
104.6812,0.7288,3.1293
104.6814,0.8272,3.5536
104.6816,0.7905,3.396
104.6818,0.7559,3.2502
104.6820,0.6961,2.9934
104.6822,0.7267,3.1263
104.6824,0.7171,3.0908
104.6826,0.6615,2.8457
104.6828,0.6803,2.9281
104.6830,0.7018,3.0204
104.6832,0.7139,3.0769
104.6834,0.5957,2.5685
104.6836,0.5919,2.5513
104.6838,0.5535,2.3887
104.6840,0.4836,2.088
104.6842,0.4779,2.0637
104.6844,0.475,2.0503
104.6846,0.4716,2.0372
104.6848,0.4761,2.054
104.6850,0.5177,2.2314
104.6852,0.5647,2.4329
104.6854,0.602,2.5935
104.6856,0.5929,2.5566
104.6858,0.6051,2.6069
104.6860,0.6085,2.6238
104.6862,0.5415,2.3337
104.6864,0.5762,2.4824
104.6866,0.5912,2.5482
104.6868,0.4985,2.1507
104.6870,0.4692,2.0249
104.6872,0.5362,2.3131
104.6874,0.5188,2.2371
104.6876,0.5423,2.3374
104.6878,0.6001,2.5828
104.6880,0.6801,2.927
104.6882,0.6801,2.927
104.6884,0.6321,2.7219
104.6886,0.6633,2.8535
104.6888,0.6808,2.9315
104.6890,0.6542,2.8182
104.6892,0.6159,2.6546
104.6894,0.5887,2.5362
104.6896,0.58,2.4996
104.6898,0.5836,2.5151
104.6900,0.5884,2.5346
104.6902,0.5493,2.3684
104.6904,0.4891,2.1108
104.6906,0.4833,2.086
104.6908,0.4852,2.0943
104.6910,0.4844,2.0897
104.6912,0.4802,2.0725
104.6914,0.4816,2.0778
104.6916,0.4813,2.0753
104.6918,0.4891,2.1089
104.6920,0.4791,2.0679
104.6922,0.4797,2.0676
104.6924,0.4955,2.1358
104.6926,0.5459,2.3507
104.6928,0.5489,2.368
104.6930,0.489,2.1093
104.6932,0.487,2.0991
104.6934,0.5051,2.1782
104.6936,0.5131,2.2102
104.6938,0.559,2.4047
104.6940,0.6694,2.8784
104.6942,0.7169,3.0826
104.6944,0.7271,3.1221
104.6946,0.7283,3.1316
104.6948,0.7593,3.2621
104.6950,0.8025,3.4427
104.6952,0.8321,3.5714
104.6954,0.8497,3.6437
104.6956,0.881,3.7796
104.6958,0.8592,3.6808
104.6960,0.9826,4.2094
104.6962,0.9804,4.1982
104.6964,0.982,4.2049
104.6966,0.9744,4.1745
104.6968,0.9934,4.2536
104.6970,0.997,4.269
104.6972,0.9629,4.1329
104.6974,0.9382,4.0212
104.6976,0.9672,4.1514
104.6978,0.8714,3.735
104.6980,0.9171,3.9363
104.6982,0.8536,3.6652
104.6984,0.8259,3.543
104.6986,0.8555,3.6683
104.6988,0.9045,3.8822
104.6990,0.8759,3.761
104.6992,0.8525,3.6572
104.6994,0.8505,3.6501
104.6996,0.8535,3.6579
104.6998,0.951,4.0762
104.7000,0.8849,3.8067
104.7002,0.726,3.1261
104.7004,0.6689,2.875
104.7006,0.7797,3.3528
104.7008,0.7795,3.3517
104.7010,0.7729,3.3249
104.7012,0.7942,3.4136
104.7014,0.8139,3.4916
104.7016,0.8676,3.7185
104.7018,0.9019,3.8745
104.7020,0.8481,3.6449
104.7022,0.8298,3.5616
104.7024,0.9005,3.8683
104.7026,0.7939,3.4136
104.7028,0.7689,3.3064
104.7030,0.7346,3.1574
104.7032,0.7582,3.2544
104.7034,0.8317,3.5782
104.7036,0.7422,3.1929
104.7038,0.7482,3.2172
104.7040,0.7632,3.2847
104.7042,0.752,3.2337
104.7044,0.756,3.2507
104.7046,0.7478,3.2126
104.7048,0.746,3.2124
104.7050,0.6852,2.9492
104.7052,0.7346,3.1648
104.7054,0.6889,2.9666
104.7056,0.6545,2.8184
104.7058,0.6644,2.8621
104.7060,0.6587,2.8365
104.7062,0.6744,2.9001
104.7064,0.722,3.1077
104.7066,0.7083,3.0497
104.7068,0.73,3.1432
104.7070,0.6405,2.7619
104.7072,0.6511,2.8048
104.7074,0.6381,2.7477
104.7076,0.6913,2.97
104.7078,0.8177,3.5064
104.7080,0.8749,3.7674
104.7082,0.6832,2.9432
104.7084,0.649,2.7986
104.7086,0.5596,2.414
104.7088,0.5602,2.4166
104.7090,0.5614,2.4218
104.7092,0.5736,2.4699
104.7094,0.6138,2.6429
104.7096,0.611,2.6347
104.7098,0.5345,2.308
104.7100,0.4902,2.1165
104.7102,0.5265,2.2723
104.7104,0.5756,2.4776
104.7106,0.6274,2.703
104.7108,0.6381,2.7464
104.7110,0.6873,2.9566
104.7112,0.7194,3.0906
104.7114,0.7038,3.0306
104.7116,0.6499,2.7983
104.7118,0.6578,2.8311
104.7120,0.6652,2.8644
104.7122,0.6722,2.8957
104.7124,0.6646,2.8578
104.7126,0.7237,3.112
104.7128,0.7097,3.0573
104.7130,0.6381,2.749
104.7132,0.6292,2.7108
104.7134,0.626,2.6968
104.7136,0.63,2.7126
104.7138,0.6304,2.7159
104.7140,0.6277,2.704
104.7142,0.6381,2.7464
104.7144,0.6575,2.8274
104.7146,0.7876,3.3836
104.7148,0.8003,3.443
104.7150,0.7276,3.1343
104.7152,0.638,2.7485
104.7154,0.6333,2.7283
104.7156,0.6213,2.6754
104.7158,0.6189,2.6663
104.7160,0.6169,2.6575
104.7162,0.599,2.5806
104.7164,0.6577,2.8279
104.7166,0.7591,3.2717
104.7168,0.6041,2.6035
104.7170,0.5566,2.4022
104.7172,0.5473,2.3591
104.7174,0.574,2.4738
104.7176,0.5387,2.3197
104.7178,0.6785,2.9122
104.7180,0.8033,3.4543
104.7182,0.7077,3.0471
104.7184,0.6464,2.7833
104.7186,0.6768,2.9104
104.7188,0.7497,3.2269
104.7190,0.7436,3.1991
104.7192,0.7332,3.1513
104.7194,0.7391,3.1809
104.7196,0.7051,3.0321
104.7198,0.7585,3.2554
104.7200,0.8092,3.478
104.7202,0.8201,3.5249
104.7204,0.761,3.2769
104.7206,0.6815,2.9319
104.7208,0.7118,3.0624
104.7210,0.7162,3.0781
104.7212,0.8027,3.4469
104.7214,0.8345,3.5867
104.7216,0.8097,3.4833
104.7218,0.7741,3.327
104.7220,0.8014,3.4461
104.7222,0.7795,3.3517
104.7224,0.7663,3.295
104.7226,0.732,3.149
104.7228,0.661,2.8463
104.7230,0.6389,2.7539
104.7232,0.6672,2.8678
104.7234,0.7511,3.231
104.7236,0.71,3.0589
104.7238,0.6383,2.7513
104.7240,0.6053,2.6087
104.7242,0.6202,2.6733
104.7244,0.5899,2.5413
104.7246,0.5495,2.3706
104.7248,0.5447,2.3499
104.7250,0.5718,2.4691
104.7252,0.5066,2.1874
104.7254,0.4916,2.1197
104.7256,0.4934,2.1285
104.7258,0.4914,2.1207
104.7260,0.4857,2.0964
104.7262,0.4845,2.0912
104.7264,0.52,2.2423
104.7266,0.6142,2.6425
104.7268,0.6728,2.8996
104.7270,0.631,2.7172
104.7272,0.6595,2.8343
104.7274,0.7936,3.411
104.7276,0.7406,3.1876
104.7278,0.7156,3.0755
104.7280,0.7532,3.2343
104.7282,0.7806,3.3548
104.7284,0.7911,3.4002
104.7286,0.8303,3.5703
104.7288,0.8076,3.468
104.7290,0.8494,3.6455
104.7292,0.8507,3.6478
104.7294,0.9272,3.9739
104.7296,0.9745,4.1789
104.7298,0.9752,4.1834
104.7300,0.972,4.1681
104.7302,0.9778,4.1888
104.7304,0.9735,4.1723
104.7306,0.9744,4.1764
104.7308,0.9403,4.0337
104.7310,0.9392,4.0272
104.7312,0.9765,4.1851
104.7314,0.9955,4.2669
104.7316,1.0043,4.2983
104.7318,1.1296,4.8346
104.7320,1.1108,4.7585
104.7322,1.0995,4.7036
104.7324,1.06,4.5391
104.7326,1.046,4.4916
104.7328,0.9158,3.9379
104.7330,0.8494,3.6472
104.7332,0.8765,3.7671
104.7334,0.7579,3.265
104.7336,0.6285,2.7114
104.7338,0.5796,2.4992
104.7340,0.6394,2.7534
104.7342,0.6788,2.9254
104.7344,0.6325,2.726
104.7346,0.6242,2.6903
104.7348,0.6374,2.7459
104.7350,0.7042,3.0294
104.7352,0.7786,3.3497
104.7354,0.7513,3.2336
104.7356,0.7128,3.0679
104.7358,0.6579,2.8368
104.7360,0.6133,2.6457
104.7362,0.5963,2.5747
104.7364,0.564,2.4309
104.7366,0.6578,2.8284
104.7368,0.7807,3.3616
104.7370,0.6927,2.9771
104.7372,0.7061,3.0418
104.7374,0.6404,2.7575
104.7376,0.6819,2.9361
104.7378,0.6955,2.9992
104.7380,0.6313,2.7221
104.7382,0.6399,2.7542
104.7384,0.6724,2.8954
104.7386,0.6628,2.8567
104.7388,0.6075,2.6173
104.7390,0.6241,2.6885
104.7392,0.6378,2.7525
104.7394,0.5412,2.337
104.7396,0.5186,2.2371
104.7398,0.5003,2.1615
104.7400,0.4909,2.1186
104.7402,0.4955,2.1378
104.7404,0.5001,2.1554
104.7406,0.5439,2.3473
104.7408,0.5163,2.2252
104.7410,0.6135,2.6431
104.7412,0.6542,2.8208
104.7414,0.5786,2.4962
104.7416,0.5396,2.3276
104.7418,0.5339,2.3022
104.7420,0.5648,2.4334
104.7422,0.5696,2.4552
104.7424,0.5869,2.5272
104.7426,0.6169,2.6588
104.7428,0.5999,2.5842
104.7430,0.5936,2.5633
104.7432,0.4856,2.0958
104.7434,0.5043,2.1745
104.7436,0.5692,2.4542
104.7438,0.5749,2.4756
104.7440,0.5713,2.4636
104.7442,0.6102,2.6298
104.7444,0.6127,2.6395
104.7446,0.5708,2.4603
104.7448,0.5742,2.476
104.7450,0.5756,2.4822
104.7452,0.5765,2.4835
104.7454,0.622,2.6748
104.7456,0.7219,3.1028
104.7458,0.735,3.1634
104.7460,0.723,3.1074
104.7462,0.6756,2.912
104.7464,0.5746,2.4741
104.7466,0.658,2.8308
104.7468,0.7189,3.0957
104.7470,0.5844,2.5199
104.7472,0.5457,2.3518
104.7474,0.6313,2.717
104.7476,0.6328,2.7288
104.7478,0.5637,2.4293
104.7480,0.5994,2.5821
104.7482,0.6231,2.6844
104.7484,0.6289,2.7067
104.7486,0.6339,2.7284
104.7488,0.6331,2.726
104.7490,0.6331,2.7273
104.7492,0.6216,2.6777
104.7494,0.5586,2.4076
104.7496,0.5848,2.518
104.7498,0.6445,2.7815
104.7500,0.4971,2.1445
104.7502,0.4634,2.0001
104.7504,0.4605,1.9877
104.7506,0.4635,2.0006
104.7508,0.4651,2.0064
104.7510,0.4647,2.0077
104.7512,0.4613,1.9917
104.7514,0.4732,2.0397
104.7516,0.5289,2.2784
104.7518,0.5716,2.4612
104.7520,0.5964,2.568
104.7522,0.5625,2.4253
104.7524,0.5634,2.4261
104.7526,0.5888,2.5367
104.7528,0.519,2.2381
104.7530,0.5079,2.189
104.7532,0.5373,2.3178
104.7534,0.4994,2.1514
104.7536,0.5345,2.3038
104.7538,0.5895,2.541
104.7540,0.5674,2.4397
104.7542,0.6756,2.9012
104.7544,0.7237,3.1163
104.7546,0.6416,2.764
104.7548,0.6097,2.6253
104.7550,0.6229,2.6859
104.7552,0.5771,2.4884
104.7554,0.5101,2.1983
104.7556,0.5042,2.172
104.7558,0.5168,2.2283
104.7560,0.5036,2.1724
104.7562,0.4923,2.1238
104.7564,0.4842,2.0877
104.7566,0.4843,2.0892
104.7568,0.5513,2.3761
104.7570,0.5333,2.3007
104.7572,0.4854,2.0919
104.7574,0.4917,2.1173
104.7576,0.5912,2.5494
104.7578,0.5494,2.37
104.7580,0.5125,2.2107
104.7582,0.5053,2.1767
104.7584,0.5706,2.4547
104.7586,0.6098,2.6259
104.7588,0.6125,2.6372
104.7590,0.6133,2.6384
104.7592,0.6081,2.615
104.7594,0.6651,2.8625
104.7596,0.6543,2.8161
104.7598,0.6526,2.8063
104.7600,0.7071,3.0375
104.7602,0.7377,3.1723
104.7604,0.7325,3.1482
104.7606,0.716,3.0747
104.7608,0.7795,3.3471
104.7610,0.8063,3.4624
104.7612,0.7726,3.3193
104.7614,0.7413,3.1863
104.7616,0.7406,3.1832
104.7618,0.7841,3.3656
104.7620,0.8093,3.472
104.7622,0.7969,3.4233
104.7624,0.8514,3.6474
104.7626,0.9781,4.1904
104.7628,1.0018,4.2936
104.7630,1.0115,4.3332
104.7632,0.9622,4.1259
104.7634,0.9067,3.8915
104.7636,0.9158,3.9269
104.7638,0.9206,3.9457
104.7640,0.9526,4.0791
104.7642,0.9915,4.2494
104.7644,1.0086,4.3209
104.7646,1.0239,4.3825
104.7648,1.0955,4.6801
104.7650,1.1594,4.9601
104.7652,1.1163,4.7754
104.7654,1.0356,4.4364
104.7656,1.0166,4.3593
104.7658,0.9443,4.055
104.7660,0.8897,3.822
104.7662,0.8311,3.569
104.7664,0.8406,3.6147
104.7666,0.761,3.2769
104.7668,0.6464,2.7794
104.7670,0.7557,3.2481
104.7672,0.7342,3.1568
104.7674,0.7779,3.3481
104.7676,0.7248,3.1181
104.7678,0.7584,3.2595
104.7680,0.7567,3.2538
104.7682,0.7442,3.2016
104.7684,0.735,3.1619
104.7686,0.7614,3.2708
104.7688,0.7752,3.3332
104.7690,0.7588,3.2676
104.7692,0.6895,2.9733
104.7694,0.655,2.8205
104.7696,0.6747,2.9025
104.7698,0.6788,2.9227
104.7700,0.6521,2.8068
104.7702,0.6598,2.8385
104.7704,0.6434,2.7717
104.7706,0.6549,2.8213
104.7708,0.6289,2.7117
104.7710,0.6337,2.7299
104.7712,0.6084,2.6197
104.7714,0.6657,2.8625
104.7716,0.6595,2.8422
104.7718,0.572,2.4678
104.7720,0.5705,2.4565
104.7722,0.6207,2.6753
104.7724,0.5886,2.5392
104.7726,0.5683,2.4495
104.7728,0.5824,2.5076
104.7730,0.6557,2.8236
104.7732,0.6616,2.8489
104.7734,0.6294,2.7125
104.7736,0.5767,2.4834
104.7738,0.5708,2.4603
104.7740,0.5681,2.4496
104.7742,0.6223,2.6783
104.7744,0.6556,2.8244
104.7746,0.6294,2.7138
104.7748,0.5828,2.512
104.7750,0.5699,2.4573
104.7752,0.5858,2.5261
104.7754,0.5798,2.4968
104.7756,0.6265,2.7001
104.7758,0.5677,2.4503
104.7760,0.4852,2.0933
104.7762,0.4795,2.0694
104.7764,0.4706,2.0321
104.7766,0.5327,2.2949
104.7768,0.6372,2.7423
104.7770,0.6437,2.7707
104.7772,0.6537,2.8148
104.7774,0.6301,2.7118
104.7776,0.7126,3.0626
104.7778,0.7059,3.0366
104.7780,0.7114,3.0617
104.7782,0.6791,2.9188
104.7784,0.7623,3.2704
104.7786,0.8124,3.4854
104.7788,0.8341,3.5802
104.7790,0.8303,3.5687
104.7792,0.7868,3.3785
104.7794,0.8183,3.5106
104.7796,0.8142,3.4996
104.7798,0.7955,3.4208
104.7800,0.7216,3.1056
104.7802,0.6909,2.9721
104.7804,0.6994,3.0087
104.7806,0.7145,3.0723
104.7808,0.7501,3.2224
104.7810,0.8536,3.6704
104.7812,0.8072,3.4692
104.7814,0.731,3.142
104.7816,0.7909,3.396
104.7818,0.8377,3.5973
104.7820,0.755,3.2526
104.7822,0.6336,2.7293
104.7824,0.659,2.8415
104.7826,0.5663,2.4418
104.7828,0.544,2.3468
104.7830,0.5559,2.3969
104.7832,0.5436,2.343
104.7834,0.54,2.3286
104.7836,0.5439,2.3441
104.7838,0.5447,2.3499
104.7840,0.5997,2.5837
104.7842,0.6123,2.6391
104.7844,0.5488,2.3653
104.7846,0.5756,2.4787
104.7848,0.6555,2.8213
104.7850,0.6959,2.9924
104.7852,0.6982,3.0022
104.7854,0.6404,2.7626
104.7856,0.569,2.4526
104.7858,0.5656,2.4387
104.7860,0.564,2.432
104.7862,0.5634,2.4272
104.7864,0.5527,2.3845
104.7866,0.5759,2.4786
104.7868,0.6327,2.7232
104.7870,0.7258,3.1179
104.7872,0.686,2.9537
104.7874,0.7283,3.1316
104.7876,0.7127,3.0646
104.7878,0.7292,3.1372
104.7880,0.6987,3.0056
104.7882,0.6967,2.9974
104.7884,0.6687,2.8767
104.7886,0.6592,2.8386
104.7888,0.6792,2.9248
104.7890,0.6951,2.9888
104.7892,0.7388,3.1755
104.7894,0.7704,3.311
104.7896,0.7521,3.2372
104.7898,0.6298,2.7108
104.7900,0.6059,2.6088
104.7902,0.5867,2.5274
104.7904,0.5872,2.5318
104.7906,0.5916,2.5474
104.7908,0.6491,2.7939
104.7910,0.5828,2.5144
104.7912,0.489,2.1103
104.7914,0.484,2.0891
104.7916,0.4846,2.0898
104.7918,0.4899,2.1135
104.7920,0.481,2.0762
104.7922,0.4762,2.0555
104.7924,0.4828,2.082
104.7926,0.486,2.0964
104.7928,0.5083,2.1916
104.7930,0.5254,2.2624
104.7932,0.5862,2.5241
104.7934,0.6247,2.6874
104.7936,0.6553,2.8228
104.7938,0.6264,2.6971
104.7940,0.6152,2.6466
104.7942,0.68,2.9265
104.7944,0.709,3.05
104.7946,0.71,3.0504
104.7948,0.7616,3.2688
104.7950,0.7925,3.4
104.7952,0.8321,3.5697
104.7954,0.8698,3.7347
104.7956,0.7796,3.3491
104.7958,0.8118,3.4812
104.7960,0.8905,3.8202
104.7962,0.9051,3.8812
104.7964,0.9567,4.0965
104.7966,0.9641,4.1303
104.7968,0.9714,4.1636
104.7970,0.973,4.178
104.7972,0.8947,3.8365
104.7974,0.9501,4.0702
104.7976,1.0478,4.4888
104.7978,1.061,4.5347
104.7980,1.1153,4.7668
104.7982,1.1128,4.7605
104.7984,1.059,4.5345
104.7986,1.0863,4.6515
104.7988,1.1293,4.8291
104.7990,1.1367,4.8649
104.7992,1.0092,4.3335
104.7994,0.8644,3.715
104.7996,0.8037,3.4511
104.7998,0.8011,3.4413
104.8000,0.8535,3.6647
104.8002,0.7898,3.4024
104.8004,0.6296,2.7123
104.8006,0.6184,2.6655
104.8008,0.6448,2.7805
104.8010,0.606,2.6093
104.8012,0.6566,2.8259
104.8014,0.7624,3.28
104.8016,0.75,3.2294
104.8018,0.7075,3.0438
104.8020,0.7778,3.3445
104.8022,0.7747,3.3265
104.8024,0.8109,3.4917
104.8026,0.6543,2.82
104.8028,0.5882,2.5353
104.8030,0.5741,2.472
104.8032,0.6907,2.9716
104.8034,0.8237,3.5387
104.8036,0.8116,3.4883
104.8038,0.7374,3.1722
104.8040,0.7499,3.2244
104.8042,0.787,3.3795
104.8044,0.8146,3.5028
104.8046,0.7609,3.2749
104.8048,0.764,3.2837
104.8050,0.8268,3.5504
104.8052,0.8266,3.551
104.8054,0.7969,3.4281
104.8056,0.7416,3.1888
104.8058,0.7683,3.3038
104.8060,0.6796,2.9304
104.8062,0.5557,2.3975
104.8064,0.576,2.4814
104.8066,0.6178,2.6617
104.8068,0.6277,2.7065
104.8070,0.6316,2.7223
104.8072,0.6297,2.7128
104.8074,0.6123,2.6404
104.8076,0.5367,2.3141
104.8078,0.5488,2.3653
104.8080,0.6005,2.5904
104.8082,0.586,2.529
104.8084,0.5499,2.3721
104.8086,0.5436,2.3452
104.8088,0.5559,2.3957
104.8090,0.5675,2.4504
104.8092,0.4863,2.0999
104.8094,0.4809,2.0757
104.8096,0.5116,2.2061
104.8098,0.5723,2.4677
104.8100,0.606,2.6118
104.8102,0.6037,2.6007
104.8104,0.5834,2.5146
104.8106,0.6346,2.7327
104.8108,0.6533,2.8107
104.8110,0.6574,2.8295
104.8112,0.6612,2.8487
104.8114,0.6662,2.8698
104.8116,0.6617,2.8481
104.8118,0.7216,3.1056
104.8120,0.7497,3.2179
104.8122,0.862,3.6978
104.8124,0.8243,3.5479
104.8126,0.699,3.0086
104.8128,0.7177,3.0891
104.8130,0.7162,3.0824
104.8132,0.6774,2.917
104.8134,0.6375,2.7464
104.8136,0.6255,2.6947
104.8138,0.6194,2.6672
104.8140,0.6252,2.6919
104.8142,0.6508,2.7998
104.8144,0.661,2.8476
104.8146,0.6484,2.7921
104.8148,0.6533,2.8159
104.8150,0.6201,2.6715
104.8152,0.6362,2.7382
104.8154,0.6749,2.9035
104.8156,0.7225,3.1054
104.8158,0.6947,2.9914
104.8160,0.6836,2.9461
104.8162,0.6018,2.5937
104.8164,0.5584,2.4088
104.8166,0.5535,2.3876
104.8168,0.5375,2.3178
104.8170,0.523,2.2552
104.8172,0.5489,2.3647
104.8174,0.5954,2.5663
104.8176,0.5982,2.5758
104.8178,0.5999,2.5818
104.8180,0.6736,2.8965
104.8182,0.8124,3.487
104.8184,0.847,3.6369
104.8186,0.8231,3.5361
104.8188,0.7829,3.3682
104.8190,0.7148,3.0738
104.8192,0.7207,3.1034
104.8194,0.684,2.9454
104.8196,0.7081,3.0464
104.8198,0.706,3.0399
104.8200,0.6573,2.8303
104.8202,0.6268,2.6992
104.8204,0.7096,3.0512
104.8206,0.7011,3.0173
104.8208,0.6774,2.9157
104.8210,0.6879,2.9578
104.8212,0.7324,3.1506
104.8214,0.7026,3.0283
104.8216,0.637,2.7405
104.8218,0.6796,2.9291
104.8220,0.6181,2.6627
104.8222,0.6218,2.6762
104.8224,0.6195,2.6677
104.8226,0.6218,2.6787
104.8228,0.628,2.7068
104.8230,0.6166,2.6553
104.8232,0.6117,2.6353
104.8234,0.6158,2.6529
104.8236,0.5672,2.446
104.8238,0.5127,2.2107
104.8240,0.5126,2.2123
104.8242,0.4989,2.1523
104.8244,0.5035,2.1719
104.8246,0.49,2.114
104.8248,0.4931,2.1284
104.8250,0.5126,2.2123
104.8252,0.5026,2.1673
104.8254,0.5015,2.1637
104.8256,0.5013,2.1616
104.8258,0.5587,2.407
104.8260,0.5121,2.2092
104.8262,0.5122,2.2087
104.8264,0.5919,2.5489
104.8266,0.6039,2.6042
104.8268,0.5592,2.4091
104.8270,0.6147,2.6433
104.8272,0.7525,3.2297
104.8274,0.7779,3.3419
104.8276,0.7443,3.1992
104.8278,0.7943,3.4125
104.8280,0.76,3.2667
104.8282,0.759,3.2605
104.8284,0.8039,3.4537
104.8286,0.8204,3.5226
104.8288,0.8331,3.5755
104.8290,0.8445,3.6244
104.8292,0.9206,3.9457
104.8294,0.9785,4.1958
104.8296,0.9741,4.1729
104.8298,0.9841,4.22
104.8300,0.962,4.1287
104.8302,0.8967,3.8452
104.8304,0.8975,3.8537
104.8306,0.8617,3.6933
104.8308,0.9349,4.0087
104.8310,0.9526,4.0829
104.8312,0.9528,4.0896
104.8314,0.9124,3.918
104.8316,0.8909,3.82
104.8318,0.9109,3.9095
104.8320,0.9207,3.9499
104.8322,0.934,4.0088
104.8324,0.8524,3.6652
104.8326,0.8009,3.4408
104.8328,0.8206,3.5286
104.8330,0.8067,3.4688
104.8332,0.7846,3.3739
104.8334,0.7063,3.0457
104.8336,0.6391,2.7518
104.8338,0.6803,2.9254
104.8340,0.7207,3.1034
104.8342,0.6744,2.9055
104.8344,0.6728,2.8956
104.8346,0.699,3.0044
104.8348,0.761,3.2754
104.8350,0.7166,3.0844
104.8352,0.7241,3.1106
104.8354,0.7806,3.3548
104.8356,0.7617,3.28
104.8358,0.6804,2.9299
104.8360,0.7089,3.0481
104.8362,0.7353,3.1649
104.8364,0.7485,3.2202
104.8366,0.7495,3.2228
104.8368,0.7165,3.0854
104.8370,0.6665,2.8661
104.8372,0.7095,3.0521
104.8374,0.7483,3.2177
104.8376,0.7628,3.2801
104.8378,0.7232,3.1157
104.8380,0.6797,2.9282
104.8382,0.7054,3.0317
104.8384,0.7517,3.2336
104.8386,0.7394,3.1825
104.8388,0.6989,3.0095
104.8390,0.6837,2.9439
104.8392,0.6824,2.9368
104.8394,0.6819,2.9375
104.8396,0.6577,2.8319
104.8398,0.6507,2.8019
104.8400,0.6162,2.6557
104.8402,0.5485,2.3664
104.8404,0.555,2.391
104.8406,0.6635,2.8572
104.8408,0.6756,2.9066
104.8410,0.6779,2.9164
104.8412,0.7363,3.1676
104.8414,0.6985,3.0051
104.8416,0.7087,3.0475
104.8418,0.7395,3.1786
104.8420,0.7959,3.4224
104.8422,0.7645,3.2903
104.8424,0.6147,2.6532
104.8426,0.5706,2.457
104.8428,0.666,2.868
104.8430,0.6418,2.7637
104.8432,0.6375,2.7451
104.8434,0.6361,2.7402
104.8436,0.6431,2.7668
104.8438,0.7031,3.0219
104.8440,0.7175,3.0895
104.8442,0.672,2.8925
104.8444,0.7112,3.0598
104.8446,0.7435,3.1971
104.8448,0.7205,3.1038
104.8450,0.6551,2.8236
104.8452,0.6228,2.6841
104.8454,0.6211,2.6756
104.8456,0.633,2.7255
104.8458,0.6334,2.7276
104.8460,0.6343,2.7324
104.8462,0.6331,2.7273
104.8464,0.6324,2.7242
104.8466,0.6322,2.7224
104.8468,0.6433,2.7673
104.8470,0.7212,3.0954
104.8472,0.856,3.6755
104.8474,0.8813,3.7859
104.8476,0.8716,3.7494
104.8478,0.6963,2.9981
104.8480,0.6272,2.702
104.8482,0.6219,2.678
104.8484,0.6939,2.9836
104.8486,0.715,3.0729
104.8488,0.7283,3.1374
104.8490,0.6762,2.9159
104.8492,0.5982,2.5782
104.8494,0.5596,2.414
104.8496,0.5584,2.4066
104.8498,0.5569,2.4015
104.8500,0.5586,2.4076
104.8502,0.6656,2.8606
104.8504,0.8086,3.4754
104.8506,0.7121,3.0705
104.8508,0.5549,2.3927
104.8510,0.5925,2.5515
104.8512,0.6748,2.9043
104.8514,0.668,2.8776
104.8516,0.649,2.7973
104.8518,0.584,2.5184
104.8520,0.556,2.3974
104.8522,0.552,2.3803
104.8524,0.5644,2.4347
104.8526,0.556,2.3974
104.8528,0.5422,2.3358
104.8530,0.5869,2.5261
104.8532,0.647,2.7859
104.8534,0.6447,2.7696
104.8536,0.7909,3.3928
104.8538,0.8058,3.47
104.8540,0.6961,2.9962
104.8542,0.7122,3.0625
104.8544,0.6485,2.7952
104.8546,0.6035,2.5997
104.8548,0.684,2.9427
104.8550,0.7165,3.0796
104.8552,0.7045,3.0337
104.8554,0.6487,2.7944
104.8556,0.608,2.6205
104.8558,0.6148,2.6488
104.8560,0.6315,2.7193
104.8562,0.6075,2.6197
104.8564,0.5253,2.2682
104.8566,0.4911,2.1177
104.8568,0.5123,2.2071
104.8570,0.5652,2.4383
104.8572,0.5608,2.4181
104.8574,0.5585,2.4082
104.8576,0.5714,2.4618
104.8578,0.6114,2.6338
104.8580,0.6266,2.6994
104.8582,0.6223,2.6758
104.8584,0.6758,2.9058
104.8586,0.6672,2.8705
104.8588,0.646,2.7805
104.8590,0.6741,2.9066
104.8592,0.6256,2.6928
104.8594,0.6318,2.7216
104.8596,0.5803,2.5
104.8598,0.6178,2.6604
104.8600,0.6491,2.7939
104.8602,0.6738,2.8975
104.8604,0.6843,2.9396
104.8606,0.7735,3.3244
104.8608,0.7795,3.3486
104.8610,0.8276,3.5535
104.8612,0.8124,3.4886
104.8614,0.8434,3.6164
104.8616,0.8525,3.6623
104.8618,0.8542,3.6678
104.8620,0.8358,3.5907
104.8622,0.7943,3.4141
104.8624,0.8316,3.5694
104.8626,0.9229,3.9554
104.8628,0.9738,4.1738
104.8630,0.9602,4.1153
104.8632,0.9603,4.1138
104.8634,0.9957,4.2694
104.8636,0.9732,4.1693
104.8638,0.9909,4.2528
104.8640,0.9552,4.0961
104.8642,1.0205,4.3737
104.8644,1.0435,4.462
104.8646,1.105,4.725
104.8648,1.1066,4.7361
104.8650,1.0823,4.6389
104.8652,0.9809,4.21
104.8654,0.8699,3.7405
104.8656,0.7788,3.3455
104.8658,0.8116,3.4883
104.8660,0.8253,3.547
104.8662,0.8364,3.5916
104.8664,0.8315,3.5738
104.8666,0.8285,3.5626
104.8668,0.7834,3.3734
104.8670,0.6694,2.8865
104.8672,0.6639,2.8547
104.8674,0.7671,3.2986
104.8676,0.7711,3.311
104.8678,0.7579,3.265
104.8680,0.6565,2.828
104.8682,0.6434,2.7756
104.8684,0.6272,2.702
104.8686,0.7104,3.0576
104.8688,0.7038,3.0306
104.8690,0.7277,3.129
104.8692,0.7358,3.1685
104.8694,0.6569,2.8288
104.8696,0.688,2.9639
104.8698,0.6598,2.8438
104.8700,0.5953,2.567
104.8702,0.6526,2.8076
104.8704,0.6517,2.8113
104.8706,0.508,2.1916
104.8708,0.5463,2.3566
104.8710,0.5879,2.5337
104.8712,0.591,2.5483
104.8714,0.5953,2.5646
104.8716,0.6271,2.7027
104.8718,0.5887,2.5397
104.8720,0.5406,2.3334
104.8722,0.4916,2.1217
104.8724,0.5005,2.16
104.8726,0.5447,2.3466
104.8728,0.5878,2.5344
104.8730,0.5159,2.2268
104.8732,0.4904,2.1185
104.8734,0.4754,2.0528
104.8736,0.5183,2.234
104.8738,0.5994,2.5809
104.8740,0.5953,2.5705
104.8742,0.509,2.1988
104.8744,0.429,1.8542
104.8746,0.3968,1.7132
104.8748,0.3969,1.7145
104.8750,0.4047,1.749
104.8752,0.4519,1.9513
104.8754,0.4617,1.9947
104.8756,0.4623,1.9927
104.8758,0.5593,2.4085
104.8760,0.602,2.5923
104.8762,0.577,2.4855
104.8764,0.5634,2.4272
104.8766,0.5572,2.4025
104.8768,0.5848,2.5168
104.8770,0.6621,2.851
104.8772,0.6053,2.6062
104.8774,0.5839,2.5155
104.8776,0.621,2.6726
104.8778,0.686,2.9482
104.8780,0.7698,3.3053
104.8782,0.7677,3.2997
104.8784,0.7505,3.23
104.8786,0.7235,3.1139
104.8788,0.6684,2.8743
104.8790,0.7225,3.1068
104.8792,0.7241,3.115
104.8794,0.7193,3.0929
104.8796,0.6831,2.9427
104.8798,0.6512,2.804
104.8800,0.6427,2.766
104.8802,0.6797,2.9255
104.8804,0.7174,3.0904
104.8806,0.6622,2.8502
104.8808,0.638,2.7446
104.8810,0.6392,2.7536
104.8812,0.6244,2.6901
104.8814,0.6518,2.8079
104.8816,0.6282,2.7048
104.8818,0.6162,2.6545
104.8820,0.6192,2.6674
104.8822,0.6826,2.9338
104.8824,0.6712,2.8942
104.8826,0.4878,2.1042
104.8828,0.4641,2.0041
104.8830,0.4638,2.0016
104.8832,0.4652,2.0069
104.8834,0.4643,2.0046
104.8836,0.4632,2
104.8838,0.4653,2.0084
104.8840,0.4653,2.0074
104.8842,0.4622,1.9922
104.8844,0.5069,2.1859
104.8846,0.5532,2.3833
104.8848,0.5949,2.5618
104.8850,0.5967,2.5708
104.8852,0.5662,2.4391
104.8854,0.5714,2.4641
104.8856,0.5403,2.3307
104.8858,0.4848,2.0893
104.8860,0.517,2.2314
104.8862,0.49,2.1101
104.8864,0.621,2.6726
104.8866,0.6114,2.6313
104.8868,0.6181,2.6652
104.8870,0.6117,2.6304
104.8872,0.678,2.9156
104.8874,0.6935,2.9807
104.8876,0.6861,2.9528
104.8878,0.6767,2.9139
104.8880,0.6532,2.8075
104.8882,0.6802,2.9276
104.8884,0.619,2.6656
104.8886,0.6598,2.8385
104.8888,0.7258,3.1193
104.8890,0.6971,2.9989
104.8892,0.6755,2.9047
104.8894,0.6895,2.9678
104.8896,0.5625,2.4242
104.8898,0.4969,2.1395
104.8900,0.5398,2.3297
104.8902,0.4963,2.1429
104.8904,0.4855,2.0943
104.8906,0.4797,2.0686
104.8908,0.484,2.0872
104.8910,0.4844,2.0897
104.8912,0.4861,2.095
104.8914,0.4826,2.081
104.8916,0.4831,2.085
104.8918,0.4856,2.0958
104.8920,0.4839,2.0876
104.8922,0.4911,2.1137
104.8924,0.5913,2.5463
104.8926,0.5882,2.5341
104.8928,0.5785,2.4946
104.8930,0.5192,2.2366
104.8932,0.5248,2.2609
104.8934,0.5633,2.4267
104.8936,0.6493,2.7931
104.8938,0.7109,3.0568
104.8940,0.6861,2.9501
104.8942,0.6966,2.9941
104.8944,0.7219,3.0985
104.8946,0.7554,3.2375
104.8948,0.8189,3.5115
104.8950,0.8424,3.6207
104.8952,0.7886,3.3893
104.8954,0.7877,3.3794
104.8956,0.8295,3.5584
104.8958,0.8843,3.7917
104.8960,0.8725,3.7431
104.8962,0.8353,3.5836
104.8964,0.8258,3.5441
104.8966,0.8351,3.5859
104.8968,0.8196,3.5228
104.8970,0.8297,3.5578
104.8972,0.9086,3.8943
104.8974,0.9611,4.1213
104.8976,0.9676,4.1413
104.8978,1.0104,4.3245
104.8980,1.0157,4.3451
104.8982,1.0882,4.6597
104.8984,0.9852,4.2286
104.8986,0.8967,3.8434
104.8988,0.9405,4.031
104.8990,0.9223,3.9547
104.8992,0.8557,3.6677
104.8994,0.9393,4.0296
104.8996,0.9449,4.0613
104.8998,0.7987,3.4342
104.9000,0.8018,3.4428
104.9002,0.8294,3.5646
104.9004,0.7815,3.3621
104.9006,0.8075,3.4659
104.9008,0.885,3.7948
104.9010,0.9472,4.0579
104.9012,0.9699,4.1608
104.9014,0.9552,4.0942
104.9016,1.0024,4.2921
104.9018,0.9491,4.0813
104.9020,0.6957,2.9955
104.9022,0.6617,2.8468
104.9024,0.7053,3.0382
104.9026,0.6718,2.8861
104.9028,0.8158,3.5096
104.9030,0.7443,3.2036
104.9032,0.7571,3.2538
104.9034,0.7692,3.3059
104.9036,0.7734,3.3223
104.9038,0.8463,3.6321
104.9040,0.8777,3.7635
104.9042,0.8768,3.7721
104.9044,0.7773,3.344
104.9046,0.735,3.1619
104.9048,0.7393,3.1775
104.9050,0.8098,3.4822
104.9052,0.8139,3.4997
104.9054,0.7816,3.3594
104.9056,0.7877,3.381
104.9058,0.8248,3.545
104.9060,0.7844,3.376
104.9062,0.7087,3.0518
104.9064,0.6527,2.8159
104.9066,0.6459,2.78
104.9068,0.7325,3.1526
104.9070,0.6395,2.7526
104.9072,0.6674,2.8737
104.9074,0.6354,2.7384
104.9076,0.5822,2.5129
104.9078,0.5891,2.5412
104.9080,0.5886,2.5345
104.9082,0.6669,2.8716
104.9084,0.6583,2.8344
104.9086,0.6746,2.9047
104.9088,0.6433,2.7712
104.9090,0.6348,2.7332
104.9092,0.6454,2.7818
104.9094,0.6411,2.7632
104.9096,0.6411,2.7632
104.9098,0.6389,2.75
104.9100,0.7001,3.009
104.9102,0.7465,3.204
104.9104,0.8493,3.645
104.9106,0.852,3.6619
104.9108,0.8048,3.4621
104.9110,0.6857,2.9568
104.9112,0.6164,2.658
104.9114,0.6125,2.6397
104.9116,0.6129,2.6393
104.9118,0.6087,2.6212
104.9120,0.6116,2.6324
104.9122,0.625,2.6927
104.9124,0.6199,2.6729
104.9126,0.6114,2.6362
104.9128,0.6075,2.6173
104.9130,0.609,2.6235
104.9132,0.6152,2.6503
104.9134,0.665,2.8633
104.9136,0.697,3.0026
104.9138,0.6445,2.7764
104.9140,0.6126,2.639
104.9142,0.6048,2.603
104.9144,0.6469,2.7906
104.9146,0.555,2.3944
104.9148,0.547,2.3553
104.9150,0.5852,2.5224
104.9152,0.5936,2.5562
104.9154,0.5958,2.569
104.9156,0.5652,2.4383
104.9158,0.5557,2.3963
104.9160,0.5363,2.3137
104.9162,0.5422,2.3379
104.9164,0.5969,2.5677
104.9166,0.6566,2.8246
104.9168,0.6729,2.8988
104.9170,0.5833,2.5141
104.9172,0.6068,2.6105
104.9174,0.7349,3.1555
104.9176,0.8045,3.4563
104.9178,0.7782,3.3476
104.9180,0.7713,3.3136
104.9182,0.7864,3.3816
104.9184,0.7647,3.2898
104.9186,0.7242,3.1155
104.9188,0.7192,3.0938
104.9190,0.7538,3.2399
104.9192,0.7943,3.4125
104.9194,0.7653,3.294
104.9196,0.7194,3.0934
104.9198,0.7513,3.2246
104.9200,0.8111,3.4846
104.9202,0.7813,3.3642
104.9204,0.7039,3.0297
104.9206,0.683,2.9381
104.9208,0.7635,3.2832
104.9210,0.7674,3.2997
104.9212,0.7349,3.1555
104.9214,0.8098,3.4773
104.9216,0.8273,3.5492
104.9218,0.8895,3.8179
104.9220,0.8622,3.7057
104.9222,0.8189,3.5197
104.9224,0.8067,3.4688
104.9226,0.7169,3.0855
104.9228,0.6949,2.9924
104.9230,0.6382,2.7495
104.9232,0.5928,2.5537
104.9234,0.5905,2.5439
104.9236,0.5984,2.5804
104.9238,0.5915,2.5492
104.9240,0.5451,2.3525
104.9242,0.4872,2.1026
104.9244,0.4861,2.0998
104.9246,0.489,2.1103
104.9248,0.4914,2.1197
104.9250,0.4866,2.098
104.9252,0.583,2.5102
104.9254,0.6503,2.8004
104.9256,0.6295,2.713
104.9258,0.5876,2.5362
104.9260,0.5231,2.2557
104.9262,0.533,2.297
104.9264,0.5875,2.5287
104.9266,0.663,2.8538
104.9268,0.6848,2.9472
104.9270,0.6967,2.996
104.9272,0.7096,3.0497
104.9274,0.766,3.2955
104.9276,0.7252,3.1182
104.9278,0.7713,3.3151
104.9280,0.7213,3.1017
104.9282,0.731,3.1376
104.9284,0.9033,3.8717
104.9286,0.9989,4.2792
104.9288,0.9893,4.2461
104.9290,0.927,3.9785
104.9292,0.9166,3.9287
104.9294,0.9526,4.0848
104.9296,0.9514,4.0854
104.9298,0.9064,3.8868
104.9300,0.9555,4.0971
104.9302,0.9431,4.0479
104.9304,0.9302,3.9942
104.9306,0.8829,3.7896
104.9308,0.8804,3.7806
104.9310,0.9117,3.9149
104.9312,0.8628,3.7083
104.9314,0.7857,3.3754
104.9316,0.8057,3.4663
104.9318,0.7674,3.2981
104.9320,0.8441,3.6246
104.9322,0.8368,3.5932
104.9324,0.8198,3.5217
104.9326,0.8184,3.5226
104.9328,0.6324,2.7242
104.9330,0.6235,2.686
104.9332,0.6766,2.9094
104.9334,0.7283,3.136
104.9336,0.6665,2.8727
104.9338,0.6238,2.6888
104.9340,0.6171,2.6586
104.9342,0.6139,2.6446
104.9344,0.6283,2.7066
104.9346,0.6285,2.7077
104.9348,0.6157,2.6536
104.9350,0.5607,2.4198
104.9352,0.5915,2.5457
104.9354,0.6639,2.8574
104.9356,0.6497,2.7978
104.9358,0.647,2.7846
104.9360,0.6476,2.7898
104.9362,0.5969,2.5689
104.9364,0.6624,2.8499
104.9366,0.7095,3.0591
104.9368,0.6669,2.8716
104.9370,0.6265,2.6964
104.9372,0.6595,2.8396
104.9374,0.6567,2.8264
104.9376,0.6607,2.8448
104.9378,0.6395,2.7513
104.9380,0.6559,2.8254
104.9382,0.6102,2.6298
104.9384,0.6505,2.7996
104.9386,0.7477,3.2151
104.9388,0.7357,3.1635
104.9390,0.755,3.2496
104.9392,0.6559,2.8228
104.9394,0.6091,2.6264
104.9396,0.5596,2.4106
104.9398,0.6755,2.9088
104.9400,0.6464,2.7859
104.9402,0.5772,2.49
104.9404,0.511,2.2045
104.9406,0.5099,2.1999
104.9408,0.4984,2.1482
104.9410,0.5886,2.5321
104.9412,0.6295,2.7118
104.9414,0.6051,2.6081
104.9416,0.6169,2.6588
104.9418,0.6069,2.6147
104.9420,0.6021,2.594
104.9422,0.6169,2.6563
104.9424,0.646,2.7805
104.9426,0.6349,2.7363
104.9428,0.5237,2.2604
104.9430,0.4814,2.0787
104.9432,0.4837,2.0885
104.9434,0.4846,2.0927
104.9436,0.4896,2.1129
104.9438,0.4526,1.9544
104.9440,0.4013,1.7336
104.9442,0.3962,1.7122
104.9444,0.4001,1.7285
104.9446,0.4113,1.7742
104.9448,0.4569,1.9731
104.9450,0.4507,1.947
104.9452,0.4461,1.9256
104.9454,0.446,1.9242
104.9456,0.4476,1.9318
104.9458,0.4941,2.1306
104.9460,0.487,2.103
104.9462,0.45,1.943
104.9464,0.4519,1.9495
104.9466,0.4565,1.9701
104.9468,0.4701,2.0281
104.9470,0.4783,2.0643
104.9472,0.4714,2.0319
104.9474,0.5252,2.2614
104.9476,0.5949,2.5595
104.9478,0.6589,2.8344
104.9480,0.6174,2.6621
104.9482,0.4879,2.1037
104.9484,0.4673,2.0167
104.9486,0.4619,1.9906
104.9488,0.5364,2.311
104.9490,0.535,2.3037
104.9492,0.5586,2.4065
104.9494,0.5583,2.405
104.9496,0.5742,2.4748
104.9498,0.5701,2.4527
104.9500,0.6138,2.6453
104.9502,0.5579,2.409
104.9504,0.4779,2.0618
104.9506,0.4517,1.9476
104.9508,0.4999,2.1534
104.9510,0.5494,2.3634
104.9512,0.613,2.6361
104.9514,0.6204,2.675
104.9516,0.5514,2.3777
104.9518,0.5577,2.4046
104.9520,0.566,2.4419
104.9522,0.4704,2.0292
104.9524,0.4701,2.0253
104.9526,0.5172,2.2304
104.9528,0.5264,2.2697
104.9530,0.4495,1.9383
104.9532,0.4291,1.8521
104.9534,0.4283,1.8485
104.9536,0.4325,1.8666
104.9538,0.4325,1.8657
104.9540,0.4272,1.8455
104.9542,0.4238,1.8293
104.9544,0.4253,1.8347
104.9546,0.4641,2.0023
104.9548,0.4318,1.8635
104.9550,0.4153,1.7918
104.9552,0.4351,1.878
104.9554,0.426,1.8386
104.9556,0.4252,1.835
104.9558,0.4354,1.8773
104.9560,0.4592,1.9783
104.9562,0.4994,2.1533
104.9564,0.4772,2.0558
104.9566,0.4785,2.0605
104.9568,0.5103,2.1984
104.9570,0.5298,2.2857
104.9572,0.4931,2.1235
104.9574,0.5577,2.4002
104.9576,0.5812,2.5036
104.9578,0.5308,2.2867
104.9580,0.532,2.2876
104.9582,0.6238,2.6813
104.9584,0.6645,2.856
104.9586,0.6804,2.9231
104.9588,0.7194,3.0934
104.9590,0.6958,2.9933
104.9592,0.6246,2.6831
104.9594,0.7035,3.0178
104.9596,0.7821,3.3553
104.9598,0.8746,3.7448
104.9600,0.9351,4.0079
104.9602,0.9367,4.007
104.9604,0.9985,4.2797
104.9606,0.8771,3.7626
104.9608,0.8706,3.7331
104.9610,0.841,3.6061
104.9612,0.8672,3.717
104.9614,0.9067,3.8842
104.9616,0.9277,3.9704
104.9618,0.9538,4.088
104.9620,0.9235,3.9562
104.9622,1.0024,4.2881
104.9624,1.0195,4.3696
104.9626,0.9285,3.9796
104.9628,0.9271,3.9753
104.9630,0.8879,3.8018
104.9632,0.9662,4.1371
104.9634,0.9783,4.2007
104.9636,0.8334,3.5771
104.9638,0.8562,3.6766
104.9640,0.8358,3.5874
104.9642,0.8591,3.6838
104.9644,0.868,3.7235
104.9646,0.8692,3.7322
104.9648,0.8401,3.6042
104.9650,0.8702,3.7385
104.9652,0.7796,3.3476
104.9654,0.9335,4.003
104.9656,0.9002,3.8601
104.9658,0.9415,4.0389
104.9660,0.9118,3.91
104.9662,0.9057,3.8838
104.9664,0.8707,3.7406
104.9666,0.8005,3.4372
104.9668,0.8204,3.5259
104.9670,0.7818,3.3568
104.9672,0.8012,3.445
104.9674,0.7875,3.3816
104.9676,0.831,3.5684
104.9678,0.8533,3.6608
104.9680,0.8635,3.7131
104.9682,0.7951,3.4188
104.9684,0.7812,3.3574
104.9686,0.7903,3.395
104.9688,0.785,3.3692
104.9690,0.8363,3.5894
104.9692,0.8629,3.7071
104.9694,0.857,3.6767
104.9696,0.9241,3.9643
104.9698,0.9292,3.992
104.9700,0.8648,3.7102
104.9702,0.8931,3.8351
104.9704,0.8425,3.6263
104.9706,0.746,3.2094
104.9708,0.746,3.2064
104.9710,0.7621,3.2754
104.9712,0.7535,3.2444
104.9714,0.6923,2.9783
104.9716,0.7496,3.2234
104.9718,0.755,3.2511
104.9720,0.6725,2.8972
104.9722,0.6674,2.8723
104.9724,0.6895,2.9678
104.9726,0.711,3.0602
104.9728,0.7382,3.1714
104.9730,0.8656,3.7236
104.9732,0.7111,3.0607
104.9734,0.7186,3.0884
104.9736,0.7561,3.2512
104.9738,0.724,3.1174
104.9740,0.7087,3.0461
104.9742,0.7165,3.0868
104.9744,0.6857,2.9527
104.9746,0.6893,2.964
104.9748,0.7615,3.2744
104.9750,0.7647,3.2868
104.9752,0.7651,3.2914
104.9754,0.7689,3.311
104.9756,0.7014,3.0189
104.9758,0.6608,2.8453
104.9760,0.661,2.845
104.9762,0.7343,3.153
104.9764,0.8837,3.7874
104.9766,0.9261,3.9786
104.9768,0.7843,3.3708
104.9770,0.84,3.6037
104.9772,0.8875,3.8109
104.9774,0.8587,3.6874
104.9776,0.8552,3.6741
104.9778,0.8576,3.6845
104.9780,0.8262,3.5511
104.9782,0.8134,3.4928
104.9784,0.8397,3.6105
104.9786,0.8092,3.478
104.9788,0.7448,3.2042
104.9790,0.7395,3.183
104.9792,0.7491,3.2243
104.9794,0.7927,3.4005
104.9796,0.9252,3.9689
104.9798,0.9532,4.0912
104.9800,0.8861,3.8065
104.9802,0.8272,3.5536
104.9804,0.8056,3.4625
104.9806,0.8086,3.4819
104.9808,0.7049,3.0367
104.9810,0.6542,2.8169
104.9812,0.6574,2.8348
104.9814,0.5637,2.4305
104.9816,0.5578,2.404
104.9818,0.5589,2.4109
104.9820,0.5511,2.3784
104.9822,0.5538,2.3881
104.9824,0.5536,2.3881
104.9826,0.5543,2.3924
104.9828,0.6009,2.5876
104.9830,0.7071,3.0474
104.9832,0.5891,2.5412
104.9834,0.5545,2.3923
104.9836,0.5519,2.3798
104.9838,0.5577,2.4035
104.9840,0.6231,2.6844
104.9842,0.6778,2.9186
104.9844,0.6879,2.962
104.9846,0.6595,2.8449
104.9848,0.5609,2.4208
104.9850,0.5502,2.3748
104.9852,0.581,2.5008
104.9854,0.6578,2.8311
104.9856,0.6458,2.7833
104.9858,0.6372,2.7461
104.9860,0.6337,2.7273
104.9862,0.7388,3.174
104.9864,0.7782,3.3523
104.9866,0.6706,2.8876
104.9868,0.6533,2.8146
104.9870,0.6379,2.7454
104.9872,0.6487,2.7931
104.9874,0.6608,2.8466
104.9876,0.7165,3.0796
104.9878,0.8015,3.445
104.9880,0.7502,3.2289
104.9882,0.6935,2.989
104.9884,0.6208,2.6734
104.9886,0.6045,2.6056
104.9888,0.5967,2.572
104.9890,0.632,2.7214
104.9892,0.6742,2.9018
104.9894,0.718,3.0858
104.9896,0.8026,3.4561
104.9898,0.7054,3.0373
104.9900,0.6285,2.7077
104.9902,0.5662,2.4391
104.9904,0.5714,2.4629
104.9906,0.6362,2.7433
104.9908,0.6314,2.72
104.9910,0.6332,2.7253
104.9912,0.6538,2.8166
104.9914,0.617,2.6568
104.9916,0.6521,2.8107
104.9918,0.6261,2.6948
104.9920,0.6717,2.8963
104.9922,0.6116,2.636
104.9924,0.6383,2.7487
104.9926,0.6844,2.9415
104.9928,0.7597,3.2667
104.9930,0.7599,3.2631
104.9932,0.815,3.5011
104.9934,0.8039,3.4569
104.9936,0.7886,3.3893
104.9938,0.7505,3.227
104.9940,0.7416,3.1933
104.9942,0.7005,3.012
104.9944,0.7659,3.2904
104.9946,0.7954,3.4171
104.9948,0.8176,3.5091
104.9950,0.8893,3.8133
104.9952,0.9224,3.9571
104.9954,0.8969,3.8475
104.9956,0.8943,3.8385
104.9958,0.8825,3.7858
104.9960,0.9136,3.9213
104.9962,0.8922,3.831
104.9964,0.885,3.7948
104.9966,0.9192,3.9395
104.9968,0.9399,4.034
104.9970,0.9524,4.0838
104.9972,0.997,4.271
104.9974,0.9834,4.2209
104.9976,0.9361,4.0195
104.9978,0.9164,3.9332
104.9980,0.9061,3.8871
104.9982,0.9015,3.8712
104.9984,0.9277,3.9853
104.9986,0.9129,3.9183
104.9988,0.9088,3.9026
104.9990,0.9103,3.9088
104.9992,0.8863,3.8147
104.9994,0.7127,3.066
104.9996,0.8075,3.4691
104.9998,0.7943,3.4141
105.0000,0.7806,3.3595
105.0002,0.7806,3.3579
105.0004,0.7526,3.2393
105.0006,0.724,3.1159
105.0008,0.7026,3.0227
105.0010,0.7507,3.2295
105.0012,0.7832,3.3646
105.0014,0.7826,3.373
105.0016,0.6007,2.5938
105.0018,0.5949,2.5642
105.0020,0.6256,2.694
105.0022,0.6545,2.8171
105.0024,0.6678,2.8784
105.0026,0.6178,2.6654
105.0028,0.5982,2.5746
105.0030,0.6716,2.8917
105.0032,0.6645,2.8666
105.0034,0.5965,2.5733
105.0036,0.5869,2.5296
105.0038,0.6138,2.6441
105.0040,0.5965,2.5757
105.0042,0.4958,2.1398
105.0044,0.4948,2.1327
105.0046,0.5481,2.3643
105.0048,0.494,2.135
105.0050,0.4897,2.1164
105.0052,0.4908,2.1191
105.0054,0.4943,2.1336
105.0056,0.5102,2.2009
105.0058,0.5831,2.5131
105.0060,0.5511,2.3762
105.0062,0.5758,2.4815
105.0064,0.5844,2.5211
105.0066,0.5827,2.5162
105.0068,0.5282,2.2774
105.0070,0.589,2.5396
105.0072,0.596,2.5689
105.0074,0.5783,2.4889
105.0076,0.68,2.9306
105.0078,0.6253,2.6912
105.0080,0.6339,2.7309
105.0082,0.5965,2.5733
105.0084,0.5369,2.3162
105.0086,0.5242,2.2593
105.0088,0.5174,2.2309
105.0090,0.5226,2.2557
105.0092,0.5466,2.3581
105.0094,0.5597,2.4078
105.0096,0.6958,2.9891
105.0098,0.6953,3.0023
105.0100,0.4942,2.1321
105.0102,0.5104,2.203
105.0104,0.4634,2.002
105.0106,0.4545,1.9618
105.0108,0.4523,1.952
105.0110,0.4499,1.9425
105.0112,0.4531,1.9538
105.0114,0.525,2.2629
105.0116,0.5119,2.2102
105.0118,0.4464,1.9293
105.0120,0.4334,1.8707
105.0122,0.4325,1.8674
105.0124,0.4321,1.8676
105.0126,0.4339,1.8737
105.0128,0.4286,1.8509
105.0130,0.4254,1.8369
105.0132,0.4282,1.8488
105.0134,0.4324,1.8661
105.0136,0.4355,1.8804
105.0138,0.4308,1.8602
105.0140,0.4301,1.858
105.0142,0.4284,1.8481
105.0144,0.469,2.0263
105.0146,0.4284,1.8498
105.0148,0.4226,1.8225
105.0150,0.4415,1.9054
105.0152,0.4501,1.9418
105.0154,0.4354,1.8816
105.0156,0.4182,1.805
105.0158,0.4173,1.8
105.0160,0.4254,1.8369
105.0162,0.4302,1.8559
105.0164,0.4476,1.93
105.0166,0.4411,1.903
105.0168,0.4966,2.1405
105.0170,0.5652,2.4327
105.0172,0.6338,2.7253
105.0174,0.7048,3.0348
105.0176,0.6217,2.6745
105.0178,0.608,2.6132
105.0180,0.6708,2.8806
105.0182,0.7236,3.1071
105.0184,0.703,3.02
105.0186,0.7091,3.0533
105.0188,0.5973,2.5745
105.0190,0.5633,2.4267
105.0192,0.5677,2.4446
105.0194,0.5764,2.483
105.0196,0.6126,2.6328
105.0198,0.6524,2.8078
105.0200,0.5924,2.5498
105.0202,0.5976,2.572
105.0204,0.6508,2.8011
105.0206,0.6001,2.5876
105.0208,0.5193,2.2392
105.0210,0.5051,2.1751
105.0212,0.5596,2.4084
105.0214,0.5556,2.3947
105.0216,0.5666,2.4389
105.0218,0.5376,2.3172
105.0220,0.5194,2.2397
105.0222,0.5308,2.2856
105.0224,0.5729,2.4668
105.0226,0.574,2.4749
105.0228,0.5241,2.2599
105.0230,0.4513,1.9478
105.0232,0.3839,1.6578
105.0234,0.3801,1.6404
105.0236,0.3766,1.6254
105.0238,0.3754,1.6218
105.0240,0.3776,1.6303
105.0242,0.3828,1.65
105.0244,0.4649,2.0035
105.0246,0.4794,2.068
105.0248,0.4741,2.0433
105.0250,0.4762,2.0507
105.0252,0.4869,2.0996
105.0254,0.4954,2.1353
105.0256,0.4896,2.11
105.0258,0.5163,2.2252
105.0260,0.5435,2.3403
105.0262,0.5665,2.4361
105.0264,0.6538,2.8101
105.0266,0.7054,3.0261
105.0268,0.7705,3.3054
105.0270,0.7535,3.2338
105.0272,0.7622,3.2729
105.0274,0.8184,3.5127
105.0276,0.7807,3.3475
105.0278,0.7948,3.4114
105.0280,0.7841,3.364
105.0282,0.826,3.5435
105.0284,0.8452,3.6191
105.0286,0.8574,3.6783
105.0288,0.8364,3.5883
105.0290,0.8235,3.5377
105.0292,0.849,3.6304
105.0294,1.0403,4.4481
105.0296,1.0474,4.4789
105.0298,1.0633,4.5466
105.0300,1.0789,4.6154
105.0302,1.041,4.4533
105.0304,1.0586,4.5266
105.0306,1.0603,4.5359
105.0308,1.0379,4.4503
105.0310,0.9038,3.8773
105.0312,0.8765,3.7618
105.0314,0.8638,3.7021
105.0316,0.8989,3.8598
105.0318,0.7803,3.3522
105.0320,0.7689,3.3094
105.0322,0.8092,3.478
105.0324,0.8108,3.4798
105.0326,0.8294,3.5629
105.0328,0.7694,3.3053
105.0330,0.7869,3.3837
105.0332,0.7416,3.1888
105.0334,0.702,3.0201
105.0336,0.6905,2.9664
105.0338,0.7345,3.1613
105.0340,0.7223,3.1029
105.0342,0.7816,3.3548
105.0344,0.7527,3.2337
105.0346,0.7573,3.2533
105.0348,0.8253,3.5454
105.0350,0.7821,3.3631
105.0352,0.7771,3.3336
105.0354,0.8452,3.6309
105.0356,0.8008,3.4451
105.0358,0.7379,3.1684
105.0360,0.8248,3.54
105.0362,0.853,3.6661
105.0364,0.7731,3.3198
105.0366,0.7961,3.4202
105.0368,0.8109,3.4884
105.0370,0.7847,3.3713
105.0372,0.7828,3.3646
105.0374,0.7717,3.3151
105.0376,0.8274,3.5497
105.0378,0.8562,3.68
105.0380,0.777,3.3456
105.0382,0.7075,3.0424
105.0384,0.7369,3.1672
105.0386,0.7225,3.1054
105.0388,0.7515,3.2301
105.0390,0.8246,3.5357
105.0392,0.8374,3.6008
105.0394,0.7977,3.4253
105.0396,0.8261,3.549
105.0398,0.8166,3.5116
105.0400,0.755,3.2481
105.0402,0.7488,3.2168
105.0404,0.8388,3.5986
105.0406,0.8567,3.682
105.0408,0.8208,3.5263
105.0410,0.8117,3.4839
105.0412,0.834,3.5846
105.0414,0.8331,3.5872
105.0416,0.6949,2.991
105.0418,0.6742,2.9031
105.0420,0.6718,2.8928
105.0422,0.6988,3.002
105.0424,0.8112,3.4802
105.0426,0.8897,3.8166
105.0428,0.8659,3.7252
105.0430,0.7423,3.1949
105.0432,0.7385,3.1754
105.0434,0.7531,3.2413
105.0436,0.7301,3.1422
105.0438,0.7381,3.1739
105.0440,0.7395,3.1756
105.0442,0.8098,3.4789
105.0444,0.8523,3.6596
105.0446,0.8958,3.8483
105.0448,0.7585,3.2661
105.0450,0.7053,3.0326
105.0452,0.7381,3.1724
105.0454,0.7304,3.1438
105.0456,0.7214,3.0964
105.0458,0.8963,3.8449
105.0460,0.9393,4.0352
105.0462,0.8329,3.5867
105.0464,0.7056,3.0412
105.0466,0.6627,2.8549
105.0468,0.6477,2.7916
105.0470,0.59,2.5407
105.0472,0.6502,2.7985
105.0474,0.6241,2.6898
105.0476,0.631,2.7223
105.0478,0.6212,2.6799
105.0480,0.5813,2.5076
105.0482,0.5699,2.4573
105.0484,0.566,2.4419
105.0486,0.5688,2.4493
105.0488,0.6314,2.7188
105.0490,0.6737,2.897
105.0492,0.7859,3.378
105.0494,0.7983,3.4359
105.0496,0.6953,2.994
105.0498,0.6387,2.7516
105.0500,0.6105,2.6338
105.0502,0.596,2.5641
105.0504,0.6693,2.8806
105.0506,0.6842,2.9446
105.0508,0.6545,2.8224
105.0510,0.5608,2.4181
105.0512,0.5848,2.5191
105.0514,0.6652,2.8617
105.0516,0.696,2.9985
105.0518,0.6445,2.7764
105.0520,0.6342,2.7319
105.0522,0.6367,2.739
105.0524,0.7205,3.101
105.0526,0.7026,3.0269
105.0528,0.6372,2.7436
105.0530,0.6415,2.7647
105.0532,0.6381,2.749
105.0534,0.631,2.7071
105.0536,0.7345,3.1613
105.0538,0.6412,2.7624
105.0540,0.6337,2.7286
105.0542,0.6383,2.75
105.0544,0.6453,2.78
105.0546,0.7011,3.0188
105.0548,0.655,2.8244
105.0550,0.5569,2.4004
105.0552,0.5455,2.3524
105.0554,0.5384,2.3225
105.0556,0.5331,2.2986
105.0558,0.5399,2.3281
105.0560,0.5538,2.387
105.0562,0.5949,2.5642
105.0564,0.6442,2.7702
105.0566,0.6958,2.9946
105.0568,0.6447,2.7761
105.0570,0.6133,2.6421
105.0572,0.6128,2.64
105.0574,0.6253,2.6912
105.0576,0.7309,3.1429
105.0578,0.7271,3.1293
105.0580,0.7303,3.1418
105.0582,0.7707,3.3126
105.0584,0.7772,3.3388
105.0586,0.7789,3.3429
105.0588,0.8025,3.4491
105.0590,0.7681,3.2997
105.0592,0.7985,3.4289
105.0594,0.7991,3.4331
105.0596,0.7828,3.3662
105.0598,0.773,3.3239
105.0600,0.7226,3.1117
105.0602,0.7031,3.0205
105.0604,0.7958,3.4155
105.0606,0.8297,3.5628
105.0608,0.8483,3.6443
105.0610,0.8523,3.6562
105.0612,0.8955,3.8418
105.0614,0.9334,4.0025
105.0616,0.9946,4.2548
105.0618,1.0874,4.6496
105.0620,1.1093,4.7479
105.0622,1.0923,4.6772
105.0624,1.1096,4.7489
105.0626,1.1478,4.9149
105.0628,1.0924,4.6843
105.0630,1.088,4.6522
105.0632,1.1622,4.9672
105.0634,1.1078,4.7523
105.0636,0.9078,3.8979
105.0638,0.9052,3.8908
105.0640,0.8331,3.5789
105.0642,0.8602,3.697
105.0644,0.8126,3.4908
105.0646,0.8651,3.7181
105.0648,0.8081,3.4733
105.0650,0.8147,3.5033
105.0652,0.7648,3.2965
105.0654,0.6664,2.8709
105.0656,0.6441,2.7748
105.0658,0.6589,2.841
105.0660,0.6274,2.703
105.0662,0.621,2.6739
105.0664,0.6213,2.6754
105.0666,0.6253,2.6962
105.0668,0.6218,2.6787
105.0670,0.6652,2.8684
105.0672,0.6255,2.696
105.0674,0.6084,2.6233
105.0676,0.6231,2.6869
105.0678,0.6274,2.703
105.0680,0.6255,2.6972
105.0682,0.6107,2.6319
105.0684,0.6394,2.7495
105.0686,0.73,3.1432
105.0688,0.6923,2.9824
105.0690,0.6556,2.8231
105.0692,0.7091,3.0548
105.0694,0.6336,2.7306
105.0696,0.6304,2.7147
105.0698,0.6524,2.8157
105.0700,0.5598,2.4117
105.0702,0.6283,2.7066
105.0704,0.6107,2.6344
105.0706,0.5725,2.4722
105.0708,0.534,2.3028
105.0710,0.6041,2.6011
105.0712,0.5981,2.5765
105.0714,0.6175,2.6651
105.0716,0.5225,2.2531
105.0718,0.5409,2.3355
105.0720,0.4988,2.1538
105.0722,0.5037,2.174
105.0724,0.593,2.5524
105.0726,0.7234,3.1133
105.0728,0.6506,2.8014
105.0730,0.6608,2.8506
105.0732,0.5488,2.3631
105.0734,0.6019,2.599
105.0736,0.508,2.1936
105.0738,0.5167,2.2278
105.0740,0.5603,2.4137
105.0742,0.5674,2.4476
105.0744,0.5767,2.488
105.0746,0.5782,2.4907
105.0748,0.6393,2.7516
105.0750,0.6554,2.822
105.0752,0.6072,2.6218
105.0754,0.5163,2.2273
105.0756,0.5297,2.281
105.0758,0.6848,2.9444
105.0760,0.7579,3.2604
105.0762,0.7399,3.1816
105.0764,0.6994,3.0129
105.0766,0.6352,2.7353
105.0768,0.6571,2.828
105.0770,0.6508,2.8011
105.0772,0.6557,2.8262
105.0774,0.656,2.8246
105.0776,0.6603,2.8406
105.0778,0.6837,2.9384
105.0780,0.6762,2.9092
105.0782,0.6834,2.9442
105.0784,0.6381,2.749
105.0786,0.6296,2.711
105.0788,0.6345,2.7322
105.0790,0.691,2.9726
105.0792,0.763,3.2826
105.0794,0.7437,3.1981
105.0796,0.6948,2.9891
105.0798,0.6822,2.9377
105.0800,0.6339,2.7284
105.0802,0.6717,2.8923
105.0804,0.693,2.9842
105.0806,0.5653,2.44
105.0808,0.4761,2.0559
105.0810,0.4706,2.0321
105.0812,0.4845,2.0902
105.0814,0.4764,2.0541
105.0816,0.467,2.0166
105.0818,0.4931,2.1284
105.0820,0.4951,2.1357
105.0822,0.4701,2.0291
105.0824,0.4646,2.0062
105.0826,0.4643,2.0037
105.0828,0.4645,2.0038
105.0830,0.4633,1.9987
105.0832,0.4685,2.0228
105.0834,0.4629,1.998
105.0836,0.4924,2.1224
105.0838,0.5647,2.434
105.0840,0.6067,2.6136
105.0842,0.6178,2.6604
105.0844,0.6243,2.6871
105.0846,0.6177,2.6612
105.0848,0.6236,2.6852
105.0850,0.6172,2.6566
105.0852,0.6497,2.7991
105.0854,0.589,2.5396
105.0856,0.5535,2.3843
105.0858,0.5521,2.3797
105.0860,0.5505,2.3725
105.0862,0.5613,2.419
105.0864,0.5547,2.3906
105.0866,0.5422,2.3358
105.0868,0.5419,2.3358
105.0870,0.5319,2.2935
105.0872,0.5464,2.356
105.0874,0.5844,2.5164
105.0876,0.5934,2.5551
105.0878,0.5922,2.5511
105.0880,0.6218,2.6762
105.0882,0.6759,2.9063
105.0884,0.6996,3.0098
105.0886,0.6755,2.9061
105.0888,0.6701,2.8802
105.0890,0.7324,3.1491
105.0892,0.7181,3.0863
105.0894,0.7181,3.0878
105.0896,0.6954,2.9875
105.0898,0.7216,3.1027
105.0900,0.6935,2.9876
105.0902,0.5997,2.5825
105.0904,0.6331,2.7248
105.0906,0.588,2.5378
105.0908,0.4892,2.1084
105.0910,0.4911,2.1187
105.0912,0.4892,2.1104
105.0914,0.4778,2.0603
105.0916,0.482,2.0765
105.0918,0.5415,2.3337
105.0920,0.5066,2.1864
105.0922,0.5061,2.1823
105.0924,0.5461,2.3506
105.0926,0.6037,2.5983
105.0928,0.589,2.5372
105.0930,0.5802,2.4983
105.0932,0.6651,2.8572
105.0934,0.7288,3.1293
105.0936,0.7683,3.3038
105.0938,0.7246,3.1127
105.0940,0.7676,3.2961
105.0942,0.8001,3.434
105.0944,0.8021,3.4412
105.0946,0.8711,3.7317
105.0948,0.9377,4.0192
105.0950,0.9226,3.9563
105.0952,0.9237,3.9572
105.0954,0.9659,4.1419
105.0956,0.9551,4.0937
105.0958,0.9328,4.0018
105.0960,0.9289,3.9811
105.0962,0.9254,3.9644
105.0964,0.9716,4.1641
105.0966,0.9448,4.0533
105.0968,0.9,3.8627
105.0970,0.9066,3.8874
105.0972,0.9021,3.8701
105.0974,0.8882,3.8069
105.0976,0.9317,3.9972
105.0978,0.8463,3.6355
105.0980,0.8442,3.62
105.0982,0.9031,3.8706
105.0984,0.9648,4.1392
105.0986,0.9274,3.9768
105.0988,0.9883,4.24
105.0990,0.9243,3.9634
105.0992,0.8672,3.7309
105.0994,0.7375,3.1728
105.0996,0.7205,3.0981
105.0998,0.7693,3.3033
105.1000,0.8124,3.487
105.1002,0.8523,3.6613
105.1004,0.8584,3.6875
105.1006,0.8845,3.7963
105.1008,0.8551,3.6736
105.1010,0.8006,3.4425
105.1012,0.7078,3.0434
105.1014,0.7344,3.1593
105.1016,0.7294,3.1391
105.1018,0.6975,2.9991
105.1020,0.8218,3.5272
105.1022,0.9038,3.881
105.1024,0.8477,3.64
105.1026,0.8108,3.4847
105.1028,0.7627,3.2765
105.1030,0.8172,3.5109
105.1032,0.8527,3.6667
105.1034,0.7286,3.1331
105.1036,0.75,3.2264
105.1038,0.697,3.0026
105.1040,0.669,2.8796
105.1042,0.7207,3.1005
105.1044,0.7476,3.2131
105.1046,0.7325,3.154
105.1048,0.6688,2.8799
105.1050,0.71,3.0546
105.1052,0.7394,3.181
105.1054,0.6906,2.9725
105.1056,0.6704,2.8866
105.1058,0.702,3.0173
105.1060,0.7471,3.2155
105.1062,0.6773,2.9192
105.1064,0.5761,2.4831
105.1066,0.5641,2.4337
105.1068,0.5729,2.4691
105.1070,0.6309,2.7142
105.1072,0.7041,3.0317
105.1074,0.6454,2.7805
105.1076,0.5966,2.5726
105.1078,0.6012,2.5875
105.1080,0.6929,2.9795
105.1082,0.6948,2.9947
105.1084,0.6544,2.8179
105.1086,0.7277,3.1232
105.1088,0.8337,3.5798
105.1090,0.899,3.8622
105.1092,0.8268,3.5554
105.1094,0.8094,3.4774
105.1096,0.7847,3.3744
105.1098,0.7459,3.2133
105.1100,0.664,2.8592
105.1102,0.6404,2.7562
105.1104,0.6315,2.7218
105.1106,0.6632,2.8556
105.1108,0.6254,2.693
105.1110,0.619,2.6681
105.1112,0.611,2.6347
105.1114,0.602,2.5935
105.1116,0.6144,2.6467
105.1118,0.6096,2.6248
105.1120,0.6325,2.7234
105.1122,0.6991,3.0105
105.1124,0.6481,2.7918
105.1126,0.6168,2.6558
105.1128,0.6686,2.8815
105.1130,0.6276,2.706
105.1132,0.544,2.3479
105.1134,0.5308,2.2909
105.1136,0.5388,2.3224
105.1138,0.5368,2.3147
105.1140,0.531,2.2909
105.1142,0.5276,2.277
105.1144,0.5296,2.2847
105.1146,0.5406,2.3312
105.1148,0.5374,2.3183
105.1150,0.5298,2.2857
105.1152,0.5264,2.2707
105.1154,0.5372,2.3141
105.1156,0.6065,2.6114
105.1158,0.6501,2.8019
105.1160,0.5738,2.4733
105.1162,0.5756,2.4776
105.1164,0.6536,2.8143
105.1166,0.6764,2.911
105.1168,0.7053,3.0298
105.1170,0.7807,3.3584
105.1172,0.7437,3.1981
105.1174,0.8053,3.4577
105.1176,0.8823,3.7888
105.1178,0.8917,3.8254
105.1180,0.9146,3.9273
105.1182,0.8544,3.6705
105.1184,0.8252,3.5482
105.1186,0.7331,3.1537
105.1188,0.7999,3.433
105.1190,0.8716,3.739
105.1192,0.8616,3.698
105.1194,0.867,3.7229
105.1196,0.8493,3.6484
105.1198,0.7972,3.4328
105.1200,0.6611,2.8481
105.1202,0.6874,2.9571
105.1204,0.675,2.904
105.1206,0.7351,3.1595
105.1208,0.6618,2.8499
105.1210,0.6279,2.7063
105.1212,0.6122,2.6399
105.1214,0.5471,2.3602
105.1216,0.4937,2.131
105.1218,0.4929,2.1274
105.1220,0.4911,2.1187
105.1222,0.6017,2.592
105.1224,0.5949,2.5666
105.1226,0.4996,2.1564
105.1228,0.4933,2.1299
105.1230,0.4905,2.118
105.1232,0.4879,2.1047
105.1234,0.4864,2.0965
105.1236,0.5503,2.3698
105.1238,0.5864,2.5263
105.1240,0.588,2.5331
105.1242,0.5872,2.533
105.1244,0.5099,2.2009
105.1246,0.4718,2.0373
105.1248,0.4681,2.0212
105.1250,0.4699,2.028
105.1252,0.4726,2.039
105.1254,0.4762,2.0545
105.1256,0.5101,2.1983
105.1258,0.5364,2.311
105.1260,0.6182,2.6645
105.1262,0.5894,2.5404
105.1264,0.5772,2.4854
105.1266,0.5771,2.4872
105.1268,0.5976,2.5684
105.1270,0.7404,3.1807
105.1272,0.7642,3.2847
105.1274,0.8138,3.4943
105.1276,0.8418,3.6148
105.1278,0.8417,3.6227
105.1280,0.7582,3.2529
105.1282,0.8859,3.7972
105.1284,0.9719,4.1598
105.1286,0.9941,4.2607
105.1288,0.9317,3.9935
105.1290,0.959,4.1101
105.1292,0.968,4.1467
105.1294,0.9712,4.1664
105.1296,0.9331,4.0028
105.1298,0.9277,3.9834
105.1300,0.8907,3.8213
105.1302,0.8871,3.8041
105.1304,0.8873,3.8099
105.1306,0.8839,3.7955
105.1308,0.871,3.7381
105.1310,0.8636,3.7068
105.1312,0.8942,3.8398
105.1314,0.8582,3.687
105.1316,0.8286,3.5532
105.1318,0.891,3.8241
105.1320,0.8662,3.7176
105.1322,0.8262,3.5511
105.1324,0.7985,3.4369
105.1326,0.7254,3.1236
105.1328,0.6716,2.8917
105.1330,0.6172,2.6616
105.1332,0.6032,2.6011
105.1334,0.5965,2.5685
105.1336,0.6238,2.685
105.1338,0.6199,2.6692
105.1340,0.6012,2.5923
105.1342,0.5903,2.5441
105.1344,0.628,2.7056
105.1346,0.6362,2.742
105.1348,0.5659,2.4426
105.1350,0.5732,2.4707
105.1352,0.64,2.756
105.1354,0.6368,2.7395
105.1356,0.6308,2.72
105.1358,0.6356,2.7381
105.1360,0.6107,2.6344
105.1362,0.5292,2.281
105.1364,0.6021,2.5904
105.1366,0.673,2.8993
105.1368,0.6537,2.8122
105.1370,0.714,3.0717
105.1372,0.7006,3.0153
105.1374,0.6951,2.9902
105.1376,0.7258,3.1237
105.1378,0.7374,3.1693
105.1380,0.7419,3.1889
105.1382,0.7071,3.0474
105.1384,0.6114,2.6338
105.1386,0.6472,2.7856
105.1388,0.691,2.9726
105.1390,0.6589,2.841
105.1392,0.6176,2.6631
105.1394,0.6154,2.6526
105.1396,0.5895,2.5433
105.1398,0.5237,2.2552
105.1400,0.5533,2.3871
105.1402,0.5131,2.2123
105.1404,0.5069,2.1869
105.1406,0.5,2.1589
105.1408,0.5139,2.2169
105.1410,0.5421,2.3341
105.1412,0.6061,2.6171
105.1414,0.4512,1.95
105.1416,0.4061,1.7535
105.1418,0.4101,1.7706
105.1420,0.4078,1.7567
105.1422,0.57,2.4567
105.1424,0.5834,2.5158
105.1426,0.5686,2.4539
105.1428,0.4613,1.9917
105.1430,0.4346,1.8768
105.1432,0.4288,1.8523
105.1434,0.4304,1.8586
105.1436,0.4325,1.8674
105.1438,0.4325,1.8657
105.1440,0.4348,1.8764
105.1442,0.4286,1.8526
105.1444,0.4328,1.8699
105.1446,0.4337,1.8718
105.1448,0.433,1.8704
105.1450,0.431,1.8612
105.1452,0.429,1.8507
105.1454,0.4332,1.8706
105.1456,0.4332,1.8697
105.1458,0.4316,1.863
105.1460,0.4466,1.9277
105.1462,0.4346,1.8776
105.1464,0.4344,1.8749
105.1466,0.4338,1.8723
105.1468,0.4325,1.8666
105.1470,0.4297,1.8538
105.1472,0.4298,1.8535
105.1474,0.432,1.8628
105.1476,0.44,1.8974
105.1478,0.4356,1.8792
105.1480,0.4417,1.9056
105.1482,0.5015,2.1606
105.1484,0.5496,2.3645
105.1486,0.6433,2.7673
105.1488,0.5923,2.5481
105.1490,0.5725,2.4676
105.1492,0.5061,2.1813
105.1494,0.47,2.0267
105.1496,0.469,2.0235
105.1498,0.4592,1.9811
105.1500,0.5128,2.2082
105.1502,0.6018,2.5877
105.1504,0.6615,2.8431
105.1506,0.6589,2.8317
105.1508,0.6542,2.8116
105.1510,0.6488,2.7898
105.1512,0.6333,2.7296
105.1514,0.5083,2.1926
105.1516,0.4554,1.9645
105.1518,0.4536,1.9568
105.1520,0.4518,1.949
105.1522,0.4483,1.9331
105.1524,0.4971,2.1435
105.1526,0.4584,1.9774
105.1528,0.4201,1.8133
105.1530,0.4363,1.8823
105.1532,0.4873,2.1002
105.1534,0.5134,2.2118
105.1536,0.4813,2.0762
105.1538,0.4717,2.0301
105.1540,0.522,2.249
105.1542,0.4953,2.1338
105.1544,0.5226,2.2484
105.1546,0.5767,2.4834
105.1548,0.5092,2.1937
105.1550,0.5244,2.2604
105.1552,0.5027,2.1668
105.1554,0.4958,2.1349
105.1556,0.5027,2.1658
105.1558,0.528,2.2737
105.1560,0.5364,2.311
105.1562,0.527,2.2691
105.1564,0.5217,2.2474
105.1566,0.5626,2.4224
105.1568,0.5924,2.5498
105.1570,0.5235,2.2562
105.1572,0.5132,2.2118
105.1574,0.517,2.2262
105.1576,0.511,2.2015
105.1578,0.4996,2.1534
105.1580,0.5139,2.2139
105.1582,0.5725,2.4641
105.1584,0.625,2.6839
105.1586,0.6881,2.9575
105.1588,0.6985,3.0023
105.1590,0.7136,3.0644
105.1592,0.7172,3.0813
105.1594,0.723,3.1002
105.1596,0.7794,3.3465
105.1598,0.7573,3.2518
105.1600,0.7906,3.3949
105.1602,0.778,3.3393
105.1604,0.7959,3.416
105.1606,0.8447,3.6204
105.1608,0.8539,3.6582
105.1610,0.8886,3.8031
105.1612,0.9549,4.0946
105.1614,0.9148,3.921
105.1616,0.926,3.9651
105.1618,0.938,4.0164
105.1620,0.9433,4.0409
105.1622,0.9292,3.9845
105.1624,0.8773,3.7619
105.1626,0.8971,3.8449
105.1628,0.9464,4.0543
105.1630,0.9034,3.8848
105.1632,0.7222,3.1038
105.1634,0.7857,3.3707
105.1636,0.8882,3.8105
105.1638,0.8746,3.7536
105.1640,0.8126,3.4859
105.1642,0.7929,3.4063
105.1644,0.7688,3.3058
105.1646,0.7653,3.2924
105.1648,0.7553,3.2446
105.1650,0.7478,3.2126
105.1652,0.7752,3.3285
105.1654,0.7499,3.2229
105.1656,0.702,3.0159
105.1658,0.7225,3.1039
105.1660,0.7218,3.1023
105.1662,0.7077,3.0443
105.1664,0.728,3.1276
105.1666,0.796,3.4165
105.1668,0.8753,3.7584
105.1670,0.8013,3.4392
105.1672,0.8517,3.6587
105.1674,0.8186,3.5149
105.1676,0.7771,3.3414
105.1678,0.7554,3.2466
105.1680,0.7557,3.2466
105.1682,0.7648,3.2827
105.1684,0.7893,3.3909
105.1686,0.8088,3.4716
105.1688,0.8453,3.628
105.1690,0.7997,3.4341
105.1692,0.8166,3.5099
105.1694,0.7413,3.1907
105.1696,0.6881,2.9616
105.1698,0.6982,3.0022
105.1700,0.6765,2.9116
105.1702,0.7122,3.0611
105.1704,0.7766,3.3331
105.1706,0.7922,3.4032
105.1708,0.8082,3.4722
105.1710,0.8008,3.4387
105.1712,0.8238,3.5392
105.1714,0.8286,3.5615
105.1716,0.7551,3.2501
105.1718,0.6946,2.9825
105.1720,0.815,3.4978
105.1722,0.8294,3.5629
105.1724,0.7806,3.3532
105.1726,0.7592,3.2692
105.1728,0.7174,3.089
105.1730,0.6759,2.909
105.1732,0.6789,2.9192
105.1734,0.7358,3.1655
105.1736,0.7105,3.0553
105.1738,0.7171,3.0836
105.1740,0.6836,2.942
105.1742,0.696,2.9957
105.1744,0.7177,3.0862
105.1746,0.7549,3.246
105.1748,0.7777,3.3378
105.1750,0.8886,3.8138
105.1752,0.9066,3.8837
105.1754,0.964,4.1298
105.1756,0.9662,4.1467
105.1758,0.8216,3.5327
105.1760,0.758,3.2594
105.1762,0.7955,3.4176
105.1764,0.8092,3.4747
105.1766,0.8371,3.593
105.1768,0.8195,3.5223
105.1770,0.8361,3.5917
105.1772,0.855,3.6731
105.1774,0.8521,3.6574
105.1776,0.8442,3.6251
105.1778,0.8706,3.7366
105.1780,0.8569,3.6831
105.1782,0.7972,3.4248
105.1784,0.7859,3.3733
105.1786,0.8672,3.7187
105.1788,0.9453,4.0534
105.1790,0.9606,4.1269
105.1792,0.908,3.8972
105.1794,0.934,4.0088
105.1796,0.8809,3.7809
105.1798,0.8762,3.7696
105.1800,0.7307,3.1448
105.1802,0.7297,3.1392
105.1804,0.7267,3.1307
105.1806,0.6133,2.6445
105.1808,0.5913,2.5499
105.1810,0.5765,2.4881
105.1812,0.5776,2.4881
105.1814,0.6411,2.7645
105.1816,0.568,2.4513
105.1818,0.5728,2.4606
105.1820,0.771,3.3197
105.1822,0.6262,2.7016
105.1824,0.5591,2.4119
105.1826,0.5581,2.4078
105.1828,0.5614,2.4184
105.1830,0.5831,2.5154
105.1832,0.5525,2.3813
105.1834,0.6217,2.6757
105.1836,0.6864,2.9544
105.1838,0.7072,3.0423
105.1840,0.7313,3.1532
105.1842,0.6465,2.7851
105.1844,0.6392,2.7523
105.1846,0.6375,2.7451
105.1848,0.6333,2.7296
105.1850,0.6237,2.6857
105.1852,0.6862,2.9492
105.1854,0.7741,3.3285
105.1856,0.7952,3.4193
105.1858,0.7722,3.3249
105.1860,0.685,2.9482
105.1862,0.6826,2.9379
105.1864,0.6997,3.0117
105.1866,0.6892,2.9663
105.1868,0.677,2.9123
105.1870,0.6746,2.9033
105.1872,0.6735,2.9
105.1874,0.677,2.9163
105.1876,0.6929,2.9809
105.1878,0.7166,3.0801
105.1880,0.8181,3.5145
105.1882,0.8198,3.5217
105.1884,0.7695,3.312
105.1886,0.6761,2.9087
105.1888,0.6916,2.9752
105.1890,0.7684,3.3089
105.1892,0.7374,3.1752
105.1894,0.6628,2.8527
105.1896,0.6566,2.8285
105.1898,0.6312,2.7165
105.1900,0.6901,2.9662
105.1902,0.72,3.1003
105.1904,0.6331,2.7285
105.1906,0.6286,2.7119
105.1908,0.562,2.4255
105.1910,0.5053,2.1797
105.1912,0.5035,2.1719
105.1914,0.5356,2.3084
105.1916,0.5613,2.4235
105.1918,0.4902,2.1135
105.1920,0.4903,2.1131
105.1922,0.5208,2.2469
105.1924,0.5698,2.4546
105.1926,0.609,2.6235
105.1928,0.5821,2.5089
105.1930,0.614,2.6427
105.1932,0.7049,3.0339
105.1934,0.7157,3.0717
105.1936,0.7485,3.2217
105.1938,0.7387,3.1779
105.1940,0.7859,3.3764
105.1942,0.8529,3.6536
105.1944,0.9608,4.1217
105.1946,0.957,4.1038
105.1948,0.9563,4.1026
105.1950,0.8933,3.8321
105.1952,0.9036,3.8763
105.1954,0.9636,4.134
105.1956,0.9434,4.049
105.1958,0.8893,3.8222
105.1960,0.8562,3.68
105.1962,0.8566,3.6747
105.1964,0.8935,3.8349
105.1966,0.9258,3.9733
105.1968,0.9008,3.8663
105.1970,0.9177,3.937
105.1972,0.8954,3.8503
105.1974,0.8634,3.7075
105.1976,0.8277,3.554
105.1978,0.8132,3.495
105.1980,0.8187,3.5187
105.1982,0.8422,3.613
105.1984,0.8843,3.8023
105.1986,0.7991,3.4395
105.1988,0.7677,3.3012
105.1990,0.7646,3.2878
105.1992,0.7754,3.3373
105.1994,0.7424,3.1969
105.1996,0.727,3.1274
105.1998,0.7207,3.1005
105.2000,0.7162,3.0838
105.2002,0.7319,3.147
105.2004,0.7617,3.2739
105.2006,0.7544,3.247
105.2008,0.738,3.1778
105.2010,0.7212,3.1026
105.2012,0.7514,3.2326
105.2014,0.693,2.9855
105.2016,0.6554,2.822
105.2018,0.7039,3.0297
105.2020,0.7277,3.1275
105.2022,0.7579,3.2589
105.2024,0.7852,3.3812
105.2026,0.7187,3.0918
105.2028,0.7165,3.0782
105.2030,0.8027,3.4501
105.2032,0.7249,3.1258
105.2034,0.6392,2.7536
105.2036,0.6814,2.9314
105.2038,0.6981,3.0086
105.2040,0.6156,2.6556
105.2042,0.59,2.543
105.2044,0.5873,2.53
105.2046,0.58,2.5008
105.2048,0.564,2.4286
105.2050,0.6406,2.7598
105.2052,0.6286,2.7157
105.2054,0.4954,2.1383
105.2056,0.5011,2.1616
105.2058,0.4893,2.1099
105.2060,0.5011,2.1626
105.2062,0.5024,2.1673
105.2064,0.5066,2.1854
105.2066,0.5392,2.325
105.2068,0.5738,2.4733
105.2070,0.6151,2.6547
105.2072,0.4886,2.1097
105.2074,0.4533,1.9584
105.2076,0.4518,1.9508
105.2078,0.4502,1.9441
105.2080,0.4509,1.9472
105.2082,0.4539,1.9574
105.2084,0.582,2.5061
105.2086,0.6423,2.7696
105.2088,0.5717,2.4685
105.2090,0.4729,2.041
105.2092,0.4531,1.9556
105.2094,0.4537,1.9591
105.2096,0.4541,1.9579
105.2098,0.5367,2.312
105.2100,0.5478,2.3622
105.2102,0.5663,2.4418
105.2104,0.5797,2.4974
105.2106,0.62,2.6697
105.2108,0.5916,2.5509
105.2110,0.5854,2.5229
105.2112,0.6003,2.5851
105.2114,0.5885,2.5363
105.2116,0.5144,2.22
105.2118,0.4638,2.0016
105.2120,0.453,1.9551
105.2122,0.4457,1.9226
105.2124,0.4634,2.001
105.2126,0.452,1.9527
105.2128,0.4393,1.8952
105.2130,0.4831,2.0801
105.2132,0.5477,2.3617
105.2134,0.478,2.0623
105.2136,0.4477,1.9323
105.2138,0.491,2.1191
105.2140,0.4512,1.9473
105.2142,0.4466,1.9268
105.2144,0.4394,1.8966
105.2146,0.4326,1.868
105.2148,0.4331,1.8692
105.2150,0.4571,1.969
105.2152,0.5192,2.2376
105.2154,0.5563,2.4023
105.2156,0.4523,1.952
105.2158,0.4791,2.0641
105.2160,0.5487,2.3604
105.2162,0.5928,2.5502
105.2164,0.6624,2.8485
105.2166,0.6772,2.9147
105.2168,0.6147,2.647
105.2170,0.6027,2.593
105.2172,0.6298,2.707
105.2174,0.7062,3.0367
105.2176,0.6771,2.9141
105.2178,0.6626,2.8477
105.2180,0.6771,2.9128
105.2182,0.6234,2.6854
105.2184,0.586,2.5243
105.2186,0.5824,2.5076
105.2188,0.5834,2.5134
105.2190,0.6139,2.6434
105.2192,0.6095,2.6231
105.2194,0.5976,2.572
105.2196,0.6491,2.7926
105.2198,0.6427,2.7622
105.2200,0.6361,2.7427
105.2202,0.5274,2.2733
105.2204,0.5258,2.266
105.2206,0.5402,2.3302
105.2208,0.5501,2.3709
105.2210,0.4876,2.1027
105.2212,0.4277,1.8467
105.2214,0.422,1.8199
105.2216,0.4934,2.1275
105.2218,0.4586,1.9785
105.2220,0.3994,1.7246
105.2222,0.3788,1.6363
105.2224,0.3794,1.6381
105.2226,0.3746,1.6159
105.2228,0.468,2.0188
105.2230,0.485,2.0894
105.2232,0.5212,2.2443
105.2234,0.5533,2.3849
105.2236,0.514,2.2175
105.2238,0.4946,2.1317
105.2240,0.5495,2.3673
105.2242,0.5087,2.1937
105.2244,0.5002,2.156
105.2246,0.5562,2.3962
105.2248,0.599,2.5746
105.2250,0.6495,2.7903
105.2252,0.6717,2.8896
105.2254,0.5915,2.5469
105.2256,0.5737,2.4693
105.2258,0.5934,2.5563
105.2260,0.5577,2.4013
105.2262,0.5702,2.4521
105.2264,0.6713,2.8853
105.2266,0.6894,2.9645
105.2268,0.6846,2.9398
105.2270,0.7315,3.1411
105.2272,0.7726,3.3193
105.2274,0.8045,3.4482
105.2276,0.9303,3.9873
105.2278,0.9135,3.9117
105.2280,0.924,3.9582
105.2282,0.9389,4.0205
105.2284,0.9502,4.0707
105.2286,0.9632,4.1262
105.2288,0.9629,4.1232
105.2290,0.9645,4.1318
105.2292,0.968,4.1487
105.2294,0.9817,4.2097
105.2296,0.9169,3.9297
105.2298,0.9373,4.0096
105.2300,1.0709,4.5837
105.2302,1.0507,4.4948
105.2304,1.0548,4.5165
105.2306,0.9222,3.9542
105.2308,0.8646,3.7143
105.2310,0.7887,3.3883
105.2312,0.7971,3.4227
105.2314,0.7741,3.3239
105.2316,0.8177,3.5129
105.2318,0.7261,3.1238
105.2320,0.7646,3.2847
105.2322,0.7404,3.1837
105.2324,0.6897,2.9697
105.2326,0.6717,2.8882
105.2328,0.7122,3.0625
105.2330,0.7099,3.0541
105.2332,0.7675,3.2925
105.2334,0.8628,3.7014
105.2336,0.8939,3.84
105.2338,0.8617,3.6933
105.2340,0.8732,3.7532
105.2342,0.7823,3.3594
105.2344,0.824,3.5364
105.2346,0.8328,3.5745
105.2348,0.8369,3.6004
105.2350,0.7254,3.1236
105.2352,0.6934,2.9829
105.2354,0.685,2.9482
105.2356,0.7243,3.116
105.2358,0.7678,3.2986
105.2360,0.7798,3.3486
105.2362,0.8428,3.6172
105.2364,0.817,3.5115
105.2366,0.7916,3.3991
105.2368,0.849,3.6474
105.2370,0.8259,3.5513
105.2372,0.7933,3.411
105.2374,0.756,3.2492
105.2376,0.7718,3.3156
105.2378,0.7682,3.3017
105.2380,0.7664,3.2925
105.2382,0.8388,3.6019
105.2384,0.8598,3.6937
105.2386,0.8412,3.6173
105.2388,0.7853,3.3739
105.2390,0.834,3.5796
105.2392,0.8729,3.7446
105.2394,0.8917,3.8307
105.2396,0.834,3.583
105.2398,0.7615,3.2805
105.2400,0.6828,2.9403
105.2402,0.6946,2.9853
105.2404,0.7929,3.4047
105.2406,0.8358,3.5823
105.2408,0.9154,3.9309
105.2410,0.9066,3.8874
105.2412,0.9597,4.1151
105.2414,1.0001,4.2824
105.2416,1.0092,4.3335
105.2418,0.9157,3.9319
105.2420,0.9116,3.9181
105.2422,0.7857,3.3801
105.2424,0.7344,3.1593
105.2426,0.7557,3.2512
105.2428,0.8136,3.497
105.2430,0.7813,3.361
105.2432,0.7201,3.1023
105.2434,0.6761,2.91
105.2436,0.7515,3.2331
105.2438,0.7174,3.0875
105.2440,0.7069,3.0426
105.2442,0.7134,3.0705
105.2444,0.7092,3.0539
105.2446,0.7144,3.0746
105.2448,0.7943,3.4157
105.2450,0.7915,3.408
105.2452,0.6752,2.9086
105.2454,0.6204,2.6738
105.2456,0.6624,2.8578
105.2458,0.5735,2.4729
105.2460,0.5494,2.37
105.2462,0.55,2.3737
105.2464,0.5448,2.3504
105.2466,0.5434,2.3431
105.2468,0.5591,2.4097
105.2470,0.577,2.4867
105.2472,0.5511,2.3762
105.2474,0.5458,2.3545
105.2476,0.5429,2.3421
105.2478,0.5497,2.3716
105.2480,0.5554,2.3926
105.2482,0.6319,2.7246
105.2484,0.5863,2.5258
105.2486,0.6435,2.7709
105.2488,0.6404,2.7614
105.2490,0.5678,2.4486
105.2492,0.5512,2.3756
105.2494,0.5478,2.3633
105.2496,0.5581,2.4044
105.2498,0.7051,3.0293
105.2500,0.7948,3.4145
105.2502,0.8506,3.6524
105.2504,0.838,3.6
105.2506,0.8106,3.4825
105.2508,0.7128,3.0679
105.2510,0.6529,2.8138
105.2512,0.6499,2.7996
105.2514,0.6723,2.8881
105.2516,0.7933,3.4142
105.2518,0.7135,3.071
105.2520,0.6738,2.9016
105.2522,0.6415,2.7622
105.2524,0.6248,2.6929
105.2526,0.6232,2.6874
105.2528,0.6246,2.6881
105.2530,0.667,2.8708
105.2532,0.624,2.6893
105.2534,0.6222,2.6803
105.2536,0.6533,2.8107
105.2538,0.721,3.1001
105.2540,0.7104,3.0519
105.2542,0.6797,2.9323
105.2544,0.535,2.309
105.2546,0.5623,2.4237
105.2548,0.5836,2.5128
105.2550,0.6272,2.7007
105.2552,0.6394,2.7547
105.2554,0.6056,2.609
105.2556,0.6702,2.8847
105.2558,0.6423,2.7645
105.2560,0.6596,2.8414
105.2562,0.6476,2.7898
105.2564,0.6687,2.878
105.2566,0.6923,2.9797
105.2568,0.6624,2.8512
105.2570,0.7102,3.0509
105.2572,0.7218,3.1095
105.2574,0.6665,2.8674
105.2576,0.7078,3.0448
105.2578,0.7481,3.2181
105.2580,0.7252,3.1196
105.2582,0.6942,2.9879
105.2584,0.6824,2.9382
105.2586,0.665,2.8647
105.2588,0.6818,2.9288
105.2590,0.6972,3.0022
105.2592,0.6731,2.8958
105.2594,0.7184,3.0936
105.2596,0.7286,3.1302
105.2598,0.8326,3.5735
105.2600,0.8615,3.6992
105.2602,0.8957,3.8424
105.2604,0.9341,4.0056
105.2606,0.9869,4.2299
105.2608,0.9961,4.2714
105.2610,0.9868,4.2214
105.2612,1.1042,4.7258
105.2614,1.149,4.9154
105.2616,1.1663,4.987
105.2618,1.1177,4.7838
105.2620,1.0121,4.3398
105.2622,0.9249,3.966
105.2624,0.9843,4.2245
105.2626,0.9694,4.1529
105.2628,1.0133,4.347
105.2630,0.9512,4.0824
105.2632,0.9861,4.2322
105.2634,0.8144,3.5001
105.2636,0.8082,3.4722
105.2638,0.8114,3.4873
105.2640,0.823,3.5389
105.2642,0.8112,3.4851
105.2644,0.8262,3.5528
105.2646,0.8443,3.629
105.2648,0.8096,3.4811
105.2650,0.868,3.727
105.2652,0.846,3.6497
105.2654,0.6066,2.6168
105.2656,0.6248,2.6941
105.2658,0.6255,2.696
105.2660,0.6453,2.7826
105.2662,0.6272,2.7032
105.2664,0.6395,2.7552
105.2666,0.646,2.7792
105.2668,0.6929,2.9823
105.2670,0.7656,3.2889
105.2672,0.8308,3.5757
105.2674,0.6899,2.9735
105.2676,0.5816,2.5115
105.2678,0.5484,2.3637
105.2680,0.6254,2.693
105.2682,0.6599,2.8403
105.2684,0.7129,3.0684
105.2686,0.7164,3.0877
105.2688,0.632,2.7252
105.2690,0.6612,2.8487
105.2692,0.665,2.866
105.2694,0.5967,2.5755
105.2696,0.5884,2.537
105.2698,0.6129,2.6405
105.2700,0.6332,2.7278
105.2702,0.6447,2.7787
105.2704,0.6452,2.7795
105.2706,0.6911,2.9759
105.2708,0.7162,3.0838
105.2710,0.6766,2.9175
105.2712,0.6084,2.6172
105.2714,0.7083,3.0483
105.2716,0.6598,2.8451
105.2718,0.5425,2.3406
105.2720,0.5737,2.475
105.2722,0.5536,2.3881
105.2724,0.5354,2.3117
105.2726,0.4897,2.1134
105.2728,0.4892,2.1123
105.2730,0.4854,2.0948
105.2732,0.4792,2.0674
105.2734,0.4815,2.0782
105.2736,0.5248,2.263
105.2738,0.6428,2.7691
105.2740,0.6392,2.7523
105.2742,0.6423,2.7658
105.2744,0.6372,2.7448
105.2746,0.6336,2.7268
105.2748,0.6524,2.8104
105.2750,0.6321,2.7244
105.2752,0.5936,2.5573
105.2754,0.5788,2.4956
105.2756,0.5891,2.5389
105.2758,0.6137,2.6424
105.2760,0.6471,2.7877
105.2762,0.644,2.773
105.2764,0.6666,2.8692
105.2766,0.6864,2.9544
105.2768,0.7077,3.0457
105.2770,0.6928,2.9859
105.2772,0.63,2.7139
105.2774,0.6109,2.6305
105.2776,0.6231,2.6844
105.2778,0.5905,2.5439
105.2780,0.6809,2.9279
105.2782,0.7222,3.1082
105.2784,0.634,2.7314
105.2786,0.6032,2.6023
105.2788,0.5749,2.4779
105.2790,0.6087,2.6212
105.2792,0.6549,2.8213
105.2794,0.5942,2.5659
105.2796,0.4903,2.116
105.2798,0.4696,2.0261
105.2800,0.4838,2.089
105.2802,0.4704,2.0292
105.2804,0.4755,2.0514
105.2806,0.5282,2.2774
105.2808,0.4976,2.1476
105.2810,0.5238,2.2588
105.2812,0.569,2.4549
105.2814,0.4982,2.1502
105.2816,0.4846,2.0907
105.2818,0.4912,2.1162
105.2820,0.5553,2.3932
105.2822,0.5246,2.264
105.2824,0.485,2.0913
105.2826,0.5553,2.3898
105.2828,0.6434,2.7678
105.2830,0.6813,2.9308
105.2832,0.6815,2.9305
105.2834,0.6669,2.8716
105.2836,0.656,2.8246
105.2838,0.6527,2.8094
105.2840,0.6475,2.788
105.2842,0.616,2.6552
105.2844,0.5553,2.3932
105.2846,0.549,2.3652
105.2848,0.5569,2.3982
105.2850,0.5598,2.415
105.2852,0.5507,2.3746
105.2854,0.5485,2.3642
105.2856,0.5487,2.3647
105.2858,0.5518,2.3793
105.2860,0.5411,2.3333
105.2862,0.538,2.3177
105.2864,0.5362,2.3121
105.2866,0.5312,2.2882
105.2868,0.5633,2.4244
105.2870,0.5975,2.5727
105.2872,0.5836,2.5151
105.2874,0.5893,2.5387
105.2876,0.588,2.5307
105.2878,0.615,2.6493
105.2880,0.5898,2.5396
105.2882,0.6238,2.6825
105.2884,0.6577,2.8319
105.2886,0.6906,2.9655
105.2888,0.8019,3.4465
105.2890,0.7278,3.1324
105.2892,0.7008,3.0107
105.2894,0.7835,3.3646
105.2896,0.7783,3.345
105.2898,0.7238,3.1125
105.2900,0.7002,3.0123
105.2902,0.6837,2.9466
105.2904,0.5925,2.5527
105.2906,0.6054,2.6068
105.2908,0.6175,2.6577
105.2910,0.6128,2.64
105.2912,0.5945,2.5598
105.2914,0.6318,2.7165
105.2916,0.6458,2.7833
105.2918,0.6154,2.6514
105.2920,0.6055,2.6061
105.2922,0.6535,2.8151
105.2924,0.6746,2.8993
105.2926,0.7642,3.2832
105.2928,0.7265,3.1224
105.2930,0.7393,3.1746
105.2932,0.8067,3.4623
105.2934,0.8682,3.7211
105.2936,0.9512,4.0805
105.2938,0.8693,3.7344
105.2940,0.852,3.6551
105.2942,0.919,3.9353
105.2944,0.984,4.2136
105.2946,0.9501,4.0683
105.2948,0.9641,4.1361
105.2950,0.9002,3.8619
105.2952,0.9321,3.9913
105.2954,0.9599,4.1104
105.2956,1.0079,4.3258
105.2958,0.9599,4.1142
105.2960,1.0102,4.3295
105.2962,0.8749,3.7639
105.2964,0.8031,3.4517
105.2966,0.8219,3.5293
105.2968,0.8326,3.5751
105.2970,0.8838,3.7932
105.2972,0.8241,3.5435
105.2974,0.7309,3.14
105.2976,0.7725,3.3218
105.2978,0.6701,2.8855
105.2980,0.6963,2.9939
105.2982,0.7719,3.3162
105.2984,0.7813,3.361
105.2986,0.7704,3.311
105.2988,0.7834,3.3672
105.2990,0.8135,3.4916
105.2992,0.8576,3.6879
105.2994,0.7205,3.1024
105.2996,0.7098,3.0536
105.2998,0.7011,3.0188
105.3000,0.6688,2.8812
105.3002,0.6231,2.6844
105.3004,0.6556,2.8205
105.3006,0.7095,3.0549
105.3008,0.7213,3.1002
105.3010,0.7529,3.2388
105.3012,0.6978,3.0034
105.3014,0.7047,3.0314
105.3016,0.737,3.1677
105.3018,0.7747,3.3358
105.3020,0.6671,2.8686
105.3022,0.7229,3.1084
105.3024,0.7464,3.2094
105.3026,0.7409,3.1916
105.3028,0.6536,2.8117
105.3030,0.7133,3.0686
105.3032,0.7045,3.0337
105.3034,0.6934,2.9871
105.3036,0.6485,2.7926
105.3038,0.6577,2.8332
105.3040,0.6174,2.6547
105.3042,0.7231,3.108
105.3044,0.7417,3.1953
105.3046,0.644,2.7782
105.3048,0.5795,2.4976
105.3050,0.612,2.6364
105.3052,0.6501,2.8019
105.3054,0.6172,2.6603
105.3056,0.5728,2.4686
105.3058,0.5572,2.4025
105.3060,0.5655,2.4382
105.3062,0.5717,2.4628
105.3064,0.5797,2.5009
105.3066,0.5342,2.3065
105.3068,0.485,2.0923
105.3070,0.483,2.0835
105.3072,0.4839,2.0867
105.3074,0.5506,2.3686
105.3076,0.7037,3.0273
105.3078,0.666,2.8747
105.3080,0.5469,2.3592
105.3082,0.5312,2.2904
105.3084,0.532,2.2929
105.3086,0.5958,2.5643
105.3088,0.7096,3.054
105.3090,0.6383,2.7513
105.3092,0.5506,2.373
105.3094,0.5439,2.3462
105.3096,0.5496,2.37
105.3098,0.5509,2.3735
105.3100,0.6114,2.6326
105.3102,0.6493,2.7957
105.3104,0.6482,2.7911
105.3106,0.6071,2.614
105.3108,0.6343,2.7261
105.3110,0.6736,2.8992
105.3112,0.6162,2.6581
105.3114,0.5547,2.3928
105.3116,0.5491,2.3668
105.3118,0.5372,2.313
105.3120,0.5404,2.3302
105.3122,0.5901,2.54
105.3124,0.6562,2.8283
105.3126,0.5567,2.3994
105.3128,0.5814,2.507
105.3130,0.546,2.3534
105.3132,0.5396,2.3255
105.3134,0.5308,2.2888
105.3136,0.5423,2.3352
105.3138,0.5443,2.3418
105.3140,0.6672,2.8692
105.3142,0.7015,3.0222
105.3144,0.5966,2.5726
105.3146,0.5469,2.3537
105.3148,0.6107,2.627
105.3150,0.6589,2.8357
105.3152,0.688,2.9611
105.3154,0.6581,2.8313
105.3156,0.6454,2.7753
105.3158,0.7005,3.0092
105.3160,0.7766,3.3347
105.3162,0.7792,3.3445
105.3164,0.8073,3.4713
105.3166,0.7166,3.0859
105.3168,0.6331,2.7235
105.3170,0.6386,2.7485
105.3172,0.6501,2.7993
105.3174,0.6705,2.8817
105.3176,0.7102,3.0552
105.3178,0.665,2.8673
105.3180,0.6214,2.6772
105.3182,0.6337,2.7248
105.3184,0.7036,3.0268
105.3186,0.6651,2.8665
105.3188,0.5788,2.4921
105.3190,0.6038,2.6025
105.3192,0.5797,2.4974
105.3194,0.6315,2.718
105.3196,0.6699,2.8845
105.3198,0.6222,2.6803
105.3200,0.6044,2.6014
105.3202,0.6378,2.7462
105.3204,0.5699,2.4562
105.3206,0.508,2.1906
105.3208,0.4897,2.1124
105.3210,0.4609,1.9911
105.3212,0.4045,1.7476
105.3214,0.4367,1.8838
105.3216,0.5059,2.1813
105.3218,0.499,2.1528
105.3220,0.5065,2.1839
105.3222,0.528,2.2716
105.3224,0.6002,2.587
105.3226,0.5223,2.2511
105.3228,0.5044,2.1761
105.3230,0.5075,2.1885
105.3232,0.5917,2.5443
105.3234,0.6551,2.8158
105.3236,0.7055,3.0364
105.3238,0.6711,2.8897
105.3240,0.6297,2.7128
105.3242,0.5326,2.2944
105.3244,0.5583,2.4061
105.3246,0.5464,2.3538
105.3248,0.5873,2.5323
105.3250,0.5728,2.4675
105.3252,0.5557,2.3941
105.3254,0.5827,2.5057
105.3256,0.69,2.9644
105.3258,0.7207,3.0977
105.3260,0.7533,3.2378
105.3262,0.7782,3.3414
105.3264,0.8214,3.5289
105.3266,0.8282,3.5577
105.3268,0.8549,3.6641
105.3270,0.8776,3.7647
105.3272,0.8856,3.7956
105.3274,0.9262,3.968
105.3276,0.9897,4.2338
105.3278,1.0668,4.5657
105.3280,1.0506,4.4943
105.3282,1.0157,4.3512
105.3284,1.0478,4.4846
105.3286,1.0289,4.4056
105.3288,1.0076,4.3087
105.3290,1.0147,4.347
105.3292,1.015,4.3562
105.3294,0.9099,3.9036
105.3296,0.9032,3.8712
105.3298,0.9236,3.9622
105.3300,0.905,3.8843
105.3302,0.8692,3.7235
105.3304,0.9353,4.0145
105.3306,0.8864,3.801
105.3308,0.9585,4.1119
105.3310,0.9656,4.1403
105.3312,0.8411,3.6201
105.3314,0.7146,3.0728
105.3316,0.7308,3.1439
105.3318,0.7687,3.3007
105.3320,0.808,3.468
105.3322,0.854,3.6724
105.3324,0.7723,3.3193
105.3326,0.8157,3.5058
105.3328,0.785,3.3739
105.3330,0.7994,3.4373
105.3332,0.767,3.3012
105.3334,0.743,3.2024
105.3336,0.6657,2.8625
105.3338,0.7476,3.2131
105.3340,0.7591,3.2626
105.3342,0.8111,3.483
105.3344,0.8774,3.7747
105.3346,0.7362,3.1686
105.3348,0.7464,3.2094
105.3350,0.7795,3.3502
105.3352,0.7531,3.2398
105.3354,0.7187,3.0946
105.3356,0.6972,2.9981
105.3358,0.7337,3.1562
105.3360,0.7771,3.3414
105.3362,0.7662,3.296
105.3364,0.7267,3.122
105.3366,0.7748,3.3301
105.3368,0.7979,3.4263
105.3370,0.831,3.5684
105.3372,0.8447,3.6238
105.3374,0.8713,3.7484
105.3376,0.7553,3.2446
105.3378,0.8374,3.5957
105.3380,0.8319,3.5787
105.3382,0.7568,3.2543
105.3384,0.5996,2.5868
105.3386,0.5937,2.559
105.3388,0.5941,2.5606
105.3390,0.5918,2.5508
105.3392,0.6089,2.6242
105.3394,0.6389,2.7488
105.3396,0.7374,3.1708
105.3398,0.7445,3.1997
105.3400,0.7701,3.3084
105.3402,0.8031,3.4501
105.3404,0.8207,3.5274
105.3406,0.8168,3.5153
105.3408,0.7657,3.2955
105.3410,0.7008,3.0149
105.3412,0.6653,2.8689
105.3414,0.6006,2.5885
105.3416,0.5919,2.5501
105.3418,0.5869,2.5296
105.3420,0.6331,2.7285
105.3422,0.6437,2.772
105.3424,0.6795,2.9272
105.3426,0.6724,2.8954
105.3428,0.6686,2.8775
105.3430,0.6326,2.7252
105.3432,0.6261,2.6948
105.3434,0.6979,3.0081
105.3436,0.6262,2.6966
105.3438,0.6593,2.843
105.3440,0.5598,2.4139
105.3442,0.644,2.7704
105.3444,0.6577,2.8332
105.3446,0.5316,2.2967
105.3448,0.4633,2.0005
105.3450,0.4845,2.0892
105.3452,0.503,2.1729
105.3454,0.4568,1.9744
105.3456,0.4544,1.9622
105.3458,0.453,1.9551
105.3460,0.4569,1.9731
105.3462,0.4502,1.9432
105.3464,0.4527,1.9559
105.3466,0.4533,1.9566
105.3468,0.4535,1.959
105.3470,0.4542,1.9621
105.3472,0.4485,1.9377
105.3474,0.452,1.9518
105.3476,0.4551,1.9626
105.3478,0.4899,2.1105
105.3480,0.5003,2.1585
105.3482,0.5095,2.1917
105.3484,0.652,2.8037
105.3486,0.7337,3.1533
105.3488,0.7533,3.2363
105.3490,0.7508,3.23
105.3492,0.7061,3.0404
105.3494,0.6762,2.9092
105.3496,0.6559,2.8215
105.3498,0.6569,2.8248
105.3500,0.6615,2.8471
105.3502,0.6406,2.7611
105.3504,0.671,2.8878
105.3506,0.6682,2.8733
105.3508,0.661,2.8476
105.3510,0.568,2.4491
105.3512,0.5662,2.4391
105.3514,0.5967,2.5696
105.3516,0.5807,2.5039
105.3518,0.5678,2.4474
105.3520,0.5791,2.4948
105.3522,0.5693,2.4525
105.3524,0.6217,2.6795
105.3526,0.6009,2.5888
105.3528,0.6186,2.6611
105.3530,0.6459,2.7826
105.3532,0.5949,2.5618
105.3534,0.581,2.4996
105.3536,0.6205,2.6718
105.3538,0.6129,2.6405
105.3540,0.6286,2.7044
105.3542,0.7178,3.0839
105.3544,0.7377,3.1708
105.3546,0.7383,3.1749
105.3548,0.7206,3.0986
105.3550,0.6975,3.0005
105.3552,0.6929,2.985
105.3554,0.6244,2.6901
105.3556,0.6109,2.6293
105.3558,0.6066,2.6131
105.3560,0.582,2.5061
105.3562,0.5851,2.5207
105.3564,0.6096,2.6224
105.3566,0.6704,2.8879
105.3568,0.6009,2.5901
105.3570,0.5782,2.493
105.3572,0.5653,2.4354
105.3574,0.6037,2.5983
105.3576,0.6055,2.6048
105.3578,0.7126,3.0626
105.3580,0.7358,3.1626
105.3582,0.7761,3.3326
105.3584,0.7928,3.4026
105.3586,0.819,3.5137
105.3588,0.8535,3.663
105.3590,0.8705,3.7361
105.3592,0.8531,3.6615
105.3594,0.8603,3.6906
105.3596,0.8711,3.7334
105.3598,0.9716,4.1621
105.3600,0.9971,4.2755
105.3602,0.9639,4.135
105.3604,0.9054,3.8858
105.3606,0.8955,3.8383
105.3608,0.9416,4.0356
105.3610,0.9767,4.1842
105.3612,0.9373,4.0208
105.3614,0.9254,3.9681
105.3616,0.9599,4.1123
105.3618,0.9786,4.2061
105.3620,0.8202,3.5303
105.3622,0.7415,3.1883
105.3624,0.7529,3.2328
105.3626,0.7966,3.4271
105.3628,0.7603,3.2692
105.3630,0.7603,3.2692
105.3632,0.7465,3.2085
105.3634,0.7416,3.1888
105.3636,0.7834,3.3672
105.3638,0.7821,3.3631
105.3640,0.7871,3.3832
105.3642,0.7704,3.3156
105.3644,0.721,3.1045
105.3646,0.6996,3.0126
105.3648,0.7144,3.0718
105.3650,0.7735,3.3213
105.3652,0.8552,3.6759
105.3654,0.7749,3.3306
105.3656,0.7698,3.313
105.3658,0.7025,3.0235
105.3660,0.727,3.1245
105.3662,0.7435,3.2015
105.3664,0.6563,2.8275
105.3666,0.6154,2.6501
105.3668,0.6688,2.8772
105.3670,0.7565,3.2527
105.3672,0.7521,3.2342
105.3674,0.683,2.9449
105.3676,0.594,2.5613
105.3678,0.5716,2.4612
105.3680,0.6089,2.6205
105.3682,0.6521,2.8133
105.3684,0.5815,2.5075
105.3686,0.5854,2.5205
105.3688,0.6562,2.823
105.3690,0.7,3.0141
105.3692,0.6718,2.8928
105.3694,0.7056,3.0384
105.3696,0.6791,2.9216
105.3698,0.7029,3.0265
105.3700,0.6431,2.7694
105.3702,0.7005,3.0134
105.3704,0.7334,3.1523
105.3706,0.7148,3.0767
105.3708,0.6941,2.9846
105.3710,0.6917,2.9799
105.3712,0.5895,2.5421
105.3714,0.5921,2.553
105.3716,0.614,2.6439
105.3718,0.5941,2.5606
105.3720,0.5991,2.5823
105.3722,0.6259,2.6925
105.3724,0.7478,3.2141
105.3726,0.761,3.2693
105.3728,0.7473,3.2136
105.3730,0.7418,3.1928
105.3732,0.7361,3.168
105.3734,0.7399,3.1786
105.3736,0.8072,3.4724
105.3738,0.7559,3.2547
105.3740,0.6735,2.9
105.3742,0.6587,2.8325
105.3744,0.7343,3.1574
105.3746,0.7562,3.2562
105.3748,0.7049,3.0339
105.3750,0.702,3.0173
105.3752,0.7616,3.2734
105.3754,0.7702,3.3105
105.3756,0.8152,3.5037
105.3758,0.7917,3.4027
105.3760,0.708,3.0473
105.3762,0.675,2.9054
105.3764,0.6651,2.8639
105.3766,0.6656,2.8659
105.3768,0.7325,3.1467
105.3770,0.8048,3.4589
105.3772,0.7747,3.328
105.3774,0.8353,3.587
105.3776,0.8344,3.5912
105.3778,0.6929,2.985
105.3780,0.6822,2.9377
105.3782,0.6905,2.9733
105.3784,0.6999,3.0122
105.3786,0.6507,2.8071
105.3788,0.565,2.435
105.3790,0.5497,2.3716
105.3792,0.5447,2.3488
105.3794,0.5435,2.3458
105.3796,0.5419,2.338
105.3798,0.5449,2.3476
105.3800,0.6006,2.5861
105.3802,0.6333,2.7308
105.3804,0.5656,2.4387
105.3806,0.5435,2.3425
105.3808,0.5439,2.3462
105.3810,0.5419,2.338
105.3812,0.6107,2.6282
105.3814,0.652,2.8089
105.3816,0.6413,2.7616
105.3818,0.6777,2.914
105.3820,0.7618,3.2714
105.3822,0.7614,3.2754
105.3824,0.7418,3.1898
105.3826,0.7618,3.2744
105.3828,0.7385,3.1784
105.3830,0.6904,2.9756
105.3832,0.6513,2.8032
105.3834,0.7077,3.0486
105.3836,0.6366,2.741
105.3838,0.6379,2.7479
105.3840,0.6375,2.7477
105.3842,0.6429,2.7671
105.3844,0.6725,2.8972
105.3846,0.6271,2.7015
105.3848,0.6248,2.6929
105.3850,0.6268,2.6979
105.3852,0.636,2.7384
105.3854,0.6409,2.7609
105.3856,0.6633,2.8535
105.3858,0.6557,2.8236
105.3860,0.6853,2.9484
105.3862,0.7184,3.0936
105.3864,0.6204,2.6738
105.3866,0.6202,2.6695
105.3868,0.6883,2.964
105.3870,0.6159,2.6534
105.3872,0.5945,2.561
105.3874,0.6629,2.8532
105.3876,0.6858,2.9518
105.3878,0.6723,2.8948
105.3880,0.6183,2.6637
105.3882,0.6051,2.6069
105.3884,0.5907,2.5438
105.3886,0.664,2.8539
105.3888,0.7147,3.0748
105.3890,0.6874,2.9585
105.3892,0.6772,2.9228
105.3894,0.5349,2.3085
105.3896,0.4892,2.1104
105.3898,0.4908,2.1181
105.3900,0.4902,2.1145
105.3902,0.536,2.3078
105.3904,0.5726,2.4658
105.3906,0.6096,2.626
105.3908,0.618,2.6573
105.3910,0.6997,3.0145
105.3912,0.658,2.8347
105.3914,0.6065,2.6126
105.3916,0.6618,2.8446
105.3918,0.7512,3.224
105.3920,0.8219,3.531
105.3922,0.7556,3.2491
105.3924,0.7759,3.3316
105.3926,0.8255,3.5464
105.3928,0.82,3.5194
105.3930,0.8206,3.522
105.3932,0.8747,3.7488
105.3934,0.9572,4.1043
105.3936,0.9102,3.901
105.3938,0.9201,3.9436
105.3940,0.9765,4.1851
105.3942,0.9817,4.2038
105.3944,1.0267,4.3943
105.3946,1.0827,4.6448
105.3948,0.9669,4.144
105.3950,0.9831,4.2114
105.3952,0.979,4.1979
105.3954,0.9807,4.2031
105.3956,0.9888,4.244
105.3958,0.9527,4.0815
105.3960,1.0042,4.3039
105.3962,0.9647,4.1406
105.3964,0.9219,3.9587
105.3966,0.8335,3.5809
105.3968,0.8045,3.4611
105.3970,0.8048,3.4605
105.3972,0.8076,3.468
105.3974,0.8171,3.5136
105.3976,0.7442,3.1972
105.3978,0.8265,3.5538
105.3980,0.8007,3.443
105.3982,0.7638,3.2857
105.3984,0.7235,3.1153
105.3986,0.7614,3.2754
105.3988,0.7641,3.2888
105.3990,0.7129,3.0684
105.3992,0.7484,3.2197
105.3994,0.7617,3.28
105.3996,0.7521,3.2372
105.3998,0.6604,2.8477
105.4000,0.6375,2.7464
105.4002,0.6618,2.8512
105.4004,0.6574,2.8321
105.4006,0.6863,2.9539
105.4008,0.7563,3.2568
105.4010,0.7012,3.0165
105.4012,0.7419,3.1918
105.4014,0.6984,3.0074
105.4016,0.6638,2.8622
105.4018,0.6207,2.6753
105.4020,0.6446,2.7743
105.4022,0.6942,2.9921
105.4024,0.6566,2.8272
105.4026,0.6997,3.0131
105.4028,0.6202,2.6745
105.4030,0.5514,2.3744
105.4032,0.6025,2.5956
105.4034,0.6285,2.7089
105.4036,0.5994,2.5857
105.4038,0.5718,2.4668
105.4040,0.5557,2.3963
105.4042,0.5772,2.4889
105.4044,0.5614,2.424
105.4046,0.5087,2.1947
105.4048,0.5087,2.1967
105.4050,0.5054,2.1812
105.4052,0.5415,2.3348
105.4054,0.5752,2.4778
105.4056,0.6277,2.704
105.4058,0.6538,2.814
105.4060,0.7109,3.0597
105.4062,0.6481,2.7944
105.4064,0.6244,2.6851
105.4066,0.7325,3.154
105.4068,0.6515,2.8094
105.4070,0.5513,2.3783
105.4072,0.5351,2.3074
105.4074,0.5303,2.2878
105.4076,0.5328,2.2987
105.4078,0.5349,2.3053
105.4080,0.5388,2.3245
105.4082,0.5372,2.3173
105.4084,0.5815,2.5052
105.4086,0.6387,2.7503
105.4088,0.6398,2.7575
105.4090,0.6181,2.6627
105.4092,0.6075,2.6209
105.4094,0.5437,2.3436
105.4096,0.533,2.2981
105.4098,0.509,2.1937
105.4100,0.5814,2.5023
105.4102,0.6057,2.6131
105.4104,0.574,2.4761
105.4106,0.5532,2.3855
105.4108,0.5726,2.467
105.4110,0.5827,2.5115
105.4112,0.5921,2.5483
105.4114,0.5984,2.5828
105.4116,0.4701,2.0281
105.4118,0.4717,2.0358
105.4120,0.4988,2.1538
105.4122,0.4987,2.1512
105.4124,0.4911,2.1196
105.4126,0.4917,2.1212
105.4128,0.5081,2.1921
105.4130,0.4743,2.0443
105.4132,0.4875,2.1002
105.4134,0.5535,2.3876
105.4136,0.4921,2.1228
105.4138,0.5032,2.1689
105.4140,0.5749,2.4756
105.4142,0.6316,2.716
105.4144,0.7105,3.0496
105.4146,0.7562,3.2517
105.4148,0.6746,2.9006
105.4150,0.705,3.0301
105.4152,0.7657,3.2894
105.4154,0.8003,3.4398
105.4156,0.7831,3.3641
105.4158,0.7702,3.312
105.4160,0.7368,3.1697
105.4162,0.7104,3.0562
105.4164,0.7202,3.0927
105.4166,0.7538,3.2429
105.4168,0.6897,2.9683
105.4170,0.6517,2.8073
105.4172,0.6255,2.691
105.4174,0.6999,3.0094
105.4176,0.7065,3.0392
105.4178,0.7077,3.0457
105.4180,0.6842,2.9405
105.4182,0.7535,3.2368
105.4184,0.7591,3.2671
105.4186,0.6307,2.7182
105.4188,0.5424,2.3411
105.4190,0.5003,2.1595
105.4192,0.4893,2.1119
105.4194,0.4842,2.0887
105.4196,0.4818,2.0783
105.4198,0.4844,2.0897
105.4200,0.4842,2.0887
105.4202,0.5006,2.1575
105.4204,0.5832,2.5147
105.4206,0.5866,2.5316
105.4208,0.4949,2.1352
105.4210,0.4821,2.0799
105.4212,0.4824,2.0819
105.4214,0.5169,2.2278
105.4216,0.5007,2.159
105.4218,0.4812,2.0767
105.4220,0.487,2.1011
105.4222,0.4961,2.1404
105.4224,0.4985,2.1507
105.4226,0.4911,2.1177
105.4228,0.5348,2.3069
105.4230,0.5182,2.2345
105.4232,0.4988,2.1488
105.4234,0.518,2.2293
105.4236,0.5905,2.5416
105.4238,0.5734,2.4712
105.4240,0.5653,2.4343
105.4242,0.6129,2.6405
105.4244,0.5767,2.4845
105.4246,0.5885,2.5316
105.4248,0.6957,2.9886
105.4250,0.7187,3.0889
105.4252,0.7132,3.0666
105.4254,0.7392,3.1741
105.4256,0.7815,3.3558
105.4258,0.8443,3.6222
105.4260,0.9439,4.0416
105.4262,0.9737,4.1714
105.4264,0.9615,4.1248
105.4266,0.9461,4.0551
105.4268,0.9446,4.0484
105.4270,1.0044,4.2989
105.4272,1.0492,4.495
105.4274,0.9875,4.2344
105.4276,0.9434,4.0414
105.4278,1.0266,4.3938
105.4280,1.0272,4.4046
105.4282,0.9514,4.0873
105.4284,0.7996,3.4383
105.4286,0.7925,3.4063
105.4288,0.7696,3.3095
105.4290,0.7443,3.1977
105.4292,0.7508,3.2285
105.4294,0.7457,3.2078
105.4296,0.7711,3.3095
105.4298,0.8175,3.5103
105.4300,0.7778,3.3476
105.4302,0.6778,2.9186
105.4304,0.6615,2.8471
105.4306,0.6771,2.9155
105.4308,0.6744,2.9028
105.4310,0.6624,2.8485
105.4312,0.7037,3.0245
105.4314,0.7623,3.2734
105.4316,0.8103,3.481
105.4318,0.7862,3.3775
105.4320,0.7987,3.431
105.4322,0.8328,3.5795
105.4324,0.7892,3.3951
105.4326,0.6876,2.9568
105.4328,0.7112,3.0584
105.4330,0.7469,3.2115
105.4332,0.7868,3.38
105.4334,0.7642,3.2847
105.4336,0.7578,3.2599
105.4338,0.7776,3.3419
105.4340,0.7556,3.2476
105.4342,0.723,3.1031
105.4344,0.8361,3.5884
105.4346,0.8217,3.5299
105.4348,0.8568,3.6774
105.4350,0.8857,3.8014
105.4352,0.8749,3.7604
105.4354,0.8581,3.6848
105.4356,0.876,3.7703
105.4358,0.6987,3.0084
105.4360,0.6063,2.6121
105.4362,0.6291,2.7102
105.4364,0.628,2.7106
105.4366,0.567,2.4449
105.4368,0.5622,2.4254
105.4370,0.5619,2.4238
105.4372,0.5919,2.5537
105.4374,0.5777,2.4886
105.4376,0.6241,2.6873
105.4378,0.6357,2.7361
105.4380,0.7077,3.0387
105.4382,0.831,3.5718
105.4384,0.7983,3.4327
105.4386,0.7586,3.2666
105.4388,0.6557,2.8223
105.4390,0.6589,2.8357
105.4392,0.6463,2.7841
105.4394,0.6736,2.8992
105.4396,0.6853,2.9497
105.4398,0.7189,3.0928
105.4400,0.7242,3.1169
105.4402,0.7695,3.3059
105.4404,0.8302,3.5665
105.4406,0.7042,3.035
105.4408,0.6015,2.5926
105.4410,0.6013,2.5904
105.4412,0.5999,2.5854
105.4414,0.5993,2.584
105.4416,0.5698,2.4568
105.4418,0.5655,2.4371
105.4420,0.561,2.4191
105.4422,0.5698,2.4568
105.4424,0.5754,2.48
105.4426,0.5722,2.466
105.4428,0.6553,2.8215
105.4430,0.5918,2.5508
105.4432,0.5895,2.541
105.4434,0.6039,2.603
105.4436,0.5895,2.541
105.4438,0.5616,2.4217
105.4440,0.5526,2.3851
105.4442,0.5747,2.4757
105.4444,0.5729,2.4703
105.4446,0.5557,2.3919
105.4448,0.59,2.5454
105.4450,0.5577,2.4046
105.4452,0.5536,2.3859
105.4454,0.5506,2.373
105.4456,0.553,2.3844
105.4458,0.5535,2.3832
105.4460,0.6517,2.8021
105.4462,0.6687,2.882
105.4464,0.5538,2.3847
105.4466,0.5912,2.5506
105.4468,0.5568,2.401
105.4470,0.5641,2.428
105.4472,0.6627,2.8522
105.4474,0.6258,2.6933
105.4476,0.6312,2.7178
105.4478,0.6354,2.7346
105.4480,0.7043,3.0285
105.4482,0.7778,3.3414
105.4484,0.8333,3.5816
105.4486,0.7337,3.1518
105.4488,0.7941,3.4162
105.4490,0.7572,3.2589
105.4492,0.7224,3.1078
105.4494,0.7784,3.3455
105.4496,0.8523,3.6613
105.4498,0.7653,3.2894
105.4500,0.724,3.1159
105.4502,0.6794,2.9212
105.4504,0.7681,3.2966
105.4506,0.8333,3.5782
105.4508,0.8294,3.5646
105.4510,0.7687,3.3115
105.4512,0.6265,2.6989
105.4514,0.59,2.5442
105.4516,0.5931,2.5588
105.4518,0.4997,2.1589
105.4520,0.445,1.9204
105.4522,0.4439,1.9157
105.4524,0.4569,1.974
105.4526,0.4533,1.9557
105.4528,0.5333,2.3007
105.4530,0.5517,2.3743
105.4532,0.6228,2.6779
105.4534,0.6807,2.9255
105.4536,0.7795,3.3533
105.4538,0.7345,3.1569
105.4540,0.7102,3.0509
105.4542,0.7373,3.1673
105.4544,0.7913,3.4059
105.4546,0.7484,3.2182
105.4548,0.7792,3.3413
105.4550,0.8899,3.8266
105.4552,0.7816,3.3579
105.4554,0.7873,3.3805
105.4556,0.7126,3.0726
105.4558,0.5826,2.5098
105.4560,0.638,2.7485
105.4562,0.6242,2.6916
105.4564,0.577,2.4867
105.4566,0.5747,2.4757
105.4568,0.5951,2.5612
105.4570,0.6403,2.7557
105.4572,0.6742,2.9045
105.4574,0.6418,2.7637
105.4576,0.631,2.716
105.4578,0.6718,2.8914
105.4580,0.6802,2.9262
105.4582,0.7529,3.2418
105.4584,0.7423,3.1904
105.4586,0.721,3.0987
105.4588,0.7795,3.3486
105.4590,0.826,3.5485
105.4592,0.8036,3.4554
105.4594,0.7455,3.2043
105.4596,0.841,3.6044
105.4598,0.9134,3.9203
105.4600,0.89,3.8182
105.4602,0.9,3.8609
105.4604,0.9307,3.9944
105.4606,0.9147,3.9223
105.4608,0.932,4.0001
105.4610,0.8503,3.6564
105.4612,0.784,3.3713
105.4614,0.7641,3.2842
105.4616,0.8323,3.5758
105.4618,0.8152,3.5005
105.4620,0.8212,3.5295
105.4622,0.8447,3.6288
105.4624,0.8865,3.8104
105.4626,0.8418,3.6131
105.4628,0.8699,3.7353
105.4630,0.8898,3.8189
105.4632,0.8566,3.6815
105.4634,0.8037,3.4494
105.4636,0.8716,3.7425
105.4638,0.8628,3.7101
105.4640,0.7681,3.3089
105.4642,0.7017,3.0157
105.4644,0.7344,3.1579
105.4646,0.7761,3.3373
105.4648,0.7879,3.3862
105.4650,0.7584,3.2625
105.4652,0.735,3.159
105.4654,0.7669,3.3037
105.4656,0.7033,3.0272
105.4658,0.715,3.0772
105.4660,0.6941,2.986
105.4662,0.6893,2.9695
105.4664,0.6431,2.7681
105.4666,0.7242,3.1097
105.4668,0.7869,3.3853
105.4670,0.7755,3.3363
105.4672,0.7588,3.2661
105.4674,0.6881,2.9616
105.4676,0.6827,2.9398
105.4678,0.6482,2.7937
105.4680,0.6525,2.811
105.4682,0.603,2.5964
105.4684,0.6232,2.6824
105.4686,0.7172,3.0841
105.4688,0.7917,3.4059
105.4690,0.793,3.4084
105.4692,0.7903,3.4013
105.4694,0.6567,2.8251
105.4696,0.6529,2.8125
105.4698,0.5911,2.5489
105.4700,0.6091,2.6252
105.4702,0.6524,2.8091
105.4704,0.6675,2.8742
105.4706,0.6867,2.9609
105.4708,0.6229,2.6834
105.4710,0.6009,2.5913
105.4712,0.6067,2.6124
105.4714,0.6669,2.8716
105.4716,0.6537,2.8161
105.4718,0.6238,2.69
105.4720,0.5625,2.4264
105.4722,0.5508,2.3762
105.4724,0.6039,2.5993
105.4726,0.6618,2.8473
105.4728,0.68,2.9292
105.4730,0.6621,2.851
105.4732,0.6592,2.8372
105.4734,0.688,2.9611
105.4736,0.6925,2.9835
105.4738,0.6825,2.9374
105.4740,0.6825,2.9387
105.4742,0.6971,2.9975
105.4744,0.7393,3.179
105.4746,0.7411,3.1867
105.4748,0.766,3.297
105.4750,0.6665,2.8714
105.4752,0.6561,2.8251
105.4754,0.6445,2.7764
105.4756,0.6292,2.7057
105.4758,0.738,3.1748
105.4760,0.7148,3.0796
105.4762,0.6598,2.8425
105.4764,0.6881,2.9616
105.4766,0.713,3.0661
105.4768,0.7365,3.1716
105.4770,0.7411,3.1897
105.4772,0.7259,3.1256
105.4774,0.6694,2.8838
105.4776,0.5964,2.5704
105.4778,0.6007,2.5902
105.4780,0.5836,2.5163
105.4782,0.5941,2.5594
105.4784,0.546,2.3577
105.4786,0.4559,1.9702
105.4788,0.4448,1.9208
105.4790,0.444,1.9172
105.4792,0.4477,1.9341
105.4794,0.4487,1.9373
105.4796,0.4484,1.9363
105.4798,0.4473,1.9316
105.4800,0.4896,2.111
105.4802,0.5024,2.1693
105.4804,0.4536,1.9595
105.4806,0.4509,1.9472
105.4808,0.4487,1.9355
105.4810,0.4891,2.1079
105.4812,0.5427,2.3389
105.4814,0.5802,2.4995
105.4816,0.5678,2.4497
105.4818,0.546,2.3545
105.4820,0.5913,2.5475
105.4822,0.6537,2.8148
105.4824,0.6121,2.6357
105.4826,0.6253,2.6912
105.4828,0.6418,2.7611
105.4830,0.6217,2.677
105.4832,0.5989,2.5801
105.4834,0.5994,2.5821
105.4836,0.6404,2.7549
105.4838,0.6963,2.9967
105.4840,0.6183,2.6637
105.4842,0.5834,2.5146
105.4844,0.5855,2.521
105.4846,0.6138,2.6392
105.4848,0.6515,2.8068
105.4850,0.6001,2.5852
105.4852,0.6294,2.7088
105.4854,0.623,2.6864
105.4856,0.5075,2.1905
105.4858,0.5044,2.173
105.4860,0.5668,2.4405
105.4862,0.5535,2.3854
105.4864,0.4982,2.1502
105.4866,0.4918,2.1218
105.4868,0.4957,2.1383
105.4870,0.4917,2.1212
105.4872,0.4916,2.1207
105.4874,0.5331,2.2922
105.4876,0.6812,2.929
105.4878,0.6804,2.9286
105.4880,0.6574,2.8308
105.4882,0.6506,2.7975
105.4884,0.6743,2.9036
105.4886,0.6614,2.8465
105.4888,0.6515,2.8016
105.4890,0.6524,2.8078
105.4892,0.6188,2.6671
105.4894,0.5784,2.4917
105.4896,0.5913,2.544
105.4898,0.633,2.7217
105.4900,0.6918,2.9748
105.4902,0.7326,3.1516
105.4904,0.7304,3.1409
105.4906,0.7199,3.0969
105.4908,0.7686,3.3002
105.4910,0.8074,3.4686
105.4912,0.8154,3.5031
105.4914,0.8006,3.4377
105.4916,0.7693,3.3064
105.4918,0.7636,3.2837
105.4920,0.8151,3.4967
105.4922,0.9033,3.8681
105.4924,0.9518,4.0755
105.4926,0.9906,4.2398
105.4928,0.9929,4.2536
105.4930,0.9702,4.1604
105.4932,0.9834,4.2189
105.4934,0.9802,4.1972
105.4936,1.0557,4.5164
105.4938,1.104,4.7209
105.4940,1.1237,4.8095
105.4942,1.0789,4.6154
105.4944,1.1341,4.8496
105.4946,1.1356,4.8557
105.4948,1.1351,4.8582
105.4950,1.126,4.8192
105.4952,1.1381,4.8597
105.4954,1.1528,4.9296
105.4956,1.2007,5.1293
105.4958,1.1995,5.1218
105.4960,1.1491,4.9251
105.4962,1.0596,4.5392
105.4964,1.0645,4.5623
105.4966,1.0254,4.3989
105.4968,0.9771,4.1936
105.4970,0.9604,4.122
105.4972,0.9388,4.0275
105.4974,0.9693,4.1524
105.4976,1.0596,4.5413
105.4978,1.0445,4.4807
105.4980,0.9879,4.2359
105.4982,0.979,4.2038
105.4984,0.9648,4.1392
105.4986,0.9744,4.1823
105.4988,0.9181,3.9386
105.4990,0.9684,4.1507
105.4992,0.9936,4.2646
105.4994,0.9539,4.0981
105.4996,0.9395,4.0344
105.4998,0.9633,4.1286
105.5000,0.962,4.1345
105.5002,0.8758,3.764
105.5004,0.8586,3.6851
105.5006,0.8919,3.8282
105.5008,0.9639,4.1428
105.5010,0.8808,3.7874
105.5012,0.8385,3.602
105.5014,0.9267,3.9793
105.5016,0.937,4.0217
105.5018,0.9452,4.0548
105.5020,0.9557,4.1039
105.5022,0.9658,4.1471
105.5024,1.0142,4.349
105.5026,1.0332,4.4324
105.5028,1.0012,4.303
105.5030,0.9236,3.9659
105.5032,0.9527,4.0872
105.5034,0.9662,4.1506
105.5036,0.8576,3.693
105.5038,0.7953,3.4214
105.5040,0.8339,3.5808
105.5042,0.8883,3.8145
105.5044,0.8803,3.7818
105.5046,0.9377,4.0248
105.5048,0.9406,4.0409
105.5050,0.9467,4.0634
105.5052,0.9248,3.9729
105.5054,0.9677,4.1534
105.5056,0.9825,4.2128
105.5058,1.0428,4.4714
105.5060,1.0646,4.5692
105.5062,1.0247,4.3897
105.5064,1.0369,4.4462
105.5066,1.0409,4.4736
105.5068,0.9978,4.2826
105.5070,0.9967,4.284
105.5072,0.9405,4.0479
105.5074,0.8819,3.7867
105.5076,0.8648,3.7205
105.5078,0.8441,3.6347
105.5080,0.8092,3.4812
105.5082,0.7996,3.4447
105.5084,0.7684,3.3151
105.5086,0.7254,3.1207
105.5088,0.7911,3.4049
105.5090,0.7636,3.2928
105.5092,0.7078,3.0533
105.5094,0.6575,2.834
105.5096,0.686,2.9592
105.5098,0.6469,2.7919
105.5100,0.6391,2.7582
105.5102,0.6428,2.7743
105.5104,0.5874,2.5352
105.5106,0.5639,2.4349
105.5108,0.5617,2.4256
105.5110,0.5692,2.4577
105.5112,0.603,2.6037
105.5114,0.5717,2.4697
105.5116,0.5556,2.4003
105.5118,0.5686,2.4517
105.5120,0.6648,2.8628
105.5122,0.7578,3.2645
105.5124,0.6784,2.928
105.5126,0.5942,2.5599
105.5128,0.7144,3.0732
105.5130,0.7999,3.4378
105.5132,0.8228,3.5428
105.5134,0.8041,3.4622
105.5136,0.8195,3.5256
105.5138,0.8115,3.491
105.5140,0.821,3.5318
105.5142,0.8422,3.618
105.5144,0.8603,3.6992
105.5146,0.8403,3.6165
105.5148,0.8502,3.6525
105.5150,0.9086,3.9015
105.5152,0.8819,3.7938
105.5154,0.8544,3.674
105.5156,0.8518,3.6575
105.5158,0.8517,3.6587
105.5160,0.8732,3.7567
105.5162,0.8422,3.6264
105.5164,0.8146,3.5012
105.5166,0.8475,3.6424
105.5168,0.8303,3.572
105.5170,0.7942,3.4151
105.5172,0.8036,3.4586
105.5174,0.8008,3.4419
105.5176,0.8297,3.5711
105.5178,0.7937,3.4242
105.5180,0.6768,2.9212
105.5182,0.6608,2.8492
105.5184,0.6612,2.8513
105.5186,0.6772,2.9187
105.5188,0.773,3.3254
105.5190,0.8194,3.5251
105.5192,0.7841,3.3718
105.5194,0.8123,3.4962
105.5196,0.82,3.5276
105.5198,0.7921,3.409
105.5200,0.7615,3.279
105.5202,0.7912,3.4086
105.5204,0.6958,2.9988
105.5206,0.6953,2.994
105.5208,0.7642,3.2908
105.5210,0.777,3.3425
105.5212,0.7952,3.4193
105.5214,0.7814,3.3631
105.5216,0.7647,3.2944
105.5218,0.6961,2.999
105.5220,0.6668,2.8738
105.5222,0.691,2.9754
105.5224,0.6927,2.9868
105.5226,0.6947,2.9942
105.5228,0.7346,3.1604
105.5230,0.7957,3.4213
105.5232,0.8337,3.5864
105.5234,0.8329,3.5767
105.5236,0.8694,3.7384
105.5238,0.8747,3.7593
105.5240,0.8951,3.8505
105.5242,0.8202,3.527
105.5244,0.8347,3.5911
105.5246,0.8218,3.537
105.5248,0.8187,3.517
105.5250,0.8716,3.7425
105.5252,0.9267,3.9811
105.5254,0.8898,3.8207
105.5256,0.922,3.9684
105.5258,0.868,3.7322
105.5260,0.8508,3.6602
105.5262,0.7889,3.3972
105.5264,0.7316,3.1489
105.5266,0.769,3.3115
105.5268,0.7724,3.3213
105.5270,0.8413,3.6127
105.5272,0.9204,3.952
105.5274,0.9483,4.072
105.5276,0.9383,4.0292
105.5278,0.89,3.8289
105.5280,0.8435,3.627
105.5282,0.8967,3.8542
105.5284,0.935,4.0129
105.5286,0.9623,4.1303
105.5288,0.9744,4.1823
105.5290,1.0259,4.3989
105.5292,1.0245,4.3933
105.5294,1.0606,4.5501
105.5296,1.055,4.526
105.5298,1.081,4.6376
105.5300,1.0749,4.6157
105.5302,0.9744,4.1862
105.5304,0.9651,4.1498
105.5306,0.9585,4.1157
105.5308,0.9648,4.1449
105.5310,0.9395,4.0269
105.5312,1.0568,4.5295
105.5314,1.0676,4.5821
105.5316,1.0363,4.4499
105.5318,1.011,4.3392
105.5320,1.0092,4.3375
105.5322,0.8912,3.834
105.5324,0.9079,3.9021
105.5326,0.9435,4.057
105.5328,0.8681,3.7362
105.5330,0.7991,3.4443
105.5332,0.7436,3.205
105.5334,0.7403,3.1905
105.5336,0.7747,3.3342
105.5338,0.806,3.4721
105.5340,0.6989,3.0151
105.5342,0.7008,3.0205
105.5344,0.7038,3.0334
105.5346,0.7186,3.0941
105.5348,0.7832,3.3771
105.5350,0.7759,3.3409
105.5352,0.8264,3.5566
105.5354,0.8391,3.608
105.5356,0.8591,3.6872
105.5358,0.9567,4.1099
105.5360,0.9299,3.9988
105.5362,0.828,3.5672
105.5364,0.7588,3.2661
105.5366,0.7614,3.2784
105.5368,0.772,3.3259
105.5370,0.7904,3.3971
105.5372,0.8725,3.7518
105.5374,0.8644,3.7219
105.5376,0.7425,3.2033
105.5378,0.699,3.0184
105.5380,0.65,2.804
105.5382,0.6363,2.7463
105.5384,0.6419,2.7681
105.5386,0.69,2.9768
105.5388,0.626,2.7006
105.5390,0.623,2.6839
105.5392,0.6912,2.9806
105.5394,0.6925,2.9904
105.5396,0.6186,2.6697
105.5398,0.6017,2.5968
105.5400,0.6021,2.6
105.5402,0.6079,2.6225
105.5404,0.6073,2.6199
105.5406,0.65,2.7988
105.5408,0.6593,2.8457
105.5410,0.5506,2.3796
105.5412,0.5373,2.3221
105.5414,0.5461,2.3583
105.5416,0.5277,2.2796
105.5418,0.5521,2.3864
105.5420,0.5246,2.2672
105.5422,0.4748,2.0521
105.5424,0.4747,2.0516
105.5426,0.4661,2.0143
105.5428,0.464,2.0045
105.5430,0.4754,2.0557
105.5432,0.4844,2.0945
105.5434,0.4774,2.0626
105.5436,0.4744,2.0506
105.5438,0.4788,2.0702
105.5440,0.4774,2.0626
105.5442,0.4795,2.0714
105.5444,0.4767,2.0585
105.5446,0.4755,2.0562
105.5448,0.4652,2.0125
105.5450,0.4604,1.989
105.5452,0.5024,2.1693
105.5454,0.5483,2.3698
105.5456,0.4873,2.105
105.5458,0.4881,2.1057
105.5460,0.5318,2.294
105.5462,0.4892,2.1133
105.5464,0.4665,2.0164
105.5466,0.4653,2.0093
105.5468,0.4652,2.0116
105.5470,0.4633,2.0024
105.5472,0.5276,2.2748
105.5474,0.5677,2.4469
105.5476,0.5762,2.4824
105.5478,0.6073,2.6174
105.5480,0.5899,2.5437
105.5482,0.5741,2.4754
105.5484,0.5783,2.4935
105.5486,0.5979,2.5807
105.5488,0.5662,2.4402
105.5490,0.5573,2.4031
105.5492,0.5711,2.4637
105.5494,0.5497,2.3716
105.5496,0.4797,2.0705
105.5498,0.4674,2.0172
105.5500,0.4655,2.0117
105.5502,0.475,2.0493
105.5504,0.5418,2.3375
105.5506,0.546,2.3545
105.5508,0.5629,2.424
105.5510,0.6223,2.6833
105.5512,0.5885,2.5351
105.5514,0.6141,2.6494
105.5516,0.4978,2.1496
105.5518,0.469,2.0244
105.5520,0.5404,2.328
105.5522,0.574,2.4738
105.5524,0.5873,2.5276
105.5526,0.6481,2.7906
105.5528,0.6282,2.7074
105.5530,0.6144,2.6467
105.5532,0.6362,2.7394
105.5534,0.6591,2.8354
105.5536,0.7056,3.037
105.5538,0.7326,3.1516
105.5540,0.741,3.1833
105.5542,0.7591,3.2626
105.5544,0.7565,3.2421
105.5546,0.9188,3.9416
105.5548,0.8682,3.7385
105.5550,0.7496,3.2189
105.5552,0.8935,3.8349
105.5554,0.9385,4.0316
105.5556,0.8433,3.621
105.5558,0.8024,3.4486
105.5560,0.7774,3.3414
105.5562,0.7439,3.1986
105.5564,0.7418,3.1884
105.5566,0.8225,3.5418
105.5568,0.7597,3.2682
105.5570,0.7695,3.3028
105.5572,0.8506,3.6524
105.5574,0.841,3.6145
105.5576,0.7827,3.3672
105.5578,0.7609,3.2718
105.5580,0.8226,3.534
105.5582,0.873,3.7469
105.5584,0.9109,3.9022
105.5586,1.0741,4.5992
105.5588,1.0971,4.6999
105.5590,1.0182,4.364
105.5592,0.9223,3.9547
105.5594,0.9024,3.8748
105.5596,0.9196,3.9489
105.5598,0.9388,4.035
105.5600,0.8753,3.7549
105.5602,0.9019,3.8763
105.5604,0.876,3.7615
105.5606,0.8436,3.6242
105.5608,0.8529,3.669
105.5610,0.774,3.3296
105.5612,0.8222,3.5336
105.5614,0.7917,3.4075
105.5616,0.7686,3.3063
105.5618,0.7814,3.36
105.5620,0.7802,3.3548
105.5622,0.774,3.328
105.5624,0.8096,3.4747
105.5626,0.8882,3.8122
105.5628,0.8363,3.5995
105.5630,0.7641,3.2888
105.5632,0.8283,3.5566
105.5634,0.8913,3.8292
105.5636,0.8503,3.6564
105.5638,0.8288,3.562
105.5640,0.8187,3.5187
105.5642,0.8297,3.5678
105.5644,0.7953,3.4214
105.5646,0.7982,3.4322
105.5648,0.8073,3.4681
105.5650,0.8224,3.533
105.5652,0.8467,3.6376
105.5654,0.8557,3.6762
105.5656,0.868,3.7305
105.5658,0.8665,3.7226
105.5660,0.877,3.7674
105.5662,0.8994,3.8691
105.5664,0.7869,3.39
105.5666,0.6907,2.973
105.5668,0.7286,3.1317
105.5670,0.7524,3.2367
105.5672,0.7711,3.3172
105.5674,0.7808,3.3574
105.5676,0.8024,3.455
105.5678,0.7418,3.1958
105.5680,0.7041,3.0303
105.5682,0.6991,3.0119
105.5684,0.7243,3.1146
105.5686,0.8228,3.5395
105.5688,0.7508,3.23
105.5690,0.7466,3.2149
105.5692,0.7582,3.2635
105.5694,0.7441,3.2026
105.5696,0.6898,2.9716
105.5698,0.7154,3.0793
105.5700,0.7617,3.2754
105.5702,0.7971,3.4211
105.5704,0.8415,3.6216
105.5706,0.7909,3.4007
105.5708,0.8295,3.5667
105.5710,0.8308,3.5724
105.5712,0.7885,3.392
105.5714,0.8494,3.6523
105.5716,0.8047,3.4536
105.5718,0.9275,3.9792
105.5720,0.946,4.0584
105.5722,0.9658,4.1452
105.5724,0.9759,4.1923
105.5726,0.9582,4.1204
105.5728,0.8171,3.5136
105.5730,0.7734,3.3285
105.5732,0.7889,3.394
105.5734,0.8331,3.5839
105.5736,0.803,3.4528
105.5738,0.7906,3.4028
105.5740,0.8019,3.4497
105.5742,0.7844,3.376
105.5744,0.7856,3.3812
105.5746,0.7535,3.2489
105.5748,0.6684,2.8783
105.5750,0.6921,2.9773
105.5752,0.7328,3.157
105.5754,0.7128,3.0722
105.5756,0.6964,2.9986
105.5758,0.7043,3.0313
105.5760,0.7588,3.2631
105.5762,0.8049,3.461
105.5764,0.7585,3.2645
105.5766,0.7755,3.3332
105.5768,0.7882,3.3957
105.5770,0.7289,3.1385
105.5772,0.7916,3.4006
105.5774,0.844,3.6291
105.5776,0.8198,3.5315
105.5778,0.6591,2.8433
105.5780,0.5643,2.4342
105.5782,0.5562,2.4006
105.5784,0.6027,2.593
105.5786,0.7357,3.1694
105.5788,0.6324,2.7292
105.5790,0.5961,2.5694
105.5792,0.6786,2.9222
105.5794,0.6681,2.8808
105.5796,0.628,2.7094
105.5798,0.6297,2.7128
105.5800,0.6278,2.7071
105.5802,0.6278,2.7071
105.5804,0.6264,2.7009
105.5806,0.6423,2.7671
105.5808,0.7061,3.0418
105.5810,0.7477,3.2181
105.5812,0.7464,3.2109
105.5814,0.7373,3.1732
105.5816,0.7087,3.0504
105.5818,0.7224,3.1121
105.5820,0.6825,2.9415
105.5822,0.6407,2.7616
105.5824,0.63,2.7151
105.5826,0.6223,2.6845
105.5828,0.6246,2.6931
105.5830,0.6259,2.6975
105.5832,0.6298,2.7133
105.5834,0.6142,2.6474
105.5836,0.6536,2.8143
105.5838,0.7154,3.0778
105.5840,0.7502,3.2289
105.5842,0.715,3.0786
105.5844,0.7268,3.1254
105.5846,0.7611,3.2744
105.5848,0.7597,3.2667
105.5850,0.7834,3.3703
105.5852,0.779,3.3497
105.5854,0.8118,3.4893
105.5856,0.7744,3.3394
105.5858,0.636,2.7409
105.5860,0.652,2.8102
105.5862,0.6409,2.7596
105.5864,0.6461,2.7862
105.5866,0.6115,2.6343
105.5868,0.5976,2.5756
105.5870,0.6153,2.6509
105.5872,0.7079,3.0468
105.5874,0.6983,3.0083
105.5876,0.6374,2.7498
105.5878,0.5721,2.4678
105.5880,0.5826,2.5122
105.5882,0.5818,2.5074
105.5884,0.6366,2.7461
105.5886,0.6115,2.6392
105.5888,0.5615,2.4212
105.5890,0.5848,2.5203
105.5892,0.6013,2.5917
105.5894,0.6481,2.7867
105.5896,0.7833,3.3714
105.5898,0.7185,3.0951
105.5900,0.6902,2.9704
105.5902,0.7055,3.0351
105.5904,0.7511,3.2326
105.5906,0.7362,3.1642
105.5908,0.7747,3.325
105.5910,0.8204,3.526
105.5912,0.7881,3.3905
105.5914,0.7944,3.4173
105.5916,0.7674,3.3013
105.5918,0.7622,3.276
105.5920,0.8325,3.5747
105.5922,0.8852,3.803
105.5924,0.8723,3.7439
105.5926,0.8861,3.8066
105.5928,0.8819,3.7868
105.5930,0.9062,3.8931
105.5932,0.8595,3.694
105.5934,0.8561,3.6778
105.5936,0.9078,3.8962
105.5938,0.8914,3.8328
105.5940,0.8651,3.7147
105.5942,0.8878,3.8138
105.5944,0.8921,3.827
105.5946,0.9884,4.2381
105.5948,1.0289,4.4221
105.5950,0.8362,3.6024
105.5952,0.7024,3.0259
105.5954,0.658,2.8361
105.5956,0.6466,2.7857
105.5958,0.6502,2.8025
105.5960,0.6547,2.8203
105.5962,0.7328,3.1556
105.5964,0.7478,3.2142
105.5966,0.791,3.4029
105.5968,0.793,3.4085
105.5970,0.8833,3.7948
105.5972,0.8265,3.5556
105.5974,0.7312,3.1455
105.5976,0.774,3.3312
105.5978,0.7492,3.2229
105.5980,0.7533,3.2394
105.5982,0.8001,3.4437
105.5984,0.7581,3.2615
105.5986,0.7465,3.21
105.5988,0.7374,3.1752
105.5990,0.7099,3.0584
105.5992,0.7161,3.0819
105.5994,0.7611,3.2699
105.5996,0.8427,3.6302
105.5998,0.7044,3.0389
105.6000,0.635,2.7394
105.6002,0.5278,2.2791
105.6004,0.4976,2.1516
105.6006,0.4816,2.0788
105.6008,0.5031,2.1714
105.6010,0.5065,2.1869
105.6012,0.4591,1.9861
105.6014,0.4306,1.8601
105.6016,0.4661,2.0115
105.6018,0.5186,2.2361
105.6020,0.5709,2.4627
105.6022,0.5767,2.4869
105.6024,0.5806,2.5022
105.6026,0.5719,2.4696
105.6028,0.4942,2.1331
105.6030,0.4845,2.0912
105.6032,0.5204,2.2439
105.6034,0.5953,2.5658
105.6036,0.5927,2.558
105.6038,0.5852,2.5201
105.6040,0.6217,2.6795
105.6042,0.639,2.7526
105.6044,0.6177,2.6625
105.6046,0.549,2.3674
105.6048,0.6129,2.6406
105.6050,0.6625,2.8579
105.6052,0.6111,2.6316
105.6054,0.6139,2.6521
105.6056,0.496,2.1419
105.6058,0.4832,2.0826
105.6060,0.537,2.3168
105.6062,0.5681,2.4542
105.6064,0.4721,2.0374
105.6066,0.4544,1.9641
105.6068,0.4053,1.7516
105.6070,0.4147,1.7925
105.6072,0.437,1.8854
105.6074,0.4596,1.9827
105.6076,0.4538,1.9596
105.6078,0.4537,1.9591
105.6080,0.458,1.9768
105.6082,0.5056,2.1793
105.6084,0.5306,2.2899
105.6086,0.4632,2
105.6088,0.497,2.143
105.6090,0.5462,2.3539
105.6092,0.5463,2.3555
105.6094,0.5357,2.3079
105.6096,0.5971,2.5724
105.6098,0.5986,2.5846
105.6100,0.4878,2.1081
105.6102,0.4314,1.8628
105.6104,0.4456,1.9221
105.6106,0.4935,2.1281
105.6108,0.5241,2.2588
105.6110,0.5466,2.3549
105.6112,0.5611,2.4174
105.6114,0.5547,2.3928
105.6116,0.5717,2.464
105.6118,0.5562,2.3962
105.6120,0.5544,2.3918
105.6122,0.5608,2.4147
105.6124,0.649,2.796
105.6126,0.5952,2.5641
105.6128,0.5731,2.4691
105.6130,0.6195,2.669
105.6132,0.5863,2.5247
105.6134,0.5934,2.5564
105.6136,0.6085,2.6214
105.6138,0.6026,2.5913
105.6140,0.6583,2.8279
105.6142,0.7469,3.2086
105.6144,0.7574,3.2645
105.6146,0.5777,2.4898
105.6148,0.5679,2.4463
105.6150,0.588,2.5355
105.6152,0.6078,2.6135
105.6154,0.7056,3.0342
105.6156,0.6505,2.8022
105.6158,0.5652,2.435
105.6160,0.6319,2.7159
105.6162,0.7013,3.0156
105.6164,0.7205,3.1039
105.6166,0.6354,2.741
105.6168,0.5665,2.4418
105.6170,0.5677,2.4481
105.6172,0.504,2.1751
105.6174,0.4551,1.9653
105.6176,0.4469,1.9278
105.6178,0.4452,1.9206
105.6180,0.4423,1.9064
105.6182,0.509,2.1947
105.6184,0.5396,2.3266
105.6186,0.5143,2.2185
105.6188,0.4942,2.1302
105.6190,0.494,2.1291
105.6192,0.495,2.1343
105.6194,0.4911,2.1167
105.6196,0.4975,2.1421
105.6198,0.551,2.3713
105.6200,0.6222,2.6791
105.6202,0.5912,2.5435
105.6204,0.6441,2.771
105.6206,0.6633,2.8562
105.6208,0.6605,2.8443
105.6210,0.5934,2.554
105.6212,0.5753,2.4749
105.6214,0.6525,2.8045
105.6216,0.7306,3.14
105.6218,0.7456,3.2059
105.6220,0.699,3.003
105.6222,0.7409,3.1858
105.6224,0.7229,3.1084
105.6226,0.7068,3.0351
105.6228,0.7222,3.1025
105.6230,0.7356,3.1602
105.6232,0.7104,3.0562
105.6234,0.6753,2.9038
105.6236,0.7351,3.1581
105.6238,0.7869,3.3806
105.6240,0.781,3.3522
105.6242,0.7932,3.4058
105.6244,0.7809,3.3564
105.6246,0.7778,3.3337
105.6248,0.8827,3.7781
105.6250,0.9723,4.1634
105.6252,1.0111,4.3337
105.6254,0.9926,4.2501
105.6256,1.0109,4.3266
105.6258,1.0232,4.3836
105.6260,1.0146,4.3466
105.6262,0.9715,4.1578
105.6264,1.0426,4.4621
105.6266,1.0953,4.6879
105.6268,1.09,4.6675
105.6270,0.9501,4.0817
105.6272,0.8537,3.6658
105.6274,0.8477,3.6316
105.6276,0.9409,4.0345
105.6278,0.909,3.8995
105.6280,0.9205,3.9434
105.6282,0.9472,4.0617
105.6284,0.9452,4.0568
105.6286,0.9151,3.9258
105.6288,0.9421,4.0358
105.6290,0.952,4.0842
105.6292,0.9156,3.9297
105.6294,0.9217,3.9541
105.6296,0.9023,3.8707
105.6298,0.9086,3.898
105.6300,0.9126,3.9131
105.6302,0.9897,4.2418
105.6304,0.9792,4.199
105.6306,0.9824,4.2084
105.6308,1.0289,4.4016
105.6310,1.1186,4.7875
105.6312,1.1282,4.8331
105.6314,1.0792,4.6235
105.6316,1.0572,4.5269
105.6318,1.0537,4.5246
105.6320,0.9277,3.9779
105.6322,0.9097,3.9026
105.6324,0.9331,4.0123
105.6326,0.858,3.6861
105.6328,0.9471,4.0574
105.6330,1.0168,4.362
105.6332,0.9928,4.2611
105.6334,0.9834,4.215
105.6336,1.0114,4.3327
105.6338,1.0453,4.476
105.6340,1.0215,4.3882
105.6342,0.89,3.8254
105.6344,0.8861,3.8101
105.6346,0.8362,3.5923
105.6348,0.8345,3.5868
105.6350,0.8682,3.7299
105.6352,0.8885,3.8151
105.6354,0.8665,3.7192
105.6356,0.8886,3.8174
105.6358,0.8764,3.7666
105.6360,0.8843,3.8006
105.6362,0.8686,3.7297
105.6364,0.8631,3.7112
105.6366,0.8517,3.6605
105.6368,0.8597,3.6933
105.6370,0.8507,3.6563
105.6372,0.8366,3.6022
105.6374,0.7694,3.3131
105.6376,0.7366,3.1731
105.6378,0.6798,2.9288
105.6380,0.7592,3.2662
105.6382,0.8355,3.5892
105.6384,0.8435,3.6322
105.6386,0.7181,3.0921
105.6388,0.7241,3.115
105.6390,0.7639,3.2878
105.6392,0.7962,3.4266
105.6394,0.7795,3.3596
105.6396,0.6887,2.967
105.6398,0.6848,2.9486
105.6400,0.6409,2.7648
105.6402,0.5947,2.5656
105.6404,0.6004,2.5887
105.6406,0.6131,2.6435
105.6408,0.6409,2.766
105.6410,0.5971,2.5724
105.6412,0.6225,2.6869
105.6414,0.5775,2.4865
105.6416,0.6976,3.0024
105.6418,0.6627,2.8589
105.6420,0.5803,2.5059
105.6422,0.533,2.3014
105.6424,0.5255,2.2682
105.6426,0.5292,2.2853
105.6428,0.5273,2.276
105.6430,0.5328,2.3008
105.6432,0.5243,2.262
105.6434,0.5254,2.2656
105.6436,0.527,2.2765
105.6438,0.5291,2.2848
105.6440,0.5285,2.2822
105.6442,0.5266,2.2718
105.6444,0.5259,2.2687
105.6446,0.5393,2.3266
105.6448,0.5796,2.4958
105.6450,0.6898,2.9661
105.6452,0.7117,3.069
105.6454,0.5953,2.5682
105.6456,0.5808,2.5068
105.6458,0.5563,2.4001
105.6460,0.54,2.3319
105.6462,0.5332,2.3013
105.6464,0.5247,2.2625
105.6466,0.5228,2.2553
105.6468,0.5243,2.262
105.6470,0.5494,2.3679
105.6472,0.6114,2.6326
105.6474,0.6475,2.7893
105.6476,0.6718,2.8955
105.6478,0.6784,2.9212
105.6480,0.6279,2.7026
105.6482,0.6644,2.8595
105.6484,0.6465,2.7891
105.6486,0.5374,2.3184
105.6488,0.529,2.2843
105.6490,0.5382,2.322
105.6492,0.6066,2.6132
105.6494,0.6225,2.6844
105.6496,0.6532,2.818
105.6498,0.5782,2.4919
105.6500,0.5325,2.2971
105.6502,0.5563,2.4001
105.6504,0.5483,2.361
105.6506,0.6078,2.6208
105.6508,0.6298,2.7146
105.6510,0.6414,2.763
105.6512,0.6169,2.6527
105.6514,0.6899,2.9708
105.6516,0.6924,2.9816
105.6518,0.679,2.9211
105.6520,0.6719,2.8933
105.6522,0.6688,2.8799
105.6524,0.7477,3.2152
105.6526,0.7752,3.3332
105.6528,0.7182,3.0912
105.6530,0.6605,2.8417
105.6532,0.7515,3.2317
105.6534,0.7024,3.0217
105.6536,0.6718,2.8928
105.6538,0.6653,2.865
105.6540,0.7126,3.0669
105.6542,0.7125,3.0664
105.6544,0.6809,2.928
105.6546,0.761,3.2739
105.6548,0.7189,3.0914
105.6550,0.7218,3.1081
105.6552,0.6929,2.9837
105.6554,0.6986,3.0052
105.6556,0.7372,3.1654
105.6558,0.7958,3.4187
105.6560,0.8186,3.5199
105.6562,0.7851,3.3713
105.6564,0.8402,3.6093
105.6566,0.7816,3.3658
105.6568,0.7073,3.0471
105.6570,0.6528,2.8107
105.6572,0.635,2.7305
105.6574,0.7298,3.1413
105.6576,0.7989,3.4321
105.6578,0.831,3.5668
105.6580,0.8508,3.6501
105.6582,0.8873,3.81
105.6584,0.8922,3.8311
105.6586,0.8997,3.8527
105.6588,1.064,4.5561
105.6590,1.0227,4.3892
105.6592,0.9493,4.0686
105.6594,1.0376,4.4452
105.6596,1.0526,4.5158
105.6598,0.9325,4.0004
105.6600,0.9113,3.913
105.6602,0.8586,3.6886
105.6604,0.8669,3.7259
105.6606,0.8592,3.6912
105.6608,0.8024,3.4487
105.6610,0.8074,3.4687
105.6612,0.8361,3.5918
105.6614,0.8144,3.5002
105.6616,0.8111,3.4895
105.6618,0.8143,3.4932
105.6620,0.943,4.0456
105.6622,0.9639,4.139
105.6624,0.9131,3.9225
105.6626,0.8613,3.7
105.6628,0.8265,3.5522
105.6630,0.8006,3.4409
105.6632,0.8055,3.4572
105.6634,0.9161,3.939
105.6636,0.7977,3.4302
105.6638,0.7276,3.1344
105.6640,0.6785,2.9217
105.6642,0.7081,3.0493
105.6644,0.7505,3.2255
105.6646,0.7906,3.4013
105.6648,0.7789,3.3492
105.6650,0.8193,3.5246
105.6652,0.7764,3.3415
105.6654,0.6972,3.0051
105.6656,0.6826,2.9379
105.6658,0.7627,3.2811
105.6660,0.7779,3.3466
105.6662,0.8013,3.4424
105.6664,0.8283,3.5649
105.6666,0.7351,3.1654
105.6668,0.7517,3.2337
105.6670,0.8002,3.441
105.6672,0.7258,3.1252
105.6674,0.7212,3.1055
105.6676,0.7022,3.0164
105.6678,0.8007,3.4463
105.6680,0.7659,3.2966
105.6682,0.8017,3.4456
105.6684,0.8015,3.4467
105.6686,0.7314,3.1509
105.6688,0.6792,2.9262
105.6690,0.6766,2.9135
105.6692,0.6768,2.9132
105.6694,0.6918,2.9721
105.6696,0.8152,3.5022
105.6698,0.8604,3.7015
105.6700,0.7972,3.4329
105.6702,0.7268,3.1284
105.6704,0.6994,3.0116
105.6706,0.6898,2.9717
105.6708,0.6757,2.9107
105.6710,0.6298,2.7134
105.6712,0.6524,2.8105
105.6714,0.6886,2.9651
105.6716,0.7645,3.2889
105.6718,0.7609,3.2764
105.6720,0.7399,3.1861
105.6722,0.7423,3.1934
105.6724,0.7786,3.3497
105.6726,0.7489,3.2263
105.6728,0.7346,3.1619
105.6730,0.7292,3.1372
105.6732,0.7351,3.1625
105.6734,0.8221,3.5332
105.6736,0.8273,3.5559
105.6738,0.7709,3.3193
105.6740,0.7206,3.1073
105.6742,0.615,2.6506
105.6744,0.6649,2.8616
105.6746,0.7144,3.0775
105.6748,0.6577,2.8359
105.6750,0.652,2.8089
105.6752,0.6712,2.8903
105.6754,0.653,2.8118
105.6756,0.6273,2.7013
105.6758,0.6261,2.6961
105.6760,0.4873,2.1051
105.6762,0.4834,2.0875
105.6764,0.4806,2.0761
105.6766,0.4954,2.1373
105.6768,0.5315,2.2951
105.6770,0.4699,2.029
105.6772,0.4625,1.9978
105.6774,0.4662,2.0139
105.6776,0.4886,2.1069
105.6778,0.5982,2.5842
105.6780,0.4954,2.1393
105.6782,0.4915,2.1183
105.6784,0.5897,2.5415
105.6786,0.6452,2.7834
105.6788,0.5625,2.4231
105.6790,0.5349,2.3064
105.6792,0.5332,2.3003
105.6794,0.5351,2.3085
105.6796,0.5367,2.3174
105.6798,0.5338,2.3028
105.6800,0.5308,2.2888
105.6802,0.5307,2.2883
105.6804,0.5695,2.4558
105.6806,0.6152,2.6479
105.6808,0.6376,2.7444
105.6810,0.6559,2.8242
105.6812,0.6629,2.856
105.6814,0.668,2.8776
105.6816,0.6516,2.8043
105.6818,0.6545,2.8224
105.6820,0.5873,2.5335
105.6822,0.5319,2.2935
105.6824,0.5367,2.3131
105.6826,0.5761,2.4831
105.6828,0.5954,2.5663
105.6830,0.5858,2.525
105.6832,0.5867,2.5286
105.6834,0.6083,2.6192
105.6836,0.6086,2.6232
105.6838,0.5776,2.4882
105.6840,0.5909,2.5408
105.6842,0.6591,2.8342
105.6844,0.6924,2.9803
105.6846,0.7188,3.0952
105.6848,0.6834,2.9402
105.6850,0.6855,2.9503
105.6852,0.6393,2.7529
105.6854,0.5633,2.4323
105.6856,0.5012,2.1621
105.6858,0.4972,2.1451
105.6860,0.492,2.1223
105.6862,0.4924,2.1264
105.6864,0.4954,2.1393
105.6866,0.4948,2.1337
105.6868,0.5465,2.3566
105.6870,0.5157,2.2268
105.6872,0.4777,2.0598
105.6874,0.4802,2.0716
105.6876,0.4824,2.08
105.6878,0.5083,2.1927
105.6880,0.5779,2.4897
105.6882,0.5966,2.5679
105.6884,0.5784,2.4964
105.6886,0.4842,2.0897
105.6888,0.483,2.0826
105.6890,0.4812,2.0767
105.6892,0.5452,2.3476
105.6894,0.5921,2.5471
105.6896,0.6529,2.8086
105.6898,0.6804,2.9273
105.6900,0.7171,3.0823
105.6902,0.8222,3.5337
105.6904,0.7577,3.258
105.6906,0.7027,3.0218
105.6908,0.6975,2.9963
105.6910,0.7536,3.2374
105.6912,0.7879,3.3863
105.6914,0.9041,3.8748
105.6916,0.9169,3.9353
105.6918,0.9019,3.8656
105.6920,0.9297,3.9829
105.6922,0.9372,4.011
105.6924,1.0284,4.4036
105.6926,1.0328,4.4247
105.6928,1.0151,4.3446
105.6930,1.0101,4.3311
105.6932,0.9101,3.9042
105.6934,0.9041,3.8803
105.6936,0.8924,3.8303
105.6938,0.8125,3.4871
105.6940,0.8619,3.7008
105.6942,0.8685,3.7326
105.6944,0.8276,3.5536
105.6946,0.8724,3.7479
105.6948,0.815,3.4995
105.6950,0.8289,3.5576
105.6952,0.8404,3.6103
105.6954,0.799,3.439
105.6956,0.7388,3.1814
105.6958,0.6689,2.8778
105.6960,0.7581,3.2615
105.6962,0.8183,3.5156
105.6964,0.8408,3.6102
105.6966,0.8457,3.6313
105.6968,0.8655,3.7197
105.6970,0.8032,3.4539
105.6972,0.8109,3.4853
105.6974,0.7989,3.4369
105.6976,0.7297,3.1364
105.6978,0.7747,3.3327
105.6980,0.7466,3.215
105.6982,0.72,3.0975
105.6984,0.7336,3.1543
105.6986,0.7525,3.2358
105.6988,0.7523,3.2393
105.6990,0.7298,3.1427
105.6992,0.6683,2.8805
105.6994,0.6102,2.6311
105.6996,0.6092,2.6258
105.6998,0.5773,2.4883
105.7000,0.5775,2.4877
105.7002,0.5773,2.4871
105.7004,0.5739,2.4745
105.7006,0.6454,2.778
105.7008,0.723,3.1104
105.7010,0.7221,3.1063
105.7012,0.7257,3.1261
105.7014,0.6675,2.8716
105.7016,0.6729,2.8961
105.7018,0.6958,2.9933
105.7020,0.6914,2.9825
105.7022,0.5904,2.5446
105.7024,0.588,2.5331
105.7026,0.5754,2.4858
105.7028,0.4771,2.0601
105.7030,0.4771,2.0601
105.7032,0.4803,2.0712
105.7034,0.5287,2.2806
105.7036,0.535,2.3091
105.7038,0.5252,2.2666
105.7040,0.5259,2.2687
105.7042,0.5273,2.2739
105.7044,0.5942,2.5588
105.7046,0.6838,2.9417
105.7048,0.717,3.0832
105.7050,0.6631,2.8551
105.7052,0.5948,2.5649
105.7054,0.548,2.3628
105.7056,0.5408,2.3328
105.7058,0.5354,2.3096
105.7060,0.5361,2.3116
105.7062,0.5398,2.3265
105.7064,0.5399,2.3271
105.7066,0.5439,2.3463
105.7068,0.5269,2.2728
105.7070,0.5246,2.263
105.7072,0.5228,2.2553
105.7074,0.5255,2.2629
105.7076,0.6259,2.6951
105.7078,0.698,3.004
105.7080,0.6627,2.8549
105.7082,0.5531,2.385
105.7084,0.5306,2.2868
105.7086,0.5602,2.4155
105.7088,0.5271,2.2728
105.7090,0.5486,2.361
105.7092,0.6628,2.8541
105.7094,0.624,2.6831
105.7096,0.6272,2.7058
105.7098,0.5326,2.2966
105.7100,0.5289,2.2795
105.7102,0.5247,2.2635
105.7104,0.5319,2.2924
105.7106,0.595,2.5619
105.7108,0.6412,2.7573
105.7110,0.747,3.2136
105.7112,0.664,2.8579
105.7114,0.6279,2.7014
105.7116,0.6338,2.7279
105.7118,0.6471,2.7865
105.7120,0.6528,2.8107
105.7122,0.6504,2.7991
105.7124,0.6506,2.8001
105.7126,0.652,2.8076
105.7128,0.6627,2.8523
105.7130,0.6975,2.9963
105.7132,0.7083,3.0498
105.7134,0.6688,2.8799
105.7136,0.6394,2.7547
105.7138,0.6041,2.6023
105.7140,0.6551,2.8171
105.7142,0.7551,3.2456
105.7144,0.758,3.258
105.7146,0.7294,3.145
105.7148,0.5572,2.4004
105.7150,0.5806,2.5011
105.7152,0.5982,2.5758
105.7154,0.6186,2.6661
105.7156,0.5858,2.5262
105.7158,0.5816,2.5069
105.7160,0.5824,2.5077
105.7162,0.5842,2.5154
105.7164,0.602,2.5935
105.7166,0.5952,2.5605
105.7168,0.7023,3.0198
105.7170,0.7243,3.1117
105.7172,0.8021,3.4444
105.7174,0.8348,3.5895
105.7176,0.6748,2.9084
105.7178,0.5157,2.2227
105.7180,0.5821,2.4997
105.7182,0.7199,3.0984
105.7184,0.637,2.7431
105.7186,0.658,2.8256
105.7188,0.7816,3.3564
105.7190,0.7923,3.407
105.7192,0.7785,3.3399
105.7194,0.8125,3.4855
105.7196,0.8206,3.527
105.7198,0.6779,2.9192
105.7200,0.6452,2.7795
105.7202,0.6416,2.7627
105.7204,0.6412,2.7599
105.7206,0.6488,2.7911
105.7208,0.668,2.8723
105.7210,0.7169,3.087
105.7212,0.6194,2.6672
105.7214,0.5807,2.5004
105.7216,0.5893,2.5388
105.7218,0.6378,2.7488
105.7220,0.5903,2.5453
105.7222,0.5246,2.2609
105.7224,0.5644,2.4325
105.7226,0.5819,2.5056
105.7228,0.6195,2.6677
105.7230,0.6445,2.7751
105.7232,0.7104,3.0548
105.7234,0.7414,3.1864
105.7236,0.7133,3.0686
105.7238,0.6874,2.9586
105.7240,0.7418,3.184
105.7242,0.7888,3.3904
105.7244,0.6977,3.003
105.7246,0.759,3.256
105.7248,0.8897,3.8185
105.7250,0.8956,3.8401
105.7252,0.909,3.905
105.7254,0.8501,3.647
105.7256,0.8851,3.7954
105.7258,0.8731,3.7457
105.7260,0.8794,3.7725
105.7262,0.9003,3.8661
105.7264,0.8372,3.5964
105.7266,0.8422,3.6164
105.7268,0.8599,3.696
105.7270,0.7613,3.2719
105.7272,0.7517,3.2292
105.7274,0.7629,3.2806
105.7276,0.7768,3.3389
105.7278,0.812,3.485
105.7280,0.8916,3.8196
105.7282,0.95,4.0774
105.7284,0.9132,3.9194
105.7286,0.8834,3.7917
105.7288,0.9141,3.9235
105.7290,0.889,3.8136
105.7292,0.8742,3.7504
105.7294,0.9507,4.0785
105.7296,0.9544,4.1002
105.7298,0.8631,3.706
105.7300,0.8258,3.5459
105.7302,0.8234,3.5388
105.7304,0.845,3.6265
105.7306,0.8777,3.7653
105.7308,0.921,3.9547
105.7310,0.8971,3.8594
105.7312,0.8682,3.7299
105.7314,0.8117,3.4872
105.7316,0.8322,3.5737
105.7318,0.8737,3.7535
105.7320,0.8842,3.7948
105.7322,0.8001,3.4421
105.7324,0.7248,3.1225
105.7326,0.7107,3.0587
105.7328,0.7512,3.2256
105.7330,0.7855,3.3791
105.7332,0.7605,3.2734
105.7334,0.7014,3.0204
105.7336,0.6776,2.9149
105.7338,0.7111,3.0593
105.7340,0.7644,3.2914
105.7342,0.762,3.2826
105.7344,0.6906,2.9739
105.7346,0.6763,2.9133
105.7348,0.6975,2.9991
105.7350,0.8031,3.4534
105.7352,0.7908,3.3955
105.7354,0.8222,3.5337
105.7356,0.7893,3.3988
105.7358,0.6964,3.0001
105.7360,0.6537,2.8149
105.7362,0.6903,2.9779
105.7364,0.6174,2.6609
105.7366,0.602,2.5948
105.7368,0.609,2.6259
105.7370,0.6061,2.6135
105.7372,0.6018,2.5949
105.7374,0.6248,2.6917
105.7376,0.5188,2.2392
105.7378,0.5284,2.2753
105.7380,0.6555,2.8213
105.7382,0.6494,2.7963
105.7384,0.7005,3.0162
105.7386,0.6592,2.8413
105.7388,0.6145,2.6522
105.7390,0.578,2.4926
105.7392,0.574,2.4738
105.7394,0.5655,2.4405
105.7396,0.5164,2.2278
105.7398,0.5516,2.3805
105.7400,0.4826,2.0839
105.7402,0.4603,1.9885
105.7404,0.503,2.1709
105.7406,0.5531,2.3861
105.7408,0.4803,2.076
105.7410,0.4657,2.0118
105.7412,0.4501,1.9436
105.7414,0.4483,1.9358
105.7416,0.4501,1.9445
105.7418,0.4506,1.9448
105.7420,0.4928,2.125
105.7422,0.5378,2.3178
105.7424,0.5098,2.2014
105.7426,0.4387,1.8944
105.7428,0.4334,1.8725
105.7430,0.4319,1.8658
105.7432,0.43,1.8575
105.7434,0.4306,1.8583
105.7436,0.433,1.8696
105.7438,0.437,1.8872
105.7440,0.4591,1.9797
105.7442,0.5063,2.1834
105.7444,0.504,2.1771
105.7446,0.4498,1.942
105.7448,0.4459,1.9237
105.7450,0.4459,1.9255
105.7452,0.4374,1.8878
105.7454,0.4896,2.111
105.7456,0.4649,2.0063
105.7458,0.4589,1.9805
105.7460,0.4775,2.0607
105.7462,0.4605,1.985
105.7464,0.5155,2.2216
105.7466,0.5537,2.3876
105.7468,0.5619,2.4194
105.7470,0.5706,2.4605
105.7472,0.552,2.3804
105.7474,0.5367,2.3131
105.7476,0.5373,2.3189
105.7478,0.4674,2.0191
105.7480,0.4789,2.0659
105.7482,0.4581,1.9746
105.7484,0.5171,2.2278
105.7486,0.4884,2.1088
105.7488,0.4402,1.8989
105.7490,0.4868,2.0942
105.7492,0.5635,2.4277
105.7494,0.5219,2.2506
105.7496,0.4936,2.1296
105.7498,0.5181,2.233
105.7500,0.5456,2.3492
105.7502,0.5723,2.4609
105.7504,0.6303,2.7117
105.7506,0.6506,2.7975
105.7508,0.7006,3.0111
105.7510,0.6939,2.9809
105.7512,0.7356,3.1602
105.7514,0.7233,3.11
105.7516,0.7104,3.0506
105.7518,0.7786,3.3404
105.7520,0.7794,3.3466
105.7522,0.7506,3.223
105.7524,0.7538,3.2354
105.7526,0.7852,3.3718
105.7528,0.797,3.4239
105.7530,0.6554,2.8221
105.7532,0.6358,2.7367
105.7534,0.6231,2.6782
105.7536,0.6733,2.8936
105.7538,0.7222,3.1053
105.7540,0.7061,3.0348
105.7542,0.7105,3.0553
105.7544,0.651,2.8056
105.7546,0.556,2.3974
105.7548,0.5701,2.4573
105.7550,0.5499,2.3678
105.7552,0.5457,2.3497
105.7554,0.5854,2.5206
105.7556,0.6083,2.618
105.7558,0.5689,2.4498
105.7560,0.6315,2.7194
105.7562,0.6469,2.7854
105.7564,0.636,2.7346
105.7566,0.6892,2.9649
105.7568,0.6569,2.8262
105.7570,0.6958,2.9822
105.7572,0.8816,3.7752
105.7574,0.9121,3.9147
105.7576,0.8536,3.6602
105.7578,0.8978,3.8499
105.7580,0.8952,3.8404
105.7582,0.909,3.8977
105.7584,0.9253,3.9695
105.7586,0.8664,3.7135
105.7588,0.909,3.8995
105.7590,0.9087,3.8949
105.7592,0.933,4.0099
105.7594,0.7838,3.3704
105.7596,0.7321,3.1496
105.7598,0.753,3.2379
105.7600,0.759,3.2606
105.7602,0.761,3.2648
105.7604,0.8565,3.6742
105.7606,0.897,3.8499
105.7608,0.8521,3.6591
105.7610,0.8149,3.5023
105.7612,0.8296,3.559
105.7614,0.8837,3.7892
105.7616,0.859,3.6885
105.7618,0.7962,3.4219
105.7620,0.7758,3.3343
105.7622,0.7837,3.3698
105.7624,0.773,3.3224
105.7626,0.7932,3.409
105.7628,0.7892,3.3904
105.7630,0.782,3.3611
105.7632,0.7574,3.2554
105.7634,0.7789,3.3461
105.7636,0.7836,3.3646
105.7638,0.7709,3.3162
105.7640,0.7302,3.1414
105.7642,0.7472,3.2131
105.7644,0.7563,3.2493
105.7646,0.7804,3.3512
105.7648,0.8326,3.5819
105.7650,0.7144,3.0704
105.7652,0.8043,3.4505
105.7654,0.8664,3.7239
105.7656,0.7481,3.2197
105.7658,0.7326,3.1546
105.7660,0.6916,2.9766
105.7662,0.6863,2.9553
105.7664,0.6888,2.9634
105.7666,0.7373,3.1674
105.7668,0.7993,3.4305
105.7670,0.8135,3.4966
105.7672,0.8337,3.5815
105.7674,0.8373,3.5953
105.7676,0.817,3.5115
105.7678,0.7523,3.2333
105.7680,0.7527,3.2368
105.7682,0.7603,3.2647
105.7684,0.688,2.9653
105.7686,0.6035,2.5985
105.7688,0.6677,2.8766
105.7690,0.6481,2.7893
105.7692,0.732,3.1506
105.7694,0.7235,3.1096
105.7696,0.7125,3.0664
105.7698,0.6475,2.7867
105.7700,0.7282,3.1282
105.7702,0.8113,3.4884
105.7704,0.7804,3.3544
105.7706,0.7447,3.2023
105.7708,0.79,3.3956
105.7710,0.8291,3.5636
105.7712,0.7723,3.3178
105.7714,0.758,3.255
105.7716,0.8021,3.4508
105.7718,0.7723,3.3193
105.7720,0.7813,3.358
105.7722,0.7809,3.3595
105.7724,0.7205,3.1025
105.7726,0.7089,3.051
105.7728,0.679,2.9225
105.7730,0.7145,3.0766
105.7732,0.6948,2.9878
105.7734,0.7795,3.3518
105.7736,0.7385,3.1843
105.7738,0.632,2.724
105.7740,0.6292,2.7133
105.7742,0.5699,2.4585
105.7744,0.5295,2.2853
105.7746,0.5239,2.2589
105.7748,0.524,2.2604
105.7750,0.5281,2.278
105.7752,0.5285,2.2801
105.7754,0.5344,2.3054
105.7756,0.5504,2.3742
105.7758,0.5387,2.324
105.7760,0.5358,2.3106
105.7762,0.5356,2.3085
105.7764,0.5388,2.3235
105.7766,0.5528,2.3813
105.7768,0.6434,2.7679
105.7770,0.6965,3.0034
105.7772,0.5513,2.3795
105.7774,0.523,2.2563
105.7776,0.5203,2.2444
105.7778,0.5192,2.2387
105.7780,0.526,2.2692
105.7782,0.5217,2.2506
105.7784,0.5475,2.3607
105.7786,0.5884,2.5382
105.7788,0.5777,2.491
105.7790,0.549,2.3685
105.7792,0.5272,2.2723
105.7794,0.5735,2.4706
105.7796,0.6387,2.7478
105.7798,0.6384,2.7475
105.7800,0.6427,2.7648
105.7802,0.6975,3.0019
105.7804,0.6616,2.8529
105.7806,0.5855,2.5223
105.7808,0.5984,2.5793
105.7810,0.584,2.5149
105.7812,0.6044,2.6039
105.7814,0.5787,2.4917
105.7816,0.6474,2.7875
105.7818,0.6151,2.6499
105.7820,0.5891,2.5354
105.7822,0.6472,2.7883
105.7824,0.6049,2.6096
105.7826,0.5147,2.2185
105.7828,0.4944,2.1336
105.7830,0.4801,2.0701
105.7832,0.4791,2.066
105.7834,0.492,2.1233
105.7836,0.4739,2.0452
105.7838,0.4874,2.1027
105.7840,0.4897,2.1125
105.7842,0.488,2.1052
105.7844,0.4893,2.1109
105.7846,0.4838,2.0871
105.7848,0.4873,2.1012
105.7850,0.5153,2.2191
105.7852,0.5893,2.5353
105.7854,0.6501,2.7968
105.7856,0.6722,2.8944
105.7858,0.6549,2.8213
105.7860,0.5397,2.3282
105.7862,0.4885,2.1073
105.7864,0.4837,2.0866
105.7866,0.5051,2.1742
105.7868,0.5616,2.4217
105.7870,0.4963,2.1409
105.7872,0.4791,2.0679
105.7874,0.4718,2.0345
105.7876,0.4647,2.004
105.7878,0.4661,2.0097
105.7880,0.4927,2.1244
105.7882,0.543,2.3372
105.7884,0.5954,2.5616
105.7886,0.6659,2.8569
105.7888,0.7962,3.4219
105.7890,0.7502,3.2275
105.7892,0.7093,3.0488
105.7894,0.7278,3.1281
105.7896,0.747,3.2151
105.7898,0.6615,2.8445
105.7900,0.705,3.0274
105.7902,0.7307,3.1376
105.7904,0.8241,3.5354
105.7906,0.8857,3.798
105.7908,0.8849,3.7926
105.7910,0.9322,3.9956
105.7912,0.9149,3.9211
105.7914,0.9324,3.9961
105.7916,0.9244,3.9622
105.7918,0.9215,3.9493
105.7920,0.9454,4.0502
105.7922,1.0195,4.3677
105.7924,1.0085,4.3224
105.7926,0.9771,4.1839
105.7928,1.0093,4.32
105.7930,1.0569,4.5237
105.7932,1.0524,4.5063
105.7934,0.9882,4.2356
105.7936,0.9688,4.1485
105.7938,0.9881,4.239
105.7940,0.9873,4.2315
105.7942,0.9838,4.2185
105.7944,0.9219,3.9514
105.7946,0.9604,4.1164
105.7948,0.9517,4.0884
105.7950,0.8259,3.5464
105.7952,0.8144,3.5002
105.7954,0.8268,3.5538
105.7956,0.7981,3.4317
105.7958,0.7302,3.1399
105.7960,0.7195,3.0969
105.7962,0.7151,3.0749
105.7964,0.718,3.0844
105.7966,0.7911,3.3971
105.7968,0.8538,3.6697
105.7970,0.835,3.5888
105.7972,0.7391,3.1795
105.7974,0.6964,2.9945
105.7976,0.6797,2.9269
105.7978,0.6146,2.649
105.7980,0.5802,2.5007
105.7982,0.586,2.5232
105.7984,0.6508,2.8012
105.7986,0.6754,2.9083
105.7988,0.6891,2.9644
105.7990,0.779,3.3451
105.7992,0.8173,3.5126
105.7994,0.7619,3.276
105.7996,0.7873,3.3869
105.7998,0.686,2.9551
105.8000,0.6685,2.877
105.8002,0.7145,3.0752
105.8004,0.7185,3.0865
105.8006,0.7533,3.2424
105.8008,0.6965,2.9992
105.8010,0.6824,2.9369
105.8012,0.7162,3.081
105.8014,0.7205,3.101
105.8016,0.6693,2.886
105.8018,0.6078,2.6208
105.8020,0.5954,2.5663
105.8022,0.5926,2.5527
105.8024,0.6462,2.7849
105.8026,0.6012,2.5911
105.8028,0.5894,2.5393
105.8030,0.5855,2.5234
105.8032,0.6,2.586
105.8034,0.6662,2.8659
105.8036,0.7355,3.1626
105.8038,0.6385,2.7544
105.8040,0.5145,2.2206
105.8042,0.4995,2.1549
105.8044,0.5038,2.1715
105.8046,0.4969,2.1425
105.8048,0.54,2.3297
105.8050,0.5639,2.4304
105.8052,0.5635,2.4289
105.8054,0.5663,2.4442
105.8056,0.5162,2.2289
105.8058,0.5221,2.2501
105.8060,0.5241,2.2609
105.8062,0.4764,2.0541
105.8064,0.5278,2.277
105.8066,0.4713,2.0362
105.8068,0.4573,1.9756
105.8070,0.4584,1.9775
105.8072,0.4614,1.9904
105.8074,0.4613,1.9917
105.8076,0.4555,1.9669
105.8078,0.4424,1.9087
105.8080,0.4429,1.9125
105.8082,0.4457,1.9235
105.8084,0.4813,2.0772
105.8086,0.4423,1.9099
105.8088,0.4408,1.9032
105.8090,0.477,2.0557
105.8092,0.5392,2.3196
105.8094,0.6561,2.8213
105.8096,0.6273,2.7025
105.8098,0.6055,2.6037
105.8100,0.6091,2.6289
105.8102,0.4658,2.0096
105.8104,0.4772,2.0587
105.8106,0.4601,1.9847
105.8108,0.5038,2.1715
105.8110,0.5837,2.5098
105.8112,0.6269,2.698
105.8114,0.5778,2.4892
105.8116,0.5745,2.4736
105.8118,0.6179,2.6593
105.8120,0.628,2.7044
105.8122,0.674,2.9035
105.8124,0.6511,2.7983
105.8126,0.6962,2.9935
105.8128,0.6736,2.9006
105.8130,0.5989,2.5801
105.8132,0.5366,2.3094
105.8134,0.5928,2.5561
105.8136,0.5661,2.4386
105.8138,0.6292,2.7045
105.8140,0.686,2.9496
105.8142,0.6832,2.9378
105.8144,0.6492,2.7966
105.8146,0.6097,2.6266
105.8148,0.5976,2.5768
105.8150,0.4816,2.0807
105.8152,0.4483,1.9358
105.8154,0.45,1.9413
105.8156,0.4388,1.8923
105.8158,0.4837,2.0837
105.8160,0.578,2.4902
105.8162,0.5729,2.4692
105.8164,0.531,2.2867
105.8166,0.576,2.4792
105.8168,0.5789,2.4973
105.8170,0.5101,2.2004
105.8172,0.5006,2.1576
105.8174,0.503,2.1699
105.8176,0.5122,2.2077
105.8178,0.5742,2.4691
105.8180,0.6169,2.6564
105.8182,0.6056,2.6054
105.8184,0.6411,2.7555
105.8186,0.6722,2.893
105.8188,0.6453,2.7813
105.8190,0.6182,2.6571
105.8192,0.703,3.0214
105.8194,0.691,2.9727
105.8196,0.6464,2.7808
105.8198,0.655,2.8232
105.8200,0.587,2.529
105.8202,0.5704,2.4595
105.8204,0.4912,2.1202
105.8206,0.4664,2.0121
105.8208,0.4528,1.9532
105.8210,0.4511,1.9459
105.8212,0.4511,1.9459
105.8214,0.4764,2.0522
105.8216,0.5065,2.1829
105.8218,0.552,2.3759
105.8220,0.568,2.4469
105.8222,0.5557,2.3919
105.8224,0.603,2.5941
105.8226,0.6736,2.8938
105.8228,0.7121,3.0592
105.8230,0.7098,3.0508
105.8232,0.7242,3.1112
105.8234,0.7605,3.2627
105.8236,0.8444,3.624
105.8238,0.862,3.6927
105.8240,0.9216,3.9499
105.8242,0.9139,3.9188
105.8244,0.9369,4.0081
105.8246,1.0157,4.3472
105.8248,1.0332,4.4159
105.8250,1.1155,4.7697
105.8252,1.0366,4.4468
105.8254,0.8948,3.8388
105.8256,0.8819,3.785
105.8258,0.8002,3.441
105.8260,0.7302,3.1384
105.8262,0.749,3.2163
105.8264,0.7543,3.239
105.8266,0.818,3.5091
105.8268,0.9503,4.0751
105.8270,0.938,4.0221
105.8272,0.9503,4.0751
105.8274,0.8904,3.818
105.8276,0.926,3.9707
105.8278,0.9567,4.1004
105.8280,0.9544,4.083
105.8282,0.9833,4.2224
105.8284,0.8764,3.7579
105.8286,0.8815,3.78
105.8288,0.8521,3.6625
105.8290,0.8153,3.5011
105.8292,0.8404,3.607
105.8294,0.8333,3.5733
105.8296,0.8384,3.6016
105.8298,0.8489,3.6486
105.8300,0.8308,3.5675
105.8302,0.8247,3.5445
105.8304,0.8069,3.4634
105.8306,0.9113,3.9111
105.8308,0.884,3.7925
105.8310,0.8954,3.8396
105.8312,0.8914,3.8257
105.8314,0.8644,3.7116
105.8316,0.8609,3.7002
105.8318,0.8456,3.6308
105.8320,0.7993,3.4337
105.8322,0.827,3.5527
105.8324,0.8223,3.5359
105.8326,0.7743,3.3265
105.8328,0.8235,3.5427
105.8330,0.7757,3.3384
105.8332,0.7515,3.2317
105.8334,0.8033,3.4512
105.8336,0.8209,3.5297
105.8338,0.7711,3.3172
105.8340,0.7694,3.3054
105.8342,0.8119,3.4861
105.8344,0.8253,3.5471
105.8346,0.7942,3.4168
105.8348,0.8468,3.6326
105.8350,0.9691,4.1553
105.8352,0.9512,4.0844
105.8354,0.8471,3.6392
105.8356,0.7988,3.4348
105.8358,0.7752,3.3379
105.8360,0.6839,2.9436
105.8362,0.673,2.8993
105.8364,0.7163,3.0801
105.8366,0.7368,3.1727
105.8368,0.6878,2.9601
105.8370,0.6766,2.9108
105.8372,0.6924,2.9816
105.8374,0.6584,2.8376
105.8376,0.5914,2.5488
105.8378,0.5856,2.5263
105.8380,0.6081,2.6187
105.8382,0.6463,2.7842
105.8384,0.6393,2.758
105.8386,0.5815,2.5064
105.8388,0.6176,2.6607
105.8390,0.5713,2.4647
105.8392,0.5348,2.3081
105.8394,0.5257,2.2698
105.8396,0.55,2.3683
105.8398,0.6746,2.902
105.8400,0.7023,3.0268
105.8402,0.571,2.462
105.8404,0.5775,2.49
105.8406,0.5545,2.3901
105.8408,0.5328,2.2998
105.8410,0.5284,2.2796
105.8412,0.5301,2.2857
105.8414,0.5279,2.2786
105.8416,0.5266,2.2708
105.8418,0.5264,2.2687
105.8420,0.5272,2.2744
105.8422,0.5298,2.2858
105.8424,0.5264,2.2708
105.8426,0.5272,2.2744
105.8428,0.5249,2.2646
105.8430,0.5581,2.4034
105.8432,0.68,2.9252
105.8434,0.6595,2.8436
105.8436,0.5378,2.3188
105.8438,0.527,2.2712
105.8440,0.5276,2.2759
105.8442,0.5282,2.2796
105.8444,0.526,2.2682
105.8446,0.5239,2.2599
105.8448,0.5243,2.262
105.8450,0.5264,2.2708
105.8452,0.53,2.2852
105.8454,0.5325,2.295
105.8456,0.5222,2.2516
105.8458,0.54,2.3254
105.8460,0.6085,2.6202
105.8462,0.6638,2.8569
105.8464,0.6796,2.921
105.8466,0.7806,3.3502
105.8468,0.7951,3.4268
105.8470,0.586,2.5255
105.8472,0.547,2.3576
105.8474,0.5429,2.3411
105.8476,0.5658,2.4398
105.8478,0.5456,2.3524
105.8480,0.5435,2.3415
105.8482,0.5682,2.4513
105.8484,0.5543,2.388
105.8486,0.5807,2.5028
105.8488,0.4793,2.0675
105.8490,0.4918,2.1208
105.8492,0.5247,2.2593
105.8494,0.6403,2.7583
105.8496,0.6079,2.6164
105.8498,0.6867,2.9514
105.8500,0.7358,3.1626
105.8502,0.739,3.1805
105.8504,0.6399,2.7529
105.8506,0.6512,2.8027
105.8508,0.6725,2.8946
105.8510,0.6858,2.9491
105.8512,0.6978,3.0007
105.8514,0.7592,3.2616
105.8516,0.7733,3.3219
105.8518,0.7526,3.2333
105.8520,0.782,3.3564
105.8522,0.8233,3.535
105.8524,0.817,3.5164
105.8526,0.7015,3.0167
105.8528,0.7309,3.1401
105.8530,0.7557,3.2467
105.8532,0.8006,3.4425
105.8534,0.748,3.2132
105.8536,0.7277,3.1291
105.8538,0.7352,3.1615
105.8540,0.7356,3.1631
105.8542,0.7372,3.1727
105.8544,0.6828,2.9431
105.8546,0.6332,2.7266
105.8548,0.6538,2.8115
105.8550,0.6844,2.9402
105.8552,0.6607,2.8488
105.8554,0.5316,2.2925
105.8556,0.5282,2.2775
105.8558,0.586,2.522
105.8560,0.6716,2.8931
105.8562,0.6396,2.7501
105.8564,0.7101,3.0504
105.8566,0.787,3.3796
105.8568,0.8555,3.6701
105.8570,0.8752,3.7597
105.8572,0.8285,3.5577
105.8574,0.8119,3.4878
105.8576,0.779,3.3482
105.8578,0.7651,3.2899
105.8580,0.7686,3.3018
105.8582,0.7403,3.1847
105.8584,0.6953,2.9899
105.8586,0.7255,3.114
105.8588,0.7598,3.2672
105.8590,0.7343,3.1574
105.8592,0.7984,3.4285
105.8594,0.8531,3.6598
105.8596,0.9292,3.9809
105.8598,0.9632,4.1263
105.8600,1.0135,4.342
105.8602,1.0224,4.38
105.8604,1.0036,4.3074
105.8606,0.944,4.0478
105.8608,0.948,4.0629
105.8610,1.0169,4.3564
105.8612,0.9832,4.2219
105.8614,0.7966,3.4271
105.8616,0.7649,3.2874
105.8618,0.7644,3.2868
105.8620,0.7782,3.343
105.8622,0.8198,3.525
105.8624,0.7867,3.3843
105.8626,0.782,3.3626
105.8628,0.7995,3.4299
105.8630,0.9005,3.8594
105.8632,0.9087,3.904
105.8634,0.8227,3.5358
105.8636,0.7529,3.2358
105.8638,0.7784,3.3487
105.8640,0.8085,3.4717
105.8642,0.8428,3.6207
105.8644,0.8239,3.5426
105.8646,0.7743,3.3312
105.8648,0.7622,3.2745
105.8650,0.7826,3.3668
105.8652,0.803,3.4512
105.8654,0.8081,3.4718
105.8656,0.8402,3.6093
105.8658,0.8309,3.5763
105.8660,0.6681,2.8795
105.8662,0.6131,2.6386
105.8664,0.7005,3.012
105.8666,0.7358,3.17
105.8668,0.6627,2.8576
105.8670,0.6119,2.6347
105.8672,0.6675,2.8742
105.8674,0.7018,3.0247
105.8676,0.6354,2.7384
105.8678,0.6093,2.6263
105.8680,0.6081,2.6187
105.8682,0.6327,2.727
105.8684,0.5929,2.5567
105.8686,0.6033,2.6016
105.8688,0.6119,2.6384
105.8690,0.5668,2.4451
105.8692,0.5125,2.2128
105.8694,0.498,2.1492
105.8696,0.5012,2.1591
105.8698,0.6157,2.6512
105.8700,0.6768,2.9132
105.8702,0.7517,3.2337
105.8704,0.6944,2.9899
105.8706,0.656,2.8234
105.8708,0.7199,3.0999
105.8710,0.7008,3.015
105.8712,0.7414,3.1878
105.8714,0.7288,3.1337
105.8716,0.7084,3.0517
105.8718,0.6448,2.778
105.8720,0.644,2.7731
105.8722,0.6626,2.8571
105.8724,0.5794,2.5006
105.8726,0.5326,2.2987
105.8728,0.5298,2.2858
105.8730,0.5433,2.3394
105.8732,0.6033,2.5968
105.8734,0.6224,2.6826
105.8736,0.6245,2.6914
105.8738,0.6092,2.6245
105.8740,0.6067,2.6101
105.8742,0.6603,2.8446
105.8744,0.5969,2.5713
105.8746,0.6099,2.6276
105.8748,0.6404,2.7614
105.8750,0.5193,2.2413
105.8752,0.4663,2.0116
105.8754,0.4656,2.0104
105.8756,0.4559,1.9694
105.8758,0.4551,1.9635
105.8760,0.5187,2.2387
105.8762,0.4733,2.0426
105.8764,0.5063,2.1864
105.8766,0.4621,1.9954
105.8768,0.4475,1.9313
105.8770,0.4513,1.9488
105.8772,0.4619,1.9953
105.8774,0.4599,1.9851
105.8776,0.4575,1.9757
105.8778,0.4585,1.9789
105.8780,0.4584,1.9775
105.8782,0.459,1.9801
105.8784,0.4543,1.9599
105.8786,0.4541,1.9607
105.8788,0.4518,1.9499
105.8790,0.4435,1.9151
105.8792,0.4598,1.9837
105.8794,0.5097,2.1968
105.8796,0.5602,2.4122
105.8798,0.5789,2.4939
105.8800,0.5733,2.4696
105.8802,0.5589,2.4054
105.8804,0.5851,2.5184
105.8806,0.5667,2.4457
105.8808,0.4736,2.0413
105.8810,0.5381,2.3182
105.8812,0.5399,2.3281
105.8814,0.5229,2.2558
105.8816,0.4893,2.109
105.8818,0.5259,2.2666
105.8820,0.5263,2.2713
105.8822,0.5144,2.216
105.8824,0.5646,2.4313
105.8826,0.5464,2.3561
105.8828,0.4921,2.1228
105.8830,0.4878,2.1023
105.8832,0.5484,2.3594
105.8834,0.6037,2.5996
105.8836,0.6048,2.6042
105.8838,0.5992,2.5764
105.8840,0.6436,2.7676
105.8842,0.7181,3.0907
105.8844,0.7099,3.0499
105.8846,0.7206,3.0943
105.8848,0.7251,3.1235
105.8850,0.5499,2.3722
105.8852,0.4868,2.0981
105.8854,0.4816,2.0778
105.8856,0.4796,2.069
105.8858,0.4801,2.0711
105.8860,0.4862,2.0946
105.8862,0.5261,2.2697
105.8864,0.467,2.0138
105.8866,0.4659,2.0091
105.8868,0.4687,2.022
105.8870,0.462,1.993
105.8872,0.4703,2.0278
105.8874,0.4803,2.0721
105.8876,0.4863,2.098
105.8878,0.4818,2.0774
105.8880,0.5287,2.2764
105.8882,0.5307,2.2851
105.8884,0.593,2.5512
105.8886,0.6591,2.8315
105.8888,0.6728,2.8929
105.8890,0.6382,2.7457
105.8892,0.6619,2.8487
105.8894,0.6613,2.8434
105.8896,0.6778,2.9119
105.8898,0.7197,3.0916
105.8900,0.7944,3.4062
105.8902,0.8328,3.5796
105.8904,0.7663,3.2859
105.8906,0.845,3.6215
105.8908,0.897,3.8499
105.8910,0.8882,3.8052
105.8912,0.9143,3.9167
105.8914,0.9332,4.0016
105.8916,0.9009,3.8687
105.8918,0.7908,3.3939
105.8920,0.8741,3.7481
105.8922,0.8994,3.8602
105.8924,0.8764,3.7561
105.8926,0.9126,3.9131
105.8928,0.9267,3.9738
105.8930,0.9586,4.1048
105.8932,0.9831,4.2115
105.8934,0.9833,4.2086
105.8936,1.0718,4.5852
105.8938,1.0874,4.6497
105.8940,1.0932,4.6765
105.8942,1.0446,4.4688
105.8944,1.045,4.4724
105.8946,0.9634,4.1331
105.8948,0.856,3.6756
105.8950,0.8881,3.8047
105.8952,0.898,3.8522
105.8954,0.9073,3.8923
105.8956,0.9291,3.9878
105.8958,0.9309,3.9918
105.8960,0.9367,4.0165
105.8962,0.8936,3.8337
105.8964,0.8896,3.8144
105.8966,0.9332,4.0053
105.8968,0.9266,3.9733
105.8970,0.9427,4.046
105.8972,0.8667,3.7197
105.8974,0.9199,3.9482
105.8976,0.9439,4.0492
105.8978,0.8892,3.82
105.8980,0.8517,3.6554
105.8982,0.8905,3.8239
105.8984,0.8566,3.6816
105.8986,0.8412,3.6207
105.8988,0.7579,3.259
105.8990,0.8053,3.4578
105.8992,0.8227,3.5341
105.8994,0.8035,3.4549
105.8996,0.7741,3.3301
105.8998,0.7574,3.2615
105.9000,0.7071,3.0446
105.9002,0.685,2.9469
105.9004,0.7292,3.1372
105.9006,0.7476,3.2147
105.9008,0.7429,3.1975
105.9010,0.6723,2.8922
105.9012,0.6972,2.9995
105.9014,0.6866,2.9591
105.9016,0.6733,2.899
105.9018,0.6733,2.9004
105.9020,0.602,2.596
105.9022,0.6203,2.6733
105.9024,0.5974,2.5758
105.9026,0.5874,2.5305
105.9028,0.6263,2.6979
105.9030,0.6921,2.9732
105.9032,0.7942,3.4232
105.9034,0.6599,2.843
105.9036,0.6324,2.7242
105.9038,0.6295,2.7131
105.9040,0.6265,2.6989
105.9042,0.6255,2.6935
105.9044,0.6417,2.7645
105.9046,0.6477,2.7904
105.9048,0.6489,2.7968
105.9050,0.5928,2.5538
105.9052,0.6246,2.6907
105.9054,0.6005,2.5892
105.9056,0.5327,2.2971
105.9058,0.5263,2.2703
105.9060,0.5314,2.2925
105.9062,0.5312,2.2925
105.9064,0.5625,2.4231
105.9066,0.6102,2.6287
105.9068,0.576,2.4849
105.9070,0.5292,2.2821
105.9072,0.5322,2.2972
105.9074,0.5192,2.2377
105.9076,0.5284,2.2764
105.9078,0.541,2.3339
105.9080,0.5749,2.4791
105.9082,0.538,2.3209
105.9084,0.5253,2.2672
105.9086,0.5399,2.3271
105.9088,0.5869,2.5261
105.9090,0.6065,2.6151
105.9092,0.5368,2.3158
105.9094,0.5296,2.2816
105.9096,0.5528,2.3846
105.9098,0.5363,2.3126
105.9100,0.6135,2.6431
105.9102,0.6729,2.8921
105.9104,0.7289,3.1371
105.9106,0.7332,3.1542
105.9108,0.7385,3.174
105.9110,0.7363,3.1677
105.9112,0.6727,2.8938
105.9114,0.7363,3.1691
105.9116,0.7115,3.0623
105.9118,0.7333,3.1548
105.9120,0.7185,3.0865
105.9122,0.717,3.0875
105.9124,0.6354,2.7359
105.9126,0.6573,2.8238
105.9128,0.7313,3.1431
105.9130,0.752,3.2337
105.9132,0.78,3.3523
105.9134,0.7999,3.4362
105.9136,0.7755,3.3332
105.9138,0.7537,3.2409
105.9140,0.7537,3.2455
105.9142,0.6258,2.6958
105.9144,0.5994,2.5834
105.9146,0.5864,2.5287
105.9148,0.6091,2.6265
105.9150,0.5992,2.5812
105.9152,0.5946,2.5639
105.9154,0.6062,2.6104
105.9156,0.6309,2.718
105.9158,0.5734,2.4724
105.9160,0.5668,2.4428
105.9162,0.5706,2.4582
105.9164,0.6011,2.5906
105.9166,0.6438,2.7733
105.9168,0.6333,2.7284
105.9170,0.6016,2.5891
105.9172,0.6749,2.9022
105.9174,0.6996,3.0056
105.9176,0.7547,3.2436
105.9178,0.756,3.2523
105.9180,0.6669,2.8743
105.9182,0.5502,2.3748
105.9184,0.4858,2.0959
105.9186,0.4796,2.07
105.9188,0.4787,2.0659
105.9190,0.5133,2.2113
105.9192,0.5251,2.264
105.9194,0.4789,2.0679
105.9196,0.4676,2.0164
105.9198,0.4616,1.9924
105.9200,0.4608,1.9897
105.9202,0.4769,2.0581
105.9204,0.4718,2.0345
105.9206,0.4676,2.0182
105.9208,0.4649,2.0054
105.9210,0.4727,2.0381
105.9212,0.4758,2.0525
105.9214,0.4547,1.9596
105.9216,0.5304,2.2841
105.9218,0.6205,2.6768
105.9220,0.52,2.2434
105.9222,0.4921,2.1218
105.9224,0.5316,2.2861
105.9226,0.6494,2.7937
105.9228,0.6542,2.8117
105.9230,0.6953,2.9899
105.9232,0.7171,3.0823
105.9234,0.781,3.3538
105.9236,0.8218,3.5272
105.9238,0.8053,3.4643
105.9240,0.7863,3.3702
105.9242,0.909,3.8977
105.9244,0.8863,3.8005
105.9246,0.9205,3.9471
105.9248,0.9151,3.9239
105.9250,0.9248,3.9656
105.9252,0.9091,3.9
105.9254,0.8749,3.7499
105.9256,0.8529,3.6673
105.9258,0.7936,3.4063
105.9260,0.8462,3.6317
105.9262,0.8357,3.5869
105.9264,0.8693,3.7327
105.9266,0.8724,3.7461
105.9268,0.8477,3.635
105.9270,0.8864,3.8011
105.9272,0.8978,3.8535
105.9274,0.8923,3.8262
105.9276,0.949,4.0694
105.9278,0.9464,4.0638
105.9280,0.8463,3.6424
105.9282,0.7072,3.0451
105.9284,0.6887,2.9601
105.9286,0.7459,3.2089
105.9288,0.7337,3.1548
105.9290,0.7647,3.2884
105.9292,0.7326,3.1502
105.9294,0.7998,3.4341
105.9296,0.8448,3.6294
105.9298,0.8102,3.4773
105.9300,0.9264,3.976
105.9302,0.8939,3.8365
105.9304,0.8729,3.7534
105.9306,0.7746,3.3307
105.9308,0.7788,3.3471
105.9310,0.7992,3.4332
105.9312,0.7873,3.3853
105.9314,0.8116,3.4883
105.9316,0.8595,3.6905
105.9318,0.8586,3.6835
105.9320,0.8211,3.5307
105.9322,0.7772,3.3404
105.9324,0.8027,3.4502
105.9326,0.8346,3.5856
105.9328,0.8127,3.4962
105.9330,0.7215,3.1037
105.9332,0.732,3.1491
105.9334,0.6977,3.0016
105.9336,0.6938,2.9859
105.9338,0.6839,2.9436
105.9340,0.7087,3.0533
105.9342,0.7155,3.0793
105.9344,0.756,3.2492
105.9346,0.7983,3.428
105.9348,0.8129,3.4956
105.9350,0.7777,3.3472
105.9352,0.6959,2.9938
105.9354,0.6922,2.9778
105.9356,0.7519,3.2347
105.9358,0.7059,3.0423
105.9360,0.5992,2.5847
105.9362,0.6005,2.5892
105.9364,0.6031,2.5982
105.9366,0.5579,2.409
105.9368,0.4867,2.1015
105.9370,0.4808,2.0752
105.9372,0.5162,2.2278
105.9374,0.5468,2.3576
105.9376,0.5525,2.3813
105.9378,0.5523,2.3825
105.9380,0.5115,2.2087
105.9382,0.5195,2.2402
105.9384,0.5519,2.3787
105.9386,0.5547,2.3917
105.9388,0.502,2.1668
105.9390,0.4622,1.9959
105.9392,0.4641,2.0042
105.9394,0.5132,2.2149
105.9396,0.4864,2.1014
105.9398,0.4474,1.9317
105.9400,0.4578,1.9776
105.9402,0.45,1.9422
105.9404,0.4483,1.9349
105.9406,0.4472,1.9312
105.9408,0.4487,1.9374
105.9410,0.4495,1.9401
105.9412,0.4462,1.9274
105.9414,0.4478,1.9329
105.9416,0.4486,1.9351
105.9418,0.4802,2.0716
105.9420,0.5313,2.2899
105.9422,0.5445,2.3456
105.9424,0.5338,2.3007
105.9426,0.5049,2.1782
105.9428,0.4574,1.9752
105.9430,0.4546,1.9637
105.9432,0.4528,1.9523
105.9434,0.5041,2.1746
105.9436,0.4553,1.9649
105.9438,0.4468,1.9282
105.9440,0.446,1.9242
105.9442,0.4438,1.9144
105.9444,0.4452,1.9224
105.9446,0.4463,1.9261
105.9448,0.4453,1.9211
105.9450,0.4585,1.978
105.9452,0.4489,1.9384
105.9454,0.4457,1.9235
105.9456,0.445,1.9195
105.9458,0.4741,2.0443
105.9460,0.5236,2.2557
105.9462,0.5476,2.3579
105.9464,0.5428,2.3405
105.9466,0.5583,2.4017
105.9468,0.6267,2.6962
105.9470,0.6318,2.7179
105.9472,0.6063,2.6182
105.9474,0.4591,1.9797
105.9476,0.4483,1.9322
105.9478,0.4647,2.0058
105.9480,0.4397,1.8968
105.9482,0.4909,2.1147
105.9484,0.6029,2.5948
105.9486,0.6627,2.8549
105.9488,0.5526,2.3818
105.9490,0.493,2.126
105.9492,0.4862,2.0955
105.9494,0.498,2.1452
105.9496,0.5522,2.3765
105.9498,0.5909,2.5467
105.9500,0.5534,2.3816
105.9502,0.6591,2.8302
105.9504,0.7845,3.3672
105.9506,0.817,3.5066
105.9508,0.7947,3.4157
105.9510,0.697,2.9943
105.9512,0.7273,3.1217
105.9514,0.7525,3.2343
105.9516,0.7259,3.1184
105.9518,0.738,3.1719
105.9520,0.7403,3.1802
105.9522,0.7586,3.2606
105.9524,0.7433,3.1916
105.9526,0.7405,3.1813
105.9528,0.6945,2.9821
105.9530,0.6988,3.0048
105.9532,0.7271,3.1265
105.9534,0.727,3.1231
105.9536,0.733,3.1547
105.9538,0.6679,2.8731
105.9540,0.6295,2.7118
105.9542,0.5129,2.2118
105.9544,0.4649,2.0036
105.9546,0.5435,2.3393
105.9548,0.5629,2.4263
105.9550,0.5715,2.4607
105.9552,0.5083,2.1876
105.9554,0.62,2.6685
105.9556,0.64,2.7535
105.9558,0.632,2.7151
105.9560,0.7101,3.0504
105.9562,0.7641,3.2797
105.9564,0.7914,3.3886
105.9566,0.9457,4.0531
105.9568,0.9243,3.9635
105.9570,0.9168,3.9275
105.9572,0.945,4.0463
105.9574,0.9312,3.9928
105.9576,0.9006,3.8617
105.9578,0.8972,3.8527
105.9580,0.837,3.5959
105.9582,0.8462,3.6249
105.9584,0.9396,4.0307
105.9586,0.8331,3.5823
105.9588,0.7675,3.2972
105.9590,0.8075,3.4644
105.9592,0.8291,3.557
105.9594,0.8496,3.6534
105.9596,0.7956,3.4161
105.9598,0.84,3.6054
105.9600,0.8362,3.589
105.9602,0.8446,3.6267
105.9604,0.8338,3.5787
105.9606,0.8233,3.5334
105.9608,0.82,3.5261
105.9610,0.7629,3.2837
105.9612,0.7579,3.2575
105.9614,0.7719,3.3162
105.9616,0.7789,3.3461
105.9618,0.7845,3.3719
105.9620,0.7965,3.4202
105.9622,0.8608,3.6928
105.9624,0.8828,3.7892
105.9626,0.8765,3.7584
105.9628,0.9518,4.0851
105.9630,0.8776,3.7718
105.9632,0.8265,3.5489
105.9634,0.797,3.4207
105.9636,0.8373,3.597
105.9638,0.8415,3.6167
105.9640,0.8165,3.5095
105.9642,0.787,3.3827
105.9644,0.7722,3.3173
105.9646,0.825,3.5395
105.9648,0.8689,3.7295
105.9650,0.8664,3.7221
105.9652,0.8164,3.5106
105.9654,0.7625,3.2786
105.9656,0.7047,3.0315
105.9658,0.7394,3.1811
105.9660,0.7657,3.2925
105.9662,0.7645,3.2889
105.9664,0.7,3.0156
105.9666,0.6689,2.8791
105.9668,0.7146,3.0729
105.9670,0.684,2.9414
105.9672,0.7005,3.0176
105.9674,0.6719,2.8933
105.9676,0.6647,2.8624
105.9678,0.6804,2.93
105.9680,0.6768,2.9172
105.9682,0.6903,2.9668
105.9684,0.7198,3.0994
105.9686,0.5978,2.5767
105.9688,0.5839,2.5191
105.9690,0.581,2.5066
105.9692,0.6345,2.7272
105.9694,0.7897,3.394
105.9696,0.7921,3.4059
105.9698,0.7282,3.134
105.9700,0.6707,2.8855
105.9702,0.7308,3.1395
105.9704,0.8203,3.5222
105.9706,0.7856,3.3797
105.9708,0.7511,3.2266
105.9710,0.7195,3.0969
105.9712,0.7045,3.0324
105.9714,0.7105,3.0568
105.9716,0.7099,3.0542
105.9718,0.7084,3.0489
105.9720,0.7236,3.1144
105.9722,0.7319,3.1486
105.9724,0.7211,3.0978
105.9726,0.7518,3.2342
105.9728,0.721,3.1031
105.9730,0.6849,2.9477
105.9732,0.6951,2.9902
105.9734,0.6886,2.9706
105.9736,0.5655,2.4417
105.9738,0.5357,2.31
105.9740,0.5357,2.31
105.9742,0.5363,2.3148
105.9744,0.5344,2.3054
105.9746,0.547,2.3576
105.9748,0.535,2.3069
105.9750,0.535,2.3048
105.9752,0.599,2.5842
105.9754,0.5417,2.3391
105.9756,0.5314,2.2882
105.9758,0.6073,2.6163
105.9760,0.5621,2.4249
105.9762,0.5266,2.2718
105.9764,0.5251,2.263
105.9766,0.5292,2.2842
105.9768,0.5228,2.2563
105.9770,0.5215,2.2485
105.9772,0.5223,2.2532
105.9774,0.5222,2.2527
105.9776,0.5203,2.2433
105.9778,0.5234,2.2589
105.9780,0.5233,2.2563
105.9782,0.5285,2.2769
105.9784,0.5396,2.3277
105.9786,0.5361,2.3127
105.9788,0.5816,2.5046
105.9790,0.6451,2.7764
105.9792,0.6778,2.92
105.9794,0.6601,2.8409
105.9796,0.6533,2.812
105.9798,0.6033,2.6004
105.9800,0.5367,2.312
105.9802,0.5745,2.4747
105.9804,0.6039,2.6042
105.9806,0.5587,2.4082
105.9808,0.5741,2.4732
105.9810,0.5845,2.5205
105.9812,0.5717,2.4629
105.9814,0.5757,2.4799
105.9816,0.5663,2.4396
105.9818,0.5721,2.4644
105.9820,0.5816,2.5046
105.9822,0.6231,2.6832
105.9824,0.5974,2.5746
105.9826,0.5802,2.503
105.9828,0.5587,2.4037
105.9830,0.643,2.7638
105.9832,0.7042,3.0294
105.9834,0.7031,3.0248
105.9836,0.7242,3.1127
105.9838,0.7536,3.2419
105.9840,0.677,2.915
105.9842,0.593,2.5572
105.9844,0.5695,2.4536
105.9846,0.5855,2.5211
105.9848,0.5982,2.5782
105.9850,0.4971,2.1456
105.9852,0.4934,2.1285
105.9854,0.5632,2.4307
105.9856,0.4948,2.1347
105.9858,0.4522,1.9533
105.9860,0.4523,1.9529
105.9862,0.4502,1.9423
105.9864,0.4488,1.9352
105.9866,0.4409,1.902
105.9868,0.4279,1.8444
105.9870,0.4958,2.1369
105.9872,0.5038,2.1725
105.9874,0.5162,2.2247
105.9876,0.5404,2.3313
105.9878,0.4908,2.1142
105.9880,0.543,2.3405
105.9882,0.4972,2.1441
105.9884,0.5089,2.1912
105.9886,0.6037,2.5996
105.9888,0.6272,2.6983
105.9890,0.6511,2.7983
105.9892,0.7306,3.1371
105.9894,0.8186,3.515
105.9896,0.7819,3.3574
105.9898,0.8157,3.4928
105.9900,0.9512,4.0711
105.9902,0.9587,4.1053
105.9904,0.9351,4.0098
105.9906,0.9285,3.9834
105.9908,0.9145,3.9195
105.9910,0.9314,3.9901
105.9912,0.9664,4.1459
105.9914,0.9054,3.8787
105.9916,1.0513,4.4975
105.9918,1.0675,4.5646
105.9920,1.0798,4.6196
105.9922,1.1117,4.7582
105.9924,1.1367,4.8582
105.9926,1.1236,4.8113
105.9928,0.9701,4.1677
105.9930,0.8273,3.5509
105.9932,0.8989,3.8527
105.9934,0.9825,4.2109
105.9936,1.0128,4.3389
105.9938,1.0032,4.2978
105.9940,1.0675,4.5689
105.9942,1.068,4.5816
105.9944,0.891,3.8188
105.9946,0.9406,4.0353
105.9948,0.9133,3.9144
105.9950,0.9465,4.0624
105.9952,0.9358,4.0166
105.9954,0.9517,4.0827
105.9956,0.942,4.0391
105.9958,0.9197,3.949
105.9960,0.8863,3.8076
105.9962,0.8622,3.6972
105.9964,0.9277,3.9835
105.9966,0.7902,3.4024
105.9968,0.7362,3.1671
105.9970,0.7905,3.3992
105.9972,0.7844,3.3714
105.9974,0.8067,3.4656
105.9976,0.8111,3.4863
105.9978,0.767,3.2966
105.9980,0.792,3.4054
105.9982,0.8001,3.4453
105.9984,0.7025,3.0236
105.9986,0.6939,2.9851
105.9988,0.721,3.1045
105.9990,0.6986,3.008
105.9992,0.7366,3.1657
105.9994,0.7454,3.2084
105.9996,0.6368,2.7446
105.9998,0.6625,2.8552
106.0000,0.6239,2.6901
106.0002,0.6143,2.6462
106.0004,0.6494,2.7989
106.0006,0.609,2.6259
106.0008,0.5821,2.5101
106.0010,0.5899,2.5426
106.0012,0.5976,2.5744
106.0014,0.6014,2.5958
106.0016,0.5397,2.3314
106.0018,0.506,2.1838
106.0020,0.5074,2.1901
106.0022,0.5119,2.2082
106.0024,0.5442,2.3468
106.0026,0.6053,2.6051
106.0028,0.6833,2.941
106.0030,0.6257,2.6978
106.0032,0.5557,2.3975
106.0034,0.5679,2.4497
106.0036,0.5813,2.503
106.0038,0.6195,2.6714
106.0040,0.5289,2.2827
106.0042,0.5125,2.2087
106.0044,0.5456,2.3546
106.0046,0.493,2.1309
106.0048,0.4498,1.9438
106.0050,0.446,1.926
106.0052,0.4459,1.9273
106.0054,0.4498,1.9429
106.0056,0.4487,1.9374
106.0058,0.4476,1.9318
106.0060,0.4501,1.9427
106.0062,0.4468,1.9291
106.0064,0.4506,1.9457
106.0066,0.4496,1.9415
106.0068,0.4462,1.9265
106.0070,0.4628,1.9985
106.0072,0.4772,2.0596
106.0074,0.4406,1.9009
106.0076,0.4837,2.0857
106.0078,0.5343,2.306
106.0080,0.4703,2.0287
106.0082,0.4572,1.9732
106.0084,0.4469,1.9278
106.0086,0.4885,2.1083
106.0088,0.4653,2.0084
106.0090,0.452,1.9501
106.0092,0.4589,1.9777
106.0094,0.481,2.0752
106.0096,0.47,2.0277
106.0098,0.4996,2.1514
106.0100,0.5734,2.4667
106.0102,0.6517,2.8022
106.0104,0.6747,2.9025
106.0106,0.6958,2.9933
106.0108,0.6927,2.9841
106.0110,0.6276,2.6998
106.0112,0.6645,2.8627
106.0114,0.5819,2.5079
106.0116,0.58,2.4962
106.0118,0.6004,2.5839
106.0120,0.612,2.6352
106.0122,0.6683,2.8738
106.0124,0.7026,3.0185
106.0126,0.7318,3.1481
106.0128,0.7045,3.0267
106.0130,0.7366,3.1672
106.0132,0.6759,2.9104
106.0134,0.6727,2.8911
106.0136,0.6843,2.9452
106.0138,0.6141,2.6445
106.0140,0.6539,2.812
106.0142,0.6406,2.7599
106.0144,0.5414,2.3343
106.0146,0.5245,2.2593
106.0148,0.574,2.4715
106.0150,0.589,2.5372
106.0152,0.6068,2.6142
106.0154,0.5963,2.5676
106.0156,0.5886,2.5345
106.0158,0.6249,2.6897
106.0160,0.6679,2.8731
106.0162,0.6212,2.6737
106.0164,0.6444,2.772
106.0166,0.6863,2.9553
106.0168,0.6488,2.7937
106.0170,0.6493,2.7932
106.0172,0.6529,2.8126
106.0174,0.5489,2.3691
106.0176,0.4813,2.0772
106.0178,0.4848,2.0884
106.0180,0.5328,2.2966
106.0182,0.4748,2.0493
106.0184,0.4664,2.0131
106.0186,0.4683,2.0204
106.0188,0.4639,1.9994
106.0190,0.4825,2.0815
106.0192,0.4815,2.0783
106.0194,0.4793,2.0665
106.0196,0.49,2.1121
106.0198,0.481,2.0752
106.0200,0.4826,2.082
106.0202,0.4439,1.9149
106.0204,0.473,2.0368
106.0206,0.5175,2.2346
106.0208,0.4215,1.819
106.0210,0.4548,1.9601
106.0212,0.4928,2.122
106.0214,0.5396,2.3255
106.0216,0.4915,2.1183
106.0218,0.5321,2.2892
106.0220,0.6374,2.7421
106.0222,0.6363,2.7362
106.0224,0.6759,2.905
106.0226,0.7404,3.1808
106.0228,0.7755,3.3301
106.0230,0.7754,3.3234
106.0232,0.8856,3.7939
106.0234,0.8994,3.8548
106.0236,0.9109,3.9059
106.0238,0.9152,3.9226
106.0240,0.8923,3.828
106.0242,0.9175,3.9361
106.0244,0.9175,3.9342
106.0246,0.8733,3.7428
106.0248,0.8992,3.852
106.0250,0.9375,4.0201
106.0252,0.9273,3.9838
106.0254,0.8404,3.6087
106.0256,0.8248,3.5384
106.0258,0.8665,3.7192
106.0260,0.8403,3.6115
106.0262,0.7838,3.3657
106.0264,0.8158,3.4999
106.0266,0.8169,3.5045
106.0268,0.8806,3.7776
106.0270,0.9428,4.0427
106.0272,0.886,3.8025
106.0274,0.8369,3.5954
106.0276,0.7869,3.379
106.0278,0.8313,3.5679
106.0280,0.8741,3.7516
106.0282,0.8433,3.621
106.0284,0.8426,3.6196
106.0286,0.7938,3.41
106.0288,0.7938,3.4116
106.0290,0.8078,3.4751
106.0292,0.7754,3.3281
106.0294,0.8344,3.5829
106.0296,0.8096,3.4763
106.0298,0.8042,3.4548
106.0300,0.8303,3.5638
106.0302,0.894,3.837
106.0304,0.8963,3.845
106.0306,0.883,3.7879
106.0308,0.897,3.8481
106.0310,0.9283,3.9805
106.0312,0.92,3.9469
106.0314,0.9162,3.9359
106.0316,0.8615,3.6941
106.0318,0.9306,3.9903
106.0320,0.9373,4.0191
106.0322,0.9689,4.1509
106.0324,1.0155,4.3502
106.0326,0.9355,4.017
106.0328,0.8257,3.547
106.0330,0.8472,3.6346
106.0332,0.9598,4.1138
106.0334,0.98,4.2021
106.0336,0.9795,4.1981
106.0338,1.008,4.3184
106.0340,0.974,4.1842
106.0342,0.792,3.4102
106.0344,0.6743,2.9091
106.0346,0.621,2.6752
106.0348,0.6958,2.9919
106.0350,0.7406,3.1892
106.0352,0.7133,3.07
106.0354,0.7327,3.1493
106.0356,0.8001,3.4341
106.0358,0.8689,3.7295
106.0360,0.8794,3.7778
106.0362,0.8926,3.8326
106.0364,0.9109,3.9096
106.0366,0.8712,3.748
106.0368,0.7057,3.0418
106.0370,0.6156,2.6544
106.0372,0.5563,2.3979
106.0374,0.5567,2.4016
106.0376,0.5478,2.3656
106.0378,0.5297,2.2874
106.0380,0.5321,2.2967
106.0382,0.5243,2.262
106.0384,0.5248,2.2651
106.0386,0.5229,2.2579
106.0388,0.5261,2.2676
106.0390,0.5789,2.4927
106.0392,0.6121,2.6418
106.0394,0.5562,2.4007
106.0396,0.5544,2.3907
106.0398,0.5402,2.3292
106.0400,0.5366,2.3137
106.0402,0.5393,2.3277
106.0404,0.5382,2.3198
106.0406,0.5373,2.3168
106.0408,0.5361,2.3137
106.0410,0.5364,2.3121
106.0412,0.5755,2.4794
106.0414,0.5807,2.5074
106.0416,0.5324,2.2956
106.0418,0.5608,2.4181
106.0420,0.5277,2.2765
106.0422,0.5309,2.2883
106.0424,0.6662,2.8632
106.0426,0.7349,3.1629
106.0428,0.5941,2.5618
106.0430,0.537,2.3168
106.0432,0.5512,2.3756
106.0434,0.5742,2.4749
106.0436,0.535,2.3048
106.0438,0.5312,2.2915
106.0440,0.5349,2.3075
106.0442,0.5334,2.3002
106.0444,0.5361,2.3127
106.0446,0.5459,2.354
106.0448,0.5298,2.2868
106.0450,0.5966,2.5727
106.0452,0.5617,2.4234
106.0454,0.5294,2.2795
106.0456,0.6272,2.6958
106.0458,0.7261,3.1238
106.0460,0.6926,2.9808
106.0462,0.6801,2.9271
106.0464,0.6779,2.9178
106.0466,0.6152,2.6516
106.0468,0.5241,2.2599
106.0470,0.5177,2.2335
106.0472,0.5239,2.2599
106.0474,0.5135,2.2144
106.0476,0.5304,2.2841
106.0478,0.6029,2.5984
106.0480,0.6057,2.6108
106.0482,0.6195,2.669
106.0484,0.6193,2.6667
106.0486,0.649,2.7908
106.0488,0.7146,3.0729
106.0490,0.6396,2.7527
106.0492,0.6422,2.7653
106.0494,0.6879,2.9579
106.0496,0.7414,3.1849
106.0498,0.7715,3.3157
106.0500,0.7616,3.2735
106.0502,0.7868,3.3785
106.0504,0.8439,3.6253
106.0506,0.7938,3.4068
106.0508,0.9071,3.8895
106.0510,0.8591,3.6838
106.0512,0.881,3.7814
106.0514,0.8561,3.6778
106.0516,0.8249,3.5373
106.0518,0.8752,3.751
106.0520,0.8953,3.8409
106.0522,0.8459,3.6374
106.0524,0.756,3.2507
106.0526,0.6965,2.9992
106.0528,0.6147,2.6495
106.0530,0.6133,2.6458
106.0532,0.5587,2.4037
106.0534,0.6145,2.6473
106.0536,0.5629,2.4263
106.0538,0.5595,2.4113
106.0540,0.5711,2.4637
106.0542,0.5089,2.1942
106.0544,0.521,2.2465
106.0546,0.5357,2.3111
106.0548,0.5038,2.1705
106.0550,0.6054,2.6056
106.0552,0.6652,2.8618
106.0554,0.6554,2.8195
106.0556,0.6523,2.8061
106.0558,0.7391,3.1795
106.0560,0.7482,3.2172
106.0562,0.7788,3.3378
106.0564,0.924,3.9601
106.0566,0.9243,3.9635
106.0568,0.9099,3.9036
106.0570,0.9125,3.9126
106.0572,0.909,3.8977
106.0574,0.9126,3.915
106.0576,0.8872,3.8112
106.0578,0.8503,3.6429
106.0580,0.9374,4.0214
106.0582,0.9471,4.0612
106.0584,0.9459,4.0523
106.0586,0.9686,4.1513
106.0588,0.988,4.2365
106.0590,0.9386,4.0303
106.0592,0.9491,4.0643
106.0594,1.0917,4.6682
106.0596,1.0881,4.655
106.0598,1.0679,4.5704
106.0600,1.0958,4.6922
106.0602,1.0697,4.5867
106.0604,0.9092,3.9097
106.0606,0.7557,3.2573
106.0608,0.6786,2.9209
106.0610,0.7025,3.0236
106.0612,0.7029,3.0266
106.0614,0.7067,3.0431
106.0616,0.7039,3.0312
106.0618,0.6981,3.0031
106.0620,0.7063,3.0415
106.0622,0.6963,2.9982
106.0624,0.7729,3.3188
106.0626,0.8623,3.7012
106.0628,0.8364,3.5984
106.0630,0.7255,3.1241
106.0632,0.6999,3.0136
106.0634,0.6771,2.9155
106.0636,0.721,3.0987
106.0638,0.8063,3.4657
106.0640,0.8697,3.736
106.0642,0.8418,3.6148
106.0644,0.8493,3.6536
106.0646,0.7451,3.2053
106.0648,0.7349,3.1615
106.0650,0.7298,3.1398
106.0652,0.7228,3.1108
106.0654,0.7523,3.2408
106.0656,0.6902,2.9718
106.0658,0.6573,2.8304
106.0660,0.6557,2.8276
106.0662,0.6498,2.7991
106.0664,0.639,2.7552
106.0666,0.5815,2.5064
106.0668,0.5815,2.5087
106.0670,0.5831,2.5166
106.0672,0.5827,2.5139
106.0674,0.5222,2.2527
106.0676,0.4986,2.1538
106.0678,0.5042,2.1771
106.0680,0.4977,2.1491
106.0682,0.5195,2.2402
106.0684,0.5462,2.3539
106.0686,0.5947,2.5609
106.0688,0.6127,2.6407
106.0690,0.5962,2.5718
106.0692,0.5523,2.3792
106.0694,0.6159,2.6498
106.0696,0.6836,2.9421
106.0698,0.7024,3.0231
106.0700,0.6701,2.8856
106.0702,0.6545,2.8172
106.0704,0.6619,2.8513
106.0706,0.6217,2.6783
106.0708,0.6428,2.7692
106.0710,0.6316,2.7186
106.0712,0.7092,3.0511
106.0714,0.6842,2.9501
106.0716,0.5478,2.3623
106.0718,0.5327,2.2982
106.0720,0.5486,2.3665
106.0722,0.5484,2.3638
106.0724,0.6236,2.6815
106.0726,0.7151,3.0792
106.0728,0.703,3.0271
106.0730,0.6493,2.7984
106.0732,0.5881,2.5348
106.0734,0.5945,2.5622
106.0736,0.5915,2.5505
106.0738,0.5688,2.4562
106.0740,0.488,2.1043
106.0742,0.5121,2.2092
106.0744,0.4802,2.0726
106.0746,0.5301,2.2879
106.0748,0.4775,2.0588
106.0750,0.4743,2.0453
106.0752,0.54,2.3319
106.0754,0.4876,2.1047
106.0756,0.477,2.0586
106.0758,0.4707,2.0317
106.0760,0.4671,2.0152
106.0762,0.4826,2.0829
106.0764,0.49,2.1121
106.0766,0.497,2.144
106.0768,0.4965,2.143
106.0770,0.5032,2.1709
106.0772,0.5013,2.1617
106.0774,0.5089,2.1953
106.0776,0.5022,2.1663
106.0778,0.5014,2.1632
106.0780,0.5191,2.2382
106.0782,0.4981,2.1487
106.0784,0.4861,2.097
106.0786,0.5194,2.2377
106.0788,0.576,2.4815
106.0790,0.6097,2.6242
106.0792,0.5969,2.5737
106.0794,0.6121,2.6369
106.0796,0.5917,2.5491
106.0798,0.5257,2.2656
106.0800,0.5639,2.427
106.0802,0.5304,2.2852
106.0804,0.5415,2.3316
106.0806,0.6037,2.5984
106.0808,0.6768,2.9118
106.0810,0.6331,2.7286
106.0812,0.5363,2.3126
106.0814,0.5167,2.2278
106.0816,0.5152,2.2196
106.0818,0.5113,2.2025
106.0820,0.5635,2.4244
106.0822,0.6345,2.7272
106.0824,0.7404,3.1837
106.0826,0.7278,3.1267
106.0828,0.7655,3.2869
106.0830,0.7874,3.3842
106.0832,0.7621,3.2755
106.0834,0.7241,3.1165
106.0836,0.5809,2.5003
106.0838,0.579,2.4955
106.0840,0.5773,2.4895
106.0842,0.584,2.5137
106.0844,0.6004,2.5851
106.0846,0.5962,2.5647
106.0848,0.5848,2.5216
106.0850,0.6029,2.5936
106.0852,0.6591,2.8382
106.0854,0.568,2.4492
106.0856,0.5642,2.4326
106.0858,0.5561,2.3946
106.0860,0.5783,2.4902
106.0862,0.6251,2.689
106.0864,0.6626,2.8531
106.0866,0.5454,2.3531
106.0868,0.4512,1.9474
106.0870,0.4561,1.9686
106.0872,0.4968,2.1411
106.0874,0.5713,2.4579
106.0876,0.6145,2.6461
106.0878,0.5901,2.5419
106.0880,0.6125,2.6287
106.0882,0.7351,3.1596
106.0884,0.735,3.1606
106.0886,0.7457,3.2065
106.0888,0.8134,3.488
106.0890,0.8661,3.7103
106.0892,0.9502,4.0652
106.0894,1.1056,4.7255
106.0896,1.0745,4.5966
106.0898,1.0621,4.5459
106.0900,1.0763,4.6129
106.0902,0.9874,4.234
106.0904,0.9835,4.2053
106.0906,1.0619,4.5533
106.0908,0.9727,4.165
106.0910,1.0631,4.5436
106.0912,1.1101,4.7423
106.0914,1.1531,4.9285
106.0916,1.148,4.911
106.0918,1.1393,4.8672
106.0920,1.2192,5.2108
106.0922,1.1438,4.9045
106.0924,1.0127,4.3344
106.0926,1.0498,4.4993
106.0928,1.0199,4.3734
106.0930,0.9694,4.1511
106.0932,1.0377,4.4412
106.0934,1.1332,4.8502
106.0936,1.1349,4.8574
106.0938,1.0999,4.7185
106.0940,0.9658,4.1473
106.0942,0.9031,3.8762
106.0944,0.885,3.8038
106.0946,0.8318,3.5717
106.0948,0.8783,3.7732
106.0950,0.8688,3.7273
106.0952,0.8902,3.826
106.0954,0.7976,3.4249
106.0956,0.8488,3.6499
106.0958,0.8005,3.4405
106.0960,0.736,3.1721
106.0962,0.643,2.7677
106.0964,0.7457,3.2065
106.0966,0.7932,3.4122
106.0968,0.7984,3.4333
106.0970,0.8121,3.4905
106.0972,0.8227,3.5292
106.0974,0.8742,3.7522
106.0976,0.8992,3.8664
106.0978,0.7793,3.3508
106.0980,0.8072,3.471
106.0982,0.8678,3.7244
106.0984,0.8896,3.8198
106.0986,0.8399,3.6134
106.0988,0.8019,3.4451
106.0990,0.83,3.5656
106.0992,0.8331,3.584
106.0994,0.7552,3.2532
106.0996,0.7839,3.3725
106.0998,0.7992,3.438
106.1000,0.7614,3.2725
106.1002,0.8523,3.658
106.1004,0.8607,3.7044
106.1006,0.7474,3.2152
106.1008,0.7675,3.3034
106.1010,0.7612,3.2745
106.1012,0.7272,3.1314
106.1014,0.7176,3.0916
106.1016,0.71,3.0542
106.1018,0.7667,3.2967
106.1020,0.7297,3.1408
106.1022,0.7133,3.0715
106.1024,0.7355,3.1685
106.1026,0.6691,2.8797
106.1028,0.688,2.9667
106.1030,0.6124,2.6392
106.1032,0.6577,2.8333
106.1034,0.6227,2.6862
106.1036,0.5899,2.545
106.1038,0.5832,2.5102
106.1040,0.6149,2.6538
106.1042,0.5845,2.5217
106.1044,0.5625,2.4265
106.1046,0.5592,2.4125
106.1048,0.5464,2.3594
106.1050,0.5885,2.5341
106.1052,0.6631,2.8592
106.1054,0.5749,2.4815
106.1056,0.5546,2.3924
106.1058,0.5409,2.3334
106.1060,0.5357,2.3133
106.1062,0.5327,2.3004
106.1064,0.544,2.3458
106.1066,0.5519,2.381
106.1068,0.5418,2.3386
106.1070,0.5337,2.3024
106.1072,0.5323,2.294
106.1074,0.5496,2.369
106.1076,0.5976,2.5781
106.1078,0.5464,2.3583
106.1080,0.5349,2.3075
106.1082,0.5315,2.2899
106.1084,0.5928,2.555
106.1086,0.6338,2.7305
106.1088,0.5905,2.544
106.1090,0.5643,2.4286
106.1092,0.6574,2.8309
106.1094,0.6941,2.9861
106.1096,0.7547,3.2451
106.1098,0.7181,3.0879
106.1100,0.7746,3.3292
106.1102,0.7877,3.3901
106.1104,0.7413,3.1859
106.1106,0.7779,3.3452
106.1108,0.7819,3.3684
106.1110,0.673,2.8994
106.1112,0.6486,2.794
106.1114,0.654,2.816
106.1116,0.72,3.0947
106.1118,0.7731,3.3261
106.1120,0.7488,3.2199
106.1122,0.7392,3.1786
106.1124,0.7767,3.34
106.1126,0.7622,3.2822
106.1128,0.7128,3.0695
106.1130,0.6783,2.9208
106.1132,0.7252,3.1183
106.1134,0.7459,3.2105
106.1136,0.6954,2.9918
106.1138,0.68,2.9294
106.1140,0.6825,2.9361
106.1142,0.7408,3.1868
106.1144,0.739,3.1791
106.1146,0.7012,3.0208
106.1148,0.7066,3.037
106.1150,0.8205,3.5167
106.1152,0.9265,3.9803
106.1154,0.8273,3.5559
106.1156,0.798,3.4297
106.1158,0.7977,3.4334
106.1160,0.8222,3.5403
106.1162,0.7691,3.307
106.1164,0.8263,3.5463
106.1166,0.9044,3.8801
106.1168,0.8746,3.7572
106.1170,0.846,3.6363
106.1172,0.8429,3.6246
106.1174,0.8088,3.4874
106.1176,0.6561,2.8266
106.1178,0.6128,2.6425
106.1180,0.6215,2.6785
106.1182,0.6579,2.8304
106.1184,0.7333,3.1504
106.1186,0.6839,2.9464
106.1188,0.5813,2.5124
106.1190,0.4478,1.9365
106.1192,0.4055,1.7518
106.1194,0.4094,1.7676
106.1196,0.408,1.7643
106.1198,0.4125,1.7819
106.1200,0.4116,1.7791
106.1202,0.4669,2.0152
106.1204,0.501,2.1622
106.1206,0.5031,2.1705
106.1208,0.5592,2.4103
106.1210,0.5554,2.3982
106.1212,0.5253,2.2641
106.1214,0.5989,2.5802
106.1216,0.574,2.4727
106.1218,0.6414,2.7566
106.1220,0.6995,3.0108
106.1222,0.6492,2.7953
106.1224,0.6603,2.842
106.1226,0.7297,3.1306
106.1228,0.9082,3.8996
106.1230,0.848,3.6378
106.1232,0.8907,3.8227
106.1234,0.9071,3.8896
106.1236,0.9008,3.8628
106.1238,0.9054,3.8842
106.1240,0.9144,3.9264
106.1242,0.9253,3.9622
106.1244,1.0314,4.4186
106.1246,0.9965,4.2751
106.1248,0.956,4.0993
106.1250,0.9725,4.1664
106.1252,1.0158,4.3518
106.1254,1.0392,4.4562
106.1256,1.03,4.4186
106.1258,0.9607,4.1194
106.1260,1.0168,4.358
106.1262,1.0324,4.4186
106.1264,1.0986,4.6975
106.1266,1.1005,4.7233
106.1268,0.9589,4.1155
106.1270,0.8999,3.8677
106.1272,0.7821,3.3648
106.1274,0.7775,3.3446
106.1276,0.7713,3.3168
106.1278,0.7608,3.2745
106.1280,0.7336,3.1559
106.1282,0.7564,3.2554
106.1284,0.7594,3.2652
106.1286,0.7668,3.2972
106.1288,0.779,3.3482
106.1290,0.7896,3.3904
106.1292,0.8582,3.6849
106.1294,0.856,3.6791
106.1296,0.8265,3.549
106.1298,0.8583,3.6855
106.1300,0.8875,3.8111
106.1302,0.9046,3.8842
106.1304,0.8886,3.8228
106.1306,0.8595,3.694
106.1308,0.8606,3.6987
106.1310,0.8113,3.4885
106.1312,0.8257,3.552
106.1314,0.8306,3.5715
106.1316,0.8361,3.5919
106.1318,0.9056,3.8924
106.1320,0.8823,3.7955
106.1322,0.8013,3.4393
106.1324,0.9133,3.9218
106.1326,0.9561,4.0979
106.1328,1.0233,4.3878
106.1330,0.9819,4.2143
106.1332,0.9431,4.0532
106.1334,0.8957,3.8497
106.1336,0.8088,3.4841
106.1338,0.7037,3.0316
106.1340,0.664,2.862
106.1342,0.6612,2.8456
106.1344,0.7278,3.1326
106.1346,0.7573,3.2595
106.1348,0.7901,3.3956
106.1350,0.8303,3.5705
106.1352,0.8275,3.5614
106.1354,0.7498,3.2285
106.1356,0.7553,3.2477
106.1358,0.8041,3.4608
106.1360,0.7234,3.1163
106.1362,0.652,2.8103
106.1364,0.6215,2.6835
106.1366,0.5225,2.2595
106.1368,0.4463,1.9297
106.1370,0.4498,1.943
106.1372,0.497,2.1481
106.1374,0.4889,2.1109
106.1376,0.4833,2.087
106.1378,0.4874,2.1056
106.1380,0.4839,2.0925
106.1382,0.4848,2.0903
106.1384,0.6059,2.6113
106.1386,0.5695,2.4616
106.1388,0.4803,2.0751
106.1390,0.4713,2.0362
106.1392,0.4566,1.9734
106.1394,0.4573,1.9756
106.1396,0.455,1.9649
106.1398,0.4591,1.9843
106.1400,0.456,1.9708
106.1402,0.4564,1.9706
106.1404,0.46,1.9861
106.1406,0.4703,2.0297
106.1408,0.5233,2.2553
106.1410,0.5646,2.437
106.1412,0.509,2.1989
106.1414,0.4878,2.1052
106.1416,0.486,2.0984
106.1418,0.4878,2.1072
106.1420,0.4775,2.0626
106.1422,0.4685,2.0228
106.1424,0.4652,2.0079
106.1426,0.468,2.0208
106.1428,0.4655,2.009
106.1430,0.4607,1.9883
106.1432,0.4737,2.0466
106.1434,0.4686,2.0234
106.1436,0.4785,2.0654
106.1438,0.4712,2.0357
106.1440,0.4615,1.9919
106.1442,0.5108,2.2015
106.1444,0.6354,2.7334
106.1446,0.6458,2.786
106.1448,0.5193,2.2382
106.1450,0.583,2.5115
106.1452,0.6299,2.7109
106.1454,0.6415,2.7661
106.1456,0.5867,2.5298
106.1458,0.5691,2.4538
106.1460,0.4778,2.0604
106.1462,0.4759,2.054
106.1464,0.5008,2.1586
106.1466,0.5512,2.3746
106.1468,0.5709,2.4604
106.1470,0.5727,2.4693
106.1472,0.5675,2.4448
106.1474,0.5812,2.5026
106.1476,0.565,2.4362
106.1478,0.5672,2.4421
106.1480,0.6155,2.6478
106.1482,0.7083,3.0442
106.1484,0.7564,3.2478
106.1486,0.83,3.5639
106.1488,0.8498,3.6455
106.1490,0.8614,3.6971
106.1492,0.8662,3.7125
106.1494,0.8548,3.6688
106.1496,0.8301,3.5628
106.1498,0.8735,3.7508
106.1500,0.838,3.5984
106.1502,0.815,3.5028
106.1504,0.774,3.3297
106.1506,0.7583,3.2606
106.1508,0.7668,3.2957
106.1510,0.7355,3.1582
106.1512,0.7267,3.1265
106.1514,0.6847,2.9427
106.1516,0.7417,3.1924
106.1518,0.6929,2.9838
106.1520,0.6516,2.8017
106.1522,0.645,2.7747
106.1524,0.695,2.9925
106.1526,0.6119,2.636
106.1528,0.5747,2.477
106.1530,0.5614,2.4174
106.1532,0.5195,2.2444
106.1534,0.4341,1.8743
106.1536,0.5053,2.1788
106.1538,0.5245,2.2604
106.1540,0.5457,2.3519
106.1542,0.5324,2.2924
106.1544,0.6038,2.5989
106.1546,0.6371,2.7393
106.1548,0.7248,3.1153
106.1550,0.7932,3.409
106.1552,0.8102,3.4774
106.1554,0.8541,3.6674
106.1556,0.8471,3.6376
106.1558,0.8729,3.7413
106.1560,0.9568,4.0953
106.1562,0.9767,4.1824
106.1564,0.9893,4.2443
106.1566,0.9279,3.9846
106.1568,0.9137,3.9215
106.1570,0.8978,3.85
106.1572,0.9371,4.0106
106.1574,1.0528,4.5122
106.1576,0.9862,4.2269
106.1578,0.9941,4.2628
106.1580,0.942,4.0429
106.1582,0.9235,3.9618
106.1584,0.8999,3.8623
106.1586,0.8907,3.8262
106.1588,0.8579,3.6805
106.1590,0.8913,3.8217
106.1592,0.8994,3.8513
106.1594,1.009,4.3226
106.1596,1.0258,4.3986
106.1598,0.9962,4.2736
106.1600,0.9541,4.0968
106.1602,0.9029,3.8734
106.1604,0.9896,4.2433
106.1606,0.9713,4.1651
106.1608,0.913,3.9221
106.1610,0.8471,3.6359
106.1612,0.8935,3.8386
106.1614,0.8717,3.7449
106.1616,0.8517,3.6622
106.1618,0.8357,3.5887
106.1620,0.8926,3.8327
106.1622,0.8733,3.7463
106.1624,0.8889,3.8274
106.1626,0.7309,3.1474
106.1628,0.708,3.0502
106.1630,0.7066,3.0412
106.1632,0.724,3.1175
106.1634,0.7065,3.0407
106.1636,0.7236,3.1145
106.1638,0.7373,3.1689
106.1640,0.7885,3.3905
106.1642,0.7314,3.148
106.1644,0.7624,3.2797
106.1646,0.8118,3.4841
106.1648,0.8679,3.7318
106.1650,0.8414,3.6129
106.1652,0.8661,3.7224
106.1654,0.7582,3.2631
106.1656,0.7318,3.1467
106.1658,0.7913,3.4008
106.1660,0.8041,3.4576
106.1662,0.7866,3.387
106.1664,0.7225,3.1127
106.1666,0.7035,3.0278
106.1668,0.7249,3.1187
106.1670,0.7221,3.1078
106.1672,0.7362,3.1716
106.1674,0.6556,2.8245
106.1676,0.6264,2.7022
106.1678,0.6192,2.6712
106.1680,0.6416,2.7589
106.1682,0.7684,3.3024
106.1684,0.752,3.2383
106.1686,0.7086,3.05
106.1688,0.7179,3.0854
106.1690,0.7836,3.3694
106.1692,0.799,3.4423
106.1694,0.7065,3.0407
106.1696,0.6881,2.9645
106.1698,0.6911,2.9746
106.1700,0.7573,3.255
106.1702,0.7506,3.2321
106.1704,0.742,3.1949
106.1706,0.6866,2.9591
106.1708,0.654,2.8186
106.1710,0.6769,2.9132
106.1712,0.7838,3.372
106.1714,0.7944,3.4142
106.1716,0.777,3.3395
106.1718,0.7803,3.3539
106.1720,0.7538,3.246
106.1722,0.6698,2.8881
106.1724,0.638,2.7498
106.1726,0.6578,2.8325
106.1728,0.6757,2.9108
106.1730,0.6681,2.8782
106.1732,0.5867,2.5298
106.1734,0.5685,2.4512
106.1736,0.5743,2.4789
106.1738,0.5512,2.3757
106.1740,0.5498,2.3717
106.1742,0.5528,2.3857
106.1744,0.5518,2.3772
106.1746,0.6211,2.6732
106.1748,0.6942,2.988
106.1750,0.6808,2.9357
106.1752,0.5776,2.4917
106.1754,0.5572,2.4038
106.1756,0.5501,2.3765
106.1758,0.5507,2.3736
106.1760,0.5954,2.5676
106.1762,0.5534,2.3883
106.1764,0.551,2.378
106.1766,0.5482,2.3628
106.1768,0.548,2.3639
106.1770,0.5484,2.3649
106.1772,0.5488,2.3653
106.1774,0.5519,2.381
106.1776,0.5465,2.3588
106.1778,0.5506,2.3742
106.1780,0.58,2.4974
106.1782,0.6517,2.8022
106.1784,0.7062,3.0397
106.1786,0.6781,2.9184
106.1788,0.6693,2.8794
106.1790,0.721,3.1089
106.1792,0.5662,2.4425
106.1794,0.5362,2.31
106.1796,0.6724,2.8941
106.1798,0.7263,3.1229
106.1800,0.7387,3.1766
106.1802,0.71,3.0528
106.1804,0.7204,3.1006
106.1806,0.724,3.1175
106.1808,0.7417,3.1865
106.1810,0.812,3.4851
106.1812,0.9363,4.0206
106.1814,0.8728,3.746
106.1816,0.8871,3.8072
106.1818,0.8859,3.7986
106.1820,0.8784,3.7737
106.1822,0.817,3.5083
106.1824,0.7948,3.4179
106.1826,0.7668,3.3049
106.1828,0.6553,2.8243
106.1830,0.5729,2.4727
106.1832,0.5287,2.2806
106.1834,0.538,2.3188
106.1836,0.5353,2.308
106.1838,0.532,2.2951
106.1840,0.5344,2.3065
106.1842,0.5272,2.2744
106.1844,0.527,2.2723
106.1846,0.6234,2.6831
106.1848,0.6252,2.6958
106.1850,0.6026,2.5962
106.1852,0.5086,2.1973
106.1854,0.4217,1.8235
106.1856,0.4044,1.7488
106.1858,0.4076,1.7598
106.1860,0.4552,1.9626
106.1862,0.4673,2.0186
106.1864,0.4017,1.7369
106.1866,0.413,1.784
106.1868,0.4444,1.917
106.1870,0.5073,2.1855
106.1872,0.5705,2.4612
106.1874,0.5224,2.2548
106.1876,0.5017,2.1643
106.1878,0.5915,2.5458
106.1880,0.6592,2.836
106.1882,0.7052,3.0336
106.1884,0.7817,3.3533
106.1886,0.8513,3.6488
106.1888,0.939,4.0244
106.1890,0.9917,4.2486
106.1892,1.0076,4.3144
106.1894,0.9965,4.2651
106.1896,1.0116,4.3318
106.1898,1.009,4.3165
106.1900,1.069,4.5815
106.1902,0.9655,4.1361
106.1904,1.0496,4.4883
106.1906,1.1505,4.9195
106.1908,1.153,4.9256
106.1910,1.1992,5.1252
106.1912,1.2132,5.1876
106.1914,1.1667,4.9934
106.1916,1.076,4.6054
106.1918,1.1383,4.8626
106.1920,1.2155,5.1925
106.1922,1.2102,5.1845
106.1924,1.0913,4.6728
106.1926,1.0646,4.5566
106.1928,1.1395,4.8723
106.1930,1.2062,5.1627
106.1932,1.1718,5.0225
106.1934,1.0499,4.4998
106.1936,1.0432,4.4731
106.1938,1.0543,4.5167
106.1940,1.1202,4.792
106.1942,1.1518,4.9274
106.1944,1.1092,4.7586
106.1946,0.9416,4.0489
106.1948,0.8987,3.8518
106.1950,0.9976,4.2837
106.1952,0.9303,3.9893
106.1954,0.9987,4.2904
106.1956,0.9492,4.0757
106.1958,0.9512,4.0845
106.1960,0.8649,3.7172
106.1962,0.8708,3.7407
106.1964,0.8483,3.6546
106.1966,0.7207,3.1093
106.1968,0.6519,2.8111
106.1970,0.6404,2.7615
106.1972,0.6121,2.6382
106.1974,0.6456,2.7798
106.1976,0.7112,3.0622
106.1978,0.7374,3.1812
106.1980,0.653,2.8131
106.1982,0.6977,3.0044
106.1984,0.7336,3.1573
106.1986,0.7968,3.4277
106.1988,0.7589,3.2692
106.1990,0.6827,2.9426
106.1992,0.6843,2.948
106.1994,0.7094,3.0573
106.1996,0.7052,3.0407
106.1998,0.6158,2.6579
106.2000,0.5916,2.5522
106.2002,0.6469,2.7881
106.2004,0.6144,2.6493
106.2006,0.607,2.616
106.2008,0.6586,2.8348
106.2010,0.6995,3.0094
106.2012,0.7553,3.2492
106.2014,0.7857,3.3834
106.2016,0.7525,3.2419
106.2018,0.6731,2.9013
106.2020,0.603,2.6038
106.2022,0.5231,2.26
106.2024,0.4975,2.1481
106.2026,0.5389,2.3268
106.2028,0.4651,2.0121
106.2030,0.395,1.7078
106.2032,0.4071,1.7618
106.2034,0.3989,1.7241
106.2036,0.4367,1.8865
106.2038,0.4549,1.9662
106.2040,0.4498,1.943
106.2042,0.4506,1.943
106.2044,0.5103,2.2015
106.2046,0.5049,2.1823
106.2048,0.4555,1.9697
106.2050,0.4812,2.0768
106.2052,0.4968,2.145
106.2054,0.4492,1.9413
106.2056,0.4429,1.9135
106.2058,0.4835,2.0866
106.2060,0.4535,1.959
106.2062,0.4833,2.0841
106.2064,0.5323,2.2983
106.2066,0.5028,2.1699
106.2068,0.5161,2.2305
106.2070,0.4495,1.941
106.2072,0.4351,1.8789
106.2074,0.4312,1.8627
106.2076,0.4318,1.8644
106.2078,0.4468,1.9291
106.2080,0.4642,2.0042
106.2082,0.4598,1.9865
106.2084,0.4682,2.0199
106.2086,0.5373,2.3168
106.2088,0.5809,2.5038
106.2090,0.5925,2.5523
106.2092,0.5944,2.5594
106.2094,0.6146,2.6478
106.2096,0.6162,2.6546
106.2098,0.5944,2.5605
106.2100,0.6263,2.6967
106.2102,0.6505,2.8023
106.2104,0.6472,2.7896
106.2106,0.5889,2.5356
106.2108,0.6309,2.7206
106.2110,0.6133,2.6409
106.2112,0.6483,2.7891
106.2114,0.6287,2.707
106.2116,0.6315,2.7219
106.2118,0.6276,2.6999
106.2120,0.6963,2.9926
106.2122,0.7213,3.1047
106.2124,0.6805,2.9273
106.2126,0.7584,3.255
106.2128,0.8016,3.4419
106.2130,0.8044,3.4543
106.2132,0.8227,3.5342
106.2134,0.8048,3.4558
106.2136,0.8734,3.7503
106.2138,0.8622,3.7111
106.2140,0.6754,2.9057
106.2142,0.6969,2.998
106.2144,0.7342,3.154
106.2146,0.7809,3.3534
106.2148,0.7506,3.2291
106.2150,0.6447,2.7801
106.2152,0.6415,2.7648
106.2154,0.6112,2.6341
106.2156,0.5771,2.4885
106.2158,0.5938,2.558
106.2160,0.6168,2.6584
106.2162,0.6042,2.6005
106.2164,0.6078,2.616
106.2166,0.6481,2.7907
106.2168,0.6597,2.8407
106.2170,0.5966,2.5715
106.2172,0.5642,2.4338
106.2174,0.4855,2.0964
106.2176,0.4935,2.1271
106.2178,0.5454,2.3541
106.2180,0.4465,1.929
106.2182,0.4778,2.0613
106.2184,0.5229,2.2589
106.2186,0.4128,1.7834
106.2188,0.3912,1.6902
106.2190,0.3892,1.6822
106.2192,0.3904,1.6866
106.2194,0.3942,1.7016
106.2196,0.4041,1.7448
106.2198,0.4236,1.8292
106.2200,0.4692,2.0241
106.2202,0.5308,2.2889
106.2204,0.4981,2.1487
106.2206,0.4881,2.1058
106.2208,0.549,2.3598
106.2210,0.71,3.05
106.2212,0.7409,3.1799
106.2214,0.7788,3.3488
106.2216,0.738,3.172
106.2218,0.783,3.3621
106.2220,0.8231,3.5362
106.2222,0.7664,3.2957
106.2224,0.7886,3.3816
106.2226,0.9084,3.8952
106.2228,0.9176,3.9348
106.2230,0.9648,4.1349
106.2232,0.9681,4.1474
106.2234,0.9708,4.1606
106.2236,0.9939,4.2598
106.2238,0.9699,4.1551
106.2240,0.956,4.0993
106.2242,0.9585,4.1101
106.2244,0.9213,3.9526
106.2246,0.846,3.6329
106.2248,0.8339,3.5809
106.2250,0.8476,3.6362
106.2252,0.8795,3.7783
106.2254,0.7922,3.3986
106.2256,0.8172,3.5089
106.2258,0.8144,3.4986
106.2260,0.8254,3.5411
106.2262,0.9143,3.9241
106.2264,0.8736,3.7514
106.2266,0.861,3.7007
106.2268,0.7869,3.3838
106.2270,0.7952,3.4114
106.2272,0.9204,3.9466
106.2274,0.9282,3.9801
106.2276,0.9727,4.1766
106.2278,0.8836,3.7941
106.2280,0.8344,3.588
106.2282,0.8023,3.4466
106.2284,0.841,3.6079
106.2286,0.9024,3.8713
106.2288,0.8957,3.8425
106.2290,0.9011,3.8675
106.2292,0.8559,3.6734
106.2294,0.8576,3.6824
106.2296,0.8731,3.7528
106.2298,0.8486,3.6437
106.2300,0.8571,3.6803
106.2302,0.8455,3.6337
106.2304,0.7922,3.4065
106.2306,0.7755,3.3317
106.2308,0.8437,3.6226
106.2310,0.8625,3.7035
106.2312,0.879,3.7763
106.2314,0.903,3.8775
106.2316,0.8972,3.8528
106.2318,0.8999,3.8551
106.2320,0.9494,4.0692
106.2322,0.9615,4.1249
106.2324,0.9486,4.0694
106.2326,0.906,3.8976
106.2328,0.7658,3.2977
106.2330,0.7152,3.0755
106.2332,0.7476,3.2147
106.2334,0.7327,3.1552
106.2336,0.6761,2.9128
106.2338,0.6711,2.8884
106.2340,0.7531,3.2384
106.2342,0.8311,3.5702
106.2344,0.882,3.7927
106.2346,0.8484,3.6432
106.2348,0.7998,3.4374
106.2350,0.7935,3.4106
106.2352,0.748,3.2282
106.2354,0.5965,2.5746
106.2356,0.5984,2.5793
106.2358,0.6282,2.7112
106.2360,0.5306,2.2921
106.2362,0.488,2.1072
106.2364,0.5336,2.3019
106.2366,0.55,2.3716
106.2368,0.5359,2.3128
106.2370,0.5325,2.2972
106.2372,0.5715,2.4596
106.2374,0.7037,3.0274
106.2376,0.6303,2.7218
106.2378,0.548,2.3639
106.2380,0.5296,2.2848
106.2382,0.5243,2.261
106.2384,0.5264,2.2708
106.2386,0.5284,2.2828
106.2388,0.5296,2.2858
106.2390,0.5271,2.2739
106.2392,0.5242,2.2605
106.2394,0.5733,2.4719
106.2396,0.616,2.6535
106.2398,0.5776,2.4905
106.2400,0.535,2.3081
106.2402,0.5308,2.291
106.2404,0.5321,2.2935
106.2406,0.5919,2.5509
106.2408,0.6029,2.6008
106.2410,0.5318,2.2952
106.2412,0.5267,2.2724
106.2414,0.5397,2.3272
106.2416,0.5393,2.3267
106.2418,0.5367,2.3142
106.2420,0.5336,2.3008
106.2422,0.5339,2.3034
106.2424,0.5359,2.3117
106.2426,0.5351,2.3075
106.2428,0.5488,2.3664
106.2430,0.5271,2.2718
106.2432,0.5183,2.2351
106.2434,0.5201,2.2439
106.2436,0.5217,2.2475
106.2438,0.5594,2.4086
106.2440,0.5963,2.5664
106.2442,0.7192,3.0911
106.2444,0.8082,3.4751
106.2446,0.7284,3.1293
106.2448,0.7428,3.1956
106.2450,0.7247,3.1191
106.2452,0.6785,2.9204
106.2454,0.6353,2.7341
106.2456,0.6301,2.7157
106.2458,0.6245,2.6914
106.2460,0.6192,2.665
106.2462,0.6252,2.6945
106.2464,0.6296,2.7124
106.2466,0.6737,2.8971
106.2468,0.7138,3.0665
106.2470,0.7566,3.2519
106.2472,0.7285,3.1356
106.2474,0.7456,3.2074
106.2476,0.7612,3.273
106.2478,0.7434,3.1981
106.2480,0.6829,2.939
106.2482,0.7116,3.0572
106.2484,0.7674,3.2982
106.2486,0.7712,3.3163
106.2488,0.7354,3.1636
106.2490,0.7374,3.1709
106.2492,0.7419,3.1914
106.2494,0.7601,3.2653
106.2496,0.7868,3.3833
106.2498,0.7426,3.1945
106.2500,0.6797,2.927
106.2502,0.598,2.5772
106.2504,0.571,2.461
106.2506,0.6095,2.6244
106.2508,0.6743,2.9037
106.2510,0.609,2.6248
106.2512,0.5935,2.5593
106.2514,0.5689,2.4544
106.2516,0.5278,2.277
106.2518,0.5207,2.2475
106.2520,0.5206,2.246
106.2522,0.5154,2.2222
106.2524,0.5797,2.4987
106.2526,0.6162,2.6509
106.2528,0.6173,2.658
106.2530,0.6146,2.6441
106.2532,0.6529,2.81
106.2534,0.6554,2.8222
106.2536,0.5538,2.3893
106.2538,0.4932,2.1275
106.2540,0.6161,2.6516
106.2542,0.7084,3.0461
106.2544,0.6753,2.9065
106.2546,0.6313,2.7171
106.2548,0.6866,2.9536
106.2550,0.7077,3.043
106.2552,0.7246,3.1143
106.2554,0.8043,3.4554
106.2556,0.8465,3.6299
106.2558,0.9109,3.906
106.2560,0.9547,4.0918
106.2562,0.9781,4.1939
106.2564,0.9301,3.9846
106.2566,0.9175,3.9416
106.2568,0.853,3.6611
106.2570,0.9317,3.995
106.2572,0.9501,4.076
106.2574,0.9446,4.0562
106.2576,0.8472,3.6364
106.2578,0.8608,3.6963
106.2580,0.8946,3.8397
106.2582,0.919,3.9423
106.2584,0.9212,3.9521
106.2586,0.912,3.9161
106.2588,0.9187,3.9431
106.2590,0.9047,3.8811
106.2592,0.9121,3.9112
106.2594,0.8915,3.8245
106.2596,0.8704,3.7375
106.2598,0.8684,3.727
106.2600,0.9295,3.9894
106.2602,0.8548,3.6774
106.2604,0.7211,3.1065
106.2606,0.6921,2.9801
106.2608,0.7279,3.1287
106.2610,0.7881,3.3827
106.2612,0.8025,3.4492
106.2614,0.7725,3.3235
106.2616,0.7619,3.2806
106.2618,0.7314,3.1436
106.2620,0.7361,3.1711
106.2622,0.7005,3.0135
106.2624,0.7289,3.1372
106.2626,0.6959,2.9925
106.2628,0.7391,3.1781
106.2630,0.7796,3.3524
106.2632,0.7484,3.2213
106.2634,0.7037,3.0274
106.2636,0.7646,3.2879
106.2638,0.8054,3.4584
106.2640,0.8181,3.5228
106.2642,0.7088,3.0491
106.2644,0.7552,3.2517
106.2646,0.6697,2.8836
106.2648,0.7072,3.041
106.2650,0.7564,3.2539
106.2652,0.7522,3.2343
106.2654,0.72,3.099
106.2656,0.688,2.9667
106.2658,0.5909,2.5479
106.2660,0.5868,2.528
106.2662,0.6199,2.6718
106.2664,0.6246,2.692
106.2666,0.6483,2.7956
106.2668,0.5511,2.3785
106.2670,0.5095,2.1989
106.2672,0.6054,2.6056
106.2674,0.6929,2.981
106.2676,0.6946,2.9938
106.2678,0.5767,2.4846
106.2680,0.5803,2.5036
106.2682,0.5945,2.5634
106.2684,0.6284,2.7072
106.2686,0.5778,2.4916
106.2688,0.5686,2.4506
106.2690,0.5643,2.4331
106.2692,0.5699,2.4552
106.2694,0.5772,2.4867
106.2696,0.5977,2.5774
106.2698,0.5829,2.5156
106.2700,0.5522,2.3798
106.2702,0.6243,2.6884
106.2704,0.6723,2.8936
106.2706,0.7422,3.1945
106.2708,0.6743,2.9064
106.2710,0.5675,2.4471
106.2712,0.5553,2.391
106.2714,0.6697,2.8809
106.2716,0.7014,3.0204
106.2718,0.6514,2.809
106.2720,0.5974,2.5723
106.2722,0.6042,2.6077
106.2724,0.5747,2.4758
106.2726,0.6681,2.8755
106.2728,0.6267,2.7025
106.2730,0.601,2.5914
106.2732,0.5667,2.4423
106.2734,0.5836,2.5187
106.2736,0.5138,2.2196
106.2738,0.4559,1.9685
106.2740,0.4493,1.9391
106.2742,0.4771,2.0582
106.2744,0.4956,2.1399
106.2746,0.4567,1.9712
106.2748,0.4574,1.9761
106.2750,0.4528,1.955
106.2752,0.4553,1.965
106.2754,0.4549,1.9625
106.2756,0.4699,2.0253
106.2758,0.5012,2.1642
106.2760,0.4555,1.9669
106.2762,0.4547,1.9624
106.2764,0.452,1.9519
106.2766,0.485,2.0933
106.2768,0.4646,2.0053
106.2770,0.4487,1.9383
106.2772,0.4727,2.0372
106.2774,0.5265,2.2713
106.2776,0.5203,2.2434
106.2778,0.5748,2.474
106.2780,0.5878,2.5298
106.2782,0.5759,2.4833
106.2784,0.5289,2.2806
106.2786,0.5867,2.5263
106.2788,0.6053,2.6075
106.2790,0.5819,2.508
106.2792,0.5824,2.5077
106.2794,0.6038,2.5989
106.2796,0.5801,2.4968
106.2798,0.6019,2.5907
106.2800,0.6524,2.8066
106.2802,0.6604,2.8425
106.2804,0.6522,2.8069
106.2806,0.673,2.8927
106.2808,0.716,3.0772
106.2810,0.7395,3.1782
106.2812,0.7384,3.1721
106.2814,0.6489,2.7956
106.2816,0.5844,2.5165
106.2818,0.5959,2.5696
106.2820,0.4969,2.1446
106.2822,0.4807,2.0737
106.2824,0.4809,2.0738
106.2826,0.4819,2.0779
106.2828,0.4939,2.1306
106.2830,0.4818,2.0794
106.2832,0.4777,2.0608
106.2834,0.4771,2.0573
106.2836,0.4778,2.0604
106.2838,0.4785,2.0625
106.2840,0.5838,2.5127
106.2842,0.6282,2.7037
106.2844,0.5725,2.4688
106.2846,0.4992,2.1534
106.2848,0.4954,2.1344
106.2850,0.4741,2.0481
106.2852,0.3984,1.7221
106.2854,0.4246,1.8342
106.2856,0.4091,1.7666
106.2858,0.4305,1.857
106.2860,0.4171,1.8012
106.2862,0.4218,1.8198
106.2864,0.4733,2.0388
106.2866,0.5116,2.2021
106.2868,0.6022,2.5941
106.2870,0.6263,2.6954
106.2872,0.6091,2.6216
106.2874,0.6374,2.7396
106.2876,0.7273,3.1247
106.2878,0.721,3.0974
106.2880,0.7612,3.2669
106.2882,0.827,3.5461
106.2884,0.8639,3.701
106.2886,0.9359,4.013
106.2888,0.9425,4.0375
106.2890,0.9753,4.1763
106.2892,0.9984,4.2694
106.2894,1.1002,4.7025
106.2896,1.1399,4.8744
106.2898,1.0978,4.6966
106.2900,1.0366,4.4303
106.2902,1.1576,4.9497
106.2904,1.1193,4.7839
106.2906,1.0631,4.5521
106.2908,0.9851,4.2243
106.2910,0.915,3.9217
106.2912,0.9573,4.0992
106.2914,1.017,4.3549
106.2916,1.0722,4.5868
106.2918,1.0987,4.7046
106.2920,1.0278,4.3991
106.2922,1.0538,4.5126
106.2924,1.0389,4.4567
106.2926,0.9253,3.9677
106.2928,0.9115,3.9141
106.2930,0.8331,3.579
106.2932,0.8571,3.682
106.2934,0.8552,3.6755
106.2936,0.8562,3.6767
106.2938,0.8548,3.6688
106.2940,0.8842,3.7931
106.2942,0.8777,3.7689
106.2944,0.8637,3.7103
106.2946,0.8929,3.8307
106.2948,0.9294,3.9852
106.2950,0.957,4.1054
106.2952,0.9119,3.912
106.2954,0.8604,3.6999
106.2956,0.7978,3.4291
106.2958,0.7767,3.3384
106.2960,0.8193,3.5214
106.2962,0.8288,3.5654
106.2964,0.7803,3.3539
106.2966,0.8119,3.4862
106.2968,0.8498,3.6472
106.2970,0.8332,3.5812
106.2972,0.7784,3.3472
106.2974,0.82,3.5245
106.2976,0.8203,3.5272
106.2978,0.7827,3.3705
106.2980,0.7182,3.0913
106.2982,0.7505,3.2286
106.2984,0.7435,3.2002
106.2986,0.6755,2.9089
106.2988,0.7031,3.0262
106.2990,0.7161,3.0834
106.2992,0.67,2.8851
106.2994,0.6704,2.8867
106.2996,0.6694,2.8839
106.2998,0.6675,2.8716
106.3000,0.6731,2.8986
106.3002,0.6734,2.8983
106.3004,0.6691,2.8797
106.3006,0.6743,2.9037
106.3008,0.6749,2.9117
106.3010,0.6016,2.5927
106.3012,0.5942,2.5612
106.3014,0.5936,2.5574
106.3016,0.6206,2.6761
106.3018,0.5432,2.3421
106.3020,0.53,2.2853
106.3022,0.5261,2.2698
106.3024,0.538,2.321
106.3026,0.5465,2.3566
106.3028,0.5526,2.3819
106.3030,0.5379,2.3205
106.3032,0.5433,2.3437
106.3034,0.5405,2.3308
106.3036,0.5425,2.3401
106.3038,0.556,2.3952
106.3040,0.6112,2.6341
106.3042,0.5427,2.3422
106.3044,0.5266,2.2729
106.3046,0.5263,2.2692
106.3048,0.5241,2.262
106.3050,0.5222,2.2527
106.3052,0.5477,2.3607
106.3054,0.5499,2.3711
106.3056,0.5229,2.2558
106.3058,0.5397,2.3282
106.3060,0.5703,2.4624
106.3062,0.546,2.3546
106.3064,0.5399,2.3293
106.3066,0.5216,2.2491
106.3068,0.5138,2.2165
106.3070,0.5766,2.4829
106.3072,0.671,2.8839
106.3074,0.7106,3.0582
106.3076,0.6457,2.7816
106.3078,0.6175,2.6627
106.3080,0.583,2.5091
106.3082,0.6414,2.7592
106.3084,0.6507,2.802
106.3086,0.6541,2.8178
106.3088,0.6609,2.8433
106.3090,0.6741,2.9
106.3092,0.6613,2.8475
106.3094,0.6528,2.8121
106.3096,0.6613,2.8435
106.3098,0.7059,3.0395
106.3100,0.6354,2.7397
106.3102,0.6067,2.6125
106.3104,0.612,2.6316
106.3106,0.6841,2.9401
106.3108,0.7566,3.2519
106.3110,0.7512,3.2272
106.3112,0.7655,3.29
106.3114,0.792,3.4055
106.3116,0.7893,3.3957
106.3118,0.7161,3.0762
106.3120,0.7172,3.0881
106.3122,0.6603,2.8407
106.3124,0.6736,2.8979
106.3126,0.6878,2.9574
106.3128,0.698,3.0054
106.3130,0.666,2.8663
106.3132,0.6872,2.9549
106.3134,0.7365,3.1623
106.3136,0.7856,3.375
106.3138,0.7832,3.3631
106.3140,0.8122,3.4861
106.3142,0.8308,3.5692
106.3144,0.7602,3.2749
106.3146,0.6866,2.9536
106.3148,0.7225,3.1055
106.3150,0.7397,3.1851
106.3152,0.6705,2.8872
106.3154,0.6646,2.8619
106.3156,0.5977,2.5738
106.3158,0.5763,2.4848
106.3160,0.5595,2.4136
106.3162,0.5314,2.2947
106.3164,0.4788,2.0664
106.3166,0.4746,2.0483
106.3168,0.4776,2.0612
106.3170,0.4788,2.0645
106.3172,0.5125,2.2067
106.3174,0.6518,2.808
106.3176,0.5507,2.378
106.3178,0.4817,2.0788
106.3180,0.4444,1.9197
106.3182,0.3935,1.7
106.3184,0.3895,1.6824
106.3186,0.3898,1.684
106.3188,0.3873,1.6716
106.3190,0.386,1.6674
106.3192,0.3922,1.6943
106.3194,0.3947,1.706
106.3196,0.409,1.766
106.3198,0.4384,1.892
106.3200,0.4929,2.1255
106.3202,0.5335,2.3003
106.3204,0.4891,2.108
106.3206,0.5342,2.3002
106.3208,0.6181,2.6579
106.3210,0.6915,2.9748
106.3212,0.6911,2.9732
106.3214,0.7245,3.1123
106.3216,0.752,3.2308
106.3218,0.7136,3.0711
106.3220,0.688,2.9557
106.3222,0.7966,3.4144
106.3224,0.8695,3.7269
106.3226,0.9094,3.8975
106.3228,0.9881,4.2352
106.3230,0.9928,4.2512
106.3232,0.9895,4.2408
106.3234,0.9234,3.9613
106.3236,0.9236,3.9587
106.3238,0.9458,4.0556
106.3240,0.9236,3.9624
106.3242,0.8916,3.8268
106.3244,0.904,3.8816
106.3246,0.8929,3.8289
106.3248,0.8908,3.8232
106.3250,0.8241,3.542
106.3252,0.8463,3.634
106.3254,0.8303,3.5688
106.3256,0.81,3.478
106.3258,0.8142,3.496
106.3260,0.8112,3.4847
106.3262,0.8301,3.5645
106.3264,0.8383,3.6028
106.3266,0.8122,3.4877
106.3268,0.8305,3.5677
106.3270,0.8475,3.6357
106.3272,0.8847,3.7934
106.3274,0.8987,3.859
106.3276,0.844,3.6225
106.3278,0.8737,3.7501
106.3280,0.8755,3.7543
106.3282,0.8916,3.8215
106.3284,0.914,3.9212
106.3286,0.8987,3.859
106.3288,0.8272,3.5521
106.3290,0.8542,3.6679
106.3292,0.8663,3.7199
106.3294,0.8765,3.762
106.3296,0.8789,3.7705
106.3298,0.8471,3.6376
106.3300,0.7909,3.3993
106.3302,0.7905,3.3977
106.3304,0.8285,3.5561
106.3306,0.8361,3.5919
106.3308,0.8523,3.6597
106.3310,0.8627,3.7045
106.3312,0.804,3.4603
106.3314,0.7607,3.274
106.3316,0.7592,3.2647
106.3318,0.7763,3.3379
106.3320,0.7901,3.3972
106.3322,0.7341,3.1609
106.3324,0.6644,2.8649
106.3326,0.6041,2.6024
106.3328,0.6116,2.6361
106.3330,0.6145,2.6486
106.3332,0.6172,2.6587
106.3334,0.6176,2.6583
106.3336,0.689,2.9667
106.3338,0.7661,3.2926
106.3340,0.7963,3.4256
106.3342,0.7199,3.1014
106.3344,0.6291,2.7129
106.3346,0.5625,2.4254
106.3348,0.5151,2.2242
106.3350,0.4567,1.9739
106.3352,0.4565,1.9729
106.3354,0.4536,1.9586
106.3356,0.4548,1.9656
106.3358,0.455,1.9667
106.3360,0.4568,1.9708
106.3362,0.5118,2.2098
106.3364,0.4725,2.0404
106.3366,0.452,1.951
106.3368,0.4489,1.9394
106.3370,0.4498,1.9439
106.3372,0.4478,1.9338
106.3374,0.4923,2.1219
106.3376,0.5458,2.3524
106.3378,0.5351,2.3107
106.3380,0.4624,1.9964
106.3382,0.4494,1.9396
106.3384,0.4507,1.9462
106.3386,0.4471,1.9307
106.3388,0.4704,2.0302
106.3390,0.5029,2.1724
106.3392,0.4559,1.9685
106.3394,0.4488,1.9379
106.3396,0.4417,1.9065
106.3398,0.4405,1.9004
106.3400,0.4454,1.9217
106.3402,0.4734,2.0403
106.3404,0.5263,2.2714
106.3406,0.4676,2.0202
106.3408,0.441,1.9043
106.3410,0.4438,1.9144
106.3412,0.445,1.9205
106.3414,0.4484,1.9355
106.3416,0.4442,1.9174
106.3418,0.4424,1.9096
106.3420,0.4403,1.9003
106.3422,0.445,1.9205
106.3424,0.4866,2.0991
106.3426,0.4531,1.9566
106.3428,0.4385,1.8925
106.3430,0.4734,2.0412
106.3432,0.4733,2.0426
106.3434,0.4645,2.0048
106.3436,0.4464,1.9258
106.3438,0.4428,1.9103
106.3440,0.4556,1.9647
106.3442,0.5083,2.1917
106.3444,0.5468,2.3533
106.3446,0.577,2.4833
106.3448,0.5583,2.4062
106.3450,0.5706,2.4548
106.3452,0.6701,2.8803
106.3454,0.627,2.6985
106.3456,0.5784,2.4895
106.3458,0.5996,2.5833
106.3460,0.5953,2.5647
106.3462,0.5823,2.5072
106.3464,0.6185,2.6582
106.3466,0.668,2.8683
106.3468,0.7787,3.3436
106.3470,0.8137,3.4923
106.3472,0.809,3.4738
106.3474,0.8038,3.4549
106.3476,0.7616,3.2705
106.3478,0.8462,3.6284
106.3480,0.9043,3.8759
106.3482,0.862,3.7066
106.3484,0.7552,3.2457
106.3486,0.7865,3.377
106.3488,0.8456,3.6309
106.3490,0.7797,3.3591
106.3492,0.5878,2.5333
106.3494,0.5536,2.386
106.3496,0.5554,2.3915
106.3498,0.5689,2.4499
106.3500,0.5927,2.5533
106.3502,0.6444,2.7695
106.3504,0.6721,2.8899
106.3506,0.691,2.9783
106.3508,0.5929,2.5555
106.3510,0.5327,2.2993
106.3512,0.406,1.7547
106.3514,0.4131,1.7828
106.3516,0.4664,2.0122
106.3518,0.4819,2.0779
106.3520,0.4848,2.0903
106.3522,0.4824,2.081
106.3524,0.4487,1.9392
106.3526,0.4139,1.7873
106.3528,0.415,1.7903
106.3530,0.4542,1.9576
106.3532,0.5494,2.3657
106.3534,0.6265,2.694
106.3536,0.6683,2.8712
106.3538,0.7261,3.1253
106.3540,0.6622,2.8489
106.3542,0.6988,3.0063
106.3544,0.6669,2.8704
106.3546,0.6747,2.9012
106.3548,0.7179,3.084
106.3550,0.7309,3.1357
106.3552,0.8547,3.658
106.3554,0.977,4.1815
106.3556,0.9883,4.2337
106.3558,0.9506,4.0743
106.3560,0.9096,3.9022
106.3562,0.9046,3.8788
106.3564,0.9377,4.0188
106.3566,0.9247,3.9596
106.3568,0.9789,4.1897
106.3570,0.9754,4.1768
106.3572,0.9838,4.2127
106.3574,1.0413,4.4566
106.3576,1.114,4.7681
106.3578,1.0455,4.4745
106.3580,1.0202,4.3683
106.3582,1.0052,4.3021
106.3584,0.9976,4.2837
106.3586,0.8938,3.8361
106.3588,0.8895,3.8175
106.3590,0.8359,3.5908
106.3592,0.818,3.5141
106.3594,0.8113,3.4869
106.3596,0.7504,3.2236
106.3598,0.7574,3.2555
106.3600,0.7933,3.4096
106.3602,0.7901,3.3956
106.3604,0.7705,3.3101
106.3606,0.8146,3.4997
106.3608,0.8332,3.5778
106.3610,0.8727,3.7437
106.3612,0.8891,3.8196
106.3614,0.8257,3.5487
106.3616,0.8115,3.4846
106.3618,0.7831,3.3673
106.3620,0.7319,3.1413
106.3622,0.8119,3.4894
106.3624,0.8402,3.6094
106.3626,0.858,3.6827
106.3628,0.8559,3.6803
106.3630,0.7735,3.3245
106.3632,0.7711,3.3142
106.3634,0.78,3.3539
106.3636,0.8113,3.4852
106.3638,0.8555,3.6753
106.3640,0.8215,3.5307
106.3642,0.8139,3.5015
106.3644,0.7966,3.4272
106.3646,0.7335,3.1553
106.3648,0.7066,3.0412
106.3650,0.6879,2.9621
106.3652,0.7253,3.1203
106.3654,0.7267,3.1323
106.3656,0.6712,2.8903
106.3658,0.6833,2.9411
106.3660,0.6865,2.9531
106.3662,0.6976,3.0025
106.3664,0.6859,2.9506
106.3666,0.6923,2.9798
106.3668,0.6542,2.8144
106.3670,0.7802,3.3534
106.3672,0.7883,3.3926
106.3674,0.6549,2.8227
106.3676,0.6201,2.6728
106.3678,0.6389,2.7496
106.3680,0.6562,2.8245
106.3682,0.699,3.0073
106.3684,0.6847,2.9481
106.3686,0.6537,2.8123
106.3688,0.7083,3.0484
106.3690,0.7101,3.0562
106.3692,0.7217,3.1033
106.3694,0.7174,3.0891
106.3696,0.6583,2.8306
106.3698,0.7616,3.272
106.3700,0.8085,3.4702
106.3702,0.8477,3.6435
106.3704,0.8657,3.7226
106.3706,0.8423,3.6136
106.3708,0.8919,3.8314
106.3710,0.8537,3.671
106.3712,0.7399,3.1817
106.3714,0.7644,3.2854
106.3716,0.7088,3.0576
106.3718,0.5707,2.4599
106.3720,0.6293,2.7134
106.3722,0.5989,2.5826
106.3724,0.5656,2.44
106.3726,0.555,2.3956
106.3728,0.5425,2.338
106.3730,0.5498,2.3684
106.3732,0.6086,2.622
106.3734,0.6697,2.8823
106.3736,0.7739,3.3245
106.3738,0.8058,3.4712
106.3740,0.5989,2.5838
106.3742,0.5416,2.3354
106.3744,0.5353,2.308
106.3746,0.5336,2.3019
106.3748,0.5348,2.307
106.3750,0.5389,2.3235
106.3752,0.5283,2.2801
106.3754,0.5213,2.2491
106.3756,0.5189,2.2377
106.3758,0.5179,2.2341
106.3760,0.5242,2.2626
106.3762,0.5251,2.263
106.3764,0.5264,2.2698
106.3766,0.5229,2.2569
106.3768,0.5535,2.3833
106.3770,0.6216,2.679
106.3772,0.5947,2.5657
106.3774,0.5512,2.3735
106.3776,0.6219,2.6756
106.3778,0.6616,2.845
106.3780,0.7248,3.1182
106.3782,0.7215,3.1066
106.3784,0.6855,2.949
106.3786,0.6713,2.8881
106.3788,0.7005,3.0163
106.3790,0.6667,2.8707
106.3792,0.666,2.8663
106.3794,0.68,2.9239
106.3796,0.7409,3.1829
106.3798,0.745,3.2063
106.3800,0.6886,2.961
106.3802,0.7695,3.3029
106.3804,0.8642,3.7107
106.3806,0.8698,3.7418
106.3808,0.7225,3.107
106.3810,0.7519,3.2318
106.3812,0.7908,3.394
106.3814,0.8548,3.6705
106.3816,0.7703,3.3183
106.3818,0.6204,2.6764
106.3820,0.586,2.5244
106.3822,0.5806,2.5
106.3824,0.5957,2.5674
106.3826,0.5627,2.4309
106.3828,0.4781,2.0633
106.3830,0.4883,2.1063
106.3832,0.4992,2.1534
106.3834,0.5188,2.2351
106.3836,0.6446,2.7796
106.3838,0.5793,2.5024
106.3840,0.4269,1.8432
106.3842,0.3993,1.7265
106.3844,0.3861,1.6679
106.3846,0.3806,1.6441
106.3848,0.3805,1.6436
106.3850,0.393,1.698
106.3852,0.3971,1.718
106.3854,0.3753,1.6236
106.3856,0.366,1.5802
106.3858,0.3718,1.6063
106.3860,0.3854,1.664
106.3862,0.4083,1.7629
106.3864,0.4395,1.894
106.3866,0.5031,2.1685
106.3868,0.516,2.2258
106.3870,0.5191,2.2372
106.3872,0.6127,2.6322
106.3874,0.6911,2.976
106.3876,0.6596,2.8363
106.3878,0.7106,3.054
106.3880,0.7596,3.2587
106.3882,0.8104,3.4784
106.3884,0.8462,3.6267
106.3886,0.9381,4.0152
106.3888,0.998,4.2773
106.3890,0.9327,4.0033
106.3892,0.914,3.9121
106.3894,1.0308,4.414
106.3896,1.0202,4.3662
106.3898,1.0186,4.3636
106.3900,0.9698,4.1526
106.3902,1.0139,4.3416
106.3904,1.0904,4.6692
106.3906,1.1295,4.8275
106.3908,1.1648,4.9782
106.3910,1.1734,5.0198
106.3912,1.0984,4.7058
106.3914,1.0013,4.2937
106.3916,0.965,4.1418
106.3918,0.9589,4.1098
106.3920,0.991,4.2475
106.3922,1.0085,4.3266
106.3924,0.9573,4.1069
106.3926,0.9384,4.0275
106.3928,0.8767,3.7647
106.3930,0.8968,3.8489
106.3932,0.9674,4.1462
106.3934,1.0037,4.2939
106.3936,1.1043,4.7221
106.3938,1.1542,4.9423
106.3940,1.0927,4.6767
106.3942,1.0848,4.6472
106.3944,1.0771,4.6165
106.3946,1.0094,4.3302
106.3948,1.001,4.2881
106.3950,1.0525,4.5132
106.3952,0.9748,4.184
106.3954,0.8644,3.7169
106.3956,0.8131,3.4962
106.3958,0.799,3.4359
106.3960,0.8435,3.6289
106.3962,0.8258,3.5558
106.3964,0.7854,3.3771
106.3966,0.7992,3.4348
106.3968,0.8326,3.5786
106.3970,0.7821,3.3663
106.3972,0.7803,3.3539
106.3974,0.8379,3.6063
106.3976,0.7386,3.1819
106.3978,0.7134,3.072
106.3980,0.7516,3.2347
106.3982,0.7375,3.1729
106.3984,0.7392,3.1831
106.3986,0.7198,3.0965
106.3988,0.7463,3.2165
106.3990,0.6821,2.9414
106.3992,0.6079,2.6213
106.3994,0.6374,2.7485
106.3996,0.6121,2.637
106.3998,0.6347,2.7328
106.4000,0.6902,2.9733
106.4002,0.6863,2.9581
106.4004,0.6068,2.6179
106.4006,0.5221,2.2553
106.4008,0.4892,2.1134
106.4010,0.4875,2.1061
106.4012,0.4977,2.1502
106.4014,0.4978,2.1507
106.4016,0.4878,2.1091
106.4018,0.3986,1.7234
106.4020,0.3841,1.6607
106.4022,0.4276,1.8454
106.4024,0.4481,1.9366
106.4026,0.4259,1.8416
106.4028,0.429,1.8551
106.4030,0.4291,1.8539
106.4032,0.4313,1.8649
106.4034,0.427,1.8446
106.4036,0.4225,1.8237
106.4038,0.4401,1.901
106.4040,0.447,1.932
106.4042,0.4482,1.9353
106.4044,0.4428,1.9129
106.4046,0.4433,1.915
106.4048,0.4435,1.9143
106.4050,0.5082,2.1932
106.4052,0.5187,2.2356
106.4054,0.5236,2.261
106.4056,0.4633,2.0006
106.4058,0.4518,1.95
106.4060,0.4534,1.9576
106.4062,0.4391,1.896
106.4064,0.4327,1.8694
106.4066,0.4327,1.8694
106.4068,0.4415,1.9055
106.4070,0.455,1.9658
106.4072,0.4845,2.0893
106.4074,0.5372,2.312
106.4076,0.606,2.6131
106.4078,0.5878,2.5333
106.4080,0.5741,2.4744
106.4082,0.5733,2.4708
106.4084,0.6112,2.6316
106.4086,0.6532,2.8116
106.4088,0.6604,2.8399
106.4090,0.6592,2.84
106.4092,0.6024,2.5939
106.4094,0.5862,2.5242
106.4096,0.5842,2.5201
106.4098,0.5523,2.3836
106.4100,0.4824,2.081
106.4102,0.457,1.9722
106.4104,0.4517,1.9504
106.4106,0.4679,2.0165
106.4108,0.5452,2.3455
106.4110,0.6865,2.9559
106.4112,0.6195,2.6703
106.4114,0.5608,2.4159
106.4116,0.5601,2.4128
106.4118,0.6295,2.7081
106.4120,0.7032,3.0225
106.4122,0.6886,2.961
106.4124,0.6717,2.887
106.4126,0.7167,3.0817
106.4128,0.7513,3.2322
106.4130,0.724,3.1117
106.4132,0.7321,3.1453
106.4134,0.7885,3.3874
106.4136,0.7898,3.393
106.4138,0.7339,3.1574
106.4140,0.6841,2.9401
106.4142,0.7181,3.0907
106.4144,0.6287,2.7095
106.4146,0.5921,2.5507
106.4148,0.6395,2.7509
106.4150,0.6608,2.8454
106.4152,0.6145,2.6449
106.4154,0.6271,2.6991
106.4156,0.6567,2.8265
106.4158,0.6207,2.6791
106.4160,0.4947,2.1323
106.4162,0.4719,2.0369
106.4164,0.4682,2.0199
106.4166,0.5293,2.2832
106.4168,0.5149,2.2222
106.4170,0.4265,1.8416
106.4172,0.4152,1.7938
106.4174,0.4094,1.7668
106.4176,0.436,1.8825
106.4178,0.4201,1.815
106.4180,0.4019,1.7363
106.4182,0.3974,1.715
106.4184,0.3945,1.7018
106.4186,0.4484,1.9373
106.4188,0.413,1.7815
106.4190,0.4594,1.9817
106.4192,0.4077,1.7587
106.4194,0.4302,1.856
106.4196,0.4806,2.0732
106.4198,0.5297,2.2821
106.4200,0.5315,2.2899
106.4202,0.6175,2.6578
106.4204,0.6115,2.6332
106.4206,0.6179,2.6556
106.4208,0.6445,2.7713
106.4210,0.6442,2.7664
106.4212,0.6988,3.0035
106.4214,0.724,3.1102
106.4216,0.9407,4.0354
106.4218,0.8993,3.8525
106.4220,0.9008,3.861
106.4222,0.9133,3.9126
106.4224,0.9249,3.9643
106.4226,0.9536,4.0852
106.4228,0.949,4.0676
106.4230,0.9449,4.0515
106.4232,0.9624,4.1208
106.4234,1.0156,4.3427
106.4236,1.0381,4.4391
106.4238,1.0604,4.5429
106.4240,0.9781,4.1861
106.4242,1.0109,4.3288
106.4244,1.0243,4.3863
106.4246,1.0724,4.5964
106.4248,0.9706,4.1601
106.4250,0.9643,4.1387
106.4252,0.8721,3.7429
106.4254,0.8401,3.6038
106.4256,0.8427,3.6185
106.4258,0.7923,3.4086
106.4260,0.7495,3.223
106.4262,0.7681,3.2998
106.4264,0.7981,3.427
106.4266,0.7752,3.3302
106.4268,0.7938,3.41
106.4270,0.8272,3.5471
106.4272,0.8995,3.8572
106.4274,0.9005,3.8649
106.4276,0.9295,3.9838
106.4278,0.9796,4.2065
106.4280,0.8694,3.7351
106.4282,0.8167,3.5052
106.4284,0.8646,3.7093
106.4286,0.8704,3.734
106.4288,0.8642,3.7107
106.4290,0.8426,3.6231
106.4292,0.813,3.4941
106.4294,0.8121,3.4905
106.4296,0.7779,3.3405
106.4298,0.8404,3.6071
106.4300,0.8766,3.7607
106.4302,0.9398,4.0318
106.4304,0.9464,4.0582
106.4306,0.9493,4.0724
106.4308,0.9318,4.0048
106.4310,0.8438,3.6248
106.4312,0.8634,3.7076
106.4314,0.8558,3.6763
106.4316,0.8005,3.4373
106.4318,0.8032,3.4523
106.4320,0.8344,3.588
106.4322,0.7877,3.3838
106.4324,0.8296,3.5641
106.4326,0.8362,3.5974
106.4328,0.8246,3.5474
106.4330,0.7432,3.1956
106.4332,0.7795,3.3487
106.4334,0.8349,3.5884
106.4336,0.798,3.4408
106.4338,0.6453,2.7814
106.4340,0.6576,2.8328
106.4342,0.6494,2.8015
106.4344,0.5746,2.4776
106.4346,0.5673,2.4472
106.4348,0.5722,2.4661
106.4350,0.5794,2.4971
106.4352,0.5895,2.5429
106.4354,0.5255,2.2693
106.4356,0.4867,2.0996
106.4358,0.4836,2.089
106.4360,0.483,2.0855
106.4362,0.5276,2.276
106.4364,0.5246,2.262
106.4366,0.5953,2.5659
106.4368,0.6198,2.67
106.4370,0.5458,2.3568
106.4372,0.5269,2.2729
106.4374,0.5477,2.3596
106.4376,0.6173,2.6592
106.4378,0.6289,2.7106
106.4380,0.555,2.3922
106.4382,0.5339,2.3023
106.4384,0.5365,2.3153
106.4386,0.5416,2.3343
106.4388,0.5789,2.4962
106.4390,0.5306,2.2889
106.4392,0.5306,2.29
106.4394,0.5294,2.2827
106.4396,0.5558,2.3909
106.4398,0.605,2.6089
106.4400,0.5349,2.3086
106.4402,0.5249,2.2636
106.4404,0.5271,2.275
106.4406,0.5239,2.2599
106.4408,0.5266,2.2708
106.4410,0.5241,2.2599
106.4412,0.5216,2.2501
106.4414,0.5224,2.2537
106.4416,0.5235,2.2574
106.4418,0.5407,2.328
106.4420,0.5993,2.5817
106.4422,0.6632,2.8557
106.4424,0.6649,2.8669
106.4426,0.5614,2.4196
106.4428,0.5369,2.3153
106.4430,0.5788,2.4922
106.4432,0.6426,2.7656
106.4434,0.6339,2.7297
106.4436,0.6618,2.8495
106.4438,0.7169,3.0813
106.4440,0.7934,3.4085
106.4442,0.7916,3.4008
106.4444,0.7948,3.4179
106.4446,0.726,3.1234
106.4448,0.6519,2.8072
106.4450,0.6337,2.7274
106.4452,0.6389,2.7509
106.4454,0.6761,2.9074
106.4456,0.7881,3.3858
106.4458,0.7422,3.1945
106.4460,0.6288,2.71
106.4462,0.6108,2.6301
106.4464,0.6713,2.8855
106.4466,0.6966,2.9998
106.4468,0.63,2.7127
106.4470,0.6636,2.8546
106.4472,0.7311,3.1436
106.4474,0.761,3.2725
106.4476,0.7848,3.3683
106.4478,0.7512,3.2317
106.4480,0.6999,3.0109
106.4482,0.7077,3.0444
106.4484,0.7487,3.2193
106.4486,0.6833,2.9425
106.4488,0.7172,3.0823
106.4490,0.7741,3.3302
106.4492,0.774,3.3328
106.4494,0.6014,2.591
106.4496,0.6128,2.634
106.4498,0.7343,3.1634
106.4500,0.6354,2.7372
106.4502,0.68,2.9253
106.4504,0.7006,3.0112
106.4506,0.7523,3.2333
106.4508,0.7658,3.29
106.4510,0.7836,3.3741
106.4512,0.6195,2.6715
106.4514,0.47,2.0305
106.4516,0.4199,1.8123
106.4518,0.5223,2.2532
106.4520,0.5397,2.3272
106.4522,0.5047,2.1792
106.4524,0.4662,2.0121
106.4526,0.4945,2.1342
106.4528,0.5417,2.3359
106.4530,0.553,2.3779
106.4532,0.6781,2.9197
106.4534,0.618,2.6623
106.4536,0.6626,2.8531
106.4538,0.6874,2.9559
106.4540,0.7017,3.0215
106.4542,0.6547,2.8177
106.4544,0.7489,3.2144
106.4546,0.8136,3.4885
106.4548,0.892,3.8248
106.4550,0.9729,4.1738
106.4552,0.9805,4.2062
106.4554,0.9302,3.9907
106.4556,0.9054,3.8824
106.4558,0.9505,4.0738
106.4560,0.9751,4.1811
106.4562,0.9544,4.0946
106.4564,0.9265,3.9691
106.4566,0.9682,4.1498
106.4568,1.0749,4.5965
106.4570,1.144,4.8941
106.4572,1.088,4.6611
106.4574,1.0351,4.4387
106.4576,1.0126,4.3339
106.4578,1.0008,4.3016
106.4580,0.8475,3.6408
106.4582,0.8736,3.7479
106.4584,0.9191,3.9465
106.4586,0.8459,3.6341
106.4588,0.8338,3.5788
106.4590,0.9392,4.0236
106.4592,0.9058,3.902
106.4594,0.6847,2.9495
106.4596,0.7042,3.0281
106.4598,0.7626,3.2807
106.4600,0.7447,3.2068
106.4602,0.6904,2.9715
106.4604,0.7495,3.2215
106.4606,0.7574,3.263
106.4608,0.6927,2.9841
106.4610,0.6956,2.9937
106.4612,0.7301,3.1424
106.4614,0.7212,3.1085
106.4616,0.6566,2.8286
106.4618,0.6933,2.9839
106.4620,0.7022,3.0235
106.4622,0.7237,3.1121
106.4624,0.7371,3.1782
106.4626,0.6333,2.7246
106.4628,0.6948,2.992
106.4630,0.6879,2.9621
106.4632,0.7041,3.0318
106.4634,0.6697,2.8863
106.4636,0.6409,2.7571
106.4638,0.6989,3.0096
106.4640,0.6935,2.985
106.4642,0.6414,2.7643
106.4644,0.5909,2.5467
106.4646,0.6356,2.7395
106.4648,0.6231,2.6858
106.4650,0.6164,2.6531
106.4652,0.6413,2.7625
106.4654,0.6939,2.9865
106.4656,0.6935,2.9863
106.4658,0.6755,2.9089
106.4660,0.6556,2.8219
106.4662,0.6737,2.9012
106.4664,0.7172,3.0895
106.4666,0.6889,2.9662
106.4668,0.6181,2.6653
106.4670,0.5558,2.3964
106.4672,0.597,2.5707
106.4674,0.6338,2.7305
106.4676,0.6231,2.687
106.4678,0.6191,2.6707
106.4680,0.589,2.5385
106.4682,0.5945,2.5587
106.4684,0.7064,3.043
106.4686,0.6311,2.7211
106.4688,0.5312,2.2915
106.4690,0.5112,2.2041
106.4692,0.5698,2.4569
106.4694,0.5478,2.3634
106.4696,0.5829,2.5063
106.4698,0.7019,3.0253
106.4700,0.612,2.6389
106.4702,0.5873,2.5277
106.4704,0.6642,2.8545
106.4706,0.7566,3.2519
106.4708,0.8136,3.495
106.4710,0.8372,3.5948
106.4712,0.8594,3.6901
106.4714,0.7948,3.4147
106.4716,0.7681,3.3075
106.4718,0.6916,2.9795
106.4720,0.6265,2.699
106.4722,0.5573,2.4043
106.4724,0.5583,2.4051
106.4726,0.5789,2.4962
106.4728,0.5288,2.2833
106.4730,0.5314,2.2915
106.4732,0.5536,2.386
106.4734,0.5464,2.3572
106.4736,0.5532,2.3878
106.4738,0.5532,2.3845
106.4740,0.5486,2.3643
106.4742,0.5531,2.3851
106.4744,0.5549,2.3928
106.4746,0.5566,2.4001
106.4748,0.5667,2.4423
106.4750,0.5644,2.4325
106.4752,0.5697,2.4541
106.4754,0.5693,2.4549
106.4756,0.5664,2.4413
106.4758,0.5654,2.4355
106.4760,0.5687,2.45
106.4762,0.6212,2.6762
106.4764,0.6378,2.7463
106.4766,0.6613,2.8422
106.4768,0.701,3.0155
106.4770,0.712,3.0602
106.4772,0.7952,3.4162
106.4774,0.7752,3.3302
106.4776,0.7928,3.4059
106.4778,0.7803,3.3617
106.4780,0.6759,2.9104
106.4782,0.654,2.8146
106.4784,0.6579,2.8317
106.4786,0.7044,3.0291
106.4788,0.8059,3.4588
106.4790,0.8463,3.6357
106.4792,0.8231,3.5346
106.4794,0.8747,3.763
106.4796,0.7294,3.1378
106.4798,0.7022,3.0249
106.4800,0.6484,2.7948
106.4802,0.6275,2.7006
106.4804,0.6549,2.8201
106.4806,0.6195,2.6665
106.4808,0.6568,2.8297
106.4810,0.6463,2.7855
106.4812,0.6164,2.6531
106.4814,0.6504,2.7992
106.4816,0.6776,2.919
106.4818,0.6785,2.9177
106.4820,0.7013,3.0129
106.4822,0.811,3.4793
106.4824,0.8893,3.8224
106.4826,0.8178,3.5131
106.4828,0.7996,3.4353
106.4830,0.8108,3.4832
106.4832,0.8386,3.6077
106.4834,0.7781,3.3457
106.4836,0.7529,3.2374
106.4838,0.7199,3.0985
106.4840,0.6901,2.9714
106.4842,0.6941,2.9889
106.4844,0.6903,2.9752
106.4846,0.6734,2.8956
106.4848,0.7644,3.2869
106.4850,0.7998,3.4422
106.4852,0.6856,2.9481
106.4854,0.73,3.1433
106.4856,0.6535,2.8165
106.4858,0.561,2.4192
106.4860,0.5284,2.2796
106.4862,0.5642,2.4315
106.4864,0.6419,2.7625
106.4866,0.6261,2.6999
106.4868,0.5996,2.5821
106.4870,0.6869,2.9538
106.4872,0.7442,3.2003
106.4874,0.7971,3.4245
106.4876,0.8439,3.6203
106.4878,0.9121,3.9093
106.4880,1.0568,4.5275
106.4882,1.0765,4.6053
106.4884,1.1405,4.8792
106.4886,1.0771,4.6122
106.4888,1.0067,4.3128
106.4890,1.0395,4.4489
106.4892,1.0644,4.5663
106.4894,1.0651,4.563
106.4896,1.0458,4.4823
106.4898,0.9865,4.2319
106.4900,0.9878,4.2277
106.4902,1.1018,4.7157
106.4904,1.1137,4.7643
106.4906,1.1389,4.8743
106.4908,1.121,4.8001
106.4910,1.1399,4.8812
106.4912,1.0679,4.5748
106.4914,1.0187,4.3703
106.4916,0.9044,3.8873
106.4918,0.8747,3.7577
106.4920,0.9016,3.8695
106.4922,0.9463,4.0672
106.4924,0.8974,3.8533
106.4926,0.9181,3.9405
106.4928,0.9389,4.0333
106.4930,0.8758,3.7676
106.4932,0.8037,3.4512
106.4934,0.8767,3.7682
106.4936,0.9,3.8664
106.4938,0.9489,4.0747
106.4940,0.9068,3.894
106.4942,0.9673,4.1515
106.4944,0.9549,4.0966
106.4946,0.9092,3.9061
106.4948,0.8953,3.8481
106.4950,0.9656,4.1424
106.4952,1.0363,4.4417
106.4954,1.013,4.3537
106.4956,0.8937,3.8427
106.4958,0.8754,3.7591
106.4960,0.8764,3.7702
106.4962,0.8248,3.5484
106.4964,0.8252,3.5466
106.4966,0.865,3.7229
106.4968,0.8018,3.4526
106.4970,0.7895,3.3947
106.4972,0.8283,3.5617
106.4974,0.8042,3.4597
106.4976,0.797,3.4287
106.4978,0.8085,3.4847
106.4980,0.7217,3.1077
106.4982,0.7034,3.0301
106.4984,0.724,3.1175
106.4986,0.7643,3.2848
106.4988,0.8343,3.5858
106.4990,0.817,3.5116
106.4992,0.826,3.5519
106.4994,0.7987,3.4375
106.4996,0.765,3.2971
106.4998,0.7275,3.1368
106.5000,0.7084,3.0518
106.5002,0.6613,2.8527
106.5004,0.6113,2.6383
106.5006,0.6378,2.7488
106.5008,0.6417,2.771
106.5010,0.521,2.2496
106.5012,0.5142,2.2201
106.5014,0.55,2.376
106.5016,0.5707,2.4633
106.5018,0.577,2.4891
106.5020,0.5657,2.4405
106.5022,0.5597,2.4157
106.5024,0.5604,2.4188
106.5026,0.561,2.4214
106.5028,0.5645,2.4319
106.5030,0.6413,2.7664
106.5032,0.5972,2.5777
106.5034,0.5639,2.4327
106.5036,0.5688,2.4539
106.5038,0.5681,2.4497
106.5040,0.5625,2.4243
106.5042,0.6519,2.8085
106.5044,0.655,2.8232
106.5046,0.6594,2.8392
106.5048,0.6823,2.9392
106.5050,0.6428,2.7705
106.5052,0.6621,2.8524
106.5054,0.6793,2.9276
106.5056,0.6704,2.8853
106.5058,0.66,2.8431
106.5060,0.65,2.8028
106.5062,0.6772,2.9094
106.5064,0.8205,3.5298
106.5066,0.7937,3.419
106.5068,0.691,2.9755
106.5070,0.6907,2.9712
106.5072,0.7486,3.2158
106.5074,0.813,3.4925
106.5076,0.8519,3.6616
106.5078,0.8142,3.5041
106.5080,0.7895,3.3931
106.5082,0.8336,3.5811
106.5084,0.8456,3.6359
106.5086,0.8102,3.4855
106.5088,0.7474,3.2137
106.5090,0.7396,3.1802
106.5092,0.7428,3.1956
106.5094,0.7631,3.2782
106.5096,0.8561,3.6762
106.5098,0.9113,3.9148
106.5100,0.8439,3.6287
106.5102,0.8102,3.4806
106.5104,0.8337,3.5849
106.5106,0.85,3.6499
106.5108,0.8524,3.6619
106.5110,0.8323,3.5771
106.5112,0.8329,3.5846
106.5114,0.8022,3.4477
106.5116,0.8419,3.6166
106.5118,0.8559,3.6769
106.5120,0.8947,3.8456
106.5122,0.8615,3.7011
106.5124,0.8523,3.6648
106.5126,0.8416,3.6173
106.5128,0.8713,3.7433
106.5130,0.9041,3.8876
106.5132,0.8306,3.5765
106.5134,0.76,3.2724
106.5136,0.7466,3.2121
106.5138,0.7695,3.3091
106.5140,0.8127,3.4947
106.5142,0.827,3.5593
106.5144,0.8365,3.5968
106.5146,0.8692,3.734
106.5148,0.8455,3.6337
106.5150,0.8393,3.6091
106.5152,0.835,3.5956
106.5154,0.7086,3.0514
106.5156,0.6806,2.9306
106.5158,0.7061,3.0462
106.5160,0.6419,2.7689
106.5162,0.6602,2.8428
106.5164,0.7246,3.1172
106.5166,0.774,3.3297
106.5168,0.7097,3.0631
106.5170,0.5282,2.2849
106.5172,0.4192,1.8126
106.5174,0.4108,1.7763
106.5176,0.4114,1.7797
106.5178,0.4138,1.7909
106.5180,0.4067,1.7586
106.5182,0.4157,1.7959
106.5184,0.4428,1.9129
106.5186,0.4428,1.9147
106.5188,0.4163,1.7993
106.5190,0.4198,1.8135
106.5192,0.4689,2.0259
106.5194,0.509,2.1978
106.5196,0.5806,2.5
106.5198,0.6859,2.9492
106.5200,0.7784,3.3488
106.5202,0.7077,3.0473
106.5204,0.7239,3.1126
106.5206,0.759,3.2637
106.5208,0.7233,3.1129
106.5210,0.7776,3.3436
106.5212,0.8694,3.7333
106.5214,0.8516,3.66
106.5216,0.842,3.6087
106.5218,0.9895,4.2428
106.5220,1.0041,4.3035
106.5222,0.9947,4.2654
106.5224,0.996,4.275
106.5226,0.9927,4.2587
106.5228,0.9884,4.2382
106.5230,0.9951,4.265
106.5232,1.0122,4.3465
106.5234,0.9499,4.0731
106.5236,1.0579,4.53
106.5238,1.08,4.6267
106.5240,1.1142,4.7708
106.5242,1.1269,4.8252
106.5244,1.1012,4.7286
106.5246,0.9368,4.0227
106.5248,0.9444,4.0532
106.5250,0.9356,4.0119
106.5252,0.9685,4.1489
106.5254,0.9849,4.2252
106.5256,1.0001,4.2965
106.5258,0.9542,4.1012
106.5260,0.8133,3.5054
106.5262,0.6884,2.9614
106.5264,0.7823,3.3668
106.5266,0.789,3.3926
106.5268,0.8197,3.5246
106.5270,0.7829,3.3679
106.5272,0.818,3.5157
106.5274,0.8284,3.5639
106.5276,0.8168,3.5138
106.5278,0.8246,3.5441
106.5280,0.8345,3.5919
106.5282,0.8,3.4432
106.5284,0.8052,3.4622
106.5286,0.8496,3.6552
106.5288,0.823,3.5423
106.5290,0.8152,3.5039
106.5292,0.8434,3.63
106.5294,0.8042,3.4581
106.5296,0.8278,3.558
106.5298,0.8673,3.7293
106.5300,0.8797,3.7811
106.5302,0.8446,3.6301
106.5304,0.8458,3.6404
106.5306,0.8088,3.4793
106.5308,0.8518,3.6611
106.5310,0.8548,3.6739
106.5312,0.8771,3.7645
106.5314,0.9377,4.0282
106.5316,0.8781,3.7757
106.5318,0.8705,3.7467
106.5320,0.7809,3.369
106.5322,0.6937,2.991
106.5324,0.7041,3.0332
106.5326,0.6911,2.9802
106.5328,0.6446,2.777
106.5330,0.6423,2.771
106.5332,0.6223,2.6846
106.5334,0.671,2.892
106.5336,0.671,2.892
106.5338,0.6506,2.8093
106.5340,0.5968,2.5745
106.5342,0.5512,2.3812
106.5344,0.5072,2.1921
106.5346,0.5107,2.2051
106.5348,0.5332,2.3035
106.5350,0.5201,2.246
106.5352,0.5282,2.2828
106.5354,0.5249,2.2678
106.5356,0.5056,2.1864
106.5358,0.4472,1.933
106.5360,0.4767,2.0595
106.5362,0.5225,2.2543
106.5364,0.5731,2.4737
106.5366,0.5806,2.5035
106.5368,0.5765,2.487
106.5370,0.5716,2.467
106.5372,0.529,2.2854
106.5374,0.4845,2.0903
106.5376,0.5221,2.2543
106.5378,0.4839,2.0896
106.5380,0.46,1.9861
106.5382,0.4667,2.0169
106.5384,0.4638,2.0045
106.5386,0.4698,2.0304
106.5388,0.464,2.0055
106.5390,0.4637,2.0031
106.5392,0.4648,2.0068
106.5394,0.4637,2.004
106.5396,0.4622,1.9959
106.5398,0.4616,1.9933
106.5400,0.4817,2.0779
106.5402,0.5518,2.3805
106.5404,0.5735,2.4764
106.5406,0.5036,2.1745
106.5408,0.496,2.1409
106.5410,0.5338,2.305
106.5412,0.471,2.0328
106.5414,0.4636,2.0016
106.5416,0.4662,2.0139
106.5418,0.4753,2.0533
106.5420,0.4595,1.9831
106.5422,0.5107,2.2051
106.5424,0.507,2.1901
106.5426,0.4728,2.0424
106.5428,0.4496,1.9416
106.5430,0.4695,2.0266
106.5432,0.4712,2.0338
106.5434,0.5073,2.1876
106.5436,0.5482,2.3617
106.5438,0.5914,2.5464
106.5440,0.6598,2.8413
106.5442,0.6984,3.0075
106.5444,0.6787,2.9196
106.5446,0.665,2.8608
106.5448,0.6385,2.7494
106.5450,0.5725,2.4677
106.5452,0.5614,2.4185
106.5454,0.5796,2.4982
106.5456,0.6018,2.5926
106.5458,0.6518,2.8054
106.5460,0.7031,3.0206
106.5462,0.7873,3.3822
106.5464,0.7938,3.4196
106.5466,0.6398,2.7576
106.5468,0.556,2.3986
106.5470,0.591,2.5437
106.5472,0.6727,2.8938
106.5474,0.7062,3.0382
106.5476,0.695,2.9939
106.5478,0.6137,2.6425
106.5480,0.6217,2.6746
106.5482,0.6842,2.9447
106.5484,0.6935,2.985
106.5486,0.7347,3.159
106.5488,0.7253,3.1217
106.5490,0.699,3.0101
106.5492,0.715,3.0759
106.5494,0.7074,3.0434
106.5496,0.6691,2.881
106.5498,0.6434,2.7679
106.5500,0.6517,2.8061
106.5502,0.6498,2.8018
106.5504,0.615,2.6506
106.5506,0.5836,2.514
106.5508,0.6018,2.5926
106.5510,0.5678,2.4447
106.5512,0.6219,2.6831
106.5514,0.488,2.1082
106.5516,0.4255,1.8375
106.5518,0.4367,1.8848
106.5520,0.4251,1.8371
106.5522,0.4338,1.8715
106.5524,0.4893,2.111
106.5526,0.5054,2.1752
106.5528,0.6053,2.6039
106.5530,0.7414,3.1864
106.5532,0.724,3.1131
106.5534,0.6654,2.869
106.5536,0.6231,2.6808
106.5538,0.6989,3.0068
106.5540,0.6939,2.9823
106.5542,0.7628,3.2802
106.5544,0.7905,3.393
106.5546,0.8345,3.5752
106.5548,0.965,4.1321
106.5550,0.9466,4.063
106.5552,0.8348,3.5879
106.5554,0.7619,3.2776
106.5556,0.755,3.2467
106.5558,0.7459,3.206
106.5560,0.7466,3.2106
106.5562,0.7228,3.1051
106.5564,0.8014,3.4382
106.5566,0.8344,3.5847
106.5568,0.8229,3.5319
106.5570,0.9186,3.9352
106.5572,0.9874,4.2321
106.5574,1.0064,4.3133
106.5576,1.0054,4.3132
106.5578,0.8606,3.6952
106.5580,0.8367,3.5961
106.5582,0.8313,3.5713
106.5584,0.8296,3.5624
106.5586,0.8306,3.5715
106.5588,0.8288,3.5605
106.5590,0.8313,3.5696
106.5592,0.7923,3.4054
106.5594,0.786,3.3781
106.5596,0.82,3.5212
106.5598,0.8841,3.7961
106.5600,0.8715,3.7421
106.5602,0.8862,3.8054
106.5604,0.9014,3.8654
106.5606,0.9329,4.0057
106.5608,0.8566,3.6765
106.5610,0.8301,3.5645
106.5612,0.8119,3.4829
106.5614,0.8472,3.6449
106.5616,0.8291,3.562
106.5618,0.8743,3.7544
106.5620,0.8695,3.7356
106.5622,0.8223,3.5359
106.5624,0.839,3.6059
106.5626,0.8008,3.4372
106.5628,0.8504,3.6532
106.5630,0.8311,3.5769
106.5632,0.7765,3.339
106.5634,0.7759,3.3379
106.5636,0.7805,3.356
106.5638,0.8223,3.531
106.5640,0.8157,3.5076
106.5642,0.7378,3.1724
106.5644,0.7598,3.2673
106.5646,0.7927,3.407
106.5648,0.8236,3.5399
106.5650,0.7966,3.4256
106.5652,0.7812,3.3591
106.5654,0.816,3.5053
106.5656,0.8632,3.7083
106.5658,0.8615,3.6994
106.5660,0.8493,3.6587
106.5662,0.747,3.2151
106.5664,0.7393,3.1851
106.5666,0.6969,3.0008
106.5668,0.6391,2.7558
106.5670,0.6172,2.6587
106.5672,0.6861,2.9584
106.5674,0.635,2.7356
106.5676,0.6209,2.6772
106.5678,0.6225,2.6844
106.5680,0.6429,2.771
106.5682,0.668,2.8764
106.5684,0.68,2.9321
106.5686,0.6083,2.6229
106.5688,0.5954,2.5664
106.5690,0.5951,2.5636
106.5692,0.6182,2.6609
106.5694,0.6387,2.7504
106.5696,0.7137,3.0717
106.5698,0.7646,3.2879
106.5700,0.7903,3.3967
106.5702,0.6898,2.9772
106.5704,0.5335,2.3024
106.5706,0.5582,2.4068
106.5708,0.5425,2.3401
106.5710,0.5441,2.3495
106.5712,0.5168,2.2315
106.5714,0.542,2.3391
106.5716,0.5276,2.276
106.5718,0.533,2.3014
106.5720,0.5201,2.2439
106.5722,0.5192,2.2387
106.5724,0.5197,2.2429
106.5726,0.5206,2.247
106.5728,0.5482,2.3595
106.5730,0.7124,3.0646
106.5732,0.7245,3.1195
106.5734,0.6362,2.7459
106.5736,0.5239,2.2599
106.5738,0.5138,2.2144
106.5740,0.5489,2.3681
106.5742,0.536,2.3101
106.5744,0.5914,2.55
106.5746,0.6029,2.596
106.5748,0.6438,2.7721
106.5750,0.6174,2.661
106.5752,0.5297,2.2864
106.5754,0.5136,2.2155
106.5756,0.5138,2.2165
106.5758,0.5145,2.2186
106.5760,0.5142,2.217
106.5762,0.5886,2.5346
106.5764,0.6636,2.8612
106.5766,0.6055,2.6074
106.5768,0.6482,2.7925
106.5770,0.6197,2.6671
106.5772,0.6755,2.9035
106.5774,0.7466,3.2121
106.5776,0.6821,2.9373
106.5778,0.688,2.9626
106.5780,0.6848,2.9418
106.5782,0.7673,3.2977
106.5784,0.7945,3.4179
106.5786,0.7377,3.1719
106.5788,0.6777,2.9168
106.5790,0.6572,2.8286
106.5792,0.654,2.8133
106.5794,0.7246,3.1128
106.5796,0.8359,3.5942
106.5798,0.7279,3.1316
106.5800,0.67,2.8825
106.5802,0.6573,2.8291
106.5804,0.6562,2.8271
106.5806,0.6559,2.8255
106.5808,0.699,3.0045
106.5810,0.6981,3.0074
106.5812,0.5947,2.5609
106.5814,0.5892,2.5419
106.5816,0.5733,2.4708
106.5818,0.5717,2.4629
106.5820,0.6029,2.5996
106.5822,0.5471,2.3603
106.5824,0.4794,2.0709
106.5826,0.4215,1.8199
106.5828,0.4778,2.0632
106.5830,0.4717,2.0378
106.5832,0.4017,1.7361
106.5834,0.3896,1.6822
106.5836,0.3892,1.6791
106.5838,0.4406,1.901
106.5840,0.5307,2.2884
106.5842,0.5556,2.397
106.5844,0.4776,2.0622
106.5846,0.4132,1.7858
106.5848,0.3983,1.7208
106.5850,0.4096,1.7686
106.5852,0.3915,1.6897
106.5854,0.4032,1.7404
106.5856,0.451,1.9464
106.5858,0.5254,2.2604
106.5860,0.613,2.6394
106.5862,0.6074,2.6181
106.5864,0.6092,2.6197
106.5866,0.6963,2.9913
106.5868,0.7427,3.1891
106.5870,0.8217,3.5251
106.5872,0.8664,3.717
106.5874,0.8143,3.4981
106.5876,0.8445,3.6246
106.5878,0.879,3.771
106.5880,0.8896,3.8127
106.5882,0.9841,4.2177
106.5884,0.9703,4.1547
106.5886,0.9654,4.1298
106.5888,0.9946,4.2609
106.5890,0.9693,4.1525
106.5892,0.9729,4.166
106.5894,1.0004,4.2896
106.5896,0.9855,4.2179
106.5898,1.0862,4.6425
106.5900,1.1327,4.8459
106.5902,1.0823,4.6299
106.5904,1.0421,4.4643
106.5906,1.0529,4.5042
106.5908,1.1391,4.8731
106.5910,1.1059,4.7464
106.5912,0.9452,4.0512
106.5914,0.9848,4.2247
106.5916,0.9672,4.1413
106.5918,1.0378,4.4458
106.5920,1.0607,4.5439
106.5922,1.0349,4.4397
106.5924,1.0174,4.3605
106.5926,1.0181,4.3677
106.5928,0.9452,4.0587
106.5930,0.8541,3.6708
106.5932,0.8019,3.4451
106.5934,0.856,3.6808
106.5936,0.8202,3.5266
106.5938,0.801,3.4474
106.5940,0.7212,3.1042
106.5942,0.7128,3.0666
106.5944,0.7179,3.0854
106.5946,0.7707,3.3188
106.5948,0.7419,3.1929
106.5950,0.7971,3.4292
106.5952,0.7947,3.4157
106.5954,0.8282,3.5612
106.5956,0.8113,3.4869
106.5958,0.7661,3.2972
106.5960,0.7765,3.3359
106.5962,0.8761,3.7622
106.5964,0.8963,3.8522
106.5966,0.8193,3.523
106.5968,0.7715,3.3189
106.5970,0.8234,3.5389
106.5972,0.8805,3.7772
106.5974,0.9312,3.9985
106.5976,0.841,3.6248
106.5978,0.6465,2.7917
106.5980,0.5909,2.5479
106.5982,0.6044,2.6051
106.5984,0.6083,2.6217
106.5986,0.6675,2.873
106.5988,0.7037,3.033
106.5990,0.5989,2.5838
106.5992,0.5586,2.4122
106.5994,0.4964,2.1455
106.5996,0.4897,2.1155
106.5998,0.4844,2.0917
106.6000,0.5404,2.3313
106.6002,0.5775,2.4923
106.6004,0.4895,2.1115
106.6006,0.5235,2.2563
106.6008,0.5481,2.3655
106.6010,0.489,2.1114
106.6012,0.5307,2.2894
106.6014,0.5838,2.5174
106.6016,0.5725,2.4745
106.6018,0.4519,1.9541
106.6020,0.4072,1.7591
106.6022,0.4215,1.8199
106.6024,0.4866,2.101
106.6026,0.4736,2.0432
106.6028,0.4586,1.9813
106.6030,0.4494,1.9414
106.6032,0.4534,1.9567
106.6034,0.4984,2.1533
106.6036,0.47,2.0305
106.6038,0.4819,2.0799
106.6040,0.4456,1.9248
106.6042,0.4362,1.8853
106.6044,0.4546,1.9619
106.6046,0.4571,1.9727
106.6048,0.4639,2.0022
106.6050,0.4607,1.992
106.6052,0.4378,1.8903
106.6054,0.4295,1.8546
106.6056,0.4377,1.8889
106.6058,0.4463,1.9244
106.6060,0.4718,2.0364
106.6062,0.4582,1.9765
106.6064,0.5068,2.1824
106.6066,0.5731,2.4714
106.6068,0.5862,2.5278
106.6070,0.5856,2.5228
106.6072,0.5812,2.5026
106.6074,0.58,2.4986
106.6076,0.5996,2.5821
106.6078,0.63,2.7114
106.6080,0.5529,2.3851
106.6082,0.5255,2.2661
106.6084,0.5287,2.2775
106.6086,0.551,2.3758
106.6088,0.557,2.3971
106.6090,0.607,2.6124
106.6092,0.6164,2.6531
106.6094,0.6506,2.7989
106.6096,0.7031,3.0206
106.6098,0.7795,3.3487
106.6100,0.8079,3.4676
106.6102,0.892,3.8266
106.6104,0.8982,3.8515
106.6106,0.9116,3.9109
106.6108,0.8757,3.7601
106.6110,0.8779,3.7611
106.6112,0.9037,3.886
106.6114,0.7574,3.2585
106.6116,0.7172,3.0823
106.6118,0.7138,3.0736
106.6120,0.643,2.769
106.6122,0.6037,2.6008
106.6124,0.586,2.522
106.6126,0.6137,2.6425
106.6128,0.6245,2.6877
106.6130,0.6265,2.699
106.6132,0.6062,2.6105
106.6134,0.6471,2.7865
106.6136,0.6324,2.7243
106.6138,0.5698,2.4524
106.6140,0.6223,2.6809
106.6142,0.5836,2.5164
106.6144,0.5907,2.5422
106.6146,0.6423,2.7646
106.6148,0.6393,2.7555
106.6150,0.6206,2.6724
106.6152,0.6788,2.9188
106.6154,0.7216,3.0999
106.6156,0.7507,3.2341
106.6158,0.6294,2.7101
106.6160,0.6263,2.6954
106.6162,0.6175,2.659
106.6164,0.6194,2.6722
106.6166,0.5433,2.3416
106.6168,0.5413,2.3306
106.6170,0.5329,2.2977
106.6172,0.5377,2.3194
106.6174,0.529,2.278
106.6176,0.6035,2.5974
106.6178,0.5853,2.5213
106.6180,0.5423,2.3396
106.6182,0.5169,2.2299
106.6184,0.5022,2.1643
106.6186,0.552,2.3804
106.6188,0.583,2.5103
106.6190,0.6048,2.6018
106.6192,0.6603,2.8407
106.6194,0.6904,2.9688
106.6196,0.7778,3.3369
106.6198,0.8698,3.7314
106.6200,0.85,3.6516
106.6202,0.8372,3.5915
106.6204,0.8963,3.8433
106.6206,0.8972,3.8492
106.6208,0.9395,4.0227
106.6210,1.0241,4.3893
106.6212,0.9893,4.2363
106.6214,1.0048,4.3046
106.6216,1.0002,4.2871
106.6218,0.9963,4.2701
106.6220,0.9787,4.1926
106.6222,0.9898,4.2404
106.6224,1,4.278
106.6226,1.0807,4.6276
106.6228,1.0371,4.4428
106.6230,1.0439,4.4679
106.6232,1.1243,4.801
106.6234,0.9967,4.2736
106.6236,0.9704,4.1572
106.6238,1.006,4.3117
106.6240,1.001,4.2941
106.6242,0.9349,4.0145
106.6244,0.9302,3.9925
106.6246,0.9186,3.9408
106.6248,0.923,3.9616
106.6250,0.8902,3.8224
106.6252,0.8759,3.7576
106.6254,0.913,3.9129
106.6256,1.0072,4.3249
106.6258,0.9176,3.9385
106.6260,0.93,3.9896
106.6262,0.9443,4.0546
106.6264,0.9319,3.9979
106.6266,0.9145,3.9233
106.6268,0.9372,4.0186
106.6270,1.0055,4.3097
106.6272,0.9536,4.0986
106.6274,0.8368,3.5983
106.6276,0.8832,3.7943
106.6278,0.8911,3.8247
106.6280,0.8856,3.8064
106.6282,0.8616,3.7016
106.6284,0.8383,3.6011
106.6286,0.8414,3.6162
106.6288,0.8914,3.8293
106.6290,0.9519,4.0819
106.6292,1.0066,4.3143
106.6294,1.0235,4.3908
106.6296,1.0204,4.3734
106.6298,1.0354,4.4397
106.6300,0.9972,4.2842
106.6302,0.8753,3.7638
106.6304,0.8886,3.821
106.6306,0.8765,3.769
106.6308,0.7911,3.4035
106.6310,0.8387,3.6015
106.6312,0.9332,4.0054
106.6314,0.941,4.0369
106.6316,0.903,3.8811
106.6318,0.8699,3.7424
106.6320,0.8826,3.7917
106.6322,0.9088,3.904
106.6324,0.8999,3.8749
106.6326,0.7827,3.3689
106.6328,0.7727,3.3256
106.6330,0.7511,3.2357
106.6332,0.6741,2.9067
106.6334,0.6012,2.5936
106.6336,0.6101,2.6319
106.6338,0.6886,2.9665
106.6340,0.6923,2.9812
106.6342,0.6764,2.9139
106.6344,0.6397,2.7584
106.6346,0.6651,2.8693
106.6348,0.6242,2.6917
106.6350,0.6318,2.723
106.6352,0.7031,3.0262
106.6354,0.7353,3.1719
106.6356,0.6094,2.63
106.6358,0.5701,2.4608
106.6360,0.5608,2.4181
106.6362,0.5616,2.4229
106.6364,0.5783,2.4971
106.6366,0.5469,2.3636
106.6368,0.492,2.1243
106.6370,0.4869,2.1045
106.6372,0.4924,2.1264
106.6374,0.546,2.3567
106.6376,0.5399,2.3293
106.6378,0.532,2.2973
106.6380,0.529,2.2843
106.6382,0.5249,2.2657
106.6384,0.5283,2.2791
106.6386,0.6267,2.7
106.6388,0.6877,2.9693
106.6390,0.552,2.3815
106.6392,0.5343,2.306
106.6394,0.5297,2.2864
106.6396,0.5263,2.2714
106.6398,0.5271,2.275
106.6400,0.5295,2.2843
106.6402,0.5285,2.2822
106.6404,0.5359,2.3106
106.6406,0.5576,2.402
106.6408,0.5797,2.501
106.6410,0.5621,2.4238
106.6412,0.5601,2.4162
106.6414,0.5355,2.3101
106.6416,0.557,2.3994
106.6418,0.6884,2.96
106.6420,0.7963,3.4256
106.6422,0.7271,3.1338
106.6424,0.6339,2.731
106.6426,0.6282,2.7037
106.6428,0.6915,2.9734
106.6430,0.727,3.1275
106.6432,0.7537,3.244
106.6434,0.7516,3.2317
106.6436,0.7776,3.3421
106.6438,0.7495,3.2245
106.6440,0.6972,3.0051
106.6442,0.6317,2.7225
106.6444,0.6157,2.6525
106.6446,0.6114,2.6339
106.6448,0.6173,2.658
106.6450,0.7265,3.1254
106.6452,0.7681,3.3106
106.6454,0.6519,2.8085
106.6456,0.6211,2.6745
106.6458,0.6734,2.8956
106.6460,0.7236,3.113
106.6462,0.727,3.1318
106.6464,0.7291,3.1382
106.6466,0.7378,3.1724
106.6468,0.7793,3.3477
106.6470,0.8407,3.6064
106.6472,0.8541,3.6743
106.6474,0.7751,3.3312
106.6476,0.7096,3.0541
106.6478,0.6484,2.7935
106.6480,0.6477,2.7878
106.6482,0.7393,3.1806
106.6484,0.7656,3.2921
106.6486,0.7556,3.2508
106.6488,0.7302,3.1443
106.6490,0.693,2.9815
106.6492,0.7004,3.0116
106.6494,0.7142,3.0751
106.6496,0.6451,2.7803
106.6498,0.6482,2.7925
106.6500,0.657,2.8328
106.6502,0.5387,2.3295
106.6504,0.4183,1.8081
106.6506,0.4079,1.763
106.6508,0.4058,1.7513
106.6510,0.4634,2.0011
106.6512,0.4405,1.904
106.6514,0.4357,1.8806
106.6516,0.4954,2.1354
106.6518,0.6471,2.7839
106.6520,0.7247,3.122
106.6522,0.6311,2.7136
106.6524,0.6905,2.9651
106.6526,0.779,3.3467
106.6528,0.8385,3.6022
106.6530,0.8167,3.5117
106.6532,0.7522,3.2328
106.6534,0.7701,3.3101
106.6536,0.8055,3.4589
106.6538,0.9109,3.906
106.6540,0.9579,4.1037
106.6542,0.9902,4.2439
106.6544,0.9734,4.1758
106.6546,0.9692,4.1578
106.6548,0.947,4.0627
106.6550,0.9552,4.0957
106.6552,1.0299,4.4037
106.6554,1.1272,4.8245
106.6556,1.0644,4.5577
106.6558,1.0083,4.3215
106.6560,1.0351,4.4366
106.6562,1.057,4.5323
106.6564,0.96,4.1201
106.6566,0.8736,3.7548
106.6568,0.8313,3.5729
106.6570,0.8282,3.5579
106.6572,0.8258,3.5476
106.6574,0.8206,3.5303
106.6576,0.8095,3.4791
106.6578,0.78,3.357
106.6580,0.7421,3.191
106.6582,0.8278,3.558
106.6584,0.8531,3.6667
106.6586,0.835,3.5889
106.6588,0.8416,3.6173
106.6590,0.8656,3.7151
106.6592,0.9444,4.0532
106.6594,0.8937,3.8445
106.6596,0.7988,3.4333
106.6598,0.7895,3.3978
106.6600,0.7493,3.2294
106.6602,0.6672,2.8741
106.6604,0.6807,2.9352
106.6606,0.6813,2.935
106.6608,0.7049,3.0354
106.6610,0.7644,3.293
106.6612,0.7248,3.1225
106.6614,0.7041,3.0276
106.6616,0.7488,3.2169
106.6618,0.7524,3.2398
106.6620,0.6622,2.8595
106.6622,0.594,2.5626
106.6624,0.6017,2.5908
106.6626,0.6813,2.9337
106.6628,0.6779,2.9206
106.6630,0.7092,3.054
106.6632,0.7375,3.1729
106.6634,0.7483,3.2208
106.6636,0.703,3.0271
106.6638,0.7558,3.2513
106.6640,0.7709,3.3209
106.6642,0.6489,2.7995
106.6644,0.5899,2.5461
106.6646,0.5522,2.3809
106.6648,0.5685,2.4535
106.6650,0.521,2.2496
106.6652,0.4968,2.144
106.6654,0.4797,2.0696
106.6656,0.5396,2.3277
106.6658,0.5893,2.5424
106.6660,0.5988,2.5808
106.6662,0.6314,2.7214
106.6664,0.6174,2.6634
106.6666,0.5421,2.3386
106.6668,0.5692,2.4532
106.6670,0.6219,2.6818
106.6672,0.5895,2.5417
106.6674,0.5447,2.351
106.6676,0.538,2.321
106.6678,0.5454,2.3509
106.6680,0.5725,2.47
106.6682,0.5604,2.4166
106.6684,0.5661,2.4409
106.6686,0.5411,2.3334
106.6688,0.5663,2.4419
106.6690,0.615,2.6506
106.6692,0.621,2.6789
106.6694,0.6067,2.6198
106.6696,0.4941,2.1336
106.6698,0.4602,1.9862
106.6700,0.4588,1.9827
106.6702,0.468,2.0198
106.6704,0.4673,2.0186
106.6706,0.4564,1.9706
106.6708,0.4561,1.9686
106.6710,0.5174,2.232
106.6712,0.5047,2.1772
106.6714,0.5098,2.1994
106.6716,0.5552,2.3927
106.6718,0.6006,2.5874
106.6720,0.6091,2.6253
106.6722,0.5365,2.3153
106.6724,0.4566,1.9725
106.6726,0.46,1.9852
106.6728,0.5131,2.2103
106.6730,0.6362,2.737
106.6732,0.6272,2.7021
106.6734,0.5448,2.3505
106.6736,0.4655,2.008
106.6738,0.456,1.9672
106.6740,0.4601,1.9875
106.6742,0.4723,2.0385
106.6744,0.5301,2.2847
106.6746,0.5411,2.3301
106.6748,0.5908,2.545
106.6750,0.6019,2.5919
106.6752,0.6687,2.8808
106.6754,0.5908,2.545
106.6756,0.5526,2.3819
106.6758,0.565,2.4351
106.6760,0.6206,2.6724
106.6762,0.6622,2.8489
106.6764,0.6656,2.862
106.6766,0.6728,2.8943
106.6768,0.7139,3.067
106.6770,0.776,3.3338
106.6772,0.7401,3.1807
106.6774,0.7132,3.0696
106.6776,0.7046,3.0338
106.6778,0.632,2.724
106.6780,0.5441,2.3452
106.6782,0.5621,2.4216
106.6784,0.591,2.5461
106.6786,0.5601,2.4117
106.6788,0.5657,2.4382
106.6790,0.5656,2.4377
106.6792,0.5892,2.5395
106.6794,0.5661,2.4375
106.6796,0.5631,2.4268
106.6798,0.5701,2.4562
106.6800,0.585,2.5179
106.6802,0.6074,2.6144
106.6804,0.6462,2.785
106.6806,0.5769,2.4828
106.6808,0.6108,2.6325
106.6810,0.576,2.485
106.6812,0.5058,2.1818
106.6814,0.413,1.784
106.6816,0.3866,1.6692
106.6818,0.391,1.6884
106.6820,0.4397,1.8959
106.6822,0.4891,2.108
106.6824,0.4406,1.9036
106.6826,0.3902,1.6871
106.6828,0.3892,1.6791
106.6830,0.4279,1.8496
106.6832,0.3832,1.6563
106.6834,0.3727,1.6084
106.6836,0.3903,1.6837
106.6838,0.3998,1.7262
106.6840,0.3971,1.7156
106.6842,0.3939,1.7
106.6844,0.38,1.6415
106.6846,0.3968,1.7124
106.6848,0.4504,1.9411
106.6850,0.5496,2.3646
106.6852,0.5706,2.4583
106.6854,0.5421,2.331
106.6856,0.7221,3.1006
106.6858,0.7416,3.186
106.6860,0.7354,3.1548
106.6862,0.826,3.5453
106.6864,0.815,3.4996
106.6866,0.7929,3.4017
106.6868,0.8246,3.5358
106.6870,0.8684,3.7235
106.6872,0.8963,3.8379
106.6874,0.9741,4.1692
106.6876,0.9835,4.2151
106.6878,0.9299,3.9873
106.6880,0.9733,4.1675
106.6882,0.9916,4.2441
106.6884,1.0156,4.3427
106.6886,1.1013,4.7137
106.6888,1.0494,4.4915
106.6890,1.0345,4.4258
106.6892,1.0583,4.5337
106.6894,1.0402,4.4561
106.6896,1.0289,4.4078
106.6898,0.9526,4.0868
106.6900,0.9324,3.9999
106.6902,0.9321,3.9952
106.6904,0.9127,3.9082
106.6906,0.9697,4.1676
106.6908,0.8694,3.7368
106.6910,0.8367,3.5928
106.6912,0.8433,3.6211
106.6914,0.8766,3.7625
106.6916,0.8919,3.8296
106.6918,0.8444,3.6257
106.6920,0.8016,3.4387
106.6922,0.8403,3.6099
106.6924,0.8613,3.6966
106.6926,0.891,3.8189
106.6928,0.8767,3.7665
106.6930,0.8532,3.6621
106.6932,0.861,3.6973
106.6934,0.8205,3.5233
106.6936,0.8419,3.6166
106.6938,0.8582,3.6867
106.6940,0.8446,3.6301
106.6942,0.7956,3.4178
106.6944,0.8259,3.5497
106.6946,0.8398,3.6062
106.6948,0.8465,3.6299
106.6950,0.8654,3.7141
106.6952,0.8962,3.8428
106.6954,0.9194,3.9425
106.6956,0.9536,4.0891
106.6958,0.9245,3.9715
106.6960,0.8285,3.5611
106.6962,0.814,3.4955
106.6964,0.8146,3.4997
106.6966,0.8144,3.5068
106.6968,0.6942,2.988
106.6970,0.718,3.0845
106.6972,0.8213,3.5334
106.6974,0.7866,3.3807
106.6976,0.786,3.3797
106.6978,0.7132,3.0696
106.6980,0.703,3.0229
106.6982,0.7559,3.2503
106.6984,0.7508,3.2301
106.6986,0.7272,3.13
106.6988,0.6386,2.755
106.6990,0.5731,2.4725
106.6992,0.5513,2.3817
106.6994,0.4718,2.0373
106.6996,0.4689,2.024
106.6998,0.4757,2.053
106.7000,0.5083,2.1927
106.7002,0.5426,2.3428
106.7004,0.559,2.4126
106.7006,0.5209,2.246
106.7008,0.5263,2.2724
106.7010,0.5373,2.3179
106.7012,0.5289,2.2806
106.7014,0.5927,2.5521
106.7016,0.6207,2.6754
106.7018,0.6036,2.6039
106.7020,0.5359,2.3095
106.7022,0.5724,2.4706
106.7024,0.5187,2.2387
106.7026,0.5121,2.2082
106.7028,0.5245,2.2615
106.7030,0.5228,2.2553
106.7032,0.5146,2.2212
106.7034,0.513,2.2119
106.7036,0.5137,2.216
106.7038,0.5242,2.2615
106.7040,0.5223,2.2532
106.7042,0.512,2.2087
106.7044,0.5089,2.1953
106.7046,0.5137,2.2129
106.7048,0.6223,2.6759
106.7050,0.7236,3.1101
106.7052,0.664,2.8633
106.7054,0.5747,2.4758
106.7056,0.6369,2.7414
106.7058,0.6577,2.8306
106.7060,0.6487,2.7932
106.7062,0.6465,2.7839
106.7064,0.6681,2.8729
106.7066,0.6742,2.9005
106.7068,0.6877,2.961
106.7070,0.6541,2.8139
106.7072,0.7072,3.0424
106.7074,0.7454,3.2024
106.7076,0.7447,3.2023
106.7078,0.735,3.1606
106.7080,0.7934,3.4037
106.7082,0.8606,3.6918
106.7084,0.8288,3.5571
106.7086,0.8356,3.5865
106.7088,0.8596,3.6911
106.7090,0.8475,3.6391
106.7092,0.7741,3.3302
106.7094,0.7,3.01
106.7096,0.7546,3.2431
106.7098,0.8142,3.4927
106.7100,0.8878,3.8068
106.7102,0.8976,3.8525
106.7104,0.8411,3.6219
106.7106,0.7254,3.1251
106.7108,0.6553,2.8177
106.7110,0.7337,3.1534
106.7112,0.8098,3.4758
106.7114,0.8727,3.7403
106.7116,0.9371,4.02
106.7118,0.9151,3.9295
106.7120,0.8968,3.8489
106.7122,0.8969,3.8548
106.7124,0.7821,3.3616
106.7126,0.8042,3.4532
106.7128,0.8204,3.5277
106.7130,0.795,3.4168
106.7132,0.767,3.2982
106.7134,0.6773,2.9166
106.7136,0.6002,2.5883
106.7138,0.6007,2.5867
106.7140,0.7136,3.0669
106.7142,0.7507,3.2311
106.7144,0.6314,2.7214
106.7146,0.5733,2.4673
106.7148,0.6831,2.9387
106.7150,0.7699,3.3091
106.7152,0.7416,3.1963
106.7154,0.5921,2.5519
106.7156,0.542,2.3413
106.7158,0.4505,1.947
106.7160,0.4215,1.8207
106.7162,0.4179,1.8044
106.7164,0.4106,1.7711
106.7166,0.4699,2.03
106.7168,0.4273,1.847
106.7170,0.418,1.8065
106.7172,0.4197,1.8138
106.7174,0.4131,1.7836
106.7176,0.4309,1.8608
106.7178,0.4429,1.9126
106.7180,0.506,2.1788
106.7182,0.5884,2.5335
106.7184,0.6038,2.5977
106.7186,0.6986,3.0024
106.7188,0.7381,3.171
106.7190,0.7793,3.3493
106.7192,0.7917,3.4029
106.7194,0.8207,3.5292
106.7196,0.763,3.2777
106.7198,0.8267,3.5451
106.7200,0.9035,3.8723
106.7202,0.9524,4.0858
106.7204,0.8962,3.8481
106.7206,0.8224,3.5332
106.7208,0.9014,3.86
106.7210,1.045,4.4725
106.7212,1.0487,4.4863
106.7214,1.0835,4.6372
106.7216,1.0982,4.6959
106.7218,1.1745,5.0173
106.7220,1.2205,5.214
106.7222,1.2023,5.1458
106.7224,1.1806,5.0435
106.7226,1.2261,5.243
106.7228,1.1811,5.0479
106.7230,1.2155,5.1901
106.7232,1.2325,5.2653
106.7234,1.2807,5.4737
106.7236,1.2753,5.4583
106.7238,1.0795,4.6311
106.7240,1.0071,4.3224
106.7242,0.9502,4.0823
106.7244,0.8794,3.7743
106.7246,0.9234,3.9632
106.7248,0.9713,4.169
106.7250,1.0022,4.2993
106.7252,0.917,3.9432
106.7254,0.8416,3.6139
106.7256,0.9294,3.9926
106.7258,0.938,4.026
106.7260,0.9082,3.8996
106.7262,0.9108,3.9055
106.7264,0.9933,4.2652
106.7266,0.9704,4.1649
106.7268,0.9987,4.2844
106.7270,0.9614,4.1244
106.7272,0.9972,4.2782
106.7274,1.0243,4.3986
106.7276,0.8986,3.8584
106.7278,0.973,4.1743
106.7280,0.9225,3.9651
106.7282,0.8649,3.7224
106.7284,0.7972,3.4329
106.7286,0.7753,3.3338
106.7288,0.8246,3.5507
106.7290,0.7472,3.2206
106.7292,0.6999,3.0137
106.7294,0.719,3.0972
106.7296,0.697,3.0041
106.7298,0.751,3.2352
106.7300,0.7694,3.3101
106.7302,0.8608,3.6963
106.7304,0.9144,3.9246
106.7306,0.9326,4.0047
106.7308,0.9138,3.9348
106.7310,0.7766,3.341
106.7312,0.7755,3.3379
106.7314,0.7419,3.1989
106.7316,0.6962,3.0033
106.7318,0.6065,2.6164
106.7320,0.5564,2.4024
106.7322,0.5478,2.3667
106.7324,0.5342,2.3066
106.7326,0.5095,2.2009
106.7328,0.5118,2.2108
106.7330,0.5279,2.2818
106.7332,0.511,2.2107
106.7334,0.4451,1.9228
106.7336,0.4686,2.0243
106.7338,0.4607,1.992
106.7340,0.4643,2.0038
106.7342,0.5368,2.3169
106.7344,0.5433,2.3427
106.7346,0.5941,2.5595
106.7348,0.6895,2.9729
106.7350,0.6543,2.8201
106.7352,0.6224,2.6839
106.7354,0.5578,2.4075
106.7356,0.4856,2.0988
106.7358,0.4513,1.9506
106.7360,0.4477,1.9342
106.7362,0.4541,1.9607
106.7364,0.449,1.9417
106.7366,0.446,1.9287
106.7368,0.4468,1.93
106.7370,0.4445,1.9202
106.7372,0.444,1.9208
106.7374,0.4424,1.9114
106.7376,0.4379,1.8908
106.7378,0.4506,1.9457
106.7380,0.4767,2.0586
106.7382,0.5312,2.2883
106.7384,0.6235,2.6898
106.7386,0.4952,2.1383
106.7388,0.4701,2.0292
106.7390,0.4849,2.0938
106.7392,0.4742,2.0477
106.7394,0.4686,2.0224
106.7396,0.4462,1.9265
106.7398,0.4422,1.9112
106.7400,0.4357,1.8832
106.7402,0.4386,1.8957
106.7404,0.438,1.8922
106.7406,0.4285,1.8504
106.7408,0.4458,1.9259
106.7410,0.4402,1.9015
106.7412,0.4466,1.9268
106.7414,0.5031,2.1695
106.7416,0.5446,2.3483
106.7418,0.5553,2.3944
106.7420,0.5519,2.381
106.7422,0.5501,2.371
106.7424,0.5454,2.3498
106.7426,0.5819,2.5022
106.7428,0.7011,3.0175
106.7430,0.6919,2.9777
106.7432,0.7029,3.021
106.7434,0.7311,3.1465
106.7436,0.7294,3.1363
106.7438,0.8103,3.4795
106.7440,0.7831,3.3736
106.7442,0.594,2.5626
106.7444,0.5602,2.4122
106.7446,0.6323,2.7212
106.7448,0.6239,2.6864
106.7450,0.6026,2.5986
106.7452,0.585,2.5202
106.7454,0.624,2.6856
106.7456,0.6601,2.8396
106.7458,0.6826,2.9394
106.7460,0.6848,2.9445
106.7462,0.7508,3.2256
106.7464,0.7409,3.1873
106.7466,0.6952,2.9936
106.7468,0.6176,2.662
106.7470,0.5658,2.441
106.7472,0.5549,2.3906
106.7474,0.5631,2.428
106.7476,0.5067,2.186
106.7478,0.5055,2.1818
106.7480,0.5011,2.1607
106.7482,0.5715,2.4596
106.7484,0.5817,2.5093
106.7486,0.5114,2.2082
106.7488,0.4865,2.0995
106.7490,0.4863,2.098
106.7492,0.5006,2.1606
106.7494,0.5112,2.2041
106.7496,0.5457,2.3508
106.7498,0.5151,2.2212
106.7500,0.5381,2.3204
106.7502,0.5453,2.3504
106.7504,0.5269,2.2771
106.7506,0.4124,1.7805
106.7508,0.399,1.7239
106.7510,0.406,1.7531
106.7512,0.4112,1.7745
106.7514,0.4677,2.0179
106.7516,0.494,2.1282
106.7518,0.5672,2.4387
106.7520,0.6678,2.8713
106.7522,0.7417,3.1924
106.7524,0.7067,3.0361
106.7526,0.7488,3.2154
106.7528,0.7423,3.1905
106.7530,0.7883,3.3848
106.7532,0.8126,3.4925
106.7534,0.7663,3.2859
106.7536,0.926,3.9671
106.7538,0.999,4.2839
106.7540,0.9329,4.0001
106.7542,0.9323,3.9994
106.7544,0.9312,3.9929
106.7546,0.9265,3.971
106.7548,0.9229,3.9574
106.7550,0.8463,3.634
106.7552,0.8926,3.8309
106.7554,0.9109,3.906
106.7556,0.8926,3.8309
106.7558,0.8941,3.8358
106.7560,0.9042,3.8736
106.7562,0.9438,4.0431
106.7564,0.9757,4.1876
106.7566,0.9517,4.0808
106.7568,0.9981,4.2758
106.7570,0.9758,4.1842
106.7572,0.971,4.1636
106.7574,0.9007,3.8659
106.7576,0.816,3.5037
106.7578,0.8197,3.518
106.7580,0.8351,3.5844
106.7582,0.8965,3.8515
106.7584,0.866,3.7167
106.7586,0.8644,3.7134
106.7588,0.7763,3.3364
106.7590,0.7833,3.3668
106.7592,0.7952,3.4162
106.7594,0.8182,3.5168
106.7596,0.8763,3.7627
106.7598,0.8458,3.6336
106.7600,0.8062,3.4668
106.7602,0.8031,3.4534
106.7604,0.8028,3.4487
106.7606,0.8179,3.5119
106.7608,0.8427,3.6185
106.7610,0.8451,3.6305
106.7612,0.8421,3.6193
106.7614,0.8443,3.6286
106.7616,0.8519,3.6599
106.7618,0.8096,3.4813
106.7620,0.8168,3.5089
106.7622,0.8439,3.6237
106.7624,0.7863,3.3875
106.7626,0.697,2.9985
106.7628,0.7472,3.2147
106.7630,0.7827,3.3689
106.7632,0.7004,3.0158
106.7634,0.6789,2.9234
106.7636,0.7458,3.2055
106.7638,0.7893,3.3941
106.7640,0.7255,3.1242
106.7642,0.6166,2.6598
106.7644,0.5761,2.4878
106.7646,0.5688,2.4505
106.7648,0.6628,2.8528
106.7650,0.7097,3.0589
106.7652,0.6393,2.7568
106.7654,0.5889,2.5368
106.7656,0.5929,2.5555
106.7658,0.6055,2.611
106.7660,0.6052,2.6107
106.7662,0.6342,2.7308
106.7664,0.67,2.8825
106.7666,0.697,2.9985
106.7668,0.7437,3.2007
106.7670,0.6751,2.9095
106.7672,0.617,2.6569
106.7674,0.6102,2.6299
106.7676,0.6167,2.6566
106.7678,0.6459,2.7788
106.7680,0.75,3.222
106.7682,0.8375,3.6064
106.7684,0.7379,3.1729
106.7686,0.8066,3.4603
106.7688,0.854,3.6669
106.7690,0.8644,3.7134
106.7692,0.8345,3.5902
106.7694,0.7927,3.4149
106.7696,0.6267,2.7038
106.7698,0.5554,2.3971
106.7700,0.5453,2.3536
106.7702,0.548,2.3639
106.7704,0.533,2.2993
106.7706,0.5305,2.2895
106.7708,0.5311,2.291
106.7710,0.5321,2.2946
106.7712,0.5367,2.3132
106.7714,0.6495,2.793
106.7716,0.7146,3.0786
106.7718,0.6048,2.6091
106.7720,0.5445,2.35
106.7722,0.5633,2.429
106.7724,0.5598,2.414
106.7726,0.5409,2.3334
106.7728,0.5395,2.3283
106.7730,0.5459,2.3529
106.7732,0.6109,2.6343
106.7734,0.5577,2.4025
106.7736,0.6253,2.6926
106.7738,0.6124,2.6405
106.7740,0.5433,2.3437
106.7742,0.5329,2.2998
106.7744,0.5534,2.3839
106.7746,0.6457,2.7765
106.7748,0.7435,3.1987
106.7750,0.7353,3.1587
106.7752,0.8006,3.4426
106.7754,0.7409,3.1858
106.7756,0.7044,3.0319
106.7758,0.6383,2.7496
106.7760,0.6688,2.8786
106.7762,0.7201,3.0952
106.7764,0.8046,3.45
106.7766,0.8911,3.823
106.7768,0.8604,3.693
106.7770,0.8397,3.6174
106.7772,0.6799,2.9275
106.7774,0.6622,2.8516
106.7776,0.6592,2.8413
106.7778,0.6585,2.8369
106.7780,0.698,3.0026
106.7782,0.7113,3.0613
106.7784,0.645,2.7772
106.7786,0.6916,2.9753
106.7788,0.7638,3.2858
106.7790,0.7526,3.2394
106.7792,0.715,3.073
106.7794,0.7777,3.3426
106.7796,0.6962,3.0019
106.7798,0.6062,2.6141
106.7800,0.5908,2.5474
106.7802,0.5206,2.2449
106.7804,0.5275,2.2776
106.7806,0.4368,1.8879
106.7808,0.3983,1.7224
106.7810,0.3978,1.7211
106.7812,0.3996,1.7241
106.7814,0.5253,2.263
106.7816,0.5704,2.4629
106.7818,0.4458,1.9268
106.7820,0.398,1.7192
106.7822,0.3885,1.6775
106.7824,0.4464,1.9294
106.7826,0.4038,1.7454
106.7828,0.3971,1.714
106.7830,0.4177,1.8055
106.7832,0.3968,1.714
106.7834,0.463,1.9972
106.7836,0.4871,2.1041
106.7838,0.4151,1.7933
106.7840,0.385,1.6633
106.7842,0.3734,1.6123
106.7844,0.3782,1.6345
106.7846,0.3945,1.7034
106.7848,0.4624,1.9927
106.7850,0.5772,2.4809
106.7852,0.6999,3.0067
106.7854,0.7452,3.1999
106.7856,0.7839,3.3662
106.7858,0.8006,3.4394
106.7860,0.8318,3.57
106.7862,0.8174,3.5132
106.7864,0.7959,3.4193
106.7866,0.817,3.5067
106.7868,0.848,3.6361
106.7870,0.8781,3.7651
106.7872,0.8742,3.7539
106.7874,0.8342,3.5836
106.7876,0.8407,3.6098
106.7878,0.8409,3.6074
106.7880,0.9343,4.0044
106.7882,0.9848,4.2168
106.7884,1.0061,4.3042
106.7886,1.1112,4.7491
106.7888,1.1251,4.8063
106.7890,1.1576,4.9521
106.7892,1.1083,4.7545
106.7894,0.9903,4.2365
106.7896,1.0865,4.65
106.7898,1.1115,4.7551
106.7900,1.1368,4.861
106.7902,1.1721,5.0141
106.7904,1.0685,4.5795
106.7906,1.0044,4.3071
106.7908,0.9638,4.1366
106.7910,0.9466,4.063
106.7912,0.96,4.1201
106.7914,0.9496,4.074
106.7916,0.9154,3.9324
106.7918,0.7995,3.4396
106.7920,0.7484,3.2213
106.7922,0.7421,3.1925
106.7924,0.7396,3.1816
106.7926,0.7201,3.1024
106.7928,0.708,3.0474
106.7930,0.7209,3.1026
106.7932,0.6897,2.9684
106.7934,0.7194,3.0935
106.7936,0.8323,3.5737
106.7938,0.8386,3.6077
106.7940,0.7718,3.3219
106.7942,0.756,3.2538
106.7944,0.7145,3.071
106.7946,0.6576,2.8314
106.7948,0.6889,2.9621
106.7950,0.758,3.2611
106.7952,0.7701,3.3116
106.7954,0.8296,3.5624
106.7956,0.8401,3.6173
106.7958,0.7372,3.1728
106.7960,0.6832,2.9433
106.7962,0.6407,2.7586
106.7964,0.7338,3.1569
106.7966,0.7329,3.1542
106.7968,0.714,3.0732
106.7970,0.7427,3.1995
106.7972,0.6901,2.9714
106.7974,0.6679,2.8799
106.7976,0.5978,2.5791
106.7978,0.5921,2.5519
106.7980,0.6429,2.7685
106.7982,0.646,2.7832
106.7984,0.6614,2.8559
106.7986,0.5427,2.3401
106.7988,0.5506,2.3753
106.7990,0.524,2.2657
106.7992,0.4231,1.8288
106.7994,0.4089,1.7655
106.7996,0.4478,1.9329
106.7998,0.4646,2.0072
106.8000,0.4699,2.0291
106.8002,0.4598,1.9856
106.8004,0.4549,1.9662
106.8006,0.4469,1.9314
106.8008,0.442,1.9093
106.8010,0.443,1.9131
106.8012,0.4442,1.9174
106.8014,0.4452,1.9224
106.8016,0.4881,2.1048
106.8018,0.5362,2.3132
106.8020,0.4758,2.0554
106.8022,0.4548,1.9629
106.8024,0.5052,2.1813
106.8026,0.4561,1.9704
106.8028,0.466,2.012
106.8030,0.4633,2.0006
106.8032,0.4336,1.8713
106.8034,0.4566,1.9689
106.8036,0.5219,2.2506
106.8038,0.5458,2.3568
106.8040,0.4682,2.0218
106.8042,0.4313,1.8615
106.8044,0.4368,1.8853
106.8046,0.4463,1.9262
106.8048,0.4742,2.0449
106.8050,0.5157,2.2217
106.8052,0.5426,2.3363
106.8054,0.5752,2.479
106.8056,0.5753,2.4819
106.8058,0.5742,2.4749
106.8060,0.5944,2.5605
106.8062,0.5841,2.5138
106.8064,0.6251,2.6915
106.8066,0.6529,2.8126
106.8068,0.5737,2.4717
106.8070,0.5379,2.3183
106.8072,0.5344,2.3044
106.8074,0.5694,2.4508
106.8076,0.6441,2.7762
106.8078,0.5976,2.5733
106.8080,0.6284,2.7022
106.8082,0.6512,2.8028
106.8084,0.6568,2.827
106.8086,0.6612,2.8443
106.8088,0.694,2.9842
106.8090,0.7209,3.0983
106.8092,0.7084,3.0532
106.8094,0.6209,2.6722
106.8096,0.6498,2.7953
106.8098,0.6942,2.9811
106.8100,0.76,3.2678
106.8102,0.6891,2.9659
106.8104,0.6901,2.97
106.8106,0.6505,2.8023
106.8108,0.5927,2.5521
106.8110,0.6459,2.7827
106.8112,0.5958,2.5655
106.8114,0.592,2.5514
106.8116,0.5749,2.4746
106.8118,0.6233,2.68
106.8120,0.6749,2.9036
106.8122,0.6504,2.8005
106.8124,0.6066,2.6132
106.8126,0.5751,2.4774
106.8128,0.5751,2.4762
106.8130,0.5838,2.5127
106.8132,0.6379,2.748
106.8134,0.5532,2.3811
106.8136,0.6259,2.6951
106.8138,0.5745,2.4817
106.8140,0.4175,1.8045
106.8142,0.395,1.7047
106.8144,0.3971,1.7148
106.8146,0.4005,1.7285
106.8148,0.4602,1.9844
106.8150,0.4885,2.1064
106.8152,0.4866,2.0981
106.8154,0.4839,2.0867
106.8156,0.5303,2.2858
106.8158,0.56,2.4123
106.8160,0.6028,2.5967
106.8162,0.5054,2.1823
106.8164,0.4072,1.7591
106.8166,0.397,1.7135
106.8168,0.3945,1.7018
106.8170,0.3938,1.7003
106.8172,0.3957,1.7094
106.8174,0.4223,1.8227
106.8176,0.4162,1.7963
106.8178,0.4886,2.1059
106.8180,0.5519,2.3744
106.8182,0.6538,2.8141
106.8184,0.6026,2.595
106.8186,0.5923,2.5446
106.8188,0.6957,2.9887
106.8190,0.7198,3.0965
106.8192,0.7303,3.1405
106.8194,0.7544,3.2381
106.8196,0.7964,3.4166
106.8198,0.8353,3.5782
106.8200,0.9616,4.1274
106.8202,0.8133,3.494
106.8204,0.7428,3.1911
106.8206,0.7411,3.1869
106.8208,0.7299,3.1355
106.8210,0.7644,3.2823
106.8212,0.7905,3.3961
106.8214,0.749,3.2149
106.8216,0.8567,3.6668
106.8218,0.9803,4.1959
106.8220,1.0122,4.3364
106.8222,0.9981,4.2718
106.8224,1.0728,4.5851
106.8226,1.091,4.6674
106.8228,1.024,4.395
106.8230,0.8986,3.8495
106.8232,0.9872,4.2231
106.8234,1.0456,4.475
106.8236,1.0743,4.5961
106.8238,1.026,4.3955
106.8240,0.9747,4.1776
106.8242,0.9793,4.203
106.8244,0.9144,3.9246
106.8246,0.9059,3.8844
106.8248,0.9016,3.8641
106.8250,0.8907,3.8227
106.8252,0.864,3.7084
106.8254,0.9066,3.8893
106.8256,0.9213,3.9544
106.8258,0.8859,3.7968
106.8260,0.9446,4.0486
106.8262,0.9219,3.9515
106.8264,0.9089,3.9027
106.8266,0.8441,3.6298
106.8268,0.8019,3.4483
106.8270,0.7679,3.2972
106.8272,0.8564,3.6738
106.8274,0.8784,3.7719
106.8276,0.8571,3.6803
106.8278,0.8719,3.7354
106.8280,1.0077,4.3169
106.8282,1.0229,4.3883
106.8284,0.9838,4.2186
106.8286,0.9361,4.0159
106.8288,0.8672,3.7236
106.8290,0.8937,3.8391
106.8292,0.888,3.8114
106.8294,0.906,3.8795
106.8296,0.9737,4.1793
106.8298,0.9005,3.8721
106.8300,0.8261,3.5524
106.8302,0.816,3.507
106.8304,0.7998,3.4374
106.8306,0.8224,3.5332
106.8308,0.88,3.7874
106.8310,0.7377,3.1763
106.8312,0.723,3.1076
106.8314,0.8,3.4432
106.8316,0.7637,3.2914
106.8318,0.6574,2.8336
106.8320,0.5689,2.4522
106.8322,0.5724,2.4694
106.8324,0.5603,2.4161
106.8326,0.5686,2.4506
106.8328,0.5783,2.4925
106.8330,0.6306,2.7165
106.8332,0.6612,2.8483
106.8334,0.5632,2.4319
106.8336,0.5236,2.2579
106.8338,0.6194,2.6673
106.8340,0.6793,2.9263
106.8342,0.6305,2.7173
106.8344,0.6381,2.7516
106.8346,0.6331,2.7287
106.8348,0.6313,2.7171
106.8350,0.6407,2.7612
106.8352,0.6345,2.7349
106.8354,0.6149,2.6526
106.8356,0.5341,2.3028
106.8358,0.5272,2.2765
106.8360,0.5272,2.2765
106.8362,0.527,2.2734
106.8364,0.5269,2.2729
106.8366,0.5255,2.2693
106.8368,0.5257,2.2677
106.8370,0.5275,2.2755
106.8372,0.5686,2.4506
106.8374,0.5781,2.4938
106.8376,0.5271,2.275
106.8378,0.5258,2.2682
106.8380,0.5235,2.2584
106.8382,0.5253,2.2672
106.8384,0.5272,2.2744
106.8386,0.518,2.2346
106.8388,0.5278,2.2749
106.8390,0.5403,2.3276
106.8392,0.5428,2.3406
106.8394,0.5517,2.38
106.8396,0.5349,2.3065
106.8398,0.5654,2.4355
106.8400,0.6228,2.6817
106.8402,0.7104,3.0535
106.8404,0.7415,3.1899
106.8406,0.6375,2.7427
106.8408,0.6343,2.73
106.8410,0.6185,2.6656
106.8412,0.6224,2.6802
106.8414,0.6191,2.6669
106.8416,0.6257,2.6954
106.8418,0.655,2.8154
106.8420,0.7046,3.0282
106.8422,0.7162,3.0825
106.8424,0.7478,3.2128
106.8426,0.7958,3.422
106.8428,0.7601,3.2699
106.8430,0.7489,3.2294
106.8432,0.627,2.701
106.8434,0.61,2.6253
106.8436,0.7144,3.069
106.8438,0.797,3.4271
106.8440,0.7264,3.1278
106.8442,0.6233,2.6825
106.8444,0.6573,2.8291
106.8446,0.7017,3.0186
106.8448,0.7295,3.1383
106.8450,0.7644,3.2823
106.8452,0.7948,3.4147
106.8454,0.764,3.2869
106.8456,0.7118,3.0577
106.8458,0.7672,3.2988
106.8460,0.7481,3.2198
106.8462,0.7331,3.1597
106.8464,0.6321,2.722
106.8466,0.6132,2.6416
106.8468,0.6086,2.6208
106.8470,0.6975,3.0006
106.8472,0.748,3.2148
106.8474,0.7741,3.3256
106.8476,0.8193,3.5181
106.8478,0.8484,3.6483
106.8480,0.7355,3.17
106.8482,0.5766,2.4887
106.8484,0.527,2.2734
106.8486,0.5517,2.3789
106.8488,0.557,2.3994
106.8490,0.583,2.5126
106.8492,0.5425,2.3423
106.8494,0.4186,1.8091
106.8496,0.4082,1.7632
106.8498,0.4067,1.7562
106.8500,0.4649,2.0036
106.8502,0.4893,2.1129
106.8504,0.4715,2.032
106.8506,0.5805,2.5018
106.8508,0.5962,2.5647
106.8510,0.6648,2.8638
106.8512,0.593,2.556
106.8514,0.6143,2.6438
106.8516,0.6915,2.972
106.8518,0.714,3.0703
106.8520,0.7126,3.0642
106.8522,0.7504,3.2221
106.8524,0.7874,3.3812
106.8526,0.8259,3.5431
106.8528,0.9482,4.0621
106.8530,1.0047,4.3021
106.8532,0.9971,4.2737
106.8534,0.9682,4.1518
106.8536,0.9799,4.1977
106.8538,0.9759,4.1808
106.8540,0.9625,4.1233
106.8542,1.0119,4.3308
106.8544,1.0686,4.5736
106.8546,1.0879,4.6518
106.8548,1.1259,4.8166
106.8550,1.1222,4.8007
106.8552,1.0419,4.4633
106.8554,0.9273,3.982
106.8556,0.8674,3.7263
106.8558,0.8666,3.7192
106.8560,0.9152,3.9282
106.8562,0.9127,3.9174
106.8564,0.9221,3.9612
106.8566,0.8607,3.6992
106.8568,0.839,3.6076
106.8570,0.7634,3.2843
106.8572,0.7879,3.3911
106.8574,0.7847,3.374
106.8576,0.769,3.3049
106.8578,0.7996,3.4337
106.8580,0.8627,3.7097
106.8582,0.7895,3.3962
106.8584,0.7273,3.1334
106.8586,0.6826,2.9407
106.8588,0.7301,3.1394
106.8590,0.8273,3.5559
106.8592,0.7968,3.4293
106.8594,0.6594,2.8379
106.8596,0.7341,3.1579
106.8598,0.7377,3.1734
106.8600,0.7095,3.055
106.8602,0.6878,2.9643
106.8604,0.6784,2.9226
106.8606,0.6836,2.9408
106.8608,0.7355,3.1612
106.8610,0.8139,3.5031
106.8612,0.7181,3.0922
106.8614,0.7014,3.0162
106.8616,0.7313,3.1461
106.8618,0.7565,3.2529
106.8620,0.7496,3.228
106.8622,0.7127,3.069
106.8624,0.7225,3.1113
106.8626,0.6408,2.7604
106.8628,0.603,2.6014
106.8630,0.5618,2.4279
106.8632,0.4839,2.0887
106.8634,0.5498,2.3673
106.8636,0.6471,2.7891
106.8638,0.635,2.7395
106.8640,0.5273,2.2781
106.8642,0.483,2.0855
106.8644,0.5089,2.1953
106.8646,0.515,2.2196
106.8648,0.5688,2.4494
106.8650,0.6073,2.6175
106.8652,0.6074,2.6193
106.8654,0.6143,2.6451
106.8656,0.6523,2.8048
106.8658,0.7342,3.1555
106.8660,0.7477,3.2212
106.8662,0.6582,2.8314
106.8664,0.6923,2.9826
106.8666,0.5731,2.4725
106.8668,0.5525,2.3825
106.8670,0.5789,2.4939
106.8672,0.6092,2.6246
106.8674,0.5764,2.4865
106.8676,0.5463,2.3556
106.8678,0.5633,2.4279
106.8680,0.574,2.4727
106.8682,0.5998,2.585
106.8684,0.6231,2.682
106.8686,0.6227,2.6874
106.8688,0.499,2.1559
106.8690,0.4723,2.0394
106.8692,0.4615,1.9928
106.8694,0.4602,1.9871
106.8696,0.457,1.9722
106.8698,0.461,1.9907
106.8700,0.4582,1.9783
106.8702,0.4595,1.9831
106.8704,0.4591,1.9834
106.8706,0.4565,1.9711
106.8708,0.4463,1.9262
106.8710,0.4439,1.9167
106.8712,0.4393,1.897
106.8714,0.4482,1.9318
106.8716,0.4986,2.1488
106.8718,0.5146,2.2222
106.8720,0.4556,1.9674
106.8722,0.4518,1.9491
106.8724,0.4511,1.9478
106.8726,0.467,2.0138
106.8728,0.5323,2.294
106.8730,0.5606,2.4126
106.8732,0.6764,2.9071
106.8734,0.7085,3.0452
106.8736,0.706,3.0414
106.8738,0.6068,2.6179
106.8740,0.5717,2.4629
106.8742,0.5648,2.4341
106.8744,0.5716,2.459
106.8746,0.6998,3.0062
106.8748,0.7776,3.3389
106.8750,0.7946,3.4089
106.8752,0.8354,3.5871
106.8754,0.8217,3.5251
106.8756,0.8181,3.5211
106.8758,0.6723,2.8963
106.8760,0.5802,2.5007
106.8762,0.5132,2.2139
106.8764,0.5044,2.1751
106.8766,0.4901,2.1141
106.8768,0.5248,2.263
106.8770,0.554,2.3865
106.8772,0.6028,2.5979
106.8774,0.6154,2.6509
106.8776,0.5878,2.5333
106.8778,0.5589,2.4054
106.8780,0.5817,2.507
106.8782,0.5697,2.4541
106.8784,0.5974,2.5711
106.8786,0.6613,2.8422
106.8788,0.6578,2.8338
106.8790,0.5789,2.4939
106.8792,0.6218,2.6788
106.8794,0.5622,2.4232
106.8796,0.5248,2.262
106.8798,0.524,2.2594
106.8800,0.4554,1.9655
106.8802,0.4055,1.7502
106.8804,0.4042,1.7461
106.8806,0.4076,1.7615
106.8808,0.3928,1.6977
106.8810,0.382,1.6488
106.8812,0.3912,1.6894
106.8814,0.3948,1.7026
106.8816,0.4297,1.8565
106.8818,0.4083,1.7605
106.8820,0.4254,1.8361
106.8822,0.4128,1.7843
106.8824,0.4031,1.7415
106.8826,0.3921,1.693
106.8828,0.3889,1.6759
106.8830,0.4271,1.8425
106.8832,0.4017,1.7312
106.8834,0.5452,2.3466
106.8836,0.605,2.5993
106.8838,0.7048,3.0264
106.8840,0.7191,3.092
106.8842,0.6965,2.9951
106.8844,0.7179,3.0811
106.8846,0.7458,3.204
106.8848,0.7374,3.165
106.8850,0.8261,3.5425
106.8852,0.8788,3.7629
106.8854,0.8656,3.7099
106.8856,0.858,3.6827
106.8858,0.8752,3.751
106.8860,0.979,4.1902
106.8862,0.9862,4.2269
106.8864,0.9674,4.1424
106.8866,0.9691,4.1457
106.8868,1.0564,4.517
106.8870,1.1032,4.7197
106.8872,1.0666,4.5649
106.8874,1.0896,4.659
106.8876,1.1012,4.7066
106.8878,1.0574,4.5322
106.8880,0.9385,4.0224
106.8882,0.9791,4.1927
106.8884,1.0313,4.414
106.8886,1.1066,4.7407
106.8888,1.0763,4.6064
106.8890,1.0106,4.3333
106.8892,0.9417,4.0419
106.8894,0.951,4.0739
106.8896,1.003,4.2989
106.8898,0.9833,4.2166
106.8900,0.971,4.1694
106.8902,0.9281,3.9758
106.8904,1.007,4.3158
106.8906,0.998,4.2853
106.8908,0.8873,3.8118
106.8910,0.8248,3.5369
106.8912,0.8613,3.7035
106.8914,0.8243,3.543
106.8916,0.8516,3.6583
106.8918,0.8513,3.6556
106.8920,0.8287,3.5633
106.8922,0.8302,3.5666
106.8924,0.7781,3.3426
106.8926,0.791,3.3966
106.8928,0.8347,3.5874
106.8930,0.8523,3.6614
106.8932,0.8725,3.7467
106.8934,0.8619,3.7026
106.8936,0.8293,3.5642
106.8938,0.8062,3.4684
106.8940,0.7574,3.26
106.8942,0.6933,2.9825
106.8944,0.711,3.0575
106.8946,0.7428,3.2
106.8948,0.7028,3.0275
106.8950,0.6958,2.9975
106.8952,0.6917,2.9772
106.8954,0.6775,2.9185
106.8956,0.6368,2.7396
106.8958,0.6734,2.8969
106.8960,0.71,3.0571
106.8962,0.7127,3.0632
106.8964,0.7801,3.356
106.8966,0.7672,3.3018
106.8968,0.7796,3.3508
106.8970,0.8023,3.4498
106.8972,0.7558,3.2558
106.8974,0.604,2.6055
106.8976,0.5694,2.4565
106.8978,0.5681,2.4508
106.8980,0.5751,2.4785
106.8982,0.5326,2.3009
106.8984,0.4805,2.0746
106.8986,0.4869,2.1036
106.8988,0.4994,2.1534
106.8990,0.5337,2.3013
106.8992,0.5384,2.3204
106.8994,0.5439,2.3463
106.8996,0.5492,2.368
106.8998,0.5742,2.4749
106.9000,0.6267,2.7
106.9002,0.5895,2.5429
106.9004,0.5426,2.3406
106.9006,0.53,2.2874
106.9008,0.5305,2.2884
106.9010,0.5216,2.2501
106.9012,0.5293,2.2811
106.9014,0.5571,2.4055
106.9016,0.5157,2.2268
106.9018,0.5216,2.2491
106.9020,0.5417,2.337
106.9022,0.5389,2.3246
106.9024,0.5281,2.2791
106.9026,0.5137,2.215
106.9028,0.5113,2.2026
106.9030,0.556,2.3964
106.9032,0.6096,2.6286
106.9034,0.5628,2.4269
106.9036,0.5418,2.3343
106.9038,0.6267,2.695
106.9040,0.7367,3.1663
106.9042,0.7542,3.2401
106.9044,0.756,3.2508
106.9046,0.6827,2.9371
106.9048,0.7094,3.0531
106.9050,0.6948,2.9879
106.9052,0.6944,2.9913
106.9054,0.6161,2.6528
106.9056,0.621,2.6702
106.9058,0.7029,3.0224
106.9060,0.711,3.0617
106.9062,0.6704,2.884
106.9064,0.774,3.3219
106.9066,0.842,3.6222
106.9068,0.7649,3.289
106.9070,0.7731,3.323
106.9072,0.7776,3.3374
106.9074,0.8403,3.6065
106.9076,0.8962,3.841
106.9078,0.8561,3.6779
106.9080,0.7881,3.3906
106.9082,0.7853,3.3782
106.9084,0.7592,3.2602
106.9086,0.8006,3.4426
106.9088,0.8054,3.4616
106.9090,0.758,3.2596
106.9092,0.7094,3.0531
106.9094,0.6442,2.7754
106.9096,0.6524,2.8079
106.9098,0.715,3.0745
106.9100,0.7084,3.0504
106.9102,0.6675,2.8756
106.9104,0.6568,2.8283
106.9106,0.6818,2.9344
106.9108,0.6666,2.8688
106.9110,0.6486,2.7901
106.9112,0.6905,2.9734
106.9114,0.6818,2.9412
106.9116,0.605,2.6077
106.9118,0.6103,2.6305
106.9120,0.6154,2.6485
106.9122,0.6524,2.8092
106.9124,0.6405,2.762
106.9126,0.5766,2.4887
106.9128,0.5338,2.2986
106.9130,0.62,2.6711
106.9132,0.6089,2.6255
106.9134,0.6094,2.6288
106.9136,0.517,2.2315
106.9138,0.4773,2.0592
106.9140,0.5186,2.2372
106.9142,0.4423,1.9091
106.9144,0.4733,2.0426
106.9146,0.5116,2.2072
106.9148,0.5266,2.2708
106.9150,0.5177,2.2377
106.9152,0.4171,1.8029
106.9154,0.4042,1.7461
106.9156,0.3964,1.7133
106.9158,0.3965,1.7122
106.9160,0.3987,1.7215
106.9162,0.4305,1.8561
106.9164,0.5607,2.4165
106.9166,0.5784,2.493
106.9168,0.5459,2.3519
106.9170,0.5883,2.5307
106.9172,0.6119,2.6347
106.9174,0.5729,2.4669
106.9176,0.6002,2.5786
106.9178,0.7083,3.0428
106.9180,0.7583,3.2621
106.9182,0.7632,3.2802
106.9184,0.7844,3.3667
106.9186,0.8484,3.6398
106.9188,0.8578,3.6851
106.9190,0.8471,3.6342
106.9192,0.9264,3.9686
106.9194,0.9811,4.2029
106.9196,0.9847,4.2163
106.9198,0.9931,4.2542
106.9200,0.9965,4.2651
106.9202,1.0812,4.621
106.9204,1.1499,4.9192
106.9206,1.0588,4.5378
106.9208,1.0339,4.4273
106.9210,1.0579,4.5279
106.9212,1.0222,4.3893
106.9214,0.8903,3.8247
106.9216,0.8684,3.727
106.9218,0.8819,3.7834
106.9220,0.8951,3.8381
106.9222,0.916,3.9294
106.9224,0.9261,3.9769
106.9226,0.8963,3.8469
106.9228,0.8542,3.6697
106.9230,0.8458,3.6336
106.9232,0.8766,3.7607
106.9234,0.8921,3.8324
106.9236,0.7831,3.3642
106.9238,0.8452,3.6243
106.9240,0.8872,3.8078
106.9242,0.917,3.9341
106.9244,0.9558,4.0945
106.9246,0.973,4.1704
106.9248,0.962,4.127
106.9250,0.9182,3.9447
106.9252,0.861,3.699
106.9254,0.8272,3.5538
106.9256,0.8395,3.6046
106.9258,0.8287,3.5666
106.9260,0.7422,3.193
106.9262,0.768,3.3039
106.9264,0.8284,3.5606
106.9266,0.8433,3.6194
106.9268,0.8697,3.7344
106.9270,0.8763,3.7662
106.9272,0.8722,3.7469
106.9274,0.8415,3.6201
106.9276,0.836,3.593
106.9278,0.8227,3.5408
106.9280,0.7284,3.1366
106.9282,0.7347,3.162
106.9284,0.7872,3.388
106.9286,0.7041,3.0346
106.9288,0.5998,2.5886
106.9290,0.5154,2.2273
106.9292,0.508,2.1927
106.9294,0.5462,2.3583
106.9296,0.5085,2.1937
106.9298,0.5565,2.4018
106.9300,0.515,2.2227
106.9302,0.5157,2.2227
106.9304,0.6049,2.6084
106.9306,0.6192,2.6699
106.9308,0.6435,2.7723
106.9310,0.6944,2.9872
106.9312,0.6998,3.0146
106.9314,0.6398,2.7614
106.9316,0.4759,2.0568
106.9318,0.4217,1.8209
106.9320,0.4532,1.9589
106.9322,0.4517,1.9513
106.9324,0.4496,1.9416
106.9326,0.4519,1.9523
106.9328,0.4489,1.9385
106.9330,0.503,2.1689
106.9332,0.6036,2.5991
106.9334,0.6146,2.6503
106.9336,0.5622,2.4277
106.9338,0.4737,2.0466
106.9340,0.4661,2.0125
106.9342,0.4936,2.1316
106.9344,0.5032,2.171
106.9346,0.5574,2.4048
106.9348,0.5632,2.4296
106.9350,0.561,2.4192
106.9352,0.5725,2.4665
106.9354,0.5648,2.4352
106.9356,0.5811,2.509
106.9358,0.4964,2.1445
106.9360,0.4579,1.9773
106.9362,0.4573,1.9747
106.9364,0.456,1.969
106.9366,0.4595,1.9822
106.9368,0.4923,2.1239
106.9370,0.4542,1.9612
106.9372,0.4869,2.1006
106.9374,0.4719,2.0369
106.9376,0.4418,1.9097
106.9378,0.4395,1.8975
106.9380,0.4459,1.9246
106.9382,0.4472,1.9321
106.9384,0.4835,2.0876
106.9386,0.4513,1.9479
106.9388,0.4362,1.8801
106.9390,0.5142,2.217
106.9392,0.5496,2.369
106.9394,0.5656,2.4377
106.9396,0.5516,2.3794
106.9398,0.5452,2.3498
106.9400,0.5615,2.4179
106.9402,0.5624,2.4237
106.9404,0.5546,2.3902
106.9406,0.5562,2.3963
106.9408,0.5549,2.3895
106.9410,0.5666,2.4418
106.9412,0.5928,2.5515
106.9414,0.6909,2.9708
106.9416,0.6776,2.9136
106.9418,0.7296,3.1301
106.9420,0.8112,3.488
106.9422,0.7246,3.1128
106.9424,0.6958,3.0003
106.9426,0.5534,2.3872
106.9428,0.5446,2.3429
106.9430,0.659,2.8363
106.9432,0.6146,2.6478
106.9434,0.6104,2.6285
106.9436,0.6029,2.596
106.9438,0.598,2.5736
106.9440,0.6137,2.6425
106.9442,0.6187,2.6642
106.9444,0.6678,2.8687
106.9446,0.7287,3.1303
106.9448,0.7314,3.1466
106.9450,0.7113,3.0599
106.9452,0.7426,3.1886
106.9454,0.7211,3.0979
106.9456,0.6988,3.0049
106.9458,0.6895,2.9674
106.9460,0.6428,2.7731
106.9462,0.5097,2.1989
106.9464,0.5133,2.2124
106.9466,0.5257,2.2667
106.9468,0.5481,2.3612
106.9470,0.5323,2.293
106.9472,0.5277,2.2733
106.9474,0.5818,2.5086
106.9476,0.5604,2.4144
106.9478,0.563,2.4275
106.9480,0.4745,2.0487
106.9482,0.4038,1.7446
106.9484,0.4088,1.765
106.9486,0.4059,1.751
106.9488,0.393,1.6972
106.9490,0.4071,1.7578
106.9492,0.402,1.736
106.9494,0.4193,1.8064
106.9496,0.518,2.2325
106.9498,0.5471,2.3592
106.9500,0.5167,2.2248
106.9502,0.555,2.39
106.9504,0.6396,2.7527
106.9506,0.6237,2.6846
106.9508,0.5862,2.5207
106.9510,0.6475,2.7816
106.9512,0.7488,3.2169
106.9514,0.776,3.3307
106.9516,0.777,3.3364
106.9518,0.7854,3.3693
106.9520,0.8422,3.6131
106.9522,0.8713,3.7381
106.9524,0.8658,3.7075
106.9526,0.9532,4.0837
106.9528,0.9546,4.0951
106.9530,0.9404,4.0325
106.9532,0.9495,4.0659
106.9534,0.9469,4.0565
106.9536,0.9295,3.9857
106.9538,0.8982,3.8515
106.9540,0.9247,3.9614
106.9542,0.9571,4.1059
106.9544,0.9139,3.9189
106.9546,0.9353,4.0048
106.9548,0.9482,4.064
106.9550,0.9054,3.886
106.9552,0.8746,3.7537
106.9554,0.8622,3.7024
106.9556,0.8596,3.6911
106.9558,0.8277,3.5558
106.9560,0.8351,3.5844
106.9562,0.8917,3.8202
106.9564,0.9456,4.0584
106.9566,0.8928,3.8302
106.9568,0.8917,3.8238
106.9570,0.8739,3.7454
106.9572,0.9477,4.0639
106.9574,0.9634,4.1293
106.9576,0.9771,4.1879
106.9578,0.9329,4.0076
106.9580,0.8381,3.6023
106.9582,0.785,3.3724
106.9584,0.7891,3.3899
106.9586,0.7759,3.3364
106.9588,0.8108,3.4816
106.9590,0.8579,3.6822
106.9592,0.8325,3.5798
106.9594,0.801,3.4377
106.9596,0.8437,3.6209
106.9598,0.8558,3.6763
106.9600,0.8492,3.6531
106.9602,0.7555,3.2518
106.9604,0.6933,2.9825
106.9606,0.712,3.0659
106.9608,0.6722,2.8944
106.9610,0.6902,2.9664
106.9612,0.7255,3.1213
106.9614,0.7432,3.1941
106.9616,0.8028,3.4519
106.9618,0.7643,3.2864
106.9620,0.7338,3.1569
106.9622,0.7395,3.1811
106.9624,0.7423,3.195
106.9626,0.6734,2.9009
106.9628,0.6678,2.8713
106.9630,0.7464,3.2081
106.9632,0.8067,3.4673
106.9634,0.7668,3.2987
106.9636,0.7609,3.2765
106.9638,0.7411,3.1884
106.9640,0.7576,3.253
106.9642,0.8065,3.4663
106.9644,0.8353,3.5933
106.9646,0.7567,3.2539
106.9648,0.7398,3.1797
106.9650,0.7694,3.3132
106.9652,0.7172,3.0852
106.9654,0.7131,3.0705
106.9656,0.6417,2.7659
106.9658,0.6198,2.6713
106.9660,0.6245,2.6902
106.9662,0.6592,2.8321
106.9664,0.7988,3.4333
106.9666,0.7362,3.1731
106.9668,0.5974,2.5711
106.9670,0.6577,2.832
106.9672,0.7017,3.0215
106.9674,0.7034,3.0245
106.9676,0.752,3.2308
106.9678,0.7819,3.359
106.9680,0.8163,3.5134
106.9682,0.7217,3.1077
106.9684,0.6751,2.9095
106.9686,0.564,2.4344
106.9688,0.5408,2.3329
106.9690,0.5343,2.3039
106.9692,0.5324,2.2967
106.9694,0.5363,2.3137
106.9696,0.5725,2.4631
106.9698,0.7225,3.1055
106.9700,0.6603,2.8499
106.9702,0.5368,2.318
106.9704,0.5399,2.3303
106.9706,0.5377,2.3173
106.9708,0.5391,2.3235
106.9710,0.5361,2.3116
106.9712,0.5372,2.3163
106.9714,0.5371,2.3169
106.9716,0.5349,2.3065
106.9718,0.535,2.3059
106.9720,0.5407,2.3324
106.9722,0.5904,2.5447
106.9724,0.6222,2.6804
106.9726,0.6258,2.6946
106.9728,0.6297,2.7117
106.9730,0.6819,2.9294
106.9732,0.7821,3.3648
106.9734,0.7345,3.1629
106.9736,0.6995,3.0094
106.9738,0.7113,3.0599
106.9740,0.7577,3.258
106.9742,0.765,3.2879
106.9744,0.7669,3.3023
106.9746,0.6941,2.9861
106.9748,0.7383,3.1715
106.9750,0.7767,3.3384
106.9752,0.7711,3.3189
106.9754,0.7525,3.2343
106.9756,0.7929,3.408
106.9758,0.7612,3.2745
106.9760,0.7022,3.0249
106.9762,0.658,2.8296
106.9764,0.7151,3.075
106.9766,0.7369,3.1747
106.9768,0.6627,2.8523
106.9770,0.7005,3.0149
106.9772,0.6962,2.9949
106.9774,0.7216,3.1057
106.9776,0.6574,2.8283
106.9778,0.6399,2.7581
106.9780,0.642,2.7669
106.9782,0.6139,2.6484
106.9784,0.518,2.2346
106.9786,0.4788,2.0674
106.9788,0.4703,2.0316
106.9790,0.4799,2.0711
106.9792,0.4758,2.0535
106.9794,0.4745,2.0468
106.9796,0.5384,2.3182
106.9798,0.5381,2.3194
106.9800,0.5488,2.3664
106.9802,0.4919,2.1228
106.9804,0.5025,2.1689
106.9806,0.5601,2.4139
106.9808,0.5672,2.4467
106.9810,0.4859,2.097
106.9812,0.417,1.7991
106.9814,0.4065,1.756
106.9816,0.397,1.7151
106.9818,0.4048,1.7487
106.9820,0.3964,1.7133
106.9822,0.3782,1.6353
106.9824,0.3939,1.6992
106.9826,0.5154,2.2181
106.9828,0.629,2.7111
106.9830,0.5692,2.4532
106.9832,0.5537,2.3854
106.9834,0.5958,2.562
106.9836,0.6749,2.9023
106.9838,0.7002,3.0125
106.9840,0.6972,2.994
106.9842,0.7407,3.1818
106.9844,0.7626,3.2761
106.9846,0.8054,3.4536
106.9848,0.8751,3.754
106.9850,0.8512,3.6517
106.9852,0.8602,3.6902
106.9854,0.9011,3.8621
106.9856,0.9594,4.1118
106.9858,0.9465,4.0549
106.9860,0.9793,4.1932
106.9862,0.992,4.2456
106.9864,1.0095,4.3246
106.9866,1.0625,4.5495
106.9868,1.0709,4.5855
106.9870,1.0802,4.6169
106.9872,1.1088,4.7455
106.9874,1.094,4.6802
106.9876,1.1347,4.8541
106.9878,1.1219,4.7997
106.9880,1.0951,4.6892
106.9882,1.0271,4.4083
106.9884,0.8988,3.8559
106.9886,0.9415,4.0315
106.9888,0.9875,4.2385
106.9890,0.9602,4.1173
106.9892,0.9648,4.1349
106.9894,1.0197,4.3683
106.9896,1.0685,4.5773
106.9898,1.0175,4.3692
106.9900,0.8505,3.6554
106.9902,0.8044,3.4543
106.9904,0.8687,3.7233
106.9906,1.0276,4.4042
106.9908,1.0072,4.3269
106.9910,0.8597,3.6933
106.9912,0.8482,3.6422
106.9914,0.8492,3.6514
106.9916,0.8329,3.5813
106.9918,0.7778,3.3462
106.9920,0.7188,3.0967
106.9922,0.6631,2.8552
106.9924,0.6799,2.9234
106.9926,0.7887,3.3884
106.9928,0.8309,3.5797
106.9930,0.7532,3.242
106.9932,0.7457,3.208
106.9934,0.7625,3.2771
106.9936,0.7836,3.3725
106.9938,0.742,3.1949
106.9940,0.7121,3.0649
106.9942,0.7319,3.1486
106.9944,0.7332,3.1543
106.9946,0.7794,3.3591
106.9948,0.6501,2.8033
106.9950,0.5954,2.5676
106.9952,0.6016,2.5951
106.9954,0.5531,2.3873
106.9956,0.5126,2.2134
106.9958,0.504,2.1731
106.9960,0.5948,2.5626
106.9962,0.6452,2.7847
106.9964,0.5909,2.5444
106.9966,0.6233,2.6888
106.9968,0.5212,2.2507
106.9970,0.4939,2.1306
106.9972,0.5514,2.3756
106.9974,0.6137,2.6474
106.9976,0.5465,2.3621
106.9978,0.4912,2.1212
106.9980,0.4736,2.0451
106.9982,0.4942,2.1342
106.9984,0.4887,2.1103
106.9986,0.4963,2.141
106.9988,0.4982,2.1522
106.9990,0.4655,2.0108
106.9992,0.4295,1.8546
106.9994,0.4638,2.0027
106.9996,0.5263,2.2745
106.9998,0.4495,1.9419
107.0000,0.427,1.8428
107.0002,0.4323,1.8665
107.0004,0.4301,1.858
107.0006,0.4296,1.8551
107.0008,0.4484,1.9346
107.0010,0.4764,2.0561
107.0012,0.4353,1.8812
107.0014,0.4386,1.8957
107.0016,0.4487,1.9365
107.0018,0.4531,1.9548
107.0020,0.452,1.9501
107.0022,0.4372,1.8886
107.0024,0.4241,1.8313
107.0026,0.4156,1.7945
107.0028,0.4253,1.8365
107.0030,0.446,1.9269
107.0032,0.4427,1.9133
107.0034,0.4518,1.9482
107.0036,0.5222,2.2506
107.0038,0.5565,2.3984
107.0040,0.5639,2.4305
107.0042,0.5655,2.4372
107.0044,0.5602,2.4111
107.0046,0.567,2.4416
107.0048,0.5956,2.5657
107.0050,0.6006,2.585
107.0052,0.6631,2.8552
107.0054,0.6536,2.8105
107.0056,0.6958,2.9948
107.0058,0.6427,2.7661
107.0060,0.71,3.0514
107.0062,0.7223,3.1045
107.0064,0.7106,3.0597
107.0066,0.6921,2.9788
107.0068,0.6742,2.8978
107.0070,0.6956,2.9909
107.0072,0.7205,3.0982
107.0074,0.7658,3.287
107.0076,0.8446,3.6301
107.0078,0.7651,3.2869
107.0080,0.7447,3.2038
107.0082,0.764,3.2838
107.0084,0.7626,3.2776
107.0086,0.7435,3.2031
107.0088,0.5707,2.4622
107.0090,0.5453,2.3514
107.0092,0.5416,2.3311
107.0094,0.6253,2.6888
107.0096,0.6862,2.9548
107.0098,0.6393,2.7555
107.0100,0.5571,2.4043
107.0102,0.5094,2.1974
107.0104,0.4939,2.1287
107.0106,0.5157,2.2237
107.0108,0.5275,2.2723
107.0110,0.5781,2.4914
107.0112,0.5335,2.3003
107.0114,0.5083,2.1917
107.0116,0.5221,2.2511
107.0118,0.5393,2.3245
107.0120,0.51,2.1999
107.0122,0.5085,2.1917
107.0124,0.5607,2.4131
107.0126,0.5807,2.5017
107.0128,0.5444,2.343
107.0130,0.6059,2.6138
107.0132,0.5355,2.3058
107.0134,0.6071,2.6116
107.0136,0.6746,2.9061
107.0138,0.5187,2.2398
107.0140,0.4167,1.7983
107.0142,0.4023,1.737
107.0144,0.4032,1.7396
107.0146,0.4794,2.0671
107.0148,0.5218,2.2501
107.0150,0.5315,2.2931
107.0152,0.5311,2.2921
107.0154,0.4345,1.8737
107.0156,0.5029,2.1674
107.0158,0.5458,2.3502
107.0160,0.5633,2.429
107.0162,0.496,2.137
107.0164,0.5104,2.2
107.0166,0.5501,2.3688
107.0168,0.613,2.6406
107.0170,0.5908,2.5439
107.0172,0.5689,2.4476
107.0174,0.6463,2.7764
107.0176,0.7219,3.1
107.0178,0.7524,3.2353
107.0180,0.7387,3.1736
107.0182,0.7755,3.3317
107.0184,0.7801,3.3482
107.0186,0.8359,3.5808
107.0188,0.9928,4.2532
107.0190,1.0086,4.321
107.0192,0.9855,4.2179
107.0194,0.9791,4.1966
107.0196,0.9439,4.0436
107.0198,1.0284,4.4017
107.0200,1.0185,4.3631
107.0202,0.969,4.1491
107.0204,1.0498,4.4951
107.0206,1.0348,4.4371
107.0208,0.9351,4.008
107.0210,0.9145,3.9214
107.0212,0.9277,3.9724
107.0214,0.9652,4.137
107.0216,0.941,4.0426
107.0218,0.8923,3.8245
107.0220,0.9385,4.0243
107.0222,0.9281,3.9777
107.0224,0.9143,3.9222
107.0226,0.8874,3.8106
107.0228,0.8814,3.7848
107.0230,0.829,3.5631
107.0232,0.7538,3.237
107.0234,0.8428,3.619
107.0236,0.8839,3.7956
107.0238,0.892,3.8283
107.0240,0.8713,3.7398
107.0242,0.911,3.9084
107.0244,0.9387,4.0253
107.0246,0.9407,4.0354
107.0248,0.9434,4.0435
107.0250,0.9952,4.2675
107.0252,0.9787,4.1926
107.0254,1.0167,4.3595
107.0256,0.9778,4.1949
107.0258,0.9474,4.0623
107.0260,0.9288,3.9845
107.0262,0.9375,4.022
107.0264,0.9685,4.1547
107.0266,0.9552,4.1053
107.0268,0.8466,3.6355
107.0270,0.936,4.0135
107.0272,0.9675,4.1526
107.0274,0.9421,4.0453
107.0276,0.8953,3.8445
107.0278,0.8694,3.7351
107.0280,0.8231,3.5362
107.0282,0.7921,3.4107
107.0284,0.6851,2.9488
107.0286,0.667,2.8722
107.0288,0.6915,2.9748
107.0290,0.7457,3.2094
107.0292,0.7192,3.0968
107.0294,0.7837,3.3668
107.0296,0.8476,3.6464
107.0298,0.7224,3.1079
107.0300,0.7396,3.1816
107.0302,0.7176,3.0916
107.0304,0.6462,2.785
107.0306,0.5964,2.5729
107.0308,0.5751,2.4808
107.0310,0.5727,2.4705
107.0312,0.5649,2.4346
107.0314,0.5724,2.4672
107.0316,0.5759,2.4833
107.0318,0.5917,2.5527
107.0320,0.5766,2.4887
107.0322,0.5547,2.3929
107.0324,0.5856,2.5299
107.0326,0.5148,2.2227
107.0328,0.5418,2.3375
107.0330,0.5323,2.2962
107.0332,0.5239,2.2589
107.0334,0.5926,2.5516
107.0336,0.6941,2.9903
107.0338,0.6369,2.7465
107.0340,0.5403,2.3319
107.0342,0.5302,2.2884
107.0344,0.5319,2.2946
107.0346,0.5354,2.3064
107.0348,0.5996,2.5845
107.0350,0.6104,2.6322
107.0352,0.6484,2.7909
107.0354,0.6562,2.8271
107.0356,0.6182,2.6646
107.0358,0.6131,2.6448
107.0360,0.5371,2.3158
107.0362,0.5319,2.2935
107.0364,0.5353,2.3091
107.0366,0.5342,2.3012
107.0368,0.5704,2.4584
107.0370,0.5302,2.2863
107.0372,0.5264,2.2719
107.0374,0.5289,2.2817
107.0376,0.5758,2.4828
107.0378,0.5458,2.3524
107.0380,0.6194,2.6685
107.0382,0.629,2.7098
107.0384,0.6326,2.7253
107.0386,0.6457,2.779
107.0388,0.6797,2.9242
107.0390,0.7347,3.162
107.0392,0.7124,3.0674
107.0394,0.6522,2.8082
107.0396,0.6597,2.8394
107.0398,0.7481,3.2153
107.0400,0.7628,3.2817
107.0402,0.7077,3.0473
107.0404,0.6598,2.8439
107.0406,0.6097,2.6267
107.0408,0.6369,2.7414
107.0410,0.6977,3.0016
107.0412,0.7439,3.2002
107.0414,0.7456,3.2059
107.0416,0.7209,3.1041
107.0418,0.7077,3.0473
107.0420,0.6422,2.7666
107.0422,0.6387,2.7466
107.0424,0.7205,3.1025
107.0426,0.6325,2.7223
107.0428,0.6307,2.7145
107.0430,0.6942,2.9867
107.0432,0.7179,3.0883
107.0434,0.6849,2.9478
107.0436,0.7242,3.1142
107.0438,0.7905,3.3993
107.0440,0.7609,3.2719
107.0442,0.7239,3.1097
107.0444,0.7535,3.243
107.0446,0.7028,3.0233
107.0448,0.6865,2.9545
107.0450,0.6615,2.8458
107.0452,0.703,3.0257
107.0454,0.6819,2.9363
107.0456,0.6616,2.8464
107.0458,0.6953,2.9927
107.0460,0.6802,2.9304
107.0462,0.574,2.4739
107.0464,0.5634,2.4284
107.0466,0.5787,2.4952
107.0468,0.5568,2.4
107.0470,0.5495,2.3706
107.0472,0.5559,2.3992
107.0474,0.4892,2.1134
107.0476,0.4318,1.8653
107.0478,0.3957,1.7094
107.0480,0.3889,1.6806
107.0482,0.4818,2.0765
107.0484,0.5273,2.2718
107.0486,0.5596,2.4152
107.0488,0.5097,2.1969
107.0490,0.5553,2.3933
107.0492,0.5448,2.3505
107.0494,0.5231,2.2558
107.0496,0.5583,2.4028
107.0498,0.6124,2.6392
107.0500,0.5842,2.5178
107.0502,0.5778,2.4904
107.0504,0.6546,2.812
107.0506,0.7299,3.1355
107.0508,0.7734,3.3256
107.0510,0.7812,3.3513
107.0512,0.8477,3.6334
107.0514,0.892,3.8283
107.0516,0.867,3.7213
107.0518,0.8511,3.6512
107.0520,0.8588,3.6875
107.0522,0.8731,3.7476
107.0524,0.8734,3.7451
107.0526,0.9584,4.1058
107.0528,0.9669,4.1442
107.0530,1.0098,4.3241
107.0532,0.9932,4.2528
107.0534,0.9867,4.2329
107.0536,0.9463,4.0653
107.0538,0.8492,3.6446
107.0540,0.9254,3.9645
107.0542,1.0796,4.6208
107.0544,1.102,4.7168
107.0546,1.0907,4.668
107.0548,1.0411,4.4623
107.0550,0.9838,4.2206
107.0552,1.0058,4.3187
107.0554,0.8703,3.7352
107.0556,0.8639,3.7062
107.0558,0.9216,3.9518
107.0560,0.9283,3.988
107.0562,0.8628,3.705
107.0564,0.8922,3.8312
107.0566,0.8401,3.6139
107.0568,0.7801,3.3576
107.0570,0.7126,3.0656
107.0572,0.7505,3.2241
107.0574,0.8203,3.5222
107.0576,0.8667,3.7232
107.0578,0.8052,3.4654
107.0580,0.7791,3.3534
107.0582,0.7143,3.0714
107.0584,0.7423,3.195
107.0586,0.7166,3.0869
107.0588,0.6946,2.9896
107.0590,0.6879,2.9579
107.0592,0.7287,3.1391
107.0594,0.711,3.0631
107.0596,0.7422,3.1915
107.0598,0.8012,3.4468
107.0600,0.6837,2.9481
107.0602,0.6441,2.7775
107.0604,0.5795,2.5011
107.0606,0.5,2.157
107.0608,0.5808,2.5045
107.0610,0.6061,2.6136
107.0612,0.593,2.556
107.0614,0.6197,2.6708
107.0616,0.5787,2.4998
107.0618,0.4972,2.1471
107.0620,0.4963,2.143
107.0622,0.5518,2.3772
107.0624,0.606,2.6106
107.0626,0.6064,2.6146
107.0628,0.5994,2.5846
107.0630,0.6114,2.6327
107.0632,0.6666,2.8688
107.0634,0.6825,2.9416
107.0636,0.6596,2.8429
107.0638,0.6576,2.8301
107.0640,0.6658,2.8684
107.0642,0.5871,2.5302
107.0644,0.5736,2.4735
107.0646,0.5709,2.4604
107.0648,0.6272,2.7021
107.0650,0.6705,2.8872
107.0652,0.6986,3.0038
107.0654,0.6848,2.9569
107.0656,0.5008,2.1616
107.0658,0.4963,2.14
107.0660,0.4981,2.1507
107.0662,0.5112,2.2072
107.0664,0.5554,2.3949
107.0666,0.5446,2.3473
107.0668,0.5713,2.4671
107.0670,0.4489,1.9376
107.0672,0.4645,2.0058
107.0674,0.4946,2.1337
107.0676,0.4741,2.0472
107.0678,0.4564,1.9706
107.0680,0.4561,1.9713
107.0682,0.4565,1.9711
107.0684,0.4576,1.9712
107.0686,0.5823,2.5084
107.0688,0.5855,2.5235
107.0690,0.5078,2.1927
107.0692,0.4588,1.9809
107.0694,0.4588,1.9809
107.0696,0.4591,1.9806
107.0698,0.4536,1.9559
107.0700,0.4966,2.1455
107.0702,0.455,1.9639
107.0704,0.4488,1.937
107.0706,0.4468,1.9247
107.0708,0.5293,2.2822
107.0710,0.5508,2.3741
107.0712,0.562,2.4199
107.0714,0.5682,2.4502
107.0716,0.5638,2.4322
107.0718,0.5644,2.4314
107.0720,0.564,2.4321
107.0722,0.5656,2.4366
107.0724,0.5859,2.5239
107.0726,0.568,2.4469
107.0728,0.5765,2.4824
107.0730,0.6447,2.7698
107.0732,0.7602,3.2688
107.0734,0.7182,3.0884
107.0736,0.7348,3.1551
107.0738,0.7691,3.3024
107.0740,0.761,3.2709
107.0742,0.7451,3.2054
107.0744,0.6633,2.8536
107.0746,0.6064,2.6134
107.0748,0.5538,2.3882
107.0750,0.5554,2.3915
107.0752,0.663,2.8547
107.0754,0.662,2.8453
107.0756,0.6974,2.9973
107.0758,0.6727,2.8952
107.0760,0.6427,2.7636
107.0762,0.6193,2.6705
107.0764,0.5498,2.3717
107.0766,0.5428,2.3373
107.0768,0.58,2.5009
107.0770,0.5405,2.3275
107.0772,0.5784,2.4942
107.0774,0.4971,2.1416
107.0776,0.5155,2.2248
107.0778,0.4646,2.0053
107.0780,0.4399,1.897
107.0782,0.4686,2.0224
107.0784,0.5098,2.1994
107.0786,0.4907,2.1157
107.0788,0.495,2.1333
107.0790,0.4996,2.1525
107.0792,0.5392,2.3262
107.0794,0.4989,2.1504
107.0796,0.5188,2.2341
107.0798,0.5757,2.4788
107.0800,0.5781,2.4938
107.0802,0.5672,2.441
107.0804,0.5356,2.3085
107.0806,0.5216,2.2449
107.0808,0.5267,2.2734
107.0810,0.4222,1.8213
107.0812,0.5101,2.1974
107.0814,0.5656,2.4388
107.0816,0.5022,2.1653
107.0818,0.492,2.1203
107.0820,0.5186,2.2351
107.0822,0.5145,2.2154
107.0824,0.5655,2.4304
107.0826,0.6288,2.7037
107.0828,0.6887,2.9656
107.0830,0.6197,2.6695
107.0832,0.6072,2.6121
107.0834,0.6693,2.8793
107.0836,0.7158,3.0737
107.0838,0.8242,3.5342
107.0840,0.861,3.6886
107.0842,0.8936,3.8283
107.0844,0.9511,4.0706
107.0846,0.9971,4.2696
107.0848,1.0237,4.3877
107.0850,0.999,4.2798
107.0852,0.9897,4.2358
107.0854,1.0109,4.3266
107.0856,0.9996,4.2864
107.0858,0.8806,3.7759
107.0860,0.8392,3.6052
107.0862,0.8706,3.7262
107.0864,1.0824,4.6303
107.0866,1.074,4.5923
107.0868,1.1012,4.7109
107.0870,1.1006,4.7083
107.0872,1.089,4.6586
107.0874,1.0496,4.4987
107.0876,0.9559,4.1083
107.0878,0.8539,3.6668
107.0880,0.8852,3.7977
107.0882,0.8887,3.8126
107.0884,0.8999,3.8676
107.0886,0.7621,3.2786
107.0888,0.7314,3.1465
107.0890,0.7286,3.1361
107.0892,0.7252,3.1182
107.0894,0.761,3.2709
107.0896,0.811,3.4858
107.0898,0.821,3.5253
107.0900,0.8452,3.6259
107.0902,0.8978,3.8499
107.0904,0.9066,3.8838
107.0906,0.9169,3.9408
107.0908,0.7996,3.44
107.0910,0.7968,3.4213
107.0912,0.847,3.6404
107.0914,0.8059,3.4652
107.0916,0.7858,3.376
107.0918,0.8035,3.4501
107.0920,0.8262,3.5446
107.0922,0.8879,3.8126
107.0924,0.8704,3.7374
107.0926,0.8465,3.64
107.0928,0.7974,3.4318
107.0930,0.697,3.0013
107.0932,0.6812,2.9304
107.0934,0.7542,3.246
107.0936,0.6873,2.9581
107.0938,0.6804,2.9314
107.0940,0.7027,3.0288
107.0942,0.6188,2.6659
107.0944,0.5806,2.5011
107.0946,0.6239,2.6876
107.0948,0.6477,2.7865
107.0950,0.7195,3.094
107.0952,0.726,3.1233
107.0954,0.6803,2.9281
107.0956,0.6712,2.8876
107.0958,0.7312,3.1484
107.0960,0.6933,2.9853
107.0962,0.6872,2.9589
107.0964,0.6434,2.7756
107.0966,0.5892,2.5406
107.0968,0.5723,2.4654
107.0970,0.582,2.5085
107.0972,0.5796,2.5004
107.0974,0.5718,2.4668
107.0976,0.5742,2.4726
107.0978,0.618,2.661
107.0980,0.5516,2.3794
107.0982,0.511,2.2005
107.0984,0.6421,2.7648
107.0986,0.5843,2.5206
107.0988,0.5518,2.3804
107.0990,0.5327,2.2971
107.0992,0.523,2.2563
107.0994,0.5167,2.2309
107.0996,0.5215,2.2485
107.0998,0.5277,2.2754
107.1000,0.5591,2.4109
107.1002,0.5186,2.2371
107.1004,0.5134,2.2139
107.1006,0.535,2.308
107.1008,0.5394,2.3282
107.1010,0.5277,2.2775
107.1012,0.5138,2.2154
107.1014,0.5147,2.2185
107.1016,0.5592,2.408
107.1018,0.6267,2.6962
107.1020,0.6403,2.7609
107.1022,0.5589,2.4065
107.1024,0.6139,2.6447
107.1026,0.6637,2.8577
107.1028,0.6628,2.8515
107.1030,0.6615,2.8458
107.1032,0.6759,2.9104
107.1034,0.6808,2.9261
107.1036,0.7313,3.1431
107.1038,0.717,3.0817
107.1040,0.7079,3.0497
107.1042,0.6382,2.7483
107.1044,0.6408,2.7591
107.1046,0.6484,2.787
107.1048,0.7092,3.0482
107.1050,0.732,3.1462
107.1052,0.7882,3.3879
107.1054,0.7808,3.3559
107.1056,0.7117,3.0605
107.1058,0.7204,3.0962
107.1060,0.7798,3.3502
107.1062,0.8886,3.8174
107.1064,0.8784,3.7701
107.1066,0.884,3.7925
107.1068,0.8466,3.6304
107.1070,0.8225,3.5402
107.1072,0.751,3.2306
107.1074,0.7468,3.2125
107.1076,0.7273,3.1333
107.1078,0.6796,2.9278
107.1080,0.6363,2.74
107.1082,0.6302,2.7124
107.1084,0.6993,3.0125
107.1086,0.6324,2.723
107.1088,0.6145,2.6485
107.1090,0.609,2.6259
107.1092,0.5992,2.5835
107.1094,0.6002,2.5858
107.1096,0.5965,2.5686
107.1098,0.6409,2.7583
107.1100,0.6627,2.8523
107.1102,0.6229,2.6834
107.1104,0.6037,2.602
107.1106,0.5807,2.5016
107.1108,0.6026,2.5973
107.1110,0.5929,2.5567
107.1112,0.5843,2.5159
107.1114,0.636,2.7359
107.1116,0.6706,2.885
107.1118,0.6975,3.0047
107.1120,0.642,2.7656
107.1122,0.6598,2.8412
107.1124,0.6085,2.6227
107.1126,0.6055,2.6085
107.1128,0.6264,2.7009
107.1130,0.5471,2.3592
107.1132,0.4856,2.093
107.1134,0.538,2.3177
107.1136,0.5764,2.4842
107.1138,0.5402,2.3313
107.1140,0.4809,2.0776
107.1142,0.4837,2.0857
107.1144,0.5655,2.4337
107.1146,0.6368,2.7433
107.1148,0.6327,2.7233
107.1150,0.6806,2.9251
107.1152,0.7027,3.0232
107.1154,0.676,2.9109
107.1156,0.6681,2.8755
107.1158,0.6559,2.8202
107.1160,0.6912,2.9709
107.1162,0.7604,3.2668
107.1164,0.771,3.3152
107.1166,0.679,2.9225
107.1168,0.698,3.0012
107.1170,0.759,3.2636
107.1172,0.7358,3.1671
107.1174,0.7223,3.1001
107.1176,0.8864,3.7993
107.1178,0.9721,4.1662
107.1180,0.9616,4.1234
107.1182,0.9206,3.9457
107.1184,0.9599,4.1124
107.1186,0.9845,4.2197
107.1188,0.9506,4.0818
107.1190,0.8954,3.8432
107.1192,0.9818,4.2039
107.1194,0.9637,4.136
107.1196,0.9049,3.8802
107.1198,0.9185,3.942
107.1200,0.8824,3.7889
107.1202,0.8821,3.7861
107.1204,0.9468,4.0559
107.1206,0.9843,4.2186
107.1208,0.9357,4.0161
107.1210,0.8856,3.7992
107.1212,0.9047,3.8882
107.1214,0.8423,3.6152
107.1216,0.8551,3.6737
107.1218,0.7989,3.4353
107.1220,0.8174,3.5114
107.1222,0.8426,3.6179
107.1224,0.882,3.782
107.1226,0.9246,3.9664
107.1228,0.8928,3.8337
107.1230,0.8205,3.5248
107.1232,0.8635,3.708
107.1234,0.8785,3.7742
107.1236,0.849,3.6474
107.1238,0.8427,3.6201
107.1240,0.8268,3.5521
107.1242,0.8097,3.4801
107.1244,0.7776,3.3435
107.1246,0.8718,3.7436
107.1248,0.8975,3.8519
107.1250,0.8785,3.7742
107.1252,0.898,3.854
107.1254,0.9803,4.1997
107.1256,0.9858,4.2293
107.1258,0.9663,4.1454
107.1260,1.0078,4.3214
107.1262,1,4.2939
107.1264,0.8242,3.5474
107.1266,0.7637,3.2868
107.1268,0.7718,3.3188
107.1270,0.7533,3.2439
107.1272,0.6363,2.7426
107.1274,0.6025,2.598
107.1276,0.5598,2.4184
107.1278,0.551,2.3746
107.1280,0.6501,2.7994
107.1282,0.6637,2.863
107.1284,0.5652,2.4418
107.1286,0.4796,2.071
107.1288,0.4856,2.0959
107.1290,0.4879,2.1047
107.1292,0.4958,2.1418
107.1294,0.4406,1.9071
107.1296,0.4007,1.7335
107.1298,0.3999,1.7283
107.1300,0.3965,1.713
107.1302,0.4367,1.8865
107.1304,0.4519,1.9532
107.1306,0.4465,1.9281
107.1308,0.4579,1.9754
107.1310,0.5041,2.1766
107.1312,0.4643,2.0056
107.1314,0.5016,2.1627
107.1316,0.5385,2.3252
107.1318,0.4755,2.0543
107.1320,0.4796,2.071
107.1322,0.4613,1.9917
107.1324,0.4598,1.9855
107.1326,0.4622,1.9959
107.1328,0.464,2.0037
107.1330,0.4628,1.9975
107.1332,0.4586,1.9804
107.1334,0.4986,2.1508
107.1336,0.5573,2.3998
107.1338,0.6042,2.5992
107.1340,0.6066,2.6156
107.1342,0.5199,2.2439
107.1344,0.4573,1.9737
107.1346,0.4555,1.9651
107.1348,0.4567,1.9712
107.1350,0.4836,2.088
107.1352,0.5324,2.2956
107.1354,0.5513,2.3751
107.1356,0.5932,2.5541
107.1358,0.6451,2.7764
107.1360,0.6101,2.6306
107.1362,0.4782,2.0619
107.1364,0.5053,2.1797
107.1366,0.4638,2.0008
107.1368,0.579,2.4944
107.1370,0.5986,2.5774
107.1372,0.6089,2.623
107.1374,0.5652,2.4361
107.1376,0.5695,2.4547
107.1378,0.5906,2.5409
107.1380,0.6087,2.6237
107.1382,0.5717,2.4652
107.1384,0.6101,2.6269
107.1386,0.6471,2.7826
107.1388,0.7227,3.1045
107.1390,0.7561,3.2588
107.1392,0.5649,2.4357
107.1394,0.5366,2.3104
107.1396,0.5394,2.3261
107.1398,0.5397,2.3282
107.1400,0.5313,2.2888
107.1402,0.591,2.5448
107.1404,0.64,2.7547
107.1406,0.6647,2.8584
107.1408,0.673,2.898
107.1410,0.556,2.3974
107.1412,0.5468,2.3543
107.1414,0.6511,2.7983
107.1416,0.6812,2.9317
107.1418,0.6283,2.7067
107.1420,0.6141,2.6445
107.1422,0.6363,2.7375
107.1424,0.6188,2.6659
107.1426,0.5598,2.4084
107.1428,0.6386,2.7473
107.1430,0.5832,2.5148
107.1432,0.55,2.3694
107.1434,0.6206,2.6699
107.1436,0.6579,2.8329
107.1438,0.5628,2.4258
107.1440,0.589,2.5337
107.1442,0.6851,2.9474
107.1444,0.6375,2.7439
107.1446,0.5918,2.5496
107.1448,0.559,2.4115
107.1450,0.5029,2.1694
107.1452,0.5161,2.2253
107.1454,0.559,2.4081
107.1456,0.5734,2.4724
107.1458,0.5358,2.3095
107.1460,0.5536,2.3893
107.1462,0.4415,1.9063
107.1464,0.4285,1.8487
107.1466,0.4352,1.8777
107.1468,0.4091,1.7657
107.1470,0.4626,1.9984
107.1472,0.4179,1.8001
107.1474,0.5272,2.2691
107.1476,0.5345,2.3059
107.1478,0.4958,2.1379
107.1480,0.5372,2.3141
107.1482,0.5155,2.2227
107.1484,0.4908,2.1162
107.1486,0.4869,2.1006
107.1488,0.4994,2.1534
107.1490,0.5281,2.2748
107.1492,0.5735,2.4672
107.1494,0.6133,2.6409
107.1496,0.5754,2.4766
107.1498,0.5812,2.5002
107.1500,0.6915,2.972
107.1502,0.7343,3.153
107.1504,0.7703,3.3075
107.1506,0.7802,3.3486
107.1508,0.8414,3.6128
107.1510,0.861,3.6921
107.1512,0.8585,3.6864
107.1514,0.8027,3.4438
107.1516,0.8669,3.719
107.1518,0.8834,3.7864
107.1520,0.9569,4.0976
107.1522,0.9753,4.1762
107.1524,0.9725,4.1644
107.1526,0.9812,4.2013
107.1528,1.012,4.3292
107.1530,1.0336,4.434
107.1532,0.8858,3.8056
107.1534,0.8428,3.624
107.1536,0.8295,3.5535
107.1538,0.9199,3.9445
107.1540,0.8905,3.8221
107.1542,0.831,3.5652
107.1544,0.8273,3.5509
107.1546,0.8268,3.5538
107.1548,0.8115,3.4878
107.1550,0.8187,3.5138
107.1552,0.8526,3.6578
107.1554,0.8773,3.7655
107.1556,0.8936,3.8337
107.1558,0.903,3.8738
107.1560,0.8765,3.7654
107.1562,0.812,3.4915
107.1564,0.8122,3.486
107.1566,0.8487,3.6391
107.1568,0.9197,3.9416
107.1570,0.9451,4.0525
107.1572,0.9253,3.9713
107.1574,0.8896,3.818
107.1576,0.8619,3.7008
107.1578,0.8492,3.6463
107.1580,0.8508,3.6569
107.1582,0.8152,3.5022
107.1584,0.7825,3.3631
107.1586,0.7886,3.3894
107.1588,0.7891,3.3883
107.1590,0.7916,3.3975
107.1592,0.8429,3.6161
107.1594,0.8704,3.7461
107.1596,0.6675,2.8769
107.1598,0.6856,2.9481
107.1600,0.6815,2.936
107.1602,0.5946,2.5675
107.1604,0.5403,2.3286
107.1606,0.6192,2.6662
107.1608,0.6499,2.7996
107.1610,0.6499,2.8009
107.1612,0.6414,2.7643
107.1614,0.6115,2.6331
107.1616,0.637,2.7418
107.1618,0.6548,2.8208
107.1620,0.6939,2.9851
107.1622,0.6987,3.0057
107.1624,0.7017,3.02
107.1626,0.7126,3.0669
107.1628,0.7692,3.309
107.1630,0.7697,3.308
107.1632,0.7531,3.2399
107.1634,0.7062,3.0396
107.1636,0.6929,2.9865
107.1638,0.5796,2.4981
107.1640,0.5646,2.4313
107.1642,0.6056,2.6103
107.1644,0.6343,2.7338
107.1646,0.6656,2.862
107.1648,0.721,3.1016
107.1650,0.7033,3.0286
107.1652,0.6423,2.7658
107.1654,0.5832,2.5113
107.1656,0.5754,2.4823
107.1658,0.5659,2.4403
107.1660,0.5766,2.484
107.1662,0.5777,2.4898
107.1664,0.5952,2.5653
107.1666,0.6011,2.5882
107.1668,0.6572,2.8285
107.1670,0.6478,2.7935
107.1672,0.5132,2.2149
107.1674,0.5439,2.343
107.1676,0.5819,2.5079
107.1678,0.5418,2.3375
107.1680,0.5886,2.5322
107.1682,0.7176,3.0872
107.1684,0.6332,2.7317
107.1686,0.5336,2.3007
107.1688,0.5288,2.2801
107.1690,0.5275,2.2733
107.1692,0.5273,2.2739
107.1694,0.5506,2.3731
107.1696,0.5586,2.4088
107.1698,0.5285,2.2769
107.1700,0.5711,2.458
107.1702,0.6206,2.6736
107.1704,0.6151,2.6474
107.1706,0.6303,2.7129
107.1708,0.6354,2.7359
107.1710,0.6354,2.7371
107.1712,0.6343,2.7325
107.1714,0.6408,2.7565
107.1716,0.6915,2.972
107.1718,0.7373,3.1659
107.1720,0.8042,3.4532
107.1722,0.7933,3.4127
107.1724,0.7227,3.1117
107.1726,0.6667,2.868
107.1728,0.6302,2.7137
107.1730,0.628,2.7069
107.1732,0.6267,2.6987
107.1734,0.631,2.7148
107.1736,0.6878,2.956
107.1738,0.7259,3.1199
107.1740,0.7602,3.2673
107.1742,0.7922,3.4033
107.1744,0.8565,3.6828
107.1746,0.7274,3.1266
107.1748,0.7796,3.3508
107.1750,0.7017,3.0228
107.1752,0.6231,2.6845
107.1754,0.6589,2.8344
107.1756,0.6833,2.9424
107.1758,0.6388,2.7483
107.1760,0.7394,3.184
107.1762,0.6639,2.8614
107.1764,0.5625,2.4242
107.1766,0.5498,2.3705
107.1768,0.5784,2.4918
107.1770,0.5999,2.5843
107.1772,0.5787,2.4928
107.1774,0.6127,2.6395
107.1776,0.6061,2.6135
107.1778,0.587,2.5313
107.1780,0.5614,2.4196
107.1782,0.5338,2.3018
107.1784,0.5332,2.2981
107.1786,0.5174,2.232
107.1788,0.4999,2.1565
107.1790,0.4994,2.1544
107.1792,0.5303,2.2889
107.1794,0.504,2.173
107.1796,0.5553,2.3899
107.1798,0.6422,2.764
107.1800,0.5932,2.5565
107.1802,0.5355,2.309
107.1804,0.534,2.3017
107.1806,0.5354,2.3053
107.1808,0.5839,2.5167
107.1810,0.5981,2.5777
107.1812,0.5703,2.4544
107.1814,0.5555,2.3976
107.1816,0.4722,2.037
107.1818,0.4951,2.1348
107.1820,0.4838,2.0852
107.1822,0.5386,2.3192
107.1824,0.6225,2.6781
107.1826,0.6328,2.725
107.1828,0.5986,2.5774
107.1830,0.6028,2.5942
107.1832,0.6223,2.6759
107.1834,0.6706,2.881
107.1836,0.7557,3.2467
107.1838,0.8037,3.4511
107.1840,0.8364,3.585
107.1842,0.8718,3.7436
107.1844,0.8507,3.6529
107.1846,0.8393,3.599
107.1848,0.8493,3.6383
107.1850,0.9351,4.0004
107.1852,0.9731,4.1689
107.1854,0.9373,4.0116
107.1856,1.0649,4.5554
107.1858,1.0857,4.6512
107.1860,1.073,4.5882
107.1862,1.0973,4.6901
107.1864,1.1284,4.8296
107.1866,1.0723,4.5894
107.1868,1.0137,4.3445
107.1870,0.8872,3.8095
107.1872,0.8511,3.6596
107.1874,0.8334,3.5805
107.1876,0.8487,3.6391
107.1878,0.9236,3.9604
107.1880,0.9532,4.0893
107.1882,0.8942,3.8363
107.1884,0.8988,3.8612
107.1886,0.8569,3.6814
107.1888,0.8246,3.5391
107.1890,0.8368,3.5899
107.1892,0.8851,3.8025
107.1894,0.8917,3.8237
107.1896,0.9566,4.0999
107.1898,0.9833,4.2204
107.1900,0.9346,4.0096
107.1902,0.9185,3.9438
107.1904,0.8698,3.7348
107.1906,0.8964,3.8545
107.1908,0.8393,3.604
107.1910,0.8561,3.6727
107.1912,0.93,3.9914
107.1914,0.9566,4.1037
107.1916,0.9091,3.911
107.1918,0.8227,3.5325
107.1920,0.8892,3.8164
107.1922,0.8538,3.68
107.1924,0.6706,2.8904
107.1926,0.645,2.7772
107.1928,0.6599,2.8444
107.1930,0.5888,2.5414
107.1932,0.5584,2.4089
107.1934,0.523,2.2563
107.1936,0.5102,2.204
107.1938,0.5376,2.3172
107.1940,0.6338,2.7304
107.1942,0.6343,2.7325
107.1944,0.6673,2.8679
107.1946,0.7267,3.1293
107.1948,0.7045,3.031
107.1950,0.7234,3.1221
107.1952,0.5369,2.3195
107.1954,0.5198,2.2423
107.1956,0.5679,2.4475
107.1958,0.579,2.4955
107.1960,0.5999,2.5831
107.1962,0.6004,2.5899
107.1964,0.5188,2.2392
107.1966,0.4916,2.1218
107.1968,0.5074,2.189
107.1970,0.5528,2.3846
107.1972,0.5815,2.5099
107.1974,0.4558,1.9698
107.1976,0.4173,1.8034
107.1978,0.6405,2.7645
107.1980,0.5029,2.1704
107.1982,0.5099,2.2009
107.1984,0.4742,2.0486
107.1986,0.4409,1.9037
107.1988,0.4386,1.8939
107.1990,0.4453,1.9238
107.1992,0.4452,1.9233
107.1994,0.4788,2.0654
107.1996,0.4398,1.8982
107.1998,0.4349,1.8778
107.2000,0.464,2.0046
107.2002,0.4607,1.9882
107.2004,0.4519,1.9523
107.2006,0.4396,1.8989
107.2008,0.433,1.8696
107.2010,0.4435,1.9133
107.2012,0.4493,1.9382
107.2014,0.4683,2.0204
107.2016,0.4585,1.978
107.2018,0.5066,2.1834
107.2020,0.5869,2.5285
107.2022,0.6626,2.8531
107.2024,0.6121,2.6345
107.2026,0.5994,2.5798
107.2028,0.643,2.7663
107.2030,0.7255,3.1169
107.2032,0.7548,3.2441
107.2034,0.7361,3.1637
107.2036,0.7297,3.1437
107.2038,0.6555,2.8239
107.2040,0.6584,2.8337
107.2042,0.6488,2.7911
107.2044,0.7171,3.0808
107.2046,0.7898,3.393
107.2048,0.7665,3.2946
107.2050,0.7328,3.1512
107.2052,0.7228,3.1079
107.2054,0.7609,3.2719
107.2056,0.6986,3.0038
107.2058,0.7575,3.2559
107.2060,0.8079,3.4708
107.2062,0.7361,3.1652
107.2064,0.734,3.1549
107.2066,0.7099,3.0528
107.2068,0.7176,3.0872
107.2070,0.7035,3.0277
107.2072,0.6346,2.7353
107.2074,0.5693,2.4525
107.2076,0.6169,2.6514
107.2078,0.681,2.9326
107.2080,0.6272,2.7033
107.2082,0.5694,2.4519
107.2084,0.5857,2.528
107.2086,0.4998,2.1549
107.2088,0.5331,2.2976
107.2090,0.5501,2.3743
107.2092,0.4945,2.1332
107.2094,0.5188,2.2371
107.2096,0.4935,2.129
107.2098,0.4947,2.1342
107.2100,0.5116,2.2061
107.2102,0.5349,2.3075
107.2104,0.4976,2.1466
107.2106,0.4988,2.1518
107.2108,0.5505,2.3692
107.2110,0.5987,2.5779
107.2112,0.5499,2.37
107.2114,0.5489,2.3647
107.2116,0.5242,2.2594
107.2118,0.5023,2.1658
107.2120,0.5055,2.1818
107.2122,0.4932,2.1255
107.2124,0.5237,2.2583
107.2126,0.4625,1.9988
107.2128,0.4074,1.7576
107.2130,0.4277,1.8451
107.2132,0.4147,1.7875
107.2134,0.4932,2.1255
107.2136,0.5739,2.471
107.2138,0.5922,2.5512
107.2140,0.5917,2.5479
107.2142,0.5956,2.5657
107.2144,0.5843,2.5171
107.2146,0.5483,2.3643
107.2148,0.4922,2.1204
107.2150,0.4869,2.0996
107.2152,0.5029,2.1664
107.2154,0.5676,2.4419
107.2156,0.6579,2.829
107.2158,0.7733,3.3219
107.2160,0.7591,3.2581
107.2162,0.7729,3.3173
107.2164,0.815,3.5028
107.2166,0.7569,3.2518
107.2168,0.7223,3.103
107.2170,0.7951,3.4093
107.2172,0.9027,3.8692
107.2174,0.853,3.6644
107.2176,0.845,3.6232
107.2178,0.9339,4.0047
107.2180,0.9011,3.8566
107.2182,1.0038,4.2944
107.2184,1.026,4.3954
107.2186,1.0238,4.3841
107.2188,1.0687,4.5761
107.2190,1.0322,4.4159
107.2192,0.9706,4.1659
107.2194,0.8777,3.7635
107.2196,0.8918,3.8188
107.2198,0.9661,4.1367
107.2200,0.9718,4.1671
107.2202,0.9289,3.9886
107.2204,0.8237,3.5404
107.2206,0.8043,3.4537
107.2208,0.8824,3.7836
107.2210,0.9012,3.8643
107.2212,0.9532,4.0874
107.2214,0.9113,3.9148
107.2216,0.8393,3.6057
107.2218,0.8869,3.8067
107.2220,0.8827,3.7886
107.2222,0.8549,3.6693
107.2224,0.88,3.7733
107.2226,0.9173,3.9314
107.2228,0.9063,3.8864
107.2230,0.9199,3.9445
107.2232,1.0023,4.3017
107.2234,0.9688,4.1543
107.2236,0.9898,4.2383
107.2238,1.0271,4.398
107.2240,1.0462,4.4817
107.2242,1.047,4.4874
107.2244,1.0015,4.2926
107.2246,0.9297,3.996
107.2248,0.8456,3.6376
107.2250,0.8003,3.4367
107.2252,0.8712,3.7427
107.2254,0.8541,3.6657
107.2256,0.8216,3.5328
107.2258,0.7699,3.309
107.2260,0.7886,3.3862
107.2262,0.8194,3.5218
107.2264,0.8128,3.4951
107.2266,0.7626,3.2806
107.2268,0.6987,3.0127
107.2270,0.6254,2.693
107.2272,0.6846,2.9494
107.2274,0.6038,2.6037
107.2276,0.5995,2.5815
107.2278,0.6434,2.7718
107.2280,0.6339,2.736
107.2282,0.5868,2.5279
107.2284,0.6474,2.7875
107.2286,0.6339,2.7284
107.2288,0.658,2.8361
107.2290,0.6505,2.7983
107.2292,0.6725,2.8946
107.2294,0.6526,2.8141
107.2296,0.5906,2.5445
107.2298,0.6035,2.5997
107.2300,0.5806,2.5011
107.2302,0.5806,2.5034
107.2304,0.5725,2.4676
107.2306,0.5746,2.473
107.2308,0.6626,2.8491
107.2310,0.7453,3.2108
107.2312,0.6745,2.9082
107.2314,0.5736,2.4746
107.2316,0.559,2.4103
107.2318,0.5593,2.4119
107.2320,0.5585,2.4083
107.2322,0.5735,2.4718
107.2324,0.544,2.3479
107.2326,0.4851,2.0957
107.2328,0.4773,2.0611
107.2330,0.492,2.1213
107.2332,0.551,2.3768
107.2334,0.5414,2.3354
107.2336,0.5376,2.3151
107.2338,0.5987,2.5803
107.2340,0.6583,2.8279
107.2342,0.7933,3.4127
107.2344,0.6512,2.8066
107.2346,0.5436,2.3453
107.2348,0.5308,2.2899
107.2350,0.5288,2.279
107.2352,0.5529,2.3818
107.2354,0.6053,2.6075
107.2356,0.6213,2.673
107.2358,0.7011,3.016
107.2360,0.6635,2.8559
107.2362,0.6589,2.8384
107.2364,0.6686,2.8802
107.2366,0.6312,2.7165
107.2368,0.6554,2.8208
107.2370,0.6875,2.955
107.2372,0.7221,3.1034
107.2374,0.7584,3.258
107.2376,0.8165,3.5046
107.2378,0.8771,3.768
107.2380,0.825,3.5494
107.2382,0.7231,3.1138
107.2384,0.639,2.7539
107.2386,0.612,2.634
107.2388,0.6591,2.8381
107.2390,0.6215,2.6785
107.2392,0.6105,2.6314
107.2394,0.6071,2.6165
107.2396,0.6215,2.6723
107.2398,0.7153,3.076
107.2400,0.7374,3.1723
107.2402,0.7274,3.1309
107.2404,0.6253,2.6938
107.2406,0.6141,2.6396
107.2408,0.7524,3.2323
107.2410,0.7791,3.3534
107.2412,0.7083,3.0484
107.2414,0.697,2.9971
107.2416,0.7048,3.032
107.2418,0.7641,3.2889
107.2420,0.7108,3.0592
107.2422,0.6398,2.7537
107.2424,0.6577,2.8319
107.2426,0.6952,2.9893
107.2428,0.7147,3.0762
107.2430,0.649,2.7973
107.2432,0.593,2.5572
107.2434,0.5646,2.4358
107.2436,0.5563,2.3979
107.2438,0.565,2.4339
107.2440,0.594,2.5578
107.2442,0.6674,2.8764
107.2444,0.629,2.7098
107.2446,0.6393,2.7516
107.2448,0.6912,2.9751
107.2450,0.6646,2.8658
107.2452,0.5526,2.3807
107.2454,0.574,2.475
107.2456,0.5345,2.307
107.2458,0.512,2.2077
107.2460,0.5236,2.2599
107.2462,0.5356,2.3074
107.2464,0.5885,2.5375
107.2466,0.5128,2.2123
107.2468,0.497,2.143
107.2470,0.544,2.3457
107.2472,0.5061,2.1834
107.2474,0.4894,2.1105
107.2476,0.4918,2.1238
107.2478,0.4898,2.114
107.2480,0.4939,2.1286
107.2482,0.5695,2.4524
107.2484,0.573,2.4708
107.2486,0.6074,2.6144
107.2488,0.6651,2.8586
107.2490,0.7179,3.0882
107.2492,0.6866,2.9522
107.2494,0.7123,3.0631
107.2496,0.7617,3.274
107.2498,0.7783,3.3389
107.2500,0.8194,3.5169
107.2502,0.8599,3.6909
107.2504,0.89,3.8183
107.2506,0.8568,3.6741
107.2508,0.9402,4.0295
107.2510,1.0243,4.3862
107.2512,1.1008,4.7071
107.2514,1.1141,4.7685
107.2516,1.1086,4.7382
107.2518,1.1629,4.9704
107.2520,1.1084,4.7527
107.2522,0.9334,4.0026
107.2524,0.9374,4.0196
107.2526,0.9891,4.2412
107.2528,0.9589,4.1078
107.2530,0.9809,4.2042
107.2532,0.979,4.198
107.2534,0.9584,4.1134
107.2536,0.8834,3.7935
107.2538,0.8824,3.7853
107.2540,0.9586,4.1144
107.2542,0.934,4.0052
107.2544,0.9554,4.1024
107.2546,0.899,3.8586
107.2548,0.9459,4.058
107.2550,0.9376,4.0206
107.2552,0.9235,3.971
107.2554,0.8174,3.5147
107.2556,0.8349,3.585
107.2558,0.8673,3.724
107.2560,0.877,3.7675
107.2562,0.846,3.6362
107.2564,0.7758,3.3358
107.2566,0.7519,3.2377
107.2568,0.7066,3.0426
107.2570,0.7239,3.1126
107.2572,0.7736,3.3234
107.2574,0.7712,3.3239
107.2576,0.6838,2.9417
107.2578,0.7813,3.3548
107.2580,0.7939,3.4137
107.2582,0.8055,3.4621
107.2584,0.7513,3.2396
107.2586,0.6333,2.7322
107.2588,0.5908,2.5497
107.2590,0.5111,2.2071
107.2592,0.512,2.2118
107.2594,0.4951,2.1368
107.2596,0.551,2.3724
107.2598,0.6508,2.7999
107.2600,0.6544,2.8206
107.2602,0.5974,2.5782
107.2604,0.5679,2.4475
107.2606,0.6186,2.6648
107.2608,0.6989,3.0067
107.2610,0.6987,3.0099
107.2612,0.6288,2.71
107.2614,0.6078,2.6196
107.2616,0.609,2.6259
107.2618,0.6116,2.6361
107.2620,0.598,2.5772
107.2622,0.5626,2.427
107.2624,0.5289,2.2816
107.2626,0.5731,2.4702
107.2628,0.6109,2.6318
107.2630,0.5759,2.4821
107.2632,0.5356,2.3106
107.2634,0.5464,2.3572
107.2636,0.5583,2.4084
107.2638,0.5941,2.5583
107.2640,0.6775,2.9157
107.2642,0.6566,2.8299
107.2644,0.612,2.6364
107.2646,0.6308,2.7163
107.2648,0.6568,2.8309
107.2650,0.5698,2.4603
107.2652,0.4597,1.9869
107.2654,0.4483,1.9376
107.2656,0.4475,1.9322
107.2658,0.4505,1.9433
107.2660,0.4585,1.9798
107.2662,0.4593,1.9835
107.2664,0.4482,1.9344
107.2666,0.4494,1.9387
107.2668,0.4508,1.9476
107.2670,0.4506,1.9457
107.2672,0.4932,2.1275
107.2674,0.4614,1.9932
107.2676,0.4506,1.9466
107.2678,0.4476,1.9309
107.2680,0.4508,1.9458
107.2682,0.448,1.9325
107.2684,0.5246,2.2599
107.2686,0.5507,2.3758
107.2688,0.5448,2.3461
107.2690,0.6012,2.5911
107.2692,0.5511,2.3762
107.2694,0.55,2.3705
107.2696,0.5541,2.388
107.2698,0.5508,2.3719
107.2700,0.5553,2.3921
107.2702,0.5534,2.386
107.2704,0.5585,2.4072
107.2706,0.5574,2.4025
107.2708,0.6055,2.6061
107.2710,0.6533,2.8081
107.2712,0.7035,3.0249
107.2714,0.7727,3.3209
107.2716,0.662,2.8531
107.2718,0.5524,2.3797
107.2720,0.5486,2.3643
107.2722,0.5384,2.3214
107.2724,0.539,2.324
107.2726,0.5384,2.3193
107.2728,0.5644,2.4302
107.2730,0.6264,2.6984
107.2732,0.6599,2.8391
107.2734,0.6589,2.8344
107.2736,0.6294,2.7126
107.2738,0.5785,2.4888
107.2740,0.7128,3.0637
107.2742,0.7601,3.2652
107.2744,0.7061,3.0377
107.2746,0.6761,2.9128
107.2748,0.5989,2.5801
107.2750,0.5358,2.3095
107.2752,0.5488,2.3642
107.2754,0.5846,2.5187
107.2756,0.6397,2.7519
107.2758,0.7065,3.0378
107.2760,0.6225,2.6831
107.2762,0.5834,2.5135
107.2764,0.5307,2.2883
107.2766,0.5211,2.2459
107.2768,0.5315,2.2951
107.2770,0.4236,1.8266
107.2772,0.4699,2.029
107.2774,0.4128,1.7834
107.2776,0.4052,1.7486
107.2778,0.4049,1.7484
107.2780,0.4007,1.7295
107.2782,0.42,1.8111
107.2784,0.5006,2.1576
107.2786,0.4504,1.9437
107.2788,0.4374,1.8878
107.2790,0.4193,1.8114
107.2792,0.4324,1.8626
107.2794,0.5545,2.3868
107.2796,0.5731,2.4725
107.2798,0.4741,2.0452
107.2800,0.4568,1.9708
107.2802,0.4572,1.9705
107.2804,0.4687,2.022
107.2806,0.4904,2.1156
107.2808,0.4785,2.0653
107.2810,0.4971,2.1406
107.2812,0.5578,2.3985
107.2814,0.6173,2.6542
107.2816,0.6442,2.7689
107.2818,0.7057,3.0319
107.2820,0.6939,2.9837
107.2822,0.6784,2.9172
107.2824,0.6966,2.9913
107.2826,0.7475,3.2082
107.2828,0.8056,3.4594
107.2830,0.8026,3.4401
107.2832,0.8791,3.7662
107.2834,0.9621,4.1101
107.2836,1.1199,4.7819
107.2838,1.1657,4.9868
107.2840,1.0947,4.681
107.2842,1.0978,4.6965
107.2844,1.0306,4.4108
107.2846,0.9953,4.2599
107.2848,1.0429,4.4595
107.2850,1.0318,4.4139
107.2852,1.0331,4.4216
107.2854,1.0631,4.5499
107.2856,1.0581,4.5331
107.2858,1.0665,4.5669
107.2860,1.0742,4.5912
107.2862,1.0892,4.6639
107.2864,1.0116,4.3419
107.2866,0.8735,3.7473
107.2868,0.8631,3.7042
107.2870,0.9393,4.0278
107.2872,1.0061,4.3081
107.2874,1.0182,4.3681
107.2876,0.8828,3.7909
107.2878,0.8529,3.6554
107.2880,0.8679,3.7283
107.2882,0.7959,3.424
107.2884,0.7958,3.4155
107.2886,0.8717,3.7396
107.2888,0.8569,3.6814
107.2890,0.8567,3.6804
107.2892,0.789,3.3894
107.2894,0.7791,3.3518
107.2896,0.7581,3.26
107.2898,0.7826,3.3636
107.2900,0.8001,3.4405
107.2902,0.7843,3.3756
107.2904,0.7107,3.0587
107.2906,0.7366,3.1657
107.2908,0.79,3.3924
107.2910,0.8043,3.4585
107.2912,0.7322,3.1516
107.2914,0.6529,2.8152
107.2916,0.6006,2.5874
107.2918,0.6019,2.5954
107.2920,0.5632,2.4284
107.2922,0.5635,2.4322
107.2924,0.5475,2.3618
107.2926,0.5573,2.4009
107.2928,0.6163,2.6501
107.2930,0.7111,3.0636
107.2932,0.5981,2.5801
107.2934,0.5772,2.4889
107.2936,0.636,2.7346
107.2938,0.7277,3.1291
107.2940,0.6634,2.8593
107.2942,0.5804,2.4983
107.2944,0.6412,2.7625
107.2946,0.6071,2.614
107.2948,0.7243,3.1204
107.2950,0.6469,2.7841
107.2952,0.6397,2.7583
107.2954,0.6314,2.7214
107.2956,0.64,2.7535
107.2958,0.6679,2.8731
107.2960,0.6948,2.992
107.2962,0.6833,2.9424
107.2964,0.6591,2.8407
107.2966,0.6079,2.6201
107.2968,0.5815,2.5041
107.2970,0.647,2.786
107.2972,0.6526,2.8128
107.2974,0.5809,2.5038
107.2976,0.5691,2.4492
107.2978,0.642,2.7643
107.2980,0.6593,2.8444
107.2982,0.579,2.4967
107.2984,0.5749,2.4768
107.2986,0.5838,2.5139
107.2988,0.6188,2.6671
107.2990,0.6155,2.6526
107.2992,0.5915,2.5469
107.2994,0.5423,2.3417
107.2996,0.4874,2.1046
107.2998,0.481,2.0762
107.3000,0.5111,2.2051
107.3002,0.5373,2.3114
107.3004,0.7137,3.0716
107.3006,0.7054,3.0402
107.3008,0.5639,2.4315
107.3010,0.5821,2.5066
107.3012,0.6923,2.9811
107.3014,0.676,2.9123
107.3016,0.6541,2.8151
107.3018,0.6718,2.8901
107.3020,0.7368,3.1638
107.3022,0.8179,3.5135
107.3024,0.8068,3.4645
107.3026,0.791,3.3997
107.3028,0.7676,3.2992
107.3030,0.814,3.497
107.3032,0.7868,3.3848
107.3034,0.7263,3.1243
107.3036,0.7644,3.2822
107.3038,0.8477,3.6367
107.3040,0.852,3.6552
107.3042,0.9105,3.9044
107.3044,0.9667,4.1411
107.3046,1.0273,4.399
107.3048,1.0267,4.4026
107.3050,0.9748,4.1858
107.3052,0.9081,3.9032
107.3054,0.7818,3.3647
107.3056,0.6578,2.8351
107.3058,0.6302,2.7137
107.3060,0.6605,2.843
107.3062,0.7127,3.066
107.3064,0.7478,3.2157
107.3066,0.7484,3.2183
107.3068,0.7084,3.0461
107.3070,0.7677,3.2982
107.3072,0.7737,3.3317
107.3074,0.6435,2.771
107.3076,0.6637,2.8604
107.3078,0.6757,2.9121
107.3080,0.5821,2.5113
107.3082,0.5513,2.3784
107.3084,0.5492,2.3669
107.3086,0.5516,2.3772
107.3088,0.5929,2.5555
107.3090,0.5733,2.4707
107.3092,0.5861,2.5272
107.3094,0.5647,2.434
107.3096,0.5725,2.4688
107.3098,0.6056,2.6151
107.3100,0.5128,2.2123
107.3102,0.5103,2.1984
107.3104,0.5303,2.2868
107.3106,0.4691,2.0245
107.3108,0.4707,2.0326
107.3110,0.4558,1.9688
107.3112,0.4584,1.9775
107.3114,0.5213,2.249
107.3116,0.5213,2.2501
107.3118,0.5014,2.1632
107.3120,0.526,2.2682
107.3122,0.5132,2.2128
107.3124,0.5133,2.2123
107.3126,0.5906,2.5433
107.3128,0.6693,2.8806
107.3130,0.694,2.9856
107.3132,0.653,2.8118
107.3134,0.6037,2.602
107.3136,0.5951,2.5636
107.3138,0.5868,2.5279
107.3140,0.597,2.5707
107.3142,0.6692,2.8761
107.3144,0.735,3.1605
107.3146,0.6996,3.014
107.3148,0.5964,2.5705
107.3150,0.5775,2.4853
107.3152,0.6334,2.7276
107.3154,0.6056,2.6078
107.3156,0.6446,2.7731
107.3158,0.7405,3.1813
107.3160,0.794,3.4047
107.3162,0.8432,3.6205
107.3164,0.8634,3.7075
107.3166,0.8533,3.6626
107.3168,0.8579,3.6821
107.3170,0.847,3.6319
107.3172,0.9201,3.9455
107.3174,0.9509,4.0739
107.3176,0.9734,4.1738
107.3178,0.9718,4.1691
107.3180,0.9549,4.0927
107.3182,0.9641,4.1284
107.3184,0.9824,4.2124
107.3186,0.9668,4.1455
107.3188,0.9459,4.0542
107.3190,0.989,4.2367
107.3192,0.997,4.2771
107.3194,0.9719,4.1715
107.3196,0.9482,4.062
107.3198,0.9812,4.2072
107.3200,0.9531,4.0926
107.3202,0.928,3.9776
107.3204,0.9505,4.0756
107.3206,0.9483,4.0664
107.3208,0.9929,4.2576
107.3210,1.0252,4.3939
107.3212,1.0364,4.436
107.3214,1.1312,4.8459
107.3216,1.089,4.6629
107.3218,0.9685,4.1585
107.3220,0.8418,3.6132
107.3222,0.9087,3.904
107.3224,0.8525,3.6641
107.3226,0.8313,3.5729
107.3228,0.8547,3.6699
107.3230,0.8626,3.7022
107.3232,0.8723,3.7456
107.3234,0.8363,3.5928
107.3236,0.8543,3.6735
107.3238,0.7704,3.3157
107.3240,0.7555,3.2487
107.3242,0.7982,3.4322
107.3244,0.8357,3.5903
107.3246,0.8274,3.5597
107.3248,0.7543,3.2435
107.3250,0.7446,3.2077
107.3252,0.678,2.9143
107.3254,0.7177,3.0949
107.3256,0.6519,2.8123
107.3258,0.5924,2.5558
107.3260,0.5739,2.4745
107.3262,0.5723,2.4677
107.3264,0.5905,2.5463
107.3266,0.6183,2.665
107.3268,0.5951,2.566
107.3270,0.5207,2.2475
107.3272,0.5453,2.3547
107.3274,0.5675,2.4482
107.3276,0.5273,2.276
107.3278,0.534,2.306
107.3280,0.5086,2.1963
107.3282,0.48,2.0716
107.3284,0.494,2.1331
107.3286,0.4951,2.1368
107.3288,0.5164,2.2278
107.3290,0.578,2.4972
107.3292,0.4647,2.0086
107.3294,0.4008,1.7316
107.3296,0.4492,1.9395
107.3298,0.4512,1.9492
107.3300,0.4676,2.0183
107.3302,0.5501,2.3721
107.3304,0.5444,2.3473
107.3306,0.5068,2.1885
107.3308,0.4544,1.9641
107.3310,0.4465,1.9281
107.3312,0.4466,1.9277
107.3314,0.4498,1.9421
107.3316,0.4477,1.9333
107.3318,0.4469,1.9279
107.3320,0.4488,1.9388
107.3322,0.4502,1.945
107.3324,0.4487,1.9365
107.3326,0.4534,1.9585
107.3328,0.4464,1.9285
107.3330,0.4471,1.9307
107.3332,0.4451,1.921
107.3334,0.4496,1.9407
107.3336,0.4501,1.9436
107.3338,0.4541,1.9589
107.3340,0.4916,2.1188
107.3342,0.5475,2.3597
107.3344,0.5801,2.5002
107.3346,0.5631,2.428
107.3348,0.5921,2.5519
107.3350,0.5951,2.5624
107.3352,0.5644,2.4303
107.3354,0.5725,2.4654
107.3356,0.6266,2.697
107.3358,0.6624,2.8508
107.3360,0.654,2.8146
107.3362,0.6548,2.817
107.3364,0.668,2.8697
107.3366,0.6743,2.9078
107.3368,0.5748,2.4752
107.3370,0.6566,2.8234
107.3372,0.7253,3.1159
107.3374,0.7442,3.1958
107.3376,0.7824,3.3689
107.3378,0.6549,2.824
107.3380,0.5518,2.3783
107.3382,0.5458,2.3524
107.3384,0.5423,2.3385
107.3386,0.5415,2.3349
107.3388,0.5511,2.3719
107.3390,0.6149,2.6464
107.3392,0.5925,2.5535
107.3394,0.6218,2.6776
107.3396,0.6561,2.8226
107.3398,0.6408,2.7579
107.3400,0.6303,2.7142
107.3402,0.626,2.6944
107.3404,0.6657,2.8612
107.3406,0.7813,3.3627
107.3408,0.663,2.8507
107.3410,0.7042,3.0337
107.3412,0.6112,2.6365
107.3414,0.5712,2.4608
107.3416,0.5721,2.4633
107.3418,0.5964,2.5657
107.3420,0.6505,2.801
107.3422,0.6528,2.8043
107.3424,0.7258,3.1267
107.3426,0.596,2.5678
107.3428,0.6408,2.7579
107.3430,0.6833,2.9438
107.3432,0.5748,2.4775
107.3434,0.5391,2.3224
107.3436,0.6025,2.5896
107.3438,0.6987,3.003
107.3440,0.7338,3.1569
107.3442,0.6925,2.9803
107.3444,0.6795,2.9259
107.3446,0.6042,2.6077
107.3448,0.4472,1.9294
107.3450,0.4875,2.1022
107.3452,0.4998,2.156
107.3454,0.4923,2.119
107.3456,0.6071,2.6153
107.3458,0.5673,2.4461
107.3460,0.536,2.3111
107.3462,0.5203,2.2434
107.3464,0.5161,2.2253
107.3466,0.5169,2.2299
107.3468,0.5177,2.2305
107.3470,0.5177,2.2325
107.3472,0.5224,2.2527
107.3474,0.52,2.2403
107.3476,0.5252,2.2625
107.3478,0.5295,2.2811
107.3480,0.6041,2.6012
107.3482,0.613,2.6369
107.3484,0.6736,2.8939
107.3486,0.6857,2.9514
107.3488,0.6797,2.9215
107.3490,0.785,3.3709
107.3492,0.8195,3.5191
107.3494,0.8403,3.6082
107.3496,0.8379,3.5946
107.3498,0.8937,3.832
107.3500,0.9432,4.0405
107.3502,1.0621,4.5352
107.3504,1.1556,4.9369
107.3506,1.1662,4.9843
107.3508,1.1896,5.0843
107.3510,1.1619,4.9682
107.3512,1.1254,4.8146
107.3514,1.1218,4.7992
107.3516,1.0968,4.6964
107.3518,1.0806,4.6184
107.3520,1.1552,4.9395
107.3522,1.1209,4.8018
107.3524,1.0139,4.3517
107.3526,0.9451,4.0526
107.3528,0.9373,4.021
107.3530,0.9251,3.9648
107.3532,0.9432,4.0443
107.3534,0.9496,4.0759
107.3536,0.9591,4.1127
107.3538,0.9481,4.0654
107.3540,1.027,4.3976
107.3542,1.0873,4.6602
107.3544,1.0247,4.396
107.3546,0.9303,3.9912
107.3548,0.9387,4.0272
107.3550,0.9547,4.0937
107.3552,0.9984,4.2774
107.3554,1.055,4.5135
107.3556,1.1134,4.7766
107.3558,0.9883,4.2357
107.3560,1.021,4.378
107.3562,0.9845,4.2256
107.3564,0.9174,3.9411
107.3566,0.8577,3.6863
107.3568,0.8297,3.5646
107.3570,0.8977,3.8566
107.3572,0.8847,3.8005
107.3574,0.8603,3.6959
107.3576,0.8222,3.5371
107.3578,0.7481,3.2168
107.3580,0.7718,3.3204
107.3582,0.6891,2.9714
107.3584,0.6716,2.8919
107.3586,0.7628,3.2817
107.3588,0.7264,3.1293
107.3590,0.6905,2.9748
107.3592,0.6817,2.9352
107.3594,0.6516,2.8069
107.3596,0.5841,2.5173
107.3598,0.6248,2.6905
107.3600,0.7241,3.1166
107.3602,0.6819,2.9417
107.3604,0.5805,2.5053
107.3606,0.5921,2.5507
107.3608,0.6764,2.9125
107.3610,0.6886,2.9624
107.3612,0.6814,2.9328
107.3614,0.6793,2.9263
107.3616,0.6735,2.9042
107.3618,0.6779,2.9206
107.3620,0.6694,2.8852
107.3622,0.6203,2.6734
107.3624,0.614,2.6477
107.3626,0.617,2.6582
107.3628,0.6442,2.778
107.3630,0.6245,2.6902
107.3632,0.6988,3.0077
107.3634,0.7037,3.0344
107.3636,0.5749,2.4826
107.3638,0.5261,2.2719
107.3640,0.5255,2.2682
107.3642,0.5253,2.2651
107.3644,0.5248,2.262
107.3646,0.5347,2.3076
107.3648,0.5389,2.3246
107.3650,0.5387,2.3262
107.3652,0.5384,2.3215
107.3654,0.5487,2.3681
107.3656,0.5366,2.3148
107.3658,0.5387,2.3241
107.3660,0.5372,2.3152
107.3662,0.5337,2.3013
107.3664,0.5297,2.2842
107.3666,0.6297,2.7129
107.3668,0.7048,3.0363
107.3670,0.6227,2.6862
107.3672,0.5386,2.3247
107.3674,0.538,2.321
107.3676,0.5305,2.2884
107.3678,0.5743,2.4708
107.3680,0.6857,2.95
107.3682,0.6746,2.9048
107.3684,0.6392,2.755
107.3686,0.6356,2.737
107.3688,0.6417,2.7633
107.3690,0.6371,2.7432
107.3692,0.6477,2.7878
107.3694,0.7498,3.224
107.3696,0.7371,3.1723
107.3698,0.7469,3.2101
107.3700,0.7793,3.3508
107.3702,0.7215,3.1095
107.3704,0.6454,2.7806
107.3706,0.6209,2.6735
107.3708,0.6175,2.6615
107.3710,0.653,2.8131
107.3712,0.6188,2.6634
107.3714,0.6095,2.6256
107.3716,0.6127,2.6408
107.3718,0.6155,2.6515
107.3720,0.6115,2.6344
107.3722,0.6073,2.6163
107.3724,0.662,2.8492
107.3726,0.708,3.0431
107.3728,0.7469,3.2101
107.3730,0.7444,3.1993
107.3732,0.7717,3.3153
107.3734,0.8191,3.5253
107.3736,0.6817,2.9393
107.3738,0.5519,2.381
107.3740,0.5265,2.2692
107.3742,0.5842,2.5166
107.3744,0.6002,2.5835
107.3746,0.656,2.8274
107.3748,0.6187,2.6666
107.3750,0.6042,2.6017
107.3752,0.6335,2.7289
107.3754,0.6162,2.6533
107.3756,0.644,2.7718
107.3758,0.711,3.0603
107.3760,0.6916,2.9739
107.3762,0.6751,2.9014
107.3764,0.6957,2.9928
107.3766,0.7324,3.1507
107.3768,0.745,3.2049
107.3770,0.6114,2.6424
107.3772,0.4287,1.8535
107.3774,0.3984,1.7213
107.3776,0.3994,1.7262
107.3778,0.401,1.7314
107.3780,0.4404,1.8999
107.3782,0.4761,2.0579
107.3784,0.456,1.9663
107.3786,0.5612,2.4208
107.3788,0.5156,2.2222
107.3790,0.5112,2.2031
107.3792,0.4887,2.1084
107.3794,0.4806,2.0723
107.3796,0.5311,2.291
107.3798,0.4895,2.1105
107.3800,0.486,2.0955
107.3802,0.5154,2.2263
107.3804,0.4976,2.1457
107.3806,0.5411,2.3301
107.3808,0.6032,2.5951
107.3810,0.6302,2.7099
107.3812,0.6962,2.9949
107.3814,0.6808,2.9262
107.3816,0.7317,3.1476
107.3818,0.6926,2.9781
107.3820,0.7043,3.0272
107.3822,0.7643,3.2864
107.3824,0.7914,3.395
107.3826,0.8305,3.5627
107.3828,0.833,3.5718
107.3830,0.8495,3.6479
107.3832,0.8663,3.7148
107.3834,0.9915,4.2495
107.3836,1.0501,4.4903
107.3838,1.1229,4.8038
107.3840,1.0953,4.6858
107.3842,1.0843,4.6343
107.3844,1.0789,4.622
107.3846,1.0578,4.5232
107.3848,1.11,4.7506
107.3850,1.0969,4.6947
107.3852,1.1309,4.8382
107.3854,1.1288,4.8244
107.3856,1.1489,4.9128
107.3858,1.112,4.7705
107.3860,0.9934,4.2637
107.3862,0.9606,4.115
107.3864,0.9909,4.2509
107.3866,0.9817,4.2113
107.3868,0.9711,4.1622
107.3870,0.9667,4.147
107.3872,0.9536,4.0929
107.3874,0.9538,4.092
107.3876,0.9294,3.9889
107.3878,0.9112,3.9125
107.3880,0.9511,4.0783
107.3882,0.9619,4.1284
107.3884,0.9114,3.9117
107.3886,0.9124,3.9231
107.3888,0.8608,3.6928
107.3890,0.8981,3.8618
107.3892,0.7567,3.2584
107.3894,0.7481,3.2198
107.3896,0.7234,3.1135
107.3898,0.7029,3.0294
107.3900,0.679,2.9211
107.3902,0.7794,3.3513
107.3904,0.789,3.3957
107.3906,0.6966,3.0039
107.3908,0.6644,2.8609
107.3910,0.7022,3.0249
107.3912,0.6018,2.5998
107.3914,0.4998,2.158
107.3916,0.5211,2.247
107.3918,0.5697,2.4598
107.3920,0.5172,2.231
107.3922,0.5794,2.4971
107.3924,0.5916,2.551
107.3926,0.6002,2.5871
107.3928,0.6408,2.763
107.3930,0.6219,2.6793
107.3932,0.6072,2.6195
107.3934,0.5842,2.519
107.3936,0.5811,2.5067
107.3938,0.5067,2.188
107.3940,0.4893,2.1129
107.3942,0.4895,2.1115
107.3944,0.5535,2.3877
107.3946,0.5795,2.5
107.3948,0.58,2.4986
107.3950,0.618,2.666
107.3952,0.552,2.3859
107.3954,0.4423,1.91
107.3956,0.4241,1.8338
107.3958,0.4395,1.8958
107.3960,0.5499,2.37
107.3962,0.5874,2.5329
107.3964,0.603,2.6001
107.3966,0.5797,2.4987
107.3968,0.5642,2.4326
107.3970,0.5146,2.2232
107.3972,0.45,1.9422
107.3974,0.4468,1.93
107.3976,0.4477,1.9351
107.3978,0.4568,1.9735
107.3980,0.4529,1.9546
107.3982,0.4824,2.0829
107.3984,0.458,1.976
107.3986,0.4877,2.1047
107.3988,0.4845,2.0913
107.3990,0.4637,2.0003
107.3992,0.4544,1.9614
107.3994,0.4812,2.0797
107.3996,0.4559,1.9657
107.3998,0.4673,2.0186
107.4000,0.4556,1.9656
107.4002,0.5071,2.1845
107.4004,0.5692,2.4498
107.4006,0.6084,2.6173
107.4008,0.6534,2.8108
107.4010,0.651,2.8044
107.4012,0.5952,2.5653
107.4014,0.5745,2.4748
107.4016,0.5759,2.4833
107.4018,0.5556,2.3948
107.4020,0.5625,2.4209
107.4022,0.63,2.7051
107.4024,0.7529,3.2359
107.4026,0.7266,3.123
107.4028,0.7701,3.3101
107.4030,0.7722,3.322
107.4032,0.6862,2.9507
107.4034,0.6982,3.0037
107.4036,0.6435,2.771
107.4038,0.652,2.8038
107.4040,0.703,3.0271
107.4042,0.6511,2.8049
107.4044,0.6154,2.6497
107.4046,0.6142,2.6458
107.4048,0.6409,2.7584
107.4050,0.663,2.8507
107.4052,0.682,2.9313
107.4054,0.6884,2.9614
107.4056,0.677,2.9124
107.4058,0.6861,2.953
107.4060,0.7037,3.0274
107.4062,0.7007,3.0103
107.4064,0.7836,3.3725
107.4066,0.6731,2.8972
107.4068,0.6293,2.7121
107.4070,0.5148,2.2206
107.4072,0.501,2.1612
107.4074,0.5341,2.3039
107.4076,0.5174,2.231
107.4078,0.5678,2.4413
107.4080,0.6222,2.6829
107.4082,0.5477,2.3618
107.4084,0.5345,2.306
107.4086,0.5047,2.1752
107.4088,0.5052,2.1772
107.4090,0.5031,2.1705
107.4092,0.4665,2.0146
107.4094,0.4188,1.806
107.4096,0.4475,1.9331
107.4098,0.407,1.7581
107.4100,0.4078,1.7617
107.4102,0.3978,1.7179
107.4104,0.3959,1.7088
107.4106,0.3962,1.7106
107.4108,0.4008,1.7316
107.4110,0.4377,1.8863
107.4112,0.5005,2.1571
107.4114,0.5391,2.3235
107.4116,0.5877,2.5351
107.4118,0.4966,2.1415
107.4120,0.4669,2.0142
107.4122,0.465,2.0041
107.4124,0.4674,2.0144
107.4126,0.4697,2.0243
107.4128,0.4697,2.0261
107.4130,0.467,2.0148
107.4132,0.4665,2.0127
107.4134,0.4753,2.0486
107.4136,0.4725,2.0376
107.4138,0.4717,2.0349
107.4140,0.495,2.1323
107.4142,0.5553,2.3877
107.4144,0.6275,2.7006
107.4146,0.6178,2.66
107.4148,0.6432,2.7643
107.4150,0.6837,2.9372
107.4152,0.7746,3.3276
107.4154,0.7466,3.2076
107.4156,0.7642,3.2813
107.4158,0.7946,3.4089
107.4160,0.7868,3.377
107.4162,0.8213,3.5236
107.4164,0.9058,3.8839
107.4166,0.9055,3.8793
107.4168,0.9715,4.1637
107.4170,0.9269,3.9725
107.4172,0.8891,3.8089
107.4174,0.9378,4.0156
107.4176,0.9968,4.2642
107.4178,1.0151,4.3488
107.4180,0.8649,3.719
107.4182,0.7889,3.3858
107.4184,0.8496,3.6433
107.4186,0.8766,3.7572
107.4188,0.9218,3.9546
107.4190,0.8974,3.8425
107.4192,0.9132,3.9176
107.4194,0.868,3.7254
107.4196,0.8717,3.7431
107.4198,0.8437,3.6209
107.4200,0.8392,3.6036
107.4202,0.8866,3.8034
107.4204,0.9222,3.9543
107.4206,0.9466,4.0592
107.4208,0.9283,3.9824
107.4210,0.9182,3.9411
107.4212,0.9271,3.9736
107.4214,0.908,3.8991
107.4216,0.8911,3.8194
107.4218,0.9619,4.1226
107.4220,0.9447,4.0472
107.4222,0.9438,4.0488
107.4224,0.9679,4.1541
107.4226,0.8649,3.7103
107.4228,0.9234,3.9576
107.4230,0.9616,4.1293
107.4232,0.8821,3.7879
107.4234,0.8191,3.522
107.4236,0.7529,3.2344
107.4238,0.7131,3.0662
107.4240,0.7097,3.0518
107.4242,0.7622,3.2791
107.4244,0.764,3.2853
107.4246,0.7466,3.2106
107.4248,0.7531,3.2399
107.4250,0.7401,3.1837
107.4252,0.7654,3.291
107.4254,0.7195,3.0941
107.4256,0.7144,3.0733
107.4258,0.7025,3.0237
107.4260,0.7101,3.0562
107.4262,0.7182,3.0913
107.4264,0.6754,2.9097
107.4266,0.6014,2.5922
107.4268,0.5862,2.5266
107.4270,0.5615,2.4213
107.4272,0.5543,2.3902
107.4274,0.5686,2.4518
107.4276,0.5721,2.4667
107.4278,0.6142,2.647
107.4280,0.5956,2.5693
107.4282,0.5041,2.1766
107.4284,0.4891,2.1119
107.4286,0.5037,2.171
107.4288,0.5766,2.4852
107.4290,0.5379,2.3183
107.4292,0.5323,2.294
107.4294,0.5757,2.4765
107.4296,0.7407,3.1833
107.4298,0.7794,3.3513
107.4300,0.6284,2.711
107.4302,0.5338,2.3018
107.4304,0.5307,2.2873
107.4306,0.5287,2.2806
107.4308,0.5287,2.2796
107.4310,0.5526,2.383
107.4312,0.5438,2.3458
107.4314,0.5314,2.2925
107.4316,0.5275,2.2765
107.4318,0.5289,2.2796
107.4320,0.5288,2.2801
107.4322,0.5297,2.2864
107.4324,0.5344,2.3012
107.4326,0.6504,2.7979
107.4328,0.623,2.6865
107.4330,0.5401,2.3298
107.4332,0.5371,2.3147
107.4334,0.5383,2.3199
107.4336,0.5766,2.4806
107.4338,0.6469,2.7842
107.4340,0.7098,3.0523
107.4342,0.7157,3.0747
107.4344,0.7332,3.1528
107.4346,0.7229,3.1099
107.4348,0.6697,2.8809
107.4350,0.6441,2.771
107.4352,0.6621,2.8458
107.4354,0.7421,3.188
107.4356,0.8187,3.5172
107.4358,0.8336,3.5744
107.4360,0.8757,3.7566
107.4362,0.8453,3.6298
107.4364,0.7621,3.2786
107.4366,0.7083,3.0513
107.4368,0.6309,2.7156
107.4370,0.6062,2.6117
107.4372,0.6056,2.6103
107.4374,0.6078,2.6172
107.4376,0.6173,2.653
107.4378,0.6423,2.7672
107.4380,0.6085,2.6203
107.4382,0.6148,2.6447
107.4384,0.6499,2.7945
107.4386,0.738,3.1749
107.4388,0.7419,3.1914
107.4390,0.7427,3.1891
107.4392,0.7753,3.3338
107.4394,0.7727,3.3209
107.4396,0.7824,3.3611
107.4398,0.7508,3.2301
107.4400,0.6658,2.8604
107.4402,0.7264,3.1278
107.4404,0.6559,2.8255
107.4406,0.6167,2.6566
107.4408,0.5992,2.58
107.4410,0.6326,2.7215
107.4412,0.7053,3.0341
107.4414,0.7213,3.0989
107.4416,0.7999,3.4331
107.4418,0.7441,3.2027
107.4420,0.6743,2.901
107.4422,0.6929,2.981
107.4424,0.7362,3.1657
107.4426,0.7731,3.3214
107.4428,0.7373,3.1718
107.4430,0.682,2.9327
107.4432,0.72,3.099
107.4434,0.645,2.7785
107.4436,0.5354,2.3117
107.4438,0.4368,1.8879
107.4440,0.4047,1.749
107.4442,0.4325,1.8641
107.4444,0.5164,2.2279
107.4446,0.5043,2.1716
107.4448,0.5606,2.4182
107.4450,0.4976,2.1477
107.4452,0.4878,2.1023
107.4454,0.5012,2.1622
107.4456,0.5077,2.1921
107.4458,0.6492,2.7953
107.4460,0.5568,2.4033
107.4462,0.497,2.1431
107.4464,0.4965,2.14
107.4466,0.494,2.1302
107.4468,0.4922,2.1224
107.4470,0.4974,2.1466
107.4472,0.5271,2.2718
107.4474,0.5753,2.4761
107.4476,0.6053,2.6088
107.4478,0.5687,2.4511
107.4480,0.5934,2.5517
107.4482,0.6975,2.9978
107.4484,0.7193,3.0902
107.4486,0.7838,3.3657
107.4488,0.8411,3.6118
107.4490,0.8323,3.5737
107.4492,0.845,3.6199
107.4494,0.9827,4.2061
107.4496,1.0138,4.3431
107.4498,0.9801,4.1988
107.4500,0.979,4.1981
107.4502,0.9731,4.169
107.4504,0.9619,4.1265
107.4506,0.9645,4.1397
107.4508,0.921,3.9492
107.4510,0.9502,4.0728
107.4512,0.9869,4.23
107.4514,0.9555,4.0954
107.4516,0.9456,4.0546
107.4518,0.9872,4.2291
107.4520,0.9612,4.1214
107.4522,0.9573,4.1088
107.4524,0.9421,4.0397
107.4526,0.8952,3.844
107.4528,0.8434,3.6233
107.4530,0.8233,3.5351
107.4532,0.8275,3.5515
107.4534,0.8703,3.7369
107.4536,0.852,3.6672
107.4538,0.7289,3.1387
107.4540,0.726,3.1205
107.4542,0.7855,3.3729
107.4544,0.8156,3.5054
107.4546,0.8249,3.5423
107.4548,0.8391,3.6098
107.4550,0.7444,3.2008
107.4552,0.7103,3.0572
107.4554,0.749,3.2209
107.4556,0.8342,3.5803
107.4558,0.8984,3.8561
107.4560,0.812,3.4932
107.4562,0.7547,3.2482
107.4564,0.7092,3.0554
107.4566,0.6823,2.9364
107.4568,0.7078,3.045
107.4570,0.7154,3.0789
107.4572,0.7026,3.0298
107.4574,0.6174,2.6597
107.4576,0.6362,2.7421
107.4578,0.5638,2.4333
107.4580,0.5029,2.1694
107.4582,0.5477,2.3596
107.4584,0.6717,2.8951
107.4586,0.6618,2.8495
107.4588,0.6721,2.8912
107.4590,0.6562,2.8284
107.4592,0.6305,2.7122
107.4594,0.6881,2.9631
107.4596,0.5962,2.5695
107.4598,0.616,2.6547
107.4600,0.6445,2.7777
107.4602,0.6176,2.6608
107.4604,0.6071,2.6153
107.4606,0.5974,2.5782
107.4608,0.5405,2.3319
107.4610,0.5219,2.2506
107.4612,0.5067,2.184
107.4614,0.5415,2.3338
107.4616,0.5643,2.4331
107.4618,0.6014,2.5898
107.4620,0.6386,2.7473
107.4622,0.6658,2.8671
107.4624,0.6439,2.7739
107.4626,0.6068,2.6106
107.4628,0.6615,2.8472
107.4630,0.7049,3.0368
107.4632,0.6878,2.9574
107.4634,0.7511,3.2282
107.4636,0.7493,3.2234
107.4638,0.7434,3.1981
107.4640,0.7355,3.1685
107.4642,0.6267,2.6988
107.4644,0.6113,2.6395
107.4646,0.4795,2.0705
107.4648,0.4591,1.9815
107.4650,0.4559,1.9694
107.4652,0.4595,1.9822
107.4654,0.4862,2.0956
107.4656,0.5277,2.2786
107.4658,0.4745,2.0478
107.4660,0.4652,2.0061
107.4662,0.4711,2.0342
107.4664,0.4922,2.1234
107.4666,0.555,2.3911
107.4668,0.5945,2.5599
107.4670,0.5674,2.4466
107.4672,0.5568,2.4
107.4674,0.5531,2.3817
107.4676,0.606,2.6094
107.4678,0.5693,2.4526
107.4680,0.5795,2.493
107.4682,0.6972,2.9996
107.4684,0.7137,3.0659
107.4686,0.7729,3.3204
107.4688,0.7974,3.4335
107.4690,0.6169,2.6564
107.4692,0.5517,2.3789
107.4694,0.5546,2.389
107.4696,0.5896,2.5411
107.4698,0.5464,2.3572
107.4700,0.5374,2.3195
107.4702,0.5368,2.3137
107.4704,0.5343,2.3028
107.4706,0.5356,2.3085
107.4708,0.5401,2.3287
107.4710,0.535,2.307
107.4712,0.5378,2.3157
107.4714,0.596,2.5678
107.4716,0.6231,2.6833
107.4718,0.6325,2.7235
107.4720,0.6439,2.7713
107.4722,0.6633,2.8549
107.4724,0.6066,2.6132
107.4726,0.5625,2.4254
107.4728,0.4734,2.0422
107.4730,0.4616,1.9915
107.4732,0.5182,2.2356
107.4734,0.5168,2.2253
107.4736,0.5445,2.3478
107.4738,0.5091,2.1963
107.4740,0.5413,2.3317
107.4742,0.5234,2.2526
107.4744,0.5367,2.3099
107.4746,0.6054,2.6056
107.4748,0.6414,2.7579
107.4750,0.6404,2.7602
107.4752,0.5414,2.3333
107.4754,0.5475,2.3597
107.4756,0.5324,2.2924
107.4758,0.5861,2.5249
107.4760,0.5789,2.4927
107.4762,0.5835,2.5112
107.4764,0.6125,2.6398
107.4766,0.5603,2.4194
107.4768,0.4353,1.8794
107.4770,0.4465,1.921
107.4772,0.5668,2.4451
107.4774,0.4872,2.1007
107.4776,0.4984,2.1453
107.4778,0.5435,2.3415
107.4780,0.5048,2.1777
107.4782,0.4982,2.1483
107.4784,0.4872,2.1007
107.4786,0.5061,2.1824
107.4788,0.5054,2.1793
107.4790,0.5074,2.181
107.4792,0.626,2.6932
107.4794,0.626,2.6919
107.4796,0.6663,2.8678
107.4798,0.6939,2.9865
107.4800,0.6849,2.9437
107.4802,0.705,3.0317
107.4804,0.7272,3.1256
107.4806,0.7624,3.2736
107.4808,0.7968,3.4213
107.4810,0.7627,3.2781
107.4812,0.7513,3.2262
107.4814,0.8341,3.5798
107.4816,0.8607,3.6923
107.4818,0.8632,3.7031
107.4820,0.8827,3.787
107.4822,0.86,3.6875
107.4824,0.8871,3.7984
107.4826,0.9591,4.1031
107.4828,1.013,4.3375
107.4830,0.9713,4.1651
107.4832,0.9747,4.1795
107.4834,0.9529,4.0822
107.4836,0.9892,4.2378
107.4838,0.9945,4.2604
107.4840,0.9511,4.0783
107.4842,0.8548,3.6705
107.4844,0.8465,3.6316
107.4846,0.856,3.6757
107.4848,0.8228,3.5347
107.4850,0.8597,3.6899
107.4852,0.8384,3.5983
107.4854,0.842,3.6154
107.4856,0.8142,3.4943
107.4858,0.8603,3.6856
107.4860,0.9676,4.1473
107.4862,0.9612,4.1214
107.4864,1.0068,4.3093
107.4866,1.1002,4.7047
107.4868,1.1514,4.9236
107.4870,1.1438,4.8931
107.4872,1.0586,4.5373
107.4874,0.953,4.0884
107.4876,0.9445,4.0481
107.4878,0.9524,4.0915
107.4880,0.8745,3.7532
107.4882,0.9109,3.9078
107.4884,0.9053,3.8818
107.4886,0.9186,3.9408
107.4888,0.9815,4.2049
107.4890,0.9747,4.1776
107.4892,0.9504,4.0771
107.4894,0.948,4.0668
107.4896,0.976,4.1832
107.4898,1.0007,4.2931
107.4900,0.9891,4.2432
107.4902,0.9651,4.1346
107.4904,1.009,4.3246
107.4906,1.0139,4.3477
107.4908,1.0062,4.3128
107.4910,0.9309,4.0031
107.4912,0.8604,3.6982
107.4914,0.8414,3.6112
107.4916,0.8971,3.8523
107.4918,0.8584,3.6911
107.4920,0.8338,3.5838
107.4922,0.8759,3.7611
107.4924,0.9269,3.9837
107.4926,0.8785,3.7689
107.4928,0.9333,4.0115
107.4930,0.8448,3.6261
107.4932,0.8517,3.6674
107.4934,0.7157,3.0776
107.4936,0.7727,3.3225
107.4938,0.7371,3.1752
107.4940,0.6633,2.8629
107.4942,0.6022,2.5965
107.4944,0.6616,2.8477
107.4946,0.6721,2.898
107.4948,0.6092,2.627
107.4950,0.6584,2.8351
107.4952,0.6716,2.8865
107.4954,0.7507,3.2311
107.4956,0.7571,3.2615
107.4958,0.7212,3.1027
107.4960,0.7496,3.2295
107.4962,0.7053,3.0369
107.4964,0.7193,3.0945
107.4966,0.7309,3.143
107.4968,0.7565,3.2483
107.4970,0.8487,3.6511
107.4972,0.7857,3.3818
107.4974,0.736,3.1721
107.4976,0.6217,2.682
107.4978,0.5892,2.543
107.4980,0.5902,2.5436
107.4982,0.6108,2.6301
107.4984,0.6444,2.7798
107.4986,0.5591,2.4076
107.4988,0.6799,2.9275
107.4990,0.666,2.8756
107.4992,0.5692,2.4555
107.4994,0.5724,2.466
107.4996,0.6444,2.7747
107.4998,0.6791,2.9257
107.5000,0.6704,2.8867
107.5002,0.671,2.8879
107.5004,0.6678,2.8767
107.5006,0.6956,2.9951
107.5008,0.7222,3.1141
107.5010,0.6546,2.8198
107.5012,0.6573,2.8278
107.5014,0.712,3.0602
107.5016,0.7707,3.3142
107.5018,0.7598,3.2703
107.5020,0.7597,3.2698
107.5022,0.8249,3.5423
107.5024,0.8931,3.8348
107.5026,0.8607,3.7044
107.5028,0.7651,3.29
107.5030,0.8044,3.4543
107.5032,0.8389,3.6054
107.5034,0.8181,3.5195
107.5036,0.7338,3.1598
107.5038,0.7121,3.0649
107.5040,0.7112,3.0622
107.5042,0.7536,3.2375
107.5044,0.8133,3.494
107.5046,0.809,3.4803
107.5048,0.7895,3.3931
107.5050,0.8061,3.4631
107.5052,0.8363,3.5962
107.5054,0.813,3.4941
107.5056,0.8637,3.7103
107.5058,0.7837,3.3777
107.5060,0.6416,2.7641
107.5062,0.6598,2.8373
107.5064,0.6761,2.9169
107.5066,0.583,2.515
107.5068,0.5784,2.493
107.5070,0.5755,2.4806
107.5072,0.6375,2.7516
107.5074,0.5809,2.5062
107.5076,0.5681,2.4485
107.5078,0.5636,2.4312
107.5080,0.5592,2.4125
107.5082,0.5607,2.4188
107.5084,0.5588,2.4105
107.5086,0.5661,2.4386
107.5088,0.6463,2.7842
107.5090,0.649,2.7961
107.5092,0.6666,2.8728
107.5094,0.5956,2.5693
107.5096,0.5565,2.4007
107.5098,0.5672,2.4444
107.5100,0.5655,2.4372
107.5102,0.6494,2.7937
107.5104,0.6618,2.8535
107.5106,0.6148,2.6496
107.5108,0.6518,2.8093
107.5110,0.6155,2.6502
107.5112,0.6396,2.7553
107.5114,0.6154,2.6497
107.5116,0.6975,2.9964
107.5118,0.7386,3.1819
107.5120,0.6582,2.8353
107.5122,0.7101,3.0533
107.5124,0.7282,3.137
107.5126,0.616,2.6547
107.5128,0.6049,2.6072
107.5130,0.6188,2.6659
107.5132,0.5925,2.5558
107.5134,0.5225,2.2532
107.5136,0.5194,2.2408
107.5138,0.5614,2.4207
107.5140,0.6179,2.6605
107.5142,0.6359,2.7405
107.5144,0.6642,2.8585
107.5146,0.7163,3.0758
107.5148,0.7541,3.241
107.5150,0.7999,3.4395
107.5152,0.7598,3.2719
107.5154,0.7513,3.2277
107.5156,0.847,3.6337
107.5158,0.8975,3.8502
107.5160,0.8984,3.8507
107.5162,0.9354,4.0146
107.5164,0.8986,3.8584
107.5166,0.8748,3.7548
107.5168,0.8854,3.8054
107.5170,0.8784,3.7702
107.5172,0.8604,3.6964
107.5174,0.8645,3.7157
107.5176,0.8522,3.6592
107.5178,0.8513,3.6539
107.5180,0.8457,3.6348
107.5182,0.8073,3.4715
107.5184,0.8308,3.5709
107.5186,0.8339,3.5826
107.5188,0.8572,3.6825
107.5190,0.8908,3.8143
107.5192,1.0703,4.5808
107.5194,1.1047,4.7325
107.5196,1.094,4.678
107.5198,1.1336,4.8585
107.5200,1.0547,4.5225
107.5202,1.0487,4.4947
107.5204,1.0375,4.451
107.5206,0.9168,3.9349
107.5208,0.9012,3.8698
107.5210,0.8812,3.7838
107.5212,0.8663,3.7234
107.5214,0.8902,3.8277
107.5216,0.8247,3.5446
107.5218,0.8614,3.7023
107.5220,0.8342,3.5853
107.5222,0.87,3.7359
107.5224,0.8831,3.7938
107.5226,0.8455,3.6337
107.5228,0.8052,3.4654
107.5230,0.8112,3.488
107.5232,0.8648,3.7236
107.5234,0.7722,3.325
107.5236,0.7169,3.0842
107.5238,0.7743,3.3328
107.5240,0.7118,3.0648
107.5242,0.6463,2.7894
107.5244,0.6157,2.6549
107.5246,0.6458,2.7834
107.5248,0.6675,2.8783
107.5250,0.6371,2.7444
107.5252,0.691,2.9783
107.5254,0.6433,2.7726
107.5256,0.6301,2.7208
107.5258,0.5044,2.1812
107.5260,0.4675,2.0178
107.5262,0.5447,2.3489
107.5264,0.5899,2.545
107.5266,0.6118,2.6367
107.5268,0.6577,2.8346
107.5270,0.5769,2.4897
107.5272,0.5212,2.2507
107.5274,0.5253,2.2641
107.5276,0.5923,2.5553
107.5278,0.6034,2.6005
107.5280,0.6199,2.6706
107.5282,0.6329,2.7301
107.5284,0.5855,2.5247
107.5286,0.5844,2.5212
107.5288,0.5174,2.2341
107.5290,0.5276,2.2728
107.5292,0.6046,2.6057
107.5294,0.5887,2.5374
107.5296,0.5689,2.4579
107.5298,0.5132,2.217
107.5300,0.499,2.1539
107.5302,0.4993,2.1539
107.5304,0.5052,2.1803
107.5306,0.5077,2.1901
107.5308,0.5414,2.3355
107.5310,0.5089,2.1994
107.5312,0.433,1.8705
107.5314,0.4206,1.8196
107.5316,0.4297,1.8565
107.5318,0.4815,2.0783
107.5320,0.4933,2.1261
107.5322,0.5347,2.3086
107.5324,0.4725,2.0414
107.5326,0.4677,2.0188
107.5328,0.5086,2.1922
107.5330,0.5615,2.4201
107.5332,0.5651,2.4345
107.5334,0.5874,2.5329
107.5336,0.5707,2.4588
107.5338,0.5785,2.4912
107.5340,0.5787,2.494
107.5342,0.5886,2.5357
107.5344,0.5884,2.5347
107.5346,0.635,2.7331
107.5348,0.7142,3.0666
107.5350,0.8668,3.7168
107.5352,0.8224,3.5397
107.5354,0.7296,3.1388
107.5356,0.7361,3.1682
107.5358,0.6859,2.9574
107.5360,0.5962,2.5671
107.5362,0.6138,2.6442
107.5364,0.6348,2.7346
107.5366,0.6514,2.8064
107.5368,0.6586,2.8321
107.5370,0.6944,2.9872
107.5372,0.6506,2.8002
107.5374,0.6505,2.7997
107.5376,0.6874,2.9614
107.5378,0.6231,2.6858
107.5380,0.5779,2.4898
107.5382,0.5965,2.5686
107.5384,0.6386,2.7499
107.5386,0.6698,2.8855
107.5388,0.6751,2.8987
107.5390,0.7161,3.0748
107.5392,0.7043,3.03
107.5394,0.6194,2.671
107.5396,0.6385,2.7506
107.5398,0.6389,2.7509
107.5400,0.6154,2.6509
107.5402,0.6176,2.662
107.5404,0.6056,2.6091
107.5406,0.5965,2.5686
107.5408,0.6342,2.7308
107.5410,0.6633,2.8523
107.5412,0.7038,3.0293
107.5414,0.6814,2.9383
107.5416,0.5901,2.5419
107.5418,0.5885,2.5341
107.5420,0.5884,2.5335
107.5422,0.6655,2.8655
107.5424,0.6157,2.65
107.5426,0.6181,2.6603
107.5428,0.6451,2.7777
107.5430,0.6416,2.7641
107.5432,0.621,2.6752
107.5434,0.6577,2.8306
107.5436,0.646,2.7806
107.5438,0.602,2.5924
107.5440,0.6391,2.7481
107.5442,0.6959,2.9967
107.5444,0.6422,2.7679
107.5446,0.606,2.6119
107.5448,0.606,2.6094
107.5450,0.6077,2.6167
107.5452,0.6086,2.6257
107.5454,0.5285,2.277
107.5456,0.5717,2.4652
107.5458,0.5074,2.1891
107.5460,0.496,2.1399
107.5462,0.4996,2.1555
107.5464,0.4958,2.1389
107.5466,0.5024,2.1674
107.5468,0.5121,2.2072
107.5470,0.5344,2.3012
107.5472,0.5724,2.4626
107.5474,0.6305,2.7122
107.5476,0.6188,2.6634
107.5478,0.5982,2.5771
107.5480,0.648,2.785
107.5482,0.7451,3.2024
107.5484,0.7669,3.2931
107.5486,0.8073,3.4666
107.5488,0.8564,3.6721
107.5490,0.8537,3.6625
107.5492,0.8833,3.7931
107.5494,0.8962,3.8428
107.5496,0.9821,4.2055
107.5498,1.002,4.2908
107.5500,0.9856,4.2263
107.5502,0.9427,4.046
107.5504,0.9113,3.9076
107.5506,0.9022,3.8667
107.5508,0.9127,3.9174
107.5510,0.8652,3.7153
107.5512,0.9061,3.8855
107.5514,0.9981,4.2738
107.5516,0.9865,4.228
107.5518,0.9612,4.1234
107.5520,0.9157,3.9302
107.5522,0.9113,3.9076
107.5524,0.8913,3.8235
107.5526,0.902,3.8698
107.5528,0.9419,4.0387
107.5530,0.9777,4.1944
107.5532,0.9409,4.0327
107.5534,0.8899,3.8196
107.5536,0.8318,3.5733
107.5538,0.8001,3.4421
107.5540,0.7759,3.3348
107.5542,0.829,3.5631
107.5544,0.8078,3.4703
107.5546,0.7919,3.4002
107.5548,0.8602,3.6868
107.5550,0.9379,4.0236
107.5552,0.948,4.0725
107.5554,0.8811,3.785
107.5556,0.8734,3.7521
107.5558,0.8644,3.7134
107.5560,0.8613,3.7069
107.5562,0.7293,3.1358
107.5564,0.7513,3.2322
107.5566,0.7547,3.2436
107.5568,0.7976,3.4297
107.5570,0.823,3.5407
107.5572,0.7923,3.4054
107.5574,0.7501,3.2315
107.5576,0.6806,2.9319
107.5578,0.6771,2.9129
107.5580,0.7188,3.0924
107.5582,0.6763,2.9106
107.5584,0.6636,2.8599
107.5586,0.6247,2.695
107.5588,0.5853,2.5236
107.5590,0.5952,2.5653
107.5592,0.5806,2.5023
107.5594,0.6341,2.729
107.5596,0.6795,2.9246
107.5598,0.6925,2.9817
107.5600,0.6469,2.7881
107.5602,0.6291,2.7129
107.5604,0.6041,2.6036
107.5606,0.5944,2.5641
107.5608,0.598,2.5796
107.5610,0.5923,2.5541
107.5612,0.5863,2.5271
107.5614,0.6053,2.6075
107.5616,0.6655,2.8642
107.5618,0.6827,2.9371
107.5620,0.6889,2.969
107.5622,0.6685,2.8824
107.5624,0.6152,2.6529
107.5626,0.6043,2.601
107.5628,0.6588,2.8366
107.5630,0.6408,2.7592
107.5632,0.6552,2.8185
107.5634,0.719,3.0987
107.5636,0.6615,2.8511
107.5638,0.6724,2.8982
107.5640,0.5892,2.5395
107.5642,0.5452,2.352
107.5644,0.5337,2.3024
107.5646,0.5311,2.2899
107.5648,0.5293,2.2832
107.5650,0.5285,2.2801
107.5652,0.5312,2.2883
107.5654,0.6574,2.8296
107.5656,0.6578,2.8377
107.5658,0.5341,2.3028
107.5660,0.5341,2.3007
107.5662,0.6162,2.6546
107.5664,0.6247,2.6887
107.5666,0.6257,2.6941
107.5668,0.6283,2.7067
107.5670,0.6368,2.7434
107.5672,0.6416,2.7641
107.5674,0.6395,2.7509
107.5676,0.6868,2.9519
107.5678,0.8017,3.4472
107.5680,0.7516,3.2347
107.5682,0.6468,2.7863
107.5684,0.6295,2.7131
107.5686,0.6362,2.7357
107.5688,0.7552,3.2442
107.5690,0.7542,3.2491
107.5692,0.6414,2.763
107.5694,0.6119,2.6372
107.5696,0.6062,2.6117
107.5698,0.6037,2.6008
107.5700,0.6444,2.7759
107.5702,0.6234,2.688
107.5704,0.6089,2.6255
107.5706,0.606,2.6094
107.5708,0.6041,2.6024
107.5710,0.6064,2.6122
107.5712,0.6092,2.6234
107.5714,0.6128,2.6389
107.5716,0.6769,2.9119
107.5718,0.7344,3.1595
107.5720,0.7669,3.2962
107.5722,0.785,3.3771
107.5724,0.7806,3.3565
107.5726,0.736,3.1662
107.5728,0.7312,3.1455
107.5730,0.689,2.9695
107.5732,0.6066,2.612
107.5734,0.6589,2.8332
107.5736,0.744,3.2052
107.5738,0.6483,2.7904
107.5740,0.7011,3.0161
107.5742,0.7022,3.0207
107.5744,0.683,2.9423
107.5746,0.6207,2.6717
107.5748,0.6425,2.7677
107.5750,0.6169,2.6577
107.5752,0.7047,3.0259
107.5754,0.8457,3.6314
107.5756,0.8028,3.4487
107.5758,0.7398,3.1812
107.5760,0.6604,2.8478
107.5762,0.5282,2.2786
107.5764,0.5463,2.3534
107.5766,0.6773,2.9126
107.5768,0.7819,3.3622
107.5770,0.6827,2.9385
107.5772,0.6448,2.7754
107.5774,0.6138,2.6479
107.5776,0.527,2.2734
107.5778,0.5281,2.2759
107.5780,0.5384,2.3236
107.5782,0.4963,2.143
107.5784,0.5084,2.1892
107.5786,0.6378,2.7463
107.5788,0.5728,2.471
107.5790,0.4955,2.1374
107.5792,0.5148,2.2166
107.5794,0.5844,2.5154
107.5796,0.612,2.6365
107.5798,0.615,2.647
107.5800,0.6527,2.8103
107.5802,0.6794,2.9214
107.5804,0.7073,3.0415
107.5806,0.7453,3.205
107.5808,0.7383,3.176
107.5810,0.6889,2.9594
107.5812,0.7462,3.2086
107.5814,0.7482,3.2203
107.5816,0.7137,3.066
107.5818,0.7927,3.4039
107.5820,0.8009,3.4373
107.5822,0.8138,3.4929
107.5824,0.8679,3.718
107.5826,0.9758,4.1784
107.5828,1.0125,4.3375
107.5830,1.0762,4.6038
107.5832,1.1542,4.9355
107.5834,1.1432,4.8883
107.5836,1.1144,4.7697
107.5838,1.0957,4.6896
107.5840,1.0653,4.5572
107.5842,1.0693,4.5853
107.5844,0.9069,3.894
107.5846,0.9042,3.8827
107.5848,0.9187,3.9413
107.5850,0.9353,4.0086
107.5852,0.9528,4.0855
107.5854,0.9736,4.175
107.5856,0.9959,4.2627
107.5858,1.1133,4.7606
107.5860,0.9348,4.0103
107.5862,0.9583,4.1111
107.5864,0.9576,4.1157
107.5866,0.8379,3.6097
107.5868,0.7,3.0115
107.5870,0.7112,3.0623
107.5872,0.7196,3.0984
107.5874,0.7421,3.194
107.5876,0.7908,3.3988
107.5878,0.8543,3.6737
107.5880,0.817,3.5117
107.5882,0.873,3.7436
107.5884,0.924,3.9732
107.5886,0.7794,3.3561
107.5888,0.7542,3.2461
107.5890,0.7126,3.0728
107.5892,0.6573,2.8318
107.5894,0.7439,3.2003
107.5896,0.7559,3.2503
107.5898,0.7503,3.2291
107.5900,0.7027,3.0256
107.5902,0.665,2.8702
107.5904,0.6064,2.6147
107.5906,0.6236,2.6841
107.5908,0.6863,2.9582
107.5910,0.6444,2.7799
107.5912,0.6022,2.593
107.5914,0.6497,2.8
107.5916,0.6181,2.6616
107.5918,0.6566,2.83
107.5920,0.607,2.6173
107.5922,0.6259,2.6989
107.5924,0.5467,2.3605
107.5926,0.4922,2.1244
107.5928,0.5265,2.2693
107.5930,0.5452,2.3521
107.5932,0.5696,2.4571
107.5934,0.5321,2.2978
107.5936,0.4923,2.1249
107.5938,0.5179,2.2362
107.5940,0.5037,2.1751
107.5942,0.4985,2.1533
107.5944,0.4293,1.8553
107.5946,0.4137,1.7888
107.5948,0.4214,1.816
107.5950,0.6109,2.6282
107.5952,0.7211,3.108
107.5954,0.5789,2.5009
107.5956,0.4716,2.0382
107.5958,0.4511,1.9487
107.5960,0.4447,1.9204
107.5962,0.4554,1.9646
107.5964,0.5351,2.3065
107.5966,0.5405,2.3308
107.5968,0.5389,2.3203
107.5970,0.5774,2.4895
107.5972,0.5753,2.4796
107.5974,0.6073,2.6225
107.5976,0.4907,2.1177
107.5978,0.4558,1.9671
107.5980,0.453,1.9552
107.5982,0.4667,2.0123
107.5984,0.5433,2.3427
107.5986,0.5571,2.4033
107.5988,0.4955,2.1354
107.5990,0.5856,2.5229
107.5992,0.6469,2.7855
107.5994,0.6596,2.839
107.5996,0.6536,2.8132
107.5998,0.6608,2.8454
107.6000,0.6798,2.9229
107.6002,0.6976,2.9998
107.6004,0.7234,3.1121
107.6006,0.6728,2.8944
107.6008,0.6974,3.0043
107.6010,0.6604,2.8399
107.6012,0.7729,3.3174
107.6014,0.8564,3.6773
107.6016,0.794,3.4143
107.6018,0.7221,3.1035
107.6020,0.7091,3.0521
107.6022,0.6447,2.7763
107.6024,0.6522,2.8096
107.6026,0.6377,2.742
107.6028,0.7337,3.152
107.6030,0.7868,3.3834
107.6032,0.7274,3.1276
107.6034,0.7452,3.2045
107.6036,0.7754,3.3282
107.6038,0.8331,3.5741
107.6040,0.839,3.606
107.6042,0.8133,3.4957
107.6044,0.7709,3.3148
107.6046,0.7274,3.1276
107.6048,0.7277,3.1306
107.6050,0.7305,3.1381
107.6052,0.7617,3.2766
107.6054,0.6935,2.9836
107.6056,0.704,3.0313
107.6058,0.6973,3.0024
107.6060,0.6847,2.9427
107.6062,0.7048,3.0392
107.6064,0.606,2.6119
107.6066,0.618,2.6611
107.6068,0.6238,2.6847
107.6070,0.6322,2.7233
107.6072,0.683,2.9382
107.6074,0.7313,3.1461
107.6076,0.6933,2.9812
107.6078,0.6796,2.9251
107.6080,0.6714,2.8922
107.6082,0.6619,2.8501
107.6084,0.6386,2.7499
107.6086,0.6616,2.8451
107.6088,0.7248,3.1197
107.6090,0.7293,3.1388
107.6092,0.7155,3.078
107.6094,0.6598,2.8374
107.6096,0.7242,3.1142
107.6098,0.7077,3.0445
107.6100,0.7017,3.0159
107.6102,0.7408,3.1869
107.6104,0.7137,3.0689
107.6106,0.7174,3.0891
107.6108,0.7079,3.0469
107.6110,0.7122,3.0627
107.6112,0.7085,3.0453
107.6114,0.7585,3.2602
107.6116,0.7455,3.207
107.6118,0.7218,3.1039
107.6120,0.7126,3.0642
107.6122,0.7499,3.2201
107.6124,0.869,3.7313
107.6126,0.7756,3.3365
107.6128,0.7449,3.2029
107.6130,0.7381,3.1755
107.6132,0.7042,3.0253
107.6134,0.7799,3.3503
107.6136,0.8164,3.5124
107.6138,0.7892,3.3889
107.6140,0.8078,3.4736
107.6142,0.7708,3.3097
107.6144,0.8247,3.5397
107.6146,0.8859,3.8004
107.6148,0.9136,3.9192
107.6150,0.8855,3.7971
107.6152,0.9019,3.8711
107.6154,0.9534,4.0881
107.6156,1.0655,4.5539
107.6158,1.1567,4.9393
107.6160,1.1951,5.1079
107.6162,1.1625,4.9662
107.6164,1.1984,5.1218
107.6166,1.1623,4.9838
107.6168,1.0427,4.4732
107.6170,0.9657,4.1411
107.6172,1.0571,4.5202
107.6174,1.1838,5.0669
107.6176,1.1401,4.875
107.6178,1.1433,4.8888
107.6180,1.1655,4.986
107.6182,1.135,4.8625
107.6184,1.0715,4.5903
107.6186,1.1412,4.8819
107.6188,1.1479,4.9152
107.6190,1.0593,4.5463
107.6192,0.9619,4.1323
107.6194,0.9542,4.0974
107.6196,0.9678,4.1556
107.6198,0.9513,4.0889
107.6200,0.9248,3.9694
107.6202,0.9967,4.2737
107.6204,1.0048,4.3087
107.6206,0.9922,4.2587
107.6208,0.957,4.1093
107.6210,0.9913,4.2565
107.6212,1.0023,4.2979
107.6214,0.9959,4.2746
107.6216,0.9663,4.1514
107.6218,0.9709,4.1612
107.6220,0.9995,4.2921
107.6222,0.9459,4.06
107.6224,0.926,3.9838
107.6226,0.8516,3.6652
107.6228,0.8906,3.8258
107.6230,0.8987,3.8644
107.6232,0.8082,3.4768
107.6234,0.7929,3.4113
107.6236,0.7971,3.4293
107.6238,0.7968,3.4278
107.6240,0.7855,3.3793
107.6242,0.7721,3.3261
107.6244,0.7565,3.259
107.6246,0.7082,3.0522
107.6248,0.7087,3.05
107.6250,0.6971,3.0047
107.6252,0.6379,2.7545
107.6254,0.5814,2.5083
107.6256,0.6405,2.762
107.6258,0.6468,2.7915
107.6260,0.5794,2.5007
107.6262,0.5866,2.5305
107.6264,0.6536,2.8171
107.6266,0.6729,2.8976
107.6268,0.6754,2.9138
107.6270,0.5928,2.5574
107.6272,0.5744,2.4789
107.6274,0.5839,2.5203
107.6276,0.5917,2.5528
107.6278,0.6027,2.6023
107.6280,0.5673,2.4461
107.6282,0.6621,2.8538
107.6284,0.6575,2.8389
107.6286,0.5403,2.3309
107.6288,0.5475,2.3663
107.6290,0.5423,2.3429
107.6292,0.5363,2.3159
107.6294,0.5295,2.2864
107.6296,0.5258,2.2714
107.6298,0.5215,2.2517
107.6300,0.5247,2.2615
107.6302,0.5626,2.4271
107.6304,0.535,2.3102
107.6306,0.5333,2.303
107.6308,0.5276,2.2781
107.6310,0.5284,2.2818
107.6312,0.5287,2.2817
107.6314,0.6172,2.6563
107.6316,0.6704,2.8881
107.6318,0.5741,2.4756
107.6320,0.608,2.6219
107.6322,0.6259,2.6977
107.6324,0.608,2.6219
107.6326,0.5763,2.4872
107.6328,0.5678,2.4505
107.6330,0.5704,2.4607
107.6332,0.5727,2.4671
107.6334,0.6246,2.6933
107.6336,0.6682,2.8748
107.6338,0.7271,3.1281
107.6340,0.7668,3.2957
107.6342,0.7824,3.3674
107.6344,0.7256,3.1257
107.6346,0.7054,3.0347
107.6348,0.7389,3.1757
107.6350,0.7452,3.2089
107.6352,0.7334,3.1519
107.6354,0.7977,3.4351
107.6356,0.6698,2.8855
107.6358,0.6209,2.6785
107.6360,0.6132,2.6429
107.6362,0.6434,2.7693
107.6364,0.6843,2.9494
107.6366,0.6728,2.8984
107.6368,0.6686,2.8763
107.6370,0.6627,2.8564
107.6372,0.616,2.656
107.6374,0.6068,2.6155
107.6376,0.6113,2.6359
107.6378,0.6222,2.6804
107.6380,0.6938,2.9819
107.6382,0.7793,3.3524
107.6384,0.7503,3.2276
107.6386,0.7152,3.077
107.6388,0.6847,2.9455
107.6390,0.6922,2.9821
107.6392,0.6862,2.9563
107.6394,0.6838,2.9446
107.6396,0.6651,2.8627
107.6398,0.6915,2.9776
107.6400,0.7076,3.0482
107.6402,0.6578,2.8286
107.6404,0.6946,2.9897
107.6406,0.7022,3.025
107.6408,0.6792,2.9244
107.6410,0.7154,3.0761
107.6412,0.7675,3.2942
107.6414,0.8602,3.6938
107.6416,0.8547,3.6752
107.6418,0.7633,3.2838
107.6420,0.7178,3.0893
107.6422,0.7637,3.2808
107.6424,0.8402,3.6095
107.6426,0.8373,3.5988
107.6428,0.7799,3.3597
107.6430,0.7306,3.143
107.6432,0.7262,3.1239
107.6434,0.6594,2.8392
107.6436,0.6558,2.8251
107.6438,0.6282,2.7113
107.6440,0.5776,2.4929
107.6442,0.5729,2.4704
107.6444,0.5691,2.455
107.6446,0.5829,2.5098
107.6448,0.6754,2.9125
107.6450,0.5931,2.5585
107.6452,0.5721,2.4679
107.6454,0.5691,2.4516
107.6456,0.6157,2.6575
107.6458,0.5648,2.4375
107.6460,0.562,2.4234
107.6462,0.5662,2.4392
107.6464,0.5771,2.4862
107.6466,0.6158,2.6506
107.6468,0.6427,2.7636
107.6470,0.6914,2.9771
107.6472,0.6519,2.8072
107.6474,0.6752,2.9033
107.6476,0.7531,3.237
107.6478,0.8248,3.5419
107.6480,0.7955,3.4189
107.6482,0.8181,3.513
107.6484,0.8783,3.768
107.6486,0.8824,3.7837
107.6488,0.9826,4.2175
107.6490,0.9907,4.25
107.6492,0.9398,4.0319
107.6494,0.9348,4.0121
107.6496,0.9045,3.8856
107.6498,0.8872,3.8096
107.6500,0.857,3.6833
107.6502,0.8777,3.7672
107.6504,0.9518,4.0833
107.6506,0.9774,4.189
107.6508,0.9774,4.1909
107.6510,0.9696,4.1595
107.6512,0.9927,4.2567
107.6514,0.9738,4.1755
107.6516,1.0043,4.3026
107.6518,1.0908,4.6708
107.6520,1.082,4.6398
107.6522,1.0041,4.3076
107.6524,1.0348,4.4331
107.6526,1.0284,4.4203
107.6528,0.8286,3.5661
107.6530,0.733,3.1607
107.6532,0.6787,2.9251
107.6534,0.7628,3.2803
107.6536,0.8374,3.5993
107.6538,0.8241,3.5437
107.6540,0.7908,3.402
107.6542,0.8307,3.5688
107.6544,0.881,3.7916
107.6546,0.7359,3.1701
107.6548,0.7353,3.1646
107.6550,0.8121,3.4922
107.6552,0.795,3.4248
107.6554,0.6507,2.8021
107.6556,0.6817,2.9366
107.6558,0.6799,2.9289
107.6560,0.6729,2.8936
107.6562,0.7431,3.1982
107.6564,0.7499,3.2321
107.6566,0.6685,2.8785
107.6568,0.6762,2.9102
107.6570,0.7206,3.106
107.6572,0.6899,2.9737
107.6574,0.6682,2.8788
107.6576,0.6518,2.8106
107.6578,0.6335,2.7303
107.6580,0.6806,2.9334
107.6582,0.6157,2.6587
107.6584,0.5148,2.2227
107.6586,0.5543,2.3903
107.6588,0.6387,2.7517
107.6590,0.6458,2.7822
107.6592,0.5968,2.5769
107.6594,0.5383,2.3221
107.6596,0.554,2.3876
107.6598,0.6349,2.7377
107.6600,0.6301,2.717
107.6602,0.6079,2.6214
107.6604,0.5862,2.5278
107.6606,0.6392,2.7563
107.6608,0.6281,2.707
107.6610,0.5982,2.5795
107.6612,0.5682,2.4525
107.6614,0.5458,2.3568
107.6616,0.5347,2.3055
107.6618,0.5517,2.3789
107.6620,0.5664,2.4436
107.6622,0.5865,2.5324
107.6624,0.4891,2.1119
107.6626,0.4543,1.9627
107.6628,0.4548,1.9648
107.6630,0.4556,1.9693
107.6632,0.458,1.9778
107.6634,0.5066,2.1865
107.6636,0.5357,2.3101
107.6638,0.5003,2.1611
107.6640,0.452,1.9529
107.6642,0.4522,1.9525
107.6644,0.4483,1.9359
107.6646,0.4513,1.9488
107.6648,0.4957,2.1384
107.6650,0.5345,2.3018
107.6652,0.5851,2.5243
107.6654,0.5548,2.3923
107.6656,0.5624,2.4227
107.6658,0.5594,2.4098
107.6660,0.5633,2.4291
107.6662,0.5729,2.4693
107.6664,0.5636,2.429
107.6666,0.5734,2.4702
107.6668,0.6344,2.7319
107.6670,0.6844,2.9472
107.6672,0.6685,2.8758
107.6674,0.7097,3.0518
107.6676,0.7182,3.0928
107.6678,0.6371,2.747
107.6680,0.5762,2.4855
107.6682,0.5627,2.4265
107.6684,0.5463,2.3545
107.6686,0.5461,2.3557
107.6688,0.5403,2.3309
107.6690,0.5395,2.3251
107.6692,0.5413,2.3328
107.6694,0.5447,2.35
107.6696,0.5336,2.303
107.6698,0.5257,2.2667
107.6700,0.5248,2.262
107.6702,0.5288,2.2791
107.6704,0.5589,2.4099
107.6706,0.6018,2.589
107.6708,0.6269,2.6956
107.6710,0.6608,2.8428
107.6712,0.6989,3.004
107.6714,0.6993,3.0098
107.6716,0.5989,2.5862
107.6718,0.4791,2.069
107.6720,0.4675,2.0178
107.6722,0.4509,1.9441
107.6724,0.4945,2.1293
107.6726,0.5511,2.3774
107.6728,0.5062,2.184
107.6730,0.513,2.2088
107.6732,0.5753,2.4796
107.6734,0.5217,2.2496
107.6736,0.5728,2.4653
107.6738,0.6597,2.8434
107.6740,0.6079,2.6177
107.6742,0.5315,2.2942
107.6744,0.5015,2.1623
107.6746,0.5085,2.1938
107.6748,0.5131,2.2124
107.6750,0.5122,2.2078
107.6752,0.5401,2.3266
107.6754,0.6423,2.7646
107.6756,0.6796,2.9279
107.6758,0.557,2.4017
107.6760,0.495,2.1343
107.6762,0.4921,2.1229
107.6764,0.5168,2.2274
107.6766,0.5666,2.4396
107.6768,0.6181,2.6653
107.6770,0.5866,2.5247
107.6772,0.6073,2.6152
107.6774,0.5967,2.5692
107.6776,0.6018,2.595
107.6778,0.5032,2.169
107.6780,0.5179,2.231
107.6782,0.5095,2.1969
107.6784,0.5435,2.3405
107.6786,0.5982,2.5747
107.6788,0.615,2.647
107.6790,0.6178,2.6601
107.6792,0.6157,2.6513
107.6794,0.6387,2.7479
107.6796,0.6626,2.8492
107.6798,0.6854,2.9458
107.6800,0.7726,3.3189
107.6802,0.8037,3.4545
107.6804,0.7728,3.3184
107.6806,0.7874,3.3797
107.6808,0.7772,3.3375
107.6810,0.7895,3.3868
107.6812,0.8281,3.5525
107.6814,0.85,3.6466
107.6816,0.8681,3.7243
107.6818,0.8866,3.7999
107.6820,0.9517,4.0809
107.6822,0.9711,4.1623
107.6824,0.963,4.1235
107.6826,0.96,4.1125
107.6828,0.9908,4.2426
107.6830,0.9894,4.2364
107.6832,0.9908,4.2505
107.6834,0.928,3.9735
107.6836,0.998,4.2794
107.6838,0.9332,4.0036
107.6840,0.9136,3.9192
107.6842,0.8566,3.6749
107.6844,0.894,3.8336
107.6846,0.9609,4.1205
107.6848,0.9822,4.2095
107.6850,0.9567,4.1025
107.6852,0.9517,4.0828
107.6854,0.9447,4.0473
107.6856,0.9904,4.243
107.6858,0.992,4.2517
107.6860,0.973,4.1724
107.6862,0.9589,4.1175
107.6864,0.9108,3.9092
107.6866,0.9131,3.9172
107.6868,0.9312,3.993
107.6870,0.9858,4.2309
107.6872,0.9545,4.0908
107.6874,1.0276,4.4064
107.6876,0.9504,4.0753
107.6878,0.9435,4.0516
107.6880,0.9512,4.075
107.6882,1.0661,4.565
107.6884,1.0967,4.6938
107.6886,1.0342,4.4326
107.6888,0.981,4.2024
107.6890,0.9926,4.2622
107.6892,0.8687,3.7338
107.6894,0.8332,3.5829
107.6896,0.825,3.544
107.6898,0.8682,3.73
107.6900,0.8572,3.686
107.6902,0.8348,3.5896
107.6904,0.8378,3.6008
107.6906,0.8694,3.7351
107.6908,0.8716,3.7496
107.6910,0.8703,3.737
107.6912,0.9819,4.2105
107.6914,1.0625,4.5496
107.6916,1.1097,4.7497
107.6918,1.1183,4.7884
107.6920,1.1342,4.8567
107.6922,1.1996,5.1293
107.6924,1.2213,5.227
107.6926,1.1992,5.1397
107.6928,1.1187,4.7949
107.6930,1.1268,4.8248
107.6932,1.1505,4.9219
107.6934,1.1466,4.9072
107.6936,1.1591,4.9635
107.6938,1.1222,4.8098
107.6940,1.1136,4.775
107.6942,1.0547,4.5184
107.6944,1.2076,5.1636
107.6946,1.2275,5.2537
107.6948,1.1981,5.1351
107.6950,1.0356,4.447
107.6952,0.9953,4.2701
107.6954,1.0288,4.4115
107.6956,1.068,4.5754
107.6958,1.1533,4.9406
107.6960,1.1355,4.8646
107.6962,1.1096,4.7581
107.6964,1.0858,4.6514
107.6966,1.0625,4.5666
107.6968,0.9316,4.0094
107.6970,0.8799,3.787
107.6972,0.904,3.8727
107.6974,1.1095,4.7509
107.6976,1.1904,5.0856
107.6978,1.292,5.5375
107.6980,1.1939,5.1195
107.6982,1.0733,4.598
107.6984,1.1235,4.811
107.6986,1.1639,4.998
107.6988,1.0865,4.6588
107.6990,1.089,4.6696
107.6992,1.1075,4.7488
107.6994,1.1258,4.823
107.6996,1.1508,4.9298
107.6998,1.2403,5.3135
107.7000,1.2508,5.3507
107.7002,1.24,5.307
107.7004,1.2323,5.2668
107.7006,1.3065,5.5945
107.7008,1.294,5.5333
107.7010,1.3135,5.6164
107.7012,1.3041,5.5842
107.7014,1.3139,5.621
107.7016,1.3287,5.6868
107.7018,1.2958,5.5462
107.7020,1.2877,5.5036
107.7022,1.3143,5.6305
107.7024,1.2192,5.228
107.7026,1.2136,5.2038
107.7028,1.2298,5.2683
107.7030,1.2644,5.4143
107.7032,1.2967,5.5498
107.7034,1.2727,5.4471
107.7036,1.2583,5.3931
107.7038,1.2672,5.4286
107.7040,1.2566,5.3809
107.7042,1.2711,5.4405
107.7044,1.331,5.6992
107.7046,1.3094,5.6068
107.7048,1.3084,5.6001
107.7050,1.2683,5.4307
107.7052,1.2861,5.5072
107.7054,1.3245,5.6741
107.7056,1.3042,5.5873
107.7058,1.2649,5.4264
107.7060,1.168,5.0085
107.7062,1.1897,5.0968
107.7064,1.2618,5.403
107.7066,1.2637,5.4188
107.7068,1.2552,5.3823
107.7070,1.1801,5.0675
107.7072,1.0716,4.6079
107.7074,1.0859,4.6649
107.7076,1.0973,4.7117
107.7078,0.9942,4.2748
107.7080,1.0045,4.3152
107.7082,1.033,4.4481
107.7084,0.9774,4.2027
107.7086,1.0493,4.5099
107.7088,1.0218,4.4001
107.7090,0.8944,3.8494
107.7092,0.9155,3.9458
107.7094,0.8645,3.7244
107.7096,0.86,3.703
107.7098,0.8308,3.5859
107.7100,0.8185,3.5293
107.7102,0.8166,3.5259
107.7104,0.7259,3.1273
107.7106,0.9577,4.1066
107.7108,1.1278,4.8452
107.7110,1.0145,4.3666
107.7112,0.836,3.6148
107.7114,0.6825,2.9512
107.7116,0.6604,2.8518
107.7118,0.6893,2.9766
107.7120,0.773,3.3364
107.7122,0.7732,3.3354
107.7124,0.7874,3.3954
107.7126,0.772,3.3318
107.7128,0.8216,3.5428
107.7130,0.782,3.3737
107.7132,0.7457,3.217
107.7134,0.784,3.382
107.7136,0.8033,3.4653
107.7138,0.7956,3.429
107.7140,0.8015,3.4543
107.7142,0.8589,3.7053
107.7144,0.8037,3.4689
107.7146,0.7708,3.3251
107.7148,0.8162,3.5162
107.7150,0.8805,3.7984
107.7152,0.8283,3.5651
107.7154,0.844,3.6327
107.7156,0.9392,4.0387
107.7158,1.0043,4.3187
107.7160,1.0552,4.5352
107.7162,1.0129,4.3553
107.7164,0.9758,4.2018
107.7166,1.03,4.4167
107.7168,1.175,5.0406
107.7170,1.1003,4.7246
107.7172,1.0729,4.605
107.7174,1.1042,4.7393
107.7176,1.1436,4.9127
107.7178,1.1238,4.8165
107.7180,1.1812,5.0697
107.7182,1.2009,5.1445
107.7184,1.2602,5.4013
107.7186,1.2799,5.4805
107.7188,1.3067,5.5903
107.7190,1.4069,6.0186
107.7192,1.394,5.9665
107.7194,1.3691,5.8598
107.7196,1.2968,5.5581
107.7198,1.284,5.5057
107.7200,1.3275,5.679
107.7202,1.3708,5.8752
107.7204,1.2625,5.4212
107.7206,1.1674,5.0176
107.7208,1.1456,4.9146
107.7210,1.2143,5.2021
107.7212,1.2639,5.4173
107.7214,1.2673,5.4342
107.7216,1.2794,5.4887
107.7218,1.254,5.3796
107.7220,1.2605,5.4074
107.7222,1.1829,5.0769
107.7224,1.2079,5.1845
107.7226,1.2142,5.2088
107.7228,1.2305,5.2862
107.7230,1.2023,5.1603
107.7232,1.1933,5.1217
107.7234,1.221,5.2357
107.7236,1.2782,5.4835
107.7238,1.2791,5.4795
107.7240,1.2522,5.3844
107.7242,1.1172,4.7949
107.7244,1.1367,4.8879
107.7246,1.1106,4.7777
107.7248,1.1412,4.9093
107.7250,1.0972,4.7199
107.7252,1.0205,4.3883
107.7254,1.0174,4.3789
107.7256,1.044,4.4914
107.7258,1.0818,4.6518
107.7260,1.0642,4.5802
107.7262,1.0061,4.3304
107.7264,1.047,4.5085
107.7266,1.0319,4.4331
107.7268,1.059,4.5623
107.7270,0.9302,4.0112
107.7272,0.9251,3.9834
107.7274,0.9836,4.2432
107.7276,0.8933,3.8537
107.7278,0.8723,3.7632
107.7280,0.9064,3.9065
107.7282,0.9052,3.9031
107.7284,0.867,3.7404
107.7286,0.8376,3.6115
107.7288,0.8163,3.5249
107.7290,0.8383,3.6163
107.7292,0.8479,3.6594
107.7294,0.8432,3.6392
107.7296,0.8036,3.47
107.7298,0.738,3.1853
107.7300,0.7612,3.2852
107.7302,0.7356,3.175
107.7304,0.7625,3.2848
107.7306,0.9944,4.2818
107.7308,0.9832,4.2378
107.7310,0.9058,3.9039
107.7312,0.8903,3.8372
107.7314,0.8858,3.8158
107.7316,0.9185,3.9587
107.7318,0.9007,3.8804
107.7320,0.9017,3.8827
107.7322,0.9777,4.2042
107.7324,1.0322,4.4424
107.7326,1.0861,4.6616
107.7328,1.1082,4.774
107.7330,0.8998,3.8781
107.7332,0.9306,4.0053
107.7334,0.9131,3.9373
107.7336,0.8753,3.7761
107.7338,0.8621,3.7158
107.7340,0.8729,3.7623
107.7342,0.8702,3.7522
107.7344,0.8729,3.7606
107.7346,0.8754,3.7732
107.7348,0.8637,3.7156
107.7350,0.9949,4.2799
107.7352,0.9912,4.2739
107.7354,0.9007,3.8858
107.7356,0.8724,3.7602
107.7358,0.9011,3.882
107.7360,0.9082,3.9106
107.7362,0.9717,4.1862
107.7364,0.9617,4.1428
107.7366,0.9576,4.1272
107.7368,0.8957,3.8623
107.7370,0.7941,3.4228
107.7372,0.953,4.1018
107.7374,0.9418,4.0589
107.7376,0.8594,3.7108
107.7378,0.7253,3.129
107.7380,0.789,3.399
107.7382,0.8812,3.7944
107.7384,0.867,3.7404
107.7386,0.8632,3.7239
107.7388,0.8663,3.7356
107.7390,0.8775,3.7802
107.7392,0.8554,3.6903
107.7394,0.7899,3.4078
107.7396,0.7888,3.4027
107.7398,0.8137,3.5103
107.7400,0.866,3.7358
107.7402,0.874,3.7652
107.7404,0.8814,3.8008
107.7406,0.8022,3.4638
107.7408,0.6932,2.9932
107.7410,0.6742,2.9114
107.7412,0.6687,2.8835
107.7414,0.831,3.5814
107.7416,0.8594,3.7005
107.7418,0.8546,3.6815
107.7420,0.8854,3.8178
107.7422,0.8407,3.6166
107.7424,0.9744,4.1937
107.7426,0.8895,3.8318
107.7428,0.8259,3.5581
107.7430,0.8142,3.5091
107.7432,0.8913,3.8449
107.7434,0.8009,3.4581
107.7436,0.7114,3.0719
107.7438,0.6957,3.004
107.7440,0.7217,3.1178
107.7442,0.713,3.0786
107.7444,0.6947,2.9985
107.7446,0.7033,3.0381
107.7448,0.7013,3.0284
107.7450,0.7546,3.2507
107.7452,0.8262,3.5641
107.7454,0.8048,3.4688
107.7456,0.8081,3.4779
107.7458,0.8624,3.7117
107.7460,0.8906,3.8365
107.7462,0.8891,3.8285
107.7464,0.8756,3.7702
107.7466,0.9534,4.0976
107.7468,0.9716,4.1721
107.7470,1.0648,4.5679
107.7472,1.1106,4.7644
107.7474,1.1396,4.8912
107.7476,1.1624,4.9773
107.7478,1.252,5.3659
107.7480,1.2597,5.4018
107.7482,1.2858,5.5056
107.7484,1.3144,5.6257
107.7486,1.2885,5.52
107.7488,1.2868,5.5154
107.7490,1.3034,5.5863
107.7492,1.3376,5.7275
107.7494,1.3113,5.6255
107.7496,1.2413,5.3226
107.7498,1.2895,5.5138
107.7500,1.3308,5.712
107.7502,1.1549,4.9616
107.7504,1.1124,4.7788
107.7506,1.1093,4.7676
107.7508,1.1045,4.7492
107.7510,1.1009,4.7337
107.7512,1.0786,4.6335
107.7514,1.1019,4.7274
107.7516,1.1986,5.142
107.7518,1.1885,5.1059
107.7520,1.1076,4.756
107.7522,1.1118,4.774
107.7524,1.218,5.2302
107.7526,1.1952,5.1252
107.7528,1.1707,5.0291
107.7530,1.1213,4.8102
107.7532,1.1527,4.9496
107.7534,1.1558,4.9676
107.7536,1.0691,4.5971
107.7538,1.0419,4.4863
107.7540,0.9606,4.1343
107.7542,1.0067,4.331
107.7544,0.986,4.2418
107.7546,1.0276,4.4228
107.7548,0.9421,4.0643
107.7550,0.8826,3.8006
107.7552,0.9198,3.9681
107.7554,0.8729,3.7658
107.7556,0.8395,3.6181
107.7558,0.9266,3.9938
107.7560,0.9041,3.8985
107.7562,0.8063,3.4782
107.7564,0.8126,3.5024
107.7566,0.875,3.7676
107.7568,0.9383,4.0421
107.7570,0.9051,3.9026
107.7572,0.8518,3.6748
107.7574,0.8553,3.6898
107.7576,0.8426,3.6299
107.7578,0.8819,3.8011
107.7580,0.9137,3.9325
107.7582,0.9233,3.9775
107.7584,0.9101,3.9207
107.7586,0.9426,4.0569
107.7588,0.9043,3.9013
107.7590,0.8057,3.474
107.7592,0.8015,3.4527
107.7594,0.7992,3.4509
107.7596,0.7534,3.2531
107.7598,0.7411,3.2018
107.7600,0.7332,3.1632
107.7602,0.7811,3.3711
107.7604,0.7973,3.4394
107.7606,0.8286,3.5711
107.7608,0.8085,3.4864
107.7610,0.7636,3.2986
107.7612,0.6392,2.7653
107.7614,0.6139,2.6546
107.7616,0.6398,2.7679
107.7618,0.6221,2.6886
107.7620,0.6415,2.7739
107.7622,0.6339,2.7399
107.7624,0.6308,2.7252
107.7626,0.6488,2.8042
107.7628,0.6372,2.7552
107.7630,0.6057,2.6176
107.7632,0.629,2.7212
107.7634,0.6419,2.7728
107.7636,0.6616,2.8596
107.7638,0.7383,3.179
107.7640,0.8042,3.4662
107.7642,0.7709,3.3256
107.7644,0.7149,3.0869
107.7646,0.7108,3.0664
107.7648,0.748,3.2283
107.7650,0.7059,3.0466
107.7652,0.715,3.0845
107.7654,0.8156,3.5104
107.7656,0.8627,3.7166
107.7658,0.8015,3.4591
107.7660,0.7182,3.1014
107.7662,0.7027,3.0341
107.7664,0.6975,3.009
107.7666,0.6994,3.0201
107.7668,0.7017,3.0299
107.7670,0.706,3.0472
107.7672,0.7444,3.2098
107.7674,0.7766,3.3504
107.7676,0.7447,3.2084
107.7678,0.7534,3.2501
107.7680,0.7108,3.0707
107.7682,0.6988,3.0175
107.7684,0.6946,2.998
107.7686,0.698,3.0111
107.7688,0.7051,3.0416
107.7690,0.7067,3.0488
107.7692,0.7125,3.0708
107.7694,0.7558,3.2604
107.7696,0.6866,2.9688
107.7698,0.6336,2.7358
107.7700,0.629,2.7136
107.7702,0.6372,2.7526
107.7704,0.6626,2.8545
107.7706,0.778,3.3592
107.7708,0.682,2.9437
107.7710,0.6667,2.8667
107.7712,0.8793,3.7862
107.7714,0.8541,3.6846
107.7716,0.7346,3.1718
107.7718,0.6438,2.776
107.7720,0.7004,3.0214
107.7722,0.7299,3.1443
107.7724,0.757,3.258
107.7726,0.7926,3.4097
107.7728,0.84,3.6168
107.7730,0.8861,3.8103
107.7732,0.9527,4.0926
107.7734,0.9841,4.2335
107.7736,0.9272,3.9871
107.7738,0.9174,3.943
107.7740,0.8906,3.8418
107.7742,0.6535,2.8244
107.7744,0.6053,2.6161
107.7746,0.6368,2.7498
107.7748,0.6381,2.753
107.7750,0.6706,2.8945
107.7752,0.656,2.8287
107.7754,0.6862,2.9604
107.7756,0.677,2.9179
107.7758,0.7611,3.2817
107.7760,0.6597,2.8474
107.7762,0.6661,2.8735
107.7764,0.7266,3.1333
107.7766,0.7258,3.1296
107.7768,0.7621,3.2802
107.7770,0.8142,3.5074
107.7772,0.8596,3.6946
107.7774,0.9543,4.1018
107.7776,0.8488,3.6567
107.7778,0.7504,3.2341
107.7780,0.8107,3.4908
107.7782,0.8784,3.7755
107.7784,0.916,3.9387
107.7786,0.9083,3.9075
107.7788,0.9276,3.9868
107.7790,0.9087,3.9054
107.7792,0.9214,3.9637
107.7794,0.8822,3.7986
107.7796,0.8465,3.6452
107.7798,0.8169,3.5144
107.7800,0.8382,3.604
107.7802,0.8304,3.5705
107.7804,0.9135,3.926
107.7806,0.9513,4.0889
107.7808,0.9425,4.0545
107.7810,0.9362,4.0277
107.7812,0.9415,4.0466
107.7814,1.0087,4.3292
107.7816,1.0522,4.5181
107.7818,0.9858,4.2348
107.7820,1.0004,4.2937
107.7822,1.0475,4.4959
107.7824,1.0583,4.5422
107.7826,1.0642,4.5738
107.7828,0.9925,4.2656
107.7830,0.9997,4.2886
107.7832,1.0638,4.568
107.7834,1.0386,4.4641
107.7836,0.9989,4.2875
107.7838,1.0359,4.4501
107.7840,1.0426,4.4811
107.7842,1.0242,4.4063
107.7844,0.9326,4.0085
107.7846,0.9588,4.1227
107.7848,0.927,3.988
107.7850,0.8794,3.7867
107.7852,0.8358,3.6021
107.7854,0.8179,3.5218
107.7856,0.827,3.5611
107.7858,0.8039,3.4695
107.7860,0.7447,3.2054
107.7862,0.8727,3.7543
107.7864,0.8883,3.8178
107.7866,0.9182,3.9577
107.7868,0.8017,3.4537
107.7870,0.7762,3.3437
107.7872,0.7582,3.2723
107.7874,0.6485,2.7974
107.7876,0.7365,3.1757
107.7878,0.7265,3.1342
107.7880,0.6927,2.9925
107.7882,0.5815,2.5111
107.7884,0.6468,2.7902
107.7886,0.6588,2.8472
107.7888,0.606,2.618
107.7890,0.6239,2.6927
107.7892,0.6456,2.7889
107.7894,0.5523,2.3881
107.7896,0.5429,2.3455
107.7898,0.6034,2.6066
107.7900,0.6218,2.6826
107.7902,0.6427,2.7739
107.7904,0.6408,2.7656
107.7906,0.6915,2.9804
107.7908,0.7179,3.0926
107.7910,0.6976,3.0109
107.7912,0.6011,2.5991
107.7914,0.5321,2.2999
107.7916,0.5233,2.2637
107.7918,0.5114,2.2082
107.7920,0.5663,2.4465
107.7922,0.5793,2.5036
107.7924,0.5746,2.48
107.7926,0.6425,2.7729
107.7928,0.5703,2.4647
107.7930,0.4957,2.1424
107.7932,0.4949,2.1398
107.7934,0.5023,2.1729
107.7936,0.4525,1.9585
107.7938,0.4764,2.059
107.7940,0.5205,2.2497
107.7942,0.5031,2.1725
107.7944,0.572,2.4731
107.7946,0.4838,2.0921
107.7948,0.4485,1.9391
107.7950,0.4461,1.9287
107.7952,0.4815,2.0832
107.7954,0.459,1.9866
107.7956,0.4497,1.9434
107.7958,0.5204,2.245
107.7960,0.5835,2.5171
107.7962,0.6128,2.6463
107.7964,0.5572,2.4071
107.7966,0.4758,2.0573
107.7968,0.4597,1.9869
107.7970,0.4596,1.9837
107.7972,0.5559,2.4003
107.7974,0.5811,2.5044
107.7976,0.6648,2.8625
107.7978,0.7084,3.0533
107.7980,0.6657,2.8679
107.7982,0.6889,2.9663
107.7984,0.7048,3.0363
107.7986,0.7122,3.0684
107.7988,0.714,3.0733
107.7990,0.7611,3.274
107.7992,0.7798,3.3576
107.7994,0.7286,3.1372
107.7996,0.7465,3.2086
107.7998,0.8081,3.4714
107.8000,0.8093,3.4814
107.8002,0.723,3.1163
107.8004,0.6583,2.8372
107.8006,0.7149,3.0797
107.8008,0.7282,3.1342
107.8010,0.7186,3.0943
107.8012,0.7034,3.033
107.8014,0.6648,2.8651
107.8016,0.6446,2.777
107.8018,0.6373,2.7455
107.8020,0.6229,2.6873
107.8022,0.627,2.7036
107.8024,0.6384,2.7514
107.8026,0.6381,2.7504
107.8028,0.6423,2.7698
107.8030,0.6258,2.6972
107.8032,0.5857,2.5269
107.8034,0.5963,2.576
107.8036,0.503,2.173
107.8038,0.4911,2.1198
107.8040,0.555,2.3956
107.8042,0.6027,2.5986
107.8044,0.615,2.6482
107.8046,0.6732,2.9054
107.8048,0.5247,2.2657
107.8050,0.4589,1.9815
107.8052,0.4461,1.9287
107.8054,0.4528,1.9569
107.8056,0.5042,2.1782
107.8058,0.5029,2.1685
107.8060,0.5429,2.3455
107.8062,0.5073,2.1906
107.8064,0.5343,2.305
107.8066,0.5256,2.2662
107.8068,0.5343,2.3071
107.8070,0.5071,2.1906
107.8072,0.5282,2.2776
107.8074,0.6205,2.672
107.8076,0.6017,2.5957
107.8078,0.6217,2.6771
107.8080,0.6531,2.8189
107.8082,0.5419,2.3376
107.8084,0.4994,2.1555
107.8086,0.5071,2.1876
107.8088,0.5615,2.4235
107.8090,0.4953,2.1379
107.8092,0.4849,2.0928
107.8094,0.4835,2.0876
107.8096,0.4871,2.1012
107.8098,0.4827,2.0845
107.8100,0.4933,2.1281
107.8102,0.4975,2.1462
107.8104,0.4981,2.1508
107.8106,0.4955,2.1394
107.8108,0.4956,2.1379
107.8110,0.4923,2.124
107.8112,0.4947,2.1353
107.8114,0.4923,2.124
107.8116,0.4928,2.127
107.8118,0.4778,2.0614
107.8120,0.4774,2.0593
107.8122,0.4836,2.0881
107.8124,0.4853,2.0934
107.8126,0.5164,2.2259
107.8128,0.5523,2.3793
107.8130,0.6052,2.6071
107.8132,0.5964,2.5706
107.8134,0.5735,2.4696
107.8136,0.6246,2.687
107.8138,0.7025,3.0223
107.8140,0.7481,3.2108
107.8142,0.7997,3.4401
107.8144,0.7361,3.1653
107.8146,0.7756,3.3334
107.8148,0.7925,3.4013
107.8150,0.9082,3.887
107.8152,1.0129,4.3411
107.8154,1.0087,4.3251
107.8156,0.9184,3.9398
107.8158,0.9108,3.9092
107.8160,0.9648,4.1369
107.8162,0.976,4.1814
107.8164,0.9603,4.1141
107.8166,0.9566,4.102
107.8168,0.9567,4.0987
107.8170,0.9987,4.2805
107.8172,0.9852,4.2204
107.8174,0.9945,4.2605
107.8176,1.0507,4.4972
107.8178,1.0645,4.569
107.8180,0.9732,4.169
107.8182,1.0665,4.5602
107.8184,1.1239,4.8102
107.8186,1.069,4.5838
107.8188,1.0145,4.3503
107.8190,0.9856,4.2264
107.8192,0.9639,4.1372
107.8194,0.9079,3.9005
107.8196,0.8229,3.5402
107.8198,0.764,3.2885
107.8200,0.701,3.0198
107.8202,0.7137,3.0731
107.8204,0.7698,3.3086
107.8206,0.7764,3.337
107.8208,0.7664,3.2942
107.8210,0.8263,3.548
107.8212,0.8265,3.5557
107.8214,0.8,3.4449
107.8216,0.7286,3.1342
107.8218,0.7407,3.1863
107.8220,0.7471,3.2157
107.8222,0.7464,3.2111
107.8224,0.7928,3.406
107.8226,0.7664,3.3003
107.8228,0.7061,3.0392
107.8230,0.7299,3.1399
107.8232,0.7383,3.1775
107.8234,0.6841,2.947
107.8236,0.7091,3.0535
107.8238,0.7471,3.2127
107.8240,0.7741,3.3303
107.8242,0.6543,2.8228
107.8244,0.58,2.5021
107.8246,0.5946,2.564
107.8248,0.5833,2.5177
107.8250,0.5762,2.4867
107.8252,0.5702,2.4585
107.8254,0.5753,2.4808
107.8256,0.5686,2.4541
107.8258,0.5646,2.4347
107.8260,0.5726,2.4677
107.8262,0.5748,2.4775
107.8264,0.5842,2.5214
107.8266,0.5723,2.4678
107.8268,0.6262,2.695
107.8270,0.7076,3.044
107.8272,0.7549,3.2523
107.8274,0.6071,2.6166
107.8276,0.5625,2.4254
107.8278,0.606,2.6143
107.8280,0.5732,2.4714
107.8282,0.5435,2.3481
107.8284,0.4921,2.1229
107.8286,0.5381,2.3226
107.8288,0.4884,2.1069
107.8290,0.4824,2.082
107.8292,0.5245,2.2626
107.8294,0.5378,2.3189
107.8296,0.5326,2.301
107.8298,0.5355,2.3102
107.8300,0.6235,2.6836
107.8302,0.7229,3.1114
107.8304,0.6742,2.9019
107.8306,0.6447,2.7763
107.8308,0.6446,2.7757
107.8310,0.6485,2.7923
107.8312,0.6491,2.7974
107.8314,0.6521,2.8064
107.8316,0.709,3.0459
107.8318,0.8021,3.4505
107.8320,0.7221,3.1078
107.8322,0.7079,3.0498
107.8324,0.6343,2.7313
107.8326,0.6148,2.6484
107.8328,0.6124,2.6417
107.8330,0.6113,2.6346
107.8332,0.6122,2.6376
107.8334,0.6167,2.6567
107.8336,0.6108,2.6338
107.8338,0.61,2.6277
107.8340,0.6095,2.6245
107.8342,0.6389,2.751
107.8344,0.6923,2.9812
107.8346,0.6296,2.7125
107.8348,0.6557,2.8206
107.8350,0.7329,3.1543
107.8352,0.6752,2.906
107.8354,0.6993,3.007
107.8356,0.7658,3.2977
107.8358,0.67,2.8852
107.8360,0.6319,2.7261
107.8362,0.5525,2.3836
107.8364,0.5609,2.4131
107.8366,0.6625,2.85
107.8368,0.715,3.0731
107.8370,0.779,3.3483
107.8372,0.7525,3.2359
107.8374,0.7019,3.0211
107.8376,0.7089,3.0511
107.8378,0.7678,3.2999
107.8380,0.7686,3.3019
107.8382,0.7734,3.3256
107.8384,0.7522,3.2344
107.8386,0.7336,3.1574
107.8388,0.6705,2.8873
107.8390,0.6402,2.7566
107.8392,0.6419,2.7651
107.8394,0.6579,2.8317
107.8396,0.6955,2.9947
107.8398,0.7067,3.0375
107.8400,0.7668,3.2942
107.8402,0.7622,3.2777
107.8404,0.7252,3.1198
107.8406,0.7348,3.1625
107.8408,0.7353,3.1587
107.8410,0.7908,3.4004
107.8412,0.7497,3.2265
107.8414,0.7069,3.0423
107.8416,0.6499,2.7972
107.8418,0.6732,2.8973
107.8420,0.6824,2.9384
107.8422,0.6168,2.6572
107.8424,0.5947,2.5621
107.8426,0.6274,2.7014
107.8428,0.6449,2.7794
107.8430,0.6063,2.6129
107.8432,0.5958,2.5692
107.8434,0.5152,2.2238
107.8436,0.4953,2.1379
107.8438,0.4944,2.1327
107.8440,0.498,2.1483
107.8442,0.4945,2.1352
107.8444,0.5046,2.1757
107.8446,0.556,2.3986
107.8448,0.4979,2.1477
107.8450,0.5258,2.2683
107.8452,0.5052,2.1773
107.8454,0.5307,2.2863
107.8456,0.5696,2.4537
107.8458,0.6253,2.6951
107.8460,0.5981,2.5778
107.8462,0.5879,2.5327
107.8464,0.636,2.7347
107.8466,0.7811,3.3539
107.8468,0.8416,3.6106
107.8470,0.847,3.632
107.8472,0.8503,3.6544
107.8474,0.8446,3.6218
107.8476,0.931,3.992
107.8478,0.923,3.9599
107.8480,0.9409,4.0346
107.8482,0.9758,4.1843
107.8484,0.9801,4.2008
107.8486,0.9709,4.1593
107.8488,0.9756,4.1852
107.8490,0.9251,3.9705
107.8492,0.9534,4.0862
107.8494,0.9927,4.2548
107.8496,0.9648,4.1369
107.8498,0.9582,4.1106
107.8500,0.9852,4.2204
107.8502,0.9927,4.2548
107.8504,0.9491,4.081
107.8506,0.8135,3.4946
107.8508,0.8348,3.5863
107.8510,0.8397,3.6057
107.8512,0.8403,3.6117
107.8514,0.8282,3.5563
107.8516,0.8539,3.6631
107.8518,0.9465,4.0626
107.8520,0.8611,3.706
107.8522,0.7759,3.3349
107.8524,0.7831,3.3658
107.8526,0.804,3.4555
107.8528,0.8258,3.546
107.8530,0.8281,3.5574
107.8532,0.8238,3.5405
107.8534,0.7501,3.2316
107.8536,0.6865,2.9559
107.8538,0.7027,3.0284
107.8540,0.6384,2.7514
107.8542,0.5917,2.5563
107.8544,0.5512,2.3768
107.8546,0.5933,2.5559
107.8548,0.6426,2.7644
107.8550,0.7179,3.0869
107.8552,0.7402,3.1917
107.8554,0.6414,2.7644
107.8556,0.6028,2.5955
107.8558,0.6573,2.8318
107.8560,0.6624,2.8548
107.8562,0.6096,2.625
107.8564,0.6929,2.9783
107.8566,0.7494,3.227
107.8568,0.6543,2.8228
107.8570,0.6012,2.5912
107.8572,0.6523,2.8075
107.8574,0.6854,2.9485
107.8576,0.6679,2.8772
107.8578,0.5732,2.4737
107.8580,0.5464,2.3583
107.8582,0.5218,2.2512
107.8584,0.5481,2.3645
107.8586,0.5515,2.379
107.8588,0.5403,2.3319
107.8590,0.5161,2.2284
107.8592,0.5384,2.3204
107.8594,0.5903,2.5442
107.8596,0.5656,2.4411
107.8598,0.5585,2.4039
107.8600,0.6777,2.9237
107.8602,0.5634,2.4296
107.8604,0.5704,2.4607
107.8606,0.6006,2.5887
107.8608,0.5874,2.5318
107.8610,0.5727,2.4682
107.8612,0.5902,2.5449
107.8614,0.6042,2.6042
107.8616,0.5429,2.3433
107.8618,0.4739,2.0462
107.8620,0.471,2.0338
107.8622,0.456,1.969
107.8624,0.4524,1.9535
107.8626,0.4516,1.9499
107.8628,0.4576,1.9749
107.8630,0.5078,2.1886
107.8632,0.5794,2.4972
107.8634,0.5555,2.3921
107.8636,0.5618,2.4212
107.8638,0.5633,2.4302
107.8640,0.5592,2.4126
107.8642,0.5643,2.4309
107.8644,0.5625,2.4232
107.8646,0.5681,2.4463
107.8648,0.6211,2.6721
107.8650,0.6854,2.9499
107.8652,0.7817,3.3534
107.8654,0.8365,3.6052
107.8656,0.5959,2.5697
107.8658,0.5458,2.3514
107.8660,0.5464,2.3561
107.8662,0.5622,2.4199
107.8664,0.6817,2.9326
107.8666,0.6363,2.7427
107.8668,0.5716,2.4636
107.8670,0.5433,2.3427
107.8672,0.5326,2.2967
107.8674,0.5293,2.2833
107.8676,0.5303,2.2869
107.8678,0.5333,2.2987
107.8680,0.5326,2.2967
107.8682,0.5305,2.2853
107.8684,0.5718,2.46
107.8686,0.626,2.6945
107.8688,0.6307,2.7209
107.8690,0.5088,2.1938
107.8692,0.5234,2.2558
107.8694,0.5439,2.342
107.8696,0.5861,2.5249
107.8698,0.565,2.434
107.8700,0.5522,2.3765
107.8702,0.5811,2.5032
107.8704,0.6011,2.5907
107.8706,0.5662,2.4392
107.8708,0.5931,2.5573
107.8710,0.5645,2.432
107.8712,0.5248,2.2652
107.8714,0.5134,2.214
107.8716,0.5419,2.3343
107.8718,0.5314,2.2905
107.8720,0.5221,2.2512
107.8722,0.5771,2.4885
107.8724,0.5395,2.3262
107.8726,0.5359,2.3074
107.8728,0.5598,2.4118
107.8730,0.5895,2.5394
107.8732,0.5494,2.3658
107.8734,0.5784,2.493
107.8736,0.5336,2.3019
107.8738,0.4915,2.1203
107.8740,0.4861,2.0961
107.8742,0.4871,2.1002
107.8744,0.5186,2.2352
107.8746,0.4982,2.1493
107.8748,0.4841,2.0873
107.8750,0.4965,2.1391
107.8752,0.5576,2.4031
107.8754,0.5381,2.3172
107.8756,0.5915,2.547
107.8758,0.6205,2.6732
107.8760,0.5866,2.5258
107.8762,0.5862,2.5231
107.8764,0.5903,2.5418
107.8766,0.5997,2.5833
107.8768,0.5182,2.2336
107.8770,0.5205,2.2424
107.8772,0.5856,2.5205
107.8774,0.6072,2.6122
107.8776,0.6033,2.5976
107.8778,0.6019,2.5931
107.8780,0.5976,2.5721
107.8782,0.6245,2.6853
107.8784,0.694,2.9857
107.8786,0.6616,2.8411
107.8788,0.73,3.1331
107.8790,0.7896,3.3889
107.8792,0.8206,3.5238
107.8794,0.7847,3.3694
107.8796,0.7828,3.358
107.8798,0.8263,3.5464
107.8800,0.8422,3.6165
107.8802,0.8081,3.4666
107.8804,0.853,3.6612
107.8806,0.8896,3.8057
107.8808,1.0127,4.3345
107.8810,1.0047,4.3062
107.8812,0.9831,4.2117
107.8814,0.9408,4.0304
107.8816,0.9468,4.056
107.8818,0.9693,4.1526
107.8820,0.9798,4.2032
107.8822,0.9193,3.9421
107.8824,0.9473,4.0562
107.8826,0.9995,4.2821
107.8828,0.9849,4.2194
107.8830,0.9837,4.2182
107.8832,0.9334,3.9948
107.8834,1.0316,4.4171
107.8836,1.0684,4.5833
107.8838,0.9473,4.0562
107.8840,0.9789,4.1957
107.8842,0.983,4.221
107.8844,0.8605,3.6948
107.8846,0.8245,3.5387
107.8848,0.8346,3.5869
107.8850,0.8215,3.5291
107.8852,0.8299,3.5618
107.8854,0.8091,3.4793
107.8856,0.7651,3.2901
107.8858,0.778,3.3499
107.8860,0.729,3.129
107.8862,0.8164,3.5107
107.8864,0.781,3.3597
107.8866,0.7957,3.4231
107.8868,0.7235,3.1126
107.8870,0.7043,3.03
107.8872,0.7349,3.166
107.8874,0.6542,2.8184
107.8876,0.6389,2.7522
107.8878,0.6517,2.8023
107.8880,0.6547,2.8217
107.8882,0.581,2.5051
107.8884,0.6239,2.6902
107.8886,0.5965,2.5687
107.8888,0.6221,2.6812
107.8890,0.6107,2.6296
107.8892,0.6205,2.6732
107.8894,0.608,2.617
107.8896,0.6533,2.8142
107.8898,0.661,2.8465
107.8900,0.6721,2.8926
107.8902,0.6601,2.8423
107.8904,0.6825,2.9375
107.8906,0.6941,2.9876
107.8908,0.6706,2.8851
107.8910,0.6534,2.816
107.8912,0.5911,2.549
107.8914,0.5881,2.5326
107.8916,0.6606,2.8444
107.8918,0.6125,2.6398
107.8920,0.5902,2.5437
107.8922,0.566,2.4382
107.8924,0.5679,2.4476
107.8926,0.5819,2.5045
107.8928,0.7027,3.0228
107.8930,0.6968,3.0017
107.8932,0.6486,2.7928
107.8934,0.6317,2.7238
107.8936,0.507,2.1891
107.8938,0.4866,2.0991
107.8940,0.5543,2.3881
107.8942,0.5597,2.4135
107.8944,0.5283,2.277
107.8946,0.5372,2.3163
107.8948,0.5396,2.3278
107.8950,0.5405,2.3308
107.8952,0.5642,2.4304
107.8954,0.5652,2.4351
107.8956,0.5976,2.5745
107.8958,0.6095,2.6232
107.8960,0.6598,2.836
107.8962,0.7611,3.2695
107.8964,0.7531,3.246
107.8966,0.6618,2.8496
107.8968,0.6697,2.8796
107.8970,0.723,3.1062
107.8972,0.7519,3.2333
107.8974,0.7563,3.2489
107.8976,0.7904,3.3957
107.8978,0.7563,3.2458
107.8980,0.8215,3.5324
107.8982,0.7868,3.3818
107.8984,0.8319,3.5722
107.8986,0.8495,3.6479
107.8988,0.8531,3.66
107.8990,0.847,3.632
107.8992,0.9245,3.9642
107.8994,0.9558,4.1041
107.8996,0.8361,3.5919
107.8998,0.7888,3.3932
107.9000,0.7218,3.1082
107.9002,0.6961,2.9931
107.9004,0.7343,3.1561
107.9006,0.7384,3.1706
107.9008,0.7307,3.1406
107.9010,0.7395,3.1782
107.9012,0.7427,3.1936
107.9014,0.7682,3.305
107.9016,0.7251,3.1222
107.9018,0.6747,2.904
107.9020,0.6217,2.6809
107.9022,0.5646,2.4347
107.9024,0.5528,2.3836
107.9026,0.5572,2.3982
107.9028,0.6965,2.9965
107.9030,0.6946,2.9924
107.9032,0.6694,2.8826
107.9034,0.6889,2.9635
107.9036,0.6506,2.8016
107.9038,0.6421,2.7675
107.9040,0.5656,2.4377
107.9042,0.551,2.3769
107.9044,0.5455,2.3542
107.9046,0.5416,2.3366
107.9048,0.5311,2.2878
107.9050,0.5904,2.5447
107.9052,0.6149,2.6501
107.9054,0.6419,2.7664
107.9056,0.6246,2.6895
107.9058,0.5965,2.5699
107.9060,0.622,2.6769
107.9062,0.6756,2.9062
107.9064,0.7172,3.0838
107.9066,0.7654,3.2896
107.9068,0.7547,3.2422
107.9070,0.7271,3.1324
107.9072,0.6218,2.6789
107.9074,0.6029,2.5973
107.9076,0.6341,2.7328
107.9078,0.5941,2.5631
107.9080,0.5125,2.2119
107.9082,0.5,2.1591
107.9084,0.5023,2.1669
107.9086,0.5047,2.1742
107.9088,0.5735,2.4719
107.9090,0.5312,2.2915
107.9092,0.5303,2.2858
107.9094,0.5927,2.5534
107.9096,0.5826,2.5135
107.9098,0.504,2.1761
107.9100,0.4819,2.0799
107.9102,0.4835,2.0857
107.9104,0.4844,2.0898
107.9106,0.4814,2.0769
107.9108,0.4926,2.127
107.9110,0.4962,2.1425
107.9112,0.497,2.1441
107.9114,0.4986,2.1508
107.9116,0.5132,2.215
107.9118,0.5295,2.2811
107.9120,0.573,2.4652
107.9122,0.6299,2.7122
107.9124,0.6065,2.6091
107.9126,0.6655,2.8589
107.9128,0.7431,3.1922
107.9130,0.7794,3.3498
107.9132,0.7421,3.1881
107.9134,0.745,3.2004
107.9136,0.7865,3.3787
107.9138,0.8077,3.4618
107.9140,1.001,4.2842
107.9142,0.9873,4.2316
107.9144,0.9702,4.1581
107.9146,0.9253,3.9696
107.9148,0.9124,3.9159
107.9150,0.9149,3.9249
107.9152,0.8983,3.8503
107.9154,0.8673,3.7207
107.9156,0.9097,3.8973
107.9158,0.9529,4.0841
107.9160,0.9625,4.1233
107.9162,0.9848,4.2169
107.9164,0.97,4.1615
107.9166,0.9531,4.0871
107.9168,0.9675,4.1526
107.9170,0.9793,4.1933
107.9172,1.0395,4.4469
107.9174,1.0914,4.6668
107.9176,1.088,4.6612
107.9178,1.0292,4.4131
107.9180,1.0588,4.5273
107.9182,1.1095,4.7553
107.9184,1.0021,4.2969
107.9186,1.027,4.4059
107.9188,0.927,3.9843
107.9190,0.838,3.6019
107.9192,0.7119,3.064
107.9194,0.7289,3.1358
107.9196,0.7355,3.1671
107.9198,0.7224,3.1108
107.9200,0.6813,2.9324
107.9202,0.7119,3.0625
107.9204,0.762,3.2797
107.9206,0.7047,3.0386
107.9208,0.6375,2.7465
107.9210,0.6646,2.8673
107.9212,0.6298,2.7142
107.9214,0.697,2.9972
107.9216,0.7306,3.1489
107.9218,0.6012,2.5924
107.9220,0.615,2.647
107.9222,0.6726,2.8974
107.9224,0.6509,2.8013
107.9226,0.7239,3.117
107.9228,0.7024,3.0246
107.9230,0.7005,3.0135
107.9232,0.7352,3.167
107.9234,0.6618,2.8509
107.9236,0.6692,2.8829
107.9238,0.6403,2.7571
107.9240,0.6861,2.9571
107.9242,0.6357,2.7426
107.9244,0.6228,2.6805
107.9246,0.6576,2.8341
107.9248,0.6329,2.7289
107.9250,0.5614,2.423
107.9252,0.5114,2.2031
107.9254,0.578,2.4944
107.9256,0.5337,2.3045
107.9258,0.495,2.1383
107.9260,0.5458,2.3514
107.9262,0.6055,2.6135
107.9264,0.5016,2.1658
107.9266,0.5091,2.1984
107.9268,0.5001,2.1586
107.9270,0.435,1.8784
107.9272,0.4052,1.7503
107.9274,0.4038,1.7462
107.9276,0.4283,1.8511
107.9278,0.4535,1.9582
107.9280,0.4497,1.9389
107.9282,0.4518,1.95
107.9284,0.4497,1.9398
107.9286,0.448,1.9343
107.9288,0.4483,1.9341
107.9290,0.5163,2.2233
107.9292,0.5968,2.5745
107.9294,0.5618,2.4201
107.9296,0.6205,2.672
107.9298,0.5889,2.538
107.9300,0.5555,2.3943
107.9302,0.5529,2.3841
107.9304,0.5553,2.3911
107.9306,0.5579,2.4058
107.9308,0.5595,2.4125
107.9310,0.5624,2.4215
107.9312,0.6205,2.6695
107.9314,0.6868,2.9534
107.9316,0.7419,3.19
107.9318,0.7275,3.1267
107.9320,0.7175,3.0868
107.9322,0.6234,2.6881
107.9324,0.556,2.3975
107.9326,0.5437,2.3443
107.9328,0.536,2.3112
107.9330,0.5259,2.2688
107.9332,0.5271,2.274
107.9334,0.5266,2.2708
107.9336,0.5361,2.3085
107.9338,0.5529,2.3841
107.9340,0.5319,2.2925
107.9342,0.5739,2.4711
107.9344,0.625,2.6948
107.9346,0.5798,2.4999
107.9348,0.5368,2.3137
107.9350,0.5335,2.2982
107.9352,0.5363,2.3138
107.9354,0.5137,2.214
107.9356,0.5786,2.4912
107.9358,0.589,2.535
107.9360,0.6957,2.9929
107.9362,0.6763,2.9093
107.9364,0.6848,2.9501
107.9366,0.5983,2.5752
107.9368,0.6564,2.8224
107.9370,0.7048,3.0307
107.9372,0.7197,3.0932
107.9374,0.7729,3.3236
107.9376,0.7149,3.074
107.9378,0.7121,3.065
107.9380,0.7067,3.039
107.9382,0.695,2.9898
107.9384,0.6238,2.6859
107.9386,0.6385,2.7494
107.9388,0.6251,2.6891
107.9390,0.6206,2.6725
107.9392,0.6066,2.6133
107.9394,0.6157,2.6488
107.9396,0.6542,2.8131
107.9398,0.7282,3.1298
107.9400,0.7423,3.1906
107.9402,0.7326,3.1503
107.9404,0.666,2.8676
107.9406,0.6155,2.6527
107.9408,0.6084,2.6198
107.9410,0.6003,2.5847
107.9412,0.6154,2.6498
107.9414,0.6017,2.5921
107.9416,0.6205,2.6732
107.9418,0.5974,2.5699
107.9420,0.6524,2.8028
107.9422,0.6633,2.8603
107.9424,0.5366,2.3159
107.9426,0.5039,2.1736
107.9428,0.4991,2.1519
107.9430,0.4899,2.1156
107.9432,0.4862,2.0966
107.9434,0.4879,2.1048
107.9436,0.4974,2.1427
107.9438,0.5118,2.2088
107.9440,0.4883,2.1064
107.9442,0.5104,2.2
107.9444,0.522,2.2486
107.9446,0.55,2.3706
107.9448,0.5173,2.2315
107.9450,0.4937,2.1267
107.9452,0.5241,2.2579
107.9454,0.5726,2.4643
107.9456,0.6383,2.7445
107.9458,0.6655,2.8616
107.9460,0.6969,2.9953
107.9462,0.7409,3.1844
107.9464,0.7528,3.2309
107.9466,0.8468,3.6293
107.9468,0.8212,3.5248
107.9470,0.834,3.5777
107.9472,0.8633,3.7071
107.9474,0.8199,3.5224
107.9476,0.87,3.7255
107.9478,0.969,4.1491
107.9480,0.9756,4.1813
107.9482,0.9828,4.2082
107.9484,0.9591,4.1089
107.9486,0.9319,3.9923
107.9488,0.8965,3.848
107.9490,0.8819,3.7817
107.9492,0.9204,3.9449
107.9494,0.9036,3.8729
107.9496,0.9265,3.9729
107.9498,0.9615,4.1231
107.9500,0.9137,3.9234
107.9502,0.8281,3.5525
107.9504,0.8232,3.5347
107.9506,0.7945,3.4132
107.9508,0.8048,3.4559
107.9510,0.8072,3.4662
107.9512,0.8763,3.7592
107.9514,0.9281,3.974
107.9516,0.9922,4.2547
107.9518,0.8673,3.7276
107.9520,0.7817,3.3596
107.9522,0.8021,3.444
107.9524,0.8193,3.5264
107.9526,0.7564,3.2464
107.9528,0.8005,3.4438
107.9530,0.7551,3.2452
107.9532,0.7668,3.2988
107.9534,0.7396,3.1787
107.9536,0.727,3.129
107.9538,0.6812,2.9332
107.9540,0.6857,2.9515
107.9542,0.7058,3.0362
107.9544,0.669,2.8832
107.9546,0.6491,2.7922
107.9548,0.6885,2.9592
107.9550,0.7319,3.1487
107.9552,0.715,3.0788
107.9554,0.6463,2.7856
107.9556,0.6228,2.683
107.9558,0.6482,2.7899
107.9560,0.6914,2.973
107.9562,0.7224,3.1036
107.9564,0.8179,3.512
107.9566,0.8721,3.7447
107.9568,0.8235,3.5379
107.9570,0.7913,3.4025
107.9572,0.7837,3.37
107.9574,0.7795,3.3535
107.9576,0.6925,2.9818
107.9578,0.6748,2.9072
107.9580,0.6752,2.906
107.9582,0.6861,2.953
107.9584,0.6673,2.876
107.9586,0.6732,2.9
107.9588,0.6465,2.7866
107.9590,0.5943,2.5589
107.9592,0.6,2.5837
107.9594,0.6624,2.8495
107.9596,0.7039,3.0308
107.9598,0.6386,2.7474
107.9600,0.6826,2.9408
107.9602,0.6709,2.8875
107.9604,0.6973,2.9996
107.9606,0.7082,3.0466
107.9608,0.6832,2.942
107.9610,0.6952,2.9908
107.9612,0.6781,2.9239
107.9614,0.5895,2.5429
107.9616,0.5603,2.4161
107.9618,0.5492,2.368
107.9620,0.5501,2.3744
107.9622,0.5926,2.5517
107.9624,0.6463,2.7817
107.9626,0.6711,2.8845
107.9628,0.7244,3.1176
107.9630,0.6646,2.862
107.9632,0.6517,2.8062
107.9634,0.6347,2.7354
107.9636,0.6351,2.7375
107.9638,0.6741,2.896
107.9640,0.7889,3.3906
107.9642,0.7361,3.1667
107.9644,0.712,3.0673
107.9646,0.6413,2.7638
107.9648,0.6137,2.6438
107.9650,0.6254,2.6931
107.9652,0.6554,2.8235
107.9654,0.6184,2.6627
107.9656,0.6128,2.6401
107.9658,0.6107,2.6308
107.9660,0.663,2.8534
107.9662,0.6971,2.9991
107.9664,0.6614,2.8493
107.9666,0.6491,2.7948
107.9668,0.6899,2.9668
107.9670,0.7022,3.0236
107.9672,0.6311,2.7199
107.9674,0.6161,2.6565
107.9676,0.6068,2.6131
107.9678,0.5953,2.5635
107.9680,0.625,2.6911
107.9682,0.6302,2.7188
107.9684,0.5529,2.3841
107.9686,0.5426,2.3385
107.9688,0.5431,2.3428
107.9690,0.5461,2.3535
107.9692,0.5487,2.3616
107.9694,0.6137,2.6462
107.9696,0.5576,2.402
107.9698,0.612,2.6328
107.9700,0.6632,2.8531
107.9702,0.7048,3.0349
107.9704,0.6648,2.8625
107.9706,0.6475,2.7855
107.9708,0.67,2.8852
107.9710,0.5867,2.5252
107.9712,0.5881,2.5326
107.9714,0.6398,2.7564
107.9716,0.6028,2.598
107.9718,0.5793,2.4943
107.9720,0.6034,2.5957
107.9722,0.6491,2.7961
107.9724,0.6149,2.6477
107.9726,0.5867,2.5264
107.9728,0.595,2.5596
107.9730,0.6584,2.8312
107.9732,0.6781,2.9198
107.9734,0.6481,2.7946
107.9736,0.5975,2.5716
107.9738,0.6164,2.6569
107.9740,0.5839,2.5168
107.9742,0.5166,2.2284
107.9744,0.4859,2.097
107.9746,0.4815,2.0764
107.9748,0.4802,2.0717
107.9750,0.4847,2.0928
107.9752,0.5185,2.2367
107.9754,0.5058,2.1809
107.9756,0.4784,2.063
107.9758,0.4837,2.0848
107.9760,0.5604,2.4133
107.9762,0.5808,2.4999
107.9764,0.6276,2.6987
107.9766,0.7305,3.141
107.9768,0.7709,3.3102
107.9770,0.7729,3.3251
107.9772,0.6814,2.9329
107.9774,0.677,2.9151
107.9776,0.6274,2.7001
107.9778,0.6375,2.7402
107.9780,0.6893,2.9628
107.9782,0.737,3.1689
107.9784,0.7553,3.2463
107.9786,0.7952,3.4195
107.9788,0.7612,3.2685
107.9790,0.8238,3.5372
107.9792,0.8226,3.5337
107.9794,0.8082,3.4606
107.9796,0.9177,3.9312
107.9798,0.9585,4.116
107.9800,0.9069,3.8868
107.9802,1.0155,4.3463
107.9804,1.0804,4.6196
107.9806,1.0945,4.6845
107.9808,1.129,4.8233
107.9810,1.1952,5.1013
107.9812,1.2125,5.1822
107.9814,1.2037,5.1448
107.9816,1.1943,5.1019
107.9818,1.1271,4.8264
107.9820,1.082,4.6311
107.9822,1.075,4.603
107.9824,1.031,4.4166
107.9826,1.0548,4.5168
107.9828,1.0677,4.5717
107.9830,1.1031,4.7193
107.9832,1.1729,5.0131
107.9834,1.2337,5.2705
107.9836,1.194,5.1129
107.9838,1.1106,4.7511
107.9840,1.1217,4.8077
107.9842,1.0254,4.3992
107.9844,0.9483,4.0741
107.9846,0.8991,3.8624
107.9848,0.8939,3.8384
107.9850,0.8601,3.695
107.9852,0.8151,3.5067
107.9854,0.774,3.3251
107.9856,0.8432,3.619
107.9858,0.8756,3.7649
107.9860,0.8427,3.6236
107.9862,0.8224,3.5349
107.9864,0.8306,3.5682
107.9866,0.9144,3.9265
107.9868,0.8334,3.5818
107.9870,0.7866,3.3839
107.9872,0.7639,3.2834
107.9874,0.7763,3.3458
107.9876,0.6986,3.0081
107.9878,0.7275,3.1296
107.9880,0.7453,3.2065
107.9882,0.737,3.1777
107.9884,0.6476,2.7899
107.9886,0.6545,2.8181
107.9888,0.728,3.1317
107.9890,0.7286,3.1372
107.9892,0.7287,3.1406
107.9894,0.6437,2.7755
107.9896,0.6434,2.7693
107.9898,0.7046,3.0367
107.9900,0.7022,3.0208
107.9902,0.7161,3.082
107.9904,0.7226,3.1099
107.9906,0.7403,3.1863
107.9908,0.7372,3.1773
107.9910,0.6819,2.9363
107.9912,0.6522,2.8135
107.9914,0.5655,2.4372
107.9916,0.6295,2.7119
107.9918,0.6468,2.7863
107.9920,0.6146,2.6491
107.9922,0.6013,2.5966
107.9924,0.5892,2.5407
107.9926,0.6615,2.8432
107.9928,0.7931,3.4118
107.9930,0.7343,3.1678
107.9932,0.5555,2.3988
107.9934,0.4915,2.1193
107.9936,0.5082,2.1953
107.9938,0.4645,2.0067
107.9940,0.5476,2.3646
107.9942,0.5266,2.2719
107.9944,0.5164,2.229
107.9946,0.5192,2.2419
107.9948,0.5206,2.246
107.9950,0.5519,2.381
107.9952,0.5239,2.261
107.9954,0.5473,2.3598
107.9956,0.5884,2.5371
107.9958,0.6068,2.6167
107.9960,0.6505,2.8036
107.9962,0.6322,2.7246
107.9964,0.6351,2.7349
107.9966,0.6764,2.9112
107.9968,0.7198,3.0952
107.9970,0.7802,3.3535
107.9972,0.7477,3.2198
107.9974,0.6175,2.664
107.9976,0.592,2.5538
107.9978,0.5899,2.5415
107.9980,0.6233,2.6826
107.9982,0.6818,2.9385
107.9984,0.6661,2.8655
107.9986,0.6997,3.0127
107.9988,0.7042,3.0295
107.9990,0.718,3.0903
107.9992,0.7296,3.1374
107.9994,0.803,3.4546
107.9996,0.7477,3.2168
107.9998,0.7457,3.2095
108.0000,0.6902,2.9706
108.0002,0.6885,2.962
108.0004,0.7119,3.064
108.0006,0.7118,3.0691
108.0008,0.5947,2.5645
108.0010,0.542,2.337
108.0012,0.5877,2.5364
108.0014,0.5521,2.3793
108.0016,0.5495,2.3718
108.0018,0.5353,2.3091
108.0020,0.5392,2.3251
108.0022,0.5407,2.3324
108.0024,0.5446,2.3495
108.0026,0.6313,2.7184
108.0028,0.5941,2.5655
108.0030,0.4895,2.1125
108.0032,0.5287,2.2775
108.0034,0.5806,2.4989
108.0036,0.6164,2.6569
108.0038,0.5897,2.5416
108.0040,0.5956,2.5681
108.0042,0.5363,2.317
108.0044,0.4649,2.0055
108.0046,0.4564,1.9706
108.0048,0.4458,1.925
108.0050,0.4727,2.0382
108.0052,0.5326,2.2967
108.0054,0.5068,2.1835
108.0056,0.55,2.3728
108.0058,0.5669,2.4423
108.0060,0.6408,2.7567
108.0062,0.6916,2.9768
108.0064,0.6863,2.9554
108.0066,0.6253,2.6939
108.0068,0.6019,2.5931
108.0070,0.6333,2.7247
108.0072,0.63,2.7153
108.0074,0.5933,2.5595
108.0076,0.5338,2.3051
108.0078,0.4898,2.1131
108.0080,0.4842,2.0897
108.0082,0.4823,2.0795
108.0084,0.4818,2.0784
108.0086,0.4814,2.0769
108.0088,0.4831,2.0861
108.0090,0.4817,2.0789
108.0092,0.482,2.0795
108.0094,0.4808,2.0733
108.0096,0.4805,2.0747
108.0098,0.4821,2.08
108.0100,0.4796,2.0672
108.0102,0.4821,2.0752
108.0104,0.5272,2.2703
108.0106,0.5661,2.4409
108.0108,0.5015,2.1633
108.0110,0.4929,2.1255
108.0112,0.5534,2.3828
108.0114,0.5286,2.2781
108.0116,0.515,2.2197
108.0118,0.5832,2.5102
108.0120,0.6997,3.0029
108.0122,0.7911,3.3956
108.0124,0.7668,3.3003
108.0126,0.6704,2.8827
108.0128,0.7458,3.2026
108.0130,0.7903,3.392
108.0132,0.8233,3.5335
108.0134,0.8518,3.6577
108.0136,0.7708,3.3081
108.0138,0.8232,3.5314
108.0140,0.8918,3.822
108.0142,0.944,4.0461
108.0144,0.979,4.1962
108.0146,0.9663,4.1378
108.0148,0.9915,4.2437
108.0150,1.0033,4.294
108.0152,0.9612,4.1177
108.0154,0.9647,4.1364
108.0156,0.9746,4.1772
108.0158,0.9841,4.2178
108.0160,0.9415,4.0391
108.0162,0.8787,3.7695
108.0164,0.9072,3.8956
108.0166,0.8637,3.707
108.0168,0.8969,3.8441
108.0170,0.9269,3.98
108.0172,0.8956,3.8439
108.0174,0.8825,3.7895
108.0176,0.8503,3.651
108.0178,0.8576,3.6807
108.0180,0.8708,3.7443
108.0182,0.7753,3.3354
108.0184,0.7411,3.1854
108.0186,0.7861,3.3771
108.0188,0.847,3.6405
108.0190,0.7632,3.2818
108.0192,0.7751,3.3266
108.0194,0.851,3.6575
108.0196,0.7952,3.4195
108.0198,0.8087,3.4724
108.0200,0.7998,3.4343
108.0202,0.8302,3.5667
108.0204,0.838,3.6069
108.0206,0.7823,3.3607
108.0208,0.6934,2.9859
108.0210,0.676,2.9056
108.0212,0.7218,3.1054
108.0214,0.7392,3.1787
108.0216,0.7491,3.2255
108.0218,0.7404,3.1868
108.0220,0.7565,3.256
108.0222,0.7434,3.1982
108.0224,0.7728,3.3184
108.0226,0.7955,3.4189
108.0228,0.8142,3.4993
108.0230,0.8217,3.5334
108.0232,0.7787,3.3514
108.0234,0.7347,3.1606
108.0236,0.7467,3.2151
108.0238,0.6687,2.8822
108.0240,0.5957,2.5675
108.0242,0.5732,2.4714
108.0244,0.625,2.6911
108.0246,0.6381,2.7491
108.0248,0.5793,2.499
108.0250,0.5856,2.5241
108.0252,0.61,2.6302
108.0254,0.5711,2.4615
108.0256,0.6221,2.6799
108.0258,0.5973,2.5742
108.0260,0.5676,2.4443
108.0262,0.5728,2.4699
108.0264,0.562,2.4234
108.0266,0.5752,2.4791
108.0268,0.5684,2.453
108.0270,0.4952,2.1374
108.0272,0.5226,2.2533
108.0274,0.5347,2.3055
108.0276,0.5347,2.3044
108.0278,0.5315,2.2931
108.0280,0.5274,2.2739
108.0282,0.56,2.4123
108.0284,0.6373,2.7442
108.0286,0.6563,2.8271
108.0288,0.6445,2.7752
108.0290,0.6426,2.767
108.0292,0.636,2.7386
108.0294,0.6433,2.7701
108.0296,0.6405,2.7582
108.0298,0.6456,2.7799
108.0300,0.7275,3.1282
108.0302,0.7501,3.2226
108.0304,0.7771,3.3401
108.0306,0.7741,3.3287
108.0308,0.6789,2.9207
108.0310,0.6365,2.7432
108.0312,0.6449,2.7781
108.0314,0.6492,2.7954
108.0316,0.6215,2.6761
108.0318,0.6187,2.6655
108.0320,0.625,2.6911
108.0322,0.6837,2.9386
108.0324,0.7778,3.3447
108.0326,0.6907,2.9726
108.0328,0.6377,2.7445
108.0330,0.6341,2.7316
108.0332,0.6265,2.7003
108.0334,0.6465,2.784
108.0336,0.6437,2.7716
108.0338,0.6301,2.712
108.0340,0.663,2.8574
108.0342,0.5941,2.5584
108.0344,0.6441,2.7711
108.0346,0.6414,2.7656
108.0348,0.5741,2.4756
108.0350,0.5588,2.4083
108.0352,0.5365,2.3154
108.0354,0.5408,2.3264
108.0356,0.6823,2.9324
108.0358,0.6464,2.7861
108.0360,0.5867,2.5252
108.0362,0.8113,3.4821
108.0364,0.8632,3.7066
108.0366,0.8497,3.6518
108.0368,0.8093,3.4814
108.0370,0.7118,3.0592
108.0372,0.7283,3.1332
108.0374,0.7193,3.0917
108.0376,0.7501,3.2256
108.0378,0.7256,3.1214
108.0380,0.7325,3.1527
108.0382,0.6786,2.9191
108.0384,0.6824,2.9357
108.0386,0.6961,2.9945
108.0388,0.7456,3.203
108.0390,0.7673,3.2978
108.0392,0.7687,3.3024
108.0394,0.8063,3.4669
108.0396,0.7898,3.3931
108.0398,0.8585,3.6848
108.0400,0.8557,3.6793
108.0402,0.7982,3.4308
108.0404,0.7374,3.1754
108.0406,0.6621,2.8551
108.0408,0.5557,2.3982
108.0410,0.5041,2.1736
108.0412,0.5374,2.3195
108.0414,0.5025,2.1709
108.0416,0.4796,2.0691
108.0418,0.4808,2.0743
108.0420,0.4823,2.0815
108.0422,0.4794,2.0681
108.0424,0.4872,2.1017
108.0426,0.4962,2.1415
108.0428,0.4963,2.141
108.0430,0.4902,2.1146
108.0432,0.4901,2.1151
108.0434,0.5269,2.2719
108.0436,0.5726,2.47
108.0438,0.5215,2.2496
108.0440,0.4917,2.1204
108.0442,0.4883,2.1064
108.0444,0.4841,2.0892
108.0446,0.5077,2.1881
108.0448,0.6022,2.5893
108.0450,0.6901,2.9645
108.0452,0.7957,3.4215
108.0454,0.7729,3.322
108.0456,0.762,3.2736
108.0458,0.7684,3.2994
108.0460,0.768,3.304
108.0462,0.7168,3.0823
108.0464,0.7742,3.3261
108.0466,0.807,3.4668
108.0468,0.897,3.8411
108.0470,0.9999,4.2816
108.0472,0.9757,4.1798
108.0474,0.9753,4.1783
108.0476,0.973,4.1705
108.0478,0.9844,4.2213
108.0480,0.971,4.1617
108.0482,0.9521,4.0844
108.0484,0.9588,4.1093
108.0486,0.9638,4.1309
108.0488,0.9794,4.1938
108.0490,1.0242,4.3879
108.0492,1.0518,4.5039
108.0494,1.0849,4.6456
108.0496,1.0607,4.5419
108.0498,1.0442,4.4731
108.0500,1.06,4.541
108.0502,1.0569,4.5276
108.0504,0.972,4.1756
108.0506,0.8117,3.4885
108.0508,0.8152,3.5088
108.0510,0.71,3.0529
108.0512,0.6792,2.9272
108.0514,0.6107,2.6296
108.0516,0.6492,2.7967
108.0518,0.5979,2.5744
108.0520,0.6208,2.6767
108.0522,0.6518,2.8067
108.0524,0.7191,3.0949
108.0526,0.6434,2.7706
108.0528,0.6729,2.8936
108.0530,0.6971,2.9977
108.0532,0.6772,2.9189
108.0534,0.5893,2.5413
108.0536,0.5763,2.486
108.0538,0.5573,2.4043
108.0540,0.57,2.4569
108.0542,0.5914,2.5489
108.0544,0.5855,2.5224
108.0546,0.6419,2.7639
108.0548,0.6247,2.695
108.0550,0.514,2.2196
108.0552,0.5311,2.291
108.0554,0.5566,2.399
108.0556,0.5861,2.5285
108.0558,0.5825,2.5129
108.0560,0.6359,2.733
108.0562,0.7361,3.1667
108.0564,0.6916,2.9768
108.0566,0.6866,2.9564
108.0568,0.6217,2.6771
108.0570,0.5983,2.58
108.0572,0.5973,2.5754
108.0574,0.5989,2.5778
108.0576,0.6511,2.8049
108.0578,0.6374,2.746
108.0580,0.6452,2.7796
108.0582,0.592,2.5514
108.0584,0.5939,2.5561
108.0586,0.6679,2.8706
108.0588,0.7307,3.1435
108.0590,0.6828,2.9427
108.0592,0.5981,2.5814
108.0594,0.498,2.1493
108.0596,0.4938,2.1302
108.0598,0.4941,2.1327
108.0600,0.5039,2.1746
108.0602,0.5113,2.2026
108.0604,0.5528,2.3858
108.0606,0.5443,2.349
108.0608,0.4596,1.9855
108.0610,0.4751,2.0466
108.0612,0.5927,2.5545
108.0614,0.5609,2.4187
108.0616,0.5573,2.4021
108.0618,0.601,2.589
108.0620,0.5781,2.4915
108.0622,0.5597,2.4147
108.0624,0.5546,2.3902
108.0626,0.5666,2.4407
108.0628,0.5836,2.5141
108.0630,0.641,2.7564
108.0632,0.6951,2.9917
108.0634,0.6865,2.9518
108.0636,0.7317,3.1477
108.0638,0.6564,2.8303
108.0640,0.5606,2.4149
108.0642,0.5513,2.3751
108.0644,0.5384,2.3204
108.0646,0.5384,2.3204
108.0648,0.5901,2.542
108.0650,0.5734,2.4679
108.0652,0.603,2.5954
108.0654,0.609,2.626
108.0656,0.558,2.4063
108.0658,0.5415,2.336
108.0660,0.527,2.2724
108.0662,0.528,2.2765
108.0664,0.5278,2.276
108.0666,0.5324,2.2957
108.0668,0.5289,2.2796
108.0670,0.5292,2.2817
108.0672,0.5203,2.2445
108.0674,0.5095,2.1959
108.0676,0.5723,2.4667
108.0678,0.5459,2.3552
108.0680,0.4688,2.0216
108.0682,0.4638,2.0018
108.0684,0.4615,1.991
108.0686,0.4645,2.0039
108.0688,0.4616,1.9924
108.0690,0.4757,2.0501
108.0692,0.5305,2.2863
108.0694,0.573,2.4675
108.0696,0.6055,2.6062
108.0698,0.5854,2.523
108.0700,0.5648,2.4341
108.0702,0.556,2.3975
108.0704,0.4879,2.1029
108.0706,0.4871,2.0992
108.0708,0.519,2.2377
108.0710,0.4724,2.039
108.0712,0.5022,2.1634
108.0714,0.538,2.32
108.0716,0.4836,2.0823
108.0718,0.5729,2.4681
108.0720,0.5793,2.4943
108.0722,0.5887,2.5328
108.0724,0.5947,2.561
108.0726,0.5952,2.5642
108.0728,0.5959,2.5661
108.0730,0.6257,2.6917
108.0732,0.6125,2.6374
108.0734,0.6369,2.7401
108.0736,0.6733,2.8938
108.0738,0.6938,2.986
108.0740,0.6513,2.802
108.0742,0.6139,2.6423
108.0744,0.6064,2.6122
108.0746,0.588,2.5332
108.0748,0.5763,2.478
108.0750,0.5958,2.568
108.0752,0.5005,2.1581
108.0754,0.4986,2.1499
108.0756,0.5039,2.1716
108.0758,0.5062,2.1829
108.0760,0.6002,2.5847
108.0762,0.6098,2.6247
108.0764,0.6658,2.8591
108.0766,0.6848,2.9473
108.0768,0.6502,2.7973
108.0770,0.6606,2.8404
108.0772,0.6676,2.8695
108.0774,0.68,2.9253
108.0776,0.7005,3.0093
108.0778,0.7084,3.0419
108.0780,0.7579,3.2545
108.0782,0.7801,3.3466
108.0784,0.85,3.6431
108.0786,0.8552,3.6721
108.0788,0.7935,3.4074
108.0790,0.818,3.5075
108.0792,0.8555,3.6702
108.0794,0.8517,3.6571
108.0796,0.8216,3.5263
108.0798,0.8541,3.6606
108.0800,0.9484,4.0594
108.0802,0.9746,4.1693
108.0804,0.9811,4.2009
108.0806,0.9787,4.1946
108.0808,0.9757,4.1837
108.0810,0.9872,4.233
108.0812,0.9723,4.1615
108.0814,0.9577,4.1027
108.0816,0.9519,4.08
108.0818,0.9308,3.9895
108.0820,0.9297,3.9886
108.0822,0.9101,3.9042
108.0824,0.9166,3.9338
108.0826,0.9103,3.9053
108.0828,0.9066,3.8875
108.0830,0.899,3.8569
108.0832,0.9116,3.9109
108.0834,0.8596,3.6877
108.0836,0.8379,3.6046
108.0838,0.7625,3.2802
108.0840,0.7645,3.2844
108.0842,0.8109,3.4821
108.0844,0.7313,3.1475
108.0846,0.6703,2.8848
108.0848,0.7151,3.0707
108.0850,0.8088,3.4696
108.0852,0.8524,3.6585
108.0854,0.8186,3.5249
108.0856,0.7345,3.1614
108.0858,0.705,3.0317
108.0860,0.7002,3.0125
108.0862,0.7004,3.0116
108.0864,0.6968,2.9975
108.0866,0.7022,3.0235
108.0868,0.6667,2.8694
108.0870,0.6667,2.868
108.0872,0.6948,2.992
108.0874,0.6139,2.6496
108.0876,0.5638,2.4299
108.0878,0.5721,2.4622
108.0880,0.6315,2.7194
108.0882,0.629,2.7086
108.0884,0.6565,2.8307
108.0886,0.5994,2.5822
108.0888,0.6453,2.7788
108.0890,0.6552,2.8224
108.0892,0.6675,2.8703
108.0894,0.7148,3.0763
108.0896,0.6713,2.8895
108.0898,0.6926,2.9781
108.0900,0.691,2.9796
108.0902,0.6218,2.6788
108.0904,0.614,2.6453
108.0906,0.5831,2.5131
108.0908,0.5728,2.4687
108.0910,0.5643,2.4298
108.0912,0.579,2.4933
108.0914,0.6125,2.6361
108.0916,0.71,3.0542
108.0918,0.724,3.1189
108.0920,0.5941,2.5631
108.0922,0.5672,2.4456
108.0924,0.5249,2.2667
108.0926,0.4936,2.1296
108.0928,0.5317,2.2904
108.0930,0.5385,2.3198
108.0932,0.5689,2.4533
108.0934,0.546,2.3567
108.0936,0.5252,2.2646
108.0938,0.5444,2.3473
108.0940,0.5727,2.467
108.0942,0.6329,2.7238
108.0944,0.6348,2.7321
108.0946,0.6283,2.7042
108.0948,0.6191,2.6632
108.0950,0.6307,2.7133
108.0952,0.6439,2.7739
108.0954,0.656,2.826
108.0956,0.6499,2.7958
108.0958,0.7055,3.0281
108.0960,0.7897,3.3925
108.0962,0.8142,3.4943
108.0964,0.8616,3.6947
108.0966,0.8482,3.6422
108.0968,0.864,3.7102
108.0970,0.8143,3.4997
108.0972,0.7522,3.2328
108.0974,0.7935,3.409
108.0976,0.7908,3.3972
108.0978,0.7747,3.3266
108.0980,0.7911,3.4003
108.0982,0.8113,3.4852
108.0984,0.8561,3.6745
108.0986,0.847,3.6404
108.0988,0.7285,3.1356
108.0990,0.7259,3.1243
108.0992,0.7089,3.0468
108.0994,0.7138,3.0707
108.0996,0.7281,3.1321
108.0998,0.7476,3.2192
108.1000,0.6782,2.9203
108.1002,0.6465,2.7878
108.1004,0.5709,2.4616
108.1006,0.5549,2.3917
108.1008,0.5482,2.3639
108.1010,0.5488,2.3675
108.1012,0.5495,2.3695
108.1014,0.5753,2.4738
108.1016,0.7001,3.0133
108.1018,0.6156,2.6569
108.1020,0.5492,2.368
108.1022,0.5712,2.4586
108.1024,0.6407,2.7574
108.1026,0.6838,2.9432
108.1028,0.6942,2.9908
108.1030,0.6487,2.7945
108.1032,0.5921,2.5531
108.1034,0.5506,2.3753
108.1036,0.5553,2.3921
108.1038,0.6176,2.6595
108.1040,0.5998,2.5838
108.1042,0.5913,2.5459
108.1044,0.6259,2.6951
108.1046,0.6454,2.7767
108.1048,0.7139,3.0713
108.1050,0.7155,3.078
108.1052,0.748,3.2178
108.1054,0.7217,3.1019
108.1056,0.7136,3.0697
108.1058,0.666,2.8649
108.1060,0.6675,2.8716
108.1062,0.676,2.9096
108.1064,0.6654,2.865
108.1066,0.6299,2.7147
108.1068,0.5397,2.3293
108.1070,0.492,2.1233
108.1072,0.4907,2.1157
108.1074,0.4912,2.1173
108.1076,0.5311,2.2899
108.1078,0.5005,2.1591
108.1080,0.4835,2.0856
108.1082,0.4842,2.0887
108.1084,0.5216,2.2501
108.1086,0.4941,2.1327
108.1088,0.4821,2.079
108.1090,0.4805,2.0717
108.1092,0.4835,2.0866
108.1094,0.4853,2.0924
108.1096,0.4812,2.0739
108.1098,0.4793,2.0666
108.1100,0.4848,2.0923
108.1102,0.4871,2.1021
108.1104,0.4956,2.1369
108.1106,0.5037,2.169
108.1108,0.5799,2.4957
108.1110,0.6173,2.6592
108.1112,0.5746,2.473
108.1114,0.6212,2.6725
108.1116,0.6427,2.7649
108.1118,0.7152,3.0784
108.1120,0.694,2.9829
108.1122,0.7384,3.1706
108.1124,0.7666,3.29
108.1126,0.7971,3.4213
108.1128,0.8241,3.5404
108.1130,0.7959,3.4161
108.1132,0.867,3.7196
108.1134,0.8691,3.7283
108.1136,0.898,3.8523
108.1138,0.8895,3.8158
108.1140,0.8498,3.6489
108.1142,0.8197,3.518
108.1144,0.8381,3.599
108.1146,0.8154,3.4979
108.1148,0.8662,3.7108
108.1150,0.9362,4.0145
108.1152,0.9819,4.2084
108.1154,0.977,4.1834
108.1156,1.0144,4.3457
108.1158,1.035,4.4278
108.1160,1.103,4.7209
108.1162,1.1114,4.7523
108.1164,1.1302,4.8374
108.1166,1.1065,4.7357
108.1168,1.1127,4.7602
108.1170,1.0752,4.5996
108.1172,1.0353,4.4413
108.1174,0.8935,3.8368
108.1176,0.8107,3.4827
108.1178,0.7829,3.3616
108.1180,0.8275,3.5531
108.1182,0.8375,3.5981
108.1184,0.8142,3.4976
108.1186,0.8204,3.5211
108.1188,0.8571,3.6803
108.1190,0.8492,3.6463
108.1192,0.8425,3.6209
108.1194,0.8459,3.6324
108.1196,0.8357,3.5937
108.1198,0.7723,3.3256
108.1200,0.7072,3.041
108.1202,0.7568,3.2544
108.1204,0.7554,3.2528
108.1206,0.6952,2.995
108.1208,0.5994,2.587
108.1210,0.5796,2.497
108.1212,0.5913,2.5471
108.1214,0.6484,2.7961
108.1216,0.6095,2.6268
108.1218,0.6207,2.6729
108.1220,0.653,2.8105
108.1222,0.6782,2.9189
108.1224,0.665,2.8661
108.1226,0.6106,2.6327
108.1228,0.5718,2.4669
108.1230,0.5305,2.2852
108.1232,0.6004,2.5852
108.1234,0.6327,2.7296
108.1236,0.547,2.3598
108.1238,0.4992,2.1544
108.1240,0.5236,2.2568
108.1242,0.5221,2.2532
108.1244,0.5089,2.1973
108.1246,0.4948,2.1348
108.1248,0.5026,2.1664
108.1250,0.6055,2.6062
108.1252,0.6648,2.8638
108.1254,0.5764,2.4877
108.1256,0.4801,2.074
108.1258,0.4048,1.7487
108.1260,0.4088,1.7675
108.1262,0.4052,1.7503
108.1264,0.4548,1.9638
108.1266,0.4561,1.9686
108.1268,0.4501,1.9418
108.1270,0.4549,1.9643
108.1272,0.4825,2.0815
108.1274,0.551,2.3724
108.1276,0.5663,2.4431
108.1278,0.5573,2.4043
108.1280,0.5614,2.4207
108.1282,0.5613,2.4191
108.1284,0.5643,2.4298
108.1286,0.5644,2.4325
108.1288,0.5782,2.4896
108.1290,0.6249,2.691
108.1292,0.6149,2.6476
108.1294,0.6823,2.9378
108.1296,0.6934,2.9789
108.1298,0.7613,3.272
108.1300,0.6965,3.0034
108.1302,0.5582,2.4057
108.1304,0.5562,2.3963
108.1306,0.5432,2.3411
108.1308,0.5429,2.3422
108.1310,0.5425,2.3369
108.1312,0.5439,2.3463
108.1314,0.5374,2.3163
108.1316,0.6428,2.7654
108.1318,0.6986,3.0038
108.1320,0.6365,2.7431
108.1322,0.5512,2.3779
108.1324,0.5614,2.4185
108.1326,0.6133,2.6422
108.1328,0.5311,2.291
108.1330,0.5183,2.2341
108.1332,0.5578,2.4063
108.1334,0.4922,2.1224
108.1336,0.5114,2.2031
108.1338,0.5634,2.4273
108.1340,0.6103,2.628
108.1342,0.5484,2.366
108.1344,0.4704,2.0311
108.1346,0.4604,1.9863
108.1348,0.4597,1.9832
108.1350,0.4706,2.0303
108.1352,0.489,2.1084
108.1354,0.4783,2.0624
108.1356,0.5002,2.155
108.1358,0.6064,2.6073
108.1360,0.6692,2.8775
108.1362,0.7134,3.0692
108.1364,0.7182,3.0884
108.1366,0.7522,3.2328
108.1368,0.7128,3.0638
108.1370,0.6598,2.8413
108.1372,0.6387,2.7491
108.1374,0.6657,2.8639
108.1376,0.6446,2.7718
108.1378,0.6951,2.9875
108.1380,0.735,3.1591
108.1382,0.7731,3.3168
108.1384,0.829,3.5615
108.1386,0.8313,3.563
108.1388,0.9211,3.9534
108.1390,0.7977,3.4222
108.1392,0.8023,3.4466
108.1394,0.7757,3.3338
108.1396,0.8318,3.5717
108.1398,0.8752,3.7545
108.1400,0.8176,3.5125
108.1402,0.748,3.2207
108.1404,0.6413,2.7612
108.1406,0.5993,2.5793
108.1408,0.5996,2.5845
108.1410,0.5103,2.2015
108.1412,0.4924,2.1244
108.1414,0.4928,2.127
108.1416,0.491,2.1172
108.1418,0.4935,2.1281
108.1420,0.5608,2.4159
108.1422,0.5797,2.501
108.1424,0.5137,2.2129
108.1426,0.5481,2.3633
108.1428,0.4984,2.1493
108.1430,0.4867,2.0996
108.1432,0.4831,2.0841
108.1434,0.4914,2.1198
108.1436,0.4873,2.1012
108.1438,0.5084,2.1861
108.1440,0.6026,2.5938
108.1442,0.603,2.5941
108.1444,0.6084,2.6222
108.1446,0.5833,2.5107
108.1448,0.6285,2.7052
108.1450,0.6577,2.8293
108.1452,0.7048,3.0306
108.1454,0.7324,3.1448
108.1456,0.7542,3.2355
108.1458,0.7766,3.3348
108.1460,0.815,3.4996
108.1462,0.8231,3.5329
108.1464,0.8693,3.7276
108.1466,0.8711,3.7405
108.1468,0.8389,3.602
108.1470,0.8383,3.5944
108.1472,0.8332,3.5795
108.1474,0.8144,3.4954
108.1476,0.8737,3.7484
108.1478,0.8477,3.6401
108.1480,0.8431,3.6184
108.1482,0.871,3.74
108.1484,0.7931,3.4085
108.1486,0.8025,3.4428
108.1488,0.9404,4.0306
108.1490,0.9573,4.105
108.1492,0.9529,4.0802
108.1494,1.0278,4.3991
108.1496,1.024,4.395
108.1498,0.8933,3.8412
108.1500,0.7648,3.2884
108.1502,0.7386,3.1701
108.1504,0.8464,3.6345
108.1506,0.8176,3.5175
108.1508,0.7421,3.191
108.1510,0.7558,3.2498
108.1512,0.7478,3.2187
108.1514,0.7293,3.1344
108.1516,0.8072,3.4613
108.1518,0.9101,3.9042
108.1520,0.8796,3.7718
108.1522,0.8459,3.6392
108.1524,0.7953,3.4199
108.1526,0.7616,3.2735
108.1528,0.7046,3.0338
108.1530,0.6594,2.8405
108.1532,0.6921,2.9801
108.1534,0.6909,2.9722
108.1536,0.7048,3.0306
108.1538,0.7224,3.1079
108.1540,0.6808,2.933
108.1542,0.621,2.6777
108.1544,0.6076,2.621
108.1546,0.6242,2.6879
108.1548,0.6506,2.7976
108.1550,0.7056,3.0371
108.1552,0.6614,2.8533
108.1554,0.5543,2.388
108.1556,0.5879,2.5303
108.1558,0.657,2.8289
108.1560,0.6984,3.0033
108.1562,0.7472,3.2132
108.1564,0.7291,3.1368
108.1566,0.6934,2.983
108.1568,0.7433,3.1932
108.1570,0.8134,3.4913
108.1572,0.8501,3.6555
108.1574,0.797,3.4239
108.1576,0.8616,3.7016
108.1578,0.8335,3.5839
108.1580,0.7095,3.0522
108.1582,0.7387,3.1766
108.1584,0.7307,3.1391
108.1586,0.7793,3.3462
108.1588,0.8072,3.471
108.1590,0.7572,3.262
108.1592,0.647,2.786
108.1594,0.7043,3.0244
108.1596,0.8036,3.4507
108.1598,0.8224,3.5397
108.1600,0.7288,3.1381
108.1602,0.6595,2.8384
108.1604,0.6902,2.9719
108.1606,0.5993,2.5817
108.1608,0.5908,2.5474
108.1610,0.5968,2.5721
108.1612,0.6223,2.6734
108.1614,0.7758,3.3297
108.1616,0.7975,3.4292
108.1618,0.7446,3.2003
108.1620,0.8366,3.5906
108.1622,0.8772,3.7668
108.1624,0.8142,3.4992
108.1626,0.8025,3.4509
108.1628,0.7978,3.426
108.1630,0.7718,3.3189
108.1632,0.7333,3.1592
108.1634,0.6359,2.7393
108.1636,0.6305,2.7148
108.1638,0.6642,2.8625
108.1640,0.6532,2.8155
108.1642,0.6417,2.762
108.1644,0.6389,2.7522
108.1646,0.6915,2.9693
108.1648,0.8558,3.6781
108.1650,0.8151,3.5017
108.1652,0.806,3.469
108.1654,0.73,3.1433
108.1656,0.7148,3.0777
108.1658,0.6791,2.923
108.1660,0.6938,2.9874
108.1662,0.6564,2.8276
108.1664,0.6465,2.7839
108.1666,0.6463,2.7816
108.1668,0.6514,2.8064
108.1670,0.6488,2.7963
108.1672,0.6441,2.7749
108.1674,0.6459,2.7801
108.1676,0.6462,2.7811
108.1678,0.6428,2.7667
108.1680,0.7047,3.0315
108.1682,0.6939,2.9879
108.1684,0.6457,2.779
108.1686,0.6549,2.8201
108.1688,0.7162,3.0796
108.1690,0.8266,3.5528
108.1692,0.7879,3.3864
108.1694,0.7156,3.0813
108.1696,0.6034,2.6017
108.1698,0.5525,2.3825
108.1700,0.5508,2.3763
108.1702,0.5637,2.4317
108.1704,0.5512,2.3757
108.1706,0.5484,2.3649
108.1708,0.5849,2.5186
108.1710,0.6591,2.8382
108.1712,0.6445,2.7713
108.1714,0.711,3.0589
108.1716,0.7174,3.0891
108.1718,0.6481,2.7907
108.1720,0.617,2.6582
108.1722,0.6285,2.7065
108.1724,0.6892,2.9622
108.1726,0.8068,3.4646
108.1728,0.833,3.5835
108.1730,0.6567,2.8278
108.1732,0.6336,2.7282
108.1734,0.6458,2.7834
108.1736,0.6357,2.7337
108.1738,0.7234,3.112
108.1740,0.7258,3.1209
108.1742,0.713,3.0671
108.1744,0.6942,2.9867
108.1746,0.653,2.8118
108.1748,0.6513,2.8072
108.1750,0.6213,2.6805
108.1752,0.5243,2.261
108.1754,0.5425,2.338
108.1756,0.6131,2.6399
108.1758,0.6404,2.7576
108.1760,0.6041,2.6024
108.1762,0.6084,2.6185
108.1764,0.6543,2.8188
108.1766,0.6191,2.6632
108.1768,0.713,3.0643
108.1770,0.7559,3.2518
108.1772,0.7007,3.0131
108.1774,0.7108,3.0607
108.1776,0.6541,2.8125
108.1778,0.7294,3.1349
108.1780,0.7239,3.1141
108.1782,0.6977,2.9988
108.1784,0.7854,3.374
108.1786,0.8221,3.5283
108.1788,0.8437,3.6209
108.1790,0.8603,3.6925
108.1792,0.8686,3.728
108.1794,0.8729,3.75
108.1796,0.8722,3.7417
108.1798,0.9634,4.1331
108.1800,0.9771,4.1859
108.1802,0.9854,4.2273
108.1804,0.9809,4.2063
108.1806,0.9646,4.1364
108.1808,0.989,4.2407
108.1810,0.96,4.1201
108.1812,0.9196,3.9412
108.1814,1.0084,4.326
108.1816,1.0166,4.3509
108.1818,1.0702,4.5845
108.1820,1.0224,4.378
108.1822,1.0636,4.552
108.1824,1.1251,4.8153
108.1826,1.1071,4.7427
108.1828,0.9922,4.2645
108.1830,0.8639,3.7166
108.1832,0.8156,3.5054
108.1834,0.7938,3.4132
108.1836,0.8026,3.453
108.1838,0.7818,3.3632
108.1840,0.7464,3.214
108.1842,0.6644,2.8582
108.1844,0.7712,3.3163
108.1846,0.8531,3.6684
108.1848,0.746,3.2125
108.1850,0.726,3.1234
108.1852,0.753,3.2394
108.1854,0.7648,3.2869
108.1856,0.7921,3.4044
108.1858,0.8173,3.5224
108.1860,0.6883,2.9664
108.1862,0.6291,2.7141
108.1864,0.5625,2.4265
108.1866,0.594,2.5614
108.1868,0.5953,2.5635
108.1870,0.6656,2.87
108.1872,0.6194,2.6685
108.1874,0.6416,2.7666
108.1876,0.5837,2.5169
108.1878,0.6125,2.6349
108.1880,0.6667,2.8734
108.1882,0.6312,2.7216
108.1884,0.6266,2.6957
108.1886,0.683,2.9395
108.1888,0.6801,2.9285
108.1890,0.6654,2.8677
108.1892,0.6475,2.792
108.1894,0.613,2.6431
108.1896,0.6146,2.6515
108.1898,0.5447,2.3521
108.1900,0.5182,2.2387
108.1902,0.4938,2.1301
108.1904,0.5463,2.3578
108.1906,0.5095,2.1989
108.1908,0.5216,2.2533
108.1910,0.5002,2.158
108.1912,0.5535,2.3866
108.1914,0.5555,2.3987
108.1916,0.5035,2.171
108.1918,0.524,2.2626
108.1920,0.4429,1.9135
108.1922,0.4134,1.786
108.1924,0.5281,2.277
108.1926,0.5482,2.3671
108.1928,0.4667,2.0151
108.1930,0.4799,2.0692
108.1932,0.557,2.4005
108.1934,0.58,2.4986
108.1936,0.5716,2.4635
108.1938,0.5578,2.4052
108.1940,0.5501,2.3721
108.1942,0.5974,2.5723
108.1944,0.6595,2.8384
108.1946,0.636,2.7398
108.1948,0.5915,2.5458
108.1950,0.6829,2.9349
108.1952,0.7793,3.3493
108.1954,0.7963,3.424
108.1956,0.7555,3.2503
108.1958,0.6851,2.9502
108.1960,0.6673,2.8719
108.1962,0.6692,2.8802
108.1964,0.682,2.934
108.1966,0.7034,3.023
108.1968,0.7664,3.2926
108.1970,0.7801,3.3544
108.1972,0.7469,3.2161
108.1974,0.6596,2.8376
108.1976,0.7682,3.3019
108.1978,0.771,3.3199
108.1980,0.73,3.1389
108.1982,0.7205,3.1011
108.1984,0.7204,3.0977
108.1986,0.7648,3.2839
108.1988,0.7978,3.4307
108.1990,0.8059,3.4717
108.1992,0.6366,2.7475
108.1994,0.497,2.1451
108.1996,0.4874,2.1027
108.1998,0.5379,2.3215
108.2000,0.4994,2.1534
108.2002,0.4989,2.1514
108.2004,0.4915,2.1232
108.2006,0.4892,2.1124
108.2008,0.4966,2.1405
108.2010,0.573,2.4697
108.2012,0.5469,2.3604
108.2014,0.4951,2.1368
108.2016,0.4881,2.1039
108.2018,0.5255,2.2651
108.2020,0.5773,2.4872
108.2022,0.6212,2.6738
108.2024,0.6088,2.6237
108.2026,0.604,2.6007
108.2028,0.6439,2.7752
108.2030,0.5343,2.3071
108.2032,0.4658,2.0096
108.2034,0.4618,1.9939
108.2036,0.4829,2.0792
108.2038,0.6211,2.6732
108.2040,0.6183,2.6651
108.2042,0.5945,2.5622
108.2044,0.6199,2.6693
108.2046,0.6195,2.6678
108.2048,0.6162,2.6521
108.2050,0.6566,2.8247
108.2052,0.6683,2.8779
108.2054,0.6258,2.6946
108.2056,0.6227,2.6837
108.2058,0.6102,2.6287
108.2060,0.5844,2.5165
108.2062,0.5831,2.512
108.2064,0.5827,2.5104
108.2066,0.5868,2.5303
108.2068,0.4809,2.0748
108.2070,0.4878,2.1043
108.2072,0.4839,2.0877
108.2074,0.4806,2.0751
108.2076,0.4767,2.0567
108.2078,0.4721,2.0365
108.2080,0.4777,2.0608
108.2082,0.4808,2.0733
108.2084,0.4827,2.0835
108.2086,0.4772,2.0587
108.2088,0.489,2.1075
108.2090,0.5119,2.2072
108.2092,0.546,2.3535
108.2094,0.5908,2.5427
108.2096,0.6434,2.7654
108.2098,0.6355,2.7364
108.2100,0.5247,2.2636
108.2102,0.5041,2.1726
108.2104,0.5152,2.2217
108.2106,0.561,2.4147
108.2108,0.6035,2.5998
108.2110,0.5815,2.5053
108.2112,0.5801,2.4956
108.2114,0.6923,2.9743
108.2116,0.7175,3.0839
108.2118,0.7237,3.1121
108.2120,0.7113,3.0542
108.2122,0.8,3.4272
108.2124,0.8505,3.6537
108.2126,0.7948,3.4115
108.2128,0.9085,3.8939
108.2130,0.9554,4.0949
108.2132,0.9167,3.9289
108.2134,0.9036,3.8783
108.2136,0.8904,3.8163
108.2138,0.9188,3.9418
108.2140,0.9005,3.8649
108.2142,0.9176,3.9275
108.2144,1.0366,4.4407
108.2146,0.9661,4.1445
108.2148,0.9217,3.9486
108.2150,0.9723,4.1654
108.2152,1.0072,4.3068
108.2154,1.0668,4.5723
108.2156,0.9784,4.1994
108.2158,0.9468,4.0541
108.2160,0.9855,4.2258
108.2162,0.9422,4.0421
108.2164,0.9155,3.9219
108.2166,0.8802,3.7832
108.2168,0.7857,3.3818
108.2170,0.7182,3.0927
108.2172,0.768,3.2993
108.2174,0.8522,3.6609
108.2176,0.7779,3.342
108.2178,0.818,3.5075
108.2180,0.9444,4.0438
108.2182,0.9884,4.2421
108.2184,0.9326,4.0009
108.2186,0.9297,3.9849
108.2188,0.9348,4.0121
108.2190,0.9483,4.0702
108.2192,0.8765,3.7672
108.2194,0.7468,3.2096
108.2196,0.7236,3.1174
108.2198,0.6835,2.9389
108.2200,0.7403,3.1833
108.2202,0.7154,3.0803
108.2204,0.7419,3.1944
108.2206,0.6942,2.9839
108.2208,0.7302,3.1414
108.2210,0.7607,3.2709
108.2212,0.8072,3.4629
108.2214,0.8383,3.6011
108.2216,0.8116,3.49
108.2218,0.7604,3.2744
108.2220,0.7428,3.1941
108.2222,0.6721,2.8993
108.2224,0.583,2.5126
108.2226,0.6145,2.6473
108.2228,0.6046,2.6057
108.2230,0.5838,2.5163
108.2232,0.6004,2.5864
108.2234,0.6559,2.8268
108.2236,0.6189,2.6664
108.2238,0.6086,2.622
108.2240,0.6416,2.7666
108.2242,0.5866,2.527
108.2244,0.5916,2.5475
108.2246,0.636,2.7385
108.2248,0.6729,2.8975
108.2250,0.6326,2.7291
108.2252,0.5691,2.4527
108.2254,0.5727,2.467
108.2256,0.5793,2.4955
108.2258,0.6319,2.7222
108.2260,0.597,2.5719
108.2262,0.588,2.5332
108.2264,0.5878,2.5345
108.2266,0.5813,2.5066
108.2268,0.5938,2.5591
108.2270,0.544,2.3447
108.2272,0.6097,2.6279
108.2274,0.5853,2.5236
108.2276,0.5287,2.2775
108.2278,0.5231,2.2568
108.2280,0.5266,2.2718
108.2282,0.5275,2.2755
108.2284,0.5239,2.2599
108.2286,0.5245,2.2636
108.2288,0.5246,2.2641
108.2290,0.5272,2.2734
108.2292,0.5319,2.2935
108.2294,0.5378,2.3189
108.2296,0.5228,2.2542
108.2298,0.559,2.4093
108.2300,0.6198,2.67
108.2302,0.5776,2.4905
108.2304,0.5387,2.3219
108.2306,0.5902,2.5436
108.2308,0.5421,2.3364
108.2310,0.5299,2.2848
108.2312,0.5281,2.2759
108.2314,0.5266,2.2708
108.2316,0.5259,2.2687
108.2318,0.5609,2.4175
108.2320,0.5326,2.2956
108.2322,0.5206,2.2449
108.2324,0.5434,2.3432
108.2326,0.5494,2.3635
108.2328,0.6043,2.6034
108.2330,0.5404,2.3303
108.2332,0.5172,2.2289
108.2334,0.5107,2.2031
108.2336,0.5058,2.1818
108.2338,0.5645,2.4274
108.2340,0.6855,2.9463
108.2342,0.6632,2.8597
108.2344,0.553,2.3823
108.2346,0.5908,2.5403
108.2348,0.7101,3.0491
108.2350,0.746,3.2095
108.2352,0.7062,3.0397
108.2354,0.721,3.0974
108.2356,0.7765,3.3343
108.2358,0.7919,3.4018
108.2360,0.8161,3.5042
108.2362,0.8017,3.4424
108.2364,0.7547,3.2436
108.2366,0.7899,3.403
108.2368,0.7192,3.0868
108.2370,0.8643,3.706
108.2372,0.9053,3.8837
108.2374,0.8773,3.7673
108.2376,0.804,3.4522
108.2378,0.7698,3.3116
108.2380,0.7299,3.1413
108.2382,0.7077,3.0444
108.2384,0.6815,2.9333
108.2386,0.6454,2.7832
108.2388,0.6113,2.6297
108.2390,0.7223,3.1045
108.2392,0.6826,2.938
108.2394,0.607,2.6208
108.2396,0.5233,2.2574
108.2398,0.5508,2.3719
108.2400,0.5978,2.5803
108.2402,0.4987,2.1523
108.2404,0.495,2.1353
108.2406,0.4969,2.1426
108.2408,0.5122,2.2067
108.2410,0.5279,2.2807
108.2412,0.4213,1.8219
108.2414,0.3817,1.6488
108.2416,0.3829,1.6547
108.2418,0.3807,1.6446
108.2420,0.3797,1.642
108.2422,0.3953,1.707
108.2424,0.4652,2.0051
108.2426,0.5029,2.1684
108.2428,0.5355,2.3069
108.2430,0.5398,2.3255
108.2432,0.5044,2.1731
108.2434,0.5206,2.2481
108.2436,0.5038,2.1705
108.2438,0.633,2.7243
108.2440,0.617,2.6569
108.2442,0.5899,2.5367
108.2444,0.6489,2.7904
108.2446,0.6789,2.9179
108.2448,0.7518,3.2328
108.2450,0.7168,3.0822
108.2452,0.7311,3.1377
108.2454,0.7994,3.4374
108.2456,0.7914,3.3982
108.2458,0.859,3.68
108.2460,0.9366,4.0142
108.2462,0.921,3.9455
108.2464,0.9502,4.0728
108.2466,0.9604,4.1184
108.2468,0.9411,4.0337
108.2470,0.9513,4.0812
108.2472,0.9132,3.9158
108.2474,0.9495,4.0621
108.2476,1.0413,4.4566
108.2478,1.0482,4.4905
108.2480,1.0614,4.5449
108.2482,1.0944,4.6817
108.2484,1.0884,4.667
108.2486,1.0228,4.3898
108.2488,0.9054,3.8842
108.2490,0.8835,3.7847
108.2492,0.9468,4.0616
108.2494,0.9273,3.9727
108.2496,0.996,4.2671
108.2498,0.932,3.9965
108.2500,0.9741,4.177
108.2502,0.9257,3.9767
108.2504,0.8401,3.6055
108.2506,0.8305,3.5693
108.2508,0.8145,3.4992
108.2510,0.8128,3.4952
108.2512,0.7552,3.2502
108.2514,0.6728,2.897
108.2516,0.7113,3.0599
108.2518,0.707,3.0413
108.2520,0.6827,2.9371
108.2522,0.6987,3.0071
108.2524,0.6992,3.0092
108.2526,0.7301,3.1438
108.2528,0.6837,2.944
108.2530,0.7946,3.4168
108.2532,0.7157,3.0804
108.2534,0.7188,3.0924
108.2536,0.7181,3.0864
108.2538,0.7361,3.1652
108.2540,0.7422,3.1915
108.2542,0.7372,3.1713
108.2544,0.7715,3.3158
108.2546,0.827,3.5511
108.2548,0.8213,3.5302
108.2550,0.7401,3.1837
108.2552,0.7458,3.204
108.2554,0.8554,3.6731
108.2556,0.8203,3.5288
108.2558,0.7759,3.3317
108.2560,0.8191,3.5236
108.2562,0.7518,3.2328
108.2564,0.81,3.4763
108.2566,0.864,3.7067
108.2568,0.9086,3.8944
108.2570,0.9319,3.996
108.2572,0.9305,3.9898
108.2574,0.9742,4.1833
108.2576,0.9402,4.0352
108.2578,0.8998,3.869
108.2580,0.7648,3.2915
108.2582,0.7484,3.2198
108.2584,0.7429,3.1976
108.2586,0.6758,2.9045
108.2588,0.7808,3.3528
108.2590,0.8311,3.5719
108.2592,0.8303,3.5705
108.2594,0.8353,3.5883
108.2596,0.8167,3.5117
108.2598,0.7524,3.2353
108.2600,0.8156,3.5005
108.2602,0.9005,3.8595
108.2604,0.9891,4.2492
108.2606,0.8981,3.86
108.2608,0.8579,3.6839
108.2610,0.8336,3.5877
108.2612,0.7091,3.0563
108.2614,0.648,2.7914
108.2616,0.6398,2.7563
108.2618,0.6404,2.7589
108.2620,0.6439,2.7726
108.2622,0.6442,2.778
108.2624,0.6444,2.7785
108.2626,0.6409,2.7622
108.2628,0.6434,2.7718
108.2630,0.6616,2.849
108.2632,0.71,3.0542
108.2634,0.7538,3.2445
108.2636,0.7342,3.1599
108.2638,0.7337,3.1564
108.2640,0.683,2.945
108.2642,0.6331,2.7274
108.2644,0.6731,2.8959
108.2646,0.6712,2.8943
108.2648,0.6204,2.6739
108.2650,0.6078,2.6184
108.2652,0.6976,3.0067
108.2654,0.6207,2.6791
108.2656,0.507,2.1901
108.2658,0.5011,2.1637
108.2660,0.4951,2.1348
108.2662,0.4917,2.1233
108.2664,0.4839,2.0906
108.2666,0.4836,2.0852
108.2668,0.5435,2.3426
108.2670,0.5775,2.4889
108.2672,0.5722,2.4684
108.2674,0.5833,2.5142
108.2676,0.6154,2.6497
108.2678,0.6532,2.8168
108.2680,0.559,2.4115
108.2682,0.574,2.4727
108.2684,0.6124,2.638
108.2686,0.6189,2.6664
108.2688,0.6134,2.65
108.2690,0.4956,2.1359
108.2692,0.5673,2.4438
108.2694,0.5956,2.5657
108.2696,0.5558,2.3964
108.2698,0.5668,2.4417
108.2700,0.618,2.6623
108.2702,0.5664,2.4425
108.2704,0.5428,2.3417
108.2706,0.5844,2.5177
108.2708,0.5923,2.5541
108.2710,0.5879,2.5338
108.2712,0.5933,2.5547
108.2714,0.6433,2.7726
108.2716,0.5866,2.5293
108.2718,0.5999,2.5819
108.2720,0.6801,2.9285
108.2722,0.6367,2.7403
108.2724,0.6421,2.7674
108.2726,0.6618,2.8508
108.2728,0.6263,2.6967
108.2730,0.585,2.5214
108.2732,0.607,2.6099
108.2734,0.6897,2.9698
108.2736,0.6242,2.6879
108.2738,0.5724,2.466
108.2740,0.5881,2.5337
108.2742,0.6128,2.6401
108.2744,0.6113,2.6334
108.2746,0.6331,2.7211
108.2748,0.6758,2.9086
108.2750,0.6523,2.8074
108.2752,0.6995,3.0108
108.2754,0.6261,2.7012
108.2756,0.5803,2.5024
108.2758,0.5856,2.5228
108.2760,0.6024,2.5939
108.2762,0.6092,2.6234
108.2764,0.6014,2.5898
108.2766,0.6281,2.7007
108.2768,0.7344,3.158
108.2770,0.7565,3.2514
108.2772,0.7778,3.34
108.2774,0.807,3.4667
108.2776,0.801,3.4441
108.2778,0.8037,3.4496
108.2780,0.855,3.6681
108.2782,0.844,3.6208
108.2784,0.8068,3.4662
108.2786,0.7975,3.426
108.2788,0.8947,3.8366
108.2790,0.9968,4.2702
108.2792,0.9699,4.1629
108.2794,0.8771,3.7698
108.2796,0.8213,3.5269
108.2798,0.823,3.5308
108.2800,0.8736,3.7496
108.2802,0.8535,3.6649
108.2804,0.8628,3.7033
108.2806,0.9264,3.9705
108.2808,0.9373,4.0248
108.2810,0.896,3.8441
108.2812,0.911,3.9102
108.2814,0.8397,3.6073
108.2816,0.816,3.5037
108.2818,0.8242,3.5425
108.2820,0.8233,3.54
108.2822,0.8263,3.5496
108.2824,0.8204,3.5228
108.2826,0.8866,3.8034
108.2828,0.8589,3.6966
108.2830,0.7368,3.1698
108.2832,0.7174,3.0877
108.2834,0.7064,3.0402
108.2836,0.7603,3.2663
108.2838,0.8154,3.5076
108.2840,0.6957,2.9942
108.2842,0.6908,2.9745
108.2844,0.7097,3.0546
108.2846,0.7095,3.0522
108.2848,0.688,2.9598
108.2850,0.7122,3.0655
108.2852,0.7251,3.1207
108.2854,0.7344,3.1639
108.2856,0.6409,2.7597
108.2858,0.6607,2.8449
108.2860,0.7183,3.0918
108.2862,0.7085,3.048
108.2864,0.6823,2.9351
108.2866,0.7034,3.0343
108.2868,0.5853,2.5248
108.2870,0.6052,2.6046
108.2872,0.7085,3.0495
108.2874,0.7016,3.0251
108.2876,0.599,2.5771
108.2878,0.7014,3.0218
108.2880,0.6139,2.6447
108.2882,0.6432,2.7721
108.2884,0.6544,2.8193
108.2886,0.6841,2.9428
108.2888,0.6805,2.9328
108.2890,0.6241,2.6886
108.2892,0.676,2.9096
108.2894,0.6525,2.8124
108.2896,0.5993,2.5769
108.2898,0.717,3.0847
108.2900,0.7285,3.1356
108.2902,0.7083,3.0498
108.2904,0.651,2.8031
108.2906,0.5993,2.5817
108.2908,0.5628,2.4258
108.2910,0.5745,2.4759
108.2912,0.6053,2.6112
108.2914,0.5245,2.2625
108.2916,0.4927,2.1255
108.2918,0.5511,2.3741
108.2920,0.65,2.7976
108.2922,0.6453,2.7801
108.2924,0.6427,2.7687
108.2926,0.6377,2.7432
108.2928,0.6679,2.8732
108.2930,0.6636,2.8546
108.2932,0.7704,3.3142
108.2934,0.7974,3.4207
108.2936,0.8733,3.7533
108.2938,0.8308,3.5692
108.2940,0.8672,3.7253
108.2942,0.8228,3.5363
108.2944,0.741,3.1849
108.2946,0.7385,3.174
108.2948,0.7528,3.2369
108.2950,0.8174,3.5148
108.2952,0.7946,3.4136
108.2954,0.7586,3.2621
108.2956,0.7312,3.1485
108.2958,0.7166,3.0855
108.2960,0.7142,3.0737
108.2962,0.7191,3.0934
108.2964,0.7439,3.1958
108.2966,0.857,3.6815
108.2968,0.8668,3.722
108.2970,0.8639,3.7131
108.2972,0.7712,3.3163
108.2974,0.7966,3.4256
108.2976,0.6736,2.9006
108.2978,0.6201,2.6704
108.2980,0.6633,2.8549
108.2982,0.6795,2.9273
108.2984,0.6474,2.7914
108.2986,0.5703,2.4601
108.2988,0.5585,2.4094
108.2990,0.5501,2.371
108.2992,0.551,2.378
108.2994,0.5519,2.3799
108.2996,0.5523,2.3825
108.2998,0.617,2.6557
108.3000,0.7167,3.0874
108.3002,0.6458,2.7847
108.3004,0.5624,2.4237
108.3006,0.5899,2.545
108.3008,0.5656,2.4354
108.3010,0.6305,2.7148
108.3012,0.6848,2.9486
108.3014,0.6977,3.0016
108.3016,0.6632,2.8597
108.3018,0.5679,2.4475
108.3020,0.5572,2.4004
108.3022,0.5782,2.4908
108.3024,0.6562,2.8245
108.3026,0.6415,2.7635
108.3028,0.6222,2.6791
108.3030,0.7187,3.0847
108.3032,0.839,3.6026
108.3034,0.8251,3.5445
108.3036,0.7428,3.1941
108.3038,0.7249,3.1216
108.3040,0.7076,3.0425
108.3042,0.6842,2.9461
108.3044,0.6674,2.8725
108.3046,0.6374,2.7447
108.3048,0.6023,2.5958
108.3050,0.589,2.5385
108.3052,0.6032,2.5976
108.3054,0.6085,2.6239
108.3056,0.6072,2.6158
108.3058,0.5763,2.4872
108.3060,0.5077,2.1901
108.3062,0.5037,2.1741
108.3064,0.5086,2.1943
108.3066,0.5836,2.5129
108.3068,0.659,2.8416
108.3070,0.5357,2.3133
108.3072,0.4895,2.1115
108.3074,0.4827,2.0825
108.3076,0.4902,2.1146
108.3078,0.4875,2.1052
108.3080,0.491,2.1202
108.3082,0.4901,2.1121
108.3084,0.5711,2.4603
108.3086,0.5922,2.5512
108.3088,0.5797,2.4998
108.3090,0.4999,2.1545
108.3092,0.495,2.1353
108.3094,0.4947,2.1343
108.3096,0.5219,2.2485
108.3098,0.5588,2.4082
108.3100,0.5966,2.5704
108.3102,0.6142,2.6458
108.3104,0.5823,2.5072
108.3106,0.6452,2.7744
108.3108,0.7058,3.0334
108.3110,0.7125,3.0636
108.3112,0.7463,3.2075
108.3114,0.7758,3.3359
108.3116,0.7222,3.1025
108.3118,0.8498,3.6438
108.3120,0.9583,4.1091
108.3122,0.9465,4.0549
108.3124,0.9158,3.9234
108.3126,0.9556,4.0978
108.3128,0.9507,4.0729
108.3130,0.9975,4.2752
108.3132,0.9602,4.1193
108.3134,0.989,4.2368
108.3136,1.0451,4.4688
108.3138,1.1282,4.8264
108.3140,1.1181,4.7811
108.3142,1.1313,4.8397
108.3144,1.0843,4.6538
108.3146,0.9691,4.1573
108.3148,0.974,4.1667
108.3150,1.0813,4.6258
108.3152,1.094,4.6868
108.3154,0.9832,4.2219
108.3156,0.8415,3.6167
108.3158,0.8008,3.442
108.3160,0.8402,3.6094
108.3162,0.791,3.4045
108.3164,0.6966,2.997
108.3166,0.7817,3.358
108.3168,0.8269,3.5572
108.3170,0.6978,3.0063
108.3172,0.6602,2.8415
108.3174,0.7148,3.0763
108.3176,0.755,3.2467
108.3178,0.7697,3.308
108.3180,0.817,3.5116
108.3182,0.8308,3.5692
108.3184,0.8168,3.5171
108.3186,0.6829,2.9431
108.3188,0.6305,2.7173
108.3190,0.5944,2.5629
108.3192,0.5862,2.5289
108.3194,0.5869,2.5297
108.3196,0.5928,2.5562
108.3198,0.6146,2.6478
108.3200,0.5686,2.4529
108.3202,0.5324,2.2956
108.3204,0.5946,2.5604
108.3206,0.6065,2.6176
108.3208,0.5222,2.2538
108.3210,0.5831,2.5108
108.3212,0.6779,2.9192
108.3214,0.6089,2.6279
108.3216,0.5829,2.5086
108.3218,0.5902,2.5448
108.3220,0.5649,2.4335
108.3222,0.5889,2.538
108.3224,0.6067,2.6186
108.3226,0.5843,2.5207
108.3228,0.5421,2.3386
108.3230,0.5264,2.2687
108.3232,0.5845,2.5194
108.3234,0.5595,2.4136
108.3236,0.5101,2.1984
108.3238,0.5112,2.2031
108.3240,0.5668,2.4417
108.3242,0.5848,2.5204
108.3244,0.5336,2.304
108.3246,0.5088,2.1917
108.3248,0.613,2.6394
108.3250,0.6546,2.8198
108.3252,0.5528,2.3835
108.3254,0.5675,2.4471
108.3256,0.5379,2.3194
108.3258,0.5235,2.2574
108.3260,0.5727,2.467
108.3262,0.6535,2.8087
108.3264,0.7453,3.2034
108.3266,0.7493,3.2234
108.3268,0.7253,3.1188
108.3270,0.7155,3.0808
108.3272,0.5938,2.5615
108.3274,0.5439,2.3452
108.3276,0.5421,2.3364
108.3278,0.5381,2.3215
108.3280,0.5389,2.3246
108.3282,0.5377,2.3162
108.3284,0.553,2.3845
108.3286,0.5499,2.3722
108.3288,0.5408,2.3307
108.3290,0.5392,2.3251
108.3292,0.5383,2.3209
108.3294,0.544,2.3447
108.3296,0.5839,2.5133
108.3298,0.6717,2.8937
108.3300,0.5657,2.4371
108.3302,0.583,2.515
108.3304,0.4947,2.1362
108.3306,0.4646,2.0053
108.3308,0.4924,2.1244
108.3310,0.4844,2.0917
108.3312,0.4737,2.0428
108.3314,0.4911,2.1187
108.3316,0.4514,1.9493
108.3318,0.4615,1.991
108.3320,0.4773,2.0573
108.3322,0.4761,2.0541
108.3324,0.4604,1.9882
108.3326,0.4499,1.9408
108.3328,0.4525,1.9513
108.3330,0.5353,2.3102
108.3332,0.5071,2.1875
108.3334,0.4806,2.0723
108.3336,0.4844,2.0869
108.3338,0.5649,2.4335
108.3340,0.629,2.7035
108.3342,0.7133,3.0673
108.3344,0.7076,3.0439
108.3346,0.749,3.2194
108.3348,0.7284,3.1278
108.3350,0.6968,2.9989
108.3352,0.6607,2.8422
108.3354,0.6589,2.8305
108.3356,0.7115,3.0624
108.3358,0.6616,2.8477
108.3360,0.6655,2.8629
108.3362,0.7074,3.0377
108.3364,0.8084,3.4713
108.3366,0.8162,3.5047
108.3368,0.7841,3.3714
108.3370,0.7448,3.2029
108.3372,0.751,3.2231
108.3374,0.7855,3.3808
108.3376,0.6245,2.6914
108.3378,0.596,2.5666
108.3380,0.6391,2.7507
108.3382,0.6043,2.6022
108.3384,0.63,2.7114
108.3386,0.6761,2.9047
108.3388,0.7302,3.137
108.3390,0.7645,3.2844
108.3392,0.7856,3.3782
108.3394,0.697,3.0041
108.3396,0.595,2.5643
108.3398,0.5873,2.5277
108.3400,0.5559,2.3981
108.3402,0.4899,2.1126
108.3404,0.4847,2.0908
108.3406,0.4809,2.0748
108.3408,0.4811,2.0743
108.3410,0.5344,2.3055
108.3412,0.4938,2.1272
108.3414,0.5675,2.4448
108.3416,0.5785,2.4912
108.3418,0.5827,2.5093
108.3420,0.5283,2.2791
108.3422,0.4833,2.0851
108.3424,0.4875,2.1032
108.3426,0.4833,2.0841
108.3428,0.5013,2.1597
108.3430,0.5395,2.324
108.3432,0.5988,2.5785
108.3434,0.6091,2.6241
108.3436,0.5803,2.4978
108.3438,0.6036,2.5931
108.3440,0.7118,3.0605
108.3442,0.7164,3.0807
108.3444,0.7072,3.041
108.3446,0.7595,3.2612
108.3448,0.7794,3.3467
108.3450,0.795,3.4104
108.3452,0.8779,3.7681
108.3454,0.8787,3.7642
108.3456,0.9331,3.9993
108.3458,0.9136,3.9173
108.3460,0.9331,4.0011
108.3462,0.9421,4.034
108.3464,0.9229,3.9667
108.3466,0.7998,3.4294
108.3468,0.8625,3.6983
108.3470,0.8772,3.758
108.3472,0.9136,3.9192
108.3474,0.9115,3.9068
108.3476,0.8496,3.6501
108.3478,0.8026,3.4514
108.3480,0.7787,3.3436
108.3482,0.7815,3.3559
108.3484,0.8301,3.5645
108.3486,0.8158,3.5081
108.3488,0.7872,3.3833
108.3490,0.7758,3.3359
108.3492,0.7501,3.224
108.3494,0.7462,3.2085
108.3496,0.7283,3.1302
108.3498,0.769,3.3019
108.3500,0.7498,3.2255
108.3502,0.6959,2.9939
108.3504,0.6717,2.891
108.3506,0.6907,2.9739
108.3508,0.7255,3.1227
108.3510,0.709,3.0473
108.3512,0.7411,3.1884
108.3514,0.7084,3.0475
108.3516,0.6884,2.9614
108.3518,0.6279,2.7039
108.3520,0.6395,2.7496
108.3522,0.711,3.0603
108.3524,0.6531,2.8136
108.3526,0.66,2.8405
108.3528,0.6215,2.676
108.3530,0.5956,2.5669
108.3532,0.5984,2.5757
108.3534,0.646,2.778
108.3536,0.6995,3.0094
108.3538,0.708,3.0474
108.3540,0.7476,3.2102
108.3542,0.7856,3.3797
108.3544,0.7245,3.1181
108.3546,0.6988,3.0077
108.3548,0.6723,2.8923
108.3550,0.6959,2.9939
108.3552,0.714,3.0689
108.3554,0.7353,3.1616
108.3556,0.7231,3.1139
108.3558,0.683,2.9436
108.3560,0.5965,2.571
108.3562,0.5895,2.5394
108.3564,0.6477,2.7891
108.3566,0.6574,2.827
108.3568,0.6945,2.9835
108.3570,0.7229,3.1085
108.3572,0.741,3.1849
108.3574,0.736,3.1706
108.3576,0.6807,2.9243
108.3578,0.7474,3.2182
108.3580,0.6905,2.9734
108.3582,0.7172,3.0823
108.3584,0.7666,3.29
108.3586,0.8204,3.5244
108.3588,0.7919,3.4097
108.3590,0.6375,2.7465
108.3592,0.5832,2.5137
108.3594,0.6535,2.81
108.3596,0.7773,3.3395
108.3598,0.8239,3.5311
108.3600,0.9513,4.0831
108.3602,0.883,3.788
108.3604,0.8693,3.7311
108.3606,0.8494,3.6473
108.3608,0.7672,3.3049
108.3610,0.6516,2.8069
108.3612,0.6417,2.7607
108.3614,0.6891,2.9645
108.3616,0.6801,2.9312
108.3618,0.5902,2.5436
108.3620,0.568,2.4492
108.3622,0.5664,2.4436
108.3624,0.574,2.4716
108.3626,0.6194,2.6673
108.3628,0.6255,2.6898
108.3630,0.7223,3.1059
108.3632,0.7192,3.094
108.3634,0.6975,3.0006
108.3636,0.7243,3.1205
108.3638,0.6423,2.7659
108.3640,0.6498,2.8031
108.3642,0.5552,2.3927
108.3644,0.5499,2.37
108.3646,0.5434,2.341
108.3648,0.5402,2.3292
108.3650,0.5434,2.3421
108.3652,0.5933,2.5523
108.3654,0.6335,2.7289
108.3656,0.5711,2.4638
108.3658,0.5525,2.3814
108.3660,0.5649,2.4346
108.3662,0.6022,2.5929
108.3664,0.6392,2.7563
108.3666,0.5646,2.4324
108.3668,0.5571,2.401
108.3670,0.5555,2.3932
108.3672,0.557,2.4005
108.3674,0.5797,2.4964
108.3676,0.6457,2.779
108.3678,0.6859,2.9519
108.3680,0.6965,2.9937
108.3682,0.6987,3.0071
108.3684,0.6293,2.7109
108.3686,0.661,2.8438
108.3688,0.6464,2.7847
108.3690,0.6384,2.7501
108.3692,0.6331,2.7249
108.3694,0.6393,2.7491
108.3696,0.701,3.0155
108.3698,0.6883,2.9636
108.3700,0.6847,2.9468
108.3702,0.6559,2.8216
108.3704,0.6357,2.7375
108.3706,0.6297,2.7142
108.3708,0.6279,2.7039
108.3710,0.6444,2.7721
108.3712,0.6616,2.849
108.3714,0.6284,2.7047
108.3716,0.6717,2.891
108.3718,0.6451,2.7752
108.3720,0.6585,2.8343
108.3722,0.658,2.8309
108.3724,0.6785,2.9218
108.3726,0.6265,2.7015
108.3728,0.5613,2.4146
108.3730,0.5919,2.5509
108.3732,0.5628,2.4269
108.3734,0.547,2.3565
108.3736,0.6116,2.6288
108.3738,0.6911,2.9774
108.3740,0.6248,2.6892
108.3742,0.6414,2.7592
108.3744,0.6982,3.0023
108.3746,0.7095,3.0508
108.3748,0.7311,3.1406
108.3750,0.7652,3.2859
108.3752,0.7669,3.2977
108.3754,0.7829,3.3632
108.3756,0.7907,3.3951
108.3758,0.7773,3.3457
108.3760,0.6989,3.0082
108.3762,0.7024,3.0161
108.3764,0.7988,3.4285
108.3766,0.8175,3.512
108.3768,0.7453,3.2064
108.3770,0.7703,3.3106
108.3772,0.8324,3.5726
108.3774,0.8639,3.7097
108.3776,0.8393,3.6024
108.3778,0.856,3.6757
108.3780,0.8306,3.5632
108.3782,0.8782,3.7692
108.3784,0.8803,3.7819
108.3786,0.8233,3.5335
108.3788,0.8877,3.8063
108.3790,0.9769,4.1849
108.3792,0.98,4.1982
108.3794,0.9594,4.1118
108.3796,0.9747,4.1776
108.3798,1.0029,4.3024
108.3800,0.946,4.0548
108.3802,1.0366,4.4386
108.3804,1.0702,4.5824
108.3806,1.0345,4.434
108.3808,0.9746,4.179
108.3810,0.9402,4.0296
108.3812,1.0061,4.3163
108.3814,0.9621,4.1352
108.3816,0.8197,3.5262
108.3818,0.7971,3.4292
108.3820,0.7609,3.2719
108.3822,0.7395,3.1811
108.3824,0.7596,3.2693
108.3826,0.7441,3.1998
108.3828,0.7393,3.1791
108.3830,0.7404,3.1853
108.3832,0.7013,3.0227
108.3834,0.6742,2.9032
108.3836,0.7119,3.0625
108.3838,0.7695,3.3075
108.3840,0.7398,3.1871
108.3842,0.6242,2.6892
108.3844,0.6211,2.6757
108.3846,0.6302,2.7137
108.3848,0.6803,2.9282
108.3850,0.7649,3.292
108.3852,0.7313,3.1446
108.3854,0.7133,3.0758
108.3856,0.6209,2.6772
108.3858,0.5778,2.4927
108.3860,0.5743,2.4766
108.3862,0.5835,2.5135
108.3864,0.6128,2.6401
108.3866,0.6154,2.6546
108.3868,0.6059,2.6113
108.3870,0.6518,2.8093
108.3872,0.618,2.666
108.3874,0.5179,2.2351
108.3876,0.5224,2.2527
108.3878,0.5935,2.5557
108.3880,0.6164,2.6568
108.3882,0.5987,2.5815
108.3884,0.6036,2.6003
108.3886,0.6375,2.7478
108.3888,0.6038,2.6038
108.3890,0.5694,2.4565
108.3892,0.553,2.3845
108.3894,0.5476,2.358
108.3896,0.647,2.7873
108.3898,0.6216,2.6803
108.3900,0.5579,2.4069
108.3902,0.4878,2.1062
108.3904,0.4945,2.1352
108.3906,0.4958,2.1389
108.3908,0.4956,2.1389
108.3910,0.4591,1.9779
108.3912,0.535,2.3091
108.3914,0.5315,2.2952
108.3916,0.5073,2.1896
108.3918,0.5277,2.2712
108.3920,0.6317,2.7225
108.3922,0.5788,2.4957
108.3924,0.5519,2.3799
108.3926,0.5456,2.3514
108.3928,0.5681,2.4474
108.3930,0.7305,3.1439
108.3932,0.6712,2.8903
108.3934,0.6984,3.0033
108.3936,0.7203,3.0943
108.3938,0.7335,3.1539
108.3940,0.7342,3.1584
108.3942,0.7378,3.1724
108.3944,0.7428,3.1926
108.3946,0.7463,3.2135
108.3948,0.6982,3.0051
108.3950,0.6947,2.9873
108.3952,0.7402,3.1813
108.3954,0.7775,3.3478
108.3956,0.658,2.8348
108.3958,0.6183,2.6639
108.3960,0.6245,2.6889
108.3962,0.6448,2.778
108.3964,0.6718,2.8929
108.3966,0.6586,2.8374
108.3968,0.6637,2.8551
108.3970,0.721,3.0988
108.3972,0.7474,3.2152
108.3974,0.7289,3.1357
108.3976,0.732,3.1521
108.3978,0.6755,2.9143
108.3980,0.5676,2.4488
108.3982,0.4873,2.1032
108.3984,0.4662,2.0139
108.3986,0.4911,2.1187
108.3988,0.5448,2.3472
108.3990,0.567,2.445
108.3992,0.5564,2.3979
108.3994,0.5722,2.4661
108.3996,0.586,2.522
108.3998,0.5734,2.4736
108.4000,0.4817,2.0798
108.4002,0.4747,2.0488
108.4004,0.4703,2.0297
108.4006,0.501,2.1561
108.4008,0.5735,2.4684
108.4010,0.6237,2.6846
108.4012,0.6419,2.7677
108.4014,0.5372,2.3174
108.4016,0.5866,2.527
108.4018,0.6061,2.6087
108.4020,0.5976,2.5769
108.4022,0.5456,2.3525
108.4024,0.5399,2.3282
108.4026,0.5278,2.2749
108.4028,0.5603,2.4127
108.4030,0.6024,2.5964
108.4032,0.5976,2.5769
108.4034,0.5942,2.5612
108.4036,0.5896,2.5363
108.4038,0.6091,2.6241
108.4040,0.5863,2.5236
108.4042,0.6225,2.6769
108.4044,0.6576,2.8341
108.4046,0.624,2.6869
108.4048,0.6279,2.7027
108.4050,0.6076,2.6174
108.4052,0.5849,2.5209
108.4054,0.5866,2.527
108.4056,0.5721,2.4645
108.4058,0.5031,2.1695
108.4060,0.4916,2.1218
108.4062,0.4881,2.1058
108.4064,0.4988,2.1479
108.4066,0.5675,2.4482
108.4068,0.5068,2.1865
108.4070,0.4929,2.1245
108.4072,0.5053,2.1767
108.4074,0.5679,2.4452
108.4076,0.5995,2.5816
108.4078,0.6162,2.6521
108.4080,0.6055,2.6074
108.4082,0.5837,2.5169
108.4084,0.5367,2.3121
108.4086,0.5911,2.543
108.4088,0.6029,2.5948
108.4090,0.6493,2.7932
108.4092,0.7239,3.1083
108.4094,0.7946,3.4105
108.4096,0.7927,3.407
108.4098,0.6976,3.0025
108.4100,0.67,2.8825
108.4102,0.7108,3.055
108.4104,0.6944,2.9858
108.4106,0.7002,3.0097
108.4108,0.7295,3.1369
108.4110,0.7302,3.137
108.4112,0.7841,3.3667
108.4114,0.8558,3.6729
108.4116,0.8561,3.6728
108.4118,0.8583,3.6837
108.4120,0.8602,3.6816
108.4122,1.032,4.4047
108.4124,1.1421,4.8813
108.4126,1.1519,4.9256
108.4128,1.1684,4.9959
108.4130,1.1288,4.8312
108.4132,1.0995,4.706
108.4134,1.1002,4.7091
108.4136,1.0233,4.3796
108.4138,1.024,4.3868
108.4140,1.0145,4.3462
108.4142,1.0558,4.5166
108.4144,1.0583,4.5358
108.4146,1.018,4.3631
108.4148,0.9994,4.2795
108.4150,1.0139,4.3477
108.4152,0.9897,4.2438
108.4154,0.9229,3.9611
108.4156,0.8656,3.7151
108.4158,0.9552,4.0976
108.4160,0.9809,4.2063
108.4162,0.9923,4.2551
108.4164,1.0014,4.2942
108.4166,0.9799,4.1997
108.4168,0.9916,4.2481
108.4170,1.0366,4.4428
108.4172,1.0361,4.4407
108.4174,1.0112,4.3358
108.4176,1.0037,4.2959
108.4178,1.0612,4.5418
108.4180,1.101,4.7187
108.4182,1.0132,4.3426
108.4184,0.9944,4.2579
108.4186,1.0514,4.5086
108.4188,1.0197,4.3805
108.4190,0.9036,3.8801
108.4192,0.9157,3.9321
108.4194,0.8958,3.8448
108.4196,0.8773,3.7673
108.4198,0.8452,3.6276
108.4200,0.8829,3.7928
108.4202,0.8679,3.7318
108.4204,0.8297,3.5712
108.4206,0.7597,3.2668
108.4208,0.7502,3.2306
108.4210,0.7523,3.2393
108.4212,0.735,3.1665
108.4214,0.6922,2.9793
108.4216,0.7368,3.1742
108.4218,0.7379,3.1803
108.4220,0.6679,2.8772
108.4222,0.6988,3.0091
108.4224,0.7296,3.1432
108.4226,0.7237,3.1136
108.4228,0.7398,3.1842
108.4230,0.7564,3.2599
108.4232,0.6819,2.9376
108.4234,0.6553,2.8243
108.4236,0.6725,2.896
108.4238,0.6667,2.8707
108.4240,0.6584,2.8364
108.4242,0.6651,2.8653
108.4244,0.7272,3.1329
108.4246,0.6594,2.8405
108.4248,0.6989,3.0096
108.4250,0.7077,3.0473
108.4252,0.7108,3.0607
108.4254,0.7614,3.274
108.4256,0.8661,3.7155
108.4258,0.9098,3.9105
108.4260,0.8061,3.4728
108.4262,0.6944,2.9941
108.4264,0.6829,2.9431
108.4266,0.6802,2.929
108.4268,0.6757,2.9108
108.4270,0.6831,2.9428
108.4272,0.7259,3.1214
108.4274,0.7525,3.2404
108.4276,0.6329,2.7264
108.4278,0.6172,2.6599
108.4280,0.6516,2.8095
108.4282,0.641,2.764
108.4284,0.6329,2.7289
108.4286,0.6314,2.7227
108.4288,0.6402,2.7566
108.4290,0.7007,3.0145
108.4292,0.7112,3.0651
108.4294,0.6483,2.7943
108.4296,0.6318,2.7217
108.4298,0.6325,2.7273
108.4300,0.629,2.7123
108.4302,0.6306,2.7165
108.4304,0.6245,2.6877
108.4306,0.671,2.892
108.4308,0.6586,2.8348
108.4310,0.7279,3.1302
108.4312,0.7155,3.078
108.4314,0.7257,3.1247
108.4316,0.7374,3.1738
108.4318,0.7753,3.3369
108.4320,0.7342,3.1599
108.4322,0.776,3.3307
108.4324,0.9263,3.9718
108.4326,0.9577,4.1104
108.4328,0.9028,3.8837
108.4330,0.8209,3.5281
108.4332,0.8953,3.8428
108.4334,0.9137,3.9252
108.4336,0.9035,3.8741
108.4338,0.9763,4.1862
108.4340,0.9258,3.979
108.4342,0.8455,3.6337
108.4344,0.8309,3.5664
108.4346,0.8542,3.6679
108.4348,0.8826,3.7935
108.4350,0.8122,3.4975
108.4352,0.7595,3.2673
108.4354,0.7695,3.3091
108.4356,0.8465,3.6282
108.4358,0.95,4.0793
108.4360,0.9386,4.0323
108.4362,0.8941,3.8412
108.4364,0.8903,3.8247
108.4366,0.9074,3.9002
108.4368,0.8964,3.851
108.4370,0.8975,3.852
108.4372,0.9351,4.0155
108.4374,0.9482,4.0773
108.4376,0.8192,3.5209
108.4378,0.8221,3.5398
108.4380,0.7931,3.4101
108.4382,0.8371,3.596
108.4384,0.8791,3.7715
108.4386,0.9231,3.9622
108.4388,0.8901,3.8326
108.4390,0.7488,3.2229
108.4392,0.791,3.4014
108.4394,0.8002,3.4459
108.4396,0.7345,3.1629
108.4398,0.7511,3.2237
108.4400,0.9335,4.0064
108.4402,0.9437,4.0539
108.4404,0.8577,3.6983
108.4406,0.6891,2.9727
108.4408,0.6616,2.8543
108.4410,0.6658,2.8657
108.4412,0.7199,3.1028
108.4414,0.6391,2.7583
108.4416,0.6121,2.6394
108.4418,0.66,2.8418
108.4420,0.7143,3.0742
108.4422,0.7326,3.1532
108.4424,0.7339,3.1618
108.4426,0.7499,3.229
108.4428,0.8047,3.4553
108.4430,0.8651,3.7165
108.4432,0.8295,3.5669
108.4434,0.8291,3.5653
108.4436,0.8237,3.5388
108.4438,0.8429,3.6246
108.4440,0.8603,3.6994
108.4442,0.8695,3.7373
108.4444,0.8775,3.7713
108.4446,0.8664,3.7257
108.4448,0.8458,3.6336
108.4450,0.8655,3.7129
108.4452,0.9562,4.1061
108.4454,0.9564,4.1085
108.4456,0.9345,4.0148
108.4458,0.8883,3.8195
108.4460,0.8861,3.8102
108.4462,0.9017,3.8682
108.4464,0.9217,3.9633
108.4466,0.8252,3.5466
108.4468,0.8743,3.7614
108.4470,0.8875,3.8146
108.4472,0.8813,3.7861
108.4474,0.8363,3.5979
108.4476,0.8318,3.5783
108.4478,0.8612,3.6978
108.4480,0.9164,3.9297
108.4482,0.9472,4.0694
108.4484,0.8624,3.7116
108.4486,0.8379,3.6046
108.4488,0.8926,3.8398
108.4490,0.7983,3.436
108.4492,0.7789,3.3508
108.4494,0.8169,3.516
108.4496,0.7472,3.2132
108.4498,0.7908,3.3987
108.4500,0.841,3.618
108.4502,0.8963,3.854
108.4504,0.8931,3.8401
108.4506,0.8299,3.5667
108.4508,0.8847,3.8023
108.4510,0.8725,3.7502
108.4512,0.8607,3.7009
108.4514,0.8489,3.6504
108.4516,0.7987,3.4391
108.4518,0.7287,3.1405
108.4520,0.7624,3.2827
108.4522,0.791,3.4029
108.4524,0.8217,3.5432
108.4526,0.6751,2.9109
108.4528,0.6874,2.9573
108.4530,0.7833,3.3699
108.4532,0.7945,3.4211
108.4534,0.7612,3.2821
108.4536,0.6606,2.8496
108.4538,0.6547,2.8217
108.4540,0.7014,3.019
108.4542,0.7547,3.2482
108.4544,0.818,3.5157
108.4546,0.8163,3.5101
108.4548,0.8349,3.5951
108.4550,0.7946,3.4184
108.4552,0.786,3.3828
108.4554,0.7871,3.3906
108.4556,0.7603,3.2694
108.4558,0.8092,3.4813
108.4560,0.7636,3.2924
108.4562,0.659,2.8442
108.4564,0.6341,2.7302
108.4566,0.7585,3.2631
108.4568,0.7968,3.4261
108.4570,0.8143,3.503
108.4572,0.823,3.539
108.4574,0.8429,3.6246
108.4576,0.8488,3.6533
108.4578,0.8004,3.4448
108.4580,0.8448,3.6329
108.4582,0.856,3.6791
108.4584,0.8753,3.7551
108.4586,0.9673,4.1477
108.4588,0.9895,4.2487
108.4590,0.9188,3.9436
108.4592,0.9443,4.0584
108.4594,0.9068,3.9067
108.4596,0.7649,3.2966
108.4598,0.6564,2.8302
108.4600,0.6343,2.7376
108.4602,0.6318,2.7242
108.4604,0.6301,2.7157
108.4606,0.632,2.7265
108.4608,0.6362,2.7446
108.4610,0.6343,2.7351
108.4612,0.6327,2.7296
108.4614,0.632,2.7278
108.4616,0.6329,2.7314
108.4618,0.6433,2.7713
108.4620,0.6877,2.9583
108.4622,0.7281,3.1336
108.4624,0.768,3.3024
108.4626,0.769,3.3219
108.4628,0.5553,2.3966
108.4630,0.6362,2.7446
108.4632,0.6102,2.6336
108.4634,0.5273,2.2792
108.4636,0.4695,2.0275
108.4638,0.4676,2.0202
108.4640,0.4676,2.022
108.4642,0.4699,2.0309
108.4644,0.4697,2.0299
108.4646,0.4884,2.1107
108.4648,0.4917,2.1253
108.4650,0.4718,2.0392
108.4652,0.4721,2.0403
108.4654,0.4657,2.0109
108.4656,0.4639,2.005
108.4658,0.4661,2.0144
108.4660,0.4683,2.0242
108.4662,0.4716,2.0373
108.4664,0.466,2.0138
108.4666,0.5175,2.2325
108.4668,0.5919,2.5497
108.4670,0.6404,2.7576
108.4672,0.688,2.9612
108.4674,0.7612,3.276
108.4676,0.6391,2.7596
108.4678,0.565,2.4385
108.4680,0.6028,2.5967
108.4682,0.6227,2.6862
108.4684,0.6088,2.6262
108.4686,0.5981,2.5801
108.4688,0.6076,2.6198
108.4690,0.6068,2.613
108.4692,0.6576,2.8288
108.4694,0.6994,3.0144
108.4696,0.6848,2.95
108.4698,0.6716,2.8892
108.4700,0.7426,3.1916
108.4702,0.7971,3.4292
108.4704,0.7273,3.129
108.4706,0.7067,3.0403
108.4708,0.7086,3.05
108.4710,0.712,3.0644
108.4712,0.7017,3.0229
108.4714,0.6282,2.7075
108.4716,0.5983,2.5812
108.4718,0.6167,2.6554
108.4720,0.677,2.9151
108.4722,0.6436,2.7741
108.4724,0.621,2.6765
108.4726,0.6722,2.8931
108.4728,0.7598,3.2703
108.4730,0.7505,3.2301
108.4732,0.7127,3.069
108.4734,0.7035,3.0292
108.4736,0.6993,3.0069
108.4738,0.7082,3.0493
108.4740,0.7295,3.1369
108.4742,0.7368,3.1698
108.4744,0.7038,3.0322
108.4746,0.7329,3.1498
108.4748,0.7988,3.4365
108.4750,0.7106,3.0582
108.4752,0.765,3.2879
108.4754,0.8389,3.5987
108.4756,0.9354,4.009
108.4758,1.0167,4.3595
108.4760,0.9989,4.2814
108.4762,1.0325,4.4294
108.4764,0.9943,4.2653
108.4766,0.8839,3.7939
108.4768,0.879,3.7745
108.4770,0.8908,3.825
108.4772,0.8783,3.7697
108.4774,0.8892,3.8183
108.4776,0.8806,3.7795
108.4778,0.9401,4.031
108.4780,1.0568,4.5381
108.4782,0.9636,4.1356
108.4784,0.9283,3.9843
108.4786,0.9404,4.0325
108.4788,0.9821,4.2055
108.4790,1.0493,4.4972
108.4792,1.0188,4.3789
108.4794,0.8561,3.6847
108.4796,0.788,3.3885
108.4798,0.7856,3.3797
108.4800,0.794,3.4174
108.4802,0.7811,3.3601
108.4804,0.8202,3.5234
108.4806,0.8727,3.7507
108.4808,0.9032,3.8767
108.4810,1.0333,4.4206
108.4812,1.1596,4.9608
108.4814,1.1166,4.7833
108.4816,1.0716,4.5928
108.4818,1.0805,4.6222
108.4820,1.1621,4.9808
108.4822,1.0811,4.6442
108.4824,0.9568,4.1125
108.4826,0.8544,3.6707
108.4828,0.9296,3.9937
108.4830,0.8845,3.8
108.4832,0.8992,3.861
108.4834,0.9089,3.9009
108.4836,0.9435,4.0534
108.4838,0.9958,4.278
108.4840,0.9917,4.2565
108.4842,0.9898,4.2463
108.4844,1.0386,4.4557
108.4846,1.0271,4.4063
108.4848,1.0074,4.3199
108.4850,1.0295,4.4145
108.4852,1.0613,4.5571
108.4854,1.027,4.4099
108.4856,0.9558,4.0983
108.4858,1.044,4.4788
108.4860,1.0121,4.3481
108.4862,0.9536,4.0948
108.4864,0.9408,4.0472
108.4866,0.858,3.6964
108.4868,0.8222,3.5354
108.4870,0.8269,3.5588
108.4872,0.7661,3.3002
108.4874,0.7621,3.2832
108.4876,0.7415,3.1929
108.4878,0.7697,3.3111
108.4880,0.794,3.4174
108.4882,0.8455,3.6371
108.4884,0.867,3.73
108.4886,0.8068,3.471
108.4888,0.8284,3.5655
108.4890,0.8341,3.5898
108.4892,0.7971,3.4292
108.4894,0.7819,3.3684
108.4896,0.8313,3.5763
108.4898,0.8636,3.7116
108.4900,0.827,3.5626
108.4902,0.8053,3.4675
108.4904,0.7877,3.3901
108.4906,0.7734,3.3302
108.4908,0.7902,3.4025
108.4910,0.8024,3.4552
108.4912,0.8145,3.5024
108.4914,0.8499,3.6545
108.4916,0.8513,3.6607
108.4918,0.847,3.6387
108.4920,0.886,3.8097
108.4922,0.8764,3.7685
108.4924,0.8116,3.4965
108.4926,0.7327,3.1596
108.4928,0.7307,3.1464
108.4930,0.7825,3.3726
108.4932,0.7861,3.3818
108.4934,0.8187,3.5221
108.4936,0.8076,3.4741
108.4938,0.7954,3.4284
108.4940,0.7395,3.1841
108.4942,0.7408,3.1913
108.4944,0.7612,3.2791
108.4946,0.8082,3.4783
108.4948,0.8583,3.6855
108.4950,0.9227,3.9656
108.4952,0.9158,3.9381
108.4954,0.8633,3.7157
108.4956,0.7939,3.4248
108.4958,0.6589,2.8424
108.4960,0.6499,2.7984
108.4962,0.7435,3.2061
108.4964,0.6832,2.9488
108.4966,0.6056,2.6152
108.4968,0.5866,2.5281
108.4970,0.6698,2.8828
108.4972,0.6654,2.8703
108.4974,0.5893,2.5424
108.4976,0.6315,2.727
108.4978,0.5919,2.5521
108.4980,0.6348,2.7346
108.4982,0.7317,3.1491
108.4984,0.8295,3.5685
108.4986,0.7752,3.3426
108.4988,0.6008,2.5956
108.4990,0.5648,2.4363
108.4992,0.6391,2.757
108.4994,0.6492,2.8005
108.4996,0.6005,2.5929
108.4998,0.6149,2.6513
108.5000,0.6736,2.8993
108.5002,0.7754,3.3343
108.5004,0.7903,3.4062
108.5006,0.6848,2.9514
108.5008,0.6608,2.8507
108.5010,0.6555,2.8266
108.5012,0.6542,2.8209
108.5014,0.6547,2.8217
108.5016,0.7312,3.1441
108.5018,0.8198,3.5284
108.5020,0.7055,3.0408
108.5022,0.6746,2.9075
108.5024,0.7223,3.1088
108.5026,0.706,3.0457
108.5028,0.5885,2.5399
108.5030,0.5772,2.4924
108.5032,0.5687,2.4545
108.5034,0.5601,2.4162
108.5036,0.556,2.3997
108.5038,0.568,2.4503
108.5040,0.6312,2.7216
108.5042,0.6255,2.6986
108.5044,0.6024,2.6012
108.5046,0.6266,2.7033
108.5048,0.6138,2.6442
108.5050,0.6669,2.8731
108.5052,0.6989,3.0082
108.5054,0.7339,3.1559
108.5056,0.7718,3.3235
108.5058,0.6873,2.9636
108.5060,0.6902,2.9746
108.5062,0.6465,2.7852
108.5064,0.6676,2.8788
108.5066,0.6552,2.825
108.5068,0.6186,2.6649
108.5070,0.6144,2.6493
108.5072,0.6628,2.8568
108.5074,0.6492,2.7992
108.5076,0.6389,2.7509
108.5078,0.697,2.9985
108.5080,0.7754,3.3359
108.5082,0.7963,3.4224
108.5084,0.8577,3.6846
108.5086,0.8475,3.6459
108.5088,0.7818,3.3617
108.5090,0.7914,3.4045
108.5092,0.8036,3.4587
108.5094,0.7909,3.3993
108.5096,0.8318,3.575
108.5098,0.8652,3.7188
108.5100,0.8319,3.5788
108.5102,0.8134,3.4945
108.5104,0.8787,3.773
108.5106,0.8966,3.8538
108.5108,0.9345,4.011
108.5110,1.0212,4.379
108.5112,1.0028,4.3019
108.5114,0.9729,4.1757
108.5116,0.9642,4.1343
108.5118,0.9949,4.2639
108.5120,1.0347,4.4387
108.5122,0.961,4.1305
108.5124,0.9161,3.9318
108.5126,0.9398,4.0356
108.5128,0.9462,4.0629
108.5130,0.9452,4.0568
108.5132,0.9432,4.05
108.5134,0.9288,3.9882
108.5136,0.9636,4.1375
108.5138,0.9028,3.8819
108.5140,0.9155,3.931
108.5142,0.9895,4.2487
108.5144,0.9861,4.2264
108.5146,1.061,4.5476
108.5148,1.0747,4.6062
108.5150,1.0439,4.4866
108.5152,0.8957,3.8568
108.5154,0.7984,3.4333
108.5156,0.8296,3.569
108.5158,0.8335,3.5839
108.5160,0.8284,3.5622
108.5162,0.8308,3.5725
108.5164,0.8544,3.6724
108.5166,0.9462,4.0553
108.5168,1.0524,4.5085
108.5170,1.1219,4.8154
108.5172,1.0133,4.3492
108.5174,0.9717,4.1842
108.5176,0.8469,3.6433
108.5178,0.8829,3.7945
108.5180,0.8838,3.7969
108.5182,0.8835,3.8006
108.5184,0.8673,3.731
108.5186,0.906,3.8904
108.5188,0.9878,4.2415
108.5190,0.9429,4.0584
108.5192,0.8899,3.8214
108.5194,0.9853,4.2307
108.5196,0.944,4.0555
108.5198,0.8522,3.6728
108.5200,0.7355,3.1715
108.5202,0.7205,3.1011
108.5204,0.7817,3.3627
108.5206,0.7765,3.3452
108.5208,0.7157,3.0833
108.5210,0.7531,3.2429
108.5212,0.7451,3.2084
108.5214,0.7265,3.1269
108.5216,0.7799,3.3612
108.5218,0.7201,3.1096
108.5220,0.6674,2.8765
108.5222,0.7028,3.0261
108.5224,0.6886,2.9734
108.5226,0.6156,2.6557
108.5228,0.6457,2.7829
108.5230,0.668,2.883
108.5232,0.611,2.6384
108.5234,0.6094,2.6288
108.5236,0.6397,2.7558
108.5238,0.6755,2.9143
108.5240,0.6243,2.6947
108.5242,0.6128,2.6462
108.5244,0.5661,2.442
108.5246,0.5787,2.4975
108.5248,0.5705,2.4646
108.5250,0.5704,2.4652
108.5252,0.5753,2.4807
108.5254,0.6288,2.7113
108.5256,0.6189,2.6739
108.5258,0.5735,2.4764
108.5260,0.576,2.485
108.5262,0.5686,2.4529
108.5264,0.5676,2.4488
108.5266,0.5692,2.4578
108.5268,0.5686,2.4552
108.5270,0.5746,2.4788
108.5272,0.5895,2.5417
108.5274,0.5746,2.4788
108.5276,0.5854,2.5265
108.5278,0.5944,2.5629
108.5280,0.6478,2.7935
108.5282,0.5754,2.4847
108.5284,0.5877,2.5363
108.5286,0.5951,2.5648
108.5288,0.5966,2.5727
108.5290,0.5463,2.3578
108.5292,0.536,2.3122
108.5294,0.563,2.432
108.5296,0.4934,2.1325
108.5298,0.4626,2.0003
108.5300,0.4701,2.032
108.5302,0.4815,2.0812
108.5304,0.4725,2.0404
108.5306,0.4779,2.0657
108.5308,0.4654,2.0112
108.5310,0.4506,1.9457
108.5312,0.492,2.1243
108.5314,0.4791,2.0699
108.5316,0.4911,2.1178
108.5318,0.555,2.3944
108.5320,0.5851,2.5278
108.5322,0.4999,2.1585
108.5324,0.5187,2.2356
108.5326,0.5809,2.5038
108.5328,0.5929,2.5543
108.5330,0.5964,2.5681
108.5332,0.6486,2.7914
108.5334,0.7193,3.0945
108.5336,0.7403,3.1862
108.5338,0.6975,3.002
108.5340,0.6624,2.8534
108.5342,0.6484,2.7961
108.5344,0.5801,2.5002
108.5346,0.5675,2.4482
108.5348,0.5606,2.416
108.5350,0.5814,2.5059
108.5352,0.5607,2.4165
108.5354,0.6211,2.6757
108.5356,0.65,2.7989
108.5358,0.6753,2.9079
108.5360,0.6471,2.7852
108.5362,0.6397,2.7635
108.5364,0.4707,2.0355
108.5366,0.4752,2.049
108.5368,0.5319,2.2946
108.5370,0.552,2.3782
108.5372,0.6709,2.8888
108.5374,0.6825,2.9361
108.5376,0.6989,3.0068
108.5378,0.7233,3.1129
108.5380,0.7019,3.0211
108.5382,0.6495,2.8008
108.5384,0.5612,2.4231
108.5386,0.5223,2.2532
108.5388,0.5165,2.2263
108.5390,0.55,2.3716
108.5392,0.5709,2.4616
108.5394,0.5889,2.5356
108.5396,0.6345,2.7323
108.5398,0.6154,2.6509
108.5400,0.5854,2.5265
108.5402,0.5165,2.2305
108.5404,0.5084,2.1932
108.5406,0.5177,2.2336
108.5408,0.5101,2.1994
108.5410,0.5294,2.2816
108.5412,0.6005,2.5857
108.5414,0.6288,2.7063
108.5416,0.6501,2.7968
108.5418,0.7242,3.1142
108.5420,0.7112,3.0651
108.5422,0.6139,2.6423
108.5424,0.6197,2.672
108.5426,0.5767,2.4858
108.5428,0.6091,2.618
108.5430,0.7035,3.0236
108.5432,0.7589,3.2647
108.5434,0.7764,3.3369
108.5436,0.7767,3.3369
108.5438,0.7933,3.408
108.5440,0.8594,3.6884
108.5442,0.8713,3.7433
108.5444,0.8245,3.5403
108.5446,0.8339,3.5776
108.5448,0.8356,3.5915
108.5450,0.8049,3.4628
108.5452,0.8154,3.5044
108.5454,0.8681,3.7207
108.5456,0.9202,3.9493
108.5458,0.9088,3.9004
108.5460,0.9185,3.9366
108.5462,1.0096,4.3231
108.5464,1.026,4.4037
108.5466,0.9167,3.9325
108.5468,0.9253,3.9696
108.5470,0.8946,3.8468
108.5472,0.7915,3.4034
108.5474,0.7824,3.3642
108.5476,0.747,3.2136
108.5478,0.7614,3.2694
108.5480,0.8365,3.5951
108.5482,0.8452,3.6293
108.5484,0.8338,3.5871
108.5486,0.7666,3.2962
108.5488,0.7619,3.2761
108.5490,0.7645,3.2874
108.5492,0.7994,3.4342
108.5494,0.8766,3.766
108.5496,0.8736,3.7531
108.5498,0.85,3.6516
108.5500,0.8433,3.6194
108.5502,0.8981,3.8564
108.5504,0.8971,3.8541
108.5506,0.7946,3.4152
108.5508,0.7854,3.374
108.5510,0.8296,3.5657
108.5512,0.8074,3.472
108.5514,0.8319,3.5722
108.5516,0.8764,3.7614
108.5518,0.8487,3.6527
108.5520,0.7391,3.184
108.5522,0.6998,3.009
108.5524,0.7802,3.3503
108.5526,0.8204,3.526
108.5528,0.8193,3.5279
108.5530,0.7601,3.2653
108.5532,0.8341,3.5814
108.5534,0.8743,3.7527
108.5536,0.8884,3.8165
108.5538,0.8763,3.7697
108.5540,0.7901,3.3956
108.5542,0.7701,3.3147
108.5544,0.7809,3.358
108.5546,0.8415,3.6167
108.5548,0.8559,3.6752
108.5550,0.8751,3.7593
108.5552,0.8913,3.8235
108.5554,0.9345,4.011
108.5556,0.8413,3.6174
108.5558,0.8452,3.6327
108.5560,0.9012,3.868
108.5562,0.9137,3.9233
108.5564,0.9343,4.01
108.5566,0.883,3.7968
108.5568,0.7782,3.3462
108.5570,0.7782,3.3493
108.5572,0.7791,3.3519
108.5574,0.8145,3.4992
108.5576,0.8634,3.7059
108.5578,0.939,4.0338
108.5580,0.8724,3.7462
108.5582,0.8911,3.8247
108.5584,0.958,4.11
108.5586,0.9427,4.0498
108.5588,0.9018,3.8724
108.5590,0.8684,3.7339
108.5592,0.8555,3.6787
108.5594,0.8751,3.761
108.5596,0.8416,3.6189
108.5598,0.7837,3.3762
108.5600,0.7091,3.0535
108.5602,0.7029,3.0252
108.5604,0.7088,3.0547
108.5606,0.714,3.0775
108.5608,0.7076,3.0467
108.5610,0.7097,3.0575
108.5612,0.7067,3.0431
108.5614,0.7062,3.0354
108.5616,0.7999,3.4411
108.5618,0.7853,3.375
108.5620,0.8279,3.5618
108.5622,0.7416,3.2008
108.5624,0.6458,2.7834
108.5626,0.6637,2.8591
108.5628,0.6415,2.7648
108.5630,0.674,2.9062
108.5632,0.633,2.7281
108.5634,0.6132,2.6429
108.5636,0.6157,2.6562
108.5638,0.6078,2.6208
108.5640,0.6074,2.6229
108.5642,0.5552,2.3972
108.5644,0.5302,2.2874
108.5646,0.5349,2.3086
108.5648,0.5484,2.3627
108.5650,0.6838,2.95
108.5652,0.5666,2.4452
108.5654,0.5313,2.2931
108.5656,0.5311,2.2931
108.5658,0.5306,2.2932
108.5660,0.533,2.2993
108.5662,0.5433,2.3437
108.5664,0.5365,2.3132
108.5666,0.6401,2.7561
108.5668,0.7308,3.144
108.5670,0.747,3.2121
108.5672,0.7496,3.2295
108.5674,0.646,2.7858
108.5676,0.6337,2.73
108.5678,0.6984,3.0033
108.5680,0.747,3.2166
108.5682,0.7142,3.0723
108.5684,0.8137,3.4988
108.5686,0.76,3.2663
108.5688,0.8008,3.4452
108.5690,0.7763,3.341
108.5692,0.7901,3.3988
108.5694,0.7598,3.2719
108.5696,0.6616,2.8516
108.5698,0.6332,2.7279
108.5700,0.6421,2.7661
108.5702,0.6018,2.5962
108.5704,0.5926,2.5563
108.5706,0.5717,2.4686
108.5708,0.4978,2.1497
108.5710,0.4807,2.0757
108.5712,0.4801,2.074
108.5714,0.4778,2.0604
108.5716,0.5683,2.4462
108.5718,0.664,2.866
108.5720,0.5236,2.2621
108.5722,0.5036,2.1725
108.5724,0.5743,2.4743
108.5726,0.6486,2.7914
108.5728,0.6697,2.8863
108.5730,0.6127,2.6383
108.5732,0.605,2.6053
108.5734,0.6281,2.7032
108.5736,0.603,2.6002
108.5738,0.5944,2.563
108.5740,0.5866,2.5259
108.5742,0.6602,2.8429
108.5744,0.7079,3.0456
108.5746,0.7591,3.2613
108.5748,0.7952,3.4195
108.5750,0.6832,2.9434
108.5752,0.641,2.7629
108.5754,0.6666,2.8663
108.5756,0.7582,3.2557
108.5758,0.7852,3.3794
108.5760,0.7328,3.1509
108.5762,0.7671,3.2968
108.5764,0.827,3.5562
108.5766,0.7904,3.3973
108.5768,0.7919,3.3972
108.5770,0.855,3.6712
108.5772,0.9576,4.1043
108.5774,1.0124,4.3371
108.5776,0.9993,4.2851
108.5778,0.9775,4.1896
108.5780,1.0028,4.3
108.5782,1.0228,4.3757
108.5784,1.1315,4.8381
108.5786,1.1369,4.8703
108.5788,1.0776,4.6166
108.5790,1.0246,4.3895
108.5792,1.0313,4.4162
108.5794,1.062,4.554
108.5796,0.9671,4.1507
108.5798,0.9156,3.9335
108.5800,0.896,3.8526
108.5802,0.8691,3.7285
108.5804,0.9927,4.2529
108.5806,1.0026,4.301
108.5808,0.9999,4.2877
108.5810,0.9894,4.2424
108.5812,0.9184,3.9417
108.5814,0.9604,4.1295
108.5816,0.8939,3.8439
108.5818,0.8637,3.7139
108.5820,0.8238,3.5406
108.5822,0.8342,3.5954
108.5824,0.7165,3.0851
108.5826,0.6587,2.8388
108.5828,0.6197,2.6721
108.5830,0.6156,2.6582
108.5832,0.5974,2.5747
108.5834,0.6126,2.6428
108.5836,0.6131,2.6424
108.5838,0.5704,2.4619
108.5840,0.5711,2.4616
108.5842,0.6234,2.6894
108.5844,0.6066,2.6133
108.5846,0.669,2.8806
108.5848,0.7093,3.0569
108.5850,0.6902,2.9706
108.5852,0.7377,3.1809
108.5854,0.5609,2.421
108.5856,0.5174,2.2352
108.5858,0.5105,2.2041
108.5860,0.5184,2.2362
108.5862,0.6129,2.6365
108.5864,0.6946,2.9911
108.5866,0.6701,2.8893
108.5868,0.6377,2.7484
108.5870,0.6039,2.6027
108.5872,0.5811,2.5045
108.5874,0.5846,2.5218
108.5876,0.5817,2.5082
108.5878,0.5904,2.5471
108.5880,0.6015,2.5911
108.5882,0.6416,2.7616
108.5884,0.721,3.1061
108.5886,0.6242,2.6955
108.5888,0.4597,1.986
108.5890,0.4621,1.9936
108.5892,0.5341,2.3029
108.5894,0.5903,2.5443
108.5896,0.6049,2.6097
108.5898,0.5639,2.4328
108.5900,0.5759,2.4834
108.5902,0.577,2.4869
108.5904,0.5763,2.4838
108.5906,0.6127,2.6384
108.5908,0.7307,3.1436
108.5910,0.7232,3.1154
108.5912,0.6071,2.6154
108.5914,0.6802,2.9278
108.5916,0.7219,3.1141
108.5918,0.6278,2.706
108.5920,0.6443,2.7755
108.5922,0.6175,2.6616
108.5924,0.6233,2.6851
108.5926,0.632,2.719
108.5928,0.6449,2.7768
108.5930,0.6383,2.751
108.5932,0.6391,2.7533
108.5934,0.6475,2.7869
108.5936,0.6731,2.8995
108.5938,0.6533,2.8169
108.5940,0.6286,2.7053
108.5942,0.6942,2.9835
108.5944,0.7078,3.0521
108.5946,0.6233,2.6839
108.5948,0.6577,2.8347
108.5950,0.5853,2.5249
108.5952,0.5577,2.4037
108.5954,0.5814,2.506
108.5956,0.5758,2.4806
108.5958,0.592,2.5515
108.5960,0.5924,2.5542
108.5962,0.5711,2.4639
108.5964,0.5748,2.4764
108.5966,0.6513,2.8047
108.5968,0.7005,3.0094
108.5970,0.7479,3.2233
108.5972,0.6013,2.5942
108.5974,0.571,2.461
108.5976,0.5814,2.5048
108.5978,0.6343,2.7339
108.5980,0.5792,2.4939
108.5982,0.5789,2.5009
108.5984,0.4852,2.0959
108.5986,0.5005,2.1572
108.5988,0.5536,2.3872
108.5990,0.5011,2.1607
108.5992,0.5551,2.3912
108.5994,0.5964,2.5682
108.5996,0.6572,2.8261
108.5998,0.7046,3.034
108.6000,0.6621,2.8525
108.6002,0.6651,2.8601
108.6004,0.7282,3.1313
108.6006,0.6907,2.9754
108.6008,0.5965,2.5687
108.6010,0.6064,2.6087
108.6012,0.6511,2.805
108.6014,0.6239,2.6902
108.6016,0.5945,2.56
108.6018,0.6467,2.7781
108.6020,0.7433,3.1978
108.6022,0.6602,2.8442
108.6024,0.6058,2.6109
108.6026,0.6057,2.6044
108.6028,0.6796,2.9252
108.6030,0.6918,2.9773
108.6032,0.703,3.0258
108.6034,0.691,2.9715
108.6036,0.7083,3.0485
108.6038,0.6541,2.8179
108.6040,0.5985,2.5782
108.6042,0.6089,2.6207
108.6044,0.603,2.599
108.6046,0.6011,2.5896
108.6048,0.5982,2.576
108.6050,0.609,2.6249
108.6052,0.6063,2.6118
108.6054,0.6119,2.6348
108.6056,0.5931,2.5526
108.6058,0.6258,2.6922
108.6060,0.6848,2.9488
108.6062,0.6239,2.6865
108.6064,0.6121,2.6383
108.6066,0.6031,2.5959
108.6068,0.6517,2.8076
108.6070,0.609,2.6224
108.6072,0.6051,2.6042
108.6074,0.6264,2.6986
108.6076,0.6131,2.6388
108.6078,0.6141,2.6454
108.6080,0.6205,2.6708
108.6082,0.6716,2.892
108.6084,0.6643,2.8578
108.6086,0.6717,2.8898
108.6088,0.7168,3.0823
108.6090,0.7768,3.3339
108.6092,0.8476,3.6432
108.6094,0.8063,3.4654
108.6096,0.8245,3.5387
108.6098,0.8598,3.6918
108.6100,0.871,3.7367
108.6102,0.871,3.7384
108.6104,0.8709,3.7379
108.6106,0.8606,3.6919
108.6108,0.9298,3.985
108.6110,0.9722,4.167
108.6112,0.9613,4.124
108.6114,0.9517,4.0791
108.6116,0.9875,4.2283
108.6118,1.0078,4.3236
108.6120,0.9122,3.9186
108.6122,0.854,3.6619
108.6124,0.8964,3.8422
108.6126,1.0301,4.4131
108.6128,1.0863,4.6514
108.6130,1.0393,4.4501
108.6132,1.0672,4.5697
108.6134,1.0087,4.3292
108.6136,0.8859,3.8058
108.6138,0.8457,3.6281
108.6140,0.9741,4.1771
108.6142,1.0364,4.444
108.6144,1.0588,4.5338
108.6146,1.0229,4.3864
108.6148,0.987,4.2321
108.6150,0.9354,4.0148
108.6152,0.8517,3.6573
108.6154,0.9117,3.9129
108.6156,0.931,3.9995
108.6158,0.934,4.0011
108.6160,1.0395,4.4511
108.6162,1.0984,4.7076
108.6164,1.07,4.5773
108.6166,1.1196,4.7896
108.6168,1.1244,4.8169
108.6170,1.0809,4.6239
108.6172,1.1176,4.7876
108.6174,1.0493,4.5079
108.6176,0.894,3.8408
108.6178,0.8595,3.6976
108.6180,0.8099,3.4808
108.6182,0.8376,3.5982
108.6184,0.8599,3.6923
108.6186,0.9644,4.1393
108.6188,0.9721,4.1723
108.6190,0.966,4.146
108.6192,0.9727,4.171
108.6194,0.9695,4.1648
108.6196,0.8598,3.6969
108.6198,0.8614,3.7076
108.6200,0.8287,3.5617
108.6202,0.8184,3.519
108.6204,0.8362,3.5959
108.6206,0.8323,3.5822
108.6208,0.7603,3.2756
108.6210,0.7349,3.1616
108.6212,0.7819,3.3654
108.6214,0.7867,3.3845
108.6216,0.8288,3.5689
108.6218,0.7619,3.2808
108.6220,0.735,3.1622
108.6222,0.7644,3.287
108.6224,0.753,3.2456
108.6226,0.6948,2.9958
108.6228,0.6837,2.9455
108.6230,0.7039,3.0309
108.6232,0.7157,3.0748
108.6234,0.8583,3.6942
108.6236,0.8222,3.5372
108.6238,0.7885,3.3954
108.6240,0.7256,3.1229
108.6242,0.7081,3.0475
108.6244,0.7449,3.2104
108.6246,0.6998,3.0175
108.6248,0.6625,2.8594
108.6250,0.5756,2.483
108.6252,0.5762,2.4844
108.6254,0.6401,2.76
108.6256,0.6311,2.72
108.6258,0.6304,2.7169
108.6260,0.6218,2.6827
108.6262,0.6132,2.643
108.6264,0.6318,2.7269
108.6266,0.592,2.5539
108.6268,0.5981,2.579
108.6270,0.5918,2.5516
108.6272,0.5864,2.5307
108.6274,0.6054,2.6106
108.6276,0.5987,2.5828
108.6278,0.5944,2.5618
108.6280,0.6202,2.6705
108.6282,0.68,2.9308
108.6284,0.6659,2.8658
108.6286,0.6561,2.8306
108.6288,0.6087,2.6233
108.6290,0.6124,2.6369
108.6292,0.7063,3.0412
108.6294,0.68,2.9295
108.6296,0.6466,2.7892
108.6298,0.6075,2.6194
108.6300,0.6204,2.674
108.6302,0.6241,2.6925
108.6304,0.6009,2.5897
108.6306,0.6337,2.7313
108.6308,0.5888,2.5364
108.6310,0.589,2.5409
108.6312,0.5965,2.5711
108.6314,0.6721,2.8954
108.6316,0.6597,2.8408
108.6318,0.6229,2.6873
108.6320,0.628,2.7053
108.6322,0.6849,2.9479
108.6324,0.7354,3.1622
108.6326,0.7071,3.0406
108.6328,0.6918,2.9787
108.6330,0.7017,3.0216
108.6332,0.7172,3.0896
108.6334,0.6979,3.005
108.6336,0.6661,2.8669
108.6338,0.735,3.1622
108.6340,0.7578,3.2587
108.6342,0.7538,3.2411
108.6344,0.7546,3.2493
108.6346,0.6804,2.9283
108.6348,0.6619,2.8541
108.6350,0.6547,2.8231
108.6352,0.6386,2.7525
108.6354,0.5669,2.4457
108.6356,0.5362,2.3144
108.6358,0.5241,2.2621
108.6360,0.524,2.2626
108.6362,0.5179,2.2342
108.6364,0.5747,2.4782
108.6366,0.6167,2.6592
108.6368,0.5977,2.5751
108.6370,0.6126,2.6404
108.6372,0.635,2.7396
108.6374,0.5599,2.4175
108.6376,0.5114,2.2032
108.6378,0.6031,2.5996
108.6380,0.6057,2.6104
108.6382,0.6096,2.6299
108.6384,0.54,2.3304
108.6386,0.5371,2.3169
108.6388,0.6025,2.5958
108.6390,0.6295,2.712
108.6392,0.5992,2.5801
108.6394,0.6136,2.6433
108.6396,0.646,2.7841
108.6398,0.627,2.7024
108.6400,0.5374,2.3196
108.6402,0.5064,2.1865
108.6404,0.5084,2.1933
108.6406,0.5564,2.3935
108.6408,0.6907,2.9713
108.6410,0.7045,3.0334
108.6412,0.6752,2.9034
108.6414,0.7204,3.1036
108.6416,0.6042,2.6066
108.6418,0.5439,2.3453
108.6420,0.5831,2.5132
108.6422,0.5742,2.4761
108.6424,0.5559,2.3959
108.6426,0.6244,2.6873
108.6428,0.669,2.8793
108.6430,0.6964,2.9988
108.6432,0.6879,2.9594
108.6434,0.7456,3.2046
108.6436,0.7626,3.2762
108.6438,0.8174,3.5067
108.6440,0.9358,4.0107
108.6442,0.96,4.1145
108.6444,0.9267,3.9754
108.6446,0.9205,3.9528
108.6448,0.9187,3.9359
108.6450,1.0307,4.4157
108.6452,1.0337,4.4306
108.6454,1.0298,4.4116
108.6456,1.0243,4.3839
108.6458,1.0726,4.5907
108.6460,1.0731,4.6035
108.6462,0.9595,4.1221
108.6464,0.9192,3.9435
108.6466,0.9183,3.9394
108.6468,0.8671,3.7266
108.6470,0.8137,3.4973
108.6472,0.866,3.7185
108.6474,0.856,3.6792
108.6476,0.7966,3.422
108.6478,0.8264,3.5569
108.6480,0.7807,3.3603
108.6482,0.6855,2.9532
108.6484,0.5999,2.582
108.6486,0.6938,2.9889
108.6488,0.6492,2.798
108.6490,0.6245,2.689
108.6492,0.6925,2.9777
108.6494,0.846,3.6359
108.6496,0.8271,3.5583
108.6498,0.7077,3.0446
108.6500,0.7049,3.0299
108.6502,0.7928,3.4092
108.6504,0.7671,3.3045
108.6506,0.689,2.9682
108.6508,0.7227,3.109
108.6510,0.7621,3.2787
108.6512,0.7522,3.2344
108.6514,0.8044,3.4571
108.6516,0.8358,3.5955
108.6518,0.7325,3.1513
108.6520,0.7631,3.2783
108.6522,0.8448,3.6325
108.6524,0.8309,3.571
108.6526,0.7856,3.3814
108.6528,0.7168,3.0866
108.6530,0.722,3.103
108.6532,0.7747,3.3314
108.6534,0.765,3.2896
108.6536,0.7547,3.2468
108.6538,0.738,3.1751
108.6540,0.7317,3.1506
108.6542,0.7029,3.0267
108.6544,0.7404,3.1809
108.6546,0.8261,3.5487
108.6548,0.8113,3.4951
108.6550,0.683,2.9437
108.6552,0.6653,2.8646
108.6554,0.6701,2.8853
108.6556,0.7089,3.054
108.6558,0.7512,3.2318
108.6560,0.7412,3.19
108.6562,0.7225,3.1109
108.6564,0.7202,3.1011
108.6566,0.735,3.1651
108.6568,0.7177,3.0859
108.6570,0.7749,3.3319
108.6572,0.6735,2.9029
108.6574,0.6732,2.8987
108.6576,0.7043,3.0273
108.6578,0.8511,3.653
108.6580,0.8749,3.7636
108.6582,0.7149,3.0826
108.6584,0.6377,2.7471
108.6586,0.6191,2.6695
108.6588,0.6012,2.5913
108.6590,0.6612,2.8484
108.6592,0.7523,3.2349
108.6594,0.7697,3.3097
108.6596,0.7578,3.2632
108.6598,0.6781,2.9239
108.6600,0.6397,2.7572
108.6602,0.6373,2.7456
108.6604,0.6265,2.7003
108.6606,0.651,2.8058
108.6608,0.6557,2.822
108.6610,0.6828,2.94
108.6612,0.6338,2.7357
108.6614,0.559,2.4094
108.6616,0.6439,2.774
108.6618,0.6012,2.5961
108.6620,0.5677,2.45
108.6622,0.5367,2.3186
108.6624,0.4619,1.9963
108.6626,0.4512,1.9493
108.6628,0.4523,1.953
108.6630,0.4541,1.9599
108.6632,0.454,1.9612
108.6634,0.4547,1.9643
108.6636,0.4515,1.9494
108.6638,0.4536,1.9596
108.6640,0.4543,1.9636
108.6642,0.4523,1.9539
108.6644,0.4513,1.9489
108.6646,0.4486,1.937
108.6648,0.4495,1.942
108.6650,0.4521,1.9493
108.6652,0.4788,2.0665
108.6654,0.5018,2.1679
108.6656,0.4853,2.0925
108.6658,0.601,2.5902
108.6660,0.585,2.518
108.6662,0.6209,2.6723
108.6664,0.6752,2.9034
108.6666,0.6826,2.9354
108.6668,0.701,3.0171
108.6670,0.6738,2.9026
108.6672,0.622,2.6844
108.6674,0.5566,2.399
108.6676,0.5841,2.5162
108.6678,0.5953,2.5671
108.6680,0.5553,2.3945
108.6682,0.5488,2.3654
108.6684,0.5512,2.3758
108.6686,0.5837,2.5123
108.6688,0.6202,2.6742
108.6690,0.5629,2.4293
108.6692,0.5739,2.4735
108.6694,0.5896,2.5388
108.6696,0.6404,2.7564
108.6698,0.6596,2.843
108.6700,0.5768,2.4835
108.6702,0.6117,2.6326
108.6704,0.626,2.6983
108.6706,0.5958,2.568
108.6708,0.6236,2.6842
108.6710,0.627,2.6999
108.6712,0.6013,2.5906
108.6714,0.6089,2.6219
108.6716,0.6468,2.7799
108.6718,0.6993,3.0042
108.6720,0.7473,3.2163
108.6722,0.7058,3.0363
108.6724,0.7655,3.2901
108.6726,0.7231,3.1091
108.6728,0.7207,3.1003
108.6730,0.6871,2.9558
108.6732,0.6848,2.9488
108.6734,0.5979,2.578
108.6736,0.5806,2.5047
108.6738,0.5673,2.4462
108.6740,0.5831,2.5109
108.6742,0.6218,2.6802
108.6744,0.5832,2.5149
108.6746,0.5668,2.4407
108.6748,0.6241,2.6838
108.6750,0.7163,3.0774
108.6752,0.7831,3.3659
108.6754,0.7922,3.4098
108.6756,0.7762,3.3313
108.6758,0.8319,3.574
108.6760,0.7437,3.1978
108.6762,0.7618,3.2757
108.6764,0.743,3.1947
108.6766,0.7294,3.1277
108.6768,0.9163,3.9275
108.6770,1.0095,4.3288
108.6772,1.001,4.2863
108.6774,0.9963,4.2703
108.6776,0.9684,4.1583
108.6778,0.8824,3.782
108.6780,0.9323,4.0014
108.6782,0.9087,3.8946
108.6784,0.9425,4.0433
108.6786,0.8804,3.7768
108.6788,0.9136,3.9248
108.6790,0.8588,3.6859
108.6792,0.8691,3.7302
108.6794,0.8775,3.761
108.6796,0.928,3.981
108.6798,0.9661,4.1446
108.6800,0.9673,4.1498
108.6802,0.9169,3.9374
108.6804,0.8707,3.7334
108.6806,0.9523,4.0797
108.6808,1.0393,4.4584
108.6810,0.9306,3.9942
108.6812,0.84,3.6102
108.6814,0.8195,3.5302
108.6816,0.7246,3.1158
108.6818,0.7666,3.2994
108.6820,0.7033,3.0283
108.6822,0.7328,3.1524
108.6824,0.724,3.1162
108.6826,0.6843,2.9467
108.6828,0.6709,2.8875
108.6830,0.7139,3.0742
108.6832,0.6964,2.9988
108.6834,0.6567,2.8293
108.6836,0.6251,2.6941
108.6838,0.6945,2.9878
108.6840,0.7243,3.1143
108.6842,0.7285,3.1338
108.6844,0.7308,3.147
108.6846,0.6343,2.7339
108.6848,0.6555,2.8241
108.6850,0.6967,2.9985
108.6852,0.6928,2.9834
108.6854,0.6901,2.9687
108.6856,0.7227,3.1134
108.6858,0.6498,2.7967
108.6860,0.6993,3.0112
108.6862,0.6687,2.8809
108.6864,0.6654,2.8638
108.6866,0.7232,3.1169
108.6868,0.5888,2.5364
108.6870,0.5685,2.4502
108.6872,0.6248,2.6881
108.6874,0.7277,3.1278
108.6876,0.6928,2.982
108.6878,0.7059,3.0382
108.6880,0.5872,2.5296
108.6882,0.589,2.5386
108.6884,0.6112,2.6354
108.6886,0.5733,2.472
108.6888,0.5715,2.4631
108.6890,0.5697,2.4554
108.6892,0.5735,2.4719
108.6894,0.6018,2.5903
108.6896,0.6789,2.9262
108.6898,0.5964,2.5742
108.6900,0.5001,2.1586
108.6902,0.4925,2.1265
108.6904,0.5289,2.2744
108.6906,0.7752,3.3319
108.6908,0.7444,3.2069
108.6910,0.5998,2.5875
108.6912,0.5687,2.449
108.6914,0.6347,2.7317
108.6916,0.6503,2.8001
108.6918,0.6495,2.797
108.6920,0.6552,2.8212
108.6922,0.6678,2.8701
108.6924,0.6927,2.9828
108.6926,0.6906,2.9735
108.6928,0.6539,2.8169
108.6930,0.6151,2.6512
108.6932,0.6186,2.6675
108.6934,0.6308,2.7152
108.6936,0.7145,3.0682
108.6938,0.8006,3.4395
108.6940,0.8197,3.5247
108.6942,0.795,3.4185
108.6944,0.7442,3.2014
108.6946,0.6743,2.9101
108.6948,0.544,2.3469
108.6950,0.5305,2.2864
108.6952,0.5293,2.2823
108.6954,0.5301,2.288
108.6956,0.5304,2.288
108.6958,0.5286,2.276
108.6960,0.5423,2.3386
108.6962,0.5331,2.2999
108.6964,0.5284,2.2786
108.6966,0.528,2.2766
108.6968,0.5356,2.3054
108.6970,0.5828,2.5094
108.6972,0.6698,2.8815
108.6974,0.6386,2.7525
108.6976,0.5609,2.4165
108.6978,0.6131,2.6412
108.6980,0.6211,2.6783
108.6982,0.5485,2.3639
108.6984,0.5408,2.3319
108.6986,0.5445,2.349
108.6988,0.5415,2.3317
108.6990,0.645,2.7709
108.6992,0.7565,3.256
108.6994,0.6774,2.9154
108.6996,0.7055,3.0353
108.6998,0.7443,3.2004
108.7000,0.6932,2.9849
108.7002,0.6253,2.6964
108.7004,0.5823,2.5073
108.7006,0.6332,2.728
108.7008,0.5597,2.4136
108.7010,0.5439,2.3453
108.7012,0.5326,2.2978
108.7014,0.5266,2.2709
108.7016,0.5489,2.3638
108.7018,0.5705,2.4613
108.7020,0.4956,2.138
108.7022,0.4876,2.1004
108.7024,0.5202,2.244
108.7026,0.4909,2.1178
108.7028,0.5066,2.1825
108.7030,0.5588,2.4072
108.7032,0.5427,2.3413
108.7034,0.5258,2.2673
108.7036,0.5334,2.2966
108.7038,0.6295,2.7095
108.7040,0.5849,2.5245
108.7042,0.507,2.1881
108.7044,0.4848,2.0895
108.7046,0.4846,2.0913
108.7048,0.4816,2.0774
108.7050,0.489,2.1085
108.7052,0.4963,2.1391
108.7054,0.4941,2.1308
108.7056,0.5001,2.1576
108.7058,0.5076,2.1887
108.7060,0.5012,2.1603
108.7062,0.5314,2.2884
108.7064,0.6101,2.6295
108.7066,0.5956,2.5622
108.7068,0.6457,2.7766
108.7070,0.629,2.7099
108.7072,0.5007,2.1592
108.7074,0.4763,2.0528
108.7076,0.519,2.2368
108.7078,0.5483,2.3623
108.7080,0.6036,2.6004
108.7082,0.5692,2.4522
108.7084,0.5576,2.3998
108.7086,0.6922,2.9752
108.7088,0.7287,3.1348
108.7090,0.6855,2.9464
108.7092,0.7237,3.1059
108.7094,0.7885,3.3859
108.7096,0.8512,3.6518
108.7098,0.8896,3.8182
108.7100,0.8234,3.5374
108.7102,0.8198,3.5138
108.7104,0.9167,3.9308
108.7106,0.9291,3.9819
108.7108,0.9538,4.0878
108.7110,0.9325,3.995
108.7112,0.9827,4.2058
108.7114,1.0233,4.3798
108.7116,1.0292,4.409
108.7118,1.0327,4.4219
108.7120,1.072,4.5838
108.7122,1.0666,4.5693
108.7124,0.9369,4.0191
108.7126,0.9124,3.9196
108.7128,0.8848,3.7958
108.7130,0.9074,3.8907
108.7132,0.9306,3.9923
108.7134,0.9179,3.9378
108.7136,0.8924,3.8265
108.7138,0.8855,3.7972
108.7140,0.915,3.9236
108.7142,0.922,3.9572
108.7144,0.9452,4.0494
108.7146,0.9564,4.1029
108.7148,0.8894,3.8136
108.7150,0.9147,3.9239
108.7152,0.8675,3.7218
108.7154,0.8882,3.8067
108.7156,0.9402,4.0297
108.7158,0.9446,4.0544
108.7160,0.9077,3.9014
108.7162,0.7852,3.3778
108.7164,0.7107,3.0603
108.7166,0.6702,2.8858
108.7168,0.677,2.9138
108.7170,0.7198,3.0938
108.7172,0.7832,3.3664
108.7174,0.7651,3.2932
108.7176,0.7564,3.2555
108.7178,0.7808,3.3545
108.7180,0.7691,3.3087
108.7182,0.7204,3.1007
108.7184,0.6608,2.8455
108.7186,0.7165,3.0808
108.7188,0.7848,3.3778
108.7190,0.6968,3.0018
108.7192,0.7125,3.0652
108.7194,0.7794,3.3468
108.7196,0.8171,3.5166
108.7198,0.6986,3.0123
108.7200,0.648,2.7877
108.7202,0.7156,3.0815
108.7204,0.71,3.06
108.7206,0.6328,2.7285
108.7208,0.6521,2.8091
108.7210,0.6553,2.8244
108.7212,0.6022,2.5942
108.7214,0.588,2.5356
108.7216,0.5842,2.5179
108.7218,0.583,2.5127
108.7220,0.5836,2.5141
108.7222,0.6075,2.6182
108.7224,0.6708,2.8883
108.7226,0.7101,3.0549
108.7228,0.6999,3.0082
108.7230,0.7329,3.1543
108.7232,0.7199,3.0972
108.7234,0.7352,3.1627
108.7236,0.7204,3.0978
108.7238,0.7115,3.0625
108.7240,0.6595,2.8411
108.7242,0.6487,2.7959
108.7244,0.643,2.7698
108.7246,0.6479,2.7897
108.7248,0.6481,2.7921
108.7250,0.6625,2.8501
108.7252,0.7154,3.079
108.7254,0.6946,2.9953
108.7256,0.6039,2.6039
108.7258,0.5787,2.4918
108.7260,0.625,2.6936
108.7262,0.6348,2.7347
108.7264,0.6434,2.7693
108.7266,0.6661,2.8642
108.7268,0.7008,3.0216
108.7270,0.6281,2.7033
108.7272,0.6654,2.8664
108.7274,0.6112,2.6354
108.7276,0.5702,2.462
108.7278,0.4829,2.0851
108.7280,0.4661,2.0107
108.7282,0.4723,2.0404
108.7284,0.4523,1.9539
108.7286,0.4443,1.9174
108.7288,0.4607,1.9893
108.7290,0.4637,2.0031
108.7292,0.4732,2.0441
108.7294,0.4545,1.9614
108.7296,0.4876,2.0984
108.7298,0.593,2.558
108.7300,0.5109,2.2042
108.7302,0.4794,2.0672
108.7304,0.553,2.3857
108.7306,0.4926,2.125
108.7308,0.5162,2.2249
108.7310,0.5861,2.525
108.7312,0.6451,2.7753
108.7314,0.7263,3.1231
108.7316,0.6735,2.8975
108.7318,0.6649,2.8591
108.7320,0.7066,3.0385
108.7322,0.7596,3.2664
108.7324,0.7834,3.3622
108.7326,0.8428,3.6158
108.7328,0.8475,3.6443
108.7330,0.7683,3.3051
108.7332,0.6855,2.9477
108.7334,0.6587,2.8336
108.7336,0.6557,2.8233
108.7338,0.6512,2.8055
108.7340,0.6559,2.8243
108.7342,0.6572,2.8274
108.7344,0.665,2.8596
108.7346,0.7213,3.1028
108.7348,0.7516,3.2258
108.7350,0.8064,3.4643
108.7352,0.7484,3.2194
108.7354,0.7047,3.0373
108.7356,0.5922,2.5549
108.7358,0.566,2.4393
108.7360,0.5708,2.46
108.7362,0.5547,2.3908
108.7364,0.5453,2.3515
108.7366,0.5443,2.3447
108.7368,0.5371,2.3137
108.7370,0.5546,2.3902
108.7372,0.6138,2.6406
108.7374,0.7183,3.0899
108.7376,0.7063,3.0426
108.7378,0.6822,2.936
108.7380,0.6991,3.0088
108.7382,0.6626,2.8519
108.7384,0.6187,2.663
108.7386,0.6623,2.8504
108.7388,0.665,2.8622
108.7390,0.6746,2.9022
108.7392,0.6832,2.9407
108.7394,0.7004,3.0145
108.7396,0.7051,3.029
108.7398,0.7597,3.2608
108.7400,0.8349,3.5902
108.7402,0.6691,2.8878
108.7404,0.5453,2.3494
108.7406,0.6124,2.6406
108.7408,0.5432,2.3422
108.7410,0.5488,2.3632
108.7412,0.6179,2.6619
108.7414,0.5901,2.5409
108.7416,0.5856,2.5229
108.7418,0.6126,2.6343
108.7420,0.7274,3.1233
108.7422,0.8009,3.4422
108.7424,0.8168,3.5091
108.7426,0.7538,3.2411
108.7428,0.7256,3.1185
108.7430,0.7647,3.2881
108.7432,0.7293,3.133
108.7434,0.8068,3.4593
108.7436,0.8768,3.7666
108.7438,0.833,3.5786
108.7440,0.8083,3.4741
108.7442,0.8113,3.4854
108.7444,0.8336,3.5812
108.7446,0.743,3.1918
108.7448,0.7323,3.1503
108.7450,0.7237,3.1103
108.7452,0.7296,3.1389
108.7454,0.7204,3.0992
108.7456,0.7695,3.3102
108.7458,0.769,3.3035
108.7460,0.7897,3.3863
108.7462,0.8584,3.6861
108.7464,0.8221,3.535
108.7466,0.7847,3.3742
108.7468,0.7968,3.4246
108.7470,0.7561,3.2514
108.7472,0.7909,3.3978
108.7474,0.8185,3.5196
108.7476,0.7571,3.2571
108.7478,0.6854,2.9513
108.7480,0.6675,2.8717
108.7482,0.7101,3.0563
108.7484,0.7201,3.0977
108.7486,0.6876,2.9593
108.7488,0.6822,2.936
108.7490,0.6906,2.9708
108.7492,0.698,3.0042
108.7494,0.6711,2.8886
108.7496,0.7053,3.0356
108.7498,0.6914,2.9744
108.7500,0.7401,3.1823
108.7502,0.782,3.3628
108.7504,0.7539,3.2447
108.7506,0.6966,2.9952
108.7508,0.7494,3.2211
108.7510,0.7715,3.3097
108.7512,0.8214,3.5303
108.7514,0.7743,3.3277
108.7516,0.7275,3.1297
108.7518,0.7487,3.221
108.7520,0.7744,3.3252
108.7522,0.8451,3.6306
108.7524,0.774,3.3298
108.7526,0.7186,3.0901
108.7528,0.7392,3.1743
108.7530,0.8065,3.4583
108.7532,0.8912,3.8302
108.7534,0.7797,3.3603
108.7536,0.6608,2.8442
108.7538,0.6713,2.8918
108.7540,0.644,2.7758
108.7542,0.6499,2.8011
108.7544,0.6041,2.6037
108.7546,0.6108,2.6277
108.7548,0.7196,3.0971
108.7550,0.719,3.0945
108.7552,0.7105,3.055
108.7554,0.7454,3.2065
108.7556,0.7199,3.0972
108.7558,0.6474,2.7903
108.7560,0.5552,2.3951
108.7562,0.5437,2.3432
108.7564,0.6185,2.6558
108.7566,0.8397,3.6075
108.7568,0.7683,3.3097
108.7570,0.6735,2.8975
108.7572,0.7139,3.0714
108.7574,0.693,2.9825
108.7576,0.6287,2.7059
108.7578,0.6394,2.7582
108.7580,0.6057,2.6116
108.7582,0.588,2.5368
108.7584,0.5696,2.4548
108.7586,0.583,2.5139
108.7588,0.5834,2.5131
108.7590,0.6302,2.7138
108.7592,0.6541,2.8179
108.7594,0.6163,2.6564
108.7596,0.5726,2.4723
108.7598,0.5876,2.5265
108.7600,0.7461,3.2066
108.7602,0.7386,3.1821
108.7604,0.6004,2.5877
108.7606,0.5402,2.3271
108.7608,0.5364,2.3117
108.7610,0.5378,2.32
108.7612,0.5367,2.3154
108.7614,0.5359,2.3107
108.7616,0.534,2.3014
108.7618,0.5313,2.2921
108.7620,0.5229,2.2569
108.7622,0.5232,2.2548
108.7624,0.5205,2.2435
108.7626,0.5253,2.2652
108.7628,0.527,2.2745
108.7630,0.5312,2.2905
108.7632,0.5859,2.5216
108.7634,0.6131,2.6424
108.7636,0.5391,2.3268
108.7638,0.529,2.2823
108.7640,0.5247,2.2626
108.7642,0.5281,2.275
108.7644,0.6082,2.614
108.7646,0.7515,3.2283
108.7648,0.6933,2.9924
108.7650,0.5402,2.3293
108.7652,0.5736,2.469
108.7654,0.6517,2.805
108.7656,0.6329,2.7201
108.7658,0.6227,2.6825
108.7660,0.5364,2.3128
108.7662,0.5451,2.3483
108.7664,0.6127,2.6409
108.7666,0.5489,2.3671
108.7668,0.5224,2.2538
108.7670,0.5246,2.26
108.7672,0.5187,2.2357
108.7674,0.5139,2.215
108.7676,0.5216,2.2492
108.7678,0.5464,2.3529
108.7680,0.5746,2.4754
108.7682,0.5706,2.4595
108.7684,0.5618,2.4235
108.7686,0.4807,2.0738
108.7688,0.4645,2.0058
108.7690,0.4451,1.922
108.7692,0.4331,1.8693
108.7694,0.4316,1.8617
108.7696,0.4379,1.8909
108.7698,0.4765,2.0509
108.7700,0.6167,2.653
108.7702,0.6572,2.8234
108.7704,0.6961,2.9945
108.7706,0.6709,2.8862
108.7708,0.6693,2.8768
108.7710,0.6846,2.9464
108.7712,0.6442,2.7724
108.7714,0.6511,2.805
108.7716,0.6203,2.6722
108.7718,0.6173,2.6556
108.7720,0.6708,2.8816
108.7722,0.798,3.4298
108.7724,0.7476,3.2148
108.7726,0.727,3.1247
108.7728,0.7372,3.17
108.7730,0.6725,2.8956
108.7732,0.6656,2.8688
108.7734,0.5861,2.5238
108.7736,0.5989,2.5755
108.7738,0.6853,2.9481
108.7740,0.716,3.0801
108.7742,0.7406,3.1814
108.7744,0.7469,3.2058
108.7746,0.7967,3.4241
108.7748,0.7558,3.2438
108.7750,0.808,3.4661
108.7752,0.8494,3.6492
108.7754,0.7964,3.4199
108.7756,0.8056,3.459
108.7758,0.8002,3.4375
108.7760,0.8059,3.4622
108.7762,0.822,3.5279
108.7764,0.8894,3.8172
108.7766,0.8315,3.5703
108.7768,0.8366,3.5924
108.7770,0.837,3.5923
108.7772,0.8126,3.491
108.7774,0.8443,3.622
108.7776,0.8179,3.5153
108.7778,0.7697,3.3051
108.7780,0.8414,3.6096
108.7782,0.8353,3.5867
108.7784,0.8751,3.7559
108.7786,0.8606,3.6971
108.7788,0.786,3.3735
108.7790,0.8456,3.6293
108.7792,0.8635,3.7112
108.7794,0.8338,3.5839
108.7796,0.8511,3.653
108.7798,0.8479,3.6391
108.7800,0.8756,3.7562
108.7802,0.9005,3.8668
108.7804,0.8478,3.642
108.7806,0.802,3.4452
108.7808,0.8123,3.4862
108.7810,0.8562,3.6695
108.7812,0.9574,4.1071
108.7814,0.9391,4.027
108.7816,0.9538,4.0878
108.7818,0.9751,4.1871
108.7820,0.9094,3.8995
108.7822,0.9051,3.881
108.7824,0.9454,4.0556
108.7826,0.8783,3.7768
108.7828,0.8069,3.4679
108.7830,0.797,3.4289
108.7832,0.7963,3.4178
108.7834,0.8267,3.5513
108.7836,0.7866,3.3808
108.7838,0.7856,3.3814
108.7840,0.712,3.066
108.7842,0.7041,3.0319
108.7844,0.7293,3.1374
108.7846,0.7245,3.1139
108.7848,0.7896,3.3953
108.7850,0.7439,3.2033
108.7852,0.7022,3.0208
108.7854,0.7129,3.0696
108.7856,0.6341,2.7329
108.7858,0.6298,2.7143
108.7860,0.6542,2.8184
108.7862,0.6721,2.8913
108.7864,0.7476,3.2178
108.7866,0.6798,2.9257
108.7868,0.6733,2.8978
108.7870,0.6817,2.9367
108.7872,0.6832,2.9434
108.7874,0.682,2.9355
108.7876,0.6937,2.9856
108.7878,0.674,2.9063
108.7880,0.6135,2.6428
108.7882,0.6528,2.8044
108.7884,0.7822,3.3618
108.7886,0.8029,3.4557
108.7888,0.7379,3.1745
108.7890,0.7105,3.0607
108.7892,0.6349,2.7378
108.7894,0.6218,2.6777
108.7896,0.6617,2.8465
108.7898,0.7081,3.0447
108.7900,0.7135,3.0707
108.7902,0.7142,3.0681
108.7904,0.7974,3.4256
108.7906,0.7719,3.3205
108.7908,0.7482,3.2204
108.7910,0.747,3.2152
108.7912,0.751,3.2308
108.7914,0.7492,3.2215
108.7916,0.7962,3.4205
108.7918,0.7801,3.3561
108.7920,0.7316,3.1472
108.7922,0.765,3.2881
108.7924,0.8008,3.4464
108.7926,0.7263,3.1303
108.7928,0.6414,2.7657
108.7930,0.6138,2.6443
108.7932,0.7065,3.0408
108.7934,0.649,2.797
108.7936,0.5802,2.502
108.7938,0.5976,2.5782
108.7940,0.583,2.5151
108.7942,0.5816,2.5065
108.7944,0.6166,2.6624
108.7946,0.5042,2.1772
108.7948,0.478,2.061
108.7950,0.5361,2.3128
108.7952,0.5012,2.1633
108.7954,0.4717,2.036
108.7956,0.4696,2.0285
108.7958,0.4718,2.0384
108.7960,0.4734,2.0432
108.7962,0.4668,2.0138
108.7964,0.4685,2.022
108.7966,0.4898,2.1131
108.7968,0.4793,2.0686
108.7970,0.506,2.1819
108.7972,0.6024,2.5952
108.7974,0.5963,2.5689
108.7976,0.5696,2.4526
108.7978,0.6213,2.6726
108.7980,0.6886,2.9625
108.7982,0.695,2.9926
108.7984,0.6912,2.972
108.7986,0.6974,3.0016
108.7988,0.702,3.0212
108.7990,0.6324,2.7244
108.7992,0.5971,2.5713
108.7994,0.6557,2.822
108.7996,0.6709,2.8875
108.7998,0.6783,2.9195
108.8000,0.6408,2.7567
108.8002,0.7142,3.0724
108.8004,0.6769,2.916
108.8006,0.606,2.6107
108.8008,0.5987,2.5792
108.8010,0.6254,2.6932
108.8012,0.6301,2.7121
108.8014,0.6184,2.6652
108.8016,0.6052,2.6059
108.8018,0.5999,2.5832
108.8020,0.6288,2.7127
108.8022,0.5093,2.1979
108.8024,0.4842,2.0907
108.8026,0.4819,2.079
108.8028,0.4832,2.0837
108.8030,0.4967,2.1416
108.8032,0.5796,2.4983
108.8034,0.5841,2.515
108.8036,0.5705,2.4601
108.8038,0.503,2.172
108.8040,0.4876,2.1043
108.8042,0.4865,2.0986
108.8044,0.4888,2.1075
108.8046,0.4885,2.1065
108.8048,0.4977,2.1433
108.8050,0.582,2.5098
108.8052,0.5186,2.2373
108.8054,0.4703,2.0279
108.8056,0.4673,2.0177
108.8058,0.4699,2.0291
108.8060,0.4611,1.989
108.8062,0.4614,1.9905
108.8064,0.4696,2.0257
108.8066,0.4778,2.0614
108.8068,0.5234,2.2548
108.8070,0.572,2.4595
108.8072,0.676,2.9043
108.8074,0.7657,3.2927
108.8076,0.7349,3.1602
108.8078,0.7208,3.095
108.8080,0.75,3.2251
108.8082,0.7265,3.1212
108.8084,0.7368,3.164
108.8086,0.7518,3.2269
108.8088,0.8389,3.5955
108.8090,0.9,3.863
108.8092,0.7966,3.43
108.8094,0.6651,2.8614
108.8096,0.736,3.1589
108.8098,0.8451,3.6239
108.8100,0.8932,3.8283
108.8102,0.8629,3.7
108.8104,0.8756,3.7527
108.8106,0.9297,3.9882
108.8108,0.9412,4.0376
108.8110,0.8934,3.8311
108.8112,0.8836,3.7925
108.8114,0.8816,3.7837
108.8116,0.8918,3.8221
108.8118,0.902,3.8676
108.8120,0.9175,3.9363
108.8122,0.899,3.8583
108.8124,0.88,3.7717
108.8126,0.8794,3.7745
108.8128,0.8803,3.7798
108.8130,0.8933,3.8324
108.8132,0.9112,3.909
108.8134,0.8807,3.7819
108.8136,0.8183,3.5169
108.8138,0.8481,3.6418
108.8140,0.8534,3.6662
108.8142,0.8311,3.572
108.8144,0.8213,3.5314
108.8146,0.7876,3.3818
108.8148,0.7966,3.4188
108.8150,0.8397,3.6024
108.8152,0.8693,3.7295
108.8154,0.8855,3.8078
108.8156,0.7518,3.2329
108.8158,0.7418,3.1911
108.8160,0.7535,3.2386
108.8162,0.7817,3.3644
108.8164,0.6475,2.7882
108.8166,0.6336,2.7296
108.8168,0.6668,2.8713
108.8170,0.7,3.0115
108.8172,0.749,3.222
108.8174,0.7601,3.27
108.8176,0.737,3.1719
108.8178,0.635,2.7358
108.8180,0.6392,2.7526
108.8182,0.6389,2.7548
108.8184,0.5879,2.5339
108.8186,0.5838,2.5163
108.8188,0.6013,2.5906
108.8190,0.6563,2.8246
108.8192,0.7264,3.1221
108.8194,0.7416,3.1891
108.8196,0.7103,3.0602
108.8198,0.6023,2.5971
108.8200,0.5955,2.5677
108.8202,0.5786,2.4924
108.8204,0.6524,2.8067
108.8206,0.7002,3.0149
108.8208,0.7078,3.0493
108.8210,0.6142,2.6483
108.8212,0.5772,2.4891
108.8214,0.5828,2.5105
108.8216,0.589,2.5386
108.8218,0.6048,2.6104
108.8220,0.4909,2.1188
108.8222,0.4974,2.1477
108.8224,0.5036,2.1656
108.8226,0.6876,2.9593
108.8228,0.638,2.7512
108.8230,0.5468,2.3577
108.8232,0.5264,2.2709
108.8234,0.5265,2.2725
108.8236,0.5272,2.2756
108.8238,0.5229,2.2549
108.8240,0.5226,2.2533
108.8242,0.5247,2.2637
108.8244,0.5264,2.2698
108.8246,0.5324,2.2936
108.8248,0.537,2.3153
108.8250,0.5287,2.2807
108.8252,0.5293,2.2823
108.8254,0.5265,2.2704
108.8256,0.5286,2.2792
108.8258,0.5497,2.368
108.8260,0.6043,2.6035
108.8262,0.5964,2.5718
108.8264,0.5353,2.3092
108.8266,0.5294,2.2828
108.8268,0.5272,2.2724
108.8270,0.5253,2.2652
108.8272,0.5236,2.258
108.8274,0.5843,2.5161
108.8276,0.6063,2.6142
108.8278,0.5242,2.2595
108.8280,0.5373,2.3147
108.8282,0.5435,2.3427
108.8284,0.5408,2.3308
108.8286,0.5362,2.3101
108.8288,0.5154,2.2233
108.8290,0.5093,2.1959
108.8292,0.5608,2.4138
108.8294,0.6216,2.6754
108.8296,0.6407,2.7575
108.8298,0.6386,2.7474
108.8300,0.6994,3.0076
108.8302,0.7046,3.0297
108.8304,0.6691,2.8798
108.8306,0.6641,2.8555
108.8308,0.7288,3.131
108.8310,0.7655,3.2871
108.8312,0.7615,3.2731
108.8314,0.7967,3.4225
108.8316,0.7841,3.3669
108.8318,0.774,3.3252
108.8320,0.7677,3.3009
108.8322,0.7445,3.2014
108.8324,0.7075,3.0407
108.8326,0.7464,3.2082
108.8328,0.7346,3.1586
108.8330,0.7234,3.1107
108.8332,0.6916,2.9768
108.8334,0.6087,2.6245
108.8336,0.5789,2.4963
108.8338,0.5727,2.4671
108.8340,0.5913,2.5472
108.8342,0.5895,2.5395
108.8344,0.5907,2.5423
108.8346,0.6663,2.8652
108.8348,0.6729,2.8963
108.8350,0.6295,2.712
108.8352,0.5677,2.4488
108.8354,0.5022,2.1674
108.8356,0.4901,2.1132
108.8358,0.4931,2.1271
108.8360,0.4859,2.0961
108.8362,0.4835,2.0838
108.8364,0.5208,2.2455
108.8366,0.49,2.1127
108.8368,0.4911,2.1188
108.8370,0.5084,2.1933
108.8372,0.5192,2.2399
108.8374,0.5147,2.2181
108.8376,0.5324,2.2925
108.8378,0.6275,2.6982
108.8380,0.6774,2.914
108.8382,0.6239,2.684
108.8384,0.7235,3.1083
108.8386,0.7125,3.0623
108.8388,0.7102,3.0568
108.8390,0.6759,2.9146
108.8392,0.5404,2.3293
108.8394,0.5515,2.3746
108.8396,0.6233,2.6839
108.8398,0.6268,2.7001
108.8400,0.6099,2.6236
108.8402,0.6283,2.7043
108.8404,0.6571,2.8282
108.8406,0.6094,2.624
108.8408,0.5671,2.4395
108.8410,0.6583,2.8347
108.8412,0.6656,2.8582
108.8414,0.7565,3.2515
108.8416,0.7084,3.0462
108.8418,0.728,3.1303
108.8420,0.7614,3.2726
108.8422,0.7287,3.1334
108.8424,0.7416,3.1816
108.8426,0.909,3.9016
108.8428,0.8356,3.5883
108.8430,0.8197,3.5182
108.8432,0.8436,3.6189
108.8434,0.8456,3.6327
108.8436,0.8481,3.6367
108.8438,0.9042,3.8792
108.8440,0.8336,3.5745
108.8442,0.9166,3.9322
108.8444,0.8952,3.8424
108.8446,0.8722,3.7349
108.8448,0.9336,4.0052
108.8450,0.9114,3.91
108.8452,0.9074,3.8944
108.8454,0.8568,3.6806
108.8456,0.7943,3.4154
108.8458,0.7761,3.3339
108.8460,0.7806,3.3519
108.8462,0.746,3.2091
108.8464,0.677,2.9166
108.8466,0.6599,2.84
108.8468,0.7307,3.1392
108.8470,0.7389,3.1787
108.8472,0.7675,3.2989
108.8474,0.7825,3.3617
108.8476,0.7781,3.3411
108.8478,0.8306,3.565
108.8480,0.8574,3.6849
108.8482,0.7277,3.1322
108.8484,0.7075,3.0449
108.8486,0.687,2.9553
108.8488,0.6937,2.9842
108.8490,0.7011,3.0162
108.8492,0.716,3.0801
108.8494,0.7311,3.1378
108.8496,0.8096,3.4798
108.8498,0.7115,3.0611
108.8500,0.7443,3.2049
108.8502,0.7129,3.0667
108.8504,0.7103,3.0545
108.8506,0.7238,3.1122
108.8508,0.7743,3.3247
108.8510,0.8232,3.5314
108.8512,0.8488,3.6483
108.8514,0.831,3.5682
108.8516,0.8327,3.5821
108.8518,0.7172,3.0896
108.8520,0.6849,2.9465
108.8522,0.7285,3.1294
108.8524,0.7873,3.3824
108.8526,0.8042,3.4566
108.8528,0.7826,3.3654
108.8530,0.792,3.404
108.8532,0.8156,3.5023
108.8534,0.9041,3.8787
108.8536,0.8981,3.8619
108.8538,0.7238,3.1137
108.8540,0.7261,3.1191
108.8542,0.7897,3.3942
108.8544,0.8195,3.5237
108.8546,0.741,3.1894
108.8548,0.7255,3.1223
108.8550,0.7366,3.1674
108.8552,0.6709,2.8915
108.8554,0.5983,2.5777
108.8556,0.6448,2.7802
108.8558,0.6168,2.6548
108.8560,0.7042,3.0324
108.8562,0.6298,2.7181
108.8564,0.5367,2.3175
108.8566,0.503,2.17
108.8568,0.5298,2.2833
108.8570,0.5561,2.3981
108.8572,0.5566,2.399
108.8574,0.5565,2.3985
108.8576,0.5567,2.3995
108.8578,0.5787,2.4941
108.8580,0.6313,2.721
108.8582,0.6554,2.8223
108.8584,0.6593,2.8388
108.8586,0.6584,2.8365
108.8588,0.5798,2.5011
108.8590,0.5069,2.1846
108.8592,0.5372,2.3164
108.8594,0.5066,2.1855
108.8596,0.529,2.2802
108.8598,0.5674,2.4467
108.8600,0.5844,2.5201
108.8602,0.571,2.4622
108.8604,0.5289,2.2828
108.8606,0.4632,2.0001
108.8608,0.4567,1.9713
108.8610,0.4564,1.9688
108.8612,0.4724,2.0353
108.8614,0.5873,2.5372
108.8616,0.4812,2.0778
108.8618,0.4595,1.9823
108.8620,0.4577,1.9763
108.8622,0.4583,1.9771
108.8624,0.4569,1.9709
108.8626,0.4585,1.9799
108.8628,0.4555,1.967
108.8630,0.4525,1.9541
108.8632,0.4469,1.9288
108.8634,0.4714,2.0344
108.8636,0.4962,2.1405
108.8638,0.4493,1.9383
108.8640,0.4416,1.9061
108.8642,0.4499,1.9418
108.8644,0.4467,1.9269
108.8646,0.4635,1.9984
108.8648,0.5143,2.2176
108.8650,0.5522,2.3788
108.8652,0.5853,2.5202
108.8654,0.5618,2.4201
108.8656,0.5776,2.4895
108.8658,0.5099,2.1975
108.8660,0.4503,1.9424
108.8662,0.447,1.9293
108.8664,0.4473,1.9295
108.8666,0.4479,1.9321
108.8668,0.4451,1.922
108.8670,0.4673,2.0177
108.8672,0.4501,1.9419
108.8674,0.4306,1.8567
108.8676,0.4318,1.8619
108.8678,0.4437,1.9122
108.8680,0.4957,2.1385
108.8682,0.4935,2.1272
108.8684,0.5254,2.2668
108.8686,0.4765,2.0567
108.8688,0.4999,2.1556
108.8690,0.4837,2.0848
108.8692,0.4876,2.1004
108.8694,0.5661,2.4376
108.8696,0.5908,2.544
108.8698,0.5884,2.5336
108.8700,0.5885,2.533
108.8702,0.5994,2.5811
108.8704,0.5969,2.5715
108.8706,0.5956,2.5622
108.8708,0.6274,2.6964
108.8710,0.7023,3.0143
108.8712,0.7753,3.3324
108.8714,0.7028,3.0192
108.8716,0.7278,3.1239
108.8718,0.7926,3.3987
108.8720,0.8445,3.6314
108.8722,0.7434,3.1968
108.8724,0.697,2.9931
108.8726,0.7114,3.0577
108.8728,0.6783,2.9155
108.8730,0.7167,3.0789
108.8732,0.7009,3.0151
108.8734,0.6205,2.6732
108.8736,0.5654,2.4379
108.8738,0.5692,2.4522
108.8740,0.5824,2.5078
108.8742,0.5533,2.3823
108.8744,0.5999,2.5784
108.8746,0.7696,3.303
108.8748,0.7991,3.4296
108.8750,0.7939,3.4075
108.8752,0.7737,3.3236
108.8754,0.8183,3.5103
108.8756,0.903,3.865
108.8758,0.957,4.0979
108.8760,0.9969,4.2728
108.8762,0.9481,4.0599
108.8764,0.9221,3.9466
108.8766,0.9793,4.1992
108.8768,0.9163,3.933
108.8770,0.8848,3.7941
108.8772,0.9184,3.9344
108.8774,0.9381,4.0224
108.8776,0.9364,4.0039
108.8778,1.0173,4.3663
108.8780,0.8508,3.6515
108.8782,0.8685,3.7241
108.8784,0.9084,3.8917
108.8786,0.9667,4.1472
108.8788,0.8964,3.8493
108.8790,0.7849,3.372
108.8792,0.7671,3.2938
108.8794,0.7731,3.3257
108.8796,0.7326,3.1504
108.8798,0.7708,3.3113
108.8800,0.8068,3.4642
108.8802,0.824,3.535
108.8804,0.9112,3.909
108.8806,0.874,3.753
108.8808,0.8157,3.5044
108.8810,0.7773,3.336
108.8812,0.8443,3.627
108.8814,0.7956,3.4179
108.8816,0.8058,3.4585
108.8818,0.8925,3.8359
108.8820,0.85,3.645
108.8822,0.9156,3.9262
108.8824,0.9035,3.8779
108.8826,0.9051,3.8846
108.8828,0.8752,3.7599
108.8830,0.8274,3.5544
108.8832,0.7856,3.3814
108.8834,0.7106,3.0555
108.8836,0.7461,3.2081
108.8838,0.788,3.3839
108.8840,0.8108,3.4849
108.8842,0.7994,3.4392
108.8844,0.7619,3.2731
108.8846,0.8145,3.5009
108.8848,0.7968,3.4262
108.8850,0.7844,3.3731
108.8852,0.7797,3.3494
108.8854,0.7721,3.3231
108.8856,0.7438,3.1998
108.8858,0.7493,3.2206
108.8860,0.8106,3.4855
108.8862,0.7737,3.3298
108.8864,0.7603,3.268
108.8866,0.8059,3.4622
108.8868,0.8181,3.5164
108.8870,0.7733,3.3267
108.8872,0.7288,3.1383
108.8874,0.683,2.9383
108.8876,0.6886,2.968
108.8878,0.6798,2.9298
108.8880,0.6699,2.8874
108.8882,0.5931,2.555
108.8884,0.5774,2.4907
108.8886,0.5781,2.4927
108.8888,0.5932,2.5543
108.8890,0.6348,2.7309
108.8892,0.7115,3.0625
108.8894,0.7396,3.1862
108.8896,0.6576,2.8329
108.8898,0.6478,2.7866
108.8900,0.7065,3.0366
108.8902,0.7511,3.2313
108.8904,0.7511,3.2313
108.8906,0.752,3.2334
108.8908,0.7689,3.3015
108.8910,0.8251,3.5479
108.8912,0.7958,3.4253
108.8914,0.7889,3.3906
108.8916,0.7514,3.2338
108.8918,0.7672,3.2943
108.8920,0.798,3.4346
108.8922,0.7113,3.0614
108.8924,0.7167,3.0847
108.8926,0.6946,2.9883
108.8928,0.7413,3.189
108.8930,0.7073,3.0472
108.8932,0.6841,2.9457
108.8934,0.6606,2.8392
108.8936,0.6978,3.0059
108.8938,0.6305,2.7186
108.8940,0.5541,2.3882
108.8942,0.5546,2.3947
108.8944,0.5401,2.331
108.8946,0.5597,2.4147
108.8948,0.5512,2.3769
108.8950,0.5359,2.3128
108.8952,0.5549,2.394
108.8954,0.5425,2.338
108.8956,0.5804,2.5014
108.8958,0.6157,2.6538
108.8960,0.5913,2.5508
108.8962,0.5322,2.2968
108.8964,0.525,2.2647
108.8966,0.565,2.4375
108.8968,0.5445,2.3479
108.8970,0.5203,2.2445
108.8972,0.5235,2.2595
108.8974,0.5258,2.2662
108.8976,0.5304,2.288
108.8978,0.5278,2.2771
108.8980,0.5461,2.3525
108.8982,0.625,2.6874
108.8984,0.7457,3.2021
108.8986,0.8004,3.4401
108.8988,0.7398,3.1858
108.8990,0.5976,2.5758
108.8992,0.5977,2.5775
108.8994,0.6054,2.6118
108.8996,0.5355,2.3081
108.8998,0.5552,2.3906
108.9000,0.6101,2.6271
108.9002,0.6313,2.7185
108.9004,0.6259,2.6927
108.9006,0.6698,2.8842
108.9008,0.6679,2.8746
108.9010,0.6495,2.8009
108.9012,0.5808,2.5034
108.9014,0.576,2.4828
108.9016,0.5831,2.5121
108.9018,0.6235,2.6824
108.9020,0.6699,2.8807
108.9022,0.6927,2.9801
108.9024,0.6914,2.9772
108.9026,0.657,2.8316
108.9028,0.5985,2.5806
108.9030,0.5082,2.1923
108.9032,0.5022,2.1674
108.9034,0.4969,2.1436
108.9036,0.5017,2.1633
108.9038,0.483,2.0836
108.9040,0.4858,2.0946
108.9042,0.5343,2.3008
108.9044,0.5992,2.5813
108.9046,0.6025,2.5958
108.9048,0.6395,2.7498
108.9050,0.7101,3.0563
108.9052,0.5788,2.4981
108.9054,0.4934,2.1277
108.9056,0.5447,2.3424
108.9058,0.6934,2.9859
108.9060,0.6328,2.7272
108.9062,0.5039,2.1757
108.9064,0.4681,2.0195
108.9066,0.4834,2.0833
108.9068,0.5076,2.1887
108.9070,0.5663,2.4386
108.9072,0.5733,2.4697
108.9074,0.5516,2.3773
108.9076,0.5623,2.4222
108.9078,0.6365,2.7343
108.9080,0.7227,3.109
108.9082,0.696,2.994
108.9084,0.7043,3.0273
108.9086,0.763,3.2778
108.9088,0.7972,3.423
108.9090,0.7798,3.353
108.9092,0.7657,3.2881
108.9094,0.8669,3.7192
108.9096,0.9087,3.8946
108.9098,0.9101,3.9044
108.9100,0.9335,4.0028
108.9102,0.9253,3.9642
108.9104,0.9359,4.0112
108.9106,0.9228,3.9571
108.9108,0.8999,3.8571
108.9110,0.9467,4.0651
108.9112,0.8757,3.7567
108.9114,0.9391,4.0195
108.9116,0.9636,4.1261
108.9118,0.961,4.1206
108.9120,0.9439,4.0438
108.9122,0.9931,4.2584
108.9124,1.0171,4.3632
108.9126,0.9508,4.0788
108.9128,0.8834,3.7932
108.9130,0.9353,4.0068
108.9132,1.034,4.4234
108.9134,1.1048,4.7287
108.9136,1.1294,4.8339
108.9138,1.0375,4.4445
108.9140,0.9926,4.2563
108.9142,0.9938,4.2615
108.9144,1.0112,4.334
108.9146,1.0565,4.5198
108.9148,1.092,4.6716
108.9150,1.0329,4.4311
108.9152,0.948,4.0726
108.9154,0.8933,3.8359
108.9156,0.9337,4.0057
108.9158,0.9655,4.1459
108.9160,0.9024,3.8751
108.9162,0.921,3.9549
108.9164,0.8728,3.7531
108.9166,0.7968,3.4278
108.9168,0.8234,3.5374
108.9170,0.8885,3.8118
108.9172,1.0028,4.3
108.9174,0.9714,4.177
108.9176,0.8226,3.5338
108.9178,0.8421,3.6211
108.9180,0.7696,3.3138
108.9182,0.7326,3.1504
108.9184,0.7572,3.2637
108.9186,0.6967,2.9999
108.9188,0.6862,2.9563
108.9190,0.6832,2.9448
108.9192,0.668,2.8765
108.9194,0.6566,2.8287
108.9196,0.6645,2.8628
108.9198,0.674,2.9023
108.9200,0.683,2.9424
108.9202,0.6805,2.9302
108.9204,0.6396,2.7592
108.9206,0.6235,2.6874
108.9208,0.6216,2.6791
108.9210,0.587,2.5321
108.9212,0.5849,2.5222
108.9214,0.5937,2.5611
108.9216,0.5962,2.572
108.9218,0.6257,2.6955
108.9220,0.6916,2.9768
108.9222,0.6943,2.9896
108.9224,0.5882,2.5373
108.9226,0.5209,2.2471
108.9228,0.5641,2.4333
108.9230,0.5659,2.4388
108.9232,0.5651,2.438
108.9234,0.5578,2.4087
108.9236,0.5563,2.4008
108.9238,0.5473,2.3598
108.9240,0.5403,2.3309
108.9242,0.5843,2.5196
108.9244,0.5734,2.4714
108.9246,0.5618,2.4201
108.9248,0.5789,2.4986
108.9250,0.5125,2.2119
108.9252,0.5403,2.3309
108.9254,0.5537,2.3877
108.9256,0.5348,2.3092
108.9258,0.4711,2.0353
108.9260,0.4415,1.9064
108.9262,0.4374,1.8897
108.9264,0.4379,1.8918
108.9266,0.4365,1.8856
108.9268,0.4471,1.9317
108.9270,0.4413,1.9054
108.9272,0.4365,1.8847
108.9274,0.4317,1.864
108.9276,0.4515,1.9494
108.9278,0.5167,2.229
108.9280,0.4867,2.1016
108.9282,0.4362,1.8845
108.9284,0.4313,1.865
108.9286,0.433,1.8697
108.9288,0.4447,1.9195
108.9290,0.4726,2.0405
108.9292,0.4557,1.9675
108.9294,0.4834,2.0833
108.9296,0.5693,2.4515
108.9298,0.5705,2.4578
108.9300,0.5717,2.4607
108.9302,0.609,2.6237
108.9304,0.6625,2.8541
108.9306,0.618,2.6624
108.9308,0.5819,2.5081
108.9310,0.6123,2.6339
108.9312,0.6647,2.858
108.9314,0.7035,3.0223
108.9316,0.736,3.1678
108.9318,0.7033,3.0283
108.9320,0.7223,3.1032
108.9322,0.8462,3.6302
108.9324,0.8467,3.6441
108.9326,0.6551,2.822
108.9328,0.6597,2.8369
108.9330,0.7147,3.0716
108.9332,0.7172,3.0853
108.9334,0.6545,2.8234
108.9336,0.5492,2.3659
108.9338,0.5651,2.4369
108.9340,0.5507,2.3759
108.9342,0.5157,2.2249
108.9344,0.5137,2.213
108.9346,0.5488,2.3643
108.9348,0.5858,2.5234
108.9350,0.6466,2.7841
108.9352,0.5962,2.5708
108.9354,0.5441,2.3453
108.9356,0.5758,2.4852
108.9358,0.5061,2.1825
108.9360,0.4877,2.1038
108.9362,0.4876,2.1033
108.9364,0.523,2.2543
108.9366,0.5013,2.1628
108.9368,0.5356,2.3054
108.9370,0.6281,2.7033
108.9372,0.6316,2.7182
108.9374,0.666,2.861
108.9376,0.7268,3.1222
108.9378,0.7366,3.1674
108.9380,0.6969,2.9967
108.9382,0.6651,2.8641
108.9384,0.6341,2.7367
108.9386,0.4999,2.1566
108.9388,0.4715,2.033
108.9390,0.4838,2.0873
108.9392,0.4874,2.1028
108.9394,0.5246,2.2579
108.9396,0.5824,2.5032
108.9398,0.6254,2.6907
108.9400,0.7039,3.0266
108.9402,0.7659,3.2886
108.9404,0.7601,3.2654
108.9406,0.7889,3.3922
108.9408,0.7394,3.1763
108.9410,0.7262,3.1211
108.9412,0.7151,3.0737
108.9414,0.7674,3.2984
108.9416,0.7593,3.2633
108.9418,0.7396,3.1744
108.9420,0.8036,3.4492
108.9422,0.7993,3.4307
108.9424,0.8693,3.726
108.9426,0.9156,3.9299
108.9428,0.8822,3.781
108.9430,0.9171,3.9324
108.9432,0.9273,3.9742
108.9434,0.9256,3.9689
108.9436,0.9029,3.8735
108.9438,0.8937,3.8357
108.9440,0.8516,3.6534
108.9442,0.8886,3.8123
108.9444,0.8932,3.8336
108.9446,0.8511,3.6547
108.9448,0.8364,3.5981
108.9450,0.7816,3.3592
108.9452,0.7779,3.3401
108.9454,0.7924,3.4072
108.9456,0.7557,3.2464
108.9458,0.8275,3.5533
108.9460,0.824,3.5383
108.9462,0.8277,3.551
108.9464,0.8896,3.8218
108.9466,0.844,3.6209
108.9468,0.8999,3.8643
108.9470,0.8641,3.7103
108.9472,0.8385,3.6023
108.9474,0.8491,3.6459
108.9476,0.8343,3.5843
108.9478,0.8156,3.5007
108.9480,0.8391,3.6066
108.9482,0.8076,3.4726
108.9484,0.79,3.3953
108.9486,0.7985,3.4303
108.9488,0.7785,3.3442
108.9490,0.8231,3.5326
108.9492,0.8619,3.7028
108.9494,0.8702,3.7366
108.9496,0.8594,3.6902
108.9498,0.8446,3.6303
108.9500,0.8362,3.5925
108.9502,0.8434,3.6201
108.9504,0.8511,3.653
108.9506,0.8157,3.5061
108.9508,0.8066,3.4653
108.9510,0.8428,3.6225
108.9512,0.8418,3.6179
108.9514,0.8274,3.5544
108.9516,0.8045,3.4592
108.9518,0.8221,3.5334
108.9520,0.7705,3.3118
108.9522,0.8083,3.4725
108.9524,0.837,3.599
108.9526,0.7861,3.3835
108.9528,0.6798,2.9312
108.9530,0.6037,2.6021
108.9532,0.5909,2.5457
108.9534,0.6233,2.6839
108.9536,0.6488,2.7939
108.9538,0.6535,2.8153
108.9540,0.635,2.7358
108.9542,0.6308,2.7202
108.9544,0.6307,2.7184
108.9546,0.637,2.744
108.9548,0.6352,2.7312
108.9550,0.712,3.0645
108.9552,0.6837,2.9455
108.9554,0.6346,2.7324
108.9556,0.6299,2.7123
108.9558,0.6313,2.7197
108.9560,0.6337,2.7313
108.9562,0.633,2.727
108.9564,0.6341,2.7291
108.9566,0.6314,2.719
108.9568,0.6269,2.7019
108.9570,0.6302,2.7151
108.9572,0.6482,2.7926
108.9574,0.6542,2.8184
108.9576,0.6469,2.7895
108.9578,0.5925,2.5512
108.9580,0.6494,2.7925
108.9582,0.7708,3.3097
108.9584,0.7514,3.2398
108.9586,0.5626,2.4271
108.9588,0.5487,2.366
108.9590,0.5341,2.3029
108.9592,0.5774,2.4896
108.9594,0.6061,2.6125
108.9596,0.625,2.6911
108.9598,0.6288,2.7076
108.9600,0.64,2.7557
108.9602,0.6388,2.7518
108.9604,0.6353,2.7381
108.9606,0.5702,2.4597
108.9608,0.5301,2.2891
108.9610,0.521,2.2487
108.9612,0.5234,2.2569
108.9614,0.5229,2.2538
108.9616,0.5298,2.2854
108.9618,0.5266,2.2719
108.9620,0.5232,2.2569
108.9622,0.5587,2.4056
108.9624,0.6108,2.6314
108.9626,0.623,2.6866
108.9628,0.5495,2.3696
108.9630,0.5352,2.3076
108.9632,0.5372,2.3175
108.9634,0.537,2.3143
108.9636,0.5371,2.3159
108.9638,0.5426,2.3396
108.9640,0.5582,2.4057
108.9642,0.6017,2.5921
108.9644,0.6563,2.8232
108.9646,0.663,2.8521
108.9648,0.6101,2.6307
108.9650,0.5663,2.442
108.9652,0.6153,2.6431
108.9654,0.6825,2.939
108.9656,0.6052,2.6095
108.9658,0.5663,2.442
108.9660,0.5506,2.3721
108.9662,0.5606,2.4127
108.9664,0.6154,2.6486
108.9666,0.6776,2.9124
108.9668,0.7113,3.06
108.9670,0.6217,2.6797
108.9672,0.4846,2.0933
108.9674,0.3992,1.726
108.9676,0.3818,1.6501
108.9678,0.3765,1.6235
108.9680,0.4896,2.1121
108.9682,0.5035,2.1701
108.9684,0.5156,2.2243
108.9686,0.4963,2.1381
108.9688,0.5163,2.2243
108.9690,0.5956,2.5646
108.9692,0.6157,2.6563
108.9694,0.5437,2.3421
108.9696,0.5751,2.4717
108.9698,0.7174,3.0849
108.9700,0.738,3.1721
108.9702,0.7389,3.1742
108.9704,0.7187,3.0934
108.9706,0.6878,2.9617
108.9708,0.6918,2.9759
108.9710,0.7163,3.0803
108.9712,0.7238,3.1093
108.9714,0.7487,3.218
108.9716,0.7753,3.337
108.9718,0.6943,2.9868
108.9720,0.6864,2.9527
108.9722,0.6892,2.9637
108.9724,0.6967,2.9971
108.9726,0.724,3.1147
108.9728,0.7573,3.2521
108.9730,0.8373,3.5905
108.9732,0.8817,3.7825
108.9734,0.8285,3.559
108.9736,0.7462,3.2057
108.9738,0.7366,3.1674
108.9740,0.7171,3.0834
108.9742,0.7609,3.2705
108.9744,0.754,3.2391
108.9746,0.774,3.3267
108.9748,0.7955,3.4158
108.9750,0.875,3.7502
108.9752,0.9932,4.249
108.9754,1.0546,4.52
108.9756,1.0036,4.3036
108.9758,1.0343,4.429
108.9760,1.059,4.5306
108.9762,1.0369,4.446
108.9764,0.8973,3.8529
108.9766,0.8972,3.847
108.9768,0.9088,3.9042
108.9770,0.8775,3.7697
108.9772,0.9101,3.9026
108.9774,0.911,3.908
108.9776,0.8892,3.8167
108.9778,0.8259,3.5482
108.9780,0.7904,3.3957
108.9782,0.8147,3.4998
108.9784,0.8563,3.6751
108.9786,0.8927,3.8334
108.9788,0.8608,3.6998
108.9790,0.841,3.6081
108.9792,0.8817,3.7842
108.9794,0.9144,3.9247
108.9796,0.9126,3.917
108.9798,0.8821,3.7911
108.9800,0.8015,3.4463
108.9802,0.8174,3.5133
108.9804,0.8592,3.6875
108.9806,0.8954,3.8501
108.9808,0.7843,3.3726
108.9810,0.7155,3.0795
108.9812,0.7057,3.0372
108.9814,0.7503,3.2277
108.9816,0.7404,3.1913
108.9818,0.636,2.7373
108.9820,0.7069,3.0395
108.9822,0.7811,3.3587
108.9824,0.7789,3.3478
108.9826,0.732,3.1507
108.9828,0.6497,2.7988
108.9830,0.6118,2.6392
108.9832,0.6031,2.5971
108.9834,0.6854,2.9513
108.9836,0.6876,2.9606
108.9838,0.7035,3.0265
108.9840,0.7121,3.0636
108.9842,0.7611,3.2726
108.9844,0.756,3.2539
108.9846,0.7179,3.087
108.9848,0.7414,3.191
108.9850,0.7033,3.0297
108.9852,0.6784,2.92
108.9854,0.6769,2.9133
108.9856,0.6595,2.8425
108.9858,0.6058,2.6109
108.9860,0.6001,2.5854
108.9862,0.5653,2.4419
108.9864,0.4852,2.0949
108.9866,0.5212,2.2487
108.9868,0.5629,2.4259
108.9870,0.5554,2.395
108.9872,0.5451,2.3516
108.9874,0.529,2.2823
108.9876,0.524,2.2606
108.9878,0.5292,2.2839
108.9880,0.5343,2.305
108.9882,0.5576,2.4043
108.9884,0.5473,2.3598
108.9886,0.5756,2.4795
108.9888,0.6427,2.7662
108.9890,0.6623,2.849
108.9892,0.6748,2.9032
108.9894,0.6852,2.9503
108.9896,0.702,3.0212
108.9898,0.6886,2.9667
108.9900,0.6848,2.9488
108.9902,0.6717,2.8938
108.9904,0.6714,2.8896
108.9906,0.6356,2.7383
108.9908,0.5699,2.4587
108.9910,0.5545,2.3886
108.9912,0.6479,2.7884
108.9914,0.6818,2.9345
108.9916,0.6632,2.8585
108.9918,0.5679,2.4487
108.9920,0.5425,2.338
108.9922,0.5985,2.5734
108.9924,0.6715,2.8874
108.9926,0.7274,3.1291
108.9928,0.7141,3.0762
108.9930,0.6004,2.5877
108.9932,0.6382,2.7492
108.9934,0.6183,2.6647
108.9936,0.5545,2.3919
108.9938,0.4537,1.9583
108.9940,0.4428,1.9121
108.9942,0.436,1.8835
108.9944,0.4289,1.8529
108.9946,0.4271,1.8451
108.9948,0.4287,1.851
108.9950,0.4547,1.9625
108.9952,0.5089,2.1933
108.9954,0.5302,2.2864
108.9956,0.4711,2.0334
108.9958,0.4328,1.8695
108.9960,0.4332,1.8681
108.9962,0.4344,1.8767
108.9964,0.4323,1.8674
108.9966,0.4304,1.8583
108.9968,0.4271,1.8426
108.9970,0.4607,1.9874
108.9972,0.5131,2.2125
108.9974,0.521,2.2445
108.9976,0.5718,2.4612
108.9978,0.6216,2.6754
108.9980,0.6518,2.8055
108.9982,0.6153,2.653
108.9984,0.5388,2.3231
108.9986,0.4974,2.1457
108.9988,0.4911,2.1198
108.9990,0.4958,2.136
108.9992,0.5814,2.5037
108.9994,0.5247,2.2595
108.9996,0.5336,2.2998
108.9998,0.494,2.1322
109.0000,0.5123,2.2078
109.0002,0.5392,2.3252
109.0004,0.5554,2.3916
109.0006,0.5796,2.4936
109.0008,0.6054,2.607
109.0010,0.579,2.4968
109.0012,0.5135,2.213
109.0014,0.4901,2.1142
109.0016,0.4939,2.1307
109.0018,0.5045,2.1742
109.0020,0.527,2.2724
109.0022,0.551,2.3692
109.0024,0.6653,2.8566
109.0026,0.7731,3.321
109.0028,0.7661,3.2927
109.0030,0.7378,3.1681
109.0032,0.7155,3.0838
109.0034,0.5292,2.2828
109.0036,0.515,2.2228
109.0038,0.4994,2.1525
109.0040,0.4957,2.1365
109.0042,0.4816,2.0726
109.0044,0.5994,2.5763
109.0046,0.6156,2.6558
109.0048,0.4858,2.0975
109.0050,0.4558,1.9644
109.0052,0.4702,2.0274
109.0054,0.4711,2.0324
109.0056,0.5036,2.1716
109.0058,0.5316,2.2868
109.0060,0.5762,2.4798
109.0062,0.5533,2.3823
109.0064,0.586,2.5221
109.0066,0.6156,2.6459
109.0068,0.721,3.1004
109.0070,0.7069,3.0367
109.0072,0.7522,3.2284
109.0074,0.7823,3.356
109.0076,0.7618,3.2696
109.0078,0.8209,3.5217
109.0080,0.8274,3.5478
109.0082,0.912,3.9017
109.0084,1.0515,4.5004
109.0086,1.0521,4.505
109.0088,1.0424,4.4593
109.0090,1.0536,4.5054
109.0092,1.0432,4.465
109.0094,1.0467,4.4756
109.0096,1.0469,4.485
109.0098,0.9967,4.2658
109.0100,1.0472,4.4819
109.0102,1.037,4.4445
109.0104,0.9558,4.0946
109.0106,0.9216,3.9611
109.0108,0.7768,3.3386
109.0110,0.8121,3.4857
109.0112,0.8016,3.4437
109.0114,0.85,3.6484
109.0116,0.8914,3.8224
109.0118,0.915,3.92
109.0120,0.9664,4.1398
109.0122,0.9449,4.0555
109.0124,0.9036,3.8748
109.0126,0.8933,3.8377
109.0128,0.8982,3.8463
109.0130,1.0683,4.5701
109.0132,1.0598,4.5443
109.0134,0.9818,4.2081
109.0136,1.0227,4.3751
109.0138,1.0476,4.4881
109.0140,0.9746,4.185
109.0142,0.9231,3.9581
109.0144,0.9137,3.9235
109.0146,0.9005,3.8704
109.0148,0.7719,3.319
109.0150,0.7583,3.2622
109.0152,0.7196,3.0999
109.0154,0.6729,2.899
109.0156,0.6674,2.8739
109.0158,0.6691,2.8811
109.0160,0.7099,3.0553
109.0162,0.7281,3.1337
109.0164,0.6805,2.9288
109.0166,0.7149,3.0741
109.0168,0.7649,3.2876
109.0170,0.7627,3.2783
109.0172,0.7559,3.2504
109.0174,0.7782,3.3463
109.0176,0.8227,3.531
109.0178,0.8443,3.627
109.0180,0.8564,3.6859
109.0182,0.7238,3.1151
109.0184,0.7252,3.1199
109.0186,0.7089,3.0511
109.0188,0.6735,2.9002
109.0190,0.7066,3.0427
109.0192,0.7361,3.1653
109.0194,0.7305,3.1455
109.0196,0.6771,2.9157
109.0198,0.6726,2.8948
109.0200,0.7034,3.0232
109.0202,0.7057,3.0428
109.0204,0.6063,2.6154
109.0206,0.5897,2.5393
109.0208,0.6666,2.8636
109.0210,0.8547,3.6736
109.0212,0.8235,3.5396
109.0214,0.7307,3.1465
109.0216,0.6479,2.7897
109.0218,0.6406,2.7582
109.0220,0.6372,2.7463
109.0222,0.636,2.7412
109.0224,0.6317,2.7213
109.0226,0.6545,2.8155
109.0228,0.7258,3.1253
109.0230,0.6834,2.9439
109.0232,0.6593,2.8401
109.0234,0.6051,2.609
109.0236,0.6376,2.7479
109.0238,0.5813,2.5078
109.0240,0.5579,2.4036
109.0242,0.7232,3.1068
109.0244,0.7037,3.0346
109.0246,0.5457,2.3542
109.0248,0.5319,2.2958
109.0250,0.5304,2.2848
109.0252,0.5653,2.4408
109.0254,0.5344,2.3066
109.0256,0.5294,2.2828
109.0258,0.5642,2.4338
109.0260,0.5208,2.2466
109.0262,0.5157,2.2238
109.0264,0.542,2.3381
109.0266,0.5414,2.3356
109.0268,0.5325,2.2962
109.0270,0.5211,2.2481
109.0272,0.5145,2.2207
109.0274,0.5615,2.4191
109.0276,0.6033,2.5989
109.0278,0.581,2.5028
109.0280,0.5667,2.4424
109.0282,0.5697,2.4531
109.0284,0.6457,2.7804
109.0286,0.6576,2.8302
109.0288,0.6731,2.8982
109.0290,0.6602,2.8442
109.0292,0.6801,2.9245
109.0294,0.7088,3.0478
109.0296,0.707,3.0429
109.0298,0.6878,2.9589
109.0300,0.6909,2.9709
109.0302,0.7382,3.1756
109.0304,0.7151,3.0794
109.0306,0.7198,3.0938
109.0308,0.7874,3.3813
109.0310,0.7607,3.2726
109.0312,0.687,2.9608
109.0314,0.6185,2.662
109.0316,0.6461,2.7768
109.0318,0.6449,2.7807
109.0320,0.6,2.5873
109.0322,0.5775,2.4878
109.0324,0.5607,2.4155
109.0326,0.5924,2.553
109.0328,0.5854,2.5196
109.0330,0.6535,2.8114
109.0332,0.6961,2.9945
109.0334,0.6684,2.882
109.0336,0.6466,2.7841
109.0338,0.6312,2.7192
109.0340,0.5891,2.5403
109.0342,0.5728,2.4711
109.0344,0.5298,2.2854
109.0346,0.4933,2.1271
109.0348,0.4958,2.138
109.0350,0.4897,2.1136
109.0352,0.5156,2.2233
109.0354,0.6009,2.5849
109.0356,0.6793,2.9223
109.0358,0.6873,2.9596
109.0360,0.6515,2.8026
109.0362,0.6536,2.8119
109.0364,0.6232,2.6846
109.0366,0.5696,2.4571
109.0368,0.4955,2.1384
109.0370,0.4748,2.0475
109.0372,0.4762,2.0551
109.0374,0.5126,2.2104
109.0376,0.529,2.2823
109.0378,0.4844,2.0879
109.0380,0.5346,2.3018
109.0382,0.5663,2.4386
109.0384,0.5693,2.4527
109.0386,0.5784,2.4908
109.0388,0.5697,2.4565
109.0390,0.5597,2.4091
109.0392,0.6067,2.6126
109.0394,0.5998,2.5827
109.0396,0.6354,2.7373
109.0398,0.6266,2.6933
109.0400,0.6968,2.9962
109.0402,0.7197,3.0918
109.0404,0.7632,3.2834
109.0406,0.7422,3.1901
109.0408,0.8103,3.4699
109.0410,0.9234,3.9633
109.0412,0.8685,3.7259
109.0414,0.8841,3.791
109.0416,0.9138,3.9185
109.0418,0.933,3.997
109.0420,0.9871,4.2327
109.0422,0.9202,3.9513
109.0424,0.8822,3.7828
109.0426,0.9098,3.8974
109.0428,0.9265,3.9767
109.0430,0.8782,3.7676
109.0432,0.893,3.8326
109.0434,0.8891,3.8197
109.0436,0.8295,3.5637
109.0438,0.7916,3.3977
109.0440,0.8285,3.5557
109.0442,0.8829,3.7911
109.0444,0.895,3.8378
109.0446,0.9558,4.1004
109.0448,0.9211,3.9499
109.0450,0.9204,3.9486
109.0452,0.8707,3.7473
109.0454,0.7838,3.3674
109.0456,0.8546,3.6645
109.0458,0.937,4.0159
109.0460,0.8827,3.7954
109.0462,0.7552,3.2488
109.0464,0.7486,3.2175
109.0466,0.8058,3.4649
109.0468,0.7364,3.1678
109.0470,0.7484,3.2224
109.0472,0.7621,3.2757
109.0474,0.7679,3.3066
109.0476,0.662,2.8507
109.0478,0.7137,3.0675
109.0480,0.7811,3.3587
109.0482,0.7937,3.4112
109.0484,0.8023,3.45
109.0486,0.8246,3.5442
109.0488,0.8377,3.6004
109.0490,0.7293,3.1374
109.0492,0.692,2.977
109.0494,0.7296,3.1375
109.0496,0.7589,3.2633
109.0498,0.7247,3.1221
109.0500,0.6021,2.5949
109.0502,0.5865,2.5289
109.0504,0.6414,2.7593
109.0506,0.7318,3.1497
109.0508,0.7124,3.0647
109.0510,0.7323,3.1459
109.0512,0.8082,3.4704
109.0514,0.8117,3.4885
109.0516,0.7807,3.3556
109.0518,0.8225,3.5349
109.0520,0.7992,3.4413
109.0522,0.6919,2.9765
109.0524,0.7228,3.1081
109.0526,0.7232,3.114
109.0528,0.6189,2.6685
109.0530,0.6307,2.7184
109.0532,0.6376,2.7492
109.0534,0.5605,2.4189
109.0536,0.5286,2.2823
109.0538,0.5274,2.2761
109.0540,0.5621,2.4172
109.0542,0.7355,3.1628
109.0544,0.7106,3.0612
109.0546,0.5802,2.5032
109.0548,0.5636,2.4313
109.0550,0.5513,2.3785
109.0552,0.5469,2.3605
109.0554,0.5445,2.3479
109.0556,0.5469,2.3594
109.0558,0.5458,2.3536
109.0560,0.5666,2.4431
109.0562,0.5657,2.4383
109.0564,0.5669,2.448
109.0566,0.5102,2.2031
109.0568,0.5238,2.2595
109.0570,0.5356,2.3118
109.0572,0.465,2.0079
109.0574,0.5137,2.2171
109.0576,0.5364,2.3117
109.0578,0.5438,2.3448
109.0580,0.5252,2.2668
109.0582,0.5571,2.4022
109.0584,0.5763,2.4826
109.0586,0.5615,2.4225
109.0588,0.5662,2.4426
109.0590,0.5432,2.3433
109.0592,0.4764,2.0571
109.0594,0.4682,2.0209
109.0596,0.4675,2.0169
109.0598,0.4969,2.1417
109.0600,0.5518,2.3795
109.0602,0.5492,2.3692
109.0604,0.5511,2.3753
109.0606,0.568,2.4481
109.0608,0.5674,2.4455
109.0610,0.5499,2.3701
109.0612,0.5493,2.3675
109.0614,0.5587,2.4089
109.0616,0.5686,2.4541
109.0618,0.4888,2.1094
109.0620,0.4527,1.9546
109.0622,0.445,1.9214
109.0624,0.4507,1.9445
109.0626,0.4527,1.9537
109.0628,0.4589,1.9806
109.0630,0.4657,2.0082
109.0632,0.4807,2.0709
109.0634,0.6446,2.7745
109.0636,0.6518,2.8068
109.0638,0.5956,2.567
109.0640,0.5685,2.4502
109.0642,0.5793,2.4979
109.0644,0.5581,2.4064
109.0646,0.4885,2.1094
109.0648,0.4366,1.8852
109.0650,0.4202,1.8143
109.0652,0.4464,1.9259
109.0654,0.4835,2.0867
109.0656,0.4746,2.0474
109.0658,0.4694,2.0242
109.0660,0.4856,2.094
109.0662,0.4876,2.1033
109.0664,0.4756,2.0506
109.0666,0.4819,2.0771
109.0668,0.5179,2.2311
109.0670,0.5596,2.4119
109.0672,0.5495,2.3696
109.0674,0.5286,2.2792
109.0676,0.523,2.2512
109.0678,0.5615,2.4191
109.0680,0.6043,2.5975
109.0682,0.696,2.9884
109.0684,0.7415,3.1856
109.0686,0.736,3.1619
109.0688,0.7735,3.3231
109.0690,0.7886,3.3849
109.0692,0.7765,3.336
109.0694,0.734,3.1561
109.0696,0.7342,3.1556
109.0698,0.7042,3.0324
109.0700,0.591,2.545
109.0702,0.5764,2.4832
109.0704,0.5901,2.5397
109.0706,0.7257,3.1219
109.0708,0.6404,2.7552
109.0710,0.5985,2.5758
109.0712,0.6166,2.6513
109.0714,0.709,3.0531
109.0716,0.607,2.6149
109.0718,0.5709,2.4594
109.0720,0.6012,2.5877
109.0722,0.6402,2.7516
109.0724,0.6883,2.961
109.0726,0.6667,2.8681
109.0728,0.7223,3.0974
109.0730,0.7996,3.4349
109.0732,0.7987,3.4313
109.0734,0.7924,3.4024
109.0736,0.7738,3.3257
109.0738,0.7262,3.1167
109.0740,0.8662,3.7144
109.0742,0.8735,3.7527
109.0744,0.7822,3.3571
109.0746,0.8316,3.5674
109.0748,0.8456,3.6276
109.0750,0.8599,3.6906
109.0752,0.8702,3.7366
109.0754,0.7964,3.4183
109.0756,0.8259,3.5466
109.0758,0.8345,3.5815
109.0760,0.8322,3.5684
109.0762,0.8115,3.4848
109.0764,0.8427,3.6203
109.0766,0.83,3.5608
109.0768,0.8395,3.6098
109.0770,0.7241,3.1123
109.0772,0.7704,3.3097
109.0774,0.8651,3.7028
109.0776,0.9705,4.1598
109.0778,0.8749,3.7566
109.0780,0.8241,3.5388
109.0782,0.8839,3.7935
109.0784,0.8639,3.7081
109.0786,0.8491,3.6409
109.0788,0.8432,3.6207
109.0790,0.8185,3.5163
109.0792,0.7719,3.3159
109.0794,0.8303,3.5651
109.0796,0.7936,3.4123
109.0798,0.8161,3.506
109.0800,0.834,3.5777
109.0802,0.8767,3.7644
109.0804,0.8621,3.6986
109.0806,0.8962,3.8483
109.0808,0.7872,3.3834
109.0810,0.7514,3.2308
109.0812,0.754,3.2437
109.0814,0.7511,3.2268
109.0816,0.7816,3.3592
109.0818,0.7699,3.3092
109.0820,0.7806,3.3566
109.0822,0.7053,3.0314
109.0824,0.7499,3.2246
109.0826,0.8139,3.4935
109.0828,0.8155,3.5083
109.0830,0.6987,3.0087
109.0832,0.6931,2.9816
109.0834,0.7811,3.354
109.0836,0.8446,3.6252
109.0838,0.8282,3.558
109.0840,0.8184,3.5174
109.0842,0.846,3.6326
109.0844,0.8358,3.5938
109.0846,0.8442,3.6316
109.0848,0.7843,3.371
109.0850,0.8014,3.4442
109.0852,0.7454,3.2065
109.0854,0.6979,3.0009
109.0856,0.7023,3.0227
109.0858,0.6796,2.9266
109.0860,0.6817,2.9367
109.0862,0.613,2.6419
109.0864,0.6084,2.6235
109.0866,0.5993,2.5818
109.0868,0.634,2.7286
109.0870,0.6332,2.7255
109.0872,0.7325,3.1484
109.0874,0.7914,3.4046
109.0876,0.7235,3.1141
109.0878,0.6834,2.9412
109.0880,0.7059,3.0368
109.0882,0.7462,3.2086
109.0884,0.7671,3.2938
109.0886,0.8257,3.5455
109.0888,0.7924,3.4087
109.0890,0.7903,3.3968
109.0892,0.8125,3.4938
109.0894,0.7916,3.4056
109.0896,0.7293,3.1432
109.0898,0.6394,2.7556
109.0900,0.6129,2.639
109.0902,0.6192,2.6676
109.0904,0.6331,2.7237
109.0906,0.7155,3.0738
109.0908,0.8057,3.466
109.0910,0.7281,3.1366
109.0912,0.6769,2.9133
109.0914,0.6743,2.9033
109.0916,0.6577,2.8373
109.0918,0.5481,2.3623
109.0920,0.5389,2.3236
109.0922,0.5359,2.3107
109.0924,0.5338,2.304
109.0926,0.54,2.3283
109.0928,0.5434,2.3433
109.0930,0.5317,2.2926
109.0932,0.5364,2.3138
109.0934,0.5325,2.2962
109.0936,0.5551,2.3901
109.0938,0.6707,2.8825
109.0940,0.7187,3.0963
109.0942,0.5769,2.4898
109.0944,0.538,2.3222
109.0946,0.5372,2.3175
109.0948,0.5359,2.3107
109.0950,0.533,2.2983
109.0952,0.535,2.3081
109.0954,0.5259,2.2678
109.0956,0.5223,2.2523
109.0958,0.5193,2.2404
109.0960,0.5212,2.2476
109.0962,0.5254,2.2668
109.0964,0.5256,2.2673
109.0966,0.5829,2.5099
109.0968,0.6426,2.7644
109.0970,0.6569,2.8245
109.0972,0.684,2.941
109.0974,0.6855,2.9546
109.0976,0.6437,2.7704
109.0978,0.6704,2.8881
109.0980,0.5792,2.495
109.0982,0.5819,2.5058
109.0984,0.6438,2.7722
109.0986,0.6669,2.8732
109.0988,0.5847,2.5176
109.0990,0.58,2.4986
109.0992,0.6653,2.8659
109.0994,0.6722,2.8932
109.0996,0.6751,2.9056
109.0998,0.6389,2.7523
109.1000,0.6138,2.6406
109.1002,0.6942,2.9876
109.1004,0.6154,2.6473
109.1006,0.6579,2.8318
109.1008,0.5712,2.4655
109.1010,0.4957,2.1405
109.1012,0.4859,2.0961
109.1014,0.4882,2.1059
109.1016,0.5257,2.2646
109.1018,0.6554,2.817
109.1020,0.6987,3.0059
109.1022,0.6755,2.9044
109.1024,0.7159,3.0868
109.1026,0.5371,2.3169
109.1028,0.4867,2.1016
109.1030,0.4734,2.0432
109.1032,0.4769,2.0563
109.1034,0.4775,2.0618
109.1036,0.4723,2.0367
109.1038,0.5298,2.2769
109.1040,0.6552,2.8212
109.1042,0.5505,2.3749
109.1044,0.4808,2.0763
109.1046,0.4768,2.0558
109.1048,0.4793,2.0676
109.1050,0.48,2.0707
109.1052,0.4973,2.1452
109.1054,0.5386,2.3194
109.1056,0.5608,2.416
109.1058,0.5624,2.4216
109.1060,0.6059,2.6066
109.1062,0.6741,2.9028
109.1064,0.6431,2.7704
109.1066,0.6553,2.8204
109.1068,0.6516,2.8031
109.1070,0.6328,2.7209
109.1072,0.7237,3.1074
109.1074,0.7677,3.2979
109.1076,0.8147,3.4933
109.1078,0.8571,3.6787
109.1080,0.8365,3.5919
109.1082,0.8605,3.6914
109.1084,0.8678,3.7211
109.1086,0.9202,3.9421
109.1088,0.9373,4.0137
109.1090,0.9402,4.0316
109.1092,0.9562,4.0924
109.1094,1.0702,4.5826
109.1096,1.0405,4.4573
109.1098,1.0087,4.3212
109.1100,0.9869,4.2198
109.1102,1.0528,4.506
109.1104,1.0644,4.5643
109.1106,0.9558,4.0985
109.1108,0.9719,4.1654
109.1110,0.9919,4.2433
109.1112,1.1295,4.8322
109.1114,1.1198,4.7884
109.1116,1.1271,4.8197
109.1118,1.0649,4.5578
109.1120,1.0262,4.4003
109.1122,0.9697,4.1659
109.1124,0.8672,3.7237
109.1126,0.8716,3.7462
109.1128,0.866,3.722
109.1130,0.7871,3.3845
109.1132,0.7183,3.0899
109.1134,0.7199,3.0986
109.1136,0.7036,3.0284
109.1138,0.7356,3.1633
109.1140,0.8153,3.5056
109.1142,0.7739,3.3293
109.1144,0.7103,3.0587
109.1146,0.7191,3.095
109.1148,0.7402,3.1843
109.1150,0.7488,3.2245
109.1152,0.7159,3.0782
109.1154,0.822,3.5329
109.1156,0.8415,3.6118
109.1158,0.85,3.6518
109.1160,0.8364,3.5981
109.1162,0.7825,3.368
109.1164,0.7217,3.1049
109.1166,0.7358,3.1623
109.1168,0.7624,3.2844
109.1170,0.6549,2.8215
109.1172,0.6587,2.8349
109.1174,0.6678,2.8781
109.1176,0.6721,2.894
109.1178,0.6621,2.8525
109.1180,0.6033,2.5977
109.1182,0.656,2.8248
109.1184,0.6421,2.7649
109.1186,0.6886,2.9667
109.1188,0.6425,2.7665
109.1190,0.6517,2.8076
109.1192,0.6415,2.7662
109.1194,0.6545,2.8181
109.1196,0.6513,2.806
109.1198,0.5868,2.5293
109.1200,0.5853,2.5237
109.1202,0.5883,2.5355
109.1204,0.5872,2.5332
109.1206,0.587,2.531
109.1208,0.5748,2.4787
109.1210,0.5967,2.5693
109.1212,0.6655,2.8656
109.1214,0.6822,2.9374
109.1216,0.6611,2.8465
109.1218,0.6737,2.9007
109.1220,0.612,2.6402
109.1222,0.5678,2.4494
109.1224,0.577,2.488
109.1226,0.5148,2.2218
109.1228,0.5088,2.1938
109.1230,0.5336,2.303
109.1232,0.463,2
109.1234,0.4517,1.9486
109.1236,0.4792,2.07
109.1238,0.4397,1.8995
109.1240,0.513,2.2109
109.1242,0.5702,2.4586
109.1244,0.497,2.1462
109.1246,0.4649,2.0083
109.1248,0.4482,1.9345
109.1250,0.4519,1.9506
109.1252,0.4581,1.9779
109.1254,0.4504,1.9438
109.1256,0.4415,1.9064
109.1258,0.4304,1.8583
109.1260,0.4364,1.8842
109.1262,0.442,1.9085
109.1264,0.4365,1.8847
109.1266,0.4282,1.8472
109.1268,0.4336,1.8714
109.1270,0.4522,1.9507
109.1272,0.5046,2.1768
109.1274,0.4831,2.0851
109.1276,0.4973,2.1432
109.1278,0.5519,2.3789
109.1280,0.5695,2.4521
109.1282,0.5746,2.4754
109.1284,0.5771,2.4874
109.1286,0.5758,2.4771
109.1288,0.5921,2.5496
109.1290,0.587,2.5321
109.1292,0.5685,2.4513
109.1294,0.5505,2.3716
109.1296,0.5703,2.4545
109.1298,0.643,2.7647
109.1300,0.7112,3.0552
109.1302,0.7306,3.1416
109.1304,0.6632,2.8532
109.1306,0.6148,2.6509
109.1308,0.5445,2.3468
109.1310,0.5468,2.3556
109.1312,0.5599,2.4107
109.1314,0.6186,2.665
109.1316,0.5895,2.5383
109.1318,0.5571,2.3989
109.1320,0.5704,2.4562
109.1322,0.6132,2.6417
109.1324,0.5977,2.5751
109.1326,0.541,2.3318
109.1328,0.5045,2.1752
109.1330,0.5154,2.2202
109.1332,0.5621,2.4228
109.1334,0.5022,2.1634
109.1336,0.5132,2.2119
109.1338,0.497,2.1442
109.1340,0.4981,2.1488
109.1342,0.5281,2.2729
109.1344,0.5859,2.5263
109.1346,0.5435,2.3416
109.1348,0.6048,2.6019
109.1350,0.6179,2.6569
109.1352,0.6703,2.8836
109.1354,0.7137,3.0675
109.1356,0.7217,3.1049
109.1358,0.6772,2.9135
109.1360,0.6967,2.9971
109.1362,0.7039,3.028
109.1364,0.6516,2.8057
109.1366,0.6023,2.5935
109.1368,0.5768,2.4824
109.1370,0.585,2.5227
109.1372,0.4925,2.1255
109.1374,0.4794,2.0681
109.1376,0.4828,2.0797
109.1378,0.5491,2.3687
109.1380,0.4658,2.0069
109.1382,0.5208,2.2424
109.1384,0.5832,2.5079
109.1386,0.689,2.9655
109.1388,0.6264,2.6961
109.1390,0.6235,2.6812
109.1392,0.7287,3.1348
109.1394,0.6518,2.8016
109.1396,0.6848,2.9419
109.1398,0.6897,2.9644
109.1400,0.6834,2.9371
109.1402,0.7169,3.0814
109.1404,0.7018,3.0165
109.1406,0.7283,3.1289
109.1408,0.7858,3.3772
109.1410,0.7385,3.1756
109.1412,0.7322,3.1469
109.1414,0.6703,2.8876
109.1416,0.6277,2.698
109.1418,0.7367,3.1679
109.1420,0.748,3.2119
109.1422,0.7785,3.3427
109.1424,0.7355,3.1613
109.1426,0.7448,3.1995
109.1428,0.7614,3.2711
109.1430,0.7147,3.0745
109.1432,0.6934,2.979
109.1434,0.8024,3.4408
109.1436,0.901,3.8617
109.1438,0.9008,3.8679
109.1440,0.8427,3.6153
109.1442,0.8934,3.8293
109.1444,0.9178,3.9318
109.1446,0.8897,3.8134
109.1448,0.9508,4.0655
109.1450,1.0058,4.3109
109.1452,0.8745,3.7586
109.1454,0.8397,3.6024
109.1456,0.8661,3.7191
109.1458,0.8502,3.6489
109.1460,0.8556,3.672
109.1462,0.8444,3.6259
109.1464,0.7946,3.4154
109.1466,0.7819,3.3576
109.1468,0.7894,3.3958
109.1470,0.7759,3.3334
109.1472,0.81,3.4781
109.1474,0.8121,3.4874
109.1476,0.8606,3.6954
109.1478,0.8794,3.7709
109.1480,0.893,3.829
109.1482,0.8684,3.7288
109.1484,0.7907,3.3999
109.1486,0.8153,3.5007
109.1488,0.8557,3.6743
109.1490,0.8551,3.67
109.1492,0.8529,3.6624
109.1494,0.8535,3.665
109.1496,0.8298,3.568
109.1498,0.7527,3.2365
109.1500,0.7791,3.3452
109.1502,0.8456,3.6276
109.1504,0.872,3.7443
109.1506,0.9173,3.9334
109.1508,0.9322,3.9934
109.1510,0.9614,4.1226
109.1512,0.9538,4.0878
109.1514,0.9494,4.0788
109.1516,0.7699,3.3107
109.1518,0.7623,3.2762
109.1520,0.7281,3.1352
109.1522,0.6757,2.9109
109.1524,0.6795,2.926
109.1526,0.6644,2.8597
109.1528,0.6759,2.9092
109.1530,0.671,2.888
109.1532,0.7707,3.3123
109.1534,0.8309,3.5727
109.1536,0.7986,3.4292
109.1538,0.8705,3.7346
109.1540,0.8642,3.7126
109.1542,0.8545,3.6691
109.1544,0.8358,3.5971
109.1546,0.7401,3.1794
109.1548,0.7843,3.3742
109.1550,0.7649,3.2891
109.1552,0.755,3.2478
109.1554,0.7504,3.2282
109.1556,0.7391,3.1827
109.1558,0.6876,2.9593
109.1560,0.6603,2.8474
109.1562,0.5985,2.583
109.1564,0.5629,2.4214
109.1566,0.7245,3.1168
109.1568,0.7246,3.1245
109.1570,0.6054,2.6094
109.1572,0.5684,2.4508
109.1574,0.5595,2.4137
109.1576,0.5607,2.4177
109.1578,0.5571,2.4011
109.1580,0.5599,2.4141
109.1582,0.6034,2.5994
109.1584,0.6536,2.8158
109.1586,0.6551,2.8233
109.1588,0.5825,2.5107
109.1590,0.5715,2.4654
109.1592,0.5681,2.4509
109.1594,0.5726,2.4678
109.1596,0.642,2.7644
109.1598,0.7029,3.0225
109.1600,0.7686,3.3051
109.1602,0.7615,3.2746
109.1604,0.7105,3.0564
109.1606,0.6738,2.8999
109.1608,0.6106,2.634
109.1610,0.5632,2.4308
109.1612,0.5572,2.4027
109.1614,0.5559,2.3982
109.1616,0.5533,2.3868
109.1618,0.5546,2.3914
109.1620,0.5677,2.4466
109.1622,0.5624,2.425
109.1624,0.5539,2.3894
109.1626,0.5746,2.4766
109.1628,0.6565,2.823
109.1630,0.7088,3.0492
109.1632,0.757,3.255
109.1634,0.8012,3.4421
109.1636,0.8072,3.4614
109.1638,0.8837,3.7912
109.1640,0.8301,3.5729
109.1642,0.6772,2.9217
109.1644,0.6107,2.6309
109.1646,0.6084,2.6247
109.1648,0.5534,2.3873
109.1650,0.5543,2.3892
109.1652,0.5641,2.4299
109.1654,0.5768,2.4847
109.1656,0.5632,2.4286
109.1658,0.5678,2.446
109.1660,0.5711,2.4627
109.1662,0.5807,2.5052
109.1664,0.5326,2.2967
109.1666,0.5452,2.3488
109.1668,0.6204,2.674
109.1670,0.5943,2.5601
109.1672,0.5916,2.5464
109.1674,0.6418,2.7608
109.1676,0.701,3.0185
109.1678,0.6631,2.854
109.1680,0.6668,2.8713
109.1682,0.6632,2.8571
109.1684,0.669,2.8779
109.1686,0.7548,3.2473
109.1688,0.7006,3.0127
109.1690,0.7396,3.1803
109.1692,0.7434,3.1968
109.1694,0.7614,3.2757
109.1696,0.7107,3.056
109.1698,0.7457,3.2081
109.1700,0.7059,3.0354
109.1702,0.6438,2.7735
109.1704,0.5772,2.4868
109.1706,0.6042,2.6018
109.1708,0.6713,2.8944
109.1710,0.5608,2.4194
109.1712,0.5636,2.4267
109.1714,0.6288,2.7051
109.1716,0.6692,2.879
109.1718,0.698,3.0083
109.1720,0.5564,2.3991
109.1722,0.5358,2.3059
109.1724,0.6621,2.8499
109.1726,0.7225,3.1051
109.1728,0.7335,3.1555
109.1730,0.6581,2.8297
109.1732,0.7186,3.0915
109.1734,0.7135,3.0679
109.1736,0.6555,2.8215
109.1738,0.6756,2.9022
109.1740,0.8017,3.4458
109.1742,0.7803,3.3535
109.1744,0.8036,3.4524
109.1746,0.8472,3.6411
109.1748,0.8036,3.454
109.1750,0.7545,3.2412
109.1752,0.795,3.4121
109.1754,0.8485,3.6434
109.1756,0.8642,3.7091
109.1758,0.9197,3.9474
109.1760,0.916,3.9296
109.1762,0.8816,3.782
109.1764,0.9217,3.9524
109.1766,0.8518,3.6595
109.1768,0.7294,3.1394
109.1770,0.7337,3.158
109.1772,0.7408,3.1854
109.1774,0.7394,3.1807
109.1776,0.7485,3.2154
109.1778,0.8558,3.6696
109.1780,0.907,3.891
109.1782,0.8544,3.672
109.1784,0.8494,3.6441
109.1786,0.9347,4.008
109.1788,0.9192,3.949
109.1790,0.8681,3.7296
109.1792,0.8861,3.8033
109.1794,0.906,3.8887
109.1796,0.8907,3.8211
109.1798,0.8619,3.6993
109.1800,0.9111,3.9085
109.1802,0.9333,4.0074
109.1804,0.9275,3.9808
109.1806,0.8697,3.7345
109.1808,0.8626,3.7059
109.1810,0.8588,3.6894
109.1812,0.8563,3.6751
109.1814,0.8492,3.6482
109.1816,0.7532,3.2385
109.1818,0.7649,3.2921
109.1820,0.7735,3.3278
109.1822,0.7384,3.1751
109.1824,0.7484,3.2194
109.1826,0.7197,3.099
109.1828,0.6605,2.8426
109.1830,0.6559,2.8256
109.1832,0.6931,2.9872
109.1834,0.6113,2.6359
109.1836,0.578,2.4922
109.1838,0.6009,2.5921
109.1840,0.6253,2.6914
109.1842,0.6768,2.9115
109.1844,0.6835,2.9458
109.1846,0.6516,2.8083
109.1848,0.6133,2.6447
109.1850,0.5891,2.5403
109.1852,0.6013,2.5942
109.1854,0.6093,2.6259
109.1856,0.6248,2.6956
109.1858,0.5194,2.2409
109.1860,0.5005,2.1602
109.1862,0.4999,2.1556
109.1864,0.6228,2.6818
109.1866,0.687,2.9594
109.1868,0.6288,2.7127
109.1870,0.5804,2.5025
109.1872,0.6385,2.7469
109.1874,0.6759,2.9092
109.1876,0.6825,2.9376
109.1878,0.7004,3.0145
109.1880,0.712,3.0631
109.1882,0.7382,3.1771
109.1884,0.675,2.9105
109.1886,0.6528,2.8109
109.1888,0.6746,2.9062
109.1890,0.6328,2.7259
109.1892,0.5644,2.4326
109.1894,0.5518,2.3784
109.1896,0.5577,2.4026
109.1898,0.5717,2.4664
109.1900,0.5716,2.4636
109.1902,0.5864,2.526
109.1904,0.595,2.5656
109.1906,0.5625,2.4244
109.1908,0.6101,2.6246
109.1910,0.6645,2.8615
109.1912,0.5469,2.3626
109.1914,0.53,2.2875
109.1916,0.4874,2.1038
109.1918,0.4612,1.9913
109.1920,0.4693,2.0265
109.1922,0.4762,2.0542
109.1924,0.476,2.0546
109.1926,0.4715,2.0359
109.1928,0.4793,2.0676
109.1930,0.527,2.2735
109.1932,0.4738,2.0457
109.1934,0.4477,1.9351
109.1936,0.4467,1.9269
109.1938,0.4449,1.92
109.1940,0.4437,1.9157
109.1942,0.45,1.9441
109.1944,0.4471,1.929
109.1946,0.4563,1.9665
109.1948,0.5046,2.1747
109.1950,0.5475,2.3619
109.1952,0.4836,2.0882
109.1954,0.4609,1.9885
109.1956,0.4569,1.9718
109.1958,0.4769,2.0563
109.1960,0.5256,2.2631
109.1962,0.5696,2.4537
109.1964,0.5867,2.5276
109.1966,0.5635,2.4274
109.1968,0.5516,2.3773
109.1970,0.5427,2.3402
109.1972,0.4786,2.0655
109.1974,0.4404,1.9
109.1976,0.4766,2.0562
109.1978,0.4916,2.1209
109.1980,0.4788,2.0646
109.1982,0.4841,2.0883
109.1984,0.5272,2.2714
109.1986,0.5754,2.479
109.1988,0.5811,2.5021
109.1990,0.5926,2.5505
109.1992,0.6407,2.76
109.1994,0.6275,2.7007
109.1996,0.6408,2.7605
109.1998,0.6222,2.6767
109.2000,0.6517,2.8036
109.2002,0.6721,2.89
109.2004,0.7607,3.2649
109.2006,0.8552,3.6671
109.2008,0.9008,3.8589
109.2010,0.9733,4.1696
109.2012,0.8871,3.8056
109.2014,0.7379,3.179
109.2016,0.5594,2.4132
109.2018,0.4905,2.1182
109.2020,0.4766,2.0553
109.2022,0.4933,2.1271
109.2024,0.485,2.0915
109.2026,0.4834,2.0833
109.2028,0.5324,2.2946
109.2030,0.4846,2.0894
109.2032,0.4666,2.0146
109.2034,0.4579,1.9755
109.2036,0.459,1.9802
109.2038,0.4577,1.9736
109.2040,0.4675,2.0178
109.2042,0.4753,2.0496
109.2044,0.5028,2.165
109.2046,0.5523,2.376
109.2048,0.6347,2.7329
109.2050,0.6305,2.7123
109.2052,0.6118,2.6343
109.2054,0.5872,2.5285
109.2056,0.6271,2.6979
109.2058,0.6867,2.9515
109.2060,0.7256,3.1185
109.2062,0.7316,3.1355
109.2064,0.8897,3.8116
109.2066,0.9449,4.0479
109.2068,0.9226,3.9634
109.2070,0.8655,3.7148
109.2072,0.8502,3.6455
109.2074,0.8578,3.6801
109.2076,0.8776,3.7632
109.2078,0.9469,4.0491
109.2080,1.0626,4.5417
109.2082,1.0601,4.5373
109.2084,1.049,4.4917
109.2086,1.0238,4.388
109.2088,0.9363,4.0165
109.2090,0.9072,3.8866
109.2092,0.9759,4.1829
109.2094,1.0046,4.2997
109.2096,1.0871,4.6506
109.2098,1.0894,4.6647
109.2100,1.0696,4.5821
109.2102,0.9969,4.2728
109.2104,0.9268,3.9777
109.2106,0.8933,3.8359
109.2108,0.8299,3.5602
109.2110,0.9004,3.8609
109.2112,0.8524,3.6655
109.2114,0.8063,3.467
109.2116,0.8365,3.5936
109.2118,0.7958,3.4205
109.2120,0.7807,3.3571
109.2122,0.7761,3.3386
109.2124,0.7769,3.3344
109.2126,0.859,3.6852
109.2128,0.8743,3.7523
109.2130,0.8331,3.5825
109.2132,0.8099,3.4776
109.2134,0.842,3.6139
109.2136,0.846,3.6326
109.2138,0.8368,3.5951
109.2140,0.8216,3.5247
109.2142,0.8746,3.7556
109.2144,0.8428,3.6242
109.2146,0.7964,3.4231
109.2148,0.8368,3.5918
109.2150,0.8522,3.6593
109.2152,0.8534,3.6679
109.2154,0.8028,3.452
109.2156,0.7679,3.302
109.2158,0.8058,3.4649
109.2160,0.793,3.4113
109.2162,0.7788,3.3458
109.2164,0.8231,3.5424
109.2166,0.7004,3.0145
109.2168,0.722,3.1045
109.2170,0.7436,3.1988
109.2172,0.6867,2.9584
109.2174,0.6807,2.9326
109.2176,0.7011,3.0162
109.2178,0.7137,3.0718
109.2180,0.7064,3.0389
109.2182,0.745,3.2035
109.2184,0.7267,3.1261
109.2186,0.687,2.9581
109.2188,0.6842,2.9462
109.2190,0.6937,2.987
109.2192,0.7364,3.1634
109.2194,0.8125,3.4954
109.2196,0.7584,3.2658
109.2198,0.7205,3.0969
109.2200,0.7855,3.3731
109.2202,0.7746,3.3339
109.2204,0.7095,3.058
109.2206,0.6522,2.8109
109.2208,0.6479,2.791
109.2210,0.6456,2.7851
109.2212,0.5987,2.5828
109.2214,0.6197,2.6709
109.2216,0.5864,2.5295
109.2218,0.528,2.2776
109.2220,0.5281,2.2792
109.2222,0.5288,2.2834
109.2224,0.5296,2.2827
109.2226,0.6277,2.7005
109.2228,0.7141,3.0747
109.2230,0.6432,2.7696
109.2232,0.6426,2.7644
109.2234,0.6584,2.8365
109.2236,0.6554,2.8236
109.2238,0.6557,2.822
109.2240,0.6655,2.8683
109.2242,0.6541,2.8179
109.2244,0.6536,2.8158
109.2246,0.6491,2.7949
109.2248,0.6529,2.8114
109.2250,0.6679,2.8733
109.2252,0.7197,3.0976
109.2254,0.7041,3.0333
109.2256,0.6482,2.7913
109.2258,0.6444,2.7748
109.2260,0.6961,2.9959
109.2262,0.7319,3.1473
109.2264,0.7521,3.2369
109.2266,0.6922,2.9794
109.2268,0.7234,3.1107
109.2270,0.7408,3.1914
109.2272,0.6897,2.9672
109.2274,0.6795,2.9247
109.2276,0.7376,3.1745
109.2278,0.7484,3.2149
109.2280,0.7661,3.2896
109.2282,0.7984,3.425
109.2284,0.8615,3.6943
109.2286,0.8769,3.7654
109.2288,0.7716,3.3195
109.2290,0.7443,3.2019
109.2292,0.7936,3.406
109.2294,0.8928,3.8285
109.2296,0.9399,4.0282
109.2298,0.9312,4.0024
109.2300,0.8257,3.5472
109.2302,0.8554,3.6715
109.2304,0.8455,3.6406
109.2306,0.7349,3.1616
109.2308,0.7359,3.1672
109.2310,0.7356,3.1677
109.2312,0.7178,3.0879
109.2314,0.7127,3.0605
109.2316,0.7945,3.4148
109.2318,0.813,3.4958
109.2320,0.8159,3.5082
109.2322,0.7889,3.389
109.2324,0.8281,3.5558
109.2326,0.8504,3.6567
109.2328,0.7987,3.4377
109.2330,0.7322,3.1454
109.2332,0.8035,3.4535
109.2334,0.7879,3.3881
109.2336,0.752,3.2349
109.2338,0.7561,3.2484
109.2340,0.815,3.4997
109.2342,0.8548,3.6809
109.2344,0.7045,3.0348
109.2346,0.7057,3.0344
109.2348,0.7554,3.2499
109.2350,0.7551,3.2498
109.2352,0.7719,3.3205
109.2354,0.7666,3.2994
109.2356,0.7093,3.0513
109.2358,0.7419,3.1945
109.2360,0.672,2.8949
109.2362,0.624,2.687
109.2364,0.6227,2.685
109.2366,0.5702,2.4597
109.2368,0.5485,2.3672
109.2370,0.5533,2.389
109.2372,0.5579,2.4069
109.2374,0.5563,2.3997
109.2376,0.5852,2.5209
109.2378,0.6323,2.7239
109.2380,0.6264,2.6936
109.2382,0.7173,3.0901
109.2384,0.7107,3.0574
109.2386,0.7852,3.3731
109.2388,0.7698,3.3148
109.2390,0.7504,3.2282
109.2392,0.7824,3.3612
109.2394,0.8094,3.4771
109.2396,0.8109,3.4871
109.2398,0.7846,3.3736
109.2400,0.7713,3.3164
109.2402,0.7689,3.3092
109.2404,0.7415,3.1915
109.2406,0.7511,3.2298
109.2408,0.7553,3.2478
109.2410,0.766,3.2937
109.2412,0.7779,3.3463
109.2414,0.7349,3.1616
109.2416,0.7855,3.3793
109.2418,0.7505,3.2302
109.2420,0.7709,3.3133
109.2422,0.8277,3.5526
109.2424,0.8592,3.6926
109.2426,0.8198,3.5269
109.2428,0.818,3.511
109.2430,0.9474,4.0606
109.2432,0.9664,4.1514
109.2434,0.8199,3.5225
109.2436,0.8588,3.6894
109.2438,0.8306,3.575
109.2440,0.6801,2.9259
109.2442,0.738,3.1736
109.2444,0.754,3.2452
109.2446,0.7497,3.2251
109.2448,0.7541,3.2427
109.2450,0.756,3.2524
109.2452,0.7618,3.2726
109.2454,0.8446,3.6387
109.2456,0.7174,3.0863
109.2458,0.749,3.222
109.2460,0.7958,3.4205
109.2462,0.8845,3.7961
109.2464,0.911,3.9116
109.2466,0.8829,3.7929
109.2468,0.8996,3.8645
109.2470,0.877,3.7659
109.2472,0.8563,3.682
109.2474,0.7846,3.3752
109.2476,0.7964,3.4199
109.2478,0.8504,3.6533
109.2480,0.8595,3.6925
109.2482,0.8497,3.6519
109.2484,0.8768,3.7719
109.2486,0.8058,3.4633
109.2488,0.8455,3.6305
109.2490,0.8726,3.7469
109.2492,0.8816,3.7908
109.2494,0.803,3.4547
109.2496,0.8106,3.4871
109.2498,0.8166,3.5097
109.2500,0.8558,3.6799
109.2502,0.7829,3.3633
109.2504,0.7921,3.4045
109.2506,0.8204,3.5311
109.2508,0.7671,3.303
109.2510,0.7521,3.2309
109.2512,0.8726,3.7469
109.2514,0.8619,3.7097
109.2516,0.7999,3.4396
109.2518,0.7853,3.3799
109.2520,0.7049,3.0383
109.2522,0.6597,2.8435
109.2524,0.6425,2.7691
109.2526,0.6422,2.7667
109.2528,0.7028,3.0262
109.2530,0.7267,3.1333
109.2532,0.6456,2.7825
109.2534,0.6396,2.7528
109.2536,0.7343,3.1605
109.2538,0.7449,3.2089
109.2540,0.6883,2.9665
109.2542,0.6305,2.7199
109.2544,0.5981,2.5802
109.2546,0.574,2.4797
109.2548,0.5397,2.3283
109.2550,0.5807,2.5052
109.2552,0.5394,2.3289
109.2554,0.5423,2.3375
109.2556,0.6391,2.752
109.2558,0.6418,2.7711
109.2560,0.5438,2.3481
109.2562,0.5512,2.3769
109.2564,0.5853,2.5237
109.2566,0.5967,2.5776
109.2568,0.4947,2.1373
109.2570,0.4247,1.8348
109.2572,0.4617,1.9934
109.2574,0.4774,2.0622
109.2576,0.4756,2.0535
109.2578,0.4751,2.0523
109.2580,0.4784,2.0659
109.2582,0.5051,2.1778
109.2584,0.6028,2.5992
109.2586,0.5858,2.5246
109.2588,0.5772,2.4879
109.2590,0.6242,2.693
109.2592,0.5583,2.4085
109.2594,0.5533,2.3857
109.2596,0.5509,2.3764
109.2598,0.5615,2.4213
109.2600,0.6246,2.6883
109.2602,0.6571,2.8295
109.2604,0.6545,2.8168
109.2606,0.698,3.0042
109.2608,0.7132,3.0697
109.2610,0.6974,2.9988
109.2612,0.7401,3.1868
109.2614,0.6467,2.7923
109.2616,0.5235,2.2574
109.2618,0.5175,2.2337
109.2620,0.5368,2.3148
109.2622,0.6019,2.5908
109.2624,0.6709,2.8848
109.2626,0.7023,3.0256
109.2628,0.6558,2.8264
109.2630,0.6504,2.8032
109.2632,0.5974,2.5783
109.2634,0.5083,2.1918
109.2636,0.5167,2.229
109.2638,0.5245,2.2637
109.2640,0.5037,2.1731
109.2642,0.5072,2.1881
109.2644,0.5,2.1571
109.2646,0.5384,2.3216
109.2648,0.6106,2.6316
109.2650,0.6139,2.6448
109.2652,0.6301,2.7121
109.2654,0.6605,2.8426
109.2656,0.6681,2.873
109.2658,0.788,3.3854
109.2660,0.7888,3.3933
109.2662,0.729,3.1364
109.2664,0.7328,3.1509
109.2666,0.765,3.2896
109.2668,0.8215,3.5308
109.2670,0.7801,3.353
109.2672,0.8089,3.4751
109.2674,0.8602,3.6921
109.2676,0.8227,3.531
109.2678,0.7937,3.416
109.2680,0.7409,3.1874
109.2682,0.7697,3.3082
109.2684,0.7906,3.3978
109.2686,0.7957,3.4184
109.2688,0.8297,3.5659
109.2690,0.7761,3.3355
109.2692,0.8273,3.5572
109.2694,0.7559,3.2534
109.2696,0.7325,3.1543
109.2698,0.7298,3.1424
109.2700,0.6591,2.8356
109.2702,0.6696,2.8832
109.2704,0.6659,2.8672
109.2706,0.6365,2.7445
109.2708,0.6275,2.7045
109.2710,0.6431,2.7639
109.2712,0.7488,3.226
109.2714,0.6467,2.7872
109.2716,0.612,2.6366
109.2718,0.63,2.7115
109.2720,0.688,2.9627
109.2722,0.701,3.0171
109.2724,0.7045,3.032
109.2726,0.6955,2.9947
109.2728,0.7365,3.1669
109.2730,0.7427,3.1922
109.2732,0.7769,3.3406
109.2734,0.7773,3.3422
109.2736,0.7696,3.3061
109.2738,0.7576,3.2591
109.2740,0.6482,2.7913
109.2742,0.6588,2.8354
109.2744,0.6838,2.946
109.2746,0.5938,2.5569
109.2748,0.7052,3.0337
109.2750,0.7666,3.2978
109.2752,0.7711,3.3082
109.2754,0.8889,3.8116
109.2756,0.9505,4.0758
109.2758,0.9502,4.0762
109.2760,0.9288,3.9846
109.2762,0.8732,3.7512
109.2764,0.837,3.5973
109.2766,0.8255,3.5478
109.2768,0.8137,3.4989
109.2770,0.8137,3.4973
109.2772,0.8057,3.4628
109.2774,0.8044,3.4555
109.2776,0.8329,3.5831
109.2778,0.7876,3.3818
109.2780,0.8214,3.5286
109.2782,0.8522,3.6559
109.2784,0.9174,3.9303
109.2786,1.0135,4.3498
109.2788,0.9222,3.9563
109.2790,0.9309,3.9952
109.2792,0.9268,3.9814
109.2794,0.8761,3.7653
109.2796,0.8593,3.6931
109.2798,0.8147,3.5014
109.2800,0.7782,3.3432
109.2802,0.8051,3.4602
109.2804,0.81,3.4846
109.2806,0.8156,3.5072
109.2808,0.8083,3.4741
109.2810,0.8068,3.4674
109.2812,0.8672,3.7254
109.2814,0.8356,3.5933
109.2816,0.755,3.2478
109.2818,0.7452,3.2015
109.2820,0.825,3.5458
109.2822,0.8677,3.731
109.2824,0.8047,3.4603
109.2826,0.8228,3.5365
109.2828,0.8247,3.5497
109.2830,0.7373,3.172
109.2832,0.7462,3.2086
109.2834,0.7659,3.2947
109.2836,0.7492,3.223
109.2838,0.795,3.4185
109.2840,0.81,3.4846
109.2842,0.7611,3.2741
109.2844,0.7539,3.2386
109.2846,0.7912,3.4083
109.2848,0.6958,2.9977
109.2850,0.6697,2.8837
109.2852,0.665,2.8636
109.2854,0.6686,2.8817
109.2856,0.7317,3.1433
109.2858,0.8613,3.695
109.2860,0.8464,3.6431
109.2862,0.71,3.06
109.2864,0.6635,2.8555
109.2866,0.7105,3.055
109.2868,0.765,3.2896
109.2870,0.7879,3.3897
109.2872,0.793,3.4081
109.2874,0.7811,3.3634
109.2876,0.6864,2.9568
109.2878,0.6811,2.9314
109.2880,0.7011,3.0204
109.2882,0.6257,2.6955
109.2884,0.6155,2.6503
109.2886,0.6299,2.7148
109.2888,0.6569,2.8285
109.2890,0.727,3.1261
109.2892,0.7431,3.1997
109.2894,0.6643,2.8591
109.2896,0.745,3.2035
109.2898,0.7373,3.1823
109.2900,0.5534,2.3884
109.2902,0.5323,2.2984
109.2904,0.5294,2.2838
109.2906,0.5304,2.2901
109.2908,0.5283,2.2813
109.2910,0.5312,2.2916
109.2912,0.5535,2.3845
109.2914,0.5693,2.4561
109.2916,0.5323,2.2973
109.2918,0.5388,2.3231
109.2920,0.5823,2.5131
109.2922,0.5517,2.3778
109.2924,0.6151,2.6525
109.2926,0.5621,2.4251
109.2928,0.5274,2.275
109.2930,0.5283,2.2792
109.2932,0.5266,2.2719
109.2934,0.5239,2.2611
109.2936,0.526,2.2683
109.2938,0.5254,2.2689
109.2940,0.5241,2.26
109.2942,0.5274,2.274
109.2944,0.5226,2.2543
109.2946,0.522,2.2528
109.2948,0.5241,2.2611
109.2950,0.5248,2.2631
109.2952,0.5187,2.2368
109.2954,0.5768,2.487
109.2956,0.651,2.7979
109.2958,0.7787,3.3468
109.2960,0.7804,3.354
109.2962,0.8211,3.5325
109.2964,0.6449,2.7807
109.2966,0.5465,2.3578
109.2968,0.5416,2.3355
109.2970,0.5416,2.3355
109.2972,0.5294,2.2828
109.2974,0.5252,2.2668
109.2976,0.5079,2.1923
109.2978,0.5632,2.4241
109.2980,0.656,2.8235
109.2982,0.6631,2.854
109.2984,0.659,2.8377
109.2986,0.6428,2.7668
109.2988,0.6661,2.8669
109.2990,0.7107,3.0532
109.2992,0.7265,3.127
109.2994,0.6799,2.9276
109.2996,0.6599,2.8414
109.2998,0.6343,2.7276
109.3000,0.6841,2.9388
109.3002,0.7304,3.1406
109.3004,0.7084,3.0519
109.3006,0.6609,2.8473
109.3008,0.6067,2.6126
109.3010,0.6004,2.5853
109.3012,0.6643,2.8565
109.3014,0.7517,3.2324
109.3016,0.6957,2.9944
109.3018,0.6167,2.6567
109.3020,0.5882,2.5361
109.3022,0.5977,2.5727
109.3024,0.7153,3.0785
109.3026,0.6226,2.6883
109.3028,0.5245,2.2605
109.3030,0.5799,2.4993
109.3032,0.5849,2.5198
109.3034,0.6006,2.5875
109.3036,0.6242,2.6868
109.3038,0.6837,2.9345
109.3040,0.7526,3.2435
109.3042,0.5266,2.273
109.3044,0.5047,2.1763
109.3046,0.5653,2.4374
109.3048,0.517,2.2295
109.3050,0.5182,2.2326
109.3052,0.5611,2.4204
109.3054,0.5546,2.3925
109.3056,0.5487,2.3605
109.3058,0.653,2.8054
109.3060,0.7163,3.0831
109.3062,0.7018,3.0151
109.3064,0.7763,3.3287
109.3066,0.9336,4.0015
109.3068,0.9659,4.1378
109.3070,0.9479,4.0683
109.3072,0.871,3.7402
109.3074,0.856,3.6758
109.3076,0.858,3.6806
109.3078,0.8541,3.6659
109.3080,0.836,3.5848
109.3082,0.9065,3.8908
109.3084,0.9118,3.9098
109.3086,0.9738,4.1717
109.3088,0.9592,4.1148
109.3090,0.9533,4.0915
109.3092,0.9606,4.1152
109.3094,0.9502,4.0686
109.3096,1.0532,4.5097
109.3098,1.0854,4.6499
109.3100,1.0622,4.5482
109.3102,1.063,4.5539
109.3104,1.0385,4.4532
109.3106,0.9078,3.9019
109.3108,0.8645,3.7158
109.3110,0.8311,3.5671
109.3112,0.8727,3.7474
109.3114,0.8488,3.6466
109.3116,0.8803,3.7816
109.3118,0.8981,3.8565
109.3120,0.8782,3.7693
109.3122,0.9225,3.9592
109.3124,0.8909,3.8256
109.3126,0.857,3.6748
109.3128,0.9035,3.8833
109.3130,0.889,3.8192
109.3132,0.8769,3.7689
109.3134,0.835,3.5874
109.3136,0.8192,3.5276
109.3138,0.7552,3.2473
109.3140,0.7149,3.0784
109.3142,0.682,2.9369
109.3144,0.6958,2.9949
109.3146,0.7401,3.1823
109.3148,0.7456,3.212
109.3150,0.7113,3.0643
109.3152,0.7052,3.0365
109.3154,0.6998,3.0133
109.3156,0.7304,3.1406
109.3158,0.7648,3.2901
109.3160,0.724,3.119
109.3162,0.6697,2.881
109.3164,0.7415,3.1915
109.3166,0.7457,3.2155
109.3168,0.6171,2.6595
109.3170,0.6184,2.6615
109.3172,0.6507,2.8034
109.3174,0.645,2.7786
109.3176,0.6866,2.9579
109.3178,0.6159,2.658
109.3180,0.5828,2.514
109.3182,0.5835,2.516
109.3184,0.5849,2.5222
109.3186,0.5834,2.5166
109.3188,0.5494,2.3669
109.3190,0.6726,2.8934
109.3192,0.7305,3.1469
109.3194,0.6466,2.7905
109.3196,0.5647,2.437
109.3198,0.5497,2.3691
109.3200,0.554,2.3899
109.3202,0.5794,2.4961
109.3204,0.5919,2.5498
109.3206,0.6055,2.6087
109.3208,0.6186,2.665
109.3210,0.6193,2.6718
109.3212,0.5547,2.393
109.3214,0.5488,2.3643
109.3216,0.5692,2.4556
109.3218,0.5167,2.2331
109.3220,0.4537,1.9601
109.3222,0.4461,1.9252
109.3224,0.4465,1.9273
109.3226,0.4476,1.9337
109.3228,0.4511,1.9496
109.3230,0.4446,1.9208
109.3232,0.4416,1.9078
109.3234,0.4473,1.9322
109.3236,0.4673,2.0168
109.3238,0.4627,1.9971
109.3240,0.4361,1.8831
109.3242,0.4473,1.9304
109.3244,0.457,1.9723
109.3246,0.4626,1.9966
109.3248,0.4452,1.9234
109.3250,0.484,2.0887
109.3252,0.4488,1.9371
109.3254,0.4399,1.8979
109.3256,0.448,1.9317
109.3258,0.5006,2.1597
109.3260,0.4889,2.109
109.3262,0.5573,2.3977
109.3264,0.6292,2.7092
109.3266,0.6175,2.6616
109.3268,0.5835,2.5136
109.3270,0.5813,2.5055
109.3272,0.5817,2.5059
109.3274,0.6301,2.7121
109.3276,0.5895,2.5395
109.3278,0.5601,2.4129
109.3280,0.58,2.4963
109.3282,0.633,2.7257
109.3284,0.6272,2.7009
109.3286,0.6332,2.7255
109.3288,0.69,2.9641
109.3290,0.7403,3.1834
109.3292,0.7597,3.2654
109.3294,0.7318,3.1482
109.3296,0.6569,2.8285
109.3298,0.6627,2.8524
109.3300,0.6318,2.7231
109.3302,0.5605,2.4167
109.3304,0.5126,2.2083
109.3306,0.5254,2.2668
109.3308,0.5054,2.1773
109.3310,0.57,2.4535
109.3312,0.598,2.5737
109.3314,0.6102,2.63
109.3316,0.5958,2.568
109.3318,0.5953,2.5636
109.3320,0.5955,2.5629
109.3322,0.6445,2.774
109.3324,0.6416,2.7603
109.3326,0.6148,2.6448
109.3328,0.6677,2.8669
109.3330,0.7832,3.368
109.3332,0.7372,3.1729
109.3334,0.6603,2.8461
109.3336,0.5775,2.489
109.3338,0.5704,2.4562
109.3340,0.5617,2.4219
109.3342,0.4917,2.1224
109.3344,0.467,2.0158
109.3346,0.4667,2.0133
109.3348,0.4686,2.0216
109.3350,0.4681,2.0204
109.3352,0.4644,2.0053
109.3354,0.4655,2.0081
109.3356,0.4631,1.9978
109.3358,0.4688,2.0217
109.3360,0.5096,2.1964
109.3362,0.5449,2.3484
109.3364,0.5775,2.4901
109.3366,0.5117,2.2052
109.3368,0.5307,2.2906
109.3370,0.4356,1.8819
109.3372,0.4281,1.8459
109.3374,0.4969,2.1407
109.3376,0.5329,2.2956
109.3378,0.5546,2.3902
109.3380,0.4981,2.1458
109.3382,0.5082,2.1902
109.3384,0.5769,2.4794
109.3386,0.6988,3.0022
109.3388,0.7744,3.3236
109.3390,0.8065,3.4648
109.3392,0.8071,3.4577
109.3394,0.9136,3.912
109.3396,0.9729,4.17
109.3398,0.9163,3.9275
109.3400,0.9654,4.1319
109.3402,0.9558,4.1004
109.3404,0.9016,3.8697
109.3406,0.9042,3.8756
109.3408,0.9208,3.9446
109.3410,0.9354,4.0092
109.3412,0.9241,3.9683
109.3414,0.9032,3.8691
109.3416,0.9684,4.1505
109.3418,0.9757,4.1877
109.3420,0.8698,3.7315
109.3422,0.8698,3.735
109.3424,0.8199,3.5208
109.3426,0.8017,3.4442
109.3428,0.8026,3.451
109.3430,0.7738,3.321
109.3432,0.8234,3.5308
109.3434,0.9064,3.8921
109.3436,0.8354,3.5889
109.3438,0.8474,3.637
109.3440,0.8234,3.5325
109.3442,0.8547,3.665
109.3444,0.8805,3.7826
109.3446,0.8119,3.4863
109.3448,0.8494,3.6458
109.3450,0.8697,3.738
109.3452,0.8221,3.535
109.3454,0.8016,3.4404
109.3456,0.841,3.6064
109.3458,0.8586,3.6918
109.3460,0.7761,3.3339
109.3462,0.8566,3.6767
109.3464,0.9745,4.1728
109.3466,0.9731,4.1764
109.3468,0.8698,3.7315
109.3470,0.8762,3.7588
109.3472,0.8882,3.812
109.3474,0.8943,3.8383
109.3476,0.8714,3.7417
109.3478,0.8751,3.7559
109.3480,0.8265,3.5591
109.3482,0.6781,2.9198
109.3484,0.6527,2.8091
109.3486,0.6987,3.0031
109.3488,0.7511,3.2253
109.3490,0.7855,3.3746
109.3492,0.8416,3.6174
109.3494,0.8232,3.538
109.3496,0.8349,3.5869
109.3498,0.819,3.5151
109.3500,0.8161,3.506
109.3502,0.7812,3.3608
109.3504,0.7702,3.3071
109.3506,0.8026,3.451
109.3508,0.807,3.4684
109.3510,0.8219,3.5324
109.3512,0.839,3.6027
109.3514,0.916,3.9314
109.3516,0.9149,3.9286
109.3518,0.8936,3.8388
109.3520,0.803,3.4514
109.3522,0.8097,3.4868
109.3524,0.7034,3.0288
109.3526,0.6709,2.8889
109.3528,0.696,2.9954
109.3530,0.7693,3.3082
109.3532,0.6886,2.9667
109.3534,0.603,2.6002
109.3536,0.563,2.4287
109.3538,0.563,2.4253
109.3540,0.6105,2.6347
109.3542,0.5433,2.346
109.3544,0.5305,2.2885
109.3546,0.532,2.2941
109.3548,0.5326,2.2978
109.3550,0.5306,2.289
109.3552,0.5314,2.2916
109.3554,0.5944,2.5594
109.3556,0.5986,2.5823
109.3558,0.5395,2.3273
109.3560,0.5388,2.3263
109.3562,0.5298,2.2854
109.3564,0.529,2.2802
109.3566,0.5877,2.5317
109.3568,0.5965,2.5723
109.3570,0.5443,2.3469
109.3572,0.5397,2.3262
109.3574,0.543,2.3434
109.3576,0.5425,2.3402
109.3578,0.5579,2.4025
109.3580,0.6157,2.6526
109.3582,0.5942,2.562
109.3584,0.5395,2.3284
109.3586,0.5295,2.2843
109.3588,0.531,2.2874
109.3590,0.5724,2.4638
109.3592,0.6342,2.7334
109.3594,0.6226,2.682
109.3596,0.6305,2.7174
109.3598,0.5698,2.457
109.3600,0.53,2.2875
109.3602,0.5298,2.2811
109.3604,0.5831,2.5109
109.3606,0.6123,2.6376
109.3608,0.635,2.7345
109.3610,0.6495,2.7983
109.3612,0.631,2.7169
109.3614,0.6118,2.638
109.3616,0.5402,2.3304
109.3618,0.5479,2.358
109.3620,0.6542,2.8132
109.3622,0.7132,3.0683
109.3624,0.7106,3.0583
109.3626,0.6906,2.9735
109.3628,0.6414,2.7657
109.3630,0.5663,2.4432
109.3632,0.5188,2.2373
109.3634,0.5247,2.2616
109.3636,0.5288,2.2802
109.3638,0.5202,2.243
109.3640,0.5603,2.4139
109.3642,0.6157,2.6514
109.3644,0.6341,2.7291
109.3646,0.6307,2.7172
109.3648,0.6025,2.5958
109.3650,0.6306,2.7129
109.3652,0.6741,2.9001
109.3654,0.6596,2.8377
109.3656,0.6611,2.8412
109.3658,0.7359,3.1614
109.3660,0.785,3.3741
109.3662,0.796,3.421
109.3664,0.7553,3.2524
109.3666,0.6786,2.9206
109.3668,0.6883,2.9582
109.3670,0.7156,3.0786
109.3672,0.6964,2.9961
109.3674,0.7223,3.1032
109.3676,0.7554,3.2483
109.3678,0.7359,3.1614
109.3680,0.7782,3.3448
109.3682,0.7609,3.2721
109.3684,0.7225,3.108
109.3686,0.6187,2.6655
109.3688,0.5695,2.4566
109.3690,0.545,2.3511
109.3692,0.5541,2.3871
109.3694,0.6031,2.5971
109.3696,0.6201,2.6749
109.3698,0.5938,2.5581
109.3700,0.6272,2.7009
109.3702,0.6127,2.6397
109.3704,0.6031,2.5971
109.3706,0.6001,2.589
109.3708,0.5319,2.2904
109.3710,0.6079,2.6178
109.3712,0.6189,2.6673
109.3714,0.5768,2.4824
109.3716,0.628,2.699
109.3718,0.6836,2.9381
109.3720,0.7426,3.1902
109.3722,0.7148,3.0793
109.3724,0.6519,2.8021
109.3726,0.7533,3.2345
109.3728,0.8311,3.5687
109.3730,0.8337,3.5767
109.3732,0.8896,3.8111
109.3734,0.9469,4.0623
109.3736,0.855,3.6712
109.3738,0.8006,3.4459
109.3740,0.7532,3.2355
109.3742,0.8189,3.5129
109.3744,0.8803,3.7728
109.3746,0.9527,4.0813
109.3748,0.9769,4.187
109.3750,0.9515,4.0781
109.3752,0.95,4.07
109.3754,0.945,4.0541
109.3756,0.8747,3.7526
109.3758,0.9151,3.9242
109.3760,0.9264,3.9762
109.3762,0.9002,3.8599
109.3764,0.8973,3.8493
109.3766,0.915,3.9291
109.3768,0.8338,3.5889
109.3770,0.7162,3.0812
109.3772,0.7383,3.1761
109.3774,0.7264,3.125
109.3776,0.7394,3.1807
109.3778,0.7067,3.039
109.3780,0.7106,3.0583
109.3782,0.7124,3.0632
109.3784,0.707,3.04
109.3786,0.7418,3.1911
109.3788,0.7082,3.0494
109.3790,0.7008,3.0174
109.3792,0.6853,2.9495
109.3794,0.7052,3.0323
109.3796,0.7384,3.1751
109.3798,0.7679,3.3004
109.3800,0.7732,3.3216
109.3802,0.7391,3.1827
109.3804,0.6856,2.951
109.3806,0.6927,2.9787
109.3808,0.7508,3.2267
109.3810,0.8012,3.4501
109.3812,0.7368,3.1684
109.3814,0.7938,3.4118
109.3816,0.7163,3.0874
109.3818,0.6061,2.6113
109.3820,0.6945,2.9864
109.3822,0.7741,3.3334
109.3824,0.6353,2.7368
109.3826,0.6564,2.8264
109.3828,0.6667,2.8721
109.3830,0.6028,2.5992
109.3832,0.6006,2.5911
109.3834,0.6005,2.5846
109.3836,0.6464,2.7822
109.3838,0.6288,2.7089
109.3840,0.671,2.8894
109.3842,0.685,2.9471
109.3844,0.7011,3.0218
109.3846,0.6294,2.709
109.3848,0.6265,2.6966
109.3850,0.6039,2.6014
109.3852,0.6812,2.9292
109.3854,0.7542,3.2447
109.3856,0.6633,2.8603
109.3858,0.6283,2.7056
109.3860,0.7251,3.1179
109.3862,0.7226,3.1114
109.3864,0.6075,2.6206
109.3866,0.5624,2.4283
109.3868,0.5589,2.4089
109.3870,0.5953,2.5624
109.3872,0.6649,2.8644
109.3874,0.6475,2.7869
109.3876,0.6897,2.9686
109.3878,0.6254,2.6957
109.3880,0.5974,2.5783
109.3882,0.5395,2.3251
109.3884,0.6211,2.6746
109.3886,0.6332,2.7267
109.3888,0.6175,2.6628
109.3890,0.5666,2.4419
109.3892,0.5457,2.3542
109.3894,0.5573,2.4044
109.3896,0.5473,2.3587
109.3898,0.6238,2.6872
109.3900,0.5878,2.5346
109.3902,0.5391,2.329
109.3904,0.4543,1.96
109.3906,0.4429,1.9135
109.3908,0.4334,1.8704
109.3910,0.4879,2.1029
109.3912,0.5269,2.2719
109.3914,0.5096,2.1995
109.3916,0.4413,1.9063
109.3918,0.4323,1.8683
109.3920,0.4325,1.8676
109.3922,0.4336,1.8731
109.3924,0.4349,1.8779
109.3926,0.4299,1.8571
109.3928,0.4274,1.8436
109.3930,0.4329,1.8683
109.3932,0.434,1.8729
109.3934,0.4349,1.8779
109.3936,0.4311,1.8605
109.3938,0.4288,1.8524
109.3940,0.4276,1.8472
109.3942,0.4298,1.854
109.3944,0.4329,1.8683
109.3946,0.428,1.8462
109.3948,0.4366,1.8817
109.3950,0.52,2.2404
109.3952,0.5816,2.5077
109.3954,0.5739,2.47
109.3956,0.5928,2.5527
109.3958,0.5914,2.5489
109.3960,0.5465,2.3578
109.3962,0.4789,2.0651
109.3964,0.4564,1.9679
109.3966,0.4591,1.9789
109.3968,0.5317,2.2894
109.3970,0.5762,2.4821
109.3972,0.5782,2.4921
109.3974,0.5709,2.4582
109.3976,0.5674,2.4444
109.3978,0.6165,2.652
109.3980,0.6373,2.743
109.3982,0.5837,2.5135
109.3984,0.5796,2.4948
109.3986,0.59,2.5403
109.3988,0.6536,2.8119
109.3990,0.6855,2.9464
109.3992,0.7268,3.1208
109.3994,0.7065,3.0337
109.3996,0.7125,3.0595
109.3998,0.6957,2.9902
109.4000,0.6504,2.8019
109.4002,0.5831,2.5097
109.4004,0.6268,2.6976
109.4006,0.5855,2.5212
109.4008,0.6418,2.7634
109.4010,0.6031,2.5959
109.4012,0.603,2.5918
109.4014,0.6126,2.6355
109.4016,0.6246,2.6908
109.4018,0.588,2.5309
109.4020,0.5783,2.4891
109.4022,0.5924,2.5495
109.4024,0.5748,2.4753
109.4026,0.566,2.4382
109.4028,0.5461,2.3525
109.4030,0.6337,2.7263
109.4032,0.6112,2.6366
109.4034,0.451,1.9455
109.4036,0.4612,1.9877
109.4038,0.521,2.2445
109.4040,0.5372,2.3175
109.4042,0.4804,2.0703
109.4044,0.5004,2.1526
109.4046,0.6207,2.67
109.4048,0.6398,2.7513
109.4050,0.6663,2.8652
109.4052,0.6924,2.9744
109.4054,0.7276,3.1258
109.4056,0.777,3.3318
109.4058,0.897,3.8429
109.4060,0.9464,4.0489
109.4062,1.0336,4.4177
109.4064,1.0662,4.5614
109.4066,1.063,4.5475
109.4068,1.0732,4.5911
109.4070,1.0357,4.4326
109.4072,1.0371,4.4346
109.4074,1.0975,4.6952
109.4076,1.0285,4.4018
109.4078,1.0461,4.4752
109.4080,1.1375,4.8592
109.4082,1.1306,4.8413
109.4084,1.0809,4.6261
109.4086,1.1011,4.7084
109.4088,1.1195,4.7846
109.4090,1.1307,4.8419
109.4092,1.0107,4.3319
109.4094,0.9759,4.1829
109.4096,0.9767,4.1899
109.4098,0.9199,3.9447
109.4100,0.9457,4.0572
109.4102,0.9288,3.9809
109.4104,0.9548,4.0924
109.4106,0.9455,4.0542
109.4108,0.8981,3.8511
109.4110,0.908,3.8969
109.4112,0.919,3.9461
109.4114,0.8458,3.6287
109.4116,0.9153,3.9247
109.4118,0.943,4.0416
109.4120,1.0201,4.3679
109.4122,1.0546,4.5095
109.4124,1.0719,4.6005
109.4126,0.8998,3.8745
109.4128,0.7637,3.2793
109.4130,0.8259,3.5482
109.4132,0.8396,3.6086
109.4134,0.8511,3.6547
109.4136,0.852,3.66
109.4138,0.8365,3.5969
109.4140,0.777,3.3412
109.4142,0.7878,3.3891
109.4144,0.8283,3.5618
109.4146,0.8095,3.4809
109.4148,0.7751,3.3345
109.4150,0.7709,3.3133
109.4152,0.7849,3.3768
109.4154,0.7149,3.0784
109.4156,0.6805,2.9302
109.4158,0.6816,2.9321
109.4160,0.7136,3.0727
109.4162,0.6993,3.0126
109.4164,0.6789,2.9235
109.4166,0.6829,2.935
109.4168,0.699,3.0083
109.4170,0.6922,2.9808
109.4172,0.682,2.9382
109.4174,0.6972,3.0006
109.4176,0.6967,2.9985
109.4178,0.7307,3.1392
109.4180,0.8506,3.656
109.4182,0.7341,3.1624
109.4184,0.6016,2.5928
109.4186,0.6446,2.7745
109.4188,0.7201,3.0991
109.4190,0.7565,3.2575
109.4192,0.6434,2.7745
109.4194,0.6192,2.6725
109.4196,0.5507,2.377
109.4198,0.5565,2.3963
109.4200,0.6308,2.7152
109.4202,0.6659,2.8672
109.4204,0.6509,2.8078
109.4206,0.5867,2.5334
109.4208,0.5397,2.3283
109.4210,0.5383,2.321
109.4212,0.6203,2.671
109.4214,0.6683,2.8829
109.4216,0.5469,2.3605
109.4218,0.5295,2.2843
109.4220,0.5284,2.2808
109.4222,0.5269,2.274
109.4224,0.5208,2.2455
109.4226,0.5274,2.275
109.4228,0.5266,2.2709
109.4230,0.5623,2.4267
109.4232,0.517,2.2295
109.4234,0.5172,2.229
109.4236,0.547,2.3566
109.4238,0.5817,2.5094
109.4240,0.5392,2.3273
109.4242,0.5166,2.2285
109.4244,0.5149,2.2182
109.4246,0.6027,2.5963
109.4248,0.5663,2.442
109.4250,0.5453,2.3526
109.4252,0.582,2.5051
109.4254,0.683,2.9383
109.4256,0.7018,3.0193
109.4258,0.7491,3.2225
109.4260,0.7365,3.1713
109.4262,0.7081,3.0461
109.4264,0.6972,2.9992
109.4266,0.6979,2.9967
109.4268,0.7631,3.2859
109.4270,0.6422,2.768
109.4272,0.6221,2.6825
109.4274,0.6386,2.7487
109.4276,0.6527,2.8078
109.4278,0.7208,3.095
109.4280,0.803,3.4514
109.4282,0.8293,3.5577
109.4284,0.8382,3.5974
109.4286,0.8147,3.5031
109.4288,0.7805,3.3592
109.4290,0.6525,2.8112
109.4292,0.5687,2.4535
109.4294,0.5229,2.2549
109.4296,0.5542,2.3865
109.4298,0.6155,2.6503
109.4300,0.6545,2.8155
109.4302,0.6683,2.8748
109.4304,0.6685,2.8745
109.4306,0.6955,2.9933
109.4308,0.6891,2.9715
109.4310,0.6088,2.6226
109.4312,0.5868,2.5269
109.4314,0.6257,2.6917
109.4316,0.7211,3.1009
109.4318,0.709,3.0488
109.4320,0.7458,3.2086
109.4322,0.584,2.5169
109.4324,0.5663,2.4409
109.4326,0.5695,2.4555
109.4328,0.5693,2.455
109.4330,0.5043,2.1757
109.4332,0.4661,2.0126
109.4334,0.4668,2.0147
109.4336,0.4685,2.021
109.4338,0.4709,2.0342
109.4340,0.4651,2.0066
109.4342,0.4644,2.0035
109.4344,0.4637,2.0004
109.4346,0.4676,2.0165
109.4348,0.479,2.0685
109.4350,0.4741,2.0454
109.4352,0.4794,2.0652
109.4354,0.5253,2.2662
109.4356,0.535,2.306
109.4358,0.532,2.2941
109.4360,0.4691,2.0255
109.4362,0.3964,1.7117
109.4364,0.4106,1.772
109.4366,0.4561,1.9659
109.4368,0.5728,2.4642
109.4370,0.6346,2.7286
109.4372,0.6627,2.8538
109.4374,0.6305,2.7149
109.4376,0.662,2.8467
109.4378,0.7124,3.0618
109.4380,0.7197,3.0933
109.4382,0.7734,3.3226
109.4384,0.7358,3.1638
109.4386,0.7091,3.0451
109.4388,0.8113,3.4821
109.4390,0.8651,3.7132
109.4392,0.9058,3.8841
109.4394,0.8926,3.8221
109.4396,0.9782,4.1887
109.4398,1.0394,4.4444
109.4400,1.1048,4.7287
109.4402,1.0424,4.4676
109.4404,0.9571,4.1041
109.4406,0.9843,4.2189
109.4408,0.937,4.0234
109.4410,0.8548,3.6655
109.4412,0.9396,4.0291
109.4414,0.9116,3.9087
109.4416,0.9446,4.0506
109.4418,0.9345,4.0069
109.4420,0.9481,4.0675
109.4422,0.956,4.1014
109.4424,0.9667,4.1414
109.4426,0.9461,4.0625
109.4428,0.8835,3.7937
109.4430,0.8769,3.7672
109.4432,0.8205,3.5185
109.4434,0.8455,3.6288
109.4436,0.8773,3.7687
109.4438,0.8571,3.6839
109.4440,0.7897,3.3927
109.4442,0.7976,3.4219
109.4444,0.9122,3.9131
109.4446,0.9219,3.9548
109.4448,0.9131,3.9227
109.4450,0.838,3.6002
109.4452,0.8401,3.609
109.4454,0.787,3.3855
109.4456,0.7733,3.3283
109.4458,0.7278,3.1283
109.4460,0.7679,3.2989
109.4462,0.7674,3.303
109.4464,0.71,3.0572
109.4466,0.748,3.2164
109.4468,0.8196,3.5209
109.4470,0.8147,3.5014
109.4472,0.7914,3.4014
109.4474,0.8118,3.4891
109.4476,0.7889,3.3875
109.4478,0.8359,3.5993
109.4480,0.7173,3.0873
109.4482,0.7419,3.1901
109.4484,0.812,3.4885
109.4486,0.833,3.5819
109.4488,0.8201,3.5213
109.4490,0.8494,3.6475
109.4492,0.8199,3.5241
109.4494,0.7352,3.1671
109.4496,0.6914,2.9772
109.4498,0.7258,3.1253
109.4500,0.694,2.9885
109.4502,0.6828,2.94
109.4504,0.7149,3.0784
109.4506,0.6979,2.9995
109.4508,0.7504,3.2267
109.4510,0.7831,3.3643
109.4512,0.8401,3.6107
109.4514,0.8143,3.4999
109.4516,0.7515,3.2404
109.4518,0.5587,2.4101
109.4520,0.5649,2.4369
109.4522,0.5373,2.3201
109.4524,0.5035,2.1711
109.4526,0.5397,2.3262
109.4528,0.5001,2.1606
109.4530,0.4481,1.9367
109.4532,0.4468,1.9319
109.4534,0.447,1.932
109.4536,0.4465,1.9273
109.4538,0.4501,1.9446
109.4540,0.4462,1.9275
109.4542,0.4498,1.9404
109.4544,0.4974,2.1447
109.4546,0.5425,2.3391
109.4548,0.5156,2.2254
109.4550,0.462,1.9968
109.4552,0.4492,1.9405
109.4554,0.448,1.9335
109.4556,0.447,1.9302
109.4558,0.4527,1.9555
109.4560,0.4491,1.939
109.4562,0.4462,1.9266
109.4564,0.447,1.9302
109.4566,0.4481,1.934
109.4568,0.4913,2.1203
109.4570,0.4957,2.1395
109.4572,0.5185,2.2336
109.4574,0.5789,2.494
109.4576,0.5752,2.4803
109.4578,0.516,2.2259
109.4580,0.4944,2.1318
109.4582,0.5529,2.383
109.4584,0.5877,2.5317
109.4586,0.6259,2.6927
109.4588,0.7493,3.2206
109.4590,0.7994,3.4328
109.4592,0.7673,3.2979
109.4594,0.7794,3.3452
109.4596,0.8352,3.5912
109.4598,0.7422,3.1901
109.4600,0.7305,3.1455
109.4602,0.6434,2.7719
109.4604,0.6143,2.6439
109.4606,0.6268,2.7001
109.4608,0.6137,2.6426
109.4610,0.6849,2.9479
109.4612,0.6525,2.806
109.4614,0.6993,3.0056
109.4616,0.7382,3.1771
109.4618,0.6861,2.9517
109.4620,0.6737,2.8994
109.4622,0.6641,2.8594
109.4624,0.5915,2.5494
109.4626,0.5728,2.4688
109.4628,0.6054,2.6057
109.4630,0.6451,2.774
109.4632,0.6991,3.0046
109.4634,0.7245,3.1182
109.4636,0.6753,2.908
109.4638,0.6641,2.8555
109.4640,0.671,2.8894
109.4642,0.6874,2.956
109.4644,0.7738,3.3195
109.4646,0.8462,3.6353
109.4648,0.7627,3.2813
109.4650,0.7359,3.1643
109.4652,0.7457,3.2081
109.4654,0.7028,3.0248
109.4656,0.7054,3.0362
109.4658,0.7023,3.0213
109.4660,0.7142,3.0724
109.4662,0.6886,2.9625
109.4664,0.7035,3.0279
109.4666,0.6325,2.7236
109.4668,0.7016,3.0182
109.4670,0.7259,3.123
109.4672,0.6952,2.9867
109.4674,0.7132,3.0654
109.4676,0.7286,3.1314
109.4678,0.7759,3.3381
109.4680,0.6663,2.8679
109.4682,0.6802,2.9264
109.4684,0.712,3.066
109.4686,0.6533,2.8104
109.4688,0.6752,2.9061
109.4690,0.7118,3.0607
109.4692,0.7713,3.3102
109.4694,0.8038,3.4513
109.4696,0.8018,3.4479
109.4698,0.7828,3.3659
109.4700,0.729,3.1335
109.4702,0.7512,3.2273
109.4704,0.8109,3.4855
109.4706,0.7865,3.3819
109.4708,0.7813,3.3535
109.4710,0.8487,3.6376
109.4712,0.9461,4.0549
109.4714,0.9878,4.2338
109.4716,1.0196,4.3679
109.4718,0.9849,4.2195
109.4720,1.0275,4.4039
109.4722,0.9951,4.2592
109.4724,1.0529,4.517
109.4726,0.9137,3.9216
109.4728,0.8849,3.7946
109.4730,0.8954,3.8483
109.4732,0.8815,3.7832
109.4734,0.9614,4.1226
109.4736,0.9574,4.1071
109.4738,0.9065,3.8908
109.4740,0.9263,3.972
109.4742,0.9637,4.1324
109.4744,0.9624,4.1287
109.4746,0.9496,4.0736
109.4748,0.9671,4.1449
109.4750,0.9819,4.2145
109.4752,0.8937,3.8411
109.4754,0.8243,3.5394
109.4756,0.9004,3.8645
109.4758,0.8611,3.6992
109.4760,0.8522,3.661
109.4762,0.8598,3.6918
109.4764,0.8916,3.8287
109.4766,0.8827,3.7972
109.4768,0.7715,3.3174
109.4770,0.7808,3.3545
109.4772,0.7968,3.4246
109.4774,0.8172,3.5123
109.4776,0.859,3.687
109.4778,0.8793,3.781
109.4780,0.8309,3.5693
109.4782,0.8437,3.6295
109.4784,0.8432,3.6241
109.4786,0.8371,3.5961
109.4788,0.8132,3.4952
109.4790,0.7872,3.3881
109.4792,0.7478,3.2153
109.4794,0.8162,3.5081
109.4796,0.8323,3.5772
109.4798,0.8391,3.6066
109.4800,0.8047,3.4603
109.4802,0.833,3.5803
109.4804,0.7668,3.3035
109.4806,0.7071,3.0448
109.4808,0.7858,3.3772
109.4810,0.8539,3.6717
109.4812,0.8547,3.6736
109.4814,0.8515,3.6579
109.4816,0.9046,3.8807
109.4818,0.977,4.1875
109.4820,1.0005,4.2983
109.4822,0.9128,3.9212
109.4824,0.838,3.607
109.4826,0.7428,3.2002
109.4828,0.7223,3.1147
109.4830,0.682,2.9369
109.4832,0.6894,2.967
109.4834,0.759,3.2669
109.4836,0.8322,3.575
109.4838,0.8479,3.6476
109.4840,0.7996,3.4381
109.4842,0.7964,3.4247
109.4844,0.8466,3.6385
109.4846,0.8343,3.5893
109.4848,0.8041,3.4577
109.4850,0.7958,3.4221
109.4852,0.7608,3.2761
109.4854,0.7154,3.0861
109.4856,0.6593,2.8401
109.4858,0.6988,3.012
109.4860,0.7141,3.0719
109.4862,0.7868,3.385
109.4864,0.7818,3.3665
109.4866,0.7172,3.0867
109.4868,0.7527,3.2365
109.4870,0.7701,3.3113
109.4872,0.8038,3.4594
109.4874,0.8203,3.5273
109.4876,0.8775,3.768
109.4878,0.9498,4.0823
109.4880,0.8648,3.7151
109.4882,0.8389,3.6072
109.4884,0.7437,3.2067
109.4886,0.615,2.6532
109.4888,0.5832,2.5161
109.4890,0.5777,2.4923
109.4892,0.5783,2.4949
109.4894,0.5762,2.4867
109.4896,0.577,2.4892
109.4898,0.6242,2.688
109.4900,0.6811,2.9341
109.4902,0.6518,2.8107
109.4904,0.65,2.8016
109.4906,0.6517,2.8089
109.4908,0.6546,2.816
109.4910,0.8232,3.5364
109.4912,0.9149,3.9323
109.4914,0.7868,3.3866
109.4916,0.7448,3.2069
109.4918,0.7246,3.1216
109.4920,0.6531,2.8138
109.4922,0.6451,2.783
109.4924,0.6431,2.7742
109.4926,0.6433,2.7727
109.4928,0.6443,2.7755
109.4930,0.6446,2.7771
109.4932,0.6419,2.7678
109.4934,0.6437,2.7755
109.4936,0.6454,2.7828
109.4938,0.6458,2.7822
109.4940,0.6406,2.7608
109.4942,0.6535,2.8127
109.4944,0.7872,3.3834
109.4946,0.84,3.6085
109.4948,0.8022,3.4494
109.4950,0.7832,3.3711
109.4952,0.7312,3.1515
109.4954,0.6605,2.8466
109.4956,0.6516,2.8057
109.4958,0.6867,2.957
109.4960,0.7462,3.2101
109.4962,0.7448,3.2025
109.4964,0.7418,3.1896
109.4966,0.7444,3.2039
109.4968,0.7311,3.1481
109.4970,0.7413,3.189
109.4972,0.7888,3.3885
109.4974,0.8623,3.7026
109.4976,0.8837,3.7965
109.4978,0.8907,3.8282
109.4980,0.8506,3.6543
109.4982,0.8384,3.6052
109.4984,0.7746,3.3339
109.4986,0.7926,3.405
109.4988,0.8258,3.5461
109.4990,0.8608,3.705
109.4992,0.8077,3.4699
109.4994,0.8805,3.7808
109.4996,0.9292,3.9862
109.4998,0.9032,3.88
109.5000,0.8293,3.5676
109.5002,0.7984,3.4345
109.5004,0.8136,3.4952
109.5006,0.9184,3.9472
109.5008,0.8307,3.5755
109.5010,0.7904,3.3973
109.5012,0.8421,3.6211
109.5014,0.8161,3.5092
109.5016,0.7707,3.3215
109.5018,0.6215,2.6836
109.5020,0.5186,2.2435
109.5022,0.4717,2.0378
109.5024,0.5311,2.2879
109.5026,0.6642,2.8639
109.5028,0.5796,2.5006
109.5030,0.6073,2.6164
109.5032,0.6474,2.7928
109.5034,0.5705,2.4647
109.5036,0.5602,2.4145
109.5038,0.5644,2.436
109.5040,0.5582,2.408
109.5042,0.5937,2.5564
109.5044,0.6841,2.9457
109.5046,0.6805,2.9302
109.5048,0.6919,2.9765
109.5050,0.7599,3.2689
109.5052,0.8235,3.5363
109.5054,0.9357,4.0158
109.5056,0.9187,3.9451
109.5058,0.9147,3.9258
109.5060,0.942,4.0431
109.5062,0.9347,4.0136
109.5064,0.9056,3.8866
109.5066,0.9903,4.2465
109.5068,1.0321,4.4234
109.5070,1.0605,4.541
109.5072,1.1216,4.8051
109.5074,1.0899,4.6689
109.5076,1.092,4.6804
109.5078,1.0942,4.6874
109.5080,1.0833,4.6407
109.5082,1.0968,4.7009
109.5084,1.0786,4.6228
109.5086,1.1075,4.7467
109.5088,1.0527,4.5118
109.5090,1.0256,4.3957
109.5092,1.0276,4.4085
109.5094,0.9925,4.2558
109.5096,1.0221,4.3889
109.5098,1.011,4.335
109.5100,1.0364,4.4461
109.5102,0.953,4.0962
109.5104,0.881,3.79
109.5106,0.8528,3.6636
109.5108,0.9315,3.9922
109.5110,1.0708,4.5873
109.5112,1.0912,4.6833
109.5114,1.0516,4.5114
109.5116,1.0685,4.5754
109.5118,1.145,4.8984
109.5120,1.1183,4.8064
109.5122,0.8452,3.6396
109.5124,0.7861,3.3835
109.5126,0.8767,3.7696
109.5128,0.8987,3.8573
109.5130,0.958,4.1154
109.5132,0.8771,3.7734
109.5134,0.9038,3.8789
109.5136,0.9955,4.2706
109.5138,1.0217,4.3874
109.5140,0.897,3.8645
109.5142,0.8195,3.5302
109.5144,0.8083,3.479
109.5146,0.7942,3.4165
109.5148,0.8403,3.6184
109.5150,0.7648,3.2947
109.5152,0.7353,3.1647
109.5154,0.8016,3.4501
109.5156,0.8065,3.4793
109.5158,0.7069,3.0508
109.5160,0.6281,2.7071
109.5162,0.643,2.775
109.5164,0.6055,2.6147
109.5166,0.6093,2.6296
109.5168,0.6063,2.6154
109.5170,0.6061,2.6173
109.5172,0.6147,2.6553
109.5174,0.6085,2.6252
109.5176,0.6567,2.8253
109.5178,0.7888,3.3948
109.5180,0.7787,3.3546
109.5182,0.757,3.2626
109.5184,0.6861,2.9572
109.5186,0.6796,2.932
109.5188,0.5786,2.4982
109.5190,0.5495,2.3762
109.5192,0.4805,2.0757
109.5194,0.5072,2.1891
109.5196,0.5567,2.4029
109.5198,0.5829,2.5145
109.5200,0.5636,2.4324
109.5202,0.571,2.4656
109.5204,0.5521,2.3838
109.5206,0.4905,2.1211
109.5208,0.4648,2.0106
109.5210,0.4633,2.0025
109.5212,0.4644,2.0072
109.5214,0.5079,2.1943
109.5216,0.5465,2.3567
109.5218,0.5776,2.4872
109.5220,0.6621,2.8565
109.5222,0.5913,2.5531
109.5224,0.5804,2.5048
109.5226,0.5837,2.517
109.5228,0.5986,2.5835
109.5230,0.5497,2.3757
109.5232,0.5055,2.1819
109.5234,0.5075,2.1922
109.5236,0.4547,1.9661
109.5238,0.4446,1.9234
109.5240,0.4433,1.916
109.5242,0.4516,1.9526
109.5244,0.4609,1.9912
109.5246,0.4853,2.0954
109.5248,0.4658,2.0106
109.5250,0.5216,2.2481
109.5252,0.624,2.6907
109.5254,0.5951,2.5673
109.5256,0.5884,2.5383
109.5258,0.5866,2.5318
109.5260,0.6015,2.5923
109.5262,0.6049,2.6085
109.5264,0.5847,2.5211
109.5266,0.5641,2.4311
109.5268,0.5912,2.5502
109.5270,0.6145,2.6499
109.5272,0.5673,2.4462
109.5274,0.544,2.348
109.5276,0.5518,2.3806
109.5278,0.6034,2.5982
109.5280,0.6618,2.8483
109.5282,0.7275,3.1326
109.5284,0.7296,3.136
109.5286,0.7939,3.4139
109.5288,0.7112,3.0666
109.5290,0.6215,2.6811
109.5292,0.5904,2.546
109.5294,0.556,2.3964
109.5296,0.6192,2.67
109.5298,0.6232,2.6846
109.5300,0.6094,2.6264
109.5302,0.627,2.7011
109.5304,0.6293,2.7122
109.5306,0.5922,2.5525
109.5308,0.6115,2.6357
109.5310,0.6601,2.8411
109.5312,0.7288,3.1368
109.5314,0.6865,2.9532
109.5316,0.7377,3.172
109.5318,0.8056,3.4655
109.5320,0.7082,3.048
109.5322,0.6567,2.8293
109.5324,0.6332,2.7305
109.5326,0.5933,2.5595
109.5328,0.5346,2.3082
109.5330,0.49,2.1156
109.5332,0.4874,2.1047
109.5334,0.484,2.0897
109.5336,0.4858,2.0975
109.5338,0.4908,2.1192
109.5340,0.4885,2.1094
109.5342,0.5076,2.1897
109.5344,0.5421,2.3419
109.5346,0.4883,2.1064
109.5348,0.4976,2.1487
109.5350,0.4467,1.9287
109.5352,0.4882,2.103
109.5354,0.5912,2.5514
109.5356,0.4515,1.9503
109.5358,0.4124,1.7823
109.5360,0.4073,1.7589
109.5362,0.415,1.792
109.5364,0.4245,1.8337
109.5366,0.4714,2.0306
109.5368,0.539,2.3241
109.5370,0.5494,2.3702
109.5372,0.5206,2.245
109.5374,0.5378,2.3147
109.5376,0.6401,2.7549
109.5378,0.7057,3.0358
109.5380,0.7171,3.0834
109.5382,0.735,3.1578
109.5384,0.7874,3.3829
109.5386,0.833,3.5769
109.5388,0.8273,3.5522
109.5390,0.8132,3.4952
109.5392,0.8406,3.6077
109.5394,0.9313,3.9936
109.5396,0.9506,4.0745
109.5398,0.9985,4.2815
109.5400,0.9634,4.1251
109.5402,0.9976,4.2719
109.5404,0.9574,4.1051
109.5406,0.9264,3.9743
109.5408,0.9381,4.0242
109.5410,0.9879,4.2323
109.5412,1.0138,4.3453
109.5414,1.0189,4.3608
109.5416,1.0925,4.6737
109.5418,1.1134,4.7607
109.5420,1.086,4.6482
109.5422,1.0443,4.4717
109.5424,1.066,4.5795
109.5426,0.9107,3.9161
109.5428,0.8463,3.6358
109.5430,0.8722,3.7401
109.5432,0.9083,3.9003
109.5434,0.8767,3.7591
109.5436,0.8996,3.8681
109.5438,0.843,3.6247
109.5440,0.8643,3.7113
109.5442,0.8517,3.6556
109.5444,0.8907,3.8246
109.5446,0.9023,3.8764
109.5448,0.8406,3.6094
109.5450,0.8322,3.5733
109.5452,0.889,3.8174
109.5454,0.928,3.981
109.5456,0.9221,3.9595
109.5458,0.933,4.0101
109.5460,0.8653,3.7189
109.5462,0.8595,3.6925
109.5464,0.8106,3.4839
109.5466,0.7909,3.4026
109.5468,0.8114,3.4859
109.5470,0.8433,3.6263
109.5472,0.7926,3.4082
109.5474,0.7749,3.3319
109.5476,0.8277,3.5576
109.5478,0.8522,3.6593
109.5480,0.858,3.6858
109.5482,0.8428,3.6242
109.5484,0.8563,3.6768
109.5486,0.8648,3.7203
109.5488,0.7902,3.3995
109.5490,0.801,3.4459
109.5492,0.7926,3.4066
109.5494,0.7837,3.37
109.5496,0.8304,3.5673
109.5498,0.8776,3.7738
109.5500,0.8861,3.8086
109.5502,0.8478,3.6522
109.5504,0.6663,2.8746
109.5506,0.624,2.692
109.5508,0.6269,2.6931
109.5510,0.8318,3.5785
109.5512,0.8148,3.5085
109.5514,0.7456,3.2105
109.5516,0.7479,3.2203
109.5518,0.7283,3.1376
109.5520,0.6522,2.8109
109.5522,0.6248,2.6943
109.5524,0.6573,2.8345
109.5526,0.607,2.6173
109.5528,0.5916,2.5535
109.5530,0.5352,2.3108
109.5532,0.5199,2.2471
109.5534,0.5169,2.2311
109.5536,0.5155,2.2249
109.5538,0.5169,2.2331
109.5540,0.516,2.2269
109.5542,0.5732,2.4669
109.5544,0.6695,2.888
109.5546,0.5396,2.33
109.5548,0.5257,2.2699
109.5550,0.5151,2.2243
109.5552,0.5082,2.1943
109.5554,0.5105,2.2052
109.5556,0.5118,2.2088
109.5558,0.5107,2.2042
109.5560,0.5073,2.1907
109.5562,0.5102,2.2
109.5564,0.5181,2.2352
109.5566,0.5082,2.1943
109.5568,0.5445,2.3523
109.5570,0.5095,2.2
109.5572,0.5006,2.1617
109.5574,0.506,2.183
109.5576,0.5799,2.4993
109.5578,0.5573,2.4032
109.5580,0.531,2.2927
109.5582,0.4979,2.1498
109.5584,0.5153,2.2238
109.5586,0.5139,2.2192
109.5588,0.512,2.2088
109.5590,0.5246,2.2631
109.5592,0.5335,2.3004
109.5594,0.5245,2.2605
109.5596,0.5175,2.2305
109.5598,0.5812,2.5027
109.5600,0.6589,2.8333
109.5602,0.6873,2.961
109.5604,0.5934,2.5589
109.5606,0.5742,2.4773
109.5608,0.5904,2.5389
109.5610,0.6909,2.9723
109.5612,0.7048,3.0294
109.5614,0.7276,3.1316
109.5616,0.6783,2.9236
109.5618,0.7002,3.0078
109.5620,0.8016,3.4485
109.5622,0.6723,2.8978
109.5624,0.6632,2.8518
109.5626,0.7123,3.0613
109.5628,0.7072,3.0425
109.5630,0.7096,3.0542
109.5632,0.7154,3.079
109.5634,0.7035,3.0279
109.5636,0.6997,3.0072
109.5638,0.783,3.3654
109.5640,0.8611,3.6957
109.5642,0.8631,3.7096
109.5644,0.7744,3.3267
109.5646,0.7861,3.3835
109.5648,0.742,3.1906
109.5650,0.7781,3.3411
109.5652,0.807,3.4684
109.5654,0.8111,3.486
109.5656,0.8264,3.5503
109.5658,0.7597,3.273
109.5660,0.6085,2.6216
109.5662,0.6247,2.6926
109.5664,0.6165,2.6545
109.5666,0.5861,2.5285
109.5668,0.5621,2.4239
109.5670,0.591,2.5474
109.5672,0.5651,2.4346
109.5674,0.6175,2.6579
109.5676,0.6524,2.8067
109.5678,0.7096,3.0556
109.5680,0.6481,2.7908
109.5682,0.643,2.7686
109.5684,0.709,3.0502
109.5686,0.6031,2.6056
109.5688,0.4579,1.9764
109.5690,0.4543,1.9627
109.5692,0.4202,1.8143
109.5694,0.4293,1.8545
109.5696,0.4476,1.9328
109.5698,0.503,2.168
109.5700,0.5394,2.3257
109.5702,0.5609,2.421
109.5704,0.5187,2.2368
109.5706,0.5517,2.3712
109.5708,0.7139,3.0685
109.5710,0.7235,3.1141
109.5712,0.6505,2.7985
109.5714,0.6997,3.0086
109.5716,0.725,3.1188
109.5718,0.7775,3.3339
109.5720,0.9252,3.9692
109.5722,0.9046,3.8789
109.5724,0.9066,3.8895
109.5726,0.9131,3.9154
109.5728,0.9474,4.0625
109.5730,0.9646,4.136
109.5732,0.9509,4.0812
109.5734,0.9412,4.032
109.5736,0.9547,4.0957
109.5738,0.946,4.0582
109.5740,0.96,4.1126
109.5742,0.9975,4.2774
109.5744,0.9817,4.2017
109.5746,1.0799,4.6198
109.5748,1.0825,4.6441
109.5750,0.9702,4.1582
109.5752,0.9715,4.1619
109.5754,1.0366,4.445
109.5756,0.947,4.0647
109.5758,0.9261,3.9691
109.5760,0.9331,4.0088
109.5762,0.8511,3.6666
109.5764,0.6862,2.955
109.5766,0.6933,2.984
109.5768,0.71,3.0544
109.5770,0.76,3.274
109.5772,0.7024,3.0204
109.5774,0.7108,3.0594
109.5776,0.7082,3.048
109.5778,0.7125,3.0652
109.5780,0.7438,3.1968
109.5782,0.8496,3.6514
109.5784,0.8233,3.5352
109.5786,0.7599,3.2674
109.5788,0.7199,3.0943
109.5790,0.7621,3.2757
109.5792,0.7013,3.0214
109.5794,0.6942,2.9863
109.5796,0.7179,3.0884
109.5798,0.7394,3.1793
109.5800,0.782,3.3644
109.5802,0.7703,3.3107
109.5804,0.7359,3.1672
109.5806,0.7389,3.1787
109.5808,0.7854,3.3725
109.5810,0.8211,3.5325
109.5812,0.7783,3.3499
109.5814,0.7701,3.3159
109.5816,0.731,3.1432
109.5818,0.772,3.3195
109.5820,0.8021,3.4521
109.5822,0.7216,3.1087
109.5824,0.6732,2.8987
109.5826,0.698,3.007
109.5828,0.6561,2.8267
109.5830,0.6729,2.8976
109.5832,0.6649,2.8657
109.5834,0.5994,2.5835
109.5836,0.5885,2.5353
109.5838,0.5862,2.5279
109.5840,0.6199,2.6682
109.5842,0.7397,3.1778
109.5844,0.7443,3.2108
109.5846,0.5906,2.5488
109.5848,0.5558,2.3954
109.5850,0.6024,2.5952
109.5852,0.6228,2.6843
109.5854,0.5828,2.5105
109.5856,0.5806,2.5012
109.5858,0.58,2.4975
109.5860,0.6305,2.7186
109.5862,0.5993,2.5854
109.5864,0.6145,2.6474
109.5866,0.6365,2.7394
109.5868,0.6956,2.9938
109.5870,0.6366,2.7476
109.5872,0.5058,2.1799
109.5874,0.601,2.5902
109.5876,0.5394,2.3311
109.5878,0.4572,1.9761
109.5880,0.4558,1.968
109.5882,0.4491,1.9381
109.5884,0.4451,1.9228
109.5886,0.4453,1.9239
109.5888,0.4458,1.9251
109.5890,0.4462,1.9257
109.5892,0.4804,2.0723
109.5894,0.566,2.4416
109.5896,0.51,2.2021
109.5898,0.4666,2.0146
109.5900,0.4764,2.0561
109.5902,0.4868,2.1031
109.5904,0.4602,1.9863
109.5906,0.4593,1.9831
109.5908,0.4594,1.9827
109.5910,0.4605,1.9864
109.5912,0.5036,2.1736
109.5914,0.4529,1.9547
109.5916,0.4407,1.9028
109.5918,0.4411,1.904
109.5920,0.4456,1.9222
109.5922,0.4461,1.9252
109.5924,0.45,1.9423
109.5926,0.4915,2.1204
109.5928,0.4655,2.0081
109.5930,0.45,1.9432
109.5932,0.4473,1.9313
109.5934,0.4477,1.9325
109.5936,0.4453,1.9212
109.5938,0.4444,1.9171
109.5940,0.4662,2.0112
109.5942,0.5084,2.1933
109.5944,0.5418,2.3317
109.5946,0.5981,2.5766
109.5948,0.572,2.4675
109.5950,0.5647,2.4348
109.5952,0.5106,2.2006
109.5954,0.5287,2.2786
109.5956,0.547,2.3566
109.5958,0.5259,2.2657
109.5960,0.5257,2.2646
109.5962,0.5765,2.4814
109.5964,0.594,2.5567
109.5966,0.5853,2.5202
109.5968,0.5826,2.5088
109.5970,0.6018,2.5915
109.5972,0.5841,2.5139
109.5974,0.5836,2.5095
109.5976,0.6798,2.9216
109.5978,0.7293,3.1345
109.5980,0.734,3.1561
109.5982,0.7475,3.2113
109.5984,0.7412,3.184
109.5986,0.715,3.0774
109.5988,0.6776,2.9178
109.5990,0.6067,2.6114
109.5992,0.6022,2.5918
109.5994,0.5968,2.5662
109.5996,0.6517,2.805
109.5998,0.6967,2.9943
109.6000,0.7079,3.0456
109.6002,0.669,2.8806
109.6004,0.6313,2.7197
109.6006,0.6298,2.7067
109.6008,0.6936,2.9823
109.6010,0.6654,2.8638
109.6012,0.6499,2.7985
109.6014,0.6563,2.8272
109.6016,0.6048,2.5995
109.6018,0.6687,2.8796
109.6020,0.6425,2.7639
109.6022,0.6578,2.8326
109.6024,0.5789,2.4952
109.6026,0.5425,2.337
109.6028,0.5693,2.4538
109.6030,0.5636,2.4256
109.6032,0.5949,2.5591
109.6034,0.6313,2.716
109.6036,0.6181,2.658
109.6038,0.6559,2.8138
109.6040,0.7987,3.4265
109.6042,0.8479,3.6391
109.6044,0.8269,3.5507
109.6046,0.796,3.4178
109.6048,0.8269,3.5474
109.6050,0.8475,3.6308
109.6052,0.8665,3.7223
109.6054,0.8281,3.5442
109.6056,1.0315,4.4043
109.6058,1.1287,4.8241
109.6060,1.1083,4.7325
109.6062,1.1552,4.942
109.6064,1.1323,4.844
109.6066,1.1147,4.7641
109.6068,1.1275,4.819
109.6070,1.1226,4.7957
109.6072,1.1704,4.9978
109.6074,1.2244,5.238
109.6076,1.1927,5.0978
109.6078,1.1674,4.9966
109.6080,1.1328,4.8461
109.6082,1.1447,4.8991
109.6084,1.0542,4.5227
109.6086,0.9674,4.1464
109.6088,1.0095,4.3228
109.6090,1.0666,4.5672
109.6092,1.0756,4.6078
109.6094,1.0246,4.3977
109.6096,0.9776,4.1842
109.6098,1.0836,4.6422
109.6100,1.0659,4.5662
109.6102,1.0554,4.5257
109.6104,0.9448,4.0493
109.6106,0.969,4.1589
109.6108,0.9734,4.174
109.6110,1.0325,4.4255
109.6112,1.0659,4.5662
109.6114,1.069,4.5817
109.6116,1.005,4.2992
109.6118,1.1149,4.7696
109.6120,1.1519,4.9322
109.6122,1.0358,4.4559
109.6124,0.8276,3.5538
109.6126,0.9086,3.8995
109.6128,0.9143,3.9297
109.6130,0.8711,3.7424
109.6132,0.8792,3.7769
109.6134,0.8633,3.7072
109.6136,0.8613,3.7019
109.6138,0.8605,3.6949
109.6140,0.8848,3.8029
109.6142,0.8907,3.8211
109.6144,0.9891,4.2434
109.6146,0.9866,4.2346
109.6148,0.9877,4.2372
109.6150,1.0069,4.3215
109.6152,0.9757,4.1936
109.6154,0.8732,3.7564
109.6156,0.844,3.6311
109.6158,0.7684,3.3071
109.6160,0.697,3.0056
109.6162,0.6714,2.8936
109.6164,0.668,2.8791
109.6166,0.6672,2.8742
109.6168,0.6792,2.9272
109.6170,0.733,3.1549
109.6172,0.8165,3.5124
109.6174,0.7606,3.272
109.6176,0.7258,3.1282
109.6178,0.6673,2.8787
109.6180,0.6179,2.6631
109.6182,0.6521,2.8104
109.6184,0.6794,2.9282
109.6186,0.6768,2.9223
109.6188,0.4959,2.1435
109.6190,0.4864,2.0991
109.6192,0.529,2.2833
109.6194,0.5356,2.3097
109.6196,0.5613,2.4192
109.6198,0.6671,2.875
109.6200,0.631,2.722
109.6202,0.5825,2.5095
109.6204,0.6292,2.7155
109.6206,0.5651,2.4391
109.6208,0.5578,2.4031
109.6210,0.6175,2.6616
109.6212,0.6287,2.7096
109.6214,0.6559,2.8296
109.6216,0.6298,2.713
109.6218,0.6361,2.7455
109.6220,0.5705,2.4601
109.6222,0.6102,2.6313
109.6224,0.5398,2.3278
109.6226,0.5398,2.3278
109.6228,0.5981,2.5766
109.6230,0.6367,2.7455
109.6232,0.563,2.4309
109.6234,0.5362,2.3133
109.6236,0.6017,2.5934
109.6238,0.624,2.692
109.6240,0.5504,2.3755
109.6242,0.5519,2.3789
109.6244,0.6075,2.6182
109.6246,0.6629,2.8569
109.6248,0.6866,2.9551
109.6250,0.7085,3.0496
109.6252,0.6849,2.9506
109.6254,0.6951,2.9932
109.6256,0.6639,2.8589
109.6258,0.6789,2.9221
109.6260,0.7077,3.0488
109.6262,0.6636,2.86
109.6264,0.6288,2.7101
109.6266,0.6218,2.6802
109.6268,0.6457,2.7817
109.6270,0.7141,3.0747
109.6272,0.6591,2.8343
109.6274,0.7205,3.0983
109.6276,0.7779,3.3448
109.6278,0.7656,3.2937
109.6280,0.7125,3.0666
109.6282,0.6981,3.0089
109.6284,0.651,2.8058
109.6286,0.638,2.7461
109.6288,0.6361,2.7404
109.6290,0.6452,2.7797
109.6292,0.6487,2.7946
109.6294,0.6446,2.7758
109.6296,0.6808,2.9304
109.6298,0.7234,3.1107
109.6300,0.7775,3.3417
109.6302,0.7843,3.3742
109.6304,0.8232,3.5397
109.6306,0.7744,3.3314
109.6308,0.7569,3.2515
109.6310,0.7919,3.4003
109.6312,0.8071,3.4706
109.6314,0.7955,3.419
109.6316,0.8359,3.5943
109.6318,0.7793,3.3525
109.6320,0.7162,3.084
109.6322,0.7384,3.1796
109.6324,0.7035,3.0279
109.6326,0.6593,2.8375
109.6328,0.668,2.8765
109.6330,0.6938,2.9944
109.6332,0.5825,2.5142
109.6334,0.5625,2.4232
109.6336,0.6495,2.7983
109.6338,0.6862,2.9563
109.6340,0.6268,2.7039
109.6342,0.4993,2.156
109.6344,0.4805,2.0728
109.6346,0.5018,2.1669
109.6348,0.5483,2.3645
109.6350,0.5456,2.3548
109.6352,0.473,2.0445
109.6354,0.4045,1.7472
109.6356,0.3959,1.7113
109.6358,0.4081,1.7628
109.6360,0.4402,1.899
109.6362,0.4959,2.1385
109.6364,0.529,2.2844
109.6366,0.4916,2.1199
109.6368,0.5876,2.5265
109.6370,0.7398,3.1828
109.6372,0.6933,2.984
109.6374,0.7189,3.0925
109.6376,0.7566,3.2505
109.6378,0.796,3.4178
109.6380,0.7924,3.4072
109.6382,0.8274,3.5527
109.6384,0.8693,3.726
109.6386,0.9396,4.0272
109.6388,0.9828,4.2122
109.6390,0.9739,4.1742
109.6392,0.9619,4.1208
109.6394,0.9872,4.2371
109.6396,0.9166,3.9303
109.6398,0.9782,4.1887
109.6400,1.0021,4.2949
109.6402,0.9846,4.2199
109.6404,1.0024,4.2885
109.6406,1.1166,4.779
109.6408,1.1101,4.7535
109.6410,1.0989,4.7075
109.6412,1.119,4.7871
109.6414,1.1472,4.9191
109.6416,0.9869,4.2376
109.6418,0.9299,3.9911
109.6420,0.8645,3.7106
109.6422,0.8588,3.6877
109.6424,0.896,3.8562
109.6426,0.7211,3.1038
109.6428,0.7235,3.1083
109.6430,0.8062,3.4681
109.6432,0.7757,3.3401
109.6434,0.736,3.1648
109.6436,0.7894,3.3895
109.6438,0.824,3.5449
109.6440,0.8253,3.5539
109.6442,0.7966,3.4284
109.6444,0.7855,3.3778
109.6446,0.8343,3.5843
109.6448,0.8322,3.5817
109.6450,0.7657,3.2927
109.6452,0.7878,3.3844
109.6454,0.792,3.4056
109.6456,0.7822,3.3633
109.6458,0.8285,3.5657
109.6460,0.7791,3.3515
109.6462,0.7547,3.2453
109.6464,0.7744,3.3298
109.6466,0.7789,3.3463
109.6468,0.8169,3.5161
109.6470,0.7775,3.3417
109.6472,0.8487,3.6461
109.6474,0.8432,3.6275
109.6476,0.7734,3.3303
109.6478,0.7305,3.144
109.6480,0.7004,3.0173
109.6482,0.6398,2.7577
109.6484,0.6108,2.6351
109.6486,0.6384,2.7502
109.6488,0.6551,2.8233
109.6490,0.6226,2.6858
109.6492,0.6033,2.6001
109.6494,0.6642,2.8613
109.6496,0.6518,2.8055
109.6498,0.6519,2.8047
109.6500,0.7169,3.0828
109.6502,0.7228,3.1168
109.6504,0.6223,2.686
109.6506,0.5392,2.3263
109.6508,0.5176,2.2352
109.6510,0.4963,2.146
109.6512,0.4251,1.8372
109.6514,0.409,1.7694
109.6516,0.4271,1.8451
109.6518,0.4483,1.9359
109.6520,0.4419,1.9089
109.6522,0.4438,1.918
109.6524,0.4458,1.926
109.6526,0.4462,1.9266
109.6528,0.4561,1.9696
109.6530,0.5041,2.1757
109.6532,0.5354,2.3118
109.6534,0.4642,2.0043
109.6536,0.4553,1.9651
109.6538,0.4591,1.9835
109.6540,0.4493,1.941
109.6542,0.4486,1.9361
109.6544,0.4491,1.939
109.6546,0.4511,1.9478
109.6548,0.4463,1.9271
109.6550,0.4753,2.0505
109.6552,0.5003,2.1601
109.6554,0.4528,1.9542
109.6556,0.4505,1.9444
109.6558,0.4479,1.9357
109.6560,0.4473,1.9313
109.6562,0.4476,1.9319
109.6564,0.4475,1.9332
109.6566,0.4479,1.933
109.6568,0.4439,1.915
109.6570,0.4443,1.9183
109.6572,0.442,1.9085
109.6574,0.4451,1.922
109.6576,0.4476,1.9319
109.6578,0.4446,1.9199
109.6580,0.4612,1.9895
109.6582,0.5139,2.215
109.6584,0.5475,2.3598
109.6586,0.5115,2.2068
109.6588,0.4591,1.9825
109.6590,0.444,1.9173
109.6592,0.4482,1.9345
109.6594,0.4495,1.9402
109.6596,0.5093,2.1929
109.6598,0.5876,2.5324
109.6600,0.5765,2.4825
109.6602,0.5441,2.3453
109.6604,0.5669,2.4423
109.6606,0.6039,2.599
109.6608,0.6204,2.6715
109.6610,0.6482,2.7887
109.6612,0.6611,2.8465
109.6614,0.6765,2.9077
109.6616,0.6729,2.8936
109.6618,0.669,2.8819
109.6620,0.5645,2.432
109.6622,0.5453,2.3494
109.6624,0.5356,2.3064
109.6626,0.6347,2.7291
109.6628,0.684,2.9424
109.6630,0.6558,2.8225
109.6632,0.6792,2.9204
109.6634,0.6914,2.9758
109.6636,0.6053,2.6089
109.6638,0.575,2.4758
109.6640,0.5783,2.4891
109.6642,0.6611,2.8452
109.6644,0.6722,2.8932
109.6646,0.6737,2.898
109.6648,0.7118,3.0578
109.6650,0.7554,3.2468
109.6652,0.7583,3.2562
109.6654,0.7806,3.3551
109.6656,0.7824,3.3597
109.6658,0.7866,3.384
109.6660,0.6713,2.8891
109.6662,0.6908,2.9746
109.6664,0.6882,2.9605
109.6666,0.6265,2.7003
109.6668,0.5696,2.4537
109.6670,0.597,2.5684
109.6672,0.6301,2.7171
109.6674,0.5377,2.3163
109.6676,0.5269,2.2709
109.6678,0.5458,2.3536
109.6680,0.5552,2.3895
109.6682,0.6384,2.7502
109.6684,0.5367,2.3175
109.6686,0.4247,1.8322
109.6688,0.4263,1.839
109.6690,0.476,2.0536
109.6692,0.4963,2.1401
109.6694,0.4943,2.1333
109.6696,0.5065,2.183
109.6698,0.5835,2.5055
109.6700,0.7286,3.1314
109.6702,0.6711,2.8886
109.6704,0.6577,2.8281
109.6706,0.7137,3.0661
109.6708,0.7428,3.1898
109.6710,0.8641,3.7051
109.6712,0.9089,3.8956
109.6714,0.9436,4.0422
109.6716,0.9829,4.2107
109.6718,0.9454,4.0518
109.6720,0.919,3.9406
109.6722,0.9652,4.1347
109.6724,0.9528,4.0894
109.6726,0.9032,3.8745
109.6728,0.8993,3.8545
109.6730,0.9528,4.0799
109.6732,0.9869,4.2297
109.6734,1.0202,4.3603
109.6736,1.099,4.7036
109.6738,1.0148,4.3535
109.6740,0.9274,3.9766
109.6742,0.9721,4.1587
109.6744,1.0329,4.4249
109.6746,1.0143,4.3534
109.6748,0.8725,3.7394
109.6750,0.936,4.0136
109.6752,0.8751,3.7629
109.6754,0.7913,3.4057
109.6756,0.7407,3.1849
109.6758,0.78,3.3509
109.6760,0.8036,3.454
109.6762,0.7765,3.3391
109.6764,0.7808,3.3561
109.6766,0.7984,3.425
109.6768,0.8662,3.7196
109.6770,0.8931,3.8367
109.6772,0.85,3.6501
109.6774,0.8548,3.6707
109.6776,0.8928,3.8375
109.6778,0.8133,3.4958
109.6780,0.7678,3.3015
109.6782,0.7535,3.2401
109.6784,0.7773,3.3375
109.6786,0.8621,3.7055
109.6788,0.8536,3.6672
109.6790,0.8467,3.6407
109.6792,0.799,3.4355
109.6794,0.8084,3.473
109.6796,0.8211,3.5276
109.6798,0.819,3.5216
109.6800,0.8228,3.5332
109.6802,0.8511,3.6581
109.6804,0.7891,3.3948
109.6806,0.704,3.03
109.6808,0.7404,3.1839
109.6810,0.7824,3.3628
109.6812,0.7705,3.3133
109.6814,0.7305,3.1455
109.6816,0.695,2.9926
109.6818,0.696,2.9968
109.6820,0.6792,2.9231
109.6822,0.6793,2.9223
109.6824,0.6654,2.8664
109.6826,0.7123,3.0585
109.6828,0.8283,3.5585
109.6830,0.7944,3.4191
109.6832,0.6883,2.972
109.6834,0.5524,2.3798
109.6836,0.6332,2.7293
109.6838,0.6163,2.6576
109.6840,0.6424,2.7673
109.6842,0.6644,2.861
109.6844,0.6524,2.8094
109.6846,0.6783,2.9195
109.6848,0.6968,3.0004
109.6850,0.6715,2.8955
109.6852,0.613,2.6419
109.6854,0.6143,2.6464
109.6856,0.639,2.7528
109.6858,0.6666,2.8703
109.6860,0.6778,2.9147
109.6862,0.7317,3.1448
109.6864,0.7686,3.3066
109.6866,0.7082,3.0494
109.6868,0.6547,2.8231
109.6870,0.5531,2.3874
109.6872,0.5385,2.3231
109.6874,0.5344,2.3056
109.6876,0.5348,2.305
109.6878,0.5718,2.4647
109.6880,0.5499,2.3723
109.6882,0.5463,2.3557
109.6884,0.5426,2.3396
109.6886,0.5373,2.318
109.6888,0.5355,2.3091
109.6890,0.5783,2.4937
109.6892,0.5445,2.3468
109.6894,0.6041,2.5976
109.6896,0.683,2.9424
109.6898,0.6115,2.6357
109.6900,0.5982,2.5796
109.6902,0.5458,2.3547
109.6904,0.5401,2.3299
109.6906,0.5366,2.3127
109.6908,0.5367,2.3143
109.6910,0.536,2.3123
109.6912,0.5356,2.3086
109.6914,0.5374,2.3163
109.6916,0.5342,2.3056
109.6918,0.5353,2.3103
109.6920,0.5226,2.2523
109.6922,0.5204,2.2461
109.6924,0.518,2.2357
109.6926,0.5211,2.2461
109.6928,0.5288,2.2791
109.6930,0.5262,2.2688
109.6932,0.5706,2.4572
109.6934,0.632,2.7216
109.6936,0.6587,2.8349
109.6938,0.7105,3.0522
109.6940,0.7548,3.2412
109.6942,0.7665,3.2988
109.6944,0.6656,2.8661
109.6946,0.6268,2.6964
109.6948,0.6114,2.6315
109.6950,0.6298,2.7118
109.6952,0.6506,2.8003
109.6954,0.6602,2.839
109.6956,0.7091,3.0479
109.6958,0.7377,3.1706
109.6960,0.7541,3.2412
109.6962,0.7025,3.0252
109.6964,0.6467,2.7846
109.6966,0.6356,2.7396
109.6968,0.6163,2.6552
109.6970,0.6021,2.5925
109.6972,0.612,2.639
109.6974,0.5848,2.5205
109.6976,0.576,2.4804
109.6978,0.5747,2.4759
109.6980,0.5355,2.3124
109.6982,0.4873,2.1042
109.6984,0.4728,2.0387
109.6986,0.4787,2.066
109.6988,0.4789,2.0651
109.6990,0.5418,2.336
109.6992,0.5858,2.5234
109.6994,0.5747,2.4725
109.6996,0.6247,2.6913
109.6998,0.578,2.491
109.7000,0.5403,2.332
109.7002,0.4602,1.9872
109.7004,0.4102,1.7721
109.7006,0.406,1.754
109.7008,0.4075,1.7561
109.7010,0.463,1.9973
109.7012,0.471,2.03
109.7014,0.5101,2.1985
109.7016,0.5142,2.2181
109.7018,0.5359,2.3096
109.7020,0.6077,2.6168
109.7022,0.6208,2.6693
109.7024,0.7239,3.1069
109.7026,0.7606,3.272
109.7028,0.6601,2.8371
109.7030,0.7135,3.0665
109.7032,0.733,3.149
109.7034,0.7831,3.3628
109.7036,0.7565,3.2545
109.7038,0.7078,3.0437
109.7040,0.7018,3.0165
109.7042,0.7432,3.1883
109.7044,0.8647,3.7042
109.7046,0.9408,4.0342
109.7048,0.915,3.9218
109.7050,0.9486,4.0657
109.7052,0.9661,4.1369
109.7054,0.9859,4.2236
109.7056,0.9836,4.2178
109.7058,0.9333,3.9962
109.7060,1.0105,4.3289
109.7062,0.9914,4.2432
109.7064,1.0798,4.615
109.7066,1.1305,4.8454
109.7068,1.0223,4.3818
109.7070,1.0096,4.3233
109.7072,1.0475,4.4834
109.7074,1.0876,4.6505
109.7076,1.1083,4.7481
109.7078,1.0092,4.3293
109.7080,0.941,4.039
109.7082,0.9116,3.9106
109.7084,0.8998,3.8637
109.7086,0.8614,3.6973
109.7088,0.8509,3.6537
109.7090,0.8623,3.6991
109.7092,0.8834,3.7879
109.7094,0.902,3.8694
109.7096,0.9191,3.9448
109.7098,0.9442,4.0505
109.7100,0.9765,4.1874
109.7102,0.9291,3.9912
109.7104,0.8113,3.4821
109.7106,0.8932,3.8372
109.7108,0.8473,3.6382
109.7110,0.8946,3.8523
109.7112,0.75,3.2251
109.7114,0.786,3.3783
109.7116,0.8299,3.5652
109.7118,0.8105,3.4834
109.7120,0.7925,3.4108
109.7122,0.7382,3.1741
109.7124,0.8057,3.4628
109.7126,0.8237,3.5434
109.7128,0.7095,3.0537
109.7130,0.733,3.1505
109.7132,0.8016,3.4533
109.7134,0.704,3.0328
109.7136,0.6293,2.7122
109.7138,0.5977,2.5763
109.7140,0.6533,2.8156
109.7142,0.6301,2.7171
109.7144,0.5937,2.5599
109.7146,0.5841,2.5174
109.7148,0.5807,2.5041
109.7150,0.5876,2.5324
109.7152,0.5828,2.5117
109.7154,0.6195,2.6674
109.7156,0.6777,2.921
109.7158,0.6467,2.7859
109.7160,0.5956,2.5706
109.7162,0.5465,2.3567
109.7164,0.5867,2.5323
109.7166,0.483,2.0846
109.7168,0.4505,1.9453
109.7170,0.4477,1.9325
109.7172,0.4477,1.9342
109.7174,0.4468,1.931
109.7176,0.4468,1.9301
109.7178,0.4577,1.9754
109.7180,0.4552,1.9654
109.7182,0.4499,1.9427
109.7184,0.4498,1.9421
109.7186,0.4542,1.9604
109.7188,0.4577,1.9772
109.7190,0.4521,1.9529
109.7192,0.4506,1.944
109.7194,0.4769,2.0582
109.7196,0.5329,2.2988
109.7198,0.553,2.3813
109.7200,0.582,2.5098
109.7202,0.5313,2.2942
109.7204,0.4732,2.0412
109.7206,0.494,2.1263
109.7208,0.5548,2.3935
109.7210,0.4758,2.0536
109.7212,0.5173,2.2295
109.7214,0.5695,2.4532
109.7216,0.5571,2.3989
109.7218,0.5649,2.4358
109.7220,0.5587,2.4101
109.7222,0.5301,2.2848
109.7224,0.5489,2.3649
109.7226,0.6124,2.6369
109.7228,0.615,2.6544
109.7230,0.4889,2.108
109.7232,0.5296,2.2838
109.7234,0.5792,2.4939
109.7236,0.646,2.7815
109.7238,0.6049,2.6049
109.7240,0.5747,2.4759
109.7242,0.5759,2.4811
109.7244,0.5979,2.5768
109.7246,0.5661,2.4399
109.7248,0.5564,2.398
109.7250,0.6172,2.6563
109.7252,0.6016,2.5916
109.7254,0.5331,2.2988
109.7256,0.5348,2.305
109.7258,0.5354,2.3086
109.7260,0.5704,2.4585
109.7262,0.5672,2.44
109.7264,0.6412,2.7583
109.7266,0.7117,3.0587
109.7268,0.7331,3.1495
109.7270,0.738,3.1721
109.7272,0.6878,2.9589
109.7274,0.6807,2.9298
109.7276,0.683,2.9437
109.7278,0.6187,2.6655
109.7280,0.6149,2.6453
109.7282,0.684,2.9383
109.7284,0.7233,3.1102
109.7286,0.675,2.9024
109.7288,0.7129,3.0639
109.7290,0.7388,3.1782
109.7292,0.6766,2.9109
109.7294,0.7017,3.0244
109.7296,0.6172,2.6613
109.7298,0.5883,2.5319
109.7300,0.6048,2.6068
109.7302,0.5735,2.473
109.7304,0.5747,2.4771
109.7306,0.5859,2.5216
109.7308,0.5924,2.5519
109.7310,0.5581,2.4097
109.7312,0.4931,2.1271
109.7314,0.4824,2.0811
109.7316,0.4782,2.062
109.7318,0.482,2.0814
109.7320,0.4769,2.0563
109.7322,0.464,1.9991
109.7324,0.5647,2.4314
109.7326,0.5374,2.3217
109.7328,0.431,1.8583
109.7330,0.4657,2.0129
109.7332,0.3917,1.6931
109.7334,0.3904,1.6859
109.7336,0.391,1.6861
109.7338,0.4432,1.9092
109.7340,0.4582,1.9766
109.7342,0.3928,1.6954
109.7344,0.3874,1.6729
109.7346,0.3913,1.6903
109.7348,0.3951,1.706
109.7350,0.4132,1.7826
109.7352,0.4584,1.9758
109.7354,0.5224,2.2517
109.7356,0.52,2.2393
109.7358,0.5413,2.334
109.7360,0.5577,2.3959
109.7362,0.6621,2.8485
109.7364,0.6719,2.8876
109.7366,0.7481,3.2094
109.7368,0.7907,3.3952
109.7370,0.7882,3.3812
109.7372,0.8368,3.5867
109.7374,0.9136,3.9156
109.7376,0.9258,3.9644
109.7378,0.9893,4.234
109.7380,0.9924,4.2533
109.7382,0.972,4.1659
109.7384,0.9691,4.1478
109.7386,0.952,4.082
109.7388,0.9129,3.9089
109.7390,0.9734,4.1682
109.7392,0.9698,4.1528
109.7394,0.9416,4.0303
109.7396,1.0743,4.5957
109.7398,1.0917,4.6679
109.7400,1.0843,4.6366
109.7402,1.0234,4.3844
109.7404,1.0119,4.3411
109.7406,0.9104,3.9018
109.7408,0.9156,3.9299
109.7410,0.8993,3.8617
109.7412,0.9333,3.9999
109.7414,0.997,4.2753
109.7416,0.8781,3.7723
109.7418,0.8298,3.5647
109.7420,0.7919,3.4003
109.7422,0.7952,3.4148
109.7424,0.8726,3.7434
109.7426,0.9524,4.0841
109.7428,0.9038,3.8771
109.7430,0.8925,3.8288
109.7432,0.937,4.0159
109.7434,0.9444,4.0496
109.7436,0.9092,3.9021
109.7438,0.9066,3.8931
109.7440,0.8444,3.6242
109.7442,0.8602,3.6938
109.7444,0.8996,3.8645
109.7446,0.8717,3.7415
109.7448,0.8636,3.7082
109.7450,0.8545,3.6691
109.7452,0.8419,3.615
109.7454,0.851,3.6542
109.7456,0.8469,3.6384
109.7458,0.8584,3.6895
109.7460,0.8491,3.6459
109.7462,0.859,3.6852
109.7464,0.9204,3.9505
109.7466,0.9147,3.9258
109.7468,0.9099,3.9052
109.7470,0.862,3.7033
109.7472,0.9181,3.937
109.7474,0.9705,4.1656
109.7476,0.9137,3.9271
109.7478,0.7891,3.3932
109.7480,0.7384,3.1781
109.7482,0.6885,2.9634
109.7484,0.6769,2.9147
109.7486,0.7045,3.0306
109.7488,0.8374,3.596
109.7490,0.8806,3.7796
109.7492,0.8148,3.5117
109.7494,0.5961,2.5703
109.7496,0.6272,2.7047
109.7498,0.5655,2.4395
109.7500,0.5358,2.3112
109.7502,0.5686,2.453
109.7504,0.5541,2.3926
109.7506,0.5295,2.2843
109.7508,0.533,2.2983
109.7510,0.543,2.3412
109.7512,0.541,2.3351
109.7514,0.5406,2.3319
109.7516,0.5407,2.3303
109.7518,0.5412,2.3356
109.7520,0.5422,2.3392
109.7522,0.5503,2.3738
109.7524,0.6455,2.7768
109.7526,0.6752,2.9102
109.7528,0.5547,2.3919
109.7530,0.5366,2.3159
109.7532,0.5256,2.2662
109.7534,0.5322,2.2947
109.7536,0.5288,2.2812
109.7538,0.5392,2.3263
109.7540,0.5274,2.2719
109.7542,0.565,2.4375
109.7544,0.5341,2.3051
109.7546,0.5269,2.2698
109.7548,0.5289,2.2796
109.7550,0.5302,2.2875
109.7552,0.5293,2.2823
109.7554,0.5289,2.2818
109.7556,0.5661,2.4387
109.7558,0.5956,2.567
109.7560,0.5425,2.3359
109.7562,0.5994,2.5835
109.7564,0.5476,2.3625
109.7566,0.5245,2.2616
109.7568,0.5281,2.2781
109.7570,0.5258,2.2673
109.7572,0.5176,2.2331
109.7574,0.5242,2.2616
109.7576,0.5235,2.2574
109.7578,0.5338,2.304
109.7580,0.5254,2.2668
109.7582,0.522,2.2486
109.7584,0.5228,2.2543
109.7586,0.5288,2.2791
109.7588,0.5573,2.4032
109.7590,0.5666,2.4385
109.7592,0.623,2.6804
109.7594,0.6524,2.8094
109.7596,0.6383,2.742
109.7598,0.7295,3.1355
109.7600,0.7597,3.2608
109.7602,0.7832,3.3711
109.7604,0.693,2.9797
109.7606,0.7185,3.0924
109.7608,0.684,2.9451
109.7610,0.663,2.8535
109.7612,0.6531,2.8098
109.7614,0.6654,2.8611
109.7616,0.7674,3.2953
109.7618,0.7958,3.4157
109.7620,0.7987,3.4297
109.7622,0.8358,3.5888
109.7624,0.8705,3.7329
109.7626,0.941,4.0315
109.7628,0.9813,4.206
109.7630,0.9365,4.0176
109.7632,0.8834,3.7879
109.7634,0.9196,3.9561
109.7636,0.7454,3.2095
109.7638,0.6912,2.9734
109.7640,0.6992,3.0051
109.7642,0.763,3.2824
109.7644,0.7153,3.0799
109.7646,0.6328,2.7259
109.7648,0.5589,2.4089
109.7650,0.5584,2.4079
109.7652,0.5747,2.4771
109.7654,0.57,2.4581
109.7656,0.5835,2.5136
109.7658,0.6235,2.6874
109.7660,0.6372,2.7412
109.7662,0.6609,2.8487
109.7664,0.5228,2.2596
109.7666,0.4065,1.7577
109.7668,0.3904,1.6866
109.7670,0.3893,1.6835
109.7672,0.386,1.6682
109.7674,0.3884,1.6778
109.7676,0.3881,1.676
109.7678,0.4023,1.7379
109.7680,0.4003,1.7283
109.7682,0.3951,1.7068
109.7684,0.4155,1.7932
109.7686,0.4635,1.9984
109.7688,0.5283,2.276
109.7690,0.5427,2.3391
109.7692,0.596,2.5685
109.7694,0.6329,2.7227
109.7696,0.6355,2.734
109.7698,0.6861,2.949
109.7700,0.7093,3.0484
109.7702,0.7653,3.2799
109.7704,0.9353,4.0105
109.7706,0.9491,4.0659
109.7708,0.9795,4.1944
109.7710,0.9918,4.2448
109.7712,0.9919,4.2453
109.7714,0.9855,4.2181
109.7716,0.9746,4.1811
109.7718,0.9249,3.9658
109.7720,0.9763,4.1844
109.7722,0.9773,4.1866
109.7724,0.9725,4.166
109.7726,1.0082,4.3151
109.7728,1.051,4.492
109.7730,1.1161,4.777
109.7732,1.0303,4.4178
109.7734,1.0094,4.3222
109.7736,1.0286,4.4085
109.7738,0.9732,4.1808
109.7740,0.8523,3.6581
109.7742,0.8554,3.6749
109.7744,0.8578,3.6818
109.7746,0.8639,3.715
109.7748,0.7563,3.2489
109.7750,0.7782,3.3463
109.7752,0.8782,3.7711
109.7754,0.9078,3.9019
109.7756,0.7687,3.3056
109.7758,0.7406,3.1889
109.7760,0.7114,3.062
109.7762,0.7085,3.0482
109.7764,0.7642,3.2799
109.7766,0.8395,3.6098
109.7768,0.8153,3.5056
109.7770,0.7557,3.2539
109.7772,0.6705,2.886
109.7774,0.731,3.1446
109.7776,0.763,3.2793
109.7778,0.7961,3.42
109.7780,0.7793,3.3556
109.7782,0.6805,2.9302
109.7784,0.6909,2.9709
109.7786,0.7746,3.3308
109.7788,0.7808,3.3561
109.7790,0.7799,3.3567
109.7792,0.6927,2.9828
109.7794,0.6973,3.0011
109.7796,0.7219,3.104
109.7798,0.7684,3.3025
109.7800,0.7383,3.1776
109.7802,0.7148,3.0736
109.7804,0.7986,3.4324
109.7806,0.7511,3.2313
109.7808,0.6707,2.8878
109.7810,0.6667,2.8721
109.7812,0.6759,2.9133
109.7814,0.6566,2.83
109.7816,0.7002,3.0134
109.7818,0.6968,3.0004
109.7820,0.6792,2.9272
109.7822,0.6602,2.8363
109.7824,0.8334,3.5835
109.7826,0.7227,3.1177
109.7828,0.5129,2.2155
109.7830,0.475,2.0509
109.7832,0.5275,2.2756
109.7834,0.5296,2.2838
109.7836,0.5672,2.4445
109.7838,0.6059,2.6114
109.7840,0.6196,2.6691
109.7842,0.616,2.6536
109.7844,0.59,2.5451
109.7846,0.589,2.5409
109.7848,0.5608,2.4182
109.7850,0.5438,2.3448
109.7852,0.5629,2.4282
109.7854,0.5516,2.3773
109.7856,0.6005,2.587
109.7858,0.5856,2.5253
109.7860,0.5501,2.3722
109.7862,0.5581,2.4064
109.7864,0.5505,2.3727
109.7866,0.6012,2.5901
109.7868,0.6275,2.7082
109.7870,0.548,2.3651
109.7872,0.5186,2.2393
109.7874,0.4569,1.9718
109.7876,0.4505,1.9453
109.7878,0.4627,1.9981
109.7880,0.4488,1.9371
109.7882,0.4504,1.9456
109.7884,0.4499,1.9436
109.7886,0.4477,1.9333
109.7888,0.4458,1.9242
109.7890,0.4414,1.9059
109.7892,0.4446,1.9199
109.7894,0.4464,1.9268
109.7896,0.4694,2.0242
109.7898,0.5233,2.2575
109.7900,0.4848,2.0943
109.7902,0.4467,1.9287
109.7904,0.4427,1.9098
109.7906,0.4444,1.9189
109.7908,0.4437,1.9157
109.7910,0.4476,1.931
109.7912,0.5071,2.1836
109.7914,0.5444,2.3452
109.7916,0.503,2.17
109.7918,0.4652,2.008
109.7920,0.4577,1.9745
109.7922,0.4578,1.9759
109.7924,0.4594,1.9836
109.7926,0.4584,1.9776
109.7928,0.4709,2.0295
109.7930,0.4992,2.1505
109.7932,0.5642,2.4305
109.7934,0.5653,2.4317
109.7936,0.6254,2.6957
109.7938,0.5637,2.4306
109.7940,0.5504,2.3722
109.7942,0.5501,2.3689
109.7944,0.5435,2.3416
109.7946,0.5733,2.4674
109.7948,0.6515,2.8039
109.7950,0.6446,2.7745
109.7952,0.6534,2.8109
109.7954,0.6662,2.8674
109.7956,0.677,2.9125
109.7958,0.7185,3.0867
109.7960,0.7572,3.2531
109.7962,0.7295,3.1355
109.7964,0.7091,3.0451
109.7966,0.7119,3.0669
109.7968,0.5943,2.5625
109.7970,0.5639,2.4294
109.7972,0.5667,2.4413
109.7974,0.5667,2.4402
109.7976,0.5379,2.3216
109.7978,0.4844,2.0879
109.7980,0.4703,2.0269
109.7982,0.469,2.0222
109.7984,0.472,2.037
109.7986,0.4722,2.039
109.7988,0.4428,1.9095
109.7990,0.4721,2.0337
109.7992,0.5233,2.2595
109.7994,0.4166,1.7996
109.7996,0.3977,1.7174
109.7998,0.3973,1.713
109.8000,0.4643,2.0048
109.8002,0.4585,1.979
109.8004,0.4801,2.0712
109.8006,0.4793,2.0657
109.8008,0.4952,2.1334
109.8010,0.4832,2.0847
109.8012,0.4205,1.8133
109.8014,0.473,2.0398
109.8016,0.4403,1.8995
109.8018,0.4711,2.0277
109.8020,0.5667,2.4379
109.8022,0.6643,2.8552
109.8024,0.7045,3.0236
109.8026,0.7795,3.3504
109.8028,0.7135,3.0636
109.8030,0.762,3.2691
109.8032,0.8193,3.5133
109.8034,0.8257,3.5455
109.8036,0.8372,3.5899
109.8038,0.9059,3.8828
109.8040,0.8714,3.7382
109.8042,0.8589,3.683
109.8044,0.8461,3.6263
109.8046,0.8432,3.6173
109.8048,0.8764,3.7511
109.8050,0.9798,4.1954
109.8052,0.9835,4.2133
109.8054,0.9703,4.1607
109.8056,0.9757,4.176
109.8058,0.9727,4.1729
109.8060,0.8962,3.8429
109.8062,0.858,3.684
109.8064,0.8515,3.6511
109.8066,0.8958,3.8414
109.8068,0.9034,3.8738
109.8070,0.9292,3.988
109.8072,0.9062,3.8856
109.8074,0.8909,3.8203
109.8076,0.9156,3.928
109.8078,0.8909,3.8167
109.8080,0.9247,3.9616
109.8082,0.945,4.0541
109.8084,0.9574,4.1051
109.8086,0.9876,4.2347
109.8088,0.9289,3.9833
109.8090,0.9446,4.0469
109.8092,0.9502,4.08
109.8094,0.8155,3.4985
109.8096,0.8581,3.6828
109.8098,0.8852,3.8009
109.8100,0.8859,3.8093
109.8102,0.7717,3.3154
109.8104,0.7908,3.3941
109.8106,0.8073,3.4716
109.8108,0.7715,3.3174
109.8110,0.7988,3.427
109.8112,0.8498,3.6524
109.8114,0.7521,3.2369
109.8116,0.6871,2.9599
109.8118,0.6638,2.8571
109.8120,0.6958,2.9907
109.8122,0.7703,3.3123
109.8124,0.7764,3.3355
109.8126,0.8217,3.5302
109.8128,0.7991,3.4376
109.8130,0.7486,3.216
109.8132,0.7696,3.3107
109.8134,0.7662,3.2948
109.8136,0.8006,3.4395
109.8138,0.7722,3.3174
109.8140,0.7602,3.2675
109.8142,0.7523,3.2364
109.8144,0.6828,2.9386
109.8146,0.7066,3.0399
109.8148,0.7277,3.1336
109.8150,0.6793,2.9223
109.8152,0.6883,2.9637
109.8154,0.6855,2.9491
109.8156,0.7312,3.1457
109.8158,0.7268,3.1237
109.8160,0.713,3.0715
109.8162,0.6659,2.8752
109.8164,0.537,2.3186
109.8166,0.4746,2.0474
109.8168,0.474,2.0477
109.8170,0.4733,2.0436
109.8172,0.5304,2.2869
109.8174,0.5259,2.2678
109.8176,0.5401,2.3288
109.8178,0.5229,2.2559
109.8180,0.523,2.2564
109.8182,0.5258,2.2673
109.8184,0.5264,2.2698
109.8186,0.5274,2.2729
109.8188,0.5794,2.4937
109.8190,0.6211,2.6771
109.8192,0.5655,2.4384
109.8194,0.5349,2.3066
109.8196,0.5324,2.2957
109.8198,0.5292,2.2839
109.8200,0.596,2.5674
109.8202,0.6275,2.7032
109.8204,0.6236,2.6842
109.8206,0.624,2.6882
109.8208,0.5485,2.365
109.8210,0.5559,2.3937
109.8212,0.6006,2.5875
109.8214,0.6015,2.5887
109.8216,0.7005,3.015
109.8218,0.647,2.7809
109.8220,0.6758,2.9073
109.8222,0.6525,2.806
109.8224,0.665,2.8636
109.8226,0.5844,2.5201
109.8228,0.5919,2.5474
109.8230,0.6799,2.9235
109.8232,0.6932,2.9849
109.8234,0.6675,2.8744
109.8236,0.6637,2.8566
109.8238,0.6519,2.8021
109.8240,0.6714,2.8896
109.8242,0.6826,2.9367
109.8244,0.6621,2.8499
109.8246,0.6101,2.6271
109.8248,0.616,2.6549
109.8250,0.6478,2.7892
109.8252,0.6623,2.8464
109.8254,0.7027,3.0201
109.8256,0.7228,3.1124
109.8258,0.6606,2.8405
109.8260,0.7191,3.0907
109.8262,0.7791,3.3499
109.8264,0.7552,3.2458
109.8266,0.7443,3.2004
109.8268,0.7334,3.1549
109.8270,0.7312,3.1457
109.8272,0.6681,2.877
109.8274,0.6299,2.7098
109.8276,0.647,2.7861
109.8278,0.6636,2.856
109.8280,0.665,2.8582
109.8282,0.7192,3.0898
109.8284,0.7907,3.4031
109.8286,0.7095,3.0509
109.8288,0.7262,3.1196
109.8290,0.7045,3.0334
109.8292,0.6518,2.8055
109.8294,0.6421,2.7624
109.8296,0.6389,2.7523
109.8298,0.666,2.8664
109.8300,0.6731,2.8941
109.8302,0.6597,2.8369
109.8304,0.7118,3.055
109.8306,0.7683,3.3051
109.8308,0.6353,2.7381
109.8310,0.5835,2.5183
109.8312,0.5278,2.2761
109.8314,0.5048,2.1778
109.8316,0.5015,2.1613
109.8318,0.5441,2.3485
109.8320,0.5172,2.2238
109.8322,0.6227,2.6863
109.8324,0.4676,2.0193
109.8326,0.4202,1.8151
109.8328,0.3998,1.7278
109.8330,0.4015,1.7335
109.8332,0.4028,1.7392
109.8334,0.3992,1.7252
109.8336,0.3957,1.7102
109.8338,0.3901,1.6851
109.8340,0.386,1.6675
109.8342,0.3881,1.676
109.8344,0.3884,1.6763
109.8346,0.3969,1.7154
109.8348,0.3991,1.7239
109.8350,0.4299,1.8545
109.8352,0.4775,2.0551
109.8354,0.5648,2.4319
109.8356,0.6353,2.7317
109.8358,0.6926,2.9768
109.8360,0.7053,3.0342
109.8362,0.6847,2.9455
109.8364,0.7249,3.1096
109.8366,0.8322,3.57
109.8368,0.8184,3.5141
109.8370,0.7329,3.1441
109.8372,0.8135,3.4865
109.8374,0.8944,3.837
109.8376,0.894,3.8337
109.8378,0.9126,3.9097
109.8380,0.9705,4.1578
109.8382,0.9758,4.1804
109.8384,0.9788,4.1972
109.8386,0.9282,3.9728
109.8388,0.9793,4.1953
109.8390,0.9277,3.9856
109.8392,0.8331,3.5791
109.8394,0.8201,3.5148
109.8396,0.8998,3.8619
109.8398,0.8869,3.8064
109.8400,0.901,3.8599
109.8402,0.9478,4.064
109.8404,0.9797,4.1988
109.8406,0.9316,3.9946
109.8408,0.8898,3.8174
109.8410,0.886,3.8063
109.8412,0.9126,3.9134
109.8414,0.9348,4.0085
109.8416,0.8924,3.8283
109.8418,0.9358,4.0107
109.8420,0.9114,3.9064
109.8422,0.8673,3.7242
109.8424,0.8797,3.772
109.8426,0.9607,4.1272
109.8428,0.8846,3.7966
109.8430,0.8827,3.7919
109.8432,0.8287,3.5617
109.8434,0.8446,3.6252
109.8436,0.8975,3.8468
109.8438,0.9077,3.8959
109.8440,0.8785,3.7739
109.8442,0.8416,3.6191
109.8444,0.7879,3.3834
109.8446,0.8409,3.6109
109.8448,0.8671,3.7197
109.8450,0.8855,3.8042
109.8452,0.8446,3.6252
109.8454,0.884,3.7958
109.8456,0.9523,4.0836
109.8458,0.9853,4.221
109.8460,0.9859,4.2255
109.8462,0.9761,4.1912
109.8464,0.9006,3.8673
109.8466,0.8781,3.7688
109.8468,0.8717,3.745
109.8470,0.8662,3.7248
109.8472,0.8193,3.5264
109.8474,0.728,3.1332
109.8476,0.6925,2.9804
109.8478,0.7308,3.1441
109.8480,0.7162,3.084
109.8482,0.6907,2.9754
109.8484,0.675,2.9051
109.8486,0.6674,2.8779
109.8488,0.5933,2.5619
109.8490,0.5024,2.1705
109.8492,0.4539,1.9616
109.8494,0.4459,1.9283
109.8496,0.4428,1.9121
109.8498,0.4479,1.9357
109.8500,0.4494,1.9424
109.8502,0.4501,1.9437
109.8504,0.4475,1.9332
109.8506,0.4504,1.9465
109.8508,0.4497,1.9425
109.8510,0.4467,1.9278
109.8512,0.4501,1.9437
109.8514,0.4457,1.9219
109.8516,0.4927,2.1255
109.8518,0.5326,2.2989
109.8520,0.4768,2.0586
109.8522,0.4766,2.0581
109.8524,0.4636,2.0017
109.8526,0.4602,1.9863
109.8528,0.478,2.061
109.8530,0.5161,2.2274
109.8532,0.4643,2.0048
109.8534,0.4564,1.9697
109.8536,0.4565,1.9702
109.8538,0.45,1.9441
109.8540,0.4453,1.9239
109.8542,0.4402,1.9007
109.8544,0.4403,1.9004
109.8546,0.4437,1.9175
109.8548,0.444,1.9173
109.8550,0.4464,1.9277
109.8552,0.4419,1.9071
109.8554,0.4623,1.9951
109.8556,0.5419,2.3365
109.8558,0.5631,2.4292
109.8560,0.4764,2.0561
109.8562,0.4471,1.9317
109.8564,0.4439,1.9159
109.8566,0.4441,1.916
109.8568,0.4469,1.9279
109.8570,0.4499,1.9409
109.8572,0.4581,1.977
109.8574,0.444,1.9146
109.8576,0.4801,2.0731
109.8578,0.4489,1.9394
109.8580,0.4431,1.9123
109.8582,0.4559,1.9676
109.8584,0.4462,1.9248
109.8586,0.448,1.9317
109.8588,0.48,2.0688
109.8590,0.503,2.167
109.8592,0.5606,2.4116
109.8594,0.6772,2.9135
109.8596,0.6632,2.8545
109.8598,0.6088,2.619
109.8600,0.6567,2.8227
109.8602,0.6772,2.9162
109.8604,0.5579,2.4069
109.8606,0.4971,2.1437
109.8608,0.5034,2.1696
109.8610,0.547,2.3555
109.8612,0.5727,2.466
109.8614,0.6265,2.6953
109.8616,0.6353,2.7317
109.8618,0.6555,2.8149
109.8620,0.7356,3.1603
109.8622,0.7618,3.2726
109.8624,0.7563,3.2504
109.8626,0.7949,3.418
109.8628,0.685,2.9471
109.8630,0.6641,2.8555
109.8632,0.6998,3.0049
109.8634,0.7642,3.2814
109.8636,0.7759,3.3319
109.8638,0.7726,3.3205
109.8640,0.7048,3.0336
109.8642,0.6343,2.7314
109.8644,0.6703,2.8849
109.8646,0.683,2.9342
109.8648,0.7081,3.0433
109.8650,0.7203,3.0915
109.8652,0.8009,3.439
109.8654,0.8196,3.516
109.8656,0.8329,3.5781
109.8658,0.7208,3.1022
109.8660,0.643,2.7724
109.8662,0.5174,2.2342
109.8664,0.4105,1.7731
109.8666,0.3907,1.6869
109.8668,0.3958,1.7099
109.8670,0.4035,1.7431
109.8672,0.3903,1.6853
109.8674,0.3971,1.7156
109.8676,0.4046,1.747
109.8678,0.4353,1.8769
109.8680,0.487,2.0958
109.8682,0.5931,2.5538
109.8684,0.5517,2.3789
109.8686,0.5073,2.1836
109.8688,0.625,2.6874
109.8690,0.6644,2.8583
109.8692,0.7255,3.1151
109.8694,0.7852,3.3684
109.8696,0.8261,3.5421
109.8698,0.8842,3.7933
109.8700,0.8744,3.7546
109.8702,0.8414,3.6079
109.8704,0.874,3.7443
109.8706,0.9747,4.1758
109.8708,0.9785,4.1917
109.8710,0.9626,4.1201
109.8712,1.0071,4.3125
109.8714,0.9626,4.1278
109.8716,0.9496,4.066
109.8718,0.9626,4.1201
109.8720,0.9954,4.2662
109.8722,0.9629,4.1269
109.8724,0.9629,4.1249
109.8726,0.9882,4.2353
109.8728,0.9758,4.1863
109.8730,0.8592,3.6875
109.8732,0.8247,3.5414
109.8734,0.8095,3.4744
109.8736,0.8059,3.4606
109.8738,0.8229,3.5353
109.8740,0.8187,3.519
109.8742,0.8139,3.4935
109.8744,0.8294,3.5598
109.8746,0.8271,3.5468
109.8748,0.905,3.8877
109.8750,0.8041,3.4545
109.8752,0.8394,3.6026
109.8754,0.8667,3.7199
109.8756,0.9064,3.883
109.8758,0.997,4.2753
109.8760,0.9056,3.8903
109.8762,0.8189,3.5178
109.8764,0.7716,3.3164
109.8766,0.7632,3.2819
109.8768,0.7763,3.3365
109.8770,0.8099,3.4792
109.8772,0.774,3.3267
109.8774,0.7811,3.3524
109.8776,0.8521,3.6571
109.8778,0.8637,3.7105
109.8780,0.8478,3.6437
109.8782,0.778,3.3422
109.8784,0.8054,3.465
109.8786,0.7106,3.0598
109.8788,0.6838,2.9446
109.8790,0.6783,2.9182
109.8792,0.7395,3.1768
109.8794,0.7564,3.2479
109.8796,0.822,3.5296
109.8798,0.8398,3.608
109.8800,0.8506,3.6509
109.8802,0.8487,3.6444
109.8804,0.8626,3.7076
109.8806,0.8097,3.4803
109.8808,0.7661,3.2942
109.8810,0.7508,3.2297
109.8812,0.7277,3.1351
109.8814,0.7722,3.3144
109.8816,0.8521,3.6605
109.8818,0.8093,3.4815
109.8820,0.7836,3.3695
109.8822,0.759,3.2669
109.8824,0.7249,3.1198
109.8826,0.7366,3.1689
109.8828,0.7313,3.1403
109.8830,0.8205,3.5267
109.8832,0.8285,3.559
109.8834,0.8076,3.4743
109.8836,0.7192,3.0941
109.8838,0.6786,2.9246
109.8840,0.6236,2.6879
109.8842,0.6466,2.7841
109.8844,0.6624,2.8535
109.8846,0.6602,2.8403
109.8848,0.7673,3.2979
109.8850,0.796,3.4242
109.8852,0.6675,2.8811
109.8854,0.5453,2.3537
109.8856,0.5366,2.3138
109.8858,0.5455,2.351
109.8860,0.5766,2.4876
109.8862,0.5627,2.4288
109.8864,0.5332,2.2993
109.8866,0.5471,2.3604
109.8868,0.5632,2.4286
109.8870,0.5705,2.459
109.8872,0.5567,2.4018
109.8874,0.5489,2.3681
109.8876,0.5469,2.3583
109.8878,0.5662,2.4415
109.8880,0.6094,2.6264
109.8882,0.6639,2.8523
109.8884,0.8148,3.5019
109.8886,0.6999,3.018
109.8888,0.5858,2.5234
109.8890,0.5898,2.5398
109.8892,0.5788,2.4946
109.8894,0.5844,2.5189
109.8896,0.596,2.5685
109.8898,0.5801,2.5026
109.8900,0.5636,2.4313
109.8902,0.5464,2.3562
109.8904,0.5493,2.3686
109.8906,0.5503,2.3716
109.8908,0.5509,2.372
109.8910,0.553,2.3835
109.8912,0.5457,2.3531
109.8914,0.5927,2.5522
109.8916,0.6401,2.7562
109.8918,0.6341,2.7291
109.8920,0.6757,2.9082
109.8922,0.7105,3.055
109.8924,0.7614,3.268
109.8926,0.8082,3.4704
109.8928,0.8083,3.4725
109.8930,0.7918,3.4046
109.8932,0.7475,3.2188
109.8934,0.7013,3.0144
109.8936,0.784,3.3648
109.8938,0.8137,3.4957
109.8940,0.7938,3.4165
109.8942,0.6921,2.9816
109.8944,0.6454,2.7789
109.8946,0.6777,2.9102
109.8948,0.8354,3.5906
109.8950,0.7714,3.3216
109.8952,0.6987,2.9989
109.8954,0.7775,3.3417
109.8956,0.7155,3.0724
109.8958,0.8355,3.5827
109.8960,0.8999,3.8625
109.8962,0.8719,3.7455
109.8964,0.7975,3.4293
109.8966,0.7627,3.2752
109.8968,0.8169,3.5047
109.8970,0.8091,3.4777
109.8972,0.7997,3.4402
109.8974,0.7258,3.1181
109.8976,0.7193,3.1018
109.8978,0.5573,2.401
109.8980,0.6127,2.6384
109.8982,0.5837,2.5205
109.8984,0.4877,2.1058
109.8986,0.4348,1.8783
109.8988,0.4277,1.8469
109.8990,0.4334,1.8704
109.8992,0.4728,2.0387
109.8994,0.5096,2.2005
109.8996,0.4728,2.0425
109.8998,0.4774,2.0612
109.9000,0.4656,2.0086
109.9002,0.5235,2.2564
109.9004,0.5671,2.4429
109.9006,0.5581,2.4041
109.9008,0.5648,2.4342
109.9010,0.5698,2.457
109.9012,0.6458,2.7771
109.9014,0.7374,3.171
109.9016,0.7514,3.2278
109.9018,0.795,3.4137
109.9020,0.863,3.7005
109.9022,0.9269,3.9708
109.9024,0.9885,4.2349
109.9026,1.0343,4.4311
109.9028,1.0592,4.5353
109.9030,1.0985,4.6993
109.9032,1.117,4.7761
109.9034,1.1285,4.8276
109.9036,1.1351,4.8558
109.9038,1.1228,4.8035
109.9040,1.1168,4.7778
109.9042,1.1158,4.7754
109.9044,1.0942,4.6874
109.9046,1.057,4.524
109.9048,1.0839,4.6368
109.9050,1.1755,5.0216
109.9052,1.2408,5.3033
109.9054,1.166,4.9928
109.9056,1.0912,4.6724
109.9058,1.0641,4.5564
109.9060,1.0469,4.483
109.9062,1.0607,4.5484
109.9064,0.981,4.2104
109.9066,0.9173,3.9353
109.9068,0.9204,3.956
109.9070,0.8464,3.638
109.9072,0.8328,3.5792
109.9074,0.8179,3.5137
109.9076,0.9251,3.9687
109.9078,0.9986,4.284
109.9080,0.9702,4.1679
109.9082,0.8765,3.7621
109.9084,0.9481,4.0637
109.9086,1.0241,4.3915
109.9088,1.0134,4.3493
109.9090,0.974,4.1786
109.9092,0.994,4.2585
109.9094,1.0388,4.4522
109.9096,0.9605,4.1339
109.9098,0.7365,3.1728
109.9100,0.7763,3.3412
109.9102,0.7773,3.3469
109.9104,0.7264,3.1308
109.9106,0.7316,3.1531
109.9108,0.6704,2.8881
109.9110,0.6494,2.7964
109.9112,0.7027,3.0299
109.9114,0.6454,2.7815
109.9116,0.6354,2.7335
109.9118,0.7165,3.0851
109.9120,0.7208,3.108
109.9122,0.6427,2.7688
109.9124,0.6689,2.8788
109.9126,0.7268,3.128
109.9128,0.7991,3.4376
109.9130,0.7332,3.1588
109.9132,0.7723,3.3272
109.9134,0.7265,3.1255
109.9136,0.7587,3.2653
109.9138,0.789,3.3943
109.9140,0.7868,3.3834
109.9142,0.7168,3.0866
109.9144,0.6764,2.9153
109.9146,0.6265,2.7053
109.9148,0.5465,2.3589
109.9150,0.5283,2.2823
109.9152,0.5149,2.2243
109.9154,0.548,2.3618
109.9156,0.5916,2.5511
109.9158,0.6043,2.6035
109.9160,0.6076,2.6175
109.9162,0.6041,2.6085
109.9164,0.5301,2.288
109.9166,0.5316,2.2942
109.9168,0.5554,2.3983
109.9170,0.5123,2.214
109.9172,0.4443,1.9183
109.9174,0.4617,1.9962
109.9176,0.4817,2.0789
109.9178,0.5449,2.3506
109.9180,0.5022,2.1694
109.9182,0.4733,2.0474
109.9184,0.4578,1.9778
109.9186,0.4703,2.0298
109.9188,0.5212,2.2528
109.9190,0.4835,2.0886
109.9192,0.4721,2.0385
109.9194,0.4587,1.9805
109.9196,0.4577,1.9772
109.9198,0.4594,1.9836
109.9200,0.5034,2.1726
109.9202,0.5675,2.4461
109.9204,0.5683,2.4514
109.9206,0.5523,2.3826
109.9208,0.5379,2.3227
109.9210,0.4822,2.0791
109.9212,0.4901,2.1142
109.9214,0.4991,2.155
109.9216,0.4955,2.1374
109.9218,0.5814,2.5037
109.9220,0.6216,2.6779
109.9222,0.6162,2.6534
109.9224,0.625,2.6886
109.9226,0.6992,3.0079
109.9228,0.7424,3.1951
109.9230,0.7255,3.1151
109.9232,0.755,3.2448
109.9234,0.7868,3.3834
109.9236,0.739,3.1866
109.9238,0.6005,2.587
109.9240,0.588,2.5321
109.9242,0.6898,2.9677
109.9244,0.7317,3.1463
109.9246,0.7183,3.0871
109.9248,0.7374,3.1695
109.9250,0.7464,3.2112
109.9252,0.7572,3.2561
109.9254,0.7524,3.234
109.9256,0.7391,3.1797
109.9258,0.734,3.159
109.9260,0.6912,2.9734
109.9262,0.7509,3.2258
109.9264,0.8594,3.6885
109.9266,0.8198,3.522
109.9268,0.7877,3.3855
109.9270,0.7596,3.2725
109.9272,0.6838,2.946
109.9274,0.5822,2.5079
109.9276,0.5667,2.4424
109.9278,0.5669,2.4457
109.9280,0.5657,2.4383
109.9282,0.5563,2.3986
109.9284,0.5561,2.3992
109.9286,0.5464,2.3573
109.9288,0.5601,2.4118
109.9290,0.6278,2.706
109.9292,0.6155,2.6491
109.9294,0.6438,2.7696
109.9296,0.6541,2.8166
109.9298,0.6398,2.7603
109.9300,0.5533,2.3868
109.9302,0.5578,2.4053
109.9304,0.5511,2.3775
109.9306,0.553,2.3857
109.9308,0.5348,2.305
109.9310,0.559,2.4071
109.9312,0.6139,2.6424
109.9314,0.6218,2.6789
109.9316,0.5614,2.4208
109.9318,0.5867,2.5288
109.9320,0.5844,2.5189
109.9322,0.527,2.2745
109.9324,0.4349,1.8788
109.9326,0.4152,1.7922
109.9328,0.4861,2.0971
109.9330,0.4637,2.0013
109.9332,0.4313,1.8633
109.9334,0.4286,1.8514
109.9336,0.4283,1.8495
109.9338,0.4319,1.8633
109.9340,0.5354,2.3086
109.9342,0.5627,2.422
109.9344,0.5729,2.4682
109.9346,0.5619,2.424
109.9348,0.5259,2.2646
109.9350,0.6039,2.5966
109.9352,0.7385,3.1727
109.9354,0.8265,3.5475
109.9356,0.8457,3.6265
109.9358,0.8886,3.8105
109.9360,0.9755,4.1789
109.9362,0.9582,4.103
109.9364,0.9343,4.0027
109.9366,1.0039,4.2966
109.9368,1.0473,4.4866
109.9370,1.0403,4.4506
109.9372,1.0965,4.6906
109.9374,1.0634,4.5512
109.9376,1.0794,4.6199
109.9378,1.0981,4.7066
109.9380,0.9329,4.0021
109.9382,0.969,4.1511
109.9384,1.0441,4.4727
109.9386,1.054,4.5154
109.9388,1.0203,4.3669
109.9390,1.042,4.464
109.9392,0.9598,4.1193
109.9394,0.8931,3.8331
109.9396,0.9098,3.9028
109.9398,0.9381,4.028
109.9400,0.8982,3.8517
109.9402,0.9806,4.2088
109.9404,0.9104,3.9072
109.9406,0.8777,3.769
109.9408,0.8879,3.8092
109.9410,0.9235,3.9583
109.9412,1.0044,4.3067
109.9414,1.0137,4.3448
109.9416,1.0108,4.3345
109.9418,0.9405,4.0345
109.9420,0.96,4.1184
109.9422,0.9625,4.1273
109.9424,0.9553,4.1002
109.9426,0.9527,4.0889
109.9428,0.966,4.1441
109.9430,1.0006,4.2908
109.9432,0.9812,4.2134
109.9434,0.8827,3.7901
109.9436,0.9016,3.8715
109.9438,0.9064,3.8903
109.9440,0.9171,3.9397
109.9442,0.9253,3.9771
109.9444,0.9074,3.8944
109.9446,0.908,3.8988
109.9448,0.8816,3.789
109.9450,0.8672,3.722
109.9452,0.8972,3.8506
109.9454,0.893,3.838
109.9456,0.8385,3.604
109.9458,0.8261,3.5586
109.9460,0.7648,3.2932
109.9462,0.7464,3.2127
109.9464,0.7312,3.1442
109.9466,0.8018,3.4479
109.9468,0.7988,3.4366
109.9470,0.7485,3.2259
109.9472,0.6607,2.8516
109.9474,0.6454,2.7815
109.9476,0.6434,2.7745
109.9478,0.595,2.5668
109.9480,0.6015,2.5947
109.9482,0.6348,2.7347
109.9484,0.6013,2.5954
109.9486,0.5102,2.2031
109.9488,0.509,2.1989
109.9490,0.535,2.3081
109.9492,0.5659,2.4422
109.9494,0.5531,2.3885
109.9496,0.5486,2.3666
109.9498,0.5523,2.3815
109.9500,0.5529,2.3863
109.9502,0.5542,2.3909
109.9504,0.5495,2.3696
109.9506,0.5495,2.3674
109.9508,0.6342,2.7372
109.9510,0.574,2.4786
109.9512,0.5611,2.4204
109.9514,0.5655,2.4395
109.9516,0.572,2.4652
109.9518,0.6365,2.7432
109.9520,0.6059,2.6126
109.9522,0.5571,2.4033
109.9524,0.5488,2.3687
109.9526,0.553,2.3868
109.9528,0.5536,2.3861
109.9530,0.6075,2.6169
109.9532,0.6692,2.883
109.9534,0.6388,2.753
109.9536,0.5673,2.4462
109.9538,0.5636,2.4301
109.9540,0.5721,2.4646
109.9542,0.6355,2.7378
109.9544,0.6444,2.7799
109.9546,0.5772,2.4868
109.9548,0.6359,2.7368
109.9550,0.657,2.8303
109.9552,0.5991,2.5856
109.9554,0.5461,2.3557
109.9556,0.5477,2.3641
109.9558,0.5558,2.3965
109.9560,0.5564,2.4002
109.9562,0.5626,2.4282
109.9564,0.5573,2.4021
109.9566,0.5796,2.4959
109.9568,0.6046,2.6058
109.9570,0.5555,2.3966
109.9572,0.5588,2.4117
109.9574,0.5777,2.4888
109.9576,0.6774,2.9113
109.9578,0.7535,3.2401
109.9580,0.7729,3.3205
109.9582,0.7726,3.3252
109.9584,0.7198,3.0909
109.9586,0.8166,3.5097
109.9588,0.8148,3.5036
109.9590,0.8174,3.5166
109.9592,0.8178,3.5116
109.9594,0.8421,3.6161
109.9596,0.7791,3.3515
109.9598,0.7566,3.2535
109.9600,0.7744,3.3252
109.9602,0.8005,3.4438
109.9604,0.7283,3.1347
109.9606,0.709,3.0516
109.9608,0.7903,3.3968
109.9610,0.8251,3.543
109.9612,0.8257,3.5505
109.9614,0.7551,3.2423
109.9616,0.8042,3.455
109.9618,0.8479,3.6408
109.9620,0.8792,3.7769
109.9622,0.8234,3.5407
109.9624,0.8882,3.8156
109.9626,0.8138,3.5011
109.9628,0.808,3.4742
109.9630,0.774,3.3314
109.9632,0.8437,3.6211
109.9634,0.7894,3.4022
109.9636,0.6607,2.8463
109.9638,0.7099,3.0567
109.9640,0.763,3.2793
109.9642,0.7367,3.1782
109.9644,0.5521,2.3827
109.9646,0.5143,2.2197
109.9648,0.51,2.198
109.9650,0.5554,2.3961
109.9652,0.5396,2.3256
109.9654,0.5557,2.3938
109.9656,0.5776,2.4918
109.9658,0.5597,2.4136
109.9660,0.56,2.418
109.9662,0.4533,1.9581
109.9664,0.4278,1.8491
109.9666,0.416,1.7978
109.9668,0.4462,1.9248
109.9670,0.463,2.001
109.9672,0.4551,1.9649
109.9674,0.5025,2.168
109.9676,0.5464,2.3562
109.9678,0.5547,2.393
109.9680,0.5324,2.2925
109.9682,0.6714,2.8829
109.9684,0.7478,3.2153
109.9686,0.7473,3.2148
109.9688,0.7408,3.1854
109.9690,0.7673,3.2948
109.9692,0.8925,3.8234
109.9694,1.0498,4.4932
109.9696,1.0393,4.4439
109.9698,1.0758,4.6045
109.9700,1.0845,4.6437
109.9702,1.0692,4.5763
109.9704,1.0553,4.5168
109.9706,1.113,4.7748
109.9708,1.0066,4.3124
109.9710,1.0471,4.4877
109.9712,1.0349,4.4316
109.9714,1.1313,4.8399
109.9716,1.1126,4.7621
109.9718,1.1135,4.7679
109.9720,1.093,4.6823
109.9722,1.0376,4.4554
109.9724,0.9271,3.9756
109.9726,0.9709,4.1652
109.9728,0.9672,4.1415
109.9730,0.9686,4.1535
109.9732,0.9635,4.1294
109.9734,1.0209,4.3817
109.9736,0.9806,4.2088
109.9738,0.8964,3.8529
109.9740,0.898,3.8524
109.9742,0.9773,4.1885
109.9744,0.9957,4.2737
109.9746,0.8653,3.7224
109.9748,0.8199,3.5274
109.9750,0.7952,3.4195
109.9752,0.762,3.2843
109.9754,0.7214,3.1062
109.9756,0.7414,3.1895
109.9758,0.7667,3.2968
109.9760,0.7717,3.3246
109.9762,0.7205,3.0997
109.9764,0.7305,3.144
109.9766,0.7192,3.0984
109.9768,0.7397,3.1823
109.9770,0.8095,3.4793
109.9772,0.7856,3.383
109.9774,0.7185,3.0967
109.9776,0.6774,2.9181
109.9778,0.7083,3.0485
109.9780,0.7412,3.1885
109.9782,0.7474,3.2153
109.9784,0.7396,3.1847
109.9786,0.7705,3.3149
109.9788,0.7727,3.3226
109.9790,0.7662,3.2993
109.9792,0.648,2.7941
109.9794,0.6426,2.7696
109.9796,0.7389,3.1787
109.9798,0.7669,3.3024
109.9800,0.683,2.9451
109.9802,0.66,2.8485
109.9804,0.5684,2.452
109.9806,0.5408,2.3319
109.9808,0.6367,2.7455
109.9810,0.6283,2.7081
109.9812,0.557,2.4039
109.9814,0.5367,2.3154
109.9816,0.6259,2.7002
109.9818,0.5997,2.587
109.9820,0.5501,2.3733
109.9822,0.5563,2.3997
109.9824,0.5609,2.4176
109.9826,0.6091,2.6242
109.9828,0.6506,2.799
109.9830,0.6862,2.9563
109.9832,0.715,3.0774
109.9834,0.7529,3.2375
109.9836,0.7759,3.3396
109.9838,0.6783,2.9263
109.9840,0.5883,2.5366
109.9842,0.6012,2.5913
109.9844,0.6135,2.644
109.9846,0.5973,2.5766
109.9848,0.612,2.6378
109.9850,0.6388,2.7543
109.9852,0.5957,2.5675
109.9854,0.6205,2.6757
109.9856,0.5322,2.2989
109.9858,0.48,2.0726
109.9860,0.4782,2.0649
109.9862,0.4895,2.1135
109.9864,0.4886,2.1089
109.9866,0.477,2.0578
109.9868,0.4774,2.0612
109.9870,0.5275,2.2756
109.9872,0.5162,2.228
109.9874,0.4735,2.0447
109.9876,0.4705,2.0327
109.9878,0.4672,2.0154
109.9880,0.471,2.0338
109.9882,0.4753,2.0534
109.9884,0.4693,2.0275
109.9886,0.4703,2.0298
109.9888,0.4688,2.0235
109.9890,0.4702,2.0292
109.9892,0.4733,2.0436
109.9894,0.4675,2.0169
109.9896,0.4692,2.0242
109.9898,0.4711,2.0353
109.9900,0.471,2.0338
109.9902,0.4739,2.0453
109.9904,0.4682,2.0209
109.9906,0.47,2.0297
109.9908,0.4957,2.1365
109.9910,0.5576,2.4021
109.9912,0.5859,2.5251
109.9914,0.5854,2.5207
109.9916,0.5859,2.5228
109.9918,0.5981,2.5731
109.9920,0.6737,2.898
109.9922,0.7217,3.1049
109.9924,0.7161,3.0792
109.9926,0.7016,3.0196
109.9928,0.6889,2.9677
109.9930,0.6085,2.6167
109.9932,0.6581,2.8323
109.9934,0.6807,2.9258
109.9936,0.8063,3.4637
109.9938,0.797,3.4273
109.9940,0.6852,2.9462
109.9942,0.6948,2.9861
109.9944,0.7154,3.0776
109.9946,0.6913,2.9725
109.9948,0.6758,2.9114
109.9950,0.676,2.9084
109.9952,0.6895,2.9675
109.9954,0.6607,2.8437
109.9956,0.666,2.865
109.9958,0.7083,3.05
109.9960,0.6565,2.8256
109.9962,0.6139,2.6473
109.9964,0.5331,2.2988
109.9966,0.5244,2.2611
109.9968,0.528,2.2787
109.9970,0.5235,2.2574
109.9972,0.5653,2.4374
109.9974,0.5036,2.1696
109.9976,0.5522,2.3843
109.9978,0.435,1.8776
109.9980,0.4087,1.7629
109.9982,0.4081,1.7612
109.9984,0.4015,1.7343
109.9986,0.3956,1.7097
109.9988,0.434,1.8738
109.9990,0.4154,1.7936
109.9992,0.3914,1.6892
109.9994,0.4027,1.7395
109.9996,0.3998,1.7262
109.9998,0.4233,1.826
110.0000,0.4033,1.7413
110.0002,0.3965,1.7131
110.0004,0.3967,1.7136
110.0006,0.433,1.8645
110.0008,0.5744,2.4698
110.0010,0.7296,3.1331
110.0012,0.7396,3.1803
110.0014,0.6937,2.9786
110.0016,0.8232,3.5314
110.0018,0.8753,3.7552
110.0020,0.8737,3.7445
110.0022,0.9403,4.0303
110.0024,0.9376,4.0222
110.0026,0.9259,3.9667
110.0028,0.9851,4.2141
110.0030,0.9982,4.2725
110.0032,1.03,4.4085
110.0034,1.0565,4.5198
110.0036,1.0722,4.5827
110.0038,1.1662,4.9845
110.0040,1.2154,5.1873
110.0042,1.2409,5.3013
110.0044,1.1604,4.9664
110.0046,1.0963,4.6857
110.0048,1.113,4.7614
110.0050,1.1432,4.8907
110.0052,1.1858,5.0657
110.0054,1.2128,5.1882
110.0056,1.1533,4.9315
110.0058,1.1818,5.0488
110.0060,1.1968,5.1176
110.0062,1.0616,4.552
110.0064,0.9872,4.2371
110.0066,0.954,4.0927
110.0068,0.9598,4.1135
110.0070,1.0211,4.3685
110.0072,1.1053,4.7286
110.0074,1.1764,5.0257
110.0076,1.2647,5.4027
110.0078,1.225,5.2356
110.0080,1.207,5.1732
110.0082,1.0469,4.4913
110.0084,0.9806,4.2147
110.0086,0.8482,3.644
110.0088,0.8511,3.6513
110.0090,0.8932,3.8408
110.0092,0.8517,3.6641
110.0094,0.8219,3.5291
110.0096,0.8739,3.7578
110.0098,0.8289,3.5644
110.0100,0.8305,3.5678
110.0102,0.8427,3.622
110.0104,0.7737,3.3314
110.0106,0.7361,3.1683
110.0108,0.7643,3.288
110.0110,0.7898,3.3963
110.0112,0.8157,3.5061
110.0114,0.8473,3.6433
110.0116,0.8487,3.6461
110.0118,0.8151,3.5116
110.0120,0.7155,3.0809
110.0122,0.7475,3.2143
110.0124,0.772,3.3226
110.0126,0.753,3.2426
110.0128,0.7755,3.3345
110.0130,0.8088,3.4794
110.0132,0.7197,3.1005
110.0134,0.7018,3.0263
110.0136,0.6366,2.7437
110.0138,0.6495,2.7983
110.0140,0.6729,2.8976
110.0142,0.6747,2.9094
110.0144,0.6384,2.7553
110.0146,0.589,2.5409
110.0148,0.5757,2.4847
110.0150,0.5661,2.4444
110.0152,0.5703,2.4591
110.0154,0.5693,2.4572
110.0156,0.5717,2.4664
110.0158,0.5985,2.5842
110.0160,0.538,2.3232
110.0162,0.4854,2.0959
110.0164,0.4795,2.0725
110.0166,0.478,2.0638
110.0168,0.5271,2.2751
110.0170,0.5324,2.2978
110.0172,0.5262,2.2709
110.0174,0.5772,2.4891
110.0176,0.5423,2.3419
110.0178,0.5248,2.2663
110.0180,0.5419,2.3365
110.0182,0.5714,2.466
110.0184,0.5253,2.2652
110.0186,0.5233,2.2575
110.0188,0.5535,2.3889
110.0190,0.5367,2.3165
110.0192,0.5202,2.2461
110.0194,0.5299,2.288
110.0196,0.5268,2.2714
110.0198,0.5407,2.3314
110.0200,0.5288,2.2823
110.0202,0.5163,2.2274
110.0204,0.5129,2.2104
110.0206,0.5535,2.3823
110.0208,0.6861,2.9503
110.0210,0.7155,3.0852
110.0212,0.5774,2.4919
110.0214,0.5611,2.4159
110.0216,0.6383,2.7471
110.0218,0.703,3.0244
110.0220,0.6699,2.8861
110.0222,0.65,2.7977
110.0224,0.6819,2.9336
110.0226,0.7265,3.1241
110.0228,0.7313,3.1476
110.0230,0.7204,3.1007
110.0232,0.7223,3.106
110.0234,0.6968,3.0004
110.0236,0.6147,2.6492
110.0238,0.6103,2.6306
110.0240,0.6717,2.8885
110.0242,0.7105,3.0593
110.0244,0.6826,2.9381
110.0246,0.6974,3.003
110.0248,0.6458,2.7797
110.0250,0.6485,2.7936
110.0252,0.6516,2.8044
110.0254,0.7065,3.0394
110.0256,0.759,3.2608
110.0258,0.8045,3.456
110.0260,0.8155,3.505
110.0262,0.8192,3.521
110.0264,0.8475,3.6359
110.0266,0.857,3.6834
110.0268,0.8101,3.4818
110.0270,0.7732,3.3216
110.0272,0.7589,3.2618
110.0274,0.7931,3.4118
110.0276,0.756,3.2524
110.0278,0.7257,3.1248
110.0280,0.6573,2.8332
110.0282,0.5849,2.5222
110.0284,0.5703,2.4557
110.0286,0.595,2.5656
110.0288,0.5687,2.4524
110.0290,0.5822,2.5091
110.0292,0.6475,2.7908
110.0294,0.5835,2.5125
110.0296,0.6241,2.6912
110.0298,0.5492,2.3703
110.0300,0.5394,2.3235
110.0302,0.5847,2.5188
110.0304,0.5629,2.427
110.0306,0.5245,2.2605
110.0308,0.5801,2.5003
110.0310,0.5383,2.3243
110.0312,0.4275,1.8476
110.0314,0.4024,1.74
110.0316,0.3939,1.7024
110.0318,0.3983,1.7184
110.0320,0.442,1.9094
110.0322,0.3961,1.711
110.0324,0.3884,1.6778
110.0326,0.392,1.6934
110.0328,0.3919,1.6944
110.0330,0.3926,1.6975
110.0332,0.3913,1.6887
110.0334,0.4294,1.855
110.0336,0.4047,1.7483
110.0338,0.3994,1.7239
110.0340,0.4781,2.0596
110.0342,0.5248,2.2631
110.0344,0.5639,2.4294
110.0346,0.6271,2.6979
110.0348,0.6882,2.955
110.0350,0.7112,3.0581
110.0352,0.7446,3.199
110.0354,0.7487,3.2195
110.0356,0.7376,3.1686
110.0358,0.7867,3.3782
110.0360,0.8166,3.5031
110.0362,0.9185,3.9367
110.0364,0.9958,4.2682
110.0366,0.9783,4.1932
110.0368,0.9578,4.1015
110.0370,0.9777,4.1906
110.0372,0.9693,4.1546
110.0374,0.9782,4.1927
110.0376,0.9703,4.1607
110.0378,0.9811,4.1971
110.0380,1.1173,4.7776
110.0382,1.1367,4.863
110.0384,1.0941,4.6782
110.0386,1.0921,4.6787
110.0388,1.0365,4.4466
110.0390,0.9387,4.0287
110.0392,0.9128,3.9029
110.0394,0.9915,4.2616
110.0396,0.853,3.6629
110.0398,0.8528,3.6619
110.0400,0.8345,3.5831
110.0402,0.8223,3.5328
110.0404,0.8121,3.4874
110.0406,0.8462,3.6336
110.0408,0.8948,3.8368
110.0410,0.9053,3.8911
110.0412,0.7639,3.288
110.0414,0.735,3.1592
110.0416,0.7972,3.423
110.0418,0.8328,3.5776
110.0420,0.8829,3.7876
110.0422,0.9473,4.062
110.0424,0.9831,4.2177
110.0426,0.9845,4.2233
110.0428,0.971,4.1715
110.0430,0.8765,3.7621
110.0432,0.8408,3.6171
110.0434,0.7909,3.401
110.0436,0.7819,3.3639
110.0438,0.7572,3.2576
110.0440,0.7876,3.3865
110.0442,0.8506,3.6577
110.0444,0.8076,3.4726
110.0446,0.818,3.5142
110.0448,0.8698,3.7368
110.0450,0.8638,3.7145
110.0452,0.8078,3.4737
110.0454,0.7878,3.3844
110.0456,0.8361,3.5954
110.0458,0.8053,3.4628
110.0460,0.7661,3.3004
110.0462,0.6991,3.006
110.0464,0.7452,3.209
110.0466,0.7183,3.0928
110.0468,0.624,2.6932
110.0470,0.5732,2.4726
110.0472,0.562,2.4223
110.0474,0.6832,2.9393
110.0476,0.7006,3.0211
110.0478,0.6295,2.7183
110.0480,0.5276,2.2761
110.0482,0.5698,2.457
110.0484,0.5512,2.3835
110.0486,0.4717,2.0388
110.0488,0.462,1.9968
110.0490,0.454,1.9603
110.0492,0.4541,1.9608
110.0494,0.4521,1.9538
110.0496,0.4535,1.9582
110.0498,0.4531,1.9566
110.0500,0.4545,1.9633
110.0502,0.4553,1.9678
110.0504,0.4539,1.9598
110.0506,0.4698,2.0267
110.0508,0.5326,2.3021
110.0510,0.4652,2.0099
110.0512,0.4694,2.0242
110.0514,0.5111,2.2047
110.0516,0.4694,2.0271
110.0518,0.4485,1.9374
110.0520,0.4483,1.9377
110.0522,0.4487,1.9375
110.0524,0.4469,1.9297
110.0526,0.4489,1.9385
110.0528,0.4461,1.9261
110.0530,0.447,1.9293
110.0532,0.4515,1.9485
110.0534,0.4422,1.9095
110.0536,0.445,1.9223
110.0538,0.4453,1.9239
110.0540,0.4449,1.92
110.0542,0.4475,1.9332
110.0544,0.4414,1.9041
110.0546,0.4582,1.9766
110.0548,0.5158,2.2223
110.0550,0.5933,2.5572
110.0552,0.4902,2.1147
110.0554,0.4565,1.9711
110.0556,0.4589,1.9806
110.0558,0.4599,1.9829
110.0560,0.4717,2.035
110.0562,0.4597,1.986
110.0564,0.4595,1.9841
110.0566,0.4648,2.005
110.0568,0.441,1.9017
110.0570,0.4934,2.1257
110.0572,0.5838,2.514
110.0574,0.6361,2.7353
110.0576,0.6181,2.6604
110.0578,0.6054,2.6082
110.0580,0.5498,2.3685
110.0582,0.5434,2.34
110.0584,0.5758,2.4783
110.0586,0.6325,2.7211
110.0588,0.668,2.8738
110.0590,0.7077,3.0417
110.0592,0.7159,3.0796
110.0594,0.7337,3.1565
110.0596,0.6938,2.9861
110.0598,0.6398,2.7539
110.0600,0.5939,2.5574
110.0602,0.6138,2.6406
110.0604,0.657,2.8277
110.0606,0.6299,2.7123
110.0608,0.7255,3.1151
110.0610,0.7016,3.0196
110.0612,0.6796,2.9211
110.0614,0.7444,3.2054
110.0616,0.6444,2.7735
110.0618,0.6246,2.6883
110.0620,0.6162,2.6534
110.0622,0.6107,2.6321
110.0624,0.6253,2.6927
110.0626,0.6501,2.7969
110.0628,0.6671,2.871
110.0630,0.6525,2.8086
110.0632,0.6355,2.7353
110.0634,0.5782,2.4909
110.0636,0.5488,2.3643
110.0638,0.5931,2.5538
110.0640,0.5671,2.444
110.0642,0.5552,2.3951
110.0644,0.5138,2.2145
110.0646,0.5311,2.2868
110.0648,0.5468,2.3545
110.0650,0.6173,2.6531
110.0652,0.6374,2.7448
110.0654,0.6076,2.6223
110.0656,0.4756,2.0544
110.0658,0.4137,1.7855
110.0660,0.4114,1.7756
110.0662,0.4079,1.7606
110.0664,0.4015,1.7335
110.0666,0.4029,1.7397
110.0668,0.4102,1.7688
110.0670,0.4657,2.0092
110.0672,0.4903,2.1142
110.0674,0.5906,2.5417
110.0676,0.6846,2.9436
110.0678,0.6323,2.7226
110.0680,0.662,2.8454
110.0682,0.7012,3.0125
110.0684,0.7173,3.0829
110.0686,0.7859,3.3762
110.0688,0.7967,3.4193
110.0690,0.9093,3.8917
110.0692,0.9741,4.1732
110.0694,0.9734,4.1643
110.0696,0.9759,4.1809
110.0698,0.9658,4.1373
110.0700,0.9696,4.1537
110.0702,1.0021,4.2889
110.0704,0.9716,4.1625
110.0706,1.0074,4.3115
110.0708,1.031,4.4126
110.0710,1.0405,4.4511
110.0712,1.0564,4.5235
110.0714,1.0491,4.4922
110.0716,1.0009,4.2938
110.0718,0.9142,3.9255
110.0720,0.8395,3.6064
110.0722,0.8256,3.545
110.0724,0.8346,3.5836
110.0726,0.8318,3.5685
110.0728,0.9026,3.8738
110.0730,0.8612,3.6962
110.0732,0.8372,3.595
110.0734,0.8653,3.7189
110.0736,0.8109,3.4838
110.0738,0.7803,3.3504
110.0740,0.7806,3.3535
110.0742,0.7677,3.2979
110.0744,0.8082,3.472
110.0746,0.8048,3.4576
110.0748,0.8295,3.5637
110.0750,0.8401,3.6073
110.0752,0.8677,3.7205
110.0754,0.9165,3.9298
110.0756,0.896,3.8544
110.0758,0.7542,3.2432
110.0760,0.7673,3.2979
110.0762,0.8245,3.5404
110.0764,0.8446,3.632
110.0766,0.8373,3.5972
110.0768,0.8426,3.6198
110.0770,0.8713,3.7412
110.0772,0.9125,3.9128
110.0774,0.9536,4.0892
110.0776,0.9605,4.1166
110.0778,0.9759,4.1848
110.0780,0.9721,4.1723
110.0782,0.9017,3.8738
110.0784,0.8322,3.5817
110.0786,0.6765,2.9104
110.0788,0.7131,3.0692
110.0790,0.7436,3.2003
110.0792,0.7045,3.0306
110.0794,0.6777,2.9224
110.0796,0.631,2.7195
110.0798,0.5997,2.5858
110.0800,0.5619,2.424
110.0802,0.5674,2.4467
110.0804,0.5913,2.5472
110.0806,0.5892,2.5408
110.0808,0.5758,2.4829
110.0810,0.6322,2.7208
110.0812,0.6933,2.9854
110.0814,0.6826,2.9408
110.0816,0.6644,2.861
110.0818,0.654,2.8161
110.0820,0.6777,2.9169
110.0822,0.7047,3.0345
110.0824,0.679,2.9226
110.0826,0.6539,2.8142
110.0828,0.7063,3.0398
110.0830,0.7246,3.1173
110.0832,0.7135,3.0707
110.0834,0.7322,3.1512
110.0836,0.733,3.1534
110.0838,0.7352,3.1597
110.0840,0.7252,3.1184
110.0842,0.7269,3.1314
110.0844,0.6561,2.8254
110.0846,0.6475,2.7908
110.0848,0.6211,2.6783
110.0850,0.5837,2.5182
110.0852,0.5456,2.3537
110.0854,0.5581,2.4075
110.0856,0.5445,2.349
110.0858,0.5464,2.3584
110.0860,0.5437,2.3465
110.0862,0.54,2.3294
110.0864,0.5378,2.3168
110.0866,0.6083,2.6206
110.0868,0.6169,2.659
110.0870,0.5588,2.4106
110.0872,0.5253,2.2662
110.0874,0.5421,2.3343
110.0876,0.6287,2.7046
110.0878,0.6886,2.9708
110.0880,0.5569,2.4045
110.0882,0.5275,2.2745
110.0884,0.5246,2.2631
110.0886,0.5242,2.2616
110.0888,0.5245,2.2605
110.0890,0.5245,2.2616
110.0892,0.524,2.2606
110.0894,0.5223,2.2544
110.0896,0.5471,2.3582
110.0898,0.6364,2.7376
110.0900,0.7034,3.026
110.0902,0.7113,3.0614
110.0904,0.6567,2.8253
110.0906,0.6342,2.7283
110.0908,0.6382,2.7479
110.0910,0.6298,2.7118
110.0912,0.6741,2.8988
110.0914,0.7235,3.1112
110.0916,0.7422,3.1916
110.0918,0.71,3.0544
110.0920,0.7141,3.0705
110.0922,0.7227,3.1032
110.0924,0.7926,3.405
110.0926,0.7563,3.255
110.0928,0.6703,2.889
110.0930,0.6717,2.8911
110.0932,0.7148,3.0736
110.0934,0.7543,3.2407
110.0936,0.7933,3.4097
110.0938,0.7294,3.1408
110.0940,0.6647,2.862
110.0942,0.6466,2.7841
110.0944,0.6481,2.7895
110.0946,0.6456,2.7799
110.0948,0.666,2.8664
110.0950,0.679,2.9199
110.0952,0.7228,3.111
110.0954,0.6639,2.8656
110.0956,0.497,2.1481
110.0958,0.417,1.8016
110.0960,0.4124,1.7806
110.0962,0.4099,1.7714
110.0964,0.4077,1.758
110.0966,0.5295,2.2854
110.0968,0.4301,1.859
110.0970,0.3895,1.6825
110.0972,0.3921,1.6931
110.0974,0.3887,1.6786
110.0976,0.3968,1.7133
110.0978,0.4747,2.0498
110.0980,0.487,2.1027
110.0982,0.4041,1.7449
110.0984,0.377,1.6286
110.0986,0.3962,1.7115
110.0988,0.3991,1.7223
110.0990,0.419,1.8074
110.0992,0.4139,1.7873
110.0994,0.3784,1.6356
110.0996,0.397,1.712
110.0998,0.457,1.9668
110.1000,0.5885,2.5306
110.1002,0.6884,2.9574
110.1004,0.7726,3.3113
110.1006,0.8263,3.5465
110.1008,0.8286,3.5562
110.1010,0.8745,3.7551
110.1012,0.8282,3.5547
110.1014,0.7943,3.4106
110.1016,0.8181,3.5098
110.1018,0.8841,3.7892
110.1020,0.9219,3.953
110.1022,0.9286,3.9799
110.1024,0.9636,4.13
110.1026,0.9648,4.1351
110.1028,0.9463,4.0541
110.1030,0.9634,4.127
110.1032,0.9961,4.2652
110.1034,1.0065,4.3139
110.1036,0.8963,3.8434
110.1038,0.8632,3.7015
110.1040,0.9271,3.9756
110.1042,0.922,3.959
110.1044,0.884,3.7852
110.1046,1.0288,4.4034
110.1048,1.0077,4.3151
110.1050,1.02,4.3695
110.1052,0.9998,4.2832
110.1054,0.9869,4.2277
110.1056,1.0065,4.316
110.1058,0.9791,4.2041
110.1060,0.9192,3.9398
110.1062,0.9309,3.9915
110.1064,0.9565,4.1015
110.1066,0.9592,4.1109
110.1068,0.9068,3.9009
110.1070,0.7746,3.3355
110.1072,0.7442,3.1999
110.1074,0.7698,3.3102
110.1076,0.7666,3.2978
110.1078,0.7919,3.4051
110.1080,0.7581,3.2612
110.1082,0.7473,3.2118
110.1084,0.745,3.205
110.1086,0.7425,3.1941
110.1088,0.7342,3.163
110.1090,0.6737,2.9007
110.1092,0.6898,2.9677
110.1094,0.7063,3.0398
110.1096,0.7328,3.1524
110.1098,0.7263,3.1289
110.1100,0.7036,3.027
110.1102,0.7448,3.2025
110.1104,0.7847,3.3804
110.1106,0.7103,3.0559
110.1108,0.7153,3.077
110.1110,0.7046,3.034
110.1112,0.6764,2.914
110.1114,0.6452,2.7745
110.1116,0.7492,3.2215
110.1118,0.796,3.4258
110.1120,0.739,3.1792
110.1122,0.6729,2.903
110.1124,0.5717,2.4676
110.1126,0.5067,2.1881
110.1128,0.4932,2.1276
110.1130,0.5439,2.341
110.1132,0.6478,2.7892
110.1134,0.613,2.6419
110.1136,0.5896,2.5423
110.1138,0.5596,2.4164
110.1140,0.5136,2.2135
110.1142,0.5898,2.5434
110.1144,0.5633,2.4246
110.1146,0.6703,2.8863
110.1148,0.6263,2.698
110.1150,0.6491,2.7975
110.1152,0.6196,2.6716
110.1154,0.577,2.4892
110.1156,0.5111,2.2047
110.1158,0.5313,2.2921
110.1160,0.5603,2.4128
110.1162,0.6195,2.6674
110.1164,0.5636,2.4335
110.1166,0.4734,2.0451
110.1168,0.4796,2.0711
110.1170,0.4787,2.065
110.1172,0.4902,2.1117
110.1174,0.594,2.5591
110.1176,0.6356,2.7422
110.1178,0.4754,2.053
110.1180,0.4176,1.8034
110.1182,0.4343,1.8745
110.1184,0.4706,2.0304
110.1186,0.4599,1.9866
110.1188,0.4435,1.9152
110.1190,0.4387,1.8945
110.1192,0.436,1.8835
110.1194,0.4801,2.0693
110.1196,0.5382,2.3216
110.1198,0.4926,2.127
110.1200,0.4595,1.9823
110.1202,0.4911,2.1159
110.1204,0.597,2.5708
110.1206,0.6618,2.8523
110.1208,0.6118,2.6343
110.1210,0.6486,2.7902
110.1212,0.6229,2.6811
110.1214,0.6292,2.7104
110.1216,0.5763,2.4803
110.1218,0.6041,2.6013
110.1220,0.6626,2.8546
110.1222,0.6631,2.8513
110.1224,0.6944,2.9859
110.1226,0.7052,3.0323
110.1228,0.7647,3.2881
110.1230,0.7067,3.039
110.1232,0.6594,2.8367
110.1234,0.6665,2.8698
110.1236,0.6768,2.9142
110.1238,0.6529,2.8075
110.1240,0.684,2.941
110.1242,0.7425,3.1912
110.1244,0.7862,3.3824
110.1246,0.7494,3.2196
110.1248,0.7394,3.1807
110.1250,0.7058,3.0306
110.1252,0.7225,3.108
110.1254,0.7087,3.0487
110.1256,0.6626,2.8559
110.1258,0.5633,2.4291
110.1260,0.56,2.4124
110.1262,0.6317,2.7188
110.1264,0.5855,2.5224
110.1266,0.5459,2.3519
110.1268,0.5337,2.3014
110.1270,0.5307,2.2885
110.1272,0.5336,2.2987
110.1274,0.5402,2.3282
110.1276,0.5677,2.4432
110.1278,0.6167,2.658
110.1280,0.5298,2.2843
110.1282,0.5119,2.2052
110.1284,0.5769,2.4864
110.1286,0.5644,2.4371
110.1288,0.4723,2.0376
110.1290,0.4421,1.9081
110.1292,0.4469,1.9288
110.1294,0.4872,2.0988
110.1296,0.5099,2.1985
110.1298,0.4982,2.1483
110.1300,0.5084,2.1933
110.1302,0.5242,2.2584
110.1304,0.5179,2.2331
110.1306,0.5045,2.1762
110.1308,0.5058,2.1799
110.1310,0.5511,2.372
110.1312,0.5804,2.5014
110.1314,0.5295,2.2833
110.1316,0.504,2.1732
110.1318,0.5085,2.1908
110.1320,0.494,2.1312
110.1322,0.4392,1.8983
110.1324,0.4019,1.7331
110.1326,0.4252,1.8343
110.1328,0.4535,1.9546
110.1330,0.536,2.3091
110.1332,0.5789,2.4894
110.1334,0.6382,2.7479
110.1336,0.5885,2.533
110.1338,0.6097,2.6194
110.1340,0.721,3.1004
110.1342,0.7192,3.0941
110.1344,0.7069,3.0353
110.1346,0.7673,3.2917
110.1348,0.8217,3.522
110.1350,0.9051,3.8755
110.1352,0.9438,4.047
110.1354,0.8907,3.8211
110.1356,0.8907,3.8175
110.1358,0.9077,3.8923
110.1360,0.9387,4.0174
110.1362,0.9747,4.17
110.1364,1.0484,4.4912
110.1366,1.0087,4.3192
110.1368,0.9701,4.1538
110.1370,0.9831,4.2118
110.1372,0.9261,3.9691
110.1374,0.9508,4.0693
110.1376,1.0506,4.4989
110.1378,0.9835,4.2133
110.1380,0.9412,4.0376
110.1382,0.8512,3.6535
110.1384,0.8538,3.6677
110.1386,0.8517,3.6607
110.1388,0.8295,3.5604
110.1390,0.8279,3.5515
110.1392,0.9017,3.8684
110.1394,0.9228,3.9589
110.1396,0.8515,3.6528
110.1398,0.8127,3.4932
110.1400,0.7969,3.4267
110.1402,0.8163,3.5054
110.1404,0.8848,3.7923
110.1406,0.9432,4.0464
110.1408,0.9009,3.863
110.1410,0.9336,4.0015
110.1412,0.9888,4.2399
110.1414,0.9722,4.1689
110.1416,0.9809,4.2059
110.1418,0.8956,3.8511
110.1420,0.8009,3.4422
110.1422,0.8492,3.6448
110.1424,0.8819,3.7835
110.1426,0.9474,4.0606
110.1428,1.0455,4.4789
110.1430,1.0463,4.4804
110.1432,1.0299,4.4162
110.1434,0.9776,4.1881
110.1436,0.9984,4.279
110.1438,1.0074,4.3256
110.1440,0.8841,3.8016
110.1442,0.8094,3.4788
110.1444,0.8485,3.6451
110.1446,0.8608,3.6998
110.1448,0.8575,3.6871
110.1450,0.8695,3.7335
110.1452,0.822,3.5362
110.1454,0.7529,3.242
110.1456,0.6957,2.993
110.1458,0.686,2.958
110.1460,0.6406,2.7557
110.1462,0.7424,3.1966
110.1464,0.6675,2.8798
110.1466,0.5822,2.5114
110.1468,0.582,2.5086
110.1470,0.5732,2.4726
110.1472,0.594,2.5638
110.1474,0.4999,2.1566
110.1476,0.4778,2.0643
110.1478,0.4824,2.0811
110.1480,0.5262,2.2709
110.1482,0.5408,2.333
110.1484,0.5288,2.2802
110.1486,0.5242,2.2616
110.1488,0.5287,2.2818
110.1490,0.527,2.2735
110.1492,0.525,2.2636
110.1494,0.5657,2.4349
110.1496,0.6784,2.9187
110.1498,0.7271,3.1339
110.1500,0.6077,2.6216
110.1502,0.5319,2.2947
110.1504,0.526,2.2693
110.1506,0.5248,2.2652
110.1508,0.5294,2.2838
110.1510,0.5292,2.2828
110.1512,0.5257,2.2688
110.1514,0.5287,2.2828
110.1516,0.5262,2.2699
110.1518,0.5263,2.2693
110.1520,0.519,2.2399
110.1522,0.5175,2.2337
110.1524,0.526,2.2693
110.1526,0.5251,2.261
110.1528,0.6216,2.6754
110.1530,0.6689,2.8841
110.1532,0.5635,2.4285
110.1534,0.5546,2.3936
110.1536,0.5262,2.2699
110.1538,0.5318,2.2931
110.1540,0.5252,2.2647
110.1542,0.5473,2.3598
110.1544,0.5331,2.2999
110.1546,0.5247,2.2616
110.1548,0.539,2.3231
110.1550,0.5449,2.3517
110.1552,0.5292,2.2828
110.1554,0.5549,2.3874
110.1556,0.654,2.8134
110.1558,0.707,3.0429
110.1560,0.7067,3.039
110.1562,0.728,3.1332
110.1564,0.6648,2.8639
110.1566,0.6501,2.8008
110.1568,0.6433,2.7675
110.1570,0.6362,2.7409
110.1572,0.6301,2.7133
110.1574,0.6877,2.9515
110.1576,0.8327,3.5737
110.1578,0.8851,3.7986
110.1580,0.8407,3.6116
110.1582,0.8036,3.4588
110.1584,0.6759,2.9106
110.1586,0.6129,2.639
110.1588,0.6003,2.5884
110.1590,0.5948,2.561
110.1592,0.6322,2.7196
110.1594,0.6677,2.8709
110.1596,0.772,3.3118
110.1598,0.8793,3.7775
110.1600,0.7773,3.3437
110.1602,0.7165,3.0779
110.1604,0.7482,3.2189
110.1606,0.7709,3.3118
110.1608,0.8179,3.5088
110.1610,0.8512,3.6518
110.1612,0.8009,3.4454
110.1614,0.7096,3.0514
110.1616,0.6607,2.8437
110.1618,0.668,2.8738
110.1620,0.7109,3.0599
110.1622,0.693,2.9797
110.1624,0.6495,2.7931
110.1626,0.6601,2.8424
110.1628,0.5965,2.5723
110.1630,0.5263,2.2693
110.1632,0.5643,2.4332
110.1634,0.5587,2.4101
110.1636,0.5054,2.1814
110.1638,0.5242,2.2616
110.1640,0.534,2.3046
110.1642,0.4198,1.8144
110.1644,0.3981,1.7214
110.1646,0.4018,1.735
110.1648,0.4033,1.7421
110.1650,0.3946,1.7056
110.1652,0.3957,1.7094
110.1654,0.4149,1.789
110.1656,0.4895,2.1096
110.1658,0.4646,2.0045
110.1660,0.5003,2.1531
110.1662,0.5854,2.5207
110.1664,0.5915,2.5471
110.1666,0.6371,2.742
110.1668,0.6448,2.775
110.1670,0.6246,2.6883
110.1672,0.6909,2.9682
110.1674,0.7591,3.2613
110.1676,0.7424,3.1921
110.1678,0.7197,3.0918
110.1680,0.8084,3.4698
110.1682,0.8813,3.7792
110.1684,0.8735,3.751
110.1686,0.7964,3.4215
110.1688,0.8015,3.4383
110.1690,0.8872,3.8026
110.1692,0.9577,4.1029
110.1694,1.0002,4.2847
110.1696,1.0171,4.351
110.1698,1.1024,4.7119
110.1700,1.1517,4.9294
110.1702,1.0592,4.5353
110.1704,1.0686,4.5673
110.1706,1.1545,4.9435
110.1708,1.0066,4.3145
110.1710,0.9956,4.2672
110.1712,0.9195,3.9463
110.1714,0.8745,3.7534
110.1716,0.8863,3.8127
110.1718,0.7277,3.1278
110.1720,0.7314,3.1423
110.1722,0.7956,3.4179
110.1724,0.8277,3.5526
110.1726,0.9009,3.8666
110.1728,0.9198,3.9516
110.1730,0.8528,3.667
110.1732,0.74,3.1863
110.1734,0.671,2.8894
110.1736,0.7025,3.0224
110.1738,0.7181,3.0894
110.1740,0.6877,2.9584
110.1742,0.6902,2.9734
110.1744,0.7043,3.0301
110.1746,0.7217,3.102
110.1748,0.7036,3.0284
110.1750,0.71,3.0544
110.1752,0.7147,3.073
110.1754,0.7067,3.0404
110.1756,0.6668,2.8686
110.1758,0.7741,3.3257
110.1760,0.8059,3.4638
110.1762,0.7739,3.3247
110.1764,0.8461,3.6314
110.1766,0.846,3.6359
110.1768,0.7499,3.2261
110.1770,0.7671,3.2968
110.1772,0.8002,3.4487
110.1774,0.6838,2.9433
110.1776,0.7058,3.0363
110.1778,0.6787,2.9238
110.1780,0.6862,2.9508
110.1782,0.7039,3.0365
110.1784,0.6216,2.6779
110.1786,0.5889,2.5381
110.1788,0.6019,2.5968
110.1790,0.5777,2.49
110.1792,0.6324,2.7193
110.1794,0.7235,3.1155
110.1796,0.6729,2.9044
110.1798,0.5317,2.2926
110.1800,0.5647,2.4337
110.1802,0.6172,2.6576
110.1804,0.6473,2.7846
110.1806,0.6358,2.7401
110.1808,0.5856,2.5229
110.1810,0.6372,2.7463
110.1812,0.5817,2.507
110.1814,0.5841,2.5162
110.1816,0.6189,2.666
110.1818,0.5702,2.4608
110.1820,0.4904,2.1157
110.1822,0.5314,2.2905
110.1824,0.5717,2.4641
110.1826,0.6559,2.823
110.1828,0.6729,2.8976
110.1830,0.6436,2.7686
110.1832,0.7322,3.1483
110.1834,0.7219,3.1083
110.1836,0.6222,2.683
110.1838,0.5475,2.3598
110.1840,0.5465,2.3578
110.1842,0.5488,2.3676
110.1844,0.577,2.4892
110.1846,0.5578,2.4042
110.1848,0.6067,2.6151
110.1850,0.6186,2.6662
110.1852,0.6272,2.7022
110.1854,0.5547,2.3941
110.1856,0.4841,2.0912
110.1858,0.513,2.2109
110.1860,0.5487,2.3682
110.1862,0.4712,2.0348
110.1864,0.4611,1.9899
110.1866,0.4614,1.9914
110.1868,0.4578,1.975
110.1870,0.4579,1.9746
110.1872,0.4577,1.9745
110.1874,0.4561,1.9705
110.1876,0.4468,1.9292
110.1878,0.442,1.9076
110.1880,0.4419,1.9071
110.1882,0.4487,1.9366
110.1884,0.451,1.9446
110.1886,0.5047,2.1732
110.1888,0.562,2.4212
110.1890,0.56,2.4146
110.1892,0.5521,2.3783
110.1894,0.5483,2.3645
110.1896,0.5638,2.4289
110.1898,0.5724,2.4661
110.1900,0.5584,2.4068
110.1902,0.5654,2.4368
110.1904,0.5596,2.4108
110.1906,0.571,2.4553
110.1908,0.6599,2.8387
110.1910,0.6782,2.9217
110.1912,0.6844,2.9404
110.1914,0.7383,3.1717
110.1916,0.7223,3.106
110.1918,0.702,3.024
110.1920,0.5671,2.4429
110.1922,0.5379,2.3173
110.1924,0.5441,2.3431
110.1926,0.6197,2.6709
110.1928,0.5693,2.455
110.1930,0.5305,2.2864
110.1932,0.5435,2.3416
110.1934,0.5587,2.4078
110.1936,0.5301,2.2848
110.1938,0.533,2.2951
110.1940,0.5353,2.3081
110.1942,0.5418,2.3371
110.1944,0.5256,2.2652
110.1946,0.5409,2.3302
110.1948,0.5816,2.5065
110.1950,0.5444,2.3452
110.1952,0.5712,2.4575
110.1954,0.5847,2.5211
110.1956,0.5295,2.2843
110.1958,0.5004,2.1586
110.1960,0.5274,2.2719
110.1962,0.597,2.5696
110.1964,0.6319,2.7211
110.1966,0.5697,2.4576
110.1968,0.5054,2.1804
110.1970,0.5001,2.1556
110.1972,0.5162,2.2249
110.1974,0.481,2.0768
110.1976,0.3976,1.7161
110.1978,0.3763,1.6248
110.1980,0.3721,1.6074
110.1982,0.3862,1.6685
110.1984,0.3908,1.6874
110.1986,0.3786,1.6331
110.1988,0.4164,1.794
110.1990,0.4738,2.0429
110.1992,0.4355,1.8771
110.1994,0.5751,2.4752
110.1996,0.6033,2.5964
110.1998,0.5958,2.5621
110.2000,0.6838,2.9405
110.2002,0.7238,3.1064
110.2004,0.8017,3.4394
110.2006,0.8238,3.534
110.2008,0.8262,3.5476
110.2010,0.8368,3.5867
110.2012,0.8666,3.7194
110.2014,0.8695,3.7317
110.2016,0.8678,3.7193
110.2018,0.9451,4.0451
110.2020,0.9985,4.2755
110.2022,0.9872,4.2273
110.2024,0.9823,4.2082
110.2026,0.9837,4.2104
110.2028,1.0221,4.3685
110.2030,1.048,4.4855
110.2032,1.012,4.3356
110.2034,1.0226,4.3787
110.2036,1.0046,4.2997
110.2038,0.997,4.2674
110.2040,1.012,4.3315
110.2042,1.0454,4.4721
110.2044,1.1137,4.7667
110.2046,1.1001,4.7082
110.2048,0.9755,4.1847
110.2050,0.9143,3.9279
110.2052,0.8636,3.7065
110.2054,0.846,3.6292
110.2056,0.8701,3.7395
110.2058,0.7727,3.318
110.2060,0.8526,3.6609
110.2062,0.8677,3.7275
110.2064,0.8225,3.53
110.2066,0.8161,3.5027
110.2068,0.7933,3.4097
110.2070,0.7785,3.3473
110.2072,0.7873,3.3808
110.2074,0.8378,3.5975
110.2076,0.8902,3.8261
110.2078,0.7903,3.3968
110.2080,0.8119,3.4815
110.2082,0.8292,3.5688
110.2084,0.7437,3.1934
110.2086,0.8225,3.5349
110.2088,0.8494,3.6509
110.2090,0.8487,3.6461
110.2092,0.84,3.6035
110.2094,0.8592,3.684
110.2096,0.8512,3.6552
110.2098,0.8328,3.5792
110.2100,0.7919,3.4003
110.2102,0.824,3.5416
110.2104,0.83,3.5674
110.2106,0.8127,3.4932
110.2108,0.7806,3.3535
110.2110,0.788,3.3886
110.2112,0.7536,3.2481
110.2114,0.6067,2.6151
110.2116,0.5753,2.4808
110.2118,0.635,2.737
110.2120,0.6093,2.6283
110.2122,0.5952,2.5595
110.2124,0.7168,3.0881
110.2126,0.6576,2.8302
110.2128,0.6704,2.8841
110.2130,0.6361,2.7417
110.2132,0.586,2.5268
110.2134,0.5656,2.4423
110.2136,0.4865,2.1006
110.2138,0.4774,2.0603
110.2140,0.4758,2.0507
110.2142,0.5263,2.2704
110.2144,0.5383,2.321
110.2146,0.5341,2.304
110.2148,0.5216,2.2492
110.2150,0.5216,2.2502
110.2152,0.5242,2.2626
110.2154,0.5259,2.2678
110.2156,0.5589,2.4055
110.2158,0.6666,2.8676
110.2160,0.6774,2.9181
110.2162,0.642,2.767
110.2164,0.5674,2.4478
110.2166,0.5398,2.3278
110.2168,0.5388,2.3231
110.2170,0.5407,2.3325
110.2172,0.5686,2.4519
110.2174,0.5451,2.3516
110.2176,0.5245,2.2626
110.2178,0.537,2.3143
110.2180,0.5401,2.3277
110.2182,0.5359,2.3107
110.2184,0.52,2.2435
110.2186,0.5121,2.2093
110.2188,0.5089,2.1913
110.2190,0.6061,2.6088
110.2192,0.7126,3.0657
110.2194,0.6515,2.8078
110.2196,0.5551,2.3901
110.2198,0.6256,2.6924
110.2200,0.6558,2.8238
110.2202,0.6591,2.8383
110.2204,0.6607,2.8423
110.2206,0.6877,2.957
110.2208,0.7221,3.105
110.2210,0.7655,3.2901
110.2212,0.7675,3.305
110.2214,0.6794,2.9282
110.2216,0.589,2.5374
110.2218,0.6248,2.6893
110.2220,0.6546,2.8173
110.2222,0.7053,3.0328
110.2224,0.7312,3.1442
110.2226,0.7329,3.1558
110.2228,0.6637,2.8566
110.2230,0.6378,2.7451
110.2232,0.6521,2.8078
110.2234,0.722,3.1045
110.2236,0.7244,3.1148
110.2238,0.7858,3.3709
110.2240,0.825,3.5425
110.2242,0.777,3.3412
110.2244,0.6625,2.8541
110.2246,0.6183,2.6659
110.2248,0.5936,2.5582
110.2250,0.6334,2.7247
110.2252,0.6962,2.9936
110.2254,0.7107,3.056
110.2256,0.7273,3.1301
110.2258,0.6873,2.9569
110.2260,0.6656,2.8595
110.2262,0.7337,3.155
110.2264,0.7416,3.192
110.2266,0.7022,3.0208
110.2268,0.6867,2.9529
110.2270,0.6907,2.9754
110.2272,0.6819,2.935
110.2274,0.633,2.7232
110.2276,0.6644,2.861
110.2278,0.6196,2.6704
110.2280,0.6228,2.6818
110.2282,0.6377,2.7484
110.2284,0.6072,2.6171
110.2286,0.5964,2.5635
110.2288,0.7347,3.1533
110.2290,0.7602,3.2705
110.2292,0.6818,2.9359
110.2294,0.6491,2.7949
110.2296,0.578,2.4933
110.2298,0.4835,2.0867
110.2300,0.4753,2.0505
110.2302,0.4783,2.0625
110.2304,0.5198,2.2414
110.2306,0.5185,2.2357
110.2308,0.5342,2.3013
110.2310,0.5049,2.1813
110.2312,0.4202,1.8159
110.2314,0.3938,1.7011
110.2316,0.3934,1.6988
110.2318,0.3943,1.704
110.2320,0.4222,1.8205
110.2322,0.5504,2.3722
110.2324,0.5148,2.2176
110.2326,0.533,2.2951
110.2328,0.593,2.5521
110.2330,0.6079,2.6202
110.2332,0.5754,2.4802
110.2334,0.6007,2.5832
110.2336,0.7046,3.0255
110.2338,0.7554,3.2468
110.2340,0.7647,3.285
110.2342,0.7974,3.4176
110.2344,0.8506,3.6475
110.2346,0.8656,3.7187
110.2348,0.8391,3.6049
110.2350,0.822,3.5279
110.2352,0.8396,3.6036
110.2354,0.8348,3.5797
110.2356,0.8404,3.6072
110.2358,0.8452,3.6244
110.2360,0.958,4.1039
110.2362,0.9833,4.2142
110.2364,0.9601,4.1151
110.2366,0.9918,4.2527
110.2368,0.9592,4.1205
110.2370,0.8769,3.7619
110.2372,0.9455,4.0505
110.2374,0.925,3.9663
110.2376,0.9053,3.8802
110.2378,0.9355,4.0191
110.2380,0.8582,3.6851
110.2382,0.8919,3.8351
110.2384,0.8115,3.4783
110.2386,0.8992,3.8594
110.2388,0.9038,3.8825
110.2390,0.7981,3.4287
110.2392,0.7524,3.2355
110.2394,0.8016,3.4437
110.2396,0.8258,3.5477
110.2398,0.8148,3.5003
110.2400,0.8376,3.5965
110.2402,0.8535,3.6599
110.2404,0.9068,3.89
110.2406,0.9005,3.8614
110.2408,0.9587,4.1108
110.2410,0.9466,4.0646
110.2412,0.8975,3.854
110.2414,0.849,3.6437
110.2416,0.8654,3.7194
110.2418,0.8563,3.6717
110.2420,0.8777,3.7672
110.2422,0.8661,3.7208
110.2424,0.884,3.7958
110.2426,0.9066,3.8913
110.2428,0.8997,3.8632
110.2430,0.9027,3.8797
110.2432,0.8268,3.5502
110.2434,0.8461,3.6348
110.2436,0.7997,3.437
110.2438,0.8269,3.5557
110.2440,0.7837,3.3747
110.2442,0.6575,2.835
110.2444,0.563,2.4332
110.2446,0.5065,2.186
110.2448,0.526,2.2704
110.2450,0.4973,2.1472
110.2452,0.5028,2.168
110.2454,0.6078,2.6209
110.2456,0.5607,2.42
110.2458,0.5066,2.1876
110.2460,0.5004,2.1586
110.2462,0.5937,2.5599
110.2464,0.5564,2.398
110.2466,0.5813,2.5055
110.2468,0.5521,2.3816
110.2470,0.4976,2.1477
110.2472,0.5053,2.1819
110.2474,0.507,2.1881
110.2476,0.5034,2.1716
110.2478,0.5428,2.3407
110.2480,0.5692,2.459
110.2482,0.4986,2.1529
110.2484,0.4848,2.0875
110.2486,0.5867,2.5276
110.2488,0.5904,2.546
110.2490,0.5471,2.3604
110.2492,0.5326,2.2989
110.2494,0.4993,2.154
110.2496,0.4458,1.9277
110.2498,0.3989,1.7242
110.2500,0.4003,1.7307
110.2502,0.4139,1.7865
110.2504,0.4528,1.9533
110.2506,0.4461,1.927
110.2508,0.4455,1.9226
110.2510,0.4477,1.9325
110.2512,0.4451,1.9211
110.2514,0.4441,1.9178
110.2516,0.4455,1.9226
110.2518,0.4461,1.9243
110.2520,0.4489,1.9385
110.2522,0.4445,1.9194
110.2524,0.4467,1.9278
110.2526,0.4495,1.942
110.2528,0.4455,1.9235
110.2530,0.4495,1.9402
110.2532,0.444,1.9155
110.2534,0.4428,1.9103
110.2536,0.4485,1.9356
110.2538,0.4447,1.9177
110.2540,0.4705,2.028
110.2542,0.5227,2.2549
110.2544,0.553,2.3824
110.2546,0.5703,2.4579
110.2548,0.5835,2.5148
110.2550,0.5932,2.5543
110.2552,0.5721,2.4646
110.2554,0.5626,2.4204
110.2556,0.5509,2.372
110.2558,0.5603,2.4173
110.2560,0.5624,2.4205
110.2562,0.6371,2.7394
110.2564,0.7041,3.0277
110.2566,0.7376,3.1671
110.2568,0.7855,3.3715
110.2570,0.7981,3.4303
110.2572,0.6879,2.9581
110.2574,0.7207,3.0988
110.2576,0.6537,2.8163
110.2578,0.5551,2.3934
110.2580,0.5328,2.2973
110.2582,0.5257,2.2625
110.2584,0.6196,2.6691
110.2586,0.5934,2.5565
110.2588,0.56,2.4124
110.2590,0.6185,2.662
110.2592,0.6361,2.7391
110.2594,0.6414,2.7619
110.2596,0.6483,2.7879
110.2598,0.6537,2.8137
110.2600,0.6539,2.8155
110.2602,0.6388,2.7454
110.2604,0.6763,2.9067
110.2606,0.699,2.9985
110.2608,0.7663,3.2953
110.2610,0.7271,3.1267
110.2612,0.709,3.0502
110.2614,0.6413,2.7665
110.2616,0.5149,2.2192
110.2618,0.5583,2.4051
110.2620,0.6109,2.6258
110.2622,0.6701,2.8812
110.2624,0.6546,2.8173
110.2626,0.5993,2.5806
110.2628,0.6139,2.6424
110.2630,0.6547,2.8139
110.2632,0.6972,2.9964
110.2634,0.6837,2.94
110.2636,0.6207,2.6725
110.2638,0.5679,2.4453
110.2640,0.5337,2.3014
110.2642,0.5492,2.3681
110.2644,0.5495,2.3707
110.2646,0.5137,2.213
110.2648,0.5142,2.2161
110.2650,0.5624,2.425
110.2652,0.5111,2.2006
110.2654,0.5447,2.3446
110.2656,0.5668,2.4407
110.2658,0.5985,2.577
110.2660,0.6063,2.6106
110.2662,0.624,2.682
110.2664,0.7132,3.0626
110.2666,0.7774,3.3411
110.2668,0.7344,3.1537
110.2670,0.7518,3.2269
110.2672,0.7957,3.4152
110.2674,0.83,3.5574
110.2676,0.9514,4.0699
110.2678,0.9967,4.2678
110.2680,0.9908,4.2466
110.2682,0.9764,4.1849
110.2684,0.972,4.1582
110.2686,0.9992,4.2746
110.2688,1.0672,4.5719
110.2690,1.0165,4.3546
110.2692,1.0166,4.3531
110.2694,1.0602,4.5378
110.2696,1.0895,4.6652
110.2698,0.9083,3.8985
110.2700,0.8275,3.5533
110.2702,0.8124,3.4949
110.2704,0.7806,3.3535
110.2706,0.8199,3.5192
110.2708,0.8222,3.5306
110.2710,0.8257,3.5455
110.2712,0.8738,3.7555
110.2714,0.8264,3.5486
110.2716,0.8184,3.5158
110.2718,0.7776,3.3375
110.2720,0.8413,3.6142
110.2722,0.8268,3.5535
110.2724,0.7891,3.3901
110.2726,0.7577,3.2566
110.2728,0.7725,3.3185
110.2730,0.7753,3.3308
110.2732,0.7793,3.351
110.2734,0.7609,3.2736
110.2736,0.7938,3.4118
110.2738,0.7956,3.4195
110.2740,0.7855,3.3746
110.2742,0.7932,3.4108
110.2744,0.7744,3.3329
110.2746,0.6992,3.0051
110.2748,0.8389,3.5988
110.2750,0.8745,3.7586
110.2752,0.7853,3.3783
110.2754,0.755,3.2478
110.2756,0.762,3.2782
110.2758,0.7533,3.2345
110.2760,0.8202,3.5202
110.2762,0.863,3.7057
110.2764,0.8908,3.8233
110.2766,0.8795,3.7767
110.2768,0.8473,3.6416
110.2770,0.7829,3.368
110.2772,0.7585,3.2648
110.2774,0.7237,3.1117
110.2776,0.689,2.9682
110.2778,0.644,2.7758
110.2780,0.6046,2.6033
110.2782,0.7219,3.1069
110.2784,0.7561,3.2499
110.2786,0.6904,2.9772
110.2788,0.5892,2.5408
110.2790,0.6218,2.6752
110.2792,0.6784,2.9228
110.2794,0.627,2.7011
110.2796,0.6346,2.7375
110.2798,0.5908,2.5463
110.2800,0.5962,2.5708
110.2802,0.5948,2.5658
110.2804,0.5992,2.5813
110.2806,0.624,2.687
110.2808,0.6111,2.6288
110.2810,0.6716,2.8906
110.2812,0.648,2.7877
110.2814,0.7548,3.2443
110.2816,0.8137,3.5006
110.2818,0.7167,3.0847
110.2820,0.7215,3.1082
110.2822,0.6849,2.9479
110.2824,0.7025,3.0224
110.2826,0.7181,3.0866
110.2828,0.7102,3.0568
110.2830,0.6193,2.673
110.2832,0.5432,2.3444
110.2834,0.5359,2.3096
110.2836,0.5446,2.3474
110.2838,0.5394,2.3268
110.2840,0.5355,2.3102
110.2842,0.5354,2.3076
110.2844,0.5323,2.2952
110.2846,0.5389,2.3247
110.2848,0.6415,2.7598
110.2850,0.6928,2.9834
110.2852,0.5993,2.5854
110.2854,0.531,2.2906
110.2856,0.5246,2.261
110.2858,0.5192,2.2409
110.2860,0.5248,2.2642
110.2862,0.5286,2.2792
110.2864,0.5295,2.2822
110.2866,0.5982,2.5784
110.2868,0.6337,2.7301
110.2870,0.6302,2.7164
110.2872,0.5629,2.4259
110.2874,0.6154,2.6498
110.2876,0.6419,2.7626
110.2878,0.6407,2.7575
110.2880,0.6481,2.7869
110.2882,0.7359,3.1628
110.2884,0.8002,3.4423
110.2886,0.7105,3.0578
110.2888,0.6519,2.8047
110.2890,0.7189,3.0925
110.2892,0.724,3.1133
110.2894,0.7524,3.234
110.2896,0.7348,3.1611
110.2898,0.7246,3.1187
110.2900,0.7278,3.1312
110.2902,0.7413,3.1875
110.2904,0.7329,3.1558
110.2906,0.6343,2.7314
110.2908,0.6154,2.6498
110.2910,0.6179,2.6631
110.2912,0.622,2.6794
110.2914,0.6743,2.8979
110.2916,0.7785,3.3489
110.2918,0.7066,3.0441
110.2920,0.6136,2.6433
110.2922,0.5998,2.5827
110.2924,0.6413,2.7601
110.2926,0.6578,2.8326
110.2928,0.6226,2.6845
110.2930,0.61,2.6278
110.2932,0.6031,2.5971
110.2934,0.6252,2.6909
110.2936,0.6036,2.604
110.2938,0.5228,2.2554
110.2940,0.5118,2.2057
110.2942,0.607,2.6125
110.2944,0.6161,2.6566
110.2946,0.5314,2.2926
110.2948,0.5257,2.2667
110.2950,0.5844,2.5166
110.2952,0.5849,2.5233
110.2954,0.5162,2.2269
110.2956,0.4624,1.9965
110.2958,0.3873,1.6716
110.2960,0.3828,1.6527
110.2962,0.392,1.6934
110.2964,0.3909,1.6871
110.2966,0.4208,1.8177
110.2968,0.4269,1.8415
110.2970,0.5064,2.1825
110.2972,0.464,2.0038
110.2974,0.4077,1.7612
110.2976,0.409,1.7653
110.2978,0.441,1.8999
110.2980,0.5431,2.3406
110.2982,0.5511,2.3775
110.2984,0.5158,2.2243
110.2986,0.5151,2.2202
110.2988,0.5645,2.4275
110.2990,0.6901,2.9646
110.2992,0.7698,3.3071
110.2994,0.8069,3.4631
110.2996,0.8004,3.4401
110.2998,0.7529,3.233
110.3000,0.8138,3.4913
110.3002,0.8398,3.6063
110.3004,0.7909,3.3931
110.3006,0.8358,3.5854
110.3008,0.825,3.5392
110.3010,0.8449,3.6178
110.3012,0.9468,4.0561
110.3014,0.9954,4.2622
110.3016,1.0264,4.3931
110.3018,1.0195,4.3674
110.3020,1.0125,4.3336
110.3022,1.0756,4.5992
110.3024,1.1093,4.7455
110.3026,1.0588,4.5296
110.3028,1.0973,4.6898
110.3030,1.1619,4.9684
110.3032,1.1221,4.8116
110.3034,0.9719,4.1654
110.3036,0.9842,4.2144
110.3038,0.9789,4.1977
110.3040,0.958,4.1154
110.3042,0.8979,3.8483
110.3044,0.9612,4.1216
110.3046,0.9913,4.2546
110.3048,0.9635,4.1314
110.3050,0.898,3.8578
110.3052,0.8472,3.6394
110.3054,0.8298,3.5697
110.3056,0.755,3.2463
110.3058,0.7749,3.3303
110.3060,0.7741,3.3334
110.3062,0.7252,3.1213
110.3064,0.7042,3.0296
110.3066,0.712,3.0617
110.3068,0.7626,3.2793
110.3070,0.8042,3.4582
110.3072,0.7639,3.285
110.3074,0.7197,3.0976
110.3076,0.7151,3.078
110.3078,0.7066,3.0441
110.3080,0.6849,2.9452
110.3082,0.7608,3.2716
110.3084,0.7842,3.3705
110.3086,0.786,3.3798
110.3088,0.6942,2.9876
110.3090,0.7039,3.0295
110.3092,0.7275,3.1326
110.3094,0.7323,3.1518
110.3096,0.7192,3.0969
110.3098,0.7095,3.0537
110.3100,0.7088,3.052
110.3102,0.6614,2.8468
110.3104,0.6861,2.9517
110.3106,0.6512,2.8107
110.3108,0.5079,2.1933
110.3110,0.5095,2.1969
110.3112,0.5742,2.4773
110.3114,0.526,2.2672
110.3116,0.6328,2.7297
110.3118,0.5263,2.2714
110.3120,0.4864,2.1001
110.3122,0.4968,2.1451
110.3124,0.5307,2.2885
110.3126,0.5776,2.4895
110.3128,0.5902,2.5437
110.3130,0.6391,2.7533
110.3132,0.6457,2.7804
110.3134,0.6262,2.7013
110.3136,0.518,2.2368
110.3138,0.481,2.0768
110.3140,0.4817,2.0789
110.3142,0.4836,2.0862
110.3144,0.5111,2.2067
110.3146,0.4898,2.117
110.3148,0.4251,1.8372
110.3150,0.401,1.733
110.3152,0.404,1.7444
110.3154,0.4521,1.952
110.3156,0.4415,1.9047
110.3158,0.442,1.9085
110.3160,0.4439,1.9168
110.3162,0.4742,2.0478
110.3164,0.4492,1.9387
110.3166,0.4332,1.869
110.3168,0.4663,2.0108
110.3170,0.5365,2.309
110.3172,0.625,2.6899
110.3174,0.6336,2.7334
110.3176,0.473,2.0426
110.3178,0.4528,1.9551
110.3180,0.4588,1.981
110.3182,0.4788,2.0646
110.3184,0.4696,2.0266
110.3186,0.4846,2.0884
110.3188,0.5552,2.3928
110.3190,0.5757,2.4789
110.3192,0.5754,2.4767
110.3194,0.5836,2.5118
110.3196,0.623,2.6828
110.3198,0.649,2.7931
110.3200,0.6668,2.8713
110.3202,0.5865,2.523
110.3204,0.6332,2.7229
110.3206,0.6462,2.7799
110.3208,0.6666,2.8649
110.3210,0.7374,3.1681
110.3212,0.788,3.387
110.3214,0.7331,3.151
110.3216,0.7043,3.0301
110.3218,0.6744,2.9011
110.3220,0.6802,2.9264
110.3222,0.699,3.0041
110.3224,0.7365,3.1625
110.3226,0.782,3.3581
110.3228,0.7906,3.3978
110.3230,0.7909,3.3946
110.3232,0.7967,3.4209
110.3234,0.759,3.2623
110.3236,0.7095,3.0523
110.3238,0.6702,2.8858
110.3240,0.6081,2.6232
110.3242,0.542,2.3381
110.3244,0.5322,2.2936
110.3246,0.5334,2.2998
110.3248,0.5287,2.2797
110.3250,0.5274,2.274
110.3252,0.5283,2.2771
110.3254,0.5352,2.3055
110.3256,0.5314,2.2916
110.3258,0.5184,2.2331
110.3260,0.519,2.2388
110.3262,0.5003,2.1581
110.3264,0.5047,2.1742
110.3266,0.589,2.5362
110.3268,0.6233,2.6839
110.3270,0.5765,2.4871
110.3272,0.5269,2.2688
110.3274,0.6051,2.6066
110.3276,0.544,2.348
110.3278,0.5165,2.228
110.3280,0.5425,2.3359
110.3282,0.6109,2.6283
110.3284,0.6396,2.7567
110.3286,0.5614,2.4186
110.3288,0.5361,2.3096
110.3290,0.5013,2.1608
110.3292,0.5061,2.1835
110.3294,0.489,2.1115
110.3296,0.435,1.8793
110.3298,0.3981,1.7182
110.3300,0.4367,1.8866
110.3302,0.4125,1.7819
110.3304,0.3935,1.6985
110.3306,0.3863,1.6683
110.3308,0.4336,1.867
110.3310,0.5332,2.2983
110.3312,0.5257,2.2667
110.3314,0.4935,2.1272
110.3316,0.4873,2.1023
110.3318,0.5101,2.1985
110.3320,0.5519,2.3756
110.3322,0.616,2.6512
110.3324,0.5904,2.5424
110.3326,0.5747,2.4748
110.3328,0.6511,2.7985
110.3330,0.7113,3.0572
110.3332,0.7581,3.2551
110.3334,0.7986,3.426
110.3336,0.8324,3.5744
110.3338,0.759,3.2623
110.3340,0.6979,2.9939
110.3342,0.8233,3.5254
110.3344,0.9412,4.0282
110.3346,0.9689,4.1526
110.3348,0.934,4.0049
110.3350,0.9576,4.0966
110.3352,1.0101,4.3273
110.3354,0.9484,4.0628
110.3356,0.9042,3.8701
110.3358,0.9963,4.2683
110.3360,1.0102,4.3299
110.3362,1.0042,4.3082
110.3364,0.856,3.6741
110.3366,0.8258,3.5411
110.3368,0.8944,3.837
110.3370,0.9149,3.9231
110.3372,0.9056,3.8794
110.3374,0.9365,4.0119
110.3376,0.8966,3.8534
110.3378,0.8419,3.61
110.3380,0.9557,4.096
110.3382,0.9818,4.2061
110.3384,0.9679,4.1543
110.3386,0.8716,3.7375
110.3388,0.8889,3.8116
110.3390,0.9063,3.8825
110.3392,0.9655,4.142
110.3394,0.9186,3.9483
110.3396,0.8244,3.5415
110.3398,0.8036,3.4524
110.3400,0.8024,3.4489
110.3402,0.8145,3.496
110.3404,0.8439,3.6255
110.3406,0.7964,3.4231
110.3408,0.7799,3.3551
110.3410,0.7949,3.4132
110.3412,0.8517,3.6573
110.3414,0.8686,3.7264
110.3416,0.8859,3.7969
110.3418,0.9644,4.1336
110.3420,0.9782,4.1966
110.3422,0.9792,4.1968
110.3424,0.9588,4.1094
110.3426,0.9653,4.141
110.3428,0.9918,4.2567
110.3430,0.9458,4.0539
110.3432,0.9583,4.1073
110.3434,0.9984,4.291
110.3436,0.7773,3.3406
110.3438,0.7563,3.252
110.3440,0.751,3.2308
110.3442,0.747,3.2152
110.3444,0.7437,3.1978
110.3446,0.7511,3.2283
110.3448,0.7488,3.2185
110.3450,0.7973,3.4251
110.3452,0.8732,3.7512
110.3454,0.8538,3.6694
110.3456,0.8229,3.5403
110.3458,0.7872,3.385
110.3460,0.7299,3.1444
110.3462,0.6464,2.7874
110.3464,0.5953,2.566
110.3466,0.5804,2.5002
110.3468,0.5897,2.5429
110.3470,0.5873,2.5337
110.3472,0.5812,2.505
110.3474,0.6081,2.6171
110.3476,0.6861,2.9586
110.3478,0.6549,2.8176
110.3480,0.7431,3.1938
110.3482,0.6783,2.9209
110.3484,0.5982,2.5784
110.3486,0.5837,2.517
110.3488,0.5765,2.486
110.3490,0.6278,2.7035
110.3492,0.6093,2.6259
110.3494,0.5242,2.2626
110.3496,0.483,2.0856
110.3498,0.4829,2.0831
110.3500,0.5366,2.3159
110.3502,0.5385,2.3231
110.3504,0.5688,2.4529
110.3506,0.538,2.3222
110.3508,0.531,2.2916
110.3510,0.5329,2.2956
110.3512,0.6305,2.7136
110.3514,0.6968,3.0004
110.3516,0.6077,2.6204
110.3518,0.5343,2.3029
110.3520,0.5269,2.274
110.3522,0.5251,2.2663
110.3524,0.5239,2.26
110.3526,0.5179,2.2352
110.3528,0.5196,2.2425
110.3530,0.5252,2.2657
110.3532,0.5253,2.2631
110.3534,0.5438,2.3426
110.3536,0.6338,2.7306
110.3538,0.6242,2.6893
110.3540,0.6354,2.7348
110.3542,0.6439,2.7727
110.3544,0.6386,2.75
110.3546,0.6962,2.9964
110.3548,0.713,3.0687
110.3550,0.6699,2.8821
110.3552,0.688,2.9572
110.3554,0.7386,3.1791
110.3556,0.7066,3.0413
110.3558,0.7029,3.0225
110.3560,0.7195,3.098
110.3562,0.7066,3.0413
110.3564,0.6985,3.0048
110.3566,0.7281,3.1279
110.3568,0.7413,3.1875
110.3570,0.7208,3.1051
110.3572,0.6366,2.745
110.3574,0.6187,2.6655
110.3576,0.6406,2.7544
110.3578,0.7222,3.1026
110.3580,0.7951,3.4174
110.3582,0.7743,3.3339
110.3584,0.6717,2.8938
110.3586,0.6701,2.8812
110.3588,0.7374,3.174
110.3590,0.7672,3.2989
110.3592,0.7292,3.1369
110.3594,0.6943,2.9896
110.3596,0.676,2.907
110.3598,0.7201,3.0948
110.3600,0.7052,3.0309
110.3602,0.7099,3.0553
110.3604,0.678,2.918
110.3606,0.6824,2.9398
110.3608,0.6325,2.7211
110.3610,0.6657,2.8667
110.3612,0.6717,2.8911
110.3614,0.6525,2.8073
110.3616,0.6624,2.8509
110.3618,0.6481,2.7882
110.3620,0.6663,2.8706
110.3622,0.6577,2.8334
110.3624,0.6195,2.6624
110.3626,0.7286,3.1401
110.3628,0.6757,2.9095
110.3630,0.6661,2.8682
110.3632,0.6689,2.8788
110.3634,0.6777,2.9129
110.3636,0.7037,3.0332
110.3638,0.5698,2.4604
110.3640,0.5437,2.34
110.3642,0.6521,2.8052
110.3644,0.6633,2.859
110.3646,0.5882,2.5385
110.3648,0.5048,2.1778
110.3650,0.4921,2.123
110.3652,0.5145,2.2187
110.3654,0.5553,2.3922
110.3656,0.6133,2.6447
110.3658,0.588,2.5356
110.3660,0.5853,2.5225
110.3662,0.6251,2.6866
110.3664,0.756,3.2524
110.3666,0.7155,3.0752
110.3668,0.7624,3.2767
110.3670,0.8172,3.5123
110.3672,0.8461,3.6331
110.3674,0.8343,3.5809
110.3676,0.8324,3.5727
110.3678,0.8955,3.8416
110.3680,0.9612,4.1197
110.3682,0.9375,4.0142
110.3684,1.0418,4.463
110.3686,1.0213,4.3833
110.3688,0.9812,4.2016
110.3690,1.0373,4.4357
110.3692,1.1315,4.8427
110.3694,1.0388,4.4543
110.3696,0.9599,4.1179
110.3698,0.9492,4.0702
110.3700,0.9499,4.0733
110.3702,0.9632,4.1342
110.3704,0.9474,4.0625
110.3706,0.984,4.2173
110.3708,0.9875,4.2342
110.3710,0.9105,3.9132
110.3712,0.8663,3.7201
110.3714,0.8878,3.8123
110.3716,0.8908,3.8269
110.3718,0.8295,3.5653
110.3720,0.8143,3.5048
110.3722,0.7388,3.1796
110.3724,0.7231,3.1135
110.3726,0.6974,2.9988
110.3728,0.7064,3.0417
110.3730,0.7083,3.05
110.3732,0.6993,3.0112
110.3734,0.7022,3.0222
110.3736,0.7043,3.0343
110.3738,0.6993,3.0126
110.3740,0.6609,2.8447
110.3742,0.6789,2.9221
110.3744,0.6781,2.9212
110.3746,0.684,2.9465
110.3748,0.7082,3.0466
110.3750,0.7708,3.3113
110.3752,0.8394,3.6143
110.3754,0.7203,3.1002
110.3756,0.6728,2.8958
110.3758,0.6883,2.961
110.3760,0.7517,3.2279
110.3762,0.782,3.3691
110.3764,0.6892,2.9637
110.3766,0.7372,3.1773
110.3768,0.6436,2.7737
110.3770,0.6593,2.8414
110.3772,0.637,2.7453
110.3774,0.6082,2.6213
110.3776,0.5914,2.5489
110.3778,0.596,2.5662
110.3780,0.6518,2.8068
110.3782,0.7021,3.0273
110.3784,0.6504,2.8032
110.3786,0.6529,2.8101
110.3788,0.6895,2.9689
110.3790,0.6396,2.7579
110.3792,0.6117,2.6399
110.3794,0.5311,2.2921
110.3796,0.5711,2.4639
110.3798,0.5519,2.3811
110.3800,0.5795,2.4977
110.3802,0.597,2.5768
110.3804,0.5645,2.4343
110.3806,0.5509,2.3753
110.3808,0.5617,2.4207
110.3810,0.5549,2.3907
110.3812,0.6198,2.6677
110.3814,0.6862,2.9591
110.3816,0.6103,2.6293
110.3818,0.657,2.8263
110.3820,0.7059,3.0382
110.3822,0.6975,3.0077
110.3824,0.6088,2.6238
110.3826,0.5988,2.5821
110.3828,0.51,2.2021
110.3830,0.4623,1.996
110.3832,0.4994,2.1535
110.3834,0.5626,2.4249
110.3836,0.5602,2.4168
110.3838,0.5787,2.4953
110.3840,0.5691,2.4528
110.3842,0.5492,2.3692
110.3844,0.4825,2.0796
110.3846,0.5317,2.2958
110.3848,0.4668,2.0175
110.3850,0.4585,1.9799
110.3852,0.4571,1.9728
110.3854,0.4535,1.9591
110.3856,0.453,1.957
110.3858,0.4537,1.9574
110.3860,0.4537,1.9592
110.3862,0.4559,1.9686
110.3864,0.4545,1.9623
110.3866,0.4635,1.9984
110.3868,0.5271,2.2708
110.3870,0.5709,2.4617
110.3872,0.5527,2.382
110.3874,0.5872,2.5285
110.3876,0.5746,2.4766
110.3878,0.5553,2.3922
110.3880,0.5688,2.4472
110.3882,0.637,2.7415
110.3884,0.6185,2.6632
110.3886,0.6859,2.9493
110.3888,0.7275,3.1253
110.3890,0.7522,3.2329
110.3892,0.7817,3.3675
110.3894,0.5993,2.5818
110.3896,0.5539,2.3827
110.3898,0.6493,2.7946
110.3900,0.6392,2.7526
110.3902,0.6662,2.8687
110.3904,0.6619,2.8488
110.3906,0.6354,2.7373
110.3908,0.5734,2.4702
110.3910,0.5447,2.3468
110.3912,0.5388,2.322
110.3914,0.5897,2.537
110.3916,0.5957,2.5699
110.3918,0.4992,2.1535
110.3920,0.5252,2.2647
110.3922,0.5494,2.368
110.3924,0.5378,2.319
110.3926,0.504,2.1762
110.3928,0.4808,2.0743
110.3930,0.4789,2.067
110.3932,0.5105,2.2031
110.3934,0.4999,2.1566
110.3936,0.5078,2.1897
110.3938,0.5088,2.1949
110.3940,0.4971,2.1437
110.3942,0.5241,2.2611
110.3944,0.5087,2.1933
110.3946,0.5184,2.2321
110.3948,0.5197,2.2409
110.3950,0.506,2.1819
110.3952,0.5293,2.2823
110.3954,0.509,2.1959
110.3956,0.5066,2.1855
110.3958,0.4546,1.9629
110.3960,0.4371,1.8873
110.3962,0.3989,1.7234
110.3964,0.3822,1.6494
110.3966,0.4041,1.7449
110.3968,0.4266,1.8422
110.3970,0.4204,1.817
110.3972,0.4272,1.8414
110.3974,0.536,2.308
110.3976,0.5559,2.3982
110.3978,0.5135,2.213
110.3980,0.5588,2.4027
110.3982,0.6639,2.8536
110.3984,0.5987,2.578
110.3986,0.6151,2.6463
110.3988,0.7027,3.0187
110.3990,0.738,3.1647
110.3992,0.8209,3.5249
110.3994,0.8046,3.4533
110.3996,0.8227,3.5261
110.3998,0.8577,3.6744
110.4000,0.8686,3.7247
110.4002,0.8615,3.6995
110.4004,0.8456,3.6293
110.4006,0.8625,3.6967
110.4008,0.9068,3.8864
110.4010,0.9329,3.9965
110.4012,0.972,4.162
110.4014,0.9974,4.2749
110.4016,1.0166,4.349
110.4018,1.134,4.8466
110.4020,1.1201,4.7917
110.4022,1.063,4.5518
110.4024,1.0813,4.626
110.4026,1.0993,4.6963
110.4028,1.1409,4.8741
110.4030,1.1364,4.8683
110.4032,1.0251,4.3977
110.4034,0.9444,4.0515
110.4036,0.8945,3.8393
110.4038,0.8711,3.7355
110.4040,0.9267,3.9717
110.4042,0.9331,4.0069
110.4044,0.8418,3.6112
110.4046,0.8698,3.7315
110.4048,0.8722,3.7471
110.4050,0.8779,3.7695
110.4052,0.8747,3.7579
110.4054,0.8299,3.5636
110.4056,0.8817,3.7842
110.4058,0.8377,3.6021
110.4060,0.7864,3.3814
110.4062,0.8028,3.4488
110.4064,0.8659,3.718
110.4066,0.9054,3.8898
110.4068,0.8558,3.6731
110.4070,0.861,3.6986
110.4072,0.8178,3.5132
110.4074,0.8149,3.5008
110.4076,0.7779,3.3417
110.4078,0.8235,3.5412
110.4080,0.7856,3.3799
110.4082,0.769,3.3066
110.4084,0.8022,3.4446
110.4086,0.7945,3.4133
110.4088,0.8504,3.6516
110.4090,0.8623,3.706
110.4092,0.8124,3.4965
110.4094,0.7407,3.1923
110.4096,0.624,2.6907
110.4098,0.6156,2.6533
110.4100,0.6673,2.872
110.4102,0.6954,2.99
110.4104,0.704,3.0314
110.4106,0.6691,2.8825
110.4108,0.665,2.8636
110.4110,0.675,2.9024
110.4112,0.753,3.2441
110.4114,0.6476,2.7926
110.4116,0.5908,2.5463
110.4118,0.6406,2.7595
110.4120,0.6144,2.6444
110.4122,0.6778,2.9107
110.4124,0.7538,3.2441
110.4126,0.7208,3.1065
110.4128,0.6064,2.6147
110.4130,0.5716,2.4659
110.4132,0.5742,2.475
110.4134,0.5698,2.4604
110.4136,0.4911,2.1208
110.4138,0.4835,2.0857
110.4140,0.4974,2.1477
110.4142,0.4885,2.1065
110.4144,0.5626,2.4215
110.4146,0.6931,2.9844
110.4148,0.6023,2.5983
110.4150,0.5312,2.2905
110.4152,0.5264,2.2709
110.4154,0.5223,2.2523
110.4156,0.5226,2.2533
110.4158,0.5233,2.2575
110.4160,0.5521,2.3816
110.4162,0.5346,2.305
110.4164,0.5135,2.215
110.4166,0.5262,2.2699
110.4168,0.5362,2.3122
110.4170,0.5428,2.3385
110.4172,0.5384,2.3226
110.4174,0.5151,2.2223
110.4176,0.5103,2.2016
110.4178,0.5446,2.3474
110.4180,0.6079,2.619
110.4182,0.586,2.528
110.4184,0.5372,2.3164
110.4186,0.5982,2.5748
110.4188,0.692,2.9784
110.4190,0.6955,2.9892
110.4192,0.7596,3.2664
110.4194,0.7027,3.0215
110.4196,0.7374,3.1681
110.4198,0.7659,3.2917
110.4200,0.7484,3.2179
110.4202,0.7579,3.2577
110.4204,0.7326,3.1548
110.4206,0.642,2.7644
110.4208,0.6386,2.7513
110.4210,0.6403,2.7521
110.4212,0.7017,3.0174
110.4214,0.718,3.086
110.4216,0.7692,3.303
110.4218,0.8064,3.461
110.4220,0.8253,3.544
110.4222,0.7805,3.353
110.4224,0.7969,3.4252
110.4226,0.7955,3.419
110.4228,0.7467,3.2092
110.4230,0.7803,3.3551
110.4232,0.7783,3.3453
110.4234,0.8126,3.491
110.4236,0.8487,3.6427
110.4238,0.842,3.6139
110.4240,0.845,3.6335
110.4242,0.7288,3.1412
110.4244,0.6588,2.8367
110.4246,0.7028,3.0234
110.4248,0.6566,2.8287
110.4250,0.6033,2.6001
110.4252,0.5925,2.5524
110.4254,0.6534,2.8109
110.4256,0.6523,2.8075
110.4258,0.6338,2.7268
110.4260,0.6227,2.6863
110.4262,0.588,2.5344
110.4264,0.5858,2.5223
110.4266,0.6159,2.6543
110.4268,0.5883,2.5331
110.4270,0.6492,2.7915
110.4272,0.7037,3.0247
110.4274,0.6927,2.9842
110.4276,0.6529,2.8114
110.4278,0.704,3.0271
110.4280,0.6811,2.9341
110.4282,0.6016,2.5976
110.4284,0.4652,2.0099
110.4286,0.41,1.7703
110.4288,0.4131,1.7821
110.4290,0.4674,2.0192
110.4292,0.4253,1.8348
110.4294,0.4585,1.9809
110.4296,0.4116,1.7783
110.4298,0.4076,1.7615
110.4300,0.4101,1.7708
110.4302,0.4103,1.7718
110.4304,0.4597,1.9805
110.4306,0.5406,2.3309
110.4308,0.4841,2.0883
110.4310,0.4852,2.0939
110.4312,0.4837,2.0867
110.4314,0.4824,2.0801
110.4316,0.484,2.0868
110.4318,0.5031,2.1685
110.4320,0.5431,2.3385
110.4322,0.5825,2.5037
110.4324,0.6813,2.9311
110.4326,0.6974,3.0002
110.4328,0.6336,2.727
110.4330,0.7148,3.0721
110.4332,0.7593,3.2633
110.4334,0.7253,3.116
110.4336,0.7666,3.2932
110.4338,0.7946,3.4122
110.4340,0.861,3.6883
110.4342,0.9908,4.2407
110.4344,0.9996,4.2841
110.4346,0.9653,4.141
110.4348,0.9684,4.1505
110.4350,0.9696,4.1557
110.4352,0.9671,4.1429
110.4354,0.9557,4.0999
110.4356,0.9328,3.996
110.4358,0.9946,4.2591
110.4360,0.9798,4.2052
110.4362,0.9512,4.0789
110.4364,0.9506,4.0726
110.4366,0.9768,4.1826
110.4368,0.9744,4.1743
110.4370,0.9114,3.9082
110.4372,0.893,3.829
110.4374,0.9171,3.9379
110.4376,0.89,3.8215
110.4378,0.8376,3.5932
110.4380,0.8446,3.632
110.4382,0.7722,3.3221
110.4384,0.7322,3.1498
110.4386,0.7349,3.1558
110.4388,0.8045,3.456
110.4390,0.8237,3.5384
110.4392,0.8241,3.5372
110.4394,0.8511,3.6513
110.4396,0.9002,3.8635
110.4398,0.966,4.1422
110.4400,0.9487,4.0719
110.4402,0.8474,3.6387
110.4404,0.8451,3.6323
110.4406,0.8502,3.6574
110.4408,0.7753,3.3386
110.4410,0.7348,3.1582
110.4412,0.7976,3.4267
110.4414,0.7961,3.4215
110.4416,0.8166,3.5129
110.4418,0.7835,3.3659
110.4420,0.8159,3.5082
110.4422,0.801,3.4459
110.4424,0.8048,3.4576
110.4426,0.8556,3.6755
110.4428,0.8156,3.5056
110.4430,0.7936,3.4123
110.4432,0.856,3.6758
110.4434,0.888,3.8168
110.4436,0.8505,3.6538
110.4438,0.875,3.7572
110.4440,0.8612,3.7031
110.4442,0.8085,3.4816
110.4444,0.6656,2.8688
110.4446,0.6396,2.7541
110.4448,0.6626,2.8546
110.4450,0.6431,2.7691
110.4452,0.6564,2.8303
110.4454,0.5588,2.4128
110.4456,0.4955,2.1404
110.4458,0.4855,2.0984
110.4460,0.4829,2.0851
110.4462,0.4923,2.124
110.4464,0.4937,2.1307
110.4466,0.5076,2.1907
110.4468,0.4824,2.0859
110.4470,0.4124,1.7814
110.4472,0.4274,1.8462
110.4474,0.4085,1.7665
110.4476,0.4507,1.9463
110.4478,0.5471,2.3571
110.4480,0.5914,2.5525
110.4482,0.4699,2.0301
110.4484,0.4621,1.9964
110.4486,0.4473,1.9295
110.4488,0.4515,1.9503
110.4490,0.4509,1.9468
110.4492,0.526,2.2651
110.4494,0.5998,2.5839
110.4496,0.6018,2.5963
110.4498,0.5706,2.4595
110.4500,0.5666,2.4408
110.4502,0.5655,2.4373
110.4504,0.5672,2.4456
110.4506,0.576,2.4828
110.4508,0.6325,2.7249
110.4510,0.5892,2.5384
110.4512,0.6336,2.7296
110.4514,0.6457,2.7817
110.4516,0.5744,2.4732
110.4518,0.5738,2.4741
110.4520,0.5723,2.4679
110.4522,0.5728,2.4699
110.4524,0.5928,2.5504
110.4526,0.6207,2.6738
110.4528,0.6287,2.7046
110.4530,0.6909,2.9737
110.4532,0.618,2.6575
110.4534,0.6444,2.7773
110.4536,0.5718,2.4635
110.4538,0.5563,2.3964
110.4540,0.5559,2.3982
110.4542,0.5607,2.4166
110.4544,0.5524,2.3798
110.4546,0.6129,2.6377
110.4548,0.6515,2.8
110.4550,0.7249,3.1169
110.4552,0.7362,3.16
110.4554,0.7826,3.3654
110.4556,0.6975,3.0035
110.4558,0.6692,2.8803
110.4560,0.6358,2.7401
110.4562,0.6397,2.7546
110.4564,0.6545,2.8155
110.4566,0.6999,3.0082
110.4568,0.6784,2.9173
110.4570,0.7433,3.2007
110.4572,0.7126,3.0643
110.4574,0.7701,3.3082
110.4576,0.8225,3.5349
110.4578,0.7331,3.1554
110.4580,0.6515,2.8
110.4582,0.6662,2.8647
110.4584,0.7124,3.0604
110.4586,0.8021,3.4489
110.4588,0.7511,3.2313
110.4590,0.7298,3.138
110.4592,0.7424,3.1907
110.4594,0.7332,3.1544
110.4596,0.7512,3.2273
110.4598,0.7479,3.2099
110.4600,0.8552,3.6705
110.4602,0.8578,3.6818
110.4604,0.8817,3.786
110.4606,0.8781,3.7723
110.4608,0.8886,3.8123
110.4610,0.8673,3.7242
110.4612,0.8552,3.6705
110.4614,0.8412,3.612
110.4616,0.8521,3.6537
110.4618,0.9168,3.9314
110.4620,0.9504,4.0772
110.4622,0.9508,4.0826
110.4624,0.9286,3.9836
110.4626,0.8812,3.7839
110.4628,0.8903,3.8177
110.4630,0.8008,3.4481
110.4632,0.6946,2.9939
110.4634,0.6796,2.9266
110.4636,0.6659,2.8658
110.4638,0.6491,2.7988
110.4640,0.6223,2.6847
110.4642,0.5596,2.4119
110.4644,0.5964,2.5718
110.4646,0.5302,2.2885
110.4648,0.5149,2.2223
110.4650,0.5313,2.291
110.4652,0.5703,2.4591
110.4654,0.6,2.5837
110.4656,0.7045,3.0278
110.4658,0.7872,3.3834
110.4660,0.7358,3.1653
110.4662,0.7292,3.134
110.4664,0.7346,3.1601
110.4666,0.7307,3.1407
110.4668,0.7626,3.2823
110.4670,0.7511,3.2268
110.4672,0.8848,3.7888
110.4674,1.0106,4.3294
110.4676,1.0112,4.334
110.4678,0.995,4.2666
110.4680,0.978,4.1858
110.4682,1.0804,4.624
110.4684,1.1143,4.7715
110.4686,1.0939,4.6842
110.4688,1.1191,4.7853
110.4690,1.1409,4.8832
110.4692,1.0393,4.4501
110.4694,1.0229,4.3884
110.4696,1.0108,4.3365
110.4698,0.994,4.2605
110.4700,0.9789,4.2016
110.4702,0.911,3.9098
110.4704,0.9562,4.1038
110.4706,0.955,4.093
110.4708,0.9662,4.1393
110.4710,0.9933,4.2654
110.4712,0.9327,4.0011
110.4714,1.0117,4.334
110.4716,1.0485,4.5001
110.4718,1.0111,4.3355
110.4720,1.0706,4.582
110.4722,0.9575,4.1172
110.4724,0.8247,3.5447
110.4726,0.8698,3.735
110.4728,0.919,3.9443
110.4730,0.9455,4.0656
110.4732,0.8413,3.6175
110.4734,0.8048,3.4576
110.4736,0.8178,3.5148
110.4738,0.7912,3.4052
110.4740,0.7805,3.3546
110.4742,0.8275,3.5632
110.4744,0.7767,3.3427
110.4746,0.7815,3.3602
110.4748,0.8014,3.4458
110.4750,0.8374,3.5943
110.4752,0.8938,3.8434
110.4754,0.8279,3.5681
110.4756,0.6771,2.9184
110.4758,0.6972,3.0061
110.4760,0.7142,3.0767
110.4762,0.6861,2.9558
110.4764,0.686,2.9539
110.4766,0.6964,2.9975
110.4768,0.7252,3.1228
110.4770,0.7072,3.0467
110.4772,0.7198,3.0995
110.4774,0.771,3.3169
110.4776,0.7873,3.3887
110.4778,0.7048,3.0336
110.4780,0.6729,2.9044
110.4782,0.615,2.6519
110.4784,0.6113,2.6359
110.4786,0.6193,2.6718
110.4788,0.6241,2.6887
110.4790,0.6889,2.9663
110.4792,0.7135,3.0764
110.4794,0.6884,2.9629
110.4796,0.7029,3.0267
110.4798,0.6702,2.8844
110.4800,0.7473,3.2148
110.4802,0.7614,3.2787
110.4804,0.75,3.2281
110.4806,0.7678,3.2984
110.4808,0.9033,3.8769
110.4810,0.9402,4.0429
110.4812,0.8621,3.709
110.4814,0.7907,3.3984
110.4816,0.8065,3.4696
110.4818,0.7445,3.2104
110.4820,0.6655,2.867
110.4822,0.7451,3.204
110.4824,0.8286,3.5629
110.4826,0.7873,3.3887
110.4828,0.718,3.0903
110.4830,0.7153,3.0828
110.4832,0.6697,2.885
110.4834,0.7121,3.0622
110.4836,0.7612,3.2746
110.4838,0.7828,3.3722
110.4840,0.8197,3.5198
110.4842,0.8827,3.8025
110.4844,0.6926,2.9879
110.4846,0.6551,2.822
110.4848,0.6547,2.8231
110.4850,0.6494,2.8003
110.4852,0.6657,2.8667
110.4854,0.6823,2.9434
110.4856,0.649,2.7957
110.4858,0.6495,2.7957
110.4860,0.7082,3.0466
110.4862,0.7479,3.2189
110.4864,0.755,3.2493
110.4866,0.7524,3.2355
110.4868,0.7517,3.2354
110.4870,0.7528,3.2415
110.4872,0.751,3.2308
110.4874,0.7888,3.3901
110.4876,0.9015,3.8655
110.4878,0.9316,4.0002
110.4880,0.8575,3.6871
110.4882,0.8205,3.5316
110.4884,0.7753,3.337
110.4886,0.7243,3.1201
110.4888,0.7199,3.1
110.4890,0.7202,3.0982
110.4892,0.7283,3.1318
110.4894,0.8392,3.6071
110.4896,0.8621,3.7021
110.4898,0.8502,3.6574
110.4900,0.807,3.4733
110.4902,0.7457,3.2125
110.4904,0.7469,3.2073
110.4906,0.8776,3.7667
110.4908,0.8535,3.6752
110.4910,0.7738,3.3272
110.4912,0.8354,3.5923
110.4914,0.7684,3.3086
110.4916,0.7012,3.0209
110.4918,0.7163,3.0903
110.4920,0.6257,2.693
110.4922,0.6908,2.9801
110.4924,0.6342,2.7321
110.4926,0.6531,2.8125
110.4928,0.6901,2.9742
110.4930,0.6523,2.8127
110.4932,0.6376,2.7504
110.4934,0.6037,2.6046
110.4936,0.5933,2.5607
110.4938,0.5939,2.5562
110.4940,0.6922,2.9808
110.4942,0.6396,2.7631
110.4944,0.4578,1.9796
110.4946,0.4439,1.9194
110.4948,0.4374,1.8914
110.4950,0.4294,1.8558
110.4952,0.482,2.0843
110.4954,0.4359,1.8838
110.4956,0.4221,1.8251
110.4958,0.4247,1.8348
110.4960,0.4595,1.9832
110.4962,0.532,2.2941
110.4964,0.58,2.501
110.4966,0.6213,2.6751
110.4968,0.5868,2.5328
110.4970,0.5055,2.1799
110.4972,0.6306,2.7141
110.4974,0.6564,2.8264
110.4976,0.5916,2.5535
110.4978,0.543,2.3401
110.4980,0.6264,2.6961
110.4982,0.6493,2.8011
110.4984,0.6354,2.7348
110.4986,0.7,3.0115
110.4988,0.6972,3.0006
110.4990,0.7699,3.3092
110.4992,0.8269,3.5507
110.4994,0.8201,3.5197
110.4996,0.8822,3.7863
110.4998,0.8884,3.8148
110.5000,0.8764,3.7633
110.5002,0.8749,3.7566
110.5004,0.8704,3.7359
110.5006,0.9178,3.9373
110.5008,0.9211,3.9499
110.5010,0.9506,4.0706
110.5012,1.0142,4.3509
110.5014,0.9867,4.2351
110.5016,1.0294,4.408
110.5018,1.1138,4.765
110.5020,1.1307,4.8373
110.5022,1.1017,4.7132
110.5024,1.1532,4.9356
110.5026,1.1825,5.0589
110.5028,1.1417,4.8977
110.5030,0.9813,4.2139
110.5032,0.984,4.2154
110.5034,1.0773,4.6129
110.5036,1.101,4.7211
110.5038,1.0592,4.5374
110.5040,1.0684,4.577
110.5042,1.0774,4.6155
110.5044,1.0622,4.5609
110.5046,0.9753,4.1881
110.5048,0.8948,3.8421
110.5050,0.8933,3.8395
110.5052,0.8801,3.7811
110.5054,0.8587,3.694
110.5056,0.804,3.4604
110.5058,0.8175,3.5154
110.5060,0.7951,3.4238
110.5062,0.7714,3.32
110.5064,0.8083,3.4725
110.5066,0.8988,3.8578
110.5068,0.9126,3.9225
110.5070,0.892,3.8338
110.5072,0.8611,3.706
110.5074,0.8316,3.5774
110.5076,0.815,3.5062
110.5078,0.8207,3.5321
110.5080,0.8281,3.5575
110.5082,0.857,3.6885
110.5084,0.795,3.4233
110.5086,0.7439,3.2063
110.5088,0.6985,3.009
110.5090,0.699,3.0139
110.5092,0.6933,2.991
110.5094,0.6027,2.6023
110.5096,0.5527,2.3842
110.5098,0.5834,2.5189
110.5100,0.6111,2.6349
110.5102,0.6203,2.6735
110.5104,0.6089,2.6268
110.5106,0.6499,2.8024
110.5108,0.6937,2.9884
110.5110,0.7253,3.1247
110.5112,0.6479,2.7949
110.5114,0.6105,2.6323
110.5116,0.6457,2.7791
110.5118,0.7076,3.0497
110.5120,0.6461,2.7859
110.5122,0.5763,2.493
110.5124,0.4513,1.9525
110.5126,0.4661,2.0135
110.5128,0.4533,1.9599
110.5130,0.4916,2.1229
110.5132,0.5394,2.3278
110.5134,0.5101,2.2026
110.5136,0.4952,2.1394
110.5138,0.5786,2.4913
110.5140,0.6256,2.7025
110.5142,0.4826,2.0869
110.5144,0.4636,2.0045
110.5146,0.4529,1.9565
110.5148,0.4458,1.926
110.5150,0.4497,1.9434
110.5152,0.4582,1.9802
110.5154,0.4602,1.9881
110.5156,0.4558,1.9708
110.5158,0.4487,1.9402
110.5160,0.4492,1.9405
110.5162,0.4596,1.9846
110.5164,0.4609,1.9912
110.5166,0.4525,1.955
110.5168,0.4499,1.9436
110.5170,0.45,1.9423
110.5172,0.4601,1.9867
110.5174,0.4783,2.0644
110.5176,0.4854,2.095
110.5178,0.4778,2.0624
110.5180,0.5342,2.3035
110.5182,0.6233,2.6876
110.5184,0.627,2.7024
110.5186,0.5914,2.5489
110.5188,0.5874,2.5307
110.5190,0.6379,2.743
110.5192,0.7437,3.1978
110.5194,0.7407,3.1864
110.5196,0.7118,3.0621
110.5198,0.7666,3.2948
110.5200,0.8524,3.6604
110.5202,0.822,3.5279
110.5204,0.8293,3.561
110.5206,0.8696,3.734
110.5208,0.9189,3.9383
110.5210,0.9648,4.1428
110.5212,0.9271,3.983
110.5214,0.8362,3.5992
110.5216,0.7253,3.1189
110.5218,0.7486,3.2145
110.5220,0.8446,3.632
110.5222,0.802,3.4452
110.5224,0.8015,3.4463
110.5226,0.7181,3.0937
110.5228,0.6787,2.9224
110.5230,0.7264,3.1236
110.5232,0.7343,3.1635
110.5234,0.6925,2.979
110.5236,0.7186,3.0915
110.5238,0.7094,3.0489
110.5240,0.7275,3.1326
110.5242,0.7147,3.0745
110.5244,0.7276,3.1345
110.5246,0.5982,2.582
110.5248,0.5263,2.2714
110.5250,0.5153,2.2218
110.5252,0.5744,2.4767
110.5254,0.5771,2.4851
110.5256,0.6132,2.6442
110.5258,0.5964,2.5682
110.5260,0.6647,2.8607
110.5262,0.683,2.9424
110.5264,0.6591,2.8383
110.5266,0.6129,2.6426
110.5268,0.5842,2.5191
110.5270,0.583,2.5104
110.5272,0.6248,2.6943
110.5274,0.5675,2.4472
110.5276,0.5403,2.3331
110.5278,0.451,1.9482
110.5280,0.4312,1.8628
110.5282,0.4334,1.873
110.5284,0.4355,1.8797
110.5286,0.4342,1.8748
110.5288,0.4257,1.8389
110.5290,0.4425,1.9088
110.5292,0.4459,1.9274
110.5294,0.4338,1.8707
110.5296,0.5513,2.3763
110.5298,0.5456,2.3526
110.5300,0.5668,2.4407
110.5302,0.6569,2.8298
110.5304,0.6039,2.6014
110.5306,0.5627,2.4265
110.5308,0.557,2.4028
110.5310,0.5595,2.4126
110.5312,0.5643,2.431
110.5314,0.59,2.5403
110.5316,0.647,2.7848
110.5318,0.7356,3.1618
110.5320,0.7773,3.336
110.5322,0.7774,3.3396
110.5324,0.7487,3.2165
110.5326,0.7986,3.4324
110.5328,0.8282,3.553
110.5330,0.8979,3.8501
110.5332,0.9433,4.0412
110.5334,1.0028,4.288
110.5336,1.151,4.9217
110.5338,1.1462,4.8966
110.5340,1.128,4.83
110.5342,1.0961,4.6869
110.5344,1.2154,5.1873
110.5346,1.2979,5.5394
110.5348,1.2907,5.5113
110.5350,1.2845,5.4744
110.5352,1.3775,5.882
110.5354,1.2069,5.1679
110.5356,1.0965,4.695
110.5358,1.1094,4.7571
110.5360,0.9515,4.0838
110.5362,0.9659,4.1455
110.5364,0.9911,4.2476
110.5366,0.9696,4.1595
110.5368,0.9912,4.2462
110.5370,1.0632,4.557
110.5372,1.0265,4.3998
110.5374,0.993,4.2598
110.5376,0.9761,4.1912
110.5378,0.9757,4.1877
110.5380,0.9716,4.1625
110.5382,1.0598,4.54
110.5384,1.0246,4.3936
110.5386,1.0325,4.4317
110.5388,1.0407,4.4563
110.5390,1.1112,4.7537
110.5392,1.1419,4.8965
110.5394,1.086,4.659
110.5396,0.9939,4.262
110.5398,0.9864,4.2276
110.5400,1.0661,4.5715
110.5402,1.0417,4.4666
110.5404,1.0288,4.4116
110.5406,1.0557,4.531
110.5408,1.0239,4.3844
110.5410,1.1325,4.845
110.5412,1.1641,4.9893
110.5414,1.0033,4.3081
110.5416,0.9204,3.9634
110.5418,0.8052,3.4688
110.5420,0.7749,3.3319
110.5422,0.8398,3.6113
110.5424,0.8282,3.5646
110.5426,0.7846,3.3783
110.5428,0.7538,3.2472
110.5430,0.7222,3.1127
110.5432,0.6579,2.8371
110.5434,0.7195,3.0994
110.5436,0.7516,3.2379
110.5438,0.768,3.3056
110.5440,0.7661,3.3004
110.5442,0.7559,3.2504
110.5444,0.8897,3.8241
110.5446,0.8888,3.8199
110.5448,0.9048,3.8926
110.5450,0.8318,3.5768
110.5452,0.7931,3.4166
110.5454,0.6939,2.9949
110.5456,0.5955,2.57
110.5458,0.5728,2.4734
110.5460,0.5816,2.51
110.5462,0.5793,2.4979
110.5464,0.5918,2.5528
110.5466,0.6344,2.737
110.5468,0.638,2.7525
110.5470,0.5908,2.5475
110.5472,0.6621,2.8538
110.5474,0.6848,2.9529
110.5476,0.6103,2.6342
110.5478,0.5233,2.2616
110.5480,0.5055,2.1849
110.5482,0.5053,2.1819
110.5484,0.5063,2.187
110.5486,0.5064,2.1876
110.5488,0.5069,2.1886
110.5490,0.5041,2.1767
110.5492,0.5036,2.1746
110.5494,0.5034,2.1746
110.5496,0.5073,2.1897
110.5498,0.5037,2.1772
110.5500,0.5071,2.1907
110.5502,0.5065,2.186
110.5504,0.5383,2.321
110.5506,0.6501,2.7995
110.5508,0.6831,2.9443
110.5510,0.6096,2.6336
110.5512,0.5268,2.2735
110.5514,0.5194,2.2419
110.5516,0.5516,2.3828
110.5518,0.5229,2.2559
110.5520,0.5418,2.336
110.5522,0.5705,2.459
110.5524,0.6135,2.644
110.5526,0.6748,2.9073
110.5528,0.6695,2.8867
110.5530,0.6353,2.7355
110.5532,0.6328,2.7272
110.5534,0.6171,2.6607
110.5536,0.633,2.7244
110.5538,0.7446,3.2019
110.5540,0.7578,3.2602
110.5542,0.751,3.2338
110.5544,0.6879,2.9649
110.5546,0.6043,2.6071
110.5548,0.5823,2.512
110.5550,0.5798,2.4999
110.5552,0.5862,2.5279
110.5554,0.586,2.5268
110.5556,0.5856,2.5253
110.5558,0.5801,2.5003
110.5560,0.6016,2.5904
110.5562,0.665,2.8622
110.5564,0.6909,2.9737
110.5566,0.7243,3.1186
110.5568,0.7407,3.1834
110.5570,0.8057,3.4579
110.5572,0.8349,3.5885
110.5574,0.7858,3.3851
110.5576,0.6974,3.0044
110.5578,0.6473,2.7833
110.5580,0.7107,3.0589
110.5582,0.7234,3.1165
110.5584,0.709,3.0516
110.5586,0.7013,3.0214
110.5588,0.6838,2.9419
110.5590,0.7535,3.2416
110.5592,0.7012,3.0223
110.5594,0.6383,2.7471
110.5596,0.7404,3.1869
110.5598,0.7828,3.3643
110.5600,0.7783,3.3499
110.5602,0.7563,3.258
110.5604,0.7354,3.1608
110.5606,0.8089,3.4702
110.5608,0.8594,3.6971
110.5610,0.7551,3.2483
110.5612,0.7008,3.016
110.5614,0.6385,2.7546
110.5616,0.5078,2.1927
110.5618,0.4885,2.1113
110.5620,0.434,1.8755
110.5622,0.4152,1.793
110.5624,0.4726,2.0396
110.5626,0.5272,2.2735
110.5628,0.6274,2.7077
110.5630,0.5292,2.2839
110.5632,0.5011,2.1617
110.5634,0.5045,2.1783
110.5636,0.5042,2.1742
110.5638,0.6477,2.7905
110.5640,0.6381,2.7479
110.5642,0.6184,2.6639
110.5644,0.5987,2.5804
110.5646,0.6066,2.6121
110.5648,0.6554,2.8209
110.5650,0.6929,2.9838
110.5652,0.694,2.9885
110.5654,0.7018,3.0206
110.5656,0.6692,2.8776
110.5658,0.7251,3.1193
110.5660,0.7132,3.0668
110.5662,0.7373,3.169
110.5664,0.7905,3.4009
110.5666,0.8119,3.4846
110.5668,0.9596,4.1091
110.5670,0.991,4.2456
110.5672,0.9457,4.059
110.5674,0.91,3.9056
110.5676,0.9055,3.8848
110.5678,0.9282,3.982
110.5680,0.9625,4.131
110.5682,0.9358,4.0125
110.5684,0.9517,4.0809
110.5686,0.9759,4.1867
110.5688,0.9748,4.1801
110.5690,0.9588,4.1093
110.5692,0.9842,4.2202
110.5694,0.9319,4.0035
110.5696,0.8868,3.8134
110.5698,0.8717,3.7414
110.5700,0.9177,3.9349
110.5702,0.9807,4.2053
110.5704,0.9702,4.1562
110.5706,0.9849,4.2253
110.5708,0.9489,4.071
110.5710,0.936,4.0248
110.5712,0.8455,3.6355
110.5714,0.8479,3.6424
110.5716,0.8937,3.8338
110.5718,0.8855,3.8095
110.5720,0.7408,3.1898
110.5722,0.7162,3.0811
110.5724,0.7489,3.2174
110.5726,0.8407,3.6166
110.5728,0.775,3.3354
110.5730,0.7898,3.3978
110.5732,0.7617,3.2797
110.5734,0.742,3.1935
110.5736,0.7331,3.1568
110.5738,0.731,3.146
110.5740,0.7722,3.3189
110.5742,0.8069,3.4695
110.5744,0.8631,3.7165
110.5746,0.7602,3.278
110.5748,0.6728,2.8984
110.5750,0.6494,2.8016
110.5752,0.5182,2.2367
110.5754,0.578,2.4921
110.5756,0.5904,2.5471
110.5758,0.5712,2.4643
110.5760,0.5869,2.5321
110.5762,0.6053,2.6112
110.5764,0.569,2.4545
110.5766,0.568,2.4504
110.5768,0.5293,2.2843
110.5770,0.4873,2.1051
110.5772,0.5335,2.3014
110.5774,0.5945,2.5635
110.5776,0.5875,2.5347
110.5778,0.5945,2.5671
110.5780,0.5246,2.2631
110.5782,0.511,2.2057
110.5784,0.5095,2.1989
110.5786,0.5413,2.3328
110.5788,0.6072,2.6159
110.5790,0.6079,2.6202
110.5792,0.6277,2.7067
110.5794,0.5921,2.5531
110.5796,0.5696,2.4559
110.5798,0.578,2.4944
110.5800,0.5163,2.2274
110.5802,0.522,2.2507
110.5804,0.5819,2.5104
110.5806,0.5529,2.383
110.5808,0.5752,2.4802
110.5810,0.5892,2.5396
110.5812,0.6505,2.8049
110.5814,0.5584,2.409
110.5816,0.4734,2.0451
110.5818,0.4667,2.0161
110.5820,0.4681,2.0213
110.5822,0.4645,2.0049
110.5824,0.475,2.0499
110.5826,0.5027,2.1664
110.5828,0.6521,2.8051
110.5830,0.629,2.7111
110.5832,0.5339,2.3067
110.5834,0.4676,2.0193
110.5836,0.4676,2.0183
110.5838,0.4655,2.0109
110.5840,0.5006,2.1586
110.5842,0.5528,2.3802
110.5844,0.6198,2.6713
110.5846,0.586,2.5279
110.5848,0.5155,2.2269
110.5850,0.4693,2.0228
110.5852,0.5732,2.4703
110.5854,0.554,2.3876
110.5856,0.5492,2.3669
110.5858,0.5516,2.3784
110.5860,0.5562,2.3974
110.5862,0.5522,2.3799
110.5864,0.5576,2.4031
110.5866,0.5529,2.3852
110.5868,0.5533,2.3845
110.5870,0.5634,2.4251
110.5872,0.6595,2.8318
110.5874,0.7904,3.3988
110.5876,0.748,3.2133
110.5878,0.7848,3.3715
110.5880,0.707,3.0485
110.5882,0.5578,2.4064
110.5884,0.5411,2.3334
110.5886,0.5367,2.3121
110.5888,0.5354,2.3075
110.5890,0.5367,2.3132
110.5892,0.5658,2.4376
110.5894,0.6232,2.6821
110.5896,0.6501,2.7995
110.5898,0.6625,2.85
110.5900,0.6333,2.7285
110.5902,0.5958,2.5644
110.5904,0.6162,2.6583
110.5906,0.5416,2.3344
110.5908,0.5419,2.3332
110.5910,0.5517,2.3789
110.5912,0.5433,2.3405
110.5914,0.5744,2.4755
110.5916,0.5729,2.4693
110.5918,0.5377,2.3173
110.5920,0.5541,2.3881
110.5922,0.5132,2.2119
110.5924,0.5375,2.3179
110.5926,0.5327,2.2972
110.5928,0.5264,2.2666
110.5930,0.5467,2.3583
110.5932,0.5034,2.1705
110.5934,0.5535,2.3867
110.5936,0.5558,2.3909
110.5938,0.6216,2.6754
110.5940,0.622,2.6794
110.5942,0.6271,2.6991
110.5944,0.5991,2.5783
110.5946,0.5933,2.5583
110.5948,0.5327,2.2983
110.5950,0.5519,2.3788
110.5952,0.5717,2.4607
110.5954,0.5433,2.3427
110.5956,0.5395,2.3218
110.5958,0.6463,2.7765
110.5960,0.6613,2.8462
110.5962,0.6103,2.6317
110.5964,0.6001,2.5854
110.5966,0.6053,2.6064
110.5968,0.5913,2.5483
110.5970,0.6323,2.72
110.5972,0.7028,3.0233
110.5974,0.6262,2.695
110.5976,0.6505,2.7984
110.5978,0.6991,3.006
110.5980,0.6928,2.9805
110.5982,0.7,3.0101
110.5984,0.7281,3.1278
110.5986,0.756,3.2478
110.5988,0.7888,3.3869
110.5990,0.8361,3.5886
110.5992,0.8123,3.4862
110.5994,0.8151,3.5018
110.5996,0.8491,3.651
110.5998,0.8409,3.6025
110.6000,0.9782,4.1867
110.6002,1.0149,4.3438
110.6004,1.0109,4.3288
110.6006,1.0468,4.474
110.6008,1.1076,4.7316
110.6010,1.1919,5.0917
110.6012,1.2307,5.2651
110.6014,1.0972,4.6958
110.6016,1.0257,4.392
110.6018,1.0325,4.4233
110.6020,1.01,4.3207
110.6022,1.0895,4.6542
110.6024,1.1876,5.078
110.6026,1.1473,4.908
110.6028,1.1463,4.9039
110.6030,1.1284,4.8298
110.6032,1.1225,4.8018
110.6034,1.1211,4.794
110.6036,1.1237,4.798
110.6038,1.1954,5.1137
110.6040,1.1878,5.0838
110.6042,1.1094,4.7526
110.6044,1.0645,4.5562
110.6046,1.0711,4.593
110.6048,1.1096,4.747
110.6050,1.088,4.6742
110.6052,0.8868,3.8027
110.6054,0.9421,4.0454
110.6056,0.9522,4.083
110.6058,1.0286,4.4084
110.6060,0.998,4.2894
110.6062,0.9138,3.9221
110.6064,0.9289,3.9888
110.6066,0.8632,3.7032
110.6068,0.9573,4.1032
110.6070,1.0305,4.4166
110.6072,1.0736,4.6102
110.6074,0.9497,4.0798
110.6076,0.881,3.7846
110.6078,0.8758,3.7659
110.6080,0.7702,3.3148
110.6082,0.7088,3.0534
110.6084,0.7083,3.0513
110.6086,0.7021,3.0217
110.6088,0.6902,2.9747
110.6090,0.7096,3.057
110.6092,0.7312,3.1485
110.6094,0.7266,3.1304
110.6096,0.661,2.8465
110.6098,0.6662,2.8687
110.6100,0.6724,2.8955
110.6102,0.7349,3.1616
110.6104,0.7509,3.2362
110.6106,0.6152,2.6542
110.6108,0.577,2.4868
110.6110,0.6995,3.0164
110.6112,0.6319,2.7223
110.6114,0.6691,2.8811
110.6116,0.6976,3.0026
110.6118,0.7342,3.1614
110.6120,0.6794,2.9255
110.6122,0.6905,2.9749
110.6124,0.6808,2.9358
110.6126,0.6847,2.9509
110.6128,0.6108,2.635
110.6130,0.5826,2.5135
110.6132,0.5897,2.5463
110.6134,0.5878,2.5322
110.6136,0.6563,2.8258
110.6138,0.7084,3.0518
110.6140,0.6712,2.8984
110.6142,0.5897,2.544
110.6144,0.5694,2.4566
110.6146,0.5866,2.5294
110.6148,0.6582,2.8354
110.6150,0.6175,2.6628
110.6152,0.5825,2.5118
110.6154,0.5757,2.4846
110.6156,0.5579,2.408
110.6158,0.5732,2.4726
110.6160,0.5859,2.5298
110.6162,0.5016,2.1658
110.6164,0.4844,2.0927
110.6166,0.4715,2.0368
110.6168,0.5054,2.1743
110.6170,0.6977,3.0045
110.6172,0.7269,3.1357
110.6174,0.577,2.488
110.6176,0.5861,2.5249
110.6178,0.6463,2.7856
110.6180,0.6516,2.807
110.6182,0.65,2.7964
110.6184,0.7045,3.0306
110.6186,0.7069,3.0423
110.6188,0.6957,2.9957
110.6190,0.7157,3.0819
110.6192,0.6527,2.8129
110.6194,0.6434,2.7744
110.6196,0.6374,2.7448
110.6198,0.6916,2.9768
110.6200,0.7624,3.2721
110.6202,0.8274,3.5527
110.6204,0.8685,3.7345
110.6206,0.8117,3.4917
110.6208,0.7949,3.4163
110.6210,0.8077,3.4715
110.6212,0.7352,3.1656
110.6214,0.7157,3.0762
110.6216,0.7553,3.2463
110.6218,0.7704,3.3143
110.6220,0.7828,3.3658
110.6222,0.7935,3.4122
110.6224,0.7903,3.3999
110.6226,0.8242,3.5393
110.6228,0.9319,3.9979
110.6230,0.9402,4.0297
110.6232,0.9235,3.973
110.6234,0.794,3.4143
110.6236,0.8184,3.5223
110.6238,0.791,3.403
110.6240,0.7409,3.1918
110.6242,0.662,2.8493
110.6244,0.6546,2.8225
110.6246,0.6449,2.7768
110.6248,0.6848,2.9487
110.6250,0.6784,2.9241
110.6252,0.5889,2.5404
110.6254,0.5543,2.3925
110.6256,0.553,2.3879
110.6258,0.5542,2.3909
110.6260,0.5534,2.3861
110.6262,0.555,2.3945
110.6264,0.5545,2.3919
110.6266,0.5525,2.3814
110.6268,0.6011,2.5859
110.6270,0.7112,3.0637
110.6272,0.614,2.649
110.6274,0.5609,2.4198
110.6276,0.5433,2.3449
110.6278,0.5669,2.4423
110.6280,0.6151,2.6524
110.6282,0.5812,2.5061
110.6284,0.5835,2.5171
110.6286,0.6051,2.609
110.6288,0.6283,2.7018
110.6290,0.6899,2.9709
110.6292,0.6711,2.8898
110.6294,0.7013,3.0186
110.6296,0.7386,3.1791
110.6298,0.7037,3.0303
110.6300,0.7248,3.1197
110.6302,0.686,2.9525
110.6304,0.6651,2.8654
110.6306,0.6256,2.6986
110.6308,0.5692,2.4544
110.6310,0.5655,2.4361
110.6312,0.5946,2.5592
110.6314,0.6553,2.8204
110.6316,0.7142,3.0752
110.6318,0.6817,2.9312
110.6320,0.7885,3.3906
110.6322,0.829,3.5615
110.6324,0.8175,3.5105
110.6326,0.8158,3.5033
110.6328,0.8552,3.6756
110.6330,0.8142,3.4993
110.6332,0.8882,3.8084
110.6334,0.9894,4.2404
110.6336,0.9976,4.2758
110.6338,1.0384,4.4443
110.6340,1.1071,4.7384
110.6342,1.1139,4.7677
110.6344,1.0529,4.5085
110.6346,1.0184,4.3668
110.6348,1.0029,4.3025
110.6350,1.0048,4.3087
110.6352,0.96,4.1202
110.6354,0.9142,3.9218
110.6356,0.9888,4.2398
110.6358,0.9727,4.1689
110.6360,0.9782,4.1965
110.6362,0.9412,4.0394
110.6364,0.9636,4.1337
110.6366,0.9618,4.1279
110.6368,0.9181,3.9461
110.6370,0.9224,3.961
110.6372,0.9395,4.0322
110.6374,0.9703,4.1606
110.6376,0.8938,3.8487
110.6378,0.7778,3.3416
110.6380,0.8801,3.7828
110.6382,0.8787,3.7748
110.6384,0.8489,3.6471
110.6386,0.8639,3.7063
110.6388,0.9486,4.0713
110.6390,0.9559,4.1065
110.6392,0.8119,3.4928
110.6394,0.7738,3.3272
110.6396,0.8516,3.6618
110.6398,0.8703,3.7387
110.6400,0.841,3.6164
110.6402,0.8063,3.4685
110.6404,0.7904,3.3973
110.6406,0.7852,3.3824
110.6408,0.6919,2.9847
110.6410,0.6604,2.8465
110.6412,0.6624,2.8548
110.6414,0.6597,2.8421
110.6416,0.7114,3.0662
110.6418,0.6783,2.9208
110.6420,0.6627,2.855
110.6422,0.6417,2.7633
110.6424,0.7106,3.0611
110.6426,0.7275,3.1354
110.6428,0.7253,3.1218
110.6430,0.7505,3.2286
110.6432,0.7655,3.2947
110.6434,0.7,3.0157
110.6436,0.6812,2.9305
110.6438,0.7902,3.401
110.6440,0.7624,3.2843
110.6442,0.7419,3.193
110.6444,0.7109,3.0641
110.6446,0.6794,2.9323
110.6448,0.5999,2.5892
110.6450,0.558,2.4052
110.6452,0.5825,2.5118
110.6454,0.6071,2.6202
110.6456,0.5302,2.2927
110.6458,0.4811,2.0782
110.6460,0.4777,2.0628
110.6462,0.4837,2.0886
110.6464,0.4932,2.1276
110.6466,0.5592,2.4159
110.6468,0.5145,2.2217
110.6470,0.4628,2.0004
110.6472,0.4024,1.7408
110.6474,0.3979,1.7211
110.6476,0.4365,1.8855
110.6478,0.4507,1.9472
110.6480,0.4439,1.9176
110.6482,0.4455,1.9253
110.6484,0.4475,1.9341
110.6486,0.4437,1.9157
110.6488,0.4473,1.9321
110.6490,0.4475,1.9341
110.6492,0.4456,1.9249
110.6494,0.4477,1.9333
110.6496,0.4435,1.917
110.6498,0.4495,1.9429
110.6500,0.4524,1.9526
110.6502,0.4455,1.9244
110.6504,0.4461,1.927
110.6506,0.4445,1.9193
110.6508,0.4482,1.9381
110.6510,0.4453,1.9247
110.6512,0.4729,2.0411
110.6514,0.5299,2.2848
110.6516,0.553,2.3835
110.6518,0.5744,2.4755
110.6520,0.6041,2.6036
110.6522,0.5652,2.4351
110.6524,0.5654,2.4356
110.6526,0.5672,2.4456
110.6528,0.5681,2.4509
110.6530,0.5687,2.45
110.6532,0.6212,2.6726
110.6534,0.7271,3.1193
110.6536,0.8676,3.7257
110.6538,0.8013,3.4442
110.6540,0.7235,3.1097
110.6542,0.6887,2.9713
110.6544,0.579,2.4968
110.6546,0.5827,2.5128
110.6548,0.5461,2.3568
110.6550,0.5329,2.2967
110.6552,0.6031,2.5995
110.6554,0.5566,2.3968
110.6556,0.6004,2.5864
110.6558,0.6312,2.7192
110.6560,0.657,2.8289
110.6562,0.6604,2.8413
110.6564,0.6845,2.9422
110.6566,0.6781,2.9252
110.6568,0.5956,2.5693
110.6570,0.5349,2.3044
110.6572,0.5552,2.3895
110.6574,0.5962,2.5648
110.6576,0.6506,2.799
110.6578,0.6891,2.9701
110.6580,0.6196,2.6703
110.6582,0.5752,2.4756
110.6584,0.621,2.674
110.6586,0.6545,2.8141
110.6588,0.6429,2.7698
110.6590,0.6295,2.7107
110.6592,0.671,2.8853
110.6594,0.6627,2.855
110.6596,0.6336,2.727
110.6598,0.6365,2.7444
110.6600,0.5386,2.3204
110.6602,0.5697,2.4496
110.6604,0.6756,2.9076
110.6606,0.6402,2.7515
110.6608,0.6969,2.9995
110.6610,0.6884,2.9628
110.6612,0.6885,2.9606
110.6614,0.7058,3.0405
110.6616,0.6467,2.7819
110.6618,0.7415,3.1914
110.6620,0.6817,2.9339
110.6622,0.6585,2.8369
110.6624,0.6302,2.7125
110.6626,0.7114,3.0605
110.6628,0.638,2.7499
110.6630,0.5525,2.3825
110.6632,0.5446,2.3451
110.6634,0.6042,2.6017
110.6636,0.5633,2.4268
110.6638,0.647,2.7848
110.6640,0.6919,2.9792
110.6642,0.674,2.8955
110.6644,0.7679,3.2988
110.6646,0.8631,3.7009
110.6648,0.8228,3.5381
110.6650,0.7566,3.2474
110.6652,0.8001,3.4358
110.6654,0.7611,3.271
110.6656,0.7963,3.4225
110.6658,0.8217,3.5252
110.6660,0.89,3.8161
110.6662,0.9322,3.9915
110.6664,0.9772,4.1846
110.6666,1.0463,4.4782
110.6668,1.0876,4.6526
110.6670,1.0454,4.4846
110.6672,0.915,3.9291
110.6674,0.9046,3.8825
110.6676,0.8985,3.8526
110.6678,0.9503,4.0728
110.6680,0.9287,3.9822
110.6682,0.9545,4.0889
110.6684,0.9903,4.2465
110.6686,0.9814,4.2065
110.6688,0.9415,4.0391
110.6690,0.9278,3.9823
110.6692,0.9166,3.9358
110.6694,0.8738,3.7537
110.6696,0.8393,3.6025
110.6698,0.8722,3.7435
110.6700,0.8597,3.6934
110.6702,0.8416,3.6123
110.6704,0.8943,3.8471
110.6706,0.8173,3.5111
110.6708,0.7951,3.4221
110.6710,0.7467,3.2092
110.6712,0.8308,3.5693
110.6714,0.859,3.692
110.6716,0.8093,3.4749
110.6718,0.8746,3.7608
110.6720,0.8459,3.6359
110.6722,0.8417,3.6145
110.6724,0.8468,3.6446
110.6726,0.7958,3.4205
110.6728,0.8292,3.5637
110.6730,0.8114,3.4874
110.6732,0.8063,3.4701
110.6734,0.7909,3.4009
110.6736,0.82,3.5278
110.6738,0.711,3.0618
110.6740,0.6927,2.9842
110.6742,0.6764,2.9099
110.6744,0.6828,2.9454
110.6746,0.5686,2.4529
110.6748,0.5625,2.4243
110.6750,0.6091,2.6205
110.6752,0.7021,3.0231
110.6754,0.6813,2.9351
110.6756,0.6579,2.8331
110.6758,0.6654,2.8651
110.6760,0.6353,2.7367
110.6762,0.6326,2.7266
110.6764,0.641,2.7641
110.6766,0.6095,2.6281
110.6768,0.6337,2.73
110.6770,0.6409,2.7597
110.6772,0.6729,2.8989
110.6774,0.6759,2.9091
110.6776,0.6804,2.9282
110.6778,0.671,2.892
110.6780,0.6299,2.7173
110.6782,0.6072,2.6183
110.6784,0.5878,2.5345
110.6786,0.5823,2.5096
110.6788,0.6326,2.7241
110.6790,0.6616,2.8464
110.6792,0.6657,2.8693
110.6794,0.5854,2.5183
110.6796,0.7037,3.0275
110.6798,0.7768,3.3432
110.6800,0.7596,3.2663
110.6802,0.7694,3.3086
110.6804,0.6832,2.9447
110.6806,0.6555,2.8253
110.6808,0.6301,2.7145
110.6810,0.6247,2.69
110.6812,0.6723,2.8977
110.6814,0.5698,2.4604
110.6816,0.5425,2.3402
110.6818,0.5482,2.3639
110.6820,0.5505,2.3737
110.6822,0.5535,2.3878
110.6824,0.5529,2.3841
110.6826,0.5506,2.3731
110.6828,0.5702,2.4551
110.6830,0.6944,2.9858
110.6832,0.7877,3.3901
110.6834,0.666,2.8716
110.6836,0.5898,2.5421
110.6838,0.5542,2.3898
110.6840,0.5824,2.5089
110.6842,0.6567,2.8266
110.6844,0.7099,3.058
110.6846,0.669,2.8779
110.6848,0.7139,3.0727
110.6850,0.6808,2.9344
110.6852,0.6457,2.7791
110.6854,0.664,2.8594
110.6856,0.6409,2.761
110.6858,0.6409,2.761
110.6860,0.6878,2.9547
110.6862,0.8373,3.5921
110.6864,0.9124,3.9177
110.6866,0.8474,3.6421
110.6868,0.8151,3.5018
110.6870,0.762,3.2812
110.6872,0.6316,2.722
110.6874,0.611,2.6324
110.6876,0.6076,2.615
110.6878,0.6103,2.6317
110.6880,0.6122,2.6388
110.6882,0.616,2.6548
110.6884,0.6095,2.6257
110.6886,0.6096,2.6262
110.6888,0.6583,2.832
110.6890,0.73,3.1404
110.6892,0.727,3.1275
110.6894,0.7064,3.036
110.6896,0.8615,3.7046
110.6898,0.7787,3.3499
110.6900,0.7455,3.2085
110.6902,0.6748,2.9045
110.6904,0.6558,2.8211
110.6906,0.6854,2.9513
110.6908,0.6601,2.845
110.6910,0.6119,2.6372
110.6912,0.5868,2.5316
110.6914,0.5327,2.2993
110.6916,0.5244,2.26
110.6918,0.5937,2.5563
110.6920,0.6127,2.6396
110.6922,0.66,2.8431
110.6924,0.5861,2.5261
110.6926,0.5457,2.352
110.6928,0.6223,2.6797
110.6930,0.6427,2.7752
110.6932,0.4471,1.9316
110.6934,0.4162,1.7963
110.6936,0.4497,1.9443
110.6938,0.3953,1.7078
110.6940,0.4667,2.0133
110.6942,0.4567,1.9703
110.6944,0.4537,1.9601
110.6946,0.4993,2.153
110.6948,0.5374,2.3163
110.6950,0.5144,2.2171
110.6952,0.5524,2.3831
110.6954,0.5149,2.2212
110.6956,0.4837,2.0877
110.6958,0.4801,2.0721
110.6960,0.5349,2.3022
110.6962,0.6413,2.76
110.6964,0.6045,2.6088
110.6966,0.5031,2.1695
110.6968,0.5276,2.2718
110.6970,0.5904,2.5412
110.6972,0.6197,2.6659
110.6974,0.6428,2.768
110.6976,0.607,2.6112
110.6978,0.6799,2.9275
110.6980,0.6121,2.6383
110.6982,0.6185,2.6619
110.6984,0.7091,3.0507
110.6986,0.7603,3.2649
110.6988,0.8102,3.4758
110.6990,0.854,3.6619
110.6992,0.8482,3.644
110.6994,0.831,3.5681
110.6996,0.854,3.6653
110.6998,0.9505,4.072
110.7000,0.9945,4.2605
110.7002,0.9861,4.2265
110.7004,0.9898,4.2424
110.7006,0.9772,4.1885
110.7008,1.0011,4.2887
110.7010,1.0135,4.3416
110.7012,1.0603,4.5404
110.7014,1.095,4.6822
110.7016,1.1177,4.7836
110.7018,1.1066,4.7297
110.7020,1.1349,4.8529
110.7022,1.1299,4.8314
110.7024,1.1348,4.857
110.7026,1.1181,4.7879
110.7028,1.0716,4.5886
110.7030,1.0789,4.62
110.7032,1.0912,4.6745
110.7034,1.0307,4.4156
110.7036,1.0686,4.5758
110.7038,1.0721,4.5971
110.7040,0.9539,4.0997
110.7042,0.8949,3.8497
110.7044,0.8338,3.5822
110.7046,0.9001,3.8652
110.7048,0.8804,3.7767
110.7050,0.8205,3.5299
110.7052,0.7952,3.4242
110.7054,0.7553,3.2478
110.7056,0.8172,3.5106
110.7058,0.8105,3.4849
110.7060,0.8055,3.4638
110.7062,0.7783,3.3499
110.7064,0.6947,2.9902
110.7066,0.7016,3.0224
110.7068,0.6661,2.8708
110.7070,0.673,2.8995
110.7072,0.684,2.9451
110.7074,0.6609,2.8499
110.7076,0.6124,2.6393
110.7078,0.598,2.5773
110.7080,0.6101,2.6283
110.7082,0.6128,2.6426
110.7084,0.594,2.5614
110.7086,0.6058,2.6121
110.7088,0.5968,2.5745
110.7090,0.6408,2.7605
110.7092,0.6373,2.7506
110.7094,0.5633,2.4291
110.7096,0.5115,2.2088
110.7098,0.5211,2.2491
110.7100,0.5672,2.4456
110.7102,0.556,2.3997
110.7104,0.5156,2.2284
110.7106,0.4921,2.1259
110.7108,0.4832,2.0866
110.7110,0.4892,2.1095
110.7112,0.5301,2.2901
110.7114,0.4883,2.1083
110.7116,0.4791,2.069
110.7118,0.486,2.0985
110.7120,0.4969,2.1456
110.7122,0.5274,2.2771
110.7124,0.5084,2.1943
110.7126,0.4645,2.0086
110.7128,0.4124,1.783
110.7130,0.4202,1.8125
110.7132,0.4676,2.0183
110.7134,0.4519,1.9505
110.7136,0.4531,1.9557
110.7138,0.4513,1.9497
110.7140,0.4705,2.0307
110.7142,0.5259,2.2667
110.7144,0.5536,2.3883
110.7146,0.5596,2.4153
110.7148,0.5027,2.1694
110.7150,0.4715,2.033
110.7152,0.5042,2.1772
110.7154,0.4492,1.9404
110.7156,0.436,1.8826
110.7158,0.4398,1.9
110.7160,0.4461,1.9252
110.7162,0.474,2.0467
110.7164,0.458,1.976
110.7166,0.4964,2.1376
110.7168,0.5597,2.4124
110.7170,0.5962,2.5659
110.7172,0.6504,2.7992
110.7174,0.6583,2.8346
110.7176,0.6631,2.8539
110.7178,0.6963,2.9955
110.7180,0.6735,2.8975
110.7182,0.6825,2.9334
110.7184,0.7016,3.014
110.7186,0.7036,3.0255
110.7188,0.7379,3.1715
110.7190,0.8247,3.543
110.7192,0.827,3.5528
110.7194,0.789,3.3927
110.7196,0.7698,3.3071
110.7198,0.7983,3.4313
110.7200,0.7199,3.0985
110.7202,0.6613,2.8462
110.7204,0.6881,2.959
110.7206,0.718,3.0917
110.7208,0.6094,2.6288
110.7210,0.5473,2.3576
110.7212,0.5494,2.3669
110.7214,0.5411,2.3291
110.7216,0.6118,2.6343
110.7218,0.6437,2.7703
110.7220,0.6837,2.9427
110.7222,0.6917,2.9717
110.7224,0.8,3.4353
110.7226,0.7191,3.0892
110.7228,0.6961,2.9945
110.7230,0.6092,2.6271
110.7232,0.4935,2.1301
110.7234,0.4795,2.0696
110.7236,0.4754,2.0529
110.7238,0.4962,2.1365
110.7240,0.5983,2.5788
110.7242,0.5992,2.5801
110.7244,0.6561,2.8187
110.7246,0.632,2.7228
110.7248,0.5437,2.3432
110.7250,0.5674,2.4455
110.7252,0.566,2.4427
110.7254,0.5616,2.4184
110.7256,0.5844,2.5177
110.7258,0.563,2.4264
110.7260,0.5969,2.5667
110.7262,0.6293,2.7122
110.7264,0.5228,2.2543
110.7266,0.5018,2.1678
110.7268,0.4167,1.7992
110.7270,0.4295,1.8555
110.7272,0.4028,1.7408
110.7274,0.4596,1.9791
110.7276,0.5432,2.3422
110.7278,0.4958,2.139
110.7280,0.4933,2.1261
110.7282,0.5509,2.3764
110.7284,0.5021,2.1658
110.7286,0.4868,2.0992
110.7288,0.4856,2.095
110.7290,0.4869,2.1026
110.7292,0.4813,2.0754
110.7294,0.4813,2.0764
110.7296,0.4836,2.0862
110.7298,0.4856,2.094
110.7300,0.4881,2.1049
110.7302,0.4962,2.1405
110.7304,0.5283,2.276
110.7306,0.5827,2.5082
110.7308,0.616,2.6548
110.7310,0.5782,2.4885
110.7312,0.6017,2.5861
110.7314,0.6952,2.9867
110.7316,0.7114,3.0562
110.7318,0.712,3.0602
110.7320,0.7546,3.2417
110.7322,0.7905,3.3946
110.7324,0.819,3.5052
110.7326,0.9834,4.2127
110.7328,1.0113,4.3324
110.7330,0.9926,4.2523
110.7332,0.9903,4.2405
110.7334,0.962,4.1213
110.7336,0.9304,3.9894
110.7338,0.9571,4.1079
110.7340,0.9105,3.904
110.7342,0.9241,3.9608
110.7344,0.9269,3.9708
110.7346,0.9605,4.1184
110.7348,0.9234,3.9577
110.7350,0.9205,3.9491
110.7352,0.9247,3.9671
110.7354,0.9042,3.8809
110.7356,0.9011,3.8675
110.7358,0.9585,4.1102
110.7360,0.9277,3.9836
110.7362,0.8451,3.6221
110.7364,0.8868,3.8098
110.7366,0.838,3.6019
110.7368,0.7752,3.3318
110.7370,0.8365,3.5901
110.7372,0.8825,3.786
110.7374,0.8933,3.8323
110.7376,0.8676,3.7257
110.7378,0.8591,3.6891
110.7380,0.863,3.7021
110.7382,0.9106,3.9082
110.7384,0.9088,3.8968
110.7386,0.9217,3.9597
110.7388,0.8513,3.6488
110.7390,0.8847,3.7988
110.7392,0.8702,3.7365
110.7394,0.8686,3.7315
110.7396,0.8554,3.68
110.7398,0.8029,3.4525
110.7400,0.7987,3.4344
110.7402,0.7712,3.3148
110.7404,0.7561,3.2484
110.7406,0.7922,3.4113
110.7408,0.7066,3.0413
110.7410,0.728,3.1317
110.7412,0.7468,3.2127
110.7414,0.7428,3.1956
110.7416,0.7471,3.2157
110.7418,0.7545,3.2427
110.7420,0.7515,3.2328
110.7422,0.7463,3.2136
110.7424,0.7072,3.0495
110.7426,0.6197,2.6721
110.7428,0.589,2.5409
110.7430,0.5783,2.4948
110.7432,0.6042,2.6042
110.7434,0.5988,2.5809
110.7436,0.6236,2.6866
110.7438,0.6765,2.9104
110.7440,0.7296,3.1389
110.7442,0.6911,2.9761
110.7444,0.6687,2.8809
110.7446,0.6432,2.7708
110.7448,0.6126,2.6416
110.7450,0.5811,2.5067
110.7452,0.5667,2.439
110.7454,0.671,2.8866
110.7456,0.7211,3.1066
110.7458,0.6095,2.6245
110.7460,0.5751,2.4843
110.7462,0.4843,2.0922
110.7464,0.475,2.0499
110.7466,0.4763,2.0575
110.7468,0.4803,2.0722
110.7470,0.5286,2.2802
110.7472,0.5253,2.2651
110.7474,0.5239,2.26
110.7476,0.5245,2.2626
110.7478,0.526,2.2693
110.7480,0.5246,2.2631
110.7482,0.5222,2.2528
110.7484,0.5247,2.2636
110.7486,0.5278,2.275
110.7488,0.5298,2.2843
110.7490,0.5247,2.2647
110.7492,0.5236,2.2579
110.7494,0.5256,2.2672
110.7496,0.5276,2.275
110.7498,0.554,2.3876
110.7500,0.616,2.6536
110.7502,0.6086,2.6196
110.7504,0.6275,2.7032
110.7506,0.6313,2.7184
110.7508,0.6414,2.7579
110.7510,0.6441,2.7711
110.7512,0.6307,2.7158
110.7514,0.6375,2.7453
110.7516,0.6675,2.8703
110.7518,0.7835,3.3642
110.7520,0.8204,3.5212
110.7522,0.8632,3.7066
110.7524,0.7742,3.3308
110.7526,0.6766,2.9122
110.7528,0.6398,2.7576
110.7530,0.6371,2.7419
110.7532,0.6826,2.938
110.7534,0.6732,2.8986
110.7536,0.6311,2.7161
110.7538,0.6256,2.6911
110.7540,0.6456,2.7799
110.7542,0.6399,2.7569
110.7544,0.6408,2.7567
110.7546,0.6881,2.959
110.7548,0.7088,3.0477
110.7550,0.7337,3.1564
110.7552,0.739,3.1747
110.7554,0.7937,3.4112
110.7556,0.7236,3.1145
110.7558,0.6865,2.9559
110.7560,0.6155,2.6503
110.7562,0.6168,2.6535
110.7564,0.6678,2.8741
110.7566,0.6775,2.9172
110.7568,0.6775,2.9145
110.7570,0.6799,2.9248
110.7572,0.6813,2.9283
110.7574,0.7222,3.1026
110.7576,0.7373,3.1749
110.7578,0.6469,2.7855
110.7580,0.6633,2.8536
110.7582,0.741,3.1849
110.7584,0.7498,3.2286
110.7586,0.6344,2.7293
110.7588,0.7344,3.1551
110.7590,0.7844,3.3715
110.7592,0.6992,3.0093
110.7594,0.6835,2.9444
110.7596,0.6631,2.8539
110.7598,0.6356,2.7396
110.7600,0.6106,2.6279
110.7602,0.7023,3.0185
110.7604,0.6543,2.8202
110.7606,0.56,2.4168
110.7608,0.5049,2.1783
110.7610,0.5049,2.1783
110.7612,0.4919,2.1229
110.7614,0.4902,2.1166
110.7616,0.4907,2.1167
110.7618,0.4939,2.1297
110.7620,0.5276,2.2729
110.7622,0.5596,2.413
110.7624,0.4976,2.1437
110.7626,0.5433,2.3416
110.7628,0.639,2.7476
110.7630,0.6782,2.923
110.7632,0.6216,2.6766
110.7634,0.6137,2.645
110.7636,0.5813,2.5031
110.7638,0.6017,2.5885
110.7640,0.6134,2.6427
110.7642,0.641,2.7551
110.7644,0.7013,3.0172
110.7646,0.7597,3.2668
110.7648,0.8017,3.4441
110.7650,0.7994,3.4311
110.7652,0.8403,3.6117
110.7654,0.7877,3.3838
110.7656,0.8077,3.4634
110.7658,0.8883,3.8089
110.7660,0.9413,4.0399
110.7662,0.9051,3.8791
110.7664,0.9196,3.9431
110.7666,0.9525,4.0807
110.7668,0.9595,4.1105
110.7670,0.9492,4.0682
110.7672,0.9491,4.0658
110.7674,0.9601,4.1169
110.7676,0.981,4.2083
110.7678,0.9669,4.1443
110.7680,0.9789,4.1957
110.7682,0.994,4.2604
110.7684,0.973,4.1724
110.7686,0.9373,4.0192
110.7688,0.9265,3.9766
110.7690,0.8969,3.8549
110.7692,0.8248,3.5468
110.7694,0.7458,3.207
110.7696,0.7392,3.1831
110.7698,0.741,3.1879
110.7700,0.7204,3.1006
110.7702,0.663,2.8534
110.7704,0.6911,2.9761
110.7706,0.6975,3.002
110.7708,0.7087,3.0515
110.7710,0.6979,2.9994
110.7712,0.7939,3.4106
110.7714,0.791,3.3998
110.7716,0.7723,3.3179
110.7718,0.8489,3.6403
110.7720,0.9606,4.1209
110.7722,0.8577,3.6932
110.7724,0.6962,3.0005
110.7726,0.645,2.7773
110.7728,0.6591,2.8356
110.7730,0.7215,3.111
110.7732,0.6024,2.5952
110.7734,0.5977,2.5774
110.7736,0.5958,2.568
110.7738,0.6188,2.6684
110.7740,0.6079,2.6177
110.7742,0.6013,2.5966
110.7744,0.5338,2.3019
110.7746,0.6096,2.6323
110.7748,0.495,2.1353
110.7750,0.4859,2.0941
110.7752,0.6029,2.5936
110.7754,0.6437,2.7716
110.7756,0.6928,2.9847
110.7758,0.6298,2.7155
110.7760,0.5667,2.4424
110.7762,0.5959,2.5661
110.7764,0.6714,2.8909
110.7766,0.6887,2.9644
110.7768,0.665,2.8622
110.7770,0.6314,2.7215
110.7772,0.6094,2.6264
110.7774,0.6596,2.8429
110.7776,0.6425,2.7677
110.7778,0.6338,2.7293
110.7780,0.6372,2.745
110.7782,0.6567,2.8279
110.7784,0.6102,2.63
110.7786,0.5664,2.4436
110.7788,0.559,2.4093
110.7790,0.5987,2.578
110.7792,0.663,2.8547
110.7794,0.6826,2.9394
110.7796,0.6204,2.6727
110.7798,0.5947,2.5598
110.7800,0.5991,2.5843
110.7802,0.4777,2.0628
110.7804,0.4631,1.9987
110.7806,0.4588,1.98
110.7808,0.4607,1.9902
110.7810,0.4636,2.0026
110.7812,0.456,1.969
110.7814,0.457,1.9723
110.7816,0.4523,1.9521
110.7818,0.4535,1.9564
110.7820,0.498,2.1483
110.7822,0.4945,2.1362
110.7824,0.459,1.9829
110.7826,0.455,1.9631
110.7828,0.4576,1.9749
110.7830,0.5416,2.3301
110.7832,0.6911,2.9705
110.7834,0.688,2.9599
110.7836,0.6672,2.8728
110.7838,0.609,2.6236
110.7840,0.5839,2.5168
110.7842,0.5874,2.5318
110.7844,0.5867,2.5275
110.7846,0.6427,2.7636
110.7848,0.7172,3.0824
110.7850,0.7426,3.1931
110.7852,0.7128,3.0638
110.7854,0.7693,3.3066
110.7856,0.7413,3.1845
110.7858,0.7854,3.3835
110.7860,0.6656,2.8648
110.7862,0.6548,2.8209
110.7864,0.5703,2.4579
110.7866,0.5363,2.3138
110.7868,0.5332,2.2982
110.7870,0.5296,2.2848
110.7872,0.5326,2.2978
110.7874,0.5361,2.3117
110.7876,0.5312,2.2915
110.7878,0.5286,2.2802
110.7880,0.5386,2.3204
110.7882,0.6104,2.6274
110.7884,0.6547,2.8178
110.7886,0.6585,2.8304
110.7888,0.715,3.076
110.7890,0.6543,2.8189
110.7892,0.5503,2.3749
110.7894,0.4919,2.1238
110.7896,0.4654,2.0066
110.7898,0.466,2.0101
110.7900,0.4624,1.9946
110.7902,0.4589,1.9787
110.7904,0.4628,1.9958
110.7906,0.4631,1.9977
110.7908,0.4597,1.9842
110.7910,0.458,1.9778
110.7912,0.4377,1.8881
110.7914,0.4648,2.005
110.7916,0.5096,2.1974
110.7918,0.495,2.1343
110.7920,0.4955,2.1364
110.7922,0.497,2.1411
110.7924,0.5283,2.277
110.7926,0.5112,2.2041
110.7928,0.5133,2.2083
110.7930,0.6151,2.6512
110.7932,0.567,2.4439
110.7934,0.569,2.4477
110.7936,0.5907,2.5422
110.7938,0.6083,2.6181
110.7940,0.6152,2.6468
110.7942,0.6248,2.6918
110.7944,0.5387,2.322
110.7946,0.5085,2.1948
110.7948,0.4953,2.1359
110.7950,0.4874,2.1008
110.7952,0.4893,2.11
110.7954,0.5113,2.1995
110.7956,0.6305,2.7148
110.7958,0.5372,2.312
110.7960,0.5527,2.3819
110.7962,0.5616,2.4162
110.7964,0.6004,2.5864
110.7966,0.6071,2.6117
110.7968,0.6293,2.7059
110.7970,0.6651,2.8627
110.7972,0.6919,2.9681
110.7974,0.7747,3.3313
110.7976,0.731,3.1387
110.7978,0.7542,3.2401
110.7980,0.8033,3.4476
110.7982,0.8054,3.4552
110.7984,0.8486,3.6387
110.7986,0.8548,3.6672
110.7988,0.8642,3.7056
110.7990,0.8929,3.8254
110.7992,0.9235,3.9508
110.7994,1.0016,4.2908
110.7996,0.985,4.2179
110.7998,1.0474,4.4786
110.8000,1.0535,4.5048
110.8002,1.0012,4.2933
110.8004,0.9161,3.9319
110.8006,0.8902,3.8171
110.8008,0.8814,3.7831
110.8010,0.8939,3.8367
110.8012,0.8868,3.801
110.8014,0.936,4.0098
110.8016,0.9663,4.1398
110.8018,0.9537,4.0877
110.8020,0.9765,4.1834
110.8022,0.9855,4.2239
110.8024,0.9409,4.0384
110.8026,0.9376,4.0221
110.8028,0.9545,4.0908
110.8030,0.9795,4.1963
110.8032,1.0382,4.4392
110.8034,1.0704,4.5856
110.8036,0.9401,4.0385
110.8038,0.8741,3.7517
110.8040,0.9428,4.041
110.8042,0.9656,4.1444
110.8044,0.8703,3.744
110.8046,0.7878,3.3828
110.8048,0.8039,3.4534
110.8050,0.7891,3.3916
110.8052,0.8302,3.5634
110.8054,0.8718,3.7385
110.8056,0.934,4.0067
110.8058,0.9464,4.0621
110.8060,0.8257,3.5504
110.8062,0.7445,3.2029
110.8064,0.7579,3.2576
110.8066,0.7658,3.2931
110.8068,0.7481,3.2168
110.8070,0.7462,3.2086
110.8072,0.7427,3.1966
110.8074,0.7494,3.2255
110.8076,0.6985,3.0076
110.8078,0.6708,2.8856
110.8080,0.7559,3.2519
110.8082,0.7512,3.2302
110.8084,0.6964,2.996
110.8086,0.7403,3.1863
110.8088,0.701,3.0212
110.8090,0.6585,2.8369
110.8092,0.6585,2.833
110.8094,0.6998,3.0104
110.8096,0.7269,3.1299
110.8098,0.6716,2.8906
110.8100,0.628,2.7065
110.8102,0.5788,2.4981
110.8104,0.5722,2.4673
110.8106,0.5814,2.5071
110.8108,0.5927,2.5545
110.8110,0.5982,2.5795
110.8112,0.5601,2.4173
110.8114,0.4987,2.1514
110.8116,0.4923,2.1249
110.8118,0.5182,2.2346
110.8120,0.6762,2.9075
110.8122,0.7457,3.214
110.8124,0.5515,2.379
110.8126,0.5242,2.2615
110.8128,0.5264,2.2709
110.8130,0.5226,2.2533
110.8132,0.5491,2.3664
110.8134,0.5612,2.4209
110.8136,0.5332,2.3003
110.8138,0.5401,2.3309
110.8140,0.5457,2.352
110.8142,0.5511,2.3763
110.8144,0.5455,2.3531
110.8146,0.5296,2.2848
110.8148,0.5229,2.2538
110.8150,0.5197,2.2419
110.8152,0.5259,2.2709
110.8154,0.5392,2.324
110.8156,0.5748,2.4752
110.8158,0.6446,2.7732
110.8160,0.7284,3.1323
110.8162,0.7476,3.2103
110.8164,0.7476,3.2148
110.8166,0.7461,3.2081
110.8168,0.7476,3.2163
110.8170,0.748,3.2133
110.8172,0.8105,3.4801
110.8174,0.8052,3.4558
110.8176,0.782,3.3596
110.8178,0.8078,3.4688
110.8180,0.831,3.5715
110.8182,0.7943,3.4122
110.8184,0.8272,3.5505
110.8186,0.8495,3.6547
110.8188,0.7897,3.3973
110.8190,0.7295,3.1369
110.8192,0.7127,3.0647
110.8194,0.7741,3.3256
110.8196,0.7913,3.4009
110.8198,0.7468,3.2127
110.8200,0.731,3.146
110.8202,0.7498,3.2271
110.8204,0.6796,2.9265
110.8206,0.6353,2.7367
110.8208,0.6239,2.6877
110.8210,0.6163,2.6539
110.8212,0.6372,2.7412
110.8214,0.6983,3.0015
110.8216,0.7234,3.1077
110.8218,0.7989,3.4323
110.8220,0.8071,3.4721
110.8222,0.7349,3.1631
110.8224,0.6124,2.6405
110.8226,0.5633,2.4268
110.8228,0.6063,2.6105
110.8230,0.6335,2.7315
110.8232,0.6211,2.6745
110.8234,0.6312,2.723
110.8236,0.5494,2.3691
110.8238,0.5777,2.4888
110.8240,0.6,2.5837
110.8242,0.648,2.7889
110.8244,0.6672,2.8701
110.8246,0.7025,3.0223
110.8248,0.6419,2.769
110.8250,0.554,2.3876
110.8252,0.5911,2.5466
110.8254,0.5829,2.5145
110.8256,0.5306,2.29
110.8258,0.5507,2.3748
110.8260,0.5482,2.3628
110.8262,0.4916,2.1248
110.8264,0.4106,1.7728
110.8266,0.4768,2.0548
110.8268,0.5489,2.3692
110.8270,0.4974,2.1477
110.8272,0.4911,2.1207
110.8274,0.4903,2.1142
110.8276,0.4917,2.1223
110.8278,0.4909,2.1177
110.8280,0.4904,2.1137
110.8282,0.4914,2.1198
110.8284,0.4892,2.1115
110.8286,0.5022,2.1634
110.8288,0.5413,2.3339
110.8290,0.4869,2.1016
110.8292,0.4833,2.0871
110.8294,0.4814,2.0778
110.8296,0.4845,2.0894
110.8298,0.4783,2.0615
110.8300,0.4994,2.1535
110.8302,0.5396,2.3245
110.8304,0.6022,2.5906
110.8306,0.6411,2.762
110.8308,0.5807,2.5017
110.8310,0.6113,2.6249
110.8312,0.7308,3.144
110.8314,0.6976,2.9984
110.8316,0.7052,3.0308
110.8318,0.7422,3.1886
110.8320,0.7893,3.3895
110.8322,0.87,3.729
110.8324,0.9521,4.0767
110.8326,0.9413,4.0343
110.8328,0.916,3.9295
110.8330,0.8988,3.8488
110.8332,0.9683,4.1499
110.8334,0.9805,4.2043
110.8336,0.9501,4.0723
110.8338,0.9415,4.0353
110.8340,0.9807,4.2034
110.8342,0.9696,4.1556
110.8344,0.9926,4.2542
110.8346,0.9643,4.1368
110.8348,0.9518,4.0795
110.8350,0.9925,4.2557
110.8352,0.9665,4.148
110.8354,0.9818,4.208
110.8356,0.9462,4.0573
110.8358,0.9253,3.9696
110.8360,0.9358,4.0125
110.8362,0.9805,4.2023
110.8364,0.9926,4.2523
110.8366,0.9699,4.1649
110.8368,0.897,3.8518
110.8370,0.9018,3.8706
110.8372,0.8878,3.814
110.8374,0.7937,3.4096
110.8376,0.8401,3.6106
110.8378,0.8487,3.6443
110.8380,0.8708,3.7391
110.8382,0.8787,3.7713
110.8384,0.9094,3.8994
110.8386,0.9644,4.1354
110.8388,0.9542,4.0993
110.8390,0.8251,3.5495
110.8392,0.7678,3.3014
110.8394,0.7082,3.0508
110.8396,0.6597,2.8408
110.8398,0.7077,3.0445
110.8400,0.744,3.2008
110.8402,0.7209,3.1012
110.8404,0.7256,3.1257
110.8406,0.6307,2.7146
110.8408,0.7088,3.0477
110.8410,0.7157,3.0848
110.8412,0.6281,2.7108
110.8414,0.5919,2.5509
110.8416,0.6408,2.7579
110.8418,0.6953,2.9941
110.8420,0.6278,2.7085
110.8422,0.595,2.5655
110.8424,0.5941,2.5584
110.8426,0.6403,2.7559
110.8428,0.6363,2.7465
110.8430,0.5325,2.2972
110.8432,0.5518,2.3783
110.8434,0.5771,2.4862
110.8436,0.567,2.4473
110.8438,0.5032,2.174
110.8440,0.4325,1.8676
110.8442,0.4253,1.8365
110.8444,0.4754,2.0501
110.8446,0.5616,2.4229
110.8448,0.551,2.3758
110.8450,0.6091,2.6193
110.8452,0.6604,2.8452
110.8454,0.5772,2.4925
110.8456,0.4769,2.0591
110.8458,0.4568,1.9717
110.8460,0.4522,1.9525
110.8462,0.458,1.9788
110.8464,0.4741,2.0453
110.8466,0.5046,2.1777
110.8468,0.4567,1.9731
110.8470,0.4541,1.9617
110.8472,0.4564,1.9697
110.8474,0.4644,2.0006
110.8476,0.5592,2.4115
110.8478,0.4946,2.1358
110.8480,0.4525,1.954
110.8482,0.4518,1.95
110.8484,0.4498,1.9421
110.8486,0.4501,1.9446
110.8488,0.4469,1.9297
110.8490,0.4463,1.9262
110.8492,0.4791,2.0642
110.8494,0.536,2.3101
110.8496,0.5523,2.3804
110.8498,0.5536,2.3883
110.8500,0.5449,2.3494
110.8502,0.5533,2.3845
110.8504,0.5509,2.3731
110.8506,0.5639,2.4316
110.8508,0.5619,2.4217
110.8510,0.55,2.3673
110.8512,0.5995,2.5792
110.8514,0.6915,2.9707
110.8516,0.8173,3.5094
110.8518,0.8022,3.4494
110.8520,0.7397,3.1807
110.8522,0.6983,3.0084
110.8524,0.565,2.4352
110.8526,0.5319,2.2936
110.8528,0.5272,2.2734
110.8530,0.5288,2.2791
110.8532,0.5615,2.419
110.8534,0.5402,2.3303
110.8536,0.5278,2.276
110.8538,0.533,2.2972
110.8540,0.5486,2.3633
110.8542,0.5585,2.4073
110.8544,0.5455,2.352
110.8546,0.5512,2.3746
110.8548,0.5945,2.5611
110.8550,0.6314,2.7177
110.8552,0.6934,2.9817
110.8554,0.6812,2.9278
110.8556,0.6973,3.0024
110.8558,0.6325,2.7249
110.8560,0.6113,2.6322
110.8562,0.6157,2.6513
110.8564,0.6204,2.669
110.8566,0.6559,2.8256
110.8568,0.6176,2.6571
110.8570,0.6592,2.8374
110.8572,0.6439,2.7752
110.8574,0.5826,2.5076
110.8576,0.6173,2.6555
110.8578,0.7192,3.0883
110.8580,0.7696,3.3107
110.8582,0.704,3.0243
110.8584,0.7793,3.3431
110.8586,0.8326,3.587
110.8588,0.6218,2.6801
110.8590,0.5594,2.4109
110.8592,0.5634,2.4296
110.8594,0.465,2.0079
110.8596,0.4113,1.7751
110.8598,0.4693,2.0218
110.8600,0.5632,2.4285
110.8602,0.5265,2.2724
110.8604,0.4959,2.1385
110.8606,0.4905,2.1162
110.8608,0.486,2.0946
110.8610,0.4868,2.0982
110.8612,0.4895,2.1086
110.8614,0.5396,2.3245
110.8616,0.5608,2.4204
110.8618,0.4925,2.1245
110.8620,0.4808,2.0724
110.8622,0.4839,2.0868
110.8624,0.4903,2.1152
110.8626,0.4844,2.0879
110.8628,0.4889,2.106
110.8630,0.5301,2.2816
110.8632,0.6073,2.6139
110.8634,0.6461,2.7781
110.8636,0.6968,2.9934
110.8638,0.7457,3.205
110.8640,0.7029,3.0225
110.8642,0.7087,3.0444
110.8644,0.7573,3.2505
110.8646,0.7691,3.3025
110.8648,0.7764,3.3339
110.8650,0.8113,3.4869
110.8652,0.7741,3.321
110.8654,0.8838,3.7846
110.8656,1.0073,4.3114
110.8658,0.9952,4.2596
110.8660,0.9723,4.1655
110.8662,0.9382,4.0228
110.8664,0.8992,3.8575
110.8666,0.895,3.8377
110.8668,0.906,3.885
110.8670,0.9457,4.0495
110.8672,0.9777,4.1925
110.8674,0.9314,3.994
110.8676,0.9379,4.0161
110.8678,0.9687,4.1539
110.8680,0.8914,3.8276
110.8682,0.907,3.8873
110.8684,0.9386,4.0211
110.8686,0.9335,4.0065
110.8688,0.835,3.584
110.8690,0.8395,3.6013
110.8692,0.8649,3.7138
110.8694,0.8284,3.5573
110.8696,0.8308,3.5693
110.8698,0.7896,3.3952
110.8700,0.7596,3.2648
110.8702,0.7832,3.3663
110.8704,0.7963,3.4225
110.8706,0.8003,3.4363
110.8708,0.7941,3.4101
110.8710,0.7816,3.3544
110.8712,0.8537,3.6642
110.8714,0.9011,3.8621
110.8716,0.948,4.065
110.8718,0.8979,3.859
110.8720,0.7585,3.2678
110.8722,0.6608,2.8454
110.8724,0.6546,2.8186
110.8726,0.6345,2.7324
110.8728,0.6735,2.8988
110.8730,0.7305,3.141
110.8732,0.7395,3.1782
110.8734,0.7613,3.2751
110.8736,0.6988,3.0077
110.8738,0.679,2.9212
110.8740,0.7162,3.084
110.8742,0.6859,2.952
110.8744,0.6811,2.9327
110.8746,0.7027,3.0214
110.8748,0.7383,3.1731
110.8750,0.7521,3.2323
110.8752,0.7907,3.3999
110.8754,0.7718,3.3174
110.8756,0.7338,3.1555
110.8758,0.6857,2.9515
110.8760,0.6951,2.9917
110.8762,0.7003,3.0125
110.8764,0.7331,3.1568
110.8766,0.6766,2.9136
110.8768,0.6236,2.6841
110.8770,0.6138,2.643
110.8772,0.6252,2.6933
110.8774,0.641,2.7602
110.8776,0.7317,3.1447
110.8778,0.7269,3.1256
110.8780,0.7792,3.3488
110.8782,0.8067,3.469
110.8784,0.766,3.2937
110.8786,0.6581,2.8362
110.8788,0.5403,2.3309
110.8790,0.5302,2.2895
110.8792,0.5281,2.2792
110.8794,0.5248,2.262
110.8796,0.5281,2.276
110.8798,0.5305,2.2906
110.8800,0.527,2.2724
110.8802,0.539,2.3241
110.8804,0.5326,2.2967
110.8806,0.5274,2.2761
110.8808,0.527,2.2745
110.8810,0.5265,2.2714
110.8812,0.529,2.278
110.8814,0.6179,2.6544
110.8816,0.7602,3.2674
110.8818,0.713,3.0715
110.8820,0.5981,2.5754
110.8822,0.6439,2.7739
110.8824,0.6467,2.7858
110.8826,0.6415,2.761
110.8828,0.642,2.7644
110.8830,0.6396,2.7541
110.8832,0.6433,2.7675
110.8834,0.6987,3.0044
110.8836,0.725,3.1144
110.8838,0.7595,3.2613
110.8840,0.8348,3.5863
110.8842,0.8376,3.5981
110.8844,0.8199,3.5208
110.8846,0.8055,3.4622
110.8848,0.8474,3.637
110.8850,0.8745,3.755
110.8852,0.7784,3.3473
110.8854,0.7272,3.1315
110.8856,0.6639,2.8628
110.8858,0.6216,2.6778
110.8860,0.6145,2.6449
110.8862,0.6078,2.6197
110.8864,0.6065,2.6128
110.8866,0.6116,2.6337
110.8868,0.6131,2.6424
110.8870,0.6206,2.6737
110.8872,0.611,2.6324
110.8874,0.6051,2.6066
110.8876,0.6396,2.7515
110.8878,0.7031,3.0221
110.8880,0.7467,3.2047
110.8882,0.7991,3.436
110.8884,0.7668,3.2973
110.8886,0.6728,2.8957
110.8888,0.6557,2.8232
110.8890,0.6107,2.6333
110.8892,0.5806,2.5035
110.8894,0.5738,2.4729
110.8896,0.5849,2.5198
110.8898,0.6163,2.6539
110.8900,0.632,2.7203
110.8902,0.6294,2.7139
110.8904,0.544,2.3458
110.8906,0.5179,2.2352
110.8908,0.5236,2.259
110.8910,0.4805,2.0747
110.8912,0.5323,2.293
110.8914,0.5646,2.4359
110.8916,0.4854,2.0959
110.8918,0.4072,1.7583
110.8920,0.4103,1.7751
110.8922,0.3874,1.6737
110.8924,0.445,1.917
110.8926,0.5434,2.3421
110.8928,0.5371,2.3158
110.8930,0.4951,2.1378
110.8932,0.4734,2.0403
110.8934,0.4883,2.1034
110.8936,0.5,2.1581
110.8938,0.4926,2.125
110.8940,0.4841,2.0873
110.8942,0.4853,2.0925
110.8944,0.5015,2.1613
110.8946,0.5592,2.4059
110.8948,0.6344,2.7319
110.8950,0.5546,2.3891
110.8952,0.5288,2.278
110.8954,0.5902,2.5401
110.8956,0.615,2.647
110.8958,0.6114,2.6339
110.8960,0.6055,2.6074
110.8962,0.6571,2.8255
110.8964,0.6807,2.9216
110.8966,0.8175,3.5088
110.8968,0.7878,3.3859
110.8970,0.7688,3.3045
110.8972,0.7253,3.1232
110.8974,0.7016,3.0182
110.8976,0.7405,3.1814
110.8978,0.8101,3.4721
110.8980,0.8759,3.7612
110.8982,0.8559,3.6632
110.8984,0.9816,4.203
110.8986,0.9795,4.1963
110.8988,0.9794,4.1977
110.8990,1.0061,4.3103
110.8992,0.9193,3.9476
110.8994,0.8626,3.6972
110.8996,0.9817,4.2036
110.8998,1.009,4.3125
110.9000,1.1187,4.7882
110.9002,1.0722,4.5912
110.9004,1.0223,4.3817
110.9006,1.041,4.4598
110.9008,1.0126,4.3401
110.9010,0.9783,4.1892
110.9012,1.0778,4.6132
110.9014,1.1039,4.7223
110.9016,1.0741,4.6037
110.9018,0.9729,4.1739
110.9020,0.9446,4.0525
110.9022,0.9461,4.0605
110.9024,0.86,3.6927
110.9026,0.897,3.85
110.9028,0.9058,3.8858
110.9030,0.9366,4.0161
110.9032,0.9241,3.9682
110.9034,0.9113,3.9113
110.9036,0.9729,4.17
110.9038,0.9758,4.1882
110.9040,0.8849,3.8016
110.9042,0.825,3.544
110.9044,0.8585,3.6866
110.9046,0.8542,3.6697
110.9048,0.8494,3.6457
110.9050,0.8583,3.6958
110.9052,0.677,2.9192
110.9054,0.6203,2.6722
110.9056,0.6493,2.7972
110.9058,0.648,2.7928
110.9060,0.6745,2.9043
110.9062,0.6648,2.8638
110.9064,0.6576,2.8354
110.9066,0.5983,2.5812
110.9068,0.5375,2.3211
110.9070,0.5061,2.1834
110.9072,0.5577,2.4036
110.9074,0.5794,2.496
110.9076,0.6204,2.6714
110.9078,0.6403,2.7546
110.9080,0.6628,2.8582
110.9082,0.5938,2.5616
110.9084,0.6016,2.5928
110.9086,0.6116,2.6362
110.9088,0.5718,2.468
110.9090,0.5142,2.2191
110.9092,0.5055,2.1819
110.9094,0.488,2.1063
110.9096,0.4785,2.0664
110.9098,0.4909,2.1197
110.9100,0.4887,2.1104
110.9102,0.4963,2.141
110.9104,0.5004,2.1596
110.9106,0.4759,2.0569
110.9108,0.4173,1.801
110.9110,0.4825,2.0815
110.9112,0.4902,2.1146
110.9114,0.463,2.0009
110.9116,0.4483,1.9377
110.9118,0.4413,1.9062
110.9120,0.4402,1.8998
110.9122,0.4443,1.9192
110.9124,0.4519,1.9487
110.9126,0.4818,2.0794
110.9128,0.4361,1.8831
110.9130,0.4409,1.9038
110.9132,0.4523,1.9512
110.9134,0.461,1.9917
110.9136,0.4432,1.9154
110.9138,0.4366,1.8834
110.9140,0.4325,1.8676
110.9142,0.4447,1.9204
110.9144,0.4613,1.9881
110.9146,0.4807,2.0728
110.9148,0.4753,2.0486
110.9150,0.5281,2.2739
110.9152,0.6362,2.7396
110.9154,0.6519,2.8059
110.9156,0.6679,2.8719
110.9158,0.6693,2.8794
110.9160,0.6628,2.8516
110.9162,0.6619,2.8474
110.9164,0.6765,2.9077
110.9166,0.6964,2.9932
110.9168,0.7078,3.0436
110.9170,0.7919,3.405
110.9172,0.7768,3.3385
110.9174,0.7163,3.0788
110.9176,0.7155,3.078
110.9178,0.7006,3.0141
110.9180,0.7073,3.0415
110.9182,0.6668,2.8713
110.9184,0.6549,2.8201
110.9186,0.7105,3.0592
110.9188,0.6488,2.7925
110.9190,0.6628,2.8529
110.9192,0.6489,2.7943
110.9194,0.6656,2.8621
110.9196,0.6787,2.9183
110.9198,0.6869,2.958
110.9200,0.5979,2.5792
110.9202,0.5437,2.3443
110.9204,0.5386,2.3215
110.9206,0.5818,2.5064
110.9208,0.6337,2.7249
110.9210,0.6929,2.9797
110.9212,0.6512,2.8067
110.9214,0.577,2.4857
110.9216,0.5741,2.4733
110.9218,0.5439,2.3475
110.9220,0.4524,1.9517
110.9222,0.5184,2.2331
110.9224,0.5656,2.4389
110.9226,0.5302,2.2842
110.9228,0.5778,2.4881
110.9230,0.6104,2.6286
110.9232,0.6053,2.6124
110.9234,0.5241,2.2589
110.9236,0.5836,2.5094
110.9238,0.6616,2.8491
110.9240,0.5781,2.4938
110.9242,0.5146,2.216
110.9244,0.5735,2.4684
110.9246,0.6133,2.6398
110.9248,0.6302,2.7113
110.9250,0.5981,2.5826
110.9252,0.4548,1.9602
110.9254,0.5343,2.305
110.9256,0.5029,2.1675
110.9258,0.5025,2.1669
110.9260,0.5037,2.1681
110.9262,0.5435,2.3437
110.9264,0.4965,2.143
110.9266,0.4905,2.1152
110.9268,0.4905,2.1152
110.9270,0.4892,2.1095
110.9272,0.4919,2.1229
110.9274,0.4914,2.1178
110.9276,0.4895,2.1066
110.9278,0.5594,2.4098
110.9280,0.5632,2.4285
110.9282,0.494,2.1302
110.9284,0.4849,2.0909
110.9286,0.4805,2.0727
110.9288,0.4865,2.0976
110.9290,0.4909,2.1148
110.9292,0.5142,2.216
110.9294,0.5589,2.4054
110.9296,0.6283,2.7043
110.9298,0.5799,2.4969
110.9300,0.5788,2.4911
110.9302,0.6736,2.898
110.9304,0.7005,3.0093
110.9306,0.7107,3.0545
110.9308,0.7594,3.2623
110.9310,0.7325,3.1498
110.9312,0.739,3.1717
110.9314,0.842,3.602
110.9316,0.9782,4.1848
110.9318,1.0137,4.3427
110.9320,0.9883,4.2338
110.9322,0.9539,4.0883
110.9324,0.9111,3.9048
110.9326,0.9078,3.8945
110.9328,0.8479,3.6339
110.9330,0.9006,3.8565
110.9332,0.9555,4.0954
110.9334,0.9588,4.1112
110.9336,0.9623,4.1281
110.9338,0.869,3.7261
110.9340,0.8819,3.7781
110.9342,0.9445,4.0425
110.9344,0.9481,4.0693
110.9346,0.8708,3.7338
110.9348,0.9286,3.9798
110.9350,0.944,4.0442
110.9352,0.9483,4.0608
110.9354,0.9933,4.2573
110.9356,0.954,4.0964
110.9358,0.89,3.8214
110.9360,0.8991,3.8516
110.9362,0.9434,4.0454
110.9364,0.9332,4.0055
110.9366,0.9103,3.9072
110.9368,0.9331,3.9993
110.9370,0.966,4.144
110.9372,0.9293,3.994
110.9374,0.7748,3.3318
110.9376,0.7613,3.2751
110.9378,0.7541,3.2471
110.9380,0.6691,2.8811
110.9382,0.6539,2.8155
110.9384,0.6533,2.8129
110.9386,0.6925,2.979
110.9388,0.7263,3.123
110.9390,0.7451,3.2039
110.9392,0.7137,3.0717
110.9394,0.7397,3.1837
110.9396,0.748,3.2133
110.9398,0.7663,3.2906
110.9400,0.8054,3.4617
110.9402,0.7308,3.1455
110.9404,0.721,3.1018
110.9406,0.6896,2.9707
110.9408,0.6419,2.7626
110.9410,0.6202,2.6754
110.9412,0.5696,2.4582
110.9414,0.5661,2.4398
110.9416,0.5699,2.4552
110.9418,0.615,2.6494
110.9420,0.6473,2.7871
110.9422,0.6572,2.83
110.9424,0.6524,2.8093
110.9426,0.6233,2.6838
110.9428,0.6445,2.7804
110.9430,0.5883,2.5354
110.9432,0.6274,2.7014
110.9434,0.6465,2.7814
110.9436,0.6416,2.7628
110.9438,0.6751,2.9028
110.9440,0.7124,3.0675
110.9442,0.6679,2.8772
110.9444,0.6212,2.6775
110.9446,0.5792,2.4961
110.9448,0.5769,2.4875
110.9450,0.5736,2.4747
110.9452,0.5639,2.4328
110.9454,0.4951,2.1349
110.9456,0.4875,2.1033
110.9458,0.4871,2.1012
110.9460,0.4866,2.1011
110.9462,0.5098,2.1985
110.9464,0.5851,2.5232
110.9466,0.5262,2.2677
110.9468,0.5239,2.26
110.9470,0.5259,2.2656
110.9472,0.6281,2.7007
110.9474,0.6774,2.918
110.9476,0.5718,2.4646
110.9478,0.6292,2.7079
110.9480,0.6741,2.9014
110.9482,0.6444,2.7734
110.9484,0.6379,2.7455
110.9486,0.6349,2.7314
110.9488,0.6414,2.7605
110.9490,0.6411,2.7608
110.9492,0.6477,2.7879
110.9494,0.7029,3.0168
110.9496,0.8164,3.5075
110.9498,0.8063,3.4701
110.9500,0.6892,2.9692
110.9502,0.6245,2.6877
110.9504,0.6345,2.726
110.9506,0.7668,3.2927
110.9508,0.7341,3.1624
110.9510,0.6193,2.668
110.9512,0.611,2.6324
110.9514,0.6094,2.6252
110.9516,0.6101,2.6283
110.9518,0.6079,2.619
110.9520,0.6072,2.6122
110.9522,0.6475,2.7881
110.9524,0.608,2.6183
110.9526,0.6109,2.6331
110.9528,0.6206,2.6737
110.9530,0.6269,2.6993
110.9532,0.6114,2.6364
110.9534,0.5893,2.5354
110.9536,0.6897,2.9671
110.9538,0.6965,2.9923
110.9540,0.7485,3.2139
110.9542,0.7181,3.0908
110.9544,0.6901,2.9687
110.9546,0.7095,3.0494
110.9548,0.7058,3.0362
110.9550,0.6885,2.962
110.9552,0.6921,2.9774
110.9554,0.6951,2.9875
110.9556,0.7527,3.2364
110.9558,0.7708,3.3127
110.9560,0.7266,3.1202
110.9562,0.7631,3.2843
110.9564,0.7049,3.0326
110.9566,0.6836,2.9408
110.9568,0.6063,2.6117
110.9570,0.5982,2.5747
110.9572,0.6637,2.8499
110.9574,0.7142,3.0766
110.9576,0.6616,2.8517
110.9578,0.6236,2.6829
110.9580,0.7127,3.0662
110.9582,0.6581,2.8362
110.9584,0.6043,2.6035
110.9586,0.6112,2.6268
110.9588,0.7057,3.0371
110.9590,0.6336,2.7282
110.9592,0.5998,2.5826
110.9594,0.6107,2.6308
110.9596,0.5862,2.5313
110.9598,0.4946,2.1328
110.9600,0.4853,2.0934
110.9602,0.4854,2.0949
110.9604,0.4975,2.1432
110.9606,0.5881,2.5337
110.9608,0.5688,2.454
110.9610,0.4965,2.1411
110.9612,0.4826,2.083
110.9614,0.4795,2.0705
110.9616,0.478,2.0609
110.9618,0.483,2.0836
110.9620,0.4848,2.0914
110.9622,0.4967,2.1396
110.9624,0.5248,2.262
110.9626,0.5685,2.4479
110.9628,0.6329,2.7239
110.9630,0.6422,2.7628
110.9632,0.6987,3.0002
110.9634,0.8051,3.4569
110.9636,0.8146,3.4997
110.9638,0.7771,3.3338
110.9640,0.8178,3.5131
110.9642,0.7603,3.2694
110.9644,0.7905,3.3915
110.9646,0.9245,3.9605
110.9648,0.9831,4.2156
110.9650,0.9937,4.2569
110.9652,0.9949,4.26
110.9654,0.9859,4.2235
110.9656,0.9326,4.0029
110.9658,0.9269,3.9726
110.9660,0.9623,4.1242
110.9662,0.9614,4.1206
110.9664,0.9582,4.1087
110.9666,0.9804,4.2018
110.9668,0.9651,4.1366
110.9670,0.959,4.1084
110.9672,0.981,4.2024
110.9674,1.0049,4.3092
110.9676,0.9974,4.2668
110.9678,1.0828,4.6342
110.9680,1.0804,4.6283
110.9682,1.0272,4.3946
110.9684,1.0736,4.6081
110.9686,0.953,4.0904
110.9688,0.8667,3.7302
110.9690,0.7836,3.3695
110.9692,0.8486,3.6421
110.9694,0.8498,3.6473
110.9696,0.7968,3.4294
110.9698,0.7561,3.2544
110.9700,0.7222,3.1069
110.9702,0.7348,3.1625
110.9704,0.7579,3.2591
110.9706,0.7762,3.3406
110.9708,0.6733,2.9018
110.9710,0.6175,2.6652
110.9712,0.5847,2.5176
110.9714,0.6204,2.6752
110.9716,0.5934,2.5565
110.9718,0.5782,2.4943
110.9720,0.5566,2.4023
110.9722,0.5545,2.3908
110.9724,0.6084,2.6186
110.9726,0.6892,2.9692
110.9728,0.6311,2.7212
110.9730,0.592,2.5514
110.9732,0.6322,2.7195
110.9734,0.7046,3.0325
110.9736,0.7115,3.061
110.9738,0.6807,2.9298
110.9740,0.6902,2.9719
110.9742,0.6554,2.8261
110.9744,0.5923,2.5518
110.9746,0.6106,2.6291
110.9748,0.6528,2.8095
110.9750,0.6127,2.6445
110.9752,0.5499,2.3711
110.9754,0.6015,2.5947
110.9756,0.5721,2.4668
110.9758,0.635,2.7357
110.9760,0.6338,2.7318
110.9762,0.5645,2.4342
110.9764,0.5674,2.4455
110.9766,0.5694,2.4543
110.9768,0.5832,2.5149
110.9770,0.6354,2.7373
110.9772,0.6139,2.6472
110.9774,0.5353,2.3113
110.9776,0.503,2.17
110.9778,0.591,2.5485
110.9780,0.5335,2.3035
110.9782,0.4577,1.9754
110.9784,0.4554,1.9664
110.9786,0.4618,1.993
110.9788,0.5333,2.2977
110.9790,0.5583,2.4096
110.9792,0.4678,2.0188
110.9794,0.4471,1.9307
110.9796,0.4486,1.9378
110.9798,0.4439,1.9185
110.9800,0.4499,1.9408
110.9802,0.4483,1.935
110.9804,0.4477,1.9342
110.9806,0.4566,1.9716
110.9808,0.5064,2.1824
110.9810,0.5409,2.3313
110.9812,0.5583,2.4073
110.9814,0.5539,2.386
110.9816,0.5492,2.3669
110.9818,0.5521,2.3793
110.9820,0.556,2.3975
110.9822,0.5571,2.3999
110.9824,0.5613,2.4191
110.9826,0.5578,2.4053
110.9828,0.562,2.4211
110.9830,0.5881,2.5302
110.9832,0.6908,2.9648
110.9834,0.7807,3.3524
110.9836,0.7967,3.4193
110.9838,0.8191,3.5204
110.9840,0.7112,3.0623
110.9842,0.5927,2.5569
110.9844,0.5395,2.3262
110.9846,0.5389,2.3203
110.9848,0.5866,2.5247
110.9850,0.6333,2.7272
110.9852,0.63,2.7077
110.9854,0.6672,2.8701
110.9856,0.6477,2.7853
110.9858,0.7314,3.1481
110.9860,0.7331,3.1553
110.9862,0.6298,2.7117
110.9864,0.5546,2.3913
110.9866,0.5462,2.3529
110.9868,0.5952,2.5618
110.9870,0.6884,2.9628
110.9872,0.6674,2.8725
110.9874,0.6263,2.7018
110.9876,0.5762,2.4798
110.9878,0.6071,2.6166
110.9880,0.5041,2.1746
110.9882,0.4612,1.9913
110.9884,0.4594,1.9826
110.9886,0.4474,1.9291
110.9888,0.4881,2.1049
110.9890,0.5784,2.4919
110.9892,0.6082,2.6163
110.9894,0.6041,2.6036
110.9896,0.5675,2.4483
110.9898,0.5097,2.1969
110.9900,0.5004,2.1556
110.9902,0.5126,2.2083
110.9904,0.5501,2.3722
110.9906,0.5432,2.3433
110.9908,0.5298,2.2843
110.9910,0.5118,2.2047
110.9912,0.5489,2.3626
110.9914,0.6157,2.655
110.9916,0.5102,2.199
110.9918,0.4991,2.1499
110.9920,0.509,2.1959
110.9922,0.4789,2.067
110.9924,0.4847,2.0889
110.9926,0.4975,2.1442
110.9928,0.4971,2.1446
110.9930,0.483,2.0836
110.9932,0.4726,2.0377
110.9934,0.4734,2.0413
110.9936,0.4802,2.0707
110.9938,0.528,2.2723
110.9940,0.5931,2.5537
110.9942,0.5112,2.2031
110.9944,0.5355,2.307
110.9946,0.6072,2.6098
110.9948,0.6444,2.7734
110.9950,0.6209,2.6723
110.9952,0.6268,2.6963
110.9954,0.6438,2.7644
110.9956,0.6905,2.9707
110.9958,0.7017,3.0145
110.9960,0.8361,3.5886
110.9962,0.787,3.3823
110.9964,0.7667,3.2937
110.9966,0.7926,3.4018
110.9968,0.8284,3.5523
110.9970,0.8205,3.5184
110.9972,0.8386,3.6011
110.9974,0.8314,3.5702
110.9976,0.8463,3.6306
110.9978,0.8754,3.7556
110.9980,0.8859,3.8022
110.9982,0.8867,3.8005
110.9984,0.9362,4.009
110.9986,0.973,4.1666
110.9988,0.9724,4.1679
110.9990,0.9799,4.1998
110.9992,1.0043,4.3046
110.9994,0.9828,4.2082
110.9996,0.9579,4.1057
110.9998,0.9487,4.0662
111.0000,0.9489,4.0653
111.0002,0.8793,3.7721
111.0004,0.9052,3.885
111.0006,0.8831,3.7886
111.0008,0.8795,3.7749
111.0010,0.8411,3.6136
111.0012,0.7847,3.371
111.0014,0.8018,3.4414
111.0016,0.8247,3.5381
111.0018,0.8228,3.5282
111.0020,0.9011,3.8657
111.0022,0.8934,3.8417
111.0024,0.8227,3.5326
111.0026,0.8003,3.4379
111.0028,0.8388,3.5966
111.0030,0.942,4.0411
111.0032,0.87,3.7325
111.0034,0.9039,3.8848
111.0036,0.8388,3.6066
111.0038,0.8354,3.5922
111.0040,0.7708,3.3127
111.0042,0.7545,3.2487
111.0044,0.6955,2.9905
111.0046,0.7413,3.1845
111.0048,0.78,3.3524
111.0050,0.7408,3.1883
111.0052,0.7356,3.1632
111.0054,0.7588,3.2627
111.0056,0.7668,3.3003
111.0058,0.6563,2.8271
111.0060,0.5989,2.579
111.0062,0.6178,2.6626
111.0064,0.5801,2.5014
111.0066,0.5814,2.506
111.0068,0.5988,2.5809
111.0070,0.6254,2.6931
111.0072,0.6579,2.8304
111.0074,0.7214,3.1019
111.0076,0.7193,3.096
111.0078,0.6381,2.7491
111.0080,0.5993,2.583
111.0082,0.65,2.8029
111.0084,0.6179,2.6594
111.0086,0.6253,2.6964
111.0088,0.5752,2.4802
111.0090,0.5726,2.4666
111.0092,0.6077,2.6191
111.0094,0.5796,2.4971
111.0096,0.6095,2.6257
111.0098,0.5838,2.5163
111.0100,0.5764,2.4854
111.0102,0.5844,2.5189
111.0104,0.5631,2.4291
111.0106,0.4878,2.1053
111.0108,0.5006,2.1596
111.0110,0.5333,2.3009
111.0112,0.5193,2.2393
111.0114,0.5166,2.2264
111.0116,0.5248,2.2641
111.0118,0.5257,2.2678
111.0120,0.5609,2.4176
111.0122,0.5136,2.2145
111.0124,0.5125,2.2098
111.0126,0.5373,2.3179
111.0128,0.5357,2.3091
111.0130,0.5301,2.2837
111.0132,0.514,2.2176
111.0134,0.5134,2.214
111.0136,0.5578,2.403
111.0138,0.6063,2.6105
111.0140,0.6322,2.722
111.0142,0.6191,2.6645
111.0144,0.6763,2.908
111.0146,0.7347,3.1561
111.0148,0.7371,3.1664
111.0150,0.7452,3.203
111.0152,0.7401,3.1838
111.0154,0.7533,3.239
111.0156,0.8033,3.4444
111.0158,0.9003,3.8585
111.0160,0.926,3.969
111.0162,0.8756,3.7579
111.0164,0.8085,3.4735
111.0166,0.8003,3.4395
111.0168,0.7988,3.4333
111.0170,0.7946,3.4169
111.0172,0.7786,3.3462
111.0174,0.7891,3.3916
111.0176,0.7241,3.1152
111.0178,0.7186,3.0914
111.0180,0.7304,3.142
111.0182,0.7276,3.1345
111.0184,0.6366,2.7411
111.0186,0.6247,2.6925
111.0188,0.6162,2.6558
111.0190,0.621,2.674
111.0192,0.6337,2.7275
111.0194,0.6667,2.8694
111.0196,0.6618,2.843
111.0198,0.6973,3.0024
111.0200,0.5766,2.4841
111.0202,0.6507,2.7995
111.0204,0.7452,3.2059
111.0206,0.7018,3.0178
111.0208,0.6652,2.8659
111.0210,0.6567,2.8279
111.0212,0.5866,2.5282
111.0214,0.5344,2.3044
111.0216,0.5241,2.2621
111.0218,0.5398,2.3288
111.0220,0.5893,2.5377
111.0222,0.6386,2.7512
111.0224,0.5836,2.5141
111.0226,0.5899,2.5403
111.0228,0.6124,2.6368
111.0230,0.5855,2.5212
111.0232,0.6449,2.7729
111.0234,0.7316,3.1457
111.0236,0.7468,3.2141
111.0238,0.6682,2.8801
111.0240,0.6071,2.6141
111.0242,0.6058,2.6097
111.0244,0.5977,2.5727
111.0246,0.6935,2.9822
111.0248,0.7352,3.1626
111.0250,0.6909,2.9737
111.0252,0.6889,2.9676
111.0254,0.5965,2.5723
111.0256,0.5181,2.2331
111.0258,0.5272,2.2713
111.0260,0.5632,2.4297
111.0262,0.5052,2.1793
111.0264,0.5012,2.1632
111.0266,0.5011,2.1627
111.0268,0.4992,2.1524
111.0270,0.5016,2.1648
111.0272,0.4979,2.1477
111.0274,0.5411,2.3334
111.0276,0.5003,2.1581
111.0278,0.476,2.0536
111.0280,0.4787,2.065
111.0282,0.4771,2.0563
111.0284,0.4862,2.0985
111.0286,0.486,2.0975
111.0288,0.4935,2.1271
111.0290,0.5306,2.2858
111.0292,0.588,2.5309
111.0294,0.6227,2.6775
111.0296,0.6551,2.8141
111.0298,0.7173,3.0843
111.0300,0.703,3.0216
111.0302,0.75,3.2251
111.0304,0.7663,3.2952
111.0306,0.7865,3.374
111.0308,0.8123,3.4894
111.0310,0.7858,3.374
111.0312,0.8069,3.4646
111.0314,0.8286,3.5529
111.0316,0.8982,3.8498
111.0318,0.9138,3.9221
111.0320,0.898,3.8506
111.0322,0.9695,4.1512
111.0324,0.9975,4.2733
111.0326,0.9476,4.0615
111.0328,0.9849,4.2174
111.0330,0.9853,4.2229
111.0332,0.938,4.0298
111.0334,0.8896,3.8146
111.0336,0.9069,3.8868
111.0338,0.9513,4.0832
111.0340,0.8804,3.7803
111.0342,0.8148,3.4986
111.0344,0.879,3.7711
111.0346,0.9115,3.9068
111.0348,0.9239,3.9672
111.0350,0.9206,3.9477
111.0352,0.9704,4.1572
111.0354,0.9897,4.2439
111.0356,0.9395,4.0303
111.0358,0.9306,3.9904
111.0360,0.9647,4.1384
111.0362,0.9503,4.0633
111.0364,1.0999,4.7142
111.0366,0.9565,4.1091
111.0368,0.8554,3.6715
111.0370,0.8727,3.7508
111.0372,0.8197,3.5246
111.0374,0.7998,3.4343
111.0376,0.8318,3.5717
111.0378,0.8125,3.4953
111.0380,0.7932,3.4107
111.0382,0.7937,3.4096
111.0384,0.7792,3.3504
111.0386,0.7842,3.3767
111.0388,0.6947,2.9888
111.0390,0.7107,3.0588
111.0392,0.7403,3.1848
111.0394,0.681,2.9322
111.0396,0.6435,2.7724
111.0398,0.6986,3.0067
111.0400,0.7582,3.2601
111.0402,0.7648,3.2916
111.0404,0.6645,2.8614
111.0406,0.6679,2.8786
111.0408,0.6176,2.6633
111.0410,0.5664,2.4448
111.0412,0.5482,2.3617
111.0414,0.6116,2.6386
111.0416,0.5369,2.3196
111.0418,0.5427,2.339
111.0420,0.5555,2.3999
111.0422,0.4926,2.127
111.0424,0.4745,2.0478
111.0426,0.483,2.0846
111.0428,0.4914,2.1218
111.0430,0.4982,2.1493
111.0432,0.5023,2.1679
111.0434,0.51,2.2
111.0436,0.5831,2.5109
111.0438,0.5999,2.5868
111.0440,0.5256,2.2683
111.0442,0.4776,2.0622
111.0444,0.4564,1.9706
111.0446,0.4497,1.9425
111.0448,0.4619,1.9944
111.0450,0.511,2.2036
111.0452,0.5332,2.2993
111.0454,0.5487,2.3649
111.0456,0.5663,2.442
111.0458,0.5577,2.4025
111.0460,0.5842,2.519
111.0462,0.4836,2.0852
111.0464,0.4705,2.0317
111.0466,0.4661,2.0135
111.0468,0.4686,2.0215
111.0470,0.4812,2.0749
111.0472,0.5469,2.3582
111.0474,0.5666,2.443
111.0476,0.5613,2.4191
111.0478,0.544,2.3458
111.0480,0.5501,2.3722
111.0482,0.5482,2.3617
111.0484,0.5516,2.3784
111.0486,0.556,2.3975
111.0488,0.554,2.3887
111.0490,0.5626,2.4214
111.0492,0.6137,2.6401
111.0494,0.6808,2.9276
111.0496,0.7305,3.1381
111.0498,0.823,3.5341
111.0500,0.7603,3.2709
111.0502,0.7003,3.0153
111.0504,0.6326,2.7279
111.0506,0.5361,2.3128
111.0508,0.5167,2.229
111.0510,0.5154,2.2212
111.0512,0.512,2.2088
111.0514,0.5131,2.2124
111.0516,0.5175,2.2305
111.0518,0.5531,2.3862
111.0520,0.5116,2.2062
111.0522,0.5116,2.2052
111.0524,0.5257,2.2667
111.0526,0.5301,2.2869
111.0528,0.5264,2.2677
111.0530,0.5218,2.2502
111.0532,0.5084,2.1933
111.0534,0.5185,2.2357
111.0536,0.5389,2.3214
111.0538,0.6082,2.62
111.0540,0.6524,2.8041
111.0542,0.6962,2.9922
111.0544,0.672,2.8921
111.0546,0.6326,2.719
111.0548,0.619,2.6652
111.0550,0.5932,2.5531
111.0552,0.6137,2.6462
111.0554,0.5367,2.3132
111.0556,0.5271,2.2719
111.0558,0.5357,2.3069
111.0560,0.6235,2.6811
111.0562,0.6596,2.8376
111.0564,0.6712,2.8836
111.0566,0.6955,2.9974
111.0568,0.6145,2.6449
111.0570,0.6688,2.876
111.0572,0.6569,2.8271
111.0574,0.6197,2.6683
111.0576,0.6286,2.7015
111.0578,0.7115,3.0582
111.0580,0.7218,3.1054
111.0582,0.6765,2.9131
111.0584,0.635,2.7357
111.0586,0.6634,2.8581
111.0588,0.5688,2.4517
111.0590,0.5194,2.2398
111.0592,0.507,2.1871
111.0594,0.4979,2.1477
111.0596,0.4968,2.1391
111.0598,0.5444,2.343
111.0600,0.5953,2.5659
111.0602,0.5685,2.4501
111.0604,0.5235,2.2574
111.0606,0.4865,2.0986
111.0608,0.4825,2.0815
111.0610,0.4801,2.0693
111.0612,0.4794,2.0662
111.0614,0.4818,2.0784
111.0616,0.4843,2.0893
111.0618,0.4833,2.0841
111.0620,0.4982,2.1463
111.0622,0.5347,2.3044
111.0624,0.5897,2.538
111.0626,0.6107,2.6283
111.0628,0.5776,2.4848
111.0630,0.6014,2.585
111.0632,0.7094,3.0488
111.0634,0.7295,3.1296
111.0636,0.8103,3.4763
111.0638,0.8586,3.6818
111.0640,0.8568,3.6793
111.0642,0.8283,3.5518
111.0644,0.9399,4.021
111.0646,0.9909,4.241
111.0648,0.9588,4.1073
111.0650,0.9547,4.0937
111.0652,0.9691,4.1515
111.0654,0.9562,4.0965
111.0656,0.967,4.1408
111.0658,0.957,4.1015
111.0660,0.9544,4.085
111.0662,0.9956,4.261
111.0664,0.9908,4.2445
111.0666,0.9737,4.1774
111.0668,0.9217,3.9578
111.0670,0.8897,3.8204
111.0672,0.8506,3.6525
111.0674,0.807,3.4667
111.0676,0.8306,3.5682
111.0678,0.8429,3.6179
111.0680,0.8395,3.6063
111.0682,0.8272,3.5554
111.0684,0.818,3.5125
111.0686,0.8233,3.5318
111.0688,0.8392,3.6053
111.0690,0.8465,3.635
111.0692,0.808,3.4713
111.0694,0.8088,3.4728
111.0696,0.8287,3.5616
111.0698,0.8184,3.5189
111.0700,0.808,3.4697
111.0702,0.8369,3.5972
111.0704,0.7379,3.1759
111.0706,0.7116,3.0615
111.0708,0.6969,2.9966
111.0710,0.716,3.0843
111.0712,0.6655,2.8669
111.0714,0.6414,2.7617
111.0716,0.6688,2.8746
111.0718,0.7594,3.2668
111.0720,0.7433,3.1976
111.0722,0.7289,3.1387
111.0724,0.6448,2.7754
111.0726,0.6538,2.8141
111.0728,0.6472,2.7883
111.0730,0.6578,2.8298
111.0732,0.7224,3.1035
111.0734,0.7532,3.2405
111.0736,0.7243,3.1205
111.0738,0.6222,2.6816
111.0740,0.5794,2.4948
111.0742,0.6354,2.7334
111.0744,0.6789,2.9247
111.0746,0.6793,2.9235
111.0748,0.6772,2.9148
111.0750,0.6657,2.8639
111.0752,0.6669,2.8717
111.0754,0.6183,2.6651
111.0756,0.5839,2.5144
111.0758,0.6097,2.6254
111.0760,0.6227,2.6824
111.0762,0.5975,2.574
111.0764,0.5747,2.4758
111.0766,0.6531,2.8097
111.0768,0.7224,3.105
111.0770,0.7288,3.1323
111.0772,0.7279,3.1345
111.0774,0.6698,2.8841
111.0776,0.6436,2.7703
111.0778,0.6446,2.7757
111.0780,0.673,2.9021
111.0782,0.563,2.4263
111.0784,0.533,2.2982
111.0786,0.5324,2.2956
111.0788,0.5429,2.3389
111.0790,0.5402,2.3281
111.0792,0.5396,2.3277
111.0794,0.5355,2.3091
111.0796,0.5359,2.3106
111.0798,0.5357,2.3101
111.0800,0.6305,2.7122
111.0802,0.7032,3.0239
111.0804,0.6999,3.0123
111.0806,0.6625,2.8539
111.0808,0.6348,2.7346
111.0810,0.6341,2.7302
111.0812,0.6333,2.7259
111.0814,0.6367,2.7429
111.0816,0.6577,2.8306
111.0818,0.7589,3.2571
111.0820,0.7649,3.2874
111.0822,0.7186,3.0899
111.0824,0.7173,3.0871
111.0826,0.6781,2.9197
111.0828,0.6203,2.6696
111.0830,0.6132,2.6404
111.0832,0.6162,2.6533
111.0834,0.6544,2.8167
111.0836,0.6577,2.8306
111.0838,0.6293,2.7071
111.0840,0.6878,2.9561
111.0842,0.7163,3.0801
111.0844,0.7437,3.2007
111.0846,0.695,2.9953
111.0848,0.6239,2.6851
111.0850,0.6175,2.6578
111.0852,0.6122,2.6375
111.0854,0.6215,2.6736
111.0856,0.6662,2.8646
111.0858,0.6529,2.81
111.0860,0.679,2.9211
111.0862,0.6976,3.0025
111.0864,0.6663,2.8731
111.0866,0.6197,2.6621
111.0868,0.7338,3.151
111.0870,0.7267,3.1265
111.0872,0.6793,2.9235
111.0874,0.6408,2.7617
111.0876,0.6289,2.7106
111.0878,0.6317,2.7187
111.0880,0.6006,2.5886
111.0882,0.5835,2.5147
111.0884,0.6071,2.6141
111.0886,0.5818,2.504
111.0888,0.5869,2.5285
111.0890,0.5832,2.5125
111.0892,0.5801,2.4991
111.0894,0.6446,2.7757
111.0896,0.6149,2.6476
111.0898,0.588,2.532
111.0900,0.5946,2.5616
111.0902,0.5921,2.5472
111.0904,0.6517,2.8009
111.0906,0.6517,2.8035
111.0908,0.6149,2.6513
111.0910,0.5885,2.5364
111.0912,0.6102,2.6251
111.0914,0.6426,2.7682
111.0916,0.5571,2.4043
111.0918,0.5053,2.1788
111.0920,0.5011,2.1607
111.0922,0.5319,2.2946
111.0924,0.5072,2.1901
111.0926,0.5058,2.1808
111.0928,0.5622,2.4244
111.0930,0.4892,2.1085
111.0932,0.5564,2.3979
111.0934,0.5164,2.2279
111.0936,0.4898,2.1121
111.0938,0.5011,2.1597
111.0940,0.5722,2.4627
111.0942,0.6059,2.6101
111.0944,0.6026,2.595
111.0946,0.6038,2.6001
111.0948,0.6072,2.6134
111.0950,0.6337,2.7274
111.0952,0.5909,2.5432
111.0954,0.6442,2.7703
111.0956,0.7285,3.1313
111.0958,0.7047,3.0301
111.0960,0.6868,2.9547
111.0962,0.6877,2.9583
111.0964,0.7293,3.1315
111.0966,0.8259,3.5415
111.0968,0.8537,3.6625
111.0970,0.8278,3.5514
111.0972,0.8301,3.5595
111.0974,0.8698,3.7366
111.0976,0.8074,3.4655
111.0978,0.8668,3.7133
111.0980,0.9595,4.1123
111.0982,0.971,4.1597
111.0984,0.951,4.072
111.0986,0.9344,4.0105
111.0988,0.9291,3.9823
111.0990,0.965,4.136
111.0992,0.964,4.1319
111.0994,0.9362,4.0145
111.0996,0.952,4.0805
111.0998,0.9716,4.1603
111.1000,0.9913,4.2545
111.1002,0.8715,3.7386
111.1004,0.9398,4.0262
111.1006,1.0109,4.3368
111.1008,0.9185,3.9421
111.1010,0.9146,3.9256
111.1012,0.927,3.9731
111.1014,0.9602,4.1154
111.1016,1.0144,4.3416
111.1018,0.9957,4.2695
111.1020,0.9582,4.1086
111.1022,0.9362,4.0201
111.1024,0.9387,4.0234
111.1026,0.9498,4.0764
111.1028,0.8863,3.8042
111.1030,0.8622,3.699
111.1032,0.8654,3.7141
111.1034,0.8157,3.5108
111.1036,0.7413,3.1874
111.1038,0.7317,3.1505
111.1040,0.6966,2.9998
111.1042,0.6841,2.9455
111.1044,0.651,2.8044
111.1046,0.6257,2.6916
111.1048,0.7217,3.1019
111.1050,0.7748,3.3349
111.1052,0.7502,3.2261
111.1054,0.6721,2.8953
111.1056,0.6619,2.85
111.1058,0.6506,2.8093
111.1060,0.5095,2.1979
111.1062,0.5066,2.1855
111.1064,0.5584,2.4078
111.1066,0.5886,2.5369
111.1068,0.5517,2.38
111.1070,0.5061,2.1844
111.1072,0.5775,2.4877
111.1074,0.6637,2.8578
111.1076,0.6144,2.6468
111.1078,0.592,2.5502
111.1080,0.5654,2.4401
111.1082,0.503,2.171
111.1084,0.5078,2.1906
111.1086,0.5734,2.4713
111.1088,0.6213,2.678
111.1090,0.5505,2.3759
111.1092,0.5307,2.2894
111.1094,0.5468,2.3555
111.1096,0.6127,2.6396
111.1098,0.5742,2.4738
111.1100,0.5534,2.3883
111.1102,0.4748,2.0512
111.1104,0.4815,2.0774
111.1106,0.5207,2.2486
111.1108,0.4508,1.9449
111.1110,0.4612,1.9894
111.1112,0.4674,2.0182
111.1114,0.4603,1.9858
111.1116,0.4561,1.9695
111.1118,0.4477,1.9315
111.1120,0.507,2.188
111.1122,0.4649,2.0064
111.1124,0.4436,1.9166
111.1126,0.4404,1.9008
111.1128,0.4487,1.9347
111.1130,0.5377,2.3173
111.1132,0.5819,2.508
111.1134,0.5584,2.4067
111.1136,0.5884,2.5324
111.1138,0.657,2.8289
111.1140,0.6619,2.8474
111.1142,0.6622,2.8489
111.1144,0.6701,2.8843
111.1146,0.6644,2.8569
111.1148,0.7126,3.0613
111.1150,0.7499,3.2215
111.1152,0.7771,3.3431
111.1154,0.7505,3.2241
111.1156,0.7935,3.4074
111.1158,0.8098,3.4774
111.1160,0.7941,3.4163
111.1162,0.6809,2.9294
111.1164,0.6976,3.0025
111.1166,0.6494,2.7911
111.1168,0.6981,3.0032
111.1170,0.7269,3.1241
111.1172,0.7836,3.3725
111.1174,0.6856,2.9495
111.1176,0.6471,2.7839
111.1178,0.6499,2.801
111.1180,0.6478,2.7857
111.1182,0.7223,3.1045
111.1184,0.6555,2.8292
111.1186,0.5462,2.3583
111.1188,0.5296,2.2837
111.1190,0.5291,2.2827
111.1192,0.5288,2.2812
111.1194,0.5297,2.2821
111.1196,0.6007,2.5855
111.1198,0.6112,2.6341
111.1200,0.6096,2.6261
111.1202,0.6068,2.6167
111.1204,0.5739,2.4699
111.1206,0.5976,2.5757
111.1208,0.5151,2.2232
111.1210,0.5008,2.1616
111.1212,0.5323,2.294
111.1214,0.5097,2.1969
111.1216,0.5194,2.2387
111.1218,0.5833,2.5165
111.1220,0.553,2.379
111.1222,0.6271,2.7041
111.1224,0.5248,2.262
111.1226,0.5082,2.1912
111.1228,0.5127,2.2098
111.1230,0.5206,2.2491
111.1232,0.4115,1.7753
111.1234,0.439,1.8911
111.1236,0.5462,2.3507
111.1238,0.6294,2.7126
111.1240,0.6225,2.6807
111.1242,0.5886,2.5381
111.1244,0.5301,2.2868
111.1246,0.4966,2.1425
111.1248,0.4959,2.1384
111.1250,0.4968,2.1381
111.1252,0.5547,2.3896
111.1254,0.5758,2.4805
111.1256,0.6118,2.6305
111.1258,0.6305,2.7135
111.1260,0.6007,2.5879
111.1262,0.5879,2.5338
111.1264,0.5261,2.2666
111.1266,0.4841,2.0872
111.1268,0.4881,2.1048
111.1270,0.5002,2.156
111.1272,0.4969,2.1436
111.1274,0.4929,2.1265
111.1276,0.4898,2.1111
111.1278,0.491,2.1163
111.1280,0.4988,2.1518
111.1282,0.4965,2.14
111.1284,0.53,2.2821
111.1286,0.547,2.3554
111.1288,0.598,2.5724
111.1290,0.5855,2.5235
111.1292,0.567,2.4428
111.1294,0.6407,2.7548
111.1296,0.6904,2.9646
111.1298,0.7657,3.2849
111.1300,0.7595,3.2658
111.1302,0.7241,3.1108
111.1304,0.7778,3.3415
111.1306,0.817,3.5018
111.1308,0.9311,3.9812
111.1310,1.0375,4.4407
111.1312,0.9845,4.2178
111.1314,0.9691,4.1476
111.1316,0.9853,4.2169
111.1318,1.0012,4.2892
111.1320,0.9865,4.224
111.1322,0.9607,4.1213
111.1324,0.9381,4.0209
111.1326,0.9758,4.1803
111.1328,0.9811,4.2009
111.1330,0.9626,4.1295
111.1332,0.9233,3.959
111.1334,0.9242,3.9612
111.1336,0.9104,3.9076
111.1338,0.8993,3.8561
111.1340,0.9272,3.9759
111.1342,0.913,3.9166
111.1344,0.9166,3.9302
111.1346,0.9717,4.1628
111.1348,0.9763,4.1823
111.1350,0.9692,4.152
111.1352,0.958,4.1119
111.1354,0.9369,4.0195
111.1356,0.9437,4.0483
111.1358,0.8851,3.799
111.1360,0.8582,3.6832
111.1362,0.8986,3.8513
111.1364,0.9223,3.9586
111.1366,0.8319,3.5705
111.1368,0.8728,3.746
111.1370,0.9237,3.9629
111.1372,0.9372,4.0167
111.1374,0.9544,4.0965
111.1376,0.86,3.6995
111.1378,0.7154,3.0803
111.1380,0.6661,2.8694
111.1382,0.6966,2.9942
111.1384,0.762,3.2796
111.1386,0.7104,3.0606
111.1388,0.6784,2.9186
111.1390,0.7342,3.1584
111.1392,0.7452,3.2059
111.1394,0.7508,3.2316
111.1396,0.7258,3.1238
111.1398,0.6766,2.9135
111.1400,0.6915,2.9776
111.1402,0.6818,2.9344
111.1404,0.7095,3.055
111.1406,0.6305,2.7173
111.1408,0.5729,2.4681
111.1410,0.5826,2.5122
111.1412,0.5867,2.5287
111.1414,0.6055,2.6146
111.1416,0.5085,2.1948
111.1418,0.4965,2.14
111.1420,0.538,2.3231
111.1422,0.5529,2.3818
111.1424,0.6083,2.6241
111.1426,0.5725,2.4642
111.1428,0.7007,3.0145
111.1430,0.638,2.7537
111.1432,0.5505,2.3759
111.1434,0.5511,2.3741
111.1436,0.6058,2.6084
111.1438,0.5999,2.5843
111.1440,0.5799,2.5015
111.1442,0.5407,2.3313
111.1444,0.5371,2.3158
111.1446,0.5393,2.3267
111.1448,0.5657,2.4382
111.1450,0.6157,2.6513
111.1452,0.6372,2.7424
111.1454,0.6456,2.7811
111.1456,0.642,2.7656
111.1458,0.614,2.644
111.1460,0.6721,2.8859
111.1462,0.7513,3.2352
111.1464,0.6624,2.8534
111.1466,0.6372,2.7437
111.1468,0.6338,2.7292
111.1470,0.6444,2.7759
111.1472,0.649,2.7935
111.1474,0.643,2.7677
111.1476,0.6815,2.9306
111.1478,0.6753,2.9052
111.1480,0.7091,3.052
111.1482,0.7542,3.2476
111.1484,0.6368,2.7421
111.1486,0.6182,2.6633
111.1488,0.6263,2.6992
111.1490,0.6131,2.6374
111.1492,0.6651,2.86
111.1494,0.7115,3.0595
111.1496,0.7037,3.0288
111.1498,0.6962,3.0005
111.1500,0.6169,2.6577
111.1502,0.5993,2.5817
111.1504,0.5989,2.579
111.1506,0.6037,2.602
111.1508,0.6084,2.6222
111.1510,0.6019,2.5931
111.1512,0.6006,2.5862
111.1514,0.6013,2.5893
111.1516,0.6071,2.6177
111.1518,0.5957,2.5662
111.1520,0.6685,2.8771
111.1522,0.6427,2.7649
111.1524,0.6277,2.7067
111.1526,0.5739,2.4722
111.1528,0.6524,2.8092
111.1530,0.7038,3.0265
111.1532,0.7326,3.1503
111.1534,0.7143,3.0714
111.1536,0.7719,3.3194
111.1538,0.7335,3.1539
111.1540,0.7067,3.0389
111.1542,0.7137,3.0731
111.1544,0.6261,2.6962
111.1546,0.6353,2.7329
111.1548,0.6863,2.954
111.1550,0.6802,2.925
111.1552,0.6984,3.0047
111.1554,0.6919,2.9819
111.1556,0.6092,2.6246
111.1558,0.6151,2.645
111.1560,0.7404,3.1779
111.1562,0.8639,3.7062
111.1564,0.9233,3.9664
111.1566,0.8469,3.6399
111.1568,0.836,3.5863
111.1570,0.8823,3.7884
111.1572,0.8166,3.5095
111.1574,0.7489,3.2204
111.1576,0.6952,2.9922
111.1578,0.6588,2.8406
111.1580,0.5531,2.384
111.1582,0.5277,2.2776
111.1584,0.5047,2.1762
111.1586,0.501,2.1602
111.1588,0.4964,2.1425
111.1590,0.4875,2.1042
111.1592,0.4862,2.0966
111.1594,0.5148,2.2186
111.1596,0.5672,2.4478
111.1598,0.4905,2.1162
111.1600,0.5008,2.1596
111.1602,0.5088,2.1948
111.1604,0.5068,2.1875
111.1606,0.5052,2.1793
111.1608,0.5038,2.1716
111.1610,0.5006,2.1586
111.1612,0.5185,2.2377
111.1614,0.5245,2.2615
111.1616,0.5474,2.357
111.1618,0.6073,2.6151
111.1620,0.6812,2.9318
111.1622,0.6573,2.8252
111.1624,0.7151,3.0707
111.1626,0.7777,3.3332
111.1628,0.9066,3.8875
111.1630,0.8851,3.7972
111.1632,0.9,3.861
111.1634,0.9008,3.8628
111.1636,0.8933,3.8358
111.1638,0.8908,3.8179
111.1640,0.9794,4.1937
111.1642,1.0378,4.4417
111.1644,1.0658,4.566
111.1646,1.0594,4.5362
111.1648,1.1048,4.7264
111.1650,1.0841,4.6419
111.1652,1.0532,4.5142
111.1654,1.0749,4.5965
111.1656,1.1536,4.9282
111.1658,1.1676,4.9951
111.1660,1.1142,4.7686
111.1662,1.1577,4.9526
111.1664,1.1975,5.1205
111.1666,1.1869,5.0754
111.1668,1.092,4.6802
111.1670,0.9667,4.1451
111.1672,0.9604,4.1222
111.1674,0.9604,4.1203
111.1676,0.9573,4.1069
111.1678,0.9638,4.1405
111.1680,0.9492,4.0719
111.1682,0.9493,4.08
111.1684,0.8549,3.6693
111.1686,0.9841,4.2118
111.1688,1.0356,4.4449
111.1690,0.8877,3.8222
111.1692,0.7646,3.2864
111.1694,0.8492,3.6514
111.1696,0.8287,3.5649
111.1698,0.7387,3.181
111.1700,0.7336,3.1529
111.1702,0.7591,3.2688
111.1704,0.7097,3.0589
111.1706,0.6363,2.7439
111.1708,0.7155,3.0808
111.1710,0.7375,3.1714
111.1712,0.7899,3.392
111.1714,0.8355,3.5926
111.1716,0.7971,3.434
111.1718,0.692,2.9824
111.1720,0.6526,2.8116
111.1722,0.6584,2.8377
111.1724,0.6797,2.927
111.1726,0.7565,3.2498
111.1728,0.8547,3.67
111.1730,0.8892,3.8183
111.1732,0.8407,3.6148
111.1734,0.7863,3.3797
111.1736,0.7899,3.403
111.1738,0.674,2.9049
111.1740,0.6483,2.7956
111.1742,0.6655,2.8682
111.1744,0.694,2.9856
111.1746,0.7029,3.028
111.1748,0.6537,2.8162
111.1750,0.6561,2.8266
111.1752,0.7028,3.0247
111.1754,0.7079,3.0525
111.1756,0.6498,2.8005
111.1758,0.6116,2.6386
111.1760,0.6501,2.8007
111.1762,0.6769,2.9146
111.1764,0.6064,2.617
111.1766,0.56,2.4157
111.1768,0.5666,2.4464
111.1770,0.5482,2.3661
111.1772,0.5516,2.3805
111.1774,0.568,2.4526
111.1776,0.5725,2.4688
111.1778,0.5522,2.3809
111.1780,0.5403,2.3308
111.1782,0.5616,2.4229
111.1784,0.5535,2.3866
111.1786,0.554,2.3887
111.1788,0.5609,2.4198
111.1790,0.5308,2.2921
111.1792,0.5592,2.4114
111.1794,0.5896,2.5399
111.1796,0.6212,2.6775
111.1798,0.6179,2.6643
111.1800,0.6318,2.7204
111.1802,0.6235,2.6873
111.1804,0.5936,2.5598
111.1806,0.5849,2.5209
111.1808,0.5838,2.5186
111.1810,0.5776,2.4917
111.1812,0.563,2.4263
111.1814,0.5884,2.5335
111.1816,0.6508,2.7986
111.1818,0.7739,3.3261
111.1820,0.7459,3.2105
111.1822,0.7481,3.2153
111.1824,0.7911,3.4035
111.1826,0.6765,2.9171
111.1828,0.6585,2.8382
111.1830,0.6207,2.6767
111.1832,0.5426,2.3396
111.1834,0.523,2.2563
111.1836,0.5224,2.2527
111.1838,0.5199,2.2439
111.1840,0.5185,2.2367
111.1842,0.5604,2.4155
111.1844,0.6018,2.5914
111.1846,0.6445,2.7777
111.1848,0.6383,2.7496
111.1850,0.617,2.6557
111.1852,0.6317,2.7187
111.1854,0.6174,2.6634
111.1856,0.5409,2.3323
111.1858,0.5809,2.5085
111.1860,0.5017,2.1643
111.1862,0.5676,2.4431
111.1864,0.6654,2.861
111.1866,0.6907,2.9739
111.1868,0.6934,2.9886
111.1870,0.6403,2.7609
111.1872,0.5751,2.482
111.1874,0.5068,2.1855
111.1876,0.5401,2.3298
111.1878,0.5165,2.2294
111.1880,0.5229,2.2548
111.1882,0.5791,2.4949
111.1884,0.5534,2.3861
111.1886,0.6102,2.6324
111.1888,0.5332,2.3003
111.1890,0.5216,2.248
111.1892,0.5873,2.5336
111.1894,0.5065,2.187
111.1896,0.5092,2.1958
111.1898,0.516,2.2248
111.1900,0.4827,2.0816
111.1902,0.4764,2.0542
111.1904,0.4886,2.1098
111.1906,0.4914,2.1217
111.1908,0.4847,2.0908
111.1910,0.4813,2.0763
111.1912,0.477,2.0587
111.1914,0.4842,2.0897
111.1916,0.5234,2.2568
111.1918,0.4941,2.1297
111.1920,0.4755,2.0524
111.1922,0.4749,2.0508
111.1924,0.4799,2.0711
111.1926,0.52,2.2361
111.1928,0.6898,2.969
111.1930,0.583,2.515
111.1932,0.5296,2.2827
111.1934,0.6005,2.5845
111.1936,0.6216,2.6766
111.1938,0.6185,2.6631
111.1940,0.6264,2.6972
111.1942,0.6277,2.7029
111.1944,0.6602,2.8402
111.1946,0.6673,2.8706
111.1948,0.6625,2.85
111.1950,0.6606,2.8391
111.1952,0.7592,3.2632
111.1954,0.6938,2.9804
111.1956,0.8028,3.4455
111.1958,0.9154,3.9177
111.1960,1.0401,4.4535
111.1962,1.0361,4.4366
111.1964,1.0221,4.3806
111.1966,0.9095,3.9017
111.1968,0.8601,3.688
111.1970,0.8842,3.7949
111.1972,0.8976,3.8543
111.1974,0.8408,3.6103
111.1976,0.8613,3.6949
111.1978,0.876,3.7546
111.1980,1.0558,4.5123
111.1982,1.1331,4.8497
111.1984,1.1215,4.8021
111.1986,1.1163,4.7756
111.1988,1.1145,4.7634
111.1990,1.1831,5.0542
111.1992,1.1751,5.0316
111.1994,1.0176,4.3636
111.1996,0.9771,4.1879
111.1998,1.0196,4.3637
111.2000,1.1072,4.7388
111.2002,1.0718,4.5982
111.2004,0.9389,4.0277
111.2006,0.9481,4.0711
111.2008,0.9196,3.9504
111.2010,0.9378,4.0137
111.2012,1.074,4.5967
111.2014,1.0384,4.4526
111.2016,0.8969,3.8566
111.2018,0.7839,3.3725
111.2020,0.7417,3.1939
111.2022,0.7329,3.1572
111.2024,0.7166,3.0812
111.2026,0.7579,3.2606
111.2028,0.7396,3.1787
111.2030,0.757,3.261
111.2032,0.6727,2.8978
111.2034,0.6948,2.9892
111.2036,0.7534,3.2425
111.2038,0.7841,3.3714
111.2040,0.7935,3.4106
111.2042,0.797,3.4287
111.2044,0.7321,3.1511
111.2046,0.7029,3.0294
111.2048,0.6657,2.8639
111.2050,0.7108,3.0621
111.2052,0.679,2.9239
111.2054,0.7206,3.103
111.2056,0.6998,3.0104
111.2058,0.694,2.9856
111.2060,0.7359,3.1657
111.2062,0.7419,3.1914
111.2064,0.6963,2.9996
111.2066,0.7176,3.0916
111.2068,0.6495,2.7995
111.2070,0.5866,2.5305
111.2072,0.6148,2.6496
111.2074,0.6604,2.8491
111.2076,0.6144,2.6468
111.2078,0.6621,2.8524
111.2080,0.6571,2.832
111.2082,0.6728,2.8984
111.2084,0.696,2.9958
111.2086,0.6831,2.9455
111.2088,0.6017,2.5945
111.2090,0.5927,2.5498
111.2092,0.7156,3.0785
111.2094,0.7133,3.073
111.2096,0.6219,2.6831
111.2098,0.5704,2.4618
111.2100,0.5511,2.3774
111.2102,0.5572,2.4038
111.2104,0.5698,2.4569
111.2106,0.6218,2.6776
111.2108,0.6459,2.7827
111.2110,0.6035,2.6022
111.2112,0.559,2.4093
111.2114,0.5494,2.3701
111.2116,0.5589,2.4121
111.2118,0.5393,2.3278
111.2120,0.5252,2.2614
111.2122,0.6107,2.632
111.2124,0.6849,2.9437
111.2126,0.7863,3.3844
111.2128,0.6927,2.9827
111.2130,0.7163,3.0844
111.2132,0.6893,2.9683
111.2134,0.7317,3.1491
111.2136,0.754,3.242
111.2138,0.7615,3.273
111.2140,0.7911,3.4035
111.2142,0.7628,3.2787
111.2144,0.8022,3.4461
111.2146,0.8225,3.537
111.2148,0.7854,3.3818
111.2150,0.7023,3.0254
111.2152,0.6987,3.0085
111.2154,0.7031,3.0248
111.2156,0.7781,3.3441
111.2158,0.8281,3.5574
111.2160,0.8247,3.5462
111.2162,0.8139,3.4982
111.2164,0.7932,3.4138
111.2166,0.7582,3.2631
111.2168,0.7626,3.2776
111.2170,0.8261,3.5442
111.2172,0.8646,3.7145
111.2174,0.8044,3.4623
111.2176,0.7222,3.1054
111.2178,0.7554,3.2497
111.2180,0.7712,3.3209
111.2182,0.6988,3.0119
111.2184,0.6333,2.7322
111.2186,0.5658,2.4399
111.2188,0.5633,2.4301
111.2190,0.5837,2.5122
111.2192,0.7243,3.1176
111.2194,0.6897,2.9698
111.2196,0.6686,2.8803
111.2198,0.6853,2.9535
111.2200,0.6468,2.785
111.2202,0.6375,2.749
111.2204,0.56,2.4157
111.2206,0.5535,2.3877
111.2208,0.5526,2.383
111.2210,0.5516,2.3794
111.2212,0.5477,2.3629
111.2214,0.5811,2.5032
111.2216,0.6353,2.7405
111.2218,0.5678,2.4504
111.2220,0.5453,2.3536
111.2222,0.5526,2.3819
111.2224,0.6522,2.803
111.2226,0.6965,2.9992
111.2228,0.6907,2.9726
111.2230,0.7194,3.0964
111.2232,0.7224,3.1093
111.2234,0.7028,3.0261
111.2236,0.6829,2.9404
111.2238,0.6976,2.9997
111.2240,0.7821,3.3569
111.2242,0.8023,3.4498
111.2244,0.7542,3.2431
111.2246,0.7325,3.1541
111.2248,0.6338,2.7318
111.2250,0.5863,2.5294
111.2252,0.5049,2.1792
111.2254,0.5187,2.2377
111.2256,0.5625,2.4243
111.2258,0.5842,2.5155
111.2260,0.5771,2.4873
111.2262,0.5853,2.5248
111.2264,0.589,2.5385
111.2266,0.5861,2.5261
111.2268,0.5899,2.5438
111.2270,0.5843,2.5207
111.2272,0.5145,2.2217
111.2274,0.4884,2.1059
111.2276,0.4855,2.0954
111.2278,0.497,2.1451
111.2280,0.5131,2.2124
111.2282,0.554,2.3876
111.2284,0.5901,2.5408
111.2286,0.6375,2.7465
111.2288,0.6528,2.8043
111.2290,0.7616,3.272
111.2292,0.7398,3.1812
111.2294,0.7284,3.1322
111.2296,0.7191,3.0906
111.2298,0.7772,3.3436
111.2300,0.783,3.3652
111.2302,0.8367,3.5844
111.2304,0.9626,4.1257
111.2306,0.9993,4.2909
111.2308,0.9,3.861
111.2310,0.8957,3.8389
111.2312,0.9227,3.9601
111.2314,0.9562,4.1023
111.2316,0.9684,4.1562
111.2318,0.9132,3.9194
111.2320,0.969,4.151
111.2322,1.0154,4.3498
111.2324,0.9733,4.1734
111.2326,0.9588,4.1131
111.2328,0.8731,3.7545
111.2330,0.8275,3.5548
111.2332,0.868,3.7219
111.2334,0.9263,3.9718
111.2336,0.9964,4.2706
111.2338,1.0036,4.2994
111.2340,0.9886,4.2392
111.2342,0.9892,4.2398
111.2344,0.9928,4.2631
111.2346,0.9625,4.1348
111.2348,0.8421,3.6193
111.2350,0.7905,3.4025
111.2352,0.7278,3.1369
111.2354,0.6885,2.9674
111.2356,0.6627,2.8497
111.2358,0.7281,3.1292
111.2360,0.7986,3.4354
111.2362,0.7884,3.3932
111.2364,0.7673,3.3008
111.2366,0.7863,3.3844
111.2368,0.7903,3.3967
111.2370,0.7968,3.4325
111.2372,0.699,3.0129
111.2374,0.6082,2.6212
111.2376,0.654,2.8199
111.2378,0.6311,2.7211
111.2380,0.6901,2.9714
111.2382,0.6486,2.794
111.2384,0.6252,2.692
111.2386,0.661,2.8477
111.2388,0.6351,2.7387
111.2390,0.613,2.6406
111.2392,0.682,2.9381
111.2394,0.6974,3.0043
111.2396,0.6952,2.9908
111.2398,0.7008,3.0206
111.2400,0.6204,2.6714
111.2402,0.6284,2.7085
111.2404,0.5916,2.551
111.2406,0.5922,2.5536
111.2408,0.6154,2.6546
111.2410,0.5391,2.3267
111.2412,0.5052,2.1813
111.2414,0.5011,2.1627
111.2416,0.5586,2.4088
111.2418,0.5464,2.3594
111.2420,0.5,2.157
111.2422,0.488,2.1072
111.2424,0.5366,2.3105
111.2426,0.6589,2.8371
111.2428,0.6404,2.7627
111.2430,0.5359,2.3138
111.2432,0.4562,1.9682
111.2434,0.4829,2.0859
111.2436,0.4205,1.8174
111.2438,0.4121,1.7795
111.2440,0.4465,1.9281
111.2442,0.4838,2.0872
111.2444,0.5516,2.3794
111.2446,0.5753,2.4807
111.2448,0.517,2.2315
111.2450,0.461,1.9907
111.2452,0.4606,1.9859
111.2454,0.5544,2.3896
111.2456,0.5917,2.5468
111.2458,0.639,2.7501
111.2460,0.6451,2.7765
111.2462,0.6525,2.8098
111.2464,0.6628,2.8542
111.2466,0.6471,2.7865
111.2468,0.6656,2.866
111.2470,0.6445,2.779
111.2472,0.6142,2.6409
111.2474,0.6837,2.944
111.2476,0.6862,2.9535
111.2478,0.7156,3.0799
111.2480,0.7005,3.0191
111.2482,0.5745,2.4771
111.2484,0.5399,2.3271
111.2486,0.5492,2.368
111.2488,0.5536,2.386
111.2490,0.5704,2.4549
111.2492,0.6152,2.6541
111.2494,0.5504,2.3743
111.2496,0.5391,2.3246
111.2498,0.5448,2.3494
111.2500,0.552,2.3793
111.2502,0.596,2.5654
111.2504,0.5966,2.5727
111.2506,0.5314,2.2904
111.2508,0.5622,2.4232
111.2510,0.5332,2.3014
111.2512,0.524,2.2584
111.2514,0.5294,2.2827
111.2516,0.5308,2.2857
111.2518,0.5897,2.5451
111.2520,0.4845,2.0903
111.2522,0.4525,1.9513
111.2524,0.4842,2.0878
111.2526,0.5342,2.3044
111.2528,0.5442,2.3446
111.2530,0.5718,2.4623
111.2532,0.6561,2.8226
111.2534,0.6988,3.0063
111.2536,0.7337,3.1593
111.2538,0.6211,2.672
111.2540,0.5928,2.5538
111.2542,0.6103,2.6256
111.2544,0.6193,2.6667
111.2546,0.6271,2.7016
111.2548,0.6402,2.7566
111.2550,0.6353,2.7354
111.2552,0.6173,2.658
111.2554,0.5969,2.5702
111.2556,0.5963,2.5688
111.2558,0.6237,2.6846
111.2560,0.6772,2.908
111.2562,0.761,3.274
111.2564,0.7259,3.1243
111.2566,0.6734,2.8983
111.2568,0.6549,2.8175
111.2570,0.6682,2.8707
111.2572,0.7454,3.2054
111.2574,0.6662,2.8673
111.2576,0.6032,2.6
111.2578,0.6091,2.6229
111.2580,0.6231,2.6845
111.2582,0.6029,2.596
111.2584,0.5749,2.4815
111.2586,0.502,2.1648
111.2588,0.4986,2.1478
111.2590,0.4972,2.1441
111.2592,0.4957,2.1394
111.2594,0.4928,2.126
111.2596,0.4953,2.1358
111.2598,0.4956,2.1379
111.2600,0.4916,2.1208
111.2602,0.4883,2.1053
111.2604,0.5055,2.1778
111.2606,0.549,2.3653
111.2608,0.5435,2.3448
111.2610,0.4847,2.0898
111.2612,0.4833,2.0851
111.2614,0.4919,2.1218
111.2616,0.5258,2.2651
111.2618,0.5745,2.4725
111.2620,0.6496,2.7961
111.2622,0.6758,2.9032
111.2624,0.7794,3.3482
111.2626,0.7481,3.2153
111.2628,0.7384,3.1735
111.2630,0.7437,3.1977
111.2632,0.7489,3.2159
111.2634,0.7975,3.4212
111.2636,0.8061,3.4615
111.2638,0.805,3.452
111.2640,0.8871,3.8037
111.2642,0.9031,3.869
111.2644,0.9427,4.046
111.2646,0.8883,3.8142
111.2648,0.8962,3.841
111.2650,0.9036,3.8728
111.2652,0.9084,3.9007
111.2654,0.8335,3.5772
111.2656,0.832,3.571
111.2658,0.8755,3.7561
111.2660,0.9296,3.9844
111.2662,0.913,3.9184
111.2664,0.8741,3.7499
111.2666,0.9225,3.954
111.2668,0.9752,4.1816
111.2670,0.9407,4.0316
111.2672,0.918,3.9437
111.2674,0.8302,3.565
111.2676,0.8471,3.6376
111.2678,0.8452,3.631
111.2680,0.8537,3.6642
111.2682,0.8608,3.6997
111.2684,0.7464,3.2066
111.2686,0.7644,3.2838
111.2688,0.7651,3.2915
111.2690,0.7305,3.141
111.2692,0.7532,3.2405
111.2694,0.7164,3.0835
111.2696,0.703,3.0257
111.2698,0.6913,2.9738
111.2700,0.6689,2.8765
111.2702,0.6971,3.0018
111.2704,0.701,3.0184
111.2706,0.6633,2.8602
111.2708,0.6463,2.7777
111.2710,0.7138,3.0736
111.2712,0.6525,2.8098
111.2714,0.6921,2.976
111.2716,0.7176,3.0901
111.2718,0.6619,2.8514
111.2720,0.6219,2.6806
111.2722,0.5664,2.4413
111.2724,0.6043,2.6022
111.2726,0.6712,2.8903
111.2728,0.6859,2.9519
111.2730,0.6654,2.8597
111.2732,0.7182,3.0898
111.2734,0.7353,3.1616
111.2736,0.7536,3.2405
111.2738,0.765,3.2895
111.2740,0.7162,3.0796
111.2742,0.82,3.5261
111.2744,0.7865,3.3802
111.2746,0.7654,3.288
111.2748,0.8016,3.4451
111.2750,0.8055,3.4605
111.2752,0.8041,3.4576
111.2754,0.7589,3.2647
111.2756,0.7787,3.3482
111.2758,0.8312,3.5674
111.2760,0.8307,3.577
111.2762,0.6919,2.9791
111.2764,0.7289,3.1357
111.2766,0.7048,3.0335
111.2768,0.6644,2.8649
111.2770,0.5856,2.5252
111.2772,0.5498,2.3684
111.2774,0.6447,2.7749
111.2776,0.674,2.9035
111.2778,0.6679,2.8718
111.2780,0.7084,3.0504
111.2782,0.6526,2.809
111.2784,0.7113,3.0599
111.2786,0.7263,3.1244
111.2788,0.6845,2.9476
111.2790,0.6746,2.9034
111.2792,0.7381,3.1769
111.2794,0.6502,2.8013
111.2796,0.5794,2.496
111.2798,0.5657,2.4393
111.2800,0.5689,2.4522
111.2802,0.5742,2.4749
111.2804,0.5827,2.5093
111.2806,0.6261,2.6974
111.2808,0.6279,2.7115
111.2810,0.4886,2.1098
111.2812,0.4701,2.0282
111.2814,0.4996,2.1535
111.2816,0.5332,2.2992
111.2818,0.5254,2.2667
111.2820,0.5257,2.2688
111.2822,0.5242,2.2605
111.2824,0.5582,2.4034
111.2826,0.6108,2.6301
111.2828,0.5975,2.5764
111.2830,0.543,2.3405
111.2832,0.5279,2.2754
111.2834,0.5291,2.2817
111.2836,0.5297,2.2853
111.2838,0.5384,2.3204
111.2840,0.598,2.576
111.2842,0.5757,2.4811
111.2844,0.5425,2.3369
111.2846,0.5886,2.5393
111.2848,0.5427,2.3368
111.2850,0.6,2.5824
111.2852,0.6234,2.6818
111.2854,0.6386,2.7511
111.2856,0.5861,2.5249
111.2858,0.6309,2.7181
111.2860,0.5765,2.4813
111.2862,0.6482,2.786
111.2864,0.7703,3.3091
111.2866,0.7818,3.3585
111.2868,0.7082,3.0493
111.2870,0.6544,2.8193
111.2872,0.5682,2.4502
111.2874,0.5389,2.3246
111.2876,0.5377,2.3162
111.2878,0.5453,2.3482
111.2880,0.6049,2.6072
111.2882,0.5392,2.324
111.2884,0.53,2.2832
111.2886,0.5312,2.2904
111.2888,0.5383,2.3209
111.2890,0.5849,2.5162
111.2892,0.6404,2.7576
111.2894,0.6215,2.6785
111.2896,0.554,2.3887
111.2898,0.4704,2.0283
111.2900,0.4564,1.9687
111.2902,0.4584,1.9784
111.2904,0.4606,1.9878
111.2906,0.4877,2.1057
111.2908,0.4616,1.9933
111.2910,0.4384,1.8911
111.2912,0.4442,1.9165
111.2914,0.4525,1.9531
111.2916,0.452,1.951
111.2918,0.4351,1.878
111.2920,0.4181,1.8037
111.2922,0.4152,1.7905
111.2924,0.4472,1.9294
111.2926,0.5404,2.327
111.2928,0.5893,2.5424
111.2930,0.4984,2.1493
111.2932,0.4939,2.1287
111.2934,0.5122,2.2067
111.2936,0.5134,2.2139
111.2938,0.5375,2.3146
111.2940,0.6001,2.5829
111.2942,0.6447,2.7723
111.2944,0.7029,3.0224
111.2946,0.6825,2.9347
111.2948,0.6615,2.8498
111.2950,0.5817,2.5046
111.2952,0.5964,2.5622
111.2954,0.6799,2.9248
111.2956,0.6498,2.7966
111.2958,0.6367,2.7391
111.2960,0.6585,2.8343
111.2962,0.6754,2.9016
111.2964,0.7198,3.0922
111.2966,0.7371,3.1664
111.2968,0.7707,3.3096
111.2970,0.7847,3.3646
111.2972,0.8481,3.6417
111.2974,0.8301,3.5628
111.2976,0.8501,3.6487
111.2978,0.8552,3.6721
111.2980,0.8369,3.5921
111.2982,0.8365,3.5851
111.2984,0.8401,3.6005
111.2986,0.9176,3.9293
111.2988,0.9781,4.19
111.2990,0.9595,4.1142
111.2992,0.9674,4.1443
111.2994,0.9742,4.1716
111.2996,1.0022,4.2953
111.2998,0.9678,4.1536
111.3000,0.8562,3.6733
111.3002,0.9028,3.8711
111.3004,0.9529,4.0879
111.3006,0.9606,4.1208
111.3008,0.8892,3.8165
111.3010,0.8799,3.7781
111.3012,0.851,3.6557
111.3014,0.8175,3.512
111.3016,0.7524,3.2353
111.3018,0.7886,3.3879
111.3020,0.8068,3.4646
111.3022,0.8043,3.4554
111.3024,0.8313,3.5696
111.3026,0.8843,3.7954
111.3028,0.8777,3.7654
111.3030,0.8166,3.5161
111.3032,0.6766,2.9108
111.3034,0.7446,3.1988
111.3036,0.8029,3.4508
111.3038,0.7788,3.3519
111.3040,0.7213,3.1061
111.3042,0.7168,3.0822
111.3044,0.6921,2.9801
111.3046,0.6115,2.6369
111.3048,0.6751,2.9014
111.3050,0.7621,3.2741
111.3052,0.7493,3.2219
111.3054,0.6899,2.9681
111.3056,0.717,3.0847
111.3058,0.7333,3.1519
111.3060,0.7488,3.2274
111.3062,0.6289,2.708
111.3064,0.6612,2.8443
111.3066,0.6914,2.977
111.3068,0.6907,2.9739
111.3070,0.6433,2.77
111.3072,0.6937,2.9841
111.3074,0.7408,3.1853
111.3076,0.7582,3.2571
111.3078,0.754,3.242
111.3080,0.7453,3.2094
111.3082,0.6314,2.7214
111.3084,0.5878,2.5357
111.3086,0.596,2.5654
111.3088,0.6897,2.9671
111.3090,0.6489,2.7943
111.3092,0.6651,2.864
111.3094,0.6874,2.9573
111.3096,0.6802,2.925
111.3098,0.6913,2.9751
111.3100,0.6501,2.802
111.3102,0.607,2.6148
111.3104,0.6058,2.6084
111.3106,0.6552,2.8159
111.3108,0.6769,2.9173
111.3110,0.6052,2.607
111.3112,0.6016,2.5939
111.3114,0.5987,2.5803
111.3116,0.6367,2.7391
111.3118,0.6724,2.8914
111.3120,0.7052,3.0392
111.3122,0.6137,2.6462
111.3124,0.6083,2.6192
111.3126,0.6272,2.6983
111.3128,0.6606,2.8404
111.3130,0.7246,3.1143
111.3132,0.7562,3.2518
111.3134,0.7136,3.074
111.3136,0.7192,3.0896
111.3138,0.8235,3.5345
111.3140,0.8297,3.5646
111.3142,0.8092,3.4765
111.3144,0.7884,3.3869
111.3146,0.7419,3.1885
111.3148,0.7969,3.425
111.3150,0.8185,3.5162
111.3152,0.7742,3.3292
111.3154,0.8086,3.4723
111.3156,0.8282,3.5579
111.3158,0.7845,3.3751
111.3160,0.7125,3.0665
111.3162,0.7072,3.0424
111.3164,0.7192,3.0968
111.3166,0.7377,3.1749
111.3168,0.7124,3.0646
111.3170,0.7233,3.11
111.3172,0.7281,3.1307
111.3174,0.7787,3.3467
111.3176,0.7942,3.4137
111.3178,0.7477,3.2182
111.3180,0.6923,2.9853
111.3182,0.5378,2.3232
111.3184,0.4655,2.0108
111.3186,0.465,2.0078
111.3188,0.4601,1.9875
111.3190,0.4596,1.9855
111.3192,0.4697,2.0261
111.3194,0.5175,2.2294
111.3196,0.5758,2.4805
111.3198,0.6169,2.6589
111.3200,0.6056,2.6115
111.3202,0.577,2.4868
111.3204,0.582,2.5085
111.3206,0.5371,2.3169
111.3208,0.4805,2.0737
111.3210,0.4724,2.0399
111.3212,0.4727,2.041
111.3214,0.4655,2.009
111.3216,0.463,1.9981
111.3218,0.4999,2.1555
111.3220,0.5055,2.1808
111.3222,0.5318,2.293
111.3224,0.5687,2.4523
111.3226,0.5604,2.4155
111.3228,0.5613,2.418
111.3230,0.5504,2.3721
111.3232,0.5487,2.3648
111.3234,0.5468,2.3587
111.3236,0.5313,2.2899
111.3238,0.5765,2.4813
111.3240,0.6285,2.709
111.3242,0.5984,2.5781
111.3244,0.5946,2.5604
111.3246,0.6112,2.6292
111.3248,0.6438,2.7682
111.3250,0.6956,2.9909
111.3252,0.7434,3.1981
111.3254,0.6935,2.9863
111.3256,0.6113,2.6322
111.3258,0.6061,2.6099
111.3260,0.5837,2.5122
111.3262,0.6323,2.7225
111.3264,0.6707,2.8856
111.3266,0.6921,2.976
111.3268,0.6711,2.8938
111.3270,0.606,2.6106
111.3272,0.5951,2.5648
111.3274,0.51,2.1999
111.3276,0.5002,2.158
111.3278,0.4989,2.1514
111.3280,0.5161,2.2232
111.3282,0.6092,2.6209
111.3284,0.683,2.9354
111.3286,0.7968,3.4261
111.3288,0.7134,3.0692
111.3290,0.6776,2.915
111.3292,0.6932,2.9765
111.3294,0.7549,3.2492
111.3296,0.7089,3.0482
111.3298,0.7626,3.2746
111.3300,0.8336,3.5794
111.3302,0.8654,3.7124
111.3304,0.9423,4.037
111.3306,0.9571,4.102
111.3308,0.9058,3.8857
111.3310,0.9124,3.9104
111.3312,0.9246,3.9646
111.3314,0.9209,3.9542
111.3316,0.8877,3.8116
111.3318,0.8596,3.6877
111.3320,0.8711,3.7353
111.3322,0.9041,3.8767
111.3324,0.9679,4.1425
111.3326,1.0124,4.3369
111.3328,0.9661,4.1406
111.3330,0.9825,4.213
111.3332,0.9819,4.2124
111.3334,0.9516,4.0765
111.3336,0.969,4.1549
111.3338,0.968,4.1488
111.3340,0.9878,4.2316
111.3342,0.9787,4.1946
111.3344,0.9651,4.1442
111.3346,0.9468,4.0635
111.3348,0.9012,3.8644
111.3350,0.9119,3.9211
111.3352,0.8142,3.5025
111.3354,0.7591,3.2597
111.3356,0.8867,3.8057
111.3358,0.9267,3.9757
111.3360,0.9297,3.9942
111.3362,0.8841,3.7926
111.3364,0.9474,4.0623
111.3366,0.9709,4.167
111.3368,0.9059,3.8935
111.3370,0.7625,3.2817
111.3372,0.7431,3.1936
111.3374,0.8137,3.4988
111.3376,0.752,3.2368
111.3378,0.755,3.2512
111.3380,0.7164,3.0807
111.3382,0.7454,3.2084
111.3384,0.7434,3.1996
111.3386,0.7402,3.1842
111.3388,0.7389,3.1786
111.3390,0.7493,3.2219
111.3392,0.7989,3.4322
111.3394,0.8685,3.731
111.3396,0.8466,3.644
111.3398,0.7886,3.3879
111.3400,0.8513,3.6539
111.3402,0.8781,3.7792
111.3404,0.7735,3.3292
111.3406,0.6799,2.9343
111.3408,0.5922,2.5536
111.3410,0.6162,2.657
111.3412,0.5999,2.5879
111.3414,0.5838,2.5163
111.3416,0.58,2.5009
111.3418,0.5613,2.4169
111.3420,0.6458,2.7808
111.3422,0.6452,2.7821
111.3424,0.5998,2.5874
111.3426,0.5867,2.531
111.3428,0.5215,2.2527
111.3430,0.4872,2.1046
111.3432,0.5004,2.1586
111.3434,0.5425,2.3401
111.3436,0.5303,2.2879
111.3438,0.5314,2.2947
111.3440,0.536,2.3143
111.3442,0.5359,2.3106
111.3444,0.5369,2.3142
111.3446,0.6337,2.7287
111.3448,0.7332,3.1572
111.3450,0.695,2.987
111.3452,0.7512,3.2317
111.3454,0.7325,3.1541
111.3456,0.6731,2.9013
111.3458,0.6347,2.7341
111.3460,0.6453,2.7775
111.3462,0.6861,2.9516
111.3464,0.757,3.258
111.3466,0.7372,3.1684
111.3468,0.7612,3.273
111.3470,0.7199,3.0999
111.3472,0.6413,2.7638
111.3474,0.6393,2.753
111.3476,0.702,3.0188
111.3478,0.7253,3.1217
111.3480,0.726,3.1263
111.3482,0.6993,3.0097
111.3484,0.6354,2.7359
111.3486,0.6975,2.9978
111.3488,0.7777,3.3503
111.3490,0.6385,2.7519
111.3492,0.6106,2.6315
111.3494,0.6092,2.6234
111.3496,0.6531,2.8136
111.3498,0.6227,2.6849
111.3500,0.6445,2.77
111.3502,0.738,3.1749
111.3504,0.7064,3.043
111.3506,0.6946,2.9882
111.3508,0.7138,3.075
111.3510,0.6064,2.6158
111.3512,0.5638,2.4311
111.3514,0.5458,2.3524
111.3516,0.5397,2.3282
111.3518,0.5365,2.31
111.3520,0.6911,2.9746
111.3522,0.6588,2.8406
111.3524,0.5687,2.4523
111.3526,0.6275,2.6993
111.3528,0.7538,3.237
111.3530,0.7795,3.355
111.3532,0.6941,2.9861
111.3534,0.6719,2.8907
111.3536,0.6779,2.9165
111.3538,0.6942,2.9867
111.3540,0.7236,3.113
111.3542,0.7998,3.4294
111.3544,0.8891,3.8178
111.3546,0.8552,3.6772
111.3548,0.7757,3.3354
111.3550,0.7136,3.0669
111.3552,0.7772,3.3343
111.3554,0.8614,3.704
111.3556,0.8055,3.4589
111.3558,0.9164,3.926
111.3560,0.9989,4.2854
111.3562,0.9206,3.9569
111.3564,0.827,3.5527
111.3566,0.8026,3.4498
111.3568,0.6825,2.9416
111.3570,0.5893,2.5436
111.3572,0.5856,2.5263
111.3574,0.6106,2.6278
111.3576,0.6634,2.8554
111.3578,0.6542,2.8183
111.3580,0.6122,2.6363
111.3582,0.6398,2.755
111.3584,0.649,2.7974
111.3586,0.5748,2.4821
111.3588,0.4945,2.1352
111.3590,0.4896,2.114
111.3592,0.4881,2.1058
111.3594,0.4893,2.1129
111.3596,0.488,2.1043
111.3598,0.5517,2.3822
111.3600,0.4952,2.1353
111.3602,0.4964,2.1415
111.3604,0.4994,2.1564
111.3606,0.4966,2.1435
111.3608,0.5002,2.159
111.3610,0.499,2.1529
111.3612,0.564,2.4276
111.3614,0.6689,2.8778
111.3616,0.7496,3.219
111.3618,0.7758,3.339
111.3620,0.6875,2.9605
111.3622,0.6877,2.9569
111.3624,0.7106,3.0554
111.3626,0.7848,3.3714
111.3628,0.7829,3.3647
111.3630,0.7932,3.4075
111.3632,0.8293,3.5625
111.3634,0.7452,3.2059
111.3636,0.7265,3.1225
111.3638,0.7146,3.0772
111.3640,0.6751,2.9055
111.3642,0.7571,3.2509
111.3644,0.8125,3.4888
111.3646,0.8742,3.7504
111.3648,0.9766,4.1897
111.3650,0.9578,4.1051
111.3652,0.9383,4.0232
111.3654,0.9627,4.1378
111.3656,0.8547,3.6717
111.3658,0.8339,3.5809
111.3660,0.8651,3.7165
111.3662,0.8902,3.8171
111.3664,0.9475,4.0628
111.3666,0.9458,4.0575
111.3668,0.9568,4.1048
111.3670,0.9052,3.8904
111.3672,0.8083,3.4756
111.3674,0.7905,3.4072
111.3676,0.6925,2.9775
111.3678,0.6964,3.0001
111.3680,0.6552,2.8198
111.3682,0.6917,2.98
111.3684,0.6847,2.9522
111.3686,0.5995,2.5851
111.3688,0.6128,2.6401
111.3690,0.6452,2.7808
111.3692,0.642,2.7669
111.3694,0.5915,2.547
111.3696,0.6018,2.595
111.3698,0.6127,2.6396
111.3700,0.6703,2.8889
111.3702,0.617,2.6582
111.3704,0.6555,2.8266
111.3706,0.6206,2.6761
111.3708,0.6025,2.5981
111.3710,0.563,2.4252
111.3712,0.645,2.7798
111.3714,0.5863,2.5283
111.3716,0.5793,2.4955
111.3718,0.6585,2.8316
111.3720,0.701,3.0226
111.3722,0.6345,2.7336
111.3724,0.6643,2.8604
111.3726,0.6759,2.9091
111.3728,0.7065,3.035
111.3730,0.7526,3.2364
111.3732,0.7235,3.1125
111.3734,0.7586,3.2637
111.3736,0.6745,2.9042
111.3738,0.6542,2.8196
111.3740,0.65,2.7976
111.3742,0.663,2.8534
111.3744,0.6508,2.8038
111.3746,0.5994,2.5846
111.3748,0.5713,2.4614
111.3750,0.6336,2.7294
111.3752,0.6397,2.7596
111.3754,0.5911,2.5478
111.3756,0.6156,2.6532
111.3758,0.5754,2.4824
111.3760,0.4878,2.1052
111.3762,0.4842,2.0887
111.3764,0.4842,2.0897
111.3766,0.4951,2.1348
111.3768,0.5407,2.3313
111.3770,0.5921,2.5543
111.3772,0.5609,2.4175
111.3774,0.5471,2.3603
111.3776,0.5365,2.3089
111.3778,0.5844,2.5177
111.3780,0.5615,2.4213
111.3782,0.5612,2.4186
111.3784,0.6122,2.6375
111.3786,0.6104,2.6334
111.3788,0.5612,2.4208
111.3790,0.557,2.4016
111.3792,0.5737,2.4694
111.3794,0.6307,2.7133
111.3796,0.6847,2.9495
111.3798,0.6849,2.9451
111.3800,0.7115,3.0638
111.3802,0.6502,2.8039
111.3804,0.5776,2.4917
111.3806,0.5546,2.3913
111.3808,0.5492,2.3669
111.3810,0.5481,2.3633
111.3812,0.5565,2.4007
111.3814,0.5506,2.3731
111.3816,0.5528,2.3791
111.3818,0.6215,2.6785
111.3820,0.579,2.4967
111.3822,0.5457,2.3519
111.3824,0.5379,2.3183
111.3826,0.5681,2.4451
111.3828,0.6185,2.6631
111.3830,0.6035,2.6022
111.3832,0.5475,2.3619
111.3834,0.5339,2.3023
111.3836,0.5324,2.2945
111.3838,0.5872,2.5319
111.3840,0.5233,2.2574
111.3842,0.4717,2.0368
111.3844,0.4673,2.0167
111.3846,0.4655,2.008
111.3848,0.4663,2.0117
111.3850,0.4701,2.0254
111.3852,0.5299,2.2837
111.3854,0.5699,2.4563
111.3856,0.5905,2.5405
111.3858,0.6468,2.785
111.3860,0.612,2.634
111.3862,0.6041,2.6024
111.3864,0.5566,2.4001
111.3866,0.5024,2.1643
111.3868,0.5552,2.3927
111.3870,0.5905,2.5464
111.3872,0.5927,2.5533
111.3874,0.5942,2.5588
111.3876,0.5869,2.5285
111.3878,0.527,2.2745
111.3880,0.4723,2.0366
111.3882,0.5947,2.5609
111.3884,0.6046,2.6057
111.3886,0.5559,2.3936
111.3888,0.5758,2.4793
111.3890,0.6052,2.6058
111.3892,0.5884,2.5347
111.3894,0.6052,2.6034
111.3896,0.6026,2.5926
111.3898,0.6022,2.5941
111.3900,0.5892,2.5383
111.3902,0.6109,2.6269
111.3904,0.6915,2.9748
111.3906,0.6389,2.7496
111.3908,0.6253,2.6926
111.3910,0.6103,2.628
111.3912,0.5883,2.5318
111.3914,0.6326,2.7203
111.3916,0.682,2.9354
111.3918,0.6307,2.7158
111.3920,0.5554,2.396
111.3922,0.5118,2.2046
111.3924,0.585,2.5179
111.3926,0.609,2.6199
111.3928,0.6128,2.6364
111.3930,0.6091,2.6204
111.3932,0.6559,2.8229
111.3934,0.6422,2.7654
111.3936,0.647,2.786
111.3938,0.5832,2.5113
111.3940,0.5896,2.5363
111.3942,0.6439,2.7726
111.3944,0.6428,2.7641
111.3946,0.6986,3.0024
111.3948,0.7216,3.0971
111.3950,0.8428,3.619
111.3952,0.8506,3.6508
111.3954,0.836,3.5847
111.3956,0.8523,3.6597
111.3958,0.7585,3.2616
111.3960,0.7548,3.2396
111.3962,0.8419,3.6099
111.3964,0.8072,3.471
111.3966,0.7166,3.0797
111.3968,0.8347,3.574
111.3970,0.9754,4.1768
111.3972,0.9722,4.1649
111.3974,0.9921,4.2501
111.3976,0.9844,4.2173
111.3978,0.962,4.1212
111.3980,0.9791,4.1966
111.3982,0.956,4.1012
111.3984,0.9375,4.0183
111.3986,0.9104,3.9094
111.3988,0.8524,3.6636
111.3990,0.8338,3.5804
111.3992,0.8146,3.4948
111.3994,0.869,3.7243
111.3996,0.879,3.7763
111.3998,0.8006,3.441
111.4000,0.8288,3.5605
111.4002,0.7927,3.4054
111.4004,0.8037,3.4528
111.4006,0.8211,3.5258
111.4008,0.817,3.5116
111.4010,0.7556,3.2523
111.4012,0.6869,2.9552
111.4014,0.6992,3.0064
111.4016,0.7601,3.2729
111.4018,0.7077,3.0416
111.4020,0.7059,3.0367
111.4022,0.7453,3.2079
111.4024,0.7041,3.029
111.4026,0.6962,2.9963
111.4028,0.6649,2.8629
111.4030,0.6909,2.975
111.4032,0.6856,2.9509
111.4034,0.6999,3.0137
111.4036,0.6314,2.7176
111.4038,0.7221,3.1049
111.4040,0.7528,3.2354
111.4042,0.7373,3.1733
111.4044,0.704,3.0299
111.4046,0.7088,3.0491
111.4048,0.6797,2.9297
111.4050,0.6006,2.5862
111.4052,0.6586,2.8321
111.4054,0.7278,3.1311
111.4056,0.6713,2.8855
111.4058,0.7046,3.0282
111.4060,0.72,3.1004
111.4062,0.6978,3.0035
111.4064,0.6687,2.8781
111.4066,0.6476,2.7899
111.4068,0.6597,2.8434
111.4070,0.6058,2.612
111.4072,0.565,2.434
111.4074,0.5567,2.3995
111.4076,0.5813,2.5019
111.4078,0.6204,2.6739
111.4080,0.5873,2.5312
111.4082,0.5907,2.5433
111.4084,0.6408,2.7579
111.4086,0.6393,2.7568
111.4088,0.5783,2.4925
111.4090,0.5772,2.4855
111.4092,0.611,2.6336
111.4094,0.5995,2.5827
111.4096,0.5555,2.3998
111.4098,0.4832,2.0865
111.4100,0.4946,2.1327
111.4102,0.5474,2.3591
111.4104,0.538,2.3199
111.4106,0.6233,2.6788
111.4108,0.7062,3.034
111.4110,0.7084,3.0518
111.4112,0.6457,2.7803
111.4114,0.6511,2.7997
111.4116,0.7261,3.1195
111.4118,0.7332,3.1558
111.4120,0.6648,2.8584
111.4122,0.6909,2.9708
111.4124,0.7463,3.2061
111.4126,0.7722,3.3189
111.4128,0.7632,3.2787
111.4130,0.8082,3.4751
111.4132,0.7494,3.2224
111.4134,0.7369,3.1674
111.4136,0.7944,3.4158
111.4138,0.7983,3.428
111.4140,0.7891,3.3915
111.4142,0.7741,3.3287
111.4144,0.7407,3.1863
111.4146,0.6972,3.001
111.4148,0.7468,3.2081
111.4150,0.8462,3.6318
111.4152,0.8501,3.6504
111.4154,0.8079,3.4692
111.4156,0.764,3.2838
111.4158,0.7805,3.3544
111.4160,0.7886,3.391
111.4162,0.7163,3.0887
111.4164,0.6267,2.7013
111.4166,0.6218,2.6776
111.4168,0.666,2.8716
111.4170,0.5895,2.5429
111.4172,0.5558,2.3964
111.4174,0.5524,2.3809
111.4176,0.5532,2.3867
111.4178,0.5526,2.3841
111.4180,0.5516,2.375
111.4182,0.6845,2.9449
111.4184,0.6934,2.9858
111.4186,0.5854,2.5241
111.4188,0.5752,2.4779
111.4190,0.6436,2.769
111.4192,0.6925,2.9831
111.4194,0.6889,2.9676
111.4196,0.6169,2.6589
111.4198,0.553,2.3834
111.4200,0.5499,2.3722
111.4202,0.5466,2.3571
111.4204,0.5508,2.3752
111.4206,0.5396,2.3256
111.4208,0.5472,2.3564
111.4210,0.591,2.5449
111.4212,0.6408,2.7592
111.4214,0.6709,2.8847
111.4216,0.7313,3.1431
111.4218,0.7857,3.374
111.4220,0.8433,3.6278
111.4222,0.691,2.9741
111.4224,0.6517,2.8035
111.4226,0.697,2.9999
111.4228,0.6781,2.9238
111.4230,0.6094,2.6251
111.4232,0.5872,2.5272
111.4234,0.6249,2.691
111.4236,0.5925,2.5499
111.4238,0.5889,2.5368
111.4240,0.5339,2.3055
111.4242,0.4889,2.1099
111.4244,0.4884,2.1068
111.4246,0.486,2.0965
111.4248,0.4865,2.0986
111.4250,0.5362,2.3079
111.4252,0.6013,2.5905
111.4254,0.5799,2.498
111.4256,0.5426,2.3385
111.4258,0.5321,2.2935
111.4260,0.5324,2.2956
111.4262,0.5186,2.2362
111.4264,0.5217,2.2486
111.4266,0.5807,2.5028
111.4268,0.5945,2.5599
111.4270,0.6245,2.6877
111.4272,0.6002,2.5835
111.4274,0.6609,2.8393
111.4276,0.6775,2.9185
111.4278,0.5709,2.4593
111.4280,0.6086,2.622
111.4282,0.5865,2.5264
111.4284,0.5729,2.4669
111.4286,0.614,2.6391
111.4288,0.7287,3.1332
111.4290,0.7148,3.0706
111.4292,0.7201,3.0952
111.4294,0.7454,3.2024
111.4296,0.8248,3.5435
111.4298,0.8281,3.5557
111.4300,0.8313,3.5679
111.4302,0.8555,3.6719
111.4304,0.903,3.8703
111.4306,0.9676,4.1453
111.4308,0.973,4.1704
111.4310,0.9712,4.1627
111.4312,1.0163,4.358
111.4314,0.9453,4.0517
111.4316,0.9694,4.1492
111.4318,1.005,4.3076
111.4320,0.9947,4.2634
111.4322,0.9861,4.2244
111.4324,1.004,4.303
111.4326,1.0348,4.433
111.4328,1.0489,4.4894
111.4330,1.0972,4.6962
111.4332,1.129,4.8367
111.4334,1.0625,4.5495
111.4336,0.9932,4.2548
111.4338,1.0199,4.3693
111.4340,1.0472,4.4885
111.4342,0.994,4.2703
111.4344,0.8169,3.5144
111.4346,0.7134,3.0706
111.4348,0.764,3.2899
111.4350,0.7205,3.1011
111.4352,0.724,3.1117
111.4354,0.7773,3.3426
111.4356,0.7824,3.3611
111.4358,0.8326,3.5786
111.4360,0.8241,3.5437
111.4362,0.7972,3.4266
111.4364,0.8018,3.4413
111.4366,0.8499,3.6477
111.4368,0.8458,3.6319
111.4370,0.8684,3.7322
111.4372,0.8365,3.5934
111.4374,0.8113,3.4869
111.4376,0.8001,3.4453
111.4378,0.7019,3.0211
111.4380,0.665,2.8674
111.4382,0.5416,2.3398
111.4384,0.486,2.0984
111.4386,0.4983,2.1498
111.4388,0.5372,2.3152
111.4390,0.609,2.6248
111.4392,0.6119,2.6421
111.4394,0.5169,2.2279
111.4396,0.5845,2.5182
111.4398,0.6311,2.7161
111.4400,0.6832,2.9419
111.4402,0.6679,2.8785
111.4404,0.6695,2.8831
111.4406,0.6778,2.9173
111.4408,0.6747,2.908
111.4410,0.6115,2.6369
111.4412,0.6049,2.6036
111.4414,0.6805,2.9287
111.4416,0.7357,3.1651
111.4418,0.6848,2.9486
111.4420,0.63,2.7152
111.4422,0.6182,2.6633
111.4424,0.6672,2.8728
111.4426,0.6803,2.9268
111.4428,0.6535,2.8178
111.4430,0.5402,2.3314
111.4432,0.492,2.1233
111.4434,0.4924,2.1254
111.4436,0.4908,2.1182
111.4438,0.523,2.2563
111.4440,0.563,2.4275
111.4442,0.5793,2.4966
111.4444,0.5892,2.5407
111.4446,0.5963,2.57
111.4448,0.6498,2.794
111.4450,0.698,3.0013
111.4452,0.7261,3.121
111.4454,0.7745,3.3302
111.4456,0.8043,3.4554
111.4458,0.8366,3.5906
111.4460,0.8299,3.5684
111.4462,0.7549,3.2522
111.4464,0.647,2.7847
111.4466,0.6651,2.8613
111.4468,0.7124,3.066
111.4470,0.7373,3.1718
111.4472,0.7624,3.2797
111.4474,0.7537,3.2425
111.4476,0.6868,2.9588
111.4478,0.6458,2.7834
111.4480,0.6161,2.6491
111.4482,0.7578,3.2585
111.4484,0.7079,3.0483
111.4486,0.647,2.7886
111.4488,0.6252,2.6933
111.4490,0.6552,2.8224
111.4492,0.6225,2.6794
111.4494,0.6731,2.8986
111.4496,0.6695,2.8844
111.4498,0.6408,2.7566
111.4500,0.6809,2.9349
111.4502,0.6142,2.647
111.4504,0.6044,2.6051
111.4506,0.6642,2.8572
111.4508,0.757,3.2519
111.4510,0.7216,3.1028
111.4512,0.7389,3.1771
111.4514,0.7703,3.3091
111.4516,0.7807,3.3539
111.4518,0.7754,3.3312
111.4520,0.8157,3.5108
111.4522,0.7992,3.4316
111.4524,0.8296,3.5641
111.4526,0.7885,3.3858
111.4528,0.8601,3.6897
111.4530,0.8644,3.71
111.4532,0.8446,3.6268
111.4534,0.8588,3.6961
111.4536,0.788,3.3869
111.4538,0.7514,3.2327
111.4540,0.7624,3.2827
111.4542,0.6889,2.9662
111.4544,0.6547,2.8151
111.4546,0.7488,3.2229
111.4548,0.7022,3.0207
111.4550,0.7326,3.1517
111.4552,0.7355,3.1671
111.4554,0.7205,3.1011
111.4556,0.7411,3.1869
111.4558,0.7257,3.1247
111.4560,0.6469,2.7868
111.4562,0.6824,2.9356
111.4564,0.7203,3.0986
111.4566,0.7077,3.0459
111.4568,0.7056,3.0371
111.4570,0.7832,3.3678
111.4572,0.7998,3.439
111.4574,0.7615,3.2715
111.4576,0.7146,3.0815
111.4578,0.6058,2.6096
111.4580,0.6365,2.7393
111.4582,0.7306,3.1415
111.4584,0.7225,3.1142
111.4586,0.6225,2.6844
111.4588,0.5999,2.5855
111.4590,0.6038,2.6026
111.4592,0.6032,2.6
111.4594,0.5528,2.3846
111.4596,0.5019,2.1673
111.4598,0.4977,2.1482
111.4600,0.5028,2.1699
111.4602,0.4981,2.1517
111.4604,0.5359,2.3074
111.4606,0.6151,2.6499
111.4608,0.6082,2.6199
111.4610,0.613,2.6406
111.4612,0.6514,2.8038
111.4614,0.7254,3.1164
111.4616,0.7809,3.3534
111.4618,0.8202,3.5217
111.4620,0.8166,3.5112
111.4622,0.8055,3.4605
111.4624,0.8565,3.676
111.4626,0.8908,3.8214
111.4628,0.8977,3.853
111.4630,0.891,3.826
111.4632,0.8688,3.7273
111.4634,0.8938,3.8343
111.4636,0.8702,3.7416
111.4638,0.814,3.4938
111.4640,0.9341,4.0015
111.4642,0.9807,4.2033
111.4644,0.9734,4.1739
111.4646,1.0235,4.3847
111.4648,1.0306,4.4171
111.4650,1.0233,4.3878
111.4652,1.0428,4.4695
111.4654,1.1023,4.7178
111.4656,1.1597,4.9613
111.4658,1.0493,4.4972
111.4660,0.9767,4.1883
111.4662,1.0245,4.3888
111.4664,1.0956,4.6934
111.4666,1.0315,4.4315
111.4668,0.9196,3.9504
111.4670,0.867,3.7248
111.4672,0.8166,3.5112
111.4674,0.8588,3.6841
111.4676,0.9017,3.87
111.4678,0.888,3.8131
111.4680,0.929,3.9855
111.4682,1.0097,4.3317
111.4684,0.9909,4.247
111.4686,0.9649,4.1374
111.4688,0.9452,4.0606
111.4690,0.8145,3.504
111.4692,0.8181,3.5162
111.4694,0.8484,3.65
111.4696,0.7952,3.4194
111.4698,0.7922,3.4128
111.4700,0.7061,3.0434
111.4702,0.7197,3.1018
111.4704,0.7163,3.0844
111.4706,0.6908,2.9758
111.4708,0.6713,2.8908
111.4710,0.7601,3.2699
111.4712,0.8398,3.6112
111.4714,0.8649,3.7155
111.4716,0.877,3.764
111.4718,0.9053,3.8891
111.4720,0.919,3.9386
111.4722,0.988,4.2386
111.4724,0.9777,4.1924
111.4726,1.0251,4.3955
111.4728,1.036,4.4485
111.4730,0.9367,4.0259
111.4732,0.8591,3.6942
111.4734,0.8529,3.6674
111.4736,0.8698,3.7366
111.4738,0.8294,3.568
111.4740,0.7701,3.3193
111.4742,0.7008,3.0178
111.4744,0.7718,3.3204
111.4746,0.8273,3.5543
111.4748,0.9094,3.9066
111.4750,0.9576,4.1099
111.4752,1.0095,4.3347
111.4754,0.903,3.8883
111.4756,0.7465,3.219
111.4758,0.7011,3.0217
111.4760,0.7055,3.0351
111.4762,0.7622,3.2791
111.4764,0.7866,3.387
111.4766,0.7602,3.2764
111.4768,0.7096,3.0569
111.4770,0.6948,2.9906
111.4772,0.7359,3.1686
111.4774,0.7679,3.308
111.4776,0.7829,3.3679
111.4778,0.7616,3.2796
111.4780,0.7691,3.3055
111.4782,0.8956,3.8492
111.4784,0.8456,3.6376
111.4786,0.7572,3.2605
111.4788,0.786,3.3828
111.4790,0.851,3.654
111.4792,0.897,3.8589
111.4794,0.83,3.5756
111.4796,0.7543,3.2481
111.4798,0.7245,3.1181
111.4800,0.7227,3.1118
111.4802,0.7225,3.1113
111.4804,0.7233,3.1158
111.4806,0.719,3.0972
111.4808,0.7221,3.1078
111.4810,0.7167,3.0874
111.4812,0.7169,3.0885
111.4814,0.7767,3.3369
111.4816,0.9046,3.8842
111.4818,0.9106,3.9136
111.4820,0.8554,3.6782
111.4822,0.7735,3.3338
111.4824,0.7217,3.1091
111.4826,0.7342,3.1599
111.4828,0.7398,3.1842
111.4830,0.7326,3.1517
111.4832,0.7146,3.0772
111.4834,0.7094,3.0531
111.4836,0.7257,3.1276
111.4838,0.623,2.6902
111.4840,0.5555,2.3998
111.4842,0.5476,2.3635
111.4844,0.5526,2.3852
111.4846,0.551,2.3747
111.4848,0.6772,2.9161
111.4850,0.6789,2.9288
111.4852,0.5608,2.4215
111.4854,0.5512,2.3812
111.4856,0.6022,2.5941
111.4858,0.6835,2.9416
111.4860,0.7311,3.145
111.4862,0.7904,3.4051
111.4864,0.6526,2.8155
111.4866,0.5709,2.4627
111.4868,0.5682,2.4502
111.4870,0.6484,2.7961
111.4872,0.6122,2.64
111.4874,0.6514,2.8051
111.4876,0.7596,3.2648
111.4878,0.8012,3.4484
111.4880,0.702,3.0174
111.4882,0.8174,3.5132
111.4884,0.7719,3.324
111.4886,0.723,3.1162
111.4888,0.7084,3.0546
111.4890,0.7247,3.122
111.4892,0.7041,3.0318
111.4894,0.7136,3.0726
111.4896,0.7092,3.0526
111.4898,0.7748,3.3302
111.4900,0.7833,3.3699
111.4902,0.7359,3.1657
111.4904,0.7549,3.2522
111.4906,0.7053,3.0412
111.4908,0.6199,2.6743
111.4910,0.5223,2.2574
111.4912,0.4975,2.1481
111.4914,0.5454,2.3509
111.4916,0.6621,2.8484
111.4918,0.7082,3.0522
111.4920,0.6288,2.7138
111.4922,0.5863,2.5294
111.4924,0.6348,2.7359
111.4926,0.6385,2.7506
111.4928,0.639,2.754
111.4930,0.656,2.826
111.4932,0.6767,2.9127
111.4934,0.6735,2.9001
111.4936,0.6913,2.9779
111.4938,0.6784,2.924
111.4940,0.6253,2.6951
111.4942,0.6048,2.6067
111.4944,0.6061,2.6099
111.4946,0.6209,2.6735
111.4948,0.691,2.9755
111.4950,0.7048,3.0335
111.4952,0.7415,3.1884
111.4954,0.746,3.208
111.4956,0.7926,3.4128
111.4958,0.7489,3.2234
111.4960,0.7482,3.2173
111.4962,0.7909,3.4024
111.4964,0.8499,3.646
111.4966,0.9572,4.1026
111.4968,0.9499,4.0731
111.4970,0.9541,4.0949
111.4972,0.9681,4.1513
111.4974,0.9815,4.2089
111.4976,0.9928,4.2612
111.4978,0.9938,4.2653
111.4980,0.9355,4.0077
111.4982,1.0138,4.3451
111.4984,1.0227,4.3832
111.4986,1.0409,4.4571
111.4988,1.1004,4.714
111.4990,1.1028,4.7242
111.4992,1.085,4.6482
111.4994,1.0225,4.3908
111.4996,0.9236,3.9624
111.4998,0.9841,4.2256
111.5000,0.9731,4.1768
111.5002,0.9477,4.0733
111.5004,0.8865,3.8189
111.5006,0.7254,3.1251
111.5008,0.6678,2.8807
111.5010,0.6037,2.6057
111.5012,0.6097,2.6279
111.5014,0.6333,2.7297
111.5016,0.6904,2.9771
111.5018,0.6432,2.7733
111.5020,0.638,2.7524
111.5022,0.6475,2.7907
111.5024,0.661,2.8504
111.5026,0.6195,2.6703
111.5028,0.6486,2.7953
111.5030,0.6721,2.8966
111.5032,0.6462,2.7901
111.5034,0.5743,2.4754
111.5036,0.6498,2.8005
111.5038,0.6296,2.7137
111.5040,0.6217,2.6796
111.5042,0.6385,2.7545
111.5044,0.5941,2.5607
111.5046,0.6031,2.6019
111.5048,0.602,2.5972
111.5050,0.5797,2.4987
111.5052,0.63,2.7165
111.5054,0.5935,2.5629
111.5056,0.5622,2.4244
111.5058,0.5682,2.4513
111.5060,0.5728,2.471
111.5062,0.5928,2.5574
111.5064,0.5627,2.4242
111.5066,0.6302,2.7175
111.5068,0.5895,2.5417
111.5070,0.61,2.6314
111.5072,0.6101,2.6306
111.5074,0.6043,2.607
111.5076,0.6167,2.6603
111.5078,0.6071,2.6165
111.5080,0.6204,2.6689
111.5082,0.7194,3.0964
111.5084,0.7307,3.1508
111.5086,0.623,2.6877
111.5088,0.555,2.3933
111.5090,0.5948,2.5662
111.5092,0.542,2.3402
111.5094,0.501,2.1612
111.5096,0.5283,2.2801
111.5098,0.5294,2.2848
111.5100,0.4815,2.0822
111.5102,0.4655,2.008
111.5104,0.5395,2.3229
111.5106,0.6191,2.6719
111.5108,0.5468,2.3566
111.5110,0.576,2.4827
111.5112,0.5608,2.4159
111.5114,0.5916,2.5475
111.5116,0.6836,2.9449
111.5118,0.6548,2.8209
111.5120,0.6343,2.7313
111.5122,0.6802,2.9277
111.5124,0.7096,3.0541
111.5126,0.7344,3.158
111.5128,0.7609,3.2689
111.5130,0.7625,3.2802
111.5132,0.7447,3.2038
111.5134,0.7504,3.2266
111.5136,0.7199,3.0999
111.5138,0.6832,2.9392
111.5140,0.6964,2.9973
111.5142,0.6377,2.7457
111.5144,0.6287,2.7095
111.5146,0.6332,2.7266
111.5148,0.6976,2.9997
111.5150,0.8308,3.5742
111.5152,0.7695,3.3091
111.5154,0.7534,3.238
111.5156,0.7753,3.3354
111.5158,0.7484,3.2243
111.5160,0.6251,2.6953
111.5162,0.5615,2.4224
111.5164,0.5387,2.323
111.5166,0.5817,2.5058
111.5168,0.5895,2.5441
111.5170,0.5096,2.2004
111.5172,0.4904,2.1176
111.5174,0.4892,2.1114
111.5176,0.5251,2.263
111.5178,0.5312,2.2904
111.5180,0.4874,2.1046
111.5182,0.5174,2.2331
111.5184,0.5193,2.2413
111.5186,0.4802,2.0736
111.5188,0.4767,2.0567
111.5190,0.5177,2.2305
111.5192,0.5681,2.4463
111.5194,0.6136,2.6432
111.5196,0.6049,2.6096
111.5198,0.5897,2.5416
111.5200,0.5377,2.3194
111.5202,0.4893,2.111
111.5204,0.5079,2.1922
111.5206,0.5218,2.2491
111.5208,0.5733,2.4696
111.5210,0.6336,2.7294
111.5212,0.5832,2.5148
111.5214,0.5565,2.3973
111.5216,0.546,2.3546
111.5218,0.5501,2.3721
111.5220,0.6122,2.6363
111.5222,0.6101,2.6245
111.5224,0.6543,2.8149
111.5226,0.6206,2.6724
111.5228,0.6289,2.708
111.5230,0.642,2.7656
111.5232,0.6065,2.6127
111.5234,0.6192,2.6662
111.5236,0.6724,2.8928
111.5238,0.6725,2.896
111.5240,0.6305,2.7148
111.5242,0.6053,2.6039
111.5244,0.5987,2.5779
111.5246,0.5948,2.5614
111.5248,0.5941,2.5607
111.5250,0.5907,2.5457
111.5252,0.5907,2.5445
111.5254,0.6138,2.6442
111.5256,0.6195,2.6678
111.5258,0.5951,2.5648
111.5260,0.5841,2.5138
111.5262,0.6043,2.6022
111.5264,0.5929,2.5579
111.5266,0.5241,2.261
111.5268,0.5333,2.2955
111.5270,0.6398,2.7576
111.5272,0.5457,2.3508
111.5274,0.5836,2.514
111.5276,0.6024,2.5927
111.5278,0.6892,2.9609
111.5280,0.7106,3.054
111.5282,0.7765,3.339
111.5284,0.6867,2.9597
111.5286,0.6121,2.6309
111.5288,0.7468,3.2126
111.5290,0.742,3.186
111.5292,0.7877,3.379
111.5294,0.8372,3.5948
111.5296,0.7749,3.3323
111.5298,0.7457,3.2094
111.5300,0.7646,3.2788
111.5302,0.9301,3.9827
111.5304,0.9843,4.2226
111.5306,0.9313,3.9934
111.5308,0.8891,3.8107
111.5310,0.8698,3.7331
111.5312,0.8528,3.6567
111.5314,0.9139,3.9189
111.5316,0.9715,4.1657
111.5318,1.0086,4.315
111.5320,1.0863,4.6517
111.5322,1.05,4.494
111.5324,1.062,4.5454
111.5326,1.0801,4.6207
111.5328,1.107,4.7356
111.5330,1.0628,4.5553
111.5332,1.0522,4.5054
111.5334,1.0449,4.4741
111.5336,1.018,4.3631
111.5338,1.0011,4.2887
111.5340,0.9873,4.2316
111.5342,0.9308,3.9969
111.5344,0.9054,3.8878
111.5346,0.9138,3.9147
111.5348,1.0289,4.4078
111.5350,1.0209,4.3734
111.5352,1.0161,4.361
111.5354,0.9393,4.0373
111.5356,0.8669,3.7225
111.5358,0.9094,3.903
111.5360,0.8576,3.6824
111.5362,0.8669,3.7208
111.5364,0.9585,4.1082
111.5366,0.9776,4.1978
111.5368,0.9054,3.886
111.5370,0.8616,3.6981
111.5372,0.873,3.7593
111.5374,0.6933,2.9881
111.5376,0.6932,2.9834
111.5378,0.7379,3.1729
111.5380,0.7554,3.2497
111.5382,0.7235,3.1154
111.5384,0.7127,3.0647
111.5386,0.776,3.3385
111.5388,0.761,3.2709
111.5390,0.8002,3.4459
111.5392,0.7344,3.1609
111.5394,0.7855,3.3745
111.5396,0.8074,3.4688
111.5398,0.8769,3.7688
111.5400,0.7673,3.3039
111.5402,0.7213,3.1076
111.5404,0.6848,2.9528
111.5406,0.6118,2.6391
111.5408,0.594,2.5649
111.5410,0.5921,2.5543
111.5412,0.6166,2.6524
111.5414,0.7305,3.1424
111.5416,0.717,3.0947
111.5418,0.6122,2.6351
111.5420,0.657,2.8302
111.5422,0.6543,2.824
111.5424,0.58,2.5032
111.5426,0.58,2.4986
111.5428,0.6059,2.6138
111.5430,0.6062,2.6153
111.5432,0.5847,2.5222
111.5434,0.585,2.5202
111.5436,0.6168,2.6596
111.5438,0.5881,2.536
111.5440,0.5782,2.4943
111.5442,0.5806,2.5046
111.5444,0.5827,2.5128
111.5446,0.5797,2.4987
111.5448,0.6308,2.7163
111.5450,0.7206,3.0958
111.5452,0.8367,3.5928
111.5454,0.819,3.5215
111.5456,0.8041,3.464
111.5458,0.7034,3.0343
111.5460,0.615,2.6494
111.5462,0.6511,2.8062
111.5464,0.5981,2.5801
111.5466,0.6032,2.6
111.5468,0.6071,2.6141
111.5470,0.6149,2.6476
111.5472,0.6597,2.8394
111.5474,0.7088,3.0519
111.5476,0.712,3.0659
111.5478,0.6794,2.9254
111.5480,0.6783,2.9167
111.5482,0.7682,3.308
111.5484,0.7107,3.0602
111.5486,0.6494,2.8015
111.5488,0.5893,2.5424
111.5490,0.5957,2.5662
111.5492,0.614,2.6489
111.5494,0.5318,2.2952
111.5496,0.5432,2.3432
111.5498,0.543,2.3416
111.5500,0.5137,2.217
111.5502,0.5213,2.2491
111.5504,0.5347,2.3065
111.5506,0.5371,2.3201
111.5508,0.5179,2.2372
111.5510,0.5096,2.1984
111.5512,0.5071,2.1865
111.5514,0.6114,2.6302
111.5516,0.6853,2.9521
111.5518,0.6245,2.6927
111.5520,0.5465,2.3577
111.5522,0.6073,2.6175
111.5524,0.7064,3.0359
111.5526,0.757,3.2534
111.5528,0.7777,3.341
111.5530,0.7807,3.357
111.5532,0.794,3.4127
111.5534,0.7299,3.1369
111.5536,0.7235,3.1169
111.5538,0.6456,2.7824
111.5540,0.6457,2.7803
111.5542,0.7086,3.0486
111.5544,0.7541,3.2441
111.5546,0.7868,3.3802
111.5548,0.8219,3.5294
111.5550,0.8096,3.4797
111.5552,0.8041,3.4559
111.5554,0.7471,3.2201
111.5556,0.627,2.7023
111.5558,0.6511,2.8023
111.5560,0.6782,2.9189
111.5562,0.686,2.9524
111.5564,0.7001,3.0161
111.5566,0.6459,2.7839
111.5568,0.6049,2.606
111.5570,0.6016,2.5951
111.5572,0.6007,2.5891
111.5574,0.6372,2.7449
111.5576,0.6145,2.6486
111.5578,0.5921,2.5531
111.5580,0.5887,2.5363
111.5582,0.6447,2.7749
111.5584,0.6805,2.9273
111.5586,0.6667,2.8747
111.5588,0.6058,2.6132
111.5590,0.5355,2.3101
111.5592,0.4904,2.1176
111.5594,0.4899,2.1155
111.5596,0.4911,2.1187
111.5598,0.5017,2.1622
111.5600,0.588,2.5355
111.5602,0.5667,2.4446
111.5604,0.5019,2.1663
111.5606,0.5097,2.1969
111.5608,0.5504,2.3699
111.5610,0.5873,2.5265
111.5612,0.6658,2.8591
111.5614,0.7613,3.2735
111.5616,0.726,3.1248
111.5618,0.6829,2.9349
111.5620,0.7544,3.2456
111.5622,0.7101,3.0533
111.5624,0.7526,3.2318
111.5626,0.7982,3.4307
111.5628,0.8209,3.5182
111.5630,0.9857,4.219
111.5632,1.0005,4.2921
111.5634,0.9277,3.9799
111.5636,0.91,3.9037
111.5638,0.9092,3.9006
111.5640,0.9386,4.0248
111.5642,0.9621,4.1217
111.5644,0.9513,4.0736
111.5646,1.0019,4.2923
111.5648,1.0296,4.4089
111.5650,1.1056,4.7344
111.5652,1.0714,4.5897
111.5654,1.0526,4.5053
111.5656,1.0708,4.585
111.5658,1.0126,4.3481
111.5660,0.8857,3.8069
111.5662,0.8079,3.4741
111.5664,0.7855,3.3761
111.5666,0.8735,3.7526
111.5668,0.8157,3.5076
111.5670,0.7428,3.1941
111.5672,0.7658,3.2931
111.5674,0.7344,3.1565
111.5676,0.7826,3.3621
111.5678,0.7839,3.3694
111.5680,0.7969,3.4314
111.5682,0.7603,3.2694
111.5684,0.8134,3.501
111.5686,0.7062,3.0425
111.5688,0.6777,2.9168
111.5690,0.6494,2.7989
111.5692,0.6198,2.67
111.5694,0.6237,2.6846
111.5696,0.6465,2.7839
111.5698,0.6719,2.8947
111.5700,0.6761,2.9128
111.5702,0.706,3.0386
111.5704,0.641,2.7602
111.5706,0.6157,2.6513
111.5708,0.6609,2.8459
111.5710,0.6952,2.9894
111.5712,0.7552,3.2472
111.5714,0.7559,3.2578
111.5716,0.6235,2.6886
111.5718,0.6036,2.6015
111.5720,0.6395,2.756
111.5722,0.6156,2.6495
111.5724,0.6781,2.9184
111.5726,0.685,2.9497
111.5728,0.6965,2.9979
111.5730,0.7064,3.043
111.5732,0.6507,2.8059
111.5734,0.6523,2.81
111.5736,0.6356,2.737
111.5738,0.6477,2.7917
111.5740,0.6233,2.6875
111.5742,0.5892,2.5395
111.5744,0.5928,2.555
111.5746,0.5392,2.3294
111.5748,0.496,2.1399
111.5750,0.5898,2.5409
111.5752,0.5932,2.5554
111.5754,0.5716,2.4635
111.5756,0.544,2.3447
111.5758,0.5175,2.2336
111.5760,0.4948,2.1348
111.5762,0.5602,2.4156
111.5764,0.5699,2.4574
111.5766,0.5571,2.401
111.5768,0.5609,2.4198
111.5770,0.5604,2.4166
111.5772,0.5615,2.4201
111.5774,0.5591,2.412
111.5776,0.5598,2.414
111.5778,0.5763,2.4825
111.5780,0.6287,2.7095
111.5782,0.6583,2.8319
111.5784,0.6855,2.949
111.5786,0.6764,2.9112
111.5788,0.6423,2.7672
111.5790,0.591,2.5473
111.5792,0.541,2.335
111.5794,0.5318,2.2952
111.5796,0.5324,2.2956
111.5798,0.5321,2.2935
111.5800,0.5348,2.307
111.5802,0.5324,2.2967
111.5804,0.5273,2.2728
111.5806,0.5296,2.2837
111.5808,0.5351,2.3064
111.5810,0.5336,2.3029
111.5812,0.539,2.324
111.5814,0.5421,2.3364
111.5816,0.5311,2.291
111.5818,0.5329,2.2977
111.5820,0.5308,2.2878
111.5822,0.5277,2.2754
111.5824,0.5199,2.2408
111.5826,0.5512,2.3735
111.5828,0.6446,2.777
111.5830,0.5754,2.4847
111.5832,0.4942,2.1342
111.5834,0.477,2.0577
111.5836,0.476,2.0526
111.5838,0.4755,2.0496
111.5840,0.4754,2.051
111.5842,0.4787,2.0649
111.5844,0.4746,2.0474
111.5846,0.4742,2.0477
111.5848,0.4701,2.0292
111.5850,0.4648,2.004
111.5852,0.517,2.2274
111.5854,0.5631,2.4235
111.5856,0.6059,2.6089
111.5858,0.5919,2.5521
111.5860,0.5703,2.4579
111.5862,0.6235,2.6811
111.5864,0.6703,2.8875
111.5866,0.5823,2.5107
111.5868,0.5994,2.5798
111.5870,0.6348,2.7308
111.5872,0.6793,2.9235
111.5874,0.6101,2.6258
111.5876,0.5848,2.518
111.5878,0.6163,2.6563
111.5880,0.5879,2.5315
111.5882,0.6308,2.7125
111.5884,0.7242,3.1113
111.5886,0.7207,3.0978
111.5888,0.6849,2.9437
111.5890,0.7162,3.0768
111.5892,0.7367,3.1663
111.5894,0.698,3.0026
111.5896,0.701,3.0155
111.5898,0.7166,3.0826
111.5900,0.7126,3.0627
111.5902,0.7211,3.1022
111.5904,0.6088,2.6213
111.5906,0.5922,2.5512
111.5908,0.6137,2.6412
111.5910,0.6197,2.6671
111.5912,0.6278,2.7021
111.5914,0.682,2.9327
111.5916,0.7095,3.0479
111.5918,0.72,3.0961
111.5920,0.7242,3.1127
111.5922,0.7148,3.0691
111.5924,0.7417,3.188
111.5926,0.7498,3.221
111.5928,0.7728,3.3183
111.5930,0.7639,3.2818
111.5932,0.8007,3.4431
111.5934,0.7125,3.0636
111.5936,0.6957,2.9915
111.5938,0.7279,3.1258
111.5940,0.7913,3.3976
111.5942,0.8223,3.5359
111.5944,0.77,3.3096
111.5946,0.7552,3.2381
111.5948,0.9065,3.8852
111.5950,0.9532,4.0875
111.5952,0.9654,4.1356
111.5954,0.9702,4.1522
111.5956,1.0222,4.377
111.5958,1.0532,4.5058
111.5960,1.0607,4.5482
111.5962,1.0024,4.2963
111.5964,1.0061,4.3102
111.5966,1.0136,4.3441
111.5968,1.0181,4.3596
111.5970,1.0294,4.4016
111.5972,1.0909,4.6668
111.5974,1.1592,4.9639
111.5976,1.1588,4.9572
111.5978,1.1548,4.9356
111.5980,1.1746,5.0178
111.5982,1.1833,5.06
111.5984,1.1217,4.8054
111.5986,1.0595,4.5431
111.5988,0.9405,4.0405
111.5990,0.9192,3.947
111.5992,0.8761,3.7639
111.5994,0.8658,3.7196
111.5996,0.8766,3.766
111.5998,0.8524,3.6585
111.6000,0.9107,3.8995
111.6002,0.9919,4.259
111.6004,0.9186,3.9463
111.6006,0.9487,4.068
111.6008,0.9829,4.2165
111.6010,0.9411,4.0506
111.6012,0.7505,3.2316
111.6014,0.7083,3.0442
111.6016,0.7856,3.3782
111.6018,0.7897,3.3957
111.6020,0.8248,3.5451
111.6022,0.7788,3.3534
111.6024,0.73,3.1418
111.6026,0.7082,3.0507
111.6028,0.7025,3.0279
111.6030,0.6487,2.7906
111.6032,0.6655,2.8669
111.6034,0.7136,3.0711
111.6036,0.7494,3.2239
111.6038,0.7654,3.2956
111.6040,0.7849,3.3735
111.6042,0.7962,3.4187
111.6044,0.8691,3.7353
111.6046,0.9103,3.9125
111.6048,0.8566,3.6817
111.6050,0.8319,3.5722
111.6052,0.9624,4.1343
111.6054,0.8476,3.6498
111.6056,0.7206,3.1016
111.6058,0.7359,3.1642
111.6060,0.7464,3.214
111.6062,0.7,3.0142
111.6064,0.6902,2.9733
111.6066,0.7182,3.0927
111.6068,0.7198,3.0965
111.6070,0.7377,3.1734
111.6072,0.7508,3.2286
111.6074,0.7923,3.3991
111.6076,0.853,3.6679
111.6078,0.8223,3.5343
111.6080,0.7946,3.4216
111.6082,0.752,3.2338
111.6084,0.8101,3.4801
111.6086,0.8447,3.6323
111.6088,0.6977,3.0114
111.6090,0.6022,2.5965
111.6092,0.6046,2.602
111.6094,0.707,3.0456
111.6096,0.7181,3.0907
111.6098,0.7387,3.1795
111.6100,0.7118,3.0662
111.6102,0.7014,3.0162
111.6104,0.8743,3.7457
111.6106,1.0379,4.4505
111.6108,0.9868,4.2374
111.6110,0.9387,4.0309
111.6112,0.871,3.7435
111.6114,0.8024,3.4552
111.6116,0.7956,3.4241
111.6118,0.7938,3.4148
111.6120,0.7724,3.3245
111.6122,0.755,3.2497
111.6124,0.7763,3.3426
111.6126,0.7152,3.0755
111.6128,0.8096,3.4797
111.6130,0.8324,3.5809
111.6132,0.83,3.5706
111.6134,0.7642,3.2874
111.6136,0.7836,3.3631
111.6138,0.9686,4.1533
111.6140,1.0113,4.3343
111.6142,0.9018,3.8778
111.6144,0.8151,3.5083
111.6146,0.8227,3.5375
111.6148,0.8156,3.5119
111.6150,0.7261,3.1282
111.6152,0.6851,2.9543
111.6154,0.6146,2.654
111.6156,0.5524,2.3809
111.6158,0.5603,2.4183
111.6160,0.5577,2.4092
111.6162,0.5502,2.376
111.6164,0.5499,2.3722
111.6166,0.5475,2.364
111.6168,0.5517,2.3811
111.6170,0.6067,2.6137
111.6172,0.627,2.7048
111.6174,0.557,2.4038
111.6176,0.5463,2.3578
111.6178,0.5442,2.349
111.6180,0.5518,2.3794
111.6182,0.6173,2.6592
111.6184,0.6695,2.8844
111.6186,0.6808,2.9302
111.6188,0.7013,3.0185
111.6190,0.7417,3.1909
111.6192,0.6835,2.9443
111.6194,0.6472,2.7845
111.6196,0.6754,2.9124
111.6198,0.6396,2.7578
111.6200,0.6367,2.7429
111.6202,0.641,2.7538
111.6204,0.78,3.3555
111.6206,0.7104,3.062
111.6208,0.6474,2.7876
111.6210,0.6856,2.955
111.6212,0.6263,2.6979
111.6214,0.6235,2.6886
111.6216,0.6363,2.7413
111.6218,0.6444,2.7734
111.6220,0.6549,2.8188
111.6222,0.6739,2.9071
111.6224,0.5812,2.5072
111.6226,0.5499,2.3722
111.6228,0.5478,2.3645
111.6230,0.5417,2.3381
111.6232,0.5499,2.3722
111.6234,0.5733,2.4673
111.6236,0.695,2.9939
111.6238,0.6167,2.6579
111.6240,0.6011,2.5883
111.6242,0.6,2.5848
111.6244,0.6206,2.6749
111.6246,0.6056,2.6115
111.6248,0.6345,2.7349
111.6250,0.6014,2.591
111.6252,0.6416,2.7628
111.6254,0.6658,2.8657
111.6256,0.7175,3.0853
111.6258,0.7157,3.0819
111.6260,0.6829,2.9418
111.6262,0.6595,2.8423
111.6264,0.6074,2.6193
111.6266,0.5893,2.5377
111.6268,0.6606,2.8444
111.6270,0.6986,3.0038
111.6272,0.7389,3.1786
111.6274,0.7187,3.089
111.6276,0.7753,3.3323
111.6278,0.8413,3.6157
111.6280,0.7766,3.3395
111.6282,0.7413,3.1859
111.6284,0.7643,3.2894
111.6286,0.7173,3.0828
111.6288,0.8022,3.4429
111.6290,0.8996,3.8649
111.6292,0.8705,3.7397
111.6294,0.8909,3.8255
111.6296,0.9014,3.8672
111.6298,0.9073,3.8888
111.6300,0.9594,4.1099
111.6302,0.9993,4.2809
111.6304,1.0289,4.414
111.6306,1.0034,4.2964
111.6308,1.1234,4.8081
111.6310,1.1377,4.8715
111.6312,1.1106,4.7532
111.6314,1.1194,4.7979
111.6316,1.0398,4.4567
111.6318,1.0213,4.3734
111.6320,1.0765,4.6139
111.6322,1.0295,4.4166
111.6324,0.9469,4.0622
111.6326,0.917,3.9414
111.6328,0.876,3.7704
111.6330,0.8002,3.4411
111.6332,0.7573,3.2565
111.6334,0.8146,3.5013
111.6336,0.8399,3.6184
111.6338,0.6989,3.0138
111.6340,0.6952,2.995
111.6342,0.7024,3.0231
111.6344,0.7144,3.0747
111.6346,0.7335,3.1583
111.6348,0.7213,3.1047
111.6350,0.7246,3.1215
111.6352,0.7011,3.0175
111.6354,0.7288,3.1381
111.6356,0.7529,3.2389
111.6358,0.7812,3.3669
111.6360,0.6582,2.8367
111.6362,0.6294,2.7126
111.6364,0.6554,2.8261
111.6366,0.591,2.5484
111.6368,0.6061,2.6124
111.6370,0.6182,2.6683
111.6372,0.6218,2.6763
111.6374,0.724,3.116
111.6376,0.657,2.8367
111.6378,0.5275,2.2776
111.6380,0.5097,2.1989
111.6382,0.5652,2.4373
111.6384,0.5942,2.5648
111.6386,0.6108,2.635
111.6388,0.5993,2.5829
111.6390,0.6302,2.7162
111.6392,0.6187,2.6691
111.6394,0.6025,2.5993
111.6396,0.6019,2.5979
111.6398,0.5327,2.294
111.6400,0.6468,2.7876
111.6402,0.6103,2.6329
111.6404,0.5652,2.4418
111.6406,0.5407,2.3345
111.6408,0.4975,2.1462
111.6410,0.4779,2.0637
111.6412,0.4778,2.0623
111.6414,0.4871,2.1041
111.6416,0.4951,2.1358
111.6418,0.5302,2.2874
111.6420,0.5393,2.3288
111.6422,0.5092,2.1968
111.6424,0.5187,2.2356
111.6426,0.5626,2.4259
111.6428,0.5673,2.4461
111.6430,0.5619,2.4217
111.6432,0.5895,2.5394
111.6434,0.6622,2.8503
111.6436,0.7553,3.2507
111.6438,0.7419,3.19
111.6440,0.7272,3.1314
111.6442,0.7126,3.0727
111.6444,0.5869,2.5285
111.6446,0.5553,2.3944
111.6448,0.5536,2.3882
111.6450,0.55,2.3716
111.6452,0.5384,2.3236
111.6454,0.5475,2.3608
111.6456,0.5767,2.4835
111.6458,0.6749,2.9036
111.6460,0.6734,2.8996
111.6462,0.6071,2.6165
111.6464,0.5523,2.3781
111.6466,0.6,2.5824
111.6468,0.5893,2.5424
111.6470,0.5604,2.4144
111.6472,0.6114,2.6327
111.6474,0.6482,2.7938
111.6476,0.6194,2.6685
111.6478,0.6178,2.6613
111.6480,0.6107,2.6296
111.6482,0.5502,2.3749
111.6484,0.4887,2.1094
111.6486,0.4806,2.0751
111.6488,0.4859,2.096
111.6490,0.5622,2.4244
111.6492,0.5572,2.4038
111.6494,0.4655,2.009
111.6496,0.4487,1.9374
111.6498,0.4475,1.9322
111.6500,0.4608,1.9897
111.6502,0.4825,2.0825
111.6504,0.4747,2.0507
111.6506,0.4802,2.0707
111.6508,0.5488,2.3653
111.6510,0.603,2.5953
111.6512,0.6504,2.7953
111.6514,0.7463,3.209
111.6516,0.6972,2.9996
111.6518,0.7101,3.0548
111.6520,0.6942,2.988
111.6522,0.6907,2.9712
111.6524,0.7362,3.1613
111.6526,0.754,3.2435
111.6528,0.6675,2.8743
111.6530,0.6393,2.7517
111.6532,0.6487,2.7906
111.6534,0.6568,2.8297
111.6536,0.6645,2.8614
111.6538,0.7042,3.0281
111.6540,0.7029,3.0252
111.6542,0.7126,3.0656
111.6544,0.7173,3.0857
111.6546,0.7162,3.0753
111.6548,0.7883,3.3863
111.6550,0.7511,3.2342
111.6552,0.6249,2.6935
111.6554,0.6201,2.6716
111.6556,0.6052,2.6058
111.6558,0.6164,2.6568
111.6560,0.6222,2.6816
111.6562,0.5983,2.5752
111.6564,0.5951,2.5636
111.6566,0.586,2.5279
111.6568,0.5165,2.2274
111.6570,0.4951,2.1368
111.6572,0.4902,2.1146
111.6574,0.4877,2.1028
111.6576,0.4869,2.0987
111.6578,0.4895,2.1105
111.6580,0.4917,2.1203
111.6582,0.4945,2.1293
111.6584,0.5722,2.4661
111.6586,0.5898,2.5456
111.6588,0.5107,2.2031
111.6590,0.4885,2.1054
111.6592,0.5583,2.4028
111.6594,0.5929,2.5591
111.6596,0.4933,2.1271
111.6598,0.5042,2.1731
111.6600,0.5501,2.3666
111.6602,0.6309,2.7143
111.6604,0.6944,2.9858
111.6606,0.7031,3.0248
111.6608,0.7381,3.1681
111.6610,0.8489,3.6419
111.6612,0.8849,3.7927
111.6614,0.9362,4.0126
111.6616,0.9024,3.8713
111.6618,0.8682,3.7264
111.6620,0.8582,3.6815
111.6622,0.9044,3.8801
111.6624,0.909,3.8978
111.6626,0.9489,4.0633
111.6628,0.9751,4.1772
111.6630,0.9748,4.1762
111.6632,0.9636,4.1298
111.6634,0.9731,4.1709
111.6636,0.958,4.1004
111.6638,1.0709,4.579
111.6640,1.1399,4.8789
111.6642,1.1477,4.91
111.6644,1.0988,4.7073
111.6646,0.9594,4.1137
111.6648,0.936,4.0172
111.6650,0.8898,3.8262
111.6652,0.8843,3.7954
111.6654,0.9252,3.969
111.6656,0.8779,3.7734
111.6658,0.8254,3.546
111.6660,0.8421,3.6176
111.6662,0.8199,3.5207
111.6664,0.7838,3.3736
111.6666,0.7012,3.018
111.6668,0.7354,3.1636
111.6670,0.7391,3.1751
111.6672,0.8047,3.4601
111.6674,0.7559,3.2473
111.6676,0.8168,3.5073
111.6678,0.8553,3.6726
111.6680,0.853,3.6679
111.6682,0.8471,3.6427
111.6684,0.7778,3.3462
111.6686,0.7082,3.0493
111.6688,0.6703,2.8889
111.6690,0.6385,2.7481
111.6692,0.6494,2.7937
111.6694,0.6998,3.0076
111.6696,0.7355,3.1685
111.6698,0.6683,2.8779
111.6700,0.6716,2.8932
111.6702,0.7058,3.039
111.6704,0.6884,2.9641
111.6706,0.6941,2.9848
111.6708,0.7585,3.2601
111.6710,0.7725,3.3204
111.6712,0.7664,3.2957
111.6714,0.7664,3.2972
111.6716,0.7604,3.2699
111.6718,0.7733,3.325
111.6720,0.7712,3.3178
111.6722,0.7538,3.243
111.6724,0.7314,3.151
111.6726,0.6462,2.7837
111.6728,0.6381,2.7491
111.6730,0.6538,2.8141
111.6732,0.7237,3.115
111.6734,0.7594,3.2652
111.6736,0.7618,3.2771
111.6738,0.753,3.2409
111.6740,0.7178,3.0935
111.6742,0.5546,2.3935
111.6744,0.5601,2.4162
111.6746,0.5516,2.3794
111.6748,0.5672,2.4421
111.6750,0.6721,2.8953
111.6752,0.6627,2.855
111.6754,0.668,2.8764
111.6756,0.6553,2.8216
111.6758,0.646,2.7806
111.6760,0.6428,2.7705
111.6762,0.6489,2.7969
111.6764,0.7101,3.0491
111.6766,0.86,3.6875
111.6768,0.9185,3.9458
111.6770,0.894,3.8389
111.6772,0.8113,3.4934
111.6774,0.6415,2.7648
111.6776,0.6189,2.6689
111.6778,0.617,2.6606
111.6780,0.6119,2.6372
111.6782,0.6108,2.6325
111.6784,0.6148,2.6508
111.6786,0.6175,2.6627
111.6788,0.6118,2.6342
111.6790,0.6106,2.6278
111.6792,0.613,2.6431
111.6794,0.6278,2.7047
111.6796,0.6809,2.9335
111.6798,0.6487,2.7919
111.6800,0.7628,3.2832
111.6802,0.6871,2.9585
111.6804,0.6246,2.6882
111.6806,0.6743,2.9078
111.6808,0.5736,2.4735
111.6810,0.5707,2.4588
111.6812,0.5813,2.5077
111.6814,0.5427,2.3412
111.6816,0.5413,2.3339
111.6818,0.5426,2.3417
111.6820,0.541,2.3318
111.6822,0.541,2.3339
111.6824,0.5438,2.3458
111.6826,0.5415,2.336
111.6828,0.5407,2.3345
111.6830,0.5417,2.337
111.6832,0.5745,2.4725
111.6834,0.665,2.8621
111.6836,0.6674,2.8738
111.6838,0.6068,2.6143
111.6840,0.5572,2.4026
111.6842,0.5646,2.4347
111.6844,0.5893,2.5388
111.6846,0.6518,2.8054
111.6848,0.6925,2.9831
111.6850,0.6977,3.0072
111.6852,0.648,2.7863
111.6854,0.7,3.01
111.6856,0.694,2.9884
111.6858,0.6879,2.9621
111.6860,0.6742,2.8992
111.6862,0.6976,3.0025
111.6864,0.7156,3.0785
111.6866,0.7772,3.3358
111.6868,0.8523,3.658
111.6870,0.8636,3.715
111.6872,0.6994,3.0102
111.6874,0.6838,2.9445
111.6876,0.736,3.1647
111.6878,0.7456,3.2045
111.6880,0.7264,3.1264
111.6882,0.6707,2.8909
111.6884,0.611,2.636
111.6886,0.5257,2.2677
111.6888,0.5052,2.1782
111.6890,0.5067,2.187
111.6892,0.5094,2.1984
111.6894,0.4966,2.1415
111.6896,0.5186,2.2351
111.6898,0.5541,2.387
111.6900,0.6,2.5884
111.6902,0.5305,2.2884
111.6904,0.4995,2.1559
111.6906,0.5217,2.2465
111.6908,0.5971,2.5712
111.6910,0.6126,2.6391
111.6912,0.6456,2.7798
111.6914,0.6712,2.8876
111.6916,0.6778,2.916
111.6918,0.6495,2.7969
111.6920,0.6054,2.6081
111.6922,0.5948,2.5626
111.6924,0.6377,2.7483
111.6926,0.5812,2.5049
111.6928,0.5689,2.4533
111.6930,0.565,2.4351
111.6932,0.5824,2.5077
111.6934,0.6371,2.7406
111.6936,0.6538,2.8141
111.6938,0.6366,2.7398
111.6940,0.6326,2.7203
111.6942,0.7343,3.1575
111.6944,0.753,3.2364
111.6946,0.8121,3.4856
111.6948,0.8555,3.6753
111.6950,0.8301,3.5628
111.6952,0.8644,3.7083
111.6954,0.8735,3.7473
111.6956,0.8644,3.7117
111.6958,0.8646,3.711
111.6960,0.8427,3.6151
111.6962,0.8779,3.7681
111.6964,0.8847,3.797
111.6966,0.9041,3.8749
111.6968,0.9345,4.0054
111.6970,0.9215,3.9494
111.6972,0.9613,4.12
111.6974,0.9684,4.1523
111.6976,0.9833,4.2205
111.6978,0.8791,3.7786
111.6980,0.7901,3.3925
111.6982,0.8614,3.7006
111.6984,0.8237,3.5405
111.6986,0.7948,3.4163
111.6988,0.8254,3.5477
111.6990,0.8172,3.5121
111.6992,0.8079,3.4724
111.6994,0.7925,3.4044
111.6996,0.7937,3.4127
111.6998,0.823,3.5357
111.7000,0.7908,3.4003
111.7002,0.7541,3.238
111.7004,0.7928,3.4123
111.7006,0.7592,3.2678
111.7008,0.7416,3.1919
111.7010,0.7161,3.0777
111.7012,0.7579,3.256
111.7014,0.8561,3.683
111.7016,0.7691,3.3024
111.7018,0.7845,3.3719
111.7020,0.7492,3.2259
111.7022,0.6182,2.6658
111.7024,0.5849,2.5232
111.7026,0.5639,2.4316
111.7028,0.5837,2.5157
111.7030,0.5952,2.5677
111.7032,0.5934,2.5588
111.7034,0.5748,2.4763
111.7036,0.5945,2.5622
111.7038,0.5827,2.5139
111.7040,0.5813,2.5077
111.7042,0.5787,2.494
111.7044,0.6456,2.7759
111.7046,0.6889,2.969
111.7048,0.6176,2.6608
111.7050,0.5872,2.5295
111.7052,0.5655,2.4372
111.7054,0.5375,2.3168
111.7056,0.5945,2.5599
111.7058,0.6883,2.965
111.7060,0.6554,2.8208
111.7062,0.6561,2.8253
111.7064,0.6195,2.669
111.7066,0.6554,2.8195
111.7068,0.6757,2.9148
111.7070,0.5231,2.2579
111.7072,0.5053,2.1808
111.7074,0.4897,2.1145
111.7076,0.4766,2.0561
111.7078,0.5124,2.2103
111.7080,0.5372,2.3141
111.7082,0.5965,2.5663
111.7084,0.6556,2.8232
111.7086,0.5776,2.4882
111.7088,0.5748,2.4786
111.7090,0.5793,2.4978
111.7092,0.5638,2.4299
111.7094,0.5601,2.415
111.7096,0.5739,2.4699
111.7098,0.6998,3.0048
111.7100,0.8106,3.4757
111.7102,0.8457,3.628
111.7104,0.8305,3.5643
111.7106,0.8032,3.4572
111.7108,0.6759,2.9118
111.7110,0.6496,2.7974
111.7112,0.6465,2.7827
111.7114,0.6508,2.8038
111.7116,0.6525,2.8098
111.7118,0.6464,2.7821
111.7120,0.6764,2.9112
111.7122,0.6909,2.975
111.7124,0.6401,2.7586
111.7126,0.6146,2.6503
111.7128,0.6095,2.6244
111.7130,0.6308,2.715
111.7132,0.6584,2.8311
111.7134,0.7519,3.2333
111.7136,0.7113,3.0628
111.7138,0.6265,2.7002
111.7140,0.6396,2.7553
111.7142,0.6078,2.6184
111.7144,0.6115,2.6344
111.7146,0.6537,2.811
111.7148,0.7271,3.1222
111.7150,0.8142,3.496
111.7152,0.7928,3.4138
111.7154,0.6326,2.7278
111.7156,0.5228,2.2553
111.7158,0.4796,2.072
111.7160,0.4745,2.0478
111.7162,0.4736,2.0432
111.7164,0.4648,2.0049
111.7166,0.5032,2.167
111.7168,0.5516,2.3794
111.7170,0.4872,2.1036
111.7172,0.4675,2.0187
111.7174,0.4662,2.013
111.7176,0.4626,1.9975
111.7178,0.4872,2.1007
111.7180,0.5421,2.3342
111.7182,0.6037,2.596
111.7184,0.644,2.7744
111.7186,0.6082,2.6199
111.7188,0.6155,2.6515
111.7190,0.5633,2.4268
111.7192,0.5524,2.3786
111.7194,0.6457,2.7803
111.7196,0.6193,2.6667
111.7198,0.6,2.5836
111.7200,0.6,2.5836
111.7202,0.6634,2.8567
111.7204,0.6609,2.8459
111.7206,0.6004,2.5864
111.7208,0.5896,2.5375
111.7210,0.641,2.7589
111.7212,0.6594,2.8392
111.7214,0.656,2.8247
111.7216,0.5909,2.5456
111.7218,0.5889,2.5368
111.7220,0.5953,2.5623
111.7222,0.5637,2.4328
111.7224,0.4941,2.1327
111.7226,0.4838,2.0872
111.7228,0.4809,2.0748
111.7230,0.4778,2.0613
111.7232,0.4848,2.0903
111.7234,0.4823,2.0795
111.7236,0.4777,2.0608
111.7238,0.4769,2.0581
111.7240,0.4829,2.0821
111.7242,0.4832,2.0846
111.7244,0.4838,2.0872
111.7246,0.4815,2.0764
111.7248,0.5318,2.2888
111.7250,0.5812,2.5014
111.7252,0.6559,2.8268
111.7254,0.5441,2.3452
111.7256,0.4994,2.1534
111.7258,0.4971,2.1456
111.7260,0.497,2.1441
111.7262,0.5019,2.1633
111.7264,0.542,2.3326
111.7266,0.6148,2.6459
111.7268,0.6554,2.8195
111.7270,0.6976,2.9983
111.7272,0.6845,2.938
111.7274,0.7172,3.0852
111.7276,0.6802,2.9209
111.7278,0.789,3.3879
111.7280,0.7679,3.2988
111.7282,0.8108,3.4799
111.7284,0.8621,3.695
111.7286,0.8776,3.7596
111.7288,0.9324,3.9887
111.7290,0.9853,4.2208
111.7292,0.9168,3.9385
111.7294,0.833,3.5785
111.7296,0.8571,3.6752
111.7298,0.8889,3.8079
111.7300,0.9395,4.0209
111.7302,0.9477,4.0658
111.7304,0.9499,4.0693
111.7306,0.9868,4.2275
111.7308,0.9869,4.232
111.7310,0.8763,3.7697
111.7312,0.7464,3.211
111.7314,0.7397,3.1792
111.7316,0.7422,3.1871
111.7318,0.795,3.4136
111.7320,0.8374,3.5959
111.7322,0.8414,3.6112
111.7324,0.8899,3.8178
111.7326,0.8583,3.6889
111.7328,0.7673,3.3008
111.7330,0.7148,3.0749
111.7332,0.7161,3.0805
111.7334,0.7367,3.1678
111.7336,0.7121,3.0649
111.7338,0.7017,3.0215
111.7340,0.6844,2.9457
111.7342,0.6841,2.9428
111.7344,0.6863,2.954
111.7346,0.7305,3.1395
111.7348,0.7548,3.2456
111.7350,0.7686,3.2988
111.7352,0.815,3.498
111.7354,0.8247,3.5462
111.7356,0.7348,3.161
111.7358,0.7478,3.2157
111.7360,0.7572,3.2544
111.7362,0.7625,3.2786
111.7364,0.707,3.0399
111.7366,0.7607,3.2663
111.7368,0.8113,3.4836
111.7370,0.7836,3.3678
111.7372,0.7911,3.4003
111.7374,0.7797,3.3513
111.7376,0.844,3.6208
111.7378,0.876,3.7599
111.7380,0.8237,3.5438
111.7382,0.6717,2.8924
111.7384,0.635,2.7369
111.7386,0.5755,2.4817
111.7388,0.5891,2.5413
111.7390,0.5778,2.4927
111.7392,0.571,2.461
111.7394,0.5872,2.5295
111.7396,0.5748,2.4752
111.7398,0.6442,2.7728
111.7400,0.7224,3.105
111.7402,0.759,3.2607
111.7404,0.749,3.2254
111.7406,0.7197,3.0975
111.7408,0.6901,2.9727
111.7410,0.5972,2.5729
111.7412,0.6127,2.6383
111.7414,0.6222,2.6804
111.7416,0.5969,2.5714
111.7418,0.62,2.6723
111.7420,0.5866,2.5293
111.7422,0.5773,2.4895
111.7424,0.5908,2.5462
111.7426,0.5827,2.5104
111.7428,0.5969,2.5726
111.7430,0.5902,2.5401
111.7432,0.7168,3.0779
111.7434,0.8097,3.4818
111.7436,0.7704,3.3204
111.7438,0.5887,2.541
111.7440,0.5381,2.3215
111.7442,0.5243,2.2599
111.7444,0.5182,2.2356
111.7446,0.5205,2.2455
111.7448,0.5222,2.2517
111.7450,0.5247,2.2625
111.7452,0.5349,2.3054
111.7454,0.5464,2.3594
111.7456,0.5343,2.306
111.7458,0.5368,2.3147
111.7460,0.5404,2.3303
111.7462,0.5374,2.3195
111.7464,0.5657,2.436
111.7466,0.6807,2.927
111.7468,0.7523,3.2318
111.7470,0.6857,2.9542
111.7472,0.5607,2.4188
111.7474,0.5319,2.2925
111.7476,0.5584,2.4056
111.7478,0.5789,2.4951
111.7480,0.6236,2.6853
111.7482,0.6282,2.7024
111.7484,0.6445,2.7739
111.7486,0.5913,2.5507
111.7488,0.5348,2.307
111.7490,0.535,2.307
111.7492,0.5212,2.2475
111.7494,0.562,2.4233
111.7496,0.5293,2.2822
111.7498,0.5895,2.5335
111.7500,0.6851,2.9502
111.7502,0.5836,2.5164
111.7504,0.5414,2.3344
111.7506,0.5877,2.5281
111.7508,0.6488,2.7912
111.7510,0.676,2.9069
111.7512,0.7294,3.1349
111.7514,0.7465,3.2056
111.7516,0.7703,3.3122
111.7518,0.7748,3.3271
111.7520,0.7987,3.4344
111.7522,0.6783,2.9221
111.7524,0.6164,2.6556
111.7526,0.6252,2.6895
111.7528,0.693,2.9815
111.7530,0.6739,2.8976
111.7532,0.7198,3.0937
111.7534,0.7174,3.0862
111.7536,0.6868,2.9547
111.7538,0.6469,2.792
111.7540,0.539,2.323
111.7542,0.5198,2.2413
111.7544,0.5119,2.2062
111.7546,0.5113,2.2067
111.7548,0.5079,2.1891
111.7550,0.5705,2.4566
111.7552,0.5782,2.4885
111.7554,0.5874,2.5306
111.7556,0.5749,2.478
111.7558,0.5915,2.547
111.7560,0.5981,2.5766
111.7562,0.6055,2.6074
111.7564,0.6325,2.721
111.7566,0.6649,2.8643
111.7568,0.5457,2.3519
111.7570,0.502,2.1658
111.7572,0.5054,2.1813
111.7574,0.499,2.1519
111.7576,0.4893,2.111
111.7578,0.4916,2.1208
111.7580,0.4995,2.1529
111.7582,0.512,2.2057
111.7584,0.504,2.1741
111.7586,0.495,2.1353
111.7588,0.498,2.1472
111.7590,0.4953,2.1368
111.7592,0.4996,2.1555
111.7594,0.4994,2.1524
111.7596,0.5534,2.3839
111.7598,0.5588,2.4049
111.7600,0.6492,2.7901
111.7602,0.7368,3.1654
111.7604,0.7803,3.3539
111.7606,0.7643,3.2879
111.7608,0.688,2.9598
111.7610,0.7435,3.1957
111.7612,0.7112,3.0551
111.7614,0.7964,3.4182
111.7616,0.803,3.4497
111.7618,0.8234,3.5274
111.7620,0.9489,4.0633
111.7622,0.9439,4.0493
111.7624,0.9289,3.9813
111.7626,0.9365,4.0118
111.7628,0.9407,4.0298
111.7630,0.9407,4.0335
111.7632,0.9336,4.0032
111.7634,0.941,4.0257
111.7636,1.0614,4.5407
111.7638,1.0432,4.471
111.7640,1.0257,4.394
111.7642,0.9972,4.2722
111.7644,1.0234,4.3842
111.7646,0.9582,4.1124
111.7648,0.8448,3.6261
111.7650,0.8805,3.7789
111.7652,0.8565,3.676
111.7654,0.8405,3.6076
111.7656,0.8915,3.8245
111.7658,0.9019,3.8729
111.7660,0.8258,3.5492
111.7662,0.7246,3.1201
111.7664,0.6926,2.9725
111.7666,0.8408,3.6103
111.7668,0.7944,3.419
111.7670,0.7107,3.063
111.7672,0.6287,2.7045
111.7674,0.6589,2.8371
111.7676,0.6363,2.7401
111.7678,0.6383,2.7445
111.7680,0.7691,3.3055
111.7682,0.7725,3.3189
111.7684,0.8568,3.6793
111.7686,0.8323,3.5787
111.7688,0.7128,3.0638
111.7690,0.7692,3.3029
111.7692,0.7972,3.4298
111.7694,0.7073,3.0429
111.7696,0.715,3.0759
111.7698,0.7162,3.0839
111.7700,0.7201,3.0952
111.7702,0.75,3.2265
111.7704,0.7644,3.2869
111.7706,0.7887,3.39
111.7708,0.7403,3.1833
111.7710,0.7132,3.0667
111.7712,0.7239,3.1097
111.7714,0.7583,3.2621
111.7716,0.7502,3.2261
111.7718,0.8175,3.5104
111.7720,0.8206,3.5303
111.7722,0.7618,3.2771
111.7724,0.7149,3.0782
111.7726,0.6819,2.9349
111.7728,0.7198,3.0937
111.7730,0.7842,3.3673
111.7732,0.8006,3.4474
111.7734,0.7254,3.1237
111.7736,0.6766,2.9135
111.7738,0.6494,2.7989
111.7740,0.6076,2.621
111.7742,0.5954,2.564
111.7744,0.655,2.818
111.7746,0.6929,2.9824
111.7748,0.7221,3.1034
111.7750,0.7469,3.2176
111.7752,0.6428,2.7718
111.7754,0.6041,2.6012
111.7756,0.6577,2.8333
111.7758,0.6631,2.8552
111.7760,0.6691,2.877
111.7762,0.7264,3.1205
111.7764,0.8608,3.6945
111.7766,0.907,3.8963
111.7768,0.824,3.5481
111.7770,0.6962,2.9991
111.7772,0.6204,2.6714
111.7774,0.6163,2.6563
111.7776,0.6191,2.6669
111.7778,0.6206,2.6737
111.7780,0.6154,2.6497
111.7782,0.618,2.6635
111.7784,0.6249,2.6948
111.7786,0.6247,2.6912
111.7788,0.6203,2.6734
111.7790,0.617,2.6582
111.7792,0.6174,2.6585
111.7794,0.617,2.6582
111.7796,0.6154,2.6509
111.7798,0.6325,2.7261
111.7800,0.6427,2.77
111.7802,0.6173,2.6604
111.7804,0.5862,2.5242
111.7806,0.6518,2.8093
111.7808,0.5591,2.4109
111.7810,0.5438,2.3491
111.7812,0.5266,2.2697
111.7814,0.5873,2.5336
111.7816,0.4791,2.068
111.7818,0.4621,1.9963
111.7820,0.4574,1.9752
111.7822,0.4577,1.9753
111.7824,0.4609,1.9884
111.7826,0.4645,2.0039
111.7828,0.512,2.2118
111.7830,0.4562,1.9709
111.7832,0.4465,1.9272
111.7834,0.4529,1.9555
111.7836,0.4544,1.9632
111.7838,0.4573,1.9738
111.7840,0.4475,1.9313
111.7842,0.4938,2.1272
111.7844,0.6134,2.6402
111.7846,0.6026,2.5926
111.7848,0.6826,2.9353
111.7850,0.7495,3.226
111.7852,0.6731,2.8959
111.7854,0.6688,2.8813
111.7856,0.5914,2.5476
111.7858,0.5405,2.3297
111.7860,0.5309,2.2894
111.7862,0.5167,2.2268
111.7864,0.5531,2.3851
111.7866,0.5801,2.5002
111.7868,0.618,2.6574
111.7870,0.6801,2.9258
111.7872,0.6615,2.8498
111.7874,0.5869,2.5273
111.7876,0.5954,2.5628
111.7878,0.5799,2.4969
111.7880,0.6305,2.716
111.7882,0.5891,2.5366
111.7884,0.6279,2.7014
111.7886,0.6848,2.9473
111.7888,0.6463,2.779
111.7890,0.7091,3.0506
111.7892,0.7255,3.1155
111.7894,0.8164,3.5041
111.7896,0.7608,3.276
111.7898,0.653,2.8105
111.7900,0.6488,2.7938
111.7902,0.6282,2.7024
111.7904,0.6779,2.9179
111.7906,0.721,3.0988
111.7908,0.768,3.3024
111.7910,0.7288,3.1323
111.7912,0.7548,3.2396
111.7914,0.7998,3.439
111.7916,0.7504,3.2281
111.7918,0.7138,3.0679
111.7920,0.756,3.2478
111.7922,0.7073,3.0443
111.7924,0.6427,2.7636
111.7926,0.6992,3.0064
111.7928,0.7582,3.2601
111.7930,0.7423,3.1846
111.7932,0.8871,3.809
111.7934,0.7978,3.4291
111.7936,0.7511,3.2282
111.7938,0.76,3.2663
111.7940,0.8078,3.4638
111.7942,0.9047,3.8793
111.7944,0.9116,3.9109
111.7946,0.9222,3.958
111.7948,0.9333,4.0003
111.7950,1.0169,4.3565
111.7952,0.9998,4.283
111.7954,0.9872,4.231
111.7956,0.9928,4.2552
111.7958,1.0122,4.3344
111.7960,1.0719,4.5858
111.7962,1.1264,4.8232
111.7964,1.1264,4.8119
111.7966,1.2112,5.1838
111.7968,1.0847,4.6554
111.7970,0.9668,4.1437
111.7972,0.9438,4.0488
111.7974,0.9401,4.0347
111.7976,0.9922,4.2566
111.7978,0.9487,4.0794
111.7980,0.8233,3.5351
111.7982,0.8695,3.7338
111.7984,0.8538,3.6664
111.7986,0.8455,3.6337
111.7988,0.8407,3.6131
111.7990,0.8333,3.58
111.7992,0.8818,3.7864
111.7994,0.8698,3.7366
111.7996,0.8694,3.7333
111.7998,0.87,3.7324
111.8000,0.8755,3.7596
111.8002,0.8667,3.718
111.8004,0.9444,4.057
111.8006,0.9252,3.9764
111.8008,0.8697,3.7396
111.8010,0.8211,3.5275
111.8012,0.8493,3.6451
111.8014,0.8731,3.7545
111.8016,0.7831,3.3673
111.8018,0.7755,3.3364
111.8020,0.746,3.211
111.8022,0.7843,3.374
111.8024,0.8073,3.4715
111.8026,0.7818,3.3663
111.8028,0.7559,3.2533
111.8030,0.7327,3.1522
111.8032,0.7029,3.028
111.8034,0.6612,2.8496
111.8036,0.7216,3.1028
111.8038,0.7735,3.3292
111.8040,0.7682,3.3034
111.8042,0.794,3.4174
111.8044,0.716,3.0829
111.8046,0.6803,2.9282
111.8048,0.6707,2.8869
111.8050,0.7068,3.0436
111.8052,0.6789,2.9288
111.8054,0.639,2.754
111.8056,0.6737,2.9038
111.8058,0.661,2.8451
111.8060,0.7041,3.0332
111.8062,0.6871,2.9612
111.8064,0.6632,2.8544
111.8066,0.7176,3.0858
111.8068,0.7391,3.1855
111.8070,0.6477,2.793
111.8072,0.6315,2.7232
111.8074,0.645,2.7759
111.8076,0.7091,3.052
111.8078,0.7365,3.1697
111.8080,0.6815,2.9347
111.8082,0.6824,2.9411
111.8084,0.696,2.9986
111.8086,0.6788,2.9228
111.8088,0.7101,3.0548
111.8090,0.7559,3.2473
111.8092,0.8295,3.5685
111.8094,0.75,3.228
111.8096,0.7638,3.2828
111.8098,0.8178,3.5163
111.8100,0.7631,3.2858
111.8102,0.7367,3.1707
111.8104,0.7393,3.1806
111.8106,0.758,3.2626
111.8108,0.7751,3.3359
111.8110,0.7472,3.2102
111.8112,0.8017,3.4456
111.8114,0.7688,3.3152
111.8116,0.6808,2.933
111.8118,0.7055,3.0351
111.8120,0.7508,3.2286
111.8122,0.8184,3.5156
111.8124,0.8522,3.6643
111.8126,0.7795,3.3534
111.8128,0.7466,3.2136
111.8130,0.7023,3.0268
111.8132,0.6502,2.8078
111.8134,0.5522,2.3809
111.8136,0.5426,2.3406
111.8138,0.5474,2.3613
111.8140,0.5421,2.3397
111.8142,0.5442,2.3468
111.8144,0.5552,2.3961
111.8146,0.5442,2.349
111.8148,0.5427,2.3422
111.8150,0.5463,2.3567
111.8152,0.5428,2.3406
111.8154,0.5811,2.4997
111.8156,0.7071,3.0433
111.8158,0.6276,2.7074
111.8160,0.5576,2.4053
111.8162,0.5574,2.4059
111.8164,0.5548,2.3956
111.8166,0.5537,2.3888
111.8168,0.5541,2.3881
111.8170,0.6194,2.6685
111.8172,0.6928,2.9791
111.8174,0.7722,3.3173
111.8176,0.7501,3.227
111.8178,0.6904,2.9743
111.8180,0.6335,2.7264
111.8182,0.7279,3.1331
111.8184,0.7163,3.083
111.8186,0.6669,2.8704
111.8188,0.6856,2.9536
111.8190,0.6789,2.9247
111.8192,0.6664,2.867
111.8194,0.7207,3.0992
111.8196,0.7483,3.2238
111.8198,0.7053,3.0369
111.8200,0.6836,2.9421
111.8202,0.6735,2.8988
111.8204,0.7134,3.0692
111.8206,0.7529,3.2389
111.8208,0.6839,2.9491
111.8210,0.5489,2.3692
111.8212,0.533,2.2993
111.8214,0.5327,2.3004
111.8216,0.4905,2.1162
111.8218,0.4892,2.1124
111.8220,0.4869,2.1016
111.8222,0.4903,2.1141
111.8224,0.5434,2.3454
111.8226,0.5116,2.2082
111.8228,0.5115,2.2087
111.8230,0.4907,2.1167
111.8232,0.5579,2.4046
111.8234,0.5813,2.5054
111.8236,0.5844,2.52
111.8238,0.591,2.5484
111.8240,0.5011,2.1617
111.8242,0.4789,2.0679
111.8244,0.4663,2.0135
111.8246,0.468,2.0198
111.8248,0.4674,2.0182
111.8250,0.4752,2.0499
111.8252,0.4676,2.0174
111.8254,0.4909,2.1167
111.8256,0.5315,2.2899
111.8258,0.5705,2.4555
111.8260,0.6494,2.7937
111.8262,0.6919,2.9722
111.8264,0.7987,3.4312
111.8266,0.8474,3.642
111.8268,0.8086,3.4771
111.8270,0.7903,3.3919
111.8272,0.8578,3.6817
111.8274,0.8395,3.6046
111.8276,0.849,3.6492
111.8278,0.8174,3.5115
111.8280,0.8403,3.6082
111.8282,0.8502,3.6476
111.8284,0.9283,3.9824
111.8286,0.9589,4.1078
111.8288,1.02,4.3657
111.8290,1.061,4.5412
111.8292,1.1084,4.7462
111.8294,1.0861,4.6463
111.8296,1.0714,4.5961
111.8298,0.9496,4.074
111.8300,1.0067,4.3108
111.8302,1.059,4.5346
111.8304,1.0529,4.5211
111.8306,0.9261,3.9732
111.8308,0.8697,3.7396
111.8310,0.8501,3.6487
111.8312,0.9308,3.9914
111.8314,0.9552,4.0996
111.8316,0.9314,4.0014
111.8318,0.902,3.868
111.8320,0.9836,4.2137
111.8322,1.0007,4.2911
111.8324,1.0058,4.3208
111.8326,0.8837,3.7964
111.8328,0.8176,3.5175
111.8330,0.8049,3.4628
111.8332,0.774,3.3297
111.8334,0.7579,3.2606
111.8336,0.7692,3.3091
111.8338,0.7645,3.2874
111.8340,0.7128,3.0695
111.8342,0.7477,3.2197
111.8344,0.7511,3.2342
111.8346,0.6974,3.0029
111.8348,0.7096,3.0527
111.8350,0.7296,3.1447
111.8352,0.6096,2.6261
111.8354,0.6254,2.6931
111.8356,0.6753,2.9079
111.8358,0.6933,2.9853
111.8360,0.7089,3.0553
111.8362,0.6219,2.6831
111.8364,0.5909,2.5479
111.8366,0.5933,2.5571
111.8368,0.5535,2.3888
111.8370,0.5102,2.203
111.8372,0.4989,2.1544
111.8374,0.5291,2.2817
111.8376,0.6192,2.6687
111.8378,0.5877,2.5363
111.8380,0.5883,2.5354
111.8382,0.6176,2.6608
111.8384,0.6095,2.6268
111.8386,0.6356,2.737
111.8388,0.6535,2.8139
111.8390,0.6546,2.8225
111.8392,0.5975,2.5776
111.8394,0.5345,2.3049
111.8396,0.5594,2.4086
111.8398,0.6607,2.8435
111.8400,0.6577,2.832
111.8402,0.6245,2.6964
111.8404,0.476,2.0574
111.8406,0.4513,1.9506
111.8408,0.4495,1.941
111.8410,0.4447,1.9221
111.8412,0.4661,2.0116
111.8414,0.5233,2.2563
111.8416,0.51,2.202
111.8418,0.4559,1.9685
111.8420,0.4445,1.9193
111.8422,0.4516,1.9507
111.8424,0.4511,1.9478
111.8426,0.4555,1.9651
111.8428,0.5091,2.1963
111.8430,0.5029,2.1704
111.8432,0.4526,1.9536
111.8434,0.4486,1.936
111.8436,0.4482,1.9353
111.8438,0.454,1.9575
111.8440,0.4612,1.9913
111.8442,0.4482,1.9362
111.8444,0.4459,1.9264
111.8446,0.4446,1.9189
111.8448,0.4459,1.9246
111.8450,0.4424,1.9114
111.8452,0.4498,1.9412
111.8454,0.4514,1.9466
111.8456,0.4625,1.9951
111.8458,0.4676,2.0164
111.8460,0.4862,2.0966
111.8462,0.5556,2.3926
111.8464,0.5984,2.5781
111.8466,0.5514,2.3745
111.8468,0.5707,2.4645
111.8470,0.4613,1.9899
111.8472,0.457,1.9704
111.8474,0.4749,2.0499
111.8476,0.4778,2.0604
111.8478,0.5204,2.2429
111.8480,0.5369,2.3142
111.8482,0.5283,2.277
111.8484,0.5842,2.5178
111.8486,0.5729,2.4658
111.8488,0.5622,2.4221
111.8490,0.56,2.4112
111.8492,0.5964,2.5657
111.8494,0.6522,2.8056
111.8496,0.6851,2.9447
111.8498,0.7343,3.1545
111.8500,0.7567,3.2494
111.8502,0.7748,3.3302
111.8504,0.7649,3.2859
111.8506,0.7392,3.1757
111.8508,0.7197,3.096
111.8510,0.714,3.0661
111.8512,0.7566,3.2534
111.8514,0.7047,3.0287
111.8516,0.7998,3.4294
111.8518,0.8597,3.6899
111.8520,0.8025,3.4444
111.8522,0.8052,3.4541
111.8524,0.7717,3.3214
111.8526,0.685,2.9483
111.8528,0.648,2.7888
111.8530,0.6112,2.6316
111.8532,0.5451,2.3559
111.8534,0.4043,1.7458
111.8536,0.3917,1.6923
111.8538,0.3958,1.7083
111.8540,0.3908,1.6889
111.8542,0.3841,1.6591
111.8544,0.3807,1.6439
111.8546,0.385,1.6625
111.8548,0.4369,1.8814
111.8550,0.5498,2.3706
111.8552,0.4555,1.9688
111.8554,0.3805,1.6436
111.8556,0.3896,1.6822
111.8558,0.3878,1.6744
111.8560,0.4628,1.9967
111.8562,0.5261,2.2656
111.8564,0.5669,2.4445
111.8566,0.4948,2.1328
111.8568,0.4954,2.1344
111.8570,0.5005,2.1561
111.8572,0.495,2.1353
111.8574,0.4863,2.099
111.8576,0.4821,2.079
111.8578,0.4844,2.0878
111.8580,0.5295,2.279
111.8582,0.6487,2.7855
111.8584,0.7495,3.2185
111.8586,0.7273,3.1247
111.8588,0.7674,3.2952
111.8590,0.7149,3.074
111.8592,0.6711,2.8884
111.8594,0.6836,2.9394
111.8596,0.7481,3.2153
111.8598,0.7126,3.0642
111.8600,0.7064,3.0345
111.8602,0.7823,3.3543
111.8604,0.8303,3.5605
111.8606,0.8541,3.6674
111.8608,0.7745,3.3302
111.8610,0.6821,2.9346
111.8612,0.6923,2.9715
111.8614,0.8121,3.4824
111.8616,0.9116,3.9091
111.8618,0.9308,3.9839
111.8620,0.9784,4.1916
111.8622,0.9216,3.9518
111.8624,0.8616,3.6999
111.8626,0.7907,3.3951
111.8628,0.7825,3.3585
111.8630,0.8753,3.7516
111.8632,0.9236,3.9624
111.8634,0.8343,3.5791
111.8636,0.8305,3.5627
111.8638,0.798,3.4281
111.8640,0.7867,3.3796
111.8642,0.8068,3.4678
111.8644,0.8042,3.4549
111.8646,0.7824,3.3642
111.8648,0.8052,3.4558
111.8650,0.8285,3.5611
111.8652,0.7562,3.2488
111.8654,0.7438,3.1997
111.8656,0.7211,3.1051
111.8658,0.6785,2.915
111.8660,0.7805,3.3529
111.8662,0.8197,3.5229
111.8664,0.7982,3.4275
111.8666,0.8417,3.611
111.8668,0.8729,3.7395
111.8670,0.9372,4.013
111.8672,1.0121,4.3359
111.8674,0.9543,4.096
111.8676,0.9082,3.8978
111.8678,0.8896,3.8181
111.8680,0.8489,3.6419
111.8682,0.8565,3.676
111.8684,0.8455,3.6304
111.8686,0.8661,3.7155
111.8688,0.886,3.8008
111.8690,0.8631,3.706
111.8692,0.8719,3.7441
111.8694,0.8588,3.6909
111.8696,0.8079,3.4676
111.8698,0.7895,3.3915
111.8700,0.7934,3.4085
111.8702,0.8362,3.5924
111.8704,0.8134,3.4961
111.8706,0.8086,3.4755
111.8708,0.7686,3.3019
111.8710,0.7831,3.3673
111.8712,0.7749,3.3323
111.8714,0.7839,3.3647
111.8716,0.8281,3.5557
111.8718,0.8633,3.7071
111.8720,0.9213,3.9526
111.8722,0.9435,4.0515
111.8724,0.9144,3.9246
111.8726,0.9875,4.2306
111.8728,1.0221,4.3785
111.8730,0.9106,3.9099
111.8732,0.8655,3.7181
111.8734,0.8678,3.7279
111.8736,0.8743,3.7527
111.8738,0.8584,3.6945
111.8740,0.7554,3.2528
111.8742,0.747,3.2136
111.8744,0.7755,3.3286
111.8746,0.8934,3.8345
111.8748,0.9329,4.0001
111.8750,0.9638,4.1347
111.8752,0.9386,4.0379
111.8754,0.7651,3.293
111.8756,0.7058,3.039
111.8758,0.6989,3.0068
111.8760,0.7145,3.0738
111.8762,0.7154,3.0789
111.8764,0.7101,3.059
111.8766,0.7096,3.0527
111.8768,0.713,3.07
111.8770,0.7155,3.0794
111.8772,0.7167,3.0846
111.8774,0.7118,3.0634
111.8776,0.7062,3.0397
111.8778,0.6896,2.9679
111.8780,0.6995,3.0108
111.8782,0.7909,3.3961
111.8784,0.899,3.8587
111.8786,0.8645,3.7226
111.8788,0.6636,2.8599
111.8790,0.6749,2.909
111.8792,0.6245,2.6914
111.8794,0.5558,2.3975
111.8796,0.5536,2.3893
111.8798,0.5511,2.3785
111.8800,0.5519,2.381
111.8802,0.5495,2.3695
111.8804,0.5528,2.3846
111.8806,0.5534,2.3872
111.8808,0.5841,2.5196
111.8810,0.5705,2.46
111.8812,0.553,2.3856
111.8814,0.5868,2.5268
111.8816,0.703,3.0299
111.8818,0.5749,2.4792
111.8820,0.5582,2.4045
111.8822,0.6237,2.6896
111.8824,0.5685,2.4512
111.8826,0.5565,2.3995
111.8828,0.5493,2.3696
111.8830,0.5823,2.506
111.8832,0.7042,3.0252
111.8834,0.7703,3.3137
111.8836,0.7356,3.1632
111.8838,0.7354,3.168
111.8840,0.68,2.9253
111.8842,0.7054,3.0318
111.8844,0.7259,3.1228
111.8846,0.6759,2.9104
111.8848,0.699,3.0073
111.8850,0.8064,3.4657
111.8852,0.7454,3.2069
111.8854,0.6853,2.9493
111.8856,0.6609,2.8419
111.8858,0.7014,3.0148
111.8860,0.7432,3.2016
111.8862,0.6305,2.7185
111.8864,0.6026,2.5962
111.8866,0.607,2.6172
111.8868,0.6097,2.6291
111.8870,0.6068,2.6179
111.8872,0.5321,2.2956
111.8874,0.5028,2.1689
111.8876,0.4972,2.1471
111.8878,0.4893,2.111
111.8880,0.5404,2.3292
111.8882,0.656,2.8221
111.8884,0.7127,3.0675
111.8886,0.6543,2.8188
111.8888,0.6332,2.7292
111.8890,0.6323,2.7238
111.8892,0.6348,2.7321
111.8894,0.6235,2.6848
111.8896,0.6149,2.6513
111.8898,0.642,2.7656
111.8900,0.6465,2.7878
111.8902,0.6465,2.7839
111.8904,0.6221,2.6824
111.8906,0.5643,2.432
111.8908,0.5658,2.441
111.8910,0.5764,2.4819
111.8912,0.5929,2.5543
111.8914,0.6189,2.6664
111.8916,0.5975,2.574
111.8918,0.6034,2.5957
111.8920,0.6522,2.8082
111.8922,0.7266,3.123
111.8924,0.7954,3.4172
111.8926,0.7469,3.2116
111.8928,0.8108,3.4799
111.8930,0.8865,3.8064
111.8932,0.8769,3.7618
111.8934,0.8939,3.8366
111.8936,0.9381,4.0152
111.8938,1.0337,4.4263
111.8940,0.9646,4.1441
111.8942,0.8437,3.6243
111.8944,0.7959,3.4225
111.8946,0.7761,3.3312
111.8948,0.9429,4.0433
111.8950,0.9889,4.2363
111.8952,1.006,4.3097
111.8954,1.0139,4.3436
111.8956,1.0137,4.3426
111.8958,1.0079,4.3199
111.8960,1.0507,4.5076
111.8962,0.9891,4.2472
111.8964,0.921,3.9492
111.8966,0.9472,4.0675
111.8968,0.8633,3.7157
111.8970,0.7582,3.2601
111.8972,0.7454,3.2069
111.8974,0.7579,3.2606
111.8976,0.7743,3.3374
111.8978,0.6668,2.8712
111.8980,0.6542,2.817
111.8982,0.6898,2.9703
111.8984,0.6939,2.9879
111.8986,0.6571,2.8294
111.8988,0.6534,2.8147
111.8990,0.6362,2.7421
111.8992,0.5737,2.4728
111.8994,0.6064,2.6146
111.8996,0.658,2.8361
111.8998,0.6415,2.7623
111.9000,0.6217,2.6771
111.9002,0.6182,2.6646
111.9004,0.6216,2.6766
111.9006,0.6381,2.7504
111.9008,0.6031,2.6007
111.9010,0.6318,2.7242
111.9012,0.6215,2.6773
111.9014,0.5987,2.5803
111.9016,0.6014,2.5934
111.9018,0.5932,2.5566
111.9020,0.5959,2.5649
111.9022,0.6148,2.6484
111.9024,0.6484,2.7909
111.9026,0.6351,2.7374
111.9028,0.6016,2.5927
111.9030,0.6735,2.9001
111.9032,0.6576,2.8367
111.9034,0.5494,2.3679
111.9036,0.5724,2.4706
111.9038,0.5079,2.1901
111.9040,0.5514,2.3778
111.9042,0.5938,2.5615
111.9044,0.579,2.4956
111.9046,0.6096,2.6237
111.9048,0.7107,3.0587
111.9050,0.6636,2.8652
111.9052,0.5094,2.1974
111.9054,0.5079,2.1901
111.9056,0.5498,2.3728
111.9058,0.4887,2.1094
111.9060,0.4866,2.101
111.9062,0.4737,2.0456
111.9064,0.559,2.4093
111.9066,0.5713,2.4614
111.9068,0.5855,2.5223
111.9070,0.6124,2.6392
111.9072,0.5488,2.3697
111.9074,0.4638,2.0027
111.9076,0.4719,2.0369
111.9078,0.4765,2.0556
111.9080,0.5383,2.3209
111.9082,0.5507,2.3758
111.9084,0.5529,2.3818
111.9086,0.5571,2.3999
111.9088,0.5634,2.4261
111.9090,0.6399,2.7555
111.9092,0.6695,2.8831
111.9094,0.6771,2.9129
111.9096,0.6448,2.7793
111.9098,0.5871,2.5302
111.9100,0.5934,2.5576
111.9102,0.5855,2.5235
111.9104,0.6012,2.5888
111.9106,0.6205,2.6731
111.9108,0.5844,2.5188
111.9110,0.5415,2.336
111.9112,0.5344,2.3055
111.9114,0.5709,2.4559
111.9116,0.6267,2.6975
111.9118,0.6137,2.6437
111.9120,0.5893,2.5388
111.9122,0.6034,2.5981
111.9124,0.5966,2.568
111.9126,0.5781,2.4972
111.9128,0.461,1.9917
111.9130,0.45,1.9422
111.9132,0.449,1.9399
111.9134,0.4444,1.9179
111.9136,0.473,2.0378
111.9138,0.5061,2.1854
111.9140,0.4516,1.9498
111.9142,0.4501,1.9436
111.9144,0.4476,1.931
111.9146,0.449,1.939
111.9148,0.4452,1.9233
111.9150,0.4498,1.9412
111.9152,0.4468,1.9265
111.9154,0.4441,1.916
111.9156,0.4468,1.9273
111.9158,0.4433,1.9141
111.9160,0.4434,1.9129
111.9162,0.4507,1.9453
111.9164,0.4878,2.1013
111.9166,0.593,2.556
111.9168,0.5789,2.4904
111.9170,0.6205,2.6694
111.9172,0.6194,2.6685
111.9174,0.5701,2.4562
111.9176,0.5638,2.4277
111.9178,0.5619,2.4217
111.9180,0.5371,2.3179
111.9182,0.4592,1.9811
111.9184,0.4371,1.8854
111.9186,0.4386,1.8939
111.9188,0.4287,1.8492
111.9190,0.4565,1.9665
111.9192,0.4922,2.1234
111.9194,0.4797,2.0696
111.9196,0.4844,2.0888
111.9198,0.4974,2.1436
111.9200,0.5004,2.1586
111.9202,0.4875,2.1003
111.9204,0.5444,2.343
111.9206,0.5548,2.3912
111.9208,0.5165,2.2263
111.9210,0.5261,2.2677
111.9212,0.494,2.1292
111.9214,0.4971,2.1436
111.9216,0.4229,1.8269
111.9218,0.3812,1.6467
111.9220,0.3789,1.6361
111.9222,0.3797,1.6374
111.9224,0.4765,2.0499
111.9226,0.5633,2.4268
111.9228,0.5269,2.2687
111.9230,0.4892,2.1105
111.9232,0.4885,2.1064
111.9234,0.4905,2.1142
111.9236,0.4993,2.1529
111.9238,0.5138,2.2124
111.9240,0.5646,2.4268
111.9242,0.6145,2.6449
111.9244,0.6072,2.6097
111.9246,0.6917,2.9717
111.9248,0.711,3.0603
111.9250,0.5628,2.4281
111.9252,0.5001,2.1555
111.9254,0.5207,2.2403
111.9256,0.5755,2.4737
111.9258,0.6133,2.6409
111.9260,0.5624,2.4215
111.9262,0.6076,2.6076
111.9264,0.748,3.2103
111.9266,0.7662,3.2854
111.9268,0.8139,3.4901
111.9270,0.824,3.5398
111.9272,0.7399,3.1802
111.9274,0.6945,2.9821
111.9276,0.7586,3.2515
111.9278,0.9133,3.9145
111.9280,0.8874,3.8017
111.9282,0.9056,3.8816
111.9284,0.9173,3.9314
111.9286,0.9066,3.8911
111.9288,0.8391,3.598
111.9290,0.8371,3.5859
111.9292,0.921,3.9418
111.9294,1.0068,4.3093
111.9296,1.0433,4.4653
111.9298,1.001,4.2861
111.9300,0.962,4.125
111.9302,0.9488,4.0666
111.9304,0.9397,4.0257
111.9306,0.9305,3.9898
111.9308,0.8873,3.803
111.9310,0.9121,3.9093
111.9312,0.9156,3.9242
111.9314,0.9549,4.0871
111.9316,1.0568,4.5254
111.9318,1.0356,4.4387
111.9320,0.9836,4.2196
111.9322,0.8441,3.6247
111.9324,0.8363,3.5896
111.9326,0.8735,3.7456
111.9328,0.8598,3.687
111.9330,0.8865,3.8047
111.9332,0.8775,3.7678
111.9334,0.8766,3.7625
111.9336,0.8709,3.7343
111.9338,0.8874,3.8088
111.9340,0.8722,3.7434
111.9342,0.8556,3.6793
111.9344,0.7411,3.1884
111.9346,0.8037,3.4528
111.9348,0.8251,3.5445
111.9350,0.7802,3.3581
111.9352,0.7072,3.041
111.9354,0.7524,3.2368
111.9356,0.7341,3.1594
111.9358,0.6724,2.8955
111.9360,0.6607,2.8462
111.9362,0.6636,2.8559
111.9364,0.7108,3.0536
111.9366,0.8212,3.528
111.9368,0.8396,3.6068
111.9370,0.7594,3.2652
111.9372,0.7697,3.3065
111.9374,0.823,3.5374
111.9376,0.7925,3.4044
111.9378,0.7926,3.4049
111.9380,0.8516,3.6566
111.9382,0.8739,3.7506
111.9384,0.8367,3.5978
111.9386,0.7905,3.3961
111.9388,0.8042,3.4597
111.9390,0.736,3.1676
111.9392,0.7258,3.1252
111.9394,0.688,2.9612
111.9396,0.6741,2.904
111.9398,0.6715,2.8887
111.9400,0.7348,3.161
111.9402,0.7259,3.1272
111.9404,0.6743,2.901
111.9406,0.6637,2.8551
111.9408,0.6693,2.8834
111.9410,0.6699,2.8846
111.9412,0.6773,2.9153
111.9414,0.716,3.0786
111.9416,0.7379,3.1789
111.9418,0.6405,2.7594
111.9420,0.5897,2.5416
111.9422,0.6203,2.6721
111.9424,0.6403,2.7584
111.9426,0.6374,2.7434
111.9428,0.6851,2.9502
111.9430,0.6598,2.8426
111.9432,0.6367,2.7442
111.9434,0.6426,2.7643
111.9436,0.6522,2.8095
111.9438,0.6429,2.7697
111.9440,0.639,2.7553
111.9442,0.6342,2.732
111.9444,0.6329,2.7238
111.9446,0.6528,2.8095
111.9448,0.7173,3.08
111.9450,0.8874,3.8177
111.9452,0.7396,3.1831
111.9454,0.7043,3.0286
111.9456,0.6722,2.8971
111.9458,0.6248,2.693
111.9460,0.6488,2.7938
111.9462,0.6383,2.7509
111.9464,0.5594,2.4131
111.9466,0.5537,2.3843
111.9468,0.6295,2.7131
111.9470,0.6056,2.6079
111.9472,0.5743,2.4766
111.9474,0.5531,2.3873
111.9476,0.5441,2.3474
111.9478,0.5468,2.3544
111.9480,0.6273,2.7001
111.9482,0.7254,3.1222
111.9484,0.738,3.172
111.9486,0.7446,3.2018
111.9488,0.7338,3.1613
111.9490,0.6523,2.8074
111.9492,0.6793,2.9235
111.9494,0.6638,2.8543
111.9496,0.6836,2.9462
111.9498,0.6642,2.8545
111.9500,0.7169,3.0827
111.9502,0.6983,3.0014
111.9504,0.7489,3.2219
111.9506,0.7357,3.1637
111.9508,0.7902,3.3977
111.9510,0.73,3.1404
111.9512,0.6881,2.9659
111.9514,0.673,2.8967
111.9516,0.6994,3.0144
111.9518,0.5811,2.5067
111.9520,0.5806,2.5
111.9522,0.659,2.8363
111.9524,0.6673,2.8733
111.9526,0.6848,2.9473
111.9528,0.7564,3.2478
111.9530,0.815,3.498
111.9532,0.8441,3.6298
111.9534,0.7452,3.2074
111.9536,0.7223,3.1074
111.9538,0.6396,2.7591
111.9540,0.5375,2.32
111.9542,0.5338,2.3018
111.9544,0.5112,2.2041
111.9546,0.5072,2.187
111.9548,0.5796,2.4993
111.9550,0.6395,2.7548
111.9552,0.548,2.3639
111.9554,0.4887,2.1113
111.9556,0.5169,2.2299
111.9558,0.5676,2.4442
111.9560,0.5886,2.5369
111.9562,0.5841,2.5208
111.9564,0.5059,2.1814
111.9566,0.4908,2.1172
111.9568,0.4857,2.0964
111.9570,0.4903,2.1161
111.9572,0.5065,2.1809
111.9574,0.6307,2.7107
111.9576,0.7287,3.1376
111.9578,0.6795,2.9259
111.9580,0.6705,2.8845
111.9582,0.6829,2.9431
111.9584,0.5246,2.2599
111.9586,0.5433,2.3394
111.9588,0.5613,2.418
111.9590,0.6469,2.7868
111.9592,0.574,2.4739
111.9594,0.5493,2.3674
111.9596,0.6187,2.6642
111.9598,0.6734,2.8956
111.9600,0.6874,2.9545
111.9602,0.6907,2.967
111.9604,0.7379,3.1759
111.9606,0.6988,3.0077
111.9608,0.7705,3.3024
111.9610,0.9035,3.8741
111.9612,0.9289,3.9887
111.9614,0.8672,3.7218
111.9616,0.8576,3.6789
111.9618,0.8868,3.808
111.9620,0.8812,3.7785
111.9622,0.897,3.85
111.9624,0.8687,3.7285
111.9626,0.8964,3.8474
111.9628,0.9017,3.8664
111.9630,0.9242,3.9649
111.9632,0.9126,3.9169
111.9634,0.9221,3.9501
111.9636,0.9927,4.2587
111.9638,0.9073,3.8942
111.9640,0.9004,3.868
111.9642,0.8438,3.6164
111.9644,0.9113,3.9112
111.9646,0.9222,3.9543
111.9648,0.9114,3.9099
111.9650,0.865,3.7091
111.9652,0.8715,3.7525
111.9654,0.6731,2.9013
111.9656,0.6385,2.7506
111.9658,0.6329,2.7251
111.9660,0.6223,2.6821
111.9662,0.6553,2.8177
111.9664,0.7625,3.271
111.9666,0.8265,3.549
111.9668,0.8173,3.5094
111.9670,0.8478,3.6474
111.9672,0.8114,3.4874
111.9674,0.7561,3.2543
111.9676,0.6771,2.917
111.9678,0.6926,2.9781
111.9680,0.7724,3.3168
111.9682,0.8146,3.498
111.9684,0.8338,3.5821
111.9686,0.8091,3.4824
111.9688,0.755,3.2467
111.9690,0.7331,3.1553
111.9692,0.7034,3.0273
111.9694,0.7403,3.1847
111.9696,0.7524,3.2338
111.9698,0.7938,3.4116
111.9700,0.7875,3.388
111.9702,0.7249,3.1216
111.9704,0.711,3.0603
111.9706,0.7899,3.3951
111.9708,0.7741,3.3318
111.9710,0.6914,2.9757
111.9712,0.6879,2.9621
111.9714,0.7138,3.065
111.9716,0.8148,3.5002
111.9718,0.8046,3.458
111.9720,0.8125,3.4985
111.9722,0.7339,3.1559
111.9724,0.7633,3.2853
111.9726,0.717,3.0875
111.9728,0.7504,3.2251
111.9730,0.7507,3.2266
111.9732,0.8066,3.47
111.9734,0.7343,3.1619
111.9736,0.7204,3.1034
111.9738,0.6829,2.9418
111.9740,0.6139,2.646
111.9742,0.5968,2.5721
111.9744,0.6059,2.6113
111.9746,0.6064,2.6073
111.9748,0.7237,3.1136
111.9750,0.7285,3.14
111.9752,0.6318,2.723
111.9754,0.5561,2.4024
111.9756,0.5219,2.2527
111.9758,0.5522,2.3809
111.9760,0.5528,2.3824
111.9762,0.5516,2.3794
111.9764,0.552,2.3804
111.9766,0.5528,2.3835
111.9768,0.5518,2.3805
111.9770,0.5511,2.3785
111.9772,0.5501,2.3721
111.9774,0.5481,2.3622
111.9776,0.5486,2.3654
111.9778,0.5775,2.49
111.9780,0.591,2.5461
111.9782,0.6331,2.7287
111.9784,0.6056,2.6115
111.9786,0.5829,2.5144
111.9788,0.553,2.3868
111.9790,0.4723,2.0385
111.9792,0.4571,1.9755
111.9794,0.4524,1.9544
111.9796,0.444,1.9163
111.9798,0.4416,1.9051
111.9800,0.4442,1.9191
111.9802,0.4499,1.9435
111.9804,0.4476,1.9328
111.9806,0.451,1.9464
111.9808,0.4456,1.924
111.9810,0.4458,1.9259
111.9812,0.4464,1.9267
111.9814,0.4477,1.9324
111.9816,0.4475,1.9313
111.9818,0.446,1.9269
111.9820,0.4474,1.9317
111.9822,0.4469,1.9288
111.9824,0.4454,1.9234
111.9826,0.447,1.9302
111.9828,0.457,1.9713
111.9830,0.5036,2.1725
111.9832,0.4911,2.1158
111.9834,0.5799,2.4969
111.9836,0.6267,2.7
111.9838,0.604,2.6019
111.9840,0.5737,2.4728
111.9842,0.5227,2.2579
111.9844,0.4621,1.9963
111.9846,0.4531,1.9557
111.9848,0.4456,1.9222
111.9850,0.4487,1.9356
111.9852,0.4546,1.9591
111.9854,0.557,2.3983
111.9856,0.5537,2.3888
111.9858,0.4571,1.9746
111.9860,0.433,1.8687
111.9862,0.4624,1.9946
111.9864,0.445,1.9223
111.9866,0.4367,1.8848
111.9868,0.4698,2.0257
111.9870,0.4662,2.0083
111.9872,0.5457,2.3508
111.9874,0.566,2.4438
111.9876,0.4809,2.0738
111.9878,0.4896,2.1101
111.9880,0.5211,2.247
111.9882,0.5042,2.1731
111.9884,0.5276,2.2728
111.9886,0.4974,2.1417
111.9888,0.5414,2.329
111.9890,0.6356,2.7331
111.9892,0.699,3.0073
111.9894,0.7142,3.0709
111.9896,0.7108,3.0578
111.9898,0.618,2.6611
111.9900,0.6042,2.6005
111.9902,0.627,2.6973
111.9904,0.5963,2.5676
111.9906,0.6143,2.6426
111.9908,0.6877,2.9597
111.9910,0.6564,2.8237
111.9912,0.6829,2.9363
111.9914,0.7312,3.1411
111.9916,0.7698,3.307
111.9918,0.7302,3.137
111.9920,0.7029,3.0238
111.9922,0.6414,2.7579
111.9924,0.7126,3.0627
111.9926,0.7573,3.255
111.9928,0.7526,3.2334
111.9930,0.7614,3.2679
111.9932,0.7947,3.4142
111.9934,0.7848,3.3667
111.9936,0.8237,3.5372
111.9938,0.7916,3.3976
111.9940,0.8307,3.5637
111.9942,0.9085,3.8957
111.9944,0.9002,3.8585
111.9946,0.936,4.0116
111.9948,0.9294,3.9852
111.9950,0.968,4.1411
111.9952,1.0277,4.3965
111.9954,0.9987,4.2804
111.9956,0.9529,4.0783
111.9958,1.0899,4.6671
111.9960,1.0662,4.5654
111.9962,0.9851,4.2243
111.9964,0.9287,3.9858
111.9966,0.8981,3.8546
111.9968,0.7977,3.427
111.9970,0.7357,3.1681
111.9972,0.7437,3.1947
111.9974,0.8291,3.5603
111.9976,0.7763,3.3364
111.9978,0.7791,3.3456
111.9980,0.8486,3.642
111.9982,0.7974,3.4255
111.9984,0.7609,3.2704
111.9986,0.6984,3.0061
111.9988,0.7134,3.072
111.9990,0.7136,3.0697
111.9992,0.714,3.0746
111.9994,0.7203,3.0972
111.9996,0.7954,3.4141
111.9998,0.8514,3.6578
112.0000,0.7923,3.4102
112.0002,0.7675,3.3003
112.0004,0.8163,3.5052
112.0006,0.8806,3.7795
112.0008,0.8624,3.7012
112.0010,0.8462,3.6351
112.0012,0.8028,3.4487
112.0014,0.8444,3.6257
112.0016,0.8495,3.6445
112.0018,0.8474,3.6386
112.0020,0.8267,3.5567
112.0022,0.7618,3.2756
112.0024,0.7706,3.3122
112.0026,0.7534,3.238
112.0028,0.7486,3.2203
112.0030,0.7728,3.3214
112.0032,0.803,3.4561
112.0034,0.7819,3.3606
112.0036,0.7823,3.3637
112.0038,0.7705,3.3147
112.0040,0.7873,3.3869
112.0042,0.771,3.3183
112.0044,0.7055,3.0323
112.0046,0.7648,3.2854
112.0048,0.8321,3.5699
112.0050,0.83,3.5706
112.0052,0.7752,3.3333
112.0054,0.8073,3.4715
112.0056,0.816,3.5053
112.0058,0.8053,3.4611
112.0060,0.7937,3.4111
112.0062,0.8096,3.4797
112.0064,0.8254,3.546
112.0066,0.8363,3.5929
112.0068,0.845,3.6283
112.0070,0.9076,3.8971
112.0072,0.904,3.8816
112.0074,0.8959,3.8471
112.0076,0.87,3.7359
112.0078,0.8349,3.5867
112.0080,0.8681,3.7294
112.0082,0.8673,3.731
112.0084,0.7742,3.3307
112.0086,0.7857,3.3787
112.0088,0.7933,3.4096
112.0090,0.8204,3.5277
112.0092,0.8184,3.5173
112.0094,0.8242,3.5425
112.0096,0.8213,3.5318
112.0098,0.8222,3.5354
112.0100,0.8336,3.5827
112.0102,0.8246,3.5408
112.0104,0.8612,3.6995
112.0106,0.8284,3.5556
112.0108,0.8478,3.6491
112.0110,0.7615,3.276
112.0112,0.8448,3.6295
112.0114,0.849,3.6526
112.0116,0.7752,3.341
112.0118,0.6592,2.8413
112.0120,0.6318,2.7217
112.0122,0.6494,2.7963
112.0124,0.6718,2.8942
112.0126,0.6953,2.9955
112.0128,0.7335,3.1539
112.0130,0.7795,3.3503
112.0132,0.8136,3.4918
112.0134,0.8565,3.6846
112.0136,0.7221,3.1078
112.0138,0.7004,3.013
112.0140,0.6779,2.9233
112.0142,0.5667,2.4469
112.0144,0.5622,2.4244
112.0146,0.6373,2.748
112.0148,0.5719,2.4674
112.0150,0.5451,2.3504
112.0152,0.5452,2.352
112.0154,0.5439,2.3463
112.0156,0.5518,2.3783
112.0158,0.6453,2.7814
112.0160,0.6642,2.8638
112.0162,0.6282,2.705
112.0164,0.6832,2.9365
112.0166,0.7986,3.4259
112.0168,0.9017,3.8718
112.0170,0.8558,3.6832
112.0172,0.7288,3.1396
112.0174,0.6572,2.8325
112.0176,0.6326,2.7266
112.0178,0.6723,2.8936
112.0180,0.709,3.0558
112.0182,0.6499,2.7997
112.0184,0.6589,2.8398
112.0186,0.6367,2.7454
112.0188,0.6303,2.718
112.0190,0.6163,2.6563
112.0192,0.6457,2.779
112.0194,0.6825,2.9402
112.0196,0.6843,2.9466
112.0198,0.691,2.9741
112.0200,0.7077,3.0444
112.0202,0.7186,3.0971
112.0204,0.6421,2.7674
112.0206,0.6724,2.8941
112.0208,0.682,2.9381
112.0210,0.6448,2.7793
112.0212,0.6793,2.9235
112.0214,0.7273,3.129
112.0216,0.6835,2.9457
112.0218,0.6384,2.7501
112.0220,0.6212,2.675
112.0222,0.5987,2.5827
112.0224,0.5054,2.1833
112.0226,0.4921,2.1258
112.0228,0.4905,2.1171
112.0230,0.4891,2.1109
112.0232,0.4936,2.1306
112.0234,0.5038,2.1756
112.0236,0.5128,2.2103
112.0238,0.5663,2.4442
112.0240,0.4958,2.1429
112.0242,0.4853,2.0953
112.0244,0.4803,2.0741
112.0246,0.4758,2.0525
112.0248,0.4861,2.099
112.0250,0.516,2.2237
112.0252,0.5564,2.3957
112.0254,0.6172,2.6587
112.0256,0.6211,2.6782
112.0258,0.5873,2.5301
112.0260,0.7066,3.0384
112.0262,0.7584,3.2626
112.0264,0.7312,3.1426
112.0266,0.7952,3.4146
112.0268,0.7667,3.2921
112.0270,0.8374,3.5908
112.0272,0.9529,4.086
112.0274,0.9672,4.1472
112.0276,0.9893,4.2423
112.0278,0.9373,4.0191
112.0280,0.8704,3.7357
112.0282,0.932,3.9946
112.0284,0.9699,4.1609
112.0286,0.93,3.984
112.0288,1.052,4.5091
112.0290,1.0204,4.3734
112.0292,1.0301,4.413
112.0294,1.0332,4.4263
112.0296,1.0107,4.3277
112.0298,1.0224,4.3862
112.0300,0.9782,4.1984
112.0302,0.9968,4.2662
112.0304,1.076,4.6075
112.0306,1.0573,4.538
112.0308,0.902,3.877
112.0310,0.8284,3.5622
112.0312,0.8277,3.5542
112.0314,0.8321,3.5782
112.0316,0.7475,3.2157
112.0318,0.7853,3.3813
112.0320,0.7445,3.2073
112.0322,0.713,3.07
112.0324,0.6995,3.0122
112.0326,0.7185,3.0923
112.0328,0.7125,3.0665
112.0330,0.712,3.0687
112.0332,0.7158,3.0809
112.0334,0.7826,3.3653
112.0336,0.7841,3.3762
112.0338,0.6719,2.8988
112.0340,0.5698,2.4581
112.0342,0.5849,2.5221
112.0344,0.6241,2.6911
112.0346,0.7109,3.0612
112.0348,0.6195,2.6715
112.0350,0.5959,2.572
112.0352,0.5514,2.3833
112.0354,0.4867,2.1025
112.0356,0.5138,2.2165
112.0358,0.5486,2.3687
112.0360,0.5,2.159
112.0362,0.4883,2.1063
112.0364,0.506,2.1819
112.0366,0.609,2.6248
112.0368,0.6505,2.8049
112.0370,0.6061,2.6184
112.0372,0.5016,2.1627
112.0374,0.5891,2.539
112.0376,0.5938,2.5591
112.0378,0.5958,2.5691
112.0380,0.5781,2.4949
112.0382,0.5223,2.2543
112.0384,0.5137,2.216
112.0386,0.5564,2.399
112.0388,0.5686,2.4529
112.0390,0.5729,2.4669
112.0392,0.6426,2.7708
112.0394,0.5441,2.3474
112.0396,0.5205,2.2455
112.0398,0.5022,2.1673
112.0400,0.5158,2.2274
112.0402,0.4975,2.1481
112.0404,0.5192,2.2398
112.0406,0.5689,2.4533
112.0408,0.5706,2.4605
112.0410,0.4946,2.1357
112.0412,0.477,2.0567
112.0414,0.4868,2.1011
112.0416,0.4833,2.0851
112.0418,0.4682,2.0246
112.0420,0.4035,1.7438
112.0422,0.395,1.707
112.0424,0.3942,1.7039
112.0426,0.3946,1.7047
112.0428,0.4446,1.9171
112.0430,0.4608,1.9879
112.0432,0.4409,1.9038
112.0434,0.4438,1.9162
112.0436,0.4686,2.0215
112.0438,0.5278,2.2739
112.0440,0.6095,2.6256
112.0442,0.6204,2.6739
112.0444,0.5109,2.2041
112.0446,0.4552,1.9654
112.0448,0.4495,1.9392
112.0450,0.4494,1.9378
112.0452,0.4495,1.9401
112.0454,0.4839,2.0896
112.0456,0.4559,1.9685
112.0458,0.4459,1.9246
112.0460,0.4676,2.0164
112.0462,0.4564,1.9687
112.0464,0.4648,2.004
112.0466,0.5313,2.2888
112.0468,0.4976,2.1467
112.0470,0.4562,1.9673
112.0472,0.5053,2.1778
112.0474,0.5513,2.3751
112.0476,0.5573,2.402
112.0478,0.5667,2.4412
112.0480,0.551,2.3724
112.0482,0.5549,2.3873
112.0484,0.5959,2.5673
112.0486,0.5808,2.5022
112.0488,0.6148,2.6459
112.0490,0.5856,2.5217
112.0492,0.5813,2.5019
112.0494,0.6725,2.8906
112.0496,0.6898,2.9703
112.0498,0.5801,2.4979
112.0500,0.5547,2.3851
112.0502,0.6454,2.7741
112.0504,0.691,2.97
112.0506,0.7356,3.1617
112.0508,0.7805,3.3529
112.0510,0.7084,3.0489
112.0512,0.6782,2.9162
112.0514,0.6676,2.8762
112.0516,0.5564,2.399
112.0518,0.5319,2.2904
112.0520,0.5354,2.3053
112.0522,0.5601,2.4139
112.0524,0.5801,2.4991
112.0526,0.562,2.4199
112.0528,0.559,2.407
112.0530,0.5627,2.4242
112.0532,0.5785,2.4947
112.0534,0.4879,2.1048
112.0536,0.438,1.8896
112.0538,0.4766,2.0542
112.0540,0.6044,2.6015
112.0542,0.5648,2.4341
112.0544,0.4924,2.1244
112.0546,0.5261,2.2666
112.0548,0.5843,2.516
112.0550,0.5192,2.2387
112.0552,0.4874,2.1027
112.0554,0.4879,2.1028
112.0556,0.4886,2.1069
112.0558,0.4893,2.109
112.0560,0.5189,2.2325
112.0562,0.6468,2.7798
112.0564,0.7282,3.1283
112.0566,0.7374,3.165
112.0568,0.739,3.1791
112.0570,0.6847,2.944
112.0572,0.6478,2.7857
112.0574,0.7112,3.0608
112.0576,0.6078,2.6172
112.0578,0.6102,2.6275
112.0580,0.5772,2.4809
112.0582,0.6614,2.8466
112.0584,0.6055,2.611
112.0586,0.6209,2.6722
112.0588,0.6579,2.8264
112.0590,0.6962,2.9921
112.0592,0.7098,3.0537
112.0594,0.7217,3.099
112.0596,0.7695,3.3014
112.0598,0.7678,3.2952
112.0600,0.8567,3.6719
112.0602,0.9517,4.0808
112.0604,0.9216,3.9481
112.0606,0.9327,3.9977
112.0608,0.9514,4.0722
112.0610,1.0278,4.397
112.0612,1.0414,4.4571
112.0614,1.0194,4.3652
112.0616,1.0317,4.4176
112.0618,1.0403,4.4566
112.0620,0.9389,4.0314
112.0622,0.8729,3.7448
112.0624,0.8865,3.8047
112.0626,0.7826,3.3637
112.0628,0.7465,3.2101
112.0630,0.742,3.1875
112.0632,0.8272,3.5554
112.0634,0.7893,3.3894
112.0636,0.8522,3.6575
112.0638,0.8813,3.7843
112.0640,0.8001,3.4389
112.0642,0.7442,3.2003
112.0644,0.6837,2.9426
112.0646,0.689,2.964
112.0648,0.7524,3.2323
112.0650,0.792,3.4055
112.0652,0.7692,3.3044
112.0654,0.7884,3.3853
112.0656,0.7939,3.4058
112.0658,0.8456,3.6309
112.0660,0.8534,3.6609
112.0662,0.8695,3.7338
112.0664,0.8814,3.7831
112.0666,0.8806,3.783
112.0668,0.8192,3.5192
112.0670,0.8377,3.5986
112.0672,0.8643,3.7095
112.0674,0.886,3.7973
112.0676,0.9199,3.9464
112.0678,0.9022,3.8739
112.0680,0.907,3.8909
112.0682,0.9345,4.0073
112.0684,0.9508,4.0772
112.0686,0.9674,4.1462
112.0688,0.9935,4.2603
112.0690,0.9331,4.0049
112.0692,0.8811,3.7833
112.0694,0.8935,3.8315
112.0696,0.9731,4.1729
112.0698,0.9709,4.1709
112.0700,0.8602,3.6971
112.0702,0.8359,3.5925
112.0704,0.7899,3.3967
112.0706,0.7697,3.3065
112.0708,0.773,3.3271
112.0710,0.7445,3.2013
112.0712,0.7648,3.29
112.0714,0.774,3.3266
112.0716,0.7711,3.3142
112.0718,0.7669,3.2931
112.0720,0.8402,3.6094
112.0722,0.8524,3.6585
112.0724,0.8578,3.6868
112.0726,0.8156,3.5054
112.0728,0.873,3.7488
112.0730,0.8759,3.7629
112.0732,0.8184,3.5222
112.0734,0.6698,2.8788
112.0736,0.7397,3.1836
112.0738,0.7365,3.1697
112.0740,0.7179,3.0926
112.0742,0.7004,3.0158
112.0744,0.7058,3.0362
112.0746,0.7844,3.3652
112.0748,0.8644,3.7134
112.0750,0.8275,3.5598
112.0752,0.7046,3.0338
112.0754,0.6781,2.9197
112.0756,0.6719,2.8934
112.0758,0.6445,2.7803
112.0760,0.5832,2.516
112.0762,0.5976,2.5769
112.0764,0.6195,2.6665
112.0766,0.6869,2.9566
112.0768,0.7195,3.0969
112.0770,0.7335,3.1597
112.0772,0.6032,2.6036
112.0774,0.5477,2.364
112.0776,0.5319,2.2946
112.0778,0.5338,2.3018
112.0780,0.5329,2.3009
112.0782,0.5366,2.3148
112.0784,0.5439,2.3442
112.0786,0.5579,2.4046
112.0788,0.5853,2.5248
112.0790,0.5421,2.3386
112.0792,0.5414,2.3355
112.0794,0.5369,2.3185
112.0796,0.5384,2.3225
112.0798,0.5372,2.3163
112.0800,0.5306,2.2889
112.0802,0.5303,2.2879
112.0804,0.5193,2.2403
112.0806,0.5163,2.2294
112.0808,0.5251,2.2662
112.0810,0.5212,2.2475
112.0812,0.5396,2.3245
112.0814,0.5686,2.454
112.0816,0.5271,2.275
112.0818,0.5252,2.2667
112.0820,0.5237,2.2573
112.0822,0.5753,2.4773
112.0824,0.6508,2.8038
112.0826,0.6613,2.8461
112.0828,0.6802,2.929
112.0830,0.6723,2.895
112.0832,0.6229,2.686
112.0834,0.5568,2.3955
112.0836,0.6017,2.5945
112.0838,0.5839,2.5168
112.0840,0.5751,2.4808
112.0842,0.5293,2.2832
112.0844,0.5341,2.3039
112.0846,0.5616,2.4195
112.0848,0.5735,2.4707
112.0850,0.5504,2.3776
112.0852,0.4571,1.9727
112.0854,0.4398,1.8982
112.0856,0.4392,1.8965
112.0858,0.4482,1.9344
112.0860,0.4523,1.9529
112.0862,0.4462,1.9257
112.0864,0.4409,1.9029
112.0866,0.4488,1.9343
112.0868,0.5082,2.1932
112.0870,0.4825,2.0796
112.0872,0.5699,2.454
112.0874,0.6004,2.5864
112.0876,0.6758,2.9072
112.0878,0.738,3.172
112.0880,0.6932,2.9848
112.0882,0.6265,2.6965
112.0884,0.6755,2.9062
112.0886,0.7102,3.0553
112.0888,0.6926,2.9781
112.0890,0.6895,2.9688
112.0892,0.688,2.9598
112.0894,0.7397,3.1792
112.0896,0.7417,3.182
112.0898,0.8646,3.7127
112.0900,0.8739,3.7524
112.0902,0.8285,3.5544
112.0904,0.8437,3.6209
112.0906,0.9013,3.8649
112.0908,0.9259,3.9721
112.0910,0.8532,3.6689
112.0912,0.7757,3.3338
112.0914,0.7535,3.24
112.0916,0.7375,3.1699
112.0918,0.7272,3.1285
112.0920,0.7233,3.1115
112.0922,0.7362,3.1613
112.0924,0.7903,3.3967
112.0926,0.7976,3.4281
112.0928,0.8024,3.4487
112.0930,0.7685,3.3029
112.0932,0.7931,3.4038
112.0934,0.8915,3.8263
112.0936,0.9237,3.9629
112.0938,0.9073,3.8924
112.0940,0.9077,3.8958
112.0942,0.9215,3.9549
112.0944,0.9065,3.8888
112.0946,0.9065,3.8906
112.0948,0.8393,3.6024
112.0950,0.8919,3.8243
112.0952,0.9152,3.9282
112.0954,0.8775,3.7696
112.0956,0.8899,3.8178
112.0958,0.9211,3.9552
112.0960,0.8966,3.8484
112.0962,0.8865,3.8082
112.0964,0.8143,3.4949
112.0966,0.8801,3.7756
112.0968,0.8706,3.742
112.0970,0.8146,3.5046
112.0972,0.7775,3.3431
112.0974,0.801,3.4458
112.0976,0.7779,3.3483
112.0978,0.6885,2.9605
112.0980,0.7452,3.2029
112.0982,0.7397,3.1807
112.0984,0.7314,3.151
112.0986,0.6904,2.9729
112.0988,0.7241,3.1137
112.0990,0.7809,3.3565
112.0992,0.8596,3.6963
112.0994,0.7734,3.3256
112.0996,0.7826,3.3637
112.0998,0.7761,3.3405
112.1000,0.7252,3.1226
112.1002,0.664,2.8593
112.1004,0.6996,3.0099
112.1006,0.76,3.2693
112.1008,0.753,3.2424
112.1010,0.7017,3.02
112.1012,0.7052,3.035
112.1014,0.7499,3.229
112.1016,0.7077,3.0444
112.1018,0.7066,3.044
112.1020,0.7954,3.4172
112.1022,0.8301,3.5645
112.1024,0.7931,3.4133
112.1026,0.7666,3.3023
112.1028,0.7186,3.0885
112.1030,0.7452,3.2104
112.1032,0.6813,2.9323
112.1034,0.7311,3.1479
112.1036,0.6901,2.9714
112.1038,0.7588,3.2627
112.1040,0.7676,3.307
112.1042,0.6723,2.8936
112.1044,0.6643,2.8617
112.1046,0.6737,2.9025
112.1048,0.6701,2.8843
112.1050,0.6854,2.9512
112.1052,0.6925,2.9845
112.1054,0.6987,3.0057
112.1056,0.7103,3.0586
112.1058,0.6782,2.9175
112.1060,0.7121,3.0678
112.1062,0.6572,2.8325
112.1064,0.6243,2.6897
112.1066,0.6855,2.9517
112.1068,0.7765,3.339
112.1070,0.8433,3.6262
112.1072,0.7856,3.3782
112.1074,0.7251,3.1192
112.1076,0.7265,3.1269
112.1078,0.7287,3.1376
112.1080,0.7379,3.1744
112.1082,0.7399,3.1847
112.1084,0.7401,3.1852
112.1086,0.7706,3.3137
112.1088,0.7901,3.3972
112.1090,0.8152,3.5006
112.1092,0.8438,3.6198
112.1094,0.8681,3.7277
112.1096,0.8803,3.7819
112.1098,0.8898,3.8226
112.1100,0.842,3.6222
112.1102,0.7211,3.1065
112.1104,0.6871,2.9612
112.1106,0.6814,2.9328
112.1108,0.6861,2.953
112.1110,0.6327,2.7271
112.1112,0.5902,2.546
112.1114,0.5857,2.5257
112.1116,0.6269,2.703
112.1118,0.6205,2.6744
112.1120,0.5459,2.3573
112.1122,0.4945,2.1352
112.1124,0.4767,2.0576
112.1126,0.4758,2.0544
112.1128,0.48,2.0745
112.1130,0.4793,2.0704
112.1132,0.4717,2.0359
112.1134,0.4747,2.0498
112.1136,0.4796,2.071
112.1138,0.5261,2.2677
112.1140,0.5896,2.5434
112.1142,0.5407,2.3302
112.1144,0.6195,2.6703
112.1146,0.5669,2.4434
112.1148,0.5532,2.3867
112.1150,0.5507,2.3758
112.1152,0.5498,2.3684
112.1154,0.5978,2.5755
112.1156,0.6464,2.7834
112.1158,0.6781,2.9197
112.1160,0.6734,2.8969
112.1162,0.6447,2.7762
112.1164,0.6434,2.7731
112.1166,0.6162,2.6582
112.1168,0.536,2.3122
112.1170,0.5658,2.4387
112.1172,0.6457,2.7803
112.1174,0.5974,2.5746
112.1176,0.5826,2.5099
112.1178,0.5878,2.5345
112.1180,0.6061,2.6124
112.1182,0.5911,2.549
112.1184,0.5922,2.5501
112.1186,0.6488,2.7925
112.1188,0.6422,2.7641
112.1190,0.6417,2.7646
112.1192,0.6356,2.7395
112.1194,0.6017,2.5921
112.1196,0.5992,2.5812
112.1198,0.6026,2.5986
112.1200,0.5797,2.501
112.1202,0.5308,2.2868
112.1204,0.5989,2.5802
112.1206,0.5873,2.5324
112.1208,0.5667,2.4457
112.1210,0.4936,2.1286
112.1212,0.476,2.0555
112.1214,0.4803,2.0741
112.1216,0.4999,2.1555
112.1218,0.5506,2.3731
112.1220,0.5161,2.2263
112.1222,0.4911,2.1197
112.1224,0.4791,2.067
112.1226,0.4903,2.1122
112.1228,0.5139,2.215
112.1230,0.5606,2.416
112.1232,0.605,2.6065
112.1234,0.6168,2.6571
112.1236,0.6311,2.7161
112.1238,0.641,2.7602
112.1240,0.6086,2.622
112.1242,0.6564,2.8223
112.1244,0.7155,3.0751
112.1246,0.7712,3.3147
112.1248,0.7156,3.0813
112.1250,0.6919,2.9763
112.1252,0.7233,3.1072
112.1254,0.7417,3.1894
112.1256,0.7149,3.0711
112.1258,0.782,3.3564
112.1260,0.8366,3.5906
112.1262,0.8746,3.7502
112.1264,0.9253,3.9677
112.1266,0.9131,3.9189
112.1268,0.8618,3.6987
112.1270,0.8872,3.7989
112.1272,1.0231,4.3811
112.1274,1.0518,4.5017
112.1276,1.0329,4.4248
112.1278,1.0514,4.5044
112.1280,1.0468,4.4906
112.1282,0.9389,4.0258
112.1284,0.9405,4.0349
112.1286,0.9619,4.1226
112.1288,0.9809,4.2024
112.1290,1.01,4.3246
112.1292,0.9887,4.2377
112.1294,1.0121,4.3359
112.1296,1.0541,4.5178
112.1298,1.0395,4.451
112.1300,1.007,4.3239
112.1302,0.8233,3.5417
112.1304,0.7519,3.2348
112.1306,0.7217,3.1077
112.1308,0.655,2.8193
112.1310,0.6826,2.9421
112.1312,0.6988,3.0063
112.1314,0.7853,3.3735
112.1316,0.8052,3.4574
112.1318,0.8622,3.7024
112.1320,0.8782,3.7674
112.1322,0.8767,3.7647
112.1324,0.8675,3.7251
112.1326,0.8399,3.6117
112.1328,0.8294,3.568
112.1330,0.7932,3.4106
112.1332,0.7992,3.4332
112.1334,0.8402,3.6077
112.1336,0.8566,3.6782
112.1338,0.8753,3.7603
112.1340,0.8091,3.4857
112.1342,0.7342,3.1599
112.1344,0.7576,3.2575
112.1346,0.7565,3.2544
112.1348,0.7472,3.2162
112.1350,0.7447,3.2068
112.1352,0.6812,2.9332
112.1354,0.6592,2.8413
112.1356,0.6705,2.8899
112.1358,0.6731,2.8986
112.1360,0.6606,2.8483
112.1362,0.6546,2.8172
112.1364,0.7457,3.2005
112.1366,0.8706,3.742
112.1368,0.7722,3.325
112.1370,0.7127,3.0647
112.1372,0.7769,3.3405
112.1374,0.7398,3.1916
112.1376,0.5821,2.5125
112.1378,0.5578,2.4052
112.1380,0.5591,2.412
112.1382,0.5589,2.4099
112.1384,0.5772,2.4901
112.1386,0.5651,2.4379
112.1388,0.5008,2.1636
112.1390,0.4877,2.1067
112.1392,0.4939,2.1306
112.1394,0.549,2.3675
112.1396,0.5493,2.3718
112.1398,0.5616,2.4173
112.1400,0.7061,3.042
112.1402,0.6146,2.6503
112.1404,0.5415,2.336
112.1406,0.5378,2.321
112.1408,0.5315,2.2931
112.1410,0.5228,2.2563
112.1412,0.5185,2.2367
112.1414,0.5198,2.2424
112.1416,0.5233,2.2584
112.1418,0.5212,2.2486
112.1420,0.5366,2.3126
112.1422,0.5368,2.3158
112.1424,0.5273,2.276
112.1426,0.5271,2.2739
112.1428,0.5242,2.2615
112.1430,0.5281,2.2781
112.1432,0.5477,2.3585
112.1434,0.6206,2.6712
112.1436,0.6504,2.8018
112.1438,0.6362,2.7395
112.1440,0.6812,2.9345
112.1442,0.6193,2.6717
112.1444,0.5332,2.2992
112.1446,0.5312,2.2915
112.1448,0.5775,2.4842
112.1450,0.6156,2.6544
112.1452,0.5198,2.2413
112.1454,0.5254,2.2667
112.1456,0.5481,2.3644
112.1458,0.5362,2.3132
112.1460,0.5241,2.261
112.1462,0.5142,2.2191
112.1464,0.5151,2.2201
112.1466,0.6031,2.5958
112.1468,0.5988,2.5832
112.1470,0.567,2.4416
112.1472,0.6459,2.7814
112.1474,0.6676,2.8735
112.1476,0.6952,2.9922
112.1478,0.7008,3.015
112.1480,0.6683,2.8766
112.1482,0.6929,2.9838
112.1484,0.6923,2.9826
112.1486,0.6489,2.793
112.1488,0.702,3.016
112.1490,0.7764,3.3338
112.1492,0.8302,3.57
112.1494,0.7921,3.406
112.1496,0.7038,3.0336
112.1498,0.6339,2.7285
112.1500,0.7176,3.0815
112.1502,0.7437,3.1932
112.1504,0.7409,3.1858
112.1506,0.7116,3.0643
112.1508,0.6735,2.8974
112.1510,0.6657,2.8679
112.1512,0.6722,2.8944
112.1514,0.6879,2.9552
112.1516,0.7018,3.022
112.1518,0.6763,2.9106
112.1520,0.6856,2.9564
112.1522,0.5602,2.4167
112.1524,0.4851,2.0948
112.1526,0.4865,2.1005
112.1528,0.4986,2.1508
112.1530,0.4789,2.0688
112.1532,0.3994,1.7262
112.1534,0.4305,1.8553
112.1536,0.4881,2.1029
112.1538,0.5156,2.2243
112.1540,0.4948,2.1358
112.1542,0.4883,2.1083
112.1544,0.4868,2.1011
112.1546,0.4909,2.1177
112.1548,0.4833,2.0841
112.1550,0.5319,2.2935
112.1552,0.5926,2.5504
112.1554,0.6832,2.9392
112.1556,0.6582,2.8301
112.1558,0.6944,2.9858
112.1560,0.6683,2.8846
112.1562,0.5017,2.1663
112.1564,0.4848,2.0884
112.1566,0.5538,2.3848
112.1568,0.5236,2.26
112.1570,0.4867,2.0996
112.1572,0.483,2.0836
112.1574,0.5154,2.2191
112.1576,0.5423,2.3396
112.1578,0.5627,2.4219
112.1580,0.5909,2.5456
112.1582,0.5582,2.4034
112.1584,0.6362,2.737
112.1586,0.7032,3.0211
112.1588,0.754,3.2405
112.1590,0.7301,3.1365
112.1592,0.7592,3.2617
112.1594,0.7632,3.2802
112.1596,0.7873,3.3744
112.1598,0.8978,3.8464
112.1600,0.9628,4.1267
112.1602,0.9525,4.0825
112.1604,0.9338,4.0005
112.1606,0.9855,4.216
112.1608,1.0162,4.3534
112.1610,1.0198,4.3729
112.1612,0.9867,4.2211
112.1614,1.0546,4.5072
112.1616,1.0743,4.609
112.1618,0.8663,3.7217
112.1620,0.8522,3.6541
112.1622,0.8987,3.859
112.1624,0.853,3.6628
112.1626,0.811,3.4842
112.1628,0.806,3.4626
112.1630,0.8567,3.6788
112.1632,0.9144,3.9228
112.1634,0.8765,3.7585
112.1636,0.8745,3.755
112.1638,0.8782,3.7692
112.1640,0.8842,3.7949
112.1642,0.8859,3.8039
112.1644,0.9136,3.9173
112.1646,0.9396,4.0327
112.1648,0.8028,3.4551
112.1650,0.7148,3.0749
112.1652,0.7247,3.1162
112.1654,0.7962,3.4172
112.1656,0.8343,3.5891
112.1658,0.8016,3.4435
112.1660,0.8113,3.4885
112.1662,0.7519,3.2348
112.1664,0.6942,2.9908
112.1666,0.6788,2.9174
112.1668,0.826,3.5453
112.1670,0.8396,3.6068
112.1672,0.8488,3.6499
112.1674,0.8356,3.5865
112.1676,0.8724,3.7445
112.1678,0.8835,3.7953
112.1680,0.8666,3.7192
112.1682,0.8749,3.757
112.1684,0.8729,3.7465
112.1686,0.8073,3.4699
112.1688,0.8251,3.5445
112.1690,0.8148,3.5018
112.1692,0.8154,3.5044
112.1694,0.8414,3.6129
112.1696,0.9114,3.9117
112.1698,0.9584,4.1077
112.1700,0.9747,4.1834
112.1702,0.8962,3.8499
112.1704,0.8308,3.5742
112.1706,0.7839,3.3725
112.1708,0.7673,3.2993
112.1710,0.7748,3.3302
112.1712,0.7758,3.3328
112.1714,0.8,3.4448
112.1716,0.757,3.258
112.1718,0.8255,3.5432
112.1720,0.9468,4.0635
112.1722,0.9549,4.0985
112.1724,0.9341,4.009
112.1726,0.8763,3.7609
112.1728,0.8742,3.7557
112.1730,0.864,3.7171
112.1732,0.8007,3.4463
112.1734,0.7725,3.325
112.1736,0.7258,3.1223
112.1738,0.7853,3.3766
112.1740,0.8309,3.5747
112.1742,0.807,3.4683
112.1744,0.7468,3.2156
112.1746,0.6423,2.7697
112.1748,0.6337,2.7325
112.1750,0.629,2.7111
112.1752,0.6239,2.6864
112.1754,0.6164,2.6581
112.1756,0.6457,2.7829
112.1758,0.6383,2.7483
112.1760,0.6355,2.7403
112.1762,0.5395,2.3294
112.1764,0.5398,2.3266
112.1766,0.6561,2.8279
112.1768,0.5638,2.4345
112.1770,0.4922,2.1263
112.1772,0.4801,2.0731
112.1774,0.4717,2.0359
112.1776,0.4707,2.0336
112.1778,0.47,2.0296
112.1780,0.473,2.0425
112.1782,0.4724,2.0399
112.1784,0.4729,2.0429
112.1786,0.5082,2.1922
112.1788,0.5655,2.4383
112.1790,0.4853,2.0953
112.1792,0.4633,2.0015
112.1794,0.4648,2.0059
112.1796,0.4652,2.0079
112.1798,0.4703,2.0316
112.1800,0.4821,2.0828
112.1802,0.4746,2.0492
112.1804,0.4705,2.0288
112.1806,0.5458,2.3524
112.1808,0.6259,2.6989
112.1810,0.5746,2.4765
112.1812,0.5574,2.4026
112.1814,0.5576,2.402
112.1816,0.5952,2.5677
112.1818,0.5466,2.356
112.1820,0.5666,2.4407
112.1822,0.6331,2.7274
112.1824,0.6646,2.8593
112.1826,0.6916,2.9739
112.1828,0.6648,2.8624
112.1830,0.627,2.701
112.1832,0.6204,2.6701
112.1834,0.6246,2.6907
112.1836,0.5892,2.5372
112.1838,0.6303,2.7168
112.1840,0.5842,2.5178
112.1842,0.5965,2.5686
112.1844,0.5855,2.5247
112.1846,0.5862,2.5278
112.1848,0.5817,2.5046
112.1850,0.6109,2.6306
112.1852,0.6444,2.7772
112.1854,0.5986,2.581
112.1856,0.5913,2.5483
112.1858,0.5966,2.5692
112.1860,0.5929,2.5555
112.1862,0.5472,2.363
112.1864,0.4895,2.1115
112.1866,0.5143,2.2145
112.1868,0.6089,2.623
112.1870,0.6007,2.5927
112.1872,0.5251,2.2609
112.1874,0.5915,2.5458
112.1876,0.6217,2.6771
112.1878,0.677,2.911
112.1880,0.7113,3.0599
112.1882,0.6993,3.0097
112.1884,0.6487,2.7906
112.1886,0.6695,2.8804
112.1888,0.7053,3.0341
112.1890,0.7019,3.0239
112.1892,0.6526,2.8103
112.1894,0.6392,2.7499
112.1896,0.6579,2.8277
112.1898,0.6829,2.9377
112.1900,0.659,2.8416
112.1902,0.6014,2.5922
112.1904,0.6046,2.6044
112.1906,0.6124,2.638
112.1908,0.6138,2.6405
112.1910,0.6634,2.8554
112.1912,0.6963,2.9926
112.1914,0.7363,3.1633
112.1916,0.8083,3.4724
112.1918,0.7566,3.2534
112.1920,0.7746,3.3307
112.1922,0.752,3.2338
112.1924,0.7317,3.1417
112.1926,0.7589,3.2632
112.1928,0.7002,3.0125
112.1930,0.7712,3.3086
112.1932,0.9115,3.9086
112.1934,0.9411,4.0356
112.1936,0.92,3.9451
112.1938,0.945,4.0539
112.1940,0.9612,4.1176
112.1942,0.9832,4.2121
112.1944,0.9574,4.1017
112.1946,0.96,4.1125
112.1948,1.013,4.3375
112.1950,1.0777,4.6169
112.1952,1.0076,4.3245
112.1954,0.8697,3.7396
112.1956,0.7753,3.3369
112.1958,0.7372,3.1684
112.1960,0.7297,3.1364
112.1962,0.7494,3.2224
112.1964,0.7872,3.388
112.1966,0.7496,3.2235
112.1968,0.7603,3.2709
112.1970,0.7552,3.2502
112.1972,0.7542,3.2401
112.1974,0.7785,3.3493
112.1976,0.6968,2.9975
112.1978,0.6941,2.9889
112.1980,0.6964,2.9987
112.1982,0.6796,2.9278
112.1984,0.6987,3.0057
112.1986,0.7095,3.055
112.1988,0.7016,3.0181
112.1990,0.7297,3.135
112.1992,0.7916,3.3928
112.1994,0.9218,3.9602
112.1996,0.8204,3.5326
112.1998,0.6947,2.9901
112.2000,0.7137,3.0702
112.2002,0.7541,3.2441
112.2004,0.7556,3.2493
112.2006,0.7529,3.2404
112.2008,0.6986,3.008
112.2010,0.6784,2.9226
112.2012,0.6865,2.9531
112.2014,0.7447,3.2053
112.2016,0.7512,3.2332
112.2018,0.6963,2.9996
112.2020,0.7006,3.014
112.2022,0.7052,3.0392
112.2024,0.5964,2.5657
112.2026,0.6422,2.7654
112.2028,0.6654,2.8677
112.2030,0.6284,2.7085
112.2032,0.6547,2.8191
112.2034,0.6387,2.7529
112.2036,0.5675,2.4494
112.2038,0.5516,2.3794
112.2040,0.559,2.4082
112.2042,0.5567,2.4006
112.2044,0.5799,2.498
112.2046,0.6405,2.7607
112.2048,0.6076,2.6222
112.2050,0.5005,2.1611
112.2052,0.4682,2.0209
112.2054,0.5375,2.3168
112.2056,0.5487,2.3659
112.2058,0.5366,2.3148
112.2060,0.5287,2.2817
112.2062,0.5139,2.218
112.2064,0.5652,2.435
112.2066,0.6235,2.6873
112.2068,0.6393,2.7581
112.2070,0.5582,2.4057
112.2072,0.5584,2.4033
112.2074,0.6463,2.7829
112.2076,0.6574,2.8296
112.2078,0.7017,3.0144
112.2080,0.7667,3.2952
112.2082,0.7957,3.4246
112.2084,0.7031,3.022
112.2086,0.7279,3.1302
112.2088,0.7106,3.0554
112.2090,0.7282,3.1326
112.2092,0.7536,3.2405
112.2094,0.724,3.1146
112.2096,0.7098,3.0537
112.2098,0.7568,3.2529
112.2100,0.8133,3.4989
112.2102,0.7205,3.1011
112.2104,0.6877,2.9569
112.2106,0.7399,3.1847
112.2108,0.6724,2.8928
112.2110,0.6939,2.9837
112.2112,0.6813,2.9391
112.2114,0.6043,2.607
112.2116,0.5703,2.4613
112.2118,0.5456,2.3514
112.2120,0.5552,2.3938
112.2122,0.5383,2.3231
112.2124,0.5261,2.2687
112.2126,0.5263,2.2703
112.2128,0.5301,2.2847
112.2130,0.5336,2.2997
112.2132,0.6044,2.6039
112.2134,0.6005,2.5881
112.2136,0.5327,2.2982
112.2138,0.5291,2.2806
112.2140,0.571,2.4632
112.2142,0.5303,2.2868
112.2144,0.5258,2.2682
112.2146,0.5276,2.276
112.2148,0.5272,2.2723
112.2150,0.5281,2.2791
112.2152,0.5258,2.2672
112.2154,0.5471,2.3559
112.2156,0.6191,2.6657
112.2158,0.6598,2.8399
112.2160,0.6656,2.8647
112.2162,0.6106,2.6278
112.2164,0.6242,2.6892
112.2166,0.6862,2.9548
112.2168,0.6474,2.7902
112.2170,0.5818,2.5075
112.2172,0.601,2.5902
112.2174,0.5673,2.4438
112.2176,0.5746,2.473
112.2178,0.6332,2.7241
112.2180,0.6525,2.8098
112.2182,0.6489,2.7956
112.2184,0.6508,2.8038
112.2186,0.5835,2.5135
112.2188,0.5688,2.4528
112.2190,0.5049,2.1762
112.2192,0.5109,2.2041
112.2194,0.4721,2.0403
112.2196,0.3947,1.7052
112.2198,0.4136,1.7832
112.2200,0.4879,2.1048
112.2202,0.5037,2.1741
112.2204,0.4982,2.1483
112.2206,0.5037,2.171
112.2208,0.5077,2.1871
112.2210,0.5073,2.1876
112.2212,0.508,2.1927
112.2214,0.5078,2.1876
112.2216,0.5703,2.4544
112.2218,0.6574,2.8296
112.2220,0.6958,2.9906
112.2222,0.6929,2.9768
112.2224,0.7199,3.097
112.2226,0.6498,2.8031
112.2228,0.4957,2.1374
112.2230,0.4734,2.0422
112.2232,0.5495,2.3684
112.2234,0.5604,2.4188
112.2236,0.4869,2.1006
112.2238,0.4694,2.0251
112.2240,0.4679,2.0175
112.2242,0.4897,2.1106
112.2244,0.5266,2.2676
112.2246,0.5851,2.5173
112.2248,0.6115,2.6369
112.2250,0.5489,2.3648
112.2252,0.595,2.556
112.2254,0.7124,3.0646
112.2256,0.726,3.1175
112.2258,0.789,3.3879
112.2260,0.7759,3.3333
112.2262,0.7767,3.3353
112.2264,0.7802,3.3518
112.2266,0.7755,3.3271
112.2268,0.9361,4.0121
112.2270,0.9204,3.9448
112.2272,0.9373,4.0154
112.2274,0.9488,4.059
112.2276,1.0345,4.4278
112.2278,1.0625,4.5538
112.2280,1.003,4.2949
112.2282,1.0771,4.6143
112.2284,1.0275,4.3996
112.2286,0.996,4.2651
112.2288,1.0517,4.5054
112.2290,1.001,4.2901
112.2292,1.0031,4.2974
112.2294,0.9276,3.983
112.2296,0.9317,3.995
112.2298,0.979,4.1941
112.2300,0.9859,4.2234
112.2302,0.9228,3.9625
112.2304,0.8675,3.7234
112.2306,0.8848,3.7957
112.2308,0.8891,3.8178
112.2310,0.8257,3.5487
112.2312,0.8036,3.4475
112.2314,0.8613,3.6966
112.2316,0.8648,3.715
112.2318,0.8356,3.5865
112.2320,0.8658,3.7162
112.2322,0.8805,3.7789
112.2324,0.8865,3.8082
112.2326,0.8476,3.6413
112.2328,0.8518,3.6577
112.2330,0.8319,3.5772
112.2332,0.7466,3.2121
112.2334,0.7547,3.2406
112.2336,0.8432,3.6189
112.2338,0.8463,3.6374
112.2340,0.8396,3.6118
112.2342,0.7783,3.3467
112.2344,0.762,3.2751
112.2346,0.7757,3.3354
112.2348,0.7805,3.3591
112.2350,0.7566,3.2488
112.2352,0.8398,3.6062
112.2354,0.8487,3.6477
112.2356,0.8309,3.5764
112.2358,0.7904,3.3972
112.2360,0.8279,3.5552
112.2362,0.8717,3.7414
112.2364,0.8821,3.7897
112.2366,0.7843,3.374
112.2368,0.7195,3.1013
112.2370,0.6231,2.6883
112.2372,0.5933,2.5571
112.2374,0.5874,2.5341
112.2376,0.5928,2.5562
112.2378,0.6216,2.6753
112.2380,0.6877,2.9583
112.2382,0.7025,3.0223
112.2384,0.7282,3.1326
112.2386,0.7508,3.2316
112.2388,0.7608,3.2745
112.2390,0.7508,3.2301
112.2392,0.6933,2.9839
112.2394,0.683,2.9382
112.2396,0.7306,3.1444
112.2398,0.6989,3.011
112.2400,0.6504,2.7992
112.2402,0.6496,2.8026
112.2404,0.586,2.5291
112.2406,0.5691,2.455
112.2408,0.5812,2.5049
112.2410,0.586,2.5232
112.2412,0.6305,2.7173
112.2414,0.6261,2.6987
112.2416,0.6157,2.6513
112.2418,0.6471,2.7852
112.2420,0.6495,2.7995
112.2422,0.629,2.7098
112.2424,0.6088,2.6225
112.2426,0.6211,2.6782
112.2428,0.5506,2.3753
112.2430,0.5384,2.3236
112.2432,0.4713,2.0334
112.2434,0.4568,1.9735
112.2436,0.4537,1.961
112.2438,0.4496,1.9416
112.2440,0.4543,1.9608
112.2442,0.4544,1.9623
112.2444,0.4519,1.9505
112.2446,0.4813,2.0763
112.2448,0.4942,2.1302
112.2450,0.5295,2.2843
112.2452,0.4921,2.1258
112.2454,0.4622,1.9959
112.2456,0.4584,1.9794
112.2458,0.4444,1.9188
112.2460,0.4495,1.9392
112.2462,0.514,2.2144
112.2464,0.5873,2.5336
112.2466,0.5092,2.1918
112.2468,0.661,2.8438
112.2470,0.7103,3.0558
112.2472,0.6926,2.9808
112.2474,0.6675,2.8743
112.2476,0.7132,3.0639
112.2478,0.7475,3.2112
112.2480,0.7895,3.3899
112.2482,0.8089,3.4782
112.2484,0.7383,3.176
112.2486,0.7669,3.2931
112.2488,0.8209,3.5248
112.2490,0.8321,3.5815
112.2492,0.732,3.1477
112.2494,0.796,3.4151
112.2496,0.8133,3.4956
112.2498,0.7604,3.2668
112.2500,0.7518,3.2313
112.2502,0.7752,3.3348
112.2504,0.7157,3.0776
112.2506,0.6922,2.9807
112.2508,0.6767,2.9154
112.2510,0.6664,2.8683
112.2512,0.6928,2.9763
112.2514,0.7573,3.2534
112.2516,0.8284,3.5606
112.2518,0.7812,3.3653
112.2520,0.659,2.839
112.2522,0.6854,2.9471
112.2524,0.7025,3.0223
112.2526,0.7206,3.1001
112.2528,0.78,3.3524
112.2530,0.7836,3.3678
112.2532,0.7118,3.0677
112.2534,0.6079,2.6213
112.2536,0.5952,2.5642
112.2538,0.6186,2.6661
112.2540,0.6333,2.7272
112.2542,0.6482,2.7873
112.2544,0.6857,2.9514
112.2546,0.638,2.7498
112.2548,0.5974,2.5746
112.2550,0.6273,2.6988
112.2552,0.6041,2.6072
112.2554,0.4971,2.1476
112.2556,0.4869,2.1026
112.2558,0.4836,2.0861
112.2560,0.486,2.0965
112.2562,0.4866,2.0981
112.2564,0.4861,2.096
112.2566,0.498,2.1472
112.2568,0.4926,2.1259
112.2570,0.5113,2.2036
112.2572,0.5938,2.558
112.2574,0.5731,2.4691
112.2576,0.5837,2.5157
112.2578,0.5895,2.537
112.2580,0.6893,2.9641
112.2582,0.7318,3.1467
112.2584,0.7228,3.1065
112.2586,0.7457,3.2109
112.2588,0.6391,2.7519
112.2590,0.671,2.8826
112.2592,0.7616,3.2674
112.2594,0.8566,3.6782
112.2596,0.8221,3.53
112.2598,0.8248,3.5435
112.2600,0.7908,3.4051
112.2602,0.724,3.1146
112.2604,0.7106,3.0597
112.2606,0.6535,2.8113
112.2608,0.7314,3.1436
112.2610,0.8014,3.4366
112.2612,0.8741,3.7464
112.2614,0.9466,4.0592
112.2616,0.8877,3.8134
112.2618,0.8255,3.5482
112.2620,0.8191,3.5187
112.2622,0.8259,3.5415
112.2624,0.836,3.5914
112.2626,0.8592,3.6861
112.2628,0.9103,3.9107
112.2630,0.8031,3.455
112.2632,0.7308,3.144
112.2634,0.7161,3.0848
112.2636,0.6512,2.8041
112.2638,0.6772,2.9148
112.2640,0.7119,3.0625
112.2642,0.7011,3.0217
112.2644,0.6508,2.7986
112.2646,0.7378,3.1724
112.2648,0.7064,3.0388
112.2650,0.7176,3.0887
112.2652,0.7601,3.2699
112.2654,0.7482,3.2173
112.2656,0.7175,3.0882
112.2658,0.6507,2.8046
112.2660,0.6309,2.7156
112.2662,0.6843,2.9438
112.2664,0.718,3.0902
112.2666,0.73,3.1404
112.2668,0.7604,3.2653
112.2670,0.7874,3.3875
112.2672,0.7327,3.1537
112.2674,0.7627,3.2751
112.2676,0.7766,3.341
112.2678,0.7022,3.0179
112.2680,0.7661,3.2956
112.2682,0.7594,3.2637
112.2684,0.7604,3.2714
112.2686,0.7255,3.1242
112.2688,0.7017,3.0172
112.2690,0.7295,3.1339
112.2692,0.7554,3.2467
112.2694,0.7827,3.3658
112.2696,0.7898,3.3899
112.2698,0.8597,3.6951
112.2700,0.8357,3.5937
112.2702,0.8182,3.5151
112.2704,0.8219,3.5311
112.2706,0.7867,3.3828
112.2708,0.709,3.0515
112.2710,0.6933,2.9798
112.2712,0.7273,3.1276
112.2714,0.7213,3.109
112.2716,0.6806,2.9319
112.2718,0.6085,2.6215
112.2720,0.6554,2.8222
112.2722,0.6638,2.8623
112.2724,0.5946,2.5604
112.2726,0.6946,2.9868
112.2728,0.735,3.1635
112.2730,0.5668,2.444
112.2732,0.5526,2.3819
112.2734,0.5541,2.3892
112.2736,0.5639,2.4316
112.2738,0.5668,2.4429
112.2740,0.5693,2.4571
112.2742,0.5,2.159
112.2744,0.4784,2.0649
112.2746,0.4789,2.0688
112.2748,0.499,2.1539
112.2750,0.5353,2.3091
112.2752,0.5271,2.2729
112.2754,0.5251,2.263
112.2756,0.5482,2.3606
112.2758,0.6508,2.7986
112.2760,0.7139,3.0727
112.2762,0.6674,2.8778
112.2764,0.5536,2.3871
112.2766,0.5375,2.3189
112.2768,0.5448,2.3483
112.2770,0.5797,2.501
112.2772,0.533,2.2982
112.2774,0.5273,2.2718
112.2776,0.5305,2.2873
112.2778,0.5313,2.292
112.2780,0.5313,2.291
112.2782,0.5296,2.2848
112.2784,0.5273,2.275
112.2786,0.5295,2.2832
112.2788,0.5291,2.2795
112.2790,0.613,2.6369
112.2792,0.6698,2.8841
112.2794,0.617,2.6569
112.2796,0.6103,2.6305
112.2798,0.5367,2.3153
112.2800,0.5275,2.2755
112.2802,0.5261,2.2687
112.2804,0.5269,2.2729
112.2806,0.5241,2.2599
112.2808,0.5341,2.3028
112.2810,0.5436,2.3431
112.2812,0.554,2.3865
112.2814,0.5853,2.5178
112.2816,0.6785,2.9191
112.2818,0.6817,2.9352
112.2820,0.6736,2.8979
112.2822,0.6878,2.9547
112.2824,0.6904,2.9729
112.2826,0.5836,2.5152
112.2828,0.5512,2.3779
112.2830,0.5284,2.2807
112.2832,0.5194,2.2398
112.2834,0.5253,2.263
112.2836,0.5398,2.3277
112.2838,0.5812,2.5049
112.2840,0.5425,2.3401
112.2842,0.446,1.9242
112.2844,0.4355,1.8805
112.2846,0.4391,1.8969
112.2848,0.4472,1.9303
112.2850,0.4391,1.8969
112.2852,0.4291,1.8539
112.2854,0.4387,1.8909
112.2856,0.508,2.1896
112.2858,0.5516,2.3728
112.2860,0.6444,2.7734
112.2862,0.6036,2.5991
112.2864,0.582,2.505
112.2866,0.6065,2.6115
112.2868,0.614,2.6453
112.2870,0.6404,2.7525
112.2872,0.662,2.8479
112.2874,0.6168,2.6559
112.2876,0.645,2.7772
112.2878,0.6348,2.7308
112.2880,0.7089,3.0482
112.2882,0.7374,3.1665
112.2884,0.7669,3.2931
112.2886,0.7715,3.3142
112.2888,0.7546,3.2461
112.2890,0.7018,3.0121
112.2892,0.8058,3.4567
112.2894,0.8643,3.7077
112.2896,0.8823,3.7884
112.2898,0.8818,3.7846
112.2900,0.8568,3.6793
112.2902,0.8004,3.4416
112.2904,0.7166,3.0812
112.2906,0.6877,2.9542
112.2908,0.7265,3.1196
112.2910,0.8192,3.5176
112.2912,0.8059,3.4621
112.2914,0.8126,3.4909
112.2916,0.7769,3.3359
112.2918,0.7836,3.3678
112.2920,0.7964,3.4198
112.2922,0.8658,3.711
112.2924,0.9577,4.1027
112.2926,0.9313,3.9953
112.2928,0.9113,3.913
112.2930,0.8537,3.6642
112.2932,0.8386,3.5993
112.2934,0.8228,3.5347
112.2936,0.8048,3.459
112.2938,0.7966,3.4208
112.2940,0.8004,3.4352
112.2942,0.8314,3.5718
112.2944,0.8363,3.5929
112.2946,0.8603,3.6908
112.2948,0.8923,3.8263
112.2950,0.8937,3.8356
112.2952,0.8568,3.6741
112.2954,0.8868,3.8062
112.2956,0.9076,3.8989
112.2958,0.8469,3.6331
112.2960,0.9494,4.0692
112.2962,0.9397,4.0275
112.2964,0.9408,4.0434
112.2966,0.7939,3.4106
112.2968,0.8285,3.5594
112.2970,0.832,3.5744
112.2972,0.8251,3.5445
112.2974,0.7626,3.2822
112.2976,0.7782,3.3462
112.2978,0.7795,3.3519
112.2980,0.7433,3.1947
112.2982,0.7178,3.0878
112.2984,0.7164,3.0835
112.2986,0.7104,3.0549
112.2988,0.7701,3.3132
112.2990,0.748,3.2163
112.2992,0.7877,3.3853
112.2994,0.7755,3.3348
112.2996,0.7512,3.2332
112.2998,0.736,3.1691
112.3000,0.648,2.7914
112.3002,0.5975,2.574
112.3004,0.6138,2.6467
112.3006,0.5984,2.5817
112.3008,0.5933,2.5547
112.3010,0.6222,2.6791
112.3012,0.7011,3.0161
112.3014,0.7597,3.2668
112.3016,0.7253,3.1188
112.3018,0.7254,3.1208
112.3020,0.7291,3.1339
112.3022,0.7701,3.3116
112.3024,0.776,3.3354
112.3026,0.7788,3.3472
112.3028,0.7257,3.1276
112.3030,0.6409,2.7648
112.3032,0.5401,2.3287
112.3034,0.5029,2.1694
112.3036,0.5108,2.2015
112.3038,0.5512,2.3768
112.3040,0.5471,2.3592
112.3042,0.5668,2.4451
112.3044,0.5664,2.4413
112.3046,0.5567,2.4017
112.3048,0.544,2.3458
112.3050,0.5418,2.3354
112.3052,0.5825,2.5047
112.3054,0.7378,3.1695
112.3056,0.7928,3.4107
112.3058,0.7648,3.29
112.3060,0.7396,3.1802
112.3062,0.7112,3.058
112.3064,0.7053,3.0355
112.3066,0.6976,2.9983
112.3068,0.7371,3.1708
112.3070,0.7242,3.1142
112.3072,0.7695,3.306
112.3074,0.7856,3.3766
112.3076,0.7401,3.1837
112.3078,0.6675,2.8756
112.3080,0.6142,2.6458
112.3082,0.596,2.5666
112.3084,0.6779,2.9165
112.3086,0.7007,3.0159
112.3088,0.6652,2.8632
112.3090,0.6825,2.9388
112.3092,0.65,2.7989
112.3094,0.6179,2.6667
112.3096,0.4935,2.132
112.3098,0.4536,1.9586
112.3100,0.4523,1.9529
112.3102,0.4517,1.9513
112.3104,0.4588,1.9818
112.3106,0.4654,2.0094
112.3108,0.4639,2.0022
112.3110,0.4695,2.0266
112.3112,0.465,2.0069
112.3114,0.4658,2.0096
112.3116,0.4776,2.0584
112.3118,0.5487,2.3659
112.3120,0.5191,2.2413
112.3122,0.501,2.1602
112.3124,0.5164,2.2289
112.3126,0.4518,1.95
112.3128,0.4427,1.9098
112.3130,0.4442,1.9191
112.3132,0.4453,1.922
112.3134,0.4494,1.9405
112.3136,0.446,1.9251
112.3138,0.4379,1.8908
112.3140,0.4335,1.8717
112.3142,0.451,1.9445
112.3144,0.526,2.2651
112.3146,0.5819,2.5057
112.3148,0.5826,2.5076
112.3150,0.612,2.6328
112.3152,0.6061,2.6099
112.3154,0.5727,2.4682
112.3156,0.5127,2.2108
112.3158,0.5606,2.4149
112.3160,0.5993,2.5841
112.3162,0.5246,2.262
112.3164,0.4919,2.1199
112.3166,0.4898,2.1121
112.3168,0.5018,2.1648
112.3170,0.4921,2.1258
112.3172,0.402,1.7376
112.3174,0.3857,1.6664
112.3176,0.3808,1.6444
112.3178,0.3789,1.6353
112.3180,0.3935,1.6985
112.3182,0.466,2.0073
112.3184,0.5438,2.3426
112.3186,0.5076,2.1886
112.3188,0.4995,2.1539
112.3190,0.5013,2.1627
112.3192,0.5079,2.1861
112.3194,0.5678,2.4447
112.3196,0.56,2.4145
112.3198,0.512,2.2057
112.3200,0.5835,2.51
112.3202,0.6166,2.6499
112.3204,0.6743,2.8943
112.3206,0.7173,3.0929
112.3208,0.506,2.1829
112.3210,0.4873,2.1002
112.3212,0.4898,2.1111
112.3214,0.4926,2.1249
112.3216,0.4987,2.1463
112.3218,0.6212,2.6738
112.3220,0.5537,2.3876
112.3222,0.4835,2.0856
112.3224,0.4826,2.082
112.3226,0.4797,2.0706
112.3228,0.4706,2.0284
112.3230,0.4952,2.1324
112.3232,0.5712,2.4574
112.3234,0.5984,2.5757
112.3236,0.5577,2.4002
112.3238,0.5734,2.4678
112.3240,0.6429,2.7659
112.3242,0.6501,2.7942
112.3244,0.6851,2.9447
112.3246,0.6782,2.9175
112.3248,0.6549,2.8162
112.3250,0.7067,3.0375
112.3252,0.7106,3.0497
112.3254,0.8384,3.5899
112.3256,0.9187,3.9358
112.3258,0.8814,3.7848
112.3260,0.8331,3.5773
112.3262,0.782,3.358
112.3264,0.7776,3.3374
112.3266,0.8257,3.5421
112.3268,0.8255,3.5366
112.3270,0.91,3.8983
112.3272,0.9299,3.9891
112.3274,0.9005,3.8631
112.3276,0.9074,3.8911
112.3278,0.898,3.8487
112.3280,0.8868,3.8009
112.3282,0.9223,3.953
112.3284,0.9247,3.9633
112.3286,0.9029,3.8661
112.3288,1.0271,4.3919
112.3290,1.1173,4.7819
112.3292,1.0572,4.5269
112.3294,0.9691,4.1534
112.3296,0.9947,4.2555
112.3298,1.0106,4.3232
112.3300,1.0357,4.435
112.3302,0.9662,4.1508
112.3304,0.8242,3.5458
112.3306,0.7749,3.3307
112.3308,0.7796,3.3477
112.3310,0.7862,3.376
112.3312,0.7988,3.4333
112.3314,0.7995,3.4284
112.3316,0.8842,3.7931
112.3318,0.8984,3.8579
112.3320,0.8868,3.8115
112.3322,0.8423,3.617
112.3324,0.8614,3.6954
112.3326,0.8619,3.7009
112.3328,0.8507,3.6547
112.3330,0.847,3.6387
112.3332,0.8091,3.4792
112.3334,0.7579,3.256
112.3336,0.7956,3.4194
112.3338,0.8261,3.5475
112.3340,0.8427,3.6185
112.3342,0.8487,3.646
112.3344,0.8525,3.6659
112.3346,0.7643,3.2879
112.3348,0.7518,3.2282
112.3350,0.8447,3.629
112.3352,0.8154,3.5093
112.3354,0.7143,3.0714
112.3356,0.7739,3.3261
112.3358,0.7757,3.3354
112.3360,0.7315,3.1456
112.3362,0.6871,2.9516
112.3364,0.7288,3.1367
112.3366,0.6856,2.9536
112.3368,0.6755,2.9075
112.3370,0.6703,2.8862
112.3372,0.7024,3.0203
112.3374,0.761,3.2755
112.3376,0.6889,2.9676
112.3378,0.6073,2.6163
112.3380,0.5926,2.5552
112.3382,0.5946,2.5592
112.3384,0.7789,3.3462
112.3386,0.7403,3.1892
112.3388,0.6389,2.7535
112.3390,0.6324,2.7243
112.3392,0.6335,2.7289
112.3394,0.6344,2.7318
112.3396,0.6323,2.7225
112.3398,0.6323,2.7225
112.3400,0.6638,2.861
112.3402,0.6381,2.7478
112.3404,0.6494,2.795
112.3406,0.6583,2.8332
112.3408,0.6252,2.6933
112.3410,0.5994,2.5822
112.3412,0.6223,2.6834
112.3414,0.5627,2.4287
112.3416,0.5818,2.504
112.3418,0.6968,3.0017
112.3420,0.5758,2.4828
112.3422,0.5418,2.3375
112.3424,0.5392,2.324
112.3426,0.5353,2.308
112.3428,0.5321,2.2914
112.3430,0.5703,2.459
112.3432,0.5281,2.277
112.3434,0.5172,2.231
112.3436,0.5332,2.3003
112.3438,0.5265,2.2692
112.3440,0.5362,2.3111
112.3442,0.5294,2.2837
112.3444,0.5142,2.2181
112.3446,0.5097,2.1979
112.3448,0.5126,2.2113
112.3450,0.5691,2.4504
112.3452,0.7178,3.0835
112.3454,0.7879,3.3879
112.3456,0.7229,3.1114
112.3458,0.7125,3.0665
112.3460,0.6897,2.9684
112.3462,0.6645,2.8587
112.3464,0.6679,2.8732
112.3466,0.6655,2.8655
112.3468,0.6789,2.922
112.3470,0.7219,3.1029
112.3472,0.7224,3.1108
112.3474,0.7074,3.042
112.3476,0.7349,3.1615
112.3478,0.7285,3.1313
112.3480,0.7397,3.1792
112.3482,0.7755,3.3317
112.3484,0.8097,3.4834
112.3486,0.7396,3.1846
112.3488,0.6504,2.7992
112.3490,0.6686,2.8776
112.3492,0.6426,2.7669
112.3494,0.6183,2.6601
112.3496,0.6745,2.9029
112.3498,0.6724,2.8968
112.3500,0.6185,2.6644
112.3502,0.6347,2.7354
112.3504,0.594,2.5554
112.3506,0.6686,2.8776
112.3508,0.6826,2.9394
112.3510,0.6007,2.5855
112.3512,0.6401,2.7561
112.3514,0.6801,2.9272
112.3516,0.7125,3.0665
112.3518,0.6198,2.6713
112.3520,0.5778,2.4904
112.3522,0.5791,2.4949
112.3524,0.5872,2.5295
112.3526,0.6048,2.6055
112.3528,0.6496,2.7948
112.3530,0.7465,3.2145
112.3532,0.666,2.8636
112.3534,0.6464,2.7847
112.3536,0.5645,2.4376
112.3538,0.4825,2.0825
112.3540,0.467,2.0138
112.3542,0.4741,2.0443
112.3544,0.4723,2.0394
112.3546,0.4761,2.0569
112.3548,0.4731,2.0411
112.3550,0.4697,2.0271
112.3552,0.491,2.1172
112.3554,0.552,2.3804
112.3556,0.4831,2.0831
112.3558,0.4721,2.0365
112.3560,0.4752,2.0499
112.3562,0.5029,2.1664
112.3564,0.5434,2.3388
112.3566,0.5942,2.5648
112.3568,0.5413,2.3317
112.3570,0.5432,2.3389
112.3572,0.614,2.6428
112.3574,0.6915,2.972
112.3576,0.7679,3.3034
112.3578,0.6734,2.8956
112.3580,0.6934,2.9789
112.3582,0.739,3.1761
112.3584,0.6934,2.9858
112.3586,0.674,2.8927
112.3588,0.8371,3.5926
112.3590,0.7866,3.3807
112.3592,0.7634,3.2797
112.3594,0.7537,3.2335
112.3596,0.7843,3.3709
112.3598,0.7637,3.2807
112.3600,0.8228,3.5314
112.3602,0.8925,3.8268
112.3604,0.8755,3.7543
112.3606,0.8566,3.6731
112.3608,0.8502,3.6527
112.3610,0.7239,3.1155
112.3612,0.6649,2.8629
112.3614,0.6638,2.8543
112.3616,0.7192,3.0911
112.3618,0.7908,3.3956
112.3620,0.8435,3.6221
112.3622,0.8559,3.6666
112.3624,0.917,3.9304
112.3626,0.9797,4.1972
112.3628,0.953,4.0922
112.3630,0.8314,3.5734
112.3632,0.8101,3.4785
112.3634,0.8711,3.7371
112.3636,0.9257,3.9656
112.3638,0.9614,4.1244
112.3640,0.9185,3.9384
112.3642,0.9134,3.9223
112.3644,0.8709,3.7413
112.3646,0.8372,3.5948
112.3648,0.8488,3.6448
112.3650,0.8676,3.7256
112.3652,0.8847,3.7952
112.3654,0.8616,3.6999
112.3656,0.8228,3.5331
112.3658,0.8486,3.6437
112.3660,0.8823,3.7902
112.3662,0.8542,3.6697
112.3664,0.7737,3.3271
112.3666,0.7176,3.0872
112.3668,0.7542,3.2431
112.3670,0.7903,3.3951
112.3672,0.7847,3.3693
112.3674,0.7978,3.4323
112.3676,0.753,3.2394
112.3678,0.7621,3.2786
112.3680,0.7766,3.3379
112.3682,0.8426,3.618
112.3684,0.8544,3.669
112.3686,0.8529,3.6623
112.3688,0.835,3.5922
112.3690,0.7387,3.178
112.3692,0.7255,3.1213
112.3694,0.7454,3.2099
112.3696,0.7342,3.1555
112.3698,0.7588,3.2657
112.3700,0.7077,3.043
112.3702,0.7476,3.2147
112.3704,0.752,3.2413
112.3706,0.6176,2.662
112.3708,0.6626,2.8505
112.3710,0.7952,3.4194
112.3712,0.8004,3.4432
112.3714,0.6869,2.9593
112.3716,0.5875,2.5299
112.3718,0.5969,2.5714
112.3720,0.5978,2.5767
112.3722,0.6091,2.6265
112.3724,0.5583,2.4106
112.3726,0.5168,2.2294
112.3728,0.5116,2.2092
112.3730,0.5022,2.1673
112.3732,0.5484,2.3638
112.3734,0.5707,2.4611
112.3736,0.5606,2.4171
112.3738,0.5425,2.3401
112.3740,0.4966,2.1425
112.3742,0.5379,2.3205
112.3744,0.5428,2.3395
112.3746,0.5306,2.291
112.3748,0.4565,1.972
112.3750,0.449,1.9399
112.3752,0.4549,1.9643
112.3754,0.4607,1.9901
112.3756,0.45,1.9422
112.3758,0.4504,1.9447
112.3760,0.4502,1.946
112.3762,0.4512,1.9492
112.3764,0.4496,1.9407
112.3766,0.4483,1.9359
112.3768,0.4475,1.9313
112.3770,0.4494,1.9405
112.3772,0.4597,1.9832
112.3774,0.5065,2.1849
112.3776,0.4929,2.1255
112.3778,0.5439,2.3452
112.3780,0.5284,2.2817
112.3782,0.4586,1.9776
112.3784,0.4794,2.0661
112.3786,0.4872,2.1036
112.3788,0.4494,1.9405
112.3790,0.4469,1.9279
112.3792,0.4488,1.9379
112.3794,0.4466,1.9286
112.3796,0.4444,1.917
112.3798,0.47,2.0286
112.3800,0.458,1.9787
112.3802,0.444,1.9155
112.3804,0.4945,2.1303
112.3806,0.5288,2.279
112.3808,0.5405,2.3297
112.3810,0.5769,2.4863
112.3812,0.5729,2.4692
112.3814,0.5453,2.3493
112.3816,0.5453,2.3504
112.3818,0.5327,2.2993
112.3820,0.4682,2.0199
112.3822,0.4477,1.9315
112.3824,0.4422,1.9077
112.3826,0.4451,1.9183
112.3828,0.456,1.9681
112.3830,0.4516,1.9498
112.3832,0.4445,1.9193
112.3834,0.4402,1.8989
112.3836,0.4258,1.8385
112.3838,0.4302,1.8577
112.3840,0.4137,1.7846
112.3842,0.4254,1.8336
112.3844,0.5218,2.2491
112.3846,0.5448,2.3461
112.3848,0.536,2.309
112.3850,0.5832,2.5113
112.3852,0.5947,2.5573
112.3854,0.6094,2.6215
112.3856,0.5885,2.5341
112.3858,0.6001,2.5829
112.3860,0.6002,2.581
112.3862,0.6487,2.788
112.3864,0.7251,3.112
112.3866,0.7673,3.3008
112.3868,0.682,2.934
112.3870,0.6835,2.9348
112.3872,0.7283,3.1302
112.3874,0.7315,3.1427
112.3876,0.7223,3.1045
112.3878,0.6847,2.9399
112.3880,0.7704,3.3065
112.3882,0.8303,3.5671
112.3884,0.7715,3.3173
112.3886,0.7212,3.1027
112.3888,0.6089,2.6218
112.3890,0.5801,2.4979
112.3892,0.5709,2.4547
112.3894,0.6502,2.7947
112.3896,0.6869,2.9552
112.3898,0.7023,3.0184
112.3900,0.7594,3.2652
112.3902,0.6687,2.8728
112.3904,0.7559,3.2488
112.3906,0.735,3.1591
112.3908,0.705,3.026
112.3910,0.7721,3.3183
112.3912,0.727,3.1246
112.3914,0.717,3.0818
112.3916,0.8,3.432
112.3918,0.93,3.984
112.3920,0.9409,4.0346
112.3922,0.8789,3.7723
112.3924,0.8443,3.6218
112.3926,0.8367,3.5894
112.3928,0.8687,3.7268
112.3930,0.8801,3.7809
112.3932,0.8477,3.6334
112.3934,0.8995,3.8608
112.3936,0.8567,3.677
112.3938,0.8259,3.5464
112.3940,0.7948,3.4099
112.3942,0.8537,3.6659
112.3944,0.8158,3.5032
112.3946,0.802,3.4424
112.3948,0.8547,3.6615
112.3950,0.9634,4.1331
112.3952,0.9288,3.9789
112.3954,0.9441,4.0465
112.3956,0.9048,3.8816
112.3958,0.8417,3.6161
112.3960,0.7978,3.4323
112.3962,0.7553,3.2447
112.3964,0.7778,3.3431
112.3966,0.7853,3.3735
112.3968,0.8118,3.4841
112.3970,0.8452,3.6293
112.3972,0.802,3.4424
112.3974,0.7956,3.4209
112.3976,0.7705,3.3132
112.3978,0.7863,3.3781
112.3980,0.8137,3.489
112.3982,0.9038,3.8847
112.3984,0.7982,3.4291
112.3986,0.7601,3.2699
112.3988,0.7176,3.0815
112.3990,0.8013,3.4441
112.3992,0.805,3.4585
112.3994,0.7977,3.4366
112.3996,0.6817,2.9325
112.3998,0.6841,2.9414
112.4000,0.7407,3.1804
112.4002,0.856,3.6757
112.4004,0.7837,3.3699
112.4006,0.6862,2.9548
112.4008,0.7172,3.0866
112.4010,0.7266,3.1245
112.4012,0.788,3.3885
112.4014,0.8023,3.445
112.4016,0.8007,3.4399
112.4018,0.7636,3.2848
112.4020,0.7312,3.1441
112.4022,0.7564,3.2539
112.4024,0.7413,3.1918
112.4026,0.6893,2.9641
112.4028,0.7335,3.1553
112.4030,0.7477,3.2152
112.4032,0.7543,3.2436
112.4034,0.724,3.116
112.4036,0.6898,2.9662
112.4038,0.694,2.9856
112.4040,0.6865,2.9573
112.4042,0.6571,2.8307
112.4044,0.5824,2.5112
112.4046,0.5729,2.4669
112.4048,0.6892,2.9609
112.4050,0.7572,3.2605
112.4052,0.6914,2.9757
112.4054,0.67,2.8798
112.4056,0.7535,3.2415
112.4058,0.7585,3.2631
112.4060,0.7558,3.2483
112.4062,0.7468,3.2111
112.4064,0.7747,3.3297
112.4066,0.8187,3.5172
112.4068,0.8067,3.4657
112.4070,0.7608,3.2775
112.4072,0.6813,2.9323
112.4074,0.7157,3.0819
112.4076,0.6724,2.8955
112.4078,0.6729,2.8962
112.4080,0.7267,3.1235
112.4082,0.8106,3.4822
112.4084,0.8112,3.4847
112.4086,0.7598,3.2719
112.4088,0.6706,2.8917
112.4090,0.5753,2.4796
112.4092,0.6245,2.6927
112.4094,0.6253,2.6926
112.4096,0.6687,2.8795
112.4098,0.651,2.807
112.4100,0.5666,2.443
112.4102,0.5524,2.3797
112.4104,0.5522,2.3809
112.4106,0.5416,2.3365
112.4108,0.553,2.3834
112.4110,0.598,2.5784
112.4112,0.5464,2.3572
112.4114,0.6078,2.6147
112.4116,0.694,2.9912
112.4118,0.5577,2.4058
112.4120,0.5277,2.2765
112.4122,0.5269,2.2718
112.4124,0.5336,2.3008
112.4126,0.5403,2.3308
112.4128,0.5399,2.3293
112.4130,0.536,2.3101
112.4132,0.5392,2.324
112.4134,0.5342,2.3044
112.4136,0.5353,2.3069
112.4138,0.5362,2.3111
112.4140,0.5408,2.3318
112.4142,0.5971,2.5712
112.4144,0.6459,2.7801
112.4146,0.6566,2.826
112.4148,0.6962,2.9949
112.4150,0.6821,2.9373
112.4152,0.5857,2.5245
112.4154,0.5464,2.3572
112.4156,0.5524,2.3809
112.4158,0.547,2.3587
112.4160,0.514,2.2175
112.4162,0.5283,2.277
112.4164,0.5932,2.5554
112.4166,0.5824,2.51
112.4168,0.6056,2.6067
112.4170,0.6361,2.739
112.4172,0.5656,2.44
112.4174,0.5528,2.3813
112.4176,0.5969,2.5702
112.4178,0.5978,2.5731
112.4180,0.6331,2.7274
112.4182,0.6377,2.7432
112.4184,0.6408,2.7566
112.4186,0.6501,2.7981
112.4188,0.6283,2.7092
112.4190,0.5183,2.2372
112.4192,0.5206,2.2418
112.4194,0.647,2.7847
112.4196,0.6704,2.888
112.4198,0.6622,2.8476
112.4200,0.6632,2.8557
112.4202,0.6162,2.6533
112.4204,0.5981,2.5801
112.4206,0.4889,2.1089
112.4208,0.4848,2.0933
112.4210,0.5259,2.2677
112.4212,0.5,2.155
112.4214,0.5198,2.2413
112.4216,0.4898,2.113
112.4218,0.4616,1.9915
112.4220,0.4583,1.9752
112.4222,0.466,2.0082
112.4224,0.4616,1.9924
112.4226,0.468,2.0189
112.4228,0.4939,2.1296
112.4230,0.5197,2.2398
112.4232,0.5538,2.3826
112.4234,0.6428,2.7654
112.4236,0.6594,2.8379
112.4238,0.6203,2.6672
112.4240,0.6283,2.7042
112.4242,0.6667,2.868
112.4244,0.6922,2.9737
112.4246,0.7299,3.1355
112.4248,0.7516,3.2317
112.4250,0.7092,3.0483
112.4252,0.7112,3.0537
112.4254,0.8139,3.4917
112.4256,0.8652,3.7101
112.4258,0.9187,3.9394
112.4260,0.9345,4.0054
112.4262,0.9042,3.8826
112.4264,0.8059,3.4621
112.4266,0.7934,3.4085
112.4268,0.7986,3.4179
112.4270,0.9836,4.2117
112.4272,0.982,4.207
112.4274,0.9953,4.266
112.4276,1.042,4.4617
112.4278,0.9863,4.2235
112.4280,0.9911,4.2421
112.4282,1.0723,4.5895
112.4284,1.0438,4.4694
112.4286,1.0649,4.5534
112.4288,1.1022,4.7195
112.4290,1.0307,4.4155
112.4292,1.0696,4.5777
112.4294,1.1047,4.7258
112.4296,1.1172,4.777
112.4298,1.1219,4.7975
112.4300,1.1336,4.8472
112.4302,1.1655,4.9836
112.4304,1.1457,4.9036
112.4306,1.1317,4.8435
112.4308,1.1477,4.9077
112.4310,1.1489,4.9151
112.4312,1.1883,5.081
112.4314,1.1407,4.8797
112.4316,1.1301,4.8459
112.4318,1.0502,4.4951
112.4320,1.0887,4.6685
112.4322,1.0083,4.3356
112.4324,0.8615,3.7045
112.4326,0.8263,3.5496
112.4328,0.8101,3.4866
112.4330,0.7469,3.2131
112.4332,0.7869,3.3823
112.4334,0.8416,3.6189
112.4336,0.7685,3.309
112.4338,0.786,3.3828
112.4340,0.8126,3.4925
112.4342,0.8347,3.5874
112.4344,0.8631,3.7078
112.4346,0.888,3.8114
112.4348,0.9138,3.9238
112.4350,0.9345,4.0166
112.4352,0.8242,3.5475
112.4354,0.7416,3.1889
112.4356,0.8112,3.4912
112.4358,0.718,3.0888
112.4360,0.7514,3.2297
112.4362,0.819,3.5215
112.4364,0.836,3.598
112.4366,0.7791,3.3519
112.4368,0.7532,3.245
112.4370,0.6947,2.9929
112.4372,0.686,2.9538
112.4374,0.6947,2.9915
112.4376,0.6263,2.6992
112.4378,0.6213,2.6768
112.4380,0.6573,2.8304
112.4382,0.7102,3.0581
112.4384,0.7172,3.0866
112.4386,0.7023,3.0268
112.4388,0.6794,2.9254
112.4390,0.6945,2.9919
112.4392,0.6722,2.8944
112.4394,0.6562,2.8271
112.4396,0.6576,2.8354
112.4398,0.6668,2.8739
112.4400,0.6613,2.8488
112.4402,0.6526,2.8155
112.4404,0.58,2.5009
112.4406,0.6013,2.5905
112.4408,0.5859,2.5274
112.4410,0.5267,2.2724
112.4412,0.5646,2.4336
112.4414,0.6034,2.6041
112.4416,0.5478,2.3634
112.4418,0.5468,2.3609
112.4420,0.5157,2.2268
112.4422,0.5285,2.2812
112.4424,0.5253,2.2672
112.4426,0.4889,2.1099
112.4428,0.4987,2.1523
112.4430,0.5158,2.2274
112.4432,0.5317,2.2936
112.4434,0.5273,2.275
112.4436,0.5312,2.2915
112.4438,0.551,2.3791
112.4440,0.5177,2.2367
112.4442,0.5052,2.1803
112.4444,0.4872,2.1017
112.4446,0.5044,2.1762
112.4448,0.5534,2.3861
112.4450,0.606,2.6131
112.4452,0.617,2.6594
112.4454,0.5911,2.549
112.4456,0.5639,2.4293
112.4458,0.5809,2.505
112.4460,0.5801,2.4991
112.4462,0.5807,2.5051
112.4464,0.5812,2.5049
112.4466,0.6092,2.6258
112.4468,0.6267,2.6975
112.4470,0.651,2.7991
112.4472,0.6814,2.9328
112.4474,0.7126,3.0642
112.4476,0.7303,3.139
112.4478,0.7555,3.2533
112.4480,0.6766,2.9135
112.4482,0.7008,3.015
112.4484,0.6863,2.954
112.4486,0.6781,2.9211
112.4488,0.601,2.5877
112.4490,0.6022,2.5965
112.4492,0.5475,2.3608
112.4494,0.5795,2.4942
112.4496,0.6375,2.7439
112.4498,0.7012,3.018
112.4500,0.7361,3.1682
112.4502,0.6885,2.9647
112.4504,0.6475,2.7881
112.4506,0.6573,2.8304
112.4508,0.6767,2.9127
112.4510,0.6193,2.6667
112.4512,0.5832,2.5148
112.4514,0.6116,2.6325
112.4516,0.7024,3.0245
112.4518,0.6371,2.7457
112.4520,0.5837,2.5169
112.4522,0.5793,2.4966
112.4524,0.6146,2.6441
112.4526,0.7228,3.1094
112.4528,0.6789,2.9247
112.4530,0.6502,2.7987
112.4532,0.7035,3.025
112.4534,0.7326,3.1503
112.4536,0.7464,3.211
112.4538,0.7247,3.1148
112.4540,0.7698,3.3086
112.4542,0.7374,3.1709
112.4544,0.6881,2.9631
112.4546,0.6789,2.9193
112.4548,0.7211,3.1022
112.4550,0.7553,3.2507
112.4552,0.7297,3.1379
112.4554,0.7114,3.0562
112.4556,0.7613,3.2735
112.4558,0.7217,3.1062
112.4560,0.7144,3.069
112.4562,0.7565,3.2529
112.4564,0.7596,3.2663
112.4566,0.7772,3.3436
112.4568,0.7464,3.2081
112.4570,0.746,3.205
112.4572,0.8397,3.604
112.4574,0.8535,3.6683
112.4576,0.7818,3.3617
112.4578,0.752,3.2323
112.4580,0.7868,3.3833
112.4582,0.7782,3.3462
112.4584,0.7859,3.376
112.4586,0.8594,3.6901
112.4588,0.8524,3.6568
112.4590,0.8884,3.8111
112.4592,0.87,3.7376
112.4594,0.864,3.7119
112.4596,0.8589,3.6897
112.4598,0.8288,3.5671
112.4600,0.7363,3.1633
112.4602,0.8235,3.5328
112.4604,0.876,3.7581
112.4606,0.9174,3.9338
112.4608,0.9212,3.9594
112.4610,0.8126,3.4909
112.4612,0.8329,3.5796
112.4614,0.8568,3.681
112.4616,0.88,3.7734
112.4618,0.9259,3.9684
112.4620,0.9779,4.1895
112.4622,0.9939,4.2638
112.4624,0.9271,3.9847
112.4626,0.9067,3.8953
112.4628,0.918,3.94
112.4630,0.8885,3.8116
112.4632,0.8981,3.8546
112.4634,0.9309,3.9956
112.4636,0.936,4.0135
112.4638,0.9704,4.1591
112.4640,0.9902,4.2518
112.4642,0.8826,3.797
112.4644,0.8402,3.6161
112.4646,0.7843,3.3693
112.4648,0.8221,3.5316
112.4650,0.8167,3.5101
112.4652,0.7922,3.4065
112.4654,0.8076,3.4677
112.4656,0.8962,3.8428
112.4658,0.9372,4.0242
112.4660,0.8757,3.7654
112.4662,0.8434,3.6233
112.4664,0.826,3.5503
112.4666,0.8199,3.5289
112.4668,0.7556,3.2477
112.4670,0.826,3.547
112.4672,0.8735,3.7561
112.4674,0.8743,3.7597
112.4676,0.8267,3.555
112.4678,0.8,3.4464
112.4680,0.72,3.099
112.4682,0.7586,3.2637
112.4684,0.7693,3.308
112.4686,0.7802,3.3596
112.4688,0.7867,3.3891
112.4690,0.7419,3.1944
112.4692,0.7302,3.1429
112.4694,0.7654,3.2925
112.4696,0.8034,3.4496
112.4698,0.8763,3.7609
112.4700,0.8679,3.7284
112.4702,0.8915,3.8281
112.4704,0.9568,4.1087
112.4706,0.9772,4.1903
112.4708,0.9988,4.2849
112.4710,0.9914,4.253
112.4712,0.9998,4.289
112.4714,1.0026,4.3013
112.4716,0.9747,4.1776
112.4718,1.0191,4.3718
112.4720,0.9657,4.1506
112.4722,0.8801,3.7844
112.4724,0.847,3.6421
112.4726,0.8448,3.6329
112.4728,0.8585,3.6882
112.4730,0.8712,3.7463
112.4732,0.8356,3.5915
112.4734,0.8675,3.7303
112.4736,0.8058,3.4664
112.4738,0.7844,3.3777
112.4740,0.765,3.291
112.4742,0.7843,3.3772
112.4744,0.7719,3.3209
112.4746,0.7478,3.2157
112.4748,0.7698,3.3147
112.4750,0.7198,3.1023
112.4752,0.6546,2.8225
112.4754,0.5954,2.5711
112.4756,0.5844,2.5212
112.4758,0.5911,2.5501
112.4760,0.6044,2.6039
112.4762,0.662,2.8558
112.4764,0.596,2.5749
112.4766,0.5241,2.2652
112.4768,0.5138,2.2186
112.4770,0.5185,2.2377
112.4772,0.5427,2.3412
112.4774,0.5791,2.4984
112.4776,0.5666,2.4452
112.4778,0.594,2.5578
112.4780,0.7384,3.1721
112.4782,0.8127,3.4996
112.4784,0.6801,2.9326
112.4786,0.655,2.8245
112.4788,0.6519,2.8072
112.4790,0.6893,2.9696
112.4792,0.6536,2.817
112.4794,0.6731,2.9013
112.4796,0.6555,2.8266
112.4798,0.6481,2.7933
112.4800,0.6498,2.7979
112.4802,0.6604,2.8478
112.4804,0.6501,2.802
112.4806,0.6468,2.7863
112.4808,0.7146,3.0744
112.4810,0.7626,3.2822
112.4812,0.7706,3.3091
112.4814,0.8246,3.5408
112.4816,0.8691,3.7318
112.4818,0.8562,3.6853
112.4820,0.7294,3.1422
112.4822,0.6785,2.9218
112.4824,0.6706,2.8891
112.4826,0.673,2.8994
112.4828,0.6729,2.8975
112.4830,0.6667,2.872
112.4832,0.683,2.9395
112.4834,0.7396,3.1787
112.4836,0.8071,3.4737
112.4838,0.7821,3.3632
112.4840,0.8289,3.5626
112.4842,0.8335,3.5839
112.4844,0.779,3.3529
112.4846,0.7701,3.307
112.4848,0.8952,3.844
112.4850,0.8865,3.8153
112.4852,0.7729,3.3235
112.4854,0.7672,3.2972
112.4856,0.8237,3.5421
112.4858,0.8679,3.7284
112.4860,0.8719,3.7441
112.4862,0.8614,3.7006
112.4864,0.8603,3.6959
112.4866,0.8743,3.7579
112.4868,0.8815,3.7889
112.4870,0.9139,3.9207
112.4872,0.9922,4.2566
112.4874,0.9519,4.0952
112.4876,0.7826,3.3684
112.4878,0.7387,3.178
112.4880,0.7753,3.3338
112.4882,0.8468,3.6394
112.4884,0.9161,3.9318
112.4886,0.8761,3.7674
112.4888,0.8,3.44
112.4890,0.8415,3.6184
112.4892,0.8277,3.5575
112.4894,0.8128,3.4984
112.4896,0.7598,3.2719
112.4898,0.758,3.2611
112.4900,0.8219,3.5393
112.4902,0.6993,3.0111
112.4904,0.7237,3.115
112.4906,0.7844,3.3746
112.4908,0.8426,3.618
112.4910,0.9038,3.8811
112.4912,0.9038,3.8793
112.4914,0.9282,3.9856
112.4916,0.9457,4.0551
112.4918,1.053,4.5174
112.4920,1.0118,4.3404
112.4922,0.9669,4.1481
112.4924,0.9287,3.9858
112.4926,0.9231,3.964
112.4928,0.9191,3.9502
112.4930,0.8992,3.8664
112.4932,0.8592,3.6896
112.4934,0.9097,3.9082
112.4936,0.9084,3.9025
112.4938,0.9311,3.998
112.4940,0.9174,3.9375
112.4942,0.9115,3.9177
112.4944,0.9325,4.0042
112.4946,0.9712,4.1705
112.4948,0.9692,4.1598
112.4950,1.0265,4.4037
112.4952,1.0585,4.5368
112.4954,1.0809,4.6308
112.4956,1.0687,4.5826
112.4958,1.1061,4.7386
112.4960,1.0895,4.6759
112.4962,0.9887,4.2516
112.4964,0.873,3.7558
112.4966,0.8055,3.467
112.4968,0.7929,3.4128
112.4970,0.7687,3.3101
112.4972,0.7885,3.3968
112.4974,0.7884,3.3947
112.4976,0.7938,3.418
112.4978,0.7633,3.2838
112.4980,0.8239,3.5459
112.4982,0.8055,3.4702
112.4984,0.7389,3.183
112.4986,0.7079,3.0511
112.4988,0.7115,3.0595
112.4990,0.8342,3.5903
112.4992,0.8092,3.4846
112.4994,0.8496,3.6535
112.4996,0.8625,3.7069
112.4998,0.8698,3.7384
112.5000,0.8609,3.7037
112.5002,0.7803,3.3633
112.5004,0.7031,3.0319
112.5006,0.704,3.0369
112.5008,0.6553,2.8269
112.5010,0.6234,2.6905
112.5012,0.6203,2.6758
112.5014,0.6689,2.8818
112.5016,0.7287,3.1405
112.5018,0.6692,2.8855
112.5020,0.642,2.7656
112.5022,0.7152,3.0812
112.5024,0.7595,3.2703
112.5026,0.7451,3.2128
112.5028,0.6638,2.8636
112.5030,0.6749,2.9104
112.5032,0.6528,2.8121
112.5034,0.6534,2.8173
112.5036,0.6255,2.6998
112.5038,0.6249,2.6948
112.5040,0.6332,2.7317
112.5042,0.6227,2.6862
112.5044,0.6006,2.5958
112.5046,0.5508,2.3741
112.5048,0.6576,2.8314
112.5050,0.6706,2.8958
112.5052,0.563,2.4308
112.5054,0.6155,2.6564
112.5056,0.6733,2.9004
112.5058,0.6904,2.9757
112.5060,0.6868,2.9588
112.5062,0.7082,3.0479
112.5064,0.7067,3.046
112.5066,0.7161,3.0863
112.5068,0.6877,2.9624
112.5070,0.6444,2.7811
112.5072,0.592,2.5573
112.5074,0.5818,2.5086
112.5076,0.6151,2.6499
112.5078,0.6522,2.8108
112.5080,0.618,2.666
112.5082,0.5736,2.4735
112.5084,0.557,2.4027
112.5086,0.5631,2.4291
112.5088,0.6345,2.7336
112.5090,0.7283,3.1404
112.5092,0.6895,2.9674
112.5094,0.7148,3.082
112.5096,0.6457,2.7894
112.5098,0.5311,2.291
112.5100,0.5276,2.277
112.5102,0.5255,2.2672
112.5104,0.5691,2.455
112.5106,0.5832,2.5148
112.5108,0.5935,2.5593
112.5110,0.5848,2.5227
112.5112,0.5831,2.5178
112.5114,0.5043,2.1746
112.5116,0.5359,2.316
112.5118,0.4776,2.0651
112.5120,0.4722,2.0389
112.5122,0.4698,2.0295
112.5124,0.4674,2.0201
112.5126,0.5079,2.1912
112.5128,0.4996,2.1575
112.5130,0.4628,1.9994
112.5132,0.4588,1.98
112.5134,0.4578,1.9759
112.5136,0.4614,1.9914
112.5138,0.467,2.0185
112.5140,0.4624,1.9983
112.5142,0.4908,2.1172
112.5144,0.5487,2.3626
112.5146,0.5898,2.5409
112.5148,0.6149,2.6489
112.5150,0.5951,2.5636
112.5152,0.5932,2.5566
112.5154,0.5778,2.4916
112.5156,0.5002,2.1621
112.5158,0.4673,2.0186
112.5160,0.4453,1.9247
112.5162,0.4409,1.9029
112.5164,0.4751,2.0485
112.5166,0.5102,2.201
112.5168,0.495,2.1353
112.5170,0.4963,2.141
112.5172,0.5415,2.3349
112.5174,0.6035,2.6022
112.5176,0.5716,2.467
112.5178,0.5151,2.2222
112.5180,0.5314,2.2936
112.5182,0.5176,2.2331
112.5184,0.5088,2.1938
112.5186,0.5138,2.2155
112.5188,0.5577,2.4036
112.5190,0.598,2.5748
112.5192,0.6648,2.8598
112.5194,0.7258,3.1209
112.5196,0.7532,3.2374
112.5198,0.7601,3.2699
112.5200,0.7375,3.1758
112.5202,0.6345,2.7349
112.5204,0.6007,2.5879
112.5206,0.5935,2.5605
112.5208,0.5429,2.3444
112.5210,0.4999,2.1565
112.5212,0.4984,2.1493
112.5214,0.5601,2.4173
112.5216,0.5433,2.3427
112.5218,0.5235,2.2574
112.5220,0.4893,2.111
112.5222,0.4794,2.069
112.5224,0.4872,2.0987
112.5226,0.5296,2.2858
112.5228,0.5349,2.3054
112.5230,0.6205,2.6694
112.5232,0.6842,2.9433
112.5234,0.6596,2.8402
112.5236,0.6486,2.7901
112.5238,0.6529,2.8113
112.5240,0.6676,2.8708
112.5242,0.6993,3.0069
112.5244,0.7442,3.1988
112.5246,0.7915,3.3987
112.5248,0.821,3.5188
112.5250,0.8715,3.7334
112.5252,0.9407,4.0335
112.5254,0.9393,4.0297
112.5256,0.9067,3.8844
112.5258,0.9832,4.2121
112.5260,1.0517,4.5054
112.5262,1.0682,4.5699
112.5264,1.0562,4.5292
112.5266,1.0038,4.2965
112.5268,1.0874,4.6541
112.5270,1.0036,4.3035
112.5272,0.9969,4.2767
112.5274,0.9955,4.2665
112.5276,1.0023,4.2918
112.5278,1.029,4.4166
112.5280,0.9055,3.8901
112.5282,0.8229,3.5369
112.5284,0.8434,3.6233
112.5286,0.8475,3.6374
112.5288,0.9096,3.9058
112.5290,0.9284,3.9885
112.5292,0.8648,3.7133
112.5294,0.8996,3.8631
112.5296,0.869,3.7278
112.5298,0.9155,3.9274
112.5300,0.9715,4.1695
112.5302,0.9588,4.1169
112.5304,0.9042,3.879
112.5306,0.9456,4.0565
112.5308,0.9375,4.022
112.5310,0.898,3.8595
112.5312,0.8242,3.5425
112.5314,0.9046,3.8842
112.5316,0.9302,3.9944
112.5318,0.8717,3.7483
112.5320,0.8258,3.5492
112.5322,0.8534,3.6643
112.5324,0.8778,3.7676
112.5326,0.897,3.8536
112.5328,0.8865,3.8064
112.5330,0.9004,3.8644
112.5332,0.9271,3.9736
112.5334,1.0121,4.3379
112.5336,1.03,4.4166
112.5338,0.9356,4.0194
112.5340,0.8679,3.7284
112.5342,0.829,3.5698
112.5344,0.7326,3.1488
112.5346,0.8136,3.4999
112.5348,0.78,3.3602
112.5350,0.7169,3.0885
112.5352,0.7007,3.0159
112.5354,0.721,3.1031
112.5356,0.7721,3.3214
112.5358,0.776,3.34
112.5360,0.7377,3.1763
112.5362,0.6897,2.9712
112.5364,0.6838,2.9459
112.5366,0.6963,2.9968
112.5368,0.7249,3.1202
112.5370,0.6902,2.9733
112.5372,0.6862,2.9562
112.5374,0.6779,2.9206
112.5376,0.7239,3.1155
112.5378,0.7594,3.2683
112.5380,0.7588,3.2672
112.5382,0.6951,2.9944
112.5384,0.6856,2.9509
112.5386,0.7282,3.1297
112.5388,0.7749,3.3369
112.5390,0.7472,3.2191
112.5392,0.7698,3.3163
112.5394,0.7158,3.0881
112.5396,0.617,2.6582
112.5398,0.6409,2.7635
112.5400,0.5645,2.4364
112.5402,0.5175,2.2346
112.5404,0.5157,2.2268
112.5406,0.5167,2.231
112.5408,0.5218,2.248
112.5410,0.661,2.8451
112.5412,0.6618,2.8522
112.5414,0.6101,2.6319
112.5416,0.6076,2.6234
112.5418,0.5315,2.2941
112.5420,0.513,2.2129
112.5422,0.5118,2.2077
112.5424,0.5247,2.2636
112.5426,0.547,2.3631
112.5428,0.5234,2.2579
112.5430,0.5422,2.3391
112.5432,0.5215,2.2486
112.5434,0.5285,2.2822
112.5436,0.5302,2.2874
112.5438,0.535,2.3102
112.5440,0.5142,2.2201
112.5442,0.5612,2.4163
112.5444,0.6845,2.9504
112.5446,0.6004,2.5912
112.5448,0.5302,2.2863
112.5450,0.5506,2.3698
112.5452,0.6309,2.7194
112.5454,0.6381,2.7465
112.5456,0.6886,2.9638
112.5458,0.663,2.8547
112.5460,0.6917,2.9786
112.5462,0.6886,2.9624
112.5464,0.6724,2.8982
112.5466,0.6519,2.8072
112.5468,0.6917,2.9786
112.5470,0.6377,2.7457
112.5472,0.6518,2.8041
112.5474,0.7228,3.1065
112.5476,0.746,3.2095
112.5478,0.7297,3.1408
112.5480,0.7535,3.24
112.5482,0.7397,3.1836
112.5484,0.6837,2.9426
112.5486,0.6975,3.0006
112.5488,0.7486,3.2188
112.5490,0.7367,3.1693
112.5492,0.727,3.1318
112.5494,0.6753,2.9106
112.5496,0.6766,2.9108
112.5498,0.7126,3.067
112.5500,0.6851,2.9488
112.5502,0.6802,2.929
112.5504,0.6851,2.9447
112.5506,0.7058,3.0376
112.5508,0.7261,3.1253
112.5510,0.7504,3.2296
112.5512,0.7146,3.0758
112.5514,0.756,3.2478
112.5516,0.8131,3.4946
112.5518,0.7917,3.406
112.5520,0.7131,3.0634
112.5522,0.742,3.1964
112.5524,0.6639,2.8628
112.5526,0.5904,2.5435
112.5528,0.6585,2.8343
112.5530,0.5971,2.576
112.5532,0.5766,2.4876
112.5534,0.5517,2.3777
112.5536,0.5183,2.2382
112.5538,0.4839,2.0896
112.5540,0.5035,2.172
112.5542,0.5269,2.2729
112.5544,0.4844,2.0907
112.5546,0.4939,2.1316
112.5548,0.4855,2.0944
112.5550,0.4778,2.0623
112.5552,0.4766,2.0571
112.5554,0.4827,2.0864
112.5556,0.4577,1.9744
112.5558,0.5444,2.344
112.5560,0.6297,2.7179
112.5562,0.5119,2.2082
112.5564,0.4864,2.0985
112.5566,0.5613,2.4168
112.5568,0.6259,2.6951
112.5570,0.6366,2.741
112.5572,0.6585,2.8342
112.5574,0.7049,3.0339
112.5576,0.7192,3.091
112.5578,0.8155,3.4967
112.5580,0.9577,4.1084
112.5582,0.9089,3.8972
112.5584,0.9029,3.8733
112.5586,0.9067,3.8916
112.5588,0.8942,3.8381
112.5590,0.9097,3.9063
112.5592,0.8922,3.8257
112.5594,0.9782,4.1905
112.5596,1.0595,4.5324
112.5598,1.0616,4.5501
112.5600,0.9994,4.2794
112.5602,1.0826,4.6335
112.5604,1.1457,4.9058
112.5606,1.0363,4.452
112.5608,0.8622,3.6989
112.5610,0.886,3.8008
112.5612,0.8997,3.8635
112.5614,0.8748,3.7599
112.5616,0.8333,3.5783
112.5618,0.8659,3.7218
112.5620,0.8493,3.6502
112.5622,0.7843,3.3771
112.5624,0.6821,2.9372
112.5626,0.7117,3.0619
112.5628,0.7515,3.2347
112.5630,0.7095,3.0521
112.5632,0.7252,3.1168
112.5634,0.809,3.4754
112.5636,0.8874,3.8105
112.5638,0.8816,3.784
112.5640,0.9072,3.8918
112.5642,0.8398,3.6128
112.5644,0.7777,3.3503
112.5646,0.6832,2.9391
112.5648,0.7316,3.1432
112.5650,0.8233,3.535
112.5652,0.9014,3.8707
112.5654,0.9069,3.8962
112.5656,0.8857,3.8051
112.5658,0.8074,3.4719
112.5660,0.7459,3.2104
112.5662,0.7638,3.2812
112.5664,0.8161,3.5074
112.5666,0.7903,3.4014
112.5668,0.7762,3.3379
112.5670,0.8285,3.556
112.5672,0.8601,3.6931
112.5674,0.8252,3.5499
112.5676,0.7971,3.4244
112.5678,0.8607,3.6957
112.5680,0.8513,3.6589
112.5682,0.879,3.7762
112.5684,0.8869,3.8102
112.5686,0.8291,3.5652
112.5688,0.7508,3.2361
112.5690,0.6298,2.7134
112.5692,0.6115,2.6344
112.5694,0.6129,2.643
112.5696,0.6303,2.7155
112.5698,0.6803,2.9295
112.5700,0.7141,3.0751
112.5702,0.7438,3.1967
112.5704,0.8304,3.5693
112.5706,0.8069,3.4699
112.5708,0.7115,3.0694
112.5710,0.5773,2.4929
112.5712,0.5549,2.395
112.5714,0.5583,2.4084
112.5716,0.5769,2.4897
112.5718,0.5789,2.4962
112.5720,0.577,2.4891
112.5722,0.521,2.2465
112.5724,0.5137,2.2159
112.5726,0.5096,2.1994
112.5728,0.4775,2.0645
112.5730,0.4496,1.9442
112.5732,0.4458,1.9267
112.5734,0.445,1.9213
112.5736,0.4469,1.9314
112.5738,0.4506,1.9466
112.5740,0.4487,1.9374
112.5742,0.4671,2.0171
112.5744,0.4647,2.0077
112.5746,0.4629,1.999
112.5748,0.4599,1.986
112.5750,0.459,1.9828
112.5752,0.4592,1.9839
112.5754,0.4571,1.9727
112.5756,0.4773,2.0592
112.5758,0.5322,2.2972
112.5760,0.4917,2.1242
112.5762,0.4459,1.9273
112.5764,0.442,1.9093
112.5766,0.4602,1.9852
112.5768,0.5036,2.1745
112.5770,0.4555,1.9678
112.5772,0.4471,1.9315
112.5774,0.4429,1.9116
112.5776,0.4448,1.9208
112.5778,0.4459,1.9273
112.5780,0.4471,1.9307
112.5782,0.4456,1.923
112.5784,0.4412,1.9062
112.5786,0.4404,1.9017
112.5788,0.4448,1.9199
112.5790,0.4483,1.934
112.5792,0.4547,1.9633
112.5794,0.4441,1.9177
112.5796,0.4554,1.9627
112.5798,0.5059,2.1783
112.5800,0.5652,2.4372
112.5802,0.578,2.4891
112.5804,0.6444,2.7759
112.5806,0.6093,2.6238
112.5808,0.5619,2.4239
112.5810,0.4771,2.0601
112.5812,0.4321,1.8651
112.5814,0.4316,1.8639
112.5816,0.4231,1.8254
112.5818,0.4676,2.0154
112.5820,0.5454,2.3519
112.5822,0.5017,2.1672
112.5824,0.4784,2.06
112.5826,0.5537,2.3843
112.5828,0.5926,2.5527
112.5830,0.5941,2.5583
112.5832,0.5787,2.4905
112.5834,0.618,2.661
112.5836,0.6095,2.6207
112.5838,0.6255,2.6935
112.5840,0.6135,2.637
112.5842,0.6779,2.9097
112.5844,0.7939,3.4073
112.5846,0.8007,3.4334
112.5848,0.8814,3.7795
112.5850,0.8928,3.8301
112.5852,0.935,4.0074
112.5854,0.9411,4.0355
112.5856,0.9199,3.9427
112.5858,0.9364,4.0117
112.5860,0.892,3.8247
112.5862,0.8824,3.7853
112.5864,0.8695,3.7303
112.5866,0.884,3.7925
112.5868,0.9081,3.8923
112.5870,0.9547,4.0898
112.5872,0.9783,4.189
112.5874,0.973,4.1625
112.5876,0.9485,4.0731
112.5878,0.8198,3.5217
112.5880,0.8005,3.4388
112.5882,0.752,3.2352
112.5884,0.7363,3.1647
112.5886,0.7685,3.2998
112.5888,0.7822,3.359
112.5890,0.7912,3.4007
112.5892,0.8075,3.4611
112.5894,0.934,4.0014
112.5896,0.9761,4.1876
112.5898,0.9635,4.1336
112.5900,0.9724,4.1639
112.5902,0.9794,4.2015
112.5904,0.8706,3.7402
112.5906,0.8235,3.5377
112.5908,0.8501,3.6436
112.5910,0.9911,4.2519
112.5912,0.9531,4.0926
112.5914,0.9113,3.9075
112.5916,0.9093,3.9011
112.5918,0.9033,3.8754
112.5920,0.9042,3.8808
112.5922,0.911,3.9101
112.5924,0.9002,3.8638
112.5926,0.9007,3.8622
112.5928,0.9463,4.0595
112.5930,0.9457,4.0531
112.5932,1.0284,4.3995
112.5934,1.0633,4.5573
112.5936,0.9259,3.9813
112.5938,0.8259,3.5497
112.5940,0.8596,3.6876
112.5942,1.0123,4.3308
112.5944,1.0882,4.6598
112.5946,1.1207,4.7945
112.5948,1.1368,4.8632
112.5950,1.1173,4.7818
112.5952,1.0587,4.5441
112.5954,0.9634,4.1408
112.5956,0.8983,3.8538
112.5958,0.9589,4.1097
112.5960,1.0108,4.3403
112.5962,0.9581,4.1143
112.5964,0.937,4.0236
112.5966,0.9464,4.06
112.5968,0.9536,4.0871
112.5970,0.9674,4.1539
112.5972,0.9415,4.0446
112.5974,0.9481,4.0653
112.5976,1.0095,4.3286
112.5978,1.017,4.363
112.5980,1.0145,4.3502
112.5982,1.031,4.417
112.5984,1.0381,4.4556
112.5986,1.0068,4.3193
112.5988,1.0932,4.6809
112.5990,1.1729,5.0223
112.5992,1.1746,5.0295
112.5994,1.1176,4.7879
112.5996,1.0904,4.6756
112.5998,1.076,4.6053
112.6000,1.1683,4.9981
112.6002,1.0917,4.69
112.6004,0.9555,4.1029
112.6006,0.9555,4.1029
112.6008,0.9236,3.9678
112.6010,0.8848,3.8045
112.6012,0.8956,3.8545
112.6014,0.8641,3.7175
112.6016,0.8831,3.7937
112.6018,0.9123,3.9249
112.6020,0.8403,3.6149
112.6022,0.8567,3.6873
112.6024,0.7504,3.2325
112.6026,0.7361,3.171
112.6028,0.762,3.2826
112.6030,0.7596,3.2723
112.6032,0.8115,3.4813
112.6034,1.0012,4.2911
112.6036,1.0446,4.4917
112.6038,0.8285,3.571
112.6040,0.7542,3.2475
112.6042,0.8379,3.6029
112.6044,0.8156,3.5135
112.6046,0.7492,3.2214
112.6048,0.8219,3.536
112.6050,0.7776,3.3513
112.6052,0.7508,3.2376
112.6054,0.6914,2.9798
112.6056,0.6658,2.871
112.6058,0.665,2.8687
112.6060,0.6687,2.8821
112.6062,0.7159,3.0828
112.6064,0.7171,3.0866
112.6066,0.7452,3.2103
112.6068,0.7167,3.0902
112.6070,0.6652,2.8658
112.6072,0.6249,2.6972
112.6074,0.5902,2.5471
112.6076,0.6025,2.6004
112.6078,0.5988,2.5844
112.6080,0.5996,2.5868
112.6082,0.6042,2.6053
112.6084,0.6314,2.7188
112.6086,0.7587,3.2641
112.6088,0.7572,3.265
112.6090,0.6818,2.9411
112.6092,0.6044,2.6087
112.6094,0.5788,2.4991
112.6096,0.6405,2.7606
112.6098,0.7089,3.0524
112.6100,0.7444,3.2022
112.6102,0.7796,3.357
112.6104,0.6489,2.8033
112.6106,0.5405,2.3351
112.6108,0.5282,2.2806
112.6110,0.5259,2.2708
112.6112,0.5279,2.2817
112.6114,0.5276,2.2791
112.6116,0.5285,2.2833
112.6118,0.5258,2.2682
112.6120,0.5259,2.2698
112.6122,0.5275,2.2786
112.6124,0.53,2.2884
112.6126,0.529,2.2853
112.6128,0.5338,2.3028
112.6130,0.6391,2.7544
112.6132,0.6745,2.9001
112.6134,0.7562,3.2533
112.6136,0.7394,3.1825
112.6138,0.6698,2.8908
112.6140,0.5354,2.3117
112.6142,0.5316,2.2978
112.6144,0.5384,2.3225
112.6146,0.5394,2.3272
112.6148,0.5381,2.3236
112.6150,0.5363,2.3126
112.6152,0.6,2.5824
112.6154,0.6398,2.7575
112.6156,0.6677,2.8766
112.6158,0.6481,2.7932
112.6160,0.6433,2.7725
112.6162,0.6315,2.7194
112.6164,0.6634,2.8567
112.6166,0.6849,2.9505
112.6168,0.6412,2.7599
112.6170,0.6675,2.8756
112.6172,0.7199,3.0984
112.6174,0.7705,3.3131
112.6176,0.7926,3.4127
112.6178,0.6715,2.8953
112.6180,0.6248,2.6929
112.6182,0.6197,2.672
112.6184,0.6159,2.6547
112.6186,0.628,2.7069
112.6188,0.6132,2.6416
112.6190,0.6134,2.6475
112.6192,0.5984,2.5804
112.6194,0.6397,2.7532
112.6196,0.7246,3.1171
112.6198,0.7447,3.2053
112.6200,0.6712,2.8903
112.6202,0.6599,2.843
112.6204,0.648,2.7914
112.6206,0.6737,2.9011
112.6208,0.7254,3.1207
112.6210,0.735,3.1664
112.6212,0.7572,3.2574
112.6214,0.7428,3.2015
112.6216,0.6701,2.8843
112.6218,0.6724,2.8941
112.6220,0.6754,2.911
112.6222,0.6294,2.7113
112.6224,0.6938,2.9859
112.6226,0.6915,2.9803
112.6228,0.6394,2.7509
112.6230,0.7585,3.2646
112.6232,0.7573,3.261
112.6234,0.7247,3.1147
112.6236,0.8752,3.7562
112.6238,0.9339,4.0121
112.6240,0.8842,3.8001
112.6242,0.8866,3.8051
112.6244,0.9084,3.9006
112.6246,0.8685,3.7291
112.6248,0.8975,3.8519
112.6250,0.9018,3.8705
112.6252,0.9397,4.0369
112.6254,0.9199,3.95
112.6256,0.95,4.0736
112.6258,0.9553,4.0962
112.6260,0.9409,4.0364
112.6262,0.9077,3.8939
112.6264,0.9161,3.9262
112.6266,0.9472,4.0636
112.6268,0.9328,3.9982
112.6270,0.9749,4.1844
112.6272,0.9499,4.0825
112.6274,0.9186,3.9407
112.6276,0.921,3.9565
112.6278,0.8728,3.7529
112.6280,0.8175,3.5103
112.6282,0.9036,3.88
112.6284,0.9025,3.8736
112.6286,0.9306,3.9996
112.6288,0.9249,3.9698
112.6290,0.9551,4.0976
112.6292,0.9488,4.0722
112.6294,0.9506,4.0799
112.6296,0.945,4.0538
112.6298,0.9569,4.1149
112.6300,0.8604,3.6998
112.6302,0.8146,3.5061
112.6304,0.7874,3.3858
112.6306,0.8132,3.4918
112.6308,0.8456,3.6359
112.6310,0.7543,3.2511
112.6312,0.7126,3.0684
112.6314,0.7438,3.2011
112.6316,0.7637,3.2837
112.6318,0.8146,3.5045
112.6320,0.8072,3.4741
112.6322,0.7821,3.3631
112.6324,0.7248,3.1254
112.6326,0.6254,2.6968
112.6328,0.7272,3.1285
112.6330,0.783,3.3699
112.6332,0.7644,3.2929
112.6334,0.7109,3.0611
112.6336,0.7307,3.1434
112.6338,0.7655,3.2991
112.6340,0.6731,2.9052
112.6342,0.5952,2.5677
112.6344,0.5946,2.5639
112.6346,0.6096,2.631
112.6348,0.6277,2.7053
112.6350,0.6487,2.7971
112.6352,0.6091,2.6265
112.6354,0.6169,2.6613
112.6356,0.6049,2.6072
112.6358,0.6066,2.6156
112.6360,0.5893,2.5412
112.6362,0.6671,2.878
112.6364,0.6544,2.8206
112.6366,0.6029,2.6008
112.6368,0.5496,2.3744
112.6370,0.5499,2.3733
112.6372,0.5681,2.4496
112.6374,0.5717,2.4652
112.6376,0.5713,2.4682
112.6378,0.5139,2.2211
112.6380,0.5213,2.2501
112.6382,0.5316,2.2957
112.6384,0.4729,2.0448
112.6386,0.4524,1.9561
112.6388,0.4525,1.9539
112.6390,0.4507,1.948
112.6392,0.4528,1.9559
112.6394,0.4472,1.9312
112.6396,0.4463,1.9288
112.6398,0.4513,1.9515
112.6400,0.4502,1.9441
112.6402,0.4892,2.1085
112.6404,0.5675,2.4505
112.6406,0.4665,2.0164
112.6408,0.4489,1.9384
112.6410,0.4838,2.0891
112.6412,0.4468,1.9309
112.6414,0.4366,1.886
112.6416,0.4628,1.9994
112.6418,0.4629,1.999
112.6420,0.4604,1.9863
112.6422,0.4706,2.0312
112.6424,0.521,2.2475
112.6426,0.5397,2.326
112.6428,0.5051,2.1802
112.6430,0.5055,2.1798
112.6432,0.5235,2.2615
112.6434,0.4656,2.0085
112.6436,0.508,2.1896
112.6438,0.5595,2.4124
112.6440,0.5778,2.4892
112.6442,0.5935,2.5557
112.6444,0.5848,2.5168
112.6446,0.612,2.6376
112.6448,0.6077,2.6203
112.6450,0.6024,2.5927
112.6452,0.6475,2.7867
112.6454,0.6557,2.8276
112.6456,0.5697,2.4575
112.6458,0.5572,2.3992
112.6460,0.6207,2.6704
112.6462,0.6627,2.8496
112.6464,0.696,2.9957
112.6466,0.6915,2.9789
112.6468,0.6304,2.7147
112.6470,0.6217,2.6733
112.6472,0.671,2.8892
112.6474,0.6457,2.7816
112.6476,0.5881,2.5336
112.6478,0.5438,2.3436
112.6480,0.5194,2.2366
112.6482,0.6374,2.7408
112.6484,0.7193,3.093
112.6486,0.7026,3.0227
112.6488,0.6615,2.8484
112.6490,0.5992,2.5823
112.6492,0.6038,2.6013
112.6494,0.6239,2.6838
112.6496,0.6589,2.8344
112.6498,0.6441,2.7761
112.6500,0.6404,2.755
112.6502,0.7201,3.1009
112.6504,0.7277,3.1247
112.6506,0.7596,3.2692
112.6508,0.6692,2.8815
112.6510,0.6139,2.6422
112.6512,0.6326,2.7278
112.6514,0.609,2.6235
112.6516,0.6351,2.7374
112.6518,0.5529,2.384
112.6520,0.4999,2.1565
112.6522,0.5006,2.1616
112.6524,0.4947,2.1342
112.6526,0.4926,2.1219
112.6528,0.541,2.3317
112.6530,0.6376,2.7431
112.6532,0.7116,3.0614
112.6534,0.6808,2.9316
112.6536,0.6089,2.623
112.6538,0.5773,2.4941
112.6540,0.4433,1.9123
112.6542,0.4651,2.0055
112.6544,0.4988,2.1498
112.6546,0.5126,2.2133
112.6548,0.4641,2.0042
112.6550,0.4983,2.1477
112.6552,0.5404,2.3313
112.6554,0.494,2.1321
112.6556,0.5042,2.17
112.6558,0.6318,2.7166
112.6560,0.6646,2.8579
112.6562,0.7043,3.0285
112.6564,0.6963,2.994
112.6566,0.7474,3.2106
112.6568,0.7971,3.4228
112.6570,0.8056,3.4577
112.6572,0.844,3.6174
112.6574,0.8953,3.8373
112.6576,0.9024,3.8676
112.6578,0.9149,3.9247
112.6580,0.8428,3.6173
112.6582,0.8297,3.5595
112.6584,0.8577,3.6897
112.6586,0.7523,3.2302
112.6588,0.8361,3.5834
112.6590,0.9227,3.9545
112.6592,0.9659,4.1323
112.6594,0.9863,4.2274
112.6596,0.93,3.9877
112.6598,0.9291,3.9841
112.6600,0.9494,4.0786
112.6602,0.8384,3.5999
112.6604,0.8488,3.6447
112.6606,0.8608,3.6928
112.6608,0.9109,3.9041
112.6610,0.9017,3.8718
112.6612,0.8191,3.5187
112.6614,0.8191,3.5203
112.6616,0.7701,3.3085
112.6618,0.7691,3.3039
112.6620,0.7878,3.3842
112.6622,0.8385,3.6021
112.6624,0.8316,3.5727
112.6626,0.8079,3.4691
112.6628,0.894,3.8388
112.6630,0.9163,3.9327
112.6632,0.8813,3.7842
112.6634,0.871,3.7417
112.6636,0.8712,3.7375
112.6638,0.8525,3.6624
112.6640,0.8207,3.5242
112.6642,0.8723,3.7439
112.6644,0.8908,3.8267
112.6646,0.8774,3.7678
112.6648,0.8679,3.7283
112.6650,0.8051,3.4621
112.6652,0.7872,3.3848
112.6654,0.7855,3.3744
112.6656,0.8163,3.5117
112.6658,0.7798,3.3533
112.6660,0.8272,3.552
112.6662,0.8704,3.7374
112.6664,0.8833,3.7912
112.6666,0.932,3.9946
112.6668,0.9932,4.2567
112.6670,0.9794,4.2034
112.6672,0.9012,3.8715
112.6674,0.8669,3.7225
112.6676,0.909,3.9014
112.6678,0.8887,3.8197
112.6680,0.7821,3.3631
112.6682,0.781,3.3616
112.6684,0.7464,3.214
112.6686,0.7213,3.1075
112.6688,0.679,2.9238
112.6690,0.6695,2.8844
112.6692,0.686,2.9551
112.6694,0.7242,3.1141
112.6696,0.8381,3.6039
112.6698,0.7712,3.3193
112.6700,0.7169,3.0855
112.6702,0.6969,3.0049
112.6704,0.628,2.7069
112.6706,0.6649,2.8616
112.6708,0.7056,3.0398
112.6710,0.6028,2.5991
112.6712,0.6224,2.6838
112.6714,0.5777,2.491
112.6716,0.5374,2.3194
112.6718,0.5375,2.3189
112.6720,0.5362,2.3132
112.6722,0.538,2.322
112.6724,0.535,2.3112
112.6726,0.5337,2.2991
112.6728,0.6571,2.8267
112.6730,0.6712,2.8956
112.6732,0.5617,2.4234
112.6734,0.5607,2.4142
112.6736,0.5825,2.5117
112.6738,0.5406,2.3334
112.6740,0.536,2.3143
112.6742,0.5346,2.3075
112.6744,0.5291,2.2848
112.6746,0.5309,2.2904
112.6748,0.5611,2.4185
112.6750,0.5448,2.3504
112.6752,0.536,2.3122
112.6754,0.5566,2.3978
112.6756,0.576,2.4849
112.6758,0.5506,2.3764
112.6760,0.5703,2.4532
112.6762,0.7174,3.0833
112.6764,0.7061,3.0405
112.6766,0.7134,3.0706
112.6768,0.6892,2.9649
112.6770,0.667,2.8708
112.6772,0.6573,2.8304
112.6774,0.6563,2.8289
112.6776,0.6549,2.82
112.6778,0.6638,2.8569
112.6780,0.6676,2.8761
112.6782,0.6801,2.9271
112.6784,0.6537,2.8162
112.6786,0.6319,2.7209
112.6788,0.6749,2.9063
112.6790,0.6863,2.9553
112.6792,0.6858,2.9505
112.6794,0.7724,3.3167
112.6796,0.852,3.6552
112.6798,0.8586,3.6886
112.6800,0.7844,3.3729
112.6802,0.7457,3.2079
112.6804,0.7448,3.2043
112.6806,0.7527,3.2353
112.6808,0.7765,3.3405
112.6810,0.809,3.4689
112.6812,0.9808,4.2018
112.6814,0.9493,4.0762
112.6816,0.8862,3.8018
112.6818,0.955,4.0913
112.6820,1.0348,4.435
112.6822,1.0477,4.4884
112.6824,1.0468,4.4843
112.6826,1.0662,4.5632
112.6828,1.0379,4.4421
112.6830,1.0436,4.4751
112.6832,1.0217,4.3769
112.6834,1.0515,4.4985
112.6836,1.1604,4.9596
112.6838,1.22,5.2168
112.6840,1.2405,5.2995
112.6842,1.2526,5.3512
112.6844,1.2041,5.1534
112.6846,1.1386,4.8732
112.6848,1.1772,5.0337
112.6850,1.1784,5.0483
112.6852,1.1125,4.768
112.6854,1.1067,4.7411
112.6856,1.0634,4.5599
112.6858,1.062,4.5516
112.6860,1.064,4.5604
112.6862,1.0898,4.6643
112.6864,1.0958,4.6987
112.6866,1.0938,4.6813
112.6868,1.1882,5.0856
112.6870,1.1541,4.944
112.6872,1.1511,4.9289
112.6874,1.1664,4.9899
112.6876,1.2006,5.1337
112.6878,1.2144,5.1999
112.6880,1.1584,4.9602
112.6882,1.1711,5.0146
112.6884,1.1391,4.8821
112.6886,1.1614,4.9707
112.6888,1.2477,5.3352
112.6890,1.2491,5.3364
112.6892,1.2886,5.5075
112.6894,1.2448,5.3279
112.6896,1.2661,5.4187
112.6898,1.291,5.5203
112.6900,1.2978,5.5521
112.6902,1.2892,5.5177
112.6904,1.274,5.45
112.6906,1.2765,5.4608
112.6908,1.3117,5.6064
112.6910,1.2978,5.5599
112.6912,1.2608,5.3986
112.6914,1.2664,5.4076
112.6916,1.3247,5.6617
112.6918,1.3334,5.7044
112.6920,1.3286,5.676
112.6922,1.3623,5.8281
112.6924,1.4017,5.9851
112.6926,1.4216,6.0786
112.6928,1.3527,5.7789
112.6930,1.3983,5.9764
112.6932,1.4126,6.0402
112.6934,1.3764,5.8881
112.6936,1.2928,5.5357
112.6938,1.2801,5.4813
112.6940,1.3167,5.6274
112.6942,1.378,5.8925
112.6944,1.3458,5.7546
112.6946,1.3001,5.5722
112.6948,1.1765,5.0518
112.6950,1.027,4.4139
112.6952,1.0155,4.3644
112.6954,0.9646,4.1517
112.6956,0.9206,3.9623
112.6958,0.9905,4.2533
112.6960,1.0446,4.4771
112.6962,1.2282,5.2615
112.6964,1.2161,5.2169
112.6966,1.2132,5.1997
112.6968,1.2625,5.4058
112.6970,1.2816,5.488
112.6972,1.2561,5.3987
112.6974,1.04,4.4742
112.6976,1.0189,4.3773
112.6978,1.1258,4.8295
112.6980,1.1469,4.9247
112.6982,1.1661,5.0094
112.6984,1.1423,4.9051
112.6986,1.1296,4.846
112.6988,1.1386,4.8869
112.6990,1.1134,4.7832
112.6992,1.1186,4.7987
112.6994,1.2018,5.1581
112.6996,1.1345,4.8694
112.6998,1.1292,4.8399
112.7000,1.2309,5.2585
112.7002,1.4848,6.3429
112.7004,1.4615,6.261
112.7006,1.3129,5.6299
112.7008,1.3047,5.5866
112.7010,1.334,5.7204
112.7012,1.2991,5.5681
112.7014,1.259,5.3985
112.7016,1.2355,5.2953
112.7018,1.2554,5.3806
112.7020,1.2503,5.369
112.7022,1.191,5.1189
112.7024,1.1756,5.0459
112.7026,1.1906,5.0983
112.7028,1.3085,5.6161
112.7030,1.2364,5.3043
112.7032,1.2176,5.2211
112.7034,1.1985,5.1466
112.7036,1.1948,5.1306
112.7038,1.18,5.0597
112.7040,1.1967,5.1388
112.7042,1.17,5.0287
112.7044,1.1018,4.7377
112.7046,1.061,4.5624
112.7048,1.036,4.4546
112.7050,1.0704,4.6005
112.7052,0.953,4.1112
112.7054,0.858,3.7032
112.7056,0.8597,3.7053
112.7058,0.8736,3.7635
112.7060,0.9237,3.9868
112.7062,0.7711,3.3327
112.7064,0.7151,3.0835
112.7066,0.8849,3.8085
112.7068,1.0584,4.5489
112.7070,1.0512,4.5222
112.7072,0.971,4.1868
112.7074,0.9056,3.9014
112.7076,1.0212,4.3932
112.7078,0.9756,4.2089
112.7080,0.8814,3.7936
112.7082,0.9432,4.0593
112.7084,0.915,3.9454
112.7086,0.9055,3.8991
112.7088,0.9086,3.9125
112.7090,0.9167,3.9453
112.7092,0.93,4.01
112.7094,0.8867,3.8234
112.7096,0.8368,3.6049
112.7098,0.8704,3.7478
112.7100,0.9536,4.108
112.7102,0.8993,3.8741
112.7104,0.8701,3.759
112.7106,0.7451,3.2187
112.7108,0.7748,3.3425
112.7110,0.7842,3.3829
112.7112,0.7651,3.3052
112.7114,0.7111,3.0764
112.7116,0.6771,2.9264
112.7118,0.6703,2.8995
112.7120,0.662,2.8611
112.7122,0.7169,3.0941
112.7124,0.7265,3.137
112.7126,0.7605,3.2779
112.7128,0.8721,3.7533
112.7130,0.8881,3.8242
112.7132,0.8379,3.6146
112.7134,0.834,3.5997
112.7136,0.7663,3.3104
112.7138,0.7254,3.1323
112.7140,0.7333,3.1621
112.7142,0.7417,3.1998
112.7144,0.7447,3.2172
112.7146,0.7713,3.3214
112.7148,0.867,3.7386
112.7150,0.8888,3.8309
112.7152,0.8824,3.8048
112.7154,0.8609,3.7053
112.7156,0.8569,3.6917
112.7158,0.887,3.8089
112.7160,1.0953,4.7033
112.7162,1.106,4.7513
112.7164,1.056,4.5428
112.7166,0.9746,4.2004
112.7168,0.8887,3.8322
112.7170,0.8639,3.7217
112.7172,0.8596,3.7065
112.7174,0.8572,3.691
112.7176,0.9013,3.881
112.7178,0.9224,3.9682
112.7180,0.984,4.2392
112.7182,0.9905,4.2612
112.7184,1.026,4.4098
112.7186,1.0078,4.3294
112.7188,1.0091,4.3472
112.7190,0.8676,3.7377
112.7192,0.8639,3.7217
112.7194,0.874,3.7703
112.7196,0.8316,3.5827
112.7198,0.8796,3.7893
112.7200,0.8235,3.5542
112.7202,0.7685,3.3182
112.7204,0.7442,3.2106
112.7206,0.7454,3.2173
112.7208,0.7507,3.2416
112.7210,0.79,3.4082
112.7212,0.7632,3.2908
112.7214,0.7958,3.4299
112.7216,0.877,3.7797
112.7218,0.8482,3.654
112.7220,0.8385,3.6055
112.7222,0.926,3.9911
112.7224,0.8926,3.8344
112.7226,1.0772,4.6234
112.7228,1.1663,5.0081
112.7230,1.1318,4.862
112.7232,1.0957,4.6917
112.7234,1.2778,5.4613
112.7236,1.3713,5.8665
112.7238,1.3282,5.6872
112.7240,1.3393,5.7296
112.7242,1.3843,5.9192
112.7244,1.4654,6.2663
112.7246,1.4583,6.2238
112.7248,1.4555,6.2237
112.7250,1.4193,6.0689
112.7252,1.4611,6.2332
112.7254,1.5906,6.7952
112.7256,1.4485,6.2114
112.7258,1.33,5.6949
112.7260,1.3494,5.7646
112.7262,1.4928,6.3861
112.7264,1.4238,6.0884
112.7266,1.4202,6.0758
112.7268,1.4527,6.209
112.7270,1.5043,6.4324
112.7272,1.4931,6.3937
112.7274,1.3809,5.9103
112.7276,1.3646,5.8487
112.7278,1.2795,5.4864
112.7280,1.3089,5.615
112.7282,1.2673,5.4365
112.7284,1.2967,5.5579
112.7286,1.3357,5.7195
112.7288,1.4098,6.0284
112.7290,1.4776,6.324
112.7292,1.3623,5.839
112.7294,1.3042,5.5897
112.7296,1.3476,5.7811
112.7298,1.2846,5.5188
112.7300,1.1731,5.0421
112.7302,1.1037,4.7481
112.7304,1.109,4.7642
112.7306,1.118,4.8073
112.7308,1.0668,4.5893
112.7310,1.0788,4.6365
112.7312,1.1225,4.8314
112.7314,1.0894,4.6976
112.7316,0.9673,4.1669
112.7318,0.9818,4.2275
112.7320,1.0566,4.5327
112.7322,1.1598,4.9942
112.7324,1.0768,4.6347
112.7326,1.0896,4.6829
112.7328,1.1718,5.0364
112.7330,1.165,5.0071
112.7332,1.2237,5.2473
112.7334,1.303,5.595
112.7336,1.2439,5.3362
112.7338,1.214,5.2178
112.7340,1.1464,4.918
112.7342,1.1682,5.0373
112.7344,1.0286,4.4273
112.7346,1.033,4.4459
112.7348,1.0053,4.3287
112.7350,0.9635,4.149
112.7352,1.0147,4.3695
112.7354,1.0348,4.4619
112.7356,0.976,4.2066
112.7358,1.0027,4.3198
112.7360,1.0584,4.5489
112.7362,1.1596,4.9908
112.7364,1.0302,4.4402
112.7366,0.9742,4.1969
112.7368,0.9797,4.2246
112.7370,0.9254,3.9904
112.7372,0.9349,4.0293
112.7374,0.9138,3.9402
112.7376,0.9102,3.9247
112.7378,0.865,3.7367
112.7380,0.7887,3.4073
112.7382,0.7962,3.4378
112.7384,0.798,3.444
112.7386,0.8174,3.5311
112.7388,0.8174,3.5343
112.7390,0.7754,3.3482
112.7392,0.7856,3.3891
112.7394,0.9075,3.9097
112.7396,0.9272,4.0018
112.7398,0.839,3.6209
112.7400,0.7754,3.3498
112.7402,0.7959,3.4431
112.7404,0.7211,3.1195
112.7406,0.6656,2.8766
112.7408,0.7008,3.0234
112.7410,0.7727,3.3363
112.7412,0.7923,3.4212
112.7414,0.784,3.3808
112.7416,0.8165,3.5258
112.7418,0.8018,3.4653
112.7420,0.7712,3.3286
112.7422,0.7661,3.3078
112.7424,0.7814,3.3757
112.7426,0.8044,3.4606
112.7428,0.9538,4.1129
112.7430,0.8559,3.6905
112.7432,0.8213,3.5432
112.7434,0.8471,3.6511
112.7436,0.9587,4.1303
112.7438,0.9693,4.1757
112.7440,0.9325,4.0115
112.7442,1.008,4.3305
112.7444,1.0466,4.5005
112.7446,1.0577,4.5501
112.7448,1.0158,4.37
112.7450,0.9508,4.0981
112.7452,0.9367,4.0352
112.7454,0.9476,4.0784
112.7456,0.9375,4.037
112.7458,0.9499,4.0844
112.7460,0.9971,4.2916
112.7462,0.9531,4.1079
112.7464,0.9554,4.112
112.7466,1.0104,4.3529
112.7468,0.8694,3.7524
112.7470,0.7433,3.2095
112.7472,0.7304,3.1555
112.7474,0.7258,3.1353
112.7476,0.706,3.047
112.7478,0.793,3.4148
112.7480,0.9126,3.9259
112.7482,1.039,4.4758
112.7484,0.8928,3.8569
112.7486,0.7755,3.3472
112.7488,0.7506,3.2365
112.7490,0.862,3.71
112.7492,1.0403,4.4649
112.7494,1.1661,5.0047
112.7496,1.155,4.9643
112.7498,1.0826,4.6617
112.7500,1.0115,4.3575
112.7502,0.9743,4.1955
112.7504,0.9489,4.0917
112.7506,0.8962,3.8606
112.7508,0.961,4.1362
112.7510,1.022,4.3969
112.7512,1.0386,4.4701
112.7514,1.011,4.3514
112.7516,0.9462,4.0798
112.7518,0.8533,3.6796
112.7520,0.8356,3.6048
112.7522,0.8098,3.4968
112.7524,0.7277,3.1436
112.7526,0.7068,3.0464
112.7528,0.8535,3.687
112.7530,0.7453,3.2168
112.7532,0.6994,3.0242
112.7534,0.589,2.5467
112.7536,0.6039,2.6115
112.7538,0.6318,2.7305
112.7540,0.6083,2.6301
112.7542,0.6397,2.7609
112.7544,0.688,2.9777
112.7546,0.6557,2.8341
112.7548,0.6848,2.9568
112.7550,0.6807,2.9392
112.7552,0.6803,2.9349
112.7554,0.7523,3.2498
112.7556,0.7842,3.3766
112.7558,0.8846,3.8093
112.7560,0.8855,3.8164
112.7562,0.8562,3.6852
112.7564,0.9465,4.0643
112.7566,1.064,4.5668
112.7568,1.1581,4.9661
112.7570,1.2252,5.2486
112.7572,1.2238,5.2552
112.7574,1.064,4.5753
112.7576,1.0042,4.32
112.7578,0.9899,4.2606
112.7580,0.924,3.9731
112.7582,0.9924,4.2655
112.7584,1.0291,4.4232
112.7586,1.0042,4.324
112.7588,0.9533,4.1032
112.7590,0.9572,4.1159
112.7592,1.0158,4.37
112.7594,0.9874,4.2498
112.7596,0.9354,4.0239
112.7598,0.967,4.162
112.7600,0.9439,4.0587
112.7602,0.9592,4.1266
112.7604,0.918,3.9583
112.7606,0.8271,3.5697
112.7608,0.8069,3.4795
112.7610,0.7749,3.3431
112.7612,0.7481,3.2272
112.7614,0.7852,3.3813
112.7616,0.8858,3.8109
112.7618,0.9512,4.0977
112.7620,0.8523,3.6767
112.7622,0.8032,3.4635
112.7624,0.7988,3.4476
112.7626,0.7451,3.2143
112.7628,0.8109,3.4966
112.7630,0.79,3.4035
112.7632,0.7854,3.3865
112.7634,0.8019,3.4546
112.7636,0.9368,4.0301
112.7638,0.9536,4.1042
112.7640,0.8988,3.8684
112.7642,0.9289,3.9979
112.7644,0.8927,3.8456
112.7646,0.8161,3.5188
112.7648,0.8268,3.5588
112.7650,0.8729,3.7569
112.7652,0.9005,3.8756
112.7654,0.9002,3.88
112.7656,0.7669,3.3115
112.7658,0.703,3.0341
112.7660,0.7718,3.3265
112.7662,0.7773,3.3581
112.7664,0.7388,3.1888
112.7666,0.7731,3.3368
112.7668,0.7243,3.1219
112.7670,0.7819,3.3684
112.7672,0.8725,3.7571
112.7674,0.8611,3.7098
112.7676,0.791,3.4139
112.7678,0.6721,2.9019
112.7680,0.6902,2.9829
112.7682,0.6586,2.8518
112.7684,0.5525,2.3891
112.7686,0.5337,2.3077
112.7688,0.533,2.3056
112.7690,0.5896,2.5457
112.7692,0.6561,2.8291
112.7694,0.7042,3.0351
112.7696,0.7723,3.3317
112.7698,0.7315,3.1573
112.7700,0.6316,2.73
112.7702,0.5699,2.4631
112.7704,0.5484,2.3703
112.7706,0.5923,2.5612
112.7708,0.5766,2.491
112.7710,0.5813,2.5123
112.7712,0.5716,2.4704
112.7714,0.5807,2.5097
112.7716,0.5832,2.5206
112.7718,0.5856,2.531
112.7720,0.6035,2.6058
112.7722,0.5411,2.3398
112.7724,0.4815,2.0841
112.7726,0.4764,2.0598
112.7728,0.4887,2.1132
112.7730,0.4813,2.083
112.7732,0.4751,2.0579
112.7734,0.4754,2.0557
112.7736,0.5024,2.1693
112.7738,0.5537,2.3953
112.7740,0.5337,2.3045
112.7742,0.5316,2.2999
112.7744,0.4837,2.0924
112.7746,0.4873,2.106
112.7748,0.5301,2.2921
112.7750,0.485,2.0981
112.7752,0.4793,2.0742
112.7754,0.4754,2.0566
112.7756,0.4785,2.0692
112.7758,0.512,2.2128
112.7760,0.4945,2.1381
112.7762,0.477,2.0615
112.7764,0.4731,2.0468
112.7766,0.4783,2.0691
112.7768,0.4834,2.0895
112.7770,0.4742,2.0505
112.7772,0.4763,2.0584
112.7774,0.4834,2.0904
112.7776,0.4815,2.0812
112.7778,0.4905,2.1171
112.7780,0.5104,2.2081
112.7782,0.4743,2.052
112.7784,0.4794,2.0718
112.7786,0.4796,2.0719
112.7788,0.4721,2.0402
112.7790,0.4806,2.0751
112.7792,0.529,2.2811
112.7794,0.6025,2.5992
112.7796,0.5845,2.5216
112.7798,0.5472,2.3608
112.7800,0.6102,2.6311
112.7802,0.629,2.7161
112.7804,0.5292,2.2853
112.7806,0.5379,2.3183
112.7808,0.6097,2.6303
112.7810,0.554,2.392
112.7812,0.5132,2.217
112.7814,0.5188,2.2413
112.7816,0.5155,2.2268
112.7818,0.5008,2.1626
112.7820,0.5114,2.2082
112.7822,0.5741,2.4755
112.7824,0.6675,2.8702
112.7826,0.7095,3.0592
112.7828,0.6625,2.8499
112.7830,0.7643,3.2833
112.7832,0.7932,3.4137
112.7834,0.7621,3.2831
112.7836,0.7209,3.1011
112.7838,0.6968,3.0016
112.7840,0.6752,2.9073
112.7842,0.7457,3.2094
112.7844,0.6884,2.9613
112.7846,0.6927,2.9813
112.7848,0.6716,2.8931
112.7850,0.6581,2.8353
112.7852,0.6466,2.7883
112.7854,0.6205,2.6768
112.7856,0.6669,2.865
112.7858,0.7223,3.1102
112.7860,0.674,2.9035
112.7862,0.6406,2.7599
112.7864,0.633,2.7281
112.7866,0.5658,2.4421
112.7868,0.5603,2.4172
112.7870,0.6199,2.673
112.7872,0.5529,2.384
112.7874,0.5522,2.3798
112.7876,0.6151,2.656
112.7878,0.5197,2.2418
112.7880,0.5151,2.2222
112.7882,0.57,2.4579
112.7884,0.5462,2.3594
112.7886,0.5194,2.2408
112.7888,0.6067,2.6149
112.7890,0.6417,2.762
112.7892,0.674,2.9008
112.7894,0.7494,3.2239
112.7896,0.7627,3.2766
112.7898,0.7814,3.3585
112.7900,0.8619,3.6957
112.7902,1.0279,4.4036
112.7904,1.0237,4.3877
112.7906,0.9982,4.2802
112.7908,0.9909,4.2469
112.7910,1.0209,4.3692
112.7912,1.1129,4.7611
112.7914,1.1349,4.8641
112.7916,1.0902,4.6702
112.7918,1.1073,4.7392
112.7920,1.1469,4.9109
112.7922,1.1511,4.9266
112.7924,1.1183,4.7887
112.7926,1.029,4.4185
112.7928,0.9123,3.9194
112.7930,0.871,3.74
112.7932,0.9035,3.8831
112.7934,0.9053,3.8854
112.7936,0.9909,4.2509
112.7938,0.9228,3.9587
112.7940,0.9243,3.9672
112.7942,0.9068,3.8939
112.7944,0.9235,3.971
112.7946,0.8879,3.8161
112.7948,0.8501,3.6521
112.7950,0.8484,3.6466
112.7952,0.8838,3.795
112.7954,0.925,3.9685
112.7956,1.0009,4.2921
112.7958,0.9579,4.1171
112.7960,0.8643,3.7198
112.7962,0.8312,3.5723
112.7964,0.8436,3.6293
112.7966,0.849,3.6542
112.7968,0.793,3.4101
112.7970,0.8393,3.6074
112.7972,0.8339,3.5859
112.7974,0.8843,3.7989
112.7976,0.9207,3.9555
112.7978,0.9378,4.0286
112.7980,0.875,3.7645
112.7982,0.8499,3.6561
112.7984,0.8468,3.6393
112.7986,0.8273,3.5559
112.7988,0.8372,3.5981
112.7990,0.8754,3.7678
112.7992,0.8151,3.5098
112.7994,0.8027,3.4518
112.7996,0.801,3.4505
112.7998,0.7822,3.3683
112.8000,0.8001,3.4421
112.8002,0.7481,3.2197
112.8004,0.7739,3.3322
112.8006,0.7487,3.2238
112.8008,0.7306,3.1487
112.8010,0.6915,2.9803
112.8012,0.6894,2.9715
112.8014,0.6709,2.8914
112.8016,0.6681,2.8768
112.8018,0.6751,2.9068
112.8020,0.7048,3.0306
112.8022,0.8114,3.4873
112.8024,0.8568,3.6946
112.8026,0.6711,2.8924
112.8028,0.6945,2.989
112.8030,0.761,3.2785
112.8032,0.74,3.1866
112.8034,0.7251,3.1206
112.8036,0.724,3.1218
112.8038,0.6812,2.9358
112.8040,0.7563,3.2614
112.8042,0.6556,2.8271
112.8044,0.6266,2.7019
112.8046,0.6146,2.6515
112.8048,0.6193,2.6716
112.8050,0.6715,2.8886
112.8052,0.7812,3.3559
112.8054,0.8049,3.4659
112.8056,0.7797,3.3559
112.8058,0.7808,3.3637
112.8060,0.7056,3.0398
112.8062,0.673,2.9034
112.8064,0.5687,2.4556
112.8066,0.5378,2.3221
112.8068,0.5492,2.3691
112.8070,0.5924,2.5582
112.8072,0.5561,2.4024
112.8074,0.5927,2.5544
112.8076,0.6278,2.7084
112.8078,0.5482,2.3649
112.8080,0.5393,2.3288
112.8082,0.5415,2.3381
112.8084,0.5435,2.3436
112.8086,0.5968,2.5744
112.8088,0.6239,2.6938
112.8090,0.6012,2.5911
112.8092,0.6327,2.727
112.8094,0.6333,2.7284
112.8096,0.5996,2.5916
112.8098,0.5356,2.3117
112.8100,0.5326,2.2977
112.8102,0.5339,2.3055
112.8104,0.5504,2.3731
112.8106,0.6258,2.6958
112.8108,0.6569,2.8301
112.8110,0.6398,2.7563
112.8112,0.6453,2.7813
112.8114,0.6573,2.829
112.8116,0.635,2.7394
112.8118,0.5783,2.4936
112.8120,0.6073,2.6175
112.8122,0.6535,2.8125
112.8124,0.7101,3.0547
112.8126,0.7187,3.0947
112.8128,0.687,2.9639
112.8130,0.5632,2.4307
112.8132,0.5472,2.3608
112.8134,0.5458,2.3535
112.8136,0.6385,2.748
112.8138,0.7481,3.2167
112.8140,0.7641,3.2873
112.8142,0.7541,3.2425
112.8144,0.7662,3.2946
112.8146,0.7607,3.2693
112.8148,0.7374,3.1767
112.8150,0.6487,2.7971
112.8152,0.6438,2.7759
112.8154,0.6867,2.9527
112.8156,0.743,3.1965
112.8158,0.687,2.9598
112.8160,0.6591,2.8394
112.8162,0.5566,2.4033
112.8164,0.4863,2.099
112.8166,0.4771,2.062
112.8168,0.4851,2.0928
112.8170,0.5265,2.2713
112.8172,0.5017,2.1612
112.8174,0.5557,2.3942
112.8176,0.5336,2.3061
112.8178,0.4643,2.0038
112.8180,0.4635,2.0034
112.8182,0.4703,2.0306
112.8184,0.4833,2.087
112.8186,0.4482,1.9371
112.8188,0.4567,1.973
112.8190,0.4457,1.9253
112.8192,0.4376,1.888
112.8194,0.4608,1.9906
112.8196,0.4999,2.1575
112.8198,0.5028,2.1709
112.8200,0.4301,1.8589
112.8202,0.3842,1.6604
112.8204,0.3822,1.6528
112.8206,0.4115,1.7769
112.8208,0.4602,1.9852
112.8210,0.5164,2.2278
112.8212,0.4892,2.1114
112.8214,0.4723,2.0375
112.8216,0.5241,2.2557
112.8218,0.6573,2.8251
112.8220,0.6946,2.9895
112.8222,0.6405,2.7581
112.8224,0.691,2.9713
112.8226,0.7381,3.171
112.8228,0.7886,3.3799
112.8230,0.9641,4.1342
112.8232,0.9556,4.0977
112.8234,0.9156,3.9278
112.8236,0.8712,3.7392
112.8238,0.9128,3.9123
112.8240,1.0399,4.4467
112.8242,1.1093,4.748
112.8244,1.0693,4.5787
112.8246,1.1095,4.7418
112.8248,1.1345,4.8512
112.8250,1.1313,4.8441
112.8252,1.1246,4.8221
112.8254,1.0217,4.3769
112.8256,0.994,4.2603
112.8258,1.003,4.2948
112.8260,1.0348,4.4329
112.8262,1.0475,4.4832
112.8264,1.1129,4.7634
112.8266,1.1093,4.7502
112.8268,1.0446,4.4855
112.8270,0.9409,4.0364
112.8272,0.8997,3.8671
112.8274,0.8228,3.533
112.8276,0.9036,3.8728
112.8278,0.93,3.997
112.8280,0.8278,3.5629
112.8282,0.8041,3.4527
112.8284,0.8543,3.6752
112.8286,0.8069,3.4682
112.8288,0.8292,3.5608
112.8290,0.8514,3.6594
112.8292,0.8259,3.548
112.8294,0.8492,3.6513
112.8296,0.7601,3.2713
112.8298,0.7976,3.4281
112.8300,0.8426,3.6196
112.8302,0.8282,3.5595
112.8304,0.8345,3.5884
112.8306,0.8495,3.6529
112.8308,0.8163,3.5117
112.8310,0.7753,3.3384
112.8312,0.697,2.9985
112.8314,0.7524,3.2398
112.8316,0.7254,3.1222
112.8318,0.6957,2.997
112.8320,0.7109,3.0626
112.8322,0.6854,2.9498
112.8324,0.749,3.2208
112.8326,0.729,3.1391
112.8328,0.6568,2.8349
112.8330,0.5995,2.5863
112.8332,0.6043,2.6034
112.8334,0.6638,2.8596
112.8336,0.6333,2.7284
112.8338,0.6616,2.8542
112.8340,0.6087,2.6261
112.8342,0.6033,2.6016
112.8344,0.6264,2.7009
112.8346,0.5933,2.5594
112.8348,0.6104,2.6297
112.8350,0.6669,2.8743
112.8352,0.6227,2.6874
112.8354,0.5409,2.3344
112.8356,0.5227,2.2579
112.8358,0.494,2.1331
112.8360,0.5279,2.2786
112.8362,0.5453,2.3558
112.8364,0.5242,2.2636
112.8366,0.461,1.9916
112.8368,0.4549,1.9643
112.8370,0.5159,2.2258
112.8372,0.5511,2.3751
112.8374,0.5155,2.2247
112.8376,0.4517,1.9521
112.8378,0.451,1.949
112.8380,0.4456,1.9239
112.8382,0.4445,1.921
112.8384,0.4451,1.9227
112.8386,0.4412,1.9062
112.8388,0.4342,1.8747
112.8390,0.4264,1.8419
112.8392,0.4234,1.829
112.8394,0.4294,1.854
112.8396,0.432,1.8671
112.8398,0.4411,1.9056
112.8400,0.4565,1.9719
112.8402,0.4243,1.8323
112.8404,0.4906,2.1156
112.8406,0.5464,2.3561
112.8408,0.4872,2.1036
112.8410,0.4516,1.9507
112.8412,0.4358,1.882
112.8414,0.4415,1.9081
112.8416,0.4494,1.9387
112.8418,0.4625,1.996
112.8420,0.45,1.9413
112.8422,0.4851,2.0919
112.8424,0.548,2.3628
112.8426,0.5626,2.4236
112.8428,0.5693,2.4525
112.8430,0.5641,2.4315
112.8432,0.5687,2.45
112.8434,0.6043,2.6009
112.8436,0.5789,2.4962
112.8438,0.554,2.3875
112.8440,0.6005,2.5832
112.8442,0.638,2.7434
112.8444,0.6502,2.8025
112.8446,0.5429,2.34
112.8448,0.5397,2.325
112.8450,0.5734,2.4678
112.8452,0.6249,2.6872
112.8454,0.6826,2.9338
112.8456,0.7128,3.0651
112.8458,0.6966,2.9941
112.8460,0.6548,2.8169
112.8462,0.601,2.5913
112.8464,0.5776,2.4893
112.8466,0.5903,2.5465
112.8468,0.5435,2.3415
112.8470,0.638,2.7485
112.8472,0.6037,2.6008
112.8474,0.5923,2.5482
112.8476,0.6145,2.646
112.8478,0.6348,2.7308
112.8480,0.7328,3.1468
112.8482,0.8131,3.4929
112.8484,0.8119,3.4829
112.8486,0.8384,3.5982
112.8488,0.8247,3.5445
112.8490,0.7428,3.1925
112.8492,0.7164,3.0835
112.8494,0.6667,2.8746
112.8496,0.5404,2.3324
112.8498,0.4851,2.0928
112.8500,0.5245,2.2593
112.8502,0.5571,2.401
112.8504,0.5563,2.3956
112.8506,0.5962,2.567
112.8508,0.5836,2.5117
112.8510,0.559,2.4126
112.8512,0.5547,2.3873
112.8514,0.6444,2.7785
112.8516,0.5169,2.232
112.8518,0.4525,1.953
112.8520,0.4966,2.1395
112.8522,0.4776,2.0631
112.8524,0.3974,1.7158
112.8526,0.3916,1.6917
112.8528,0.3916,1.6909
112.8530,0.3892,1.6806
112.8532,0.3954,1.7091
112.8534,0.4031,1.7406
112.8536,0.4265,1.839
112.8538,0.4734,2.0393
112.8540,0.5471,2.3548
112.8542,0.6218,2.6738
112.8544,0.6707,2.8895
112.8546,0.6095,2.6244
112.8548,0.5789,2.4915
112.8550,0.6032,2.5963
112.8552,0.6442,2.7702
112.8554,0.668,2.8723
112.8556,0.6289,2.708
112.8558,0.7001,3.0021
112.8560,0.8873,3.8029
112.8562,0.8945,3.8337
112.8564,0.9354,4.0108
112.8566,0.8706,3.7332
112.8568,0.9026,3.8741
112.8570,0.9018,3.8669
112.8572,0.8914,3.8239
112.8574,0.8969,3.8404
112.8576,0.9724,4.1639
112.8578,0.9915,4.2495
112.8580,0.9879,4.2242
112.8582,1.0344,4.4314
112.8584,1.079,4.6181
112.8586,1.0755,4.6033
112.8588,1,4.2779
112.8590,1.0289,4.4036
112.8592,1.0623,4.5511
112.8594,0.995,4.2644
112.8596,0.9468,4.0635
112.8598,0.8675,3.7164
112.8600,0.9463,4.0595
112.8602,0.845,3.6333
112.8604,0.7593,3.2637
112.8606,0.7772,3.342
112.8608,0.7718,3.3157
112.8610,0.7737,3.324
112.8612,0.7801,3.3528
112.8614,0.7988,3.4316
112.8616,0.8215,3.5273
112.8618,0.8356,3.5847
112.8620,0.906,3.883
112.8622,0.9485,4.0655
112.8624,0.9483,4.0758
112.8626,0.8544,3.6706
112.8628,0.8577,3.6828
112.8630,0.8703,3.7351
112.8632,0.8682,3.7299
112.8634,0.8638,3.7108
112.8636,0.8948,3.8424
112.8638,0.8804,3.7771
112.8640,0.8965,3.8496
112.8642,0.9364,4.0192
112.8644,0.9369,4.0213
112.8646,0.8614,3.697
112.8648,0.864,3.7135
112.8650,0.8003,3.4399
112.8652,0.7903,3.3982
112.8654,0.7855,3.3776
112.8656,0.79,3.3972
112.8658,0.8735,3.7473
112.8660,0.9439,4.0492
112.8662,0.9036,3.88
112.8664,0.9346,4.004
112.8666,1.0147,4.3451
112.8668,1.0631,4.5541
112.8670,0.9297,3.996
112.8672,0.839,3.6042
112.8674,0.8547,3.6768
112.8676,0.7586,3.259
112.8678,0.8434,3.6249
112.8680,0.8562,3.6766
112.8682,0.9128,3.9251
112.8684,0.7373,3.1762
112.8686,0.685,2.9496
112.8688,0.7246,3.1229
112.8690,0.6783,2.9221
112.8692,0.6378,2.7513
112.8694,0.6048,2.6115
112.8696,0.5484,2.3648
112.8698,0.5477,2.3617
112.8700,0.5464,2.3572
112.8702,0.5804,2.5017
112.8704,0.6234,2.6855
112.8706,0.6429,2.7684
112.8708,0.6273,2.7063
112.8710,0.5486,2.3676
112.8712,0.6117,2.6317
112.8714,0.7099,3.0542
112.8716,0.6251,2.6952
112.8718,0.5498,2.3727
112.8720,0.5322,2.2993
112.8722,0.5282,2.2796
112.8724,0.5275,2.2754
112.8726,0.5294,2.2837
112.8728,0.5271,2.276
112.8730,0.5266,2.2708
112.8732,0.5277,2.2743
112.8734,0.5725,2.4699
112.8736,0.539,2.3251
112.8738,0.5278,2.2759
112.8740,0.5263,2.2703
112.8742,0.5773,2.4883
112.8744,0.6282,2.7024
112.8746,0.6976,3.001
112.8748,0.6174,2.6634
112.8750,0.5272,2.2754
112.8752,0.5243,2.262
112.8754,0.5273,2.2739
112.8756,0.5271,2.2739
112.8758,0.5288,2.2822
112.8760,0.5266,2.2718
112.8762,0.5435,2.3436
112.8764,0.5227,2.2526
112.8766,0.5314,2.2893
112.8768,0.5487,2.3681
112.8770,0.5332,2.2992
112.8772,0.5369,2.3163
112.8774,0.5343,2.306
112.8776,0.5301,2.2868
112.8778,0.5556,2.3914
112.8780,0.6368,2.7421
112.8782,0.6099,2.6264
112.8784,0.6445,2.7738
112.8786,0.6724,2.8941
112.8788,0.6457,2.7829
112.8790,0.6391,2.7532
112.8792,0.6686,2.8776
112.8794,0.6658,2.8644
112.8796,0.6888,2.9648
112.8798,0.6735,2.9001
112.8800,0.6464,2.7795
112.8802,0.6806,2.9305
112.8804,0.6595,2.8383
112.8806,0.6562,2.827
112.8808,0.6764,2.9097
112.8810,0.7724,3.3152
112.8812,0.7966,3.4223
112.8814,0.8053,3.4594
112.8816,0.7923,3.4054
112.8818,0.7137,3.073
112.8820,0.6908,2.9703
112.8822,0.7173,3.0856
112.8824,0.705,3.0373
112.8826,0.6155,2.6526
112.8828,0.593,2.556
112.8830,0.5954,2.5616
112.8832,0.658,2.8308
112.8834,0.673,2.8966
112.8836,0.6551,2.8211
112.8838,0.6741,2.9013
112.8840,0.6736,2.9033
112.8842,0.5667,2.4412
112.8844,0.5938,2.5555
112.8846,0.7031,3.0248
112.8848,0.6313,2.7183
112.8850,0.6463,2.7829
112.8852,0.5962,2.5754
112.8854,0.5102,2.203
112.8856,0.5062,2.1839
112.8858,0.4914,2.1168
112.8860,0.578,2.4937
112.8862,0.5386,2.3257
112.8864,0.4258,1.8393
112.8866,0.3989,1.7217
112.8868,0.4144,1.7901
112.8870,0.4307,1.8589
112.8872,0.4857,2.0944
112.8874,0.5282,2.2785
112.8876,0.5207,2.2444
112.8878,0.5807,2.5016
112.8880,0.6476,2.7808
112.8882,0.7358,3.1626
112.8884,0.7086,3.0499
112.8886,0.6574,2.8309
112.8888,0.7074,3.0405
112.8890,0.7786,3.342
112.8892,0.8151,3.5033
112.8894,0.7603,3.2678
112.8896,0.7911,3.3939
112.8898,0.8934,3.8255
112.8900,0.9597,4.1152
112.8902,0.9731,4.1689
112.8904,0.9868,4.2274
112.8906,0.9753,4.1801
112.8908,0.9755,4.1811
112.8910,0.9426,4.0436
112.8912,0.9294,3.9795
112.8914,1.0113,4.3302
112.8916,1.0271,4.3959
112.8918,1.0603,4.5402
112.8920,1.0314,4.4165
112.8922,1.0699,4.577
112.8924,1.1192,4.7833
112.8926,1.1177,4.7906
112.8928,0.9987,4.2783
112.8930,0.9808,4.2018
112.8932,0.9951,4.2649
112.8934,0.895,3.8483
112.8936,0.7646,3.2894
112.8938,0.7445,3.2027
112.8940,0.7235,3.1154
112.8942,0.6729,2.8961
112.8944,0.7013,3.0184
112.8946,0.7531,3.2338
112.8948,0.82,3.5261
112.8950,0.7077,3.0472
112.8952,0.7173,3.0871
112.8954,0.7721,3.3167
112.8956,0.7828,3.3647
112.8958,0.8002,3.4394
112.8960,0.8324,3.5775
112.8962,0.7867,3.3859
112.8964,0.6911,2.9732
112.8966,0.7448,3.2028
112.8968,0.7777,3.3472
112.8970,0.7662,3.293
112.8972,0.8249,3.5472
112.8974,0.7994,3.4406
112.8976,0.6976,3.0038
112.8978,0.7209,3.0968
112.8980,0.8227,3.5341
112.8982,0.7733,3.3281
112.8984,0.738,3.1778
112.8986,0.6995,3.0121
112.8988,0.7146,3.0743
112.8990,0.7635,3.2863
112.8992,0.6742,2.9072
112.8994,0.6045,2.6032
112.8996,0.6263,2.6966
112.8998,0.6253,2.6925
112.9000,0.6821,2.9359
112.9002,0.6621,2.855
112.9004,0.6081,2.6211
112.9006,0.5948,2.5637
112.9008,0.5757,2.4811
112.9010,0.5802,2.503
112.9012,0.5909,2.5431
112.9014,0.676,2.9109
112.9016,0.6326,2.7303
112.9018,0.5399,2.3292
112.9020,0.5502,2.3737
112.9022,0.5734,2.4712
112.9024,0.6107,2.6332
112.9026,0.5959,2.566
112.9028,0.584,2.5161
112.9030,0.5947,2.562
112.9032,0.6608,2.8453
112.9034,0.6734,2.9009
112.9036,0.589,2.5396
112.9038,0.5525,2.3835
112.9040,0.5577,2.4047
112.9042,0.558,2.4029
112.9044,0.5947,2.5632
112.9046,0.5807,2.5016
112.9048,0.6271,2.7003
112.9050,0.6849,2.9505
112.9052,0.6379,2.7505
112.9054,0.5902,2.5401
112.9056,0.6439,2.7738
112.9058,0.5845,2.524
112.9060,0.4747,2.0488
112.9062,0.4616,1.9942
112.9064,0.4656,2.0104
112.9066,0.4773,2.0602
112.9068,0.4692,2.0269
112.9070,0.4573,1.9756
112.9072,0.4577,1.9771
112.9074,0.4565,1.9701
112.9076,0.4593,1.9816
112.9078,0.4567,1.9702
112.9080,0.476,2.0497
112.9082,0.5484,2.3638
112.9084,0.5169,2.233
112.9086,0.4671,2.0152
112.9088,0.4614,1.9913
112.9090,0.4592,1.9811
112.9092,0.4972,2.1431
112.9094,0.5481,2.3633
112.9096,0.5596,2.4107
112.9098,0.5755,2.4817
112.9100,0.5277,2.2786
112.9102,0.47,2.0267
112.9104,0.4912,2.1212
112.9106,0.4691,2.0245
112.9108,0.4715,2.031
112.9110,0.5372,2.3141
112.9112,0.5486,2.3632
112.9114,0.5772,2.4878
112.9116,0.6157,2.6487
112.9118,0.6671,2.8714
112.9120,0.7018,3.0247
112.9122,0.6203,2.6721
112.9124,0.6072,2.6133
112.9126,0.5962,2.5682
112.9128,0.5825,2.5094
112.9130,0.552,2.3793
112.9132,0.5409,2.3301
112.9134,0.5476,2.3601
112.9136,0.5911,2.5477
112.9138,0.5891,2.5366
112.9140,0.6007,2.5831
112.9142,0.7159,3.0785
112.9144,0.742,3.1845
112.9146,0.7607,3.2693
112.9148,0.7211,3.1021
112.9150,0.684,2.94
112.9152,0.7075,3.0439
112.9154,0.6251,2.694
112.9156,0.596,2.5665
112.9158,0.6412,2.7599
112.9160,0.5882,2.5341
112.9162,0.5705,2.4588
112.9164,0.5336,2.3007
112.9166,0.4846,2.0898
112.9168,0.4824,2.0829
112.9170,0.4724,2.0389
112.9172,0.4669,2.0151
112.9174,0.4671,2.0152
112.9176,0.4698,2.0276
112.9178,0.4757,2.052
112.9180,0.4735,2.0408
112.9182,0.5525,2.3769
112.9184,0.559,2.4115
112.9186,0.4356,1.8809
112.9188,0.4132,1.785
112.9190,0.3862,1.6684
112.9192,0.4077,1.7595
112.9194,0.4195,1.8124
112.9196,0.4028,1.7383
112.9198,0.3963,1.7095
112.9200,0.3763,1.6232
112.9202,0.397,1.7126
112.9204,0.4321,1.8642
112.9206,0.4855,2.0934
112.9208,0.5246,2.263
112.9210,0.4813,2.0744
112.9212,0.5236,2.2515
112.9214,0.665,2.8581
112.9216,0.6547,2.8125
112.9218,0.717,3.0817
112.9220,0.7218,3.1009
112.9222,0.7561,3.2452
112.9224,0.8376,3.5918
112.9226,0.9209,3.9431
112.9228,0.9351,4.0042
112.9230,0.9188,3.9344
112.9232,1.017,4.3488
112.9234,1.0952,4.683
112.9236,1.1054,4.7288
112.9238,1.085,4.646
112.9240,1.0758,4.6021
112.9242,1.0404,4.4508
112.9244,1.0203,4.3626
112.9246,1.0977,4.696
112.9248,1.0996,4.6998
112.9250,1.1651,4.9773
112.9252,1.177,5.0421
112.9254,1.0151,4.3507
112.9256,0.9416,4.0376
112.9258,0.9252,3.9708
112.9260,0.8794,3.7742
112.9262,0.7917,3.4012
112.9264,0.8002,3.4346
112.9266,0.905,3.8735
112.9268,0.9481,4.071
112.9270,0.8566,3.6747
112.9272,0.8952,3.8422
112.9274,0.8953,3.8409
112.9276,0.8711,3.7387
112.9278,0.8886,3.8085
112.9280,0.9327,3.9995
112.9282,0.9375,4.0145
112.9284,1.1092,4.7475
112.9286,1.1108,4.7519
112.9288,1.0735,4.5881
112.9290,1.1141,4.7663
112.9292,1.1313,4.8464
112.9294,0.9928,4.2551
112.9296,0.9767,4.1902
112.9298,0.9291,3.9915
112.9300,0.8315,3.5756
112.9302,0.8342,3.5819
112.9304,0.8351,3.5894
112.9306,0.823,3.539
112.9308,0.8115,3.4862
112.9310,0.7798,3.3549
112.9312,0.7938,3.4116
112.9314,0.8105,3.4886
112.9316,0.6923,2.9797
112.9318,0.7277,3.1305
112.9320,0.7396,3.1801
112.9322,0.7501,3.2255
112.9324,0.7523,3.2348
112.9326,0.7864,3.3817
112.9328,0.7936,3.4126
112.9330,0.7808,3.359
112.9332,0.7634,3.2888
112.9334,0.7583,3.2651
112.9336,0.705,3.0358
112.9338,0.6803,2.9295
112.9340,0.6722,2.8944
112.9342,0.6813,2.9336
112.9344,0.6863,2.9512
112.9346,0.8327,3.5774
112.9348,0.8349,3.595
112.9350,0.6748,2.9071
112.9352,0.6373,2.748
112.9354,0.6054,2.608
112.9356,0.585,2.5225
112.9358,0.5458,2.3535
112.9360,0.5307,2.2905
112.9362,0.5275,2.2775
112.9364,0.5269,2.2718
112.9366,0.534,2.3049
112.9368,0.5414,2.3365
112.9370,0.5291,2.2827
112.9372,0.5295,2.2853
112.9374,0.5285,2.2811
112.9376,0.5295,2.2842
112.9378,0.5733,2.4661
112.9380,0.6916,2.978
112.9382,0.6363,2.7451
112.9384,0.5428,2.3384
112.9386,0.5953,2.5646
112.9388,0.5715,2.4664
112.9390,0.5609,2.4186
112.9392,0.5565,2.3995
112.9394,0.5428,2.3416
112.9396,0.5508,2.3752
112.9398,0.591,2.5484
112.9400,0.5577,2.4058
112.9402,0.5424,2.3412
112.9404,0.5441,2.3451
112.9406,0.5617,2.4211
112.9408,0.5167,2.2278
112.9410,0.5201,2.2397
112.9412,0.5995,2.5827
112.9414,0.6309,2.7155
112.9416,0.6478,2.7896
112.9418,0.6391,2.7506
112.9420,0.6441,2.7736
112.9422,0.6584,2.8337
112.9424,0.658,2.8335
112.9426,0.6727,2.8951
112.9428,0.6556,2.8231
112.9430,0.6602,2.8401
112.9432,0.7055,3.0365
112.9434,0.7014,3.0218
112.9436,0.6801,2.9271
112.9438,0.6344,2.733
112.9440,0.6104,2.6309
112.9442,0.6165,2.6548
112.9444,0.67,2.8811
112.9446,0.7253,3.1202
112.9448,0.7151,3.0806
112.9450,0.665,2.8621
112.9452,0.7268,3.1225
112.9454,0.8075,3.4692
112.9456,0.8221,3.5282
112.9458,0.8545,3.6711
112.9460,0.7822,3.3637
112.9462,0.768,3.3038
112.9464,0.7517,3.2322
112.9466,0.7616,3.2735
112.9468,0.7778,3.3446
112.9470,0.728,3.1335
112.9472,0.7061,3.0334
112.9474,0.7261,3.1209
112.9476,0.7102,3.058
112.9478,0.6959,2.9938
112.9480,0.739,3.1775
112.9482,0.7542,3.246
112.9484,0.6412,2.7663
112.9486,0.5796,2.497
112.9488,0.6324,2.7204
112.9490,0.6617,2.8508
112.9492,0.6249,2.6922
112.9494,0.6324,2.7217
112.9496,0.6902,2.9704
112.9498,0.6875,2.9591
112.9500,0.6975,3.0005
112.9502,0.639,2.7552
112.9504,0.5791,2.4984
112.9506,0.539,2.324
112.9508,0.5368,2.3126
112.9510,0.5986,2.5774
112.9512,0.6581,2.8366
112.9514,0.6127,2.6383
112.9516,0.5826,2.5134
112.9518,0.512,2.2097
112.9520,0.4936,2.1296
112.9522,0.543,2.3383
112.9524,0.5201,2.2449
112.9526,0.4806,2.0741
112.9528,0.4482,1.9353
112.9530,0.4681,2.0222
112.9532,0.4535,1.9581
112.9534,0.4717,2.0358
112.9536,0.479,2.0665
112.9538,0.5267,2.2713
112.9540,0.5524,2.3786
112.9542,0.5897,2.5415
112.9544,0.5502,2.3693
112.9546,0.6222,2.6754
112.9548,0.6872,2.9562
112.9550,0.7108,3.0564
112.9552,0.753,3.2348
112.9554,0.7436,3.1976
112.9556,0.7694,3.31
112.9558,0.6914,2.977
112.9560,0.665,2.8554
112.9562,0.8075,3.466
112.9564,0.8866,3.8033
112.9566,0.9134,3.9149
112.9568,0.9621,4.1216
112.9570,1.0032,4.2958
112.9572,0.9801,4.2006
112.9574,0.8722,3.7451
112.9576,0.8182,3.52
112.9578,0.7542,3.2415
112.9580,0.7972,3.4297
112.9582,0.7513,3.2306
112.9584,0.7435,3.1956
112.9586,0.8114,3.4808
112.9588,0.9292,3.9865
112.9590,0.8779,3.7663
112.9592,0.9045,3.8751
112.9594,0.9602,4.1192
112.9596,0.8873,3.8135
112.9598,0.8521,3.6608
112.9600,0.8559,3.6734
112.9602,0.8427,3.6168
112.9604,0.8206,3.5303
112.9606,0.7579,3.256
112.9608,0.8321,3.5731
112.9610,0.8459,3.6307
112.9612,0.8563,3.6771
112.9614,0.8681,3.7276
112.9616,0.8882,3.8123
112.9618,0.8927,3.8278
112.9620,0.9219,3.9496
112.9622,0.9724,4.1716
112.9624,0.9318,3.9991
112.9626,0.9331,4.0085
112.9628,0.8719,3.7458
112.9630,0.8605,3.6934
112.9632,0.8623,3.7046
112.9634,0.8465,3.6366
112.9636,0.8691,3.7317
112.9638,0.8102,3.4838
112.9640,0.7707,3.3142
112.9642,0.7868,3.3817
112.9644,0.838,3.6
112.9646,0.881,3.7797
112.9648,0.8868,3.8132
112.9650,0.8192,3.5159
112.9652,0.9354,4.0108
112.9654,0.9557,4.1001
112.9656,0.9379,4.0197
112.9658,0.9848,4.2246
112.9660,0.8975,3.8609
112.9662,0.771,3.3183
112.9664,0.7223,3.1131
112.9666,0.6415,2.7648
112.9668,0.679,2.9265
112.9670,0.631,2.7211
112.9672,0.6071,2.6189
112.9674,0.6043,2.607
112.9676,0.5882,2.5353
112.9678,0.6463,2.7829
112.9680,0.7356,3.1646
112.9682,0.7002,3.0194
112.9684,0.5227,2.2558
112.9686,0.4832,2.0894
112.9688,0.4379,1.8934
112.9690,0.4147,1.7917
112.9692,0.4964,2.1415
112.9694,0.5653,2.4389
112.9696,0.552,2.3815
112.9698,0.5218,2.2501
112.9700,0.562,2.421
112.9702,0.6454,2.7805
112.9704,0.611,2.6347
112.9706,0.5189,2.2418
112.9708,0.4583,1.9806
112.9710,0.4544,1.9622
112.9712,0.5217,2.2516
112.9714,0.4854,2.0958
112.9716,0.5295,2.2832
112.9718,0.5567,2.4005
112.9720,0.5399,2.3271
112.9722,0.5599,2.4134
112.9724,0.5474,2.3613
112.9726,0.5541,2.3891
112.9728,0.5638,2.4322
112.9730,0.4778,2.0632
112.9732,0.4556,1.9674
112.9734,0.4565,1.9683
112.9736,0.4534,1.9585
112.9738,0.4559,1.9694
112.9740,0.4569,1.9722
112.9742,0.4535,1.9581
112.9744,0.4531,1.9565
112.9746,0.4517,1.9512
112.9748,0.4478,1.932
112.9750,0.4523,1.952
112.9752,0.4981,2.1477
112.9754,0.4765,2.0556
112.9756,0.4799,2.0701
112.9758,0.5266,2.2729
112.9760,0.4633,2.0005
112.9762,0.4821,2.0818
112.9764,0.4535,1.9581
112.9766,0.4453,1.922
112.9768,0.4637,2.0012
112.9770,0.4647,2.0068
112.9772,0.4563,1.9687
112.9774,0.4584,1.9802
112.9776,0.4463,1.9261
112.9778,0.4548,1.9629
112.9780,0.4655,2.0071
112.9782,0.5121,2.2061
112.9784,0.5583,2.4039
112.9786,0.6013,2.5892
112.9788,0.6251,2.6915
112.9790,0.6216,2.674
112.9792,0.6688,2.8786
112.9794,0.6677,2.8753
112.9796,0.5705,2.4577
112.9798,0.5417,2.3337
112.9800,0.5836,2.514
112.9802,0.6045,2.6008
112.9804,0.5971,2.5724
112.9806,0.6113,2.6321
112.9808,0.6459,2.78
112.9810,0.6614,2.8426
112.9812,0.7435,3.1971
112.9814,0.7134,3.072
112.9816,0.646,2.778
112.9818,0.6489,2.7929
112.9820,0.6104,2.6285
112.9822,0.6549,2.8174
112.9824,0.6704,2.884
112.9826,0.6982,3.0022
112.9828,0.7249,3.1129
112.9830,0.7651,3.2899
112.9832,0.7153,3.076
112.9834,0.6532,2.8076
112.9836,0.6658,2.8683
112.9838,0.5951,2.5624
112.9840,0.5828,2.5132
112.9842,0.5908,2.5426
112.9844,0.6044,2.6015
112.9846,0.6164,2.6592
112.9848,0.5517,2.3755
112.9850,0.5794,2.4971
112.9852,0.5144,2.2149
112.9854,0.5725,2.4688
112.9856,0.5531,2.3861
112.9858,0.5146,2.2201
112.9860,0.4657,2.0118
112.9862,0.399,1.7238
112.9864,0.4086,1.7628
112.9866,0.4108,1.7721
112.9868,0.4281,1.8466
112.9870,0.477,2.0577
112.9872,0.5134,2.2087
112.9874,0.6044,2.6027
112.9876,0.6259,2.6963
112.9878,0.6121,2.6345
112.9880,0.6444,2.7694
112.9882,0.6866,2.9522
112.9884,0.7122,3.0611
112.9886,0.7414,3.1864
112.9888,0.7167,3.0802
112.9890,0.7164,3.0763
112.9892,0.7885,3.3842
112.9894,0.8671,3.7183
112.9896,0.8917,3.8255
112.9898,0.845,3.6249
112.9900,0.8851,3.7936
112.9902,0.9614,4.1128
112.9904,0.9794,4.1976
112.9906,0.9232,3.9515
112.9908,1.0036,4.2994
112.9910,0.986,4.2258
112.9912,0.941,4.0369
112.9914,0.8905,3.8168
112.9916,0.9253,3.9658
112.9918,0.9291,3.9804
112.9920,0.917,3.9358
112.9922,0.876,3.7563
112.9924,0.8842,3.8001
112.9926,0.8201,3.5249
112.9928,0.8128,3.4886
112.9930,0.8107,3.4794
112.9932,0.8297,3.5612
112.9934,0.8525,3.6658
112.9936,0.752,3.2307
112.9938,0.7869,3.3822
112.9940,0.8344,3.5813
112.9942,0.8766,3.7606
112.9944,0.8487,3.6408
112.9946,0.8662,3.7176
112.9948,0.8469,3.6348
112.9950,0.8038,3.45
112.9952,0.8729,3.7447
112.9954,0.8982,3.8568
112.9956,0.8699,3.7371
112.9958,0.7804,3.3512
112.9960,0.831,3.5685
112.9962,0.8527,3.66
112.9964,0.8602,3.6936
112.9966,0.8387,3.6065
112.9968,0.7296,3.1388
112.9970,0.7111,3.0593
112.9972,0.7524,3.2368
112.9974,0.7771,3.3384
112.9976,0.8345,3.5851
112.9978,0.8271,3.5532
112.9980,0.8362,3.5906
112.9982,0.7952,3.4225
112.9984,0.6843,2.9438
112.9986,0.6977,3.003
112.9988,0.6766,2.9148
112.9990,0.6736,2.8979
112.9992,0.7029,3.0237
112.9994,0.6724,2.8941
112.9996,0.7183,3.0874
112.9998,0.7833,3.3667
113.0000,0.7446,3.2032
113.0002,0.6988,3.0104
113.0004,0.6155,2.6551
113.0006,0.5783,2.4924
113.0008,0.6002,2.581
113.0010,0.7378,3.1738
113.0012,0.7575,3.2605
113.0014,0.6553,2.8229
113.0016,0.6006,2.5849
113.0018,0.6952,2.9963
113.0020,0.6656,2.866
113.0022,0.6613,2.8461
113.0024,0.6608,2.8453
113.0026,0.6701,2.8843
113.0028,0.6905,2.9761
113.0030,0.6609,2.8445
113.0032,0.6876,2.9637
113.0034,0.6122,2.6387
113.0036,0.6111,2.6328
113.0038,0.6255,2.696
113.0040,0.6583,2.8305
113.0042,0.7212,3.107
113.0044,0.6222,2.6803
113.0046,0.6272,2.6983
113.0048,0.677,2.9164
113.0050,0.6275,2.7005
113.0052,0.6653,2.8636
113.0054,0.6349,2.7402
113.0056,0.5433,2.3426
113.0058,0.5438,2.3447
113.0060,0.5285,2.279
113.0062,0.5795,2.4964
113.0064,0.6345,2.7335
113.0066,0.6452,2.7808
113.0068,0.5656,2.4399
113.0070,0.5366,2.3147
113.0072,0.5336,2.2986
113.0074,0.6098,2.6222
113.0076,0.6312,2.7229
113.0078,0.5382,2.322
113.0080,0.5259,2.2666
113.0082,0.5225,2.2553
113.0084,0.5218,2.2532
113.0086,0.5234,2.2568
113.0088,0.5265,2.2692
113.0090,0.5283,2.278
113.0092,0.5288,2.2811
113.0094,0.5393,2.3245
113.0096,0.5986,2.5774
113.0098,0.6356,2.7344
113.0100,0.6573,2.8304
113.0102,0.6304,2.7198
113.0104,0.555,2.3922
113.0106,0.5578,2.4018
113.0108,0.6321,2.7245
113.0110,0.568,2.4446
113.0112,0.6108,2.6288
113.0114,0.6119,2.631
113.0116,0.6745,2.9001
113.0118,0.7379,3.1744
113.0120,0.7035,3.0277
113.0122,0.6656,2.8633
113.0124,0.659,2.8336
113.0126,0.7144,3.0704
113.0128,0.7228,3.105
113.0130,0.7878,3.3858
113.0132,0.8227,3.5275
113.0134,0.906,3.8849
113.0136,0.9001,3.8633
113.0138,0.8619,3.6974
113.0140,0.8632,3.7013
113.0142,0.9003,3.8715
113.0144,0.751,3.2291
113.0146,0.6761,2.9087
113.0148,0.7026,3.0255
113.0150,0.6745,2.9069
113.0152,0.6559,2.8229
113.0154,0.6553,2.8177
113.0156,0.662,2.8545
113.0158,0.5605,2.4171
113.0160,0.5652,2.435
113.0162,0.5843,2.5171
113.0164,0.6254,2.6955
113.0166,0.5508,2.3752
113.0168,0.554,2.392
113.0170,0.4893,2.1109
113.0172,0.4836,2.0832
113.0174,0.5246,2.263
113.0176,0.4897,2.1154
113.0178,0.4155,1.794
113.0180,0.3927,1.6964
113.0182,0.3876,1.6754
113.0184,0.4093,1.7684
113.0186,0.3892,1.6814
113.0188,0.4011,1.7326
113.0190,0.3905,1.6863
113.0192,0.388,1.6762
113.0194,0.3971,1.7132
113.0196,0.439,1.8937
113.0198,0.5086,2.1932
113.0200,0.5289,2.2806
113.0202,0.5412,2.3295
113.0204,0.5635,2.43
113.0206,0.5616,2.4161
113.0208,0.7128,3.0609
113.0210,0.6984,3.0005
113.0212,0.7055,3.0323
113.0214,0.7307,3.1376
113.0216,0.781,3.3522
113.0218,0.8097,3.4752
113.0220,0.8237,3.5305
113.0222,0.9529,4.0821
113.0224,0.9331,3.9973
113.0226,0.9465,4.0567
113.0228,0.9821,4.2074
113.0230,0.9715,4.1636
113.0232,0.9818,4.2019
113.0234,1.0611,4.5396
113.0236,1.0657,4.559
113.0238,1.0999,4.703
113.0240,1.1356,4.849
113.0242,1.1547,4.935
113.0244,1.1367,4.8604
113.0246,1.1242,4.8251
113.0248,0.9386,4.0285
113.0250,0.8918,3.8224
113.0252,0.953,4.0864
113.0254,0.9928,4.2531
113.0256,0.9828,4.2105
113.0258,0.9785,4.192
113.0260,0.962,4.1269
113.0262,1.0093,4.326
113.0264,1.0506,4.5028
113.0266,1.0067,4.3087
113.0268,1.0376,4.4411
113.0270,1.0721,4.5841
113.0272,1.1255,4.8173
113.0274,1.0735,4.6053
113.0276,0.98,4.2138
113.0278,0.9188,3.9399
113.0280,0.9244,3.9659
113.0282,0.9219,3.9514
113.0284,0.9545,4.0969
113.0286,0.9223,3.9603
113.0288,0.8218,3.5354
113.0290,0.7886,3.3941
113.0292,0.7432,3.2015
113.0294,0.6906,2.9725
113.0296,0.7494,3.2224
113.0298,0.7815,3.3621
113.0300,0.7725,3.325
113.0302,0.7352,3.1645
113.0304,0.7246,3.1171
113.0306,0.7635,3.2863
113.0308,0.7119,3.0667
113.0310,0.6959,2.9966
113.0312,0.7525,3.2358
113.0314,0.7788,3.3456
113.0316,0.9045,3.8823
113.0318,0.8397,3.6073
113.0320,0.8611,3.7046
113.0322,0.7728,3.3276
113.0324,0.7134,3.072
113.0326,0.7197,3.0974
113.0328,0.715,3.0773
113.0330,0.7176,3.0901
113.0332,0.7107,3.0615
113.0334,0.6344,2.7317
113.0336,0.6607,2.8448
113.0338,0.7173,3.0828
113.0340,0.6354,2.7448
113.0342,0.4923,2.1229
113.0344,0.5837,2.5192
113.0346,0.5123,2.2133
113.0348,0.4755,2.0543
113.0350,0.4739,2.0452
113.0352,0.4611,1.9912
113.0354,0.4644,2.0071
113.0356,0.4645,2.0067
113.0358,0.4769,2.0591
113.0360,0.4674,2.0172
113.0362,0.527,2.2755
113.0364,0.4892,2.1124
113.0366,0.4687,2.0229
113.0368,0.4604,1.989
113.0370,0.4535,1.9581
113.0372,0.4494,1.9387
113.0374,0.4844,2.0936
113.0376,0.447,1.9319
113.0378,0.4444,1.9187
113.0380,0.4637,2.0012
113.0382,0.4583,1.9797
113.0384,0.4603,1.9867
113.0386,0.481,2.0733
113.0388,0.491,2.1201
113.0390,0.4409,1.9064
113.0392,0.4342,1.8765
113.0394,0.4486,1.936
113.0396,0.4526,1.9545
113.0398,0.4577,1.9753
113.0400,0.5091,2.1973
113.0402,0.48,2.0706
113.0404,0.4619,1.9925
113.0406,0.4854,2.0948
113.0408,0.4652,2.0088
113.0410,0.484,2.0882
113.0412,0.558,2.404
113.0414,0.5752,2.479
113.0416,0.5731,2.4714
113.0418,0.5905,2.5416
113.0420,0.6458,2.7808
113.0422,0.6045,2.602
113.0424,0.6295,2.7093
113.0426,0.6319,2.726
113.0428,0.5506,2.3742
113.0430,0.5345,2.3038
113.0432,0.5379,2.3172
113.0434,0.5894,2.5405
113.0436,0.5893,2.5388
113.0438,0.5864,2.5252
113.0440,0.6229,2.6834
113.0442,0.6086,2.6183
113.0444,0.7015,3.0139
113.0446,0.7137,3.0716
113.0448,0.6613,2.8487
113.0450,0.6457,2.7777
113.0452,0.6635,2.8532
113.0454,0.6349,2.7338
113.0456,0.5872,2.5307
113.0458,0.6044,2.6015
113.0460,0.6644,2.8542
113.0462,0.7388,3.1755
113.0464,0.7396,3.1801
113.0466,0.7822,3.3605
113.0468,0.7578,3.2554
113.0470,0.7291,3.1353
113.0472,0.7165,3.0825
113.0474,0.6284,2.7097
113.0476,0.5675,2.4471
113.0478,0.5667,2.4412
113.0480,0.5751,2.4773
113.0482,0.5438,2.3479
113.0484,0.48,2.0725
113.0486,0.4715,2.0339
113.0488,0.4724,2.0361
113.0490,0.4733,2.0416
113.0492,0.4824,2.0809
113.0494,0.4759,2.053
113.0496,0.5195,2.2371
113.0498,0.5739,2.4722
113.0500,0.5771,2.4838
113.0502,0.6144,2.6492
113.0504,0.4825,2.0834
113.0506,0.4168,1.7988
113.0508,0.4249,1.8349
113.0510,0.4168,1.8013
113.0512,0.438,1.8895
113.0514,0.4874,2.1007
113.0516,0.4975,2.1451
113.0518,0.5053,2.1767
113.0520,0.5598,2.4128
113.0522,0.5163,2.2253
113.0524,0.5153,2.2232
113.0526,0.4519,1.9505
113.0528,0.4382,1.8897
113.0530,0.4834,2.0827
113.0532,0.5309,2.2894
113.0534,0.5375,2.3146
113.0536,0.6302,2.7112
113.0538,0.5957,2.5626
113.0540,0.6392,2.7486
113.0542,0.6932,2.982
113.0544,0.7206,3.0958
113.0546,0.7429,3.1886
113.0548,0.7909,3.3929
113.0550,0.8537,3.6573
113.0552,0.9374,4.0102
113.0554,0.9795,4.1902
113.0556,1.0204,4.3692
113.0558,0.9856,4.2263
113.0560,0.9698,4.1526
113.0562,0.9861,4.2204
113.0564,1.0234,4.3841
113.0566,0.9444,4.0475
113.0568,0.932,3.9908
113.0570,0.9625,4.1309
113.0572,0.8498,3.6505
113.0574,0.8053,3.4594
113.0576,0.8049,3.4579
113.0578,0.812,3.4866
113.0580,0.8177,3.5146
113.0582,0.803,3.448
113.0584,0.8157,3.501
113.0586,0.8623,3.6994
113.0588,0.8977,3.8548
113.0590,0.8267,3.5516
113.0592,0.8326,3.5735
113.0594,0.8379,3.5995
113.0596,0.7688,3.3044
113.0598,0.7998,3.4293
113.0600,0.8819,3.7815
113.0602,0.9185,3.942
113.0604,0.9133,3.9199
113.0606,0.8735,3.7525
113.0608,0.8328,3.5779
113.0610,0.8363,3.5945
113.0612,0.8161,3.5025
113.0614,0.8222,3.5304
113.0616,0.8158,3.5031
113.0618,0.8086,3.4738
113.0620,0.8111,3.483
113.0622,0.8186,3.5199
113.0624,0.7754,3.3358
113.0626,0.7568,3.2528
113.0628,0.8481,3.6382
113.0630,0.9259,3.9721
113.0632,0.926,3.9689
113.0634,0.9348,4.0101
113.0636,0.921,3.9565
113.0638,0.8876,3.808
113.0640,0.9772,4.1864
113.0642,1.0325,4.4232
113.0644,1.05,4.496
113.0646,1.0724,4.5899
113.0648,0.9542,4.0992
113.0650,0.9126,3.9186
113.0652,0.9173,3.9332
113.0654,0.9591,4.1069
113.0656,1.074,4.5987
113.0658,1.0433,4.4736
113.0660,0.9139,3.9206
113.0662,0.9177,3.9316
113.0664,1.0063,4.3112
113.0666,1.0254,4.4072
113.0668,0.8194,3.5317
113.0670,0.6346,2.7353
113.0672,0.5969,2.5749
113.0674,0.5906,2.5504
113.0676,0.5727,2.4681
113.0678,0.5868,2.5291
113.0680,0.6001,2.5889
113.0682,0.6162,2.6582
113.0684,0.6006,2.5922
113.0686,0.5188,2.2392
113.0688,0.5116,2.2102
113.0690,0.521,2.2465
113.0692,0.5911,2.5454
113.0694,0.6557,2.8236
113.0696,0.6408,2.7642
113.0698,0.6205,2.6719
113.0700,0.7137,3.0673
113.0702,0.6989,3.0151
113.0704,0.5958,2.5679
113.0706,0.643,2.7663
113.0708,0.7243,3.1161
113.0710,0.7489,3.2203
113.0712,0.8051,3.4605
113.0714,0.7963,3.4272
113.0716,0.6898,2.973
113.0718,0.6251,2.6952
113.0720,0.6182,2.667
113.0722,0.6093,2.6238
113.0724,0.6665,2.8688
113.0726,0.6579,2.8316
113.0728,0.6692,2.8801
113.0730,0.696,2.9971
113.0732,0.6717,2.8963
113.0734,0.6006,2.5874
113.0736,0.5911,2.5489
113.0738,0.5945,2.5622
113.0740,0.6453,2.78
113.0742,0.6669,2.8663
113.0744,0.7284,3.1365
113.0746,0.6338,2.733
113.0748,0.6225,2.6844
113.0750,0.617,2.6594
113.0752,0.5828,2.5121
113.0754,0.6036,2.6039
113.0756,0.5887,2.5374
113.0758,0.5872,2.5283
113.0760,0.6068,2.6154
113.0762,0.5852,2.5224
113.0764,0.5954,2.5651
113.0766,0.6693,2.882
113.0768,0.6932,2.9847
113.0770,0.6191,2.6669
113.0772,0.6211,2.6732
113.0774,0.7098,3.0522
113.0776,0.747,3.2091
113.0778,0.7512,3.2301
113.0780,0.7586,3.2651
113.0782,0.7259,3.1257
113.0784,0.7099,3.0528
113.0786,0.7321,3.1496
113.0788,0.7664,3.291
113.0790,0.8643,3.7094
113.0792,0.8316,3.5711
113.0794,0.8448,3.6294
113.0796,0.8428,3.619
113.0798,0.9349,4.0162
113.0800,0.8721,3.7428
113.0802,0.8237,3.5387
113.0804,0.897,3.8499
113.0806,0.9518,4.0832
113.0808,0.8993,3.8597
113.0810,0.8673,3.7257
113.0812,0.8922,3.8275
113.0814,0.9795,4.2
113.0816,0.9538,4.0938
113.0818,0.7966,3.4351
113.0820,0.6266,2.7007
113.0822,0.6065,2.6127
113.0824,0.6543,2.8122
113.0826,0.8105,3.4886
113.0828,0.7367,3.1692
113.0830,0.7298,3.1442
113.0832,0.6719,2.8933
113.0834,0.7146,3.08
113.0836,0.6559,2.8215
113.0838,0.677,2.9191
113.0840,0.6331,2.7273
113.0842,0.6481,2.7854
113.0844,0.7832,3.3678
113.0846,0.7893,3.3988
113.0848,0.7215,3.1095
113.0850,0.5753,2.483
113.0852,0.535,2.3091
113.0854,0.551,2.3768
113.0856,0.5519,2.3798
113.0858,0.5307,2.2894
113.0860,0.5159,2.2268
113.0862,0.5269,2.2728
113.0864,0.5832,2.5113
113.0866,0.6942,2.9838
113.0868,0.7427,3.2039
113.0870,0.6614,2.8466
113.0872,0.7128,3.0651
113.0874,0.7205,3.0996
113.0876,0.7827,3.3673
113.0878,0.8006,3.4361
113.0880,0.9586,4.0991
113.0882,1.1205,4.7979
113.0884,1.1025,4.7187
113.0886,1.0703,4.5785
113.0888,1.0915,4.6693
113.0890,1.0746,4.6013
113.0892,1.0849,4.6498
113.0894,1.0262,4.4005
113.0896,1.0328,4.4206
113.0898,1.0885,4.663
113.0900,1.0573,4.5274
113.0902,1.0778,4.6022
113.0904,1.2182,5.2091
113.0906,1.1639,4.9791
113.0908,1.1824,5.0629
113.0910,1.1668,4.9985
113.0912,1.1448,4.9022
113.0914,1.0581,4.5394
113.0916,0.9725,4.1741
113.0918,0.9772,4.1922
113.0920,1.0238,4.3944
113.0922,0.9918,4.253
113.0924,0.9809,4.214
113.0926,0.9131,3.9262
113.0928,0.9017,3.8754
113.0930,0.9314,3.9976
113.0932,0.9234,3.9594
113.0934,1.0161,4.3589
113.0936,0.9532,4.097
113.0938,0.8314,3.5784
113.0940,0.8438,3.6248
113.0942,0.9067,3.897
113.0944,0.8827,3.7957
113.0946,0.843,3.6301
113.0948,0.7577,3.264
113.0950,0.726,3.1262
113.0952,0.7304,3.1438
113.0954,0.7894,3.3993
113.0956,0.8217,3.5349
113.0958,0.8262,3.5496
113.0960,0.8188,3.5275
113.0962,0.7605,3.2719
113.0964,0.8481,3.6484
113.0966,0.8165,3.5111
113.0968,0.7894,3.4009
113.0970,0.7813,3.3611
113.0972,0.8126,3.4957
113.0974,0.7171,3.0937
113.0976,0.6325,2.7273
113.0978,0.6748,2.9057
113.0980,0.7194,3.0978
113.0982,0.7396,3.1816
113.0984,0.7638,3.2858
113.0986,0.7243,3.1233
113.0988,0.6367,2.7467
113.0990,0.6279,2.7089
113.0992,0.6263,2.7004
113.0994,0.6386,2.7511
113.0996,0.6463,2.788
113.0998,0.5966,2.5715
113.1000,0.6878,2.9615
113.1002,0.6779,2.9232
113.1004,0.6384,2.7526
113.1006,0.6301,2.7182
113.1008,0.5887,2.5386
113.1010,0.6173,2.6629
113.1012,0.6231,2.6882
113.1014,0.621,2.6776
113.1016,0.6215,2.6797
113.1018,0.6236,2.689
113.1020,0.6428,2.7743
113.1022,0.6016,2.5951
113.1024,0.5878,2.5333
113.1026,0.6553,2.8255
113.1028,0.6289,2.7155
113.1030,0.5632,2.4284
113.1032,0.5722,2.4672
113.1034,0.5656,2.4388
113.1036,0.5914,2.5511
113.1038,0.6212,2.6774
113.1040,0.656,2.8286
113.1042,0.6075,2.6222
113.1044,0.5801,2.5013
113.1046,0.6033,2.6004
113.1048,0.621,2.6764
113.1050,0.6349,2.7427
113.1052,0.5207,2.2485
113.1054,0.4952,2.1402
113.1056,0.4773,2.064
113.1058,0.4784,2.0667
113.1060,0.4781,2.0633
113.1062,0.4797,2.0724
113.1064,0.4771,2.0591
113.1066,0.4748,2.0512
113.1068,0.4781,2.0652
113.1070,0.5171,2.2278
113.1072,0.6569,2.8314
113.1074,0.5701,2.4607
113.1076,0.4755,2.0553
113.1078,0.4722,2.0389
113.1080,0.4722,2.0389
113.1082,0.4722,2.0379
113.1084,0.4692,2.0269
113.1086,0.4705,2.0326
113.1088,0.4761,2.0559
113.1090,0.4736,2.0451
113.1092,0.4715,2.0367
113.1094,0.4704,2.0302
113.1096,0.4697,2.0252
113.1098,0.5129,2.2108
113.1100,0.5663,2.4408
113.1102,0.5797,2.4998
113.1104,0.6114,2.6302
113.1106,0.7077,3.0458
113.1108,0.708,3.0516
113.1110,0.6345,2.7348
113.1112,0.5954,2.5651
113.1114,0.5962,2.5647
113.1116,0.6995,3.0079
113.1118,0.7292,3.1358
113.1120,0.7338,3.1539
113.1122,0.7764,3.3368
113.1124,0.8071,3.4655
113.1126,0.8676,3.7238
113.1128,0.8266,3.5495
113.1130,0.8031,3.4502
113.1132,0.8333,3.58
113.1134,0.7806,3.3549
113.1136,0.7698,3.31
113.1138,0.694,2.987
113.1140,0.698,3.0068
113.1142,0.6406,2.7612
113.1144,0.6066,2.6168
113.1146,0.5245,2.2604
113.1148,0.5149,2.2191
113.1150,0.5197,2.2428
113.1152,0.5194,2.2418
113.1154,0.5254,2.2677
113.1156,0.5165,2.2284
113.1158,0.5122,2.2097
113.1160,0.5448,2.3526
113.1162,0.4753,2.0533
113.1164,0.423,1.824
113.1166,0.4861,2.0989
113.1168,0.4191,1.8103
113.1170,0.4115,1.7785
113.1172,0.4188,1.8093
113.1174,0.4779,2.0589
113.1176,0.5441,2.3495
113.1178,0.4363,1.8832
113.1180,0.4463,1.9279
113.1182,0.3948,1.7057
113.1184,0.3929,1.6958
113.1186,0.4162,1.7971
113.1188,0.4218,1.8206
113.1190,0.4355,1.8813
113.1192,0.4086,1.7653
113.1194,0.4248,1.8327
113.1196,0.488,2.1043
113.1198,0.5695,2.4524
113.1200,0.6217,2.6683
113.1202,0.6902,2.9732
113.1204,0.6358,2.7341
113.1206,0.7439,3.1912
113.1208,0.8742,3.7539
113.1210,0.8747,3.7542
113.1212,0.9195,3.9393
113.1214,0.9858,4.2194
113.1216,0.9892,4.2397
113.1218,0.9604,4.1164
113.1220,0.9529,4.084
113.1222,0.9386,4.0247
113.1224,0.9123,3.9176
113.1226,0.9085,3.892
113.1228,0.9452,4.0568
113.1230,0.8816,3.7823
113.1232,0.9222,3.9469
113.1234,1.0122,4.3404
113.1236,0.9493,4.0686
113.1238,1.0235,4.3867
113.1240,1.0247,4.398
113.1242,0.9338,4.0041
113.1244,0.9435,4.0458
113.1246,0.9991,4.2863
113.1248,0.9686,4.1455
113.1250,0.9689,4.1548
113.1252,0.899,3.8586
113.1254,0.9036,3.88
113.1256,0.9115,3.9103
113.1258,0.9548,4.0922
113.1260,0.9827,4.2198
113.1262,0.8628,3.7067
113.1264,0.8695,3.7286
113.1266,0.9029,3.8715
113.1268,0.948,4.0648
113.1270,0.9922,4.2565
113.1272,0.9789,4.2033
113.1274,0.933,4.0061
113.1276,0.9336,4.0068
113.1278,0.8524,3.6619
113.1280,0.8622,3.7058
113.1282,0.8567,3.6821
113.1284,0.8959,3.8453
113.1286,0.8753,3.762
113.1288,0.8692,3.7322
113.1290,0.8953,3.8498
113.1292,0.7628,3.2847
113.1294,0.7358,3.1671
113.1296,0.7531,3.2384
113.1298,0.7988,3.43
113.1300,0.8506,3.6558
113.1302,0.8792,3.7755
113.1304,0.9141,3.9253
113.1306,0.9077,3.8975
113.1308,0.8864,3.8064
113.1310,0.909,3.9068
113.1312,0.8326,3.5785
113.1314,0.8282,3.5595
113.1316,0.8362,3.5957
113.1318,0.8381,3.6056
113.1320,0.8199,3.5239
113.1322,0.8343,3.5841
113.1324,0.8747,3.7629
113.1326,0.8755,3.7543
113.1328,0.9417,4.0381
113.1330,0.9844,4.2211
113.1332,1.0429,4.4741
113.1334,0.9334,4.0119
113.1336,0.8634,3.7144
113.1338,0.8426,3.6179
113.1340,0.8632,3.7082
113.1342,0.8096,3.4861
113.1344,0.6839,2.9477
113.1346,0.6061,2.6147
113.1348,0.6013,2.5941
113.1350,0.6251,2.6927
113.1352,0.638,2.7549
113.1354,0.5312,2.2947
113.1356,0.5048,2.1787
113.1358,0.5218,2.2501
113.1360,0.567,2.4473
113.1362,0.5554,2.3959
113.1364,0.5647,2.434
113.1366,0.6362,2.7446
113.1368,0.5876,2.5374
113.1370,0.5523,2.3825
113.1372,0.5517,2.3788
113.1374,0.5474,2.3613
113.1376,0.5784,2.4906
113.1378,0.6441,2.7761
113.1380,0.6562,2.831
113.1382,0.6075,2.6222
113.1384,0.5556,2.3959
113.1386,0.555,2.3955
113.1388,0.548,2.3639
113.1390,0.5784,2.4953
113.1392,0.5629,2.4263
113.1394,0.5362,2.3132
113.1396,0.5325,2.2993
113.1398,0.5916,2.5474
113.1400,0.6523,2.8074
113.1402,0.6844,2.9498
113.1404,0.6623,2.8547
113.1406,0.6346,2.7302
113.1408,0.6906,2.9739
113.1410,0.7025,3.0236
113.1412,0.7045,3.0324
113.1414,0.6945,2.989
113.1416,0.7221,3.1063
113.1418,0.7857,3.3786
113.1420,0.7792,3.3476
113.1422,0.7751,3.3374
113.1424,0.7122,3.0626
113.1426,0.7633,3.2761
113.1428,0.808,3.4713
113.1430,0.862,3.7048
113.1432,0.8758,3.7553
113.1434,0.9815,4.2048
113.1436,1.0019,4.2942
113.1438,0.939,4.0375
113.1440,0.8056,3.4642
113.1442,0.8125,3.4887
113.1444,0.8555,3.6701
113.1446,0.9261,3.9749
113.1448,0.9556,4.1073
113.1450,0.8239,3.5409
113.1452,0.8247,3.5379
113.1454,0.9567,4.1043
113.1456,0.9715,4.1675
113.1458,0.8921,3.8377
113.1460,0.7206,3.1044
113.1462,0.6748,2.9071
113.1464,0.6929,2.9754
113.1466,0.8177,3.5212
113.1468,0.7243,3.1175
113.1470,0.7556,3.2447
113.1472,0.8446,3.6267
113.1474,0.759,3.2667
113.1476,0.7367,3.1722
113.1478,0.7224,3.1064
113.1480,0.7645,3.2919
113.1482,0.7643,3.2863
113.1484,0.7747,3.3327
113.1486,0.7336,3.1587
113.1488,0.7191,3.0963
113.1490,0.6813,2.9309
113.1492,0.734,3.1608
113.1494,0.6812,2.9413
113.1496,0.5144,2.2211
113.1498,0.5534,2.386
113.1500,0.6042,2.6041
113.1502,0.6084,2.6246
113.1504,0.5486,2.3676
113.1506,0.4941,2.1336
113.1508,0.4924,2.1264
113.1510,0.5008,2.1616
113.1512,0.552,2.3804
113.1514,0.5723,2.4677
113.1516,0.5974,2.5734
113.1518,0.6071,2.6189
113.1520,0.5138,2.2165
113.1522,0.5036,2.1725
113.1524,0.5059,2.1823
113.1526,0.5475,2.3596
113.1528,0.6131,2.6398
113.1530,0.6363,2.7362
113.1532,0.7048,3.0376
113.1534,0.6573,2.829
113.1536,0.6707,2.8882
113.1538,0.6387,2.7491
113.1540,0.7152,3.0769
113.1542,0.7456,3.2104
113.1544,0.7164,3.0792
113.1546,0.806,3.4625
113.1548,0.8519,3.6547
113.1550,0.9448,4.0533
113.1552,0.9803,4.2036
113.1554,0.9993,4.2849
113.1556,0.9579,4.1017
113.1558,1.0105,4.3292
113.1560,1.0545,4.5198
113.1562,1.0662,4.5696
113.1564,1.0565,4.5238
113.1566,1.0571,4.5263
113.1568,1.0409,4.4529
113.1570,1.1421,4.8812
113.1572,1.2133,5.1905
113.1574,1.2031,5.1493
113.1576,1.1677,4.9979
113.1578,1.132,4.845
113.1580,1.0786,4.6295
113.1582,0.9898,4.2462
113.1584,0.9791,4.2024
113.1586,0.9355,4.0226
113.1588,0.8364,3.5984
113.1590,0.8087,3.4792
113.1592,0.7974,3.4302
113.1594,0.7736,3.3312
113.1596,0.7113,3.0627
113.1598,0.7906,3.3997
113.1600,0.7777,3.3409
113.1602,0.802,3.4519
113.1604,0.8102,3.4838
113.1606,0.877,3.7692
113.1608,0.931,3.9942
113.1610,0.9361,4.0214
113.1612,0.8872,3.813
113.1614,0.9264,3.9778
113.1616,0.952,4.0842
113.1618,0.939,4.0375
113.1620,0.8364,3.5967
113.1622,0.8735,3.7578
113.1624,0.8562,3.6749
113.1626,0.8855,3.8058
113.1628,0.8894,3.8192
113.1630,0.9427,4.0516
113.1632,0.8386,3.6077
113.1634,0.7807,3.3632
113.1636,0.7367,3.1692
113.1638,0.7571,3.2599
113.1640,0.7843,3.3708
113.1642,0.8784,3.7754
113.1644,0.8988,3.8594
113.1646,0.8958,3.8501
113.1648,0.8571,3.6939
113.1650,0.7191,3.1006
113.1652,0.6742,2.9045
113.1654,0.6836,2.9421
113.1656,0.7604,3.2759
113.1658,0.7741,3.3317
113.1660,0.7713,3.3214
113.1662,0.6906,2.9767
113.1664,0.7204,3.0991
113.1666,0.7346,3.1692
113.1668,0.6069,2.6232
113.1670,0.534,2.3081
113.1672,0.4737,2.0484
113.1674,0.4258,1.841
113.1676,0.4263,1.844
113.1678,0.4306,1.8618
113.1680,0.4634,1.9974
113.1682,0.5614,2.4252
113.1684,0.4846,2.0946
113.1686,0.4729,2.0439
113.1688,0.4749,2.0536
113.1690,0.4731,2.0449
113.1692,0.476,2.0573
113.1694,0.4739,2.0471
113.1696,0.4763,2.0565
113.1698,0.5316,2.2914
113.1700,0.543,2.3459
113.1702,0.5029,2.1694
113.1704,0.6137,2.6412
113.1706,0.6528,2.816
113.1708,0.5408,2.3361
113.1710,0.5126,2.2123
113.1712,0.5218,2.2532
113.1714,0.493,2.127
113.1716,0.5281,2.277
113.1718,0.5798,2.5015
113.1720,0.6054,2.608
113.1722,0.6309,2.7193
113.1724,0.6032,2.6011
113.1726,0.6151,2.6523
113.1728,0.5607,2.4187
113.1730,0.4899,2.1155
113.1732,0.4742,2.0467
113.1734,0.4578,1.9776
113.1736,0.4569,1.974
113.1738,0.4649,2.0054
113.1740,0.4692,2.0269
113.1742,0.4746,2.0492
113.1744,0.4676,2.0201
113.1746,0.4857,2.0964
113.1748,0.4712,2.0338
113.1750,0.474,2.0457
113.1752,0.5038,2.1745
113.1754,0.4971,2.1456
113.1756,0.4848,2.0922
113.1758,0.4813,2.0782
113.1760,0.4709,2.0341
113.1762,0.4554,1.9673
113.1764,0.4627,1.9952
113.1766,0.5228,2.2553
113.1768,0.4998,2.1559
113.1770,0.5077,2.187
113.1772,0.5445,2.3456
113.1774,0.6704,2.8866
113.1776,0.7101,3.0547
113.1778,0.7251,3.1148
113.1780,0.7183,3.0874
113.1782,0.7267,3.1293
113.1784,0.6301,2.7169
113.1786,0.5854,2.5218
113.1788,0.6424,2.7651
113.1790,0.688,2.957
113.1792,0.7807,3.3538
113.1794,0.8073,3.4714
113.1796,0.7008,3.0192
113.1798,0.631,2.711
113.1800,0.7194,3.0892
113.1802,0.8017,3.444
113.1804,0.7977,3.4302
113.1806,0.7001,3.0133
113.1808,0.6844,2.9484
113.1810,0.6532,2.8128
113.1812,0.6209,2.6709
113.1814,0.6721,2.8912
113.1816,0.6933,2.9853
113.1818,0.718,3.0859
113.1820,0.7283,3.1287
113.1822,0.7735,3.326
113.1824,0.7283,3.1375
113.1826,0.5945,2.5634
113.1828,0.5378,2.3199
113.1830,0.5563,2.3979
113.1832,0.5902,2.5424
113.1834,0.603,2.5977
113.1836,0.5962,2.573
113.1838,0.5206,2.2459
113.1840,0.4945,2.1352
113.1842,0.4935,2.13
113.1844,0.5492,2.3669
113.1846,0.5571,2.4021
113.1848,0.5024,2.1653
113.1850,0.5025,2.1678
113.1852,0.555,2.3922
113.1854,0.5486,2.3621
113.1856,0.529,2.2843
113.1858,0.4164,1.7989
113.1860,0.4169,1.8002
113.1862,0.4631,1.9967
113.1864,0.5085,2.1876
113.1866,0.6605,2.8443
113.1868,0.6151,2.6499
113.1870,0.6039,2.5994
113.1872,0.6288,2.705
113.1874,0.6456,2.7772
113.1876,0.7182,3.0883
113.1878,0.7863,3.378
113.1880,0.8045,3.4547
113.1882,0.8204,3.526
113.1884,0.7953,3.4119
113.1886,0.8992,3.8502
113.1888,0.9475,4.059
113.1890,0.9641,4.1323
113.1892,0.9784,4.1954
113.1894,0.9565,4.0994
113.1896,0.9007,3.8658
113.1898,0.9036,3.8764
113.1900,0.9271,3.9735
113.1902,0.9211,3.9496
113.1904,0.8854,3.8053
113.1906,0.8621,3.6967
113.1908,0.9502,4.0708
113.1910,0.9559,4.0987
113.1912,0.8936,3.8355
113.1914,0.8403,3.6082
113.1916,0.8029,3.4523
113.1918,0.7746,3.3276
113.1920,0.8125,3.4952
113.1922,0.8218,3.5305
113.1924,0.8694,3.7315
113.1926,0.8543,3.6667
113.1928,0.8533,3.6677
113.1930,0.7995,3.4363
113.1932,0.7948,3.4146
113.1934,0.7953,3.4151
113.1936,0.8257,3.5486
113.1938,0.84,3.6071
113.1940,0.8807,3.7817
113.1942,0.8298,3.57
113.1944,0.7806,3.3564
113.1946,0.8274,3.5531
113.1948,0.8135,3.4933
113.1950,0.8424,3.6191
113.1952,0.8185,3.5177
113.1954,0.8209,3.5231
113.1956,0.8651,3.7165
113.1958,0.8557,3.6763
113.1960,0.8351,3.5894
113.1962,0.7285,3.137
113.1964,0.682,2.9354
113.1966,0.7379,3.1729
113.1968,0.7493,3.2219
113.1970,0.7477,3.2152
113.1972,0.8038,3.4532
113.1974,0.8218,3.5338
113.1976,0.7824,3.3626
113.1978,0.8174,3.5114
113.1980,0.8304,3.5693
113.1982,0.7927,3.4117
113.1984,0.7784,3.3472
113.1986,0.8195,3.5256
113.1988,0.7313,3.1475
113.1990,0.6999,3.0164
113.1992,0.648,2.7901
113.1994,0.6286,2.7095
113.1996,0.6217,2.6783
113.1998,0.7041,3.0233
113.2000,0.7604,3.2789
113.2002,0.6085,2.6251
113.2004,0.5771,2.4884
113.2006,0.6361,2.7377
113.2008,0.6516,2.8056
113.2010,0.6506,2.8028
113.2012,0.6565,2.8241
113.2014,0.6719,2.892
113.2016,0.6849,2.9505
113.2018,0.7017,3.02
113.2020,0.6995,3.0121
113.2022,0.6327,2.7258
113.2024,0.6627,2.8562
113.2026,0.6553,2.8203
113.2028,0.6886,2.9637
113.2030,0.653,2.8092
113.2032,0.729,3.1391
113.2034,0.703,3.0257
113.2036,0.7386,3.176
113.2038,0.7609,3.2749
113.2040,0.6578,2.8377
113.2042,0.5514,2.3778
113.2044,0.5398,2.3276
113.2046,0.5368,2.3168
113.2048,0.5429,2.3432
113.2050,0.5409,2.3334
113.2052,0.5464,2.3572
113.2054,0.551,2.3779
113.2056,0.5397,2.326
113.2058,0.5386,2.3225
113.2060,0.553,2.3834
113.2062,0.5814,2.5082
113.2064,0.5765,2.4812
113.2066,0.6127,2.6456
113.2068,0.5382,2.322
113.2070,0.5273,2.2739
113.2072,0.5271,2.2739
113.2074,0.5257,2.2666
113.2076,0.5249,2.2635
113.2078,0.5259,2.2677
113.2080,0.5261,2.2676
113.2082,0.5287,2.2817
113.2084,0.527,2.2744
113.2086,0.5281,2.2748
113.2088,0.6174,2.6584
113.2090,0.6336,2.7332
113.2092,0.5486,2.3643
113.2094,0.5318,2.293
113.2096,0.53,2.2831
113.2098,0.6007,2.5879
113.2100,0.5779,2.492
113.2102,0.5952,2.5665
113.2104,0.5981,2.5777
113.2106,0.5661,2.4386
113.2108,0.6205,2.6706
113.2110,0.7205,3.0967
113.2112,0.7228,3.1094
113.2114,0.6898,2.9689
113.2116,0.674,2.9035
113.2118,0.6284,2.7072
113.2120,0.6099,2.6252
113.2122,0.6663,2.8691
113.2124,0.6643,2.859
113.2126,0.6888,2.962
113.2128,0.7369,3.1643
113.2130,0.8128,3.487
113.2132,0.8318,3.5733
113.2134,0.7274,3.1309
113.2136,0.7271,3.1221
113.2138,0.8216,3.5311
113.2140,0.759,3.2621
113.2142,0.7387,3.1795
113.2144,0.7454,3.2024
113.2146,0.8457,3.6313
113.2148,0.8164,3.5073
113.2150,0.6917,2.9827
113.2152,0.5785,2.4946
113.2154,0.5712,2.4619
113.2156,0.5614,2.4196
113.2158,0.5549,2.3928
113.2160,0.5641,2.4337
113.2162,0.547,2.3608
113.2164,0.5403,2.3275
113.2166,0.5501,2.3754
113.2168,0.481,2.0781
113.2170,0.4686,2.0214
113.2172,0.4707,2.0326
113.2174,0.4596,1.9845
113.2176,0.4571,1.9727
113.2178,0.4608,1.9869
113.2180,0.4682,2.0199
113.2182,0.4886,2.1098
113.2184,0.4775,2.0626
113.2186,0.4538,1.9578
113.2188,0.4806,2.0703
113.2190,0.5706,2.4548
113.2192,0.5986,2.581
113.2194,0.5597,2.4123
113.2196,0.5439,2.343
113.2198,0.6036,2.5979
113.2200,0.5659,2.4415
113.2202,0.5177,2.2325
113.2204,0.5644,2.4268
113.2206,0.7156,3.0727
113.2208,0.848,3.6377
113.2210,0.8607,3.6905
113.2212,0.8517,3.652
113.2214,0.9237,3.9628
113.2216,0.8904,3.8162
113.2218,0.95,4.0736
113.2220,0.9676,4.1453
113.2222,0.9536,4.089
113.2224,0.9261,3.9657
113.2226,1.0403,4.4441
113.2228,1.1694,4.9981
113.2230,1.1255,4.824
113.2232,1.006,4.3096
113.2234,1.0167,4.3554
113.2236,1.0463,4.4759
113.2238,1.1095,4.7529
113.2240,1.0503,4.4955
113.2242,1.0676,4.5694
113.2244,1.0731,4.593
113.2246,1.1107,4.7536
113.2248,1.1277,4.822
113.2250,1.1092,4.7541
113.2252,0.9938,4.2652
113.2254,0.9071,3.8949
113.2256,0.833,3.5767
113.2258,0.8609,3.6967
113.2260,0.8313,3.5745
113.2262,0.8327,3.5774
113.2264,0.8656,3.7151
113.2266,0.8801,3.7773
113.2268,0.9133,3.9235
113.2270,0.8366,3.5955
113.2272,0.7819,3.3559
113.2274,0.85,3.6533
113.2276,0.8845,3.8017
113.2278,0.8545,3.6711
113.2280,0.8392,3.6069
113.2282,0.8221,3.5332
113.2284,0.8428,3.6207
113.2286,0.8117,3.4889
113.2288,0.7289,3.1386
113.2290,0.7456,3.2089
113.2292,0.7191,3.0991
113.2294,0.6747,2.9079
113.2296,0.702,3.0229
113.2298,0.7631,3.2796
113.2300,0.8115,3.4846
113.2302,0.8444,3.6324
113.2304,0.7042,3.0322
113.2306,0.6682,2.8747
113.2308,0.7204,3.1034
113.2310,0.6764,2.9152
113.2312,0.68,2.9279
113.2314,0.6843,2.9438
113.2316,0.7192,3.0968
113.2318,0.6989,3.0095
113.2320,0.7453,3.2093
113.2322,0.6897,2.9684
113.2324,0.687,2.9598
113.2326,0.7192,3.0982
113.2328,0.6818,2.9316
113.2330,0.758,3.2641
113.2332,0.6934,2.9899
113.2334,0.5952,2.5677
113.2336,0.5004,2.1595
113.2338,0.492,2.1243
113.2340,0.4911,2.1207
113.2342,0.487,2.1021
113.2344,0.4971,2.1456
113.2346,0.4944,2.1356
113.2348,0.4336,1.8739
113.2350,0.4078,1.7616
113.2352,0.4218,1.8222
113.2354,0.4549,1.9643
113.2356,0.4481,1.9348
113.2358,0.4469,1.9296
113.2360,0.4489,1.9384
113.2362,0.4426,1.9119
113.2364,0.4459,1.9255
113.2366,0.4465,1.9263
113.2368,0.4498,1.9429
113.2370,0.4562,1.9682
113.2372,0.5078,2.1916
113.2374,0.4746,2.0521
113.2376,0.4542,1.9612
113.2378,0.4807,2.0747
113.2380,0.4386,1.8948
113.2382,0.4482,1.9353
113.2384,0.4659,2.0119
113.2386,0.4556,1.9656
113.2388,0.452,1.9519
113.2390,0.4843,2.0892
113.2392,0.5301,2.2857
113.2394,0.5674,2.4465
113.2396,0.5475,2.3618
113.2398,0.4826,2.0849
113.2400,0.4681,2.0184
113.2402,0.5557,2.3908
113.2404,0.6207,2.6741
113.2406,0.585,2.5202
113.2408,0.5828,2.5097
113.2410,0.5891,2.5389
113.2412,0.6123,2.6392
113.2414,0.5894,2.5393
113.2416,0.5981,2.5753
113.2418,0.6223,2.6796
113.2420,0.559,2.4092
113.2422,0.54,2.3287
113.2424,0.5532,2.3844
113.2426,0.5748,2.4763
113.2428,0.5929,2.5495
113.2430,0.679,2.9238
113.2432,0.6625,2.8539
113.2434,0.6025,2.5956
113.2436,0.5725,2.4665
113.2438,0.6255,2.6923
113.2440,0.6494,2.7924
113.2442,0.6685,2.877
113.2444,0.6721,2.8925
113.2446,0.6716,2.8851
113.2448,0.7747,3.3296
113.2450,0.7405,3.1813
113.2452,0.7727,3.3178
113.2454,0.7982,3.4274
113.2456,0.7605,3.2673
113.2458,0.6661,2.8707
113.2460,0.6222,2.6754
113.2462,0.7066,3.044
113.2464,0.5941,2.5595
113.2466,0.5713,2.4636
113.2468,0.5894,2.5393
113.2470,0.5691,2.4504
113.2472,0.591,2.5437
113.2474,0.6316,2.7186
113.2476,0.6199,2.6693
113.2478,0.5969,2.5737
113.2480,0.5731,2.4691
113.2482,0.5731,2.4679
113.2484,0.5487,2.367
113.2486,0.5005,2.157
113.2488,0.4891,2.1109
113.2490,0.4048,1.7503
113.2492,0.426,1.8361
113.2494,0.5547,2.3928
113.2496,0.4631,2.0004
113.2498,0.4067,1.7578
113.2500,0.4,1.728
113.2502,0.391,1.6876
113.2504,0.4029,1.7388
113.2506,0.4587,1.9754
113.2508,0.5616,2.4172
113.2510,0.5506,2.3753
113.2512,0.5029,2.1724
113.2514,0.4248,1.8344
113.2516,0.4083,1.7629
113.2518,0.409,1.7652
113.2520,0.4167,1.7975
113.2522,0.474,2.0409
113.2524,0.5442,2.3446
113.2526,0.578,2.4868
113.2528,0.6434,2.7679
113.2530,0.6668,2.8605
113.2532,0.7888,3.392
113.2534,0.6488,2.7937
113.2536,0.6816,2.927
113.2538,0.7628,3.2801
113.2540,0.7452,3.1999
113.2542,0.7438,3.1937
113.2544,0.724,3.1087
113.2546,0.8738,3.7418
113.2548,0.9958,4.262
113.2550,0.9488,4.0684
113.2552,0.9357,4.0105
113.2554,0.9256,3.971
113.2556,0.8601,3.6862
113.2558,0.8911,3.8229
113.2560,0.8721,3.7394
113.2562,0.9581,4.1066
113.2564,0.931,3.9905
113.2566,0.9854,4.2213
113.2568,0.9397,4.0293
113.2570,0.891,3.8188
113.2572,0.9349,4.0088
113.2574,0.9312,3.9966
113.2576,0.868,3.7271
113.2578,0.8934,3.8327
113.2580,0.8699,3.7371
113.2582,0.8532,3.6638
113.2584,0.8439,3.6253
113.2586,0.8228,3.5313
113.2588,0.8176,3.5157
113.2590,0.7598,3.2688
113.2592,0.7586,3.2575
113.2594,0.834,3.5797
113.2596,0.8796,3.7718
113.2598,0.9284,3.9847
113.2600,0.8643,3.7111
113.2602,0.8294,3.5563
113.2604,0.8802,3.7778
113.2606,0.8306,3.5648
113.2608,0.8767,3.7682
113.2610,0.824,3.5381
113.2612,0.8464,3.6378
113.2614,0.8176,3.5108
113.2616,0.8465,3.64
113.2618,0.7782,3.3446
113.2620,0.7729,3.3173
113.2622,0.839,3.6058
113.2624,0.7875,3.3848
113.2626,0.8261,3.5507
113.2628,0.8611,3.6943
113.2630,0.8722,3.7399
113.2632,0.912,3.916
113.2634,0.8324,3.5725
113.2636,0.8797,3.774
113.2638,0.9519,4.0818
113.2640,1.008,4.3224
113.2642,0.9204,3.9539
113.2644,0.8117,3.4905
113.2646,0.7918,3.4001
113.2648,0.8375,3.598
113.2650,0.8316,3.5678
113.2652,0.8192,3.5192
113.2654,0.7687,3.3085
113.2656,0.7133,3.0743
113.2658,0.6542,2.8156
113.2660,0.7168,3.0778
113.2662,0.803,3.4593
113.2664,0.6887,2.9656
113.2666,0.6352,2.7366
113.2668,0.5815,2.5064
113.2670,0.5778,2.4915
113.2672,0.6709,2.886
113.2674,0.6956,2.9965
113.2676,0.6428,2.7692
113.2678,0.6101,2.6294
113.2680,0.5771,2.4873
113.2682,0.5809,2.5061
113.2684,0.5906,2.5457
113.2686,0.577,2.4879
113.2688,0.4952,2.1383
113.2690,0.4945,2.1292
113.2692,0.6935,2.9821
113.2694,0.7382,3.1759
113.2696,0.6307,2.7183
113.2698,0.5451,2.3504
113.2700,0.5474,2.3602
113.2702,0.5687,2.4545
113.2704,0.5488,2.3642
113.2706,0.6116,2.6324
113.2708,0.6131,2.6435
113.2710,0.5501,2.3732
113.2712,0.5411,2.3333
113.2714,0.5385,2.3209
113.2716,0.5451,2.3493
113.2718,0.6143,2.6462
113.2720,0.6526,2.8089
113.2722,0.6508,2.8025
113.2724,0.6575,2.8288
113.2726,0.7131,3.0747
113.2728,0.5742,2.4749
113.2730,0.5758,2.4781
113.2732,0.6314,2.7201
113.2734,0.6342,2.7345
113.2736,0.5586,2.4088
113.2738,0.5362,2.3121
113.2740,0.5352,2.308
113.2742,0.5373,2.3189
113.2744,0.5241,2.2599
113.2746,0.532,2.2919
113.2748,0.5303,2.2868
113.2750,0.5248,2.264
113.2752,0.5254,2.2677
113.2754,0.5277,2.2754
113.2756,0.5266,2.2708
113.2758,0.526,2.2682
113.2760,0.5561,2.3935
113.2762,0.6645,2.8574
113.2764,0.6812,2.9304
113.2766,0.6427,2.7648
113.2768,0.6474,2.7888
113.2770,0.7035,3.0263
113.2772,0.7855,3.3744
113.2774,0.7579,3.256
113.2776,0.7834,3.3688
113.2778,0.8005,3.4388
113.2780,0.8246,3.5407
113.2782,0.7956,3.4177
113.2784,0.7393,3.182
113.2786,0.6481,2.7932
113.2788,0.6265,2.6989
113.2790,0.6367,2.7365
113.2792,0.7767,3.3368
113.2794,0.8356,3.5864
113.2796,0.8731,3.7562
113.2798,0.696,2.993
113.2800,0.6784,2.9226
113.2802,0.632,2.7227
113.2804,0.6508,2.8012
113.2806,0.6393,2.7555
113.2808,0.5854,2.5218
113.2810,0.6429,2.7645
113.2812,0.6912,2.9737
113.2814,0.6699,2.8846
113.2816,0.6984,3.0047
113.2818,0.7079,3.0497
113.2820,0.5511,2.3806
113.2822,0.4827,2.0844
113.2824,0.5165,2.2242
113.2826,0.6633,2.8575
113.2828,0.6452,2.7743
113.2830,0.7125,3.0636
113.2832,0.6623,2.8534
113.2834,0.5902,2.5448
113.2836,0.5284,2.2785
113.2838,0.5277,2.2733
113.2840,0.5499,2.3744
113.2842,0.5055,2.1798
113.2844,0.5304,2.2852
113.2846,0.5367,2.3185
113.2848,0.4144,1.7901
113.2850,0.4075,1.7606
113.2852,0.4034,1.7425
113.2854,0.4356,1.8801
113.2856,0.5349,2.3021
113.2858,0.6798,2.922
113.2860,0.6749,2.9049
113.2862,0.6132,2.6404
113.2864,0.6436,2.7664
113.2866,0.743,3.1921
113.2868,0.7743,3.3281
113.2870,0.7846,3.3677
113.2872,0.8544,3.6689
113.2874,0.8055,3.4621
113.2876,0.7506,3.2215
113.2878,0.837,3.5892
113.2880,0.8839,3.792
113.2882,0.8617,3.7003
113.2884,0.8255,3.5448
113.2886,0.805,3.4568
113.2888,0.8438,3.6248
113.2890,0.8343,3.5807
113.2892,0.875,3.747
113.2894,0.9686,4.1474
113.2896,1.0562,4.5143
113.2898,1.1481,4.9114
113.2900,1.1131,4.7639
113.2902,1.1001,4.7063
113.2904,1.043,4.4725
113.2906,0.9277,3.9798
113.2908,0.9232,3.9552
113.2910,0.9825,4.2109
113.2912,0.9716,4.1622
113.2914,0.9647,4.1445
113.2916,0.8674,3.7262
113.2918,0.8593,3.6866
113.2920,0.8926,3.8344
113.2922,0.9169,3.928
113.2924,1.0831,4.6334
113.2926,1.1097,4.7517
113.2928,1.0121,4.3439
113.2930,0.9679,4.1521
113.2932,0.9707,4.1683
113.2934,0.8579,3.6873
113.2936,0.7773,3.3425
113.2938,0.7815,3.3606
113.2940,0.8207,3.5259
113.2942,0.802,3.4487
113.2944,0.7366,3.1687
113.2946,0.7603,3.2693
113.2948,0.8137,3.4971
113.2950,0.8255,3.5498
113.2952,0.7754,3.3358
113.2954,0.7031,3.0276
113.2956,0.7348,3.158
113.2958,0.8097,3.4785
113.2960,0.8432,3.6256
113.2962,0.7834,3.3704
113.2964,0.7592,3.2692
113.2966,0.6969,2.998
113.2968,0.7201,3.1009
113.2970,0.7152,3.0812
113.2972,0.7065,3.0392
113.2974,0.7724,3.3214
113.2976,0.6892,2.9705
113.2978,0.648,2.7927
113.2980,0.6813,2.9363
113.2982,0.6673,2.8719
113.2984,0.6896,2.972
113.2986,0.6066,2.6168
113.2988,0.5472,2.3619
113.2990,0.5223,2.2532
113.2992,0.5263,2.2703
113.2994,0.5055,2.1818
113.2996,0.5818,2.5039
113.2998,0.6703,2.8888
113.3000,0.6165,2.6585
113.3002,0.5998,2.5849
113.3004,0.605,2.6089
113.3006,0.5472,2.3608
113.3008,0.5267,2.2744
113.3010,0.5291,2.2816
113.3012,0.5663,2.4408
113.3014,0.5825,2.5128
113.3016,0.5331,2.3008
113.3018,0.5264,2.2718
113.3020,0.5518,2.3771
113.3022,0.5763,2.4836
113.3024,0.6008,2.5872
113.3026,0.6185,2.6668
113.3028,0.6237,2.6858
113.3030,0.7001,3.0091
113.3032,0.7683,3.3085
113.3034,0.637,2.7482
113.3036,0.5144,2.2221
113.3038,0.465,2.0078
113.3040,0.4603,1.9858
113.3042,0.4718,2.0364
113.3044,0.4663,2.0144
113.3046,0.4471,1.9307
113.3048,0.4426,1.9101
113.3050,0.4408,1.9041
113.3052,0.4478,1.9347
113.3054,0.4451,1.921
113.3056,0.4502,1.9423
113.3058,0.4454,1.9225
113.3060,0.4483,1.9349
113.3062,0.4506,1.9448
113.3064,0.4445,1.9201
113.3066,0.4436,1.9156
113.3068,0.4459,1.9255
113.3070,0.446,1.9242
113.3072,0.4495,1.9392
113.3074,0.4928,2.125
113.3076,0.5101,2.2025
113.3078,0.4538,1.9596
113.3080,0.4487,1.9365
113.3082,0.4478,1.9338
113.3084,0.4451,1.9227
113.3086,0.4508,1.944
113.3088,0.5351,2.3064
113.3090,0.5525,2.378
113.3092,0.6251,2.6902
113.3094,0.6263,2.6929
113.3096,0.6866,2.955
113.3098,0.6502,2.7999
113.3100,0.6518,2.8027
113.3102,0.6896,2.9637
113.3104,0.6798,2.9261
113.3106,0.6786,2.9209
113.3108,0.691,2.9658
113.3110,0.7947,3.4109
113.3112,0.7959,3.4208
113.3114,0.771,3.3075
113.3116,0.846,3.6362
113.3118,0.6874,2.9641
113.3120,0.5662,2.438
113.3122,0.6259,2.6901
113.3124,0.6812,2.9304
113.3126,0.6689,2.8791
113.3128,0.6639,2.8588
113.3130,0.6694,2.8771
113.3132,0.7168,3.0836
113.3134,0.6965,2.9978
113.3136,0.6794,2.924
113.3138,0.6504,2.7991
113.3140,0.6165,2.6524
113.3142,0.6105,2.6302
113.3144,0.5896,2.541
113.3146,0.5741,2.4732
113.3148,0.5442,2.3435
113.3150,0.5728,2.4664
113.3152,0.6081,2.626
113.3154,0.4737,2.0456
113.3156,0.4056,1.7515
113.3158,0.3981,1.7181
113.3160,0.4083,1.7637
113.3162,0.411,1.7765
113.3164,0.3954,1.7075
113.3166,0.4037,1.7416
113.3168,0.3948,1.7065
113.3170,0.3845,1.6612
113.3172,0.3799,1.6394
113.3174,0.3735,1.6128
113.3176,0.4129,1.7814
113.3178,0.4296,1.8551
113.3180,0.3827,1.6542
113.3182,0.3813,1.6472
113.3184,0.3779,1.6312
113.3186,0.4222,1.8196
113.3188,0.4849,2.0889
113.3190,0.5906,2.5445
113.3192,0.5447,2.3466
113.3194,0.6056,2.5957
113.3196,0.7862,3.376
113.3198,0.8026,3.4465
113.3200,0.7934,3.4053
113.3202,0.8186,3.5117
113.3204,0.8671,3.72
113.3206,0.8798,3.7728
113.3208,0.8796,3.7647
113.3210,0.946,4.0509
113.3212,0.9997,4.2829
113.3214,1.0029,4.3003
113.3216,0.9761,4.1837
113.3218,0.9098,3.9013
113.3220,0.9246,3.9627
113.3222,0.9292,3.9865
113.3224,0.8476,3.6345
113.3226,0.8928,3.8265
113.3228,0.9211,3.9515
113.3230,0.8885,3.8134
113.3232,0.9119,3.9064
113.3234,0.9888,4.2342
113.3236,0.9868,4.2255
113.3238,1.0207,4.3728
113.3240,1.0357,4.4267
113.3242,1.1266,4.8219
113.3244,1.105,4.7273
113.3246,1.0802,4.6298
113.3248,0.9856,4.2243
113.3250,1.0011,4.2886
113.3252,1.0181,4.3615
113.3254,1.0002,4.281
113.3256,1.0404,4.4612
113.3258,0.9906,4.2459
113.3260,1.018,4.3651
113.3262,0.9662,4.1488
113.3264,0.8828,3.7856
113.3266,0.897,3.8481
113.3268,0.8946,3.8414
113.3270,0.8563,3.6754
113.3272,0.887,3.8089
113.3274,0.9187,3.9412
113.3276,0.9116,3.9181
113.3278,0.8512,3.6482
113.3280,0.9777,4.1923
113.3282,0.9517,4.0865
113.3284,0.921,3.9491
113.3286,0.9538,4.0881
113.3288,0.9297,3.9885
113.3290,0.9157,3.9338
113.3292,0.8915,3.8333
113.3294,0.8194,3.5202
113.3296,0.825,3.5444
113.3298,0.8243,3.5446
113.3300,0.823,3.5406
113.3302,0.7265,3.1283
113.3304,0.7121,3.062
113.3306,0.7597,3.2682
113.3308,0.7916,3.4055
113.3310,0.7834,3.3672
113.3312,0.8334,3.5821
113.3314,0.7924,3.4075
113.3316,0.7405,3.1857
113.3318,0.6772,2.9134
113.3320,0.7091,3.052
113.3322,0.7191,3.1006
113.3324,0.6544,2.818
113.3326,0.6548,2.8195
113.3328,0.627,2.7048
113.3330,0.5658,2.4409
113.3332,0.5687,2.4511
113.3334,0.6054,2.6092
113.3336,0.6023,2.5982
113.3338,0.5854,2.5276
113.3340,0.5085,2.1957
113.3342,0.5017,2.1642
113.3344,0.4936,2.1325
113.3346,0.5083,2.1927
113.3348,0.5517,2.3788
113.3350,0.5346,2.3065
113.3352,0.529,2.2769
113.3354,0.6643,2.8576
113.3356,0.6352,2.7417
113.3358,0.5357,2.3122
113.3360,0.5356,2.3085
113.3362,0.5712,2.4619
113.3364,0.5514,2.3789
113.3366,0.5247,2.2635
113.3368,0.5358,2.3116
113.3370,0.5346,2.3065
113.3372,0.5326,2.2987
113.3374,0.5271,2.2739
113.3376,0.5231,2.2579
113.3378,0.5248,2.2661
113.3380,0.5179,2.233
113.3382,0.5128,2.2113
113.3384,0.5111,2.2061
113.3386,0.5402,2.3259
113.3388,0.6192,2.6649
113.3390,0.5975,2.5787
113.3392,0.5342,2.3044
113.3394,0.5661,2.4386
113.3396,0.6465,2.7826
113.3398,0.651,2.8017
113.3400,0.6602,2.8401
113.3402,0.7135,3.0697
113.3404,0.7397,3.1791
113.3406,0.7438,3.1982
113.3408,0.67,2.8878
113.3410,0.6121,2.6369
113.3412,0.614,2.644
113.3414,0.6577,2.8306
113.3416,0.688,2.9625
113.3418,0.6808,2.9261
113.3420,0.7152,3.074
113.3422,0.7222,3.1097
113.3424,0.689,2.9653
113.3426,0.7024,3.0259
113.3428,0.5916,2.551
113.3430,0.5709,2.4627
113.3432,0.5923,2.5482
113.3434,0.664,2.854
113.3436,0.7216,3.1013
113.3438,0.7291,3.1367
113.3440,0.6946,2.9868
113.3442,0.7669,3.3007
113.3444,0.6861,2.9543
113.3446,0.6351,2.7361
113.3448,0.6246,2.6907
113.3450,0.6185,2.6631
113.3452,0.6115,2.6295
113.3454,0.6737,2.8971
113.3456,0.6767,2.9154
113.3458,0.6531,2.8097
113.3460,0.7014,3.0204
113.3462,0.6629,2.8533
113.3464,0.6492,2.7914
113.3466,0.674,2.8994
113.3468,0.6598,2.8412
113.3470,0.6398,2.7537
113.3472,0.6899,2.9667
113.3474,0.7205,3.0996
113.3476,0.7128,3.0666
113.3478,0.7002,3.018
113.3480,0.665,2.8647
113.3482,0.6116,2.6336
113.3484,0.6049,2.6059
113.3486,0.6135,2.6431
113.3488,0.5928,2.555
113.3490,0.5062,2.1869
113.3492,0.4187,1.8088
113.3494,0.3954,1.7091
113.3496,0.3921,1.6938
113.3498,0.3917,1.6922
113.3500,0.3933,1.699
113.3502,0.3977,1.7165
113.3504,0.464,2.0027
113.3506,0.4084,1.7634
113.3508,0.4348,1.8747
113.3510,0.5115,2.2077
113.3512,0.491,2.1182
113.3514,0.4445,1.9175
113.3516,0.4694,2.0241
113.3518,0.4683,2.0204
113.3520,0.5139,2.2149
113.3522,0.5555,2.392
113.3524,0.6075,2.6125
113.3526,0.7036,3.024
113.3528,0.7296,3.1388
113.3530,0.732,3.1462
113.3532,0.7585,3.2601
113.3534,0.7201,3.0951
113.3536,0.7465,3.207
113.3538,0.7885,3.3826
113.3540,0.8433,3.6143
113.3542,0.8917,3.8237
113.3544,0.9462,4.0609
113.3546,0.9164,3.9278
113.3548,0.9252,3.9634
113.3550,0.9474,4.0603
113.3552,0.9848,4.2227
113.3554,0.9803,4.1977
113.3556,0.9532,4.0836
113.3558,1.0291,4.4047
113.3560,1.0904,4.6691
113.3562,1.083,4.6329
113.3564,1.1228,4.7987
113.3566,1.1207,4.7878
113.3568,1.1697,5.0131
113.3570,0.9779,4.1973
113.3572,0.8771,3.7662
113.3574,0.867,3.7282
113.3576,0.797,3.4255
113.3578,0.7649,3.2889
113.3580,0.7583,3.2621
113.3582,0.7406,3.1833
113.3584,0.7292,3.1358
113.3586,0.7209,3.0997
113.3588,0.8194,3.5202
113.3590,0.8054,3.4648
113.3592,0.749,3.2178
113.3594,0.7977,3.4238
113.3596,0.8729,3.7464
113.3598,0.9035,3.8759
113.3600,0.8992,3.8627
113.3602,0.82,3.5277
113.3604,0.7626,3.2776
113.3606,0.7561,3.2528
113.3608,0.7181,3.095
113.3610,0.6533,2.8146
113.3612,0.6766,2.9121
113.3614,0.6826,2.9379
113.3616,0.6834,2.9388
113.3618,0.7354,3.1621
113.3620,0.8179,3.5151
113.3622,0.8212,3.5279
113.3624,0.838,3.6068
113.3626,0.7179,3.0925
113.3628,0.6687,2.8767
113.3630,0.7167,3.0816
113.3632,0.7274,3.1295
113.3634,0.7231,3.108
113.3636,0.7339,3.1603
113.3638,0.7258,3.1208
113.3640,0.8296,3.5656
113.3642,0.7791,3.3518
113.3644,0.7577,3.258
113.3646,0.8072,3.4757
113.3648,0.6867,2.9555
113.3650,0.6608,2.8467
113.3652,0.6533,2.8146
113.3654,0.6602,2.848
113.3656,0.5904,2.5458
113.3658,0.5578,2.4085
113.3660,0.4974,2.1486
113.3662,0.4854,2.0958
113.3664,0.4909,2.1157
113.3666,0.5673,2.4449
113.3668,0.5795,2.5011
113.3670,0.5004,2.1605
113.3672,0.4773,2.0602
113.3674,0.5119,2.2061
113.3676,0.5766,2.4875
113.3678,0.5963,2.5699
113.3680,0.6077,2.6215
113.3682,0.456,1.9699
113.3684,0.408,1.7619
113.3686,0.4083,1.7637
113.3688,0.4062,1.7557
113.3690,0.4567,1.9721
113.3692,0.4779,2.0608
113.3694,0.5308,2.2899
113.3696,0.4838,2.0891
113.3698,0.4551,1.9653
113.3700,0.4536,1.9568
113.3702,0.4534,1.9558
113.3704,0.4558,1.9661
113.3706,0.5029,2.1714
113.3708,0.4625,1.996
113.3710,0.4715,2.032
113.3712,0.5477,2.3607
113.3714,0.5716,2.4658
113.3716,0.5511,2.3773
113.3718,0.5057,2.1798
113.3720,0.5087,2.1958
113.3722,0.458,1.9778
113.3724,0.4566,1.9688
113.3726,0.4833,2.0841
113.3728,0.5258,2.2671
113.3730,0.5382,2.3188
113.3732,0.5689,2.4533
113.3734,0.5476,2.3579
113.3736,0.5706,2.4571
113.3738,0.5192,2.2408
113.3740,0.483,2.0835
113.3742,0.501,2.1611
113.3744,0.4563,1.9687
113.3746,0.4668,2.0146
113.3748,0.484,2.0882
113.3750,0.4917,2.1183
113.3752,0.585,2.5179
113.3754,0.5673,2.4449
113.3756,0.5504,2.372
113.3758,0.552,2.3804
113.3760,0.537,2.3136
113.3762,0.5387,2.3219
113.3764,0.5372,2.3152
113.3766,0.5729,2.4646
113.3768,0.637,2.7393
113.3770,0.659,2.835
113.3772,0.6705,2.8858
113.3774,0.6504,2.8004
113.3776,0.6804,2.9232
113.3778,0.8018,3.4413
113.3780,0.794,3.4142
113.3782,0.6278,2.7059
113.3784,0.5315,2.2919
113.3786,0.5585,2.4049
113.3788,0.6114,2.6302
113.3790,0.6529,2.8113
113.3792,0.6216,2.679
113.3794,0.5685,2.4478
113.3796,0.6279,2.7014
113.3798,0.6379,2.7442
113.3800,0.6622,2.8489
113.3802,0.6742,2.8978
113.3804,0.6771,2.9088
113.3806,0.7115,3.0609
113.3808,0.6813,2.9309
113.3810,0.7153,3.076
113.3812,0.7087,3.0448
113.3814,0.688,2.9598
113.3816,0.6842,2.9419
113.3818,0.7252,3.1197
113.3820,0.6814,2.9287
113.3822,0.7083,3.0441
113.3824,0.6982,3.005
113.3826,0.6101,2.6306
113.3828,0.5378,2.3188
113.3830,0.5336,2.2965
113.3832,0.5591,2.4109
113.3834,0.5643,2.4331
113.3836,0.4537,1.9573
113.3838,0.4023,1.7362
113.3840,0.4022,1.7357
113.3842,0.4212,1.8205
113.3844,0.4116,1.7774
113.3846,0.4102,1.7712
113.3848,0.4075,1.7582
113.3850,0.4164,1.7981
113.3852,0.4269,1.8397
113.3854,0.5077,2.187
113.3856,0.5548,2.3889
113.3858,0.6204,2.6689
113.3860,0.6318,2.7179
113.3862,0.6053,2.6051
113.3864,0.6615,2.8445
113.3866,0.7032,3.0211
113.3868,0.7077,3.0401
113.3870,0.734,3.1505
113.3872,0.7893,3.3878
113.3874,0.812,3.4818
113.3876,0.933,3.9968
113.3878,0.9669,4.1383
113.3880,0.9809,4.2023
113.3882,0.9435,4.0458
113.3884,0.9025,3.8681
113.3886,0.929,3.978
113.3888,0.9683,4.1483
113.3890,0.9629,4.1214
113.3892,1.0587,4.5293
113.3894,1.0337,4.4283
113.3896,1.0409,4.4549
113.3898,1.0494,4.4893
113.3900,1.0563,4.5169
113.3902,1.0378,4.4437
113.3904,0.9493,4.0743
113.3906,0.8789,3.7757
113.3908,0.8356,3.5831
113.3910,0.8753,3.7567
113.3912,0.9081,3.8941
113.3914,0.9298,3.989
113.3916,0.9416,4.0376
113.3918,0.9252,3.9671
113.3920,0.8963,3.8432
113.3922,0.9151,3.9331
113.3924,0.815,3.5011
113.3926,0.8501,3.6487
113.3928,0.8319,3.5705
113.3930,0.842,3.617
113.3932,0.8609,3.695
113.3934,0.8796,3.777
113.3936,0.8426,3.6163
113.3938,0.8657,3.7173
113.3940,0.8801,3.7756
113.3942,0.9313,4.0008
113.3944,0.8615,3.7062
113.3946,0.7382,3.1744
113.3948,0.7089,3.051
113.3950,0.7367,3.1648
113.3952,0.7995,3.4395
113.3954,0.7992,3.4348
113.3956,0.8066,3.4635
113.3958,0.8432,3.6222
113.3960,0.8326,3.5752
113.3962,0.8336,3.5827
113.3964,0.7774,3.343
113.3966,0.7713,3.3121
113.3968,0.8216,3.5278
113.3970,0.8272,3.5586
113.3972,0.7718,3.3188
113.3974,0.7935,3.4089
113.3976,0.8093,3.4834
113.3978,0.7391,3.178
113.3980,0.7289,3.1386
113.3982,0.6637,2.8604
113.3984,0.5904,2.5434
113.3986,0.6707,2.8855
113.3988,0.7417,3.1924
113.3990,0.6587,2.8405
113.3992,0.5592,2.4103
113.3994,0.602,2.5935
113.3996,0.6682,2.876
113.3998,0.687,2.9584
113.4000,0.688,2.9625
113.4002,0.6825,2.9374
113.4004,0.6826,2.942
113.4006,0.6463,2.7842
113.4008,0.6826,2.9338
113.4010,0.7587,3.258
113.4012,0.7712,3.3193
113.4014,0.7039,3.0326
113.4016,0.5822,2.5106
113.4018,0.5447,2.3466
113.4020,0.7017,3.0172
113.4022,0.7752,3.3332
113.4024,0.6845,2.9462
113.4026,0.6253,2.6963
113.4028,0.5604,2.4166
113.4030,0.5314,2.2925
113.4032,0.5255,2.2682
113.4034,0.5271,2.2749
113.4036,0.5277,2.2765
113.4038,0.5292,2.2832
113.4040,0.5292,2.2832
113.4042,0.5399,2.3303
113.4044,0.5308,2.2878
113.4046,0.5417,2.337
113.4048,0.5408,2.3328
113.4050,0.5378,2.3188
113.4052,0.5488,2.3664
113.4054,0.6397,2.7519
113.4056,0.7701,3.3147
113.4058,0.7164,3.082
113.4060,0.6073,2.6187
113.4062,0.5364,2.3142
113.4064,0.5249,2.2646
113.4066,0.5258,2.2682
113.4068,0.5237,2.2583
113.4070,0.5663,2.443
113.4072,0.5351,2.3075
113.4074,0.5278,2.2749
113.4076,0.5269,2.2728
113.4078,0.5265,2.2702
113.4080,0.5261,2.2687
113.4082,0.5255,2.265
113.4084,0.5679,2.4452
113.4086,0.6531,2.8097
113.4088,0.7609,3.2719
113.4090,0.7121,3.0635
113.4092,0.6586,2.8374
113.4094,0.6409,2.7596
113.4096,0.6409,2.7571
113.4098,0.6408,2.7565
113.4100,0.6784,2.9185
113.4102,0.7163,3.0772
113.4104,0.7879,3.3847
113.4106,0.8,3.4384
113.4108,0.7774,3.3399
113.4110,0.7544,3.241
113.4112,0.7939,3.4137
113.4114,0.7217,3.1033
113.4116,0.6978,3.0035
113.4118,0.668,2.8723
113.4120,0.7721,3.3137
113.4122,0.786,3.3859
113.4124,0.665,2.8594
113.4126,0.677,2.911
113.4128,0.6873,2.9553
113.4130,0.7228,3.1079
113.4132,0.7387,3.1765
113.4134,0.7399,3.1787
113.4136,0.746,3.2109
113.4138,0.6932,2.9861
113.4140,0.6174,2.6597
113.4142,0.5681,2.4451
113.4144,0.5592,2.4114
113.4146,0.5199,2.2439
113.4148,0.5281,2.278
113.4150,0.5385,2.3241
113.4152,0.4791,2.0651
113.4154,0.5556,2.3981
113.4156,0.4619,1.9953
113.4158,0.4186,1.8066
113.4160,0.4752,2.0509
113.4162,0.4065,1.7543
113.4164,0.3916,1.6917
113.4166,0.3906,1.6884
113.4168,0.4062,1.7541
113.4170,0.4222,1.8204
113.4172,0.4501,1.9454
113.4174,0.3945,1.7041
113.4176,0.3975,1.7155
113.4178,0.399,1.723
113.4180,0.3799,1.641
113.4182,0.3722,1.6071
113.4184,0.3767,1.6267
113.4186,0.4235,1.827
113.4188,0.479,2.0636
113.4190,0.5456,2.3481
113.4192,0.679,2.9157
113.4194,0.7965,3.417
113.4196,0.791,3.395
113.4198,0.8272,3.5504
113.4200,0.8423,3.6152
113.4202,0.8067,3.4656
113.4204,0.7917,3.4012
113.4206,0.8121,3.4839
113.4208,0.8742,3.7469
113.4210,0.9143,3.913
113.4212,0.9585,4.1062
113.4214,0.9704,4.159
113.4216,0.9725,4.1663
113.4218,0.9632,4.1282
113.4220,0.9484,4.065
113.4222,0.9521,4.0828
113.4224,0.9517,4.0807
113.4226,0.978,4.188
113.4228,1.0397,4.4477
113.4230,1.1254,4.8122
113.4232,1.115,4.7743
113.4234,1.0529,4.5084
113.4236,1.0686,4.5714
113.4238,1.0738,4.5982
113.4240,1.0473,4.4806
113.4242,1.0488,4.4888
113.4244,1.1097,4.7517
113.4246,1.0298,4.418
113.4248,0.9712,4.1646
113.4250,1.0025,4.2967
113.4252,0.9593,4.1194
113.4254,0.8475,3.639
113.4256,0.8433,3.6227
113.4258,0.9138,3.9165
113.4260,1.0225,4.3826
113.4262,1.0063,4.3212
113.4264,0.8712,3.7427
113.4266,0.8387,3.5998
113.4268,0.8506,3.6558
113.4270,0.8521,3.6608
113.4272,0.821,3.5285
113.4274,0.8101,3.48
113.4276,0.8532,3.6723
113.4278,0.7821,3.3678
113.4280,0.7532,3.2389
113.4282,0.7628,3.2786
113.4284,0.7331,3.1537
113.4286,0.7458,3.2084
113.4288,0.7302,3.1443
113.4290,0.7126,3.0684
113.4292,0.7156,3.0799
113.4294,0.711,3.0645
113.4296,0.6662,2.8686
113.4298,0.705,3.0344
113.4300,0.7121,3.062
113.4302,0.7266,3.1288
113.4304,0.7098,3.0593
113.4306,0.7036,3.0325
113.4308,0.7108,3.0592
113.4310,0.6568,2.8349
113.4312,0.5911,2.5454
113.4314,0.6882,2.9649
113.4316,0.6408,2.7565
113.4318,0.6836,2.9421
113.4320,0.641,2.7627
113.4322,0.5904,2.5458
113.4324,0.529,2.2853
113.4326,0.4927,2.1284
113.4328,0.4993,2.1539
113.4330,0.553,2.3823
113.4332,0.583,2.5137
113.4334,0.6048,2.6079
113.4336,0.5906,2.548
113.4338,0.5307,2.2915
113.4340,0.5037,2.174
113.4342,0.4773,2.0621
113.4344,0.4782,2.0647
113.4346,0.4845,2.0912
113.4348,0.4963,2.1409
113.4350,0.5257,2.2666
113.4352,0.5839,2.5167
113.4354,0.5031,2.1704
113.4356,0.4821,2.0818
113.4358,0.4357,1.8815
113.4360,0.4848,2.0932
113.4362,0.4848,2.0932
113.4364,0.4581,1.9783
113.4366,0.4499,1.9444
113.4368,0.4767,2.0595
113.4370,0.4409,1.9037
113.4372,0.4285,1.8495
113.4374,0.4993,2.1509
113.4376,0.5542,2.3886
113.4378,0.5681,2.4519
113.4380,0.5499,2.3722
113.4382,0.5356,2.3085
113.4384,0.5626,2.4214
113.4386,0.6119,2.6371
113.4388,0.5822,2.5083
113.4390,0.5704,2.4538
113.4392,0.632,2.7214
113.4394,0.6626,2.8531
113.4396,0.6547,2.8164
113.4398,0.6621,2.847
113.4400,0.6737,2.8971
113.4402,0.6912,2.9723
113.4404,0.7241,3.1136
113.4406,0.727,3.1289
113.4408,0.7023,3.0198
113.4410,0.6776,2.9163
113.4412,0.677,2.911
113.4414,0.7205,3.0967
113.4416,0.7557,3.2482
113.4418,0.7993,3.4385
113.4420,0.6892,2.9649
113.4422,0.6464,2.7821
113.4424,0.6488,2.795
113.4426,0.6435,2.7723
113.4428,0.6474,2.7875
113.4430,0.6583,2.8305
113.4432,0.6987,3.0029
113.4434,0.7586,3.2575
113.4436,0.7897,3.3925
113.4438,0.8079,3.4691
113.4440,0.8044,3.4558
113.4442,0.7862,3.3807
113.4444,0.745,3.2018
113.4446,0.7812,3.3559
113.4448,0.761,3.2739
113.4450,0.7595,3.2642
113.4452,0.8067,3.4656
113.4454,0.7494,3.2254
113.4456,0.6637,2.8577
113.4458,0.6712,2.8916
113.4460,0.6529,2.8086
113.4462,0.7174,3.0876
113.4464,0.6685,2.8797
113.4466,0.6508,2.8038
113.4468,0.6302,2.7124
113.4470,0.6682,2.8707
113.4472,0.6837,2.9412
113.4474,0.6984,3.0047
113.4476,0.7364,3.1667
113.4478,0.7367,3.1633
113.4480,0.776,3.3337
113.4482,0.77,3.3111
113.4484,0.7815,3.3559
113.4486,0.8177,3.5081
113.4488,0.8535,3.6614
113.4490,0.8641,3.7089
113.4492,0.8537,3.6692
113.4494,0.7843,3.374
113.4496,0.7029,3.0223
113.4498,0.6981,3.0003
113.4500,0.6935,2.9849
113.4502,0.6257,2.6941
113.4504,0.6504,2.8056
113.4506,0.5795,2.4941
113.4508,0.6296,2.7161
113.4510,0.5451,2.3547
113.4512,0.434,1.8742
113.4514,0.4382,1.8906
113.4516,0.511,2.2005
113.4518,0.6504,2.7991
113.4520,0.6585,2.8276
113.4522,0.765,3.2894
113.4524,0.7651,3.293
113.4526,0.7182,3.0898
113.4528,0.7209,3.1011
113.4530,0.735,3.159
113.4532,0.7729,3.3219
113.4534,0.7683,3.3023
113.4536,0.7887,3.3868
113.4538,0.8126,3.4892
113.4540,0.8265,3.5556
113.4542,0.8036,3.4506
113.4544,0.8935,3.8314
113.4546,0.933,4.0024
113.4548,0.87,3.7358
113.4550,0.8481,3.6399
113.4552,0.9008,3.8646
113.4554,0.9171,3.9363
113.4556,0.8968,3.8471
113.4558,0.8941,3.8393
113.4560,0.8597,3.6916
113.4562,0.8469,3.6331
113.4564,0.9041,3.8766
113.4566,0.9095,3.9034
113.4568,0.9505,4.0737
113.4570,1.0075,4.3224
113.4572,0.933,4.0099
113.4574,0.8388,3.6037
113.4576,0.8488,3.6498
113.4578,0.8637,3.7051
113.4580,0.9393,4.0278
113.4582,0.9294,3.9926
113.4584,0.8772,3.7632
113.4586,0.8843,3.8006
113.4588,0.7996,3.44
113.4590,0.8108,3.4799
113.4592,0.876,3.7616
113.4594,0.9006,3.8689
113.4596,0.8754,3.7538
113.4598,0.9308,3.9931
113.4600,0.9165,3.9356
113.4602,0.9306,3.9958
113.4604,0.9465,4.0586
113.4606,0.9625,4.1289
113.4608,0.9438,4.0525
113.4610,0.9084,3.9024
113.4612,0.8321,3.5731
113.4614,0.8556,3.6741
113.4616,0.8687,3.7319
113.4618,0.8699,3.7388
113.4620,0.8741,3.7533
113.4622,0.9071,3.8877
113.4624,0.9789,4.1994
113.4626,0.9718,4.173
113.4628,0.9186,3.9407
113.4630,0.9532,4.0836
113.4632,0.9813,4.2195
113.4634,0.8662,3.7246
113.4636,0.8762,3.7644
113.4638,0.8815,3.787
113.4640,0.8854,3.8053
113.4642,0.8548,3.6773
113.4644,0.7761,3.3374
113.4646,0.7836,3.3709
113.4648,0.7821,3.3663
113.4650,0.8194,3.5186
113.4652,0.9049,3.8947
113.4654,0.792,3.4086
113.4656,0.7397,3.1851
113.4658,0.6698,2.8867
113.4660,0.6691,2.8823
113.4662,0.662,2.8518
113.4664,0.6767,2.914
113.4666,0.7386,3.1804
113.4668,0.7583,3.2621
113.4670,0.7406,3.1907
113.4672,0.6584,2.8337
113.4674,0.7599,3.2708
113.4676,0.6959,2.998
113.4678,0.6988,3.0118
113.4680,0.6626,2.8544
113.4682,0.7007,3.0131
113.4684,0.8057,3.4663
113.4686,0.7833,3.3746
113.4688,0.7219,3.1058
113.4690,0.7333,3.1562
113.4692,0.7274,3.1309
113.4694,0.7351,3.1654
113.4696,0.7378,3.1812
113.4698,0.6571,2.8333
113.4700,0.6276,2.7048
113.4702,0.6252,2.6945
113.4704,0.6571,2.832
113.4706,0.6813,2.935
113.4708,0.6765,2.913
113.4710,0.6786,2.9236
113.4712,0.6808,2.9329
113.4714,0.6808,2.9329
113.4716,0.6945,2.989
113.4718,0.7701,3.3162
113.4720,0.7826,3.3652
113.4722,0.8619,3.6991
113.4724,0.8722,3.7521
113.4726,0.72,3.1004
113.4728,0.6916,2.9808
113.4730,0.7023,3.0226
113.4732,0.7617,3.2755
113.4734,0.8019,3.4466
113.4736,0.8203,3.5287
113.4738,0.8059,3.4636
113.4740,0.7846,3.3787
113.4742,0.6974,3.0028
113.4744,0.6874,2.9572
113.4746,0.7393,3.1806
113.4748,0.821,3.5318
113.4750,0.8541,3.6622
113.4752,0.9509,4.0834
113.4754,0.9133,3.9217
113.4756,0.9291,3.9841
113.4758,0.9501,4.0798
113.4760,0.9038,3.8901
113.4762,0.8075,3.4708
113.4764,0.8972,3.8527
113.4766,0.9571,4.1039
113.4768,0.9814,4.2063
113.4770,0.9893,4.2442
113.4772,0.9807,4.2111
113.4774,0.9723,4.1789
113.4776,0.8864,3.817
113.4778,0.7327,3.1566
113.4780,0.7123,3.0702
113.4782,0.7085,3.0508
113.4784,0.7908,3.3987
113.4786,0.8745,3.7531
113.4788,0.9102,3.9138
113.4790,0.812,3.4931
113.4792,0.8144,3.5018
113.4794,0.8526,3.6697
113.4796,0.8114,3.4938
113.4798,0.7995,3.4379
113.4800,0.8333,3.585
113.4802,0.8013,3.4472
113.4804,0.7996,3.4448
113.4806,0.7446,3.2047
113.4808,0.7212,3.1084
113.4810,0.7237,3.1164
113.4812,0.7044,3.0347
113.4814,0.7282,3.137
113.4816,0.7581,3.2661
113.4818,0.7288,3.1366
113.4820,0.6836,2.9448
113.4822,0.6459,2.7839
113.4824,0.6727,2.8991
113.4826,0.6878,2.9601
113.4828,0.755,3.2542
113.4830,0.6786,2.9223
113.4832,0.7151,3.0821
113.4834,0.6627,2.8615
113.4836,0.5428,2.3438
113.4838,0.5337,2.3034
113.4840,0.5364,2.3174
113.4842,0.5342,2.3087
113.4844,0.5134,2.217
113.4846,0.4752,2.0528
113.4848,0.424,1.8324
113.4850,0.4529,1.9555
113.4852,0.5362,2.31
113.4854,0.6284,2.7097
113.4856,0.6138,2.6454
113.4858,0.6974,3.0056
113.4860,0.6248,2.6904
113.4862,0.6812,2.9331
113.4864,0.7013,3.0184
113.4866,0.7464,3.211
113.4868,0.7656,3.2889
113.4870,0.8158,3.5048
113.4872,0.8223,3.5342
113.4874,0.8125,3.4887
113.4876,0.9171,3.9363
113.4878,0.886,3.8096
113.4880,0.8574,3.6818
113.4882,0.9137,3.9159
113.4884,0.9447,4.0528
113.4886,0.9647,4.1387
113.4888,0.9715,4.1695
113.4890,0.9673,4.1515
113.4892,0.9451,4.0563
113.4894,0.9562,4.0984
113.4896,1.0111,4.3378
113.4898,0.999,4.2898
113.4900,0.8786,3.7782
113.4902,0.8289,3.5592
113.4904,0.8632,3.7082
113.4906,0.8519,3.6632
113.4908,0.8554,3.6782
113.4910,0.8469,3.6399
113.4912,0.8452,3.6326
113.4914,0.8804,3.7877
113.4916,0.8484,3.6432
113.4918,0.8951,3.8452
113.4920,0.846,3.6379
113.4922,0.8826,3.7934
113.4924,0.9197,3.9472
113.4926,0.9105,3.9153
113.4928,0.893,3.8311
113.4930,0.9641,4.1323
113.4932,1.0123,4.347
113.4934,0.9448,4.0647
113.4936,0.8735,3.749
113.4938,0.9331,4.0048
113.4940,0.9399,4.0379
113.4942,0.8746,3.7641
113.4944,0.8333,3.58
113.4946,0.8774,3.7678
113.4948,0.9084,3.9079
113.4950,0.8828,3.7962
113.4952,0.8342,3.5886
113.4954,0.7596,3.2738
113.4956,0.7273,3.1348
113.4958,0.7348,3.1639
113.4960,0.7239,3.1155
113.4962,0.7496,3.2234
113.4964,0.7938,3.4163
113.4966,0.7249,3.1259
113.4968,0.6453,2.78
113.4970,0.6983,3.0111
113.4972,0.701,3.0197
113.4974,0.6911,2.9787
113.4976,0.5875,2.5393
113.4978,0.5031,2.1734
113.4980,0.4822,2.0843
113.4982,0.484,2.0891
113.4984,0.5767,2.4903
113.4986,0.6068,2.6191
113.4988,0.5587,2.4127
113.4990,0.5103,2.2066
113.4992,0.4894,2.1134
113.4994,0.5363,2.3137
113.4996,0.5457,2.3519
113.4998,0.6001,2.5889
113.5000,0.596,2.5713
113.5002,0.6023,2.597
113.5004,0.5909,2.5467
113.5006,0.6284,2.7084
113.5008,0.6451,2.7841
113.5010,0.5691,2.4538
113.5012,0.5516,2.3783
113.5014,0.5589,2.4121
113.5016,0.5929,2.5543
113.5018,0.6116,2.6398
113.5020,0.5358,2.3127
113.5022,0.5721,2.4678
113.5024,0.5717,2.4652
113.5026,0.612,2.6389
113.5028,0.5876,2.5339
113.5030,0.581,2.5032
113.5032,0.6224,2.6863
113.5034,0.523,2.2615
113.5036,0.4753,2.0523
113.5038,0.4797,2.0724
113.5040,0.4789,2.0688
113.5042,0.4694,2.027
113.5044,0.5105,2.2035
113.5046,0.4791,2.0698
113.5048,0.4686,2.0233
113.5050,0.4905,2.1161
113.5052,0.5331,2.3019
113.5054,0.5233,2.2584
113.5056,0.4873,2.106
113.5058,0.4657,2.01
113.5060,0.4658,2.0105
113.5062,0.4739,2.0442
113.5064,0.4765,2.0575
113.5066,0.4758,2.0534
113.5068,0.4752,2.0509
113.5070,0.49,2.114
113.5072,0.5439,2.3463
113.5074,0.5162,2.2278
113.5076,0.4784,2.0667
113.5078,0.4795,2.0695
113.5080,0.5267,2.2702
113.5082,0.5496,2.3689
113.5084,0.5876,2.5339
113.5086,0.5824,2.5123
113.5088,0.5688,2.4527
113.5090,0.5838,2.515
113.5092,0.5697,2.4564
113.5094,0.5701,2.4584
113.5096,0.5751,2.4796
113.5098,0.5749,2.4745
113.5100,0.6294,2.7075
113.5102,0.6767,2.9086
113.5104,0.771,3.3152
113.5106,0.7788,3.3456
113.5108,0.7766,3.3363
113.5110,0.7842,3.3782
113.5112,0.6283,2.7054
113.5114,0.6074,2.6144
113.5116,0.6062,2.6128
113.5118,0.5953,2.5646
113.5120,0.5975,2.5739
113.5122,0.6416,2.7614
113.5124,0.6879,2.962
113.5126,0.6924,2.9789
113.5128,0.7024,3.0259
113.5130,0.6143,2.6475
113.5132,0.5928,2.555
113.5134,0.5938,2.5603
113.5136,0.603,2.5953
113.5138,0.6607,2.8422
113.5140,0.6887,2.9656
113.5142,0.6398,2.7563
113.5144,0.5456,2.3524
113.5146,0.5372,2.3184
113.5148,0.4782,2.0647
113.5150,0.4683,2.0195
113.5152,0.5066,2.1874
113.5154,0.4637,2.003
113.5156,0.441,1.9051
113.5158,0.4131,1.7836
113.5160,0.4037,1.744
113.5162,0.4113,1.7767
113.5164,0.4215,1.8199
113.5166,0.4496,1.9406
113.5168,0.4225,1.8254
113.5170,0.4035,1.743
113.5172,0.4251,1.8337
113.5174,0.4867,2.0996
113.5176,0.4838,2.0891
113.5178,0.4163,1.7968
113.5180,0.3952,1.7057
113.5182,0.3933,1.6966
113.5184,0.4639,1.9985
113.5186,0.5888,2.5344
113.5188,0.6051,2.6058
113.5190,0.6171,2.6537
113.5192,0.6981,3.0017
113.5194,0.7381,3.168
113.5196,0.8195,3.5174
113.5198,0.8337,3.5748
113.5200,0.8381,3.5955
113.5202,0.8444,3.6206
113.5204,0.8935,3.835
113.5206,0.8837,3.7875
113.5208,0.9256,3.9618
113.5210,0.9975,4.2712
113.5212,1.011,4.3272
113.5214,1.0158,4.3497
113.5216,1.0017,4.2891
113.5218,1.0059,4.3071
113.5220,1.0144,4.3415
113.5222,1.0421,4.4559
113.5224,1.1107,4.7514
113.5226,1.1194,4.7866
113.5228,1.1042,4.7237
113.5230,1.092,4.6714
113.5232,1.1258,4.816
113.5234,1.1415,4.8832
113.5236,1.1556,4.9461
113.5238,1.0951,4.6891
113.5240,1.0187,4.3743
113.5242,0.8782,3.7708
113.5244,0.8493,3.6451
113.5246,0.867,3.7178
113.5248,0.918,3.9418
113.5250,0.8868,3.8079
113.5252,0.8669,3.7277
113.5254,0.7988,3.4284
113.5256,0.8608,3.6945
113.5258,0.9403,4.0338
113.5260,0.9306,3.994
113.5262,0.9167,3.9288
113.5264,0.9668,4.1475
113.5266,0.9597,4.119
113.5268,0.8904,3.8251
113.5270,0.8378,3.5973
113.5272,0.8177,3.5097
113.5274,0.8472,3.6448
113.5276,0.7862,3.3791
113.5278,0.7815,3.3606
113.5280,0.7987,3.4295
113.5282,0.8355,3.5909
113.5284,0.8607,3.6974
113.5286,0.8535,3.6631
113.5288,0.8611,3.6995
113.5290,0.8264,3.555
113.5292,0.7761,3.3358
113.5294,0.743,3.1995
113.5296,0.689,2.9667
113.5298,0.7331,3.1537
113.5300,0.7867,3.3812
113.5302,0.847,3.6387
113.5304,0.8547,3.6734
113.5306,0.8014,3.4477
113.5308,0.6909,2.9763
113.5310,0.6699,2.8899
113.5312,0.6357,2.7374
113.5314,0.7198,3.0979
113.5316,0.7766,3.3348
113.5318,0.8816,3.7911
113.5320,0.8254,3.5476
113.5322,0.8191,3.5187
113.5324,0.7968,3.4276
113.5326,0.7155,3.0865
113.5328,0.6325,2.7247
113.5330,0.6529,2.8126
113.5332,0.5911,2.5536
113.5334,0.5032,2.1719
113.5336,0.5337,2.3023
113.5338,0.5115,2.2077
113.5340,0.5561,2.3968
113.5342,0.6266,2.6994
113.5344,0.6474,2.7875
113.5346,0.6162,2.6607
113.5348,0.536,2.3122
113.5350,0.6828,2.9362
113.5352,0.703,3.0299
113.5354,0.5944,2.5652
113.5356,0.521,2.2485
113.5358,0.5138,2.2165
113.5360,0.5061,2.1854
113.5362,0.5132,2.2159
113.5364,0.514,2.2185
113.5366,0.5369,2.3141
113.5368,0.5489,2.3702
113.5370,0.5138,2.2175
113.5372,0.5251,2.263
113.5374,0.5489,2.368
113.5376,0.5447,2.3499
113.5378,0.5481,2.3644
113.5380,0.5062,2.1859
113.5382,0.5092,2.1958
113.5384,0.6303,2.7117
113.5386,0.7024,3.0203
113.5388,0.6995,3.0135
113.5390,0.6292,2.7095
113.5392,0.6331,2.7223
113.5394,0.6861,2.9529
113.5396,0.6411,2.7619
113.5398,0.633,2.7281
113.5400,0.6355,2.7351
113.5402,0.7139,3.0669
113.5404,0.7439,3.2031
113.5406,0.7027,3.0232
113.5408,0.6966,3.0025
113.5410,0.6355,2.7351
113.5412,0.6692,2.8828
113.5414,0.6308,2.7188
113.5416,0.6647,2.8584
113.5418,0.7786,3.3466
113.5420,0.7368,3.1727
113.5422,0.6417,2.7658
113.5424,0.621,2.6752
113.5426,0.6385,2.7506
113.5428,0.7098,3.0551
113.5430,0.7278,3.131
113.5432,0.731,3.145
113.5434,0.7424,3.1925
113.5436,0.7674,3.2997
113.5438,0.7779,3.3435
113.5440,0.7822,3.3621
113.5442,0.7837,3.3714
113.5444,0.7909,3.3976
113.5446,0.8209,3.528
113.5448,0.7862,3.3728
113.5450,0.8982,3.8425
113.5452,1.017,4.365
113.5454,0.878,3.7703
113.5456,0.853,3.661
113.5458,0.8532,3.6655
113.5460,0.7345,3.1643
113.5462,0.6827,2.9398
113.5464,0.6759,2.9077
113.5466,0.679,2.9252
113.5468,0.6097,2.629
113.5470,0.6523,2.8022
113.5472,0.7543,3.248
113.5474,0.5941,2.5595
113.5476,0.5734,2.4724
113.5478,0.5893,2.5435
113.5480,0.5375,2.3189
113.5482,0.5426,2.3363
113.5484,0.6092,2.6258
113.5486,0.5816,2.5081
113.5488,0.5652,2.4327
113.5490,0.5891,2.5413
113.5492,0.4891,2.1119
113.5494,0.4673,2.0195
113.5496,0.3987,1.7223
113.5498,0.3956,1.7096
113.5500,0.3882,1.678
113.5502,0.3886,1.6795
113.5504,0.3896,1.6829
113.5506,0.39,1.685
113.5508,0.3928,1.6977
113.5510,0.388,1.6777
113.5512,0.4098,1.7705
113.5514,0.4424,1.9113
113.5516,0.4248,1.8293
113.5518,0.5151,2.2222
113.5520,0.5656,2.4365
113.5522,0.6143,2.6413
113.5524,0.7101,3.0476
113.5526,0.7908,3.4034
113.5528,0.7141,3.0708
113.5530,0.7767,3.3368
113.5532,0.7659,3.2905
113.5534,0.7168,3.0793
113.5536,0.7981,3.4237
113.5538,0.8632,3.7048
113.5540,0.8478,3.6406
113.5542,0.8586,3.6835
113.5544,0.9098,3.8995
113.5546,0.967,4.1446
113.5548,0.9761,4.1798
113.5550,0.9824,4.2084
113.5552,1.0011,4.2866
113.5554,1.0735,4.5924
113.5556,1.0705,4.5774
113.5558,1.1017,4.7195
113.5560,1.027,4.4016
113.5562,1.0282,4.3985
113.5564,1.0973,4.6945
113.5566,1.0224,4.3861
113.5568,0.9014,3.8707
113.5570,0.9152,3.9245
113.5572,0.93,3.9914
113.5574,0.9169,3.9335
113.5576,0.9715,4.1675
113.5578,0.9694,4.1588
113.5580,0.9164,3.9369
113.5582,0.8132,3.495
113.5584,0.8403,3.6115
113.5586,0.7549,3.2491
113.5588,0.7074,3.0433
113.5590,0.7806,3.3564
113.5592,0.8081,3.475
113.5594,0.7308,3.1454
113.5596,0.7211,3.1036
113.5598,0.7343,3.1574
113.5600,0.8038,3.4516
113.5602,0.8262,3.5512
113.5604,0.8188,3.5209
113.5606,0.8376,3.5952
113.5608,0.831,3.5768
113.5610,0.7149,3.0768
113.5612,0.737,3.1708
113.5614,0.7583,3.2575
113.5616,0.8176,3.5125
113.5618,0.8384,3.6016
113.5620,0.8465,3.6366
113.5622,0.8474,3.6453
113.5624,0.7896,3.3998
113.5626,0.7779,3.3435
113.5628,0.8237,3.542
113.5630,0.9278,3.9821
113.5632,0.9056,3.8888
113.5634,0.9095,3.9107
113.5636,0.7856,3.3797
113.5638,0.6986,3.0122
113.5640,0.6182,2.6633
113.5642,0.6412,2.7612
113.5644,0.6834,2.9402
113.5646,0.7521,3.2418
113.5648,0.6253,2.6975
113.5650,0.5822,2.5118
113.5652,0.597,2.5766
113.5654,0.5319,2.2946
113.5656,0.4929,2.1274
113.5658,0.5007,2.1601
113.5660,0.5692,2.4532
113.5662,0.5956,2.5645
113.5664,0.589,2.542
113.5666,0.53,2.2884
113.5668,0.5125,2.2108
113.5670,0.5125,2.2087
113.5672,0.5719,2.4685
113.5674,0.543,2.3405
113.5676,0.5504,2.3731
113.5678,0.5697,2.4552
113.5680,0.5807,2.5039
113.5682,0.5511,2.3773
113.5684,0.5104,2.205
113.5686,0.489,2.1133
113.5688,0.4679,2.0212
113.5690,0.4018,1.7365
113.5692,0.397,1.7158
113.5694,0.398,1.72
113.5696,0.3995,1.7259
113.5698,0.4427,1.9106
113.5700,0.4505,1.9469
113.5702,0.4441,1.9186
113.5704,0.446,1.9269
113.5706,0.4434,1.9146
113.5708,0.4435,1.916
113.5710,0.4459,1.9255
113.5712,0.4452,1.9215
113.5714,0.4481,1.9339
113.5716,0.4477,1.9332
113.5718,0.4504,1.9437
113.5720,0.4526,1.9545
113.5722,0.4623,1.9946
113.5724,0.517,2.2284
113.5726,0.6069,2.6159
113.5728,0.5798,2.4991
113.5730,0.5454,2.3508
113.5732,0.5165,2.2294
113.5734,0.4689,2.023
113.5736,0.4605,1.9886
113.5738,0.4751,2.0484
113.5740,0.5899,2.539
113.5742,0.6267,2.6949
113.5744,0.6647,2.8597
113.5746,0.6843,2.9452
113.5748,0.6563,2.8223
113.5750,0.667,2.8735
113.5752,0.5922,2.5512
113.5754,0.5716,2.4635
113.5756,0.6229,2.6822
113.5758,0.7286,3.1215
113.5760,0.8262,3.5529
113.5762,0.7482,3.2142
113.5764,0.7833,3.3683
113.5766,0.7026,3.0213
113.5768,0.6797,2.9228
113.5770,0.7234,3.1163
113.5772,0.634,2.7327
113.5774,0.5591,2.4075
113.5776,0.547,2.3586
113.5778,0.5932,2.5506
113.5780,0.734,3.1579
113.5782,0.6917,2.9758
113.5784,0.6561,2.8239
113.5786,0.6018,2.5937
113.5788,0.6077,2.6178
113.5790,0.6283,2.7054
113.5792,0.6379,2.7429
113.5794,0.639,2.7501
113.5796,0.638,2.7421
113.5798,0.6921,2.9773
113.5800,0.6488,2.7911
113.5802,0.5956,2.5657
113.5804,0.581,2.5066
113.5806,0.5577,2.4013
113.5808,0.6438,2.7694
113.5810,0.6194,2.6722
113.5812,0.5126,2.2082
113.5814,0.5592,2.408
113.5816,0.5862,2.5254
113.5818,0.605,2.6065
113.5820,0.6381,2.7452
113.5822,0.6953,2.994
113.5824,0.6596,2.8375
113.5826,0.6422,2.7627
113.5828,0.6526,2.8076
113.5830,0.6611,2.8442
113.5832,0.6721,2.8925
113.5834,0.6233,2.6837
113.5836,0.6199,2.6718
113.5838,0.6089,2.623
113.5840,0.6073,2.6175
113.5842,0.5543,2.3869
113.5844,0.5851,2.5184
113.5846,0.6182,2.662
113.5848,0.62,2.6685
113.5850,0.6416,2.7589
113.5852,0.708,3.0459
113.5854,0.733,3.1488
113.5856,0.7662,3.293
113.5858,0.7071,3.0361
113.5860,0.8098,3.4758
113.5862,0.8438,3.6214
113.5864,0.8231,3.5329
113.5866,0.8294,3.558
113.5868,0.8503,3.648
113.5870,0.8921,3.8288
113.5872,0.8959,3.8381
113.5874,0.9778,4.1831
113.5876,1.0225,4.3785
113.5878,0.9938,4.2572
113.5880,1.0036,4.2994
113.5882,1.0192,4.3661
113.5884,1.0272,4.3985
113.5886,1.0421,4.4705
113.5888,0.9873,4.2275
113.5890,1.0597,4.5313
113.5892,1.0212,4.3749
113.5894,1.0279,4.3954
113.5896,1.1167,4.7815
113.5898,1.0942,4.6811
113.5900,1.1629,4.9704
113.5902,1.1556,4.9576
113.5904,0.9409,4.0382
113.5906,0.9405,4.0329
113.5908,0.9928,4.2511
113.5910,1.0116,4.3419
113.5912,0.8827,3.7939
113.5914,0.8902,3.8223
113.5916,0.9119,3.9155
113.5918,0.8537,3.6641
113.5920,0.8773,3.7655
113.5922,0.8894,3.8175
113.5924,0.929,3.9929
113.5926,0.8674,3.7228
113.5928,0.9472,4.0636
113.5930,0.9309,3.9918
113.5932,0.9551,4.0995
113.5934,0.9472,4.0617
113.5936,0.9932,4.2626
113.5938,0.9482,4.0639
113.5940,0.8592,3.6947
113.5942,0.8492,3.6497
113.5944,0.8627,3.7113
113.5946,0.8277,3.5574
113.5948,0.8276,3.5552
113.5950,0.8963,3.8486
113.5952,0.8765,3.7671
113.5954,0.8334,3.5838
113.5956,0.8683,3.7304
113.5958,0.9005,3.8756
113.5960,0.7909,3.3992
113.5962,0.8529,3.6656
113.5964,0.8478,3.6474
113.5966,0.7518,3.2357
113.5968,0.7254,3.1236
113.5970,0.6869,2.9565
113.5972,0.7665,3.3022
113.5974,0.7189,3.0957
113.5976,0.6773,2.9139
113.5978,0.7342,3.1569
113.5980,0.8086,3.4819
113.5982,0.7273,3.129
113.5984,0.7241,3.115
113.5986,0.8081,3.4718
113.5988,0.9155,3.9328
113.5990,0.885,3.8055
113.5992,0.845,3.6282
113.5994,0.8862,3.8053
113.5996,0.8988,3.8612
113.5998,0.9297,3.9922
113.6000,0.9054,3.8841
113.6002,0.9116,3.92
113.6004,0.8848,3.8027
113.6006,0.8789,3.781
113.6008,0.8288,3.5604
113.6010,0.8939,3.8383
113.6012,0.9328,4.0131
113.6014,0.7963,3.4288
113.6016,0.6655,2.8668
113.6018,0.6948,2.9934
113.6020,0.6543,2.8214
113.6022,0.6615,2.8498
113.6024,0.6731,2.8985
113.6026,0.7292,3.1358
113.6028,0.8156,3.507
113.6030,0.8252,3.5532
113.6032,0.7344,3.1682
113.6034,0.6298,2.7159
113.6036,0.6104,2.6346
113.6038,0.6328,2.7276
113.6040,0.6592,2.8399
113.6042,0.6755,2.9088
113.6044,0.7233,3.11
113.6046,0.7818,3.3663
113.6048,0.7508,3.2286
113.6050,0.7813,3.3673
113.6052,0.631,2.7211
113.6054,0.574,2.4796
113.6056,0.5349,2.3096
113.6058,0.5282,2.2796
113.6060,0.5263,2.2724
113.6062,0.5242,2.2636
113.6064,0.5221,2.2532
113.6066,0.5242,2.2615
113.6068,0.5374,2.3194
113.6070,0.603,2.6013
113.6072,0.6333,2.7271
113.6074,0.6412,2.7612
113.6076,0.647,2.7885
113.6078,0.6459,2.7839
113.6080,0.6474,2.7862
113.6082,0.7041,3.0317
113.6084,0.7358,3.1671
113.6086,0.7657,3.2894
113.6088,0.8176,3.5174
113.6090,0.7327,3.1551
113.6092,0.7079,3.0511
113.6094,0.6874,2.9558
113.6096,0.7223,3.1073
113.6098,0.7324,3.1492
113.6100,0.7246,3.12
113.6102,0.7025,3.025
113.6104,0.6647,2.865
113.6106,0.6251,2.694
113.6108,0.6614,2.8492
113.6110,0.6932,2.9861
113.6112,0.6233,2.685
113.6114,0.618,2.6647
113.6116,0.6176,2.6632
113.6118,0.6137,2.6461
113.6120,0.6113,2.6333
113.6122,0.605,2.6077
113.6124,0.6535,2.8086
113.6126,0.7785,3.3523
113.6128,0.6508,2.8025
113.6130,0.641,2.7627
113.6132,0.6658,2.8723
113.6134,0.593,2.5572
113.6136,0.5876,2.5327
113.6138,0.612,2.6401
113.6140,0.5935,2.5569
113.6142,0.6421,2.7635
113.6144,0.6719,2.8933
113.6146,0.6531,2.8123
113.6148,0.6854,2.9498
113.6150,0.6652,2.8671
113.6152,0.6361,2.739
113.6154,0.6763,2.916
113.6156,0.6061,2.6147
113.6158,0.5681,2.4508
113.6160,0.5121,2.2102
113.6162,0.5087,2.1968
113.6164,0.5465,2.3566
113.6166,0.5237,2.2646
113.6168,0.4253,1.8398
113.6170,0.3846,1.6624
113.6172,0.4269,1.8406
113.6174,0.5541,2.3891
113.6176,0.5551,2.3938
113.6178,0.527,2.2723
113.6180,0.5331,2.2965
113.6182,0.6075,2.6149
113.6184,0.7572,3.2544
113.6186,0.8788,3.7734
113.6188,0.8399,3.6083
113.6190,0.8265,3.5522
113.6192,0.8141,3.4975
113.6194,0.8398,3.6044
113.6196,0.8543,3.6684
113.6198,0.8541,3.6691
113.6200,0.8712,3.7392
113.6202,0.9009,3.8615
113.6204,0.9617,4.1259
113.6206,0.9599,4.1143
113.6208,0.9754,4.1786
113.6210,0.9867,4.2269
113.6212,0.9915,4.2475
113.6214,1.0849,4.6498
113.6216,1.0555,4.526
113.6218,0.9717,4.1647
113.6220,1.0384,4.4546
113.6222,1.0078,4.3234
113.6224,1.0204,4.3692
113.6226,1.028,4.4144
113.6228,0.9061,3.8872
113.6230,0.9543,4.0959
113.6232,0.9283,3.9879
113.6234,0.9501,4.0779
113.6236,0.974,4.1764
113.6238,1.005,4.3116
113.6240,0.9761,4.1837
113.6242,0.9824,4.2124
113.6244,1.0114,4.3368
113.6246,1.0171,4.3655
113.6248,0.9476,4.069
113.6250,0.9199,3.9482
113.6252,0.9354,4.0146
113.6254,0.8367,3.5994
113.6256,0.7778,3.3508
113.6258,0.7144,3.0747
113.6260,0.7125,3.0736
113.6262,0.6791,2.9257
113.6264,0.7,3.0128
113.6266,0.7079,3.0468
113.6268,0.6923,2.9839
113.6270,0.6842,2.9433
113.6272,0.739,3.182
113.6274,0.7521,3.2388
113.6276,0.7373,3.1718
113.6278,0.7574,3.266
113.6280,0.6649,2.8616
113.6282,0.705,3.0358
113.6284,0.7327,3.1551
113.6286,0.7111,3.0622
113.6288,0.758,3.2595
113.6290,0.7839,3.3787
113.6292,0.6601,2.8475
113.6294,0.5933,2.5606
113.6296,0.5219,2.2537
113.6298,0.492,2.1243
113.6300,0.4957,2.1413
113.6302,0.5018,2.1647
113.6304,0.5132,2.2128
113.6306,0.5988,2.5796
113.6308,0.6197,2.6757
113.6310,0.5452,2.352
113.6312,0.5945,2.561
113.6314,0.6542,2.8196
113.6316,0.6298,2.7184
113.6318,0.5856,2.5228
113.6320,0.6041,2.6023
113.6322,0.6312,2.7229
113.6324,0.5747,2.4815
113.6326,0.5168,2.2273
113.6328,0.5718,2.4691
113.6330,0.5384,2.3236
113.6332,0.5349,2.3075
113.6334,0.5031,2.1714
113.6336,0.4924,2.1264
113.6338,0.5084,2.1942
113.6340,0.5494,2.3712
113.6342,0.5995,2.5839
113.6344,0.6105,2.6339
113.6346,0.6,2.5872
113.6348,0.6043,2.6094
113.6350,0.4727,2.0409
113.6352,0.4408,1.9032
113.6354,0.4272,1.8464
113.6356,0.4803,2.075
113.6358,0.5085,2.1947
113.6360,0.4981,2.1517
113.6362,0.4629,1.9999
113.6364,0.4568,1.9717
113.6366,0.4381,1.8918
113.6368,0.4351,1.8789
113.6370,0.4404,1.9017
113.6372,0.468,2.017
113.6374,0.5453,2.3514
113.6376,0.5012,2.1652
113.6378,0.4707,2.0317
113.6380,0.5198,2.2402
113.6382,0.5856,2.5228
113.6384,0.5958,2.5643
113.6386,0.6524,2.8105
113.6388,0.6145,2.6473
113.6390,0.5912,2.5459
113.6392,0.6137,2.6412
113.6394,0.6442,2.7767
113.6396,0.6385,2.7519
113.6398,0.6325,2.7222
113.6400,0.6457,2.7803
113.6402,0.6595,2.841
113.6404,0.5978,2.5755
113.6406,0.5562,2.3996
113.6408,0.5551,2.3938
113.6410,0.5579,2.4035
113.6412,0.5551,2.3916
113.6414,0.5575,2.403
113.6416,0.603,2.5953
113.6418,0.6635,2.8532
113.6420,0.6656,2.8633
113.6422,0.7424,3.1895
113.6424,0.8645,3.7122
113.6426,0.8687,3.7319
113.6428,0.8093,3.4786
113.6430,0.7607,3.2724
113.6432,0.6959,3.0008
113.6434,0.5691,2.4526
113.6436,0.5575,2.3997
113.6438,0.6307,2.7183
113.6440,0.5489,2.3658
113.6442,0.5376,2.3194
113.6444,0.5405,2.3318
113.6446,0.5415,2.3338
113.6448,0.5815,2.5052
113.6450,0.5454,2.3508
113.6452,0.5378,2.3178
113.6454,0.5405,2.3296
113.6456,0.5928,2.555
113.6458,0.5953,2.5658
113.6460,0.5204,2.247
113.6462,0.4969,2.1415
113.6464,0.5902,2.5436
113.6466,0.5412,2.3338
113.6468,0.5035,2.172
113.6470,0.5084,2.1932
113.6472,0.5523,2.3781
113.6474,0.5679,2.4452
113.6476,0.6462,2.7823
113.6478,0.6484,2.7883
113.6480,0.6837,2.9412
113.6482,0.6888,2.962
113.6484,0.7441,3.1967
113.6486,0.743,3.1995
113.6488,0.5705,2.4588
113.6490,0.523,2.2542
113.6492,0.5126,2.2113
113.6494,0.5275,2.2754
113.6496,0.4993,2.1569
113.6498,0.3995,1.7259
113.6500,0.4307,1.8563
113.6502,0.5316,2.2903
113.6504,0.5393,2.3256
113.6506,0.4924,2.1244
113.6508,0.4899,2.1125
113.6510,0.5156,2.2232
113.6512,0.5543,2.388
113.6514,0.6242,2.6866
113.6516,0.5959,2.566
113.6518,0.5769,2.4839
113.6520,0.6493,2.7919
113.6522,0.7494,3.2164
113.6524,0.8101,3.4768
113.6526,0.8041,3.4559
113.6528,0.7832,3.3662
113.6530,0.7822,3.359
113.6532,0.8105,3.4756
113.6534,0.864,3.7032
113.6536,0.9146,3.9219
113.6538,0.9394,4.0264
113.6540,0.9572,4.1025
113.6542,0.9752,4.1796
113.6544,0.9898,4.2423
113.6546,0.8989,3.8563
113.6548,0.8715,3.7403
113.6550,0.8699,3.7336
113.6552,0.8635,3.7029
113.6554,0.867,3.7212
113.6556,0.8813,3.7754
113.6558,0.9692,4.1519
113.6560,0.9718,4.1671
113.6562,0.9127,3.9155
113.6564,0.8747,3.7507
113.6566,0.902,3.8679
113.6568,0.929,3.9817
113.6570,0.9661,4.1482
113.6572,0.87,3.7376
113.6574,0.8746,3.7572
113.6576,0.8011,3.4398
113.6578,0.8934,3.8309
113.6580,0.9316,3.9968
113.6582,0.8833,3.7983
113.6584,0.8465,3.6366
113.6586,0.8527,3.6651
113.6588,0.8312,3.5674
113.6590,0.8923,3.8334
113.6592,0.8646,3.7144
113.6594,0.8681,3.7276
113.6596,0.8754,3.7555
113.6598,0.8355,3.5892
113.6600,0.793,3.4053
113.6602,0.8495,3.6512
113.6604,0.8237,3.5437
113.6606,0.8201,3.52
113.6608,0.876,3.7598
113.6610,0.8875,3.811
113.6612,0.8887,3.8162
113.6614,0.9147,3.9242
113.6616,0.8849,3.805
113.6618,0.7795,3.3565
113.6620,0.6826,2.9434
113.6622,0.6375,2.7439
113.6624,0.6768,2.9132
113.6626,0.7134,3.072
113.6628,0.7027,3.0204
113.6630,0.7482,3.2187
113.6632,0.7218,3.1067
113.6634,0.726,3.1247
113.6636,0.7134,3.0734
113.6638,0.6632,2.8557
113.6640,0.6526,2.8115
113.6642,0.7012,3.0179
113.6644,0.7282,3.1326
113.6646,0.7438,3.2011
113.6648,0.7176,3.0858
113.6650,0.7532,3.2419
113.6652,0.7255,3.1212
113.6654,0.7698,3.3116
113.6656,0.7743,3.3265
113.6658,0.7854,3.3818
113.6660,0.753,3.2409
113.6662,0.7839,3.3709
113.6664,0.809,3.4802
113.6666,0.7788,3.3518
113.6668,0.728,3.135
113.6670,0.6611,2.8508
113.6672,0.5866,2.5293
113.6674,0.5862,2.5265
113.6676,0.5892,2.5383
113.6678,0.6164,2.6543
113.6680,0.6292,2.7133
113.6682,0.5605,2.4204
113.6684,0.5093,2.1973
113.6686,0.5463,2.3555
113.6688,0.5584,2.4089
113.6690,0.5466,2.3582
113.6692,0.5418,2.3375
113.6694,0.5279,2.2754
113.6696,0.5281,2.2791
113.6698,0.5314,2.2925
113.6700,0.5344,2.3012
113.6702,0.6682,2.872
113.6704,0.7405,3.1961
113.6706,0.5555,2.3954
113.6708,0.5284,2.2796
113.6710,0.529,2.2821
113.6712,0.5296,2.2837
113.6714,0.5306,2.2878
113.6716,0.5289,2.2837
113.6718,0.546,2.3534
113.6720,0.6041,2.5999
113.6722,0.6195,2.6702
113.6724,0.6147,2.6471
113.6726,0.6422,2.7653
113.6728,0.639,2.7501
113.6730,0.6397,2.7545
113.6732,0.6524,2.8079
113.6734,0.7663,3.292
113.6736,0.7801,3.3559
113.6738,0.6733,2.8963
113.6740,0.7167,3.0802
113.6742,0.7768,3.3358
113.6744,0.8192,3.5192
113.6746,0.8201,3.5266
113.6748,0.7478,3.2142
113.6750,0.7712,3.3162
113.6752,0.762,3.278
113.6754,0.755,3.2466
113.6756,0.7652,3.2889
113.6758,0.7346,3.1663
113.6760,0.6276,2.7048
113.6762,0.6163,2.655
113.6764,0.6108,2.6313
113.6766,0.6656,2.8633
113.6768,0.7665,3.2961
113.6770,0.7396,3.1801
113.6772,0.7294,3.1392
113.6774,0.7081,3.0464
113.6776,0.743,3.1965
113.6778,0.7213,3.1032
113.6780,0.6998,3.0131
113.6782,0.7175,3.0881
113.6784,0.7167,3.0802
113.6786,0.7701,3.31
113.6788,0.7152,3.0754
113.6790,0.7005,3.0134
113.6792,0.7075,3.0495
113.6794,0.6351,2.7348
113.6796,0.6233,2.6875
113.6798,0.5938,2.5555
113.6800,0.6947,2.9887
113.6802,0.7595,3.2642
113.6804,0.7409,3.1858
113.6806,0.7715,3.3219
113.6808,0.6798,2.9233
113.6810,0.6978,3.0035
113.6812,0.6733,2.9031
113.6814,0.5207,2.2475
113.6816,0.5026,2.1704
113.6818,0.5143,2.2185
113.6820,0.5463,2.3544
113.6822,0.576,2.4815
113.6824,0.5731,2.4668
113.6826,0.7119,3.0624
113.6828,0.7376,3.1733
113.6830,0.7644,3.2945
113.6832,0.6344,2.7343
113.6834,0.5917,2.5539
113.6836,0.5205,2.2475
113.6838,0.4998,2.1539
113.6840,0.542,2.3358
113.6842,0.5749,2.4768
113.6844,0.6228,2.6842
113.6846,0.5964,2.5693
113.6848,0.615,2.6456
113.6850,0.6626,2.8518
113.6852,0.7024,3.0273
113.6854,0.6161,2.6503
113.6856,0.6782,2.9161
113.6858,0.6753,2.9105
113.6860,0.6241,2.6836
113.6862,0.7381,3.1695
113.6864,0.9646,4.1363
113.6866,0.9621,4.1255
113.6868,0.9006,3.8671
113.6870,0.896,3.844
113.6872,0.902,3.8697
113.6874,0.8863,3.8005
113.6876,0.8662,3.7211
113.6878,0.8411,3.6151
113.6880,0.8691,3.73
113.6882,0.9282,3.9781
113.6884,0.9735,4.1724
113.6886,0.9826,4.2114
113.6888,0.9735,4.1724
113.6890,1.0006,4.2905
113.6892,0.9997,4.2889
113.6894,0.9671,4.1509
113.6896,0.8824,3.7889
113.6898,0.8402,3.6043
113.6900,0.9392,4.0273
113.6902,0.8997,3.8725
113.6904,0.7322,3.1457
113.6906,0.8381,3.6022
113.6908,0.7634,3.2858
113.6910,0.7126,3.0698
113.6912,0.6868,2.956
113.6914,0.7061,3.0391
113.6916,0.7093,3.053
113.6918,0.6939,2.9864
113.6920,0.6933,2.9853
113.6922,0.7119,3.0624
113.6924,0.7767,3.3384
113.6926,0.7555,3.2502
113.6928,0.774,3.3265
113.6930,0.7989,3.4385
113.6932,0.7812,3.3575
113.6934,0.8105,3.4805
113.6936,0.8013,3.4488
113.6938,0.7498,3.2239
113.6940,0.779,3.3513
113.6942,0.7045,3.0338
113.6944,0.7205,3.0996
113.6946,0.796,3.4214
113.6948,0.8033,3.456
113.6950,0.6816,2.9393
113.6952,0.541,2.336
113.6954,0.5334,2.3013
113.6956,0.6072,2.6182
113.6958,0.595,2.5678
113.6960,0.5123,2.2123
113.6962,0.5731,2.4748
113.6964,0.5897,2.538
113.6966,0.677,2.911
113.6968,0.7095,3.0592
113.6970,0.571,2.462
113.6972,0.6266,2.6982
113.6974,0.6715,2.8926
113.6976,0.6858,2.9532
113.6978,0.7029,3.0266
113.6980,0.6592,2.8426
113.6982,0.5709,2.4638
113.6984,0.5313,2.2909
113.6986,0.5422,2.338
113.6988,0.6099,2.6313
113.6990,0.5789,2.4973
113.6992,0.5963,2.5711
113.6994,0.593,2.5572
113.6996,0.5898,2.5432
113.6998,0.5753,2.4818
113.7000,0.6004,2.5839
113.7002,0.7113,3.0542
113.7004,0.8169,3.5192
113.7006,0.6928,2.9818
113.7008,0.7331,3.1537
113.7010,0.702,3.0257
113.7012,0.6309,2.7206
113.7014,0.6204,2.6701
113.7016,0.647,2.7873
113.7018,0.5999,2.5855
113.7020,0.5803,2.5001
113.7022,0.612,2.6376
113.7024,0.6506,2.8014
113.7026,0.6736,2.9006
113.7028,0.5789,2.4996
113.7030,0.4896,2.1139
113.7032,0.479,2.0674
113.7034,0.4802,2.0726
113.7036,0.4813,2.0792
113.7038,0.4777,2.0636
113.7040,0.4772,2.0596
113.7042,0.4796,2.069
113.7044,0.4793,2.0694
113.7046,0.4809,2.0747
113.7048,0.48,2.0687
113.7050,0.5569,2.396
113.7052,0.6633,2.8562
113.7054,0.6296,2.7086
113.7056,0.635,2.7369
113.7058,0.5942,2.5612
113.7060,0.5953,2.5658
113.7062,0.5911,2.5454
113.7064,0.5929,2.5531
113.7066,0.5936,2.5574
113.7068,0.6072,2.6145
113.7070,0.6282,2.7011
113.7072,0.7122,3.064
113.7074,0.7093,3.0516
113.7076,0.7783,3.3435
113.7078,0.8165,3.5144
113.7080,0.6394,2.7534
113.7082,0.6639,2.8521
113.7084,0.7436,3.1961
113.7086,0.7945,3.4131
113.7088,0.8511,3.6579
113.7090,0.7904,3.4019
113.7092,0.6683,2.8779
113.7094,0.6465,2.7839
113.7096,0.6344,2.733
113.7098,0.651,2.8017
113.7100,0.6754,2.907
113.7102,0.6778,2.9159
113.7104,0.689,2.9667
113.7106,0.7199,3.0955
113.7108,0.7078,3.0463
113.7110,0.6914,2.9756
113.7112,0.6848,2.9459
113.7114,0.7506,3.2245
113.7116,0.6926,2.9822
113.7118,0.6589,2.8358
113.7120,0.689,2.9639
113.7122,0.649,2.7947
113.7124,0.6764,2.9111
113.7126,0.6767,2.9181
113.7128,0.5857,2.5221
113.7130,0.6203,2.6683
113.7132,0.6493,2.7932
113.7134,0.6641,2.8611
113.7136,0.6537,2.8149
113.7138,0.6331,2.7273
113.7140,0.6276,2.6998
113.7142,0.6911,2.9746
113.7144,0.6863,2.9512
113.7146,0.6291,2.7128
113.7148,0.4783,2.0643
113.7150,0.4706,2.0293
113.7152,0.5686,2.4528
113.7154,0.5117,2.2077
113.7156,0.5155,2.2185
113.7158,0.6181,2.6591
113.7160,0.7703,3.3075
113.7162,0.8171,3.5071
113.7164,0.8372,3.5964
113.7166,0.7771,3.3399
113.7168,0.7735,3.326
113.7170,0.7406,3.1833
113.7172,0.7842,3.3703
113.7174,0.7785,3.3461
113.7176,0.7541,3.238
113.7178,0.8026,3.4465
113.7180,0.8537,3.6675
113.7182,0.7854,3.3786
113.7184,0.748,3.2177
113.7186,0.7492,3.2199
113.7188,0.7942,3.4089
113.7190,0.8561,3.671
113.7192,0.9622,4.1241
113.7194,0.9797,4.1991
113.7196,0.9031,3.8743
113.7198,0.8924,3.8303
113.7200,0.9814,4.2043
113.7202,1.0774,4.6115
113.7204,1.1057,4.7348
113.7206,1.082,4.6288
113.7208,1.1501,4.9133
113.7210,1.2101,5.1669
113.7212,1.2253,5.2295
113.7214,1.2507,5.3555
113.7216,1.1098,4.7567
113.7218,1.088,4.661
113.7220,1.0801,4.6271
113.7222,1.0408,4.4669
113.7224,0.9514,4.0816
113.7226,0.9544,4.0983
113.7228,0.9077,3.8993
113.7230,0.8911,3.8229
113.7232,0.8995,3.8643
113.7234,0.8993,3.8669
113.7236,0.8243,3.5413
113.7238,0.8354,3.5887
113.7240,0.8484,3.6449
113.7242,0.8566,3.6816
113.7244,0.8321,3.5731
113.7246,0.8932,3.8388
113.7248,0.8819,3.7886
113.7250,0.9278,3.9859
113.7252,0.8659,3.7166
113.7254,0.9411,4.043
113.7256,0.891,3.8277
113.7258,0.8972,3.8545
113.7260,0.8668,3.7202
113.7262,0.8987,3.8589
113.7264,0.9029,3.8769
113.7266,0.9099,3.9091
113.7268,0.8928,3.8319
113.7270,0.8912,3.8288
113.7272,0.8676,3.7255
113.7274,0.8584,3.691
113.7276,0.8808,3.7857
113.7278,0.8878,3.8209
113.7280,0.7656,3.2966
113.7282,0.735,3.1679
113.7284,0.717,3.0875
113.7286,0.7227,3.1117
113.7288,0.7229,3.1142
113.7290,0.714,3.0731
113.7292,0.7107,3.0644
113.7294,0.6508,2.8051
113.7296,0.7326,3.1517
113.7298,0.7566,3.2609
113.7300,0.6482,2.7963
113.7302,0.6138,2.6503
113.7304,0.5205,2.2485
113.7306,0.5069,2.19
113.7308,0.5095,2.1999
113.7310,0.5637,2.435
113.7312,0.5545,2.3923
113.7314,0.5523,2.3825
113.7316,0.5604,2.4177
113.7318,0.5655,2.4394
113.7320,0.5635,2.4289
113.7322,0.6418,2.7638
113.7324,0.6713,2.8935
113.7326,0.6466,2.7896
113.7328,0.6011,2.5918
113.7330,0.6364,2.7443
113.7332,0.5689,2.4544
113.7334,0.558,2.4073
113.7336,0.6372,2.7449
113.7338,0.652,2.8076
113.7340,0.6559,2.8255
113.7342,0.7069,3.0469
113.7344,0.7164,3.0863
113.7346,0.6303,2.7192
113.7348,0.5638,2.4344
113.7350,0.5416,2.3386
113.7352,0.5518,2.3793
113.7354,0.5695,2.4524
113.7356,0.6187,2.6715
113.7358,0.5535,2.3888
113.7360,0.5424,2.3379
113.7362,0.6231,2.6857
113.7364,0.6372,2.7474
113.7366,0.6035,2.601
113.7368,0.5983,2.5763
113.7370,0.6671,2.87
113.7372,0.7059,3.0409
113.7374,0.7025,3.0264
113.7376,0.6981,3.0031
113.7378,0.7458,3.2099
113.7380,0.7013,3.0198
113.7382,0.712,3.0629
113.7384,0.7747,3.3343
113.7386,0.7053,3.0341
113.7388,0.6868,2.9574
113.7390,0.6866,2.9563
113.7392,0.7255,3.1227
113.7394,0.7307,3.1434
113.7396,0.7478,3.2142
113.7398,0.8296,3.559
113.7400,0.8933,3.8339
113.7402,0.8584,3.6842
113.7404,0.9065,3.8905
113.7406,0.8857,3.8068
113.7408,0.8451,3.6321
113.7410,0.8493,3.6485
113.7412,0.8619,3.7008
113.7414,0.8355,3.5926
113.7416,0.7923,3.4085
113.7418,0.7779,3.3404
113.7420,0.8424,3.6157
113.7422,0.892,3.8301
113.7424,0.8242,3.5441
113.7426,0.8145,3.5023
113.7428,0.8176,3.5157
113.7430,0.7939,3.4137
113.7432,0.7868,3.3832
113.7434,0.755,3.2511
113.7436,0.6336,2.7332
113.7438,0.6338,2.733
113.7440,0.6489,2.7942
113.7442,0.6929,2.9851
113.7444,0.6367,2.7441
113.7446,0.6252,2.697
113.7448,0.5289,2.2837
113.7450,0.4933,2.129
113.7452,0.4939,2.1316
113.7454,0.4953,2.1378
113.7456,0.5051,2.1792
113.7458,0.6037,2.6044
113.7460,0.5638,2.4288
113.7462,0.6392,2.7575
113.7464,0.514,2.2216
113.7466,0.4309,1.859
113.7468,0.4691,2.0263
113.7470,0.4165,1.8011
113.7472,0.4075,1.7606
113.7474,0.4077,1.7628
113.7476,0.4111,1.7778
113.7478,0.4239,1.8294
113.7480,0.4608,1.9906
113.7482,0.4116,1.779
113.7484,0.4283,1.8494
113.7486,0.4893,2.108
113.7488,0.5729,2.4657
113.7490,0.62,2.6735
113.7492,0.5475,2.3607
113.7494,0.5957,2.5626
113.7496,0.6638,2.8596
113.7498,0.5725,2.4688
113.7500,0.5356,2.3095
113.7502,0.5376,2.3172
113.7504,0.5671,2.441
113.7506,0.6197,2.667
113.7508,0.6933,2.9853
113.7510,0.6777,2.9208
113.7512,0.6512,2.8027
113.7514,0.7203,3.0942
113.7516,0.8386,3.6009
113.7518,0.8593,3.6883
113.7520,0.8727,3.7419
113.7522,0.9179,3.9413
113.7524,0.9438,4.0468
113.7526,0.9718,4.1594
113.7528,1.0133,4.3369
113.7530,1.0802,4.6211
113.7532,1.0966,4.687
113.7534,1.1712,4.9987
113.7536,1.2268,5.2435
113.7538,1.2013,5.1392
113.7540,1.1336,4.8471
113.7542,1.1939,5.0978
113.7544,1.2509,5.344
113.7546,1.179,5.0508
113.7548,0.993,4.2601
113.7550,0.9834,4.219
113.7552,0.9822,4.2119
113.7554,0.9977,4.2782
113.7556,0.9375,4.0257
113.7558,0.9526,4.083
113.7560,0.9985,4.2798
113.7562,1.0101,4.3311
113.7564,1.0201,4.3702
113.7566,1.0342,4.4324
113.7568,1.0117,4.3444
113.7570,0.953,4.0921
113.7572,0.9506,4.0761
113.7574,1.0171,4.3594
113.7576,1.0344,4.4376
113.7578,0.9489,4.0689
113.7580,1.017,4.3671
113.7582,0.9568,4.1067
113.7584,0.9646,4.1401
113.7586,0.9385,4.0355
113.7588,0.8729,3.7499
113.7590,0.8578,3.6868
113.7592,0.8761,3.7639
113.7594,0.8737,3.7535
113.7596,0.9199,3.9463
113.7598,0.9274,3.9862
113.7600,0.8673,3.7309
113.7602,0.8629,3.7089
113.7604,0.8103,3.4843
113.7606,0.8198,3.5234
113.7608,0.8668,3.7219
113.7610,0.8924,3.841
113.7612,0.7264,3.1292
113.7614,0.7435,3.2031
113.7616,0.6855,2.9572
113.7618,0.5631,2.4336
113.7620,0.5241,2.2641
113.7622,0.5302,2.2873
113.7624,0.5731,2.4748
113.7626,0.5336,2.3029
113.7628,0.5581,2.4056
113.7630,0.632,2.7252
113.7632,0.5736,2.4769
113.7634,0.5186,2.2403
113.7636,0.54,2.3287
113.7638,0.5965,2.5758
113.7640,0.526,2.2755
113.7642,0.4332,1.8741
113.7644,0.4239,1.8311
113.7646,0.4255,1.8383
113.7648,0.4773,2.064
113.7650,0.4765,2.0575
113.7652,0.4698,2.0304
113.7654,0.4717,2.0377
113.7656,0.4987,2.1503
113.7658,0.5206,2.2491
113.7660,0.4912,2.1202
113.7662,0.5668,2.444
113.7664,0.5351,2.3117
113.7666,0.4936,2.1325
113.7668,0.4957,2.1393
113.7670,0.5368,2.3179
113.7672,0.4909,2.1206
113.7674,0.4718,2.0373
113.7676,0.4727,2.0409
113.7678,0.4693,2.0264
113.7680,0.4671,2.018
113.7682,0.4747,2.0497
113.7684,0.4728,2.0405
113.7686,0.4763,2.0584
113.7688,0.4843,2.0902
113.7690,0.4821,2.0818
113.7692,0.4844,2.0917
113.7694,0.4831,2.084
113.7696,0.4861,2.097
113.7698,0.4806,2.0732
113.7700,0.4843,2.0912
113.7702,0.5372,2.3163
113.7704,0.5897,2.5427
113.7706,0.5155,2.2258
113.7708,0.4755,2.0534
113.7710,0.4734,2.044
113.7712,0.4781,2.0623
113.7714,0.4791,2.0641
113.7716,0.5665,2.4407
113.7718,0.595,2.5655
113.7720,0.5834,2.5147
113.7722,0.5808,2.501
113.7724,0.6084,2.6197
113.7726,0.7002,3.0096
113.7728,0.7521,3.2342
113.7730,0.7045,3.031
113.7732,0.6723,2.8962
113.7734,0.6104,2.6285
113.7736,0.6462,2.7811
113.7738,0.728,3.135
113.7740,0.7228,3.1021
113.7742,0.8533,3.6609
113.7744,0.8316,3.5744
113.7746,0.7731,3.3229
113.7748,0.7599,3.2632
113.7750,0.7213,3.1017
113.7752,0.7246,3.1186
113.7754,0.726,3.1262
113.7756,0.6763,2.9106
113.7758,0.6511,2.8035
113.7760,0.6444,2.7746
113.7762,0.6363,2.7349
113.7764,0.6945,2.989
113.7766,0.6755,2.9115
113.7768,0.6416,2.7627
113.7770,0.7397,3.1762
113.7772,0.785,3.3739
113.7774,0.7554,3.2467
113.7776,0.7579,3.259
113.7778,0.6723,2.8962
113.7780,0.5863,2.5271
113.7782,0.5801,2.4979
113.7784,0.602,2.596
113.7786,0.5584,2.4089
113.7788,0.5563,2.3967
113.7790,0.6005,2.588
113.7792,0.5641,2.4303
113.7794,0.5962,2.567
113.7796,0.6186,2.6673
113.7798,0.5363,2.3137
113.7800,0.5279,2.2775
113.7802,0.5428,2.3405
113.7804,0.5957,2.5626
113.7806,0.6622,2.8555
113.7808,0.5548,2.3889
113.7810,0.5953,2.567
113.7812,0.5257,2.2624
113.7814,0.5695,2.457
113.7816,0.5193,2.2434
113.7818,0.4354,1.8799
113.7820,0.4305,1.8561
113.7822,0.5412,2.3317
113.7824,0.5788,2.4945
113.7826,0.5284,2.2785
113.7828,0.5201,2.2428
113.7830,0.5228,2.2532
113.7832,0.5257,2.2666
113.7834,0.5284,2.2785
113.7836,0.5424,2.3379
113.7838,0.5733,2.4673
113.7840,0.6267,2.6962
113.7842,0.653,2.8105
113.7844,0.6245,2.6889
113.7846,0.665,2.8541
113.7848,0.7825,3.3584
113.7850,0.792,3.4038
113.7852,0.7719,3.3147
113.7854,0.842,3.612
113.7856,0.848,3.6411
113.7858,0.852,3.6552
113.7860,0.949,4.0562
113.7862,1.0559,4.517
113.7864,1.0682,4.5698
113.7866,1.0808,4.6237
113.7868,1.058,4.5262
113.7870,1.0928,4.6772
113.7872,1.045,4.4787
113.7874,1.0241,4.379
113.7876,1.0924,4.6734
113.7878,0.9809,4.2082
113.7880,0.8794,3.7778
113.7882,0.8902,3.817
113.7884,0.9803,4.2036
113.7886,0.9162,3.9322
113.7888,0.8676,3.7255
113.7890,0.9035,3.8704
113.7892,0.9774,4.1913
113.7894,0.9324,3.9998
113.7896,0.9758,4.188
113.7898,0.9399,4.0341
113.7900,0.9001,3.8651
113.7902,0.8628,3.7118
113.7904,0.8182,3.5118
113.7906,0.9029,3.8769
113.7908,0.8675,3.7216
113.7910,0.8909,3.8272
113.7912,0.8936,3.8337
113.7914,0.9408,4.0377
113.7916,0.9092,3.9024
113.7918,0.9427,4.0478
113.7920,0.9,3.8646
113.7922,0.8789,3.7722
113.7924,0.8621,3.7036
113.7926,0.7733,3.325
113.7928,0.8217,3.53
113.7930,0.9002,3.8638
113.7932,0.918,3.9418
113.7934,0.8379,3.6046
113.7936,0.8198,3.5234
113.7938,0.8387,3.6031
113.7940,0.8422,3.6198
113.7942,0.8325,3.5847
113.7944,0.7295,3.1412
113.7946,0.7086,3.0528
113.7948,0.6929,2.9823
113.7950,0.7234,3.1105
113.7952,0.7283,3.1346
113.7954,0.7005,3.0162
113.7956,0.6914,2.977
113.7958,0.689,2.9667
113.7960,0.6785,2.9204
113.7962,0.7746,3.3322
113.7964,0.7987,3.4359
113.7966,0.6869,2.9593
113.7968,0.6513,2.8098
113.7970,0.603,2.5977
113.7972,0.6215,2.676
113.7974,0.6312,2.7178
113.7976,0.7075,3.0495
113.7978,0.6511,2.8048
113.7980,0.6637,2.8577
113.7982,0.7194,3.0992
113.7984,0.6783,2.9207
113.7986,0.6861,2.9529
113.7988,0.6635,2.8599
113.7990,0.5993,2.5829
113.7992,0.656,2.8221
113.7994,0.7151,3.0749
113.7996,0.8559,3.6785
113.7998,0.856,3.6756
113.8000,0.8514,3.6611
113.8002,0.7452,3.2148
113.8004,0.6041,2.606
113.8006,0.5864,2.5311
113.8008,0.5632,2.4296
113.8010,0.5571,2.4021
113.8012,0.5556,2.397
113.8014,0.5674,2.4477
113.8016,0.5713,2.4636
113.8018,0.5587,2.4071
113.8020,0.5635,2.43
113.8022,0.5599,2.4156
113.8024,0.5632,2.4296
113.8026,0.631,2.7135
113.8028,0.7832,3.3662
113.8030,0.7258,3.1281
113.8032,0.6123,2.6404
113.8034,0.5643,2.4331
113.8036,0.5561,2.3968
113.8038,0.5593,2.4108
113.8040,0.5604,2.4177
113.8042,0.5571,2.4021
113.8044,0.5632,2.4262
113.8046,0.6381,2.7478
113.8048,0.711,3.0617
113.8050,0.6802,2.9263
113.8052,0.678,2.9183
113.8054,0.6814,2.9355
113.8056,0.6816,2.9379
113.8058,0.6808,2.9275
113.8060,0.7831,3.3641
113.8062,0.8639,3.7044
113.8064,0.9098,3.905
113.8066,0.8711,3.7422
113.8068,0.8503,3.6548
113.8070,0.7579,3.262
113.8072,0.6854,2.9498
113.8074,0.6978,3.0035
113.8076,0.6993,3.0125
113.8078,0.6719,2.892
113.8080,0.6813,2.9309
113.8082,0.7685,3.3013
113.8084,0.8074,3.4719
113.8086,0.7948,3.421
113.8088,0.6932,2.9861
113.8090,0.6706,2.889
113.8092,0.7134,3.062
113.8094,0.8498,3.6522
113.8096,0.7736,3.3312
113.8098,0.665,2.8607
113.8100,0.7048,3.032
113.8102,0.7216,3.1071
113.8104,0.6836,2.9448
113.8106,0.7068,3.0436
113.8108,0.5921,2.5542
113.8110,0.5364,2.3153
113.8112,0.5399,2.3281
113.8114,0.5488,2.3675
113.8116,0.5731,2.4714
113.8118,0.5477,2.3639
113.8120,0.5358,2.3127
113.8122,0.5411,2.3322
113.8124,0.5987,2.5767
113.8126,0.6887,2.967
113.8128,0.6016,2.5951
113.8130,0.4942,2.1341
113.8132,0.4257,1.838
113.8134,0.4156,1.7953
113.8136,0.4141,1.7899
113.8138,0.4689,2.0221
113.8140,0.5408,2.3307
113.8142,0.5586,2.4088
113.8144,0.5688,2.4527
113.8146,0.5117,2.2087
113.8148,0.4651,2.0065
113.8150,0.5457,2.353
113.8152,0.5284,2.2796
113.8154,0.5215,2.2485
113.8156,0.5246,2.2599
113.8158,0.6156,2.6531
113.8160,0.603,2.5977
113.8162,0.5522,2.3809
113.8164,0.5674,2.4397
113.8166,0.7,3.0086
113.8168,0.7089,3.0495
113.8170,0.6783,2.9194
113.8172,0.6747,2.9052
113.8174,0.6906,2.9739
113.8176,0.6983,2.9986
113.8178,0.7631,3.2827
113.8180,0.7456,3.2089
113.8182,0.7496,3.2204
113.8184,0.8249,3.5439
113.8186,0.8246,3.5391
113.8188,0.8623,3.6994
113.8190,0.9144,3.9209
113.8192,0.9856,4.2263
113.8194,0.9421,4.0302
113.8196,1.0482,4.4925
113.8198,0.8936,3.8355
113.8200,0.8488,3.6447
113.8202,0.8627,3.6993
113.8204,0.9891,4.2392
113.8206,0.994,4.2603
113.8208,1.0007,4.281
113.8210,1.1038,4.7222
113.8212,1.1355,4.8576
113.8214,1.1185,4.7847
113.8216,1.1104,4.7526
113.8218,1.1556,4.9461
113.8220,1.167,5.0018
113.8222,1.0179,4.3666
113.8224,0.9496,4.0739
113.8226,0.9285,3.9871
113.8228,0.8916,3.8285
113.8230,0.9422,4.0439
113.8232,0.8927,3.8385
113.8234,0.8089,3.4781
113.8236,0.806,3.4657
113.8238,0.7844,3.3729
113.8240,0.7964,3.4213
113.8242,0.8147,3.4985
113.8244,0.8164,3.5073
113.8246,0.823,3.5357
113.8248,0.8303,3.5704
113.8250,0.8688,3.7342
113.8252,0.876,3.7616
113.8254,0.8999,3.864
113.8256,0.9107,3.9122
113.8258,0.8583,3.6905
113.8260,0.7415,3.1928
113.8262,0.7191,3.0948
113.8264,0.7444,3.2037
113.8266,0.7114,3.0632
113.8268,0.7096,3.0526
113.8270,0.7175,3.0881
113.8272,0.7012,3.0207
113.8274,0.6342,2.732
113.8276,0.6575,2.8327
113.8278,0.7171,3.0909
113.8280,0.6858,2.9519
113.8282,0.7085,3.0537
113.8284,0.5974,2.577
113.8286,0.6023,2.5982
113.8288,0.5423,2.3385
113.8290,0.5406,2.3356
113.8292,0.5295,2.2832
113.8294,0.5903,2.5465
113.8296,0.5556,2.3992
113.8298,0.5065,2.1849
113.8300,0.5054,2.1813
113.8302,0.5373,2.3157
113.8304,0.5665,2.4441
113.8306,0.6014,2.591
113.8308,0.642,2.7681
113.8310,0.5522,2.382
113.8312,0.553,2.3856
113.8314,0.5544,2.394
113.8316,0.52,2.2423
113.8318,0.5406,2.3345
113.8320,0.5037,2.173
113.8322,0.5453,2.3492
113.8324,0.6095,2.6268
113.8326,0.5674,2.4488
113.8328,0.5282,2.2796
113.8330,0.5553,2.3954
113.8332,0.5465,2.3566
113.8334,0.5331,2.2976
113.8336,0.6139,2.6484
113.8338,0.5402,2.3324
113.8340,0.4896,2.112
113.8342,0.5135,2.2123
113.8344,0.577,2.4879
113.8346,0.5749,2.478
113.8348,0.5583,2.4106
113.8350,0.455,1.9648
113.8352,0.4384,1.8946
113.8354,0.4435,1.9125
113.8356,0.5488,2.362
113.8358,0.5597,2.4168
113.8360,0.4719,2.0378
113.8362,0.4917,2.1203
113.8364,0.5748,2.4751
113.8366,0.6137,2.6461
113.8368,0.5809,2.505
113.8370,0.5782,2.4919
113.8372,0.6042,2.5992
113.8374,0.658,2.8308
113.8376,0.7219,3.1072
113.8378,0.662,2.8492
113.8380,0.6284,2.7072
113.8382,0.6271,2.7015
113.8384,0.6373,2.7429
113.8386,0.6446,2.7743
113.8388,0.6577,2.8266
113.8390,0.7165,3.0797
113.8392,0.8044,3.4526
113.8394,0.836,3.5896
113.8396,0.7711,3.3157
113.8398,0.7312,3.1455
113.8400,0.7343,3.1574
113.8402,0.708,3.0488
113.8404,0.6067,2.6149
113.8406,0.5482,2.3627
113.8408,0.5404,2.3291
113.8410,0.5609,2.4175
113.8412,0.5951,2.5636
113.8414,0.6505,2.7983
113.8416,0.7093,3.053
113.8418,0.6597,2.842
113.8420,0.6275,2.7005
113.8422,0.6448,2.7754
113.8424,0.5803,2.5001
113.8426,0.5426,2.3384
113.8428,0.5404,2.3313
113.8430,0.5502,2.3704
113.8432,0.5894,2.5405
113.8434,0.5161,2.2284
113.8436,0.4681,2.0213
113.8438,0.4615,1.9909
113.8440,0.4634,1.9992
113.8442,0.4601,1.9838
113.8444,0.464,2.0018
113.8446,0.4577,1.9771
113.8448,0.4525,1.9539
113.8450,0.4486,1.936
113.8452,0.4433,1.9123
113.8454,0.4801,2.0711
113.8456,0.5131,2.2134
113.8458,0.4926,2.1219
113.8460,0.506,2.1828
113.8462,0.5092,2.1948
113.8464,0.5337,2.3002
113.8466,0.5291,2.2795
113.8468,0.599,2.5806
113.8470,0.5958,2.5679
113.8472,0.5417,2.3326
113.8474,0.5368,2.3104
113.8476,0.5801,2.4979
113.8478,0.5946,2.5603
113.8480,0.6108,2.6276
113.8482,0.5851,2.5242
113.8484,0.4921,2.1238
113.8486,0.4814,2.0758
113.8488,0.4832,2.0836
113.8490,0.4858,2.094
113.8492,0.4856,2.093
113.8494,0.4897,2.1115
113.8496,0.4998,2.1549
113.8498,0.5181,2.233
113.8500,0.554,2.3853
113.8502,0.6054,2.608
113.8504,0.6135,2.6395
113.8506,0.5924,2.5499
113.8508,0.6465,2.7748
113.8510,0.7641,3.2843
113.8512,0.7469,3.2101
113.8514,0.7143,3.0656
113.8516,0.7749,3.3291
113.8518,0.7974,3.4254
113.8520,0.8186,3.5133
113.8522,0.8525,3.6556
113.8524,0.9123,3.9085
113.8526,0.9758,4.1782
113.8528,0.9879,4.2321
113.8530,0.9676,4.1453
113.8532,0.9798,4.1977
113.8534,0.9638,4.1346
113.8536,0.9376,4.0168
113.8538,1.0054,4.3071
113.8540,1.0031,4.2933
113.8542,1.0306,4.4129
113.8544,1.038,4.4447
113.8546,1.0327,4.4242
113.8548,0.9718,4.1671
113.8550,0.9267,3.9738
113.8552,0.9971,4.2636
113.8554,1.0766,4.6057
113.8556,1.058,4.5347
113.8558,0.985,4.2237
113.8560,0.9173,3.9369
113.8562,0.8554,3.6764
113.8564,0.8176,3.5174
113.8566,0.7691,3.3039
113.8568,0.8346,3.5823
113.8570,0.8776,3.7665
113.8572,0.9033,3.8772
113.8574,0.8945,3.8409
113.8576,0.9133,3.9162
113.8578,0.9033,3.879
113.8580,0.8954,3.845
113.8582,0.8759,3.7663
113.8584,0.8113,3.4884
113.8586,0.7362,3.1657
113.8588,0.7592,3.2647
113.8590,0.8131,3.4994
113.8592,0.768,3.3038
113.8594,0.7692,3.3059
113.8596,0.7858,3.3775
113.8598,0.8378,3.6024
113.8600,0.7851,3.3776
113.8602,0.7381,3.1769
113.8604,0.678,2.9183
113.8606,0.6893,2.9655
113.8608,0.7644,3.2899
113.8610,0.762,3.2826
113.8612,0.6856,2.9508
113.8614,0.7005,3.0134
113.8616,0.7454,3.2069
113.8618,0.7475,3.2141
113.8620,0.7533,3.2409
113.8622,0.7375,3.1758
113.8624,0.6824,2.9396
113.8626,0.6926,2.9808
113.8628,0.6671,2.8767
113.8630,0.5921,2.553
113.8632,0.5667,2.4446
113.8634,0.5837,2.5157
113.8636,0.6083,2.6216
113.8638,0.5842,2.5201
113.8640,0.5669,2.4445
113.8642,0.5674,2.4477
113.8644,0.5664,2.4435
113.8646,0.5643,2.4342
113.8648,0.57,2.4579
113.8650,0.5676,2.4476
113.8652,0.5273,2.2739
113.8654,0.5676,2.4476
113.8656,0.538,2.3199
113.8658,0.5346,2.3086
113.8660,0.5072,2.189
113.8662,0.5361,2.3127
113.8664,0.527,2.2723
113.8666,0.5239,2.2589
113.8668,0.5644,2.4359
113.8670,0.5282,2.2775
113.8672,0.5272,2.2723
113.8674,0.5277,2.2775
113.8676,0.5312,2.2904
113.8678,0.5627,2.4264
113.8680,0.5307,2.2894
113.8682,0.5288,2.2811
113.8684,0.526,2.2671
113.8686,0.57,2.4545
113.8688,0.6026,2.5973
113.8690,0.5352,2.308
113.8692,0.527,2.2734
113.8694,0.5269,2.2728
113.8696,0.5306,2.2878
113.8698,0.5403,2.3286
113.8700,0.5388,2.3235
113.8702,0.5355,2.309
113.8704,0.5894,2.537
113.8706,0.6422,2.7627
113.8708,0.6544,2.8154
113.8710,0.6729,2.8975
113.8712,0.6436,2.7715
113.8714,0.6369,2.7413
113.8716,0.631,2.7173
113.8718,0.6649,2.8589
113.8720,0.7157,3.0746
113.8722,0.7271,3.1236
113.8724,0.8233,3.5334
113.8726,0.8737,3.7518
113.8728,0.8091,3.4759
113.8730,0.7536,3.245
113.8732,0.6432,2.7682
113.8734,0.6914,2.9742
113.8736,0.6993,3.0041
113.8738,0.7217,3.1033
113.8740,0.7596,3.2662
113.8742,0.8008,3.4388
113.8744,0.8222,3.5321
113.8746,0.7771,3.3446
113.8748,0.6587,2.8366
113.8750,0.6321,2.7156
113.8752,0.7657,3.2864
113.8754,0.7544,3.2486
113.8756,0.6422,2.764
113.8758,0.6916,2.9739
113.8760,0.7326,3.1473
113.8762,0.7376,3.1748
113.8764,0.674,2.9008
113.8766,0.6768,2.9132
113.8768,0.6707,2.8815
113.8770,0.7549,3.2461
113.8772,0.7972,3.4281
113.8774,0.7224,3.1122
113.8776,0.6851,2.9474
113.8778,0.6945,2.989
113.8780,0.6724,2.8968
113.8782,0.6078,2.6171
113.8784,0.6434,2.7679
113.8786,0.7101,3.0533
113.8788,0.7161,3.0848
113.8790,0.6398,2.7601
113.8792,0.5452,2.3531
113.8794,0.5228,2.2521
113.8796,0.5681,2.4485
113.8798,0.6018,2.5925
113.8800,0.593,2.5548
113.8802,0.5344,2.3076
113.8804,0.424,1.8316
113.8806,0.438,1.8895
113.8808,0.5207,2.2475
113.8810,0.5044,2.1761
113.8812,0.4953,2.1368
113.8814,0.4893,2.11
113.8816,0.4849,2.0899
113.8818,0.5478,2.3612
113.8820,0.5392,2.3229
113.8822,0.5711,2.4614
113.8824,0.5517,2.3799
113.8826,0.495,2.1343
113.8828,0.505,2.1777
113.8830,0.5456,2.3514
113.8832,0.6065,2.6139
113.8834,0.5908,2.5414
113.8836,0.6352,2.7341
113.8838,0.6201,2.6691
113.8840,0.6875,2.955
113.8842,0.7583,3.2605
113.8844,0.7801,3.3513
113.8846,0.7872,3.3801
113.8848,0.845,3.6282
113.8850,0.8669,3.7173
113.8852,0.8904,3.8198
113.8854,0.8814,3.7777
113.8856,0.9342,4.0001
113.8858,0.9703,4.1624
113.8860,0.9563,4.1008
113.8862,0.9741,4.171
113.8864,0.9915,4.2514
113.8866,0.9309,3.9974
113.8868,0.8495,3.6478
113.8870,0.809,3.4722
113.8872,0.8376,3.6002
113.8874,0.829,3.5631
113.8876,0.8331,3.5773
113.8878,0.8385,3.6038
113.8880,0.7186,3.0856
113.8882,0.8203,3.5189
113.8884,0.8592,3.6912
113.8886,0.7945,3.4178
113.8888,0.7422,3.1929
113.8890,0.7247,3.1162
113.8892,0.7276,3.13
113.8894,0.7121,3.0677
113.8896,0.6792,2.9194
113.8898,0.7592,3.2631
113.8900,0.7428,3.1955
113.8902,0.7382,3.1759
113.8904,0.7542,3.243
113.8906,0.7723,3.3147
113.8908,0.8409,3.6141
113.8910,0.7832,3.3662
113.8912,0.8303,3.5671
113.8914,0.8045,3.4547
113.8916,0.8433,3.6193
113.8918,0.8294,3.5679
113.8920,0.7634,3.2827
113.8922,0.8117,3.4872
113.8924,0.7977,3.4334
113.8926,0.7147,3.0734
113.8928,0.7432,3.1985
113.8930,0.7276,3.1285
113.8932,0.7253,3.1275
113.8934,0.594,2.5637
113.8936,0.527,2.2734
113.8938,0.5197,2.2418
113.8940,0.5117,2.2097
113.8942,0.5086,2.1932
113.8944,0.5787,2.4928
113.8946,0.608,2.6194
113.8948,0.5597,2.4146
113.8950,0.5634,2.4261
113.8952,0.6646,2.8632
113.8954,0.6111,2.6316
113.8956,0.6486,2.7953
113.8958,0.5701,2.4596
113.8960,0.5175,2.2315
113.8962,0.5167,2.2278
113.8964,0.5523,2.3792
113.8966,0.6125,2.636
113.8968,0.6768,2.9159
113.8970,0.677,2.915
113.8972,0.6838,2.9417
113.8974,0.7032,3.0239
113.8976,0.7152,3.0726
113.8978,0.7595,3.2657
113.8980,0.6917,2.9744
113.8982,0.6735,2.8987
113.8984,0.6664,2.8696
113.8986,0.6712,2.8903
113.8988,0.6932,2.9806
113.8990,0.7446,3.2003
113.8992,0.7296,3.1431
113.8994,0.6516,2.8095
113.8996,0.6097,2.6254
113.8998,0.6108,2.6337
113.9000,0.5135,2.2144
113.9002,0.4929,2.1284
113.9004,0.5012,2.1631
113.9006,0.4999,2.1565
113.9008,0.5024,2.1653
113.9010,0.5322,2.2972
113.9012,0.4976,2.1486
113.9014,0.4227,1.825
113.9016,0.3993,1.7257
113.9018,0.411,1.7748
113.9020,0.4547,1.9624
113.9022,0.4435,1.9151
113.9024,0.4867,2.0996
113.9026,0.5477,2.3607
113.9028,0.5556,2.3948
113.9030,0.4988,2.1508
113.9032,0.5234,2.2557
113.9034,0.655,2.8245
113.9036,0.5688,2.4505
113.9038,0.5613,2.4168
113.9040,0.5976,2.5732
113.9042,0.6033,2.598
113.9044,0.5791,2.4926
113.9046,0.5727,2.4647
113.9048,0.5881,2.5301
113.9050,0.6405,2.7568
113.9052,0.6984,3.0061
113.9054,0.6608,2.84
113.9056,0.7027,3.0218
113.9058,0.718,3.0916
113.9060,0.6162,2.6533
113.9062,0.5404,2.3291
113.9064,0.5366,2.3147
113.9066,0.5381,2.3204
113.9068,0.5357,2.309
113.9070,0.5589,2.4076
113.9072,0.6331,2.7223
113.9074,0.7126,3.0655
113.9076,0.6948,2.9864
113.9078,0.6712,2.8916
113.9080,0.5583,2.405
113.9082,0.5364,2.3142
113.9084,0.5328,2.2976
113.9086,0.5318,2.2919
113.9088,0.5248,2.263
113.9090,0.5278,2.2749
113.9092,0.5201,2.2439
113.9094,0.5085,2.1917
113.9096,0.5613,2.4168
113.9098,0.5634,2.4295
113.9100,0.4885,2.1054
113.9102,0.4881,2.1067
113.9104,0.4717,2.0358
113.9106,0.4712,2.0328
113.9108,0.4731,2.0402
113.9110,0.4763,2.0546
113.9112,0.4739,2.0442
113.9114,0.4717,2.034
113.9116,0.464,2.0018
113.9118,0.4947,2.1332
113.9120,0.4613,1.9908
113.9122,0.4422,1.9059
113.9124,0.5036,2.1685
113.9126,0.5374,2.3119
113.9128,0.6121,2.6345
113.9130,0.606,2.6094
113.9132,0.5442,2.3468
113.9134,0.5313,2.2888
113.9136,0.5802,2.4949
113.9138,0.6103,2.628
113.9140,0.6108,2.6288
113.9142,0.6658,2.8604
113.9144,0.6662,2.8659
113.9146,0.6391,2.7493
113.9148,0.658,2.8229
113.9150,0.6909,2.9735
113.9152,0.6207,2.6716
113.9154,0.6316,2.7161
113.9156,0.6761,2.9087
113.9158,0.7104,3.052
113.9160,0.7544,3.2395
113.9162,0.8075,3.4644
113.9164,0.7944,3.4062
113.9166,0.8258,3.5425
113.9168,0.8057,3.4583
113.9170,0.847,3.6353
113.9172,0.8549,3.6675
113.9174,0.8464,3.6293
113.9176,0.8482,3.637
113.9178,0.8756,3.7513
113.9180,0.9863,4.2214
113.9182,1.0231,4.381
113.9184,1.0316,4.4113
113.9186,1.0965,4.6909
113.9188,1.1135,4.7615
113.9190,1.082,4.6353
113.9192,1.0309,4.402
113.9194,1.1152,4.7709
113.9196,1.1229,4.8015
113.9198,1.1408,4.8847
113.9200,1.0581,4.5352
113.9202,1.0005,4.288
113.9204,0.95,4.0717
113.9206,0.915,3.9271
113.9208,0.9009,3.8633
113.9210,0.9212,3.952
113.9212,0.885,3.7984
113.9214,0.8701,3.7381
113.9216,0.829,3.5581
113.9218,0.8502,3.6492
113.9220,0.865,3.7142
113.9222,0.8223,3.5342
113.9224,0.8246,3.5391
113.9226,0.8749,3.7534
113.9228,0.8971,3.8558
113.9230,0.8597,3.6967
113.9232,0.8138,3.4976
113.9234,0.789,3.3878
113.9236,0.8296,3.5656
113.9238,0.7734,3.327
113.9240,0.7792,3.3508
113.9242,0.7932,3.4106
113.9244,0.7816,3.3626
113.9246,0.7472,3.2131
113.9248,0.8116,3.4867
113.9250,0.8699,3.7353
113.9252,0.8753,3.7585
113.9254,0.8222,3.5419
113.9256,0.6561,2.8278
113.9258,0.6592,2.8399
113.9260,0.6472,2.787
113.9262,0.6852,2.952
113.9264,0.6529,2.8139
113.9266,0.6177,2.6587
113.9268,0.6701,2.8816
113.9270,0.7152,3.0769
113.9272,0.6731,2.8985
113.9274,0.6444,2.7772
113.9276,0.65,2.7989
113.9278,0.7219,3.1043
113.9280,0.7396,3.186
113.9282,0.6068,2.6191
113.9284,0.561,2.4191
113.9286,0.5604,2.4166
113.9288,0.5645,2.4341
113.9290,0.5911,2.5442
113.9292,0.6312,2.7203
113.9294,0.541,2.335
113.9296,0.4929,2.1284
113.9298,0.4986,2.1478
113.9300,0.5791,2.4961
113.9302,0.5518,2.3793
113.9304,0.543,2.3427
113.9306,0.5454,2.353
113.9308,0.5499,2.3711
113.9310,0.5475,2.3607
113.9312,0.6604,2.8398
113.9314,0.7981,3.4317
113.9316,0.6969,3.0049
113.9318,0.5621,2.4249
113.9320,0.5285,2.278
113.9322,0.5441,2.3451
113.9324,0.6372,2.7449
113.9326,0.6446,2.7756
113.9328,0.629,2.7098
113.9330,0.5649,2.4357
113.9332,0.5567,2.4016
113.9334,0.5595,2.4102
113.9336,0.5873,2.5277
113.9338,0.6327,2.7245
113.9340,0.6566,2.8286
113.9342,0.6397,2.757
113.9344,0.6826,2.9311
113.9346,0.7958,3.4235
113.9348,0.6354,2.741
113.9350,0.5834,2.5135
113.9352,0.6192,2.6662
113.9354,0.6569,2.8288
113.9356,0.6533,2.812
113.9358,0.6539,2.8146
113.9360,0.6821,2.9372
113.9362,0.7017,3.0228
113.9364,0.6709,2.8874
113.9366,0.6468,2.7862
113.9368,0.6374,2.7447
113.9370,0.6381,2.7465
113.9372,0.6374,2.7447
113.9374,0.6447,2.7749
113.9376,0.6924,2.9747
113.9378,0.7755,3.3301
113.9380,0.8625,3.7034
113.9382,0.9019,3.8602
113.9384,1.0085,4.3204
113.9386,0.9518,4.0775
113.9388,0.9406,4.0372
113.9390,0.9137,3.9214
113.9392,0.8794,3.7795
113.9394,0.7321,3.1511
113.9396,0.7372,3.1683
113.9398,0.7808,3.3559
113.9400,0.7644,3.2868
113.9402,0.7628,3.2786
113.9404,0.7652,3.2904
113.9406,0.7542,3.2415
113.9408,0.7718,3.3188
113.9410,0.7964,3.4197
113.9412,0.8376,3.6019
113.9414,0.7492,3.2214
113.9416,0.6968,2.9974
113.9418,0.6866,2.9536
113.9420,0.6743,2.905
113.9422,0.6758,2.9085
113.9424,0.68,2.9307
113.9426,0.5971,2.5724
113.9428,0.5969,2.5701
113.9430,0.6396,2.7565
113.9432,0.6312,2.7165
113.9434,0.7439,3.1957
113.9436,0.7587,3.2626
113.9438,0.7291,3.1367
113.9440,0.6674,2.8817
113.9442,0.5421,2.3364
113.9444,0.6001,2.5817
113.9446,0.6832,2.9405
113.9448,0.662,2.8545
113.9450,0.5652,2.4361
113.9452,0.5796,2.4993
113.9454,0.5159,2.2247
113.9456,0.4569,1.9749
113.9458,0.4012,1.7348
113.9460,0.3944,1.7036
113.9462,0.3956,1.708
113.9464,0.4091,1.7641
113.9466,0.4935,2.1261
113.9468,0.5507,2.3758
113.9470,0.493,2.127
113.9472,0.4844,2.0888
113.9474,0.4904,2.1176
113.9476,0.4842,2.0906
113.9478,0.4832,2.0836
113.9480,0.5224,2.2506
113.9482,0.5855,2.5223
113.9484,0.5761,2.4843
113.9486,0.5062,2.1829
113.9488,0.4932,2.1265
113.9490,0.5137,2.2159
113.9492,0.5568,2.3977
113.9494,0.6147,2.6471
113.9496,0.5804,2.5029
113.9498,0.5806,2.4988
113.9500,0.681,2.9271
113.9502,0.724,3.1102
113.9504,0.7496,3.2219
113.9506,0.7345,3.157
113.9508,0.7956,3.4177
113.9510,0.818,3.5108
113.9512,0.8712,3.7288
113.9514,0.9579,4.1017
113.9516,1.0432,4.4605
113.9518,1.1276,4.8215
113.9520,1.1306,4.8365
113.9522,1.1149,4.7627
113.9524,1.1798,5.0474
113.9526,1.0958,4.7009
113.9528,0.9543,4.0863
113.9530,0.9905,4.2414
113.9532,1.0665,4.5605
113.9534,1.1496,4.9135
113.9536,1.1062,4.7346
113.9538,1.074,4.5966
113.9540,1.1439,4.8935
113.9542,1.121,4.7978
113.9544,1.0246,4.3954
113.9546,0.9651,4.1325
113.9548,0.9819,4.2103
113.9550,0.967,4.1485
113.9552,0.9493,4.0686
113.9554,0.9593,4.1194
113.9556,0.9037,3.8841
113.9558,0.8444,3.6257
113.9560,0.8849,3.7979
113.9562,0.9111,3.9124
113.9564,0.9236,3.9697
113.9566,0.8267,3.5533
113.9568,0.844,3.6275
113.9570,0.8747,3.7594
113.9572,0.8591,3.6838
113.9574,0.8768,3.7722
113.9576,0.826,3.5485
113.9578,0.9087,3.9021
113.9580,0.8113,3.4917
113.9582,0.7939,3.4121
113.9584,0.8637,3.7137
113.9586,0.827,3.5576
113.9588,0.7724,3.3245
113.9590,0.7156,3.0799
113.9592,0.7096,3.0569
113.9594,0.7209,3.1011
113.9596,0.7504,3.234
113.9598,0.6635,2.8572
113.9600,0.6804,2.9327
113.9602,0.6759,2.9144
113.9604,0.6134,2.6438
113.9606,0.6123,2.638
113.9608,0.6356,2.7369
113.9610,0.6433,2.7738
113.9612,0.5948,2.5661
113.9614,0.5989,2.5873
113.9616,0.5326,2.2987
113.9618,0.546,2.3556
113.9620,0.5674,2.4499
113.9622,0.5143,2.2206
113.9624,0.4838,2.0891
113.9626,0.4747,2.0497
113.9628,0.4814,2.0778
113.9630,0.4903,2.1131
113.9632,0.5482,2.3638
113.9634,0.5571,2.4076
113.9636,0.4404,1.9025
113.9638,0.4096,1.7711
113.9640,0.411,1.7756
113.9642,0.4598,1.9846
113.9644,0.5011,2.1596
113.9646,0.5694,2.4553
113.9648,0.4969,2.1445
113.9650,0.4632,1.9991
113.9652,0.4484,1.9381
113.9654,0.4476,1.9336
113.9656,0.4444,1.9179
113.9658,0.4477,1.9341
113.9660,0.4464,1.9284
113.9662,0.4452,1.9224
113.9664,0.4508,1.9458
113.9666,0.4494,1.9405
113.9668,0.4496,1.9415
113.9670,0.448,1.9334
113.9672,0.4482,1.9353
113.9674,0.4514,1.9502
113.9676,0.4468,1.9282
113.9678,0.449,1.9371
113.9680,0.4459,1.9255
113.9682,0.4459,1.9255
113.9684,0.4504,1.9428
113.9686,0.4797,2.0676
113.9688,0.5508,2.3741
113.9690,0.5682,2.4536
113.9692,0.5121,2.2082
113.9694,0.558,2.404
113.9696,0.5681,2.4462
113.9698,0.5694,2.4519
113.9700,0.5668,2.4428
113.9702,0.5945,2.561
113.9704,0.5754,2.48
113.9706,0.5631,2.4279
113.9708,0.5679,2.4486
113.9710,0.5698,2.4557
113.9712,0.5759,2.4775
113.9714,0.6392,2.746
113.9716,0.698,2.9998
113.9718,0.6971,2.992
113.9720,0.8171,3.5137
113.9722,0.7221,3.1135
113.9724,0.5673,2.4449
113.9726,0.5693,2.4514
113.9728,0.6694,2.8798
113.9730,0.7174,3.0833
113.9732,0.6511,2.8048
113.9734,0.5875,2.5299
113.9736,0.593,2.5536
113.9738,0.6318,2.7179
113.9740,0.6798,2.922
113.9742,0.73,3.1374
113.9744,0.7628,3.2817
113.9746,0.7211,3.1021
113.9748,0.6547,2.819
113.9750,0.6205,2.6694
113.9752,0.7083,3.0427
113.9754,0.7252,3.1197
113.9756,0.6173,2.6604
113.9758,0.6294,2.7088
113.9760,0.6348,2.7333
113.9762,0.555,2.3922
113.9764,0.5475,2.3585
113.9766,0.6192,2.6637
113.9768,0.6309,2.7143
113.9770,0.6547,2.8177
113.9772,0.6862,2.9507
113.9774,0.678,2.9183
113.9776,0.6002,2.5834
113.9778,0.6412,2.7625
113.9780,0.6321,2.7207
113.9782,0.6095,2.6207
113.9784,0.6777,2.9154
113.9786,0.6072,2.617
113.9788,0.5896,2.5375
113.9790,0.7263,3.1214
113.9792,0.7218,3.1052
113.9794,0.6647,2.865
113.9796,0.5784,2.4906
113.9798,0.6336,2.7243
113.9800,0.6623,2.856
113.9802,0.5125,2.2087
113.9804,0.5525,2.3846
113.9806,0.4936,2.1305
113.9808,0.4914,2.1187
113.9810,0.4982,2.1482
113.9812,0.4962,2.1404
113.9814,0.4975,2.1451
113.9816,0.4951,2.1338
113.9818,0.4964,2.1395
113.9820,0.4974,2.1476
113.9822,0.5023,2.1658
113.9824,0.5314,2.2893
113.9826,0.5646,2.4313
113.9828,0.6111,2.6328
113.9830,0.5727,2.467
113.9832,0.5699,2.4506
113.9834,0.6777,2.9154
113.9836,0.7213,3.0989
113.9838,0.756,3.2477
113.9840,0.7179,3.0853
113.9842,0.7659,3.2889
113.9844,0.8105,3.4788
113.9846,0.8508,3.6415
113.9848,0.9921,4.2421
113.9850,1.0234,4.3841
113.9852,0.9831,4.2135
113.9854,0.9242,3.9649
113.9856,0.9045,3.8805
113.9858,0.9361,4.0102
113.9860,0.9639,4.1313
113.9862,0.9384,4.0218
113.9864,0.9607,4.1193
113.9866,0.9675,4.1428
113.9868,1.0096,4.3311
113.9870,0.8814,3.783
113.9872,0.8195,3.5158
113.9874,0.8812,3.782
113.9876,0.8259,3.548
113.9878,0.8149,3.499
113.9880,0.8358,3.5858
113.9882,0.873,3.7417
113.9884,0.8774,3.7695
113.9886,0.8439,3.6253
113.9888,0.8378,3.599
113.9890,0.8111,3.483
113.9892,0.8318,3.5733
113.9894,0.8095,3.4775
113.9896,0.7988,3.4268
113.9898,0.8065,3.4694
113.9900,0.7893,3.3941
113.9902,0.8189,3.5165
113.9904,0.8519,3.6581
113.9906,0.8746,3.7572
113.9908,0.8587,3.684
113.9910,0.8771,3.7592
113.9912,0.9279,3.979
113.9914,0.8469,3.6382
113.9916,0.8378,3.6007
113.9918,0.8566,3.6816
113.9920,0.8165,3.5095
113.9922,0.7873,3.3853
113.9924,0.7346,3.1634
113.9926,0.6964,2.9959
113.9928,0.7373,3.1703
113.9930,0.7063,3.0387
113.9932,0.7025,3.025
113.9934,0.7008,3.015
113.9936,0.6745,2.9028
113.9938,0.7068,3.0394
113.9940,0.7294,3.1392
113.9942,0.7134,3.0706
113.9944,0.7229,3.1113
113.9946,0.7313,3.1416
113.9948,0.715,3.0758
113.9950,0.6627,2.8549
113.9952,0.682,2.9381
113.9954,0.6737,2.9024
113.9956,0.6069,2.6159
113.9958,0.6026,2.5973
113.9960,0.6037,2.5996
113.9962,0.6796,2.9237
113.9964,0.6755,2.9102
113.9966,0.6376,2.747
113.9968,0.6759,2.9077
113.9970,0.7183,3.0888
113.9972,0.6987,3.0085
113.9974,0.6486,2.7914
113.9976,0.7319,3.1413
113.9978,0.8484,3.6364
113.9980,0.9336,4.0087
113.9982,0.8595,3.694
113.9984,0.7864,3.3817
113.9986,0.8104,3.4816
113.9988,0.8259,3.5546
113.9990,0.6915,2.9747
113.9992,0.7111,3.0622
113.9994,0.6127,2.642
113.9996,0.5477,2.365
113.9998,0.5434,2.3453
114.0000,0.5433,2.3426
114.0002,0.5327,2.2982
114.0004,0.533,2.2982
114.0006,0.5324,2.2977
114.0008,0.5399,2.3292
114.0010,0.5747,2.4735
114.0012,0.6935,2.9891
114.0014,0.5815,2.5099
114.0016,0.5474,2.3602
114.0018,0.5448,2.3504
114.0020,0.5422,2.3391
114.0022,0.5387,2.323
114.0024,0.582,2.5073
114.0026,0.645,2.7746
114.0028,0.6494,2.795
114.0030,0.6767,2.9167
114.0032,0.635,2.7356
114.0034,0.6373,2.7441
114.0036,0.6362,2.7382
114.0038,0.6798,2.9274
114.0040,0.6945,2.9876
114.0042,0.7593,3.2637
114.0044,0.7827,3.3626
114.0046,0.7882,3.3894
114.0048,0.7882,3.3847
114.0050,0.842,3.6221
114.0052,0.7344,3.1623
114.0054,0.6289,2.7093
114.0056,0.6096,2.6273
114.0058,0.6072,2.617
114.0060,0.6111,2.6328
114.0062,0.6152,2.6491
114.0064,0.6073,2.6175
114.0066,0.599,2.583
114.0068,0.5993,2.5817
114.0070,0.6444,2.7733
114.0072,0.7145,3.0738
114.0074,0.7628,3.2786
114.0076,0.739,3.1731
114.0078,0.7616,3.2795
114.0080,0.6669,2.8757
114.0082,0.6434,2.7666
114.0084,0.7128,3.068
114.0086,0.6616,2.8529
114.0088,0.6111,2.6304
114.0090,0.6596,2.8362
114.0092,0.6692,2.8801
114.0094,0.7,3.0128
114.0096,0.6199,2.6705
114.0098,0.6097,2.6242
114.0100,0.6653,2.8689
114.0102,0.5957,2.565
114.0104,0.6065,2.6163
114.0106,0.5324,2.2956
114.0108,0.5346,2.3043
114.0110,0.6115,2.6331
114.0112,0.6038,2.6073
114.0114,0.4348,1.8791
114.0116,0.4101,1.7723
114.0118,0.3948,1.7065
114.0120,0.3881,1.6767
114.0122,0.3915,1.6896
114.0124,0.4062,1.7525
114.0126,0.4205,1.8166
114.0128,0.3953,1.7062
114.0130,0.488,2.1023
114.0132,0.6408,2.7604
114.0134,0.6275,2.7043
114.0136,0.5948,2.5614
114.0138,0.5722,2.4649
114.0140,0.543,2.3438
114.0142,0.4954,2.1343
114.0144,0.5743,2.4719
114.0146,0.6292,2.7121
114.0148,0.5763,2.4848
114.0150,0.5869,2.5261
114.0152,0.6186,2.6624
114.0154,0.6357,2.7362
114.0156,0.6812,2.9317
114.0158,0.676,2.9041
114.0160,0.7605,3.2627
114.0162,0.8393,3.6057
114.0164,0.7953,3.4183
114.0166,0.7776,3.342
114.0168,0.7639,3.2832
114.0170,0.7544,3.241
114.0172,0.7766,3.3363
114.0174,0.8192,3.5175
114.0176,0.8331,3.5756
114.0178,0.8521,3.6591
114.0180,0.8463,3.6271
114.0182,0.9481,4.0596
114.0184,1.0276,4.4021
114.0186,1.0231,4.3831
114.0188,1.0071,4.3163
114.0190,0.986,4.2179
114.0192,1.0571,4.5242
114.0194,1.0385,4.4488
114.0196,1.09,4.6632
114.0198,1.0988,4.705
114.0200,1.006,4.3137
114.0202,0.9651,4.1403
114.0204,0.9652,4.1369
114.0206,0.9723,4.1653
114.0208,0.95,4.0793
114.0210,0.8422,3.6147
114.0212,0.9324,4.0036
114.0214,0.8878,3.8138
114.0216,0.7832,3.3693
114.0218,0.7591,3.2657
114.0220,0.7547,3.2436
114.0222,0.7505,3.2225
114.0224,0.755,3.2511
114.0226,0.6874,2.9572
114.0228,0.7501,3.23
114.0230,0.7149,3.0768
114.0232,0.7005,3.0148
114.0234,0.7661,3.2956
114.0236,0.7713,3.3121
114.0238,0.8167,3.5051
114.0240,0.8495,3.6495
114.0242,0.8609,3.695
114.0244,0.9161,3.928
114.0246,0.9193,3.9511
114.0248,0.7885,3.392
114.0250,0.7614,3.2739
114.0252,0.7517,3.2292
114.0254,0.7643,3.2848
114.0256,0.7667,3.2982
114.0258,0.7715,3.3173
114.0260,0.7664,3.2971
114.0262,0.7739,3.3307
114.0264,0.7851,3.3776
114.0266,0.7608,3.2714
114.0268,0.7486,3.2233
114.0270,0.7066,3.044
114.0272,0.6999,3.015
114.0274,0.6813,2.9377
114.0276,0.6125,2.6385
114.0278,0.7068,3.0408
114.0280,0.6922,2.9848
114.0282,0.6066,2.6168
114.0284,0.6231,2.6845
114.0286,0.6562,2.8257
114.0288,0.6705,2.8885
114.0290,0.6275,2.7068
114.0292,0.598,2.5772
114.0294,0.5879,2.5349
114.0296,0.6555,2.8226
114.0298,0.6532,2.818
114.0300,0.5246,2.263
114.0302,0.5246,2.263
114.0304,0.5291,2.2837
114.0306,0.4741,2.05
114.0308,0.4173,1.8042
114.0310,0.4421,1.9071
114.0312,0.5025,2.1709
114.0314,0.4562,1.97
114.0316,0.4477,1.9341
114.0318,0.4641,2.0023
114.0320,0.4635,2.0007
114.0322,0.4652,2.006
114.0324,0.48,2.0696
114.0326,0.4986,2.1538
114.0328,0.4752,2.0518
114.0330,0.4846,2.0908
114.0332,0.5362,2.311
114.0334,0.6007,2.5867
114.0336,0.6605,2.8443
114.0338,0.5804,2.5029
114.0340,0.5066,2.1885
114.0342,0.4692,2.0231
114.0344,0.5508,2.3741
114.0346,0.5538,2.3903
114.0348,0.5416,2.3332
114.0350,0.5717,2.4629
114.0352,0.6152,2.6504
114.0354,0.631,2.7148
114.0356,0.6628,2.8501
114.0358,0.6657,2.8652
114.0360,0.6801,2.9285
114.0362,0.6529,2.8139
114.0364,0.5879,2.5326
114.0366,0.5585,2.4083
114.0368,0.5565,2.3995
114.0370,0.5701,2.4527
114.0372,0.6788,2.9173
114.0374,0.773,3.327
114.0376,0.7297,3.1393
114.0378,0.7336,3.1514
114.0380,0.7822,3.3637
114.0382,0.7174,3.0876
114.0384,0.6927,2.9785
114.0386,0.7105,3.0582
114.0388,0.6758,2.9058
114.0390,0.6861,2.9556
114.0392,0.6621,2.8484
114.0394,0.6888,2.9689
114.0396,0.5769,2.4862
114.0398,0.617,2.6581
114.0400,0.5627,2.4264
114.0402,0.5456,2.3514
114.0404,0.603,2.5977
114.0406,0.637,2.7393
114.0408,0.6659,2.8622
114.0410,0.6554,2.826
114.0412,0.5739,2.4733
114.0414,0.5965,2.5698
114.0416,0.5622,2.4254
114.0418,0.5031,2.1714
114.0420,0.4532,1.9552
114.0422,0.4794,2.0661
114.0424,0.5391,2.3245
114.0426,0.5573,2.4031
114.0428,0.5281,2.2759
114.0430,0.5143,2.2154
114.0432,0.5676,2.4476
114.0434,0.5568,2.3988
114.0436,0.5908,2.5438
114.0438,0.5846,2.521
114.0440,0.5406,2.3302
114.0442,0.5328,2.2966
114.0444,0.5713,2.4647
114.0446,0.5276,2.2749
114.0448,0.5243,2.2599
114.0450,0.5416,2.3397
114.0452,0.411,1.7756
114.0454,0.3932,1.6977
114.0456,0.391,1.6868
114.0458,0.4175,1.8044
114.0460,0.3952,1.7041
114.0462,0.4747,2.0459
114.0464,0.5566,2.4011
114.0466,0.5007,2.1601
114.0468,0.4861,2.095
114.0470,0.4836,2.0861
114.0472,0.4851,2.0928
114.0474,0.4852,2.0914
114.0476,0.484,2.0872
114.0478,0.491,2.1162
114.0480,0.5343,2.3017
114.0482,0.554,2.3886
114.0484,0.4922,2.1214
114.0486,0.4846,2.0908
114.0488,0.4864,2.0976
114.0490,0.4965,2.139
114.0492,0.582,2.5037
114.0494,0.6158,2.6529
114.0496,0.5946,2.5591
114.0498,0.6609,2.8405
114.0500,0.7442,3.1972
114.0502,0.7385,3.1724
114.0504,0.7077,3.0387
114.0506,0.763,3.2765
114.0508,0.7949,3.4119
114.0510,0.8367,3.5859
114.0512,0.8829,3.7914
114.0514,0.8761,3.755
114.0516,0.9182,3.9354
114.0518,0.8994,3.8529
114.0520,0.9377,4.0173
114.0522,0.9826,4.2074
114.0524,0.9925,4.256
114.0526,0.9052,3.8835
114.0528,0.8782,3.7673
114.0530,0.8429,3.6127
114.0532,0.8835,3.7886
114.0534,0.9418,4.0347
114.0536,0.9662,4.1352
114.0538,0.9329,4.0079
114.0540,0.8038,3.4532
114.0542,0.8206,3.522
114.0544,0.9099,3.9018
114.0546,0.9102,3.9046
114.0548,0.8937,3.8359
114.0550,0.9093,3.8974
114.0552,0.9388,4.0238
114.0554,0.9552,4.1018
114.0556,0.8427,3.6167
114.0558,0.9115,3.9084
114.0560,0.9327,4.0013
114.0562,0.8772,3.7667
114.0564,0.8867,3.802
114.0566,0.9446,4.0484
114.0568,0.9377,4.0248
114.0570,0.8525,3.6623
114.0572,0.869,3.7299
114.0574,0.9216,3.9498
114.0576,0.9629,4.1329
114.0578,0.8983,3.8573
114.0580,0.8453,3.6297
114.0582,0.8184,3.5177
114.0584,0.7566,3.2548
114.0586,0.7533,3.2378
114.0588,0.7481,3.2166
114.0590,0.7144,3.0732
114.0592,0.7549,3.243
114.0594,0.8035,3.45
114.0596,0.8459,3.6323
114.0598,0.8506,3.6507
114.0600,0.8419,3.6119
114.0602,0.8918,3.8259
114.0604,0.871,3.7469
114.0606,0.7719,3.3239
114.0608,0.7458,3.2083
114.0610,0.7168,3.0792
114.0612,0.8094,3.4822
114.0614,0.7406,3.1862
114.0616,0.7006,3.0153
114.0618,0.7114,3.0603
114.0620,0.7771,3.3445
114.0622,0.7313,3.1489
114.0624,0.6593,2.8404
114.0626,0.6598,2.8412
114.0628,0.6717,2.8896
114.0630,0.6794,2.9253
114.0632,0.6073,2.6223
114.0634,0.5174,2.2309
114.0636,0.581,2.5054
114.0638,0.5851,2.5172
114.0640,0.7435,3.1971
114.0642,0.7345,3.1628
114.0644,0.6933,2.9838
114.0646,0.5971,2.5747
114.0648,0.5627,2.4263
114.0650,0.5631,2.4301
114.0652,0.5785,2.4957
114.0654,0.5704,2.4583
114.0656,0.573,2.4696
114.0658,0.5748,2.4785
114.0660,0.5845,2.5204
114.0662,0.623,2.6814
114.0664,0.6424,2.7714
114.0666,0.5261,2.2697
114.0668,0.5244,2.2614
114.0670,0.5303,2.2878
114.0672,0.5386,2.3224
114.0674,0.6033,2.5992
114.0676,0.5947,2.5656
114.0678,0.5325,2.2971
114.0680,0.528,2.2769
114.0682,0.5244,2.2625
114.0684,0.5595,2.4079
114.0686,0.6803,2.9254
114.0688,0.686,2.9551
114.0690,0.6385,2.7492
114.0692,0.6315,2.7193
114.0694,0.6415,2.7596
114.0696,0.6431,2.7694
114.0698,0.6497,2.7952
114.0700,0.712,3.0586
114.0702,0.8024,3.447
114.0704,0.8223,3.5358
114.0706,0.8146,3.4963
114.0708,0.8736,3.7477
114.0710,0.8614,3.7073
114.0712,0.6556,2.8244
114.0714,0.6199,2.6692
114.0716,0.6176,2.6607
114.0718,0.628,2.7056
114.0720,0.6495,2.7993
114.0722,0.6295,2.708
114.0724,0.6644,2.8608
114.0726,0.621,2.6751
114.0728,0.6261,2.6936
114.0730,0.671,2.8851
114.0732,0.7225,3.1083
114.0734,0.7308,3.1453
114.0736,0.7333,3.1518
114.0738,0.7482,3.2157
114.0740,0.7853,3.3739
114.0742,0.856,3.6824
114.0744,0.6352,2.7353
114.0746,0.6451,2.7764
114.0748,0.7129,3.0684
114.0750,0.7422,3.1929
114.0752,0.7513,3.2276
114.0754,0.7813,3.3579
114.0756,0.7078,3.0448
114.0758,0.7273,3.1289
114.0760,0.714,3.0717
114.0762,0.715,3.0715
114.0764,0.7467,3.2125
114.0766,0.7053,3.0382
114.0768,0.6461,2.781
114.0770,0.6675,2.8702
114.0772,0.7827,3.3625
114.0774,0.8009,3.444
114.0776,0.7231,3.1051
114.0778,0.7692,3.3074
114.0780,0.7106,3.0586
114.0782,0.6886,2.9664
114.0784,0.5958,2.5702
114.0786,0.5405,2.3296
114.0788,0.6529,2.8086
114.0790,0.7232,3.1085
114.0792,0.7489,3.2203
114.0794,0.7756,3.3321
114.0796,0.8176,3.5108
114.0798,0.8495,3.6477
114.0800,0.8816,3.7945
114.0802,0.724,3.1188
114.0804,0.6488,2.7911
114.0806,0.6797,2.9241
114.0808,0.7147,3.079
114.0810,0.6201,2.6727
114.0812,0.5844,2.5222
114.0814,0.5065,2.1849
114.0816,0.4912,2.1192
114.0818,0.522,2.2511
114.0820,0.6008,2.5871
114.0822,0.6743,2.9009
114.0824,0.7014,3.0133
114.0826,0.7212,3.1026
114.0828,0.7,3.0113
114.0830,0.7163,3.0815
114.0832,0.7419,3.1918
114.0834,0.7916,3.3991
114.0836,0.8,3.4383
114.0838,0.8282,3.5544
114.0840,0.8979,3.8521
114.0842,0.8959,3.8506
114.0844,0.8897,3.8166
114.0846,0.9381,4.0226
114.0848,0.9725,4.1701
114.0850,0.9647,4.1425
114.0852,0.9129,3.9164
114.0854,0.9501,4.0721
114.0856,0.9728,4.1673
114.0858,0.9923,4.253
114.0860,0.9647,4.1406
114.0862,0.9326,4.0045
114.0864,0.9002,3.8619
114.0866,0.952,4.0841
114.0868,0.9213,3.9543
114.0870,0.9066,3.891
114.0872,0.9502,4.0783
114.0874,0.9175,3.936
114.0876,0.9007,3.8694
114.0878,0.8851,3.8042
114.0880,0.8755,3.7577
114.0882,0.8936,3.8354
114.0884,0.9169,3.9389
114.0886,0.8382,3.6044
114.0888,0.7689,3.3079
114.0890,0.7621,3.277
114.0892,0.8171,3.512
114.0894,0.7996,3.4399
114.0896,0.793,3.4116
114.0898,0.7863,3.3843
114.0900,0.7404,3.1851
114.0902,0.7174,3.0861
114.0904,0.7352,3.1644
114.0906,0.709,3.0514
114.0908,0.7,3.0141
114.0910,0.678,2.9196
114.0912,0.6782,2.9229
114.0914,0.6724,2.8954
114.0916,0.6849,2.9477
114.0918,0.727,3.1303
114.0920,0.6409,2.766
114.0922,0.5356,2.3116
114.0924,0.4973,2.1475
114.0926,0.5009,2.1641
114.0928,0.5025,2.1688
114.0930,0.5217,2.2474
114.0932,0.5907,2.5485
114.0934,0.5988,2.5796
114.0936,0.6343,2.7312
114.0938,0.6248,2.6929
114.0940,0.6,2.5907
114.0942,0.5143,2.2216
114.0944,0.5067,2.1849
114.0946,0.6199,2.668
114.0948,0.688,2.9625
114.0950,0.662,2.8491
114.0952,0.6595,2.8422
114.0954,0.6007,2.5902
114.0956,0.5909,2.5431
114.0958,0.6473,2.79
114.0960,0.6049,2.6059
114.0962,0.6154,2.6501
114.0964,0.6258,2.6995
114.0966,0.5628,2.4291
114.0968,0.5643,2.4319
114.0970,0.5756,2.4799
114.0972,0.5987,2.579
114.0974,0.6153,2.6521
114.0976,0.6244,2.6938
114.0978,0.5274,2.2754
114.0980,0.5495,2.3695
114.0982,0.6107,2.6319
114.0984,0.6009,2.5901
114.0986,0.5194,2.2438
114.0988,0.4601,1.9874
114.0990,0.4563,1.9687
114.0992,0.4665,2.0154
114.0994,0.4598,1.9864
114.0996,0.4517,1.9512
114.0998,0.455,1.9648
114.1000,0.4527,1.9549
114.1002,0.4571,1.9736
114.1004,0.4535,1.9562
114.1006,0.4869,2.0976
114.1008,0.5172,2.2345
114.1010,0.4561,1.9704
114.1012,0.4491,1.9376
114.1014,0.4652,2.006
114.1016,0.5234,2.2567
114.1018,0.5705,2.4565
114.1020,0.6226,2.6799
114.1022,0.5718,2.4633
114.1024,0.5551,2.3915
114.1026,0.5694,2.4553
114.1028,0.5695,2.4558
114.1030,0.5645,2.4307
114.1032,0.5723,2.4665
114.1034,0.5615,2.4212
114.1036,0.5716,2.4612
114.1038,0.62,2.6685
114.1040,0.6617,2.8454
114.1042,0.6916,2.9738
114.1044,0.6894,2.9673
114.1046,0.7092,3.0553
114.1048,0.6628,2.8541
114.1050,0.6242,2.6878
114.1052,0.6309,2.7205
114.1054,0.5149,2.218
114.1056,0.5141,2.218
114.1058,0.5151,2.2211
114.1060,0.5123,2.2092
114.1062,0.5211,2.2459
114.1064,0.5791,2.496
114.1066,0.6091,2.6203
114.1068,0.6137,2.6411
114.1070,0.6319,2.7196
114.1072,0.6445,2.7738
114.1074,0.6485,2.7926
114.1076,0.6401,2.7565
114.1078,0.6195,2.6726
114.1080,0.5322,2.2961
114.1082,0.5141,2.2149
114.1084,0.5714,2.4652
114.1086,0.4852,2.0943
114.1088,0.4633,1.9959
114.1090,0.5411,2.33
114.1092,0.602,2.5935
114.1094,0.6509,2.799
114.1096,0.6418,2.7637
114.1098,0.5489,2.3669
114.1100,0.5324,2.2966
114.1102,0.5477,2.3606
114.1104,0.5598,2.4106
114.1106,0.5809,2.5026
114.1108,0.5532,2.3833
114.1110,0.5779,2.4943
114.1112,0.5039,2.177
114.1114,0.4056,1.7523
114.1116,0.3933,1.6958
114.1118,0.4971,2.1395
114.1120,0.6115,2.6306
114.1122,0.6427,2.7686
114.1124,0.5626,2.4236
114.1126,0.5256,2.2666
114.1128,0.5089,2.1952
114.1130,0.5017,2.1612
114.1132,0.5344,2.3
114.1134,0.5816,2.5057
114.1136,0.597,2.573
114.1138,0.6023,2.5921
114.1140,0.5858,2.5238
114.1142,0.5186,2.233
114.1144,0.5687,2.451
114.1146,0.6057,2.6095
114.1148,0.608,2.6169
114.1150,0.6291,2.7052
114.1152,0.6586,2.8281
114.1154,0.7334,3.1493
114.1156,0.7959,3.4176
114.1158,0.7867,3.3764
114.1160,0.7954,3.4123
114.1162,0.8409,3.6123
114.1164,0.8092,3.4764
114.1166,0.7642,3.2832
114.1168,0.765,3.2802
114.1170,0.8344,3.5779
114.1172,0.8555,3.6649
114.1174,0.8978,3.8498
114.1176,0.891,3.8241
114.1178,0.8883,3.8092
114.1180,0.9151,3.9239
114.1182,0.857,3.6784
114.1184,0.8556,3.6671
114.1186,0.9365,4.0121
114.1188,0.9791,4.1847
114.1190,1.1021,4.7193
114.1192,0.9714,4.1674
114.1194,0.91,3.9004
114.1196,0.9651,4.1363
114.1198,0.974,4.1744
114.1200,0.9181,3.9386
114.1202,0.8845,3.7945
114.1204,0.87,3.734
114.1206,0.9082,3.8982
114.1208,0.9725,4.1682
114.1210,0.991,4.2513
114.1212,0.8816,3.7839
114.1214,0.8677,3.7277
114.1216,0.8188,3.5159
114.1218,0.802,3.4454
114.1220,0.824,3.5414
114.1222,0.8244,3.5418
114.1224,0.83,3.5638
114.1226,0.829,3.563
114.1228,0.8204,3.5243
114.1230,0.7973,3.427
114.1232,0.8062,3.4586
114.1234,0.9187,3.943
114.1236,0.8642,3.7145
114.1238,0.7918,3.408
114.1240,0.7892,3.3935
114.1242,0.7867,3.3842
114.1244,0.7122,3.0653
114.1246,0.6836,2.942
114.1248,0.6845,2.9475
114.1250,0.7074,3.0433
114.1252,0.7477,3.2181
114.1254,0.6461,2.7849
114.1256,0.6183,2.6613
114.1258,0.7141,3.0722
114.1260,0.7476,3.2146
114.1262,0.744,3.2021
114.1264,0.6869,2.9551
114.1266,0.7617,3.2754
114.1268,0.71,3.0617
114.1270,0.576,2.4849
114.1272,0.5653,2.4377
114.1274,0.623,2.6839
114.1276,0.664,2.8579
114.1278,0.6656,2.8633
114.1280,0.6641,2.8571
114.1282,0.72,3.1018
114.1284,0.6382,2.7508
114.1286,0.5831,2.5142
114.1288,0.5892,2.5371
114.1290,0.6652,2.8644
114.1292,0.6918,2.979
114.1294,0.6128,2.6412
114.1296,0.5662,2.4402
114.1298,0.5813,2.5041
114.1300,0.6175,2.6577
114.1302,0.6666,2.8706
114.1304,0.6144,2.6528
114.1306,0.5458,2.3534
114.1308,0.5701,2.4595
114.1310,0.4952,2.1382
114.1312,0.5068,2.1864
114.1314,0.5294,2.2826
114.1316,0.5543,2.389
114.1318,0.5242,2.2635
114.1320,0.5125,2.2107
114.1322,0.5319,2.2924
114.1324,0.5446,2.3472
114.1326,0.5452,2.353
114.1328,0.534,2.3038
114.1330,0.5372,2.3141
114.1332,0.6163,2.6488
114.1334,0.7146,3.0757
114.1336,0.7399,3.1831
114.1338,0.7425,3.1929
114.1340,0.7413,3.1907
114.1342,0.7039,3.0227
114.1344,0.8274,3.553
114.1346,0.8508,3.6517
114.1348,0.9148,3.921
114.1350,0.9906,4.2418
114.1352,0.9741,4.1788
114.1354,0.8766,3.7641
114.1356,0.8529,3.6621
114.1358,0.8713,3.7379
114.1360,0.8934,3.829
114.1362,0.8939,3.8346
114.1364,0.8966,3.8465
114.1366,0.8817,3.7845
114.1368,0.8712,3.7392
114.1370,0.9373,4.0171
114.1372,0.9423,4.0425
114.1374,0.9241,3.9624
114.1376,0.9166,3.9324
114.1378,0.9274,3.9805
114.1380,0.8845,3.7998
114.1382,0.8266,3.5544
114.1384,0.816,3.5025
114.1386,0.8469,3.6381
114.1388,0.8411,3.6151
114.1390,0.8128,3.4902
114.1392,0.8471,3.6374
114.1394,0.8692,3.7339
114.1396,0.8562,3.6697
114.1398,1.0127,4.3424
114.1400,0.9906,4.2478
114.1402,1.0063,4.3131
114.1404,1.0356,4.4344
114.1406,1.0274,4.4035
114.1408,0.9766,4.1896
114.1410,0.9566,4.1056
114.1412,0.8951,3.8487
114.1414,0.8308,3.5724
114.1416,0.8171,3.5104
114.1418,0.838,3.6033
114.1420,0.8176,3.5108
114.1422,0.8646,3.7091
114.1424,0.9086,3.8997
114.1426,0.877,3.7762
114.1428,0.7377,3.1782
114.1430,0.7148,3.0738
114.1432,0.758,3.2625
114.1434,0.796,3.4261
114.1436,0.741,3.1877
114.1438,0.7246,3.117
114.1440,0.7135,3.071
114.1442,0.7134,3.0719
114.1444,0.7024,3.0286
114.1446,0.6607,2.8434
114.1448,0.747,3.2135
114.1450,0.7801,3.3527
114.1452,0.828,3.5589
114.1454,0.8506,3.6524
114.1456,0.8768,3.7634
114.1458,0.8796,3.7805
114.1460,0.8509,3.659
114.1462,0.8347,3.5877
114.1464,0.8412,3.6122
114.1466,0.8997,3.8581
114.1468,0.9804,4.2041
114.1470,1.0286,4.4107
114.1472,0.9636,4.1398
114.1474,0.8939,3.8436
114.1476,0.8545,3.6745
114.1478,0.7758,3.3404
114.1480,0.7319,3.15
114.1482,0.7905,3.3992
114.1484,0.8388,3.5969
114.1486,0.9184,3.9456
114.1488,0.8993,3.8596
114.1490,0.9598,4.1195
114.1492,0.9813,4.2116
114.1494,1.0206,4.3743
114.1496,0.9893,4.2421
114.1498,0.994,4.2661
114.1500,0.9411,4.0448
114.1502,0.9316,3.9967
114.1504,0.9825,4.2108
114.1506,1.0771,4.6185
114.1508,1.101,4.7213
114.1510,1.0704,4.5918
114.1512,1.0525,4.511
114.1514,1.0707,4.5933
114.1516,1.0514,4.5042
114.1518,1.0731,4.5972
114.1520,1.0543,4.5208
114.1522,1.0604,4.547
114.1524,1.0572,4.5331
114.1526,1.0168,4.3619
114.1528,1.0301,4.421
114.1530,0.9996,4.2863
114.1532,1.0266,4.402
114.1534,1.0809,4.6349
114.1536,1.0359,4.4421
114.1538,1.0516,4.5053
114.1540,1.1237,4.8185
114.1542,1.1091,4.7491
114.1544,1.1864,5.0731
114.1546,1.1712,5.015
114.1548,1.1606,4.9652
114.1550,1.2226,5.2353
114.1552,1.2314,5.2728
114.1554,1.2226,5.2304
114.1556,1.1874,5.0962
114.1558,1.1027,4.7307
114.1560,1.1399,4.881
114.1562,1.1435,4.8987
114.1564,1.1564,4.9565
114.1566,1.1936,5.1134
114.1568,1.1453,4.9179
114.1570,0.9805,4.2144
114.1572,1.0214,4.386
114.1574,1.0274,4.4077
114.1576,1.0705,4.5838
114.1578,1.1262,4.8292
114.1580,1.0984,4.7188
114.1582,1.0254,4.4071
114.1584,1.0514,4.5042
114.1586,1.1839,5.0718
114.1588,1.1582,4.9619
114.1590,1.1056,4.7475
114.1592,1.0745,4.6077
114.1594,1.1235,4.8242
114.1596,1.0827,4.6469
114.1598,1.103,4.7295
114.1600,1.117,4.7964
114.1602,1.0218,4.3937
114.1604,0.9868,4.2392
114.1606,1.0096,4.3431
114.1608,0.9115,3.9248
114.1610,0.8449,3.6417
114.1612,0.7953,3.4182
114.1614,0.9644,4.141
114.1616,1.0208,4.3814
114.1618,1.0803,4.6345
114.1620,1.0534,4.5151
114.1622,1.0383,4.4648
114.1624,0.9397,4.0405
114.1626,0.9259,3.9849
114.1628,0.9347,4.0194
114.1630,0.9706,4.1697
114.1632,1.0067,4.3308
114.1634,0.9256,3.9821
114.1636,0.9568,4.1162
114.1638,0.9515,4.0859
114.1640,1.0356,4.4489
114.1642,1.0299,4.4329
114.1644,0.9445,4.0593
114.1646,0.9928,4.2669
114.1648,1.019,4.3778
114.1650,1.0262,4.4148
114.1652,0.9555,4.1086
114.1654,0.9712,4.1761
114.1656,0.9413,4.0572
114.1658,0.8755,3.7735
114.1660,0.8957,3.8513
114.1662,0.9246,3.9774
114.1664,0.9319,4.0052
114.1666,0.9777,4.2001
114.1668,0.9606,4.1308
114.1670,0.9326,4.0027
114.1672,1.0174,4.3767
114.1674,0.9428,4.0615
114.1676,0.9135,3.9281
114.1678,0.9437,4.0581
114.1680,0.9368,4.0244
114.1682,0.9722,4.1841
114.1684,0.8696,3.7464
114.1686,0.8904,3.8251
114.1688,1.0418,4.4798
114.1690,1.0157,4.3674
114.1692,1.0145,4.3562
114.1694,1.0278,4.4092
114.1696,1.0846,4.653
114.1698,1.1367,4.8763
114.1700,1.167,5.0087
114.1702,1.0949,4.7038
114.1704,1.0591,4.5519
114.1706,1.0138,4.3571
114.1708,1.0036,4.3153
114.1710,0.9471,4.0744
114.1712,0.9133,3.9344
114.1714,0.9017,3.8789
114.1716,0.9909,4.2488
114.1718,1.1441,4.915
114.1720,1.0918,4.6904
114.1722,1.0664,4.5834
114.1724,1.0121,4.3438
114.1726,1.067,4.5774
114.1728,1.0867,4.6661
114.1730,1.0844,4.6563
114.1732,1.0936,4.6916
114.1734,1.1391,4.8911
114.1736,1.0892,4.6835
114.1738,1.0267,4.4128
114.1740,1.0084,4.3319
114.1742,0.9952,4.2753
114.1744,1.0202,4.385
114.1746,1.0533,4.523
114.1748,1.0551,4.537
114.1750,1.0206,4.3845
114.1752,1.0918,4.6882
114.1754,1.0628,4.5679
114.1756,0.9894,4.2565
114.1758,0.9212,3.963
114.1760,0.908,3.9153
114.1762,0.8874,3.8193
114.1764,1.0126,4.3479
114.1766,1.1014,4.736
114.1768,1.0106,4.3518
114.1770,0.9323,4.0091
114.1772,0.9608,4.137
114.1774,0.8406,3.6248
114.1776,0.7965,3.4329
114.1778,0.8747,3.7663
114.1780,0.8856,3.8169
114.1782,0.868,3.7374
114.1784,0.8779,3.782
114.1786,0.8548,3.6823
114.1788,0.8802,3.7848
114.1790,0.925,3.9832
114.1792,0.9123,3.9303
114.1794,0.9133,3.9326
114.1796,0.9226,3.9636
114.1798,1.0383,4.4607
114.1800,1.0485,4.5108
114.1802,0.89,3.8306
114.1804,0.8557,3.6899
114.1806,0.8448,3.6395
114.1808,0.8557,3.6865
114.1810,0.8883,3.8252
114.1812,0.8629,3.7157
114.1814,0.9192,3.9579
114.1816,0.9079,3.9075
114.1818,0.9097,3.9153
114.1820,0.9184,3.9511
114.1822,0.9262,3.9809
114.1824,1.0501,4.5154
114.1826,1.0873,4.6709
114.1828,1.0901,4.6723
114.1830,1.2009,5.1447
114.1832,1.2717,5.4478
114.1834,1.2778,5.4561
114.1836,1.4574,6.2318
114.1838,1.4241,6.0864
114.1840,1.4307,6.1232
114.1842,1.4083,6.0334
114.1844,1.3072,5.6025
114.1846,1.2393,5.3116
114.1848,1.2574,5.3967
114.1850,1.1513,4.9436
114.1852,1.2249,5.245
114.1854,1.2844,5.5023
114.1856,1.2528,5.3647
114.1858,1.3049,5.5927
114.1860,1.3114,5.6152
114.1862,1.299,5.5649
114.1864,1.2635,5.4129
114.1866,1.3015,5.5809
114.1868,1.3009,5.5705
114.1870,1.3139,5.6312
114.1872,1.2271,5.2715
114.1874,1.119,4.8051
114.1876,1.1448,4.9204
114.1878,1.0629,4.5727
114.1880,0.985,4.2394
114.1882,1.0368,4.4623
114.1884,1.0467,4.4988
114.1886,1.0875,4.6719
114.1888,1.0801,4.6421
114.1890,1.0707,4.6041
114.1892,1.0756,4.6252
114.1894,1.0702,4.602
114.1896,1.1049,4.7466
114.1898,1.1418,4.9029
114.1900,1.1001,4.7304
114.1902,0.9828,4.236
114.1904,0.8867,3.818
114.1906,0.9123,3.9321
114.1908,0.8696,3.7534
114.1910,0.8845,3.814
114.1912,0.8961,3.8659
114.1914,0.8591,3.6992
114.1916,0.9645,4.1473
114.1918,1.0454,4.5036
114.1920,0.9228,3.9771
114.1922,0.9518,4.0964
114.1924,0.9997,4.3008
114.1926,0.9923,4.2689
114.1928,0.9759,4.2079
114.1930,0.9341,4.0206
114.1932,0.9909,4.2686
114.1934,0.8891,3.8336
114.1936,0.8749,3.7656
114.1938,0.9195,3.9594
114.1940,0.982,4.2284
114.1942,0.9734,4.1912
114.1944,0.9642,4.1482
114.1946,0.9947,4.2831
114.1948,0.9773,4.2044
114.1950,1.0092,4.3416
114.1952,0.9317,4.0158
114.1954,0.9002,3.8745
114.1956,0.9496,4.089
114.1958,0.9527,4.1024
114.1960,0.9817,4.2235
114.1962,1.0134,4.3556
114.1964,1.0657,4.5824
114.1966,1.0512,4.5263
114.1968,0.9013,3.8882
114.1970,0.9058,3.906
114.1972,0.8591,3.7095
114.1974,0.7645,3.301
114.1976,0.7497,3.2389
114.1978,0.7337,3.168
114.1980,0.7797,3.3652
114.1982,0.752,3.2472
114.1984,0.7439,3.2075
114.1986,0.8006,3.4537
114.1988,0.7449,3.2181
114.1990,0.7728,3.3321
114.1992,0.847,3.6522
114.1994,0.853,3.6763
114.1996,0.8618,3.7077
114.1998,0.966,4.152
114.2000,1.0433,4.4902
114.2002,0.991,4.2652
114.2004,0.9598,4.1291
114.2006,0.9469,4.0809
114.2008,0.8849,3.8155
114.2010,0.8708,3.7533
114.2012,0.8811,3.7942
114.2014,0.8791,3.789
114.2016,0.8904,3.8304
114.2018,1.0584,4.5425
114.2020,1.1347,4.8726
114.2022,1.0507,4.5222
114.2024,0.9924,4.2694
114.2026,0.9418,4.0517
114.2028,0.9496,4.0871
114.2030,1.0064,4.3257
114.2032,1.0626,4.5711
114.2034,1.0479,4.5082
114.2036,1.023,4.4029
114.2038,0.9278,3.9988
114.2040,0.8979,3.8683
114.2042,0.8955,3.8544
114.2044,0.8979,3.8665
114.2046,0.8985,3.8709
114.2048,0.8973,3.8711
114.2050,0.8909,3.8378
114.2052,0.89,3.8324
114.2054,0.8743,3.77
114.2056,0.843,3.6284
114.2058,0.8982,3.8729
114.2060,0.844,3.6308
114.2062,0.9427,4.0572
114.2064,0.9829,4.2267
114.2066,1.1058,4.7507
114.2068,1.0308,4.4489
114.2070,0.8065,3.4806
114.2072,0.7758,3.3466
114.2074,0.765,3.3001
114.2076,0.7602,3.2809
114.2078,0.7446,3.2151
114.2080,0.771,3.3275
114.2082,0.8213,3.5432
114.2084,0.7867,3.3937
114.2086,0.7837,3.3823
114.2088,0.7706,3.3228
114.2090,0.7927,3.4195
114.2092,0.8351,3.5976
114.2094,0.8386,3.6143
114.2096,0.8301,3.5776
114.2098,0.8575,3.6942
114.2100,0.8999,3.8748
114.2102,0.9106,3.9194
114.2104,0.8608,3.7099
114.2106,0.8147,3.5163
114.2108,0.788,3.3946
114.2110,0.8415,3.6233
114.2112,0.9388,4.0426
114.2114,0.9417,4.0549
114.2116,0.9105,3.9262
114.2118,0.7415,3.2002
114.2120,0.6868,2.9656
114.2122,0.6921,2.9925
114.2124,0.6892,2.9732
114.2126,0.775,3.3466
114.2128,0.7391,3.1898
114.2130,0.8515,3.6633
114.2132,0.9724,4.1832
114.2134,0.9145,3.9469
114.2136,0.718,3.0973
114.2138,0.7957,3.4229
114.2140,0.8943,3.8528
114.2142,0.9116,3.9235
114.2144,0.9454,4.071
114.2146,0.8695,3.7441
114.2148,0.8999,3.873
114.2150,0.9652,4.1446
114.2152,1.0903,4.6816
114.2154,1.0533,4.5251
114.2156,1.0803,4.6453
114.2158,1.0273,4.4174
114.2160,1.028,4.4164
114.2162,1.0512,4.5179
114.2164,1.0452,4.488
114.2166,1.0474,4.4998
114.2168,1.0174,4.3685
114.2170,1.1128,4.7761
114.2172,1.1756,5.0481
114.2174,1.1709,5.0234
114.2176,1.2319,5.2773
114.2178,1.2528,5.3672
114.2180,1.2194,5.2239
114.2182,1.2104,5.1877
114.2184,1.1756,5.0505
114.2186,1.2031,5.1564
114.2188,1.2652,5.4251
114.2190,1.1934,5.1196
114.2192,1.2284,5.2673
114.2194,1.2361,5.3002
114.2196,1.2269,5.2587
114.2198,1.2106,5.196
114.2200,1.1341,4.87
114.2202,1.1519,4.9462
114.2204,1.1626,4.985
114.2206,1.1809,5.0731
114.2208,1.1431,4.9086
114.2210,1.1437,4.9089
114.2212,1.1555,4.9686
114.2214,1.0076,4.3409
114.2216,0.9206,3.9622
114.2218,0.9429,4.0601
114.2220,0.935,4.0279
114.2222,0.9503,4.0902
114.2224,0.9326,4.0138
114.2226,0.9464,4.0732
114.2228,0.9743,4.1954
114.2230,0.9569,4.109
114.2232,1.0303,4.4447
114.2234,0.8699,3.7474
114.2236,0.8732,3.7706
114.2238,0.7219,3.1158
114.2240,0.7752,3.3456
114.2242,0.781,3.3694
114.2244,0.8249,3.5587
114.2246,0.7639,3.2985
114.2248,0.7097,3.0673
114.2250,0.7186,3.1028
114.2252,0.7146,3.0828
114.2254,0.7412,3.1962
114.2256,0.7953,3.4309
114.2258,0.7768,3.3513
114.2260,0.7634,3.2857
114.2262,0.8718,3.7592
114.2264,0.8488,3.665
114.2266,0.7303,3.1506
114.2268,0.7162,3.0924
114.2270,0.6831,2.9509
114.2272,0.7041,3.0401
114.2274,0.6951,2.9999
114.2276,0.7021,3.0276
114.2278,0.8074,3.4848
114.2280,0.7674,3.3135
114.2282,0.6785,2.9285
114.2284,0.6969,3.009
114.2286,0.7172,3.0985
114.2288,0.6943,2.9954
114.2290,0.7606,3.2799
114.2292,0.7813,3.3688
114.2294,0.7768,3.3513
114.2296,0.7629,3.2928
114.2298,0.7711,3.3264
114.2300,0.7808,3.3683
114.2302,0.7562,3.2562
114.2304,0.824,3.5545
114.2306,0.7286,3.1477
114.2308,0.6726,2.9018
114.2310,0.7213,3.1147
114.2312,0.705,3.0485
114.2314,0.6346,2.7429
114.2316,0.6102,2.6359
114.2318,0.5872,2.5388
114.2320,0.6116,2.6446
114.2322,0.6595,2.8462
114.2324,0.6845,2.9516
114.2326,0.6774,2.9252
114.2328,0.6747,2.9146
114.2330,0.76,3.2728
114.2332,0.899,3.864
114.2334,0.9234,3.9778
114.2336,0.8144,3.5066
114.2338,0.9166,3.9415
114.2340,1.0027,4.3037
114.2342,1.069,4.599
114.2344,0.9963,4.2879
114.2346,0.9699,4.1705
114.2348,0.9807,4.2149
114.2350,1.0168,4.3659
114.2352,1.048,4.5024
114.2354,1.0678,4.5767
114.2356,1.1767,5.0433
114.2358,1.1419,4.9035
114.2360,1.0204,4.3936
114.2362,0.9141,3.9344
114.2364,0.9564,4.107
114.2366,1.0624,4.56
114.2368,1.1361,4.8691
114.2370,1.1388,4.8923
114.2372,0.9762,4.1939
114.2374,1.1423,4.889
114.2376,1.358,5.7959
114.2378,1.446,6.2004
114.2380,1.1334,4.8714
114.2382,0.9927,4.2605
114.2384,1.0429,4.4865
114.2386,0.9609,4.1299
114.2388,1.0049,4.323
114.2390,0.9891,4.251
114.2392,0.9729,4.1833
114.2394,0.9539,4.1
114.2396,1.0286,4.421
114.2398,1.0988,4.7181
114.2400,1.0976,4.7108
114.2402,1.0315,4.4437
114.2404,0.8441,3.6465
114.2406,0.7356,3.1748
114.2408,0.7337,3.168
114.2410,0.7027,3.0344
114.2412,0.6985,3.0163
114.2414,0.6995,3.0204
114.2416,0.6965,3.0061
114.2418,0.6969,3.0104
114.2420,0.6987,3.0182
114.2422,0.6971,3.0073
114.2424,0.7013,3.0282
114.2426,0.8284,3.5588
114.2428,1.0653,4.5915
114.2430,0.8455,3.6375
114.2432,0.9357,4.031
114.2434,0.8965,3.8549
114.2436,0.9238,3.9836
114.2438,0.77,3.3233
114.2440,0.7036,3.038
114.2442,0.7053,3.0396
114.2444,0.8106,3.4923
114.2446,0.8395,3.6151
114.2448,0.8948,3.8441
114.2450,0.9308,4.008
114.2452,0.8731,3.7596
114.2454,0.8653,3.7261
114.2456,0.8811,3.7925
114.2458,0.9081,3.9068
114.2460,0.8807,3.7939
114.2462,0.8706,3.7453
114.2464,0.9503,4.0845
114.2466,0.9584,4.1267
114.2468,0.8645,3.7259
114.2470,0.7969,3.4361
114.2472,0.7374,3.1811
114.2474,0.727,3.1375
114.2476,0.7211,3.1093
114.2478,0.7302,3.1486
114.2480,0.7411,3.1927
114.2482,0.788,3.3931
114.2484,0.838,3.605
114.2486,0.8905,3.8363
114.2488,0.8284,3.5687
114.2490,0.8636,3.7137
114.2492,0.9436,4.0557
114.2494,1.014,4.3561
114.2496,1.0611,4.5501
114.2498,1.1443,4.9046
114.2500,1.152,4.9421
114.2502,1.1594,4.9693
114.2504,1.2664,5.4151
114.2506,1.3594,5.8156
114.2508,1.3287,5.687
114.2510,1.281,5.4827
114.2512,1.3148,5.6301
114.2514,1.3085,5.616
114.2516,1.2362,5.2958
114.2518,1.1917,5.1123
114.2520,1.1636,4.9827
114.2522,1.2557,5.3845
114.2524,1.199,5.1389
114.2526,1.1994,5.1429
114.2528,1.2191,5.2228
114.2530,1.2681,5.4324
114.2532,1.2736,5.4586
114.2534,1.1973,5.1389
114.2536,1.1723,5.0314
114.2538,1.1555,4.9478
114.2540,1.2807,5.4812
114.2542,1.3093,5.6117
114.2544,1.2634,5.4124
114.2546,1.2533,5.3742
114.2548,1.2036,5.1657
114.2550,1.1826,5.0756
114.2552,1.2184,5.2222
114.2554,1.289,5.5171
114.2556,1.3169,5.6362
114.2558,1.3929,5.9699
114.2560,1.3126,5.6335
114.2562,1.2079,5.177
114.2564,1.1895,5.1079
114.2566,1.1652,5.001
114.2568,1.1401,4.8957
114.2570,1.1458,4.9291
114.2572,1.0422,4.4939
114.2574,0.8722,3.766
114.2576,0.7729,3.3357
114.2578,0.7675,3.314
114.2580,0.7795,3.3642
114.2582,0.7984,3.438
114.2584,0.9253,3.9805
114.2586,0.9942,4.2771
114.2588,1.0321,4.4422
114.2590,1.0362,4.4452
114.2592,1.2086,5.1825
114.2594,1.1869,5.1013
114.2596,1.0407,4.4793
114.2598,0.996,4.2848
114.2600,1.001,4.3105
114.2602,0.9434,4.0678
114.2604,0.8815,3.8011
114.2606,0.8329,3.5883
114.2608,0.896,3.8582
114.2610,0.9495,4.0885
114.2612,0.9491,4.0851
114.2614,0.8867,3.8268
114.2616,0.79,3.4113
114.2618,0.7907,3.4176
114.2620,0.7967,3.4339
114.2622,0.8658,3.7281
114.2624,0.8828,3.805
114.2626,0.8871,3.82
114.2628,0.9187,3.9577
114.2630,0.9067,3.9006
114.2632,0.9509,4.0966
114.2634,0.8981,3.8724
114.2636,0.8574,3.6971
114.2638,0.8639,3.7285
114.2640,0.7889,3.4035
114.2642,0.7735,3.3352
114.2644,0.7633,3.2928
114.2646,0.774,3.3389
114.2648,0.7954,3.4283
114.2650,0.8388,3.622
114.2652,0.7171,3.1008
114.2654,0.6994,3.0227
114.2656,0.6981,3.0128
114.2658,0.7048,3.0418
114.2660,0.7417,3.2012
114.2662,0.8023,3.4529
114.2664,0.8793,3.7882
114.2666,0.8737,3.764
114.2668,0.9441,4.0672
114.2670,0.9045,3.8931
114.2672,0.8991,3.8717
114.2674,0.8536,3.6755
114.2676,0.8503,3.6615
114.2678,0.8535,3.6767
114.2680,0.8495,3.663
114.2682,0.8672,3.7361
114.2684,0.9397,4.0349
114.2686,1.0496,4.5154
114.2688,0.9633,4.146
114.2690,0.9761,4.1973
114.2692,1.0039,4.3169
114.2694,0.9996,4.2963
114.2696,1.0226,4.3973
114.2698,1.0514,4.5253
114.2700,1.0033,4.3203
114.2702,0.9045,3.8931
114.2704,0.8736,3.7669
114.2706,0.8442,3.6369
114.2708,0.8947,3.8561
114.2710,0.9073,3.9104
114.2712,0.9084,3.9114
114.2714,0.9403,4.0506
114.2716,0.8995,3.8732
114.2718,0.8735,3.7629
114.2720,0.8845,3.8104
114.2722,0.8725,3.7588
114.2724,0.885,3.809
114.2726,0.9204,3.9667
114.2728,0.9067,3.9042
114.2730,0.9562,4.104
114.2732,1.0692,4.5952
114.2734,1.0838,4.6559
114.2736,1.0929,4.6929
114.2738,1.1002,4.7265
114.2740,1.0765,4.6267
114.2742,1.0003,4.3074
114.2744,0.9178,3.9522
114.2746,0.8752,3.7719
114.2748,0.8304,3.5792
114.2750,0.8626,3.7107
114.2752,0.9258,3.9807
114.2754,0.9339,4.0214
114.2756,0.982,4.2245
114.2758,1.0166,4.3715
114.2760,1.0069,4.3318
114.2762,0.9543,4.1015
114.2764,0.9918,4.2628
114.2766,0.9844,4.2368
114.2768,0.9701,4.1715
114.2770,1.0506,4.5174
114.2772,1.0575,4.5431
114.2774,1.0135,4.3622
114.2776,0.9219,3.9698
114.2778,0.8949,3.8554
114.2780,0.8588,3.6999
114.2782,0.8407,3.6169
114.2784,0.947,4.0758
114.2786,1.0038,4.3164
114.2788,1.037,4.4592
114.2790,1.0513,4.5037
114.2792,1.329,5.68
114.2794,1.4092,6.0426
114.2796,1.1652,5.0173
114.2798,0.9038,3.8972
114.2800,0.7915,3.4175
114.2802,0.7671,3.3124
114.2804,0.743,3.2084
114.2806,0.7196,3.1074
114.2808,0.7265,3.1326
114.2810,0.7865,3.3869
114.2812,0.9068,3.9011
114.2814,0.958,4.1271
114.2816,0.8639,3.7268
114.2818,0.7415,3.2031
114.2820,0.6946,2.9978
114.2822,0.7599,3.2768
114.2824,0.8168,3.5235
114.2826,0.809,3.485
114.2828,0.8766,3.7764
114.2830,0.8363,3.6061
114.2832,0.8549,3.6777
114.2834,1.0135,4.352
114.2836,1.1127,4.7756
114.2838,1.0833,4.6582
114.2840,1.0247,4.404
114.2842,1.014,4.3561
114.2844,1.0048,4.3185
114.2846,0.9928,4.2749
114.2848,0.9598,4.1271
114.2850,1.0123,4.355
114.2852,0.9919,4.2653
114.2854,0.9789,4.2072
114.2856,1.0233,4.3984
114.2858,0.9907,4.2622
114.2860,0.9933,4.273
114.2862,1.0297,4.4277
114.2864,1.0439,4.4823
114.2866,1.0303,4.4385
114.2868,0.9316,4.0097
114.2870,0.9272,3.9869
114.2872,0.9883,4.2499
114.2874,1.0278,4.4154
114.2876,1.0648,4.5873
114.2878,0.8514,3.6747
114.2880,0.7939,3.4247
114.2882,0.8228,3.5477
114.2884,0.8272,3.5669
114.2886,0.8061,3.4742
114.2888,0.8088,3.4878
114.2890,0.8136,3.5084
114.2892,0.8166,3.5214
114.2894,0.7847,3.3885
114.2896,0.7618,3.2897
114.2898,0.7519,3.2407
114.2900,0.7465,3.2279
114.2902,0.6446,2.7833
114.2904,0.7132,3.0809
114.2906,0.6696,2.8929
114.2908,0.6997,3.0215
114.2910,0.7083,3.0582
114.2912,0.7074,3.0546
114.2914,0.6771,2.9236
114.2916,0.7507,3.2325
114.2918,0.8085,3.4862
114.2920,0.7669,3.316
114.2922,0.599,2.589
114.2924,0.637,2.7507
114.2926,0.7335,3.166
114.2928,0.7683,3.3099
114.2930,0.7919,3.4164
114.2932,0.7636,3.2898
114.2934,0.8767,3.7716
114.2936,0.9439,4.0624
114.2938,0.9049,3.8928
114.2940,0.9489,4.0821
114.2942,0.9281,3.9985
114.2944,0.8477,3.6519
114.2946,0.8144,3.5115
114.2948,0.7598,3.2748
114.2950,0.7569,3.2654
114.2952,0.7398,3.19
114.2954,0.7476,3.228
114.2956,0.7133,3.0743
114.2958,0.761,3.2799
114.2960,0.7791,3.3595
114.2962,0.7482,3.2291
114.2964,0.7092,3.0539
114.2966,0.7794,3.3543
114.2968,0.8007,3.4574
114.2970,0.6657,2.8731
114.2972,0.6922,2.9861
114.2974,0.6875,2.9659
114.2976,0.7086,3.0569
114.2978,0.731,3.1551
114.2980,0.6015,2.5986
114.2982,0.5485,2.373
114.2984,0.5051,2.1872
114.2986,0.4999,2.1644
114.2988,0.5092,2.2018
114.2990,0.5043,2.1785
114.2992,0.5546,2.3983
114.2994,0.5675,2.4492
114.2996,0.6406,2.7662
114.2998,0.6617,2.856
114.3000,0.7209,3.0986
114.3002,0.9802,4.2088
114.3004,1.0167,4.3781
114.3006,0.8008,3.4562
114.3008,0.668,2.8842
114.3010,0.6598,2.8464
114.3012,0.6542,2.8208
114.3014,0.6557,2.8314
114.3016,0.706,3.0413
114.3018,0.8418,3.6231
114.3020,0.8645,3.7224
114.3022,0.8231,3.5443
114.3024,0.8217,3.5381
114.3026,0.7479,3.2236
114.3028,0.7133,3.0771
114.3030,0.6569,2.8366
114.3032,0.6454,2.7856
114.3034,0.678,2.9236
114.3036,0.6929,2.9919
114.3038,0.6344,2.7405
114.3040,0.631,2.7235
114.3042,0.631,2.7222
114.3044,0.629,2.7134
114.3046,0.626,2.703
114.3048,0.6412,2.7662
114.3050,0.6457,2.7853
114.3052,0.6711,2.8936
114.3054,0.7154,3.0835
114.3056,0.7274,3.1366
114.3058,0.7199,3.1041
114.3060,0.7034,3.0304
114.3062,0.713,3.0732
114.3064,0.6843,2.9492
114.3066,0.6705,2.8964
114.3068,0.5759,2.4866
114.3070,0.5923,2.5575
114.3072,0.5847,2.5249
114.3074,0.5642,2.4353
114.3076,0.5701,2.4618
114.3078,0.5706,2.465
114.3080,0.5596,2.4184
114.3082,0.5629,2.4307
114.3084,0.5634,2.4328
114.3086,0.5629,2.4318
114.3088,0.5596,2.4151
114.3090,0.5609,2.4208
114.3092,0.5591,2.4119
114.3094,0.5533,2.3904
114.3096,0.5567,2.4049
114.3098,0.5826,2.5098
114.3100,0.7067,3.0444
114.3102,0.7241,3.1178
114.3104,0.7226,3.1145
114.3106,0.6867,2.9581
114.3108,0.7018,3.0246
114.3110,0.7068,3.0463
114.3112,0.7287,3.1409
114.3114,0.6938,2.9919
114.3116,0.6936,2.9881
114.3118,0.7438,3.206
114.3120,0.7249,3.1243
114.3122,0.7242,3.114
114.3124,0.8326,3.5817
114.3126,0.7926,3.41
114.3128,0.7772,3.345
114.3130,0.7946,3.4198
114.3132,0.8431,3.6271
114.3134,0.8369,3.602
114.3136,0.7802,3.3594
114.3138,0.7773,3.3393
114.3140,0.8443,3.6357
114.3142,0.779,3.3558
114.3144,0.8215,3.5261
114.3146,0.9297,3.9958
114.3148,0.8929,3.8394
114.3150,0.8949,3.8464
114.3152,0.8784,3.7717
114.3154,0.8748,3.7598
114.3156,0.9242,3.9684
114.3158,0.9533,4.0916
114.3160,0.9598,4.1213
114.3162,0.9449,4.065
114.3164,0.8882,3.8175
114.3166,0.9359,4.017
114.3168,0.9577,4.1145
114.3170,0.9506,4.0817
114.3172,0.9305,3.9976
114.3174,0.8857,3.8049
114.3176,0.8942,3.8415
114.3178,0.9197,3.9586
114.3180,0.8757,3.7604
114.3182,0.9432,4.0465
114.3184,1.0079,4.3278
114.3186,0.964,4.1393
114.3188,0.9639,4.135
114.3190,0.9938,4.2636
114.3192,0.9604,4.1277
114.3194,0.9761,4.1913
114.3196,1.0056,4.316
114.3198,0.9799,4.2078
114.3200,1.0214,4.3839
114.3202,1.0045,4.3113
114.3204,1.0877,4.6489
114.3206,1.2543,5.3657
114.3208,1.24,5.3245
114.3210,0.9749,4.1881
114.3212,0.9277,3.9889
114.3214,0.8868,3.8113
114.3216,0.9267,3.9829
114.3218,0.9386,4.0302
114.3220,0.944,4.059
114.3222,0.8653,3.7243
114.3224,0.8316,3.5809
114.3226,0.838,3.6066
114.3228,0.7832,3.3708
114.3230,0.7893,3.3987
114.3232,0.792,3.4074
114.3234,0.8443,3.6306
114.3236,0.8964,3.8597
114.3238,0.8043,3.4648
114.3240,0.8016,3.4503
114.3242,0.8371,3.593
114.3244,0.9607,4.1293
114.3246,0.9332,4.0126
114.3248,0.8568,3.6893
114.3250,0.8072,3.4788
114.3252,0.7862,3.3837
114.3254,0.8495,3.6511
114.3256,0.887,3.8159
114.3258,0.8848,3.8066
114.3260,0.8996,3.8611
114.3262,0.9765,4.1909
114.3264,0.9744,4.1919
114.3266,0.9065,3.8963
114.3268,0.9001,3.8703
114.3270,0.8537,3.681
114.3272,0.7009,3.0252
114.3274,0.7042,3.0335
114.3276,0.7508,3.236
114.3278,0.6915,2.9788
114.3280,0.7303,3.1461
114.3282,0.7194,3.102
114.3284,0.6846,2.9534
114.3286,0.7424,3.1968
114.3288,0.8311,3.5772
114.3290,0.7796,3.3553
114.3292,0.7074,3.0531
114.3294,0.646,2.7882
114.3296,0.643,2.774
114.3298,0.649,2.7972
114.3300,0.6602,2.8466
114.3302,0.7061,3.0432
114.3304,0.7214,3.1108
114.3306,0.6322,2.7299
114.3308,0.5777,2.4944
114.3310,0.5847,2.5226
114.3312,0.6334,2.7313
114.3314,0.6253,2.6999
114.3316,0.6141,2.6518
114.3318,0.6194,2.6683
114.3320,0.7906,3.398
114.3322,0.916,3.9407
114.3324,0.87,3.7461
114.3326,0.7826,3.3682
114.3328,0.8219,3.5342
114.3330,0.8562,3.6833
114.3332,0.8688,3.7375
114.3334,0.8615,3.7026
114.3336,0.8727,3.7528
114.3338,0.9236,3.964
114.3340,1.0064,4.3176
114.3342,0.972,4.1738
114.3344,0.9179,3.9398
114.3346,0.93,4.0011
114.3348,0.892,3.8322
114.3350,0.9452,4.0604
114.3352,0.9483,4.0738
114.3354,0.9864,4.2336
114.3356,0.9888,4.24
114.3358,1.0061,4.316
114.3360,1.0037,4.3118
114.3362,0.9809,4.2217
114.3364,0.844,3.629
114.3366,0.8842,3.804
114.3368,0.8448,3.636
114.3370,0.8368,3.5998
114.3372,0.8805,3.788
114.3374,0.84,3.6154
114.3376,0.7825,3.3724
114.3378,0.7422,3.2002
114.3380,0.7904,3.4065
114.3382,0.7403,3.189
114.3384,0.7181,3.0934
114.3386,0.8309,3.5645
114.3388,1.0219,4.39
114.3390,0.9384,4.0353
114.3392,0.8834,3.804
114.3394,0.8064,3.479
114.3396,0.723,3.1161
114.3398,0.7173,3.0903
114.3400,0.7209,3.1001
114.3402,0.9595,4.1145
114.3404,1.0664,4.5705
114.3406,1.0326,4.4462
114.3408,0.7894,3.4087
114.3410,0.6488,2.8027
114.3412,0.6068,2.619
114.3414,0.5919,2.556
114.3416,0.5906,2.5503
114.3418,0.6476,2.7845
114.3420,0.847,3.6453
114.3422,0.7498,3.2348
114.3424,0.6526,2.814
114.3426,0.7082,3.0468
114.3428,0.8058,3.4748
114.3430,0.749,3.2252
114.3432,0.797,3.4269
114.3434,0.8315,3.5771
114.3436,0.823,3.5454
114.3438,0.7953,3.4261
114.3440,0.7546,3.2525
114.3442,0.7413,3.1966
114.3444,0.7399,3.1875
114.3446,0.735,3.1722
114.3448,0.6597,2.8472
114.3450,0.6347,2.7383
114.3452,0.6376,2.7494
114.3454,0.6286,2.7131
114.3456,0.6671,2.8779
114.3458,0.6484,2.7972
114.3460,0.6367,2.744
114.3462,0.6786,2.9262
114.3464,0.6849,2.9531
114.3466,0.6955,2.9949
114.3468,0.6875,2.9645
114.3470,0.7088,3.0508
114.3472,0.8102,3.4836
114.3474,0.8509,3.6555
114.3476,0.8724,3.753
114.3478,0.8232,3.5431
114.3480,0.8635,3.7062
114.3482,0.9432,4.0465
114.3484,0.9946,4.2666
114.3486,1.002,4.3005
114.3488,1.0201,4.3701
114.3490,1.0728,4.6068
114.3492,1.028,4.406
114.3494,1.1478,4.9102
114.3496,1.2089,5.1742
114.3498,1.207,5.1612
114.3500,1.2432,5.3185
114.3502,1.2466,5.3304
114.3504,1.236,5.2927
114.3506,1.2285,5.2603
114.3508,1.1983,5.1381
114.3510,1.1733,5.0195
114.3512,1.2142,5.2017
114.3514,1.1779,5.046
114.3516,1.2142,5.1968
114.3518,1.2227,5.2357
114.3520,1.1921,5.1095
114.3522,1.1706,5.0217
114.3524,1.1326,4.8541
114.3526,1.1569,4.9538
114.3528,1.1666,4.9954
114.3530,1.1595,4.9674
114.3532,1.1612,4.9793
114.3534,1.1769,5.0513
114.3536,1.1522,4.9361
114.3538,1.1605,4.9785
114.3540,1.0635,4.5645
114.3542,1.0263,4.4071
114.3544,1.0575,4.5346
114.3546,1.1327,4.8637
114.3548,1.0167,4.3699
114.3550,1.0417,4.4688
114.3552,1.0637,4.557
114.3554,1.1547,4.9515
114.3556,1.087,4.6632
114.3558,0.9872,4.253
114.3560,0.8297,3.5727
114.3562,0.8677,3.7381
114.3564,0.844,3.6358
114.3566,0.7946,3.4246
114.3568,0.749,3.2267
114.3570,0.7786,3.359
114.3572,0.7299,3.1475
114.3574,0.7196,3.103
114.3576,0.7104,3.0646
114.3578,0.7807,3.3662
114.3580,0.7895,3.3981
114.3582,0.8315,3.5821
114.3584,0.8127,3.5075
114.3586,0.7527,3.2412
114.3588,0.8425,3.6296
114.3590,0.7622,3.2835
114.3592,0.7783,3.3481
114.3594,0.8866,3.8197
114.3596,0.8621,3.7121
114.3598,0.8378,3.6078
114.3600,0.7393,3.1937
114.3602,0.6144,2.6553
114.3604,0.6073,2.6223
114.3606,0.5995,2.5886
114.3608,0.5924,2.5604
114.3610,0.6063,2.6205
114.3612,0.6036,2.6062
114.3614,0.6277,2.7002
114.3616,0.939,4.0322
114.3618,0.9968,4.2784
114.3620,0.8209,3.5481
114.3622,0.5507,2.3801
114.3624,0.5702,2.4646
114.3626,0.5618,2.4272
114.3628,0.5592,2.418
114.3630,0.5615,2.4267
114.3632,0.5573,2.4064
114.3634,0.563,2.4323
114.3636,0.5774,2.491
114.3638,0.6352,2.7442
114.3640,0.5588,2.4164
114.3642,0.5466,2.3625
114.3644,0.5466,2.3603
114.3646,0.552,2.3858
114.3648,0.5684,2.4545
114.3650,0.6524,2.8143
114.3652,0.6718,2.8968
114.3654,0.6592,2.8438
114.3656,0.6624,2.8551
114.3658,0.6968,3.0048
114.3660,0.6763,2.9191
114.3662,0.665,2.8686
114.3664,0.6642,2.8642
114.3666,0.6843,2.9464
114.3668,0.7346,3.1588
114.3670,0.8082,3.4786
114.3672,0.7774,3.3445
114.3674,0.8793,3.7776
114.3676,0.8922,3.8363
114.3678,0.8989,3.8688
114.3680,0.8598,3.6971
114.3682,0.7851,3.3822
114.3684,0.7006,3.0152
114.3686,0.7297,3.1406
114.3688,0.7397,3.1879
114.3690,0.7471,3.2199
114.3692,0.7432,3.2049
114.3694,0.7694,3.3176
114.3696,0.7267,3.1321
114.3698,0.7281,3.1383
114.3700,0.6778,2.9226
114.3702,0.6266,2.7018
114.3704,0.6323,2.7279
114.3706,0.6345,2.7398
114.3708,0.6304,2.7234
114.3710,0.5958,2.5702
114.3712,0.6266,2.6981
114.3714,0.7297,3.145
114.3716,0.7295,3.1411
114.3718,0.7256,3.126
114.3720,0.7343,3.1632
114.3722,0.7309,3.1487
114.3724,0.7391,3.1838
114.3726,0.7415,3.1971
114.3728,0.7135,3.0752
114.3730,0.7215,3.1055
114.3732,0.731,3.1419
114.3734,0.8539,3.6735
114.3736,0.8274,3.5595
114.3738,0.8141,3.5072
114.3740,0.779,3.3574
114.3742,0.718,3.0915
114.3744,0.7454,3.2052
114.3746,0.8073,3.4713
114.3748,0.8118,3.4941
114.3750,0.764,3.2913
114.3752,0.7193,3.0943
114.3754,0.8067,3.4703
114.3756,0.8707,3.7405
114.3758,0.9571,4.1081
114.3760,0.9486,4.0734
114.3762,0.8991,3.8644
114.3764,0.8834,3.7987
114.3766,0.8363,3.6027
114.3768,0.7905,3.4054
114.3770,0.7755,3.3409
114.3772,0.6843,2.9519
114.3774,0.6007,2.5926
114.3776,0.593,2.5595
114.3778,0.6237,2.6882
114.3780,0.6256,2.699
114.3782,0.5891,2.5412
114.3784,0.5849,2.5254
114.3786,0.5838,2.5208
114.3788,0.5849,2.5254
114.3790,0.5819,2.5102
114.3792,0.5827,2.5138
114.3794,0.6037,2.6031
114.3796,0.6569,2.8326
114.3798,0.6103,2.6315
114.3800,0.6172,2.6603
114.3802,0.6587,2.8404
114.3804,0.6977,3.0042
114.3806,0.709,3.0542
114.3808,0.6801,2.9283
114.3810,0.7567,3.2552
114.3812,0.8259,3.5495
114.3814,0.8773,3.7671
114.3816,0.932,4
114.3818,0.987,4.2382
114.3820,0.9624,4.1326
114.3822,0.9534,4.0902
114.3824,1.0062,4.3125
114.3826,1.0562,4.5247
114.3828,1.0772,4.621
114.3830,1.0179,4.3669
114.3832,1.0039,4.3068
114.3834,0.9978,4.2845
114.3836,1.0208,4.3834
114.3838,0.9597,4.115
114.3840,1.0269,4.3994
114.3842,1.0962,4.7006
114.3844,1.0324,4.425
114.3846,1.0328,4.4328
114.3848,1.0059,4.3135
114.3850,1.0046,4.2978
114.3852,1.257,5.3649
114.3854,1.3991,5.9797
114.3856,1.2218,5.2487
114.3858,0.9576,4.112
114.3860,0.9946,4.2706
114.3862,0.999,4.2917
114.3864,0.9501,4.0853
114.3866,0.8749,3.7621
114.3868,0.9012,3.8714
114.3870,0.9092,3.9059
114.3872,0.9569,4.1051
114.3874,1.0432,4.4796
114.3876,0.9358,4.0277
114.3878,0.9418,4.0403
114.3880,0.9749,4.1959
114.3882,0.8066,3.473
114.3884,0.8177,3.5161
114.3886,0.8673,3.7296
114.3888,0.7855,3.3869
114.3890,0.7355,3.1669
114.3892,0.8384,3.6053
114.3894,0.8675,3.7318
114.3896,0.8485,3.652
114.3898,0.8137,3.5089
114.3900,0.7266,3.1316
114.3902,0.7344,3.1637
114.3904,0.7298,3.1426
114.3906,0.7654,3.299
114.3908,0.7546,3.251
114.3910,0.799,3.4357
114.3912,0.8368,3.6081
114.3914,0.7265,3.134
114.3916,0.6774,2.9211
114.3918,0.6883,2.964
114.3920,0.7587,3.2685
114.3922,0.7804,3.3605
114.3924,0.7837,3.3728
114.3926,0.7929,3.4158
114.3928,0.7281,3.1397
114.3930,0.6961,3.0017
114.3932,0.7052,3.0396
114.3934,0.6904,2.9727
114.3936,0.7,3.014
114.3938,0.7964,3.4275
114.3940,0.8012,3.4482
114.3942,0.7665,3.2991
114.3944,0.773,3.33
114.3946,0.7864,3.3894
114.3948,0.7265,3.1296
114.3950,0.7178,3.091
114.3952,0.7691,3.3104
114.3954,0.8248,3.5482
114.3956,0.829,3.5729
114.3958,0.7862,3.3805
114.3960,0.826,3.56
114.3962,0.7786,3.3512
114.3964,0.8142,3.5044
114.3966,0.7811,3.3651
114.3968,0.6786,2.9276
114.3970,0.6358,2.7467
114.3972,0.6308,2.7225
114.3974,0.6298,2.7171
114.3976,0.6308,2.7199
114.3978,0.7087,3.0517
114.3980,0.7725,3.3249
114.3982,0.7296,3.1416
114.3984,0.7328,3.1599
114.3986,0.7408,3.1931
114.3988,0.7381,3.1782
114.3990,0.7423,3.1963
114.3992,0.7476,3.2205
114.3994,0.7473,3.2165
114.3996,0.7719,3.3176
114.3998,0.9009,3.8667
114.4000,0.9215,3.9626
114.4002,0.8492,3.6517
114.4004,0.8825,3.8016
114.4006,0.7717,3.3243
114.4008,0.7166,3.0887
114.4010,0.7237,3.1148
114.4012,0.7895,3.395
114.4014,0.8001,3.4435
114.4016,0.7567,3.2613
114.4018,0.7214,3.1094
114.4020,0.7129,3.0698
114.4022,0.7158,3.0851
114.4024,0.7229,3.1155
114.4026,0.7242,3.1183
114.4028,0.7206,3.1028
114.4030,0.7227,3.1136
114.4032,0.7257,3.1265
114.4034,0.7274,3.1381
114.4036,0.7115,3.0636
114.4038,0.7556,3.2566
114.4040,0.7015,3.0236
114.4042,0.7243,3.1203
114.4044,0.7503,3.2264
114.4046,0.8008,3.4498
114.4048,0.7804,3.3605
114.4050,0.7731,3.3305
114.4052,0.7495,3.2258
114.4054,0.7446,3.2076
114.4056,0.7136,3.0772
114.4058,0.7034,3.0304
114.4060,0.6901,2.9731
114.4062,0.6913,2.9769
114.4064,0.7295,3.144
114.4066,0.7118,3.0666
114.4068,0.725,3.1234
114.4070,0.9305,3.9882
114.4072,1.1198,4.7997
114.4074,1.1134,4.792
114.4076,0.7626,3.2835
114.4078,0.7271,3.1322
114.4080,0.7199,3.1026
114.4082,0.7537,3.2499
114.4084,0.7213,3.1059
114.4086,0.7737,3.33
114.4088,0.7724,3.329
114.4090,0.6721,2.901
114.4092,0.61,2.6305
114.4094,0.62,2.6734
114.4096,0.5853,2.5252
114.4098,0.5954,2.5698
114.4100,0.6365,2.746
114.4102,0.6433,2.7763
114.4104,0.5834,2.5169
114.4106,0.5731,2.4736
114.4108,0.567,2.4472
114.4110,0.5754,2.4822
114.4112,0.5841,2.5188
114.4114,0.6038,2.6048
114.4116,0.5921,2.5553
114.4118,0.6067,2.6172
114.4120,0.6658,2.8696
114.4122,0.6982,3.0063
114.4124,0.7026,3.0268
114.4126,0.7049,3.038
114.4128,0.7096,3.0539
114.4130,0.7147,3.079
114.4132,0.732,3.1519
114.4134,0.7522,3.2346
114.4136,0.8364,3.5915
114.4138,0.8869,3.8101
114.4140,0.8678,3.7299
114.4142,0.864,3.7117
114.4144,0.9146,3.9236
114.4146,0.9625,4.1332
114.4148,0.9634,4.131
114.4150,1.0615,4.5452
114.4152,1.1002,4.7176
114.4154,1.0634,4.5555
114.4156,1.0941,4.6804
114.4158,1.1073,4.7479
114.4160,1.0791,4.6271
114.4162,1.0664,4.5705
114.4164,1.0652,4.5675
114.4166,1.0201,4.3762
114.4168,1.0646,4.5628
114.4170,1.1091,4.749
114.4172,1.1029,4.725
114.4174,1.1029,4.7272
114.4176,1.0841,4.6465
114.4178,1.0967,4.7027
114.4180,1.1145,4.7743
114.4182,1.1713,5.0108
114.4184,1.2423,5.3144
114.4186,1.2215,5.2257
114.4188,1.2128,5.1931
114.4190,1.2713,5.4385
114.4192,1.2407,5.3127
114.4194,1.1378,4.8836
114.4196,0.9342,4.021
114.4198,0.9012,3.8678
114.4200,1.0323,4.4287
114.4202,1.0208,4.3813
114.4204,0.9723,4.1787
114.4206,0.9399,4.0415
114.4208,0.9606,4.1326
114.4210,0.884,3.803
114.4212,0.8538,3.673
114.4214,0.9027,3.8799
114.4216,0.976,4.1928
114.4218,0.9712,4.1761
114.4220,0.9042,3.8878
114.4222,0.8715,3.7528
114.4224,0.8538,3.6747
114.4226,0.8712,3.7513
114.4228,0.8411,3.6167
114.4230,0.8503,3.6615
114.4232,0.8169,3.5125
114.4234,0.8426,3.6267
114.4236,0.8398,3.6177
114.4238,0.9512,4.0747
114.4240,1.1547,4.9446
114.4242,1.1533,4.9661
114.4244,0.835,3.6021
114.4246,0.6931,2.9929
114.4248,0.6411,2.7644
114.4250,0.6846,2.9562
114.4252,0.6193,2.6765
114.4254,0.6002,2.5917
114.4256,0.6096,2.6321
114.4258,0.6081,2.6234
114.4260,0.6784,2.9252
114.4262,0.6905,2.9733
114.4264,0.715,3.0843
114.4266,0.6164,2.6604
114.4268,0.6,2.5907
114.4270,0.663,2.8603
114.4272,0.6814,2.9354
114.4274,0.869,3.7264
114.4276,1.0206,4.3946
114.4278,0.7304,3.1554
114.4280,0.612,2.64
114.4282,0.6491,2.799
114.4284,0.6955,3.0019
114.4286,0.6784,2.9252
114.4288,0.7146,3.0799
114.4290,0.6699,2.8885
114.4292,0.6682,2.8826
114.4294,0.6879,2.9674
114.4296,0.6586,2.8399
114.4298,0.6708,2.8926
114.4300,0.6804,2.9367
114.4302,0.72,3.1003
114.4304,0.8123,3.4962
114.4306,0.7712,3.3238
114.4308,0.6847,2.9512
114.4310,0.7495,3.2258
114.4312,0.7852,3.378
114.4314,0.8212,3.536
114.4316,0.8381,3.6038
114.4318,0.9082,3.9054
114.4320,0.8636,3.7153
114.4322,0.8567,3.6871
114.4324,0.8454,3.6369
114.4326,0.854,3.6706
114.4328,0.9098,3.9103
114.4330,0.9648,4.1468
114.4332,0.9467,4.0671
114.4334,0.9629,4.1366
114.4336,0.9792,4.2047
114.4338,0.9265,3.9875
114.4340,0.8257,3.5556
114.4342,0.7755,3.3378
114.4344,0.8757,3.7622
114.4346,0.9425,4.0509
114.4348,0.9329,4.0153
114.4350,0.856,3.6806
114.4352,0.904,3.8855
114.4354,0.9472,4.0654
114.4356,0.9983,4.2826
114.4358,0.9894,4.2524
114.4360,0.9091,3.9163
114.4362,0.7889,3.3971
114.4364,0.7902,3.406
114.4366,0.7863,3.3842
114.4368,0.8491,3.6478
114.4370,0.9853,4.227
114.4372,0.9707,4.1662
114.4374,0.9565,4.1132
114.4376,0.9436,4.0537
114.4378,0.9857,4.2384
114.4380,0.9318,4.0051
114.4382,0.9498,4.0824
114.4384,0.9036,3.8817
114.4386,0.8907,3.8355
114.4388,0.8025,3.4587
114.4390,0.7926,3.4163
114.4392,0.7368,3.1725
114.4394,0.7235,3.1181
114.4396,0.7913,3.409
114.4398,0.8209,3.5284
114.4400,0.8643,3.7219
114.4402,0.7878,3.3956
114.4404,0.7452,3.2087
114.4406,0.7,3.021
114.4408,0.6273,2.7087
114.4410,0.6204,2.6774
114.4412,0.6164,2.6591
114.4414,0.6747,2.9078
114.4416,0.7714,3.3187
114.4418,0.7645,3.2964
114.4420,0.705,3.0357
114.4422,0.7046,3.0398
114.4424,0.71,3.0617
114.4426,0.7074,3.0489
114.4428,0.6735,2.9053
114.4430,0.614,2.6488
114.4432,0.608,2.6241
114.4434,0.6068,2.6141
114.4436,0.688,2.9638
114.4438,0.7385,3.1813
114.4440,0.7245,3.1228
114.4442,0.7229,3.1141
114.4444,0.738,3.1792
114.4446,0.7727,3.3305
114.4448,0.717,3.0874
114.4450,0.7082,3.0525
114.4452,0.7338,3.1611
114.4454,0.8587,3.6787
114.4456,1.0967,4.6939
114.4458,1.1829,5.0842
114.4460,0.8744,3.7705
114.4462,0.7465,3.2159
114.4464,0.7669,3.2991
114.4466,0.7819,3.3667
114.4468,0.7944,3.4209
114.4470,0.806,3.4688
114.4472,0.7986,3.4374
114.4474,0.8346,3.5872
114.4476,0.9526,4.0885
114.4478,1.0326,4.4276
114.4480,1.0613,4.5531
114.4482,1.0612,4.5526
114.4484,1.0856,4.6505
114.4486,1.1276,4.8105
114.4488,1.4018,5.9943
114.4490,1.2667,5.4292
114.4492,1.254,5.3822
114.4494,1.1177,4.777
114.4496,1.2935,5.5412
114.4498,1.2429,5.3219
114.4500,1.1808,5.0466
114.4502,1.2725,5.4513
114.4504,1.2707,5.4385
114.4506,1.2749,5.4412
114.4508,1.3343,5.7163
114.4510,1.3215,5.6482
114.4512,1.2941,5.5412
114.4514,1.2774,5.4621
114.4516,1.3038,5.5749
114.4518,1.3062,5.5904
114.4520,1.2909,5.5252
114.4522,1.3069,5.5961
114.4524,1.2653,5.4154
114.4526,1.2644,5.4169
114.4528,1.1637,4.9947
114.4530,1.1152,4.7908
114.4532,1.0977,4.7178
114.4534,1.0829,4.6414
114.4536,1.1493,4.933
114.4538,1.0816,4.6444
114.4540,1.0653,4.5701
114.4542,1.0742,4.6082
114.4544,1.1346,4.8606
114.4546,1.2095,5.1889
114.4548,1.1716,5.0264
114.4550,1.1478,4.924
114.4552,1.1034,4.7469
114.4554,0.9774,4.2029
114.4556,0.9922,4.2663
114.4558,0.9094,3.9142
114.4560,0.901,3.8799
114.4562,0.907,3.9093
114.4564,0.8603,3.7043
114.4566,0.829,3.5745
114.4568,0.8419,3.6253
114.4570,0.857,3.6938
114.4572,0.7464,3.2168
114.4574,0.7888,3.3982
114.4576,0.8813,3.7947
114.4578,0.8929,3.8465
114.4580,0.8357,3.6035
114.4582,0.8304,3.5807
114.4584,0.843,3.6266
114.4586,0.8839,3.8043
114.4588,0.878,3.779
114.4590,0.9219,3.9678
114.4592,0.9316,4.0115
114.4594,0.8801,3.7913
114.4596,0.9259,3.983
114.4598,0.9263,3.9906
114.4600,0.8308,3.5757
114.4602,0.8727,3.7545
114.4604,0.8884,3.8256
114.4606,0.8726,3.7575
114.4608,0.8509,3.6623
114.4610,0.9182,3.9555
114.4612,0.867,3.7332
114.4614,0.8706,3.7487
114.4616,0.8226,3.5422
114.4618,0.8136,3.5051
114.4620,0.8259,3.5594
114.4622,0.7807,3.3646
114.4624,0.7893,3.4034
114.4626,0.8113,3.4985
114.4628,0.7998,3.4489
114.4630,0.8317,3.5798
114.4632,0.8284,3.5703
114.4634,0.8365,3.6038
114.4636,0.8635,3.7217
114.4638,0.8209,3.5366
114.4640,0.8008,3.4482
114.4642,0.847,3.6453
114.4644,0.8786,3.7868
114.4646,0.8418,3.6282
114.4648,0.809,3.4833
114.4650,0.8152,3.5118
114.4652,0.8332,3.586
114.4654,0.8669,3.731
114.4656,0.9275,3.9921
114.4658,0.9472,4.0654
114.4660,1.0369,4.4524
114.4662,1.0605,4.5538
114.4664,1.055,4.528
114.4666,1.0076,4.3308
114.4668,1.0916,4.6806
114.4670,1.2203,5.2303
114.4672,1.245,5.3511
114.4674,1.0088,4.3279
114.4676,1.0623,4.5658
114.4678,1.0417,4.4855
114.4680,0.9263,3.9869
114.4682,0.8775,3.7769
114.4684,0.8869,3.8207
114.4686,0.8701,3.7519
114.4688,0.8043,3.468
114.4690,0.7982,3.4401
114.4692,0.793,3.4179
114.4694,0.8239,3.5462
114.4696,0.913,3.926
114.4698,0.932,4.0131
114.4700,0.9808,4.2055
114.4702,1.2107,5.211
114.4704,0.9508,4.0732
114.4706,1.0196,4.3843
114.4708,1.0268,4.405
114.4710,1.0544,4.5275
114.4712,1.161,4.9852
114.4714,1.083,4.6376
114.4716,1.1938,5.1287
114.4718,1.199,5.146
114.4720,1.1473,4.9196
114.4722,1.0858,4.6711
114.4724,0.9147,3.9314
114.4726,0.9422,4.0588
114.4728,0.8418,3.6265
114.4730,0.8563,3.6924
114.4732,0.7845,3.3827
114.4734,0.7659,3.3026
114.4736,0.8696,3.7463
114.4738,0.8877,3.819
114.4740,0.9345,4.0164
114.4742,0.9492,4.0855
114.4744,0.9053,3.8966
114.4746,0.9295,3.9985
114.4748,0.9455,4.0695
114.4750,0.9001,3.8739
114.4752,0.9073,3.9067
114.4754,0.8925,3.8414
114.4756,0.8856,3.815
114.4758,0.8329,3.5966
114.4760,0.7205,3.111
114.4762,0.6972,3.0091
114.4764,0.7508,3.2405
114.4766,0.7281,3.1441
114.4768,0.7019,3.0293
114.4770,0.6882,2.969
114.4772,0.6887,2.9697
114.4774,0.6916,2.9765
114.4776,0.8607,3.7029
114.4778,0.8995,3.8821
114.4780,0.7316,3.1606
114.4782,0.6718,2.8994
114.4784,0.6657,2.8744
114.4786,0.6634,2.8672
114.4788,0.6676,2.8827
114.4790,0.6669,2.8782
114.4792,0.6689,2.8884
114.4794,0.6773,2.9246
114.4796,0.6747,2.9105
114.4798,0.7111,3.0663
114.4800,0.743,3.2024
114.4802,0.7926,3.4131
114.4804,0.8938,3.8381
114.4806,0.9489,4.0821
114.4808,0.9268,3.9853
114.4810,0.9802,4.2147
114.4812,0.906,3.901
114.4814,0.8551,3.6787
114.4816,0.8972,3.8579
114.4818,0.9161,3.9412
114.4820,0.9557,4.1019
114.4822,1.0514,4.5125
114.4824,1.0299,4.4246
114.4826,1.0743,4.6151
114.4828,1.0905,4.6781
114.4830,1.087,4.6589
114.4832,1.1284,4.8452
114.4834,1.1093,4.7678
114.4836,1.0547,4.527
114.4838,1.1095,4.7621
114.4840,1.1124,4.77
114.4842,1.2047,5.1587
114.4844,1.2704,5.44
114.4846,1.2876,5.5134
114.4848,1.3014,5.5725
114.4850,1.2255,5.25
114.4852,1.2116,5.1952
114.4854,1.2091,5.1747
114.4856,1.3153,5.6294
114.4858,1.3371,5.7308
114.4860,1.2221,5.2453
114.4862,1.1216,4.8164
114.4864,1.0015,4.3065
114.4866,1.0257,4.3983
114.4868,1.2237,5.2496
114.4870,1.1531,4.9535
114.4872,0.973,4.1994
114.4874,0.7817,3.3693
114.4876,0.7991,3.4458
114.4878,0.7473,3.224
114.4880,0.7407,3.1955
114.4882,0.7802,3.3641
114.4884,0.8245,3.5521
114.4886,0.8334,3.5953
114.4888,0.7592,3.2752
114.4890,0.8045,3.4691
114.4892,0.7526,3.2482
114.4894,0.7525,3.2432
114.4896,0.7663,3.3042
114.4898,0.7522,3.2527
114.4900,0.668,2.8869
114.4902,0.6566,2.835
114.4904,0.7265,3.1325
114.4906,0.7078,3.0561
114.4908,0.697,3.0067
114.4910,0.7585,3.2705
114.4912,0.6898,2.9771
114.4914,0.6212,2.686
114.4916,0.6561,2.833
114.4918,0.7058,3.045
114.4920,0.6956,3.0038
114.4922,0.703,3.0298
114.4924,0.8232,3.5415
114.4926,0.8255,3.5579
114.4928,0.7748,3.3409
114.4930,0.8086,3.485
114.4932,0.8247,3.5493
114.4934,0.8542,3.6797
114.4936,0.8418,3.6265
114.4938,0.8551,3.6804
114.4940,0.8568,3.6893
114.4942,0.8601,3.7021
114.4944,0.8817,3.7932
114.4946,0.8685,3.7452
114.4948,0.8146,3.5141
114.4950,0.7667,3.3032
114.4952,0.7599,3.2767
114.4954,0.7289,3.1487
114.4956,0.6713,2.8933
114.4958,0.7117,3.0703
114.4960,0.6864,2.9639
114.4962,0.6702,2.8914
114.4964,0.6534,2.8281
114.4966,0.5706,2.4673
114.4968,0.5825,2.5162
114.4970,0.5989,2.5884
114.4972,0.5916,2.5521
114.4974,0.6819,2.9347
114.4976,0.7947,3.4235
114.4978,0.8109,3.4997
114.4980,0.7042,3.0392
114.4982,0.6869,2.9633
114.4984,0.6804,2.9367
114.4986,0.6712,2.8969
114.4988,0.6724,2.9034
114.4990,0.6741,2.9066
114.4992,0.6865,2.959
114.4994,0.7803,3.3584
114.4996,0.8808,3.7926
114.4998,0.8466,3.6438
114.5000,0.8052,3.4754
114.5002,0.6712,2.8982
114.5004,0.6545,2.8236
114.5006,0.654,2.8229
114.5008,0.6512,2.8104
114.5010,0.6671,2.8766
114.5012,0.7215,3.1128
114.5014,0.6749,2.9156
114.5016,0.6522,2.8164
114.5018,0.6471,2.7903
114.5020,0.6457,2.784
114.5022,0.6484,2.7985
114.5024,0.649,2.7998
114.5026,0.6459,2.789
114.5028,0.6458,2.7871
114.5030,0.6475,2.7918
114.5032,0.6524,2.8169
114.5034,0.617,2.663
114.5036,0.6538,2.8166
114.5038,0.713,3.0732
114.5040,0.7335,3.1571
114.5042,0.7579,3.2649
114.5044,0.7375,3.1742
114.5046,0.7468,3.2189
114.5048,0.7486,3.2282
114.5050,0.7531,3.2473
114.5052,0.6594,2.8435
114.5054,0.6031,2.6041
114.5056,0.5946,2.565
114.5058,0.5939,2.5655
114.5060,0.6313,2.7258
114.5062,0.6153,2.6532
114.5064,0.6653,2.8675
114.5066,0.6536,2.8195
114.5068,0.711,3.0559
114.5070,0.8899,3.8212
114.5072,0.9055,3.8953
114.5074,0.7301,3.148
114.5076,0.6654,2.872
114.5078,0.6355,2.7388
114.5080,0.7098,3.0592
114.5082,0.7201,3.1037
114.5084,0.7178,3.091
114.5086,0.7173,3.0875
114.5088,0.7283,3.1373
114.5090,0.7203,3.1018
114.5092,0.7422,3.1943
114.5094,0.7878,3.3893
114.5096,0.817,3.5163
114.5098,0.8315,3.5804
114.5100,0.7395,3.1844
114.5102,0.7208,3.1053
114.5104,0.7202,3.1042
114.5106,0.6567,2.8356
114.5108,0.6074,2.6216
114.5110,0.6081,2.6222
114.5112,0.6708,2.8899
114.5114,0.7344,3.1652
114.5116,0.7046,3.0328
114.5118,0.7313,3.1488
114.5120,0.738,3.1777
114.5122,0.7357,3.1664
114.5124,0.7326,3.1545
114.5126,0.7696,3.3125
114.5128,0.8067,3.4703
114.5130,0.7712,3.3223
114.5132,0.757,3.2598
114.5134,0.7609,3.2748
114.5136,0.82,3.5276
114.5138,0.7914,3.4032
114.5140,0.8088,3.4764
114.5142,0.8935,3.8384
114.5144,0.9443,4.053
114.5146,0.9914,4.2552
114.5148,0.9678,4.1597
114.5150,0.9217,3.9576
114.5152,0.9497,4.0686
114.5154,1.0868,4.6578
114.5156,1.1178,4.7887
114.5158,1.1308,4.8442
114.5160,1.1034,4.7359
114.5162,1.0779,4.622
114.5164,1.1087,4.7541
114.5166,1.0908,4.6819
114.5168,1.0589,4.5386
114.5170,1.0788,4.6239
114.5172,1.1046,4.7344
114.5174,1.1152,4.7796
114.5176,1.125,4.8218
114.5178,1.1686,5.0018
114.5180,1.1996,5.1342
114.5182,1.2477,5.345
114.5184,1.2052,5.1656
114.5186,1.1745,5.0293
114.5188,1.2146,5.2032
114.5190,1.1625,4.9896
114.5192,1.0233,4.3962
114.5194,0.9606,4.1288
114.5196,0.9677,4.1611
114.5198,0.8931,3.8386
114.5200,0.9183,3.9524
114.5202,0.8641,3.7174
114.5204,0.8669,3.731
114.5206,0.837,3.6042
114.5208,0.8331,3.5838
114.5210,0.8274,3.5645
114.5212,0.8221,3.5369
114.5214,0.9109,3.9131
114.5216,0.9706,4.1735
114.5218,0.9455,4.0676
114.5220,0.8678,3.7386
114.5222,0.8226,3.5422
114.5224,0.7902,3.4012
114.5226,0.8386,3.6109
114.5228,0.8543,3.6785
114.5230,0.7974,3.4322
114.5232,0.8384,3.6104
114.5234,0.8159,3.5149
114.5236,0.8167,3.5153
114.5238,0.8566,3.6832
114.5240,0.8742,3.759
114.5242,0.8839,3.806
114.5244,0.811,3.4921
114.5246,0.8374,3.6057
114.5248,0.828,3.5654
114.5250,0.8072,3.4772
114.5252,0.7835,3.3786
114.5254,0.7191,3.1024
114.5256,0.6964,3.0013
114.5258,0.77,3.3202
114.5260,0.7132,3.0751
114.5262,0.6985,3.012
114.5264,0.7269,3.136
114.5266,0.6998,3.0191
114.5268,0.6996,3.0153
114.5270,0.7129,3.0741
114.5272,0.6913,2.981
114.5274,0.7489,3.2187
114.5276,0.8809,3.7966
114.5278,0.6915,2.9871
114.5280,0.6477,2.798
114.5282,0.6491,2.8003
114.5284,0.6394,2.752
114.5286,0.8296,3.5688
114.5288,0.903,3.8809
114.5290,0.8551,3.6872
114.5292,0.6638,2.8661
114.5294,0.6109,2.6378
114.5296,0.6226,2.6848
114.5298,0.6365,2.7473
114.5300,0.6333,2.7333
114.5302,0.6272,2.7057
114.5304,0.6112,2.6369
114.5306,0.67,2.8877
114.5308,0.779,3.3512
114.5310,0.8209,3.5317
114.5312,0.8139,3.5094
114.5314,0.7587,3.2655
114.5316,0.8123,3.4929
114.5318,0.8484,3.6515
114.5320,0.8425,3.6262
114.5322,0.8448,3.6343
114.5324,0.8709,3.7416
114.5326,0.9251,3.9744
114.5328,0.9882,4.2493
114.5330,0.9393,4.0352
114.5332,0.9419,4.0427
114.5334,0.9687,4.1633
114.5336,0.9275,3.9865
114.5338,0.9177,3.9424
114.5340,0.9249,3.9678
114.5342,0.9739,4.1821
114.5344,0.9925,4.2638
114.5346,0.9753,4.1897
114.5348,0.9242,3.9721
114.5350,0.9462,4.065
114.5352,0.8839,3.8078
114.5354,0.7321,3.1524
114.5356,0.7623,3.2795
114.5358,0.811,3.4905
114.5360,0.8236,3.5463
114.5362,0.8122,3.5005
114.5364,0.7584,3.264
114.5366,0.7709,3.3212
114.5368,0.7249,3.1287
114.5370,0.6452,2.782
114.5372,0.691,2.9767
114.5374,0.7714,3.3156
114.5376,0.8783,3.7782
114.5378,0.9034,3.8811
114.5380,0.9708,4.1687
114.5382,1.017,4.3649
114.5384,0.9938,4.2655
114.5386,0.9835,4.2213
114.5388,0.9852,4.2364
114.5390,0.9509,4.0889
114.5392,0.8893,3.831
114.5394,0.7855,3.3837
114.5396,0.752,3.2426
114.5398,0.6979,3.0136
114.5400,0.603,2.6036
114.5402,0.5879,2.5372
114.5404,0.5861,2.5318
114.5406,0.7108,3.0591
114.5408,0.8483,3.6527
114.5410,0.7844,3.3791
114.5412,0.7237,3.1221
114.5414,0.6767,2.9152
114.5416,0.6751,2.9126
114.5418,0.675,2.9107
114.5420,0.6871,2.9616
114.5422,0.69,2.974
114.5424,0.7117,3.0689
114.5426,0.6695,2.8896
114.5428,0.6272,2.7069
114.5430,0.587,2.5324
114.5432,0.5823,2.5146
114.5434,0.5835,2.5209
114.5436,0.5876,2.5362
114.5438,0.5929,2.5566
114.5440,0.6713,2.8933
114.5442,0.6962,3.0008
114.5444,0.6428,2.7729
114.5446,0.594,2.5624
114.5448,0.5893,2.5434
114.5450,0.5921,2.5565
114.5452,0.5861,2.5306
114.5454,0.587,2.5336
114.5456,0.5899,2.5472
114.5458,0.5943,2.5663
114.5460,0.5975,2.5774
114.5462,0.6195,2.6689
114.5464,0.6602,2.8479
114.5466,0.7164,3.0877
114.5468,0.7115,3.0594
114.5470,0.8115,3.4878
114.5472,0.9132,3.9211
114.5474,0.9632,4.1339
114.5476,0.9761,4.1895
114.5478,0.9496,4.0757
114.5480,0.9674,4.1461
114.5482,1.0299,4.4082
114.5484,1.2351,5.2813
114.5486,1.2888,5.5109
114.5488,1.151,4.938
114.5490,1.0626,4.5541
114.5492,1.0773,4.6152
114.5494,1.0967,4.6984
114.5496,1.0935,4.6889
114.5498,1.1007,4.7219
114.5500,1.0852,4.6534
114.5502,1.0459,4.489
114.5504,1.0202,4.3686
114.5506,1.1159,4.7783
114.5508,1.1,4.7145
114.5510,1.0674,4.5789
114.5512,1.0363,4.4457
114.5514,1.014,4.3582
114.5516,0.9654,4.1514
114.5518,0.9297,3.994
114.5520,0.9281,3.9818
114.5522,1.0417,4.4689
114.5524,1.1,4.7145
114.5526,1.0892,4.6769
114.5528,1.0031,4.3153
114.5530,0.9034,3.8903
114.5532,0.8274,3.5646
114.5534,0.7551,3.2486
114.5536,0.7939,3.4152
114.5538,0.8594,3.6939
114.5540,0.8825,3.7981
114.5542,0.894,3.8441
114.5544,0.9058,3.897
114.5546,0.8533,3.671
114.5548,0.8473,3.6452
114.5550,0.8428,3.6273
114.5552,0.8591,3.6975
114.5554,0.8358,3.6007
114.5556,0.6898,2.9744
114.5558,0.7494,3.2268
114.5560,0.8346,3.5922
114.5562,0.8023,3.4529
114.5564,0.7971,3.4291
114.5566,0.8148,3.5087
114.5568,0.7521,3.2432
114.5570,0.6873,2.9635
114.5572,0.6982,3.0064
114.5574,0.7893,3.3972
114.5576,0.8062,3.4748
114.5578,0.7423,3.2023
114.5580,0.7087,3.0532
114.5582,0.7548,3.2485
114.5584,0.7677,3.3089
114.5586,0.7514,3.2401
114.5588,0.6501,2.8032
114.5590,0.6545,2.8224
114.5592,0.6981,3.0156
114.5594,0.6078,2.6219
114.5596,0.6521,2.8133
114.5598,0.631,2.7248
114.5600,0.5941,2.5665
114.5602,0.5826,2.5122
114.5604,0.6389,2.7551
114.5606,0.7005,3.0218
114.5608,0.6737,2.9091
114.5610,0.6222,2.6853
114.5612,0.5975,2.5798
114.5614,0.527,2.2775
114.5616,0.5015,2.1687
114.5618,0.5008,2.1626
114.5620,0.5483,2.3676
114.5622,0.5483,2.3676
114.5624,0.547,2.3641
114.5626,0.5503,2.3753
114.5628,0.597,2.5766
114.5630,0.5524,2.3841
114.5632,0.5513,2.3783
114.5634,0.6268,2.7042
114.5636,0.6544,2.8192
114.5638,0.6599,2.843
114.5640,0.7222,3.1111
114.5642,0.7518,3.2356
114.5644,0.7487,3.2237
114.5646,0.7147,3.0833
114.5648,0.6707,2.8895
114.5650,0.6671,2.8753
114.5652,0.6684,2.881
114.5654,0.7228,3.1093
114.5656,0.8235,3.5426
114.5658,0.8317,3.5798
114.5660,0.8653,3.7209
114.5662,0.872,3.7498
114.5664,0.8267,3.5549
114.5666,0.7973,3.4365
114.5668,0.7586,3.2666
114.5670,0.7443,3.2051
114.5672,0.7294,3.1464
114.5674,0.6819,2.9416
114.5676,0.6587,2.8418
114.5678,0.6455,2.7823
114.5680,0.6406,2.7611
114.5682,0.6403,2.7621
114.5684,0.7344,3.1638
114.5686,0.6771,2.9182
114.5688,0.6525,2.8097
114.5690,0.6601,2.8448
114.5692,0.6541,2.8216
114.5694,0.6264,2.7009
114.5696,0.6589,2.8383
114.5698,0.7164,3.0805
114.5700,0.802,3.4487
114.5702,0.815,3.5092
114.5704,0.6746,2.9114
114.5706,0.5864,2.5299
114.5708,0.617,2.6593
114.5710,0.6717,2.8923
114.5712,0.7696,3.3095
114.5714,0.8272,3.5602
114.5716,0.7476,3.2176
114.5718,0.7063,3.0415
114.5720,0.743,3.2009
114.5722,0.7259,3.1242
114.5724,0.7148,3.0838
114.5726,0.6346,2.734
114.5728,0.7032,3.0238
114.5730,0.7401,3.1841
114.5732,0.6928,2.9859
114.5734,0.6165,2.6597
114.5736,0.6165,2.6585
114.5738,0.709,3.0486
114.5740,0.8047,3.4616
114.5742,0.8189,3.5197
114.5744,0.8588,3.6913
114.5746,0.8395,3.6084
114.5748,0.8566,3.685
114.5750,0.7358,3.167
114.5752,0.6984,3.0088
114.5754,0.6975,3.0074
114.5756,0.7219,3.1057
114.5758,0.7785,3.346
114.5760,0.8165,3.5094
114.5762,0.8152,3.5037
114.5764,0.8405,3.6108
114.5766,0.8858,3.8073
114.5768,0.8561,3.6863
114.5770,0.7276,3.1343
114.5772,0.7115,3.0622
114.5774,0.7466,3.2149
114.5776,0.724,3.1159
114.5778,0.7234,3.1148
114.5780,0.7252,3.1225
114.5782,0.7258,3.1208
114.5784,0.7899,3.4029
114.5786,0.7351,3.1654
114.5788,0.7213,3.106
114.5790,0.7169,3.0869
114.5792,0.7021,3.0206
114.5794,0.7248,3.1152
114.5796,0.7874,3.3842
114.5798,0.8404,3.6136
114.5800,0.847,3.6403
114.5802,0.866,3.7257
114.5804,0.809,3.4786
114.5806,0.8359,3.5879
114.5808,0.9678,4.152
114.5810,0.9977,4.2761
114.5812,0.9832,4.2159
114.5814,0.95,4.0792
114.5816,0.9664,4.1478
114.5818,1.0327,4.4282
114.5820,1.0628,4.5551
114.5822,1.0518,4.5058
114.5824,1.084,4.6439
114.5826,1.1223,4.8056
114.5828,1.1229,4.8104
114.5830,1.1026,4.7236
114.5832,1.1001,4.7172
114.5834,1.0895,4.6697
114.5836,1.0957,4.6894
114.5838,1.1279,4.8274
114.5840,1.1537,4.9355
114.5842,1.1609,4.9709
114.5844,1.1949,5.1167
114.5846,1.1876,5.0806
114.5848,1.2295,5.2621
114.5850,1.2229,5.2387
114.5852,1.0957,4.6981
114.5854,1.0646,4.565
114.5856,1.1299,4.8429
114.5858,1.1037,4.737
114.5860,1.0492,4.5097
114.5862,0.9368,4.0338
114.5864,0.7983,3.4343
114.5866,0.8334,3.5854
114.5868,0.8895,3.8232
114.5870,0.9151,3.9312
114.5872,0.9422,4.0495
114.5874,0.962,4.1364
114.5876,0.92,3.9486
114.5878,1.0084,4.3218
114.5880,1.0951,4.7
114.5882,1.0299,4.4246
114.5884,0.9201,3.9528
114.5886,0.911,3.9155
114.5888,0.9064,3.8959
114.5890,0.9078,3.9052
114.5892,0.8895,3.8286
114.5894,0.867,3.7281
114.5896,0.9994,4.2813
114.5898,1.1507,4.9272
114.5900,1.1753,5.0489
114.5902,0.9331,4.0178
114.5904,0.8779,3.7733
114.5906,1.0078,4.3233
114.5908,1.0403,4.4669
114.5910,1.0102,4.3417
114.5912,1.0115,4.3433
114.5914,0.973,4.1819
114.5916,0.9277,3.989
114.5918,0.8911,3.8389
114.5920,0.8219,3.5408
114.5922,0.8025,3.4539
114.5924,0.8086,3.4851
114.5926,0.7892,3.4014
114.5928,0.7804,3.3574
114.5930,0.8489,3.6502
114.5932,0.8957,3.8549
114.5934,0.8843,3.813
114.5936,0.7506,3.238
114.5938,0.6848,2.9526
114.5940,0.7425,3.2018
114.5942,0.7588,3.2676
114.5944,0.7663,3.3027
114.5946,0.7513,3.2381
114.5948,0.7975,3.4323
114.5950,0.8622,3.7057
114.5952,0.8928,3.8461
114.5954,0.8472,3.6481
114.5956,0.8469,3.6449
114.5958,0.7997,3.4501
114.5960,0.673,2.9033
114.5962,0.6849,2.9545
114.5964,0.6844,2.9484
114.5966,0.7622,3.2805
114.5968,0.8785,3.7846
114.5970,0.7915,3.4112
114.5972,0.7467,3.217
114.5974,0.7765,3.3419
114.5976,0.8199,3.532
114.5978,0.846,3.6345
114.5980,0.9115,3.9176
114.5982,0.9172,3.946
114.5984,0.9213,3.969
114.5986,0.8633,3.7138
114.5988,0.835,3.5971
114.5990,0.7389,3.1849
114.5992,0.7288,3.1409
114.5994,0.7271,3.1337
114.5996,0.7139,3.0783
114.5998,0.7108,3.0606
114.6000,0.7865,3.3869
114.6002,0.8049,3.4723
114.6004,0.7338,3.1612
114.6006,0.7249,3.1229
114.6008,0.7124,3.0721
114.6010,0.7154,3.0821
114.6012,0.7694,3.313
114.6014,0.765,3.297
114.6016,0.7007,3.0228
114.6018,0.7089,3.0551
114.6020,0.7007,3.02
114.6022,0.6503,2.8069
114.6024,0.6431,2.7732
114.6026,0.6505,2.8061
114.6028,0.6505,2.8074
114.6030,0.6705,2.8884
114.6032,0.7261,3.131
114.6034,0.7335,3.1601
114.6036,0.7439,3.2016
114.6038,0.7688,3.3089
114.6040,0.7825,3.3678
114.6042,0.7659,3.3011
114.6044,0.74,3.191
114.6046,0.6879,2.9675
114.6048,0.6501,2.8058
114.6050,0.6473,2.7926
114.6052,0.6533,2.8172
114.6054,0.6525,2.8136
114.6056,0.6447,2.7813
114.6058,0.6476,2.7937
114.6060,0.65,2.804
114.6062,0.6531,2.8162
114.6064,0.6913,2.9797
114.6066,0.7459,3.2118
114.6068,0.7783,3.3481
114.6070,0.7687,3.3069
114.6072,0.7447,3.2082
114.6074,0.7646,3.2893
114.6076,0.8392,3.6085
114.6078,0.8557,3.6831
114.6080,0.813,3.501
114.6082,0.7895,3.3966
114.6084,0.8045,3.4643
114.6086,0.7766,3.3456
114.6088,0.7859,3.378
114.6090,0.8443,3.6323
114.6092,0.826,3.5567
114.6094,0.7779,3.3497
114.6096,0.7978,3.4338
114.6098,0.7851,3.3807
114.6100,0.8031,3.4581
114.6102,0.7699,3.3182
114.6104,0.6993,3.0096
114.6106,0.771,3.3182
114.6108,0.7949,3.4182
114.6110,0.9496,4.0738
114.6112,1.0915,4.6714
114.6114,1.1468,4.9291
114.6116,0.8982,3.8604
114.6118,0.8678,3.7334
114.6120,0.8165,3.5192
114.6122,0.775,3.3358
114.6124,0.8178,3.5183
114.6126,0.8467,3.6393
114.6128,0.8849,3.8102
114.6130,0.816,3.509
114.6132,0.8566,3.6815
114.6134,0.9699,4.1569
114.6136,1.0811,4.6316
114.6138,1.1018,4.72
114.6140,1.1003,4.7204
114.6142,1.131,4.8362
114.6144,1.2612,5.393
114.6146,1.2976,5.5562
114.6148,1.1603,4.9729
114.6150,1.1148,4.7737
114.6152,1.1731,5.0185
114.6154,1.255,5.3739
114.6156,1.1811,5.0624
114.6158,1.1742,5.0279
114.6160,1.2073,5.1696
114.6162,1.2158,5.1963
114.6164,1.2568,5.3766
114.6166,1.2441,5.3396
114.6168,1.082,4.6374
114.6170,1.1188,4.7996
114.6172,1.145,4.8985
114.6174,1.2291,5.263
114.6176,1.2218,5.2317
114.6178,1.2253,5.2441
114.6180,1.1508,4.9462
114.6182,1.0573,4.54
114.6184,1.0205,4.388
114.6186,0.9171,3.9454
114.6188,0.957,4.1134
114.6190,0.9593,4.1251
114.6192,0.9471,4.0706
114.6194,0.9664,4.1555
114.6196,1.0037,4.3118
114.6198,1.0245,4.4035
114.6200,0.9309,4.0122
114.6202,0.8258,3.5607
114.6204,0.7869,3.3916
114.6206,0.7154,3.0864
114.6208,0.6491,2.803
114.6210,0.6801,2.9366
114.6212,0.6657,2.8718
114.6214,0.6948,2.9989
114.6216,0.7493,3.2338
114.6218,0.7421,3.1998
114.6220,0.6972,3.005
114.6222,0.7122,3.071
114.6224,0.7478,3.2261
114.6226,0.716,3.0847
114.6228,0.7845,3.3765
114.6230,0.8465,3.6501
114.6232,0.7683,3.313
114.6234,0.7268,3.1399
114.6236,0.6202,2.6782
114.6238,0.6479,2.7991
114.6240,0.6043,2.6106
114.6242,0.6134,2.6487
114.6244,0.5924,2.5605
114.6246,0.5827,2.5197
114.6248,0.5748,2.4831
114.6250,0.5901,2.5506
114.6252,0.5882,2.5412
114.6254,0.5975,2.5787
114.6256,0.5953,2.5717
114.6258,0.5391,2.332
114.6260,0.5113,2.2096
114.6262,0.5394,2.326
114.6264,0.6977,3.0071
114.6266,0.6518,2.817
114.6268,0.5525,2.3857
114.6270,0.5714,2.4675
114.6272,0.5634,2.4339
114.6274,0.5507,2.3757
114.6276,0.6019,2.5942
114.6278,0.6505,2.81
114.6280,0.5652,2.4428
114.6282,0.5583,2.4117
114.6284,0.5748,2.4808
114.6286,0.5791,2.5006
114.6288,0.5725,2.471
114.6290,0.6325,2.726
114.6292,0.6519,2.811
114.6294,0.6508,2.8076
114.6296,0.6929,2.9892
114.6298,0.6947,2.9928
114.6300,0.6598,2.8451
114.6302,0.669,2.8822
114.6304,0.7399,3.1831
114.6306,0.7669,3.3007
114.6308,0.7732,3.3218
114.6310,0.9465,4.0642
114.6312,1.0437,4.4714
114.6314,1.0537,4.5287
114.6316,0.8692,3.7409
114.6318,0.8387,3.6047
114.6320,0.894,3.8387
114.6322,0.866,3.7188
114.6324,0.8834,3.7987
114.6326,0.8323,3.5874
114.6328,0.7478,3.2201
114.6330,0.8112,3.49
114.6332,0.8556,3.6808
114.6334,0.8584,3.6858
114.6336,0.8835,3.801
114.6338,0.8502,3.6559
114.6340,0.8472,3.643
114.6342,0.8677,3.7364
114.6344,0.8633,3.7138
114.6346,0.8268,3.562
114.6348,0.7009,3.0252
114.6350,0.6204,2.6738
114.6352,0.6589,2.841
114.6354,0.6752,2.9126
114.6356,0.6344,2.7342
114.6358,0.6595,2.8449
114.6360,0.6557,2.8236
114.6362,0.6955,2.9978
114.6364,0.6804,2.9313
114.6366,0.7346,3.1633
114.6368,0.731,3.1493
114.6370,0.7246,3.1214
114.6372,0.7001,3.0188
114.6374,0.6436,2.7753
114.6376,0.6495,2.8032
114.6378,0.6362,2.7433
114.6380,0.6479,2.7952
114.6382,0.6174,2.6621
114.6384,0.6431,2.7732
114.6386,0.7188,3.0937
114.6388,0.7212,3.1055
114.6390,0.7331,3.1625
114.6392,0.652,2.8089
114.6394,0.7152,3.0768
114.6396,0.7629,3.2836
114.6398,0.7835,3.3677
114.6400,0.8114,3.4954
114.6402,0.729,3.1376
114.6404,0.7303,3.1476
114.6406,0.717,3.0889
114.6408,0.7388,3.1829
114.6410,0.7214,3.1108
114.6412,0.6037,2.6056
114.6414,0.5848,2.5238
114.6416,0.5834,2.5158
114.6418,0.5832,2.5182
114.6420,0.5824,2.5146
114.6422,0.5878,2.5356
114.6424,0.6389,2.7526
114.6426,0.6608,2.8519
114.6428,0.5903,2.5476
114.6430,0.5836,2.5163
114.6432,0.6077,2.619
114.6434,0.6595,2.8449
114.6436,0.6066,2.618
114.6438,0.583,2.5172
114.6440,0.5774,2.4899
114.6442,0.5765,2.4869
114.6444,0.5838,2.522
114.6446,0.5813,2.5065
114.6448,0.6165,2.6585
114.6450,0.5988,2.5843
114.6452,0.5979,2.5783
114.6454,0.6779,2.9178
114.6456,0.8015,3.4434
114.6458,0.9075,3.9005
114.6460,0.8177,3.5162
114.6462,0.7984,3.4332
114.6464,0.8428,3.6223
114.6466,0.837,3.5942
114.6468,0.8797,3.7775
114.6470,0.9043,3.883
114.6472,0.9537,4.099
114.6474,0.8614,3.7039
114.6476,0.8596,3.6841
114.6478,1.0066,4.3141
114.6480,1.0666,4.5759
114.6482,1.0775,4.614
114.6484,1.1134,4.7698
114.6486,1.1032,4.7283
114.6488,1.1019,4.7205
114.6490,1.0639,4.5662
114.6492,1.0067,4.3187
114.6494,1.0313,4.4179
114.6496,1.0701,4.5929
114.6498,0.9591,4.1221
114.6500,0.9399,4.034
114.6502,0.9996,4.2883
114.6504,1.0189,4.3732
114.6506,0.9924,4.2575
114.6508,1.0283,4.4051
114.6510,1.0504,4.5064
114.6512,1.0805,4.6334
114.6514,1.0574,4.5341
114.6516,1.0459,4.4911
114.6518,1.0115,4.3433
114.6520,0.96,4.1263
114.6522,0.9192,3.9358
114.6524,1.1807,5.0461
114.6526,1.3123,5.6036
114.6528,1.2798,5.4827
114.6530,1.1087,4.7586
114.6532,1.1815,5.0615
114.6534,1.1555,4.9501
114.6536,1.1064,4.7488
114.6538,1.0297,4.4215
114.6540,0.9815,4.2165
114.6542,0.927,3.9877
114.6544,0.8863,3.8129
114.6546,0.8622,3.7109
114.6548,0.8747,3.7628
114.6550,0.879,3.7779
114.6552,0.884,3.7995
114.6554,0.9001,3.8704
114.6556,0.8687,3.7388
114.6558,0.8981,3.8562
114.6560,1.0175,4.367
114.6562,1.0383,4.4524
114.6564,1.0538,4.525
114.6566,0.9856,4.236
114.6568,0.9519,4.0931
114.6570,0.8397,3.6139
114.6572,0.7663,3.2965
114.6574,0.8023,3.4561
114.6576,0.7405,3.196
114.6578,0.6931,2.9888
114.6580,0.7247,3.1205
114.6582,0.7608,3.2728
114.6584,0.7945,3.4225
114.6586,0.7121,3.0677
114.6588,0.7054,3.0444
114.6590,0.6731,2.9052
114.6592,0.6864,2.9558
114.6594,0.7749,3.3337
114.6596,0.8329,3.585
114.6598,0.8136,3.5036
114.6600,0.7535,3.2504
114.6602,0.5997,2.5897
114.6604,0.5848,2.5273
114.6606,0.5916,2.5521
114.6608,0.6437,2.7784
114.6610,0.6303,2.7217
114.6612,0.6348,2.7396
114.6614,0.6375,2.7515
114.6616,0.6358,2.743
114.6618,0.6362,2.742
114.6620,0.7057,3.0347
114.6622,0.815,3.506
114.6624,0.8289,3.5658
114.6626,0.8273,3.5591
114.6628,0.8335,3.5876
114.6630,0.8056,3.4706
114.6632,0.7541,3.247
114.6634,0.7681,3.3043
114.6636,0.8304,3.5708
114.6638,0.8706,3.747
114.6640,0.8716,3.7494
114.6642,0.8959,3.8506
114.6644,0.9695,4.1612
114.6646,0.9588,4.1249
114.6648,0.8862,3.8088
114.6650,0.8756,3.76
114.6652,0.9231,3.962
114.6654,0.9675,4.1524
114.6656,0.9784,4.211
114.6658,0.8081,3.483
114.6660,0.8337,3.5831
114.6662,0.8355,3.5975
114.6664,0.7359,3.1705
114.6666,0.7244,3.1223
114.6668,0.747,3.218
114.6670,0.7536,3.2464
114.6672,0.7259,3.1271
114.6674,0.8038,3.4628
114.6676,0.7719,3.3254
114.6678,0.7659,3.295
114.6680,0.8315,3.5772
114.6682,0.8158,3.5079
114.6684,0.8262,3.5578
114.6686,0.7808,3.3668
114.6688,0.7075,3.0537
114.6690,0.6489,2.8007
114.6692,0.6627,2.8522
114.6694,0.7922,3.408
114.6696,0.7964,3.434
114.6698,0.7099,3.0584
114.6700,0.793,3.4068
114.6702,0.9007,3.873
114.6704,0.8883,3.8199
114.6706,0.8984,3.8614
114.6708,0.908,3.9044
114.6710,0.8288,3.5669
114.6712,0.827,3.5609
114.6714,0.7797,3.3606
114.6716,0.8037,3.4559
114.6718,0.8391,3.6096
114.6720,0.8588,3.6948
114.6722,0.8455,3.6426
114.6724,0.8658,3.7091
114.6726,1.1422,4.8862
114.6728,1.2603,5.3965
114.6730,1.0939,4.6992
114.6732,0.9037,3.8786
114.6734,0.9109,3.9241
114.6736,0.8301,3.571
114.6738,0.8417,3.6294
114.6740,0.6917,2.9826
114.6742,0.7279,3.1344
114.6744,0.7675,3.3063
114.6746,0.6979,3.0067
114.6748,0.7092,3.0638
114.6750,0.6165,2.6659
114.6752,0.6005,2.5916
114.6754,0.6024,2.6011
114.6756,0.614,2.6476
114.6758,0.697,2.9998
114.6760,0.7838,3.3703
114.6762,0.8347,3.5911
114.6764,0.8633,3.7138
114.6766,0.794,3.4252
114.6768,0.6304,2.7197
114.6770,0.6545,2.825
114.6772,0.618,2.6659
114.6774,0.6258,2.6983
114.6776,0.6356,2.7419
114.6778,0.6031,2.6018
114.6780,0.5965,2.5745
114.6782,0.6505,2.8074
114.6784,0.6145,2.6509
114.6786,0.682,2.9367
114.6788,0.7755,3.3378
114.6790,0.8146,3.5012
114.6792,0.8551,3.6771
114.6794,0.7931,3.4105
114.6796,0.8076,3.4729
114.6798,0.8482,3.6455
114.6800,0.882,3.7908
114.6802,0.9106,3.9085
114.6804,0.952,4.0936
114.6806,0.8939,3.8436
114.6808,0.954,4.0929
114.6810,0.9602,4.1191
114.6812,0.9508,4.0828
114.6814,0.9466,4.0704
114.6816,0.9865,4.2323
114.6818,1.0876,4.6615
114.6820,1.0827,4.6405
114.6822,1.0811,4.6338
114.6824,1.1104,4.7658
114.6826,1.0859,4.6587
114.6828,1.0821,4.64
114.6830,1.0537,4.5161
114.6832,1.1452,4.9082
114.6834,1.2006,5.148
114.6836,1.1325,4.8537
114.6838,1.1203,4.8018
114.6840,1.078,4.6247
114.6842,1.0222,4.3912
114.6844,0.988,4.2444
114.6846,0.9937,4.2671
114.6848,1.0202,4.3829
114.6850,0.9528,4.0953
114.6852,0.9513,4.0867
114.6854,0.9428,4.0539
114.6856,0.8948,3.8441
114.6858,0.9433,4.0579
114.6860,0.8862,3.8141
114.6862,0.834,3.588
114.6864,0.8346,3.5906
114.6866,0.8728,3.7581
114.6868,0.7731,3.3321
114.6870,0.7457,3.2093
114.6872,0.7838,3.3781
114.6874,0.7451,3.2112
114.6876,0.7588,3.2752
114.6878,0.7116,3.0685
114.6880,0.7266,3.1287
114.6882,0.7723,3.3332
114.6884,0.6979,3.0095
114.6886,0.7048,3.0348
114.6888,0.7646,3.297
114.6890,0.7312,3.1498
114.6892,0.8176,3.519
114.6894,0.7531,3.2488
114.6896,0.6742,2.9085
114.6898,0.7225,3.1112
114.6900,0.7385,3.1784
114.6902,0.8255,3.5497
114.6904,0.847,3.6539
114.6906,0.7594,3.2717
114.6908,0.7861,3.3879
114.6910,0.7653,3.297
114.6912,0.7717,3.3229
114.6914,0.7828,3.3724
114.6916,0.7422,3.1988
114.6918,0.7123,3.073
114.6920,0.6303,2.723
114.6922,0.6002,2.5906
114.6924,0.6013,2.5952
114.6926,0.6325,2.726
114.6928,0.7533,3.2454
114.6930,0.7525,3.2448
114.6932,0.6642,2.8669
114.6934,0.6338,2.7316
114.6936,0.6885,2.9645
114.6938,0.7273,3.1318
114.6940,0.7556,3.2582
114.6942,0.7286,3.1404
114.6944,0.7496,3.2338
114.6946,0.8326,3.5885
114.6948,0.6722,2.8984
114.6950,0.722,3.1091
114.6952,0.818,3.5172
114.6954,0.8362,3.5906
114.6956,0.8682,3.735
114.6958,0.8454,3.6421
114.6960,0.8418,3.6282
114.6962,0.8488,3.6497
114.6964,0.9064,3.8995
114.6966,0.8851,3.8059
114.6968,0.8524,3.6669
114.6970,0.8437,3.6348
114.6972,0.8115,3.4943
114.6974,0.8437,3.6315
114.6976,0.8297,3.5727
114.6978,0.7255,3.1299
114.6980,0.6713,2.8961
114.6982,0.6659,2.8688
114.6984,0.7056,3.0412
114.6986,0.6743,2.909
114.6988,0.703,3.0298
114.6990,0.6853,2.9539
114.6992,0.6806,2.9332
114.6994,0.7521,3.2417
114.6996,0.7049,3.0381
114.6998,0.6689,2.8831
114.7000,0.6541,2.8242
114.7002,0.6464,2.7911
114.7004,0.646,2.7857
114.7006,0.6427,2.7712
114.7008,0.6369,2.7464
114.7010,0.631,2.721
114.7012,0.6156,2.6556
114.7014,0.6302,2.7174
114.7016,0.6586,2.8399
114.7018,0.7008,3.0191
114.7020,0.6674,2.8817
114.7022,0.5925,2.5574
114.7024,0.5842,2.52
114.7026,0.5845,2.5228
114.7028,0.584,2.5195
114.7030,0.5814,2.507
114.7032,0.6014,2.5909
114.7034,0.656,2.8273
114.7036,0.691,2.9754
114.7038,0.7199,3.1027
114.7040,0.6985,3.0107
114.7042,0.6969,3.0063
114.7044,0.5972,2.5788
114.7046,0.5761,2.4831
114.7048,0.6901,2.9718
114.7050,0.6699,2.8885
114.7052,0.624,2.6905
114.7054,0.6782,2.9229
114.7056,0.6556,2.8283
114.7058,0.6677,2.8739
114.7060,0.7604,3.2698
114.7062,0.8096,3.4844
114.7064,0.7997,3.4421
114.7066,0.7773,3.3471
114.7068,0.7243,3.1218
114.7070,0.7198,3.1007
114.7072,0.7804,3.3637
114.7074,0.6701,2.8896
114.7076,0.6152,2.6491
114.7078,0.6728,2.8983
114.7080,0.6262,2.7016
114.7082,0.6208,2.6771
114.7084,0.6308,2.7175
114.7086,0.6467,2.7913
114.7088,0.6121,2.6381
114.7090,0.6617,2.8534
114.7092,0.6148,2.6512
114.7094,0.6186,2.666
114.7096,0.6425,2.7681
114.7098,0.625,2.6964
114.7100,0.6449,2.7784
114.7102,0.7063,3.0415
114.7104,0.7361,3.168
114.7106,0.7376,3.1762
114.7108,0.7315,3.1514
114.7110,0.7379,3.1758
114.7112,0.7382,3.1773
114.7114,0.7288,3.1351
114.7116,0.7515,3.2361
114.7118,0.7729,3.3249
114.7120,0.7797,3.3512
114.7122,0.8172,3.5158
114.7124,0.8099,3.4827
114.7126,0.8333,3.5782
114.7128,0.9028,3.875
114.7130,0.9612,4.1256
114.7132,0.9737,4.1831
114.7134,0.9551,4.0994
114.7136,0.9616,4.1291
114.7138,0.9567,4.1023
114.7140,0.9922,4.2545
114.7142,1.0034,4.3028
114.7144,1.0459,4.4827
114.7146,1.1217,4.7805
114.7148,1.3093,5.6065
114.7150,1.1387,4.8759
114.7152,1.1745,5.0364
114.7154,1.1423,4.8936
114.7156,1.1507,4.9318
114.7158,1.1082,4.7499
114.7160,1.1453,4.9018
114.7162,1.2079,5.1721
114.7164,1.2925,5.5268
114.7166,1.3212,5.6441
114.7168,1.2769,5.4627
114.7170,1.2556,5.3714
114.7172,1.2406,5.3123
114.7174,1.1965,5.1257
114.7176,1.0912,4.6791
114.7178,1.0916,4.6894
114.7180,0.9744,4.19
114.7182,0.9001,3.8704
114.7184,0.8647,3.7166
114.7186,0.8845,3.8051
114.7188,0.8181,3.5227
114.7190,0.827,3.5526
114.7192,0.8903,3.8299
114.7194,0.8633,3.7173
114.7196,0.8117,3.4937
114.7198,0.8361,3.5951
114.7200,0.8381,3.6055
114.7202,0.8768,3.7704
114.7204,0.943,4.0493
114.7206,0.9299,3.9969
114.7208,0.9278,3.9932
114.7210,0.8747,3.7681
114.7212,0.7652,3.2996
114.7214,0.7665,3.3022
114.7216,0.7621,3.28
114.7218,0.7776,3.3466
114.7220,0.7957,3.4245
114.7222,0.7971,3.4339
114.7224,0.8074,3.4719
114.7226,0.8634,3.7195
114.7228,0.7616,3.284
114.7230,0.7363,3.1691
114.7232,0.8552,3.681
114.7234,0.8274,3.5596
114.7236,0.8513,3.6572
114.7238,0.9304,3.9971
114.7240,0.9399,4.0453
114.7242,0.8759,3.768
114.7244,0.8284,3.5671
114.7246,0.7762,3.3471
114.7248,0.7238,3.1212
114.7250,0.6987,3.0098
114.7252,0.7254,3.1265
114.7254,0.7178,3.0939
114.7256,0.7156,3.0841
114.7258,0.718,3.093
114.7260,0.7879,3.391
114.7262,0.85,3.6549
114.7264,0.8499,3.6578
114.7266,0.7644,3.2944
114.7268,0.6644,2.8687
114.7270,0.6487,2.7996
114.7272,0.6512,2.8066
114.7274,0.6521,2.812
114.7276,0.6922,2.9889
114.7278,0.6469,2.788
114.7280,0.6842,2.9487
114.7282,0.666,2.8707
114.7284,0.7031,3.0275
114.7286,0.7852,3.3828
114.7288,0.7647,3.2929
114.7290,0.758,3.2655
114.7292,0.7735,3.329
114.7294,0.8493,3.6484
114.7296,0.8375,3.6063
114.7298,0.7877,3.3905
114.7300,0.8099,3.4811
114.7302,0.8731,3.7492
114.7304,0.8919,3.8336
114.7306,0.9412,4.0472
114.7308,0.8952,3.8493
114.7310,0.8668,3.7271
114.7312,0.8639,3.713
114.7314,0.891,3.8276
114.7316,0.9252,3.9781
114.7318,0.9243,3.9801
114.7320,0.8404,3.6153
114.7322,0.8176,3.519
114.7324,0.827,3.5592
114.7326,0.9048,3.8851
114.7328,0.9936,4.2646
114.7330,0.9955,4.2708
114.7332,0.9537,4.1028
114.7334,0.8572,3.6893
114.7336,0.8704,3.7425
114.7338,0.8648,3.7257
114.7340,0.7639,3.2908
114.7342,0.7584,3.2655
114.7344,0.7939,3.4184
114.7346,0.7379,3.1832
114.7348,0.7278,3.1353
114.7350,0.7875,3.391
114.7352,0.7459,3.2118
114.7354,0.7484,3.2272
114.7356,0.7139,3.0783
114.7358,0.7111,3.055
114.7360,0.9091,3.9
114.7362,0.9431,4.0574
114.7364,0.8628,3.698
114.7366,0.9991,4.3043
114.7368,0.8323,3.5841
114.7370,0.7969,3.4297
114.7372,0.768,3.3084
114.7374,0.7459,3.2148
114.7376,0.721,3.1073
114.7378,0.7156,3.0798
114.7380,0.763,3.2826
114.7382,0.7592,3.2722
114.7384,0.7184,3.0965
114.7386,0.7577,3.264
114.7388,0.7704,3.3141
114.7390,0.8025,3.4523
114.7392,0.9017,3.8717
114.7394,0.9701,4.1676
114.7396,0.8681,3.7345
114.7398,0.8249,3.5554
114.7400,0.7436,3.2065
114.7402,0.7205,3.1038
114.7404,0.7401,3.1885
114.7406,0.7387,3.1883
114.7408,0.6467,2.7913
114.7410,0.6148,2.6512
114.7412,0.6212,2.6836
114.7414,0.6107,2.6356
114.7416,0.6066,2.618
114.7418,0.6025,2.5992
114.7420,0.6024,2.6011
114.7422,0.6105,2.6351
114.7424,0.6021,2.5952
114.7426,0.658,2.836
114.7428,0.7032,3.0309
114.7430,0.6699,2.8899
114.7432,0.6104,2.6345
114.7434,0.6018,2.5997
114.7436,0.6048,2.6102
114.7438,0.6068,2.6166
114.7440,0.6023,2.5981
114.7442,0.605,2.61
114.7444,0.6053,2.6111
114.7446,0.6091,2.6288
114.7448,0.619,2.6693
114.7450,0.632,2.7252
114.7452,0.6827,2.9411
114.7454,0.7906,3.3981
114.7456,0.8421,3.6158
114.7458,0.8815,3.787
114.7460,0.8598,3.6989
114.7462,0.8097,3.4833
114.7464,0.8176,3.519
114.7466,0.8111,3.4862
114.7468,0.8331,3.5855
114.7470,0.8322,3.5769
114.7472,0.9011,3.8691
114.7474,0.9473,4.0641
114.7476,1.0422,4.4668
114.7478,1.0696,4.5823
114.7480,1.0617,4.5548
114.7482,1.0543,4.525
114.7484,1.0388,4.4544
114.7486,1.0301,4.421
114.7488,1.0152,4.3572
114.7490,1.0242,4.3917
114.7492,1.0665,4.5732
114.7494,1.1111,4.7578
114.7496,1.1676,4.9973
114.7498,1.2566,5.3705
114.7500,1.279,5.4715
114.7502,1.2586,5.3817
114.7504,1.2886,5.5073
114.7506,1.2821,5.4822
114.7508,1.2208,5.23
114.7510,1.1454,4.9115
114.7512,1.0783,4.6258
114.7514,1.0656,4.5712
114.7516,1.0702,4.5913
114.7518,1.0368,4.4499
114.7520,0.9633,4.146
114.7522,0.9134,3.924
114.7524,1.003,4.3007
114.7526,1.0527,4.5162
114.7528,1.0605,4.5475
114.7530,1.0967,4.7028
114.7532,1.044,4.4807
114.7534,1.0229,4.3902
114.7536,1.0834,4.6457
114.7538,1.0891,4.6764
114.7540,1.003,4.3168
114.7542,0.8881,3.8242
114.7544,0.8549,3.6743
114.7546,0.906,3.8938
114.7548,0.8687,3.7423
114.7550,0.8099,3.4859
114.7552,0.8658,3.7229
114.7554,0.8939,3.8489
114.7556,0.8792,3.7877
114.7558,0.8086,3.4851
114.7560,0.8093,3.4882
114.7562,0.7463,3.2164
114.7564,0.7412,3.1917
114.7566,0.7632,3.2786
114.7568,0.9064,3.905
114.7570,0.8045,3.4659
114.7572,0.8333,3.5866
114.7574,0.8684,3.743
114.7576,0.7495,3.2303
114.7578,0.6261,2.7036
114.7580,0.6202,2.6757
114.7582,0.6952,2.999
114.7584,0.687,2.9666
114.7586,0.6525,2.8188
114.7588,0.6158,2.6591
114.7590,0.6232,2.6862
114.7592,0.6828,2.9485
114.7594,0.6373,2.7505
114.7596,0.6231,2.6906
114.7598,0.6292,2.7145
114.7600,0.6395,2.7616
114.7602,0.6172,2.6677
114.7604,0.5521,2.3852
114.7606,0.5435,2.349
114.7608,0.5724,2.4716
114.7610,0.6249,2.6922
114.7612,0.6891,2.9685
114.7614,0.732,3.152
114.7616,0.7423,3.2008
114.7618,0.6856,2.9576
114.7620,0.6723,2.8989
114.7622,0.6762,2.9159
114.7624,0.6987,3.0112
114.7626,0.7477,3.2181
114.7628,0.7731,3.329
114.7630,0.7909,3.4055
114.7632,0.778,3.3502
114.7634,0.7773,3.3502
114.7636,0.774,3.3342
114.7638,0.7916,3.4038
114.7640,0.8418,3.6198
114.7642,0.831,3.5801
114.7644,0.7491,3.2303
114.7646,0.6849,2.9504
114.7648,0.6665,2.8741
114.7650,0.6669,2.8783
114.7652,0.6664,2.8735
114.7654,0.6624,2.8578
114.7656,0.6891,2.9671
114.7658,0.7806,3.3611
114.7660,0.733,3.162
114.7662,0.6676,2.8814
114.7664,0.6607,2.85
114.7666,0.6571,2.8319
114.7668,0.6987,3.0126
114.7670,0.6668,2.8764
114.7672,0.6714,2.8953
114.7674,0.6803,2.9335
114.7676,0.6344,2.7355
114.7678,0.6669,2.8716
114.7680,0.714,3.0831
114.7682,0.6467,2.79
114.7684,0.6267,2.7049
114.7686,0.5729,2.4726
114.7688,0.5656,2.4421
114.7690,0.5731,2.4736
114.7692,0.6135,2.6419
114.7694,0.6905,2.9788
114.7696,0.6202,2.6757
114.7698,0.6467,2.7849
114.7700,0.7696,3.3095
114.7702,0.8142,3.5094
114.7704,0.7371,3.1756
114.7706,0.7193,3.0972
114.7708,0.7319,3.1485
114.7710,0.8115,3.4878
114.7712,0.8411,3.6167
114.7714,0.8267,3.5565
114.7716,0.8031,3.4613
114.7718,0.7236,3.1187
114.7720,0.7133,3.07
114.7722,0.7804,3.359
114.7724,0.8001,3.4436
114.7726,0.805,3.4615
114.7728,0.8514,3.6611
114.7730,0.8289,3.5641
114.7732,0.7722,3.3265
114.7734,0.7265,3.1297
114.7736,0.7174,3.0875
114.7738,0.8126,3.494
114.7740,0.8303,3.572
114.7742,0.7334,3.1567
114.7744,0.7307,3.1492
114.7746,0.721,3.1059
114.7748,0.7635,3.2877
114.7750,0.7732,3.328
114.7752,0.7428,3.2014
114.7754,0.6681,2.8821
114.7756,0.6258,2.6945
114.7758,0.6874,2.9654
114.7760,0.6265,2.7026
114.7762,0.6513,2.8045
114.7764,0.7036,3.0324
114.7766,0.7368,3.1711
114.7768,0.7734,3.3285
114.7770,0.7566,3.2593
114.7772,0.6507,2.8058
114.7774,0.6357,2.7425
114.7776,0.6348,2.7371
114.7778,0.6602,2.8269
114.7780,0.9627,4.1472
114.7782,0.716,3.0876
114.7784,0.6511,2.8035
114.7786,0.6771,2.9155
114.7788,0.7457,3.2093
114.7790,0.8026,3.4496
114.7792,0.8387,3.6064
114.7794,0.8259,3.5513
114.7796,0.835,3.5888
114.7798,0.8849,3.8049
114.7800,0.9007,3.864
114.7802,0.9688,4.1561
114.7804,0.9128,3.9196
114.7806,0.919,3.9463
114.7808,0.966,4.1501
114.7810,0.9761,4.1895
114.7812,1.0192,4.3722
114.7814,0.9825,4.2128
114.7816,0.991,4.2493
114.7818,1.0038,4.3103
114.7820,0.9682,4.1555
114.7822,0.9927,4.2545
114.7824,1.091,4.6759
114.7826,1.1008,4.7203
114.7828,1.0861,4.6548
114.7830,1.0869,4.6563
114.7832,1.1114,4.7566
114.7834,1.094,4.6953
114.7836,0.9831,4.2252
114.7838,0.9439,4.0548
114.7840,0.9298,3.9964
114.7842,0.8811,3.7872
114.7844,0.8738,3.7575
114.7846,0.8564,3.6827
114.7848,0.879,3.7779
114.7850,0.8921,3.8412
114.7852,0.7893,3.394
114.7854,0.8157,3.5074
114.7856,0.9237,3.9664
114.7858,0.9731,4.1824
114.7860,0.8834,3.797
114.7862,0.8871,3.8183
114.7864,0.8989,3.858
114.7866,0.8897,3.8327
114.7868,0.8008,3.4499
114.7870,0.8164,3.5122
114.7872,0.8437,3.6298
114.7874,0.7869,3.3916
114.7876,0.7602,3.2718
114.7878,0.8086,3.4819
114.7880,0.807,3.4752
114.7882,0.7641,3.2949
114.7884,0.6877,2.9669
114.7886,0.7515,3.2316
114.7888,0.8138,3.5073
114.7890,0.7394,3.1869
114.7892,0.7199,3.0969
114.7894,0.7488,3.2227
114.7896,0.7825,3.3662
114.7898,0.8198,3.5282
114.7900,0.8563,3.6856
114.7902,0.8186,3.5198
114.7904,0.8084,3.4776
114.7906,0.8116,3.4915
114.7908,0.8156,3.5085
114.7910,0.7784,3.3549
114.7912,0.6982,3.0119
114.7914,0.6935,2.9932
114.7916,0.679,2.9238
114.7918,0.7316,3.1475
114.7920,0.8532,3.6688
114.7922,0.8744,3.7618
114.7924,0.8427,3.6285
114.7926,0.7851,3.3822
114.7928,0.7734,3.3285
114.7930,0.7758,3.342
114.7932,0.7857,3.3864
114.7934,0.7713,3.3213
114.7936,0.7267,3.1307
114.7938,0.697,3.0026
114.7940,0.7044,3.0332
114.7942,0.7261,3.1281
114.7944,0.718,3.0959
114.7946,0.7146,3.0814
114.7948,0.7138,3.0735
114.7950,0.734,3.1593
114.7952,0.9277,3.9871
114.7954,0.9058,3.8897
114.7956,0.9109,3.9095
114.7958,0.9078,3.9052
114.7960,0.8596,3.7013
114.7962,0.8437,3.6281
114.7964,0.8283,3.5599
114.7966,0.8415,3.62
114.7968,0.844,3.6308
114.7970,0.8321,3.5831
114.7972,0.7553,3.2536
114.7974,0.7478,3.2201
114.7976,0.7686,3.2925
114.7978,0.9964,4.2884
114.7980,0.7765,3.3451
114.7982,0.7708,3.3131
114.7984,0.8683,3.7286
114.7986,0.959,4.1216
114.7988,0.9201,3.9602
114.7990,0.7851,3.3822
114.7992,0.7429,3.2019
114.7994,0.7675,3.3094
114.7996,0.7365,3.1701
114.7998,0.7885,3.3951
114.8000,0.731,3.1522
114.8002,0.6886,2.9651
114.8004,0.687,2.9625
114.8006,0.6832,2.9473
114.8008,0.6863,2.958
114.8010,0.6826,2.942
114.8012,0.6832,2.9459
114.8014,0.681,2.9353
114.8016,0.6798,2.9233
114.8018,0.8109,3.4884
114.8020,0.7912,3.4102
114.8022,0.712,3.0686
114.8024,0.6771,2.9182
114.8026,0.7212,3.1069
114.8028,0.7868,3.3863
114.8030,0.816,3.509
114.8032,0.8065,3.4742
114.8034,0.7009,3.0224
114.8036,0.6735,2.9054
114.8038,0.6865,2.959
114.8040,0.6747,2.9092
114.8042,0.6723,2.8962
114.8044,0.7345,3.1584
114.8046,0.784,3.376
114.8048,0.81,3.4783
114.8050,0.9006,3.8761
114.8052,0.8435,3.6338
114.8054,0.7795,3.3548
114.8056,0.7832,3.3693
114.8058,0.8103,3.4891
114.8060,0.797,3.4286
114.8062,0.8351,3.591
114.8064,0.8297,3.5678
114.8066,0.8029,3.4539
114.8068,0.807,3.4703
114.8070,0.8,3.4399
114.8072,0.841,3.6162
114.8074,0.8389,3.6091
114.8076,0.8253,3.5454
114.8078,0.8702,3.7403
114.8080,0.8294,3.5679
114.8082,0.8223,3.5374
114.8084,0.7907,3.4081
114.8086,0.7435,3.206
114.8088,0.6479,2.7952
114.8090,0.6836,2.9447
114.8092,0.7379,3.1758
114.8094,0.7901,3.4008
114.8096,0.7407,3.1911
114.8098,0.7577,3.2624
114.8100,0.7683,3.3069
114.8102,0.7764,3.3414
114.8104,0.7916,3.4086
114.8106,0.7772,3.345
114.8108,0.7445,3.2071
114.8110,0.7123,3.0673
114.8112,0.7541,3.2454
114.8114,0.7622,3.2821
114.8116,0.7984,3.4332
114.8118,0.8879,3.816
114.8120,0.8943,3.8421
114.8122,0.9037,3.8804
114.8124,0.9241,3.9698
114.8126,0.9334,4.0081
114.8128,0.9367,4.022
114.8130,0.9252,3.9707
114.8132,0.9708,4.1688
114.8134,1.0091,4.331
114.8136,1.0154,4.3542
114.8138,1.0431,4.4667
114.8140,1.1116,4.7599
114.8142,1.1126,4.7684
114.8144,1.1128,4.7717
114.8146,1.1058,4.7374
114.8148,1.1156,4.7813
114.8150,1.1305,4.8455
114.8152,1.0961,4.6936
114.8154,1.2048,5.1491
114.8156,1.2658,5.415
114.8158,1.2373,5.2954
114.8160,1.229,5.2674
114.8162,1.1929,5.108
114.8164,1.2231,5.2324
114.8166,1.1627,4.9948
114.8168,0.9845,4.2294
114.8170,1.0158,4.3618
114.8172,0.9658,4.1549
114.8174,0.9186,3.9443
114.8176,0.9449,4.0632
114.8178,0.8988,3.8665
114.8180,0.8755,3.7682
114.8182,0.8296,3.5722
114.8184,0.7756,3.343
114.8186,0.7683,3.3084
114.8188,0.7923,3.4101
114.8190,0.8188,3.5127
114.8192,0.8933,3.8482
114.8194,0.8172,3.5223
114.8196,0.7353,3.1708
114.8198,0.7368,3.1741
114.8200,0.7497,3.2299
114.8202,0.7565,3.2633
114.8204,0.72,3.0902
114.8206,0.8943,3.851
114.8208,0.8279,3.565
114.8210,0.8258,3.554
114.8212,0.8103,3.4875
114.8214,0.847,3.642
114.8216,0.7813,3.3735
114.8218,0.687,2.9583
114.8220,0.8062,3.4699
114.8222,0.8412,3.624
114.8224,0.8489,3.6519
114.8226,0.864,3.7152
114.8228,0.8231,3.5493
114.8230,0.7442,3.2061
114.8232,0.7466,3.2194
114.8234,0.673,2.902
114.8236,0.6389,2.7577
114.8238,0.6166,2.6639
114.8240,0.6502,2.805
114.8242,0.6959,2.9993
114.8244,0.6635,2.8638
114.8246,0.6477,2.7929
114.8248,0.663,2.8604
114.8250,0.6047,2.6097
114.8252,0.6178,2.6679
114.8254,0.617,2.663
114.8256,0.6393,2.758
114.8258,0.6621,2.8576
114.8260,0.6248,2.6979
114.8262,0.5632,2.4329
114.8264,0.5545,2.3945
114.8266,0.5768,2.4931
114.8268,0.6358,2.7417
114.8270,0.6892,2.9704
114.8272,0.7148,3.0838
114.8274,0.6798,2.9328
114.8276,0.6642,2.8629
114.8278,0.6639,2.8627
114.8280,0.6749,2.9089
114.8282,0.7068,3.045
114.8284,0.784,3.3745
114.8286,0.7488,3.2272
114.8288,0.7734,3.3301
114.8290,0.805,3.4599
114.8292,0.8937,3.8359
114.8294,0.9345,4.0184
114.8296,0.8795,3.7835
114.8298,0.8298,3.5699
114.8300,0.8458,3.6301
114.8302,0.9261,3.9823
114.8304,0.8582,3.6939
114.8306,0.8542,3.6695
114.8308,0.9036,3.889
114.8310,0.8181,3.5243
114.8312,0.7791,3.3502
114.8314,0.8374,3.6058
114.8316,0.7875,3.3926
114.8318,0.7767,3.3461
114.8320,0.7477,3.2151
114.8322,0.7694,3.313
114.8324,0.7488,3.2257
114.8326,0.764,3.2898
114.8328,0.7435,3.2
114.8330,0.7892,3.3935
114.8332,0.8243,3.5544
114.8334,0.6629,2.8599
114.8336,0.6023,2.6018
114.8338,0.5869,2.5331
114.8340,0.588,2.5378
114.8342,0.5898,2.5455
114.8344,0.5873,2.5323
114.8346,0.6919,2.9809
114.8348,0.7543,3.2495
114.8350,0.7256,3.1304
114.8352,0.6427,2.7725
114.8354,0.6595,2.8409
114.8356,0.7158,3.0794
114.8358,0.7704,3.3125
114.8360,0.8171,3.5185
114.8362,0.7228,3.1136
114.8364,0.719,3.0991
114.8366,0.7395,3.183
114.8368,0.7906,3.4013
114.8370,0.7309,3.1561
114.8372,0.6194,2.6659
114.8374,0.7543,3.248
114.8376,0.729,3.1405
114.8378,0.7231,3.1152
114.8380,0.7183,3.0931
114.8382,0.7687,3.3069
114.8384,0.7743,3.3358
114.8386,0.7405,3.1886
114.8388,0.7874,3.3905
114.8390,0.9252,3.9781
114.8392,0.8207,3.5307
114.8394,0.7716,3.3223
114.8396,0.7286,3.139
114.8398,0.7226,3.1131
114.8400,0.7406,3.1876
114.8402,0.7254,3.1265
114.8404,0.6351,2.7373
114.8406,0.7469,3.219
114.8408,0.6618,2.8512
114.8410,0.7038,3.0306
114.8412,0.7318,3.1509
114.8414,0.7199,3.0998
114.8416,0.6945,2.9987
114.8418,0.6181,2.6652
114.8420,0.6077,2.6202
114.8422,0.6086,2.6243
114.8424,0.6044,2.6063
114.8426,0.6078,2.6219
114.8428,0.611,2.6359
114.8430,0.6125,2.6397
114.8432,0.6357,2.7374
114.8434,0.7238,3.1183
114.8436,0.7148,3.081
114.8438,0.6975,3.0061
114.8440,0.6321,2.7232
114.8442,0.6496,2.7986
114.8444,0.6892,2.9676
114.8446,0.7279,3.1373
114.8448,0.7074,3.0489
114.8450,0.7078,3.0434
114.8452,0.8433,3.626
114.8454,0.8484,3.6448
114.8456,0.8846,3.795
114.8458,0.95,4.0716
114.8460,1.0074,4.3218
114.8462,0.9289,3.996
114.8464,0.8716,3.7407
114.8466,1.0126,4.3378
114.8468,1.0578,4.5336
114.8470,1.05,4.4981
114.8472,1.0672,4.5806
114.8474,0.9497,4.0762
114.8476,0.9302,3.9942
114.8478,0.9521,4.0865
114.8480,1.0192,4.3722
114.8482,0.988,4.2424
114.8484,0.9742,4.1812
114.8486,1.0177,4.364
114.8488,1.0521,4.5136
114.8490,1.0461,4.4837
114.8492,1.0773,4.613
114.8494,1.0769,4.6222
114.8496,1.0259,4.4071
114.8498,0.971,4.1693
114.8500,0.9669,4.1537
114.8502,0.9805,4.2065
114.8504,1.0733,4.6047
114.8506,0.9427,4.0647
114.8508,0.7966,3.4239
114.8510,0.929,3.9872
114.8512,0.9196,3.9526
114.8514,0.8912,3.8322
114.8516,0.9063,3.8954
114.8518,0.9345,4.0128
114.8520,0.9454,4.0615
114.8522,0.907,3.9021
114.8524,0.8376,3.6068
114.8526,0.8198,3.5282
114.8528,0.8166,3.5181
114.8530,0.755,3.2511
114.8532,0.7929,3.4111
114.8534,0.8584,3.6875
114.8536,0.8827,3.7974
114.8538,0.8793,3.783
114.8540,0.7898,3.404
114.8542,0.7134,3.0705
114.8544,0.7959,3.4224
114.8546,0.8296,3.5722
114.8548,0.7945,3.4178
114.8550,0.7895,3.3966
114.8552,0.8325,3.5879
114.8554,0.7235,3.1167
114.8556,0.7725,3.3218
114.8558,0.8322,3.5802
114.8560,0.8536,3.6704
114.8562,0.8717,3.7465
114.8564,0.853,3.6712
114.8566,0.7877,3.3905
114.8568,0.8305,3.5714
114.8570,0.8404,3.6204
114.8572,0.8104,3.4961
114.8574,0.7207,3.1005
114.8576,0.8321,3.5781
114.8578,0.9096,3.9148
114.8580,0.8951,3.8434
114.8582,0.9463,4.067
114.8584,0.8978,3.8642
114.8586,0.8542,3.6729
114.8588,0.8984,3.8596
114.8590,0.837,3.6092
114.8592,0.7238,3.1154
114.8594,0.8093,3.4866
114.8596,0.7664,3.2955
114.8598,0.8085,3.483
114.8600,0.8116,3.4948
114.8602,0.8207,3.5307
114.8604,0.8278,3.5628
114.8606,0.8411,3.5999
114.8608,1.0242,4.402
114.8610,0.9025,3.8771
114.8612,0.9819,4.2181
114.8614,0.9169,3.9316
114.8616,1.0073,4.3152
114.8618,1.1034,4.7338
114.8620,1.169,5.0151
114.8622,1.0257,4.4025
114.8624,1.0509,4.5106
114.8626,1.0319,4.4081
114.8628,1.1556,4.9506
114.8630,0.9952,4.2852
114.8632,0.9379,4.0347
114.8634,0.9471,4.0782
114.8636,0.8081,3.483
114.8638,0.8025,3.4539
114.8640,0.7744,3.3363
114.8642,0.7718,3.3187
114.8644,0.927,3.9785
114.8646,0.9915,4.2652
114.8648,0.822,3.5446
114.8650,0.7454,3.2143
114.8652,0.7405,3.1901
114.8654,0.7478,3.2141
114.8656,0.8042,3.466
114.8658,0.6711,2.8937
114.8660,0.7124,3.0735
114.8662,0.6852,2.9547
114.8664,0.6794,2.9321
114.8666,0.6786,2.9276
114.8668,0.6707,2.8922
114.8670,0.6537,2.82
114.8672,0.6503,2.8043
114.8674,0.7662,3.293
114.8676,0.8791,3.7854
114.8678,0.7976,3.4392
114.8680,0.7118,3.0666
114.8682,0.7809,3.361
114.8684,0.8104,3.4896
114.8686,0.8532,3.6654
114.8688,0.915,3.9325
114.8690,0.8648,3.7223
114.8692,0.8273,3.5558
114.8694,0.9124,3.9253
114.8696,0.8375,3.6046
114.8698,0.8487,3.6526
114.8700,0.8447,3.6305
114.8702,0.882,3.7908
114.8704,0.8632,3.7099
114.8706,0.8973,3.8549
114.8708,1.003,4.3047
114.8710,1.0291,4.4149
114.8712,0.9645,4.1434
114.8714,0.9635,4.1393
114.8716,0.912,3.9196
114.8718,0.8558,3.6819
114.8720,0.8062,3.4732
114.8722,0.7629,3.2836
114.8724,0.8315,3.5788
114.8726,0.8244,3.555
114.8728,0.7388,3.1843
114.8730,0.7555,3.2531
114.8732,0.7301,3.1437
114.8734,0.7489,3.2233
114.8736,0.8201,3.5331
114.8738,0.7768,3.3466
114.8740,0.8051,3.4621
114.8742,0.8887,3.825
114.8744,0.8582,3.6956
114.8746,0.823,3.5422
114.8748,0.7937,3.4194
114.8750,0.7669,3.3053
114.8752,0.7128,3.0751
114.8754,0.6322,2.7275
114.8756,0.6373,2.7479
114.8758,0.6966,3.0024
114.8760,0.7388,3.1799
114.8762,0.7863,3.3843
114.8764,0.8097,3.4898
114.8766,0.7324,3.152
114.8768,0.7141,3.0822
114.8770,0.6556,2.8283
114.8772,0.685,2.9523
114.8774,0.7256,3.1231
114.8776,0.8569,3.6865
114.8778,0.8719,3.7527
114.8780,0.7951,3.4203
114.8782,0.8723,3.7473
114.8784,0.9017,3.8789
114.8786,0.9211,3.9606
114.8788,0.9537,4.099
114.8790,0.9303,4.0003
114.8792,0.8728,3.7511
114.8794,0.9376,4.028
114.8796,1.0002,4.2909
114.8798,0.9777,4.1942
114.8800,0.9765,4.191
114.8802,1.0115,4.3453
114.8804,1.0126,4.3439
114.8806,1.0887,4.6378
114.8808,1.3012,5.5664
114.8810,1.1742,5.0161
114.8812,1.2715,5.4448
114.8814,1.2639,5.4043
114.8816,1.2681,5.4324
114.8818,1.1909,5.0992
114.8820,1.2287,5.2664
114.8822,1.1579,4.9742
114.8824,1.1133,4.7737
114.8826,1.0498,4.4954
114.8828,1.1386,4.8913
114.8830,1.0911,4.6917
114.8832,1.014,4.348
114.8834,1.1206,4.8118
114.8836,1.0225,4.3988
114.8838,0.8982,3.8639
114.8840,0.89,3.8271
114.8842,0.9527,4.091
114.8844,0.991,4.2612
114.8846,0.9629,4.1367
114.8848,0.9828,4.2242
114.8850,0.9194,3.9571
114.8852,0.9467,4.0747
114.8854,0.929,3.9965
114.8856,0.8958,3.8572
114.8858,0.8231,3.5493
114.8860,0.7342,3.1686
114.8862,0.7407,3.1911
114.8864,0.7946,3.4246
114.8866,0.8045,3.4691
114.8868,0.7862,3.39
114.8870,0.737,3.1766
114.8872,0.7148,3.0838
114.8874,0.7146,3.0828
114.8876,0.7059,3.0451
114.8878,0.677,2.9231
114.8880,0.6425,2.7732
114.8882,0.7172,3.0913
114.8884,0.781,3.3631
114.8886,0.8266,3.5626
114.8888,0.7758,3.3388
114.8890,0.8055,3.4701
114.8892,0.7943,3.4236
114.8894,0.785,3.3786
114.8896,0.7852,3.3906
114.8898,0.7017,3.0269
114.8900,0.7018,3.0247
114.8902,0.7129,3.0741
114.8904,0.7217,3.1119
114.8906,0.7584,3.264
114.8908,0.8056,3.469
114.8910,0.8206,3.5384
114.8912,0.728,3.1437
114.8914,0.6404,2.7652
114.8916,0.6355,2.7414
114.8918,0.6434,2.7743
114.8920,0.6531,2.8162
114.8922,0.67,2.8931
114.8924,0.6264,2.7021
114.8926,0.6478,2.7921
114.8928,0.7132,3.078
114.8930,0.6765,2.9183
114.8932,0.6821,2.9426
114.8934,0.6821,2.9399
114.8936,0.6857,2.9582
114.8938,0.6827,2.9439
114.8940,0.6994,3.0129
114.8942,0.7538,3.2459
114.8944,0.7774,3.3476
114.8946,0.8231,3.5427
114.8948,0.8567,3.6803
114.8950,0.9291,3.9914
114.8952,0.894,3.8513
114.8954,0.8129,3.5053
114.8956,0.7154,3.0836
114.8958,0.6783,2.9274
114.8960,0.6761,2.9181
114.8962,0.6894,2.9632
114.8964,0.8238,3.5507
114.8966,0.7569,3.2563
114.8968,0.7972,3.4296
114.8970,0.7953,3.423
114.8972,0.8011,3.4429
114.8974,0.8555,3.6906
114.8976,0.6853,2.9552
114.8978,0.6647,2.8676
114.8980,0.6671,2.878
114.8982,0.6593,2.8444
114.8984,0.629,2.7135
114.8986,0.6454,2.7779
114.8988,0.7097,3.0588
114.8990,0.6824,2.9396
114.8992,0.6698,2.892
114.8994,0.5966,2.5774
114.8996,0.5798,2.5026
114.8998,0.5822,2.5141
114.9000,0.5821,2.5136
114.9002,0.5832,2.5159
114.9004,0.586,2.529
114.9006,0.5873,2.5323
114.9008,0.5991,2.5847
114.9010,0.6056,2.6163
114.9012,0.63,2.7164
114.9014,0.6888,2.9661
114.9016,0.6694,2.8865
114.9018,0.6752,2.9086
114.9020,0.7212,3.104
114.9022,0.7602,3.2733
114.9024,0.7413,3.1759
114.9026,0.9744,4.1939
114.9028,0.7487,3.2282
114.9030,0.6736,2.9086
114.9032,0.6312,2.7178
114.9034,0.718,3.093
114.9036,0.7021,3.0248
114.9038,0.6664,2.8709
114.9040,0.6674,2.8777
114.9042,0.7104,3.0619
114.9044,0.7195,3.0997
114.9046,0.7061,3.0418
114.9048,0.7026,3.0297
114.9050,0.7198,3.0993
114.9052,0.7089,3.0523
114.9054,0.7111,3.0635
114.9056,0.7706,3.3167
114.9058,0.7514,3.2371
114.9060,0.743,3.2039
114.9062,0.7451,3.2082
114.9064,0.7278,3.1324
114.9066,0.7773,3.3425
114.9068,0.7829,3.3714
114.9070,0.6611,2.8534
114.9072,0.6089,2.6266
114.9074,0.6298,2.7146
114.9076,0.7212,3.1098
114.9078,0.6356,2.7432
114.9080,0.6345,2.7309
114.9082,0.7086,3.0513
114.9084,0.7337,3.1607
114.9086,0.7357,3.165
114.9088,0.7365,3.1701
114.9090,0.7749,3.3368
114.9092,0.7857,3.3817
114.9094,0.7909,3.3991
114.9096,0.8292,3.5657
114.9098,0.7855,3.3838
114.9100,0.7024,3.0244
114.9102,0.6892,2.969
114.9104,0.6825,2.9401
114.9106,0.674,2.9021
114.9108,0.7845,3.3718
114.9110,0.8708,3.7376
114.9112,0.9714,4.1655
114.9114,0.9961,4.2734
114.9116,0.9989,4.2852
114.9118,1.0166,4.3654
114.9120,0.9779,4.2011
114.9122,0.9361,4.0195
114.9124,0.9819,4.2102
114.9126,0.9942,4.2731
114.9128,0.9295,3.9856
114.9130,1.0486,4.4903
114.9132,1.1006,4.7148
114.9134,1.1186,4.7919
114.9136,1.1073,4.7414
114.9138,1.1232,4.8142
114.9140,1.1151,4.7792
114.9142,1.1284,4.8385
114.9144,1.0646,4.5522
114.9146,1.1702,5.0062
114.9148,1.1897,5.0917
114.9150,1.1634,4.9863
114.9152,1.1311,4.8481
114.9154,1.1019,4.7249
114.9156,0.9732,4.1849
114.9158,0.8628,3.7118
114.9160,0.8333,3.5866
114.9162,0.8729,3.7516
114.9164,0.9238,3.9688
114.9166,0.9084,3.9005
114.9168,0.9387,4.0364
114.9170,0.9483,4.0739
114.9172,0.9153,3.9414
114.9174,0.8045,3.4611
114.9176,0.8335,3.5759
114.9178,0.963,4.1314
114.9180,0.9611,4.129
114.9182,0.9446,4.0598
114.9184,0.9078,3.9052
114.9186,0.8779,3.7768
114.9188,0.8156,3.5118
114.9190,0.8011,3.4493
114.9192,0.8178,3.5183
114.9194,0.8344,3.5912
114.9196,0.7875,3.3926
114.9198,0.7725,3.3249
114.9200,0.8164,3.5122
114.9202,0.8079,3.4788
114.9204,0.7935,3.4168
114.9206,0.8136,3.5003
114.9208,0.7891,3.3961
114.9210,0.846,3.6396
114.9212,0.8629,3.7157
114.9214,0.8091,3.4856
114.9216,0.8044,3.4606
114.9218,0.8596,3.6996
114.9220,0.8424,3.6241
114.9222,0.7991,3.4443
114.9224,0.7231,3.1152
114.9226,0.7616,3.2597
114.9228,1.0404,4.4799
114.9230,0.7699,3.3182
114.9232,0.7011,3.0244
114.9234,0.6893,2.9723
114.9236,0.6889,2.968
114.9238,0.7057,3.0389
114.9240,0.7997,3.4389
114.9242,0.8725,3.7605
114.9244,0.7328,3.1614
114.9246,0.6163,2.6611
114.9248,0.5987,2.5826
114.9250,0.6262,2.7028
114.9252,0.6447,2.7813
114.9254,0.6545,2.8224
114.9256,0.6654,2.8681
114.9258,0.6743,2.9023
114.9260,0.7375,3.1742
114.9262,0.7532,3.2433
114.9264,0.7648,3.2949
114.9266,0.7653,3.294
114.9268,0.7664,3.2971
114.9270,0.8186,3.5214
114.9272,0.8491,3.6513
114.9274,0.8711,3.7404
114.9276,0.9117,3.9186
114.9278,0.8813,3.7912
114.9280,0.8662,3.7262
114.9282,0.8588,3.6913
114.9284,0.8752,3.7649
114.9286,0.8803,3.7853
114.9288,0.8845,3.7998
114.9290,0.8945,3.8444
114.9292,0.9026,3.8776
114.9294,0.9353,4.0164
114.9296,0.9421,4.049
114.9298,0.9769,4.195
114.9300,0.9129,3.9256
114.9302,0.894,3.8441
114.9304,0.904,3.8784
114.9306,1.0218,4.3774
114.9308,1.1395,4.884
114.9310,1.1274,4.8434
114.9312,1.0013,4.2975
114.9314,0.9718,4.1787
114.9316,0.9247,3.9761
114.9318,0.9201,3.9528
114.9320,0.881,3.7955
114.9322,0.7988,3.4395
114.9324,0.8106,3.4939
114.9326,0.8383,3.6099
114.9328,0.7592,3.2737
114.9330,0.6924,2.9871
114.9332,0.6777,2.9235
114.9334,0.6746,2.91
114.9336,0.6752,2.9099
114.9338,0.6843,2.9492
114.9340,0.8276,3.5568
114.9342,0.9343,4.0192
114.9344,0.7683,3.313
114.9346,0.6831,2.9468
114.9348,0.6912,2.9792
114.9350,0.7636,3.2852
114.9352,0.8193,3.5262
114.9354,0.8237,3.5436
114.9356,0.82,3.5276
114.9358,0.7774,3.3554
114.9360,0.6822,2.9377
114.9362,0.7626,3.2821
114.9364,0.7562,3.2517
114.9366,0.8441,3.6279
114.9368,0.8881,3.8206
114.9370,0.8433,3.6311
114.9372,0.8576,3.6845
114.9374,0.9297,3.9959
114.9376,0.9193,3.9547
114.9378,0.8706,3.7453
114.9380,0.8258,3.5507
114.9382,0.861,3.7023
114.9384,0.8175,3.5184
114.9386,0.7989,3.44
114.9388,0.821,3.5367
114.9390,0.7108,3.0648
114.9392,0.6893,2.9737
114.9394,0.6901,2.9745
114.9396,0.7465,3.2159
114.9398,0.7274,3.1323
114.9400,0.7433,3.2035
114.9402,0.6972,3.0092
114.9404,0.6262,2.7041
114.9406,0.646,2.7869
114.9408,0.6433,2.7789
114.9410,0.6126,2.6439
114.9412,0.6109,2.6342
114.9414,0.6526,2.8141
114.9416,0.6325,2.7298
114.9418,0.6228,2.6853
114.9420,0.6597,2.8406
114.9422,0.7195,3.104
114.9424,0.659,2.8415
114.9426,0.7178,3.0939
114.9428,0.7417,3.1938
114.9430,0.733,3.162
114.9432,0.6454,2.7844
114.9434,0.6306,2.719
114.9436,0.6247,2.6949
114.9438,0.6437,2.7758
114.9440,0.6798,2.9287
114.9442,0.7389,3.1804
114.9444,0.7295,3.144
114.9446,0.6961,2.999
114.9448,0.7273,3.1275
114.9450,0.8341,3.5868
114.9452,0.8443,3.6323
114.9454,0.8328,3.5795
114.9456,0.8891,3.8158
114.9458,0.9302,3.9868
114.9460,1.0199,4.3671
114.9462,1.1244,4.817
114.9464,1.0947,4.6897
114.9466,1.1212,4.8054
114.9468,1.1075,4.749
114.9470,1.1142,4.7801
114.9472,1.1057,4.7413
114.9474,1.0831,4.6442
114.9476,1.1133,4.7626
114.9478,1.1363,4.8656
114.9480,1.2138,5.1949
114.9482,1.2621,5.4017
114.9484,1.2622,5.4022
114.9486,1.2486,5.3492
114.9488,1.1458,4.9131
114.9490,1.06,4.5454
114.9492,1.0474,4.4915
114.9494,1.1403,4.8894
114.9496,1.0953,4.7054
114.9498,0.9503,4.0902
114.9500,0.8766,3.7746
114.9502,0.865,3.7193
114.9504,0.8895,3.8268
114.9506,0.8112,3.49
114.9508,0.8833,3.7964
114.9510,0.931,3.9978
114.9512,0.952,4.1013
114.9514,0.8731,3.7579
114.9516,0.9073,3.8995
114.9518,0.9273,3.9819
114.9520,0.9752,4.1892
114.9522,0.9567,4.1099
114.9524,0.9762,4.1919
114.9526,1.0042,4.3179
114.9528,0.9386,4.034
114.9530,0.9008,3.8771
114.9532,0.8921,3.8412
114.9534,0.8743,3.7595
114.9536,0.8895,3.825
114.9538,0.9117,3.9204
114.9540,0.8927,3.8438
114.9542,0.7933,3.4174
114.9544,0.7886,3.3988
114.9546,0.7653,3.3016
114.9548,0.7291,3.1425
114.9550,0.7565,3.2588
114.9552,0.7979,3.4359
114.9554,0.7654,3.3006
114.9556,0.7241,3.1237
114.9558,0.6573,2.8356
114.9560,0.6259,2.7038
114.9562,0.6439,2.7776
114.9564,0.6928,2.9873
114.9566,0.6934,2.9857
114.9568,0.7556,3.2552
114.9570,0.7459,3.2148
114.9572,0.7724,3.3229
114.9574,0.8255,3.5497
114.9576,0.8355,3.5992
114.9578,0.7279,3.1431
114.9580,0.6553,2.8281
114.9582,0.5912,2.5553
114.9584,0.5337,2.3055
114.9586,0.5243,2.2651
114.9588,0.5772,2.4935
114.9590,0.6025,2.5956
114.9592,0.7216,3.107
114.9594,0.788,3.3915
114.9596,0.8021,3.454
114.9598,0.767,3.3042
114.9600,0.7605,3.2794
114.9602,0.7018,3.0247
114.9604,0.7159,3.0842
114.9606,0.7148,3.0824
114.9608,0.6958,2.9974
114.9610,0.7906,3.4013
114.9612,0.838,3.6033
114.9614,0.8469,3.6466
114.9616,0.7536,3.2494
114.9618,0.7574,3.2629
114.9620,0.7645,3.2934
114.9622,0.6936,2.9881
114.9624,0.6981,3.0114
114.9626,0.7065,3.0476
114.9628,0.7075,3.0523
114.9630,0.6752,2.9099
114.9632,0.6645,2.8639
114.9634,0.6833,2.9478
114.9636,0.6674,2.8763
114.9638,0.6579,2.8368
114.9640,0.7294,3.1435
114.9642,0.7403,3.192
114.9644,0.6701,2.8909
114.9646,0.6623,2.8573
114.9648,0.6838,2.9458
114.9650,0.6972,3.0078
114.9652,0.5927,2.5568
114.9654,0.5808,2.5067
114.9656,0.5756,2.4856
114.9658,0.5704,2.464
114.9660,0.5675,2.4527
114.9662,0.5742,2.4783
114.9664,0.5808,2.5079
114.9666,0.5732,2.4753
114.9668,0.5718,2.4691
114.9670,0.5698,2.458
114.9672,0.5753,2.4818
114.9674,0.5858,2.5261
114.9676,0.6389,2.7539
114.9678,0.6694,2.8865
114.9680,0.6499,2.8022
114.9682,0.685,2.9496
114.9684,0.7105,3.0595
114.9686,0.7355,3.164
114.9688,0.8026,3.4561
114.9690,0.7289,3.14
114.9692,0.7284,3.135
114.9694,0.8086,3.4819
114.9696,0.8015,3.445
114.9698,0.8981,3.8544
114.9700,0.9081,3.9049
114.9702,0.8435,3.6304
114.9704,0.8153,3.5043
114.9706,0.8647,3.7183
114.9708,0.8877,3.8173
114.9710,0.8658,3.7195
114.9712,0.8773,3.7742
114.9714,0.8099,3.4843
114.9716,0.7678,3.3048
114.9718,0.72,3.1032
114.9720,0.7393,3.182
114.9722,0.7579,3.2635
114.9724,0.7417,3.1908
114.9726,0.8073,3.4746
114.9728,0.7953,3.423
114.9730,0.7314,3.1479
114.9732,0.6718,2.8982
114.9734,0.6283,2.7104
114.9736,0.6344,2.7368
114.9738,0.6376,2.7507
114.9740,0.631,2.7223
114.9742,0.6321,2.7244
114.9744,0.6372,2.7474
114.9746,0.6328,2.7275
114.9748,0.6647,2.8623
114.9750,0.7126,3.0697
114.9752,0.693,2.9828
114.9754,0.7864,3.3801
114.9756,0.8109,3.4868
114.9758,0.8478,3.6541
114.9760,0.7187,3.0961
114.9762,0.6797,2.9282
114.9764,0.6833,2.9451
114.9766,0.6952,2.9921
114.9768,0.7511,3.234
114.9770,0.7591,3.2641
114.9772,0.8211,3.5339
114.9774,0.7683,3.3053
114.9776,0.8382,3.6027
114.9778,0.8364,3.595
114.9780,0.8096,3.4828
114.9782,0.8114,3.4808
114.9784,0.9096,3.9075
114.9786,0.9021,3.8774
114.9788,0.899,3.8604
114.9790,0.9644,4.141
114.9792,0.991,4.2493
114.9794,1.1111,4.7489
114.9796,1.1771,5.0355
114.9798,1.0816,4.6423
114.9800,0.9546,4.0973
114.9802,0.9437,4.0543
114.9804,0.9379,4.0309
114.9806,0.9657,4.1389
114.9808,1.0648,4.5596
114.9810,1.113,4.7638
114.9812,1.1556,4.946
114.9814,1.1976,5.128
114.9816,1.1926,5.0974
114.9818,1.2265,5.2517
114.9820,1.126,4.8282
114.9822,1.1153,4.7758
114.9824,1.1268,4.8408
114.9826,0.9327,4.0032
114.9828,0.9934,4.2596
114.9830,1.0314,4.4288
114.9832,0.9904,4.2566
114.9834,0.9852,4.2305
114.9836,0.9921,4.2619
114.9838,0.9676,4.1626
114.9840,0.894,3.8423
114.9842,0.9376,4.0261
114.9844,1.0154,4.3501
114.9846,1.1019,4.7359
114.9848,0.978,4.2016
114.9850,1.0394,4.4529
114.9852,1.0827,4.6426
114.9854,1.0352,4.4473
114.9856,0.9704,4.1725
114.9858,0.9211,3.9625
114.9860,0.9042,3.8879
114.9862,0.869,3.7369
114.9864,0.879,3.7814
114.9866,0.915,3.9362
114.9868,0.8886,3.8245
114.9870,0.7951,3.4251
114.9872,0.8218,3.5337
114.9874,0.8762,3.766
114.9876,0.8835,3.7992
114.9878,0.864,3.7221
114.9880,0.829,3.5663
114.9882,0.9436,4.05
114.9884,0.981,4.2145
114.9886,0.8965,3.8621
114.9888,0.8164,3.5122
114.9890,0.9194,3.9571
114.9892,0.9189,3.9477
114.9894,0.9274,3.9954
114.9896,0.8406,3.6197
114.9898,0.8771,3.7679
114.9900,0.9216,3.9627
114.9902,0.9084,3.9042
114.9904,0.9525,4.0881
114.9906,1.0512,4.52
114.9908,0.9313,4.0026
114.9910,0.9218,3.9619
114.9912,0.938,4.0352
114.9914,0.9436,4.05
114.9916,1.0226,4.3912
114.9918,0.9677,4.1709
114.9920,0.8027,3.4582
114.9922,0.8379,3.6062
114.9924,0.8548,3.6772
114.9926,0.8634,3.7161
114.9928,0.8632,3.7151
114.9930,0.8636,3.7137
114.9932,0.8241,3.5485
114.9934,0.7996,3.4447
114.9936,0.7945,3.4194
114.9938,0.8668,3.7236
114.9940,0.9392,4.0328
114.9942,0.95,4.0887
114.9944,0.8635,3.7166
114.9946,0.8481,3.65
114.9948,0.7969,3.4313
114.9950,0.7588,3.2722
114.9952,0.7532,3.2479
114.9954,0.7499,3.2304
114.9956,0.8078,3.4766
114.9958,0.7972,3.4328
114.9960,0.7851,3.3838
114.9962,0.7571,3.2629
114.9964,0.7489,3.2278
114.9966,0.7581,3.2645
114.9968,0.8246,3.5489
114.9970,0.8946,3.8449
114.9972,0.99,4.2511
114.9974,0.9551,4.107
114.9976,0.94,4.0402
114.9978,0.9003,3.8786
114.9980,0.7909,3.4039
114.9982,0.7765,3.3528
114.9984,0.6816,2.9419
114.9986,0.6665,2.8754
114.9988,0.665,2.87
114.9990,0.666,2.876
114.9992,0.6666,2.8746
114.9994,0.6671,2.8766
114.9996,0.6651,2.8692
114.9998,0.6663,2.8784
115.0000,0.6711,2.895
115.0002,0.6682,2.8813
115.0004,0.727,3.1303
115.0006,0.7335,3.1645
115.0008,0.6647,2.8663
115.0010,0.6657,2.8704
115.0012,0.6816,2.9324
115.0014,0.7559,3.2577
115.0016,0.7677,3.3073
115.0018,0.8025,3.4523
115.0020,0.8458,3.6385
115.0022,0.8356,3.598
115.0024,0.7665,3.3037
115.0026,0.7698,3.3115
115.0028,0.8177,3.5227
115.0030,0.7874,3.3921
115.0032,0.822,3.538
115.0034,0.816,3.509
115.0036,0.8465,3.6416
115.0038,0.8772,3.7754
115.0040,0.8303,3.572
115.0042,0.817,3.5213
115.0044,0.7808,3.3636
115.0046,0.7758,3.3404
115.0048,0.8121,3.4952
115.0050,0.8744,3.7636
115.0052,0.835,3.5938
115.0054,0.799,3.4406
115.0056,0.7813,3.3595
115.0058,0.8007,3.4478
115.0060,0.8098,3.4886
115.0062,0.7939,3.4215
115.0064,0.712,3.0743
115.0066,0.6424,2.7714
115.0068,0.6995,3.0162
115.0070,0.652,2.8102
115.0072,0.6497,2.803
115.0074,0.6213,2.6816
115.0076,0.6602,2.844
115.0078,0.7327,3.1565
115.0080,0.7489,3.2233
115.0082,0.772,3.3275
115.0084,0.7477,3.2166
115.0086,0.8134,3.5009
115.0088,0.7582,3.2665
115.0090,0.7442,3.2076
115.0092,0.7122,3.0696
115.0094,0.7705,3.3131
115.0096,0.8249,3.5488
115.0098,0.7818,3.3709
115.0100,0.7115,3.0651
115.0102,0.7731,3.3259
115.0104,0.7929,3.4095
115.0106,0.821,3.5301
115.0108,0.8581,3.6934
115.0110,0.8284,3.5654
115.0112,0.8675,3.7284
115.0114,0.9207,3.9536
115.0116,0.9544,4.0982
115.0118,0.9826,4.2212
115.0120,0.9736,4.1806
115.0122,0.9922,4.2545
115.0124,1.0292,4.4216
115.0126,0.9256,3.9802
115.0128,0.9087,3.9039
115.0130,0.9705,4.1633
115.0132,1.0578,4.5336
115.0134,1.0966,4.6957
115.0136,1.1343,4.8592
115.0138,1.1894,5.0978
115.0140,1.1593,4.9619
115.0142,1.2019,5.1489
115.0144,1.1467,4.9172
115.0146,1.1064,4.7466
115.0148,1.0713,4.5938
115.0150,1.0268,4.4154
115.0152,0.9397,4.0349
115.0154,1.0075,4.3283
115.0156,0.9664,4.1536
115.0158,0.9308,4.0024
115.0160,0.9259,3.9794
115.0162,0.9417,4.0436
115.0164,0.9374,4.027
115.0166,0.9671,4.1547
115.0168,1.0127,4.3484
115.0170,1.025,4.3994
115.0172,0.9959,4.2803
115.0174,0.9694,4.1645
115.0176,0.9946,4.2647
115.0178,1.0347,4.4473
115.0180,0.9184,3.9474
115.0182,0.9134,3.9313
115.0184,0.8525,3.6742
115.0186,0.8234,3.5421
115.0188,0.8568,3.6826
115.0190,0.9338,4.0171
115.0192,0.8662,3.728
115.0194,0.7913,3.4154
115.0196,0.6966,3.0066
115.0198,0.7171,3.0908
115.0200,0.7782,3.3523
115.0202,0.7798,3.3611
115.0204,0.8008,3.4531
115.0206,0.717,3.0932
115.0208,0.6459,2.7877
115.0210,0.6354,2.7422
115.0212,0.7068,3.0492
115.0214,0.7091,3.0576
115.0216,0.7018,3.0261
115.0218,0.7174,3.0947
115.0220,0.7496,3.2323
115.0222,0.7322,3.153
115.0224,0.7158,3.088
115.0226,0.6508,2.8063
115.0228,0.6753,2.9105
115.0230,0.7247,3.1248
115.0232,0.7169,3.0912
115.0234,0.671,2.8905
115.0236,0.7389,3.1893
115.0238,0.6201,2.6777
115.0240,0.613,2.6484
115.0242,0.6133,2.647
115.0244,0.6126,2.6414
115.0246,0.6284,2.7134
115.0248,0.6037,2.6104
115.0250,0.5536,2.3881
115.0252,0.6469,2.7931
115.0254,0.6584,2.8415
115.0256,0.6766,2.9148
115.0258,0.6951,2.9943
115.0260,0.6995,3.0134
115.0262,0.6871,2.9616
115.0264,0.6716,2.8971
115.0266,0.6706,2.8943
115.0268,0.6722,2.8997
115.0270,0.6802,2.9289
115.0272,0.7178,3.0925
115.0274,0.7611,3.2789
115.0276,0.7765,3.3419
115.0278,0.8268,3.5521
115.0280,0.8876,3.8097
115.0282,0.9343,4.0192
115.0284,0.8241,3.5501
115.0286,0.7851,3.3822
115.0288,0.8437,3.6264
115.0290,0.8371,3.6014
115.0292,0.7965,3.4281
115.0294,0.8072,3.4757
115.0296,0.7598,3.2748
115.0298,0.7509,3.232
115.0300,0.8211,3.5339
115.0302,0.7877,3.3936
115.0304,0.7664,3.3017
115.0306,0.7939,3.4136
115.0308,0.8451,3.6354
115.0310,0.7855,3.3806
115.0312,0.7963,3.4287
115.0314,0.8352,3.5948
115.0316,0.7871,3.391
115.0318,0.7324,3.1594
115.0320,0.6313,2.7271
115.0322,0.5994,2.5857
115.0324,0.6059,2.6161
115.0326,0.597,2.5766
115.0328,0.6087,2.6285
115.0330,0.6097,2.6302
115.0332,0.6061,2.6147
115.0334,0.662,2.8571
115.0336,0.6085,2.625
115.0338,0.6002,2.5894
115.0340,0.5973,2.5769
115.0342,0.5971,2.5759
115.0344,0.5903,2.5488
115.0346,0.5832,2.5171
115.0348,0.6159,2.6559
115.0350,0.6683,2.8791
115.0352,0.7393,3.1805
115.0354,0.8272,3.5536
115.0356,0.8773,3.7724
115.0358,0.8188,3.5274
115.0360,0.7427,3.2009
115.0362,0.6742,2.9072
115.0364,0.6851,2.9515
115.0366,0.7451,3.2067
115.0368,0.7723,3.3239
115.0370,0.7853,3.3833
115.0372,0.7657,3.294
115.0374,0.7865,3.3869
115.0376,0.7324,3.1506
115.0378,0.7773,3.3471
115.0380,0.746,3.2168
115.0382,0.7099,3.057
115.0384,0.7476,3.2176
115.0386,0.8242,3.549
115.0388,0.7886,3.3972
115.0390,0.7358,3.1685
115.0392,0.7184,3.0907
115.0394,0.7108,3.0606
115.0396,0.7182,3.094
115.0398,0.7204,3.1019
115.0400,0.7429,3.2004
115.0402,0.6888,2.9647
115.0404,0.6832,2.9473
115.0406,0.6192,2.6711
115.0408,0.613,2.6422
115.0410,0.6097,2.6302
115.0412,0.6174,2.6633
115.0414,0.6105,2.6338
115.0416,0.6333,2.7296
115.0418,0.6929,2.9836
115.0420,0.7302,3.1457
115.0422,0.7272,3.1342
115.0424,0.6565,2.8306
115.0426,0.6138,2.6478
115.0428,0.6174,2.6633
115.0430,0.6249,2.6934
115.0432,0.6252,2.6957
115.0434,0.6386,2.7523
115.0436,0.6871,2.9602
115.0438,0.7041,3.0274
115.0440,0.717,3.086
115.0442,0.7616,3.281
115.0444,0.7605,3.2733
115.0446,0.8,3.4367
115.0448,0.8782,3.769
115.0450,0.9,3.8663
115.0452,0.8999,3.8658
115.0454,0.9657,4.137
115.0456,1.1109,4.7546
115.0458,1.1433,4.9023
115.0460,1.0468,4.491
115.0462,1.0251,4.3979
115.0464,1.018,4.365
115.0466,1.0345,4.4318
115.0468,1.0725,4.5925
115.0470,1.0935,4.6845
115.0472,1.114,4.7679
115.0474,1.1657,4.9914
115.0476,1.173,5.0251
115.0478,1.1805,5.0551
115.0480,1.1494,4.9216
115.0482,1.0834,4.6435
115.0484,1.0229,4.3861
115.0486,1.0373,4.454
115.0488,1.0127,4.3444
115.0490,1.0778,4.6215
115.0492,1.1074,4.7485
115.0494,1.0612,4.5506
115.0496,1.0778,4.6215
115.0498,1.0898,4.6751
115.0500,1.0616,4.5606
115.0502,0.982,4.2166
115.0504,0.9267,3.9867
115.0506,0.9228,3.9678
115.0508,0.9611,4.1271
115.0510,0.9357,4.0216
115.0512,0.8804,3.7876
115.0514,0.881,3.7849
115.0516,0.9924,4.2634
115.0518,0.9936,4.2666
115.0520,1.0497,4.5096
115.0522,0.9887,4.2534
115.0524,0.8808,3.7909
115.0526,0.8193,3.5213
115.0528,0.8919,3.8353
115.0530,0.8627,3.7078
115.0532,0.8855,3.811
115.0534,0.8795,3.7817
115.0536,0.887,3.8142
115.0538,0.8837,3.7962
115.0540,0.8918,3.8348
115.0542,0.8393,3.6124
115.0544,0.8238,3.5458
115.0546,0.8615,3.7078
115.0548,0.8741,3.762
115.0550,0.8207,3.5307
115.0552,0.8401,3.616
115.0554,0.8133,3.502
115.0556,0.7779,3.3528
115.0558,0.7139,3.0769
115.0560,0.7345,3.1672
115.0562,0.7393,3.1879
115.0564,0.7883,3.393
115.0566,0.8623,3.7063
115.0568,0.8585,3.6984
115.0570,0.7999,3.4458
115.0572,0.7672,3.3068
115.0574,0.7132,3.0752
115.0576,0.7087,3.056
115.0578,0.7573,3.2609
115.0580,0.8044,3.4638
115.0582,0.7832,3.3755
115.0584,0.7487,3.2282
115.0586,0.7301,3.1422
115.0588,0.7766,3.3425
115.0590,0.7686,3.311
115.0592,0.769,3.3115
115.0594,0.8292,3.5674
115.0596,0.8598,3.6954
115.0598,0.913,3.9206
115.0600,0.9401,4.0407
115.0602,0.9296,3.9954
115.0604,0.9253,3.975
115.0606,0.8798,3.7868
115.0608,0.8442,3.6318
115.0610,0.8166,3.5181
115.0612,0.7517,3.2411
115.0614,0.7542,3.246
115.0616,0.7759,3.344
115.0618,0.7383,3.1808
115.0620,0.7503,3.2309
115.0622,0.7385,3.1813
115.0624,0.7458,3.2143
115.0626,0.7411,3.1956
115.0628,0.7472,3.2205
115.0630,0.7681,3.3028
115.0632,0.8334,3.5871
115.0634,0.7859,3.3859
115.0636,0.8096,3.4828
115.0638,0.8524,3.6686
115.0640,0.7642,3.297
115.0642,0.6836,2.9502
115.0644,0.6816,2.9378
115.0646,0.6729,2.8974
115.0648,0.7202,3.1057
115.0650,0.694,2.9952
115.0652,0.6507,2.8032
115.0654,0.6696,2.8875
115.0656,0.6895,2.9747
115.0658,0.6704,2.8893
115.0660,0.6789,2.9273
115.0662,0.6565,2.8319
115.0664,0.6701,2.8882
115.0666,0.6712,2.8929
115.0668,0.6729,2.9001
115.0670,0.6714,2.8953
115.0672,0.7199,3.1013
115.0674,0.7923,3.4117
115.0676,0.7946,3.4183
115.0678,0.805,3.4615
115.0680,0.8819,3.7885
115.0682,0.9284,3.9846
115.0684,0.9921,4.252
115.0686,1.0435,4.4766
115.0688,1.0317,4.4282
115.0690,1.026,4.4076
115.0692,0.9763,4.1905
115.0694,0.9775,4.1917
115.0696,1.0967,4.7006
115.0698,1.0953,4.6944
115.0700,1.0092,4.3396
115.0702,0.8972,3.8598
115.0704,0.8724,3.7583
115.0706,0.8003,3.443
115.0708,0.8368,3.6015
115.0710,0.8309,3.5712
115.0712,0.8681,3.731
115.0714,0.8729,3.7586
115.0716,0.7611,3.2759
115.0718,0.8207,3.534
115.0720,0.822,3.5364
115.0722,0.8487,3.6492
115.0724,0.8683,3.7338
115.0726,0.9175,3.9378
115.0728,0.9949,4.2703
115.0730,0.9877,4.2453
115.0732,0.918,3.9527
115.0734,0.787,3.3921
115.0736,0.752,3.2412
115.0738,0.7194,3.0963
115.0740,0.7427,3.2038
115.0742,0.6567,2.8277
115.0744,0.7369,3.1761
115.0746,0.7719,3.3223
115.0748,0.7449,3.2152
115.0750,0.6382,2.7533
115.0752,0.6798,2.9314
115.0754,0.7029,3.0279
115.0756,0.7114,3.0674
115.0758,0.7078,3.0519
115.0760,0.706,3.0413
115.0762,0.6635,2.8611
115.0764,0.6502,2.8037
115.0766,0.6941,2.9916
115.0768,0.7485,3.2247
115.0770,0.7473,3.218
115.0772,0.787,3.3826
115.0774,0.9464,4.0656
115.0776,0.9283,3.9878
115.0778,0.9085,3.8992
115.0780,0.9345,4.0165
115.0782,0.8967,3.856
115.0784,0.9329,4.0079
115.0786,0.9563,4.1141
115.0788,0.8921,3.8323
115.0790,1.0121,4.3418
115.0792,1.0953,4.6944
115.0794,1.1051,4.7343
115.0796,1.1144,4.7761
115.0798,1.0911,4.6852
115.0800,1.1251,4.8224
115.0802,1.1813,5.0582
115.0804,1.1232,4.8186
115.0806,1.0911,4.6764
115.0808,1.1416,4.8928
115.0810,1.0653,4.583
115.0812,0.8893,3.8258
115.0814,0.8961,3.8516
115.0816,0.9104,3.9147
115.0818,0.9159,3.9385
115.0820,0.9012,3.8696
115.0822,0.9349,4.018
115.0824,0.9367,4.0258
115.0826,0.9714,4.1733
115.0828,0.9386,4.0378
115.0830,0.8925,3.8415
115.0832,0.8054,3.4695
115.0834,0.8075,3.4772
115.0836,0.8205,3.5313
115.0838,0.8561,3.6829
115.0840,0.8413,3.6194
115.0842,0.8545,3.6796
115.0844,0.8223,3.544
115.0846,0.8043,3.4617
115.0848,0.8453,3.6348
115.0850,0.8972,3.8652
115.0852,0.7995,3.4426
115.0854,0.7296,3.1504
115.0856,0.6928,2.9859
115.0858,0.7519,3.2407
115.0860,0.7572,3.2619
115.0862,0.7819,3.3667
115.0864,0.811,3.4922
115.0866,0.7904,3.405
115.0868,0.7717,3.3213
115.0870,0.8199,3.5222
115.0872,0.908,3.9044
115.0874,0.9126,3.9258
115.0876,0.8706,3.7488
115.0878,0.796,3.4261
115.0880,0.8296,3.5706
115.0882,0.8531,3.67
115.0884,0.8852,3.81
115.0886,0.8427,3.6268
115.0888,0.8243,3.5495
115.0890,0.8124,3.5
115.0892,0.8055,3.4684
115.0894,0.8467,3.641
115.0896,0.828,3.5688
115.0898,0.7178,3.0968
115.0900,0.6885,2.9673
115.0902,0.6958,3.0016
115.0904,0.6612,2.8526
115.0906,0.6358,2.7417
115.0908,0.7099,3.0612
115.0910,0.7204,3.1076
115.0912,0.7158,3.0837
115.0914,0.7194,3.0963
115.0916,0.7858,3.3885
115.0918,0.7218,3.1095
115.0920,0.7594,3.2717
115.0922,0.7692,3.3135
115.0924,0.7646,3.297
115.0926,0.7411,3.1912
115.0928,0.847,3.6386
115.0930,0.8973,3.8603
115.0932,0.872,3.7463
115.0934,0.9259,3.9849
115.0936,0.7939,3.4247
115.0938,0.6882,2.969
115.0940,0.7315,3.1499
115.0942,0.8142,3.5045
115.0944,0.7597,3.2743
115.0946,0.6826,2.9447
115.0948,0.6668,2.8751
115.0950,0.6698,2.888
115.0952,0.6698,2.8894
115.0954,0.6809,2.9375
115.0956,0.7481,3.2211
115.0958,0.7666,3.3012
115.0960,0.7632,3.2908
115.0962,0.6946,2.995
115.0964,0.6963,2.9981
115.0966,0.7208,3.1068
115.0968,0.7658,3.3006
115.0970,0.7346,3.1677
115.0972,0.6894,2.9714
115.0974,0.6933,2.9907
115.0976,0.696,3.0012
115.0978,0.6837,2.9466
115.0980,0.6939,2.9878
115.0982,0.6937,2.99
115.0984,0.7057,3.0474
115.0986,0.6042,2.6076
115.0988,0.5874,2.5364
115.0990,0.5851,2.5277
115.0992,0.5891,2.5436
115.0994,0.5822,2.5129
115.0996,0.5826,2.5156
115.0998,0.5878,2.5367
115.1000,0.5876,2.5362
115.1002,0.586,2.5301
115.1004,0.5815,2.5087
115.1006,0.6309,2.7167
115.1008,0.7264,3.1291
115.1010,0.7291,3.141
115.1012,0.7638,3.2842
115.1014,0.793,3.4116
115.1016,0.8176,3.5157
115.1018,0.8157,3.5172
115.1020,0.7132,3.0752
115.1022,0.6953,2.9968
115.1024,0.6877,2.9669
115.1026,0.6633,2.8588
115.1028,0.6839,2.9422
115.1030,0.71,3.0603
115.1032,0.6845,2.9516
115.1034,0.7024,3.0272
115.1036,0.725,3.1235
115.1038,0.7291,3.1396
115.1040,0.7621,3.28
115.1042,0.7688,3.3135
115.1044,0.7339,3.1617
115.1046,0.7126,3.0683
115.1048,0.7115,3.0637
115.1050,0.7767,3.3445
115.1052,0.7496,3.2249
115.1054,0.7976,3.4344
115.1056,0.7389,3.1849
115.1058,0.7418,3.1943
115.1060,0.7325,3.1496
115.1062,0.7617,3.2846
115.1064,0.6503,2.8043
115.1066,0.6939,2.9878
115.1068,0.738,3.1778
115.1070,0.7478,3.2186
115.1072,0.8085,3.4749
115.1074,0.7812,3.3605
115.1076,0.7891,3.3977
115.1078,0.7645,3.2903
115.1080,0.7641,3.2903
115.1082,0.7435,3.206
115.1084,0.7023,3.0225
115.1086,0.7646,3.2893
115.1088,0.7929,3.4142
115.1090,0.7364,3.1681
115.1092,0.7592,3.2661
115.1094,0.8058,3.4652
115.1096,0.8349,3.5849
115.1098,0.9078,3.8998
115.1100,0.903,3.881
115.1102,0.8994,3.8619
115.1104,0.9458,4.0593
115.1106,0.9656,4.1461
115.1108,0.8777,3.774
115.1110,0.8692,3.7356
115.1112,0.9301,3.99
115.1114,0.9681,4.153
115.1116,1.0548,4.5207
115.1118,1.097,4.706
115.1120,0.979,4.2057
115.1122,0.957,4.1057
115.1124,1.0074,4.3177
115.1126,1.0743,4.6066
115.1128,1.1003,4.7182
115.1130,1.0496,4.5007
115.1132,1.04,4.4596
115.1134,1.0473,4.493
115.1136,1.0232,4.3856
115.1138,0.9952,4.2693
115.1140,0.9356,4.0249
115.1142,0.8825,3.7964
115.1144,0.8656,3.7236
115.1146,0.8448,3.6327
115.1148,0.8922,3.8382
115.1150,0.8719,3.7457
115.1152,0.9123,3.9175
115.1154,0.9558,4.1063
115.1156,0.9478,4.0699
115.1158,0.9646,4.1458
115.1160,0.8568,3.6894
115.1162,0.8172,3.519
115.1164,0.8261,3.5539
115.1166,0.8544,3.674
115.1168,0.873,3.7486
115.1170,0.9427,4.0497
115.1172,0.9549,4.1041
115.1174,0.9134,3.9295
115.1176,0.8874,3.8211
115.1178,0.8443,3.6357
115.1180,0.8368,3.6015
115.1182,0.8063,3.4721
115.1184,0.7668,3.2971
115.1186,0.8353,3.597
115.1188,0.8085,3.4765
115.1190,0.8454,3.6387
115.1192,0.7911,3.4065
115.1194,0.78,3.36
115.1196,0.7662,3.2991
115.1198,0.7565,3.2543
115.1200,0.8513,3.664
115.1202,0.8168,3.5137
115.1204,0.7809,3.3642
115.1206,0.7525,3.2463
115.1208,0.7092,3.0581
115.1210,0.6893,2.9695
115.1212,0.7019,3.0252
115.1214,0.7081,3.0535
115.1216,0.7089,3.0523
115.1218,0.7997,3.4389
115.1220,0.8381,3.6089
115.1222,0.729,3.1405
115.1224,0.7394,3.184
115.1226,0.7698,3.3192
115.1228,0.7268,3.1298
115.1230,0.7506,3.2335
115.1232,0.7123,3.0716
115.1234,0.7065,3.0448
115.1236,0.7015,3.0208
115.1238,0.7756,3.3414
115.1240,0.8254,3.5558
115.1242,0.7495,3.2288
115.1244,0.7174,3.0918
115.1246,0.7312,3.1498
115.1248,0.7494,3.2283
115.1250,0.7164,3.0863
115.1252,0.7376,3.1747
115.1254,0.8311,3.5739
115.1256,0.8586,3.6903
115.1258,0.9148,3.9302
115.1260,0.9394,4.0414
115.1262,0.8301,3.5693
115.1264,0.8051,3.4653
115.1266,0.8588,3.693
115.1268,0.8368,3.5998
115.1270,0.8088,3.4797
115.1272,0.83,3.5704
115.1274,0.8766,3.7658
115.1276,0.9049,3.8874
115.1278,0.8865,3.8068
115.1280,0.8785,3.7811
115.1282,0.8301,3.5726
115.1284,0.8277,3.559
115.1286,0.8282,3.5644
115.1288,0.8471,3.6442
115.1290,0.8621,3.7052
115.1292,0.928,3.9812
115.1294,0.9991,4.2903
115.1296,1.0103,4.3402
115.1298,0.9847,4.2265
115.1300,0.9692,4.1674
115.1302,0.8584,3.6944
115.1304,0.8381,3.6072
115.1306,0.808,3.4825
115.1308,0.6973,3.0055
115.1310,0.683,2.9449
115.1312,0.6879,2.9633
115.1314,0.6917,2.9826
115.1316,0.6821,2.9454
115.1318,0.6834,2.9456
115.1320,0.7087,3.0532
115.1322,0.7007,3.0214
115.1324,0.761,3.2723
115.1326,0.8737,3.7535
115.1328,0.8154,3.5162
115.1330,0.702,3.0257
115.1332,0.6789,2.926
115.1334,0.6827,2.9452
115.1336,0.6898,2.9757
115.1338,0.6893,2.9695
115.1340,0.7651,3.2929
115.1342,0.8501,3.6537
115.1344,0.9172,3.9441
115.1346,0.9057,3.891
115.1348,0.8771,3.7784
115.1350,0.7904,3.405
115.1352,0.7975,3.4291
115.1354,0.8431,3.6272
115.1356,0.8499,3.6561
115.1358,0.8987,3.8588
115.1360,0.8889,3.8242
115.1362,0.7797,3.3543
115.1364,0.7939,3.4136
115.1366,0.84,3.6155
115.1368,0.8588,3.6982
115.1370,0.7881,3.392
115.1372,0.7912,3.4054
115.1374,0.8061,3.4694
115.1376,0.7846,3.3786
115.1378,0.7362,3.173
115.1380,0.6723,2.9002
115.1382,0.6789,2.926
115.1384,0.732,3.1534
115.1386,0.7216,3.1099
115.1388,0.7174,3.0933
115.1390,0.7446,3.2032
115.1392,0.7826,3.3667
115.1394,0.766,3.3001
115.1396,0.7403,3.1876
115.1398,0.7877,3.3905
115.1400,0.766,3.3001
115.1402,0.7404,3.1896
115.1404,0.7726,3.3239
115.1406,0.8037,3.4575
115.1408,0.7668,3.3047
115.1410,0.6865,2.9631
115.1412,0.6254,2.6992
115.1414,0.621,2.6776
115.1416,0.6083,2.6228
115.1418,0.6091,2.6276
115.1420,0.614,2.6488
115.1422,0.676,2.9163
115.1424,0.6267,2.7024
115.1426,0.615,2.6493
115.1428,0.6499,2.8009
115.1430,0.6996,3.014
115.1432,0.7391,3.1839
115.1434,0.7035,3.0305
115.1436,0.7236,3.1115
115.1438,0.8734,3.7519
115.1440,0.91,3.9095
115.1442,0.857,3.6853
115.1444,0.8698,3.733
115.1446,0.9826,4.2133
115.1448,1.0145,4.3541
115.1450,1.0207,4.385
115.1452,0.9775,4.1937
115.1454,1.0334,4.4251
115.1456,1.0901,4.6767
115.1458,1.0686,4.5798
115.1460,1.0772,4.6211
115.1462,1.0629,4.562
115.1464,1.02,4.3819
115.1466,0.9618,4.1263
115.1468,1.0341,4.4365
115.1470,1.0775,4.6119
115.1472,1.1544,4.9501
115.1474,1.0952,4.6961
115.1476,1.1,4.7145
115.1478,1.0973,4.7097
115.1480,1.1133,4.7648
115.1482,1.2018,5.1435
115.1484,1.207,5.1709
115.1486,1.1096,4.7578
115.1488,1.0051,4.318
115.1490,0.9754,4.1903
115.1492,0.9905,4.2532
115.1494,0.9803,4.2153
115.1496,0.9017,3.8771
115.1498,0.9187,3.9503
115.1500,0.9389,4.0356
115.1502,0.9202,3.9533
115.1504,0.8953,3.8516
115.1506,0.888,3.8237
115.1508,0.8621,3.707
115.1510,0.8954,3.8521
115.1512,0.8771,3.7697
115.1514,0.8454,3.6387
115.1516,0.7692,3.3151
115.1518,0.7544,3.2515
115.1520,0.7724,3.3306
115.1522,0.7419,3.1948
115.1524,0.7995,3.441
115.1526,0.8411,3.6235
115.1528,0.7937,3.421
115.1530,0.7388,3.1843
115.1532,0.7282,3.1398
115.1534,0.6924,2.9816
115.1536,0.7857,3.3864
115.1538,0.8037,3.4607
115.1540,0.8111,3.4943
115.1542,0.7959,3.4303
115.1544,0.7449,3.2077
115.1546,0.7859,3.3843
115.1548,0.7936,3.4221
115.1550,0.728,3.1349
115.1552,0.7716,3.327
115.1554,0.7142,3.0784
115.1556,0.7194,3.0977
115.1558,0.7768,3.3466
115.1560,0.7537,3.2484
115.1562,0.7207,3.1049
115.1564,0.7292,3.1415
115.1566,0.7734,3.3301
115.1568,0.7999,3.4458
115.1570,0.7975,3.4338
115.1572,0.7921,3.4075
115.1574,0.7899,3.4029
115.1576,0.7254,3.1294
115.1578,0.7075,3.0509
115.1580,0.7115,3.0651
115.1582,0.7112,3.0641
115.1584,0.7704,3.3156
115.1586,0.861,3.7058
115.1588,0.8351,3.591
115.1590,0.8821,3.7895
115.1592,0.9636,4.1398
115.1594,0.9205,3.958
115.1596,0.8969,3.8565
115.1598,0.8821,3.7913
115.1600,0.9018,3.8776
115.1602,0.908,3.9026
115.1604,0.8744,3.7688
115.1606,0.7497,3.2314
115.1608,0.6723,2.9016
115.1610,0.6562,2.8309
115.1612,0.6654,2.8681
115.1614,0.6657,2.8704
115.1616,0.6585,2.8407
115.1618,0.6585,2.8434
115.1620,0.6578,2.8376
115.1622,0.6494,2.7988
115.1624,0.7031,3.0261
115.1626,0.8043,3.4697
115.1628,0.6308,2.7238
115.1630,0.5996,2.588
115.1632,0.6148,2.6537
115.1634,0.593,2.5595
115.1636,0.5951,2.5707
115.1638,0.5854,2.5276
115.1640,0.5928,2.5573
115.1642,0.5881,2.5371
115.1644,0.5802,2.5053
115.1646,0.5806,2.5045
115.1648,0.5981,2.5788
115.1650,0.6421,2.7673
115.1652,0.68,2.932
115.1654,0.6277,2.7078
115.1656,0.6447,2.7787
115.1658,0.6409,2.7647
115.1660,0.6043,2.6057
115.1662,0.5976,2.5792
115.1664,0.603,2.6
115.1666,0.6844,2.947
115.1668,0.7471,3.22
115.1670,0.7284,3.1365
115.1672,0.7248,3.1181
115.1674,0.7786,3.3481
115.1676,0.8021,3.4508
115.1678,0.8415,3.6132
115.1680,0.8977,3.8565
115.1682,0.8828,3.7962
115.1684,0.8716,3.7494
115.1686,0.8488,3.648
115.1688,0.857,3.6836
115.1690,0.8395,3.6134
115.1692,0.7713,3.3198
115.1694,0.7582,3.262
115.1696,0.7744,3.3301
115.1698,0.8157,3.5091
115.1700,0.8219,3.5342
115.1702,0.787,3.3874
115.1704,0.7762,3.344
115.1706,0.7401,3.1841
115.1708,0.8104,3.4864
115.1710,0.7495,3.2258
115.1712,0.7797,3.3574
115.1714,0.7452,3.2087
115.1716,0.7374,3.1722
115.1718,0.7843,3.3724
115.1720,0.8189,3.5214
115.1722,0.878,3.7826
115.1724,0.7062,3.0466
115.1726,0.6645,2.8626
115.1728,0.6569,2.8327
115.1730,0.6107,2.6344
115.1732,0.6137,2.6485
115.1734,0.6099,2.6288
115.1736,0.6773,2.9179
115.1738,0.7216,3.1114
115.1740,0.6352,2.7378
115.1742,0.6228,2.6866
115.1744,0.6195,2.6726
115.1746,0.6176,2.6631
115.1748,0.622,2.6847
115.1750,0.6192,2.6698
115.1752,0.6312,2.719
115.1754,0.7212,3.1069
115.1756,0.6955,2.9922
115.1758,0.7585,3.2645
115.1760,0.7525,3.2387
115.1762,0.7494,3.2298
115.1764,0.7327,3.1521
115.1766,0.7797,3.3574
115.1768,0.7013,3.0212
115.1770,0.7499,3.2229
115.1772,0.8309,3.5696
115.1774,0.8446,3.6334
115.1776,0.8604,3.6997
115.1778,0.8911,3.8282
115.1780,0.8651,3.7147
115.1782,0.9182,3.9427
115.1784,1.0039,4.3028
115.1786,1.0767,4.6169
115.1788,1.0032,4.3078
115.1790,0.9714,4.1636
115.1792,1.0538,4.5166
115.1794,1.0949,4.6929
115.1796,1.0965,4.6996
115.1798,1.0412,4.4668
115.1800,1.0206,4.3763
115.1802,1.038,4.4488
115.1804,1.0193,4.3747
115.1806,1.0265,4.3994
115.1808,1.0436,4.4792
115.1810,0.9907,4.2602
115.1812,0.879,3.7814
115.1814,0.8189,3.523
115.1816,0.8469,3.6398
115.1818,0.8646,3.7178
115.1820,0.8777,3.774
115.1822,0.8759,3.768
115.1824,0.8682,3.735
115.1826,0.8654,3.7231
115.1828,0.8636,3.7188
115.1830,0.815,3.506
115.1832,0.8204,3.5292
115.1834,0.827,3.5509
115.1836,0.8749,3.7586
115.1838,0.9091,3.9145
115.1840,0.8282,3.5611
115.1842,0.8406,3.6164
115.1844,0.8615,3.7009
115.1846,0.9826,4.2094
115.1848,1.0424,4.4803
115.1850,0.8853,3.8158
115.1852,0.7686,3.3063
115.1854,0.8449,3.6315
115.1856,0.8717,3.75
115.1858,0.885,3.8054
115.1860,0.8442,3.6318
115.1862,0.8379,3.6045
115.1864,0.8126,3.494
115.1866,0.8525,3.664
115.1868,0.897,3.8552
115.1870,0.8922,3.8417
115.1872,0.8387,3.6064
115.1874,0.8809,3.7861
115.1876,0.8975,3.8573
115.1878,0.9102,3.9119
115.1880,0.8387,3.6115
115.1882,0.7443,3.2081
115.1884,0.7331,3.1566
115.1886,0.8229,3.5417
115.1888,0.86,3.6982
115.1890,0.879,3.7761
115.1892,0.8883,3.8199
115.1894,0.8424,3.6325
115.1896,0.7092,3.0581
115.1898,0.7006,3.0209
115.1900,0.7003,3.0157
115.1902,0.7513,3.2351
115.1904,0.7892,3.3982
115.1906,0.8057,3.4679
115.1908,0.7947,3.4188
115.1910,0.7985,3.4305
115.1912,0.8684,3.7273
115.1914,0.9323,4.0091
115.1916,0.9437,4.0581
115.1918,0.9273,3.9782
115.1920,1.0008,4.2955
115.1922,1.0106,4.3397
115.1924,1.0079,4.3238
115.1926,0.9796,4.2122
115.1928,0.8082,3.4787
115.1930,0.7784,3.3549
115.1932,0.7427,3.2024
115.1934,0.7319,3.1544
115.1936,0.7326,3.1545
115.1938,0.7381,3.1783
115.1940,0.7409,3.1931
115.1942,0.7356,3.1689
115.1944,0.7391,3.1839
115.1946,0.7519,3.2392
115.1948,0.7547,3.2526
115.1950,0.7532,3.2448
115.1952,0.7515,3.2376
115.1954,0.7513,3.2336
115.1956,0.7548,3.2501
115.1958,0.7845,3.3734
115.1960,0.874,3.7528
115.1962,0.954,4.0986
115.1964,0.8449,3.6383
115.1966,0.7353,3.1723
115.1968,0.6786,2.9249
115.1970,0.6795,2.9299
115.1972,0.6844,2.9484
115.1974,0.7505,3.227
115.1976,0.7794,3.3528
115.1978,0.8045,3.4643
115.1980,0.7856,3.389
115.1982,0.7038,3.0334
115.1984,0.7202,3.1042
115.1986,0.6855,2.9571
115.1988,0.676,2.9163
115.1990,0.7266,3.1215
115.1992,0.8249,3.557
115.1994,0.697,3.0082
115.1996,0.6754,2.9123
115.1998,0.6758,2.9139
115.2000,0.6737,2.9064
115.2002,0.6756,2.9147
115.2004,0.668,2.8789
115.2006,0.6996,3.0112
115.2008,0.85,3.6549
115.2010,0.8943,3.8403
115.2012,0.9552,4.1018
115.2014,0.8947,3.8544
115.2016,0.7983,3.4391
115.2018,0.7669,3.3022
115.2020,0.7471,3.2095
115.2022,0.8493,3.6501
115.2024,0.8707,3.7458
115.2026,0.8473,3.6435
115.2028,0.8431,3.6255
115.2030,0.8452,3.6393
115.2032,0.7922,3.4111
115.2034,0.7734,3.3285
115.2036,0.8092,3.4796
115.2038,0.8106,3.489
115.2040,0.785,3.3802
115.2042,0.7853,3.3817
115.2044,0.7802,3.3579
115.2046,0.8055,3.462
115.2048,0.8801,3.7808
115.2050,0.9018,3.8812
115.2052,0.7665,3.3052
115.2054,0.6527,2.8159
115.2056,0.6544,2.8205
115.2058,0.7337,3.1621
115.2060,0.7291,3.1425
115.2062,0.6816,2.9433
115.2064,0.6505,2.8035
115.2066,0.7124,3.0678
115.2068,0.781,3.3631
115.2070,0.753,3.2423
115.2072,0.7395,3.183
115.2074,0.7328,3.1556
115.2076,0.771,3.3197
115.2078,0.7946,3.4183
115.2080,0.7725,3.328
115.2082,0.7104,3.059
115.2084,0.7002,3.0137
115.2086,0.7466,3.2164
115.2088,0.7243,3.1204
115.2090,0.7183,3.0945
115.2092,0.718,3.093
115.2094,0.7639,3.2878
115.2096,0.8156,3.5085
115.2098,0.7941,3.413
115.2100,0.818,3.5172
115.2102,0.876,3.765
115.2104,0.9084,3.9005
115.2106,0.9265,3.9783
115.2108,0.9188,3.9545
115.2110,0.8459,3.6374
115.2112,0.8973,3.8549
115.2114,0.9072,3.8954
115.2116,0.9919,4.2495
115.2118,1.1346,4.8584
115.2120,1.1286,4.8373
115.2122,1.0484,4.4977
115.2124,1.0802,4.6297
115.2126,1.108,4.7489
115.2128,1.1051,4.7321
115.2130,1.053,4.5214
115.2132,0.9807,4.209
115.2134,1.0082,4.3254
115.2136,1.0012,4.301
115.2138,0.9377,4.0323
115.2140,0.9088,3.908
115.2142,0.9087,3.9039
115.2144,0.9536,4.1022
115.2146,0.8587,3.696
115.2148,0.8519,3.6597
115.2150,0.919,3.9537
115.2152,0.9202,3.957
115.2154,0.9055,3.8936
115.2156,0.8761,3.769
115.2158,0.8924,3.8356
115.2160,0.9394,4.032
115.2162,0.9364,4.0247
115.2164,0.873,3.7609
115.2166,0.7705,3.3208
115.2168,0.7356,3.1719
115.2170,0.7231,3.1138
115.2172,0.7473,3.218
115.2174,0.7948,3.4225
115.2176,0.7887,3.3962
115.2178,0.8017,3.4455
115.2180,0.8563,3.6856
115.2182,0.8477,3.6485
115.2184,0.7584,3.2671
115.2186,0.7423,3.1993
115.2188,0.7876,3.3931
115.2190,0.7997,3.4405
115.2192,0.8476,3.6463
115.2194,0.7954,3.4267
115.2196,0.8253,3.5503
115.2198,0.8091,3.4839
115.2200,0.807,3.4752
115.2202,0.7979,3.4423
115.2204,0.731,3.1493
115.2206,0.7485,3.2247
115.2208,0.7379,3.1773
115.2210,0.7223,3.1116
115.2212,0.7241,3.1222
115.2214,0.7301,3.151
115.2216,0.6894,2.9756
115.2218,0.6473,2.7913
115.2220,0.6688,2.8879
115.2222,0.6355,2.7414
115.2224,0.6808,2.9329
115.2226,0.7199,3.0969
115.2228,0.7683,3.3115
115.2230,0.618,2.6659
115.2232,0.6601,2.8448
115.2234,0.7481,3.2226
115.2236,0.7306,3.1472
115.2238,0.711,3.0644
115.2240,0.7536,3.2464
115.2242,0.6882,2.9676
115.2244,0.6511,2.8087
115.2246,0.647,2.7898
115.2248,0.744,3.1991
115.2250,0.8714,3.7454
115.2252,0.8967,3.8578
115.2254,0.8642,3.7162
115.2256,0.8495,3.6511
115.2258,0.8688,3.7393
115.2260,0.7795,3.3611
115.2262,0.7369,3.1761
115.2264,0.7813,3.3642
115.2266,0.7737,3.3285
115.2268,0.7645,3.2934
115.2270,0.7722,3.3249
115.2272,0.7716,3.3192
115.2274,0.791,3.406
115.2276,0.7752,3.3363
115.2278,0.8214,3.5338
115.2280,0.808,3.4793
115.2282,0.7615,3.282
115.2284,0.7437,3.2026
115.2286,0.7475,3.2141
115.2288,0.7957,3.4245
115.2290,0.7788,3.3533
115.2292,0.7302,3.1471
115.2294,0.6997,3.0145
115.2296,0.7099,3.0584
115.2298,0.6873,2.9621
115.2300,0.6997,3.0187
115.2302,0.6935,2.9848
115.2304,0.7786,3.3559
115.2306,0.7013,3.0282
115.2308,0.6001,2.5888
115.2310,0.6044,2.6087
115.2312,0.6447,2.78
115.2314,0.6646,2.8645
115.2316,0.6405,2.7632
115.2318,0.5916,2.5545
115.2320,0.587,2.5336
115.2322,0.585,2.5237
115.2324,0.5891,2.5436
115.2326,0.5901,2.5483
115.2328,0.5864,2.5299
115.2330,0.5874,2.534
115.2332,0.6092,2.6281
115.2334,0.6376,2.7507
115.2336,0.618,2.661
115.2338,0.7162,3.0838
115.2340,0.7993,3.4384
115.2342,0.8102,3.4853
115.2344,0.8049,3.4626
115.2346,0.7887,3.393
115.2348,0.7812,3.3636
115.2350,0.7743,3.3358
115.2352,0.7039,3.0326
115.2354,0.6845,2.9502
115.2356,0.6678,2.8784
115.2358,0.6734,2.8995
115.2360,0.7369,3.1717
115.2362,0.8102,3.487
115.2364,0.8142,3.5012
115.2366,0.8042,3.4579
115.2368,0.7569,3.2593
115.2370,0.7162,3.0838
115.2372,0.726,3.1232
115.2374,0.8076,3.4794
115.2376,0.743,3.1995
115.2378,0.7795,3.3502
115.2380,0.8302,3.5665
115.2382,0.8965,3.8442
115.2384,0.7439,3.206
115.2386,0.7153,3.0816
115.2388,0.6324,2.7292
115.2390,0.6066,2.618
115.2392,0.6089,2.6266
115.2394,0.6069,2.6135
115.2396,0.6658,2.867
115.2398,0.7632,3.2847
115.2400,0.7271,3.1322
115.2402,0.616,2.6564
115.2404,0.6069,2.6183
115.2406,0.6032,2.6023
115.2408,0.6111,2.6352
115.2410,0.6026,2.5985
115.2412,0.6146,2.649
115.2414,0.6779,2.9178
115.2416,0.7247,3.1248
115.2418,0.6344,2.7355
115.2420,0.6126,2.6414
115.2422,0.6111,2.6364
115.2424,0.6622,2.8528
115.2426,0.6838,2.9444
115.2428,0.7453,3.2093
115.2430,0.7288,3.138
115.2432,0.7433,3.196
115.2434,0.7705,3.3115
115.2436,0.8047,3.4616
115.2438,0.8469,3.6398
115.2440,0.9008,3.8663
115.2442,0.9207,3.9554
115.2444,0.9248,3.9618
115.2446,1.0692,4.576
115.2448,1.1226,4.8026
115.2450,1.1364,4.8661
115.2452,1.1279,4.8319
115.2454,1.1121,4.7552
115.2456,1.1558,4.9539
115.2458,1.0864,4.6607
115.2460,1.0024,4.2961
115.2462,1.0483,4.4909
115.2464,1.0569,4.5321
115.2466,1.0488,4.4971
115.2468,1.0846,4.6508
115.2470,1.0315,4.4272
115.2472,0.9551,4.0994
115.2474,0.9942,4.2711
115.2476,0.9858,4.2233
115.2478,1.0562,4.529
115.2480,1.0855,4.6544
115.2482,1.1066,4.7427
115.2484,1.0585,4.5451
115.2486,0.9738,4.1816
115.2488,1.0026,4.3072
115.2490,0.9135,3.9227
115.2492,0.9024,3.8766
115.2494,0.9195,3.9484
115.2496,0.9674,4.1519
115.2498,1.0413,4.4673
115.2500,1.0425,4.4704
115.2502,1.0668,4.5742
115.2504,1.0958,4.6987
115.2506,1.102,4.721
115.2508,1.0738,4.6175
115.2510,0.8837,3.7962
115.2512,0.9328,4.0093
115.2514,0.9066,3.9019
115.2516,0.8762,3.766
115.2518,0.9094,3.9015
115.2520,0.9977,4.2841
115.2522,1.0122,4.3444
115.2524,1.0078,4.3273
115.2526,0.9611,4.1271
115.2528,0.9256,3.9747
115.2530,1.0237,4.3958
115.2532,1.0308,4.4241
115.2534,1.0033,4.3103
115.2536,0.9747,4.1852
115.2538,0.8694,3.7488
115.2540,0.7452,3.2087
115.2542,0.7886,3.3988
115.2544,0.7995,3.4458
115.2546,0.7741,3.3347
115.2548,0.7333,3.1606
115.2550,0.7514,3.2326
115.2552,0.8642,3.7145
115.2554,0.8876,3.8168
115.2556,0.8949,3.8518
115.2558,0.8483,3.6545
115.2560,0.8048,3.467
115.2562,0.746,3.2183
115.2564,0.7342,3.1642
115.2566,0.6991,3.0161
115.2568,0.6162,2.6569
115.2570,0.6952,2.9976
115.2572,0.7483,3.2267
115.2574,0.7584,3.2686
115.2576,0.7021,3.0304
115.2578,0.6566,2.8351
115.2580,0.6508,2.8089
115.2582,0.6513,2.8084
115.2584,0.7145,3.0751
115.2586,0.8132,3.4999
115.2588,0.7803,3.3616
115.2590,0.6904,2.9797
115.2592,0.6524,2.8157
115.2594,0.6501,2.8032
115.2596,0.6515,2.8094
115.2598,0.6476,2.795
115.2600,0.6514,2.8076
115.2602,0.6503,2.803
115.2604,0.6494,2.8014
115.2606,0.6629,2.8599
115.2608,0.65,2.8053
115.2610,0.6459,2.7864
115.2612,0.6495,2.8019
115.2614,0.6499,2.8035
115.2616,0.6503,2.8017
115.2618,0.7106,3.0586
115.2620,0.7538,3.2459
115.2622,0.7415,3.1972
115.2624,0.6707,2.8922
115.2626,0.6571,2.8332
115.2628,0.6506,2.8066
115.2630,0.6544,2.8218
115.2632,0.6766,2.9148
115.2634,0.6946,2.9937
115.2636,0.6694,2.8851
115.2638,0.6874,2.964
115.2640,0.6638,2.8608
115.2642,0.661,2.8516
115.2644,0.6601,2.8475
115.2646,0.6457,2.7841
115.2648,0.6367,2.7453
115.2650,0.6645,2.8573
115.2652,0.8642,3.7197
115.2654,0.7512,3.2376
115.2656,0.6734,2.9049
115.2658,0.7035,3.0277
115.2660,0.7864,3.3832
115.2662,0.7911,3.4017
115.2664,0.7951,3.4188
115.2666,0.8325,3.5796
115.2668,0.8156,3.5037
115.2670,0.8566,3.6815
115.2672,0.825,3.5526
115.2674,0.7995,3.4378
115.2676,0.8162,3.5095
115.2678,0.8205,3.5281
115.2680,0.8078,3.4766
115.2682,0.8124,3.4919
115.2684,0.9214,3.9511
115.2686,0.9507,4.0823
115.2688,0.9298,3.9964
115.2690,0.9118,3.9173
115.2692,0.9681,4.155
115.2694,0.9772,4.196
115.2696,0.8887,3.8179
115.2698,0.9127,3.9227
115.2700,0.9018,3.8758
115.2702,0.8963,3.8557
115.2704,0.7385,3.1843
115.2706,0.615,2.6554
115.2708,0.6321,2.7269
115.2710,0.6354,2.7396
115.2712,0.6822,2.9418
115.2714,0.6593,2.8444
115.2716,0.6473,2.7887
115.2718,0.7416,3.1977
115.2720,0.7717,3.3198
115.2722,0.8375,3.5979
115.2724,0.7967,3.4371
115.2726,0.6333,2.7308
115.2728,0.6301,2.7181
115.2730,0.6142,2.6486
115.2732,0.6104,2.6333
115.2734,0.6405,2.7606
115.2736,0.6904,2.9783
115.2738,0.6521,2.8133
115.2740,0.6294,2.7125
115.2742,0.6825,2.9415
115.2744,0.7273,3.1289
115.2746,0.8036,3.4538
115.2748,0.8431,3.6289
115.2750,0.7913,3.4123
115.2752,0.7252,3.1211
115.2754,0.7394,3.1854
115.2756,0.7122,3.0639
115.2758,0.7816,3.3641
115.2760,0.78,3.3569
115.2762,0.7535,3.2444
115.2764,0.7626,3.2775
115.2766,0.8784,3.7788
115.2768,0.8478,3.6473
115.2770,0.8653,3.7174
115.2772,0.8707,3.7406
115.2774,0.8841,3.7983
115.2776,0.9138,3.9273
115.2778,0.903,3.8792
115.2780,0.912,3.9141
115.2782,0.9823,4.2143
115.2784,1.025,4.3974
115.2786,1.0329,4.4251
115.2788,1.0771,4.6185
115.2790,1.0641,4.5651
115.2792,1.041,4.4616
115.2794,1.0437,4.4839
115.2796,0.9145,3.9268
115.2798,0.9934,4.2636
115.2800,1.0211,4.3804
115.2802,1.0075,4.3283
115.2804,0.9769,4.1931
115.2806,0.9512,4.0843
115.2808,0.9545,4.0987
115.2810,0.9689,4.1644
115.2812,0.9603,4.1254
115.2814,0.9417,4.0436
115.2816,0.9138,3.9292
115.2818,0.8789,3.7791
115.2820,0.8803,3.7818
115.2822,0.9232,3.9607
115.2824,0.9435,4.057
115.2826,0.8256,3.5552
115.2828,0.8581,3.6865
115.2830,0.9586,4.1124
115.2832,0.9982,4.2961
115.2834,0.824,3.5463
115.2836,0.8237,3.542
115.2838,0.8558,3.6767
115.2840,0.8766,3.7746
115.2842,0.7973,3.4317
115.2844,0.8295,3.57
115.2846,0.8147,3.5082
115.2848,0.8013,3.4456
115.2850,0.8638,3.7107
115.2852,0.9171,3.9381
115.2854,0.9886,4.2469
115.2856,0.9416,4.0469
115.2858,0.8674,3.7296
115.2860,0.877,3.7709
115.2862,0.9159,3.9366
115.2864,0.9526,4.0905
115.2866,0.9771,4.1916
115.2868,0.9677,4.1534
115.2870,0.9657,4.1486
115.2872,0.9706,4.1697
115.2874,0.9789,4.2033
115.2876,0.9204,3.9575
115.2878,0.8947,3.8472
115.2880,0.9032,3.8838
115.2882,0.831,3.5751
115.2884,0.7688,3.3105
115.2886,0.8282,3.5644
115.2888,0.9079,3.8985
115.2890,0.9216,3.9608
115.2892,0.8972,3.8508
115.2894,0.9915,4.2573
115.2896,1.0195,4.3737
115.2898,0.9954,4.2902
115.2900,0.7509,3.2395
115.2902,0.7098,3.0607
115.2904,0.6945,2.9931
115.2906,0.6903,2.975
115.2908,0.6905,2.9788
115.2910,0.6886,2.9692
115.2912,0.6922,2.9805
115.2914,0.7585,3.2691
115.2916,0.7038,3.0363
115.2918,0.688,2.968
115.2920,0.7024,3.023
115.2922,0.7991,3.4411
115.2924,0.7155,3.0822
115.2926,0.6873,2.9622
115.2928,0.6858,2.9587
115.2930,0.6858,2.9601
115.2932,0.6851,2.9556
115.2934,0.6878,2.9642
115.2936,0.7211,3.1079
115.2938,0.7013,3.024
115.2940,0.6739,2.903
115.2942,0.6898,2.973
115.2944,0.693,2.9856
115.2946,0.6966,3.0067
115.2948,0.6355,2.7415
115.2950,0.6645,2.864
115.2952,0.6804,2.9368
115.2954,0.6022,2.6013
115.2956,0.587,2.5337
115.2958,0.5926,2.5551
115.2960,0.6808,2.9302
115.2962,0.7971,3.4308
115.2964,0.7951,3.4268
115.2966,0.6724,2.9048
115.2968,0.571,2.4655
115.2970,0.556,2.4019
115.2972,0.5578,2.4085
115.2974,0.6122,2.6387
115.2976,0.6555,2.8252
115.2978,0.661,2.8464
115.2980,0.6862,2.9589
115.2982,0.6635,2.8612
115.2984,0.6724,2.8981
115.2986,0.6825,2.9415
115.2988,0.6665,2.8741
115.2990,0.6798,2.9301
115.2992,0.6946,2.9923
115.2994,0.6516,2.8108
115.2996,0.5999,2.5879
115.2998,0.6448,2.7805
115.3000,0.7027,3.0274
115.3002,0.6938,2.9901
115.3004,0.626,2.6994
115.3006,0.6669,2.8717
115.3008,0.6784,2.9253
115.3010,0.5995,2.5863
115.3012,0.6181,2.6665
115.3014,0.6229,2.6834
115.3016,0.6459,2.7878
115.3018,0.6026,2.5998
115.3020,0.6362,2.7408
115.3022,0.683,2.9449
115.3024,0.6427,2.7699
115.3026,0.7026,3.0283
115.3028,0.6252,2.697
115.3030,0.6057,2.6132
115.3032,0.6041,2.6035
115.3034,0.5875,2.5393
115.3036,0.5169,2.2299
115.3038,0.5557,2.3997
115.3040,0.4884,2.1078
115.3042,0.4782,2.0657
115.3044,0.4867,2.1025
115.3046,0.5001,2.1595
115.3048,0.5249,2.2667
115.3050,0.4987,2.1513
115.3052,0.6031,2.5982
115.3054,0.6607,2.8422
115.3056,0.7189,3.0957
115.3058,0.6656,2.8686
115.3060,0.6402,2.7578
115.3062,0.6411,2.7632
115.3064,0.656,2.8286
115.3066,0.6921,2.9829
115.3068,0.6614,2.8492
115.3070,0.6391,2.7519
115.3072,0.7631,3.2827
115.3074,0.7886,3.3941
115.3076,0.7731,3.3245
115.3078,0.7762,3.3379
115.3080,0.7663,3.2966
115.3082,0.794,3.4174
115.3084,0.7778,3.3446
115.3086,0.8137,3.4955
115.3088,0.8585,3.6916
115.3090,0.7543,3.248
115.3092,0.681,2.9299
115.3094,0.737,3.1693
115.3096,0.8067,3.4688
115.3098,0.8404,3.6087
115.3100,0.9194,3.9443
115.3102,0.9427,4.0441
115.3104,0.9755,4.187
115.3106,0.9428,4.0408
115.3108,1.0294,4.4077
115.3110,1.0791,4.6251
115.3112,1.0826,4.64
115.3114,1.0657,4.574
115.3116,1.0459,4.4765
115.3118,1.1718,5.0107
115.3120,1.1797,5.0492
115.3122,1.1302,4.8327
115.3124,1.2099,5.1761
115.3126,1.2039,5.1625
115.3128,1.0711,4.5928
115.3130,1.0638,4.5593
115.3132,1.0446,4.4771
115.3134,1.0364,4.4525
115.3136,0.933,4.0117
115.3138,0.8668,3.7219
115.3140,0.9283,3.9898
115.3142,0.8833,3.8001
115.3144,0.8855,3.8058
115.3146,0.9376,4.0225
115.3148,0.9758,4.186
115.3150,0.9836,4.2234
115.3152,0.9013,3.8684
115.3154,0.9628,4.1286
115.3156,1.0575,4.5369
115.3158,1.068,4.5795
115.3160,1.005,4.3176
115.3162,0.9908,4.2523
115.3164,1.0009,4.3001
115.3166,0.9915,4.2514
115.3168,1.0175,4.3691
115.3170,1.0027,4.3038
115.3172,1.0129,4.3496
115.3174,0.9629,4.1349
115.3176,0.9755,4.1909
115.3178,0.9677,4.1574
115.3180,0.9676,4.153
115.3182,0.9788,4.2067
115.3184,0.918,3.9418
115.3186,0.9808,4.2155
115.3188,0.917,3.9432
115.3190,0.9165,3.9429
115.3192,0.8387,3.6031
115.3194,0.8938,3.8396
115.3196,0.9,3.8646
115.3198,0.9133,3.9254
115.3200,0.8978,3.8607
115.3202,0.9194,3.9572
115.3204,0.9043,3.8885
115.3206,0.9404,4.0437
115.3208,0.8942,3.8398
115.3210,0.9529,4.0916
115.3212,1.0042,4.3059
115.3214,1.0822,4.6471
115.3216,1.0476,4.5025
115.3218,0.9596,4.1243
115.3220,0.8869,3.8138
115.3222,0.877,3.7727
115.3224,0.8752,3.7615
115.3226,0.9201,3.9529
115.3228,0.8939,3.8419
115.3230,0.8975,3.8591
115.3232,0.9573,4.1087
115.3234,0.9833,4.2283
115.3236,0.8934,3.8452
115.3238,0.8499,3.6544
115.3240,0.8622,3.7127
115.3242,0.9077,3.8957
115.3244,0.9822,4.2256
115.3246,0.8638,3.7177
115.3248,0.8349,3.595
115.3250,0.8894,3.8228
115.3252,0.9345,4.0147
115.3254,0.9432,4.0499
115.3256,0.9912,4.2583
115.3258,0.9721,4.174
115.3260,0.9655,4.1457
115.3262,1.0066,4.3303
115.3264,0.9878,4.2454
115.3266,0.95,4.0831
115.3268,0.9319,4.009
115.3270,0.9256,3.9766
115.3272,0.948,4.0762
115.3274,0.903,3.8828
115.3276,0.9821,4.2212
115.3278,0.9665,4.1561
115.3280,0.9352,4.0234
115.3282,0.8831,3.8008
115.3284,0.8203,3.5337
115.3286,0.7857,3.3833
115.3288,0.7243,3.1262
115.3290,0.6771,2.9223
115.3292,0.678,2.9237
115.3294,0.7144,3.0833
115.3296,0.6741,2.9094
115.3298,0.6807,2.9365
115.3300,0.6704,2.8907
115.3302,0.6681,2.8835
115.3304,0.6661,2.8734
115.3306,0.667,2.8775
115.3308,0.6846,2.9494
115.3310,0.7562,3.2639
115.3312,0.6911,2.9801
115.3314,0.6682,2.8814
115.3316,0.67,2.8878
115.3318,0.732,3.1535
115.3320,0.7304,3.1497
115.3322,0.7494,3.2299
115.3324,0.7948,3.4241
115.3326,0.782,3.3657
115.3328,0.8081,3.4783
115.3330,0.8887,3.8233
115.3332,0.8906,3.8297
115.3334,0.842,3.6271
115.3336,0.7682,3.311
115.3338,0.7603,3.2754
115.3340,0.7929,3.4159
115.3342,0.8481,3.6467
115.3344,0.9035,3.8903
115.3346,0.8149,3.5104
115.3348,0.8237,3.5437
115.3350,0.8193,3.5246
115.3352,0.8097,3.4866
115.3354,0.8027,3.4534
115.3356,0.8165,3.5111
115.3358,0.8637,3.7155
115.3360,0.8806,3.7882
115.3362,0.8644,3.7168
115.3364,0.8476,3.6446
115.3366,0.8282,3.5595
115.3368,0.8578,3.6936
115.3370,0.8015,3.4531
115.3372,0.7933,3.4174
115.3374,0.7882,3.3926
115.3376,0.7946,3.4215
115.3378,0.7809,3.3689
115.3380,0.662,2.8598
115.3382,0.6671,2.8754
115.3384,0.7056,3.0441
115.3386,0.6195,2.6776
115.3388,0.574,2.4807
115.3390,0.5548,2.3967
115.3392,0.5438,2.3512
115.3394,0.5476,2.3645
115.3396,0.5971,2.5771
115.3398,0.6073,2.6187
115.3400,0.614,2.6477
115.3402,0.6089,2.6266
115.3404,0.6051,2.613
115.3406,0.6237,2.6908
115.3408,0.677,2.915
115.3410,0.7486,3.2233
115.3412,0.755,3.2542
115.3414,0.7102,3.058
115.3416,0.7312,3.1484
115.3418,0.7797,3.3544
115.3420,0.8231,3.5395
115.3422,0.8541,3.6742
115.3424,0.8785,3.7759
115.3426,0.9318,4.0047
115.3428,0.8802,3.7849
115.3430,0.8785,3.7742
115.3432,0.9031,3.8779
115.3434,0.8792,3.7825
115.3436,0.8715,3.7472
115.3438,0.9183,3.9488
115.3440,0.9021,3.8774
115.3442,0.8831,3.7973
115.3444,0.8614,3.7039
115.3446,0.8767,3.7594
115.3448,1.0254,4.401
115.3450,1.041,4.468
115.3452,1.0609,4.5491
115.3454,1.0884,4.6734
115.3456,1.0256,4.4021
115.3458,1.0469,4.4911
115.3460,1.0147,4.3552
115.3462,1.0301,4.4129
115.3464,1.1057,4.7436
115.3466,1.041,4.4763
115.3468,0.9191,3.9538
115.3470,0.8563,3.6823
115.3472,0.8512,3.6601
115.3474,0.8313,3.5779
115.3476,0.812,3.4915
115.3478,0.887,3.8107
115.3480,0.9283,3.9879
115.3482,0.9914,4.2529
115.3484,1.0593,4.5467
115.3486,1.0759,4.6134
115.3488,1.058,4.5389
115.3490,1.0303,4.4263
115.3492,1.0021,4.2992
115.3494,0.9954,4.2804
115.3496,0.8836,3.8029
115.3498,0.8361,3.6035
115.3500,0.8296,3.5706
115.3502,0.8836,3.7976
115.3504,0.9242,3.9704
115.3506,0.9469,4.0678
115.3508,0.95,4.0869
115.3510,0.8689,3.7382
115.3512,0.8647,3.7236
115.3514,0.7364,3.1755
115.3516,0.7956,3.4225
115.3518,0.8867,3.8145
115.3520,0.8801,3.7844
115.3522,0.8717,3.7518
115.3524,0.8357,3.5986
115.3526,0.825,3.5494
115.3528,0.8339,3.5909
115.3530,0.843,3.6301
115.3532,0.8652,3.7204
115.3534,0.8885,3.8293
115.3536,0.7288,3.1439
115.3538,0.68,2.932
115.3540,0.6772,2.9201
115.3542,0.6892,2.9705
115.3544,0.7448,3.2102
115.3546,0.7722,3.325
115.3548,0.7842,3.3782
115.3550,0.7736,3.3312
115.3552,0.7851,3.3807
115.3554,0.7842,3.375
115.3556,0.7951,3.4236
115.3558,0.8085,3.4798
115.3560,0.8904,3.8323
115.3562,0.8789,3.7792
115.3564,0.9205,3.9581
115.3566,0.9093,3.9102
115.3568,0.9005,3.8702
115.3570,0.8673,3.7327
115.3572,0.7513,3.2366
115.3574,0.7523,3.2408
115.3576,0.7613,3.2795
115.3578,0.7659,3.2981
115.3580,0.747,3.218
115.3582,0.7402,3.1886
115.3584,0.7677,3.3059
115.3586,0.7596,3.2753
115.3588,0.6982,3.0092
115.3590,0.7147,3.0791
115.3592,0.7647,3.2976
115.3594,0.7068,3.0492
115.3596,0.6797,2.9337
115.3598,0.631,2.7236
115.3600,0.6211,2.6769
115.3602,0.6971,3.0046
115.3604,0.7121,3.0692
115.3606,0.7284,3.138
115.3608,0.7548,3.2486
115.3610,0.8209,3.5379
115.3612,0.7963,3.4351
115.3614,0.6628,2.8594
115.3616,0.5837,2.5215
115.3618,0.5778,2.4961
115.3620,0.5794,2.5017
115.3622,0.5922,2.5571
115.3624,0.6301,2.7207
115.3626,0.5489,2.3713
115.3628,0.5301,2.2889
115.3630,0.5926,2.561
115.3632,0.5713,2.4636
115.3634,0.6782,2.9202
115.3636,0.7266,3.1273
115.3638,0.7342,3.1598
115.3640,0.7074,3.0504
115.3642,0.6911,2.9815
115.3644,0.6928,2.9846
115.3646,0.7786,3.3497
115.3648,0.8057,3.4663
115.3650,0.8206,3.5286
115.3652,0.852,3.6637
115.3654,0.8446,3.6351
115.3656,0.8625,3.7086
115.3658,0.8632,3.7099
115.3660,0.8151,3.5163
115.3662,0.7165,3.0854
115.3664,0.7512,3.2286
115.3666,0.8352,3.5932
115.3668,0.7992,3.4379
115.3670,0.8149,3.5104
115.3672,0.7099,3.0627
115.3674,0.6577,2.8319
115.3676,0.7665,3.3022
115.3678,0.7211,3.105
115.3680,0.7339,3.1617
115.3682,0.7398,3.1856
115.3684,0.7417,3.1953
115.3686,0.7526,3.2408
115.3688,0.7514,3.2327
115.3690,0.7731,3.3229
115.3692,0.8905,3.8292
115.3694,0.8777,3.7793
115.3696,0.7521,3.2388
115.3698,0.7577,3.2595
115.3700,0.7753,3.3368
115.3702,0.7737,3.3348
115.3704,0.7114,3.0646
115.3706,0.7476,3.2191
115.3708,0.7905,3.3961
115.3710,0.8665,3.7296
115.3712,0.7938,3.4163
115.3714,0.8343,3.5841
115.3716,0.9036,3.8836
115.3718,0.881,3.7885
115.3720,0.7831,3.3688
115.3722,0.7918,3.4065
115.3724,0.8334,3.5855
115.3726,0.8615,3.7045
115.3728,0.846,3.6396
115.3730,0.8087,3.4808
115.3732,0.8387,3.6048
115.3734,0.9108,3.9127
115.3736,0.9014,3.8797
115.3738,0.8239,3.5459
115.3740,0.8386,3.6026
115.3742,0.9398,4.0336
115.3744,0.9527,4.0949
115.3746,0.9043,3.8903
115.3748,0.7926,3.4112
115.3750,0.8044,3.4574
115.3752,0.8102,3.4838
115.3754,0.874,3.7598
115.3756,0.8319,3.5788
115.3758,0.87,3.7376
115.3760,0.9536,4.0928
115.3762,0.999,4.2818
115.3764,1.0405,4.4638
115.3766,0.992,4.2634
115.3768,0.9717,4.1783
115.3770,0.967,4.1485
115.3772,1.0175,4.3671
115.3774,0.9774,4.1952
115.3776,0.9682,4.1594
115.3778,0.9288,3.99
115.3780,0.9375,4.0313
115.3782,0.9628,4.1305
115.3784,0.9976,4.2837
115.3786,0.9509,4.0872
115.3788,0.9578,4.1127
115.3790,0.9343,4.0137
115.3792,0.9452,4.0643
115.3794,0.9197,3.949
115.3796,0.9591,4.1241
115.3798,0.9185,3.9512
115.3800,0.9457,4.0626
115.3802,0.9721,4.172
115.3804,0.979,4.2038
115.3806,0.9434,4.0585
115.3808,0.8894,3.8192
115.3810,0.9703,4.1643
115.3812,0.9655,4.1573
115.3814,0.8284,3.5638
115.3816,0.8933,3.8393
115.3818,0.9953,4.2779
115.3820,1.0578,4.5294
115.3822,1.1646,4.9915
115.3824,1.1096,4.7534
115.3826,1.1421,4.8995
115.3828,1.0788,4.6279
115.3830,1.056,4.5323
115.3832,1.1222,4.8141
115.3834,1.1101,4.7599
115.3836,1.0903,4.6773
115.3838,1.0752,4.6146
115.3840,1.0505,4.5002
115.3842,1.1475,4.9158
115.3844,1.1942,5.1232
115.3846,1.0929,4.6908
115.3848,1.0778,4.6173
115.3850,1.183,5.0678
115.3852,1.1321,4.8568
115.3854,1.1009,4.7187
115.3856,1.1942,5.1185
115.3858,1.15,4.9311
115.3860,1.139,4.893
115.3862,1.0459,4.4911
115.3864,1.0891,4.67
115.3866,1.0981,4.7107
115.3868,1.1267,4.8382
115.3870,1.0376,4.4535
115.3872,1.1199,4.7999
115.3874,1.1518,4.9412
115.3876,1.1555,4.9571
115.3878,1.152,4.933
115.3880,1.1822,5.0624
115.3882,1.1828,5.0767
115.3884,1.1144,4.7851
115.3886,1.0349,4.4458
115.3888,0.9857,4.2465
115.3890,0.9495,4.0829
115.3892,0.9794,4.2132
115.3894,0.9146,3.9365
115.3896,0.9495,4.081
115.3898,1.0141,4.3588
115.3900,1.0054,4.3232
115.3902,1.0014,4.3041
115.3904,1.006,4.3237
115.3906,1.0125,4.3495
115.3908,1.0211,4.3866
115.3910,1.0216,4.3907
115.3912,1.032,4.4314
115.3914,1.024,4.3969
115.3916,1.0187,4.3824
115.3918,0.9248,3.9822
115.3920,0.9319,4.0146
115.3922,0.8849,3.8085
115.3924,0.8977,3.8673
115.3926,0.8409,3.6259
115.3928,0.8447,3.634
115.3930,0.8794,3.7848
115.3932,0.8387,3.6166
115.3934,0.8079,3.4821
115.3936,0.8506,3.666
115.3938,0.8608,3.7065
115.3940,0.9007,3.8767
115.3942,0.933,4.0136
115.3944,0.9258,3.9882
115.3946,0.9256,3.9895
115.3948,0.8003,3.4575
115.3950,0.7054,3.0445
115.3952,0.7086,3.0627
115.3954,0.6789,2.9301
115.3956,0.742,3.1978
115.3958,0.7499,3.2334
115.3960,0.7511,3.2371
115.3962,0.7537,3.2485
115.3964,0.7568,3.2649
115.3966,0.7567,3.2629
115.3968,0.7686,3.3141
115.3970,0.77,3.3203
115.3972,0.7681,3.3136
115.3974,0.7645,3.2935
115.3976,0.77,3.3203
115.3978,0.7728,3.3291
115.3980,0.8361,3.5985
115.3982,0.9048,3.8942
115.3984,0.9014,3.8834
115.3986,0.8869,3.8155
115.3988,0.9145,3.9342
115.3990,0.8482,3.6574
115.3992,0.7814,3.3647
115.3994,0.8155,3.5114
115.3996,0.8308,3.5774
115.3998,0.8484,3.6584
115.4000,0.8249,3.5538
115.4002,0.8186,3.5264
115.4004,0.8556,3.6877
115.4006,0.8237,3.547
115.4008,0.8127,3.4979
115.4010,0.7972,3.4329
115.4012,0.8296,3.5706
115.4014,0.8271,3.5647
115.4016,0.7716,3.3255
115.4018,0.7629,3.2898
115.4020,0.7476,3.2236
115.4022,0.7584,3.2671
115.4024,0.7828,3.3725
115.4026,0.7556,3.2643
115.4028,0.636,2.7486
115.4030,0.6235,2.691
115.4032,0.6275,2.7081
115.4034,0.6423,2.7722
115.4036,0.6946,2.9965
115.4038,0.6763,2.9173
115.4040,0.6309,2.7218
115.4042,0.6376,2.7533
115.4044,0.648,2.7953
115.4046,0.7101,3.0618
115.4048,0.7436,3.2051
115.4050,0.776,3.3415
115.4052,0.8294,3.5713
115.4054,0.74,3.1925
115.4056,0.6641,2.8651
115.4058,0.6623,2.86
115.4060,0.6652,2.8724
115.4062,0.6628,2.8634
115.4064,0.6561,2.8304
115.4066,0.6768,2.9159
115.4068,0.7927,3.4101
115.4070,0.8578,3.6902
115.4072,0.8291,3.5652
115.4074,0.829,3.5697
115.4076,0.8123,3.4996
115.4078,0.8032,3.4587
115.4080,0.8246,3.5489
115.4082,0.849,3.6576
115.4084,0.8472,3.6414
115.4086,0.845,3.635
115.4088,0.8438,3.6315
115.4090,0.8622,3.711
115.4092,0.8592,3.6981
115.4094,0.9126,3.9204
115.4096,0.9867,4.2368
115.4098,1.035,4.4443
115.4100,0.9996,4.2944
115.4102,0.9541,4.1006
115.4104,0.9469,4.0678
115.4106,0.9415,4.0502
115.4108,0.9602,4.1192
115.4110,1.0073,4.3294
115.4112,0.9127,3.9228
115.4114,0.9023,3.8725
115.4116,1.0825,4.6352
115.4118,1.1958,5.1204
115.4120,1.1969,5.1322
115.4122,1.0766,4.6251
115.4124,1.0746,4.6099
115.4126,1.1483,4.9171
115.4128,1.1717,5.0289
115.4130,1.0032,4.3119
115.4132,0.9651,4.1422
115.4134,1.082,4.6418
115.4136,1.1089,4.7592
115.4138,1.0785,4.6247
115.4140,1.1065,4.7445
115.4142,1.1374,4.8794
115.4144,1.1314,4.8582
115.4146,1.0408,4.469
115.4148,0.9783,4.2066
115.4150,0.9958,4.2779
115.4152,1.0786,4.6317
115.4154,1.1169,4.7892
115.4156,1.1783,5.0525
115.4158,1.1659,5.0019
115.4160,1.1339,4.8622
115.4162,1.1308,4.8466
115.4164,1.1464,4.9203
115.4166,1.1423,4.9005
115.4168,1.1284,4.8409
115.4170,1.1773,5.0437
115.4172,1.2053,5.1682
115.4174,1.1949,5.1287
115.4176,1.1656,4.998
115.4178,1.1198,4.8061
115.4180,1.0888,4.6798
115.4182,1.035,4.4526
115.4184,1.005,4.3176
115.4186,1.0042,4.318
115.4188,0.9869,4.2438
115.4190,1.0006,4.2965
115.4192,0.9852,4.2385
115.4194,0.9199,3.9629
115.4196,0.914,3.9339
115.4198,0.9191,3.9556
115.4200,0.9081,3.9068
115.4202,0.9795,4.2098
115.4204,1.0499,4.5081
115.4206,1.0663,4.5787
115.4208,1.0729,4.6048
115.4210,1.096,4.7085
115.4212,1.0291,4.4252
115.4214,1.0268,4.4134
115.4216,0.9947,4.2793
115.4218,0.9071,3.9058
115.4220,0.8983,3.8681
115.4222,0.9057,3.8947
115.4224,0.9494,4.0843
115.4226,0.9137,3.9342
115.4228,0.8791,3.7855
115.4230,0.8984,3.8668
115.4232,0.8982,3.8676
115.4234,0.8512,3.6686
115.4236,0.7844,3.3823
115.4238,0.7313,3.1533
115.4240,0.7326,3.1561
115.4242,0.8073,3.4763
115.4244,0.914,3.9339
115.4246,0.9309,4.0011
115.4248,0.9493,4.0913
115.4250,0.8681,3.7345
115.4252,0.9048,3.8906
115.4254,0.9267,3.9886
115.4256,0.8946,3.8503
115.4258,0.9488,4.0817
115.4260,1.021,4.3902
115.4262,1.0352,4.4474
115.4264,1.0579,4.5447
115.4266,1.0595,4.5514
115.4268,1.0591,4.5457
115.4270,1.0881,4.6658
115.4272,1.1219,4.8198
115.4274,1.0454,4.4995
115.4276,0.9872,4.2468
115.4278,0.9991,4.2943
115.4280,0.9866,4.2442
115.4282,0.9737,4.189
115.4284,0.9922,4.2605
115.4286,1.0916,4.6764
115.4288,1.177,5.0468
115.4290,1.1932,5.121
115.4292,1.1929,5.1176
115.4294,1.1758,5.0417
115.4296,1.1976,5.1305
115.4298,1.1898,5.1066
115.4300,1.1168,4.7954
115.4302,1.1057,4.7525
115.4304,1.1066,4.7583
115.4306,1.1026,4.7347
115.4308,1.1466,4.9099
115.4310,1.2262,5.263
115.4312,1.2155,5.2167
115.4314,1.0898,4.6839
115.4316,0.9962,4.2914
115.4318,0.8452,3.6428
115.4320,0.8764,3.7719
115.4322,0.9729,4.1854
115.4324,0.9387,4.0459
115.4326,0.9024,3.8893
115.4328,0.8727,3.7594
115.4330,0.928,3.9925
115.4332,0.9828,4.2282
115.4334,1.0358,4.4541
115.4336,1.0735,4.6139
115.4338,1.0278,4.4196
115.4340,1.0351,4.451
115.4342,1.0583,4.5442
115.4344,1.079,4.644
115.4346,0.9796,4.2143
115.4348,0.9892,4.2555
115.4350,1.0193,4.385
115.4352,1.0308,4.4304
115.4354,1.0567,4.5375
115.4356,1.0695,4.599
115.4358,1.0291,4.4232
115.4360,1.0156,4.367
115.4362,1.021,4.3943
115.4364,0.9638,4.1481
115.4366,0.9953,4.2798
115.4368,0.9977,4.2902
115.4370,1.0153,4.3741
115.4372,0.9174,3.9447
115.4374,0.9459,4.0655
115.4376,1.0005,4.3
115.4378,1.0346,4.451
115.4380,1.0397,4.4685
115.4382,1.0435,4.4871
115.4384,1.0399,4.4675
115.4386,0.9587,4.1303
115.4388,0.8924,3.85
115.4390,0.7963,3.4288
115.4392,0.8803,3.7977
115.4394,0.8541,3.681
115.4396,0.8944,3.8511
115.4398,0.9693,4.1699
115.4400,0.9579,4.1209
115.4402,1.0019,4.3042
115.4404,1.0017,4.3092
115.4406,0.9656,4.152
115.4408,1.0442,4.486
115.4410,1.0314,4.4371
115.4412,1.0186,4.3738
115.4414,1.1288,4.8447
115.4416,1.1713,5.0273
115.4418,1.1908,5.1083
115.4420,1.2085,5.182
115.4422,1.211,5.1977
115.4424,1.2214,5.24
115.4426,1.2279,5.2653
115.4428,1.189,5.0982
115.4430,1.183,5.0725
115.4432,1.1939,5.1265
115.4434,1.1765,5.0495
115.4436,1.2013,5.1584
115.4438,1.1814,5.0682
115.4440,1.1632,4.997
115.4442,1.1605,4.981
115.4444,1.1379,4.8883
115.4446,1.0892,4.6814
115.4448,1.0731,4.6102
115.4450,1.065,4.5773
115.4452,1.0643,4.5784
115.4454,0.9876,4.2607
115.4456,0.8803,3.7889
115.4458,0.8917,3.8344
115.4460,1.0054,4.3211
115.4462,1.0565,4.5428
115.4464,0.9616,4.1503
115.4466,0.8492,3.6615
115.4468,0.8481,3.6501
115.4470,1.015,4.3644
115.4472,1.1113,4.7762
115.4474,1.1075,4.7691
115.4476,0.9658,4.1588
115.4478,0.9149,3.9467
115.4480,0.889,3.8296
115.4482,0.9707,4.1722
115.4484,1.0633,4.5701
115.4486,1.1182,4.8105
115.4488,1.0839,4.6522
115.4490,1.1488,4.926
115.4492,1.2454,5.3429
115.4494,1.2663,5.4349
115.4496,1.1989,5.1505
115.4498,1.1782,5.0614
115.4500,1.1619,4.9867
115.4502,1.1764,5.0466
115.4504,1.1932,5.1258
115.4506,1.1892,5.0969
115.4508,1.2819,5.4864
115.4510,1.3434,5.7658
115.4512,1.293,5.5419
115.4514,1.3485,5.7745
115.4516,1.3208,5.6585
115.4518,1.3232,5.6741
115.4520,1.2892,5.5358
115.4522,1.206,5.164
115.4524,1.3548,5.8039
115.4526,1.4066,6.0286
115.4528,1.3549,5.8017
115.4530,1.3637,5.8446
115.4532,1.324,5.6745
115.4534,1.3326,5.7195
115.4536,1.2171,5.2215
115.4538,1.2694,5.4382
115.4540,1.3754,5.895
115.4542,1.385,5.9416
115.4544,1.3855,5.9298
115.4546,1.4152,6.0571
115.4548,1.3596,5.8271
115.4550,1.2621,5.4169
115.4552,1.223,5.2516
115.4554,1.2651,5.4298
115.4556,1.1795,5.0671
115.4558,1.1472,4.9331
115.4560,1.1138,4.7892
115.4562,1.1078,4.7657
115.4564,1.143,4.9173
115.4566,1.1027,4.7418
115.4568,1.153,4.9532
115.4570,1.1834,5.0817
115.4572,1.1996,5.1488
115.4574,1.2192,5.2376
115.4576,1.2211,5.2482
115.4578,1.2294,5.2789
115.4580,1.2252,5.2609
115.4582,1.2101,5.2057
115.4584,1.1467,4.931
115.4586,1.1601,4.9859
115.4588,1.1252,4.8405
115.4590,1.1107,4.7736
115.4592,1.1067,4.7677
115.4594,1.0276,4.4226
115.4596,1.0298,4.4407
115.4598,0.9804,4.2179
115.4600,1.0973,4.7186
115.4602,1.0072,4.3349
115.4604,1.1116,4.7755
115.4606,1.1977,5.1454
115.4608,1.1965,5.1522
115.4610,1.0355,4.4567
115.4612,1.0366,4.4593
115.4614,1.0804,4.6545
115.4616,1.0915,4.6955
115.4618,1.1095,4.7818
115.4620,0.9586,4.1317
115.4622,0.9062,3.9095
115.4624,0.8638,3.7298
115.4626,0.8766,3.7782
115.4628,0.9882,4.2573
115.4630,0.9487,4.0907
115.4632,0.8719,3.7685
115.4634,0.7633,3.3005
115.4636,0.7671,3.3033
115.4638,0.9244,3.9918
115.4640,0.8222,3.56
115.4642,0.6898,2.9841
115.4644,0.6814,2.941
115.4646,0.8506,3.6677
115.4648,0.9271,3.9957
115.4650,0.9617,4.1432
115.4652,0.9483,4.0891
115.4654,0.934,4.0276
115.4656,1.0087,4.3457
115.4658,1.0688,4.6002
115.4660,1.0595,4.562
115.4662,1.0073,4.3395
115.4664,0.9695,4.1767
115.4666,0.9777,4.2158
115.4668,0.9337,4.026
115.4670,0.9784,4.2091
115.4672,1.0874,4.6823
115.4674,1.0307,4.4402
115.4676,0.9432,4.0707
115.4678,0.8266,3.5726
115.4680,0.7933,3.4238
115.4682,0.7963,3.4367
115.4684,0.7964,3.442
115.4686,0.7915,3.4176
115.4688,0.7922,3.4207
115.4690,0.7873,3.3995
115.4692,0.8177,3.5293
115.4694,0.8113,3.5014
115.4696,0.7679,3.3187
115.4698,0.7713,3.3306
115.4700,0.7777,3.3549
115.4702,0.801,3.4537
115.4704,0.9332,4.0221
115.4706,0.9679,4.1715
115.4708,0.9162,3.9469
115.4710,0.8997,3.8797
115.4712,0.8982,3.873
115.4714,0.8924,3.8464
115.4716,0.8952,3.8583
115.4718,0.8934,3.8523
115.4720,0.8904,3.8394
115.4722,0.9189,3.9569
115.4724,1.0098,4.3362
115.4726,1.1262,4.8361
115.4728,1.1513,4.9483
115.4730,1.0259,4.4216
115.4732,0.8984,3.8758
115.4734,0.8839,3.8132
115.4736,0.8959,3.8542
115.4738,0.9759,4.208
115.4740,0.9072,3.9136
115.4742,0.8882,3.8283
115.4744,0.8758,3.7763
115.4746,0.8985,3.8692
115.4748,0.9941,4.2787
115.4750,1.1159,4.7963
115.4752,1.13,4.8521
115.4754,1.1096,4.7623
115.4756,1.1584,4.9718
115.4758,1.1031,4.7411
115.4760,1.1015,4.73
115.4762,1.144,4.9214
115.4764,1.0646,4.5778
115.4766,1.0951,4.7
115.4768,1.1957,5.127
115.4770,1.2807,5.489
115.4772,1.3244,5.6792
115.4774,1.3213,5.6632
115.4776,1.3009,5.5837
115.4778,1.2797,5.4951
115.4780,1.2035,5.1725
115.4782,1.135,4.8782
115.4784,1.0724,4.6156
115.4786,1.0274,4.418
115.4788,1.0703,4.6042
115.4790,1.0939,4.708
115.4792,1.1093,4.7635
115.4794,1.1177,4.8085
115.4796,1.0626,4.5712
115.4798,1.0351,4.4614
115.4800,0.9736,4.1963
115.4802,0.9456,4.0715
115.4804,0.9874,4.2498
115.4806,1.0047,4.3221
115.4808,1.0542,4.533
115.4810,1.0565,4.5512
115.4812,0.967,4.1659
115.4814,0.9273,3.9894
115.4816,1.0301,4.4294
115.4818,1.0246,4.4138
115.4820,0.9664,4.1691
115.4822,0.9248,3.9915
115.4824,0.8753,3.776
115.4826,0.8676,3.7429
115.4828,0.8737,3.771
115.4830,0.8363,3.6079
115.4832,0.8619,3.7181
115.4834,0.8813,3.8019
115.4836,0.8227,3.5506
115.4838,0.814,3.51
115.4840,0.9255,3.989
115.4842,0.9507,4.0937
115.4844,0.9806,4.2184
115.4846,0.9957,4.2834
115.4848,0.9447,4.0717
115.4850,0.902,3.8859
115.4852,0.9589,4.1289
115.4854,0.9719,4.189
115.4856,0.9561,4.117
115.4858,0.9978,4.2947
115.4860,1.0086,4.3431
115.4862,0.924,3.9879
115.4864,0.7512,3.2466
115.4866,0.797,3.4414
115.4868,0.8008,3.4548
115.4870,0.868,3.7392
115.4872,0.9364,4.0323
115.4874,0.9436,4.0633
115.4876,0.9484,4.0877
115.4878,0.8742,3.7713
115.4880,0.7766,3.3534
115.4882,0.7677,3.3136
115.4884,0.9005,3.8738
115.4886,0.9912,4.2702
115.4888,0.9621,4.1409
115.4890,0.9912,4.2663
115.4892,0.993,4.278
115.4894,0.9326,4.0232
115.4896,0.8828,3.8033
115.4898,0.8599,3.7081
115.4900,0.8457,3.6432
115.4902,0.9488,4.0817
115.4904,0.9229,3.985
115.4906,0.7598,3.2809
115.4908,0.7374,3.1856
115.4910,0.7344,3.1712
115.4912,0.7472,3.2251
115.4914,0.8126,3.5071
115.4916,0.8011,3.4558
115.4918,0.7959,3.432
115.4920,0.7893,3.4051
115.4922,0.7545,3.2581
115.4924,0.7785,3.3632
115.4926,0.7302,3.1516
115.4928,0.72,3.109
115.4930,0.7186,3.1057
115.4932,0.6411,2.7722
115.4934,0.6217,2.6857
115.4936,0.7388,3.1888
115.4938,0.7272,3.1401
115.4940,0.677,2.9245
115.4942,0.644,2.7885
115.4944,0.5694,2.4656
115.4946,0.5592,2.4181
115.4948,0.5616,2.4296
115.4950,0.5574,2.4125
115.4952,0.5541,2.3969
115.4954,0.5589,2.4154
115.4956,0.562,2.43
115.4958,0.5617,2.4301
115.4960,0.5605,2.426
115.4962,0.5603,2.425
115.4964,0.5602,2.4234
115.4966,0.5542,2.3963
115.4968,0.5615,2.4268
115.4970,0.6164,2.6629
115.4972,0.653,2.8183
115.4974,0.6616,2.8582
115.4976,0.7289,3.1444
115.4978,0.748,3.2297
115.4980,0.7117,3.069
115.4982,0.7086,3.057
115.4984,0.7077,3.0543
115.4986,0.739,3.1849
115.4988,0.8055,3.4701
115.4990,0.8978,3.8607
115.4992,0.9465,4.0738
115.4994,0.9348,4.0251
115.4996,0.9001,3.8741
115.4998,0.8155,3.5179
115.5000,0.7192,3.0996
115.5002,0.7109,3.0697
115.5004,0.7499,3.2319
115.5006,0.7729,3.3358
115.5008,0.6856,2.9618
115.5010,0.6758,2.918
115.5012,0.6773,2.9261
115.5014,0.6822,2.9432
115.5016,0.684,2.9523
115.5018,0.6676,2.8828
115.5020,0.656,2.8326
115.5022,0.7055,3.0407
115.5024,0.7333,3.165
115.5026,0.7069,3.0498
115.5028,0.7119,3.0667
115.5030,0.7495,3.2304
115.5032,0.7261,3.1282
115.5034,0.82,3.5244
115.5036,0.9922,4.2605
115.5038,1.0327,4.4469
115.5040,0.8572,3.6893
115.5042,0.8257,3.5569
115.5044,0.8167,3.5182
115.5046,0.8344,3.5829
115.5048,0.9573,4.1126
115.5050,0.9238,3.9726
115.5052,0.8581,3.69
115.5054,0.8451,3.644
115.5056,0.7752,3.3425
115.5058,0.7945,3.4194
115.5060,0.7953,3.4246
115.5062,0.7862,3.3917
115.5064,0.695,2.998
115.5066,0.7145,3.0781
115.5068,0.7199,3.1085
115.5070,0.7089,3.0552
115.5072,0.7665,3.3038
115.5074,0.7929,3.4175
115.5076,0.8271,3.5598
115.5078,0.8366,3.5922
115.5080,0.967,4.1524
115.5082,0.9915,4.2554
115.5084,0.9915,4.2594
115.5086,1.0114,4.3368
115.5088,1.1238,4.8258
115.5090,1.0438,4.4777
115.5092,1.1071,4.7449
115.5094,1.1481,4.9229
115.5096,1.1055,4.7404
115.5098,1.1119,4.7765
115.5100,1.0044,4.315
115.5102,1.0138,4.3491
115.5104,1.1051,4.7543
115.5106,0.9783,4.2047
115.5108,0.9398,4.0392
115.5110,0.9029,3.8859
115.5112,0.8917,3.8379
115.5114,0.9463,4.0728
115.5116,0.9561,4.1132
115.5118,0.9077,3.9048
115.5120,0.9809,4.2199
115.5122,0.9038,3.8919
115.5124,0.8579,3.6907
115.5126,0.881,3.7885
115.5128,0.9644,4.1468
115.5130,0.9294,4.0037
115.5132,0.8838,3.8039
115.5134,0.8749,3.7674
115.5136,0.8855,3.8093
115.5138,0.9689,4.1606
115.5140,0.9446,4.0636
115.5142,0.8417,3.6244
115.5144,0.8043,3.4633
115.5146,0.8257,3.5552
115.5148,0.8246,3.5555
115.5150,0.8141,3.5024
115.5152,0.9089,3.9136
115.5154,0.8623,3.7115
115.5156,0.8029,3.4571
115.5158,0.8075,3.4773
115.5160,0.841,3.623
115.5162,0.8312,3.5856
115.5164,0.7559,3.2578
115.5166,0.8402,3.6177
115.5168,0.8717,3.7535
115.5170,0.8915,3.8316
115.5172,0.9186,3.9499
115.5174,0.8675,3.7372
115.5176,0.7972,3.4377
115.5178,0.7844,3.3761
115.5180,0.8457,3.6499
115.5182,0.7122,3.074
115.5184,0.72,3.1018
115.5186,0.7345,3.1643
115.5188,0.7755,3.3456
115.5190,0.7886,3.3973
115.5192,0.7986,3.4466
115.5194,0.6675,2.8836
115.5196,0.677,2.9191
115.5198,0.7683,3.3069
115.5200,0.7766,3.3518
115.5202,0.723,3.1104
115.5204,0.7934,3.4227
115.5206,0.6532,2.8206
115.5208,0.6635,2.8612
115.5210,0.7736,3.3374
115.5212,0.7247,3.1234
115.5214,0.7415,3.1958
115.5216,0.7397,3.1865
115.5218,0.7554,3.2557
115.5220,0.7627,3.2872
115.5222,0.7478,3.2276
115.5224,0.6795,2.934
115.5226,0.6519,2.8123
115.5228,0.6875,2.9715
115.5230,0.6302,2.7162
115.5232,0.7643,3.2894
115.5234,0.7616,3.2841
115.5236,0.6918,2.9818
115.5238,0.7514,3.2402
115.5240,0.8344,3.5863
115.5242,0.8457,3.6432
115.5244,0.7665,3.3038
115.5246,0.7664,3.3033
115.5248,0.7442,3.2077
115.5250,0.7321,3.1525
115.5252,0.7968,3.4292
115.5254,0.8069,3.4763
115.5256,0.7638,3.2919
115.5258,0.7527,3.2474
115.5260,0.6775,2.9266
115.5262,0.6324,2.7306
115.5264,0.7045,3.0352
115.5266,0.7614,3.28
115.5268,0.7774,3.3477
115.5270,0.7667,3.2966
115.5272,0.7795,3.3643
115.5274,0.653,2.8209
115.5276,0.6028,2.6039
115.5278,0.5517,2.3843
115.5280,0.5534,2.3916
115.5282,0.5585,2.4116
115.5284,0.5578,2.4085
115.5286,0.5668,2.4485
115.5288,0.5584,2.4122
115.5290,0.5528,2.389
115.5292,0.5532,2.3922
115.5294,0.5504,2.3764
115.5296,0.5526,2.3818
115.5298,0.6981,3.0073
115.5300,0.6819,2.943
115.5302,0.5868,2.5338
115.5304,0.594,2.5637
115.5306,0.584,2.5242
115.5308,0.535,2.3123
115.5310,0.5296,2.289
115.5312,0.5326,2.2998
115.5314,0.5314,2.2936
115.5316,0.5318,2.2972
115.5318,0.5313,2.2941
115.5320,0.5542,2.3897
115.5322,0.6364,2.7418
115.5324,0.6879,2.9648
115.5326,0.6692,2.8842
115.5328,0.688,2.968
115.5330,0.6279,2.7039
115.5332,0.7097,3.0546
115.5334,0.6914,2.977
115.5336,0.6105,2.6363
115.5338,0.5549,2.3961
115.5340,0.5574,2.4036
115.5342,0.5683,2.4529
115.5344,0.573,2.4743
115.5346,0.5568,2.4022
115.5348,0.5571,2.4054
115.5350,0.5495,2.3695
115.5352,0.6135,2.6456
115.5354,0.6235,2.6922
115.5356,0.498,2.1551
115.5358,0.4097,1.774
115.5360,0.4031,1.7431
115.5362,0.4453,1.922
115.5364,0.6,2.5848
115.5366,0.6421,2.7686
115.5368,0.5869,2.532
115.5370,0.5364,2.3142
115.5372,0.5302,2.2894
115.5374,0.5463,2.3566
115.5376,0.6023,2.5958
115.5378,0.6079,2.6189
115.5380,0.6933,2.9811
115.5382,0.7362,3.1671
115.5384,0.7388,3.1785
115.5386,0.7851,3.3776
115.5388,0.7169,3.0884
115.5390,0.6767,2.9154
115.5392,0.6844,2.9484
115.5394,0.7459,3.2119
115.5396,0.7544,3.244
115.5398,0.7712,3.3224
115.5400,0.6421,2.7686
115.5402,0.5794,2.4994
115.5404,0.5563,2.4034
115.5406,0.5458,2.3546
115.5408,0.6161,2.6552
115.5410,0.643,2.7702
115.5412,0.6308,2.7188
115.5414,0.6981,3.0045
115.5416,0.77,3.3095
115.5418,0.7953,3.4214
115.5420,0.7354,3.1635
115.5422,0.8253,3.5487
115.5424,0.7995,3.4347
115.5426,0.8723,3.7369
115.5428,1.0312,4.4175
115.5430,0.9882,4.2356
115.5432,1.0027,4.2998
115.5434,1.0291,4.4149
115.5436,1.0339,4.4335
115.5438,1.0598,4.5424
115.5440,1.0511,4.5112
115.5442,0.9609,4.1242
115.5444,0.9905,4.2493
115.5446,1.0087,4.3255
115.5448,1.0267,4.3964
115.5450,1.0987,4.7045
115.5452,1.1008,4.7181
115.5454,1.1125,4.7658
115.5456,1.0801,4.6292
115.5458,1.0737,4.5934
115.5460,1.1493,4.9097
115.5462,1.1418,4.8985
115.5464,0.9946,4.2688
115.5466,1.0302,4.4113
115.5468,1.1626,4.9758
115.5470,1.1361,4.8806
115.5472,0.9424,4.043
115.5474,1.0411,4.4601
115.5476,1.0297,4.4175
115.5478,0.9892,4.2476
115.5480,1.1435,4.9034
115.5482,1.1249,4.8237
115.5484,0.9977,4.2902
115.5486,0.9613,4.118
115.5488,1.0664,4.5749
115.5490,1.0099,4.3407
115.5492,0.8718,3.7505
115.5494,0.8361,3.6002
115.5496,0.8151,3.5082
115.5498,0.8101,3.4849
115.5500,0.8703,3.7369
115.5502,0.9121,3.9257
115.5504,0.839,3.6075
115.5506,0.8362,3.5973
115.5508,0.8324,3.5825
115.5510,0.8247,3.5511
115.5512,0.8181,3.5227
115.5514,0.7674,3.3043
115.5516,0.7282,3.1413
115.5518,0.6748,2.9111
115.5520,0.6535,2.8178
115.5522,0.706,3.04
115.5524,0.7544,3.2486
115.5526,0.7772,3.3482
115.5528,0.7354,3.1679
115.5530,0.7396,3.186
115.5532,0.7282,3.1384
115.5534,0.7346,3.1648
115.5536,0.7321,3.1525
115.5538,0.7508,3.2331
115.5540,0.83,3.5722
115.5542,0.8019,3.4514
115.5544,0.8182,3.5232
115.5546,0.7459,3.2164
115.5548,0.6927,2.9854
115.5550,0.6917,2.9799
115.5552,0.6911,2.9773
115.5554,0.6977,3.0085
115.5556,0.6957,2.997
115.5558,0.7426,3.1945
115.5560,0.8132,3.4967
115.5562,0.8554,3.6816
115.5564,0.7965,3.4266
115.5566,0.8284,3.5605
115.5568,0.9116,3.9254
115.5570,0.758,3.2671
115.5572,0.7017,3.0256
115.5574,0.7432,3.2045
115.5576,0.7193,3.0973
115.5578,0.7608,3.2714
115.5580,0.8216,3.5361
115.5582,0.7956,3.4225
115.5584,0.7912,3.4118
115.5586,0.6055,2.617
115.5588,0.5915,2.5505
115.5590,0.6562,2.831
115.5592,0.6039,2.6091
115.5594,0.5263,2.2745
115.5596,0.5019,2.1673
115.5598,0.5243,2.262
115.5600,0.554,2.392
115.5602,0.4971,2.1465
115.5604,0.5067,2.19
115.5606,0.5047,2.1802
115.5608,0.5538,2.3892
115.5610,0.5465,2.362
115.5612,0.4755,2.0553
115.5614,0.482,2.0832
115.5616,0.4844,2.0917
115.5618,0.4727,2.0419
115.5620,0.4705,2.0335
115.5622,0.4693,2.0283
115.5624,0.4845,2.0941
115.5626,0.5235,2.2573
115.5628,0.5553,2.3977
115.5630,0.5432,2.3388
115.5632,0.6988,3.0076
115.5634,0.7171,3.0866
115.5636,0.7248,3.1196
115.5638,0.7222,3.1082
115.5640,0.7225,3.1098
115.5642,0.7451,3.2068
115.5644,0.7402,3.1856
115.5646,0.7149,3.0796
115.5648,0.7496,3.2219
115.5650,0.8303,3.5654
115.5652,0.8432,3.6273
115.5654,0.7786,3.3544
115.5656,0.6878,2.9615
115.5658,0.7103,3.0571
115.5660,0.7575,3.2635
115.5662,0.7339,3.1603
115.5664,0.7585,3.2631
115.5666,0.7628,3.2817
115.5668,0.7489,3.2188
115.5670,0.783,3.3667
115.5672,0.8029,3.4523
115.5674,0.815,3.5126
115.5676,0.6995,3.0149
115.5678,0.7018,3.0177
115.5680,0.7718,3.3188
115.5682,0.7856,3.3765
115.5684,0.7693,3.3126
115.5686,0.7113,3.0655
115.5688,0.6884,2.9668
115.5690,0.7659,3.292
115.5692,0.8663,3.7147
115.5694,0.9515,4.0821
115.5696,0.9819,4.2142
115.5698,0.93,4.0063
115.5700,0.7086,3.0499
115.5702,0.7131,3.0733
115.5704,0.6717,2.899
115.5706,0.6445,2.7777
115.5708,0.6469,2.788
115.5710,0.6715,2.8913
115.5712,0.7368,3.1756
115.5714,0.6819,2.9389
115.5716,0.6532,2.8154
115.5718,0.662,2.8518
115.5720,0.6463,2.7867
115.5722,0.6562,2.8297
115.5724,0.6453,2.7813
115.5726,0.6454,2.7831
115.5728,0.6551,2.8237
115.5730,0.6591,2.8381
115.5732,0.6613,2.8487
115.5734,0.665,2.8634
115.5736,0.6993,3.0097
115.5738,0.7397,3.1821
115.5740,0.7939,3.4168
115.5742,0.7761,3.342
115.5744,0.7288,3.1337
115.5746,0.831,3.5668
115.5748,0.8734,3.7503
115.5750,0.894,3.837
115.5752,0.92,3.9542
115.5754,0.8675,3.7268
115.5756,0.8632,3.7082
115.5758,0.9249,3.9661
115.5760,1.03,4.4103
115.5762,1.0457,4.4817
115.5764,1.0086,4.3229
115.5766,1.026,4.4016
115.5768,1.0338,4.4309
115.5770,1.1095,4.7551
115.5772,1.0614,4.5448
115.5774,1.1286,4.8261
115.5776,1.1526,4.9378
115.5778,1.1168,4.7843
115.5780,1.129,4.8412
115.5782,1.1115,4.7639
115.5784,1.0585,4.541
115.5786,1.0024,4.3042
115.5788,0.9527,4.0949
115.5790,0.933,4.0043
115.5792,0.9598,4.1234
115.5794,0.8902,3.8312
115.5796,0.8306,3.5748
115.5798,0.8295,3.5668
115.5800,0.818,3.5173
115.5802,0.8267,3.5549
115.5804,0.8983,3.8573
115.5806,0.9336,4.0106
115.5808,0.8833,3.793
115.5810,0.9228,3.9624
115.5812,0.9297,3.9941
115.5814,0.9366,4.0178
115.5816,0.9568,4.1124
115.5818,0.875,3.7627
115.5820,0.9041,3.8875
115.5822,0.9211,3.9607
115.5824,0.8712,3.7514
115.5826,0.7783,3.3482
115.5828,0.8368,3.5966
115.5830,0.8543,3.6804
115.5832,0.8092,3.4797
115.5834,0.8326,3.5819
115.5836,0.8108,3.4912
115.5838,0.7555,3.2547
115.5840,0.762,3.2826
115.5842,0.7639,3.2909
115.5844,0.7268,3.1327
115.5846,0.7291,3.1396
115.5848,0.7845,3.3782
115.5850,0.7537,3.244
115.5852,0.7629,3.2822
115.5854,0.7803,3.3601
115.5856,0.7297,3.1451
115.5858,0.7355,3.164
115.5860,0.7709,3.3178
115.5862,0.7882,3.391
115.5864,0.8435,3.6322
115.5866,0.7356,3.1675
115.5868,0.7557,3.2558
115.5870,0.7551,3.2502
115.5872,0.7776,3.3498
115.5874,0.7035,3.0362
115.5876,0.6352,2.743
115.5878,0.6062,2.6141
115.5880,0.668,2.8803
115.5882,0.6249,2.6972
115.5884,0.618,2.6647
115.5886,0.6399,2.7593
115.5888,0.6806,2.9346
115.5890,0.7039,3.0284
115.5892,0.7948,3.4241
115.5894,0.6523,2.8139
115.5896,0.5957,2.5733
115.5898,0.5759,2.4867
115.5900,0.5679,2.4497
115.5902,0.5589,2.4121
115.5904,0.5569,2.4027
115.5906,0.6108,2.6361
115.5908,0.5601,2.4172
115.5910,0.5551,2.3982
115.5912,0.5523,2.3836
115.5914,0.5563,2.4001
115.5916,0.5549,2.3939
115.5918,0.5563,2.4012
115.5920,0.5571,2.4054
115.5922,0.553,2.3856
115.5924,0.6079,2.6213
115.5926,0.6357,2.7451
115.5928,0.5689,2.4544
115.5930,0.5713,2.4659
115.5932,0.5557,2.3997
115.5934,0.5584,2.4111
115.5936,0.5556,2.397
115.5938,0.5581,2.4078
115.5940,0.5928,2.5585
115.5942,0.5599,2.4156
115.5944,0.5565,2.4017
115.5946,0.5559,2.4002
115.5948,0.5555,2.3976
115.5950,0.5435,2.3458
115.5952,0.5442,2.35
115.5954,0.5525,2.3824
115.5956,0.5929,2.5543
115.5958,0.6285,2.709
115.5960,0.5992,2.5871
115.5962,0.5665,2.4452
115.5964,0.561,2.4191
115.5966,0.5694,2.4553
115.5968,0.6277,2.7028
115.5970,0.6791,2.9203
115.5972,0.6537,2.8201
115.5974,0.5598,2.4151
115.5976,0.5577,2.4058
115.5978,0.5486,2.3687
115.5980,0.5739,2.471
115.5982,0.6861,2.9515
115.5984,0.736,3.1661
115.5986,0.7914,3.4028
115.5988,0.7333,3.1592
115.5990,0.6975,3.0019
115.5992,0.7589,3.2692
115.5994,0.6424,2.7702
115.5996,0.5712,2.4654
115.5998,0.5542,2.3908
115.6000,0.5393,2.3256
115.6002,0.5375,2.321
115.6004,0.5348,2.3038
115.6006,0.6393,2.7516
115.6008,0.6523,2.81
115.6010,0.5715,2.4653
115.6012,0.6116,2.6385
115.6014,0.6037,2.6008
115.6016,0.6185,2.6631
115.6018,0.6996,3.0126
115.6020,0.7018,3.0233
115.6022,0.6041,2.6047
115.6024,0.6277,2.6966
115.6026,0.7872,3.3832
115.6028,0.7736,3.3281
115.6030,0.7603,3.2678
115.6032,0.7803,3.3523
115.6034,0.8619,3.7026
115.6036,0.8318,3.5749
115.6038,0.7846,3.374
115.6040,0.8018,3.4397
115.6042,0.9435,4.0439
115.6044,1.0324,4.4288
115.6046,0.8947,3.8473
115.6048,0.7826,3.3668
115.6050,0.7646,3.2894
115.6052,0.7755,3.3332
115.6054,0.792,3.4054
115.6056,0.7952,3.4209
115.6058,0.7891,3.3915
115.6060,0.8539,3.6651
115.6062,0.8999,3.8622
115.6064,0.8743,3.7544
115.6066,0.8273,3.5559
115.6068,0.8579,3.6821
115.6070,0.9266,3.9733
115.6072,0.923,3.9653
115.6074,0.8737,3.7553
115.6076,0.8219,3.5392
115.6078,0.6571,2.8293
115.6080,0.6868,2.9574
115.6082,0.7434,3.2011
115.6084,0.7378,3.1724
115.6086,0.7277,3.132
115.6088,0.7188,3.0866
115.6090,0.8959,3.8453
115.6092,0.9822,4.2197
115.6094,0.9495,4.0715
115.6096,0.9858,4.2332
115.6098,0.9379,4.0235
115.6100,0.9762,4.1861
115.6102,1.018,4.363
115.6104,0.9768,4.1926
115.6106,0.9776,4.1957
115.6108,0.98,4.208
115.6110,0.9577,4.1084
115.6112,0.9734,4.1758
115.6114,0.9765,4.1891
115.6116,0.9592,4.1112
115.6118,1.0655,4.5665
115.6120,1.0515,4.5069
115.6122,1.0438,4.4714
115.6124,1.0621,4.5522
115.6126,1.0333,4.435
115.6128,0.9886,4.2312
115.6130,1.1506,4.913
115.6132,1.2668,5.4167
115.6134,1.2061,5.179
115.6136,1.0373,4.4478
115.6138,1.0427,4.4814
115.6140,0.8766,3.7694
115.6142,0.8303,3.5704
115.6144,0.8521,3.6608
115.6146,0.8834,3.8006
115.6148,0.8375,3.603
115.6150,0.8227,3.5374
115.6152,0.8474,3.6419
115.6154,0.8518,3.6627
115.6156,0.8382,3.6095
115.6158,0.7698,3.3131
115.6160,0.7989,3.4369
115.6162,0.8228,3.5429
115.6164,0.7797,3.3528
115.6166,0.8219,3.536
115.6168,0.8486,3.6488
115.6170,0.8756,3.7653
115.6172,0.9,3.8574
115.6174,1.0027,4.3078
115.6176,0.8187,3.5286
115.6178,0.7201,3.1009
115.6180,0.7906,3.3997
115.6182,0.8601,3.6897
115.6184,0.9508,4.0943
115.6186,0.8137,3.5036
115.6188,0.8056,3.4642
115.6190,0.8663,3.7147
115.6192,1.0093,4.326
115.6194,1.033,4.4355
115.6196,0.9545,4.1045
115.6198,0.8375,3.6064
115.6200,0.7717,3.3214
115.6202,0.839,3.6092
115.6204,0.8372,3.6031
115.6206,0.8186,3.5215
115.6208,0.7946,3.4199
115.6210,0.8066,3.4699
115.6212,0.812,3.4931
115.6214,0.8134,3.5026
115.6216,0.7658,3.3037
115.6218,0.6643,2.8669
115.6220,0.6412,2.765
115.6222,0.6396,2.7578
115.6224,0.7181,3.0849
115.6226,0.8394,3.6113
115.6228,0.7843,3.3771
115.6230,0.8126,3.4957
115.6232,0.8554,3.6764
115.6234,0.8502,3.656
115.6236,0.8439,3.6287
115.6238,0.8286,3.5615
115.6240,0.8402,3.6144
115.6242,0.8368,3.5999
115.6244,0.843,3.6267
115.6246,0.8503,3.6565
115.6248,0.8465,3.6383
115.6250,0.8674,3.7332
115.6252,0.8161,3.5074
115.6254,0.8274,3.563
115.6256,0.7187,3.0976
115.6258,0.6972,3.0037
115.6260,0.6957,2.9984
115.6262,0.6589,2.8437
115.6264,0.6145,2.6534
115.6266,0.617,2.6643
115.6268,0.5809,2.5061
115.6270,0.5854,2.5253
115.6272,0.6078,2.6232
115.6274,0.5729,2.4715
115.6276,0.5741,2.4789
115.6278,0.5912,2.5542
115.6280,0.6017,2.598
115.6282,0.595,2.5643
115.6284,0.6259,2.6988
115.6286,0.6721,2.8979
115.6288,0.6674,2.8791
115.6290,0.5652,2.4384
115.6292,0.5787,2.4963
115.6294,0.6134,2.6463
115.6296,0.6759,2.9144
115.6298,0.6518,2.8118
115.6300,0.5644,2.437
115.6302,0.5155,2.2278
115.6304,0.5074,2.1921
115.6306,0.5107,2.2071
115.6308,0.4898,2.1169
115.6310,0.4821,2.0809
115.6312,0.5363,2.3137
115.6314,0.5212,2.2517
115.6316,0.5121,2.2113
115.6318,0.5715,2.463
115.6320,0.626,2.6981
115.6322,0.6098,2.6308
115.6324,0.5818,2.5097
115.6326,0.5981,2.5813
115.6328,0.5476,2.3601
115.6330,0.6059,2.6137
115.6332,0.6033,2.6004
115.6334,0.664,2.8606
115.6336,0.6548,2.8208
115.6338,0.6875,2.9605
115.6340,0.7181,3.0979
115.6342,0.6081,2.6223
115.6344,0.6229,2.6822
115.6346,0.7032,3.0337
115.6348,0.6121,2.6394
115.6350,0.5802,2.5042
115.6352,0.5123,2.2113
115.6354,0.5291,2.2806
115.6356,0.6002,2.5822
115.6358,0.6971,3.0004
115.6360,0.6863,2.9608
115.6362,0.5483,2.3654
115.6364,0.5759,2.4856
115.6366,0.5578,2.4041
115.6368,0.6266,2.6994
115.6370,0.6674,2.8697
115.6372,0.7842,3.3703
115.6374,0.7801,3.3575
115.6376,0.7272,3.1314
115.6378,0.7066,3.0468
115.6380,0.5971,2.576
115.6382,0.5253,2.2651
115.6384,0.5761,2.4843
115.6386,0.6186,2.6636
115.6388,0.6728,2.8956
115.6390,0.6542,2.8156
115.6392,0.6747,2.9093
115.6394,0.6863,2.9539
115.6396,0.741,3.1952
115.6398,0.5969,2.5761
115.6400,0.53,2.2873
115.6402,0.5358,2.3095
115.6404,0.5911,2.5465
115.6406,0.6237,2.6883
115.6408,0.6292,2.7121
115.6410,0.6273,2.7025
115.6412,0.6421,2.7648
115.6414,0.6978,3.0021
115.6416,0.7001,3.0147
115.6418,0.6858,2.9478
115.6420,0.7851,3.3713
115.6422,0.9175,3.9287
115.6424,1.0024,4.2902
115.6426,1.0234,4.3903
115.6428,0.9985,4.2798
115.6430,0.994,4.2563
115.6432,1.0331,4.4299
115.6434,1.0049,4.305
115.6436,1.0059,4.3111
115.6438,0.9592,4.1151
115.6440,0.9922,4.2506
115.6442,1.0328,4.433
115.6444,0.9991,4.2863
115.6446,0.9705,4.1595
115.6448,0.9721,4.172
115.6450,0.9724,4.1716
115.6452,0.9298,3.989
115.6454,0.8637,3.7137
115.6456,0.8601,3.6931
115.6458,0.8879,3.809
115.6460,0.9869,4.228
115.6462,1.0265,4.4057
115.6464,0.9747,4.1834
115.6466,0.9553,4.1
115.6468,0.955,4.0971
115.6470,0.9561,4.1017
115.6472,0.9706,4.1639
115.6474,1.0087,4.3255
115.6476,1.0381,4.4431
115.6478,1.1119,4.7765
115.6480,0.9422,4.0514
115.6482,0.8711,3.7422
115.6484,0.9031,3.8816
115.6486,0.8647,3.7132
115.6488,0.9302,3.998
115.6490,0.9083,3.9055
115.6492,0.9247,3.9706
115.6494,0.9246,3.9719
115.6496,0.92,3.9487
115.6498,0.9369,4.0269
115.6500,0.9236,3.9678
115.6502,0.9012,3.8751
115.6504,0.8307,3.5786
115.6506,0.7585,3.2676
115.6508,0.7547,3.2481
115.6510,0.7411,3.1868
115.6512,0.7872,3.3879
115.6514,0.7982,3.4386
115.6516,0.7382,3.1759
115.6518,0.7548,3.2516
115.6520,0.724,3.1203
115.6522,0.7643,3.2878
115.6524,0.8297,3.5678
115.6526,0.8122,3.4958
115.6528,0.7488,3.2243
115.6530,0.7128,3.0708
115.6532,0.7194,3.0992
115.6534,0.735,3.162
115.6536,0.7699,3.3152
115.6538,0.7788,3.3518
115.6540,0.8156,3.5037
115.6542,0.8738,3.7523
115.6544,0.8934,3.8398
115.6546,0.8966,3.8591
115.6548,0.8219,3.5376
115.6550,0.7964,3.4261
115.6552,0.8059,3.4652
115.6554,0.8165,3.5095
115.6556,0.9107,3.9104
115.6558,0.9548,4.1018
115.6560,0.838,3.6068
115.6562,0.7315,3.15
115.6564,0.752,3.2397
115.6566,0.7827,3.3704
115.6568,0.8291,3.5619
115.6570,0.8384,3.6016
115.6572,0.8209,3.533
115.6574,0.7982,3.4354
115.6576,0.7374,3.1752
115.6578,0.6834,2.947
115.6580,0.7165,3.0868
115.6582,0.685,2.9524
115.6584,0.6884,2.9668
115.6586,0.7149,3.0768
115.6588,0.7736,3.3281
115.6590,0.7679,3.3125
115.6592,0.6298,2.7209
115.6594,0.6,2.5908
115.6596,0.5909,2.5491
115.6598,0.6072,2.6194
115.6600,0.6175,2.6639
115.6602,0.6121,2.6431
115.6604,0.5986,2.5822
115.6606,0.5912,2.5518
115.6608,0.5986,2.5834
115.6610,0.5904,2.547
115.6612,0.626,2.7031
115.6614,0.5833,2.5165
115.6616,0.5526,2.3863
115.6618,0.5984,2.5793
115.6620,0.6857,2.9541
115.6622,0.6843,2.9452
115.6624,0.74,3.1866
115.6626,0.7083,3.047
115.6628,0.7526,3.2393
115.6630,0.8057,3.4679
115.6632,0.8114,3.4873
115.6634,0.827,3.556
115.6636,0.8188,3.5225
115.6638,0.8302,3.5715
115.6640,0.843,3.6234
115.6642,0.8911,3.8318
115.6644,0.8053,3.4643
115.6646,0.7911,3.405
115.6648,0.7767,3.343
115.6650,0.808,3.4713
115.6652,0.9014,3.8707
115.6654,0.9356,4.0156
115.6656,0.9578,4.1165
115.6658,0.794,3.4174
115.6660,0.7741,3.3317
115.6662,0.7996,3.44
115.6664,0.823,3.5406
115.6666,0.8402,3.6076
115.6668,0.9391,4.0286
115.6670,0.9786,4.1964
115.6672,0.9256,3.984
115.6674,0.7641,3.2889
115.6676,0.7554,3.2557
115.6678,0.7206,3.103
115.6680,0.7482,3.2217
115.6682,0.7139,3.0726
115.6684,0.7288,3.1337
115.6686,0.8002,3.4362
115.6688,0.8471,3.6426
115.6690,0.8111,3.496
115.6692,0.6784,2.9226
115.6694,0.6632,2.8596
115.6696,0.6572,2.8325
115.6698,0.6581,2.8353
115.6700,0.6596,2.8415
115.6702,0.6539,2.8224
115.6704,0.5581,2.4101
115.6706,0.5378,2.3242
115.6708,0.5361,2.317
115.6710,0.5362,2.3153
115.6712,0.545,2.3509
115.6714,0.6237,2.692
115.6716,0.5595,2.4158
115.6718,0.5049,2.1802
115.6720,0.5104,2.204
115.6722,0.5062,2.1849
115.6724,0.5164,2.2278
115.6726,0.5229,2.2589
115.6728,0.5156,2.2242
115.6730,0.5259,2.2708
115.6732,0.559,2.4115
115.6734,0.5855,2.5211
115.6736,0.6701,2.8869
115.6738,0.6481,2.7919
115.6740,0.6439,2.7712
115.6742,0.6852,2.9507
115.6744,0.7185,3.0922
115.6746,0.7263,3.1243
115.6748,0.7457,3.2094
115.6750,0.7782,3.3446
115.6752,0.8266,3.5495
115.6754,0.8904,3.8251
115.6756,0.8734,3.7485
115.6758,0.9924,4.2516
115.6760,1.0795,4.6202
115.6762,1.0989,4.7055
115.6764,1.1278,4.8293
115.6766,1.0653,4.5724
115.6768,0.9628,4.1286
115.6770,1.0113,4.3403
115.6772,0.9995,4.2859
115.6774,1.0296,4.4046
115.6776,1.1249,4.8169
115.6778,1.0675,4.5774
115.6780,1.0482,4.4883
115.6782,1.0732,4.6021
115.6784,0.9491,4.0832
115.6786,0.8839,3.7973
115.6788,0.8897,3.8221
115.6790,0.8626,3.7074
115.6792,0.8858,3.8073
115.6794,0.9183,3.9507
115.6796,0.8439,3.627
115.6798,0.8057,3.4712
115.6800,0.7484,3.2227
115.6802,0.7757,3.3384
115.6804,0.7543,3.2465
115.6806,0.7699,3.3152
115.6808,0.758,3.2671
115.6810,0.691,2.9768
115.6812,0.6855,2.9517
115.6814,0.7185,3.0965
115.6816,0.6567,2.8304
115.6818,0.6259,2.7001
115.6820,0.6809,2.9348
115.6822,0.7139,3.0769
115.6824,0.6936,2.991
115.6826,0.6361,2.7402
115.6828,0.6435,2.7723
115.6830,0.6397,2.7596
115.6832,0.6337,2.7324
115.6834,0.6168,2.6608
115.6836,0.6043,2.6058
115.6838,0.6186,2.6685
115.6840,0.6169,2.6539
115.6842,0.7115,3.0637
115.6844,0.6946,2.9937
115.6846,0.6921,2.9773
115.6848,0.7266,3.1259
115.6850,0.7434,3.2055
115.6852,0.6542,2.8222
115.6854,0.614,2.6452
115.6856,0.6661,2.8694
115.6858,0.7085,3.0522
115.6860,0.7286,3.1317
115.6862,0.7839,3.3693
115.6864,0.7827,3.372
115.6866,0.7338,3.1627
115.6868,0.7273,3.1304
115.6870,0.7233,3.1129
115.6872,0.7493,3.2294
115.6874,0.6285,2.7102
115.6876,0.5903,2.5465
115.6878,0.5857,2.5268
115.6880,0.5542,2.3941
115.6882,0.5647,2.4329
115.6884,0.6625,2.8579
115.6886,0.5689,2.4567
115.6888,0.5175,2.2346
115.6890,0.479,2.0684
115.6892,0.4707,2.0317
115.6894,0.4772,2.0616
115.6896,0.4888,2.1118
115.6898,0.4884,2.1088
115.6900,0.4863,2.1009
115.6902,0.4833,2.088
115.6904,0.4826,2.0839
115.6906,0.4851,2.0928
115.6908,0.4839,2.0896
115.6910,0.4852,2.0963
115.6912,0.4978,2.1467
115.6914,0.5484,2.3681
115.6916,0.4947,2.1372
115.6918,0.473,2.0425
115.6920,0.4827,2.0854
115.6922,0.4856,2.0959
115.6924,0.4764,2.0551
115.6926,0.5266,2.2708
115.6928,0.5641,2.4348
115.6930,0.4715,2.0358
115.6932,0.4571,1.9745
115.6934,0.4556,1.9701
115.6936,0.4587,1.9809
115.6938,0.4574,1.9752
115.6940,0.4568,1.9735
115.6942,0.4554,1.9664
115.6944,0.4559,1.9675
115.6946,0.4563,1.9687
115.6948,0.4558,1.9679
115.6950,0.4615,1.9919
115.6952,0.5103,2.1994
115.6954,0.5543,2.3924
115.6956,0.4992,2.1553
115.6958,0.476,2.0554
115.6960,0.4753,2.0523
115.6962,0.4677,2.0178
115.6964,0.4661,2.0106
115.6966,0.4758,2.0525
115.6968,0.4799,2.0701
115.6970,0.5393,2.3245
115.6972,0.6673,2.8679
115.6974,0.6998,3.0159
115.6976,0.6275,2.6993
115.6978,0.6974,2.9986
115.6980,0.6709,2.8887
115.6982,0.6545,2.8172
115.6984,0.6378,2.75
115.6986,0.5537,2.3832
115.6988,0.6442,2.7767
115.6990,0.6093,2.6263
115.6992,0.5896,2.5398
115.6994,0.608,2.6169
115.6996,0.6573,2.8264
115.6998,0.6761,2.9128
115.7000,0.5611,2.4208
115.7002,0.5258,2.264
115.7004,0.6143,2.6475
115.7006,0.623,2.6802
115.7008,0.6471,2.7865
115.7010,0.5892,2.5383
115.7012,0.5772,2.4878
115.7014,0.5541,2.388
115.7016,0.5223,2.2532
115.7018,0.5393,2.3266
115.7020,0.5318,2.2919
115.7022,0.5334,2.2981
115.7024,0.6038,2.5989
115.7026,0.6398,2.7524
115.7028,0.6791,2.9203
115.7030,0.6619,2.8473
115.7032,0.7382,3.1744
115.7034,0.767,3.2951
115.7036,0.7563,3.2508
115.7038,0.7451,3.2038
115.7040,0.687,2.9598
115.7042,0.6295,2.7131
115.7044,0.6007,2.5879
115.7046,0.6193,2.6605
115.7048,0.7158,3.0766
115.7050,0.6965,3.002
115.7052,0.6342,2.7333
115.7054,0.6364,2.7405
115.7056,0.6145,2.646
115.7058,0.6334,2.7302
115.7060,0.6045,2.602
115.7062,0.6809,2.9239
115.7064,0.8206,3.5221
115.7066,0.8229,3.5401
115.7068,0.7695,3.309
115.7070,0.7483,3.2192
115.7072,0.6977,3.0002
115.7074,0.6851,2.9474
115.7076,0.6846,2.9399
115.7078,0.7397,3.1762
115.7080,0.8221,3.525
115.7082,0.9752,4.1776
115.7084,1.0212,4.3749
115.7086,1.0273,4.397
115.7088,1.0366,4.4385
115.7090,1.07,4.5775
115.7092,1.1321,4.8364
115.7094,1.1477,4.9145
115.7096,0.9762,4.1861
115.7098,0.9274,3.9806
115.7100,0.9219,3.9588
115.7102,0.8512,3.6584
115.7104,0.8428,3.6156
115.7106,0.9119,3.9119
115.7108,0.9035,3.8813
115.7110,0.8304,3.5643
115.7112,0.8816,3.7823
115.7114,0.9186,3.9388
115.7116,0.9659,4.1458
115.7118,0.9144,3.9282
115.7120,0.8921,3.827
115.7122,0.8768,3.7634
115.7124,0.8752,3.758
115.7126,0.8518,3.6593
115.7128,0.8246,3.5391
115.7130,0.8981,3.8545
115.7132,0.8999,3.864
115.7134,0.8771,3.7662
115.7136,0.9284,3.981
115.7138,0.8879,3.8072
115.7140,0.9298,3.9946
115.7142,0.8884,3.8164
115.7144,0.8604,3.6964
115.7146,0.8537,3.6692
115.7148,0.8322,3.582
115.7150,0.7717,3.3152
115.7152,0.7915,3.4018
115.7154,0.8098,3.4806
115.7156,0.8368,3.5949
115.7158,0.818,3.5173
115.7160,0.8203,3.5255
115.7162,0.8918,3.8313
115.7164,0.848,3.6462
115.7166,0.7941,3.4147
115.7168,0.7733,3.3265
115.7170,0.7939,3.4105
115.7172,0.8412,3.6156
115.7174,0.8492,3.6497
115.7176,0.8276,3.5585
115.7178,0.8315,3.5722
115.7180,0.8851,3.8007
115.7182,0.8905,3.8239
115.7184,0.8374,3.6025
115.7186,0.7249,3.1216
115.7188,0.7001,3.0175
115.7190,0.738,3.1793
115.7192,0.7205,3.1039
115.7194,0.729,3.1347
115.7196,0.7671,3.3002
115.7198,0.8174,3.5147
115.7200,0.7688,3.3059
115.7202,0.7652,3.292
115.7204,0.715,3.0801
115.7206,0.6874,2.9627
115.7208,0.6827,2.9412
115.7210,0.683,2.934
115.7212,0.8343,3.5891
115.7214,0.8247,3.5478
115.7216,0.7143,3.0756
115.7218,0.7038,3.0265
115.7220,0.7832,3.3646
115.7222,0.8149,3.5039
115.7224,0.8132,3.4967
115.7226,0.8013,3.4424
115.7228,0.8719,3.7423
115.7230,0.8939,3.8401
115.7232,0.876,3.7651
115.7234,0.7893,3.402
115.7236,0.6827,2.9439
115.7238,0.6498,2.8004
115.7240,0.6516,2.8095
115.7242,0.6728,2.8983
115.7244,0.7398,3.1797
115.7246,0.8185,3.5161
115.7248,0.8247,3.5478
115.7250,0.7639,3.2894
115.7252,0.6391,2.757
115.7254,0.5699,2.4574
115.7256,0.5643,2.4354
115.7258,0.5816,2.5069
115.7260,0.593,2.5572
115.7262,0.5534,2.386
115.7264,0.5517,2.3788
115.7266,0.5613,2.4213
115.7268,0.558,2.4084
115.7270,0.5514,2.3789
115.7272,0.5508,2.3774
115.7274,0.5482,2.366
115.7276,0.5532,2.3877
115.7278,0.5603,2.4149
115.7280,0.6168,2.6571
115.7282,0.6336,2.7332
115.7284,0.5579,2.4057
115.7286,0.5541,2.3891
115.7288,0.5492,2.3691
115.7290,0.5523,2.3814
115.7292,0.5941,2.563
115.7294,0.5555,2.3954
115.7296,0.5544,2.3907
115.7298,0.5627,2.4252
115.7300,0.5667,2.4446
115.7302,0.5643,2.4342
115.7304,0.5663,2.4408
115.7306,0.6741,2.9013
115.7308,0.7027,3.026
115.7310,0.6566,2.8246
115.7312,0.7453,3.2093
115.7314,0.6807,2.9338
115.7316,0.6014,2.5886
115.7318,0.6223,2.6771
115.7320,0.6593,2.8405
115.7322,0.6162,2.6582
115.7324,0.5297,2.2863
115.7326,0.5185,2.2346
115.7328,0.5545,2.3901
115.7330,0.5709,2.4581
115.7332,0.5794,2.4982
115.7334,0.5258,2.2682
115.7336,0.4803,2.0779
115.7338,0.4089,1.7663
115.7340,0.4866,2.099
115.7342,0.5087,2.1978
115.7344,0.5077,2.1891
115.7346,0.5149,2.2211
115.7348,0.523,2.2573
115.7350,0.5182,2.2346
115.7352,0.5278,2.277
115.7354,0.5219,2.2527
115.7356,0.5229,2.2547
115.7358,0.5746,2.473
115.7360,0.7206,3.0914
115.7362,0.8428,3.6207
115.7364,0.7875,3.3863
115.7366,0.7161,3.0805
115.7368,0.6382,2.7534
115.7370,0.5376,2.3205
115.7372,0.5221,2.2521
115.7374,0.5264,2.2676
115.7376,0.586,2.5243
115.7378,0.6217,2.6795
115.7380,0.6216,2.6765
115.7382,0.6453,2.7761
115.7384,0.6343,2.73
115.7386,0.5843,2.5194
115.7388,0.5272,2.2723
115.7390,0.6201,2.6715
115.7392,0.6221,2.6798
115.7394,0.623,2.679
115.7396,0.6507,2.7994
115.7398,0.6374,2.7408
115.7400,0.679,2.9211
115.7402,0.7243,3.1161
115.7404,0.7289,3.1371
115.7406,0.6987,3.0043
115.7408,0.7645,3.2858
115.7410,0.7906,3.3918
115.7412,0.9286,3.9727
115.7414,1.0565,4.5238
115.7416,1.0072,4.3148
115.7418,0.9933,4.2512
115.7420,1.0232,4.3836
115.7422,1.0677,4.5699
115.7424,1.1237,4.8051
115.7426,1.0973,4.6967
115.7428,1.1218,4.7991
115.7430,1.1266,4.8241
115.7432,1.0784,4.6134
115.7434,1.1307,4.8393
115.7436,1.1114,4.7634
115.7438,1.0687,4.5847
115.7440,0.9828,4.2125
115.7442,0.9422,4.0345
115.7444,1.0268,4.399
115.7446,1.0609,4.5428
115.7448,1.0578,4.5442
115.7450,0.9325,4.0022
115.7452,0.9054,3.8877
115.7454,0.9174,3.9392
115.7456,0.9042,3.8808
115.7458,0.9065,3.8905
115.7460,0.933,4.0024
115.7462,0.9496,4.072
115.7464,0.8703,3.7473
115.7466,0.7791,3.3471
115.7468,0.8938,3.836
115.7470,0.8993,3.8615
115.7472,0.909,3.9014
115.7474,0.9494,4.0691
115.7476,1.024,4.3928
115.7478,1.0194,4.3774
115.7480,0.8806,3.7864
115.7482,0.8204,3.5243
115.7484,0.8613,3.7017
115.7486,0.8246,3.544
115.7488,0.8283,3.56
115.7490,0.7826,3.3668
115.7492,0.8272,3.5553
115.7494,0.8488,3.6498
115.7496,0.8265,3.5572
115.7498,0.7079,3.0482
115.7500,0.7086,3.0471
115.7502,0.7915,3.4065
115.7504,0.767,3.2997
115.7506,0.7777,3.3394
115.7508,0.8069,3.4795
115.7510,0.649,2.7973
115.7512,0.6888,2.9675
115.7514,0.7015,3.0223
115.7516,0.641,2.7627
115.7518,0.6786,2.9263
115.7520,0.6288,2.7113
115.7522,0.5998,2.5861
115.7524,0.5858,2.5262
115.7526,0.5916,2.5522
115.7528,0.6023,2.597
115.7530,0.6128,2.6425
115.7532,0.6162,2.6582
115.7534,0.567,2.4473
115.7536,0.5059,2.1843
115.7538,0.5034,2.1745
115.7540,0.5309,2.2872
115.7542,0.6717,2.8923
115.7544,0.6893,2.9723
115.7546,0.6165,2.661
115.7548,0.5596,2.414
115.7550,0.5525,2.3846
115.7552,0.5522,2.3831
115.7554,0.5409,2.3323
115.7556,0.5581,2.4056
115.7558,0.5707,2.4599
115.7560,0.5731,2.4702
115.7562,0.5986,2.5834
115.7564,0.6061,2.6099
115.7566,0.662,2.8505
115.7568,0.6102,2.6348
115.7570,0.4751,2.0532
115.7572,0.4555,1.9687
115.7574,0.4508,1.9494
115.7576,0.4522,1.9524
115.7578,0.501,2.1611
115.7580,0.5409,2.3334
115.7582,0.5477,2.3628
115.7584,0.5372,2.3173
115.7586,0.5763,2.4825
115.7588,0.6048,2.6079
115.7590,0.5677,2.447
115.7592,0.5584,2.4089
115.7594,0.4934,2.1315
115.7596,0.4562,1.97
115.7598,0.4722,2.0389
115.7600,0.4627,1.998
115.7602,0.4569,1.974
115.7604,0.4474,1.9326
115.7606,0.4529,1.9537
115.7608,0.5297,2.2853
115.7610,0.4987,2.1523
115.7612,0.4703,2.0315
115.7614,0.4832,2.0836
115.7616,0.5587,2.4071
115.7618,0.6022,2.5953
115.7620,0.5747,2.4758
115.7622,0.5691,2.4515
115.7624,0.5731,2.4691
115.7626,0.5968,2.572
115.7628,0.597,2.573
115.7630,0.6269,2.6967
115.7632,0.7055,3.0337
115.7634,0.7075,3.0481
115.7636,0.6523,2.8087
115.7638,0.6628,2.8515
115.7640,0.6599,2.8404
115.7642,0.6459,2.7813
115.7644,0.6137,2.6437
115.7646,0.5974,2.577
115.7648,0.5499,2.37
115.7650,0.5951,2.5648
115.7652,0.6271,2.7003
115.7654,0.6137,2.6449
115.7656,0.5235,2.2584
115.7658,0.5041,2.1766
115.7660,0.5129,2.2108
115.7662,0.5639,2.4304
115.7664,0.5339,2.3034
115.7666,0.5487,2.3648
115.7668,0.5639,2.4282
115.7670,0.5959,2.5684
115.7672,0.5843,2.5171
115.7674,0.5842,2.5189
115.7676,0.553,2.3867
115.7678,0.4951,2.1358
115.7680,0.4918,2.1228
115.7682,0.4906,2.1166
115.7684,0.4978,2.1457
115.7686,0.5474,2.3569
115.7688,0.6159,2.6535
115.7690,0.6006,2.5825
115.7692,0.7049,3.0311
115.7694,0.6628,2.8607
115.7696,0.4863,2.1
115.7698,0.4755,2.0515
115.7700,0.4833,2.0841
115.7702,0.4834,2.0866
115.7704,0.484,2.0891
115.7706,0.4799,2.0672
115.7708,0.5428,2.3395
115.7710,0.5098,2.1994
115.7712,0.4926,2.1269
115.7714,0.4796,2.069
115.7716,0.4716,2.0344
115.7718,0.4633,1.9987
115.7720,0.487,2.0992
115.7722,0.5182,2.2315
115.7724,0.5754,2.4789
115.7726,0.5804,2.5006
115.7728,0.5499,2.3689
115.7730,0.5681,2.4406
115.7732,0.7144,3.0718
115.7734,0.7203,3.0985
115.7736,0.676,2.9096
115.7738,0.6245,2.6839
115.7740,0.6904,2.9687
115.7742,0.7447,3.1948
115.7744,0.8906,3.8155
115.7746,0.8903,3.8193
115.7748,0.8585,3.683
115.7750,0.8867,3.8021
115.7752,0.9122,3.9098
115.7754,0.914,3.9175
115.7756,0.8911,3.8211
115.7758,0.8393,3.599
115.7760,0.8846,3.7987
115.7762,0.8599,3.6892
115.7764,0.9199,3.9427
115.7766,0.9062,3.8895
115.7768,0.7845,3.3719
115.7770,0.7801,3.3481
115.7772,0.8511,3.6562
115.7774,0.8108,3.4799
115.7776,0.8896,3.8144
115.7778,0.9272,3.9777
115.7780,0.9054,3.8841
115.7782,0.9188,3.9435
115.7784,0.8854,3.8
115.7786,0.8131,3.4962
115.7788,0.8337,3.5782
115.7790,0.8537,3.6658
115.7792,0.8252,3.5433
115.7794,0.8484,3.6449
115.7796,0.8073,3.4666
115.7798,0.8243,3.5347
115.7800,0.865,3.7125
115.7802,0.8324,3.5725
115.7804,0.8518,3.6576
115.7806,0.8441,3.6263
115.7808,0.8809,3.7774
115.7810,0.8561,3.6778
115.7812,0.8264,3.5468
115.7814,0.8742,3.7486
115.7816,0.8766,3.7624
115.7818,0.8291,3.5619
115.7820,0.8013,3.4456
115.7822,0.792,3.4022
115.7824,0.8057,3.4647
115.7826,0.8018,3.4461
115.7828,0.8439,3.6219
115.7830,0.8434,3.6232
115.7832,0.87,3.7376
115.7834,0.852,3.6603
115.7836,0.8456,3.6325
115.7838,0.8536,3.667
115.7840,0.8548,3.6722
115.7842,0.846,3.6362
115.7844,0.7992,3.4363
115.7846,0.7465,3.2115
115.7848,0.7538,3.243
115.7850,0.7715,3.3142
115.7852,0.8038,3.4581
115.7854,0.7494,3.2269
115.7856,0.7506,3.2305
115.7858,0.7116,3.06
115.7860,0.75,3.2265
115.7862,0.7743,3.3312
115.7864,0.7674,3.2967
115.7866,0.8797,3.7723
115.7868,0.8974,3.855
115.7870,0.8113,3.4949
115.7872,0.7139,3.0712
115.7874,0.7523,3.2333
115.7876,0.7765,3.3405
115.7878,0.735,3.1649
115.7880,0.6445,2.7777
115.7882,0.586,2.5278
115.7884,0.5801,2.5002
115.7886,0.648,2.7914
115.7888,0.6477,2.7916
115.7890,0.6448,2.7792
115.7892,0.6207,2.6754
115.7894,0.6776,2.9162
115.7896,0.6514,2.8089
115.7898,0.5843,2.5217
115.7900,0.5452,2.3519
115.7902,0.5688,2.4504
115.7904,0.6342,2.7345
115.7906,0.572,2.4667
115.7908,0.5572,2.4025
115.7910,0.5473,2.3612
115.7912,0.5442,2.3478
115.7914,0.541,2.3327
115.7916,0.5418,2.3375
115.7918,0.5324,2.2977
115.7920,0.5254,2.2666
115.7922,0.5254,2.2655
115.7924,0.5253,2.2661
115.7926,0.5581,2.4078
115.7928,0.5476,2.3612
115.7930,0.5315,2.293
115.7932,0.5304,2.2904
115.7934,0.5343,2.3006
115.7936,0.666,2.864
115.7938,0.7541,3.25
115.7940,0.5746,2.4787
115.7942,0.528,2.279
115.7944,0.5243,2.2619
115.7946,0.5258,2.266
115.7948,0.5262,2.2692
115.7950,0.5187,2.2397
115.7952,0.5217,2.2506
115.7954,0.5249,2.2635
115.7956,0.5286,2.2784
115.7958,0.549,2.3663
115.7960,0.5502,2.3748
115.7962,0.5196,2.2418
115.7964,0.5599,2.4088
115.7966,0.6845,2.942
115.7968,0.7543,3.245
115.7970,0.7244,3.1151
115.7972,0.746,3.2109
115.7974,0.6448,2.7792
115.7976,0.5681,2.4496
115.7978,0.53,2.2841
115.7980,0.5604,2.4143
115.7982,0.6081,2.6198
115.7984,0.621,2.6739
115.7986,0.6189,2.6663
115.7988,0.6231,2.6844
115.7990,0.6202,2.6708
115.7992,0.6214,2.6784
115.7994,0.5913,2.5475
115.7996,0.6246,2.6906
115.7998,0.573,2.4696
115.8000,0.5519,2.3776
115.8002,0.5791,2.4948
115.8004,0.6461,2.7823
115.8006,0.7002,3.0193
115.8008,0.5583,2.4061
115.8010,0.562,2.4154
115.8012,0.6928,2.979
115.8014,0.734,3.1563
115.8016,0.6918,2.9748
115.8018,0.6848,2.9472
115.8020,0.6779,2.9191
115.8022,0.6795,2.9231
115.8024,0.6839,2.9381
115.8026,0.7495,3.2213
115.8028,0.7198,3.0979
115.8030,0.6732,2.8949
115.8032,0.7217,3.1032
115.8034,0.6887,2.9642
115.8036,0.7141,3.0707
115.8038,0.7602,3.2672
115.8040,0.7327,3.1507
115.8042,0.6915,2.9774
115.8044,0.6541,2.8151
115.8046,0.679,2.9224
115.8048,0.6344,2.7342
115.8050,0.5146,2.22
115.8052,0.5396,2.3255
115.8054,0.5833,2.5141
115.8056,0.611,2.631
115.8058,0.612,2.6351
115.8060,0.6501,2.7967
115.8062,0.6741,2.9026
115.8064,0.6445,2.7725
115.8066,0.6791,2.9229
115.8068,0.6361,2.7364
115.8070,0.6966,2.9983
115.8072,0.7105,3.0553
115.8074,0.7587,3.2504
115.8076,0.8851,3.7971
115.8078,0.891,3.8241
115.8080,0.9002,3.8619
115.8082,0.9183,3.9377
115.8084,0.9034,3.8776
115.8086,0.8994,3.8583
115.8088,0.9012,3.866
115.8090,0.8479,3.6393
115.8092,0.8913,3.8238
115.8094,0.9111,3.9087
115.8096,0.8776,3.7682
115.8098,0.8738,3.754
115.8100,0.856,3.6704
115.8102,0.923,3.9596
115.8104,0.9317,3.9972
115.8106,0.9248,3.9618
115.8108,1.041,4.4533
115.8110,1.0936,4.6872
115.8112,0.9832,4.2159
115.8114,1.0091,4.329
115.8116,1.0151,4.3486
115.8118,0.9265,3.9875
115.8120,0.6934,2.9857
115.8122,0.6964,2.9986
115.8124,0.697,2.9984
115.8126,0.7008,3.0149
115.8128,0.7166,3.0844
115.8130,0.7014,3.0203
115.8132,0.7057,3.0347
115.8134,0.743,3.1965
115.8136,0.7936,3.4078
115.8138,0.8702,3.7368
115.8140,0.8704,3.7373
115.8142,0.7924,3.409
115.8144,0.6807,2.9296
115.8146,0.7479,3.2191
115.8148,0.7623,3.2811
115.8150,0.7226,3.1059
115.8152,0.7615,3.2729
115.8154,0.76,3.2728
115.8156,0.7112,3.0598
115.8158,0.7057,3.0375
115.8160,0.6945,2.989
115.8162,0.7214,3.1022
115.8164,0.7331,3.1551
115.8166,0.7129,3.0699
115.8168,0.6778,2.9199
115.8170,0.5959,2.5684
115.8172,0.5913,2.5499
115.8174,0.6223,2.6808
115.8176,0.7079,3.0454
115.8178,0.7539,3.2434
115.8180,0.682,2.9367
115.8182,0.7526,3.2362
115.8184,0.7957,3.4166
115.8186,0.8365,3.5971
115.8188,0.7001,3.0188
115.8190,0.5995,2.5827
115.8192,0.6068,2.6154
115.8194,0.6127,2.6419
115.8196,0.6091,2.6264
115.8198,0.6296,2.7136
115.8200,0.5987,2.5814
115.8202,0.6061,2.6123
115.8204,0.6061,2.6074
115.8206,0.6127,2.6419
115.8208,0.5876,2.5339
115.8210,0.6,2.5847
115.8212,0.6551,2.8223
115.8214,0.6722,2.8957
115.8216,0.6853,2.9497
115.8218,0.6958,2.9919
115.8220,0.6999,3.0108
115.8222,0.7037,3.0301
115.8224,0.6322,2.7211
115.8226,0.6226,2.6823
115.8228,0.6253,2.6975
115.8230,0.5958,2.5714
115.8232,0.532,2.295
115.8234,0.5344,2.3043
115.8236,0.5437,2.3468
115.8238,0.5619,2.4205
115.8240,0.6157,2.6499
115.8242,0.5994,2.5821
115.8244,0.6134,2.6413
115.8246,0.6374,2.7497
115.8248,0.5623,2.4237
115.8250,0.5502,2.3715
115.8252,0.5946,2.5615
115.8254,0.6387,2.7541
115.8256,0.5144,2.22
115.8258,0.4653,2.0093
115.8260,0.4512,1.9482
115.8262,0.4477,1.935
115.8264,0.4489,1.9393
115.8266,0.4488,1.937
115.8268,0.4828,2.081
115.8270,0.4985,2.1517
115.8272,0.4517,1.9494
115.8274,0.4837,2.0847
115.8276,0.5201,2.2459
115.8278,0.4567,1.972
115.8280,0.4478,1.9319
115.8282,0.4509,1.9454
115.8284,0.4485,1.9377
115.8286,0.4484,1.9372
115.8288,0.4469,1.9296
115.8290,0.4478,1.9319
115.8292,0.4518,1.949
115.8294,0.4495,1.9419
115.8296,0.4494,1.9395
115.8298,0.4885,2.1034
115.8300,0.5711,2.4602
115.8302,0.5785,2.4923
115.8304,0.5801,2.499
115.8306,0.5566,2.3966
115.8308,0.5842,2.5154
115.8310,0.5489,2.3691
115.8312,0.4676,2.0191
115.8314,0.4493,1.9399
115.8316,0.4349,1.8769
115.8318,0.4773,2.0592
115.8320,0.4904,2.1136
115.8322,0.5324,2.2934
115.8324,0.5055,2.1797
115.8326,0.4949,2.1312
115.8328,0.5677,2.4458
115.8330,0.581,2.5031
115.8332,0.6086,2.6195
115.8334,0.6453,2.7761
115.8336,0.6814,2.9341
115.8338,0.6068,2.6117
115.8340,0.6079,2.6152
115.8342,0.568,2.4479
115.8344,0.5033,2.1684
115.8346,0.5501,2.3698
115.8348,0.622,2.6773
115.8350,0.6621,2.8483
115.8352,0.687,2.9542
115.8354,0.6553,2.8176
115.8356,0.7259,3.1198
115.8358,0.7428,3.1955
115.8360,0.6306,2.7139
115.8362,0.594,2.5577
115.8364,0.589,2.5396
115.8366,0.5776,2.4881
115.8368,0.5774,2.4876
115.8370,0.5538,2.3892
115.8372,0.4864,2.0985
115.8374,0.4766,2.0551
115.8376,0.4875,2.0992
115.8378,0.5611,2.4174
115.8380,0.5644,2.4313
115.8382,0.6184,2.663
115.8384,0.5967,2.5684
115.8386,0.5605,2.4148
115.8388,0.5665,2.4406
115.8390,0.6132,2.6391
115.8392,0.6326,2.7202
115.8394,0.6748,2.903
115.8396,0.6188,2.6596
115.8398,0.7053,3.0326
115.8400,0.7117,3.0619
115.8402,0.7337,3.1504
115.8404,0.7477,3.2076
115.8406,0.7978,3.421
115.8408,0.8572,3.6738
115.8410,0.8955,3.8383
115.8412,0.9457,4.0474
115.8414,0.9623,4.1245
115.8416,0.9757,4.1821
115.8418,0.9989,4.2733
115.8420,1.0341,4.4241
115.8422,1.0298,4.4118
115.8424,1.0103,4.32
115.8426,1.0951,4.6824
115.8428,1.0718,4.5894
115.8430,1.0712,4.5954
115.8432,0.9442,4.0469
115.8434,0.9144,3.9208
115.8436,0.9395,4.0269
115.8438,0.8987,3.8534
115.8440,0.9123,3.9084
115.8442,0.9118,3.9173
115.8444,0.8518,3.6592
115.8446,0.894,3.8369
115.8448,0.8917,3.8272
115.8450,0.844,3.6257
115.8452,0.834,3.583
115.8454,0.8554,3.6661
115.8456,0.8943,3.8367
115.8458,0.9355,4.0131
115.8460,0.9401,4.0351
115.8462,0.935,4.0073
115.8464,0.974,4.1763
115.8466,0.9654,4.1398
115.8468,0.9304,3.9859
115.8470,0.9495,4.0676
115.8472,0.9566,4.1018
115.8474,0.9265,3.9801
115.8476,0.871,3.7381
115.8478,0.8764,3.7666
115.8480,0.8706,3.7383
115.8482,0.9569,4.1033
115.8484,0.9314,3.9994
115.8486,0.8533,3.6642
115.8488,0.8296,3.5722
115.8490,0.6999,3.0136
115.8492,0.7009,3.0182
115.8494,0.7081,3.0464
115.8496,0.7089,3.0537
115.8498,0.6824,2.9382
115.8500,0.7198,3.095
115.8502,0.7618,3.2714
115.8504,0.7952,3.4256
115.8506,0.6923,2.9811
115.8508,0.7332,3.1542
115.8510,0.7618,3.2744
115.8512,0.7453,3.2108
115.8514,0.6889,2.968
115.8516,0.6765,2.9102
115.8518,0.684,2.9427
115.8520,0.6844,2.947
115.8522,0.6853,2.9511
115.8524,0.7178,3.0867
115.8526,0.7729,3.3249
115.8528,0.7493,3.2218
115.8530,0.7284,3.1379
115.8532,0.6741,2.9026
115.8534,0.6669,2.8676
115.8536,0.7778,3.3398
115.8538,0.8169,3.5126
115.8540,0.7674,3.3012
115.8542,0.7067,3.0473
115.8544,0.5937,2.559
115.8546,0.5801,2.5013
115.8548,0.6037,2.5959
115.8550,0.7059,3.0408
115.8552,0.6562,2.8257
115.8554,0.6292,2.7145
115.8556,0.5713,2.4647
115.8558,0.5477,2.3628
115.8560,0.5285,2.279
115.8562,0.5302,2.2883
115.8564,0.5294,2.2847
115.8566,0.5332,2.2959
115.8568,0.5973,2.571
115.8570,0.6547,2.815
115.8572,0.7078,3.0463
115.8574,0.659,2.8428
115.8576,0.5536,2.3881
115.8578,0.5418,2.3364
115.8580,0.5367,2.3109
115.8582,0.6202,2.6708
115.8584,0.6193,2.6691
115.8586,0.6614,2.8479
115.8588,0.5967,2.5755
115.8590,0.5505,2.3736
115.8592,0.5413,2.3343
115.8594,0.5285,2.2811
115.8596,0.5234,2.2578
115.8598,0.5206,2.2438
115.8600,0.5953,2.5598
115.8602,0.7073,3.0484
115.8604,0.5983,2.5823
115.8606,0.5398,2.3265
115.8608,0.5826,2.5098
115.8610,0.6542,2.8169
115.8612,0.6778,2.9199
115.8614,0.6701,2.8815
115.8616,0.7145,3.0723
115.8618,0.6951,2.9929
115.8620,0.6705,2.8858
115.8622,0.6941,2.9846
115.8624,0.6797,2.9282
115.8626,0.6699,2.8845
115.8628,0.6814,2.9327
115.8630,0.7332,3.1483
115.8632,0.8041,3.4478
115.8634,0.8603,3.6906
115.8636,0.8856,3.8045
115.8638,0.8579,3.6889
115.8640,0.8115,3.4861
115.8642,0.823,3.5339
115.8644,0.8469,3.6381
115.8646,0.7977,3.4301
115.8648,0.8007,3.4398
115.8650,0.7526,3.2408
115.8652,0.6437,2.7733
115.8654,0.661,2.8476
115.8656,0.6616,2.8502
115.8658,0.6459,2.7826
115.8660,0.619,2.6668
115.8662,0.5947,2.562
115.8664,0.5921,2.5506
115.8666,0.6224,2.6801
115.8668,0.6574,2.8321
115.8670,0.6579,2.8329
115.8672,0.6569,2.8288
115.8674,0.6618,2.8486
115.8676,0.7339,3.1558
115.8678,0.7525,3.2342
115.8680,0.7334,3.1508
115.8682,0.7915,3.4001
115.8684,0.8098,3.4838
115.8686,0.6842,2.9446
115.8688,0.683,2.9408
115.8690,0.6556,2.8231
115.8692,0.688,2.9625
115.8694,0.6109,2.6342
115.8696,0.561,2.418
115.8698,0.5527,2.3812
115.8700,0.5948,2.5601
115.8702,0.6422,2.7678
115.8704,0.5967,2.5744
115.8706,0.5702,2.4589
115.8708,0.5675,2.4459
115.8710,0.5851,2.5218
115.8712,0.5801,2.5036
115.8714,0.5313,2.2898
115.8716,0.5428,2.3405
115.8718,0.5044,2.1761
115.8720,0.4948,2.1347
115.8722,0.5494,2.3722
115.8724,0.508,2.1916
115.8726,0.5121,2.2061
115.8728,0.5981,2.5753
115.8730,0.6226,2.6811
115.8732,0.6344,2.7304
115.8734,0.6995,3.0064
115.8736,0.7652,3.2904
115.8738,0.7489,3.2203
115.8740,0.9582,4.109
115.8742,0.9377,4.0192
115.8744,0.9145,3.9268
115.8746,0.85,3.6515
115.8748,0.8609,3.6915
115.8750,0.8983,3.8573
115.8752,0.8689,3.7294
115.8754,0.8851,3.7936
115.8756,0.9285,3.9814
115.8758,0.9376,4.028
115.8760,0.858,3.6809
115.8762,0.9074,3.8928
115.8764,0.9226,3.9526
115.8766,0.9551,4.0956
115.8768,0.9152,3.9317
115.8770,0.8977,3.8565
115.8772,0.9139,3.9205
115.8774,0.9237,3.9627
115.8776,0.9048,3.8796
115.8778,0.9471,4.0611
115.8780,0.9833,4.2164
115.8782,0.9469,4.0677
115.8784,0.8867,3.8091
115.8786,0.8912,3.8251
115.8788,0.8551,3.6736
115.8790,0.7671,3.3017
115.8792,0.7483,3.2162
115.8794,0.7876,3.3836
115.8796,0.7696,3.3125
115.8798,0.7111,3.0607
115.8800,0.7794,3.3497
115.8802,0.8463,3.6372
115.8804,0.7676,3.3053
115.8806,0.6806,2.9291
115.8808,0.7361,3.1666
115.8810,0.7802,3.3548
115.8812,0.7996,3.4335
115.8814,0.8738,3.7522
115.8816,0.8969,3.8511
115.8818,0.8904,3.8269
115.8820,0.835,3.5871
115.8822,0.8142,3.5012
115.8824,0.7598,3.2687
115.8826,0.7971,3.4259
115.8828,0.7664,3.2986
115.8830,0.7068,3.045
115.8832,0.7033,3.0314
115.8834,0.6248,2.6916
115.8836,0.6482,2.7872
115.8838,0.7331,3.1551
115.8840,0.7339,3.1543
115.8842,0.8286,3.5565
115.8844,0.8284,3.5654
115.8846,0.7599,3.2707
115.8848,0.7719,3.3208
115.8850,0.7571,3.2599
115.8852,0.7166,3.0859
115.8854,0.7248,3.1181
115.8856,0.7543,3.2435
115.8858,0.7427,3.1949
115.8860,0.6901,2.9718
115.8862,0.6677,2.8766
115.8864,0.661,2.8503
115.8866,0.59,2.543
115.8868,0.5637,2.4305
115.8870,0.5541,2.3891
115.8872,0.5511,2.3784
115.8874,0.5443,2.3483
115.8876,0.5515,2.3793
115.8878,0.5671,2.4443
115.8880,0.5698,2.458
115.8882,0.5532,2.3888
115.8884,0.499,2.1538
115.8886,0.5342,2.3033
115.8888,0.5181,2.2381
115.8890,0.4921,2.1257
115.8892,0.4568,1.9725
115.8894,0.4831,2.084
115.8896,0.4797,2.0734
115.8898,0.4535,1.959
115.8900,0.4497,1.9411
115.8902,0.506,2.1848
115.8904,0.5085,2.1947
115.8906,0.4561,1.9685
115.8908,0.4553,1.9667
115.8910,0.4502,1.945
115.8912,0.4607,1.9891
115.8914,0.4632,1.9991
115.8916,0.4601,1.9865
115.8918,0.4602,1.988
115.8920,0.4807,2.0737
115.8922,0.4977,2.1491
115.8924,0.4554,1.9663
115.8926,0.4888,2.1079
115.8928,0.5072,2.189
115.8930,0.4554,1.9672
115.8932,0.4409,1.9046
115.8934,0.441,1.9042
115.8936,0.4427,1.9106
115.8938,0.4453,1.9237
115.8940,0.4479,1.9342
115.8942,0.4457,1.9226
115.8944,0.4392,1.8938
115.8946,0.4815,2.0792
115.8948,0.4487,1.9373
115.8950,0.4892,2.1074
115.8952,0.5555,2.3975
115.8954,0.472,2.0383
115.8956,0.4629,1.9962
115.8958,0.456,1.9662
115.8960,0.476,2.0525
115.8962,0.526,2.266
115.8964,0.5699,2.4539
115.8966,0.584,2.5149
115.8968,0.5613,2.419
115.8970,0.6208,2.6709
115.8972,0.6527,2.8133
115.8974,0.5132,2.2138
115.8976,0.5017,2.1632
115.8978,0.5122,2.2097
115.8980,0.4773,2.0573
115.8982,0.5035,2.1729
115.8984,0.5074,2.187
115.8986,0.5656,2.4342
115.8988,0.6447,2.7748
115.8990,0.602,2.5947
115.8992,0.5614,2.4218
115.8994,0.4908,2.1151
115.8996,0.52,2.2392
115.8998,0.6044,2.6014
115.9000,0.6313,2.7132
115.9002,0.678,2.9156
115.9004,0.7097,3.0502
115.9006,0.7782,3.3429
115.9008,0.7579,3.2513
115.9010,0.8073,3.4633
115.9012,0.8219,3.5293
115.9014,0.7701,3.3131
115.9016,0.7071,3.0446
115.9018,0.6238,2.6825
115.9020,0.6893,2.9668
115.9022,0.6886,2.9664
115.9024,0.6077,2.6178
115.9026,0.5597,2.41
115.9028,0.5645,2.4273
115.9030,0.6355,2.7376
115.9032,0.5626,2.4258
115.9034,0.5543,2.3901
115.9036,0.5692,2.4497
115.9038,0.5749,2.4745
115.9040,0.5921,2.553
115.9042,0.5253,2.264
115.9044,0.559,2.4047
115.9046,0.6484,2.7934
115.9048,0.4946,2.1327
115.9050,0.5511,2.3751
115.9052,0.578,2.4856
115.9054,0.6267,2.6987
115.9056,0.6253,2.6887
115.9058,0.6877,2.9546
115.9060,0.7077,3.0401
115.9062,0.7007,3.013
115.9064,0.6924,2.9788
115.9066,0.7139,3.0697
115.9068,0.7374,3.1663
115.9070,0.7675,3.294
115.9072,0.8112,3.4786
115.9074,0.8412,3.6072
115.9076,0.8455,3.6274
115.9078,0.9153,3.9212
115.9080,0.9395,4.0287
115.9082,0.8978,3.8516
115.9084,0.9133,3.9125
115.9086,0.9495,4.0695
115.9088,0.876,3.7527
115.9090,0.8954,3.836
115.9092,0.9097,3.9062
115.9094,0.8169,3.5093
115.9096,0.7964,3.4244
115.9098,0.7198,3.0921
115.9100,0.7416,3.1888
115.9102,0.7365,3.1657
115.9104,0.7353,3.162
115.9106,0.7333,3.1532
115.9108,0.7772,3.3388
115.9110,0.8273,3.5525
115.9112,0.8401,3.6126
115.9114,0.7886,3.3846
115.9116,0.8628,3.7049
115.9118,0.8389,3.6058
115.9120,0.81,3.4735
115.9122,0.8935,3.8402
115.9124,0.817,3.5098
115.9126,0.7993,3.4288
115.9128,0.8544,3.6671
115.9130,0.8611,3.7028
115.9132,0.8043,3.4568
115.9134,0.7995,3.4362
115.9136,0.7319,3.147
115.9138,0.7871,3.38
115.9140,0.8327,3.5756
115.9142,0.8102,3.4837
115.9144,0.7636,3.2837
115.9146,0.772,3.3213
115.9148,0.7144,3.0703
115.9150,0.7748,3.3301
115.9152,0.7622,3.2729
115.9154,0.8139,3.4964
115.9156,0.8066,3.4666
115.9158,0.7976,3.4296
115.9160,0.7626,3.2821
115.9162,0.6753,2.9091
115.9164,0.668,2.8749
115.9166,0.7579,3.2559
115.9168,0.8256,3.5486
115.9170,0.7806,3.3564
115.9172,0.6924,2.9788
115.9174,0.6611,2.8481
115.9176,0.6615,2.8497
115.9178,0.6579,2.8329
115.9180,0.656,2.8233
115.9182,0.6605,2.8416
115.9184,0.676,2.9095
115.9186,0.6566,2.8272
115.9188,0.6554,2.8207
115.9190,0.62,2.671
115.9192,0.6256,2.6928
115.9194,0.6883,2.9599
115.9196,0.7168,3.0893
115.9198,0.6633,2.8574
115.9200,0.646,2.7818
115.9202,0.6978,3.0006
115.9204,0.7428,3.191
115.9206,0.7608,3.2713
115.9208,0.7636,3.2821
115.9210,0.7555,3.2501
115.9212,0.7015,3.0208
115.9214,0.6971,2.9989
115.9216,0.7123,3.0616
115.9218,0.7115,3.0651
115.9220,0.6344,2.733
115.9222,0.6234,2.6829
115.9224,0.635,2.733
115.9226,0.6571,2.828
115.9228,0.7258,3.1222
115.9230,0.7063,3.0415
115.9232,0.6681,2.8728
115.9234,0.6943,2.9871
115.9236,0.614,2.6488
115.9238,0.5356,2.3106
115.9240,0.5325,2.296
115.9242,0.5837,2.5168
115.9244,0.5423,2.3406
115.9246,0.5268,2.2739
115.9248,0.5326,2.2976
115.9250,0.538,2.3187
115.9252,0.5312,2.2872
115.9254,0.6007,2.5854
115.9256,0.6532,2.8101
115.9258,0.6789,2.9273
115.9260,0.5562,2.3984
115.9262,0.5286,2.2795
115.9264,0.5259,2.2687
115.9266,0.5255,2.2671
115.9268,0.5282,2.2774
115.9270,0.5235,2.2562
115.9272,0.5232,2.2552
115.9274,0.5252,2.2645
115.9276,0.5248,2.263
115.9278,0.525,2.265
115.9280,0.5216,2.249
115.9282,0.5223,2.2511
115.9284,0.5246,2.2619
115.9286,0.5284,2.2774
115.9288,0.5265,2.2712
115.9290,0.5224,2.2505
115.9292,0.5838,2.5127
115.9294,0.6383,2.7475
115.9296,0.6201,2.6703
115.9298,0.6303,2.7141
115.9300,0.6813,2.9308
115.9302,0.7059,3.0323
115.9304,0.7331,3.1507
115.9306,0.6529,2.8125
115.9308,0.5744,2.4747
115.9310,0.617,2.6593
115.9312,0.5857,2.5221
115.9314,0.6244,2.6876
115.9316,0.6755,2.9074
115.9318,0.6367,2.7402
115.9320,0.6169,2.6563
115.9322,0.5949,2.5618
115.9324,0.5994,2.5833
115.9326,0.6063,2.6109
115.9328,0.6339,2.7258
115.9330,0.6983,3.0069
115.9332,0.6266,2.6981
115.9334,0.6676,2.8707
115.9336,0.6957,2.9886
115.9338,0.7513,3.2276
115.9340,0.7717,3.3244
115.9342,0.6169,2.6551
115.9344,0.6104,2.6297
115.9346,0.5625,2.4253
115.9348,0.5567,2.3994
115.9350,0.5616,2.4194
115.9352,0.5481,2.3611
115.9354,0.5515,2.3738
115.9356,0.5967,2.572
115.9358,0.5812,2.5013
115.9360,0.6997,3.0075
115.9362,0.6993,3.0124
115.9364,0.5966,2.5703
115.9366,0.6364,2.7392
115.9368,0.6348,2.7345
115.9370,0.5982,2.577
115.9372,0.6021,2.5952
115.9374,0.5953,2.5681
115.9376,0.552,2.3792
115.9378,0.5495,2.3673
115.9380,0.649,2.7908
115.9382,0.7507,3.2265
115.9384,0.7156,3.0769
115.9386,0.6991,3.0091
115.9388,0.6621,2.847
115.9390,0.6663,2.8677
115.9392,0.6656,2.8646
115.9394,0.7145,3.0723
115.9396,0.765,3.2802
115.9398,0.86,3.6862
115.9400,0.9223,3.9566
115.9402,0.9036,3.8727
115.9404,0.9177,3.9333
115.9406,0.916,3.9261
115.9408,0.9114,3.9079
115.9410,0.9291,3.984
115.9412,0.9147,3.9241
115.9414,0.8943,3.8313
115.9416,0.9335,4.0012
115.9418,0.9301,3.9807
115.9420,1.0785,4.616
115.9422,1.1215,4.798
115.9424,1.1233,4.8102
115.9426,1.0575,4.5283
115.9428,1.0329,4.421
115.9430,1.0804,4.6199
115.9432,1.1612,4.9654
115.9434,1.131,4.8453
115.9436,1.0133,4.3429
115.9438,0.9888,4.246
115.9440,0.8829,3.7984
115.9442,0.7747,3.3342
115.9444,0.6779,2.9191
115.9446,0.7081,3.0464
115.9448,0.71,3.0532
115.9450,0.6943,2.9912
115.9452,0.6789,2.9246
115.9454,0.713,3.0661
115.9456,0.7605,3.2687
115.9458,0.7765,3.3388
115.9460,0.8285,3.5576
115.9462,0.8658,3.716
115.9464,0.8638,3.7073
115.9466,0.817,3.5147
115.9468,0.7882,3.3878
115.9470,0.8145,3.5023
115.9472,0.7265,3.1297
115.9474,0.638,2.7497
115.9476,0.5952,2.5664
115.9478,0.5837,2.5156
115.9480,0.5996,2.5844
115.9482,0.671,2.8892
115.9484,0.7006,3.0139
115.9486,0.7857,3.3833
115.9488,0.659,2.8402
115.9490,0.6213,2.6767
115.9492,0.6102,2.6311
115.9494,0.5815,2.504
115.9496,0.5952,2.5641
115.9498,0.6286,2.7057
115.9500,0.7223,3.1058
115.9502,0.7746,3.3337
115.9504,0.6531,2.8135
115.9506,0.687,2.9597
115.9508,0.664,2.8566
115.9510,0.687,2.9597
115.9512,0.6401,2.7552
115.9514,0.6899,2.9666
115.9516,0.7646,3.2954
115.9518,0.6501,2.7993
115.9520,0.6433,2.7725
115.9522,0.6242,2.6866
115.9524,0.7032,3.0252
115.9526,0.681,2.9298
115.9528,0.7228,3.1079
115.9530,0.7345,3.1672
115.9532,0.6314,2.72
115.9534,0.6214,2.6784
115.9536,0.617,2.6568
115.9538,0.6413,2.7655
115.9540,0.5536,2.3859
115.9542,0.5843,2.5159
115.9544,0.597,2.579
115.9546,0.4508,1.9494
115.9548,0.4122,1.7816
115.9550,0.4153,1.7959
115.9552,0.4117,1.7787
115.9554,0.4717,2.033
115.9556,0.572,2.4655
115.9558,0.5559,2.3969
115.9560,0.5421,2.3407
115.9562,0.4471,1.9306
115.9564,0.4876,2.1027
115.9566,0.5259,2.2666
115.9568,0.593,2.5536
115.9570,0.6315,2.7206
115.9572,0.5891,2.5377
115.9574,0.5518,2.3782
115.9576,0.5231,2.2568
115.9578,0.4782,2.0637
115.9580,0.471,2.0327
115.9582,0.4627,1.997
115.9584,0.4821,2.0789
115.9586,0.5495,2.3706
115.9588,0.5373,2.3167
115.9590,0.5385,2.3197
115.9592,0.5638,2.4299
115.9594,0.5635,2.4277
115.9596,0.5657,2.4393
115.9598,0.625,2.6927
115.9600,0.5855,2.5222
115.9602,0.5767,2.4857
115.9604,0.6308,2.7187
115.9606,0.593,2.5536
115.9608,0.5785,2.4899
115.9610,0.5849,2.5196
115.9612,0.6168,2.6546
115.9614,0.6079,2.6188
115.9616,0.5756,2.4799
115.9618,0.6025,2.5932
115.9620,0.6574,2.8308
115.9622,0.6282,2.7023
115.9624,0.6585,2.8302
115.9626,0.6839,2.9422
115.9628,0.6587,2.8325
115.9630,0.6934,2.9843
115.9632,0.5995,2.5851
115.9634,0.5796,2.4969
115.9636,0.5988,2.5796
115.9638,0.6045,2.6031
115.9640,0.6032,2.5975
115.9642,0.5918,2.552
115.9644,0.5416,2.3332
115.9646,0.594,2.5589
115.9648,0.556,2.3952
115.9650,0.5613,2.419
115.9652,0.5591,2.4097
115.9654,0.5625,2.4242
115.9656,0.5892,2.5347
115.9658,0.6049,2.6035
115.9660,0.5571,2.402
115.9662,0.552,2.377
115.9664,0.647,2.7781
115.9666,0.7627,3.275
115.9668,0.7879,3.391
115.9670,0.596,2.5665
115.9672,0.5997,2.5825
115.9674,0.5759,2.482
115.9676,0.6005,2.5832
115.9678,0.6969,2.9965
115.9680,0.6266,2.7019
115.9682,0.5806,2.501
115.9684,0.5723,2.4654
115.9686,0.5734,2.4666
115.9688,0.6298,2.7108
115.9690,0.5897,2.5438
115.9692,0.4894,2.1095
115.9694,0.4785,2.0653
115.9696,0.4649,2.0063
115.9698,0.464,2.0008
115.9700,0.4646,2.0053
115.9702,0.4792,2.0694
115.9704,0.4348,1.8747
115.9706,0.4796,2.0642
115.9708,0.5719,2.4661
115.9710,0.514,2.2133
115.9712,0.5698,2.4523
115.9714,0.6177,2.6612
115.9716,0.631,2.716
115.9718,0.674,2.8994
115.9720,0.6857,2.9472
115.9722,0.7207,3.0991
115.9724,0.7018,3.0148
115.9726,0.7834,3.3625
115.9728,0.7785,3.3414
115.9730,0.7806,3.3532
115.9732,0.7789,3.346
115.9734,0.7477,3.2031
115.9736,0.9262,3.9643
115.9738,1.056,4.5174
115.9740,1.0616,4.5436
115.9742,1.0293,4.4056
115.9744,0.9983,4.2787
115.9746,0.9651,4.1402
115.9748,0.938,4.0258
115.9750,0.8529,3.6604
115.9752,0.8959,3.8434
115.9754,0.9314,3.9882
115.9756,0.9695,4.1515
115.9758,0.9473,4.0641
115.9760,0.9099,3.8999
115.9762,0.9385,4.0279
115.9764,0.8839,3.7937
115.9766,0.9267,3.9756
115.9768,0.9316,3.9948
115.9770,0.9105,3.9061
115.9772,0.8808,3.7839
115.9774,0.8216,3.5278
115.9776,0.8603,3.6872
115.9778,0.8764,3.7666
115.9780,0.8033,3.4511
115.9782,0.864,3.7083
115.9784,0.8674,3.721
115.9786,0.874,3.7528
115.9788,0.8889,3.8136
115.9790,0.9299,3.9951
115.9792,0.827,3.5542
115.9794,0.8026,3.448
115.9796,0.8377,3.5989
115.9798,0.8852,3.7994
115.9800,0.9145,3.9231
115.9802,0.8923,3.8315
115.9804,0.8429,3.6177
115.9806,0.862,3.7013
115.9808,0.8762,3.766
115.9810,0.8544,3.6671
115.9812,0.8582,3.687
115.9814,0.8505,3.6535
115.9816,0.8452,3.6292
115.9818,0.8472,3.6413
115.9820,0.8282,3.5627
115.9822,0.8055,3.4572
115.9824,0.8819,3.7867
115.9826,0.8357,3.5952
115.9828,0.7885,3.3872
115.9830,0.8176,3.5108
115.9832,0.8406,3.6113
115.9834,0.8343,3.5857
115.9836,0.8029,3.4491
115.9838,0.8297,3.5694
115.9840,0.7744,3.3363
115.9842,0.7134,3.0691
115.9844,0.775,3.3311
115.9846,0.7413,3.1907
115.9848,0.6869,2.9578
115.9850,0.6806,2.9305
115.9852,0.7465,3.207
115.9854,0.8388,3.6036
115.9856,0.7539,3.2495
115.9858,0.6779,2.9205
115.9860,0.681,2.9325
115.9862,0.6158,2.6529
115.9864,0.6061,2.6123
115.9866,0.6002,2.5894
115.9868,0.5888,2.5379
115.9870,0.5953,2.5693
115.9872,0.5342,2.3054
115.9874,0.5354,2.3074
115.9876,0.5782,2.493
115.9878,0.5397,2.3292
115.9880,0.5369,2.3173
115.9882,0.531,2.2909
115.9884,0.5373,2.3113
115.9886,0.679,2.9278
115.9888,0.6495,2.8006
115.9890,0.6017,2.5944
115.9892,0.549,2.3685
115.9894,0.537,2.3157
115.9896,0.538,2.3209
115.9898,0.536,2.3121
115.9900,0.5368,2.3157
115.9902,0.5356,2.3106
115.9904,0.5403,2.3296
115.9906,0.538,2.3198
115.9908,0.5333,2.2997
115.9910,0.533,2.2992
115.9912,0.5665,2.444
115.9914,0.5328,2.2976
115.9916,0.5326,2.2976
115.9918,0.5562,2.3928
115.9920,0.6913,2.9769
115.9922,0.6407,2.7629
115.9924,0.5538,2.3881
115.9926,0.5419,2.3369
115.9928,0.5386,2.3224
115.9930,0.5344,2.3054
115.9932,0.5315,2.294
115.9934,0.5303,2.2867
115.9936,0.5336,2.3018
115.9938,0.5237,2.2583
115.9940,0.5483,2.3654
115.9942,0.5357,2.3111
115.9944,0.5156,2.2221
115.9946,0.541,2.3338
115.9948,0.5392,2.325
115.9950,0.5366,2.3093
115.9952,0.6184,2.6618
115.9954,0.7011,3.0145
115.9956,0.7192,3.0924
115.9958,0.714,3.0717
115.9960,0.6726,2.8991
115.9962,0.5884,2.5358
115.9964,0.531,2.2909
115.9966,0.5405,2.3264
115.9968,0.6235,2.6835
115.9970,0.5985,2.5809
115.9972,0.6242,2.6866
115.9974,0.6852,2.9479
115.9976,0.6164,2.6555
115.9978,0.6045,2.6031
115.9980,0.6391,2.7518
115.9982,0.6406,2.756
115.9984,0.635,2.733
115.9986,0.7019,3.0182
115.9988,0.768,3.3007
115.9990,0.7505,3.2285
115.9992,0.6815,2.9332
115.9994,0.6684,2.8756
115.9996,0.7256,3.1188
115.9998,0.7463,3.2059
116.0000,0.7147,3.0733
116.0002,0.7055,3.0336
116.0004,0.7591,3.2641
116.0006,0.7611,3.2759
116.0008,0.6949,2.991
116.0010,0.6778,2.9159
116.0012,0.6843,2.9451
116.0014,0.6539,2.8145
116.0016,0.5891,2.5389
116.0018,0.5885,2.5328
116.0020,0.643,2.7663
116.0022,0.6527,2.8107
116.0024,0.6304,2.7172
116.0026,0.5714,2.4641
116.0028,0.5078,2.1885
116.0030,0.5641,2.4325
116.0032,0.5746,2.4752
116.0034,0.5684,2.4477
116.0036,0.5622,2.4243
116.0038,0.5413,2.3354
116.0040,0.5153,2.2221
116.0042,0.5157,2.2216
116.0044,0.6083,2.6216
116.0046,0.5814,2.5058
116.0048,0.5893,2.5352
116.0050,0.6144,2.6455
116.0052,0.6648,2.8628
116.0054,0.6997,3.0089
116.0056,0.6677,2.8739
116.0058,0.7216,3.0969
116.0060,0.881,3.7778
116.0062,0.9084,3.8951
116.0064,0.859,3.685
116.0066,0.8827,3.785
116.0068,0.914,3.9211
116.0070,0.9028,3.875
116.0072,0.8788,3.7716
116.0074,0.9039,3.876
116.0076,0.9079,3.8912
116.0078,0.9452,4.0491
116.0080,0.9978,4.2806
116.0082,0.9471,4.063
116.0084,0.917,3.9339
116.0086,0.8867,3.8109
116.0088,0.8458,3.6301
116.0090,0.8957,3.8424
116.0092,0.9045,3.8768
116.0094,0.9183,3.9414
116.0096,0.8892,3.8164
116.0098,0.8847,3.7956
116.0100,0.8883,3.8181
116.0102,0.8677,3.726
116.0104,0.915,3.9252
116.0106,0.9063,3.8918
116.0108,0.8689,3.7294
116.0110,0.8229,3.5367
116.0112,0.8027,3.4485
116.0114,0.8013,3.4424
116.0116,0.8247,3.5478
116.0118,0.8193,3.5147
116.0120,0.9515,4.0783
116.0122,0.9338,4.019
116.0124,0.7404,3.1881
116.0126,0.6953,2.9912
116.0128,0.6935,2.9835
116.0130,0.6989,3.0109
116.0132,0.6906,2.9766
116.0134,0.6614,2.8505
116.0136,0.6093,2.6262
116.0138,0.6313,2.7157
116.0140,0.6901,2.9718
116.0142,0.6797,2.9228
116.0144,0.6874,2.9585
116.0146,0.6774,2.917
116.0148,0.682,2.9353
116.0150,0.7324,3.1506
116.0152,0.7644,3.2883
116.0154,0.7175,3.0881
116.0156,0.6881,2.9602
116.0158,0.7304,3.1438
116.0160,0.6682,2.8773
116.0162,0.6521,2.8081
116.0164,0.6792,2.9234
116.0166,0.7081,3.0464
116.0168,0.6687,2.878
116.0170,0.6718,2.8968
116.0172,0.5786,2.4962
116.0174,0.5186,2.234
116.0176,0.6223,2.6783
116.0178,0.6296,2.7136
116.0180,0.6093,2.625
116.0182,0.6482,2.7924
116.0184,0.6617,2.8441
116.0186,0.779,3.3497
116.0188,0.778,3.3518
116.0190,0.6913,2.9769
116.0192,0.6713,2.888
116.0194,0.6961,2.9962
116.0196,0.6887,2.9642
116.0198,0.6851,2.9542
116.0200,0.6171,2.6623
116.0202,0.5843,2.5171
116.0204,0.59,2.5442
116.0206,0.5812,2.5059
116.0208,0.5869,2.5284
116.0210,0.5965,2.5709
116.0212,0.6119,2.6371
116.0214,0.6448,2.7779
116.0216,0.5967,2.5744
116.0218,0.5675,2.4436
116.0220,0.6652,2.8684
116.0222,0.5984,2.578
116.0224,0.6048,2.6066
116.0226,0.626,2.6956
116.0228,0.6538,2.8153
116.0230,0.5942,2.5635
116.0232,0.5794,2.4959
116.0234,0.6585,2.8381
116.0236,0.5638,2.4321
116.0238,0.4695,2.0256
116.0240,0.4685,2.0228
116.0242,0.4566,1.9715
116.0244,0.465,2.005
116.0246,0.5018,2.1677
116.0248,0.4507,1.9479
116.0250,0.4489,1.9384
116.0252,0.445,1.9213
116.0254,0.4471,1.9306
116.0256,0.4472,1.9311
116.0258,0.4481,1.933
116.0260,0.4494,1.9387
116.0262,0.4593,1.9825
116.0264,0.5188,2.2381
116.0266,0.5535,2.3876
116.0268,0.5077,2.19
116.0270,0.4536,1.9595
116.0272,0.4466,1.9285
116.0274,0.4446,1.918
116.0276,0.4465,1.928
116.0278,0.445,1.9204
116.0280,0.4405,1.9013
116.0282,0.4356,1.8809
116.0284,0.4277,1.8459
116.0286,0.4906,2.1146
116.0288,0.5696,2.4506
116.0290,0.6232,2.6837
116.0292,0.5825,2.5105
116.0294,0.4936,2.1266
116.0296,0.5581,2.4044
116.0298,0.5466,2.3571
116.0300,0.4844,2.0897
116.0302,0.4908,2.1161
116.0304,0.5457,2.3518
116.0306,0.5762,2.4824
116.0308,0.517,2.2304
116.0310,0.492,2.1223
116.0312,0.4821,2.0789
116.0314,0.4874,2.1016
116.0316,0.4851,2.0918
116.0318,0.4914,2.1187
116.0320,0.5453,2.3492
116.0322,0.612,2.6364
116.0324,0.5948,2.5578
116.0326,0.6753,2.8983
116.0328,0.797,3.419
116.0330,0.8333,3.5816
116.0332,0.6916,2.9724
116.0334,0.649,2.7973
116.0336,0.5989,2.5801
116.0338,0.5676,2.4475
116.0340,0.5045,2.1766
116.0342,0.492,2.1223
116.0344,0.4808,2.0742
116.0346,0.4761,2.053
116.0348,0.468,2.017
116.0350,0.4702,2.0287
116.0352,0.5599,2.4111
116.0354,0.638,2.7485
116.0356,0.5121,2.2092
116.0358,0.4681,2.0193
116.0360,0.4688,2.0224
116.0362,0.4566,1.9706
116.0364,0.4367,1.8803
116.0366,0.5548,2.3855
116.0368,0.687,2.9597
116.0370,0.5428,2.3416
116.0372,0.5131,2.2113
116.0374,0.5668,2.4428
116.0376,0.5485,2.3631
116.0378,0.5283,2.2779
116.0380,0.543,2.3372
116.0382,0.6511,2.7996
116.0384,0.714,3.0703
116.0386,0.7471,3.2051
116.0388,0.7978,3.4259
116.0390,0.7704,3.3095
116.0392,0.8003,3.4271
116.0394,0.9445,4.0423
116.0396,0.9712,4.1568
116.0398,0.9788,4.193
116.0400,1.0055,4.3036
116.0402,1.0514,4.4917
116.0404,1.0867,4.651
116.0406,1.0406,4.4581
116.0408,1.0104,4.3226
116.0410,1.0792,4.6127
116.0412,1.1298,4.8312
116.0414,1.1096,4.749
116.0416,1.0462,4.4817
116.0418,1.0464,4.4744
116.0420,1.1038,4.7222
116.0422,1.1333,4.8551
116.0424,1.0158,4.3477
116.0426,0.9692,4.1578
116.0428,0.961,4.1189
116.0430,0.9792,4.199
116.0432,0.9232,3.9626
116.0434,0.9098,3.905
116.0436,0.8981,3.8563
116.0438,0.8008,3.442
116.0440,0.7861,3.3786
116.0442,0.7885,3.3857
116.0444,0.8147,3.5017
116.0446,0.8237,3.5404
116.0448,0.855,3.6681
116.0450,0.8908,3.8178
116.0452,0.911,3.9119
116.0454,0.9155,3.9236
116.0456,0.9947,4.2574
116.0458,1.0175,4.3589
116.0460,0.945,4.0576
116.0462,0.8806,3.7847
116.0464,0.8724,3.7461
116.0466,0.9241,3.957
116.0468,0.9768,4.1946
116.0470,0.862,3.7048
116.0472,0.7935,3.4105
116.0474,0.7686,3.3064
116.0476,0.7567,3.2569
116.0478,0.756,3.2523
116.0480,0.7641,3.2843
116.0482,0.8205,3.5232
116.0484,0.8441,3.6263
116.0486,0.8429,3.6212
116.0488,0.8535,3.6665
116.0490,0.8465,3.6383
116.0492,0.7789,3.3492
116.0494,0.7946,3.4152
116.0496,0.7995,3.4411
116.0498,0.7005,3.0162
116.0500,0.6806,2.9305
116.0502,0.6838,2.9417
116.0504,0.7307,3.142
116.0506,0.7537,3.2394
116.0508,0.7628,3.2862
116.0510,0.6881,2.9644
116.0512,0.6904,2.9729
116.0514,0.6854,2.9512
116.0516,0.7357,3.1592
116.0518,0.83,3.5639
116.0520,0.7911,3.4113
116.0522,0.6045,2.6044
116.0524,0.6039,2.6018
116.0526,0.6831,2.9441
116.0528,0.6589,2.841
116.0530,0.6033,2.598
116.0532,0.6396,2.7565
116.0534,0.5789,2.4973
116.0536,0.5498,2.3705
116.0538,0.559,2.4115
116.0540,0.5535,2.3888
116.0542,0.5452,2.352
116.0544,0.549,2.3685
116.0546,0.5409,2.3355
116.0548,0.5346,2.3043
116.0550,0.6597,2.838
116.0552,0.6651,2.8653
116.0554,0.5776,2.4893
116.0556,0.5409,2.3323
116.0558,0.5422,2.3401
116.0560,0.5367,2.3153
116.0562,0.5406,2.3312
116.0564,0.5445,2.3489
116.0566,0.5797,2.4952
116.0568,0.6477,2.7904
116.0570,0.5948,2.5637
116.0572,0.5569,2.4016
116.0574,0.5699,2.4597
116.0576,0.5657,2.4382
116.0578,0.5836,2.5128
116.0580,0.6162,2.6557
116.0582,0.6387,2.7478
116.0584,0.7257,3.1247
116.0586,0.6626,2.8557
116.0588,0.5466,2.3582
116.0590,0.5529,2.3818
116.0592,0.6234,2.6818
116.0594,0.6629,2.856
116.0596,0.6929,2.9782
116.0598,0.7719,3.3178
116.0600,0.7179,3.0897
116.0602,0.674,2.8967
116.0604,0.6936,2.9868
116.0606,0.644,2.7731
116.0608,0.6766,2.9121
116.0610,0.7057,3.0389
116.0612,0.641,2.7589
116.0614,0.6183,2.6626
116.0616,0.6615,2.8458
116.0618,0.7495,3.2214
116.0620,0.7704,3.308
116.0622,0.7622,3.2821
116.0624,0.6915,2.9734
116.0626,0.7276,3.1285
116.0628,0.7056,3.037
116.0630,0.6791,2.9243
116.0632,0.6921,2.9746
116.0634,0.7557,3.2467
116.0636,0.8107,3.4794
116.0638,0.7657,3.2971
116.0640,0.6669,2.8703
116.0642,0.721,3.106
116.0644,0.6802,2.9276
116.0646,0.6682,2.8733
116.0648,0.6864,2.9544
116.0650,0.6874,2.9545
116.0652,0.7087,3.049
116.0654,0.6844,2.9429
116.0656,0.7537,3.2379
116.0658,0.7819,3.3637
116.0660,0.7565,3.2543
116.0662,0.7574,3.2539
116.0664,0.7715,3.3203
116.0666,0.6758,2.9112
116.0668,0.6211,2.672
116.0670,0.6322,2.725
116.0672,0.5842,2.5178
116.0674,0.6201,2.6728
116.0676,0.5683,2.4495
116.0678,0.5303,2.2889
116.0680,0.4838,2.0881
116.0682,0.4905,2.1141
116.0684,0.5589,2.4109
116.0686,0.5054,2.1813
116.0688,0.4839,2.0877
116.0690,0.4788,2.0683
116.0692,0.4687,2.0248
116.0694,0.4435,1.9142
116.0696,0.4478,1.932
116.0698,0.5173,2.2335
116.0700,0.4478,1.9355
116.0702,0.3972,1.7145
116.0704,0.4177,1.8021
116.0706,0.459,1.9792
116.0708,0.5229,2.2558
116.0710,0.509,2.1958
116.0712,0.4939,2.1296
116.0714,0.5176,2.2289
116.0716,0.6149,2.6439
116.0718,0.7059,3.0324
116.0720,0.6947,2.9859
116.0722,0.7322,3.1457
116.0724,0.8185,3.5144
116.0726,0.8083,3.4707
116.0728,0.7813,3.3564
116.0730,0.7819,3.3621
116.0732,0.7842,3.3625
116.0734,0.9073,3.8887
116.0736,0.9232,3.957
116.0738,0.9366,4.016
116.0740,0.9572,4.1006
116.0742,1.0009,4.2921
116.0744,0.9801,4.1987
116.0746,0.9812,4.2072
116.0748,0.9171,3.94
116.0750,0.8659,3.7166
116.0752,0.8673,3.7223
116.0754,0.8325,3.5697
116.0756,0.879,3.7745
116.0758,0.8864,3.8081
116.0760,0.9036,3.8782
116.0762,0.8938,3.8378
116.0764,0.8688,3.7255
116.0766,0.9354,4.009
116.0768,0.9671,4.149
116.0770,0.9599,4.1143
116.0772,0.9508,4.0886
116.0774,0.7836,3.3709
116.0776,0.7505,3.23
116.0778,0.7045,3.0267
116.0780,0.8017,3.4456
116.0782,0.8331,3.5756
116.0784,0.8697,3.7326
116.0786,0.8664,3.7204
116.0788,0.8127,3.4946
116.0790,0.7953,3.4183
116.0792,0.8645,3.7156
116.0794,0.7906,3.3982
116.0796,0.8092,3.4797
116.0798,0.8072,3.4709
116.0800,0.7788,3.3503
116.0802,0.7694,3.3069
116.0804,0.8472,3.6414
116.0806,0.8134,3.4977
116.0808,0.792,3.4102
116.0810,0.7276,3.1315
116.0812,0.7361,3.1666
116.0814,0.7239,3.114
116.0816,0.7453,3.2078
116.0818,0.7363,3.1662
116.0820,0.7849,3.3719
116.0822,0.8204,3.5309
116.0824,0.7336,3.1602
116.0826,0.695,2.9883
116.0828,0.7923,3.4054
116.0830,0.8151,3.5017
116.0832,0.8211,3.534
116.0834,0.7454,3.2039
116.0836,0.7655,3.293
116.0838,0.7511,3.2311
116.0840,0.7767,3.3446
116.0842,0.731,3.1508
116.0844,0.6751,2.9068
116.0846,0.63,2.7139
116.0848,0.6204,2.6676
116.0850,0.7607,3.2693
116.0852,0.7838,3.3735
116.0854,0.6827,2.9425
116.0856,0.6123,2.6404
116.0858,0.6303,2.7167
116.0860,0.6057,2.6168
116.0862,0.4779,2.0637
116.0864,0.5091,2.1963
116.0866,0.4775,2.0626
116.0868,0.4763,2.0584
116.0870,0.4782,2.0638
116.0872,0.5204,2.247
116.0874,0.4638,2.0035
116.0876,0.4565,1.9719
116.0878,0.4548,1.9629
116.0880,0.4531,1.9556
116.0882,0.4736,2.0432
116.0884,0.5438,2.3458
116.0886,0.4868,2.103
116.0888,0.4647,2.0068
116.0890,0.4544,1.9631
116.0892,0.449,1.9389
116.0894,0.4499,1.9426
116.0896,0.4498,1.9411
116.0898,0.451,1.9472
116.0900,0.4459,1.9255
116.0902,0.4483,1.9358
116.0904,0.4519,1.9523
116.0906,0.4694,2.0251
116.0908,0.5061,2.1854
116.0910,0.4551,1.9635
116.0912,0.5059,2.1813
116.0914,0.5096,2.1994
116.0916,0.4569,1.9713
116.0918,0.4476,1.9318
116.0920,0.4445,1.9201
116.0922,0.4469,1.9296
116.0924,0.4459,1.9246
116.0926,0.443,1.913
116.0928,0.439,1.8946
116.0930,0.4831,2.0821
116.0932,0.5183,2.2361
116.0934,0.4688,2.0234
116.0936,0.4698,2.0266
116.0938,0.4897,2.1125
116.0940,0.4523,1.952
116.0942,0.4687,2.0229
116.0944,0.4734,2.0421
116.0946,0.4616,1.9896
116.0948,0.5209,2.2428
116.0950,0.6045,2.6008
116.0952,0.6289,2.7067
116.0954,0.59,2.5419
116.0956,0.5543,2.3902
116.0958,0.5018,2.1647
116.0960,0.4499,1.9417
116.0962,0.4626,1.9965
116.0964,0.4716,2.0306
116.0966,0.544,2.3446
116.0968,0.5608,2.4159
116.0970,0.6019,2.5906
116.0972,0.5899,2.539
116.0974,0.6197,2.667
116.0976,0.623,2.6815
116.0978,0.6171,2.6537
116.0980,0.6174,2.6597
116.0982,0.5851,2.5184
116.0984,0.6209,2.6722
116.0986,0.6469,2.779
116.0988,0.6888,2.9606
116.0990,0.749,3.2193
116.0992,0.7452,3.2043
116.0994,0.7108,3.0549
116.0996,0.734,3.1564
116.0998,0.6996,3.007
116.1000,0.7424,3.188
116.1002,0.731,3.1406
116.1004,0.7227,3.1089
116.1006,0.6982,3.0008
116.1008,0.7486,3.2218
116.1010,0.6463,2.7816
116.1012,0.6771,2.9101
116.1014,0.7258,3.1165
116.1016,0.7451,3.2023
116.1018,0.674,2.9008
116.1020,0.6501,2.7942
116.1022,0.6764,2.9111
116.1024,0.6427,2.7674
116.1026,0.659,2.8376
116.1028,0.6301,2.7119
116.1030,0.5721,2.4633
116.1032,0.5778,2.4881
116.1034,0.5787,2.494
116.1036,0.5212,2.2475
116.1038,0.4954,2.1343
116.1040,0.5436,2.3442
116.1042,0.5162,2.2258
116.1044,0.5037,2.171
116.1046,0.5745,2.4747
116.1048,0.6152,2.6479
116.1050,0.6402,2.7527
116.1052,0.6936,2.9799
116.1054,0.7109,3.0555
116.1056,0.734,3.1476
116.1058,0.8939,3.8294
116.1060,0.9595,4.1142
116.1062,0.9185,3.9402
116.1064,0.9045,3.8787
116.1066,0.8562,3.6732
116.1068,0.8481,3.6399
116.1070,0.8832,3.7819
116.1072,0.9795,4.2039
116.1074,0.9062,3.8877
116.1076,0.9171,3.9272
116.1078,0.9834,4.2111
116.1080,0.9399,4.0341
116.1082,0.8375,3.593
116.1084,0.8723,3.7439
116.1086,0.8529,3.6639
116.1088,0.8597,3.6898
116.1090,0.8362,3.5873
116.1092,0.8315,3.5706
116.1094,0.8217,3.5316
116.1096,0.8129,3.4908
116.1098,0.8054,3.4567
116.1100,0.839,3.5991
116.1102,0.9165,3.9374
116.1104,0.8207,3.5242
116.1106,0.779,3.3497
116.1108,0.7693,3.3049
116.1110,0.8488,3.6413
116.1112,0.8706,3.7367
116.1114,0.8333,3.585
116.1116,0.8035,3.4517
116.1118,0.8707,3.7389
116.1120,0.8398,3.6061
116.1122,0.8048,3.4622
116.1124,0.7591,3.2641
116.1126,0.7677,3.2967
116.1128,0.8352,3.5849
116.1130,0.8549,3.671
116.1132,0.8254,3.5509
116.1134,0.8227,3.5358
116.1136,0.7483,3.2207
116.1138,0.7291,3.1367
116.1140,0.7706,3.3121
116.1142,0.7635,3.2802
116.1144,0.7864,3.377
116.1146,0.8404,3.6103
116.1148,0.8533,3.666
116.1150,0.849,3.644
116.1152,0.8456,3.6325
116.1154,0.7643,3.2863
116.1156,0.7637,3.2868
116.1158,0.6952,2.9907
116.1160,0.6986,3.0066
116.1162,0.714,3.0746
116.1164,0.7069,3.0427
116.1166,0.7189,3.0943
116.1168,0.7056,3.0398
116.1170,0.6768,2.9159
116.1172,0.6768,2.9118
116.1174,0.683,2.9408
116.1176,0.6471,2.7865
116.1178,0.7165,3.0725
116.1180,0.871,3.7452
116.1182,0.7646,3.2924
116.1184,0.7567,3.2553
116.1186,0.7602,3.2673
116.1188,0.7641,3.2873
116.1190,0.6965,2.9992
116.1192,0.6548,2.8195
116.1194,0.6537,2.8149
116.1196,0.6954,2.9932
116.1198,0.732,3.1506
116.1200,0.7203,3.1
116.1202,0.6789,2.9247
116.1204,0.6794,2.9281
116.1206,0.6228,2.6817
116.1208,0.6183,2.6626
116.1210,0.6201,2.6715
116.1212,0.6898,2.9675
116.1214,0.729,3.1377
116.1216,0.6876,2.9596
116.1218,0.6788,2.9201
116.1220,0.6711,2.8924
116.1222,0.5541,2.3903
116.1224,0.5345,2.3049
116.1226,0.5352,2.3101
116.1228,0.533,2.3003
116.1230,0.5698,2.4569
116.1232,0.5806,2.5011
116.1234,0.5754,2.4812
116.1236,0.5532,2.3866
116.1238,0.5459,2.3529
116.1240,0.5468,2.3565
116.1242,0.5598,2.4106
116.1244,0.6999,3.0164
116.1246,0.609,2.6259
116.1248,0.54,2.3308
116.1250,0.5363,2.3137
116.1252,0.5263,2.2692
116.1254,0.5186,2.2371
116.1256,0.5204,2.2459
116.1258,0.5191,2.2371
116.1260,0.5271,2.2728
116.1262,0.5235,2.2584
116.1264,0.5255,2.2661
116.1266,0.5258,2.2671
116.1268,0.5239,2.2589
116.1270,0.5267,2.2702
116.1272,0.5729,2.4692
116.1274,0.5771,2.4884
116.1276,0.5655,2.4337
116.1278,0.6139,2.6447
116.1280,0.6414,2.7617
116.1282,0.6881,2.9589
116.1284,0.7187,3.0875
116.1286,0.7457,3.2064
116.1288,0.7066,3.0454
116.1290,0.634,2.7315
116.1292,0.6068,2.613
116.1294,0.6542,2.8143
116.1296,0.6603,2.8446
116.1298,0.5851,2.5219
116.1300,0.5712,2.4619
116.1302,0.5725,2.4688
116.1304,0.5673,2.4438
116.1306,0.571,2.4598
116.1308,0.6168,2.6534
116.1310,0.7662,3.2884
116.1312,0.8179,3.5151
116.1314,0.7482,3.2142
116.1316,0.7565,3.2528
116.1318,0.715,3.0801
116.1320,0.6629,2.8546
116.1322,0.6519,2.8045
116.1324,0.6471,2.7826
116.1326,0.6825,2.9374
116.1328,0.6538,2.8167
116.1330,0.6324,2.723
116.1332,0.6519,2.8097
116.1334,0.5824,2.51
116.1336,0.5236,2.2599
116.1338,0.489,2.1104
116.1340,0.4843,2.0921
116.1342,0.4809,2.0747
116.1344,0.5243,2.2588
116.1346,0.5794,2.5006
116.1348,0.5151,2.2201
116.1350,0.5382,2.322
116.1352,0.5063,2.1844
116.1354,0.4349,1.8778
116.1356,0.3849,1.6627
116.1358,0.4225,1.8245
116.1360,0.3839,1.6586
116.1362,0.3866,1.67
116.1364,0.4042,1.7461
116.1366,0.4327,1.8668
116.1368,0.5043,2.1716
116.1370,0.5826,2.5064
116.1372,0.6892,2.9663
116.1374,0.6675,2.8702
116.1376,0.6845,2.9435
116.1378,0.6745,2.9028
116.1380,0.6905,2.9665
116.1382,0.7784,3.3409
116.1384,0.8171,3.5022
116.1386,0.9729,4.164
116.1388,1.0336,4.4216
116.1390,1.0846,4.6379
116.1392,1.0885,4.6521
116.1394,1.0746,4.6013
116.1396,1.0773,4.6088
116.1398,1.1521,4.9289
116.1400,1.1217,4.7941
116.1402,1.0982,4.7002
116.1404,1.0326,4.4257
116.1406,0.9848,4.2187
116.1408,1.0766,4.6014
116.1410,1.1632,4.9714
116.1412,1.1596,4.963
116.1414,1.1322,4.8483
116.1416,1.0658,4.5617
116.1418,1.0736,4.5929
116.1420,1.0921,4.6741
116.1422,1.1204,4.7885
116.1424,1.1435,4.8919
116.1426,1.1241,4.8201
116.1428,0.97,4.1633
116.1430,0.873,3.747
116.1432,0.8741,3.7498
116.1434,0.9083,3.8946
116.1436,0.9592,4.1189
116.1438,0.9554,4.0967
116.1440,0.994,4.2642
116.1442,0.8867,3.811
116.1444,0.8171,3.5137
116.1446,0.7848,3.3729
116.1448,0.8646,3.7092
116.1450,0.8783,3.7661
116.1452,0.8997,3.8725
116.1454,0.724,3.1174
116.1456,0.7268,3.1298
116.1458,0.7631,3.2827
116.1460,0.7584,3.2595
116.1462,0.7904,3.3971
116.1464,0.7764,3.3384
116.1466,0.7272,3.1314
116.1468,0.7188,3.0938
116.1470,0.7563,3.2538
116.1472,0.7734,3.327
116.1474,0.7802,3.3549
116.1476,0.7679,3.3079
116.1478,0.6966,2.9983
116.1480,0.6713,2.8908
116.1482,0.6858,2.9532
116.1484,0.7412,3.1947
116.1486,0.6394,2.7573
116.1488,0.6101,2.6269
116.1490,0.6496,2.8025
116.1492,0.648,2.7927
116.1494,0.6105,2.6327
116.1496,0.589,2.5408
116.1498,0.5952,2.5641
116.1500,0.6,2.5884
116.1502,0.6,2.5908
116.1504,0.541,2.336
116.1506,0.5125,2.2097
116.1508,0.6125,2.6373
116.1510,0.633,2.7281
116.1512,0.5996,2.5856
116.1514,0.5764,2.4865
116.1516,0.5669,2.4467
116.1518,0.5086,2.1952
116.1520,0.5189,2.2418
116.1522,0.5338,2.3071
116.1524,0.4572,1.9741
116.1526,0.4475,1.9331
116.1528,0.4546,1.9628
116.1530,0.4386,1.8939
116.1532,0.4505,1.9451
116.1534,0.4751,2.0494
116.1536,0.5657,2.4427
116.1538,0.4909,2.1216
116.1540,0.4526,1.9545
116.1542,0.4844,2.0907
116.1544,0.4836,2.0861
116.1546,0.4803,2.0721
116.1548,0.5309,2.2894
116.1550,0.5535,2.3866
116.1552,0.5643,2.432
116.1554,0.5549,2.3939
116.1556,0.5428,2.3416
116.1558,0.5355,2.3112
116.1560,0.5182,2.2315
116.1562,0.6462,2.7811
116.1564,0.596,2.5713
116.1566,0.4677,2.0188
116.1568,0.4502,1.9441
116.1570,0.4499,1.9408
116.1572,0.542,2.3337
116.1574,0.6141,2.6457
116.1576,0.5825,2.5128
116.1578,0.5408,2.3296
116.1580,0.6116,2.63
116.1582,0.6882,2.9622
116.1584,0.6832,2.9378
116.1586,0.6806,2.9292
116.1588,0.68,2.9266
116.1590,0.6942,2.9838
116.1592,0.7363,3.1632
116.1594,0.7327,3.1507
116.1596,0.6875,2.9618
116.1598,0.599,2.5782
116.1600,0.6179,2.6593
116.1602,0.6778,2.9146
116.1604,0.7267,3.1249
116.1606,0.7441,3.1952
116.1608,0.7616,3.275
116.1610,0.7418,3.1914
116.1612,0.7446,3.1988
116.1614,0.7286,3.1288
116.1616,0.7286,3.1376
116.1618,0.582,2.5085
116.1620,0.6165,2.6499
116.1622,0.6836,2.9462
116.1624,0.5891,2.5437
116.1626,0.5067,2.1859
116.1628,0.504,2.173
116.1630,0.4934,2.1275
116.1632,0.4936,2.1296
116.1634,0.4958,2.1399
116.1636,0.5442,2.3413
116.1638,0.7081,3.0436
116.1640,0.8258,3.5475
116.1642,0.8393,3.604
116.1644,0.8225,3.5352
116.1646,0.734,3.1535
116.1648,0.7067,3.0402
116.1650,0.6812,2.9331
116.1652,0.667,2.8695
116.1654,0.6788,2.9241
116.1656,0.5983,2.5787
116.1658,0.5759,2.4832
116.1660,0.5669,2.4422
116.1662,0.5586,2.4088
116.1664,0.4815,2.0764
116.1666,0.4821,2.0809
116.1668,0.4779,2.0637
116.1670,0.4739,2.0433
116.1672,0.5171,2.2278
116.1674,0.6228,2.6842
116.1676,0.5596,2.4118
116.1678,0.4942,2.1361
116.1680,0.3912,1.6886
116.1682,0.3887,1.6777
116.1684,0.3902,1.6871
116.1686,0.3878,1.6759
116.1688,0.3881,1.6759
116.1690,0.395,1.7046
116.1692,0.4024,1.7383
116.1694,0.4267,1.8409
116.1696,0.4692,2.0203
116.1698,0.5394,2.3261
116.1700,0.5028,2.1679
116.1702,0.491,2.1152
116.1704,0.5457,2.3486
116.1706,0.6625,2.8512
116.1708,0.683,2.9367
116.1710,0.7072,3.0381
116.1712,0.7494,3.2209
116.1714,0.7559,3.2442
116.1716,0.8218,3.5256
116.1718,0.8005,3.4404
116.1720,0.7512,3.2301
116.1722,0.801,3.4329
116.1724,0.9295,3.9801
116.1726,0.9681,4.1473
116.1728,0.9717,4.1608
116.1730,0.9868,4.2274
116.1732,0.9604,4.1144
116.1734,1.0095,4.3225
116.1736,0.9728,4.1712
116.1738,0.9201,3.9455
116.1740,0.877,3.7657
116.1742,0.8319,3.5705
116.1744,0.8444,3.6223
116.1746,0.8264,3.5484
116.1748,0.856,3.6756
116.1750,0.8518,3.661
116.1752,0.8023,3.4465
116.1754,0.818,3.5108
116.1756,0.8705,3.7344
116.1758,0.9151,3.9258
116.1760,0.9411,4.0374
116.1762,0.8412,3.614
116.1764,0.8228,3.533
116.1766,0.8446,3.6233
116.1768,0.8816,3.784
116.1770,0.9224,3.9553
116.1772,0.9759,4.1866
116.1774,0.9152,3.9263
116.1776,0.8529,3.6605
116.1778,0.8569,3.6746
116.1780,0.9343,4.0062
116.1782,0.9507,4.0823
116.1784,0.9601,4.1148
116.1786,0.9806,4.2066
116.1788,0.9592,4.117
116.1790,0.8945,3.8409
116.1792,0.8045,3.4579
116.1794,0.7627,3.2796
116.1796,0.8147,3.5034
116.1798,0.8433,3.621
116.1800,0.8451,3.6321
116.1802,0.808,3.4713
116.1804,0.8388,3.6037
116.1806,0.7956,3.4209
116.1808,0.7476,3.2132
116.1810,0.7459,3.2089
116.1812,0.7596,3.2632
116.1814,0.8139,3.4998
116.1816,0.8201,3.5266
116.1818,0.8039,3.4554
116.1820,0.8096,3.4747
116.1822,0.8284,3.5605
116.1824,0.8638,3.7022
116.1826,0.9452,4.0568
116.1828,0.8914,3.8346
116.1830,0.7235,3.1183
116.1832,0.7063,3.0429
116.1834,0.8374,3.5958
116.1836,0.9164,3.9314
116.1838,0.926,3.9763
116.1840,0.8424,3.6208
116.1842,0.8543,3.6769
116.1844,0.765,3.2955
116.1846,0.6307,2.7183
116.1848,0.5822,2.5118
116.1850,0.5754,2.4823
116.1852,0.5772,2.4889
116.1854,0.5659,2.4415
116.1856,0.5508,2.3785
116.1858,0.5579,2.4057
116.1860,0.5614,2.4218
116.1862,0.5784,2.4941
116.1864,0.5657,2.4416
116.1866,0.5019,2.1652
116.1868,0.5428,2.3405
116.1870,0.5498,2.3705
116.1872,0.5571,2.3987
116.1874,0.6002,2.5906
116.1876,0.5326,2.2998
116.1878,0.5255,2.2682
116.1880,0.5257,2.2677
116.1882,0.5278,2.277
116.1884,0.5247,2.2646
116.1886,0.5225,2.2542
116.1888,0.5465,2.3555
116.1890,0.5687,2.4534
116.1892,0.5314,2.2914
116.1894,0.5264,2.2697
116.1896,0.5258,2.2682
116.1898,0.5296,2.2847
116.1900,0.5954,2.5616
116.1902,0.6886,2.961
116.1904,0.6986,3.0108
116.1906,0.5691,2.4549
116.1908,0.5337,2.3023
116.1910,0.5292,2.2821
116.1912,0.5278,2.278
116.1914,0.5245,2.2625
116.1916,0.5203,2.2423
116.1918,0.5245,2.2625
116.1920,0.5258,2.2671
116.1922,0.5302,2.2841
116.1924,0.5351,2.3085
116.1926,0.5206,2.247
116.1928,0.5241,2.2609
116.1930,0.5224,2.2537
116.1932,0.5236,2.2589
116.1934,0.5296,2.2837
116.1936,0.524,2.2562
116.1938,0.6061,2.6075
116.1940,0.7279,3.1272
116.1942,0.7685,3.3059
116.1944,0.7415,3.1884
116.1946,0.6864,2.9586
116.1948,0.5849,2.5209
116.1950,0.6586,2.836
116.1952,0.6426,2.7643
116.1954,0.6526,2.8102
116.1956,0.6448,2.7767
116.1958,0.6462,2.7823
116.1960,0.6549,2.8187
116.1962,0.6393,2.7542
116.1964,0.6416,2.7627
116.1966,0.6946,2.9826
116.1968,0.8303,3.5604
116.1970,0.9122,3.9134
116.1972,0.887,3.8089
116.1974,0.8629,3.7037
116.1976,0.8116,3.49
116.1978,0.7375,3.1743
116.1980,0.7249,3.1187
116.1982,0.7698,3.307
116.1984,0.7977,3.4238
116.1986,0.7801,3.3544
116.1988,0.7209,3.0997
116.1990,0.6994,3.006
116.1992,0.7041,3.0303
116.1994,0.6832,2.9419
116.1996,0.688,2.9584
116.1998,0.7151,3.0764
116.2000,0.7024,3.0217
116.2002,0.7845,3.3719
116.2004,0.7327,3.1522
116.2006,0.6719,2.8947
116.2008,0.642,2.7656
116.2010,0.6201,2.6715
116.2012,0.6119,2.6384
116.2014,0.5478,2.3634
116.2016,0.5016,2.1637
116.2018,0.4839,2.0877
116.2020,0.5011,2.1586
116.2022,0.584,2.5184
116.2024,0.5276,2.2759
116.2026,0.4808,2.0732
116.2028,0.5459,2.3529
116.2030,0.6241,2.6886
116.2032,0.6157,2.65
116.2034,0.6489,2.7864
116.2036,0.7905,3.3961
116.2038,0.762,3.275
116.2040,0.6908,2.973
116.2042,0.6849,2.9477
116.2044,0.751,3.2306
116.2046,0.7295,3.1368
116.2048,0.7406,3.1833
116.2050,0.7861,3.3754
116.2052,0.8589,3.6828
116.2054,0.9278,3.9784
116.2056,0.9547,4.0917
116.2058,0.9671,4.1432
116.2060,0.9819,4.2103
116.2062,0.9387,4.0309
116.2064,0.9571,4.102
116.2066,0.9681,4.1493
116.2068,0.9619,4.1264
116.2070,0.9758,4.1802
116.2072,1.0404,4.4508
116.2074,1.1095,4.7507
116.2076,1.1143,4.7735
116.2078,1.0698,4.5829
116.2080,1.0406,4.4602
116.2082,0.9944,4.2717
116.2084,0.8291,3.5636
116.2086,0.7435,3.2001
116.2088,0.7352,3.1645
116.2090,0.7322,3.153
116.2092,0.7012,3.0221
116.2094,0.6657,2.8665
116.2096,0.7033,3.023
116.2098,0.7601,3.2668
116.2100,0.7701,3.3116
116.2102,0.7772,3.3404
116.2104,0.7929,3.4111
116.2106,0.795,3.4167
116.2108,0.8313,3.5762
116.2110,0.7514,3.2342
116.2112,0.7177,3.0877
116.2114,0.7047,3.0329
116.2116,0.6751,2.9054
116.2118,0.7061,3.0377
116.2120,0.7363,3.1691
116.2122,0.7312,3.1455
116.2124,0.7499,3.2319
116.2126,0.6932,2.982
116.2128,0.7125,3.0607
116.2130,0.7816,3.3611
116.2132,0.7834,3.3688
116.2134,0.7405,3.1887
116.2136,0.6519,2.811
116.2138,0.6108,2.6325
116.2140,0.6536,2.813
116.2142,0.6754,2.9043
116.2144,0.7128,3.0694
116.2146,0.6994,3.0088
116.2148,0.7559,3.2502
116.2150,0.7863,3.3812
116.2152,0.7699,3.3167
116.2154,0.6579,2.8329
116.2156,0.6986,3.0094
116.2158,0.6894,2.9687
116.2160,0.6418,2.7663
116.2162,0.6097,2.6278
116.2164,0.5845,2.5205
116.2166,0.5904,2.5423
116.2168,0.6965,2.995
116.2170,0.8146,3.5061
116.2172,0.712,3.0701
116.2174,0.6023,2.597
116.2176,0.6004,2.5863
116.2178,0.6488,2.7937
116.2180,0.648,2.7875
116.2182,0.6789,2.9233
116.2184,0.6832,2.9432
116.2186,0.6999,3.0094
116.2188,0.7233,3.1114
116.2190,0.7543,3.2541
116.2192,0.5927,2.5568
116.2194,0.5368,2.3158
116.2196,0.5405,2.3296
116.2198,0.5731,2.4714
116.2200,0.5769,2.4839
116.2202,0.6601,2.8409
116.2204,0.6596,2.8428
116.2206,0.5923,2.5553
116.2208,0.6193,2.6667
116.2210,0.6209,2.6746
116.2212,0.6446,2.7769
116.2214,0.5634,2.4329
116.2216,0.4601,1.9856
116.2218,0.4493,1.9391
116.2220,0.4611,1.9903
116.2222,0.5159,2.2289
116.2224,0.4777,2.0636
116.2226,0.4495,1.9419
116.2228,0.4522,1.9542
116.2230,0.4476,1.9327
116.2232,0.4478,1.9329
116.2234,0.4452,1.9215
116.2236,0.4415,1.9063
116.2238,0.4439,1.9158
116.2240,0.4483,1.9376
116.2242,0.4457,1.9262
116.2244,0.4712,2.0319
116.2246,0.5344,2.3033
116.2248,0.4951,2.1358
116.2250,0.4578,1.9758
116.2252,0.4583,1.9779
116.2254,0.4547,1.9615
116.2256,0.4589,1.9805
116.2258,0.4597,1.985
116.2260,0.4548,1.9638
116.2262,0.4501,1.9427
116.2264,0.4414,1.9058
116.2266,0.443,1.913
116.2268,0.4435,1.9133
116.2270,0.4472,1.9294
116.2272,0.4986,2.1488
116.2274,0.5586,2.4066
116.2276,0.5873,2.5288
116.2278,0.5944,2.5629
116.2280,0.5796,2.4958
116.2282,0.6734,2.8969
116.2284,0.6115,2.6344
116.2286,0.5579,2.4057
116.2288,0.5441,2.3441
116.2290,0.5248,2.2619
116.2292,0.564,2.4298
116.2294,0.5921,2.5471
116.2296,0.631,2.7173
116.2298,0.5987,2.5791
116.2300,0.5772,2.4832
116.2302,0.6099,2.6276
116.2304,0.5867,2.5239
116.2306,0.6603,2.8393
116.2308,0.6767,2.9126
116.2310,0.6496,2.7934
116.2312,0.6796,2.921
116.2314,0.696,2.9971
116.2316,0.6761,2.906
116.2318,0.6972,2.9981
116.2320,0.6788,2.9214
116.2322,0.6722,2.893
116.2324,0.594,2.5589
116.2326,0.5396,2.3298
116.2328,0.499,2.1528
116.2330,0.4921,2.1199
116.2332,0.4863,2.099
116.2334,0.5175,2.2263
116.2336,0.6361,2.7415
116.2338,0.5169,2.2289
116.2340,0.4688,2.0215
116.2342,0.4921,2.1238
116.2344,0.4966,2.1385
116.2346,0.6444,2.7759
116.2348,0.5848,2.5168
116.2350,0.6073,2.6163
116.2352,0.585,2.519
116.2354,0.5662,2.4448
116.2356,0.4116,1.7766
116.2358,0.4191,1.807
116.2360,0.471,2.0318
116.2362,0.5265,2.2692
116.2364,0.5709,2.457
116.2366,0.618,2.6561
116.2368,0.6795,2.9232
116.2370,0.7026,3.0213
116.2372,0.6628,2.8515
116.2374,0.6538,2.8141
116.2376,0.6971,2.992
116.2378,0.8608,3.691
116.2380,0.8469,3.6331
116.2382,0.8748,3.7494
116.2384,0.9951,4.2529
116.2386,1.0747,4.5911
116.2388,1.096,4.6866
116.2390,1.1134,4.7587
116.2392,1.0772,4.6126
116.2394,1.0024,4.2942
116.2396,1.0444,4.4719
116.2398,1.0003,4.2855
116.2400,1.0117,4.3302
116.2402,1.0675,4.5667
116.2404,1.0637,4.5461
116.2406,1.1433,4.8841
116.2408,1.2059,5.1539
116.2410,1.1828,5.0531
116.2412,1.2051,5.1508
116.2414,1.188,5.0775
116.2416,1.0984,4.7079
116.2418,0.9903,4.2423
116.2420,0.9779,4.1933
116.2422,0.9831,4.2096
116.2424,1.0533,4.5125
116.2426,1.0155,4.3502
116.2428,1.0285,4.4021
116.2430,1.0908,4.6641
116.2432,1.1331,4.845
116.2434,1.1637,4.9758
116.2436,1.1465,4.9094
116.2438,1.1194,4.8023
116.2440,0.9744,4.1823
116.2442,0.9031,3.8816
116.2444,0.8569,3.6746
116.2446,0.9658,4.1434
116.2448,0.9216,3.9554
116.2450,0.9042,3.888
116.2452,0.814,3.4987
116.2454,0.8639,3.713
116.2456,0.8806,3.7776
116.2458,0.9537,4.0876
116.2460,0.9995,4.2879
116.2462,0.9851,4.2262
116.2464,0.9378,4.0286
116.2466,0.8545,3.6711
116.2468,0.925,3.9703
116.2470,0.9235,3.9655
116.2472,0.9035,3.8759
116.2474,0.968,4.1526
116.2476,0.9981,4.2857
116.2478,0.8962,3.8481
116.2480,0.9018,3.8759
116.2482,0.8748,3.7564
116.2484,0.8747,3.7559
116.2486,0.8879,3.8197
116.2488,0.839,3.6092
116.2490,0.774,3.3296
116.2492,0.7656,3.295
116.2494,0.7163,3.0844
116.2496,0.6818,2.9357
116.2498,0.7424,3.1984
116.2500,0.7515,3.2302
116.2502,0.8372,3.6015
116.2504,0.8356,3.5964
116.2506,0.7593,3.2682
116.2508,0.6868,2.956
116.2510,0.7167,3.0859
116.2512,0.7426,3.196
116.2514,0.6689,2.8858
116.2516,0.6004,2.5911
116.2518,0.6047,2.6073
116.2520,0.6181,2.664
116.2522,0.646,2.7857
116.2524,0.6393,2.7555
116.2526,0.6165,2.6573
116.2528,0.6055,2.611
116.2530,0.6169,2.6588
116.2532,0.6162,2.6582
116.2534,0.6012,2.5923
116.2536,0.6545,2.8198
116.2538,0.6537,2.8175
116.2540,0.611,2.6335
116.2542,0.602,2.596
116.2544,0.6038,2.6037
116.2546,0.6161,2.6565
116.2548,0.592,2.5513
116.2550,0.5862,2.5289
116.2552,0.5938,2.5591
116.2554,0.6177,2.6637
116.2556,0.6143,2.645
116.2558,0.6333,2.7284
116.2560,0.6162,2.6582
116.2562,0.5652,2.4384
116.2564,0.6062,2.6116
116.2566,0.6693,2.8793
116.2568,0.7104,3.0591
116.2570,0.6308,2.72
116.2572,0.6236,2.6903
116.2574,0.6044,2.6039
116.2576,0.6553,2.8216
116.2578,0.6719,2.8933
116.2580,0.6673,2.8759
116.2582,0.6637,2.8591
116.2584,0.6942,2.988
116.2586,0.7351,3.161
116.2588,0.7542,3.246
116.2590,0.7035,3.0291
116.2592,0.6477,2.7916
116.2594,0.662,2.8545
116.2596,0.6617,2.8495
116.2598,0.6171,2.6623
116.2600,0.57,2.4556
116.2602,0.6848,2.9459
116.2604,0.7023,3.0226
116.2606,0.6751,2.9027
116.2608,0.7205,3.101
116.2610,0.7349,3.1629
116.2612,0.684,2.9496
116.2614,0.6502,2.8012
116.2616,0.6887,2.9643
116.2618,0.6731,2.8999
116.2620,0.6631,2.8578
116.2622,0.674,2.9035
116.2624,0.6796,2.9237
116.2626,0.6875,2.9618
116.2628,0.6508,2.8025
116.2630,0.7307,3.142
116.2632,0.8197,3.5229
116.2634,0.8439,3.6185
116.2636,0.9429,4.0508
116.2638,0.8332,3.5844
116.2640,0.7511,3.2281
116.2642,0.8036,3.449
116.2644,0.8641,3.7123
116.2646,0.834,3.5881
116.2648,0.7189,3.0972
116.2650,0.6186,2.6685
116.2652,0.5866,2.5316
116.2654,0.5151,2.2242
116.2656,0.4935,2.13
116.2658,0.4881,2.1067
116.2660,0.4858,2.0979
116.2662,0.4839,2.0906
116.2664,0.4858,2.0969
116.2666,0.5171,2.2299
116.2668,0.5731,2.4702
116.2670,0.6031,2.603
116.2672,0.5048,2.1817
116.2674,0.4081,1.764
116.2676,0.3887,1.6793
116.2678,0.3887,1.6816
116.2680,0.3916,1.6933
116.2682,0.3893,1.6827
116.2684,0.3862,1.6684
116.2686,0.385,1.6632
116.2688,0.3929,1.6974
116.2690,0.393,1.6979
116.2692,0.4084,1.7642
116.2694,0.4394,1.8966
116.2696,0.492,2.1203
116.2698,0.5334,2.3034
116.2700,0.5,2.157
116.2702,0.5599,2.4111
116.2704,0.6451,2.7764
116.2706,0.6495,2.7955
116.2708,0.6917,2.9744
116.2710,0.7533,3.2364
116.2712,0.7989,3.4353
116.2714,0.7683,3.3038
116.2716,0.7219,3.1043
116.2718,0.7735,3.3214
116.2720,0.8346,3.5823
116.2722,0.8474,3.6351
116.2724,0.8483,3.6393
116.2726,0.8451,3.6271
116.2728,0.8187,3.5122
116.2730,0.8586,3.6886
116.2732,0.8097,3.4801
116.2734,0.8163,3.5035
116.2736,0.8632,3.7048
116.2738,0.8626,3.7005
116.2740,0.8941,3.8322
116.2742,0.8673,3.7205
116.2744,0.9127,3.9118
116.2746,1.0457,4.4755
116.2748,1.0827,4.6427
116.2750,0.8926,3.8291
116.2752,0.8981,3.8491
116.2754,0.9472,4.0693
116.2756,0.8248,3.5467
116.2758,0.7403,3.1847
116.2760,0.7158,3.0766
116.2762,0.7386,3.1789
116.2764,0.7375,3.1713
116.2766,0.7795,3.3518
116.2768,0.7464,3.208
116.2770,0.8126,3.4941
116.2772,0.7962,3.4203
116.2774,0.8569,3.6711
116.2776,0.964,4.1356
116.2778,0.9653,4.1452
116.2780,0.9012,3.8679
116.2782,0.8701,3.7381
116.2784,0.8464,3.6361
116.2786,0.8472,3.6363
116.2788,0.8272,3.557
116.2790,0.8165,3.5046
116.2792,0.8458,3.6386
116.2794,0.8131,3.4962
116.2796,0.8354,3.587
116.2798,0.8679,3.7231
116.2800,0.9338,4.0041
116.2802,0.9743,4.1838
116.2804,0.8741,3.7621
116.2806,0.7157,3.0804
116.2808,0.6929,2.9851
116.2810,0.6903,2.9751
116.2812,0.6716,2.8905
116.2814,0.7441,3.1952
116.2816,0.8026,3.4497
116.2818,0.8065,3.463
116.2820,0.9005,3.863
116.2822,0.9198,3.9495
116.2824,0.944,4.0516
116.2826,0.9314,4.0013
116.2828,0.8709,3.7394
116.2830,0.8862,3.8213
116.2832,0.6343,2.7338
116.2834,0.6427,2.7712
116.2836,0.6123,2.6392
116.2838,0.6099,2.6313
116.2840,0.5736,2.4757
116.2842,0.6002,2.5846
116.2844,0.7103,3.0586
116.2846,0.6703,2.8942
116.2848,0.5194,2.2397
116.2850,0.5121,2.2102
116.2852,0.4941,2.1336
116.2854,0.5041,2.1766
116.2856,0.5782,2.4931
116.2858,0.5837,2.518
116.2860,0.5445,2.3489
116.2862,0.5417,2.337
116.2864,0.5511,2.3784
116.2866,0.5041,2.1725
116.2868,0.5856,2.5263
116.2870,0.5318,2.2983
116.2872,0.5006,2.1656
116.2874,0.4143,1.7913
116.2876,0.3978,1.721
116.2878,0.4008,1.7324
116.2880,0.3983,1.7199
116.2882,0.4595,1.9821
116.2884,0.5127,2.2149
116.2886,0.4619,1.9943
116.2888,0.4554,1.9673
116.2890,0.4542,1.9621
116.2892,0.4512,1.9473
116.2894,0.4531,1.9547
116.2896,0.5162,2.2289
116.2898,0.4761,2.0569
116.2900,0.4536,1.9568
116.2902,0.4555,1.9669
116.2904,0.5083,2.1937
116.2906,0.5438,2.3479
116.2908,0.4769,2.06
116.2910,0.4518,1.9526
116.2912,0.4484,1.9354
116.2914,0.4472,1.9303
116.2916,0.4459,1.9255
116.2918,0.4466,1.9286
116.2920,0.4569,1.9722
116.2922,0.4551,1.9644
116.2924,0.4498,1.9429
116.2926,0.4471,1.9315
116.2928,0.4448,1.9199
116.2930,0.4484,1.9354
116.2932,0.4469,1.9278
116.2934,0.4447,1.9194
116.2936,0.4513,1.947
116.2938,0.5041,2.1705
116.2940,0.5573,2.4009
116.2942,0.5878,2.5309
116.2944,0.6074,2.6168
116.2946,0.6169,2.6527
116.2948,0.653,2.8131
116.2950,0.5882,2.5365
116.2952,0.5475,2.3585
116.2954,0.5663,2.4351
116.2956,0.6024,2.5951
116.2958,0.5909,2.5479
116.2960,0.5905,2.5404
116.2962,0.6784,2.9131
116.2964,0.8057,3.4631
116.2966,0.7894,3.3867
116.2968,0.8185,3.5144
116.2970,0.7646,3.2894
116.2972,0.6734,2.8995
116.2974,0.644,2.7705
116.2976,0.6766,2.9108
116.2978,0.728,3.1321
116.2980,0.6939,2.9851
116.2982,0.6876,2.9569
116.2984,0.7013,3.0184
116.2986,0.6746,2.8993
116.2988,0.6709,2.8847
116.2990,0.6846,2.9467
116.2992,0.7186,3.0899
116.2994,0.7315,3.147
116.2996,0.7024,3.0203
116.2998,0.6776,2.9136
116.3000,0.7099,3.0528
116.3002,0.6929,2.9823
116.3004,0.6338,2.7254
116.3006,0.6846,2.944
116.3008,0.7159,3.0785
116.3010,0.705,3.0344
116.3012,0.6504,2.8004
116.3014,0.6007,2.5915
116.3016,0.527,2.2712
116.3018,0.546,2.3523
116.3020,0.6025,2.5956
116.3022,0.5358,2.3106
116.3024,0.5006,2.1586
116.3026,0.5647,2.434
116.3028,0.6286,2.7044
116.3030,0.6002,2.587
116.3032,0.5233,2.2542
116.3034,0.6138,2.6429
116.3036,0.6266,2.6932
116.3038,0.6789,2.9219
116.3040,0.6438,2.7707
116.3042,0.673,2.8993
116.3044,0.6404,2.7563
116.3046,0.7006,3.0027
116.3048,0.9127,3.9082
116.3050,0.9914,4.2489
116.3052,0.932,3.9927
116.3054,0.9535,4.0904
116.3056,0.9417,4.0362
116.3058,0.9834,4.2111
116.3060,0.9882,4.2336
116.3062,0.9436,4.0444
116.3064,0.953,4.0864
116.3066,0.9496,4.0682
116.3068,0.947,4.0645
116.3070,0.8543,3.665
116.3072,0.8863,3.8041
116.3074,0.8508,3.6586
116.3076,0.7969,3.425
116.3078,0.7731,3.3183
116.3080,0.8061,3.463
116.3082,0.8185,3.5144
116.3084,0.8556,3.6723
116.3086,0.8664,3.7221
116.3088,0.8266,3.5511
116.3090,0.8617,3.7038
116.3092,0.8062,3.4652
116.3094,0.7982,3.4322
116.3096,0.7926,3.4048
116.3098,0.7923,3.4038
116.3100,0.8187,3.5171
116.3102,0.8144,3.5002
116.3104,0.7977,3.427
116.3106,0.8392,3.6102
116.3108,0.7742,3.3229
116.3110,0.8933,3.8304
116.3112,0.8737,3.7518
116.3114,0.7765,3.3389
116.3116,0.7846,3.3708
116.3118,0.829,3.5631
116.3120,0.788,3.3884
116.3122,0.853,3.661
116.3124,0.8609,3.7002
116.3126,0.7653,3.2864
116.3128,0.785,3.3708
116.3130,0.8246,3.544
116.3132,0.8402,3.606
116.3134,0.8372,3.5981
116.3136,0.8396,3.6101
116.3138,0.805,3.4616
116.3140,0.7308,3.1483
116.3142,0.6759,2.9077
116.3144,0.7632,3.2817
116.3146,0.7097,3.0531
116.3148,0.68,2.9266
116.3150,0.7233,3.1114
116.3152,0.7062,3.041
116.3154,0.7075,3.0439
116.3156,0.7331,3.1567
116.3158,0.7001,3.0119
116.3160,0.68,2.9279
116.3162,0.6598,2.8399
116.3164,0.6866,2.9508
116.3166,0.7681,3.3028
116.3168,0.8175,3.5218
116.3170,0.6886,2.9651
116.3172,0.678,2.9183
116.3174,0.705,3.0358
116.3176,0.6816,2.9365
116.3178,0.6195,2.6702
116.3180,0.6182,2.6608
116.3182,0.6803,2.9309
116.3184,0.7042,3.0351
116.3186,0.6892,2.9663
116.3188,0.658,2.8348
116.3190,0.6158,2.6542
116.3192,0.6138,2.6442
116.3194,0.6315,2.7181
116.3196,0.6652,2.8644
116.3198,0.7229,3.107
116.3200,0.8013,3.4424
116.3202,0.8429,3.6245
116.3204,0.7934,3.41
116.3206,0.8066,3.4683
116.3208,0.7764,3.3399
116.3210,0.7111,3.0636
116.3212,0.6773,2.9152
116.3214,0.7044,3.0333
116.3216,0.6856,2.9563
116.3218,0.568,2.4491
116.3220,0.5545,2.3934
116.3222,0.5436,2.3453
116.3224,0.5414,2.3354
116.3226,0.5426,2.3406
116.3228,0.542,2.3369
116.3230,0.5405,2.3275
116.3232,0.6613,2.8474
116.3234,0.6664,2.8723
116.3236,0.5887,2.5397
116.3238,0.5306,2.2889
116.3240,0.5236,2.2599
116.3242,0.5237,2.2594
116.3244,0.5338,2.3007
116.3246,0.5884,2.5347
116.3248,0.5657,2.4404
116.3250,0.5265,2.2713
116.3252,0.5212,2.2475
116.3254,0.5227,2.2537
116.3256,0.5281,2.278
116.3258,0.5239,2.2589
116.3260,0.53,2.2842
116.3262,0.5358,2.3116
116.3264,0.5483,2.3632
116.3266,0.6107,2.6283
116.3268,0.6289,2.7118
116.3270,0.5819,2.5079
116.3272,0.6266,2.6969
116.3274,0.6836,2.9366
116.3276,0.7462,3.21
116.3278,0.7241,3.1194
116.3280,0.6453,2.7774
116.3282,0.63,2.7114
116.3284,0.6289,2.7093
116.3286,0.6265,2.7002
116.3288,0.6219,2.6781
116.3290,0.6345,2.7297
116.3292,0.7289,3.1342
116.3294,0.7562,3.2487
116.3296,0.7663,3.2981
116.3298,0.7191,3.0934
116.3300,0.7115,3.0637
116.3302,0.7042,3.028
116.3304,0.6928,2.9818
116.3306,0.7074,3.0433
116.3308,0.7253,3.1202
116.3310,0.6846,2.9453
116.3312,0.6592,2.8347
116.3314,0.7033,3.0244
116.3316,0.7091,3.052
116.3318,0.7134,3.0691
116.3320,0.6559,2.8268
116.3322,0.6141,2.6506
116.3324,0.4983,2.1507
116.3326,0.4697,2.028
116.3328,0.4679,2.0183
116.3330,0.4699,2.0262
116.3332,0.4897,2.1105
116.3334,0.5916,2.5498
116.3336,0.584,2.5196
116.3338,0.456,1.9699
116.3340,0.3935,1.7008
116.3342,0.3805,1.6435
116.3344,0.3821,1.65
116.3346,0.392,1.6925
116.3348,0.442,1.9066
116.3350,0.4981,2.1497
116.3352,0.4806,2.0761
116.3354,0.4153,1.7934
116.3356,0.4167,1.8
116.3358,0.4381,1.8918
116.3360,0.4787,2.0639
116.3362,0.5207,2.2433
116.3364,0.5402,2.327
116.3366,0.5821,2.5066
116.3368,0.6324,2.7192
116.3370,0.6754,2.907
116.3372,0.674,2.8967
116.3374,0.7478,3.2082
116.3376,0.8095,3.4791
116.3378,0.8005,3.4372
116.3380,0.8722,3.7312
116.3382,1.0428,4.4611
116.3384,1.0824,4.6303
116.3386,1.1336,4.8471
116.3388,1.1123,4.7541
116.3390,1.1189,4.7868
116.3392,1.0728,4.5872
116.3394,1.1109,4.7502
116.3396,1.1452,4.8945
116.3398,1.0994,4.7142
116.3400,0.9818,4.2078
116.3402,0.9996,4.2804
116.3404,1.0468,4.478
116.3406,1.1012,4.7131
116.3408,1.0797,4.6212
116.3410,1.0629,4.5536
116.3412,1.0593,4.5382
116.3414,1.0944,4.686
116.3416,1.0982,4.7002
116.3418,1.0747,4.6018
116.3420,1.0685,4.573
116.3422,1.0979,4.7036
116.3424,1.0463,4.4843
116.3426,0.9406,4.041
116.3428,0.8613,3.7051
116.3430,0.8219,3.5376
116.3432,0.7327,3.1522
116.3434,0.7228,3.1108
116.3436,0.7137,3.073
116.3438,0.6902,2.9663
116.3440,0.7519,3.2317
116.3442,0.8162,3.5079
116.3444,0.8536,3.6773
116.3446,0.697,2.9999
116.3448,0.7011,3.0174
116.3450,0.7643,3.2863
116.3452,0.8345,3.5834
116.3454,0.8771,3.768
116.3456,0.8331,3.5873
116.3458,0.6581,2.834
116.3460,0.6741,2.9026
116.3462,0.696,2.9971
116.3464,0.7314,3.1524
116.3466,0.6972,2.9995
116.3468,0.7779,3.3451
116.3470,0.7846,3.374
116.3472,0.7788,3.3487
116.3474,0.7733,3.3281
116.3476,0.7357,3.1695
116.3478,0.6621,2.8537
116.3480,0.6071,2.6152
116.3482,0.6506,2.8001
116.3484,0.7144,3.0775
116.3486,0.6983,3.0027
116.3488,0.7079,3.0454
116.3490,0.6878,2.9601
116.3492,0.656,2.8299
116.3494,0.6255,2.696
116.3496,0.651,2.7978
116.3498,0.8011,3.443
116.3500,0.7494,3.2314
116.3502,0.5926,2.5587
116.3504,0.464,2.0055
116.3506,0.4143,1.7896
116.3508,0.4227,1.825
116.3510,0.4812,2.0796
116.3512,0.459,1.9847
116.3514,0.4447,1.9203
116.3516,0.4462,1.9265
116.3518,0.4613,1.9936
116.3520,0.4513,1.9497
116.3522,0.4465,1.9272
116.3524,0.4474,1.9317
116.3526,0.4495,1.9428
116.3528,0.4518,1.9508
116.3530,0.4856,2.0939
116.3532,0.5652,2.4384
116.3534,0.5468,2.3609
116.3536,0.459,1.981
116.3538,0.4472,1.9312
116.3540,0.4414,1.9058
116.3542,0.4487,1.9365
116.3544,0.4554,1.9646
116.3546,0.5269,2.2771
116.3548,0.4444,1.9187
116.3550,0.4569,1.9722
116.3552,0.4649,2.0073
116.3554,0.4518,1.9508
116.3556,0.4394,1.8958
116.3558,0.4354,1.8799
116.3560,0.4338,1.8723
116.3562,0.4572,1.9741
116.3564,0.4784,2.0658
116.3566,0.4669,2.0142
116.3568,0.4864,2.0966
116.3570,0.5592,2.4091
116.3572,0.5885,2.5328
116.3574,0.6502,2.7973
116.3576,0.6361,2.739
116.3578,0.5939,2.5584
116.3580,0.5958,2.5655
116.3582,0.6498,2.7991
116.3584,0.5944,2.5593
116.3586,0.6116,2.6324
116.3588,0.6396,2.7488
116.3590,0.6891,2.963
116.3592,0.7158,3.0795
116.3594,0.7321,3.1467
116.3596,0.7061,3.0391
116.3598,0.6398,2.7575
116.3600,0.6067,2.6101
116.3602,0.6544,2.818
116.3604,0.6704,2.8826
116.3606,0.746,3.2035
116.3608,0.7826,3.3589
116.3610,0.8059,3.4668
116.3612,0.6848,2.9486
116.3614,0.6583,2.8358
116.3616,0.5639,2.4315
116.3618,0.5579,2.4035
116.3620,0.6462,2.7772
116.3622,0.7048,3.0306
116.3624,0.6966,2.9997
116.3626,0.6591,2.8394
116.3628,0.6562,2.8283
116.3630,0.5899,2.5426
116.3632,0.5703,2.4578
116.3634,0.5872,2.5318
116.3636,0.5647,2.4329
116.3638,0.5893,2.5353
116.3640,0.6583,2.8279
116.3642,0.7105,3.0539
116.3644,0.7209,3.1026
116.3646,0.6584,2.8337
116.3648,0.6472,2.7922
116.3650,0.4975,2.1451
116.3652,0.4775,2.0597
116.3654,0.4734,2.0431
116.3656,0.4733,2.0407
116.3658,0.4698,2.0238
116.3660,0.5272,2.2702
116.3662,0.5856,2.5286
116.3664,0.4499,1.9417
116.3666,0.4198,1.8118
116.3668,0.4062,1.7541
116.3670,0.4005,1.7301
116.3672,0.4036,1.7443
116.3674,0.4023,1.737
116.3676,0.4388,1.894
116.3678,0.4189,1.809
116.3680,0.401,1.7329
116.3682,0.4279,1.8487
116.3684,0.3996,1.7248
116.3686,0.397,1.7126
116.3688,0.4345,1.8737
116.3690,0.4806,2.0713
116.3692,0.5345,2.3038
116.3694,0.535,2.3037
116.3696,0.5465,2.3566
116.3698,0.6043,2.5997
116.3700,0.739,3.1761
116.3702,0.7417,3.1835
116.3704,0.7802,3.3471
116.3706,0.8193,3.5131
116.3708,0.8573,3.6761
116.3710,0.8387,3.5964
116.3712,0.8438,3.6197
116.3714,0.8639,3.7044
116.3716,0.9367,4.0127
116.3718,0.9641,4.1284
116.3720,0.9728,4.1654
116.3722,1.0001,4.2845
116.3724,0.9704,4.159
116.3726,0.9944,4.2578
116.3728,0.9947,4.2733
116.3730,0.8083,3.4739
116.3732,0.8104,3.4767
116.3734,0.836,3.5879
116.3736,0.8127,3.4897
116.3738,0.8191,3.5154
116.3740,0.8139,3.4949
116.3742,0.8452,3.6276
116.3744,0.8031,3.4566
116.3746,0.8098,3.4725
116.3748,0.9571,4.1001
116.3750,0.924,3.9675
116.3752,0.8382,3.5994
116.3754,0.831,3.5635
116.3756,0.8866,3.8033
116.3758,0.9048,3.8833
116.3760,0.8466,3.6304
116.3762,0.8551,3.6737
116.3764,0.8325,3.5764
116.3766,0.8367,3.5894
116.3768,0.8788,3.7699
116.3770,0.902,3.8697
116.3772,0.905,3.8807
116.3774,0.944,4.0497
116.3776,0.9753,4.182
116.3778,0.9995,4.2799
116.3780,0.9934,4.2617
116.3782,0.8616,3.705
116.3784,0.7656,3.2874
116.3786,0.8255,3.5448
116.3788,0.8346,3.5856
116.3790,0.826,3.5518
116.3792,0.7734,3.324
116.3794,0.8036,3.4554
116.3796,0.7251,3.1192
116.3798,0.7496,3.2249
116.3800,0.7713,3.3121
116.3802,0.7866,3.3806
116.3804,0.7849,3.3734
116.3806,0.7912,3.4007
116.3808,0.84,3.6088
116.3810,0.8165,3.5111
116.3812,0.7767,3.3415
116.3814,0.7705,3.3116
116.3816,0.7677,3.3013
116.3818,0.7555,3.2547
116.3820,0.6939,2.9892
116.3822,0.6899,2.9694
116.3824,0.6947,2.9873
116.3826,0.7705,3.3116
116.3828,0.7667,3.3028
116.3830,0.6161,2.6565
116.3832,0.568,2.448
116.3834,0.5613,2.4224
116.3836,0.551,2.3779
116.3838,0.5585,2.4094
116.3840,0.5637,2.4305
116.3842,0.5734,2.4712
116.3844,0.6217,2.6783
116.3846,0.5677,2.4492
116.3848,0.4868,2.101
116.3850,0.4799,2.0701
116.3852,0.5126,2.2113
116.3854,0.5315,2.293
116.3856,0.5224,2.2537
116.3858,0.5379,2.3194
116.3860,0.5981,2.5765
116.3862,0.608,2.623
116.3864,0.5526,2.3818
116.3866,0.5451,2.3504
116.3868,0.5445,2.3467
116.3870,0.542,2.3369
116.3872,0.5498,2.3716
116.3874,0.5438,2.3458
116.3876,0.5381,2.3193
116.3878,0.5421,2.3374
116.3880,0.5404,2.3291
116.3882,0.6049,2.6011
116.3884,0.6508,2.8038
116.3886,0.5609,2.4186
116.3888,0.535,2.3069
116.3890,0.5356,2.3085
116.3892,0.5932,2.5541
116.3894,0.5951,2.5672
116.3896,0.5295,2.2842
116.3898,0.5252,2.2656
116.3900,0.5269,2.2707
116.3902,0.5255,2.2661
116.3904,0.5326,2.2966
116.3906,0.5928,2.5573
116.3908,0.5422,2.3369
116.3910,0.5298,2.2826
116.3912,0.5743,2.4765
116.3914,0.5433,2.3426
116.3916,0.5266,2.2708
116.3918,0.5254,2.2645
116.3920,0.5251,2.264
116.3922,0.5253,2.2661
116.3924,0.5296,2.2816
116.3926,0.584,2.5149
116.3928,0.6066,2.6168
116.3930,0.5376,2.3183
116.3932,0.5608,2.4125
116.3934,0.64,2.7535
116.3936,0.6381,2.7478
116.3938,0.6324,2.723
116.3940,0.6652,2.8644
116.3942,0.6372,2.7423
116.3944,0.6285,2.7065
116.3946,0.6394,2.7547
116.3948,0.6523,2.8061
116.3950,0.7475,3.2052
116.3952,0.8077,3.4697
116.3954,0.7277,3.1305
116.3956,0.7285,3.1341
116.3958,0.747,3.2076
116.3960,0.8315,3.5706
116.3962,0.8027,3.455
116.3964,0.7137,3.0716
116.3966,0.6886,2.9569
116.3968,0.7537,3.2379
116.3970,0.7772,3.3404
116.3972,0.7884,3.3915
116.3974,0.7036,3.0282
116.3976,0.703,3.0229
116.3978,0.7721,3.3214
116.3980,0.7039,3.0284
116.3982,0.6629,2.8507
116.3984,0.7261,3.1238
116.3986,0.7362,3.1657
116.3988,0.6834,2.9415
116.3990,0.6409,2.7583
116.3992,0.7302,3.1384
116.3994,0.79,3.3972
116.3996,0.7042,3.028
116.3998,0.6808,2.9288
116.4000,0.6697,2.8768
116.4002,0.8116,3.4851
116.4004,0.7966,3.4287
116.4006,0.6364,2.738
116.4008,0.6816,2.9324
116.4010,0.7203,3.1014
116.4012,0.6777,2.9181
116.4014,0.6607,2.8435
116.4016,0.6619,2.8473
116.4018,0.6557,2.8276
116.4020,0.5909,2.5479
116.4022,0.5635,2.4289
116.4024,0.5804,2.5006
116.4026,0.5759,2.4844
116.4028,0.5057,2.1798
116.4030,0.5916,2.5451
116.4032,0.7038,3.0265
116.4034,0.7187,3.0918
116.4036,0.6441,2.7736
116.4038,0.6634,2.8487
116.4040,0.859,3.685
116.4042,0.9361,4.0102
116.4044,0.8903,3.8211
116.4046,0.9032,3.8748
116.4048,0.9011,3.8656
116.4050,0.9381,4.0245
116.4052,0.9623,4.1284
116.4054,0.9267,3.972
116.4056,0.9622,4.1279
116.4058,0.9658,4.1414
116.4060,0.973,4.1684
116.4062,0.99,4.2354
116.4064,1.0662,4.5632
116.4066,1.0574,4.5279
116.4068,1.0174,4.3645
116.4070,0.9804,4.2041
116.4072,1.0165,4.3569
116.4074,1.049,4.494
116.4076,1.0448,4.474
116.4078,1.0363,4.4396
116.4080,1.0496,4.4987
116.4082,0.9854,4.2351
116.4084,0.845,3.6265
116.4086,0.8643,3.7146
116.4088,0.8837,3.7963
116.4090,0.8768,3.7687
116.4092,0.8691,3.73
116.4094,0.9225,3.9632
116.4096,0.8315,3.5689
116.4098,0.8597,3.6967
116.4100,0.8415,3.6099
116.4102,0.9878,4.2375
116.4104,0.9192,3.9469
116.4106,0.8868,3.8115
116.4108,0.9054,3.8823
116.4110,0.9722,4.1667
116.4112,0.9638,4.1327
116.4114,0.9566,4.1133
116.4116,0.8402,3.616
116.4118,0.7975,3.4291
116.4120,0.8225,3.5402
116.4122,0.7476,3.2206
116.4124,0.6916,2.978
116.4126,0.7593,3.2621
116.4128,0.8111,3.4863
116.4130,0.7924,3.4122
116.4132,0.7773,3.3456
116.4134,0.8245,3.5418
116.4136,0.831,3.5668
116.4138,0.8445,3.6329
116.4140,0.7117,3.0662
116.4142,0.6833,2.9438
116.4144,0.6879,2.9634
116.4146,0.6838,2.9445
116.4148,0.7144,3.079
116.4150,0.6743,2.9037
116.4152,0.7484,3.2213
116.4154,0.7307,3.142
116.4156,0.7225,3.1098
116.4158,0.7188,3.0923
116.4160,0.7468,3.214
116.4162,0.6941,2.9889
116.4164,0.6538,2.8167
116.4166,0.6634,2.858
116.4168,0.7008,3.0178
116.4170,0.7285,3.1385
116.4172,0.6667,2.8706
116.4174,0.6977,3.0002
116.4176,0.7527,3.2338
116.4178,0.7863,3.378
116.4180,0.8974,3.8532
116.4182,0.9519,4.0837
116.4184,0.9734,4.1738
116.4186,0.9631,4.1411
116.4188,0.8129,3.4956
116.4190,0.7908,3.3971
116.4192,0.8954,3.845
116.4194,0.8985,3.862
116.4196,0.8611,3.6977
116.4198,0.8503,3.6599
116.4200,0.8066,3.4715
116.4202,0.7856,3.3781
116.4204,0.7398,3.1826
116.4206,0.7313,3.1475
116.4208,0.7355,3.167
116.4210,0.7484,3.2183
116.4212,0.7382,3.1744
116.4214,0.847,3.6471
116.4216,0.7764,3.3384
116.4218,0.7922,3.4096
116.4220,0.6819,2.9417
116.4222,0.6354,2.7397
116.4224,0.5701,2.4584
116.4226,0.6045,2.6068
116.4228,0.6231,2.6907
116.4230,0.5595,2.418
116.4232,0.4854,2.0968
116.4234,0.464,2.0055
116.4236,0.4611,1.9903
116.4238,0.4656,2.0104
116.4240,0.4638,2.0017
116.4242,0.4641,2.0051
116.4244,0.4628,2.0003
116.4246,0.4599,1.9879
116.4248,0.462,1.9958
116.4250,0.4633,2.0015
116.4252,0.4646,2.0081
116.4254,0.4617,1.9938
116.4256,0.4635,2.0007
116.4258,0.4622,1.9959
116.4260,0.4608,1.9906
116.4262,0.4629,1.9999
116.4264,0.4761,2.0559
116.4266,0.5358,2.3073
116.4268,0.6468,2.7836
116.4270,0.6843,2.9465
116.4272,0.7051,3.0335
116.4274,0.6914,2.9756
116.4276,0.6502,2.8012
116.4278,0.5993,2.5841
116.4280,0.606,2.6118
116.4282,0.6403,2.7609
116.4284,0.5975,2.5727
116.4286,0.6536,2.8104
116.4288,0.745,3.2048
116.4290,0.7356,3.1675
116.4292,0.7266,3.1273
116.4294,0.7078,3.052
116.4296,0.5746,2.4776
116.4298,0.5454,2.353
116.4300,0.5599,2.4134
116.4302,0.6382,2.7495
116.4304,0.6044,2.6027
116.4306,0.5935,2.5581
116.4308,0.6131,2.6411
116.4310,0.5999,2.5855
116.4312,0.5923,2.5482
116.4314,0.6472,2.7857
116.4316,0.6948,2.9947
116.4318,0.6604,2.8425
116.4320,0.6938,2.9859
116.4322,0.645,2.7759
116.4324,0.5816,2.5069
116.4326,0.5825,2.5082
116.4328,0.6548,2.8221
116.4330,0.5579,2.4102
116.4332,0.4273,1.8478
116.4334,0.3995,1.7267
116.4336,0.3965,1.7122
116.4338,0.4028,1.7391
116.4340,0.405,1.7505
116.4342,0.4069,1.7564
116.4344,0.4307,1.8606
116.4346,0.3928,1.6969
116.4348,0.4072,1.7582
116.4350,0.4281,1.85
116.4352,0.4198,1.8143
116.4354,0.4441,1.9159
116.4356,0.4837,2.0847
116.4358,0.5715,2.4618
116.4360,0.6382,2.7457
116.4362,0.6615,2.8458
116.4364,0.6459,2.7787
116.4366,0.6968,2.9946
116.4368,0.7863,3.3749
116.4370,0.8349,3.5816
116.4372,0.8852,3.7977
116.4374,0.9101,3.9023
116.4376,0.9224,3.9553
116.4378,0.9153,3.925
116.4380,0.923,3.9616
116.4382,0.924,3.9638
116.4384,0.9956,4.2649
116.4386,1.0092,4.3215
116.4388,0.9801,4.2026
116.4390,0.9791,4.1867
116.4392,1.1243,4.8031
116.4394,1.168,4.9942
116.4396,1.1525,4.935
116.4398,1.1364,4.8594
116.4400,1.1566,4.9432
116.4402,1.0795,4.6267
116.4404,0.9677,4.1574
116.4406,0.879,3.7674
116.4408,0.9723,4.1692
116.4410,0.9893,4.2442
116.4412,0.9904,4.2429
116.4414,1.0176,4.3574
116.4416,1.0587,4.5314
116.4418,1.1387,4.8737
116.4420,1.1085,4.7422
116.4422,1.112,4.7637
116.4424,1.0659,4.5601
116.4426,1.1283,4.8336
116.4428,1.1217,4.8076
116.4430,1.0742,4.5976
116.4432,1.0932,4.6831
116.4434,1.0435,4.4767
116.4436,0.928,3.9813
116.4438,0.959,4.1102
116.4440,0.927,3.9878
116.4442,0.8111,3.4928
116.4444,0.8013,3.4456
116.4446,0.7992,3.4363
116.4448,0.7962,3.4235
116.4450,0.797,3.4239
116.4452,0.8205,3.5199
116.4454,0.9345,4.011
116.4456,0.933,4.008
116.4458,0.8935,3.8368
116.4460,0.8596,3.6945
116.4462,0.8505,3.6536
116.4464,0.8776,3.7735
116.4466,0.8156,3.507
116.4468,0.7685,3.3074
116.4470,0.7898,3.3993
116.4472,0.7963,3.4272
116.4474,0.79,3.3972
116.4476,0.8239,3.5442
116.4478,0.8165,3.5095
116.4480,0.793,3.4116
116.4482,0.7812,3.3606
116.4484,0.8114,3.4889
116.4486,0.8212,3.5312
116.4488,0.8181,3.5162
116.4490,0.8475,3.6475
116.4492,0.7727,3.3255
116.4494,0.6555,2.8292
116.4496,0.5733,2.4719
116.4498,0.5785,2.4946
116.4500,0.5812,2.5095
116.4502,0.5495,2.375
116.4504,0.5518,2.3793
116.4506,0.5874,2.5329
116.4508,0.586,2.5314
116.4510,0.5185,2.2377
116.4512,0.5122,2.2097
116.4514,0.533,2.3003
116.4516,0.5475,2.3618
116.4518,0.5545,2.3934
116.4520,0.5658,2.4398
116.4522,0.6936,2.9854
116.4524,0.7283,3.1375
116.4526,0.6463,2.7867
116.4528,0.5893,2.5412
116.4530,0.5798,2.5015
116.4532,0.5783,2.4936
116.4534,0.578,2.4914
116.4536,0.6125,2.6422
116.4538,0.5807,2.5051
116.4540,0.5721,2.4656
116.4542,0.6132,2.6416
116.4544,0.6662,2.8712
116.4546,0.6602,2.8414
116.4548,0.68,2.9293
116.4550,0.644,2.7795
116.4552,0.5605,2.4204
116.4554,0.5388,2.3235
116.4556,0.6069,2.6147
116.4558,0.6465,2.7891
116.4560,0.5794,2.4994
116.4562,0.5625,2.4208
116.4564,0.6428,2.7692
116.4566,0.6736,2.9033
116.4568,0.6691,2.8823
116.4570,0.6713,2.8908
116.4572,0.718,3.0902
116.4574,0.7396,3.1801
116.4576,0.7693,3.3049
116.4578,0.7531,3.2399
116.4580,0.7502,3.2245
116.4582,0.7911,3.4081
116.4584,0.6707,2.8909
116.4586,0.6547,2.8177
116.4588,0.7354,3.1635
116.4590,0.7633,3.2837
116.4592,0.7585,3.2601
116.4594,0.7677,3.2982
116.4596,0.7673,3.3023
116.4598,0.7808,3.3622
116.4600,0.7945,3.4099
116.4602,0.899,3.8586
116.4604,0.9224,3.9608
116.4606,0.8691,3.7335
116.4608,0.877,3.7657
116.4610,0.9197,3.9416
116.4612,0.9826,4.2213
116.4614,0.8349,3.595
116.4616,0.7559,3.2532
116.4618,0.7397,3.1821
116.4620,0.6986,3.0094
116.4622,0.6746,2.902
116.4624,0.7477,3.2182
116.4626,0.7024,3.0231
116.4628,0.6984,3.0047
116.4630,0.694,2.9883
116.4632,0.6886,2.9665
116.4634,0.6567,2.8317
116.4636,0.6007,2.5915
116.4638,0.584,2.5172
116.4640,0.5864,2.5299
116.4642,0.5918,2.5544
116.4644,0.5935,2.5569
116.4646,0.6235,2.6885
116.4648,0.6024,2.6023
116.4650,0.5379,2.3215
116.4652,0.5456,2.3546
116.4654,0.5237,2.2594
116.4656,0.5844,2.5164
116.4658,0.6327,2.7283
116.4660,0.5966,2.5715
116.4662,0.6144,2.6492
116.4664,0.536,2.3175
116.4666,0.4247,1.8355
116.4668,0.4127,1.7829
116.4670,0.4132,1.7858
116.4672,0.4116,1.7799
116.4674,0.4125,1.7827
116.4676,0.4254,1.8344
116.4678,0.4903,2.117
116.4680,0.4314,1.8637
116.4682,0.4251,1.8371
116.4684,0.4308,1.8602
116.4686,0.4605,1.9877
116.4688,0.5116,2.2051
116.4690,0.6036,2.6015
116.4692,0.6128,2.6364
116.4694,0.6712,2.8889
116.4696,0.6705,2.8845
116.4698,0.6915,2.9761
116.4700,0.6812,2.9317
116.4702,0.7246,3.1142
116.4704,0.782,3.3579
116.4706,0.8316,3.5694
116.4708,0.9406,4.0334
116.4710,0.9544,4.0907
116.4712,0.9363,4.0168
116.4714,0.9222,3.9524
116.4716,0.9597,4.1133
116.4718,0.9864,4.2299
116.4720,1.0024,4.2962
116.4722,0.9591,4.1145
116.4724,0.9533,4.0822
116.4726,1.0336,4.4278
116.4728,1.1036,4.7189
116.4730,1.1084,4.7483
116.4732,1.033,4.4293
116.4734,1.0386,4.4431
116.4736,1.1108,4.7652
116.4738,0.9081,3.9014
116.4740,0.8466,3.6354
116.4742,0.8982,3.855
116.4744,0.9314,3.9957
116.4746,0.9032,3.8821
116.4748,0.7941,3.4147
116.4750,0.8074,3.4768
116.4752,0.7252,3.1226
116.4754,0.6908,2.973
116.4756,0.7513,3.2291
116.4758,0.755,3.2496
116.4760,0.7253,3.1217
116.4762,0.7939,3.4137
116.4764,0.8783,3.7696
116.4766,0.9165,3.9393
116.4768,0.8599,3.6943
116.4770,0.8527,3.6634
116.4772,0.8632,3.7013
116.4774,0.8801,3.7826
116.4776,0.7845,3.375
116.4778,0.7965,3.4234
116.4780,0.8302,3.5666
116.4782,0.8292,3.5691
116.4784,0.7686,3.3064
116.4786,0.7792,3.3476
116.4788,0.7909,3.4024
116.4790,0.7674,3.2951
116.4792,0.8254,3.5476
116.4794,0.8709,3.7394
116.4796,0.8547,3.6734
116.4798,0.8421,3.6243
116.4800,0.7366,3.1716
116.4802,0.7072,3.0409
116.4804,0.7692,3.3121
116.4806,0.744,3.2022
116.4808,0.7951,3.4188
116.4810,0.799,3.4438
116.4812,0.6733,2.9004
116.4814,0.6864,2.9558
116.4816,0.6628,2.8541
116.4818,0.6798,2.9261
116.4820,0.7334,3.1582
116.4822,0.7194,3.1021
116.4824,0.6432,2.7746
116.4826,0.5537,2.392
116.4828,0.52,2.2454
116.4830,0.5096,2.2004
116.4832,0.5252,2.2656
116.4834,0.5876,2.5374
116.4836,0.5281,2.278
116.4838,0.5115,2.2097
116.4840,0.496,2.1429
116.4842,0.5083,2.1947
116.4844,0.5137,2.217
116.4846,0.5351,2.3085
116.4848,0.5578,2.4074
116.4850,0.4801,2.074
116.4852,0.4321,1.8659
116.4854,0.5319,2.2956
116.4856,0.5517,2.381
116.4858,0.5225,2.2542
116.4860,0.4788,2.0673
116.4862,0.4695,2.0293
116.4864,0.4687,2.0238
116.4866,0.5078,2.1906
116.4868,0.5078,2.1916
116.4870,0.4621,1.9963
116.4872,0.4621,1.9954
116.4874,0.4676,2.0192
116.4876,0.4668,2.0146
116.4878,0.4725,2.0414
116.4880,0.4775,2.0626
116.4882,0.4772,2.0596
116.4884,0.4757,2.0529
116.4886,0.4767,2.0595
116.4888,0.4781,2.0633
116.4890,0.473,2.0415
116.4892,0.4747,2.0497
116.4894,0.4753,2.0523
116.4896,0.4692,2.0231
116.4898,0.4911,2.1187
116.4900,0.5298,2.2868
116.4902,0.4691,2.0245
116.4904,0.4681,2.0194
116.4906,0.4652,2.007
116.4908,0.4743,2.0472
116.4910,0.4697,2.027
116.4912,0.4607,1.9882
116.4914,0.4668,2.0146
116.4916,0.5018,2.1637
116.4918,0.5301,2.2879
116.4920,0.4757,2.052
116.4922,0.4701,2.0291
116.4924,0.5059,2.1803
116.4926,0.5406,2.328
116.4928,0.6096,2.6237
116.4930,0.621,2.6739
116.4932,0.6663,2.8678
116.4934,0.7022,3.0206
116.4936,0.6813,2.9323
116.4938,0.6798,2.9247
116.4940,0.6653,2.8636
116.4942,0.5989,2.5777
116.4944,0.6168,2.6509
116.4946,0.7673,3.2961
116.4948,0.7562,3.2518
116.4950,0.7337,3.1534
116.4952,0.7223,3.1087
116.4954,0.6137,2.6449
116.4956,0.5638,2.4288
116.4958,0.5596,2.4096
116.4960,0.6139,2.641
116.4962,0.6512,2.8027
116.4964,0.6632,2.853
116.4966,0.7308,3.141
116.4968,0.7164,3.0806
116.4970,0.706,3.0372
116.4972,0.7318,3.1451
116.4974,0.7294,3.1363
116.4976,0.7296,3.1373
116.4978,0.7981,3.4285
116.4980,0.7821,3.36
116.4982,0.7498,3.2209
116.4984,0.7693,3.3064
116.4986,0.7888,3.3873
116.4988,0.7192,3.0939
116.4990,0.681,2.9326
116.4992,0.6821,2.9359
116.4994,0.6584,2.8337
116.4996,0.6447,2.7761
116.4998,0.6932,2.9861
116.5000,0.6548,2.8156
116.5002,0.6616,2.8476
116.5004,0.6078,2.6159
116.5006,0.7105,3.0582
116.5008,0.6408,2.7617
116.5010,0.5394,2.3293
116.5012,0.4422,1.9094
116.5014,0.4489,1.9357
116.5016,0.5271,2.2739
116.5018,0.5444,2.3407
116.5020,0.6775,2.9157
116.5022,0.6093,2.6238
116.5024,0.6107,2.6307
116.5026,0.6423,2.7645
116.5028,0.6863,2.9512
116.5030,0.7061,3.0377
116.5032,0.7207,3.0948
116.5034,0.7933,3.4032
116.5036,0.8464,3.6293
116.5038,0.9403,4.03
116.5040,0.9442,4.0508
116.5042,0.9107,3.9067
116.5044,0.905,3.8844
116.5046,0.9131,3.9152
116.5048,0.9505,4.0718
116.5050,0.9217,3.9559
116.5052,0.9105,3.9026
116.5054,0.9143,3.924
116.5056,0.8818,3.7775
116.5058,0.9256,3.971
116.5060,0.941,4.0369
116.5062,0.9632,4.1301
116.5064,0.9352,4.0103
116.5066,0.896,3.8458
116.5068,0.8669,3.7242
116.5070,0.7863,3.3796
116.5072,0.7441,3.1982
116.5074,0.7354,3.165
116.5076,0.7352,3.163
116.5078,0.7303,3.1404
116.5080,0.7625,3.274
116.5082,0.7804,3.3559
116.5084,0.7725,3.3219
116.5086,0.7984,3.4301
116.5088,0.8159,3.5053
116.5090,0.8524,3.6584
116.5092,0.8844,3.7976
116.5094,0.9068,3.8921
116.5096,0.9109,3.9132
116.5098,0.8204,3.5194
116.5100,0.8638,3.7125
116.5102,0.8218,3.5371
116.5104,0.7839,3.3662
116.5106,0.8719,3.7458
116.5108,0.8884,3.8164
116.5110,0.8354,3.587
116.5112,0.8152,3.5071
116.5114,0.7241,3.115
116.5116,0.7644,3.2853
116.5118,0.8179,3.5184
116.5120,0.7541,3.25
116.5122,0.6999,3.0108
116.5124,0.7023,3.0268
116.5126,0.6562,2.8257
116.5128,0.6718,2.8875
116.5130,0.737,3.1737
116.5132,0.6862,2.9562
116.5134,0.6638,2.8596
116.5136,0.6554,2.8221
116.5138,0.6926,2.9808
116.5140,0.7309,3.1444
116.5142,0.6831,2.9427
116.5144,0.6734,2.8995
116.5146,0.6676,2.8734
116.5148,0.6494,2.8002
116.5150,0.6265,2.7002
116.5152,0.6988,3.0118
116.5154,0.6194,2.6722
116.5156,0.5234,2.2578
116.5158,0.5718,2.4657
116.5160,0.6001,2.5865
116.5162,0.6248,2.6904
116.5164,0.6373,2.7429
116.5166,0.6457,2.7803
116.5168,0.6556,2.8231
116.5170,0.695,2.9925
116.5172,0.678,2.9224
116.5174,0.6029,2.5972
116.5176,0.6004,2.5875
116.5178,0.6186,2.6586
116.5180,0.7384,3.1764
116.5182,0.7502,3.2275
116.5184,0.7755,3.3394
116.5186,0.6922,2.9806
116.5188,0.6422,2.7679
116.5190,0.6272,2.7008
116.5192,0.6808,2.9316
116.5194,0.6953,2.9926
116.5196,0.6239,2.6876
116.5198,0.6104,2.6297
116.5200,0.5837,2.518
116.5202,0.5199,2.2439
116.5204,0.5234,2.2578
116.5206,0.5284,2.2796
116.5208,0.5173,2.2304
116.5210,0.5183,2.2372
116.5212,0.5151,2.2191
116.5214,0.5604,2.4177
116.5216,0.6121,2.6333
116.5218,0.6994,3.0172
116.5220,0.5361,2.3127
116.5222,0.5107,2.202
116.5224,0.5585,2.4083
116.5226,0.5147,2.2196
116.5228,0.5056,2.1803
116.5230,0.5063,2.1844
116.5232,0.5044,2.1761
116.5234,0.5092,2.1958
116.5236,0.5053,2.1797
116.5238,0.5036,2.1745
116.5240,0.5056,2.1823
116.5242,0.5071,2.1865
116.5244,0.5083,2.1906
116.5246,0.5044,2.1761
116.5248,0.5051,2.1792
116.5250,0.5135,2.2165
116.5252,0.593,2.5512
116.5254,0.6969,2.9966
116.5256,0.6545,2.8198
116.5258,0.641,2.7537
116.5260,0.7218,3.1052
116.5262,0.6869,2.9551
116.5264,0.6567,2.8278
116.5266,0.6498,2.8004
116.5268,0.6144,2.6455
116.5270,0.6381,2.7439
116.5272,0.7069,3.0399
116.5274,0.74,3.1851
116.5276,0.6783,2.918
116.5278,0.6436,2.7676
116.5280,0.6609,2.8419
116.5282,0.7181,3.0907
116.5284,0.7426,3.196
116.5286,0.6928,2.9832
116.5288,0.5839,2.5167
116.5290,0.5572,2.4026
116.5292,0.5597,2.4112
116.5294,0.5529,2.3818
116.5296,0.5531,2.3817
116.5298,0.5602,2.4133
116.5300,0.6185,2.6643
116.5302,0.5707,2.4599
116.5304,0.5481,2.3644
116.5306,0.5402,2.3292
116.5308,0.5454,2.3508
116.5310,0.5476,2.359
116.5312,0.5219,2.2485
116.5314,0.5927,2.5497
116.5316,0.6435,2.7748
116.5318,0.5191,2.2403
116.5320,0.4759,2.054
116.5322,0.4946,2.1337
116.5324,0.5016,2.1637
116.5326,0.4661,2.0106
116.5328,0.5114,2.2051
116.5330,0.4995,2.1549
116.5332,0.5102,2.1989
116.5334,0.5685,2.4523
116.5336,0.4406,1.9036
116.5338,0.4077,1.7611
116.5340,0.4069,1.7564
116.5342,0.3924,1.6946
116.5344,0.4013,1.7305
116.5346,0.4572,1.9696
116.5348,0.5024,2.1653
116.5350,0.6129,2.6381
116.5352,0.6529,2.8113
116.5354,0.7029,3.0182
116.5356,0.8223,3.5228
116.5358,0.8713,3.7363
116.5360,0.8585,3.6848
116.5362,0.7969,3.4171
116.5364,0.7971,3.4277
116.5366,0.7889,3.3842
116.5368,0.8577,3.6777
116.5370,0.8916,3.825
116.5372,0.8915,3.8227
116.5374,0.8972,3.8474
116.5376,0.9167,3.9252
116.5378,0.9826,4.2095
116.5380,0.9566,4.1
116.5382,0.9583,4.1053
116.5384,0.9929,4.2517
116.5386,1.0445,4.4746
116.5388,0.9531,4.0813
116.5390,0.9969,4.2667
116.5392,1.0365,4.436
116.5394,1.027,4.3996
116.5396,0.9712,4.1627
116.5398,1.016,4.3463
116.5400,1.116,4.7718
116.5402,1.0994,4.7099
116.5404,0.9827,4.212
116.5406,0.9637,4.1322
116.5408,0.9793,4.201
116.5410,0.9396,4.0327
116.5412,0.994,4.2564
116.5414,1.1139,4.7653
116.5416,1.1267,4.8157
116.5418,1.1172,4.7837
116.5420,1.063,4.5537
116.5422,1.0811,4.6269
116.5424,1.0759,4.6049
116.5426,1.0814,4.6328
116.5428,1.0831,4.6422
116.5430,0.9773,4.1928
116.5432,0.9643,4.1406
116.5434,0.8771,3.7698
116.5436,0.8381,3.6023
116.5438,0.78,3.3539
116.5440,0.7743,3.3312
116.5442,0.7658,3.2961
116.5444,0.7777,3.3472
116.5446,0.7037,3.0302
116.5448,0.6956,2.9951
116.5450,0.7265,3.124
116.5452,0.7452,3.2074
116.5454,0.6947,2.9915
116.5456,0.6925,2.9831
116.5458,0.709,3.0501
116.5460,0.7638,3.2904
116.5462,0.7034,3.0301
116.5464,0.6457,2.7829
116.5466,0.5982,2.5807
116.5468,0.5791,2.4961
116.5470,0.6536,2.8118
116.5472,0.7046,3.0338
116.5474,0.635,2.7395
116.5476,0.5874,2.5365
116.5478,0.5468,2.3566
116.5480,0.5713,2.4671
116.5482,0.5162,2.2279
116.5484,0.527,2.2723
116.5486,0.5754,2.4789
116.5488,0.5771,2.4919
116.5490,0.4709,2.036
116.5492,0.4151,1.7941
116.5494,0.4149,1.7922
116.5496,0.4601,1.9875
116.5498,0.4668,2.0165
116.5500,0.5136,2.2124
116.5502,0.5034,2.1745
116.5504,0.4379,1.8917
116.5506,0.4608,1.9906
116.5508,0.4506,1.9457
116.5510,0.451,1.9482
116.5512,0.4411,1.9048
116.5514,0.4369,1.8876
116.5516,0.4464,1.9285
116.5518,0.4718,2.0355
116.5520,0.515,2.2217
116.5522,0.4609,1.9893
116.5524,0.492,2.1243
116.5526,0.4544,1.9632
116.5528,0.4417,1.9065
116.5530,0.4353,1.8803
116.5532,0.4347,1.8786
116.5534,0.4384,1.8929
116.5536,0.4458,1.9232
116.5538,0.4397,1.8995
116.5540,0.4347,1.8768
116.5542,0.4303,1.8573
116.5544,0.4339,1.8746
116.5546,0.4459,1.9264
116.5548,0.4722,2.037
116.5550,0.4499,1.9426
116.5552,0.46,1.9833
116.5554,0.5625,2.4231
116.5556,0.6042,2.6041
116.5558,0.5857,2.521
116.5560,0.6078,2.6172
116.5562,0.5829,2.5121
116.5564,0.6067,2.6137
116.5566,0.5818,2.5051
116.5568,0.5595,2.4091
116.5570,0.6273,2.7013
116.5572,0.6483,2.7904
116.5574,0.6439,2.77
116.5576,0.6464,2.7821
116.5578,0.6847,2.944
116.5580,0.6945,2.9891
116.5582,0.7201,3.0995
116.5584,0.6993,3.0069
116.5586,0.6854,2.9499
116.5588,0.6291,2.7078
116.5590,0.6453,2.7749
116.5592,0.7264,3.1191
116.5594,0.764,3.2823
116.5596,0.797,3.4287
116.5598,0.7507,3.2281
116.5600,0.7681,3.2967
116.5602,0.7957,3.4246
116.5604,0.7035,3.0264
116.5606,0.7523,3.2333
116.5608,0.7287,3.1318
116.5610,0.6725,2.8946
116.5612,0.689,2.9612
116.5614,0.8073,3.4666
116.5616,0.7784,3.3457
116.5618,0.7771,3.3384
116.5620,0.7628,3.2817
116.5622,0.6901,2.97
116.5624,0.6483,2.7878
116.5626,0.6303,2.7142
116.5628,0.6029,2.5948
116.5630,0.6615,2.8472
116.5632,0.7228,3.1051
116.5634,0.7807,3.3555
116.5636,0.7414,3.1894
116.5638,0.6802,2.925
116.5640,0.6805,2.9246
116.5642,0.6663,2.8705
116.5644,0.6271,2.7028
116.5646,0.6096,2.6274
116.5648,0.5562,2.3974
116.5650,0.5323,2.2951
116.5652,0.5351,2.3086
116.5654,0.5154,2.2212
116.5656,0.5258,2.2661
116.5658,0.52,2.2403
116.5660,0.5734,2.4678
116.5662,0.5862,2.5289
116.5664,0.5176,2.2341
116.5666,0.5146,2.2181
116.5668,0.5349,2.3054
116.5670,0.5252,2.2656
116.5672,0.5289,2.2796
116.5674,0.5224,2.2537
116.5676,0.5168,2.2243
116.5678,0.6005,2.5845
116.5680,0.6794,2.9227
116.5682,0.7275,3.1252
116.5684,0.7571,3.2554
116.5686,0.6717,2.8857
116.5688,0.7956,3.4162
116.5690,0.8317,3.5695
116.5692,0.8344,3.578
116.5694,0.8705,3.7345
116.5696,0.8541,3.6657
116.5698,0.9276,3.9756
116.5700,1.0133,4.337
116.5702,1.0004,4.2856
116.5704,0.9592,4.119
116.5706,0.8523,3.658
116.5708,0.8606,3.6935
116.5710,0.9137,3.9197
116.5712,0.9531,4.0851
116.5714,0.9853,4.2228
116.5716,1.0269,4.395
116.5718,1.1146,4.764
116.5720,1.1373,4.8631
116.5722,1.144,4.8941
116.5724,1.1501,4.9225
116.5726,1.1808,5.0492
116.5728,1.1034,4.7246
116.5730,1.0024,4.3003
116.5732,0.9498,4.0726
116.5734,1.0052,4.3081
116.5736,0.9537,4.0877
116.5738,0.9305,3.9917
116.5740,0.9196,3.9486
116.5742,0.8845,3.8017
116.5744,0.8691,3.7301
116.5746,0.9471,4.0594
116.5748,1.0077,4.3189
116.5750,0.953,4.0903
116.5752,0.9079,3.8895
116.5754,0.96,4.1182
116.5756,0.9468,4.0654
116.5758,0.8995,3.8608
116.5760,0.9154,3.925
116.5762,0.9339,4.0029
116.5764,1.0104,4.3348
116.5766,0.9958,4.268
116.5768,0.9801,4.2046
116.5770,0.967,4.1524
116.5772,0.9453,4.0536
116.5774,0.9799,4.2017
116.5776,1.0066,4.3183
116.5778,0.9223,3.9641
116.5780,0.8591,3.6925
116.5782,0.8601,3.6897
116.5784,0.969,4.1568
116.5786,0.9915,4.2575
116.5788,0.9782,4.2003
116.5790,0.9465,4.0625
116.5792,0.9597,4.1268
116.5794,0.8561,3.6796
116.5796,0.8559,3.6786
116.5798,0.8266,3.5545
116.5800,0.7832,3.3694
116.5802,0.7875,3.388
116.5804,0.8309,3.573
116.5806,0.8752,3.7598
116.5808,0.827,3.5643
116.5810,0.6193,2.6717
116.5812,0.5839,2.5168
116.5814,0.5725,2.4688
116.5816,0.5988,2.5856
116.5818,0.576,2.4838
116.5820,0.6278,2.7047
116.5822,0.702,3.0272
116.5824,0.68,2.9307
116.5826,0.7008,3.0164
116.5828,0.742,3.1934
116.5830,0.757,3.2564
116.5832,0.7361,3.1682
116.5834,0.6624,2.8574
116.5836,0.5929,2.5603
116.5838,0.5814,2.5071
116.5840,0.5747,2.4804
116.5842,0.497,2.1461
116.5844,0.5028,2.1669
116.5846,0.6531,2.811
116.5848,0.7167,3.0889
116.5850,0.5944,2.5641
116.5852,0.5416,2.3387
116.5854,0.573,2.4743
116.5856,0.5452,2.3531
116.5858,0.527,2.2734
116.5860,0.5259,2.2708
116.5862,0.523,2.2584
116.5864,0.5251,2.2651
116.5866,0.5291,2.2848
116.5868,0.5287,2.2828
116.5870,0.5278,2.2791
116.5872,0.5254,2.2667
116.5874,0.5263,2.2724
116.5876,0.5249,2.2667
116.5878,0.5512,2.3757
116.5880,0.6119,2.6372
116.5882,0.6172,2.6612
116.5884,0.5646,2.4358
116.5886,0.5321,2.2956
116.5888,0.5337,2.3045
116.5890,0.5428,2.3417
116.5892,0.5379,2.3205
116.5894,0.5375,2.3178
116.5896,0.5385,2.322
116.5898,0.5397,2.3272
116.5900,0.551,2.3758
116.5902,0.5433,2.3427
116.5904,0.5408,2.3307
116.5906,0.5662,2.4437
116.5908,0.5257,2.2688
116.5910,0.5233,2.2542
116.5912,0.5884,2.5335
116.5914,0.6164,2.6556
116.5916,0.6307,2.7171
116.5918,0.6403,2.7571
116.5920,0.6351,2.7387
116.5922,0.6409,2.7597
116.5924,0.707,3.0413
116.5926,0.7462,3.2011
116.5928,0.8505,3.6537
116.5930,0.8064,3.4641
116.5932,0.7946,3.4184
116.5934,0.7482,3.2173
116.5936,0.7305,3.1395
116.5938,0.6971,3.0032
116.5940,0.6212,2.6775
116.5942,0.6112,2.6341
116.5944,0.6231,2.682
116.5946,0.7016,3.0167
116.5948,0.7235,3.1096
116.5950,0.7207,3.1021
116.5952,0.6772,2.9161
116.5954,0.6934,2.983
116.5956,0.7257,3.1247
116.5958,0.7026,3.0214
116.5960,0.7428,3.1971
116.5962,0.7078,3.0478
116.5964,0.6824,2.9356
116.5966,0.6769,2.9119
116.5968,0.7254,3.1193
116.5970,0.7154,3.0832
116.5972,0.6383,2.7483
116.5974,0.6929,2.9824
116.5976,0.7023,3.0212
116.5978,0.7305,3.1395
116.5980,0.7451,3.2069
116.5982,0.7294,3.1436
116.5984,0.6831,2.936
116.5986,0.8106,3.4805
116.5988,0.838,3.6018
116.5990,0.8276,3.5603
116.5992,0.769,3.3049
116.5994,0.7932,3.4059
116.5996,0.8212,3.5264
116.5998,0.8619,3.7095
116.6000,0.7118,3.0677
116.6002,0.5658,2.441
116.6004,0.55,2.3694
116.6006,0.617,2.6606
116.6008,0.5784,2.4988
116.6010,0.4662,2.0083
116.6012,0.5986,2.5774
116.6014,0.61,2.6314
116.6016,0.5149,2.2212
116.6018,0.544,2.3425
116.6020,0.695,2.9898
116.6022,0.7603,3.2678
116.6024,0.7734,3.3225
116.6026,0.7817,3.3564
116.6028,0.8511,3.6546
116.6030,0.8692,3.7288
116.6032,0.8519,3.6599
116.6034,0.8437,3.6243
116.6036,0.8324,3.5742
116.6038,0.839,3.6042
116.6040,0.8446,3.6301
116.6042,0.8463,3.6306
116.6044,0.9463,4.0539
116.6046,0.9981,4.2738
116.6048,1.0101,4.3272
116.6050,1.0664,4.5686
116.6052,1.0344,4.4377
116.6054,0.9649,4.1355
116.6056,0.9586,4.1145
116.6058,0.9103,3.9089
116.6060,0.8971,3.8505
116.6062,0.8995,3.8608
116.6064,0.8837,3.7964
116.6066,0.8915,3.8334
116.6068,0.8175,3.5137
116.6070,0.8094,3.4786
116.6072,0.7749,3.3354
116.6074,0.7778,3.3431
116.6076,0.8257,3.5487
116.6078,0.8137,3.4972
116.6080,0.8535,3.6649
116.6082,0.8875,3.8075
116.6084,0.9067,3.8935
116.6086,0.8929,3.8307
116.6088,0.9038,3.8847
116.6090,0.8109,3.4821
116.6092,0.8264,3.5518
116.6094,0.8097,3.485
116.6096,0.796,3.4294
116.6098,0.7619,3.2791
116.6100,0.7632,3.2848
116.6102,0.7237,3.1165
116.6104,0.7046,3.031
116.6106,0.7369,3.1718
116.6108,0.7596,3.2693
116.6110,0.7337,3.1593
116.6112,0.699,3.0101
116.6114,0.6739,2.9057
116.6116,0.6239,2.6914
116.6118,0.5948,2.565
116.6120,0.6076,2.6198
116.6122,0.6101,2.6306
116.6124,0.6064,2.617
116.6126,0.5481,2.3633
116.6128,0.5589,2.4099
116.6130,0.6325,2.7273
116.6132,0.6512,2.8054
116.6134,0.7041,3.0261
116.6136,0.7715,3.3219
116.6138,0.6795,2.9273
116.6140,0.5938,2.5615
116.6142,0.4987,2.1523
116.6144,0.4839,2.0906
116.6146,0.5013,2.1637
116.6148,0.512,2.2087
116.6150,0.5373,2.3136
116.6152,0.635,2.7382
116.6154,0.6344,2.7293
116.6156,0.7249,3.1173
116.6158,0.7295,3.1427
116.6160,0.6892,2.9691
116.6162,0.6964,2.9987
116.6164,0.6678,2.8807
116.6166,0.5805,2.5018
116.6168,0.6414,2.763
116.6170,0.6143,2.6475
116.6172,0.5965,2.5734
116.6174,0.5769,2.4828
116.6176,0.6654,2.865
116.6178,0.6489,2.7969
116.6180,0.6662,2.87
116.6182,0.6781,2.9224
116.6184,0.6331,2.7223
116.6186,0.7215,3.1095
116.6188,0.6693,2.8847
116.6190,0.667,2.8696
116.6192,0.6718,2.8929
116.6194,0.6543,2.8149
116.6196,0.7212,3.1056
116.6198,0.7012,3.0194
116.6200,0.7345,3.16
116.6202,0.6945,2.9919
116.6204,0.6448,2.7793
116.6206,0.6222,2.6804
116.6208,0.5954,2.5676
116.6210,0.5645,2.433
116.6212,0.5544,2.3941
116.6214,0.4757,2.0558
116.6216,0.4657,2.0109
116.6218,0.4687,2.0239
116.6220,0.4719,2.0369
116.6222,0.4709,2.0323
116.6224,0.4734,2.045
116.6226,0.4713,2.0353
116.6228,0.4706,2.0322
116.6230,0.471,2.0347
116.6232,0.4671,2.0181
116.6234,0.4719,2.0369
116.6236,0.5165,2.2253
116.6238,0.5584,2.41
116.6240,0.4873,2.1041
116.6242,0.4694,2.027
116.6244,0.486,2.0945
116.6246,0.5573,2.402
116.6248,0.5689,2.4499
116.6250,0.6486,2.7914
116.6252,0.6753,2.9038
116.6254,0.6977,3.003
116.6256,0.6987,3.0085
116.6258,0.6157,2.6513
116.6260,0.6078,2.6208
116.6262,0.5607,2.4188
116.6264,0.5537,2.3876
116.6266,0.5541,2.3881
116.6268,0.5526,2.3819
116.6270,0.552,2.3804
116.6272,0.5892,2.536
116.6274,0.72,3.0918
116.6276,0.8013,3.4393
116.6278,0.8472,3.6398
116.6280,0.7983,3.436
116.6282,0.685,2.9456
116.6284,0.6938,2.9901
116.6286,0.5661,2.442
116.6288,0.5355,2.3112
116.6290,0.5271,2.2718
116.6292,0.5296,2.2837
116.6294,0.5282,2.2765
116.6296,0.5442,2.3479
116.6298,0.5466,2.3571
116.6300,0.5502,2.3716
116.6302,0.5353,2.3091
116.6304,0.5257,2.2677
116.6306,0.5307,2.2863
116.6308,0.5664,2.4391
116.6310,0.5933,2.5547
116.6312,0.5571,2.4032
116.6314,0.5508,2.3752
116.6316,0.5399,2.3282
116.6318,0.4957,2.1374
116.6320,0.5038,2.1736
116.6322,0.5218,2.2512
116.6324,0.5148,2.2186
116.6326,0.5476,2.3569
116.6328,0.6185,2.6668
116.6330,0.5954,2.5628
116.6332,0.6633,2.8549
116.6334,0.5896,2.5411
116.6336,0.5381,2.3215
116.6338,0.4719,2.036
116.6340,0.4718,2.0383
116.6342,0.4314,1.8611
116.6344,0.4859,2.0921
116.6346,0.5591,2.4109
116.6348,0.5633,2.4245
116.6350,0.6661,2.8588
116.6352,0.8052,3.4574
116.6354,0.8329,3.573
116.6356,0.8191,3.5154
116.6358,0.8399,3.6033
116.6360,0.8688,3.7273
116.6362,0.8885,3.8116
116.6364,0.9443,4.0452
116.6366,0.9811,4.2029
116.6368,0.9723,4.1654
116.6370,0.9847,4.2183
116.6372,0.9359,4.013
116.6374,0.9041,3.8785
116.6376,0.908,3.8955
116.6378,0.9017,3.87
116.6380,0.9023,3.8672
116.6382,0.9493,4.0705
116.6384,0.9317,4.0006
116.6386,0.8824,3.7872
116.6388,0.8996,3.8559
116.6390,0.9561,4.096
116.6392,0.9893,4.2423
116.6394,0.9893,4.2383
116.6396,1.0608,4.5381
116.6398,1.1048,4.7264
116.6400,1.0853,4.6471
116.6402,1.0597,4.5314
116.6404,1.1193,4.7839
116.6406,1.071,4.5924
116.6408,0.8931,3.8366
116.6410,0.8355,3.5876
116.6412,0.8586,3.687
116.6414,0.8419,3.62
116.6416,0.7594,3.2637
116.6418,0.7718,3.3173
116.6420,0.7767,3.34
116.6422,0.7836,3.3678
116.6424,0.8465,3.6316
116.6426,0.9362,4.0164
116.6428,0.9306,3.9903
116.6430,0.9222,3.9691
116.6432,0.7614,3.274
116.6434,0.8176,3.5125
116.6436,0.8152,3.5055
116.6438,0.7999,3.4347
116.6440,0.8911,3.8319
116.6442,0.782,3.3658
116.6444,0.7764,3.3353
116.6446,0.8396,3.6051
116.6448,0.8622,3.7024
116.6450,0.8162,3.5047
116.6452,0.8044,3.4591
116.6454,0.7875,3.3896
116.6456,0.7827,3.3658
116.6458,0.7667,3.2998
116.6460,0.6944,2.9913
116.6462,0.6749,2.905
116.6464,0.7223,3.1088
116.6466,0.7133,3.0701
116.6468,0.7337,3.1578
116.6470,0.7476,3.2177
116.6472,0.68,2.9334
116.6474,0.5897,2.5416
116.6476,0.6601,2.8396
116.6478,0.7353,3.1645
116.6480,0.6691,2.8797
116.6482,0.6544,2.8193
116.6484,0.6291,2.7129
116.6486,0.5631,2.4291
116.6488,0.5662,2.4437
116.6490,0.5701,2.4596
116.6492,0.5799,2.5027
116.6494,0.514,2.2186
116.6496,0.4853,2.0953
116.6498,0.5089,2.1963
116.6500,0.5,2.157
116.6502,0.5243,2.261
116.6504,0.5536,2.3904
116.6506,0.5482,2.3661
116.6508,0.5516,2.375
116.6510,0.6919,2.9763
116.6512,0.7137,3.0788
116.6514,0.6077,2.6179
116.6516,0.5966,2.5727
116.6518,0.5379,2.3215
116.6520,0.5188,2.2403
116.6522,0.524,2.2594
116.6524,0.5255,2.2682
116.6526,0.5324,2.2945
116.6528,0.559,2.4104
116.6530,0.5176,2.232
116.6532,0.5311,2.2899
116.6534,0.5465,2.3566
116.6536,0.5342,2.3034
116.6538,0.5339,2.3034
116.6540,0.6004,2.5864
116.6542,0.6694,2.8812
116.6544,0.7096,3.0527
116.6546,0.6734,2.8983
116.6548,0.6794,2.9254
116.6550,0.671,2.8866
116.6552,0.721,3.1002
116.6554,0.7338,3.1539
116.6556,0.7263,3.1287
116.6558,0.6851,2.9502
116.6560,0.6849,2.9464
116.6562,0.6869,2.9552
116.6564,0.7219,3.1058
116.6566,0.6952,2.9922
116.6568,0.6242,2.6879
116.6570,0.623,2.6815
116.6572,0.6808,2.9316
116.6574,0.6681,2.8742
116.6576,0.7447,3.1979
116.6578,0.8048,3.4606
116.6580,0.7414,3.1894
116.6582,0.6964,2.9959
116.6584,0.65,2.7989
116.6586,0.703,3.0271
116.6588,0.702,3.0202
116.6590,0.7259,3.1185
116.6592,0.8053,3.4579
116.6594,0.8668,3.7255
116.6596,0.8067,3.4657
116.6598,0.8247,3.5446
116.6600,0.73,3.1389
116.6602,0.7023,3.024
116.6604,0.7107,3.0587
116.6606,0.7004,3.013
116.6608,0.7188,3.091
116.6610,0.73,3.1404
116.6612,0.7252,3.1212
116.6614,0.7067,3.0431
116.6616,0.6692,2.8802
116.6618,0.6482,2.7899
116.6620,0.6583,2.8372
116.6622,0.6513,2.8059
116.6624,0.6405,2.7581
116.6626,0.6359,2.7393
116.6628,0.6833,2.9425
116.6630,0.6851,2.9502
116.6632,0.6628,2.8528
116.6634,0.665,2.8595
116.6636,0.6937,2.9882
116.6638,0.6324,2.7293
116.6640,0.5301,2.2847
116.6642,0.593,2.5513
116.6644,0.6294,2.7126
116.6646,0.5318,2.2941
116.6648,0.5041,2.1746
116.6650,0.5064,2.1854
116.6652,0.5359,2.3117
116.6654,0.5204,2.247
116.6656,0.4402,1.9033
116.6658,0.4005,1.7301
116.6660,0.3958,1.7107
116.6662,0.3978,1.7203
116.6664,0.3938,1.7003
116.6666,0.4188,1.8077
116.6668,0.4445,1.9202
116.6670,0.3928,1.6977
116.6672,0.3951,1.7068
116.6674,0.3953,1.7078
116.6676,0.4306,1.8575
116.6678,0.527,2.2713
116.6680,0.549,2.3642
116.6682,0.6263,2.6917
116.6684,0.7137,3.0688
116.6686,0.6957,2.9901
116.6688,0.7495,3.22
116.6690,0.7795,3.3503
116.6692,0.7879,3.3832
116.6694,0.8402,3.6043
116.6696,0.8716,3.7391
116.6698,0.9006,3.8672
116.6700,0.8698,3.7262
116.6702,0.9612,4.1157
116.6704,0.9737,4.1754
116.6706,0.9784,4.1955
116.6708,0.9807,4.2013
116.6710,0.9982,4.2743
116.6712,1.0299,4.4099
116.6714,1.0532,4.5079
116.6716,1.0747,4.6019
116.6718,1.0356,4.4387
116.6720,1.0447,4.4715
116.6722,1.0498,4.4972
116.6724,1.0285,4.4063
116.6726,0.9935,4.2623
116.6728,0.8951,3.8453
116.6730,0.8327,3.5791
116.6732,0.8715,3.7421
116.6734,0.8886,3.8157
116.6736,0.8626,3.7109
116.6738,0.7811,3.3617
116.6740,0.7464,3.2125
116.6742,0.7748,3.3271
116.6744,0.8982,3.8551
116.6746,0.8124,3.4948
116.6748,0.7555,3.2518
116.6750,0.7743,3.3297
116.6752,0.7969,3.4282
116.6754,0.8046,3.4564
116.6756,0.8845,3.7964
116.6758,0.8565,3.6812
116.6760,0.7627,3.2797
116.6762,0.798,3.4281
116.6764,0.856,3.6774
116.6766,0.8817,3.7859
116.6768,0.8764,3.7649
116.6770,0.8363,3.5946
116.6772,0.8348,3.5912
116.6774,0.7805,3.3544
116.6776,0.8025,3.4476
116.6778,0.8377,3.6019
116.6780,0.7962,3.4187
116.6782,0.8265,3.5556
116.6784,0.752,3.2353
116.6786,0.8013,3.4441
116.6788,0.8636,3.7081
116.6790,0.8536,3.6637
116.6792,0.8477,3.6401
116.6794,0.8084,3.4858
116.6796,0.6544,2.8219
116.6798,0.6398,2.7538
116.6800,0.7104,3.0591
116.6802,0.7255,3.1256
116.6804,0.6831,2.9442
116.6806,0.6502,2.8
116.6808,0.6326,2.7278
116.6810,0.6084,2.6234
116.6812,0.6392,2.7576
116.6814,0.5995,2.5887
116.6816,0.5249,2.2678
116.6818,0.4929,2.1275
116.6820,0.5022,2.1683
116.6822,0.5172,2.232
116.6824,0.5314,2.2936
116.6826,0.4511,1.9496
116.6828,0.413,1.7848
116.6830,0.4179,1.8069
116.6832,0.4113,1.7775
116.6834,0.4612,1.9922
116.6836,0.4646,2.0053
116.6838,0.4585,1.9799
116.6840,0.4969,2.1436
116.6842,0.5459,2.354
116.6844,0.545,2.3466
116.6846,0.6067,2.6162
116.6848,0.5236,2.26
116.6850,0.4562,1.97
116.6852,0.4493,1.9409
116.6854,0.4495,1.941
116.6856,0.449,1.939
116.6858,0.4481,1.9348
116.6860,0.4492,1.9404
116.6862,0.4486,1.9369
116.6864,0.4488,1.9379
116.6866,0.4484,1.9373
116.6868,0.4469,1.9305
116.6870,0.4441,1.9177
116.6872,0.4471,1.9307
116.6874,0.4493,1.94
116.6876,0.4464,1.9267
116.6878,0.4468,1.9282
116.6880,0.446,1.9251
116.6882,0.4474,1.9326
116.6884,0.4493,1.9409
116.6886,0.4492,1.9386
116.6888,0.4439,1.9158
116.6890,0.4432,1.9127
116.6892,0.4451,1.921
116.6894,0.4462,1.9248
116.6896,0.4616,1.9896
116.6898,0.5018,2.1628
116.6900,0.5333,2.3029
116.6902,0.4755,2.0534
116.6904,0.4662,2.0102
116.6906,0.4884,2.1049
116.6908,0.5625,2.4231
116.6910,0.5733,2.4673
116.6912,0.5624,2.4226
116.6914,0.5821,2.5079
116.6916,0.5863,2.5271
116.6918,0.5748,2.4763
116.6920,0.6004,2.5852
116.6922,0.6413,2.7599
116.6924,0.7124,3.0646
116.6926,0.6971,2.9935
116.6928,0.7285,3.1327
116.6930,0.7207,3.0963
116.6932,0.8095,3.4694
116.6934,0.8234,3.5422
116.6936,0.6373,2.748
116.6938,0.5414,2.3344
116.6940,0.5707,2.4576
116.6942,0.5571,2.3954
116.6944,0.6349,2.7313
116.6946,0.6508,2.8012
116.6948,0.6534,2.8134
116.6950,0.6029,2.596
116.6952,0.5963,2.5676
116.6954,0.5922,2.5501
116.6956,0.6368,2.737
116.6958,0.6946,2.9882
116.6960,0.6838,2.9418
116.6962,0.6198,2.6688
116.6964,0.6538,2.8089
116.6966,0.6986,3.0066
116.6968,0.676,2.9083
116.6970,0.6859,2.9478
116.6972,0.7145,3.0738
116.6974,0.63,2.7102
116.6976,0.6463,2.7803
116.6978,0.6678,2.878
116.6980,0.5691,2.4527
116.6982,0.5249,2.2615
116.6984,0.523,2.2553
116.6986,0.5371,2.3147
116.6988,0.6034,2.5945
116.6990,0.6543,2.8136
116.6992,0.6183,2.6651
116.6994,0.4709,2.0323
116.6996,0.4089,1.7655
116.6998,0.4574,1.9734
116.7000,0.4306,1.8592
116.7002,0.4584,1.9775
116.7004,0.5331,2.2955
116.7006,0.6007,2.5855
116.7008,0.6055,2.6037
116.7010,0.7152,3.0755
116.7012,0.7174,3.0819
116.7014,0.679,2.9211
116.7016,0.6813,2.9269
116.7018,0.7553,3.2492
116.7020,0.7161,3.0762
116.7022,0.7669,3.2901
116.7024,0.8125,3.4871
116.7026,0.8402,3.5993
116.7028,0.9488,4.0647
116.7030,0.9186,3.9408
116.7032,0.9031,3.8708
116.7034,0.9498,4.0707
116.7036,0.992,4.2456
116.7038,0.9847,4.2202
116.7040,0.941,4.0351
116.7042,0.9143,3.9131
116.7044,0.9759,4.1847
116.7046,0.956,4.0993
116.7048,0.9478,4.0701
116.7050,0.8444,3.624
116.7052,0.826,3.547
116.7054,0.8288,3.5571
116.7056,0.8737,3.7484
116.7058,0.8118,3.4873
116.7060,0.745,3.2004
116.7062,0.7474,3.2152
116.7064,0.7445,3.2043
116.7066,0.7337,3.1534
116.7068,0.7315,3.1456
116.7070,0.7299,3.1384
116.7072,0.7588,3.2551
116.7074,0.8393,3.6024
116.7076,0.8234,3.5389
116.7078,0.7934,3.4085
116.7080,0.8451,3.6305
116.7082,0.8179,3.5136
116.7084,0.7917,3.4029
116.7086,0.7625,3.2756
116.7088,0.7717,3.3153
116.7090,0.7778,3.3446
116.7092,0.7958,3.4204
116.7094,0.7752,3.3348
116.7096,0.7288,3.1323
116.7098,0.7546,3.2461
116.7100,0.7757,3.3323
116.7102,0.8325,3.5698
116.7104,0.8913,3.8253
116.7106,0.8584,3.686
116.7108,0.7818,3.3632
116.7110,0.73,3.1404
116.7112,0.7199,3.097
116.7114,0.7091,3.0492
116.7116,0.7875,3.388
116.7118,0.7512,3.2287
116.7120,0.7687,3.3008
116.7122,0.8332,3.5795
116.7124,0.842,3.6121
116.7126,0.8383,3.5995
116.7128,0.8693,3.7398
116.7130,0.7588,3.2657
116.7132,0.7156,3.0799
116.7134,0.6371,2.7457
116.7136,0.6091,2.6229
116.7138,0.6568,2.827
116.7140,0.6448,2.7806
116.7142,0.5885,2.5364
116.7144,0.6026,2.5962
116.7146,0.6755,2.9075
116.7148,0.6672,2.8728
116.7150,0.6447,2.7762
116.7152,0.6941,2.9861
116.7154,0.7004,3.0116
116.7156,0.7108,3.0593
116.7158,0.6285,2.7078
116.7160,0.6166,2.6586
116.7162,0.635,2.7356
116.7164,0.6615,2.8485
116.7166,0.6607,2.8422
116.7168,0.6695,2.8804
116.7170,0.727,3.1275
116.7172,0.7275,3.1295
116.7174,0.6765,2.9171
116.7176,0.547,2.3598
116.7178,0.5332,2.3024
116.7180,0.5308,2.2878
116.7182,0.5299,2.2837
116.7184,0.5423,2.3353
116.7186,0.6301,2.7107
116.7188,0.6919,2.9763
116.7190,0.6372,2.7462
116.7192,0.5506,2.3742
116.7194,0.5323,2.2962
116.7196,0.5312,2.2926
116.7198,0.5502,2.3716
116.7200,0.6082,2.6187
116.7202,0.6456,2.7759
116.7204,0.7037,3.0246
116.7206,0.7333,3.1578
116.7208,0.6795,2.9314
116.7210,0.5644,2.4325
116.7212,0.5381,2.3215
116.7214,0.5356,2.3117
116.7216,0.5399,2.3282
116.7218,0.5351,2.3064
116.7220,0.5336,2.3019
116.7222,0.5225,2.2522
116.7224,0.5682,2.4468
116.7226,0.6121,2.6407
116.7228,0.5405,2.3319
116.7230,0.527,2.2723
116.7232,0.5253,2.2641
116.7234,0.5625,2.422
116.7236,0.6514,2.8025
116.7238,0.7167,3.0774
116.7240,0.7052,3.0336
116.7242,0.6582,2.8327
116.7244,0.6438,2.7734
116.7246,0.6487,2.7893
116.7248,0.7002,3.0111
116.7250,0.6856,2.9468
116.7252,0.7435,3.1912
116.7254,0.8125,3.4888
116.7256,0.8116,3.4852
116.7258,0.8279,3.5585
116.7260,0.7668,3.2972
116.7262,0.7106,3.0582
116.7264,0.6757,2.9081
116.7266,0.6749,2.905
116.7268,0.6613,2.8369
116.7270,0.7561,3.2574
116.7272,0.6583,2.8345
116.7274,0.6603,2.8407
116.7276,0.6878,2.9616
116.7278,0.676,2.911
116.7280,0.654,2.8133
116.7282,0.6481,2.7894
116.7284,0.6475,2.7894
116.7286,0.6433,2.7687
116.7288,0.6489,2.793
116.7290,0.6739,2.9044
116.7292,0.5498,2.3717
116.7294,0.5013,2.1627
116.7296,0.5291,2.2806
116.7298,0.5169,2.2289
116.7300,0.4891,2.1099
116.7302,0.474,2.0457
116.7304,0.4078,1.76
116.7306,0.4055,1.7518
116.7308,0.4055,1.7518
116.7310,0.4296,1.856
116.7312,0.4014,1.7342
116.7314,0.402,1.7352
116.7316,0.4239,1.8294
116.7318,0.4155,1.7923
116.7320,0.4143,1.7897
116.7322,0.3978,1.7187
116.7324,0.421,1.817
116.7326,0.476,2.0564
116.7328,0.4224,1.824
116.7330,0.3878,1.6744
116.7332,0.4103,1.7693
116.7334,0.47,2.0286
116.7336,0.4932,2.1236
116.7338,0.5993,2.5757
116.7340,0.7229,3.1042
116.7342,0.7413,3.1859
116.7344,0.7339,3.1515
116.7346,0.7889,3.3858
116.7348,0.839,3.6009
116.7350,0.8091,3.4711
116.7352,0.8458,3.6285
116.7354,0.8817,3.7806
116.7356,0.8773,3.7585
116.7358,0.9584,4.1058
116.7360,0.9331,4.003
116.7362,0.8946,3.8379
116.7364,0.8926,3.8273
116.7366,0.8975,3.8466
116.7368,0.9429,4.0414
116.7370,0.9549,4.0928
116.7372,0.9711,4.1486
116.7374,1.1097,4.7452
116.7376,1.1118,4.7561
116.7378,1.1199,4.791
116.7380,1.0971,4.6957
116.7382,1.027,4.3955
116.7384,1.0343,4.4268
116.7386,1.0784,4.62
116.7388,1.0306,4.413
116.7390,1.002,4.2968
116.7392,0.9625,4.1271
116.7394,0.9801,4.2046
116.7396,0.923,3.9616
116.7398,0.8807,3.7782
116.7400,0.8941,3.8376
116.7402,0.8751,3.7575
116.7404,0.8564,3.6738
116.7406,0.8755,3.7596
116.7408,0.9002,3.8639
116.7410,0.9245,3.9697
116.7412,0.9447,4.051
116.7414,0.9478,4.0606
116.7416,0.9198,3.9533
116.7418,0.841,3.6113
116.7420,0.944,4.0517
116.7422,0.9052,3.8922
116.7424,0.7987,3.4312
116.7426,0.8249,3.544
116.7428,0.8437,3.6243
116.7430,0.8393,3.6058
116.7432,0.8534,3.666
116.7434,0.8337,3.5866
116.7436,0.7667,3.2921
116.7438,0.888,3.806
116.7440,0.9598,4.1215
116.7442,0.9013,3.8703
116.7444,0.8969,3.8441
116.7446,0.9573,4.1146
116.7448,0.7518,3.2403
116.7450,0.6966,3.0012
116.7452,0.653,2.8144
116.7454,0.6133,2.6446
116.7456,0.6154,2.6546
116.7458,0.5478,2.3656
116.7460,0.5137,2.216
116.7462,0.4984,2.1533
116.7464,0.4956,2.1379
116.7466,0.5524,2.3831
116.7468,0.5044,2.1782
116.7470,0.467,2.0176
116.7472,0.4719,2.0379
116.7474,0.4849,2.0909
116.7476,0.4895,2.1135
116.7478,0.5016,2.1627
116.7480,0.571,2.4564
116.7482,0.6144,2.6554
116.7484,0.4372,1.8895
116.7486,0.4104,1.7723
116.7488,0.4579,1.9764
116.7490,0.456,1.9699
116.7492,0.4453,1.9238
116.7494,0.4464,1.9285
116.7496,0.4483,1.9359
116.7498,0.4709,2.0285
116.7500,0.5287,2.2828
116.7502,0.4924,2.1264
116.7504,0.5144,2.2201
116.7506,0.4734,2.0431
116.7508,0.4573,1.9765
116.7510,0.4549,1.9634
116.7512,0.4589,1.9796
116.7514,0.4982,2.1503
116.7516,0.4601,1.9857
116.7518,0.4502,1.9441
116.7520,0.4717,2.0368
116.7522,0.47,2.0296
116.7524,0.4549,1.9643
116.7526,0.4341,1.8734
116.7528,0.4301,1.858
116.7530,0.4447,1.9186
116.7532,0.5043,2.1766
116.7534,0.4982,2.1503
116.7536,0.4649,2.0064
116.7538,0.463,1.9972
116.7540,0.5439,2.3452
116.7542,0.5742,2.4738
116.7544,0.5722,2.465
116.7546,0.5712,2.462
116.7548,0.5923,2.5494
116.7550,0.6456,2.7785
116.7552,0.6241,2.6837
116.7554,0.6272,2.7033
116.7556,0.5365,2.3143
116.7558,0.5284,2.2775
116.7560,0.5392,2.3229
116.7562,0.5791,2.4926
116.7564,0.6602,2.8415
116.7566,0.6648,2.8598
116.7568,0.624,2.6856
116.7570,0.5597,2.4135
116.7572,0.5542,2.3908
116.7574,0.5582,2.4057
116.7576,0.5568,2.3977
116.7578,0.5932,2.553
116.7580,0.6465,2.7801
116.7582,0.7344,3.1521
116.7584,0.8095,3.4727
116.7586,0.8579,3.6839
116.7588,0.8803,3.7802
116.7590,0.7872,3.3833
116.7592,0.7446,3.2033
116.7594,0.6429,2.7685
116.7596,0.6355,2.7301
116.7598,0.7428,3.1911
116.7600,0.7246,3.1157
116.7602,0.6779,2.9138
116.7604,0.7199,3.0985
116.7606,0.6572,2.8299
116.7608,0.6621,2.8471
116.7610,0.7115,3.0595
116.7612,0.7012,3.018
116.7614,0.6451,2.7765
116.7616,0.6185,2.6631
116.7618,0.6222,2.6816
116.7620,0.5855,2.5211
116.7622,0.6125,2.6398
116.7624,0.4712,2.0357
116.7626,0.3993,1.7241
116.7628,0.3938,1.6979
116.7630,0.4691,2.0217
116.7632,0.5114,2.2082
116.7634,0.4222,1.8238
116.7636,0.4095,1.7698
116.7638,0.3993,1.7241
116.7640,0.3981,1.7189
116.7642,0.3999,1.7275
116.7644,0.4004,1.7288
116.7646,0.3968,1.7124
116.7648,0.4293,1.851
116.7650,0.454,1.9602
116.7652,0.4354,1.8782
116.7654,0.4062,1.7549
116.7656,0.3911,1.6889
116.7658,0.3899,1.6822
116.7660,0.393,1.6956
116.7662,0.3965,1.7114
116.7664,0.4321,1.8616
116.7666,0.5532,2.3789
116.7668,0.6247,2.685
116.7670,0.6248,2.6892
116.7672,0.5783,2.489
116.7674,0.6048,2.6006
116.7676,0.6836,2.938
116.7678,0.7541,3.238
116.7680,0.7348,3.1566
116.7682,0.7269,3.1226
116.7684,0.7787,3.3405
116.7686,0.8422,3.6131
116.7688,0.8883,3.8035
116.7690,0.9727,4.1669
116.7692,0.9817,4.2054
116.7694,0.9727,4.1611
116.7696,0.9739,4.174
116.7698,0.946,4.0567
116.7700,0.9019,3.8675
116.7702,0.8595,3.6854
116.7704,0.8862,3.8019
116.7706,0.8789,3.767
116.7708,0.8983,3.8502
116.7710,0.9192,3.9378
116.7712,0.9534,4.0842
116.7714,0.9211,3.946
116.7716,0.9438,4.0488
116.7718,0.9115,3.9068
116.7720,0.9621,4.1236
116.7722,0.9204,3.954
116.7724,0.848,3.6361
116.7726,0.9126,3.9077
116.7728,0.9326,4.0009
116.7730,0.8502,3.6476
116.7732,0.8583,3.6906
116.7734,0.8236,3.5367
116.7736,0.815,3.5012
116.7738,0.8493,3.6451
116.7740,0.8724,3.7445
116.7742,0.8739,3.7471
116.7744,0.8944,3.8351
116.7746,0.9426,4.0399
116.7748,0.9152,3.9227
116.7750,0.9347,4.0078
116.7752,0.9385,4.0243
116.7754,0.9128,3.9252
116.7756,0.7947,3.4173
116.7758,0.7522,3.2313
116.7760,0.7561,3.2498
116.7762,0.7604,3.2684
116.7764,0.812,3.4916
116.7766,0.7841,3.3699
116.7768,0.7959,3.4177
116.7770,0.8715,3.7438
116.7772,0.8799,3.7711
116.7774,0.9624,4.1266
116.7776,0.9746,4.1771
116.7778,0.9731,4.1768
116.7780,0.9361,4.0121
116.7782,0.9686,4.1553
116.7784,0.9873,4.2335
116.7786,0.9772,4.1923
116.7788,0.8351,3.5978
116.7790,0.6564,2.8302
116.7792,0.6014,2.591
116.7794,0.6078,2.6184
116.7796,0.685,2.9483
116.7798,0.7589,3.2647
116.7800,0.7264,3.1307
116.7802,0.6681,2.8796
116.7804,0.615,2.6506
116.7806,0.5644,2.4337
116.7808,0.6005,2.5869
116.7810,0.6549,2.8188
116.7812,0.641,2.764
116.7814,0.6174,2.6622
116.7816,0.5845,2.5205
116.7818,0.5806,2.5035
116.7820,0.5951,2.566
116.7822,0.5922,2.5501
116.7824,0.6037,2.6032
116.7826,0.5258,2.2693
116.7828,0.4887,2.1074
116.7830,0.6537,2.8149
116.7832,0.6977,3.0044
116.7834,0.6094,2.6251
116.7836,0.5857,2.528
116.7838,0.5378,2.3178
116.7840,0.5327,2.2982
116.7842,0.5384,2.3236
116.7844,0.5311,2.291
116.7846,0.5318,2.293
116.7848,0.5601,2.4162
116.7850,0.5405,2.3319
116.7852,0.5302,2.2863
116.7854,0.5255,2.2661
116.7856,0.5276,2.276
116.7858,0.5295,2.2821
116.7860,0.5399,2.3249
116.7862,0.693,2.9801
116.7864,0.7751,3.3343
116.7866,0.7224,3.1064
116.7868,0.6167,2.6591
116.7870,0.5602,2.4167
116.7872,0.557,2.4016
116.7874,0.5498,2.3662
116.7876,0.5507,2.3736
116.7878,0.5566,2.4001
116.7880,0.5501,2.3721
116.7882,0.5535,2.3866
116.7884,0.5408,2.3318
116.7886,0.5309,2.2883
116.7888,0.545,2.3477
116.7890,0.5944,2.5605
116.7892,0.6458,2.7796
116.7894,0.6836,2.938
116.7896,0.7071,3.0433
116.7898,0.6553,2.8229
116.7900,0.63,2.7127
116.7902,0.6282,2.7062
116.7904,0.6448,2.778
116.7906,0.6487,2.7893
116.7908,0.7281,3.1278
116.7910,0.8092,3.4781
116.7912,0.8234,3.5389
116.7914,0.8207,3.5243
116.7916,0.8083,3.4708
116.7918,0.7887,3.3963
116.7920,0.6559,2.8242
116.7922,0.6293,2.7083
116.7924,0.6233,2.685
116.7926,0.6189,2.6627
116.7928,0.7414,3.1864
116.7930,0.7694,3.3132
116.7932,0.6584,2.8364
116.7934,0.6683,2.8739
116.7936,0.6927,2.9786
116.7938,0.7169,3.0842
116.7940,0.7187,3.0905
116.7942,0.7053,3.0369
116.7944,0.6802,2.9263
116.7946,0.7143,3.0728
116.7948,0.7264,3.1235
116.7950,0.7437,3.1992
116.7952,0.735,3.1606
116.7954,0.7293,3.1344
116.7956,0.6829,2.9404
116.7958,0.6253,2.6938
116.7960,0.6972,2.9982
116.7962,0.7791,3.3472
116.7964,0.7703,3.3152
116.7966,0.6841,2.9442
116.7968,0.6929,2.981
116.7970,0.6767,2.9127
116.7972,0.6683,2.8793
116.7974,0.6101,2.6343
116.7976,0.4615,1.9947
116.7978,0.4355,1.8822
116.7980,0.4077,1.762
116.7982,0.4102,1.772
116.7984,0.4097,1.7716
116.7986,0.4299,1.8544
116.7988,0.5209,2.2491
116.7990,0.5019,2.1623
116.7992,0.5348,2.3102
116.7994,0.4681,2.0194
116.7996,0.5247,2.2625
116.7998,0.5832,2.5102
116.8000,0.6059,2.6065
116.8002,0.6868,2.9533
116.8004,0.7124,3.0574
116.8006,0.7939,3.4153
116.8008,0.7201,3.0981
116.8010,0.7287,3.1289
116.8012,0.7983,3.428
116.8014,0.791,3.4014
116.8016,0.7676,3.2947
116.8018,0.8001,3.4341
116.8020,0.849,3.6373
116.8022,0.9868,4.2256
116.8024,0.9933,4.2592
116.8026,0.9779,4.1934
116.8028,0.9769,4.1868
116.8030,0.9978,4.2748
116.8032,1.0266,4.3899
116.8034,1.0934,4.6776
116.8036,1.0884,4.6561
116.8038,1.0857,4.6448
116.8040,1.1056,4.7233
116.8042,1.1409,4.8922
116.8044,0.9874,4.238
116.8046,0.968,4.1488
116.8048,0.9362,4.0182
116.8050,0.9193,3.9457
116.8052,0.9131,3.9153
116.8054,0.9127,3.9174
116.8056,0.954,4.0944
116.8058,0.9405,4.0349
116.8060,0.8703,3.7387
116.8062,0.8494,3.6558
116.8064,0.7758,3.339
116.8066,0.7007,3.0131
116.8068,0.7026,3.0228
116.8070,0.7113,3.0613
116.8072,0.7002,3.0181
116.8074,0.6793,2.9263
116.8076,0.7145,3.0724
116.8078,0.8065,3.463
116.8080,0.8425,3.6225
116.8082,0.7893,3.3926
116.8084,0.7607,3.2694
116.8086,0.7771,3.34
116.8088,0.7335,3.1612
116.8090,0.6518,2.8067
116.8092,0.691,2.9755
116.8094,0.6998,3.0104
116.8096,0.7679,3.3065
116.8098,0.7229,3.1128
116.8100,0.6826,2.9366
116.8102,0.6944,2.9886
116.8104,0.733,3.1591
116.8106,0.6423,2.7697
116.8108,0.6066,2.6132
116.8110,0.703,3.0215
116.8112,0.7482,3.2188
116.8114,0.7505,3.2286
116.8116,0.7327,3.1522
116.8118,0.6691,2.8864
116.8120,0.6186,2.6661
116.8122,0.6697,2.889
116.8124,0.543,2.3427
116.8126,0.5131,2.2134
116.8128,0.593,2.5572
116.8130,0.6247,2.695
116.8132,0.5096,2.2004
116.8134,0.5133,2.2165
116.8136,0.5603,2.4161
116.8138,0.6116,2.6374
116.8140,0.5354,2.3096
116.8142,0.556,2.3997
116.8144,0.5339,2.3023
116.8146,0.5289,2.2817
116.8148,0.5559,2.3936
116.8150,0.6409,2.7584
116.8152,0.6638,2.8623
116.8154,0.5614,2.4219
116.8156,0.5321,2.2967
116.8158,0.5342,2.3055
116.8160,0.539,2.323
116.8162,0.5596,2.4119
116.8164,0.6122,2.6363
116.8166,0.6478,2.7896
116.8168,0.6752,2.9087
116.8170,0.5984,2.5781
116.8172,0.5674,2.4477
116.8174,0.5753,2.4784
116.8176,0.6426,2.7695
116.8178,0.5576,2.4064
116.8180,0.4665,2.0146
116.8182,0.4624,1.9964
116.8184,0.4574,1.9734
116.8186,0.4661,2.0116
116.8188,0.5239,2.2599
116.8190,0.5453,2.3504
116.8192,0.5438,2.3458
116.8194,0.5494,2.3701
116.8196,0.4883,2.1063
116.8198,0.465,2.0078
116.8200,0.4584,1.9775
116.8202,0.456,1.9654
116.8204,0.5,2.155
116.8206,0.5785,2.4924
116.8208,0.5853,2.5236
116.8210,0.5579,2.4046
116.8212,0.5782,2.4908
116.8214,0.516,2.2268
116.8216,0.4703,2.0287
116.8218,0.4657,2.0091
116.8220,0.4636,1.9979
116.8222,0.5074,2.1871
116.8224,0.5528,2.3824
116.8226,0.5626,2.4259
116.8228,0.5679,2.4464
116.8230,0.554,2.3876
116.8232,0.5607,2.4154
116.8234,0.5558,2.3931
116.8236,0.55,2.3683
116.8238,0.6062,2.6105
116.8240,0.6194,2.6697
116.8242,0.577,2.4833
116.8244,0.6448,2.7703
116.8246,0.7341,3.1564
116.8248,0.7779,3.3405
116.8250,0.7785,3.3477
116.8252,0.7343,3.1604
116.8254,0.6315,2.7207
116.8256,0.5368,2.3137
116.8258,0.5154,2.2232
116.8260,0.517,2.2294
116.8262,0.5559,2.3936
116.8264,0.5773,2.486
116.8266,0.5765,2.4824
116.8268,0.5994,2.581
116.8270,0.6219,2.6756
116.8272,0.5801,2.4991
116.8274,0.567,2.4439
116.8276,0.566,2.4381
116.8278,0.6084,2.6185
116.8280,0.6,2.5824
116.8282,0.5989,2.5814
116.8284,0.5749,2.4792
116.8286,0.5344,2.3055
116.8288,0.5267,2.2713
116.8290,0.51,2.1979
116.8292,0.5194,2.2398
116.8294,0.5096,2.1984
116.8296,0.5024,2.1694
116.8298,0.4151,1.7916
116.8300,0.3993,1.7249
116.8302,0.395,1.7047
116.8304,0.4176,1.8025
116.8306,0.3954,1.7044
116.8308,0.4658,2.0124
116.8310,0.4119,1.7776
116.8312,0.3941,1.7018
116.8314,0.388,1.6747
116.8316,0.3922,1.6912
116.8318,0.4061,1.7528
116.8320,0.39,1.6842
116.8322,0.3844,1.6584
116.8324,0.3842,1.6581
116.8326,0.4085,1.7623
116.8328,0.5109,2.199
116.8330,0.5975,2.5728
116.8332,0.5821,2.5044
116.8334,0.6113,2.6273
116.8336,0.689,2.964
116.8338,0.6826,2.9325
116.8340,0.7281,3.1219
116.8342,0.8263,3.5447
116.8344,0.8417,3.6127
116.8346,0.7993,3.4289
116.8348,0.8032,3.4491
116.8350,0.832,3.5694
116.8352,0.8862,3.7966
116.8354,0.9187,3.9376
116.8356,0.9103,3.898
116.8358,0.9705,4.1538
116.8360,0.9775,4.1855
116.8362,0.9981,4.2738
116.8364,0.9808,4.196
116.8366,0.9889,4.2363
116.8368,0.9215,3.9457
116.8370,1.0112,4.3278
116.8372,0.9187,3.9468
116.8374,0.7871,3.3796
116.8376,0.8501,3.6436
116.8378,0.9458,4.0537
116.8380,0.9657,4.1352
116.8382,1.0236,4.3791
116.8384,1.0596,4.5308
116.8386,1.0895,4.6563
116.8388,1.1366,4.8555
116.8390,1.1164,4.7806
116.8392,1.0136,4.3461
116.8394,0.9725,4.1664
116.8396,1.006,4.3097
116.8398,0.9823,4.208
116.8400,1.0405,4.4535
116.8402,1.0484,4.4937
116.8404,0.9826,4.2135
116.8406,0.9598,4.1196
116.8408,0.8935,3.8279
116.8410,1.0303,4.4119
116.8412,1.0114,4.3328
116.8414,1.0385,4.4468
116.8416,1.0203,4.3647
116.8418,1.0434,4.4721
116.8420,1.0414,4.4717
116.8422,0.8901,3.8272
116.8424,0.8088,3.4728
116.8426,0.8531,3.6616
116.8428,0.9562,4.1099
116.8430,0.8724,3.7462
116.8432,0.8531,3.665
116.8434,0.8547,3.6717
116.8436,0.8676,3.7326
116.8438,0.78,3.3539
116.8440,0.7754,3.3343
116.8442,0.8076,3.4709
116.8444,0.8311,3.5769
116.8446,0.7451,3.2024
116.8448,0.8112,3.4896
116.8450,0.7408,3.1927
116.8452,0.6748,2.9071
116.8454,0.6375,2.749
116.8456,0.6201,2.6716
116.8458,0.6565,2.8294
116.8460,0.6172,2.6587
116.8462,0.6383,2.7522
116.8464,0.6255,2.6923
116.8466,0.7195,3.0969
116.8468,0.689,2.9667
116.8470,0.7242,3.1156
116.8472,0.7464,3.2125
116.8474,0.695,2.9953
116.8476,0.6683,2.8819
116.8478,0.5928,2.5538
116.8480,0.6207,2.6742
116.8482,0.5964,2.5717
116.8484,0.5853,2.5271
116.8486,0.5725,2.47
116.8488,0.5655,2.4372
116.8490,0.5831,2.5143
116.8492,0.5789,2.4939
116.8494,0.6727,2.8911
116.8496,0.7806,3.3612
116.8498,0.5913,2.5554
116.8500,0.4805,2.0746
116.8502,0.4916,2.1228
116.8504,0.5194,2.2419
116.8506,0.5395,2.3261
116.8508,0.5363,2.3137
116.8510,0.5132,2.2139
116.8512,0.508,2.1907
116.8514,0.5138,2.2165
116.8516,0.5275,2.2776
116.8518,0.5291,2.2827
116.8520,0.5267,2.2724
116.8522,0.5237,2.2605
116.8524,0.5284,2.2775
116.8526,0.5994,2.5786
116.8528,0.6603,2.8433
116.8530,0.5808,2.5045
116.8532,0.5707,2.4588
116.8534,0.6441,2.7736
116.8536,0.6577,2.8306
116.8538,0.6552,2.8198
116.8540,0.6552,2.8198
116.8542,0.712,3.0616
116.8544,0.7803,3.3539
116.8546,0.7705,3.3163
116.8548,0.6477,2.7904
116.8550,0.6277,2.7016
116.8552,0.7006,3.014
116.8554,0.7145,3.071
116.8556,0.7245,3.121
116.8558,0.6645,2.8601
116.8560,0.7019,3.0225
116.8562,0.6541,2.8152
116.8564,0.6408,2.7604
116.8566,0.6409,2.7584
116.8568,0.7465,3.2056
116.8570,0.8146,3.5013
116.8572,0.7458,3.2085
116.8574,0.7291,3.1368
116.8576,0.7815,3.3559
116.8578,0.8194,3.517
116.8580,0.8357,3.5887
116.8582,0.8809,3.7863
116.8584,0.8249,3.5506
116.8586,0.7149,3.074
116.8588,0.7,3.0114
116.8590,0.7181,3.0864
116.8592,0.7638,3.2843
116.8594,0.7464,3.2125
116.8596,0.6427,2.7674
116.8598,0.617,2.6582
116.8600,0.6197,2.672
116.8602,0.6258,2.6934
116.8604,0.6849,2.9451
116.8606,0.6908,2.9772
116.8608,0.6319,2.7172
116.8610,0.7185,3.0909
116.8612,0.6878,2.9602
116.8614,0.6396,2.7553
116.8616,0.6038,2.6038
116.8618,0.6127,2.6396
116.8620,0.6746,2.9021
116.8622,0.6249,2.6948
116.8624,0.5279,2.2775
116.8626,0.5625,2.4243
116.8628,0.5988,2.5785
116.8630,0.5807,2.5017
116.8632,0.6219,2.6793
116.8634,0.6372,2.7437
116.8636,0.6192,2.6712
116.8638,0.536,2.3133
116.8640,0.4477,1.9351
116.8642,0.3966,1.7143
116.8644,0.4034,1.7393
116.8646,0.4522,1.9524
116.8648,0.4089,1.7663
116.8650,0.4008,1.7332
116.8652,0.4284,1.8499
116.8654,0.4243,1.8332
116.8656,0.4198,1.8093
116.8658,0.5414,2.3333
116.8660,0.5411,2.3344
116.8662,0.524,2.2584
116.8664,0.5683,2.4473
116.8666,0.5797,2.4998
116.8668,0.5805,2.4948
116.8670,0.6994,3.0102
116.8672,0.7257,3.1189
116.8674,0.7513,3.2277
116.8676,0.7324,3.1478
116.8678,0.7681,3.2983
116.8680,0.8102,3.4774
116.8682,0.8453,3.6315
116.8684,0.8548,3.6637
116.8686,0.9362,4.0126
116.8688,0.9863,4.2294
116.8690,0.9832,4.2121
116.8692,0.9915,4.2476
116.8694,1.0299,4.4058
116.8696,1.1096,4.7513
116.8698,1.0794,4.6154
116.8700,1.0964,4.6883
116.8702,1.1281,4.8259
116.8704,1.0928,4.686
116.8706,0.9184,3.9397
116.8708,0.8844,3.7995
116.8710,0.8917,3.8291
116.8712,0.9041,3.8803
116.8714,0.8772,3.765
116.8716,0.9325,4.0042
116.8718,0.9264,3.9723
116.8720,0.9555,4.0935
116.8722,0.9513,4.0812
116.8724,0.9047,3.8829
116.8726,0.9444,4.057
116.8728,0.8507,3.6564
116.8730,0.8483,3.6393
116.8732,0.9142,3.9217
116.8734,0.908,3.9028
116.8736,0.8116,3.49
116.8738,0.7463,3.2105
116.8740,0.7355,3.1641
116.8742,0.7102,3.0581
116.8744,0.7414,3.1894
116.8746,0.8018,3.4478
116.8748,0.789,3.391
116.8750,0.7896,3.3983
116.8752,0.7469,3.2086
116.8754,0.8158,3.5032
116.8756,0.8636,3.7047
116.8758,0.9398,4.0356
116.8760,0.9173,3.9369
116.8762,0.8777,3.7706
116.8764,0.8789,3.7758
116.8766,0.8389,3.6054
116.8768,0.8151,3.5001
116.8770,0.8417,3.6161
116.8772,0.8452,3.6361
116.8774,0.8434,3.6233
116.8776,0.8627,3.708
116.8778,0.795,3.4184
116.8780,0.7393,3.1821
116.8782,0.6795,2.9286
116.8784,0.6566,2.8273
116.8786,0.7017,3.0215
116.8788,0.6429,2.7672
116.8790,0.692,2.9796
116.8792,0.6984,3.0131
116.8794,0.5845,2.5182
116.8796,0.6315,2.7207
116.8798,0.6735,2.8974
116.8800,0.7414,3.1894
116.8802,0.7034,3.0259
116.8804,0.7107,3.0644
116.8806,0.5796,2.5016
116.8808,0.5778,2.4893
116.8810,0.6283,2.7105
116.8812,0.6278,2.7059
116.8814,0.642,2.7682
116.8816,0.5577,2.4058
116.8818,0.5173,2.2305
116.8820,0.6335,2.7277
116.8822,0.6716,2.8959
116.8824,0.6374,2.7447
116.8826,0.6061,2.6136
116.8828,0.5212,2.2507
116.8830,0.5124,2.2134
116.8832,0.5131,2.2103
116.8834,0.616,2.6547
116.8836,0.6022,2.5977
116.8838,0.5913,2.5495
116.8840,0.6207,2.6767
116.8842,0.5986,2.5798
116.8844,0.5725,2.4723
116.8846,0.517,2.2325
116.8848,0.5108,2.2036
116.8850,0.5189,2.2377
116.8852,0.5501,2.3721
116.8854,0.5668,2.444
116.8856,0.547,2.3598
116.8858,0.577,2.4868
116.8860,0.5813,2.5066
116.8862,0.5347,2.3065
116.8864,0.5326,2.2966
116.8866,0.5562,2.3974
116.8868,0.5486,2.3632
116.8870,0.5652,2.4361
116.8872,0.5958,2.5715
116.8874,0.5155,2.2237
116.8876,0.5254,2.2667
116.8878,0.5119,2.2103
116.8880,0.5442,2.3435
116.8882,0.6211,2.6745
116.8884,0.6326,2.7241
116.8886,0.6634,2.8581
116.8888,0.6574,2.8296
116.8890,0.6727,2.8965
116.8892,0.6499,2.7997
116.8894,0.6359,2.738
116.8896,0.6534,2.8108
116.8898,0.6313,2.7196
116.8900,0.6519,2.8046
116.8902,0.7161,3.0805
116.8904,0.783,3.3605
116.8906,0.8962,3.8499
116.8908,0.812,3.4916
116.8910,0.7902,3.3946
116.8912,0.8146,3.5013
116.8914,0.6893,2.9683
116.8916,0.6192,2.6687
116.8918,0.6065,2.6115
116.8920,0.6423,2.7659
116.8922,0.714,3.0732
116.8924,0.7199,3.0956
116.8926,0.6933,2.9839
116.8928,0.688,2.9612
116.8930,0.6778,2.9173
116.8932,0.6892,2.965
116.8934,0.6841,2.9442
116.8936,0.7066,3.044
116.8938,0.6562,2.8258
116.8940,0.6681,2.8809
116.8942,0.6062,2.6093
116.8944,0.7276,3.1272
116.8946,0.6953,2.9996
116.8948,0.5356,2.3106
116.8950,0.5474,2.3548
116.8952,0.6818,2.933
116.8954,0.7349,3.163
116.8956,0.6941,2.9889
116.8958,0.6511,2.8023
116.8960,0.6716,2.8945
116.8962,0.5578,2.4063
116.8964,0.5224,2.2527
116.8966,0.5572,2.406
116.8968,0.4516,1.9507
116.8970,0.4161,1.7966
116.8972,0.4476,1.931
116.8974,0.4749,2.0508
116.8976,0.451,1.9464
116.8978,0.4356,1.8792
116.8980,0.4291,1.8504
116.8982,0.4397,1.8995
116.8984,0.4415,1.9055
116.8986,0.5179,2.231
116.8988,0.5808,2.5045
116.8990,0.5546,2.3913
116.8992,0.5911,2.5442
116.8994,0.6646,2.8579
116.8996,0.7158,3.0752
116.8998,0.6971,3.0032
116.9000,0.6089,2.6206
116.9002,0.6724,2.8914
116.9004,0.7084,3.0447
116.9006,0.7615,3.273
116.9008,0.7823,3.3575
116.9010,0.841,3.6113
116.9012,0.8126,3.4893
116.9014,0.8727,3.7385
116.9016,0.9959,4.2626
116.9018,0.999,4.2919
116.9020,0.8788,3.7682
116.9022,0.9401,4.0291
116.9024,0.974,4.1745
116.9026,0.9965,4.2711
116.9028,0.9818,4.2079
116.9030,0.9098,3.9032
116.9032,0.8777,3.7706
116.9034,0.8534,3.6609
116.9036,0.9265,3.9747
116.9038,0.9114,3.9099
116.9040,0.8974,3.8533
116.9042,0.897,3.8536
116.9044,0.8548,3.6654
116.9046,0.9236,3.9587
116.9048,0.9139,3.9244
116.9050,0.8826,3.7917
116.9052,0.8311,3.5702
116.9054,0.8327,3.5791
116.9056,0.8213,3.5285
116.9058,0.799,3.4327
116.9060,0.8046,3.458
116.9062,0.7983,3.4312
116.9064,0.7914,3.3997
116.9066,0.8443,3.6235
116.9068,0.9371,4.0218
116.9070,0.8507,3.6547
116.9072,0.8385,3.6005
116.9074,0.8984,3.8579
116.9076,0.8711,3.7388
116.9078,0.8295,3.5619
116.9080,0.8413,3.6191
116.9082,0.7633,3.2868
116.9084,0.7579,3.2591
116.9086,0.8315,3.5706
116.9088,0.8658,3.7179
116.9090,0.8547,3.67
116.9092,0.8537,3.6693
116.9094,0.8131,3.4995
116.9096,0.7568,3.262
116.9098,0.7034,3.0287
116.9100,0.739,3.1761
116.9102,0.7832,3.3678
116.9104,0.774,3.3281
116.9106,0.8145,3.5008
116.9108,0.7749,3.3354
116.9110,0.6728,2.897
116.9112,0.6937,2.9869
116.9114,0.6421,2.7713
116.9116,0.559,2.4104
116.9118,0.5408,2.3318
116.9120,0.5873,2.5301
116.9122,0.666,2.8663
116.9124,0.6779,2.9192
116.9126,0.6287,2.7083
116.9128,0.6435,2.7736
116.9130,0.6417,2.7633
116.9132,0.6365,2.7418
116.9134,0.6548,2.8209
116.9136,0.6875,2.9592
116.9138,0.6862,2.9521
116.9140,0.6963,2.9982
116.9142,0.7043,3.0356
116.9144,0.6391,2.7545
116.9146,0.6241,2.6861
116.9148,0.6603,2.8446
116.9150,0.6676,2.8762
116.9152,0.6771,2.9143
116.9154,0.7325,3.1468
116.9156,0.7886,3.3958
116.9158,0.6908,2.9745
116.9160,0.6552,2.8198
116.9162,0.6231,2.6895
116.9164,0.541,2.3361
116.9166,0.5307,2.2894
116.9168,0.5287,2.2796
116.9170,0.5294,2.2848
116.9172,0.5293,2.2843
116.9174,0.5293,2.2811
116.9176,0.5889,2.5403
116.9178,0.539,2.3251
116.9180,0.5291,2.2817
116.9182,0.529,2.2843
116.9184,0.5308,2.291
116.9186,0.5337,2.3002
116.9188,0.6071,2.6129
116.9190,0.7089,3.0496
116.9192,0.697,2.9985
116.9194,0.6463,2.7894
116.9196,0.5493,2.3718
116.9198,0.5349,2.3065
116.9200,0.5367,2.3153
116.9202,0.5678,2.4447
116.9204,0.6121,2.6382
116.9206,0.6311,2.7173
116.9208,0.6729,2.8921
116.9210,0.7168,3.0851
116.9212,0.6666,2.8715
116.9214,0.6359,2.7393
116.9216,0.6523,2.8113
116.9218,0.6282,2.7037
116.9220,0.6321,2.722
116.9222,0.6348,2.7346
116.9224,0.6335,2.7289
116.9226,0.6561,2.8239
116.9228,0.6621,2.8484
116.9230,0.7103,3.0572
116.9232,0.7345,3.1585
116.9234,0.8036,3.4539
116.9236,0.7668,3.3003
116.9238,0.6428,2.7679
116.9240,0.6849,2.9464
116.9242,0.7219,3.1073
116.9244,0.7206,3.103
116.9246,0.6968,2.9961
116.9248,0.754,3.2435
116.9250,0.6889,2.9662
116.9252,0.6559,2.8242
116.9254,0.7287,3.1332
116.9256,0.7343,3.1575
116.9258,0.7349,3.1615
116.9260,0.7478,3.2172
116.9262,0.7833,3.3684
116.9264,0.7971,3.4292
116.9266,0.676,2.9137
116.9268,0.6326,2.7215
116.9270,0.685,2.9469
116.9272,0.7068,3.0366
116.9274,0.712,3.0659
116.9276,0.6589,2.8358
116.9278,0.6339,2.7335
116.9280,0.591,2.5473
116.9282,0.6178,2.66
116.9284,0.629,2.7098
116.9286,0.6512,2.8002
116.9288,0.7295,3.1398
116.9290,0.6669,2.8744
116.9292,0.5598,2.4151
116.9294,0.47,2.0296
116.9296,0.4809,2.0786
116.9298,0.4181,1.8071
116.9300,0.3964,1.7125
116.9302,0.3969,1.7145
116.9304,0.4259,1.8407
116.9306,0.3891,1.6809
116.9308,0.3795,1.6379
116.9310,0.4221,1.8225
116.9312,0.4284,1.8516
116.9314,0.4053,1.7532
116.9316,0.391,1.6884
116.9318,0.4667,2.0123
116.9320,0.5332,2.2928
116.9322,0.6558,2.8237
116.9324,0.5963,2.5724
116.9326,0.529,2.279
116.9328,0.6059,2.6041
116.9330,0.7194,3.0935
116.9332,0.7142,3.0737
116.9334,0.691,2.9741
116.9336,0.7297,3.135
116.9338,0.777,3.3364
116.9340,0.8363,3.5879
116.9342,0.8567,3.677
116.9344,0.7982,3.4291
116.9346,0.811,3.4826
116.9348,0.8541,3.6623
116.9350,0.8982,3.8497
116.9352,0.9769,4.181
116.9354,0.9871,4.2266
116.9356,0.9989,4.2814
116.9358,1.0182,4.358
116.9360,1.0818,4.6322
116.9362,1.1098,4.7501
116.9364,1.1064,4.7374
116.9366,1.0591,4.533
116.9368,1.1001,4.7107
116.9370,1.0843,4.643
116.9372,1.059,4.5346
116.9374,1.094,4.6824
116.9376,1.1143,4.7713
116.9378,1.098,4.6993
116.9380,1.056,4.5345
116.9382,0.9737,4.1735
116.9384,0.9908,4.2445
116.9386,0.9861,4.2264
116.9388,0.9909,4.2569
116.9390,0.8956,3.8474
116.9392,0.8743,3.7562
116.9394,0.8549,3.6745
116.9396,0.7982,3.4355
116.9398,0.7351,3.164
116.9400,0.7073,3.0443
116.9402,0.7355,3.1641
116.9404,0.7787,3.3467
116.9406,0.845,3.63
116.9408,0.8697,3.7344
116.9410,0.8661,3.7241
116.9412,0.8137,3.4972
116.9414,0.7813,3.3612
116.9416,0.7049,3.0326
116.9418,0.6654,2.8663
116.9420,0.656,2.826
116.9422,0.6886,2.961
116.9424,0.76,3.2648
116.9426,0.8342,3.587
116.9428,0.765,3.2941
116.9430,0.703,3.0257
116.9432,0.7448,3.1984
116.9434,0.8486,3.6471
116.9436,0.727,3.1333
116.9438,0.6375,2.7503
116.9440,0.6088,2.6237
116.9442,0.5986,2.5798
116.9444,0.5982,2.5795
116.9446,0.598,2.5784
116.9448,0.5889,2.5356
116.9450,0.635,2.7369
116.9452,0.607,2.6172
116.9454,0.5932,2.5566
116.9456,0.5993,2.5841
116.9458,0.5975,2.5787
116.9460,0.5951,2.5613
116.9462,0.6201,2.6766
116.9464,0.5085,2.1968
116.9466,0.4801,2.0731
116.9468,0.4935,2.1291
116.9470,0.4976,2.1477
116.9472,0.4928,2.1299
116.9474,0.4279,1.8513
116.9476,0.4204,1.8169
116.9478,0.4415,1.9046
116.9480,0.508,2.1927
116.9482,0.5066,2.1885
116.9484,0.4905,2.1162
116.9486,0.5483,2.3578
116.9488,0.6278,2.7109
116.9490,0.4743,2.0492
116.9492,0.4549,1.9653
116.9494,0.4535,1.9581
116.9496,0.4481,1.9339
116.9498,0.5043,2.1777
116.9500,0.4633,1.9997
116.9502,0.4603,1.9849
116.9504,0.4698,2.0285
116.9506,0.4378,1.8903
116.9508,0.4472,1.9312
116.9510,0.4651,2.0065
116.9512,0.46,1.9861
116.9514,0.4468,1.9291
116.9516,0.4372,1.8877
116.9518,0.4314,1.8611
116.9520,0.4411,1.9039
116.9522,0.4457,1.9227
116.9524,0.4638,2.0017
116.9526,0.4567,1.9712
116.9528,0.4914,2.1188
116.9530,0.5547,2.3907
116.9532,0.5917,2.5492
116.9534,0.5999,2.5831
116.9536,0.5905,2.5452
116.9538,0.5927,2.5509
116.9540,0.6267,2.6962
116.9542,0.6466,2.7845
116.9544,0.6116,2.6337
116.9546,0.6628,2.8502
116.9548,0.6759,2.9131
116.9550,0.5788,2.4945
116.9552,0.5632,2.4251
116.9554,0.5878,2.531
116.9556,0.647,2.7834
116.9558,0.6972,2.9968
116.9560,0.7303,3.139
116.9562,0.7231,3.1095
116.9564,0.7249,3.1173
116.9566,0.7277,3.1277
116.9568,0.7778,3.3369
116.9570,0.847,3.632
116.9572,0.8103,3.4795
116.9574,0.7879,3.3848
116.9576,0.8142,3.4992
116.9578,0.7655,3.2946
116.9580,0.7107,3.0587
116.9582,0.6413,2.7625
116.9584,0.5657,2.4371
116.9586,0.5574,2.4014
116.9588,0.6271,2.7028
116.9590,0.5476,2.3613
116.9592,0.5724,2.4626
116.9594,0.6869,2.9566
116.9596,0.6668,2.8725
116.9598,0.6306,2.714
116.9600,0.6204,2.6701
116.9602,0.5953,2.5635
116.9604,0.5966,2.5715
116.9606,0.5642,2.4292
116.9608,0.6475,2.7868
116.9610,0.6458,2.7821
116.9612,0.598,2.576
116.9614,0.5741,2.4755
116.9616,0.5938,2.5556
116.9618,0.6207,2.6742
116.9620,0.5783,2.4925
116.9622,0.5333,2.3008
116.9624,0.5183,2.2341
116.9626,0.5179,2.2372
116.9628,0.4138,1.7876
116.9630,0.3968,1.7148
116.9632,0.4035,1.7414
116.9634,0.4125,1.7819
116.9636,0.408,1.7627
116.9638,0.4038,1.7422
116.9640,0.4068,1.7567
116.9642,0.4097,1.77
116.9644,0.4107,1.7741
116.9646,0.4071,1.7578
116.9648,0.4064,1.753
116.9650,0.4848,2.0874
116.9652,0.5496,2.3701
116.9654,0.4993,2.1529
116.9656,0.4873,2.0993
116.9658,0.4932,2.1265
116.9660,0.5161,2.2232
116.9662,0.5614,2.4162
116.9664,0.6144,2.6456
116.9666,0.5872,2.5284
116.9668,0.5799,2.4969
116.9670,0.6755,2.9035
116.9672,0.7508,3.2241
116.9674,0.7137,3.0659
116.9676,0.7559,3.2473
116.9678,0.7881,3.3874
116.9680,0.8098,3.4726
116.9682,0.8968,3.8418
116.9684,0.9115,3.9104
116.9686,0.8843,3.7848
116.9688,0.9338,4.0005
116.9690,0.9681,4.1435
116.9692,1.0287,4.4027
116.9694,1.0384,4.4443
116.9696,1.0136,4.34
116.9698,1.1191,4.7852
116.9700,1.1182,4.7793
116.9702,1.0907,4.668
116.9704,0.9814,4.2064
116.9706,0.9065,3.8852
116.9708,0.9337,4.0093
116.9710,0.8855,3.8023
116.9712,0.8723,3.7422
116.9714,0.8994,3.8549
116.9716,0.917,3.9377
116.9718,0.8488,3.6448
116.9720,0.8191,3.5187
116.9722,0.8223,3.5261
116.9724,0.9088,3.9004
116.9726,0.8202,3.5266
116.9728,0.7978,3.426
116.9730,0.8666,3.7175
116.9732,0.8835,3.7918
116.9734,0.8745,3.748
116.9736,0.9426,4.0399
116.9738,0.9421,4.0397
116.9740,0.9228,3.9643
116.9742,0.8867,3.8039
116.9744,0.9152,3.9245
116.9746,0.9023,3.8708
116.9748,0.8679,3.7301
116.9750,0.8179,3.5119
116.9752,0.8363,3.5929
116.9754,0.813,3.4941
116.9756,0.8398,3.6095
116.9758,0.8495,3.6513
116.9760,0.845,3.63
116.9762,0.8325,3.5814
116.9764,0.764,3.2838
116.9766,0.7988,3.4253
116.9768,0.9385,4.0205
116.9770,0.9908,4.2524
116.9772,0.8913,3.8324
116.9774,0.8031,3.4534
116.9776,0.8237,3.5421
116.9778,0.8564,3.6824
116.9780,0.7353,3.166
116.9782,0.6592,2.8374
116.9784,0.7109,3.0598
116.9786,0.7371,3.1723
116.9788,0.7579,3.2621
116.9790,0.7044,3.0347
116.9792,0.6749,2.905
116.9794,0.7004,3.0158
116.9796,0.6592,2.8426
116.9798,0.6127,2.6383
116.9800,0.5969,2.575
116.9802,0.5764,2.4877
116.9804,0.5757,2.4823
116.9806,0.5896,2.5411
116.9808,0.5823,2.5095
116.9810,0.5911,2.549
116.9812,0.6066,2.6157
116.9814,0.5995,2.5839
116.9816,0.5713,2.4636
116.9818,0.5589,2.4088
116.9820,0.6789,2.9193
116.9822,0.7745,3.3364
116.9824,0.6108,2.6338
116.9826,0.5435,2.3459
116.9828,0.5251,2.2672
116.9830,0.5248,2.2641
116.9832,0.527,2.2723
116.9834,0.5276,2.2749
116.9836,0.5312,2.2926
116.9838,0.5397,2.3272
116.9840,0.5407,2.3313
116.9842,0.5396,2.3277
116.9844,0.5425,2.339
116.9846,0.5356,2.3096
116.9848,0.538,2.321
116.9850,0.5392,2.3251
116.9852,0.5392,2.324
116.9854,0.5954,2.564
116.9856,0.6808,2.9316
116.9858,0.6639,2.8628
116.9860,0.559,2.4104
116.9862,0.5362,2.3111
116.9864,0.5315,2.292
116.9866,0.5327,2.2972
116.9868,0.5315,2.292
116.9870,0.5474,2.3602
116.9872,0.5559,2.3981
116.9874,0.5319,2.2946
116.9876,0.5496,2.3679
116.9878,0.6116,2.6325
116.9880,0.6355,2.7339
116.9882,0.6377,2.7457
116.9884,0.6423,2.7646
116.9886,0.7094,3.0474
116.9888,0.8011,3.4431
116.9890,0.7764,3.3431
116.9892,0.6638,2.857
116.9894,0.6872,2.9521
116.9896,0.7498,3.224
116.9898,0.7471,3.2097
116.9900,0.7626,3.2792
116.9902,0.7469,3.2146
116.9904,0.6442,2.7767
116.9906,0.6538,2.8141
116.9908,0.7192,3.0911
116.9910,0.757,3.2519
116.9912,0.7608,3.2729
116.9914,0.7118,3.0662
116.9916,0.6432,2.7695
116.9918,0.6276,2.6999
116.9920,0.7313,3.1417
116.9922,0.7947,3.4142
116.9924,0.7713,3.323
116.9926,0.6235,2.6848
116.9928,0.6329,2.7213
116.9930,0.7252,3.1168
116.9932,0.7474,3.2137
116.9934,0.709,3.0473
116.9936,0.7299,3.1399
116.9938,0.7201,3.0981
116.9940,0.7336,3.1529
116.9942,0.7259,3.1199
116.9944,0.7422,3.193
116.9946,0.7836,3.3616
116.9948,0.832,3.5727
116.9950,0.7782,3.3431
116.9952,0.7613,3.2735
116.9954,0.801,3.4393
116.9956,0.8426,3.6197
116.9958,0.8119,3.4894
116.9960,0.792,3.4055
116.9962,0.6909,2.9764
116.9964,0.56,2.4134
116.9966,0.5544,2.3874
116.9968,0.6007,2.5879
116.9970,0.5416,2.3387
116.9972,0.4946,2.1357
116.9974,0.4264,1.842
116.9976,0.4203,1.8164
116.9978,0.4066,1.7573
116.9980,0.4076,1.759
116.9982,0.4865,2.0947
116.9984,0.5511,2.3763
116.9986,0.5258,2.2651
116.9988,0.6148,2.6508
116.9990,0.5923,2.5529
116.9992,0.5261,2.2698
116.9994,0.5239,2.2589
116.9996,0.5608,2.4181
116.9998,0.6235,2.6836
117.0000,0.6837,2.9372
117.0002,0.7907,3.3982
117.0004,0.7812,3.3606
117.0006,0.7468,3.2111
117.0008,0.7614,3.271
117.0010,0.7929,3.4048
117.0012,0.859,3.6868
117.0014,0.8643,3.7112
117.0016,0.786,3.3734
117.0018,0.8589,3.6812
117.0020,0.9708,4.1606
117.0022,0.9733,4.1753
117.0024,1.0096,4.317
117.0026,1.0626,4.55
117.0028,1.0151,4.3528
117.0030,0.9896,4.2433
117.0032,0.932,3.9965
117.0034,0.9377,4.0244
117.0036,0.8684,3.7287
117.0038,0.8657,3.7191
117.0040,0.8674,3.7228
117.0042,0.9106,3.9027
117.0044,0.9787,4.1965
117.0046,0.9794,4.2074
117.0048,0.856,3.6774
117.0050,0.8367,3.5945
117.0052,0.8296,3.5641
117.0054,0.863,3.7055
117.0056,0.8933,3.8358
117.0058,0.8795,3.7731
117.0060,0.8865,3.8047
117.0062,0.8596,3.6963
117.0064,0.8227,3.5325
117.0066,0.8487,3.646
117.0068,0.8655,3.7146
117.0070,0.9072,3.8919
117.0072,0.9439,4.0474
117.0074,0.956,4.0993
117.0076,0.95,4.0812
117.0078,0.864,3.7136
117.0080,0.7934,3.4117
117.0082,0.7553,3.2538
117.0084,0.6989,3.0124
117.0086,0.6832,2.9378
117.0088,0.7815,3.3622
117.0090,0.7622,3.2776
117.0092,0.7825,3.3616
117.0094,0.8065,3.4663
117.0096,0.7628,3.2848
117.0098,0.7076,3.0482
117.0100,0.6688,2.8786
117.0102,0.7034,3.0301
117.0104,0.5901,2.549
117.0106,0.4958,2.1389
117.0108,0.4996,2.1555
117.0110,0.5148,2.2186
117.0112,0.6278,2.7059
117.0114,0.6022,2.6001
117.0116,0.5182,2.2387
117.0118,0.4885,2.1083
117.0120,0.5387,2.3241
117.0122,0.5347,2.3065
117.0124,0.5559,2.3947
117.0126,0.6053,2.6088
117.0128,0.6339,2.731
117.0130,0.6148,2.6508
117.0132,0.6008,2.592
117.0134,0.5951,2.566
117.0136,0.6138,2.6442
117.0138,0.6282,2.7075
117.0140,0.6249,2.6935
117.0142,0.6313,2.7196
117.0144,0.5771,2.4908
117.0146,0.5131,2.2165
117.0148,0.4958,2.1369
117.0150,0.5865,2.53
117.0152,0.582,2.5015
117.0154,0.6932,2.9903
117.0156,0.588,2.5367
117.0158,0.5608,2.4181
117.0160,0.567,2.4462
117.0162,0.5452,2.3498
117.0164,0.5604,2.4177
117.0166,0.5531,2.384
117.0168,0.6359,2.7405
117.0170,0.5794,2.4994
117.0172,0.4778,2.0632
117.0174,0.4865,2.0986
117.0176,0.5444,2.3495
117.0178,0.4823,2.0805
117.0180,0.4606,1.9887
117.0182,0.4602,1.988
117.0184,0.4717,2.0368
117.0186,0.4673,2.0177
117.0188,0.4603,1.9858
117.0190,0.4999,2.1575
117.0192,0.5071,2.1896
117.0194,0.4733,2.0426
117.0196,0.5066,2.1865
117.0198,0.4962,2.1415
117.0200,0.5315,2.2931
117.0202,0.557,2.3994
117.0204,0.5678,2.4481
117.0206,0.5483,2.3666
117.0208,0.5066,2.1824
117.0210,0.5392,2.324
117.0212,0.5618,2.42
117.0214,0.5601,2.4139
117.0216,0.5799,2.498
117.0218,0.6228,2.6792
117.0220,0.6633,2.8549
117.0222,0.6631,2.8552
117.0224,0.6513,2.7994
117.0226,0.6739,2.8963
117.0228,0.6319,2.7235
117.0230,0.5783,2.4902
117.0232,0.6844,2.943
117.0234,0.7271,3.128
117.0236,0.7138,3.0722
117.0238,0.7115,3.0624
117.0240,0.6433,2.7674
117.0242,0.6222,2.6779
117.0244,0.6622,2.8503
117.0246,0.6712,2.8903
117.0248,0.646,2.7806
117.0250,0.6452,2.7796
117.0252,0.6309,2.7194
117.0254,0.5609,2.4175
117.0256,0.5359,2.3128
117.0258,0.5138,2.2144
117.0260,0.5354,2.3053
117.0262,0.5711,2.4592
117.0264,0.5907,2.5457
117.0266,0.5801,2.5014
117.0268,0.5747,2.4735
117.0270,0.5896,2.5411
117.0272,0.5445,2.3435
117.0274,0.5549,2.3917
117.0276,0.5457,2.3519
117.0278,0.5516,2.3783
117.0280,0.52,2.2413
117.0282,0.533,2.2982
117.0284,0.5408,2.334
117.0286,0.512,2.2057
117.0288,0.5807,2.5017
117.0290,0.5349,2.3043
117.0292,0.5913,2.5483
117.0294,0.5085,2.1968
117.0296,0.4097,1.7675
117.0298,0.4468,1.93
117.0300,0.4008,1.7324
117.0302,0.4318,1.8653
117.0304,0.3915,1.6904
117.0306,0.3801,1.6413
117.0308,0.4034,1.7401
117.0310,0.4255,1.8366
117.0312,0.4072,1.7575
117.0314,0.4615,1.9882
117.0316,0.5426,2.3352
117.0318,0.5612,2.4208
117.0320,0.4779,2.0628
117.0322,0.482,2.0794
117.0324,0.485,2.0924
117.0326,0.4945,2.1293
117.0328,0.5634,2.4239
117.0330,0.6397,2.7494
117.0332,0.7047,3.0287
117.0334,0.6842,2.9406
117.0336,0.6776,2.915
117.0338,0.7508,3.2286
117.0340,0.7685,3.2983
117.0342,0.8139,3.495
117.0344,0.7315,3.1427
117.0346,0.7722,3.3142
117.0348,0.8043,3.4554
117.0350,0.7948,3.4099
117.0352,0.8471,3.6325
117.0354,0.9242,3.9612
117.0356,0.9752,4.1738
117.0358,0.9769,4.1888
117.0360,0.8813,3.7808
117.0362,0.8187,3.5155
117.0364,0.7998,3.439
117.0366,0.7657,3.288
117.0368,0.8032,3.4491
117.0370,0.8336,3.5777
117.0372,0.8182,3.5135
117.0374,0.8197,3.5164
117.0376,0.8524,3.6568
117.0378,0.902,3.8698
117.0380,0.8723,3.7439
117.0382,0.8448,3.6261
117.0384,0.874,3.7494
117.0386,0.8956,3.8402
117.0388,0.9172,3.9309
117.0390,0.9727,4.1669
117.0392,0.9743,4.178
117.0394,0.908,3.8955
117.0396,0.9487,4.0699
117.0398,0.957,4.1015
117.0400,0.958,4.1081
117.0402,0.9245,3.9641
117.0404,0.9054,3.8878
117.0406,0.8914,3.8258
117.0408,0.929,3.9855
117.0410,0.9186,3.9426
117.0412,0.9544,4.0927
117.0414,0.9633,4.1288
117.0416,0.9036,3.8855
117.0418,0.7921,3.4044
117.0420,0.8235,3.5361
117.0422,0.8536,3.6637
117.0424,0.847,3.6354
117.0426,0.8546,3.6712
117.0428,0.866,3.7184
117.0430,0.8393,3.6108
117.0432,0.686,2.9524
117.0434,0.7112,3.0608
117.0436,0.7136,3.074
117.0438,0.6687,2.8808
117.0440,0.643,2.7715
117.0442,0.6616,2.8477
117.0444,0.7297,3.1379
117.0446,0.7126,3.0727
117.0448,0.6148,2.6447
117.0450,0.7323,3.1531
117.0452,0.6817,2.9352
117.0454,0.641,2.7628
117.0456,0.5871,2.5302
117.0458,0.6329,2.7289
117.0460,0.5983,2.5776
117.0462,0.595,2.5607
117.0464,0.6452,2.7796
117.0466,0.6472,2.7909
117.0468,0.594,2.559
117.0470,0.6064,2.6122
117.0472,0.6103,2.6329
117.0474,0.5785,2.4947
117.0476,0.5683,2.4507
117.0478,0.5578,2.4052
117.0480,0.6012,2.5912
117.0482,0.6185,2.6619
117.0484,0.6904,2.9702
117.0486,0.6791,2.9257
117.0488,0.5634,2.4318
117.0490,0.5281,2.2781
117.0492,0.5359,2.3149
117.0494,0.5068,2.1855
117.0496,0.5354,2.3096
117.0498,0.5317,2.2904
117.0500,0.5584,2.4078
117.0502,0.5163,2.2294
117.0504,0.5259,2.2687
117.0506,0.5475,2.3619
117.0508,0.5349,2.3075
117.0510,0.5294,2.2827
117.0512,0.5165,2.2274
117.0514,0.5136,2.2124
117.0516,0.595,2.5643
117.0518,0.595,2.5655
117.0520,0.5404,2.3303
117.0522,0.5435,2.3415
117.0524,0.615,2.6494
117.0526,0.6522,2.8082
117.0528,0.6554,2.8208
117.0530,0.6565,2.8268
117.0532,0.7127,3.0618
117.0534,0.7456,3.2015
117.0536,0.7759,3.3395
117.0538,0.7134,3.0692
117.0540,0.7174,3.0848
117.0542,0.7156,3.0756
117.0544,0.7285,3.1313
117.0546,0.735,3.1576
117.0548,0.8024,3.4455
117.0550,0.8098,3.4791
117.0552,0.7622,3.2837
117.0554,0.7156,3.077
117.0556,0.7978,3.426
117.0558,0.8025,3.4492
117.0560,0.7909,3.3993
117.0562,0.7931,3.4054
117.0564,0.8526,3.6561
117.0566,0.8524,3.6585
117.0568,0.8636,3.7081
117.0570,0.8869,3.8138
117.0572,0.795,3.4184
117.0574,0.711,3.0617
117.0576,0.6371,2.7444
117.0578,0.6266,2.6957
117.0580,0.754,3.236
117.0582,0.8554,3.6748
117.0584,0.7263,3.1287
117.0586,0.6305,2.716
117.0588,0.6234,2.6806
117.0590,0.6898,2.9717
117.0592,0.6318,2.723
117.0594,0.6257,2.6916
117.0596,0.7293,3.1402
117.0598,0.6448,2.778
117.0600,0.5723,2.4666
117.0602,0.5914,2.5476
117.0604,0.5805,2.5029
117.0606,0.5646,2.4336
117.0608,0.5525,2.3825
117.0610,0.558,2.4029
117.0612,0.6633,2.8523
117.0614,0.6836,2.9394
117.0616,0.6788,2.9228
117.0618,0.6887,2.9643
117.0620,0.6538,2.8181
117.0622,0.6188,2.6659
117.0624,0.6064,2.6158
117.0626,0.5277,2.2776
117.0628,0.5261,2.2687
117.0630,0.5005,2.1601
117.0632,0.4372,1.8877
117.0634,0.3958,1.7107
117.0636,0.3999,1.7291
117.0638,0.4228,1.8256
117.0640,0.491,2.1153
117.0642,0.5693,2.456
117.0644,0.5309,2.2894
117.0646,0.5203,2.2424
117.0648,0.5176,2.232
117.0650,0.5073,2.1886
117.0652,0.5088,2.1938
117.0654,0.5188,2.2393
117.0656,0.5345,2.3039
117.0658,0.6064,2.6098
117.0660,0.6297,2.7129
117.0662,0.5895,2.537
117.0664,0.6492,2.7888
117.0666,0.7398,3.1827
117.0668,0.7417,3.1894
117.0670,0.7152,3.0769
117.0672,0.7537,3.241
117.0674,0.7861,3.3755
117.0676,0.7785,3.3415
117.0678,0.835,3.5856
117.0680,0.8472,3.6279
117.0682,0.9802,4.2012
117.0684,0.9844,4.2153
117.0686,0.9719,4.1658
117.0688,0.9649,4.1374
117.0690,0.9578,4.1071
117.0692,0.9613,4.12
117.0694,0.956,4.0955
117.0696,0.9639,4.1333
117.0698,0.9438,4.0488
117.0700,0.9516,4.0803
117.0702,0.9957,4.2675
117.0704,0.946,4.0567
117.0706,0.9265,3.9747
117.0708,0.9019,3.8711
117.0710,0.8347,3.584
117.0712,0.83,3.5656
117.0714,0.8674,3.7228
117.0716,0.9379,4.0236
117.0718,0.9319,4.0034
117.0720,0.8357,3.592
117.0722,0.8097,3.4785
117.0724,0.7944,3.4126
117.0726,0.8012,3.4468
117.0728,0.8143,3.4981
117.0730,0.8471,3.6376
117.0732,0.8547,3.6717
117.0734,0.8734,3.7556
117.0736,0.7898,3.3946
117.0738,0.7823,3.3622
117.0740,0.85,3.6465
117.0742,0.8724,3.7462
117.0744,0.8343,3.5808
117.0746,0.9414,4.0441
117.0748,0.8823,3.7955
117.0750,0.7729,3.3266
117.0752,0.7355,3.1597
117.0754,0.7913,3.4008
117.0756,0.7976,3.4281
117.0758,0.8114,3.4825
117.0760,0.8143,3.5046
117.0762,0.6873,2.9595
117.0764,0.7157,3.0833
117.0766,0.6462,2.7824
117.0768,0.6843,2.9452
117.0770,0.6279,2.7064
117.0772,0.61,2.6277
117.0774,0.5829,2.5156
117.0776,0.5162,2.2299
117.0778,0.5488,2.3675
117.0780,0.6192,2.6662
117.0782,0.6331,2.7299
117.0784,0.5859,2.5286
117.0786,0.5037,2.173
117.0788,0.498,2.1492
117.0790,0.551,2.378
117.0792,0.5198,2.2444
117.0794,0.5359,2.3117
117.0796,0.5112,2.2061
117.0798,0.5002,2.16
117.0800,0.4948,2.1367
117.0802,0.4989,2.1494
117.0804,0.5283,2.2801
117.0806,0.5026,2.1674
117.0808,0.5302,2.2863
117.0810,0.5139,2.217
117.0812,0.4992,2.1544
117.0814,0.5296,2.2837
117.0816,0.5486,2.3632
117.0818,0.5796,2.5005
117.0820,0.5506,2.3742
117.0822,0.5501,2.371
117.0824,0.5558,2.3953
117.0826,0.5604,2.4144
117.0828,0.6282,2.7024
117.0830,0.6462,2.7876
117.0832,0.5004,2.1616
117.0834,0.4502,1.9423
117.0836,0.449,1.9381
117.0838,0.4457,1.9227
117.0840,0.4517,1.9504
117.0842,0.4468,1.9273
117.0844,0.4567,1.9712
117.0846,0.4594,1.9844
117.0848,0.4602,1.9871
117.0850,0.4584,1.9775
117.0852,0.4589,1.9805
117.0854,0.4589,1.9814
117.0856,0.4556,1.9665
117.0858,0.4555,1.9651
117.0860,0.4561,1.9677
117.0862,0.453,1.9542
117.0864,0.5073,2.1865
117.0866,0.5676,2.4442
117.0868,0.6178,2.66
117.0870,0.5779,2.4921
117.0872,0.5454,2.3498
117.0874,0.5522,2.3787
117.0876,0.5462,2.354
117.0878,0.5526,2.3786
117.0880,0.6155,2.6502
117.0882,0.5875,2.5323
117.0884,0.5619,2.4217
117.0886,0.6271,2.6978
117.0888,0.7203,3.0914
117.0890,0.8119,3.4894
117.0892,0.7392,3.1786
117.0894,0.6887,2.9629
117.0896,0.6088,2.6213
117.0898,0.5958,2.5667
117.0900,0.6251,2.6915
117.0902,0.6311,2.7148
117.0904,0.6402,2.7553
117.0906,0.6317,2.7187
117.0908,0.6324,2.7218
117.0910,0.6145,2.6449
117.0912,0.6742,2.9032
117.0914,0.6106,2.6291
117.0916,0.6308,2.7125
117.0918,0.6743,2.901
117.0920,0.6795,2.9219
117.0922,0.6954,2.9904
117.0924,0.65,2.7963
117.0926,0.6594,2.8352
117.0928,0.6734,2.8983
117.0930,0.6492,2.7966
117.0932,0.5794,2.4925
117.0934,0.6664,2.8657
117.0936,0.6809,2.9349
117.0938,0.5574,2.4037
117.0940,0.4938,2.1291
117.0942,0.5092,2.1938
117.0944,0.5764,2.4808
117.0946,0.6428,2.7654
117.0948,0.6939,2.9837
117.0950,0.6994,3.0088
117.0952,0.6054,2.6093
117.0954,0.5809,2.5038
117.0956,0.5154,2.2263
117.0958,0.4295,1.8537
117.0960,0.4264,1.8403
117.0962,0.4384,1.892
117.0964,0.4354,1.8817
117.0966,0.4062,1.7541
117.0968,0.4282,1.8429
117.0970,0.6156,2.6495
117.0972,0.5825,2.5117
117.0974,0.4947,2.1313
117.0976,0.4848,2.0903
117.0978,0.483,2.0826
117.0980,0.4912,2.1163
117.0982,0.5241,2.2578
117.0984,0.5544,2.3896
117.0986,0.5615,2.4179
117.0988,0.5851,2.5161
117.0990,0.6303,2.713
117.0992,0.665,2.8568
117.0994,0.715,3.0745
117.0996,0.7432,3.1912
117.0998,0.7803,3.3539
117.1000,0.7765,3.3343
117.1002,0.7952,3.4067
117.1004,0.9381,4.0133
117.1006,0.9566,4.1
117.1008,0.892,3.8212
117.1010,0.8893,3.8135
117.1012,0.9221,3.9501
117.1014,0.9711,4.1622
117.1016,0.9126,3.9187
117.1018,0.8282,3.5546
117.1020,0.8655,3.7077
117.1022,0.9126,3.9114
117.1024,0.8814,3.7778
117.1026,0.8962,3.8446
117.1028,0.9062,3.8878
117.1030,0.955,4.0914
117.1032,0.9604,4.1203
117.1034,0.9522,4.0791
117.1036,0.9708,4.1606
117.1038,0.9441,4.0465
117.1040,0.9621,4.1198
117.1042,0.9835,4.2151
117.1044,0.9594,4.1195
117.1046,0.8966,3.8502
117.1048,0.8319,3.5705
117.1050,0.8754,3.7573
117.1052,0.8227,3.5325
117.1054,0.7977,3.4286
117.1056,0.7674,3.2982
117.1058,0.7901,3.3941
117.1060,0.7889,3.3873
117.1062,0.8064,3.4674
117.1064,0.8116,3.4884
117.1066,0.7866,3.3791
117.1068,0.786,3.3766
117.1070,0.8161,3.5058
117.1072,0.83,3.5656
117.1074,0.8498,3.6523
117.1076,0.8555,3.6719
117.1078,0.864,3.7102
117.1080,0.8778,3.7606
117.1082,1.0349,4.4335
117.1084,1.0083,4.3195
117.1086,1.0139,4.3477
117.1088,0.9637,4.1419
117.1090,0.7833,3.3684
117.1092,0.7447,3.2053
117.1094,0.7505,3.2286
117.1096,0.7537,3.2425
117.1098,0.6933,2.9825
117.1100,0.6812,2.9332
117.1102,0.6351,2.7387
117.1104,0.6126,2.6403
117.1106,0.6447,2.7736
117.1108,0.7383,3.1789
117.1110,0.6741,2.9067
117.1112,0.6254,2.6931
117.1114,0.657,2.8276
117.1116,0.6675,2.873
117.1118,0.6856,2.9536
117.1120,0.6162,2.6546
117.1122,0.602,2.5972
117.1124,0.6176,2.6583
117.1126,0.6976,3.0025
117.1128,0.7187,3.0948
117.1130,0.6574,2.8283
117.1132,0.661,2.8451
117.1134,0.6616,2.8516
117.1136,0.6068,2.6143
117.1138,0.6133,2.6409
117.1140,0.6839,2.9409
117.1142,0.7637,3.2838
117.1144,0.7934,3.418
117.1146,0.6192,2.6687
117.1148,0.5463,2.3567
117.1150,0.5416,2.3365
117.1152,0.5422,2.3402
117.1154,0.5367,2.3142
117.1156,0.5383,2.322
117.1158,0.5386,2.3247
117.1160,0.5387,2.323
117.1162,0.5468,2.3577
117.1164,0.5422,2.3369
117.1166,0.5263,2.2703
117.1168,0.526,2.2693
117.1170,0.5239,2.2589
117.1172,0.5284,2.2796
117.1174,0.5843,2.516
117.1176,0.6913,2.9738
117.1178,0.641,2.7653
117.1180,0.5447,2.35
117.1182,0.5735,2.4707
117.1184,0.55,2.3705
117.1186,0.6203,2.6721
117.1188,0.6458,2.7834
117.1190,0.5739,2.4745
117.1192,0.6261,2.6924
117.1194,0.7219,3.1029
117.1196,0.736,3.1618
117.1198,0.7402,3.1842
117.1200,0.685,2.9442
117.1202,0.702,3.023
117.1204,0.6562,2.8284
117.1206,0.6518,2.8054
117.1208,0.7203,3.1
117.1210,0.7276,3.1286
117.1212,0.7698,3.307
117.1214,0.8038,3.4533
117.1216,0.8049,3.4547
117.1218,0.8378,3.6008
117.1220,0.7431,3.2025
117.1222,0.6372,2.7462
117.1224,0.6164,2.6556
117.1226,0.6169,2.6552
117.1228,0.6287,2.7083
117.1230,0.6851,2.9475
117.1232,0.7306,3.1386
117.1234,0.7505,3.2241
117.1236,0.7342,3.1599
117.1238,0.6806,2.9333
117.1240,0.6469,2.7816
117.1242,0.701,3.0169
117.1244,0.6565,2.8268
117.1246,0.6155,2.6515
117.1248,0.6061,2.6112
117.1250,0.599,2.5807
117.1252,0.6023,2.5934
117.1254,0.6089,2.6243
117.1256,0.5874,2.5306
117.1258,0.6108,2.6325
117.1260,0.6264,2.6972
117.1262,0.6752,2.9073
117.1264,0.6174,2.6572
117.1266,0.6023,2.5922
117.1268,0.6248,2.6955
117.1270,0.5392,2.3262
117.1272,0.5365,2.3089
117.1274,0.6338,2.7292
117.1276,0.6505,2.8049
117.1278,0.4962,2.1434
117.1280,0.4283,1.8503
117.1282,0.4096,1.7686
117.1284,0.4077,1.7612
117.1286,0.3989,1.721
117.1288,0.4761,2.0579
117.1290,0.4018,1.7366
117.1292,0.3974,1.7134
117.1294,0.4625,1.9979
117.1296,0.3958,1.7091
117.1298,0.4585,1.9771
117.1300,0.5402,2.3249
117.1302,0.5686,2.4472
117.1304,0.5642,2.436
117.1306,0.473,2.0425
117.1308,0.468,2.018
117.1310,0.4965,2.141
117.1312,0.4772,2.0587
117.1314,0.4958,2.1359
117.1316,0.5825,2.5047
117.1318,0.6436,2.769
117.1320,0.746,3.1991
117.1322,0.8517,3.6571
117.1324,0.8079,3.4708
117.1326,0.8095,3.4759
117.1328,0.8273,3.5493
117.1330,0.8584,3.6842
117.1332,0.8757,3.7566
117.1334,0.8731,3.7423
117.1336,0.8729,3.7465
117.1338,0.8708,3.732
117.1340,0.9116,3.9018
117.1342,0.9718,4.1633
117.1344,0.9854,4.2253
117.1346,0.9889,4.2382
117.1348,0.9809,4.2004
117.1350,0.9729,4.166
117.1352,1.0019,4.2943
117.1354,0.9821,4.2134
117.1356,0.9498,4.0688
117.1358,1.001,4.2881
117.1360,0.9891,4.2333
117.1362,1.03,4.4145
117.1364,0.9913,4.2485
117.1366,0.9901,4.2414
117.1368,1.0158,4.3539
117.1370,0.9494,4.0749
117.1372,0.9246,3.9683
117.1374,0.9486,4.0656
117.1376,0.9596,4.1148
117.1378,0.9417,4.04
117.1380,0.932,3.9965
117.1382,0.9608,4.1257
117.1384,0.835,3.5922
117.1386,0.7755,3.3348
117.1388,0.8005,3.4357
117.1390,0.8604,3.6947
117.1392,0.8463,3.634
117.1394,0.8296,3.5607
117.1396,0.8657,3.7191
117.1398,0.9223,3.9512
117.1400,0.9631,4.1393
117.1402,0.8469,3.6399
117.1404,0.882,3.7927
117.1406,0.7492,3.2229
117.1408,0.7258,3.1252
117.1410,0.6977,3.0044
117.1412,0.6886,2.9597
117.1414,0.7669,3.2962
117.1416,0.7988,3.4365
117.1418,0.7938,3.4132
117.1420,0.8017,3.4472
117.1422,0.7469,3.2131
117.1424,0.6583,2.8438
117.1426,0.5121,2.2082
117.1428,0.5687,2.4545
117.1430,0.5372,2.3184
117.1432,0.5685,2.4501
117.1434,0.5923,2.5529
117.1436,0.5872,2.5307
117.1438,0.6293,2.7134
117.1440,0.6189,2.6677
117.1442,0.5632,2.4285
117.1444,0.5537,2.3899
117.1446,0.5029,2.1724
117.1448,0.4614,1.9914
117.1450,0.5337,2.3024
117.1452,0.5127,2.2149
117.1454,0.5088,2.1938
117.1456,0.5407,2.3324
117.1458,0.4988,2.1528
117.1460,0.4873,2.1032
117.1462,0.5287,2.2817
117.1464,0.5112,2.2051
117.1466,0.4995,2.1599
117.1468,0.4483,1.9377
117.1470,0.4223,1.8252
117.1472,0.4109,1.7727
117.1474,0.4664,2.0122
117.1476,0.4813,2.0792
117.1478,0.4561,1.9695
117.1480,0.4351,1.878
117.1482,0.4396,1.8989
117.1484,0.4302,1.8594
117.1486,0.4404,1.9017
117.1488,0.4496,1.9407
117.1490,0.5026,2.1664
117.1492,0.5297,2.2874
117.1494,0.4544,1.9614
117.1496,0.4934,2.1256
117.1498,0.5243,2.262
117.1500,0.4495,1.941
117.1502,0.4385,1.8934
117.1504,0.4354,1.8782
117.1506,0.4436,1.9139
117.1508,0.4495,1.9383
117.1510,0.4778,2.0632
117.1512,0.4535,1.9572
117.1514,0.4826,2.0781
117.1516,0.5773,2.4826
117.1518,0.641,2.7602
117.1520,0.5939,2.5585
117.1522,0.5891,2.5343
117.1524,0.6525,2.8071
117.1526,0.6097,2.6254
117.1528,0.6032,2.5988
117.1530,0.6327,2.7271
117.1532,0.5675,2.4437
117.1534,0.5516,2.3772
117.1536,0.5534,2.3861
117.1538,0.562,2.4233
117.1540,0.5622,2.421
117.1542,0.6162,2.6521
117.1544,0.6194,2.6685
117.1546,0.6287,2.7045
117.1548,0.6658,2.8604
117.1550,0.7425,3.1881
117.1552,0.7931,3.4085
117.1554,0.7481,3.2198
117.1556,0.6588,2.8353
117.1558,0.6306,2.7153
117.1560,0.6425,2.7638
117.1562,0.6862,2.948
117.1564,0.7133,3.0658
117.1566,0.72,3.099
117.1568,0.7061,3.0335
117.1570,0.7986,3.4306
117.1572,0.7978,3.4244
117.1574,0.8615,3.6976
117.1576,0.7381,3.1784
117.1578,0.5984,2.5757
117.1580,0.6595,2.8371
117.1582,0.6607,2.8422
117.1584,0.6626,2.8492
117.1586,0.6874,2.9573
117.1588,0.7172,3.0909
117.1590,0.5757,2.48
117.1592,0.5584,2.4089
117.1594,0.5104,2.201
117.1596,0.5295,2.2779
117.1598,0.6148,2.6459
117.1600,0.6228,2.6842
117.1602,0.6001,2.5829
117.1604,0.6227,2.68
117.1606,0.6091,2.6253
117.1608,0.551,2.378
117.1610,0.5095,2.1989
117.1612,0.4694,2.0242
117.1614,0.4963,2.138
117.1616,0.5249,2.2636
117.1618,0.5257,2.2667
117.1620,0.5181,2.2362
117.1622,0.4469,1.9279
117.1624,0.4755,2.0515
117.1626,0.4462,1.9265
117.1628,0.4535,1.9545
117.1630,0.5391,2.3192
117.1632,0.5722,2.4661
117.1634,0.4844,2.0917
117.1636,0.4692,2.025
117.1638,0.4689,2.0221
117.1640,0.4692,2.0241
117.1642,0.4658,2.0096
117.1644,0.4697,2.0261
117.1646,0.4669,2.0114
117.1648,0.4946,2.1318
117.1650,0.5306,2.2847
117.1652,0.5806,2.5
117.1654,0.6019,2.5931
117.1656,0.5889,2.5332
117.1658,0.6046,2.6008
117.1660,0.6893,2.96
117.1662,0.7632,3.2802
117.1664,0.7309,3.1372
117.1666,0.7662,3.287
117.1668,0.7954,3.4141
117.1670,0.8381,3.5973
117.1672,0.8247,3.5462
117.1674,0.7288,3.1265
117.1676,0.8618,3.6918
117.1678,0.969,4.1491
117.1680,0.9224,3.9517
117.1682,0.9016,3.8605
117.1684,0.9519,4.0761
117.1686,0.9937,4.2608
117.1688,0.9025,3.8718
117.1690,0.8548,3.6654
117.1692,0.8992,3.8556
117.1694,0.9163,3.9255
117.1696,0.9344,4.0031
117.1698,0.9326,3.9972
117.1700,0.8805,3.7842
117.1702,0.8237,3.5405
117.1704,0.8073,3.4699
117.1706,0.7794,3.3451
117.1708,0.8329,3.5813
117.1710,0.7608,3.2684
117.1712,0.7728,3.3153
117.1714,0.8345,3.5802
117.1716,0.8958,3.843
117.1718,0.9134,3.9168
117.1720,0.8625,3.7035
117.1722,0.8536,3.6671
117.1724,0.8398,3.6028
117.1726,0.8213,3.5285
117.1728,0.7784,3.3425
117.1730,0.8309,3.5697
117.1732,0.8695,3.7304
117.1734,0.8907,3.8227
117.1736,0.8698,3.7331
117.1738,0.8881,3.8119
117.1740,0.9296,3.9862
117.1742,0.9102,3.9047
117.1744,0.876,3.7599
117.1746,0.8931,3.8348
117.1748,0.8428,3.6241
117.1750,0.8127,3.4914
117.1752,0.851,3.6591
117.1754,0.7573,3.258
117.1756,0.7107,3.0573
117.1758,0.7138,3.0693
117.1760,0.7722,3.322
117.1762,0.6818,2.9398
117.1764,0.5992,2.5848
117.1766,0.6239,2.6839
117.1768,0.7263,3.1215
117.1770,0.7265,3.1269
117.1772,0.7163,3.0801
117.1774,0.6946,2.9896
117.1776,0.658,2.8388
117.1778,0.5831,2.5131
117.1780,0.6436,2.7728
117.1782,0.5971,2.5736
117.1784,0.5748,2.4786
117.1786,0.5622,2.4244
117.1788,0.5848,2.5204
117.1790,0.597,2.5743
117.1792,0.5807,2.5005
117.1794,0.6038,2.6026
117.1796,0.6458,2.7808
117.1798,0.6121,2.637
117.1800,0.547,2.3609
117.1802,0.5724,2.4614
117.1804,0.7704,3.3111
117.1806,0.7148,3.0792
117.1808,0.5773,2.4883
117.1810,0.6061,2.6136
117.1812,0.6118,2.6342
117.1814,0.6271,2.7016
117.1816,0.6175,2.6639
117.1818,0.5383,2.3242
117.1820,0.5265,2.2703
117.1822,0.5293,2.2832
117.1824,0.5288,2.2822
117.1826,0.5296,2.2837
117.1828,0.5299,2.2869
117.1830,0.5233,2.2574
117.1832,0.5266,2.2697
117.1834,0.5296,2.2827
117.1836,0.6145,2.6424
117.1838,0.7618,3.2725
117.1840,0.7154,3.0803
117.1842,0.5968,2.5709
117.1844,0.5711,2.4638
117.1846,0.5204,2.246
117.1848,0.5169,2.2289
117.1850,0.542,2.3348
117.1852,0.5405,2.3297
117.1854,0.6062,2.6117
117.1856,0.6323,2.7212
117.1858,0.6517,2.8061
117.1860,0.6387,2.7504
117.1862,0.636,2.736
117.1864,0.6466,2.7858
117.1866,0.6345,2.7323
117.1868,0.6434,2.7679
117.1870,0.7242,3.1069
117.1872,0.866,3.7115
117.1874,0.817,3.5132
117.1876,0.7139,3.0713
117.1878,0.7071,3.0433
117.1880,0.6495,2.7969
117.1882,0.6132,2.6429
117.1884,0.615,2.6482
117.1886,0.6127,2.6371
117.1888,0.6138,2.6405
117.1890,0.6556,2.8219
117.1892,0.658,2.8296
117.1894,0.7207,3.0992
117.1896,0.7365,3.1638
117.1898,0.7755,3.3348
117.1900,0.704,3.0313
117.1902,0.6925,2.9706
117.1904,0.8513,3.6539
117.1906,0.806,3.4674
117.1908,0.6584,2.839
117.1910,0.602,2.5936
117.1912,0.6397,2.752
117.1914,0.6922,2.9793
117.1916,0.6954,2.9932
117.1918,0.7096,3.0513
117.1920,0.7206,3.0973
117.1922,0.7366,3.1658
117.1924,0.7114,3.0604
117.1926,0.7012,3.0124
117.1928,0.741,3.1893
117.1930,0.7329,3.1513
117.1932,0.7806,3.3518
117.1934,0.8535,3.6597
117.1936,0.883,3.7986
117.1938,0.7519,3.2363
117.1940,0.682,2.9327
117.1942,0.7252,3.1197
117.1944,0.7308,3.1425
117.1946,0.7596,3.2648
117.1948,0.724,3.1131
117.1950,0.6553,2.8229
117.1952,0.6272,2.6996
117.1954,0.6733,2.895
117.1956,0.7191,3.0949
117.1958,0.643,2.7728
117.1960,0.6231,2.6845
117.1962,0.6128,2.6401
117.1964,0.5589,2.4099
117.1966,0.5084,2.1922
117.1968,0.5668,2.4451
117.1970,0.5064,2.1834
117.1972,0.4904,2.1147
117.1974,0.488,2.1082
117.1976,0.4802,2.0717
117.1978,0.5006,2.1586
117.1980,0.5392,2.3229
117.1982,0.6065,2.6127
117.1984,0.6,2.5848
117.1986,0.5751,2.4774
117.1988,0.6339,2.7272
117.1990,0.7098,3.0537
117.1992,0.7227,3.1075
117.1994,0.7156,3.077
117.1996,0.7589,3.2632
117.1998,0.7952,3.413
117.2000,0.8733,3.7463
117.2002,0.9137,3.916
117.2004,0.961,4.1152
117.2006,1.0235,4.3847
117.2008,0.9849,4.2252
117.2010,0.9124,3.9158
117.2012,0.923,3.9598
117.2014,0.9379,4.0236
117.2016,0.9085,3.8957
117.2018,0.9661,4.1425
117.2020,0.9613,4.12
117.2022,0.9779,4.1915
117.2024,0.9625,4.131
117.2026,0.9048,3.8798
117.2028,0.9516,4.0841
117.2030,0.921,3.9492
117.2032,0.9463,4.0577
117.2034,0.9751,4.1811
117.2036,0.8902,3.8206
117.2038,0.8492,3.6514
117.2040,0.8078,3.4752
117.2042,0.7561,3.2513
117.2044,0.7247,3.1206
117.2046,0.6619,2.8461
117.2048,0.691,2.9727
117.2050,0.6948,2.9906
117.2052,0.7089,3.0496
117.2054,0.7528,3.2384
117.2056,0.7932,3.409
117.2058,0.8152,3.5039
117.2060,0.8448,3.6278
117.2062,0.9096,3.9022
117.2064,0.9179,3.9358
117.2066,0.8966,3.8538
117.2068,0.801,3.4458
117.2070,0.7666,3.2962
117.2072,0.7999,3.4363
117.2074,0.8534,3.6695
117.2076,0.8576,3.6841
117.2078,0.8482,3.649
117.2080,0.7428,3.1985
117.2082,0.6769,2.9146
117.2084,0.6848,2.95
117.2086,0.6691,2.8837
117.2088,0.6493,2.7971
117.2090,0.624,2.6906
117.2092,0.5877,2.5351
117.2094,0.5422,2.3413
117.2096,0.505,2.1787
117.2098,0.5217,2.2465
117.2100,0.6325,2.7248
117.2102,0.6401,2.7637
117.2104,0.527,2.2734
117.2106,0.5163,2.2253
117.2108,0.5819,2.5057
117.2110,0.5976,2.5757
117.2112,0.6017,2.5933
117.2114,0.6017,2.5921
117.2116,0.6062,2.6129
117.2118,0.5785,2.4947
117.2120,0.5908,2.5498
117.2122,0.5579,2.4035
117.2124,0.6281,2.7044
117.2126,0.6312,2.7216
117.2128,0.5393,2.3288
117.2130,0.4703,2.0297
117.2132,0.5512,2.3735
117.2134,0.5797,2.5045
117.2136,0.4642,2.0061
117.2138,0.4466,1.9286
117.2140,0.4465,1.9272
117.2142,0.4495,1.941
117.2144,0.4427,1.9124
117.2146,0.4446,1.9207
117.2148,0.4465,1.9281
117.2150,0.4466,1.9286
117.2152,0.4483,1.9359
117.2154,0.4626,1.9966
117.2156,0.4495,1.9392
117.2158,0.459,1.981
117.2160,0.4626,1.9975
117.2162,0.4613,1.9899
117.2164,0.456,1.9672
117.2166,0.4571,1.9718
117.2168,0.4606,1.9887
117.2170,0.4622,1.995
117.2172,0.4562,1.9691
117.2174,0.454,1.9611
117.2176,0.4441,1.9186
117.2178,0.4426,1.9101
117.2180,0.4427,1.9098
117.2182,0.4856,2.094
117.2184,0.5255,2.2619
117.2186,0.6002,2.5847
117.2188,0.5759,2.481
117.2190,0.593,2.556
117.2192,0.5656,2.4354
117.2194,0.5656,2.4366
117.2196,0.5911,2.543
117.2198,0.7154,3.0703
117.2200,0.7395,3.1767
117.2202,0.7375,3.1699
117.2204,0.7499,3.2245
117.2206,0.7489,3.2159
117.2208,0.7929,3.4096
117.2210,0.6281,2.7057
117.2212,0.6094,2.6251
117.2214,0.6187,2.6604
117.2216,0.6496,2.7948
117.2218,0.6416,2.7589
117.2220,0.6213,2.6792
117.2222,0.576,2.4815
117.2224,0.633,2.7231
117.2226,0.6692,2.8802
117.2228,0.6862,2.9562
117.2230,0.5999,2.5831
117.2232,0.6678,2.8727
117.2234,0.5974,2.5746
117.2236,0.5311,2.2889
117.2238,0.5294,2.2806
117.2240,0.5627,2.4253
117.2242,0.5615,2.4213
117.2244,0.498,2.1472
117.2246,0.4941,2.1307
117.2248,0.5157,2.2237
117.2250,0.5055,2.1788
117.2252,0.5128,2.2124
117.2254,0.5048,2.1757
117.2256,0.5361,2.3106
117.2258,0.5903,2.5442
117.2260,0.5505,2.3715
117.2262,0.5199,2.2418
117.2264,0.5338,2.3029
117.2266,0.4686,2.0224
117.2268,0.4121,1.7787
117.2270,0.4109,1.7743
117.2272,0.4005,1.7293
117.2274,0.3959,1.7096
117.2276,0.3915,1.6904
117.2278,0.393,1.6956
117.2280,0.4288,1.8523
117.2282,0.3845,1.6597
117.2284,0.4278,1.8405
117.2286,0.5631,2.4246
117.2288,0.538,2.3178
117.2290,0.5287,2.2806
117.2292,0.4908,2.1152
117.2294,0.4952,2.1343
117.2296,0.5421,2.3342
117.2298,0.595,2.5631
117.2300,0.5234,2.2537
117.2302,0.5186,2.233
117.2304,0.5462,2.3518
117.2306,0.5952,2.563
117.2308,0.6415,2.7584
117.2310,0.6701,2.879
117.2312,0.7169,3.0827
117.2314,0.6946,2.9868
117.2316,0.7166,3.0726
117.2318,0.8001,3.4325
117.2320,0.804,3.4474
117.2322,0.8565,3.6709
117.2324,0.8571,3.6752
117.2326,0.8529,3.6572
117.2328,0.8511,3.6529
117.2330,0.863,3.7021
117.2332,0.9176,3.9311
117.2334,0.9109,3.9006
117.2336,0.9811,4.1989
117.2338,1.0844,4.6413
117.2340,1.0926,4.6718
117.2342,1.1246,4.8042
117.2344,1.1438,4.8953
117.2346,1.0266,4.396
117.2348,0.9867,4.227
117.2350,0.9944,4.2639
117.2352,0.9713,4.1535
117.2354,1.1065,4.7335
117.2356,1.0329,4.4268
117.2358,0.9716,4.1623
117.2360,1.0513,4.5039
117.2362,1.0098,4.3201
117.2364,1.0073,4.3154
117.2366,0.9239,3.9708
117.2368,0.8254,3.5493
117.2370,0.8432,3.6172
117.2372,0.871,3.7383
117.2374,0.8324,3.5742
117.2376,0.8502,3.6493
117.2378,0.8903,3.8211
117.2380,0.8886,3.8122
117.2382,0.865,3.7108
117.2384,0.9375,4.0295
117.2386,0.8409,3.6108
117.2388,0.8751,3.7575
117.2390,0.8621,3.7037
117.2392,0.8694,3.7281
117.2394,0.9216,3.9555
117.2396,0.9243,3.9654
117.2398,0.9049,3.8857
117.2400,0.8865,3.81
117.2402,0.7788,3.3503
117.2404,0.7327,3.1508
117.2406,0.7247,3.1148
117.2408,0.7678,3.3029
117.2410,0.7422,3.193
117.2412,0.7517,3.2352
117.2414,0.6913,2.9751
117.2416,0.6755,2.9089
117.2418,0.7029,3.0266
117.2420,0.7094,3.0559
117.2422,0.6005,2.5881
117.2424,0.5761,2.4809
117.2426,0.6433,2.7687
117.2428,0.7331,3.1538
117.2430,0.674,2.9035
117.2432,0.6941,2.9889
117.2434,0.6716,2.8905
117.2436,0.6582,2.8327
117.2438,0.6217,2.6808
117.2440,0.582,2.5062
117.2442,0.646,2.7832
117.2444,0.5872,2.5319
117.2446,0.5711,2.4638
117.2448,0.5597,2.4146
117.2450,0.5719,2.4639
117.2452,0.5697,2.4553
117.2454,0.5741,2.4744
117.2456,0.6146,2.6491
117.2458,0.5519,2.381
117.2460,0.5133,2.2134
117.2462,0.6005,2.5845
117.2464,0.6769,2.9159
117.2466,0.5948,2.5662
117.2468,0.5484,2.366
117.2470,0.5378,2.3189
117.2472,0.5361,2.3106
117.2474,0.5397,2.3261
117.2476,0.5389,2.3257
117.2478,0.5571,2.4032
117.2480,0.5293,2.2843
117.2482,0.5148,2.2186
117.2484,0.5544,2.3919
117.2486,0.551,2.3758
117.2488,0.5622,2.4221
117.2490,0.5484,2.366
117.2492,0.5133,2.2124
117.2494,0.573,2.4686
117.2496,0.6151,2.6511
117.2498,0.613,2.6382
117.2500,0.6327,2.7258
117.2502,0.6356,2.737
117.2504,0.6583,2.8332
117.2506,0.6544,2.8154
117.2508,0.6548,2.817
117.2510,0.668,2.8737
117.2512,0.7201,3.0981
117.2514,0.7459,3.209
117.2516,0.7326,3.1517
117.2518,0.7257,3.1204
117.2520,0.7183,3.0903
117.2522,0.691,2.9741
117.2524,0.6518,2.8028
117.2526,0.7119,3.0611
117.2528,0.7735,3.3261
117.2530,0.7634,3.2858
117.2532,0.7086,3.0486
117.2534,0.6917,2.9786
117.2536,0.6877,2.9597
117.2538,0.6951,2.9889
117.2540,0.7219,3.1029
117.2542,0.8339,3.5809
117.2544,0.8297,3.5646
117.2546,0.7608,3.2745
117.2548,0.7229,3.1099
117.2550,0.7082,3.0422
117.2552,0.7859,3.3745
117.2554,0.8207,3.5276
117.2556,0.7486,3.2203
117.2558,0.7251,3.1149
117.2560,0.818,3.5125
117.2562,0.7874,3.389
117.2564,0.6531,2.8136
117.2566,0.6775,2.9226
117.2568,0.5734,2.4724
117.2570,0.5475,2.3575
117.2572,0.6148,2.6471
117.2574,0.6175,2.659
117.2576,0.5998,2.585
117.2578,0.589,2.5373
117.2580,0.6231,2.6845
117.2582,0.5929,2.5555
117.2584,0.6289,2.7055
117.2586,0.692,2.9796
117.2588,0.7052,3.035
117.2590,0.6305,2.711
117.2592,0.6826,2.9325
117.2594,0.7437,3.1992
117.2596,0.6982,3.0121
117.2598,0.5614,2.4219
117.2600,0.4911,2.1207
117.2602,0.4131,1.7836
117.2604,0.4073,1.7588
117.2606,0.4664,2.0122
117.2608,0.5157,2.2227
117.2610,0.5066,2.1824
117.2612,0.5466,2.3582
117.2614,0.5748,2.4752
117.2616,0.5818,2.5075
117.2618,0.5008,2.1616
117.2620,0.5271,2.2718
117.2622,0.5189,2.2387
117.2624,0.4836,2.0852
117.2626,0.4835,2.0856
117.2628,0.4799,2.0711
117.2630,0.4823,2.0805
117.2632,0.4813,2.0773
117.2634,0.486,2.0975
117.2636,0.4915,2.1203
117.2638,0.5134,2.2119
117.2640,0.552,2.376
117.2642,0.6154,2.6497
117.2644,0.5877,2.5328
117.2646,0.58,2.4974
117.2648,0.6801,2.9217
117.2650,0.7032,3.0211
117.2652,0.7118,3.0605
117.2654,0.7285,3.1298
117.2656,0.7809,3.3534
117.2658,0.8192,3.5127
117.2660,0.9217,3.9486
117.2662,0.963,4.1272
117.2664,0.9511,4.0745
117.2666,0.9848,4.2188
117.2668,0.9803,4.1978
117.2670,0.9713,4.1632
117.2672,0.9851,4.2203
117.2674,0.9878,4.2316
117.2676,0.9591,4.1127
117.2678,0.9586,4.1126
117.2680,0.9606,4.117
117.2682,0.9789,4.1917
117.2684,1.006,4.3097
117.2686,0.9482,4.0697
117.2688,0.8783,3.7679
117.2690,0.882,3.7856
117.2692,0.9044,3.8801
117.2694,0.9582,4.1143
117.2696,0.9197,3.9454
117.2698,0.8974,3.8497
117.2700,0.8959,3.8435
117.2702,0.9158,3.9308
117.2704,0.8805,3.7772
117.2706,0.9044,3.8819
117.2708,0.9339,4.0066
117.2710,0.9967,4.2736
117.2712,0.9843,4.2167
117.2714,0.9984,4.2853
117.2716,0.9562,4.1023
117.2718,0.9885,4.2308
117.2720,0.9855,4.2258
117.2722,0.903,3.8811
117.2724,0.8765,3.7672
117.2726,0.8356,3.5932
117.2728,0.7743,3.3328
117.2730,0.7309,3.146
117.2732,0.7321,3.1453
117.2734,0.7969,3.4234
117.2736,0.7812,3.3622
117.2738,0.7366,3.1732
117.2740,0.666,2.8663
117.2742,0.7182,3.0927
117.2744,0.7032,3.0282
117.2746,0.699,3.0101
117.2748,0.6492,2.7992
117.2750,0.6127,2.6408
117.2752,0.6157,2.6525
117.2754,0.6176,2.6645
117.2756,0.5994,2.5858
117.2758,0.6012,2.5888
117.2760,0.6441,2.7762
117.2762,0.5987,2.5839
117.2764,0.5187,2.2387
117.2766,0.5365,2.3121
117.2768,0.58,2.5009
117.2770,0.606,2.6155
117.2772,0.5367,2.3174
117.2774,0.5026,2.1714
117.2776,0.4972,2.1471
117.2778,0.5049,2.1792
117.2780,0.4901,2.1141
117.2782,0.4737,2.0466
117.2784,0.4096,1.7695
117.2786,0.405,1.7506
117.2788,0.4115,1.7794
117.2790,0.4522,1.9488
117.2792,0.626,2.6906
117.2794,0.6914,2.977
117.2796,0.7002,3.0125
117.2798,0.6743,2.9078
117.2800,0.5582,2.4079
117.2802,0.4891,2.1109
117.2804,0.4559,1.9676
117.2806,0.4537,1.9583
117.2808,0.4871,2.1012
117.2810,0.5305,2.2873
117.2812,0.5523,2.3825
117.2814,0.5444,2.3473
117.2816,0.5493,2.3674
117.2818,0.5669,2.4434
117.2820,0.551,2.378
117.2822,0.4616,1.9943
117.2824,0.4572,1.9751
117.2826,0.4546,1.9637
117.2828,0.4542,1.9612
117.2830,0.4552,1.9645
117.2832,0.4528,1.955
117.2834,0.4574,1.9716
117.2836,0.494,2.1302
117.2838,0.5271,2.2718
117.2840,0.562,2.4233
117.2842,0.567,2.445
117.2844,0.5709,2.4593
117.2846,0.585,2.5202
117.2848,0.5706,2.4583
117.2850,0.5706,2.4571
117.2852,0.6201,2.6666
117.2854,0.6294,2.7114
117.2856,0.5694,2.4554
117.2858,0.5656,2.4366
117.2860,0.6319,2.7197
117.2862,0.6662,2.862
117.2864,0.7327,3.1493
117.2866,0.7385,3.18
117.2868,0.6162,2.6558
117.2870,0.5668,2.4417
117.2872,0.5631,2.428
117.2874,0.5532,2.3867
117.2876,0.5426,2.3396
117.2878,0.5371,2.3136
117.2880,0.5313,2.2899
117.2882,0.5766,2.4818
117.2884,0.6269,2.6968
117.2886,0.6517,2.8061
117.2888,0.6555,2.82
117.2890,0.6781,2.9211
117.2892,0.5986,2.5798
117.2894,0.5524,2.382
117.2896,0.5405,2.3297
117.2898,0.6014,2.5862
117.2900,0.7191,3.0906
117.2902,0.6384,2.7514
117.2904,0.5154,2.2243
117.2906,0.5036,2.1725
117.2908,0.549,2.3664
117.2910,0.5415,2.3327
117.2912,0.5221,2.2511
117.2914,0.5195,2.2403
117.2916,0.544,2.3425
117.2918,0.655,2.8193
117.2920,0.6465,2.7801
117.2922,0.6251,2.689
117.2924,0.6844,2.9416
117.2926,0.7535,3.2355
117.2928,0.7626,3.2792
117.2930,0.6681,2.8742
117.2932,0.6144,2.6443
117.2934,0.6341,2.7328
117.2936,0.5868,2.528
117.2938,0.5956,2.5669
117.2940,0.5558,2.3942
117.2942,0.5934,2.554
117.2944,0.6873,2.954
117.2946,0.6731,2.9013
117.2948,0.517,2.2305
117.2950,0.4936,2.1296
117.2952,0.4884,2.1059
117.2954,0.5277,2.2754
117.2956,0.5254,2.2667
117.2958,0.483,2.0826
117.2960,0.4867,2.0996
117.2962,0.483,2.0836
117.2964,0.4959,2.1394
117.2966,0.5007,2.1581
117.2968,0.5044,2.1751
117.2970,0.5344,2.3023
117.2972,0.5794,2.4937
117.2974,0.6283,2.7067
117.2976,0.5914,2.5464
117.2978,0.5836,2.5117
117.2980,0.6764,2.9057
117.2982,0.717,3.0804
117.2984,0.7168,3.0822
117.2986,0.7218,3.0981
117.2988,0.7885,3.3826
117.2990,0.8443,3.6235
117.2992,0.9208,3.9445
117.2994,0.9666,4.1388
117.2996,0.9743,4.1722
117.2998,0.9843,4.2167
117.3000,0.9935,4.2523
117.3002,0.9838,4.2167
117.3004,0.9687,4.1538
117.3006,0.9258,3.9661
117.3008,0.9685,4.1528
117.3010,0.9687,4.1538
117.3012,0.9336,4.0013
117.3014,0.8946,3.8343
117.3016,0.8886,3.8104
117.3018,0.8905,3.8204
117.3020,0.9411,4.0337
117.3022,0.9506,4.0743
117.3024,0.9132,3.9231
117.3026,0.8391,3.6031
117.3028,0.8303,3.5638
117.3030,0.8367,3.5911
117.3032,0.8299,3.5667
117.3034,0.8277,3.5542
117.3036,0.8014,3.4446
117.3038,0.8209,3.5281
117.3040,0.7934,3.4085
117.3042,0.7791,3.3456
117.3044,0.7902,3.393
117.3046,0.8166,3.5112
117.3048,0.8199,3.5223
117.3050,0.8088,3.4744
117.3052,0.8626,3.7005
117.3054,0.9643,4.1348
117.3056,0.9301,3.9846
117.3058,0.9393,4.0391
117.3060,0.7769,3.339
117.3062,0.8124,3.4899
117.3064,0.8397,3.609
117.3066,0.7748,3.3318
117.3068,0.7472,3.2176
117.3070,0.7187,3.0976
117.3072,0.6944,2.9886
117.3074,0.6857,2.95
117.3076,0.6859,2.9492
117.3078,0.6994,3.0102
117.3080,0.6806,2.9279
117.3082,0.7109,3.0598
117.3084,0.6783,2.9221
117.3086,0.6685,2.8811
117.3088,0.6513,2.8072
117.3090,0.6107,2.6296
117.3092,0.6546,2.8172
117.3094,0.6844,2.9444
117.3096,0.638,2.7498
117.3098,0.6466,2.7883
117.3100,0.5981,2.5766
117.3102,0.6302,2.715
117.3104,0.6031,2.5995
117.3106,0.6362,2.7395
117.3108,0.653,2.8118
117.3110,0.6361,2.739
117.3112,0.6445,2.7752
117.3114,0.6223,2.6772
117.3116,0.696,3.0014
117.3118,0.6284,2.7072
117.3120,0.6102,2.6287
117.3122,0.6222,2.6779
117.3124,0.6875,2.9564
117.3126,0.7743,3.325
117.3128,0.8035,3.4534
117.3130,0.7044,3.0347
117.3132,0.6321,2.7245
117.3134,0.6404,2.7563
117.3136,0.6688,2.884
117.3138,0.5627,2.4275
117.3140,0.5369,2.3163
117.3142,0.5381,2.3194
117.3144,0.5444,2.3473
117.3146,0.5438,2.3458
117.3148,0.5363,2.3137
117.3150,0.5369,2.3153
117.3152,0.5378,2.3189
117.3154,0.536,2.3122
117.3156,0.571,2.4564
117.3158,0.7528,3.2309
117.3160,0.7869,3.3885
117.3162,0.5987,2.5803
117.3164,0.5423,2.3374
117.3166,0.5325,2.2972
117.3168,0.5429,2.34
117.3170,0.614,2.644
117.3172,0.6405,2.7568
117.3174,0.6423,2.7672
117.3176,0.6384,2.7501
117.3178,0.6456,2.7759
117.3180,0.707,3.0428
117.3182,0.6712,2.893
117.3184,0.6721,2.8885
117.3186,0.7348,3.1595
117.3188,0.7201,3.0938
117.3190,0.7901,3.3909
117.3192,0.8758,3.7589
117.3194,0.8432,3.6239
117.3196,0.7235,3.114
117.3198,0.6988,3.0063
117.3200,0.6801,2.9258
117.3202,0.6811,2.9299
117.3204,0.6767,2.9141
117.3206,0.6323,2.7225
117.3208,0.6299,2.7134
117.3210,0.6525,2.8058
117.3212,0.7162,3.0825
117.3214,0.713,3.0671
117.3216,0.7355,3.1641
117.3218,0.7265,3.124
117.3220,0.7478,3.2172
117.3222,0.7805,3.3529
117.3224,0.7799,3.3487
117.3226,0.7733,3.325
117.3228,0.6536,2.8157
117.3230,0.5869,2.5297
117.3232,0.6103,2.6317
117.3234,0.5877,2.534
117.3236,0.5863,2.5236
117.3238,0.6465,2.7814
117.3240,0.66,2.8431
117.3242,0.6064,2.6146
117.3244,0.6156,2.6495
117.3246,0.6713,2.8922
117.3248,0.6234,2.6855
117.3250,0.5946,2.5604
117.3252,0.5982,2.5795
117.3254,0.4978,2.1467
117.3256,0.5372,2.3152
117.3258,0.5914,2.5464
117.3260,0.6077,2.6203
117.3262,0.5125,2.2149
117.3264,0.4163,1.7976
117.3266,0.3993,1.7257
117.3268,0.4013,1.7337
117.3270,0.4161,1.7966
117.3272,0.4193,1.8097
117.3274,0.4722,2.0361
117.3276,0.5221,2.2511
117.3278,0.5094,2.1953
117.3280,0.5289,2.2796
117.3282,0.5609,2.4187
117.3284,0.5107,2.202
117.3286,0.488,2.1053
117.3288,0.4764,2.0542
117.3290,0.5447,2.3489
117.3292,0.5203,2.2434
117.3294,0.5176,2.2289
117.3296,0.5459,2.3519
117.3298,0.5821,2.5067
117.3300,0.6118,2.633
117.3302,0.6363,2.7401
117.3304,0.6694,2.8785
117.3306,0.6759,2.9064
117.3308,0.7315,3.1427
117.3310,0.7887,3.3868
117.3312,0.7811,3.3539
117.3314,0.7957,3.4151
117.3316,0.821,3.527
117.3318,0.776,3.3323
117.3320,0.7725,3.3204
117.3322,0.8181,3.5113
117.3324,0.8549,3.6642
117.3326,0.9342,4.0058
117.3328,0.9323,3.9901
117.3330,0.9668,4.1437
117.3332,0.9666,4.1446
117.3334,0.9706,4.1582
117.3336,0.9757,4.1719
117.3338,1.0731,4.5888
117.3340,1.0851,4.6379
117.3342,1.1154,4.7648
117.3344,1.1826,5.0569
117.3346,1.1345,4.8626
117.3348,0.9415,4.039
117.3350,0.9136,3.9246
117.3352,0.8969,3.8423
117.3354,1.0071,4.3123
117.3356,1.0351,4.4345
117.3358,1.0132,4.3365
117.3360,1.033,4.4253
117.3362,1.0267,4.4068
117.3364,0.9399,4.0361
117.3366,0.8289,3.5626
117.3368,0.7896,3.3936
117.3370,0.8198,3.5235
117.3372,0.8363,3.5929
117.3374,0.8426,3.6163
117.3376,0.8812,3.7873
117.3378,0.8472,3.6415
117.3380,0.8489,3.6453
117.3382,0.846,3.6346
117.3384,0.8835,3.7936
117.3386,0.8676,3.7239
117.3388,0.8478,3.6474
117.3390,0.794,3.4095
117.3392,0.8344,3.5913
117.3394,0.7555,3.2487
117.3396,0.7776,3.3483
117.3398,0.6995,3.0094
117.3400,0.8092,3.4749
117.3402,0.8295,3.5669
117.3404,0.708,3.0488
117.3406,0.6204,2.6701
117.3408,0.6721,2.8953
117.3410,0.6621,2.8537
117.3412,0.6578,2.8285
117.3414,0.6922,2.9834
117.3416,0.6365,2.7431
117.3418,0.6067,2.615
117.3420,0.6097,2.6267
117.3422,0.6332,2.7279
117.3424,0.5956,2.5681
117.3426,0.6357,2.7388
117.3428,0.6529,2.8139
117.3430,0.5893,2.5412
117.3432,0.5969,2.5726
117.3434,0.5927,2.5545
117.3436,0.529,2.2833
117.3438,0.5102,2.2
117.3440,0.6012,2.5876
117.3442,0.6502,2.8065
117.3444,0.5464,2.3583
117.3446,0.5152,2.2248
117.3448,0.4909,2.1187
117.3450,0.5,2.159
117.3452,0.4878,2.1052
117.3454,0.4963,2.14
117.3456,0.5681,2.4451
117.3458,0.7112,3.0651
117.3460,0.5817,2.5128
117.3462,0.4128,1.7851
117.3464,0.3918,1.6928
117.3466,0.4065,1.756
117.3468,0.4083,1.7629
117.3470,0.4638,2.0036
117.3472,0.4482,1.9344
117.3474,0.4478,1.9347
117.3476,0.4464,1.9294
117.3478,0.4423,1.91
117.3480,0.4531,1.9566
117.3482,0.4528,1.955
117.3484,0.4434,1.9146
117.3486,0.442,1.9084
117.3488,0.4422,1.9086
117.3490,0.4459,1.9237
117.3492,0.4654,2.0085
117.3494,0.4562,1.9709
117.3496,0.4597,1.9823
117.3498,0.5608,2.4137
117.3500,0.6306,2.714
117.3502,0.6191,2.662
117.3504,0.6482,2.7899
117.3506,0.6537,2.8123
117.3508,0.7187,3.089
117.3510,0.7279,3.1316
117.3512,0.6687,2.8795
117.3514,0.6704,2.884
117.3516,0.706,3.0358
117.3518,0.6994,3.0088
117.3520,0.676,2.9069
117.3522,0.7616,3.2674
117.3524,0.8351,3.5811
117.3526,0.8435,3.6255
117.3528,0.7895,3.3978
117.3530,0.6615,2.8458
117.3532,0.6909,2.9722
117.3534,0.6899,2.9722
117.3536,0.6349,2.7313
117.3538,0.6603,2.8407
117.3540,0.7041,3.0276
117.3542,0.68,2.9307
117.3544,0.5638,2.4322
117.3546,0.5493,2.3696
117.3548,0.5405,2.3286
117.3550,0.6047,2.6025
117.3552,0.6464,2.7821
117.3554,0.6749,2.9036
117.3556,0.729,3.1304
117.3558,0.7535,3.246
117.3560,0.6154,2.6522
117.3562,0.57,2.4591
117.3564,0.4769,2.0581
117.3566,0.4612,1.9913
117.3568,0.4596,1.9836
117.3570,0.4656,2.0086
117.3572,0.4583,1.977
117.3574,0.4601,1.9848
117.3576,0.4649,2.0055
117.3578,0.4523,1.9511
117.3580,0.4844,2.0898
117.3582,0.5282,2.2775
117.3584,0.5083,2.1907
117.3586,0.5052,2.1782
117.3588,0.5142,2.215
117.3590,0.5432,2.34
117.3592,0.511,2.2036
117.3594,0.5422,2.3348
117.3596,0.579,2.4956
117.3598,0.5426,2.3374
117.3600,0.6343,2.7287
117.3602,0.6413,2.7625
117.3604,0.5307,2.2884
117.3606,0.5118,2.2046
117.3608,0.5592,2.4047
117.3610,0.6754,2.9043
117.3612,0.6417,2.7607
117.3614,0.6172,2.6575
117.3616,0.5845,2.5194
117.3618,0.586,2.5232
117.3620,0.5919,2.5473
117.3622,0.5848,2.518
117.3624,0.6,2.586
117.3626,0.5788,2.4957
117.3628,0.5078,2.1886
117.3630,0.4869,2.0997
117.3632,0.4857,2.0955
117.3634,0.4869,2.1006
117.3636,0.4984,2.1483
117.3638,0.5309,2.2852
117.3640,0.579,2.4898
117.3642,0.6121,2.6358
117.3644,0.5827,2.5104
117.3646,0.6072,2.611
117.3648,0.6992,3.0064
117.3650,0.7139,3.0698
117.3652,0.7065,3.0379
117.3654,0.7585,3.2571
117.3656,0.7938,3.4069
117.3658,0.8202,3.5119
117.3660,0.9655,4.1361
117.3662,0.9705,4.1577
117.3664,0.9776,4.188
117.3666,0.977,4.1834
117.3668,0.9766,4.1819
117.3670,0.9672,4.1433
117.3672,1.0186,4.3616
117.3674,0.9419,4.033
117.3676,0.973,4.1685
117.3678,0.9865,4.228
117.3680,0.9777,4.1904
117.3682,0.8705,3.738
117.3684,0.8184,3.514
117.3686,0.8301,3.5645
117.3688,0.8052,3.4574
117.3690,0.8072,3.4661
117.3692,0.8579,3.6822
117.3694,0.8779,3.7681
117.3696,0.8624,3.703
117.3698,0.9013,3.8649
117.3700,0.9259,3.9721
117.3702,0.9019,3.8765
117.3704,0.8255,3.5416
117.3706,0.9157,3.9248
117.3708,0.9354,4.0072
117.3710,0.9975,4.2772
117.3712,0.996,4.2651
117.3714,1.0355,4.4361
117.3716,1.02,4.3719
117.3718,0.9556,4.1054
117.3720,0.8753,3.7481
117.3722,1.0252,4.3816
117.3724,1.1366,4.8555
117.3726,1.0765,4.6161
117.3728,0.9694,4.1627
117.3730,0.896,3.8476
117.3732,0.8943,3.8399
117.3734,0.8028,3.4535
117.3736,0.7532,3.2389
117.3738,0.774,3.3281
117.3740,0.7649,3.292
117.3742,0.744,3.2052
117.3744,0.6825,2.9388
117.3746,0.6856,2.9523
117.3748,0.6941,2.9848
117.3750,0.7453,3.2049
117.3752,0.7303,3.1434
117.3754,0.7158,3.0766
117.3756,0.7538,3.2415
117.3758,0.7544,3.2426
117.3760,0.8028,3.4487
117.3762,0.9014,3.8726
117.3764,0.8848,3.7992
117.3766,0.8325,3.5781
117.3768,0.7591,3.2642
117.3770,0.7513,3.2352
117.3772,0.711,3.066
117.3774,0.5839,2.5179
117.3776,0.5586,2.41
117.3778,0.5778,2.4916
117.3780,0.5841,2.5161
117.3782,0.6126,2.6427
117.3784,0.5122,2.2108
117.3786,0.4903,2.1161
117.3788,0.498,2.1462
117.3790,0.6076,2.6174
117.3792,0.6245,2.6952
117.3794,0.563,2.4286
117.3796,0.5448,2.3505
117.3798,0.5321,2.2956
117.3800,0.5327,2.2972
117.3802,0.6092,2.6173
117.3804,0.7698,3.3147
117.3806,0.6327,2.7284
117.3808,0.5375,2.32
117.3810,0.5344,2.3065
117.3812,0.5323,2.293
117.3814,0.5987,2.5791
117.3816,0.613,2.6418
117.3818,0.6169,2.6577
117.3820,0.6271,2.7003
117.3822,0.6366,2.7436
117.3824,0.5516,2.3816
117.3826,0.5289,2.2817
117.3828,0.5267,2.2713
117.3830,0.5265,2.2724
117.3832,0.526,2.2693
117.3834,0.5673,2.4438
117.3836,0.6223,2.6784
117.3838,0.6301,2.7145
117.3840,0.632,2.724
117.3842,0.6309,2.7168
117.3844,0.6927,2.9772
117.3846,0.7056,3.0371
117.3848,0.6456,2.7811
117.3850,0.6693,2.878
117.3852,0.7483,3.2163
117.3854,0.719,3.0915
117.3856,0.71,3.0557
117.3858,0.691,2.9783
117.3860,0.6186,2.6661
117.3862,0.6053,2.6063
117.3864,0.6127,2.6396
117.3866,0.6084,2.621
117.3868,0.6116,2.6337
117.3870,0.6056,2.6091
117.3872,0.6434,2.7731
117.3874,0.611,2.6323
117.3876,0.609,2.6248
117.3878,0.6224,2.6814
117.3880,0.6313,2.7158
117.3882,0.6391,2.7494
117.3884,0.691,2.9727
117.3886,0.7234,3.1091
117.3888,0.7458,3.21
117.3890,0.6801,2.9299
117.3892,0.671,2.8866
117.3894,0.7126,3.0642
117.3896,0.6844,2.9444
117.3898,0.707,3.0428
117.3900,0.6944,2.9886
117.3902,0.6896,2.9638
117.3904,0.7318,3.1437
117.3906,0.7447,3.2098
117.3908,0.6319,2.7222
117.3910,0.6369,2.7401
117.3912,0.6683,2.8752
117.3914,0.6838,2.9432
117.3916,0.7399,3.1802
117.3918,0.7254,3.1164
117.3920,0.7383,3.176
117.3922,0.7619,3.27
117.3924,0.7699,3.3137
117.3926,0.7206,3.1016
117.3928,0.73,3.1375
117.3930,0.7933,3.4064
117.3932,0.8132,3.4951
117.3934,0.7476,3.2192
117.3936,0.6693,2.8807
117.3938,0.6531,2.811
117.3940,0.7399,3.1802
117.3942,0.7948,3.4194
117.3944,0.782,3.3643
117.3946,0.715,3.0773
117.3948,0.6299,2.7134
117.3950,0.6396,2.754
117.3952,0.6734,2.8996
117.3954,0.63,2.714
117.3956,0.6046,2.6081
117.3958,0.524,2.2605
117.3960,0.5675,2.4448
117.3962,0.5777,2.4876
117.3964,0.6083,2.6192
117.3966,0.6426,2.7669
117.3968,0.5926,2.5516
117.3970,0.6109,2.6306
117.3972,0.6421,2.7661
117.3974,0.6729,2.8948
117.3976,0.7022,3.0207
117.3978,0.7272,3.1271
117.3980,0.7528,3.2324
117.3982,0.8385,3.6005
117.3984,0.8536,3.662
117.3986,0.8764,3.7614
117.3988,0.8652,3.717
117.3990,0.8372,3.5965
117.3992,0.8512,3.6466
117.3994,1.0047,4.3061
117.3996,1.0335,4.4294
117.3998,1.008,4.3205
117.4000,0.9785,4.196
117.4002,0.9743,4.1799
117.4004,0.9778,4.1929
117.4006,0.9543,4.096
117.4008,0.9196,3.943
117.4010,0.9998,4.285
117.4012,0.9594,4.1137
117.4014,0.9631,4.1297
117.4016,0.9718,4.1711
117.4018,0.9661,4.1445
117.4020,0.9871,4.2286
117.4022,1.067,4.5648
117.4024,1.142,4.8854
117.4026,1.1679,5.0008
117.4028,1.1049,4.7291
117.4030,1.0919,4.671
117.4032,1.1414,4.8851
117.4034,1.1552,4.951
117.4036,1.0257,4.4083
117.4038,0.8548,3.6739
117.4040,0.8448,3.6312
117.4042,0.8666,3.721
117.4044,0.8529,3.6674
117.4046,0.8584,3.6825
117.4048,0.9343,4.0156
117.4050,0.8856,3.8028
117.4052,0.8783,3.7732
117.4054,0.9127,3.9174
117.4056,0.9703,4.1605
117.4058,0.9686,4.1533
117.4060,0.9574,4.1151
117.4062,0.832,3.581
117.4064,0.7715,3.3173
117.4066,0.7742,3.3354
117.4068,0.7128,3.0737
117.4070,0.6543,2.8201
117.4072,0.691,2.9727
117.4074,0.7319,3.153
117.4076,0.711,3.0603
117.4078,0.7373,3.1674
117.4080,0.8548,3.6739
117.4082,0.8944,3.844
117.4084,0.8568,3.681
117.4086,0.8423,3.622
117.4088,0.8447,3.6306
117.4090,0.8823,3.7831
117.4092,0.8975,3.8556
117.4094,0.8433,3.6278
117.4096,0.8366,3.6023
117.4098,0.7844,3.3761
117.4100,0.7678,3.3059
117.4102,0.7614,3.2786
117.4104,0.7823,3.3637
117.4106,0.7796,3.3477
117.4108,0.7972,3.4314
117.4110,0.7522,3.2433
117.4112,0.6462,2.7824
117.4114,0.6785,2.9259
117.4116,0.641,2.764
117.4118,0.6471,2.793
117.4120,0.5904,2.5459
117.4122,0.6236,2.6866
117.4124,0.6588,2.8406
117.4126,0.6481,2.7945
117.4128,0.6161,2.6577
117.4130,0.6375,2.749
117.4132,0.657,2.8367
117.4134,0.5534,2.3861
117.4136,0.5791,2.4996
117.4138,0.5742,2.4761
117.4140,0.5685,2.4535
117.4142,0.5946,2.5604
117.4144,0.6614,2.8519
117.4146,0.5466,2.3615
117.4148,0.4752,2.0537
117.4150,0.4719,2.0388
117.4152,0.4724,2.0409
117.4154,0.4739,2.048
117.4156,0.4692,2.026
117.4158,0.4722,2.038
117.4160,0.4741,2.0481
117.4162,0.4707,2.0346
117.4164,0.473,2.0406
117.4166,0.5273,2.2728
117.4168,0.5666,2.443
117.4170,0.5788,2.4969
117.4172,0.5628,2.4258
117.4174,0.5712,2.462
117.4176,0.5685,2.4512
117.4178,0.5717,2.4652
117.4180,0.5749,2.4792
117.4182,0.5748,2.4786
117.4184,0.5773,2.4907
117.4186,0.6024,2.5951
117.4188,0.6632,2.8544
117.4190,0.752,3.2323
117.4192,0.7729,3.325
117.4194,0.7254,3.1251
117.4196,0.6722,2.8944
117.4198,0.6636,2.8599
117.4200,0.6026,2.5998
117.4202,0.5644,2.4348
117.4204,0.5511,2.3774
117.4206,0.5609,2.4187
117.4208,0.6173,2.658
117.4210,0.6883,2.9609
117.4212,0.6873,2.9581
117.4214,0.6952,2.9977
117.4216,0.607,2.6148
117.4218,0.6361,2.7378
117.4220,0.6718,2.8889
117.4222,0.717,3.0818
117.4224,0.7707,3.3173
117.4226,0.7401,3.1837
117.4228,0.7193,3.0988
117.4230,0.6826,2.9407
117.4232,0.6452,2.7796
117.4234,0.6366,2.7398
117.4236,0.6323,2.725
117.4238,0.5789,2.4974
117.4240,0.5908,2.5486
117.4242,0.5146,2.2212
117.4244,0.4707,2.0327
117.4246,0.4887,2.1094
117.4248,0.5326,2.2988
117.4250,0.5139,2.215
117.4252,0.5163,2.2274
117.4254,0.5188,2.2382
117.4256,0.5477,2.364
117.4258,0.5254,2.2656
117.4260,0.5243,2.261
117.4262,0.5241,2.2599
117.4264,0.5619,2.4228
117.4266,0.5767,2.4858
117.4268,0.6362,2.7395
117.4270,0.6319,2.7184
117.4272,0.6686,2.8776
117.4274,0.6614,2.8519
117.4276,0.5277,2.2754
117.4278,0.5204,2.2449
117.4280,0.5181,2.2351
117.4282,0.5098,2.2004
117.4284,0.4968,2.143
117.4286,0.493,2.126
117.4288,0.5094,2.1974
117.4290,0.5151,2.2191
117.4292,0.5559,2.3936
117.4294,0.5841,2.5185
117.4296,0.5478,2.3612
117.4298,0.6059,2.6101
117.4300,0.6348,2.7346
117.4302,0.6353,2.7329
117.4304,0.6565,2.8255
117.4306,0.6892,2.9609
117.4308,0.8121,3.484
117.4310,0.8215,3.5274
117.4312,0.7992,3.4332
117.4314,0.8182,3.5135
117.4316,0.8679,3.7232
117.4318,0.841,3.6096
117.4320,0.8506,3.6525
117.4322,0.8708,3.732
117.4324,0.8945,3.8338
117.4326,1.0199,4.3611
117.4328,1.1806,5.0458
117.4330,1.1638,4.9787
117.4332,1.1837,5.0591
117.4334,1.186,5.0665
117.4336,1.1712,5.0129
117.4338,1.1308,4.8377
117.4340,1.1196,4.7872
117.4342,1.1359,4.8706
117.4344,1.0131,4.3481
117.4346,0.9752,4.1777
117.4348,1.0104,4.3328
117.4350,0.9806,4.2047
117.4352,0.9886,4.2372
117.4354,1.0134,4.3476
117.4356,0.964,4.1357
117.4358,0.9546,4.0989
117.4360,0.9649,4.1393
117.4362,0.9901,4.2434
117.4364,0.992,4.2575
117.4366,0.8938,3.8414
117.4368,0.832,3.5794
117.4370,0.77,3.3127
117.4372,0.7832,3.3647
117.4374,0.8014,3.443
117.4376,0.8182,3.52
117.4378,0.7799,3.3534
117.4380,0.7957,3.4199
117.4382,0.8029,3.4508
117.4384,0.844,3.6259
117.4386,0.8607,3.6957
117.4388,0.8941,3.8394
117.4390,0.9601,4.1226
117.4392,0.8747,3.7647
117.4394,0.7335,3.1568
117.4396,0.7691,3.3101
117.4398,0.7656,3.2921
117.4400,0.7747,3.3297
117.4402,0.7559,3.2518
117.4404,0.7396,3.1876
117.4406,0.7242,3.1171
117.4408,0.7602,3.2704
117.4410,0.7601,3.2714
117.4412,0.7444,3.2067
117.4414,0.6984,3.0047
117.4416,0.7468,3.2141
117.4418,0.7062,3.0425
117.4420,0.7124,3.066
117.4422,0.7601,3.2729
117.4424,0.656,2.8313
117.4426,0.5552,2.395
117.4428,0.5938,2.5591
117.4430,0.6419,2.7689
117.4432,0.5948,2.565
117.4434,0.582,2.5097
117.4436,0.5801,2.4991
117.4438,0.6361,2.7403
117.4440,0.6499,2.801
117.4442,0.6674,2.8751
117.4444,0.632,2.7253
117.4446,0.5771,2.4908
117.4448,0.5799,2.4969
117.4450,0.6308,2.7214
117.4452,0.5992,2.5836
117.4454,0.563,2.4241
117.4456,0.6847,2.9509
117.4458,0.6674,2.8765
117.4460,0.5887,2.541
117.4462,0.5476,2.3624
117.4464,0.5778,2.4916
117.4466,0.5669,2.4456
117.4468,0.5856,2.524
117.4470,0.6435,2.771
117.4472,0.6935,2.9863
117.4474,0.6769,2.9173
117.4476,0.6725,2.9
117.4478,0.6094,2.6288
117.4480,0.5532,2.3867
117.4482,0.5367,2.3164
117.4484,0.536,2.3122
117.4486,0.5402,2.3314
117.4488,0.5814,2.5024
117.4490,0.7197,3.0975
117.4492,0.6374,2.7498
117.4494,0.5712,2.4631
117.4496,0.6239,2.6826
117.4498,0.7266,3.1245
117.4500,0.7698,3.3116
117.4502,0.7752,3.3317
117.4504,0.7803,3.3555
117.4506,0.8181,3.5195
117.4508,0.8173,3.5126
117.4510,0.8018,3.4462
117.4512,0.7682,3.3065
117.4514,0.7731,3.323
117.4516,0.8486,3.6404
117.4518,0.9267,3.9794
117.4520,0.8933,3.8358
117.4522,0.8873,3.8136
117.4524,0.8782,3.7762
117.4526,0.8311,3.5686
117.4528,0.8619,3.7026
117.4530,0.867,3.7265
117.4532,0.8513,3.6573
117.4534,0.7472,3.2206
117.4536,0.6451,2.7803
117.4538,0.6397,2.7571
117.4540,0.6375,2.7478
117.4542,0.6348,2.7359
117.4544,0.6476,2.7899
117.4546,0.639,2.7553
117.4548,0.6377,2.747
117.4550,0.6624,2.8508
117.4552,0.7253,3.1232
117.4554,0.7663,3.2936
117.4556,0.8487,3.6443
117.4558,0.8267,3.5533
117.4560,0.7698,3.3132
117.4562,0.6847,2.9481
117.4564,0.6047,2.6086
117.4566,0.5899,2.545
117.4568,0.5836,2.5152
117.4570,0.608,2.617
117.4572,0.6602,2.8428
117.4574,0.6421,2.77
117.4576,0.5547,2.3951
117.4578,0.5416,2.3365
117.4580,0.5363,2.3137
117.4582,0.5448,2.3527
117.4584,0.5345,2.3071
117.4586,0.5331,2.2976
117.4588,0.589,2.542
117.4590,0.5407,2.3345
117.4592,0.5279,2.2754
117.4594,0.5793,2.4955
117.4596,0.6284,2.7098
117.4598,0.5791,2.4996
117.4600,0.5415,2.3382
117.4602,0.4654,2.0094
117.4604,0.543,2.3438
117.4606,0.5294,2.2837
117.4608,0.536,2.3079
117.4610,0.616,2.6535
117.4612,0.6519,2.8059
117.4614,0.6309,2.7181
117.4616,0.5745,2.4771
117.4618,0.5318,2.2952
117.4620,0.5259,2.2677
117.4622,0.6566,2.8273
117.4624,0.623,2.6828
117.4626,0.6218,2.6788
117.4628,0.621,2.6727
117.4630,0.5932,2.5589
117.4632,0.5156,2.2263
117.4634,0.5715,2.4642
117.4636,0.5573,2.4043
117.4638,0.5241,2.261
117.4640,0.56,2.4145
117.4642,0.6204,2.6714
117.4644,0.6234,2.6855
117.4646,0.5887,2.5363
117.4648,0.6349,2.7288
117.4650,0.7303,3.1419
117.4652,0.735,3.162
117.4654,0.7291,3.1353
117.4656,0.7971,3.4277
117.4658,0.7752,3.3302
117.4660,0.8121,3.4824
117.4662,0.8843,3.7883
117.4664,0.9889,4.2343
117.4666,0.9797,4.2011
117.4668,0.9873,4.2316
117.4670,0.9856,4.2283
117.4672,0.923,3.9579
117.4674,0.8978,3.8607
117.4676,0.8547,3.6683
117.4678,0.8953,3.8392
117.4680,0.8933,3.834
117.4682,0.8855,3.8041
117.4684,0.8823,3.7867
117.4686,0.8775,3.7643
117.4688,0.92,3.9469
117.4690,0.9685,4.1489
117.4692,1.0291,4.4027
117.4694,1.1101,4.7489
117.4696,1.1656,4.9841
117.4698,1.1729,5.0154
117.4700,1.1331,4.8519
117.4702,1.1214,4.7971
117.4704,1.1685,4.9987
117.4706,1.1042,4.7304
117.4708,1.0318,4.4263
117.4710,0.9489,4.0766
117.4712,0.8793,3.7791
117.4714,0.8477,3.6435
117.4716,0.8651,3.7131
117.4718,0.9446,4.0505
117.4720,0.9311,3.9998
117.4722,0.9556,4.094
117.4724,1.0245,4.395
117.4726,0.9751,4.183
117.4728,0.9489,4.0823
117.4730,0.8398,3.6162
117.4732,0.7837,3.373
117.4734,0.7624,3.2888
117.4736,0.6799,2.9275
117.4738,0.7288,3.1338
117.4740,0.7965,3.4267
117.4742,0.7211,3.1065
117.4744,0.7067,3.046
117.4746,0.6803,2.9295
117.4748,0.7351,3.1655
117.4750,0.7005,3.0191
117.4752,0.61,2.6314
117.4754,0.6179,2.6618
117.4756,0.6683,2.8793
117.4758,0.6445,2.7803
117.4760,0.6172,2.6624
117.4762,0.6157,2.6562
117.4764,0.6172,2.6624
117.4766,0.604,2.6031
117.4768,0.6227,2.6824
117.4770,0.696,2.9958
117.4772,0.7218,3.1067
117.4774,0.6986,3.0094
117.4776,0.6296,2.7137
117.4778,0.658,2.8375
117.4780,0.6213,2.6805
117.4782,0.5952,2.5701
117.4784,0.5308,2.29
117.4786,0.5025,2.1699
117.4788,0.4754,2.05
117.4790,0.5866,2.5317
117.4792,0.5195,2.2465
117.4794,0.4602,1.9871
117.4796,0.4893,2.1129
117.4798,0.4803,2.0751
117.4800,0.4782,2.0667
117.4802,0.4782,2.0648
117.4804,0.4791,2.0689
117.4806,0.4741,2.0462
117.4808,0.4782,2.0648
117.4810,0.5118,2.2057
117.4812,0.583,2.5115
117.4814,0.5957,2.571
117.4816,0.5592,2.4159
117.4818,0.5004,2.1616
117.4820,0.4755,2.0515
117.4822,0.477,2.0587
117.4824,0.4782,2.0629
117.4826,0.5282,2.2765
117.4828,0.5914,2.5453
117.4830,0.6644,2.8622
117.4832,0.7044,3.0305
117.4834,0.7211,3.1065
117.4836,0.6112,2.6341
117.4838,0.6375,2.749
117.4840,0.592,2.5502
117.4842,0.5767,2.4858
117.4844,0.5851,2.5208
117.4846,0.5885,2.5352
117.4848,0.6428,2.7667
117.4850,0.7008,3.0192
117.4852,0.6847,2.9413
117.4854,0.7927,3.4054
117.4856,0.6811,2.934
117.4858,0.5755,2.4817
117.4860,0.5612,2.4208
117.4862,0.5614,2.4207
117.4864,0.5607,2.4176
117.4866,0.563,2.4286
117.4868,0.5602,2.4167
117.4870,0.6414,2.7605
117.4872,0.6258,2.6971
117.4874,0.5552,2.3916
117.4876,0.566,2.4392
117.4878,0.5741,2.4732
117.4880,0.5663,2.4419
117.4882,0.5766,2.4841
117.4884,0.635,2.7318
117.4886,0.6935,2.9808
117.4888,0.7535,3.2355
117.4890,0.7959,3.4225
117.4892,0.7132,3.0739
117.4894,0.6425,2.7664
117.4896,0.6933,2.9811
117.4898,0.7077,3.043
117.4900,0.7446,3.2033
117.4902,0.6909,2.9722
117.4904,0.7095,3.0508
117.4906,0.753,3.2364
117.4908,0.7477,3.2152
117.4910,0.6994,3.0074
117.4912,0.7562,3.2564
117.4914,0.6922,2.9807
117.4916,0.6801,2.9244
117.4918,0.7302,3.1385
117.4920,0.7458,3.2115
117.4922,0.6549,2.8175
117.4924,0.6386,2.7486
117.4926,0.5866,2.5317
117.4928,0.5241,2.2631
117.4930,0.5277,2.2744
117.4932,0.5793,2.4943
117.4934,0.6416,2.7615
117.4936,0.6837,2.9399
117.4938,0.6813,2.935
117.4940,0.5679,2.4498
117.4942,0.5233,2.2584
117.4944,0.5028,2.1679
117.4946,0.4895,2.1115
117.4948,0.4849,2.0938
117.4950,0.4854,2.0939
117.4952,0.4836,2.0861
117.4954,0.4833,2.0851
117.4956,0.4838,2.0862
117.4958,0.4819,2.0789
117.4960,0.4843,2.0902
117.4962,0.4826,2.083
117.4964,0.4826,2.082
117.4966,0.4879,2.1048
117.4968,0.4883,2.1053
117.4970,0.5405,2.3275
117.4972,0.6166,2.6524
117.4974,0.6185,2.6644
117.4976,0.5881,2.536
117.4978,0.5737,2.4717
117.4980,0.643,2.7664
117.4982,0.7245,3.1138
117.4984,0.7654,3.2895
117.4986,0.749,3.2164
117.4988,0.7766,3.3364
117.4990,0.7941,3.4084
117.4992,0.8705,3.7345
117.4994,0.8978,3.85
117.4996,0.952,4.0824
117.4998,0.991,4.2455
117.5000,0.954,4.0906
117.5002,0.913,3.9148
117.5004,0.9441,4.0465
117.5006,0.9775,4.1875
117.5008,0.92,3.9506
117.5010,0.8958,3.8466
117.5012,0.8847,3.7952
117.5014,0.9074,3.8875
117.5016,0.994,4.2583
117.5018,0.9829,4.2125
117.5020,1.0026,4.2993
117.5022,1.0082,4.3169
117.5024,1.0323,4.4201
117.5026,1.0679,4.5748
117.5028,1.0827,4.645
117.5030,0.9716,4.1584
117.5032,1.0464,4.4807
117.5034,1.027,4.3976
117.5036,0.8496,3.6518
117.5038,0.8709,3.7378
117.5040,0.8883,3.8124
117.5042,0.883,3.7915
117.5044,0.8622,3.7024
117.5046,0.8681,3.7294
117.5048,0.8086,3.4755
117.5050,0.7941,3.4148
117.5052,0.7836,3.3725
117.5054,0.7785,3.3462
117.5056,0.8248,3.5435
117.5058,0.8062,3.4717
117.5060,0.7248,3.1225
117.5062,0.6914,2.9729
117.5064,0.7315,3.1485
117.5066,0.7355,3.1612
117.5068,0.7447,3.2053
117.5070,0.7074,3.0505
117.5072,0.658,2.8335
117.5074,0.6922,2.9779
117.5076,0.736,3.1691
117.5078,0.7329,3.1528
117.5080,0.7048,3.0321
117.5082,0.7108,3.0578
117.5084,0.7088,3.0533
117.5086,0.6825,2.9388
117.5088,0.7164,3.0835
117.5090,0.7279,3.1316
117.5092,0.7397,3.1851
117.5094,0.7048,3.0335
117.5096,0.7354,3.1621
117.5098,0.7589,3.2647
117.5100,0.7172,3.0909
117.5102,0.6433,2.7726
117.5104,0.642,2.7643
117.5106,0.6474,2.7889
117.5108,0.6303,2.7168
117.5110,0.629,2.7073
117.5112,0.6775,2.9131
117.5114,0.7414,3.1909
117.5116,0.7389,3.1741
117.5118,0.8055,3.4637
117.5120,0.7899,3.3951
117.5122,0.8323,3.5787
117.5124,0.7865,3.3833
117.5126,0.7227,3.1104
117.5128,0.7265,3.124
117.5130,0.7666,3.2962
117.5132,0.6688,2.884
117.5134,0.5607,2.4199
117.5136,0.5502,2.3727
117.5138,0.5673,2.4449
117.5140,0.5903,2.5489
117.5142,0.5454,2.3541
117.5144,0.5433,2.3427
117.5146,0.542,2.3348
117.5148,0.5435,2.3426
117.5150,0.5673,2.4427
117.5152,0.7088,3.0505
117.5154,0.6904,2.9757
117.5156,0.5767,2.4881
117.5158,0.5927,2.5533
117.5160,0.6577,2.8333
117.5162,0.6505,2.7997
117.5164,0.6555,2.8214
117.5166,0.6694,2.8839
117.5168,0.6673,2.8733
117.5170,0.6687,2.8781
117.5172,0.6628,2.8542
117.5174,0.6711,2.8884
117.5176,0.7803,3.3477
117.5178,0.8921,3.8253
117.5180,0.8879,3.8144
117.5182,0.7832,3.3694
117.5184,0.826,3.5453
117.5186,0.921,3.951
117.5188,0.8426,3.6247
117.5190,0.6709,2.8874
117.5192,0.7034,3.0259
117.5194,0.7059,3.0381
117.5196,0.7191,3.0934
117.5198,0.7236,3.1145
117.5200,0.7221,3.1063
117.5202,0.7454,3.2039
117.5204,0.7891,3.3884
117.5206,0.8076,3.4709
117.5208,0.8435,3.6204
117.5210,0.891,3.8296
117.5212,0.8813,3.7773
117.5214,0.9438,4.0507
117.5216,0.9016,3.8749
117.5218,0.8514,3.6595
117.5220,0.8691,3.7335
117.5222,0.8137,3.4955
117.5224,0.8133,3.4924
117.5226,0.8416,3.6122
117.5228,0.8945,3.8445
117.5230,0.8441,3.6331
117.5232,0.754,3.2435
117.5234,0.688,2.9681
117.5236,0.5724,2.4672
117.5238,0.656,2.8247
117.5240,0.6333,2.7284
117.5242,0.5713,2.4671
117.5244,0.4819,2.0828
117.5246,0.4613,1.9936
117.5248,0.4673,2.0167
117.5250,0.5468,2.3587
117.5252,0.4982,2.1512
117.5254,0.4582,1.9802
117.5256,0.4484,1.9373
117.5258,0.4622,1.995
117.5260,0.5018,2.1618
117.5262,0.6505,2.7971
117.5264,0.7506,3.2366
117.5266,0.5862,2.5278
117.5268,0.5669,2.4434
117.5270,0.5861,2.5272
117.5272,0.5722,2.4673
117.5274,0.5713,2.4625
117.5276,0.5678,2.4459
117.5278,0.5869,2.5297
117.5280,0.6309,2.7168
117.5282,0.6006,2.5898
117.5284,0.5579,2.4069
117.5286,0.5633,2.429
117.5288,0.5741,2.4721
117.5290,0.6209,2.671
117.5292,0.6607,2.8435
117.5294,0.65,2.8015
117.5296,0.6267,2.7013
117.5298,0.6186,2.6636
117.5300,0.6584,2.8351
117.5302,0.6072,2.6122
117.5304,0.719,3.0872
117.5306,0.792,3.4039
117.5308,0.7592,3.2632
117.5310,0.7892,3.3905
117.5312,0.8108,3.4767
117.5314,0.9446,4.0448
117.5316,0.9814,4.2083
117.5318,0.9604,4.1184
117.5320,0.9212,3.9539
117.5322,0.9064,3.8847
117.5324,0.997,4.2712
117.5326,1.0236,4.3955
117.5328,0.8989,3.86
117.5330,0.8642,3.7107
117.5332,0.8489,3.6487
117.5334,0.839,3.6059
117.5336,0.8758,3.7606
117.5338,0.8584,3.6877
117.5340,0.8296,3.5641
117.5342,0.8025,3.4541
117.5344,0.7688,3.2983
117.5346,0.9041,3.8839
117.5348,0.8953,3.8428
117.5350,0.8947,3.8384
117.5352,0.8885,3.8134
117.5354,0.8747,3.7577
117.5356,0.8772,3.7686
117.5358,0.8723,3.7474
117.5360,0.8326,3.5753
117.5362,0.8727,3.7507
117.5364,0.8405,3.6109
117.5366,0.8355,3.5926
117.5368,0.7531,3.2429
117.5370,0.7598,3.2673
117.5372,0.8614,3.6971
117.5374,0.8541,3.6708
117.5376,0.8084,3.4777
117.5378,0.81,3.4828
117.5380,0.7952,3.421
117.5382,0.7468,3.2156
117.5384,0.6793,2.9276
117.5386,0.6373,2.7493
117.5388,0.6261,2.7012
117.5390,0.5865,2.5264
117.5392,0.6275,2.7044
117.5394,0.6306,2.7165
117.5396,0.6799,2.9316
117.5398,0.5847,2.521
117.5400,0.543,2.3427
117.5402,0.5383,2.3231
117.5404,0.5275,2.2765
117.5406,0.5432,2.3432
117.5408,0.6203,2.6734
117.5410,0.6345,2.7336
117.5412,0.568,2.4514
117.5414,0.5263,2.2682
117.5416,0.5632,2.4307
117.5418,0.5662,2.4414
117.5420,0.5788,2.4957
117.5422,0.5879,2.5374
117.5424,0.5621,2.4205
117.5426,0.6205,2.6756
117.5428,0.6277,2.7016
117.5430,0.6845,2.9504
117.5432,0.6204,2.6751
117.5434,0.591,2.5496
117.5436,0.5199,2.2408
117.5438,0.5574,2.4081
117.5440,0.5294,2.2827
117.5442,0.6263,2.6979
117.5444,0.586,2.5256
117.5446,0.5643,2.432
117.5448,0.5543,2.3913
117.5450,0.5151,2.2242
117.5452,0.4923,2.1259
117.5454,0.4781,2.0652
117.5456,0.4972,2.1441
117.5458,0.5646,2.4358
117.5460,0.5071,2.1885
117.5462,0.4935,2.1291
117.5464,0.4862,2.0966
117.5466,0.4686,2.0224
117.5468,0.502,2.1638
117.5470,0.5343,2.3039
117.5472,0.5652,2.4373
117.5474,0.4969,2.1475
117.5476,0.3996,1.7265
117.5478,0.4031,1.7415
117.5480,0.4555,1.9669
117.5482,0.4665,2.0127
117.5484,0.5049,2.1752
117.5486,0.6013,2.5893
117.5488,0.6477,2.7891
117.5490,0.6637,2.8565
117.5492,0.6615,2.8472
117.5494,0.6713,2.8895
117.5496,0.7215,3.1038
117.5498,0.7066,3.0398
117.5500,0.7505,3.2196
117.5502,0.7727,3.324
117.5504,0.733,3.1518
117.5506,0.744,3.1948
117.5508,0.7861,3.3771
117.5510,0.7674,3.2967
117.5512,0.7799,3.3534
117.5514,0.7194,3.0964
117.5516,0.6353,2.7316
117.5518,0.6835,2.9416
117.5520,0.71,3.0528
117.5522,0.7167,3.0874
117.5524,0.6564,2.8237
117.5526,0.6907,2.9698
117.5528,0.718,3.0917
117.5530,0.5996,2.5821
117.5532,0.5577,2.4047
117.5534,0.5423,2.3396
117.5536,0.5754,2.4801
117.5538,0.5508,2.3741
117.5540,0.5878,2.5298
117.5542,0.6536,2.8131
117.5544,0.6632,2.8544
117.5546,0.6095,2.6244
117.5548,0.5753,2.4796
117.5550,0.5716,2.4635
117.5552,0.5531,2.3884
117.5554,0.4841,2.0902
117.5556,0.4646,2.0053
117.5558,0.4615,1.9928
117.5560,0.466,2.012
117.5562,0.4631,1.9977
117.5564,0.4639,2.0013
117.5566,0.4656,2.0095
117.5568,0.4633,2.0006
117.5570,0.4664,2.0122
117.5572,0.4627,1.9961
117.5574,0.4613,1.9909
117.5576,0.4644,2.0043
117.5578,0.4622,1.9931
117.5580,0.4661,2.0097
117.5582,0.4728,2.0396
117.5584,0.498,2.1462
117.5586,0.4799,2.0692
117.5588,0.5371,2.3104
117.5590,0.6457,2.7816
117.5592,0.6357,2.7349
117.5594,0.6314,2.7176
117.5596,0.5947,2.5561
117.5598,0.6867,2.9542
117.5600,0.6543,2.8175
117.5602,0.6333,2.7246
117.5604,0.6937,2.9841
117.5606,0.6941,2.9848
117.5608,0.7211,3.1008
117.5610,0.7078,3.0435
117.5612,0.7174,3.0833
117.5614,0.7823,3.3622
117.5616,0.7842,3.3657
117.5618,0.8126,3.4877
117.5620,0.8234,3.5373
117.5622,0.8209,3.5199
117.5624,0.8414,3.6112
117.5626,0.8361,3.5919
117.5628,0.8312,3.5691
117.5630,0.8411,3.6068
117.5632,0.8538,3.6613
117.5634,0.8778,3.7659
117.5636,0.8595,3.6872
117.5638,0.9469,4.0508
117.5640,1.0777,4.6169
117.5642,1.0178,4.3601
117.5644,1.0367,4.4329
117.5646,1.0517,4.497
117.5648,1.0946,4.6849
117.5650,1.085,4.6504
117.5652,1.0164,4.3544
117.5654,1.039,4.4447
117.5656,1.0686,4.58
117.5658,1.0083,4.3154
117.5660,1.0922,4.679
117.5662,1.0132,4.3466
117.5664,0.901,3.8669
117.5666,0.9,3.8628
117.5668,0.9474,4.0623
117.5670,1.004,4.299
117.5672,1.0151,4.3488
117.5674,0.9995,4.28
117.5676,1.0134,4.3416
117.5678,1.0318,4.4222
117.5680,0.9603,4.1198
117.5682,0.9224,3.9591
117.5684,0.898,3.8505
117.5686,0.996,4.2671
117.5688,1.0645,4.5604
117.5690,1.0302,4.4114
117.5692,1.0523,4.5059
117.5694,1.0522,4.497
117.5696,1.1867,5.0767
117.5698,1.1964,5.1278
117.5700,1.0565,4.526
117.5702,1.0349,4.4335
117.5704,1.0863,4.6452
117.5706,1.1681,4.9972
117.5708,1.1408,4.8939
117.5710,1.0586,4.5352
117.5712,1.1016,4.7213
117.5714,1.0608,4.5445
117.5716,1.0709,4.5876
117.5718,1.1104,4.7616
117.5720,0.9976,4.2797
117.5722,0.9484,4.0707
117.5724,0.9258,3.9716
117.5726,1.021,4.376
117.5728,1.0963,4.6965
117.5730,1.1038,4.7267
117.5732,1.0965,4.6997
117.5734,1.0622,4.5528
117.5736,1.0445,4.4788
117.5738,1.0378,4.4562
117.5740,0.9755,4.187
117.5742,0.9799,4.2036
117.5744,1.0064,4.3173
117.5746,1.0616,4.5587
117.5748,0.9963,4.2761
117.5750,1.0143,4.3472
117.5752,1.0047,4.3141
117.5754,0.9868,4.2354
117.5756,1.0621,4.5544
117.5758,1.0658,4.5682
117.5760,1.0543,4.5252
117.5762,0.991,4.2614
117.5764,0.8939,3.8455
117.5766,0.833,3.5785
117.5768,0.8825,3.793
117.5770,0.8957,3.855
117.5772,0.8078,3.4832
117.5774,0.6678,2.8793
117.5776,0.7108,3.0607
117.5778,0.8315,3.574
117.5780,0.879,3.7816
117.5782,0.7947,3.4205
117.5784,0.7684,3.3054
117.5786,0.8481,3.6502
117.5788,0.8616,3.7016
117.5790,0.8839,3.8027
117.5792,0.75,3.2355
117.5794,0.6291,2.7154
117.5796,0.661,2.8464
117.5798,0.7263,3.1273
117.5800,0.7505,3.2316
117.5802,0.7614,3.2831
117.5804,0.7342,3.1658
117.5806,0.6913,2.9793
117.5808,0.6878,2.9602
117.5810,0.7564,3.2554
117.5812,0.7248,3.1283
117.5814,0.6306,2.7216
117.5816,0.6619,2.854
117.5818,0.6794,2.9268
117.5820,0.7252,3.1255
117.5822,0.7293,3.1446
117.5824,0.6995,3.0136
117.5826,0.7059,3.0423
117.5828,0.707,3.0413
117.5830,0.8124,3.4931
117.5832,0.8494,3.6558
117.5834,0.8076,3.4822
117.5836,0.6845,2.9531
117.5838,0.6267,2.7038
117.5840,0.671,2.8933
117.5842,0.7158,3.0752
117.5844,0.8661,3.7276
117.5846,0.7299,3.1486
117.5848,0.6179,2.663
117.5850,0.6116,2.6386
117.5852,0.6103,2.6341
117.5854,0.6106,2.6352
117.5856,0.6119,2.6396
117.5858,0.6293,2.7146
117.5860,0.6287,2.7133
117.5862,0.6034,2.6005
117.5864,0.6231,2.6883
117.5866,0.6318,2.728
117.5868,0.607,2.6172
117.5870,0.6233,2.6863
117.5872,0.6201,2.6778
117.5874,0.6002,2.5859
117.5876,0.7428,3.1911
117.5878,0.8506,3.6627
117.5880,0.7435,3.2046
117.5882,0.704,3.0327
117.5884,0.7001,3.0189
117.5886,0.6749,2.9104
117.5888,0.6757,2.9108
117.5890,0.7317,3.1447
117.5892,0.7379,3.1774
117.5894,0.7222,3.1112
117.5896,0.7073,3.0457
117.5898,0.7231,3.1153
117.5900,0.6887,2.9698
117.5902,0.6723,2.8936
117.5904,0.7398,3.1842
117.5906,0.7577,3.2626
117.5908,0.7591,3.2627
117.5910,0.8271,3.5565
117.5912,0.8199,3.5256
117.5914,0.8026,3.4578
117.5916,0.7574,3.2646
117.5918,0.673,2.9021
117.5920,0.6687,2.8781
117.5922,0.7143,3.0785
117.5924,0.6728,2.9011
117.5926,0.6528,2.8121
117.5928,0.6564,2.8276
117.5930,0.6601,2.8462
117.5932,0.6715,2.894
117.5934,0.6781,2.9211
117.5936,0.6957,2.9984
117.5938,0.6974,3.0057
117.5940,0.6899,2.9722
117.5942,0.6419,2.7651
117.5944,0.7285,3.1371
117.5946,0.7925,3.4075
117.5948,0.7594,3.2728
117.5950,0.6525,2.815
117.5952,0.6468,2.7863
117.5954,0.6354,2.7385
117.5956,0.6753,2.9106
117.5958,0.6512,2.8054
117.5960,0.6621,2.8524
117.5962,0.6749,2.909
117.5964,0.6261,2.6987
117.5966,0.6917,2.9827
117.5968,0.6338,2.7318
117.5970,0.648,2.7927
117.5972,0.7036,3.0297
117.5974,0.7345,3.1585
117.5976,0.774,3.3235
117.5978,0.8149,3.5105
117.5980,0.7192,3.0983
117.5982,0.7571,3.2524
117.5984,0.8874,3.8106
117.5986,0.9787,4.1965
117.5988,1.0178,4.3641
117.5990,0.9553,4.102
117.5992,0.8915,3.8281
117.5994,0.899,3.8605
117.5996,0.8579,3.6891
117.5998,0.8552,3.6755
117.6000,0.8863,3.8042
117.6002,0.8887,3.8145
117.6004,0.8857,3.8016
117.6006,0.9006,3.86
117.6008,0.9769,4.1947
117.6010,0.9875,4.2365
117.6012,0.9949,4.2659
117.6014,1.0427,4.4627
117.6016,1.1415,4.8879
117.6018,1.1354,4.864
117.6020,1.103,4.7187
117.6022,1.1781,5.0398
117.6024,1.177,5.0422
117.6026,1.0025,4.3169
117.6028,0.8095,3.4856
117.6030,0.8176,3.5191
117.6032,0.8363,3.6013
117.6034,0.7329,3.1586
117.6036,0.7375,3.1729
117.6038,0.7651,3.293
117.6040,0.803,3.4529
117.6042,0.8233,3.5433
117.6044,0.7462,3.219
117.6046,0.7061,3.0448
117.6048,0.6434,2.7795
117.6050,0.5341,2.305
117.6052,0.6047,2.6086
117.6054,0.6191,2.6669
117.6056,0.7074,3.0476
117.6058,0.7252,3.1241
117.6060,0.6778,2.9228
117.6062,0.5693,2.4605
117.6064,0.5302,2.2895
117.6066,0.5829,2.5144
117.6068,0.6293,2.7109
117.6070,0.6638,2.8596
117.6072,0.6071,2.6201
117.6074,0.5695,2.4548
117.6076,0.6633,2.8589
117.6078,0.6996,3.0183
117.6080,0.6246,2.692
117.6082,0.657,2.8302
117.6084,0.6657,2.8692
117.6086,0.6825,2.9402
117.6088,0.6946,2.991
117.6090,0.7192,3.1011
117.6092,0.6245,2.6964
117.6094,0.6023,2.597
117.6096,0.6421,2.7674
117.6098,0.6204,2.6776
117.6100,0.6013,2.5953
117.6102,0.5706,2.4605
117.6104,0.5682,2.4525
117.6106,0.5683,2.4496
117.6108,0.642,2.7682
117.6110,0.6096,2.6261
117.6112,0.6582,2.8393
117.6114,0.6028,2.6015
117.6116,0.5634,2.4295
117.6118,0.5747,2.477
117.6120,0.553,2.3879
117.6122,0.4701,2.031
117.6124,0.4679,2.0221
117.6126,0.4523,1.9548
117.6128,0.4488,1.9406
117.6130,0.4571,1.9755
117.6132,0.4634,2.002
117.6134,0.4501,1.9445
117.6136,0.4556,1.9665
117.6138,0.5019,2.1683
117.6140,0.4645,2.0067
117.6142,0.4541,1.9607
117.6144,0.4707,2.0336
117.6146,0.5433,2.3437
117.6148,0.5417,2.3349
117.6150,0.5613,2.4213
117.6152,0.5578,2.4075
117.6154,0.5468,2.3577
117.6156,0.5522,2.3798
117.6158,0.5528,2.3835
117.6160,0.557,2.4038
117.6162,0.559,2.4115
117.6164,0.5542,2.3897
117.6166,0.5624,2.4226
117.6168,0.5958,2.5667
117.6170,0.6612,2.8456
117.6172,0.668,2.8737
117.6174,0.7082,3.0451
117.6176,0.7204,3.0991
117.6178,0.668,2.879
117.6180,0.6248,2.6892
117.6182,0.6772,2.9175
117.6184,0.6811,2.9299
117.6186,0.7242,3.1156
117.6188,0.6692,2.8775
117.6190,0.6878,2.9588
117.6192,0.6681,2.8822
117.6194,0.553,2.3856
117.6196,0.5303,2.2868
117.6198,0.5332,2.3014
117.6200,0.5354,2.3096
117.6202,0.5295,2.2832
117.6204,0.5344,2.3065
117.6206,0.5359,2.3106
117.6208,0.5856,2.5228
117.6210,0.6362,2.7395
117.6212,0.6609,2.8419
117.6214,0.7681,3.2983
117.6216,0.8073,3.4747
117.6218,0.6728,2.9011
117.6220,0.5114,2.2092
117.6222,0.4878,2.1043
117.6224,0.4869,2.0997
117.6226,0.5029,2.1684
117.6228,0.5489,2.3692
117.6230,0.5627,2.4242
117.6232,0.6025,2.5957
117.6234,0.6305,2.7198
117.6236,0.5255,2.2672
117.6238,0.511,2.2026
117.6240,0.5396,2.3256
117.6242,0.5127,2.2108
117.6244,0.5055,2.1788
117.6246,0.6022,2.5929
117.6248,0.6564,2.8289
117.6250,0.551,2.3747
117.6252,0.543,2.3405
117.6254,0.573,2.4697
117.6256,0.5867,2.524
117.6258,0.6413,2.7625
117.6260,0.5827,2.5139
117.6262,0.5211,2.2491
117.6264,0.4986,2.1508
117.6266,0.4998,2.155
117.6268,0.493,2.127
117.6270,0.4795,2.0695
117.6272,0.4721,2.0374
117.6274,0.4727,2.0391
117.6276,0.4797,2.0677
117.6278,0.5026,2.1684
117.6280,0.4959,2.1414
117.6282,0.5012,2.1602
117.6284,0.5549,2.3895
117.6286,0.5941,2.5583
117.6288,0.6067,2.6101
117.6290,0.653,2.8079
117.6292,0.6428,2.7667
117.6294,0.6733,2.8964
117.6296,0.6363,2.7439
117.6298,0.591,2.5425
117.6300,0.6235,2.6861
117.6302,0.5787,2.494
117.6304,0.5914,2.5453
117.6306,0.7192,3.0868
117.6308,0.8363,3.5879
117.6310,0.8432,3.6172
117.6312,0.8568,3.6758
117.6314,0.8826,3.79
117.6316,0.9149,3.9175
117.6318,1.0133,4.337
117.6320,1.0235,4.3827
117.6322,0.9944,4.2579
117.6324,1.0089,4.32
117.6326,1.0118,4.3323
117.6328,0.9976,4.2758
117.6330,0.968,4.1488
117.6332,0.9797,4.1953
117.6334,1.039,4.4447
117.6336,1.1102,4.7472
117.6338,1.0863,4.6452
117.6340,1.0248,4.3883
117.6342,1.0235,4.3827
117.6344,1.0874,4.6563
117.6346,1.1088,4.7388
117.6348,1.0962,4.7004
117.6350,0.9464,4.062
117.6352,0.897,3.8536
117.6354,0.8263,3.5496
117.6356,0.8194,3.5186
117.6358,0.8271,3.5516
117.6360,0.8482,3.6524
117.6362,0.7619,3.2761
117.6364,0.792,3.4023
117.6366,0.7939,3.4137
117.6368,0.789,3.391
117.6370,0.8011,3.4415
117.6372,0.7968,3.4245
117.6374,0.7658,3.2992
117.6376,0.7353,3.1601
117.6378,0.8221,3.5332
117.6380,0.7531,3.2399
117.6382,0.7719,3.3209
117.6384,0.7573,3.2565
117.6386,0.7518,3.2328
117.6388,0.7531,3.2399
117.6390,0.7638,3.2843
117.6392,0.7984,3.4349
117.6394,0.6938,2.9874
117.6396,0.6362,2.7421
117.6398,0.657,2.8315
117.6400,0.594,2.5626
117.6402,0.5781,2.4914
117.6404,0.576,2.485
117.6406,0.5862,2.5289
117.6408,0.6716,2.8878
117.6410,0.7453,3.2064
117.6412,0.7399,3.1847
117.6414,0.748,3.2148
117.6416,0.7173,3.0871
117.6418,0.6383,2.7522
117.6420,0.5933,2.5559
117.6422,0.6386,2.7499
117.6424,0.6701,2.8843
117.6426,0.7288,3.1381
117.6428,0.6626,2.8531
117.6430,0.6511,2.8036
117.6432,0.6097,2.6303
117.6434,0.5633,2.4301
117.6436,0.5731,2.4725
117.6438,0.5811,2.5044
117.6440,0.5916,2.5463
117.6442,0.6959,2.9953
117.6444,0.6806,2.936
117.6446,0.555,2.3944
117.6448,0.5446,2.3483
117.6450,0.5546,2.3924
117.6452,0.5341,2.3028
117.6454,0.5319,2.2935
117.6456,0.5362,2.3154
117.6458,0.5363,2.3105
117.6460,0.5995,2.5839
117.6462,0.5357,2.3122
117.6464,0.5215,2.2496
117.6466,0.549,2.3664
117.6468,0.5341,2.3039
117.6470,0.5343,2.306
117.6472,0.5163,2.2294
117.6474,0.5183,2.233
117.6476,0.6085,2.6166
117.6478,0.7236,3.113
117.6480,0.7261,3.1268
117.6482,0.6706,2.8837
117.6484,0.7199,3.0956
117.6486,0.7462,3.2085
117.6488,0.7431,3.1951
117.6490,0.746,3.211
117.6492,0.7453,3.2049
117.6494,0.7634,3.2797
117.6496,0.8408,3.6052
117.6498,0.8988,3.8541
117.6500,0.8217,3.5284
117.6502,0.7845,3.3751
117.6504,0.7212,3.1042
117.6506,0.7,3.0114
117.6508,0.7223,3.103
117.6510,0.7939,3.4121
117.6512,0.8133,3.4924
117.6514,0.8525,3.6607
117.6516,0.8234,3.5406
117.6518,0.7637,3.2823
117.6520,0.7674,3.2967
117.6522,0.7793,3.3524
117.6524,0.7273,3.1348
117.6526,0.6456,2.7798
117.6528,0.6341,2.729
117.6530,0.6428,2.7679
117.6532,0.6366,2.7411
117.6534,0.627,2.701
117.6536,0.6299,2.7134
117.6538,0.6542,2.8209
117.6540,0.5707,2.4576
117.6542,0.7145,3.0695
117.6544,0.7823,3.3622
117.6546,0.7678,3.2998
117.6548,0.7574,3.254
117.6550,0.6907,2.9795
117.6552,0.5624,2.426
117.6554,0.5433,2.3437
117.6556,0.5417,2.3359
117.6558,0.5351,2.3064
117.6560,0.5741,2.4709
117.6562,0.6201,2.6741
117.6564,0.5837,2.5157
117.6566,0.5972,2.5741
117.6568,0.6178,2.6625
117.6570,0.5922,2.5489
117.6572,0.6572,2.8286
117.6574,0.6829,2.9363
117.6576,0.7745,3.3271
117.6578,0.7409,3.1873
117.6580,0.6559,2.8242
117.6582,0.6514,2.8025
117.6584,0.7074,3.0448
117.6586,0.6969,3.0008
117.6588,0.5977,2.5762
117.6590,0.5727,2.4693
117.6592,0.5881,2.5325
117.6594,0.5963,2.5676
117.6596,0.6195,2.6727
117.6598,0.5146,2.2191
117.6600,0.501,2.1622
117.6602,0.4907,2.1186
117.6604,0.4873,2.1041
117.6606,0.4878,2.1043
117.6608,0.5131,2.2113
117.6610,0.5766,2.4852
117.6612,0.5309,2.2926
117.6614,0.4982,2.1463
117.6616,0.5585,2.4039
117.6618,0.5951,2.5636
117.6620,0.601,2.5889
117.6622,0.5841,2.5161
117.6624,0.5448,2.3505
117.6626,0.5047,2.1752
117.6628,0.5272,2.2713
117.6630,0.5982,2.5735
117.6632,0.7415,3.184
117.6634,0.7801,3.3498
117.6636,0.7464,3.211
117.6638,0.7073,3.0401
117.6640,0.8018,3.4429
117.6642,0.8522,3.6626
117.6644,0.8091,3.4727
117.6646,0.8339,3.5826
117.6648,0.7903,3.3967
117.6650,0.7929,3.4001
117.6652,0.9253,3.9659
117.6654,0.9342,4.0114
117.6656,0.8613,3.6966
117.6658,0.9028,3.8729
117.6660,0.8421,3.6159
117.6662,0.8584,3.6842
117.6664,0.9044,3.8764
117.6666,0.9213,3.9489
117.6668,0.9873,4.2335
117.6670,0.9651,4.1346
117.6672,0.9974,4.2767
117.6674,0.953,4.0903
117.6676,0.9034,3.8772
117.6678,0.9124,3.9158
117.6680,0.9237,3.9629
117.6682,0.9441,4.0465
117.6684,0.9984,4.2833
117.6686,0.9667,4.1451
117.6688,0.9749,4.1786
117.6690,0.9544,4.0984
117.6692,0.9783,4.193
117.6694,0.9832,4.218
117.6696,0.8734,3.7521
117.6698,0.8475,3.6408
117.6700,0.869,3.7313
117.6702,0.8757,3.7619
117.6704,0.8628,3.7067
117.6706,0.8354,3.5871
117.6708,0.8494,3.6473
117.6710,0.8824,3.7889
117.6712,0.9085,3.8939
117.6714,1.0269,4.397
117.6716,1.0901,4.6698
117.6718,1.0618,4.5528
117.6720,0.996,4.2691
117.6722,0.9999,4.2875
117.6724,0.9902,4.2518
117.6726,0.846,3.638
117.6728,0.8312,3.5757
117.6730,0.8373,3.5987
117.6732,0.8275,3.5548
117.6734,0.8747,3.7595
117.6736,0.8937,3.8373
117.6738,0.9031,3.878
117.6740,0.8842,3.802
117.6742,0.865,3.7108
117.6744,1.085,4.6504
117.6746,1.0838,4.6409
117.6748,1.0525,4.5111
117.6750,1.0353,4.435
117.6752,1.1059,4.731
117.6754,1.0728,4.6108
117.6756,0.8273,3.5559
117.6758,0.836,3.5964
117.6760,0.8565,3.6829
117.6762,0.8463,3.6374
117.6764,0.8381,3.6057
117.6766,0.8363,3.5962
117.6768,0.8277,3.5591
117.6770,0.804,3.4522
117.6772,0.8867,3.8093
117.6774,0.9757,4.1876
117.6776,1.0187,4.3703
117.6778,1.0544,4.5151
117.6780,1.1302,4.8351
117.6782,1.1867,5.0814
117.6784,1.1821,5.0572
117.6786,1.2221,5.2305
117.6788,1.1905,5.0955
117.6790,1.2182,5.2116
117.6792,1.2452,5.327
117.6794,1.1706,5.015
117.6796,1.1743,5.0239
117.6798,1.2047,5.1488
117.6800,1.2199,5.2163
117.6802,1.2401,5.3074
117.6804,1.2506,5.3501
117.6806,1.2144,5.1976
117.6808,1.1999,5.1331
117.6810,1.2644,5.4066
117.6812,1.2848,5.4963
117.6814,1.2095,5.1887
117.6816,1.1323,4.8529
117.6818,1.1584,4.9626
117.6820,1.158,4.9819
117.6822,0.885,3.8127
117.6824,0.821,3.5368
117.6826,0.8634,3.7007
117.6828,1.1345,4.8581
117.6830,1.1897,5.0895
117.6832,1.2265,5.2544
117.6834,1.2296,5.2653
117.6836,1.217,5.2113
117.6838,1.2025,5.1612
117.6840,1.1258,4.8229
117.6842,1.2049,5.1571
117.6844,1.2101,5.1816
117.6846,1.2192,5.2255
117.6848,1.2112,5.1886
117.6850,1.212,5.1971
117.6852,1.1777,5.05
117.6854,1.1618,4.977
117.6856,1.1642,4.9989
117.6858,1.063,4.5601
117.6860,1.0835,4.648
117.6862,1.1318,4.8599
117.6864,1.1016,4.7257
117.6866,1.0932,4.6941
117.6868,1.0643,4.587
117.6870,0.8528,3.6771
117.6872,0.7841,3.3746
117.6874,0.8606,3.7021
117.6876,0.9095,3.9162
117.6878,0.9025,3.8827
117.6880,0.916,3.9441
117.6882,0.8765,3.7742
117.6884,0.8495,3.653
117.6886,0.9185,3.9476
117.6888,0.9725,4.1859
117.6890,0.9006,3.8816
117.6892,0.7833,3.3793
117.6894,0.7767,3.3478
117.6896,0.7994,3.4454
117.6898,0.6827,2.944
117.6900,0.739,3.1909
117.6902,0.6901,2.9769
117.6904,0.7642,3.2996
117.6906,0.7576,3.2742
117.6908,0.6016,2.6012
117.6910,0.5588,2.4149
117.6912,0.5511,2.3818
117.6914,0.5662,2.4482
117.6916,0.5427,2.3455
117.6918,0.5499,2.3766
117.6920,0.5707,2.4691
117.6922,0.5654,2.4434
117.6924,0.5668,2.4508
117.6926,0.5848,2.5286
117.6928,0.5737,2.4797
117.6930,0.5913,2.5542
117.6932,0.5597,2.4191
117.6934,0.5627,2.432
117.6936,0.5478,2.3667
117.6938,0.599,2.5867
117.6940,0.6026,2.6058
117.6942,0.5446,2.3538
117.6944,0.529,2.2854
117.6946,0.5368,2.319
117.6948,0.5241,2.2652
117.6950,0.5311,2.2963
117.6952,0.5293,2.2875
117.6954,0.5428,2.3449
117.6956,0.5378,2.32
117.6958,0.5875,2.5358
117.6960,0.6386,2.7575
117.6962,0.6283,2.7105
117.6964,0.6889,2.9593
117.6966,0.8145,3.5138
117.6968,0.6962,2.9977
117.6970,0.7844,3.3761
117.6972,0.7909,3.4024
117.6974,0.7974,3.4335
117.6976,0.776,3.3416
117.6978,0.9035,3.8778
117.6980,0.9886,4.2451
117.6982,0.9669,4.1519
117.6984,0.9531,4.0946
117.6986,0.9477,4.0733
117.6988,0.9794,4.1957
117.6990,1.1421,4.8973
117.6992,1.1062,4.748
117.6994,1.0619,4.5491
117.6996,1.1119,4.7611
117.6998,1.1234,4.8171
117.7000,1.0823,4.6429
117.7002,1.103,4.7319
117.7004,1.1139,4.772
117.7006,1.1505,4.9287
117.7008,1.1283,4.8382
117.7010,1.1299,4.8426
117.7012,1.1199,4.8067
117.7014,0.9903,4.2563
117.7016,0.9251,3.9759
117.7018,1.0028,4.2979
117.7020,1.1305,4.8474
117.7022,1.0866,4.6679
117.7024,1.0657,4.5677
117.7026,1.1781,5.0468
117.7028,1.1083,4.7545
117.7030,1.1006,4.7194
117.7032,1.1047,4.7369
117.7034,1.056,4.5345
117.7036,1.0396,4.466
117.7038,1.0122,4.3506
117.7040,0.9523,4.0948
117.7042,0.9711,4.1641
117.7044,1.052,4.5175
117.7046,0.9779,4.211
117.7048,0.8416,3.6274
117.7050,0.7994,3.4454
117.7052,0.8127,3.5012
117.7054,0.8313,3.5796
117.7056,0.8492,3.6531
117.7058,0.8626,3.7109
117.7060,0.8355,3.5993
117.7062,0.8044,3.4671
117.7064,0.8137,3.5021
117.7066,0.83,3.5756
117.7068,0.782,3.3736
117.7070,0.7526,3.2424
117.7072,0.8195,3.5273
117.7074,0.764,3.2899
117.7076,0.7895,3.3962
117.7078,0.8873,3.8154
117.7080,0.9317,4.0061
117.7082,0.8972,3.86
117.7084,0.876,3.7722
117.7086,0.8855,3.8076
117.7088,0.9089,3.9064
117.7090,0.9624,4.1304
117.7092,1.0267,4.4109
117.7094,0.955,4.1105
117.7096,0.9134,3.9259
117.7098,1.0126,4.3461
117.7100,1.1077,4.7475
117.7102,1.1743,5.0286
117.7104,1.2586,5.387
117.7106,1.2155,5.2168
117.7108,1.0495,4.513
117.7110,0.949,4.0885
117.7112,0.8019,3.4595
117.7114,0.7782,3.354
117.7116,0.7566,3.2594
117.7118,0.7767,3.3478
117.7120,0.8025,3.4541
117.7122,0.855,3.6818
117.7124,0.7704,3.3235
117.7126,0.6983,3.0126
117.7128,0.749,3.2314
117.7130,0.7339,3.1633
117.7132,0.7444,3.2082
117.7134,0.7338,3.1539
117.7136,0.9162,3.9378
117.7138,0.9356,4.0269
117.7140,0.8384,3.6134
117.7142,0.8381,3.6124
117.7144,0.8353,3.5966
117.7146,0.839,3.6093
117.7148,0.8389,3.6104
117.7150,0.8403,3.6133
117.7152,0.9627,4.1358
117.7154,0.9672,4.1568
117.7156,0.8871,3.8214
117.7158,0.8325,3.5881
117.7160,0.814,3.5069
117.7162,0.8124,3.498
117.7164,0.8368,3.6
117.7166,0.8909,3.8362
117.7168,0.8674,3.7246
117.7170,0.976,4.1911
117.7172,0.9287,4.0007
117.7174,0.8409,3.6242
117.7176,0.8249,3.5522
117.7178,0.83,3.5722
117.7180,0.8163,3.5167
117.7182,0.8213,3.5351
117.7184,0.8164,3.5139
117.7186,0.8257,3.557
117.7188,0.8243,3.5546
117.7190,0.7964,3.4325
117.7192,0.7664,3.3049
117.7194,0.7438,3.2071
117.7196,0.7444,3.2112
117.7198,0.7136,3.0768
117.7200,0.7309,3.1504
117.7202,0.7746,3.3385
117.7204,0.7887,3.3994
117.7206,0.8058,3.4777
117.7208,0.6687,2.8875
117.7210,0.676,2.9123
117.7212,0.7938,3.418
117.7214,0.8752,3.7686
117.7216,0.7831,3.372
117.7218,0.7681,3.3106
117.7220,0.7722,3.3281
117.7222,0.815,3.5061
117.7224,0.8655,3.725
117.7226,0.8752,3.7615
117.7228,0.9618,4.1356
117.7230,0.9065,3.9033
117.7232,0.7709,3.3194
117.7234,0.8534,3.6763
117.7236,0.8548,3.691
117.7238,0.6919,2.9846
117.7240,0.6848,2.9473
117.7242,0.7951,3.4252
117.7244,0.7837,3.3762
117.7246,0.8359,3.5959
117.7248,0.888,3.8238
117.7250,0.8168,3.5171
117.7252,0.795,3.4295
117.7254,0.7652,3.2982
117.7256,0.803,3.4642
117.7258,0.6966,3.0067
117.7260,0.6407,2.7651
117.7262,0.6422,2.7705
117.7264,0.6857,2.9555
117.7266,0.7568,3.2635
117.7268,0.7122,3.0683
117.7270,0.6783,2.9248
117.7272,0.6994,3.0186
117.7274,0.7293,3.1402
117.7276,0.7661,3.3002
117.7278,0.7217,3.1106
117.7280,0.7086,3.05
117.7282,0.7716,3.3255
117.7284,0.7457,3.2124
117.7286,0.7576,3.2666
117.7288,0.733,3.1577
117.7290,0.7332,3.1558
117.7292,0.7596,3.2723
117.7294,0.7895,3.3947
117.7296,0.8429,3.628
117.7298,0.8645,3.7174
117.7300,0.9534,4.0957
117.7302,0.9583,4.1168
117.7304,0.9784,4.2053
117.7306,0.9706,4.1679
117.7308,0.983,4.219
117.7310,0.9782,4.2023
117.7312,0.9806,4.2165
117.7314,0.9672,4.151
117.7316,1.0336,4.4382
117.7318,1.0399,4.4592
117.7320,1.109,4.7576
117.7322,1.0761,4.6081
117.7324,1.1645,4.9911
117.7326,1.1048,4.744
117.7328,1.0109,4.3429
117.7330,1.0363,4.45
117.7332,1.0585,4.5389
117.7334,1.0698,4.598
117.7336,1.0212,4.3892
117.7338,0.9636,4.1356
117.7340,1.0013,4.3017
117.7342,0.997,4.2871
117.7344,1.0019,4.3063
117.7346,1.0318,4.4305
117.7348,0.9994,4.2955
117.7350,1.044,4.4872
117.7352,0.9874,4.236
117.7354,1.0487,4.4968
117.7356,1.0952,4.6985
117.7358,1.048,4.5084
117.7360,0.9468,4.0768
117.7362,0.8498,3.6591
117.7364,0.7935,3.4185
117.7366,0.8284,3.5688
117.7368,0.7925,3.4139
117.7370,0.7574,3.2615
117.7372,0.7633,3.2899
117.7374,0.7179,3.1041
117.7376,0.5811,2.5137
117.7378,0.562,2.4301
117.7380,0.5903,2.5453
117.7382,0.6817,2.9393
117.7384,0.6976,3.0095
117.7386,0.6628,2.8595
117.7388,0.6907,2.9781
117.7390,0.6989,3.0166
117.7392,0.7308,3.1528
117.7394,0.6984,3.0131
117.7396,0.6578,2.8377
117.7398,0.6634,2.8567
117.7400,0.7428,3.2045
117.7402,0.6825,2.9484
117.7404,0.5831,2.5178
117.7406,0.5803,2.5082
117.7408,0.5789,2.502
117.7410,0.5869,2.5356
117.7412,0.5913,2.5507
117.7414,0.6164,2.6617
117.7416,0.5842,2.526
117.7418,0.5023,2.1719
117.7420,0.5253,2.2662
117.7422,0.6831,2.9414
117.7424,0.7402,3.1901
117.7426,0.7687,3.3116
117.7428,0.7778,3.3509
117.7430,0.7705,3.3178
117.7432,0.7109,3.0584
117.7434,0.8018,3.4542
117.7436,0.7532,3.245
117.7438,0.733,3.1591
117.7440,0.6868,2.9615
117.7442,0.6689,2.8858
117.7444,0.66,2.8471
117.7446,0.6745,2.9083
117.7448,0.6909,2.9805
117.7450,0.6796,2.9319
117.7452,0.6204,2.6776
117.7454,0.5609,2.4209
117.7456,0.5489,2.3714
117.7458,0.5544,2.3952
117.7460,0.5344,2.3097
117.7462,0.5175,2.2367
117.7464,0.5143,2.2217
117.7466,0.559,2.4082
117.7468,0.7048,3.0349
117.7470,0.6833,2.9452
117.7472,0.666,2.8716
117.7474,0.7143,3.0771
117.7476,0.769,3.3111
117.7478,0.7715,3.3189
117.7480,0.7779,3.3405
117.7482,0.9259,3.9795
117.7484,0.8854,3.8054
117.7486,0.9014,3.8744
117.7488,0.923,3.9672
117.7490,0.891,3.8367
117.7492,0.8254,3.5526
117.7494,0.7649,3.2951
117.7496,0.7225,3.1142
117.7498,0.7646,3.2879
117.7500,0.8366,3.5956
117.7502,0.8175,3.5202
117.7504,0.7754,3.339
117.7506,0.7904,3.3972
117.7508,0.762,3.2873
117.7510,0.6603,2.8499
117.7512,0.6362,2.7421
117.7514,0.6436,2.7754
117.7516,0.6351,2.7387
117.7518,0.6776,2.9204
117.7520,0.6263,2.7055
117.7522,0.5636,2.4345
117.7524,0.5534,2.3883
117.7526,0.5504,2.3765
117.7528,0.562,2.4199
117.7530,0.6844,2.9485
117.7532,0.7007,3.0173
117.7534,0.732,3.1477
117.7536,0.7574,3.263
117.7538,0.7301,3.1467
117.7540,0.7209,3.1069
117.7542,0.6459,2.7865
117.7544,0.6079,2.6226
117.7546,0.5929,2.5567
117.7548,0.5933,2.5571
117.7550,0.6017,2.5993
117.7552,0.5025,2.1739
117.7554,0.4667,2.0169
117.7556,0.4627,1.9998
117.7558,0.4759,2.0588
117.7560,0.4574,1.9761
117.7562,0.4627,1.9998
117.7564,0.5012,2.1622
117.7566,0.571,2.4632
117.7568,0.5404,2.3335
117.7570,0.4904,2.1137
117.7572,0.6186,2.6711
117.7574,0.5813,2.5077
117.7576,0.5799,2.5015
117.7578,0.5903,2.5465
117.7580,0.5942,2.5624
117.7582,0.6186,2.6686
117.7584,0.6126,2.6403
117.7586,0.6023,2.5994
117.7588,0.5832,2.5172
117.7590,0.5745,2.4759
117.7592,0.5871,2.5337
117.7594,0.5777,2.4934
117.7596,0.5784,2.493
117.7598,0.6272,2.7058
117.7600,0.5823,2.5107
117.7602,0.5814,2.5071
117.7604,0.5801,2.5026
117.7606,0.5847,2.5222
117.7608,0.5895,2.5429
117.7610,0.5739,2.4734
117.7612,0.6071,2.6129
117.7614,0.6956,2.9951
117.7616,0.6404,2.7615
117.7618,0.6064,2.6122
117.7620,0.6724,2.8968
117.7622,0.6814,2.9342
117.7624,0.7374,3.1679
117.7626,0.8445,3.6296
117.7628,0.8652,3.7084
117.7630,0.9721,4.1663
117.7632,1.0049,4.3091
117.7634,0.986,4.2259
117.7636,1.0104,4.3348
117.7638,1.0023,4.2938
117.7640,1.1459,4.8885
117.7642,1.3016,5.5603
117.7644,1.2662,5.4143
117.7646,1.2402,5.3005
117.7648,1.1925,5.1013
117.7650,1.1901,5.0982
117.7652,1.1688,5.0026
117.7654,1.1433,4.8933
117.7656,1.1831,5.0589
117.7658,1.2204,5.216
117.7660,1.2036,5.1587
117.7662,1.0715,4.588
117.7664,1.1148,4.7823
117.7666,1.0865,4.6544
117.7668,1.1155,4.7876
117.7670,0.9959,4.2646
117.7672,1.0698,4.5894
117.7674,1.0492,4.4904
117.7676,1.1385,4.8796
117.7678,1.1777,5.0453
117.7680,1.219,5.2171
117.7682,1.1893,5.0904
117.7684,1.2174,5.2105
117.7686,1.2502,5.3486
117.7688,1.2359,5.2845
117.7690,1.1397,4.8939
117.7692,0.9393,4.041
117.7694,0.9095,3.9035
117.7696,0.9675,4.1603
117.7698,0.9037,3.8842
117.7700,0.9437,4.0502
117.7702,0.9276,3.9923
117.7704,0.8305,3.5776
117.7706,0.7752,3.3364
117.7708,0.7679,3.3111
117.7710,0.7157,3.0847
117.7712,0.6767,2.9195
117.7714,0.6784,2.924
117.7716,0.6857,2.9555
117.7718,0.6915,2.9831
117.7720,0.6598,2.8439
117.7722,0.6514,2.809
117.7724,0.7044,3.0319
117.7726,0.7907,3.4061
117.7728,0.7806,3.3581
117.7730,0.8221,3.5365
117.7732,0.8314,3.5818
117.7734,0.7596,3.2708
117.7736,0.7513,3.2352
117.7738,0.7571,3.2615
117.7740,0.7396,3.189
117.7742,0.7054,3.0417
117.7744,0.6104,2.6371
117.7746,0.5598,2.4185
117.7748,0.5624,2.426
117.7750,0.6073,2.6188
117.7752,0.6157,2.6574
117.7754,0.5989,2.5838
117.7756,0.6008,2.5956
117.7758,0.6066,2.6205
117.7760,0.5966,2.5727
117.7762,0.7252,3.1197
117.7764,0.8046,3.4628
117.7766,0.8131,3.4995
117.7768,0.7684,3.3085
117.7770,0.7112,3.0622
117.7772,0.7124,3.0731
117.7774,0.6419,2.7728
117.7776,0.6065,2.6164
117.7778,0.6076,2.6222
117.7780,0.5993,2.5853
117.7782,0.6082,2.6248
117.7784,0.6397,2.7545
117.7786,0.7017,3.0257
117.7788,0.6258,2.6996
117.7790,0.5969,2.5738
117.7792,0.6142,2.6507
117.7794,0.6083,2.618
117.7796,0.7802,3.3581
117.7798,0.7285,3.1356
117.7800,0.7259,3.1257
117.7802,0.7249,3.1202
117.7804,0.8017,3.4521
117.7806,0.8155,3.5049
117.7808,0.8944,3.8369
117.7810,0.9512,4.0864
117.7812,0.9086,3.9053
117.7814,0.8353,3.5966
117.7816,0.754,3.2466
117.7818,0.7212,3.1056
117.7820,0.7248,3.124
117.7822,0.8383,3.6011
117.7824,0.9047,3.8847
117.7826,0.9336,4.0125
117.7828,0.9221,3.9575
117.7830,0.882,3.798
117.7832,0.8163,3.5118
117.7834,0.8372,3.5999
117.7836,0.8679,3.7284
117.7838,0.9472,4.0675
117.7840,1.0023,4.3018
117.7842,0.932,4.0021
117.7844,0.936,4.0247
117.7846,0.8285,3.5644
117.7848,0.8313,3.5713
117.7850,0.8546,3.6746
117.7852,0.8367,3.5978
117.7854,0.8698,3.7366
117.7856,0.8517,3.6639
117.7858,0.8444,3.6223
117.7860,0.9719,4.1677
117.7862,1.0574,4.5364
117.7864,0.9566,4.1153
117.7866,0.8645,3.7191
117.7868,0.823,3.5456
117.7870,0.8162,3.508
117.7872,0.8441,3.6365
117.7874,0.7152,3.0812
117.7876,0.7146,3.0758
117.7878,0.8235,3.5378
117.7880,0.9097,3.9082
117.7882,0.9209,3.9689
117.7884,0.7544,3.2486
117.7886,0.779,3.3514
117.7888,0.8038,3.4565
117.7890,0.7602,3.2795
117.7892,0.6654,2.869
117.7894,0.6496,2.8026
117.7896,0.6148,2.6496
117.7898,0.6645,2.868
117.7900,0.6463,2.7881
117.7902,0.6645,2.8614
117.7904,0.6988,3.0119
117.7906,0.6626,2.8545
117.7908,0.677,2.9178
117.7910,0.6661,2.8734
117.7912,0.5983,2.5824
117.7914,0.557,2.4061
117.7916,0.5481,2.3677
117.7918,0.5359,2.3128
117.7920,0.5426,2.3428
117.7922,0.547,2.3631
117.7924,0.5856,2.5252
117.7926,0.6465,2.7865
117.7928,0.6086,2.6293
117.7930,0.5495,2.3728
117.7932,0.5681,2.452
117.7934,0.5511,2.3785
117.7936,0.5552,2.395
117.7938,0.5495,2.3706
117.7940,0.5501,2.3765
117.7942,0.5379,2.3226
117.7944,0.555,2.3956
117.7946,0.551,2.3769
117.7948,0.6223,2.6834
117.7950,0.635,2.7369
117.7952,0.6504,2.8005
117.7954,0.6452,2.7796
117.7956,0.7119,3.0653
117.7958,0.7396,3.1787
117.7960,0.7686,3.3065
117.7962,0.7987,3.4344
117.7964,0.8313,3.5713
117.7966,0.836,3.5947
117.7968,0.8661,3.7172
117.7970,0.9994,4.2815
117.7972,1.0367,4.4433
117.7974,1.0393,4.4567
117.7976,1.0097,4.3277
117.7978,1.007,4.3219
117.7980,1.0136,4.3502
117.7982,0.9983,4.2828
117.7984,0.9681,4.1493
117.7986,1.0064,4.3173
117.7988,1.0062,4.3148
117.7990,1.0321,4.4279
117.7992,1.0037,4.302
117.7994,1.017,4.3692
117.7996,1.0059,4.3132
117.7998,1.08,4.6331
117.8000,0.9968,4.2761
117.8002,1.0125,4.3415
117.8004,1.0654,4.564
117.8006,1.0824,4.6477
117.8008,0.935,4.0187
117.8010,0.8931,3.8437
117.8012,0.8127,3.4963
117.8014,0.8601,3.6932
117.8016,0.8823,3.7955
117.8018,0.8148,3.5083
117.8020,0.7578,3.2646
117.8022,0.6968,3.0031
117.8024,0.7391,3.1811
117.8026,0.7878,3.3906
117.8028,0.8225,3.5419
117.8030,0.779,3.3545
117.8032,0.7863,3.3812
117.8034,0.8307,3.5654
117.8036,0.8896,3.8287
117.8038,0.7782,3.3462
117.8040,0.8145,3.5106
117.8042,0.7684,3.3085
117.8044,0.7604,3.276
117.8046,0.677,2.9178
117.8048,0.6855,2.949
117.8050,0.7765,3.3405
117.8052,0.8337,3.5832
117.8054,0.915,3.9326
117.8056,0.9059,3.8953
117.8058,0.8771,3.7733
117.8060,0.768,3.3131
117.8062,0.6504,2.8031
117.8064,0.7209,3.1041
117.8066,0.7423,3.192
117.8068,0.846,3.6397
117.8070,0.7968,3.4277
117.8072,0.7246,3.1244
117.8074,0.6941,2.9903
117.8076,0.7299,3.1442
117.8078,0.695,2.9967
117.8080,0.6839,2.9464
117.8082,0.7583,3.2697
117.8084,0.6657,2.8719
117.8086,0.6043,2.607
117.8088,0.5957,2.5698
117.8090,0.6739,2.9017
117.8092,0.7844,3.3746
117.8094,0.8104,3.493
117.8096,0.6814,2.9369
117.8098,0.6242,2.6929
117.8100,0.6113,2.637
117.8102,0.607,2.6148
117.8104,0.7026,3.0298
117.8106,0.6552,2.8264
117.8108,0.6302,2.7175
117.8110,0.6311,2.7186
117.8112,0.6308,2.7201
117.8114,0.6071,2.6201
117.8116,0.5324,2.2988
117.8118,0.501,2.1652
117.8120,0.5044,2.1792
117.8122,0.5287,2.2785
117.8124,0.6796,2.9237
117.8126,0.7676,3.3085
117.8128,0.6566,2.8313
117.8130,0.6451,2.7803
117.8132,0.6427,2.77
117.8134,0.6745,2.9056
117.8136,0.7193,3.0988
117.8138,0.735,3.162
117.8140,0.8144,3.5035
117.8142,0.817,3.5132
117.8144,0.8387,3.6032
117.8146,0.8265,3.5639
117.8148,0.6172,2.6599
117.8150,0.58,2.502
117.8152,0.6083,2.6253
117.8154,0.6402,2.7579
117.8156,0.63,2.7152
117.8158,0.6512,2.808
117.8160,0.6157,2.6562
117.8162,0.6107,2.6332
117.8164,0.6252,2.692
117.8166,0.6675,2.8756
117.8168,0.6703,2.8915
117.8170,0.6243,2.6922
117.8172,0.6079,2.6226
117.8174,0.6048,2.6079
117.8176,0.5944,2.5641
117.8178,0.5833,2.5142
117.8180,0.6028,2.5991
117.8182,0.6186,2.6624
117.8184,0.6675,2.8796
117.8186,0.5965,2.5734
117.8188,0.5438,2.3469
117.8190,0.542,2.3359
117.8192,0.5681,2.4508
117.8194,0.6229,2.6822
117.8196,0.7144,3.0762
117.8198,0.7036,3.0297
117.8200,0.6747,2.9107
117.8202,0.601,2.5938
117.8204,0.5753,2.4819
117.8206,0.5889,2.5403
117.8208,0.5839,2.5191
117.8210,0.5841,2.5208
117.8212,0.5853,2.5178
117.8214,0.6987,3.0071
117.8216,0.6869,2.9621
117.8218,0.6326,2.7253
117.8220,0.63,2.7165
117.8222,0.6231,2.687
117.8224,0.6048,2.6043
117.8226,0.6318,2.7217
117.8228,0.6414,2.7617
117.8230,0.671,2.8906
117.8232,0.6655,2.8682
117.8234,0.6125,2.641
117.8236,0.6686,2.8776
117.8238,0.7195,3.0984
117.8240,0.6451,2.7803
117.8242,0.6094,2.6263
117.8244,0.5948,2.5626
117.8246,0.6305,2.7148
117.8248,0.6667,2.8734
117.8250,0.6663,2.8678
117.8252,0.6818,2.9371
117.8254,0.6574,2.8309
117.8256,0.7044,3.0277
117.8258,0.7428,3.1971
117.8260,0.7032,3.0296
117.8262,0.6851,2.9502
117.8264,0.6812,2.9291
117.8266,0.7642,3.2797
117.8268,0.8459,3.6358
117.8270,0.8253,3.5521
117.8272,0.7915,3.4002
117.8274,0.8221,3.5332
117.8276,0.8296,3.5624
117.8278,0.845,3.6283
117.8280,0.8727,3.7472
117.8282,0.879,3.778
117.8284,0.9179,3.9358
117.8286,0.9779,4.1934
117.8288,0.951,4.0815
117.8290,0.9522,4.0848
117.8292,0.9474,4.0604
117.8294,0.9618,4.1259
117.8296,0.9761,4.1896
117.8298,1.0133,4.3431
117.8300,1.0176,4.3616
117.8302,0.9945,4.2684
117.8304,0.8938,3.8379
117.8306,0.9133,3.9181
117.8308,0.9411,4.0412
117.8310,0.8963,3.8487
117.8312,0.896,3.8476
117.8314,0.9136,3.9228
117.8316,0.9839,4.2191
117.8318,1.0252,4.3981
117.8320,0.9421,4.0416
117.8322,0.9729,4.1738
117.8324,1.0028,4.2958
117.8326,1.0884,4.6561
117.8328,1.1797,5.0446
117.8330,1.2176,5.2115
117.8332,1.1779,5.0416
117.8334,1.141,4.8858
117.8336,1.0913,4.6684
117.8338,1.179,5.0392
117.8340,1.186,5.0855
117.8342,1.0634,4.5621
117.8344,1.0157,4.3574
117.8346,1.0308,4.4181
117.8348,1.0483,4.4952
117.8350,1.0308,4.4202
117.8352,1.0068,4.3214
117.8354,0.9529,4.0955
117.8356,0.9644,4.1353
117.8358,0.9868,4.2394
117.8360,0.9877,4.2449
117.8362,0.9783,4.1969
117.8364,0.9812,4.2171
117.8366,0.898,3.8577
117.8368,0.9305,3.9991
117.8370,0.8862,3.8107
117.8372,0.8784,3.7825
117.8374,0.8745,3.7567
117.8376,0.93,3.9971
117.8378,0.9088,3.904
117.8380,0.8999,3.8731
117.8382,0.8056,3.4691
117.8384,0.7384,3.1794
117.8386,0.727,3.1333
117.8388,0.7053,3.044
117.8390,0.6675,2.8756
117.8392,0.7731,3.3276
117.8394,0.7872,3.3896
117.8396,0.7448,3.2088
117.8398,0.7763,3.3395
117.8400,0.8222,3.5371
117.8402,0.8078,3.4687
117.8404,0.9419,4.0481
117.8406,0.9016,3.8767
117.8408,0.8221,3.5398
117.8410,0.7931,3.4149
117.8412,0.7419,3.1944
117.8414,0.718,3.0917
117.8416,0.7034,3.0287
117.8418,0.693,2.9898
117.8420,0.6368,2.751
117.8422,0.5916,2.5534
117.8424,0.6387,2.7504
117.8426,0.771,3.3183
117.8428,0.7844,3.3761
117.8430,0.7701,3.3147
117.8432,0.8052,3.4638
117.8434,0.8363,3.6013
117.8436,0.733,3.1591
117.8438,0.7167,3.0874
117.8440,0.7598,3.2719
117.8442,0.7301,3.1467
117.8444,0.7106,3.0597
117.8446,0.7359,3.1715
117.8448,0.7419,3.1914
117.8450,0.8019,3.4499
117.8452,0.8303,3.5738
117.8454,0.7983,3.4328
117.8456,0.8642,3.7124
117.8458,0.9204,3.954
117.8460,0.9076,3.9025
117.8462,0.8674,3.7263
117.8464,0.8928,3.8355
117.8466,0.9199,3.9519
117.8468,0.962,4.1308
117.8470,0.9747,4.1776
117.8472,1.116,4.7741
117.8474,1.2525,5.3558
117.8476,1.2374,5.3011
117.8478,1.1371,4.8712
117.8480,1.1178,4.7952
117.8482,1.058,4.5496
117.8484,0.9908,4.2544
117.8486,0.9914,4.257
117.8488,0.9243,3.9728
117.8490,0.9373,4.0191
117.8492,1.0007,4.2971
117.8494,0.9723,4.179
117.8496,0.8465,3.6485
117.8498,0.8026,3.4546
117.8500,0.8266,3.5578
117.8502,0.8174,3.5164
117.8504,0.7934,3.418
117.8506,0.7865,3.3833
117.8508,0.8095,3.4824
117.8510,0.7947,3.4221
117.8512,0.8331,3.589
117.8514,0.7854,3.3865
117.8516,0.7357,3.1696
117.8518,0.7541,3.2516
117.8520,0.7228,3.1167
117.8522,0.7145,3.0753
117.8524,0.7886,3.3879
117.8526,0.8715,3.7543
117.8528,0.8054,3.4648
117.8530,0.8573,3.6882
117.8532,0.8597,3.7019
117.8534,0.8116,3.4998
117.8536,0.7318,3.154
117.8538,0.7579,3.2575
117.8540,0.9139,3.9317
117.8542,0.7905,3.4072
117.8544,0.789,3.4005
117.8546,0.7824,3.3705
117.8548,0.7721,3.3214
117.8550,0.8799,3.7852
117.8552,0.8913,3.8342
117.8554,0.8167,3.515
117.8556,0.7562,3.2518
117.8558,0.848,3.6463
117.8560,0.9007,3.8785
117.8562,0.8079,3.4837
117.8564,0.67,2.8918
117.8566,0.6306,2.7203
117.8568,0.6281,2.712
117.8570,0.6499,2.8023
117.8572,0.6472,2.7896
117.8574,0.6558,2.8276
117.8576,0.6925,2.99
117.8578,0.6239,2.6938
117.8580,0.57,2.4637
117.8582,0.5663,2.4465
117.8584,0.5609,2.4187
117.8586,0.6204,2.6788
117.8588,0.5907,2.5492
117.8590,0.5956,2.5621
117.8592,0.7447,3.2128
117.8594,0.6136,2.6493
117.8596,0.6072,2.6195
117.8598,0.5751,2.4831
117.8600,0.6295,2.7144
117.8602,0.6755,2.9129
117.8604,0.6915,2.9803
117.8606,0.6484,2.7974
117.8608,0.6356,2.7446
117.8610,0.6299,2.7185
117.8612,0.6613,2.8488
117.8614,0.6859,2.9547
117.8616,0.7018,3.022
117.8618,0.8092,3.4797
117.8620,0.8131,3.493
117.8622,0.8325,3.5764
117.8624,0.8253,3.5521
117.8626,0.8249,3.5506
117.8628,0.8359,3.5959
117.8630,0.8428,3.6173
117.8632,0.9308,3.9914
117.8634,1.0259,4.397
117.8636,1.016,4.3625
117.8638,0.9951,4.267
117.8640,1.0908,4.6772
117.8642,1.0583,4.54
117.8644,1.0506,4.5071
117.8646,1.063,4.5558
117.8648,1.0585,4.5411
117.8650,1.0399,4.4655
117.8652,1.0001,4.2945
117.8654,0.9819,4.2143
117.8656,1.0044,4.3131
117.8658,1.0255,4.4058
117.8660,1.0225,4.3867
117.8662,1.0275,4.4017
117.8664,1.0865,4.6609
117.8666,1.0993,4.7093
117.8668,1.0886,4.6658
117.8670,1.1119,4.7633
117.8672,1.1893,5.0927
117.8674,1.159,4.9675
117.8676,1.0637,4.5653
117.8678,0.9733,4.1812
117.8680,0.9637,4.1361
117.8682,0.9396,4.0477
117.8684,0.7785,3.3571
117.8686,0.768,3.3039
117.8688,0.8735,3.7543
117.8690,0.8574,3.6921
117.8692,0.8217,3.5366
117.8694,0.8399,3.61
117.8696,0.8999,3.8677
117.8698,0.8803,3.7872
117.8700,0.8769,3.7758
117.8702,0.8405,3.6177
117.8704,0.8175,3.5235
117.8706,0.7701,3.3193
117.8708,0.7733,3.3281
117.8710,0.7868,3.3849
117.8712,0.8218,3.5355
117.8714,0.8174,3.5246
117.8716,0.7541,3.2486
117.8718,0.8011,3.4479
117.8720,0.8035,3.4598
117.8722,0.7938,3.4211
117.8724,0.7439,3.2047
117.8726,0.7494,3.2299
117.8728,0.6712,2.8957
117.8730,0.6092,2.6331
117.8732,0.555,2.3989
117.8734,0.5486,2.3676
117.8736,0.6246,2.6932
117.8738,0.6498,2.8057
117.8740,0.5672,2.4501
117.8742,0.5608,2.4226
117.8744,0.5652,2.4418
117.8746,0.5615,2.4235
117.8748,0.5775,2.4969
117.8750,0.4866,2.1059
117.8752,0.4976,2.1506
117.8754,0.4754,2.0557
117.8756,0.4624,1.9964
117.8758,0.62,2.6773
117.8760,0.5186,2.2413
117.8762,0.5205,2.2496
117.8764,0.5133,2.2196
117.8766,0.5084,2.1953
117.8768,0.5174,2.2351
117.8770,0.5085,2.1958
117.8772,0.5116,2.2103
117.8774,0.5172,2.2331
117.8776,0.5402,2.3325
117.8778,0.542,2.3402
117.8780,0.5276,2.2781
117.8782,0.5228,2.2584
117.8784,0.523,2.2574
117.8786,0.6486,2.7927
117.8788,0.6652,2.8698
117.8790,0.6296,2.7149
117.8792,0.6612,2.8496
117.8794,0.6373,2.7467
117.8796,0.6308,2.7214
117.8798,0.6398,2.7601
117.8800,0.6908,2.9717
117.8802,0.7939,3.4121
117.8804,0.7947,3.4189
117.8806,0.7802,3.355
117.8808,0.8421,3.6244
117.8810,0.6868,2.9629
117.8812,0.6185,2.6668
117.8814,0.6219,2.6806
117.8816,0.751,3.2306
117.8818,0.7453,3.2153
117.8820,0.6103,2.6341
117.8822,0.6215,2.676
117.8824,0.633,2.7281
117.8826,0.5947,2.5621
117.8828,0.665,2.8648
117.8830,0.7248,3.1225
117.8832,0.7216,3.1057
117.8834,0.7487,3.2253
117.8836,0.641,2.7628
117.8838,0.6086,2.6257
117.8840,0.6161,2.6516
117.8842,0.6633,2.8615
117.8844,0.5499,2.3733
117.8846,0.5532,2.3889
117.8848,0.5399,2.3293
117.8850,0.5241,2.2631
117.8852,0.5279,2.2786
117.8854,0.5263,2.2692
117.8856,0.5914,2.5476
117.8858,0.6589,2.8332
117.8860,0.7211,3.1022
117.8862,0.7432,3.1986
117.8864,0.7752,3.3364
117.8866,0.7663,3.2967
117.8868,0.7414,3.1923
117.8870,0.7043,3.0286
117.8872,0.7126,3.0684
117.8874,0.7175,3.0867
117.8876,0.7493,3.2219
117.8878,0.8127,3.4931
117.8880,0.8389,3.6037
117.8882,0.845,3.6334
117.8884,0.8564,3.6772
117.8886,0.833,3.5835
117.8888,0.7463,3.212
117.8890,0.754,3.2405
117.8892,0.8152,3.5055
117.8894,0.7805,3.3607
117.8896,0.7336,3.1573
117.8898,0.7633,3.2823
117.8900,0.7854,3.3787
117.8902,0.7071,3.0532
117.8904,0.5981,2.5766
117.8906,0.658,2.8309
117.8908,0.6974,3.0057
117.8910,0.6767,2.9168
117.8912,0.6742,2.9059
117.8914,0.6703,2.8862
117.8916,0.6867,2.9569
117.8918,0.68,2.9334
117.8920,0.5765,2.4859
117.8922,0.6002,2.5871
117.8924,0.6308,2.7188
117.8926,0.5843,2.5207
117.8928,0.5632,2.4307
117.8930,0.562,2.4244
117.8932,0.5564,2.4001
117.8934,0.5582,2.4079
117.8936,0.5494,2.369
117.8938,0.5488,2.3664
117.8940,0.5758,2.4828
117.8942,0.5748,2.4798
117.8944,0.5776,2.4917
117.8946,0.6095,2.6244
117.8948,0.6511,2.8036
117.8950,0.6506,2.8028
117.8952,0.6869,2.9524
117.8954,0.7853,3.3813
117.8956,0.6941,2.9861
117.8958,0.7608,3.2669
117.8960,0.8396,3.6102
117.8962,0.8098,3.4823
117.8964,0.8101,3.4801
117.8966,0.8091,3.4776
117.8968,0.8411,3.6101
117.8970,0.904,3.8762
117.8972,0.9413,4.0323
117.8974,0.9526,4.0868
117.8976,1.017,4.359
117.8978,1.0267,4.4006
117.8980,1.0341,4.432
117.8982,0.9926,4.2562
117.8984,1.023,4.3765
117.8986,1.1403,4.8759
117.8988,1.1696,4.9963
117.8990,1.1748,5.04
117.8992,0.9773,4.1967
117.8994,0.9559,4.1046
117.8996,0.9459,4.0618
117.8998,0.8922,3.8312
117.9000,0.9152,3.93
117.9002,0.9459,4.0505
117.9004,1.0229,4.3801
117.9006,1.033,4.4315
117.9008,1.0144,4.3518
117.9010,1.065,4.5624
117.9012,1.0943,4.6922
117.9014,1.0375,4.4531
117.9016,0.9101,3.9133
117.9018,0.7742,3.3323
117.9020,0.7287,3.1362
117.9022,0.8332,3.5845
117.9024,0.8531,3.6684
117.9026,0.8145,3.5057
117.9028,0.7833,3.3715
117.9030,0.7682,3.3049
117.9032,0.7877,3.3885
117.9034,0.7488,3.2274
117.9036,0.7084,3.0475
117.9038,0.7761,3.3421
117.9040,0.7231,3.1182
117.9042,0.7181,3.0907
117.9044,0.7835,3.3751
117.9046,0.6787,2.925
117.9048,0.7085,3.0495
117.9050,0.7505,3.2301
117.9052,0.7549,3.2462
117.9054,0.8085,3.4799
117.9056,0.7946,3.4248
117.9058,0.7255,3.1271
117.9060,0.6529,2.8139
117.9062,0.6836,2.9435
117.9064,0.7451,3.2054
117.9066,0.7562,3.2564
117.9068,0.7538,3.2385
117.9070,0.8488,3.6533
117.9072,0.8146,3.5029
117.9074,0.8496,3.6518
117.9076,0.8233,3.5433
117.9078,0.7571,3.2585
117.9080,0.748,3.2192
117.9082,0.7752,3.3348
117.9084,0.7663,3.2982
117.9086,0.7618,3.2786
117.9088,0.8338,3.5821
117.9090,0.9522,4.0848
117.9092,0.8832,3.8031
117.9094,0.6942,2.9908
117.9096,0.7245,3.1195
117.9098,0.6571,2.8346
117.9100,0.5857,2.5257
117.9102,0.6053,2.6124
117.9104,0.5908,2.5498
117.9106,0.5806,2.5046
117.9108,0.5745,2.4782
117.9110,0.5806,2.5058
117.9112,0.5872,2.5354
117.9114,0.5679,2.4487
117.9116,0.5766,2.4852
117.9118,0.6483,2.7943
117.9120,0.6764,2.9139
117.9122,0.7212,3.1042
117.9124,0.7609,3.275
117.9126,0.7457,3.2109
117.9128,0.6964,2.9987
117.9130,0.6794,2.9241
117.9132,0.7124,3.0617
117.9134,0.8489,3.6453
117.9136,0.8883,3.8213
117.9138,0.8046,3.4612
117.9140,0.7615,3.2837
117.9142,0.676,2.9137
117.9144,0.6752,2.9087
117.9146,0.6866,2.9564
117.9148,0.6933,2.9867
117.9150,0.6841,2.9483
117.9152,0.6785,2.9259
117.9154,0.6939,2.9837
117.9156,0.8283,3.5567
117.9158,0.8297,3.5729
117.9160,0.7175,3.091
117.9162,0.6805,2.9301
117.9164,0.654,2.816
117.9166,0.6757,2.9108
117.9168,0.6857,2.9569
117.9170,0.6621,2.8537
117.9172,0.6745,2.9002
117.9174,0.7181,3.0965
117.9176,0.6098,2.6296
117.9178,0.6011,2.5919
117.9180,0.6044,2.61
117.9182,0.583,2.515
117.9184,0.5951,2.5648
117.9186,0.5923,2.5565
117.9188,0.621,2.6727
117.9190,0.7457,3.2124
117.9192,0.6713,2.8868
117.9194,0.754,3.2451
117.9196,0.7856,3.375
117.9198,0.8375,3.6014
117.9200,0.7777,3.3457
117.9202,0.7579,3.2651
117.9204,0.7532,3.2435
117.9206,0.7156,3.0799
117.9208,0.7043,3.03
117.9210,0.8068,3.4694
117.9212,0.7857,3.3818
117.9214,0.757,3.2564
117.9216,0.7942,3.4185
117.9218,0.802,3.4504
117.9220,0.8356,3.5881
117.9222,0.8978,3.85
117.9224,0.8741,3.7552
117.9226,0.856,3.6774
117.9228,0.8532,3.6724
117.9230,0.7483,3.2223
117.9232,0.7475,3.2127
117.9234,0.8222,3.5371
117.9236,0.7608,3.2745
117.9238,0.7219,3.1101
117.9240,0.6384,2.7539
117.9242,0.6267,2.7013
117.9244,0.6302,2.7175
117.9246,0.6241,2.6924
117.9248,0.6101,2.6319
117.9250,0.6119,2.6372
117.9252,0.6391,2.7519
117.9254,0.7338,3.1584
117.9256,0.7273,3.1334
117.9258,0.6705,2.8939
117.9260,0.5959,2.5684
117.9262,0.6662,2.8713
117.9264,0.6733,2.8991
117.9266,0.6713,2.8908
117.9268,0.6678,2.8727
117.9270,0.7152,3.0798
117.9272,0.7121,3.0678
117.9274,0.6727,2.8978
117.9276,0.624,2.6881
117.9278,0.662,2.8532
117.9280,0.6989,3.0082
117.9282,0.7283,3.1317
117.9284,0.7893,3.391
117.9286,0.8395,3.608
117.9288,0.7781,3.3457
117.9290,0.7742,3.3276
117.9292,0.8678,3.7331
117.9294,0.8253,3.5455
117.9296,0.8451,3.6339
117.9298,0.8359,3.5908
117.9300,0.8686,3.728
117.9302,0.9139,3.9207
117.9304,0.9378,4.0268
117.9306,0.9088,3.8968
117.9308,1.0016,4.2987
117.9310,1.0157,4.3594
117.9312,1.0043,4.3106
117.9314,0.954,4.0944
117.9316,1.0114,4.3369
117.9318,1.0213,4.3775
117.9320,1.0002,4.2891
117.9322,1.0445,4.4788
117.9324,1.0928,4.6816
117.9326,1.1492,4.9138
117.9328,1.1393,4.8878
117.9330,1.0637,4.5547
117.9332,1.1122,4.7626
117.9334,1.1052,4.7389
117.9336,0.9829,4.2184
117.9338,0.9595,4.1219
117.9340,0.9387,4.0272
117.9342,1.0008,4.3016
117.9344,0.841,3.6214
117.9346,0.748,3.2252
117.9348,0.688,2.9667
117.9350,0.7054,3.0389
117.9352,0.6631,2.8525
117.9354,0.7261,3.1311
117.9356,0.7059,3.0423
117.9358,0.7113,3.067
117.9360,0.6782,2.9216
117.9362,0.6688,2.8827
117.9364,0.6728,2.8997
117.9366,0.6486,2.7966
117.9368,0.6339,2.7323
117.9370,0.604,2.6103
117.9372,0.5692,2.4555
117.9374,0.6231,2.6858
117.9376,0.6373,2.7455
117.9378,0.7234,3.1221
117.9380,0.5905,2.5464
117.9382,0.6432,2.7721
117.9384,0.6381,2.7478
117.9386,0.7489,3.2264
117.9388,0.7169,3.0899
117.9390,0.6995,3.0108
117.9392,0.6591,2.8434
117.9394,0.5866,2.5328
117.9396,0.5463,2.3567
117.9398,0.5578,2.4063
117.9400,0.5854,2.523
117.9402,0.6613,2.8527
117.9404,0.6247,2.695
117.9406,0.6172,2.6612
117.9408,0.6175,2.6615
117.9410,0.6168,2.6608
117.9412,0.6263,2.6992
117.9414,0.6426,2.7656
117.9416,0.6299,2.7147
117.9418,0.6899,2.9709
117.9420,0.7336,3.1603
117.9422,0.6339,2.7361
117.9424,0.5776,2.4928
117.9426,0.5627,2.4275
117.9428,0.5741,2.4732
117.9430,0.638,2.7486
117.9432,0.6344,2.7343
117.9434,0.6486,2.794
117.9436,0.5775,2.4969
117.9438,0.4715,2.0377
117.9440,0.4891,2.109
117.9442,0.5313,2.2952
117.9444,0.4886,2.1079
117.9446,0.5763,2.4837
117.9448,0.5908,2.5474
117.9450,0.5911,2.5454
117.9452,0.7205,3.1054
117.9454,0.6378,2.7488
117.9456,0.6041,2.6048
117.9458,0.6204,2.6726
117.9460,0.6902,2.9733
117.9462,0.6893,2.9669
117.9464,0.7113,3.0613
117.9466,0.6957,2.9915
117.9468,0.7648,3.2915
117.9470,0.7596,3.2723
117.9472,0.7068,3.0465
117.9474,0.6842,2.942
117.9476,0.72,3.1004
117.9478,0.6603,2.842
117.9480,0.6442,2.7767
117.9482,0.6317,2.7225
117.9484,0.6552,2.8185
117.9486,0.6937,2.9896
117.9488,0.6719,2.8921
117.9490,0.723,3.1134
117.9492,0.721,3.1002
117.9494,0.7403,3.1847
117.9496,0.6592,2.8413
117.9498,0.5683,2.453
117.9500,0.5586,2.4122
117.9502,0.5514,2.3778
117.9504,0.593,2.556
117.9506,0.6237,2.6896
117.9508,0.5251,2.2672
117.9510,0.4887,2.1103
117.9512,0.4867,2.0996
117.9514,0.4878,2.1072
117.9516,0.4891,2.1109
117.9518,0.573,2.4709
117.9520,0.5308,2.29
117.9522,0.4865,2.0986
117.9524,0.5447,2.3489
117.9526,0.5901,2.5408
117.9528,0.6018,2.5914
117.9530,0.5795,2.4988
117.9532,0.5476,2.3624
117.9534,0.5066,2.1875
117.9536,0.5014,2.1632
117.9538,0.53,2.2863
117.9540,0.5254,2.2667
117.9542,0.5432,2.3411
117.9544,0.5211,2.2449
117.9546,0.5642,2.4304
117.9548,0.561,2.4192
117.9550,0.6156,2.6507
117.9552,0.6656,2.8687
117.9554,0.6168,2.6559
117.9556,0.6084,2.621
117.9558,0.5847,2.521
117.9560,0.5067,2.185
117.9562,0.4859,2.0979
117.9564,0.4849,2.0947
117.9566,0.482,2.0814
117.9568,0.4809,2.0748
117.9570,0.4844,2.0907
117.9572,0.4855,2.0954
117.9574,0.4849,2.0947
117.9576,0.4826,2.082
117.9578,0.4829,2.0821
117.9580,0.4854,2.0929
117.9582,0.4811,2.0762
117.9584,0.4836,2.0881
117.9586,0.483,2.0836
117.9588,0.4824,2.081
117.9590,0.4871,2.1002
117.9592,0.5379,2.3162
117.9594,0.6094,2.6239
117.9596,0.5541,2.3914
117.9598,0.4916,2.1208
117.9600,0.4853,2.0924
117.9602,0.4935,2.1281
117.9604,0.5317,2.2925
117.9606,0.4968,2.1421
117.9608,0.5217,2.2486
117.9610,0.6078,2.6147
117.9612,0.6885,2.955
117.9614,0.8073,3.4682
117.9616,0.7591,3.2642
117.9618,0.753,3.2409
117.9620,0.7199,3.0898
117.9622,0.7644,3.2854
117.9624,0.7287,3.1318
117.9626,0.7759,3.3317
117.9628,0.7969,3.4171
117.9630,0.9019,3.853
117.9632,1.0779,4.6114
117.9634,1.066,4.5623
117.9636,1.0824,4.6326
117.9638,1.0688,4.5746
117.9640,1.0544,4.5109
117.9642,1.0922,4.6747
117.9644,1.1002,4.7047
117.9646,1.1387,4.8761
117.9648,1.0385,4.451
117.9650,0.9964,4.2726
117.9652,1.0348,4.4268
117.9654,1.0989,4.7012
117.9656,1.1107,4.7581
117.9658,1.0759,4.607
117.9660,1.0133,4.3431
117.9662,0.9976,4.2777
117.9664,1.005,4.3116
117.9666,0.9795,4.204
117.9668,0.9219,3.9533
117.9670,0.9293,3.994
117.9672,0.8534,3.6678
117.9674,0.7592,3.2678
117.9676,0.6753,2.9065
117.9678,0.6929,2.9838
117.9680,0.6907,2.9739
117.9682,0.6849,2.9478
117.9684,0.753,3.2379
117.9686,0.8046,3.4564
117.9688,0.8245,3.5403
117.9690,0.8608,3.6963
117.9692,0.8374,3.6009
117.9694,0.8384,3.6084
117.9696,0.7618,3.2756
117.9698,0.7127,3.0704
117.9700,0.6661,2.8681
117.9702,0.7441,3.1998
117.9704,0.7446,3.2033
117.9706,0.7207,3.1021
117.9708,0.7495,3.226
117.9710,0.7468,3.2111
117.9712,0.7568,3.2544
117.9714,0.7478,3.2187
117.9716,0.7194,3.1007
117.9718,0.7301,3.1336
117.9720,0.8553,3.6726
117.9722,0.8375,3.5947
117.9724,0.8767,3.7647
117.9726,0.8839,3.7992
117.9728,0.8481,3.6519
117.9730,0.7227,3.1161
117.9732,0.6386,2.7511
117.9734,0.6269,2.7055
117.9736,0.6066,2.612
117.9738,0.6408,2.763
117.9740,0.617,2.6606
117.9742,0.5956,2.5705
117.9744,0.5664,2.4413
117.9746,0.609,2.6199
117.9748,0.738,3.1779
117.9750,0.6783,2.9235
117.9752,0.6155,2.6515
117.9754,0.5929,2.5591
117.9756,0.5152,2.2258
117.9758,0.5029,2.1704
117.9760,0.512,2.2077
117.9762,0.5518,2.3816
117.9764,0.5297,2.2874
117.9766,0.529,2.2833
117.9768,0.5308,2.2878
117.9770,0.5341,2.3028
117.9772,0.5341,2.3018
117.9774,0.6143,2.6451
117.9776,0.6607,2.8475
117.9778,0.6425,2.7677
117.9780,0.6825,2.9347
117.9782,0.7091,3.0535
117.9784,0.6504,2.8031
117.9786,0.6402,2.7566
117.9788,0.6474,2.7863
117.9790,0.7048,3.0292
117.9792,0.7595,3.2703
117.9794,0.7586,3.2621
117.9796,0.7771,3.34
117.9798,0.7172,3.0909
117.9800,0.6386,2.7524
117.9802,0.642,2.7618
117.9804,0.6494,2.7976
117.9806,0.6225,2.6819
117.9808,0.6248,2.6955
117.9810,0.6239,2.6889
117.9812,0.6209,2.6697
117.9814,0.7434,3.1967
117.9816,0.7516,3.2347
117.9818,0.7059,3.031
117.9820,0.8035,3.4534
117.9822,0.7655,3.3007
117.9824,0.6399,2.7581
117.9826,0.648,2.7914
117.9828,0.6541,2.8139
117.9830,0.6712,2.8849
117.9832,0.7199,3.1014
117.9834,0.6964,2.9959
117.9836,0.7095,3.055
117.9838,0.6433,2.7739
117.9840,0.5374,2.3195
117.9842,0.5353,2.3091
117.9844,0.5695,2.4502
117.9846,0.7241,3.1137
117.9848,0.7086,3.05
117.9850,0.6476,2.786
117.9852,0.7019,3.0169
117.9854,0.7863,3.3781
117.9856,0.7752,3.3317
117.9858,0.7746,3.3292
117.9860,0.7776,3.3452
117.9862,0.7282,3.1326
117.9864,0.7185,3.0909
117.9866,0.6897,2.9684
117.9868,0.6547,2.8204
117.9870,0.6631,2.8552
117.9872,0.6662,2.8673
117.9874,0.6812,2.9332
117.9876,0.693,2.9829
117.9878,0.7719,3.3117
117.9880,0.8544,3.6707
117.9882,0.7498,3.224
117.9884,0.7195,3.0926
117.9886,0.8115,3.4879
117.9888,0.7478,3.2217
117.9890,0.7155,3.0794
117.9892,0.6915,2.9831
117.9894,0.5668,2.4429
117.9896,0.5475,2.3629
117.9898,0.4899,2.1145
117.9900,0.4966,2.1445
117.9902,0.523,2.2574
117.9904,0.4957,2.1394
117.9906,0.4848,2.0942
117.9908,0.4837,2.0886
117.9910,0.4856,2.093
117.9912,0.5737,2.4705
117.9914,0.6,2.5872
117.9916,0.509,2.1968
117.9918,0.4938,2.1311
117.9920,0.4887,2.1084
117.9922,0.4881,2.1068
117.9924,0.4901,2.1151
117.9926,0.53,2.2874
117.9928,0.4919,2.1218
117.9930,0.4867,2.0996
117.9932,0.4867,2.0996
117.9934,0.4891,2.109
117.9936,0.4857,2.0955
117.9938,0.5564,2.3946
117.9940,0.6589,2.8384
117.9942,0.6517,2.8048
117.9944,0.6522,2.8082
117.9946,0.6379,2.7468
117.9948,0.6682,2.8721
117.9950,0.7381,3.1755
117.9952,0.7325,3.1468
117.9954,0.7254,3.1179
117.9956,0.7869,3.3823
117.9958,0.8065,3.4614
117.9960,0.8934,3.8238
117.9962,0.9823,4.2159
117.9964,0.8549,3.671
117.9966,0.858,3.6793
117.9968,0.909,3.8978
117.9970,0.9022,3.8721
117.9972,0.9323,3.9975
117.9974,0.9719,4.1677
117.9976,0.9423,4.0407
117.9978,0.9693,4.1545
117.9980,1.022,4.3739
117.9982,1.0206,4.3724
117.9984,1.0164,4.3524
117.9986,1.0341,4.432
117.9988,1.0241,4.3893
117.9990,1.0112,4.3318
117.9992,1.0404,4.4613
117.9994,0.9903,4.2444
117.9996,0.9349,4.0145
117.9998,0.8676,3.7326
118.0000,0.8078,3.4719
118.0002,0.7627,3.2858
118.0004,0.6631,2.8552
118.0006,0.6956,2.9937
118.0008,0.7195,3.0969
118.0010,0.7255,3.1227
118.0012,0.7276,3.1272
118.0014,0.7399,3.1847
118.0016,0.7085,3.0537
118.0018,0.7121,3.0592
118.0020,0.7895,3.3915
118.0022,0.8308,3.5725
118.0024,0.7524,3.2383
118.0026,0.6703,2.8902
118.0028,0.5829,2.5133
118.0030,0.5855,2.5247
118.0032,0.5913,2.5495
118.0034,0.6704,2.888
118.0036,0.7127,3.069
118.0038,0.6913,2.9751
118.0040,0.685,2.9483
118.0042,0.6724,2.8941
118.0044,0.6905,2.979
118.0046,0.5613,2.4191
118.0048,0.5921,2.5555
118.0050,0.5681,2.4497
118.0052,0.6074,2.6168
118.0054,0.6321,2.722
118.0056,0.6938,2.986
118.0058,0.6697,2.8849
118.0060,0.6493,2.7945
118.0062,0.6953,2.9955
118.0064,0.657,2.8289
118.0066,0.6632,2.8557
118.0068,0.6674,2.8778
118.0070,0.6248,2.6917
118.0072,0.5588,2.4105
118.0074,0.4964,2.1405
118.0076,0.5444,2.3473
118.0078,0.5695,2.4559
118.0080,0.5749,2.4815
118.0082,0.4963,2.144
118.0084,0.4767,2.0595
118.0086,0.488,2.1053
118.0088,0.5146,2.217
118.0090,0.5651,2.4368
118.0092,0.5654,2.4367
118.0094,0.5911,2.5478
118.0096,0.6136,2.6395
118.0098,0.6556,2.8245
118.0100,0.5669,2.4479
118.0102,0.5373,2.3147
118.0104,0.6197,2.6658
118.0106,0.656,2.8234
118.0108,0.6559,2.8282
118.0110,0.5679,2.4475
118.0112,0.5591,2.412
118.0114,0.5571,2.4032
118.0116,0.5602,2.4066
118.0118,0.6595,2.845
118.0120,0.5711,2.4603
118.0122,0.6084,2.6185
118.0124,0.6666,2.8662
118.0126,0.6721,2.8926
118.0128,0.7115,3.0609
118.0130,0.6796,2.9264
118.0132,0.6037,2.6045
118.0134,0.5506,2.3764
118.0136,0.5489,2.3681
118.0138,0.5438,2.3436
118.0140,0.5427,2.3401
118.0142,0.5687,2.4443
118.0144,0.6818,2.9344
118.0146,0.6028,2.5991
118.0148,0.5571,2.401
118.0150,0.555,2.3944
118.0152,0.5405,2.3308
118.0154,0.539,2.3251
118.0156,0.5374,2.3163
118.0158,0.5365,2.3121
118.0160,0.5356,2.3096
118.0162,0.5371,2.3169
118.0164,0.5379,2.3205
118.0166,0.5104,2.202
118.0168,0.5349,2.3075
118.0170,0.5498,2.3662
118.0172,0.592,2.5514
118.0174,0.5156,2.2243
118.0176,0.4699,2.0272
118.0178,0.4681,2.0194
118.0180,0.464,2.0018
118.0182,0.4832,2.0836
118.0184,0.5381,2.3204
118.0186,0.5685,2.4478
118.0188,0.5964,2.5681
118.0190,0.5805,2.5006
118.0192,0.5727,2.4693
118.0194,0.4809,2.0738
118.0196,0.4667,2.0132
118.0198,0.4963,2.14
118.0200,0.5349,2.3033
118.0202,0.5608,2.4193
118.0204,0.5127,2.2108
118.0206,0.5813,2.5054
118.0208,0.5477,2.3607
118.0210,0.5777,2.4887
118.0212,0.5844,2.5177
118.0214,0.605,2.6053
118.0216,0.6417,2.7633
118.0218,0.647,2.7808
118.0220,0.7267,3.1265
118.0222,0.6541,2.8152
118.0224,0.6704,2.8827
118.0226,0.6879,2.9593
118.0228,0.6209,2.6735
118.0230,0.5789,2.4962
118.0232,0.5038,2.1746
118.0234,0.5167,2.2258
118.0236,0.5735,2.4695
118.0238,0.5741,2.4698
118.0240,0.5954,2.564
118.0242,0.5907,2.5422
118.0244,0.6722,2.8891
118.0246,0.6476,2.7912
118.0248,0.5146,2.2181
118.0250,0.5418,2.3332
118.0252,0.6151,2.6487
118.0254,0.6258,2.6921
118.0256,0.6233,2.6825
118.0258,0.6172,2.6525
118.0260,0.6668,2.8699
118.0262,0.6547,2.8164
118.0264,0.6706,2.8864
118.0266,0.6095,2.6268
118.0268,0.5787,2.4917
118.0270,0.6357,2.7324
118.0272,0.6917,2.9744
118.0274,0.6977,3.0002
118.0276,0.7023,3.0184
118.0278,0.7434,3.1907
118.0280,0.7794,3.3435
118.0282,0.856,3.6722
118.0284,0.8078,3.4638
118.0286,0.8603,3.689
118.0288,0.8215,3.5307
118.0290,0.7306,3.14
118.0292,0.8022,3.4413
118.0294,0.9011,3.8639
118.0296,0.9368,4.0152
118.0298,0.9777,4.1885
118.0300,0.9878,4.2356
118.0302,0.9402,4.0315
118.0304,0.9022,3.8667
118.0306,0.9681,4.1493
118.0308,0.9523,4.0834
118.0310,0.9,3.8628
118.0312,0.9143,3.9186
118.0314,0.924,3.9658
118.0316,0.8933,3.8322
118.0318,0.8842,3.7931
118.0320,0.8284,3.5572
118.0322,0.8241,3.5371
118.0324,0.8299,3.5634
118.0326,0.7908,3.3972
118.0328,0.798,3.4297
118.0330,0.7984,3.4333
118.0332,0.7668,3.2987
118.0334,0.6862,2.9507
118.0336,0.7339,3.153
118.0338,0.774,3.3281
118.0340,0.729,3.1377
118.0342,0.7203,3.1
118.0344,0.7229,3.1099
118.0346,0.6945,2.9905
118.0348,0.7037,3.0288
118.0350,0.6818,2.933
118.0352,0.7066,3.0384
118.0354,0.727,3.126
118.0356,0.7012,3.0222
118.0358,0.6482,2.7912
118.0360,0.6887,2.9616
118.0362,0.7486,3.2158
118.0364,0.7715,3.3189
118.0366,0.6883,2.965
118.0368,0.6143,2.6487
118.0370,0.5742,2.4726
118.0372,0.608,2.6219
118.0374,0.5808,2.5033
118.0376,0.6371,2.747
118.0378,0.5951,2.5636
118.0380,0.6359,2.7367
118.0382,0.6948,2.9892
118.0384,0.6919,2.9777
118.0386,0.6896,2.9665
118.0388,0.6579,2.8369
118.0390,0.5903,2.5453
118.0392,0.5995,2.5792
118.0394,0.6596,2.8415
118.0396,0.6113,2.6358
118.0398,0.5812,2.5014
118.0400,0.6189,2.6664
118.0402,0.5721,2.4645
118.0404,0.5893,2.5353
118.0406,0.7132,3.0682
118.0408,0.7219,3.1058
118.0410,0.611,2.6372
118.0412,0.4993,2.1539
118.0414,0.5259,2.2666
118.0416,0.5862,2.5231
118.0418,0.6345,2.731
118.0420,0.6127,2.642
118.0422,0.5453,2.3536
118.0424,0.5493,2.3674
118.0426,0.5907,2.5422
118.0428,0.6583,2.8306
118.0430,0.7416,3.1874
118.0432,0.7536,3.245
118.0434,0.6534,2.8134
118.0436,0.6347,2.7328
118.0438,0.6903,2.9669
118.0440,0.8145,3.5024
118.0442,0.7151,3.0778
118.0444,0.6534,2.8147
118.0446,0.6838,2.9404
118.0448,0.7306,3.1415
118.0450,0.7573,3.2519
118.0452,0.7966,3.424
118.0454,0.7813,3.3549
118.0456,0.8181,3.5146
118.0458,0.7899,3.3983
118.0460,0.7427,3.1936
118.0462,0.7361,3.1652
118.0464,0.7319,3.1428
118.0466,0.7784,3.3457
118.0468,0.7112,3.0594
118.0470,0.6902,2.9691
118.0472,0.7594,3.2652
118.0474,0.7954,3.4141
118.0476,0.8607,3.6975
118.0478,0.8215,3.534
118.0480,0.7302,3.1385
118.0482,0.7275,3.1295
118.0484,0.7401,3.1837
118.0486,0.6994,3.0158
118.0488,0.6263,2.6979
118.0490,0.6216,2.6766
118.0492,0.6186,2.6674
118.0494,0.6311,2.7173
118.0496,0.6777,2.9182
118.0498,0.5863,2.5271
118.0500,0.5769,2.4851
118.0502,0.6116,2.6361
118.0504,0.5986,2.5702
118.0506,0.7915,3.405
118.0508,0.6706,2.8944
118.0510,0.5661,2.4409
118.0512,0.6085,2.6178
118.0514,0.6823,2.9364
118.0516,0.6907,2.9726
118.0518,0.6432,2.7721
118.0520,0.5975,2.5752
118.0522,0.5511,2.3752
118.0524,0.5423,2.3396
118.0526,0.5317,2.2925
118.0528,0.5809,2.5027
118.0530,0.5838,2.5139
118.0532,0.5853,2.5225
118.0534,0.6178,2.6613
118.0536,0.6259,2.6926
118.0538,0.7011,3.0161
118.0540,0.7664,3.2941
118.0542,0.76,3.2617
118.0544,0.8408,3.6103
118.0546,0.8064,3.4706
118.0548,0.6867,2.9542
118.0550,0.6795,2.9219
118.0552,0.6983,3.0014
118.0554,0.7625,3.2786
118.0556,0.6862,2.959
118.0558,0.5133,2.2134
118.0560,0.4983,2.1518
118.0562,0.4965,2.143
118.0564,0.4921,2.1199
118.0566,0.4933,2.1271
118.0568,0.4919,2.1218
118.0570,0.4803,2.0741
118.0572,0.479,2.0675
118.0574,0.4789,2.066
118.0576,0.4819,2.0789
118.0578,0.4785,2.0654
118.0580,0.4836,2.0861
118.0582,0.4844,2.0888
118.0584,0.4817,2.0769
118.0586,0.4784,2.0649
118.0588,0.4835,2.0866
118.0590,0.4841,2.0882
118.0592,0.485,2.0914
118.0594,0.496,2.1399
118.0596,0.5072,2.187
118.0598,0.5646,2.429
118.0600,0.6651,2.86
118.0602,0.6441,2.7736
118.0604,0.6313,2.7158
118.0606,0.6609,2.838
118.0608,0.777,3.3395
118.0610,0.7674,3.2982
118.0612,0.7195,3.0897
118.0614,0.7654,3.2864
118.0616,0.8283,3.5534
118.0618,0.8668,3.7185
118.0620,0.8675,3.7182
118.0622,0.9154,3.925
118.0624,0.9011,3.8639
118.0626,0.9113,3.9094
118.0628,0.9421,4.0359
118.0630,0.9566,4.1
118.0632,0.9631,4.1239
118.0634,0.9776,4.1899
118.0636,0.9729,4.1679
118.0638,0.9661,4.1425
118.0640,1.0092,4.3256
118.0642,1.0247,4.3817
118.0644,1.0937,4.6808
118.0646,1.0928,4.6729
118.0648,1.105,4.7252
118.0650,1.1361,4.8625
118.0652,1.1387,4.8761
118.0654,1.0534,4.5168
118.0656,1.0053,4.3086
118.0658,0.9874,4.234
118.0660,0.9357,4.0162
118.0662,0.8809,3.7845
118.0664,0.8191,3.5236
118.0666,0.8365,3.5917
118.0668,0.8498,3.6591
118.0670,0.7428,3.1956
118.0672,0.8073,3.4715
118.0674,0.7595,3.2673
118.0676,0.7573,3.258
118.0678,0.7471,3.2112
118.0680,0.786,3.375
118.0682,0.8116,3.4884
118.0684,0.8217,3.535
118.0686,0.7675,3.3018
118.0688,0.7427,3.1951
118.0690,0.7506,3.2276
118.0692,0.7066,3.0412
118.0694,0.6827,2.9426
118.0696,0.6552,2.8211
118.0698,0.6595,2.841
118.0700,0.6254,2.6943
118.0702,0.6507,2.8033
118.0704,0.6661,2.8708
118.0706,0.6685,2.8798
118.0708,0.6229,2.6835
118.0710,0.6639,2.8615
118.0712,0.6186,2.6624
118.0714,0.6058,2.6108
118.0716,0.5838,2.5186
118.0718,0.5655,2.4417
118.0720,0.4932,2.1275
118.0722,0.4868,2.1001
118.0724,0.5235,2.2584
118.0726,0.4992,2.1534
118.0728,0.4932,2.1285
118.0730,0.4847,2.0937
118.0732,0.4889,2.1079
118.0734,0.496,2.1419
118.0736,0.4981,2.1517
118.0738,0.5438,2.3426
118.0740,0.585,2.5214
118.0742,0.5603,2.4206
118.0744,0.4327,1.8703
118.0746,0.4236,1.8284
118.0748,0.4566,1.9707
118.0750,0.4514,1.9511
118.0752,0.4525,1.9558
118.0754,0.4513,1.9497
118.0756,0.4618,1.992
118.0758,0.4646,2.0063
118.0760,0.4622,1.9968
118.0762,0.499,2.1499
118.0764,0.5801,2.4991
118.0766,0.5682,2.4491
118.0768,0.573,2.4709
118.0770,0.6341,2.7315
118.0772,0.6032,2.6
118.0774,0.5554,2.3915
118.0776,0.5567,2.4006
118.0778,0.5626,2.4237
118.0780,0.6112,2.628
118.0782,0.6831,2.9401
118.0784,0.7094,3.0517
118.0786,0.7188,3.0895
118.0788,0.6476,2.7925
118.0790,0.5567,2.3995
118.0792,0.5591,2.4098
118.0794,0.5399,2.3271
118.0796,0.5413,2.3317
118.0798,0.5413,2.3339
118.0800,0.5451,2.3526
118.0802,0.5477,2.3596
118.0804,0.6185,2.6631
118.0806,0.5844,2.5165
118.0808,0.6103,2.6256
118.0810,0.5904,2.547
118.0812,0.5229,2.2558
118.0814,0.5173,2.2284
118.0816,0.5693,2.4492
118.0818,0.6411,2.7607
118.0820,0.6447,2.7788
118.0822,0.5869,2.5238
118.0824,0.6678,2.874
118.0826,0.5993,2.5865
118.0828,0.4924,2.1234
118.0830,0.4682,2.0199
118.0832,0.4603,1.9876
118.0834,0.47,2.0277
118.0836,0.5295,2.28
118.0838,0.6183,2.6614
118.0840,0.6291,2.7116
118.0842,0.5801,2.4968
118.0844,0.6173,2.6543
118.0846,0.6867,2.95
118.0848,0.7119,3.0611
118.0850,0.7119,3.0582
118.0852,0.7326,3.1532
118.0854,0.6849,2.9451
118.0856,0.6729,2.8935
118.0858,0.6898,2.9676
118.0860,0.693,2.9815
118.0862,0.6311,2.7161
118.0864,0.5996,2.5809
118.0866,0.6754,2.9016
118.0868,0.749,3.2209
118.0870,0.7681,3.3013
118.0872,0.7077,3.0444
118.0874,0.689,2.9667
118.0876,0.6218,2.6776
118.0878,0.5885,2.5341
118.0880,0.6036,2.6003
118.0882,0.5841,2.5185
118.0884,0.592,2.5514
118.0886,0.5898,2.5386
118.0888,0.6374,2.746
118.0890,0.5564,2.399
118.0892,0.5083,2.1917
118.0894,0.4952,2.1373
118.0896,0.4947,2.1333
118.0898,0.4916,2.1198
118.0900,0.4908,2.1172
118.0902,0.4927,2.1255
118.0904,0.5114,2.2021
118.0906,0.5667,2.4435
118.0908,0.5343,2.3028
118.0910,0.5192,2.2377
118.0912,0.4915,2.1193
118.0914,0.4924,2.1244
118.0916,0.4916,2.1208
118.0918,0.4891,2.109
118.0920,0.4898,2.1121
118.0922,0.4895,2.1115
118.0924,0.4896,2.112
118.0926,0.5179,2.2279
118.0928,0.5929,2.552
118.0930,0.5959,2.5661
118.0932,0.5945,2.5622
118.0934,0.5713,2.4579
118.0936,0.6426,2.7592
118.0938,0.7464,3.2036
118.0940,0.8074,3.4671
118.0942,0.7721,3.3153
118.0944,0.7841,3.3636
118.0946,0.8487,3.6392
118.0948,0.8639,3.7027
118.0950,0.868,3.7272
118.0952,0.8598,3.6921
118.0954,0.8646,3.7058
118.0956,0.8826,3.7864
118.0958,0.8661,3.7172
118.0960,0.8572,3.674
118.0962,0.9309,3.9882
118.0964,0.9821,4.2075
118.0966,0.9754,4.1768
118.0968,1.0272,4.3986
118.0970,0.9978,4.2748
118.0972,0.9826,4.2076
118.0974,1.0173,4.3478
118.0976,1.062,4.5475
118.0978,0.9536,4.0891
118.0980,0.9308,3.9914
118.0982,0.9743,4.1741
118.0984,0.9498,4.0783
118.0986,0.8387,3.6049
118.0988,0.7743,3.3312
118.0990,0.7517,3.2277
118.0992,0.7908,3.3972
118.0994,0.8166,3.5063
118.0996,0.8379,3.5996
118.0998,0.8259,3.5497
118.1000,0.8239,3.536
118.1002,0.8347,3.584
118.1004,0.8831,3.7938
118.1006,0.8448,3.6261
118.1008,0.856,3.674
118.1010,0.8964,3.8438
118.1012,0.896,3.853
118.1014,0.8032,3.4475
118.1016,0.869,3.7278
118.1018,0.8872,3.8131
118.1020,0.7935,3.4154
118.1022,0.7257,3.116
118.1024,0.8139,3.4966
118.1026,0.7928,3.4043
118.1028,0.7646,3.2956
118.1030,0.6088,2.6274
118.1032,0.5697,2.4541
118.1034,0.6311,2.7148
118.1036,0.7097,3.0518
118.1038,0.7644,3.2869
118.1040,0.7615,3.273
118.1042,0.6893,2.9683
118.1044,0.686,2.9511
118.1046,0.763,3.2807
118.1048,0.7603,3.2709
118.1050,0.6958,2.992
118.1052,0.7425,3.1955
118.1054,0.7243,3.1147
118.1056,0.762,3.2751
118.1058,0.7451,3.2039
118.1060,0.7329,3.1542
118.1062,0.6964,3.0001
118.1064,0.6781,2.9224
118.1066,0.6053,2.6051
118.1068,0.6751,2.9028
118.1070,0.7472,3.2132
118.1072,0.7432,3.2001
118.1074,0.686,2.9524
118.1076,0.6721,2.898
118.1078,0.5871,2.5326
118.1080,0.5796,2.4982
118.1082,0.5881,2.5337
118.1084,0.5962,2.5707
118.1086,0.6046,2.6044
118.1088,0.636,2.7385
118.1090,0.5763,2.486
118.1092,0.5695,2.4513
118.1094,0.657,2.8302
118.1096,0.645,2.7772
118.1098,0.6373,2.7455
118.1100,0.6403,2.7571
118.1102,0.6663,2.8665
118.1104,0.7163,3.0787
118.1106,0.7222,3.104
118.1108,0.782,3.3549
118.1110,0.9106,3.9063
118.1112,0.8879,3.818
118.1114,0.7644,3.2945
118.1116,0.6574,2.8309
118.1118,0.6175,2.6578
118.1120,0.6212,2.675
118.1122,0.6246,2.692
118.1124,0.6192,2.6675
118.1126,0.6201,2.6716
118.1128,0.6395,2.7548
118.1130,0.6466,2.787
118.1132,0.6192,2.6675
118.1134,0.613,2.6406
118.1136,0.6682,2.8747
118.1138,0.6998,3.0132
118.1140,0.6339,2.731
118.1142,0.6273,2.7051
118.1144,0.6172,2.6587
118.1146,0.6034,2.5993
118.1148,0.6067,2.6125
118.1150,0.6697,2.8836
118.1152,0.6407,2.7599
118.1154,0.5662,2.4425
118.1156,0.5496,2.3712
118.1158,0.5438,2.3447
118.1160,0.55,2.3716
118.1162,0.5558,2.3975
118.1164,0.5549,2.3928
118.1166,0.552,2.3793
118.1168,0.5555,2.3932
118.1170,0.56,2.4145
118.1172,0.5504,2.3721
118.1174,0.5478,2.3612
118.1176,0.5522,2.3798
118.1178,0.5797,2.4987
118.1180,0.6426,2.7656
118.1182,0.6799,2.9248
118.1184,0.6863,2.9526
118.1186,0.7282,3.1312
118.1188,0.7287,3.1347
118.1190,0.6522,2.8108
118.1192,0.5803,2.5024
118.1194,0.5776,2.4905
118.1196,0.5904,2.5423
118.1198,0.6494,2.7963
118.1200,0.6476,2.7899
118.1202,0.7,3.0058
118.1204,0.8446,3.6234
118.1206,0.8186,3.5199
118.1208,0.7092,3.0526
118.1210,0.6853,2.9493
118.1212,0.632,2.7227
118.1214,0.6235,2.6886
118.1216,0.6282,2.7024
118.1218,0.6752,2.906
118.1220,0.6315,2.7194
118.1222,0.6758,2.9086
118.1224,0.638,2.7473
118.1226,0.6018,2.5926
118.1228,0.6148,2.6496
118.1230,0.5897,2.5428
118.1232,0.5116,2.2072
118.1234,0.5199,2.2377
118.1236,0.6456,2.7747
118.1238,0.7239,3.1126
118.1240,0.659,2.8376
118.1242,0.6281,2.7044
118.1244,0.6657,2.8626
118.1246,0.6771,2.9156
118.1248,0.6355,2.7377
118.1250,0.6291,2.7078
118.1252,0.6524,2.8053
118.1254,0.6701,2.8857
118.1256,0.6538,2.8115
118.1258,0.6737,2.8998
118.1260,0.6501,2.7994
118.1262,0.6276,2.7049
118.1264,0.6163,2.6526
118.1266,0.6444,2.7721
118.1268,0.6799,2.922
118.1270,0.7836,3.3694
118.1272,0.7216,3.1043
118.1274,0.7084,3.0419
118.1276,0.809,3.4755
118.1278,0.797,3.4224
118.1280,0.8369,3.5938
118.1282,0.8359,3.5892
118.1284,0.8452,3.6344
118.1286,0.767,3.2982
118.1288,0.7948,3.4131
118.1290,0.7755,3.3348
118.1292,0.7281,3.1307
118.1294,0.7684,3.3039
118.1296,0.7874,3.3827
118.1298,0.7954,3.4157
118.1300,0.8572,3.674
118.1302,0.898,3.8523
118.1304,0.8817,3.7823
118.1306,0.9185,3.9402
118.1308,0.9114,3.9154
118.1310,0.835,3.5839
118.1312,0.9124,3.9104
118.1314,0.9725,4.1703
118.1316,0.9128,3.9252
118.1318,0.7558,3.2513
118.1320,0.662,2.8506
118.1322,0.6392,2.7525
118.1324,0.6805,2.9314
118.1326,0.6543,2.8188
118.1328,0.6751,2.8987
118.1330,0.8055,3.4589
118.1332,0.8385,3.6039
118.1334,0.7799,3.3518
118.1336,0.7613,3.272
118.1338,0.7837,3.3715
118.1340,0.7711,3.3158
118.1342,0.7913,3.4055
118.1344,0.6782,2.923
118.1346,0.6377,2.747
118.1348,0.6413,2.7599
118.1350,0.6446,2.7731
118.1352,0.7029,3.0182
118.1354,0.7687,3.3101
118.1356,0.7248,3.1211
118.1358,0.6789,2.9206
118.1360,0.6723,2.8963
118.1362,0.6444,2.7747
118.1364,0.6715,2.8887
118.1366,0.6689,2.8832
118.1368,0.6643,2.8577
118.1370,0.7321,3.1453
118.1372,0.7344,3.1653
118.1374,0.6725,2.8946
118.1376,0.7415,3.1914
118.1378,0.6972,2.9996
118.1380,0.6742,2.9059
118.1382,0.6044,2.6051
118.1384,0.6005,2.5857
118.1386,0.6038,2.6013
118.1388,0.5801,2.5026
118.1390,0.5784,2.4942
118.1392,0.5881,2.5325
118.1394,0.5772,2.489
118.1396,0.5168,2.2284
118.1398,0.5613,2.4169
118.1400,0.6324,2.7243
118.1402,0.5783,2.4925
118.1404,0.5831,2.5155
118.1406,0.5586,2.41
118.1408,0.5092,2.1989
118.1410,0.494,2.1302
118.1412,0.5947,2.5609
118.1414,0.6218,2.6751
118.1416,0.6601,2.8436
118.1418,0.6486,2.7927
118.1420,0.6321,2.722
118.1422,0.62,2.6736
118.1424,0.5885,2.5376
118.1426,0.5282,2.2786
118.1428,0.4927,2.1245
118.1430,0.5258,2.2682
118.1432,0.4881,2.1068
118.1434,0.4851,2.0919
118.1436,0.5604,2.4144
118.1438,0.6495,2.7982
118.1440,0.6145,2.6461
118.1442,0.6427,2.7687
118.1444,0.6495,2.7943
118.1446,0.6673,2.8719
118.1448,0.6761,2.9088
118.1450,0.6513,2.8059
118.1452,0.6514,2.8025
118.1454,0.6718,2.8929
118.1456,0.6173,2.6604
118.1458,0.6348,2.7333
118.1460,0.6565,2.8281
118.1462,0.6138,2.6405
118.1464,0.652,2.809
118.1466,0.6024,2.5964
118.1468,0.5701,2.4551
118.1470,0.5775,2.49
118.1472,0.579,2.4967
118.1474,0.5872,2.5295
118.1476,0.63,2.7102
118.1478,0.6751,2.9082
118.1480,0.6305,2.7148
118.1482,0.6331,2.7261
118.1484,0.6022,2.5905
118.1486,0.6375,2.7439
118.1488,0.6246,2.6945
118.1490,0.5205,2.2444
118.1492,0.4878,2.1043
118.1494,0.4763,2.0565
118.1496,0.4753,2.0524
118.1498,0.4753,2.0514
118.1500,0.4739,2.0442
118.1502,0.4713,2.0334
118.1504,0.4749,2.0508
118.1506,0.4761,2.056
118.1508,0.4767,2.0567
118.1510,0.4757,2.052
118.1512,0.5165,2.2263
118.1514,0.5805,2.4971
118.1516,0.6836,2.9394
118.1518,0.6916,2.9795
118.1520,0.598,2.5772
118.1522,0.5857,2.5245
118.1524,0.4917,2.1233
118.1526,0.4609,1.9902
118.1528,0.4598,1.9837
118.1530,0.4663,2.0117
118.1532,0.5212,2.2454
118.1534,0.5544,2.3896
118.1536,0.4869,2.0997
118.1538,0.476,2.0536
118.1540,0.4811,2.0743
118.1542,0.4836,2.0861
118.1544,0.4745,2.0468
118.1546,0.4749,2.0499
118.1548,0.4741,2.0434
118.1550,0.5056,2.1793
118.1552,0.4915,2.1203
118.1554,0.4752,2.049
118.1556,0.526,2.2661
118.1558,0.5435,2.3426
118.1560,0.5415,2.3349
118.1562,0.5294,2.2806
118.1564,0.5167,2.2268
118.1566,0.5296,2.2805
118.1568,0.5773,2.4872
118.1570,0.5863,2.5248
118.1572,0.6136,2.642
118.1574,0.63,2.714
118.1576,0.6281,2.6982
118.1578,0.695,2.987
118.1580,0.6881,2.9631
118.1582,0.6056,2.603
118.1584,0.7154,3.0774
118.1586,0.6809,2.928
118.1588,0.6192,2.6662
118.1590,0.5838,2.5116
118.1592,0.6893,2.9641
118.1594,0.6959,2.9911
118.1596,0.7212,3.097
118.1598,0.7018,3.0192
118.1600,0.6877,2.9569
118.1602,0.6654,2.857
118.1604,0.7627,3.2797
118.1606,0.7066,3.0384
118.1608,0.782,3.3517
118.1610,0.8885,3.8099
118.1612,0.9092,3.8934
118.1614,0.9526,4.0792
118.1616,0.9421,4.0378
118.1618,0.9483,4.0588
118.1620,0.9889,4.2323
118.1622,0.9507,4.0805
118.1624,0.8963,3.8433
118.1626,0.9661,4.1387
118.1628,0.9761,4.1818
118.1630,0.9544,4.0927
118.1632,0.9306,3.9866
118.1634,0.956,4.0955
118.1636,0.9489,4.0709
118.1638,0.9554,4.0929
118.1640,1.0349,4.4273
118.1642,1.0644,4.5556
118.1644,1.0996,4.6999
118.1646,1.1016,4.7147
118.1648,1.1068,4.7351
118.1650,1.0887,4.6641
118.1652,1.0772,4.6084
118.1654,1.1494,4.9218
118.1656,1.077,4.6224
118.1658,0.8541,3.6674
118.1660,0.861,3.6956
118.1662,0.8195,3.5208
118.1664,0.7827,3.3673
118.1666,0.7607,3.274
118.1668,0.769,3.3049
118.1670,0.8416,3.6139
118.1672,0.8007,3.4463
118.1674,0.7269,3.127
118.1676,0.7525,3.2343
118.1678,0.7628,3.2771
118.1680,0.8266,3.5512
118.1682,0.8258,3.5492
118.1684,0.8368,3.5983
118.1686,0.8688,3.7325
118.1688,0.8673,3.7206
118.1690,0.9094,3.9048
118.1692,0.8913,3.8288
118.1694,0.8251,3.5428
118.1696,0.8409,3.6041
118.1698,0.9552,4.0996
118.1700,0.9222,3.9543
118.1702,0.9704,4.1649
118.1704,0.9096,3.904
118.1706,0.8988,3.8559
118.1708,0.8941,3.8412
118.1710,0.8275,3.5614
118.1712,0.7748,3.3287
118.1714,0.8898,3.8209
118.1716,0.9112,3.9125
118.1718,0.8953,3.8445
118.1720,0.9007,3.8731
118.1722,0.7919,3.4081
118.1724,0.7228,3.108
118.1726,0.7717,3.3183
118.1728,0.7614,3.2786
118.1730,0.7188,3.0967
118.1732,0.7181,3.0907
118.1734,0.7363,3.1633
118.1736,0.8291,3.5587
118.1738,0.882,3.7874
118.1740,0.8481,3.6519
118.1742,0.7444,3.2008
118.1744,0.7195,3.0941
118.1746,0.7194,3.0979
118.1748,0.7755,3.3379
118.1750,0.7251,3.1192
118.1752,0.7047,3.0344
118.1754,0.713,3.0686
118.1756,0.7411,3.1839
118.1758,0.8133,3.494
118.1760,0.8224,3.5381
118.1762,0.7644,3.2884
118.1764,0.7324,3.1551
118.1766,0.7326,3.1517
118.1768,0.7895,3.3947
118.1770,0.8511,3.658
118.1772,0.9006,3.8654
118.1774,0.9221,3.9594
118.1776,0.9498,4.0764
118.1778,0.941,4.0464
118.1780,0.7992,3.4412
118.1782,0.7735,3.3292
118.1784,0.7769,3.3421
118.1786,0.7707,3.3158
118.1788,0.7681,3.3059
118.1790,0.7669,3.2977
118.1792,0.7693,3.3096
118.1794,0.7622,3.2822
118.1796,0.7657,3.2941
118.1798,0.7606,3.2704
118.1800,0.7703,3.3152
118.1802,0.7904,3.3988
118.1804,0.8766,3.7642
118.1806,0.8583,3.6889
118.1808,0.7733,3.325
118.1810,0.782,3.3643
118.1812,0.7987,3.4375
118.1814,0.7909,3.3993
118.1816,0.8145,3.5024
118.1818,0.7022,3.0221
118.1820,0.7654,3.2925
118.1822,0.7849,3.3798
118.1824,0.6701,2.8857
118.1826,0.6753,2.9092
118.1828,0.6818,2.9426
118.1830,0.593,2.5584
118.1832,0.5657,2.4405
118.1834,0.5688,2.4482
118.1836,0.7373,3.1718
118.1838,0.7771,3.3462
118.1840,0.7047,3.0344
118.1842,0.7483,3.2163
118.1844,0.8048,3.4623
118.1846,0.8166,3.5128
118.1848,0.8212,3.5296
118.1850,0.8694,3.7351
118.1852,0.8508,3.6552
118.1854,0.8662,3.7281
118.1856,0.7597,3.2698
118.1858,0.7573,3.255
118.1860,0.8279,3.5602
118.1862,0.9383,4.0232
118.1864,0.8937,3.8463
118.1866,0.8085,3.4718
118.1868,0.8614,3.7023
118.1870,0.8098,3.4823
118.1872,0.7966,3.4224
118.1874,0.8443,3.6269
118.1876,0.8975,3.861
118.1878,0.7881,3.3906
118.1880,0.7255,3.1242
118.1882,0.7493,3.2249
118.1884,0.7548,3.2456
118.1886,0.7948,3.4163
118.1888,0.8005,3.4469
118.1890,0.7303,3.1448
118.1892,0.7805,3.3591
118.1894,0.746,3.211
118.1896,0.7035,3.0348
118.1898,0.6402,2.7617
118.1900,0.6083,2.6205
118.1902,0.6188,2.6709
118.1904,0.5439,2.3485
118.1906,0.5323,2.3004
118.1908,0.5301,2.2879
118.1910,0.526,2.2703
118.1912,0.5293,2.2853
118.1914,0.5302,2.2884
118.1916,0.5312,2.2915
118.1918,0.5347,2.3054
118.1920,0.6255,2.6948
118.1922,0.6996,3.0127
118.1924,0.7097,3.0589
118.1926,0.6464,2.7847
118.1928,0.5789,2.4997
118.1930,0.53,2.2863
118.1932,0.5648,2.433
118.1934,0.6095,2.6232
118.1936,0.6586,2.8361
118.1938,0.6325,2.7261
118.1940,0.6301,2.7157
118.1942,0.7373,3.1689
118.1944,0.7902,3.3962
118.1946,0.8072,3.4677
118.1948,0.8453,3.6332
118.1950,0.8642,3.7055
118.1952,0.954,4.0906
118.1954,0.9512,4.0902
118.1956,0.879,3.771
118.1958,1.0156,4.3467
118.1960,1.0556,4.5245
118.1962,1.048,4.4895
118.1964,1.0638,4.5594
118.1966,1.0555,4.5219
118.1968,1.0676,4.5652
118.1970,1.1151,4.7816
118.1972,1.051,4.5023
118.1974,1.1451,4.8941
118.1976,1.2289,5.2548
118.1978,1.1612,4.9674
118.1980,1.1426,4.8994
118.1982,1.0234,4.3944
118.1984,0.9468,4.0711
118.1986,0.7917,3.4155
118.1988,0.6832,2.9447
118.1990,0.7102,3.0581
118.1992,0.6937,2.9896
118.1994,0.689,2.9681
118.1996,0.7148,3.0734
118.1998,0.7767,3.3416
118.2000,0.7794,3.3591
118.2002,0.7269,3.1313
118.2004,0.7586,3.2591
118.2006,0.8639,3.7148
118.2008,0.8495,3.653
118.2010,0.8203,3.5272
118.2012,0.7636,3.2863
118.2014,0.7289,3.1416
118.2016,0.6595,2.841
118.2018,0.7042,3.0309
118.2020,0.7891,3.401
118.2022,0.6615,2.8498
118.2024,0.6438,2.7746
118.2026,0.6898,2.9731
118.2028,0.6652,2.8658
118.2030,0.693,2.9829
118.2032,0.7065,3.0478
118.2034,0.6345,2.7412
118.2036,0.5404,2.3335
118.2038,0.5409,2.3345
118.2040,0.6104,2.631
118.2042,0.647,2.7886
118.2044,0.635,2.7356
118.2046,0.6662,2.8673
118.2048,0.7679,3.3018
118.2050,0.8037,3.4608
118.2052,0.7621,3.2832
118.2054,0.7549,3.2447
118.2056,0.7947,3.4189
118.2058,0.7101,3.0619
118.2060,0.596,2.5702
118.2062,0.5707,2.4622
118.2064,0.6016,2.5903
118.2066,0.7345,3.1659
118.2068,0.6978,3.0063
118.2070,0.6835,2.9416
118.2072,0.6953,2.9996
118.2074,0.6308,2.7188
118.2076,0.6369,2.7465
118.2078,0.6088,2.6262
118.2080,0.585,2.5226
118.2082,0.5879,2.5397
118.2084,0.6042,2.6005
118.2086,0.7331,3.1538
118.2088,0.7484,3.2213
118.2090,0.7313,3.1534
118.2092,0.6056,2.6115
118.2094,0.5928,2.5562
118.2096,0.5853,2.5248
118.2098,0.5941,2.5619
118.2100,0.6542,2.8157
118.2102,0.7737,3.3271
118.2104,0.8046,3.4628
118.2106,0.7812,3.3591
118.2108,0.7778,3.3462
118.2110,0.6811,2.9354
118.2112,0.5936,2.5634
118.2114,0.586,2.5279
118.2116,0.5845,2.5205
118.2118,0.585,2.5214
118.2120,0.6576,2.8341
118.2122,0.6359,2.7444
118.2124,0.5839,2.5168
118.2126,0.5867,2.5298
118.2128,0.5974,2.5746
118.2130,0.6293,2.7096
118.2132,0.668,2.8777
118.2134,0.635,2.7395
118.2136,0.5809,2.5027
118.2138,0.5709,2.4627
118.2140,0.5312,2.2894
118.2142,0.5678,2.4481
118.2144,0.6122,2.64
118.2146,0.5878,2.5404
118.2148,0.4993,2.1569
118.2150,0.488,2.1072
118.2152,0.4892,2.1124
118.2154,0.485,2.0933
118.2156,0.4871,2.1012
118.2158,0.4902,2.1166
118.2160,0.4883,2.1073
118.2162,0.4883,2.1093
118.2164,0.4855,2.0964
118.2166,0.4886,2.1098
118.2168,0.4837,2.0876
118.2170,0.4886,2.1088
118.2172,0.5019,2.1643
118.2174,0.5643,2.4298
118.2176,0.6112,2.6329
118.2178,0.6395,2.7535
118.2180,0.6339,2.731
118.2182,0.6156,2.6507
118.2184,0.6363,2.7464
118.2186,0.5151,2.2191
118.2188,0.5652,2.4328
118.2190,0.6594,2.8405
118.2192,0.6096,2.6261
118.2194,0.6203,2.6672
118.2196,0.7432,3.2001
118.2198,0.6941,2.9917
118.2200,0.65,2.795
118.2202,0.6663,2.8678
118.2204,0.6271,2.7016
118.2206,0.6193,2.6655
118.2208,0.6335,2.7277
118.2210,0.6476,2.7886
118.2212,0.6586,2.8374
118.2214,0.6318,2.723
118.2216,0.6295,2.7106
118.2218,0.6579,2.8317
118.2220,0.6433,2.7739
118.2222,0.5374,2.3173
118.2224,0.5531,2.3806
118.2226,0.6332,2.7241
118.2228,0.6651,2.8626
118.2230,0.6492,2.8005
118.2232,0.5673,2.4461
118.2234,0.5397,2.3261
118.2236,0.5559,2.3936
118.2238,0.6402,2.7553
118.2240,0.7071,3.039
118.2242,0.7067,3.0431
118.2244,0.662,2.8506
118.2246,0.691,2.9714
118.2248,0.7784,3.3425
118.2250,0.8035,3.455
118.2252,0.773,3.3225
118.2254,0.7156,3.0785
118.2256,0.6926,2.9822
118.2258,0.6395,2.7548
118.2260,0.6363,2.7401
118.2262,0.6892,2.9595
118.2264,0.7869,3.3838
118.2266,0.7508,3.2301
118.2268,0.747,3.2062
118.2270,0.8397,3.6056
118.2272,0.8065,3.463
118.2274,0.913,3.9148
118.2276,0.9477,4.062
118.2278,0.9518,4.0832
118.2280,0.9486,4.0675
118.2282,0.9785,4.1921
118.2284,0.9622,4.1241
118.2286,0.9845,4.2158
118.2288,1.0686,4.5779
118.2290,1.0535,4.5089
118.2292,1.0769,4.609
118.2294,1.0787,4.6167
118.2296,1.0742,4.5998
118.2298,1.0983,4.7008
118.2300,1.091,4.6674
118.2302,1.1329,4.8419
118.2304,1.1553,4.9492
118.2306,1.0899,4.6693
118.2308,1.1052,4.7323
118.2310,1.0379,4.463
118.2312,0.8155,3.5098
118.2314,0.7787,3.3498
118.2316,0.8053,3.4611
118.2318,0.8037,3.4576
118.2320,0.8053,3.4627
118.2322,0.8661,3.7206
118.2324,0.8632,3.7135
118.2326,0.8048,3.4558
118.2328,0.7923,3.4134
118.2330,0.7127,3.0661
118.2332,0.8064,3.4609
118.2334,0.9059,3.8899
118.2336,0.8627,3.7062
118.2338,0.8248,3.5451
118.2340,0.7863,3.386
118.2342,0.7291,3.1382
118.2344,0.707,3.0442
118.2346,0.7241,3.1137
118.2348,0.7631,3.2827
118.2350,0.7601,3.2775
118.2352,0.6724,2.8968
118.2354,0.7212,3.1027
118.2356,0.7031,3.0305
118.2358,0.6721,2.898
118.2360,0.6784,2.9186
118.2362,0.7307,3.1435
118.2364,0.7655,3.3007
118.2366,0.6357,2.74
118.2368,0.6636,2.8573
118.2370,0.6857,2.9528
118.2372,0.7254,3.1251
118.2374,0.7236,3.113
118.2376,0.7507,3.2356
118.2378,0.6447,2.7788
118.2380,0.6189,2.6689
118.2382,0.6253,2.6951
118.2384,0.6417,2.7633
118.2386,0.6552,2.8264
118.2388,0.6169,2.6601
118.2390,0.6095,2.6268
118.2392,0.5869,2.5273
118.2394,0.7163,3.0816
118.2396,0.7434,3.2026
118.2398,0.6341,2.7328
118.2400,0.5815,2.5122
118.2402,0.509,2.1989
118.2404,0.5034,2.1745
118.2406,0.5309,2.2905
118.2408,0.5532,2.3867
118.2410,0.5604,2.4177
118.2412,0.5842,2.5143
118.2414,0.6566,2.8299
118.2416,0.6606,2.843
118.2418,0.6855,2.9531
118.2420,0.6916,2.9753
118.2422,0.7572,3.2544
118.2424,0.7633,3.2838
118.2426,0.7743,3.3235
118.2428,0.8522,3.6575
118.2430,0.9017,3.8736
118.2432,0.8577,3.6863
118.2434,0.8001,3.4373
118.2436,0.8483,3.6461
118.2438,0.8751,3.7628
118.2440,0.8086,3.4755
118.2442,0.8047,3.4553
118.2444,0.8267,3.555
118.2446,0.8065,3.4646
118.2448,0.8595,3.6975
118.2450,0.8366,3.5956
118.2452,0.8482,3.6439
118.2454,0.8488,3.6448
118.2456,0.8434,3.6267
118.2458,0.7937,3.4127
118.2460,0.8566,3.6765
118.2462,0.9348,4.0158
118.2464,0.8986,3.862
118.2466,0.87,3.7411
118.2468,0.7952,3.4258
118.2470,0.701,3.0212
118.2472,0.6421,2.7674
118.2474,0.5725,2.47
118.2476,0.5835,2.5159
118.2478,0.5841,2.5196
118.2480,0.5933,2.5594
118.2482,0.5833,2.5153
118.2484,0.5795,2.5
118.2486,0.58,2.5032
118.2488,0.5779,2.4921
118.2490,0.5785,2.4924
118.2492,0.644,2.7705
118.2494,0.7393,3.1851
118.2496,0.6688,2.8853
118.2498,0.5801,2.5014
118.2500,0.5676,2.4488
118.2502,0.5851,2.5208
118.2504,0.6668,2.8685
118.2506,0.7243,3.1161
118.2508,0.7299,3.1442
118.2510,0.6386,2.755
118.2512,0.5679,2.4487
118.2514,0.5541,2.387
118.2516,0.6501,2.7981
118.2518,0.7614,3.2755
118.2520,0.7789,3.3493
118.2522,0.7693,3.3065
118.2524,0.7666,3.2931
118.2526,0.806,3.469
118.2528,0.7434,3.1981
118.2530,0.7824,3.358
118.2532,0.892,3.8301
118.2534,0.8295,3.5718
118.2536,0.7359,3.1642
118.2538,0.7488,3.2214
118.2540,0.7248,3.1167
118.2542,0.7204,3.1034
118.2544,0.6638,2.8583
118.2546,0.6733,2.9031
118.2548,0.5984,2.5829
118.2550,0.5393,2.3256
118.2552,0.5341,2.305
118.2554,0.5384,2.3204
118.2556,0.5995,2.5851
118.2558,0.5926,2.5528
118.2560,0.6248,2.698
118.2562,0.5392,2.3272
118.2564,0.527,2.2734
118.2566,0.5245,2.2625
118.2568,0.5258,2.2682
118.2570,0.5246,2.2631
118.2572,0.5287,2.2806
118.2574,0.5287,2.2806
118.2576,0.5541,2.387
118.2578,0.6411,2.7607
118.2580,0.6574,2.8322
118.2582,0.623,2.689
118.2584,0.549,2.3686
118.2586,0.5387,2.3241
118.2588,0.5426,2.3396
118.2590,0.5556,2.397
118.2592,0.5914,2.5488
118.2594,0.6432,2.7682
118.2596,0.7022,3.0179
118.2598,0.769,3.3096
118.2600,0.7295,3.1369
118.2602,0.7734,3.3225
118.2604,0.8052,3.4606
118.2606,0.805,3.4552
118.2608,0.8405,3.6059
118.2610,0.9565,4.0976
118.2612,1.0717,4.5848
118.2614,1.0625,4.5538
118.2616,0.9892,4.2437
118.2618,0.9861,4.2225
118.2620,1.0374,4.4422
118.2622,1.0751,4.6034
118.2624,1.0712,4.5934
118.2626,1.0303,4.4099
118.2628,1.1312,4.8347
118.2630,1.214,5.1912
118.2632,1.2803,5.4696
118.2634,1.2325,5.2677
118.2636,1.1922,5.1051
118.2638,1.1512,4.9341
118.2640,1.1162,4.7907
118.2642,1.0137,4.3507
118.2644,0.9884,4.2401
118.2646,0.9444,4.0551
118.2648,0.9193,3.9512
118.2650,0.8802,3.7832
118.2652,0.8589,3.6897
118.2654,0.8344,3.593
118.2656,0.7308,3.1454
118.2658,0.7992,3.4348
118.2660,0.8408,3.6136
118.2662,0.8066,3.4716
118.2664,0.7588,3.2672
118.2666,0.7219,3.1101
118.2668,0.7098,3.0608
118.2670,0.693,2.9829
118.2672,0.7095,3.0564
118.2674,0.7001,3.0161
118.2676,0.7233,3.1115
118.2678,0.7077,3.0473
118.2680,0.755,3.2527
118.2682,0.6902,2.976
118.2684,0.6178,2.6637
118.2686,0.6372,2.7437
118.2688,0.7275,3.1383
118.2690,0.6395,2.7548
118.2692,0.696,2.9958
118.2694,0.7131,3.0733
118.2696,0.6656,2.866
118.2698,0.6164,2.6605
118.2700,0.583,2.515
118.2702,0.646,2.7819
118.2704,0.6637,2.8618
118.2706,0.6211,2.6795
118.2708,0.6259,2.7001
118.2710,0.5518,2.3827
118.2712,0.5315,2.2952
118.2714,0.5076,2.1916
118.2716,0.4994,2.1564
118.2718,0.4916,2.1218
118.2720,0.5525,2.3858
118.2722,0.5275,2.2755
118.2724,0.5619,2.4273
118.2726,0.492,2.1233
118.2728,0.504,2.1731
118.2730,0.5797,2.4998
118.2732,0.6089,2.6255
118.2734,0.5935,2.5605
118.2736,0.524,2.2647
118.2738,0.4348,1.88
118.2740,0.4293,1.8544
118.2742,0.5121,2.2082
118.2744,0.5664,2.4413
118.2746,0.5582,2.4068
118.2748,0.5616,2.4218
118.2750,0.5613,2.4213
118.2752,0.5655,2.4394
118.2754,0.5646,2.4358
118.2756,0.5941,2.5583
118.2758,0.6585,2.8343
118.2760,0.7138,3.0679
118.2762,0.7445,3.2028
118.2764,0.7181,3.0879
118.2766,0.7725,3.325
118.2768,0.6258,2.7009
118.2770,0.5465,2.3566
118.2772,0.545,2.351
118.2774,0.5501,2.3699
118.2776,0.5723,2.4678
118.2778,0.5619,2.4228
118.2780,0.5576,2.4042
118.2782,0.5556,2.3948
118.2784,0.5595,2.4102
118.2786,0.6745,2.9015
118.2788,0.6502,2.8052
118.2790,0.5499,2.37
118.2792,0.539,2.3251
118.2794,0.5396,2.3256
118.2796,0.5518,2.3805
118.2798,0.4731,2.0393
118.2800,0.5018,2.1678
118.2802,0.4633,2.0015
118.2804,0.4592,1.9802
118.2806,0.5357,2.3133
118.2808,0.493,2.129
118.2810,0.4764,2.0561
118.2812,0.455,1.963
118.2814,0.4549,1.9643
118.2816,0.4548,1.9638
118.2818,0.4994,2.1534
118.2820,0.5734,2.4678
118.2822,0.6432,2.7695
118.2824,0.6011,2.5871
118.2826,0.6071,2.6129
118.2828,0.6526,2.8077
118.2830,0.7074,3.0448
118.2832,0.6945,2.9863
118.2834,0.7257,3.1189
118.2836,0.7712,3.3147
118.2838,0.7694,3.3055
118.2840,0.708,3.0488
118.2842,0.641,2.7564
118.2844,0.7897,3.3925
118.2846,0.7216,3.1057
118.2848,0.6282,2.705
118.2850,0.6785,2.9218
118.2852,0.6837,2.944
118.2854,0.6329,2.7251
118.2856,0.591,2.5461
118.2858,0.597,2.5719
118.2860,0.677,2.9137
118.2862,0.6753,2.9052
118.2864,0.6608,2.8441
118.2866,0.655,2.8206
118.2868,0.6103,2.6305
118.2870,0.6098,2.6235
118.2872,0.7174,3.0833
118.2874,0.6964,3.0001
118.2876,0.6204,2.6726
118.2878,0.599,2.5795
118.2880,0.599,2.5819
118.2882,0.6011,2.5919
118.2884,0.6018,2.5914
118.2886,0.5758,2.4851
118.2888,0.5032,2.171
118.2890,0.4951,2.1358
118.2892,0.4868,2.0991
118.2894,0.4743,2.0463
118.2896,0.4733,2.0417
118.2898,0.4785,2.0644
118.2900,0.4859,2.0979
118.2902,0.4865,2.0995
118.2904,0.5324,2.2945
118.2906,0.5866,2.5258
118.2908,0.6187,2.6666
118.2910,0.5026,2.1674
118.2912,0.4841,2.0882
118.2914,0.4881,2.1058
118.2916,0.4875,2.1032
118.2918,0.5241,2.2599
118.2920,0.564,2.4287
118.2922,0.6151,2.6474
118.2924,0.6116,2.6361
118.2926,0.5896,2.5375
118.2928,0.676,2.9056
118.2930,0.7349,3.1586
118.2932,0.7727,3.3178
118.2934,0.7889,3.3858
118.2936,0.8309,3.5681
118.2938,0.8517,3.6554
118.2940,0.8839,3.7939
118.2942,0.8245,3.5353
118.2944,0.9156,3.9242
118.2946,0.9795,4.1942
118.2948,0.9655,4.1342
118.2950,0.9686,4.1514
118.2952,1.011,4.3333
118.2954,1.0144,4.3457
118.2956,1.0097,4.3196
118.2958,1.0751,4.5927
118.2960,1.1202,4.7987
118.2962,0.9896,4.2453
118.2964,0.9194,3.9444
118.2966,0.8771,3.768
118.2968,0.8751,3.7575
118.2970,0.8606,3.6987
118.2972,0.7601,3.2699
118.2974,0.7155,3.078
118.2976,0.7311,3.1436
118.2978,0.7626,3.2746
118.2980,0.8166,3.5063
118.2982,0.799,3.4375
118.2984,0.7591,3.2642
118.2986,0.7409,3.1888
118.2988,0.6824,2.9342
118.2990,0.7116,3.0586
118.2992,0.818,3.5108
118.2994,0.9178,3.939
118.2996,0.7857,3.3802
118.2998,0.7062,3.0368
118.3000,0.7725,3.3235
118.3002,0.7134,3.0706
118.3004,0.6562,2.8218
118.3006,0.7067,3.0403
118.3008,0.7541,3.241
118.3010,0.7301,3.1438
118.3012,0.6425,2.7677
118.3014,0.6578,2.8377
118.3016,0.5903,2.5465
118.3018,0.5978,2.5743
118.3020,0.654,2.8173
118.3022,0.6254,2.6956
118.3024,0.6374,2.7447
118.3026,0.6645,2.8587
118.3028,0.6583,2.8372
118.3030,0.6189,2.6677
118.3032,0.6269,2.7018
118.3034,0.5983,2.5776
118.3036,0.6078,2.6172
118.3038,0.7138,3.0693
118.3040,0.7493,3.2234
118.3042,0.7073,3.0415
118.3044,0.6783,2.9194
118.3046,0.6841,2.9428
118.3048,0.7438,3.1997
118.3050,0.7474,3.2152
118.3052,0.7562,3.2503
118.3054,0.7554,3.2467
118.3056,0.7566,3.2534
118.3058,0.7537,3.241
118.3060,0.7362,3.1687
118.3062,0.6832,2.9419
118.3064,0.6733,2.9004
118.3066,0.6773,2.9153
118.3068,0.6892,2.9622
118.3070,0.7197,3.096
118.3072,0.7055,3.0351
118.3074,0.7284,3.1337
118.3076,0.7169,3.0798
118.3078,0.7931,3.4085
118.3080,0.8305,3.566
118.3082,0.8237,3.5421
118.3084,0.7359,3.1642
118.3086,0.8038,3.4517
118.3088,0.8578,3.68
118.3090,0.8591,3.6873
118.3092,0.8746,3.7555
118.3094,0.889,3.8173
118.3096,0.8198,3.5235
118.3098,0.7267,3.125
118.3100,0.6679,2.8799
118.3102,0.6077,2.6179
118.3104,0.6259,2.6951
118.3106,0.6219,2.6781
118.3108,0.6312,2.7204
118.3110,0.6288,2.7113
118.3112,0.6255,2.6936
118.3114,0.6239,2.6864
118.3116,0.6833,2.9411
118.3118,0.7682,3.3003
118.3120,0.8658,3.7196
118.3122,0.7716,3.3194
118.3124,0.6589,2.8384
118.3126,0.6724,2.8995
118.3128,0.5953,2.5659
118.3130,0.5565,2.3995
118.3132,0.6151,2.6511
118.3134,0.594,2.5614
118.3136,0.5546,2.3902
118.3138,0.5522,2.382
118.3140,0.5525,2.3825
118.3142,0.5532,2.3856
118.3144,0.5504,2.3754
118.3146,0.5495,2.3706
118.3148,0.5502,2.3716
118.3150,0.5519,2.3744
118.3152,0.668,2.8737
118.3154,0.6469,2.7894
118.3156,0.549,2.3664
118.3158,0.5462,2.3529
118.3160,0.5462,2.3562
118.3162,0.5438,2.3469
118.3164,0.5783,2.489
118.3166,0.643,2.7664
118.3168,0.6856,2.9509
118.3170,0.6833,2.9438
118.3172,0.6134,2.6439
118.3174,0.6174,2.656
118.3176,0.665,2.8621
118.3178,0.6354,2.7359
118.3180,0.644,2.7744
118.3182,0.6502,2.8013
118.3184,0.6939,2.9796
118.3186,0.8037,3.4544
118.3188,0.7249,3.1187
118.3190,0.6651,2.864
118.3192,0.6494,2.7976
118.3194,0.6446,2.7744
118.3196,0.6365,2.7406
118.3198,0.6349,2.7326
118.3200,0.6423,2.7672
118.3202,0.6719,2.8907
118.3204,0.6771,2.9197
118.3206,0.548,2.3617
118.3208,0.5361,2.3116
118.3210,0.5282,2.2786
118.3212,0.5347,2.3044
118.3214,0.5764,2.4819
118.3216,0.5916,2.5498
118.3218,0.6302,2.7125
118.3220,0.6217,2.6771
118.3222,0.652,2.8038
118.3224,0.6899,2.9681
118.3226,0.6731,2.8959
118.3228,0.6712,2.8917
118.3230,0.6546,2.8185
118.3232,0.6556,2.8232
118.3234,0.6893,2.9641
118.3236,0.7511,3.2252
118.3238,0.7698,3.3055
118.3240,0.8017,3.4472
118.3242,0.6869,2.9579
118.3244,0.6496,2.7948
118.3246,0.6619,2.85
118.3248,0.6717,2.891
118.3250,0.7064,3.0359
118.3252,0.7314,3.1407
118.3254,0.7905,3.393
118.3256,0.8667,3.7198
118.3258,0.8444,3.6308
118.3260,0.7813,3.358
118.3262,0.7815,3.3606
118.3264,0.7881,3.3827
118.3266,0.8309,3.5647
118.3268,0.8633,3.7036
118.3270,0.8537,3.6642
118.3272,0.874,3.7529
118.3274,0.8428,3.6224
118.3276,0.8488,3.6414
118.3278,0.8823,3.7867
118.3280,0.8626,3.7074
118.3282,0.8357,3.587
118.3284,0.8747,3.7507
118.3286,0.9221,3.9538
118.3288,0.9263,3.9774
118.3290,0.9108,3.9073
118.3292,0.9284,3.9792
118.3294,0.9383,4.027
118.3296,0.912,3.9161
118.3298,0.8784,3.7719
118.3300,0.8122,3.4877
118.3302,0.7933,3.4112
118.3304,0.7365,3.1682
118.3306,0.7312,3.147
118.3308,0.7331,3.1509
118.3310,0.795,3.4152
118.3312,0.8016,3.4451
118.3314,0.7948,3.4179
118.3316,0.7832,3.3616
118.3318,0.8427,3.6185
118.3320,0.8421,3.6159
118.3322,0.8697,3.7396
118.3324,0.8019,3.4451
118.3326,0.7809,3.358
118.3328,0.8313,3.5713
118.3330,0.8011,3.4431
118.3332,0.7077,3.043
118.3334,0.7474,3.2182
118.3336,0.6996,3.0099
118.3338,0.6541,2.8217
118.3340,0.6185,2.6681
118.3342,0.5925,2.5546
118.3344,0.5644,2.4337
118.3346,0.6128,2.6401
118.3348,0.6325,2.7223
118.3350,0.6583,2.8345
118.3352,0.6124,2.6454
118.3354,0.514,2.2165
118.3356,0.5926,2.5528
118.3358,0.6029,2.5996
118.3360,0.6007,2.5903
118.3362,0.5868,2.5292
118.3364,0.5826,2.5099
118.3366,0.562,2.4222
118.3368,0.5791,2.4996
118.3370,0.5205,2.2465
118.3372,0.5227,2.2527
118.3374,0.5633,2.429
118.3376,0.5761,2.4843
118.3378,0.5831,2.5143
118.3380,0.5249,2.2636
118.3382,0.5175,2.2305
118.3384,0.5555,2.3987
118.3386,0.5131,2.2165
118.3388,0.505,2.1787
118.3390,0.5157,2.2289
118.3392,0.4311,1.863
118.3394,0.4101,1.7723
118.3396,0.4161,1.7941
118.3398,0.4694,2.0251
118.3400,0.5373,2.3157
118.3402,0.5538,2.3882
118.3404,0.5609,2.4198
118.3406,0.5577,2.4036
118.3408,0.561,2.4181
118.3410,0.5481,2.3633
118.3412,0.5426,2.3406
118.3414,0.5468,2.3577
118.3416,0.5548,2.389
118.3418,0.6156,2.6495
118.3420,0.6294,2.7101
118.3422,0.6679,2.8732
118.3424,0.7929,3.4017
118.3426,0.8463,3.634
118.3428,0.816,3.5086
118.3430,0.7566,3.2488
118.3432,0.7289,3.1357
118.3434,0.6783,2.914
118.3436,0.7898,3.3946
118.3438,0.796,3.4262
118.3440,0.7643,3.2833
118.3442,0.7771,3.3415
118.3444,0.7282,3.1356
118.3446,0.6507,2.802
118.3448,0.6321,2.7182
118.3450,0.7088,3.0406
118.3452,0.8145,3.5008
118.3454,0.7317,3.152
118.3456,0.6594,2.8405
118.3458,0.6407,2.7574
118.3460,0.6266,2.6995
118.3462,0.6361,2.7378
118.3464,0.6865,2.96
118.3466,0.5643,2.432
118.3468,0.5553,2.391
118.3470,0.5779,2.4932
118.3472,0.4869,2.1026
118.3474,0.4621,1.9954
118.3476,0.4624,1.9946
118.3478,0.4649,2.0064
118.3480,0.4692,2.026
118.3482,0.465,2.006
118.3484,0.4758,2.0506
118.3486,0.4803,2.0722
118.3488,0.4771,2.0601
118.3490,0.4755,2.0534
118.3492,0.4759,2.053
118.3494,0.4721,2.0355
118.3496,0.503,2.1679
118.3498,0.5558,2.3931
118.3500,0.6251,2.6878
118.3502,0.6242,2.6867
118.3504,0.612,2.6328
118.3506,0.6672,2.8768
118.3508,0.5475,2.3597
118.3510,0.5538,2.3848
118.3512,0.5962,2.5671
118.3514,0.5954,2.564
118.3516,0.6012,2.5888
118.3518,0.5983,2.5752
118.3520,0.6227,2.6824
118.3522,0.6098,2.6272
118.3524,0.6293,2.7071
118.3526,0.6759,2.9104
118.3528,0.6327,2.7246
118.3530,0.6005,2.5869
118.3532,0.5971,2.57
118.3534,0.5996,2.5821
118.3536,0.6662,2.8633
118.3538,0.6633,2.8576
118.3540,0.5247,2.2636
118.3542,0.4935,2.1301
118.3544,0.4855,2.0944
118.3546,0.4872,2.0997
118.3548,0.4886,2.1069
118.3550,0.4893,2.11
118.3552,0.494,2.1262
118.3554,0.5492,2.3669
118.3556,0.4887,2.1103
118.3558,0.4806,2.0732
118.3560,0.4827,2.0806
118.3562,0.4813,2.0744
118.3564,0.4842,2.0878
118.3566,0.5247,2.2604
118.3568,0.5838,2.5127
118.3570,0.5947,2.5597
118.3572,0.5921,2.5495
118.3574,0.5753,2.4807
118.3576,0.4929,2.1255
118.3578,0.4998,2.155
118.3580,0.5428,2.3384
118.3582,0.5934,2.5528
118.3584,0.6474,2.7824
118.3586,0.6824,2.9315
118.3588,0.7656,3.289
118.3590,0.7728,3.3261
118.3592,0.6565,2.8255
118.3594,0.6426,2.7631
118.3596,0.7513,3.2277
118.3598,0.7841,3.3667
118.3600,0.7805,3.3482
118.3602,0.8035,3.4469
118.3604,0.8423,3.6136
118.3606,0.9001,3.8615
118.3608,0.8853,3.8048
118.3610,0.8072,3.4629
118.3612,0.8963,3.8361
118.3614,0.9723,4.1634
118.3616,0.9751,4.1752
118.3618,0.9709,4.1553
118.3620,1.0332,4.4181
118.3622,1.0898,4.6644
118.3624,1.1162,4.7773
118.3626,1.0514,4.5023
118.3628,1.0136,4.336
118.3630,1.0596,4.5351
118.3632,1.0705,4.5775
118.3634,1.0414,4.4675
118.3636,0.9166,3.9338
118.3638,0.906,3.8867
118.3640,0.8676,3.7291
118.3642,0.8031,3.447
118.3644,0.8735,3.7491
118.3646,0.8301,3.5628
118.3648,0.8999,3.8569
118.3650,0.9976,4.2718
118.3652,1.0076,4.3164
118.3654,1.0212,4.379
118.3656,0.9493,4.0705
118.3658,0.9836,4.2117
118.3660,1.0377,4.4453
118.3662,0.9294,3.9889
118.3664,0.8404,3.6121
118.3666,0.7734,3.3256
118.3668,0.7831,3.3642
118.3670,0.8543,3.6685
118.3672,0.8496,3.6518
118.3674,0.8203,3.5304
118.3676,0.7216,3.1057
118.3678,0.6984,3.0075
118.3680,0.6359,2.7393
118.3682,0.6843,2.9466
118.3684,0.7421,3.1925
118.3686,0.705,3.0345
118.3688,0.7332,3.1572
118.3690,0.6827,2.9399
118.3692,0.6706,2.885
118.3694,0.701,3.0127
118.3696,0.711,3.0617
118.3698,0.7078,3.0492
118.3700,0.6881,2.9631
118.3702,0.6782,2.9203
118.3704,0.6475,2.7933
118.3706,0.5915,2.5493
118.3708,0.5993,2.5817
118.3710,0.6104,2.6273
118.3712,0.6578,2.8325
118.3714,0.6017,2.5921
118.3716,0.7001,3.0147
118.3718,0.7275,3.1325
118.3720,0.6594,2.8431
118.3722,0.5878,2.5357
118.3724,0.5626,2.4248
118.3726,0.5727,2.467
118.3728,0.5724,2.4683
118.3730,0.607,2.6124
118.3732,0.6526,2.8129
118.3734,0.6088,2.625
118.3736,0.5915,2.5505
118.3738,0.6052,2.6034
118.3740,0.6869,2.9579
118.3742,0.6389,2.7522
118.3744,0.6419,2.7638
118.3746,0.6969,2.991
118.3748,0.8195,3.5191
118.3750,0.8138,3.4993
118.3752,0.794,3.4142
118.3754,0.7761,3.3405
118.3756,0.6404,2.7589
118.3758,0.6158,2.6542
118.3760,0.6133,2.6409
118.3762,0.607,2.6136
118.3764,0.6114,2.6363
118.3766,0.6138,2.6467
118.3768,0.6144,2.6468
118.3770,0.6119,2.6372
118.3772,0.6252,2.6958
118.3774,0.613,2.6382
118.3776,0.6119,2.6347
118.3778,0.6112,2.6341
118.3780,0.6065,2.6115
118.3782,0.6272,2.7021
118.3784,0.726,3.1219
118.3786,0.742,3.1905
118.3788,0.7166,3.0869
118.3790,0.5897,2.5416
118.3792,0.5603,2.4161
118.3794,0.5572,2.4038
118.3796,0.5959,2.5673
118.3798,0.5683,2.4496
118.3800,0.5508,2.3752
118.3802,0.57,2.458
118.3804,0.5998,2.5838
118.3806,0.5807,2.5028
118.3808,0.5456,2.3536
118.3810,0.5278,2.277
118.3812,0.5257,2.2656
118.3814,0.5314,2.2893
118.3816,0.623,2.6803
118.3818,0.72,3.1004
118.3820,0.6327,2.7271
118.3822,0.5721,2.4622
118.3824,0.6541,2.8125
118.3826,0.7026,3.0214
118.3828,0.7059,3.0381
118.3830,0.7252,3.1154
118.3832,0.7776,3.3436
118.3834,0.7923,3.4054
118.3836,0.8149,3.4974
118.3838,0.8584,3.6808
118.3840,0.8889,3.8132
118.3842,0.8908,3.825
118.3844,0.8025,3.4525
118.3846,0.7243,3.1176
118.3848,0.6929,2.981
118.3850,0.76,3.2663
118.3852,0.8245,3.5403
118.3854,0.8492,3.6463
118.3856,0.7811,3.357
118.3858,0.7911,3.3987
118.3860,0.8229,3.5303
118.3862,0.8385,3.6022
118.3864,0.8151,3.505
118.3866,0.7733,3.322
118.3868,0.7263,3.1287
118.3870,0.6084,2.6234
118.3872,0.5977,2.5774
118.3874,0.5898,2.5421
118.3876,0.5886,2.5346
118.3878,0.5939,2.5597
118.3880,0.5841,2.5185
118.3882,0.5859,2.5239
118.3884,0.6385,2.7519
118.3886,0.5448,2.3505
118.3888,0.4933,2.128
118.3890,0.497,2.1441
118.3892,0.5043,2.1756
118.3894,0.5049,2.1782
118.3896,0.516,2.2227
118.3898,0.6221,2.6848
118.3900,0.5242,2.2605
118.3902,0.5054,2.1803
118.3904,0.505,2.1767
118.3906,0.5941,2.5583
118.3908,0.55,2.3716
118.3910,0.4883,2.1073
118.3912,0.4835,2.0876
118.3914,0.4855,2.0935
118.3916,0.5001,2.1555
118.3918,0.555,2.39
118.3920,0.6229,2.6822
118.3922,0.6401,2.7561
118.3924,0.5853,2.5189
118.3926,0.6018,2.5878
118.3928,0.7107,3.0573
118.3930,0.72,3.0961
118.3932,0.7106,3.0525
118.3934,0.7706,3.3106
118.3936,0.8211,3.5258
118.3938,0.8922,3.8222
118.3940,0.9401,4.0272
118.3942,0.95,4.0698
118.3944,0.9733,4.1675
118.3946,0.9892,4.2398
118.3948,0.9718,4.1711
118.3950,0.9561,4.096
118.3952,0.9893,4.2403
118.3954,0.9939,4.2519
118.3956,1.1106,4.7488
118.3958,1.1337,4.8568
118.3960,1.0115,4.3354
118.3962,0.9776,4.186
118.3964,1.038,4.4489
118.3966,1.0293,4.4114
118.3968,0.9926,4.2522
118.3970,0.8856,3.8011
118.3972,0.8306,3.5682
118.3974,0.7776,3.3452
118.3976,0.7466,3.2136
118.3978,0.7598,3.2688
118.3980,0.8172,3.5121
118.3982,0.751,3.2321
118.3984,0.6657,2.8679
118.3986,0.6288,2.71
118.3988,0.6228,2.6842
118.3990,0.6318,2.7204
118.3992,0.6387,2.7504
118.3994,0.6673,2.8746
118.3996,0.6687,2.8795
118.3998,0.6962,2.9935
118.4000,0.7155,3.0751
118.4002,0.7374,3.1768
118.4004,0.6892,2.9705
118.4006,0.6403,2.7571
118.4008,0.6465,2.7839
118.4010,0.6591,2.8421
118.4012,0.6618,2.8482
118.4014,0.7035,3.0292
118.4016,0.6476,2.7912
118.4018,0.6436,2.7741
118.4020,0.6285,2.7065
118.4022,0.6251,2.6915
118.4024,0.6818,2.9344
118.4026,0.7116,3.0629
118.4028,0.7036,3.0297
118.4030,0.751,3.2276
118.4032,0.7661,3.2941
118.4034,0.7367,3.1663
118.4036,0.7661,3.2956
118.4038,0.7437,3.1977
118.4040,0.7125,3.0651
118.4042,0.7489,3.2234
118.4044,0.7596,3.2648
118.4046,0.7919,3.3986
118.4048,0.886,3.8026
118.4050,0.9034,3.879
118.4052,0.8664,3.7222
118.4054,0.8011,3.4415
118.4056,0.8206,3.5238
118.4058,0.882,3.7856
118.4060,0.8972,3.851
118.4062,0.8589,3.6949
118.4064,0.7354,3.1665
118.4066,0.6806,2.9251
118.4068,0.7682,3.3049
118.4070,0.8119,3.4911
118.4072,0.8006,3.441
118.4074,0.8138,3.4993
118.4076,0.8353,3.5849
118.4078,0.9279,3.979
118.4080,0.9267,3.9831
118.4082,0.8204,3.526
118.4084,0.8158,3.5065
118.4086,0.8029,3.4492
118.4088,0.8314,3.5718
118.4090,0.8375,3.6081
118.4092,0.6992,3.0106
118.4094,0.6742,2.9019
118.4096,0.6663,2.8718
118.4098,0.68,2.9294
118.4100,0.6372,2.7449
118.4102,0.6819,2.9376
118.4104,0.6724,2.8968
118.4106,0.6576,2.8341
118.4108,0.6597,2.8421
118.4110,0.657,2.8276
118.4112,0.6523,2.8061
118.4114,0.6688,2.88
118.4116,0.6878,2.9588
118.4118,0.7833,3.3684
118.4120,0.8284,3.5589
118.4122,0.8192,3.5242
118.4124,0.7845,3.3719
118.4126,0.7784,3.3472
118.4128,0.732,3.1477
118.4130,0.7347,3.1634
118.4132,0.6616,2.8516
118.4134,0.6305,2.7148
118.4136,0.6265,2.6977
118.4138,0.6518,2.8106
118.4140,0.6558,2.8276
118.4142,0.6351,2.7324
118.4144,0.6417,2.7607
118.4146,0.7143,3.0742
118.4148,0.6745,2.9015
118.4150,0.6516,2.8108
118.4152,0.6047,2.6074
118.4154,0.5865,2.5323
118.4156,0.4987,2.1523
118.4158,0.4879,2.1077
118.4160,0.4841,2.0902
118.4162,0.5532,2.3811
118.4164,0.6746,2.9007
118.4166,0.7197,3.096
118.4168,0.7154,3.0832
118.4170,0.7055,3.0422
118.4172,0.6091,2.6265
118.4174,0.5759,2.4821
118.4176,0.589,2.5397
118.4178,0.5855,2.5235
118.4180,0.5761,2.4843
118.4182,0.5663,2.4419
118.4184,0.5636,2.4278
118.4186,0.6331,2.7274
118.4188,0.6477,2.7878
118.4190,0.6368,2.7409
118.4192,0.6389,2.7496
118.4194,0.6282,2.7075
118.4196,0.6053,2.61
118.4198,0.6029,2.5984
118.4200,0.6236,2.6853
118.4202,0.6209,2.6759
118.4204,0.6101,2.627
118.4206,0.6588,2.834
118.4208,0.657,2.8276
118.4210,0.6704,2.8853
118.4212,0.695,2.9856
118.4214,0.711,3.0646
118.4216,0.6203,2.6746
118.4218,0.5713,2.4602
118.4220,0.6445,2.7739
118.4222,0.6451,2.7803
118.4224,0.6395,2.7522
118.4226,0.7301,3.1351
118.4228,0.7747,3.3297
118.4230,0.7552,3.2517
118.4232,0.7043,3.0356
118.4234,0.6295,2.7119
118.4236,0.6175,2.6602
118.4238,0.6185,2.6644
118.4240,0.6178,2.6551
118.4242,0.747,3.2091
118.4244,0.7863,3.3781
118.4246,0.7891,3.3915
118.4248,0.7957,3.4167
118.4250,0.868,3.7254
118.4252,0.865,3.7212
118.4254,0.7655,3.2915
118.4256,0.8056,3.4562
118.4258,0.9211,3.9479
118.4260,0.9751,4.1791
118.4262,0.8898,3.8262
118.4264,0.7793,3.3524
118.4266,0.802,3.4472
118.4268,0.8071,3.4656
118.4270,0.8385,3.5955
118.4272,0.9416,4.0358
118.4274,0.9465,4.0568
118.4276,0.9591,4.1108
118.4278,0.9817,4.2094
118.4280,1,4.284
118.4282,1.0554,4.515
118.4284,1.1186,4.7853
118.4286,1.0937,4.6852
118.4288,1.0632,4.5569
118.4290,1.0432,4.4669
118.4292,1.0823,4.6321
118.4294,1.0893,4.6754
118.4296,0.9702,4.1658
118.4298,0.946,4.0586
118.4300,0.9311,3.9943
118.4302,0.9416,4.0433
118.4304,0.8845,3.8
118.4306,0.8717,3.7431
118.4308,0.9175,3.9361
118.4310,0.908,3.9009
118.4312,0.7969,3.4298
118.4314,0.7801,3.356
118.4316,0.7385,3.177
118.4318,0.7379,3.1744
118.4320,0.7644,3.2838
118.4322,0.8524,3.6653
118.4324,0.7616,3.2811
118.4326,0.7321,3.1526
118.4328,0.7512,3.2302
118.4330,0.8064,3.469
118.4332,0.8365,3.5984
118.4334,0.8227,3.5342
118.4336,0.8754,3.7591
118.4338,0.8572,3.6825
118.4340,0.8398,3.6112
118.4342,0.8428,3.6224
118.4344,0.8686,3.7315
118.4346,0.8166,3.5144
118.4348,0.7706,3.3137
118.4350,0.7764,3.3385
118.4352,0.7648,3.2869
118.4354,0.7866,3.3838
118.4356,0.808,3.4762
118.4358,0.8403,3.6133
118.4360,0.8011,3.4479
118.4362,0.788,3.39
118.4364,0.7863,3.386
118.4366,0.7343,3.1634
118.4368,0.6925,2.9817
118.4370,0.7471,3.2126
118.4372,0.7585,3.2677
118.4374,0.7187,3.089
118.4376,0.8103,3.486
118.4378,0.7829,3.3694
118.4380,0.6942,2.9936
118.4382,0.6656,2.8634
118.4384,0.7355,3.1656
118.4386,0.7433,3.1991
118.4388,0.7514,3.2312
118.4390,0.8484,3.6432
118.4392,0.93,3.9915
118.4394,0.8955,3.8522
118.4396,0.811,3.4907
118.4398,0.7855,3.3792
118.4400,0.797,3.4271
118.4402,0.7576,3.2605
118.4404,0.7433,3.1962
118.4406,0.8915,3.8209
118.4408,1.0041,4.3075
118.4410,0.9986,4.2839
118.4412,1.0613,4.5444
118.4414,1.0589,4.5426
118.4416,0.9693,4.1661
118.4418,0.8366,3.6006
118.4420,0.7889,3.3984
118.4422,0.7745,3.3318
118.4424,0.8088,3.4728
118.4426,0.8586,3.687
118.4428,0.8931,3.8383
118.4430,0.8688,3.7325
118.4432,0.8694,3.7351
118.4434,0.8224,3.5414
118.4436,0.8289,3.5593
118.4438,0.9477,4.0695
118.4440,0.955,4.101
118.4442,1.0044,4.303
118.4444,1.0935,4.6869
118.4446,1.0742,4.6041
118.4448,0.9838,4.2304
118.4450,0.8542,3.6799
118.4452,0.7941,3.4148
118.4454,0.7582,3.2677
118.4456,0.683,2.9436
118.4458,0.7006,3.0182
118.4460,0.691,2.9783
118.4462,0.6167,2.6579
118.4464,0.6407,2.7651
118.4466,0.6091,2.6289
118.4468,0.567,2.4484
118.4470,0.5608,2.4226
118.4472,0.5585,2.4094
118.4474,0.5618,2.4268
118.4476,0.6125,2.6398
118.4478,0.6529,2.8126
118.4480,0.6347,2.7392
118.4482,0.5631,2.4313
118.4484,0.5573,2.4076
118.4486,0.5513,2.3795
118.4488,0.5541,2.3903
118.4490,0.5741,2.4744
118.4492,0.698,3.004
118.4494,0.7408,3.1853
118.4496,0.8133,3.4973
118.4498,0.8084,3.4777
118.4500,0.7176,3.0959
118.4502,0.6672,2.8741
118.4504,0.6579,2.8343
118.4506,0.6622,2.8503
118.4508,0.7342,3.1599
118.4510,0.7261,3.1268
118.4512,0.6537,2.8149
118.4514,0.6468,2.7902
118.4516,0.6371,2.7483
118.4518,0.6415,2.7648
118.4520,0.6402,2.7579
118.4522,0.6434,2.7744
118.4524,0.639,2.7527
118.4526,0.6381,2.7478
118.4528,0.6453,2.7801
118.4530,0.6585,2.8395
118.4532,0.67,2.8865
118.4534,0.6892,2.9691
118.4536,0.6264,2.7035
118.4538,0.5691,2.4561
118.4540,0.561,2.4203
118.4542,0.5583,2.4073
118.4544,0.5534,2.3872
118.4546,0.5818,2.5075
118.4548,0.6321,2.7233
118.4550,0.6837,2.9481
118.4552,0.6285,2.7103
118.4554,0.618,2.6586
118.4556,0.6748,2.9031
118.4558,0.6903,2.9765
118.4560,0.6094,2.6239
118.4562,0.6651,2.864
118.4564,0.6948,2.9906
118.4566,0.7132,3.071
118.4568,0.7564,3.2569
118.4570,0.72,3.1004
118.4572,0.7096,3.0555
118.4574,0.6154,2.6534
118.4576,0.6136,2.6456
118.4578,0.5779,2.4932
118.4580,0.595,2.5631
118.4582,0.6221,2.6836
118.4584,0.58,2.5009
118.4586,0.5981,2.5742
118.4588,0.7082,3.0479
118.4590,0.7242,3.1142
118.4592,0.7178,3.0863
118.4594,0.762,3.2781
118.4596,0.8222,3.5354
118.4598,0.8522,3.6541
118.4600,1.0089,4.322
118.4602,1.0138,4.3451
118.4604,1.0016,4.2947
118.4606,0.9958,4.268
118.4608,1.0018,4.2937
118.4610,1.0534,4.5168
118.4612,1.0832,4.6362
118.4614,1.0982,4.7003
118.4616,1.0679,4.579
118.4618,1.0428,4.4674
118.4620,1.0716,4.5907
118.4622,1.0676,4.578
118.4624,0.9829,4.2165
118.4626,1.0098,4.3342
118.4628,1.0221,4.3826
118.4630,1.0321,4.4196
118.4632,1.0495,4.5046
118.4634,0.936,4.0228
118.4636,0.9139,3.9262
118.4638,0.8675,3.7303
118.4640,0.8347,3.5874
118.4642,0.8824,3.796
118.4644,0.8332,3.5845
118.4646,0.8169,3.5127
118.4648,0.8423,3.6254
118.4650,0.7154,3.0803
118.4652,0.7397,3.1836
118.4654,0.7883,3.3911
118.4656,0.7914,3.4076
118.4658,0.7499,3.2275
118.4660,0.7625,3.2832
118.4662,0.7598,3.2643
118.4664,0.8179,3.5218
118.4666,0.7341,3.1623
118.4668,0.6901,2.9727
118.4670,0.6568,2.8297
118.4672,0.7006,3.021
118.4674,0.698,3.0054
118.4676,0.7143,3.0771
118.4678,0.6913,2.9807
118.4680,0.6179,2.6643
118.4682,0.5998,2.5826
118.4684,0.6272,2.7071
118.4686,0.6036,2.6051
118.4688,0.5839,2.5191
118.4690,0.5867,2.531
118.4692,0.5987,2.5863
118.4694,0.5289,2.2827
118.4696,0.5554,2.3927
118.4698,0.653,2.8118
118.4700,0.6901,2.9783
118.4702,0.6368,2.7421
118.4704,0.6366,2.7424
118.4706,0.6524,2.8132
118.4708,0.6133,2.6471
118.4710,0.5755,2.4783
118.4712,0.6395,2.756
118.4714,0.6487,2.7958
118.4716,0.6391,2.7532
118.4718,0.6482,2.7912
118.4720,0.6668,2.8739
118.4722,0.6381,2.7529
118.4724,0.594,2.5649
118.4726,0.5644,2.4348
118.4728,0.5718,2.468
118.4730,0.5767,2.4881
118.4732,0.5716,2.4635
118.4734,0.5794,2.4983
118.4736,0.5778,2.4939
118.4738,0.5734,2.4747
118.4740,0.6108,2.6301
118.4742,0.6849,2.9478
118.4744,0.6761,2.9101
118.4746,0.7233,3.1129
118.4748,0.6952,2.995
118.4750,0.6186,2.6698
118.4752,0.5538,2.3904
118.4754,0.5517,2.3789
118.4756,0.5459,2.3562
118.4758,0.5427,2.3412
118.4760,0.5548,2.3923
118.4762,0.5522,2.3798
118.4764,0.5715,2.4642
118.4766,0.6301,2.7132
118.4768,0.686,2.9566
118.4770,0.5761,2.4855
118.4772,0.552,2.3815
118.4774,0.5538,2.3893
118.4776,0.5495,2.3695
118.4778,0.5478,2.3612
118.4780,0.5554,2.396
118.4782,0.5546,2.3935
118.4784,0.5338,2.3008
118.4786,0.6212,2.6775
118.4788,0.5753,2.4853
118.4790,0.5018,2.1638
118.4792,0.5401,2.3276
118.4794,0.5637,2.4317
118.4796,0.5101,2.2025
118.4798,0.4915,2.1223
118.4800,0.4753,2.0524
118.4802,0.4791,2.0689
118.4804,0.4877,2.1047
118.4806,0.5068,2.1875
118.4808,0.4912,2.1193
118.4810,0.5044,2.1731
118.4812,0.5733,2.4685
118.4814,0.6025,2.5933
118.4816,0.6014,2.5898
118.4818,0.6007,2.5843
118.4820,0.6904,2.9688
118.4822,0.7931,3.4038
118.4824,0.867,3.7213
118.4826,0.8313,3.5729
118.4828,0.8115,3.4879
118.4830,0.791,3.3982
118.4832,0.7704,3.3127
118.4834,0.7275,3.1281
118.4836,0.7652,3.292
118.4838,0.7646,3.2864
118.4840,0.7887,3.3884
118.4842,0.7794,3.3498
118.4844,0.7655,3.2915
118.4846,0.8186,3.5101
118.4848,0.8546,3.6763
118.4850,0.7308,3.1469
118.4852,0.7049,3.0368
118.4854,0.651,2.807
118.4856,0.6162,2.6558
118.4858,0.5716,2.4658
118.4860,0.5252,2.2656
118.4862,0.5137,2.216
118.4864,0.511,2.2026
118.4866,0.5845,2.5194
118.4868,0.5686,2.4529
118.4870,0.5065,2.186
118.4872,0.5016,2.1647
118.4874,0.5048,2.1777
118.4876,0.5025,2.1679
118.4878,0.5071,2.1875
118.4880,0.508,2.1896
118.4882,0.577,2.4856
118.4884,0.6046,2.6081
118.4886,0.5359,2.3138
118.4888,0.5012,2.1622
118.4890,0.5448,2.3483
118.4892,0.52,2.2434
118.4894,0.497,2.1451
118.4896,0.499,2.1519
118.4898,0.5058,2.1808
118.4900,0.5053,2.1798
118.4902,0.5101,2.2005
118.4904,0.508,2.1907
118.4906,0.5215,2.2475
118.4908,0.5694,2.4531
118.4910,0.618,2.6611
118.4912,0.6325,2.7223
118.4914,0.5905,2.5416
118.4916,0.6076,2.6125
118.4918,0.7167,3.0831
118.4920,0.7012,3.018
118.4922,0.7172,3.0794
118.4924,0.7891,3.3899
118.4926,0.7965,3.4187
118.4928,0.8886,3.805
118.4930,1.0088,4.3195
118.4932,1.0169,4.3565
118.4934,1.0014,4.2882
118.4936,1.0041,4.3015
118.4938,1.01,4.3267
118.4940,1.0296,4.4027
118.4942,1.0781,4.6206
118.4944,1.0073,4.3133
118.4946,1.0249,4.3847
118.4948,1.0867,4.6576
118.4950,1.0594,4.5425
118.4952,0.9865,4.2319
118.4954,0.8898,3.8226
118.4956,0.8296,3.5624
118.4958,0.8731,3.7441
118.4960,0.8972,3.851
118.4962,0.8558,3.6763
118.4964,0.8434,3.6284
118.4966,0.8156,3.5038
118.4968,0.8458,3.6336
118.4970,0.8336,3.5761
118.4972,0.861,3.7025
118.4974,0.7324,3.1522
118.4976,0.7466,3.2136
118.4978,0.7007,3.0159
118.4980,0.6833,2.9425
118.4982,0.6946,2.9896
118.4984,0.7847,3.3693
118.4986,0.7945,3.4163
118.4988,0.7246,3.1172
118.4990,0.7724,3.3199
118.4992,0.7791,3.3488
118.4994,0.7373,3.1733
118.4996,0.6673,2.8759
118.4998,0.6425,2.769
118.5000,0.6487,2.7919
118.5002,0.7225,3.107
118.5004,0.7727,3.3209
118.5006,0.8195,3.5208
118.5008,0.8451,3.6237
118.5010,0.899,3.8587
118.5012,0.9218,3.9602
118.5014,0.8638,3.7143
118.5016,0.8697,3.7378
118.5018,0.7863,3.3812
118.5020,0.7446,3.2048
118.5022,0.708,3.0474
118.5024,0.7324,3.1507
118.5026,0.6905,2.972
118.5028,0.7163,3.0859
118.5030,0.7246,3.1172
118.5032,0.7235,3.114
118.5034,0.7101,3.0576
118.5036,0.7422,3.19
118.5038,0.7598,3.2673
118.5040,0.7047,3.0329
118.5042,0.7535,3.2415
118.5044,0.7678,3.3013
118.5046,0.7795,3.3503
118.5048,0.8626,3.7092
118.5050,0.8518,3.6594
118.5052,0.7887,3.3931
118.5054,0.7158,3.0824
118.5056,0.7059,3.0381
118.5058,0.711,3.0603
118.5060,0.7073,3.0471
118.5062,0.6749,2.9036
118.5064,0.7634,3.2874
118.5066,0.7468,3.2156
118.5068,0.7137,3.0674
118.5070,0.7996,3.4353
118.5072,0.7765,3.3436
118.5074,0.6654,2.8677
118.5076,0.6343,2.7351
118.5078,0.5687,2.4523
118.5080,0.5873,2.5336
118.5082,0.5911,2.5513
118.5084,0.5988,2.582
118.5086,0.5915,2.5505
118.5088,0.5884,2.5371
118.5090,0.5869,2.532
118.5092,0.5917,2.5527
118.5094,0.5922,2.5548
118.5096,0.5946,2.5628
118.5098,0.5901,2.5431
118.5100,0.5905,2.5464
118.5102,0.6097,2.6254
118.5104,0.6633,2.8562
118.5106,0.6384,2.7488
118.5108,0.6384,2.7539
118.5110,0.5379,2.3205
118.5112,0.5667,2.4412
118.5114,0.6243,2.6884
118.5116,0.5966,2.5751
118.5118,0.526,2.2682
118.5120,0.5199,2.2418
118.5122,0.5231,2.2558
118.5124,0.5248,2.2651
118.5126,0.5277,2.2786
118.5128,0.5241,2.261
118.5130,0.5228,2.2553
118.5132,0.5236,2.2579
118.5134,0.5622,2.421
118.5136,0.6725,2.8946
118.5138,0.6707,2.8909
118.5140,0.5508,2.3752
118.5142,0.5335,2.3035
118.5144,0.5295,2.2843
118.5146,0.5305,2.2873
118.5148,0.5287,2.2785
118.5150,0.6128,2.6352
118.5152,0.7908,3.3972
118.5154,0.8041,3.4559
118.5156,0.7654,3.2895
118.5158,0.7215,3.1066
118.5160,0.6295,2.7131
118.5162,0.6218,2.6751
118.5164,0.6538,2.8167
118.5166,0.6155,2.6465
118.5168,0.7236,3.1101
118.5170,0.761,3.2709
118.5172,0.7789,3.3508
118.5174,0.6941,2.9861
118.5176,0.6662,2.8673
118.5178,0.6672,2.8687
118.5180,0.7074,3.0448
118.5182,0.68,2.928
118.5184,0.7012,3.0138
118.5186,0.7845,3.3735
118.5188,0.7048,3.0349
118.5190,0.6293,2.7109
118.5192,0.6157,2.6513
118.5194,0.6188,2.6672
118.5196,0.6012,2.5912
118.5198,0.593,2.5537
118.5200,0.6508,2.7986
118.5202,0.6857,2.95
118.5204,0.655,2.8245
118.5206,0.5289,2.2806
118.5208,0.5481,2.3633
118.5210,0.6187,2.6629
118.5212,0.6884,2.9614
118.5214,0.7002,3.0139
118.5216,0.6607,2.8475
118.5218,0.6258,2.6934
118.5220,0.6211,2.6732
118.5222,0.6149,2.6501
118.5224,0.6219,2.6756
118.5226,0.7308,3.1411
118.5228,0.7263,3.1244
118.5230,0.6548,2.8235
118.5232,0.5781,2.4903
118.5234,0.5863,2.5224
118.5236,0.6413,2.7612
118.5238,0.6458,2.7783
118.5240,0.6968,2.9975
118.5242,0.7444,3.2053
118.5244,0.7303,3.1375
118.5246,0.8161,3.5107
118.5248,0.7517,3.2322
118.5250,0.7722,3.3127
118.5252,0.8311,3.5702
118.5254,0.835,3.5855
118.5256,0.8487,3.6442
118.5258,0.8915,3.828
118.5260,0.8693,3.731
118.5262,0.8694,3.728
118.5264,0.9614,4.1224
118.5266,0.9791,4.1907
118.5268,1.0367,4.4411
118.5270,1.0381,4.4431
118.5272,1.0304,4.4165
118.5274,1.0117,4.3363
118.5276,0.9882,4.2415
118.5278,0.9374,4.0196
118.5280,0.9589,4.1154
118.5282,0.877,3.7692
118.5284,0.8145,3.5023
118.5286,0.7784,3.3456
118.5288,0.7717,3.3198
118.5290,0.7888,3.3904
118.5292,0.791,3.4029
118.5294,0.7279,3.1301
118.5296,0.738,3.1749
118.5298,0.7466,3.2075
118.5300,0.8375,3.6013
118.5302,0.777,3.3425
118.5304,0.777,3.341
118.5306,0.7206,3.103
118.5308,0.7187,3.0933
118.5310,0.7382,3.1774
118.5312,0.6893,2.9668
118.5314,0.6833,2.9451
118.5316,0.6549,2.82
118.5318,0.6492,2.7991
118.5320,0.6601,2.8409
118.5322,0.737,3.1722
118.5324,0.7119,3.0639
118.5326,0.6885,2.9646
118.5328,0.6627,2.8589
118.5330,0.5593,2.413
118.5332,0.5711,2.4603
118.5334,0.6446,2.7769
118.5336,0.6524,2.8079
118.5338,0.7241,3.115
118.5340,0.7512,3.2301
118.5342,0.7171,3.0923
118.5344,0.6119,2.6359
118.5346,0.6857,2.95
118.5348,0.7245,3.1166
118.5350,0.6963,2.9996
118.5352,0.6417,2.7658
118.5354,0.6007,2.5915
118.5356,0.5168,2.2294
118.5358,0.5705,2.4577
118.5360,0.6668,2.8725
118.5362,0.6333,2.7284
118.5364,0.6236,2.684
118.5366,0.683,2.9422
118.5368,0.5755,2.4852
118.5370,0.5364,2.3142
118.5372,0.529,2.2821
118.5374,0.4981,2.1507
118.5376,0.4456,1.9266
118.5378,0.4,1.728
118.5380,0.4247,1.8338
118.5382,0.4421,1.908
118.5384,0.4426,1.9119
118.5386,0.4534,1.9576
118.5388,0.4565,1.9701
118.5390,0.4593,1.9844
118.5392,0.4345,1.8772
118.5394,0.4284,1.849
118.5396,0.4282,1.8488
118.5398,0.4462,1.9256
118.5400,0.5056,2.1772
118.5402,0.5713,2.467
118.5404,0.4845,2.0922
118.5406,0.49,2.1121
118.5408,0.5584,2.4055
118.5410,0.5857,2.5233
118.5412,0.5824,2.5088
118.5414,0.5843,2.5194
118.5416,0.599,2.5782
118.5418,0.6067,2.6137
118.5420,0.5741,2.4743
118.5422,0.5613,2.4168
118.5424,0.6681,2.8755
118.5426,0.7002,3.0138
118.5428,0.6291,2.7115
118.5430,0.5715,2.4641
118.5432,0.5498,2.3694
118.5434,0.565,2.4328
118.5436,0.6144,2.6443
118.5438,0.6325,2.7222
118.5440,0.6653,2.8623
118.5442,0.7022,3.0206
118.5444,0.6488,2.7937
118.5446,0.596,2.5665
118.5448,0.598,2.5724
118.5450,0.576,2.4849
118.5452,0.5495,2.3717
118.5454,0.4934,2.1285
118.5456,0.4587,1.9809
118.5458,0.4558,1.9679
118.5460,0.4556,1.9656
118.5462,0.4537,1.9573
118.5464,0.4554,1.9636
118.5466,0.4532,1.9543
118.5468,0.4556,1.9674
118.5470,0.4591,1.9797
118.5472,0.5251,2.2619
118.5474,0.5275,2.2754
118.5476,0.4385,1.8934
118.5478,0.4325,1.8675
118.5480,0.4319,1.8632
118.5482,0.4721,2.0327
118.5484,0.5577,2.4002
118.5486,0.5727,2.467
118.5488,0.5633,2.4267
118.5490,0.5537,2.3854
118.5492,0.5327,2.2961
118.5494,0.5673,2.446
118.5496,0.4998,2.1529
118.5498,0.5457,2.3519
118.5500,0.5001,2.1555
118.5502,0.4982,2.1472
118.5504,0.5298,2.2847
118.5506,0.5066,2.1844
118.5508,0.4966,2.1415
118.5510,0.5095,2.1978
118.5512,0.5105,2.2004
118.5514,0.5245,2.2593
118.5516,0.5102,2.1969
118.5518,0.5733,2.4673
118.5520,0.5989,2.5789
118.5522,0.6031,2.597
118.5524,0.5766,2.4864
118.5526,0.5043,2.1736
118.5528,0.5143,2.2175
118.5530,0.4995,2.1529
118.5532,0.5042,2.1721
118.5534,0.5083,2.1886
118.5536,0.5073,2.1865
118.5538,0.5116,2.2061
118.5540,0.5065,2.1819
118.5542,0.5554,2.3904
118.5544,0.559,2.407
118.5546,0.5048,2.1746
118.5548,0.5011,2.1606
118.5550,0.5011,2.1586
118.5552,0.509,2.1886
118.5554,0.5711,2.4603
118.5556,0.5241,2.2557
118.5558,0.6245,2.6839
118.5560,0.6826,2.9352
118.5562,0.653,2.8066
118.5564,0.7081,3.0408
118.5566,0.6908,2.973
118.5568,0.6036,2.5979
118.5570,0.6205,2.6657
118.5572,0.6731,2.8918
118.5574,0.7099,3.0513
118.5576,0.6812,2.929
118.5578,0.7099,3.0442
118.5580,0.8568,3.6758
118.5582,0.7905,3.3961
118.5584,0.8037,3.4447
118.5586,0.8579,3.6787
118.5588,0.8138,3.4911
118.5590,0.9131,3.9134
118.5592,0.9415,4.0314
118.5594,0.9259,3.9647
118.5596,0.9424,4.0336
118.5598,0.9515,4.0669
118.5600,1.0857,4.636
118.5602,1.1084,4.7439
118.5604,1.0824,4.6303
118.5606,1.0801,4.6206
118.5608,1.0598,4.5339
118.5610,1.0523,4.5037
118.5612,1.0908,4.6619
118.5614,1.0854,4.641
118.5616,1.0827,4.6275
118.5618,1.1232,4.8097
118.5620,1.0285,4.4103
118.5622,1.0061,4.3081
118.5624,1.0364,4.4401
118.5626,1.0008,4.2835
118.5628,1.0681,4.5736
118.5630,1.0557,4.5165
118.5632,1.0952,4.683
118.5634,1.0869,4.6607
118.5636,0.9261,3.9768
118.5638,0.8691,3.7248
118.5640,0.8984,3.8561
118.5642,0.8716,3.7443
118.5644,0.8824,3.7818
118.5646,1.0393,4.4607
118.5648,0.9659,4.1458
118.5650,0.9207,3.9463
118.5652,1.0036,4.2974
118.5654,1.0349,4.4355
118.5656,1.0093,4.3321
118.5658,0.9515,4.084
118.5660,0.959,4.1121
118.5662,0.9599,4.1162
118.5664,0.9849,4.2232
118.5666,1.0033,4.3084
118.5668,0.948,4.0648
118.5670,0.9649,4.1373
118.5672,0.958,4.1176
118.5674,0.8366,3.5972
118.5676,0.7724,3.3245
118.5678,0.8121,3.492
118.5680,0.8572,3.6807
118.5682,0.8466,3.6388
118.5684,0.8627,3.7079
118.5686,0.8621,3.707
118.5688,0.8203,3.5255
118.5690,0.7874,3.3842
118.5692,0.7941,3.4115
118.5694,0.8511,3.6596
118.5696,0.8722,3.7486
118.5698,0.8929,3.8324
118.5700,0.8657,3.7173
118.5702,0.8356,3.5881
118.5704,0.8629,3.7072
118.5706,0.8876,3.8133
118.5708,0.8842,3.8001
118.5710,0.8429,3.6245
118.5712,0.8109,3.4869
118.5714,0.7821,3.3663
118.5716,0.7735,3.3276
118.5718,0.7843,3.3724
118.5720,0.7868,3.3801
118.5722,0.7851,3.3792
118.5724,0.7675,3.3033
118.5726,0.7428,3.2
118.5728,0.714,3.0689
118.5730,0.9005,3.872
118.5732,0.8499,3.651
118.5734,0.8302,3.5699
118.5736,0.7783,3.3529
118.5738,0.697,3.004
118.5740,0.6846,2.9494
118.5742,0.6796,2.9305
118.5744,0.6599,2.847
118.5746,0.5969,2.5737
118.5748,0.5894,2.5417
118.5750,0.6205,2.6719
118.5752,0.6784,2.9239
118.5754,0.6343,2.7325
118.5756,0.6251,2.6965
118.5758,0.6296,2.7161
118.5760,0.6511,2.8022
118.5762,0.7253,3.1231
118.5764,0.6657,2.8718
118.5766,0.59,2.5431
118.5768,0.627,2.701
118.5770,0.6337,2.7312
118.5772,0.6186,2.6723
118.5774,0.5361,2.3148
118.5776,0.5589,2.4109
118.5778,0.5369,2.3184
118.5780,0.5179,2.234
118.5782,0.5296,2.2847
118.5784,0.538,2.3188
118.5786,0.5433,2.3459
118.5788,0.5271,2.276
118.5790,0.5167,2.2299
118.5792,0.5096,2.1984
118.5794,0.554,2.3886
118.5796,0.612,2.6389
118.5798,0.5626,2.4292
118.5800,0.5362,2.3132
118.5802,0.5634,2.4272
118.5804,0.6422,2.7653
118.5806,0.721,3.1045
118.5808,0.6897,2.9684
118.5810,0.6893,2.9696
118.5812,0.6788,2.9214
118.5814,0.7382,3.173
118.5816,0.7644,3.2868
118.5818,0.7676,3.3023
118.5820,0.7921,3.4075
118.5822,0.7523,3.2393
118.5824,0.6681,2.8782
118.5826,0.6336,2.7294
118.5828,0.7288,3.1366
118.5830,0.7656,3.295
118.5832,0.7228,3.1094
118.5834,0.7397,3.1821
118.5836,0.6928,2.986
118.5838,0.6577,2.8332
118.5840,0.7101,3.0575
118.5842,0.7271,3.125
118.5844,0.7339,3.1588
118.5846,0.661,2.853
118.5848,0.5458,2.3546
118.5850,0.5457,2.3541
118.5852,0.5623,2.4248
118.5854,0.5505,2.3758
118.5856,0.5246,2.2651
118.5858,0.5185,2.2356
118.5860,0.5669,2.4399
118.5862,0.6963,2.9954
118.5864,0.6813,2.9363
118.5866,0.576,2.4803
118.5868,0.5273,2.2781
118.5870,0.5097,2.1989
118.5872,0.5939,2.5584
118.5874,0.5531,2.3883
118.5876,0.4915,2.1222
118.5878,0.4852,2.0934
118.5880,0.4903,2.1161
118.5882,0.4851,2.0938
118.5884,0.5183,2.234
118.5886,0.5824,2.51
118.5888,0.6145,2.6485
118.5890,0.6252,2.6895
118.5892,0.7194,3.0949
118.5894,0.7404,3.1867
118.5896,0.6524,2.8092
118.5898,0.6194,2.666
118.5900,0.6469,2.7829
118.5902,0.7504,3.2235
118.5904,0.7879,3.3879
118.5906,0.761,3.2739
118.5908,0.7424,3.1954
118.5910,0.7109,3.0555
118.5912,0.7719,3.3147
118.5914,0.7996,3.44
118.5916,0.7044,3.029
118.5918,0.7572,3.2544
118.5920,0.7474,3.2136
118.5922,0.7409,3.1873
118.5924,0.7542,3.246
118.5926,0.7254,3.1193
118.5928,0.8014,3.4365
118.5930,0.887,3.8072
118.5932,0.8426,3.6146
118.5934,0.879,3.7797
118.5936,0.7668,3.3002
118.5938,0.7604,3.2683
118.5940,0.833,3.5751
118.5942,0.8858,3.8003
118.5944,0.858,3.6912
118.5946,0.7735,3.326
118.5948,0.7614,3.2755
118.5950,0.7445,3.1998
118.5952,0.758,3.258
118.5954,0.8063,3.4673
118.5956,0.8121,3.4888
118.5958,0.7373,3.1718
118.5960,0.7378,3.1753
118.5962,0.7139,3.0698
118.5964,0.6834,2.9388
118.5966,0.7387,3.178
118.5968,0.7628,3.2817
118.5970,0.7649,3.2904
118.5972,0.736,3.1691
118.5974,0.6798,2.9247
118.5976,0.7304,3.1453
118.5978,0.692,2.9727
118.5980,0.7224,3.1078
118.5982,0.7403,3.1847
118.5984,0.7489,3.2218
118.5986,0.7192,3.0953
118.5988,0.6749,2.9076
118.5990,0.6946,2.9868
118.5992,0.7108,3.0549
118.5994,0.8049,3.4579
118.5996,0.8277,3.5557
118.5998,0.8361,3.5918
118.6000,0.8045,3.4563
118.6002,0.8111,3.4879
118.6004,0.7874,3.3858
118.6006,0.7927,3.4053
118.6008,0.8164,3.5057
118.6010,0.864,3.7101
118.6012,0.8699,3.7388
118.6014,0.8415,3.615
118.6016,0.8738,3.7558
118.6018,0.8204,3.5276
118.6020,0.7643,3.2863
118.6022,0.7903,3.3982
118.6024,0.7265,3.1225
118.6026,0.7804,3.3512
118.6028,0.7938,3.4131
118.6030,0.7502,3.232
118.6032,0.7004,3.0157
118.6034,0.767,3.3012
118.6036,0.7514,3.2296
118.6038,0.6745,2.9055
118.6040,0.6875,2.9591
118.6042,0.7243,3.119
118.6044,0.6867,2.9555
118.6046,0.6911,2.9801
118.6048,0.701,3.0141
118.6050,0.7739,3.3276
118.6052,0.7512,3.2316
118.6054,0.745,3.2063
118.6056,0.7864,3.3801
118.6058,0.8312,3.5707
118.6060,0.7613,3.281
118.6062,0.6658,2.871
118.6064,0.6598,2.8425
118.6066,0.6572,2.8312
118.6068,0.6598,2.8412
118.6070,0.7152,3.0712
118.6072,0.8562,3.6783
118.6074,0.7476,3.2147
118.6076,0.6962,3.0018
118.6078,0.6047,2.6073
118.6080,0.634,2.7327
118.6082,0.6276,2.7036
118.6084,0.623,2.6852
118.6086,0.6301,2.7144
118.6088,0.6374,2.7498
118.6090,0.6322,2.7225
118.6092,0.6533,2.8172
118.6094,0.556,2.3952
118.6096,0.7102,3.0552
118.6098,0.7837,3.373
118.6100,0.6938,2.9901
118.6102,0.6047,2.6073
118.6104,0.6115,2.6356
118.6106,0.6217,2.682
118.6108,0.5192,2.2418
118.6110,0.4806,2.0761
118.6112,0.4747,2.0516
118.6114,0.4747,2.0497
118.6116,0.4806,2.0722
118.6118,0.5297,2.2874
118.6120,0.4728,2.0414
118.6122,0.4635,2.0025
118.6124,0.452,1.9519
118.6126,0.4474,1.9326
118.6128,0.4482,1.9371
118.6130,0.4518,1.9526
118.6132,0.4558,1.9661
118.6134,0.5072,2.188
118.6136,0.4759,2.053
118.6138,0.5511,2.3751
118.6140,0.5934,2.5575
118.6142,0.5787,2.4917
118.6144,0.6297,2.7116
118.6146,0.6807,2.931
118.6148,0.6788,2.9214
118.6150,0.6581,2.83
118.6152,0.6968,3.0002
118.6154,0.6707,2.8895
118.6156,0.6433,2.7725
118.6158,0.5761,2.4831
118.6160,0.5607,2.4176
118.6162,0.5621,2.4238
118.6164,0.5452,2.3509
118.6166,0.5385,2.323
118.6168,0.5388,2.3235
118.6170,0.5403,2.3275
118.6172,0.5681,2.4462
118.6174,0.6205,2.6719
118.6176,0.591,2.5484
118.6178,0.5414,2.3343
118.6180,0.5453,2.3514
118.6182,0.5426,2.3384
118.6184,0.533,2.2992
118.6186,0.5278,2.2759
118.6188,0.5138,2.2134
118.6190,0.5575,2.3986
118.6192,0.6123,2.6343
118.6194,0.6161,2.654
118.6196,0.5996,2.5844
118.6198,0.6411,2.7568
118.6200,0.6625,2.8512
118.6202,0.6181,2.6615
118.6204,0.6164,2.6555
118.6206,0.6115,2.6331
118.6208,0.6742,2.8964
118.6210,0.7326,3.1502
118.6212,0.7349,3.16
118.6214,0.7613,3.2704
118.6216,0.7687,3.3069
118.6218,0.7498,3.2224
118.6220,0.7718,3.3188
118.6222,0.7181,3.0878
118.6224,0.7855,3.3713
118.6226,0.7834,3.3704
118.6228,0.6878,2.9629
118.6230,0.5833,2.5165
118.6232,0.5693,2.4537
118.6234,0.6163,2.655
118.6236,0.5894,2.5393
118.6238,0.6333,2.7258
118.6240,0.7366,3.1599
118.6242,0.8509,3.6523
118.6244,0.8138,3.4927
118.6246,0.8403,3.6098
118.6248,0.8212,3.523
118.6250,0.9192,3.9322
118.6252,1.0482,4.4904
118.6254,1.0218,4.3795
118.6256,1.0096,4.319
118.6258,1.0851,4.6443
118.6260,1.0433,4.4715
118.6262,0.9929,4.2616
118.6264,0.8607,3.7026
118.6266,0.8073,3.4698
118.6268,0.8321,3.5698
118.6270,0.8741,3.7551
118.6272,0.8743,3.7526
118.6274,0.8812,3.7855
118.6276,0.8812,3.7802
118.6278,0.9141,3.9198
118.6280,0.8923,3.8334
118.6282,0.7881,3.3873
118.6284,0.8077,3.4697
118.6286,0.7843,3.3724
118.6288,0.7325,3.1512
118.6290,0.7306,3.1429
118.6292,0.7219,3.1058
118.6294,0.7319,3.1515
118.6296,0.6857,2.9527
118.6298,0.6855,2.9503
118.6300,0.6978,3.0021
118.6302,0.7078,3.0463
118.6304,0.6944,2.9871
118.6306,0.7117,3.0633
118.6308,0.6996,3.0098
118.6310,0.7084,3.0531
118.6312,0.6807,2.931
118.6314,0.7054,3.0346
118.6316,0.7005,3.0148
118.6318,0.6782,2.9188
118.6320,0.6683,2.8738
118.6322,0.7428,3.1985
118.6324,0.7043,3.0313
118.6326,0.7361,3.1666
118.6328,0.6944,2.9871
118.6330,0.7151,3.0806
118.6332,0.6917,2.9772
118.6334,0.6272,2.702
118.6336,0.6566,2.826
118.6338,0.661,2.845
118.6340,0.6625,2.8499
118.6342,0.7294,3.1407
118.6344,0.6974,3.0014
118.6346,0.7344,3.1623
118.6348,0.6295,2.7118
118.6350,0.6599,2.843
118.6352,0.6544,2.8206
118.6354,0.6123,2.6392
118.6356,0.6056,2.6066
118.6358,0.6754,2.9083
118.6360,0.6876,2.9679
118.6362,0.5794,2.4971
118.6364,0.6062,2.6092
118.6366,0.6551,2.8211
118.6368,0.6767,2.9126
118.6370,0.659,2.8376
118.6372,0.6241,2.6886
118.6374,0.6173,2.6604
118.6376,0.6355,2.7313
118.6378,0.7135,3.0711
118.6380,0.7324,3.1492
118.6382,0.784,3.3698
118.6384,0.7385,3.1769
118.6386,0.679,2.9225
118.6388,0.6426,2.7669
118.6390,0.7481,3.2137
118.6392,0.8617,3.7072
118.6394,0.6959,2.9966
118.6396,0.6324,2.7255
118.6398,0.6595,2.8357
118.6400,0.7139,3.0683
118.6402,0.7248,3.1181
118.6404,0.7284,3.1351
118.6406,0.7259,3.1228
118.6408,0.7525,3.2343
118.6410,0.7462,3.2114
118.6412,0.683,2.9422
118.6414,0.7236,3.1101
118.6416,0.7619,3.2745
118.6418,0.78,3.3492
118.6420,0.8376,3.5985
118.6422,0.8554,3.6662
118.6424,0.9524,4.0838
118.6426,0.9635,4.1394
118.6428,0.8545,3.6728
118.6430,0.8255,3.5465
118.6432,0.7575,3.262
118.6434,0.6958,2.9891
118.6436,0.746,3.2124
118.6438,0.674,2.9021
118.6440,0.7171,3.0894
118.6442,0.679,2.9238
118.6444,0.6773,2.9179
118.6446,0.7026,3.0241
118.6448,0.7053,3.0326
118.6450,0.6908,2.9786
118.6452,0.5785,2.4935
118.6454,0.5614,2.4229
118.6456,0.5994,2.5762
118.6458,0.7886,3.3926
118.6460,0.6776,2.9203
118.6462,0.5626,2.427
118.6464,0.5596,2.4129
118.6466,0.5595,2.4135
118.6468,0.5652,2.4338
118.6470,0.6599,2.843
118.6472,0.6482,2.7937
118.6474,0.637,2.7431
118.6476,0.684,2.9441
118.6478,0.7782,3.3415
118.6480,0.8051,3.4605
118.6482,0.7583,3.2636
118.6484,0.667,2.8748
118.6486,0.6483,2.7877
118.6488,0.7416,3.1874
118.6490,0.7862,3.3791
118.6492,0.7875,3.3911
118.6494,0.7107,3.0587
118.6496,0.6867,2.9541
118.6498,0.6791,2.9216
118.6500,0.7355,3.1611
118.6502,0.7428,3.197
118.6504,0.7084,3.0531
118.6506,0.6639,2.8601
118.6508,0.6655,2.8655
118.6510,0.6742,2.9018
118.6512,0.6639,2.8614
118.6514,0.6221,2.6811
118.6516,0.5828,2.5097
118.6518,0.5812,2.506
118.6520,0.5802,2.5042
118.6522,0.5854,2.5206
118.6524,0.667,2.8722
118.6526,0.617,2.6606
118.6528,0.5956,2.5657
118.6530,0.6406,2.7573
118.6532,0.6376,2.7508
118.6534,0.5063,2.1874
118.6536,0.4827,2.0844
118.6538,0.485,2.0923
118.6540,0.4814,2.0787
118.6542,0.4844,2.0917
118.6544,0.4863,2.098
118.6546,0.4946,2.1347
118.6548,0.4852,2.0943
118.6550,0.4843,2.0892
118.6552,0.4828,2.083
118.6554,0.4856,2.0968
118.6556,0.4784,2.0667
118.6558,0.4757,2.052
118.6560,0.503,2.1679
118.6562,0.5584,2.4055
118.6564,0.5803,2.5012
118.6566,0.5724,2.4648
118.6568,0.5816,2.5069
118.6570,0.6126,2.6402
118.6572,0.6345,2.7335
118.6574,0.6634,2.8514
118.6576,0.753,3.2333
118.6578,0.7602,3.2642
118.6580,0.8092,3.4732
118.6582,0.7962,3.4219
118.6584,0.7701,3.31
118.6586,0.7953,3.4167
118.6588,0.8729,3.743
118.6590,0.9728,4.1673
118.6592,0.9789,4.1955
118.6594,0.9983,4.2788
118.6596,1.0241,4.3892
118.6598,0.9851,4.2203
118.6600,0.9354,4.0127
118.6602,0.9186,3.9388
118.6604,0.9653,4.1432
118.6606,0.9423,4.0406
118.6608,0.9551,4.0918
118.6610,0.9882,4.2316
118.6612,0.928,3.9832
118.6614,0.8851,3.7989
118.6616,0.8646,3.7109
118.6618,0.8801,3.7756
118.6620,0.8959,3.8453
118.6622,0.898,3.8576
118.6624,0.8936,3.8391
118.6626,0.8598,3.6904
118.6628,0.8682,3.7281
118.6630,0.7613,3.2795
118.6632,0.6728,2.8983
118.6634,0.6891,2.9672
118.6636,0.7084,3.0461
118.6638,0.7239,3.114
118.6640,0.7524,3.2338
118.6642,0.8163,3.5084
118.6644,0.8056,3.461
118.6646,0.7677,3.3013
118.6648,0.7891,3.3899
118.6650,0.8351,3.5927
118.6652,0.7559,3.2593
118.6654,0.6474,2.7862
118.6656,0.6992,3.0092
118.6658,0.7551,3.2471
118.6660,0.7099,3.057
118.6662,0.6885,2.9618
118.6664,0.7403,3.1876
118.6666,0.7319,3.15
118.6668,0.748,3.2222
118.6670,0.6204,2.6751
118.6672,0.5936,2.5586
118.6674,0.6737,2.8997
118.6676,0.6814,2.9328
118.6678,0.6952,2.9977
118.6680,0.6457,2.7803
118.6682,0.6417,2.7645
118.6684,0.621,2.6789
118.6686,0.6012,2.5911
118.6688,0.5698,2.458
118.6690,0.4942,2.1331
118.6692,0.4897,2.1135
118.6694,0.5586,2.4077
118.6696,0.5369,2.3163
118.6698,0.4905,2.1191
118.6700,0.4807,2.0766
118.6702,0.4781,2.0633
118.6704,0.4844,2.0907
118.6706,0.4881,2.1067
118.6708,0.5225,2.2521
118.6710,0.5597,2.4134
118.6712,0.4799,2.073
118.6714,0.3938,1.7034
118.6716,0.4038,1.7446
118.6718,0.453,1.956
118.6720,0.4457,1.9244
118.6722,0.4415,1.9054
118.6724,0.4442,1.9173
118.6726,0.4411,1.9048
118.6728,0.4418,1.907
118.6730,0.444,1.919
118.6732,0.442,1.9084
118.6734,0.4379,1.8899
118.6736,0.4272,1.8447
118.6738,0.4265,1.8433
118.6740,0.4259,1.8382
118.6742,0.4312,1.8635
118.6744,0.4363,1.8841
118.6746,0.4459,1.9255
118.6748,0.4332,1.8697
118.6750,0.4331,1.8692
118.6752,0.4342,1.8765
118.6754,0.4337,1.8727
118.6756,0.4436,1.9121
118.6758,0.5002,2.156
118.6760,0.5097,2.2009
118.6762,0.4567,1.9702
118.6764,0.4689,2.0193
118.6766,0.5289,2.2806
118.6768,0.4691,2.0235
118.6770,0.4526,1.9527
118.6772,0.4783,2.0662
118.6774,0.4384,1.8911
118.6776,0.4446,1.918
118.6778,0.4645,2.0029
118.6780,0.5134,2.2118
118.6782,0.5795,2.4953
118.6784,0.5454,2.3508
118.6786,0.4837,2.0895
118.6788,0.4217,1.8209
118.6790,0.4299,1.8544
118.6792,0.4468,1.9273
118.6794,0.4378,1.8894
118.6796,0.4426,1.9083
118.6798,0.505,2.1757
118.6800,0.551,2.3713
118.6802,0.581,2.4985
118.6804,0.6343,2.7325
118.6806,0.5736,2.4711
118.6808,0.5619,2.4194
118.6810,0.6356,2.7331
118.6812,0.7081,3.0408
118.6814,0.7579,3.259
118.6816,0.6951,2.986
118.6818,0.7078,3.0421
118.6820,0.6952,2.9949
118.6822,0.5831,2.5108
118.6824,0.5421,2.3364
118.6826,0.5357,2.3068
118.6828,0.6055,2.6061
118.6830,0.6199,2.668
118.6832,0.587,2.5278
118.6834,0.5852,2.5189
118.6836,0.6087,2.62
118.6838,0.6024,2.5927
118.6840,0.5869,2.5273
118.6842,0.5813,2.5019
118.6844,0.6394,2.7509
118.6846,0.6519,2.8058
118.6848,0.5848,2.518
118.6850,0.5846,2.5151
118.6852,0.6253,2.69
118.6854,0.5623,2.4237
118.6856,0.5328,2.2955
118.6858,0.5541,2.3903
118.6860,0.4988,2.1478
118.6862,0.546,2.3501
118.6864,0.5815,2.5029
118.6866,0.6131,2.6398
118.6868,0.5703,2.4578
118.6870,0.5001,2.1555
118.6872,0.4994,2.1554
118.6874,0.4951,2.1348
118.6876,0.5034,2.1664
118.6878,0.6197,2.6633
118.6880,0.6809,2.9307
118.6882,0.6476,2.7859
118.6884,0.6705,2.8778
118.6886,0.6861,2.957
118.6888,0.579,2.499
118.6890,0.4777,2.0608
118.6892,0.4547,1.9615
118.6894,0.4652,2.006
118.6896,0.4758,2.0525
118.6898,0.4956,2.1339
118.6900,0.527,2.2681
118.6902,0.5886,2.5333
118.6904,0.5691,2.4504
118.6906,0.5566,2.3978
118.6908,0.6043,2.5961
118.6910,0.7025,3.018
118.6912,0.7066,3.0369
118.6914,0.7294,3.1348
118.6916,0.6915,2.9692
118.6918,0.7165,3.0739
118.6920,0.7405,3.1768
118.6922,0.7971,3.4244
118.6924,0.7635,3.2802
118.6926,0.7976,3.4201
118.6928,0.8357,3.5869
118.6930,0.8456,3.6274
118.6932,0.8616,3.6929
118.6934,0.873,3.7382
118.6936,0.9067,3.8898
118.6938,0.8035,3.4501
118.6940,0.7854,3.3723
118.6942,0.7432,3.1926
118.6944,0.7368,3.1653
118.6946,0.7426,3.1915
118.6948,0.7322,3.1443
118.6950,0.7362,3.1598
118.6952,0.7508,3.2301
118.6954,0.7107,3.053
118.6956,0.7725,3.3157
118.6958,0.8103,3.4762
118.6960,0.8239,3.5343
118.6962,0.8738,3.7523
118.6964,0.8478,3.6355
118.6966,0.885,3.7931
118.6968,0.9217,3.9541
118.6970,0.8427,3.6218
118.6972,0.8093,3.4737
118.6974,0.7966,3.4223
118.6976,0.7703,3.309
118.6978,0.7782,3.3415
118.6980,0.7874,3.3795
118.6982,0.8001,3.4341
118.6984,0.811,3.4841
118.6986,0.7867,3.3812
118.6988,0.8424,3.6124
118.6990,0.933,4.0061
118.6992,0.8336,3.581
118.6994,0.8543,3.6633
118.6996,0.8707,3.7354
118.6998,0.8344,3.5829
118.7000,0.7806,3.3518
118.7002,0.7917,3.3996
118.7004,0.8216,3.5295
118.7006,0.8544,3.6672
118.7008,0.8462,3.6351
118.7010,0.8035,3.4549
118.7012,0.7926,3.4001
118.7014,0.8565,3.6777
118.7016,0.8107,3.481
118.7018,0.8188,3.5193
118.7020,0.7962,3.4203
118.7022,0.7947,3.4125
118.7024,0.8602,3.6919
118.7026,0.8673,3.724
118.7028,0.8715,3.7403
118.7030,0.8634,3.7058
118.7032,0.8711,3.744
118.7034,0.8532,3.6638
118.7036,0.8526,3.6595
118.7038,0.8638,3.7142
118.7040,0.774,3.3312
118.7042,0.6956,2.9909
118.7044,0.7468,3.2081
118.7046,0.845,3.6282
118.7048,0.8366,3.5972
118.7050,0.7988,3.4332
118.7052,0.8066,3.4683
118.7054,0.8092,3.478
118.7056,0.8111,3.483
118.7058,0.8044,3.4606
118.7060,0.7417,3.1879
118.7062,0.7857,3.3755
118.7064,0.8524,3.6584
118.7066,0.8808,3.7892
118.7068,0.7619,3.276
118.7070,0.7603,3.2723
118.7072,0.7336,3.1543
118.7074,0.7445,3.1998
118.7076,0.7444,3.2007
118.7078,0.7538,3.243
118.7080,0.6693,2.8847
118.7082,0.6559,2.8255
118.7084,0.6662,2.8712
118.7086,0.6087,2.6225
118.7088,0.6322,2.7199
118.7090,0.7198,3.0979
118.7092,0.7563,3.2508
118.7094,0.7243,3.1204
118.7096,0.5828,2.5144
118.7098,0.5466,2.3593
118.7100,0.545,2.3499
118.7102,0.5442,2.3478
118.7104,0.5436,2.3431
118.7106,0.5411,2.3333
118.7108,0.5494,2.3701
118.7110,0.5458,2.3546
118.7112,0.5439,2.343
118.7114,0.5843,2.5194
118.7116,0.55,2.3716
118.7118,0.5403,2.3308
118.7120,0.5471,2.3581
118.7122,0.5631,2.4234
118.7124,0.6432,2.772
118.7126,0.58,2.5008
118.7128,0.5577,2.4024
118.7130,0.6219,2.6781
118.7132,0.6023,2.597
118.7134,0.6412,2.7599
118.7136,0.6619,2.85
118.7138,0.6386,2.7498
118.7140,0.6399,2.7568
118.7142,0.6276,2.6998
118.7144,0.692,2.9713
118.7146,0.7814,3.3585
118.7148,0.7567,3.2538
118.7150,0.7882,3.3863
118.7152,0.8307,3.5719
118.7154,0.6969,3.0021
118.7156,0.6922,2.9778
118.7158,0.6932,2.9847
118.7160,0.6361,2.739
118.7162,0.6239,2.6863
118.7164,0.6215,2.6772
118.7166,0.6144,2.6468
118.7168,0.6183,2.6613
118.7170,0.6463,2.7829
118.7172,0.6464,2.7847
118.7174,0.6233,2.6812
118.7176,0.6346,2.7341
118.7178,0.6526,2.8089
118.7180,0.6643,2.8643
118.7182,0.5599,2.4134
118.7184,0.5463,2.3566
118.7186,0.5451,2.3504
118.7188,0.5501,2.3677
118.7190,0.6267,2.6937
118.7192,0.7049,3.0353
118.7194,0.6688,2.8799
118.7196,0.6721,2.8925
118.7198,0.6701,2.8856
118.7200,0.7008,3.0164
118.7202,0.6879,2.9579
118.7204,0.702,3.0201
118.7206,0.6947,2.9901
118.7208,0.7446,3.1943
118.7210,0.7902,3.3961
118.7212,0.7664,3.2956
118.7214,0.7399,3.1787
118.7216,0.7686,3.3049
118.7218,0.7344,3.1579
118.7220,0.6964,2.9945
118.7222,0.643,2.7702
118.7224,0.6522,2.8082
118.7226,0.6175,2.6614
118.7228,0.5982,2.577
118.7230,0.6228,2.6817
118.7232,0.6794,2.9213
118.7234,0.7734,3.324
118.7236,0.7351,3.1625
118.7238,0.7505,3.224
118.7240,0.7852,3.3734
118.7242,0.7926,3.4048
118.7244,0.8337,3.5815
118.7246,0.8044,3.4606
118.7248,0.7742,3.326
118.7250,0.8385,3.6021
118.7252,0.8415,3.6133
118.7254,0.8976,3.8489
118.7256,0.9531,4.0812
118.7258,0.967,4.1485
118.7260,0.8882,3.8141
118.7262,0.8674,3.721
118.7264,0.8767,3.7629
118.7266,0.9104,3.9057
118.7268,0.9145,3.9232
118.7270,0.9433,4.0466
118.7272,0.8958,3.843
118.7274,0.8968,3.8507
118.7276,0.8728,3.7494
118.7278,0.8774,3.766
118.7280,0.9125,3.9199
118.7282,0.8885,3.8134
118.7284,0.8236,3.5366
118.7286,0.8539,3.6703
118.7288,0.8105,3.4805
118.7290,0.8548,3.6756
118.7292,0.8331,3.5839
118.7294,0.8414,3.6128
118.7296,0.8687,3.7319
118.7298,0.7698,3.3131
118.7300,0.7487,3.2193
118.7302,0.7625,3.2755
118.7304,0.7641,3.2858
118.7306,0.7592,3.2647
118.7308,0.7941,3.4179
118.7310,0.7922,3.4033
118.7312,0.8381,3.6022
118.7314,0.761,3.277
118.7316,0.7098,3.0579
118.7318,0.6784,2.9212
118.7320,0.6237,2.692
118.7322,0.5476,2.3612
118.7324,0.6225,2.6831
118.7326,0.6192,2.6699
118.7328,0.6134,2.6414
118.7330,0.6655,2.8628
118.7332,0.6828,2.939
118.7334,0.6633,2.8615
118.7336,0.5355,2.3101
118.7338,0.5682,2.449
118.7340,0.5956,2.568
118.7342,0.6056,2.6115
118.7344,0.6108,2.6313
118.7346,0.6327,2.7283
118.7348,0.5519,2.3832
118.7350,0.4964,2.1424
118.7352,0.4977,2.1491
118.7354,0.493,2.125
118.7356,0.5653,2.4389
118.7358,0.5755,2.4828
118.7360,0.5996,2.5832
118.7362,0.6207,2.6754
118.7364,0.5821,2.509
118.7366,0.6007,2.5903
118.7368,0.5717,2.464
118.7370,0.5906,2.5445
118.7372,0.5993,2.5829
118.7374,0.59,2.5443
118.7376,0.6026,2.5937
118.7378,0.6899,2.9653
118.7380,0.7181,3.0907
118.7382,0.7024,3.0175
118.7384,0.7189,3.0986
118.7386,0.5769,2.4885
118.7388,0.538,2.3199
118.7390,0.5364,2.3121
118.7392,0.5644,2.4359
118.7394,0.545,2.3488
118.7396,0.6067,2.6076
118.7398,0.7332,3.1572
118.7400,0.6759,2.9104
118.7402,0.6486,2.7927
118.7404,0.6482,2.7898
118.7406,0.6545,2.8211
118.7408,0.6711,2.8911
118.7410,0.6691,2.8796
118.7412,0.6457,2.7777
118.7414,0.6818,2.9343
118.7416,0.7074,3.0448
118.7418,0.6792,2.9194
118.7420,0.7027,3.026
118.7422,0.6753,2.9105
118.7424,0.6386,2.7485
118.7426,0.6956,2.9965
118.7428,0.6397,2.7557
118.7430,0.6053,2.6087
118.7432,0.5807,2.4981
118.7434,0.6698,2.88
118.7436,0.6789,2.9219
118.7438,0.6759,2.9117
118.7440,0.6471,2.7878
118.7442,0.5974,2.5746
118.7444,0.6227,2.6824
118.7446,0.6344,2.7356
118.7448,0.5561,2.3957
118.7450,0.5754,2.4777
118.7452,0.5712,2.4585
118.7454,0.6037,2.6032
118.7456,0.5735,2.4741
118.7458,0.5828,2.5144
118.7460,0.5016,2.1637
118.7462,0.4745,2.0477
118.7464,0.4813,2.0753
118.7466,0.5609,2.4141
118.7468,0.6191,2.6669
118.7470,0.5613,2.419
118.7472,0.5545,2.3923
118.7474,0.5513,2.3773
118.7476,0.5522,2.3776
118.7478,0.6261,2.6936
118.7480,0.7135,3.0711
118.7482,0.6908,2.9703
118.7484,0.6627,2.8523
118.7486,0.6569,2.8301
118.7488,0.5644,2.4336
118.7490,0.533,2.296
118.7492,0.5629,2.424
118.7494,0.6346,2.7341
118.7496,0.6079,2.6201
118.7498,0.5846,2.5175
118.7500,0.6091,2.624
118.7502,0.5944,2.5605
118.7504,0.588,2.5319
118.7506,0.5918,2.5485
118.7508,0.6478,2.7896
118.7510,0.6322,2.7225
118.7512,0.6008,2.586
118.7514,0.6032,2.5987
118.7516,0.6024,2.5939
118.7518,0.594,2.5589
118.7520,0.5942,2.56
118.7522,0.515,2.2216
118.7524,0.4963,2.1409
118.7526,0.5183,2.232
118.7528,0.5827,2.5092
118.7530,0.5832,2.5171
118.7532,0.5102,2.1999
118.7534,0.5002,2.157
118.7536,0.5203,2.2413
118.7538,0.546,2.3556
118.7540,0.4994,2.1554
118.7542,0.4909,2.1186
118.7544,0.4956,2.1368
118.7546,0.494,2.1301
118.7548,0.4827,2.0815
118.7550,0.4767,2.0547
118.7552,0.4759,2.0521
118.7554,0.4787,2.0649
118.7556,0.4821,2.0789
118.7558,0.479,2.0665
118.7560,0.4876,2.1037
118.7562,0.4838,2.0862
118.7564,0.4994,2.1514
118.7566,0.5306,2.2857
118.7568,0.5948,2.5578
118.7570,0.6414,2.763
118.7572,0.5827,2.5081
118.7574,0.6247,2.6824
118.7576,0.748,3.2147
118.7578,0.7626,3.2776
118.7580,0.8129,3.4859
118.7582,0.8514,3.6526
118.7584,0.7741,3.3255
118.7586,0.7056,3.0342
118.7588,0.7404,3.1793
118.7590,0.8366,3.5838
118.7592,0.9043,3.8813
118.7594,0.9073,3.8851
118.7596,1.061,4.5412
118.7598,1.0198,4.3667
118.7600,0.9801,4.1967
118.7602,0.9334,3.9989
118.7604,0.9742,4.1833
118.7606,0.8527,3.66
118.7608,0.8436,3.6192
118.7610,0.9031,3.8653
118.7612,0.9988,4.2768
118.7614,0.9894,4.2447
118.7616,0.9289,3.9812
118.7618,0.9737,4.1676
118.7620,1.044,4.4662
118.7622,1.0814,4.6262
118.7624,1.0593,4.5446
118.7626,0.9165,3.9319
118.7628,0.9242,3.9612
118.7630,0.9742,4.1813
118.7632,0.8592,3.6878
118.7634,0.8403,3.6014
118.7636,0.9295,3.9875
118.7638,0.9471,4.0688
118.7640,0.8316,3.5711
118.7642,0.8503,3.6514
118.7644,0.8139,3.4998
118.7646,0.7954,3.4172
118.7648,0.8042,3.45
118.7650,0.8191,3.5219
118.7652,0.7918,3.4049
118.7654,0.7727,3.3255
118.7656,0.7025,3.0222
118.7658,0.7357,3.1695
118.7660,0.6843,2.9424
118.7662,0.735,3.1605
118.7664,0.7343,3.1604
118.7666,0.7203,3.1029
118.7668,0.7221,3.1106
118.7670,0.6344,2.7356
118.7672,0.5707,2.461
118.7674,0.5725,2.4688
118.7676,0.6508,2.7986
118.7678,0.7059,3.0381
118.7680,0.6218,2.6775
118.7682,0.6199,2.668
118.7684,0.6628,2.8554
118.7686,0.6291,2.7128
118.7688,0.6613,2.8474
118.7690,0.6662,2.8672
118.7692,0.6727,2.8924
118.7694,0.7111,3.0622
118.7696,0.6818,2.933
118.7698,0.6851,2.9474
118.7700,0.6426,2.772
118.7702,0.5709,2.4604
118.7704,0.6237,2.6883
118.7706,0.5646,2.4313
118.7708,0.5855,2.5223
118.7710,0.5651,2.4378
118.7712,0.5551,2.3938
118.7714,0.555,2.3944
118.7716,0.5592,2.4125
118.7718,0.5698,2.4557
118.7720,0.5788,2.4957
118.7722,0.6032,2.5975
118.7724,0.6459,2.7839
118.7726,0.5609,2.4197
118.7728,0.4929,2.1235
118.7730,0.5424,2.3401
118.7732,0.5324,2.2966
118.7734,0.5355,2.3101
118.7736,0.5382,2.3209
118.7738,0.5388,2.3256
118.7740,0.5424,2.339
118.7742,0.5689,2.4487
118.7744,0.5996,2.5844
118.7746,0.5409,2.3323
118.7748,0.5645,2.4353
118.7750,0.5366,2.3147
118.7752,0.6121,2.6345
118.7754,0.621,2.6776
118.7756,0.5345,2.3038
118.7758,0.5168,2.2294
118.7760,0.5161,2.2232
118.7762,0.5111,2.2041
118.7764,0.5185,2.2346
118.7766,0.5251,2.2651
118.7768,0.5175,2.2325
118.7770,0.5128,2.2103
118.7772,0.5119,2.2061
118.7774,0.5181,2.232
118.7776,0.5217,2.2496
118.7778,0.5179,2.232
118.7780,0.5765,2.4847
118.7782,0.5364,2.3121
118.7784,0.5245,2.2593
118.7786,0.5551,2.3938
118.7788,0.5578,2.4029
118.7790,0.5327,2.295
118.7792,0.5542,2.3863
118.7794,0.6409,2.7571
118.7796,0.648,2.7888
118.7798,0.6604,2.8398
118.7800,0.7131,3.0662
118.7802,0.7107,3.0544
118.7804,0.7102,3.0552
118.7806,0.6593,2.8378
118.7808,0.6391,2.7493
118.7810,0.6667,2.8666
118.7812,0.7362,3.1642
118.7814,0.7471,3.2111
118.7816,0.7498,3.2194
118.7818,0.8356,3.5814
118.7820,0.8876,3.8133
118.7822,0.7679,3.3033
118.7824,0.708,3.0431
118.7826,0.7858,3.3744
118.7828,0.8101,3.4752
118.7830,0.8631,3.7077
118.7832,0.7599,3.2693
118.7834,0.7436,3.1961
118.7836,0.7246,3.1186
118.7838,0.6392,2.7537
118.7840,0.6403,2.7558
118.7842,0.7131,3.0647
118.7844,0.7367,3.1677
118.7846,0.7013,3.0184
118.7848,0.6667,2.872
118.7850,0.6169,2.6539
118.7852,0.7173,3.0842
118.7854,0.7368,3.1668
118.7856,0.7632,3.2786
118.7858,0.7541,3.244
118.7860,0.662,2.8505
118.7862,0.6433,2.77
118.7864,0.641,2.7589
118.7866,0.6695,2.8817
118.7868,0.6559,2.8215
118.7870,0.7331,3.1493
118.7872,0.7462,3.207
118.7874,0.7616,3.2719
118.7876,0.7821,3.3647
118.7878,0.6706,2.8904
118.7880,0.551,2.3746
118.7882,0.5783,2.4959
118.7884,0.5397,2.3239
118.7886,0.6099,2.6289
118.7888,0.534,2.3007
118.7890,0.545,2.3509
118.7892,0.5304,2.2873
118.7894,0.5665,2.4384
118.7896,0.5958,2.5679
118.7898,0.6255,2.6935
118.7900,0.6452,2.7769
118.7902,0.7031,3.022
118.7904,0.6957,2.9914
118.7906,0.6824,2.9369
118.7908,0.6751,2.9041
118.7910,0.6796,2.921
118.7912,0.7507,3.2281
118.7914,0.724,3.116
118.7916,0.7001,3.0049
118.7918,0.8894,3.8104
118.7920,0.9845,4.2138
118.7922,1.0447,4.4672
118.7924,1.0711,4.5843
118.7926,0.987,4.2304
118.7928,0.9544,4.0926
118.7930,0.9896,4.2432
118.7932,0.9741,4.1691
118.7934,1.0644,4.5577
118.7936,1.0876,4.6551
118.7938,1.128,4.819
118.7940,1.1361,4.8692
118.7942,1.028,4.4062
118.7944,1.0098,4.3341
118.7946,0.9354,4.0183
118.7948,0.7935,3.4105
118.7950,0.7747,3.3312
118.7952,0.8115,3.4862
118.7954,0.8697,3.7291
118.7956,0.8647,3.7132
118.7958,0.8661,3.7206
118.7960,0.9099,3.9018
118.7962,0.9137,3.9251
118.7964,0.8855,3.7987
118.7966,0.9903,4.2483
118.7968,0.9505,4.0794
118.7970,0.9598,4.1119
118.7972,0.9715,4.1636
118.7974,0.9679,4.1521
118.7976,0.9917,4.2584
118.7978,0.8659,3.7235
118.7980,0.8002,3.4394
118.7982,0.8207,3.5226
118.7984,0.9037,3.8805
118.7986,0.8442,3.6285
118.7988,0.8668,3.7219
118.7990,0.884,3.8031
118.7992,0.7578,3.2585
118.7994,0.8006,3.4425
118.7996,0.8128,3.4935
118.7998,0.7984,3.4301
118.8000,0.8257,3.5453
118.8002,0.8535,3.6631
118.8004,0.8615,3.6993
118.8006,0.8641,3.7141
118.8008,0.8544,3.6792
118.8010,0.7764,3.3415
118.8012,0.7137,3.0702
118.8014,0.7398,3.1826
118.8016,0.7703,3.3183
118.8018,0.7433,3.1961
118.8020,0.7604,3.2729
118.8022,0.7504,3.2295
118.8024,0.7824,3.3657
118.8026,0.7135,3.0754
118.8028,0.6073,2.6187
118.8030,0.5994,2.5834
118.8032,0.6029,2.5996
118.8034,0.6024,2.5951
118.8036,0.6382,2.7483
118.8038,0.7457,3.2049
118.8040,0.8392,3.6102
118.8042,0.7754,3.3374
118.8044,0.7518,3.2372
118.8046,0.7241,3.115
118.8048,0.7561,3.2558
118.8050,0.6951,2.9958
118.8052,0.6616,2.8516
118.8054,0.6909,2.9749
118.8056,0.7286,3.1332
118.8058,0.7822,3.3637
118.8060,0.8045,3.466
118.8062,0.7412,3.1888
118.8064,0.6957,2.9998
118.8066,0.6602,2.8441
118.8068,0.6607,2.8488
118.8070,0.6544,2.8193
118.8072,0.6634,2.8567
118.8074,0.6856,2.9549
118.8076,0.6941,2.9944
118.8078,0.6149,2.6501
118.8080,0.5246,2.263
118.8082,0.6116,2.6373
118.8084,0.6221,2.686
118.8086,0.4778,2.0632
118.8088,0.5049,2.1812
118.8090,0.4757,2.0539
118.8092,0.4563,1.9705
118.8094,0.4538,1.9596
118.8096,0.4565,1.9719
118.8098,0.4554,1.9673
118.8100,0.4565,1.9719
118.8102,0.4971,2.1465
118.8104,0.4815,2.0792
118.8106,0.459,1.9819
118.8108,0.455,1.9648
118.8110,0.4554,1.9673
118.8112,0.4567,1.973
118.8114,0.4575,1.9748
118.8116,0.4569,1.9713
118.8118,0.4554,1.9655
118.8120,0.4593,1.9844
118.8122,0.4592,1.9811
118.8124,0.5428,2.3384
118.8126,0.6236,2.6865
118.8128,0.5976,2.578
118.8130,0.5319,2.2956
118.8132,0.5352,2.3069
118.8134,0.5342,2.3033
118.8136,0.546,2.3545
118.8138,0.5751,2.4785
118.8140,0.6169,2.6564
118.8142,0.6768,2.9118
118.8144,0.6629,2.8533
118.8146,0.679,2.9184
118.8148,0.7063,3.0373
118.8150,0.6855,2.9503
118.8152,0.6783,2.9234
118.8154,0.5978,2.5791
118.8156,0.5352,2.308
118.8158,0.5332,2.3003
118.8160,0.537,2.3168
118.8162,0.5418,2.3353
118.8164,0.5505,2.3736
118.8166,0.5392,2.325
118.8168,0.5394,2.3282
118.8170,0.5388,2.3224
118.8172,0.5439,2.3452
118.8174,0.5466,2.3582
118.8176,0.5396,2.3255
118.8178,0.539,2.3229
118.8180,0.5387,2.324
118.8182,0.5452,2.3509
118.8184,0.5639,2.427
118.8186,0.6507,2.7994
118.8188,0.6789,2.926
118.8190,0.6553,2.8203
118.8192,0.7126,3.0641
118.8194,0.7362,3.1642
118.8196,0.7059,3.0366
118.8198,0.703,3.0243
118.8200,0.7206,3.0972
118.8202,0.6982,3.0064
118.8204,0.6797,2.9242
118.8206,0.7193,3.093
118.8208,0.7097,3.0546
118.8210,0.6448,2.7741
118.8212,0.6927,2.9785
118.8214,0.738,3.1734
118.8216,0.7005,3.0148
118.8218,0.6724,2.8927
118.8220,0.6788,2.9214
118.8222,0.7157,3.0789
118.8224,0.684,2.9414
118.8226,0.6922,2.9751
118.8228,0.7228,3.1021
118.8230,0.7933,3.4079
118.8232,0.7761,3.3343
118.8234,0.8063,3.4608
118.8236,0.8694,3.7298
118.8238,0.8615,3.6993
118.8240,0.849,3.6491
118.8242,0.7665,3.293
118.8244,0.7776,3.3373
118.8246,0.8482,3.6404
118.8248,0.8646,3.7092
118.8250,0.898,3.8522
118.8252,0.9071,3.8949
118.8254,0.8723,3.7439
118.8256,0.9125,3.9163
118.8258,0.9103,3.9052
118.8260,0.8527,3.6583
118.8262,0.8921,3.8306
118.8264,0.8595,3.6922
118.8266,0.8218,3.5272
118.8268,0.8599,3.6926
118.8270,0.868,3.7306
118.8272,0.8307,3.5703
118.8274,0.7463,3.212
118.8276,0.6929,2.9795
118.8278,0.7213,3.1032
118.8280,0.7306,3.1444
118.8282,0.7391,3.181
118.8284,0.7301,3.1394
118.8286,0.7716,3.3162
118.8288,0.7574,3.2569
118.8290,0.7206,3.0972
118.8292,0.7776,3.3404
118.8294,0.8276,3.5602
118.8296,0.7356,3.166
118.8298,0.7176,3.0901
118.8300,0.7041,3.0317
118.8302,0.6869,2.9565
118.8304,0.7307,3.1449
118.8306,0.7048,3.0334
118.8308,0.7073,3.0428
118.8310,0.7185,3.0894
118.8312,0.6652,2.8671
118.8314,0.6412,2.7599
118.8316,0.6827,2.9398
118.8318,0.6454,2.778
118.8320,0.6565,2.8267
118.8322,0.6751,2.9081
118.8324,0.64,2.7573
118.8326,0.574,2.475
118.8328,0.5601,2.4161
118.8330,0.5983,2.5775
118.8332,0.6544,2.8167
118.8334,0.7043,3.0342
118.8336,0.6837,2.9439
118.8338,0.6896,2.9651
118.8340,0.691,2.9741
118.8342,0.6846,2.9494
118.8344,0.6165,2.6561
118.8346,0.6321,2.7181
118.8348,0.7356,3.1631
118.8350,0.7147,3.0791
118.8352,0.6476,2.7911
118.8354,0.568,2.4503
118.8356,0.5488,2.3653
118.8358,0.5487,2.3659
118.8360,0.5608,2.417
118.8362,0.5954,2.5687
118.8364,0.5248,2.2661
118.8366,0.471,2.0337
118.8368,0.4849,2.0908
118.8370,0.5159,2.2247
118.8372,0.5506,2.3764
118.8374,0.5267,2.2723
118.8376,0.5138,2.2154
118.8378,0.5122,2.2118
118.8380,0.5535,2.3843
118.8382,0.6786,2.9168
118.8384,0.7212,3.1055
118.8386,0.5978,2.5767
118.8388,0.6114,2.6326
118.8390,0.6555,2.8213
118.8392,0.6536,2.8117
118.8394,0.655,2.8192
118.8396,0.673,2.898
118.8398,0.6761,2.9114
118.8400,0.692,2.9754
118.8402,0.6939,2.9878
118.8404,0.6205,2.6706
118.8406,0.6689,2.8804
118.8408,0.6253,2.6888
118.8410,0.6448,2.7754
118.8412,0.6681,2.8742
118.8414,0.7252,3.1197
118.8416,0.7337,3.1504
118.8418,0.7896,3.3935
118.8420,0.7784,3.3534
118.8422,0.5854,2.5241
118.8424,0.5332,2.2992
118.8426,0.5292,2.2853
118.8428,0.5279,2.2775
118.8430,0.527,2.2734
118.8432,0.5282,2.2764
118.8434,0.5689,2.451
118.8436,0.627,2.701
118.8438,0.6123,2.638
118.8440,0.5665,2.4429
118.8442,0.5447,2.3488
118.8444,0.5459,2.354
118.8446,0.5478,2.359
118.8448,0.6777,2.9141
118.8450,0.7794,3.3528
118.8452,0.7049,3.0353
118.8454,0.6767,2.9086
118.8456,0.7013,3.017
118.8458,0.6056,2.6103
118.8460,0.5315,2.293
118.8462,0.5255,2.2671
118.8464,0.53,2.2863
118.8466,0.5258,2.2661
118.8468,0.5282,2.2785
118.8470,0.5647,2.4318
118.8472,0.6436,2.7676
118.8474,0.6559,2.8229
118.8476,0.6177,2.6575
118.8478,0.5956,2.568
118.8480,0.5764,2.4819
118.8482,0.6786,2.9209
118.8484,0.6072,2.6158
118.8486,0.5749,2.478
118.8488,0.5757,2.4799
118.8490,0.5874,2.5317
118.8492,0.5626,2.4236
118.8494,0.5635,2.4277
118.8496,0.5815,2.5064
118.8498,0.6033,2.6004
118.8500,0.5956,2.5657
118.8502,0.5728,2.4652
118.8504,0.6318,2.7217
118.8506,0.582,2.5061
118.8508,0.6223,2.6833
118.8510,0.5078,2.1906
118.8512,0.4689,2.023
118.8514,0.5008,2.1606
118.8516,0.5585,2.4049
118.8518,0.5958,2.5619
118.8520,0.6623,2.852
118.8522,0.5348,2.3059
118.8524,0.4946,2.1327
118.8526,0.4932,2.1285
118.8528,0.4857,2.0964
118.8530,0.4948,2.1347
118.8532,0.5486,2.3599
118.8534,0.6176,2.6582
118.8536,0.624,2.6843
118.8538,0.6551,2.8171
118.8540,0.6326,2.724
118.8542,0.5405,2.3307
118.8544,0.4685,2.02
118.8546,0.4599,1.9842
118.8548,0.4607,1.9882
118.8550,0.467,2.0147
118.8552,0.459,1.9801
118.8554,0.4644,2.0033
118.8556,0.4605,1.9859
118.8558,0.49,2.1101
118.8560,0.512,2.2046
118.8562,0.606,2.6106
118.8564,0.5676,2.4453
118.8566,0.5522,2.3776
118.8568,0.5899,2.539
118.8570,0.6701,2.8789
118.8572,0.7276,3.1256
118.8574,0.695,2.9883
118.8576,0.7113,3.057
118.8578,0.7117,3.0576
118.8580,0.7282,3.1297
118.8582,0.7821,3.3616
118.8584,0.7019,3.0182
118.8586,0.761,3.2633
118.8588,0.8942,3.8309
118.8590,0.9734,4.168
118.8592,0.9685,4.145
118.8594,1.0258,4.3841
118.8596,1.1307,4.8416
118.8598,1.0609,4.5406
118.8600,1.0261,4.3918
118.8602,1.0256,4.3898
118.8604,1.0641,4.5524
118.8606,1.0319,4.4247
118.8608,0.9298,3.9853
118.8610,0.9308,3.995
118.8612,0.9247,3.9706
118.8614,0.9035,3.8741
118.8616,0.8796,3.7735
118.8618,0.9044,3.8709
118.8620,1.049,4.4856
118.8622,1.1078,4.7391
118.8624,1.046,4.4791
118.8626,1.0801,4.6249
118.8628,1.0501,4.4987
118.8630,0.9569,4.1072
118.8632,0.8776,3.77
118.8634,0.8421,3.6159
118.8636,0.8231,3.5329
118.8638,0.8547,3.6716
118.8640,0.8862,3.8053
118.8642,0.8478,3.6423
118.8644,0.8296,3.569
118.8646,0.7285,3.1341
118.8648,0.765,3.2879
118.8650,0.7915,3.4018
118.8652,0.8097,3.4833
118.8654,0.7399,3.1846
118.8656,0.7149,3.0753
118.8658,0.7639,3.2817
118.8660,0.8237,3.5404
118.8662,0.8372,3.6031
118.8664,0.6904,2.9756
118.8666,0.5989,2.5801
118.8668,0.6264,2.6959
118.8670,0.6693,2.8806
118.8672,0.7466,3.218
118.8674,0.6538,2.8193
118.8676,0.6146,2.6478
118.8678,0.6544,2.8167
118.8680,0.6884,2.96
118.8682,0.751,3.2306
118.8684,0.7264,3.1292
118.8686,0.6505,2.7996
118.8688,0.628,2.7044
118.8690,0.68,2.9307
118.8692,0.6223,2.6821
118.8694,0.5948,2.5637
118.8696,0.6189,2.6651
118.8698,0.6718,2.8969
118.8700,0.6119,2.6359
118.8702,0.5903,2.5429
118.8704,0.586,2.5243
118.8706,0.5945,2.5646
118.8708,0.5941,2.5618
118.8710,0.6313,2.7208
118.8712,0.6164,2.6555
118.8714,0.6057,2.6096
118.8716,0.5992,2.5847
118.8718,0.5307,2.2873
118.8720,0.5541,2.3869
118.8722,0.5551,2.3927
118.8724,0.5548,2.3934
118.8726,0.5537,2.3887
118.8728,0.5571,2.4021
118.8730,0.5529,2.3829
118.8732,0.5476,2.3612
118.8734,0.5422,2.3369
118.8736,0.5719,2.4639
118.8738,0.5686,2.4494
118.8740,0.5716,2.4658
118.8742,0.5257,2.2687
118.8744,0.5194,2.2387
118.8746,0.564,2.4276
118.8748,0.6627,2.8509
118.8750,0.6417,2.7671
118.8752,0.5237,2.2604
118.8754,0.4638,2.0008
118.8756,0.4746,2.0473
118.8758,0.4649,2.0073
118.8760,0.458,1.9778
118.8762,0.4659,2.011
118.8764,0.4498,1.942
118.8766,0.4481,1.9348
118.8768,0.4409,1.9028
118.8770,0.4442,1.9156
118.8772,0.446,1.9251
118.8774,0.4345,1.8763
118.8776,0.4315,1.8642
118.8778,0.4303,1.8582
118.8780,0.4435,1.9142
118.8782,0.4536,1.9568
118.8784,0.4632,2
118.8786,0.4578,1.9731
118.8788,0.5399,2.3249
118.8790,0.5758,2.4816
118.8792,0.5746,2.4753
118.8794,0.5751,2.4762
118.8796,0.5723,2.4666
118.8798,0.5713,2.459
118.8800,0.6091,2.624
118.8802,0.5725,2.4653
118.8804,0.5665,2.4384
118.8806,0.6356,2.7369
118.8808,0.6493,2.7958
118.8810,0.649,2.7986
118.8812,0.5707,2.4587
118.8814,0.5898,2.5385
118.8816,0.679,2.9211
118.8818,0.6719,2.8907
118.8820,0.6107,2.6307
118.8822,0.5572,2.4015
118.8824,0.5424,2.3368
118.8826,0.5655,2.4371
118.8828,0.5488,2.3675
118.8830,0.5101,2.1984
118.8832,0.5276,2.2749
118.8834,0.49,2.1111
118.8836,0.5191,2.2361
118.8838,0.5537,2.3843
118.8840,0.5864,2.5252
118.8842,0.5885,2.5305
118.8844,0.6574,2.8296
118.8846,0.6132,2.6404
118.8848,0.5975,2.5751
118.8850,0.5739,2.4687
118.8852,0.5934,2.5528
118.8854,0.6334,2.7238
118.8856,0.6379,2.7467
118.8858,0.6005,2.5856
118.8860,0.6035,2.5985
118.8862,0.6039,2.5994
118.8864,0.5884,2.53
118.8866,0.6679,2.8718
118.8868,0.6682,2.8733
118.8870,0.6545,2.8132
118.8872,0.7185,3.0922
118.8874,0.6158,2.6554
118.8876,0.4882,2.1073
118.8878,0.4685,2.0228
118.8880,0.4625,1.9951
118.8882,0.4656,2.0076
118.8884,0.4692,2.0222
118.8886,0.4834,2.0856
118.8888,0.4742,2.0458
118.8890,0.4717,2.0321
118.8892,0.4939,2.1266
118.8894,0.5324,2.2924
118.8896,0.5947,2.5632
118.8898,0.5644,2.4314
118.8900,0.5517,2.3744
118.8902,0.6011,2.5858
118.8904,0.6276,2.6986
118.8906,0.6712,2.8849
118.8908,0.7068,3.0379
118.8910,0.7206,3.0929
118.8912,0.7326,3.1502
118.8914,0.721,3.0987
118.8916,0.7628,3.2679
118.8918,0.9355,4.0095
118.8920,0.9418,4.0386
118.8922,0.8782,3.7691
118.8924,0.832,3.571
118.8926,0.7748,3.327
118.8928,0.7581,3.257
118.8930,0.7025,3.0194
118.8932,0.7523,3.2333
118.8934,0.7356,3.1631
118.8936,0.7421,3.185
118.8938,0.7629,3.2761
118.8940,0.7545,3.2385
118.8942,0.8032,3.4475
118.8944,0.8471,3.6392
118.8946,0.7983,3.4264
118.8948,0.8412,3.6089
118.8950,0.8843,3.8006
118.8952,0.7599,3.2617
118.8954,0.8018,3.4445
118.8956,0.7604,3.2698
118.8958,0.744,3.2007
118.8960,0.7071,3.0418
118.8962,0.711,3.0574
118.8964,0.7405,3.1828
118.8966,0.7649,3.2843
118.8968,0.7653,3.2848
118.8970,0.7891,3.3836
118.8972,0.8322,3.5737
118.8974,0.8543,3.6701
118.8976,0.7836,3.3678
118.8978,0.8044,3.451
118.8980,0.832,3.5743
118.8982,0.8209,3.5231
118.8984,0.8169,3.5061
118.8986,0.8081,3.4702
118.8988,0.8428,3.6156
118.8990,0.8768,3.7634
118.8992,0.8934,3.8327
118.8994,0.8929,3.8324
118.8996,0.924,3.9601
118.8998,0.971,4.1577
118.9000,0.9402,4.037
118.9002,0.8707,3.7372
118.9004,0.837,3.5942
118.9006,0.8671,3.7235
118.9008,0.8519,3.6598
118.9010,0.7638,3.2873
118.9012,0.6963,2.9954
118.9014,0.7539,3.2405
118.9016,0.7828,3.3615
118.9018,0.8206,3.5204
118.9020,0.8436,3.6209
118.9022,0.8446,3.6301
118.9024,0.8432,3.6222
118.9026,0.8388,3.602
118.9028,0.8548,3.6705
118.9030,0.8321,3.5848
118.9032,0.6392,2.7511
118.9034,0.6966,2.9983
118.9036,0.7105,3.0582
118.9038,0.7141,3.0737
118.9040,0.7284,3.1322
118.9042,0.8121,3.4872
118.9044,0.9267,3.9757
118.9046,0.9621,4.1197
118.9048,0.9936,4.2686
118.9050,0.8066,3.4715
118.9052,0.694,2.987
118.9054,0.6824,2.9383
118.9056,0.693,2.9828
118.9058,0.752,3.2337
118.9060,0.7663,3.2951
118.9062,0.7318,3.1481
118.9064,0.7265,3.1268
118.9066,0.7036,3.0282
118.9068,0.7307,3.142
118.9070,0.7025,3.0278
118.9072,0.6507,2.8046
118.9074,0.6108,2.6337
118.9076,0.5611,2.4197
118.9078,0.5357,2.3111
118.9080,0.5844,2.5176
118.9082,0.5958,2.5703
118.9084,0.5368,2.3147
118.9086,0.5405,2.3318
118.9088,0.5265,2.2723
118.9090,0.5246,2.2641
118.9092,0.5251,2.264
118.9094,0.5301,2.2857
118.9096,0.5271,2.2749
118.9098,0.5249,2.2625
118.9100,0.5589,2.4065
118.9102,0.6188,2.6659
118.9104,0.6005,2.5904
118.9106,0.5663,2.443
118.9108,0.5342,2.3033
118.9110,0.5279,2.2754
118.9112,0.5302,2.2831
118.9114,0.6072,2.6182
118.9116,0.5518,2.3804
118.9118,0.5301,2.2836
118.9120,0.5597,2.4134
118.9122,0.5578,2.4052
118.9124,0.5313,2.2909
118.9126,0.5231,2.2568
118.9128,0.5192,2.2387
118.9130,0.5253,2.2661
118.9132,0.5283,2.278
118.9134,0.5308,2.2867
118.9136,0.5393,2.3234
118.9138,0.5844,2.5141
118.9140,0.65,2.7976
118.9142,0.6712,2.8889
118.9144,0.6861,2.9529
118.9146,0.6718,2.8901
118.9148,0.6447,2.7787
118.9150,0.5516,2.3761
118.9152,0.5368,2.3158
118.9154,0.5273,2.2749
118.9156,0.5205,2.2444
118.9158,0.5187,2.2356
118.9160,0.5288,2.2811
118.9162,0.5318,2.293
118.9164,0.5242,2.2594
118.9166,0.5174,2.2309
118.9168,0.5159,2.2258
118.9170,0.5162,2.2258
118.9172,0.5101,2.2004
118.9174,0.4983,2.1517
118.9176,0.4881,2.1048
118.9178,0.537,2.3104
118.9180,0.6609,2.8432
118.9182,0.6778,2.9132
118.9184,0.6849,2.945
118.9186,0.6686,2.8762
118.9188,0.6653,2.8623
118.9190,0.7039,3.027
118.9192,0.699,3.0058
118.9194,0.7139,3.0655
118.9196,0.7879,3.3832
118.9198,0.8747,3.7507
118.9200,0.9053,3.8854
118.9202,0.8447,3.6272
118.9204,0.8509,3.6523
118.9206,0.8848,3.7956
118.9208,0.9259,3.9739
118.9210,0.859,3.6953
118.9212,0.6814,2.9314
118.9214,0.6896,2.9637
118.9216,0.7384,3.1735
118.9218,0.7223,3.1073
118.9220,0.7397,3.1821
118.9222,0.6969,3.0007
118.9224,0.6452,2.7808
118.9226,0.5504,2.3731
118.9228,0.5472,2.3553
118.9230,0.6533,2.8146
118.9232,0.5845,2.5181
118.9234,0.5782,2.4896
118.9236,0.6432,2.7669
118.9238,0.715,3.0773
118.9240,0.748,3.2132
118.9242,0.7686,3.2987
118.9244,0.771,3.3106
118.9246,0.7809,3.3517
118.9248,0.8357,3.5886
118.9250,0.803,3.4464
118.9252,0.8262,3.543
118.9254,0.9294,3.987
118.9256,0.9115,3.9122
118.9258,0.8977,3.8512
118.9260,0.8897,3.8167
118.9262,0.9012,3.8661
118.9264,0.9003,3.8589
118.9266,0.9481,4.0672
118.9268,0.9074,3.8965
118.9270,0.8337,3.5832
118.9272,0.7649,3.2904
118.9274,0.7577,3.2564
118.9276,0.738,3.1749
118.9278,0.7715,3.3142
118.9280,0.8615,3.6924
118.9282,0.9056,3.8906
118.9284,0.8592,3.6878
118.9286,0.8736,3.7548
118.9288,0.8,3.4384
118.9290,0.7926,3.4064
118.9292,0.7555,3.2502
118.9294,0.7168,3.0821
118.9296,0.7601,3.2652
118.9298,0.8047,3.4552
118.9300,0.8067,3.4672
118.9302,0.8072,3.4709
118.9304,0.8488,3.6413
118.9306,0.9284,3.981
118.9308,0.9518,4.0832
118.9310,0.929,3.9836
118.9312,0.9024,3.8712
118.9314,0.9274,3.9825
118.9316,0.8035,3.4581
118.9318,0.7439,3.2031
118.9320,0.7471,3.2141
118.9322,0.7457,3.2034
118.9324,0.7693,3.308
118.9326,0.7434,3.1996
118.9328,0.7189,3.0929
118.9330,0.72,3.1018
118.9332,0.6653,2.8689
118.9334,0.6212,2.6774
118.9336,0.6258,2.6958
118.9338,0.5936,2.5586
118.9340,0.6144,2.6492
118.9342,0.6156,2.6519
118.9344,0.6168,2.6583
118.9346,0.6187,2.6666
118.9348,0.5976,2.5744
118.9350,0.6591,2.8368
118.9352,0.6741,2.8999
118.9354,0.6845,2.9462
118.9356,0.7019,3.0238
118.9358,0.6501,2.7994
118.9360,0.6023,2.5946
118.9362,0.6168,2.6521
118.9364,0.7159,3.0828
118.9366,0.7068,3.0436
118.9368,0.7053,3.0355
118.9370,0.7078,3.0449
118.9372,0.7006,3.0139
118.9374,0.7284,3.138
118.9376,0.6302,2.7149
118.9378,0.5788,2.4945
118.9380,0.6516,2.8043
118.9382,0.745,3.2033
118.9384,0.7408,3.1867
118.9386,0.7085,3.0522
118.9388,0.6779,2.9178
118.9390,0.7001,3.0105
118.9392,0.6966,2.9983
118.9394,0.6963,2.9954
118.9396,0.6915,2.9775
118.9398,0.6192,2.6699
118.9400,0.6224,2.6826
118.9402,0.6211,2.6757
118.9404,0.6205,2.6731
118.9406,0.6207,2.6766
118.9408,0.5575,2.4053
118.9410,0.5568,2.3988
118.9412,0.628,2.7031
118.9414,0.6372,2.7474
118.9416,0.6245,2.6926
118.9418,0.5909,2.5455
118.9420,0.585,2.5225
118.9422,0.581,2.5032
118.9424,0.6348,2.7346
118.9426,0.6288,2.7113
118.9428,0.4948,2.1377
118.9430,0.4543,1.9617
118.9432,0.4875,2.1022
118.9434,0.5408,2.3318
118.9436,0.5494,2.3723
118.9438,0.448,1.9343
118.9440,0.4416,1.9068
118.9442,0.4386,1.8939
118.9444,0.4813,2.0763
118.9446,0.5276,2.2728
118.9448,0.5563,2.3967
118.9450,0.5575,2.4041
118.9452,0.562,2.4233
118.9454,0.5572,2.4015
118.9456,0.5415,2.3349
118.9458,0.514,2.2185
118.9460,0.4544,1.9595
118.9462,0.453,1.956
118.9464,0.4574,1.9743
118.9466,0.5071,2.1844
118.9468,0.5456,2.3514
118.9470,0.5505,2.3725
118.9472,0.6139,2.6422
118.9474,0.6442,2.7741
118.9476,0.6665,2.8701
118.9478,0.6566,2.8246
118.9480,0.6495,2.7955
118.9482,0.6591,2.8434
118.9484,0.4968,2.144
118.9486,0.4655,2.0089
118.9488,0.4469,1.9287
118.9490,0.4451,1.921
118.9492,0.4478,1.9338
118.9494,0.4493,1.9382
118.9496,0.4453,1.922
118.9498,0.4464,1.9284
118.9500,0.4462,1.9256
118.9502,0.4462,1.9247
118.9504,0.4492,1.9386
118.9506,0.4439,1.9167
118.9508,0.4434,1.9128
118.9510,0.454,1.9574
118.9512,0.5116,2.2041
118.9514,0.583,2.5056
118.9516,0.6368,2.7446
118.9518,0.5502,2.3726
118.9520,0.564,2.4264
118.9522,0.6077,2.6166
118.9524,0.5932,2.5553
118.9526,0.5583,2.4084
118.9528,0.4999,2.1535
118.9530,0.5544,2.384
118.9532,0.6225,2.6806
118.9534,0.6188,2.6622
118.9536,0.7211,3.1007
118.9538,0.699,3.0072
118.9540,0.681,2.9285
118.9542,0.6957,2.9928
118.9544,0.6138,2.6417
118.9546,0.6872,2.9466
118.9548,0.8266,3.5495
118.9550,0.7798,3.3487
118.9552,0.8393,3.6057
118.9554,0.7603,3.2708
118.9556,0.643,2.7715
118.9558,0.5896,2.5398
118.9560,0.6252,2.6882
118.9562,0.6808,2.9261
118.9564,0.7241,3.1165
118.9566,0.6814,2.9287
118.9568,0.7205,3.0981
118.9570,0.7138,3.0678
118.9572,0.7182,3.0883
118.9574,0.7146,3.07
118.9576,0.7622,3.2791
118.9578,0.6647,2.8597
118.9580,0.7057,3.0248
118.9582,0.8934,3.8345
118.9584,0.8151,3.5033
118.9586,0.7882,3.3831
118.9588,0.844,3.6207
118.9590,0.8782,3.7673
118.9592,0.8493,3.6468
118.9594,0.8738,3.7453
118.9596,0.8669,3.7173
118.9598,0.8559,3.6699
118.9600,0.9272,3.9759
118.9602,0.9348,4.0064
118.9604,0.9103,3.9016
118.9606,0.9332,4.0016
118.9608,0.9101,3.9042
118.9610,0.8498,3.6522
118.9612,0.7728,3.3214
118.9614,0.8252,3.5433
118.9616,0.8806,3.7741
118.9618,0.9284,3.981
118.9620,0.937,4.018
118.9622,0.9543,4.0921
118.9624,0.9483,4.0645
118.9626,0.945,4.0501
118.9628,0.9744,4.1765
118.9630,1.0187,4.3682
118.9632,0.9704,4.1707
118.9634,0.8249,3.5439
118.9636,0.8091,3.4759
118.9638,0.836,3.5896
118.9640,0.8538,3.6612
118.9642,0.9165,3.9283
118.9644,0.9458,4.0593
118.9646,0.9453,4.0554
118.9648,0.8837,3.7945
118.9650,0.84,3.6071
118.9652,0.8596,3.691
118.9654,0.9103,3.9088
118.9656,0.8212,3.5246
118.9658,0.8301,3.5627
118.9660,0.8447,3.6255
118.9662,0.8635,3.7098
118.9664,0.8493,3.6502
118.9666,0.8394,3.6029
118.9668,0.8505,3.657
118.9670,0.8346,3.5856
118.9672,0.8517,3.6639
118.9674,0.7959,3.4224
118.9676,0.785,3.3739
118.9678,0.8138,3.4992
118.9680,0.8521,3.6642
118.9682,0.7927,3.4117
118.9684,0.7084,3.0517
118.9686,0.682,2.934
118.9688,0.7036,3.0268
118.9690,0.7067,3.0431
118.9692,0.693,2.987
118.9694,0.6668,2.8738
118.9696,0.662,2.8492
118.9698,0.6701,2.8843
118.9700,0.6682,2.8773
118.9702,0.6707,2.8922
118.9704,0.5988,2.5796
118.9706,0.584,2.5172
118.9708,0.5866,2.5316
118.9710,0.5892,2.5406
118.9712,0.6462,2.7759
118.9714,0.7864,3.3817
118.9716,0.7267,3.1293
118.9718,0.6909,2.9708
118.9720,0.7339,3.1559
118.9722,0.7105,3.0624
118.9724,0.6463,2.7854
118.9726,0.6784,2.9185
118.9728,0.6833,2.9451
118.9730,0.6252,2.6957
118.9732,0.6392,2.7524
118.9734,0.6554,2.8195
118.9736,0.6554,2.8208
118.9738,0.6157,2.6549
118.9740,0.6039,2.6042
118.9742,0.5992,2.5847
118.9744,0.5375,2.3189
118.9746,0.5819,2.5056
118.9748,0.6735,2.9014
118.9750,0.6145,2.6497
118.9752,0.5352,2.3112
118.9754,0.5269,2.2728
118.9756,0.5203,2.2433
118.9758,0.5258,2.2682
118.9760,0.5646,2.4369
118.9762,0.536,2.3122
118.9764,0.5332,2.2981
118.9766,0.5424,2.3401
118.9768,0.5361,2.3137
118.9770,0.5682,2.4467
118.9772,0.5924,2.5546
118.9774,0.5356,2.3117
118.9776,0.5447,2.3488
118.9778,0.5466,2.3527
118.9780,0.6376,2.7431
118.9782,0.7135,3.0725
118.9784,0.659,2.8402
118.9786,0.5523,2.377
118.9788,0.6189,2.6651
118.9790,0.653,2.8105
118.9792,0.6525,2.811
118.9794,0.6487,2.7945
118.9796,0.6498,2.7965
118.9798,0.6824,2.9369
118.9800,0.6854,2.9539
118.9802,0.6367,2.7403
118.9804,0.6563,2.8236
118.9806,0.6876,2.9582
118.9808,0.7203,3.0985
118.9810,0.709,3.05
118.9812,0.7394,3.1811
118.9814,0.78,3.3523
118.9816,0.7962,3.4187
118.9818,0.7878,3.3874
118.9820,0.7544,3.244
118.9822,0.7426,3.196
118.9824,0.6827,2.9412
118.9826,0.6091,2.6252
118.9828,0.6024,2.5975
118.9830,0.5707,2.4599
118.9832,0.5667,2.4446
118.9834,0.5838,2.5139
118.9836,0.5971,2.5712
118.9838,0.611,2.6323
118.9840,0.5887,2.5386
118.9842,0.5999,2.5819
118.9844,0.6553,2.8216
118.9846,0.6704,2.8853
118.9848,0.7288,3.1366
118.9850,0.6444,2.7733
118.9852,0.6143,2.645
118.9854,0.5827,2.5116
118.9856,0.5863,2.5259
118.9858,0.6221,2.6761
118.9860,0.7078,3.0449
118.9862,0.7143,3.0699
118.9864,0.7593,3.2652
118.9866,0.7519,3.2332
118.9868,0.7176,3.0858
118.9870,0.734,3.1579
118.9872,0.7083,3.0512
118.9874,0.609,2.6235
118.9876,0.5344,2.3044
118.9878,0.546,2.3567
118.9880,0.5556,2.3992
118.9882,0.4807,2.0737
118.9884,0.4688,2.0225
118.9886,0.4761,2.0559
118.9888,0.4706,2.0312
118.9890,0.4668,2.0146
118.9892,0.4775,2.0616
118.9894,0.5135,2.2144
118.9896,0.5524,2.3808
118.9898,0.5671,2.4432
118.9900,0.5982,2.577
118.9902,0.5644,2.4314
118.9904,0.6135,2.6407
118.9906,0.6585,2.8303
118.9908,0.684,2.94
118.9910,0.7098,3.0522
118.9912,0.736,3.1661
118.9914,0.6488,2.7937
118.9916,0.6513,2.798
118.9918,0.7634,3.2812
118.9920,0.7761,3.3343
118.9922,0.8185,3.5112
118.9924,0.8207,3.5242
118.9926,0.8261,3.5507
118.9928,0.8246,3.5407
118.9930,0.805,3.4568
118.9932,0.839,3.6025
118.9934,0.8286,3.5582
118.9936,0.8164,3.5073
118.9938,0.8048,3.4574
118.9940,0.8393,3.604
118.9942,0.8833,3.7877
118.9944,0.9147,3.9261
118.9946,0.8747,3.7524
118.9948,0.9212,3.9483
118.9950,0.9236,3.9567
118.9952,0.9837,4.2141
118.9954,1.0382,4.4478
118.9956,1.0179,4.3625
118.9958,1.0023,4.2937
118.9960,0.9862,4.2308
118.9962,0.9102,3.9065
118.9964,0.8132,3.4983
118.9966,0.7233,3.1114
118.9968,0.7246,3.1142
118.9970,0.7695,3.3121
118.9972,0.7412,3.1903
118.9974,0.7306,3.1444
118.9976,0.6861,2.9515
118.9978,0.7095,3.0507
118.9980,0.7977,3.4254
118.9982,0.8258,3.5558
118.9984,0.67,2.8837
118.9986,0.734,3.1564
118.9988,0.776,3.3322
118.9990,0.838,3.6017
118.9992,0.843,3.6183
118.9994,0.8605,3.6986
118.9996,0.796,3.4182
118.9998,0.8538,3.6697
119.0000,0.7757,3.3353
119.0002,0.7545,3.2476
119.0004,0.6994,3.0088
119.0006,0.7489,3.2233
119.0008,0.7054,3.036
119.0010,0.7087,3.049
119.0012,0.7234,3.1105
119.0014,0.7827,3.361
119.0016,0.8432,3.6256
119.0018,0.7349,3.1659
119.0020,0.7144,3.0747
119.0022,0.7709,3.3085
119.0024,0.8345,3.5918
119.0026,0.7699,3.3105
119.0028,0.7436,3.1976
119.0030,0.7399,3.1846
119.0032,0.6416,2.764
119.0034,0.6357,2.74
119.0036,0.6357,2.74
119.0038,0.6067,2.6149
119.0040,0.6445,2.7751
119.0042,0.6852,2.9493
119.0044,0.7115,3.0637
119.0046,0.6839,2.9422
119.0048,0.6837,2.9453
119.0050,0.6289,2.7093
119.0052,0.6791,2.9203
119.0054,0.7087,3.0533
119.0056,0.6861,2.9543
119.0058,0.6739,2.9057
119.0060,0.5368,2.3158
119.0062,0.5018,2.1667
119.0064,0.521,2.2475
119.0066,0.5641,2.4281
119.0068,0.6603,2.8433
119.0070,0.6362,2.7408
119.0072,0.6421,2.7674
119.0074,0.6017,2.592
119.0076,0.5801,2.5013
119.0078,0.5982,2.5734
119.0080,0.7325,3.1468
119.0082,0.7057,3.0389
119.0084,0.6488,2.795
119.0086,0.6977,3.003
119.0088,0.7104,3.0648
119.0090,0.5476,2.3656
119.0092,0.4646,2.0034
119.0094,0.5492,2.3712
119.0096,0.4723,2.0394
119.0098,0.4621,1.9954
119.0100,0.4517,1.9512
119.0102,0.4528,1.955
119.0104,0.4498,1.942
119.0106,0.4508,1.9467
119.0108,0.4526,1.9527
119.0110,0.4715,2.0329
119.0112,0.5442,2.3457
119.0114,0.54,2.3287
119.0116,0.4926,2.1288
119.0118,0.4541,1.9598
119.0120,0.4536,1.9568
119.0122,0.4706,2.0302
119.0124,0.5254,2.2666
119.0126,0.5143,2.2185
119.0128,0.464,2.0027
119.0130,0.4856,2.093
119.0132,0.5446,2.3483
119.0134,0.5454,2.3552
119.0136,0.4797,2.0686
119.0138,0.5282,2.2785
119.0140,0.5631,2.4245
119.0142,0.6051,2.6058
119.0144,0.5947,2.5632
119.0146,0.5671,2.4444
119.0148,0.5577,2.4047
119.0150,0.4915,2.1202
119.0152,0.4435,1.9151
119.0154,0.4322,1.8673
119.0156,0.4344,1.8758
119.0158,0.4439,1.9149
119.0160,0.4363,1.8832
119.0162,0.4328,1.869
119.0164,0.4316,1.8621
119.0166,0.4363,1.8823
119.0168,0.4498,1.942
119.0170,0.4418,1.9079
119.0172,0.4331,1.8683
119.0174,0.4764,2.0513
119.0176,0.5686,2.446
119.0178,0.6068,2.6106
119.0180,0.5887,2.5374
119.0182,0.5107,2.201
119.0184,0.5128,2.2103
119.0186,0.5763,2.4813
119.0188,0.6008,2.5872
119.0190,0.5971,2.5724
119.0192,0.6016,2.5879
119.0194,0.6711,2.8871
119.0196,0.6946,2.9868
119.0198,0.671,2.8839
119.0200,0.6603,2.838
119.0202,0.7135,3.0625
119.0204,0.8043,3.4569
119.0206,0.7416,3.1874
119.0208,0.7507,3.2281
119.0210,0.7186,3.0856
119.0212,0.7426,3.19
119.0214,0.7173,3.0871
119.0216,0.678,2.9129
119.0218,0.7177,3.0848
119.0220,0.7042,3.0294
119.0222,0.6867,2.9541
119.0224,0.6657,2.8652
119.0226,0.6902,2.9649
119.0228,0.7252,3.1139
119.0230,0.6954,2.9932
119.0232,0.5795,2.4953
119.0234,0.5884,2.5335
119.0236,0.5795,2.493
119.0238,0.6416,2.7614
119.0240,0.6525,2.8097
119.0242,0.7263,3.1142
119.0244,0.7965,3.425
119.0246,0.7619,3.2684
119.0248,0.8192,3.5126
119.0250,0.8553,3.6691
119.0252,0.9097,3.9026
119.0254,0.9296,3.9824
119.0256,0.9368,4.0189
119.0258,0.9073,3.8833
119.0260,1.0023,4.2937
119.0262,0.95,4.0698
119.0264,0.9869,4.2319
119.0266,0.9658,4.1376
119.0268,0.9879,4.234
119.0270,0.9384,4.0312
119.0272,0.8394,3.6045
119.0274,0.8309,3.5663
119.0276,0.808,3.4632
119.0278,0.8926,3.8237
119.0280,0.941,4.035
119.0282,0.9478,4.0681
119.0284,0.9057,3.8893
119.0286,0.8411,3.6151
119.0288,0.8203,3.5222
119.0290,0.877,3.7639
119.0292,0.8539,3.6686
119.0294,0.7832,3.3662
119.0296,0.7816,3.3595
119.0298,0.7867,3.3796
119.0300,0.7766,3.3394
119.0302,0.7838,3.3704
119.0304,0.7975,3.4243
119.0306,0.7875,3.3863
119.0308,0.7971,3.426
119.0310,0.8061,3.463
119.0312,0.7914,3.4044
119.0314,0.745,3.2048
119.0316,0.7795,3.3471
119.0318,0.8185,3.5161
119.0320,0.7721,3.3183
119.0322,0.7404,3.1867
119.0324,0.6968,2.996
119.0326,0.7593,3.2637
119.0328,0.7802,3.3518
119.0330,0.8159,3.5085
119.0332,0.8075,3.4692
119.0334,0.79,3.3972
119.0336,0.7589,3.2616
119.0338,0.7569,3.2579
119.0340,0.7197,3.0974
119.0342,0.7357,3.1592
119.0344,0.7965,3.4266
119.0346,0.7325,3.157
119.0348,0.6846,2.9494
119.0350,0.6701,2.8843
119.0352,0.6632,2.8557
119.0354,0.6822,2.9364
119.0356,0.6964,2.9973
119.0358,0.6948,2.9878
119.0360,0.705,3.0344
119.0362,0.6812,2.9358
119.0364,0.6767,2.914
119.0366,0.6745,2.9015
119.0368,0.6695,2.8844
119.0370,0.6768,2.9132
119.0372,0.6948,2.992
119.0374,0.6332,2.7215
119.0376,0.7569,3.2533
119.0378,0.7392,3.1874
119.0380,0.6144,2.6455
119.0382,0.6749,2.9022
119.0384,0.753,3.2379
119.0386,0.7541,3.2455
119.0388,0.7442,3.2002
119.0390,0.7477,3.2122
119.0392,0.8099,3.4763
119.0394,0.8131,3.4929
119.0396,0.8062,3.4668
119.0398,0.7591,3.2717
119.0400,0.6507,2.8033
119.0402,0.6181,2.664
119.0404,0.6177,2.6625
119.0406,0.6342,2.732
119.0408,0.6795,2.9218
119.0410,0.7533,3.2409
119.0412,0.7417,3.1909
119.0414,0.7403,3.1862
119.0416,0.7141,3.0808
119.0418,0.5713,2.4647
119.0420,0.5459,2.3551
119.0422,0.5402,2.3303
119.0424,0.5416,2.3365
119.0426,0.5812,2.5037
119.0428,0.5555,2.3976
119.0430,0.5452,2.352
119.0432,0.5385,2.3209
119.0434,0.581,2.5043
119.0436,0.5402,2.3292
119.0438,0.5279,2.2775
119.0440,0.5315,2.2909
119.0442,0.6006,2.5861
119.0444,0.6445,2.7738
119.0446,0.5861,2.5284
119.0448,0.5782,2.4908
119.0450,0.6302,2.7149
119.0452,0.5872,2.5295
119.0454,0.6016,2.5951
119.0456,0.5392,2.3261
119.0458,0.5306,2.2868
119.0460,0.5273,2.2749
119.0462,0.5362,2.3121
119.0464,0.5942,2.5612
119.0466,0.6174,2.6584
119.0468,0.618,2.6598
119.0470,0.6974,2.9986
119.0472,0.7338,3.1583
119.0474,0.7001,3.0119
119.0476,0.6581,2.8327
119.0478,0.6121,2.6394
119.0480,0.5633,2.4301
119.0482,0.5512,2.3756
119.0484,0.5399,2.3281
119.0486,0.5334,2.3002
119.0488,0.5228,2.2553
119.0490,0.5097,2.1958
119.0492,0.5608,2.4125
119.0494,0.6438,2.7733
119.0496,0.6055,2.611
119.0498,0.5752,2.4767
119.0500,0.5891,2.5389
119.0502,0.5687,2.4511
119.0504,0.6307,2.7145
119.0506,0.6433,2.77
119.0508,0.5996,2.5808
119.0510,0.647,2.7898
119.0512,0.5414,2.3365
119.0514,0.504,2.174
119.0516,0.4988,2.1518
119.0518,0.506,2.1828
119.0520,0.5783,2.4878
119.0522,0.6571,2.8228
119.0524,0.7078,3.0435
119.0526,0.7284,3.1278
119.0528,0.8203,3.5238
119.0530,0.7193,3.0973
119.0532,0.5932,2.5565
119.0534,0.5932,2.5553
119.0536,0.6504,2.8004
119.0538,0.5968,2.5732
119.0540,0.492,2.1203
119.0542,0.5418,2.3375
119.0544,0.501,2.1621
119.0546,0.4667,2.0132
119.0548,0.4645,2.0048
119.0550,0.4698,2.0266
119.0552,0.5008,2.1606
119.0554,0.4682,2.019
119.0556,0.4946,2.1327
119.0558,0.5176,2.2299
119.0560,0.5763,2.4767
119.0562,0.6483,2.7916
119.0564,0.5713,2.4659
119.0566,0.5077,2.186
119.0568,0.6224,2.6789
119.0570,0.6393,2.7516
119.0572,0.6435,2.771
119.0574,0.6574,2.8243
119.0576,0.7586,3.2515
119.0578,0.8199,3.5239
119.0580,0.7849,3.3719
119.0582,0.7977,3.4286
119.0584,0.8376,3.5918
119.0586,0.9169,3.9316
119.0588,0.9438,4.0449
119.0590,0.937,4.0143
119.0592,0.9204,3.9429
119.0594,0.9047,3.881
119.0596,0.8765,3.7601
119.0598,0.9296,3.988
119.0600,0.9258,3.9715
119.0602,0.9388,4.0182
119.0604,1.0471,4.4837
119.0606,1.0244,4.3867
119.0608,1.0517,4.4927
119.0610,1.1011,4.7082
119.0612,1.1188,4.784
119.0614,1.1521,4.9197
119.0616,1.1463,4.9083
119.0618,1.0424,4.4679
119.0620,1.0408,4.4544
119.0622,1.053,4.5047
119.0624,1.0814,4.6349
119.0626,0.997,4.2771
119.0628,1.0456,4.4791
119.0630,1.0212,4.3912
119.0632,0.7673,3.3038
119.0634,0.7067,3.0445
119.0636,0.7494,3.2224
119.0638,0.7902,3.3945
119.0640,0.7751,3.3312
119.0642,0.8448,3.6277
119.0644,0.8742,3.7556
119.0646,0.8496,3.6517
119.0648,0.7622,3.2791
119.0650,0.8102,3.4854
119.0652,0.7971,3.4276
119.0654,0.7939,3.4121
119.0656,0.8149,3.4974
119.0658,0.8894,3.821
119.0660,0.8699,3.744
119.0662,0.7898,3.3993
119.0664,0.7284,3.1351
119.0666,0.6804,2.9286
119.0668,0.737,3.1722
119.0670,0.7426,3.1945
119.0672,0.7333,3.1562
119.0674,0.6994,3.0102
119.0676,0.7962,3.4251
119.0678,0.7209,3.1054
119.0680,0.642,2.763
119.0682,0.7316,3.149
119.0684,0.697,3.0027
119.0686,0.6665,2.8701
119.0688,0.6284,2.7084
119.0690,0.5999,2.5891
119.0692,0.5968,2.5732
119.0694,0.5833,2.513
119.0696,0.6199,2.6718
119.0698,0.6644,2.8608
119.0700,0.6828,2.9403
119.0702,0.6658,2.8657
119.0704,0.7103,3.06
119.0706,0.6489,2.7942
119.0708,0.7067,3.0388
119.0710,0.7824,3.3673
119.0712,0.7623,3.2826
119.0714,0.7221,3.1106
119.0716,0.6459,2.7826
119.0718,0.6339,2.7297
119.0720,0.6368,2.7408
119.0722,0.6511,2.8074
119.0724,0.6053,2.6099
119.0726,0.6116,2.6349
119.0728,0.623,2.6802
119.0730,0.6621,2.8563
119.0732,0.5665,2.4452
119.0734,0.5195,2.2444
119.0736,0.4434,1.9146
119.0738,0.4851,2.0957
119.0740,0.4352,1.8768
119.0742,0.5812,2.506
119.0744,0.6017,2.5968
119.0746,0.4915,2.1222
119.0748,0.4372,1.8877
119.0750,0.4328,1.8699
119.0752,0.4283,1.8502
119.0754,0.4337,1.8709
119.0756,0.4704,2.0311
119.0758,0.4273,1.8452
119.0760,0.4368,1.8861
119.0762,0.4585,1.9808
119.0764,0.455,1.9639
119.0766,0.4529,1.9546
119.0768,0.4316,1.8647
119.0770,0.4207,1.8176
119.0772,0.4193,1.8114
119.0774,0.4249,1.8332
119.0776,0.4875,2.0993
119.0778,0.5605,2.4171
119.0780,0.5207,2.2475
119.0782,0.4885,2.1054
119.0784,0.5584,2.4044
119.0786,0.5773,2.4883
119.0788,0.5815,2.5052
119.0790,0.5754,2.4789
119.0792,0.5741,2.4732
119.0794,0.5725,2.4688
119.0796,0.5842,2.5178
119.0798,0.5905,2.5451
119.0800,0.5531,2.3817
119.0802,0.6298,2.7109
119.0804,0.6573,2.8251
119.0806,0.7352,3.1586
119.0808,0.7649,3.2874
119.0810,0.7764,3.3415
119.0812,0.7108,3.0535
119.0814,0.759,3.2636
119.0816,0.7482,3.2142
119.0818,0.7815,3.3606
119.0820,0.7905,3.3976
119.0822,0.7972,3.4249
119.0824,0.7092,3.0596
119.0826,0.509,2.1968
119.0828,0.4685,2.0209
119.0830,0.4896,2.11
119.0832,0.5405,2.334
119.0834,0.4874,2.1017
119.0836,0.5569,2.4004
119.0838,0.6037,2.5996
119.0840,0.6072,2.6145
119.0842,0.5569,2.3982
119.0844,0.5555,2.3954
119.0846,0.5493,2.3674
119.0848,0.5451,2.3493
119.0850,0.5434,2.3431
119.0852,0.5884,2.5323
119.0854,0.6875,2.955
119.0856,0.7157,3.0718
119.0858,0.778,3.3487
119.0860,0.6884,2.9613
119.0862,0.7302,3.1399
119.0864,0.626,2.6956
119.0866,0.6134,2.6377
119.0868,0.6942,2.9852
119.0870,0.7386,3.1775
119.0872,0.708,3.0431
119.0874,0.7267,3.1206
119.0876,0.7903,3.3935
119.0878,0.8144,3.5051
119.0880,0.6986,3.0108
119.0882,0.5956,2.5668
119.0884,0.5908,2.545
119.0886,0.5825,2.5094
119.0888,0.5312,2.2915
119.0890,0.502,2.1638
119.0892,0.5357,2.309
119.0894,0.5893,2.5376
119.0896,0.5763,2.4825
119.0898,0.5953,2.5634
119.0900,0.6543,2.8148
119.0902,0.6549,2.8148
119.0904,0.6626,2.8518
119.0906,0.6398,2.7524
119.0908,0.7156,3.0741
119.0910,0.7512,3.2301
119.0912,0.7899,3.3919
119.0914,0.8633,3.7053
119.0916,0.8506,3.6473
119.0918,0.8561,3.6727
119.0920,0.9011,3.8656
119.0922,0.9008,3.8628
119.0924,0.8987,3.8535
119.0926,0.8373,3.597
119.0928,0.8692,3.7288
119.0930,0.9267,3.9775
119.0932,0.8363,3.5928
119.0934,0.7659,3.2889
119.0936,0.787,3.3827
119.0938,0.7644,3.2838
119.0940,0.8223,3.5276
119.0942,0.8756,3.7565
119.0944,0.8723,3.7474
119.0946,0.8264,3.5517
119.0948,0.8266,3.5462
119.0950,0.8837,3.7928
119.0952,0.843,3.62
119.0954,0.8119,3.4845
119.0956,0.786,3.3812
119.0958,0.7381,3.1739
119.0960,0.7691,3.3039
119.0962,0.767,3.2951
119.0964,0.7968,3.426
119.0966,0.7736,3.3234
119.0968,0.7688,3.3044
119.0970,0.7743,3.3281
119.0972,0.7716,3.3178
119.0974,0.7786,3.3466
119.0976,0.7915,3.4002
119.0978,0.8285,3.5643
119.0980,0.7512,3.2286
119.0982,0.7765,3.3342
119.0984,0.8476,3.6379
119.0986,0.8673,3.7223
119.0988,0.8464,3.6395
119.0990,0.7992,3.4348
119.0992,0.8595,3.6888
119.0994,0.8816,3.7893
119.0996,0.8367,3.5961
119.0998,0.7762,3.3394
119.1000,0.7596,3.2586
119.1002,0.821,3.5236
119.1004,0.8514,3.6577
119.1006,0.8565,3.6794
119.1008,0.8586,3.6852
119.1010,0.8685,3.7326
119.1012,0.8249,3.5439
119.1014,0.8392,3.6052
119.1016,0.7959,3.4208
119.1018,0.8159,3.5053
119.1020,0.8071,3.4655
119.1022,0.8045,3.4579
119.1024,0.8066,3.4683
119.1026,0.8072,3.4693
119.1028,0.7818,3.3663
119.1030,0.7146,3.0757
119.1032,0.7013,3.0156
119.1034,0.712,3.0658
119.1036,0.6741,2.904
119.1038,0.682,2.9381
119.1040,0.7105,3.0511
119.1042,0.8356,3.5897
119.1044,0.7662,3.3007
119.1046,0.6123,2.6392
119.1048,0.5927,2.5556
119.1050,0.5978,2.5755
119.1052,0.639,2.7526
119.1054,0.6326,2.724
119.1056,0.6441,2.7723
119.1058,0.7168,3.0821
119.1060,0.7474,3.2121
119.1062,0.6934,2.9885
119.1064,0.6528,2.8134
119.1066,0.5679,2.452
119.1068,0.5416,2.3375
119.1070,0.5801,2.4979
119.1072,0.6338,2.7266
119.1074,0.7072,3.0423
119.1076,0.7285,3.14
119.1078,0.6537,2.8175
119.1080,0.5717,2.464
119.1082,0.5462,2.3561
119.1084,0.5453,2.3536
119.1086,0.543,2.3427
119.1088,0.539,2.3251
119.1090,0.5405,2.3318
119.1092,0.5368,2.3158
119.1094,0.5404,2.3313
119.1096,0.5336,2.3018
119.1098,0.5345,2.3059
119.1100,0.5263,2.2703
119.1102,0.5234,2.2568
119.1104,0.5237,2.2615
119.1106,0.5247,2.2625
119.1108,0.5791,2.4937
119.1110,0.6198,2.67
119.1112,0.5668,2.4451
119.1114,0.5294,2.2826
119.1116,0.5264,2.2708
119.1118,0.5271,2.2728
119.1120,0.5277,2.2775
119.1122,0.5239,2.2599
119.1124,0.5253,2.2651
119.1126,0.5246,2.262
119.1128,0.5283,2.2759
119.1130,0.5646,2.4358
119.1132,0.5174,2.2299
119.1134,0.5551,2.3938
119.1136,0.5824,2.5088
119.1138,0.6292,2.7083
119.1140,0.68,2.9211
119.1142,0.7549,3.2461
119.1144,0.7719,3.3209
119.1146,0.6424,2.7702
119.1148,0.534,2.3028
119.1150,0.5271,2.2728
119.1152,0.5246,2.262
119.1154,0.527,2.2734
119.1156,0.5331,2.2997
119.1158,0.5411,2.3322
119.1160,0.5451,2.346
119.1162,0.6441,2.7761
119.1164,0.5664,2.4424
119.1166,0.5067,2.1829
119.1168,0.5758,2.4804
119.1170,0.57,2.4579
119.1172,0.5716,2.4635
119.1174,0.627,2.6985
119.1176,0.6647,2.8571
119.1178,0.682,2.9367
119.1180,0.6629,2.8533
119.1182,0.6464,2.7795
119.1184,0.7129,3.0642
119.1186,0.7629,3.2837
119.1188,0.7204,3.1005
119.1190,0.6886,2.9582
119.1192,0.7037,3.0274
119.1194,0.7007,3.0145
119.1196,0.7095,3.0507
119.1198,0.7071,3.0404
119.1200,0.6579,2.8343
119.1202,0.6125,2.6397
119.1204,0.6042,2.6016
119.1206,0.5667,2.4412
119.1208,0.6223,2.6771
119.1210,0.6424,2.7676
119.1212,0.5731,2.4691
119.1214,0.5693,2.456
119.1216,0.5068,2.1865
119.1218,0.474,2.0438
119.1220,0.4857,2.0964
119.1222,0.4843,2.0892
119.1224,0.5141,2.216
119.1226,0.5638,2.4288
119.1228,0.5946,2.558
119.1230,0.6447,2.7749
119.1232,0.6674,2.8737
119.1234,0.6158,2.648
119.1236,0.6983,3.0013
119.1238,0.7159,3.0828
119.1240,0.6707,2.8828
119.1242,0.7583,3.2575
119.1244,0.7406,3.1833
119.1246,0.7544,3.238
119.1248,0.8632,3.7065
119.1250,0.8404,3.607
119.1252,0.8468,3.6376
119.1254,0.8447,3.6289
119.1256,0.8384,3.5949
119.1258,0.8707,3.7354
119.1260,0.8728,3.7477
119.1262,0.8206,3.527
119.1264,0.7951,3.4125
119.1266,0.8715,3.7403
119.1268,0.8715,3.7472
119.1270,0.8074,3.4671
119.1272,0.8735,3.7455
119.1274,0.9604,4.1106
119.1276,1.0653,4.5618
119.1278,1.0784,4.6113
119.1280,1.1035,4.7228
119.1282,1.0726,4.5952
119.1284,1.0484,4.4852
119.1286,1.0692,4.5803
119.1288,1.0358,4.452
119.1290,0.8006,3.4473
119.1292,0.6834,2.9402
119.1294,0.7346,3.1619
119.1296,0.7205,3.0996
119.1298,0.7161,3.0848
119.1300,0.7249,3.1201
119.1302,0.7237,3.1149
119.1304,0.6992,3.0092
119.1306,0.6964,3.0001
119.1308,0.6987,3.0043
119.1310,0.7921,3.4043
119.1312,0.7773,3.3472
119.1314,0.6869,2.9593
119.1316,0.6556,2.8231
119.1318,0.6712,2.8903
119.1320,0.6874,2.9586
119.1322,0.7459,3.2119
119.1324,0.6707,2.8868
119.1326,0.6816,2.9324
119.1328,0.6489,2.7942
119.1330,0.6598,2.8399
119.1332,0.6879,2.962
119.1334,0.7089,3.0481
119.1336,0.7472,3.2176
119.1338,0.6693,2.886
119.1340,0.6114,2.6314
119.1342,0.6673,2.8719
119.1344,0.6613,2.85
119.1346,0.6601,2.8422
119.1348,0.6893,2.9696
119.1350,0.6141,2.6469
119.1352,0.6077,2.6166
119.1354,0.6788,2.916
119.1356,0.7139,3.0741
119.1358,0.6319,2.7222
119.1360,0.6445,2.7764
119.1362,0.6303,2.7167
119.1364,0.6429,2.7697
119.1366,0.6211,2.6782
119.1368,0.5881,2.5372
119.1370,0.5854,2.5194
119.1372,0.6409,2.7583
119.1374,0.6703,2.8834
119.1376,0.6795,2.9232
119.1378,0.7077,3.0472
119.1380,0.6876,2.9624
119.1382,0.6864,2.9531
119.1384,0.7093,3.053
119.1386,0.7073,3.0428
119.1388,0.7384,3.1735
119.1390,0.7453,3.2063
119.1392,0.7041,3.0289
119.1394,0.7314,3.148
119.1396,0.708,3.0488
119.1398,0.6489,2.7942
119.1400,0.6254,2.6968
119.1402,0.5657,2.4393
119.1404,0.5972,2.5717
119.1406,0.6151,2.6462
119.1408,0.6694,2.8865
119.1410,0.5688,2.4539
119.1412,0.5578,2.4041
119.1414,0.5607,2.4176
119.1416,0.5549,2.3939
119.1418,0.5994,2.5846
119.1420,0.5011,2.1616
119.1422,0.4543,1.9626
119.1424,0.4542,1.9621
119.1426,0.4517,1.9503
119.1428,0.4546,1.96
119.1430,0.4631,2.0014
119.1432,0.4516,1.9516
119.1434,0.4518,1.9499
119.1436,0.451,1.9463
119.1438,0.4508,1.9431
119.1440,0.5368,2.3168
119.1442,0.4723,2.0394
119.1444,0.4719,2.034
119.1446,0.5257,2.2656
119.1448,0.5522,2.382
119.1450,0.4834,2.0875
119.1452,0.453,1.9542
119.1454,0.4513,1.947
119.1456,0.4529,1.9546
119.1458,0.4929,2.1255
119.1460,0.5436,2.3409
119.1462,0.5459,2.3518
119.1464,0.5384,2.3193
119.1466,0.5354,2.3117
119.1468,0.4631,1.9995
119.1470,0.4717,2.033
119.1472,0.5307,2.2851
119.1474,0.58,2.495
119.1476,0.6842,2.9433
119.1478,0.6195,2.664
119.1480,0.6306,2.7127
119.1482,0.5987,2.5791
119.1484,0.5707,2.4599
119.1486,0.5876,2.5363
119.1488,0.4842,2.0877
119.1490,0.4716,2.0334
119.1492,0.4663,2.0116
119.1494,0.4662,2.012
119.1496,0.467,2.0147
119.1498,0.4704,2.0254
119.1500,0.5692,2.452
119.1502,0.6047,2.6085
119.1504,0.5451,2.3482
119.1506,0.5574,2.4014
119.1508,0.534,2.3007
119.1510,0.5653,2.4344
119.1512,0.5743,2.4719
119.1514,0.5844,2.5176
119.1516,0.5992,2.5812
119.1518,0.5891,2.5366
119.1520,0.6104,2.6248
119.1522,0.6851,2.9474
119.1524,0.6504,2.7991
119.1526,0.6459,2.7787
119.1528,0.6665,2.8621
119.1530,0.6848,2.9445
119.1532,0.6583,2.8345
119.1534,0.6057,2.6108
119.1536,0.5796,2.4958
119.1538,0.5306,2.2878
119.1540,0.4968,2.14
119.1542,0.5613,2.4157
119.1544,0.5393,2.3245
119.1546,0.5279,2.2775
119.1548,0.4896,2.1081
119.1550,0.5266,2.2718
119.1552,0.4721,2.0364
119.1554,0.4755,2.0505
119.1556,0.4734,2.0393
119.1558,0.497,2.1411
119.1560,0.5223,2.2459
119.1562,0.6587,2.8326
119.1564,0.6727,2.8938
119.1566,0.6217,2.6745
119.1568,0.6239,2.6851
119.1570,0.6306,2.714
119.1572,0.6557,2.8171
119.1574,0.7014,3.0119
119.1576,0.7448,3.2013
119.1578,0.721,3.0987
119.1580,0.6911,2.9718
119.1582,0.7505,3.221
119.1584,0.8607,3.694
119.1586,0.8884,3.8075
119.1588,0.9145,3.9232
119.1590,0.8808,3.7769
119.1592,0.8759,3.7576
119.1594,0.8657,3.7121
119.1596,0.8562,3.6715
119.1598,0.871,3.7365
119.1600,0.9183,3.9378
119.1602,0.9334,4.0026
119.1604,0.9315,3.9869
119.1606,0.9989,4.2753
119.1608,1.0698,4.5679
119.1610,1.1261,4.8176
119.1612,1.0513,4.4975
119.1614,1.1017,4.7195
119.1616,1.0053,4.3045
119.1618,1.0195,4.3595
119.1620,1.0567,4.5206
119.1622,1.0614,4.5427
119.1624,1.0079,4.3239
119.1626,0.8679,3.7283
119.1628,0.8428,3.619
119.1630,0.8797,3.7811
119.1632,0.8051,3.4605
119.1634,0.7983,3.4264
119.1636,0.8368,3.5949
119.1638,0.7971,3.4212
119.1640,0.8358,3.5924
119.1642,0.8078,3.4735
119.1644,0.7911,3.3971
119.1646,0.8501,3.6555
119.1648,0.8014,3.4477
119.1650,0.7718,3.3126
119.1652,0.8191,3.5236
119.1654,0.7053,3.0355
119.1656,0.7382,3.1715
119.1658,0.8393,3.6057
119.1660,0.7844,3.3729
119.1662,0.82,3.5244
119.1664,0.8393,3.604
119.1666,0.8526,3.6612
119.1668,0.8121,3.4888
119.1670,0.7649,3.2889
119.1672,0.764,3.2853
119.1674,0.7894,3.3914
119.1676,0.8472,3.638
119.1678,0.8581,3.6849
119.1680,0.8527,3.6668
119.1682,0.7762,3.3394
119.1684,0.7845,3.3687
119.1686,0.8254,3.546
119.1688,0.7872,3.3879
119.1690,0.6808,2.9302
119.1692,0.6737,2.9011
119.1694,0.7065,3.0392
119.1696,0.7622,3.276
119.1698,0.7705,3.3147
119.1700,0.7671,3.3018
119.1702,0.6998,3.0145
119.1704,0.676,2.9096
119.1706,0.6816,2.9324
119.1708,0.7412,3.1873
119.1710,0.7682,3.3095
119.1712,0.6482,2.7963
119.1714,0.5797,2.4975
119.1716,0.5747,2.4781
119.1718,0.5723,2.4666
119.1720,0.6249,2.6885
119.1722,0.6457,2.7803
119.1724,0.6451,2.7803
119.1726,0.6302,2.7187
119.1728,0.5905,2.5416
119.1730,0.6301,2.7157
119.1732,0.5442,2.3468
119.1734,0.5289,2.2806
119.1736,0.5273,2.2728
119.1738,0.5295,2.2832
119.1740,0.5336,2.3029
119.1742,0.5375,2.3167
119.1744,0.5685,2.4512
119.1746,0.5326,2.2966
119.1748,0.5769,2.4885
119.1750,0.5284,2.2785
119.1752,0.578,2.4902
119.1754,0.6197,2.667
119.1756,0.6068,2.6166
119.1758,0.5269,2.2739
119.1760,0.5185,2.2377
119.1762,0.5298,2.2858
119.1764,0.5349,2.3054
119.1766,0.5331,2.2997
119.1768,0.517,2.2304
119.1770,0.5111,2.203
119.1772,0.551,2.3757
119.1774,0.5671,2.4455
119.1776,0.5538,2.3903
119.1778,0.5421,2.3385
119.1780,0.533,2.295
119.1782,0.5989,2.5765
119.1784,0.667,2.8722
119.1786,0.6559,2.8189
119.1788,0.7001,3.0133
119.1790,0.6668,2.8685
119.1792,0.7083,3.0427
119.1794,0.7218,3.1067
119.1796,0.7133,3.0658
119.1798,0.7061,3.0391
119.1800,0.624,2.6893
119.1802,0.6143,2.6438
119.1804,0.6363,2.7387
119.1806,0.6504,2.7978
119.1808,0.7421,3.185
119.1810,0.8325,3.583
119.1812,0.7476,3.2176
119.1814,0.69,2.9699
119.1816,0.6637,2.8551
119.1818,0.6628,2.8515
119.1820,0.6802,2.9276
119.1822,0.7204,3.0976
119.1824,0.7656,3.2935
119.1826,0.7378,3.1768
119.1828,0.6694,2.8825
119.1830,0.6839,2.9409
119.1832,0.6868,2.9574
119.1834,0.5959,2.5672
119.1836,0.5787,2.4951
119.1838,0.5767,2.4857
119.1840,0.6096,2.6212
119.1842,0.7296,3.1373
119.1844,0.7363,3.1677
119.1846,0.7147,3.0734
119.1848,0.77,3.3064
119.1850,0.7794,3.3513
119.1852,0.7439,3.1987
119.1854,0.7625,3.2786
119.1856,0.7259,3.1242
119.1858,0.698,3.004
119.1860,0.6687,2.8781
119.1862,0.6611,2.8469
119.1864,0.6806,2.9251
119.1866,0.7572,3.2544
119.1868,0.6946,2.9854
119.1870,0.6753,2.9078
119.1872,0.5994,2.5822
119.1874,0.6537,2.8123
119.1876,0.7218,3.1081
119.1878,0.6716,2.8905
119.1880,0.6315,2.7206
119.1882,0.582,2.5096
119.1884,0.5682,2.4524
119.1886,0.4941,2.1316
119.1888,0.5267,2.2713
119.1890,0.4787,2.0687
119.1892,0.4369,1.8866
119.1894,0.4771,2.0582
119.1896,0.5442,2.3468
119.1898,0.5111,2.203
119.1900,0.5048,2.1726
119.1902,0.6029,2.5935
119.1904,0.6366,2.741
119.1906,0.6468,2.7836
119.1908,0.6978,2.9993
119.1910,0.7478,3.2172
119.1912,0.7143,3.0742
119.1914,0.7155,3.0722
119.1916,0.7975,3.4212
119.1918,0.8611,3.6943
119.1920,0.8366,3.5922
119.1922,0.8429,3.6178
119.1924,0.847,3.637
119.1926,0.8295,3.5635
119.1928,0.8469,3.6415
119.1930,0.7538,3.2369
119.1932,0.7974,3.4222
119.1934,0.846,3.6362
119.1936,0.8092,3.4716
119.1938,0.8671,3.7183
119.1940,0.9259,3.9702
119.1942,0.9626,4.1275
119.1944,0.9519,4.0799
119.1946,0.9586,4.1144
119.1948,0.8795,3.773
119.1950,0.8373,3.5953
119.1952,0.8344,3.5863
119.1954,0.8354,3.5854
119.1956,0.8676,3.7238
119.1958,0.7723,3.3209
119.1960,0.7719,3.3147
119.1962,0.8471,3.6409
119.1964,0.747,3.2166
119.1966,0.6992,3.0092
119.1968,0.7013,3.0212
119.1970,0.702,3.0201
119.1972,0.7669,3.2977
119.1974,0.787,3.3811
119.1976,0.8277,3.5508
119.1978,0.8398,3.6061
119.1980,0.7886,3.3926
119.1982,0.7634,3.2797
119.1984,0.7836,3.3693
119.1986,0.7792,3.3523
119.1988,0.7729,3.325
119.1990,0.7778,3.3384
119.1992,0.8374,3.5991
119.1994,0.7616,3.275
119.1996,0.7794,3.3513
119.1998,0.782,3.3642
119.2000,0.7869,3.3838
119.2002,0.7948,3.4178
119.2004,0.7396,3.1831
119.2006,0.7422,3.19
119.2008,0.7812,3.3575
119.2010,0.7717,3.3229
119.2012,0.715,3.0758
119.2014,0.7114,3.0575
119.2016,0.7553,3.2492
119.2018,0.738,3.1705
119.2020,0.7523,3.2408
119.2022,0.683,2.9381
119.2024,0.7428,3.2
119.2026,0.6734,2.8955
119.2028,0.7328,3.1542
119.2030,0.6745,2.9082
119.2032,0.6313,2.7196
119.2034,0.6965,3.002
119.2036,0.6301,2.7144
119.2038,0.6482,2.7859
119.2040,0.8252,3.5466
119.2042,0.7861,3.3849
119.2044,0.6741,2.9026
119.2046,0.6308,2.72
119.2048,0.6117,2.6391
119.2050,0.6043,2.6022
119.2052,0.6272,2.7033
119.2054,0.6695,2.8817
119.2056,0.6843,2.9534
119.2058,0.5123,2.2103
119.2060,0.5131,2.2134
119.2062,0.4783,2.0643
119.2064,0.4995,2.1539
119.2066,0.5764,2.4842
119.2068,0.5536,2.3904
119.2070,0.4867,2.1015
119.2072,0.5586,2.4088
119.2074,0.5177,2.2335
119.2076,0.4601,1.9856
119.2078,0.504,2.173
119.2080,0.535,2.3059
119.2082,0.5561,2.4002
119.2084,0.5492,2.3701
119.2086,0.55,2.3727
119.2088,0.5522,2.3798
119.2090,0.5501,2.3721
119.2092,0.5694,2.4542
119.2094,0.5161,2.2273
119.2096,0.4647,2.0049
119.2098,0.4707,2.0336
119.2100,0.4697,2.028
119.2102,0.4795,2.0695
119.2104,0.4634,2.0001
119.2106,0.4641,2.0051
119.2108,0.4592,1.982
119.2110,0.459,1.981
119.2112,0.55,2.3749
119.2114,0.4778,2.0632
119.2116,0.4369,1.8875
119.2118,0.4326,1.8663
119.2120,0.4442,1.9182
119.2122,0.4426,1.9101
119.2124,0.4541,1.958
119.2126,0.4884,2.1058
119.2128,0.4367,1.8839
119.2130,0.4496,1.9388
119.2132,0.4639,2.0022
119.2134,0.4885,2.1073
119.2136,0.538,2.3177
119.2138,0.5703,2.4567
119.2140,0.5778,2.4915
119.2142,0.5459,2.3518
119.2144,0.5717,2.4629
119.2146,0.4987,2.1513
119.2148,0.4725,2.0385
119.2150,0.4505,1.9433
119.2152,0.4547,1.9615
119.2154,0.511,2.2046
119.2156,0.4653,2.0066
119.2158,0.4459,1.9228
119.2160,0.5641,2.4303
119.2162,0.58,2.4985
119.2164,0.5495,2.3684
119.2166,0.5281,2.2759
119.2168,0.5351,2.3064
119.2170,0.555,2.3888
119.2172,0.6366,2.7385
119.2174,0.6911,2.9732
119.2176,0.653,2.8079
119.2178,0.6665,2.8648
119.2180,0.6934,2.9816
119.2182,0.7195,3.0897
119.2184,0.7759,3.3332
119.2186,0.7209,3.1011
119.2188,0.7083,3.0441
119.2190,0.7451,3.2023
119.2192,0.7185,3.0879
119.2194,0.7095,3.0479
119.2196,0.7573,3.2504
119.2198,0.7923,3.4038
119.2200,0.7442,3.2002
119.2202,0.7417,3.1924
119.2204,0.6753,2.9065
119.2206,0.6475,2.7893
119.2208,0.5748,2.4786
119.2210,0.5646,2.4324
119.2212,0.5986,2.5762
119.2214,0.639,2.7488
119.2216,0.595,2.5631
119.2218,0.6039,2.603
119.2220,0.5644,2.4325
119.2222,0.5629,2.4229
119.2224,0.6298,2.7071
119.2226,0.7216,3.1057
119.2228,0.5755,2.4794
119.2230,0.5635,2.4266
119.2232,0.5945,2.5598
119.2234,0.6427,2.7609
119.2236,0.6948,2.9878
119.2238,0.7338,3.1524
119.2240,0.7688,3.3028
119.2242,0.777,3.3363
119.2244,0.8607,3.6871
119.2246,0.9289,3.9812
119.2248,0.9204,3.9484
119.2250,0.9144,3.9209
119.2252,0.9135,3.9154
119.2254,0.9055,3.8846
119.2256,0.9072,3.8936
119.2258,0.8689,3.726
119.2260,0.8738,3.7453
119.2262,0.9271,3.9735
119.2264,0.9445,4.0461
119.2266,1.0252,4.3898
119.2268,1.0409,4.4633
119.2270,0.9623,4.1227
119.2272,0.9478,4.0624
119.2274,0.9623,4.1227
119.2276,0.9842,4.2102
119.2278,1.0103,4.3342
119.2280,0.9156,3.9315
119.2282,0.8715,3.7403
119.2284,0.8762,3.7609
119.2286,0.8647,3.7184
119.2288,0.8157,3.501
119.2290,0.8755,3.7595
119.2292,0.823,3.534
119.2294,0.7681,3.3028
119.2296,0.7765,3.3389
119.2298,0.8217,3.5251
119.2300,0.9303,3.9892
119.2302,0.8749,3.7587
119.2304,0.8306,3.5665
119.2306,0.873,3.7487
119.2308,0.8176,3.519
119.2310,0.7416,3.1904
119.2312,0.7676,3.3038
119.2314,0.7583,3.2621
119.2316,0.7574,3.2569
119.2318,0.8167,3.5067
119.2320,0.8181,3.5178
119.2322,0.7842,3.3672
119.2324,0.8075,3.4692
119.2326,0.7774,3.343
119.2328,0.7926,3.4096
119.2330,0.78,3.3523
119.2332,0.7682,3.3079
119.2334,0.7261,3.1224
119.2336,0.7742,3.3307
119.2338,0.7018,3.0149
119.2340,0.7408,3.1897
119.2342,0.721,3.1002
119.2344,0.8096,3.4828
119.2346,0.7549,3.2506
119.2348,0.6924,2.9816
119.2350,0.673,2.8913
119.2352,0.7029,3.0266
119.2354,0.6608,2.8453
119.2356,0.6809,2.9293
119.2358,0.7104,3.0577
119.2360,0.7044,3.0347
119.2362,0.6465,2.7878
119.2364,0.5764,2.4865
119.2366,0.571,2.4609
119.2368,0.6533,2.8107
119.2370,0.7245,3.118
119.2372,0.6528,2.812
119.2374,0.6469,2.7854
119.2376,0.7097,3.0503
119.2378,0.7856,3.3781
119.2380,0.7791,3.3502
119.2382,0.7764,3.3368
119.2384,0.7657,3.294
119.2386,0.7211,3.1007
119.2388,0.7224,3.1122
119.2390,0.6465,2.7826
119.2392,0.6768,2.9118
119.2394,0.7152,3.0812
119.2396,0.694,2.9911
119.2398,0.6275,2.7031
119.2400,0.642,2.7617
119.2402,0.7532,3.2359
119.2404,0.8033,3.4544
119.2406,0.7655,3.2961
119.2408,0.6693,2.8833
119.2410,0.6656,2.8686
119.2412,0.6496,2.7986
119.2414,0.6468,2.7849
119.2416,0.6947,2.9928
119.2418,0.6054,2.6129
119.2420,0.5322,2.2961
119.2422,0.5325,2.2961
119.2424,0.5394,2.3272
119.2426,0.5266,2.2718
119.2428,0.5297,2.2853
119.2430,0.5665,2.4429
119.2432,0.5628,2.4269
119.2434,0.5633,2.4256
119.2436,0.6598,2.8386
119.2438,0.59,2.5419
119.2440,0.5414,2.3354
119.2442,0.5387,2.323
119.2444,0.5358,2.3084
119.2446,0.5727,2.4704
119.2448,0.536,2.3122
119.2450,0.5344,2.3044
119.2452,0.5378,2.3199
119.2454,0.5319,2.2924
119.2456,0.5356,2.3085
119.2458,0.5725,2.4608
119.2460,0.7029,3.0294
119.2462,0.6271,2.7053
119.2464,0.5448,2.3493
119.2466,0.6025,2.5932
119.2468,0.6917,2.9744
119.2470,0.7131,3.0704
119.2472,0.6942,2.988
119.2474,0.6832,2.9391
119.2476,0.6474,2.7862
119.2478,0.6316,2.7224
119.2480,0.6363,2.74
119.2482,0.6203,2.6733
119.2484,0.5734,2.4724
119.2486,0.5663,2.4396
119.2488,0.591,2.5425
119.2490,0.6577,2.8306
119.2492,0.6673,2.8759
119.2494,0.6153,2.6509
119.2496,0.6484,2.7896
119.2498,0.6524,2.8092
119.2500,0.6168,2.6571
119.2502,0.6412,2.7586
119.2504,0.6725,2.8959
119.2506,0.6165,2.6573
119.2508,0.6328,2.7263
119.2510,0.6126,2.639
119.2512,0.6236,2.684
119.2514,0.6634,2.8554
119.2516,0.6664,2.8683
119.2518,0.643,2.7741
119.2520,0.5036,2.1745
119.2522,0.4802,2.0716
119.2524,0.4837,2.0876
119.2526,0.4809,2.0747
119.2528,0.4765,2.0565
119.2530,0.4765,2.0565
119.2532,0.476,2.0516
119.2534,0.5131,2.2103
119.2536,0.5327,2.2971
119.2538,0.5113,2.2066
119.2540,0.4761,2.054
119.2542,0.4761,2.0559
119.2544,0.4716,2.0363
119.2546,0.4953,2.1328
119.2548,0.5619,2.4205
119.2550,0.5486,2.3643
119.2552,0.5303,2.2889
119.2554,0.4753,2.0485
119.2556,0.518,2.2304
119.2558,0.5622,2.4243
119.2560,0.5637,2.4271
119.2562,0.5788,2.4922
119.2564,0.596,2.5653
119.2566,0.6204,2.6701
119.2568,0.6267,2.6962
119.2570,0.6921,2.9759
119.2572,0.7286,3.1274
119.2574,0.7908,3.386
119.2576,0.9627,4.128
119.2578,0.9649,4.1354
119.2580,0.9846,4.2123
119.2582,1.05,4.4918
119.2584,1.0596,4.5329
119.2586,1.0512,4.5012
119.2588,0.9754,4.1767
119.2590,1.0135,4.3379
119.2592,1.0439,4.4699
119.2594,1.04,4.4534
119.2596,1.0663,4.5595
119.2598,1.0747,4.5954
119.2600,1.1601,4.9534
119.2602,1.1476,4.9186
119.2604,0.9906,4.2478
119.2606,0.9963,4.268
119.2608,1.0404,4.4529
119.2610,1.0704,4.5898
119.2612,0.9211,3.9552
119.2614,0.8344,3.5829
119.2616,0.8273,3.5592
119.2618,0.7535,3.2369
119.2620,0.8301,3.5627
119.2622,0.888,3.8148
119.2624,0.8481,3.6467
119.2626,0.7797,3.3528
119.2628,0.8391,3.6064
119.2630,0.8018,3.4445
119.2632,0.8164,3.509
119.2634,0.7867,3.3827
119.2636,0.7707,3.3126
119.2638,0.8065,3.4662
119.2640,0.8421,3.6159
119.2642,0.8387,3.6065
119.2644,0.7942,3.4168
119.2646,0.7808,3.3559
119.2648,0.8008,3.4356
119.2650,0.8772,3.7702
119.2652,0.8378,3.6024
119.2654,0.862,3.7013
119.2656,0.8903,3.8228
119.2658,0.905,3.8807
119.2660,0.9545,4.0969
119.2662,0.915,3.9307
119.2664,0.8748,3.7617
119.2666,0.7394,3.1855
119.2668,0.7089,3.0538
119.2670,0.7091,3.0534
119.2672,0.699,3.0114
119.2674,0.6735,2.9014
119.2676,0.6807,2.931
119.2678,0.699,3.0072
119.2680,0.7447,3.2067
119.2682,0.6904,2.977
119.2684,0.6224,2.6851
119.2686,0.6354,2.7371
119.2688,0.6474,2.7888
119.2690,0.6147,2.652
119.2692,0.5858,2.5262
119.2694,0.5773,2.4883
119.2696,0.5809,2.505
119.2698,0.5947,2.562
119.2700,0.6454,2.7792
119.2702,0.7078,3.0491
119.2704,0.6683,2.8819
119.2706,0.5577,2.4069
119.2708,0.5128,2.2144
119.2710,0.5249,2.2635
119.2712,0.5621,2.4204
119.2714,0.5739,2.4756
119.2716,0.5141,2.219
119.2718,0.5404,2.3324
119.2720,0.5328,2.3019
119.2722,0.4604,1.989
119.2724,0.445,1.9222
119.2726,0.4446,1.9189
119.2728,0.4453,1.9229
119.2730,0.4498,1.942
119.2732,0.4472,1.9312
119.2734,0.4474,1.9326
119.2736,0.4492,1.9404
119.2738,0.4432,1.9145
119.2740,0.4481,1.9339
119.2742,0.4482,1.9362
119.2744,0.4878,2.1043
119.2746,0.5264,2.2698
119.2748,0.4805,2.0746
119.2750,0.4606,1.9887
119.2752,0.4693,2.0255
119.2754,0.4544,1.9604
119.2756,0.5101,2.1984
119.2758,0.5056,2.1823
119.2760,0.4385,1.8925
119.2762,0.4447,1.9186
119.2764,0.4628,1.9967
119.2766,0.453,1.9561
119.2768,0.4872,2.1007
119.2770,0.6013,2.5905
119.2772,0.5971,2.5736
119.2774,0.5666,2.4407
119.2776,0.5737,2.4717
119.2778,0.5648,2.4318
119.2780,0.5693,2.4503
119.2782,0.5755,2.4794
119.2784,0.5695,2.4559
119.2786,0.5767,2.4869
119.2788,0.5586,2.4088
119.2790,0.5441,2.3441
119.2792,0.5547,2.3907
119.2794,0.6026,2.5926
119.2796,0.6544,2.8115
119.2798,0.6914,2.9729
119.2800,0.6727,2.8938
119.2802,0.6447,2.7775
119.2804,0.6656,2.866
119.2806,0.5947,2.5621
119.2808,0.6078,2.6172
119.2810,0.5811,2.5044
119.2812,0.5621,2.4205
119.2814,0.6023,2.5934
119.2816,0.6616,2.8477
119.2818,0.6494,2.795
119.2820,0.6102,2.6287
119.2822,0.5813,2.5054
119.2824,0.5878,2.531
119.2826,0.6074,2.6156
119.2828,0.6042,2.5993
119.2830,0.6475,2.7868
119.2832,0.6413,2.7574
119.2834,0.664,2.8593
119.2836,0.665,2.8621
119.2838,0.6808,2.9289
119.2840,0.659,2.8337
119.2842,0.67,2.8851
119.2844,0.6625,2.8486
119.2846,0.7034,3.0259
119.2848,0.6496,2.7961
119.2850,0.6731,2.8999
119.2852,0.5758,2.4839
119.2854,0.4941,2.1317
119.2856,0.4932,2.1236
119.2858,0.6002,2.5847
119.2860,0.5872,2.5307
119.2862,0.5713,2.4636
119.2864,0.4998,2.156
119.2866,0.4848,2.0913
119.2868,0.4863,2.099
119.2870,0.4823,2.0766
119.2872,0.5829,2.5133
119.2874,0.529,2.2822
119.2876,0.5078,2.1845
119.2878,0.6008,2.5896
119.2880,0.5383,2.3188
119.2882,0.564,2.4321
119.2884,0.5246,2.2557
119.2886,0.5842,2.5213
119.2888,0.5007,2.1591
119.2890,0.5682,2.4457
119.2892,0.5847,2.5164
119.2894,0.6235,2.6811
119.2896,0.6802,2.9236
119.2898,0.6818,2.9289
119.2900,0.7164,3.0749
119.2902,0.7765,3.3328
119.2904,0.9053,3.8873
119.2906,0.8337,3.5799
119.2908,0.7594,3.2668
119.2910,0.688,2.9612
119.2912,0.6737,2.8971
119.2914,0.6686,2.8736
119.2916,0.6806,2.9292
119.2918,0.6154,2.6509
119.2920,0.6363,2.7362
119.2922,0.6884,2.9573
119.2924,0.7546,3.2356
119.2926,0.8899,3.8143
119.2928,0.9586,4.1087
119.2930,0.9459,4.0524
119.2932,0.9833,4.2166
119.2934,0.942,4.0392
119.2936,0.982,4.2031
119.2938,1.0124,4.341
119.2940,0.9417,4.0419
119.2942,0.9715,4.1637
119.2944,0.9434,4.0416
119.2946,0.891,3.826
119.2948,0.783,3.3652
119.2950,0.7855,3.3714
119.2952,0.8562,3.675
119.2954,0.8158,3.5065
119.2956,0.7668,3.2972
